{"sensorType":"Leap","data":[[0,{"currentFrameRate":103.121,"devices":[],"gestures":[],"hands":[{"armBasis":[[0.925182,-0.00393321,-0.379504],[0.127434,0.945112,0.300872],[0.35749,-0.326723,0.874902]],"armWidth":63.5437,"confidence":0.675893,"direction":[-0.120047,0.720054,-0.683456],"elbow":[173.043,134.625,295.072],"grabStrength":0,"id":711,"palmNormal":[-0.20561,-0.691541,-0.692457],"palmPosition":[62.0539,258.828,21.4714],"palmVelocity":[90.132,78.9623,-104.269],"palmWidth":90.7382,"pinchStrength":0.84325,"r":[[0.881383,0.130396,0.45405],[-0.20294,0.972454,0.114666],[-0.426591,-0.19321,0.883567]],"s":0.862598,"sphereCenter":[59.402,238.779,-25.7213],"sphereRadius":48.5563,"stabilizedPalmPosition":[41.9444,241.423,52.1088],"t":[70.6407,56.5487,-112.407],"timeVisible":0.478938,"type":"right","wrist":[76.7873,222.596,59.5025]}],"id":4311907,"interactionBox":{"center":[0,200,0],"size":[235.247,235.247,147.751]},"pointables":[{"bases":[[[0.551303,0.735942,0.393007],[-0.642849,0.0744487,0.762366],[0.531798,-0.672939,0.514143]],[[0.315428,0.932693,0.174896],[-0.772612,0.145403,0.618004],[0.550978,-0.330062,0.766474]],[[0.315428,0.932693,0.174896],[-0.938062,0.278628,0.20593],[0.143339,-0.229019,0.962811]],[[0.315428,0.932693,0.174896],[-0.921079,0.345258,-0.180027],[-0.228294,-0.104307,0.967989]]],"btipPosition":[20.398,240.974,-32.5372],"carpPosition":[47.3709,214.323,60.946],"dipPosition":[15.0699,238.54,-9.94544],"direction":[-0.143339,0.229019,-0.962811],"extended":false,"handId":711,"id":7110,"length":51.9721,"mcpPosition":[47.3709,214.323,60.946],"pipPosition":[19.9435,230.753,22.7913],"stabilizedTipPosition":[1.89552,230.897,-4.52903],"timeVisible":0.478938,"tipPosition":[18.8213,239.878,-27.6476],"tipVelocity":[113.09,69.6661,-102.572],"tool":false,"touchDistance":-0.499378,"touchZone":"touching","type":0,"width":20.194},{"bases":[[[0.937299,0.0643153,-0.34254],[0.161589,0.790616,0.590606],[0.308803,-0.608925,0.730651]],[[0.967404,-0.00865799,-0.253091],[0.131625,0.870999,0.473323],[0.216344,-0.491208,0.843748]],[[0.967404,-0.00865799,-0.253091],[0.0872315,0.949644,0.300943],[0.237741,-0.313211,0.919444]],[[0.967404,-0.00865799,-0.253091],[0.0510316,0.985578,0.161345],[0.248044,-0.169001,0.953893]]],"btipPosition":[16.0297,311.177,-62.8718],"carpPosition":[57.9109,235.029,65.2968],"dipPosition":[20.2559,308.298,-46.6191],"direction":[-0.237741,0.313211,-0.919444],"extended":true,"handId":711,"id":7111,"length":58.6448,"mcpPosition":[35.2552,279.703,11.6919],"pipPosition":[25.9863,300.748,-24.4572],"stabilizedTipPosition":[-0.663188,297.778,-30.7696],"timeVisible":0.478938,"tipPosition":[18.1829,310.295,-59.4278],"tipVelocity":[66.8085,43.3745,-126.01],"tool":false,"touchDistance":-0.50561,"touchZone":"touching","type":1,"width":19.2893},{"bases":[[[0.92903,-0.154273,-0.336309],[0.324465,0.776546,0.540091],[0.177838,-0.610881,0.771491]],[[0.934849,-0.176245,-0.308214],[-0.00841239,0.856855,-0.515489],[0.354947,0.484497,0.799547]],[[0.934849,-0.176245,-0.308214],[-0.322333,-0.0573362,-0.944888],[0.14886,0.982675,-0.11041]],[[0.934849,-0.176245,-0.308214],[-0.352579,-0.563001,-0.747474],[-0.0417861,0.807445,-0.588461]]],"btipPosition":[36.5167,213.726,-16.2402],"carpPosition":[69.3893,237.51,61.7093],"dipPosition":[35.7337,228.857,-27.2679],"direction":[-0.14886,-0.982675,0.11041],"extended":false,"handId":711,"id":7112,"length":66.821,"mcpPosition":[57.0162,280.012,8.0329],"pipPosition":[39.955,256.724,-30.3989],"stabilizedTipPosition":[5.8293,194.228,32.6486],"timeVisible":0.478938,"tipPosition":[36.7306,216.631,-17.2099],"tipVelocity":[103.664,74.9606,-130.979],"tool":false,"touchDistance":0.333333,"touchZone":"none","type":2,"width":18.9446},{"bases":[[[0.917953,-0.300586,-0.258863],[0.395515,0.743671,0.539001],[0.0304928,-0.597162,0.801541]],[[0.91744,-0.292246,-0.269993],[0.106233,0.83388,-0.541626],[0.38343,0.468227,0.796081]],[[0.91744,-0.292246,-0.269993],[-0.295874,-0.0474274,-0.954049],[0.266012,0.955166,-0.12998]],[[0.91744,-0.292246,-0.269993],[-0.39079,-0.534393,-0.749472],[0.0747478,0.793106,-0.60448]]],"btipPosition":[53.1306,212.103,-13.223],"carpPosition":[80.8609,236.826,57.4632],"dipPosition":[54.5234,226.88,-24.4858],"direction":[-0.266012,-0.955167,0.12998],"extended":false,"handId":711,"id":7113,"length":64.2502,"mcpPosition":[78.9561,274.129,7.39358],"pipPosition":[61.872,253.267,-28.0766],"stabilizedTipPosition":[32.5936,199.021,15.9977],"timeVisible":0.478938,"tipPosition":[53.819,214.766,-14.4246],"tipVelocity":[103.829,87.211,-129.91],"tool":false,"touchDistance":0.333333,"touchZone":"none","type":3,"width":18.027},{"bases":[[[0.837259,-0.486397,-0.24983],[0.534605,0.632166,0.560859],[-0.114866,-0.603145,0.789317]],[[0.833463,-0.504162,-0.226187],[0.32301,0.776631,-0.54084],[0.448335,0.377709,0.810143]],[[0.833463,-0.504162,-0.226187],[-0.256736,0.00915569,-0.966438],[0.489312,0.863561,-0.121806]],[[0.833463,-0.504162,-0.226187],[-0.471762,-0.436095,-0.76633],[0.287715,0.745414,-0.601314]]],"btipPosition":[67.4621,221.214,-10.3389],"carpPosition":[91.1183,229.312,51.1581],"dipPosition":[72.4077,234.026,-20.6749],"direction":[-0.489312,-0.863561,0.121806],"extended":false,"handId":711,"id":7114,"length":50.3709,"mcpPosition":[97.7604,264.188,5.51603],"pipPosition":[81.9516,250.87,-23.0507],"stabilizedTipPosition":[59.5761,216.102,-0.824912],"timeVisible":0.478938,"tipPosition":[68.9239,223.34,-11.7101],"tipVelocity":[100.101,101.426,-132.525],"tool":false,"touchDistance":0.333333,"touchZone":"none","type":4,"width":16.013}],"r":[[0.881383,0.130396,0.45405],[-0.20294,0.972454,0.114666],[-0.426591,-0.19321,0.883567]],"s":0.862598,"t":[70.6407,56.5487,-112.407],"timestamp":524063802362},false],[1,{"currentFrameRate":103.447,"devices":[],"gestures":[],"hands":[{"armBasis":[[0.9239,-0.00264967,-0.382626],[0.126764,0.945625,0.29954],[0.361027,-0.325248,0.873998]],"armWidth":63.5437,"confidence":0.678062,"direction":[-0.120014,0.717658,-0.685976],"elbow":[174.747,135.98,294.203],"grabStrength":0,"id":711,"palmNormal":[-0.204418,-0.694028,-0.690318],"palmPosition":[62.8115,259.646,20.7104],"palmVelocity":[88.3596,82.1178,-98.7006],"palmWidth":90.7382,"pinchStrength":0.847312,"r":[[0.879628,0.133572,0.456523],[-0.205534,0.972272,0.11155],[-0.428964,-0.191954,0.882691]],"s":0.859865,"sphereCenter":[59.7195,239.548,-26.2963],"sphereRadius":48.3958,"stabilizedPalmPosition":[44.1144,243.318,48.8437],"t":[71.3945,57.2794,-113.21],"timeVisible":0.487988,"type":"right","wrist":[77.5399,223.554,58.8762]}],"id":4311908,"interactionBox":{"center":[0,200,0],"size":[235.247,235.247,147.751]},"pointables":[{"bases":[[[0.550347,0.737707,0.391033],[-0.6436,0.0764801,0.761531],[0.53188,-0.670775,0.516879]],[[0.315682,0.932942,0.173101],[-0.772709,0.146885,0.617532],[0.550696,-0.3287,0.767261]],[[0.315682,0.932942,0.173101],[-0.937884,0.279119,0.206075],[0.14394,-0.227403,0.963104]],[[0.315682,0.932942,0.173101],[-0.920252,0.345487,-0.183778],[-0.231258,-0.101281,0.967606]]],"btipPosition":[21.2188,241.72,-33.2025],"carpPosition":[48.129,215.261,60.3209],"dipPosition":[15.8215,239.356,-10.6197],"direction":[-0.14394,0.227403,-0.963104],"extended":false,"handId":711,"id":7110,"length":51.9721,"mcpPosition":[48.129,215.261,60.3209],"pipPosition":[20.7156,231.624,22.127],"stabilizedTipPosition":[5.00305,232.663,-8.56418],"timeVisible":0.487988,"tipPosition":[19.6527,240.617,-28.3208],"tipVelocity":[106.427,73.6664,-94.6202],"tool":false,"touchDistance":-0.487785,"touchZone":"touching","type":0,"width":20.194},{"bases":[[[0.937556,0.0639324,-0.341907],[0.16041,0.792725,0.588095],[0.308637,-0.606218,0.732969]],[[0.966944,-0.00655729,-0.254906],[0.13019,0.872249,0.471415],[0.21925,-0.489018,0.844269]],[[0.966944,-0.00655729,-0.254906],[0.0853554,0.950323,0.299335],[0.24028,-0.311198,0.919468]],[[0.966944,-0.00655729,-0.254906],[0.0488645,0.985907,0.159997],[0.250265,-0.167164,0.953637]]],"btipPosition":[16.5555,311.767,-63.7455],"carpPosition":[58.6481,235.991,64.6117],"dipPosition":[20.8196,308.919,-47.4971],"direction":[-0.24028,0.311198,-0.919468],"extended":true,"handId":711,"id":7111,"length":58.6448,"mcpPosition":[36.0047,280.467,10.8367],"pipPosition":[26.6112,301.418,-25.3347],"stabilizedTipPosition":[0.0624578,298.31,-31.9354],"timeVisible":0.487988,"tipPosition":[18.7172,310.876,-60.3122],"tipVelocity":[64.6735,49.6016,-117.912],"tool":false,"touchDistance":-0.496503,"touchZone":"touching","type":1,"width":19.2893},{"bases":[[[0.929459,-0.154641,-0.33495],[0.323343,0.778619,0.537775],[0.177636,-0.608143,0.773697]],[[0.935277,-0.176537,-0.306745],[-0.0067707,0.857629,-0.514224],[0.353853,0.483019,0.800925]],[[0.935277,-0.176537,-0.306745],[-0.320603,-0.0555066,-0.945586],[0.149904,0.982728,-0.108512]],[[0.935277,-0.176537,-0.306745],[-0.351593,-0.562629,-0.748218],[-0.0404956,0.80764,-0.588283]]],"btipPosition":[37.268,214.561,-17.2001],"carpPosition":[70.1277,238.469,61.0263],"dipPosition":[36.5091,229.696,-28.2245],"direction":[-0.149904,-0.982728,0.108512],"extended":false,"handId":711,"id":7112,"length":66.821,"mcpPosition":[57.7687,280.781,7.19638],"pipPosition":[40.76,257.564,-31.3017],"stabilizedTipPosition":[7.25183,195.311,30.2651],"timeVisible":0.487988,"tipPosition":[37.4796,217.462,-18.1865],"tipVelocity":[98.1357,79.7509,-124.083],"tool":false,"touchDistance":0.333333,"touchZone":"none","type":2,"width":18.9446},{"bases":[[[0.918432,-0.300701,-0.257023],[0.39442,0.745798,0.53686],[0.030253,-0.594444,0.803568]],[[0.917999,-0.293484,-0.266731],[0.110718,0.83549,-0.538235],[0.380815,0.464567,0.799473]],[[0.917999,-0.293484,-0.266731],[-0.291723,-0.0441058,-0.955485],[0.268656,0.954946,-0.126105]],[[0.917999,-0.293484,-0.266731],[-0.38882,-0.53362,-0.751045],[0.0780872,0.793169,-0.603975]]],"btipPosition":[53.8697,213.055,-14.2875],"carpPosition":[81.6037,237.781,56.7928],"dipPosition":[55.3247,227.834,-25.541],"direction":[-0.268656,-0.954946,0.126105],"extended":false,"handId":711,"id":7113,"length":64.2502,"mcpPosition":[79.7139,274.914,6.59663],"pipPosition":[62.7464,254.214,-29.0247],"stabilizedTipPosition":[34.3385,200.428,13.3433],"timeVisible":0.487988,"tipPosition":[54.5644,215.71,-15.4724],"tipVelocity":[98.1515,92.1987,-126.456],"tool":false,"touchDistance":0.333333,"touchZone":"none","type":3,"width":18.027},{"bases":[[[0.837882,-0.486547,-0.24744],[0.533581,0.634482,0.559218],[-0.11509,-0.600587,0.791233]],[[0.832629,-0.510097,-0.215708],[0.335011,0.77403,-0.537257],[0.441018,0.375071,0.815368]],[[0.832629,-0.510097,-0.215708],[-0.244966,0.0101115,-0.969479],[0.49671,0.860057,-0.116538]],[[0.832629,-0.510097,-0.215708],[-0.466352,-0.435659,-0.769881],[0.29874,0.741621,-0.600627]]],"btipPosition":[68.154,222.234,-11.3843],"carpPosition":[91.873,230.253,50.5223],"dipPosition":[73.289,234.982,-21.7085],"direction":[-0.49671,-0.860057,0.116538],"extended":false,"handId":711,"id":7114,"length":50.3709,"mcpPosition":[98.5281,264.982,4.76944],"pipPosition":[82.9772,251.757,-23.9815],"stabilizedTipPosition":[60.7616,217.203,-2.39615],"timeVisible":0.487988,"tipPosition":[69.6698,224.328,-12.7126],"tipVelocity":[94.9044,104.091,-127.749],"tool":false,"touchDistance":0.333333,"touchZone":"none","type":4,"width":16.013}],"r":[[0.879628,0.133572,0.456523],[-0.205534,0.972272,0.11155],[-0.428964,-0.191954,0.882691]],"s":0.859865,"t":[71.3945,57.2794,-113.21],"timestamp":524063811412},false],[2,{"currentFrameRate":103.744,"devices":[],"gestures":[],"hands":[{"armBasis":[[0.928252,-0.00212391,-0.371946],[0.124504,0.944073,0.305328],[0.350496,-0.32973,0.876602]],"armWidth":63.5437,"confidence":0.682465,"direction":[-0.119032,0.716368,-0.687495],"elbow":[172.512,135.747,294.206],"grabStrength":0,"id":711,"palmNormal":[-0.199785,-0.695536,-0.690156],"palmPosition":[63.4758,260.528,19.9004],"palmVelocity":[84.1571,86.2495,-96.0743],"palmWidth":90.7382,"pinchStrength":0.85414,"r":[[0.877765,0.136698,0.459175],[-0.208192,0.97204,0.108602],[-0.431491,-0.190924,0.881682]],"s":0.857339,"sphereCenter":[60.128,240.47,-26.9642],"sphereRadius":48.2437,"stabilizedPalmPosition":[46.2999,245.261,45.5766],"t":[72.1035,58.0854,-114.017],"timeVisible":0.497068,"type":"right","wrist":[78.1397,224.528,58.1783]}],"id":4311909,"interactionBox":{"center":[0,200,0],"size":[235.247,235.247,147.751]},"pointables":[{"bases":[[[0.546831,0.73968,0.392236],[-0.646928,0.0759056,0.758764],[0.53147,-0.668664,0.520028]],[[0.313616,0.93347,0.174009],[-0.775319,0.145937,0.614477],[0.548202,-0.327622,0.769505]],[[0.313616,0.93347,0.174009],[-0.938856,0.277407,0.203948],[0.142108,-0.22733,0.963393]],[[0.313616,0.93347,0.174009],[-0.919492,0.344289,-0.189738],[-0.237024,-0.100495,0.966292]]],"btipPosition":[22.1553,242.545,-34.1005],"carpPosition":[48.7445,216.161,59.5138],"dipPosition":[16.6234,240.2,-11.5484],"direction":[-0.142108,0.22733,-0.963393],"extended":false,"handId":711,"id":7110,"length":51.9721,"mcpPosition":[48.7445,216.161,59.5138],"pipPosition":[21.4553,232.47,21.2082],"stabilizedTipPosition":[7.92881,234.385,-12.3134],"timeVisible":0.497068,"tipPosition":[20.5823,241.429,-29.2285],"tipVelocity":[104.575,78.5673,-96.0176],"tool":false,"touchDistance":-0.480915,"touchZone":"touching","type":0,"width":20.194},{"bases":[[[0.93879,0.0658627,-0.338135],[0.155944,0.793973,0.587612],[0.307172,-0.604374,0.735104]],[[0.967283,-0.00223072,-0.25369],[0.125744,0.872709,0.471771],[0.220345,-0.488236,0.844437]],[[0.967283,-0.00223072,-0.25369],[0.0808773,0.9505,0.300016],[0.240463,-0.310718,0.919583]],[[0.967283,-0.00223072,-0.25369],[0.0444694,0.985971,0.160886],[0.249772,-0.166903,0.953812]]],"btipPosition":[17.1644,312.515,-64.7086],"carpPosition":[59.1925,236.924,63.8181],"dipPosition":[21.4201,309.672,-48.4573],"direction":[-0.240463,0.310718,-0.919583],"extended":true,"handId":711,"id":7111,"length":58.6448,"mcpPosition":[36.6565,281.265,9.88652],"pipPosition":[27.2161,302.182,-26.2921],"stabilizedTipPosition":[0.768985,298.84,-33.07],"timeVisible":0.497068,"tipPosition":[19.3249,311.609,-61.2824],"tipVelocity":[65.2748,58.7135,-114.615],"tool":false,"touchDistance":-0.489623,"touchZone":"touching","type":1,"width":19.2893},{"bases":[[[0.931227,-0.152721,-0.330897],[0.319119,0.780216,0.537983],[0.17601,-0.60658,0.775295]],[[0.937038,-0.174788,-0.302341],[-0.00394792,0.860382,-0.509635],[0.349206,0.478741,0.80552]],[[0.937038,-0.174788,-0.302341],[-0.31523,-0.0507262,-0.947659],[0.150303,0.983299,-0.102631]],[[0.937038,-0.174788,-0.302341],[-0.34714,-0.56072,-0.751722],[-0.0381367,0.809347,-0.586092]]],"btipPosition":[38.1016,215.567,-18.4898],"carpPosition":[70.6803,239.427,60.2764],"dipPosition":[37.3869,230.734,-29.4732],"direction":[-0.150303,-0.983299,0.102631],"extended":false,"handId":711,"id":7112,"length":66.821,"mcpPosition":[58.4344,281.63,6.33539],"pipPosition":[41.6491,258.618,-32.3835],"stabilizedTipPosition":[8.73775,196.461,27.7818],"timeVisible":0.497068,"tipPosition":[38.3151,218.452,-19.4713],"tipVelocity":[96.6945,88.5726,-128.763],"tool":false,"touchDistance":0.333333,"touchZone":"none","type":2,"width":18.9446},{"bases":[[[0.920254,-0.298698,-0.252807],[0.390284,0.747577,0.537408],[0.0284703,-0.593218,0.804538]],[[0.919886,-0.292166,-0.261625],[0.113101,0.836383,-0.536351],[0.375523,0.463792,0.802421]],[[0.919886,-0.292166,-0.261625],[-0.286177,-0.0439136,-0.95717],[0.268164,0.955359,-0.124007]],[[0.919886,-0.292166,-0.261625],[-0.383947,-0.534886,-0.752649],[0.0799592,0.792802,-0.604211]]],"btipPosition":[54.7673,213.99,-15.2346],"carpPosition":[82.1754,238.762,56.0912],"dipPosition":[56.2571,228.761,-26.4925],"direction":[-0.268164,-0.955359,0.124007],"extended":false,"handId":711,"id":7113,"length":64.2502,"mcpPosition":[80.397,275.818,5.83443],"pipPosition":[63.6652,255.154,-29.9182],"stabilizedTipPosition":[36.0747,201.846,10.7382],"timeVisible":0.497068,"tipPosition":[55.4513,216.653,-16.4579],"tipVelocity":[98.5885,95.1196,-120.359],"tool":false,"touchDistance":0.333333,"touchZone":"none","type":3,"width":18.027},{"bases":[[[0.840143,-0.484737,-0.243288],[0.529637,0.636652,0.560498],[-0.116804,-0.599754,0.791614]],[[0.833378,-0.513662,-0.204041],[0.346576,0.773234,-0.531032],[0.430542,0.371835,0.822419]],[[0.833378,-0.513662,-0.204041],[-0.230754,0.0120967,-0.972937],[0.502229,0.857908,-0.108448]],[[0.833378,-0.513662,-0.204041],[-0.457977,-0.4351,-0.775206],[0.309416,0.739486,-0.597848]]],"btipPosition":[68.9481,223.377,-12.5089],"carpPosition":[92.4898,231.252,49.8738],"dipPosition":[74.2667,236.088,-22.7854],"direction":[-0.502229,-0.857908,0.108448],"extended":false,"handId":711,"id":7114,"length":50.3709,"mcpPosition":[99.244,265.933,4.099],"pipPosition":[84.0625,252.821,-24.9006],"stabilizedTipPosition":[61.8987,218.303,-3.90382],"timeVisible":0.497068,"tipPosition":[70.505,225.449,-13.7965],"tipVelocity":[94.1316,109.873,-126.337],"tool":false,"touchDistance":0.333333,"touchZone":"none","type":4,"width":16.013}],"r":[[0.877765,0.136698,0.459175],[-0.208192,0.97204,0.108602],[-0.431491,-0.190924,0.881682]],"s":0.857339,"t":[72.1035,58.0854,-114.017],"timestamp":524063820492},false],[3,{"currentFrameRate":104.059,"devices":[],"gestures":[],"hands":[{"armBasis":[[0.926959,0.0044002,-0.375137],[0.118896,0.944942,0.304874],[0.355824,-0.327207,0.8754]],"armWidth":63.5437,"confidence":0.688575,"direction":[-0.119493,0.7178,-0.685919],"elbow":[174.498,137.606,292.728],"grabStrength":0,"id":711,"palmNormal":[-0.194561,-0.694404,-0.692784],"palmPosition":[64.0179,261.755,18.7945],"palmVelocity":[77.5403,99.9606,-103.376],"palmWidth":90.7382,"pinchStrength":0.855251,"r":[[0.875826,0.139648,0.461981],[-0.211167,0.971616,0.10663],[-0.433978,-0.190945,0.880456]],"s":0.855178,"sphereCenter":[60.4,241.96,-27.9858],"sphereRadius":48.0832,"stabilizedPalmPosition":[48.4294,247.243,42.3577],"t":[72.7291,59.1021,-114.974],"timeVisible":0.506087,"type":"right","wrist":[78.6917,225.708,57.0238]}],"id":4311910,"interactionBox":{"center":[0,200,0],"size":[235.247,235.247,147.751]},"pointables":[{"bases":[[[0.542471,0.74077,0.396213],[-0.649891,0.0711943,0.756685],[0.532321,-0.667976,0.520041]],[[0.309873,0.933916,0.17827],[-0.777762,0.141143,0.612508],[0.546869,-0.328451,0.7701]],[[0.309873,0.933916,0.17827],[-0.940304,0.27327,0.202861],[0.140739,-0.230489,0.962843]],[[0.309873,0.933916,0.17827],[-0.919253,0.342167,-0.194666],[-0.2428,-0.103553,0.964533]]],"btipPosition":[22.9843,243.824,-35.3517],"carpPosition":[49.3258,217.22,58.2324],"dipPosition":[17.3177,241.407,-12.8406],"direction":[-0.140739,0.230489,-0.962843],"extended":false,"handId":711,"id":7110,"length":51.9721,"mcpPosition":[49.3258,217.22,58.2324],"pipPosition":[22.103,233.57,19.8972],"stabilizedTipPosition":[10.5741,236.093,-15.749],"timeVisible":0.506087,"tipPosition":[21.3931,242.689,-30.4948],"tipVelocity":[100.149,95.447,-108.056],"tool":false,"touchDistance":-0.480067,"touchZone":"touching","type":0,"width":20.194},{"bases":[[[0.939701,0.070569,-0.334638],[0.150685,0.79295,0.590359],[0.307013,-0.605186,0.734502]],[[0.967444,0.00454996,-0.253045],[0.12048,0.870999,0.476283],[0.222569,-0.491264,0.842094]],[[0.967444,0.00454996,-0.253045],[0.0754224,0.949225,0.305423],[0.241586,-0.314565,0.917979]],[[0.967444,0.00454996,-0.253045],[0.0389958,0.985219,0.166804],[0.250064,-0.171241,0.952966]]],"btipPosition":[17.5314,313.959,-65.698],"carpPosition":[59.6751,238.012,62.6312],"dipPosition":[21.7921,311.042,-49.4611],"direction":[-0.241586,0.314565,-0.917979],"extended":true,"handId":711,"id":7111,"length":58.6448,"mcpPosition":[37.1508,282.412,8.7437],"pipPosition":[27.6152,303.46,-27.3346],"stabilizedTipPosition":[1.50673,299.44,-34.2714],"timeVisible":0.506087,"tipPosition":[19.6872,313.004,-62.2904],"tipVelocity":[58.5466,86.085,-113.364],"tool":false,"touchDistance":-0.483884,"touchZone":"touching","type":1,"width":19.2893},{"bases":[[[0.932991,-0.148062,-0.328034],[0.314087,0.779986,0.541268],[0.17572,-0.608029,0.774224]],[[0.938811,-0.170279,-0.299396],[-0.0048646,0.862606,-0.505853],[0.344397,0.476357,0.808996]],[[0.938811,-0.170279,-0.299396],[-0.311434,-0.0483962,-0.949034],[0.147111,0.984207,-0.0984657]],[[0.938811,-0.170279,-0.299396],[-0.342197,-0.55997,-0.754543],[-0.0391703,0.810826,-0.583976]]],"btipPosition":[38.9476,216.873,-19.8796],"carpPosition":[71.1652,240.571,59.137],"dipPosition":[38.2136,232.068,-30.8233],"direction":[-0.147111,-0.984207,0.0984657],"extended":false,"handId":711,"id":7112,"length":66.821,"mcpPosition":[58.9395,282.875,5.27041],"pipPosition":[42.3853,259.977,-33.6156],"stabilizedTipPosition":[10.2739,197.684,25.2159],"timeVisible":0.506087,"tipPosition":[39.1384,219.766,-20.9072],"tipVelocity":[95.7644,104.233,-135.454],"tool":false,"touchDistance":0.333333,"touchZone":"none","type":2,"width":18.9446},{"bases":[[[0.92233,-0.294299,-0.250388],[0.385384,0.747634,0.540853],[0.0280259,-0.595341,0.802984]],[[0.92201,-0.288421,-0.258286],[0.115437,0.841566,-0.527675],[0.369557,0.456706,0.809226]],[[0.92201,-0.288421,-0.258286],[-0.280003,-0.0360093,-0.959323],[0.267388,0.956826,-0.11396]],[[0.92201,-0.288421,-0.258286],[-0.378489,-0.531008,-0.75814],[0.0815111,0.796771,-0.598759]]],"btipPosition":[55.5554,215.525,-16.9206],"carpPosition":[82.6775,239.964,54.9905],"dipPosition":[57.0741,230.371,-28.0769],"direction":[-0.267388,-0.956826,0.11396],"extended":false,"handId":711,"id":7113,"length":64.2502,"mcpPosition":[80.9268,277.153,4.83079],"pipPosition":[64.4608,256.804,-31.2251],"stabilizedTipPosition":[37.7475,203.288,8.18858],"timeVisible":0.506087,"tipPosition":[56.2338,218.19,-18.1077],"tipVelocity":[95.7099,116.308,-137.961],"tool":false,"touchDistance":0.333333,"touchZone":"none","type":3,"width":18.027},{"bases":[[[0.842935,-0.480684,-0.241668],[0.525101,0.637205,0.564127],[-0.117175,-0.602423,0.789529]],[[0.834957,-0.513991,-0.196621],[0.353555,0.774816,-0.524079],[0.421717,0.368067,0.828662]],[[0.834957,-0.513991,-0.196621],[-0.220119,0.0155336,-0.975349],[0.504375,0.857655,-0.100169]],[[0.834957,-0.513991,-0.196621],[-0.450662,-0.433576,-0.78033],[0.315833,0.740152,-0.593654]]],"btipPosition":[69.6825,224.918,-13.9272],"carpPosition":[93.0438,232.513,48.7887],"dipPosition":[75.1114,237.641,-24.1316],"direction":[-0.504375,-0.857655,0.100169],"extended":false,"handId":711,"id":7114,"length":50.3709,"mcpPosition":[99.8194,267.348,3.13439],"pipPosition":[84.9491,254.369,-26.0854],"stabilizedTipPosition":[62.982,219.447,-5.38747],"timeVisible":0.506087,"tipPosition":[71.2602,226.991,-15.2073],"tipVelocity":[91.4106,126.735,-134.338],"tool":false,"touchDistance":0.333333,"touchZone":"none","type":4,"width":16.013}],"r":[[0.875826,0.139648,0.461981],[-0.211167,0.971616,0.10663],[-0.433978,-0.190945,0.880456]],"s":0.855178,"t":[72.7291,59.1021,-114.974],"timestamp":524063829511},false],[4,{"currentFrameRate":104.313,"devices":[],"gestures":[],"hands":[{"armBasis":[[0.932985,0.00426787,-0.359889],[0.117451,0.941579,0.31565],[0.340211,-0.336766,0.877978]],"armWidth":63.5437,"confidence":0.690591,"direction":[-0.119991,0.71589,-0.687825],"elbow":[170.835,136.142,292.633],"grabStrength":0,"id":711,"palmNormal":[-0.190266,-0.69657,-0.691801],"palmPosition":[64.5445,262.731,17.8862],"palmVelocity":[72.0649,101.956,-102.358],"palmWidth":90.7382,"pinchStrength":0.858687,"r":[[0.873906,0.142802,0.464646],[-0.214257,0.971171,0.1045],[-0.436328,-0.190877,0.879308]],"s":0.853423,"sphereCenter":[60.6389,242.951,-28.7145],"sphereRadius":47.9393,"stabilizedPalmPosition":[50.5043,249.237,39.2069],"t":[73.3052,60.0985,-115.906],"timeVisible":0.515197,"type":"right","wrist":[79.2326,226.817,56.2355]}],"id":4311911,"interactionBox":{"center":[0,200,0],"size":[235.247,235.247,147.751]},"pointables":[{"bases":[[[0.53885,0.743466,0.396105],[-0.652251,0.0706467,0.754704],[0.533113,-0.665032,0.522994]],[[0.306609,0.935149,0.177448],[-0.779819,0.139898,0.610173],[0.545778,-0.325462,0.77214]],[[0.306609,0.935149,0.177448],[-0.941511,0.270582,0.200856],[0.139816,-0.228654,0.963415]],[[0.306609,0.935149,0.177448],[-0.919005,0.339385,-0.20062],[-0.247832,-0.101564,0.963465]]],"btipPosition":[23.754,244.579,-36.2998],"carpPosition":[49.8923,218.233,57.3804],"dipPosition":[17.9699,242.209,-13.8136],"direction":[-0.139816,0.228654,-0.963415],"extended":false,"handId":711,"id":7110,"length":51.9721,"mcpPosition":[49.8923,218.233,57.3804],"pipPosition":[22.7238,234.434,18.9437],"stabilizedTipPosition":[12.943,237.681,-18.8234],"timeVisible":0.515197,"tipPosition":[22.1423,243.457,-31.4485],"tipVelocity":[94.9799,92.2949,-107.124],"tool":false,"touchDistance":-0.4747,"touchZone":"touching","type":0,"width":20.194},{"bases":[[[0.940393,0.0730189,-0.332159],[0.146346,0.794744,0.589037],[0.306992,-0.602537,0.736685]],[[0.967468,0.00923228,-0.252823],[0.116107,0.871675,0.476132],[0.224776,-0.489997,0.842246]],[[0.967468,0.00923228,-0.252823],[0.0707536,0.949584,0.305425],[0.242897,-0.313377,0.918039]],[[0.967468,0.00923228,-0.252823],[0.0342052,0.985385,0.166874],[0.250669,-0.170094,0.953013]]],"btipPosition":[17.8802,314.72,-66.7356],"carpPosition":[60.1588,239.07,61.7625],"dipPosition":[22.1512,311.822,-50.4979],"direction":[-0.242897,0.313377,-0.918039],"extended":true,"handId":711,"id":7111,"length":58.6448,"mcpPosition":[37.6361,283.275,7.71487],"pipPosition":[28.0059,304.268,-28.3699],"stabilizedTipPosition":[2.2672,300.081,-35.5303],"timeVisible":0.515197,"tipPosition":[20.0301,313.749,-63.3369],"tipVelocity":[52.9992,85.5018,-113.506],"tool":false,"touchDistance":-0.479391,"touchZone":"touching","type":1,"width":19.2893},{"bases":[[[0.934403,-0.145619,-0.325093],[0.309928,0.782226,0.540433],[0.175599,-0.605738,0.776046]],[[0.940249,-0.16788,-0.296224],[-0.00508288,0.862979,-0.505214],[0.340451,0.476532,0.810562]],[[0.940249,-0.16788,-0.296224],[-0.308067,-0.0489377,-0.950105],[0.145007,0.984592,-0.0977321]],[[0.940249,-0.16788,-0.296224],[-0.338179,-0.561621,-0.755127],[-0.0395945,0.810184,-0.584837]]],"btipPosition":[39.6982,217.795,-20.9284],"carpPosition":[71.65,241.66,58.2949],"dipPosition":[38.9562,232.978,-31.8882],"direction":[-0.145007,-0.984592,0.0977321],"extended":false,"handId":711,"id":7112,"length":66.821,"mcpPosition":[59.4327,283.804,4.30162],"pipPosition":[43.0683,260.898,-34.6597],"stabilizedTipPosition":[11.8721,198.973,22.5573],"timeVisible":0.515197,"tipPosition":[39.8751,220.686,-21.9919],"tipVelocity":[91.9973,103.307,-129.926],"tool":false,"touchDistance":0.333333,"touchZone":"none","type":2,"width":18.9446},{"bases":[[[0.924019,-0.291721,-0.247157],[0.381335,0.750115,0.540289],[0.0277826,-0.593487,0.804364]],[[0.923716,-0.286106,-0.25474],[0.114781,0.841138,-0.528499],[0.365478,0.458944,0.809812]],[[0.923716,-0.286106,-0.25474],[-0.27676,-0.0386455,-0.960162],[0.264863,0.957418,-0.11488]],[[0.923716,-0.286106,-0.25474],[-0.374447,-0.533978,-0.758061],[0.0808604,0.79562,-0.600375]]],"btipPosition":[56.3326,216.433,-17.7858],"carpPosition":[83.1759,241.082,54.1821],"dipPosition":[57.8392,231.258,-28.9722],"direction":[-0.264863,-0.957418,0.11488],"extended":false,"handId":711,"id":7113,"length":64.2502,"mcpPosition":[81.4404,278.155,3.93613],"pipPosition":[65.1562,257.707,-32.1458],"stabilizedTipPosition":[39.4023,204.735,5.69331],"timeVisible":0.515197,"tipPosition":[56.9956,219.113,-19.0196],"tipVelocity":[92.7414,111.546,-126.246],"tool":false,"touchDistance":0.333333,"touchZone":"none","type":3,"width":18.027},{"bases":[[[0.84523,-0.478354,-0.238251],[0.521358,0.64021,0.564196],[-0.117355,-0.60109,0.790518]],[[0.835825,-0.516379,-0.186412],[0.362416,0.774033,-0.51916],[0.412373,0.366368,0.8341]],[[0.835825,-0.516379,-0.186412],[-0.208336,0.0158135,-0.977929],[0.50793,0.856214,-0.0943629]],[[0.835825,-0.516379,-0.186412],[-0.443422,-0.434786,-0.783797],[0.323687,0.737777,-0.592378]]],"btipPosition":[70.359,226.11,-15.0743],"carpPosition":[93.5847,233.653,48.0257],"dipPosition":[75.9229,238.792,-25.2568],"direction":[-0.50793,-0.856214,0.0943629],"extended":false,"handId":711,"id":7114,"length":50.3709,"mcpPosition":[100.371,268.411,2.31419],"pipPosition":[85.8299,255.492,-27.0973],"stabilizedTipPosition":[64.0289,220.606,-6.84211],"timeVisible":0.515197,"tipPosition":[71.9606,228.163,-16.3288],"tipVelocity":[87.597,127.588,-131.848],"tool":false,"touchDistance":0.333333,"touchZone":"none","type":4,"width":16.013}],"r":[[0.873906,0.142802,0.464646],[-0.214257,0.971171,0.1045],[-0.436328,-0.190877,0.879308]],"s":0.853423,"t":[73.3052,60.0985,-115.906],"timestamp":524063838621},false],[5,{"currentFrameRate":104.662,"devices":[],"gestures":[],"hands":[{"armBasis":[[0.934375,0.012932,-0.356057],[0.108584,0.941466,0.319143],[0.339342,-0.336861,0.878278]],"armWidth":63.5437,"confidence":0.690719,"direction":[-0.122596,0.718124,-0.685032],"elbow":[171.229,137.588,291.909],"grabStrength":0,"id":711,"palmNormal":[-0.181969,-0.694802,-0.6958],"palmPosition":[65.0581,264.266,17.1839],"palmVelocity":[68.1547,121.129,-95.9712],"palmWidth":90.7382,"pinchStrength":0.854523,"r":[[0.871735,0.146236,0.467646],[-0.218306,0.970377,0.103499],[-0.438657,-0.192313,0.877836]],"s":0.852526,"sphereCenter":[61.2224,244.732,-29.4532],"sphereRadius":47.8876,"stabilizedPalmPosition":[52.5601,251.36,36.096],"t":[73.8501,61.3643,-116.723],"timeVisible":0.5241,"type":"right","wrist":[79.8603,228.289,55.4299]}],"id":4311912,"interactionBox":{"center":[0,200,0],"size":[235.247,235.247,147.751]},"pointables":[{"bases":[[[0.531427,0.745743,0.401811],[-0.655959,0.0621373,0.752235],[0.536007,-0.663329,0.522199]],[[0.299454,0.936241,0.183791],[-0.782681,0.130884,0.608506],[0.545653,-0.32607,0.771972]],[[0.299454,0.936241,0.183791],[-0.943519,0.26196,0.202852],[0.141773,-0.234156,0.961806]],[[0.299454,0.936241,0.183791],[-0.920196,0.334304,-0.203666],[-0.252123,-0.108135,0.961634]]],"btipPosition":[24.4839,246.191,-37.164],"carpPosition":[50.5824,219.474,56.4103],"dipPosition":[18.5997,243.667,-14.7206],"direction":[-0.141773,0.234156,-0.961806],"extended":false,"handId":711,"id":7110,"length":51.9721,"mcpPosition":[50.5824,219.474,56.4103],"pipPosition":[23.4201,235.706,17.982],"stabilizedTipPosition":[15.0495,239.32,-21.5485],"timeVisible":0.5241,"tipPosition":[22.9339,245.022,-32.3364],"tipVelocity":[90.7417,115.373,-104.691],"tool":false,"touchDistance":-0.468675,"touchZone":"touching","type":0,"width":20.194},{"bases":[[[0.941198,0.0817806,-0.32781],[0.137728,0.793109,0.593303],[0.30851,-0.603564,0.735209]],[[0.967906,0.0193598,-0.250567],[0.107199,0.86997,0.481311],[0.227304,-0.492725,0.839973]],[[0.967906,0.0193598,-0.250567],[0.0615509,0.948402,0.31104],[0.24366,-0.31648,0.916772]],[[0.967906,0.0193598,-0.250567],[0.0249999,0.984666,0.17265],[0.250067,-0.173373,0.95258]]],"btipPosition":[18.1631,316.342,-67.3226],"carpPosition":[60.6695,240.369,60.9319],"dipPosition":[22.4239,313.388,-51.0923],"direction":[-0.24366,0.31648,-0.916772],"extended":true,"handId":711,"id":7111,"length":58.6448,"mcpPosition":[38.0354,284.65,6.99254],"pipPosition":[28.2969,305.76,-28.9949],"stabilizedTipPosition":[3.13134,300.879,-36.9671],"timeVisible":0.5241,"tipPosition":[20.3034,315.368,-63.9249],"tipVelocity":[47.153,111.417,-100.616],"tool":false,"touchDistance":-0.468616,"touchZone":"touching","type":1,"width":19.2893},{"bases":[[[0.936863,-0.136927,-0.321775],[0.301606,0.782074,0.545339],[0.17698,-0.607957,0.773994]],[[0.942768,-0.159321,-0.292925],[-0.00947539,0.865315,-0.501139],[0.333314,0.475234,0.814281]],[[0.942768,-0.159321,-0.292925],[-0.303638,-0.0471193,-0.951621],[0.137811,0.986102,-0.0927987]],[[0.942768,-0.159321,-0.292925],[-0.330607,-0.56107,-0.758881],[-0.0434455,0.812291,-0.581632]]],"btipPosition":[40.7263,219.333,-21.9341],"carpPosition":[72.1549,243.063,57.5252],"dipPosition":[39.9122,234.555,-32.8338],"direction":[-0.137811,-0.986102,0.0927987],"extended":false,"handId":711,"id":7112,"length":66.821,"mcpPosition":[59.8416,285.362,3.67467],"pipPosition":[43.8202,262.519,-35.4654],"stabilizedTipPosition":[13.5817,200.396,19.7544],"timeVisible":0.5241,"tipPosition":[40.878,222.235,-23.0126],"tipVelocity":[97.8798,122.478,-124.888],"tool":false,"touchDistance":0.333333,"touchZone":"none","type":2,"width":18.9446},{"bases":[[[0.927276,-0.283464,-0.244556],[0.373258,0.750514,0.545351],[0.0289551,-0.596973,0.801738]],[[0.926964,-0.277862,-0.252053],[0.110671,0.844512,-0.523977],[0.358455,0.457813,0.813583]],[[0.926964,-0.277862,-0.252053],[-0.272332,-0.0363074,-0.961518],[0.258018,0.959935,-0.109326]],[[0.926964,-0.277862,-0.252053],[-0.367103,-0.533425,-0.762033],[0.0772889,0.798906,-0.596469]]],"btipPosition":[57.3543,218.082,-18.7392],"carpPosition":[83.7022,242.593,53.4589],"dipPosition":[58.7944,232.968,-29.8528],"direction":[-0.258018,-0.959935,0.109326],"extended":false,"handId":711,"id":7113,"length":64.2502,"mcpPosition":[81.8935,279.884,3.377],"pipPosition":[65.9222,259.486,-32.873],"stabilizedTipPosition":[41.0942,206.287,3.19578],"timeVisible":0.5241,"tipPosition":[57.9971,220.78,-19.9765],"tipVelocity":[98.2632,132.008,-120.521],"tool":false,"touchDistance":0.333333,"touchZone":"none","type":3,"width":18.027},{"bases":[[[0.84989,-0.470736,-0.236844],[0.514021,0.641579,0.56935],[-0.11606,-0.605627,0.787239]],[[0.839932,-0.511153,-0.182309],[0.362144,0.778121,-0.513205],[0.404185,0.365035,0.83868]],[[0.839932,-0.511153,-0.182309],[-0.201987,0.0173492,-0.979234],[0.503702,0.859315,-0.0886742]],[[0.839932,-0.511153,-0.182309],[-0.436242,-0.436114,-0.787082],[0.322811,0.740626,-0.589293]]],"btipPosition":[71.2795,227.93,-15.923],"carpPosition":[94.1939,235.273,47.3129],"dipPosition":[76.8283,240.661,-26.0525],"direction":[-0.503702,-0.859315,0.0886742],"extended":false,"handId":711,"id":7114,"length":50.3709,"mcpPosition":[100.905,270.293,1.79096],"pipPosition":[86.6529,257.422,-27.782],"stabilizedTipPosition":[65.1003,221.894,-8.27583],"timeVisible":0.5241,"tipPosition":[72.8685,230.001,-17.2126],"tipVelocity":[91.7893,148.834,-121.54],"tool":false,"touchDistance":0.333333,"touchZone":"none","type":4,"width":16.013}],"r":[[0.871735,0.146236,0.467646],[-0.218306,0.970377,0.103499],[-0.438657,-0.192313,0.877836]],"s":0.852526,"t":[73.8501,61.3643,-116.723],"timestamp":524063847524},false],[6,{"currentFrameRate":104.864,"devices":[],"gestures":[],"hands":[{"armBasis":[[0.936557,0.0166907,-0.350119],[0.105349,0.93928,0.326581],[0.334311,-0.342746,0.87793]],"armWidth":63.5437,"confidence":0.697704,"direction":[-0.122588,0.716894,-0.68632],"elbow":[170.471,137.152,291.334],"grabStrength":0,"id":711,"palmNormal":[-0.176523,-0.69626,-0.695746],"palmPosition":[65.6705,265.315,16.6041],"palmVelocity":[67.7968,119.282,-86.871],"palmWidth":90.7382,"pinchStrength":0.847714,"r":[[0.869491,0.149747,0.470703],[-0.222363,0.969583,0.102294],[-0.441067,-0.193611,0.876342]],"s":0.852378,"sphereCenter":[61.817,245.767,-29.9738],"sphereRadius":47.8559,"stabilizedPalmPosition":[54.7083,253.647,32.9022],"t":[74.4287,62.5215,-117.422],"timeVisible":0.533258,"type":"right","wrist":[80.4565,229.437,54.9493]}],"id":4311913,"interactionBox":{"center":[0,200,0],"size":[235.247,235.247,147.751]},"pointables":[{"bases":[[[0.526961,0.748212,0.403102],[-0.659203,0.0604597,0.749531],[0.536437,-0.660699,0.525083]],[[0.295852,0.937227,0.184598],[-0.784394,0.128072,0.606896],[0.545158,-0.324349,0.773046]],[[0.295852,0.937227,0.184598],[-0.944239,0.257698,0.204949],[0.144514,-0.234939,0.961207]],[[0.295852,0.937227,0.184598],[-0.92128,0.331022,-0.204124],[-0.252417,-0.109676,0.961383]]],"btipPosition":[25.0486,247.205,-37.7793],"carpPosition":[51.2088,220.511,55.8223],"dipPosition":[19.1575,244.645,-15.3418],"direction":[-0.144514,0.234939,-0.961207],"extended":false,"handId":711,"id":7110,"length":51.9721,"mcpPosition":[51.2088,220.511,55.8223],"pipPosition":[24.0711,236.657,17.3405],"stabilizedTipPosition":[16.9974,240.964,-24.0431],"timeVisible":0.533258,"tipPosition":[23.6347,246.018,-32.9592],"tipVelocity":[82.5891,113.82,-94.2802],"tool":false,"touchDistance":-0.45939,"touchZone":"touching","type":0,"width":20.194},{"bases":[[[0.942185,0.0850157,-0.324128],[0.132319,0.794284,0.592962],[0.307861,-0.601569,0.737114]],[[0.968169,0.0246608,-0.24908],[0.101673,0.870586,0.481397],[0.228717,-0.491398,0.840367]],[[0.968169,0.0246608,-0.24908],[0.0558334,0.948782,0.31096],[0.243991,-0.314969,0.917204]],[[0.968169,0.0246608,-0.24908],[0.0192697,0.984837,0.172408],[0.249555,-0.171719,0.953014]]],"btipPosition":[18.6792,317.155,-68.0681],"carpPosition":[61.1978,241.449,60.3608],"dipPosition":[22.9312,314.229,-51.8303],"direction":[-0.243991,0.314969,-0.917204],"extended":true,"handId":711,"id":7111,"length":58.6448,"mcpPosition":[38.6113,285.584,6.28175],"pipPosition":[28.8122,306.637,-29.7225],"stabilizedTipPosition":[4.14998,301.84,-38.6539],"timeVisible":0.533258,"tipPosition":[20.8196,316.198,-64.6667],"tipVelocity":[49.6555,105.289,-95.2093],"tool":false,"touchDistance":-0.461244,"touchZone":"touching","type":1,"width":19.2893},{"bases":[[[0.938662,-0.1337,-0.317866],[0.296429,0.783822,0.545667],[0.176195,-0.606422,0.775376]],[[0.944546,-0.156081,-0.288914],[-0.0106119,0.864852,-0.501916],[0.328207,0.477148,0.815236]],[[0.944546,-0.156081,-0.288914],[-0.29958,-0.0492743,-0.952798],[0.134478,0.986514,-0.0933007]],[[0.944546,-0.156081,-0.288914],[-0.325391,-0.563285,-0.759494],[-0.0441981,0.811387,-0.582836]]],"btipPosition":[41.6666,220.259,-22.5674],"carpPosition":[72.6864,244.184,56.9972],"dipPosition":[40.8383,235.465,-33.4897],"direction":[-0.134478,-0.986514,0.0933007],"extended":false,"handId":711,"id":7112,"length":66.821,"mcpPosition":[60.4277,286.375,3.05045],"pipPosition":[44.6518,263.44,-36.1355],"stabilizedTipPosition":[15.523,202.022,16.6342],"timeVisible":0.533258,"tipPosition":[41.806,223.166,-23.6716],"tipVelocity":[99.1155,116.43,-109.515],"tool":false,"touchDistance":0.333333,"touchZone":"none","type":2,"width":18.9446},{"bases":[[[0.929324,-0.280188,-0.240523],[0.3682,0.752536,0.546002],[0.0280189,-0.595973,0.802515]],[[0.92903,-0.274735,-0.24784],[0.110482,0.845248,-0.522829],[0.353125,0.458342,0.815613]],[[0.92903,-0.274735,-0.24784],[-0.267816,-0.0371284,-0.962754],[0.2553,0.960803,-0.108072]],[[0.92903,-0.274735,-0.24784],[-0.361906,-0.535346,-0.76317],[0.0769894,0.798702,-0.596781]]],"btipPosition":[58.2803,219.136,-19.3883],"carpPosition":[84.2516,243.753,52.9777],"dipPosition":[59.7148,234.018,-30.5077],"direction":[-0.2553,-0.960803,0.108072],"extended":false,"handId":711,"id":7113,"length":64.2502,"mcpPosition":[82.5014,280.982,2.84725],"pipPosition":[66.7675,260.56,-33.4932],"stabilizedTipPosition":[42.9239,207.987,0.56958],"timeVisible":0.533258,"tipPosition":[58.9069,221.842,-20.6542],"tipVelocity":[99.0187,127.262,-106.727],"tool":false,"touchDistance":0.333333,"touchZone":"none","type":3,"width":18.027},{"bases":[[[0.852624,-0.467745,-0.232911],[0.509281,0.644166,0.570686],[-0.116903,-0.605197,0.787445]],[[0.842143,-0.509627,-0.176283],[0.363411,0.777869,-0.512691],[0.398406,0.367696,0.840281]],[[0.842143,-0.509627,-0.176283],[-0.196619,0.0142123,-0.980377],[0.502132,0.860278,-0.0882333]],[[0.842143,-0.509627,-0.176283],[-0.431007,-0.439651,-0.787997],[0.324082,0.739585,-0.589902]]],"btipPosition":[72.1426,229.004,-16.4205],"carpPosition":[94.7957,236.466,46.8819],"dipPosition":[77.7133,241.717,-26.5604],"direction":[-0.502132,-0.860278,0.0882334],"extended":false,"handId":711,"id":7114,"length":50.3709,"mcpPosition":[101.556,271.462,1.34811],"pipPosition":[87.5072,258.496,-28.2813],"stabilizedTipPosition":[66.262,223.294,-9.7381],"timeVisible":0.533258,"tipPosition":[73.7325,231.085,-17.7447],"tipVelocity":[92.6265,139.91,-102.881],"tool":false,"touchDistance":0.333333,"touchZone":"none","type":4,"width":16.013}],"r":[[0.869491,0.149747,0.470703],[-0.222363,0.969583,0.102294],[-0.441067,-0.193611,0.876342]],"s":0.852378,"t":[74.4287,62.5215,-117.422],"timestamp":524063856682},false],[7,{"currentFrameRate":105.151,"devices":[],"gestures":[],"hands":[{"armBasis":[[0.