{"sensorType":"Leap","data":[[0,{"currentFrameRate":77.8919,"devices":[],"gestures":[],"hands":[{"armBasis":[[0.902054,0.121611,-0.414137],[0.0240195,0.943857,0.329481],[0.430955,-0.307157,0.848489]],"armWidth":63.5437,"confidence":0.458265,"direction":[-0.246142,0.712729,-0.656834],"elbow":[184.245,131.097,284.648],"grabStrength":0,"id":719,"palmNormal":[-0.151069,-0.697613,-0.700367],"palmPosition":[47.026,248.619,19.9261],"palmVelocity":[195.631,408.125,-406.724],"palmWidth":90.7382,"pinchStrength":0.77935,"r":[[0.989676,-0.0405829,0.137459],[0.0265236,0.994368,0.10261],[-0.140849,-0.0979042,0.985178]],"s":0.934515,"sphereCenter":[44.0587,227.73,-28.0027],"sphereRadius":48.5852,"stabilizedPalmPosition":[41.9843,238.453,30.2024],"t":[38.8943,57.7527,-59.4812],"timeVisible":0.153293,"type":"right","wrist":[68.2095,213.799,56.1904]}],"id":4314363,"interactionBox":{"center":[0,200,0],"size":[235.247,235.247,147.751]},"pointables":[{"bases":[[[0.47234,0.792481,0.385835],[-0.606879,-0.0250519,0.794399],[0.639212,-0.609382,0.469108]],[[0.210158,0.958871,0.190789],[-0.734803,0.0261906,0.677774],[0.644901,-0.282632,0.710086]],[[0.210158,0.958871,0.190789],[-0.947272,0.151428,0.282394],[0.241889,-0.240076,0.940135]],[[0.210158,0.958871,0.190789],[-0.94353,0.250038,-0.217329],[-0.256095,-0.134341,0.957271]]],"btipPosition":[5.85428,227.141,-30.8236],"carpPosition":[40.2047,201.774,58.8314],"dipPosition":[-0.122671,224.006,-8.48199],"direction":[-0.241889,0.240076,-0.940135],"extended":false,"handId":719,"id":7190,"length":51.9721,"mcpPosition":[40.2047,201.774,58.8314],"pipPosition":[8.10184,215.843,23.4838],"stabilizedTipPosition":[-4.28496,213.279,-9.6635],"timeVisible":0.153293,"tipPosition":[3.91891,227.03,-24.7853],"tipVelocity":[248.984,381.332,-465.823],"tool":false,"touchDistance":0.0273664,"touchZone":"hovering","type":0,"width":20.194},{"bases":[[[0.902469,0.191793,-0.385701],[0.0895575,0.792298,0.603525],[0.421342,-0.579205,0.697848]],[[0.939653,0.133681,-0.31493],[0.00950667,0.909946,0.414618],[0.341996,-0.392591,0.853763]],[[0.939653,0.133681,-0.31493],[-0.049128,0.963686,0.262481],[0.338583,-0.231169,0.912098]],[[0.939653,0.133681,-0.31493],[-0.0916271,0.985207,0.144813],[0.32963,-0.107218,0.938002]]],"btipPosition":[-11.1177,290.283,-62.5113],"carpPosition":[48.2241,223.571,63.232],"dipPosition":[-5.50138,288.457,-46.5293],"direction":[-0.338583,0.231169,-0.912098],"extended":true,"handId":719,"id":7191,"length":58.6448,"mcpPosition":[17.312,266.065,12.0337],"pipPosition":[2.65965,282.885,-24.5445],"stabilizedTipPosition":[-14.7166,282.31,-49.7682],"timeVisible":0.153293,"tipPosition":[-9.30813,289.612,-59.1048],"tipVelocity":[261.924,408.127,-467.6],"tool":false,"touchDistance":0.0232664,"touchZone":"hovering","type":1,"width":19.2893},{"bases":[[[0.922518,-0.0261196,-0.38507],[0.25007,0.800408,0.544804],[0.293983,-0.598886,0.744923]],[[0.923358,-0.0278398,-0.382929],[-0.198271,0.81951,-0.537673],[0.328782,0.572389,0.751181]],[[0.923358,-0.0278398,-0.382929],[-0.3829,0.00657283,-0.923766],[0.0282344,0.999591,-0.00459077]],[[0.923358,-0.0278398,-0.382929],[-0.356646,-0.43152,-0.82861],[-0.142173,0.901674,-0.408376]]],"btipPosition":[24.6973,196.497,-20.9904],"carpPosition":[59.0911,227.586,59.1614],"dipPosition":[22.033,213.394,-28.6433],"direction":[-0.0282344,-0.999591,0.00459077],"extended":false,"handId":719,"id":7192,"length":66.821,"mcpPosition":[38.6372,269.253,7.3335],"pipPosition":[22.8336,241.74,-28.7735],"stabilizedTipPosition":[16.3815,185.968,-7.25228],"timeVisible":0.153293,"tipPosition":[24.5308,199.864,-21.7058],"tipVelocity":[212.054,408.024,-430.43],"tool":false,"touchDistance":0.333333,"touchZone":"none","type":2,"width":18.9446},{"bases":[[[0.934231,-0.174229,-0.311218],[0.324585,0.776998,0.539369],[0.147842,-0.604912,0.782448]],[[0.934612,-0.1758,-0.309184],[-0.0359949,0.818087,-0.573966],[0.353843,0.547565,0.758266]],[[0.934612,-0.1758,-0.309184],[-0.309822,0.0245114,-0.950478],[0.174673,0.984121,-0.0315582]],[[0.934612,-0.1758,-0.309184],[-0.35504,-0.409466,-0.840407],[0.0211436,0.895227,-0.445108]]],"btipPosition":[40.1011,197.999,-19.1502],"carpPosition":[70.3214,228.476,54.3468],"dipPosition":[40.495,214.679,-27.4436],"direction":[-0.174673,-0.984121,0.0315582],"extended":false,"handId":719,"id":7193,"length":64.2502,"mcpPosition":[61.0863,266.263,5.4699],"pipPosition":[45.3204,241.865,-28.3154],"stabilizedTipPosition":[30.1929,182.753,-0.176229],"timeVisible":0.153293,"tipPosition":[40.6446,201.128,-19.4554],"tipVelocity":[203.782,420.728,-447.795],"tool":false,"touchDistance":0.333333,"touchZone":"none","type":3,"width":18.027},{"bases":[[[0.878504,-0.369042,-0.303379],[0.477718,0.683924,0.551392],[0.00400192,-0.62933,0.777128]],[[0.877426,-0.402657,-0.26075],[0.181854,0.78218,-0.595923],[0.443906,0.47546,0.75953]],[[0.877426,-0.402657,-0.26075],[-0.257979,0.0621969,-0.964147],[0.404439,0.913235,-0.0493039]],[[0.877426,-0.402657,-0.26075],[-0.407852,-0.340005,-0.84738],[0.252548,0.849861,-0.462554]]],"btipPosition":[53.0018,209.685,-15.4587],"carpPosition":[81.1154,222.48,47.3481],"dipPosition":[57.3429,224.294,-23.4096],"direction":[-0.404439,-0.913235,0.0493039],"extended":false,"handId":719,"id":7194,"length":50.3709,"mcpPosition":[80.884,258.871,2.41083],"pipPosition":[65.2313,242.106,-24.3712],"stabilizedTipPosition":[46.7374,198.931,-2.09645],"timeVisible":0.153293,"tipPosition":[54.3701,212.364,-15.6462],"tipVelocity":[208.133,421.416,-446.182],"tool":false,"touchDistance":0.333333,"touchZone":"none","type":4,"width":16.013}],"r":[[0.989676,-0.0405829,0.137459],[0.0265236,0.994368,0.10261],[-0.140849,-0.0979042,0.985178]],"s":0.934515,"t":[38.8943,57.7527,-59.4812],"timestamp":524089668988},false],[1,{"currentFrameRate":79.2274,"devices":[],"gestures":[],"hands":[{"armBasis":[[0.910743,0.11712,-0.396019],[0.0296115,0.937954,0.345492],[0.411911,-0.326381,0.850767]],"armWidth":63.5437,"confidence":0.474077,"direction":[-0.23835,0.707617,-0.665182],"elbow":[179.636,129.165,282.813],"grabStrength":0,"id":719,"palmNormal":[-0.145244,-0.703192,-0.696007],"palmPosition":[47.9671,251.593,16.9782],"palmVelocity":[168.809,382.853,-381.044],"palmWidth":90.7382,"pinchStrength":0.794544,"r":[[0.987855,-0.0430211,0.149307],[0.0280858,0.994517,0.100736],[-0.152822,-0.0953191,0.983646]],"s":0.930682,"sphereCenter":[44.7473,230.498,-30.5068],"sphereRadius":48.3385,"stabilizedPalmPosition":[43.3659,241.487,27.1486],"t":[40.5897,61.9566,-63.6632],"timeVisible":0.162622,"type":"right","wrist":[68.7276,217.044,53.7417]}],"id":4314364,"interactionBox":{"center":[0,200,0],"size":[235.247,235.247,147.751]},"pointables":[{"bases":[[[0.469806,0.794911,0.383927],[-0.614834,-0.017436,0.788464],[0.633452,-0.606476,0.480547]],[[0.208364,0.960641,0.183723],[-0.744835,0.0341106,0.666376],[0.633881,-0.275692,0.722626]],[[0.208364,0.960641,0.183723],[-0.950474,0.154592,0.26963],[0.230615,-0.230805,0.945275]],[[0.208364,0.960641,0.183723],[-0.940805,0.248207,-0.230824],[-0.26734,-0.124752,0.955493]]],"btipPosition":[7.52131,229.569,-34.2102],"carpPosition":[40.6774,205.086,56.2023],"dipPosition":[1.2819,226.657,-11.9102],"direction":[-0.230615,0.230805,-0.945275],"extended":false,"handId":719,"id":7190,"length":51.9721,"mcpPosition":[40.6774,205.086,56.2023],"pipPosition":[9.12309,218.81,20.2304],"stabilizedTipPosition":[-4.28496,213.279,-9.6635],"timeVisible":0.162622,"tipPosition":[5.48333,229.535,-28.1917],"tipVelocity":[227.257,348.613,-437.017],"tool":false,"touchDistance":-0.0792373,"touchZone":"hovering","type":0,"width":20.194},{"bases":[[[0.906605,0.187106,-0.37823],[0.0848657,0.797165,0.597768],[0.413357,-0.574038,0.706835]],[[0.941138,0.132874,-0.310811],[0.00817253,0.910285,0.413901],[0.337923,-0.392078,0.855618]],[[0.941138,0.132874,-0.310811],[-0.0496821,0.963888,0.261632],[0.334351,-0.23079,0.913753]],[[0.941138,0.132874,-0.310811],[-0.0917052,0.985381,0.143574],[0.325345,-0.10662,0.939565]]],"btipPosition":[-9.71708,293.198,-66.0475],"carpPosition":[48.6895,226.906,60.5011],"dipPosition":[-4.17375,291.382,-50.0389],"direction":[-0.334351,0.23079,-0.913753],"extended":true,"handId":719,"id":7191,"length":58.6448,"mcpPosition":[18.3631,269.021,8.64349],"pipPosition":[3.88528,285.819,-28.0142],"stabilizedTipPosition":[-14.7166,282.31,-49.7682],"timeVisible":0.162622,"tipPosition":[-7.84483,292.375,-62.6975],"tipVelocity":[229.774,381.112,-442.352],"tool":false,"touchDistance":-0.0855683,"touchZone":"hovering","type":1,"width":19.2893},{"bases":[[[0.926276,-0.0308261,-0.375583],[0.245971,0.804524,0.540591],[0.285501,-0.593119,0.752794]],[[0.927181,-0.0327155,-0.373182],[-0.188865,0.819489,-0.54108],[0.323521,0.572161,0.753636]],[[0.927181,-0.0327155,-0.373182],[-0.373169,0.00673372,-0.927739],[0.0328643,0.999442,-0.00596504]],[[0.927181,-0.0327155,-0.373182],[-0.34968,-0.43294,-0.830835],[-0.134384,0.900829,-0.412853]]],"btipPosition":[25.7754,199.41,-24.1883],"carpPosition":[59.6034,230.869,56.5063],"dipPosition":[23.257,216.291,-31.9252],"direction":[-0.0328643,-0.999442,0.00596504],"extended":false,"handId":719,"id":7192,"length":66.821,"mcpPosition":[39.7397,272.135,4.13067],"pipPosition":[24.189,244.633,-32.0943],"stabilizedTipPosition":[18.0372,189.222,-10.7676],"timeVisible":0.162622,"tipPosition":[25.6484,202.752,-24.8668],"tipVelocity":[185.763,380.81,-406.211],"tool":false,"touchDistance":0.333333,"touchZone":"none","type":2,"width":18.9446},{"bases":[[[0.936998,-0.178333,-0.300385],[0.320496,0.780949,0.536098],[0.138982,-0.598596,0.788903]],[[0.937479,-0.180425,-0.297624],[-0.0267619,0.815237,-0.578509],[0.347012,0.550305,0.759439]],[[0.937479,-0.180425,-0.297624],[-0.29896,0.0203867,-0.954048],[0.178202,0.983377,-0.034828]],[[0.937479,-0.180425,-0.297624],[-0.346856,-0.413785,-0.841709],[0.0287134,0.892317,-0.450496]]],"btipPosition":[41.2818,200.782,-21.9647],"carpPosition":[70.8828,231.701,51.797],"dipPosition":[41.8168,217.408,-30.3584],"direction":[-0.178202,-0.983377,0.034828],"extended":false,"handId":719,"id":7193,"length":64.2502,"mcpPosition":[62.2011,269.093,2.51694],"pipPosition":[46.7397,244.574,-31.3206],"stabilizedTipPosition":[32.0299,186.334,-4.06244],"timeVisible":0.162622,"tipPosition":[41.8321,203.917,-22.32],"tipVelocity":[182.909,385.703,-407.142],"tool":false,"touchDistance":0.333333,"touchZone":"none","type":3,"width":18.027},{"bases":[[[0.880865,-0.372982,-0.291482],[0.473343,0.687731,0.550428],[-0.00483915,-0.622824,0.782347]],[[0.879196,-0.407443,-0.24699],[0.192941,0.778437,-0.597335],[0.435646,0.47752,0.763012]],[[0.879196,-0.407443,-0.24699],[-0.24558,0.0567036,-0.967717],[0.408295,0.911468,-0.0502062]],[[0.879196,-0.407443,-0.24699],[-0.398899,-0.345962,-0.849229],[0.260563,0.845163,-0.466697]]],"btipPosition":[54.2119,212.501,-18.1855],"carpPosition":[81.7361,225.63,44.957],"dipPosition":[58.6908,227.028,-26.2076],"direction":[-0.408295,-0.911468,0.0502062],"extended":false,"handId":719,"id":7194,"length":50.3709,"mcpPosition":[82.0159,261.644,-0.282044],"pipPosition":[66.6544,244.806,-27.1869],"stabilizedTipPosition":[48.3795,202.196,-5.55928],"timeVisible":0.162622,"tipPosition":[55.5743,215.172,-18.4421],"tipVelocity":[186.899,387,-403.123],"tool":false,"touchDistance":0.333333,"touchZone":"none","type":4,"width":16.013}],"r":[[0.987855,-0.0430211,0.149307],[0.0280858,0.994517,0.100736],[-0.152822,-0.0953191,0.983646]],"s":0.930682,"t":[40.5897,61.9566,-63.6632],"timestamp":524089678317},false],[2,{"currentFrameRate":80.7173,"devices":[],"gestures":[],"hands":[{"armBasis":[[0.913171,0.117283,-0.390336],[0.0264549,0.938627,0.343917],[0.406716,-0.324381,0.854025]],"armWidth":63.5437,"confidence":0.485097,"direction":[-0.229856,0.710281,-0.665332],"elbow":[178.784,132.199,281.487],"grabStrength":0,"id":719,"palmNormal":[-0.139366,-0.700613,-0.699799],"palmPosition":[48.9748,254.252,14.6717],"palmVelocity":[154.29,361.363,-349.246],"palmWidth":90.7382,"pinchStrength":0.807285,"r":[[0.985936,-0.0454616,0.160822],[0.0295534,0.994552,0.0999621],[-0.16449,-0.0938034,0.981908]],"s":0.927458,"sphereCenter":[45.4528,233.523,-32.5807],"sphereRadius":48.053,"stabilizedPalmPosition":[44.5712,244.23,24.4673],"t":[41.9413,65.3881,-66.9075],"timeVisible":0.1714,"type":"right","wrist":[69.2749,219.539,51.5383]}],"id":4314365,"interactionBox":{"center":[0,200,0],"size":[235.247,235.247,147.751]},"pointables":[{"bases":[[[0.467387,0.792661,0.391456],[-0.623142,-0.018703,0.781885],[0.627091,-0.609376,0.485199]],[[0.207308,0.960006,0.188183],[-0.755942,0.035102,0.653697],[0.620947,-0.277772,0.732985]],[[0.207308,0.960006,0.188183],[-0.953897,0.155691,0.256593],[0.217033,-0.232701,0.948023]],[[0.207308,0.960006,0.188183],[-0.93731,0.25,-0.242797],[-0.280132,-0.126052,0.95165]]],"btipPosition":[9.42363,232.314,-37.2677],"carpPosition":[41.1755,207.633,53.6642],"dipPosition":[2.88567,229.372,-15.0573],"direction":[-0.217033,0.232701,-0.948023],"extended":false,"handId":719,"id":7190,"length":51.9721,"mcpPosition":[41.1755,207.633,53.6642],"pipPosition":[10.2651,221.46,17.1767],"stabilizedTipPosition":[-2.31255,216.246,-13.299],"timeVisible":0.1714,"tipPosition":[7.23696,232.271,-31.2652],"tipVelocity":[222.32,338.757,-413.802],"tool":false,"touchDistance":-0.130538,"touchZone":"hovering","type":0,"width":20.194},{"bases":[[[0.910927,0.186419,-0.368048],[0.0802212,0.795033,0.601238],[0.404693,-0.57721,0.709262]],[[0.942817,0.135248,-0.304638],[0.00700453,0.905734,0.423789],[0.333238,-0.401689,0.852994]],[[0.942817,0.135248,-0.304638],[-0.0498564,0.960917,0.272311],[0.329561,-0.241551,0.912712]],[[0.942817,0.135248,-0.304638],[-0.0912509,0.983792,0.154356],[0.320577,-0.117731,0.939878]]],"btipPosition":[-8.18617,296.807,-68.4757],"carpPosition":[49.1872,229.422,58.1187],"dipPosition":[-2.72408,294.801,-52.4618],"direction":[-0.329561,0.241551,-0.912712],"extended":true,"handId":719,"id":7191,"length":58.6448,"mcpPosition":[19.4966,271.769,6.08298],"pipPosition":[5.2195,288.979,-30.4623],"stabilizedTipPosition":[-12.9087,285.569,-53.2565],"timeVisible":0.1714,"tipPosition":[-6.26506,295.805,-65.1824],"tipVelocity":[214.317,387.851,-397.766],"tool":false,"touchDistance":-0.141011,"touchZone":"hovering","type":1,"width":19.2893},{"bases":[[[0.930116,-0.0315616,-0.365908],[0.241935,0.802238,0.545785],[0.27632,-0.59617,0.75381]],[[0.931044,-0.0335762,-0.363359],[-0.179982,0.823956,-0.537311],[0.317432,0.565658,0.761096]],[[0.931044,-0.0335762,-0.363359],[-0.363087,0.0140754,-0.931649],[0.0363956,0.999337,0.00091379]],[[0.931044,-0.0335762,-0.363359],[-0.342012,-0.427452,-0.836847],[-0.12722,0.903414,-0.40946]]],"btipPosition":[27.0199,202.395,-27.1305],"carpPosition":[60.1508,233.375,54.252],"dipPosition":[24.6358,219.325,-34.8038],"direction":[-0.0363956,-0.999337,-0.00091379],"extended":false,"handId":719,"id":7192,"length":66.821,"mcpPosition":[40.9259,274.853,1.80572],"pipPosition":[25.6679,247.664,-34.7779],"stabilizedTipPosition":[19.5156,192.214,-13.9451],"timeVisible":0.1714,"tipPosition":[26.9074,205.735,-27.7976],"tipVelocity":[174.883,370.198,-386.669],"tool":false,"touchDistance":0.333333,"touchZone":"none","type":2,"width":18.9446},{"bases":[[[0.939738,-0.179335,-0.291086],[0.316454,0.77852,0.542],[0.129417,-0.601454,0.788356]],[[0.94036,-0.182272,-0.287229],[-0.0153763,0.820702,-0.571149],[0.339834,0.541502,0.768952]],[[0.94036,-0.182272,-0.287229],[-0.286553,0.0306193,-0.957575],[0.183334,0.982771,-0.0234375]],[[0.94036,-0.182272,-0.287229],[-0.338033,-0.40592,-0.849095],[0.0381748,0.895548,-0.443325]]],"btipPosition":[42.4791,203.806,-24.9352],"carpPosition":[71.481,234.198,49.6645],"dipPosition":[43.1904,220.492,-33.1953],"direction":[-0.183334,-0.982771,0.0234375],"extended":false,"handId":719,"id":7193,"length":64.2502,"mcpPosition":[63.3967,271.769,0.418594],"pipPosition":[48.2551,247.642,-33.8428],"stabilizedTipPosition":[33.6767,189.64,-7.59605],"timeVisible":0.1714,"tipPosition":[43.0525,206.939,-25.2634],"tipVelocity":[171.65,375.067,-387.723],"tool":false,"touchDistance":0.333333,"touchZone":"none","type":3,"width":18.027},{"bases":[[[0.883109,-0.373893,-0.283412],[0.468948,0.684933,0.557633],[-0.0143769,-0.625356,0.780207]],[[0.880694,-0.410396,-0.236545],[0.207159,0.782779,-0.586806],[0.425986,0.467794,0.774406]],[[0.880694,-0.410396,-0.236545],[-0.230064,0.0659248,-0.97094],[0.414064,0.909521,-0.0363578]],[[0.880694,-0.410396,-0.236545],[-0.388207,-0.339186,-0.856883],[0.271429,0.84648,-0.458037]]],"btipPosition":[55.4617,215.502,-20.9202],"carpPosition":[82.393,228.126,42.9192],"dipPosition":[60.1274,230.052,-28.7935],"direction":[-0.414064,-0.909521,0.0363578],"extended":false,"handId":719,"id":7194,"length":50.3709,"mcpPosition":[83.2244,264.287,-2.19601],"pipPosition":[68.2035,247.792,-29.5026],"stabilizedTipPosition":[49.8601,205.22,-8.67685],"timeVisible":0.1714,"tipPosition":[56.8375,218.151,-21.1581],"tipVelocity":[176.247,375.041,-377.456],"tool":false,"touchDistance":0.333333,"touchZone":"none","type":4,"width":16.013}],"r":[[0.985936,-0.0454616,0.160822],[0.0295534,0.994552,0.0999621],[-0.16449,-0.0938034,0.981908]],"s":0.927458,"t":[41.9413,65.3881,-66.9075],"timestamp":524089687095},false],[3,{"currentFrameRate":81.951,"devices":[],"gestures":[],"hands":[{"armBasis":[[0.908992,0.124326,-0.39784],[0.0202116,0.940209,0.339998],[0.416323,-0.317096,0.85213]],"armWidth":63.5437,"confidence":0.499294,"direction":[-0.222352,0.709452,-0.668758],"elbow":[181.702,137.514,277.861],"grabStrength":0,"id":719,"palmNormal":[-0.129917,-0.701372,-0.700856],"palmPosition":[49.7271,257.552,11.2763],"palmVelocity":[133.741,359.94,-354.137],"palmWidth":90.7382,"pinchStrength":0.818313,"r":[[0.983885,-0.0471564,0.172469],[0.0302715,0.994602,0.0992531],[-0.176219,-0.0924328,0.980002]],"s":0.924651,"sphereCenter":[45.9468,237.007,-35.5922],"sphereRadius":47.7129,"stabilizedPalmPosition":[45.7012,247.15,21.5764],"t":[42.9932,68.7536,-70.2273],"timeVisible":0.180661,"type":"right","wrist":[69.6058,222.893,48.4225]}],"id":4314366,"interactionBox":{"center":[0,200,0],"size":[235.247,235.247,147.751]},"pointables":[{"bases":[[[0.461639,0.79351,0.396525],[-0.632773,-0.0187043,0.774112],[0.621682,-0.60827,0.493477]],[[0.202691,0.96085,0.188899],[-0.769482,0.0369728,0.637597],[0.605651,-0.27459,0.746852]],[[0.202691,0.96085,0.188899],[-0.95859,0.155281,0.238731],[0.200052,-0.229466,0.952536]],[[0.202691,0.96085,0.188899],[-0.93312,0.248021,-0.260331],[-0.29699,-0.123499,0.94686]]],"btipPosition":[11.4755,235.311,-41.4537],"carpPosition":[41.4951,210.958,50.2102],"dipPosition":[4.54408,232.429,-19.3551],"direction":[-0.200052,0.229466,-0.952536],"extended":false,"handId":719,"id":7190,"length":51.9721,"mcpPosition":[41.4951,210.958,50.2102],"pipPosition":[11.3461,224.627,13.0323],"stabilizedTipPosition":[-0.326184,219.243,-17.0574],"timeVisible":0.180661,"tipPosition":[9.07005,235.282,-35.4732],"tipVelocity":[219.357,334.919,-425.329],"tool":false,"touchDistance":-0.200734,"touchZone":"hovering","type":0,"width":20.194},{"bases":[[[0.915221,0.187093,-0.356885],[0.0718977,0.795641,0.601486],[0.396486,-0.576152,0.714736]],[[0.944586,0.139338,-0.297225],[0.00204362,0.902929,0.429785],[0.328258,-0.406576,0.852609]],[[0.944586,0.139338,-0.297225],[-0.0536627,0.958807,0.278944],[0.323848,-0.247537,0.913153]],[[0.944586,0.139338,-0.297225],[-0.0942358,0.982433,0.161078],[0.314447,-0.124142,0.941123]]],"btipPosition":[-6.88843,300.53,-72.2669],"carpPosition":[49.4274,232.759,54.7445],"dipPosition":[-1.53078,298.415,-56.2318],"direction":[-0.323848,0.247537,-0.913153],"extended":true,"handId":719,"id":7191,"length":58.6448,"mcpPosition":[20.3388,275.029,2.30716],"pipPosition":[6.27511,292.448,-34.2216],"stabilizedTipPosition":[-11.2042,288.971,-56.8575],"timeVisible":0.180661,"tipPosition":[-4.93197,299.388,-69.0145],"tipVelocity":[192.719,391.07,-400.883],"tool":false,"touchDistance":-0.209771,"touchZone":"hovering","type":1,"width":19.2893},{"bases":[[[0.934617,-0.0308644,-0.354315],[0.234279,0.802975,0.548037],[0.267591,-0.595213,0.757705]],[[0.935532,-0.0329114,-0.351707],[-0.174259,0.82307,-0.540545],[0.307269,0.566985,0.764273]],[[0.935532,-0.0329114,-0.351707],[-0.351504,0.0119468,-0.93611],[0.0350105,0.999387,-0.000391857]],[[0.935532,-0.0329114,-0.351707],[-0.330982,-0.429528,-0.840212],[-0.123415,0.902454,-0.41273]]],"btipPosition":[28.3667,205.627,-30.6973],"carpPosition":[60.4339,236.721,51.0105],"dipPosition":[26.0539,222.539,-38.4319],"direction":[-0.0350105,-0.999387,0.000391857],"extended":false,"handId":719,"id":7192,"length":66.821,"mcpPosition":[41.8162,278.133,-1.70668],"pipPosition":[27.0467,250.88,-38.443],"stabilizedTipPosition":[21.0161,195.335,-17.2877],"timeVisible":0.180661,"tipPosition":[28.239,208.985,-31.4226],"tipVelocity":[167.096,364.125,-386.668],"tool":false,"touchDistance":0.333333,"touchZone":"none","type":2,"width":18.9446},{"bases":[[[0.94347,-0.178562,-0.279249],[0.308865,0.779334,0.545197],[0.120277,-0.600628,0.79043]],[[0.944161,-0.182091,-0.274595],[-0.00745393,0.821392,-0.570315],[0.3294,0.540516,0.774169]],[[0.944161,-0.182091,-0.274595],[-0.273525,0.0314691,-0.96135],[0.183695,0.982778,-0.0200946]],[[0.944161,-0.182091,-0.274595],[-0.326536,-0.405879,-0.853602],[0.0439808,0.895603,-0.442675]]],"btipPosition":[43.7351,207.152,-28.5029],"carpPosition":[71.8192,237.553,46.5633],"dipPosition":[44.5545,223.839,-36.751],"direction":[-0.183695,-0.982778,0.0200946],"extended":false,"handId":719,"id":7193,"length":64.2502,"mcpPosition":[64.3059,275.072,-2.81224],"pipPosition":[49.6292,250.989,-37.3061],"stabilizedTipPosition":[35.3405,193.107,-11.2988],"timeVisible":0.180661,"tipPosition":[44.3038,210.301,-28.8759],"tipVelocity":[162.268,371.196,-386.941],"tool":false,"touchDistance":0.333333,"touchZone":"none","type":3,"width":18.027},{"bases":[[[0.88696,-0.373175,-0.272106],[0.461254,0.685928,0.562803],[-0.0233789,-0.624694,0.780519]],[[0.883667,-0.412231,-0.221807],[0.222802,0.787092,-0.575191],[0.411694,0.458858,0.787373]],[[0.883667,-0.412231,-0.221807],[-0.209648,0.0751455,-0.974885],[0.418546,0.907975,-0.02002]],[[0.883667,-0.412231,-0.221807],[-0.372865,-0.333348,-0.865939],[0.283028,0.847906,-0.448275]]],"btipPosition":[56.627,219.145,-24.842],"carpPosition":[82.8206,231.487,39.9592],"dipPosition":[61.492,233.72,-32.5475],"direction":[-0.418546,-0.907975,0.02002],"extended":false,"handId":719,"id":7194,"length":50.3709,"mcpPosition":[84.1725,267.61,-5.1741],"pipPosition":[69.6556,251.43,-32.9379],"stabilizedTipPosition":[51.3392,208.46,-12.0412],"timeVisible":0.180661,"tipPosition":[58.0219,221.765,-25.015],"tipVelocity":[163.455,380.374,-389.229],"tool":false,"touchDistance":0.333333,"touchZone":"none","type":4,"width":16.013}],"r":[[0.983885,-0.0471564,0.172469],[0.0302715,0.994602,0.0992531],[-0.176219,-0.0924328,0.980002]],"s":0.924651,"t":[42.9932,68.7536,-70.2273],"timestamp":524089696356},false],[4,{"currentFrameRate":83.3219,"devices":[],"gestures":[],"hands":[{"armBasis":[[0.915856,0.116668,-0.384184],[0.0243132,0.938981,0.343107],[0.400771,-0.323578,0.857135]],"armWidth":63.5437,"confidence":0.508068,"direction":[-0.215401,0.706939,-0.673676],"elbow":[177.449,139.059,276.082],"grabStrength":0,"id":719,"palmNormal":[-0.128732,-0.704406,-0.698026],"palmPosition":[50.0274,260.734,7.8567],"palmVelocity":[106.968,360.564,-363.605],"palmWidth":90.7382,"pinchStrength":0.824869,"r":[[0.981887,-0.0491461,0.182983],[0.0315783,0.994713,0.0977134],[-0.186818,-0.0901652,0.978248]],"s":0.922556,"sphereCenter":[45.7613,240.148,-38.5963],"sphereRadius":47.4505,"stabilizedPalmPosition":[46.5736,249.889,18.8098],"t":[43.6694,72.0273,-73.597],"timeVisible":0.189444,"type":"right","wrist":[69.5399,226.183,45.2965]}],"id":4314367,"interactionBox":{"center":[0,200,0],"size":[235.247,235.247,147.751]},"pointables":[{"bases":[[[0.462632,0.793592,0.395201],[-0.637409,-0.0120836,0.770431],[0.616183,-0.60833,0.500252]],[[0.205282,0.961076,0.184912],[-0.777531,0.0454032,0.627203],[0.594394,-0.272528,0.756587]],[[0.205282,0.961076,0.184912],[-0.960333,0.161366,0.227425],[0.188735,-0.224263,0.956078]],[[0.205282,0.961076,0.184912],[-0.929169,0.250728,-0.271626],[-0.307416,-0.116054,0.944472]]],"btipPosition":[12.5379,238.275,-45.2349],"carpPosition":[41.369,214.375,46.9783],"dipPosition":[5.36315,235.566,-23.192],"direction":[-0.188735,0.224263,-0.956078],"extended":false,"handId":719,"id":7190,"length":51.9721,"mcpPosition":[41.369,214.375,46.9783],"pipPosition":[11.7804,227.941,9.31585],"stabilizedTipPosition":[1.33508,221.971,-20.4807],"timeVisible":0.189444,"tipPosition":[9.98832,238.259,-39.2814],"tipVelocity":[191.18,336.817,-427.115],"tool":false,"touchDistance":-0.263967,"touchZone":"hovering","type":0,"width":20.194},{"bases":[[[0.918095,0.181425,-0.352401],[0.071699,0.798407,0.597834],[0.389822,-0.574135,0.720005]],[[0.945473,0.136516,-0.295708],[0.00400878,0.902972,0.42968],[0.325675,-0.407437,0.853189]],[[0.945473,0.136516,-0.295708],[-0.0512203,0.958943,0.278935],[0.321646,-0.248579,0.913648]],[[0.945473,0.136516,-0.295708],[-0.0915575,0.982709,0.160935],[0.312565,-0.125086,0.941624]]],"btipPosition":[-6.26477,303.867,-75.995],"carpPosition":[49.3663,236.166,51.4483],"dipPosition":[-0.939185,301.735,-59.9514],"direction":[-0.321646,0.248579,-0.913648],"extended":true,"handId":719,"id":7191,"length":58.6448,"mcpPosition":[20.7667,278.288,-1.37563],"pipPosition":[6.81362,295.744,-37.9292],"stabilizedTipPosition":[-9.88065,292.064,-60.1743],"timeVisible":0.189444,"tipPosition":[-4.27905,302.669,-72.7633],"tipVelocity":[159.759,387.949,-407.166],"tool":false,"touchDistance":-0.271887,"touchZone":"hovering","type":1,"width":19.2893},{"bases":[[[0.936555,-0.0365958,-0.348604],[0.234423,0.804786,0.545312],[0.260596,-0.592436,0.762306]],[[0.937492,-0.0387383,-0.345845],[-0.167805,0.820304,-0.546757],[0.304878,0.570615,0.762527]],[[0.937492,-0.0387383,-0.345845],[-0.345891,0.00571856,-0.938257],[0.0383243,0.999233,-0.00803813]],[[0.937492,-0.0387383,-0.345845],[-0.327346,-0.435487,-0.838568],[-0.118126,0.899361,-0.420946]]],"btipPosition":[28.7526,208.663,-33.8138],"carpPosition":[60.4112,240.062,47.7595],"dipPosition":[26.539,225.517,-41.7023],"direction":[-0.0383243,-0.999233,0.00803813],"extended":false,"handId":719,"id":7192,"length":66.821,"mcpPosition":[42.2803,281.281,-5.27782],"pipPosition":[27.6257,253.853,-41.9302],"stabilizedTipPosition":[22.229,198.222,-20.3654],"timeVisible":0.189444,"tipPosition":[28.5973,212.052,-34.6858],"tipVelocity":[134.672,358.743,-379.188],"tool":false,"touchDistance":0.333333,"touchZone":"none","type":2,"width":18.9446},{"bases":[[[0.944342,-0.183942,-0.272734],[0.308924,0.780819,0.543035],[0.113069,-0.597065,0.794184]],[[0.945041,-0.187729,-0.267687],[-0.000276806,0.818272,-0.574832],[0.326953,0.543313,0.773248]],[[0.945041,-0.187729,-0.267687],[-0.26751,0.0267622,-0.963183],[0.187981,0.981856,-0.0249279]],[[0.945041,-0.187729,-0.267687],[-0.323045,-0.409914,-0.853002],[0.0504046,0.892596,-0.44803]]],"btipPosition":[44.0631,210.157,-31.6507],"carpPosition":[71.826,240.823,43.3757],"dipPosition":[45.0022,226.788,-39.9985],"direction":[-0.187981,-0.981856,0.0249279],"extended":false,"handId":719,"id":7193,"length":64.2502,"mcpPosition":[64.763,278.12,-6.23436],"pipPosition":[50.1953,253.912,-40.6871],"stabilizedTipPosition":[36.7058,196.296,-14.7007],"timeVisible":0.189444,"tipPosition":[44.6351,213.319,-32.0999],"tipVelocity":[129.514,362.983,-379.965],"tool":false,"touchDistance":0.333333,"touchZone":"none","type":3,"width":18.027},{"bases":[[[0.88697,-0.378278,-0.264934],[0.460811,0.686867,0.562021],[-0.030626,-0.62058,0.783545]],[[0.883106,-0.417802,-0.213462],[0.230344,0.782459,-0.578532],[0.408737,0.461735,0.787232]],[[0.883106,-0.417802,-0.213462],[-0.203713,0.0683955,-0.976639],[0.422641,0.90596,-0.0247111]],[[0.883106,-0.417802,-0.213462],[-0.369574,-0.339178,-0.865086],[0.289033,0.842852,-0.453939]]],"btipPosition":[56.9872,222.123,-27.9143],"carpPosition":[82.8406,234.678,36.868],"dipPosition":[61.9554,236.611,-35.7171],"direction":[-0.422641,-0.90596,0.0247111],"extended":false,"handId":719,"id":7194,"length":50.3709,"mcpPosition":[84.6115,270.563,-8.44026],"pipPosition":[70.1989,254.281,-36.1991],"stabilizedTipPosition":[52.5268,211.433,-15.1311],"timeVisible":0.189444,"tipPosition":[58.3806,224.756,-28.1995],"tipVelocity":[131.252,368.639,-379.311],"tool":false,"touchDistance":0.333333,"touchZone":"none","type":4,"width":16.013}],"r":[[0.981887,-0.0491461,0.182983],[0.0315783,0.994713,0.0977134],[-0.186818,-0.0901652,0.978248]],"s":0.922556,"t":[43.6694,72.0273,-73.597],"timestamp":524089705139},false],[5,{"currentFrameRate":84.3931,"devices":[],"gestures":[],"hands":[{"armBasis":[[0.918471,0.106338,-0.380925],[0.0299492,0.941708,0.335096],[0.394354,-0.319185,0.861746]],"armWidth":63.5437,"confidence":0.521005,"direction":[-0.208509,0.70475,-0.678123],"elbow":[176.041,143.68,274.194],"grabStrength":0,"id":719,"palmNormal":[-0.132538,-0.707328,-0.694349],"palmPosition":[50.6944,264.108,4.48932],"palmVelocity":[96.8014,360.427,-362.405],"palmWidth":90.7382,"pinchStrength":0.835286,"r":[[0.980039,-0.0520037,0.191882],[0.0341134,0.994855,0.0953899],[-0.195856,-0.0869401,0.976771]],"s":0.920409,"sphereCenter":[45.5905,243.491,-41.4751],"sphereRadius":47.1405,"stabilizedPalmPosition":[47.4225,252.818,15.8598],"t":[44.3409,75.3511,-76.9655],"timeVisible":0.198814,"type":"right","wrist":[69.8597,229.621,42.1668]}],"id":4314368,"interactionBox":{"center":[0,200,0],"size":[235.247,235.247,147.751]},"pointables":[{"bases":[[[0.467781,0.792265,0.391787],[-0.639198,-0.00289614,0.769037],[0.610416,-0.61017,0.505059]],[[0.212412,0.960427,0.180167],[-0.782726,0.0568491,0.619765],[0.584997,-0.272667,0.763827]],[[0.212412,0.960427,0.180167],[-0.960844,0.171708,0.217476],[0.177934,-0.219307,0.959293]],[[0.212412,0.960427,0.180167],[-0.921325,0.258279,-0.290607],[-0.32564,-0.104264,0.939727]]],"btipPosition":[14.0252,241.501,-48.7213],"carpPosition":[41.5959,218.037,43.8509],"dipPosition":[6.42514,239.067,-26.7891],"direction":[-0.177934,0.219307,-0.959293],"extended":false,"handId":719,"id":7190,"length":51.9721,"mcpPosition":[41.5959,218.037,43.8509],"pipPosition":[12.4751,231.61,5.82805],"stabilizedTipPosition":[2.99602,224.85,-24.0017],"timeVisible":0.198814,"tipPosition":[11.2298,241.516,-42.8421],"tipVelocity":[178.996,340.843,-412.252],"tool":false,"touchDistance":-0.318581,"touchZone":"hovering","type":0,"width":20.194},{"bases":[[[0.920233,0.17245,-0.351328],[0.0764457,0.801194,0.593502],[0.383832,-0.573018,0.724102]],[[0.94586,0.130044,-0.297384],[0.0104262,0.90358,0.428293],[0.324407,-0.408206,0.853304]],[[0.94586,0.130044,-0.297384],[-0.0445864,0.959599,0.277816],[0.321497,-0.249516,0.913445]],[[0.94586,0.130044,-0.297384],[-0.0849479,0.983474,0.159883],[0.313261,-0.125965,0.941276]]],"btipPosition":[-5.39654,307.481,-79.5214],"carpPosition":[49.749,239.791,48.2166],"dipPosition":[-0.0591028,305.335,-63.4837],"direction":[-0.321497,0.249516,-0.913445],"extended":true,"handId":719,"id":7191,"length":58.6448,"mcpPosition":[21.5888,281.831,-4.9079],"pipPosition":[7.69011,299.32,-41.4664],"stabilizedTipPosition":[-8.63467,295.319,-63.5901],"timeVisible":0.198814,"tipPosition":[-3.38463,306.246,-76.3063],"tipVelocity":[140.78,387.211,-398.452],"tool":false,"touchDistance":-0.325948,"touchZone":"hovering","type":1,"width":19.2893},{"bases":[[[0.937024,-0.0456795,-0.346265],[0.23933,0.806039,0.541315],[0.254376,-0.590097,0.766211]],[[0.93798,-0.0479117,-0.343364],[-0.16054,0.817795,-0.552665],[0.30728,0.573512,0.759383]],[[0.93798,-0.0479117,-0.343364],[-0.343743,0.000342203,-0.939064],[0.0451096,0.998852,-0.0161483]],[[0.93798,-0.0479117,-0.343364],[-0.32836,-0.440551,-0.835521],[-0.111238,0.896448,-0.42896]]],"btipPosition":[29.1687,211.947,-36.7826],"carpPosition":[60.8315,243.583,44.5311],"dipPosition":[27.0841,228.747,-44.8213],"direction":[-0.0451096,-0.998852,0.0161483],"extended":false,"handId":719,"id":7192,"length":66.821,"mcpPosition":[43.1333,284.639,-8.77796],"pipPosition":[28.3633,257.072,-45.2792],"stabilizedTipPosition":[23.3583,201.297,-23.5586],"timeVisible":0.198814,"tipPosition":[28.9988,215.365,-37.794],"tipVelocity":[109.927,356.018,-362.524],"tool":false,"touchDistance":0.333333,"touchZone":"none","type":2,"width":18.9446},{"bases":[[[0.943519,-0.192651,-0.269551],[0.313651,0.781494,0.539342],[0.106748,-0.593424,0.79778]],[[0.944263,-0.196922,-0.263796],[0.00798921,0.814819,-0.579661],[0.329094,0.545245,0.770977]],[[0.944263,-0.196922,-0.263796],[-0.265008,0.0206576,-0.964025],[0.195287,0.980201,-0.0326798]],[[0.944263,-0.196922,-0.263796],[-0.324101,-0.415752,-0.84977],[0.057665,0.887903,-0.456402]]],"btipPosition":[44.4609,213.386,-34.6107],"carpPosition":[72.2615,244.233,40.169],"dipPosition":[45.5354,229.929,-43.1145],"direction":[-0.195287,-0.980201,0.0326798],"extended":false,"handId":719,"id":7193,"length":64.2502,"mcpPosition":[65.5933,281.302,-9.66567],"pipPosition":[50.9302,257.008,-44.0173],"stabilizedTipPosition":[37.9923,199.655,-18.2159],"timeVisible":0.198814,"tipPosition":[45.028,216.56,-35.213],"tipVelocity":[105.726,357.149,-362.853],"tool":false,"touchDistance":0.333333,"touchZone":"none","type":3,"width":18.027},{"bases":[[[0.884651,-0.386498,-0.26079],[0.464775,0.686498,0.5592],[-0.0370979,-0.615906,0.786946]],[[0.880251,-0.426449,-0.208088],[0.238875,0.77716,-0.582203],[0.409997,0.462778,0.785964]],[[0.880251,-0.426449,-0.208088],[-0.200315,0.0635798,-0.977666],[0.430155,0.902275,-0.0294577]],[[0.880251,-0.426449,-0.208088],[-0.370036,-0.3424,-0.863618],[0.297039,0.8372,-0.459199]]],"btipPosition":[57.4357,225.274,-31.0304],"carpPosition":[83.2434,237.967,33.7209],"dipPosition":[62.5415,239.665,-38.9236],"direction":[-0.430155,-0.902274,0.0294577],"extended":false,"handId":719,"id":7194,"length":50.3709,"mcpPosition":[85.3886,273.581,-11.784],"pipPosition":[70.9315,257.263,-39.4981],"stabilizedTipPosition":[53.6283,214.538,-18.3387],"timeVisible":0.198814,"tipPosition":[58.8465,227.899,-31.3759],"tipVelocity":[108.522,358.771,-366.658],"tool":false,"touchDistance":0.333333,"touchZone":"none","type":4,"width":16.013}],"r":[[0.980039,-0.0520037,0.191882],[0.0341134,0.994855,0.0953899],[-0.195856,-0.0869401,0.976771]],"s":0.920409,"t":[44.3409,75.3511,-76.9655],"timestamp":524089714509},false],[6,{"currentFrameRate":85.6799,"devices":[],"gestures":[],"hands":[{"armBasis":[[0.922778,0.0935101,-0.373813],[0.0348769,0.945857,0.322704],[0.38375,-0.310821,0.869555]],"armWidth":63.5437,"confidence":0.525869,"direction":[-0.201238,0.707428,-0.677531],"elbow":[173.004,148.709,273.075],"grabStrength":0,"id":719,"palmNormal":[-0.138481,-0.705281,-0.695271],"palmPosition":[50.8732,267.105,1.28768],"palmVelocity":[76.3741,355.827,-363.531],"palmWidth":90.7382,"pinchStrength":0.842566,"r":[[0.978355,-0.056143,0.199172],[0.0379991,0.994868,0.0937798],[-0.203415,-0.0841816,0.975467]],"s":0.918921,"sphereCenter":[44.9577,246.76,-44.3699],"sphereRadius":46.894,"stabilizedPalmPosition":[47.4225,252.818,15.8598],"t":[44.7661,78.5118,-80.2506],"timeVisible":0.207547,"type":"right","wrist":[69.678,232.399,38.9448]}],"id":4314369,"interactionBox":{"center":[0,200,0],"size":[235.247,235.247,147.751]},"pointables":[{"bases":[[[0.474799,0.787411,0.393128],[-0.639945,0.00223442,0.768417],[0.604182,-0.616424,0.504961]],[[0.222423,0.957726,0.182451],[-0.786332,0.0655887,0.614313],[0.576377,-0.280104,0.767679]],[[0.222423,0.957726,0.182451],[-0.960081,0.182603,0.211896],[0.169622,-0.222298,0.96011]],[[0.222423,0.957726,0.182451],[-0.914469,0.269826,-0.301564],[-0.338046,-0.099771,0.935826]]],"btipPosition":[14.7358,244.909,-52.1119],"carpPosition":[41.3054,221.078,40.5887],"dipPosition":[6.84625,242.58,-30.2709],"direction":[-0.169622,0.222298,-0.96011],"extended":false,"handId":719,"id":7190,"length":51.9721,"mcpPosition":[41.3054,221.078,40.5887],"pipPosition":[12.6136,235.022,2.37408],"stabilizedTipPosition":[4.37304,227.559,-27.2048],"timeVisible":0.207547,"tipPosition":[11.7843,244.877,-46.297],"tipVelocity":[150.828,354.804,-406.473],"tool":false,"touchDistance":-0.366231,"touchZone":"hovering","type":0,"width":20.194},{"bases":[[[0.92215,0.164214,-0.350248],[0.0833686,0.799781,0.594475],[0.377743,-0.577395,0.723827]],[[0.946284,0.12348,-0.29883],[0.018651,0.901823,0.431704],[0.322798,-0.414088,0.851077]],[[0.946284,0.12348,-0.29883],[-0.0360767,0.958757,0.281927],[0.321318,-0.256002,0.911711]],[[0.946284,0.12348,-0.29883],[-0.0764243,0.983436,0.164359],[0.314175,-0.132692,0.940046]]],"btipPosition":[-4.9836,311.284,-82.573],"carpPosition":[49.6576,242.75,44.9866],"dipPosition":[0.369412,309.023,-66.5562],"direction":[-0.321318,0.256002,-0.911711],"extended":true,"handId":719,"id":7191,"length":58.6448,"mcpPosition":[21.9441,285.111,-8.11764],"pipPosition":[8.1143,302.852,-44.5808],"stabilizedTipPosition":[-7.65728,298.411,-66.6528],"timeVisible":0.207547,"tipPosition":[-2.95391,310.014,-79.3733],"tipVelocity":[115.866,399.315,-385.48],"tool":false,"touchDistance":-0.367532,"touchZone":"hovering","type":1,"width":19.2893},{"bases":[[[0.936892,-0.0540689,-0.345413],[0.246342,0.803158,0.542451],[0.248092,-0.593307,0.765792]],[[0.937878,-0.0564463,-0.342342],[-0.152048,0.820027,-0.551758],[0.311874,0.569535,0.760503]],[[0.937878,-0.0564463,-0.342342],[-0.342675,0.00396193,-0.939446],[0.0543845,0.998398,-0.0156269]],[[0.937878,-0.0564463,-0.342342],[-0.331443,-0.437561,-0.835874],[-0.102614,0.897415,-0.429088]]],"btipPosition":[28.9076,215.215,-40.0346],"carpPosition":[60.7787,246.442,41.3161],"dipPosition":[26.9846,232.033,-48.0758],"direction":[-0.0543845,-0.998398,0.0156269],"extended":false,"handId":719,"id":7192,"length":66.821,"mcpPosition":[43.5177,287.721,-11.9638],"pipPosition":[28.5269,260.345,-48.5189],"stabilizedTipPosition":[24.1788,204.154,-26.5028],"timeVisible":0.207547,"tipPosition":[28.7592,218.639,-41.0784],"tipVelocity":[73.6441,361.02,-365.18],"tool":false,"touchDistance":0.333333,"touchZone":"none","type":2,"width":18.9446},{"bases":[[[0.941935,-0.20118,-0.268859],[0.320432,0.77792,0.540521],[0.100409,-0.595287,0.797215]],[[0.942767,-0.206312,-0.261966],[0.016165,0.81297,-0.582081],[0.333061,0.544532,0.769776]],[[0.942767,-0.206312,-0.261966],[-0.264796,0.0142807,-0.964199],[0.202667,0.978382,-0.0411673]],[[0.942767,-0.206312,-0.261966],[-0.327301,-0.422326,-0.84529],[0.0637582,0.882653,-0.465681]]],"btipPosition":[44.3198,216.439,-37.3178],"carpPosition":[72.2185,246.989,36.9657],"dipPosition":[45.5077,232.884,-45.9945],"direction":[-0.202667,-0.978382,0.0411673],"extended":false,"handId":719,"id":7193,"length":64.2502,"mcpPosition":[65.9463,284.175,-12.8336],"pipPosition":[51.1065,259.913,-47.1317],"stabilizedTipPosition":[38.9826,202.74,-21.3811],"timeVisible":0.207547,"tipPosition":[44.8361,219.683,-38.2798],"tipVelocity":[73.9035,354.432,-349.922],"tool":false,"touchDistance":0.333333,"touchZone":"none","type":3,"width":18.027},{"bases":[[[0.881246,-0.394477,-0.260372],[0.47064,0.68149,0.560418],[-0.0436311,-0.616408,0.786217]],[[0.875722,-0.438356,-0.202375],[0.24754,0.767511,-0.591312],[0.41453,0.467729,0.780637]],[[0.875722,-0.438356,-0.202375],[-0.202995,0.0460243,-0.978097],[0.438069,0.897622,-0.0486796]],[[0.875722,-0.438356,-0.202375],[-0.376323,-0.357118,-0.854896],[0.302477,0.82481,-0.477699]]],"btipPosition":[57.3099,228.093,-33.3072],"carpPosition":[83.1475,240.628,30.5212],"dipPosition":[62.5092,242.271,-41.5184],"direction":[-0.438069,-0.897622,0.0486796],"extended":false,"handId":719,"id":7194,"length":50.3709,"mcpPosition":[85.6705,276.272,-14.9416],"pipPosition":[71.0536,259.779,-42.4679],"stabilizedTipPosition":[54.4455,217.356,-21.1632],"timeVisible":0.207547,"tipPosition":[58.7001,230.846,-34.2184],"tipVelocity":[76.2805,347.654,-340.545],"tool":false,"touchDistance":0.333333,"touchZone":"none","type":4,"width":16.013}],"r":[[0.978355,-0.056143,0.199172],[0.037999