{"sensorType":"Leap","data":[[0,{"currentFrameRate":89.9026,"devices":[],"gestures":[],"hands":[{"armBasis":[[0.924631,0.0701011,-0.374357],[0.0816095,0.923619,0.374524],[0.372018,-0.376847,0.848286]],"armWidth":63.5437,"confidence":0.606659,"direction":[-0.118001,0.721602,-0.682177],"elbow":[178.237,136.344,288.19],"grabStrength":0,"id":714,"palmNormal":[-0.14081,-0.692195,-0.707841],"palmPosition":[63.6367,273.783,21.395],"palmVelocity":[64.3968,206.384,-153.038],"palmWidth":90.7382,"pinchStrength":0.773876,"r":[[0.94552,0.0590542,0.320164],[-0.113492,0.981511,0.154127],[-0.305143,-0.182066,0.93474]],"s":0.882894,"sphereCenter":[56.383,256.514,-23.2345],"sphereRadius":46.5136,"stabilizedPalmPosition":[60.8456,266.341,27.4504],"t":[66.8041,70.9688,-86.3779],"timeVisible":0.244072,"type":"right","wrist":[78.07,237.811,59.7868]}],"id":4312833,"interactionBox":{"center":[0,200,0],"size":[235.247,235.247,147.751]},"pointables":[{"bases":[[[0.498467,0.754883,0.426243],[-0.682072,0.0380288,0.730296],[0.535078,-0.654756,0.53384]],[[0.267926,0.942203,0.20117],[-0.782469,0.0909793,0.616008],[0.562102,-0.322454,0.76162]],[[0.267926,0.942203,0.20117],[-0.954773,0.231719,0.186321],[0.128937,-0.241992,0.961673]],[[0.267926,0.942203,0.20117],[-0.881949,0.323903,-0.342422],[-0.387791,-0.0856782,0.917757]]],"btipPosition":[25.6963,254.529,-32.3286],"carpPosition":[49.0109,228.25,59.7019],"dipPosition":[16.6457,252.53,-10.9092],"direction":[-0.128937,0.241992,-0.961673],"extended":false,"handId":714,"id":7140,"length":51.9721,"mcpPosition":[49.0109,228.25,59.7019],"pipPosition":[21.0297,244.302,21.7889],"stabilizedTipPosition":[14.0614,243.331,-12.9187],"timeVisible":0.244072,"tipPosition":[23.0222,255.003,-26.9121],"tipVelocity":[125.354,160.535,-192.31],"tool":false,"touchDistance":-0.325151,"touchZone":"hovering","type":0,"width":20.194},{"bases":[[[0.949212,0.108804,-0.295225],[0.0975139,0.790372,0.604817],[0.299145,-0.602888,0.73962]],[[0.969172,0.0627493,-0.238259],[0.0671169,0.863215,0.500355],[0.237066,-0.500921,0.832393]],[[0.969172,0.0627493,-0.238259],[0.0207313,0.942827,0.332638],[0.24551,-0.327323,0.912461]],[[0.969172,0.0627493,-0.238259],[-0.0154418,0.980594,0.195442],[0.245899,-0.185738,0.951333]]],"btipPosition":[16.1924,326.094,-63.3776],"carpPosition":[58.4035,249.347,64.7507],"dipPosition":[20.3821,322.929,-47.1684],"direction":[-0.24551,0.327323,-0.912461],"extended":true,"handId":714,"id":7141,"length":58.6448,"mcpPosition":[36.4565,293.578,10.4877],"pipPosition":[26.2998,315.039,-25.1749],"stabilizedTipPosition":[13.4823,316.647,-50.093],"timeVisible":0.244072,"tipPosition":[17.7147,326.377,-59.3152],"tipVelocity":[56.2889,181.734,-165.669],"tool":false,"touchDistance":-0.200958,"touchZone":"hovering","type":1,"width":19.2893},{"bases":[[[0.950276,-0.109992,-0.291338],[0.26313,0.78396,0.56229],[0.166549,-0.61099,0.77392]],[[0.952187,-0.117241,-0.282126],[-0.0537453,0.844759,-0.532441],[0.300752,0.522146,0.798067]],[[0.952187,-0.117241,-0.282126],[-0.300819,-0.198459,-0.932803],[0.0533718,0.973072,-0.224238]],[[0.952187,-0.117241,-0.282126],[-0.279664,-0.706246,-0.650388],[-0.122999,0.698191,-0.705266]]],"btipPosition":[44.6711,229.098,-10.8738],"carpPosition":[69.9235,252.364,61.7568],"dipPosition":[42.3661,242.182,-24.0905],"direction":[-0.0533718,-0.973072,0.224238],"extended":false,"handId":714,"id":7142,"length":66.821,"mcpPosition":[58.3359,294.874,7.91133],"pipPosition":[43.8796,269.776,-30.4494],"stabilizedTipPosition":[37.5003,220.707,-1.84377],"timeVisible":0.244072,"tipPosition":[44.4064,231.662,-12.8471],"tipVelocity":[95.0363,215.911,-197.558],"tool":false,"touchDistance":0.333333,"touchZone":"none","type":2,"width":18.9446},{"bases":[[[0.94187,-0.257489,-0.215827],[0.335525,0.754221,0.564423],[0.0174486,-0.604028,0.796772]],[[0.941969,-0.261738,-0.210207],[0.111124,0.83399,-0.540473],[0.316774,0.48575,0.814679]],[[0.941969,-0.261738,-0.210207],[-0.258903,-0.167829,-0.951211],[0.21369,0.950435,-0.225854]],[[0.941969,-0.261738,-0.210207],[-0.334134,-0.670604,-0.662303],[0.0323842,0.694106,-0.719144]]],"btipPosition":[59.8976,229.127,-8.35509],"carpPosition":[81.6083,252.227,58.0768],"dipPosition":[60.5009,242.06,-21.7544],"direction":[-0.21369,-0.950435,0.225854],"extended":false,"handId":714,"id":7143,"length":64.2502,"mcpPosition":[80.5183,289.959,8.30509],"pipPosition":[66.4042,268.316,-27.9937],"stabilizedTipPosition":[49.5725,215.096,9.00982],"timeVisible":0.244072,"tipPosition":[60.333,231.573,-9.71141],"tipVelocity":[89.8768,244.492,-245.161],"tool":false,"touchDistance":0.333333,"touchZone":"none","type":3,"width":18.027},{"bases":[[[0.869086,-0.446724,-0.212431],[0.47815,0.648643,0.592143],[-0.126733,-0.616198,0.777328]],[[0.853396,-0.502473,-0.138693],[0.357343,0.757655,-0.546136],[0.3795,0.416509,0.826135]],[[0.853396,-0.502473,-0.138693],[-0.232047,-0.127954,-0.964252],[0.466764,0.855073,-0.225793]],[[0.853396,-0.502473,-0.138693],[-0.451434,-0.579404,-0.6786],[0.260619,0.641726,-0.721294]]],"btipPosition":[72.8458,238.472,-5.05676],"carpPosition":[92.4831,245.236,52.2203],"dipPosition":[77.3256,249.503,-17.4552],"direction":[-0.466764,-0.855073,0.225793],"extended":false,"handId":714,"id":7144,"length":50.3709,"mcpPosition":[99.8114,280.867,7.27147],"pipPosition":[86.4297,266.181,-21.8592],"stabilizedTipPosition":[70.6842,232.208,-0.0421985],"timeVisible":0.244072,"tipPosition":[74.2728,240.231,-6.59854],"tipVelocity":[81.4174,253.501,-216.417],"tool":false,"touchDistance":0.333333,"touchZone":"none","type":4,"width":16.013}],"r":[[0.94552,0.0590542,0.320164],[-0.113492,0.981511,0.154127],[-0.305143,-0.182066,0.93474]],"s":0.882894,"t":[66.8041,70.9688,-86.3779],"timestamp":524073880365},false],[1,{"currentFrameRate":90.831,"devices":[],"gestures":[],"hands":[{"armBasis":[[0.927901,0.0586657,-0.368183],[0.0915086,0.921497,0.377452],[0.361423,-0.383929,0.849689]],"armWidth":63.5437,"confidence":0.616015,"direction":[-0.115766,0.718024,-0.686323],"elbow":[175.694,136.064,287.406],"grabStrength":0,"id":714,"palmNormal":[-0.1488,-0.695708,-0.702744],"palmPosition":[64.0391,275.265,20.0628],"palmVelocity":[58.969,194.851,-151.609],"palmWidth":90.7382,"pinchStrength":0.790598,"r":[[0.944468,0.0610339,0.322886],[-0.116011,0.981259,0.153858],[-0.307445,-0.182772,0.933848]],"s":0.876864,"sphereCenter":[56.1486,257.813,-24.3551],"sphereRadius":46.401,"stabilizedPalmPosition":[61.5561,268.326,25.8068],"t":[67.2047,72.6049,-87.5873],"timeVisible":0.253083,"type":"right","wrist":[78.3795,239.438,58.6248]}],"id":4312834,"interactionBox":{"center":[0,200,0],"size":[235.247,235.247,147.751]},"pointables":[{"bases":[[[0.505682,0.754012,0.419227],[-0.678637,0.0476274,0.732928],[0.53267,-0.655132,0.535785]],[[0.273641,0.942447,0.192129],[-0.781297,0.101295,0.615885],[0.560978,-0.318641,0.764049]],[[0.273641,0.942447,0.192129],[-0.95297,0.238602,0.186862],[0.130265,-0.234226,0.963415]],[[0.273641,0.942447,0.192129],[-0.876821,0.326535,-0.35293],[-0.395355,-0.0718866,0.915711]]],"btipPosition":[26.1254,255.589,-33.4376],"carpPosition":[49.2526,230.086,58.7253],"dipPosition":[16.8983,253.911,-12.066],"direction":[-0.130265,0.234226,-0.963415],"extended":false,"handId":714,"id":7140,"length":51.9721,"mcpPosition":[49.2526,230.086,58.7253],"pipPosition":[21.3274,245.947,20.6913],"stabilizedTipPosition":[15.3813,244.908,-14.9903],"timeVisible":0.253083,"tipPosition":[23.3597,256.17,-28.0461],"tipVelocity":[102.749,150.992,-173.616],"tool":false,"touchDistance":-0.33777,"touchZone":"hovering","type":0,"width":20.194},{"bases":[[[0.948688,0.100082,-0.299956],[0.105764,0.793529,0.599271],[0.298,-0.600247,0.742226]],[[0.968036,0.0556648,-0.244556],[0.0750838,0.866026,0.494329],[0.239309,-0.49689,0.834165]],[[0.968036,0.0556648,-0.244556],[0.0277989,0.94524,0.325189],[0.249266,-0.321593,0.913479]],[[0.968036,0.0556648,-0.244556],[-0.00924869,0.98232,0.186982],[0.250641,-0.178744,0.951436]]],"btipPosition":[16.423,327.269,-64.8242],"carpPosition":[58.8176,251.146,63.5975],"dipPosition":[20.6935,324.224,-48.6133],"direction":[-0.249266,0.321593,-0.913479],"extended":true,"handId":714,"id":7141,"length":58.6448,"mcpPosition":[36.9545,295.184,9.14332],"pipPosition":[26.7017,316.472,-26.5952],"stabilizedTipPosition":[14.0391,318.055,-51.6547],"timeVisible":0.253083,"tipPosition":[18.0012,327.544,-60.798],"tipVelocity":[48.4176,168.48,-164.246],"tool":false,"touchDistance":-0.225061,"touchZone":"hovering","type":1,"width":19.2893},{"bases":[[[0.948204,-0.118687,-0.294658],[0.271146,0.785654,0.556083],[0.165499,-0.607175,0.777141]],[[0.950164,-0.126131,-0.285097],[-0.047849,0.84466,-0.533161],[0.308058,0.520231,0.79653]],[[0.950164,-0.126131,-0.285097],[-0.305663,-0.197065,-0.931523],[0.0613114,0.972243,-0.225798]],[[0.950164,-0.126131,-0.285097],[-0.287865,-0.706039,-0.647026],[-0.119679,0.69685,-0.707161]]],"btipPosition":[44.528,230.67,-12.1659],"carpPosition":[70.3459,254.062,60.5352],"dipPosition":[42.2852,243.729,-25.418],"direction":[-0.0613114,-0.972243,0.225798],"extended":false,"handId":714,"id":7142,"length":66.821,"mcpPosition":[58.8313,296.306,6.46563],"pipPosition":[44.0239,271.3,-31.8212],"stabilizedTipPosition":[38.5889,222.874,-4.07872],"timeVisible":0.253083,"tipPosition":[44.2878,233.213,-14.1174],"tipVelocity":[64.9865,204.357,-182.917],"tool":false,"touchDistance":0.333333,"touchZone":"none","type":2,"width":18.9446},{"bases":[[[0.939067,-0.265631,-0.218159],[0.343335,0.755411,0.5581],[0.0165514,-0.598995,0.800582]],[[0.939165,-0.270142,-0.212114],[0.11761,0.833171,-0.540364],[0.322702,0.482544,0.814257]],[[0.939165,-0.270142,-0.212114],[-0.262072,-0.164443,-0.950935],[0.222006,0.948674,-0.225235]],[[0.939165,-0.270142,-0.212114],[-0.341491,-0.668292,-0.660885],[0.0367784,0.693115,-0.719888]]],"btipPosition":[59.783,230.612,-9.84776],"carpPosition":[82.0135,253.817,56.8065],"dipPosition":[60.4683,243.526,-23.2609],"direction":[-0.222006,-0.948674,0.225235],"extended":false,"handId":714,"id":7143,"length":64.2502,"mcpPosition":[80.9795,291.234,6.79686],"pipPosition":[66.6012,269.734,-29.4831],"stabilizedTipPosition":[50.9767,217.599,6.03811],"timeVisible":0.253083,"tipPosition":[60.2309,233.061,-11.2368],"tipVelocity":[62.2524,222.466,-223.404],"tool":false,"touchDistance":0.333333,"touchZone":"none","type":3,"width":18.027},{"bases":[[[0.864947,-0.454312,-0.21323],[0.485319,0.648992,0.585897],[-0.127796,-0.610254,0.78183]],[[0.846954,-0.515346,-0.130719],[0.373951,0.752195,-0.542552],[0.377928,0.410634,0.829789]],[[0.846954,-0.515346,-0.130719],[-0.224996,-0.124655,-0.966353],[0.481712,0.847867,-0.221528]],[[0.846954,-0.515346,-0.130719],[-0.455069,-0.575545,-0.679456],[0.274921,0.634954,-0.721978]]],"btipPosition":[72.7549,240.067,-6.78843],"carpPosition":[92.8127,246.71,50.9492],"dipPosition":[77.4805,250.981,-19.1986],"direction":[-0.481712,-0.847867,0.221528],"extended":false,"handId":714,"id":7144,"length":50.3709,"mcpPosition":[100.202,281.998,5.74005],"pipPosition":[86.8762,267.518,-23.5194],"stabilizedTipPosition":[71.3162,234.283,-1.9638],"timeVisible":0.253083,"tipPosition":[74.2354,241.781,-8.29056],"tipVelocity":[57.9902,231.648,-209.836],"tool":false,"touchDistance":0.333333,"touchZone":"none","type":4,"width":16.013}],"r":[[0.944468,0.0610339,0.322886],[-0.116011,0.981259,0.153858],[-0.307445,-0.182772,0.933848]],"s":0.876864,"t":[67.2047,72.6049,-87.5873],"timestamp":524073889376},false],[2,{"currentFrameRate":91.6846,"devices":[],"gestures":[],"hands":[{"armBasis":[[0.927614,0.0514108,-0.369986],[0.0966294,0.923743,0.370623],[0.360826,-0.379546,0.851909]],"armWidth":63.5437,"confidence":0.621222,"direction":[-0.109961,0.713744,-0.691721],"elbow":[175.567,138.437,287.28],"grabStrength":0,"id":714,"palmNormal":[-0.151952,-0.699832,-0.697958],"palmPosition":[64.3704,276.267,19.0541],"palmVelocity":[52.7387,171.444,-140.369],"palmWidth":90.7382,"pinchStrength":0.823161,"r":[[0.943576,0.0618864,0.325322],[-0.116834,0.981424,0.152171],[-0.309862,-0.181594,0.933279]],"s":0.870818,"sphereCenter":[56.1576,258.597,-25.2086],"sphereRadius":46.3013,"stabilizedPalmPosition":[62.1966,270.133,24.27],"t":[67.5707,73.924,-88.6964],"timeVisible":0.26217,"type":"right","wrist":[78.4132,240.631,57.9011]}],"id":4312835,"interactionBox":{"center":[0,200,0],"size":[235.247,235.247,147.751]},"pointables":[{"bases":[[[0.509709,0.753811,0.414688],[-0.679642,0.0572496,0.731307],[0.527527,-0.654592,0.541502]],[[0.277495,0.942928,0.184074],[-0.78439,0.111734,0.610121],[0.554733,-0.313692,0.770629]],[[0.277495,0.942928,0.184074],[-0.952535,0.245063,0.180615],[0.125197,-0.225457,0.966175]],[[0.277495,0.942928,0.184074],[-0.870949,0.327776,-0.366075],[-0.405517,-0.0587355,0.912198]]],"btipPosition":[26.8205,256.116,-34.4868],"carpPosition":[49.2273,231.464,58.0155],"dipPosition":[17.3562,254.746,-13.1971],"direction":[-0.125197,0.225457,-0.966175],"extended":false,"handId":714,"id":7140,"length":51.9721,"mcpPosition":[49.2273,231.464,58.0155],"pipPosition":[21.613,247.08,19.654],"stabilizedTipPosition":[16.6227,246.368,-16.947],"timeVisible":0.26217,"tipPosition":[23.9495,256.791,-29.1172],"tipVelocity":[93.8181,127.407,-158.09],"tool":false,"touchDistance":-0.348347,"touchZone":"hovering","type":0,"width":20.194},{"bases":[[[0.949845,0.0918814,-0.298918],[0.109726,0.79717,0.593701],[0.292839,-0.596723,0.747106]],[[0.968354,0.0489761,-0.24473],[0.0794338,0.869092,0.488232],[0.236604,-0.492221,0.837698]],[[0.968354,0.0489761,-0.24473],[0.0324103,0.947579,0.317875],[0.247469,-0.315747,0.916004]],[[0.968354,0.0489761,-0.24473],[-0.00456045,0.983866,0.17885],[0.24954,-0.172074,0.952953]]],"btipPosition":[17.0792,327.909,-66.265],"carpPosition":[58.9172,252.499,62.7527],"dipPosition":[21.331,324.977,-50.0283],"direction":[-0.247469,0.315747,-0.916004],"extended":true,"handId":714,"id":7141,"length":58.6448,"mcpPosition":[37.4328,296.278,7.94051],"pipPosition":[27.2958,317.366,-27.9494],"stabilizedTipPosition":[14.5989,319.334,-53.1698],"timeVisible":0.26217,"tipPosition":[18.6808,328.165,-62.2665],"tipVelocity":[54.8736,142.113,-162.491],"tool":false,"touchDistance":-0.248977,"touchZone":"hovering","type":1,"width":19.2893},{"bases":[[[0.94796,-0.126836,-0.292036],[0.275132,0.787932,0.550876],[0.160233,-0.602557,0.781825]],[[0.950112,-0.135269,-0.28105],[-0.0342714,0.850336,-0.525122],[0.310019,0.508557,0.803279]],[[0.950112,-0.135269,-0.28105],[-0.302783,-0.183629,-0.935202],[0.0748948,0.973644,-0.215425]],[[0.950112,-0.135269,-0.28105],[-0.292455,-0.69958,-0.651964],[-0.108427,0.701634,-0.70424]]],"btipPosition":[44.3274,232.038,-14.0096],"carpPosition":[70.4693,255.319,59.6906],"dipPosition":[42.2955,245.186,-27.207],"direction":[-0.0748948,-0.973644,0.215425],"extended":false,"handId":714,"id":7142,"length":66.821,"mcpPosition":[59.3211,297.241,5.29524],"pipPosition":[44.4194,272.797,-33.316],"stabilizedTipPosition":[39.4659,224.902,-6.23607],"timeVisible":0.26217,"tipPosition":[44.1934,234.528,-15.7446],"tipVelocity":[42.3629,190.071,-188.065],"tool":false,"touchDistance":0.333333,"touchZone":"none","type":2,"width":18.9446},{"bases":[[[0.937751,-0.273159,-0.214492],[0.347124,0.757247,0.553246],[0.0112989,-0.593263,0.80493]],[[0.937811,-0.277768,-0.208221],[0.12487,0.829574,-0.544256],[0.323911,0.484408,0.812668]],[[0.937811,-0.277768,-0.208221],[-0.260767,-0.167734,-0.950719],[0.229154,0.945891,-0.229735]],[[0.937811,-0.277768,-0.208221],[-0.344462,-0.670128,-0.657476],[0.0430916,0.688312,-0.724134]]],"btipPosition":[59.8704,231.493,-10.6663],"carpPosition":[82.1418,254.973,55.9854],"dipPosition":[60.6733,244.318,-24.1585],"direction":[-0.229154,-0.945891,0.229735],"extended":false,"handId":714,"id":7143,"length":64.2502,"mcpPosition":[81.436,292.032,5.70417],"pipPosition":[67.0038,270.449,-30.505],"stabilizedTipPosition":[52.228,219.921,3.30798],"timeVisible":0.26217,"tipPosition":[60.3265,233.938,-12.1261],"tipVelocity":[48.5078,187.096,-187.048],"tool":false,"touchDistance":0.333333,"touchZone":"none","type":3,"width":18.027},{"bases":[[[0.862424,-0.461326,-0.208332],[0.488378,0.650134,0.582076],[-0.133083,-0.603741,0.785993]],[[0.84221,-0.525761,-0.119403],[0.388693,0.745579,-0.541323],[0.373631,0.409497,0.832294]],[[0.84221,-0.525761,-0.119403],[-0.215771,-0.125732,-0.968315],[0.49409,0.841289,-0.219337]],[[0.84221,-0.525761,-0.119403],[-0.455024,-0.574353,-0.680494],[0.289198,0.62745,-0.72296]]],"btipPosition":[72.8188,241.033,-7.89281],"carpPosition":[92.9061,247.755,50.1997],"dipPosition":[77.7898,251.818,-20.3198],"direction":[-0.49409,-0.841289,0.219337],"extended":false,"handId":714,"id":7144,"length":50.3709,"mcpPosition":[100.602,282.666,4.74987],"pipPosition":[87.4269,268.227,-24.5979],"stabilizedTipPosition":[71.8406,236.113,-3.70526],"timeVisible":0.26217,"tipPosition":[74.34,242.729,-9.4006],"tipVelocity":[45.6022,196.046,-185.509],"tool":false,"touchDistance":0.333333,"touchZone":"none","type":4,"width":16.013}],"r":[[0.943576,0.0618864,0.325322],[-0.116834,0.981424,0.152171],[-0.309862,-0.181594,0.933279]],"s":0.870818,"t":[67.5707,73.924,-88.6964],"timestamp":524073898463},false],[3,{"currentFrameRate":92.5867,"devices":[],"gestures":[],"hands":[{"armBasis":[[0.927328,0.0524856,-0.37055],[0.0971477,0.922419,0.373773],[0.36142,-0.382608,0.850286]],"armWidth":63.5437,"confidence":0.622489,"direction":[-0.108551,0.715537,-0.690089],"elbow":[175.957,138.678,286.114],"grabStrength":0,"id":714,"palmNormal":[-0.151767,-0.697982,-0.699848],"palmPosition":[64.6763,277.44,18.3965],"palmVelocity":[47.7494,160.684,-122.306],"palmWidth":90.7382,"pinchStrength":0.840096,"r":[[0.942794,0.0622462,0.327513],[-0.117353,0.981501,0.151276],[-0.312038,-0.181057,0.932658]],"s":0.864629,"sphereCenter":[56.3746,259.839,-26.0076],"sphereRadius":46.2738,"stabilizedPalmPosition":[62.7675,271.816,22.9178],"t":[67.9066,75.1701,-89.5797],"timeVisible":0.271065,"type":"right","wrist":[78.6438,241.696,57.1718]}],"id":4312836,"interactionBox":{"center":[0,200,0],"size":[235.247,235.247,147.751]},"pointables":[{"bases":[[[0.509893,0.752344,0.417118],[-0.680424,0.0560473,0.730672],[0.526339,-0.656382,0.540491]],[[0.277487,0.942531,0.186106],[-0.785581,0.111089,0.608705],[0.553049,-0.315109,0.771261]],[[0.277487,0.942531,0.186106],[-0.952553,0.244695,0.181019],[0.125077,-0.227506,0.96571]],[[0.277487,0.942531,0.186106],[-0.870808,0.328578,-0.365692],[-0.405827,-0.0605877,0.91194]]],"btipPosition":[27.138,257.39,-35.2814],"carpPosition":[49.4498,232.555,57.2305],"dipPosition":[17.6665,255.976,-13.9978],"direction":[-0.125077,0.227506,-0.96571],"extended":false,"handId":714,"id":7140,"length":51.9721,"mcpPosition":[49.4498,232.555,57.2305],"pipPosition":[21.9193,248.241,18.8375],"stabilizedTipPosition":[17.7515,247.816,-18.7667],"timeVisible":0.271065,"tipPosition":[24.3072,258.036,-29.9152],"tipVelocity":[77.9679,131.407,-139.441],"tool":false,"touchDistance":-0.353786,"touchZone":"hovering","type":0,"width":20.194},{"bases":[[[0.950265,0.0917847,-0.297612],[0.109745,0.795613,0.595783],[0.291467,-0.598812,0.74597]],[[0.968075,0.0503446,-0.245553],[0.0789805,0.868458,0.489431],[0.237893,-0.4932,0.836756]],[[0.968075,0.0503446,-0.245553],[0.0314241,0.947518,0.318153],[0.248683,-0.315712,0.915687]],[[0.968075,0.0503446,-0.245553],[-0.00592673,0.983946,0.178368],[0.250591,-0.171219,0.952832]]],"btipPosition":[17.3128,329.159,-66.854],"carpPosition":[59.1525,253.569,62.0303],"dipPosition":[21.5825,326.242,-50.6193],"direction":[-0.248683,0.315712,-0.915687],"extended":true,"handId":714,"id":7141,"length":58.6448,"mcpPosition":[37.7688,297.502,7.30153],"pipPosition":[27.5766,318.632,-28.548],"stabilizedTipPosition":[15.1169,320.617,-54.5643],"timeVisible":0.271065,"tipPosition":[18.9512,329.408,-62.869],"tipVelocity":[47.2219,141.794,-136.331],"tool":false,"touchDistance":-0.2588,"touchZone":"hovering","type":1,"width":19.2893},{"bases":[[[0.948181,-0.126947,-0.291269],[0.275191,0.786336,0.553124],[0.158818,-0.604616,0.780523]],[[0.950494,-0.136159,-0.279324],[-0.0277621,0.858087,-0.512753],[0.3095,0.495124,0.811827]],[[0.950494,-0.136159,-0.279324],[-0.300017,-0.167971,-0.939029],[0.0809392,0.976343,-0.200505]],[[0.950494,-0.136159,-0.279324],[-0.293162,-0.690982,-0.660757],[-0.103039,0.709933,-0.696691]]],"btipPosition":[44.4199,233.662,-15.5967],"carpPosition":[70.7106,256.386,58.9884],"dipPosition":[42.4889,246.967,-28.6527],"direction":[-0.0809392,-0.976343,0.200505],"extended":false,"handId":714,"id":7142,"length":66.821,"mcpPosition":[59.6609,298.453,4.68352],"pipPosition":[44.7841,274.653,-34.3386],"stabilizedTipPosition":[40.1953,226.814,-8.23559],"timeVisible":0.271065,"tipPosition":[44.3307,236.146,-17.2233],"tipVelocity":[34.3804,189.149,-184.451],"tool":false,"touchDistance":0.333333,"touchZone":"none","type":2,"width":18.9446},{"bases":[[[0.937756,-0.273452,-0.214096],[0.347153,0.755582,0.5555],[0.00986489,-0.595248,0.803482]],[[0.937806,-0.27838,-0.207424],[0.133796,0.841157,-0.523979],[0.320341,0.463638,0.826088]],[[0.937806,-0.27838,-0.207424],[-0.254406,-0.144542,-0.956235],[0.236215,0.949533,-0.206374]],[[0.937806,-0.27838,-0.207424],[-0.343541,-0.658116,-0.669973],[0.0499977,0.699563,-0.712819]]],"btipPosition":[60.0406,233.299,-12.7197],"carpPosition":[82.387,256.039,55.2956],"dipPosition":[60.9721,246.334,-26.0012],"direction":[-0.236215,-0.949533,0.206374],"extended":false,"handId":714,"id":7143,"length":64.2502,"mcpPosition":[81.7708,293.223,5.10479],"pipPosition":[67.4977,272.565,-31.7023],"stabilizedTipPosition":[53.3104,222.129,0.734826],"timeVisible":0.271065,"tipPosition":[60.5285,235.697,-13.9697],"tipVelocity":[41.4247,192.902,-197.476],"tool":false,"touchDistance":0.333333,"touchZone":"none","type":3,"width":18.027},{"bases":[[[0.862259,-0.461567,-0.208485],[0.488281,0.648275,0.584226],[-0.134504,-0.605554,0.784356]],[[0.840676,-0.529068,-0.115546],[0.395984,0.74611,-0.535272],[0.369405,0.404236,0.83674]],[[0.840676,-0.529068,-0.115546],[-0.209322,-0.120684,-0.970371],[0.499448,0.839954,-0.212202]],[[0.840676,-0.529068,-0.115546],[-0.45317,-0.570482,-0.684973],[0.29648,0.628202,-0.719348]]],"btipPosition":[73.0658,242.408,-8.85142],"carpPosition":[93.1516,248.827,49.5044],"dipPosition":[78.162,253.206,-21.2164],"direction":[-0.499448,-0.839954,0.212202],"extended":false,"handId":714,"id":7144,"length":50.3709,"mcpPosition":[100.929,283.843,4.14926],"pipPosition":[87.9036,269.589,-25.3553],"stabilizedTipPosition":[72.3077,237.823,-5.26209],"timeVisible":0.271065,"tipPosition":[74.6033,244.113,-10.3706],"tipVelocity":[41.6347,184.864,-163.939],"tool":false,"touchDistance":0.333333,"touchZone":"none","type":4,"width":16.013}],"r":[[0.942794,0.0622462,0.327513],[-0.117353,0.981501,0.151276],[-0.312038,-0.181057,0.932658]],"s":0.864629,"t":[67.9066,75.1701,-89.5797],"timestamp":524073907358},false],[4,{"currentFrameRate":93.2992,"devices":[],"gestures":[],"hands":[{"armBasis":[[0.924731,0.0548528,-0.376649],[0.0966332,0.923305,0.371713],[0.368151,-0.380131,0.848507]],"armWidth":63.5437,"confidence":0.628702,"direction":[-0.107218,0.714137,-0.691746],"elbow":[177.897,140.272,285.165],"grabStrength":0,"id":714,"palmNormal":[-0.150702,-0.699391,-0.698671],"palmPosition":[64.8774,278.29,17.8294],"palmVelocity":[40.472,141.468,-105.249],"palmWidth":90.7382,"pinchStrength":0.8509,"r":[[0.942054,0.0626324,0.329564],[-0.117779,0.981628,0.150114],[-0.314107,-0.180231,0.932123]],"s":0.858724,"sphereCenter":[56.491,260.549,-26.6158],"sphereRadius":46.2523,"stabilizedPalmPosition":[63.2855,273.405,21.6684],"t":[68.1752,76.2182,-90.305],"timeVisible":0.280291,"type":"right","wrist":[78.7708,242.624,56.7021]}],"id":4312837,"interactionBox":{"center":[0,200,0],"size":[235.247,235.247,147.751]},"pointables":[{"bases":[[[0.509326,0.7531,0.416446],[-0.68167,0.0576862,0.729382],[0.525275,-0.655372,0.542747]],[[0.276875,0.94309,0.184176],[-0.787191,0.112697,0.606325],[0.551063,-0.312858,0.773595]],[[0.276875,0.94309,0.184176],[-0.952814,0.244632,0.179723],[0.12444,-0.225246,0.966322]],[[0.276875,0.94309,0.184176],[-0.870635,0.32732,-0.367228],[-0.406613,-0.0586734,0.911714]]],"btipPosition":[27.4021,258.09,-35.9143],"carpPosition":[49.5749,233.488,56.7293],"dipPosition":[17.9122,256.721,-14.636],"direction":[-0.12444,0.225246,-0.966322],"extended":false,"handId":714,"id":7140,"length":51.9721,"mcpPosition":[49.5749,233.488,56.7293],"pipPosition":[22.1433,249.062,18.2202],"stabilizedTipPosition":[18.8307,249.255,-20.5375],"timeVisible":0.280291,"tipPosition":[24.5994,258.73,-30.5537],"tipVelocity":[64.0015,116.138,-119.614],"tool":false,"touchDistance":-0.356252,"touchZone":"hovering","type":0,"width":20.194},{"bases":[[[0.950794,0.0909835,-0.296162],[0.108879,0.796816,0.594332],[0.290061,-0.597333,0.747702]],[[0.967908,0.0512474,-0.246024],[0.0776006,0.870194,0.486561],[0.239023,-0.490038,0.838291]],[[0.967908,0.0512474,-0.246024],[0.0297142,0.948781,0.314536],[0.249542,-0.311752,0.91681]],[[0.967908,0.0512474,-0.246024],[-0.00783241,0.984663,0.174294],[0.251182,-0.166773,0.953464]]],"btipPosition":[17.4579,329.685,-67.6123],"carpPosition":[59.2737,254.51,61.5026],"dipPosition":[21.7376,326.843,-51.3669],"direction":[-0.249542,0.311752,-0.91681],"extended":true,"handId":714,"id":7141,"length":58.6448,"mcpPosition":[37.993,298.334,6.64673],"pipPosition":[27.7525,319.329,-29.2686],"stabilizedTipPosition":[15.6006,321.841,-55.9189],"timeVisible":0.280291,"tipPosition":[19.1263,329.937,-63.6416],"tipVelocity":[38.4603,118.549,-121.077],"tool":false,"touchDistance":-0.271398,"touchZone":"hovering","type":1,"width":19.2893},{"bases":[[[0.948655,-0.127735,-0.289373],[0.274396,0.787418,0.551977],[0.157351,-0.603039,0.782039]],[[0.951061,-0.137407,-0.276771],[-0.0233745,0.861133,-0.507842],[0.308118,0.489458,0.815778]],[[0.951061,-0.137407,-0.276771],[-0.297182,-0.161359,-0.941088],[0.084652,0.977283,-0.194297]],[[0.951061,-0.137407,-0.276771],[-0.292672,-0.687898,-0.664183],[-0.0991273,0.712682,-0.694448]]],"btipPosition":[44.5367,234.68,-16.6238],"carpPosition":[70.8375,257.319,58.4748],"dipPosition":[42.679,248.035,-29.6377],"direction":[-0.084652,-0.977283,0.194297],"extended":false,"handId":714,"id":7142,"length":66.821,"mcpPosition":[59.8898,299.275,4.06448],"pipPosition":[45.0796,275.749,-35.1475],"stabilizedTipPosition":[40.8436,228.625,-10.1207],"timeVisible":0.280291,"tipPosition":[44.466,237.164,-18.2254],"tipVelocity":[28.8026,167.383,-163.651],"tool":false,"touchDistance":0.333333,"touchZone":"none","type":2,"width":18.9446},{"bases":[[[0.938069,-0.274078,-0.211917],[0.346349,0.756655,0.554541],[0.00836092,-0.593594,0.804721]],[[0.938106,-0.279021,-0.205195],[0.139512,0.846681,-0.513486],[0.317008,0.453077,0.833203]],[[0.938106,-0.279021,-0.205195],[-0.249342,-0.132875,-0.959256],[0.240388,0.951047,-0.194223]],[[0.938106,-0.279021,-0.205195],[-0.342005,-0.652727,-0.676003],[0.0546831,0.70434,-0.707754]]],"btipPosition":[60.2137,234.458,-14.037],"carpPosition":[82.5202,256.962,54.8028],"dipPosition":[61.2325,247.582,-27.2241],"direction":[-0.240388,-0.951047,0.194223],"extended":false,"handId":714,"id":7143,"length":64.2502,"mcpPosition":[81.9979,294.042,4.53461],"pipPosition":[67.8733,273.855,-32.5895],"stabilizedTipPosition":[54.2986,224.254,-1.73038],"timeVisible":0.280291,"tipPosition":[60.7021,236.848,-15.2596],"tipVelocity":[35.6798,174.663,-181.479],"tool":false,"touchDistance":0.333333,"touchZone":"none","type":3,"width":18.027},{"bases":[[[0.862523,-0.462166,-0.206049],[0.487405,0.64938,0.583731],[-0.135977,-0.603911,0.785367]],[[0.838523,-0.53456,-0.105474],[0.409767,0.746272,-0.524565],[0.359123,0.39664,0.844812]],[[0.838523,-0.53456,-0.105474],[-0.194902,-0.113502,-0.974233],[0.508814,0.837474,-0.199361]],[[0.838523,-0.53456,-0.105474],[-0.447934,-0.566099,-0.692017],[0.310216,0.627517,-0.714135]]],"btipPosition":[73.2364,243.549,-9.99401],"carpPosition":[93.2933,249.735,49.045],"dipPosition":[78.5687,254.336,-22.2693],"direction":[-0.508814,-0.837474,0.199361],"extended":false,"handId":714,"id":7144,"length":50.3709,"mcpPosition":[101.156,284.656,3.63139],"pipPosition":[88.493,270.67,-26.1578],"stabilizedTipPosition":[72.7395,239.467,-6.77582],"timeVisible":0.280291,"tipPosition":[74.8101,245.229,-11.4255],"tipVelocity":[36.796,167.643,-152.069],"tool":false,"touchDistance":0.333333,"touchZone":"none","type":4,"width":16.013}],"r":[[0.942054,0.0626324,0.329564],[-0.117779,0.981628,0.150114],[-0.314107,-0.180231,0.932123]],"s":0.858724,"t":[68.1752,76.2182,-90.305],"timestamp":524073916584},false],[5,{"currentFrameRate":94.1306,"devices":[],"gestures":[],"hands":[{"armBasis":[[0.923542,0.0569442,-0.379246],[0.0935668,0.925571,0.366829],[0.371908,-0.374267,0.849475]],"armWidth":63.5437,"confidence":0.638044,"direction":[-0.107166,0.712633,-0.693303],"elbow":[178.993,142.73,284.963],"grabStrength":0,"id":714,"palmNormal":[-0.147971,-0.700985,-0.697657],"palmPosition":[64.9735,279.07,17.2716],"palmVelocity":[32.4048,126.82,-93.6811],"palmWidth":90.7382,"pinchStrength":0.85799,"r":[[0.9413,0.0634225,0.331558],[-0.118548,0.981741,0.148767],[-0.316069,-0.17934,0.931632]],"s":0.853421,"sphereCenter":[56.5282,261.206,-27.1843],"sphereRadius":46.2286,"stabilizedPalmPosition":[63.6983,274.791,20.5931],"t":[68.3574,77.1319,-90.9465],"timeVisible":0.289187,"type":"right","wrist":[78.8556,243.502,56.2392]}],"id":4312838,"interactionBox":{"center":[0,200,0],"size":[235.247,235.247,147.751]},"pointables":[{"bases":[[[0.507062,0.754841,0.416056],[-0.68325,0.0577675,0.727896],[0.525411,-0.653359,0.545037]],[[0.274314,0.944152,0.182559],[-0.789358,0.112647,0.60351],[0.54924,-0.309656,0.776175]],[[0.274314,0.944152,0.182559],[-0.953676,0.242714,0.177741],[0.123505,-0.222859,0.966996]],[[0.274314,0.944152,0.182559],[-0.870622,0.324453,-0.369794],[-0.408373,-0.0575003,0.911002]]],"btipPosition":[27.6677,258.646,-36.5536],"carpPosition":[49.6769,234.312,56.2248],"dipPosition":[18.1367,257.304,-15.2919],"direction":[-0.123505,0.222859,-0.966996],"extended":false,"handId":714,"id":7140,"length":51.9721,"mcpPosition":[49.6769,234.312,56.2248],"pipPosition":[22.3361,249.726,17.5872],"stabilizedTipPosition":[19.7768,250.548,-22.1216],"timeVisible":0.289187,"tipPosition":[24.8682,259.276,-31.1997],"tipVelocity":[54.4294,101.733,-106.747],"tool":false,"touchDistance":-0.358607,"touchZone":"hovering","type":0,"width":20.194},{"bases":[[[0.951218,0.0922233,-0.294414],[0.106175,0.798134,0.59305],[0.289675,-0.59538,0.749407]],[[0.967747,0.0540864,-0.246049],[0.0744438,0.871668,0.484409],[0.240673,-0.487103,0.839528]],[[0.967747,0.0540864,-0.246049],[0.026287,0.94967,0.312147],[0.250548,-0.308548,0.917619]],[[0.967747,0.0540864,-0.246049],[-0.0113686,0.985062,0.171822],[0.251666,-0.163483,0.953906]]],"btipPosition":[17.4357,330.133,-68.3421],"carpPosition":[59.3264,255.361,60.9781],"dipPosition":[21.7237,327.348,-52.0891],"direction":[-0.250548,0.308548,-0.917619],"extended":true,"handId":714,"id":7141,"length":58.6448,"mcpPosition":[38.074,299.042,5.99704],"pipPosition":[27.7628,319.911,-29.9713],"stabilizedTipPosition":[15.9878,322.891,-57.1109],"timeVisible":0.289187,"tipPosition":[19.1291,330.368,-64.3913],"tipVelocity":[27.3836,100.414,-110.408],"tool":false,"touchDistance":-0.283512,"touchZone":"hovering","type":1,"width":19.2893},{"bases":[[[0.949477,-0.126485,-0.287218],[0.271796,0.78897,0.551047],[0.156907,-0.601272,0.783487]],[[0.951981,-0.136574,-0.274007],[-0.0217641,0.862534,-0.505531],[0.305383,0.487219,0.818144]],[[0.951981,-0.136574,-0.274007],[-0.294083,-0.159051,-0.942453],[0.0851339,0.977778,-0.191578]],[[0.951981,-0.136574,-0.274007],[-0.290224,-0.687535,-0.665632],[-0.0974813,0.713192,-0.694157]]],"btipPosition":[44.7079,235.507,-17.4273],"carpPosition":[70.891,258.186,57.9683],"dipPosition":[42.8811,248.873,-30.4358],"direction":[-0.0851339,-0.977778,0.191578],"extended":false,"handId":714,"id":7142,"length":66.821,"mcpPosition":[59.9742,300.019,3.45721],"pipPosition":[45.2953,276.6,-35.8685],"stabilizedTipPosition":[41.3913,230.209,-11.7586],"timeVisible":0.289187,"tipPosition":[44.6387,237.993,-19.0456],"tipVelocity":[26.4233,147.244,-143.677],"tool":false,"touchDistance":0.333333,"touchZone":"none","type":2,"width":18.9446},{"bases":[[[0.93901,-0.272702,-0.209508],[0.3438,0.758348,0.553814],[0.00785381,-0.592066,0.805851]],[[0.939043,-0.277541,-0.202903],[0.142129,0.850771,-0.505953],[0.313046,0.446274,0.838357]],[[0.939043,-0.277541,-0.202903],[-0.244789,-0.125348,-0.96144],[0.241406,0.952501,-0.185646]],[[0.939043,-0.277541,-0.202903],[-0.339056,-0.649894,-0.680205],[0.0569199,0.707537,-0.70438]]],"btipPosition":[60.4135,235.448,-15.1193],"carpPosition":[82.5817,257.844,54.3206],"dipPosition":[61.4741,248.631,-28.2435],"direction":[-0.241406,-0.952501,0.185646],"extended":false,"handId":714,"id":7143,"length":64.2502,"mcpPosition":[82.0911,294.829,3.98177],"pipPosition":[68.143,274.944,-33.372],"stabilizedTipPosition":[55.1431,226.143,-3.90932],"timeVisible":0.289187,"tipPosition":[60.8929,237.836,-16.3437],"tipVelocity":[32.381,157.849,-164.772],"tool":false,"touchDistance":0.333333,"touchZone":"none","type":3,"width":18.027},{"bases":[[[0.863808,-0.460922,-0.203438],[0.484999,0.651394,0.583491],[-0.136425,-0.602691,0.786226]],[[0.837404,-0.538233,-0.0951834],[0.42223,0.747586,-0.512676],[0.347097,0.389128,0.85329]],[[0.837404,-0.538233,-0.0951834],[-0.179364,-0.106101,-0.978045],[0.516317,0.836091,-0.185389]],[[0.837404,-0.538233,-0.0951834],[-0.440965,-0.562369,-0.699494],[0.322962,0.627731,-0.708272]]],"btipPosition":[73.4077,244.659,-11.1628],"carpPosition":[93.3801,250.627,48.5982],"dipPosition":[78.9591,255.449,-23.3373],"direction":[-0.516317,-0.836091,0.185389],"extended":false,"handId":714,"id":7144,"length":50.3709,"mcpPosition":[101.269,285.478,3.13486],"pipPosition":[89.0297,271.756,-26.9533],"stabilizedTipPosition":[73.112,240.937,-8.15227],"timeVisible":0.289187,"tipPosition":[75.0063,246.321,-12.5136],"tipVelocity":[33.5662,155.992,-145.736],"tool":false,"touchDistance":0.333333,"touchZone":"none","type":4,"width":16.013}],"r":[[0.9413,0.0634225,0.331558],[-0.118548,0.981741,0.148767],[-0.316069,-0.17934,0.931632]],"s":0.853421,"t":[68.3574,77.1319,-90.9465],"timestamp":524073925480},false],[6,{"currentFrameRate":94.8487,"devices":[],"gestures":[],"hands":[{"armBasis":[[0.924009,0.0571476,-0.378076],[0.0919124,0.926582,0.364688],[0.37116,-0.371725,0.850918]],"armWidth":63.5437,"confidence":0.642154,"direction":[-0.107342,0.711047,-0.694902],"elbow":[178.861,144.103,285.001],"grabStrength":0,"id":714,"palmNormal":[-0.146304,-0.702628,-0.696354],"palmPosition":[65.0387,279.658,16.832],"palmVelocity":[25.4425,109.739,-81.2009],"palmWidth":90.7382,"pinchStrength":0.867786,"r":[[0.940606,0.0644393,0.333329],[-0.119449,0.98186,0.147253],[-0.317793,-0.178323,0.93124]],"s":0.84899,"sphereCenter":[56.4355,261.697,-27.5842],"sphereRadius":46.2046,"stabilizedPalmPosition":[64.0392,276.029,19.6365],"t":[68.4812,77.8832,-91.487],"timeVisible":0.29825,"type":"right","wrist":[78.9248,244.19,55.8887]}],"id":4312839,"interactionBox":{"center":[0,200,0],"size":[235.247,235.247,147.751]},"pointables":[{"bases":[[[0.50563,0.756366,0.415029],[-0.684112,0.0583932,0.727035],[0.52567,-0.651537,0.546965]],[[0.272331,0.945152,0.180342],[-0.791095,0.113244,0.60112],[0.547727,-0.306371,0.778545]],[[0.272331,0.945152,0.180342],[-0.954301,0.241337,0.176254],[0.123063,-0.2201,0.967684]],[[0.272331,0.945152,0.180342],[-0.870613,0.32185,-0.372083],[-0.409718,-0.055678,0.910511]]],"btipPosition":[27.8707,258.996,-37.0464],"carpPosition":[49.7582,234.962,55.8619],"dipPosition":[18.3084,257.697,-15.7961],"direction":[-0.123063,0.2201,-0.967684],"extended":false,"handId":714,"id":7140,"length":51.9721,"mcpPosition":[49.7582,234.962,55.8619],"pipPosition":[22.4927,250.213,17.1063],"stabilizedTipPosition":[20.6347,251.734,-23.5824],"timeVisible":0.29825,"tipPosition":[25.0724,259.622,-31.6969],"tipVelocity":[45.363,84.6101,-92.3606],"tool":false,"touchDistance":-0.35851,"touchZone":"hovering","type":0,"width":20.194},{"bases":[[[0.951415,0.092849,-0.293578],[0.104495,0.799505,0.5915],[0.289638,-0.59344,0.750959]],[[0.967432,0.0561639,-0.246822],[0.0724032,0.872941,0.482423],[0.242556,-0.484582,0.840444]],[[0.967432,0.0561639,-0.246822],[0.0240758,0.950239,0.310591],[0.251984,-0.306418,0.917939]],[[0.967432,0.0561639,-0.246822],[-0.0136481,0.98523,0.170693],[0.252764,-0.161765,0.953909]]],"btipPosition":[17.3532,330.475,-68.8993],"carpPosition":[59.3751,256.034,60.5817],"dipPosition":[21.6599,327.719,-52.6463],"direction":[-0.251984,0.306418,-0.917939],"extended":true,"handId":714,"id":7141,"length":58.6448,"mcpPosition":[38.1256,299.572,5.48687],"pipPosition":[27.7336,320.333,-30.5207],"stabilizedTipPosition":[16.3023,323.819,-58.1855],"timeVisible":0.29825,"tipPosition":[19.0692,330.667,-64.9756],"tipVelocity":[17.437,83.299,-96.8928],"tool":false,"touchDistance":-0.291852,"touchZone":"hovering","type":1,"width":19.2893},{"bases":[[[0.949952,-0.125846,-0.285928],[0.270173,0.790469,0.549695],[0.15684,-0.599434,0.784908]],[[0.952511,-0.13615,-0.272369],[-0.0199306,0.864679,-0.501929],[0.30385,0.483522,0.820903]],[[0.952511,-0.13615,-0.272369],[-0.292012,-0.15486,-0.943794],[0.0863185,0.97851,-0.187263]],[[0.952511,-0.13615,-0.272369],[-0.288991,-0.686044,-0.667704],[-0.0959494,0.714708,-0.692811]]],"btipPosition":[44.7723,236.19,-18.1961],"carpPosition":[70.9393,258.867,57.5785],"dipPosition":[42.9742,249.583,-31.1793],"direction":[-0.0863185,-0.97851,0.187263],"extended":false,"handId":714,"id":7142,"length":66.821,"mcpPosition":[60.0272,300.573,2.96866],"pipPosition":[45.422,277.331,-36.4897],"stabilizedTipPosition":[41.8647,231.654,-13.2619],"timeVisible":0.29825,"tipPosition":[44.7081,238.673,-19.8009],"tipVelocity":[21.2879,127.561,-127.245],"tool":false,"touchDistance":0.333333,"touchZone":"none","type":2,"width":18.9446},{"bases":[[[0.93959,-0.271915,-0.207925],[0.342214,0.759947,0.552603],[0.00775114,-0.590376,0.807091]],[[0.939622,-0.276734,-0.201318],[0.141545,0.84988,-0.507612],[0.311569,0.448468,0.837736]],[[0.939622,-0.276734,-0.201318],[-0.24364,-0.127856,-0.961401],[0.240312,0.952403,-0.187559]],[[0.939622,-0.276734,-0.201318],[-0.33749,-0.651935,-0.679029],[0.056664,0.705974,-0.705967]]],"btipPosition":[60.5735,235.966,-15.463],"carpPosition":[82.6344,258.533,53.9442],"dipPosition":[61.6292,249.12,-28.6168],"direction":[-0.240312,-0.952403,0.187559],"extended":false,"handId":714,"id":7143,"length":64.2502,"mcpPosition":[82.1502,295.412,3.52792],"pipPosition":[68.2679,275.43,-33.7982],"stabilizedTipPosition":[55.9152,227.892,-5.89347],"timeVisible":0.29825,"tipPosition":[61.0465,238.359,-16.72],"tipVelocity":[28.2769,129.819,-129.944],"tool":false,"touchDistance":0.333333,"touchZone":"none","type":3,"width":18.027},{"bases":[[[0.864626,-0.460219,-0.201544],[0.48352,0.653239,0.582655],[-0.136492,-0.60123,0.787333]],[[0.835765,-0.542396,-0.0854612],[0.43513,0.749168,-0.499409],[0.334902,0.380202,0.862141]],[[0.835765,-0.542396,-0.0854612],[-0.163585,-0.0973837,-0.981711],[0.524154,0.834459,-0.170118]],[[0.835765,-0.542396,-0.0854612],[-0.434358,-0.557864,-0.707192],[0.335903,0.628167,-0.701838]]],"btipPosition":[73.5345,245.604,-12.297],"carpPosition":[93.4483,251.318,48.2485],"dipPosition":[79.3084,256.402,-24.3609],"direction":[-0.524154,-0.834459,0.170118],"extended":false,"handId":714,"id":7144,"length":50.3709,"mcpPosition":[101.341,286.084,2.72122],"pipPosition":[89.5318,272.678,-27.679],"stabilizedTipPosition":[73.4441,242.294,-9.46508],"timeVisible":0.29825,"tipPosition":[75.1504,247.248,-13.5587],"tipVelocity":[29.7204,141.783,-139.274],"tool":false,"touchDistance":0.333333,"touchZone":"none","type":4,"width":16.013}],"r":[[0.940606,0.0644393,0.333329],[-0.119449,0.98186,0.147253],[-0.317793,-0.178323,0.93124]],"s":0.84899,"t":[68.4812,77.8832,-91.487],"timestamp":524073934543},false],[7,{"currentFrameRate":95.589,"devices":[],"ge