{"sensorType":"Leap","data":[[0,{"currentFrameRate":109.346,"devices":[],"gestures":[],"hands":[{"armBasis":[[0.930474,0.181622,-0.31817],[-0.0583729,0.930869,0.360661],[0.361678,-0.317013,0.876751]],"armWidth":63.5437,"confidence":0.746048,"direction":[-0.202419,0.600885,-0.773281],"elbow":[156.597,188.103,307.483],"grabStrength":0,"id":721,"palmNormal":[-0.000823793,-0.789731,-0.613452],"palmPosition":[40.866,301.476,28.3503],"palmVelocity":[-3.48917,-41.2834,-129.134],"palmWidth":90.7382,"pinchStrength":0.828602,"r":[[0.961816,0.170901,0.213784],[-0.163417,0.985168,-0.0523385],[-0.219558,0.0154041,0.975478]],"s":0.982667,"sphereCenter":[40.2656,276.058,-14.8847],"sphereRadius":47.2441,"stabilizedPalmPosition":[42.2043,305.618,42.7518],"t":[19.445,33.5952,-111.296],"timeVisible":0.695948,"type":"right","wrist":[59.2142,273.46,71.4157]}],"id":4315325,"interactionBox":{"center":[0,200,0],"size":[235.247,235.247,147.751]},"pointables":[{"bases":[[[0.355305,0.87332,0.333271],[-0.708768,0.0192526,0.705179],[0.609431,-0.486766,0.625822]],[[0.105019,0.991368,0.0784872],[-0.818228,0.0412803,0.57341],[0.56522,-0.124439,0.815501]],[[0.105019,0.991368,0.0784872],[-0.98277,0.0913883,0.16066],[0.152101,-0.0940072,0.983884]],[[0.105019,0.991368,0.0784872],[-0.873358,0.129688,-0.469496],[-0.475623,-0.0192416,0.879439]]],"btipPosition":[9.84799,269.231,-22.5673],"carpPosition":[32.0555,259.391,72.0063],"dipPosition":[-1.25249,268.782,-2.04219],"direction":[-0.152101,0.0940072,-0.983884],"extended":false,"handId":721,"id":7210,"length":51.9721,"mcpPosition":[32.0555,259.391,72.0063],"pipPosition":[3.91913,265.586,31.4111],"stabilizedTipPosition":[7.39511,273.602,-5.5323],"timeVisible":0.695948,"tipPosition":[7.03425,269.786,-17.1871],"tipVelocity":[-1.61791,-47.7294,-136.457],"tool":false,"touchDistance":-0.446096,"touchZone":"touching","type":0,"width":20.194},{"bases":[[[0.93141,0.222673,-0.287911],[-0.053177,0.865787,0.497579],[0.360067,-0.448139,0.818244]],[[0.957354,0.185905,-0.221161],[-0.0982413,0.929336,0.355925],[0.271701,-0.319019,0.907968]],[[0.957354,0.185905,-0.221161],[-0.149409,0.973743,0.171761],[0.247285,-0.131392,0.959993]],[[0.957354,0.185905,-0.221161],[-0.184492,0.982457,0.0272183],[0.222341,0.0147449,0.974857]]],"btipPosition":[-10.018,331.658,-64.2541],"carpPosition":[37.7881,282.196,74.4268],"dipPosition":[-6.22969,331.909,-47.6441],"direction":[-0.247285,0.131392,-0.959993],"extended":true,"handId":721,"id":7211,"length":58.6448,"mcpPosition":[11.3714,315.074,14.3956],"pipPosition":[-0.269245,328.742,-24.505],"stabilizedTipPosition":[-7.80861,336.18,-50.3089],"timeVisible":0.695948,"tipPosition":[-8.58203,332.088,-60.5107],"tipVelocity":[-17.0211,-64.9174,-129.892],"tool":false,"touchDistance":-0.43714,"touchZone":"touching","type":1,"width":19.2893},{"bases":[[[0.96682,0.00920079,-0.255294],[0.112972,0.88092,0.459584],[0.229122,-0.473176,0.850651]],[[0.968987,0.00463121,-0.247068],[-0.171076,0.734054,-0.657189],[0.178318,0.679075,0.712081]],[[0.968987,0.00463121,-0.247068],[-0.245106,-0.109126,-0.963335],[-0.0314229,0.994017,-0.104606]],[[0.968987,0.00463121,-0.247068],[-0.207573,-0.527242,-0.823972],[-0.134081,0.849703,-0.509929]]],"btipPosition":[27.6916,242.803,-9.59559],"carpPosition":[48.8002,286.634,71.2935],"dipPosition":[25.1789,258.726,-19.1517],"direction":[0.0314229,-0.994017,0.104606],"extended":false,"handId":721,"id":7212,"length":66.821,"mcpPosition":[32.8591,319.555,12.1096],"pipPosition":[24.2879,286.914,-22.1181],"stabilizedTipPosition":[30.939,251.865,10.3283],"timeVisible":0.695948,"tipPosition":[27.431,246.165,-10.6638],"tipVelocity":[-18.4495,-40.1393,-132.08],"tool":false,"touchDistance":0.333333,"touchZone":"none","type":2,"width":18.9446},{"bases":[[[0.978713,-0.126965,-0.161246],[0.189005,0.863793,0.467053],[0.0799834,-0.487587,0.869403]],[[0.98004,-0.136077,-0.144931],[-0.00380669,0.716045,-0.698044],[0.198764,0.684662,0.701235]],[[0.98004,-0.136077,-0.144931],[-0.162191,-0.125723,-0.978717],[0.11496,0.982689,-0.145285]],[[0.98004,-0.136077,-0.144931],[-0.195644,-0.530768,-0.824627],[0.0352881,0.836522,-0.546796]]],"btipPosition":[42.8149,245.143,-3.45329],"carpPosition":[60.5007,287.924,67.898],"dipPosition":[43.4724,260.729,-13.6414],"direction":[-0.11496,-0.982688,0.145285],"extended":false,"handId":721,"id":7213,"length":64.2502,"mcpPosition":[55.5044,318.382,13.5893],"pipPosition":[46.6482,287.876,-17.6549],"stabilizedTipPosition":[46.7958,254.931,18.5301],"timeVisible":0.695948,"tipPosition":[43.1941,248.422,-4.544],"tipVelocity":[-16.7048,-40.996,-135.42],"tool":false,"touchDistance":0.333333,"touchZone":"none","type":3,"width":18.027},{"bases":[[[0.93662,-0.323511,-0.134477],[0.345249,0.787037,0.51125],[-0.0595568,-0.525275,0.848846]],[[0.913274,-0.407219,0.0101502],[0.306371,0.670253,-0.675943],[0.268453,0.620431,0.736884]],[[0.913274,-0.407219,0.0101502],[-0.0333025,-0.0994763,-0.994482],[0.405982,0.907897,-0.104411]],[[0.913274,-0.407219,0.0101502],[-0.201709,-0.473743,-0.857252],[0.353898,0.780859,-0.514797]]],"btipPosition":[52.5483,259.466,-0.953062],"carpPosition":[72.5722,282.1,63.2294],"dipPosition":[58.6315,272.889,-9.80195],"direction":[-0.405982,-0.907897,0.104411],"extended":false,"handId":721,"id":7214,"length":50.3709,"mcpPosition":[76.016,312.474,14.1451],"pipPosition":[66.55,290.597,-11.8384],"stabilizedTipPosition":[57.0115,268.513,20.0075],"timeVisible":0.695948,"tipPosition":[54.1289,262.201,-1.9439],"tipVelocity":[-12.9689,-42.4779,-134.793],"tool":false,"touchDistance":0.333333,"touchZone":"none","type":4,"width":16.013}],"r":[[0.961816,0.170901,0.213784],[-0.163417,0.985168,-0.0523385],[-0.219558,0.0154041,0.975478]],"s":0.982667,"t":[19.445,33.5952,-111.296],"timestamp":524099608033},false],[1,{"currentFrameRate":109.398,"devices":[],"gestures":[],"hands":[{"armBasis":[[0.93323,0.177409,-0.312424],[-0.0563216,0.931069,0.360469],[0.354839,-0.318804,0.878893]],"armWidth":63.5437,"confidence":0.752745,"direction":[-0.200304,0.59947,-0.774928],"elbow":[154.77,187.279,307.263],"grabStrength":0,"id":721,"palmNormal":[-0.00186507,-0.79119,-0.611568],"palmPosition":[40.9867,301.071,27.467],"palmVelocity":[1.15163,-42.2456,-120.442],"palmWidth":90.7382,"pinchStrength":0.829775,"r":[[0.962055,0.169861,0.213536],[-0.162087,0.985323,-0.0535348],[-0.219496,0.0168919,0.975467]],"s":0.98097,"sphereCenter":[40.2962,275.533,-15.6766],"sphereRadius":47.1989,"stabilizedPalmPosition":[42.2003,305.603,42.7007],"t":[19.5045,33.1761,-112.314],"timeVisible":0.704996,"type":"right","wrist":[59.2288,273.118,70.6188]}],"id":4315326,"interactionBox":{"center":[0,200,0],"size":[235.247,235.247,147.751]},"pointables":[{"bases":[[[0.356824,0.873349,0.331568],[-0.709477,0.0224557,0.704371],[0.607716,-0.486576,0.627634]],[[0.107371,0.991268,0.076547],[-0.820276,0.0448171,0.57021],[0.5618,-0.124014,0.817925]],[[0.107371,0.991268,0.076547],[-0.98282,0.0941993,0.158718],[0.150121,-0.0922736,0.984352]],[[0.107371,0.991268,0.076547],[-0.873674,0.130819,-0.468593],[-0.474515,-0.016564,0.880092]]],"btipPosition":[10.0435,268.807,-23.5116],"carpPosition":[32.0392,259.11,71.2137],"dipPosition":[-1.03117,268.42,-2.97131],"direction":[-0.150121,0.0922736,-0.984352],"extended":false,"handId":721,"id":7210,"length":51.9721,"mcpPosition":[32.0392,259.11,71.2137],"pipPosition":[4.07313,265.283,30.4979],"stabilizedTipPosition":[7.39608,273.555,-5.65899],"timeVisible":0.704996,"tipPosition":[7.21344,269.329,-18.1278],"tipVelocity":[4.96841,-47.0641,-127.5],"tool":false,"touchDistance":-0.443932,"touchZone":"touching","type":0,"width":20.194},{"bases":[[[0.932192,0.219988,-0.287443],[-0.0518487,0.867085,0.495455],[0.358231,-0.446956,0.819696]],[[0.957472,0.184165,-0.222105],[-0.0972659,0.930757,0.352463],[0.271637,-0.31587,0.909087]],[[0.957472,0.184165,-0.222105],[-0.148628,0.974619,0.167415],[0.2473,-0.127285,0.960542]],[[0.957472,0.184165,-0.222105],[-0.183835,0.982703,0.0223419],[0.222378,0.019439,0.974767]]],"btipPosition":[-9.85138,330.969,-65.261],"carpPosition":[37.8182,281.908,73.5861],"dipPosition":[-6.06244,331.3,-48.6526],"direction":[-0.2473,0.127285,-0.960542],"extended":true,"handId":721,"id":7211,"length":58.6448,"mcpPosition":[11.5362,314.699,13.4483],"pipPosition":[-0.101652,328.232,-25.5002],"stabilizedTipPosition":[-7.83136,336.08,-50.5251],"timeVisible":0.704996,"tipPosition":[-8.40822,331.451,-61.5126],"tipVelocity":[-7.24223,-67.4585,-124.772],"tool":false,"touchDistance":-0.436869,"touchZone":"touching","type":1,"width":19.2893},{"bases":[[[0.967109,0.006518,-0.254279],[0.114373,0.88177,0.457603],[0.227198,-0.471635,0.852022]],[[0.969303,0.00186484,-0.245861],[-0.168506,0.733229,-0.658772],[0.179044,0.679979,0.711036]],[[0.969303,0.00186484,-0.245861],[-0.244168,-0.110106,-0.963462],[-0.0288676,0.993918,-0.106271]],[[0.969303,0.00186484,-0.245861],[-0.207826,-0.528104,-0.823356],[-0.131376,0.849178,-0.511505]]],"btipPosition":[27.7104,242.345,-10.4035],"carpPosition":[48.8432,286.315,70.454],"dipPosition":[25.2484,258.259,-19.9891],"direction":[0.0288676,-0.993918,0.106271],"extended":false,"handId":721,"id":7212,"length":66.821,"mcpPosition":[33.0359,319.128,11.1746],"pipPosition":[24.4298,286.444,-23.0027],"stabilizedTipPosition":[30.9358,251.86,10.3091],"timeVisible":0.704996,"tipPosition":[27.4549,245.713,-11.4966],"tipVelocity":[-12.4333,-43.0864,-120.485],"tool":false,"touchDistance":0.333333,"touchZone":"none","type":2,"width":18.9446},{"bases":[[[0.97861,-0.129448,-0.159893],[0.190361,0.864498,0.465194],[0.0780089,-0.485681,0.870648]],[[0.979909,-0.138601,-0.143416],[-0.00132028,0.714553,-0.69958],[0.199441,0.685714,0.700014]],[[0.979909,-0.138601,-0.143416],[-0.161269,-0.127536,-0.978635],[0.117349,0.982102,-0.147326]],[[0.979909,-0.138601,-0.143416],[-0.195826,-0.532249,-0.823628],[0.037822,0.835165,-0.548697]]],"btipPosition":[42.8443,244.666,-4.21495],"carpPosition":[60.55,287.572,67.0679],"dipPosition":[43.549,260.227,-14.4384],"direction":[-0.117349,-0.982102,0.147326],"extended":false,"handId":721,"id":7213,"length":64.2502,"mcpPosition":[55.677,317.91,12.6814],"pipPosition":[46.7908,287.358,-18.5084],"stabilizedTipPosition":[46.7937,254.927,18.5162],"timeVisible":0.704996,"tipPosition":[43.2295,247.944,-5.33092],"tipVelocity":[-10.8725,-44.412,-121.535],"tool":false,"touchDistance":0.333333,"touchZone":"none","type":3,"width":18.027},{"bases":[[[0.936066,-0.325839,-0.132701],[0.346392,0.787513,0.509742],[-0.0615898,-0.523118,0.850032]],[[0.912054,-0.40985,0.0134059],[0.310176,0.668123,-0.676315],[0.268231,0.620994,0.73649]],[[0.912054,-0.40985,0.0134059],[-0.0309435,-0.101385,-0.994366],[0.4089,0.906501,-0.10515]],[[0.912054,-0.40985,0.0134059],[-0.200942,-0.475184,-0.856634],[0.357462,0.778603,-0.51575]]],"btipPosition":[52.5973,258.998,-1.78014],"carpPosition":[72.6139,281.71,62.4261],"dipPosition":[58.7417,272.381,-10.6454],"direction":[-0.4089,-0.906501,0.10515],"extended":false,"handId":721,"id":7214,"length":50.3709,"mcpPosition":[76.1754,311.96,13.2733],"pipPosition":[66.7172,290.062,-12.6963],"stabilizedTipPosition":[57.0097,268.509,19.9927],"timeVisible":0.704996,"tipPosition":[54.1873,261.727,-2.79054],"tipVelocity":[-7.4692,-45.3093,-122.942],"tool":false,"touchDistance":0.333333,"touchZone":"none","type":4,"width":16.013}],"r":[[0.962055,0.169861,0.213536],[-0.162087,0.985323,-0.0535348],[-0.219496,0.0168919,0.975467]],"s":0.98097,"t":[19.5045,33.1761,-112.314],"timestamp":524099617081},false],[2,{"currentFrameRate":109.461,"devices":[],"gestures":[],"hands":[{"armBasis":[[0.932953,0.177836,-0.313006],[-0.0565948,0.931108,0.360326],[0.355521,-0.318453,0.878745]],"armWidth":63.5437,"confidence":0.756781,"direction":[-0.201416,0.60055,-0.773803],"elbow":[155.103,187.13,306.417],"grabStrength":0,"id":721,"palmNormal":[-0.00226799,-0.790277,-0.612745],"palmPosition":[41.076,300.885,26.7235],"palmVelocity":[3.55893,-36.2993,-109.973],"palmWidth":90.7382,"pinchStrength":0.830145,"r":[[0.962281,0.169038,0.213169],[-0.16111,0.985449,-0.0541609],[-0.219223,0.0177742,0.975513]],"s":0.978741,"sphereCenter":[40.2818,275.372,-16.4508],"sphereRadius":47.1445,"stabilizedPalmPosition":[42.1973,305.59,42.6579],"t":[19.5789,32.8735,-113.195],"timeVisible":0.714019,"type":"right","wrist":[59.378,272.874,69.8127]}],"id":4315327,"interactionBox":{"center":[0,200,0],"size":[235.247,235.247,147.751]},"pointables":[{"bases":[[[0.356875,0.872989,0.332462],[-0.708678,0.0211371,0.705215],[0.608618,-0.487282,0.626211]],[[0.10755,0.991106,0.0783727],[-0.820763,0.0440263,0.56957],[0.561053,-0.125583,0.818198]],[[0.10755,0.991106,0.0783727],[-0.982685,0.0940114,0.15966],[0.150872,-0.0941872,0.984056]],[[0.10755,0.991106,0.0783727],[-0.874669,0.131801,-0.466458],[-0.472638,-0.0183824,0.881065]]],"btipPosition":[10.1665,268.738,-24.3337],"carpPosition":[32.1945,258.855,70.4179],"dipPosition":[-0.864308,268.309,-3.77072],"direction":[-0.150872,0.0941872,-0.984056],"extended":false,"handId":721,"id":7210,"length":51.9721,"mcpPosition":[32.1945,258.855,70.4179],"pipPosition":[4.26552,265.106,29.6884],"stabilizedTipPosition":[7.39779,273.519,-5.76125],"timeVisible":0.714019,"tipPosition":[7.32961,269.198,-18.9518],"tipVelocity":[7.66144,-36.52,-117.328],"tool":false,"touchDistance":-0.440126,"touchZone":"touching","type":0,"width":20.194},{"bases":[[[0.93178,0.220768,-0.288181],[-0.0516073,0.866325,0.496807],[0.359338,-0.448043,0.818617]],[[0.956526,0.185866,-0.224749],[-0.0981633,0.930833,0.352014],[0.274631,-0.314648,0.908611]],[[0.956526,0.185866,-0.224749],[-0.15039,0.974602,0.165934],[0.249882,-0.124921,0.960184]],[[0.956526,0.185866,-0.224749],[-0.186141,0.982316,0.0201601],[0.224521,0.0225512,0.974208]]],"btipPosition":[-10.0102,330.63,-65.9119],"carpPosition":[37.9676,281.652,72.8176],"dipPosition":[-6.18478,331.014,-49.313],"direction":[-0.249882,0.124921,-0.960184],"extended":true,"handId":721,"id":7211,"length":58.6448,"mcpPosition":[11.6044,314.523,12.7589],"pipPosition":[-0.161753,328.003,-26.1692],"stabilizedTipPosition":[-7.85369,335.988,-50.724],"timeVisible":0.714019,"tipPosition":[-8.55434,331.187,-62.154],"tipVelocity":[-9.83817,-58.8555,-110.353],"tool":false,"touchDistance":-0.431311,"touchZone":"touching","type":1,"width":19.2893},{"bases":[[[0.966815,0.00726261,-0.255376],[0.114566,0.88113,0.458787],[0.228351,-0.472819,0.851057]],[[0.969058,0.0025159,-0.24682],[-0.169339,0.734296,-0.657368],[0.179585,0.678824,0.712002]],[[0.969058,0.0025159,-0.24682],[-0.245101,-0.108443,-0.963414],[-0.0291897,0.9941,-0.104471]],[[0.969058,0.0025159,-0.24682],[-0.208528,-0.526686,-0.824086],[-0.13207,0.850056,-0.509864]]],"btipPosition":[27.7704,242.214,-11.2391],"carpPosition":[48.9873,286.067,69.6795],"dipPosition":[25.2954,258.144,-20.794],"direction":[0.0291897,-0.994099,0.104471],"extended":false,"handId":721,"id":7212,"length":66.821,"mcpPosition":[33.0998,318.964,10.4673],"pipPosition":[24.4676,286.334,-23.7565],"stabilizedTipPosition":[30.9333,251.856,10.2929],"timeVisible":0.714019,"tipPosition":[27.5096,245.589,-12.342],"tipVelocity":[-7.2727,-35.1111,-112.599],"tool":false,"touchDistance":0.333333,"touchZone":"none","type":2,"width":18.9446},{"bases":[[[0.978475,-0.12884,-0.161206],[0.190569,0.863875,0.466265],[0.0791887,-0.486949,0.869833]],[[0.979854,-0.138481,-0.143908],[0.000988118,0.723915,-0.689888],[0.199713,0.675847,0.709468]],[[0.979854,-0.138481,-0.143908],[-0.160169,-0.114461,-0.980431],[0.119299,0.983728,-0.134336]],[[0.979854,-0.138481,-0.143908],[-0.195786,-0.523814,-0.829027],[0.0394235,0.840501,-0.540374]]],"btipPosition":[42.8144,244.802,-5.88524],"carpPosition":[60.6897,287.334,66.2819],"dipPosition":[43.549,260.463,-15.9537],"direction":[-0.119299,-0.983728,0.134336],"extended":false,"handId":721,"id":7213,"length":64.2502,"mcpPosition":[55.7431,317.752,11.9463],"pipPosition":[46.8447,287.639,-19.6647],"stabilizedTipPosition":[46.7922,254.925,18.5051],"timeVisible":0.714019,"tipPosition":[43.2163,248.051,-6.83874],"tipVelocity":[-8.58051,-27.3263,-137.943],"tool":false,"touchDistance":0.333333,"touchZone":"none","type":3,"width":18.027},{"bases":[[[0.936036,-0.325287,-0.134259],[0.34668,0.786882,0.510519],[-0.0604195,-0.524409,0.84932]],[[0.912088,-0.409811,0.0122833],[0.309769,0.669186,-0.67545],[0.268587,0.619875,0.737303]],[[0.912088,-0.409811,0.0122833],[-0.0315501,-0.100027,-0.994484],[0.408779,0.906669,-0.104163]],[[0.912088,-0.409811,0.0122833],[-0.201499,-0.474151,-0.857076],[0.357063,0.779253,-0.515044]]],"btipPosition":[52.6628,258.871,-2.60766],"carpPosition":[72.7506,281.484,61.6175],"dipPosition":[58.8004,272.266,-11.4608],"direction":[-0.408779,-0.906669,0.104163],"extended":false,"handId":721,"id":7214,"length":50.3709,"mcpPosition":[76.2443,311.808,12.5058],"pipPosition":[66.7736,289.95,-13.4925],"stabilizedTipPosition":[57.0081,268.506,19.9801],"timeVisible":0.714019,"tipPosition":[54.2512,261.603,-3.63083],"tipVelocity":[-3.46163,-36.6283,-114.263],"tool":false,"touchDistance":0.333333,"touchZone":"none","type":4,"width":16.013}],"r":[[0.962281,0.169038,0.213169],[-0.16111,0.985449,-0.0541609],[-0.219223,0.0177742,0.975513]],"s":0.978741,"t":[19.5789,32.8735,-113.195],"timestamp":524099626104},false],[3,{"currentFrameRate":109.419,"devices":[],"gestures":[],"hands":[{"armBasis":[[0.933632,0.176839,-0.311543],[-0.0567459,0.931691,0.358793],[0.353711,-0.317301,0.879891]],"armWidth":63.5437,"confidence":0.761357,"direction":[-0.200867,0.600618,-0.773893],"elbow":[154.759,187.22,306.1],"grabStrength":0,"id":721,"palmNormal":[-0.00227285,-0.790278,-0.612745],"palmPosition":[41.248,300.672,26.09],"palmVelocity":[7.79169,-32.6185,-98.4292],"palmWidth":90.7382,"pinchStrength":0.830498,"r":[[0.962454,0.168313,0.212961],[-0.160255,0.98556,-0.0546766],[-0.219089,0.0184955,0.97553]],"s":0.976597,"sphereCenter":[40.3636,275.123,-17.0659],"sphereRadius":47.101,"stabilizedPalmPosition":[42.1951,305.579,42.621],"t":[19.7021,32.6155,-113.952],"timeVisible":0.723233,"type":"right","wrist":[59.5213,272.655,69.1872]}],"id":4315328,"interactionBox":{"center":[0,200,0],"size":[235.247,235.247,147.751]},"pointables":[{"bases":[[[0.357032,0.872865,0.332618],[-0.708981,0.0213843,0.704903],[0.608173,-0.487493,0.62648]],[[0.108298,0.990986,0.0788618],[-0.821841,0.0446152,0.567967],[0.559329,-0.126322,0.819264]],[[0.108298,0.990986,0.0788618],[-0.982711,0.0947353,0.159071],[0.150166,-0.0947254,0.984112]],[[0.108298,0.990986,0.0788618],[-0.875876,0.132639,-0.463949],[-0.470227,-0.0188283,0.882345]]],"btipPosition":[10.3583,268.593,-25.056],"carpPosition":[32.3326,258.645,69.7804],"dipPosition":[-0.616248,268.154,-4.46314],"direction":[-0.150166,0.0947254,-0.984113],"extended":false,"handId":721,"id":7210,"length":51.9721,"mcpPosition":[32.3326,258.645,69.7804],"pipPosition":[4.48957,264.933,28.9979],"stabilizedTipPosition":[7.4003,273.49,-5.84477],"timeVisible":0.723233,"tipPosition":[7.53828,269.006,-19.6689],"tipVelocity":[11.7388,-30.7636,-106.213],"tool":false,"touchDistance":-0.435178,"touchZone":"touching","type":0,"width":20.194},{"bases":[[[0.931983,0.220444,-0.287771],[-0.051525,0.866344,0.496784],[0.358822,-0.448166,0.818776]],[[0.956101,0.186482,-0.226044],[-0.0988661,0.931428,0.350238],[0.275857,-0.312515,0.908976]],[[0.956101,0.186482,-0.226044],[-0.151478,0.974841,0.163521],[0.25085,-0.122102,0.960294]],[[0.956101,0.186482,-0.226044],[-0.187447,0.982121,0.0173869],[0.225245,0.0257476,0.973962]]],"btipPosition":[-9.91552,330.213,-66.5725],"carpPosition":[38.1126,281.439,72.1827],"dipPosition":[-6.07773,330.652,-49.9778],"direction":[-0.25085,0.122102,-0.960294],"extended":true,"handId":721,"id":7211,"length":58.6448,"mcpPosition":[11.7873,314.32,12.1124],"pipPosition":[-0.031354,327.709,-26.8314],"stabilizedTipPosition":[-7.87224,335.899,-50.9133],"timeVisible":0.723233,"tipPosition":[-8.45147,330.824,-62.8074],"tipVelocity":[-4.11666,-54.6651,-99.5555],"tool":false,"touchDistance":-0.426437,"touchZone":"touching","type":1,"width":19.2893},{"bases":[[[0.966929,0.00692636,-0.254951],[0.11467,0.88109,0.458836],[0.227813,-0.472897,0.851158]],[[0.969254,0.00199032,-0.246053],[-0.168228,0.735115,-0.656738],[0.17957,0.677939,0.712849]],[[0.969254,0.00199032,-0.246053],[-0.244432,-0.10708,-0.963736],[-0.0282654,0.994248,-0.103301]],[[0.969254,0.00199032,-0.246053],[-0.208298,-0.525685,-0.824783],[-0.130988,0.850677,-0.509108]]],"btipPosition":[27.9101,242.03,-11.9643],"carpPosition":[49.1353,285.851,69.0494],"dipPosition":[25.4554,257.972,-21.5049],"direction":[0.0282654,-0.994248,0.103301],"extended":false,"handId":721,"id":7212,"length":66.821,"mcpPosition":[33.2852,318.753,9.83017],"pipPosition":[24.6538,286.166,-24.4343],"stabilizedTipPosition":[30.9313,251.853,10.2792],"timeVisible":0.723233,"tipPosition":[27.6506,245.41,-13.0791],"tipVelocity":[-0.847156,-30.7864,-103.005],"tool":false,"touchDistance":0.333333,"touchZone":"none","type":2,"width":18.9446},{"bases":[[[0.978501,-0.12918,-0.160776],[0.190663,0.86381,0.466348],[0.0786367,-0.486976,0.869868]],[[0.979906,-0.139124,-0.142932],[0.00288702,0.726406,-0.68726],[0.19944,0.673037,0.712211]],[[0.979906,-0.139124,-0.142932],[-0.158838,-0.11085,-0.981062],[0.120645,0.984051,-0.130721]],[[0.979906,-0.139124,-0.142932],[-0.195199,-0.521519,-0.830611],[0.0410159,0.841821,-0.538197]]],"btipPosition":[42.9441,244.676,-6.77503],"carpPosition":[60.8397,287.114,65.6569],"dipPosition":[43.7084,260.361,-16.8029],"direction":[-0.120645,-0.984051,0.130721],"extended":false,"handId":721,"id":7213,"length":64.2502,"mcpPosition":[55.9275,317.533,11.3192],"pipPosition":[47.0412,287.545,-20.4141],"stabilizedTipPosition":[46.791,254.922,18.4967],"timeVisible":0.723233,"tipPosition":[43.3449,247.928,-7.74619],"tipVelocity":[-2.02692,-23.3545,-126.071],"tool":false,"touchDistance":0.333333,"touchZone":"none","type":3,"width":18.027},{"bases":[[[0.935982,-0.325613,-0.133846],[0.346728,0.786762,0.510671],[-0.0609755,-0.524387,0.849294]],[[0.911302,-0.411459,0.0151685],[0.313924,0.670499,-0.672223],[0.266421,0.61736,0.740194]],[[0.911302,-0.411459,0.0151685],[-0.0276471,-0.0979069,-0.994811],[0.410809,0.906154,-0.100598]],[[0.911302,-0.411459,0.0151685],[-0.199313,-0.473077,-0.85818],[0.360281,0.779038,-0.513126]]],"btipPosition":[52.8264,258.748,-3.43018],"carpPosition":[72.9005,281.26,60.9979],"dipPosition":[59.0193,272.139,-12.2503],"direction":[-0.410809,-0.906154,0.100598],"extended":false,"handId":721,"id":7214,"length":50.3709,"mcpPosition":[76.4264,311.582,11.8877],"pipPosition":[67.032,289.813,-14.2125],"stabilizedTipPosition":[57.007,268.503,19.9695],"timeVisible":0.723233,"tipPosition":[54.4174,261.467,-4.44008],"tipVelocity":[2.8664,-30.1391,-107.031],"tool":false,"touchDistance":0.333333,"touchZone":"none","type":4,"width":16.013}],"r":[[0.962454,0.168313,0.212961],[-0.160255,0.98556,-0.0546766],[-0.219089,0.0184955,0.97553]],"s":0.976597,"t":[19.7021,32.6155,-113.952],"timestamp":524099635318},false],[4,{"currentFrameRate":109.567,"devices":[],"gestures":[],"hands":[{"armBasis":[[0.933683,0.176332,-0.311678],[-0.0571139,0.932549,0.356497],[0.353517,-0.315054,0.880776]],"armWidth":63.5437,"confidence":0.763003,"direction":[-0.201284,0.599757,-0.774452],"elbow":[154.929,187.554,305.719],"grabStrength":0,"id":721,"palmNormal":[-0.00230892,-0.790923,-0.611912],"palmPosition":[41.4482,300.35,25.4475],"palmVelocity":[11.8018,-33.6017,-91.3987],"palmWidth":90.7382,"pinchStrength":0.842318,"r":[[0.9626,0.167822,0.21269],[-0.159621,0.985629,-0.0552851],[-0.218912,0.0192676,0.975554]],"s":0.974191,"sphereCenter":[40.4598,274.707,-17.6855],"sphereRadius":47.0671,"stabilizedPalmPosition":[42.1937,305.569,42.5891],"t":[19.8639,32.3259,-114.652],"timeVisible":0.732096,"type":"right","wrist":[59.7435,272.383,68.5676]}],"id":4315329,"interactionBox":{"center":[0,200,0],"size":[235.247,235.247,147.751]},"pointables":[{"bases":[[[0.356948,0.873298,0.331571],[-0.708733,0.0219618,0.705135],[0.608511,-0.486692,0.626774]],[[0.10871,0.990977,0.0784005],[-0.822751,0.0454308,0.566584],[0.55791,-0.126098,0.820266]],[[0.10871,0.990977,0.0784005],[-0.982711,0.0952423,0.158772],[0.149873,-0.0943052,0.984198]],[[0.10871,0.990977,0.0784005],[-0.877774,0.13271,-0.460327],[-0.466578,-0.0187757,0.884281]]],"btipPosition":[10.5793,268.289,-25.749],"carpPosition":[32.5583,258.367,69.1854],"dipPosition":[-0.310031,267.851,-5.11094],"direction":[-0.149873,0.0943052,-0.984197],"extended":false,"handId":721,"id":7210,"length":51.9721,"mcpPosition":[32.5583,258.367,69.1854],"pipPosition":[4.78582,264.644,28.353],"stabilizedTipPosition":[7.40333,273.466,-5.913],"timeVisible":0.732096,"tipPosition":[7.77503,268.648,-20.3501],"tipVelocity":[15.916,-31.7126,-98.2998],"tool":false,"touchDistance":-0.430232,"touchZone":"touching","type":0,"width":20.194},{"bases":[[[0.931828,0.220357,-0.288337],[-0.0515482,0.866854,0.49589],[0.359219,-0.447221,0.819118]],[[0.955429,0.187339,-0.228166],[-0.0997564,0.932272,0.347733],[0.277857,-0.309473,0.909407]],[[0.955429,0.187339,-0.228166],[-0.152857,0.975118,0.16056],[0.252568,-0.118527,0.960292]],[[0.955429,0.187339,-0.228166],[-0.189123,0.98185,0.0142259],[0.22669,0.0295594,0.973518]]],"btipPosition":[-9.87521,329.589,-67.2296],"carpPosition":[38.3338,281.166,71.5615],"dipPosition":[-6.01279,330.093,-50.6425],"direction":[-0.252568,0.118527,-0.960292],"extended":true,"handId":721,"id":7211,"length":58.6448,"mcpPosition":[11.9793,313.977,11.4661],"pipPosition":[0.0749762,327.236,-27.4961],"stabilizedTipPosition":[-7.88848,335.809,-51.0954],"timeVisible":0.732096,"tipPosition":[-8.40079,330.248,-63.461],"tipVelocity":[-1.59502,-58.481,-92.7209],"tool":false,"touchDistance":-0.42201,"touchZone":"touching","type":1,"width":19.2893},{"bases":[[[0.966836,0.00688231,-0.255305],[0.11463,0.8816,0.457867],[0.228228,-0.471948,0.851573]],[[0.969394,0.00146165,-0.245508],[-0.165569,0.742263,-0.649333],[0.181282,0.670107,0.719787]],[[0.969394,0.00146165,-0.245508],[-0.244235,-0.0961037,-0.964942],[-0.0250046,0.99537,-0.0928053]],[[0.969394,0.00146165,-0.245508],[-0.209191,-0.518516,-0.829084],[-0.128511,0.855067,-0.50234]]],"btipPosition":[27.8791,241.952,-13.3809],"carpPosition":[49.3543,285.577,68.4197],"dipPosition":[25.4708,257.976,-22.7947],"direction":[0.0250046,-0.99537,0.0928053],"extended":false,"handId":721,"id":7212,"length":66.821,"mcpPosition":[33.4754,318.413,9.17154],"pipPosition":[24.7617,286.203,-25.4265],"stabilizedTipPosition":[30.9298,251.85,10.2688],"timeVisible":0.732096,"tipPosition":[27.6703,245.296,-14.3229],"tipVelocity":[-1.2391,-24.2446,-117.514],"tool":false,"touchDistance":0.333333,"touchZone":"none","type":2,"width":18.9446},{"bases":[[[0.978473,-0.129122,-0.160991],[0.19063,0.864344,0.46537],[0.0790618,-0.486041,0.870352]],[[0.979891,-0.139078,-0.14308],[0.00253657,0.725689,-0.688019],[0.19952,0.67382,0.711448]],[[0.979891,-0.139078,-0.14308],[-0.159114,-0.111933,-0.980894],[0.120405,0.983935,-0.131811]],[[0.979891,-0.139078,-0.14308],[-0.195345,-0.522463,-0.829983],[0.0406784,0.841243,-0.539125]]],"btipPosition":[43.1445,244.321,-7.35909],"carpPosition":[61.0572,286.839,65.0217],"dipPosition":[43.9024,259.996,-17.4042],"direction":[-0.120405,-0.983935,0.131811],"extended":false,"handId":721,"id":7213,"length":64.2502,"mcpPosition":[56.1185,317.2,10.6537],"pipPosition":[47.2287,287.177,-21.0455],"stabilizedTipPosition":[46.7902,254.921,18.49],"timeVisible":0.732096,"tipPosition":[43.5425,247.576,-8.34717],"tipVelocity":[4.6047,-27.9356,-109.884],"tool":false,"touchDistance":0.333333,"touchZone":"none","type":3,"width":18.027},{"bases":[[[0.936009,-0.325536,-0.133839],[0.346728,0.78738,0.509718],[-0.0605491,-0.523506,0.849868]],[[0.910637,-0.412806,0.0182289],[0.317938,0.671819,-0.669011],[0.263925,0.615021,0.743029]],[[0.910637,-0.412806,0.0182289],[-0.0234869,-0.0957547,-0.995128],[0.41254,0.905772,-0.0968933]],[[0.910637,-0.412806,0.0182289],[-0.196852,-0.472192,-0.859235],[0.363305,0.778862,-0.511257]]],"btipPosition":[53.0212,258.513,-4.30113],"carpPosition":[73.1177,280.983,60.3645],"dipPosition":[59.2661,271.901,-13.0892],"direction":[-0.41254,-0.905772,0.0968933],"extended":false,"handId":721,"id":7214,"length":50.3709,"mcpPosition":[76.6189,311.254,11.2212],"pipPosition":[67.3126,289.568,-14.979],"stabilizedTipPosition":[57.0062,268.501,19.9608],"timeVisible":0.732096,"tipPosition":[54.6133,261.218,-5.28519],"tipVelocity":[8.41352,-29.181,-104.43],"tool":false,"touchDistance":0.333333,"touchZone":"none","type":4,"width":16.013}],"r":[[0.9626,0.167822,0.21269],[-0.159621,0.985629,-0.0552851],[-0.218912,0.0192676,0.975554]],"s":0.974191,"t":[19.8639,32.3259,-114.652],"timestamp":524099644181},false],[5,{"currentFrameRate":109.584,"devices":[],"gestures":[],"hands":[{"armBasis":[[0.93417,0.177568,-0.309509],[-0.0591477,0.932447,0.356433],[0.351892,-0.314663,0.881567]],"armWidth":63.5437,"confidence":0.767256,"direction":[-0.201434,0.598397,-0.775465],"elbow":[154.645,187.58,305.425],"grabStrength":0,"id":721,"palmNormal":[0.0000311344,-0.791689,-0.610924],"palmPosition":[41.6039,300.181,24.8816],"palmVelocity":[13.274,-29.4466,-83.3194],"palmWidth":90.7382,"pinchStrength":0.844422,"r":[[0.962595,0.167856,0.212684],[-0.159483,0.985608,-0.0560606],[-0.219033,0.0200442,0.975512]],"s":0.972049,"sphereCenter":[40.6688,274.443,-18.2177],"sphereRadius":47.0424,"stabilizedPalmPosition":[42.1928,305.56,42.5596],"t":[20.0225,32.0965,-115.285],"timeVisible":0.74119,"type":"right","wrist":[59.8969,272.303,68.0606]}],"id":4315330,"interactionBox":{"center":[0,200,0],"size":[235.247,235.247,147.751]},"pointables":[{"bases":[[[0.354815,0.874404,0.330945],[-0.709699,0.0214634,0.704178],[0.608633,-0.484724,0.628179]],[[0.108445,0.990951,0.0790907],[-0.824907,0.0453032,0.56345],[0.554768,-0.126346,0.822356]],[[0.108445,0.990951,0.0790907],[-0.982982,0.0950251,0.157213],[0.148275,-0.0947937,0.984393]],[[0.108445,0.990951,0.0790907],[-0.879862,0.132708,-0.456324],[-0.462691,-0.0201029,0.886292]]],"btipPosition":[10.8793,268.217,-26.4317],"carpPosition":[32.7382,258.236,68.6602],"dipPosition":[0.0806106,267.748,-5.74674],"direction":[-0.148275,0.0947937,-0.984393],"extended":false,"handId":721,"id":7210,"length":51.9721,"mcpPosition":[32.7382,258.236,68.6602],"pipPosition":[5.12214,264.525,27.7238],"stabilizedTipPosition":[7.40708,273.446,-5.97258],"timeVisible":0.74119,"tipPosition":[8.10015,268.456,-21.0277],"tipVelocity":[21.2788,-25.3318,-91.5374],"tool":false,"touchDistance":-0.425621,"touchZone":"touching","type":0,"width":20.194},{"bases":[[[0.931776,0.221809,-0.287393],[-0.0538835,0.867371,0.494737],[0.359013,-0.445498,0.820147]],[[0.95489,0.189657,-0.228506],[-0.102578,0.932781,0.34554],[0.27868,-0.306514,0.910158]],[[0.95489,0.189657,-0.228506],[-0.155783,0.975029,0.15827],[0.252817,-0.115534,0.960591]],[[0.95489,0.189657,-0.228506],[-0.19204,0.981314,0.011974],[0.226507,0.0324484,0.973469]]],"btipPosition":[-9.76578,329.097,-67.8897],"carpPosition":[38.4663,281.048,71.0154],"dipPosition":[-5.90649,329.65,-51.3034],"direction":[-0.252817,0.115534,-0.960591],"extended":true,"handId":721,"id":7211,"length":58.6448,"mcpPosition":[12.1269,313.733,10.8445],"pipPosition":[0.187289,326.865,-28.1498],"stabilizedTipPosition":[-7.90293,335.712,-51.285],"timeVisible":0.74119,"tipPosition":[-8.28585,329.775,-64.121],"tipVelocity":[2.15809,-56.9281,-87.1481],"tool":false,"touchDistance":-0.418046,"touchZone":"touching","type":1,"width":19.2893},{"bases":[[[0.967155,0.00844442,-0.254047],[0.112315,0.882392,0.456913],[0.228027,-0.470439,0.852461]],[[0.969892,0.00264663,-0.243523],[-0.164442,0.744686,-0.646839],[0.179636,0.667409,0.7227]],[[0.969892,0.00264663,-0.243523],[-0.242247,-0.092322,-0.965812],[-0.0250387,0.995726,-0.0889012]],[[0.969892,0.00264663,-0.243523],[-0.20723,-0.516298,-0.830959],[-0.12793,0.856405,-0.500204]]],"btipPosition":[28.0902,241.842,-14.2706],"carpPosition":[49.4823,285.477,67.8825],"dipPosition":[25.6928,257.891,-23.6444],"direction":[0.0250387,-0.995726,0.0889012],"extended":false,"handId":721,"id":7212,"length":66.821,"mcpPosition":[33.6173,318.208,8.57258],"pipPosition":[24.9827,286.127,-26.1655],"stabilizedTipPosition":[30.9288,251.848,10.2607],"timeVisible":0.74119,"tipPosition":[27.8854,245.18,-15.1974],"tipVelocity":[5.61049,-20.7193,-111.783],"tool":false,"touchDistance":0.333333,"touchZone":"none","type":2,"width":18.9446},{"bases":[[[0.978933,-0.127419,-0.159548],[0.188339,0.865294,0.464537],[0.0788647,-0.484799,0.871063]],[[0.980361,-0.137476,-0.141395],[0.00242771,0.725333,-0.688394],[0.197196,0.674532,0.711422]],[[0.980361,-0.137476,-0.141395],[-0.157329,-0.112893,-0.981072],[0.118911,0.984051,-0.132305]],[[0.980361,-0.137476,-0.141395],[-0.193104,-0.523613,-0.829783],[0.0400386,0.840791,-0.539877]]],"btipPosition":[43.4435,244.136,-7.89804],"carpPosition":[61.1871,286.757,64.4983],"dipPosition":[44.1895,259.802,-17.9572],"direction":[-0.118911,-0.984051,0.132305],"extended":false,"handId":721,"id":7213,"length":64.2502,"mcpPosition":[56.2607,317.041,10.0859],"pipPosition":[47.4745,286.986,-21.6122],"stabilizedTipPosition":[46.7895,254.919,18.484],"timeVisible":0.74119,"tipPosition":[43.8337,247.393,-8.91321],"tipVelocity":[12.3541,-25.9104,-95.96],"tool":false,"touchDistance":0.333333,"touchZone":"none","type":3,"width":18.027},{"bases":[[[0.936815,-0.323882,-0.132206],[0.344528,0.788689,0.509186],[-0.0606461,-0.522562,0.850442]],[[0.910869,-0.412109,0.0220069],[0.320368,0.672468,-0.667196],[0.260159,0.614779,0.744557]],[[0.910869,-0.412109,0.0220069],[-0.0191871,-0.095555,-0.995239],[0.41225,0.90611,-0.0949453]],[[0.910869,-0.412109,0.0220069],[-0.193172,-0.472869,-0.859698],[0.364695,0.778821,-0.510329]]],"btipPosition":[53.2888,258.397,-4.94244],"carpPosition":[73.2651,280.919,59.8642],"dipPosition":[59.5576,271.784,-13.7145],"direction":[-0.41225,-0.90611,0.0949453],"extended":false,"handId":721,"id":7214,"length":50.3709,"mcpPosition":[76.772,311.136,10.6877],"pipPosition":[67.5984,289.458,-15.5664],"stabilizedTipPosition":[57.0055,268.499,19.9532],"timeVisible":0.74119,"tipPosition":[54.8785,261.101,-5.93204],"tipVelocity":[14.4014,-24.6322,-94.9253],"tool":false,"touchDistance":0.333333,"touchZone":"none","type":4,"width":16.013}],"r":[[0.962595,0.167856,0.212684],[-0.159483,0.985608,-0.0560606],[-0.219033,0.0200442,0.975512]],"s":0.972049,"t":[20.0225,32.0965,-115.285],"timestamp":524099653275},false],[6,{"currentFrameRate":109.655,"devices":[],"gestures":[],"hands":[{"armBasis":[[0.932216,0.181899,-0.312867],[-0.0609311,0.931054,0.359759],[0.356736,-0.31631,0.879027]],"armWidth":63.5437,"confidence":0.771728,"direction":[-0.202793,0.596235,-0.776774],"elbow":[156.177,187.142,304.265],"grabStrength":0,"id":721,"palmNormal":[0.00263172,-0.792922,-0.609317],"palmPosition":[41.7723,300.046,24.3403],"palmVelocity":[14.7697,-25.4853,-76.9717],"palmWidth":90.7382,"pinchStrength":0.841308,"r":[[0.962473,0.16853,0.212703],[-0.15994,0.985474,-0.0570961],[-0.219236,0.0209338,0.975447]],"s":0.969856,"sphereCenter":[40.8826,274.18,-18.7074],"sphereRadius":47.0097,"stabilizedPalmPosition":[42.1922,305.553,42.5335],"t":[20.1861,31.9143,-115.872],"timeVisible":0.750183,"type":"right","wrist":[60.1251,272.309,67.5846]}],"id":4315331,"interactionBox":{"center":[0,200,0],"size":[235.247,235.247,147.751]},"pointables":[{"bases":[[[0.352109,0.876101,0.329342],[-0.710103,0.0208266,0.70379],[0.609732,-0.481678,0.629455]],[[0.107499,0.991051,0.0791361],[-0.826367,0.044812,0.561347],[0.552777,-0.12574,0.823789]],[[0.107499,0.991051,0.0791361],[-0.983213,0.0941695,0.156285],[0.147434,-0.0946081,0.984537]],[[0.107499,0.991051,0.0791361],[-0.881562,0.131818,-0.45329],[-0.459665,-0.0210351,0.887843]]],"btipPosition":[11.2054,268.131,-27.0047],"carpPosition":[33.0072,258.164,68.1997],"dipPosition":[0.477305,267.64,-6.28351],"direction":[-0.147434,0.0946081,-0.984537],"extended":false,"handId":721,"id":7210,"length":51.9721,"mcpPosition":[33.0072,258.164,68.1997],"pipPosition":[5.49024,264.423,27.192],"stabilizedTipPosition":[7.41136,273.429,-6.02488],"timeVisible":0.750183,"tipPosition":[8.44228,268.251,-21.6116],"tipVelocity":[25.8848,-21.1727,-83.6488],"tool":false,"touchDistance":-0.419863,"touchZone":"touching","type":0,"width":20.194},{"bases":[[[0.931267,0.223935,-0.287392],[-0.056647,0.868211,0.49295],[0.359906,-0.442789,0.821222]],[[0.953974,0.192705,-0.229778],[-0.105986,0.933414,0.342791],[0.280535,-0.30266,0.910877]],[[0.953974,0.192705,-0.229778],[-0.159501,0.97489,0.155398],[0.253954,-0.111596,0.960757]],[[0.953974,0.192705,-0.229778],[-0.195882,0.980585,0.00912921],[0.227076,0.0363002,0.9732]]],"btipPosition":[-9.74637,328.522,-68.5029],"carpPosition":[38.6677,280.998,70.5114],"dipPosition":[-5.87738,329.14,-51.9212],"direction":[-0.253954,0.111596,-0.960757],"extended":true,"handId":721,"id":7211,"length":58.6448,"mcpPosition":[12.2629,313.484,10.2616],"pipPosition":[0.243795,326.451,-28.7636],"stabilizedTipPosition":[-7.91697,335.609,-51.4823],"timeVisible":0.750183,"tipPosition":[-8.25772,329.223,-64.7367],"tipVelocity":[2.22617,-58.3879,-81.977],"tool":false,"touchDistance":-0.413788,"touchZone":"touching","type":1,"width":19.2893},{"bases":[[[0.967251,0.0107422,-0.253596],[0.109526,0.883639,0.455177],[0.228977,-0.468045,0.853524]],[[0.970054,0.00485374,-0.242839],[-0.165964,0.743243,-0.648109],[0.177343,0.669004,0.721792]],[[0.970054,0.00485374,-0.242839],[-0.241313,-0.0944243,-0.965843],[-0.0276179,0.99552,-0.0904254]],[[0.970054,0.00485374,-0.242839],[-0.205253,-0.518195,-0.830268],[-0.129868,0.855249,-0.501681]]],"btipPosition":[28.4339,241.601,-14.7377],"carpPosition":[49.6724,285.452,67.3748],"dipPosition":[26.0001,257.629,-24.1392],"direction":[0.0276179,-0.99552,0.0904254],"extended":false,"handId":721,"id":7212,"length":66.821,"mcpPosition":[33.7413,318.016,7.99094],"pipPosition":[25.217,285.859,-26.7034],"stabilizedTipPosition":[30.9281,251.847,10.2541],"timeVisible":0.750183,"tipPosition":[28.2137,244.945,-15.6995],"tipVelocity":[14.3032,-22.5256,-95.556],"tool":false,"touchDistance":0.333333,"touchZone":"none","type":2,"width":18.9446},{"bases":[[[0.979377,-0.124895,-0.158816],[0.185595,0.866778,0.462872],[0.0798476,-0.482801,0.872082]],[[0.980892,-0.135449,-0.139659],[0.00356918,0.730251,-0.683169],[0.194521,0.669617,0.716781]],[[0.980892,-0.135449,-0.139659],[-0.154425,-0.105413,-0.982365],[0.118339,0.985161,-0.124316]],[[0.980892,-0.135449,-0.139659],[-0.190317,-0.519045,-0.833289],[0.0403788,0.843946,-0.534906]]],"btipPosition":[43.6987,244.143,-9.01851],"carpPosition":[61.3751,286.759,63.9936],"dipPosition":[44.4511,259.867,-18.985],"direction":[-0.118339,-0.985161,0.124316],"extended":false,"handId":721,"id":7213,"length":64.2502,"mcpPosition":[56.3873,316.918,9.51757],"pipPosition":[47.7202,287.083,-22.4193],"stabilizedTipPosition":[46.7891,254.918,18.4791],"timeVisible":0.750183,"tipPosition":[44.0979,247.389,-9.92589],"tipVelocity":[16.7955,-18.1721,-103.167],"tool":false,"touchDistance":0.333333,"touchZone":"none","type":3,"width":18.027},{"bases":[[[0.937817,-0.321423,-0.131096],[0.341985,0.790718,0.507751],[-0.0595427,-0.521011,0.851471]],[[0.911634,-0.41025,0.0248693],[0.321007,0.672925,-0.666428],[0.256667,0.615522,0.745154]],[[0.911634,-0.41025,0.0248693],[-0.0162045,-0.0963385,-0.995217],[0.410684,0.90687,-0.0944734]],[[0.911634,-0.41025,0.0248693],[-0.190125,-0.474583,-0.859432],[0.364385,0.778759,-0.510645]]],"btipPosition":[53.5912,258.296,-5.51373],"carpPosition":[73.4723,280.947,59.3773],"dipPosition":[59.8546,271.682,-14.2913],"direction":[-0.410684,-0.90687,0.0944734],"extended":false,"handId":721,"id":7214,"length":50.3709,"mcpPosition":[76.9153,311.074,10.1412],"pipPosition":[67.8649,289.37,-16.1339],"stabilizedTipPosition":[57.005,268.497,19.9465],"timeVisible":0.750183,"tipPosition":[55.1722,260.999,-6.51373],"tipVelocity":[19.6372,-20.9781,-86.3475],"tool":false,"touchDistance":0.333333,"touchZone":"none","type":4,"width":16.013}],"r":[[0.96