{"sensorType":"Leap","data":[[0,{"currentFrameRate":77.5771,"devices":[],"gestures":[],"hands":[{"armBasis":[[0.917879,0.0948159,-0.385368],[0.0614673,0.925358,0.374079],[0.392072,-0.367047,0.843538]],"armWidth":63.5437,"confidence":0.575176,"direction":[-0.176355,0.677,-0.714542],"elbow":[179.25,128.198,285.854],"grabStrength":0,"id":715,"palmNormal":[-0.131109,-0.735607,-0.6646],"palmPosition":[56.2064,260.135,19.048],"palmVelocity":[162.737,228.172,-263.88],"palmWidth":90.7382,"pinchStrength":0.616523,"r":[[0.922632,0.0746922,0.378379],[-0.155802,0.969636,0.188498],[-0.35281,-0.232867,0.906255]],"s":0.939984,"sphereCenter":[55.9635,242.034,-25.8653],"sphereRadius":48.7694,"stabilizedPalmPosition":[51.3682,253.361,26.9782],"t":[62.1727,74.7904,-83.2869],"timeVisible":0.208154,"type":"right","wrist":[73.6839,227.026,58.7288]}],"id":4313137,"interactionBox":{"center":[0,200,0],"size":[235.247,235.247,147.751]},"pointables":[{"bases":[[[0.475416,0.799517,0.367087],[-0.657663,0.0458333,0.751917],[0.584346,-0.598892,0.547602]],[[0.314997,0.923427,0.219224],[-0.766589,0.111361,0.632408],[0.55957,-0.367261,0.742967]],[[0.314997,0.923427,0.219224],[-0.920025,0.240365,0.30948],[0.233088,-0.299176,0.925291]],[[0.314997,0.923427,0.219224],[-0.906117,0.36132,-0.22],[-0.282364,-0.129343,0.950548]]],"btipPosition":[15.949,247.598,-30.4095],"carpPosition":[45.1394,216.124,60.2208],"dipPosition":[9.35899,244.579,-8.22479],"direction":[-0.233088,0.299176,-0.925291],"extended":false,"handId":715,"id":7150,"length":51.9721,"mcpPosition":[45.1394,216.124,60.2208],"pipPosition":[17.2843,234.407,23.2362],"stabilizedTipPosition":[-1.39227,231.263,-3.36996],"timeVisible":0.208154,"tipPosition":[13.6834,247.614,-25.3197],"tipVelocity":[206.775,193.122,-288.087],"tool":false,"touchDistance":-0.237913,"touchZone":"hovering","type":0,"width":20.194},{"bases":[[[0.932096,0.136859,-0.33536],[0.079571,0.825883,0.558198],[0.353362,-0.546979,0.758913]],[[0.973643,0.0556805,-0.221175],[0.0818251,0.819909,0.566617],[0.212893,-0.56978,0.793743]],[[0.973643,0.0556805,-0.221175],[0.0429955,0.907546,0.417746],[0.223987,-0.416245,0.881232]],[[0.973643,0.0556805,-0.221175],[0.0107637,0.957444,0.288419],[0.227822,-0.283198,0.93161]]],"btipPosition":[9.33404,317.281,-63.0011],"carpPosition":[53.6605,237.882,63.7979],"dipPosition":[13.2157,312.456,-47.128],"direction":[-0.223987,0.416245,-0.881232],"extended":true,"handId":715,"id":7151,"length":58.6448,"mcpPosition":[27.7357,278.011,8.11947],"pipPosition":[18.6146,302.423,-25.8872],"stabilizedTipPosition":[3.77806,309.787,-48.3675],"timeVisible":0.208154,"tipPosition":[10.6491,317.469,-58.669],"tipVelocity":[180.63,175.608,-311.843],"tool":false,"touchDistance":-0.134329,"touchZone":"hovering","type":1,"width":19.2893},{"bases":[[[0.943954,-0.0811101,-0.319957],[0.243746,0.824922,0.509992],[0.222574,-0.559397,0.798458]],[[0.933149,-0.0562108,-0.355068],[-0.145088,0.844795,-0.515044],[0.328911,0.532129,0.780164]],[[0.933149,-0.0562108,-0.355068],[-0.341416,-0.447811,-0.826378],[-0.112552,0.89236,-0.437065]],[[0.933149,-0.0562108,-0.355068],[-0.177987,-0.930385,-0.320475],[-0.312336,0.362249,-0.878192]]],"btipPosition":[42.6598,222.516,-3.97538],"carpPosition":[64.9102,241.267,60.226],"dipPosition":[36.8066,229.304,-20.4327],"direction":[0.112552,-0.89236,0.437065],"extended":false,"handId":715,"id":7152,"length":66.821,"mcpPosition":[49.4247,280.187,4.6733],"pipPosition":[33.6149,254.61,-32.8269],"stabilizedTipPosition":[33.3456,213.496,5.55475],"timeVisible":0.208154,"tipPosition":[41.6235,223.657,-7.0652],"tipVelocity":[167.728,233.077,-282.886],"tool":false,"touchDistance":0.333333,"touchZone":"none","type":2,"width":18.9446},{"bases":[[[0.94534,-0.2245,-0.236499],[0.317535,0.798766,0.511022],[0.074183,-0.558187,0.826392]],[[0.942738,-0.207922,-0.260794],[0.0291854,0.830336,-0.556498],[0.332255,0.51702,0.788858]],[[0.942738,-0.207922,-0.260794],[-0.328795,-0.447998,-0.831379],[0.0560271,0.869521,-0.490708]],[[0.942738,-0.207922,-0.260794],[-0.279985,-0.91826,-0.280014],[-0.181256,0.336998,-0.923893]]],"btipPosition":[58.8462,223.009,0.130005],"carpPosition":[76.4547,241.477,56.1301],"dipPosition":[55.469,229.288,-17.0842],"direction":[-0.0560271,-0.869521,0.490708],"extended":false,"handId":715,"id":7153,"length":64.2502,"mcpPosition":[71.8207,276.345,4.50809],"pipPosition":[57.0168,253.309,-30.6402],"stabilizedTipPosition":[51.9892,216.392,6.25095],"timeVisible":0.208154,"tipPosition":[58.4289,224.593,-3.18185],"tipVelocity":[164.973,225.431,-280.124],"tool":false,"touchDistance":0.333333,"touchZone":"none","type":3,"width":18.027},{"bases":[[[0.882024,-0.416468,-0.220426],[0.466003,0.701651,0.539006],[-0.069816,-0.578136,0.812948]],[[0.884351,-0.388401,-0.258974],[0.200462,0.816968,-0.540721],[0.42159,0.426273,0.800346]],[[0.884351,-0.388401,-0.258974],[-0.405056,-0.36266,-0.83929],[0.232062,0.847126,-0.478043]],[[0.884351,-0.388401,-0.258974],[-0.456734,-0.834597,-0.307964],[-0.0965253,0.39063,-0.915473]]],"btipPosition":[73.7541,229.855,0.0846445],"carpPosition":[87.45,234.693,50.2542],"dipPosition":[72.095,236.57,-15.6515],"direction":[-0.232062,-0.847126,0.478043],"extended":false,"handId":715,"id":7154,"length":50.3709,"mcpPosition":[91.4871,268.124,3.2457],"pipPosition":[76.6212,253.093,-24.9756],"stabilizedTipPosition":[70.0082,226.431,2.33202],"timeVisible":0.208154,"tipPosition":[73.7889,231.458,-3.53611],"tipVelocity":[160.67,230.193,-264.818],"tool":false,"touchDistance":0.333333,"touchZone":"none","type":4,"width":16.013}],"r":[[0.922632,0.0746922,0.378379],[-0.155802,0.969636,0.188498],[-0.35281,-0.232867,0.906255]],"s":0.939984,"t":[62.1727,74.7904,-83.2869],"timestamp":524076948610},false],[1,{"currentFrameRate":79.1479,"devices":[],"gestures":[],"hands":[{"armBasis":[[0.925187,0.083289,-0.37026],[0.0724737,0.918892,0.387796],[0.372528,-0.385618,0.84411]],"armWidth":63.5437,"confidence":0.581681,"direction":[-0.171354,0.674769,-0.717861],"elbow":[174.348,125.07,283.801],"grabStrength":0,"id":715,"palmNormal":[-0.1365,-0.737871,-0.660995],"palmPosition":[56.8115,261.94,16.6784],"palmVelocity":[137.641,222.306,-265.723],"palmWidth":90.7382,"pinchStrength":0.64611,"r":[[0.919612,0.0741348,0.385769],[-0.15746,0.969252,0.189094],[-0.359889,-0.234636,0.903009]],"s":0.934848,"sphereCenter":[55.5768,243.749,-27.8296],"sphereRadius":48.3682,"stabilizedPalmPosition":[52.4046,254.994,25.0172],"t":[63.1877,76.68,-85.6058],"timeVisible":0.216906,"type":"right","wrist":[74.0441,228.899,56.522]}],"id":4313138,"interactionBox":{"center":[0,200,0],"size":[235.247,235.247,147.751]},"pointables":[{"bases":[[[0.481275,0.797788,0.363192],[-0.657325,0.0543539,0.751644],[0.579912,-0.600483,0.550566]],[[0.31654,0.925059,0.209925],[-0.76615,0.118838,0.631579],[0.5593,-0.360754,0.746351]],[[0.31654,0.925059,0.209925],[-0.922052,0.248087,0.297108],[0.222763,-0.287608,0.931482]],[[0.31654,0.925059,0.209925],[-0.894931,0.364602,-0.257223],[-0.314486,-0.106447,0.943275]]],"btipPosition":[17.344,248.436,-32.7737],"carpPosition":[45.4202,218.215,58.0657],"dipPosition":[10.0043,245.952,-10.7588],"direction":[-0.222763,0.287608,-0.931482],"extended":false,"handId":715,"id":7150,"length":51.9721,"mcpPosition":[45.4202,218.215,58.0657],"pipPosition":[17.5785,236.173,20.9127],"stabilizedTipPosition":[1.08204,233.673,-6.90264],"timeVisible":0.216906,"tipPosition":[14.7881,248.79,-27.6575],"tipVelocity":[188.786,170.803,-284.471],"tool":false,"touchDistance":-0.277968,"touchZone":"hovering","type":0,"width":20.194},{"bases":[[[0.933086,0.128354,-0.335971],[0.0856304,0.828002,0.554149],[0.349312,-0.545837,0.761605]],[[0.973401,0.0491035,-0.223786],[0.0871242,0.824049,0.559779],[0.211897,-0.564386,0.797852]],[[0.973401,0.0491035,-0.223786],[0.0478673,0.91162,0.408238],[0.224053,-0.408091,0.885021]],[[0.973401,0.0491035,-0.223786],[0.0151862,0.960786,0.276873],[0.228606,-0.272907,0.934484]]],"btipPosition":[10.0994,318.638,-65.7762],"carpPosition":[54.101,239.926,61.5366],"dipPosition":[13.9945,313.989,-49.8542],"direction":[-0.224053,0.408091,-0.885021],"extended":true,"handId":715,"id":7151,"length":58.6448,"mcpPosition":[28.4733,279.972,5.66069],"pipPosition":[19.3949,304.152,-28.5221],"stabilizedTipPosition":[4.93509,311.034,-50.5713],"timeVisible":0.216906,"tipPosition":[11.4695,318.86,-61.4614],"tipVelocity":[155.739,171.352,-312.904],"tool":false,"touchDistance":-0.180394,"touchZone":"hovering","type":1,"width":19.2893},{"bases":[[[0.943339,-0.0896179,-0.3195],[0.249795,0.825596,0.505957],[0.218435,-0.557099,0.801203]],[[0.932999,-0.0654185,-0.353882],[-0.13635,0.84577,-0.515831],[0.333048,0.529522,0.780183]],[[0.932999,-0.0654185,-0.353882],[-0.344642,-0.445511,-0.826282],[-0.103604,0.892883,-0.438207]],[[0.932999,-0.0654185,-0.353882],[-0.185749,-0.92977,-0.317845],[-0.308236,0.362283,-0.879626]]],"btipPosition":[42.8835,224.41,-6.38514],"carpPosition":[65.3754,243.211,57.9488],"dipPosition":[37.1072,231.199,-22.8693],"direction":[0.103604,-0.892883,0.438207],"extended":false,"handId":715,"id":7152,"length":66.821,"mcpPosition":[50.1778,281.971,2.20518],"pipPosition":[34.1692,256.519,-35.2959],"stabilizedTipPosition":[34.5856,215.38,3.17857],"timeVisible":0.216906,"tipPosition":[41.8776,225.546,-9.44802],"tipVelocity":[130.15,228.61,-281.052],"tool":false,"touchDistance":0.333333,"touchZone":"none","type":2,"width":18.9446},{"bases":[[[0.943669,-0.232603,-0.23534],[0.32339,0.798904,0.50712],[0.0700562,-0.55466,0.829123]],[[0.941237,-0.216398,-0.259317],[0.0358099,0.827395,-0.560478],[0.335844,0.518256,0.786524]],[[0.941237,-0.216398,-0.259317],[-0.331818,-0.449238,-0.829507],[0.0630091,0.866809,-0.494644]],[[0.941237,-0.216398,-0.259317],[-0.286986,-0.917243,-0.276231],[-0.178081,0.334419,-0.925446]]],"btipPosition":[59.1586,224.695,-2.07628],"carpPosition":[76.9212,243.316,53.8526],"dipPosition":[55.8405,230.926,-19.3195],"direction":[-0.0630091,-0.866809,0.494644],"extended":false,"handId":715,"id":7153,"length":64.2502,"mcpPosition":[72.545,277.964,2.06013],"pipPosition":[57.5812,254.872,-32.9842],"stabilizedTipPosition":[53.0742,218.041,4.1689],"timeVisible":0.216906,"tipPosition":[58.753,226.268,-5.40565],"tipVelocity":[130.724,216.32,-272.811],"tool":false,"touchDistance":0.333333,"touchZone":"none","type":3,"width":18.027},{"bases":[[[0.878942,-0.424019,-0.21833],[0.471139,0.700838,0.535588],[-0.0740854,-0.573615,0.815768]],[[0.881219,-0.400485,-0.251128],[0.214008,0.811689,-0.543471],[0.42149,0.425174,0.800983]],[[0.881219,-0.400485,-0.251128],[-0.403494,-0.360499,-0.840971],[0.246264,0.842409,-0.479272]],[[0.881219,-0.400485,-0.251128],[-0.464919,-0.830324,-0.307267],[-0.0854622,0.387524,-0.91789]]],"btipPosition":[73.9538,231.508,-2.27877],"carpPosition":[87.8664,236.423,48.0108],"dipPosition":[72.4848,238.169,-18.0565],"direction":[-0.246264,-0.842409,0.479272],"extended":false,"handId":715,"id":7154,"length":50.3709,"mcpPosition":[92.1504,269.592,0.839215],"pipPosition":[77.2881,254.6,-27.4045],"stabilizedTipPosition":[70.8053,227.891,0.511528],"timeVisible":0.216906,"tipPosition":[74.064,233.067,-5.85844],"tipVelocity":[125.045,218.718,-266.512],"tool":false,"touchDistance":0.333333,"touchZone":"none","type":4,"width":16.013}],"r":[[0.919612,0.0741348,0.385769],[-0.15746,0.969252,0.189094],[-0.359889,-0.234636,0.903009]],"s":0.934848,"t":[63.1877,76.68,-85.6058],"timestamp":524076957362},false],[2,{"currentFrameRate":80.4678,"devices":[],"gestures":[],"hands":[{"armBasis":[[0.924057,0.0870616,-0.372207],[0.0710983,0.917581,0.39114],[0.375583,-0.387899,0.841708]],"armWidth":63.5437,"confidence":0.587191,"direction":[-0.170339,0.675967,-0.716975],"elbow":[175.782,125.879,281.645],"grabStrength":0,"id":715,"palmNormal":[-0.134338,-0.736746,-0.662691],"palmPosition":[57.4826,263.423,15.1924],"palmVelocity":[119.456,205.05,-236.407],"palmWidth":90.7382,"pinchStrength":0.666915,"r":[[0.916963,0.0736967,0.392106],[-0.159051,0.968844,0.189854],[-0.365898,-0.236454,0.900116]],"s":0.929413,"sphereCenter":[55.6144,245.365,-29.1123],"sphereRadius":48.0422,"stabilizedPalmPosition":[53.3803,256.614,23.1295],"t":[64.0307,78.3661,-87.5082],"timeVisible":0.226128,"type":"right","wrist":[74.6548,230.322,55.0125]}],"id":4313139,"interactionBox":{"center":[0,200,0],"size":[235.247,235.247,147.751]},"pointables":[{"bases":[[[0.479731,0.797534,0.365783],[-0.659073,0.052345,0.750255],[0.579207,-0.600999,0.550745]],[[0.31014,0.927721,0.20772],[-0.768066,0.115747,0.629823],[0.560257,-0.354876,0.748449]],[[0.31014,0.927721,0.20772],[-0.926165,0.24553,0.28624],[0.214549,-0.281158,0.935371]],[[0.31014,0.927721,0.20772],[-0.887696,0.360804,-0.286035],[-0.340307,-0.0956816,0.935434]]],"btipPosition":[18.7952,249.067,-34.4218],"carpPosition":[46.0371,219.609,56.4713],"dipPosition":[10.8529,246.834,-12.5898],"direction":[-0.214549,0.281158,-0.935371],"extended":false,"handId":715,"id":7150,"length":51.9721,"mcpPosition":[46.0371,219.609,56.4713],"pipPosition":[18.1478,237.275,19.214],"stabilizedTipPosition":[3.3851,235.83,-10.1641],"timeVisible":0.226128,"tipPosition":[16.059,249.622,-29.3055],"tipVelocity":[175.766,143.862,-256.104],"tool":false,"touchDistance":-0.303856,"touchZone":"hovering","type":0,"width":20.194},{"bases":[[[0.933727,0.129826,-0.333615],[0.0836284,0.827032,0.5559],[0.348081,-0.546959,0.761365]],[[0.973095,0.052412,-0.224365],[0.0840798,0.825853,0.557582],[0.214517,-0.561445,0.799226]],[[0.973095,0.052412,-0.224365],[0.0436857,0.91415,0.403015],[0.226226,-0.401974,0.887265]],[[0.973095,0.052412,-0.224365],[0.0102035,0.963025,0.269217],[0.23018,-0.264263,0.93658]]],"btipPosition":[10.5877,319.695,-67.441],"carpPosition":[54.6904,241.321,60.0028],"dipPosition":[14.5096,315.193,-51.4833],"direction":[-0.226226,0.401974,-0.887265],"extended":true,"handId":715,"id":7151,"length":58.6448,"mcpPosition":[29.1531,281.45,4.14455],"pipPosition":[19.9624,305.504,-30.0971],"stabilizedTipPosition":[5.91627,312.176,-52.5472],"timeVisible":0.226128,"tipPosition":[12.0071,319.971,-63.122],"tipVelocity":[127.115,156.476,-275.548],"tool":false,"touchDistance":-0.208004,"touchZone":"hovering","type":1,"width":19.2893},{"bases":[[[0.94414,-0.088167,-0.317531],[0.247904,0.824865,0.508076],[0.217125,-0.558412,0.800645]],[[0.934001,-0.0642286,-0.351448],[-0.13512,0.847136,-0.51391],[0.330732,0.52748,0.782547]],[[0.934001,-0.0642286,-0.351448],[-0.342217,-0.443366,-0.828441],[-0.102611,0.894037,-0.436084]],[[0.934001,-0.0642286,-0.351448],[-0.184495,-0.929104,-0.320512],[-0.305946,0.364199,-0.879634]]],"btipPosition":[43.6094,225.943,-8.02206],"carpPosition":[65.97,244.624,56.4468],"dipPosition":[37.876,232.768,-24.5064],"direction":[0.102611,-0.894037,0.436084],"extended":false,"handId":715,"id":7152,"length":66.821,"mcpPosition":[50.8635,283.475,0.741963],"pipPosition":[34.9662,258.121,-36.8727],"stabilizedTipPosition":[35.7715,217.247,0.871167],"timeVisible":0.226128,"tipPosition":[42.6107,227.095,-11.0952],"tipVelocity":[116.033,211.383,-252.027],"tool":false,"touchDistance":0.333333,"touchZone":"none","type":2,"width":18.9446},{"bases":[[[0.944409,-0.23131,-0.23364],[0.32152,0.798237,0.509356],[0.068681,-0.55616,0.828232]],[[0.94215,-0.215855,-0.256436],[0.0393211,0.830937,-0.554975],[0.332876,0.512787,0.791355]],[[0.94215,-0.215855,-0.256436],[-0.328503,-0.442562,-0.834401],[0.0666208,0.870371,-0.487869]],[[0.94215,-0.215855,-0.256436],[-0.286842,-0.915024,-0.283641],[-0.17342,0.340789,-0.924007]]],"btipPosition":[59.7938,226.246,-3.92566],"carpPosition":[77.5249,244.746,52.3769],"dipPosition":[56.5626,232.596,-21.142],"direction":[-0.0666208,-0.870371,0.487869],"extended":false,"handId":715,"id":7153,"length":64.2502,"mcpPosition":[73.2346,279.488,0.640013],"pipPosition":[58.403,256.64,-34.6196],"stabilizedTipPosition":[54.083,219.672,2.13427],"timeVisible":0.226128,"tipPosition":[59.4175,227.818,-7.19109],"tipVelocity":[113.996,203.648,-252.365],"tool":false,"touchDistance":0.333333,"touchZone":"none","type":3,"width":18.027},{"bases":[[[0.879817,-0.422816,-0.217138],[0.469292,0.70025,0.537973],[-0.0754128,-0.575219,0.814516]],[[0.881826,-0.403613,-0.243886],[0.221903,0.811485,-0.540603],[0.416104,0.422598,0.805151]],[[0.881826,-0.403613,-0.243886],[-0.397088,-0.356555,-0.845689],[0.254372,0.842594,-0.474689]],[[0.881826,-0.403613,-0.243886],[-0.465475,-0.827892,-0.312933],[-0.0756076,0.389476,-0.917928]]],"btipPosition":[74.516,233.105,-3.90597],"carpPosition":[88.4895,237.874,46.5469],"dipPosition":[73.2164,239.8,-19.6843],"direction":[-0.254372,-0.842594,0.474689],"extended":false,"handId":715,"id":7154,"length":50.3709,"mcpPosition":[92.8502,271.136,-0.55228],"pipPosition":[78.1778,256.235,-28.943],"stabilizedTipPosition":[71.5465,229.359,-1.23654],"timeVisible":0.226128,"tipPosition":[74.6938,234.648,-7.4447],"tipVelocity":[108.268,206.206,-241.271],"tool":false,"touchDistance":0.333333,"touchZone":"none","type":4,"width":16.013}],"r":[[0.916963,0.0736967,0.392106],[-0.159051,0.968844,0.189854],[-0.365898,-0.236454,0.900116]],"s":0.929413,"t":[64.0307,78.3661,-87.5082],"timestamp":524076966584},false],[3,{"currentFrameRate":81.8834,"devices":[],"gestures":[],"hands":[{"armBasis":[[0.922523,0.0854889,-0.376356],[0.07313,0.918773,0.387955],[0.378951,-0.38542,0.841337]],"armWidth":63.5437,"confidence":0.592641,"direction":[-0.167449,0.67526,-0.718321],"elbow":[177.184,127.601,280.626],"grabStrength":0,"id":715,"palmNormal":[-0.135891,-0.737462,-0.661576],"palmPosition":[58.1245,264.463,14.1984],"palmVelocity":[106.821,181.46,-202.944],"palmWidth":90.7382,"pinchStrength":0.68053,"r":[[0.914771,0.0729034,0.397341],[-0.159766,0.968681,0.190086],[-0.371038,-0.237366,0.897768]],"s":0.924477,"sphereCenter":[55.621,246.419,-29.8703],"sphereRadius":47.7952,"stabilizedPalmPosition":[54.2368,258.031,21.5171],"t":[64.7732,79.729,-88.9565],"timeVisible":0.234959,"type":"right","wrist":[75.15,231.377,54.0942]}],"id":4313140,"interactionBox":{"center":[0,200,0],"size":[235.247,235.247,147.751]},"pointables":[{"bases":[[[0.481799,0.79667,0.364948],[-0.659736,0.0556763,0.749433],[0.576731,-0.601845,0.552416]],[[0.308775,0.929267,0.202782],[-0.769076,0.11849,0.628078],[0.559624,-0.34989,0.751264]],[[0.308775,0.929267,0.202782],[-0.927383,0.246795,0.281163],[0.21123,-0.274873,0.937991]],[[0.308775,0.929267,0.202782],[-0.881066,0.359767,-0.307068],[-0.358303,-0.0838497,0.929832]]],"btipPosition":[19.8201,249.476,-35.452],"carpPosition":[46.4976,220.755,55.5396],"dipPosition":[11.4577,247.519,-13.7508],"direction":[-0.21123,0.274873,-0.937991],"extended":false,"handId":715,"id":7150,"length":51.9721,"mcpPosition":[46.4976,220.755,55.5396],"pipPosition":[18.6398,238.173,18.1421],"stabilizedTipPosition":[5.32872,237.597,-12.8826],"timeVisible":0.234959,"tipPosition":[17.0084,250.18,-30.3509],"tipVelocity":[156.676,119.429,-219.346],"tool":false,"touchDistance":-0.317708,"touchZone":"hovering","type":0,"width":20.194},{"bases":[[[0.934493,0.126358,-0.332801],[0.08558,0.827722,0.554575],[0.345541,-0.546727,0.762686]],[[0.972852,0.0507034,-0.225804],[0.085504,0.827919,0.554291],[0.215052,-0.558551,0.801108]],[[0.972852,0.0507034,-0.225804],[0.0445518,0.916422,0.397726],[0.227098,-0.396989,0.889284]],[[0.972852,0.0507034,-0.225804],[0.0106041,0.964913,0.262354],[0.231183,-0.257627,0.938181]]],"btipPosition":[11.2369,320.447,-68.6539],"carpPosition":[55.2143,242.447,59.0435],"dipPosition":[15.1759,316.057,-52.6689],"direction":[-0.227098,0.396989,-0.889284],"extended":true,"handId":715,"id":7151,"length":58.6448,"mcpPosition":[29.8633,282.558,3.08824],"pipPosition":[20.6498,306.488,-31.234],"stabilizedTipPosition":[6.72911,313.124,-54.1698],"timeVisible":0.234959,"tipPosition":[12.7016,320.721,-64.3625],"tipVelocity":[112.753,137.98,-238.014],"tool":false,"touchDistance":-0.228114,"touchZone":"hovering","type":1,"width":19.2893},{"bases":[[[0.944212,-0.091639,-0.316332],[0.249901,0.824963,0.506937],[0.214507,-0.557708,0.801841]],[[0.934298,-0.0679761,-0.349952],[-0.131273,0.847073,-0.515009],[0.331444,0.527111,0.782495]],[[0.934298,-0.0679761,-0.349952],[-0.342531,-0.443217,-0.828391],[-0.098794,0.893833,-0.43738]],[[0.934298,-0.0679761,-0.349952],[-0.18716,-0.929015,-0.319222],[-0.303411,0.363746,-0.880699]]],"btipPosition":[44.1397,227.01,-8.99854],"carpPosition":[66.508,245.708,55.4943],"dipPosition":[38.4537,233.827,-25.5028],"direction":[0.098794,-0.893833,0.43738],"extended":false,"handId":715,"id":7152,"length":66.821,"mcpPosition":[51.5837,284.511,-0.293716],"pipPosition":[35.6522,259.174,-37.9059],"stabilizedTipPosition":[36.8013,218.9,-1.12204],"timeVisible":0.234959,"tipPosition":[43.1478,228.164,-12.0847],"tipVelocity":[101.239,186.866,-213.947],"tool":false,"touchDistance":0.333333,"touchZone":"none","type":2,"width":18.9446},{"bases":[[[0.943944,-0.234638,-0.232196],[0.323432,0.798109,0.508344],[0.0660407,-0.554947,0.82926]],[[0.941847,-0.219755,-0.254228],[0.0440599,0.830762,-0.554881],[0.333141,0.511412,0.792133]],[[0.941847,-0.219755,-0.254228],[-0.328312,-0.440423,-0.835607],[0.0716608,0.87048,-0.486959]],[[0.941847,-0.219755,-0.254228],[-0.290123,-0.913507,-0.285192],[-0.169567,0.342365,-0.924139]]],"btipPosition":[60.2787,227.241,-4.987],"carpPosition":[78.0677,245.788,51.4371],"dipPosition":[57.1193,233.62,-22.2058],"direction":[-0.0716608,-0.87048,0.486959],"extended":false,"handId":715,"id":7153,"length":64.2502,"mcpPosition":[73.9424,280.454,-0.364013],"pipPosition":[59.099,257.667,-35.6583],"stabilizedTipPosition":[54.937,221.083,0.403751],"timeVisible":0.234959,"tipPosition":[59.9192,228.812,-8.24382],"tipVelocity":[98.5373,179.265,-216.668],"tool":false,"touchDistance":0.333333,"touchZone":"none","type":3,"width":18.027},{"bases":[[[0.87874,-0.425914,-0.215437],[0.470868,0.699714,0.537293],[-0.0780964,-0.573583,0.815416]],[[0.880424,-0.411382,-0.235838],[0.23344,0.808928,-0.539576],[0.412747,0.420001,0.808232]],[[0.880424,-0.411382,-0.235838],[-0.39234,-0.352648,-0.849534],[0.266315,0.840479,-0.471881]],[[0.880424,-0.411382,-0.235838],[-0.469813,-0.824169,-0.316262],[-0.0642653,0.389244,-0.91889]]],"btipPosition":[74.8895,234.145,-5.02079],"carpPosition":[89.0174,238.872,45.631],"dipPosition":[73.7849,240.836,-20.8157],"direction":[-0.266315,-0.840479,0.471881],"extended":false,"handId":715,"id":7154,"length":50.3709,"mcpPosition":[93.5333,272.039,-1.52023],"pipPosition":[78.9793,257.229,-30.0196],"stabilizedTipPosition":[72.1587,230.612,-2.70638],"timeVisible":0.234959,"tipPosition":[75.1419,235.654,-8.50188],"tipVelocity":[91.8147,182.278,-210.306],"tool":false,"touchDistance":0.333333,"touchZone":"none","type":4,"width":16.013}],"r":[[0.914771,0.0729034,0.397341],[-0.159766,0.968681,0.190086],[-0.371038,-0.237366,0.897768]],"s":0.924477,"t":[64.7732,79.729,-88.9565],"timestamp":524076975415},false],[4,{"currentFrameRate":83.0982,"devices":[],"gestures":[],"hands":[{"armBasis":[[0.921549,0.0839533,-0.379076],[0.0737817,0.920685,0.383269],[0.381186,-0.38117,0.842263]],"armWidth":63.5437,"confidence":0.600518,"direction":[-0.164929,0.677796,-0.716513],"elbow":[178.254,129.809,279.911],"grabStrength":0,"id":715,"palmNormal":[-0.137457,-0.735168,-0.663802],"palmPosition":[58.7206,265.689,13.315],"palmVelocity":[95.1347,168.1,-173.165],"palmWidth":90.7382,"pinchStrength":0.704443,"r":[[0.912971,0.0715134,0.401708],[-0.159817,0.968532,0.190799],[-0.375422,-0.238394,0.895671]],"s":0.919481,"sphereCenter":[55.6099,247.791,-30.6909],"sphereRadius":47.6001,"stabilizedPalmPosition":[55.0744,259.461,19.9849],"t":[65.4425,81.0235,-90.1223],"timeVisible":0.244136,"type":"right","wrist":[75.6187,232.44,53.1293]}],"id":4313141,"interactionBox":{"center":[0,200,0],"size":[235.247,235.247,147.751]},"pointables":[{"bases":[[[0.483776,0.794237,0.367626],[-0.660187,0.0554124,0.749054],[0.574555,-0.605077,0.551152]],[[0.307992,0.929548,0.202688],[-0.769748,0.118263,0.627297],[0.559132,-0.349221,0.751941]],[[0.307992,0.929548,0.202688],[-0.928118,0.246729,0.278787],[0.209137,-0.273982,0.93872]],[[0.307992,0.929548,0.202688],[-0.876632,0.360056,-0.31918],[-0.369672,-0.0793774,0.925766]]],"btipPosition":[20.6184,250.449,-36.4342],"carpPosition":[46.9349,221.896,54.521],"dipPosition":[11.9907,248.596,-14.8279],"direction":[-0.209137,0.273982,-0.93872],"extended":false,"handId":715,"id":7150,"length":51.9721,"mcpPosition":[46.9349,221.896,54.521],"pipPosition":[19.1016,239.28,17.0897],"stabilizedTipPosition":[7.13973,239.288,-15.4118],"timeVisible":0.244136,"tipPosition":[17.7942,251.224,-31.3419],"tipVelocity":[135.368,116.419,-188.658],"tool":false,"touchDistance":-0.329332,"touchZone":"hovering","type":0,"width":20.194},{"bases":[[[0.935123,0.124638,-0.331679],[0.0874923,0.825878,0.55702],[0.343352,-0.549901,0.761392]],[[0.97246,0.050448,-0.227544],[0.0867223,0.827873,0.554171],[0.216334,-0.558643,0.800698]],[[0.97246,0.050448,-0.227544],[0.0448952,0.917464,0.395277],[0.228705,-0.394607,0.889932]],[[0.97246,0.050448,-0.227544],[0.0102393,0.966104,0.257951],[0.232844,-0.253177,0.938981]]],"btipPosition":[11.772,321.656,-69.5199],"carpPosition":[55.7108,243.553,58.0942],"dipPosition":[15.7393,317.342,-53.5213],"direction":[-0.228705,0.394607,-0.889932],"extended":true,"handId":715,"id":7151,"length":58.6448,"mcpPosition":[30.5204,283.897,2.23392],"pipPosition":[21.2519,307.831,-32.0708],"stabilizedTipPosition":[7.49394,314.092,-55.6686],"timeVisible":0.244136,"tipPosition":[13.2919,321.942,-65.2436],"tipVelocity":[97.7526,136.781,-197.821],"tool":false,"touchDistance":-0.242496,"touchZone":"hovering","type":1,"width":19.2893},{"bases":[[[0.944205,-0.0934322,-0.315828],[0.251843,0.822786,0.509508],[0.212255,-0.560619,0.800409]],[[0.934798,-0.0705701,-0.348098],[-0.122661,0.855621,-0.502859],[0.333327,0.51277,0.791177]],[[0.934798,-0.0705701,-0.348098],[-0.343511,-0.428773,-0.835556],[-0.0902898,0.900652,-0.425058]],[[0.934798,-0.0705701,-0.348098],[-0.191992,-0.924937,-0.328072],[-0.298816,0.373513,-0.878178]]],"btipPosition":[44.3872,228.609,-10.6436],"carpPosition":[67.0166,246.792,54.5636],"dipPosition":[38.7874,235.609,-27.1006],"direction":[0.0902898,-0.900652,0.425058],"extended":false,"handId":715,"id":7152,"length":66.821,"mcpPosition":[52.249,285.797,-1.12481],"pipPosition":[36.227,261.149,-39.1543],"stabilizedTipPosition":[37.7394,220.586,-3.10425],"timeVisible":0.244136,"tipPosition":[43.4689,229.761,-13.5779],"tipVelocity":[81.1108,184.627,-203.933],"tool":false,"touchDistance":0.333333,"touchZone":"none","type":2,"width":18.9446},{"bases":[[[0.943459,-0.236671,-0.232103],[0.325297,0.795718,0.510897],[0.0637744,-0.557513,0.827715]],[[0.941533,-0.222422,-0.253069],[0.0489235,0.833419,-0.550472],[0.33335,0.505907,0.795573]],[[0.941533,-0.222422,-0.253069],[-0.328046,-0.433925,-0.839104],[0.0768222,0.873062,-0.481519]],[[0.941533,-0.222422,-0.253069],[-0.293384,-0.910553,-0.291238],[-0.165655,0.348457,-0.92257]]],"btipPosition":[60.7077,228.524,-6.14441],"carpPosition":[78.5799,246.85,50.516],"dipPosition":[57.6211,235.016,-23.334],"direction":[-0.0768222,-0.873062,0.481519],"extended":false,"handId":715,"id":7153,"length":64.2502,"mcpPosition":[74.5961,281.676,-1.18863],"pipPosition":[59.7434,259.135,-36.6361],"stabilizedTipPosition":[55.7383,222.498,-1.25891],"timeVisible":0.244136,"tipPosition":[60.3683,230.106,-9.37619],"tipVelocity":[84.5877,169.041,-191.187],"tool":false,"touchDistance":0.333333,"touchZone":"none","type":3,"width":18.027},{"bases":[[[0.877695,-0.427807,-0.215947],[0.472427,0.696818,0.539683],[-0.0804039,-0.575696,0.813701]],[[0.87897,-0.417647,-0.230181],[0.244009,0.8086,-0.535374],[0.409722,0.414411,0.812645]],[[0.87897,-0.417647,-0.230181],[-0.387994,-0.345682,-0.854379],[0.27726,0.840282,-0.465889]],[[0.87897,-0.417647,-0.230181],[-0.473833,-0.819337,-0.322751],[-0.0537998,0.392756,-0.918068]]],"btipPosition":[75.2334,235.456,-6.14031],"carpPosition":[89.5145,239.919,44.6989],"dipPosition":[74.3086,242.207,-21.9211],"direction":[-0.27726,-0.840282,0.465889],"extended":false,"handId":715,"id":7154,"length":50.3709,"mcpPosition":[94.1638,273.209,-2.35314],"pipPosition":[79.7165,258.596,-31.0081],"stabilizedTipPosition":[72.7242,231.876,-4.10213],"timeVisible":0.244136,"tipPosition":[75.55,236.951,-9.57132],"tipVelocity":[77.9017,171.677,-185.555],"tool":false,"touchDistance":0.333333,"touchZone":"none","type":4,"width":16.013}],"r":[[0.912971,0.0715134,0.401708],[-0.159817,0.968532,0.190799],[-0.375422,-0.238394,0.895671]],"s":0.919481,"t":[65.4425,81.0235,-90.1223],"timestamp":524076984592},false],[5,{"currentFrameRate":84.3645,"devices":[],"gestures":[],"hands":[{"armBasis":[[0.924945,0.0826072,-0.371016],[0.0770766,0.915057,0.395891],[0.372204,-0.394774,0.84001]],"armWidth":63.5437,"confidence":0.612595,"direction":[-0.164656,0.675317,-0.718912],"elbow":[176.235,127.143,278.507],"grabStrength":0,"id":715,"palmNormal":[-0.137114,-0.737455,-0.661332],"palmPosition":[59.1356,266.547,12.3963],"palmVelocity":[81.8917,148.53,-154.05],"palmWidth":90.7382,"pinchStrength":0.714959,"r":[[0.91148,0.0706859,0.405226],[-0.159888,0.968542,0.190689],[-0.379,-0.2386,0.894108]],"s":0.914638,"sphereCenter":[55.553,248.521,-31.4261],"sphereRadius":47.4117,"stabilizedPalmPosition":[55.0744,259.461,19.9849],"t":[65.9847,82.1,-91.1645],"timeVisible":0.253054,"type":"right","wrist":[76.0182,233.436,52.3323]}],"id":4313142,"interactionBox":{"center":[0,200,0],"size":[235.247,235.247,147.751]},"pointables":[{"bases":[[[0.48356,0.795529,0.365108],[-0.660523,0.0579427,0.748566],[0.574351,-0.603139,0.553484]],[[0.304487,0.932021,0.196532],[-0.77166,0.120404,0.624535],[0.558416,-0.341819,0.755864]],[[0.304487,0.932021,0.196532],[-0.929829,0.246075,0.273613],[0.206652,-0.266053,0.941547]],[[0.304487,0.932021,0.196532],[-0.87451,0.355312,-0.330131],[-0.377519,-0.0713484,0.923249]]],"btipPosition":[21.3212,250.623,-37.4404],"carpPosition":[47.3345,222.896,53.7474],"dipPosition":[12.5104,248.958,-15.8929],"direction":[-0.206652,0.266053,-0.941547],"extended":false,"handId":715,"id":7150,"length":51.9721,"mcpPosition":[47.3345,222.896,53.7474],"pipPosition":[19.5368,239.912,16.1209],"stabilizedTipPosition":[8.69219,240.687,-17.5924],"timeVisible":0.253054,"tipPosition":[18.4703,251.49,-32.3234],"tipVelocity":[118.671,91.3386,-168.411],"tool":false,"touchDistance":-0.340028,"touchZone":"hovering","type":0,"width":20.194},{"bases":[[[0.935262,0.12356,-0.33169],[0.0871903,0.827794,0.554216],[0.34305,-0.547257,0.763431]],[[0.971806,0.0516629,-0.230052],[0.0858508,0.83119,0.54932],[0.219596,-0.553583,0.80332]],[[0.971806,0.0516629,-0.230052],[0.0428974,0.920674,0.387968],[0.231846,-0.386898,0.892501]],[[0.971806,0.0516629,-0.230052],[0.00738955,0.968547,0.248723],[0.235666,-0.24341,0.940858]]],"btipPosition":[11.9271,321.906,-70.7198],"carpPosition":[56.1073,244.565,57.2501],"dipPosition":[15.9425,317.758,-54.6892],"direction":[-0.231846,0.386898,-0.892501],"extended":true,"handId":715,"id":7151,"length":58.6448,"mcpPosition":[30.9391,284.715,1.24025],"pipPosition":[21.5308,308.433,-33.1768],"stabilizedTipPosition":[8.10483,314.874,-56.9646],"timeVisible":0.253054,"tipPosition":[13.5034,322.214,-66.47],"tipVelocity":[76.1962,108.303,-180.357],"tool":false,"touchDistance":-0.262371,"touchZone":"hovering","type":1,"width":19.2893},{"bases":[[[0.944351,-0.0944535,-0.315086],[0.251563,0.82455,0.506787],[0.211937,-0.557849,0.802426]],[[0.935117,-0.0720623,-0.346934],[-0.121439,0.854627,-0.504841],[0.332879,0.514217,0.790425]],[[0.935117,-0.0720623,-0.346934],[-0.342926,-0.430538,-0.834888],[-0.0892042,0.899691,-0.427315]],[[0.935117,-0.0720623,-0.346934],[-0.192083,-0.925852,-0.325426],[-0.297758,0.370952,-0.879622]]],"btipPosition":[44.7782,229.423,-11.5069],"carpPosition":[67.4145,247.793,53.7134],"dipPosition":[39.1982,236.375,-27.991],"direction":[0.0892042,-0.899691,0.427315],"extended":false,"handId":715,"id":7152,"length":66.821,"mcpPosition":[52.669,286.605,-2.11535],"pipPosition":[36.6685,261.888,-40.1087],"stabilizedTipPosition":[38.5656,222.084,-4.85469],"timeVisible":0.253054,"tipPosition":[43.8576,230.576,-14.4663],"tipVelocity":[71.0943,158.856,-174.937],"tool":false,"touchDistance":0.333333,"touchZone":"none","type":2,"width":18.9446},{"bases":[[[0.943578,-0.237404,-0.23087],[0.325017,0.797492,0.508302],[0.0634439,-0.554659,0.829655]],[[0.941859,-0.224521,-0.249983],[0.0545667,0.836308,-0.545537],[0.331547,0.500179,0.799936]],[[0.941859,-0.224521,-0.249983],[-0.325625,-0.426386,-0.843898],[0.0828838,0.876233,-0.474706]],[[0.941859,-0.224521,-0.249983],[-0.295316,-0.908024,-0.297122],[-0.16028,0.353671,-0.921535]]],"btipPosition":[60.9407,229.404,-7.51279],"carpPosition":[78.9795,247.838,49.6707],"dipPosition":[57.9543,235.994,-24.6831],"direction":[-0.0828838,-0.876233,0.474706],"extended":false,"handId":715,"id":7153,"length":64.2502,"mcpPosition":[75.0164,282.486,-2.15509],"pipPosition":[60.244,260.2,-37.797],"stabilizedTipPosition":[56.4062,223.743,-2.76809],"timeVisible":0.253054,"tipPosition":[60.6509,230.966,-10.618],"tipVelocity":[69.3646,150.556,-180.767],"tool":false,"touchDistance":0.333333,"touchZone":"none","type":3,"width":18.027},{"bases":[[[0.877819,-0.428487,-0.214086],[0.472141,0.698701,0.537493],[-0.0807269,-0.572901,0.81564]],[[0.878644,-0.42224,-0.222931],[0.251244,0.805878,-0.536131],[0.406031,0.415058,0.814165]],[[0.878644,-0.42224,-0.222931],[-0.383343,-0.34546,-0.856566],[0.284663,0.838075,-0.465399]],[[0.878644,-0.42224,-0.222931],[-0.475275,-0.818212,-0.323486],[-0.045816,0.390182,-0.919597]]],"btipPosition":[75.5033,236.327,-7.10585],"carpPosition":[89.9172,240.888,43.8823],"dipPosition":[74.7157,243.034,-22.9129],"direction":[-0.284663,-0.838075,0.465399],"extended":false,"handId":715,"id":7154,"length":50.3709,"mcpPosition":[94.5852,274.016,-3.2818],"pipPosition":[80.268,259.38,-31.9904],"stabilizedTipPosition":[73.2065,232.989,-5.33473],"timeVisible":0.253054,"tipPosition":[75.8669,237.788,-10.4994],"tipVelocity":[65.8868,151.217,-164.682],"tool":false,"touchDistance":0.333333,"touchZone":"none","type":4,"width":16.013}],"r":[[0.91148,0.0706859,0.405226],[-0.159888,0.968542,0.190689],[-0.379,-0.2386,0.894108]],"s":0.914638,"t":[65.9847,82.1,-91.1645],"timestamp":524076993510},false],[6,{"currentFrameRate":85.5025,"devices":[],"gestures":[],"hands":[{"armBasis":[[0.924677,0.078052,-0.372667],[0.0792438,0.91788,0.388865],[0.372416,-0.389106,0.842557]],"armWidth":63.5437,"confidence":0.619313,"direction":[-0.16422,0.671107,-0.722943],"elbow":[176.455,130.089,278.035],"grabStrength":0,"id":715,"palmNormal":[-0.139523,-0.741328,-0.656481],"palmPosition":[59.3133,267.75,11.0524],"palmVelocity":[64.6195,144.03,-152.316],"palmWidth":90.7382,"pinchStrength":0.723068,"r":[[0.910414,0.0701565,0.407706],[-0.159487,0.968857,0.189421],[-0.38172,-0.237475,0.89325]],"s":0.910505,"sphereCenter":[55.1657,249.553,-32.4655],"sphereRadius":47.217,"stabilizedPalmPosition":[55.126,259.562,19.876],"t":[66.3446,83.2397,-92.3576],"timeVisible":0.262148,"type":"right","wrist":[76.1807,234.857,51.1742]}],"id":4313143,"interactionBox":{"center":[0,200,0],"size":[235.247,235.247,147.751]},"pointables":[{"bases":[[[0.485692,0.796811,0.359438],[-0.659401,0.0640374,0.749059],[0.573841,-0.600826,0.55652]],[[0.302281,0.934861,0.186178],[-0.772815,0.126014,0.621994],[0.558017,-0.331898,0.760566]],[[0.302281,0.934861,0.186178],[-0.930874,0.247468,0.268762],[0.205182,-0.254549,0.945042]],[[0.302281,0.934861,0.186178],[-0.872581,0.350001,-0.340737],[-0.383704,-0.059457,0.92154]]],"btipPosition":[21.6782,250.95,-38.8071],"carpPosition":[47.4772,224.386,52.6938],"dipPosition":[12.723,249.562,-17.2994],"direction":[-0.205182,0.254549,-0.945042],"extended":false,"handId":715,"id":7150,"length":51.9721,"mcpPosition":[47.4772,224.386,52.6938],"pipPosition":[19.6994,240.907,14.8332],"stabilizedTipPosition":[9.99481,241.873,-19.5318],"timeVisible":0.262148,"tipPosition":[18.8198,251.954,-33.6504],"tipVelocity":[95.6592,77.939,-163.668],"tool":false,"touchDistance":-0.354995,"touchZone":"hovering","type":0,"width":20.194},{"bases":[[[0.935071,0.119522,-0.333702],[0.0896433,0.831092,0.548862],[0.342938,-0.54314,0.766416]],[[0.970977,0.0497642,-0.233939],[0.0879771,0.835225,0.542826],[0.222405,-0.547653,0.806606]],[[0.970977,0.0497642,-0.233939],[0.0439476,0.924338,0.379035],[0.235101,-0.378316,0.895324]],[[0.970977,0.0497642,-0.233939],[0.00753958,0.97126,0.237903],[0.239054,-0.232762,0.942696]]],"btipPosition":[11.8711,322.454,-72.3811],"carpPosition":[56.2995,246.058,56.048],"dipPosition":[15.9442,318.488,-56.3191],"direction":[-0.235101,0.378316,-0.895324],"extended":true,"handId":715,"id":7151,"length":58.6448,"mcpPosition":[31.1395,285.906,-0.180885],"pipPosition":[21.6109,309.369,-34.7387],"stabilizedTipPosition":[8.57865,315.546,-58.1456],"timeVisible":0.262148,"tipPosition":[13.4933,322.774,-68.1664],"tipVelocity":[53.786,96.2777,-180.78],"tool":false,"touchDistance":-0.289278,"touchZone":"hovering","type":1,"width":19.2893},{"bases":[[[0.943732,-0.0984013,-0.315734],[0.253945,0.827208,0.501238],[0.211855,-0.553213,0.805651]],[[0.934597,-0.0764052,-0.347406],[-0.120496,0.850913,-0.511301],[0.334678,0.519721,0.786054]],[[0.934597,-0.0764052,-0.347406],[-0.344597,-0.436684,-0.830999],[-0.0882143,0.896364,-0.434453]],[[0.934597,-0.0764052,-0.347406],[-0.194094,-0.92799,-0.318061],[-0.298088,0.364688,-0.882126]]],"btipPosition":[44.8696,230.495,-12.5092],"carpPosition":[67.6086,249.24,52.476],"dipPosition":[39.2834,237.329,-29.0403],"direction":[0.0882143,-0.896364,0.434453],"extended":false,"handId":715,"id":7152,"length":66.821,"mcpPosition":[52.8688,287.729,-3.57711],"pipPosition":[36.7819,262.748,-41.3604],"stabilizedTipPosition":[39.2919,223.529,-6.51247],"timeVisible":0.262148,"tipPosition":[43.924,231.651,-15.5438],"tipVelocity":[54.1418,146.669,-157.337],"tool":false,"touchDistance":0.333333,"touchZone":"none","type":2,"width":18.9446},{"bases":[[[0.942775,-0.240815,-0.230615],[0.327345,0.800007,0.502826],[0.0634054,-0.549543,0.833056]],[[0.941101,-0.22833,-0.249389],[0.0560272,0.832668,-0.550931],[0.333452,0.504509,0.796417]],[[0.941101,-0.22833,-0.249389],[-0.327392,-0.430965,-0.840882],[0.0845209,0.873003,-0.480335]],[[0.941101,-0.22833,-0.249389],[-0.297746,-0.909145,-0.291207],[-0.160239,0.34831,-0.923582]]],"btipPosition":[61.001,230.478,-8.62767],"carpPosition":[79.1683,249.235,48.4178],"dipPosition":[58.0154,236.968,-25.8361],"direction":[-0.084521,-0.873003,0.480335],"extended":false,"handId":715,"id":7153,"length":64.2502,"mcpPosition":[75.2076,283.564,-3.62042],"pipPosition":[60.3503,261.085,-39.1055],"stabilizedTipPosition":[56.9713,224.933,-4.18767],"timeVisible":0.262148,"tipPosition":[60.7067,232.021,-11.7632],"tipVelocity":[51.9919,140.866,-164.92],"tool":false,"touchDistance":0.333333,"touchZone":"none","type":3,"width":18.027},{"bases":[[[0.876644,-0.431652,-0.212538],[0.474304,0.701097,0.532446],[-0.0808215,-0.567573,0.819347]],[[0.876822,-0.430381,-0.21437],[0.261821,0.801329,-0.537886],[0.403277,0.415504,0.815306]],[[0.876822,-0.430381,-0.21437],[-0.379396,-0.345415,-0.85834],[0.295367,0.833943,-0.466153]],[[0.876822,-0.430381,-0.21437],[-0.479434,-0.816362,-0.322018],[-0.0364135,0.385129,-0.922144]]],"btipPosition":[75.4021,237.509,-8.52534],"carpPosition":[90.0838,242.226,42.659],"dipPosition":[74.7761,244.129,-24.3762],"direction":[-0.295367,-0.833943,0.466153],"extended":false,"handId":715,"id":7154,"length":50.3709,"mcpPosition":[94.7573,275.046,-4.71953],"pipPosition":[80.5372,260.395,-33.4683],"stabilizedTipPosition":[73.5736,234.07,-6.55794],"timeVisible":0.262148,"tipPosition":[75.8223,238.909,-11.8619],"tipVelocity":[45.6851,144.725,-162.609],"tool":false,"touchDistance":0.333333,"touchZone":"none","type":4,"width":16.013}],"r":[[0.910414,0.0701565,0.407706],[-0.159487,0.968857,0.189421],[-0.38172,-0.237475,0.89325]],"s":0.910505,"t":[66.3446,83.2397,-92.3576],"timestamp":524077002604},false],[7,{"currentFrameRate":86.6357,"device