{"sensorType":"Leap","data":[[0,{"currentFrameRate":93.7146,"devices":[],"gestures":[],"hands":[{"armBasis":[[0.921085,0.066631,-0.383618],[0.0823377,0.929635,0.359166],[0.380556,-0.362408,0.850786]],"armWidth":63.5437,"confidence":0.605736,"direction":[-0.174066,0.706882,-0.685579],"elbow":[182.739,121.703,288.476],"grabStrength":0,"id":718,"palmNormal":[-0.164888,-0.7073,-0.687414],"palmPosition":[62.8095,254.251,21.3414],"palmVelocity":[-1.61538,174.604,-144.766],"palmWidth":90.7382,"pinchStrength":0.877571,"r":[[0.983715,0.0128107,0.17928],[-0.0334353,0.993089,0.112498],[-0.1766,-0.11666,0.977345]],"s":0.931461,"sphereCenter":[58.4734,233.543,-25.2977],"sphereRadius":47.9081,"stabilizedPalmPosition":[61.9461,247.178,27.5571],"t":[37.7077,58.9672,-64.6048],"timeVisible":0.235065,"type":"right","wrist":[80.2734,219.282,59.3997]}],"id":4314064,"interactionBox":{"center":[0,200,0],"size":[235.247,235.247,147.751]},"pointables":[{"bases":[[[0.504174,0.773225,0.384619],[-0.639647,0.0351221,0.767866],[0.580224,-0.633159,0.512298]],[[0.251244,0.95364,0.165671],[-0.755997,0.0864531,0.648841],[0.604438,-0.288264,0.74267]],[[0.251244,0.95364,0.165671],[-0.953959,0.214995,0.209141],[0.163827,-0.210589,0.963749]],[[0.251244,0.95364,0.165671],[-0.899022,0.293338,-0.325135],[-0.35866,-0.0672538,0.931042]]],"btipPosition":[24.2034,232.144,-30.3184],"carpPosition":[51.4916,209.064,61.1494],"dipPosition":[15.8327,230.574,-8.58896],"direction":[-0.163827,0.210589,-0.963749],"extended":false,"handId":718,"id":7180,"length":51.9721,"mcpPosition":[51.4916,209.064,61.1494],"pipPosition":[21.403,223.414,24.1797],"stabilizedTipPosition":[18.0631,222.943,-13.6494],"timeVisible":0.235065,"tipPosition":[21.7922,231.581,-24.558],"tipVelocity":[33.3608,114.761,-158.552],"tool":false,"touchDistance":-0.0658934,"touchZone":"hovering","type":0,"width":20.194},{"bases":[[[0.927823,0.125205,-0.351381],[0.113429,0.802681,0.585523],[0.355357,-0.583119,0.730544]],[[0.962069,0.0584296,-0.266475],[0.0713359,0.888926,0.452462],[0.263313,-0.454309,0.85104]],[[0.962069,0.0584296,-0.266475],[0.018383,0.960689,0.277019],[0.272185,-0.27141,0.923175]],[[0.962069,0.0584296,-0.266475],[-0.0223603,0.990397,0.136435],[0.271887,-0.125301,0.954137]]],"btipPosition":[12.1122,301.374,-63.2572],"carpPosition":[60.6578,230.452,65.3101],"dipPosition":[16.7447,299.239,-47.0003],"direction":[-0.272185,0.27141,-0.923175],"extended":true,"handId":718,"id":7181,"length":58.6448,"mcpPosition":[34.5866,273.233,11.713],"pipPosition":[23.3053,292.698,-24.7485],"stabilizedTipPosition":[15.586,294.482,-52.8469],"timeVisible":0.235065,"tipPosition":[13.9292,300.377,-59.8522],"tipVelocity":[-69.8836,140.301,-142.451],"tool":false,"touchDistance":-0.055849,"touchZone":"hovering","type":1,"width":19.2893},{"bases":[[[0.93428,-0.093412,-0.344086],[0.27643,0.799295,0.533585],[0.225183,-0.593634,0.772588]],[[0.935628,-0.0970091,-0.339396],[-0.107752,0.837111,-0.536316],[0.33614,0.538362,0.772772]],[[0.935628,-0.0970091,-0.339396],[-0.337223,0.0384834,-0.940638],[0.104312,0.994539,0.0032924]],[[0.935628,-0.0970091,-0.339396],[-0.348115,-0.412795,-0.841675],[-0.0584508,0.905643,-0.419993]]],"btipPosition":[38.225,203.928,-21.5136],"carpPosition":[71.9119,233.678,61.6066],"dipPosition":[37.1296,220.9,-29.3843],"direction":[-0.104312,-0.994539,-0.0032924],"extended":false,"handId":718,"id":7182,"length":66.821,"mcpPosition":[56.2448,274.98,7.85388],"pipPosition":[40.0876,249.103,-29.2909],"stabilizedTipPosition":[33.3755,197.416,-12.0167],"timeVisible":0.235065,"tipPosition":[38.3521,207.212,-22.2344],"tipVelocity":[38.7975,144.714,-141.707],"tool":false,"touchDistance":0.333333,"touchZone":"none","type":2,"width":18.9446},{"bases":[[[0.93372,-0.239739,-0.265881],[0.349511,0.771248,0.531995],[0.0775206,-0.589663,0.803921]],[[0.934846,-0.249191,-0.252918],[0.0705644,0.828524,-0.55549],[0.347972,0.501451,0.792126]],[[0.934846,-0.249191,-0.252918],[-0.24604,0.0589134,-0.967468],[0.255984,0.966661,-0.00623597]],[[0.934846,-0.249191,-0.252918],[-0.335628,-0.387822,-0.858457],[0.115832,0.887411,-0.446189]]],"btipPosition":[53.7891,204.996,-19.7675],"carpPosition":[83.3657,233.743,57.2589],"dipPosition":[55.9474,221.53,-28.081],"direction":[-0.255984,-0.966661,0.00623597],"extended":false,"handId":718,"id":7183,"length":64.2502,"mcpPosition":[78.5232,270.577,7.04065],"pipPosition":[63.019,248.235,-28.2533],"stabilizedTipPosition":[50.2007,197.773,-10.1346],"timeVisible":0.235065,"tipPosition":[54.5513,208.043,-20.262],"tipVelocity":[36.2636,184.267,-178.874],"tool":false,"touchDistance":0.333333,"touchZone":"none","type":3,"width":18.027},{"bases":[[[0.865746,-0.430489,-0.255271],[0.49595,0.669425,0.553085],[-0.0672124,-0.605433,0.793053]],[[0.852043,-0.498016,-0.161253],[0.332907,0.75324,-0.567276],[0.403974,0.429661,0.807586]],[[0.852043,-0.498016,-0.161253],[-0.144047,0.0730925,-0.986868],[0.503262,0.864082,-0.00945949]],[[0.852043,-0.498016,-0.161253],[-0.356599,-0.326689,-0.875278],[0.383223,0.803277,-0.455945]]],"btipPosition":[67.2864,216.097,-15.4185],"carpPosition":[94.0478,226.9,50.8944],"dipPosition":[73.8737,229.905,-23.2558],"direction":[-0.503262,-0.864082,0.00945949],"extended":false,"handId":718,"id":7184,"length":50.3709,"mcpPosition":[97.9344,261.909,5.03625],"pipPosition":[83.6897,246.759,-23.4403],"stabilizedTipPosition":[65.6101,209.091,-7.31748],"timeVisible":0.235065,"tipPosition":[69.0165,218.469,-15.8355],"tipVelocity":[32.3708,198.544,-178.755],"tool":false,"touchDistance":0.333333,"touchZone":"none","type":4,"width":16.013}],"r":[[0.983715,0.0128107,0.17928],[-0.0334353,0.993089,0.112498],[-0.1766,-0.11666,0.977345]],"s":0.931461,"t":[37.7077,58.9672,-64.6048],"timestamp":524086661752},false],[1,{"currentFrameRate":94.6265,"devices":[],"gestures":[],"hands":[{"armBasis":[[0.922332,0.073569,-0.379329],[0.0764275,0.927577,0.365731],[0.378764,-0.366317,0.849912]],"armWidth":63.5437,"confidence":0.611417,"direction":[-0.18076,0.702561,-0.688283],"elbow":[182.243,122.033,287.524],"grabStrength":0,"id":718,"palmNormal":[-0.158521,-0.711473,-0.684601],"palmPosition":[62.4643,255.321,20.4939],"palmVelocity":[-11.7745,160.947,-132.21],"palmWidth":90.7382,"pinchStrength":0.879128,"r":[[0.983397,0.0208844,0.18026],[-0.0412161,0.993099,0.109794],[-0.176724,-0.115401,0.977472]],"s":0.930301,"sphereCenter":[58.0015,234.464,-25.9765],"sphereRadius":47.8277,"stabilizedPalmPosition":[62.0462,248.75,26.1937],"t":[37.4179,60.2343,-65.5984],"timeVisible":0.243747,"type":"right","wrist":[80.2599,220.665,58.6834]}],"id":4314065,"interactionBox":{"center":[0,200,0],"size":[235.247,235.247,147.751]},"pointables":[{"bases":[[[0.497107,0.779344,0.381453],[-0.639751,0.0322125,0.767907],[0.586176,-0.625767,0.5146]],[[0.242359,0.956602,0.161784],[-0.75906,0.0831086,0.645695],[0.604227,-0.279294,0.74626]],[[0.242359,0.956602,0.161784],[-0.955406,0.206328,0.211252],[0.168704,-0.205768,0.963949]],[[0.242359,0.956602,0.161784],[-0.903644,0.283269,-0.321226],[-0.353114,-0.068343,0.933081]]],"btipPosition":[24.0012,232.683,-31.2197],"carpPosition":[51.5742,210.188,60.4812],"dipPosition":[15.7599,231.088,-9.44269],"direction":[-0.168704,0.205768,-0.963949],"extended":false,"handId":718,"id":7180,"length":51.9721,"mcpPosition":[51.5742,210.188,60.4812],"pipPosition":[21.4961,224.091,23.3328],"stabilizedTipPosition":[18.0631,222.943,-13.6494],"timeVisible":0.243747,"tipPosition":[21.6588,232.118,-25.4294],"tipVelocity":[19.1884,100.548,-143.639],"tool":false,"touchDistance":-0.0807327,"touchZone":"hovering","type":0,"width":20.194},{"bases":[[[0.926539,0.132395,-0.352133],[0.106157,0.805975,0.582353],[0.360911,-0.576954,0.732712]],[[0.960502,0.0683878,-0.269739],[0.0633501,0.89014,0.451261],[0.270966,-0.450525,0.850649]],[[0.960502,0.0683878,-0.269739],[0.00930463,0.960896,0.276752],[0.278118,-0.26833,0.922307]],[[0.960502,0.0683878,-0.269739],[-0.0320699,0.990077,0.136821],[0.276419,-0.122766,0.953164]]],"btipPosition":[11.0424,301.866,-64.1164],"carpPosition":[60.5434,231.676,64.5557],"dipPosition":[15.7521,299.775,-47.8761],"direction":[-0.278118,0.26833,-0.922307],"extended":true,"handId":718,"id":7181,"length":58.6448,"mcpPosition":[34.0649,274.005,10.7995],"pipPosition":[22.4557,293.307,-25.6453],"stabilizedTipPosition":[15.586,294.482,-52.8469],"timeVisible":0.243747,"tipPosition":[12.9058,300.852,-60.735],"tipVelocity":[-83.5441,118.332,-130.987],"tool":false,"touchDistance":-0.0702326,"touchZone":"hovering","type":1,"width":19.2893},{"bases":[[[0.935017,-0.0861231,-0.343986],[0.269169,0.803892,0.530382],[0.23085,-0.588507,0.774834]],[[0.93667,-0.0903988,-0.338345],[-0.11383,0.835069,-0.53824],[0.331198,0.542667,0.771894]],[[0.93667,-0.0903988,-0.338345],[-0.336727,0.0330549,-0.941022],[0.0962512,0.995357,0.000521869]],[[0.93667,-0.0903988,-0.338345],[-0.343988,-0.418829,-0.840389],[-0.0657385,0.903554,-0.423401]]],"btipPosition":[38.2879,204.694,-22.2555],"carpPosition":[71.7664,234.991,60.8365],"dipPosition":[37.0559,221.626,-30.19],"direction":[-0.0962512,-0.995357,-0.000521869],"extended":false,"handId":718,"id":7182,"length":66.821,"mcpPosition":[55.7051,275.937,6.92742],"pipPosition":[39.7854,249.852,-30.1752],"stabilizedTipPosition":[34.0264,198.987,-13.7131],"timeVisible":0.243747,"tipPosition":[38.3861,207.976,-23.0101],"tipVelocity":[29.4314,129.376,-127.175],"tool":false,"touchDistance":0.333333,"touchZone":"none","type":2,"width":18.9446},{"bases":[[[0.935828,-0.232142,-0.265211],[0.342506,0.776515,0.52888],[0.083165,-0.585777,0.806194]],[[0.937147,-0.242426,-0.250967],[0.0673368,0.831368,-0.551628],[0.342375,0.500058,0.795438]],[[0.937147,-0.242426,-0.250967],[-0.24366,0.0601788,-0.967992],[0.249769,0.968302,-0.00267296]],[[0.937147,-0.242426,-0.250967],[-0.331026,-0.390225,-0.859154],[0.110348,0.888231,-0.445948]]],"btipPosition":[53.8121,206.156,-20.9336],"carpPosition":[83.218,235.145,56.4852],"dipPosition":[55.8682,222.706,-29.2427],"direction":[-0.249769,-0.968302,0.00267296],"extended":false,"handId":718,"id":7183,"length":64.2502,"mcpPosition":[78.0229,271.736,6.125],"pipPosition":[62.7681,249.456,-29.3165],"stabilizedTipPosition":[50.8008,199.565,-12.0023],"timeVisible":0.243747,"tipPosition":[54.5528,209.192,-21.4182],"tipVelocity":[26.5904,170.901,-166.977],"tool":false,"touchDistance":0.333333,"touchZone":"none","type":3,"width":18.027},{"bases":[[[0.869621,-0.423469,-0.253836],[0.489885,0.676132,0.550325],[-0.0614189,-0.602925,0.79543]],[[0.85529,-0.494977,-0.153225],[0.338115,0.757231,-0.55882],[0.39263,0.426145,0.815011]],[[0.85529,-0.494977,-0.153225],[-0.132371,0.0771758,-0.988191],[0.500957,0.865472,0.000487247]],[[0.85529,-0.494977,-0.153225],[-0.346894,-0.327329,-0.878932],[0.384896,0.804894,-0.451665]]],"btipPosition":[67.2812,217.497,-16.8353],"carpPosition":[93.9613,228.376,50.1444],"dipPosition":[73.8972,231.333,-24.599],"direction":[-0.500957,-0.865472,-0.000487247],"extended":false,"handId":718,"id":7184,"length":50.3709,"mcpPosition":[97.5128,263.24,4.14889],"pipPosition":[83.6682,248.214,-24.5895],"stabilizedTipPosition":[66.1381,211.007,-9.18683],"timeVisible":0.243747,"tipPosition":[69.0058,219.842,-17.1708],"tipVelocity":[23.7909,188.81,-174.088],"tool":false,"touchDistance":0.333333,"touchZone":"none","type":4,"width":16.013}],"r":[[0.983397,0.0208844,0.18026],[-0.0412161,0.993099,0.109794],[-0.176724,-0.115401,0.977472]],"s":0.930301,"t":[37.4179,60.2343,-65.5984],"timestamp":524086670434},false],[2,{"currentFrameRate":95.2489,"devices":[],"gestures":[],"hands":[{"armBasis":[[0.92716,0.0699179,-0.368083],[0.0799699,0.922863,0.376734],[0.366031,-0.378729,0.850051]],"armWidth":63.5437,"confidence":0.614463,"direction":[-0.191723,0.692142,-0.695832],"elbow":[178.804,121.065,285.93],"grabStrength":0,"id":718,"palmNormal":[-0.160045,-0.721543,-0.673619],"palmPosition":[61.8743,257.067,18.5721],"palmVelocity":[-26.4066,168.89,-153.565],"palmWidth":90.7382,"pinchStrength":0.886146,"r":[[0.983391,0.0291078,0.179152],[-0.0485415,0.99328,0.105067],[-0.17489,-0.112019,0.978195]],"s":0.92915,"sphereCenter":[56.8675,235.661,-27.4697],"sphereRadius":47.7347,"stabilizedPalmPosition":[62.0115,250.427,24.6564],"t":[36.978,61.7406,-67.0561],"timeVisible":0.252969,"type":"right","wrist":[80.249,223.038,57.0513]}],"id":4314066,"interactionBox":{"center":[0,200,0],"size":[235.247,235.247,147.751]},"pointables":[{"bases":[[[0.495383,0.787583,0.366482],[-0.632895,0.0382528,0.773292],[0.595013,-0.61502,0.517407]],[[0.237198,0.960332,0.146627],[-0.757732,0.0884395,0.646545],[0.60793,-0.264463,0.748652]],[[0.237198,0.960332,0.146627],[-0.954551,0.202359,0.218822],[0.180471,-0.191868,0.964685]],[[0.237198,0.960332,0.146627],[-0.909669,0.272537,-0.313409],[-0.340938,-0.0590426,0.93823]]],"btipPosition":[23.2097,233.466,-32.7123],"carpPosition":[51.6512,212.4,59.2529],"dipPosition":[15.2526,232.088,-10.8151],"direction":[-0.180471,0.191868,-0.964685],"extended":false,"handId":718,"id":7180,"length":51.9721,"mcpPosition":[51.6512,212.4,59.2529],"pipPosition":[21.3888,225.565,21.9854],"stabilizedTipPosition":[18.1188,223.114,-13.8853],"timeVisible":0.252969,"tipPosition":[20.9278,232.988,-26.8567],"tipVelocity":[-8.26164,97.7043,-147.904],"tool":false,"touchDistance":-0.105148,"touchZone":"hovering","type":0,"width":20.194},{"bases":[[[0.922375,0.133744,-0.362405],[0.10612,0.814332,0.570616],[0.371434,-0.56478,0.736926]],[[0.956603,0.0730116,-0.282099],[0.0618368,0.895188,0.441378],[0.284758,-0.439668,0.851825]],[[0.956603,0.0730116,-0.282099],[0.00545542,0.963444,0.267854],[0.291343,-0.257768,0.921235]],[[0.956603,0.0730116,-0.282099],[-0.0376342,0.990949,0.128855],[0.288954,-0.112646,0.950693]]],"btipPosition":[9.11795,302.403,-66.0045],"carpPosition":[60.5143,233.998,62.9592],"dipPosition":[14.0412,300.484,-49.8063],"direction":[-0.291343,0.257768,-0.921235],"extended":true,"handId":718,"id":7181,"length":58.6448,"mcpPosition":[33.2636,275.434,8.8939],"pipPosition":[21.0636,294.271,-27.6013],"stabilizedTipPosition":[14.6505,295.793,-54.5005],"timeVisible":0.252969,"tipPosition":[11.0449,301.39,-62.6539],"tipVelocity":[-117.127,102.685,-151.954],"tool":false,"touchDistance":-0.101862,"touchZone":"touching","type":1,"width":19.2893},{"bases":[[[0.932381,-0.0845862,-0.351442],[0.26866,0.812622,0.517173],[0.241844,-0.57662,0.780398]],[[0.934416,-0.0895172,-0.344752],[-0.12165,0.829495,-0.545104],[0.334766,0.551293,0.764204]],[[0.934416,-0.0895172,-0.344752],[-0.344286,0.0210773,-0.938628],[0.0912898,0.995762,-0.0111246]],[[0.934416,-0.0895172,-0.344752],[-0.348355,-0.431499,-0.83214],[-0.0742689,0.897661,-0.434383]]],"btipPosition":[37.566,205.897,-23.4805],"carpPosition":[71.6804,237.337,59.0928],"dipPosition":[36.1742,222.719,-31.6208],"direction":[-0.0912898,-0.995762,0.0111246],"extended":false,"handId":718,"id":7182,"length":66.821,"mcpPosition":[54.8542,277.455,4.79669],"pipPosition":[38.763,250.956,-31.9363],"stabilizedTipPosition":[34.4995,200.571,-15.4234],"timeVisible":0.252969,"tipPosition":[37.6401,209.152,-24.2852],"tipVelocity":[-1.87725,128.901,-130.2],"tool":false,"touchDistance":0.333333,"touchZone":"none","type":2,"width":18.9446},{"bases":[[[0.934884,-0.229535,-0.27075],[0.34216,0.785707,0.515356],[0.0944375,-0.574438,0.813082]],[[0.936485,-0.240224,-0.255517],[0.0599179,0.827455,-0.558327],[0.345552,0.507554,0.789292]],[[0.936485,-0.240224,-0.255517],[-0.250748,0.0507515,-0.966721],[0.245197,0.96939,-0.0127077]],[[0.936485,-0.240224,-0.255517],[-0.335453,-0.401013,-0.852443],[0.102311,0.884014,-0.456126]]],"btipPosition":[53.1149,207.525,-22.4742],"carpPosition":[83.0904,237.507,54.6343],"dipPosition":[55.0212,223.996,-30.9729],"direction":[-0.245197,-0.96939,0.0127077],"extended":false,"handId":718,"id":7183,"length":64.2502,"mcpPosition":[77.1912,273.39,3.84375],"pipPosition":[61.7948,250.776,-31.3239],"stabilizedTipPosition":[51.2194,201.351,-13.8918],"timeVisible":0.252969,"tipPosition":[53.8304,210.559,-23.0133],"tipVelocity":[-3.10309,164.046,-168.324],"tool":false,"touchDistance":0.333333,"touchZone":"none","type":3,"width":18.027},{"bases":[[[0.870059,-0.421123,-0.25623],[0.490393,0.686583,0.536766],[-0.0501216,-0.592672,0.803883]],[[0.856585,-0.493193,-0.151734],[0.331969,0.751837,-0.569683],[0.395043,0.43761,0.807737]],[[0.856585,-0.493193,-0.151734],[-0.139178,0.0623327,-0.988304],[0.496882,0.867684,-0.0152482]],[[0.856585,-0.493193,-0.151734],[-0.351911,-0.343293,-0.870809],[0.377387,0.799319,-0.46762]]],"btipPosition":[66.6101,218.902,-18.3462],"carpPosition":[93.82,230.725,48.2847],"dipPosition":[73.097,232.642,-26.3841],"direction":[-0.496882,-0.867684,0.0152482],"extended":false,"handId":718,"id":7184,"length":50.3709,"mcpPosition":[96.7183,264.996,1.80035],"pipPosition":[82.7885,249.565,-26.6815],"stabilizedTipPosition":[66.4754,212.906,-11.0773],"timeVisible":0.252969,"tipPosition":[68.3053,221.255,-18.8067],"tipVelocity":[-4.1781,177.904,-173.132],"tool":false,"touchDistance":0.333333,"touchZone":"none","type":4,"width":16.013}],"r":[[0.983391,0.0291078,0.179152],[-0.0485415,0.99328,0.105067],[-0.17489,-0.112019,0.978195]],"s":0.92915,"t":[36.978,61.7406,-67.0561],"timestamp":524086679656},false],[3,{"currentFrameRate":95.9529,"devices":[],"gestures":[],"hands":[{"armBasis":[[0.930659,0.0759687,-0.357915],[0.0703237,0.922831,0.378732],[0.359067,-0.37764,0.853498]],"armWidth":63.5437,"confidence":0.621584,"direction":[-0.20057,0.687289,-0.698144],"elbow":[176.719,123.158,285.436],"grabStrength":0,"id":718,"palmNormal":[-0.15159,-0.725815,-0.670979],"palmPosition":[61.2277,258.504,17.0419],"palmVelocity":[-38.898,166.415,-158.144],"palmWidth":90.7382,"pinchStrength":0.909754,"r":[[0.983271,0.0382131,0.178094],[-0.0568237,0.993303,0.100599],[-0.173057,-0.109036,0.978858]],"s":0.927036,"sphereCenter":[56.2409,236.931,-28.8543],"sphereRadius":47.6382,"stabilizedPalmPosition":[61.8596,251.992,23.181],"t":[36.4347,63.2121,-68.5501],"timeVisible":0.261956,"type":"right","wrist":[80.039,224.838,55.6294]}],"id":4314067,"interactionBox":{"center":[0,200,0],"size":[235.247,235.247,147.751]},"pointables":[{"bases":[[[0.485921,0.794868,0.363407],[-0.632876,0.0332349,0.77354],[0.602785,-0.605871,0.519202]],[[0.225325,0.96374,0.142944],[-0.763925,0.0837031,0.639854],[0.604688,-0.253374,0.755085]],[[0.225325,0.96374,0.142944],[-0.956885,0.191303,0.218574],[0.183303,-0.186031,0.965294]],[[0.225325,0.96374,0.142944],[-0.914199,0.259868,-0.31098],[-0.336851,-0.0606077,0.939605]]],"btipPosition":[23.1029,234.211,-34.4524],"carpPosition":[51.5748,213.859,57.8858],"dipPosition":[15.2412,232.797,-12.5231],"direction":[-0.183303,0.186031,-0.965294],"extended":false,"handId":718,"id":7180,"length":51.9721,"mcpPosition":[51.5748,213.859,57.8858],"pipPosition":[21.4737,226.471,20.2981],"stabilizedTipPosition":[18.3026,223.738,-14.7834],"timeVisible":0.261956,"tipPosition":[20.7884,233.758,-28.5461],"tipVelocity":[-8.5837,93.3782,-160.218],"tool":false,"touchDistance":-0.134028,"touchZone":"hovering","type":0,"width":20.194},{"bases":[[[0.920464,0.143736,-0.363437],[0.096476,0.817574,0.567684],[0.378733,-0.557595,0.73868]],[[0.954682,0.0853282,-0.285134],[0.0512217,0.896624,0.43982],[0.293187,-0.434493,0.85162]],[[0.954682,0.0853282,-0.285134],[-0.00634092,0.963636,0.267144],[0.297561,-0.253229,0.920507]],[[0.954682,0.0853282,-0.285134],[-0.0500591,0.990409,0.128779],[0.293388,-0.108669,0.949797]]],"btipPosition":[7.65672,303.056,-67.54],"carpPosition":[60.1751,235.577,61.5107],"dipPosition":[12.6556,301.204,-51.3571],"direction":[-0.297561,0.253229,-0.920507],"extended":true,"handId":718,"id":7181,"length":58.6448,"mcpPosition":[32.389,276.485,7.31672],"pipPosition":[19.8278,295.1,-29.1697],"stabilizedTipPosition":[13.6693,296.941,-56.065],"timeVisible":0.261956,"tipPosition":[9.6191,302.054,-64.2023],"tipVelocity":[-129.066,94.9074,-157.248],"tool":false,"touchDistance":-0.127513,"touchZone":"touching","type":1,"width":19.2893},{"bases":[[[0.933146,-0.0744156,-0.351713],[0.258994,0.817664,0.514148],[0.249322,-0.570866,0.782273]],[[0.935941,-0.0809514,-0.342727],[-0.123882,0.83533,-0.535609],[0.329648,0.543756,0.771791]],[[0.935941,-0.0809514,-0.342727],[-0.341509,0.0288752,-0.939435],[0.0859449,0.9963,-0.000620115]],[[0.935941,-0.0809514,-0.342727],[-0.343052,-0.429464,-0.83539],[-0.0795627,0.899449,-0.429723]]],"btipPosition":[37.1594,207.511,-25.8279],"carpPosition":[71.2974,239.038,57.6258],"dipPosition":[35.6684,224.366,-33.8809],"direction":[-0.0859449,-0.9963,0.000620115],"extended":false,"handId":718,"id":7182,"length":66.821,"mcpPosition":[53.9508,278.756,3.19922],"pipPosition":[38.1056,252.619,-33.8984],"stabilizedTipPosition":[34.8152,202.045,-17.0938],"timeVisible":0.261956,"tipPosition":[37.2839,210.678,-26.4365],"tipVelocity":[-14.465,143.044,-165.512],"tool":false,"touchDistance":0.333333,"touchZone":"none","type":2,"width":18.9446},{"bases":[[[0.937468,-0.219038,-0.270512],[0.332817,0.791643,0.512381],[0.101919,-0.570371,0.815039]],[[0.939278,-0.23013,-0.254551],[0.051793,0.828368,-0.557785],[0.339225,0.510731,0.789987]],[[0.939278,-0.23013,-0.254551],[-0.250365,0.0477214,-0.966975],[0.234678,0.971989,-0.0127928]],[[0.939278,-0.23013,-0.254551],[-0.330425,-0.406356,-0.851877],[0.0926044,0.884259,-0.457722]]],"btipPosition":[53.0124,208.878,-24.0699],"carpPosition":[82.7019,239.332,53.1597],"dipPosition":[54.7379,225.353,-32.5983],"direction":[-0.234678,-0.971989,0.0127928],"extended":false,"handId":718,"id":7183,"length":64.2502,"mcpPosition":[76.3354,274.961,2.24693],"pipPosition":[61.2209,252.205,-32.9517],"stabilizedTipPosition":[51.5347,202.981,-15.6401],"timeVisible":0.261956,"tipPosition":[53.6871,211.923,-24.64],"tipVelocity":[-6.64786,160.373,-171.064],"tool":false,"touchDistance":0.333333,"touchZone":"none","type":3,"width":18.027},{"bases":[[[0.874999,-0.411351,-0.255279],[0.482264,0.694416,0.534049],[-0.042412,-0.590404,0.805993]],[[0.86182,-0.485428,-0.147057],[0.328135,0.75468,-0.568142],[0.386773,0.441381,0.809684]],[[0.86182,-0.485428,-0.147057],[-0.135388,0.0592519,-0.989019],[0.488811,0.872266,-0.0146567]],[[0.86182,-0.485428,-0.147057],[-0.345745,-0.350096,-0.87057],[0.371115,0.801119,-0.469554]]],"btipPosition":[66.4111,220.452,-19.9724],"carpPosition":[93.51,232.659,46.8274],"dipPosition":[72.7902,234.222,-28.0436],"direction":[-0.488811,-0.872266,0.0146567],"extended":false,"handId":718,"id":7184,"length":50.3709,"mcpPosition":[95.9625,266.799,0.221119],"pipPosition":[82.3243,251.235,-28.3294],"stabilizedTipPosition":[66.7058,214.666,-12.8436],"timeVisible":0.261956,"tipPosition":[68.0756,222.815,-20.4593],"tipVelocity":[-9.86049,176.624,-175.509],"tool":false,"touchDistance":0.333333,"touchZone":"none","type":4,"width":16.013}],"r":[[0.983271,0.0382131,0.178094],[-0.0568237,0.993303,0.100599],[-0.173057,-0.109036,0.978858]],"s":0.927036,"t":[36.4347,63.2121,-68.5501],"timestamp":524086688643},false],[4,{"currentFrameRate":96.6704,"devices":[],"gestures":[],"hands":[{"armBasis":[[0.932133,0.0854683,-0.351884],[0.0629397,0.918716,0.38987],[0.356604,-0.385559,0.850987]],"armWidth":63.5437,"confidence":0.61843,"direction":[-0.20464,0.685437,-0.698784],"elbow":[175.403,122.87,283.06],"grabStrength":0,"id":718,"palmNormal":[-0.142113,-0.727133,-0.671626],"palmPosition":[60.3922,260.171,15.2774],"palmVelocity":[-53.8605,172.154,-169.09],"palmWidth":90.7382,"pinchStrength":0.930071,"r":[[0.982901,0.0473855,0.177936],[-0.0654413,0.993129,0.0970146],[-0.172116,-0.107,0.979248]],"s":0.924324,"sphereCenter":[55.5799,238.608,-30.5327],"sphereRadius":47.5075,"stabilizedPalmPosition":[61.5832,253.533,21.6921],"t":[35.7454,64.7818,-70.1793],"timeVisible":0.270849,"type":"right","wrist":[79.3863,226.683,53.9291]}],"id":4314068,"interactionBox":{"center":[0,200,0],"size":[235.247,235.247,147.751]},"pointables":[{"bases":[[[0.476886,0.799464,0.365291],[-0.635997,0.0269917,0.771219],[0.606702,-0.600108,0.521328]],[[0.216067,0.965644,0.144386],[-0.773561,0.079072,0.628769],[0.59575,-0.247548,0.764069]],[[0.216067,0.965644,0.144386],[-0.959904,0.183035,0.212325],[0.178602,-0.184474,0.966473]],[[0.216067,0.965644,0.144386],[-0.915987,0.251675,-0.312453],[-0.338057,-0.0647454,0.938896]]],"btipPosition":[23.1824,235.534,-36.7292],"carpPosition":[51.0214,215.428,56.0798],"dipPosition":[15.2926,234.023,-14.8165],"direction":[-0.178602,0.184474,-0.966473],"extended":false,"handId":718,"id":7180,"length":51.9721,"mcpPosition":[51.0214,215.428,56.0798],"pipPosition":[21.3653,227.751,18.0448],"stabilizedTipPosition":[18.5134,224.525,-15.946],"timeVisible":0.270849,"tipPosition":[20.7492,235.07,-30.7897],"tipVelocity":[-4.01825,107.766,-186.374],"tool":false,"touchDistance":-0.172038,"touchZone":"hovering","type":0,"width":20.194},{"bases":[[[0.920358,0.152679,-0.360042],[0.0864945,0.818373,0.568141],[0.381392,-0.554035,0.73999]],[[0.95412,0.0960436,-0.283601],[0.0407816,0.89665,0.440858],[0.296633,-0.432198,0.851595]],[[0.95412,0.0960436,-0.283601],[-0.0171609,0.963143,0.268441],[0.298931,-0.251258,0.920603]],[[0.95412,0.0960436,-0.283601],[-0.0609102,0.989613,0.130219],[0.293162,-0.10697,0.95006]]],"btipPosition":[6.50797,304.271,-69.4135],"carpPosition":[59.3982,237.228,59.7391],"dipPosition":[11.503,302.448,-53.2261],"direction":[-0.298931,0.251258,-0.920603],"extended":true,"handId":718,"id":7181,"length":58.6448,"mcpPosition":[31.417,277.875,5.44896],"pipPosition":[18.7082,296.392,-31.0364],"stabilizedTipPosition":[12.6997,298.055,-57.6172],"timeVisible":0.270849,"tipPosition":[8.4901,303.303,-66.0736],"tipVelocity":[-129.122,106.455,-171.737],"tool":false,"touchDistance":-0.158721,"touchZone":"touching","type":1,"width":19.2893},{"bases":[[[0.935103,-0.0653411,-0.3483],[0.249199,0.820041,0.515201],[0.251956,-0.568562,0.783106]],[[0.938446,-0.0730753,-0.337607],[-0.123972,0.841,-0.52664],[0.322412,0.536078,0.780174]],[[0.938446,-0.0730753,-0.337607],[-0.335716,0.0371367,-0.941231],[0.0813183,0.996635,0.0103182]],[[0.938446,-0.0730753,-0.337607],[-0.33547,-0.425753,-0.840354],[-0.0823279,0.901884,-0.424061]]],"btipPosition":[36.7103,209.423,-28.4355],"carpPosition":[70.5007,240.797,55.8954],"dipPosition":[35.1675,226.325,-36.3824],"direction":[-0.0813183,-0.996635,-0.0103182],"extended":false,"handId":718,"id":7182,"length":66.821,"mcpPosition":[52.9709,280.355,1.41083],"pipPosition":[37.4735,254.587,-36.0898],"stabilizedTipPosition":[35.0106,203.474,-18.7644],"timeVisible":0.270849,"tipPosition":[36.8465,212.557,-28.9519],"tipVelocity":[-24.6239,162.947,-199.48],"tool":false,"touchDistance":0.333333,"touchZone":"none","type":2,"width":18.9446},{"bases":[[[0.940524,-0.209929,-0.267103],[0.323276,0.794735,0.513701],[0.104436,-0.569497,0.815332]],[[0.942422,-0.221261,-0.250766],[0.0459405,0.828389,-0.558267],[0.331254,0.514603,0.790857]],[[0.942422,-0.221261,-0.250766],[-0.247523,0.0427327,-0.967939],[0.224883,0.974278,-0.014495]],[[0.942422,-0.221261,-0.250766],[-0.323442,-0.412453,-0.851627],[0.0850023,0.8837,-0.46027]]],"btipPosition":[52.8388,210.468,-25.721],"carpPosition":[81.9181,241.202,51.4711],"dipPosition":[54.4226,226.933,-34.2969],"direction":[-0.224883,-0.974278,0.014495],"extended":false,"handId":718,"id":7183,"length":64.2502,"mcpPosition":[75.3944,276.776,0.540083],"pipPosition":[60.635,253.848,-34.6973],"stabilizedTipPosition":[51.7667,204.549,-17.3163],"timeVisible":0.270849,"tipPosition":[53.4585,213.556,-26.4207],"tipVelocity":[-11.1441,165.307,-175.366],"tool":false,"touchDistance":0.333333,"touchZone":"none","type":3,"width":18.027},{"bases":[[[0.87986,-0.402839,-0.252124],[0.473575,0.698952,0.535905],[-0.0396604,-0.590921,0.805754]],[[0.86666,-0.478222,-0.142141],[0.325359,0.757757,-0.565637],[0.378209,0.443968,0.812312]],[[0.86666,-0.478222,-0.142141],[-0.130482,0.0577209,-0.989769],[0.481534,0.87634,-0.012375]],[[0.86666,-0.478222,-0.142141],[-0.338437,-0.354217,-0.871774],[0.366553,0.803638,-0.468834]]],"btipPosition":[66.0777,222.243,-21.7579],"carpPosition":[92.8133,234.635,45.1777],"dipPosition":[72.3784,236.057,-29.8167],"direction":[-0.481534,-0.87634,0.012375],"extended":false,"handId":718,"id":7184,"length":50.3709,"mcpPosition":[95.1067,268.805,-1.41485],"pipPosition":[81.7705,253.15,-30.0581],"stabilizedTipPosition":[66.8372,216.386,-14.5658],"timeVisible":0.270849,"tipPosition":[67.7176,224.628,-22.2845],"tipVelocity":[-17.9229,183.682,-182.29],"tool":false,"touchDistance":0.333333,"touchZone":"none","type":4,"width":16.013}],"r":[[0.982901,0.0473855,0.177936],[-0.0654413,0.993129,0.0970146],[-0.172116,-0.107,0.979248]],"s":0.924324,"t":[35.7454,64.7818,-70.1793],"timestamp":524086697536},false],[5,{"currentFrameRate":97.2432,"devices":[],"gestures":[],"hands":[{"armBasis":[[0.926873,0.0952282,-0.363094],[0.0552131,0.922179,0.382802],[0.371291,-0.374856,0.849485]],"armWidth":63.5437,"confidence":0.622319,"direction":[-0.210852,0.678127,-0.704049],"elbow":[178.971,127.491,281.443],"grabStrength":0,"id":718,"palmNormal":[-0.136105,-0.733592,-0.665821],"palmPosition":[59.7009,261.44,13.812],"palmVelocity":[-59.9335,162.915,-166.693],"palmWidth":90.7382,"pinchStrength":0.95395,"r":[[0.982466,0.056698,0.177611],[-0.0740419,0.992947,0.092593],[-0.171109,-0.10412,0.979735]],"s":0.920895,"sphereCenter":[54.5746,239.6,-31.5734],"sphereRadius":47.2593,"stabilizedPalmPosition":[61.2302,255.016,20.2143],"t":[35.055,66.2009,-71.7266],"timeVisible":0.279981,"type":"right","wrist":[79,228.422,52.7164]}],"id":4314069,"interactionBox":{"center":[0,200,0],"size":[235.247,235.247,147.751]},"pointables":[{"bases":[[[0.470111,0.806402,0.358763],[-0.635882,0.0275583,0.771294],[0.612087,-0.590725,0.525732]],[[0.20772,0.968598,0.136643],[-0.780793,0.080029,0.619643],[0.58925,-0.235402,0.772898]],[[0.20772,0.968598,0.136643],[-0.962674,0.177641,0.204211],[0.173525,-0.173962,0.969343]],[[0.20772,0.968598,0.136643],[-0.913935,0.241965,-0.325845],[-0.348676,-0.0571986,0.935496]]],"btipPosition":[23.6395,235.908,-38.2973],"carpPosition":[50.7344,216.94,54.9693],"dipPosition":[15.5018,234.573,-16.464],"direction":[-0.173525,0.173962,-0.969343],"extended":false,"handId":718,"id":7180,"length":51.9721,"mcpPosition":[50.7344,216.94,54.9693],"pipPosition":[21.4018,228.658,16.4949],"stabilizedTipPosition":[18.7071,225.184,-16.9775],"timeVisible":0.279981,"tipPosition":[20.941,235.559,-32.3772],"tipVelocity":[9.27585,90.4056,-182.856],"tool":false,"touchDistance":-0.198477,"touchZone":"hovering","type":0,"width":20.194},{"bases":[[[0.918852,0.157791,-0.361681],[0.079656,0.823532,0.56165],[0.386479,-0.544883,0.744135]],[[0.95229,0.10366,-0.287052],[0.0331397,0.899869,0.4349],[0.303391,-0.423663,0.853501]],[[0.95229,0.10366,-0.287052],[-0.025849,0.964567,0.262569],[0.304099,-0.242622,0.921227]],[[0.95229,0.10366,-0.287052],[-0.0701949,0.989729,0.124539],[0.297013,-0.0984477,0.949785]]],"btipPosition":[5.18078,304.491,-71.0956],"carpPosition":[58.924,238.839,58.4531],"dipPosition":[10.2414,302.814,-54.9128],"direction":[-0.304099,0.242622,-0.921227],"extended":true,"handId":718,"id":7181,"length":58.6448,"mcpPosition":[30.5696,278.815,3.85891],"pipPosition":[17.5712,296.966,-32.708],"stabilizedTipPosition":[11.7036,299.004,-59.1464],"timeVisible":0.279981,"tipPosition":[7.199,303.571,-67.7592],"tipVelocity":[-133.17,84.5973,-175.232],"tool":false,"touchDistance":-0.186773,"touchZone":"touching","type":1,"width":19.2893},{"bases":[[[0.935486,-0.0599951,-0.348233],[0.242318,0.82619,0.508619],[0.257192,-0.560189,0.787427]],[[0.939239,-0.0683916,-0.336382],[-0.127627,0.840122,-0.527168],[0.318655,0.538069,0.780347]],[[0.939239,-0.0683916,-0.336382],[-0.334768,0.0341759,-0.941681],[0.0758992,0.997073,0.00920401]],[[0.939239,-0.0683916,-0.336382],[-0.331917,-0.430819,-0.839181],[-0.0875269,0.899843,-0.427343]]],"btipPosition":[36.2706,210.448,-29.9707],"carpPosition":[69.9936,242.474,54.576],"dipPosition":[34.6303,227.311,-37.9791],"direction":[-0.0758992,-0.997073,-0.00920401],"extended":false,"handId":718,"id":7182,"length":66.821,"mcpPosition":[52.0995,281.449,-0.209129],"pipPosition":[36.7827,255.585,-37.718],"stabilizedTipPosition":[35.1176,204.789,-20.3458],"timeVisible":0.279981,"tipPosition":[36.3908,213.572,-30.4875],"tipVelocity":[-31.8474,148.558,-191.189],"tool":false,"touchDistance":0.333333,"touchZone":"none","type":2,"width":18.9446},{"bases":[[[0.942191,-0.203887,-0.265905],[0.31661,0.801513,0.507281],[0.109698,-0.562144,0.819732]],[[0.944246,-0.215392,-0.24901],[0.0385466,0.823436,-0.566098],[0.326977,0.524938,0.785829]],[[0.944246,-0.215392,-0.24901],[-0.248448,0.0301297,-0.968177],[0.21604,0.976063,-0.0250638]],[[0.944246,-0.215392,-0.24901],[-0.320194,-0.424679,-0.846831],[0.0766515,0.879349,-0.469969]]],"btipPosition":[52.5876,211.32,-26.627],"carpPosition":[81.4052,242.942,50.1432],"dipPosition":[54.0158,227.705,-35.3836],"direction":[-0.21604,-0.976063,0.0250638],"extended":false,"handId":718,"id":7183,"length":64.2502,"mcpPosition":[74.5527,278.058,-1.06269],"pipPosition":[59.9839,254.669,-36.076],"stabilizedTipPosition":[51.9264,206.013,-18.8893],"timeVisible":0.279981,"tipPosition":[53.1531,214.457,-27.4944],"tipVelocity":[-16.7825,144.737,-155.463],"tool":false,"touchDistance":0.333333,"touchZone":"none","type":3,"width":18.027},{"bases":[[[0.883204,-0.397191,-0.249381],[0.46774,0.70721,0.530163],[-0.0342112,-0.584888,0.810393]],[[0.870491,-0.472544,-0.137649],[0.319855,0.755693,-0.571508],[0.374083,0.453465,0.808969]],[[0.870491,-0.472544,-0.137649],[-0.13065,0.0477858,-0.990276],[0.474527,0.880011,-0.0201406]],[[0.870491,-0.472544,-0.137649],[-0.335574,-0.365235,-0.868328],[0.360049,0.802063,-0.476507]]],"btipPosition":[65.6973,223.301,-22.9063],"carpPosition":[92.3541,236.421,43.8962],"dipPosition":[71.8862,237.087,-31.0971],"direction":[-0.474527,-0.880011,0.0201406],"extended":false,"handId":718,"id":7184,"length":50.3709,"mcpPosition":[94.3324,270.242,-2.96456],"pipPosition":[81.1417,254.252,-31.4899],"stabilizedTipPosition":[66.8826,218.003,-16.2056],"timeVisible":0.279981,"tipPosition":[67.3135,225.702,-23.4965],"tipVelocity":[-25.302,164.616,-167.5],"tool":false,"touchDistance":0.333333,"touchZone":"none","type":4,"width":16.013}],"r":[[0.982466,0.056698,0.177611],[-0.0740419,0.992947,0.092593],[-0.171109,-0.10412,0.979735]],"s":0.920895,"t":[35.055,66.2009,-71.7266],"timestamp":524086706668},false],[6,{"currentFrameRate":97.8587,"devices":[],"gestures":[],"hands":[{"armBasis":[[0.926977,0.0911545,-0.363874],[0.0582144,0.923316,0.379603],[0.370574,-0.373066,0.850586]],"armWidth":63.5437,"confidence":0.625863,"direction":[-0.214696,0.673348,-0.707466],"elbow":[178.533,129.841,280.268],"grabStrength":0,"id":718,"palmNormal":[-0.139709,-0.738081,-0.660089],"palmPosition":[59.2439,263.044,12.2239],"palmVelocity":[-57.4382,167.183,-169.43],"palmWidth":90.7382,"pinchStrength":0.95776,"r":[[0.982252,0.0643829,0.176172],[-0.080824,0.992854,0.0877928],[-0.169261,-0.100474,0.980437]],"s":0.918164,"sphereCenter":[53.5863,240.947,-32.8693],"sphereRadius":47.1629,"stabilizedPalmPosition":[60.8801,256.431,18.8059],"t":[34.4813,67.7126,-73.2943],"timeVisible":0.28897,"type":"right","wrist":[78.7553,230.29,51.2454]}],"id":4314070,"interactionBox":{"center":[0,200,0],"size":[235.247,235.247,147.751]},"pointables":[{"bases":[[[0.472037,0.808806,0.350732],[-0.631675,0.0327872,0.774539],[0.614953,-0.58716,0.52638]],[[0.209216,0.969244,0.129597],[-0.779576,0.085313,0.62047],[0.59033,-0.230843,0.773448]],[[0.209216,0.969244,0.129597],[-0.9613,0.179563,0.208949],[0.179251,-0.168297,0.969301]],[[0.209216,0.969244,0.129597],[-0.915047,0.240785,-0.323593],[-0.344845,-0.0508863,0.937279]]],"btipPosition":[23.0698,237.225,-39.6045],"carpPosition":[50.5026,218.824,53.7297],"dipPosition":[15.0215,236.037,-17.7295],"direction":[-0.179251,0.168297,-0.969301],"extended":false,"handId":718,"id":7180,"length":51.9721,"mcpPosition":[50.5026,218.824,53.7297],"pipPosition":[21.1163,230.315,15.2279],"stabilizedTipPosition":[18.8422,225.817,-17.9243],"timeVisible":0.28897,"tipPosition":[20.4011,236.894,-33.7038],"tipVelocity":[-10.0237,106.835,-172.295],"tool":false,"touchDistance":-0.220104,"touchZone":"hovering","type":0,"width":20.194},{"bases":[[[0.916866,0.155327,-0.367736],[0.0826915,0.827314,0.55562],[0.390536,-0.539838,0.745692]],[[0.949921,0.103156,-0.294973],[0.0352514,0.902543,0.429154],[0.310495,-0.41806,0.853709]],[[0.949921,0.103156,-0.294973],[-0.0251179,0.966094,0.256967],[0.311479,-0.236689,0.920304]],[[0.949921,0.103156,-0.294973],[-0.0705417,0.990364,0.119173],[0.304424,-0.0923968,0.948045]]],"btipPosition":[4.06116,305.542,-72.5994],"carpPosition":[58.7105,240.746,57.0206],"dipPosition":[9.24802,303.968,-56.4463],"direction":[-0.311479,0.236689,-0.920304],"extended":true,"handId":718,"id":7181,"length":58.6448,"mcpPosition":[30.0584,280.352,2.31211],"pipPosition":[16.7558,298.263,-34.2638],"stabilizedTipPosition":[10.7449,299.922,-60.594],"timeVisible":0.28897,"tipPosition":[6.1206,304.67,-69.2708],"tipVelocity":[-129.92,94.1788,-173.263],"tool":false,"touchDistance":-0.21195,"touchZone":"touching","type":1,"width":19.2893},{"bases":[[[0.933579,-0.062363,-0.352905],[0.245062,0.829611,0.501687],[0.261487,-0.554848,0.78979]],[[0.937503,-0.070918,-0.340675],[-0.129193,0.838103,-0.529993],[0.323107,0.540882,0.776562]],[[0.937503,-0.070918,-0.340675],[-0.339449,0.0290394,-0.940176],[0.0765684,0.997059,0.00315149]],[[0.937503,-0.070918,-0.340675],[-0.336237,-0.436785,-0.834364],[-0.0896301,0.896766,-0.433332]]],"btipPosition":[35.5434,211.879,-31.1865],"carpPosition":[69.7588,244.354,53.0588],"dipPosition":[33.8638,228.685,-39.3072],"direction":[-0.0765684,-0.997059,-0.00315149],"extended":false,"handId":718,"id":7182,"length":66.821,"mcpPosition":[51.5658,282.958,-1.89078],"pipPosition":[36.0351,256.959,-39.2178],"stabilizedTipPosition":[35.1222,206.065,-21.8262],"timeVisible":0.28897,"tipPosition":[35.6415,215.004,-31.7743],"tipVelocity":[-45.5774,151.097,-176.636],"tool":false,"touchDistance":0.333333,"touchZone":"none","type":2,"width":18.9446},{"bases":[[[0.940735,-0.205695,-0.269643],[0.319347,0.804925,0.500113],[0.114172,-0.556583,0.822909]],[[0.942915,-0.217275,-0.252396],[0.0359714,0.819877,-0.571408],[0.331086,0.52971,0.78089]],[[0.942915,-0.217275,-0.252396],[-0.253412,0.0236497,-0.967069],[0.216089,0.975824,-0.0327605]],[[0.942915,-0.217275,-0.252396],[-0.324651,-0.430701,-0.84208],[0.0742557,0.87595,-0.476653]]],"btipPosition":[51.9092,212.681,-27.8507],"carpPosition":[81.1461,244.793,48.5608],"dipPosition":[53.2928,229.002,-36.7318],"direction":[-0.216089,-0.975824,0.0327605],"extended":false,"handId":718,"id":7183,"length":64.2502,"mcpPosition":[74.0142,279.561,-2.84355],"pipPosition":[59.2623,255.959,-37.6368],"stabilizedTipPosition":[51.9674,207.432,-20.3885],"timeVisible":0.28897,"tipPosition":[52.4659,215.815,-28.7645],"tipVelocity":[-33.1924,146.102,-151.033],"tool":false,"touchDistance":0.333333,"touchZone":"none","type":3,"width":18.027},{"bases":[[[0.881843,-0.398881,-0.251489],[0.470602,0.710777,0.52281],[-0.0297862,-0.579387,0.814508]],[[0.869505,-0.474296,-0.137854],[0.318384,0.751589,-0.577708],[0.377614,0.458429,0.804519]],[[0.869505,-0.474296,-0.137854],[-0.13485,0.040539,-0.990036],[0.475159,0.879431,-0.0287102]],[[0.869505,-0.474296,-0.137854],[-0.339852,-0.371974,-0.863791],[0.358415,0.797921,-0.484624]]],"btipPosition":[65.0395,224.698,-24.2782],"carpPosition":[92.061,238.229,42.2986],"dipPosition":[71.2004,238.414,-32.6085],"direction":[-0.475159,-0.879431,0.0287102],"extended":false,"handId":718,"id":7184,"length":50.3709,"mcpPosition":[93.7834,271.732,-4.80008],"pipPosition":[80.4682,255.567,-33.1685],"stabilizedTipPosition":[66.8162,219.539,-17.7628],"timeVisible":0.28897,"tipPosition":[66.6504,227.098,-24.9278],"tipVelocity":[-38.6307,161.609,-164.398],"tool":false,"touchDistance":0.333333,"touchZone":"none","type":4,"width":16.013}],"r":[[0.982252,0.0643829,0.176172],[-0.080824,0.992854,0.0877928],[-0.169261,-0.100474,0.980437]],"s"