{"sensorType":"Leap","data":[[0,{"currentFrameRate":87.1117,"devices":[],"gestures":[],"hands":[{"armBasis":[[0.913651,0.200894,-0.353388],[-0.0349717,0.904968,0.42404],[0.404992,-0.375066,0.833851]],"armWidth":63.5437,"confidence":0.606114,"direction":[-0.200629,0.636255,-0.744935],"elbow":[178.458,141.554,287.27],"grabStrength":0.108156,"id":717,"palmNormal":[-0.0192809,-0.762813,-0.646332],"palmPosition":[51.0796,272.641,21.1107],"palmVelocity":[49.7064,218.73,-256.114],"palmWidth":90.7382,"pinchStrength":0.781277,"r":[[0.940281,0.196932,0.277648],[-0.236644,0.964487,0.117319],[-0.244684,-0.176017,0.953492]],"s":0.919541,"sphereCenter":[51.9276,253.966,-21.9211],"sphereRadius":46.908,"stabilizedPalmPosition":[45.0979,257.227,39.9791],"t":[47.9352,69.1122,-89.0934],"timeVisible":0.225994,"type":"right","wrist":[69.4124,242.542,62.7536]}],"id":4313787,"interactionBox":{"center":[0,200,0],"size":[235.247,235.247,147.751]},"pointables":[{"bases":[[[0.372235,0.852835,0.366215],[-0.701356,0.0000318562,0.712811],[0.607898,-0.522181,0.598153]],[[0.17498,0.96941,0.172125],[-0.815516,0.0447517,0.577002],[0.551648,-0.241334,0.7984]],[[0.17498,0.96941,0.172125],[-0.977701,0.150465,0.146499],[0.116119,-0.193921,0.974121]],[[0.17498,0.96941,0.172125],[-0.91653,0.22424,-0.331192],[-0.359658,-0.0998055,0.927731]]],"btipPosition":[19.0287,249.813,-31.4831],"carpPosition":[42.0436,228.877,63.0342],"dipPosition":[10.6347,247.484,-9.83097],"direction":[-0.116119,0.193921,-0.974121],"extended":false,"handId":717,"id":7170,"length":51.9721,"mcpPosition":[42.0436,228.877,63.0342],"pipPosition":[14.5829,240.89,23.2903],"stabilizedTipPosition":[6.01682,236.21,-3.84933],"timeVisible":0.225994,"tipPosition":[16.8365,249.507,-26.7914],"tipVelocity":[92.693,145.741,-260.137],"tool":false,"touchDistance":-0.283779,"touchZone":"hovering","type":0,"width":20.194},{"bases":[[[0.931886,0.220502,-0.288039],[-0.0346669,0.844544,0.534363],[0.36109,-0.48798,0.794663]],[[0.977453,0.140088,-0.157992],[-0.00472716,0.762561,0.646899],[0.211101,-0.631567,0.746029]],[[0.977453,0.140088,-0.157992],[-0.0988681,0.964778,0.243778],[0.186578,-0.222661,0.956876]],[[0.977453,0.140088,-0.157992],[-0.162314,0.977062,-0.137855],[0.135056,0.160391,0.97777]]],"btipPosition":[5.8223,316.961,-63.6288],"carpPosition":[48.1567,251.468,66.3585],"dipPosition":[8.12343,319.694,-46.9693],"direction":[-0.186578,0.222661,-0.956876],"extended":true,"handId":717,"id":7171,"length":58.6448,"mcpPosition":[21.6649,287.269,8.0573],"pipPosition":[12.6206,314.327,-23.9052],"stabilizedTipPosition":[3.50353,305.213,-38.2812],"timeVisible":0.225994,"tipPosition":[7.32913,316.763,-59.6746],"tipVelocity":[-2.17119,164.746,-298.856],"tool":false,"touchDistance":-0.367717,"touchZone":"hovering","type":1,"width":19.2893},{"bases":[[[0.964268,0.00531984,-0.264877],[0.131315,0.858745,0.495291],[0.230096,-0.512375,0.827362]],[[0.968241,-0.00387493,-0.249988],[-0.141033,0.817148,-0.558909],[0.206443,0.576415,0.79065]],[[0.968241,-0.00387493,-0.249988],[-0.241755,-0.269443,-0.932178],[-0.0637453,0.963009,-0.261822]],[[0.968241,-0.00387493,-0.249988],[-0.160656,-0.775771,-0.610221],[-0.191569,0.631003,-0.751756]]],"btipPosition":[38.6711,224.675,-10.7552],"carpPosition":[59.2054,255.866,63.3],"dipPosition":[35.0811,236.5,-24.8431],"direction":[0.0637453,-0.963009,0.261822],"extended":false,"handId":717,"id":7172,"length":66.821,"mcpPosition":[43.1965,291.515,5.73636],"pipPosition":[33.2734,263.808,-32.2678],"stabilizedTipPosition":[27.5833,212.509,7.69864],"timeVisible":0.225994,"tipPosition":[38.2346,226.965,-12.5997],"tipVelocity":[104.167,193.499,-262.799],"tool":false,"touchDistance":0.333333,"touchZone":"none","type":2,"width":18.9446},{"bases":[[[0.974957,-0.134889,-0.176815],[0.20714,0.84016,0.501223],[0.0809431,-0.525296,0.847061]],[[0.97611,-0.143142,-0.163459],[0.0254456,0.822448,-0.56827],[0.21578,0.550535,0.806443]],[[0.97611,-0.143142,-0.163459],[-0.194829,-0.243615,-0.950102],[0.0961781,0.959251,-0.265683]],[[0.97611,-0.143142,-0.163459],[-0.214551,-0.753759,-0.62114],[-0.0342977,0.641372,-0.766463]]],"btipPosition":[54.202,226.956,-7.38561],"carpPosition":[70.8904,257.121,59.8387],"dipPosition":[53.563,238.906,-21.6666],"direction":[-0.0961781,-0.959251,0.265683],"extended":false,"handId":717,"id":7173,"length":64.2502,"mcpPosition":[65.8342,289.935,6.92566],"pipPosition":[56.2199,265.405,-29.0062],"stabilizedTipPosition":[43.2511,212.49,12.8015],"timeVisible":0.225994,"tipPosition":[54.3727,229.251,-9.0898],"tipVelocity":[97.9037,227.034,-294.282],"tool":false,"touchDistance":0.333333,"touchZone":"none","type":3,"width":18.027},{"bases":[[[0.930055,-0.331732,-0.157958],[0.362592,0.75922,0.540474],[-0.0593675,-0.559945,0.8264]],[[0.923701,-0.369758,-0.10028],[0.250462,0.780886,-0.572264],[0.289906,0.503484,0.813915]],[[0.923701,-0.369758,-0.10028],[-0.189709,-0.214042,-0.958226],[0.332847,0.904138,-0.267857]],[[0.923701,-0.369758,-0.10028],[-0.345296,-0.690098,-0.636031],[0.165974,0.622128,-0.76512]]],"btipPosition":[66.6877,237.614,-3.3098],"carpPosition":[82.8223,251.318,54.8001],"dipPosition":[69.5407,248.308,-16.4615],"direction":[-0.332847,-0.904138,0.267857],"extended":false,"handId":717,"id":7174,"length":50.3709,"mcpPosition":[86.2552,283.697,7.01376],"pipPosition":[76.0327,265.943,-21.686],"stabilizedTipPosition":[58.9637,224.472,12.6064],"timeVisible":0.225994,"tipPosition":[67.6764,239.544,-4.88844],"tipVelocity":[90.8548,238.468,-271.569],"tool":false,"touchDistance":0.333333,"touchZone":"none","type":4,"width":16.013}],"r":[[0.940281,0.196932,0.277648],[-0.236644,0.964487,0.117319],[-0.244684,-0.176017,0.953492]],"s":0.919541,"t":[47.9352,69.1122,-89.0934],"timestamp":524083872194},false],[1,{"currentFrameRate":88.1785,"devices":[],"gestures":[],"hands":[{"armBasis":[[0.914844,0.205379,-0.347678],[-0.0425964,0.905278,0.422679],[0.401554,-0.371876,0.836936]],"armWidth":63.5437,"confidence":0.611444,"direction":[-0.201746,0.631003,-0.749089],"elbow":[177.821,143.847,287.112],"grabStrength":0.100042,"id":717,"palmNormal":[-0.0108876,-0.766213,-0.642495],"palmPosition":[51.3458,273.731,19.8847],"palmVelocity":[44.2128,192.068,-223.373],"palmWidth":90.7382,"pinchStrength":0.785146,"r":[[0.937103,0.20661,0.281336],[-0.24584,0.962845,0.111769],[-0.24779,-0.173902,0.953078]],"s":0.918712,"sphereCenter":[52.2131,254.81,-23.037],"sphereRadius":46.8583,"stabilizedPalmPosition":[45.3206,257.816,39.2626],"t":[48.1606,70.6583,-90.7539],"timeVisible":0.234969,"type":"right","wrist":[69.7017,243.975,61.7642]}],"id":4313788,"interactionBox":{"center":[0,200,0],"size":[235.247,235.247,147.751]},"pointables":[{"bases":[[[0.36447,0.857328,0.363526],[-0.704593,-0.00135162,0.70961],[0.60886,-0.514769,0.603575]],[[0.167436,0.971446,0.168102],[-0.818164,0.0417821,0.573465],[0.550066,-0.233554,0.801798]],[[0.167436,0.971446,0.168102],[-0.979244,0.144118,0.142518],[0.114222,-0.188476,0.975413]],[[0.167436,0.971446,0.168102],[-0.916909,0.216097,-0.335529],[-0.362275,-0.097955,0.92691]]],"btipPosition":[19.6194,250.437,-32.7207],"carpPosition":[42.43,230.117,61.9906],"dipPosition":[11.1643,248.151,-11.0877],"direction":[-0.114222,0.188476,-0.975413],"extended":false,"handId":717,"id":7170,"length":51.9721,"mcpPosition":[42.43,230.117,61.9906],"pipPosition":[15.048,241.743,22.0775],"stabilizedTipPosition":[6.7867,237.115,-5.42739],"timeVisible":0.234969,"tipPosition":[17.4524,250.118,-28.0301],"tipVelocity":[84.9021,125.183,-226.784],"tool":false,"touchDistance":-0.302364,"touchZone":"hovering","type":0,"width":20.194},{"bases":[[[0.9316,0.225688,-0.284932],[-0.0431282,0.846985,0.529865],[0.360917,-0.481334,0.798784]],[[0.976527,0.147766,-0.156719],[-0.0131464,0.767114,0.641376],[0.214995,-0.62426,0.75105]],[[0.976527,0.147766,-0.156719],[-0.107231,0.964519,0.241255],[0.186808,-0.218787,0.957724]],[[0.976527,0.147766,-0.156719],[-0.169567,0.976049,-0.136291],[0.132826,0.159666,0.978194]]],"btipPosition":[5.91065,317.38,-65.3057],"carpPosition":[48.3667,252.768,65.2268],"dipPosition":[8.17378,320.1,-48.639],"direction":[-0.186808,0.218787,-0.957724],"extended":true,"handId":717,"id":7171,"length":58.6448,"mcpPosition":[21.8876,288.081,6.62316],"pipPosition":[12.6765,314.827,-25.5545],"stabilizedTipPosition":[3.64935,305.85,-39.4363],"timeVisible":0.234969,"tipPosition":[7.42915,317.223,-61.3404],"tipVelocity":[0.853345,132.295,-268.121],"tool":false,"touchDistance":-0.384408,"touchZone":"hovering","type":1,"width":19.2893},{"bases":[[[0.965407,0.0108634,-0.26052],[0.122925,0.862173,0.491474],[0.229953,-0.506497,0.831013]],[[0.969571,0.00131191,-0.244806],[-0.142614,0.815809,-0.560461],[0.19898,0.578319,0.791172]],[[0.969571,0.00131191,-0.244806],[-0.235248,-0.271744,-0.933174],[-0.0677487,0.962369,-0.263166]],[[0.969571,0.00131191,-0.244806],[-0.152758,-0.778182,-0.609178],[-0.191303,0.628038,-0.754302]]],"btipPosition":[39.3406,225.611,-12.0526],"carpPosition":[59.3977,257.23,62.1959],"dipPosition":[35.7556,237.38,-26.1882],"direction":[0.0677487,-0.962369,0.263166],"extended":false,"handId":717,"id":7172,"length":66.821,"mcpPosition":[43.3988,292.469,4.37827],"pipPosition":[33.8344,264.671,-33.651],"stabilizedTipPosition":[28.5549,213.914,5.65429],"timeVisible":0.234969,"tipPosition":[38.9039,227.893,-13.9131],"tipVelocity":[96.1042,168.682,-230.743],"tool":false,"touchDistance":0.333333,"touchZone":"none","type":2,"width":18.9446},{"bases":[[[0.976692,-0.128816,-0.171693],[0.198853,0.844161,0.497846],[0.0808065,-0.520384,0.850101]],[[0.977917,-0.137579,-0.157323],[0.0239786,0.821651,-0.569487],[0.207614,0.553138,0.806805]],[[0.977917,-0.137579,-0.157323],[-0.187657,-0.246678,-0.950755],[0.0919961,0.959282,-0.267049]],[[0.977917,-0.137579,-0.157323],[-0.206235,-0.75716,-0.619819],[-0.0338441,0.638577,-0.768813]]],"btipPosition":[54.8802,228.013,-8.5675],"carpPosition":[71.0892,258.551,58.7813],"dipPosition":[54.2496,239.911,-22.8923],"direction":[-0.0919961,-0.959282,0.267049],"extended":false,"handId":717,"id":7173,"length":64.2502,"mcpPosition":[66.0415,291.057,5.6784],"pipPosition":[56.7911,266.412,-30.2696],"stabilizedTipPosition":[44.3497,214.237,10.4422],"timeVisible":0.234969,"tipPosition":[55.039,230.308,-10.33],"tipVelocity":[91.8443,196.749,-250.049],"tool":false,"touchDistance":0.333333,"touchZone":"none","type":3,"width":18.027},{"bases":[[[0.933108,-0.325876,-0.152032],[0.354696,0.764535,0.538216],[-0.0591577,-0.556139,0.828981]],[[0.926134,-0.366296,-0.0900185],[0.255016,0.783898,-0.566101],[0.277926,0.501329,0.819406]],[[0.926134,-0.366296,-0.0900185],[-0.177102,-0.211565,-0.961184],[0.333034,0.906128,-0.260809]],[[0.926134,-0.366296,-0.0900185],[-0.335722,-0.691692,-0.639416],[0.171951,0.622406,-0.763573]]],"btipPosition":[67.2544,238.916,-4.79005],"carpPosition":[83.085,252.807,53.8268],"dipPosition":[70.2101,249.614,-17.9152],"direction":[-0.333034,-0.906128,0.260809],"extended":false,"handId":717,"id":7174,"length":50.3709,"mcpPosition":[86.5058,284.965,5.89118],"pipPosition":[76.7058,267.288,-23.0022],"stabilizedTipPosition":[60.0129,226.449,10.2187],"timeVisible":0.234969,"tipPosition":[68.2503,240.834,-6.33706],"tipVelocity":[83.9834,212.892,-242.17],"tool":false,"touchDistance":0.333333,"touchZone":"none","type":4,"width":16.013}],"r":[[0.937103,0.20661,0.281336],[-0.24584,0.962845,0.111769],[-0.24779,-0.173902,0.953078]],"s":0.918712,"t":[48.1606,70.6583,-90.7539],"timestamp":524083881169},false],[2,{"currentFrameRate":89.1161,"devices":[],"gestures":[],"hands":[{"armBasis":[[0.916078,0.191696,-0.352211],[-0.0322652,0.910723,0.411755],[0.399699,-0.365836,0.840479]],"armWidth":63.5437,"confidence":0.61504,"direction":[-0.202319,0.620559,-0.757611],"elbow":[177.396,147.107,285.965],"grabStrength":0.0904584,"id":717,"palmNormal":[-0.0210049,-0.776181,-0.63016],"palmPosition":[51.3475,274.835,17.4442],"palmVelocity":[31.9384,172.097,-235.338],"palmWidth":90.7382,"pinchStrength":0.792404,"r":[[0.93519,0.213843,0.282295],[-0.251579,0.96217,0.104577],[-0.249253,-0.168819,0.953611]],"s":0.918151,"sphereCenter":[51.3724,255.23,-25.1232],"sphereRadius":46.793,"stabilizedPalmPosition":[45.923,259.517,37.082],"t":[48.2741,71.9833,-92.8044],"timeVisible":0.244134,"type":"right","wrist":[69.7757,245.609,59.6639]}],"id":4313789,"interactionBox":{"center":[0,200,0],"size":[235.247,235.247,147.751]},"pointables":[{"bases":[[[0.373293,0.860228,0.347362],[-0.699618,0.015138,0.714357],[0.609251,-0.509685,0.607481]],[[0.176266,0.972533,0.15202],[-0.813634,0.0570275,0.578574],[0.554013,-0.225672,0.801337]],[[0.176266,0.972533,0.15202],[-0.976994,0.154016,0.147516],[0.12005,-0.174525,0.977307]],[[0.176266,0.972533,0.15202],[-0.917927,0.218168,-0.33138],[-0.355443,-0.0811324,0.93117]]],"btipPosition":[19.0404,251.022,-34.5549],"carpPosition":[42.4051,231.96,60.2973],"dipPosition":[10.7447,249.128,-12.8224],"direction":[-0.12005,0.174525,-0.977307],"extended":false,"handId":717,"id":7170,"length":51.9721,"mcpPosition":[42.4051,231.96,60.2973],"pipPosition":[14.8266,243.194,20.4072],"stabilizedTipPosition":[7.39292,237.904,-6.84127],"timeVisible":0.244134,"tipPosition":[16.9337,250.755,-29.8359],"tipVelocity":[44.7271,110.794,-218.655],"tool":false,"touchDistance":-0.32763,"touchZone":"hovering","type":0,"width":20.194},{"bases":[[[0.931225,0.214189,-0.294861],[-0.0331994,0.855562,0.516636],[0.362929,-0.471315,0.803831]],[[0.975785,0.139567,-0.168421],[-0.00289932,0.778167,0.628051],[0.218715,-0.612354,0.759728]],[[0.975785,0.139567,-0.168421],[-0.0985796,0.967952,0.230977],[0.19526,-0.208781,0.958271]],[[0.975785,0.139567,-0.168421],[-0.164006,0.976307,-0.141165],[0.144729,0.165369,0.975555]]],"btipPosition":[5.36111,317.643,-68.1101],"carpPosition":[48.5306,254.614,63.1327],"dipPosition":[7.82704,320.461,-51.4882],"direction":[-0.19526,0.20878,-0.958271],"extended":true,"handId":717,"id":7171,"length":58.6448,"mcpPosition":[21.904,289.193,4.15886],"pipPosition":[12.5335,315.428,-28.3905],"stabilizedTipPosition":[3.74212,306.357,-40.4479],"timeVisible":0.244134,"tipPosition":[6.93811,317.515,-64.1585],"tipVelocity":[-14.6848,104.097,-278.992],"tool":false,"touchDistance":-0.41652,"touchZone":"hovering","type":1,"width":19.2893},{"bases":[[[0.963621,-0.000468591,-0.267274],[0.132689,0.8689,0.476871],[0.232011,-0.494987,0.837352]],[[0.968041,-0.0103047,-0.250581],[-0.138078,0.812188,-0.56682],[0.20936,0.583305,0.784808]],[[0.968041,-0.0103047,-0.250581],[-0.243518,-0.277525,-0.929343],[-0.059966,0.960663,-0.271165]],[[0.968041,-0.0103047,-0.250581],[-0.163571,-0.783335,-0.599693],[-0.190109,0.621515,-0.759985]]],"btipPosition":[38.6305,226.457,-14.0945],"carpPosition":[59.5728,258.945,59.9559],"dipPosition":[35.0678,238.104,-28.3366],"direction":[0.059966,-0.960663,0.271165],"extended":false,"handId":717,"id":7172,"length":66.821,"mcpPosition":[43.4307,293.384,1.69714],"pipPosition":[33.3673,265.346,-36.0262],"stabilizedTipPosition":[29.3182,215.169,3.75567],"timeVisible":0.244134,"tipPosition":[38.2134,228.717,-15.9579],"tipVelocity":[47.8574,146.529,-229.271],"tool":false,"touchDistance":0.333333,"touchZone":"none","type":2,"width":18.9446},{"bases":[[[0.974497,-0.138805,-0.17632],[0.208525,0.850425,0.483007],[0.0829033,-0.507456,0.85768]],[[0.975798,-0.14766,-0.16129],[0.0261526,0.811094,-0.584331],[0.217104,0.565971,0.795326]],[[0.975798,-0.14766,-0.16129],[-0.195925,-0.262794,-0.94475],[0.0971161,0.953486,-0.285365]],[[0.975798,-0.14766,-0.16129],[-0.215954,-0.766682,-0.604618],[-0.0343802,0.624816,-0.780015]]],"btipPosition":[54.3553,228.624,-10.1555],"carpPosition":[71.2496,260.125,56.4406],"dipPosition":[53.7147,240.266,-24.689],"direction":[-0.0971161,-0.953486,0.285365],"extended":false,"handId":717,"id":7173,"length":64.2502,"mcpPosition":[66.0709,291.824,2.86422],"pipPosition":[56.3976,266.606,-32.5723],"stabilizedTipPosition":[45.2409,215.78,8.27799],"timeVisible":0.244134,"tipPosition":[54.4999,230.916,-12.0913],"tipVelocity":[50.1949,158.697,-230.1],"tool":false,"touchDistance":0.333333,"touchZone":"none","type":3,"width":18.027},{"bases":[[[0.929603,-0.335198,-0.153235],[0.364056,0.770287,0.523566],[-0.057464,-0.542495,0.838092]],[[0.922144,-0.377061,-0.0864595],[0.262981,0.774935,-0.574732],[0.283709,0.507249,0.813761]],[[0.922144,-0.377061,-0.0864595],[-0.180436,-0.221536,-0.958313],[0.342188,0.899304,-0.272324]],[[0.922144,-0.377061,-0.0864595],[-0.344242,-0.697865,-0.628078],[0.176486,0.608941,-0.773332]]],"btipPosition":[66.779,239.69,-7.0565],"carpPosition":[83.168,254.214,51.4958],"dipPosition":[69.8126,250.157,-20.3494],"direction":[-0.342188,-0.899304,0.272324],"extended":false,"handId":717,"id":7174,"length":50.3709,"mcpPosition":[86.4908,285.584,3.03335],"pipPosition":[76.4869,267.697,-25.661],"stabilizedTipPosition":[60.8305,228.164,7.99144],"timeVisible":0.244134,"tipPosition":[67.7868,241.56,-8.66606],"tipVelocity":[46.6464,175.46,-244.773],"tool":false,"touchDistance":0.333333,"touchZone":"none","type":4,"width":16.013}],"r":[[0.93519,0.213843,0.282295],[-0.251579,0.96217,0.104577],[-0.249253,-0.168819,0.953611]],"s":0.918151,"t":[48.2741,71.9833,-92.8044],"timestamp":524083890334},false],[3,{"currentFrameRate":90.1287,"devices":[],"gestures":[],"hands":[{"armBasis":[[0.918904,0.195977,-0.342359],[-0.0362745,0.906169,0.421357],[0.392811,-0.374767,0.839791]],"armWidth":63.5437,"confidence":0.615101,"direction":[-0.203266,0.612874,-0.763589],"elbow":[175.402,146.565,283.988],"grabStrength":0.0800755,"id":717,"palmNormal":[-0.0130981,-0.781502,-0.623765],"palmPosition":[51.1921,276.221,15.3334],"palmVelocity":[18.5018,167.666,-235.851],"palmWidth":90.7382,"pinchStrength":0.795786,"r":[[0.933092,0.221356,0.283446],[-0.257535,0.961387,0.0970031],[-0.251029,-0.16351,0.95407]],"s":0.917853,"sphereCenter":[51.2064,256.245,-27.0407],"sphereRadius":46.7527,"stabilizedPalmPosition":[46.3956,261.015,35.1313],"t":[48.2532,73.339,-94.8851],"timeVisible":0.253032,"type":"right","wrist":[69.6368,247.472,57.8717]}],"id":4313790,"interactionBox":{"center":[0,200,0],"size":[235.247,235.247,147.751]},"pointables":[{"bases":[[[0.366013,0.865584,0.341759],[-0.702737,0.016325,0.711262],[0.610078,-0.500498,0.614253]],[[0.170636,0.974424,0.146225],[-0.816185,0.0566381,0.575008],[0.552019,-0.217464,0.804975]],[[0.170636,0.974424,0.146225],[-0.978289,0.149825,0.14319],[0.11762,-0.167484,0.978833]],[[0.170636,0.974424,0.146225],[-0.918428,0.21104,-0.334594],[-0.356895,-0.0772037,0.930949]]],"btipPosition":[19.2072,251.965,-36.5763],"carpPosition":[42.3562,233.644,58.5037],"dipPosition":[10.8777,250.163,-14.849],"direction":[-0.11762,0.167484,-0.978833],"extended":false,"handId":717,"id":7170,"length":51.9721,"mcpPosition":[42.3562,233.644,58.5037],"pipPosition":[14.8769,244.469,18.4325],"stabilizedTipPosition":[7.88378,238.581,-8.06799],"timeVisible":0.253032,"tipPosition":[17.1251,251.633,-31.8518],"tipVelocity":[37.4249,110.154,-221.008],"tool":false,"touchDistance":-0.353539,"touchZone":"hovering","type":0,"width":20.194},{"bases":[[[0.931009,0.218033,-0.292719],[-0.0411558,0.859571,0.509357],[0.362669,-0.462169,0.809241]],[[0.974871,0.146251,-0.168038],[-0.0107675,0.784368,0.620202],[0.222508,-0.602808,0.766233]],[[0.974871,0.146251,-0.168038],[-0.106096,0.968087,0.22705],[0.195881,-0.203517,0.959277]],[[0.974871,0.146251,-0.168038],[-0.170446,0.975382,-0.139923],[0.143437,0.165048,0.9758]]],"btipPosition":[5.01095,318.189,-70.7704],"carpPosition":[48.317,256.362,61.1763],"dipPosition":[7.45488,321.001,-54.1445],"direction":[-0.195881,0.203517,-0.959277],"extended":true,"handId":717,"id":7171,"length":58.6448,"mcpPosition":[21.7093,290.269,1.80554],"pipPosition":[12.1763,316.095,-31.0225],"stabilizedTipPosition":[3.79954,306.748,-41.2791],"timeVisible":0.253032,"tipPosition":[6.60018,318.074,-66.8127],"tipVelocity":[-21.5476,92.4302,-284.401],"tool":false,"touchDistance":-0.443093,"touchZone":"hovering","type":1,"width":19.2893},{"bases":[[[0.96473,0.00383605,-0.263212],[0.124807,0.873701,0.47018],[0.231772,-0.486447,0.842408]],[[0.969324,-0.00623938,-0.245709],[-0.139193,0.80999,-0.569686],[0.202576,0.586411,0.784274]],[[0.969324,-0.00623938,-0.245709],[-0.237527,-0.280781,-0.929916],[-0.0631882,0.959752,-0.27365]],[[0.969324,-0.00623938,-0.245709],[-0.156504,-0.786493,-0.597441],[-0.18952,0.617568,-0.763343]]],"btipPosition":[38.8239,227.609,-16.2331],"carpPosition":[59.3431,260.741,58.0099],"dipPosition":[35.2722,239.182,-30.5381],"direction":[0.0631882,-0.959752,0.27365],"extended":false,"handId":717,"id":7172,"length":66.821,"mcpPosition":[43.2176,294.585,-0.600541],"pipPosition":[33.4804,266.398,-38.2982],"stabilizedTipPosition":[29.9454,216.259,2.07544],"timeVisible":0.253032,"tipPosition":[38.4077,229.863,-18.1068],"tipVelocity":[40.8303,141.36,-232.726],"tool":false,"touchDistance":0.333333,"touchZone":"none","type":2,"width":18.9446},{"bases":[[[0.976151,-0.133665,-0.171066],[0.200739,0.855791,0.476787],[0.0826669,-0.499756,0.862212]],[[0.977479,-0.142624,-0.155544],[0.0239571,0.807286,-0.589674],[0.20967,0.572668,0.792521]],[[0.977479,-0.142624,-0.155544],[-0.189682,-0.270703,-0.94379],[0.0925005,0.952039,-0.29166]],[[0.977479,-0.142624,-0.155544],[-0.208167,-0.772732,-0.599627],[-0.0346731,0.618502,-0.785018]]],"btipPosition":[54.6112,229.848,-11.9531],"carpPosition":[71.0266,261.97,54.5341],"dipPosition":[53.9652,241.372,-26.5798],"direction":[-0.0925005,-0.952039,0.29166],"extended":false,"handId":717,"id":7173,"length":64.2502,"mcpPosition":[65.8626,293.188,0.674545],"pipPosition":[56.5206,267.672,-34.637],"stabilizedTipPosition":[45.9934,217.144,6.35256],"timeVisible":0.253032,"tipPosition":[54.7454,232.125,-13.9316],"tipVelocity":[44.3281,152.102,-223.12],"tool":false,"touchDistance":0.333333,"touchZone":"none","type":3,"width":18.027},{"bases":[[[0.932482,-0.330159,-0.146536],[0.356632,0.777046,0.518665],[-0.0573768,-0.535905,0.842326]],[[0.924758,-0.372528,-0.0777512],[0.262291,0.77196,-0.579034],[0.275727,0.515073,0.811587]],[[0.924758,-0.372528,-0.0777512],[-0.173326,-0.230412,-0.957532],[0.338792,0.898962,-0.277644]],[[0.924758,-0.372528,-0.0777512],[-0.336602,-0.70538,-0.623809],[0.177542,0.603044,-0.7777]]],"btipPosition":[66.9409,241.026,-8.85302],"carpPosition":[83.0054,256.099,49.6886],"dipPosition":[69.9927,251.392,-22.221],"direction":[-0.338792,-0.898962,0.277644],"extended":false,"handId":717,"id":7174,"length":50.3709,"mcpPosition":[86.3232,287.088,0.981318],"pipPosition":[76.6007,268.925,-27.6363],"stabilizedTipPosition":[61.5019,229.666,6.02814],"timeVisible":0.253032,"tipPosition":[67.9447,242.891,-10.5161],"tipVelocity":[39.0382,167.868,-233.642],"tool":false,"touchDistance":0.333333,"touchZone":"none","type":4,"width":16.013}],"r":[[0.933092,0.221356,0.283446],[-0.257535,0.961387,0.0970031],[-0.251029,-0.16351,0.95407]],"s":0.917853,"t":[48.2532,73.339,-94.8851],"timestamp":524083899232},false],[4,{"currentFrameRate":90.8366,"devices":[],"gestures":[],"hands":[{"armBasis":[[0.918745,0.201743,-0.339421],[-0.0423409,0.905,0.423299],[0.392574,-0.374532,0.840007]],"armWidth":63.5437,"confidence":0.599869,"direction":[-0.204379,0.607732,-0.767393],"elbow":[175.403,147.658,282.923],"grabStrength":0.0678409,"id":717,"palmNormal":[-0.00560115,-0.784653,-0.619909],"palmPosition":[51.2298,276.918,13.9992],"palmVelocity":[14.3327,140.617,-208.518],"palmWidth":90.7382,"pinchStrength":0.779142,"r":[[0.930864,0.228871,0.2848],[-0.263612,0.960441,0.0897829],[-0.252985,-0.158653,0.954373]],"s":0.918517,"sphereCenter":[51.2789,256.653,-28.2901],"sphereRadius":46.7798,"stabilizedPalmPosition":[46.8141,262.392,33.302],"t":[48.2616,74.3652,-96.5925],"timeVisible":0.262519,"type":"right","wrist":[69.701,248.502,56.7494]}],"id":4313791,"interactionBox":{"center":[0,200,0],"size":[235.247,235.247,147.751]},"pointables":[{"bases":[[[0.359026,0.869656,0.338819],[-0.705526,0.0152264,0.70852],[0.61101,-0.493423,0.619032]],[[0.170094,0.974184,0.14844],[-0.817187,0.055263,0.573717],[0.550702,-0.218889,0.80549]],[[0.170094,0.974184,0.14844],[-0.977986,0.148406,0.14669],[0.120874,-0.170123,0.977981]],[[0.170094,0.974184,0.14844],[-0.920347,0.210882,-0.329377],[-0.352177,-0.080591,0.932457]]],"btipPosition":[19.2053,253.059,-37.7644],"carpPosition":[42.5095,234.498,57.3475],"dipPosition":[10.9859,251.178,-16.002],"direction":[-0.120874,0.170123,-0.977981],"extended":false,"handId":717,"id":7170,"length":51.9721,"mcpPosition":[42.5095,234.498,57.3475],"pipPosition":[15.0958,245.394,17.2506],"stabilizedTipPosition":[8.33617,239.255,-9.25237],"timeVisible":0.262519,"tipPosition":[17.3025,252.419,-33.0369],"tipVelocity":[27.3903,111.079,-193.272],"tool":false,"touchDistance":-0.36422,"touchZone":"hovering","type":0,"width":20.194},{"bases":[[[0.930664,0.2227,-0.290293],[-0.0487286,0.861795,0.504911],[0.362616,-0.455756,0.812893]],[[0.973768,0.153481,-0.167988],[-0.018068,0.788088,0.615297],[0.226826,-0.596121,0.770188]],[[0.973768,0.153481,-0.167988],[-0.1131,0.967079,0.227962],[0.197446,-0.202983,0.959069]],[[0.973768,0.153481,-0.167988],[-0.17664,0.975265,-0.132874],[0.143439,0.159062,0.976793]]],"btipPosition":[4.78606,318.427,-72.4668],"carpPosition":[48.3109,257.267,59.9293],"dipPosition":[7.23002,321.137,-55.8239],"direction":[-0.197446,0.202983,-0.959069],"extended":true,"handId":717,"id":7171,"length":58.6448,"mcpPosition":[21.7072,290.704,0.290543],"pipPosition":[11.9892,316.244,-32.707],"stabilizedTipPosition":[3.83943,307.065,-41.9838],"timeVisible":0.262519,"tipPosition":[6.39304,318.281,-68.5118],"tipVelocity":[-22.1669,72.3847,-253.971],"tool":false,"touchDistance":-0.452504,"touchZone":"hovering","type":1,"width":19.2893},{"bases":[[[0.965678,0.00887823,-0.259592],[0.117286,0.876823,0.466289],[0.231756,-0.480731,0.845687]],[[0.970335,-0.00122707,-0.241761],[-0.141901,0.80673,-0.573629],[0.19574,0.590918,0.782625]],[[0.970335,-0.00122707,-0.241761],[-0.231993,-0.286147,-0.929677],[-0.0680383,0.958185,-0.277943]],[[0.970335,-0.00122707,-0.241761],[-0.149127,-0.790125,-0.594528],[-0.190292,0.612945,-0.766869]]],"btipPosition":[39.2825,228.088,-17.4215],"carpPosition":[59.32,261.703,56.7826],"dipPosition":[35.7164,239.574,-31.7926],"direction":[0.0680383,-0.958185,0.277943],"extended":false,"handId":717,"id":7172,"length":66.821,"mcpPosition":[43.1956,295.15,-2.05598],"pipPosition":[33.787,266.746,-39.6744],"stabilizedTipPosition":[30.5264,217.247,0.519698],"timeVisible":0.262519,"tipPosition":[38.8505,230.34,-19.3461],"tipVelocity":[42.8863,114.673,-202.335],"tool":false,"touchDistance":0.333333,"touchZone":"none","type":2,"width":18.9446},{"bases":[[[0.977649,-0.128086,-0.16672],[0.193307,0.859445,0.473271],[0.0826671,-0.494922,0.864996]],[[0.979021,-0.137292,-0.150563],[0.0218993,0.80554,-0.592137],[0.20258,0.576417,0.791647]],[[0.979021,-0.137292,-0.150563],[-0.183709,-0.275098,-0.943701],[0.0881425,0.951563,-0.294549]],[[0.979021,-0.137292,-0.150563],[-0.200747,-0.776511,-0.59727],[-0.0349139,0.614964,-0.787782]]],"btipPosition":[55.0338,230.48,-13.1461],"carpPosition":[71.0083,262.992,53.3448],"dipPosition":[54.3832,241.938,-27.8242],"direction":[-0.0881425,-0.951563,0.294549],"extended":false,"handId":717,"id":7173,"length":64.2502,"mcpPosition":[65.8443,293.908,-0.688664],"pipPosition":[56.8182,268.225,-35.9612],"stabilizedTipPosition":[46.7033,218.419,4.52607],"timeVisible":0.262519,"tipPosition":[55.1582,232.751,-15.1637],"tipVelocity":[44.3565,127.104,-195.525],"tool":false,"touchDistance":0.333333,"touchZone":"none","type":3,"width":18.027},{"bases":[[[0.935177,-0.32474,-0.141376],[0.349553,0.781937,0.516128],[-0.0570598,-0.532089,0.844763]],[[0.927077,-0.368295,-0.0699046],[0.262748,0.7714,-0.579574],[0.267379,0.518943,0.811916]],[[0.927077,-0.368295,-0.0699046],[-0.165426,-0.234596,-0.957914],[0.336395,0.899624,-0.278414]],[[0.927077,-0.368295,-0.0699046],[-0.328972,-0.709891,-0.622762],[0.179735,0.600345,-0.779282]]],"btipPosition":[67.2643,241.779,-10.0781],"carpPosition":[83.0437,257.176,48.5738],"dipPosition":[70.3538,252.099,-23.4733],"direction":[-0.336395,-0.899624,0.278414],"extended":false,"handId":717,"id":7174,"length":50.3709,"mcpPosition":[86.3432,287.944,-0.274443],"pipPosition":[76.9151,269.645,-28.9037],"stabilizedTipPosition":[62.1259,231.063,4.17864],"timeVisible":0.262519,"tipPosition":[68.2699,243.644,-11.7749],"tipVelocity":[37.8803,142.153,-203.831],"tool":false,"touchDistance":0.333333,"touchZone":"none","type":4,"width":16.013}],"r":[[0.930864,0.228871,0.2848],[-0.263612,0.960441,0.0897829],[-0.252985,-0.158653,0.954373]],"s":0.918517,"t":[48.2616,74.3652,-96.5925],"timestamp":524083908719},false],[5,{"currentFrameRate":91.8882,"devices":[],"gestures":[],"hands":[{"armBasis":[[0.916771,0.209049,-0.340339],[-0.0484054,0.903964,0.424859],[0.39647,-0.373024,0.838847]],"armWidth":63.5437,"confidence":0.604889,"direction":[-0.204523,0.603309,-0.770836],"elbow":[176.419,148.872,281.672],"grabStrength":0.0541884,"id":717,"palmNormal":[0.00186953,-0.78724,-0.616644],"palmPosition":[51.2218,277.437,12.8587],"palmVelocity":[10.2833,119.257,-188.206],"palmWidth":90.7382,"pinchStrength":0.769433,"r":[[0.928507,0.236226,0.286483],[-0.269674,0.959372,0.0829573],[-0.255247,-0.154283,0.954487]],"s":0.919545,"sphereCenter":[51.2097,256.957,-29.2991],"sphereRadius":46.7482,"stabilizedPalmPosition":[47.1294,263.468,31.8394],"t":[48.2618,75.138,-98.0165],"timeVisible":0.271162,"type":"right","wrist":[69.6684,249.31,55.8098]}],"id":4313792,"interactionBox":{"center":[0,200,0],"size":[235.247,235.247,147.751]},"pointables":[{"bases":[[[0.352309,0.873183,0.336792],[-0.708798,0.0139555,0.705273],[0.611133,-0.487192,0.623828]],[[0.169139,0.974001,0.150712],[-0.819578,0.0540608,0.570411],[0.547433,-0.219999,0.807414]],[[0.169139,0.974001,0.150712],[-0.978264,0.147295,0.145958],[0.119964,-0.172123,0.977743]],[[0.169139,0.974001,0.150712],[-0.918751,0.211168,-0.333624],[-0.356776,-0.0820378,0.930581]]],"btipPosition":[19.5551,253.865,-38.8115],"carpPosition":[42.5583,235.146,56.3443],"dipPosition":[11.2284,251.95,-17.0928],"direction":[-0.119964,0.172123,-0.977743],"extended":false,"handId":717,"id":7170,"length":51.9721,"mcpPosition":[42.5583,235.146,56.3443],"pipPosition":[15.3073,246.098,16.1517],"stabilizedTipPosition":[8.72127,239.841,-10.2691],"timeVisible":0.271162,"tipPosition":[17.6453,253.009,-34.0988],"tipVelocity":[30.1034,106.098,-174.447],"tool":false,"touchDistance":-0.371988,"touchZone":"hovering","type":0,"width":20.194},{"bases":[[[0.930624,0.227045,-0.287036],[-0.0561373,0.863578,0.501081],[0.361646,-0.450205,0.816412]],[[0.972866,0.160138,-0.166993],[-0.0253044,0.791082,0.611187],[0.229979,-0.590378,0.773669]],[[0.972866,0.160138,-0.166993],[-0.119371,0.965694,0.23062],[0.198195,-0.204428,0.958607]],[[0.972866,0.160138,-0.166993],[-0.18177,0.975562,-0.123441],[0.143145,0.150446,0.9782]]],"btipPosition":[4.61058,318.648,-73.9593],"carpPosition":[48.2124,257.96,58.857],"dipPosition":[7.04953,321.211,-57.2924],"direction":[-0.198195,0.204428,-0.958607],"extended":true,"handId":717,"id":7171,"length":58.6448,"mcpPosition":[21.6798,290.99,-1.0399],"pipPosition":[11.8267,316.284,-34.1866],"stabilizedTipPosition":[3.86392,307.289,-42.5011],"timeVisible":0.271162,"tipPosition":[6.22868,318.442,-70.0066],"tipVelocity":[-21.7077,58.9447,-232.235],"tool":false,"touchDistance":-0.457891,"touchZone":"hovering","type":1,"width":19.2893},{"bases":[[[0.966771,0.0135655,-0.255285],[0.109957,0.879436,0.463143],[0.23079,-0.475823,0.848721]],[[0.971441,0.00348748,-0.237257],[-0.143889,0.80373,-0.577334],[0.188677,0.594984,0.781278]],[[0.971441,0.00348748,-0.237257],[-0.225995,-0.291129,-0.929608],[-0.0723144,0.956678,-0.282026]],[[0.971441,0.00348748,-0.237257],[-0.141721,-0.793429,-0.591934],[-0.190311,0.608653,-0.770275]]],"btipPosition":[39.6998,228.42,-18.4295],"carpPosition":[59.209,262.449,55.7413],"dipPosition":[36.1334,239.826,-32.8645],"direction":[0.0723144,-0.956677,0.282026],"extended":false,"handId":717,"id":7172,"length":66.821,"mcpPosition":[43.1518,295.554,-3.3084],"pipPosition":[34.0827,266.955,-40.8621],"stabilizedTipPosition":[30.9907,218.013,-0.718111],"timeVisible":0.271162,"tipPosition":[39.2581,230.665,-20.3887],"tipVelocity":[44.3152,93.8781,-180.05],"tool":false,"touchDistance":0.333333,"touchZone":"none","type":2,"width":18.9446},{"bases":[[[0.979138,-0.122938,-0.161789],[0.186049,0.862542,0.47054],[0.0817022,-0.490824,0.86742]],[[0.980499,-0.132132,-0.145473],[0.0199172,0.803235,-0.595329],[0.195512,0.580822,0.790203]],[[0.980499,-0.132132,-0.145473],[-0.17771,-0.28008,-0.943384],[0.0839074,0.95084,-0.298099]],[[0.980499,-0.132132,-0.145473],[-0.193401,-0.780186,-0.594899],[-0.0348909,0.611433,-0.790527]]],"btipPosition":[55.4221,230.915,-14.078],"carpPosition":[70.9048,263.793,52.3506],"dipPosition":[54.772,242.307,-28.8073],"direction":[-0.0839074,-0.95084,0.298099],"extended":false,"handId":717,"id":7173,"length":64.2502,"mcpPosition":[65.8011,294.453,-1.83416],"pipPosition":[57.0899,268.574,-37.0424],"stabilizedTipPosition":[47.2809,219.438,3.04361],"timeVisible":0.271162,"tipPosition":[55.5402,233.18,-16.1197],"tipVelocity":[44.5107,106.266,-172.62],"tool":false,"touchDistance":0.333333,"touchZone":"none","type":3,"width":18.027},{"bases":[[[0.937723,-0.319735,-0.135815],[0.342558,0.786146,0.514421],[-0.0577082,-0.528909,0.846714]],[[0.929128,-0.364605,-0.0615202],[0.264227,0.771082,-0.579324],[0.258662,0.52201,0.812773]],[[0.929128,-0.364605,-0.0615202],[-0.156797,-0.237827,-0.958568],[0.334868,0.900279,-0.27814]],[[0.929128,-0.364605,-0.0615202],[-0.32124,-0.713567,-0.622597],[0.183104,0.598235,-0.78012]]],"btipPosition":[67.5334,242.364,-11.1278],"carpPosition":[82.9961,258.03,47.6581],"dipPosition":[70.6808,252.647,-24.5373],"direction":[-0.334868,-0.900279,0.27814],"extended":false,"handId":717,"id":7174,"length":50.3709,"mcpPosition":[86.333,288.614,-1.30292],"pipPosition":[77.2123,270.207,-29.9624],"stabilizedTipPosition":[62.6255,232.176,2.68013],"timeVisible":0.271162,"tipPosition":[68.546,244.23,-12.8522],"tipVelocity":[36.4996,122.138,-182.076],"tool":false,"touchDistance":0.333333,"touchZone":"none","type":4,"width":16.013}],"r":[[0.928507,0.236226,0.286483],[-0.269674,0.959372,0.0829573],[-0.255247,-0.154283,0.954487]],"s":0.919545,"t":[48.2618,75.138,-98.0165],"timestamp":524083917362},false],[6,{"currentFrameRate":92.4857,"devices":[],"gestures":[],"hands":[{"armBasis":[[0.917732,0.216449,-0.333042],[-0.0598661,0.904274,0.422735],[0.392662,-0.36802,0.842839]],"armWidth":63.5437,"confidence":0.609671,"direction":[-0.207427,0.598936,-0.773466],"elbow":[175.409,151.107,281.487],"grabStrength":0.0378346,"id":717,"palmNormal":[0.0131127,-0.78889,-0.614395],"palmPosition":[51.1348,278.006,11.4361],"palmVelocity":[4.68702,102.006,-176.872],"palmWidth":90.7382,"pinchStrength":0.751519,"r":[[0.925803,0.244252,0.288497],[-0.276623,0.957913,0.0766963],[-0.257622,-0.150811,0.954404]],"s":0.921117,"sphereCenter":[51.1529,257.316,-30.6481],"sphereRadius":46.7495,"stabilizedPalmPosition":[47.4048,264.468,30.4364],"t":[48.2184,75.8086,-99.4397],"timeVisible":0.280713,"type":"right","wrist":[69.6841,250.197,54.5504]}],"id":4313793,"interactionBox":{"center":[0,200,0],"size":[235.247,235.247,147.751]},"pointables":[{"bases":[[[0.341406,0.877839,0.335916],[-0.712132,0.00833217,0.701996],[0.613441,-0.478883,0.627982]],[[0.167006,0.973236,0.157866],[-0.821369,0.048762,0.568309],[0.545401,-0.224577,0.807529]],[[0.167006,0.973236,0.157866],[-0.978494,0.143942,0.147747],[0.121069,-0.179145,0.976345]],[[0.167006,0.973236,0.157866],[-0.919011,0.211651,-0.332601],[-0.357112,-0.0895339,0.929761]]],"btipPosition":[19.7931,255.105,-40.0933],"carpPosition":[42.7248,235.745,55.0015],"dipPosition":[11.4585,253.016,-18.3938],"direction":[-0.121069,0.179145,-0.976345],"extended":false,"handId":717,"id":7170,"length":51.9721,"mcpPosition":[42.7248,235.745,55.0015],"pipPosition":[15.575,246.925,14.8031],"stabilizedTipPosition":[9.13576,240.51,-11.3935],"timeVisible":0.280713,"tipPosition":[17.9481,253.908,-35.3982],"tipVelocity":[28.5503,111.759,-162.963],"tool":false,"touchDistance":-0.382416,"touchZone":"hovering","type":0,"width":20.194},{"bases":[[[0.929449,0.236193,-0.283438],[-0.0676633,0.86432,0.49837],[0.362693,-0.444031,0.819323]],[[0.971032,0.171786,-0.166091],[-0.0363248,0.793135,0.607962],[0.236172,-0.584317,0.7764]],[[0.971032,0.171786,-0.166091],[-0.130011,0.963028,0.235953],[0.200483,-0.207524,0.957465]],[[0.971032,0.171786,-0.166091],[-0.19135,0.975348,-0.109917],[0.143114,0.138514,0.979965]]],"btipPosition":[4.12453,318.879,-75.6741],"carpPosition":[48.123,258.626,57.4752],"dipPosition":[6.56295,321.239,-58.9772],"direction":[-0.200483,0.207524,-0.957465],"extended":true,"handId":717,"id":7171,"length":58.6448,"mcpPosition":[21.5137,291.203,-2.63523],"pipPosition":[11.3953,316.237,-35.8989],"stabilizedTipPosition":[3.87664,307.477,-42.9553],"timeVisible":0.280713,"tipPosition":[5.75822,318.596,-71.7246],"tipVelocity":[-30.1364,47.4893,-216.816],"tool":false,"touchDistance":-0.466055,"touchZone":"hovering","type":1,"width":19.2893},{"bases":[[[0.96773,0.0232022,-0.250918],[0.0984244,0.88185,0.461144],[0.231971,-0.470959,0.851109]],[[0.97245,0.0131686,-0.232738],[-0.149561,0.801069,-0.579585],[0.178807,0.598426,0.78097]],[[0.97245,0.0131686,-0.232738],[-0.218571,-0.295569,-0.929981],[-0.0810366,0.955231,-0.284548]],[[0.97245,0.0131686,-0.232738],[-0.130521,-0.79647,-0.590423],[-0.193144,0.604534,-0.772809]]],"btipPosition":[40.2687,228.808,-19.8062],"carpPosition":[59.0853,263.223,54.397],"dipPosition":[36.6492,240.137,-34.2886],"direction":[0.0810366,-0.955231,0.284548],"extended":false,"handId":717,"id":7172,"length":66.821,"mcpPosition":[42.9459,295.99,-4.81887],"pipPosition":[34.3512,267.225,-42.3577],"stabilizedTipPosition":[31.4404,218.727,-1.91187],"timeVisible":0.280713,"tipPosition":[39.8048,231.045,-21.8025],"tipVelocity":[48.3485,77.9825,-170.012],"tool":false,"touchDistance":0.333333,"touchZone":"none","type":2,"width":18.9446},{"bases":[[[0.981127,-0.1129,-0.156979],[0.174657,0.865791,0.468935],[0.0829685,-0.487503,0.86917]],[[0.982527,-0.122144,-0.140434],[0.0143163,0.801894,-0.597294],[0.185569,0.584847,0.789631]],[[0.982527,-0.122144,-0.140434],[-0.170211,-0.284439,-0.943463],[0.0752934,0.950881,-0.30026]],[[0.982527,-0.122144,-0.140434],[-0.182288,-0.783857,-0.593582],[-0.0375776,0.60881,-0.792426]]],"btipPosition":[55.9506,231.465,-15.3617],"carpPosition":[70.7814,264.683,51.0558],"dipPosition":[55.2504,242.809,-30.1264],"direction":[-0.0752934,-0.950881,0.30026],"extended":false,"handId":717,"id":7173,"length":64.2502,"mcpPosition":[65.5986,295.136,-3.23839],"pipPosition":[57.3304,269.077,-38.4212],"stabilizedTipPosition":[47.8543,220.424,1.57444],"timeVisible":0.280713,"tipPosition":[56.0516,233.729,-17.4294],"tipVelocity":[47.2882,91.895,-161.833],"tool":false,"touchDistance":0.333333,"touchZone":"none","type":3,"width":18.027},{"bases":[[[0.9417,-0.310056,-0.130637],[0.331772,0.791198,0.513745],[-0.0559304,-0.527135,0.847939]],[[0.932676,-0.356836,-0.0527642],[0.263146,0.773126,-0.577088],[0.246719,0.524351,0.814976]],[[0.932676,-0.356836,-0.0527642],[-0.145964,-0.239583,-0.959841],[0.329865,0.902922,-0.275539]],[[0.932676,-0.356836,-0.0527642],[-0.309776,-0.717404,-0.623996],[0.184811,0.598331,-0.779644]]],"btipPosition":[67.8789,243.132,-12.5586],"carpPosition":[82.955,259.036,46.4347],"dipPosition":[71.0556,253.417,-25.9599],"direction":[-0.329865,-0.902922,0.275539],"extended":false,"handId":717,"id":7174,"length":50.3709,"mcpPosition":[86.1892,289.518,-2.59711],"pipPosition":[77.4895,271.028,-31.3342],"stabilizedTipPosition":[63.1135,233.263,1.1858],"timeVisible":0.280713,"tipPosition":[68.8946,245.005,-14.3028],"tipVelocity":[36.6083,110.11,-172.703],"tool":false,"touchDistance":0.333333,"touchZone":"none","type":4,"width":16.013}],"r":[[0.925803,0.244252,0.288497],[-0.276623,0.957913,0.0766963],[-0.257622,-0.150811,0.954404]]