{"sensorType":"Leap","data":[[0,{"currentFrameRate":93.1926,"devices":[],"gestures":[],"hands":[{"armBasis":[[0.913175,0.193423,-0.358747],[-0.0361306,0.915166,0.401455],[0.405964,-0.353637,0.842695]],"armWidth":63.5437,"confidence":0.603416,"direction":[-0.244441,0.632642,-0.734855],"elbow":[186.323,152.643,292.948],"grabStrength":0,"id":722,"palmNormal":[-0.0370645,-0.763387,-0.644877],"palmPosition":[56.3273,277.648,25.2959],"palmVelocity":[117.366,293.823,-379.321],"palmWidth":90.7382,"pinchStrength":0.76297,"r":[[0.962679,0.0448253,0.266908],[-0.0409034,0.998958,-0.0202382],[-0.267538,0.00856544,0.963509]],"s":0.978212,"sphereCenter":[57.8549,252.658,-20.7168],"sphereRadius":48.4623,"stabilizedPalmPosition":[48.3956,261.151,46.2118],"t":[56.228,75.7045,-93.4058],"timeVisible":0.234849,"type":"right","wrist":[77.0159,247.86,66.0497]}],"id":4316094,"interactionBox":{"center":[0,200,0],"size":[235.247,235.247,147.751]},"pointables":[{"bases":[[[0.375358,0.858715,0.348877],[-0.667837,-0.0104435,0.744234],[0.642729,-0.512347,0.569561]],[[0.167319,0.972203,0.163786],[-0.792103,0.0336483,0.60946],[0.587007,-0.23171,0.775714]],[[0.167319,0.972203,0.163786],[-0.975166,0.138747,0.172626],[0.145103,-0.188602,0.971275]],[[0.167319,0.972203,0.163786],[-0.957878,0.199632,-0.20644],[-0.233398,-0.122346,0.964654]]],"btipPosition":[21.197,254.575,-26.5695],"carpPosition":[49.9043,233.772,67.5835],"dipPosition":[15.7497,251.72,-4.05563],"direction":[-0.145103,0.188602,-0.971275],"extended":false,"handId":722,"id":7220,"length":51.9721,"mcpPosition":[49.9043,233.772,67.5835],"pipPosition":[20.6834,245.307,28.9689],"stabilizedTipPosition":[8.45715,231.806,4.05754],"timeVisible":0.234849,"tipPosition":[20.484,252.156,-21.0148],"tipVelocity":[164.911,410.796,-382.98],"tool":false,"touchDistance":-0.457606,"touchZone":"hovering","type":0,"width":20.194},{"bases":[[[0.914158,0.234768,-0.330454],[-0.0232248,0.844208,0.535512],[0.404693,-0.481868,0.777192]],[[0.948903,0.187239,-0.254019],[-0.0864923,0.928444,0.361264],[0.303485,-0.320833,0.897197]],[[0.948903,0.187239,-0.254019],[-0.129377,0.965021,0.228028],[0.287829,-0.183512,0.939935]],[[0.948903,0.187239,-0.254019],[-0.159717,0.979199,0.125139],[0.272166,-0.0781737,0.95907]]],"btipPosition":[1.54398,311.311,-63.828],"carpPosition":[55.812,256.458,70.6272],"dipPosition":[6.18123,309.979,-47.4871],"direction":[-0.287829,0.183512,-0.939935],"extended":true,"handId":722,"id":7221,"length":58.6448,"mcpPosition":[26.1213,291.81,13.6077],"pipPosition":[13.1189,305.556,-24.8313],"stabilizedTipPosition":[-8.38042,295.028,-34.2612],"timeVisible":0.234849,"tipPosition":[3.2726,309.982,-60.4519],"tipVelocity":[151.768,261.492,-427.438],"tool":false,"touchDistance":-0.552562,"touchZone":"hovering","type":1,"width":19.2893},{"bases":[[[0.950904,0.0201279,-0.308832],[0.140549,0.86096,0.488869],[0.275732,-0.508273,0.815862]],[[0.95274,0.0167026,-0.303327],[-0.193897,0.802084,-0.564858],[0.233859,0.596978,0.767416]],[[0.95274,0.0167026,-0.303327],[-0.302914,-0.023411,-0.95273],[-0.0230142,0.999586,-0.0172452]],[[0.95274,0.0167026,-0.303327],[-0.25927,-0.475661,-0.840551],[-0.15832,0.87947,-0.448851]]],"btipPosition":[39.8338,222.866,-17.6848],"carpPosition":[66.6392,261.025,67.0656],"dipPosition":[36.8669,239.348,-26.0962],"direction":[0.0230142,-0.999586,0.0172452],"extended":false,"handId":722,"id":7222,"length":66.821,"mcpPosition":[47.4552,296.389,10.3021],"pipPosition":[36.2143,267.694,-26.5853],"stabilizedTipPosition":[27.7534,208.048,6.84544],"timeVisible":0.234849,"tipPosition":[39.7094,226.058,-18.0332],"tipVelocity":[153.242,283,-405.599],"tool":false,"touchDistance":0.333333,"touchZone":"none","type":2,"width":18.9446},{"bases":[[[0.967797,-0.119849,-0.221373],[0.216846,0.843557,0.491314],[0.127858,-0.523496,0.84238]],[[0.970916,-0.134041,-0.198383],[-0.0153669,0.791995,-0.610334],[0.238928,0.595632,0.7669]],[[0.970916,-0.134041,-0.198383],[-0.203931,-0.0288768,-0.978559],[0.125438,0.990555,-0.055372]],[[0.970916,-0.134041,-0.198383],[-0.23856,-0.471374,-0.849056],[0.0202959,0.871688,-0.489641]]],"btipPosition":[55.6563,225.016,-13.0657],"carpPosition":[78.1322,262.46,63.0721],"dipPosition":[56.0345,241.257,-22.1888],"direction":[-0.125438,-0.990555,0.055372],"extended":false,"handId":722,"id":7223,"length":64.2502,"mcpPosition":[70.1454,295.161,10.4515],"pipPosition":[59.4997,268.622,-23.7185],"stabilizedTipPosition":[45.0479,211.785,7.47667],"timeVisible":0.234849,"tipPosition":[56.1718,228.186,-13.5362],"tipVelocity":[158.063,282.168,-377.464],"tool":false,"touchDistance":0.333333,"touchZone":"none","type":3,"width":18.027},{"bases":[[[0.926868,-0.317354,-0.200505],[0.375172,0.765061,0.52338],[-0.0126983,-0.560329,0.828173]],[[0.921597,-0.368477,-0.121996],[0.225272,0.763721,-0.604965],[0.316087,0.530052,0.786851]],[[0.921597,-0.368477,-0.121996],[-0.129513,0.0043654,-0.991568],[0.365902,0.929627,-0.0436995]],[[0.921597,-0.368477,-0.121996],[-0.279955,-0.413317,-0.866484],[0.268856,0.832703,-0.484069]]],"btipPosition":[67.7395,238.104,-8.97059],"carpPosition":[89.9091,256.839,57.4907],"dipPosition":[72.3609,252.418,-17.2913],"direction":[-0.365902,-0.929627,0.0436995],"extended":false,"handId":722,"id":7224,"length":50.3709,"mcpPosition":[90.6433,289.24,9.60179],"pipPosition":[79.4977,270.55,-18.1436],"stabilizedTipPosition":[58.5902,224.475,11.0709],"timeVisible":0.234849,"tipPosition":[69.0578,240.836,-9.30832],"tipVelocity":[153.583,292.409,-380.63],"tool":false,"touchDistance":0.333333,"touchZone":"none","type":4,"width":16.013}],"r":[[0.962679,0.0448253,0.266908],[-0.0409034,0.998958,-0.0202382],[-0.267538,0.00856544,0.963509]],"s":0.978212,"t":[56.228,75.7045,-93.4058],"timestamp":524106916683},false],[1,{"currentFrameRate":93.9916,"devices":[],"gestures":[],"hands":[{"armBasis":[[0.913175,0.199501,-0.355401],[-0.0481144,0.918678,0.392065],[0.404717,-0.340924,0.848513]],"armWidth":63.5437,"confidence":0.61468,"direction":[-0.244657,0.633875,-0.73372],"elbow":[186.406,157.213,292.721],"grabStrength":0,"id":722,"palmNormal":[-0.0282137,-0.761051,-0.648079],"palmPosition":[56.771,278.816,23.5049],"palmVelocity":[98.7515,248.946,-330.055],"palmWidth":90.7382,"pinchStrength":0.73433,"r":[[0.960442,0.0493546,0.274071],[-0.0445338,0.998725,-0.0237878],[-0.274896,0.0106414,0.961415]],"s":0.978832,"sphereCenter":[57.7271,253.891,-22.317],"sphereRadius":48.1318,"stabilizedPalmPosition":[49.3957,263.26,43.5003],"t":[56.8523,77.4883,-95.9341],"timeVisible":0.243826,"type":"right","wrist":[77.435,249.008,64.2567]}],"id":4316095,"interactionBox":{"center":[0,200,0],"size":[235.247,235.247,147.751]},"pointables":[{"bases":[[[0.367498,0.859867,0.354365],[-0.671907,-0.0179722,0.740417],[0.643029,-0.510202,0.571146]],[[0.18148,0.965234,0.188117],[-0.791002,0.0296232,0.611096],[0.584279,-0.259703,0.768878]],[[0.18148,0.965234,0.188117],[-0.977111,0.1554,0.145276],[0.110992,-0.210176,0.971343]],[[0.18148,0.965234,0.188117],[-0.951885,0.220457,-0.212871],[-0.246942,-0.140434,0.9588]]],"btipPosition":[23.3169,258.081,-28.096],"carpPosition":[50.4125,234.729,65.5825],"dipPosition":[17.5535,254.803,-5.7187],"direction":[-0.110992,0.210176,-0.971343],"extended":false,"handId":722,"id":7220,"length":51.9721,"mcpPosition":[50.4125,234.729,65.5825],"pipPosition":[21.3274,247.657,27.3082],"stabilizedTipPosition":[10.2048,235.102,0.570214],"timeVisible":0.243826,"tipPosition":[22.0937,255.324,-22.7782],"tipVelocity":[182.21,402.274,-325.596],"tool":false,"touchDistance":-0.463547,"touchZone":"hovering","type":0,"width":20.194},{"bases":[[[0.914362,0.242328,-0.324376],[-0.0320152,0.841892,0.538696],[0.40363,-0.482178,0.777552]],[[0.948459,0.195603,-0.249327],[-0.0945326,0.925588,0.366538],[0.30247,-0.324076,0.896374]],[[0.948459,0.195603,-0.249327],[-0.137272,0.962719,0.233083],[0.285624,-0.186844,0.939951]],[[0.948459,0.195603,-0.249327],[-0.167416,0.977298,0.129849],[0.269066,-0.0814154,0.959674]]],"btipPosition":[2.10661,312.592,-65.7083],"carpPosition":[56.1472,257.442,68.7487],"dipPosition":[6.69104,311.205,-49.3571],"direction":[-0.285624,0.186844,-0.939951],"extended":true,"handId":722,"id":7221,"length":58.6448,"mcpPosition":[26.5345,292.817,11.7028],"pipPosition":[13.5756,306.702,-26.701],"stabilizedTipPosition":[-7.40683,296.483,-36.5967],"timeVisible":0.243826,"tipPosition":[3.83906,311.277,-62.3326],"tipVelocity":[126.987,228.564,-367.643],"tool":false,"touchDistance":-0.553808,"touchZone":"hovering","type":1,"width":19.2893},{"bases":[[[0.952458,0.0278593,-0.303394],[0.131899,0.859949,0.493042],[0.274639,-0.509619,0.815391]],[[0.954363,0.0242805,-0.297661],[-0.195607,0.803973,-0.561575],[0.225676,0.59417,0.772031]],[[0.954363,0.0242805,-0.297661],[-0.297209,-0.0205557,-0.954591],[-0.0292965,0.999494,-0.0124013]],[[0.954363,0.0242805,-0.297661],[-0.251223,-0.473673,-0.84411],[-0.161489,0.880366,-0.445956]]],"btipPosition":[40.8642,224.153,-19.8649],"carpPosition":[66.9626,262.098,65.2662],"dipPosition":[37.8378,240.651,-28.2221],"direction":[0.0292965,-0.999494,0.0124013],"extended":false,"handId":722,"id":7222,"length":66.821,"mcpPosition":[47.8546,297.554,8.5354],"pipPosition":[37.0071,268.994,-28.5738],"stabilizedTipPosition":[28.9139,209.908,4.16893],"timeVisible":0.243826,"tipPosition":[40.7072,227.351,-20.2423],"tipVelocity":[142.286,244.843,-360.63],"tool":false,"touchDistance":0.333333,"touchZone":"none","type":2,"width":18.9446},{"bases":[[[0.969821,-0.112345,-0.216394],[0.208298,0.843058,0.495847],[0.126726,-0.525957,0.841017]],[[0.972976,-0.126959,-0.192872],[-0.0166191,0.794608,-0.606895],[0.230308,0.5937,0.771024]],[[0.972976,-0.126959,-0.192872],[-0.19765,-0.0260626,-0.979926],[0.119384,0.991565,-0.0504519]],[[0.972976,-0.126959,-0.192872],[-0.230232,-0.469585,-0.85234],[0.0176429,0.873711,-0.486125]]],"btipPosition":[56.6632,226.357,-15.0948],"carpPosition":[78.4677,263.626,61.3431],"dipPosition":[56.9919,242.636,-24.1524],"direction":[-0.119384,-0.991565,0.0504519],"extended":false,"handId":722,"id":7223,"length":64.2502,"mcpPosition":[70.5516,296.481,8.80759],"pipPosition":[60.2899,270.028,-25.5461],"stabilizedTipPosition":[46.3523,213.828,4.72584],"timeVisible":0.243826,"tipPosition":[57.1549,229.539,-15.5836],"tipVelocity":[145.14,246.044,-335.512],"tool":false,"touchDistance":0.333333,"touchZone":"none","type":3,"width":18.027},{"bases":[[[0.930132,-0.310207,-0.196535],[0.366977,0.76552,0.528495],[-0.0134916,-0.563694,0.825874]],[[0.924617,-0.362492,-0.116971],[0.224591,0.766874,-0.601219],[0.307639,0.529627,0.790477]],[[0.924617,-0.362492,-0.116971],[-0.123174,0.00603942,-0.992367],[0.360431,0.931967,-0.0390655]],[[0.924617,-0.362492,-0.116971],[-0.271871,-0.412985,-0.869212],[0.266775,0.83549,-0.480404]]],"btipPosition":[68.6306,239.49,-10.8037],"carpPosition":[90.3139,258.109,55.8059],"dipPosition":[73.2162,253.851,-19.0614],"direction":[-0.360431,-0.931967,0.0390655],"extended":false,"handId":722,"id":7224,"length":50.3709,"mcpPosition":[91.0941,290.704,8.04996],"pipPosition":[80.2463,272.029,-19.8233],"stabilizedTipPosition":[59.8939,226.628,8.27743],"timeVisible":0.243826,"tipPosition":[69.9323,242.246,-11.1917],"tipVelocity":[138.449,254.916,-331.847],"tool":false,"touchDistance":0.333333,"touchZone":"none","type":4,"width":16.013}],"r":[[0.960442,0.0493546,0.274071],[-0.0445338,0.998725,-0.0237878],[-0.274896,0.0106414,0.961415]],"s":0.978832,"t":[56.8523,77.4883,-95.9341],"timestamp":524106925660},false],[2,{"currentFrameRate":94.6661,"devices":[],"gestures":[],"hands":[{"armBasis":[[0.90876,0.2044,-0.363836],[-0.0553344,0.923159,0.380414],[0.413635,-0.325572,0.85024]],"armWidth":63.5437,"confidence":0.621702,"direction":[-0.245243,0.632701,-0.734538],"elbow":[189.164,163.039,291.364],"grabStrength":0,"id":722,"palmNormal":[-0.0239533,-0.761399,-0.647841],"palmPosition":[57.1144,280.417,21.6232],"palmVelocity":[81.646,228.211,-295.214],"palmWidth":90.7382,"pinchStrength":0.703952,"r":[[0.958433,0.0537061,0.280219],[-0.0481297,0.998483,-0.0267488],[-0.28123,0.0121501,0.959563]],"s":0.979622,"sphereCenter":[57.3068,255.353,-23.9584],"sphereRadius":47.8946,"stabilizedPalmPosition":[50.2869,265.241,40.9744],"t":[57.3361,79.1809,-98.1391],"timeVisible":0.252997,"type":"right","wrist":[77.7913,250.7,62.4348]}],"id":4316096,"interactionBox":{"center":[0,200,0],"size":[235.247,235.247,147.751]},"pointables":[{"bases":[[[0.363559,0.861328,0.354877],[-0.673557,-0.0201166,0.738861],[0.643541,-0.50765,0.57284]],[[0.197071,0.958556,0.205751],[-0.786642,0.029352,0.616711],[0.585113,-0.283389,0.759825]],[[0.197071,0.958556,0.205751],[-0.976016,0.172022,0.133425],[0.0925017,-0.227111,0.969466]],[[0.197071,0.958556,0.205751],[-0.941578,0.24352,-0.232658],[-0.27312,-0.147881,0.950546]]],"btipPosition":[24.9201,261.604,-29.2679],"carpPosition":[50.8176,236.324,63.7034],"dipPosition":[18.5458,258.153,-7.08329],"direction":[-0.0925017,0.227111,-0.969466],"extended":false,"handId":722,"id":7220,"length":51.9721,"mcpPosition":[50.8176,236.324,63.7034],"pipPosition":[21.691,250.431,25.8797],"stabilizedTipPosition":[12.2209,239.014,-3.19377],"timeVisible":0.252997,"tipPosition":[23.2908,258.685,-24.2132],"tipVelocity":[175.873,396.025,-271.757],"tool":false,"touchDistance":-0.46377,"touchZone":"hovering","type":0,"width":20.194},{"bases":[[[0.914231,0.24551,-0.322347],[-0.0363133,0.841979,0.538287],[0.403564,-0.480413,0.778678]],[[0.947849,0.199689,-0.248407],[-0.0983343,0.924594,0.368045],[0.30317,-0.324424,0.896012]],[[0.947849,0.199689,-0.248407],[-0.141211,0.961835,0.234377],[0.285729,-0.187076,0.939873]],[[0.947849,0.199689,-0.248407],[-0.171422,0.976468,0.130864],[0.268693,-0.0814568,0.959775]]],"btipPosition":[2.40086,314.101,-67.6501],"carpPosition":[56.4627,259.059,66.8739],"dipPosition":[6.97895,312.713,-51.2971],"direction":[-0.285729,0.187076,-0.939873],"extended":true,"handId":722,"id":7221,"length":58.6448,"mcpPosition":[26.8549,294.304,9.74542],"pipPosition":[13.866,308.204,-28.6429],"stabilizedTipPosition":[-6.53238,297.876,-38.7942],"timeVisible":0.252997,"tipPosition":[4.13835,312.803,-64.2741],"tipVelocity":[100.465,210.684,-324.131],"tool":false,"touchDistance":-0.555881,"touchZone":"hovering","type":1,"width":19.2893},{"bases":[[[0.953054,0.0311886,-0.301191],[0.12764,0.860612,0.493006],[0.274585,-0.508305,0.816229]],[[0.954995,0.0275479,-0.295339],[-0.197022,0.803217,-0.56216],[0.221735,0.595049,0.772496]],[[0.954995,0.0275479,-0.295339],[-0.294803,-0.0219,-0.955307],[-0.0327846,0.999381,-0.0127932]],[[0.954995,0.0275479,-0.295339],[-0.247464,-0.474965,-0.844494],[-0.16354,0.879573,-0.446773]]],"btipPosition":[41.5014,225.692,-21.7706],"carpPosition":[67.2693,263.752,63.4147],"dipPosition":[38.4366,242.175,-30.1432],"direction":[0.0327846,-0.999381,0.0127932],"extended":false,"handId":722,"id":7222,"length":66.821,"mcpPosition":[48.1651,299.118,6.62565],"pipPosition":[37.5069,270.515,-30.5059],"stabilizedTipPosition":[30.0034,211.703,1.61392],"timeVisible":0.252997,"tipPosition":[41.3255,228.896,-22.1764],"tipVelocity":[121.705,223.252,-318.098],"tool":false,"touchDistance":0.333333,"touchZone":"none","type":2,"width":18.9446},{"bases":[[[0.970721,-0.108919,-0.214096],[0.204093,0.843999,0.495996],[0.126673,-0.525169,0.841517]],[[0.973899,-0.12364,-0.190353],[-0.0178461,0.794319,-0.607239],[0.22628,0.594786,0.77138]],[[0.973899,-0.12364,-0.190353],[-0.195083,-0.0272372,-0.980408],[0.116033,0.991953,-0.0506463]],[[0.973899,-0.12364,-0.190353],[-0.226433,-0.470878,-0.852644],[0.0157878,0.873491,-0.486583]]],"btipPosition":[57.2833,227.947,-16.9533],"carpPosition":[78.7779,265.321,59.5177],"dipPosition":[57.5775,244.222,-26.0194],"direction":[-0.116033,-0.991953,0.0506463],"extended":false,"handId":722,"id":7223,"length":64.2502,"mcpPosition":[70.865,298.127,6.95099],"pipPosition":[60.7829,271.625,-27.4186],"stabilizedTipPosition":[47.5664,215.8,2.10257],"timeVisible":0.252997,"tipPosition":[57.7621,231.134,-17.4594],"tipVelocity":[123.27,225.756,-298.505],"tool":false,"touchDistance":0.333333,"touchZone":"none","type":3,"width":18.027},{"bases":[[[0.931703,-0.306915,-0.19425],[0.362975,0.767048,0.529042],[-0.0133716,-0.563418,0.826064]],[[0.926081,-0.359763,-0.11377],[0.224124,0.76704,-0.60118],[0.303549,0.531243,0.790973]],[[0.926081,-0.359763,-0.11377],[-0.120208,0.0045072,-0.992739],[0.357664,0.933033,-0.0390723]],[[0.926081,-0.359763,-0.11377],[-0.268015,-0.414949,-0.869474],[0.265596,0.835696,-0.480698]]],"btipPosition":[69.185,241.128,-12.6226],"carpPosition":[90.6568,259.844,54.0103],"dipPosition":[73.7504,255.493,-20.8853],"direction":[-0.357664,-0.933033,0.0390723],"extended":false,"handId":722,"id":7224,"length":50.3709,"mcpPosition":[91.43,292.424,6.24337],"pipPosition":[80.7265,273.691,-21.6474],"stabilizedTipPosition":[61.1012,228.706,5.61544],"timeVisible":0.252997,"tipPosition":[70.4784,243.896,-13.0489],"tipVelocity":[116.547,233.66,-294.633],"tool":false,"touchDistance":0.333333,"touchZone":"none","type":4,"width":16.013}],"r":[[0.958433,0.0537061,0.280219],[-0.0481297,0.998483,-0.0267488],[-0.28123,0.0121501,0.959563]],"s":0.979622,"t":[57.3361,79.1809,-98.1391],"timestamp":524106934831},false],[3,{"currentFrameRate":95.366,"devices":[],"gestures":[],"hands":[{"armBasis":[[0.907461,0.213174,-0.362039],[-0.0679465,0.924837,0.374247],[0.414607,-0.315015,0.853737]],"armWidth":63.5437,"confidence":0.626706,"direction":[-0.248645,0.630791,-0.735036],"elbow":[190.115,167.624,290.691],"grabStrength":0,"id":722,"palmNormal":[-0.0136521,-0.761075,-0.64852],"palmPosition":[57.6703,281.983,19.948],"palmVelocity":[76.0676,212.976,-264.828],"palmWidth":90.7382,"pinchStrength":0.687539,"r":[[0.956436,0.0590812,0.285901],[-0.0529845,0.998174,-0.0290208],[-0.287093,0.0126082,0.95782]],"s":0.980597,"sphereCenter":[57.621,256.912,-25.4877],"sphereRadius":47.7447,"stabilizedPalmPosition":[51.1,267.085,38.6588],"t":[57.856,80.8101,-100.079],"timeVisible":0.262048,"type":"right","wrist":[78.481,252.443,60.82]}],"id":4316097,"interactionBox":{"center":[0,200,0],"size":[235.247,235.247,147.751]},"pointables":[{"bases":[[[0.353413,0.864663,0.35701],[-0.676299,-0.02751,0.736113],[0.646312,-0.501598,0.575048]],[[0.196853,0.95621,0.216592],[-0.78632,0.0220235,0.617427],[0.58562,-0.291853,0.756222]],[[0.196853,0.95621,0.216592],[-0.977001,0.172848,0.124872],[0.0819662,-0.236192,0.968243]],[[0.196853,0.95621,0.216592],[-0.937151,0.248428,-0.245015],[-0.288093,-0.154748,0.945016]]],"btipPosition":[26.4338,263.965,-30.653],"carpPosition":[51.6489,237.794,61.9684],"dipPosition":[19.7101,260.353,-8.59738],"direction":[-0.0819662,0.236192,-0.968243],"extended":false,"handId":722,"id":7220,"length":51.9721,"mcpPosition":[51.6489,237.794,61.9684],"pipPosition":[22.497,252.323,24.3241],"stabilizedTipPosition":[14.3891,243.143,-7.02575],"timeVisible":0.262048,"tipPosition":[24.6257,261.06,-25.7376],"tipVelocity":[171.042,357.599,-239.904],"tool":false,"touchDistance":-0.466947,"touchZone":"hovering","type":0,"width":20.194},{"bases":[[[0.913001,0.254981,-0.318455],[-0.0469815,0.841132,0.538785],[0.405242,-0.47695,0.779934]],[[0.94621,0.210334,-0.245859],[-0.108654,0.922304,0.370877],[0.304764,-0.324214,0.895547]],[[0.94621,0.210334,-0.245859],[-0.151752,0.959605,0.236919],[0.285759,-0.186865,0.939906]],[[0.94621,0.210334,-0.245859],[-0.182005,0.974258,0.133023],[0.267509,-0.0811203,0.960135]]],"btipPosition":[2.81761,315.351,-69.4239],"carpPosition":[57.0515,260.582,65.1793],"dipPosition":[7.37551,313.968,-53.0648],"direction":[-0.285759,0.186865,-0.939906],"extended":true,"handId":722,"id":7221,"length":58.6448,"mcpPosition":[27.3205,295.574,7.95859],"pipPosition":[14.2633,309.464,-30.4098],"stabilizedTipPosition":[-5.75272,299.162,-40.8087],"timeVisible":0.262048,"tipPosition":[4.56905,314.071,-66.0497],"tipVelocity":[85.3091,190.688,-288.731],"tool":false,"touchDistance":-0.555212,"touchZone":"hovering","type":1,"width":19.2893},{"bases":[[[0.953899,0.0410453,-0.297307],[0.116957,0.861455,0.494182],[0.276401,-0.506172,0.816941]],[[0.955892,0.0373488,-0.291335],[-0.202639,0.801881,-0.562072],[0.212623,0.596316,0.774079]],[[0.955892,0.0373488,-0.291335],[-0.290603,-0.0238401,-0.956547],[-0.0426714,0.999018,-0.0119349]],[[0.955892,0.0373488,-0.291335],[-0.239192,-0.476671,-0.845915],[-0.170465,0.878288,-0.446712]]],"btipPosition":[42.7779,227.152,-23.569],"carpPosition":[67.824,265.387,61.7674],"dipPosition":[39.5834,243.611,-31.9404],"direction":[0.0426714,-0.999018,0.0119349],"extended":false,"handId":722,"id":7222,"length":66.821,"mcpPosition":[48.5935,300.604,4.92881],"pipPosition":[38.3733,271.941,-32.2789],"stabilizedTipPosition":[31.0779,213.419,-0.805279],"timeVisible":0.262048,"tipPosition":[42.5632,230.362,-23.9993],"tipVelocity":[126.128,205.998,-285.147],"tool":false,"touchDistance":0.333333,"touchZone":"none","type":2,"width":18.9446},{"bases":[[[0.972628,-0.0989472,-0.210249],[0.193561,0.845612,0.497469],[0.128566,-0.524548,0.841618]],[[0.975884,-0.113793,-0.186282],[-0.0231476,0.794618,-0.606668],[0.217057,0.59635,0.772822]],[[0.975884,-0.113793,-0.186282],[-0.190628,-0.0284892,-0.981249],[0.106352,0.993096,-0.0494942]],[[0.975884,-0.113793,-0.186282],[-0.218097,-0.472597,-0.853865],[0.00912747,0.873901,-0.486018]]],"btipPosition":[58.5215,229.554,-18.6656],"carpPosition":[79.3318,267.075,57.9183],"dipPosition":[58.6916,245.837,-27.7212],"direction":[-0.106352,-0.993096,0.0494942],"extended":false,"handId":722,"id":7223,"length":64.2502,"mcpPosition":[71.3008,299.842,5.34526],"pipPosition":[61.6296,273.271,-29.0885],"stabilizedTipPosition":[48.7597,217.699,-0.377646],"timeVisible":0.262048,"tipPosition":[58.9676,232.75,-19.1852],"tipVelocity":[126.134,212.498,-268.271],"tool":false,"touchDistance":0.333333,"touchZone":"none","type":3,"width":18.027},{"bases":[[[0.935529,-0.297343,-0.190715],[0.353077,0.770241,0.531099],[-0.0110225,-0.564195,0.825568]],[[0.930001,-0.350915,-0.109345],[0.2199,0.769583,-0.599488],[0.294519,0.533479,0.79288]],[[0.930001,-0.350915,-0.109345],[-0.115298,0.00395309,-0.993323],[0.349005,0.936399,-0.0367836]],[[0.930001,-0.350915,-0.109345],[-0.259789,-0.417115,-0.870933],[0.260014,0.838375,-0.479082]]],"btipPosition":[70.2632,242.861,-14.2891],"carpPosition":[91.2876,261.723,52.4547],"dipPosition":[74.7326,257.272,-22.5241],"direction":[-0.349005,-0.936399,0.0367836],"extended":false,"handId":722,"id":7224,"length":50.3709,"mcpPosition":[91.925,294.347,4.71648],"pipPosition":[81.5398,275.536,-23.2415],"stabilizedTipPosition":[62.2769,230.722,3.1005],"timeVisible":0.262048,"tipPosition":[71.5327,245.646,-14.7334],"tipVelocity":[116.584,222.349,-263.949],"tool":false,"touchDistance":0.333333,"touchZone":"none","type":4,"width":16.013}],"r":[[0.956436,0.0590812,0.285901],[-0.0529845,0.998174,-0.0290208],[-0.287093,0.0126082,0.95782]],"s":0.980597,"t":[57.856,80.8101,-100.079],"timestamp":524106943882},false],[4,{"currentFrameRate":96.131,"devices":[],"gestures":[],"hands":[{"armBasis":[[0.906909,0.220763,-0.358858],[-0.0777553,0.924802,0.372418],[0.414089,-0.309846,0.855877]],"armWidth":63.5437,"confidence":0.63143,"direction":[-0.251584,0.63131,-0.733589],"elbow":[190.282,169.981,290.317],"grabStrength":0,"id":722,"palmNormal":[-0.00563304,-0.758911,-0.65117],"palmPosition":[57.858,282.921,19.0384],"palmVelocity":[61.224,184.036,-220.993],"palmWidth":90.7382,"pinchStrength":0.680673,"r":[[0.954522,0.0647233,0.29103],[-0.0584504,0.997833,-0.0302061],[-0.292355,0.0118215,0.956237]],"s":0.98148,"sphereCenter":[57.6564,257.992,-26.3697],"sphereRadius":47.6472,"stabilizedPalmPosition":[51.8127,268.755,36.5897],"t":[58.2097,82.0937,-101.504],"timeVisible":0.270894,"type":"right","wrist":[78.7872,253.408,59.8695]}],"id":4316098,"interactionBox":{"center":[0,200,0],"size":[235.247,235.247,147.751]},"pointables":[{"bases":[[[0.345394,0.866239,0.361016],[-0.678191,-0.0355012,0.734027],[0.64866,-0.498367,0.575214]],[[0.193998,0.954752,0.225418],[-0.786644,0.0141077,0.617246],[0.586137,-0.297068,0.753787]],[[0.193998,0.954752,0.225418],[-0.978027,0.170354,0.120176],[0.0763376,-0.243779,0.966822]],[[0.193998,0.954752,0.225418],[-0.935205,0.249382,-0.251398],[-0.296238,-0.162041,0.941268]]],"btipPosition":[27.2115,265.398,-31.4756],"carpPosition":[52.0708,238.54,60.8888],"dipPosition":[20.2976,261.617,-9.50747],"direction":[-0.0763376,0.243779,-0.966822],"extended":false,"handId":722,"id":7220,"length":51.9721,"mcpPosition":[52.0708,238.54,60.8888],"pipPosition":[22.8932,253.328,23.3657],"stabilizedTipPosition":[16.4966,247.155,-10.6652],"timeVisible":0.270894,"tipPosition":[25.3239,262.53,-26.6385],"tipVelocity":[147.209,303.485,-200.767],"tool":false,"touchDistance":-0.461226,"touchZone":"hovering","type":0,"width":20.194},{"bases":[[[0.911838,0.263423,-0.314896],[-0.0553247,0.838857,0.541533],[0.406805,-0.476369,0.779475]],[[0.944678,0.219591,-0.243644],[-0.116636,0.91917,0.376195],[0.306559,-0.326965,0.893932]],[[0.944678,0.219591,-0.243644],[-0.160019,0.956975,0.242062],[0.286316,-0.189683,0.939172]],[[0.944678,0.219591,-0.243644],[-0.190388,0.971984,0.13784],[0.267086,-0.0838278,0.96002]]],"btipPosition":[2.84854,316.317,-70.2868],"carpPosition":[57.2802,261.359,64.1938],"dipPosition":[7.39925,314.889,-53.9297],"direction":[-0.286316,0.189683,-0.939172],"extended":true,"handId":722,"id":7221,"length":58.6448,"mcpPosition":[27.4345,296.308,7.0068],"pipPosition":[14.3005,310.317,-31.2924],"stabilizedTipPosition":[-5.0696,300.354,-42.6295],"timeVisible":0.270894,"tipPosition":[4.60939,315.043,-66.9183],"tipVelocity":[63.1212,168.33,-237.015],"tool":false,"touchDistance":-0.540976,"touchZone":"hovering","type":1,"width":19.2893},{"bases":[[[0.954397,0.0497515,-0.294365],[0.108574,0.860653,0.497482],[0.278096,-0.506756,0.816003]],[[0.956515,0.0458385,-0.288057],[-0.206608,0.803582,-0.558183],[0.205892,0.593426,0.77811]],[[0.956515,0.0458385,-0.288057],[-0.287389,-0.0206971,-0.95759],[-0.0498564,0.998734,-0.00662365]],[[0.956515,0.0458385,-0.288057],[-0.232935,-0.474347,-0.848962],[-0.175554,0.879144,-0.443043]]],"btipPosition":[43.4821,228.199,-24.8542],"carpPosition":[68.0235,266.263,60.8301],"dipPosition":[40.1922,244.674,-33.1568],"direction":[0.0498564,-0.998734,0.00662365],"extended":false,"handId":722,"id":7222,"length":66.821,"mcpPosition":[48.675,301.52,4.05675],"pipPosition":[38.7784,272.996,-33.3446],"stabilizedTipPosition":[32.0911,215.035,-3.06354],"timeVisible":0.270894,"tipPosition":[43.2351,231.416,-25.3019],"tipVelocity":[112.87,182.397,-246.817],"tool":false,"touchDistance":0.333333,"touchZone":"none","type":2,"width":18.9446},{"bases":[[[0.974001,-0.0903863,-0.207734],[0.185293,0.845415,0.500939],[0.130343,-0.526406,0.840183]],[[0.97737,-0.105608,-0.183291],[-0.0270717,0.796895,-0.60351],[0.209799,0.594815,0.776002]],[[0.97737,-0.105608,-0.183291],[-0.187023,-0.0265145,-0.981998],[0.0988471,0.994054,-0.0456657]],[[0.97737,-0.105608,-0.183291],[-0.211502,-0.471696,-0.85602],[0.00394515,0.875414,-0.483358]]],"btipPosition":[59.2344,230.665,-19.7707],"carpPosition":[79.5285,268.057,57.0206],"dipPosition":[59.3079,246.976,-28.7768],"direction":[-0.0988471,-0.994054,0.0456657],"extended":false,"handId":722,"id":7223,"length":64.2502,"mcpPosition":[71.3864,300.94,4.53719],"pipPosition":[62.0386,274.437,-30.0383],"stabilizedTipPosition":[49.8862,219.494,-2.68228],"timeVisible":0.270894,"tipPosition":[59.6505,233.868,-20.3138],"tipVelocity":[113.131,189.187,-229.135],"tool":false,"touchDistance":0.333333,"touchZone":"none","type":3,"width":18.027},{"bases":[[[0.938446,-0.289141,-0.18899],[0.345313,0.771215,0.534777],[-0.00887377,-0.56712,0.823587]],[[0.932892,-0.344206,-0.105993],[0.217737,0.77344,-0.595299],[0.286885,0.532271,0.796483]],[[0.932892,-0.344206,-0.105993],[-0.110405,0.00681746,-0.993863],[0.342817,0.938869,-0.0316422]],[[0.932892,-0.344206,-0.105993],[-0.252773,-0.41611,-0.873475],[0.256551,0.84165,-0.475192]]],"btipPosition":[70.8436,244.065,-15.3497],"carpPosition":[91.5428,262.82,51.5737],"dipPosition":[75.2535,258.532,-23.5179],"direction":[-0.342817,-0.938869,0.0316422],"extended":false,"handId":722,"id":7224,"length":50.3709,"mcpPosition":[92.0559,295.613,3.95003],"pipPosition":[81.94,276.845,-24.135],"stabilizedTipPosition":[63.3767,232.636,0.766825],"timeVisible":0.270894,"tipPosition":[72.0972,246.863,-15.8132],"tipVelocity":[102.373,199.41,-224.502],"tool":false,"touchDistance":0.333333,"touchZone":"none","type":4,"width":16.013}],"r":[[0.954522,0.0647233,0.29103],[-0.0584504,0.997833,-0.0302061],[-0.292355,0.0118215,0.956237]],"s":0.98148,"t":[58.2097,82.0937,-101.504],"timestamp":524106952728},false],[5,{"currentFrameRate":96.7439,"devices":[],"gestures":[],"hands":[{"armBasis":[[0.907557,0.226882,-0.353361],[-0.087174,0.924941,0.36998],[0.41078,-0.304974,0.859215]],"armWidth":63.5437,"confidence":0.637137,"direction":[-0.252262,0.632779,-0.732089],"elbow":[189.436,172.3,290.106],"grabStrength":0,"id":722,"palmNormal":[0.0024519,-0.756136,-0.65441],"palmPosition":[57.9028,283.965,17.9552],"palmVelocity":[45.6239,164.834,-192.747],"palmWidth":90.7382,"pinchStrength":0.675398,"r":[[0.952576,0.0702364,0.296085],[-0.064103,0.997481,-0.030385],[-0.297473,0.00996405,0.954678]],"s":0.982497,"sphereCenter":[57.6563,259.251,-27.4482],"sphereRadius":47.5644,"stabilizedPalmPosition":[52.4616,270.376,34.6041],"t":[58.409,83.2574,-102.758],"timeVisible":0.279992,"type":"right","wrist":[78.8325,254.415,58.7596]}],"id":4316099,"interactionBox":{"center":[0,200,0],"size":[235.247,235.247,147.751]},"pointables":[{"bases":[[[0.337965,0.866936,0.366337],[-0.681411,-0.0430989,0.730631],[0.649199,-0.496553,0.576174]],[[0.190127,0.953571,0.233569],[-0.788611,0.00663311,0.614856],[0.58476,-0.301096,0.753258]],[[0.190127,0.953571,0.233569],[-0.979234,0.16714,0.114741],[0.0703747,-0.250534,0.965546]],[[0.190127,0.953571,0.233569],[-0.933563,0.249229,-0.257574],[-0.303827,-0.16908,0.937604]]],"btipPosition":[27.7992,266.821,-32.6207],"carpPosition":[52.2101,239.368,59.5884],"dipPosition":[20.7082,262.875,-10.7381],"direction":[-0.0703747,0.250534,-0.965546],"extended":false,"handId":722,"id":7220,"length":51.9721,"mcpPosition":[52.2101,239.368,59.5884],"pipPosition":[23.1011,254.356,22.0917],"stabilizedTipPosition":[18.5304,251.1,-14.2238],"timeVisible":0.279992,"tipPosition":[25.8576,263.989,-27.8402],"tipVelocity":[123.077,261.564,-180.61],"tool":false,"touchDistance":-0.460909,"touchZone":"hovering","type":0,"width":20.194},{"bases":[[[0.911563,0.270754,-0.309426],[-0.0634153,0.836149,0.544825],[0.40624,-0.47702,0.779372]],[[0.943855,0.227604,-0.239446],[-0.123689,0.915551,0.382712],[0.306331,-0.331608,0.892299]],[[0.943855,0.227604,-0.239446],[-0.167038,0.954121,0.248498],[0.285019,-0.194549,0.938571]],[[0.943855,0.227604,-0.239446],[-0.197313,0.96971,0.14398],[0.264963,-0.0886505,0.960175]]],"btipPosition":[2.94033,317.611,-71.376],"carpPosition":[57.2533,262.207,63.0152],"dipPosition":[7.45486,316.1,-55.0163],"direction":[-0.285019,0.194549,-0.938571],"extended":true,"handId":722,"id":7221,"length":58.6448,"mcpPosition":[27.4491,297.204,5.83578],"pipPosition":[14.3248,311.411,-32.3934],"stabilizedTipPosition":[-4.41351,301.58,-44.4411],"timeVisible":0.279992,"tipPosition":[4.69862,316.316,-68.0141],"tipVelocity":[48.1719,160.508,-204.492],"tool":false,"touchDistance":-0.53154,"touchZone":"hovering","type":1,"width":19.2893},{"bases":[[[0.955432,0.0572806,-0.289601],[0.100543,0.859209,0.501648],[0.277562,-0.508408,0.815157]],[[0.957612,0.0532302,-0.2831],[-0.208929,0.804929,-0.555372],[0.198313,0.590979,0.781931]],[[0.957612,0.0532302,-0.2831],[-0.282496,-0.018705,-0.959086],[-0.0563477,0.998407,-0.00287485]],[[0.957612,0.0532302,-0.2831],[-0.225524,-0.472889,-0.851772],[-0.179215,0.879513,-0.440839]]],"btipPosition":[44.0926,229.366,-26.2331],"carpPosition":[67.9799,267.195,59.7236],"dipPosition":[40.7341,245.848,-34.4944],"direction":[0.0563477,-0.998407,0.00287485],"extended":false,"handId":722,"id":7222,"length":66.821,"mcpPosition":[48.6685,302.568,3.00914],"pipPosition":[39.1362,274.161,-34.5759],"stabilizedTipPosition":[33.098,216.66,-5.31154],"timeVisible":0.279992,"tipPosition":[43.8153,232.586,-26.7082],"tipVelocity":[99.7057,167.452,-220.131],"tool":false,"touchDistance":0.333333,"touchZone":"none","type":2,"width":18.9446},{"bases":[[[0.975548,-0.0830951,-0.203474],[0.177344,0.844461,0.505405],[0.129829,-0.529132,0.838549]],[[0.978955,-0.0986771,-0.178634],[-0.0289452,0.799341,-0.60018],[0.202014,0.59272,0.779662]],[[0.978955,-0.0986771,-0.178634],[-0.181824,-0.0242607,-0.983032],[0.0926689,0.994824,-0.0416919]],[[0.978955,-0.0986771,-0.178634],[-0.204076,-0.470455,-0.858502],[0.000675123,0.876889,-0.480692]]],"btipPosition":[59.8072,231.904,-21.0352],"carpPosition":[79.4907,269.081,55.9766],"dipPosition":[59.8198,248.242,-29.9916],"direction":[-0.0926689,-0.994824,0.0416919],"extended":false,"handId":722,"id":7223,"length":64.2502,"mcpPosition":[71.3807,302.134,3.59529],"pipPosition":[62.3798,275.725,-31.1433],"stabilizedTipPosition":[51.0002,221.309,-4.97362],"timeVisible":0.279992,"tipPosition":[60.195,235.118,-21.6179],"tipVelocity":[98.8009,174.69,-203.804],"tool":false,"touchDistance":0.333333,"touchZone":"none","type":3,"width":18.027},{"bases":[[[0.941215,-0.282157,-0.185745],[0.337687,0.771169,0.53969],[-0.00903635,-0.570688,0.821117]],[[0.935438,-0.338621,-0.101449],[0.21709,0.77681,-0.591132],[0.278977,0.530944,0.800169]],[[0.935438,-0.338621,-0.101449],[-0.104639,0.00887544,-0.994471],[0.337649,0.940881,-0.0271304]],[[0.935438,-0.338621,-0.101449],[-0.245426,-0.415601,-0.875809],[0.254405,0.844163,-0.471875]]],"btipPosition":[71.2916,245.362,-16.4908],"carpPosition":[91.5649,263.946,50.5648],"dipPosition":[75.6646,259.873,-24.6019],"direction":[-0.337649,-0.940881,0.0271304],"extended":false,"handId":722,"id":7224,"length":50.3709,"mcpPosition":[92.0875,296.946,3.08396],"pipPosition":[82.2504,278.224,-25.1311],"stabilizedTipPosition":[64.4574,234.582,-1.54984],"timeVisible":0.279992,"tipPosition":[72.5304,248.176,-16.9986],"tipVelocity":[87.3933,183.964,-196.645],"tool":false,"touchDistance":0.333333,"touchZone":"none","type":4,"width":16.013}],"r":[[0.952576,0.0702364,0.296085],[-0.064103,0.997481,-0.030385],[-0.297473,0.00996405,0.954678]],"s":0.982497,"t":[58.409,83.2574,-102.758],"timestamp":524106961826},false],[6,{"currentFrameRate":97.3771,"devices":[],"gestures":[],"hands":[{"armBasis":[[0.908032,0.232016,-0.348778],[-0.0946546,0.924712,0.368712],[0.408066,-0.301789,0.86163]],"armWidth":63.5437,"confidence":0.640725,"direction":[-0.253403,0.633417,-0.731143],"elbow":[188.831,174.27,289.81],"grabStrength":0,"id":722,"palmNormal":[0.00900067,-0.754236,-0.656542],"palmPosition":[57.9981,285.074,17.0228],"palmVelocity":[36.0063,153.413,-168.278],"palmWidth":90.7382,"pinchStrength":0.673107,"r":[[0.950686,0.0755573,0.300809],[-0.0697455,0.997113,-0.0300291],[-0.30221,0.00756818,0.953211]],"s":0.983557,"sphereCenter":[57.6796,260.527,-28.3547],"sphereRadius":47.4973,"stabilizedPalmPosition":[53.0479,271.932,32.7424],"t":[58.5563,84.3937,-103.851],"timeVisible":0.28899,"type":"right","wrist":[78.9584,255.528,57.8142]}],"id":4316100,"interactionBox":{"center":[0,200,0],"size":[235.247,235.247,147.751]},"pointables":[{"bases":[[[0.331749,0.867804,0.369945],[-0.683624,-0.0490848,0.728182],[0.650078,-0.494477,0.576967]],[[0.186275,0.952957,0.239113],[-0.790015,0.000590499,0.613088],[0.584105,-0.303105,0.75296]],[[0.186275,0.952957,0.239113],[-0.980245,0.163789,0.110871],[0.0664911,-0.255041,0.964641]],[[0.186275,0.952957,0.239113],[-0.932672,0.248031,-0.261925],[-0.30891,-0.174224,0.934998]]],"btipPosition":[28.2924,268.152,-33.593],"carpPosition":[52.42,240.326,58.5096],"dipPosition":[21.0828,264.086,-11.7713],"direction":[-0.0664911,0.255041,-0.964641],"extended":false,"handId":722,"id":7220,"length":51.9721,"mcpPosition":[52.42,240.326,58.5096],"pipPosition":[23.3436,255.415,21.0277],"stabilizedTipPosition":[20.3419,254.703,-17.4316],"timeVisible":0.28899,"tipPosition":[26.3204,265.359,-28.8482],"tipVelocity":[103.503,229.537,-161.121],"tool":false,"touchDistance":-0.457947,"touchZone":"hovering","type":0,"width":20.194},{"bases":[[[0.91104,0.276847,-0.305552],[-0.07005,0.834211,0.546978],[0.406324,-0.476915,0.779392]],[[0.942935,0.234307,-0.236589],[-0.129254,0.912371,0.388424],[0.306868,-0.335678,0.890591]],[[0.942935,0.234307,-0.236589],[-0.172616,0.951564,0.254419],[0.284742,-0.199061,0.937708]],[[0.942935,0.234307,-0.236589],[-0.202861,0.967676,0.149834],[0.264049,-0.093289,0.959987]]],"btipPosition":[3.00077,318.942,-72.2771],"carpPosition":[57.3207,263.183,62.0184],"dipPosition":[7.49972,317.352,-55.9206],"direction":[-0.284742,0.199061,-0.937708],"extended":true,"handId":722,"id":7221,"length":58.6448,"mcpPosition":[27.5103,298.173,4.83751],"pipPosition":[14.363,312.554,-33.3185],"stabilizedTipPosition":[-3.78311,302.848,-46.2373],"timeVisible":0.28899,"tipPosition":[4.7519,317.614,-68.9232],"tipVelocity":[36.6819,156.504,-175.868],"tool":false,"touchDistance":-0.520247,"touchZone":"hovering","type":1,"width":19.2893},{"bases":[[[0.956064,0.0635725,-0.286184],[0.0939184,0.858332,0.504425],[0.277708,-0.50914,0.81465]],[[0.958345,0.0593258,-0.279382],[-0.211009,0.806296,-0.552596],[0.192482,0.58853,0.785228]],[[0.958345,0.0593258,-0.279382],[-0.278794,-0.0181326,-0.96018],[-0.0620293,0.998074,-0.00083762]],[[0.958345,0.0593258,-0.279382],[-0.219356,-0.473569,-0.853003],[-0.182912,0.878756,-0.44083]]],"btipPosition":[44.6428,230.606,-27.3603],"carpPosition":[68.0296,268.242,58.7775],"dipPosition":[41.215,247.074,-35.6215],"direction":[0.0620293,-0.998074,0.00083762],"extended":false,"handId":722,"id":7222,"length":66.821,"mcpPosition":[48.708,303.666,2.09834],"pipPosition":[39.456,275.377,-35.6452],"stabilizedTipPosition":[34.0761,218.272,-7.4891],"timeVisible":0.28899,"tipPosition":[44.3318,233.815,-27.8915],"tipVelocity":[88.6351,159.205,-194.09],"tool":false,"touchDistance":0.333333,"touchZone":"none","type":2,"width":18.9446},{"bases":[[[0.976691,-0.0769315,-0.200388],[0.17079,0.844013,0.508402],[0.130018,-0.530776,0.83748]],[[0.980143,-0.0927697,-0.175254],[-0.0311018,0.80095,-0.597922],[0.195839,0.5915,0.78216]],[[0.980143,-0.0927697,-0.175254],[-0.178066,-0.0228917,-0.983752],[0.0872506,0.995424,-0.0389563]],[[0.980143,-0.0927697,-0.175254],[-0.198277,-0.46979,-0.860223],[-0.00252979,0.87789,-0.478855]]],"btipPosition":[60.3313,233.15,-22.091],"carpPosition":[79.542,270.205,55.0751],"dipPosition":[60.2841,249.507,-31.0132],"direction":[-0.0872506,-0.995424,0.0389563],"extended":false,"handId":722,"id":7223,"length":64.2502,"mcpPosition":[71.4202,303.361,2.76055],"pipPosition":[62.6945,277.006,-32.0894],"stabilizedTipPosition":[52.0707,223.101,-7.1754],"timeVisible":0.28899,"tipPosition":[60.6961,236.372,-22.7013],"tipVelocity":[87.2472,164.871,-179.827],"tool":false,"touchDistance":0.333333,"touchZone":"none","type":3,"width":18.027},{"bases":[[[0.94344,-0.276237,-0.183342],[0.331433,0.771542,0.543024],[-0.00854739,-0.573076,0.819458]],[[0.937541,-0.333801,-0.0979523],[0.216082,0.779454,-0.588014],[0.272629,0.530121,0.802898]],[[0.937541,-0.333801,-0.0979523],[-0.10023,0.0104384,-0.99491],[0.333124,0.942586,-0.0236703]],[[0.937541,-0.333801,-0.0979523],[-0.239559,-0.415329,-0.877561],[0.252248,0.846214,-0.469353]]],"btipPosition":[71.7113,246.669,-17.4769],"carpPosition":[91.6637,265.155,49.6899],"dipPosition":[76.0472,261.215,-25.5446],"direction":[-0.333124,-0.942586,0.0236703],"extended":false,"handId":722,"id":7224,"length":50.3709,"mcpPosition":[92.158,298.293,2.30496],"pipPosition":[82.5447,279.6,-26.0063],"stabilizedTipPosition":[65.4906,236.514,-3.77649],"timeVisible":0.28899,"tipPosition":[72.9384,249.493,-18.0077],"tipVelocity":[75.9455,173.588,-172.441],"tool":false,"touchDistance":0.333333,"touchZone":"none","type":4,"width":16.013}],"r":[[0.950686,0.0755573,0.300809],[-0.0697455,0.997113,-0.0300291],[-0.30221,0.