{"sensorType":"Leap","data":[[0,{"currentFrameRate":101.169,"devices":[],"gestures":[],"hands":[{"armBasis":[[0.897267,-0.00717464,-0.441429],[0.165974,0.932002,0.322218],[0.409101,-0.362382,0.837446]],"armWidth":63.5437,"confidence":0.684867,"direction":[-0.0452134,0.649684,-0.758858],"elbow":[167.209,100.807,295.398],"grabStrength":0,"id":716,"palmNormal":[-0.194514,-0.750821,-0.631214],"palmPosition":[46.336,231.036,27.5481],"palmVelocity":[24.9995,53.6813,-117.254],"palmWidth":90.7382,"pinchStrength":0.721821,"r":[[0.921279,-0.00893893,0.3888],[-0.0485059,0.989288,0.137682],[-0.385866,-0.145703,0.910977]],"s":0.899558,"sphereCenter":[45.4551,209.271,-16.4915],"sphereRadius":48.4616,"stabilizedPalmPosition":[42.237,224.395,38.7976],"t":[62.0497,66.3246,-97.4992],"timeVisible":0.443265,"type":"right","wrist":[57.0573,198.38,69.9136]}],"id":4313435,"interactionBox":{"center":[0,200,0],"size":[235.247,235.247,147.751]},"pointables":[{"bases":[[[0.559448,0.750416,0.351985],[-0.683948,0.178055,0.707468],[0.468223,-0.636531,0.612859]],[[0.359031,0.926343,0.113953],[-0.777591,0.22936,0.585445],[0.516187,-0.298802,0.802664]],[[0.359031,0.926343,0.113953],[-0.917175,0.327564,0.226916],[0.172876,-0.185985,0.967225]],[[0.359031,0.926343,0.113953],[-0.835097,0.373363,-0.403995],[-0.416784,0.0498847,0.907636]]],"btipPosition":[5.41393,211.495,-23.7634],"carpPosition":[27.2601,191.461,70.2627],"dipPosition":[-4.31332,212.659,-2.58026],"direction":[-0.172876,0.185985,-0.967225],"extended":false,"handId":716,"id":7160,"length":51.9721,"mcpPosition":[27.2601,191.461,70.2627],"pipPosition":[1.56466,206.335,30.3066],"stabilizedTipPosition":[-6.957,203.549,-0.472725],"timeVisible":0.443265,"tipPosition":[2.7952,212.584,-19.0894],"tipVelocity":[37.2572,36.995,-113.37],"tool":false,"touchDistance":-0.412605,"touchZone":"hovering","type":0,"width":20.194},{"bases":[[[0.958355,-0.00829583,-0.285458],[0.161346,0.840486,0.517252],[0.235632,-0.541769,0.806823]],[[0.98293,-0.089903,-0.160519],[0.153863,0.880041,0.449282],[0.100872,-0.466311,0.878851]],[[0.98293,-0.089903,-0.160519],[0.13136,0.953809,0.270172],[0.128816,-0.286646,0.949337]],[[0.98293,-0.089903,-0.160519],[0.110274,0.986278,0.122864],[0.147271,-0.138468,0.979356]]],"btipPosition":[11.2283,281.071,-63.2316],"carpPosition":[38.4516,212.077,73.1838],"dipPosition":[13.7376,278.712,-46.545],"direction":[-0.128816,0.286646,-0.949337],"extended":true,"handId":716,"id":7161,"length":58.6448,"mcpPosition":[21.1642,251.824,13.9904],"pipPosition":[16.8425,271.803,-23.6626],"stabilizedTipPosition":[8.89941,277.034,-52.9844],"timeVisible":0.443265,"tipPosition":[12.0608,280.5,-59.4583],"tipVelocity":[48.6794,56.7718,-126.271],"tool":false,"touchDistance":-0.420646,"touchZone":"hovering","type":1,"width":19.2893},{"bases":[[[0.939738,-0.224575,-0.257797],[0.326178,0.814886,0.479134],[0.102474,-0.534348,0.83903]],[[0.935974,-0.207346,-0.284536],[0.0150097,0.830946,-0.556151],[0.35175,0.516272,0.780856]],[[0.935974,-0.207346,-0.284536],[-0.34819,-0.425512,-0.835286],[0.05212,0.880878,-0.470465]],[[0.935974,-0.207346,-0.284536],[-0.292894,-0.907032,-0.302499],[-0.195361,0.36647,-0.909689]]],"btipPosition":[28.3742,194.235,4.60045],"carpPosition":[50.2283,213.721,70.1204],"dipPosition":[24.7132,201.103,-12.4471],"direction":[-0.05212,-0.880878,0.470465],"extended":false,"handId":716,"id":7162,"length":66.821,"mcpPosition":[43.0987,250.898,11.745],"pipPosition":[26.1912,226.083,-25.7884],"stabilizedTipPosition":[18.2857,184.289,21.9234],"timeVisible":0.443265,"tipPosition":[27.7532,195.805,1.16489],"tipVelocity":[17.5771,53.0754,-108.974],"tool":false,"touchDistance":0.333333,"touchZone":"none","type":2,"width":18.9446},{"bases":[[[0.917294,-0.361547,-0.166898],[0.395585,0.779309,0.485993],[-0.0456445,-0.511821,0.857879]],[[0.91807,-0.350339,-0.185501],[0.165376,0.763754,-0.623964],[0.360276,0.542165,0.759116]],[[0.91807,-0.350339,-0.185501],[-0.341046,-0.459482,-0.8201],[0.202078,0.816173,-0.541318]],[[0.91807,-0.350339,-0.185501],[-0.39011,-0.881593,-0.265721],[-0.0704445,0.316316,-0.946035]]],"btipPosition":[44.4225,191.526,11.8903],"carpPosition":[61.8936,212.152,66.7214],"dipPosition":[43.11,197.42,-5.73646],"direction":[-0.202078,-0.816173,0.541318],"extended":false,"handId":716,"id":7163,"length":64.2502,"mcpPosition":[64.7449,244.124,13.1326],"pipPosition":[48.6925,219.967,-20.6905],"stabilizedTipPosition":[39.2217,185.663,20.5381],"timeVisible":0.443265,"tipPosition":[44.3091,192.992,8.01378],"tipVelocity":[14.2389,50.1476,-112.516],"tool":false,"touchDistance":0.333333,"touchZone":"none","type":3,"width":18.027},{"bases":[[[0.82779,-0.542116,-0.144476],[0.527845,0.665288,0.527988],[-0.190112,-0.513325,0.836872]],[[0.814798,-0.572128,-0.0936699],[0.406782,0.679318,-0.610783],[0.413078,0.459561,0.786238]],[[0.814798,-0.572128,-0.0936699],[-0.368192,-0.385869,-0.845896],[0.447817,0.723723,-0.525058]],[[0.814798,-0.572128,-0.0936699],[-0.570852,-0.763566,-0.301819],[0.101156,0.299393,-0.948752]]],"btipPosition":[58.1155,197.845,12.3207],"carpPosition":[72.1613,203.629,61.8871],"dipPosition":[59.8543,202.991,-3.98752],"direction":[-0.447817,-0.723723,0.525058],"extended":false,"handId":716,"id":7164,"length":50.3709,"mcpPosition":[83.1545,233.312,13.4952],"pipPosition":[68.5888,217.107,-14.2286],"stabilizedTipPosition":[56.3372,193.885,17.3494],"timeVisible":0.443265,"tipPosition":[58.9501,198.67,8.78354],"tipVelocity":[9.26389,50.7185,-113.872],"tool":false,"touchDistance":0.333333,"touchZone":"none","type":4,"width":16.013}],"r":[[0.921279,-0.00893893,0.3888],[-0.0485059,0.989288,0.137682],[-0.385866,-0.145703,0.910977]],"s":0.899558,"t":[62.0497,66.3246,-97.4992],"timestamp":524080104429},false],[1,{"currentFrameRate":101.799,"devices":[],"gestures":[],"hands":[{"armBasis":[[0.899137,-0.0130351,-0.437474],[0.168231,0.933058,0.317963],[0.404044,-0.359489,0.84114]],"armWidth":63.5437,"confidence":0.661047,"direction":[-0.0430465,0.650254,-0.758496],"elbow":[165.93,101.764,295.586],"grabStrength":0,"id":716,"palmNormal":[-0.196717,-0.749854,-0.631682],"palmPosition":[46.5289,231.272,26.7576],"palmVelocity":[24.3126,46.7149,-110.522],"palmWidth":90.7382,"pinchStrength":0.723621,"r":[[0.920765,-0.0110049,0.389963],[-0.0462528,0.989472,0.137134],[-0.387366,-0.144305,0.910562]],"s":0.898996,"sphereCenter":[45.374,209.666,-17.2159],"sphereRadius":48.3743,"stabilizedPalmPosition":[42.3618,224.595,38.4475],"t":[62.2604,66.6834,-98.5006],"timeVisible":0.451876,"type":"right","wrist":[57.1404,198.558,69.1066]}],"id":4313436,"interactionBox":{"center":[0,200,0],"size":[235.247,235.247,147.751]},"pointables":[{"bases":[[[0.561703,0.748476,0.352524],[-0.683534,0.179772,0.707434],[0.466124,-0.63833,0.612587]],[[0.361234,0.9255,0.113843],[-0.776944,0.231222,0.585572],[0.515624,-0.299978,0.802586]],[[0.361234,0.9255,0.113843],[-0.916511,0.3299,0.226214],[0.171804,-0.186055,0.967402]],[[0.361234,0.9255,0.113843],[-0.832341,0.37507,-0.408082],[-0.420379,0.052657,0.905819]]],"btipPosition":[5.62399,211.762,-24.5401],"carpPosition":[27.3219,191.732,69.4459],"dipPosition":[-4.18716,212.991,-3.39932],"direction":[-0.171804,0.186055,-0.967402],"extended":false,"handId":716,"id":7160,"length":51.9721,"mcpPosition":[27.3219,191.732,69.4459],"pipPosition":[1.65439,206.664,29.4936],"stabilizedTipPosition":[-6.76426,203.708,-0.831242],"timeVisible":0.451876,"tipPosition":[2.99031,212.866,-19.8725],"tipVelocity":[33.2629,35.857,-107.541],"tool":false,"touchDistance":-0.411474,"touchZone":"hovering","type":0,"width":20.194},{"bases":[[[0.958382,-0.0111059,-0.285273],[0.163849,0.839687,0.517764],[0.23379,-0.542958,0.80656]],[[0.982618,-0.0924924,-0.160954],[0.156677,0.878239,0.451827],[0.0995657,-0.469191,0.877466]],[[0.982618,-0.0924924,-0.160954],[0.134271,0.952834,0.272174],[0.128188,-0.289055,0.948691]],[[0.982618,-0.0924924,-0.160954],[0.113135,0.985786,0.124203],[0.147179,-0.140253,0.979116]]],"btipPosition":[11.5612,281.604,-63.9361],"carpPosition":[38.5766,212.311,72.3809],"dipPosition":[14.0688,279.214,-47.2536],"direction":[-0.128188,0.289055,-0.948691],"extended":true,"handId":716,"id":7161,"length":58.6448,"mcpPosition":[21.4244,252.145,13.2068],"pipPosition":[17.1586,272.247,-24.3869],"stabilizedTipPosition":[9.10422,277.288,-53.4344],"timeVisible":0.451876,"tipPosition":[12.3904,280.977,-60.1831],"tipVelocity":[46.0178,57.914,-114.545],"tool":false,"touchDistance":-0.417497,"touchZone":"hovering","type":1,"width":19.2893},{"bases":[[[0.939088,-0.227342,-0.25774],[0.328609,0.813596,0.479664],[0.100648,-0.535142,0.838745]],[[0.935414,-0.210215,-0.284272],[0.0176835,0.830851,-0.556213],[0.353112,0.515263,0.780907]],[[0.935414,-0.210215,-0.284272],[-0.349259,-0.424451,-0.83538],[0.0549498,0.88071,-0.470457]],[[0.935414,-0.210215,-0.284272],[-0.29564,-0.906034,-0.30282],[-0.193903,0.367304,-0.909664]]],"btipPosition":[28.4588,194.527,3.81753],"carpPosition":[50.359,213.92,69.3208],"dipPosition":[24.8251,201.411,-13.2296],"direction":[-0.0549498,-0.88071,0.470457],"extended":false,"handId":716,"id":7162,"length":66.821,"mcpPosition":[43.3564,251.153,10.9652],"pipPosition":[26.3833,226.385,-26.5706],"stabilizedTipPosition":[18.4689,184.521,21.4912],"timeVisible":0.451876,"tipPosition":[27.8374,196.105,0.357297],"tipVelocity":[15.7201,48.118,-104.197],"tool":false,"touchDistance":0.333333,"touchZone":"none","type":2,"width":18.9446},{"bases":[[[0.916202,-0.364295,-0.166923],[0.397904,0.777801,0.486517],[-0.047403,-0.512167,0.857577]],[[0.917014,-0.353102,-0.185482],[0.167818,0.763446,-0.623688],[0.361831,0.540803,0.759348]],[[0.917014,-0.353102,-0.185482],[-0.342318,-0.458082,-0.820353],[0.204702,0.815769,-0.540941]],[[0.917014,-0.353102,-0.185482],[-0.392799,-0.880226,-0.266291],[-0.0692384,0.31705,-0.945878]]],"btipPosition":[44.4946,191.771,11.0873],"carpPosition":[62.0201,212.317,65.9232],"dipPosition":[43.2045,197.678,-6.53655],"direction":[-0.204702,-0.815769,0.540941],"extended":false,"handId":716,"id":7163,"length":64.2502,"mcpPosition":[64.9812,244.31,12.3532],"pipPosition":[48.8594,220.214,-21.4802],"stabilizedTipPosition":[39.322,185.814,20.2659],"timeVisible":0.451876,"tipPosition":[44.3843,193.24,7.20481],"tipVelocity":[12.8444,44.4955,-107.401],"tool":false,"touchDistance":0.333333,"touchZone":"none","type":3,"width":18.027},{"bases":[[[0.826133,-0.544599,-0.144623],[0.529801,0.663346,0.528472],[-0.19187,-0.51321,0.836541]],[[0.812154,-0.57634,-0.0907662],[0.412088,0.676773,-0.61005],[0.413024,0.458051,0.787147]],[[0.812154,-0.57634,-0.0907662],[-0.367397,-0.384338,-0.846938],[0.453239,0.721191,-0.523887]],[[0.812154,-0.57634,-0.0907662],[-0.573784,-0.760794,-0.303256],[0.105724,0.298371,-0.948576]]],"btipPosition":[58.1357,198.094,11.4809],"carpPosition":[72.2622,203.765,61.0861],"dipPosition":[59.953,203.223,-4.8243],"direction":[-0.453239,-0.721191,0.523887],"extended":false,"handId":716,"id":7164,"length":50.3709,"mcpPosition":[83.3571,233.441,12.7133],"pipPosition":[68.7933,217.29,-15.0425],"stabilizedTipPosition":[56.3939,194.023,17.1034],"timeVisible":0.451876,"tipPosition":[58.9936,198.914,7.94739],"tipVelocity":[7.98898,44.8408,-109.528],"tool":false,"touchDistance":0.333333,"touchZone":"none","type":4,"width":16.013}],"r":[[0.920765,-0.0110049,0.389963],[-0.0462528,0.989472,0.137134],[-0.387366,-0.144305,0.910562]],"s":0.898996,"t":[62.2604,66.6834,-98.5006],"timestamp":524080113040},false],[2,{"currentFrameRate":102.198,"devices":[],"gestures":[],"hands":[{"armBasis":[[0.899913,-0.0156841,-0.435787],[0.169753,0.933124,0.316961],[0.401672,-0.359213,0.842393]],"armWidth":63.5437,"confidence":0.664297,"direction":[-0.0407111,0.651551,-0.757511],"elbow":[165.378,101.977,295.207],"grabStrength":0,"id":716,"palmNormal":[-0.197783,-0.748393,-0.633079],"palmPosition":[46.7368,231.502,26.0818],"palmVelocity":[23.9606,40.8751,-100.72],"palmWidth":90.7382,"pinchStrength":0.723722,"r":[[0.920259,-0.0132093,0.391088],[-0.0440175,0.989593,0.137],[-0.388827,-0.143291,0.910099]],"s":0.898725,"sphereCenter":[45.4146,210.083,-17.8626],"sphereRadius":48.3113,"stabilizedPalmPosition":[42.4703,224.766,38.1408],"t":[62.4697,66.9778,-99.3391],"timeVisible":0.460899,"type":"right","wrist":[57.2262,198.696,68.3903]}],"id":4313437,"interactionBox":{"center":[0,200,0],"size":[235.247,235.247,147.751]},"pointables":[{"bases":[[[0.563066,0.746605,0.354313],[-0.683876,0.180249,0.706982],[0.463972,-0.640384,0.612077]],[[0.362869,0.924685,0.115257],[-0.777048,0.232,0.585127],[0.514318,-0.301885,0.80271]],[[0.362869,0.924685,0.115257],[-0.916188,0.331459,0.225244],[0.170077,-0.187331,0.967461]],[[0.362869,0.924685,0.115257],[-0.830927,0.377071,-0.409119],[-0.421766,0.0526869,0.905172]]],"btipPosition":[5.84969,212.107,-25.2923],"carpPosition":[27.3915,191.939,68.6867],"dipPosition":[-3.99384,213.336,-4.16662],"direction":[-0.170077,0.187331,-0.967461],"extended":false,"handId":716,"id":7160,"length":51.9721,"mcpPosition":[27.3915,191.939,68.6867],"pipPosition":[1.78899,206.967,28.7283],"stabilizedTipPosition":[-6.59798,203.847,-1.14616],"timeVisible":0.460899,"tipPosition":[3.22261,213.205,-20.6188],"tipVelocity":[30.766,36.52,-100.994],"tool":false,"touchDistance":-0.409995,"touchZone":"hovering","type":0,"width":20.194},{"bases":[[[0.958661,-0.0128915,-0.284259],[0.165248,0.838482,0.519269],[0.231652,-0.544776,0.80595]],[[0.982515,-0.0941652,-0.160615],[0.158433,0.875971,0.455603],[0.097792,-0.473083,0.875574]],[[0.982515,-0.0941652,-0.160615],[0.136227,0.951626,0.275408],[0.126911,-0.292473,0.947815]],[[0.982515,-0.0941652,-0.160615],[0.115143,0.985232,0.126731],[0.146309,-0.143009,0.978847]]],"btipPosition":[11.954,282.21,-64.4991],"carpPosition":[38.691,212.487,71.6665],"dipPosition":[14.4468,279.773,-47.8212],"direction":[-0.126911,0.292473,-0.947815],"extended":true,"handId":716,"id":7161,"length":58.6448,"mcpPosition":[21.6956,252.455,12.5371],"pipPosition":[17.5058,272.724,-24.9755],"stabilizedTipPosition":[9.3063,277.546,-53.8611],"timeVisible":0.460899,"tipPosition":[12.7748,281.52,-60.767],"tipVelocity":[45.2303,60.1299,-100.226],"tool":false,"touchDistance":-0.412541,"touchZone":"hovering","type":1,"width":19.2893},{"bases":[[[0.938833,-0.229125,-0.257089],[0.329987,0.812068,0.481305],[0.0984946,-0.536701,0.838004]],[[0.935257,-0.212074,-0.283405],[0.0202069,0.831332,-0.555408],[0.353392,0.513723,0.781795]],[[0.935257,-0.212074,-0.283405],[-0.349265,-0.422802,-0.836213],[0.057515,0.881058,-0.469499]],[[0.935257,-0.212074,-0.283405],[-0.297418,-0.904948,-0.304322],[-0.191928,0.368909,-0.909434]]],"btipPosition":[28.6069,194.824,3.09563],"carpPosition":[50.4804,214.074,68.6216],"dipPosition":[25.0102,201.737,-13.9472],"direction":[-0.057515,-0.881058,0.469499],"extended":false,"handId":716,"id":7162,"length":66.821,"mcpPosition":[43.6276,251.415,10.3175],"pipPosition":[26.6412,226.722,-27.2611],"stabilizedTipPosition":[18.6255,184.721,21.116],"timeVisible":0.460899,"tipPosition":[27.987,196.413,-0.387621],"tipVelocity":[16.1697,44.1279,-97.5099],"tool":false,"touchDistance":0.333333,"touchZone":"none","type":2,"width":18.9446},{"bases":[[[0.915529,-0.366168,-0.166514],[0.399191,0.7761,0.488175],[-0.049523,-0.51341,0.856713]],[[0.916388,-0.354956,-0.18504],[0.170156,0.76384,-0.622571],[0.362327,0.539031,0.760371]],[[0.916388,-0.354956,-0.18504],[-0.342533,-0.456143,-0.821343],[0.207136,0.816051,-0.539588]],[[0.916388,-0.354956,-0.18504],[-0.394568,-0.878875,-0.268132],[-0.0674523,0.318724,-0.945444]]],"btipPosition":[44.6257,192.021,10.361],"carpPosition":[62.1414,212.449,65.234],"dipPosition":[43.3689,197.959,-7.25482],"direction":[-0.207136,-0.816051,0.539588],"extended":false,"handId":716,"id":7163,"length":64.2502,"mcpPosition":[65.2349,244.52,11.7179],"pipPosition":[49.0911,220.503,-22.1611],"stabilizedTipPosition":[39.4053,185.939,20.034],"timeVisible":0.460899,"tipPosition":[44.5202,193.498,6.4719],"tipVelocity":[13.5426,40.0847,-99.9421],"tool":false,"touchDistance":0.333333,"touchZone":"none","type":3,"width":18.027},{"bases":[[[0.825017,-0.546296,-0.144596],[0.530776,0.661272,0.530092],[-0.19397,-0.514082,0.835521]],[[0.810133,-0.579577,-0.0881766],[0.416733,0.675121,-0.608724],[0.412332,0.456402,0.788466]],[[0.810133,-0.579577,-0.0881766],[-0.366116,-0.382709,-0.848229],[0.457868,0.719462,-0.522238]],[[0.810133,-0.579577,-0.0881766],[-0.575815,-0.75842,-0.305348],[0.110097,0.298146,-0.94815]]],"btipPosition":[58.2226,198.356,10.7621],"carpPosition":[72.3688,203.881,60.3943],"dipPosition":[60.1151,203.481,-5.53574],"direction":[-0.457868,-0.719462,0.522238],"extended":false,"handId":716,"id":7164,"length":50.3709,"mcpPosition":[83.585,233.607,12.0806],"pipPosition":[69.0456,217.514,-15.7218],"stabilizedTipPosition":[56.4409,194.137,16.894],"timeVisible":0.460899,"tipPosition":[59.1007,199.176,7.22317],"tipVelocity":[8.96742,40.4657,-101.258],"tool":false,"touchDistance":0.333333,"touchZone":"none","type":4,"width":16.013}],"r":[[0.920259,-0.0132093,0.391088],[-0.0440175,0.989593,0.137],[-0.388827,-0.143291,0.910099]],"s":0.898725,"t":[62.4697,66.9778,-99.3391],"timestamp":524080122063},false],[3,{"currentFrameRate":102.575,"devices":[],"gestures":[],"hands":[{"armBasis":[[0.90222,-0.0179769,-0.430901],[0.172143,0.9311,0.321588],[0.395431,-0.36432,0.843152]],"armWidth":63.5437,"confidence":0.669978,"direction":[-0.0385473,0.651688,-0.757507],"elbow":[163.87,100.859,294.593],"grabStrength":0,"id":716,"palmNormal":[-0.198963,-0.747897,-0.633296],"palmPosition":[47.0221,231.785,25.2563],"palmVelocity":[26.0638,38.2624,-98.1579],"palmWidth":90.7382,"pinchStrength":0.723942,"r":[[0.919773,-0.0154018,0.392147],[-0.041795,0.989703,0.1369],[-0.390218,-0.142307,0.909659]],"s":0.898653,"sphereCenter":[45.5208,210.49,-18.6252],"sphereRadius":48.2472,"stabilizedPalmPosition":[42.5633,224.91,37.8775],"t":[62.717,67.2668,-100.171],"timeVisible":0.469929,"type":"right","wrist":[57.399,198.953,67.5719]}],"id":4313438,"interactionBox":{"center":[0,200,0],"size":[235.247,235.247,147.751]},"pointables":[{"bases":[[[0.564483,0.74528,0.354846],[-0.684071,0.181788,0.7064],[0.461959,-0.641491,0.612441]],[[0.364469,0.92407,0.115144],[-0.777078,0.233671,0.584422],[0.51314,-0.302479,0.803239]],[[0.364469,0.92407,0.115144],[-0.915838,0.333321,0.223913],[0.168531,-0.187062,0.967784]],[[0.364469,0.92407,0.115144],[-0.829636,0.378377,-0.410531],[-0.422927,0.0540982,0.904548]]],"btipPosition":[6.14492,212.42,-26.1597],"carpPosition":[27.5484,192.265,67.842],"dipPosition":[-3.7257,213.683,-5.04863],"direction":[-0.168531,0.187062,-0.967784],"extended":false,"handId":716,"id":7160,"length":51.9721,"mcpPosition":[27.5484,192.265,67.842],"pipPosition":[2.00457,207.322,27.8572],"stabilizedTipPosition":[-6.45772,203.966,-1.41615],"timeVisible":0.469929,"tipPosition":[3.52435,213.522,-21.4802],"tipVelocity":[31.1069,36.2478,-99.7379],"tool":false,"touchDistance":-0.410391,"touchZone":"hovering","type":0,"width":20.194},{"bases":[[[0.958875,-0.0150914,-0.283428],[0.166735,0.838068,0.519463],[0.229693,-0.545358,0.806118]],[[0.982372,-0.0960307,-0.160388],[0.160247,0.87441,0.457962],[0.0962665,-0.47559,0.874384]],[[0.982372,-0.0960307,-0.160388],[0.138205,0.950818,0.277207],[0.125879,-0.294487,0.947329]],[[0.982372,-0.0960307,-0.160388],[0.117147,0.98485,0.127855],[0.14568,-0.14439,0.978738]]],"btipPosition":[12.4005,282.732,-65.2805],"carpPosition":[38.8928,212.787,70.8328],"dipPosition":[14.8827,280.271,-48.6044],"direction":[-0.125879,0.294487,-0.947329],"extended":true,"handId":716,"id":7161,"length":58.6448,"mcpPosition":[22.0412,252.797,11.6912],"pipPosition":[17.9168,273.173,-25.7705],"stabilizedTipPosition":[9.50331,277.794,-54.2688],"timeVisible":0.469929,"tipPosition":[13.2157,281.987,-61.5677],"tipVelocity":[46.3178,59.3115,-96.4685],"tool":false,"touchDistance":-0.411348,"touchZone":"hovering","type":1,"width":19.2893},{"bases":[[[0.938523,-0.23128,-0.256288],[0.331446,0.811274,0.48164],[0.0965263,-0.536976,0.838057]],[[0.935036,-0.214333,-0.282434],[0.0225975,0.830998,-0.555816],[0.353832,0.513325,0.781857]],[[0.935036,-0.214333,-0.282434],[-0.349445,-0.422383,-0.83635],[0.0599624,0.880712,-0.469841]],[[0.935036,-0.214333,-0.282434],[-0.299241,-0.904317,-0.30441],[-0.190164,0.36915,-0.909706]]],"btipPosition":[28.8284,195.14,2.28049],"carpPosition":[50.6885,214.346,67.7983],"dipPosition":[25.2647,202.057,-14.7674],"direction":[-0.0599624,-0.880712,0.469841],"extended":false,"handId":716,"id":7162,"length":66.821,"mcpPosition":[43.9727,251.706,9.49052],"pipPosition":[26.9651,227.032,-28.091],"stabilizedTipPosition":[18.7555,184.887,20.8007],"timeVisible":0.469929,"tipPosition":[28.2099,196.734,-1.22543],"tipVelocity":[18.7025,41.6402,-95.5522],"tool":false,"touchDistance":0.333333,"touchZone":"none","type":2,"width":18.9446},{"bases":[[[0.914824,-0.368274,-0.165742],[0.400561,0.775146,0.488569],[-0.0514532,-0.513344,0.856639]],[[0.915725,-0.357063,-0.184268],[0.172359,0.76333,-0.622591],[0.362961,0.538361,0.760543]],[[0.915725,-0.357063,-0.184268],[-0.342898,-0.455396,-0.821605],[0.20945,0.815549,-0.539454]],[[0.915725,-0.357063,-0.184268],[-0.396371,-0.877921,-0.268596],[-0.0658669,0.318999,-0.945464]]],"btipPosition":[44.8318,192.301,9.54132],"carpPosition":[62.3486,212.695,64.4207],"dipPosition":[43.6046,198.244,-8.07484],"direction":[-0.20945,-0.815549,0.539454],"extended":false,"handId":716,"id":7163,"length":64.2502,"mcpPosition":[65.5628,244.761,10.9093],"pipPosition":[49.3907,220.774,-22.9774],"stabilizedTipPosition":[39.4732,186.041,19.8421],"timeVisible":0.469929,"tipPosition":[44.7307,193.78,5.64565],"tipVelocity":[16.3063,37.6225,-97.4192],"tool":false,"touchDistance":0.333333,"touchZone":"none","type":3,"width":18.027},{"bases":[[[0.823877,-0.548194,-0.143913],[0.531843,0.660011,0.530592],[-0.195883,-0.513682,0.835321]],[[0.808073,-0.582939,-0.0848523],[0.421251,0.672514,-0.608501],[0.411783,0.455969,0.789004]],[[0.808073,-0.582939,-0.0848523],[-0.365007,-0.382419,-0.848838],[0.462371,0.716895,-0.521799]],[[0.808073,-0.582939,-0.0848523],[-0.577896,-0.756524,-0.306116],[0.114254,0.2964,-0.948205]]],"btipPosition":[58.3849,198.651,9.94217],"carpPosition":[72.5604,204.103,59.5894],"dipPosition":[60.3488,203.745,-6.35662],"direction":[-0.462371,-0.716895,0.521799],"extended":false,"handId":716,"id":7164,"length":50.3709,"mcpPosition":[83.8873,233.806,11.2872],"pipPosition":[69.3672,217.728,-16.5341],"stabilizedTipPosition":[56.4797,194.229,16.7205],"timeVisible":0.469929,"tipPosition":[59.2823,199.463,6.39648],"tipVelocity":[11.9488,38.0888,-98.3851],"tool":false,"touchDistance":0.333333,"touchZone":"none","type":4,"width":16.013}],"r":[[0.919773,-0.0154018,0.392147],[-0.041795,0.989703,0.1369],[-0.390218,-0.142307,0.909659]],"s":0.898653,"t":[62.717,67.2668,-100.171],"timestamp":524080131093},false],[4,{"currentFrameRate":102.932,"devices":[],"gestures":[],"hands":[{"armBasis":[[0.907475,-0.0204575,-0.419608],[0.17366,0.92775,0.330338],[0.382533,-0.372642,0.845462]],"armWidth":63.5437,"confidence":0.699951,"direction":[-0.0376796,0.650473,-0.758594],"elbow":[160.519,99.367,293.536],"grabStrength":0,"id":716,"palmNormal":[-0.199028,-0.748809,-0.632197],"palmPosition":[47.1906,232.471,23.5172],"palmVelocity":[24.0187,48.6355,-124.137],"palmWidth":90.7382,"pinchStrength":0.729382,"r":[[0.91933,-0.017139,0.393114],[-0.0399126,0.989837,0.136494],[-0.391458,-0.141173,0.909303]],"s":0.898558,"sphereCenter":[45.4162,211.298,-20.207],"sphereRadius":48.1185,"stabilizedPalmPosition":[42.6406,225.036,37.6377],"t":[62.9249,67.7542,-101.457],"timeVisible":0.478966,"type":"right","wrist":[57.5211,199.702,65.8928]}],"id":4313439,"interactionBox":{"center":[0,200,0],"size":[235.247,235.247,147.751]},"pointables":[{"bases":[[[0.564718,0.745514,0.353979],[-0.684397,0.183359,0.705677],[0.461187,-0.640771,0.613774]],[[0.363852,0.924622,0.112632],[-0.777488,0.234888,0.583387],[0.512957,-0.299836,0.804347]],[[0.363852,0.924622,0.112632],[-0.916706,0.334028,0.219262],[0.165112,-0.183029,0.969143]],[[0.363852,0.924622,0.112632],[-0.82621,0.376207,-0.419338],[-0.430102,0.0595194,0.900816]]],"btipPosition":[6.55573,212.792,-27.8607],"carpPosition":[27.6664,193.032,66.1553],"dipPosition":[-3.48236,214.181,-6.83672],"direction":[-0.165112,0.183029,-0.969143],"extended":false,"handId":716,"id":7160,"length":51.9721,"mcpPosition":[27.6664,193.032,66.1553],"pipPosition":[2.13165,207.958,26.1153],"stabilizedTipPosition":[-6.34267,204.064,-1.64839],"timeVisible":0.478966,"tipPosition":[3.85547,213.949,-23.19],"tipVelocity":[33.8868,38.4983,-124.731],"tool":false,"touchDistance":-0.4235,"touchZone":"hovering","type":0,"width":20.194},{"bases":[[[0.959041,-0.0161392,-0.282808],[0.166925,0.838813,0.518197],[0.22886,-0.54418,0.80715]],[[0.982349,-0.0964879,-0.160255],[0.160737,0.873613,0.459308],[0.0956828,-0.476959,0.873702]],[[0.982349,-0.0964879,-0.160255],[0.138719,0.950497,0.27805],[0.125493,-0.295373,0.947104]],[[0.982349,-0.0964879,-0.160255],[0.117618,0.984765,0.128074],[0.145456,-0.144662,0.978732]]],"btipPosition":[12.6284,283.495,-67.0347],"carpPosition":[39.0215,213.552,69.1196],"dipPosition":[15.1067,281.03,-50.3587],"direction":[-0.125493,0.295373,-0.947104],"extended":true,"handId":716,"id":7161,"length":58.6448,"mcpPosition":[22.2309,253.476,9.90225],"pipPosition":[18.1315,273.911,-27.5302],"stabilizedTipPosition":[9.67246,278.029,-54.6776],"timeVisible":0.478966,"tipPosition":[13.4354,282.688,-63.3444],"tipVelocity":[40.4765,66.2208,-123.373],"tool":false,"touchDistance":-0.424859,"touchZone":"hovering","type":1,"width":19.2893},{"bases":[[[0.93854,-0.232271,-0.255327],[0.331643,0.811858,0.48052],[0.0956788,-0.535665,0.838992]],[[0.935104,-0.215469,-0.281343],[0.0234377,0.829783,-0.557594],[0.353598,0.514814,0.780983]],[[0.935104,-0.215469,-0.281343],[-0.34912,-0.423937,-0.835699],[0.0607949,0.879688,-0.47165]],[[0.935104,-0.215469,-0.281343],[-0.2996,-0.904701,-0.302913],[-0.189263,0.367545,-0.910544]]],"btipPosition":[28.9895,195.789,0.615968],"carpPosition":[50.82,215.1,66.0898],"dipPosition":[25.4427,202.677,-16.4476],"direction":[-0.0607949,-0.879688,0.47165],"extended":false,"handId":716,"id":7162,"length":66.821,"mcpPosition":[44.1631,252.368,7.71701],"pipPosition":[27.1667,227.623,-29.8225],"stabilizedTipPosition":[18.8616,185.028,20.529],"timeVisible":0.478966,"tipPosition":[28.3693,197.382,-2.91328],"tipVelocity":[18.5812,49.7632,-120.085],"tool":false,"touchDistance":0.333333,"touchZone":"none","type":2,"width":18.9446},{"bases":[[[0.914702,-0.369103,-0.164572],[0.400731,0.775699,0.487551],[-0.0522978,-0.511913,0.857444]],[[0.915628,-0.357793,-0.183328],[0.172169,0.761056,-0.625421],[0.363294,0.54109,0.758445]],[[0.915628,-0.357793,-0.183328],[-0.343135,-0.457905,-0.820111],[0.209483,0.813823,-0.542042]],[[0.915628,-0.357793,-0.183328],[-0.396647,-0.87833,-0.266849],[-0.065546,0.317051,-0.946141]]],"btipPosition":[44.9954,192.914,7.97014],"carpPosition":[62.4812,213.435,62.7222],"dipPosition":[43.7741,198.822,-9.65864],"direction":[-0.209483,-0.813823,0.542042],"extended":false,"handId":716,"id":7163,"length":64.2502,"mcpPosition":[65.748,245.413,9.16053],"pipPosition":[49.5611,221.304,-24.6327],"stabilizedTipPosition":[39.5284,186.128,19.6744],"timeVisible":0.478966,"tipPosition":[44.8847,194.4,4.02482],"tipVelocity":[16.8421,45.7118,-118.57],"tool":false,"touchDistance":0.333333,"touchZone":"none","type":3,"width":18.027},{"bases":[[[0.823631,-0.54893,-0.142506],[0.531917,0.660553,0.529843],[-0.196714,-0.512197,0.836037]],[[0.806879,-0.585213,-0.080456],[0.424965,0.669666,-0.609058],[0.410307,0.457245,0.789034]],[[0.806879,-0.585213,-0.080456],[-0.362953,-0.38369,-0.849145],[0.46606,0.714359,-0.521995]],[[0.806879,-0.585213,-0.080456],[-0.578742,-0.75587,-0.306133],[0.118339,0.293575,-0.948583]]],"btipPosition":[58.4731,199.344,8.23191],"carpPosition":[72.6907,204.829,57.9113],"dipPosition":[60.5073,204.391,-8.07338],"direction":[-0.46606,-0.714359,0.521995],"extended":false,"handId":716,"id":7164,"length":50.3709,"mcpPosition":[84.0656,234.447,9.56768],"pipPosition":[69.5976,218.324,-18.2547],"stabilizedTipPosition":[56.5112,194.309,16.564],"timeVisible":0.478966,"tipPosition":[59.3915,200.147,4.68905],"tipVelocity":[11.8389,48.4048,-123.468],"tool":false,"touchDistance":0.333333,"touchZone":"none","type":4,"width":16.013}],"r":[[0.91933,-0.017139,0.393114],[-0.0399126,0.989837,0.136494],[-0.391458,-0.141173,0.909303]],"s":0.898558,"t":[62.9249,67.7542,-101.457],"timestamp":524080140130},false],[5,{"currentFrameRate":103.175,"devices":[],"gestures":[],"hands":[{"armBasis":[[0.908773,-0.0203308,-0.416795],[0.173713,0.926585,0.333563],[0.379414,-0.375536,0.845587]],"armWidth":63.5437,"confidence":0.727759,"direction":[-0.0372021,0.649645,-0.759327],"elbow":[159.849,99.2086,292.3],"grabStrength":0,"id":716,"palmNormal":[-0.198424,-0.749525,-0.631538],"palmPosition":[47.3871,233.044,22.204],"palmVelocity":[23.2529,52.412,-129.22],"palmWidth":90.7382,"pinchStrength":0.735364,"r":[[0.918913,-0.0184132,0.394031],[-0.0384586,0.989969,0.13595],[-0.392582,-0.14008,0.908987]],"s":0.898298,"sphereCenter":[45.3932,211.995,-21.3912],"sphereRadius":47.9982,"stabilizedPalmPosition":[42.7076,225.149,37.4198],"t":[63.1271,68.2846,-102.756],"timeVisible":0.488197,"type":"right","wrist":[57.6904,200.323,64.623]}],"id":4313440,"interactionBox":{"center":[0,200,0],"size":[235.247,235.247,147.751]},"pointables":[{"bases":[[[0.564328,0.745988,0.353604],[-0.684967,0.184014,0.704953],[0.460819,-0.640032,0.614821]],[[0.362496,0.925392,0.110664],[-0.77823,0.235219,0.582263],[0.512791,-0.29719,0.805434]],[[0.362496,0.925392,0.110664],[-0.917841,0.33386,0.214723],[0.161757,-0.179408,0.970385]],[[0.362496,0.925392,0.110664],[-0.822444,0.373479,-0.429068],[-0.438387,0.0645206,0.896467]]],"btipPosition":[7.04154,213.037,-29.141],"carpPosition":[27.8365,193.649,64.8699],"dipPosition":[-3.18991,214.543,-8.21847],"direction":[-0.161757,0.179408,-0.970385],"extended":false,"handId":716,"id":7160,"length":51.9721,"mcpPosition":[27.8365,193.649,64.8699],"pipPosition":[2.31002,208.443,24.7758],"stabilizedTipPosition":[-6.24559,204.146,-1.848],"timeVisible":0.488197,"tipPosition":[4.25394,214.241,-24.4843],"tipVelocity":[37.7929,35.9516,-129.356],"tool":false,"touchDistance":-0.429038,"touchZone":"hovering","type":0,"width":20.194},{"bases":[[[0.95926,-0.0162918,-0.282055],[0.166394,0.839401,0.517416],[0.228328,-0.543268,0.807914]],[[0.982437,-0.0961891,-0.159892],[0.160444,0.872947,0.460675],[0.0952651,-0.478238,0.873048]],[[0.982437,-0.0961891,-0.159892],[0.138453,0.950243,0.27905],[0.125094,-0.296287,0.946871]],[[0.982437,-0.0961891,-0.159892],[0.117342,0.984731,0.128591],[0.145081,-0.145094,0.978723]]],"btipPosition":[12.8659,284.134,-68.3559],"carpPosition":[39.186,214.173,67.8206],"dipPosition":[15.3378,281.662,-51.6801],"direction":[-0.125094,0.296287,-0.946871],"extended":true,"handId":716,"id":7161,"length":58.6448,"mcpPosition":[22.4345,254.031,8.5472],"pipPosition":[18.3531,274.52,-28.8572],"stabilizedTipPosition":[9.81991,278.246,-55.0634],"timeVisible":0.488197,"tipPosition":[13.6634,283.278,-64.6821],"tipVelocity":[36.2941,67.0009,-128.918],"tool":false,"touchDistance":-0.430526,"touchZone":"hovering","type":1,"width":19.2893},{"bases":[[[0.938773,-0.232397,-0.254356],[0.331145,0.812431,0.479894],[0.0951213,-0.53474,0.839645]],[[0.935376,-0.21572,-0.280244],[0.0237218,0.828908,-0.558882],[0.352859,0.516116,0.780458]],[[0.935376,-0.21572,-0.280244],[-0.348352,-0.425274,-0.83534],[0.0610192,0.878981,-0.472937]],[[0.935376,-0.21572,-0.280244],[-0.299219,-0.905142,-0.301969],[-0.18852,0.366309,-0.911196]]],"btipPosition":[29.2102,196.325,-0.647089],"carpPosition":[50.9866,215.72,64.7982],"dipPosition":[25.6773,203.19,-17.7229],"direction":[-0.0610192,-0.878981,0.472937],"extended":false,"handId":716,"id":7162,"length":66.821,"mcpPosition":[44.3686,252.924,6.37997],"pipPosition":[27.4077,228.116,-31.1343],"stabilizedTipPosition":[18.9517,185.15,20.2918],"timeVisible":0.488197,"tipPosition":[28.5879,197.917,-4.19745],"tipVelocity":[20.1726,51.9373,-124.868],"tool":false,"touchDistance":0.333333,"touchZone":"none","type":2,"width":18.9446},{"bases":[[[0.914886,-0.369134,-0.163471],[0.400234,0.776291,0.487017],[-0.0528732,-0.510992,0.857958]],[[0.915831,-0.35776,-0.182377],[0.172619,0.760803,-0.625605],[0.362569,0.541466,0.758523]],[[0.915831,-0.35776,-0.182377],[-0.342345,-0.458219,-0.820265],[0.20989,0.81366,-0.542129]],[[0.915831,-0.35776,-0.182377],[-0.396302,-0.878521,-0.266732],[-0.0647955,0.316558,-0.946358]]],"btipPosition":[45.2079,193.472,6.66015],"carpPosition":[62.6507,214.053,61.4413],"dipPosition":[44.0006,199.37,-10.9727],"direction":[-0.20989,-0.81366,0.542129],"extended":false,"handId":716,"id":7163,"length":64.2502,"mcpPosition":[65.9535,245.973,7.84757],"pipPosition":[49.7989,221.848,-25.9492],"stabilizedTipPosition":[39.5755,186.204,19.5257],"timeVisible":0.488197,"tipPosition":[45.0966,194.951,2.72562],"tipVelocity":[18.6734,49.7672,-125.147],"tool":false,"touchDistance":0.333333,"touchZone":"none","type":3,"width":18.027},{"bases":[[[0.823827,-0.548952,-0.14128],[0.531406,0.661212,0.529535],[-0.197273,-0.511322,0.836441]],[[0.806221,-0.586641,-0.0765515],[0.427267,0.666861,-0.610524],[0.409208,0.459509,0.788289]],[[0.806221,-0.586641,-0.0765515],[-0.361449,-0.385985,-0.848746],[0.468361,0.711947,-0.52323]],[[0.806221,-0.586641,-0.0765515],[-0.579029,-0.755889,-0.305544],[0.12138,0.290661,-0.949096]]],"btipPosition":[58.6216,199.926,7.00402],"carpPosition":[72.8652,205.444,56.6476],"dipPosition":[60.708,204.922,-9.31008],"direction":[-0.468361,-0.711947,0.52323],"extended":false,"handId":716,"id":7164,"length":50.3709,"mcpPosition":[84.2725,235.011,8.28064],"pipPosition":[69.8433,218.808,-19.5155],"stabilizedTipPosition":[56.5385,194.381,16.4239],"timeVisible":0.488197,"tipPosition":[59.556,200.726,3.43622],"tipVelocity":[13.396,52.1419,-126.208],"tool":false,"touchDistance":0.333333,"touchZone":"none","type":4,"width":16.013}],"r":[[0.918913,-0.0184132,0.394031],[-0.0384586,0.989969,0.13595],[-0.392582,-0.14008,0.908987]],"s":0.898298,"t":[63.1271,68.2846,-102.756],"timestamp":524080149361},false],[6,{"currentFrameRate":103.611,"devices":[],"gestures":[],"hands":[{"armBasis":[[0.911991,-0.0170668,-0.409856],[0.171063,0.923936,0.342168],[0.372841,-0.382165,0.845541]],"armWidth":63.5437,"confidence":0.666265,"direction":[-0.034608,0.653203,-0.756392],"elbow":[158.186,98.0082,291.059],"grabStrength":0,"id":716,"palmNormal":[-0.194277,-0.746804,-0.636034],"palmPosition":[47.645,233.815,21.0842],"palmVelocity":[24.8628,61.8351,-128.573],"palmWidth":90.7382,"pinchStrength":0.738523,"r":[[0.918207,-0.0195278,0.395619],[-0.0377257,0.989932,0.136422],[-0.3943,-0.140189,0.908226]],"s":0.898054,"sphereCenter":[45.7051,213.085,-22.5499],"sphereRadius":47.9226,"stabilizedPalmPosition":[42.7674,225.254,37.2221],"t":[63.3572,68.9351,-103.966],"timeVisible":0.497027,"type":"right","wrist":[57.7978,200.907,63.3952]}],"id":4313441,"interactionBox":{"center":[0,200,0],"size":[235.247,235.247,147.751]},"pointables":[{"bases":[[[0.561498,0.745148,0.359825],[-0.688579,0.179608,0.702567],[0.458889,-0.642257,0.613943]],[[0.359449,0.925981,0.11557],[-0.781328,0.230931,0.579825],[0.510218,-0.298715,0.806503]],[[0.359449,0.925981,0.11557],[-0.919943,0.330855,0.210331],[0.156526,-0.181921,0.970775]],[[0.359449,0.925981,0.11557],[-0.818964,0.372398,-0.436598],[-0.44732,0.0622876,0.892203]]],"btipPosition":[7.67285,213.789,-30.5091],"carpPosition":[27.9534,194.187,63.4687],"dipPosition":[-2.76706,215.242,-9.68612],"direction":[-0.156526,0.181921,-0.970775],"extended":false,"handId":716,"id":7160,"length":51.9721,"mcpPosition":[27.9534,194.187,63.4687],"pipPosition":[2.55502,209.057,23.3214],"stabilizedTipPosition":[-6.16072,204.22,-2.02391],"timeVisible":0.497027,"tipPosition":[4.8383,214.994,-25.8697],"tipVelocity":[45.4315,48.8664,-136.969],"tool":false,"touchDistance":-0.435332,"touchZone":"hovering","type":0,"width":20.194},{"bases":[[[0.960608,-0.0134898,-0.277579],[0.16265,0.837175,0.522191],[0.225338,-0.546769,0.806391]],[[0.983294,-0.0936996,-0.156053],[0.157025,0.870266,0.466883],[0.0920609,-0.483587,0.870441]],[[0.983294,-0.0936996,-0.156053],[0.135686,0.948793,0.285275],[0.121332,-0.301684,0.945656]],[[0.983294,-0.0936996,-0.156053],[0.11514,0.984194,0.134553],[0.140979,-0.150273,0.978541]]],"btipPosition":[13.4543,285.379,-69.3498],"carpPosition":[39.2572,214.714,66.571],"dipPosition":[15.8564,282.819,-52.6771],"direction":[-0.121332,0.301684,-0.945656],"extended":true,"handId":716,"id":7161,"length":58.6448,"mcpPosition":[22.7251,254.829,7.40932],"pipPosition":[18.7809,275.547,-29.8834],"stabilizedTipPosition":[9.96816,278.478,-55.4334],"timeVisible":0.497027,"tipPosition":[14.2329,284.483,-65.6853],"tipVelocity":[44.0009,86.38,-124.518],"tool":false,"touchDistance":-0.430725,"touchZone":"hovering","type":1,"width":19.2893},{"bases":[[[0.940323,-0.229755,-0.251007],[0.327618,0.810634,0.485323],[0.0919693,-0.538595,0.83753]],[[0.937049,-0.213078,-0.276653],[0.0250914,0.83129,-0.555272],[0.348295,0.513376,0.784306]],[[0.937049,-0.213078,-0.276653],[-0.343658,-0.422149,-0.838862],[0.0619544,0.881129,-0.4688]],[[0.937049,-0.213078,-0.276653],[-0.296419,-0.904163,-0.307613],[-0.184594,0.370253,-0.910405]]],"btipPosition":[29.6317,197.164,-2.00331],"carpPosition":[51.0696,216.293,63.6119],"dipPosition":[26.1725,204.102,-19.0643],"direction":[-0.0619544,-0.881129,0.4688],"extended":false,"handId":716,"id":7162,"length":66.821,"mcpPosition":[44.6708,253.765,5.34085],"pipPosition":[27.9293,229.089,-32.3584],"stabilizedTipPosition":[19.0314,185.259,20.0806],"timeVisible":0.497027,"tipPosition":[29.0202,198.776,-5.56751],"tipVelocity":[28.1378,64.0757,-132.524],"tool":false,"touchDistance":0.333333,"touchZone":"none","type":2,"width":18.9446},{"bases":[[[0.916218,-0.366961,-0.160888],[0.396728,0.774565,0.492601],[-0.0561466,-0.515159,0.855254]],[[0.917235,-0.355479,-0.179762],[0.174386,0.764063,-0.621126],[0.358147,0.538371,0.762816]],[[0.917235,-0.355479,-0.179762],[-0.337733,-0.454692,-0.824131],[0.211225,0.816633,-0.537116]],[[0.917235,-0.355479,-0.179762],[-0.393686,-0.877775,-0.272987],[-0.0607498,0.321163,-0.945074]]],"btipPosition":[45.5984,194.309,5.33658],"carpPosition":[62.7519,214.66,60.3025],"dipPosition":[44.4665,200.293,-12.2723],"direction":[-0.211225,-0.816633,0.537116],"extended":false,"handId":716,"id":7163,"length":64.2502,"mcpPosition":[66.2592,246.841,6.87765],"pipPosition":[50.3017,222.853,-27.1103],"stabilizedTipPosition":[39.6181,186.274,19.3907],"timeVisible":0.497027,"tipPosition":[45.5025,195.808,1.40942],"tipVelocity":[26.1083,62.5431,-131.664],"tool":false,"touchDistance":0.333333,"touchZone":"none","type":3,"width":18.027},{"bases":[[[0.825332,-0.547021,-0.139986],[0.527874,0.659484,0.535192],[-0.200442,-0.515606,0.833051]],[[0.806796,-0.586258,-0.0733548],[0.431059,0.66898,-0.60552],[0.404064,0.456911,0.792442]],[[0.806796,-0.586258,-0.0733548],[-0.355844,-0.383045,-0.852439],[0.471651,0.713847,-0.517656]],[[0.806796,-0.586258,-0.0733548],[-0.576893,-0.754864,-0.312047],[0.127567,0.294077,-0.94723]]],"btipPosition":[58.9529,200.815,5.7815],"carpPosition":[73.0023,206.089,55.5163],"dipPosition":[61.1456,205.87,-10.5005],"direction":[-0.471651,-0.713847,0.517656],"extended":false,"handId":716,"id":7164,"length":50.3709,"mcpPosition":[84.5928,235.904,7.34534],"pipPosition":[70.345,219.793,-20.5972],"stabilizedTipPosition":[56.5647,194.449,16.2947],"timeVisible":0.497027,"tipPosition":[59.9133,201.63,2.21482],"tipVelocity":[20.6596,65.6691,-129.29],"tool":false,"touchDistance":0.333333,"touchZone":"none","type":4,"width":16.013}],"r":[[0.918207,-0.0195278,0.395619],[-0.0377257,0.989932,0.136422],[-0.3943,-0.140189,0.908226]],"s":0.898054,"t":[63.3572,68.9351,-103.966],"timestamp":524080158191},false],[7,{"currentFrameRate":103.916,"devices":[],"