{"sensorType":"Leap","data":[[0,{"currentFrameRate":107.593,"devices":[],"gestures":[],"hands":[{"armBasis":[[0.928586,0.0482857,-0.367963],[0.140086,0.872546,0.468017],[0.343663,-0.48614,0.803469]],"armWidth":63.5437,"confidence":0.49527,"direction":[0.0185109,0.757478,-0.652598],"elbow":[152.806,83.936,268.856],"grabStrength":0.00202497,"id":699,"palmNormal":[-0.142936,-0.644001,-0.751553],"palmPosition":[53.1327,253.662,14.8713],"palmVelocity":[172.065,323.87,-251.043],"palmWidth":90.7382,"pinchStrength":0.60996,"r":[[0.967047,-0.159473,0.198468],[0.149538,0.986671,0.0641773],[-0.206057,-0.032384,0.978004]],"s":1.10606,"sphereCenter":[35.6508,247.833,-23.7031],"sphereRadius":46.7738,"stabilizedPalmPosition":[32.1167,236.549,58.1016],"t":[16.4181,-32.0066,-142.359],"timeVisible":152.551,"type":"right","wrist":[60.2739,214.831,52.5194]}],"id":4294238,"interactionBox":{"center":[0,200,0],"size":[235.247,235.247,147.751]},"pointables":[{"bases":[[[0.529654,0.680687,0.506096],[-0.739692,0.0786564,0.668333],[0.415117,-0.72834,0.545159]],[[0.385758,0.863334,0.32534],[-0.745987,0.0843862,0.660592],[0.542857,-0.497528,0.676589]],[[0.385758,0.863334,0.32534],[-0.9226,0.361355,0.135029],[-0.000987877,-0.352247,0.935907]],[[0.385758,0.863334,0.32534],[-0.489563,0.490439,-0.72097],[-0.781997,0.118845,0.611847]]],"btipPosition":[21.8003,242.327,-30.3908],"carpPosition":[30.539,208.357,49.3912],"dipPosition":[3.54945,245.101,-16.111],"direction":[0.000987877,0.352247,-0.935907],"extended":false,"handId":699,"id":6990,"length":51.9721,"mcpPosition":[30.539,208.357,49.3912],"pipPosition":[3.51586,233.124,15.711],"stabilizedTipPosition":[-15.4669,226.061,39.2697],"timeVisible":152.551,"tipPosition":[17.9462,244.181,-26.1917],"tipVelocity":[186.57,318.355,-323.256],"tool":false,"touchDistance":-0.718364,"touchZone":"hovering","type":0,"width":20.194},{"bases":[[[0.978619,0.0215121,-0.204554],[0.119415,0.750315,0.650206],[0.167468,-0.66073,0.731703]],[[0.986662,-0.0167099,-0.161925],[0.131469,0.668377,0.732112],[0.0959932,-0.743635,0.661658]],[[0.986662,-0.0167099,-0.161925],[0.08354,0.905716,0.415571],[0.139714,-0.423555,0.895031]],[[0.986662,-0.0167099,-0.161925],[0.033238,0.994441,0.0999082],[0.159355,-0.103958,0.981733]]],"btipPosition":[19.0009,320.451,-64.0232],"carpPosition":[41.4827,228.136,56.3072],"dipPosition":[21.716,318.68,-47.2961],"direction":[-0.139714,0.423555,-0.895031],"extended":true,"handId":699,"id":6991,"length":58.6448,"mcpPosition":[29.1963,276.611,2.62505],"pipPosition":[25.0836,308.471,-25.7227],"stabilizedTipPosition":[7.96058,306.945,-44.3751],"timeVisible":152.551,"tipPosition":[19.29,321.102,-59.3055],"tipVelocity":[216.799,334.84,-248.427],"tool":false,"touchDistance":-0.648004,"touchZone":"touching","type":1,"width":19.2893},{"bases":[[[0.957455,-0.19618,-0.211645],[0.286791,0.728462,0.622169],[0.0321178,-0.656397,0.753732]],[[0.957384,-0.194778,-0.213254],[0.0128995,0.766469,-0.642152],[0.28853,0.612035,0.736318]],[[0.957384,-0.194778,-0.213254],[-0.281667,-0.466374,-0.838546],[0.0638741,0.862877,-0.501362]],[[0.957384,-0.194778,-0.213254],[-0.268067,-0.874089,-0.405103],[-0.107498,0.445006,-0.889052]]],"btipPosition":[37.5743,213.5,-2.45871],"carpPosition":[53.4745,230.059,54.4964],"dipPosition":[35.5598,221.84,-19.1195],"direction":[-0.0638741,-0.862877,0.501362],"extended":false,"handId":699,"id":6992,"length":66.821,"mcpPosition":[51.2399,275.727,2.05556],"pipPosition":[37.3711,246.309,-33.337],"stabilizedTipPosition":[7.23184,192.181,50.3575],"timeVisible":152.551,"tipPosition":[37.1646,215.388,-6.03193],"tipVelocity":[196.623,339.356,-312.088],"tool":false,"touchDistance":0.333333,"touchZone":"none","type":2,"width":18.9446},{"bases":[[[0.927383,-0.344989,-0.144716],[0.355341,0.691288,0.629169],[-0.117016,-0.634904,0.763678]],[[0.930359,-0.326632,-0.166566],[0.131555,0.721422,-0.679885],[0.342236,0.610624,0.714152]],[[0.930359,-0.326632,-0.166566],[-0.313172,-0.471678,-0.824284],[0.190672,0.819043,-0.541121]],[[0.930359,-0.326632,-0.166566],[-0.366351,-0.846497,-0.386303],[-0.014819,0.420422,-0.907208]]],"btipPosition":[52.4476,210.852,4.18612],"carpPosition":[65.378,228.858,51.8582],"dipPosition":[52.1715,218.685,-12.7172],"direction":[-0.190672,-0.819043,0.541121],"extended":false,"handId":699,"id":6993,"length":64.2502,"mcpPosition":[72.6876,268.518,4.15381],"pipPosition":[57.4389,241.312,-27.6659],"stabilizedTipPosition":[26.8256,192.973,47.0927],"timeVisible":152.551,"tipPosition":[52.4346,212.733,-0.0200943],"tipVelocity":[194.564,335.188,-284.266],"tool":false,"touchDistance":0.333333,"touchZone":"none","type":3,"width":18.027},{"bases":[[[0.836061,-0.5256,-0.15731],[0.483514,0.570388,0.663982],[-0.259261,-0.631191,0.731014]],[[0.789996,-0.611039,-0.0503697],[0.435002,0.616501,-0.656277],[0.432064,0.496545,0.752837]],[[0.789996,-0.611039,-0.0503697],[-0.347434,-0.378466,-0.857935],[0.505169,0.695266,-0.511283]],[[0.789996,-0.611039,-0.0503697],[-0.569883,-0.701512,-0.427919],[0.22614,0.366759,-0.902413]]],"btipPosition":[62.0126,220.145,3.30449],"carpPosition":[75.9964,221.021,46.6372],"dipPosition":[65.8998,226.449,-12.2072],"direction":[-0.505169,-0.695266,0.511283],"extended":false,"handId":699,"id":6994,"length":50.3709,"mcpPosition":[90.9881,257.519,4.36647],"pipPosition":[75.7529,240.01,-22.1796],"stabilizedTipPosition":[39.4436,201.822,41.4538],"timeVisible":152.551,"tipPosition":[62.8627,221.643,-0.118479],"tipVelocity":[193.386,340.555,-280.964],"tool":false,"touchDistance":0.333333,"touchZone":"none","type":4,"width":16.013}],"r":[[0.967047,-0.159473,0.198468],[0.149538,0.986671,0.0641773],[-0.206057,-0.032384,0.978004]],"s":1.10606,"t":[16.4181,-32.0066,-142.359],"timestamp":523870700117},false],[1,{"currentFrameRate":107.58,"devices":[],"gestures":[],"hands":[{"armBasis":[[0.928697,0.0447834,-0.368125],[0.142082,0.873962,0.464762],[0.342541,-0.483927,0.805283]],"armWidth":63.5437,"confidence":0.499974,"direction":[0.025689,0.761451,-0.647713],"elbow":[153.615,87.1889,266.709],"grabStrength":0.00611646,"id":699,"palmNormal":[-0.142641,-0.638505,-0.756284],"palmPosition":[54.6328,256.591,12.4477],"palmVelocity":[168.933,321.195,-253.605],"palmWidth":90.7382,"pinchStrength":0.598035,"r":[[0.965971,-0.159482,0.203632],[0.147343,0.986348,0.0735431],[-0.212581,-0.0410368,0.976281]],"s":1.1057,"sphereCenter":[37.7914,250.772,-26.4724],"sphereRadius":46.692,"stabilizedPalmPosition":[36.1744,240.161,49.8742],"t":[17.92,-28.9954,-144.694],"timeVisible":152.561,"type":"right","wrist":[61.3853,217.488,49.8845]}],"id":4294239,"interactionBox":{"center":[0,200,0],"size":[235.247,235.247,147.751]},"pointables":[{"bases":[[[0.530744,0.674684,0.512945],[-0.74253,0.0783719,0.665212],[0.408607,-0.733934,0.542569]],[[0.385075,0.862551,0.328212],[-0.751408,0.0865492,0.654137],[0.53582,-0.498513,0.681455]],[[0.385075,0.862551,0.328212],[-0.922885,0.359791,0.137237],[0.000285941,-0.355749,0.934582]],[[0.385075,0.862551,0.328212],[-0.508416,0.495074,-0.704568],[-0.770214,0.104443,0.629175]]],"btipPosition":[22.9258,245.665,-33.8126],"carpPosition":[31.6324,211.191,46.5711],"dipPosition":[4.94987,248.103,-19.1284],"direction":[-0.000285941,0.355749,-0.934582],"extended":false,"handId":699,"id":6990,"length":51.9721,"mcpPosition":[31.6324,211.191,46.5711],"pipPosition":[4.95959,236.007,12.6486],"stabilizedTipPosition":[-11.5629,228.359,31.3263],"timeVisible":152.561,"tipPosition":[19.2387,247.313,-29.3871],"tipVelocity":[169.886,327.293,-332.866],"tool":false,"touchDistance":-0.724792,"touchZone":"hovering","type":0,"width":20.194},{"bases":[[[0.979708,0.0176177,-0.199655],[0.120176,0.745576,0.655495],[0.160406,-0.666188,0.72833]],[[0.987394,-0.0212576,-0.156847],[0.130398,0.670934,0.729962],[0.0897164,-0.741213,0.665248]],[[0.987394,-0.0212576,-0.156847],[0.0846774,0.908153,0.409985],[0.133725,-0.418098,0.898505]],[[0.987394,-0.0212576,-0.156847],[0.036131,0.995048,0.0925948],[0.154102,-0.0970946,0.983273]]],"btipPosition":[21.185,323.231,-66.6819],"carpPosition":[42.646,230.868,53.6647],"dipPosition":[23.8106,321.577,-49.9286],"direction":[-0.133725,0.418098,-0.898505],"extended":true,"handId":699,"id":6991,"length":58.6448,"mcpPosition":[30.8777,279.743,0.230077],"pipPosition":[27.0339,311.499,-28.2715],"stabilizedTipPosition":[11.4022,310.903,-48.9678],"timeVisible":152.561,"tipPosition":[21.5228,324.008,-61.9026],"tipVelocity":[221.151,325.343,-258.679],"tool":false,"touchDistance":-0.651328,"touchZone":"touching","type":1,"width":19.2893},{"bases":[[[0.957434,-0.199911,-0.208221],[0.28757,0.723014,0.628136],[0.0249751,-0.661276,0.749727]],[[0.957377,-0.19847,-0.209854],[0.0200696,0.770492,-0.637134],[0.288142,0.605766,0.741635]],[[0.957377,-0.19847,-0.209854],[-0.280008,-0.459429,-0.842924],[0.0708816,0.865757,-0.49542]],[[0.957377,-0.19847,-0.209854],[-0.270683,-0.870017,-0.412068],[-0.100794,0.451309,-0.886657]]],"btipPosition":[38.9475,216.621,-5.22103],"carpPosition":[54.6564,232.739,51.9244],"dipPosition":[37.0586,225.079,-21.837],"direction":[-0.0708816,-0.865757,0.49542],"extended":false,"handId":699,"id":6992,"length":66.821,"mcpPosition":[52.9188,278.747,-0.237804],"pipPosition":[39.0687,249.63,-35.886],"stabilizedTipPosition":[11.4124,195.707,42.419],"timeVisible":152.561,"tipPosition":[38.5647,218.535,-8.78441],"tipVelocity":[183.573,338.932,-307.352],"tool":false,"touchDistance":0.333333,"touchZone":"none","type":2,"width":18.9446},{"bases":[[[0.926253,-0.348976,-0.142378],[0.355889,0.685435,0.635234],[-0.12409,-0.639058,0.759083]],[[0.929422,-0.330564,-0.164019],[0.138766,0.72493,-0.674701],[0.341935,0.604321,0.719636]],[[0.929422,-0.330564,-0.164019],[-0.311584,-0.464847,-0.828754],[0.197713,0.821368,-0.535038]],[[0.929422,-0.330564,-0.164019],[-0.368931,-0.842097,-0.393399],[-0.00807631,0.426146,-0.904618]]],"btipPosition":[53.7711,213.855,1.49083],"carpPosition":[66.5662,231.492,49.3366],"dipPosition":[53.6207,221.795,-15.3643],"direction":[-0.197713,-0.821368,0.535038],"extended":false,"handId":699,"id":6993,"length":64.2502,"mcpPosition":[74.3177,271.411,1.9192],"pipPosition":[59.0825,244.485,-30.1449],"stabilizedTipPosition":[31.1768,196.644,39.0927],"timeVisible":152.561,"tipPosition":[53.7898,215.761,-2.70106],"tipVelocity":[180.588,332.281,-285.341],"tool":false,"touchDistance":0.333333,"touchZone":"none","type":3,"width":18.027},{"bases":[[[0.834044,-0.529019,-0.156554],[0.483252,0.563642,0.669906],[-0.266153,-0.634387,0.725752]],[[0.787048,-0.614824,-0.0504576],[0.44152,0.61854,-0.649976],[0.430831,0.489284,0.758278]],[[0.787048,-0.614824,-0.0504576],[-0.34503,-0.370921,-0.86219],[0.51138,0.695995,-0.504066]],[[0.787048,-0.614824,-0.0504576],[-0.57137,-0.695691,-0.435374],[0.232575,0.37149,-0.898835]]],"btipPosition":[63.3952,223.101,0.69537],"carpPosition":[77.1687,223.631,44.1179],"dipPosition":[67.393,229.486,-14.7548],"direction":[-0.51138,-0.695995,0.504066],"extended":false,"handId":699,"id":6994,"length":50.3709,"mcpPosition":[92.5589,260.314,2.15149],"pipPosition":[77.3672,243.061,-24.5864],"stabilizedTipPosition":[43.7421,205.754,33.7952],"timeVisible":152.561,"tipPosition":[64.27,224.616,-2.70941],"tipVelocity":[181.43,334.519,-280.265],"tool":false,"touchDistance":0.333333,"touchZone":"none","type":4,"width":16.013}],"r":[[0.965971,-0.159482,0.203632],[0.147343,0.986348,0.0735431],[-0.212581,-0.0410368,0.976281]],"s":1.1057,"t":[17.92,-28.9954,-144.694],"timestamp":523870709435},false],[2,{"currentFrameRate":107.855,"devices":[],"gestures":[],"hands":[{"armBasis":[[0.931238,0.0449847,-0.361625],[0.140138,0.871833,0.469328],[0.336389,-0.487734,0.805579]],"armWidth":63.5437,"confidence":0.50654,"direction":[0.0240515,0.764011,-0.644754],"elbow":[153.366,87.884,265.192],"grabStrength":0.0100035,"id":699,"palmNormal":[-0.141156,-0.635884,-0.758766],"palmPosition":[55.9564,258.441,11.0021],"palmVelocity":[164.074,291.537,-229.729],"palmWidth":90.7382,"pinchStrength":0.582316,"r":[[0.965152,-0.159254,0.207653],[0.145102,0.98603,0.081789],[-0.217777,-0.048808,0.974777]],"s":1.10577,"sphereCenter":[39.5748,252.428,-28.1569],"sphereRadius":46.628,"stabilizedPalmPosition":[39.8155,243.526,42.7195],"t":[19.3327,-26.5649,-146.585],"timeVisible":152.57,"type":"right","wrist":[62.7926,219.208,48.2878]}],"id":4294240,"interactionBox":{"center":[0,200,0],"size":[235.247,235.247,147.751]},"pointables":[{"bases":[[[0.529198,0.673869,0.515606],[-0.74276,0.0741419,0.66544],[0.410192,-0.735121,0.539759]],[[0.380796,0.864244,0.328749],[-0.753996,0.0844214,0.651432],[0.535243,-0.495938,0.683784]],[[0.380796,0.864244,0.328749],[-0.924615,0.352409,0.144552],[0.00907388,-0.359011,0.933289]],[[0.380796,0.864244,0.328749],[-0.53654,0.496083,-0.682661],[-0.753073,0.0835672,0.652608]]],"btipPosition":[23.6773,247.802,-36.0554],"carpPosition":[33.0541,212.858,44.9471],"dipPosition":[6.10144,249.752,-20.8242],"direction":[-0.00907389,0.359011,-0.933289],"extended":false,"handId":699,"id":6990,"length":51.9721,"mcpPosition":[33.0541,212.858,44.9471],"pipPosition":[6.40997,237.546,10.9087],"stabilizedTipPosition":[-8.02971,230.612,24.0919],"timeVisible":152.57,"tipPosition":[20.1768,249.159,-31.4023],"tipVelocity":[150.07,301.355,-308.256],"tool":false,"touchDistance":-0.712401,"touchZone":"hovering","type":0,"width":20.194},{"bases":[[[0.979683,0.0205695,-0.199493],[0.118462,0.743295,0.658391],[0.161825,-0.668647,0.725757]],[[0.987456,-0.0184793,-0.156807],[0.127979,0.675322,0.726334],[0.092473,-0.737291,0.669216]],[[0.987456,-0.0184793,-0.156807],[0.081054,0.911609,0.402988],[0.1355,-0.410643,0.901672]],[[0.987456,-0.0184793,-0.156807],[0.0319803,0.995951,0.0840182],[0.154619,-0.0879791,0.984049]]],"btipPosition":[22.2885,324.572,-68.2994],"carpPosition":[44.0233,232.531,52.118],"dipPosition":[24.923,323.073,-51.5329],"direction":[-0.1355,0.410643,-0.901672],"extended":true,"handId":699,"id":6991,"length":58.6448,"mcpPosition":[32.1509,281.587,-1.12786],"pipPosition":[28.189,313.175,-29.7994],"stabilizedTipPosition":[14.206,314.154,-52.7433],"timeVisible":152.57,"tipPosition":[22.6898,325.457,-63.4834],"tipVelocity":[195.583,280.085,-238.613],"tool":false,"touchDistance":-0.638745,"touchZone":"touching","type":1,"width":19.2893},{"bases":[[[0.957894,-0.196973,-0.208903],[0.285908,0.721211,0.63096],[0.026381,-0.66412,0.74716]],[[0.957833,-0.195507,-0.210552],[0.0184082,0.773052,-0.634075],[0.286734,0.603462,0.744054]],[[0.957833,-0.195507,-0.210552],[-0.278914,-0.456669,-0.844784],[0.0690091,0.867888,-0.491943]],[[0.957833,-0.195507,-0.210552],[-0.268718,-0.868962,-0.415567],[-0.101715,0.454623,-0.884857]]],"btipPosition":[40.361,218.504,-6.8294],"carpPosition":[56.0297,234.436,50.3861],"dipPosition":[38.4548,227.024,-23.4116],"direction":[-0.0690091,-0.867888,0.491943],"extended":false,"handId":699,"id":6992,"length":66.821,"mcpPosition":[54.1942,280.642,-1.59752],"pipPosition":[40.4118,251.635,-37.362],"stabilizedTipPosition":[15.3244,199.104,35.1381],"timeVisible":152.57,"tipPosition":[39.9739,220.432,-10.3855],"tipVelocity":[177.412,305.965,-273.784],"tool":false,"touchDistance":0.333333,"touchZone":"none","type":2,"width":18.9446},{"bases":[[[0.927039,-0.346361,-0.143642],[0.354309,0.683757,0.637919],[-0.122734,-0.642269,0.756589]],[[0.930147,-0.328002,-0.165046],[0.137269,0.727517,-0.672217],[0.340563,0.602605,0.721723]],[[0.930147,-0.328002,-0.165046],[-0.310494,-0.462658,-0.830386],[0.196009,0.823627,-0.532183]],[[0.930147,-0.328002,-0.165046],[-0.36708,-0.841452,-0.396497],[-0.00882623,0.429386,-0.903078]]],"btipPosition":[55.1848,215.743,-0.0958472],"carpPosition":[67.9424,233.225,47.7946],"dipPosition":[55.0203,223.743,-16.9223],"direction":[-0.196009,-0.823627,0.532183],"extended":false,"handId":699,"id":6993,"length":64.2502,"mcpPosition":[75.6092,273.346,0.533062],"pipPosition":[60.4351,246.496,-31.624],"stabilizedTipPosition":[35.1156,200.085,32.0172],"timeVisible":152.57,"tipPosition":[55.201,217.664,-4.28325],"tipVelocity":[175.257,301.235,-257.057],"tool":false,"touchDistance":0.333333,"touchZone":"none","type":3,"width":18.027},{"bases":[[[0.835232,-0.526552,-0.158524],[0.48194,0.562115,0.672132],[-0.264804,-0.637785,0.723263]],[[0.788356,-0.612963,-0.0526459],[0.441233,0.622965,-0.645932],[0.428729,0.485995,0.761578]],[[0.788356,-0.612963,-0.0526459],[-0.342964,-0.366828,-0.864762],[0.510755,0.699796,-0.499415]],[[0.788356,-0.612963,-0.0526459],[-0.569475,-0.694681,-0.43945],[0.232795,0.376424,-0.896723]]],"btipPosition":[64.7938,225.032,-0.97541],"carpPosition":[78.5628,225.408,42.5465],"dipPosition":[68.7953,231.502,-16.3893],"direction":[-0.510755,-0.699796,0.499415],"extended":false,"handId":699,"id":6994,"length":50.3709,"mcpPosition":[93.875,262.288,0.724061],"pipPosition":[78.7575,245.151,-26.1302],"stabilizedTipPosition":[47.5834,209.384,27.0967],"timeVisible":152.57,"tipPosition":[65.6706,226.557,-4.34207],"tipVelocity":[175.538,304.366,-255.868],"tool":false,"touchDistance":0.333333,"touchZone":"none","type":4,"width":16.013}],"r":[[0.965152,-0.159254,0.207653],[0.145102,0.98603,0.081789],[-0.217777,-0.048808,0.974777]],"s":1.10577,"t":[19.3327,-26.5649,-146.585],"timestamp":523870718209},false],[3,{"currentFrameRate":107.931,"devices":[],"gestures":[],"hands":[{"armBasis":[[0.936446,0.0557015,-0.346361],[0.125203,0.869227,0.478298],[0.327708,-0.491266,0.80701]],"armWidth":63.5437,"confidence":0.517314,"direction":[0.0198054,0.774329,-0.632474],"elbow":[152.523,89.099,263.689],"grabStrength":0.014785,"id":699,"palmNormal":[-0.126981,-0.625527,-0.7698],"palmPosition":[57.2679,261.103,9.67689],"palmVelocity":[158.418,291.58,-206.248],"palmWidth":90.7382,"pinchStrength":0.574487,"r":[[0.96452,-0.157364,0.211984],[0.14068,0.985799,0.091707],[-0.223405,-0.0586314,0.972961]],"s":1.10559,"sphereCenter":[41.8003,255.168,-29.948],"sphereRadius":46.5384,"stabilizedPalmPosition":[43.4633,247.2,35.813],"t":[20.6948,-24.0186,-148.193],"timeVisible":152.579,"type":"right","wrist":[64.287,221.374,46.399]}],"id":4294241,"interactionBox":{"center":[0,200,0],"size":[235.247,235.247,147.751]},"pointables":[{"bases":[[[0.5165,0.672132,0.530533],[-0.749062,0.0544562,0.660258],[0.41489,-0.738426,0.531595]],[[0.364448,0.866137,0.342029],[-0.76337,0.0675198,0.642423],[0.533333,-0.495225,0.68579]],[[0.364448,0.866137,0.342029],[-0.931167,0.334905,0.144106],[0.0102685,-0.371006,0.928574]],[[0.364448,0.866137,0.342029],[-0.55837,0.497193,-0.664095],[-0.745252,0.0510492,0.664826]]],"btipPosition":[25.1536,250.786,-38.5176],"carpPosition":[34.6584,214.711,42.7096],"dipPosition":[7.76029,251.978,-23.0013],"direction":[-0.0102685,0.371006,-0.928574],"extended":false,"handId":699,"id":6990,"length":51.9721,"mcpPosition":[34.6584,214.711,42.7096],"pipPosition":[8.10943,239.363,8.57134],"stabilizedTipPosition":[-4.3755,233.172,16.699],"timeVisible":152.579,"tipPosition":[21.699,251.878,-33.6971],"tipVelocity":[154.598,303.16,-295.576],"tool":false,"touchDistance":-0.705444,"touchZone":"hovering","type":0,"width":20.194},{"bases":[[[0.980954,0.0358094,-0.19091],[0.103772,0.73422,0.670934],[0.164196,-0.677967,0.71652]],[[0.988903,-0.00406369,-0.148505],[0.112509,0.673277,0.73078],[0.0970155,-0.739379,0.666263]],[[0.988903,-0.00406369,-0.148505],[0.0646643,0.911737,0.405654],[0.133749,-0.410755,0.901882]],[[0.988903,-0.00406369,-0.148505],[0.0169005,0.996214,0.0852806],[0.147596,-0.086844,0.985228]]],"btipPosition":[23.3807,327.2,-69.3585],"carpPosition":[45.3221,234.402,50.2799],"dipPosition":[25.8955,325.72,-52.5719],"direction":[-0.133749,0.410755,-0.901882],"extended":true,"handId":699,"id":6991,"length":58.6448,"mcpPosition":[33.2758,284.142,-2.28831],"pipPosition":[29.1193,315.82,-30.8333],"stabilizedTipPosition":[16.8109,317.547,-56.1498],"timeVisible":152.579,"tipPosition":[23.7826,328.158,-64.4834],"tipVelocity":[173.655,282.399,-204.421],"tool":false,"touchDistance":-0.619021,"touchZone":"touching","type":1,"width":19.2893},{"bases":[[[0.961959,-0.18181,-0.203912],[0.2717,0.714641,0.644568],[0.0285349,-0.67545,0.736853]],[[0.961886,-0.180161,-0.20571],[0.0142543,0.784291,-0.62023],[0.273078,0.593658,0.756967]],[[0.961886,-0.180161,-0.20571],[-0.266202,-0.444885,-0.85511],[0.0625401,0.877279,-0.475888]],[[0.961886,-0.180161,-0.20571],[-0.254521,-0.864889,-0.43265],[-0.0999698,0.468518,-0.87778]]],"btipPosition":[42.3062,221.283,-9.02799],"carpPosition":[57.3176,236.482,48.6789],"dipPosition":[40.4328,230.063,-25.4776],"direction":[-0.0625401,-0.877279,0.475888],"extended":false,"handId":699,"id":6992,"length":66.821,"mcpPosition":[55.3323,283.476,-2.58756],"pipPosition":[42.2063,254.941,-38.9727],"stabilizedTipPosition":[19.4596,202.873,27.6702],"timeVisible":152.579,"tipPosition":[41.927,223.26,-12.522],"tipVelocity":[187.571,307.389,-263.723],"tool":false,"touchDistance":0.333333,"touchZone":"none","type":2,"width":18.9446},{"bases":[[[0.932436,-0.332579,-0.141262],[0.340505,0.677929,0.651513],[-0.120914,-0.655594,0.74537]],[[0.935468,-0.314006,-0.162173],[0.133757,0.739316,-0.65994],[0.327122,0.595661,0.733607]],[[0.935468,-0.314006,-0.162173],[-0.297888,-0.453668,-0.839909],[0.190163,0.834018,-0.517931]],[[0.935468,-0.314006,-0.162173],[-0.353349,-0.839638,-0.412495],[-0.0066409,0.443179,-0.896408]]],"btipPosition":[57.1137,218.575,-2.06822],"carpPosition":[69.2654,235.46,46.1689],"dipPosition":[56.9899,226.832,-18.7704],"direction":[-0.190163,-0.834018,0.517931],"extended":false,"handId":699,"id":6993,"length":64.2502,"mcpPosition":[76.8185,276.413,-0.391816],"pipPosition":[62.2433,249.872,-33.0784],"stabilizedTipPosition":[39.1849,203.861,24.9922],"timeVisible":152.579,"tipPosition":[57.1418,220.561,-6.22794],"tipVelocity":[185.574,305.566,-244.815],"tool":false,"touchDistance":0.333333,"touchZone":"none","type":3,"width":18.027},{"bases":[[[0.84301,-0.513633,-0.159738],[0.469358,0.557347,0.684885],[-0.26275,-0.652339,0.710926]],[[0.796259,-0.602409,-0.0554544],[0.440082,0.639706,-0.630162],[0.41509,0.477367,0.774481]],[[0.796259,-0.602409,-0.0554544],[-0.329729,-0.355317,-0.874659],[0.507199,0.71474,-0.481556]],[[0.796259,-0.602409,-0.0554544],[-0.556745,-0.693858,-0.456723],[0.236656,0.394543,-0.887879]]],"btipPosition":[66.6214,228.024,-2.87558],"carpPosition":[80.0252,227.858,40.8884],"dipPosition":[70.6893,234.806,-18.1374],"direction":[-0.507199,-0.71474,0.481556],"extended":false,"handId":699,"id":6994,"length":50.3709,"mcpPosition":[95.2186,265.58,-0.22076],"pipPosition":[80.582,248.747,-27.53],"stabilizedTipPosition":[51.5128,213.358,20.5096],"timeVisible":152.579,"tipPosition":[67.5123,229.606,-6.16916],"tipVelocity":[182.871,313.099,-241.564],"tool":false,"touchDistance":0.333333,"touchZone":"none","type":4,"width":16.013}],"r":[[0.96452,-0.157364,0.211984],[0.14068,0.985799,0.091707],[-0.223405,-0.0586314,0.972961]],"s":1.10559,"t":[20.6948,-24.0186,-148.193],"timestamp":523870727335},false],[4,{"currentFrameRate":108.094,"devices":[],"gestures":[],"hands":[{"armBasis":[[0.936643,0.0582057,-0.345415],[0.120186,0.872836,0.472983],[0.329021,-0.484531,0.81054]],"armWidth":63.5437,"confidence":0.524918,"direction":[0.019732,0.773082,-0.633999],"elbow":[154.274,93.2947,263.275],"grabStrength":0.0178417,"id":699,"palmNormal":[-0.121738,-0.627546,-0.769003],"palmPosition":[58.6787,263.385,8.20189],"palmVelocity":[158.168,281.52,-194.88],"palmWidth":90.7382,"pinchStrength":0.561765,"r":[[0.963921,-0.155142,0.216306],[0.136354,0.985669,0.0993221],[-0.228615,-0.0662445,0.971261]],"s":1.10561,"sphereCenter":[43.8423,257.019,-31.6859],"sphereRadius":46.4849,"stabilizedPalmPosition":[46.8668,250.82,29.6368],"t":[22.0813,-21.6044,-149.734],"timeVisible":152.588,"type":"right","wrist":[65.6842,223.756,45.0347]}],"id":4294242,"interactionBox":{"center":[0,200,0],"size":[235.247,235.247,147.751]},"pointables":[{"bases":[[[0.512061,0.674984,0.531215],[-0.751908,0.0532678,0.657112],[0.415244,-0.735907,0.534802]],[[0.358393,0.869612,0.339601],[-0.768021,0.0678322,0.636822],[0.530752,-0.489054,0.692191]],[[0.358393,0.869612,0.339601],[-0.933476,0.328625,0.143623],[0.0132948,-0.368483,0.929539]],[[0.358393,0.869612,0.339601],[-0.579885,0.492445,-0.649023],[-0.731634,0.0356756,0.680764]]],"btipPosition":[26.2964,253.026,-40.7111],"carpPosition":[36.0936,216.985,41.2395],"dipPosition":[9.22095,253.858,-24.8229],"direction":[-0.0132948,0.368483,-0.929539],"extended":false,"handId":699,"id":6990,"length":51.9721,"mcpPosition":[36.0936,216.985,41.2395],"pipPosition":[9.67299,241.329,6.78259],"stabilizedTipPosition":[-0.895274,235.781,9.70383],"timeVisible":152.588,"tipPosition":[22.9709,253.907,-35.7604],"tipVelocity":[149.445,286.114,-279.105],"tool":false,"touchDistance":-0.694853,"touchZone":"hovering","type":0,"width":20.194},{"bases":[[[0.981591,0.0387575,-0.18702],[0.09856,0.735955,0.669818],[0.163599,-0.675921,0.718587]],[[0.989531,-0.00117059,-0.144318],[0.106342,0.681959,0.723618],[0.0975717,-0.731389,0.674944]],[[0.989531,-0.00117059,-0.144318],[0.0585429,0.917259,0.393966],[0.131915,-0.39829,0.907724]],[[0.989531,-0.00117059,-0.144318],[0.0116526,0.99735,0.0718074],[0.143851,-0.0727373,0.986923]]],"btipPosition":[24.846,328.492,-71.5199],"carpPosition":[46.6595,236.728,48.8118],"dipPosition":[27.297,327.253,-54.7044],"direction":[-0.131915,0.39829,-0.907724],"extended":true,"handId":699,"id":6991,"length":58.6448,"mcpPosition":[34.657,286.318,-3.90805],"pipPosition":[30.4766,317.653,-32.825],"stabilizedTipPosition":[19.1102,320.398,-59.2256],"timeVisible":152.588,"tipPosition":[25.265,329.556,-66.6283],"tipVelocity":[170.458,246.317,-214.304],"tool":false,"touchDistance":-0.617773,"touchZone":"touching","type":1,"width":19.2893},{"bases":[[[0.963389,-0.178952,-0.199646],[0.266659,0.716894,0.644171],[0.0278491,-0.673825,0.738366]],[[0.963315,-0.177237,-0.201524],[0.0141396,0.783382,-0.621379],[0.268002,0.595734,0.75715]],[[0.963315,-0.177237,-0.201524],[-0.261218,-0.446961,-0.855565],[0.061564,0.87682,-0.476861]],[[0.963315,-0.177237,-0.201524],[-0.249854,-0.866393,-0.43236],[-0.0979694,0.466851,-0.878893]]],"btipPosition":[43.9247,223.478,-10.5176],"carpPosition":[58.6543,238.845,47.255],"dipPosition":[42.0888,232.227,-26.988],"direction":[-0.061564,-0.87682,0.476861],"extended":false,"handId":699,"id":6992,"length":66.821,"mcpPosition":[56.7167,285.726,-4.11681],"pipPosition":[43.8346,257.091,-40.5107],"stabilizedTipPosition":[23.5001,206.674,20.6159],"timeVisible":152.588,"tipPosition":[43.553,225.448,-14.0105],"tipVelocity":[185.956,290.11,-237.229],"tool":false,"touchDistance":0.333333,"touchZone":"none","type":2,"width":18.9446},{"bases":[[[0.934125,-0.32969,-0.136802],[0.335559,0.680431,0.651471],[-0.1217,-0.65446,0.746238]],[[0.937168,-0.311222,-0.157659],[0.134031,0.738404,-0.660905],[0.322104,0.598248,0.733722]],[[0.937168,-0.311222,-0.157659],[-0.2929,-0.456367,-0.840201],[0.189539,0.833588,-0.51885]],[[0.937168,-0.311222,-0.157659],[-0.348849,-0.841655,-0.412214],[-0.00440424,0.441314,-0.897342]]],"btipPosition":[58.712,220.834,-3.45833],"carpPosition":[70.6155,237.858,44.7954],"dipPosition":[58.63,229.057,-20.1779],"direction":[-0.189539,-0.833588,0.51885],"extended":false,"handId":699,"id":6993,"length":64.2502,"mcpPosition":[78.2177,278.74,-1.8196],"pipPosition":[63.866,252.085,-34.5113],"stabilizedTipPosition":[43.0625,207.611,18.5729],"timeVisible":152.588,"tipPosition":[58.7518,222.81,-7.61759],"tipVelocity":[183.918,290.736,-220.43],"tool":false,"touchDistance":0.333333,"touchZone":"none","type":3,"width":18.027},{"bases":[[[0.84539,-0.511086,-0.155262],[0.464685,0.560358,0.685614],[-0.263405,-0.65176,0.711215]],[[0.798436,-0.599931,-0.050824],[0.441308,0.640567,-0.628428],[0.409569,0.47933,0.776206]],[[0.798436,-0.599931,-0.050824],[-0.324043,-0.357043,-0.87608],[0.507441,0.715963,-0.479479]],[[0.798436,-0.599931,-0.050824],[-0.552301,-0.696199,-0.458553],[0.239717,0.394196,-0.887212]]],"btipPosition":[68.1938,230.328,-4.31927],"carpPosition":[81.4224,230.283,39.5741],"dipPosition":[72.3143,237.104,-19.5697],"direction":[-0.507441,-0.715963,0.479479],"extended":false,"handId":699,"id":6994,"length":50.3709,"mcpPosition":[96.6537,267.971,-1.55168],"pipPosition":[82.2117,251.069,-28.9217],"stabilizedTipPosition":[55.2197,217.254,14.5511],"timeVisible":152.588,"tipPosition":[69.0975,231.901,-7.59098],"tipVelocity":[181.238,297.776,-219.501],"tool":false,"touchDistance":0.333333,"touchZone":"none","type":4,"width":16.013}],"r":[[0.963921,-0.155142,0.216306],[0.136354,0.985669,0.0993221],[-0.228615,-0.0662445,0.971261]],"s":1.10561,"t":[22.0813,-21.6044,-149.734],"timestamp":523870736292},false],[5,{"currentFrameRate":108.087,"devices":[],"gestures":[],"hands":[{"armBasis":[[0.932236,0.0700624,-0.355003],[0.112154,0.876816,0.467562],[0.344031,-0.475694,0.809542]],"armWidth":63.5437,"confidence":0.530526,"direction":[0.0221844,0.772755,-0.634316],"elbow":[159.458,98.1534,260.851],"grabStrength":0.0184596,"id":699,"palmNormal":[-0.112226,-0.628537,-0.76964],"palmPosition":[59.9865,265.812,5.9589],"palmVelocity":[153.382,275.993,-208.166],"palmWidth":90.7382,"pinchStrength":0.55511,"r":[[0.963149,-0.152558,0.221519],[0.131854,0.985638,0.105505],[-0.234433,-0.0724089,0.969432]],"s":1.10564,"sphereCenter":[45.798,259.183,-34.1763],"sphereRadius":46.4503,"stabilizedPalmPosition":[50.0639,254.473,23.8667],"t":[23.4284,-19.1842,-151.626],"timeVisible":152.597,"type":"right","wrist":[66.8271,226.235,42.8796]}],"id":4294243,"interactionBox":{"center":[0,200,0],"size":[235.247,235.247,147.751]},"pointables":[{"bases":[[[0.504463,0.677454,0.535325],[-0.757979,0.0505435,0.650318],[0.413503,-0.733826,0.538994]],[[0.35025,0.872607,0.340414],[-0.77562,0.0664509,0.627692],[0.525108,-0.483881,0.700086]],[[0.35025,0.872607,0.340414],[-0.936609,0.322612,0.136696],[0.00946029,-0.366713,0.930286]],[[0.35025,0.872607,0.340414],[-0.588854,0.487769,-0.644463],[-0.728406,0.0252687,0.684679]]],"btipPosition":[27.8391,255.304,-43.6363],"carpPosition":[37.3002,219.338,38.8241],"dipPosition":[10.839,255.894,-27.6567],"direction":[-0.00946029,0.366713,-0.930286],"extended":false,"handId":699,"id":6990,"length":51.9721,"mcpPosition":[37.3002,219.338,38.8241],"pipPosition":[11.1606,243.425,3.97422],"stabilizedTipPosition":[2.54162,238.502,2.82781],"timeVisible":152.597,"tipPosition":[24.5253,256.074,-38.6553],"tipVelocity":[154.772,273.109,-288.77],"tool":false,"touchDistance":-0.697263,"touchZone":"hovering","type":0,"width":20.194},{"bases":[[[0.983057,0.0427391,-0.178249],[0.0894857,0.736785,0.670179],[0.159974,-0.674775,0.720477]],[[0.990757,0.00302039,-0.135612],[0.0964682,0.687145,0.720087],[0.0953598,-0.726514,0.680503]],[[0.990757,0.00302039,-0.135612],[0.0503263,0.920212,0.388171],[0.125964,-0.391408,0.911555]],[[0.990757,0.00302039,-0.135612],[0.00590673,0.997843,0.065378],[0.135517,-0.0655748,0.988603]]],"btipPosition":[26.5481,330.314,-74.352],"carpPosition":[47.7155,239.13,46.4775],"dipPosition":[28.8571,329.196,-57.5079],"direction":[-0.125964,0.391408,-0.911555],"extended":true,"handId":699,"id":6991,"length":58.6448,"mcpPosition":[35.9788,288.636,-6.38105],"pipPosition":[31.8932,319.762,-35.5362],"stabilizedTipPosition":[21.2622,323.006,-62.2642],"timeVisible":152.597,"tipPosition":[26.9548,331.397,-69.475],"tipVelocity":[173.195,233.171,-239.818],"tool":false,"touchDistance":-0.626712,"touchZone":"touching","type":1,"width":19.2893},{"bases":[[[0.965876,-0.175053,-0.190892],[0.257885,0.71841,0.646051],[0.0240455,-0.673233,0.739039]],[[0.965812,-0.17334,-0.19277],[0.0164534,0.783073,-0.621712],[0.258721,0.597285,0.759153]],[[0.965812,-0.17334,-0.19277],[-0.25167,-0.44849,-0.857624],[0.0622055,0.876818,-0.476782]],[[0.965812,-0.17334,-0.19277],[-0.242367,-0.867648,-0.434103],[-0.0920088,0.465983,-0.879997]]],"btipPosition":[45.5661,225.83,-12.8706],"carpPosition":[59.7147,241.296,45.0267],"dipPosition":[43.8418,234.562,-29.3617],"direction":[-0.0622055,-0.876818,0.476782],"extended":false,"handId":699,"id":6992,"length":66.821,"mcpPosition":[58.0418,288.136,-6.39189],"pipPosition":[45.6058,259.427,-42.8821],"stabilizedTipPosition":[27.5292,210.609,13.6844],"timeVisible":152.597,"tipPosition":[45.2175,227.797,-16.3689],"tipVelocity":[184.259,279.791,-242.082],"tool":false,"touchDistance":0.333333,"touchZone":"none","type":2,"width":18.9446},{"bases":[[[0.93668,-0.325872,-0.128211],[0.326869,0.68224,0.653991],[-0.125647,-0.654489,0.745558]],[[0.939815,-0.307528,-0.148914],[0.137114,0.738626,-0.660023],[0.312967,0.599881,0.736338]],[[0.939815,-0.307528,-0.148914],[-0.283357,-0.457924,-0.842624],[0.190939,0.834106,-0.517503]],[[0.939815,-0.307528,-0.148914],[-0.341679,-0.843274,-0.414903],[0.00201888,0.440813,-0.897597]]],"btipPosition":[60.2934,223.258,-5.68531],"carpPosition":[71.7015,240.358,42.675],"dipPosition":[60.331,231.471,-22.4096],"direction":[-0.190939,-0.834106,0.517503],"extended":false,"handId":699,"id":6993,"length":64.2502,"mcpPosition":[79.5503,281.242,-3.89756],"pipPosition":[65.6058,254.514,-36.7058],"stabilizedTipPosition":[46.8353,211.449,12.4222],"timeVisible":152.597,"tipPosition":[60.365,225.228,-9.83439],"tipVelocity":[181.029,282.471,-226.073],"tool":false,"touchDistance":0.333333,"touchZone":"none","type":3,"width":18.027},{"bases":[[[0.848872,-0.507648,-0.147343],[0.456184,0.562729,0.68937],[-0.267044,-0.652403,0.709266]],[[0.801232,-0.596804,-0.0430398],[0.445321,0.64281,-0.623285],[0.399645,0.480229,0.78081]],[[0.801232,-0.596804,-0.0430398],[-0.313516,-0.357464,-0.879731],[0.509642,0.718362,-0.473519]],[[0.801232,-0.596804,-0.0430398],[-0.544977,-0.698169,-0.464284],[0.247038,0.395455,-0.88464]]],"btipPosition":[69.7492,232.807,-6.54774],"carpPosition":[82.5862,232.824,37.5558],"dipPosition":[73.9955,239.605,-21.7539],"direction":[-0.509642,-0.718362,0.473519],"extended":false,"handId":699,"id":6994,"length":50.3709,"mcpPosition":[98.0279,270.549,-3.45733],"pipPosition":[83.9359,253.616,-30.9897],"stabilizedTipPosition":[58.7975,221.204,8.87585],"timeVisible":152.597,"tipPosition":[70.6815,234.375,-9.78533],"tipVelocity":[178.358,289.413,-225.108],"tool":false,"touchDistance":0.333333,"touchZone":"none","type":4,"width":16.013}],"r":[[0.963149,-0.152558,0.221519],[0.131854,0.985638,0.105505],[-0.234433,-0.0724089,0.969432]],"s":1.10564,"t":[23.4284,-19.1842,-151.626],"timestamp":523870745557},false],[6,{"currentFrameRate":108.219,"devices":[],"gestures":[],"hands":[{"armBasis":[[0.935441,0.0675127,-0.346976],[0.109163,0.878437,0.465223],[0.336205,-0.473065,0.814356]],"armWidth":63.5437,"confidence":0.536687,"direction":[0.0216733,0.768285,-0.639741],"elbow":[158.497,100.784,260.958],"grabStrength":0.0163933,"id":699,"palmNormal":[-0.109103,-0.634252,-0.76539],"palmPosition":[61.1157,267.455,4.47502],"palmVelocity":[145.708,250.339,-196.267],"palmWidth":90.7382,"pinchStrength":0.550775,"r":[[0.962475,-0.149739,0.226318],[0.127716,0.985794,0.109085],[-0.239437,-0.0760868,0.967926]],"s":1.10576,"sphereCenter":[47.2219,260.41,-35.7114],"sphereRadius":46.4271,"stabilizedPalmPosition":[52.8025,257.69,19.0616],"t":[24.6666,-17.1522,-153.314],"timeVisible":152.606,"type":"right","wrist":[67.9731,228.158,41.6901]}],"id":4294244,"interactionBox":{"center":[0,200,0],"size":[235.247,235.247,147.751]},"pointables":[{"bases":[[[0.501714,0.682448,0.531553],[-0.759466,0.0533348,0.648358],[0.41412,-0.728986,0.545054]],[[0.34633,0.876811,0.333553],[-0.778949,0.0706407,0.623096],[0.522775,-0.475618,0.707456]],[[0.34633,0.876811,0.333553],[-0.938058,0.31985,0.133202],[0.0101065,-0.359024,0.933274]],[[0.34633,0.876811,0.333553],[-0.597733,0.480288,-0.641903],[-0.723029,0.0229352,0.690437]]],"btipPosition":[28.9789,256.51,-45.4412],"carpPosition":[38.4714,221.162,37.622],"dipPosition":[12.1043,257.045,-29.3272],"direction":[-0.0101065,0.359024,-0.933274],"extended":false,"handId":699,"id":6990,"length":51.9721,"mcpPosition":[38.4714,221.162,37.622],"pipPosition":[12.4479,244.838,2.40525],"stabilizedTipPosition":[5.63043,240.985,-3.27457],"timeVisible":152.606,"tipPosition":[25.6699,257.24,-40.4264],"tipVelocity":[147.921,234.493,-263.586],"tool":false,"touchDistance":-0.68248,"touchZone":"hovering","type":0,"width":20.194},{"bases":[[[0.983325,0.0438368,-0.176495],[0.0863132,0.741736,0.665115],[0.160069,-0.669258,0.725584]],[[0.991028,0.00445663,-0.133578],[0.0930224,0.694638,0.71332],[0.0959671,-0.719346,0.687991]],[[0.991028,0.00445663,-0.133578],[0.0470799,0.923742,0.380111],[0.125085,-0.382989,0.915245]],[[0.991028,0.00445663,-0.133578],[0.00330661,0.99832,0.0578398],[0.133611,-0.0577625,0.989349]]],"btipPosition":[27.6765,331.168,-76.4702],"carpPosition":[48.8232,241.032,45.1563],"dipPosition":[29.953,330.184,-59.6134],"direction":[-0.125085,0.382989,-0.915245],"extended":true,"handId":699,"id":6991,"length":58.6448,"mcpPosition":[37.0796,290.133,-8.07685],"pipPosition":[32.968,320.952,-37.5528],"stabilizedTipPosition":[23.001,324.995,-64.853],"timeVisible":152.606,"tipPosition":[28.0849,332.25,-71.6236],"tipVelocity":[159.827,196.139,-238.491],"tool":false,"touchDistance":-0.624104,"touchZone":"touching","type":1,"width":19.2893},{"bases":[[[0.966692,-0.17408,-0.187625],[0.254807,0.723595,0.64147],[0.024098,-0.667911,0.74385]],[[0.966627,-0.172383,-0.189514],[0.0159057,0.778707,-0.627186],[0.255692,0.603241,0.755461]],[[0.966627,-0.172383,-0.189514],[-0.248784,-0.455084,-0.854988],[0.0611403,0.873603,-0.482783]],[[0.966627,-0.172383,-0.189514],[-0.239387,-0.87124,-0.428525],[-0.0912423,0.459592,-0.883431]]],"btipPosition":[46.8293,227.305,-14.1047],"carpPosition":[60.8202,243.217,43.7153],"dipPosition":[45.1195,235.918,-30.6602],"direction":[-0.0611403,-0.873603,0.482783],"extended":false,"handId":699,"id":6992,"length":66.821,"mcpPosition":[59.1436,289.687,-8.03805],"pipPosition":[46.8533,260.691,-44.3508],"stabilizedTipPosition":[31.1825,214.218,7.57908],"timeVisible":152.606,"tipPosition":[46.4835,229.248,-17.6186],"tipVelocity":[172.296,247.119,-213.702],"tool":false,"touchDistance":0.333333,"touchZone":"none","type":2,"width":18.9446},{"bases":[[[0.937724,-0.32452,-0.123936],[0.32386,0.687649,0.649811],[-0.125652,-0.649481,0.749924]],[[0.940842,-0.306427,-0.144637],[0.136825,0.734063,-0.665154],[0.309994,0.606015,0.732564]],[[0.940842,-0.306427,-0.144637],[-0.280485,-0.464785,-0.839823],[0.190119,0.830709,-0.523237]],[[0.940842,-0.306427,-0.144637],[-0.338834,-0.847072,-0.409464],[0.00295315,0.434249,-0.900788]]],"btipPosition":[61.5441,224.821,-6.85163],"carpPosition":[72.8142,242.291,41.3953],"dipPosition":[61.5991,232.912,-23.6354],"direction":[-0.190119,-0.830709,0.523237],"extended":false,"handId":699,"id":6993,"length":64.2502,"mcpPosition":[80.6633,282.862,-5.44989],"pipPosition":[66.8512,255.86,-38.09],"stabilizedTipPosition":[50.1749,214.904,7.17414],"timeVisible":152.606,"tipPosition":[61.6208,226.76,-11.0152],"tipVelocity":[169.591,251.725,-199.985],"tool":false,"touchDistance":0.333333,"touchZone":"none","type":3,"width":18.027},{"bases":[[[0.850391,-0.506638,-0.14196],[0.453385,0.568703,0.686308],[-0.266977,-0.647993,0.713323]],[[0.802469,-0.595569,-0.0366099],[0.44703,0.640699,-0.624235],[0.395231,0.484563,0.780379]],[[0.802469,-0.595569,-0.0366099],[-0.308822,-0.362041,-0.87952],[0.510561,0.717094,-0.474452]],[[0.802469,-0.595569,-0.0366099],[-0.541903,-0.701728,-0.462515],[0.249769,0.390993,-0.885855]]],"btipPosition":[70.9775,234.424,-7.93125],"carpPosition":[83.7276,234.748,36.3525],"dipPosition":[75.2708,241.145,-23.1583],"direction":[-0.510561,-0.717094,0.474452],"extended":false,"handId":699,"id":6994,"length":50.3709,"mcpPosition":[99.1655,272.218,-4.89514],"pipPosition":[85.2291,255.131,-32.4123],"stabilizedTipPosition":[61.9174,224.702,4.06385],"timeVisible":152.606,"tipPosition":[71.9235,235.961,-11.1313],"tipVelocity":[167.177,258.716,-205.641],"tool":false,"touchDistance":0.333333,"touchZone":"none","type":4,"width":16.013}],"r":[[0.962475,-0.149739,0.226318],[0.127716,0.985794,0.109085],[-0.239437,-0.0760868,0.967926]],"s":1.10576,"t":[24.6666,-17.1522,