{"sensorType":"Leap","data":[[0,{"currentFrameRate":109.494,"devices":[],"gestures":[],"hands":[{"armBasis":[[0.939936,0.00939184,-0.341223],[0.17085,0.85246,0.494087],[0.295519,-0.522708,0.799653]],"armWidth":63.5437,"confidence":0.653078,"direction":[-0.00629907,0.714568,-0.699537],"elbow":[153.355,79.2188,273.817],"grabStrength":0,"id":699,"palmNormal":[-0.178768,-0.689086,-0.702283],"palmPosition":[65.1968,256.388,18.8165],"palmVelocity":[140.636,221.402,-239.525],"palmWidth":90.7382,"pinchStrength":0.601583,"r":[[0.974784,-0.148234,0.166801],[0.147715,0.988907,0.0155816],[-0.167261,0.00945038,0.985867]],"s":1.08939,"sphereCenter":[59.8064,243.14,-23.3418],"sphereRadius":47.2256,"stabilizedPalmPosition":[45.4219,232.728,66.8938],"t":[28.768,-28.077,-138.578],"timeVisible":134.682,"type":"right","wrist":[73.7852,219.959,58.5084]}],"id":4292323,"interactionBox":{"center":[0,200,0],"size":[235.247,235.247,147.751]},"pointables":[{"bases":[[[0.554573,0.707231,0.438489],[-0.709407,0.126382,0.693375],[0.434959,-0.695595,0.571803]],[[0.435897,0.851746,0.290728],[-0.735225,0.150692,0.66086],[0.519075,-0.501817,0.691911]],[[0.435897,0.851746,0.290728],[-0.897155,0.385575,0.21551],[0.0714623,-0.354768,0.932219]],[[0.435897,0.851746,0.290728],[-0.569183,0.511121,-0.644039],[-0.697155,0.115257,0.707595]]],"btipPosition":[31.9124,247.882,-25.5671],"carpPosition":[43.9107,213.529,57.0869],"dipPosition":[15.6416,250.571,-9.05264],"direction":[-0.0714623,0.354768,-0.932219],"extended":false,"handId":699,"id":6990,"length":51.9721,"mcpPosition":[43.9107,213.529,57.0869],"pipPosition":[18.0714,238.509,22.644],"stabilizedTipPosition":[1.00024,224.373,44.7912],"timeVisible":134.682,"tipPosition":[28.8063,248.602,-21.0053],"tipVelocity":[146.996,218.043,-289.468],"tool":false,"touchDistance":-0.676751,"touchZone":"hovering","type":0,"width":20.194},{"bases":[[[0.968846,0.00105852,-0.247661],[0.151365,0.788962,0.595507],[0.196026,-0.614442,0.764222]],[[0.988474,-0.119147,-0.0933948],[0.150814,0.721294,0.67601],[-0.0131797,-0.682304,0.73095]],[[0.988474,-0.119147,-0.0933948],[0.146878,0.904258,0.40093],[0.0366832,-0.410026,0.911336]],[[0.988474,-0.119147,-0.0933948],[0.131408,0.981601,0.138532],[0.0751706,-0.149209,0.985944]]],"btipPosition":[39.2607,320.357,-63.8957],"carpPosition":[55.2426,233.62,62.2539],"dipPosition":[40.5415,317.815,-47.0969],"direction":[-0.0366832,0.410026,-0.911336],"extended":true,"handId":699,"id":6991,"length":58.6448,"mcpPosition":[40.861,278.699,6.18599],"pipPosition":[41.4256,307.932,-25.1305],"stabilizedTipPosition":[16.724,300.627,-12.6518],"timeVisible":134.682,"tipPosition":[39.6701,320.553,-59.5118],"tipVelocity":[168.398,201.045,-266.583],"tool":false,"touchDistance":-0.641717,"touchZone":"hovering","type":1,"width":19.2893},{"bases":[[[0.946328,-0.216479,-0.240002],[0.317247,0.764101,0.561697],[0.0617898,-0.60769,0.791767]],[[0.946381,-0.217006,-0.239315],[0.0177459,0.774594,-0.63221],[0.322565,0.594065,0.736912]],[[0.946381,-0.217006,-0.239315],[-0.312048,-0.422355,-0.851024],[0.0836016,0.880071,-0.467425]],[[0.946381,-0.217006,-0.239315],[-0.302438,-0.855539,-0.420219],[-0.113553,0.470065,-0.875297]]],"btipPosition":[47.1066,215.293,-1.04262],"carpPosition":[67.1531,235.333,59.8075],"dipPosition":[44.9786,224.102,-17.4457],"direction":[-0.0836016,-0.880071,0.467425],"extended":false,"handId":699,"id":6992,"length":66.821,"mcpPosition":[62.8541,277.613,4.72037],"pipPosition":[47.3493,249.058,-30.7008],"stabilizedTipPosition":[21.9204,196.035,45.4813],"timeVisible":134.682,"tipPosition":[46.7309,217.221,-4.22991],"tipVelocity":[174.121,213.555,-255.678],"tool":false,"touchDistance":0.333333,"touchZone":"none","type":2,"width":18.9446},{"bases":[[[0.91848,-0.360527,-0.162526],[0.385856,0.726921,0.568069],[-0.0866603,-0.584471,0.806773]],[[0.920019,-0.348855,-0.178508],[0.141196,0.720029,-0.679427],[0.365552,0.599882,0.711698]],[[0.920019,-0.348855,-0.178508],[-0.328356,-0.437645,-0.837048],[0.213885,0.828714,-0.51719]],[[0.920019,-0.348855,-0.178508],[-0.391757,-0.829903,-0.397226],[-0.00956992,0.435387,-0.900192]]],"btipPosition":[62.3195,212.653,5.69163],"carpPosition":[78.924,233.877,56.7382],"dipPosition":[62.1412,220.766,-11.081],"direction":[-0.213885,-0.828714,0.51719],"extended":false,"handId":699,"id":6993,"length":64.2502,"mcpPosition":[84.3374,270.387,6.3418],"pipPosition":[68.0499,243.659,-25.3686],"stabilizedTipPosition":[42.6339,195.314,36.9703],"timeVisible":134.682,"tipPosition":[62.3987,214.441,2.07529],"tipVelocity":[165.644,225.912,-263.022],"tool":false,"touchDistance":0.333333,"touchZone":"none","type":3,"width":18.027},{"bases":[[[0.825812,-0.540869,-0.159671],[0.514833,0.607485,0.604904],[-0.230176,-0.581741,0.780126]],[[0.789365,-0.611175,-0.0580453],[0.432145,0.620305,-0.654578],[0.436067,0.491616,0.753763]],[[0.789365,-0.611175,-0.0580453],[-0.336628,-0.351819,-0.873444],[0.513406,0.709006,-0.483452]],[[0.789365,-0.611175,-0.0580453],[-0.569006,-0.692832,-0.442963],[0.230512,0.382688,-0.894659]]],"btipPosition":[73.2233,221.542,4.68916],"carpPosition":[89.2658,225.645,51.5705],"dipPosition":[77.1856,228.12,-10.6892],"direction":[-0.513406,-0.709006,0.483452],"extended":false,"handId":699,"id":6994,"length":50.3709,"mcpPosition":[102.576,259.284,6.45992],"pipPosition":[87.1994,241.949,-20.1188],"stabilizedTipPosition":[55.4893,204.052,35.5344],"timeVisible":134.682,"tipPosition":[74.0887,222.961,1.75085],"tipVelocity":[167.62,232.678,-259.282],"tool":false,"touchDistance":0.333333,"touchZone":"none","type":4,"width":16.013}],"r":[[0.974784,-0.148234,0.166801],[0.147715,0.988907,0.0155816],[-0.167261,0.00945038,0.985867]],"s":1.08939,"t":[28.768,-28.077,-138.578],"timestamp":523852831053},false],[1,{"currentFrameRate":109.463,"devices":[],"gestures":[],"hands":[{"armBasis":[[0.942183,0.00787536,-0.335007],[0.168221,0.853511,0.493174],[0.289816,-0.521016,0.802838]],"armWidth":63.5437,"confidence":0.641977,"direction":[-0.00373329,0.713043,-0.70111],"elbow":[152.879,80.8157,273.323],"grabStrength":0,"id":699,"palmNormal":[-0.175334,-0.690721,-0.701543],"palmPosition":[66.4054,257.437,17.3489],"palmVelocity":[138.081,191.441,-217.208],"palmWidth":90.7382,"pinchStrength":0.586102,"r":[[0.974129,-0.145246,0.173137],[0.144567,0.989356,0.0165946],[-0.173705,0.00886475,0.984758]],"s":1.09005,"sphereCenter":[61.4338,243.978,-24.9374],"sphereRadius":47.3062,"stabilizedPalmPosition":[47.5871,235.277,61.7815],"t":[29.9812,-26.6077,-140.353],"timeVisible":134.692,"type":"right","wrist":[74.8456,221.101,57.1564]}],"id":4292324,"interactionBox":{"center":[0,200,0],"size":[235.247,235.247,147.751]},"pointables":[{"bases":[[[0.552256,0.708525,0.439324],[-0.712452,0.127449,0.690049],[0.432926,-0.694081,0.575175]],[[0.433957,0.852801,0.290537],[-0.738627,0.152121,0.656726],[0.51586,-0.49959,0.695916]],[[0.433957,0.852801,0.290537],[-0.897612,0.381592,0.220636],[0.0772922,-0.356537,0.931079]],[[0.433957,0.852801,0.290537],[-0.584641,0.511924,-0.629387],[-0.685475,0.103267,0.720736]]],"btipPosition":[32.6723,249.23,-27.5004],"carpPosition":[44.9814,214.649,55.6208],"dipPosition":[16.6741,251.641,-10.6793],"direction":[-0.0772922,0.356537,-0.931079],"extended":false,"handId":699,"id":6990,"length":51.9721,"mcpPosition":[44.9814,214.649,55.6208],"pipPosition":[19.3022,239.518,20.9785],"stabilizedTipPosition":[2.76396,225.974,40.4801],"timeVisible":134.692,"tipPosition":[29.7346,249.754,-22.8536],"tipVelocity":[130.926,196.161,-265.21],"tool":false,"touchDistance":-0.665351,"touchZone":"hovering","type":0,"width":20.194},{"bases":[[[0.969899,0.00111985,-0.243506],[0.148327,0.790347,0.594433],[0.19312,-0.612658,0.766391]],[[0.988938,-0.118552,-0.0891426],[0.147515,0.723252,0.674645],[-0.0155081,-0.680332,0.73274]],[[0.988938,-0.118552,-0.0891426],[0.144539,0.905195,0.399662],[0.0333105,-0.408126,0.912318]],[[0.988938,-0.118552,-0.0891426],[0.130115,0.981899,0.137636],[0.0712119,-0.147712,0.986463]]],"btipPosition":[40.7586,321.208,-65.6253],"carpPosition":[56.2788,234.758,60.7926],"dipPosition":[41.9719,318.692,-48.8176],"direction":[-0.0333105,0.408126,-0.912318],"extended":true,"handId":699,"id":6991,"length":58.6448,"mcpPosition":[42.1104,279.706,4.56561],"pipPosition":[42.7748,308.854,-26.8275],"stabilizedTipPosition":[19.3059,302.751,-17.8666],"timeVisible":134.692,"tipPosition":[41.157,321.393,-61.2488],"tipVelocity":[166.411,170.92,-244.608],"tool":false,"touchDistance":-0.631792,"touchZone":"hovering","type":1,"width":19.2893},{"bases":[[[0.94748,-0.216414,-0.235469],[0.314369,0.765516,0.561389],[0.0587627,-0.60593,0.793345]],[[0.94753,-0.216933,-0.234789],[0.0200173,0.773308,-0.633714],[0.319038,0.595764,0.737075]],[[0.94753,-0.216933,-0.234789],[-0.308127,-0.424249,-0.851511],[0.0851119,0.879177,-0.468832]],[[0.94753,-0.216933,-0.234789],[-0.300124,-0.856573,-0.419771],[-0.110052,0.468211,-0.876736]]],"btipPosition":[48.4238,216.289,-2.50727],"carpPosition":[68.1986,236.473,58.3936],"dipPosition":[46.3614,225.063,-18.9373],"direction":[-0.0851119,-0.879177,0.468832],"extended":false,"handId":699,"id":6992,"length":66.821,"mcpPosition":[64.1102,278.631,3.1967],"pipPosition":[48.775,249.994,-32.2323],"stabilizedTipPosition":[24.7297,198.439,39.8941],"timeVisible":134.692,"tipPosition":[48.0599,218.211,-5.70461],"tipVelocity":[165.97,183.91,-228.944],"tool":false,"touchDistance":0.333333,"touchZone":"none","type":2,"width":18.9446},{"bases":[[[0.919388,-0.360311,-0.157801],[0.382972,0.728392,0.568136],[-0.0897645,-0.58277,0.807664]],[[0.920923,-0.349211,-0.173067],[0.146865,0.722255,-0.675854],[0.361014,0.596992,0.716428]],[[0.920923,-0.349211,-0.173067],[-0.322755,-0.434406,-0.840905],[0.218471,0.830267,-0.512764]],[[0.920923,-0.349211,-0.173067],[-0.389728,-0.829138,-0.400801],[-0.0035326,0.436556,-0.89967]]],"btipPosition":[63.536,213.752,3.93302],"carpPosition":[79.9835,235.018,55.378],"dipPosition":[63.4701,221.886,-12.8299],"direction":[-0.218471,-0.830267,0.512764],"extended":false,"handId":699,"id":6993,"length":64.2502,"mcpPosition":[85.5908,271.422,4.92597],"pipPosition":[69.5055,244.822,-26.9952],"stabilizedTipPosition":[45.2291,197.837,32.3865],"timeVisible":134.692,"tipPosition":[63.6554,215.523,0.431247],"tipVelocity":[157.125,196.325,-242.918],"tool":false,"touchDistance":0.333333,"touchZone":"none","type":3,"width":18.027},{"bases":[[[0.826819,-0.540704,-0.154951],[0.511863,0.609116,0.605784],[-0.233167,-0.580187,0.780395]],[[0.789168,-0.61202,-0.0514288],[0.440721,0.622622,-0.646612],[0.42776,0.48762,0.761084]],[[0.789168,-0.61202,-0.0514288],[-0.326924,-0.347708,-0.87876],[0.519937,0.710303,-0.474485]],[[0.789168,-0.61202,-0.0514288],[-0.565639,-0.691621,-0.449124],[0.239304,0.383525,-0.891988]]],"btipPosition":[74.4972,222.689,2.89677],"carpPosition":[90.3524,226.78,50.2726],"dipPosition":[78.6106,229.281,-12.4357],"direction":[-0.519937,-0.710303,0.474485],"extended":false,"handId":699,"id":6994,"length":50.3709,"mcpPosition":[103.835,260.33,5.14646],"pipPosition":[88.7518,243.136,-21.6904],"stabilizedTipPosition":[58.2331,206.823,30.5616],"timeVisible":134.692,"tipPosition":[75.4048,224.078,0.0655227],"tipVelocity":[160.566,202.631,-240.998],"tool":false,"touchDistance":0.333333,"touchZone":"none","type":4,"width":16.013}],"r":[[0.974129,-0.145246,0.173137],[0.144567,0.989356,0.0165946],[-0.173705,0.00886475,0.984758]],"s":1.09005,"t":[29.9812,-26.6077,-140.353],"timestamp":523852840244},false],[2,{"currentFrameRate":109.591,"devices":[],"gestures":[],"hands":[{"armBasis":[[0.949147,0.0237022,-0.31394],[0.148915,0.844765,0.514001],[0.277388,-0.534613,0.798276]],"armWidth":63.5437,"confidence":0.644883,"direction":[0.00134988,0.72078,-0.693162],"elbow":[150.318,79.0482,270.115],"grabStrength":0,"id":699,"palmNormal":[-0.153562,-0.684792,-0.712376],"palmPosition":[67.5301,259.675,15.6151],"palmVelocity":[134.91,207.773,-211.136],"palmWidth":90.7382,"pinchStrength":0.583239,"r":[[0.973203,-0.140976,0.181664],[0.139651,0.989996,0.0201275],[-0.182685,0.00578153,0.983155]],"s":1.09052,"sphereCenter":[63.7124,246.488,-27.0354],"sphereRadius":47.3592,"stabilizedPalmPosition":[49.7335,237.903,56.8128],"t":[31.1502,-24.7542,-142.108],"timeVisible":134.7,"type":"right","wrist":[75.6305,222.994,55.1769]}],"id":4292325,"interactionBox":{"center":[0,200,0],"size":[235.247,235.247,147.751]},"pointables":[{"bases":[[[0.535238,0.709924,0.457742],[-0.727099,0.111392,0.677435],[0.429939,-0.695413,0.575807]],[[0.417007,0.85552,0.306904],[-0.75409,0.137157,0.642289],[0.507398,-0.499272,0.702335]],[[0.417007,0.85552,0.306904],[-0.906143,0.365028,0.213682],[0.0707807,-0.367205,0.927443]],[[0.417007,0.85552,0.306904],[-0.589769,0.51162,-0.624834],[-0.691576,0.0795582,0.717909]]],"btipPosition":[34.356,251.695,-30.2609],"carpPosition":[45.88,216.213,52.9903],"dipPosition":[18.2154,253.552,-13.5058],"direction":[-0.0707807,0.367205,-0.927443],"extended":false,"handId":699,"id":6990,"length":51.9721,"mcpPosition":[45.88,216.213,52.9903],"pipPosition":[20.622,241.066,18.0284],"stabilizedTipPosition":[4.57171,227.669,36.1431],"timeVisible":134.7,"tipPosition":[31.423,252.066,-25.6013],"tipVelocity":[145.782,214.252,-277.926],"tool":false,"touchDistance":-0.668784,"touchZone":"hovering","type":0,"width":20.194},{"bases":[[[0.974337,0.0151401,-0.224585],[0.127449,0.785294,0.605864],[0.185538,-0.618938,0.763211]],[[0.991817,-0.105463,-0.0719424],[0.126052,0.719732,0.682713],[-0.0202215,-0.686195,0.727136]],[[0.991817,-0.105463,-0.0719424],[0.125793,0.903462,0.409797],[0.0217789,-0.415494,0.909335]],[[0.991817,-0.105463,-0.0719424],[0.115244,0.982081,0.149117],[0.054927,-0.156188,0.986199]]],"btipPosition":[42.6297,323.877,-67.2665],"carpPosition":[56.8364,236.393,58.6016],"dipPosition":[43.5656,321.216,-50.4633],"direction":[-0.0217789,0.415493,-0.909335],"extended":true,"handId":699,"id":6991,"length":58.6448,"mcpPosition":[43.2242,281.802,2.60791],"pipPosition":[44.0906,311.201,-28.5452],"stabilizedTipPosition":[21.9578,305.062,-22.9965],"timeVisible":134.7,"tipPosition":[42.9763,324.04,-62.8666],"tipVelocity":[176.398,204.994,-228.287],"tool":false,"touchDistance":-0.62158,"touchZone":"hovering","type":1,"width":19.2893},{"bases":[[[0.954347,-0.202717,-0.21938],[0.29438,0.762769,0.575782],[0.0506157,-0.614077,0.787622]],[[0.954391,-0.203257,-0.218687],[0.0245734,0.783469,-0.620944],[0.297546,0.58725,0.752731]],[[0.954391,-0.203257,-0.218687],[-0.286151,-0.413766,-0.864243],[0.0851774,0.887403,-0.453057]],[[0.954391,-0.203257,-0.218687],[-0.282121,-0.853662,-0.4378],[-0.0976994,0.479529,-0.87207]]],"btipPosition":[50.3709,218.62,-5.33626],"carpPosition":[68.7791,238.274,56.4537],"dipPosition":[48.54,227.606,-21.6789],"direction":[-0.0851774,-0.887403,0.453057],"extended":false,"handId":699,"id":6992,"length":66.821,"mcpPosition":[65.2576,280.998,1.65501],"pipPosition":[50.9554,252.771,-34.5265],"stabilizedTipPosition":[27.548,200.925,34.4195],"timeVisible":134.7,"tipPosition":[50.0614,220.565,-8.449],"tipVelocity":[181.974,206.634,-252.537],"tool":false,"touchDistance":0.333333,"touchZone":"none","type":2,"width":18.9446},{"bases":[[[0.926468,-0.347794,-0.14386],[0.363275,0.726372,0.583451],[-0.0984243,-0.59281,0.799306]],[[0.928137,-0.336719,-0.158688],[0.151908,0.731818,-0.664354],[0.339831,0.592506,0.730378]],[[0.928137,-0.336719,-0.158688],[-0.300996,-0.428075,-0.852146],[0.219003,0.838673,-0.498663]],[[0.928137,-0.336719,-0.158688],[-0.372125,-0.828839,-0.417791],[0.00915136,0.446819,-0.894578]]],"btipPosition":[65.4227,216.127,1.62304],"carpPosition":[80.6364,236.99,53.6519],"dipPosition":[65.5932,224.452,-15.045],"direction":[-0.219003,-0.838673,0.498663],"extended":false,"handId":699,"id":6993,"length":64.2502,"mcpPosition":[86.7847,274.02,3.72194],"pipPosition":[71.6432,247.621,-28.8207],"stabilizedTipPosition":[47.7996,200.404,27.9911],"timeVisible":134.7,"tipPosition":[65.5914,217.937,-1.85222],"tipVelocity":[173.723,216.873,-246.797],"tool":false,"touchDistance":0.333333,"touchZone":"none","type":3,"width":18.027},{"bases":[[[0.836006,-0.529272,-0.144795],[0.49282,0.608189,0.622282],[-0.241294,-0.591589,0.769285]],[[0.796491,-0.603245,-0.0412027],[0.450913,0.637994,-0.624213],[0.40284,0.478601,0.780167]],[[0.796491,-0.603245,-0.0412027],[-0.300549,-0.335856,-0.892676],[0.524665,0.723392,-0.448811]],[[0.796491,-0.603245,-0.0412027],[-0.547551,-0.690691,-0.472371],[0.256497,0.398799,-0.880436]]],"btipPosition":[76.3046,225.299,0.552939],"carpPosition":[91.1989,228.931,48.6586],"dipPosition":[80.7135,232.154,-14.581],"direction":[-0.524665,-0.723392,0.448811],"extended":false,"handId":699,"id":6994,"length":50.3709,"mcpPosition":[105.152,263.139,4.17486],"pipPosition":[90.9469,246.263,-23.3349],"stabilizedTipPosition":[60.9072,209.633,25.8694],"timeVisible":134.7,"tipPosition":[77.2741,226.712,-2.16109],"tipVelocity":[174.22,229.147,-245.705],"tool":false,"touchDistance":0.333333,"touchZone":"none","type":4,"width":16.013}],"r":[[0.973203,-0.140976,0.181664],[0.139651,0.989996,0.0201275],[-0.182685,0.00578153,0.983155]],"s":1.09052,"t":[31.1502,-24.7542,-142.108],"timestamp":523852849141},false],[3,{"currentFrameRate":109.509,"devices":[],"gestures":[],"hands":[{"armBasis":[[0.948449,0.0275128,-0.315732],[0.143907,0.850219,0.506378],[0.282374,-0.52571,0.80243]],"armWidth":63.5437,"confidence":0.595722,"direction":[0.00783214,0.719603,-0.694341],"elbow":[152.444,83.7228,268.642],"grabStrength":0,"id":699,"palmNormal":[-0.146968,-0.685994,-0.71261],"palmPosition":[68.6836,261.885,12.888],"palmVelocity":[131.929,216.362,-234.463],"palmWidth":90.7382,"pinchStrength":0.579607,"r":[[0.972037,-0.137524,0.190343],[0.135662,0.990492,0.0228427],[-0.191675,0.00361834,0.981452]],"s":1.09109,"sphereCenter":[65.3878,248.529,-29.8696],"sphereRadius":47.412,"stabilizedPalmPosition":[51.9485,240.706,51.6785],"t":[32.3114,-22.7221,-144.349],"timeVisible":134.71,"type":"right","wrist":[76.4139,225.272,52.5855]}],"id":4292326,"interactionBox":{"center":[0,200,0],"size":[235.247,235.247,147.751]},"pointables":[{"bases":[[[0.530995,0.710681,0.461494],[-0.733361,0.112568,0.670455],[0.42453,-0.69445,0.580958]],[[0.413549,0.856615,0.308526],[-0.760711,0.138881,0.634059],[0.500296,-0.496914,0.70907]],[[0.413549,0.856615,0.308526],[-0.907901,0.362482,0.21053],[0.0685078,-0.367176,0.927625]],[[0.413549,0.856615,0.308526],[-0.594578,0.510713,-0.621007],[-0.689532,0.0733738,0.720529]]],"btipPosition":[35.5438,253.996,-33.5199],"carpPosition":[46.6847,218.487,50.134],"dipPosition":[19.4509,255.708,-16.7036],"direction":[-0.0685078,0.367176,-0.927625],"extended":false,"handId":699,"id":6990,"length":51.9721,"mcpPosition":[46.6847,218.487,50.134],"pipPosition":[21.7802,243.224,14.8368],"stabilizedTipPosition":[6.48302,229.542,31.5317],"timeVisible":134.71,"tipPosition":[32.6594,254.293,-28.8422],"tipVelocity":[141.111,222.745,-298.16],"tool":false,"touchDistance":-0.678913,"touchZone":"hovering","type":0,"width":20.194},{"bases":[[[0.976384,0.0147238,-0.215542],[0.121851,0.786316,0.605689],[0.178402,-0.617649,0.765952]],[[0.992451,-0.105063,-0.0632644],[0.11989,0.7225,0.680896],[-0.0258287,-0.683341,0.729642]],[[0.992451,-0.105063,-0.0632644],[0.121801,0.904646,0.408387],[0.0143254,-0.41301,0.910614]],[[0.992451,-0.105063,-0.0632644],[0.113469,0.982365,0.148608],[0.0465355,-0.154665,0.98687]]],"btipPosition":[44.4693,325.858,-70.4062],"carpPosition":[57.5895,238.677,55.8127],"dipPosition":[45.2621,323.223,-53.5916],"direction":[-0.0143254,0.41301,-0.910614],"extended":true,"handId":699,"id":6991,"length":58.6448,"mcpPosition":[44.5008,283.991,-0.382144],"pipPosition":[45.6074,313.268,-31.6426],"stabilizedTipPosition":[24.7514,307.548,-28.3565],"timeVisible":134.71,"tipPosition":[44.8029,326.016,-66.0054],"tipVelocity":[181.561,207.584,-259.23],"tool":false,"touchDistance":-0.634811,"touchZone":"hovering","type":1,"width":19.2893},{"bases":[[[0.956335,-0.203123,-0.210153],[0.289054,0.763734,0.577199],[0.0432585,-0.612741,0.789099]],[[0.956374,-0.203674,-0.209443],[0.03171,0.785045,-0.618627],[0.290421,0.584997,0.757255]],[[0.956374,-0.203674,-0.209443],[-0.277705,-0.41118,-0.868223],[0.0907161,0.888509,-0.449803]],[[0.956374,-0.203674,-0.209443],[-0.278352,-0.852959,-0.441567],[-0.0887104,0.480602,-0.872441]]],"btipPosition":[51.6724,220.863,-8.42284],"carpPosition":[69.5518,240.553,53.7727],"dipPosition":[50.0099,229.87,-24.7724],"direction":[-0.0907161,-0.888509,0.449803],"extended":false,"handId":699,"id":6992,"length":66.821,"mcpPosition":[66.5421,283.185,-1.12877],"pipPosition":[52.5824,255.066,-37.5277],"stabilizedTipPosition":[30.3996,203.569,28.8222],"timeVisible":134.71,"tipPosition":[51.4033,222.797,-11.4892],"tipVelocity":[171.403,216.693,-275.164],"tool":false,"touchDistance":0.333333,"touchZone":"none","type":2,"width":18.9446},{"bases":[[[0.927748,-0.348071,-0.13465],[0.357872,0.727348,0.58557],[-0.105883,-0.591449,0.79936]],[[0.929529,-0.337197,-0.149245],[0.158924,0.731547,-0.66301],[0.332745,0.592568,0.733583]],[[0.929529,-0.337197,-0.149245],[-0.292612,-0.428198,-0.855],[0.224397,0.838418,-0.49669]],[[0.929529,-0.337197,-0.149245],[-0.368302,-0.829052,-0.420745],[0.018142,0.446061,-0.894818]]],"btipPosition":[66.6859,218.335,-1.14168],"carpPosition":[81.4346,239.264,51.0834],"dipPosition":[67.0239,226.646,-17.8142],"direction":[-0.224397,-0.838418,0.49669],"extended":false,"handId":699,"id":6993,"length":64.2502,"mcpPosition":[88.0487,276.21,1.15005],"pipPosition":[73.2229,249.808,-31.5354],"stabilizedTipPosition":[50.3662,203.09,23.5292],"timeVisible":134.71,"tipPosition":[66.8905,220.139,-4.59784],"tipVelocity":[164.308,222.723,-261.25],"tool":false,"touchDistance":0.333333,"touchZone":"none","type":3,"width":18.027},{"bases":[[[0.837288,-0.529547,-0.136117],[0.487045,0.609226,0.625804],[-0.248467,-0.590274,0.768011]],[[0.79648,-0.603814,-0.0320586],[0.458406,0.63755,-0.619189],[0.394314,0.478476,0.784588]],[[0.79648,-0.603814,-0.0320586],[-0.290692,-0.335878,-0.895926],[0.530205,0.722907,-0.443044]],[[0.79648,-0.603814,-0.0320586],[-0.542909,-0.690787,-0.477559],[0.266211,0.397771,-0.878015]]],"btipPosition":[77.5886,227.52,-2.13972],"carpPosition":[92.0425,231.197,46.2022],"dipPosition":[82.1645,234.358,-17.232],"direction":[-0.530205,-0.722907,0.443044],"extended":false,"handId":699,"id":6994,"length":50.3709,"mcpPosition":[106.41,265.329,1.79218],"pipPosition":[92.506,248.458,-25.8734],"stabilizedTipPosition":[63.5582,212.542,21.1635],"timeVisible":134.71,"tipPosition":[78.5935,228.925,-4.84625],"tipVelocity":[165.294,231.917,-257.956],"tool":false,"touchDistance":0.333333,"touchZone":"none","type":4,"width":16.013}],"r":[[0.972037,-0.137524,0.190343],[0.135662,0.990492,0.0228427],[-0.191675,0.00361834,0.981452]],"s":1.09109,"t":[32.3114,-22.7221,-144.349],"timestamp":523852858419},false],[4,{"currentFrameRate":109.703,"devices":[],"gestures":[],"hands":[{"armBasis":[[0.95279,0.0298227,-0.302163],[0.137152,0.845581,0.515929],[0.27089,-0.533014,0.80157]],"armWidth":63.5437,"confidence":0.546924,"direction":[0.010767,0.713339,-0.700736],"elbow":[150.317,83.4333,266.853],"grabStrength":0,"id":699,"palmNormal":[-0.138696,-0.692938,-0.707532],"palmPosition":[69.8342,263.174,10.9406],"palmVelocity":[131.731,197.709,-231.129],"palmWidth":90.7382,"pinchStrength":0.574046,"r":[[0.970818,-0.133702,0.199087],[0.131683,0.991015,0.0234119],[-0.200428,0.00348761,0.979702]],"s":1.09169,"sphereCenter":[66.999,249.358,-31.7967],"sphereRadius":47.4537,"stabilizedPalmPosition":[53.958,243.231,47.1016],"t":[33.4673,-21.0619,-146.443],"timeVisible":134.719,"type":"right","wrist":[77.3796,226.949,51.0283]}],"id":4292327,"interactionBox":{"center":[0,200,0],"size":[235.247,235.247,147.751]},"pointables":[{"bases":[[[0.524639,0.716804,0.459289],[-0.739144,0.115849,0.66351],[0.422398,-0.687584,0.5906]],[[0.407732,0.861056,0.303869],[-0.766343,0.141755,0.626598],[0.496461,-0.488352,0.717662]],[[0.407732,0.861056,0.303869],[-0.910516,0.358376,0.206224],[0.0686707,-0.360762,0.930126]],[[0.407732,0.861056,0.303869],[-0.59855,0.503356,-0.623194],[-0.68956,0.0722154,0.720619]]],"btipPosition":[36.7414,254.922,-35.7687],"carpPosition":[47.6964,220.031,48.4],"dipPosition":[20.6479,256.607,-18.9503],"direction":[-0.0686707,0.360762,-0.930126],"extended":false,"handId":699,"id":6990,"length":51.9721,"mcpPosition":[47.6964,220.031,48.4],"pipPosition":[22.9828,244.341,12.6752],"stabilizedTipPosition":[8.23503,231.242,27.3469],"timeVisible":134.719,"tipPosition":[33.8938,255.175,-31.1228],"tipVelocity":[139.885,191.095,-286.933],"tool":false,"touchDistance":-0.673079,"touchZone":"hovering","type":0,"width":20.194},{"bases":[[[0.978026,0.0164515,-0.207833],[0.114072,0.792196,0.59951],[0.174507,-0.610044,0.772912]],[[0.993321,-0.101486,-0.0548993],[0.111853,0.730134,0.674087],[-0.0283267,-0.675725,0.736609]],[[0.993321,-0.101486,-0.0548993],[0.115019,0.908734,0.401214],[0.00917113,-0.404849,0.914338]],[[0.993321,-0.101486,-0.0548993],[0.108381,0.983889,0.14218],[0.0395855,-0.14718,0.988317]]],"btipPosition":[45.9957,326.285,-73.1593],"carpPosition":[58.4805,240.312,53.9831],"dipPosition":[46.6702,323.777,-56.32],"direction":[-0.00917113,0.404849,-0.914338],"extended":true,"handId":699,"id":6991,"length":58.6448,"mcpPosition":[45.6776,285.068,-2.72234],"pipPosition":[46.8913,314.019,-34.2813],"stabilizedTipPosition":[27.1773,309.606,-32.9965],"timeVisible":134.719,"tipPosition":[46.3114,326.455,-68.7636],"tipVelocity":[178.711,165.781,-273.747],"tool":false,"touchDistance":-0.640875,"touchZone":"hovering","type":1,"width":19.2893},{"bases":[[[0.958738,-0.201412,-0.200635],[0.28158,0.769987,0.572566],[0.0391649,-0.605436,0.79493]],[[0.958775,-0.201982,-0.199887],[0.0343359,0.780601,-0.624086],[0.282086,0.591494,0.755356]],[[0.958775,-0.201982,-0.199887],[-0.269006,-0.418426,-0.867499],[0.0915809,0.885507,-0.455511]],[[0.958775,-0.201982,-0.199887],[-0.271748,-0.857378,-0.437099],[-0.0830929,0.473398,-0.876921]]],"btipPosition":[53.1281,221.924,-10.2419],"carpPosition":[70.4519,242.215,52.0222],"dipPosition":[51.571,230.796,-26.6754],"direction":[-0.0915809,-0.885507,0.455511],"extended":false,"handId":699,"id":6992,"length":66.821,"mcpPosition":[67.727,284.338,-3.28495],"pipPosition":[54.168,255.907,-39.5926],"stabilizedTipPosition":[32.981,205.922,23.8783],"timeVisible":134.719,"tipPosition":[52.8792,223.829,-13.3205],"tipVelocity":[170.692,190.028,-257.559],"tool":false,"touchDistance":0.333333,"touchZone":"none","type":2,"width":18.9446},{"bases":[[[0.930079,-0.345779,-0.124056],[0.350463,0.733937,0.581818],[-0.110131,-0.584613,0.803803]],[[0.931927,-0.335095,-0.138647],[0.163302,0.729137,-0.664598],[0.323796,0.596716,0.734225]],[[0.931927,-0.335095,-0.138647],[-0.282945,-0.432733,-0.85597],[0.226834,0.836931,-0.498089]],[[0.931927,-0.335095,-0.138647],[-0.361783,-0.832725,-0.419144],[0.0249987,0.440772,-0.897271]]],"btipPosition":[68.0809,219.545,-3.0068],"carpPosition":[82.3606,240.946,49.44],"dipPosition":[68.5467,227.757,-19.725],"direction":[-0.226834,-0.836931,0.498089],"extended":false,"handId":699,"id":6993,"length":64.2502,"mcpPosition":[89.2401,277.465,-0.770821],"pipPosition":[74.8131,250.878,-33.4849],"stabilizedTipPosition":[52.6871,205.479,19.5728],"timeVisible":134.719,"tipPosition":[68.3128,221.317,-6.39292],"tipVelocity":[163.802,199.252,-248.523],"tool":false,"touchDistance":0.333333,"touchZone":"none","type":3,"width":18.027},{"bases":[[[0.840304,-0.527601,-0.124607],[0.479742,0.616669,0.624153],[-0.252462,-0.584257,0.771302]],[[0.798667,-0.601452,-0.0196377],[0.462431,0.63429,-0.619542],[0.385081,0.485727,0.784717]],[[0.798667,-0.601452,-0.0196377],[-0.280838,-0.343666,-0.896116],[0.532222,0.721213,-0.443386]],[[0.798667,-0.601452,-0.0196377],[-0.536227,-0.696487,-0.47683],[0.273113,0.391359,-0.878776]]],"btipPosition":[78.9819,228.738,-3.79988],"carpPosition":[93.0372,232.875,44.7172],"dipPosition":[83.6765,235.465,-18.9053],"direction":[-0.532222,-0.721213,0.443386],"extended":false,"handId":699,"id":6994,"length":50.3709,"mcpPosition":[107.636,266.659,0.116844],"pipPosition":[94.0573,249.532,-27.5533],"stabilizedTipPosition":[65.9496,215.113,17.0427],"timeVisible":134.719,"tipPosition":[80.0115,230.12,-6.50705],"tipVelocity":[164.404,206.142,-239.607],"tool":false,"touchDistance":0.333333,"touchZone":"none","type":4,"width":16.013}],"r":[[0.970818,-0.133702,0.199087],[0.131683,0.991015,0.0234119],[-0.200428,0.00348761,0.979702]],"s":1.09169,"t":[33.4673,-21.0619,-146.443],"timestamp":523852867189},false],[5,{"currentFrameRate":109.59,"devices":[],"gestures":[],"hands":[{"armBasis":[[0.955029,0.031656,-0.294816],[0.130956,0.847025,0.51517],[0.266025,-0.53061,0.804788]],"armWidth":63.5437,"confidence":0.556282,"direction":[0.0102198,0.715748,-0.698284],"elbow":[149.96,85.1698,266.552],"grabStrength":0,"id":699,"palmNormal":[-0.13256,-0.691188,-0.710414],"palmPosition":[70.7775,264.363,9.86519],"palmVelocity":[123.082,177.835,-198.363],"palmWidth":90.7382,"pinchStrength":0.572958,"r":[[0.969733,-0.129863,0.206768],[0.127534,0.991529,0.0246119],[-0.208213,0.00250303,0.97808]],"s":1.09168,"sphereCenter":[68.1999,250.603,-33.0064],"sphereRadius":47.4505,"stabilizedPalmPosition":[56.0047,245.802,42.5703],"t":[34.5169,-19.6374,-148.028],"timeVisible":134.728,"type":"right","wrist":[78.3324,228.038,49.8611]}],"id":4292328,"interactionBox":{"center":[0,200,0],"size":[235.247,235.247,147.751]},"pointables":[{"bases":[[[0.519384,0.717713,0.463819],[-0.742355,0.110116,0.660896],[0.42326,-0.687577,0.589991]],[[0.401934,0.86239,0.307786],[-0.769836,0.136261,0.623527],[0.495784,-0.487561,0.718667]],[[0.401934,0.86239,0.307786],[-0.913021,0.351906,0.206289],[0.0695898,-0.36393,0.928823]],[[0.401934,0.86239,0.307786],[-0.599717,0.501936,-0.623217],[-0.691945,0.0659071,0.718935]]],"btipPosition":[37.7962,256.096,-37.0458],"carpPosition":[48.6931,220.989,47.0893],"dipPosition":[21.647,257.634,-20.2667],"direction":[-0.0695898,0.36393,-0.928823],"extended":false,"handId":699,"id":6990,"length":51.9721,"mcpPosition":[48.6931,220.989,47.0893],"pipPosition":[24.0132,245.26,11.3145],"stabilizedTipPosition":[10.066,233.028,23.0588],"timeVisible":134.728,"tipPosition":[34.9295,256.331,-32.4336],"tipVelocity":[131.923,171.616,-244.771],"tool":false,"touchDistance":-0.653397,"touchZone":"hovering","type":0,"width":20.194},{"bases":[[[0.978768,0.0217681,-0.203812],[0.107902,0.790694,0.602628],[0.174271,-0.611825,0.771557]],[[0.994022,-0.0959772,-0.0520523],[0.105859,0.73044,0.674723],[-0.0267369,-0.676199,0.736233]],[[0.994022,-0.0959772,-0.0520523],[0.108851,0.908291,0.403929],[0.00851074,-0.40718,0.913308]],[[0.994022,-0.0959772,-0.0520523],[0.102691,0.983777,0.147094],[0.0370902,-0.15156,0.987752]]],"btipPosition":[46.8814,327.556,-74.2082],"carpPosition":[59.3586,241.302,52.7842],"dipPosition":[47.5134,324.974,-57.3786],"direction":[-0.00851074,0.40718,-0.913308],"extended":true,"handId":699,"id":6991,"length":58.6448,"mcpPosition":[46.573,286.189,-3.82181],"pipPosition":[47.7185,315.16,-35.3646],"stabilizedTipPosition":[29.5363,311.669,-37.4342],"timeVisible":134.728,"tipPosition":[47.2085,327.699,-69.8066],"tipVelocity":[154.723,156.939,-228.187],"tool":false,"touchDistance":-0.620888,"touchZone":"hovering","type":1,"width":19.2893},{"bases":[[[0.960482,-0.196207,-0.197425],[0.275621,0.769366,0.576289],[0.0388204,-0.607929,0.793041]],[[0.960519,-0.196789,-0.196666],[0.0332382,0.78299,-0.621145],[0.276222,0.590085,0.758618]],[[0.960519,-0.196789,-0.196666],[-0.263487,-0.416498,-0.870117],[0.0893186,0.887583,-0.451906]],[[0.960519,-0.196789,-0.196666],[-0.265944,-0.857053,-0.441287],[-0.0817124,0.476166,-0.87555]]],"btipPosition":[54.3489,223.108,-11.5392],"carpPosition":[71.3286,243.268,50.8783],"dipPosition":[52.8176,232.031,-27.947],"direction":[-0.0893186,-0.887583,0.451906],"extended":false,"handId":699,"id":6992,"length":66.821,"mcpPosition":[68.6276,285.564,-4.29753],"pipPosition":[55.3505,257.201,-40.762],"stabilizedTipPosition":[35.6193,208.337,18.9582],"timeVisible":134.728,"tipPosition":[54.1029,225.025,-14.6199],"tipVelocity":[159.618,172.532,-223.868],"tool":false,"touchDistance":0.333333,"touchZone":"none","type":2,"width":18.9446},{"bases":[[[0.932198,-0.340966,-0.121448],[0.344636,0.733611,0.585698],[-0.110607,-0.587841,0.801379]],[[0.934065,-0.330152,-0.136092],[0.165548,0.738017,-0.654159],[0.316411,0.588498,0.744013]],[[0.934065,-0.330152,-0.136092],[-0.275294,-0.422999,-0.863299],[0.227454,0.843843,-0.485998]],[[0.934065,-0.330152,-0.136092],[-0.355955,-0.830278,-0.428876],[0.0286004,0.449041,-0.893053]]],"btipPosition":[69.2484,220.885,-4.80409],"carpPosition":[83.2535,242.064,48.3401],"dipPosition":[69.7813,229.252,-21.4437],"direction":[-0.227454,-0.843843,0.485998],"extended":false,"handId":699,"id":6993,"length":64.2502,"mcpPosition":[90.1628,278.784,-1.71938],"pipPosition":[76.0648,252.563,-34.8696],"stabilizedTipPosition":[55.0144,207.896,15.6385],"timeVisible":134.728,"tipPosition":[69.4942,222.665,-8.02309],"tipVelocity":[153.347,184.63,-232.191],"tool":false,"touchDistance":0.333333,"touchZone":"none","type":3,"width":18.027},{"bases":[[[0.843287,-0.523206,-0.122975],[0.474296,0.616812,0.628161],[-0.252806,-0.588047,0.768304]],[[0.801188,-0.598153,-0.0175951],[0.464596,0.64029,-0.611702],[0.377157,0.481914,0.790893]],[[0.801188,-0.598153,-0.0175951],[-0.272702,-0.338779,-0.900479],[0.532664,0.726252,-0.434543]],[[0.801188,-0.598153,-0.0175951],[-0.530326,-0.696103,-0.483937],[0.27722,0.397056,-0.874926]]],"btipPosition":[80.1519,230.08,-5.16666],"carpPosition":[93.9871,234.059,43.6334],"dipPosition":[84.917,236.905,-20.2058],"direction":[-0.532664,-0.726252,0.434543],"extended":false,"handId":699,"id":6994,"length":50.3709,"mcpPosition":[108.606,268.063,-0.793529],"pipPosition":[95.3065,251.07,-28.6815],"stabilizedTipPosition":[68.3722,217.732,12.978],"timeVisible":134.728,"tipPosition":[81.196,231.47,-7.83317],"tipVelocity":[153.879,189.212,-212.821],"tool":false,"touchDistance":0.333333,"touchZone":"none","type":4,"width":16.013}],"r":[[0.969733,-0.129863,0.206768],[0.127534,0.991529,0.0246119],[-0.208213,0.00250303,0.97808]],"s":1.09168,"t":[34.5169,-19.6374,-148.028],"timestamp":523852876514},false],[6,{"currentFrameRate":109.76,"devices":[],"gestures":[],"hands":[{"armBasis":[[0.955556,0.0305151,-0.293226],[0.129521,0.850043,0.510541],[0.264834,-0.525829,0.808311]],"armWidth":63.5437,"confidence":0.561081,"direction":[0.0110328,0.716462,-0.697539],"elbow":[150.528,87.6751,266.432],"grabStrength":0,"id":699,"palmNormal":[-0.131024,-0.690531,-0.711337],"palmPosition":[71.715,265.618,8.82028],"palmVelocity":[118.591,168.298,-176.862],"palmWidth":90.7382,"pinchStrength":0.573134,"r":[[0.968752,-0.126741,0.213206],[0.124098,0.991935,0.0257897],[-0.214755,0.00147463,0.976667]],"s":1.09148,"sphereCenter":[69.2453,251.819,-34.1432],"sphereRadius":47.4647,"stabilizedPalmPosition":[57.8793,248.166,38.5433],"t":[35.5105,-18.2977,-149.342],"timeVisible":134.737,"type":"right","wrist":[79.221,229.256,48.7919]}],"id":4292329,"interactionBox":{"center":[0,200,0],"size":[235.247,235.247,147.751]},"pointables":[{"bases":[[[0.518248,0.7175,0.465418],[-0.743517,0.109075,0.659762],[0.422614,-0.687966,0.590001]],[[0.400364,0.862852,0.308539],[-0.771362,0.135573,0.621789],[0.494682,-0.486937,0.719849]],[[0.400364,0.862852,0.308539],[-0.913566,0.349582,0.207822],[0.0714604,-0.365075,0.928232]],[[0.400364,0.862852,0.308539],[-0.602442,0.501553,-0.620894],[-0.690487,0.0627067,0.720621]]],"btipPosition":[38.6503,257.384,-38.2499],"carpPosition":[49.5899,222.195,45.9632],"dipPosition":[22.5351,258.848,-21.4315],"direction":[-0.0714604,0.365075,-0.928232],"extended":false,"handId":699,"id":6990,"length":51.9721,"mcpPosition":[49.5899,222.195,45.9632],"pipPosition":[24.9649,246.435,10.1295],"stabilizedTipPosition":[11.789,234.738,19.0807],"timeVisible":134.737,"tipPosition":[35.7969,257.612,-33.6396],"tipVelocity":[122.734,164.262,-215.355],"tool":false,"touchDistance":-0.634317,"touchZone":"hovering","type":0,"width":20.194},{"bases":[[[0.979097,0.0224622,-0.202149],[0.106497,0.790134,0.603611],[0.173283,-0.612522,0.771226]],[[0.994175,-0.0947256,-0.0514083],[0.104562,0.732109,0.673114],[-0.0261247,-0.674569,0.73775]],[[0.994175,-0.0947256,-0.0514083],[0.107448,0.908358,0.404154],[0.00841343,-0.407323,0.913245]],[[0.994175,-0.0947256,-0.0514083],[0.101446,0.983531,0.149584],[0.0363922,-0.153928,0.987412]]],"btipPosition":[47.819,328.787,-75.3291],"carpPosition":[60.2357,242.507,51.6967],"dipPosition":[48.4391,326.164,-58.5053],"direction":[-0.00841343,0.407323,-0.913245],"extended":true,"handId":699,"id":6991,"length":58.6448,"mcpPosition":[47.5226,287.446,-4.88511],"pipPosition":[48.6418,316.346,-36.4929],"stabilizedTipPosition":[31.628,313.544,-41.297],"timeVisible":134.737,"tipPosition":[48.1706,328.912,-70.9208],"tipVelocity":[141.62,152.012,-201.012],"tool":false,"touchDistance":-0.603966,"touchZone":"hovering","type":1,"width":19.2893},{"bases":[[[0.96091,-0.195528,-0.196014],[0.27427,0.768917,0.577531],[0.0377947,-0.608716,0.792488]],[[0.960946,-0.19612,-0.195243],[0.0345974,0.785125,-0.61837],[0.274565,0.587466,0.761248]],[[0.960946,-0.19612,-0.195243],[-0.261572,-0.41336,-0.872189],[0.0903481,0.889196,-0.448516]],[[0.960946,-0.19612,-0.195243],[-0.264928,-0.855848,-0.444226],[-0.0799766,0.478603,-0.874382]]],"btipPosition":[55.3175,224.41,-12.8106],"carpPosition":[72.2079,244.481,49.8128],"dipPosition":[53.8187,233.379,-29.1965],"direction":[-0.0903481,-0.889196,0.448516],"extended":false,"handId":699,"id":6992,"length":66.821,"mcpPosition":[69.5783,286.833,-5.32448],"pipPosition":[56.3808,258.595,-41.9154],"stabilizedTipPosition":[37.9897,210.559,14.6057],"timeVisible":134.737,"tipPosition":[55.0811,226.331,-15.8665],"tipVelocity":[146.456,166.209,-202.268],"tool":false,"touchDistance":0.333333,"touchZone":"none","type":2,"width":18.9446},{"bases":[[[0.93257,-0.340379,-0.120231],[0.343287,0.733186,0.587019],[-0.111657,-0.58871,0.800595]],[[0.934514,-0.32919,-0.135343],[0.166585,0.740563,-0.651012],[0.314537,0.585834,0.746904]],[[0.934514,-0.32919,-0.135343],[-0.273316,-0.420127,-0.865328],[0.227996,0.845652,-0.482587]],[[0.934514,-0.32919,-0.135343],[-0.354678,-0.829462,-0.431505],[0.0297854,0.451251,-0.8919]]],"btipPosition":[70.2445,222.189,-6.04638],"carpPosition":[84.1376,243.286,47.2934],"dipPosition":[70.7995,230.597,-22.6645],"direction":[-0.227996,-0.845652,0.482587],"extended":false,"handId":699,"id":6993,"length":64.2502,"mcpPosition":[91.1124,280.061,-2.71713],"pipPosition":[77.098,253.958,-35.9961],"stabilizedTipPosition":[57.0998,210.1,12.175],"timeVisible":134.737,"tipPosition":[70.4822,223.973,-9.24317],"tipVelocity":[142.646,175.05,-207.459],"tool":false,"touchDistance":0.333333,"touchZone":"none","type":3,"width":18.027},{"bases":[[[0.843753,-0.522661,-0.122092],[0.472934,0.616409,0.629582],[-0.2538,-0.588953,0.767281]],[[0.800861,-0.598651,-0.0154721],[0.469043,0.643118,-0.605308],[0.372319,0.47751,0.795841]],[[0.800861,-0.598651,-0.0154721],[-0.267078,-0.333927,-0.90397],[0.535996,0.728086,-0.427315]],[[0.800861,-0.598651,-0.0154721],[-0.528297,-0.694105,-0.489],[0.282001,0.399795,-0.872147]]],"btipPosition":[81.1288,231.437,-6.50761],"carpPosition":[94.8831,235.292,42.5966],"dipPosition":[85.9761,238.309,-21.499],"direction":[-0.535996,-0.728086,0.427315],"extended":false,"handId":699,"id":6994,"length":50.3709,"mcpPosition":[109.559,269.348,-1.77125],"pipPosition":[96.4305,252.51,-29.8337],"stabilizedTipPosition":[70.528,220.107,9.41385],"timeVisible":134.737,"tipPosition":[82.1942,232.82,-9.12356],"tipVelocity":[142.87,180.063,-196.147],"tool":false,"touchDistance":0.333333,"touchZone":"none","type":4,"width":16.013}],"r":[[0.968752,-0.126741,0.213206],[0.124098,0.991935,0.0257897],[-0.214755,0.00147463,0.976667]],"s":1.09148,"t":[35.5105,-18.2977,-149.342],"timestamp":523852885323},false],[7,{"currentFrameRat