{"sensorType":"Leap","data":[[0,{"currentFrameRate":110.363,"devices":[],"gestures":[],"hands":[{"armBasis":[[0.934816,0.0206626,-0.354532],[0.162684,0.862483,0.479226],[0.31568,-0.505665,0.802901]],"armWidth":63.5437,"confidence":0.533433,"direction":[0.0280851,0.758826,-0.650688],"elbow":[151.144,70.7298,272.804],"grabStrength":0,"id":699,"palmNormal":[-0.163078,-0.638745,-0.751937],"palmPosition":[59.4591,245.96,19.1461],"palmVelocity":[123.784,285.817,-213.236],"palmWidth":90.7382,"pinchStrength":0.59019,"r":[[0.963012,-0.203483,0.176645],[0.191253,0.97795,0.0838793],[-0.189818,-0.0469928,0.980694]],"s":1.09186,"sphereCenter":[46.3731,236.914,-22.1295],"sphereRadius":46.5112,"stabilizedPalmPosition":[38.3702,228.877,68.3411],"t":[23.134,-39.1268,-138.525],"timeVisible":155.652,"type":"right","wrist":[66.1461,206.881,56.6211]}],"id":4294571,"interactionBox":{"center":[0,200,0],"size":[235.247,235.247,147.751]},"pointables":[{"bases":[[[0.548192,0.668185,0.503005],[-0.731728,0.0919082,0.675372],[0.405043,-0.738296,0.539313]],[[0.417428,0.843735,0.33744],[-0.738664,0.0987683,0.666799],[0.529273,-0.527595,0.664465]],[[0.417428,0.843735,0.33744],[-0.908691,0.385144,0.161076],[0.00594216,-0.373866,0.927464]],[[0.417428,0.843735,0.33744],[-0.503274,0.523842,-0.687244],[-0.756617,0.11705,0.643296]]],"btipPosition":[27.3663,237.273,-25.8743],"carpPosition":[36.2567,201.03,53.7511],"dipPosition":[9.70774,240.005,-10.8605],"direction":[-0.00594216,0.373866,-0.927464],"extended":false,"handId":699,"id":6990,"length":51.9721,"mcpPosition":[36.2567,201.03,53.7511],"pipPosition":[9.90978,227.293,20.6744],"stabilizedTipPosition":[-0.695372,219.25,30.2566],"timeVisible":155.652,"tipPosition":[23.937,237.86,-21.8998],"tipVelocity":[135.106,291.13,-264.424],"tool":false,"touchDistance":-0.659418,"touchZone":"touching","type":0,"width":20.194},{"bases":[[[0.976928,0.00198306,-0.213559],[0.140818,0.745814,0.6511],[0.160566,-0.666151,0.728328]],[[0.987031,-0.0545642,-0.15097],[0.141012,0.744133,0.652979],[0.0767129,-0.665799,0.742177]],[[0.987031,-0.0545642,-0.15097],[0.110011,0.914812,0.388609],[0.116905,-0.400177,0.908951]],[[0.987031,-0.0545642,-0.15097],[0.0770525,0.986075,0.147371],[0.140827,-0.157093,0.977491]]],"btipPosition":[27.3844,310.279,-63.1767],"carpPosition":[47.6684,220.559,60.6189],"dipPosition":[29.7838,307.602,-46.5219],"direction":[-0.116905,0.400177,-0.908951],"extended":true,"handId":699,"id":6991,"length":58.6448,"mcpPosition":[35.8883,269.431,7.18445],"pipPosition":[32.6017,297.957,-24.613],"stabilizedTipPosition":[15.7156,294.441,-37.1662],"timeVisible":155.652,"tipPosition":[27.883,310.898,-58.5301],"tipVelocity":[136.756,229.935,-255.687],"tool":false,"touchDistance":-0.620482,"touchZone":"touching","type":1,"width":19.2893},{"bases":[[[0.951224,-0.215207,-0.221042],[0.307443,0.720606,0.621455],[0.0255429,-0.6591,0.751621]],[[0.950041,-0.195487,-0.243323],[0.0027653,0.784813,-0.619727],[0.312112,0.588093,0.746145]],[[0.950041,-0.195487,-0.243323],[-0.305971,-0.42926,-0.849775],[0.0616715,0.881771,-0.467628]],[[0.950041,-0.195487,-0.243323],[-0.2866,-0.855124,-0.431999],[-0.123621,0.480154,-0.86843]]],"btipPosition":[43.4684,205.826,0.0785199],"carpPosition":[59.68,222.24,58.7022],"dipPosition":[41.1517,214.824,-16.1959],"direction":[-0.0616715,-0.881771,0.467628],"extended":false,"handId":699,"id":6992,"length":66.821,"mcpPosition":[57.9029,268.097,6.40825],"pipPosition":[42.9006,239.829,-29.4567],"stabilizedTipPosition":[14.0705,186.098,56.0594],"timeVisible":155.652,"tipPosition":[42.9823,207.877,-3.50085],"tipVelocity":[179.845,276.673,-253.774],"tool":false,"touchDistance":0.333333,"touchZone":"none","type":2,"width":18.9446},{"bases":[[[0.918714,-0.363559,-0.15424],[0.375276,0.682011,0.627717],[-0.123019,-0.634575,0.763008]],[[0.922762,-0.338908,-0.183444],[0.139961,0.738244,-0.659853],[0.359056,0.583212,0.728658]],[[0.922762,-0.338908,-0.183444],[-0.325025,-0.428683,-0.842965],[0.207048,0.83748,-0.505726]],[[0.922762,-0.338908,-0.183444],[-0.385275,-0.821884,-0.419606],[-0.00856198,0.457873,-0.888976]]],"btipPosition":[57.6577,202.79,6.35654],"carpPosition":[71.5315,220.803,55.9506],"dipPosition":[57.4982,211.321,-10.2071],"direction":[-0.207048,-0.83748,0.505726],"extended":false,"handId":699,"id":6993,"length":64.2502,"mcpPosition":[79.2161,260.443,8.28806],"pipPosition":[63.218,234.457,-24.178],"stabilizedTipPosition":[31.5228,186.477,54.1726],"timeVisible":155.652,"tipPosition":[57.6707,204.817,2.59824],"tipVelocity":[177.815,287.824,-236.163],"tool":false,"touchDistance":0.333333,"touchZone":"none","type":3,"width":18.027},{"bases":[[[0.823581,-0.542218,-0.166476],[0.501248,0.558401,0.661013],[-0.265452,-0.627844,0.731674]],[[0.781275,-0.620437,-0.068319],[0.443235,0.628516,-0.639148],[0.439491,0.469069,0.766043]],[[0.781275,-0.620437,-0.068319],[-0.344447,-0.337265,-0.876133],[0.520543,0.708033,-0.477205]],[[0.781275,-0.620437,-0.068319],[-0.576338,-0.675023,-0.460628],[0.239674,0.399252,-0.88496]]],"btipPosition":[67.5177,211.856,5.80896],"carpPosition":[81.9378,212.764,50.6101],"dipPosition":[71.6374,218.719,-9.4027],"direction":[-0.520543,-0.708033,0.477205],"extended":false,"handId":699,"id":6994,"length":50.3709,"mcpPosition":[97.2875,249.069,8.30128],"pipPosition":[81.7905,232.529,-18.7104],"stabilizedTipPosition":[45.0684,195.048,48.0435],"timeVisible":155.652,"tipPosition":[68.4306,213.45,2.68875],"tipVelocity":[172.695,298.767,-226.577],"tool":false,"touchDistance":0.333333,"touchZone":"none","type":4,"width":16.013}],"r":[[0.963012,-0.203483,0.176645],[0.191253,0.97795,0.0838793],[-0.189818,-0.0469928,0.980694]],"s":1.09186,"t":[23.134,-39.1268,-138.525],"timestamp":523873800460},false],[1,{"currentFrameRate":110.379,"devices":[],"gestures":[],"hands":[{"armBasis":[[0.933224,0.0252998,-0.358404],[0.159628,0.864469,0.476668],[0.321889,-0.502049,0.802704]],"armWidth":63.5437,"confidence":0.546351,"direction":[0.0280924,0.76843,-0.639317],"elbow":[153.781,73.6977,271.38],"grabStrength":0,"id":699,"palmNormal":[-0.160408,-0.627815,-0.761654],"palmPosition":[60.4326,248.494,18.3437],"palmVelocity":[119.375,284.36,-178.977],"palmWidth":90.7382,"pinchStrength":0.581928,"r":[[0.962975,-0.197868,0.183107],[0.183733,0.978722,0.0913535],[-0.197287,-0.0543282,0.978839]],"s":1.0919,"sphereCenter":[47.6702,239.886,-23.2356],"sphereRadius":46.5055,"stabilizedPalmPosition":[41.5204,231.678,61.2023],"t":[24.1778,-36.6044,-139.829],"timeVisible":155.661,"type":"right","wrist":[67.111,208.876,55.2495]}],"id":4294572,"interactionBox":{"center":[0,200,0],"size":[235.247,235.247,147.751]},"pointables":[{"bases":[[[0.54598,0.661604,0.513989],[-0.733278,0.0806294,0.675132],[0.405227,-0.745506,0.529162]],[[0.414245,0.840362,0.34956],[-0.74154,0.0889211,0.66499],[0.527749,-0.534681,0.659998]],[[0.414245,0.840362,0.34956],[-0.910053,0.376391,0.173591],[0.0143081,-0.390027,0.920692]],[[0.414245,0.840362,0.34956],[-0.512583,0.532766,-0.673364],[-0.752103,0.0997595,0.651451]]],"btipPosition":[28.0335,240.565,-27.1322],"carpPosition":[37.2378,203.016,52.2309],"dipPosition":[10.4803,242.893,-11.9281],"direction":[-0.0143081,0.390027,-0.920692],"extended":false,"handId":699,"id":6990,"length":51.9721,"mcpPosition":[37.2378,203.016,52.2309],"pipPosition":[10.9668,229.632,19.3766],"stabilizedTipPosition":[2.13519,221.755,24.0787],"timeVisible":155.661,"tipPosition":[24.7012,241.014,-23.0746],"tipVelocity":[118.98,308.496,-228.621],"tool":false,"touchDistance":-0.640021,"touchZone":"touching","type":0,"width":20.194},{"bases":[[[0.977361,0.00683249,-0.211468],[0.138167,0.736328,0.662368],[0.160236,-0.676591,0.718714]],[[0.987398,-0.0502977,-0.150053],[0.138089,0.737005,0.66163],[0.0773111,-0.674013,0.734663]],[[0.987398,-0.0502977,-0.150053],[0.107112,0.910376,0.399679],[0.116501,-0.410714,0.90429]],[[0.987398,-0.0502977,-0.150053],[0.0744505,0.984311,0.159969],[0.139652,-0.169124,0.975651]]],"btipPosition":[28.3455,313.757,-63.2137],"carpPosition":[48.6011,222.46,59.411],"dipPosition":[30.7249,310.876,-46.5903],"direction":[-0.116501,0.410714,-0.90429],"extended":true,"handId":699,"id":6991,"length":58.6448,"mcpPosition":[36.8453,272.099,6.68185],"pipPosition":[33.533,300.976,-24.7937],"stabilizedTipPosition":[17.8702,297.491,-40.8001],"timeVisible":155.661,"tipPosition":[28.8615,314.296,-58.5719],"tipVelocity":[128.257,271.241,-186.616],"tool":false,"touchDistance":-0.58743,"touchZone":"touching","type":1,"width":19.2893},{"bases":[[[0.952053,-0.210267,-0.222222],[0.304897,0.711849,0.6327],[0.0251525,-0.670118,0.741828]],[[0.950882,-0.190218,-0.244214],[0.00287273,0.794312,-0.607503],[0.30954,0.576962,0.755844]],[[0.950882,-0.190218,-0.244214],[-0.303402,-0.416195,-0.857164],[0.0614072,0.889156,-0.453464]],[[0.950882,-0.190218,-0.244214],[-0.284328,-0.848633,-0.446072],[-0.122397,0.493599,-0.861034]]],"btipPosition":[44.5373,208.617,-1.4043],"carpPosition":[60.6136,224.191,57.5445],"dipPosition":[42.2436,217.867,-17.5401],"direction":[-0.0614072,-0.889156,0.453464],"extended":false,"handId":699,"id":6992,"length":66.821,"mcpPosition":[58.8637,270.814,5.93187],"pipPosition":[43.985,243.081,-30.3993],"stabilizedTipPosition":[17.7377,189.117,48.5662],"timeVisible":155.661,"tipPosition":[44.0597,210.724,-4.93752],"tipVelocity":[163.07,287.345,-228.125],"tool":false,"touchDistance":0.333333,"touchZone":"none","type":2,"width":18.9446},{"bases":[[[0.919666,-0.359648,-0.157692],[0.372784,0.673283,0.638531],[-0.123475,-0.646021,0.753267]],[[0.923721,-0.334638,-0.186432],[0.143309,0.753229,-0.641957],[0.355249,0.566272,0.74373]],[[0.923721,-0.334638,-0.186432],[-0.320588,-0.408942,-0.854394],[0.209673,0.84899,-0.48503]],[[0.923721,-0.334638,-0.186432],[-0.383032,-0.813347,-0.437897],[-0.00509668,0.475904,-0.879482]]],"btipPosition":[58.6606,205.618,4.39083],"carpPosition":[72.4733,222.815,54.7966],"dipPosition":[58.5656,214.485,-11.9959],"direction":[-0.209673,-0.84899,0.48503],"extended":false,"handId":699,"id":6993,"length":64.2502,"mcpPosition":[80.1864,263.17,7.74253],"pipPosition":[64.3579,237.939,-25.3951],"stabilizedTipPosition":[35.4163,189.518,46.4834],"timeVisible":155.661,"tipPosition":[58.7083,207.678,0.85246],"tipVelocity":[159.875,297.142,-229.821],"tool":false,"touchDistance":0.333333,"touchZone":"none","type":3,"width":18.027},{"bases":[[[0.824873,-0.53827,-0.172772],[0.498904,0.549411,0.670255],[-0.265856,-0.639072,0.721739]],[[0.782536,-0.617957,-0.0759381],[0.445496,0.640955,-0.625068],[0.434938,0.455308,0.776868]],[[0.782536,-0.617957,-0.0759381],[-0.339425,-0.321179,-0.884101],[0.521947,0.717616,-0.461084]],[[0.782536,-0.617957,-0.0759381],[-0.573353,-0.667706,-0.474799],[0.242701,0.415087,-0.876812]]],"btipPosition":[68.5889,214.641,4.29646],"carpPosition":[82.9046,214.874,49.3593],"dipPosition":[72.7608,221.776,-10.7751],"direction":[-0.521947,-0.717616,0.461084],"extended":false,"handId":699,"id":6994,"length":50.3709,"mcpPosition":[98.2777,251.828,7.62497],"pipPosition":[82.9412,235.773,-19.7684],"stabilizedTipPosition":[49.0827,198.53,40.3012],"timeVisible":155.661,"tipPosition":[69.5107,216.276,1.26423],"tipVelocity":[158.164,303.329,-209.314],"tool":false,"touchDistance":0.333333,"touchZone":"none","type":4,"width":16.013}],"r":[[0.962975,-0.197868,0.183107],[0.183733,0.978722,0.0913535],[-0.197287,-0.0543282,0.978839]],"s":1.0919,"t":[24.1778,-36.6044,-139.829],"timestamp":523873809492},false],[2,{"currentFrameRate":110.452,"devices":[],"gestures":[],"hands":[{"armBasis":[[0.933391,0.0350557,-0.357144],[0.149794,0.86631,0.476518],[0.326102,-0.498276,0.803355]],"armWidth":63.5437,"confidence":0.546475,"direction":[0.0296625,0.77581,-0.630269],"elbow":[155.451,77.6118,269.639],"grabStrength":0,"id":699,"palmNormal":[-0.149627,-0.619995,-0.770206],"palmPosition":[61.0872,251.771,16.8173],"palmVelocity":[106.831,306.966,-176.813],"palmWidth":90.7382,"pinchStrength":0.570591,"r":[[0.962745,-0.192733,0.189673],[0.176364,0.979247,0.0998533],[-0.204981,-0.0626819,0.976757]],"s":1.09237,"sphereCenter":[48.9827,243.423,-25.0971],"sphereRadius":46.5241,"stabilizedPalmPosition":[44.8513,235.099,53.6464],"t":[25.027,-33.7043,-141.245],"timeVisible":155.67,"type":"right","wrist":[67.6472,211.774,53.3331]}],"id":4294573,"interactionBox":{"center":[0,200,0],"size":[235.247,235.247,147.751]},"pointables":[{"bases":[[[0.537307,0.658785,0.526597],[-0.740037,0.0687818,0.66904],[0.404533,-0.749181,0.524482]],[[0.405248,0.839506,0.361945],[-0.749764,0.0786622,0.657014],[0.523095,-0.537626,0.661309]],[[0.405248,0.839506,0.361945],[-0.914031,0.364293,0.178432],[0.0179406,-0.403138,0.914963]],[[0.405248,0.839506,0.361945],[-0.523632,0.537683,-0.660838],[-0.749389,0.0782771,0.657487]]],"btipPosition":[28.6784,244.423,-29.4085],"carpPosition":[37.838,205.78,49.9659],"dipPosition":[11.1886,246.25,-14.0635],"direction":[-0.0179406,0.403138,-0.914963],"extended":false,"handId":699,"id":6990,"length":51.9721,"mcpPosition":[37.838,205.78,49.9659],"pipPosition":[11.7986,232.542,17.0464],"stabilizedTipPosition":[5.08854,224.783,17.5272],"timeVisible":155.67,"tipPosition":[25.4264,244.693,-25.2589],"tipVelocity":[106.691,338.721,-234.844],"tool":false,"touchDistance":-0.638011,"touchZone":"touching","type":0,"width":20.194},{"bases":[[[0.979248,0.0147719,-0.202128],[0.127694,0.729504,0.671951],[0.157379,-0.683817,0.712479]],[[0.988977,-0.042449,-0.141855],[0.127368,0.732457,0.668793],[0.075513,-0.679489,0.72979]],[[0.988977,-0.042449,-0.141855],[0.0975357,0.907572,0.40841],[0.111407,-0.417744,0.901709]],[[0.988977,-0.042449,-0.141855],[0.0665412,0.98325,0.169678],[0.132276,-0.177247,0.975237]]],"btipPosition":[29.3004,317.575,-64.416],"carpPosition":[49.021,225.205,57.4731],"dipPosition":[31.5542,314.555,-47.7997],"direction":[-0.111407,0.417744,-0.901708],"extended":true,"handId":699,"id":6991,"length":58.6448,"mcpPosition":[37.4747,275.374,5.20143],"pipPosition":[34.2395,304.486,-26.0653],"stabilizedTipPosition":[20.1146,301.133,-44.5182],"timeVisible":155.67,"tipPosition":[29.8094,318.056,-59.777],"tipVelocity":[121.583,312.945,-172.521],"tool":false,"touchDistance":-0.575079,"touchZone":"touching","type":1,"width":19.2893},{"bases":[[[0.955294,-0.202331,-0.215581],[0.294833,0.706309,0.643585],[0.0220498,-0.678373,0.734387]],[[0.954214,-0.182036,-0.237358],[0.00415902,0.801503,-0.597976],[0.299097,0.569609,0.765563]],[[0.954214,-0.182036,-0.237358],[-0.292885,-0.407339,-0.86504],[0.0607836,0.894951,-0.442004]],[[0.954214,-0.182036,-0.237358],[-0.275322,-0.844689,-0.459019],[-0.116935,0.503352,-0.856132]]],"btipPosition":[45.5973,212.032,-3.57504],"carpPosition":[61.0404,227.025,55.74],"dipPosition":[43.4059,221.464,-19.619],"direction":[-0.0607836,-0.894951,0.442004],"extended":false,"handId":699,"id":6992,"length":66.821,"mcpPosition":[59.5063,274.223,4.64513],"pipPosition":[45.1296,246.843,-32.1532],"stabilizedTipPosition":[21.5502,192.613,40.7851],"timeVisible":155.67,"tipPosition":[45.1441,214.18,-7.07586],"tipVelocity":[151.713,314.608,-231.602],"tool":false,"touchDistance":0.333333,"touchZone":"none","type":2,"width":18.9446},{"bases":[[[0.923165,-0.352619,-0.153059],[0.362884,0.668063,0.64962],[-0.126815,-0.655249,0.744692]],[[0.927345,-0.32726,-0.181472],[0.144978,0.761281,-0.632007],[0.344982,0.559779,0.753416]],[[0.927345,-0.32726,-0.181472],[-0.310192,-0.401006,-0.86196],[0.209314,0.855626,-0.473384]],[[0.927345,-0.32726,-0.181472],[-0.374207,-0.810465,-0.450683],[0.000413682,0.485847,-0.874044]]],"btipPosition":[59.6937,209.048,2.36418],"carpPosition":[72.933,225.747,53.0889],"dipPosition":[59.7014,218.1,-13.9213],"direction":[-0.209314,-0.855626,0.473384],"extended":false,"handId":699,"id":6993,"length":64.2502,"mcpPosition":[80.8547,266.679,6.57049],"pipPosition":[65.4837,241.737,-26.9987],"stabilizedTipPosition":[39.303,192.978,38.8209],"timeVisible":155.67,"tipPosition":[59.7626,211.148,-1.15075],"tipVelocity":[148.571,322.212,-228.367],"tool":false,"touchDistance":0.333333,"touchZone":"none","type":3,"width":18.027},{"bases":[[[0.829549,-0.53159,-0.171058],[0.489413,0.544554,0.681129],[-0.268931,-0.648747,0.711901]],[[0.786675,-0.61275,-0.075366],[0.451181,0.65394,-0.607288],[0.4214,0.443734,0.790899]],[[0.786675,-0.61275,-0.075366],[-0.32501,-0.307253,-0.894407],[0.524891,0.728102,-0.440858]],[[0.786675,-0.61275,-0.075366],[-0.563763,-0.663242,-0.49222],[0.251622,0.429706,-0.867202]]],"btipPosition":[69.5893,218.207,2.11242],"carpPosition":[83.4606,217.928,47.6609],"dipPosition":[73.9145,225.594,-12.794],"direction":[-0.524891,-0.728102,0.440858],"extended":false,"handId":699,"id":6994,"length":50.3709,"mcpPosition":[99.0115,255.442,6.49537],"pipPosition":[84.1523,239.795,-21.3928],"stabilizedTipPosition":[53.0033,202.428,32.7128],"timeVisible":155.67,"tipPosition":[70.5385,219.866,-0.793142],"tipVelocity":[146.684,331.336,-217.81],"tool":false,"touchDistance":0.333333,"touchZone":"none","type":4,"width":16.013}],"r":[[0.962745,-0.192733,0.189673],[0.176364,0.979247,0.0998533],[-0.204981,-0.0626819,0.976757]],"s":1.09237,"t":[25.027,-33.7043,-141.245],"timestamp":523873818416},false],[3,{"currentFrameRate":110.379,"devices":[],"gestures":[],"hands":[{"armBasis":[[0.934797,0.0317118,-0.353764],[0.148974,0.869156,0.471566],[0.32243,-0.49352,0.80776]],"armWidth":63.5437,"confidence":0.55264,"direction":[0.0356787,0.787853,-0.614828],"elbow":[155.047,81.3068,268.485],"grabStrength":0,"id":699,"palmNormal":[-0.146977,-0.604393,-0.783011],"palmPosition":[62.0061,254.91,15.2272],"palmVelocity":[104.917,316.637,-175.755],"palmWidth":90.7382,"pinchStrength":0.572379,"r":[[0.962161,-0.189999,0.19531],[0.170879,0.979061,0.11063],[-0.21224,-0.0730695,0.974482]],"s":1.09248,"sphereCenter":[50.4638,247.177,-27.1086],"sphereRadius":46.5019,"stabilizedPalmPosition":[48.433,239.235,45.6251],"t":[25.911,-30.6848,-142.748],"timeVisible":155.679,"type":"right","wrist":[68.2321,214.188,50.993]}],"id":4294574,"interactionBox":{"center":[0,200,0],"size":[235.247,235.247,147.751]},"pointables":[{"bases":[[[0.536191,0.646717,0.542454],[-0.74373,0.0580311,0.665957],[0.399206,-0.760519,0.512098]],[[0.402928,0.833832,0.377323],[-0.756864,0.071771,0.64962],[0.514593,-0.547332,0.660016]],[[0.402928,0.833832,0.377323],[-0.915029,0.358339,0.185241],[0.0192499,-0.4199,0.907366]],[[0.402928,0.833832,0.377323],[-0.537665,0.549283,-0.639691],[-0.740652,0.0548757,0.669644]]],"btipPosition":[29.4406,248.596,-31.9986],"carpPosition":[38.4253,208.354,47.3369],"dipPosition":[12.1546,249.877,-16.3699],"direction":[-0.0192499,0.4199,-0.907366],"extended":false,"handId":699,"id":6990,"length":51.9721,"mcpPosition":[38.4253,208.354,47.3369],"pipPosition":[12.8091,235.6,14.4816],"stabilizedTipPosition":[8.22782,228.497,10.4508],"timeVisible":155.679,"tipPosition":[26.2527,248.76,-27.631],"tipVelocity":[101.477,367.155,-245.995],"tool":false,"touchDistance":-0.640417,"touchZone":"touching","type":0,"width":20.194},{"bases":[[[0.980454,0.015659,-0.196126],[0.125948,0.715865,0.686786],[0.151154,-0.698064,0.6999]],[[0.989535,-0.0415196,-0.138192],[0.125132,0.723821,0.678547],[0.0718529,-0.688738,0.721441]],[[0.989535,-0.0415196,-0.138192],[0.0964726,0.902554,0.41963],[0.107302,-0.42857,0.897114]],[[0.989535,-0.0415196,-0.138192],[0.0665409,0.9811,0.181702],[0.128035,-0.188996,0.973595]]],"btipPosition":[30.6866,321.867,-65.1836],"carpPosition":[49.6224,227.595,55.2864],"dipPosition":[32.8681,318.647,-48.5952],"direction":[-0.107302,0.42857,-0.897114],"extended":true,"handId":699,"id":6991,"length":58.6448,"mcpPosition":[38.5329,278.809,3.9375],"pipPosition":[35.4545,308.317,-26.9716],"stabilizedTipPosition":[22.6519,305.714,-48.379],"timeVisible":155.679,"tipPosition":[31.2515,322.325,-60.5137],"tipVelocity":[129.252,354.603,-147.842],"tool":false,"touchDistance":-0.557514,"touchZone":"touching","type":1,"width":19.2893},{"bases":[[[0.955928,-0.201064,-0.213951],[0.293181,0.692706,0.658941],[0.0157156,-0.692626,0.721126]],[[0.955037,-0.180373,-0.235306],[0.0131727,0.818684,-0.574094],[0.296192,0.545181,0.784249]],[[0.955037,-0.180373,-0.235306],[-0.28825,-0.379121,-0.879306],[0.0693934,0.907597,-0.414067]],[[0.955037,-0.180373,-0.235306],[-0.276071,-0.830415,-0.483938],[-0.108113,0.52714,-0.842873]]],"btipPosition":[46.3848,215.778,-6.67263],"carpPosition":[61.6572,229.41,53.6587],"dipPosition":[44.3588,225.657,-22.4681],"direction":[-0.0693934,-0.907597,0.414067],"extended":false,"handId":699,"id":6992,"length":66.821,"mcpPosition":[60.5637,277.599,3.48646],"pipPosition":[46.3267,251.394,-34.2101],"stabilizedTipPosition":[25.4162,196.648,32.6798],"timeVisible":155.679,"tipPosition":[46.0084,217.973,-9.91338],"tipVelocity":[134.42,343.74,-259.338],"tool":false,"touchDistance":0.333333,"touchZone":"none","type":2,"width":18.9446},{"bases":[[[0.922982,-0.352442,-0.15456],[0.36108,0.654139,0.664623],[-0.133137,-0.669244,0.731018]],[[0.927404,-0.326549,-0.182447],[0.150959,0.772998,-0.616186],[0.342246,0.543912,0.766177]],[[0.927404,-0.326549,-0.182447],[-0.306345,-0.38316,-0.871402],[0.214649,0.864034,-0.455381]],[[0.927404,-0.326549,-0.182447],[-0.373995,-0.800355,-0.468572],[0.00698917,0.50279,-0.86438]]],"btipPosition":[60.5688,212.481,-0.0644503],"carpPosition":[73.5612,228.148,51.0521],"dipPosition":[60.699,221.849,-16.1698],"direction":[-0.214649,-0.864034,0.455381],"extended":false,"handId":699,"id":6993,"length":64.2502,"mcpPosition":[81.8778,269.953,5.38788],"pipPosition":[66.6287,245.718,-28.7499],"stabilizedTipPosition":[43.1849,196.926,31.0575],"timeVisible":155.679,"tipPosition":[60.6645,214.65,-3.53787],"tipVelocity":[134.519,338.78,-237.141],"tool":false,"touchDistance":0.333333,"touchZone":"none","type":3,"width":18.027},{"bases":[[[0.828936,-0.530736,-0.17659],[0.487051,0.529645,0.694448],[-0.275038,-0.661661,0.697537]],[[0.785169,-0.613751,-0.08258],[0.458126,0.665382,-0.589396],[0.41669,0.424944,0.803612]],[[0.785169,-0.613751,-0.08258],[-0.31903,-0.286585,-0.903376],[0.530782,0.735649,-0.420823]],[[0.785169,-0.613751,-0.08258],[-0.562404,-0.650864,-0.509977],[0.259251,0.446862,-0.856215]]],"btipPosition":[70.4988,221.649,-0.212197],"carpPosition":[84.0969,220.403,45.5336],"dipPosition":[74.9551,229.33,-14.9298],"direction":[-0.530782,-0.735649,0.420823],"extended":false,"handId":699,"id":6994,"length":50.3709,"mcpPosition":[100.001,258.663,5.19868],"pipPosition":[85.3078,243.679,-23.1378],"stabilizedTipPosition":[56.8344,206.769,25.2017],"timeVisible":155.679,"tipPosition":[71.4748,223.354,-3.05698],"tipVelocity":[134.265,345.47,-226.31],"tool":false,"touchDistance":0.333333,"touchZone":"none","type":4,"width":16.013}],"r":[[0.962161,-0.189999,0.19531],[0.170879,0.979061,0.11063],[-0.21224,-0.0730695,0.974482]],"s":1.09248,"t":[25.911,-30.6848,-142.748],"timestamp":523873827606},false],[4,{"currentFrameRate":110.474,"devices":[],"gestures":[],"hands":[{"armBasis":[[0.933978,0.0268631,-0.356319],[0.15262,0.871652,0.465758],[0.323098,-0.489389,0.810004]],"armWidth":63.5437,"confidence":0.55436,"direction":[0.0434081,0.79414,-0.606183],"elbow":[155.643,84.8392,267.273],"grabStrength":0,"id":699,"palmNormal":[-0.147987,-0.594951,-0.790021],"palmPosition":[62.8372,257.753,13.8277],"palmVelocity":[101.834,317.553,-170.812],"palmWidth":90.7382,"pinchStrength":0.562482,"r":[[0.961245,-0.189582,0.200166],[0.167662,0.978335,0.12145],[-0.218854,-0.0831829,0.972205]],"s":1.09222,"sphereCenter":[51.7919,250.206,-28.8806],"sphereRadius":46.4806,"stabilizedPalmPosition":[51.8385,243.613,38.1074],"t":[26.7686,-27.7537,-144.199],"timeVisible":155.688,"type":"right","wrist":[68.6479,216.609,49.1774]}],"id":4294575,"interactionBox":{"center":[0,200,0],"size":[235.247,235.247,147.751]},"pointables":[{"bases":[[[0.538417,0.637205,0.551432],[-0.745924,0.0559405,0.663677],[0.392051,-0.768662,0.505426]],[[0.405212,0.828944,0.385557],[-0.76148,0.0726479,0.644105],[0.505917,-0.554593,0.660662]],[[0.405212,0.828944,0.385557],[-0.913976,0.357519,0.191905],[0.0212341,-0.430152,0.902507]],[[0.405212,0.828944,0.385557],[-0.552779,0.558063,-0.618871],[-0.728175,0.0376458,0.684357]]],"btipPosition":[29.9054,252.371,-34.2016],"carpPosition":[38.8169,211.016,45.3442],"dipPosition":[12.9106,253.249,-18.2295],"direction":[-0.0212341,0.430152,-0.902507],"extended":false,"handId":699,"id":6990,"length":51.9721,"mcpPosition":[38.8169,211.016,45.3442],"pipPosition":[13.6326,238.624,12.4568],"stabilizedTipPosition":[11.2158,232.545,3.5599],"timeVisible":155.688,"tipPosition":[26.8235,252.401,-29.6481],"tipVelocity":[90.1766,380.013,-244.125],"tool":false,"touchDistance":-0.636569,"touchZone":"touching","type":0,"width":20.194},{"bases":[[[0.981298,0.0110974,-0.192174],[0.128089,0.707587,0.69492],[0.143692,-0.706539,0.692933]],[[0.989609,-0.0450372,-0.136548],[0.126564,0.723503,0.67862],[0.06823,-0.68885,0.721686]],[[0.989609,-0.0450372,-0.136548],[0.0986172,0.903704,0.416646],[0.104635,-0.425782,0.898755]],[[0.989609,-0.0450372,-0.136548],[0.0690703,0.981831,0.176741],[0.126107,-0.184336,0.97474]]],"btipPosition":[31.9765,324.846,-66.4853],"carpPosition":[50.1125,230.094,53.543],"dipPosition":[34.1251,321.706,-49.8774],"direction":[-0.104635,0.425782,-0.898755],"extended":true,"handId":699,"id":6991,"length":58.6448,"mcpPosition":[39.5704,281.93,2.7053],"pipPosition":[36.6472,311.443,-28.2142],"stabilizedTipPosition":[25.1657,310.427,-52.0366],"timeVisible":155.688,"tipPosition":[32.6338,325.425,-61.7435],"tipVelocity":[133.354,349.952,-147.352],"tool":false,"touchDistance":-0.549555,"touchZone":"touching","type":1,"width":19.2893},{"bases":[[[0.955379,-0.205251,-0.212422],[0.295268,0.683593,0.667471],[0.00821134,-0.700409,0.713695]],[[0.954714,-0.184365,-0.233517],[0.021812,0.826126,-0.563062],[0.296724,0.53247,0.792736]],[[0.954714,-0.184365,-0.233517],[-0.287074,-0.364627,-0.885796],[0.0781634,0.912719,-0.401041]],[[0.954714,-0.184365,-0.233517],[-0.280058,-0.821834,-0.496141],[-0.100441,0.539072,-0.836249]]],"btipPosition":[46.9973,218.997,-8.73451],"carpPosition":[62.1655,231.845,51.9812],"dipPosition":[45.115,229.099,-24.4058],"direction":[-0.0781634,-0.912719,0.401041],"extended":false,"handId":699,"id":6992,"length":66.821,"mcpPosition":[61.5942,280.576,2.32601],"pipPosition":[47.3315,254.982,-35.7784],"stabilizedTipPosition":[28.99,200.818,25.0721],"timeVisible":155.688,"tipPosition":[46.6598,221.23,-11.909],"tipVelocity":[117.651,350.363,-251.073],"tool":false,"touchDistance":0.333333,"touchZone":"none","type":2,"width":18.9446},{"bases":[[[0.921179,-0.357029,-0.154789],[0.362883,0.644506,0.672999],[-0.140518,-0.676123,0.723265]],[[0.925898,-0.330785,-0.182466],[0.159949,0.780838,-0.603911],[0.342241,0.529975,0.775885]],[[0.925898,-0.330785,-0.182466],[-0.30456,-0.367845,-0.878597],[0.223508,0.869063,-0.441331]],[[0.925898,-0.330785,-0.182466],[-0.377484,-0.791218,-0.481123],[0.0147783,0.514349,-0.857454]]],"btipPosition":[61.1498,215.56,-2.17497],"carpPosition":[74.0709,230.53,49.407],"dipPosition":[61.4252,225.143,-18.1513],"direction":[-0.223508,-0.869063,0.441331],"extended":false,"handId":699,"id":6993,"length":64.2502,"mcpPosition":[82.8485,272.765,4.22708],"pipPosition":[67.5997,249.151,-30.3432],"stabilizedTipPosition":[46.6553,200.937,23.9528],"timeVisible":155.688,"tipPosition":[61.2815,217.751,-5.54316],"tipVelocity":[116.773,342.408,-236.356],"tool":false,"touchDistance":0.333333,"touchZone":"none","type":3,"width":18.027},{"bases":[[[0.826018,-0.534433,-0.179095],[0.487893,0.518846,0.701968],[-0.282232,-0.667218,0.689323]],[[0.78126,-0.618248,-0.0860375],[0.466063,0.669451,-0.578464],[0.415232,0.411832,0.811158]],[[0.78126,-0.618248,-0.0860375],[-0.316052,-0.272936,-0.908635],[0.538279,0.737073,-0.408632]],[[0.78126,-0.618248,-0.0860375],[-0.564396,-0.640785,-0.520434],[0.266625,0.455154,-0.849556]]],"btipPosition":[71.1719,224.633,-2.04293],"carpPosition":[84.5755,222.773,43.8461],"dipPosition":[75.7549,232.457,-16.646],"direction":[-0.538279,-0.737073,0.408632],"extended":false,"handId":699,"id":6994,"length":50.3709,"mcpPosition":[100.896,261.355,3.98624],"pipPosition":[86.2539,246.833,-24.6163],"stabilizedTipPosition":[60.2,211.069,18.5099],"timeVisible":155.688,"tipPosition":[72.1737,226.356,-4.84838],"tipVelocity":[119.271,343.87,-220.016],"tool":false,"touchDistance":0.333333,"touchZone":"none","type":4,"width":16.013}],"r":[[0.961245,-0.189582,0.200166],[0.167662,0.978335,0.12145],[-0.218854,-0.0831829,0.972205]],"s":1.09222,"t":[26.7686,-27.7537,-144.199],"timestamp":523873836489},false],[5,{"currentFrameRate":110.479,"devices":[],"gestures":[],"hands":[{"armBasis":[[0.935959,0.0297073,-0.350852],[0.147858,0.871164,0.4682],[0.319559,-0.490092,0.810982]],"armWidth":63.5437,"confidence":0.547724,"direction":[0.0476453,0.798721,-0.599812],"elbow":[155.069,87.1432,265.313],"grabStrength":0,"id":699,"palmNormal":[-0.140914,-0.589114,-0.795668],"palmPosition":[63.4686,260.506,11.8684],"palmVelocity":[93.0112,313.954,-183.458],"palmWidth":90.7382,"pinchStrength":0.552757,"r":[[0.960184,-0.189419,0.205345],[0.164642,0.977504,0.131829],[-0.225697,-0.0927712,0.96977]],"s":1.09173,"sphereCenter":[53.1483,252.963,-31.2023],"sphereRadius":46.4632,"stabilizedPalmPosition":[54.868,248.014,31.2723],"t":[27.5131,-24.9115,-145.904],"timeVisible":155.697,"type":"right","wrist":[69.027,219.102,46.9541]}],"id":4294576,"interactionBox":{"center":[0,200,0],"size":[235.247,235.247,147.751]},"pointables":[{"bases":[[[0.533255,0.633509,0.560629],[-0.751416,0.0502797,0.657911],[0.388604,-0.7721,0.502841]],[[0.399427,0.828307,0.392893],[-0.769329,0.0697704,0.635031],[0.498589,-0.555913,0.665109]],[[0.399427,0.828307,0.392893],[-0.916524,0.350962,0.191859],[0.0210272,-0.43673,0.899347]],[[0.399427,0.828307,0.392893],[-0.569206,0.560022,-0.60198],[-0.718653,0.0168099,0.695165]]],"btipPosition":[30.472,255.642,-37.0787],"carpPosition":[39.2339,213.512,42.8333],"dipPosition":[13.6994,256.035,-20.8543],"direction":[-0.0210272,0.43673,-0.899347],"extended":false,"handId":699,"id":6990,"length":51.9721,"mcpPosition":[39.2339,213.512,42.8333],"pipPosition":[14.4144,241.185,9.72456],"stabilizedTipPosition":[14.0661,236.838,-3.27182],"timeVisible":155.697,"tipPosition":[27.4578,255.538,-32.3705],"tipVelocity":[84.1509,371.588,-262.773],"tool":false,"touchDistance":-0.643531,"touchZone":"touching","type":0,"width":20.194},{"bases":[[[0.982836,0.013413,-0.183993],[0.121693,0.702446,0.701256],[0.138651,-0.711611,0.688757]],[[0.990602,-0.0415066,-0.130328],[0.119595,0.725217,0.678054],[0.0663722,-0.687268,0.723365]],[[0.990602,-0.0415066,-0.130328],[0.0922381,0.906298,0.412451],[0.100996,-0.420596,0.901609]],[[0.990602,-0.0415066,-0.130328],[0.0635849,0.98337,0.170117],[0.121099,-0.176805,0.976768]]],"btipPosition":[32.93,327.341,-68.629],"carpPosition":[50.4435,232.538,51.2683],"dipPosition":[34.9933,324.329,-51.9865],"direction":[-0.100996,0.420596,-0.901609],"extended":true,"handId":699,"id":6991,"length":58.6448,"mcpPosition":[40.2713,284.746,0.736915],"pipPosition":[37.4277,314.191,-30.2546],"stabilizedTipPosition":[27.5174,315.057,-55.6802],"timeVisible":155.697,"tipPosition":[33.6298,328.007,-63.8491],"tipVelocity":[125.063,330.436,-171.845],"tool":false,"touchDistance":-0.554969,"touchZone":"touching","type":1,"width":19.2893},{"bases":[[[0.957289,-0.202799,-0.206081],[0.289116,0.678807,0.675006],[0.00299846,-0.705757,0.708447]],[[0.956778,-0.181737,-0.227043],[0.0262551,0.831487,-0.554923],[0.289633,0.524977,0.80032]],[[0.956778,-0.181737,-0.227043],[-0.279228,-0.355843,-0.891856],[0.0812911,0.916705,-0.391209]],[[0.956778,-0.181737,-0.227043],[-0.275368,-0.817229,-0.50627],[-0.0935384,0.546908,-0.831951]]],"btipPosition":[47.8246,221.935,-11.2555],"carpPosition":[62.5073,234.311,49.8191],"dipPosition":[46.0717,232.184,-26.8463],"direction":[-0.0812911,-0.916705,0.391209],"extended":false,"handId":699,"id":6992,"length":66.821,"mcpPosition":[62.2987,283.414,0.52893],"pipPosition":[48.3769,258.18,-37.9401],"stabilizedTipPosition":[32.3872,205.144,17.7155],"timeVisible":155.697,"tipPosition":[47.5177,224.192,-14.384],"tipVelocity":[111.347,344.395,-258.155],"tool":false,"touchDistance":0.333333,"touchZone":"none","type":2,"width":18.9446},{"bases":[[[0.92276,-0.355037,-0.149875],[0.356719,0.639739,0.680797],[-0.145827,-0.681676,0.716975]],[[0.927693,-0.32851,-0.177388],[0.165228,0.787329,-0.59398],[0.334791,0.521722,0.784679]],[[0.927693,-0.32851,-0.177388],[-0.296197,-0.358378,-0.885343],[0.227272,0.873869,-0.429769]],[[0.927693,-0.32851,-0.177388],[-0.372686,-0.786674,-0.492188],[0.0221419,0.522709,-0.852223]]],"btipPosition":[61.9361,218.482,-4.6645],"carpPosition":[74.4347,233.026,47.3332],"dipPosition":[62.3487,228.221,-20.5434],"direction":[-0.227272,-0.873869,0.429769],"extended":false,"handId":699,"id":6993,"length":64.2502,"mcpPosition":[83.5441,275.608,2.54624],"pipPosition":[68.6271,252.362,-32.4159],"stabilizedTipPosition":[49.8523,205.051,17.2433],"timeVisible":155.697,"tipPosition":[62.098,220.688,-7.95753],"tipVelocity":[109.516,338.196,-246.416],"tool":false,"touchDistance":0.333333,"touchZone":"none","type":3,"width":18.027},{"bases":[[[0.82797,-0.532338,-0.176299],[0.481605,0.513976,0.709849],[-0.287266,-0.67264,0.681933]],[[0.782345,-0.617166,-0.0839234],[0.47218,0.675557,-0.566276],[0.406181,0.403396,0.819932]],[[0.782345,-0.617166,-0.0839234],[-0.305959,-0.263441,-0.91487],[0.542518,0.741421,-0.394929]],[[0.782345,-0.617166,-0.0839234],[-0.558841,-0.636054,-0.532102],[0.275015,0.463187,-0.842511]]],"btipPosition":[71.9718,227.568,-4.35868],"carpPosition":[84.9921,225.32,41.8009],"dipPosition":[76.6991,235.53,-18.8407],"direction":[-0.542518,-0.741421,0.394929],"extended":false,"handId":699,"id":6994,"length":50.3709,"mcpPosition":[101.603,264.216,2.36826],"pipPosition":[87.2807,249.991,-26.5436],"stabilizedTipPosition":[63.2421,215.405,12.3118],"timeVisible":155.697,"tipPosition":[73.0022,229.303,-7.10644],"tipVelocity":[111.791,339.541,-229.117],"tool":false,"touchDistance":0.333333,"touchZone":"none","type":4,"width":16.013}],"r":[[0.960184,-0.189419,0.205345],[0.164642,0.977504,0.131829],[-0.225697,-0.0927712,0.96977]],"s":1.09173,"t":[27.5131,-24.9115,-145.904],"timestamp":523873845531},false],[6,{"currentFrameRate":110.491,"devices":[],"gestures":[],"hands":[{"armBasis":[[0.935167,0.0314796,-0.352806],[0.146417,0.872606,0.465961],[0.322529,-0.487409,0.811423]],"armWidth":63.5437,"confidence":0.555013,"direction":[0.0480368,0.799585,-0.598629],"elbow":[156.366,89.3702,264.399],"grabStrength":0,"id":699,"palmNormal":[-0.139214,-0.588112,-0.796708],"palmPosition":[63.9921,262.055,10.884],"palmVelocity":[83.3625,274.736,-162.957],"palmWidth":90.7382,"pinchStrength":0.546937,"r":[[0.959267,-0.189249,0.209741],[0.161993,0.976748,0.140432],[-0.231441,-0.100735,0.96762]],"s":1.09127,"sphereCenter":[54.0396,254.371,-32.3385],"sphereRadius":46.4441,"stabilizedPalmPosition":[57.4069,251.921,25.5991],"t":[28.1471,-22.7159,-147.249],"timeVisible":155.706,"type":"right","wrist":[69.5238,220.606,45.9214]}],"id":4294577,"interactionBox":{"center":[0,200,0],"size":[235.247,235.247,147.751]},"pointables":[{"bases":[[[0.5319,0.633113,0.562361],[-0.752507,0.0488325,0.656771],[0.388349,-0.772518,0.502396]],[[0.396761,0.829577,0.392915],[-0.773638,0.0718348,0.629543],[0.49403,-0.553752,0.670294]],[[0.396761,0.829577,0.392915],[-0.917659,0.34822,0.191429],[0.021984,-0.436513,0.899429]],[[0.396761,0.829577,0.392915],[-0.585932,0.558385,-0.587274],[-0.706587,0.00278617,0.707621]]],"btipPosition":[30.8922,257.343,-38.7186],"carpPosition":[39.7413,215.001,41.745],"dipPosition":[14.4013,257.408,-22.2036],"direction":[-0.021984,0.436513,-0.899429],"extended":false,"handId":699,"id":6990,"length":51.9721,"mcpPosition":[39.7413,215.001,41.745],"pipPosition":[15.1488,242.566,8.37812],"stabilizedTipPosition":[16.6145,240.85,-9.46012],"timeVisible":155.706,"tipPosition":[27.8838,257.171,-33.8483],"tipVelocity":[75.7682,318.847,-238.386],"tool":false,"touchDistance":-0.631107,"touchZone":"touching","type":0,"width":20.194},{"bases":[[[0.98312,0.0143691,-0.182395],[0.120064,0.701561,0.702422],[0.138054,-0.712465,0.687994]],[[0.990714,-0.0392021,-0.130187],[0.11756,0.728017,0.675404],[0.0683011,-0.684437,0.725866]],[[0.990714,-0.0392021,-0.130187],[0.0895888,0.908486,0.4082],[0.102271,-0.416073,0.903562]],[[0.990714,-0.0392021,-0.130187],[0.0606512,0.984406,0.165125],[0.121684,-0.171488,0.977643]]],"btipPosition":[33.3307,328.568,-69.7861],"carpPosition":[50.9238,234.023,50.2242],"dipPosition":[35.404,325.646,-53.1288],"direction":[-0.102271,0.416073,-0.903562],"extended":true,"handId":699,"id":6991,"length":58.6448,"mcpPosition":[40.7953,286.293,-0.251122],"pipPosition":[37.869,315.617,-31.3498],"stabilizedTipPosition":[29.43,318.961,-58.8043],"timeVisible":155.706,"tipPosition":[34.0773,329.238,-65.0267],"tipVelocity":[102.916,277.494,-159.707],"tool":false,"touchDistance":-0.545111,"touchZone":"touching","type":1,"width":19.2893},{"bases":[[[0.957764,-0.201831,-0.204823],[0.287545,0.678078,0.676408],[0.00236586,-0.706735,0.707474]],[[0.95727,-0.180723,-0.225772],[0.0270298,0.833186,-0.552332],[0.287929,0.522628,0.802469]],[[0.95727,-0.180723,-0.225772],[-0.277378,-0.352883,-0.893608],[0.0818243,0.918048,-0.387933]],[[0.95727,-0.180723,-0.225772],[-0.274115,-0.815829,-0.5092],[-0.0921673,0.54933,-0.830507]]],"btipPosition":[48.3909,223.529,-12.4333],"carpPosition":[62.9886,235.807,48.7969],"dipPosition":[46.6637,233.823,-27.997],"direction":[-0.0818243,-0.918048,0.387933],"extended":false,"handId":699,"id":6992,"length":66.821,"mcpPosition":[62.824,284.978,-0.425551],"pipPosition":[48.9841,259.857,-38.9978],"stabilizedTipPosition":[35.4471,209.213,11.1025],"timeVisible":155.706,"tipPosition":[48.0923,225.79,-15.5361],"tipVelocity":[98.138,298.463,-222.793],"tool":false,"touchDistance":0.333333,"touchZone":"none","type":2,"width":18.9446},{"bases":[[[0.923253,-0.354171,-0.148883],[0.355167,0.639051,0.682254],[-0.146491,-0.682772,0.715796]],[[0.928217,-0.327572,-0.176382],[0.165576,0.788279,-0.592621],[0.333164,0.520876,0.785932]],[[0.928217,-0.327572,-0.176382],[-0.294528,-0.357342,-0.886318],[0.227305,0.874645,-0.428169]],[[0.928217,-0.327572,-0.176382],[-0.371322,-0.786244,-0.493903],[0.0231099,0.523944,-0.851439]]],"btipPosition":[62.5173,220.051,-5.71026],"carpPosition":[74.9209,234.533,46.3284],"dipPosition":[62.9478,229.813,-21.5745],"direction":[-0.227305,-0.874645,0.428169],"extended":false,"handId":699,"id":6993,"length":64.2502,"mcpPosition":[84.0717,277.184,1.6151],"pipPosition":[69.2272,253.976,-33.4029],"stabilizedTipPosition":[52.6601,208.844,11.3913],"timeVisible":155.706,"tipPosition":[62.6818,222.263,-9.00262],"tipVelocity":[97.2081,293.088,-210.35],"tool":false,"touchDistance":0.333333,"touchZone":"none","type":3,"width":18.027},{"bases":[[[0.828633,-0.531502,-0.175705],[0.480097,0.513336,0.711332],[-0.287879,-0.673789,0.68054]],[[0.782656,-0.616889,-0.0830539],[0.475365,0.678504,-0.560054],[0.401844,0.398849,0.824282]],[[0.782656,-0.616889,-0.0830539],[-0.301059,-0.258373,-0.917936],[0.544806,0.743432,-0.387937]],[[0.782656,-0.616889,-0.0830539],[-0.556639,-0.633928,-0.536925],[0.278573,0.466458,-0.839532]]],"btipPosition":[72.555,229.223,-5.61753],"carpPosition":[85.4927,226.843,40.8024],"dipPosition":[77.3434,237.241,-20.0483],"direction":[-0.544806,-0.743432,0.387937],"extended":false,"handId":699,"id":6994,"length":50.3709,"mcpPosition":[102.139,265.805,1.45038],"pipPosition":[87.9697,251.741,-27.6149],"stabilizedTipPosition":[65.8329,219.301,7.0258],"timeVisible":155.706,"tipPosition":[73.5979,230.947,-8.3079],"tipVelocity":[99.2212,296.882,-204.056],"tool":false,"touchDistance":0.333333,"touchZone":"none","type":4,"width":16.013}],"r":[[0.959267,-0.189249,0.209741],[0.161993,0.976748,0.140432],[-0.231441,-0.100735,0.96762]],"s":1.09127,"t":[28.1471,-22.7159,-147.249],"timestamp":523873854561},false],[7,{"currentFrameRate":110.314,"devices":[],"gestures":[],"hands":[{"armBasis":[