{"sensorType":"Leap","data":[[0,{"currentFrameRate":109.76,"devices":[],"gestures":[],"hands":[{"armBasis":[[0.909924,-0.00293103,-0.414765],[0.206163,0.870898,0.446132],[0.359911,-0.491455,0.793055]],"armWidth":63.5437,"confidence":0.563892,"direction":[0.128388,0.702662,-0.699845],"elbow":[162.602,93.6538,267.78],"grabStrength":0.898136,"id":699,"palmNormal":[-0.173789,-0.678825,-0.713438],"palmPosition":[64.4383,262.515,13.7531],"palmVelocity":[116.875,114.349,-209.932],"palmWidth":90.7382,"pinchStrength":0.701492,"r":[[0.931014,-0.228175,0.284866],[0.234544,0.972031,0.0120372],[-0.279645,0.0556068,0.958492]],"s":1.00317,"sphereCenter":[32.214,265.611,-18.7027],"sphereRadius":49.8385,"stabilizedPalmPosition":[43.545,244.067,50.3573],"t":[28.3069,-20.9955,-144.033],"timeVisible":130.145,"type":"right","wrist":[65.6953,225.979,54.2479]}],"id":4291829,"interactionBox":{"center":[0,200,0],"size":[235.247,235.247,147.751]},"pointables":[{"bases":[[[0.573386,0.658471,0.487487],[-0.758167,0.200956,0.620322],[0.3105,-0.725281,0.614457]],[[0.424314,0.874399,0.235338],[-0.757465,0.20033,0.621381],[0.496189,-0.441922,0.747329]],[[0.424314,0.874399,0.235338],[-0.898491,0.438864,-0.0106215],[-0.112569,-0.206942,0.971855]],[[0.424314,0.874399,0.235338],[-0.356361,0.400171,-0.844316],[-0.832445,0.27439,0.4814]]],"btipPosition":[34.1836,244.963,-31.535],"carpPosition":[35.6279,222.332,49.9463],"dipPosition":[14.7553,251.367,-20.2996],"direction":[0.112569,0.206942,-0.971855],"extended":false,"handId":699,"id":6990,"length":51.9721,"mcpPosition":[35.6279,222.332,49.9463],"pipPosition":[10.9278,244.331,12.7446],"stabilizedTipPosition":[-11.882,222.553,44.4962],"timeVisible":130.145,"tipPosition":[30.0137,247.271,-27.9631],"tipVelocity":[104.305,114.619,-246.87],"tool":false,"touchDistance":-0.675121,"touchZone":"hovering","type":0,"width":20.194},{"bases":[[[0.984074,-0.0922173,-0.151971],[0.166323,0.779378,0.604074],[0.0627371,-0.61973,0.782304]],[[0.96364,0.00145351,-0.2672],[0.22038,0.561143,0.797841],[0.151097,-0.827717,0.54042]],[[0.96364,0.00145351,-0.2672],[0.00825685,0.999346,0.0352141],[0.267076,-0.0361399,0.962998]],[[0.96364,0.00145351,-0.2672],[-0.190402,0.705324,-0.682836],[0.18747,0.708884,0.679955]]],"btipPosition":[27.5317,311.074,-59.2362],"carpPosition":[48.2397,241.352,56.1087],"dipPosition":[30.7259,323.152,-47.6509],"direction":[-0.267076,0.0361399,-0.962998],"extended":false,"handId":699,"id":6991,"length":58.6448,"mcpPosition":[43.6369,286.819,-1.28582],"pipPosition":[37.1634,322.281,-24.4393],"stabilizedTipPosition":[19.3439,302.947,-41.3108],"timeVisible":130.145,"tipPosition":[28.1739,312.599,-55.771],"tipVelocity":[110.81,149.641,-219.894],"tool":false,"touchDistance":-0.659136,"touchZone":"hovering","type":1,"width":19.2893},{"bases":[[[0.940633,-0.306602,-0.14562],[0.331635,0.738773,0.586714],[-0.0723074,-0.600175,0.796594]],[[0.939139,-0.317622,-0.1309],[0.139667,0.701132,-0.699219],[0.313865,0.638381,0.702821]],[[0.939139,-0.317622,-0.1309],[-0.290011,-0.52875,-0.797695],[0.184152,0.787109,-0.588683]],[[0.939139,-0.317622,-0.1309],[-0.343126,-0.885917,-0.312114],[-0.0168323,0.338034,-0.940983]]],"btipPosition":[45.4763,224.336,-0.0491852],"carpPosition":[60.4388,241.919,54.8285],"dipPosition":[45.1609,230.67,-17.6832],"direction":[-0.184152,-0.787109,0.588683],"extended":false,"handId":699,"id":6992,"length":66.821,"mcpPosition":[65.4696,283.676,-0.594388],"pipPosition":[50.383,252.991,-34.3769],"stabilizedTipPosition":[17.8357,203.576,48.9822],"timeVisible":130.145,"tipPosition":[45.4767,225.777,-3.69841],"tipVelocity":[132.433,115.107,-233.189],"tool":false,"touchDistance":0.333333,"touchZone":"none","type":2,"width":18.9446},{"bases":[[[0.892045,-0.446395,-0.0706198],[0.395517,0.695471,0.599906],[-0.218681,-0.563074,0.796948]],[[0.88875,-0.454586,-0.0589509],[0.269778,0.622686,-0.734494],[0.370599,0.636878,0.676049]],[[0.88875,-0.454586,-0.0589509],[-0.327253,-0.539171,-0.776016],[0.320981,0.708976,-0.627952]],[[0.88875,-0.454586,-0.0589509],[-0.450886,-0.843759,-0.291157],[0.0826154,0.285346,-0.954857]]],"btipPosition":[59.0043,221.23,8.16225],"carpPosition":[72.2629,239.335,52.9284],"dipPosition":[60.5436,226.546,-9.62893],"direction":[-0.320981,-0.708976,0.627952],"extended":false,"handId":699,"id":6993,"length":64.2502,"mcpPosition":[85.9232,274.509,3.1457],"pipPosition":[69.4108,246.132,-26.9763],"stabilizedTipPosition":[33.4622,201.545,52.9769],"timeVisible":130.145,"tipPosition":[59.3203,222.538,4.20454],"tipVelocity":[133.077,115.848,-232.358],"tool":false,"touchDistance":0.333333,"touchZone":"none","type":3,"width":18.027},{"bases":[[[0.783044,-0.617299,-0.0760516],[0.508564,0.565077,0.649654],[-0.358056,-0.547385,0.756416]],[[0.728577,-0.684506,0.0250441],[0.505391,0.512532,-0.694183],[0.462336,0.518423,0.719363]],[[0.728577,-0.684506,0.0250441],[-0.384499,-0.438966,-0.812077],[0.566865,0.582032,-0.583012]],[[0.728577,-0.684506,0.0250441],[-0.635867,-0.689496,-0.346797],[0.254652,0.236744,-0.937606]]],"btipPosition":[71.207,228.06,7.21195],"carpPosition":[82.2389,230.11,48.8291],"dipPosition":[75.5842,232.129,-8.90465],"direction":[-0.566865,-0.582032,0.583012],"extended":false,"handId":699,"id":6994,"length":50.3709,"mcpPosition":[102.943,261.762,5.08959],"pipPosition":[86.6407,243.482,-20.2761],"stabilizedTipPosition":[49.8481,210.719,42.7469],"timeVisible":130.145,"tipPosition":[72.1065,229.149,3.52726],"tipVelocity":[133.752,118.383,-230.535],"tool":false,"touchDistance":0.333333,"touchZone":"none","type":4,"width":16.013}],"r":[[0.931014,-0.228175,0.284866],[0.234544,0.972031,0.0120372],[-0.279645,0.0556068,0.958492]],"s":1.00317,"t":[28.3069,-20.9955,-144.033],"timestamp":523848293775},false],[1,{"currentFrameRate":109.771,"devices":[],"gestures":[],"hands":[{"armBasis":[[0.913788,-0.00324521,-0.406178],[0.202574,0.870378,0.448783],[0.352072,-0.492374,0.795999]],"armWidth":63.5437,"confidence":0.564519,"direction":[0.129506,0.703684,-0.698611],"elbow":[161.186,94.4282,266.717],"grabStrength":0.885534,"id":699,"palmNormal":[-0.169683,-0.678424,-0.714806],"palmPosition":[65.2059,263.577,11.9317],"palmVelocity":[107.894,115.054,-207.287],"palmWidth":90.7382,"pinchStrength":0.694148,"r":[[0.930935,-0.226651,0.286339],[0.231801,0.972627,0.0162566],[-0.282186,0.0512399,0.95799]],"s":1.00613,"sphereCenter":[33.2291,266.493,-20.7536],"sphereRadius":49.7927,"stabilizedPalmPosition":[44.7125,245.118,48.2863],"t":[29.1509,-19.997,-145.79],"timeVisible":130.154,"type":"right","wrist":[66.3894,227.001,52.3919]}],"id":4291830,"interactionBox":{"center":[0,200,0],"size":[235.247,235.247,147.751]},"pointables":[{"bases":[[[0.570163,0.659161,0.490328],[-0.760902,0.198681,0.6177],[0.309744,-0.725281,0.614838]],[[0.420286,0.876192,0.235896],[-0.760039,0.197915,0.619008],[0.495682,-0.43945,0.749121]],[[0.420286,0.876192,0.235896],[-0.9004,0.434919,-0.0112241],[-0.11243,-0.207684,0.971713]],[[0.420286,0.876192,0.235896],[-0.36878,0.402471,-0.837865],[-0.829073,0.265149,0.492275]]],"btipPosition":[34.8435,246.044,-33.8453],"carpPosition":[36.346,223.295,47.9741],"dipPosition":[15.4939,252.232,-22.3562],"direction":[0.11243,0.207684,-0.971713],"extended":false,"handId":699,"id":6990,"length":51.9721,"mcpPosition":[36.346,223.295,47.9741],"pipPosition":[11.6712,245.171,10.6833],"stabilizedTipPosition":[-10.6068,223.304,42.2127],"timeVisible":130.154,"tipPosition":[30.7525,248.223,-30.1984],"tipVelocity":[96.0769,114.286,-247.112],"tool":false,"touchDistance":-0.669722,"touchZone":"hovering","type":0,"width":20.194},{"bases":[[[0.984828,-0.0899675,-0.148393],[0.162412,0.779079,0.605523],[0.0611328,-0.620436,0.781871]],[[0.965027,0.00256601,-0.262138],[0.214755,0.565738,0.796129],[0.150344,-0.824581,0.545401]],[[0.965027,0.00256601,-0.262138],[0.00752269,0.999269,0.0374754],[0.262043,-0.0381368,0.964302]],[[0.965027,0.00256601,-0.262138],[-0.185726,0.712398,-0.676753],[0.18501,0.701771,0.68796]]],"btipPosition":[28.4995,312.144,-61.4905],"carpPosition":[48.8942,242.335,54.2038],"dipPosition":[31.6518,324.101,-49.7689],"direction":[-0.262043,0.0381368,-0.964302],"extended":true,"handId":699,"id":6991,"length":58.6448,"mcpPosition":[44.4092,287.854,-3.15891],"pipPosition":[37.9679,323.181,-26.5258],"stabilizedTipPosition":[20.4957,304.34,-43.3489],"timeVisible":130.154,"tipPosition":[29.1288,313.751,-57.9415],"tipVelocity":[109.313,139.936,-226.722],"tool":false,"touchDistance":-0.6549,"touchZone":"hovering","type":1,"width":19.2893},{"bases":[[[0.941819,-0.304451,-0.142433],[0.327873,0.738843,0.588737],[-0.0740053,-0.601183,0.795677]],[[0.9403,-0.315444,-0.127792],[0.140834,0.702446,-0.697664],[0.309841,0.638016,0.704936]],[[0.9403,-0.315444,-0.127792],[-0.285842,-0.528126,-0.799611],[0.184742,0.788402,-0.586764]],[[0.9403,-0.315444,-0.127792],[-0.340059,-0.886189,-0.314688],[-0.0139816,0.339358,-0.940553]]],"btipPosition":[46.3758,225.372,-2.0082],"carpPosition":[61.0969,242.929,52.9699],"dipPosition":[46.1138,231.731,-19.6342],"direction":[-0.184742,-0.788402,0.586764],"extended":false,"handId":699,"id":6992,"length":66.821,"mcpPosition":[66.2458,284.756,-2.3893],"pipPosition":[51.3527,254.089,-36.2734],"stabilizedTipPosition":[19.131,204.634,46.4787],"timeVisible":130.154,"tipPosition":[46.3857,226.819,-5.65472],"tipVelocity":[123.537,114.971,-228.238],"tool":false,"touchDistance":0.333333,"touchZone":"none","type":2,"width":18.9446},{"bases":[[[0.893249,-0.444426,-0.067764],[0.391798,0.695662,0.60212],[-0.220457,-0.564393,0.795525]],[[0.889937,-0.452613,-0.0561511],[0.27113,0.624021,-0.732861],[0.366742,0.636977,0.678057]],[[0.889937,-0.452613,-0.0561511],[-0.323184,-0.538949,-0.777872],[0.321812,0.710405,-0.625909]],[[0.889937,-0.452613,-0.0561511],[-0.447973,-0.844348,-0.293932],[0.0856265,0.286736,-0.954175]]],"btipPosition":[59.8786,222.279,6.27531],"carpPosition":[72.9335,240.372,51.1111],"dipPosition":[61.474,227.622,-11.5032],"direction":[-0.321812,-0.710405,0.625909],"extended":false,"handId":699,"id":6993,"length":64.2502,"mcpPosition":[86.7047,275.628,1.41737],"pipPosition":[70.3642,247.247,-28.7941],"stabilizedTipPosition":[34.7038,202.563,50.6223],"timeVisible":130.154,"tipPosition":[60.2079,223.595,2.31921],"tipVelocity":[123.253,115.928,-225.409],"tool":false,"touchDistance":0.333333,"touchZone":"none","type":3,"width":18.027},{"bases":[[[0.784632,-0.615555,-0.0737852],[0.504934,0.565455,0.652152],[-0.359713,-0.548956,0.754489]],[[0.730679,-0.682234,0.0258029],[0.50611,0.515908,-0.691152],[0.458215,0.518069,0.722248]],[[0.730679,-0.682234,0.0258029],[-0.379978,-0.437779,-0.814841],[0.567208,0.585583,-0.57911]],[[0.730679,-0.682234,0.0258029],[-0.632332,-0.690517,-0.3512],[0.257418,0.240299,-0.935945]]],"btipPosition":[72.0992,229.096,5.32715],"carpPosition":[82.9442,231.172,47.0393],"dipPosition":[76.524,233.226,-10.7609],"direction":[-0.567208,-0.585583,0.57911],"extended":false,"handId":699,"id":6994,"length":50.3709,"mcpPosition":[103.744,262.915,3.41121],"pipPosition":[87.5872,244.648,-22.0562],"stabilizedTipPosition":[51.139,211.791,40.4656],"timeVisible":130.154,"tipPosition":[73.0037,230.209,1.66677],"tipVelocity":[124.228,117.578,-223.914],"tool":false,"touchDistance":0.333333,"touchZone":"none","type":4,"width":16.013}],"r":[[0.930935,-0.226651,0.286339],[0.231801,0.972627,0.0162566],[-0.282186,0.0512399,0.95799]],"s":1.00613,"t":[29.1509,-19.997,-145.79],"timestamp":523848302865},false],[2,{"currentFrameRate":109.833,"devices":[],"gestures":[],"hands":[{"armBasis":[[0.919158,-0.000775088,-0.393888],[0.198026,0.865342,0.4604],[0.340491,-0.501181,0.79554]],"armWidth":63.5437,"confidence":0.553694,"direction":[0.128333,0.703815,-0.698695],"elbow":[159.019,92.8014,265.156],"grabStrength":0.873698,"id":699,"palmNormal":[-0.166227,-0.679288,-0.714798],"palmPosition":[66.1037,264.3,10.4769],"palmVelocity":[105.675,105.546,-194.786],"palmWidth":90.7382,"pinchStrength":0.685112,"r":[[0.930918,-0.224792,0.287854],[0.228944,0.973242,0.0196225],[-0.284562,0.0476355,0.957473]],"s":1.0091,"sphereCenter":[34.3183,266.922,-22.3891],"sphereRadius":49.7372,"stabilizedPalmPosition":[45.807,246.1,46.3516],"t":[30.0218,-19.1361,-147.395],"timeVisible":130.163,"type":"right","wrist":[67.3411,227.746,50.9547]}],"id":4291831,"interactionBox":{"center":[0,200,0],"size":[235.247,235.247,147.751]},"pointables":[{"bases":[[[0.567144,0.661263,0.490998],[-0.762593,0.196408,0.616341],[0.311127,-0.723985,0.615666]],[[0.415718,0.87879,0.234321],[-0.761063,0.195068,0.618654],[0.497958,-0.435518,0.749908]],[[0.415718,0.87879,0.234321],[-0.903036,0.429479,-0.0085948],[-0.108189,-0.208027,0.972121]],[[0.415718,0.87879,0.234321],[-0.383269,0.402918,-0.831121],[-0.824793,0.255704,0.504313]]],"btipPosition":[35.4579,246.723,-35.6652],"carpPosition":[37.3177,223.938,46.4882],"dipPosition":[16.2081,252.691,-23.8951],"direction":[0.108189,0.208027,-0.972121],"extended":false,"handId":699,"id":6990,"length":51.9721,"mcpPosition":[37.3177,223.938,46.4882],"pipPosition":[12.5296,245.618,9.15825],"stabilizedTipPosition":[-9.47805,223.976,40.1749],"timeVisible":130.163,"tipPosition":[31.4796,248.759,-31.9598],"tipVelocity":[89.1539,102.092,-232.846],"tool":false,"touchDistance":-0.657412,"touchZone":"hovering","type":0,"width":20.194},{"bases":[[[0.985369,-0.0867508,-0.146707],[0.158803,0.779872,0.605459],[0.0618887,-0.619898,0.782238]],[[0.96586,0.00442122,-0.259026],[0.209894,0.572712,0.79243],[0.151851,-0.819745,0.552232]],[[0.96586,0.00442122,-0.259026],[0.00525245,0.999315,0.0366424],[0.25901,-0.0367519,0.965175]],[[0.96586,0.00442122,-0.259026],[-0.183635,0.716949,-0.672504],[0.182735,0.697111,0.693285]]],"btipPosition":[29.3892,312.63,-63.395],"carpPosition":[49.7921,243.022,52.7308],"dipPosition":[32.5027,324.508,-51.5826],"direction":[-0.25901,0.0367519,-0.965175],"extended":true,"handId":699,"id":6991,"length":58.6448,"mcpPosition":[45.2516,288.501,-4.65892],"pipPosition":[38.7457,323.622,-28.3185],"stabilizedTipPosition":[21.5022,305.494,-45.164],"timeVisible":130.163,"tipPosition":[30.0099,314.355,-59.7703],"tipVelocity":[106.186,115.811,-221.968],"tool":false,"touchDistance":-0.645997,"touchZone":"hovering","type":1,"width":19.2893},{"bases":[[[0.943064,-0.301373,-0.140727],[0.324425,0.74018,0.588967],[-0.0733357,-0.601089,0.79581]],[[0.941563,-0.312331,-0.126129],[0.13959,0.702593,-0.697766],[0.306551,0.639384,0.705134]],[[0.941563,-0.312331,-0.126129],[-0.282748,-0.529357,-0.799896],[0.183065,0.788816,-0.586734]],[[0.941563,-0.312331,-0.126129],[-0.336565,-0.887407,-0.315012],[-0.0135397,0.339055,-0.940669]]],"btipPosition":[47.4244,226.02,-3.47854],"carpPosition":[61.9947,243.656,51.517],"dipPosition":[47.1707,232.374,-21.1067],"direction":[-0.183065,-0.788816,0.586734],"extended":false,"handId":699,"id":6992,"length":66.821,"mcpPosition":[67.097,285.477,-3.85144],"pipPosition":[52.362,254.743,-37.7451],"stabilizedTipPosition":[20.376,205.642,44.0972],"timeVisible":130.163,"tipPosition":[47.4347,227.469,-7.12964],"tipVelocity":[121.685,103.172,-210.475],"tool":false,"touchDistance":0.333333,"touchZone":"none","type":2,"width":18.9446},{"bases":[[[0.894835,-0.441478,-0.0660789],[0.388471,0.697218,0.602476],[-0.219909,-0.564787,0.795397]],[[0.89156,-0.449603,-0.0545647],[0.269916,0.624217,-0.733143],[0.363684,0.638913,0.677882]],[[0.89156,-0.449603,-0.0545647],[-0.320286,-0.540726,-0.777838],[0.320214,0.710966,-0.626092]],[[0.89156,-0.449603,-0.0545647],[-0.444649,-0.846042,-0.294109],[0.0860685,0.286478,-0.954213]]],"btipPosition":[60.9259,222.973,4.86486],"carpPosition":[73.8428,241.138,49.6791],"dipPosition":[62.5295,228.311,-12.9143],"direction":[-0.320214,-0.710966,0.626092],"extended":false,"handId":699,"id":6993,"length":64.2502,"mcpPosition":[87.5798,276.419,-0.0066421],"pipPosition":[71.3755,247.951,-30.2103],"stabilizedTipPosition":[35.9059,203.541,48.3689],"timeVisible":130.163,"tipPosition":[61.2571,224.289,0.891254],"tipVelocity":[121.439,105.233,-206.585],"tool":false,"touchDistance":0.333333,"touchZone":"none","type":3,"width":18.027},{"bases":[[[0.786799,-0.61297,-0.0722083],[0.501957,0.567409,0.652753],[-0.359147,-0.549831,0.754122]],[[0.733805,-0.678869,0.0258263],[0.504902,0.519536,-0.689316],[0.454537,0.518863,0.724001]],[[0.733805,-0.678869,0.0258263],[-0.376107,-0.437614,-0.816723],[0.56575,0.589602,-0.576451]],[[0.733805,-0.678869,0.0258263],[-0.628397,-0.692714,-0.353927],[0.258161,0.243485,-0.934916]]],"btipPosition":[73.1586,229.782,3.80577],"carpPosition":[83.8909,231.97,45.628],"dipPosition":[77.5961,233.968,-12.2646],"direction":[-0.56575,-0.589602,0.576451],"extended":false,"handId":699,"id":6994,"length":50.3709,"mcpPosition":[104.658,263.763,2.02116],"pipPosition":[88.6309,245.468,-23.5081],"stabilizedTipPosition":[52.3644,212.799,38.3193],"timeVisible":130.163,"tipPosition":[74.0577,230.918,0.181122],"tipVelocity":[122.545,106.65,-208.756],"tool":false,"touchDistance":0.333333,"touchZone":"none","type":4,"width":16.013}],"r":[[0.930918,-0.224792,0.287854],[0.228944,0.973242,0.0196225],[-0.284562,0.0476355,0.957473]],"s":1.0091,"t":[30.0218,-19.1361,-147.395],"timestamp":523848311860},false],[3,{"currentFrameRate":109.867,"devices":[],"gestures":[],"hands":[{"armBasis":[[0.92465,-0.000144523,-0.380817],[0.192859,0.862456,0.467947],[0.328371,-0.506132,0.797498]],"armWidth":63.5437,"confidence":0.514388,"direction":[0.126575,0.713361,-0.689271],"elbow":[156.339,92.3112,262.92],"grabStrength":0.857213,"id":699,"palmNormal":[-0.161032,-0.670866,-0.723884],"palmPosition":[66.6067,265.654,8.18316],"palmVelocity":[91.8788,117.705,-211.019],"palmWidth":90.7382,"pinchStrength":0.68068,"r":[[0.930974,-0.223122,0.288971],[0.225669,0.973885,0.0249275],[-0.286986,0.0420048,0.957013]],"s":1.01167,"sphereCenter":[35.1486,268.259,-24.9167],"sphereRadius":49.6178,"stabilizedPalmPosition":[46.8028,247.036,44.5244],"t":[30.7087,-18.0291,-149.345],"timeVisible":130.172,"type":"right","wrist":[67.9248,228.589,48.1916]}],"id":4291832,"interactionBox":{"center":[0,200,0],"size":[235.247,235.247,147.751]},"pointables":[{"bases":[[[0.562596,0.657707,0.500907],[-0.765114,0.184688,0.61684],[0.313188,-0.730282,0.607125]],[[0.409169,0.879147,0.244298],[-0.764217,0.183897,0.618186],[0.49855,-0.43964,0.747104]],[[0.409169,0.879147,0.244298],[-0.906154,0.422927,-0.00427406],[-0.107078,-0.219623,0.969691]],[[0.409169,0.879147,0.244298],[-0.391432,0.410969,-0.823338],[-0.824234,0.241258,0.512282]]],"btipPosition":[35.9919,248.411,-38.5181],"carpPosition":[37.932,224.689,43.5991],"dipPosition":[16.7553,254.042,-26.562],"direction":[0.107078,0.219623,-0.969691],"extended":false,"handId":699,"id":6990,"length":51.9721,"mcpPosition":[37.932,224.689,43.5991],"pipPosition":[13.1145,246.574,6.40866],"stabilizedTipPosition":[-8.45564,224.617,38.2832],"timeVisible":130.172,"tipPosition":[32.0303,250.352,-34.7592],"tipVelocity":[80.9508,123.051,-254.333],"tool":false,"touchDistance":-0.662156,"touchZone":"hovering","type":0,"width":20.194},{"bases":[[[0.986156,-0.0799688,-0.145264],[0.153381,0.772808,0.615826],[0.063014,-0.629581,0.774375]],[[0.967,0.0109147,-0.254543],[0.202613,0.572774,0.794278],[0.154465,-0.819641,0.551661]],[[0.967,0.0109147,-0.254543],[0.0012994,0.998858,0.0477669],[0.254774,-0.0465214,0.965881]],[[0.967,0.0109147,-0.254543],[-0.18133,0.731302,-0.657508],[0.178971,0.681967,0.709148]]],"btipPosition":[29.864,314.561,-65.6935],"carpPosition":[50.2952,243.753,50.1182],"dipPosition":[32.9133,326.181,-53.6108],"direction":[-0.254774,0.0465214,-0.965881],"extended":true,"handId":699,"id":6991,"length":58.6448,"mcpPosition":[45.6721,289.943,-6.69459],"pipPosition":[39.0543,325.059,-30.3297],"stabilizedTipPosition":[22.3839,306.636,-46.8908],"timeVisible":130.172,"tipPosition":[30.4749,316.393,-61.9287],"tipVelocity":[90.9392,140.945,-228.959],"tool":false,"touchDistance":-0.643276,"touchZone":"hovering","type":1,"width":19.2893},{"bases":[[[0.944909,-0.294858,-0.142148],[0.319241,0.734153,0.599254],[-0.0723363,-0.611619,0.787838]],[[0.94344,-0.305911,-0.127824],[0.137497,0.711839,-0.688753],[0.301687,0.632222,0.713639]],[[0.94344,-0.305911,-0.127824],[-0.278185,-0.520659,-0.807173],[0.180371,0.797078,-0.57631]],[[0.94344,-0.305911,-0.127824],[-0.331288,-0.884938,-0.327313],[-0.0129874,0.351146,-0.93623]]],"btipPosition":[48.1576,227.444,-6.28431],"carpPosition":[62.4975,244.463,48.9442],"dipPosition":[47.9142,234.024,-23.8293],"direction":[-0.180371,-0.797078,0.57631],"extended":false,"handId":699,"id":6992,"length":66.821,"mcpPosition":[67.5303,287.017,-5.8696],"pipPosition":[53.0291,256.628,-40.1721],"stabilizedTipPosition":[21.532,206.614,41.8282],"timeVisible":130.172,"tipPosition":[48.1665,228.948,-9.93686],"tipVelocity":[110.565,119.72,-237.411],"tool":false,"touchDistance":0.333333,"touchZone":"none","type":2,"width":18.9446},{"bases":[[[0.897193,-0.436148,-0.0694287],[0.383466,0.691339,0.612376],[-0.219087,-0.576042,0.787512]],[[0.893939,-0.444411,-0.0580628],[0.268647,0.635016,-0.724281],[0.358749,0.631865,0.687056]],[[0.893939,-0.444411,-0.0580628],[-0.31556,-0.532104,-0.785676],[0.318268,0.720669,-0.615907]],[[0.893939,-0.444411,-0.0580628],[-0.439643,-0.844331,-0.306298],[0.0870981,0.299339,-0.950163]]],"btipPosition":[61.6488,224.372,2.01744],"carpPosition":[74.3627,242.028,47.1048],"dipPosition":[63.2717,229.95,-15.6863],"direction":[-0.318268,-0.720669,0.615907],"extended":false,"handId":699,"id":6993,"length":64.2502,"mcpPosition":[88.0483,278.012,-2.08849],"pipPosition":[72.0639,249.858,-32.7009],"stabilizedTipPosition":[37.0207,204.485,46.2166],"timeVisible":130.172,"tipPosition":[61.9845,225.742,-1.93544],"tipVelocity":[110.138,120.574,-235.918],"tool":false,"touchDistance":0.333333,"touchZone":"none","type":3,"width":18.027},{"bases":[[[0.79003,-0.608081,-0.0780375],[0.497471,0.56146,0.661275],[-0.358294,-0.561249,0.746073]],[[0.73818,-0.674383,0.0172635],[0.503458,0.533691,-0.679488],[0.449022,0.510276,0.733483]],[[0.73818,-0.674383,0.0172635],[-0.370488,-0.426656,-0.825047],[0.563763,0.602637,-0.5648]],[[0.73818,-0.674383,0.0172635],[-0.622797,-0.691103,-0.366743],[0.259256,0.259971,-0.930162]]],"btipPosition":[73.8993,231.201,0.962094],"carpPosition":[84.4666,232.963,42.9623],"dipPosition":[78.3557,235.669,-15.0265],"direction":[-0.563763,-0.602637,0.5648],"extended":false,"handId":699,"id":6994,"length":50.3709,"mcpPosition":[105.185,265.417,-0.179181],"pipPosition":[89.3517,247.424,-26.0428],"stabilizedTipPosition":[53.4856,213.764,36.2799],"timeVisible":130.172,"tipPosition":[74.7908,232.41,-2.60016],"tipVelocity":[111.479,122.477,-237.332],"tool":false,"touchDistance":0.333333,"touchZone":"none","type":4,"width":16.013}],"r":[[0.930974,-0.223122,0.288971],[0.225669,0.973885,0.0249275],[-0.286986,0.0420048,0.957013]],"s":1.01167,"t":[30.7087,-18.0291,-149.345],"timestamp":523848320902},false],[4,{"currentFrameRate":109.925,"devices":[],"gestures":[],"hands":[{"armBasis":[[0.925345,-0.00300561,-0.379115],[0.193483,0.863691,0.465405],[0.32604,-0.504012,0.799794]],"armWidth":63.5437,"confidence":0.517058,"direction":[0.128258,0.71736,-0.684795],"elbow":[156.249,93.3778,261.931],"grabStrength":0.841362,"id":699,"palmNormal":[-0.160459,-0.66639,-0.728133],"palmPosition":[67.2384,266.389,6.79673],"palmVelocity":[85.9426,107.851,-195.419],"palmWidth":90.7382,"pinchStrength":0.676612,"r":[[0.930885,-0.222294,0.289894],[0.223193,0.9743,0.0304028],[-0.289202,0.0364009,0.956576]],"s":1.01384,"sphereCenter":[36.1361,268.91,-26.5366],"sphereRadius":49.4699,"stabilizedPalmPosition":[47.709,247.894,42.8514],"t":[31.3681,-17.1078,-151.013],"timeVisible":130.181,"type":"right","wrist":[68.4624,229.085,46.5848]}],"id":4291833,"interactionBox":{"center":[0,200,0],"size":[235.247,235.247,147.751]},"pointables":[{"bases":[[[0.562362,0.654222,0.50571],[-0.765926,0.181649,0.616734],[0.311619,-0.734165,0.603238]],[[0.407927,0.878748,0.247785],[-0.766184,0.181879,0.616346],[0.496546,-0.441273,0.747476]],[[0.407927,0.878748,0.247785],[-0.906779,0.4216,-0.0023451],[-0.106527,-0.22373,0.968812]],[[0.407927,0.878748,0.247785],[-0.397411,0.41523,-0.818321],[-0.821986,0.235342,0.518608]]],"btipPosition":[36.5621,249.319,-40.3313],"carpPosition":[38.4737,225.238,41.9222],"dipPosition":[17.3779,254.812,-28.2276],"direction":[0.106527,0.22373,-0.968812],"extended":false,"handId":699,"id":6990,"length":51.9721,"mcpPosition":[38.4737,225.238,41.9222],"pipPosition":[13.7559,247.205,4.71323],"stabilizedTipPosition":[-7.53052,225.209,36.5556],"timeVisible":130.181,"tipPosition":[32.6129,251.228,-36.523],"tipVelocity":[76.5047,116.024,-238.833],"tool":false,"touchDistance":-0.650962,"touchZone":"hovering","type":0,"width":20.194},{"bases":[[[0.986315,-0.0799388,-0.144195],[0.153064,0.768983,0.620675],[0.0612673,-0.634252,0.770695]],[[0.967939,0.00991657,-0.250989],[0.199259,0.578072,0.791283],[0.152937,-0.815925,0.557563]],[[0.967939,0.00991657,-0.250989],[0.00285229,0.998722,0.0504593],[0.251169,-0.0495575,0.966674]],[[0.967939,0.00991657,-0.250989],[-0.175673,0.740922,-0.648208],[0.179535,0.671518,0.71891]]],"btipPosition":[30.6823,315.495,-67.4055],"carpPosition":[50.8426,244.252,48.5745],"dipPosition":[33.7413,326.936,-55.1565],"direction":[-0.251169,0.0495575,-0.966674],"extended":true,"handId":699,"id":6991,"length":58.6448,"mcpPosition":[46.3477,290.785,-7.96829],"pipPosition":[39.7953,325.742,-31.8562],"stabilizedTipPosition":[23.1934,307.669,-48.4822],"timeVisible":130.181,"tipPosition":[31.2956,317.476,-63.5247],"tipVelocity":[91.023,129.516,-217.203],"tool":false,"touchDistance":-0.632388,"touchZone":"hovering","type":1,"width":19.2893},{"bases":[[[0.944882,-0.294807,-0.142428],[0.318917,0.730286,0.604131],[-0.0740888,-0.616256,0.784053]],[[0.943401,-0.305819,-0.128335],[0.138768,0.715432,-0.684763],[0.301228,0.628197,0.717377]],[[0.943401,-0.305819,-0.128335],[-0.277498,-0.515944,-0.81043],[0.181631,0.800173,-0.571606]],[[0.943401,-0.305819,-0.128335],[-0.331458,-0.882735,-0.33304],[-0.0114358,0.356727,-0.934139]]],"btipPosition":[48.7866,228.264,-7.89358],"carpPosition":[63.0474,244.959,47.4239],"dipPosition":[48.5723,234.949,-25.3993],"direction":[-0.181631,-0.800173,0.571606],"extended":false,"handId":699,"id":6992,"length":66.821,"mcpPosition":[68.2021,287.835,-7.12659],"pipPosition":[53.7229,257.64,-41.6088],"stabilizedTipPosition":[22.5899,207.515,39.7382],"timeVisible":130.181,"tipPosition":[48.7977,229.797,-11.5612],"tipVelocity":[99.6223,112.608,-221.094],"tool":false,"touchDistance":0.333333,"touchZone":"none","type":2,"width":18.9446},{"bases":[[[0.896933,-0.436489,-0.0706301],[0.383085,0.68734,0.617098],[-0.220809,-0.580553,0.78371]],[[0.893665,-0.444792,-0.0593536],[0.270273,0.639112,-0.720061],[0.358211,0.627452,0.691367]],[[0.893665,-0.444792,-0.0593536],[-0.314755,-0.527062,-0.789389],[0.31983,0.724131,-0.611018]],[[0.893665,-0.444792,-0.0593536],[-0.439847,-0.842075,-0.312161],[0.0888662,0.305074,-0.948173]]],"btipPosition":[62.2549,225.145,0.374425],"carpPosition":[74.9133,242.525,45.5885],"dipPosition":[63.9107,230.829,-17.2922],"direction":[-0.31983,-0.724131,0.611018],"extended":false,"handId":699,"id":6993,"length":64.2502,"mcpPosition":[88.7066,278.79,-3.36726],"pipPosition":[72.7461,250.834,-34.1718],"stabilizedTipPosition":[38.0318,205.352,44.2467],"timeVisible":130.181,"tipPosition":[62.5986,226.539,-3.56988],"tipVelocity":[98.6408,111.813,-221.054],"tool":false,"touchDistance":0.333333,"touchZone":"none","type":3,"width":18.027},{"bases":[[[0.78964,-0.608276,-0.0804344],[0.496905,0.557074,0.665398],[-0.359938,-0.565393,0.742143]],[[0.738289,-0.674354,0.0132342],[0.504289,0.538858,-0.674777],[0.447908,0.504855,0.737903]],[[0.738289,-0.674354,0.0132342],[-0.369072,-0.42033,-0.82892],[0.564549,0.607098,-0.559211]],[[0.738289,-0.674354,0.0132342],[-0.622124,-0.688425,-0.372871],[0.260558,0.267053,-0.927789]]],"btipPosition":[74.5455,231.936,-0.670828],"carpPosition":[85.0161,233.476,41.4077],"dipPosition":[79.0243,236.526,-16.6187],"direction":[-0.564549,-0.607098,0.559211],"extended":false,"handId":699,"id":6994,"length":50.3709,"mcpPosition":[105.829,266.169,-1.50646],"pipPosition":[90.0356,248.367,-27.5259],"stabilizedTipPosition":[54.4916,214.64,34.4301],"timeVisible":130.181,"tipPosition":[75.4357,233.178,-4.20819],"tipVelocity":[100.763,112.154,-221.747],"tool":false,"touchDistance":0.333333,"touchZone":"none","type":4,"width":16.013}],"r":[[0.930885,-0.222294,0.289894],[0.223193,0.9743,0.0304028],[-0.289202,0.0364009,0.956576]],"s":1.01384,"t":[31.3681,-17.1078,-151.013],"timestamp":523848329895},false],[5,{"currentFrameRate":109.919,"devices":[],"gestures":[],"hands":[{"armBasis":[[0.926394,-0.00302676,-0.376544],[0.193483,0.861695,0.469091],[0.323046,-0.507418,0.798854]],"armWidth":63.5437,"confidence":0.474126,"direction":[0.12944,0.717298,-0.684638],"elbow":[156.118,92.7668,260.588],"grabStrength":0.826091,"id":699,"palmNormal":[-0.160345,-0.666218,-0.728315],"palmPosition":[67.978,266.698,5.70741],"palmVelocity":[84.6279,87.3578,-174.389],"palmWidth":90.7382,"pinchStrength":0.672817,"r":[[0.930723,-0.221788,0.2908],[0.221353,0.974571,0.0348316],[-0.29113,0.031951,0.95615]],"s":1.01549,"sphereCenter":[37.2682,268.858,-27.8991],"sphereRadius":49.277,"stabilizedPalmPosition":[48.5514,248.676,41.3075],"t":[32.0675,-16.4924,-152.391],"timeVisible":130.19,"type":"right","wrist":[69.1368,229.391,45.4944]}],"id":4291834,"interactionBox":{"center":[0,200,0],"size":[235.247,235.247,147.751]},"pointables":[{"bases":[[[0.562436,0.653742,0.506249],[-0.766328,0.182225,0.616065],[0.310496,-0.734449,0.603471]],[[0.407022,0.879638,0.246111],[-0.76727,0.183059,0.614643],[0.495611,-0.439007,0.749428]],[[0.407022,0.879638,0.246111],[-0.907434,0.420193,-0.00110542],[-0.104387,-0.22288,0.969241]],[[0.407022,0.879638,0.246111],[-0.403546,0.41489,-0.815486],[-0.819441,0.232604,0.523844]]],"btipPosition":[37.152,249.572,-41.6826],"carpPosition":[39.1492,225.569,40.8049],"dipPosition":[18.0272,255,-29.4567],"direction":[0.104387,0.22288,-0.969241],"extended":false,"handId":699,"id":6990,"length":51.9721,"mcpPosition":[39.1492,225.569,40.8049],"pipPosition":[14.478,247.422,3.49873],"stabilizedTipPosition":[-6.69699,225.739,34.9949],"timeVisible":130.19,"tipPosition":[33.2387,251.452,-37.8489],"tipVelocity":[73.6652,91.0859,-212.883],"tool":false,"touchDistance":-0.634047,"touchZone":"hovering","type":0,"width":20.194},{"bases":[[[0.986379,-0.0807188,-0.143323],[0.153128,0.768823,0.620856],[0.0600757,-0.634346,0.770711]],[[0.968697,0.00744349,-0.248136],[0.196005,0.590473,0.782894],[0.152345,-0.807023,0.57053]],[[0.968697,0.00744349,-0.248136],[0.0035811,0.999027,0.0439487],[0.248222,-0.0434615,0.967728]],[[0.968697,0.00744349,-0.248136],[-0.171028,0.744503,-0.645341],[0.179934,0.667578,0.72247]]],"btipPosition":[31.5441,315.361,-69.1535],"carpPosition":[51.5274,244.572,47.4693],"dipPosition":[34.6099,326.735,-56.8438],"direction":[-0.248222,0.0434615,-0.967728],"extended":true,"handId":699,"id":6991,"length":58.6448,"mcpPosition":[47.1199,291.112,-9.0747],"pipPosition":[40.5929,325.687,-33.5182],"stabilizedTipPosition":[23.9202,308.497,-49.9141],"timeVisible":130.19,"tipPosition":[32.1664,317.57,-65.1762],"tipVelocity":[92.0682,89.0332,-209.766],"tool":false,"touchDistance":-0.623494,"touchZone":"hovering","type":1,"width":19.2893},{"bases":[[[0.944773,-0.295554,-0.141607],[0.318964,0.729995,0.604458],[-0.0752778,-0.616243,0.78395]],[[0.943282,-0.306482,-0.127623],[0.139835,0.715435,-0.684543],[0.301106,0.627871,0.717714]],[[0.943282,-0.306482,-0.127623],[-0.277205,-0.515556,-0.810777],[0.182692,0.80017,-0.571273]],[[0.943282,-0.306482,-0.127623],[-0.331829,-0.88241,-0.33353],[-0.0103949,0.356962,-0.934061]]],"btipPosition":[49.512,228.584,-9.00786],"carpPosition":[63.7337,245.27,46.3295],"dipPosition":[49.3172,235.274,-26.5121],"direction":[-0.182692,-0.80017,0.571273],"extended":false,"handId":699,"id":6992,"length":66.821,"mcpPosition":[68.9712,288.145,-8.21376],"pipPosition":[54.4979,257.965,-42.7121],"stabilizedTipPosition":[23.5777,208.346,37.7987],"timeVisible":130.19,"tipPosition":[49.5254,230.12,-12.677],"tipVelocity":[94.2183,91.1738,-193.692],"tool":false,"touchDistance":0.333333,"touchZone":"none","type":2,"width":18.9446},{"bases":[[[0.896646,-0.437202,-0.0698595],[0.383086,0.686997,0.617479],[-0.221969,-0.580422,0.783479]],[[0.893371,-0.44548,-0.0586171],[0.271311,0.638819,-0.719931],[0.35816,0.627262,0.691566]],[[0.893371,-0.44548,-0.0586171],[-0.314512,-0.526823,-0.789645],[0.32089,0.723882,-0.610757]],[[0.893371,-0.44548,-0.0586171],[-0.440226,-0.841697,-0.312645],[0.0899394,0.305113,-0.94806]]],"btipPosition":[62.9664,225.452,-0.713257],"carpPosition":[75.5994,242.826,44.5046],"dipPosition":[64.6422,231.137,-18.3778],"direction":[-0.32089,-0.723882,0.610757],"extended":false,"handId":699,"id":6993,"length":64.2502,"mcpPosition":[89.4651,279.083,-4.43676],"pipPosition":[73.5069,251.135,-35.2501],"stabilizedTipPosition":[38.9693,206.145,42.4316],"timeVisible":130.19,"tipPosition":[63.3155,226.848,-4.6622],"tipVelocity":[93.0883,90.1675,-192.849],"tool":false,"touchDistance":0.333333,"touchZone":"none","type":3,"width":18.027},{"bases":[[[0.789224,-0.608902,-0.0797694],[0.496758,0.556637,0.665873],[-0.361049,-0.565149,0.741789]],[[0.738436,-0.674204,0.0127095],[0.504867,0.540275,-0.67321],[0.447014,0.503539,0.739342]],[[0.738436,-0.674204,0.0127095],[-0.367895,-0.418597,-0.830319],[0.565125,0.608461,-0.557144]],[[0.738436,-0.674204,0.0127095],[-0.621578,-0.687861,-0.374817],[0.261446,0.268879,-0.927012]]],"btipPosition":[75.2973,232.203,-1.8303],"carpPosition":[85.6986,233.769,40.3322],"dipPosition":[79.7913,236.825,-17.7648],"direction":[-0.565125,-0.608461,0.557144],"extended":false,"handId":699,"id":6994,"length":50.3709,"mcpPosition":[106.576,266.448,-2.56151],"pipPosition":[90.8139,248.693,-28.6317],"stabilizedTipPosition":[55.413,215.426,32.7457],"timeVisible":130.19,"tipPosition":[76.1849,233.456,-5.34269],"tipVelocity":[95.8156,89.4107,-195.457],"tool":false,"touchDistance":0.333333,"touchZone":"none","type":4,"width":16.013}],"r":[[0.930723,-0.221788,0.2908],[0.221353,0.974571,0.0348316],[-0.29113,0.031951,0.95615]],"s":1.01549,"t":[32.0675,-16.4924,-152.391],"timestamp":523848339003},false],[6,{"currentFrameRate":109.968,"devices":[],"gestures":[],"hands":[{"armBasis":[[0.921828,-0.0165987,-0.387243],[0.200362,0.875648,0.439426],[0.331795,-0.482664,0.810523]],"armWidth":63.5437,"confidence":0.47772,"direction":[0.139871,0.722215,-0.677379],"elbow":[158.45,100.512,260.427],"grabStrength":0.811346,"id":699,"palmNormal":[-0.160558,-0.658507,-0.735248],"palmPosition":[68.5264,268.134,2.72807],"palmVelocity":[78.1062,107.153,-217.36],"palmWidth":90.7382,"pinchStrength":0.661146,"r":[[0.929836,-0.223383,0.292412],[0.221374,0.974352,0.0403958],[-0.293935,0.0271709,0.955439]],"s":1.01725,"sphereCenter":[38.413,270.458,-31.3077],"sphereRadius":49.1003,"stabilizedPalmPosition":[49.2804,249.386,39.8996],"t":[32.6915,-15.4669,-154.57],"timeVisible":130.199,"type":"right","wrist":[69.1133,230.471,42.1915]}],"id":4291835,"interactionBox":{"center":[0,200,0],"size":[235.247,235.247,147.751]},"pointables":[{"bases":[[[0.56407,0.644768,0.515849],[-0.769119,0.182932,0.612366],[0.300468,-0.742166,0.59909]],[[0.411178,0.875164,0.254993],[-0.770145,0.183872,0.610793],[0.487658,-0.447526,0.749607]],[[0.411178,0.875164,0.254993],[-0.905426,0.424494,0.0030952],[-0.105534,-0.23215,0.966938]],[[0.411178,0.875164,0.254993],[-0.409247,0.427188,-0.806242],[-0.814524,0.227154,0.533809]]],"btipPosition":[37.4526,251.799,-45.3882],"carpPosition":[39.1296,226.93,37.2624],"dipPosition":[18.4426,257.101,-32.9297],"direction":[0.105534,0.23215,-0.966938],"extended":false,"handId":699,"id":6990,"length":51.9721,"mcpPosition":[39.1296,226.93,37.2624],"pipPosition":[14.8543,249.207,-0.0526091],"stabilizedTipPosition":[-5.95221,226.249,33.5435],"timeVisible":130.199,"tipPosition":[33.6512,253.54,-41.4853],"tipVelocity":[63.3987,133.123,-265.8],"tool":false,"touchDistance":-0.653757,"touchZone":"hovering","type":0,"width":20.194},{"bases":[[[0.986679,-0.0873334,-0.137246],[0.154901,0.762105,0.628651],[0.0496938,-0.641537,0.765481]],[[0.970883,0.000268373,-0.239552],[0.192579,0.593873,0.781171],[0.142473,-0.804559,0.576529]],[[0.970883,0.000268373,-0.239552],[0.0112637,0.998842,0.0467699],[0.239288,-0.0481064,0.969756]],[[0.970883,0.000268373,-0.239552],[-0.157306,0.754896,-0.636701],[0.180666,0.655845,0.732958]]],"btipPosition":[33.0157,317.297,-72.5446],"carpPosition":[51.6115,245.775,44.1791],"dipPosition":[36.0939,328.472,-60.0562],"direction":[-0.239288,0.0481064,-0.969756],"extended":true,"handId":699,"id":6991,"length":58.6448,"mcpPosition":[47.9656,292.842,-11.9812],"pipPosition":[41.8616,327.312,-36.6817],"stabilizedTipPosition":[24.6283,309.318,-51.3412],"timeVisible":130.199,"tipPosition":[33.6387,319.654,-68.4684],"tipVelocity":[111.749,122.24,-254.323],"tool":false,"touchDistance":-0.639727,"touchZone":"hovering","type":1,"width":19.2893},{"bases":[[[0.943361,-0.301837,-0.13771],[0.320534,0.722099,0.613051],[-0.0856007,-0.622469,0.777949]],[[0.941738,-0.312568,-0.124221],[0.149577,0.719986,-0.677677],[0.301258,0.619614,0.724791]],[[0.941738,-0.312568,-0.124221],[-0.2759,-0.506636,-0.816822],[0.192377,0.803505,-0.563356]],[[0.941738,-0.312568,-0.124221],[-0.336344,-0.876931,-0.343314],[-0.0016245,0.365093,-0.93097]]],"btipPosition":[49.8807,230.283,-12.413],"carpPosition":[63.8306,246.385,43.1295],"dipPosition":[49.8503,237.124,-29.8593],"direction":[-0.192377,-0.803505,0.563356],"extended":false,"handId":699,"id":6992,"length":66.821,"mcpPosition":[69.7862,289.693,-10.9963],"pipPosition":[55.3057,259.91,-45.8348],"stabilizedTipPosition":[24.4303,209.109,36.0406],"timeVisible":130.199,"tipPosition":[49.9215,231.857,-16.0929],"tipVelocity":[80.7308,118.997,-243.941],"tool":false,"touchDistance":0.333333,"touchZone":"none","type":2,"width":18.9446},{"bases":[[[0.893617,-0.443718,-0.0675477],[0.384222,0.678478,0.626132],[-0.231997,-0.585476,0.776785]],[[0.890205,-0.452051,-0.0564248],[0.281422,0.64309,-0.712206],[0.35824,0.618131,0.699699]],[[0.890205,-0.452051,-0.0564248],[-0.313077,-0.517096,-0.796615],[0.330934,0.726816,-0.601848]],[[0.890205,-0.452051,-0.0564248],[-0.444663,-0.835294,-0.323355],[0.0990416,0.312942,-0.944594]]],"btipPosition":[63.2317,226.985,-4.10809],"carpPosition":[75.6889,243.863,41.3646],"dipPosition":[65.077,232.815,-21.708],"direction":[-0.330934,-0.726816,0.601848],"extended":false,"handId":699,"id":6993,"length":64.2502,"mcpPosition":[90.1809,280.435,-7.15855],"pipPosition":[74.2192,252.894,-38.3343],"stabilizedTipPosition":[39.7586,206.854,40.814],"timeVisible":130.199,"tipPosition":[63.6207,228.412,-8.03702],"tipVelocity":[76.7927,113.154,-242.969],"tool":false,"touchDistance":0.333333,"touchZone":"none","type":3,"width":18.027},{"bases":[[[0.784909,-0.614462,-0.0797098],[0.496518,0.546795,0.674155],[-0.370658,-0.568728,0.734276]],[[0.733646,-0.679447,0.010754],[0.513262,0.543694,-0.664047],[0.445338,0.492695,0.747614]],[[0.733646,-0.679447,0.010754],[-0.364563,-0.4069,-0.837572],[0.573462,0.61056,-0.546221]],[[0.733646,-0.679447,0.010754],[-0.623529,-0.67939,-0.386835],[0.27014,0.277094,-0.922086]]],"btipPosition":[75.6461,233.604,-5.13538],"carpPosition":[85.7447,234.762,37.1821],"dipPosition":[80.2895,238.367,-20.9852],"direction":[-0.573462,-0.61056,0.546221],"extended":false,"handId":699,"id":6994,"length":50.3709,"mcpPosition":[107.178,267.648,-5.27723],"pipPosition":[91.4747,250.275,-31.6391],"stabilizedTipPosition":[56.1808,216.121,31.2489],"timeVisible":130.199,"tipPosition":[76.5664,234.896,-8.60777],"tipVelocity":[81.1781,108.549,-241.982],"tool":false,"touchDistance":0.333333,"touchZone":"none","type":4,"width":16.013}],"r":[[0.929836,-0.223383,0.292412],[0.221374,0.974352,0.0403958],[-0.293935,0.0271709,0.955439]],"s":1.01725,"t":[32.6915,-15.4669,-154.57],"timestamp":523848