{"sensorType":"Leap","data":[[0,{"currentFrameRate":100.075,"devices":[],"gestures":[],"hands":[{"armBasis":[[0.933826,0.116998,-0.338053],[0.0724559,0.863555,0.499022],[0.350312,-0.490493,0.797933]],"armWidth":63.5437,"confidence":0.484708,"direction":[0.0280748,0.748872,-0.66212],"elbow":[164.958,113.498,260.279],"grabStrength":0.836601,"id":699,"palmNormal":[-0.0670045,-0.659481,-0.748729],"palmPosition":[64.277,283.547,6.79296],"palmVelocity":[143.955,253.68,-220.998],"palmWidth":90.7382,"pinchStrength":0.475104,"r":[[0.961733,-0.103825,0.253554],[0.0902009,0.993813,0.0648112],[-0.258714,-0.0394603,0.965148]],"s":1.05815,"sphereCenter":[42.6553,281.98,-27.5014],"sphereRadius":46.6802,"stabilizedPalmPosition":[36.2695,263.824,63.6134],"t":[26.6236,-3.55721,-148.97],"timeVisible":149.198,"type":"right","wrist":[70.6354,245.564,45.4333]}],"id":4293878,"interactionBox":{"center":[0,200,0],"size":[235.247,235.247,147.751]},"pointables":[{"bases":[[[0.466743,0.709676,0.527741],[-0.783659,0.0552929,0.618726],[0.409915,-0.702355,0.581951]],[[0.342867,0.869068,0.356599],[-0.777938,0.0499051,0.626356],[0.52655,-0.492169,0.693192]],[[0.342867,0.869068,0.356599],[-0.93928,0.322824,0.116353],[-0.0140002,-0.37484,0.926984]],[[0.342867,0.869068,0.356599],[-0.576427,0.494382,-0.65063],[-0.741738,0.017526,0.670461]]],"btipPosition":[33.0398,274.601,-41.144],"carpPosition":[41.4639,237.765,40.5291],"dipPosition":[15.7285,275.01,-25.4962],"direction":[0.0140002,0.37484,-0.926984],"extended":false,"handId":699,"id":6990,"length":51.9721,"mcpPosition":[41.4639,237.765,40.5291],"pipPosition":[15.2525,262.265,6.02238],"stabilizedTipPosition":[-24.7697,254.259,77.7652],"timeVisible":149.198,"tipPosition":[28.9707,275.463,-35.5805],"tipVelocity":[173.48,246.522,-322.937],"tool":false,"touchDistance":-0.839239,"touchZone":"hovering","type":0,"width":20.194},{"bases":[[[0.987913,0.0612798,-0.142385],[0.0455279,0.763325,0.644409],[0.148175,-0.643102,0.751308]],[[0.990218,0.0506832,-0.129996],[0.0904186,0.476484,0.874521],[0.106264,-0.877721,0.46724]],[[0.990218,0.0506832,-0.129996],[-0.0273029,0.984066,0.175697],[0.136829,-0.170429,0.975824]],[[0.990218,0.0506832,-0.129996],[-0.117916,0.802056,-0.585492],[0.0745891,0.595094,0.800187]]],"btipPosition":[31.0991,336.844,-64.4846],"carpPosition":[51.0918,258.089,47.8087],"dipPosition":[32.37,346.984,-50.8508],"direction":[-0.136829,0.170429,-0.975824],"extended":true,"handId":699,"id":6991,"length":58.6448,"mcpPosition":[40.2208,305.271,-7.31179],"pipPosition":[35.668,342.876,-27.33],"stabilizedTipPosition":[14.2818,322.643,-32.6289],"timeVisible":149.198,"tipPosition":[31.4542,338.932,-59.8922],"tipVelocity":[187.097,260.733,-269.964],"tool":false,"touchDistance":-0.787391,"touchZone":"hovering","type":1,"width":19.2893},{"bases":[[[0.976516,-0.157201,-0.147327],[0.215133,0.748391,0.627398],[0.0116305,-0.644359,0.764635]],[[0.976577,-0.162242,-0.141335],[0.0243836,0.736067,-0.676469],[0.213784,0.657178,0.722782]],[[0.976577,-0.162242,-0.141335],[-0.207287,-0.533223,-0.820186],[0.0577058,0.830272,-0.554364]],[[0.976577,-0.162242,-0.141335],[-0.203541,-0.909574,-0.362278],[-0.0697777,0.38256,-0.921292]]],"btipPosition":[51.6684,243.036,-8.22418],"carpPosition":[63.0823,260.507,46.7317],"dipPosition":[50.3608,250.205,-25.4892],"direction":[-0.0577058,-0.830272,0.554364],"extended":false,"handId":699,"id":6992,"length":66.821,"mcpPosition":[62.2731,305.339,-6.4677],"pipPosition":[51.9972,273.75,-41.2097],"stabilizedTipPosition":[16.0307,218.823,63.8397],"timeVisible":149.198,"tipPosition":[51.4288,244.725,-12.1742],"tipVelocity":[166.1,257.811,-254.576],"tool":false,"touchDistance":0.333333,"touchZone":"none","type":2,"width":18.9446},{"bases":[[[0.948569,-0.306277,-0.0800728],[0.284612,0.714325,0.639324],[-0.138612,-0.629233,0.764757]],[[0.952897,-0.283715,-0.107208],[0.132018,0.706234,-0.695561],[0.273055,0.648644,0.710423]],[[0.952897,-0.283715,-0.107208],[-0.248643,-0.528345,-0.811806],[0.173679,0.800223,-0.574002]],[[0.952897,-0.283715,-0.107208],[-0.303227,-0.883677,-0.356608],[0.00643806,0.372319,-0.928083]]],"btipPosition":[66.7451,241.152,-1.40268],"carpPosition":[75.1706,259.79,44.8734],"dipPosition":[66.8651,248.089,-18.695],"direction":[-0.173679,-0.800223,0.574002],"extended":false,"handId":699,"id":6993,"length":64.2502,"mcpPosition":[83.8293,299.096,-2.89839],"pipPosition":[71.663,270.195,-34.552],"stabilizedTipPosition":[33.3917,218.437,65.0297],"timeVisible":149.198,"tipPosition":[66.791,242.851,-5.51538],"tipVelocity":[163.201,256.683,-230.453],"tool":false,"touchDistance":0.333333,"touchZone":"none","type":3,"width":18.027},{"bases":[[[0.865998,-0.490834,-0.0955492],[0.415313,0.599576,0.684123],[-0.278502,-0.632132,0.723081]],[[0.823176,-0.567783,-0.00211468],[0.428602,0.623825,-0.653561],[0.3724,0.53709,0.756871]],[[0.823176,-0.567783,-0.00211468],[-0.299109,-0.430479,-0.8516],[0.482613,0.701649,-0.524188]],[[0.823176,-0.567783,-0.00211468],[-0.517236,-0.748347,-0.415262],[0.234196,0.342928,-0.909699]]],"btipPosition":[75.9593,250.387,-2.17698],"carpPosition":[86.4251,252.353,40.4622],"dipPosition":[79.9849,256.282,-17.8139],"direction":[-0.482613,-0.701649,0.524189],"extended":false,"handId":699,"id":6994,"length":50.3709,"mcpPosition":[102.529,288.905,-1.34974],"pipPosition":[89.3981,269.967,-28.038],"stabilizedTipPosition":[46.4199,229.719,54.409],"timeVisible":149.198,"tipPosition":[76.7399,251.913,-5.79866],"tipVelocity":[163.343,259.592,-224.906],"tool":false,"touchDistance":0.333333,"touchZone":"none","type":4,"width":16.013}],"r":[[0.961733,-0.103825,0.253554],[0.0902009,0.993813,0.0648112],[-0.258714,-0.0394603,0.965148]],"s":1.05815,"t":[26.6236,-3.55721,-148.97],"timestamp":523867346902},false],[1,{"currentFrameRate":100.365,"devices":[],"gestures":[],"hands":[{"armBasis":[[0.933765,0.115782,-0.338641],[0.0721974,0.865828,0.495105],[0.350529,-0.486761,0.800121]],"armWidth":63.5437,"confidence":0.487629,"direction":[0.0289424,0.751581,-0.659006],"elbow":[165.869,115.696,259.969],"grabStrength":0.829608,"id":699,"palmNormal":[-0.0663855,-0.656381,-0.751503],"palmPosition":[65.1786,284.901,6.04402],"palmVelocity":[130.278,222.448,-180.753],"palmWidth":90.7382,"pinchStrength":0.470303,"r":[[0.959959,-0.104451,0.259941],[0.0887353,0.993485,0.0715101],[-0.265717,-0.0455808,0.962973]],"s":1.06108,"sphereCenter":[43.7553,283.379,-28.3602],"sphereRadius":46.6375,"stabilizedPalmPosition":[40.8442,267.16,54.5033],"t":[28.2956,-0.615981,-151.202],"timeVisible":149.208,"type":"right","wrist":[71.4877,246.758,44.5345]}],"id":4293879,"interactionBox":{"center":[0,200,0],"size":[235.247,235.247,147.751]},"pointables":[{"bases":[[[0.466365,0.707386,0.531139],[-0.784287,0.0529403,0.618135],[0.409141,-0.704842,0.579484]],[[0.341413,0.868743,0.35878],[-0.780636,0.0494862,0.623024],[0.523493,-0.492785,0.695067]],[[0.341413,0.868743,0.35878],[-0.9398,0.321448,0.115961],[-0.014589,-0.376772,0.926191]],[[0.341413,0.868743,0.35878],[-0.587324,0.495201,-0.640177],[-0.733817,0.00784461,0.679302]]],"btipPosition":[33.8828,276.144,-42.3779],"carpPosition":[42.3195,238.986,39.5679],"dipPosition":[16.7563,276.327,-26.5238],"direction":[0.014589,0.376772,-0.926191],"extended":false,"handId":699,"id":6990,"length":51.9721,"mcpPosition":[42.3195,238.986,39.5679],"pipPosition":[16.2603,263.516,4.96786],"stabilizedTipPosition":[-20.747,255.871,69.2001],"timeVisible":149.208,"tipPosition":[29.879,276.91,-36.7651],"tipVelocity":[150.905,221.499,-266.917],"tool":false,"touchDistance":-0.801445,"touchZone":"hovering","type":0,"width":20.194},{"bases":[[[0.988075,0.061623,-0.141107],[0.0450422,0.760657,0.647589],[0.14724,-0.646222,0.748811]],[[0.990356,0.051018,-0.128809],[0.0891799,0.476758,0.874499],[0.106026,-0.877553,0.46761]],[[0.990356,0.051018,-0.128809],[-0.0273142,0.983381,0.179486],[0.135825,-0.174237,0.975291]],[[0.990356,0.051018,-0.128809],[-0.11684,0.807173,-0.578636],[0.0744501,0.588106,0.80535]]],"btipPosition":[32.0574,338.465,-65.26],"carpPosition":[51.9447,259.278,46.941],"dipPosition":[33.3259,348.486,-51.5382],"direction":[-0.135825,0.174237,-0.975291],"extended":true,"handId":699,"id":6991,"length":58.6448,"mcpPosition":[41.1423,306.688,-7.99623],"pipPosition":[36.5998,344.286,-28.0303],"stabilizedTipPosition":[17.815,326.188,-38.393],"timeVisible":149.208,"tipPosition":[32.4181,340.549,-60.6446],"tipVelocity":[162.835,234.764,-215.963],"tool":false,"touchDistance":-0.748314,"touchZone":"hovering","type":1,"width":19.2893},{"bases":[[[0.97663,-0.156833,-0.146959],[0.214661,0.745753,0.630693],[0.0106815,-0.6475,0.76199]],[[0.976684,-0.161908,-0.140976],[0.0252885,0.738869,-0.673375],[0.213188,0.654109,0.725735]],[[0.976684,-0.161908,-0.140976],[-0.206556,-0.529745,-0.822621],[0.0585076,0.83256,-0.550836]],[[0.976684,-0.161908,-0.140976],[-0.203391,-0.908009,-0.366268],[-0.068706,0.386401,-0.919768]]],"btipPosition":[52.5749,244.455,-9.15603],"carpPosition":[63.9369,261.697,45.8864],"dipPosition":[51.2873,251.696,-26.3925],"direction":[-0.0585076,-0.83256,0.550836],"extended":false,"handId":699,"id":6992,"length":66.821,"mcpPosition":[63.1937,306.747,-7.129],"pipPosition":[52.9464,275.306,-42.0129],"stabilizedTipPosition":[20.4216,222.13,54.5172],"timeVisible":149.208,"tipPosition":[52.3398,246.16,-13.0981],"tipVelocity":[146.403,227.887,-210.112],"tool":false,"touchDistance":0.333333,"touchZone":"none","type":2,"width":18.9446},{"bases":[[[0.948578,-0.306177,-0.0803474],[0.28412,0.711621,0.642551],[-0.139558,-0.632338,0.762019]],[[0.952948,-0.28345,-0.10745],[0.132931,0.709322,-0.692237],[0.272431,0.645382,0.713626]],[[0.952948,-0.28345,-0.10745],[-0.247871,-0.52458,-0.814479],[0.174498,0.80279,-0.570156]],[[0.952948,-0.28345,-0.10745],[-0.30304,-0.882011,-0.360865],[0.00751523,0.376448,-0.926407]]],"btipPosition":[67.6456,242.538,-2.34748],"carpPosition":[76.027,260.985,44.0377],"dipPosition":[67.7857,249.552,-19.6086],"direction":[-0.174498,-0.80279,0.570156],"extended":false,"handId":699,"id":6993,"length":64.2502,"mcpPosition":[84.7447,300.485,-3.56303],"pipPosition":[72.6062,271.729,-35.3593],"stabilizedTipPosition":[37.9839,221.881,55.4736],"timeVisible":149.208,"tipPosition":[67.6957,244.254,-6.44127],"tipVelocity":[144.149,226.115,-193.233],"tool":false,"touchDistance":0.333333,"touchZone":"none","type":3,"width":18.027},{"bases":[[[0.865978,-0.490649,-0.0966681],[0.414746,0.596656,0.687013],[-0.279405,-0.635031,0.720186]],[[0.823134,-0.567835,-0.00376918],[0.429356,0.626712,-0.650296],[0.371623,0.533663,0.759671]],[[0.823134,-0.567835,-0.00376918],[-0.298201,-0.426605,-0.853864],[0.483246,0.703969,-0.520482]],[[0.823134,-0.567835,-0.00376918],[-0.516859,-0.746457,-0.419116],[0.235175,0.346937,-0.907925]]],"btipPosition":[76.8688,251.771,-3.06568],"carpPosition":[87.2842,253.563,39.6077],"dipPosition":[80.9113,257.735,-18.6721],"direction":[-0.483246,-0.703969,0.520482],"extended":false,"handId":699,"id":6994,"length":50.3709,"mcpPosition":[103.441,290.283,-2.03689],"pipPosition":[90.3368,271.465,-28.8239],"stabilizedTipPosition":[51.0466,233.173,45.4053],"timeVisible":149.208,"tipPosition":[77.6528,253.312,-6.67349],"tipVelocity":[144.503,228.088,-187.571],"tool":false,"touchDistance":0.333333,"touchZone":"none","type":4,"width":16.013}],"r":[[0.959959,-0.104451,0.259941],[0.0887353,0.993485,0.0715101],[-0.265717,-0.0455808,0.962973]],"s":1.06108,"t":[28.2956,-0.615981,-151.202],"timestamp":523867356300},false],[2,{"currentFrameRate":101.003,"devices":[],"gestures":[],"hands":[{"armBasis":[[0.934644,0.110183,-0.338082],[0.0748716,0.868484,0.49003],[0.347612,-0.483316,0.803475]],"armWidth":63.5437,"confidence":0.49162,"direction":[0.0285154,0.754471,-0.655714],"elbow":[165.77,117.592,259.955],"grabStrength":0.818296,"id":699,"palmNormal":[-0.0693203,-0.652909,-0.754258],"palmPosition":[65.8315,286.051,5.31345],"palmVelocity":[115.671,198.6,-155.108],"palmWidth":90.7382,"pinchStrength":0.470621,"r":[[0.958605,-0.105524,0.264465],[0.0878841,0.993096,0.0777021],[-0.270839,-0.0512433,0.96126]],"s":1.06315,"sphereCenter":[44.4948,284.572,-29.1641],"sphereRadius":46.5806,"stabilizedPalmPosition":[44.8884,270.217,46.5419],"t":[29.4581,1.42988,-152.683],"timeVisible":149.216,"type":"right","wrist":[72.1749,247.726,43.6173]}],"id":4293880,"interactionBox":{"center":[0,200,0],"size":[235.247,235.247,147.751]},"pointables":[{"bases":[[[0.468832,0.704255,0.533124],[-0.782657,0.0514372,0.620324],[0.409444,-0.708081,0.575306]],[[0.342343,0.867885,0.359967],[-0.781493,0.050332,0.621881],[0.521603,-0.494208,0.695477]],[[0.342343,0.867885,0.359967],[-0.939457,0.322239,0.11654],[-0.0148517,-0.37807,0.925658]],[[0.342343,0.867885,0.359967],[-0.59332,0.496754,-0.633409],[-0.728542,0.00326807,0.684994]]],"btipPosition":[34.5249,277.404,-43.3919],"carpPosition":[42.9818,240.024,38.6891],"dipPosition":[17.5216,277.48,-27.4049],"direction":[0.0148517,0.37807,-0.925658],"extended":false,"handId":699,"id":6990,"length":51.9721,"mcpPosition":[42.9818,240.024,38.6891],"pipPosition":[17.0166,264.625,4.0686],"stabilizedTipPosition":[-16.9039,257.484,61.0506],"timeVisible":149.216,"tipPosition":[30.5113,278.139,-37.8011],"tipVelocity":[131.353,200.502,-226.12],"tool":false,"touchDistance":-0.764385,"touchZone":"hovering","type":0,"width":20.194},{"bases":[[[0.987818,0.0606655,-0.1433],[0.0478867,0.757682,0.650864],[0.148061,-0.649798,0.745548]],[[0.990085,0.0501441,-0.131218],[0.0914829,0.478699,0.8732],[0.1066,-0.876546,0.469365]],[[0.990085,0.0501441,-0.131218],[-0.0253904,0.982613,0.18392],[0.138159,-0.178764,0.974143]],[[0.990085,0.0501441,-0.131218],[-0.116591,0.814369,-0.568515],[0.0783524,0.578177,0.812141]]],"btipPosition":[32.5633,339.952,-65.9963],"carpPosition":[52.6581,260.267,46.1286],"dipPosition":[33.8983,349.803,-52.1588],"direction":[-0.138159,0.178764,-0.974143],"extended":true,"handId":699,"id":6991,"length":58.6448,"mcpPosition":[41.7955,307.94,-8.56925],"pipPosition":[37.2284,345.494,-28.6785],"stabilizedTipPosition":[20.7191,329.28,-43.1036],"timeVisible":149.216,"tipPosition":[32.9564,342.027,-61.3542],"tipVelocity":[135.53,216.765,-180.314],"tool":false,"touchDistance":-0.71246,"touchZone":"hovering","type":1,"width":19.2893},{"bases":[[[0.976006,-0.157743,-0.150099],[0.217439,0.742581,0.633478],[0.0115334,-0.650915,0.759063]],[[0.976066,-0.162853,-0.14413],[0.0248106,0.741809,-0.670152],[0.216053,0.650537,0.728096]],[[0.976066,-0.162853,-0.14413],[-0.209458,-0.525713,-0.824472],[0.0584966,0.834928,-0.547241]],[[0.976066,-0.162853,-0.14413],[-0.20578,-0.906014,-0.369856],[-0.0703516,0.390663,-0.917841]]],"btipPosition":[53.1237,245.692,-10.0354],"carpPosition":[64.6516,262.672,45.0548],"dipPosition":[51.8053,253.013,-27.2358],"direction":[-0.0584966,-0.834928,0.547241],"extended":false,"handId":699,"id":6992,"length":66.821,"mcpPosition":[63.8492,307.959,-7.7569],"pipPosition":[53.4641,276.69,-42.7543],"stabilizedTipPosition":[24.4552,225.273,45.988],"timeVisible":149.216,"tipPosition":[52.8816,247.415,-13.9693],"tipVelocity":[124.098,205.811,-180.972],"tool":false,"touchDistance":0.333333,"touchZone":"none","type":2,"width":18.9446},{"bases":[[[0.947878,-0.307339,-0.0840847],[0.286871,0.708285,0.64501],[-0.138681,-0.635512,0.759534]],[[0.952115,-0.28513,-0.110356],[0.133739,0.712987,-0.688305],[0.274939,0.640586,0.716978]],[[0.952115,-0.28513,-0.110356],[-0.25037,-0.519958,-0.816675],[0.175478,0.805198,-0.566448]],[[0.952115,-0.28513,-0.110356],[-0.305669,-0.879874,-0.363852],[0.0066454,0.380161,-0.924896]]],"btipPosition":[68.1771,243.777,-3.3372],"carpPosition":[76.7358,261.948,43.1727],"dipPosition":[68.3009,250.861,-20.5701],"direction":[-0.175478,-0.805198,0.566448],"extended":false,"handId":699,"id":6993,"length":64.2502,"mcpPosition":[85.3988,301.646,-4.27281],"pipPosition":[73.1486,273.104,-36.2184],"stabilizedTipPosition":[42.1389,225.116,46.8432],"timeVisible":149.216,"tipPosition":[68.2343,245.486,-7.39416],"tipVelocity":[122.014,204.52,-172.023],"tool":false,"touchDistance":0.333333,"touchZone":"none","type":3,"width":18.027},{"bases":[[[0.86494,-0.491603,-0.101022],[0.417422,0.592913,0.688631],[-0.278636,-0.637794,0.71804]],[[0.822494,-0.568704,-0.00890894],[0.429163,0.630807,-0.646453],[0.37326,0.52788,0.762902]],[[0.822494,-0.568704,-0.00890894],[-0.299627,-0.419919,-0.856675],[0.483454,0.707279,-0.51578]],[[0.822494,-0.568704,-0.00890894],[-0.51835,-0.743038,-0.42333],[0.23413,0.352804,-0.905932]]],"btipPosition":[77.4663,252.935,-4.10766],"carpPosition":[87.97,254.528,38.6815],"dipPosition":[81.4908,258.999,-19.6798],"direction":[-0.483454,-0.707279,0.51578],"extended":false,"handId":699,"id":6994,"length":50.3709,"mcpPosition":[104.082,291.408,-2.83898],"pipPosition":[90.9204,272.794,-29.7399],"stabilizedTipPosition":[55.1544,236.351,37.4294],"timeVisible":149.216,"tipPosition":[78.2456,254.492,-7.65619],"tipVelocity":[124.286,203.853,-169.426],"tool":false,"touchDistance":0.333333,"touchZone":"none","type":4,"width":16.013}],"r":[[0.958605,-0.105524,0.264465],[0.0878841,0.993096,0.0777021],[-0.270839,-0.0512433,0.96126]],"s":1.06315,"t":[29.4581,1.42988,-152.683],"timestamp":523867364966},false],[3,{"currentFrameRate":101.366,"devices":[],"gestures":[],"hands":[{"armBasis":[[0.932965,0.115878,-0.340805],[0.0712415,0.868603,0.490361],[0.352846,-0.48177,0.802121]],"armWidth":63.5437,"confidence":0.470846,"direction":[0.0319514,0.761501,-0.647375],"elbow":[167.755,119.774,257.941],"grabStrength":0.805461,"id":699,"palmNormal":[-0.0641461,-0.644808,-0.761648],"palmPosition":[66.6122,288.222,4.04007],"palmVelocity":[107.169,209.267,-150.599],"palmWidth":90.7382,"pinchStrength":0.468006,"r":[[0.95719,-0.106831,0.269027],[0.086922,0.992591,0.084893],[-0.276103,-0.0578744,0.959384]],"s":1.06479,"sphereCenter":[45.7025,286.917,-30.7388],"sphereRadius":46.5199,"stabilizedPalmPosition":[48.983,273.611,38.531],"t":[30.4296,3.53818,-154.06],"timeVisible":149.225,"type":"right","wrist":[72.7501,249.492,41.9681]}],"id":4293881,"interactionBox":{"center":[0,200,0],"size":[235.247,235.247,147.751]},"pointables":[{"bases":[[[0.464972,0.698825,0.543549],[-0.786507,0.0441858,0.615998],[0.406458,-0.713927,0.570176]],[[0.337943,0.865646,0.369393],[-0.787678,0.045317,0.614418],[0.515129,-0.498601,0.697165]],[[0.337943,0.865646,0.369393],[-0.940952,0.319138,0.112963],[-0.0201014,-0.385756,0.922382]],[[0.337943,0.865646,0.369393],[-0.598265,0.500566,-0.62571],[-0.726549,-0.00954048,0.687049]]],"btipPosition":[35.5915,279.98,-45.3243],"carpPosition":[43.5941,241.821,36.7772],"dipPosition":[18.6347,279.757,-29.2894],"direction":[0.0201014,0.385756,-0.922382],"extended":false,"handId":699,"id":6990,"length":51.9721,"mcpPosition":[43.5941,241.821,36.7772],"pipPosition":[17.9512,266.641,2.07272],"stabilizedTipPosition":[-12.5842,259.479,51.9226],"timeVisible":149.225,"tipPosition":[31.5828,280.611,-39.7564],"tipVelocity":[127.502,220.892,-221.527],"tool":false,"touchDistance":-0.745101,"touchZone":"hovering","type":0,"width":20.194},{"bases":[[[0.988634,0.0629302,-0.136539],[0.0432662,0.750673,0.659256],[0.143984,-0.65767,0.739418]],[[0.990817,0.0523699,-0.124658],[0.0849149,0.476453,0.87509],[0.105222,-0.877639,0.46763]],[[0.990817,0.0523699,-0.124658],[-0.0274289,0.980627,0.193957],[0.1324,-0.188756,0.973058]],[[0.990817,0.0523699,-0.124658],[-0.113254,0.825081,-0.553548],[0.0738636,0.562583,0.823435]]],"btipPosition":[33.6868,342.807,-67.2735],"carpPosition":[53.2082,261.991,44.4935],"dipPosition":[34.9453,352.392,-53.2436],"direction":[-0.1324,0.188756,-0.973058],"extended":true,"handId":699,"id":6991,"length":58.6448,"mcpPosition":[42.6447,310.241,-9.75457],"pipPosition":[38.1366,347.842,-29.7895],"stabilizedTipPosition":[23.6561,332.765,-47.7433],"timeVisible":149.225,"tipPosition":[34.0652,344.85,-62.5852],"tipVelocity":[131.385,241.309,-167.548],"tool":false,"touchDistance":-0.688042,"touchZone":"hovering","type":1,"width":19.2893},{"bases":[[[0.977039,-0.155402,-0.145759],[0.212934,0.735884,0.642755],[0.00737652,-0.659034,0.752077]],[[0.977066,-0.160591,-0.139828],[0.0283644,0.748975,-0.661991],[0.211037,0.642843,0.736354]],[[0.977066,-0.160591,-0.139828],[-0.203942,-0.516946,-0.831369],[0.0612268,0.840819,-0.537842]],[[0.977066,-0.160591,-0.139828],[-0.20278,-0.902111,-0.380889],[-0.0649727,0.400508,-0.913987]]],"btipPosition":[54.0303,248.019,-11.8202],"carpPosition":[65.2061,264.416,43.5197],"dipPosition":[52.8127,255.525,-28.9483],"direction":[-0.0612268,-0.840819,0.537842],"extended":false,"handId":699,"id":6992,"length":66.821,"mcpPosition":[64.6929,310.268,-8.80595],"pipPosition":[54.549,279.368,-44.2003],"stabilizedTipPosition":[28.7041,228.822,37.0323],"timeVisible":149.225,"tipPosition":[53.8112,249.785,-15.7368],"tipVelocity":[117.783,220.508,-184.305],"tool":false,"touchDistance":0.333333,"touchZone":"none","type":2,"width":18.9446},{"bases":[[[0.948624,-0.305719,-0.0815323],[0.282322,0.701517,0.654346],[-0.14285,-0.643747,0.751787]],[[0.952898,-0.283864,-0.106807],[0.138788,0.72124,-0.678639],[0.269674,0.631849,0.726665]],[[0.952898,-0.283864,-0.106807],[-0.244454,-0.510388,-0.824468],[0.179524,0.811742,-0.555739]],[[0.952898,-0.283864,-0.106807],[-0.303011,-0.875874,-0.375539],[0.0130526,0.390213,-0.920632]]],"btipPosition":[69.0074,246.086,-5.1283],"carpPosition":[77.3023,263.721,41.7046],"dipPosition":[69.2506,253.356,-22.2818],"direction":[-0.179524,-0.811742,0.555739],"extended":false,"handId":699,"id":6993,"length":64.2502,"mcpPosition":[86.2256,303.934,-5.257],"pipPosition":[74.21,275.781,-37.6343],"stabilizedTipPosition":[46.4184,228.715,37.9555],"timeVisible":149.225,"tipPosition":[69.1047,247.819,-9.13193],"tipVelocity":[114.09,219.039,-177.993],"tool":false,"touchDistance":0.333333,"touchZone":"none","type":3,"width":18.027},{"bases":[[[0.86594,-0.489851,-0.100962],[0.412694,0.585778,0.69753],[-0.282545,-0.645685,0.709407]],[[0.823308,-0.567497,-0.0105321],[0.433963,0.641323,-0.632756],[0.365842,0.516383,0.774279]],[[0.823308,-0.567497,-0.0105321],[-0.291503,-0.406836,-0.865743],[0.487022,0.715843,-0.500378]],[[0.823308,-0.567497,-0.0105321],[-0.514072,-0.737678,-0.437676],[0.240611,0.365757,-0.899071]]],"btipPosition":[78.3728,255.237,-5.90624],"carpPosition":[88.5699,256.358,37.2032],"dipPosition":[82.5087,261.524,-21.3605],"direction":[-0.487022,-0.715843,0.500378],"extended":false,"handId":699,"id":6994,"length":50.3709,"mcpPosition":[104.908,293.694,-3.81805],"pipPosition":[92.0079,275.486,-31.1202],"stabilizedTipPosition":[59.319,239.854,29.3499],"timeVisible":149.225,"tipPosition":[79.1727,256.824,-9.34116],"tipVelocity":[117.989,218.606,-176.079],"tool":false,"touchDistance":0.333333,"touchZone":"none","type":4,"width":16.013}],"r":[[0.95719,-0.106831,0.269027],[0.086922,0.992591,0.084893],[-0.276103,-0.0578744,0.959384]],"s":1.06479,"t":[30.4296,3.53818,-154.06],"timestamp":523867374131},false],[4,{"currentFrameRate":101.861,"devices":[],"gestures":[],"hands":[{"armBasis":[[0.933106,0.11677,-0.340115],[0.0697666,0.869055,0.489772],[0.352769,-0.480738,0.802773]],"armWidth":63.5437,"confidence":0.477275,"direction":[0.0332118,0.760724,-0.648225],"elbow":[168.445,121.176,257.384],"grabStrength":0.792661,"id":699,"palmNormal":[-0.0621122,-0.645758,-0.761012],"palmPosition":[67.3991,289.298,3.24499],"palmVelocity":[102.173,185.418,-134.079],"palmWidth":90.7382,"pinchStrength":0.464779,"r":[[0.955918,-0.107767,0.273143],[0.0860137,0.992181,0.0904385],[-0.280753,-0.0629577,0.957713]],"s":1.06621,"sphereCenter":[46.7927,287.753,-31.7408],"sphereRadius":46.4639,"stabilizedPalmPosition":[52.6604,276.743,31.4849],"t":[31.3089,5.13015,-155.146],"timeVisible":149.234,"type":"right","wrist":[73.461,250.616,41.2346]}],"id":4293882,"interactionBox":{"center":[0,200,0],"size":[235.247,235.247,147.751]},"pointables":[{"bases":[[[0.463434,0.699653,0.543797],[-0.787979,0.0446521,0.614081],[0.405362,-0.713086,0.572005]],[[0.335921,0.867023,0.368005],[-0.79099,0.0475596,0.609978],[0.511363,-0.495993,0.701783]],[[0.335921,0.867023,0.368005],[-0.941658,0.317808,0.110803],[-0.020886,-0.383756,0.923198]],[[0.335921,0.867023,0.368005],[-0.603775,0.498095,-0.62238],[-0.722919,-0.0131213,0.690808]]],"btipPosition":[36.447,280.973,-46.4629],"carpPosition":[44.3201,242.928,35.984],"dipPosition":[19.5749,280.667,-30.3402],"direction":[0.020886,0.383756,-0.923198],"extended":false,"handId":699,"id":6990,"length":51.9721,"mcpPosition":[44.3201,242.928,35.984],"pipPosition":[18.8647,267.619,1.04967],"stabilizedTipPosition":[-8.29217,261.516,42.9225],"timeVisible":149.234,"tipPosition":[32.4694,281.549,-40.9185],"tipVelocity":[119.686,190.775,-195.661],"tool":false,"touchDistance":-0.7157,"touchZone":"hovering","type":0,"width":20.194},{"bases":[[[0.988932,0.0631202,-0.134275],[0.041437,0.75149,0.658442],[0.142468,-0.656718,0.740557]],[[0.991089,0.0525817,-0.122383],[0.0818063,0.484811,0.870785],[0.10512,-0.873037,0.47619]],[[0.991089,0.0525817,-0.122383],[-0.0283244,0.980968,0.192093],[0.130155,-0.186915,0.973716]],[[0.991089,0.0525817,-0.122383],[-0.111661,0.828914,-0.548118],[0.0726243,0.556899,0.827399]]],"btipPosition":[34.5781,343.712,-68.6022],"carpPosition":[53.9087,263.111,43.6985],"dipPosition":[35.8155,353.201,-54.5047],"direction":[-0.130155,0.186915,-0.973716],"extended":true,"handId":699,"id":6991,"length":58.6448,"mcpPosition":[43.4564,311.291,-10.6332],"pipPosition":[38.9527,348.695,-31.0348],"stabilizedTipPosition":[26.1895,335.733,-51.7258],"timeVisible":149.234,"tipPosition":[34.9563,345.78,-63.892],"tipVelocity":[122.869,202.889,-162.274],"tool":false,"touchDistance":-0.667269,"touchZone":"hovering","type":1,"width":19.2893},{"bases":[[[0.977437,-0.155227,-0.143257],[0.211149,0.736742,0.642361],[0.00583148,-0.658116,0.752894]],[[0.977452,-0.160411,-0.137316],[0.0296694,0.748186,-0.662825],[0.209062,0.643806,0.736075]],[[0.977452,-0.160411,-0.137316],[-0.20179,-0.518064,-0.831198],[0.0621944,0.840165,-0.538752]],[[0.977452,-0.160411,-0.137316],[-0.201552,-0.902672,-0.38021],[-0.0629619,0.399313,-0.91465]]],"btipPosition":[54.8695,249.073,-12.595],"carpPosition":[65.908,265.539,42.7502],"dipPosition":[53.6896,256.556,-29.7355],"direction":[-0.0621944,-0.840165,0.538752],"extended":false,"handId":699,"id":6992,"length":66.821,"mcpPosition":[65.5023,311.327,-9.63238],"pipPosition":[55.4533,280.381,-45.0133],"stabilizedTipPosition":[32.7082,232.22,28.7485],"timeVisible":149.234,"tipPosition":[54.6585,250.833,-16.5149],"tipVelocity":[111.774,192.791,-158.113],"tool":false,"touchDistance":0.333333,"touchZone":"none","type":2,"width":18.9446},{"bases":[[[0.948924,-0.305476,-0.0789142],[0.280521,0.702414,0.654158],[-0.144399,-0.642883,0.75223]],[[0.953181,-0.284043,-0.103755],[0.140888,0.720723,-0.678756],[0.267574,0.632359,0.726998]],[[0.953181,-0.284043,-0.103755],[-0.242057,-0.51101,-0.824789],[0.181256,0.811288,-0.555839]],[[0.953181,-0.284043,-0.103755],[-0.301989,-0.876242,-0.375503],[0.0157446,0.389255,-0.920995]]],"btipPosition":[69.8063,247.165,-5.90133],"carpPosition":[78.0087,264.846,40.9645],"dipPosition":[70.0996,254.418,-23.0616],"direction":[-0.181256,-0.811288,0.555839],"extended":false,"handId":699,"id":6993,"length":64.2502,"mcpPosition":[87.0289,305.005,-6.02476],"pipPosition":[75.1069,276.83,-38.4168],"stabilizedTipPosition":[50.367,232.101,29.9079],"timeVisible":149.234,"tipPosition":[69.9227,248.887,-9.89135],"tipVelocity":[107.935,192.52,-153.418],"tool":false,"touchDistance":0.333333,"touchZone":"none","type":3,"width":18.027},{"bases":[[[0.866352,-0.489662,-0.0983151],[0.410832,0.586775,0.697791],[-0.283993,-0.644923,0.709522]],[[0.823753,-0.566888,-0.00829461],[0.435991,0.642762,-0.629896],[0.362412,0.515262,0.776635]],[[0.823753,-0.566888,-0.00829461],[-0.287933,-0.405706,-0.867466],[0.488391,0.716966,-0.497427]],[[0.823753,-0.566888,-0.00829461],[-0.51221,-0.737868,-0.439537],[0.243048,0.366318,-0.898186]]],"btipPosition":[79.2286,256.325,-6.77315],"carpPosition":[89.2896,257.482,36.4988],"dipPosition":[83.4063,262.621,-22.2122],"direction":[-0.488391,-0.716966,0.497427],"extended":false,"handId":699,"id":6994,"length":50.3709,"mcpPosition":[105.711,294.774,-4.52911],"pipPosition":[92.9322,276.605,-31.9143],"stabilizedTipPosition":[63.0906,243.093,22.1803],"timeVisible":149.234,"tipPosition":[80.0339,257.897,-10.1598],"tipVelocity":[112.461,192.666,-154.739],"tool":false,"touchDistance":0.333333,"touchZone":"none","type":4,"width":16.013}],"r":[[0.955918,-0.107767,0.273143],[0.0860137,0.992181,0.0904385],[-0.280753,-0.0629577,0.957713]],"s":1.06621,"t":[31.3089,5.13015,-155.146],"timestamp":523867382998},false],[5,{"currentFrameRate":102.174,"devices":[],"gestures":[],"hands":[{"armBasis":[[0.935449,0.113476,-0.334751],[0.0695644,0.869437,0.489122],[0.346548,-0.480835,0.80542]],"armWidth":63.5437,"confidence":0.483228,"direction":[0.0341179,0.758774,-0.65046],"elbow":[167.415,121.954,257.643],"grabStrength":0.779329,"id":699,"palmNormal":[-0.0615874,-0.648005,-0.759142],"palmPosition":[68.0953,289.99,2.67044],"palmVelocity":[94.8001,154.667,-114.09],"palmWidth":90.7382,"pinchStrength":0.461064,"r":[[0.954824,-0.108438,0.276682],[0.0853223,0.991881,0.0942946],[-0.28466,-0.0664277,0.956324]],"s":1.06773,"sphereCenter":[47.7522,288.188,-32.4673],"sphereRadius":46.4135,"stabilizedPalmPosition":[56.1059,279.7,25.0528],"t":[32.0966,6.2723,-155.977],"timeVisible":149.243,"type":"right","wrist":[74.1062,251.42,40.7813]}],"id":4293883,"interactionBox":{"center":[0,200,0],"size":[235.247,235.247,147.751]},"pointables":[{"bases":[[[0.463142,0.701113,0.542163],[-0.788569,0.0467589,0.613166],[0.404547,-0.711516,0.574532]],[[0.334292,0.869502,0.363614],[-0.794453,0.0524112,0.605059],[0.507043,-0.491141,0.708299]],[[0.334292,0.869502,0.363614],[-0.942275,0.316194,0.110183],[-0.019168,-0.379457,0.925011]],[[0.334292,0.869502,0.363614],[-0.613239,0.493642,-0.616648],[-0.715672,-0.0168413,0.698233]]],"btipPosition":[37.0822,281.47,-47.4813],"carpPosition":[44.9678,243.727,35.5249],"dipPosition":[20.3792,281.077,-31.1853],"direction":[0.019168,0.379457,-0.925011],"extended":false,"handId":699,"id":6990,"length":51.9721,"mcpPosition":[44.9678,243.727,35.5249],"pipPosition":[19.7275,268.175,0.266179],"stabilizedTipPosition":[-3.92013,263.607,33.8005],"timeVisible":149.243,"tipPosition":[33.1742,282.006,-41.9158],"tipVelocity":[106.747,151.992,-170.753],"tool":false,"touchDistance":-0.687141,"touchZone":"hovering","type":0,"width":20.194},{"bases":[[[0.989086,0.0623756,-0.133486],[0.0410504,0.753438,0.656236],[0.141507,-0.654554,0.742654]],[[0.991217,0.0519258,-0.121622],[0.0804189,0.49341,0.866071],[0.104981,-0.868246,0.4849]],[[0.991217,0.0519258,-0.121622],[-0.0280733,0.981347,0.190184],[0.129229,-0.185099,0.974186]],[[0.991217,0.0519258,-0.121622],[-0.1102,0.832729,-0.542604],[0.0731029,0.551241,0.831137]]],"btipPosition":[35.3159,344.219,-69.7143],"carpPosition":[54.5558,263.928,43.1886],"dipPosition":[36.5615,353.611,-55.5531],"direction":[-0.129229,0.185099,-0.974186],"extended":true,"handId":699,"id":6991,"length":58.6448,"mcpPosition":[44.1741,311.951,-11.2969],"pipPosition":[39.6763,349.149,-32.0718],"stabilizedTipPosition":[28.4209,338.257,-55.218],"timeVisible":149.243,"tipPosition":[35.7032,346.281,-64.9923],"tipVelocity":[111.034,160.93,-150.308],"tool":false,"touchDistance":-0.645336,"touchZone":"hovering","type":1,"width":19.2893},{"bases":[[[0.977523,-0.155993,-0.141827],[0.210773,0.738583,0.640367],[0.00485803,-0.655867,0.754861]],[[0.977531,-0.161078,-0.135966],[0.0307013,0.746947,-0.664174],[0.208543,0.645077,0.735109]],[[0.977531,-0.161078,-0.135966],[-0.201133,-0.519761,-0.830297],[0.0630727,0.838989,-0.540481]],[[0.977531,-0.161078,-0.135966],[-0.201474,-0.903622,-0.37799],[-0.0619758,0.39689,-0.915771]]],"btipPosition":[55.5678,249.745,-13.1207],"carpPosition":[66.557,266.35,42.2449],"dipPosition":[54.4063,257.183,-30.2822],"direction":[-0.0630727,-0.838989,0.540481],"extended":false,"handId":699,"id":6992,"length":66.821,"mcpPosition":[66.219,311.982,-10.2745],"pipPosition":[56.1949,280.975,-45.609],"stabilizedTipPosition":[36.6671,235.591,20.7202],"timeVisible":149.243,"tipPosition":[55.3588,251.484,-17.0236],"tipVelocity":[101.909,159.047,-130.069],"tool":false,"touchDistance":0.333333,"touchZone":"none","type":2,"width":18.9446},{"bases":[[[0.948894,-0.30604,-0.0770645],[0.280121,0.704267,0.652335],[-0.145367,-0.640584,0.754003]],[[0.953148,-0.284886,-0.101729],[0.142117,0.718576,-0.680772],[0.267043,0.634419,0.725397]],[[0.953148,-0.284886,-0.101729],[-0.241357,-0.513463,-0.823469],[0.182361,0.809441,-0.558166]],[[0.953148,-0.284886,-0.101729],[-0.302024,-0.877272,-0.373062],[0.0170362,0.386308,-0.922213]]],"btipPosition":[70.4862,247.837,-6.34504],"carpPosition":[78.6592,265.648,40.4733],"dipPosition":[70.8036,255.035,-23.528],"direction":[-0.182361,-0.809441,0.558166],"extended":false,"handId":699,"id":6993,"length":64.2502,"mcpPosition":[87.7397,305.663,-6.62676],"pipPosition":[75.8414,277.396,-38.9475],"stabilizedTipPosition":[54.2081,235.41,22.26],"timeVisible":149.243,"tipPosition":[70.6112,249.543,-10.3406],"tipVelocity":[98.6243,158.78,-124.206],"tool":false,"touchDistance":0.333333,"touchZone":"none","type":3,"width":18.027},{"bases":[[[0.866277,-0.490254,-0.095997],[0.410348,0.588713,0.696442],[-0.284918,-0.642703,0.711164]],[[0.823708,-0.566982,-0.00605536],[0.437454,0.642252,-0.629401],[0.360748,0.515794,0.777057]],[[0.823708,-0.566982,-0.00605536],[-0.286198,-0.40652,-0.867659],[0.489486,0.71643,-0.497123]],[[0.823708,-0.566982,-0.00605536],[-0.511646,-0.738628,-0.438917],[0.244385,0.364637,-0.898507]]],"btipPosition":[79.9487,257.001,-7.34145],"carpPosition":[89.9418,258.266,36.0407],"dipPosition":[84.1494,263.269,-22.786],"direction":[-0.489486,-0.71643,0.497123],"extended":false,"handId":699,"id":6994,"length":50.3709,"mcpPosition":[106.417,295.43,-5.08213],"pipPosition":[93.6967,277.242,-32.4822],"stabilizedTipPosition":[66.6754,246.18,15.5285],"timeVisible":149.243,"tipPosition":[80.7571,258.554,-10.6988],"tipVelocity":[103.1,159.203,-128.827],"tool":false,"touchDistance":0.333333,"touchZone":"none","type":4,"width":16.013}],"r":[[0.954824,-0.108438,0.276682],[0.0853223,0.991881,0.0942946],[-0.28466,-0.0664277,0.956324]],"s":1.06773,"t":[32.0966,6.2723,-155.977],"timestamp":523867392185},false],[6,{"currentFrameRate":102.611,"devices":[],"gestures":[],"hands":[{"armBasis":[[0.937473,0.110892,-0.329921],[0.0694895,0.869175,0.489598],[0.341052,-0.48191,0.807122]],"armWidth":63.5437,"confidence":0.48472,"direction":[0.0348892,0.757809,-0.651543],"elbow":[166.682,122.485,257.6],"grabStrength":0.765021,"id":699,"palmNormal":[-0.0612495,-0.649093,-0.75824],"palmPosition":[68.8856,290.757,2.10792],"palmVelocity":[93.1293,135.992,-100.208],"palmWidth":90.7382,"pinchStrength":0.464006,"r":[[0.953888,-0.108973,0.279684],[0.0848177,0.991654,0.0970995],[-0.287931,-0.0688998,0.955169]],"s":1.06901,"sphereCenter":[48.6735,288.814,-33.1337],"sphereRadius":46.4051,"stabilizedPalmPosition":[59.099,282.29,19.6788],"t":[32.8856,7.22703,-156.673],"timeVisible":149.252,"type":"right","wrist":[74.8534,252.241,40.2797]}],"id":4293884,"interactionBox":{"center":[0,200,0],"size":[235.247,235.247,147.751]},"pointables":[{"bases":[[[0.462988,0.701736,0.541488],[-0.789016,0.0479441,0.612498],[0.403851,-0.710822,0.575879]],[[0.332736,0.871428,0.360416],[-0.796903,0.0554814,0.601555],[0.504216,-0.487375,0.712904]],[[0.332736,0.871428,0.360416],[-0.942836,0.314974,0.108867],[-0.0186517,-0.376037,0.926417]],[[0.332736,0.871428,0.360416],[-0.611691,0.490326,-0.620818],[-0.717719,-0.0138949,0.696194]]],"btipPosition":[38.0016,281.922,-48.2232],"carpPosition":[45.7162,244.551,35.0125],"dipPosition":[21.2508,281.598,-31.9748],"direction":[0.0186517,0.376037,-0.926417],"extended":false,"handId":699,"id":6990,"length":51.9721,"mcpPosition":[45.7162,244.551,35.0125],"pipPosition":[20.6166,268.812,-0.47548],"stabilizedTipPosition":[0.234629,265.597,25.2565],"timeVisible":149.252,"tipPosition":[34.0593,282.52,-42.7462],"tipVelocity":[105.432,124.875,-147.254],"tool":false,"touchDistance":-0.658053,"touchZone":"hovering","type":0,"width":20.194},{"bases":[[[0.98921,0.0618187,-0.132827],[0.0408291,0.754382,0.655165],[0.140704,-0.653518,0.743718]],[[0.991303,0.0515177,-0.121096],[0.0795015,0.498856,0.863031],[0.104871,-0.865153,0.490421]],[[0.991303,0.0515177,-0.121096],[-0.0274789,0.980937,0.192373],[0.128699,-0.187372,0.973822]],[[0.991303,0.0515177,-0.121096],[-0.108762,0.83878,-0.533497],[0.0740887,0.542028,0.837088]]],"btipPosition":[36.1255,345.053,-70.6562],"carpPosition":[55.3058,264.76,42.6539],"dipPosition":[37.3879,354.289,-56.3936],"direction":[-0.128699,0.187372,-0.973822],"extended":true,"handId":699,"id":6991,"length":58.6448,"mcpPosition":[44.983,312.706,-11.9097],"pipPosition":[40.4899,349.772,-32.9211],"stabilizedTipPosition":[30.2875,340.339,-58.0565],"timeVisible":149.252,"tipPosition":[36.5267,347.045,-65.9256],"tipVelocity":[105.651,141.509,-137.442],"tool":false,"touchDistance":-0.622915,"touchZone":"hovering","type":1,"width":19.2893},{"bases":[[[0.977573,-0.156558,-0.140857],[0.210558,0.739442,0.639446],[0.00404531,-0.654764,0.755823]],[[0.977575,-0.16158,-0.135051],[0.0315099,0.746321,-0.66484],[0.208216,0.645676,0.734676]],[[0.977575,-0.16158,-0.135051],[-0.200689,-0.520533,-0.829921],[0.0638002,0.838414,-0.541287]],[[0.977575,-0.16158,-0.135051],[-0.201506,-0.904026,-0.377005],[-0.0611729,0.395764,-0.916313]]],"btipPosition":[56.3559,250.503,-13.6629],"carpPosition":[67.3086,267.176,41.7157],"dipPosition":[55.2096,257.919,-30.8346],"direction":[-0.0638002,-0.838414,0.541287],"extended":false,"handId":699,"id":6992,"length":66.821,"mcpPosition":[67.0271,312.731,-10.8706],"pipPosition":[57.0188,281.695,-46.1843],"stabilizedTipPosition":[40.2917,238.691,13.5675],"timeVisible":149.252,"tipPosition":[56.1487,252.233,-17.5581],"tipVelocity":[98.3442,138.736,-111.287],"tool":false,"touchDistance":0.333333,"touchZone":"none","type":2,"width":18.9446},{"bases":[[[0.94884,-0.306499,-0.0758969],[0.279885,0.705118,0.651516],[-0.146173,-0.639427,0.754829]],[[0.953068,-0.285678,-0.100248],[0.143427,0.717637,-0.681488],[0.266627,0.635126,0.724931]],[[0.953068,-0.285678,-0.100248],[-0.24075,-0.514348,-0.823095],[0.183578,0.8086,-0.558986]],[[0.953068,-0.285678,-0.100248],[-0.3022,-0.877599,-0.372148],[0.0183372,0.384977,-0.922744]]],"btipPosition":[71.2499,248.6,-6.86226],"carpPosition":[79.4118,266.467,39.9543],"dipPosition":[71.5916,255.773,-24.0551],"direction":[-0.183578,-0.8086,0.558986],"extended":false,"handId":699,"id":6993,"length":64.2502,"mcpPosition":[88.5428,306.409,-7.19728],"pipPosition":[76.6629,278.111,-39.4973],"stabilizedTipPosition":[57.6674,238.408,15.5766],"timeVisible":149.252,"tipPosition":[71.3858,250.295,-10.8522],"tipVelocity":[95.2707,138.68,-106.254],"tool":false,"touchDistance":0.333333,"touchZone":"none","type":3,"width":18.027},{"bases":[[[0.86617,-0.49071,-0.0946227],[0.410036,0.589581,0.695891],[-0.285693,-0.641558,0.711887]],[[0.823616,-0.567128,-0.00480571],[0.438842,0.642634,-0.628043],[0.359269,0.515158,0.778164]],[[0.823616,-0.567128,-0.00480571],[-0.284704,-0.406105,-0.868344],[0.490511,0.71655,-0.495938]],[[0.823616,-0.567128,-0.00480571],[-0.511253,-0.738749,-0.43917],[0.245515,0.364164,-0.898391]]],"btipPosition":[80.7596,257.771,-7.94696],"carpPosition":[90.6952,259.074,35.5411],"dipPosition":[84.9797,264.031,-23.3895],"direction":[-0.490511,-0.71655,0.495938],"extended":false,"handId":699,"id":6994,"length":50.3709,"mcpPosition":[107.215,296.172,-5.62352],"pipPosition":[94.547,278.007,-33.0626],"stabilizedTipPosition":[69.8429,248.921,9.84206],"timeVisible":149.252,"tipPosition":[81.5702,259.308,-11.2753],"tipVelocity":[99.9352,139.323,-112.23],"tool":false,"touchDistance":0.333333,"touchZone":"none","type":4,"width":16.013}],"r":[[0.953888,-0.108973,0.279684],[0.0848177,0.991654,0.0970995],[-0.287931,-0.0688998,0.955