{"sensorType":"Leap","data":[[0,{"currentFrameRate":108.417,"devices":[],"gestures":[],"hands":[{"armBasis":[[0.922114,0.00849074,-0.386826],[0.159328,0.902729,0.399619],[0.352592,-0.430127,0.831066]],"armWidth":63.5437,"confidence":0.637578,"direction":[0.0765702,0.763528,-0.641219],"elbow":[160.87,107.139,282.988],"grabStrength":0,"id":699,"palmNormal":[-0.139864,-0.628523,-0.765112],"palmPosition":[61.95,262.488,21.8412],"palmVelocity":[42.1525,208.093,-196.396],"palmWidth":90.7382,"pinchStrength":0.744417,"r":[[0.948279,-0.210899,0.237252],[0.185802,0.974751,0.123844],[-0.25738,-0.0733565,0.963522]],"s":1.06095,"sphereCenter":[45.0412,253.465,-20.2637],"sphereRadius":46.4084,"stabilizedPalmPosition":[55.2153,242.261,43.9497],"t":[26.468,-21.9187,-135.798],"timeVisible":167.863,"type":"right","wrist":[65.9336,222.952,59.2214]}],"id":4295892,"interactionBox":{"center":[0,200,0],"size":[235.247,235.247,147.751]},"pointables":[{"bases":[[[0.537288,0.651494,0.535608],[-0.761831,0.102432,0.639626],[0.36185,-0.751707,0.551364]],[[0.341806,0.902334,0.262608],[-0.79717,0.130405,0.589504],[0.497684,-0.410839,0.763886]],[[0.341806,0.902334,0.262608],[-0.938652,0.341427,0.0485729],[-0.0458326,-0.2631,0.963679]],[[0.341806,0.902334,0.262608],[-0.506066,0.412192,-0.757624],[-0.791875,0.126064,0.59753]]],"btipPosition":[31.3658,244.247,-29.9008],"carpPosition":[36.1005,217.792,54.837],"dipPosition":[12.8844,247.189,-15.9552],"direction":[0.0458326,0.2631,-0.963679],"extended":false,"handId":699,"id":6990,"length":51.9721,"mcpPosition":[36.1005,217.792,54.837],"pipPosition":[11.3261,238.243,16.8111],"stabilizedTipPosition":[17.6871,220.465,3.57998],"timeVisible":167.863,"tipPosition":[28.0756,244.495,-26.1427],"tipVelocity":[41.7738,199.746,-223.301],"tool":false,"touchDistance":-0.576315,"touchZone":"hovering","type":0,"width":20.194},{"bases":[[[0.986047,-0.0179655,-0.165493],[0.124926,0.736916,0.66434],[0.110019,-0.675745,0.728879]],[[0.982074,0.00341757,-0.188465],[0.10198,0.831239,0.546482],[0.158527,-0.555905,0.815989]],[[0.982074,0.00341757,-0.188465],[0.0617255,0.938878,0.338671],[0.178103,-0.344233,0.921837]],[[0.982074,0.00341757,-0.188465],[0.0286415,0.985521,0.167119],[0.186307,-0.169521,0.967756]]],"btipPosition":[25.2541,321.582,-64.7013],"carpPosition":[47.5849,237.003,62.4419],"dipPosition":[28.4285,318.694,-48.2124],"direction":[-0.178103,0.344233,-0.921837],"extended":true,"handId":699,"id":6991,"length":58.6448,"mcpPosition":[39.5132,286.58,8.96698],"pipPosition":[32.7214,310.396,-25.9929],"stabilizedTipPosition":[13.787,289.602,-23.3012],"timeVisible":167.863,"tipPosition":[25.7923,322,-60.2679],"tipVelocity":[54.3345,168.925,-227.848],"tool":false,"touchDistance":-0.571528,"touchZone":"hovering","type":1,"width":19.2893},{"bases":[[[0.956004,-0.234457,-0.17631],[0.292216,0.708255,0.642639],[-0.0257987,-0.665886,0.745607]],[[0.956173,-0.229378,-0.181984],[0.0730473,0.788748,-0.61036],[0.283543,0.570317,0.770936]],[[0.956173,-0.229378,-0.181984],[-0.244073,-0.281069,-0.928132],[0.161743,0.931872,-0.324735]],[[0.956173,-0.229378,-0.181984],[-0.29257,-0.723731,-0.624993],[0.0116521,0.650845,-0.759122]]],"btipPosition":[43.0708,218.725,-4.36623],"carpPosition":[59.71,238.433,61.1312],"dipPosition":[43.2892,230.922,-18.5922],"direction":[-0.161743,-0.931872,0.324735],"extended":false,"handId":699,"id":6992,"length":66.821,"mcpPosition":[61.5049,284.761,9.25565],"pipPosition":[47.8759,257.348,-27.8009],"stabilizedTipPosition":[31.4214,200.045,18.5974],"timeVisible":167.863,"tipPosition":[43.2037,221.563,-7.23048],"tipVelocity":[59.4112,196.276,-195.374],"tool":false,"touchDistance":0.333333,"touchZone":"none","type":2,"width":18.9446},{"bases":[[[0.917021,-0.382612,-0.112606],[0.3588,0.668107,0.651841],[-0.174169,-0.638155,0.749949]],[[0.922068,-0.36225,-0.136254],[0.186824,0.724921,-0.663013],[0.33895,0.585888,0.736104]],[[0.922068,-0.36225,-0.136254],[-0.258957,-0.315812,-0.9128],[0.287631,0.876948,-0.385007]],[[0.922068,-0.36225,-0.136254],[-0.367972,-0.71144,-0.598706],[0.119945,0.602185,-0.789295]]],"btipPosition":[57.2449,215.067,4.64656],"carpPosition":[71.6481,236.755,58.9488],"dipPosition":[59.4797,226.288,-10.0598],"direction":[-0.287631,-0.876948,0.385007],"extended":false,"handId":699,"id":6993,"length":64.2502,"mcpPosition":[82.5279,276.618,12.102],"pipPosition":[67.4256,250.514,-20.6958],"stabilizedTipPosition":[48.6521,199.628,20.973],"timeVisible":167.863,"tipPosition":[57.8481,217.733,1.45875],"tipVelocity":[58.1904,202.099,-194.443],"tool":false,"touchDistance":0.333333,"touchZone":"none","type":3,"width":18.027},{"bases":[[[0.818725,-0.558996,-0.131195],[0.480256,0.541441,0.690069],[-0.314711,-0.627985,0.711753]],[[0.764005,-0.644691,-0.025875],[0.497998,0.614713,-0.611658],[0.410236,0.454424,0.790699]],[[0.764005,-0.644691,-0.025875],[-0.224289,-0.227769,-0.947531],[0.604971,0.729723,-0.318614]],[[0.764005,-0.644691,-0.025875],[-0.500442,-0.566793,-0.654449],[0.407251,0.512951,-0.755664]]],"btipPosition":[67.0586,225.771,4.21241],"carpPosition":[82.1261,228.532,54.0468],"dipPosition":[74.0589,234.588,-8.77677],"direction":[-0.604971,-0.729722,0.318614],"extended":false,"handId":699,"id":6994,"length":50.3709,"mcpPosition":[100.324,264.845,12.8899],"pipPosition":[85.8587,248.821,-14.9912],"stabilizedTipPosition":[61.7249,212.301,17.6307],"timeVisible":167.863,"tipPosition":[68.6707,227.851,1.59688],"tipVelocity":[56.8133,205.238,-194.223],"tool":false,"touchDistance":0.333333,"touchZone":"none","type":4,"width":16.013}],"r":[[0.948279,-0.210899,0.237252],[0.185802,0.974751,0.123844],[-0.25738,-0.0733565,0.963522]],"s":1.06095,"t":[26.468,-21.9187,-135.798],"timestamp":523886011598},false],[1,{"currentFrameRate":108.66,"devices":[],"gestures":[],"hands":[{"armBasis":[[0.922289,0.0125618,-0.386297],[0.15429,0.904415,0.39778],[0.35437,-0.42647,0.832193]],"armWidth":63.5437,"confidence":0.608873,"direction":[0.0785409,0.762997,-0.641612],"elbow":[161.425,109.419,282.089],"grabStrength":0,"id":699,"palmNormal":[-0.133235,-0.629793,-0.765251],"palmPosition":[62.155,263.729,20.5674],"palmVelocity":[37.1141,190.231,-182.679],"palmWidth":90.7382,"pinchStrength":0.737823,"r":[[0.94801,-0.208059,0.240808],[0.182798,0.975411,0.123119],[-0.260503,-0.0726985,0.962732]],"s":1.06165,"sphereCenter":[45.6983,254.547,-21.6748],"sphereRadius":46.3913,"stabilizedPalmPosition":[56.0654,244.891,41.0852],"t":[26.706,-20.3829,-137.354],"timeVisible":167.872,"type":"right","wrist":[66.0097,224.247,58.0186]}],"id":4295893,"interactionBox":{"center":[0,200,0],"size":[235.247,235.247,147.751]},"pointables":[{"bases":[[[0.53205,0.653605,0.53826],[-0.766178,0.10105,0.634634],[0.360409,-0.75006,0.554541]],[[0.337752,0.903482,0.263902],[-0.803097,0.1304,0.581404],[0.490875,-0.40831,0.769626]],[[0.337752,0.903482,0.263902],[-0.940143,0.337332,0.0483591],[-0.0453312,-0.264439,0.963336]],[[0.337752,0.903482,0.263902],[-0.509826,0.411294,-0.755589],[-0.791202,0.120658,0.599534]]],"btipPosition":[31.7912,245.5,-31.6086],"carpPosition":[36.2196,218.999,53.4501],"dipPosition":[13.3254,248.316,-17.6161],"direction":[0.0453312,0.264439,-0.963336],"extended":false,"handId":699,"id":6990,"length":51.9721,"mcpPosition":[36.2196,218.999,53.4501],"pipPosition":[11.7841,239.325,15.1385],"stabilizedTipPosition":[18.5464,222.704,0.793078],"timeVisible":167.872,"tipPosition":[28.4754,245.704,-27.7881],"tipVelocity":[43.6956,183.609,-215.323],"tool":false,"touchDistance":-0.572471,"touchZone":"hovering","type":0,"width":20.194},{"bases":[[[0.987129,-0.015413,-0.15918],[0.118639,0.738028,0.664259],[0.107241,-0.674594,0.730357]],[[0.983267,0.00581595,-0.182077],[0.0961651,0.83231,0.545905],[0.154719,-0.55428,0.817824]],[[0.983267,0.00581595,-0.182077],[0.0570527,0.939377,0.338107],[0.173005,-0.342837,0.923326]],[[0.983267,0.00581595,-0.182077],[0.0250292,0.985698,0.16665],[0.180442,-0.168419,0.969059]]],"btipPosition":[25.8609,322.624,-66.2828],"carpPosition":[47.6019,238.251,61.1055],"dipPosition":[28.9353,319.754,-49.7717],"direction":[-0.173005,0.342837,-0.923326],"extended":true,"handId":699,"id":6991,"length":58.6448,"mcpPosition":[39.7341,287.743,7.52215],"pipPosition":[33.1054,311.49,-27.5163],"stabilizedTipPosition":[14.2955,290.89,-24.8604],"timeVisible":167.872,"tipPosition":[26.3676,323.027,-61.8547],"tipVelocity":[57.6279,155.602,-214.957],"tool":false,"touchDistance":-0.566355,"touchZone":"hovering","type":1,"width":19.2893},{"bases":[[[0.957757,-0.232,-0.169935],[0.286143,0.709807,0.643658],[-0.0287077,-0.665094,0.746208]],[[0.957946,-0.22698,-0.175554],[0.0748666,0.788308,-0.610709],[0.27701,0.571883,0.77215]],[[0.957946,-0.22698,-0.175554],[-0.237271,-0.282503,-0.929459],[0.161375,0.932026,-0.324478]],[[0.957946,-0.22698,-0.175554],[-0.286562,-0.725009,-0.626294],[0.0148781,0.650263,-0.759564]]],"btipPosition":[43.5584,219.882,-5.72608],"carpPosition":[59.7311,239.713,59.8705],"dipPosition":[43.8372,232.068,-19.9603],"direction":[-0.161375,-0.932026,0.324478],"extended":false,"handId":699,"id":6992,"length":66.821,"mcpPosition":[61.7285,285.987,7.95319],"pipPosition":[48.4134,258.498,-29.1618],"stabilizedTipPosition":[32.7503,202.511,15.5917],"timeVisible":167.872,"tipPosition":[43.7033,222.717,-8.59292],"tipVelocity":[58.8198,178.919,-184.626],"tool":false,"touchDistance":0.333333,"touchZone":"none","type":2,"width":18.9446},{"bases":[[[0.918779,-0.380189,-0.106307],[0.352778,0.669855,0.653332],[-0.177179,-0.63777,0.749571]],[[0.923985,-0.359555,-0.130273],[0.188882,0.725263,-0.662055],[0.332528,0.587123,0.738046]],[[0.923985,-0.359555,-0.130273],[-0.252106,-0.316533,-0.914467],[0.287565,0.877797,-0.383118]],[[0.923985,-0.359555,-0.130273],[-0.362013,-0.712535,-0.601033],[0.12328,0.602507,-0.788535]]],"btipPosition":[57.6981,216.27,3.33475],"carpPosition":[71.6875,238.066,57.7663],"dipPosition":[59.9951,227.496,-11.3575],"direction":[-0.287565,-0.877797,0.383118],"extended":false,"handId":699,"id":6993,"length":64.2502,"mcpPosition":[82.7553,277.905,10.9431],"pipPosition":[67.9392,251.745,-21.9412],"stabilizedTipPosition":[49.8965,202.126,18.2414],"timeVisible":167.872,"tipPosition":[58.3084,218.935,0.16713],"tipVelocity":[56.8877,184.708,-182.315],"tool":false,"touchDistance":0.333333,"touchZone":"none","type":3,"width":18.027},{"bases":[[[0.821094,-0.556867,-0.125316],[0.474338,0.543572,0.692483],[-0.317503,-0.628036,0.710467]],[[0.765923,-0.642615,-0.0202158],[0.500819,0.616046,-0.608003],[0.403166,0.455559,0.793677]],[[0.765923,-0.642615,-0.0202158],[-0.216474,-0.22815,-0.949256],[0.605394,0.731433,-0.313854]],[[0.765923,-0.642615,-0.0202158],[-0.49406,-0.56816,-0.658103],[0.411421,0.514044,-0.752657]]],"btipPosition":[67.4827,227.016,2.93125],"carpPosition":[82.2193,229.866,52.9408],"dipPosition":[74.5546,235.852,-10.0062],"direction":[-0.605394,-0.731433,0.313854],"extended":false,"handId":699,"id":6994,"length":50.3709,"mcpPosition":[100.579,266.182,11.8583],"pipPosition":[86.3627,250.119,-16.1279],"stabilizedTipPosition":[62.8102,214.763,15.033],"timeVisible":167.872,"tipPosition":[69.1061,229.094,0.342898],"tipVelocity":[55.0527,188.406,-180.951],"tool":false,"touchDistance":0.333333,"touchZone":"none","type":4,"width":16.013}],"r":[[0.94801,-0.208059,0.240808],[0.182798,0.975411,0.123119],[-0.260503,-0.0726985,0.962732]],"s":1.06165,"t":[26.706,-20.3829,-137.354],"timestamp":523886020364},false],[2,{"currentFrameRate":108.69,"devices":[],"gestures":[],"hands":[{"armBasis":[[0.923598,0.0178219,-0.382948],[0.148644,0.904125,0.400578],[0.353372,-0.426896,0.832399]],"armWidth":63.5437,"confidence":0.614917,"direction":[0.0775432,0.759099,-0.64634],"elbow":[161.545,111.611,280.378],"grabStrength":0,"id":699,"palmNormal":[-0.127552,-0.635411,-0.761567],"palmPosition":[62.5086,265.771,18.5271],"palmVelocity":[37.5441,199.427,-193.926],"palmWidth":90.7382,"pinchStrength":0.735192,"r":[[0.947782,-0.204614,0.244628],[0.179433,0.976254,0.121377],[-0.263655,-0.0711446,0.96199]],"s":1.06228,"sphereCenter":[46.4382,256.185,-23.742],"sphereRadius":46.3599,"stabilizedPalmPosition":[56.872,247.505,38.2613],"t":[27.0018,-18.594,-139.152],"timeVisible":167.881,"type":"right","wrist":[66.3988,226.554,56.2522]}],"id":4295894,"interactionBox":{"center":[0,200,0],"size":[235.247,235.247,147.751]},"pointables":[{"bases":[[[0.527106,0.659516,0.535909],[-0.768997,0.10179,0.631097],[0.361668,-0.744767,0.56082]],[[0.331733,0.907449,0.257856],[-0.809271,0.133272,0.572118],[0.484802,-0.398466,0.778583]],[[0.331733,0.907449,0.257856],[-0.942466,0.330776,0.0484187],[-0.0413552,-0.259083,0.964969]],[[0.331733,0.907449,0.257856],[-0.512782,0.402879,-0.758118],[-0.791838,0.119269,0.598972]]],"btipPosition":[32.4033,247.004,-33.9393],"carpPosition":[36.6498,221.143,51.6076],"dipPosition":[13.9227,249.788,-19.96],"direction":[0.0413552,0.259083,-0.964969],"extended":false,"handId":699,"id":6990,"length":51.9721,"mcpPosition":[36.6498,221.143,51.6076],"pipPosition":[12.5166,240.979,12.8501],"stabilizedTipPosition":[19.3589,224.813,-1.87266],"timeVisible":167.881,"tipPosition":[29.0193,247.27,-30.0488],"tipVelocity":[50.059,178.046,-226.414],"tool":false,"touchDistance":-0.578564,"touchZone":"hovering","type":0,"width":20.194},{"bases":[[[0.987778,-0.012033,-0.155399],[0.112852,0.742912,0.659808],[0.107508,-0.669281,0.73519]],[[0.983951,0.00881766,-0.178221],[0.0904184,0.836421,0.540577],[0.153835,-0.548016,0.8222]],[[0.983951,0.00881766,-0.178221],[0.0518104,0.941633,0.332631],[0.170752,-0.336526,0.926064]],[[0.983951,0.00881766,-0.178221],[0.0203848,0.986685,0.161361],[0.177271,-0.162404,0.97067]]],"btipPosition":[26.3029,323.955,-68.8458],"carpPosition":[47.9173,240.495,59.1781],"dipPosition":[29.3233,321.188,-52.3072],"direction":[-0.170752,0.336526,-0.926064],"extended":true,"handId":699,"id":6991,"length":58.6448,"mcpPosition":[40.0299,289.598,5.24013],"pipPosition":[33.439,313.077,-29.9858],"stabilizedTipPosition":[14.7822,292.132,-26.3999],"timeVisible":167.881,"tipPosition":[26.7863,324.35,-64.4342],"tipVelocity":[54.6608,153.54,-232.932],"tool":false,"touchDistance":-0.576402,"touchZone":"hovering","type":1,"width":19.2893},{"bases":[[[0.959413,-0.228816,-0.164833],[0.280556,0.715308,0.640018],[-0.02854,-0.660286,0.750471]],[[0.959599,-0.223885,-0.170425],[0.0737532,0.784662,-0.615521],[0.271532,0.578084,0.769473]],[[0.959599,-0.223885,-0.170425],[-0.232427,-0.28937,-0.92857],[0.158577,0.930667,-0.329716]],[[0.959599,-0.223885,-0.170425],[-0.280969,-0.730148,-0.622849],[0.0150108,0.645569,-0.763554]]],"btipPosition":[44.2002,221.667,-7.56266],"carpPosition":[60.0444,242.004,57.9786],"dipPosition":[44.4815,233.765,-21.8717],"direction":[-0.158577,-0.930667,0.329716],"extended":false,"handId":699,"id":6992,"length":66.821,"mcpPosition":[62.0301,287.943,5.76463],"pipPosition":[48.9783,260.156,-31.2216],"stabilizedTipPosition":[34.0353,204.959,12.6404],"timeVisible":167.881,"tipPosition":[44.3447,224.484,-10.448],"tipVelocity":[61.9961,182.817,-189.653],"tool":false,"touchDistance":0.333333,"touchZone":"none","type":2,"width":18.9446},{"bases":[[[0.920858,-0.376756,-0.100373],[0.347332,0.675719,0.650203],[-0.177144,-0.633608,0.753101]],[[0.926147,-0.355885,-0.124888],[0.18794,0.722553,-0.665278],[0.327001,0.592674,0.736076]],[[0.926147,-0.355885,-0.124888],[-0.247078,-0.322308,-0.913822],[0.284963,0.877191,-0.386436]],[[0.926147,-0.355885,-0.124888],[-0.356377,-0.717333,-0.598689],[0.123478,0.598981,-0.791186]]],"btipPosition":[58.3387,218.176,1.50659],"carpPosition":[72.0158,240.396,55.9298],"dipPosition":[60.6394,229.336,-13.235],"direction":[-0.284963,-0.877191,0.386436],"extended":false,"handId":699,"id":6993,"length":64.2502,"mcpPosition":[83.0814,279.976,8.88612],"pipPosition":[68.5116,253.569,-23.9104],"stabilizedTipPosition":[51.0931,204.609,15.557],"timeVisible":167.881,"tipPosition":[58.9412,220.825,-1.65029],"tipVelocity":[60.574,190.832,-187.552],"tool":false,"touchDistance":0.333333,"touchZone":"none","type":3,"width":18.027},{"bases":[[[0.824034,-0.553991,-0.118579],[0.469307,0.550244,0.690639],[-0.317361,-0.62476,0.713412]],[[0.768806,-0.639349,-0.0130443],[0.500945,0.614807,-0.609152],[0.39748,0.461785,0.792946]],[[0.768806,-0.639349,-0.0130443],[-0.210833,-0.234161,-0.949062],[0.603727,0.732395,-0.31482]],[[0.768806,-0.639349,-0.0130443],[-0.488461,-0.573957,-0.657251],[0.412726,0.51167,-0.753559]]],"btipPosition":[68.0679,228.976,1.0781],"carpPosition":[82.6021,232.213,51.1978],"dipPosition":[75.1623,237.771,-11.8749],"direction":[-0.603727,-0.732395,0.31482],"extended":false,"handId":699,"id":6994,"length":50.3709,"mcpPosition":[100.953,268.339,9.94498],"pipPosition":[86.9378,252.056,-18.0154],"stabilizedTipPosition":[63.8455,217.202,12.4883],"timeVisible":167.881,"tipPosition":[69.6935,231.041,-1.5019],"tipVelocity":[57.6962,195.31,-187.091],"tool":false,"touchDistance":0.333333,"touchZone":"none","type":4,"width":16.013}],"r":[[0.947782,-0.204614,0.244628],[0.179433,0.976254,0.121377],[-0.263655,-0.0711446,0.96199]],"s":1.06228,"t":[27.0018,-18.594,-139.152],"timestamp":523886029510},false],[3,{"currentFrameRate":108.735,"devices":[],"gestures":[],"hands":[{"armBasis":[[0.919237,0.0228495,-0.393042],[0.147194,0.905973,0.396922],[0.365155,-0.422719,0.82944]],"armWidth":63.5437,"confidence":0.620292,"direction":[0.0791541,0.75674,-0.648906],"elbow":[165.031,114.588,277.949],"grabStrength":0,"id":699,"palmNormal":[-0.125136,-0.638257,-0.759585],"palmPosition":[62.9177,267.481,16.7399],"palmVelocity":[39.58,196.165,-194.516],"palmWidth":90.7382,"pinchStrength":0.729925,"r":[[0.947452,-0.201605,0.248375],[0.176607,0.977018,0.119357],[-0.26673,-0.0692198,0.961282]],"s":1.063,"sphereCenter":[47.189,257.668,-25.5778],"sphereRadius":46.3274,"stabilizedPalmPosition":[57.6095,249.942,35.6359],"t":[27.3543,-16.8441,-140.945],"timeVisible":167.89,"type":"right","wrist":[66.7122,228.406,54.6204]}],"id":4295895,"interactionBox":{"center":[0,200,0],"size":[235.247,235.247,147.751]},"pointables":[{"bases":[[[0.525332,0.66167,0.534995],[-0.770851,0.103847,0.628494],[0.360298,-0.742569,0.564603]],[[0.3293,0.90953,0.253606],[-0.814638,0.137865,0.563346],[0.477416,-0.392107,0.786337]],[[0.3293,0.90953,0.253606],[-0.943548,0.327147,0.0518943],[-0.035767,-0.256378,0.965915]],[[0.3293,0.90953,0.253606],[-0.519678,0.398827,-0.755561],[-0.78835,0.117013,0.603997]]],"btipPosition":[32.8283,248.472,-36.1725],"carpPosition":[36.9785,222.967,49.9098],"dipPosition":[14.4291,251.203,-22.0759],"direction":[0.035767,0.256378,-0.965915],"extended":false,"handId":699,"id":6990,"length":51.9721,"mcpPosition":[36.9785,222.967,49.9098],"pipPosition":[13.213,242.486,10.7664],"stabilizedTipPosition":[20.0763,226.699,-4.28455],"timeVisible":167.89,"tipPosition":[29.4263,248.787,-32.1595],"tipVelocity":[49.6738,172.961,-230.744],"tool":false,"touchDistance":-0.582134,"touchZone":"hovering","type":0,"width":20.194},{"bases":[[[0.988227,-0.0122615,-0.1525],[0.110695,0.745377,0.657389],[0.10561,-0.66653,0.737959]],[[0.984495,0.00832721,-0.175216],[0.0885337,0.838726,0.537309],[0.151433,-0.54449,0.824984]],[[0.984495,0.00832721,-0.175216],[0.050623,0.942885,0.329249],[0.16795,-0.333014,0.927844]],[[0.984495,0.00832721,-0.175216],[0.0197866,0.987226,0.158094],[0.174294,-0.15911,0.971754]]],"btipPosition":[26.9636,325.317,-70.9662],"carpPosition":[48.2176,242.351,57.4414],"dipPosition":[29.9333,322.606,-54.4092],"direction":[-0.16795,0.333014,-0.927844],"extended":true,"handId":699,"id":6991,"length":58.6448,"mcpPosition":[40.4694,291.252,3.30032],"pipPosition":[33.9815,314.58,-32.0449],"stabilizedTipPosition":[15.2404,293.292,-27.8516],"timeVisible":167.89,"tipPosition":[27.4313,325.709,-66.563],"tipVelocity":[59.2518,152.787,-232.713],"tool":false,"touchDistance":-0.578839,"touchZone":"hovering","type":1,"width":19.2893},{"bases":[[[0.959963,-0.229087,-0.161217],[0.278464,0.717759,0.638185],[-0.0304853,-0.657527,0.752814]],[[0.960161,-0.224235,-0.166761],[0.0754347,0.78258,-0.617963],[0.269072,0.580764,0.768318]],[[0.960161,-0.224235,-0.166761],[-0.229508,-0.292322,-0.928372],[0.159425,0.929659,-0.33214]],[[0.960161,-0.224235,-0.166761],[-0.278913,-0.732136,-0.621438],[0.0172561,0.643192,-0.76551]]],"btipPosition":[44.6908,223.274,-9.27193],"carpPosition":[60.3476,243.859,56.2714],"dipPosition":[45.0141,235.328,-23.6176],"direction":[-0.159425,-0.929659,0.33214],"extended":false,"handId":699,"id":6992,"length":66.821,"mcpPosition":[62.4686,289.606,3.89445],"pipPosition":[49.5351,261.691,-33.0363],"stabilizedTipPosition":[35.206,207.26,9.88958],"timeVisible":167.89,"tipPosition":[44.8448,226.082,-12.164],"tipVelocity":[60.0205,180.716,-189.313],"tool":false,"touchDistance":0.333333,"touchZone":"none","type":2,"width":18.9446},{"bases":[[[0.921272,-0.376802,-0.0963239],[0.345224,0.678231,0.648709],[-0.179105,-0.63089,0.754916]],[[0.926709,-0.355654,-0.121328],[0.18949,0.721088,-0.666427],[0.324506,0.594594,0.735632]],[[0.926709,-0.355654,-0.121328],[-0.24412,-0.324321,-0.913904],[0.285685,0.876542,-0.387374]],[[0.926709,-0.355654,-0.121328],[-0.354207,-0.718906,-0.59809],[0.12549,0.597231,-0.792192]]],"btipPosition":[58.8245,219.823,-0.209037],"carpPosition":[72.3254,242.249,54.2632],"dipPosition":[61.1627,230.951,-14.9694],"direction":[-0.285685,-0.876542,0.387374],"extended":false,"handId":699,"id":6993,"length":64.2502,"mcpPosition":[83.5135,281.658,7.10607],"pipPosition":[69.0548,255.166,-25.6707],"stabilizedTipPosition":[52.171,206.926,13.0594],"timeVisible":167.89,"tipPosition":[59.4275,222.46,-3.34662],"tipVelocity":[58.8153,187.796,-187.863],"tool":false,"touchDistance":0.333333,"touchZone":"none","type":3,"width":18.027},{"bases":[[[0.824561,-0.554138,-0.114156],[0.467124,0.552948,0.689959],[-0.31921,-0.622238,0.71479]],[[0.768837,-0.639394,-0.00810276],[0.5038,0.613499,-0.608115],[0.393796,0.463459,0.793808]],[[0.768837,-0.639394,-0.00810276],[-0.206182,-0.235889,-0.949655],[0.605292,0.731801,-0.313192]],[[0.768837,-0.639394,-0.00810276],[-0.485495,-0.575441,-0.658151],[0.416155,0.509944,-0.752843]]],"btipPosition":[68.5412,230.651,-0.681907],"carpPosition":[82.9281,234.051,49.592],"dipPosition":[75.6945,239.416,-13.6226],"direction":[-0.605292,-0.731801,0.313192],"extended":false,"handId":699,"id":6994,"length":50.3709,"mcpPosition":[101.386,270.032,8.25943],"pipPosition":[87.5006,253.69,-19.7313],"stabilizedTipPosition":[64.7721,219.462,10.1288],"timeVisible":167.89,"tipPosition":[70.1778,232.698,-3.23394],"tipVelocity":[56.5061,191.887,-188.664],"tool":false,"touchDistance":0.333333,"touchZone":"none","type":4,"width":16.013}],"r":[[0.947452,-0.201605,0.248375],[0.176607,0.977018,0.119357],[-0.26673,-0.0692198,0.961282]],"s":1.063,"t":[27.3543,-16.8441,-140.945],"timestamp":523886038626},false],[4,{"currentFrameRate":108.929,"devices":[],"gestures":[],"hands":[{"armBasis":[[0.922956,0.0243787,-0.384134],[0.142227,0.905761,0.399211],[0.357666,-0.423088,0.83251]],"armWidth":63.5437,"confidence":0.621956,"direction":[0.0814198,0.754564,-0.651156],"elbow":[163.124,116.208,277.459],"grabStrength":0,"id":699,"palmNormal":[-0.118618,-0.641346,-0.758027],"palmPosition":[63.1722,269.053,15.2563],"palmVelocity":[36.6717,191.232,-187.345],"palmWidth":90.7382,"pinchStrength":0.726492,"r":[[0.94695,-0.198524,0.252732],[0.1737,0.977795,0.117241],[-0.270396,-0.0671214,0.960407]],"s":1.06352,"sphereCenter":[47.8951,258.997,-27.1593],"sphereRadius":46.2972,"stabilizedPalmPosition":[58.2555,252.161,33.2695],"t":[27.6577,-15.1835,-142.583],"timeVisible":167.899,"type":"right","wrist":[66.8213,230.126,53.3036]}],"id":4295896,"interactionBox":{"center":[0,200,0],"size":[235.247,235.247,147.751]},"pointables":[{"bases":[[[0.520193,0.664961,0.535935],[-0.775149,0.104171,0.623131],[0.358529,-0.739578,0.569633]],[[0.324446,0.911955,0.251142],[-0.821196,0.139796,0.553258],[0.469437,-0.385739,0.79425]],[[0.324446,0.911955,0.251142],[-0.945269,0.322323,0.0507453],[-0.0346716,-0.253861,0.966619]],[[0.324446,0.911955,0.251142],[-0.520034,0.39375,-0.757975],[-0.790126,0.115319,0.601998]]],"btipPosition":[33.3837,249.736,-38.0319],"carpPosition":[37.1325,224.594,48.4216],"dipPosition":[14.943,252.427,-23.982],"direction":[0.0346716,0.253861,-0.966619],"extended":false,"handId":699,"id":6990,"length":51.9721,"mcpPosition":[37.1325,224.594,48.4216],"pipPosition":[13.7642,243.796,8.88428],"stabilizedTipPosition":[20.7054,228.341,-6.4021],"timeVisible":167.899,"tipPosition":[29.9377,250.089,-33.9859],"tipVelocity":[52.9518,164.605,-225.61],"tool":false,"touchDistance":-0.580306,"touchZone":"hovering","type":0,"width":20.194},{"bases":[[[0.989218,-0.0102917,-0.146087],[0.104564,0.748054,0.655348],[0.102537,-0.663558,0.741065]],[[0.985599,0.010109,-0.168797],[0.0829346,0.841013,0.53462],[0.147365,-0.54092,0.828063]],[[0.985599,0.010109,-0.168797],[0.0461845,0.944167,0.326215],[0.16267,-0.329313,0.930103]],[[0.985599,0.010109,-0.168797],[0.0164067,0.987785,0.154955],[0.168301,-0.155493,0.973394]]],"btipPosition":[27.6488,326.478,-72.8956],"carpPosition":[48.2736,244.034,55.9543],"dipPosition":[30.5164,323.829,-56.3106],"direction":[-0.16267,0.329313,-0.930103],"extended":true,"handId":699,"id":6991,"length":58.6448,"mcpPosition":[40.7509,292.716,1.58532],"pipPosition":[34.4373,315.891,-33.8918],"stabilizedTipPosition":[15.6633,294.346,-29.1859],"timeVisible":167.899,"tipPosition":[28.0859,326.869,-68.4981],"tipVelocity":[63.4857,147.45,-228.661],"tool":false,"touchDistance":-0.578132,"touchZone":"hovering","type":1,"width":19.2893},{"bases":[[[0.96156,-0.227219,-0.15419],[0.272524,0.720795,0.637326],[-0.0336736,-0.654848,0.75501]],[[0.96178,-0.222431,-0.159699],[0.0774995,0.780492,-0.620344],[0.262628,0.584258,0.767899]],[[0.96178,-0.222431,-0.159699],[-0.222724,-0.296195,-0.928796],[0.159291,0.928866,-0.334415]],[[0.96178,-0.222431,-0.159699],[-0.273042,-0.735002,-0.620661],[0.0206755,0.640544,-0.767643]]],"btipPosition":[45.2216,224.702,-10.7146],"carpPosition":[60.4071,245.568,54.8569],"dipPosition":[45.609,236.705,-25.1002],"direction":[-0.159291,-0.928866,0.334415],"extended":false,"handId":699,"id":6992,"length":66.821,"mcpPosition":[62.7499,291.129,2.32715],"pipPosition":[50.1262,263.046,-34.5835],"stabilizedTipPosition":[36.258,209.363,7.40012],"timeVisible":167.899,"tipPosition":[45.3881,227.5,-13.6184],"tipVelocity":[60.4928,175.2,-182.578],"tool":false,"touchDistance":0.333333,"touchZone":"none","type":2,"width":18.9446},{"bases":[[[0.922825,-0.374795,-0.089006],[0.339314,0.681477,0.648425],[-0.182371,-0.628584,0.756058]],[[0.928512,-0.353123,-0.114758],[0.192422,0.721958,-0.664643],[0.317551,0.595047,0.738295]],[[0.928512,-0.353123,-0.114758],[-0.236439,-0.324007,-0.916033],[0.28629,0.877681,-0.384337]],[[0.928512,-0.353123,-0.114758],[-0.348001,-0.719873,-0.600565],[0.129462,0.597568,-0.791298]]],"btipPosition":[59.3239,221.354,-1.83094],"carpPosition":[72.4016,243.981,52.9317],"dipPosition":[61.7361,232.488,-16.5746],"direction":[-0.28629,-0.877681,0.384337],"extended":false,"handId":699,"id":6993,"length":64.2502,"mcpPosition":[83.7937,283.247,5.70336],"pipPosition":[69.6449,256.734,-27.1921],"stabilizedTipPosition":[53.1241,209.027,10.7989],"timeVisible":167.899,"tipPosition":[59.9313,223.975,-4.88095],"tipVelocity":[58.722,183.926,-186.605],"tool":false,"touchDistance":0.333333,"touchZone":"none","type":3,"width":18.027},{"bases":[[[0.826681,-0.552441,-0.106809],[0.461263,0.556658,0.690919],[-0.322236,-0.620437,0.714998]],[[0.770242,-0.637751,-0.000397525],[0.507372,0.613155,-0.605487],[0.386394,0.46617,0.795855]],[[0.770242,-0.637751,-0.000397525],[-0.197811,-0.238313,-0.95083],[0.606298,0.732448,-0.309713]],[[0.770242,-0.637751,-0.000397525],[-0.479014,-0.578116,-0.660551],[0.421038,0.508975,-0.750781]]],"btipPosition":[69.0005,232.198,-2.10237],"carpPosition":[83.055,235.794,48.359],"dipPosition":[76.2377,240.947,-15.0076],"direction":[-0.606298,-0.732448,0.309713],"extended":false,"handId":699,"id":6994,"length":50.3709,"mcpPosition":[101.688,271.67,7.01444],"pipPosition":[88.0634,255.233,-21.0485],"stabilizedTipPosition":[65.5927,221.516,8.01224],"timeVisible":167.899,"tipPosition":[70.6532,234.231,-4.62699],"tipVelocity":[55.8789,187.253,-180.894],"tool":false,"touchDistance":0.333333,"touchZone":"none","type":4,"width":16.013}],"r":[[0.94695,-0.198524,0.252732],[0.1737,0.977795,0.117241],[-0.270396,-0.0671214,0.960407]],"s":1.06352,"t":[27.6577,-15.1835,-142.583],"timestamp":523886047458},false],[5,{"currentFrameRate":108.909,"devices":[],"gestures":[],"hands":[{"armBasis":[[0.923255,0.0246462,-0.383397],[0.140904,0.906678,0.397595],[0.357417,-0.421104,0.833622]],"armWidth":63.5437,"confidence":0.593564,"direction":[0.0831339,0.75508,-0.650341],"elbow":[163.28,117.682,276.802],"grabStrength":0,"id":699,"palmNormal":[-0.116241,-0.640798,-0.758858],"palmPosition":[63.4973,270.02,14.3194],"palmVelocity":[36.2774,167.063,-163.331],"palmWidth":90.7382,"pinchStrength":0.725086,"r":[[0.946391,-0.196042,0.256733],[0.171262,0.978398,0.115787],[-0.273886,-0.0656113,0.959522]],"s":1.06317,"sphereCenter":[48.5036,259.947,-28.2112],"sphereRadius":46.2338,"stabilizedPalmPosition":[58.8718,254.261,31.0412],"t":[27.972,-13.8693,-143.871],"timeVisible":167.908,"type":"right","wrist":[67.0449,231.065,52.3475]}],"id":4295897,"interactionBox":{"center":[0,200,0],"size":[235.247,235.247,147.751]},"pointables":[{"bases":[[[0.518458,0.664682,0.537958],[-0.776993,0.103504,0.620942],[0.357048,-0.739922,0.570116]],[[0.322439,0.912609,0.25135],[-0.825113,0.140835,0.547132],[0.463919,-0.383809,0.798417]],[[0.322439,0.912609,0.25135],[-0.946036,0.319771,0.0525694],[-0.0323991,-0.254737,0.966468]],[[0.322439,0.912609,0.25135],[-0.520253,0.392685,-0.758377],[-0.790803,0.113765,0.601405]]],"btipPosition":[33.8363,250.642,-39.2673],"carpPosition":[37.3719,225.53,47.3746],"dipPosition":[15.3799,253.297,-25.2312],"direction":[0.0323991,0.254737,-0.966468],"extended":false,"handId":699,"id":6990,"length":51.9721,"mcpPosition":[37.3719,225.53,47.3746],"pipPosition":[14.2782,244.636,7.62986],"stabilizedTipPosition":[21.2964,229.865,-8.37344],"timeVisible":167.908,"tipPosition":[30.3441,251.044,-35.2012],"tipVelocity":[51.7621,145.767,-200.044],"tool":false,"touchDistance":-0.569188,"touchZone":"hovering","type":0,"width":20.194},{"bases":[[[0.989643,-0.00993527,-0.143203],[0.102461,0.747581,0.65622],[0.100536,-0.664096,0.740857]],[[0.986108,0.0103707,-0.165784],[0.0812006,0.840575,0.535575],[0.144908,-0.541596,0.828055]],[[0.986108,0.0103707,-0.165784],[0.0451667,0.943704,0.327692],[0.15985,-0.330627,0.930126]],[[0.986108,0.0103707,-0.165784],[0.0159803,0.987497,0.156826],[0.165338,-0.157297,0.973612]]],"btipPosition":[28.2317,327.542,-73.8839],"carpPosition":[48.4861,244.967,54.9546],"dipPosition":[31.0488,324.862,-57.2951],"direction":[-0.15985,0.330627,-0.930126],"extended":true,"handId":699,"id":6991,"length":58.6448,"mcpPosition":[41.1101,293.689,0.600918],"pipPosition":[34.9017,316.893,-34.8759],"stabilizedTipPosition":[16.0983,295.419,-30.5315],"timeVisible":167.908,"tipPosition":[28.6561,327.885,-69.5043],"tipVelocity":[63.0631,138.259,-194.606],"tool":false,"touchDistance":-0.563464,"touchZone":"hovering","type":1,"width":19.2893},{"bases":[[[0.962063,-0.226864,-0.151551],[0.27048,0.720377,0.638668],[-0.0357164,-0.655431,0.75441]],[[0.962296,-0.222114,-0.157008],[0.0791774,0.780968,-0.619533],[0.260225,0.583742,0.769109]],[[0.962296,-0.222114,-0.157008],[-0.219885,-0.295447,-0.929711],[0.160114,0.929181,-0.333147]],[[0.962296,-0.222114,-0.157008],[-0.271041,-0.734493,-0.62214],[0.0228647,0.641238,-0.767001]]],"btipPosition":[45.6301,225.682,-11.742],"carpPosition":[60.6223,246.505,53.8939],"dipPosition":[46.0586,237.699,-26.1156],"direction":[-0.160114,-0.929181,0.333147],"extended":false,"handId":699,"id":6992,"length":66.821,"mcpPosition":[63.1072,292.107,1.40583],"pipPosition":[50.599,264.048,-35.5629],"stabilizedTipPosition":[37.2606,211.383,5.02356],"timeVisible":167.908,"tipPosition":[45.8053,228.484,-14.6456],"tipVelocity":[56.2467,155.996,-162.566],"tool":false,"touchDistance":0.333333,"touchZone":"none","type":2,"width":18.9446},{"bases":[[[0.923175,-0.374498,-0.0865932],[0.337247,0.681067,0.649932],[-0.184423,-0.629205,0.755043]],[[0.929154,-0.351868,-0.11341],[0.197958,0.732625,-0.651209],[0.312226,0.582623,0.750377]],[[0.929154,-0.351868,-0.11341],[-0.229324,-0.307958,-0.923349],[0.289971,0.883941,-0.366832]],[[0.929154,-0.351868,-0.11341],[-0.34434,-0.712061,-0.611882],[0.134547,0.607584,-0.782776]]],"btipPosition":[59.7141,222.528,-3.87742],"carpPosition":[72.6228,244.923,52.0026],"dipPosition":[62.221,233.848,-18.4623],"direction":[-0.289971,-0.883941,0.366832],"extended":false,"handId":699,"id":6993,"length":64.2502,"mcpPosition":[84.1431,284.227,4.83755],"pipPosition":[70.2315,258.268,-28.5962],"stabilizedTipPosition":[53.9854,210.962,8.63172],"timeVisible":167.908,"tipPosition":[60.3339,225.122,-6.5857],"tipVelocity":[54.7903,169.382,-195.415],"tool":false,"touchDistance":0.333333,"touchZone":"none","type":3,"width":18.027},{"bases":[[[0.827128,-0.552154,-0.104812],[0.459102,0.556246,0.692687],[-0.324169,-0.62106,0.713581]],[[0.76981,-0.638269,0.00232892],[0.51164,0.614894,-0.600108],[0.381598,0.463161,0.799916]],[[0.76981,-0.638269,0.00232892],[-0.191667,-0.234645,-0.952998],[0.608816,0.733181,-0.302967]],[[0.76981,-0.638269,0.00232892],[-0.475531,-0.57596,-0.664936],[0.425749,0.510767,-0.746897]]],"btipPosition":[69.3879,233.242,-3.26622],"carpPosition":[83.2915,236.741,47.4548],"dipPosition":[76.7061,242.022,-16.1047],"direction":[-0.608815,-0.733181,0.302967],"extended":false,"handId":699,"id":6994,"length":50.3709,"mcpPosition":[102.037,272.654,6.19213],"pipPosition":[88.5808,256.322,-22.014],"stabilizedTipPosition":[66.3606,223.443,6.0173],"timeVisible":167.908,"tipPosition":[71.0563,235.257,-5.72776],"tipVelocity":[52.5626,166.749,-165.118],"tool":false,"touchDistance":0.333333,"touchZone":"none","type":4,"width":16.013}],"r":[[0.946391,-0.196042,0.256733],[0.171262,0.978398,0.115787],[-0.273886,-0.0656113,0.959522]],"s":1.06317,"t":[27.972,-13.8693,-143.871],"timestamp":523886056676},false],[6,{"currentFrameRate":109.07,"devices":[],"gestures":[],"hands":[{"armBasis":[[0.925715,0.0205415,-0.377663],[0.142052,0.90654,0.397501],[0.350532,-0.42162,0.83628]],"armWidth":63.5437,"confidence":0.598083,"direction":[0.0852769,0.755385,-0.649709],"elbow":[161.609,118.695,276.456],"grabStrength":0,"id":699,"palmNormal":[-0.116446,-0.64006,-0.75945],"palmPosition":[63.7963,271.205,13.2798],"palmVelocity":[35.5715,157.918,-150.771],"palmWidth":90.7382,"pinchStrength":0.72553,"r":[[0.945796,-0.194423,0.260133],[0.169634,0.978798,0.114795],[-0.276936,-0.0644457,0.958725]],"s":1.06258,"sphereCenter":[48.9772,261.132,-29.3336],"sphereRadius":46.1942,"stabilizedPalmPosition":[59.4191,256.144,29.0673],"t":[28.2787,-12.6201,-145.034],"timeVisible":167.917,"type":"right","wrist":[67.2278,232.217,51.285]}],"id":4295898,"interactionBox":{"center":[0,200,0],"size":[235.247,235.247,147.751]},"pointables":[{"bases":[[[0.518977,0.663382,0.539061],[-0.777571,0.104453,0.620058],[0.355029,-0.740954,0.570036]],[[0.32271,0.912623,0.250951],[-0.827775,0.143565,0.542381],[0.458962,-0.382763,0.801777]],[[0.32271,0.912623,0.250951],[-0.946052,0.319152,0.0559286],[-0.0290497,-0.255461,0.966383]],[[0.32271,0.912623,0.250951],[-0.525962,0.393341,-0.754087],[-0.786907,0.111361,0.60694]]],"btipPosition":[34.0575,251.878,-40.6637],"carpPosition":[37.5512,226.738,46.2718],"dipPosition":[15.692,254.477,-26.4985],"direction":[0.0290497,0.255461,-0.966383],"extended":false,"handId":699,"id":6990,"length":51.9721,"mcpPosition":[37.5512,226.738,46.2718],"pipPosition":[14.7043,245.791,6.35974],"stabilizedTipPosition":[21.8104,231.226,-10.1215],"timeVisible":167.917,"tipPosition":[30.5595,252.304,-36.5237],"tipVelocity":[45.1136,143.602,-187.52],"tool":false,"touchDistance":-0.561103,"touchZone":"hovering","type":0,"width":20.194},{"bases":[[[0.9898,-0.0115957,-0.141993],[0.102982,0.746939,0.656869],[0.0984431,-0.664791,0.740514]],[[0.986336,0.00869016,-0.164517],[0.0820259,0.840128,0.53615],[0.142875,-0.542319,0.827935]],[[0.986336,0.00869016,-0.164517],[0.0464768,0.943369,0.328475],[0.158055,-0.331632,0.930075]],[[0.986336,0.00869016,-0.164517],[0.0176163,0.987319,0.157768],[0.163802,-0.15851,0.973675]]],"btipPosition":[28.7464,328.852,-74.929],"carpPosition":[48.6906,246.15,53.879],"dipPosition":[31.5373,326.151,-58.3392],"direction":[-0.158055,0.331632,-0.930075],"extended":true,"handId":699,"id":6991,"length":58.6448,"mcpPosition":[41.4682,294.923,-0.449543],"pipPosition":[35.347,318.157,-35.9212],"stabilizedTipPosition":[16.5314,296.488,-31.8539],"timeVisible":167.917,"tipPosition":[29.1663,329.18,-70.5535],"tipVelocity":[61.4919,140.616,-173.721],"tool":false,"touchDistance":-0.551125,"touchZone":"hovering","type":1,"width":19.2893},{"bases":[[[0.961844,-0.228469,-0.150527],[0.270974,0.719449,0.639505],[-0.0378105,-0.655893,0.753906]],[[0.962084,-0.2239,-0.155768],[0.0824222,0.783046,-0.616478],[0.260003,0.580265,0.771811]],[[0.962084,-0.2239,-0.155768],[-0.218513,-0.290914,-0.931462],[0.16324,0.930182,-0.328808]],[[0.962084,-0.2239,-0.155768],[-0.271508,-0.73162,-0.625313],[0.0260451,0.643895,-0.76467]]],"btipPosition":[45.8467,226.965,-13.0631],"carpPosition":[60.8308,247.667,52.8343],"dipPosition":[46.3348,239.031,-27.3931],"direction":[-0.16324,-0.930182,0.328808],"extended":false,"handId":699,"id":6992,"length":66.821,"mcpPosition":[63.4615,293.301,0.381316],"pipPosition":[50.9639,265.409,-36.7173],"stabilizedTipPosition":[38.1266,213.211,2.89479],"timeVisible":167.917,"tipPosition":[46.0425,229.756,-15.9009],"tipVelocity":[48.019,153.222,-158.515],"tool":false,"touchDistance":0.333333,"touchZone":"none","type":2,"width":18.9446},{"bases":[[[0.922614,-0.376079,-0.08572],[0.337657,0.680012,0.650823],[-0.18647,-0.629403,0.754375]],[[0.928856,-0.352642,-0.113447],[0.200803,0.73666,-0.645764],[0.311295,0.577041,0.755062]],[[0.928856,-0.352642,-0.113447],[-0.227245,-0.300567,-0.926293],[0.292551,0.886173,-0.359319]],[[0.928856,-0.352642,-0.113447],[-0.344061,-0.707759,-0.617008],[0.13729,0.612145,-0.778736]]],"btipPosition":[59.9691,223.784,-5.37317],"carpPosition":[72.8308,246.064,50.9566],"dipPosition":[62.5271,235.19,-19.8828],"direction":[-0.292551,-0.886173,0.359319],"extended":false,"handId":699,"id":6993,"length":64.2502,"mcpPosition":[84.479,285.381,3.83338],"pipPosition":[70.609,259.671,-29.8091],"stabilizedTipPosition":[54.6987,212.639,6.74946],"timeVisible":167.917,"tipPosition":[60.5882,226.378,-7.98706],"tipVelocity":[48.0727,162.404,-187.563],"tool":false,"touchDistance":0.333333,"touchZone":"none","type":3,"width":18.027},{"bases":[[[0.826273,-0.553552,-0.104182],[0.459237,0.554944,0.693641],[-0.326151,-0.620981,0.712747]],[[0.767741,-0.640746,0.00432991],[0.518121,0.616807,-0.592536],[0.376995,0.457158,0.805532]],[[0.767741,-0.640746,0.00432991],[-0.185003,-0.228129,-0.955893],[0.613472,0.733077,-0.293684]],[[0.767741,-0.640746,0.00432991],[-0.473245,-0.571571,-0.670333],[0.431988,0.512592,-0.742048]]],"btipPosition":[69.6658,234.546,-4.71894],"carpPosition":[83.4906,237.867,46.4162],"dipPosition":[77.0912,243.357,-17.4741],"direction":[-0.613472,-0.733077,0.293684],"extended":false,"handId":699,"id":6994,"length":50.3709,"mcpPosition":[102.35,273.775,5.20186],"pipPosition":[89.0568,257.655,-23.2023],"stabilizedTipPosition":[67.0118,225.148,4.24162],"timeVisible":167.917,"tipPosition":[71.3507,236.526,-7.06644],"tipVelocity":[47.5436,161.561,-164.119],"tool":false,"touchDistance":0.333333,"touchZone":"none","type":4,"width":16.013}],"r":[[0.945796,-0.194423,0.260133],[0.169634,0.978798,0.114795],[-0.276936,-0.0644457,0.958725]],"s":1.06258,"t":[28.2787,-12.6201,-145.034],"timestamp":523886065556},false],[7,{"currentFrameRate":108.959,"devices":[],"gestures":[],"hands":[{"armBasis":[[0.920312,0.0233026,-0.390491],[0.14