{"sensorType":"Leap","data":[[0,{"currentFrameRate":110.471,"devices":[],"gestures":[],"hands":[{"armBasis":[[0.943569,0.0337505,-0.329451],[0.149804,0.843705,0.515481],[0.295357,-0.535745,0.791038]],"armWidth":63.5437,"confidence":0.591246,"direction":[-0.0128599,0.732472,-0.680676],"elbow":[147.309,93.8006,274.548],"grabStrength":0,"id":699,"palmNormal":[-0.158903,-0.673578,-0.721833],"palmPosition":[58.9016,275.345,22.7453],"palmVelocity":[155.935,188.056,-273.24],"palmWidth":90.7382,"pinchStrength":0.780632,"r":[[0.974649,-0.145892,0.169629],[0.137125,0.988589,0.0623609],[-0.176791,-0.0375196,0.983533]],"s":1.04184,"sphereCenter":[57.4761,257.819,-23.2213],"sphereRadius":48.1065,"stabilizedPalmPosition":[27.4069,256.514,81.3263],"t":[22.4318,-8.97041,-134.203],"timeVisible":138.479,"type":"right","wrist":[67.7831,238.051,61.5592]}],"id":4292735,"interactionBox":{"center":[0,200,0],"size":[235.247,235.247,147.751]},"pointables":[{"bases":[[[0.536869,0.705607,0.462483],[-0.718418,0.0949528,0.6891],[0.44232,-0.702213,0.557898]],[[0.367273,0.893082,0.259839],[-0.763443,0.129884,0.63268],[0.531286,-0.430738,0.72952]],[[0.367273,0.893082,0.259839],[-0.928528,0.335743,0.158472],[0.0542898,-0.29947,0.95256]],[[0.367273,0.893082,0.259839],[-0.548157,0.433524,-0.715249],[-0.751422,0.120259,0.648771]]],"btipPosition":[27.2942,259.926,-24.1819],"carpPosition":[38.05,231.108,59.6629],"dipPosition":[9.75694,262.733,-9.04039],"direction":[-0.0542898,0.29947,-0.95256],"extended":false,"handId":699,"id":6990,"length":51.9721,"mcpPosition":[38.05,231.108,59.6629],"pipPosition":[11.6029,252.55,23.3478],"stabilizedTipPosition":[-24.1035,238.602,64.1943],"timeVisible":138.479,"tipPosition":[23.7395,260.641,-20.6206],"tipVelocity":[186.306,156.638,-299.463],"tool":false,"touchDistance":-0.688384,"touchZone":"hovering","type":0,"width":20.194},{"bases":[[[0.971036,0.0255082,-0.237566],[0.130677,0.775701,0.617423],[0.20003,-0.630584,0.749901]],[[0.991367,-0.0954972,-0.0898431],[0.128847,0.836482,0.532631],[0.0242874,-0.539609,0.841565]],[[0.991367,-0.0954972,-0.0898431],[0.122053,0.922478,0.366248],[0.0479026,-0.374052,0.92617]],[[0.991367,-0.0954972,-0.0898431],[0.113836,0.966897,0.228366],[0.0650608,-0.236621,0.969421]]],"btipPosition":[30.9723,333.693,-64.4452],"carpPosition":[48.9514,251.263,65.4689],"dipPosition":[32.0809,329.661,-47.9279],"direction":[-0.0479026,0.374052,-0.92617],"extended":true,"handId":699,"id":6991,"length":58.6448,"mcpPosition":[34.2761,297.527,10.4517],"pipPosition":[33.2355,320.646,-25.6039],"stabilizedTipPosition":[-2.65938,316.265,-7.50646],"timeVisible":138.479,"tipPosition":[31.511,331.98,-60.9667],"tipVelocity":[190.584,153.897,-316.73],"tool":false,"touchDistance":-0.737177,"touchZone":"hovering","type":1,"width":19.2893},{"bases":[[[0.952533,-0.192535,-0.235819],[0.297321,0.754814,0.584685],[0.0654269,-0.627046,0.77623]],[[0.954424,-0.218294,-0.203526],[0.0559208,0.800654,-0.596511],[0.293169,0.557943,0.776371]],[[0.954424,-0.218294,-0.203526],[-0.247088,-0.195448,-0.949077],[0.167399,0.956111,-0.240478]],[[0.954424,-0.218294,-0.203526],[-0.297982,-0.658614,-0.690967],[0.0167885,0.720122,-0.693644]]],"btipPosition":[37.1456,229.46,-8.31491],"carpPosition":[60.851,253.26,63.1908],"dipPosition":[37.4602,242.955,-21.3138],"direction":[-0.167399,-0.956111,0.240478],"extended":false,"handId":699,"id":6992,"length":66.821,"mcpPosition":[56.299,296.887,9.18463],"pipPosition":[42.2072,270.068,-28.1332],"stabilizedTipPosition":[-6.52608,212.756,61.0514],"timeVisible":138.479,"tipPosition":[37.3563,232.228,-10.248],"tipVelocity":[194.541,167.496,-281.539],"tool":false,"touchDistance":0.333333,"touchZone":"none","type":2,"width":18.9446},{"bases":[[[0.926638,-0.339061,-0.16242],[0.366549,0.718756,0.590789],[-0.083573,-0.606982,0.790309]],[[0.929207,-0.314928,-0.193375],[0.133568,0.774081,-0.618837],[0.344577,0.549199,0.761346]],[[0.929207,-0.314928,-0.193375],[-0.261758,-0.191488,-0.945947],[0.260876,0.929598,-0.260367]],[[0.929207,-0.314928,-0.193375],[-0.357197,-0.631157,-0.688514],[0.0947824,0.708845,-0.698967]]],"btipPosition":[53.5715,226.662,-2.86849],"carpPosition":[72.6768,252.104,60.2058],"dipPosition":[55.3376,239.87,-15.8918],"direction":[-0.260876,-0.929598,0.260367],"extended":false,"handId":699,"id":6993,"length":64.2502,"mcpPosition":[77.8973,290.02,10.8379],"pipPosition":[62.5443,265.55,-23.0846],"stabilizedTipPosition":[25.5495,214.09,38.88],"timeVisible":138.479,"tipPosition":[54.0359,229.158,-4.93044],"tipVelocity":[191.854,184.503,-280.87],"tool":false,"touchDistance":0.333333,"touchZone":"none","type":3,"width":18.027},{"bases":[[[0.837349,-0.521101,-0.165227],[0.49738,0.600802,0.62582],[-0.226847,-0.606211,0.762266]],[[0.839424,-0.515436,-0.172314],[0.330983,0.736321,-0.590154],[0.431065,0.438357,0.788686]],[[0.839424,-0.515436,-0.172314],[-0.26348,-0.108654,-0.958526],[0.475337,0.850012,-0.227014]],[[0.839424,-0.515436,-0.172314],[-0.466813,-0.521455,-0.714262],[0.278303,0.680007,-0.678335]]],"btipPosition":[67.0839,235.532,-0.868497],"carpPosition":[83.2215,244.203,54.9317],"dipPosition":[71.8677,247.221,-12.5285],"direction":[-0.475337,-0.850012,0.227014],"extended":false,"handId":699,"id":6994,"length":50.3709,"mcpPosition":[96.3389,279.257,10.8539],"pipPosition":[81.1389,263.8,-16.9563],"stabilizedTipPosition":[44.0734,222.838,31.1043],"timeVisible":138.479,"tipPosition":[68.3962,237.77,-2.72917],"tipVelocity":[186.321,186.018,-262.799],"tool":false,"touchDistance":0.333333,"touchZone":"none","type":4,"width":16.013}],"r":[[0.974649,-0.145892,0.169629],[0.137125,0.988589,0.0623609],[-0.176791,-0.0375196,0.983533]],"s":1.04184,"t":[22.4318,-8.97041,-134.203],"timestamp":523856627236},false],[1,{"currentFrameRate":110.504,"devices":[],"gestures":[],"hands":[{"armBasis":[[0.942588,0.0289698,-0.332698],[0.153979,0.846317,0.50994],[0.296341,-0.531892,0.793267]],"armWidth":63.5437,"confidence":0.592076,"direction":[-0.00817687,0.728038,-0.685488],"elbow":[148.607,96.357,273.466],"grabStrength":0,"id":699,"palmNormal":[-0.161953,-0.677424,-0.717543],"palmPosition":[60.1778,276.657,20.8101],"palmVelocity":[152.092,176.475,-257.32],"palmWidth":90.7382,"pinchStrength":0.783748,"r":[[0.973856,-0.143347,0.176226],[0.134966,0.989109,0.0587248],[-0.182725,-0.033405,0.982596]],"s":1.04157,"sphereCenter":[58.6839,258.869,-25.0171],"sphereRadius":48.0832,"stabilizedPalmPosition":[30.3986,258.353,75.8017],"t":[23.6993,-7.4447,-136.435],"timeVisible":138.488,"type":"right","wrist":[68.8169,239.57,59.8768]}],"id":4292736,"interactionBox":{"center":[0,200,0],"size":[235.247,235.247,147.751]},"pointables":[{"bases":[[[0.540331,0.705659,0.458354],[-0.718523,0.10345,0.687766],[0.437912,-0.700959,0.562929]],[[0.371455,0.893108,0.253731],[-0.76481,0.139398,0.628995],[0.52639,-0.427699,0.734838]],[[0.371455,0.893108,0.253731],[-0.927069,0.341881,0.153819],[0.0506311,-0.292363,0.954966]],[[0.371455,0.893108,0.253731],[-0.544307,0.430872,-0.719777],[-0.752164,0.129258,0.646175]]],"btipPosition":[28.6773,260.994,-26.1333],"carpPosition":[39.0476,232.779,57.9975],"dipPosition":[11.1227,264.011,-11.0524],"direction":[-0.0506311,0.292363,-0.954966],"extended":false,"handId":699,"id":6990,"length":51.9721,"mcpPosition":[39.0476,232.779,57.9975],"pipPosition":[12.8442,254.07,21.4177],"stabilizedTipPosition":[-20.8124,240.161,58.3296],"timeVisible":138.488,"tipPosition":[25.0363,261.792,-22.5542],"tipVelocity":[177.268,147.727,-277.266],"tool":false,"touchDistance":-0.677359,"touchZone":"hovering","type":0,"width":20.194},{"bases":[[[0.971383,0.018582,-0.23679],[0.134389,0.779013,0.612437],[0.195842,-0.626733,0.754223]],[[0.990898,-0.100755,-0.0892764],[0.132855,0.838898,0.527826],[0.0217127,-0.534882,0.844647]],[[0.990898,-0.100755,-0.0892764],[0.126542,0.923393,0.362397],[0.0459239,-0.370396,0.927738]],[[0.990898,-0.100755,-0.0892764],[0.118638,0.967002,0.225462],[0.063614,-0.234001,0.970153]]],"btipPosition":[32.5657,334.724,-66.7321],"carpPosition":[50.0549,252.912,63.6814],"dipPosition":[33.6496,330.737,-50.2023],"direction":[-0.0459239,0.370396,-0.927738],"extended":true,"handId":699,"id":6991,"length":58.6448,"mcpPosition":[35.6867,298.893,8.3471],"pipPosition":[34.7565,321.809,-27.8406],"stabilizedTipPosition":[-0.00827212,317.576,-11.6485],"timeVisible":138.488,"tipPosition":[33.1091,333.016,-63.2455],"tipVelocity":[186.737,143.427,-299.521],"tool":false,"touchDistance":-0.726053,"touchZone":"hovering","type":1,"width":19.2893},{"bases":[[[0.951673,-0.199339,-0.233627],[0.300945,0.756991,0.579998],[0.0612371,-0.622277,0.780398]],[[0.95339,-0.224862,-0.201207],[0.0608793,0.796456,-0.601624],[0.295535,0.561333,0.773023]],[[0.95339,-0.224862,-0.201207],[-0.247304,-0.20025,-0.948019],[0.172882,0.953592,-0.246526]],[[0.95339,-0.224862,-0.201207],[-0.300983,-0.661471,-0.686925],[0.0213706,0.715467,-0.698319]]],"btipPosition":[38.1984,230.692,-9.97394],"carpPosition":[61.9675,254.828,61.4017],"dipPosition":[38.5989,244.1,-23.0604],"direction":[-0.172882,-0.953592,0.246526],"extended":false,"handId":699,"id":6992,"length":66.821,"mcpPosition":[57.7069,298.123,7.10556],"pipPosition":[43.5015,271.141,-30.0513],"stabilizedTipPosition":[-2.80146,214.503,54.8985],"timeVisible":138.488,"tipPosition":[38.4243,233.448,-11.9343],"tipVelocity":[173.893,158.505,-255.529],"tool":false,"touchDistance":0.333333,"touchZone":"none","type":2,"width":18.9446},{"bases":[[[0.9249,-0.345234,-0.159292],[0.369967,0.720592,0.586406],[-0.0876627,-0.6013,0.7942]],[[0.927627,-0.321379,-0.190327],[0.138656,0.76945,-0.623475],[0.346819,0.551962,0.758324]],[[0.927627,-0.321379,-0.190327],[-0.261815,-0.196059,-0.944994],[0.266386,0.926432,-0.266012]],[[0.927627,-0.321379,-0.190327],[-0.360032,-0.633718,-0.684674],[0.0994263,0.703645,-0.703561]]],"btipPosition":[54.601,227.851,-4.50542],"carpPosition":[73.7894,253.587,58.4358],"dipPosition":[56.4536,240.962,-17.6144],"direction":[-0.266386,-0.926432,0.266012],"extended":false,"handId":699,"id":6993,"length":64.2502,"mcpPosition":[79.2654,291.148,8.82481],"pipPosition":[63.8126,266.555,-24.963],"stabilizedTipPosition":[28.9236,216.01,33.5689],"timeVisible":138.488,"tipPosition":[55.0808,230.336,-6.59644],"tipVelocity":[171.235,169.478,-254.355],"tool":false,"touchDistance":0.333333,"touchZone":"none","type":3,"width":18.027},{"bases":[[[0.834609,-0.526793,-0.160989],[0.500111,0.60215,0.622338],[-0.230904,-0.599921,0.766014]],[[0.836509,-0.521763,-0.167382],[0.336796,0.730534,-0.594044],[0.432229,0.44055,0.786826]],[[0.836509,-0.521763,-0.167382],[-0.262293,-0.11308,-0.95834],[0.481099,0.845563,-0.231447]],[[0.836509,-0.521763,-0.167382],[-0.468786,-0.523283,-0.711628],[0.283713,0.673749,-0.682326]]],"btipPosition":[68.1458,236.675,-2.57232],"carpPosition":[84.2952,245.593,53.2239],"dipPosition":[73.0226,248.256,-14.3009],"direction":[-0.481099,-0.845563,0.231447],"extended":false,"handId":699,"id":6994,"length":50.3709,"mcpPosition":[97.6472,280.283,8.92933],"pipPosition":[82.4063,264.749,-18.8152],"stabilizedTipPosition":[47.2492,224.918,26.5192],"timeVisible":138.488,"tipPosition":[69.4747,238.895,-4.45669],"tipVelocity":[168.254,169.111,-243.164],"tool":false,"touchDistance":0.333333,"touchZone":"none","type":4,"width":16.013}],"r":[[0.973856,-0.143347,0.176226],[0.134966,0.989109,0.0587248],[-0.182725,-0.033405,0.982596]],"s":1.04157,"t":[23.6993,-7.4447,-136.435],"timestamp":523856636228},false],[2,{"currentFrameRate":110.453,"devices":[],"gestures":[],"hands":[{"armBasis":[[0.939467,0.0371545,-0.340618],[0.146836,0.854536,0.498204],[0.309581,-0.518061,0.797353]],"armWidth":63.5437,"confidence":0.593865,"direction":[-0.0087939,0.721226,-0.692645],"elbow":[153.234,101.209,273.513],"grabStrength":0,"id":699,"palmNormal":[-0.154962,-0.685286,-0.711596],"palmPosition":[61.2274,277.353,19.354],"palmVelocity":[141.715,148.55,-230.032],"palmWidth":90.7382,"pinchStrength":0.786634,"r":[[0.973168,-0.1399,0.182683],[0.132151,0.989758,0.053984],[-0.188364,-0.0283938,0.981689]],"s":1.04104,"sphereCenter":[60.0104,259.145,-26.2968],"sphereRadius":48.0528,"stabilizedPalmPosition":[33.2663,260.12,70.5509],"t":[24.8579,-6.33385,-138.279],"timeVisible":138.497,"type":"right","wrist":[69.8781,240.698,58.8235]}],"id":4292737,"interactionBox":{"center":[0,200,0],"size":[235.247,235.247,147.751]},"pointables":[{"bases":[[[0.534407,0.713,0.453916],[-0.722308,0.106346,0.683346],[0.438954,-0.693052,0.571838]],[[0.36517,0.897775,0.246274],[-0.769382,0.142108,0.622781],[0.52412,-0.4169,0.742626]],[[0.36517,0.897775,0.246274],[-0.929734,0.33824,0.145561],[0.0473817,-0.282124,0.958207]],[[0.36517,0.897775,0.246274],[-0.543298,0.420341,-0.726733],[-0.755962,0.131581,0.641255]]],"btipPosition":[30.0963,261.004,-27.6421],"carpPosition":[40.1545,233.73,56.8718],"dipPosition":[12.4531,264.075,-12.6759],"direction":[-0.0473817,0.282124,-0.958207],"extended":false,"handId":699,"id":6990,"length":51.9721,"mcpPosition":[40.1545,233.73,56.8718],"pipPosition":[14.0641,254.483,19.9043],"stabilizedTipPosition":[-17.5912,241.643,52.6553],"timeVisible":138.497,"tipPosition":[26.3912,261.836,-24.0695],"tipVelocity":[170.508,107.318,-246.834],"tool":false,"touchDistance":-0.660984,"touchZone":"hovering","type":0,"width":20.194},{"bases":[[[0.97238,0.021454,-0.232413],[0.127357,0.78569,0.605369],[0.195592,-0.618248,0.761257]],[[0.99182,-0.0956322,-0.0845403],[0.125804,0.844387,0.520753],[0.021584,-0.527129,0.849511]],[[0.99182,-0.0956322,-0.0845403],[0.119714,0.926724,0.356163],[0.0442848,-0.36337,0.930592]],[[0.99182,-0.0956322,-0.0845403],[0.112197,0.968991,0.220157],[0.0608646,-0.227841,0.971794]]],"btipPosition":[33.6488,334.558,-68.8258],"carpPosition":[51.0279,253.976,62.4089],"dipPosition":[34.6859,330.676,-52.2681],"direction":[-0.0442848,0.36337,-0.930592],"extended":true,"handId":699,"id":6991,"length":58.6448,"mcpPosition":[36.678,299.334,6.55848],"pipPosition":[35.7533,321.918,-29.8375],"stabilizedTipPosition":[2.39615,318.718,-15.4343],"timeVisible":138.497,"tipPosition":[34.1958,332.87,-65.3245],"tipVelocity":[167.412,99.225,-279.701],"tool":false,"touchDistance":-0.71309,"touchZone":"hovering","type":1,"width":19.2893},{"bases":[[[0.953812,-0.196528,-0.2272],[0.294179,0.764242,0.573928],[0.0608429,-0.614256,0.786757]],[[0.955506,-0.221612,-0.194668],[0.0597551,0.791701,-0.607979],[0.288854,0.569296,0.769718]],[[0.955506,-0.221612,-0.194668],[-0.241617,-0.209466,-0.947494],[0.1692,0.952372,-0.253692]],[[0.955506,-0.221612,-0.194668],[-0.294222,-0.669073,-0.682477],[0.020998,0.709386,-0.704507]]],"btipPosition":[39.6317,231.005,-11.1738],"carpPosition":[62.9408,255.933,60.1662],"dipPosition":[40.0252,244.298,-24.3763],"direction":[-0.1692,-0.952372,0.253692],"extended":false,"handId":699,"id":6992,"length":66.821,"mcpPosition":[58.7076,298.67,5.42762],"pipPosition":[44.8233,271.306,-31.5704],"stabilizedTipPosition":[0.914178,216.212,48.8599],"timeVisible":138.497,"tipPosition":[39.8491,233.746,-13.1685],"tipVelocity":[169.076,123.121,-221.754],"tool":false,"touchDistance":0.333333,"touchZone":"none","type":2,"width":18.9446},{"bases":[[[0.927461,-0.341828,-0.15156],[0.363363,0.728277,0.581016],[-0.0882296,-0.593941,0.799656]],[[0.930184,-0.318538,-0.182457],[0.139888,0.767111,-0.626077],[0.339394,0.556843,0.758114]],[[0.930184,-0.318538,-0.182457],[-0.254752,-0.202275,-0.945614],[0.264307,0.926077,-0.269301]],[[0.930184,-0.318538,-0.182457],[-0.353112,-0.64055,-0.681915],[0.100343,0.698734,-0.708309]]],"btipPosition":[56.0012,228.415,-5.8253],"carpPosition":[74.783,254.726,57.2681],"dipPosition":[57.8708,241.434,-19.0227],"direction":[-0.264307,-0.926077,0.269301],"extended":false,"handId":699,"id":6993,"length":64.2502,"mcpPosition":[80.2944,291.827,7.31623],"pipPosition":[65.1724,267.017,-26.4623],"stabilizedTipPosition":[32.1404,217.811,28.6072],"timeVisible":138.497,"tipPosition":[56.4894,230.879,-7.89202],"tipVelocity":[166.319,138.825,-224.366],"tool":false,"touchDistance":0.333333,"touchZone":"none","type":3,"width":18.027},{"bases":[[[0.838143,-0.523875,-0.151894],[0.493961,0.610891,0.61872],[-0.231341,-0.593605,0.770788]],[[0.839691,-0.519841,-0.157112],[0.338094,0.72681,-0.597863],[0.424984,0.448901,0.786051]],[[0.839691,-0.519841,-0.157112],[-0.25519,-0.122328,-0.959121],[0.479372,0.845459,-0.235376]],[[0.839691,-0.519841,-0.157112],[-0.462015,-0.531773,-0.709761],[0.285415,0.668568,-0.686699]]],"btipPosition":[69.4913,237.251,-3.70895],"carpPosition":[85.3556,246.738,52.1842],"dipPosition":[74.3974,248.743,-15.5127],"direction":[-0.479372,-0.845459,0.235376],"extended":false,"handId":699,"id":6994,"length":50.3709,"mcpPosition":[98.7329,281.063,7.61359],"pipPosition":[83.7474,265.234,-20.1036],"stabilizedTipPosition":[50.2774,226.859,22.2507],"timeVisible":138.497,"tipPosition":[70.8233,239.458,-5.60569],"tipVelocity":[162.591,138.967,-210.619],"tool":false,"touchDistance":0.333333,"touchZone":"none","type":4,"width":16.013}],"r":[[0.973168,-0.1399,0.182683],[0.132151,0.989758,0.053984],[-0.188364,-0.0283938,0.981689]],"s":1.04104,"t":[24.8579,-6.33385,-138.279],"timestamp":523856645371},false],[3,{"currentFrameRate":110.504,"devices":[],"gestures":[],"hands":[{"armBasis":[[0.940469,0.0537716,-0.335599],[0.126483,0.861116,0.492424],[0.315468,-0.505558,0.803052]],"armWidth":63.5437,"confidence":0.596699,"direction":[-0.00504018,0.728189,-0.685358],"elbow":[155.758,106.468,273.193],"grabStrength":0,"id":699,"palmNormal":[-0.133639,-0.679709,-0.721204],"palmPosition":[62.437,279.544,17.7207],"palmVelocity":[139.878,174.832,-216.97],"palmWidth":90.7382,"pinchStrength":0.786034,"r":[[0.972222,-0.135147,0.191099],[0.127331,0.990461,0.0526604],[-0.196393,-0.0268648,0.980157]],"s":1.04061,"sphereCenter":[62.2491,261.785,-28.1518],"sphereRadius":48.0571,"stabilizedPalmPosition":[36.0775,261.992,65.4596],"t":[26.042,-4.68247,-140.018],"timeVisible":138.506,"type":"right","wrist":[70.8175,242.591,56.9688]}],"id":4292738,"interactionBox":{"center":[0,200,0],"size":[235.247,235.247,147.751]},"pointables":[{"bases":[[[0.51733,0.714651,0.470791],[-0.735832,0.0905754,0.671079],[0.436945,-0.693592,0.57272]],[[0.349313,0.899753,0.26158],[-0.782311,0.126398,0.609928],[0.515722,-0.417693,0.74804]],[[0.349313,0.899753,0.26158],[-0.936281,0.324185,0.135212],[0.0368569,-0.292144,0.955664]],[[0.349313,0.899753,0.26158],[-0.54104,0.421605,-0.727684],[-0.76502,0.112665,0.634075]]],"btipPosition":[32.1508,263.382,-30.1252],"carpPosition":[41.2216,235.286,54.4041],"dipPosition":[14.2961,266.012,-15.3266],"direction":[-0.0368569,0.292144,-0.955664],"extended":false,"handId":699,"id":6990,"length":51.9721,"mcpPosition":[41.2216,235.286,54.4041],"pipPosition":[15.5493,256.078,17.1671],"stabilizedTipPosition":[-14.3563,243.226,47.0287],"timeVisible":138.506,"tipPosition":[28.4403,264.085,-26.5537],"tipVelocity":[185.103,147.449,-256.3],"tool":false,"touchDistance":-0.661044,"touchZone":"hovering","type":0,"width":20.194},{"bases":[[[0.976102,0.0355574,-0.214383],[0.10674,0.780866,0.615511],[0.189291,-0.623685,0.75841]],[[0.994283,-0.0820956,-0.0682759],[0.105875,0.840933,0.530682],[0.0138488,-0.534876,0.844817]],[[0.994283,-0.0820956,-0.0682759],[0.101565,0.924478,0.367458],[0.0329529,-0.372291,0.927531]],[[0.994283,-0.0820956,-0.0682759],[0.0958721,0.967895,0.232353],[0.0470088,-0.23757,0.970232]]],"btipPosition":[35.6684,337.297,-70.3808],"carpPosition":[51.7445,255.603,60.3435],"dipPosition":[36.4694,333.249,-53.8497],"direction":[-0.0329529,0.372291,-0.927531],"extended":true,"handId":699,"id":6991,"length":58.6448,"mcpPosition":[37.857,301.36,4.70195],"pipPosition":[37.2637,324.276,-31.493],"stabilizedTipPosition":[4.8616,320.018,-19.2031],"timeVisible":138.506,"tipPosition":[36.1979,335.622,-66.8676],"tipVelocity":[181.617,154.528,-250.851],"tool":false,"touchDistance":-0.693532,"touchZone":"hovering","type":1,"width":19.2893},{"bases":[[[0.960108,-0.182675,-0.211716],[0.274355,0.761754,0.586907],[0.0540619,-0.62158,0.781483]],[[0.961514,-0.207905,-0.179627],[0.0616923,0.800444,-0.596224],[0.267739,0.562196,0.782465]],[[0.961514,-0.207905,-0.179627],[-0.221526,-0.199874,-0.954451],[0.162532,0.95751,-0.238238]],[[0.961514,-0.207905,-0.179627],[-0.273589,-0.664312,-0.695585],[0.0252868,0.717959,-0.695626]]],"btipPosition":[41.9576,233.342,-13.8518],"carpPosition":[63.6713,257.726,58.3387],"dipPosition":[42.4315,246.797,-26.8878],"direction":[-0.162532,-0.95751,0.238238],"extended":false,"handId":699,"id":6992,"length":66.821,"mcpPosition":[59.91,300.973,3.96703],"pipPosition":[47.0405,273.95,-33.6437],"stabilizedTipPosition":[4.68818,218.067,42.8338],"timeVisible":138.506,"tipPosition":[42.1746,236.101,-15.807],"tipVelocity":[194.401,161.94,-241.682],"tool":false,"touchDistance":0.333333,"touchZone":"none","type":2,"width":18.9446},{"bases":[[[0.934166,-0.329055,-0.138043],[0.343833,0.726553,0.594894],[-0.0954573,-0.603194,0.791862]],[[0.937162,-0.305456,-0.168597],[0.141865,0.775096,-0.615711],[0.318752,0.553103,0.769724]],[[0.937162,-0.305456,-0.168597],[-0.235083,-0.195761,-0.952058],[0.257807,0.931866,-0.255267]],[[0.937162,-0.305456,-0.168597],[-0.332847,-0.637866,-0.694507],[0.104598,0.706982,-0.699454]]],"btipPosition":[58.2678,230.812,-8.03119],"carpPosition":[75.5781,256.692,55.6453],"dipPosition":[60.2167,243.984,-21.0636],"direction":[-0.257807,-0.931866,0.255267],"extended":false,"handId":699,"id":6993,"length":64.2502,"mcpPosition":[81.541,294.371,6.18034],"pipPosition":[67.3387,269.727,-28.1154],"stabilizedTipPosition":[35.3687,219.758,23.7924],"timeVisible":138.506,"tipPosition":[58.7623,233.308,-10.0802],"tipVelocity":[190.578,175.111,-229.178],"tool":false,"touchDistance":0.333333,"touchZone":"none","type":3,"width":18.027},{"bases":[[[0.847101,-0.512151,-0.14185],[0.475151,0.610364,0.633788],[-0.238015,-0.604282,0.760389]],[[0.847737,-0.510525,-0.143892],[0.34551,0.737336,-0.580481],[0.402447,0.442379,0.801459]],[[0.847737,-0.510525,-0.143892],[-0.231546,-0.112123,-0.966341],[0.477208,0.852521,-0.213261]],[[0.847737,-0.510525,-0.143892],[-0.440976,-0.527608,-0.726065],[0.294756,0.678965,-0.672402]]],"btipPosition":[71.536,239.929,-5.83739],"carpPosition":[86.338,248.884,50.6748],"dipPosition":[76.6025,251.6,-17.3954],"direction":[-0.477208,-0.852521,0.213261],"extended":false,"handId":699,"id":6994,"length":50.3709,"mcpPosition":[100.101,283.827,6.70555],"pipPosition":[85.9103,268.228,-21.555],"stabilizedTipPosition":[53.3118,228.991,18.0902],"timeVisible":138.506,"tipPosition":[72.9043,242.153,-7.65251],"tipVelocity":[181.664,183.958,-216.26],"tool":false,"touchDistance":0.333333,"touchZone":"none","type":4,"width":16.013}],"r":[[0.972222,-0.135147,0.191099],[0.127331,0.990461,0.0526604],[-0.196393,-0.0268648,0.980157]],"s":1.04061,"t":[26.042,-4.68247,-140.018],"timestamp":523856654331},false],[4,{"currentFrameRate":110.281,"devices":[],"gestures":[],"hands":[{"armBasis":[[0.938426,0.067986,-0.338724],[0.112422,0.86699,0.485478],[0.326676,-0.493666,0.805964]],"armWidth":63.5437,"confidence":0.598218,"direction":[-0.00518172,0.726541,-0.687104],"elbow":[159.842,110.712,272.955],"grabStrength":0,"id":699,"palmNormal":[-0.119291,-0.682656,-0.720938],"palmPosition":[63.5438,280.411,16.5258],"palmVelocity":[133.318,151,-190.996],"palmWidth":90.7382,"pinchStrength":0.788577,"r":[[0.971248,-0.12929,0.199903],[0.121385,0.991276,0.0513615],[-0.2048,-0.0256194,0.978469]],"s":1.04014,"sphereCenter":[64.0222,262.53,-29.334],"sphereRadius":48.0617,"stabilizedPalmPosition":[39.0324,263.974,60.1953],"t":[27.1874,-3.4233,-141.485],"timeVisible":138.515,"type":"right","wrist":[71.8841,243.633,55.9468]}],"id":4292739,"interactionBox":{"center":[0,200,0],"size":[235.247,235.247,147.751]},"pointables":[{"bases":[[[0.505204,0.720878,0.474451],[-0.743666,0.0847086,0.663164],[0.43787,-0.687866,0.578887]],[[0.336975,0.904215,0.262381],[-0.790611,0.120428,0.600359],[0.511256,-0.409748,0.755463]],[[0.336975,0.904215,0.262381],[-0.940944,0.313738,0.12725],[0.0327425,-0.289766,0.956537]],[[0.336975,0.904215,0.262381],[-0.544329,0.414487,-0.729319],[-0.768215,0.10294,0.631862]]],"btipPosition":[33.7571,263.872,-31.7854],"carpPosition":[42.3912,236.026,53.0915],"dipPosition":[15.8279,266.275,-17.0385],"direction":[-0.0327425,0.289766,-0.956537],"extended":false,"handId":699,"id":6990,"length":51.9721,"mcpPosition":[42.3912,236.026,53.0915],"pipPosition":[16.9412,256.423,15.485],"stabilizedTipPosition":[-10.9145,244.885,41.1275],"timeVisible":138.515,"tipPosition":[30.05,264.514,-28.1716],"tipVelocity":[180.191,118.478,-233.504],"tool":false,"touchDistance":-0.648354,"touchZone":"hovering","type":0,"width":20.194},{"bases":[[[0.977881,0.0448687,-0.204292],[0.0924847,0.783297,0.61473],[0.187604,-0.620027,0.761821]],[[0.995711,-0.0713016,-0.0589492],[0.0917292,0.843731,0.528871],[0.012028,-0.53201,0.846653]],[[0.995711,-0.0713016,-0.0589492],[0.0880184,0.926331,0.366283],[0.02849,-0.369901,0.928634]],[[0.995711,-0.0713016,-0.0589492],[0.0831285,0.969195,0.231841],[0.0406027,-0.235747,0.970966]]],"btipPosition":[36.9899,337.675,-72.0006],"carpPosition":[52.6475,256.46,59.0917],"dipPosition":[37.6817,333.658,-55.457],"direction":[-0.02849,0.369901,-0.928634],"extended":true,"handId":699,"id":6991,"length":58.6448,"mcpPosition":[38.8837,301.949,3.19993],"pipPosition":[38.3684,324.742,-33.0736],"stabilizedTipPosition":[7.46351,321.367,-23.1512],"timeVisible":138.515,"tipPosition":[37.5334,336.056,-68.4581],"tipVelocity":[168.839,121.922,-227.945],"tool":false,"touchDistance":-0.676766,"touchZone":"hovering","type":1,"width":19.2893},{"bases":[[[0.964046,-0.173507,-0.201272],[0.260572,0.765803,0.587918],[0.0521273,-0.619226,0.78348]],[[0.965369,-0.198548,-0.16924],[0.0610823,0.802686,-0.593266],[0.253639,0.562383,0.787015]],[[0.965369,-0.198548,-0.16924],[-0.20895,-0.199983,-0.95726],[0.156217,0.959471,-0.234544]],[[0.965369,-0.198548,-0.16924],[-0.259609,-0.666862,-0.698498],[0.0258253,0.718244,-0.695312]]],"btipPosition":[43.8404,234.082,-15.4526],"carpPosition":[64.5727,258.699,57.2062],"dipPosition":[44.3243,247.542,-28.4828],"direction":[-0.156217,-0.959471,0.234544],"extended":false,"handId":699,"id":6992,"length":66.821,"mcpPosition":[60.9459,301.782,2.69559],"pipPosition":[48.7543,274.75,-35.1339],"stabilizedTipPosition":[8.77647,220.057,36.4527],"timeVisible":138.515,"tipPosition":[44.0503,236.819,-17.3828],"tipVelocity":[195.783,137.971,-220.875],"tool":false,"touchDistance":0.333333,"touchZone":"none","type":2,"width":18.9446},{"bases":[[[0.938805,-0.319972,-0.127526],[0.330312,0.73132,0.596712],[-0.0976687,-0.60232,0.792258]],[[0.941876,-0.296483,-0.158014],[0.140735,0.775266,-0.615756],[0.305064,0.557727,0.77193]],[[0.941876,-0.296483,-0.158014],[-0.22305,-0.200123,-0.954044],[0.251235,0.933835,-0.254622]],[[0.941876,-0.296483,-0.158014],[-0.319169,-0.642808,-0.696369],[0.104889,0.706326,-0.700073]]],"btipPosition":[60.1305,231.595,-9.16642],"carpPosition":[76.5166,257.778,54.6394],"dipPosition":[62.0848,244.756,-22.2104],"direction":[-0.251235,-0.933835,0.254622],"extended":false,"handId":699,"id":6993,"length":64.2502,"mcpPosition":[82.6177,295.403,5.14969],"pipPosition":[69.0253,270.553,-29.2444],"stabilizedTipPosition":[38.8599,221.817,18.8129],"timeVisible":138.515,"tipPosition":[60.6213,234.097,-11.2298],"tipVelocity":[192.415,148.587,-197.979],"tool":false,"touchDistance":0.333333,"touchZone":"none","type":3,"width":18.027},{"bases":[[[0.853623,-0.503941,-0.131803],[0.462374,0.616544,0.637247],[-0.239872,-0.604911,0.759305]],[[0.853404,-0.504492,-0.131111],[0.348584,0.739373,-0.576035],[0.387545,0.445887,0.806842]],[[0.853404,-0.504492,-0.131111],[-0.216749,-0.114702,-0.969465],[0.474049,0.855764,-0.207235]],[[0.853404,-0.504492,-0.131111],[-0.42698,-0.53231,-0.730981],[0.298982,0.679804,-0.669683]]],"btipPosition":[73.2253,240.948,-7.00381],"carpPosition":[87.4055,250.068,49.7998],"dipPosition":[78.3646,252.633,-18.5151],"direction":[-0.474049,-0.855764,0.207235],"extended":false,"handId":699,"id":6994,"length":50.3709,"mcpPosition":[101.276,285.047,5.89321],"pipPosition":[87.6107,269.324,-22.5571],"stabilizedTipPosition":[56.563,231.248,13.8146],"timeVisible":138.515,"tipPosition":[74.6118,243.169,-8.80342],"tipVelocity":[181.276,162.2,-189.3],"tool":false,"touchDistance":0.333333,"touchZone":"none","type":4,"width":16.013}],"r":[[0.971248,-0.12929,0.199903],[0.121385,0.991276,0.0513615],[-0.2048,-0.0256194,0.978469]],"s":1.04014,"t":[27.1874,-3.4233,-141.485],"timestamp":523856663793},false],[5,{"currentFrameRate":110.534,"devices":[],"gestures":[],"hands":[{"armBasis":[[0.938457,0.067793,-0.338677],[0.110695,0.869794,0.480839],[0.327176,-0.488737,0.80876]],"armWidth":63.5437,"confidence":0.603161,"direction":[-0.00215738,0.73018,-0.683251],"elbow":[160.891,113.03,272.493],"grabStrength":0,"id":699,"palmNormal":[-0.11698,-0.678746,-0.724996],"palmPosition":[64.6282,281.616,15.4755],"palmVelocity":[131.41,148.125,-172.81],"palmWidth":90.7382,"pinchStrength":0.789622,"r":[[0.970221,-0.124925,0.207523],[0.116709,0.991834,0.0514236],[-0.212252,-0.0256724,0.976878]],"s":1.03969,"sphereCenter":[65.2309,263.965,-30.5031],"sphereRadius":48.0596,"stabilizedPalmPosition":[41.7404,265.84,55.4638],"t":[28.3023,-2.19128,-142.743],"timeVisible":138.524,"type":"right","wrist":[72.7977,244.624,54.7318]}],"id":4292740,"interactionBox":{"center":[0,200,0],"size":[235.247,235.247,147.751]},"pointables":[{"bases":[[[0.503843,0.718038,0.480171],[-0.746109,0.0816468,0.660798],[0.435274,-0.691199,0.576872]],[[0.336297,0.902768,0.26817],[-0.793115,0.117947,0.597543],[0.507812,-0.413641,0.755664]],[[0.336297,0.902768,0.26817],[-0.941205,0.31245,0.12848],[0.0321977,-0.29561,0.954766]],[[0.336297,0.902768,0.26817],[-0.546661,0.419,-0.724983],[-0.766854,0.0972115,0.634416]]],"btipPosition":[34.8354,265.423,-33.1612],"carpPosition":[43.3113,237.05,51.725],"dipPosition":[16.9379,267.692,-18.3547],"direction":[-0.0321977,0.29561,-0.954766],"extended":false,"handId":699,"id":6990,"length":51.9721,"mcpPosition":[43.3113,237.05,51.725],"pipPosition":[18.0327,257.641,14.1085],"stabilizedTipPosition":[-7.74161,246.49,35.7255],"timeVisible":138.524,"tipPosition":[31.166,266.006,-29.5061],"tipVelocity":[165.942,133.872,-213.668],"tool":false,"touchDistance":-0.632284,"touchZone":"hovering","type":0,"width":20.194},{"bases":[[[0.978671,0.0453485,-0.200367],[0.0906348,0.779966,0.619224],[0.18436,-0.624177,0.75922]],[[0.995884,-0.0705194,-0.0569407],[0.0900431,0.841598,0.532545],[0.0103664,-0.53548,0.844484]],[[0.995884,-0.0705194,-0.0569407],[0.0866834,0.924565,0.371033],[0.0264803,-0.374442,0.926872]],[[0.995884,-0.0705194,-0.0569407],[0.0821154,0.967926,0.237438],[0.0383703,-0.241137,0.969732]]],"btipPosition":[38.2951,339.316,-72.8728],"carpPosition":[53.5571,257.446,57.8723],"dipPosition":[38.9489,335.207,-56.3502],"direction":[-0.0264803,0.374442,-0.926872],"extended":true,"handId":699,"id":6991,"length":58.6448,"mcpPosition":[40.0313,303.24,2.17136],"pipPosition":[39.5872,326.182,-34.0093],"stabilizedTipPosition":[9.97865,322.747,-26.8792],"timeVisible":138.524,"tipPosition":[38.863,337.733,-69.3114],"tipVelocity":[164.067,139.46,-194.676],"tool":false,"touchDistance":-0.650577,"touchZone":"hovering","type":1,"width":19.2893},{"bases":[[[0.964694,-0.173031,-0.198558],[0.258812,0.762511,0.592954],[0.0488035,-0.623408,0.780372]],[[0.965879,-0.198137,-0.16679],[0.0647452,0.808271,-0.58524],[0.25077,0.554472,0.793521]],[[0.965879,-0.198137,-0.16679],[-0.204935,-0.190918,-0.959975],[0.158363,0.961401,-0.225009]],[[0.965879,-0.198137,-0.16679],[-0.257326,-0.661208,-0.704689],[0.0293418,0.723564,-0.689633]]],"btipPosition":[45.0007,235.587,-17.0885],"carpPosition":[65.4907,259.688,56.0436],"dipPosition":[45.5506,249.147,-30.0122],"direction":[-0.158363,-0.961401,0.225009],"extended":false,"handId":699,"id":6992,"length":66.821,"mcpPosition":[62.0952,303.062,1.74924],"pipPosition":[50.0414,276.41,-36.3929],"stabilizedTipPosition":[12.465,221.949,30.7182],"timeVisible":138.524,"tipPosition":[45.2202,238.327,-18.9825],"tipVelocity":[180.178,148.473,-212.031],"tool":false,"touchDistance":0.333333,"touchZone":"none","type":2,"width":18.9446},{"bases":[[[0.939088,-0.31987,-0.125687],[0.328497,0.727938,0.601827],[-0.101014,-0.606456,0.788675]],[[0.942266,-0.296421,-0.155785],[0.144194,0.77904,-0.610167],[0.302229,0.552477,0.776806]],[[0.942266,-0.296421,-0.155785],[-0.219145,-0.19409,-0.956193],[0.253199,0.935128,-0.247844]],[[0.942266,-0.296421,-0.155785],[-0.316847,-0.638667,-0.701222],[0.108362,0.710098,-0.695714]]],"btipPosition":[61.2738,232.976,-10.5508],"carpPosition":[77.4437,258.773,53.5169],"dipPosition":[63.2929,246.207,-23.5135],"direction":[-0.253199,-0.935128,0.247844],"extended":false,"handId":699,"id":6993,"length":64.2502,"mcpPosition":[83.7537,296.656,4.25104],"pipPosition":[70.2876,272.04,-30.3603],"stabilizedTipPosition":[41.9613,223.742,14.428],"timeVisible":138.524,"tipPosition":[61.7773,235.494,-12.609],"tipVelocity":[177.17,152.263,-187.635],"tool":false,"touchDistance":0.333333,"touchZone":"none","type":3,"width":18.027},{"bases":[[[0.853812,-0.503761,-0.131261],[0.460337,0.612867,0.642249],[-0.243094,-0.608784,0.755173]],[[0.852907,-0.506009,-0.128468],[0.354457,0.741945,-0.569102],[0.383287,0.439855,0.812169]],[[0.852907,-0.506009,-0.128468],[-0.210657,-0.108418,-0.971529],[0.477674,0.855687,-0.199064]],[[0.852907,-0.506009,-0.128468],[-0.423839,-0.527469,-0.7363],[0.304811,0.682445,-0.664348]]],"btipPosition":[74.3315,242.354,-8.3261],"carpPosition":[88.3461,251.082,48.6775],"dipPosition":[79.5709,254.085,-19.7457],"direction":[-0.477674,-0.855687,0.199064],"extended":false,"handId":699,"id":6994,"length":50.3709,"mcpPosition":[102.403,286.285,5.00983],"pipPosition":[88.8877,270.775,-23.6283],"stabilizedTipPosition":[59.4282,233.332,10.0746],"timeVisible":138.524,"tipPosition":[75.7408,244.577,-10.1138],"tipVelocity":[168.079,162.887,-179.268],"tool":false,"touchDistance":0.333333,"touchZone":"none","type":4,"width":16.013}],"r":[[0.970221,-0.124925,0.207523],[0.116709,0.991834,0.0514236],[-0.212252,-0.0256724,0.976878]],"s":1.03969,"t":[28.3023,-2.19128,-142.743],"timestamp":523856672392},false],[6,{"currentFrameRate":110.45,"devices":[],"gestures":[],"hands":[{"armBasis":[[0.939852,0.0643884,-0.335459],[0.110171,0.87245,0.476124],[0.323328,-0.484444,0.81288]],"armWidth":63.5437,"confidence":0.608545,"direction":[0.00206866,0.731919,-0.681388],"elbow":[160.902,114.835,272.622],"grabStrength":0,"id":699,"palmNormal":[-0.11537,-0.676665,-0.727196],"palmPosition":[65.9085,282.381,14.557],"palmVelocity":[133.568,129.916,-152.381],"palmWidth":90.7382,"pinchStrength":0.780324,"r":[[0.969121,-0.121922,0.214334],[0.113314,0.992195,0.052045],[-0.219007,-0.0261507,0.975373]],"s":1.03971,"sphereCenter":[66.6933,264.79,-31.5149],"sphereRadius":48.1012,"stabilizedPalmPosition":[44.7113,267.874,50.4353],"t":[29.4999,-1.19311,-143.832],"timeVisible":138.533,"type":"right","wrist":[73.845,245.273,53.7517]}],"id":4292741,"interactionBox":{"center":[0,200,0],"size":[235.247,235.247,147.751]},"pointables":[{"bases":[[[0.503303,0.71581,0.484047],[-0.748631,0.081449,0.657965],[0.431553,-0.693528,0.576871]],[[0.337199,0.901255,0.272098],[-0.795476,0.118182,0.594349],[0.503503,-0.416861,0.756777]],[[0.337199,0.901255,0.272098],[-0.940852,0.312455,0.131028],[0.0330714,-0.300186,0.953307]],[[0.337199,0.901255,0.272098],[-0.559214,0.424259,-0.712239],[-0.757348,0.0880049,0.647054]]],"btipPosition":[35.8432,266.669,-34.5813],"carpPosition":[44.3561,237.765,50.6058],"dipPosition":[18.1675,268.723,-19.4798],"direction":[-0.0330714,0.300186,-0.953307],"extended":false,"handId":699,"id":6990,"length":51.9721,"mcpPosition":[44.3561,237.765,50.6058],"pipPosition":[19.292,258.516,12.9338],"stabilizedTipPosition":[-4.27738,248.3,29.867],"timeVisible":138.533,"tipPosition":[32.301,267.107,-30.78],"tipVelocity":[151.702,132.778,-194.994],"tool":false,"touchDistance":-0.617672,"touchZone":"hovering","type":0,"width":20.194},{"bases":[[[0.979566,0.0439119,-0.196269],[0.0896557,0.778206,0.621576],[0.180032,-0.626472,0.758368]],[[0.995972,-0.0707742,-0.0550498],[0.0892525,0.841244,0.533238],[0.00857075,-0.536004,0.844172]],[[0.995972,-0.0707742,-0.0550498],[0.0862477,0.924049,0.372418],[0.0245111,-0.375666,0.926431]],[[0.995972,-0.0707742,-0.0550498],[0.0819834,0.96743,0.239493],[0.0363069,-0.243042,0.969336]]],"btipPosition":[39.8322,340.247,-73.8051],"carpPosition":[54.6171,258.125,56.8466],"dipPosition":[40.4508,336.106,-57.2893],"direction":[-0.0245111,0.375666,-0.926431],"extended":true,"handId":699,"id":6991,"length":58.6448,"mcpPosition":[41.4088,304.087,1.20823],"pipPosition":[41.0416,327.051,-34.9591],"stabilizedTipPosition":[12.9448,324.383,-31.1438],"timeVisible":138.533,"tipPosition":[40.4399,338.741,-70.2064],"tipVelocity":[164.648,128.528,-168.598],"tool":false,"touchDistance":-0.627862,"touchZone":"hovering","type":1,"width":19.2893},{"bases":[[[0.96515,-0.174443,-0.195075],[0.257903,0.760484,0.595945],[0.0443928,-0.625487,0.778971]],[[0.966156,-0.199586,-0.163426],[0.0690819,0.810586,-0.581531],[0.248536,0.550559,0.79694]],[[0.966156,-0.199586,-0.163426],[-0.201189,-0.186508,-0.961633],[0.161448,0.961967,-0.22035]],[[0.966156,-0.199586,-0.163426],[-0.255738,-0.658139,-0.708132],[0.0337756,0.72596,-0.686907]]],"btipPosition":[46.3162,236.518,-18.3099],"carpPosition":[66.5625,260.347,55.0722],"dipPosition":[46.9492,250.123,-31.1825],"direction":[-0.161448,-0.961967,0.22035],"extended":false,"handId":699,"id":6992,"length":66.821,"mcpPosition":[63.4738,303.866,0.875371],"pipPosition":[51.5274,277.402,-37.4312],"stabilizedTipPosition":[16.4302,224.013,24.6546],"timeVisible":138.533,"tipPosition":[46.5473,239.268,-20.2106],"tipVelocity":[170.339,135.557,-189.482],"tool":false,"touchDistance":0.333333,"touchZone":"none","type":2,"width":18.9446},{"bases":[[[0.938957,-0.321416,-0.122683],[0.327483,0.725751,0.605013],[-0.105424,-0.608258,0.786707]],[[0.942286,-0.298061,-0.152501],[0.14883,0.780903,-0.606663],[0.299911,0.548954,0.780194]],[[0.942286,-0.298061,-0.152501],[-0.21523,-0.190358,-0.957831],[0.256462,0.935373,-0.243524]],[[0.942286,-0.298061,-0.152501],[-0.315172,-0.635968,-0.704423],[0.112976,0.711832,-0.693204]]],"btipPosition":[62.5566,233.849,-11.67],"carpPosition":[78.5238,259.415,52.5918],"dipPosition":[64.6616,247.112,-24.586],"direction":[-0.256462,-0.935373,0.243524],"extended":false,"handId":699,"id":6993,"length":64.2502,"mcpPosition":[85.1093,297.411,3.44887],"pipPosition":[71.7465,272.952,-31.3134],"stabilizedTipPosition":[45.2279,225.781,9.92347],"timeVisible":138.533,"tipPosition":[63.0761,236.379,-13.7311],"tipVelocity":[167.198,136.416,-168.836],"tool":false,"touchDistance":0.333333,"touchZone":"none","type":3,"width":18.027},{"bases":[[[0.853341,-0.505122,-0.129074],[0.45893,0.610315,0.645677],[-0.247371,-0.610219,0.752623]],[[0.851653,-0.509227,-0.123994],[0.361809,0.742402,-0.563856],[0.379184,0.435348,0.816512]],[[0.851653,-0.509227,-0.123994],[-0.204065,-0.104272,-0.973388],[0.482746,0.854292,-0.192719]],[[0.851653,-0.509227,-0.123994],[-0.421022,-0.523827,-0.740503],[0.312133,0.682856,-0.660515]]],"btipPosition":[75.5831,243.249,-9.42172],"carpPosition":[89.4306,251.715,47.7772],"dipPosition":[80.9484,254.987,-20.7754],"direction":[-0.482746,-0.854292,0.192719],"extended":false,"handId":699,"id":6994,"length":50.3709,"mcpPosition":[103.735,287.001,4.25701],"pipPosition":[90.3642,271.65,-24.5343],"stabilizedTipPosition":[62.421,235.504,6.26965],"timeVisible":138.533,"tipPosition":[77.021,245.465,-11.1995],"tipVelocity":[159.985,144.567,-161.957],"tool":false,"touchDistance":0.333333,"touchZone":"none","type":4,"width":16.013}],"r":[[0.969121,-0.121922,0.214334],[0.113314,0.992195,0.052045],[-0.219007,-0.0261507,0.975373]],"s":1.03971,"t":[29.4999,-1.19311,-143.832],"timestamp":523856681595},false],[7,{"currentFrameRate":110.514,"devices":[],"gestures":[],"hands":[