{"sensorType":"Leap","data":[[0,{"currentFrameRate":106.975,"devices":[],"gestures":[],"hands":[{"armBasis":[[0.915169,-0.0326585,-0.401746],[0.21948,0.876367,0.428731],[0.338075,-0.480536,0.809191]],"armWidth":63.5437,"confidence":0.604547,"direction":[0.0833797,0.752139,-0.653708],"elbow":[154.148,75.4625,278.581],"grabStrength":0,"id":699,"palmNormal":[-0.203068,-0.629404,-0.750076],"palmPosition":[59.3192,244.124,23.0324],"palmVelocity":[91.378,263.66,-237.66],"palmWidth":90.7382,"pinchStrength":0.763516,"r":[[0.946649,-0.25961,0.190942],[0.246,0.96487,0.0922492],[-0.208183,-0.0403558,0.977257]],"s":1.05279,"sphereCenter":[42.4779,235.014,-18.3233],"sphereRadius":45.9447,"stabilizedPalmPosition":[52.7012,225.099,44.3122],"t":[23.3352,-40.8751,-134.123],"timeVisible":158.571,"type":"right","wrist":[63.1202,204.848,60.7042]}],"id":4294886,"interactionBox":{"center":[0,200,0],"size":[235.247,235.247,147.751]},"pointables":[{"bases":[[[0.590481,0.631139,0.502986],[-0.726889,0.145112,0.671249],[0.350662,-0.761975,0.544454]],[[0.397118,0.886251,0.238444],[-0.754812,0.1676,0.634168],[0.522069,-0.43182,0.73551]],[[0.397118,0.886251,0.238444],[-0.916241,0.397822,0.0473304],[-0.0529118,-0.237268,0.970002]],[[0.397118,0.886251,0.238444],[-0.455415,0.415857,-0.787185],[-0.796802,0.204014,0.568756]]],"btipPosition":[27.3201,225.856,-25.162],"carpPosition":[32.9129,201.055,57.7067],"dipPosition":[8.72367,230.618,-11.8878],"direction":[0.0529118,0.237268,-0.970002],"extended":false,"handId":699,"id":6990,"length":51.9721,"mcpPosition":[32.9129,201.055,57.7067],"pipPosition":[6.9246,222.55,21.0934],"stabilizedTipPosition":[14.0299,205.296,5.55863],"timeVisible":158.571,"tipPosition":[24.0273,226.406,-21.9759],"tipVelocity":[101.685,261.092,-266.896],"tool":false,"touchDistance":-0.567203,"touchZone":"hovering","type":0,"width":20.194},{"bases":[[[0.975758,-0.0662302,-0.208591],[0.188715,0.737293,0.64868],[0.110831,-0.672319,0.731918]],[[0.976993,-0.0741257,-0.199976],[0.168468,0.843214,0.510499],[0.130782,-0.532443,0.836302]],[[0.976993,-0.0741257,-0.199976],[0.135851,0.939117,0.315602],[0.164407,-0.335508,0.92758]],[[0.976993,-0.0741257,-0.199976],[0.106771,0.98169,0.157748],[0.184622,-0.17547,0.967019]]],"btipPosition":[24.7664,302.996,-63.8116],"carpPosition":[45.6092,219.783,64.5507],"dipPosition":[27.912,300.007,-47.3353],"direction":[-0.164407,0.335508,-0.92758],"extended":true,"handId":699,"id":6991,"length":58.6448,"mcpPosition":[37.478,269.108,10.8528],"pipPosition":[31.8748,291.92,-24.9773],"stabilizedTipPosition":[21.0864,292.173,-47.8911],"timeVisible":158.571,"tipPosition":[24.9038,302.48,-59.8457],"tipVelocity":[123.378,229.298,-270.398],"tool":false,"touchDistance":-0.543154,"touchZone":"hovering","type":1,"width":19.2893},{"bases":[[[0.935196,-0.281168,-0.215296],[0.353349,0.700542,0.619988],[-0.0234966,-0.655885,0.754495]],[[0.935279,-0.278667,-0.218169],[0.0851528,0.775531,-0.62554],[0.343514,0.566477,0.749068]],[[0.935279,-0.278667,-0.218169],[-0.314893,-0.373868,-0.87239],[0.16154,0.884628,-0.437421]],[[0.935279,-0.278667,-0.218169],[-0.351546,-0.80265,-0.481838],[-0.040841,0.527349,-0.848666]]],"btipPosition":[39.0246,204.061,2.49702],"carpPosition":[57.7171,220.625,62.6881],"dipPosition":[38.2592,213.943,-13.407],"direction":[-0.16154,-0.884628,0.437421],"extended":false,"handId":699,"id":6992,"length":66.821,"mcpPosition":[59.3518,266.258,10.1942],"pipPosition":[42.8401,239.029,-25.8113],"stabilizedTipPosition":[26.7785,186.756,24.1951],"timeVisible":158.571,"tipPosition":[38.9675,206.4,-0.83769],"tipVelocity":[127.8,249.706,-254.566],"tool":false,"touchDistance":0.333333,"touchZone":"none","type":2,"width":18.9446},{"bases":[[[0.89223,-0.426626,-0.14804],[0.418333,0.657399,0.626758],[-0.17007,-0.621142,0.765022]],[[0.896981,-0.407576,-0.171193],[0.197999,0.716641,-0.668747],[0.395249,0.565957,0.723513]],[[0.896981,-0.407576,-0.171193],[-0.335969,-0.376818,-0.863211],[0.287316,0.831799,-0.474931]],[[0.896981,-0.407576,-0.171193],[-0.437686,-0.764394,-0.473427],[0.0620989,0.499584,-0.864037]]],"btipPosition":[53.3733,199.66,9.19676],"carpPosition":[69.4545,218.363,60.0028],"dipPosition":[54.5303,208.968,-6.90223],"direction":[-0.287316,-0.831799,0.474931],"extended":false,"handId":699,"id":6993,"length":64.2502,"mcpPosition":[80.0782,257.163,12.2144],"pipPosition":[62.4675,231.947,-20.0224],"stabilizedTipPosition":[42.3511,182.472,29.2181],"timeVisible":158.571,"tipPosition":[53.7519,201.938,5.78219],"tipVelocity":[127.283,257.224,-238.191],"tool":false,"touchDistance":0.333333,"touchZone":"none","type":3,"width":18.027},{"bases":[[[0.785082,-0.598367,-0.160012],[0.535334,0.525563,0.661211],[-0.311551,-0.604765,0.732936]],[[0.725432,-0.687059,-0.0412209],[0.508178,0.575028,-0.64117],[0.464224,0.444177,0.766291]],[[0.725432,-0.687059,-0.0412209],[-0.330787,-0.295491,-0.896251],[0.603596,0.663804,-0.441629]],[[0.725432,-0.687059,-0.0412209],[-0.605451,-0.608488,-0.513003],[0.327381,0.397106,-0.857396]]],"btipPosition":[63.5539,209.137,8.69847],"carpPosition":[79.308,209.602,54.7491],"dipPosition":[69.1812,215.963,-6.0394],"direction":[-0.603596,-0.663804,0.441629],"extended":false,"handId":699,"id":6994,"length":50.3709,"mcpPosition":[97.3234,244.573,12.3672],"pipPosition":[80.9542,228.91,-14.6532],"stabilizedTipPosition":[56.3545,194.341,23.6163],"timeVisible":158.571,"tipPosition":[64.8894,210.848,5.60656],"tipVelocity":[122.433,264.705,-237.297],"tool":false,"touchDistance":0.333333,"touchZone":"none","type":4,"width":16.013}],"r":[[0.946649,-0.25961,0.190942],[0.246,0.96487,0.0922492],[-0.208183,-0.0403558,0.977257]],"s":1.05279,"t":[23.3352,-40.8751,-134.123],"timestamp":523876719876},false],[1,{"currentFrameRate":107.199,"devices":[],"gestures":[],"hands":[{"armBasis":[[0.915194,-0.0369344,-0.401317],[0.22011,0.879963,0.42097],[0.337596,-0.473603,0.813467]],"armWidth":63.5437,"confidence":0.608683,"direction":[0.0840543,0.749851,-0.656246],"elbow":[154.901,78.6639,278.313],"grabStrength":0,"id":699,"palmNormal":[-0.203487,-0.631781,-0.747961],"palmPosition":[60.237,245.334,21.4791],"palmVelocity":[94.5137,228.771,-220.348],"palmWidth":90.7382,"pinchStrength":0.755494,"r":[[0.946756,-0.255781,0.195522],[0.24163,0.965853,0.0935037],[-0.212762,-0.0412813,0.976232]],"s":1.05382,"sphereCenter":[43.5085,236.018,-19.906],"sphereRadius":45.9587,"stabilizedPalmPosition":[53.8622,228.217,40.7944],"t":[24.1806,-39.0583,-136.061],"timeVisible":158.58,"type":"right","wrist":[64.0024,206.183,59.2843]}],"id":4294887,"interactionBox":{"center":[0,200,0],"size":[235.247,235.247,147.751]},"pointables":[{"bases":[[[0.59093,0.632369,0.50091],[-0.726848,0.147968,0.67067],[0.349992,-0.760404,0.547075]],[[0.399318,0.885545,0.237391],[-0.754438,0.170266,0.633903],[0.52093,-0.432226,0.736079]],[[0.399318,0.885545,0.237391],[-0.915645,0.398269,0.0545474],[-0.0462414,-0.239148,0.969881]],[[0.399318,0.885545,0.237391],[-0.458633,0.417149,-0.784629],[-0.793852,0.204441,0.572715]]],"btipPosition":[27.9606,227.279,-26.689],"carpPosition":[33.7923,202.403,56.2963],"dipPosition":[9.43299,232.051,-13.3225],"direction":[0.0462414,0.239148,-0.969881],"extended":false,"handId":699,"id":6990,"length":51.9721,"mcpPosition":[33.7923,202.403,56.2963],"pipPosition":[7.86072,223.919,19.6547],"stabilizedTipPosition":[15.2714,208.26,1.81287],"timeVisible":158.58,"tipPosition":[24.6819,227.762,-23.4834],"tipVelocity":[94.0249,233.484,-240.166],"tool":false,"touchDistance":-0.561403,"touchZone":"hovering","type":0,"width":20.194},{"bases":[[[0.975728,-0.0677171,-0.208254],[0.189232,0.739338,0.646197],[0.110211,-0.669921,0.734207]],[[0.977006,-0.0759282,-0.199233],[0.169115,0.845033,0.507266],[0.129843,-0.529295,0.838443]],[[0.977006,-0.0759282,-0.199233],[0.136758,0.940063,0.312378],[0.163574,-0.332442,0.928831]],[[0.977006,-0.0759282,-0.199233],[0.107867,0.982055,0.154699],[0.183912,-0.172633,0.967664]]],"btipPosition":[25.7778,303.925,-65.585],"carpPosition":[46.5028,221.145,63.0781],"dipPosition":[28.9114,300.984,-49.0976],"direction":[-0.163574,0.332442,-0.928831],"extended":true,"handId":699,"id":6991,"length":58.6448,"mcpPosition":[38.417,270.294,9.21234],"pipPosition":[32.8541,292.971,-26.7095],"stabilizedTipPosition":[22.119,294.286,-50.5432],"timeVisible":158.58,"tipPosition":[25.9169,303.421,-61.6159],"tipVelocity":[120.573,195.525,-250.81],"tool":false,"touchDistance":-0.543734,"touchZone":"hovering","type":1,"width":19.2893},{"bases":[[[0.934995,-0.282644,-0.214234],[0.35384,0.702358,0.617649],[-0.0241055,-0.653304,0.756712]],[[0.935082,-0.280116,-0.217158],[0.0857935,0.773356,-0.62814],[0.343892,0.568731,0.747183]],[[0.935082,-0.280116,-0.217158],[-0.315033,-0.376118,-0.871372],[0.162408,0.883216,-0.439947]],[[0.935082,-0.280116,-0.217158],[-0.352155,-0.803621,-0.479772],[-0.0401207,0.525099,-0.850095]]],"btipPosition":[39.9052,205.201,1.05774],"carpPosition":[58.6116,221.971,61.2141],"dipPosition":[39.1533,215.041,-14.873],"direction":[-0.162408,-0.883216,0.439947],"extended":false,"handId":699,"id":6992,"length":66.821,"mcpPosition":[60.2887,267.424,8.56594],"pipPosition":[43.7588,240.087,-27.3489],"stabilizedTipPosition":[28.403,189.353,20.8338],"timeVisible":158.58,"tipPosition":[39.8512,207.535,-2.28346],"tipVelocity":[119.97,216.19,-229.353],"tool":false,"touchDistance":0.333333,"touchZone":"none","type":2,"width":18.9446},{"bases":[[[0.891905,-0.427839,-0.14649],[0.418788,0.659186,0.624572],[-0.170652,-0.618408,0.767105]],[[0.896674,-0.408869,-0.169709],[0.198584,0.714125,-0.67126],[0.395651,0.5682,0.721532]],[[0.896674,-0.408869,-0.169709],[-0.336189,-0.379516,-0.861943],[0.288015,0.829936,-0.477759]],[[0.896674,-0.408869,-0.169709],[-0.438241,-0.765622,-0.470922],[0.0626126,0.496637,-0.865697]]],"btipPosition":[54.2558,200.822,7.79904],"carpPosition":[70.3475,219.69,58.5379],"dipPosition":[55.4224,210.076,-8.33088],"direction":[-0.288015,-0.829936,0.477759],"extended":false,"handId":699,"id":6993,"length":64.2502,"mcpPosition":[81.0076,258.32,10.6194],"pipPosition":[63.3789,233.003,-21.5291],"stabilizedTipPosition":[44.1341,185.471,25.5374],"timeVisible":158.58,"tipPosition":[54.6358,203.089,4.37102],"tipVelocity":[119.627,222.269,-216.2],"tool":false,"touchDistance":0.333333,"touchZone":"none","type":3,"width":18.027},{"bases":[[[0.784621,-0.599533,-0.157892],[0.535681,0.527375,0.659486],[-0.312116,-0.602026,0.734948]],[[0.724933,-0.687721,-0.0388875],[0.508664,0.572546,-0.643003],[0.464472,0.446353,0.764876]],[[0.724933,-0.687721,-0.0388875],[-0.330817,-0.298087,-0.895379],[0.604179,0.661954,-0.443603]],[[0.724933,-0.687721,-0.0388875],[-0.605777,-0.609647,-0.511238],[0.327882,0.39417,-0.858559]]],"btipPosition":[64.4444,210.29,7.25651],"carpPosition":[80.1946,210.904,53.315],"dipPosition":[70.0804,217.066,-7.50134],"direction":[-0.604179,-0.661954,0.443603],"extended":false,"handId":699,"id":6994,"length":50.3709,"mcpPosition":[98.2426,245.716,10.8169],"pipPosition":[81.8647,229.977,-16.1537],"stabilizedTipPosition":[58.0194,197.446,20.1124],"timeVisible":158.58,"tipPosition":[65.7817,211.99,4.15844],"tipVelocity":[116.337,227.443,-216.824],"tool":false,"touchDistance":0.333333,"touchZone":"none","type":4,"width":16.013}],"r":[[0.946756,-0.255781,0.195522],[0.24163,0.965853,0.0935037],[-0.212762,-0.0412813,0.976232]],"s":1.05382,"t":[24.1806,-39.0583,-136.061],"timestamp":523876728796},false],[2,{"currentFrameRate":107.311,"devices":[],"gestures":[],"hands":[{"armBasis":[[0.917412,-0.0370644,-0.396209],[0.215905,0.882728,0.417344],[0.334276,-0.46842,0.817828]],"armWidth":63.5437,"confidence":0.613305,"direction":[0.0845751,0.754327,-0.651028],"elbow":[154.861,82.2955,277.733],"grabStrength":0,"id":699,"palmNormal":[-0.198711,-0.627476,-0.752853],"palmPosition":[61.132,247.804,19.9654],"palmVelocity":[95.5367,240.485,-205.283],"palmWidth":90.7382,"pinchStrength":0.754152,"r":[[0.946798,-0.252443,0.199616],[0.237506,0.966637,0.0959367],[-0.217175,-0.0434225,0.975166]],"s":1.05464,"sphereCenter":[44.7121,238.645,-21.5973],"sphereRadius":45.9613,"stabilizedPalmPosition":[55.0563,231.434,37.3731],"t":[25.0508,-36.9149,-137.786],"timeVisible":158.589,"type":"right","wrist":[64.856,208.419,57.5309]}],"id":4294888,"interactionBox":{"center":[0,200,0],"size":[235.247,235.247,147.751]},"pointables":[{"bases":[[[0.587137,0.630747,0.507374],[-0.729943,0.141585,0.668683],[0.349933,-0.762962,0.54354]],[[0.396179,0.88485,0.245118],[-0.757934,0.164486,0.631253],[0.518246,-0.435873,0.735823]],[[0.396179,0.88485,0.245118],[-0.917124,0.394122,0.0595909],[-0.0438775,-0.248413,0.96766]],[[0.396179,0.88485,0.245118],[-0.454952,0.421068,-0.784679],[-0.797534,0.199356,0.569383]]],"btipPosition":[28.9763,230.066,-28.4224],"carpPosition":[34.6689,204.575,54.3968],"dipPosition":[10.3628,234.719,-15.1337],"direction":[0.0438775,0.248413,-0.96766],"extended":false,"handId":699,"id":6990,"length":51.9721,"mcpPosition":[34.6689,204.575,54.3968],"pipPosition":[8.87092,226.272,17.7679],"stabilizedTipPosition":[16.5835,211.445,-1.97112],"timeVisible":158.589,"tipPosition":[25.6644,230.525,-25.246],"tipVelocity":[98.2559,252.698,-226.836],"tool":false,"touchDistance":-0.559866,"touchZone":"hovering","type":0,"width":20.194},{"bases":[[[0.976741,-0.0636454,-0.204758],[0.184561,0.735651,0.651732],[0.109151,-0.674364,0.730287]],[[0.978071,-0.0723599,-0.195298],[0.164747,0.842477,0.512924],[0.127419,-0.533851,0.835923]],[[0.978071,-0.0723599,-0.195298],[0.13309,0.938421,0.318831],[0.160201,-0.337831,0.927473]],[[0.978071,-0.0723599,-0.195298],[0.104868,0.981265,0.16162],[0.179945,-0.178556,0.967335]]],"btipPosition":[26.9049,306.839,-66.8781],"carpPosition":[47.2993,223.307,61.3511],"dipPosition":[29.9709,303.797,-50.3964],"direction":[-0.160201,0.337831,-0.927473],"extended":true,"handId":699,"id":6991,"length":58.6448,"mcpPosition":[39.2914,272.782,7.77288],"pipPosition":[33.8323,295.654,-28.041],"stabilizedTipPosition":[23.1945,296.608,-53.0002],"timeVisible":158.589,"tipPosition":[27.0295,306.313,-62.9086],"tipVelocity":[120.953,229.287,-220.613],"tool":false,"touchDistance":-0.537111,"touchZone":"hovering","type":1,"width":19.2893},{"bases":[[[0.936637,-0.278641,-0.212296],[0.349385,0.699316,0.623608],[-0.0253011,-0.658268,0.752359]],[[0.93673,-0.276027,-0.215279],[0.0863356,0.77817,-0.622091],[0.339238,0.564146,0.752767]],[[0.93673,-0.276027,-0.215279],[-0.310222,-0.369693,-0.875836],[0.162168,0.887207,-0.431932]],[[0.93673,-0.276027,-0.215279],[-0.348026,-0.800431,-0.488045],[-0.0376019,0.532089,-0.845853]]],"btipPosition":[40.9732,207.73,-0.887405],"carpPosition":[59.4131,224.179,59.5412],"dipPosition":[40.2686,217.702,-16.7387],"direction":[-0.162168,-0.887207,0.431932],"extended":false,"handId":699,"id":6992,"length":66.821,"mcpPosition":[61.1734,269.978,7.19594],"pipPosition":[44.8673,242.861,-28.9873],"stabilizedTipPosition":[30.0767,192.141,17.4121],"timeVisible":158.589,"tipPosition":[40.9311,210.095,-4.19055],"tipVelocity":[119.526,234.13,-224.368],"tool":false,"touchDistance":0.333333,"touchZone":"none","type":2,"width":18.9446},{"bases":[[[0.893684,-0.424393,-0.145668],[0.414426,0.656281,0.630513],[-0.171986,-0.623848,0.762387]],[[0.898493,-0.405259,-0.168745],[0.199251,0.719003,-0.665833],[0.391163,0.564624,0.726767]],[[0.898493,-0.405259,-0.168745],[-0.331664,-0.374849,-0.865729],[0.28759,0.833819,-0.471209]],[[0.898493,-0.405259,-0.168745],[-0.434194,-0.763758,-0.47765],[0.0646913,0.502433,-0.862192]]],"btipPosition":[55.3306,203.364,5.97388],"carpPosition":[71.166,221.948,56.8975],"dipPosition":[56.536,212.726,-10.0907],"direction":[-0.28759,-0.833819,0.471209],"extended":false,"handId":699,"id":6993,"length":64.2502,"mcpPosition":[81.9094,260.918,9.27376],"pipPosition":[64.4808,235.76,-23.1081],"stabilizedTipPosition":[45.954,188.651,21.8482],"timeVisible":158.589,"tipPosition":[55.7175,205.654,2.56037],"tipVelocity":[119.424,238.74,-211.312],"tool":false,"touchDistance":0.333333,"touchZone":"none","type":3,"width":18.027},{"bases":[[[0.78693,-0.596308,-0.158614],[0.531548,0.524572,0.665042],[-0.313365,-0.607652,0.729768]],[[0.727095,-0.685337,-0.0405651],[0.509651,0.578405,-0.636949],[0.459988,0.442449,0.769838]],[[0.727095,-0.685337,-0.0405651],[-0.326059,-0.292721,-0.898888],[0.604167,0.666804,-0.436297]],[[0.727095,-0.685337,-0.0405651],[-0.601776,-0.607773,-0.518149],[0.330453,0.401155,-0.854328]]],"btipPosition":[65.4949,212.858,5.50835],"carpPosition":[81.0587,213.224,51.6575],"dipPosition":[71.175,219.754,-9.17677],"direction":[-0.604167,-0.666804,0.436297],"extended":false,"handId":699,"id":6994,"length":50.3709,"mcpPosition":[99.1789,248.361,9.45892],"pipPosition":[82.9591,232.76,-17.6866],"stabilizedTipPosition":[59.6822,200.665,16.7076],"timeVisible":158.589,"tipPosition":[66.8396,214.583,2.43061],"tipVelocity":[116.343,243.355,-209.366],"tool":false,"touchDistance":0.333333,"touchZone":"none","type":4,"width":16.013}],"r":[[0.946798,-0.252443,0.199616],[0.237506,0.966637,0.0959367],[-0.217175,-0.0434225,0.975166]],"s":1.05464,"t":[25.0508,-36.9149,-137.786],"timestamp":523876737911},false],[3,{"currentFrameRate":107.464,"devices":[],"gestures":[],"hands":[{"armBasis":[[0.918339,-0.0378072,-0.393985],[0.213057,0.886119,0.411582],[0.333557,-0.461914,0.821812]],"armWidth":63.5437,"confidence":0.583732,"direction":[0.0861656,0.748818,-0.657151],"elbow":[155.364,86.5822,276.764],"grabStrength":0,"id":699,"palmNormal":[-0.194863,-0.634197,-0.748213],"palmPosition":[61.9269,250.009,17.5713],"palmVelocity":[93.4779,241.54,-221.787],"palmWidth":90.7382,"pinchStrength":0.752146,"r":[[0.946711,-0.249174,0.204084],[0.233861,0.96748,0.0963944],[-0.221466,-0.0435305,0.974196]],"s":1.05537,"sphereCenter":[45.7532,240.425,-24.0093],"sphereRadius":45.9707,"stabilizedPalmPosition":[56.1966,234.517,34.0865],"t":[25.8834,-34.7406,-139.846],"timeVisible":158.598,"type":"right","wrist":[65.5534,210.954,55.4887]}],"id":4294889,"interactionBox":{"center":[0,200,0],"size":[235.247,235.247,147.751]},"pointables":[{"bases":[[[0.584262,0.63589,0.504263],[-0.732796,0.146327,0.664528],[0.34878,-0.757781,0.551472]],[[0.394781,0.886861,0.240053],[-0.760801,0.169066,0.626577],[0.515102,-0.429993,0.741469]],[[0.394781,0.886861,0.240053],[-0.917776,0.392836,0.0580272],[-0.0428392,-0.243223,0.969024]],[[0.394781,0.886861,0.240053],[-0.450489,0.414556,-0.790698],[-0.800755,0.204011,0.56318]]],"btipPosition":[29.888,231.955,-30.7342],"carpPosition":[35.3842,207.041,52.2677],"dipPosition":[11.1993,236.716,-17.5902],"direction":[0.0428392,0.243223,-0.969024],"extended":false,"handId":699,"id":6990,"length":51.9721,"mcpPosition":[35.3842,207.041,52.2677],"pipPosition":[9.74273,228.446,15.3578],"stabilizedTipPosition":[17.8583,214.503,-5.61475],"timeVisible":158.598,"tipPosition":[26.5374,232.423,-27.605],"tipVelocity":[98.4855,241.502,-235.912],"tool":false,"touchDistance":-0.567388,"touchZone":"hovering","type":0,"width":20.194},{"bases":[[[0.977635,-0.0640636,-0.200312],[0.180973,0.741479,0.64611],[0.107135,-0.667911,0.73649]],[[0.978968,-0.0728998,-0.190545],[0.16159,0.84722,0.50607],[0.124541,-0.526216,0.841181]],[[0.978968,-0.0728998,-0.190545],[0.130707,0.941236,0.311434],[0.156644,-0.329789,0.930968]],[[0.978968,-0.0728998,-0.190545],[0.103168,0.982654,0.154102],[0.176006,-0.170519,0.969508]]],"btipPosition":[27.9914,308.251,-69.92],"carpPosition":[47.9617,225.85,59.1108],"dipPosition":[30.9902,305.346,-53.4012],"direction":[-0.156644,0.329789,-0.930968],"extended":true,"handId":699,"id":6991,"length":58.6448,"mcpPosition":[40.1017,274.852,5.07752],"pipPosition":[34.7659,297.397,-30.9616],"stabilizedTipPosition":[24.2007,298.621,-55.4065],"timeVisible":158.598,"tipPosition":[28.1039,307.752,-65.9465],"tipVelocity":[120.321,210.184,-252.393],"tool":false,"touchDistance":-0.557233,"touchZone":"hovering","type":1,"width":19.2893},{"bases":[[[0.93785,-0.279171,-0.20616],[0.345957,0.70513,0.618956],[-0.0274253,-0.65181,0.757887]],[[0.937955,-0.276467,-0.209299],[0.0877534,0.773195,-0.628067],[0.335469,0.570732,0.749483]],[[0.937955,-0.276467,-0.209299],[-0.306096,-0.376531,-0.874374],[0.162928,0.884189,-0.437794]],[[0.937955,-0.276467,-0.209299],[-0.345026,-0.804326,-0.483754],[-0.0346028,0.525953,-0.849809]]],"btipPosition":[41.8928,209.709,-3.07328],"carpPosition":[60.0815,226.723,57.3418],"dipPosition":[41.2443,219.565,-18.9987],"direction":[-0.162928,-0.884189,0.437794],"extended":false,"handId":699,"id":6992,"length":66.821,"mcpPosition":[61.9896,272.072,4.61188],"pipPosition":[45.8646,244.639,-31.4135],"stabilizedTipPosition":[31.6823,194.871,14.0889],"timeVisible":158.598,"tipPosition":[41.8621,212.054,-6.385],"tipVelocity":[115.062,229.217,-229.79],"tool":false,"touchDistance":0.333333,"touchZone":"none","type":2,"width":18.9446},{"bases":[[[0.894826,-0.424403,-0.138452],[0.411027,0.662245,0.626489],[-0.174195,-0.617506,0.767035]],[[0.8997,-0.405468,-0.161666],[0.200525,0.712885,-0.672001],[0.387724,0.572181,0.722689]],[[0.8997,-0.405468,-0.161666],[-0.327984,-0.383552,-0.863316],[0.288039,0.829749,-0.478069]],[[0.8997,-0.405468,-0.161666],[-0.4313,-0.768703,-0.472309],[0.0672326,0.494663,-0.866481]]],"btipPosition":[56.2439,205.426,4.00135],"carpPosition":[71.8478,224.486,54.7642],"dipPosition":[57.4966,214.643,-12.1432],"direction":[-0.288039,-0.829749,0.478069],"extended":false,"handId":699,"id":6993,"length":64.2502,"mcpPosition":[82.7292,263.059,6.8501],"pipPosition":[65.4538,237.565,-25.35],"stabilizedTipPosition":[47.6866,191.746,18.3169],"timeVisible":158.598,"tipPosition":[56.6358,207.688,0.53557],"tipVelocity":[114.734,234.887,-213.862],"tool":false,"touchDistance":0.333333,"touchZone":"none","type":3,"width":18.027},{"bases":[[[0.788354,-0.596569,-0.150344],[0.528186,0.530998,0.662616],[-0.315464,-0.601786,0.733714]],[[0.72821,-0.684614,-0.0318456],[0.511501,0.573825,-0.639603],[0.456155,0.449476,0.768045]],[[0.72821,-0.684614,-0.0318456],[-0.321749,-0.300472,-0.897883],[0.605135,0.664093,-0.439081]],[[0.72821,-0.684614,-0.0318456],[-0.598685,-0.612816,-0.515783],[0.333597,0.394664,-0.856127]]],"btipPosition":[66.3928,214.942,3.4099],"carpPosition":[81.773,215.73,49.6389],"dipPosition":[72.127,221.726,-11.3062],"direction":[-0.605135,-0.664093,0.439081],"extended":false,"handId":699,"id":6994,"length":50.3709,"mcpPosition":[100.015,250.528,7.21204],"pipPosition":[83.93,234.679,-19.8703],"stabilizedTipPosition":[61.2264,203.711,13.4993],"timeVisible":158.598,"tipPosition":[67.7479,216.641,0.326147],"tipVelocity":[112.08,239.131,-215.948],"tool":false,"touchDistance":0.333333,"touchZone":"none","type":4,"width":16.013}],"r":[[0.946711,-0.249174,0.204084],[0.233861,0.96748,0.0963944],[-0.221466,-0.0435305,0.974196]],"s":1.05537,"t":[25.8834,-34.7406,-139.846],"timestamp":523876746937},false],[4,{"currentFrameRate":107.475,"devices":[],"gestures":[],"hands":[{"armBasis":[[0.921907,-0.0388679,-0.385456],[0.209139,0.887452,0.410718],[0.32611,-0.459258,0.826278]],"armWidth":63.5437,"confidence":0.463402,"direction":[0.0950241,0.762736,-0.63969],"elbow":[153.756,90.2159,274.307],"grabStrength":0,"id":699,"palmNormal":[-0.186365,-0.617606,-0.764088],"palmPosition":[62.8305,253.744,14.7244],"palmVelocity":[94.5615,286.829,-245.701],"palmWidth":90.7382,"pinchStrength":0.748074,"r":[[0.946051,-0.247695,0.208889],[0.23094,0.967659,0.101505],[-0.227276,-0.0477876,0.972657]],"s":1.05601,"sphereCenter":[47.3503,244.933,-27.3565],"sphereRadius":45.9717,"stabilizedPalmPosition":[57.3941,237.988,30.5914],"t":[26.7514,-31.7863,-142.3],"timeVisible":158.608,"type":"right","wrist":[65.9497,213.872,51.8294]}],"id":4294890,"interactionBox":{"center":[0,200,0],"size":[235.247,235.247,147.751]},"pointables":[{"bases":[[[0.578726,0.624049,0.525013],[-0.740727,0.132911,0.658527],[0.341174,-0.769998,0.539169]],[[0.393635,0.880207,0.265117],[-0.768157,0.156532,0.620832],[0.504961,-0.448033,0.737754]],[[0.393635,0.880207,0.265117],[-0.918072,0.391119,0.064572],[-0.0468558,-0.268815,0.962052]],[[0.393635,0.880207,0.265117],[-0.445515,0.434934,-0.782527],[-0.804094,0.189916,0.563351]]],"btipPosition":[31.0412,237.082,-34.4282],"carpPosition":[35.8181,210.071,48.1557],"dipPosition":[12.2746,241.514,-21.2802],"direction":[0.0468558,0.268815,-0.962052],"extended":false,"handId":699,"id":6990,"length":51.9721,"mcpPosition":[35.8181,210.071,48.1557],"pipPosition":[10.6814,232.374,11.4307],"stabilizedTipPosition":[19.2858,218.302,-9.76661],"timeVisible":158.608,"tipPosition":[27.6929,237.427,-31.2851],"tipVelocity":[105.191,326.792,-281.536],"tool":false,"touchDistance":-0.594379,"touchZone":"hovering","type":0,"width":20.194},{"bases":[[[0.979947,-0.0610346,-0.18968],[0.173843,0.727089,0.664168],[0.0973773,-0.683824,0.723119]],[[0.981204,-0.07052,-0.179625],[0.156066,0.837468,0.523728],[0.113497,-0.541917,0.832733]],[[0.981204,-0.07052,-0.179625],[0.127756,0.93502,0.330781],[0.144627,-0.347512,0.926455]],[[0.981204,-0.07052,-0.179625],[0.102299,0.979362,0.174315],[0.163625,-0.189414,0.968168]]],"btipPosition":[30.0504,313.701,-71.9988],"carpPosition":[48.3311,228.71,55.5575],"dipPosition":[32.8383,310.474,-55.5029],"direction":[-0.144627,0.347512,-0.926455],"extended":true,"handId":699,"id":6991,"length":58.6448,"mcpPosition":[41.187,278.88,2.50514],"pipPosition":[36.3243,302.097,-33.1721],"stabilizedTipPosition":[25.5692,301.643,-58.1047],"timeVisible":158.608,"tipPosition":[30.1448,313.188,-68.0058],"tipVelocity":[147.447,314.154,-244.517],"tool":false,"touchDistance":-0.561104,"touchZone":"hovering","type":1,"width":19.2893},{"bases":[[[0.940003,-0.275911,-0.200667],[0.339108,0.691114,0.638254],[-0.0374178,-0.668008,0.743213]],[[0.94016,-0.272941,-0.203967],[0.0970997,0.788406,-0.607444],[0.326605,0.551289,0.76773]],[[0.94016,-0.272941,-0.203967],[-0.295027,-0.352602,-0.888049],[0.170465,0.895084,-0.412027]],[[0.94016,-0.272941,-0.203967],[-0.340001,-0.790709,-0.509096],[-0.0223258,0.54798,-0.836193]]],"btipPosition":[42.9614,213.931,-7.30091],"carpPosition":[60.4726,229.605,53.9561],"dipPosition":[42.543,224.2,-22.9712],"direction":[-0.170465,-0.895084,0.412027],"extended":false,"handId":699,"id":6992,"length":66.821,"mcpPosition":[63.0759,276.081,2.24718],"pipPosition":[47.377,249.583,-34.6553],"stabilizedTipPosition":[33.3526,198.071,10.3559],"timeVisible":158.608,"tipPosition":[42.9864,216.353,-10.481],"tipVelocity":[116.676,295.674,-291.589],"tool":false,"touchDistance":0.333333,"touchZone":"none","type":2,"width":18.9446},{"bases":[[[0.895995,-0.422516,-0.136649],[0.404035,0.647988,0.645653],[-0.184251,-0.633713,0.751305]],[[0.901175,-0.403088,-0.159389],[0.20951,0.726972,-0.653925],[0.37946,0.555907,0.739579]],[[0.901175,-0.403088,-0.159389],[-0.3178,-0.364366,-0.875352],[0.294768,0.839498,-0.456459]],[[0.901175,-0.403088,-0.159389],[-0.426312,-0.757736,-0.494059],[0.0783745,0.513183,-0.854693]]],"btipPosition":[57.2662,209.472,0.125402],"carpPosition":[72.2672,227.408,51.4748],"dipPosition":[58.7265,219.034,-15.7995],"direction":[-0.294767,-0.839498,0.456459],"extended":false,"handId":699,"id":6993,"length":64.2502,"mcpPosition":[83.7768,266.994,4.54332],"pipPosition":[66.8696,242.225,-28.4093],"stabilizedTipPosition":[49.449,195.287,14.4325],"timeVisible":158.608,"tipPosition":[57.7024,211.807,-3.2874],"tipVelocity":[114.879,293.917,-269.721],"tool":false,"touchDistance":0.333333,"touchZone":"none","type":3,"width":18.027},{"bases":[[[0.789491,-0.594241,-0.153565],[0.5206,0.515833,0.680361],[-0.325085,-0.617085,0.716607]],[[0.727841,-0.684703,-0.0378061],[0.519777,0.586807,-0.620877],[0.447301,0.432249,0.782995]],[[0.727841,-0.684703,-0.0378061],[-0.31111,-0.280574,-0.908014],[0.611112,0.672652,-0.417231]],[[0.727841,-0.684703,-0.0378061],[-0.592953,-0.600702,-0.53625],[0.344462,0.412722,-0.843212]]],"btipPosition":[67.4299,218.979,-0.132078],"carpPosition":[82.245,218.752,46.283],"dipPosition":[73.3509,226.073,-14.6261],"direction":[-0.611112,-0.672652,0.417231],"extended":false,"handId":699,"id":6994,"length":50.3709,"mcpPosition":[101.043,254.435,4.84539],"pipPosition":[85.2704,239.193,-22.7641],"stabilizedTipPosition":[62.7953,207.216,9.98101],"timeVisible":158.608,"tipPosition":[68.8248,220.744,-3.16701],"tipVelocity":[113.277,296.457,-261.062],"tool":false,"touchDistance":0.333333,"touchZone":"none","type":4,"width":16.013}],"r":[[0.946051,-0.247695,0.208889],[0.23094,0.967659,0.101505],[-0.227276,-0.0477876,0.972657]],"s":1.05601,"t":[26.7514,-31.7863,-142.3],"timestamp":523876756222},false],[5,{"currentFrameRate":107.758,"devices":[],"gestures":[],"hands":[{"armBasis":[[0.924894,-0.042354,-0.377859],[0.207315,0.889235,0.407776],[0.318734,-0.455485,0.831229]],"armWidth":63.5437,"confidence":0.47894,"direction":[0.0993373,0.769363,-0.631041],"elbow":[152.184,92.6743,273.786],"grabStrength":0,"id":699,"palmNormal":[-0.182114,-0.609409,-0.771657],"palmPosition":[63.4923,255.576,13.2744],"palmVelocity":[89.4442,265.956,-224.143],"palmWidth":90.7382,"pinchStrength":0.740458,"r":[[0.945213,-0.24709,0.213353],[0.22857,0.96753,0.107894],[-0.233085,-0.0532166,0.970999]],"s":1.05648,"sphereCenter":[48.5417,247.014,-29.1086],"sphereRadius":45.9517,"stabilizedPalmPosition":[58.4844,241.132,27.4955],"t":[27.5164,-29.3927,-144.251],"timeVisible":158.616,"type":"right","wrist":[66.3638,215.315,49.9757]}],"id":4294891,"interactionBox":{"center":[0,200,0],"size":[235.247,235.247,147.751]},"pointables":[{"bases":[[[0.575916,0.61811,0.535034],[-0.744611,0.12646,0.65541],[0.337455,-0.775853,0.533082]],[[0.393242,0.876514,0.27764],[-0.77233,0.151064,0.616998],[0.498866,-0.457059,0.736363]],[[0.393242,0.876514,0.27764],[-0.918229,0.389857,0.069772],[-0.0470836,-0.282374,0.958148]],[[0.393242,0.876514,0.27764],[-0.449241,0.446639,-0.773755],[-0.802212,0.179546,0.569403]]],"btipPosition":[31.743,239.735,-36.4426],"carpPosition":[36.2527,211.572,46.0806],"dipPosition":[13.0203,243.926,-23.1534],"direction":[0.0470836,0.282374,-0.958148],"extended":false,"handId":699,"id":6990,"length":51.9721,"mcpPosition":[36.2527,211.572,46.0806],"pipPosition":[11.4194,234.325,9.42486],"stabilizedTipPosition":[20.6445,222.035,-13.7038],"timeVisible":158.616,"tipPosition":[28.3937,239.992,-33.2174],"tipVelocity":[98.7533,318.623,-266.649],"tool":false,"touchDistance":-0.593003,"touchZone":"hovering","type":0,"width":20.194},{"bases":[[[0.981038,-0.0596789,-0.184398],[0.170261,0.719946,0.672822],[0.0926036,-0.69146,0.716455]],[[0.982295,-0.0698516,-0.173831],[0.153015,0.834502,0.529333],[0.108088,-0.54656,0.830415]],[[0.982295,-0.0698516,-0.173831],[0.125931,0.933178,0.336631],[0.138701,-0.352562,0.925452]],[[0.982295,-0.0698516,-0.173831],[0.101499,0.978338,0.180422],[0.157463,-0.194871,0.968107]]],"btipPosition":[31.281,316.089,-73.1893],"carpPosition":[48.7319,230.124,53.7535],"dipPosition":[33.9639,312.768,-56.6944],"direction":[-0.138701,0.352562,-0.925452],"extended":true,"handId":699,"id":6991,"length":58.6448,"mcpPosition":[41.9379,280.854,1.19011],"pipPosition":[37.3071,304.271,-34.3878],"stabilizedTipPosition":[26.9838,304.702,-60.6285],"timeVisible":158.616,"tipPosition":[31.3958,315.66,-69.1477],"tipVelocity":[144.809,302.289,-215.337],"tool":false,"touchDistance":-0.551189,"touchZone":"hovering","type":1,"width":19.2893},{"bases":[[[0.941034,-0.274402,-0.197887],[0.335658,0.684136,0.647527],[-0.0423009,-0.675767,0.7359]],[[0.941216,-0.271339,-0.201217],[0.101404,0.795132,-0.597898],[0.322227,0.542347,0.775906]],[[0.941216,-0.271339,-0.201217],[-0.289623,-0.341589,-0.894112],[0.173874,0.899829,-0.400095]],[[0.941216,-0.271339,-0.201217],[-0.337406,-0.784137,-0.520851],[-0.0164546,0.558125,-0.829594]]],"btipPosition":[43.7156,215.999,-9.36839],"carpPosition":[60.8833,231.028,52.2349],"dipPosition":[43.4072,226.458,-24.915],"direction":[-0.173874,-0.899829,0.400095],"extended":false,"handId":699,"id":6992,"length":66.821,"mcpPosition":[63.8264,278.044,1.03473],"pipPosition":[48.3379,251.975,-36.2607],"stabilizedTipPosition":[34.8685,201.065,6.92404],"timeVisible":158.616,"tipPosition":[43.7642,218.46,-12.508],"tipVelocity":[109.224,280.966,-275.752],"tool":false,"touchDistance":0.333333,"touchZone":"none","type":2,"width":18.9446},{"bases":[[[0.896553,-0.421643,-0.135683],[0.400513,0.640892,0.654863],[-0.18916,-0.641463,0.743468]],[[0.901882,-0.401976,-0.158189],[0.213863,0.733652,-0.644994],[0.375328,0.547878,0.747635]],[[0.901882,-0.401976,-0.158189],[-0.312741,-0.354967,-0.881017],[0.297996,0.844046,-0.445853]],[[0.901882,-0.401976,-0.158189],[-0.423773,-0.752234,-0.50454],[0.0838177,0.522072,-0.848773]]],"btipPosition":[57.9905,211.464,-1.82026],"carpPosition":[72.6914,228.85,49.8018],"dipPosition":[59.5522,221.191,-17.6348],"direction":[-0.297996,-0.844046,0.445853],"extended":false,"handId":699,"id":6993,"length":64.2502,"mcpPosition":[84.5076,268.92,3.3599],"pipPosition":[67.7845,244.508,-29.9517],"stabilizedTipPosition":[51.005,198.507,10.9554],"timeVisible":158.616,"tipPosition":[58.4477,213.833,-5.20867],"tipVelocity":[106.934,277.182,-256.119],"tool":false,"touchDistance":0.333333,"touchZone":"none","type":3,"width":18.027},{"bases":[[[0.790051,-0.59311,-0.155048],[0.516789,0.508303,0.688881],[-0.329772,-0.624378,0.708098]],[[0.727659,-0.684734,-0.0406363],[0.523886,0.593015,-0.611455],[0.442782,0.423642,0.790235]],[[0.727659,-0.684734,-0.0406363],[-0.305683,-0.270671,-0.91285],[0.61406,0.676666,-0.406268]],[[0.727659,-0.684734,-0.0406363],[-0.58999,-0.594556,-0.546273],[0.349891,0.421476,-0.836621]]],"btipPosition":[68.1597,220.966,-1.92601],"carpPosition":[82.6952,220.242,44.5794],"dipPosition":[74.174,228.21,-16.3068],"direction":[-0.61406,-0.676666,0.406268],"extended":false,"handId":699,"id":6994,"length":50.3709,"mcpPosition":[101.764,256.347,3.63387],"pipPosition":[86.151,241.408,-24.2309],"stabilizedTipPosition":[64.1698,210.356,6.8819],"timeVisible":158.616,"tipPosition":[69.5742,222.761,-4.93415],"tipVelocity":[105.872,278.762,-245.116],"tool":false,"touchDistance":0.333333,"touchZone":"none","type":4,"width":16.013}],"r":[[0.945213,-0.24709,0.213353],[0.22857,0.96753,0.107894],[-0.233085,-0.0532166,0.970999]],"s":1.05648,"t":[27.5164,-29.3927,-144.251],"timestamp":523876764988},false],[6,{"currentFrameRate":107.9,"devices":[],"gestures":[],"hands":[{"armBasis":[[0.925979,-0.0406028,-0.375385],[0.202642,0.892325,0.40335],[0.318588,-0.449563,0.834503]],"armWidth":63.5437,"confidence":0.498612,"direction":[0.100231,0.773204,-0.626186],"elbow":[152.713,95.4708,273.589],"grabStrength":0,"id":699,"palmNormal":[-0.176319,-0.605592,-0.775996],"palmPosition":[64.126,256.976,12.4081],"palmVelocity":[84.1879,235.541,-188.96],"palmWidth":90.7382,"pinchStrength":0.731265,"r":[[0.944448,-0.246298,0.217612],[0.225946,0.967409,0.114315],[-0.238675,-0.058796,0.969318]],"s":1.05698,"sphereCenter":[49.6639,248.439,-30.198],"sphereRadius":45.9444,"stabilizedPalmPosition":[59.5586,244.149,24.6228],"t":[28.2157,-27.4962,-145.66],"timeVisible":158.625,"type":"right","wrist":[66.9318,216.517,48.8966]}],"id":4294892,"interactionBox":{"center":[0,200,0],"size":[235.247,235.247,147.751]},"pointables":[{"bases":[[[0.571297,0.616809,0.541449],[-0.748332,0.120527,0.652283],[0.337074,-0.777831,0.530434]],[[0.389858,0.875503,0.285491],[-0.776421,0.145807,0.613115],[0.495158,-0.460689,0.736603]],[[0.389858,0.875503,0.285491],[-0.919781,0.385317,0.0743899],[-0.0448759,-0.291591,0.95549]],[[0.389858,0.875503,0.285491],[-0.455521,0.452781,-0.766479],[-0.80032,0.168771,0.57533]]],"btipPosition":[32.4081,241.614,-37.757],"carpPosition":[36.8524,212.706,44.8261],"dipPosition":[13.7296,245.553,-24.3295],"direction":[0.0448759,0.291591,-0.95549],"extended":false,"handId":699,"id":6990,"length":51.9721,"mcpPosition":[36.8524,212.706,44.8261],"pipPosition":[12.2038,235.639,8.15837],"stabilizedTipPosition":[22.016,225.798,-17.5543],"timeVisible":158.625,"tipPosition":[29.0655,241.785,-34.4546],"tipVelocity":[92.2073,286.6,-232.48],"tool":false,"touchDistance":-0.581275,"touchZone":"hovering","type":0,"width":20.194},{"bases":[[[0.982144,-0.0556936,-0.179696],[0.164637,0.716648,0.677725],[0.0910338,-0.695208,0.713021]],[[0.983435,-0.0664403,-0.168645],[0.147537,0.833912,0.531811],[0.105302,-0.547883,0.829901]],[[0.983435,-0.0664403,-0.168645],[0.121161,0.932959,0.33898],[0.134817,-0.353798,0.925555]],[[0.983435,-0.0664403,-0.168645],[0.0974378,0.978314,0.182775],[0.152845,-0.19618,0.968582]]],"btipPosition":[32.1919,317.6,-74.0123],"carpPosition":[49.2359,231.252,52.6672],"dipPosition":[34.7961,314.257,-57.5093],"direction":[-0.134817,0.353798,-0.925555],"extended":true,"handId":699,"id":6991,"length":58.6448,"mcpPosition":[42.5572,282.256,0.355681],"pipPosition":[38.0457,305.73,-35.2002],"stabilizedTipPosition":[28.4235,307.709,-63.0056],"timeVisible":158.625,"tipPosition":[32.3213,317.231,-69.9398],"tipVelocity":[132.239,265.138,-181.194],"tool":false,"touchDistance":-0.53672,"touchZone":"hovering","type":1,"width":19.2893},{"bases":[[[0.94286,-0.270456,-0.194597],[0.330268,0.681478,0.653078],[-0.0440153,-0.68003,0.731862]],[[0.94305,-0.267368,-0.197916],[0.102033,0.79878,-0.592908],[0.316616,0.538948,0.78057]],[[0.94305,-0.267368,-0.197916],[-0.283988,-0.337273,-0.897551],[0.173225,0.902641,-0.393995]],[[0.94305,-0.267368,-0.197916],[-0.332363,-0.782064,-0.527172],[-0.0138336,0.56293,-0.826389]]],"btipPosition":[44.5828,217.461,-10.5636],"carpPosition":[61.3922,232.2,51.216],"dipPosition":[44.3235,228.011,-26.0501],"direction":[-0.173225,-0.902641,0.393995],"extended":false,"handId":699,"id":6992,"length":66.821,"mcpPosition":[64.4545,279.513,0.296796],"pipPosition":[49.2358,253.608,-37.2229],"stabilizedTipPosition":[36.3785,204.009,3.63186],"timeVisible":158.625,"tipPosition":[44.6396,219.943,-13.6923],"tipVelocity":[105.999,248.983,-235.993],"tool":false,"touchDistance":0.333333,"touchZone":"none","type":2,"width":18.9446},{"bases":[[[0.898509,-0.418178,-0.133451],[0.395216,0.638388,0.660503],[-0.191015,-0.64621,0.738868]],[[0.903908,-0.398308,-0.155887],[0.214598,0.737579,-0.640254],[0.369997,0.545278,0.752179]],[[0.903908,-0.398308,-0.155887],[-0.307361,-0.351415,-0.884328],[0.297455,0.847265,-0.440071]],[[0.903908,-0.398308,-0.155887],[-0.418917,-0.750816,-0.510669],[0.0863616,0.526902,-0.845527]]],"btipPosition":[58.8392,212.919,-2.92617],"carpPosition":[73.2191,230.071,48.8313],"dipPosition":[60.4483,222.736,-18.6803],"direction":[-0.297455,-0.847265,0.440071],"extended":false,"handId":699,"id":6993,"length":64.2502,"mcpPosition":[85.1511,270.438,2.67668],"pipPosition":[68.6656,246.142,-30.8374],"stabilizedTipPosition":[52.5233,201.592,7.71586],"timeVisible":158.625,"tipPosition":[59.3017,215.31,-6.32021],"tipVelocity":[103.76,246.009,-219.03],"tool":false,"touchDistance":0.333333,"touchZone":"none","type":3,"width":18.027},{"bases":[[[0.792627,-0.589853,-0.154326],[0.511717,0.505959,0.694371],[-0.331494,-0.629348,0.702874]],[[0.729899,-0.682342,-0.0407056],[0.525899,0.598599,-0.604244],[0.436667,0.41963,0.795759]],[[0.729899,-0.682342,-0.0407056],[-0.299096,-0.265261,-0.916612],[0.614645,0.681209,-0.397699]],[[0.729899,-0.682342,-0.0407056],[-0.584914,-0.592646,-0.553757],[0.353728,0.427996,-0.831683]]],"btipPosition":[68.9779,222.475,-3.03821],"carpPosition":[83.2755,221.523,43.612],"dipPosition":[75.0581,229.832,-17.3341],"direction":[-0.614645,-0.681209,0.397699],"extended":false,"handId":699,"id":6994,"length":50.3709,"mcpPosition":[102.444,257.915,2.96846],"pipPosition":[87.0466,243.119,-25.0911],"stabilizedTipPosition":[65.5039,213.324,4.04279],"timeVisible":158.625,"tipPosition":[70.4029,224.285,-6.00957],"tipVelocity":[102.192,248.968,-211.072],"tool":false,"touchDistance":0.333333,"touchZone":"none","type":4,"width":16.013}],"r":[[0.944448,-0.246298,0.217612],[0.225946,0.967409,0.114315],[-0.238675,-0.058796,0.969318]],"s":1.05698,"t":[28.2157,-27.4962,-145.66],"timestamp":523876773999},false],[7,{"currentFrameRate":107.942,"devices":[],"gestures":[],"hands":[{"armBasis":[[0.928384,-0.0350517,-0.369966],[