{"sensorType":"Leap","data":[[0,{"currentFrameRate":110.636,"devices":[],"gestures":[],"hands":[{"armBasis":[[0.9012,-0.0822898,-0.425519],[0.27803,0.862933,0.421955],[0.332472,-0.498573,0.800555]],"armWidth":63.5437,"confidence":0.677687,"direction":[0.0746877,0.790145,-0.608353],"elbow":[155.512,81.3661,270.059],"grabStrength":0,"id":699,"palmNormal":[-0.273413,-0.570453,-0.774486],"palmPosition":[61.5469,257.404,19.7287],"palmVelocity":[216.705,213.253,-304.274],"palmWidth":90.7382,"pinchStrength":0.81121,"r":[[0.945203,-0.307779,0.108923],[0.291807,0.946034,0.140953],[-0.146427,-0.101445,0.984006]],"s":1.02036,"sphereCenter":[45.9758,249.006,-22.9477],"sphereRadius":45.3767,"stabilizedPalmPosition":[23.3957,246.638,119.372],"t":[24.3822,-26.9306,-137.247],"timeVisible":145.637,"type":"right","wrist":[65.9928,215.608,54.507]}],"id":4293498,"interactionBox":{"center":[0,200,0],"size":[235.247,235.247,147.751]},"pointables":[{"bases":[[[0.645018,0.574204,0.504224],[-0.678666,0.127165,0.723355],[0.351233,-0.808777,0.471716]],[[0.438063,0.860612,0.259705],[-0.709946,0.153993,0.687214],[0.551432,-0.48542,0.678447]],[[0.438063,0.860612,0.259705],[-0.89881,0.424318,0.10998],[-0.0155472,-0.281604,0.959405]],[[0.438063,0.860612,0.259705],[-0.443206,0.458116,-0.770518],[-0.782093,0.222433,0.582112]]],"btipPosition":[26.8616,241.689,-26.8073],"carpPosition":[35.5298,213.141,53.1721],"dipPosition":[8.60849,246.88,-13.2215],"direction":[0.0155472,0.281604,-0.959405],"extended":false,"handId":699,"id":6990,"length":51.9721,"mcpPosition":[35.5298,213.141,53.1721],"pipPosition":[8.07987,237.305,19.3994],"stabilizedTipPosition":[-27.0328,246.532,88.6316],"timeVisible":145.637,"tipPosition":[22.7631,243.338,-23.3705],"tipVelocity":[247.702,181.774,-346.061],"tool":false,"touchDistance":-0.753968,"touchZone":"hovering","type":0,"width":20.194},{"bases":[[[0.957919,-0.0883268,-0.273111],[0.257424,0.685272,0.681275],[0.126981,-0.722912,0.679172]],[[0.963847,-0.131905,-0.231517],[0.232458,0.840949,0.488639],[0.13024,-0.524792,0.841208]],[[0.963847,-0.131905,-0.231517],[0.202462,0.927417,0.314495],[0.173229,-0.349998,0.920594]],[[0.963847,-0.131905,-0.231517],[0.17529,0.968274,0.178096],[0.20068,-0.21224,0.95639]]],"btipPosition":[26.8807,318.466,-63.9658],"carpPosition":[49.3714,230.893,60.3875],"dipPosition":[30.2999,314.85,-47.6705],"direction":[-0.173229,0.349998,-0.920594],"extended":true,"handId":699,"id":6991,"length":58.6448,"mcpPosition":[40.0553,283.93,10.5594],"pipPosition":[34.4754,306.414,-25.4809],"stabilizedTipPosition":[-17.8753,325.821,71.2704],"timeVisible":145.637,"tipPosition":[27.0232,317.366,-60.2089],"tipVelocity":[264.464,175.011,-355.825],"tool":false,"touchDistance":-0.799048,"touchZone":"hovering","type":1,"width":19.2893},{"bases":[[[0.908253,-0.300702,-0.290954],[0.418391,0.644436,0.64004],[-0.00496012,-0.703051,0.711122]],[[0.908266,-0.297597,-0.294089],[0.08168,0.815499,-0.572966],[0.410342,0.496385,0.764998]],[[0.908266,-0.297597,-0.294089],[-0.382615,-0.306394,-0.871624],[0.169286,0.90419,-0.392152]],[[0.908266,-0.297597,-0.294089],[-0.411589,-0.761775,-0.500293],[-0.0751437,0.575443,-0.814383]]],"btipPosition":[38.5985,220.038,-2.03782],"carpPosition":[61.3697,231.408,57.8275],"dipPosition":[37.1904,230.822,-17.2993],"direction":[-0.169286,-0.90419,0.392152],"extended":false,"handId":699,"id":6992,"length":66.821,"mcpPosition":[61.7148,280.323,8.35126],"pipPosition":[41.9909,256.463,-28.4199],"stabilizedTipPosition":[-8.34071,214.742,86.3973],"timeVisible":145.637,"tipPosition":[38.2959,222.442,-5.16351],"tipVelocity":[259.344,195.923,-336.511],"tool":false,"touchDistance":0.333333,"touchZone":"none","type":2,"width":18.9446},{"bases":[[[0.863482,-0.448603,-0.230551],[0.481842,0.598565,0.63996],[-0.149088,-0.663683,0.733006]],[[0.868957,-0.420481,-0.260976],[0.196888,0.777547,-0.597207],[0.454036,0.467564,0.758443]],[[0.868957,-0.420481,-0.260976],[-0.398816,-0.28275,-0.872352],[0.293016,0.862118,-0.413393]],[[0.868957,-0.420481,-0.260976],[-0.494413,-0.714517,-0.494997],[0.0216648,0.559161,-0.828776]]],"btipPosition":[53.4067,215.286,1.55396],"carpPosition":[72.8219,228.896,54.2734],"dipPosition":[53.8103,225.705,-13.888],"direction":[-0.293016,-0.862118,0.413393],"extended":false,"handId":699,"id":6993,"length":64.2502,"mcpPosition":[82.135,270.354,8.48497],"pipPosition":[61.905,249.521,-25.3082],"stabilizedTipPosition":[10.1306,206.244,77.1665],"timeVisible":145.637,"tipPosition":[53.5972,217.565,-1.51601],"tipVelocity":[263.809,201.898,-305.255],"tool":false,"touchDistance":0.333333,"touchZone":"none","type":3,"width":18.027},{"bases":[[[0.74886,-0.615095,-0.246713],[0.595202,0.460502,0.658539],[-0.291452,-0.639997,0.710957]],[[0.690619,-0.712118,-0.126228],[0.519736,0.610059,-0.598082],[0.502912,0.347442,0.791432]],[[0.690619,-0.712118,-0.126228],[-0.375634,-0.204049,-0.904026],[0.618016,0.671753,-0.408415]],[[0.690619,-0.712118,-0.126228],[-0.65813,-0.546455,-0.51793],[0.299849,0.440767,-0.846059]]],"btipPosition":[63.886,224.222,1.35591],"carpPosition":[81.9745,220.144,47.8647],"dipPosition":[69.0401,231.798,-13.1871],"direction":[-0.618016,-0.671753,0.408415],"extended":false,"handId":699,"id":6994,"length":50.3709,"mcpPosition":[98.8276,257.152,6.75386],"pipPosition":[81.0943,244.9,-21.1531],"stabilizedTipPosition":[24.7491,212.884,70.6038],"timeVisible":145.637,"tipPosition":[65.1053,225.753,-1.39494],"tipVelocity":[258.613,215.482,-308.822],"tool":false,"touchDistance":0.333333,"touchZone":"none","type":4,"width":16.013}],"r":[[0.945203,-0.307779,0.108923],[0.291807,0.946034,0.140953],[-0.146427,-0.101445,0.984006]],"s":1.02036,"t":[24.3822,-26.9306,-137.247],"timestamp":523863785679},false],[1,{"currentFrameRate":110.633,"devices":[],"gestures":[],"hands":[{"armBasis":[[0.905156,-0.0736868,-0.418644],[0.266415,0.865771,0.423632],[0.331234,-0.494987,0.803289]],"armWidth":63.5437,"confidence":0.5832,"direction":[0.076054,0.791069,-0.606981],"elbow":[156.989,84.1436,268.698],"grabStrength":0,"id":699,"palmNormal":[-0.259882,-0.571978,-0.778012],"palmPosition":[63.4618,259.204,17.6048],"palmVelocity":[215.334,209.329,-285.129],"palmWidth":90.7382,"pinchStrength":0.797782,"r":[[0.946045,-0.301399,0.118982],[0.28417,0.948151,0.142327],[-0.155711,-0.100837,0.982642]],"s":1.02154,"sphereCenter":[48.5381,250.689,-25.3287],"sphereRadius":45.4319,"stabilizedPalmPosition":[25.5322,247.308,113.946],"t":[26.3165,-25.1509,-139.56],"timeVisible":145.646,"type":"right","wrist":[67.8035,217.42,52.4107]}],"id":4293499,"interactionBox":{"center":[0,200,0],"size":[235.247,235.247,147.751]},"pointables":[{"bases":[[[0.63465,0.57867,0.512211],[-0.688186,0.121642,0.715265],[0.351596,-0.80644,0.475432]],[[0.428988,0.863278,0.265934],[-0.717969,0.147203,0.680332],[0.548169,-0.482787,0.682956]],[[0.428988,0.863278,0.265934],[-0.903181,0.414892,0.110131],[-0.0152603,-0.287431,0.95768]],[[0.428988,0.863278,0.265934],[-0.451658,0.459946,-0.764496],[-0.782288,0.207849,0.587218]]],"btipPosition":[28.867,243.682,-29.5538],"carpPosition":[37.378,214.727,50.7106],"dipPosition":[10.6093,248.533,-15.8488],"direction":[0.0152603,0.287431,-0.95768],"extended":false,"handId":699,"id":6990,"length":51.9721,"mcpPosition":[37.378,214.727,50.7106],"pipPosition":[10.0904,238.76,16.7135],"stabilizedTipPosition":[-24.7075,246.454,83.4577],"timeVisible":145.646,"tipPosition":[24.9334,245.07,-26.0687],"tipVelocity":[240.51,190.039,-333.539],"tool":false,"touchDistance":-0.747689,"touchZone":"hovering","type":0,"width":20.194},{"bases":[[[0.961744,-0.0810131,-0.261696],[0.244152,0.686734,0.68468],[0.124247,-0.722381,0.680242]],[[0.967546,-0.12508,-0.219565],[0.220757,0.841218,0.493577],[0.122966,-0.52603,0.84153]],[[0.967546,-0.12508,-0.219565],[0.192362,0.928028,0.319001],[0.163862,-0.350884,0.92197]],[[0.967546,-0.12508,-0.219565],[0.16659,0.969075,0.182049],[0.190005,-0.212718,0.958462]]],"btipPosition":[29.4288,320.194,-66.4134],"carpPosition":[50.9996,232.577,58.1006],"dipPosition":[32.6661,316.57,-50.0828],"direction":[-0.163862,0.350884,-0.92197],"extended":true,"handId":699,"id":6991,"length":58.6448,"mcpPosition":[41.8841,285.575,8.19402],"pipPosition":[36.6158,308.112,-27.8601],"stabilizedTipPosition":[-15.4329,325.493,64.4628],"timeVisible":145.646,"tipPosition":[29.5397,319.054,-62.6744],"tipVelocity":[267.953,179.365,-332.088],"tool":false,"touchDistance":-0.784069,"touchZone":"hovering","type":1,"width":19.2893},{"bases":[[[0.91388,-0.293741,-0.280248],[0.4059,0.647125,0.645348],[-0.00821007,-0.703524,0.710624]],[[0.913908,-0.290509,-0.283506],[0.0825602,0.816861,-0.570896],[0.397436,0.498341,0.77052]],[[0.913908,-0.290509,-0.283506],[-0.369823,-0.307976,-0.876574],[0.167339,0.905956,-0.388899]],[[0.913908,-0.290509,-0.283506],[-0.399899,-0.764214,-0.506021],[-0.0696559,0.575831,-0.814596]]],"btipPosition":[41.0512,221.695,-4.49995],"carpPosition":[63.0235,233.183,55.6845],"dipPosition":[39.7458,232.486,-19.7655],"direction":[-0.167339,-0.905956,0.388899],"extended":false,"handId":699,"id":6992,"length":66.821,"mcpPosition":[63.5947,282.131,6.24287],"pipPosition":[44.4912,258.177,-30.7937],"stabilizedTipPosition":[-5.48,215.292,80.8959],"timeVisible":145.646,"tipPosition":[40.7688,224.097,-7.62132],"tipVelocity":[263.33,192.454,-318.818],"tool":false,"touchDistance":0.333333,"touchZone":"none","type":2,"width":18.9446},{"bases":[[[0.869495,-0.44201,-0.220465],[0.469687,0.601728,0.646001],[-0.152879,-0.665245,0.730806]],[[0.875144,-0.41371,-0.250933],[0.199122,0.780584,-0.592486],[0.440992,0.468544,0.765502]],[[0.875144,-0.41371,-0.250933],[-0.385733,-0.283417,-0.878],[0.292118,0.86517,-0.407612]],[[0.875144,-0.41371,-0.250933],[-0.48307,-0.717358,-0.502036],[0.0276881,0.560572,-0.827642]]],"btipPosition":[55.851,217.092,-0.81132],"carpPosition":[74.5357,230.759,52.266],"dipPosition":[56.3669,227.537,-16.2322],"direction":[-0.292118,-0.86517,0.407612],"extended":false,"handId":699,"id":6993,"length":64.2502,"mcpPosition":[84.0856,272.314,6.61504],"pipPosition":[64.4368,251.438,-27.4926],"stabilizedTipPosition":[13.7754,207.297,70.6842],"timeVisible":145.646,"tipPosition":[56.0586,219.363,-3.85407],"tipVelocity":[266.378,201.471,-293.051],"tool":false,"touchDistance":0.333333,"touchZone":"none","type":3,"width":18.027},{"bases":[[[0.756319,-0.609341,-0.238088],[0.583844,0.464501,0.665857],[-0.295141,-0.642606,0.707071]],[[0.696884,-0.707493,-0.117503],[0.52493,0.614816,-0.5886],[0.488673,0.348505,0.79984]],[[0.696884,-0.707493,-0.117503],[-0.360803,-0.204257,-0.91],[0.619818,0.67656,-0.397609]],[[0.696884,-0.707493,-0.117503],[-0.647336,-0.549986,-0.527704],[0.308722,0.443812,-0.841262]]],"btipPosition":[66.2685,226.124,-0.91144],"carpPosition":[83.8292,222.079,45.9624],"dipPosition":[71.5751,233.753,-15.372],"direction":[-0.619818,-0.67656,0.397609],"extended":false,"handId":699,"id":6994,"length":50.3709,"mcpPosition":[100.896,259.238,5.07622],"pipPosition":[83.6644,246.949,-23.1272],"stabilizedTipPosition":[28.4867,214.195,64.0589],"timeVisible":145.646,"tipPosition":[67.514,227.654,-3.62221],"tipVelocity":[261.011,214.434,-292.219],"tool":false,"touchDistance":0.333333,"touchZone":"none","type":4,"width":16.013}],"r":[[0.946045,-0.301399,0.118982],[0.28417,0.948151,0.142327],[-0.155711,-0.100837,0.982642]],"s":1.02154,"t":[26.3165,-25.1509,-139.56],"timestamp":523863794723},false],[2,{"currentFrameRate":110.584,"devices":[],"gestures":[],"hands":[{"armBasis":[[0.911757,-0.0725149,-0.404278],[0.259641,0.864435,0.430509],[0.318254,-0.497487,0.806983]],"armWidth":63.5437,"confidence":0.587808,"direction":[0.0757417,0.790259,-0.608074],"elbow":[155.443,84.9127,268.037],"grabStrength":0,"id":699,"palmNormal":[-0.252076,-0.574842,-0.778469],"palmPosition":[65.4117,260.555,15.8397],"palmVelocity":[214.836,192.268,-259.608],"palmWidth":90.7382,"pinchStrength":0.779046,"r":[[0.946763,-0.29525,0.128324],[0.27688,0.950154,0.143337],[-0.164247,-0.100175,0.981319]],"s":1.02276,"sphereCenter":[51.123,251.718,-27.3576],"sphereRadius":45.4658,"stabilizedPalmPosition":[28.0799,248.155,107.678],"t":[28.2586,-23.5856,-141.599],"timeVisible":145.655,"type":"right","wrist":[69.7525,218.862,50.7551]}],"id":4293500,"interactionBox":{"center":[0,200,0],"size":[235.247,235.247,147.751]},"pointables":[{"bases":[[[0.628451,0.582953,0.51499],[-0.693243,0.119479,0.710731],[0.352792,-0.803673,0.479215]],[[0.424005,0.865052,0.26815],[-0.724367,0.146203,0.673734],[0.543611,-0.479906,0.688606]],[[0.424005,0.865052,0.26815],[-0.905648,0.406534,0.120552],[-0.00472825,-0.293964,0.955805]],[[0.424005,0.865052,0.26815],[-0.46635,0.462354,-0.754153],[-0.776362,0.194713,0.599457]]],"btipPosition":[30.572,245.349,-31.8961],"carpPosition":[39.3525,216.009,48.8714],"dipPosition":[12.4526,249.893,-17.9055],"direction":[0.00472825,0.293964,-0.955805],"extended":false,"handId":699,"id":6990,"length":51.9721,"mcpPosition":[39.3525,216.009,48.8714],"pipPosition":[12.2918,239.898,14.593],"stabilizedTipPosition":[-22.1019,246.451,77.7413],"timeVisible":145.655,"tipPosition":[26.817,246.448,-28.2655],"tipVelocity":[226.528,185.809,-310.133],"tool":false,"touchDistance":-0.735404,"touchZone":"hovering","type":0,"width":20.194},{"bases":[[[0.96376,-0.0765442,-0.255553],[0.236335,0.689332,0.684812],[0.123742,-0.720391,0.68244]],[[0.969554,-0.120793,-0.213012],[0.213601,0.842552,0.49445],[0.119747,-0.524895,0.842701]],[[0.969554,-0.120793,-0.213012],[0.185962,0.929145,0.319542],[0.15932,-0.349426,0.923319]],[[0.969554,-0.120793,-0.213012],[0.16089,0.969998,0.182258],[0.184605,-0.210981,0.9599]]],"btipPosition":[31.641,321.301,-68.4722],"carpPosition":[52.8354,233.943,56.3103],"dipPosition":[34.7864,317.706,-52.1171],"direction":[-0.15932,0.349426,-0.923319],"extended":true,"handId":699,"id":6991,"length":58.6448,"mcpPosition":[43.7569,286.795,6.24239],"pipPosition":[38.6265,309.284,-29.8619],"stabilizedTipPosition":[-12.6389,325.199,56.9117],"timeVisible":145.655,"tipPosition":[31.7448,320.144,-64.7435],"tipVelocity":[260.172,163.412,-302.283],"tool":false,"touchDistance":-0.764794,"touchZone":"hovering","type":1,"width":19.2893},{"bases":[[[0.917113,-0.289553,-0.273977],[0.398527,0.650484,0.646566],[-0.00899744,-0.702161,0.711961]],[[0.917145,-0.286214,-0.277357],[0.0819989,0.816527,-0.571454],[0.390027,0.501363,0.772343]],[[0.917145,-0.286214,-0.277357],[-0.362711,-0.310973,-0.878486],[0.165185,0.906299,-0.38902]],[[0.917145,-0.286214,-0.277357],[-0.392792,-0.767009,-0.507358],[-0.0675221,0.574264,-0.815881]]],"btipPosition":[43.3305,222.898,-6.36984],"carpPosition":[64.8708,234.607,53.9677],"dipPosition":[42.0651,233.66,-21.6594],"direction":[-0.165185,-0.906299,0.38902],"extended":false,"handId":699,"id":6992,"length":66.821,"mcpPosition":[65.4968,283.46,4.43305],"pipPosition":[46.7494,259.361,-32.6912],"stabilizedTipPosition":[-2.1974,215.974,74.754],"timeVisible":145.655,"tipPosition":[43.0558,225.292,-9.4926],"tipVelocity":[259.801,175.384,-287.29],"tool":false,"touchDistance":0.333333,"touchZone":"none","type":2,"width":18.9446},{"bases":[[[0.873123,-0.437933,-0.214176],[0.462542,0.605419,0.647706],[-0.153985,-0.664592,0.731168]],[[0.878821,-0.409626,-0.244704],[0.204903,0.787134,-0.581752],[0.430916,0.461115,0.775683]],[[0.878821,-0.409626,-0.244704],[-0.374978,-0.275761,-0.885069],[0.295067,0.869576,-0.395945]],[[0.878821,-0.409626,-0.244704],[-0.475975,-0.716605,-0.509828],[0.0334827,0.564521,-0.824739]]],"btipPosition":[58.0604,218.664,-3.30428],"carpPosition":[76.4165,232.235,50.6257],"dipPosition":[58.6842,229.182,-18.6711],"direction":[-0.295067,-0.869576,0.395945],"extended":false,"handId":699,"id":6993,"length":64.2502,"mcpPosition":[86.0354,273.75,4.95212],"pipPosition":[66.8356,253.205,-29.6092],"stabilizedTipPosition":[17.7494,208.53,63.7499],"timeVisible":145.655,"tipPosition":[58.3067,220.871,-6.13109],"tipVelocity":[260.348,193.829,-287.105],"tool":false,"touchDistance":0.333333,"touchZone":"none","type":3,"width":18.027},{"bases":[[[0.760924,-0.605881,-0.232168],[0.57728,0.468825,0.668544],[-0.296212,-0.642737,0.706504]],[[0.700611,-0.704913,-0.11064],[0.528801,0.617043,-0.582776],[0.479076,0.349792,0.805066]],[[0.700611,-0.704913,-0.11064],[-0.35078,-0.20523,-0.913692],[0.621367,0.678953,-0.391056]],[[0.700611,-0.704913,-0.11064],[-0.640515,-0.552966,-0.532887],[0.314459,0.444213,-0.838922]]],"btipPosition":[68.5044,227.545,-2.7961],"carpPosition":[85.7938,223.592,44.3972],"dipPosition":[73.9097,235.181,-17.2164],"direction":[-0.621367,-0.678953,0.391056],"extended":false,"handId":699,"id":6994,"length":50.3709,"mcpPosition":[102.922,260.758,3.54387],"pipPosition":[86.0293,248.424,-24.8438],"stabilizedTipPosition":[32.5912,215.698,57.0784],"timeVisible":145.655,"tipPosition":[69.767,229.059,-5.46438],"tipVelocity":[257.218,198.143,-268.084],"tool":false,"touchDistance":0.333333,"touchZone":"none","type":4,"width":16.013}],"r":[[0.946763,-0.29525,0.128324],[0.27688,0.950154,0.143337],[-0.164247,-0.100175,0.981319]],"s":1.02276,"t":[28.2586,-23.5856,-141.599],"timestamp":523863803854},false],[3,{"currentFrameRate":110.637,"devices":[],"gestures":[],"hands":[{"armBasis":[[0.916883,-0.0683359,-0.393263],[0.251679,0.863682,0.436704],[0.309812,-0.499383,0.809094]],"armWidth":63.5437,"confidence":0.592379,"direction":[0.0800539,0.789901,-0.607986],"elbow":[154.632,86.7462,266.58],"grabStrength":0,"id":699,"palmNormal":[-0.240911,-0.576529,-0.780753],"palmPosition":[67.1347,262.848,13.7213],"palmVelocity":[208.769,209.756,-253.385],"palmWidth":90.7382,"pinchStrength":0.77838,"r":[[0.947132,-0.289616,0.138069],[0.270019,0.951946,0.14453],[-0.173293,-0.0996081,0.97982]],"s":1.02378,"sphereCenter":[53.6308,253.753,-29.8259],"sphereRadius":45.5135,"stabilizedPalmPosition":[30.9734,249.243,100.717],"t":[30.0912,-21.6567,-143.678],"timeVisible":145.664,"type":"right","wrist":[71.2143,221.206,48.7294]}],"id":4293501,"interactionBox":{"center":[0,200,0],"size":[235.247,235.247,147.751]},"pointables":[{"bases":[[[0.620313,0.585709,0.521686],[-0.701932,0.117742,0.702444],[0.350004,-0.801924,0.484164]],[[0.418886,0.865889,0.273443],[-0.733634,0.14527,0.663835],[0.535084,-0.478678,0.696098]],[[0.418886,0.865889,0.273443],[-0.908038,0.399865,0.124798],[-0.00127877,-0.300573,0.953758]],[[0.418886,0.865889,0.273443],[-0.475878,0.465805,-0.746033],[-0.773353,0.182378,0.607176]]],"btipPosition":[32.305,248.034,-34.7579],"carpPosition":[40.8486,218.242,46.4932],"dipPosition":[14.2559,252.291,-20.5871],"direction":[0.00127877,0.300573,-0.953758],"extended":false,"handId":699,"id":6990,"length":51.9721,"mcpPosition":[40.8486,218.242,46.4932],"pipPosition":[14.2124,242.071,11.8419],"stabilizedTipPosition":[-19.2855,246.595,71.6193],"timeVisible":145.664,"tipPosition":[28.6875,248.886,-31.0278],"tipVelocity":[218.067,215.038,-311.542],"tool":false,"touchDistance":-0.732501,"touchZone":"hovering","type":0,"width":20.194},{"bases":[[[0.96695,-0.0733803,-0.244178],[0.225862,0.690866,0.686797],[0.118297,-0.719249,0.684607]],[[0.972409,-0.117642,-0.201449],[0.204893,0.84356,0.496412],[0.111536,-0.523991,0.844389]],[[0.972409,-0.117642,-0.201449],[0.179021,0.929987,0.321053],[0.149576,-0.348258,0.925388]],[[0.972409,-0.117642,-0.201449],[0.155421,0.97068,0.18337],[0.173971,-0.20962,0.962182]]],"btipPosition":[34.1529,323.416,-71.0323],"carpPosition":[54.18,236.233,54.0703],"dipPosition":[37.1171,319.845,-54.6383],"direction":[-0.149576,0.348258,-0.925388],"extended":true,"handId":699,"id":6991,"length":58.6448,"mcpPosition":[45.501,289.001,3.84338],"pipPosition":[40.7224,311.451,-32.3332],"stabilizedTipPosition":[-9.5256,325.029,48.7686],"timeVisible":145.664,"tipPosition":[34.2283,322.261,-67.305],"tipVelocity":[264.539,183.54,-297.617],"tool":false,"touchDistance":-0.754915,"touchZone":"hovering","type":1,"width":19.2893},{"bases":[[[0.921276,-0.286572,-0.262921],[0.388627,0.652556,0.650492],[-0.0148423,-0.701461,0.712554]],[[0.92134,-0.28295,-0.266594],[0.0907045,0.82329,-0.560327],[0.378028,0.492071,0.784194]],[[0.92134,-0.28295,-0.266594],[-0.34905,-0.300158,-0.887733],[0.171164,0.910958,-0.375311]],[[0.92134,-0.28295,-0.266594],[-0.384597,-0.763466,-0.51885],[-0.0567269,0.580568,-0.812233]]],"btipPosition":[45.3108,225.376,-9.53763],"carpPosition":[66.2396,236.936,51.8679],"dipPosition":[44.2477,236.255,-24.7589],"direction":[-0.171163,-0.910958,0.375311],"extended":false,"handId":699,"id":6992,"length":66.821,"mcpPosition":[67.2722,285.741,2.29205],"pipPosition":[49.1015,262.088,-35.4018],"stabilizedTipPosition":[1.28728,216.852,68.2812],"timeVisible":145.664,"tipPosition":[45.1246,227.712,-12.4086],"tipVelocity":[250.729,203.96,-305.071],"tool":false,"touchDistance":0.333333,"touchZone":"none","type":2,"width":18.9446},{"bases":[[[0.877115,-0.435046,-0.203481],[0.452784,0.607721,0.652428],[-0.160177,-0.664387,0.730022]],[[0.883076,-0.406713,-0.23401],[0.208689,0.787094,-0.580459],[0.420268,0.463754,0.779941]],[[0.883076,-0.406713,-0.23401],[-0.363789,-0.278437,-0.888893],[0.296368,0.87009,-0.393839]],[[0.883076,-0.406713,-0.23401],[-0.467444,-0.719053,-0.514255],[0.0408891,0.563513,-0.825095]]],"btipPosition":[60.1631,220.906,-5.43596],"carpPosition":[77.8319,234.603,48.6638],"dipPosition":[60.9249,231.405,-20.8094],"direction":[-0.296368,-0.87009,0.393839],"extended":false,"handId":699,"id":6993,"length":64.2502,"mcpPosition":[87.8376,276.105,3.0617],"pipPosition":[69.1122,255.442,-31.6893],"stabilizedTipPosition":[21.9331,209.983,56.6061],"timeVisible":145.664,"tipPosition":[60.4301,223.115,-8.28307],"tipVelocity":[254.412,209.203,-273.823],"tool":false,"touchDistance":0.333333,"touchZone":"none","type":3,"width":18.027},{"bases":[[[0.76573,-0.60341,-0.222605],[0.567753,0.471556,0.674753],[-0.302182,-0.643063,0.703673]],[[0.70326,-0.70389,-0.0998211],[0.540274,0.620412,-0.568501],[0.462092,0.345874,0.816604]],[[0.70326,-0.70389,-0.0998211],[-0.332052,-0.201062,-0.921583],[0.628623,0.681259,-0.375127]],[[0.70326,-0.70389,-0.0998211],[-0.630525,-0.552678,-0.544964],[0.328426,0.446191,-0.832496]]],"btipPosition":[70.5851,230.018,-5.30306],"carpPosition":[87.312,225.986,42.5546],"dipPosition":[76.2305,237.687,-19.6129],"direction":[-0.628623,-0.681259,0.375127],"extended":false,"handId":699,"id":6994,"length":50.3709,"mcpPosition":[104.786,263.171,1.86492],"pipPosition":[88.4915,250.975,-26.9296],"stabilizedTipPosition":[36.8596,217.445,49.9443],"timeVisible":145.664,"tipPosition":[71.8871,231.498,-7.84595],"tipVelocity":[252.182,219.759,-270.635],"tool":false,"touchDistance":0.333333,"touchZone":"none","type":4,"width":16.013}],"r":[[0.947132,-0.289616,0.138069],[0.270019,0.951946,0.14453],[-0.173293,-0.0996081,0.97982]],"s":1.02378,"t":[30.0912,-21.6567,-143.678],"timestamp":523863812799},false],[4,{"currentFrameRate":110.648,"devices":[],"gestures":[],"hands":[{"armBasis":[[0.924808,-0.0516809,-0.376907],[0.233861,0.858661,0.456082],[0.300064,-0.509932,0.806183]],"armWidth":63.5437,"confidence":0.593439,"direction":[0.0779308,0.78587,-0.613462],"elbow":[153.342,86.3597,264.12],"grabStrength":0,"id":699,"palmNormal":[-0.221449,-0.586316,-0.779227],"palmPosition":[68.4027,264.948,11.6369],"palmVelocity":[190.027,216.131,-247.273],"palmWidth":90.7382,"pinchStrength":0.791809,"r":[[0.947698,-0.282203,0.149094],[0.261431,0.954331,0.144588],[-0.183089,-0.0980482,0.978195]],"s":1.02417,"sphereCenter":[55.8748,255.181,-32.1946],"sphereRadius":45.5395,"stabilizedPalmPosition":[34.1912,250.593,93.0591],"t":[31.6415,-19.642,-145.759],"timeVisible":145.673,"type":"right","wrist":[72.5493,223.66,47.0535]}],"id":4293502,"interactionBox":{"center":[0,200,0],"size":[235.247,235.247,147.751]},"pointables":[{"bases":[[[0.604429,0.598664,0.525612],[-0.713681,0.113715,0.691179],[0.354014,-0.792888,0.495987]],[[0.403848,0.87303,0.273361],[-0.746222,0.141511,0.650483],[0.529207,-0.466684,0.708622]],[[0.403848,0.87303,0.273361],[-0.914824,0.386068,0.118527],[-0.00205867,-0.297944,0.954581]],[[0.403848,0.87303,0.273361],[-0.483773,0.457417,-0.746146],[-0.776448,0.169084,0.607075]]],"btipPosition":[34.1114,249.668,-37.4971],"carpPosition":[42.2637,220.252,44.4031],"dipPosition":[15.9901,253.614,-23.3286],"direction":[0.00205867,0.297944,-0.954581],"extended":false,"handId":699,"id":6990,"length":51.9721,"mcpPosition":[42.2637,220.252,44.4031],"pipPosition":[15.9201,243.484,9.12829],"stabilizedTipPosition":[-16.2555,246.84,65.1039],"timeVisible":145.673,"tipPosition":[30.5255,250.339,-33.7274],"tipVelocity":[212.683,203.548,-309.424],"tool":false,"touchDistance":-0.72868,"touchZone":"hovering","type":0,"width":20.194},{"bases":[[[0.971338,-0.0618367,-0.229518],[0.206185,0.699646,0.684093],[0.118279,-0.711808,0.692343]],[[0.976796,-0.105766,-0.186235],[0.185999,0.85002,0.492819],[0.10618,-0.516023,0.849968]],[[0.976796,-0.105766,-0.186235],[0.161549,0.934748,0.316462],[0.140612,-0.339205,0.930144]],[[0.976796,-0.105766,-0.186235],[0.139432,0.97408,0.178119],[0.162569,-0.199953,0.966225]]],"btipPosition":[35.8457,324.403,-74.0736],"carpPosition":[55.2316,238.49,52.0191],"dipPosition":[38.6156,320.997,-57.6107],"direction":[-0.140612,0.339205,-0.930144],"extended":true,"handId":699,"id":6991,"length":58.6448,"mcpPosition":[46.554,290.712,1.22463],"pipPosition":[42.0049,312.821,-35.191],"stabilizedTipPosition":[-6.28141,324.929,40.3736],"timeVisible":145.673,"tipPosition":[35.8956,323.267,-70.3434],"tipVelocity":[242.053,164.326,-308.044],"tool":false,"touchDistance":-0.753138,"touchZone":"hovering","type":1,"width":19.2893},{"bases":[[[0.928911,-0.275797,-0.247105],[0.36998,0.663322,0.650476],[-0.0154886,-0.695658,0.718206]],[[0.928983,-0.271858,-0.251163],[0.0946008,0.830461,-0.548986],[0.357827,0.486238,0.797203]],[[0.928983,-0.271858,-0.251163],[-0.328538,-0.293181,-0.897835],[0.170447,0.91659,-0.361676]],[[0.928983,-0.271858,-0.251163],[-0.366931,-0.765373,-0.52874],[-0.0484913,0.58335,-0.810772]]],"btipPosition":[47.2643,227.448,-12.8525],"carpPosition":[67.3111,239.345,49.9857],"dipPosition":[46.3556,238.38,-28.0463],"direction":[-0.170447,-0.91659,0.361676],"extended":false,"handId":699,"id":6992,"length":66.821,"mcpPosition":[68.3888,287.745,0.0165145],"pipPosition":[51.1891,264.373,-38.3026],"stabilizedTipPosition":[4.93279,217.896,61.5404],"timeVisible":145.673,"tipPosition":[47.1596,229.685,-15.4127],"tipVelocity":[242.438,211.454,-322.081],"tool":false,"touchDistance":0.333333,"touchZone":"none","type":2,"width":18.9446},{"bases":[[[0.885955,-0.424376,-0.18705],[0.434718,0.619409,0.653722],[-0.161564,-0.660483,0.733253]],[[0.891982,-0.396139,-0.217813],[0.206353,0.785468,-0.583488],[0.402227,0.475514,0.782368]],[[0.891982,-0.396139,-0.217813],[-0.346754,-0.290398,-0.891869],[0.290051,0.871059,-0.396393]],[[0.891982,-0.396139,-0.217813],[-0.449817,-0.729666,-0.515027],[0.0450914,0.557371,-0.829039]]],"btipPosition":[62.2981,222.77,-7.29593],"carpPosition":[78.9803,237.147,46.9697],"dipPosition":[63.1383,233.155,-22.7428],"direction":[-0.290051,-0.871059,0.396393],"extended":false,"handId":699,"id":6993,"length":64.2502,"mcpPosition":[89.0727,278.405,1.16583],"pipPosition":[71.1511,257.218,-33.6933],"stabilizedTipPosition":[26.4439,211.671,49.1039],"timeVisible":145.673,"tipPosition":[62.5726,224.959,-10.1624],"tipVelocity":[250.113,207.722,-255.761],"tool":false,"touchDistance":0.333333,"touchZone":"none","type":3,"width":18.027},{"bases":[[[0.777213,-0.594439,-0.206352],[0.551232,0.48506,0.678867],[-0.303452,-0.641372,0.704669]],[[0.714046,-0.69515,-0.0831017],[0.541121,0.623315,-0.564506],[0.444214,0.358115,0.821235]],[[0.714046,-0.69515,-0.0831017],[-0.314587,-0.212544,-0.925127],[0.625439,0.686726,-0.370451]],[[0.714046,-0.69515,-0.0831017],[-0.614591,-0.565555,-0.549933],[0.335287,0.443751,-0.831065]]],"btipPosition":[72.5886,232.051,-7.12242],"carpPosition":[88.6674,228.614,41.072],"dipPosition":[78.3519,239.679,-21.4077],"direction":[-0.625439,-0.686726,0.370451],"extended":false,"handId":699,"id":6994,"length":50.3709,"mcpPosition":[106.214,265.701,0.324671],"pipPosition":[90.5509,253.073,-28.6332],"stabilizedTipPosition":[41.3965,219.448,42.5549],"timeVisible":145.673,"tipPosition":[73.9092,233.527,-9.66764],"tipVelocity":[244.761,221.053,-251.523],"tool":false,"touchDistance":0.333333,"touchZone":"none","type":4,"width":16.013}],"r":[[0.947698,-0.282203,0.149094],[0.261431,0.954331,0.144588],[-0.183089,-0.0980482,0.978195]],"s":1.02417,"t":[31.6415,-19.642,-145.759],"timestamp":523863821816},false],[5,{"currentFrameRate":110.612,"devices":[],"gestures":[],"hands":[{"armBasis":[[0.928013,-0.035255,-0.370875],[0.216512,0.861171,0.4599],[0.303173,-0.507092,0.806811]],"armWidth":63.5437,"confidence":0.593724,"direction":[0.0774392,0.781622,-0.618926],"elbow":[155.352,89.6799,262.271],"grabStrength":0,"id":699,"palmNormal":[-0.202503,-0.595519,-0.777399],"palmPosition":[69.5983,267.151,9.20875],"palmVelocity":[173.751,223.304,-252.662],"palmWidth":90.7382,"pinchStrength":0.785453,"r":[[0.94823,-0.273632,0.161202],[0.251752,0.957064,0.143699],[-0.193601,-0.0956768,0.976404]],"s":1.02459,"sphereCenter":[57.9719,256.822,-34.7771],"sphereRadius":45.5558,"stabilizedPalmPosition":[37.6115,252.193,84.9591],"t":[33.0144,-17.5331,-148.014],"timeVisible":145.682,"type":"right","wrist":[73.7214,226.216,45.0347]}],"id":4293503,"interactionBox":{"center":[0,200,0],"size":[235.247,235.247,147.751]},"pointables":[{"bases":[[[0.589061,0.610509,0.52942],[-0.725312,0.110603,0.679478],[0.356272,-0.784248,0.507961]],[[0.390237,0.87917,0.273452],[-0.758397,0.138531,0.636901],[0.522063,-0.455927,0.720819]],[[0.390237,0.87917,0.273452],[-0.92068,0.375179,0.10765],[-0.00795085,-0.293771,0.955843]],[[0.390237,0.87917,0.273452],[-0.481802,0.448082,-0.753053],[-0.784591,0.162119,0.598443]]],"btipPosition":[36.117,251.31,-40.386],"carpPosition":[43.5232,222.409,41.9628],"dipPosition":[17.8055,255.094,-26.419],"direction":[0.00795085,0.293771,-0.955843],"extended":false,"handId":699,"id":6990,"length":51.9721,"mcpPosition":[43.5232,222.409,41.9628],"pipPosition":[17.5352,245.105,6.08085],"stabilizedTipPosition":[-13.0657,247.194,58.3297],"timeVisible":145.682,"tipPosition":[32.4728,251.877,-36.668],"tipVelocity":[213.461,195.985,-313.025],"tool":false,"touchDistance":-0.728174,"touchZone":"hovering","type":0,"width":20.194},{"bases":[[[0.975359,-0.0516656,-0.214491],[0.187272,0.707852,0.681084],[0.116639,-0.704469,0.700085]],[[0.980715,-0.0952534,-0.170663],[0.168333,0.855365,0.489914],[0.0993128,-0.509194,0.854903]],[[0.980715,-0.0952534,-0.170663],[0.145684,0.938367,0.313438],[0.130288,-0.332256,0.934147]],[[0.980715,-0.0952534,-0.170663],[0.125313,0.97655,0.175062],[0.149985,-0.193072,0.969653]]],"btipPosition":[37.6418,325.668,-77.412],"carpPosition":[56.1499,240.87,49.6149],"dipPosition":[40.1973,322.378,-60.8907],"direction":[-0.130288,0.332256,-0.934147],"extended":true,"handId":699,"id":6991,"length":58.6448,"mcpPosition":[47.5926,292.554,-1.7475],"pipPosition":[43.3377,314.369,-38.3745],"stabilizedTipPosition":[-3.06061,324.928,32.1256],"timeVisible":145.682,"tipPosition":[37.6697,324.507,-73.6943],"tipVelocity":[228.137,158.085,-323.898],"tool":false,"touchDistance":-0.756033,"touchZone":"hovering","type":1,"width":19.2893},{"bases":[[[0.935837,-0.266276,-0.230879],[0.351988,0.673288,0.650221],[-0.0176903,-0.689768,0.723814]],[[0.935921,-0.262448,-0.234888],[0.0926635,0.826886,-0.554683],[0.339801,0.497374,0.798219]],[[0.935921,-0.262448,-0.234888],[-0.311371,-0.304835,-0.900068],[0.164619,0.915531,-0.367021]],[[0.935921,-0.262448,-0.234888],[-0.349522,-0.774304,-0.527529],[-0.0434261,0.575825,-0.816419]]],"btipPosition":[49.2903,229.188,-15.2654],"carpPosition":[68.2471,241.858,47.7544],"dipPosition":[48.4764,239.979,-30.5651],"direction":[-0.164619,-0.915531,0.367021],"extended":false,"handId":699,"id":6992,"length":66.821,"mcpPosition":[69.4779,289.848,-2.60492],"pipPosition":[53.1447,265.941,-40.9729],"stabilizedTipPosition":[8.74036,219.083,54.6162],"timeVisible":145.682,"tipPosition":[49.1939,231.412,-17.8857],"tipVelocity":[237.585,204.802,-307.006],"tool":false,"touchDistance":0.333333,"touchZone":"none","type":2,"width":18.9446},{"bases":[[[0.893819,-0.414872,-0.170202],[0.417206,0.630212,0.654807],[-0.164397,-0.656288,0.736383]],[[0.900002,-0.386587,-0.201364],[0.207427,0.78615,-0.582188],[0.383368,0.482202,0.787725]],[[0.900002,-0.386587,-0.201364],[-0.328516,-0.297966,-0.896266],[0.286486,0.872792,-0.39517]],[[0.900002,-0.386587,-0.201364],[-0.43287,-0.738428,-0.517058],[0.0511954,0.552517,-0.831928]]],"btipPosition":[64.3062,224.886,-9.74834],"carpPosition":[79.9864,239.78,44.9314],"dipPosition":[65.2601,235.18,-25.2491],"direction":[-0.286486,-0.872792,0.39517],"extended":false,"handId":699,"id":6993,"length":64.2502,"mcpPosition":[90.2557,280.776,-1.06794],"pipPosition":[73.1744,259.291,-36.1658],"stabilizedTipPosition":[31.1408,213.593,41.4056],"timeVisible":145.682,"tipPosition":[64.5906,227.025,-12.5704],"tipVelocity":[242.718,213.933,-259.913],"tool":false,"touchDistance":0.333333,"touchZone":"none","type":3,"width":18.027},{"bases":[[[0.787481,-0.58643,-0.189668],[0.534975,0.497539,0.682831],[-0.306065,-0.639184,0.705527]],[[0.723368,-0.687307,-0.0659347],[0.543872,0.626018,-0.558842],[0.425372,0.368389,0.826649]],[[0.723368,-0.687307,-0.0659347],[-0.295778,-0.22217,-0.929062],[0.623902,0.691556,-0.364002]],[[0.723368,-0.687307,-0.0659347],[-0.598718,-0.576822,-0.55571],[0.34391,0.441459,-0.828758]]],"btipPosition":[74.4836,234.213,-9.34857],"carpPosition":[89.8652,231.319,39.2518],"dipPosition":[80.3951,241.801,-23.5942],"direction":[-0.623902,-0.691556,0.364002],"extended":false,"handId":699,"id":6994,"length":50.3709,"mcpPosition":[107.563,268.28,-1.54515],"pipPosition":[92.5641,255.29,-30.6939],"stabilizedTipPosition":[46.0834,221.695,35.047],"timeVisible":145.682,"tipPosition":[75.8251,235.678,-11.8707],"tipVelocity":[235.648,225.325,-249.305],"tool":false,"touchDistance":0.333333,"touchZone":"none","type":4,"width":16.013}],"r":[[0.94823,-0.273632,0.161202],[0.251752,0.957064,0.143699],[-0.193601,-0.0956768,0.976404]],"s":1.02459,"t":[33.0144,-17.5331,-148.014],"timestamp":523863830920},false],[6,{"currentFrameRate":110.555,"devices":[],"gestures":[],"hands":[{"armBasis":[[0.930528,-0.0389593,-0.364142],[0.21593,0.861466,0.45962],[0.29579,-0.506319,0.810031]],"armWidth":63.5437,"confidence":0.594948,"direction":[0.0812308,0.791367,-0.605921],"elbow":[154.354,91.5532,260.747],"grabStrength":0,"id":699,"palmNormal":[-0.20035,-0.582557,-0.78771],"palmPosition":[70.801,269.396,7.4668],"palmVelocity":[161.985,229.452,-235.341],"palmWidth":90.7382,"pinchStrength":0.786787,"r":[[0.948287,-0.26758,0.170743],[0.244184,0.958648,0.14618],[-0.202797,-0.0969278,0.974412]],"s":1.02484,"sphereCenter":[59.4251,259.77,-36.761],"sphereRadius":45.5586,"stabilizedPalmPosition":[41.1936,254.049,76.5956],"t":[34.3022,-15.3564,-150.012],"timeVisible":145.691,"type":"right","wrist":[74.7117,227.881,42.644]}],"id":4293504,"interactionBox":{"center":[0,200,0],"size":[235.247,235.247,147.751]},"pointables":[{"bases":[[[0.58793,0.600878,0.541557],[-0.727864,0.10088,0.678261],[0.35292,-0.792949,0.496668]],[[0.390143,0.874345,0.288632],[-0.761999,0.130635,0.634265],[0.516861,-0.467391,0.717217]],[[0.390143,0.874345,0.288632],[-0.920695,0.374017,0.111501],[-0.0104626,-0.309243,0.950926]],[[0.390143,0.874345,0.288632],[-0.481545,0.460942,-0.745417],[-0.784795,0.151831,0.60087]]],"btipPosition":[37.4627,254.414,-42.6688],"carpPosition":[44.5198,224.176,39.3901],"dipPosition":[19.1465,257.958,-28.6452],"direction":[0.0104626,0.309243,-0.950926],"extended":false,"handId":699,"id":6990,"length":51.9721,"mcpPosition":[44.5198,224.176,39.3901],"pipPosition":[18.7908,247.443,3.68742],"stabilizedTipPosition":[-9.65822,247.785,51.1366],"timeVisible":145.691,"tipPosition":[33.7926,254.938,-38.912],"tipVelocity":[194.961,234.214,-294.966],"tool":false,"touchDistance":-0.717738,"touchZone":"hovering","type":0,"width":20.194},{"bases":[[[0.976129,-0.0498789,-0.211385],[0.185694,0.696454,0.693159],[0.112646,-0.715866,0.689091]],[[0.98124,-0.0942306,-0.168192],[0.167868,0.84662,0.50503],[0.094805,-0.523789,0.846556]],[[0.98124,-0.0942306,-0.168192],[0.146158,0.932508,0.330252],[0.12572,-0.348639,0.928787]],[[0.98124,-0.0942306,-0.168192],[0.126479,0.973069,0.192715],[0.145502,-0.210372,0.966733]]],"btipPosition":[39.3106,329.438,-78.2943],"carpPosition":[57.1461,242.489,47.3895],"dipPosition":[41.7897,325.854,-61.8228],"direction":[-0.12572,0.348639,-0.928787],"extended":true,"handId":699,"id":6991,"length":58.6448,"mcpPosition":[48.8817,295.01,-3.16635],"pipPosition":[44.82,317.451,-39.4358],"stabilizedTipPosition":[0.546956,325.238,23.1674],"timeVisible":145.691,"tipPosition":[39.3383,328.2,-74.6042],"tipVelocity":[214.882,226.773,-260.932],"tool":false,"touchDistance":-0.722169,"touchZone":"hovering","type":1,"width":19.2893},{"bases":[[[0.936319,-0.264129,-0.231392],[0.350475,0.662109,0.662404],[-0.0217536,-0.701318,0.712516]],[[0.936424,-0.260311,-0.235263],[0.0972658,0.836821,-0.538768],[0.33712,0.481632,0.808938]],[[0.936424,-0.260311,-0.235263],[-0.30776,-0.287358,-0.907033],[0.168506,0.921772,-0.349202]],[[0.936424,-0.260311,-0.235263],[-0.348752,-0.764122,-0.542669],[-0.0385066,0.590216,-0.806326]]],"btipPosition":[50.5047,231.93,-17.8497],"carpPosition":[69.2523,243.486,45.5937],"dipPosition":[49.783,242.991,-32.9602],"direction":[-0.168506,-0.921772,0.349202],"extended":false,"handId":699,"id":6992,"length":66.821,"mcpPosition":[70.7658,292.28,-3.97957],"pipPosition":[54.5615,269.13,-42.8628],"stabilizedTipPosition":[12.6054,220.513,47.5603],"timeVisible":145.691,"tipPosition":[50.4291,234.192,-20.4248],"tipVelocity":[209.051,233.136,-298.869],"tool":false,"touchDistance":0.333333,"touchZone":"none","type":2,"width":18.9446},{"bases":[[[0.89381,-0.413611,-0.173289],[0.415603,0.618852,0.666555],[-0.168454,-0.667793,0.725035]],[[0.900191,-0.384704,-0.204106],[0.211229,0.795553,-0.567872],[0.380839,0.46808,0.79741]],[[0.900191,-0.384704,-0.204106],[-0.325352,-0.282542,-0.902395],[0.289486,0.878734,-0.379506]],[[0.900191,-0.384704,-0.204106],[-0.431978,-0.729334,-0.530534],[0.0552371,0.565751,-0.822724]]],"btipPosition":[65.5272,227.477,-12.222],"carpPosition":[80.9995,241.435,42.7846],"dipPosition":[66.5564,238.018,-27.5512],"direction":[-0.289486,-0.878734,0.379506],"extended":false,"handId":699,"id":6993,"length":64.2502,"mcpPosition":[91.5222,283.149,-2.50587],"pipPosition":[74.5536,262.294,-38.0352],"stabilizedTipPosition":[35.7571,215.767,33.7853],"timeVisible":145.691,"tipPosition":[65.8193,229.659,-15.0214],"tipVelocity":[212.838,234.971,-261.642],"tool":false,"touchDistance":0.333333,"touchZone":"none","type":3,"width":18.027},{"bases":[[[0.787268,-0.58465,-0.195945],[0.533038,0.485542,0.692907],[-0.309968,-0.649949,0.693892]],[[0.721992,-0.688007,-0.0733051],[0.549661,0.634687,-0.54318],[0.420237,0.351879,0.83641]],[[0.721992,-0.688007,-0.0733051],[-0.28988,-0.204584,-0.934941],[0.628249,0.69627,-0.347147]],[[0.721992,-0.688007,-0.0733051],[-0.596947,-0.565835,-0.568757],[0.34983,0.454397,-0.819233]]],"btipPosition":[75.7257,236.833,-11.7553],"carpPosition":[90.8871,233.049,37.0089],"dipPosition":[81.739,244.644,-25.8372],"direction":[-0.628249,-0.69627,0.347147],"extended":false,"handId":699,"id":6994,"length":50.3709,"mcpPosition":[108.811,270.632,-3.11523],"pipPosition":[93.9928,258.225,-32.6082],"stabilizedTipPosition":[50.6574,224.191,27.6695],"timeVisible":145.691,"tipPosition":[77.0803,238.325,-14.2322],"tipVelocity":[208.563,243.901,-252.004],"tool":false,"touchDistance":0.333333,"touchZone":"none","type":4,"width":16.013}],"r":[[0.948287,-0.26758,0.170743],[0.244184,0.958648,0.14618],[-0.202797,-0.0969278,0.974412]],"s":1.02484,"t":[34.3022,-15.3564,-150.012],"timestamp":523863840067},false],[7,{"currentFrameRate":110.643,"devices":[],"gestures":[],"hands":[{"armBasis":[[0.929098,-0.0452211,-0.367058],[0.21918