{"sensorType":"Leap","data":[[0,{"currentFrameRate":110.557,"devices":[],"gestures":[],"hands":[{"armBasis":[[0.923797,0.0366054,-0.381128],[0.152766,0.877517,0.454562],[0.351085,-0.478147,0.805056]],"armWidth":63.5437,"confidence":0.606272,"direction":[0.0565898,0.75763,-0.650227],"elbow":[156.822,93.6987,272.581],"grabStrength":0,"id":699,"palmNormal":[-0.141903,-0.638555,-0.75638],"palmPosition":[57.2148,261.516,18.0867],"palmVelocity":[103.069,301.532,-263.012],"palmWidth":90.7382,"pinchStrength":0.680469,"r":[[0.955999,-0.208849,0.206029],[0.193507,0.976754,0.092227],[-0.220501,-0.0483008,0.97419]],"s":1.0892,"sphereCenter":[40.2893,253.293,-23.0001],"sphereRadius":46.7519,"stabilizedPalmPosition":[51.7789,246.618,33.915],"t":[21.1661,-23.7318,-138.939],"timeVisible":161.608,"type":"right","wrist":[62.2912,222.441,55.8177]}],"id":4295218,"interactionBox":{"center":[0,200,0],"size":[235.247,235.247,147.751]},"pointables":[{"bases":[[[0.535638,0.664626,0.520926],[-0.753971,0.0986001,0.649466],[0.380289,-0.740642,0.553923]],[[0.372671,0.878377,0.299284],[-0.768686,0.111535,0.629827],[0.519844,-0.464774,0.716762]],[[0.372671,0.878377,0.299284],[-0.926893,0.367841,0.0745887],[-0.044572,-0.305202,0.951244]],[[0.372671,0.878377,0.299284],[-0.523833,0.465347,-0.713478],[-0.765973,0.109117,0.633544]]],"btipPosition":[25.9892,247.785,-30.8903],"carpPosition":[32.4743,216.818,51.9194],"dipPosition":[8.11226,250.332,-16.1041],"direction":[0.044572,0.305202,-0.951244],"extended":false,"handId":699,"id":6990,"length":51.9721,"mcpPosition":[32.4743,216.818,51.9194],"pipPosition":[6.59675,239.954,16.2394],"stabilizedTipPosition":[12.7036,228.474,-3.26027],"timeVisible":161.608,"tipPosition":[23.0133,247.736,-27.1565],"tipVelocity":[118.516,302.49,-311.339],"tool":false,"touchDistance":-0.653183,"touchZone":"hovering","type":0,"width":20.194},{"bases":[[[0.983734,-0.00594743,-0.179535],[0.123994,0.745646,0.654704],[0.129976,-0.666316,0.734255]],[[0.985545,-0.0157828,-0.168677],[0.116061,0.788203,0.604373],[0.123413,-0.615213,0.778641]],[[0.985545,-0.0157828,-0.168677],[0.0848891,0.907646,0.411063],[0.146611,-0.41944,0.895866]],[[0.985545,-0.0157828,-0.168677],[0.0572533,0.9681,0.243936],[0.159446,-0.250067,0.95501]]],"btipPosition":[22.72,325.881,-65.9386],"carpPosition":[43.7938,236.268,59.1557],"dipPosition":[25.4367,321.621,-49.6668],"direction":[-0.146611,0.41944,-0.895866],"extended":true,"handId":699,"id":6991,"length":58.6448,"mcpPosition":[34.258,285.153,5.28639],"pipPosition":[28.9705,311.511,-28.0733],"stabilizedTipPosition":[18.1988,314.938,-49.2628],"timeVisible":161.608,"tipPosition":[22.9631,325.778,-61.5818],"tipVelocity":[135.728,247.315,-312.664],"tool":false,"touchDistance":-0.61976,"touchZone":"hovering","type":1,"width":19.2893},{"bases":[[[0.956601,-0.222941,-0.187647],[0.291344,0.719096,0.630888],[-0.00571457,-0.658178,0.752841]],[[0.956416,-0.232504,-0.176662],[0.0757738,0.781881,-0.618806],[0.282003,0.57845,0.765421]],[[0.956416,-0.232504,-0.176662],[-0.253889,-0.36326,-0.896428],[0.144249,0.902211,-0.406458]],[[0.956416,-0.232504,-0.176662],[-0.291375,-0.799624,-0.525074],[-0.019181,0.553664,-0.832519]]],"btipPosition":[38.9889,219.881,-4.38779],"carpPosition":[55.8775,237.853,57.6549],"dipPosition":[38.6294,230.256,-19.9892],"direction":[-0.144249,-0.902211,0.406458],"extended":false,"handId":699,"id":6992,"length":66.821,"mcpPosition":[56.275,283.645,5.2761],"pipPosition":[42.72,255.841,-31.5154],"stabilizedTipPosition":[27.1255,205.701,8.47645],"timeVisible":161.608,"tipPosition":[38.9514,222.501,-8.07341],"tipVelocity":[157.417,285.76,-285.41],"tool":false,"touchDistance":0.333333,"touchZone":"none","type":2,"width":18.9446},{"bases":[[[0.920631,-0.370937,-0.121837],[0.358614,0.679983,0.639546],[-0.154385,-0.632478,0.759037]],[[0.926212,-0.344555,-0.153016],[0.159132,0.725246,-0.669847],[0.341774,0.59607,0.726561]],[[0.926212,-0.344555,-0.153016],[-0.288212,-0.38548,-0.87655],[0.243035,0.855971,-0.456341]],[[0.926212,-0.344555,-0.153016],[-0.372901,-0.777563,-0.506301],[0.0554691,0.526002,-0.848673]]],"btipPosition":[54.474,215.822,3.95009],"carpPosition":[67.8056,236.319,55.3179],"dipPosition":[55.5075,225.623,-11.8626],"direction":[-0.243035,-0.855971,0.456341],"extended":false,"handId":699,"id":6993,"length":64.2502,"mcpPosition":[77.4495,275.828,7.90342],"pipPosition":[62.2215,249.269,-24.4692],"stabilizedTipPosition":[44.626,201.667,18.1746],"timeVisible":161.608,"tipPosition":[54.7449,218.348,0.151196],"tipVelocity":[154.825,296.648,-265.763],"tool":false,"touchDistance":0.333333,"touchZone":"none","type":3,"width":18.027},{"bases":[[[0.824581,-0.548867,-0.137153],[0.482382,0.555443,0.67734],[-0.295589,-0.624683,0.722772]],[[0.768032,-0.640029,-0.0221233],[0.486069,0.605077,-0.63057],[0.416969,0.473544,0.775817]],[[0.768032,-0.640029,-0.0221233],[-0.278102,-0.302204,-0.911774],[0.576876,0.706424,-0.410096]],[[0.768032,-0.640029,-0.0221233],[-0.54288,-0.63235,-0.552643],[0.339718,0.436458,-0.833124]]],"btipPosition":[63.6257,226.335,3.52031],"carpPosition":[78.3275,228.191,50.3513],"dipPosition":[69.4652,233.837,-10.8003],"direction":[-0.576876,-0.706424,0.410096],"extended":false,"handId":699,"id":6994,"length":50.3709,"mcpPosition":[95.4199,264.313,8.55723],"pipPosition":[80.7169,247.616,-18.7991],"stabilizedTipPosition":[57.5911,214.608,12.9706],"timeVisible":161.608,"tipPosition":[65.0336,228.247,0.408565],"tipVelocity":[146.23,306.845,-261.07],"tool":false,"touchDistance":0.333333,"touchZone":"none","type":4,"width":16.013}],"r":[[0.955999,-0.208849,0.206029],[0.193507,0.976754,0.092227],[-0.220501,-0.0483008,0.97419]],"s":1.0892,"t":[21.1661,-23.7318,-138.939],"timestamp":523879756740},false],[1,{"currentFrameRate":110.529,"devices":[],"gestures":[],"hands":[{"armBasis":[[0.919705,0.0435621,-0.390186],[0.148619,0.88124,0.448696],[0.363394,-0.470657,0.804007]],"armWidth":63.5437,"confidence":0.608798,"direction":[0.0637761,0.763956,-0.642109],"elbow":[160.791,97.5909,270.227],"grabStrength":0,"id":699,"palmNormal":[-0.134356,-0.630988,-0.764069],"palmPosition":[58.2846,263.764,16.3505],"palmVelocity":[107.094,286.465,-243.016],"palmWidth":90.7382,"pinchStrength":0.668101,"r":[[0.955208,-0.204215,0.214183],[0.187062,0.977475,0.0977314],[-0.229317,-0.0532882,0.971892]],"s":1.09038,"sphereCenter":[42.0389,255.795,-25.095],"sphereRadius":46.7391,"stabilizedPalmPosition":[53.1857,250.325,30.1169],"t":[22.1198,-21.2717,-141.033],"timeVisible":161.617,"type":"right","wrist":[62.9462,224.317,53.7458]}],"id":4295219,"interactionBox":{"center":[0,200,0],"size":[235.247,235.247,147.751]},"pointables":[{"bases":[[[0.530539,0.659122,0.532998],[-0.760647,0.0926896,0.642514],[0.374092,-0.746302,0.550535]],[[0.369971,0.875179,0.311741],[-0.775298,0.105961,0.622643],[0.511892,-0.472052,0.717728]],[[0.369971,0.875179,0.311741],[-0.927761,0.365663,0.0744985],[-0.0487925,-0.316783,0.947242]],[[0.369971,0.875179,0.311741],[-0.532097,0.474675,-0.701111],[-0.761573,0.0935149,0.641296]]],"btipPosition":[27.12,250.839,-33.4208],"carpPosition":[33.1685,218.752,49.4818],"dipPosition":[9.34578,253.021,-18.4537],"direction":[0.0487925,0.316783,-0.947242],"extended":false,"handId":699,"id":6990,"length":51.9721,"mcpPosition":[33.1685,218.752,49.4818],"pipPosition":[7.68678,242.25,13.7537],"stabilizedTipPosition":[14.3096,232.03,-7.41489],"timeVisible":161.617,"tipPosition":[24.1734,250.68,-29.5719],"tipVelocity":[120.84,309.138,-300.882],"tool":false,"touchDistance":-0.653532,"touchZone":"hovering","type":0,"width":20.194},{"bases":[[[0.985548,-0.00481448,-0.169326],[0.117566,0.739087,0.663272],[0.121953,-0.673593,0.728972]],[[0.9873,-0.0151268,-0.158145],[0.109773,0.784551,0.61027],[0.114841,-0.619879,0.776248]],[[0.9873,-0.0151268,-0.158145],[0.0806695,0.905308,0.417026],[0.136862,-0.424487,0.895031]],[[0.9873,-0.0151268,-0.158145],[0.054841,0.966716,0.249905],[0.149101,-0.255404,0.955268]]],"btipPosition":[24.7158,328.682,-67.5616],"carpPosition":[44.4225,238.122,57.0269],"dipPosition":[27.2562,324.33,-51.2854],"direction":[-0.136862,0.424487,-0.895031],"extended":true,"handId":699,"id":6991,"length":58.6448,"mcpPosition":[35.4753,287.541,3.54513],"pipPosition":[30.555,314.098,-29.7121],"stabilizedTipPosition":[19.5779,317.413,-52.0895],"timeVisible":161.617,"tipPosition":[24.9399,328.58,-63.1874],"tipVelocity":[157.674,263.451,-275.434],"tool":false,"touchDistance":-0.610448,"touchZone":"hovering","type":1,"width":19.2893},{"bases":[[[0.958384,-0.2217,-0.179856],[0.285141,0.712664,0.64094],[-0.0139195,-0.665551,0.746222]],[[0.958079,-0.231385,-0.168952],[0.0825706,0.787683,-0.610523],[0.274346,0.570979,0.773768]],[[0.958079,-0.231385,-0.168952],[-0.244705,-0.354176,-0.902596],[0.149009,0.906102,-0.39595]],[[0.958079,-0.231385,-0.168952],[-0.286326,-0.794004,-0.536261],[-0.0100656,0.562156,-0.82697]]],"btipPosition":[40.2665,222.344,-6.71767],"carpPosition":[56.522,239.714,55.6678],"dipPosition":[40.0779,232.879,-22.2151],"direction":[-0.149009,-0.906102,0.39595],"extended":false,"handId":699,"id":6992,"length":66.821,"mcpPosition":[57.4904,286.019,3.74939],"pipPosition":[44.3034,258.574,-33.4433],"stabilizedTipPosition":[29.2527,208.798,5.42984],"timeVisible":161.617,"tipPosition":[40.2703,225.005,-10.3766],"tipVelocity":[153.911,282.734,-276.564],"tool":false,"touchDistance":0.333333,"touchZone":"none","type":2,"width":18.9446},{"bases":[[[0.92165,-0.370314,-0.115885],[0.352296,0.673424,0.649913],[-0.162632,-0.639818,0.751121]],[[0.927601,-0.343464,-0.146932],[0.166087,0.731472,-0.661335],[0.334621,0.589051,0.735559]],[[0.927601,-0.343464,-0.146932],[-0.279423,-0.376849,-0.883124],[0.24795,0.860243,-0.445537]],[[0.927601,-0.343464,-0.146932],[-0.367984,-0.772304,-0.517816],[0.0643748,0.534396,-0.842779]]],"btipPosition":[55.6736,218.195,1.75756],"carpPosition":[68.473,238.195,53.4401],"dipPosition":[56.873,228.152,-13.9453],"direction":[-0.24795,-0.860243,0.445537],"extended":false,"handId":699,"id":6993,"length":64.2502,"mcpPosition":[78.6321,278.163,6.52008],"pipPosition":[63.7227,251.917,-26.2534],"stabilizedTipPosition":[46.8157,205.306,14.3014],"timeVisible":161.617,"tipPosition":[55.9814,220.759,-2.01724],"tipVelocity":[149.626,287.832,-258.137],"tool":false,"touchDistance":0.333333,"touchZone":"none","type":3,"width":18.027},{"bases":[[[0.825669,-0.548022,-0.133953],[0.475596,0.548439,0.687767],[-0.303446,-0.631575,0.713466]],[[0.767906,-0.640236,-0.0204755],[0.492858,0.610953,-0.619538],[0.40916,0.465655,0.784699]],[[0.767906,-0.640236,-0.0204755],[-0.26872,-0.29296,-0.917586],[0.581473,0.710122,-0.39701]],[[0.767906,-0.640236,-0.0204755],[-0.537362,-0.626461,-0.564613],[0.348659,0.444573,-0.825101]]],"btipPosition":[64.8263,228.719,1.50441],"carpPosition":[79.0417,230.11,48.5036],"dipPosition":[70.8194,236.36,-12.6783],"direction":[-0.581473,-0.710122,0.39701],"extended":false,"handId":699,"id":6994,"length":50.3709,"mcpPosition":[96.5884,266.631,7.24767],"pipPosition":[82.1609,250.211,-20.4219],"stabilizedTipPosition":[59.5177,218.157,9.67633],"timeVisible":161.617,"tipPosition":[66.2677,230.661,-1.57453],"tipVelocity":[143.357,295.413,-249.168],"tool":false,"touchDistance":0.333333,"touchZone":"none","type":4,"width":16.013}],"r":[[0.955208,-0.204215,0.214183],[0.187062,0.977475,0.0977314],[-0.229317,-0.0532882,0.971892]],"s":1.09038,"t":[22.1198,-21.2717,-141.033],"timestamp":523879765837},false],[2,{"currentFrameRate":110.585,"devices":[],"gestures":[],"hands":[{"armBasis":[[0.923398,0.0449986,-0.381198],[0.142554,0.881874,0.449418],[0.356392,-0.469333,0.807905]],"armWidth":63.5437,"confidence":0.612281,"direction":[0.0624308,0.767515,-0.637984],"elbow":[159.773,99.3041,269.997],"grabStrength":0,"id":699,"palmNormal":[-0.128299,-0.627755,-0.767765],"palmPosition":[59.0986,265.287,15.2532],"palmVelocity":[102.702,254.72,-210.151],"palmWidth":90.7382,"pinchStrength":0.664701,"r":[[0.954531,-0.199808,0.221242],[0.180814,0.978086,0.103222],[-0.237018,-0.0585247,0.969741]],"s":1.09115,"sphereCenter":[43.3682,257.271,-26.397],"sphereRadius":46.6969,"stabilizedPalmPosition":[54.4769,253.592,26.8711],"t":[23.0037,-19.2804,-142.629],"timeVisible":161.626,"type":"right","wrist":[63.8133,225.673,52.4659]}],"id":4295220,"interactionBox":{"center":[0,200,0],"size":[235.247,235.247,147.751]},"pointables":[{"bases":[[[0.525217,0.659023,0.538364],[-0.763547,0.0856573,0.640046],[0.37569,-0.747229,0.548184]],[[0.362997,0.876674,0.315715],[-0.780144,0.100668,0.617447],[0.509517,-0.470435,0.720474]],[[0.362997,0.876674,0.315715],[-0.930661,0.357786,0.0765435],[-0.0458547,-0.321609,0.945762]],[[0.362997,0.876674,0.315715],[-0.537415,0.47377,-0.697658],[-0.761195,0.0835781,0.643115]]],"btipPosition":[28.0412,252.385,-34.972],"carpPosition":[34.0801,219.983,48.0594],"dipPosition":[10.2758,254.336,-19.9625],"direction":[0.0458547,0.321609,-0.945762],"extended":false,"handId":699,"id":6990,"length":51.9721,"mcpPosition":[34.0801,219.983,48.0594],"pipPosition":[8.71665,243.401,12.1946],"stabilizedTipPosition":[15.8108,235.268,-11.1665],"timeVisible":161.626,"tipPosition":[25.0569,252.264,-31.0488],"tipVelocity":[116.027,270.302,-265.775],"tool":false,"touchDistance":-0.639634,"touchZone":"hovering","type":0,"width":20.194},{"bases":[[[0.9862,0.000924604,-0.165558],[0.111358,0.73628,0.667452],[0.122514,-0.676677,0.726016]],[[0.988043,-0.00996279,-0.153855],[0.103046,0.784954,0.610924],[0.114683,-0.619474,0.776595]],[[0.988043,-0.00996279,-0.153855],[0.0740844,0.905833,0.417107],[0.135211,-0.423518,0.89574]],[[0.988043,-0.00996279,-0.153855],[0.0486377,0.967095,0.249723],[0.146304,-0.254221,0.956016]]],"btipPosition":[25.5552,330.095,-68.6707],"carpPosition":[45.2088,239.37,55.7456],"dipPosition":[28.048,325.764,-52.3818],"direction":[-0.135211,0.423518,-0.89574],"extended":true,"handId":699,"id":6991,"length":58.6448,"mcpPosition":[36.2205,289.015,2.48071],"pipPosition":[31.3071,315.555,-30.7913],"stabilizedTipPosition":[20.84,319.665,-54.5624],"timeVisible":161.626,"tipPosition":[25.7862,330.033,-64.271],"tipVelocity":[139.908,234.794,-233.985],"tool":false,"touchDistance":-0.594329,"touchZone":"hovering","type":1,"width":19.2893},{"bases":[[[0.960154,-0.216037,-0.17729],[0.279146,0.710801,0.645631],[-0.0134618,-0.669395,0.742785]],[[0.959855,-0.225792,-0.166421],[0.0809187,0.790986,-0.60646],[0.268571,0.568647,0.777502]],[[0.959855,-0.225792,-0.166421],[-0.239471,-0.350717,-0.905346],[0.146053,0.908854,-0.390709]],[[0.959855,-0.225792,-0.166421],[-0.280332,-0.792463,-0.541679],[-0.00957592,0.566587,-0.823947]]],"btipPosition":[41.3703,223.878,-8.08995],"carpPosition":[57.3054,241.028,54.4411],"dipPosition":[41.1909,234.495,-23.5307],"direction":[-0.146053,-0.908854,0.390709],"extended":false,"handId":699,"id":6992,"length":66.821,"mcpPosition":[58.242,287.602,2.76191],"pipPosition":[45.3326,260.268,-34.6103],"stabilizedTipPosition":[31.2546,211.702,2.59991],"timeVisible":161.626,"tipPosition":[41.376,226.56,-11.7343],"tipVelocity":[145.646,252.912,-242.534],"tool":false,"touchDistance":0.333333,"touchZone":"none","type":2,"width":18.9446},{"bases":[[[0.923915,-0.365153,-0.114214],[0.34646,0.671849,0.654664],[-0.162318,-0.644424,0.747242]],[[0.929876,-0.337983,-0.145252],[0.164462,0.735123,-0.657682],[0.329064,0.587674,0.739159]],[[0.929876,-0.337983,-0.145252],[-0.274423,-0.374345,-0.885753],[0.244995,0.863501,-0.440845]],[[0.929876,-0.337983,-0.145252],[-0.362149,-0.771645,-0.522888],[0.0646441,0.538824,-0.839934]]],"btipPosition":[56.7774,219.757,0.46851],"carpPosition":[69.2722,239.581,52.2518],"dipPosition":[57.9819,229.797,-15.1814],"direction":[-0.244995,-0.863501,0.440845],"extended":false,"handId":699,"id":6993,"length":64.2502,"mcpPosition":[79.4117,279.836,5.57405],"pipPosition":[64.75,253.651,-27.3599],"stabilizedTipPosition":[48.8377,208.616,10.8588],"timeVisible":161.626,"tipPosition":[57.0824,222.341,-3.30574],"tipVelocity":[142.502,257.488,-226.624],"tool":false,"touchDistance":0.333333,"touchZone":"none","type":3,"width":18.027},{"bases":[[[0.828888,-0.54324,-0.13355],[0.470234,0.547285,0.692358],[-0.303027,-0.636686,0.709088]],[[0.771191,-0.636263,-0.0208323],[0.492427,0.616954,-0.613908],[0.403459,0.463182,0.789103]],[[0.771191,-0.636263,-0.0208323],[-0.263014,-0.288648,-0.920601],[0.579731,0.715438,-0.389949]],[[0.771191,-0.636263,-0.0208323],[-0.531621,-0.625667,-0.570893],[0.350204,0.451343,-0.82076]]],"btipPosition":[65.8685,230.344,0.201422],"carpPosition":[79.8997,231.573,47.3151],"dipPosition":[71.8882,238.102,-13.9067],"direction":[-0.579731,-0.715438,0.389949],"extended":false,"handId":699,"id":6994,"length":50.3709,"mcpPosition":[97.4222,268.389,6.31229],"pipPosition":[83.1957,252.057,-21.5125],"stabilizedTipPosition":[61.2732,221.328,6.78964],"timeVisible":161.626,"tipPosition":[67.3127,232.308,-2.84544],"tipVelocity":[136.215,265.184,-220.378],"tool":false,"touchDistance":0.333333,"touchZone":"none","type":4,"width":16.013}],"r":[[0.954531,-0.199808,0.221242],[0.180814,0.978086,0.103222],[-0.237018,-0.0585247,0.969741]],"s":1.09115,"t":[23.0037,-19.2804,-142.629],"timestamp":523879774781},false],[3,{"currentFrameRate":110.565,"devices":[],"gestures":[],"hands":[{"armBasis":[[0.926129,0.0373028,-0.375357],[0.14516,0.883218,0.445931],[0.348156,-0.467477,0.812559]],"armWidth":63.5437,"confidence":0.612748,"direction":[0.0673699,0.772999,-0.630821],"elbow":[158.373,101.611,269.623],"grabStrength":0,"id":699,"palmNormal":[-0.128855,-0.620221,-0.773771],"palmPosition":[60.183,267.45,13.975],"palmVelocity":[107.332,250.162,-190.963],"palmWidth":90.7382,"pinchStrength":0.654733,"r":[[0.953646,-0.197513,0.227043],[0.17654,0.97819,0.109447],[-0.243708,-0.0642913,0.967715]],"s":1.09202,"sphereCenter":[44.9143,259.663,-27.9182],"sphereRadius":46.6634,"stabilizedPalmPosition":[55.7958,256.795,23.8904],"t":[23.9879,-17.2032,-144.066],"timeVisible":161.635,"type":"right","wrist":[64.6311,227.481,50.8389]}],"id":4295221,"interactionBox":{"center":[0,200,0],"size":[235.247,235.247,147.751]},"pointables":[{"bases":[[[0.526519,0.651894,0.545722],[-0.764907,0.0830679,0.638762],[0.371073,-0.753746,0.542375]],[[0.3645,0.873428,0.322898],[-0.783384,0.100149,0.613416],[0.503437,-0.476543,0.720734]],[[0.3645,0.873428,0.322898],[-0.930265,0.357103,0.0841695],[-0.0417918,-0.33106,0.942684]],[[0.3645,0.873428,0.322898],[-0.547439,0.481493,-0.684452],[-0.753293,0.0727159,0.653653]]],"btipPosition":[28.8275,255.238,-36.8839],"carpPosition":[34.8864,221.956,46.3018],"dipPosition":[11.2465,256.935,-21.6284],"direction":[0.0417918,0.33106,-0.942684],"extended":false,"handId":699,"id":6990,"length":51.9721,"mcpPosition":[34.8864,221.956,46.3018],"pipPosition":[9.82553,245.678,10.4241],"stabilizedTipPosition":[17.2865,238.616,-14.819],"timeVisible":161.635,"tipPosition":[25.883,255.086,-32.8096],"tipVelocity":[109.181,280.656,-248.782],"tool":false,"touchDistance":-0.631833,"touchZone":"hovering","type":0,"width":20.194},{"bases":[[[0.986638,-0.00173157,-0.162916],[0.11264,0.729721,0.674403],[0.117715,-0.683743,0.720166]],[[0.988462,-0.0131213,-0.150897],[0.104121,0.782394,0.614019],[0.110004,-0.622646,0.774733]],[[0.988462,-0.0131213,-0.150897],[0.0761055,0.904376,0.419896],[0.130958,-0.426535,0.89494]],[[0.988462,-0.0131213,-0.150897],[0.0513558,0.966262,0.252389],[0.142494,-0.257227,0.955788]]],"btipPosition":[27.1417,332.729,-69.6909],"carpPosition":[46.0754,241.225,54.1933],"dipPosition":[29.5696,328.346,-53.4059],"direction":[-0.130958,0.426535,-0.89494],"extended":true,"handId":699,"id":6991,"length":58.6448,"mcpPosition":[37.4391,291.389,1.35761],"pipPosition":[32.7261,318.065,-31.8347],"stabilizedTipPosition":[22.2676,322.173,-56.9312],"timeVisible":161.635,"tipPosition":[27.3934,332.699,-65.2621],"tipVelocity":[149.09,249.738,-200.369],"tool":false,"touchDistance":-0.578545,"touchZone":"hovering","type":1,"width":19.2893},{"bases":[[[0.959716,-0.218466,-0.176687],[0.280378,0.703734,0.652799],[-0.0182733,-0.67604,0.736638]],[[0.959346,-0.22832,-0.165906],[0.0857593,0.795865,-0.59937],[0.268887,0.560776,0.78309]],[[0.959346,-0.22832,-0.165906],[-0.23848,-0.341406,-0.909159],[0.150938,0.911763,-0.381976]],[[0.959346,-0.22832,-0.165906],[-0.28219,-0.78607,-0.549966],[-0.00484531,0.574425,-0.818543]]],"btipPosition":[42.3396,226.305,-9.78475],"carpPosition":[58.1823,242.845,52.9361],"dipPosition":[42.2488,237.07,-25.1242],"direction":[-0.150938,-0.911763,0.381976],"extended":false,"handId":699,"id":6992,"length":66.821,"mcpPosition":[59.4536,289.88,1.6846],"pipPosition":[46.529,262.925,-35.9562],"stabilizedTipPosition":[33.2116,214.723,-0.21469],"timeVisible":161.635,"tipPosition":[42.3676,229.025,-13.4041],"tipVelocity":[135.511,257.95,-226.372],"tool":false,"touchDistance":0.333333,"touchZone":"none","type":2,"width":18.9446},{"bases":[[[0.922681,-0.367994,-0.115064],[0.347504,0.664418,0.661657],[-0.167035,-0.650483,0.740926]],[[0.928866,-0.340433,-0.145989],[0.16868,0.739636,-0.651526],[0.329779,0.580555,0.744447]],[[0.928866,-0.340433,-0.145989],[-0.273938,-0.366046,-0.889364],[0.24933,0.866092,-0.433265]],[[0.928866,-0.340433,-0.145989],[-0.363969,-0.765622,-0.530424],[0.0688015,0.545828,-0.835068]]],"btipPosition":[57.7196,222.037,-1.15876],"carpPosition":[70.1488,241.366,50.7656],"dipPosition":[59.0015,232.207,-16.718],"direction":[-0.24933,-0.866092,0.433265],"extended":false,"handId":699,"id":6993,"length":64.2502,"mcpPosition":[80.583,282,4.48246],"pipPosition":[65.8893,256.133,-28.6871],"stabilizedTipPosition":[50.7562,211.911,7.59817],"timeVisible":161.635,"tipPosition":[58.0404,224.653,-4.92895],"tipVelocity":[132.331,256.629,-212.88],"tool":false,"touchDistance":0.333333,"touchZone":"none","type":3,"width":18.027},{"bases":[[[0.826961,-0.545496,-0.136269],[0.470652,0.538997,0.698548],[-0.307606,-0.641807,0.702469]],[[0.768604,-0.639251,-0.0246098],[0.496647,0.620508,-0.606886],[0.403223,0.454233,0.794407]],[[0.768604,-0.639251,-0.0246098],[-0.261534,-0.278883,-0.924026],[0.583821,0.716647,-0.381536]],[[0.768604,-0.639251,-0.0246098],[-0.532519,-0.61801,-0.578349],[0.354501,0.457627,-0.815418]]],"btipPosition":[66.8443,232.61,-1.38913],"carpPosition":[80.756,233.359,45.7847],"dipPosition":[72.9378,240.477,-15.4054],"direction":[-0.583821,-0.716647,0.381536],"extended":false,"handId":699,"id":6994,"length":50.3709,"mcpPosition":[98.5432,270.471,5.1647],"pipPosition":[84.3251,254.455,-22.8472],"stabilizedTipPosition":[62.935,224.448,4.07199],"timeVisible":161.635,"tipPosition":[68.3054,234.596,-4.41162],"tipVelocity":[128.782,261.637,-207.235],"tool":false,"touchDistance":0.333333,"touchZone":"none","type":4,"width":16.013}],"r":[[0.953646,-0.197513,0.227043],[0.17654,0.97819,0.109447],[-0.243708,-0.0642913,0.967715]],"s":1.09202,"t":[23.9879,-17.2032,-144.066],"timestamp":523879783860},false],[4,{"currentFrameRate":110.585,"devices":[],"gestures":[],"hands":[{"armBasis":[[0.926126,0.0405833,-0.375025],[0.140941,0.884963,0.44382],[0.349895,-0.463889,0.813867]],"armWidth":63.5437,"confidence":0.602099,"direction":[0.0729497,0.777796,-0.624269],"elbow":[159.458,104.134,268.389],"grabStrength":0,"id":699,"palmNormal":[-0.121513,-0.614342,-0.779627],"palmPosition":[61.1275,269.285,12.6549],"palmVelocity":[106.651,237.398,-178.758],"palmWidth":90.7382,"pinchStrength":0.642685,"r":[[0.952484,-0.196002,0.233145],[0.172821,0.978073,0.116216],[-0.250812,-0.0704018,0.965472]],"s":1.09296,"sphereCenter":[46.6339,261.583,-29.5739],"sphereRadius":46.6291,"stabilizedPalmPosition":[57.0733,259.788,21.1982],"t":[24.9522,-15.2471,-145.444],"timeVisible":161.644,"type":"right","wrist":[65.2476,229.038,49.253]}],"id":4295222,"interactionBox":{"center":[0,200,0],"size":[235.247,235.247,147.751]},"pointables":[{"bases":[[[0.521255,0.647847,0.555507],[-0.770797,0.0780169,0.632286],[0.366285,-0.757765,0.540025]],[[0.359806,0.872345,0.33099],[-0.791142,0.0971931,0.603861],[0.494605,-0.479133,0.725119]],[[0.359806,0.872345,0.33099],[-0.932091,0.351953,0.0856471],[-0.0417789,-0.339329,0.93974]],[[0.359806,0.872345,0.33099],[-0.558486,0.485541,-0.672565],[-0.747417,0.0571399,0.661893]]],"btipPosition":[29.7909,257.595,-39.0966],"carpPosition":[35.5477,223.54,44.3995],"dipPosition":[12.3471,258.929,-23.6488],"direction":[0.0417789,0.339329,-0.93974],"extended":false,"handId":699,"id":6990,"length":51.9721,"mcpPosition":[35.5477,223.54,44.3995],"pipPosition":[10.9265,247.391,8.30347],"stabilizedTipPosition":[18.7182,241.868,-18.3129],"timeVisible":161.644,"tipPosition":[26.8793,257.386,-34.8695],"tipVelocity":[109.531,272.905,-246.571],"tool":false,"touchDistance":-0.629511,"touchZone":"hovering","type":0,"width":20.194},{"bases":[[[0.988101,-0.000252861,-0.153807],[0.106182,0.724592,0.68095],[0.111275,-0.689178,0.715997]],[[0.98981,-0.0116786,-0.141915],[0.0975462,0.781663,0.616025],[0.103736,-0.623591,0.774837]],[[0.98981,-0.0116786,-0.141915],[0.071018,0.90432,0.420906],[0.123421,-0.426696,0.895934]],[[0.98981,-0.0116786,-0.141915],[0.0476493,0.966341,0.252814],[0.134186,-0.257,0.95705]]],"btipPosition":[28.788,334.694,-71.0878],"carpPosition":[46.6574,242.752,52.5404],"dipPosition":[31.0743,330.316,-54.7813],"direction":[-0.123421,0.426696,-0.895934],"extended":true,"handId":699,"id":6991,"length":58.6448,"mcpPosition":[38.4936,293.314,0.0106368],"pipPosition":[34.0492,320.031,-33.1861],"stabilizedTipPosition":[23.8259,324.72,-59.2325],"timeVisible":161.644,"tipPosition":[29.053,334.717,-66.6243],"tipVelocity":[157.348,241.096,-187.772],"tool":false,"touchDistance":-0.569904,"touchZone":"hovering","type":1,"width":19.2893},{"bases":[[[0.961374,-0.216883,-0.169476],[0.27412,0.698811,0.660698],[-0.0248623,-0.681634,0.73127]],[[0.960908,-0.226822,-0.158769],[0.0909213,0.80016,-0.592855],[0.261514,0.555244,0.789503]],[[0.960908,-0.226822,-0.158769],[-0.229961,-0.334493,-0.913911],[0.154188,0.914695,-0.373577]],[[0.960908,-0.226822,-0.158769],[-0.276856,-0.781675,-0.558869],[0.00265804,0.580978,-0.813915]]],"btipPosition":[43.5122,228.293,-11.5731],"carpPosition":[58.7749,244.383,51.4075],"dipPosition":[43.5621,239.181,-26.8259],"direction":[-0.154188,-0.914695,0.373577],"extended":false,"handId":699,"id":6992,"length":66.821,"mcpPosition":[60.5047,291.808,0.529398],"pipPosition":[47.9345,265.119,-37.4196],"stabilizedTipPosition":[35.1091,217.681,-2.95023],"timeVisible":161.644,"tipPosition":[43.5739,231.046,-15.1716],"tipVelocity":[135.032,248.567,-218.112],"tool":false,"touchDistance":0.333333,"touchZone":"none","type":2,"width":18.9446},{"bases":[[[0.923819,-0.366885,-0.109337],[0.341173,0.659445,0.669876],[-0.173666,-0.656147,0.734379]],[[0.930285,-0.339066,-0.140016],[0.174427,0.744625,-0.64429],[0.322716,0.574951,0.751855]],[[0.930285,-0.339066,-0.140016],[-0.265603,-0.359294,-0.89463],[0.253032,0.869449,-0.424302]],[[0.930285,-0.339066,-0.140016],[-0.358809,-0.76162,-0.539621],[0.0763285,0.55224,-0.830184]]],"btipPosition":[58.8185,223.986,-2.84772],"carpPosition":[70.7614,242.925,49.3363],"dipPosition":[60.2407,234.276,-18.3159],"direction":[-0.253032,-0.869449,0.424302],"extended":false,"handId":699,"id":6993,"length":64.2502,"mcpPosition":[81.6097,283.912,3.46218],"pipPosition":[67.2308,258.294,-30.0374],"stabilizedTipPosition":[52.5662,215.027,4.57696],"timeVisible":161.644,"tipPosition":[59.1729,226.63,-6.59289],"tipVelocity":[130.476,246.413,-205.266],"tool":false,"touchDistance":0.333333,"touchZone":"none","type":3,"width":18.027},{"bases":[[[0.828354,-0.544243,-0.132776],[0.464015,0.533776,0.706946],[-0.313878,-0.647212,0.694692]],[[0.769026,-0.638825,-0.0224213],[0.501982,0.625265,-0.597543],[0.395744,0.44827,0.801524]],[[0.769026,-0.638825,-0.0224213],[-0.252824,-0.271763,-0.928561],[0.587094,0.719756,-0.370503]],[[0.769026,-0.638825,-0.0224213],[-0.526865,-0.613605,-0.588135],[0.361957,0.464104,-0.808452]]],"btipPosition":[67.9393,234.56,-2.91726],"carpPosition":[81.4166,234.958,44.3928],"dipPosition":[74.161,242.538,-16.8138],"direction":[-0.587094,-0.719756,0.370503],"extended":false,"handId":699,"id":6994,"length":50.3709,"mcpPosition":[99.5665,272.383,4.22245],"pipPosition":[85.6121,256.576,-24.0403],"stabilizedTipPosition":[64.5132,227.378,1.57404],"timeVisible":161.644,"tipPosition":[69.428,236.57,-5.91081],"tipVelocity":[127.696,249.995,-196.064],"tool":false,"touchDistance":0.333333,"touchZone":"none","type":4,"width":16.013}],"r":[[0.952484,-0.196002,0.233145],[0.172821,0.978073,0.116216],[-0.250812,-0.0704018,0.965472]],"s":1.09296,"t":[24.9522,-15.2471,-145.444],"timestamp":523879792868},false],[5,{"currentFrameRate":110.557,"devices":[],"gestures":[],"hands":[{"armBasis":[[0.927567,0.0409811,-0.371403],[0.138213,0.88584,0.442927],[0.347156,-0.462177,0.816012]],"armWidth":63.5437,"confidence":0.603933,"direction":[0.0761192,0.778605,-0.62288],"elbow":[159.276,106.186,267.562],"grabStrength":0,"id":699,"palmNormal":[-0.116965,-0.613407,-0.781058],"palmPosition":[61.8713,270.92,11.2783],"palmVelocity":[99.7637,221.435,-171.172],"palmWidth":90.7382,"pinchStrength":0.625758,"r":[[0.951268,-0.194813,0.239032],[0.169605,0.977926,0.122045],[-0.257532,-0.0755565,0.963311]],"s":1.09476,"sphereCenter":[48.0443,263.116,-31.1403],"sphereRadius":46.6194,"stabilizedPalmPosition":[58.2704,262.565,18.7232],"t":[25.8063,-13.4516,-146.822],"timeVisible":161.653,"type":"right","wrist":[65.8034,230.628,47.8482]}],"id":4295223,"interactionBox":{"center":[0,200,0],"size":[235.247,235.247,147.751]},"pointables":[{"bases":[[[0.51793,0.647338,0.559198],[-0.774317,0.0769433,0.628103],[0.363568,-0.758309,0.541096]],[[0.354229,0.875196,0.329476],[-0.798555,0.0997419,0.593601],[0.486654,-0.473375,0.734223]],[[0.354229,0.875196,0.329476],[-0.934585,0.343651,0.091948],[-0.0327525,-0.340494,0.939676]],[[0.354229,0.875196,0.329476],[-0.581958,0.482092,-0.654913],[-0.732015,0.0402478,0.680098]]],"btipPosition":[30.1056,259.328,-41.5487],"carpPosition":[36.1329,225.126,42.8233],"dipPosition":[13.0212,260.268,-25.676],"direction":[0.0327525,0.340494,-0.939676],"extended":false,"handId":699,"id":6990,"length":51.9721,"mcpPosition":[36.1329,225.126,42.8233],"pipPosition":[11.9076,248.69,6.27412],"stabilizedTipPosition":[19.9767,244.85,-21.6177],"timeVisible":161.653,"tipPosition":[27.3149,259.114,-37.024],"tipVelocity":[91.2931,247.334,-249.984],"tool":false,"touchDistance":-0.630209,"touchZone":"hovering","type":0,"width":20.194},{"bases":[[[0.988938,0.000298865,-0.14833],[0.102139,0.723775,0.682435],[0.107562,-0.690036,0.715738]],[[0.990583,-0.0111255,-0.13646],[0.093558,0.782692,0.615338],[0.0999604,-0.62231,0.776362]],[[0.990583,-0.0111255,-0.13646],[0.0681021,0.904685,0.420604],[0.118774,-0.425937,0.896923]],[[0.990583,-0.0111255,-0.13646],[0.0457165,0.966366,0.253075],[0.129055,-0.256931,0.957774]]],"btipPosition":[29.9545,336.263,-72.6609],"carpPosition":[47.1903,244.331,51.0498],"dipPosition":[32.1534,331.885,-56.3421],"direction":[-0.118774,0.425937,-0.896923],"extended":true,"handId":699,"id":6991,"length":58.6448,"mcpPosition":[39.2989,294.956,-1.46103],"pipPosition":[35.0162,321.618,-34.7231],"stabilizedTipPosition":[25.3778,327.184,-61.4958],"timeVisible":161.653,"tipPosition":[30.2199,336.27,-68.2061],"tipVelocity":[148.681,222.084,-183.59],"tool":false,"touchDistance":-0.564801,"touchZone":"hovering","type":1,"width":19.2893},{"bases":[[[0.962378,-0.216321,-0.164419],[0.270197,0.69808,0.663082],[-0.0286609,-0.682561,0.730267]],[[0.961856,-0.226278,-0.153723],[0.0937979,0.800686,-0.591695],[0.256972,0.554707,0.79137]],[[0.961856,-0.226278,-0.153723],[-0.224762,-0.333393,-0.915604],[0.15593,0.915231,-0.371535]],[[0.961856,-0.226278,-0.153723],[-0.273464,-0.780836,-0.561705],[0.00706871,0.582318,-0.812931]]],"btipPosition":[44.4011,229.928,-13.0908],"carpPosition":[59.3132,245.969,49.986],"dipPosition":[44.5336,240.841,-28.3251],"direction":[-0.15593,-0.915231,0.371535],"extended":false,"handId":699,"id":6992,"length":66.821,"mcpPosition":[61.3073,293.458,-0.82222],"pipPosition":[48.9554,266.795,-38.861],"stabilizedTipPosition":[36.9073,220.528,-5.58212],"timeVisible":161.653,"tipPosition":[44.4827,232.69,-16.6857],"tipVelocity":[125.282,229.701,-203.794],"tool":false,"touchDistance":0.333333,"touchZone":"none","type":2,"width":18.9446},{"bases":[[[0.924546,-0.366412,-0.104677],[0.337213,0.658727,0.672582],[-0.177489,-0.657131,0.732582]],[[0.931178,-0.338521,-0.135319],[0.177677,0.745517,-0.642367],[0.318337,0.574115,0.754357]],[[0.931178,-0.338521,-0.135319],[-0.260513,-0.358214,-0.896558],[0.25503,0.870107,-0.42175]],[[0.931178,-0.338521,-0.135319],[-0.35552,-0.761036,-0.542614],[0.0807035,0.553378,-0.829011]]],"btipPosition":[59.6659,225.638,-4.29616],"carpPosition":[71.3116,244.517,47.9795],"dipPosition":[61.1696,235.948,-19.7425],"direction":[-0.25503,-0.870107,0.42175],"extended":false,"handId":699,"id":6993,"length":64.2502,"mcpPosition":[82.3987,285.566,2.21755],"pipPosition":[68.2149,259.985,-31.3935],"stabilizedTipPosition":[54.2379,217.942,1.78715],"timeVisible":161.653,"tipPosition":[60.0394,228.286,-8.03343],"tipVelocity":[120.716,228.614,-192.373],"tool":false,"touchDistance":0.333333,"touchZone":"none","type":3,"width":18.027},{"bases":[[[0.829278,-0.543775,-0.128866],[0.459894,0.533056,0.710175],[-0.317483,-0.648197,0.692131]],[[0.769373,-0.638518,-0.0189594],[0.505208,0.626371,-0.593654],[0.390934,0.447163,0.804497]],[[0.769373,-0.638518,-0.0189594],[-0.247147,-0.270166,-0.930553],[0.589052,0.720628,-0.365667]],[[0.769373,-0.638518,-0.0189594],[-0.523102,-0.612714,-0.592407],[0.366646,0.4657,-0.805416]]],"btipPosition":[68.7788,236.214,-4.32822],"carpPosition":[81.9969,236.56,43.0851],"dipPosition":[75.0811,244.219,-18.1726],"direction":[-0.589052,-0.720628,0.365667],"extended":false,"handId":699,"id":6994,"length":50.3709,"mcpPosition":[100.355,274.042,3.06285],"pipPosition":[86.5704,258.275,-25.3048],"stabilizedTipPosition":[65.9664,230.093,-0.736297],"timeVisible":161.653,"tipPosition":[70.2843,238.226,-7.30344],"tipVelocity":[118.462,231.318,-184.366],"tool":false,"touchDistance":0.333333,"touchZone":"none","type":4,"width":16.013}],"r":[[0.951268,-0.194813,0.239032],[0.169605,0.977926,0.122045],[-0.257532,-0.0755565,0.963311]],"s":1.09476,"t":[25.8063,-13.4516,-146.822],"timestamp":523879801962},false],[6,{"currentFrameRate":110.593,"devices":[],"gestures":[],"hands":[{"armBasis":[[0.929267,0.0391236,-0.367331],[0.137744,0.885964,0.442825],[0.342767,-0.4621,0.817909]],"armWidth":63.5437,"confidence":0.605308,"direction":[0.0756752,0.781053,-0.619862],"elbow":[158.89,108.502,266.062],"grabStrength":0,"id":699,"palmNormal":[-0.116574,-0.610452,-0.783428],"palmPosition":[62.6444,273.354,9.42352],"palmVelocity":[96.0151,235.052,-180.867],"palmWidth":90.7382,"pinchStrength":0.611986,"r":[[0.950285,-0.193956,0.243596],[0.166883,0.977705,0.127447],[-0.262884,-0.0804587,0.961467]],"s":1.09685,"sphereCenter":[49.1875,265.568,-33.1151],"sphereRadius":46.6083,"stabilizedPalmPosition":[59.3778,265.297,16.3687],"t":[26.6198,-11.3365,-148.438],"timeVisible":161.662,"type":"right","wrist":[66.5993,232.924,45.8375]}],"id":4295224,"interactionBox":{"center":[0,200,0],"size":[235.247,235.247,147.751]},"pointables":[{"bases":[[[0.517525,0.64548,0.561715],[-0.774383,0.0740521,0.628368],[0.364003,-0.760179,0.538173]],[[0.35117,0.876423,0.329487],[-0.802088,0.100041,0.588767],[0.483047,-0.471035,0.7381]],[[0.35117,0.876423,0.329487],[-0.93604,0.337085,0.101006],[-0.0225417,-0.343883,0.938742]],[[0.35117,0.876423,0.329487],[-0.604459,0.48095,-0.635072],[-0.715059,0.023857,0.698657]]],"btipPosition":[30.3416,262.007,-44.1761],"carpPosition":[36.9323,227.424,40.7903],"dipPosition":[13.6529,262.564,-27.8703],"direction":[0.0225417,0.343883,-0.938742],"extended":false,"handId":699,"id":6990,"length":51.9721,"mcpPosition":[36.9323,227.424,40.7903],"pipPosition":[12.8865,250.872,4.04812],"stabilizedTipPosition":[21.0543,247.704,-24.7231],"timeVisible":161.662,"tipPosition":[27.637,261.764,-39.4321],"tipVelocity":[76.2539,258.624,-258.618],"tool":false,"touchDistance":-0.633438,"touchZone":"hovering","type":0,"width":20.194},{"bases":[[[0.988942,0.0014623,-0.148293],[0.101685,0.721191,0.685232],[0.10795,-0.692734,0.713068]],[[0.990582,-0.00991646,-0.136561],[0.0927877,0.782048,0.616273],[0.100686,-0.62314,0.775602]],[[0.990582,-0.00991646,-0.136561],[0.0672704,0.903945,0.422324],[0.119255,-0.427533,0.896099]],[[0.990582,-0.00991646,-0.136561],[0.0449036,0.965741,0.255593],[0.129348,-0.259318,0.957091]]],"btipPosition":[30.6659,338.848,-74.3594],"carpPosition":[47.9779,246.603,49.0914],"dipPosition":[32.8698,334.429,-58.0522],"direction":[-0.119255,0.427533,-0.896099],"extended":true,"handId":699,"id":6991,"length":58.6448,"mcpPosition":[40.058,297.427,-3.22356],"pipPosition":[35.7443,324.124,-36.4531],"stabilizedTipPosition":[26.779,329.759,-63.6992],"timeVisible":161.662,"tipPosition":[30.9562,338.836,-69.9106],"tipVelocity":[129.681,239.825,-185.193],"tool":false,"touchDistance":-0.562172,"touchZone":"hovering","type":1,"width":19.2893},{"bases":[[[0.962513,-0.215109,-0.16522],[0.269759,0.695672,0.665786],[-0.0282777,-0.685397,0.727621]],[[0.961997,-0.225094,-0.154578],[0.0932277,0.80283,-0.588874],[0.256652,0.552084,0.793305]],[[0.961997,-0.225094,-0.154578],[-0.224531,-0.329916,-0.916919],[0.155395,0.916781,-0.367919]],[[0.961997,-0.225094,-0.154578],[-0.272974,-0.778596,-0.565043],[0.00683336,0.585765,-0.810452]]],"btipPosition":[45.1961,232.427,-15.1004],"carpPosition":[60.0999,248.252,48.0344],"dipPosition":[45.3242,243.404,-30.2882],"direction":[-0.155395,-0.916781,0.367919],"extended":false,"handId":699,"id":6992,"length":66.821,"mcpPosition":[62.0673,295.939,-2.58977],"pipPosition":[49.7308,269.402,-40.7216],"stabilizedTipPosition":[38.5497,223.375,-8.15118],"timeVisible":161.662,"tipPosition":[45.2766,235.206,-18.6838],"tipVelocity":[115.178,243.452,-208.947],"tool":false,"touchDistance":0.333333,"touchZone":"none","type":2,"width":18.9446},{"bases":[[[0.924768,-0.365453,-0.10606],[0.336798,0.656322,0.675136],[-0.177121,-0.660065,0.730029]],[[0.931397,-0.337377,-0.136661],[0.177198,0.748188,-0.639387],[0.317963,0.571307,0.756643]],[[0.931397,-0.337377,-0.136661],[-0.260256,-0.354731,-0.898016],[0.254492,0.871976,-0.4182]],[[0.931397,-0.337377,-0.136661],[-0.355019,-0.759048,-0.545718],[0.0803801,0.556797,-0.82675]]],"btipPosition":[60.4681,228.129,-6.33557],"carpPosition":[72.0992,246.815,46.0227],"dipPosition":[61.9658,238.504,-21.7398],"direction":[-0.254492,-0.871976,0.4182],"extended":false,"handId":699,"id":6993,"length":64.2502,"mcpPosition":[83.1633,288.047,0.420198],"pipPosition":[68.9962,262.592,-33.2927],"stabilizedTipPosition":[55.7332,220.801,-0.865988],"timeVisible":161.662,"tipPosition":[60.8391,230.789,-10.056],"tipVelocity":[112.072,242.448,-201.596],"tool":false,"touchDistance":0.333333,"touchZone":"none","type":3,"width":18.027},{"bases":[[[0.829606,-0.542778,-0.130939],[0.459553,0.53058,0.712247],[-0.317119,-0.651058,0.689608]],[[0.769792,-0.637934,-0.0214599],[0.505288,0.629581,-0.590179],[0.390006,0.443472,0.806987]],[[0.769792,-0.637934,-0.0214599],[-0.245902,-0.265368,-0.932262],[0.589027,0.722924,-0.361148]],[[0.769792,-0.637934,-0.0214599],[-0.522105,-0.609969,-0.596108],[0.367188,0.470083,-0.802618]]],"btipPosition":[69.5742,238.713,-6.39355],"carpPosition":[82.7894,238.884,41.098],"dipPosition":[75.8858,246.794,-20.1898],"direction":[-0.589027,-0.722924,0.361148],"extended":false,"handId":699,"id":6994,"length":50.3709,"mcpPosition":[101.127,276.532,1.22156],"pipPosition":[87.3746,260.894,-27.2339],"stabilizedTipPosition":[67.2609,232.774,-2.99562],"timeVisible":161.662,"tipPosition":[71.0783,240.734,-9.33714],"tipVelocity":[110.335,244.731,-196.533],"tool":false,"touchDistance":0.333333,"touchZone":"none","type":4,"width":16.013}],"r":[[0.950285,-0.193956,0.243596],[0.166883,0.977705,0.127447],[-0.262884,-0.0804587,0.961467]],"s":1.09685,"t":[26.6198,-11.3365,-148.438],"timestamp":523879810942},false],[7,{"currentFr