{"sensorType":"Leap","data":[[0,{"currentFrameRate":109.495,"devices":[],"gestures":[],"hands":[{"armBasis":[[0.897157,0.0520323,-0.438637],[0.132269,0.915824,0.379172],[0.421443,-0.398195,0.814756]],"armWidth":63.5437,"confidence":0.637918,"direction":[-0.00749802,0.736349,-0.676561],"elbow":[180.627,120.616,282.625],"grabStrength":0,"id":699,"palmNormal":[-0.148952,-0.669854,-0.727399],"palmPosition":[58.5905,265.323,24.5548],"palmVelocity":[1.72361,93.982,-116.314],"palmWidth":90.7382,"pinchStrength":0.914691,"r":[[0.970647,-0.141462,0.194509],[0.12893,0.988759,0.075708],[-0.203033,-0.0484076,0.977975]],"s":0.993038,"sphereCenter":[44.089,251.263,-18.3573],"sphereRadius":45.1428,"stabilizedPalmPosition":[50.7348,238.262,32.9176],"t":[23.3751,-18.0096,-134.073],"timeVisible":164.573,"type":"right","wrist":[67.1526,227.831,63.2497]}],"id":4295535,"interactionBox":{"center":[0,200,0],"size":[235.247,235.247,147.751]},"pointables":[{"bases":[[[0.529661,0.704464,0.47243],[-0.726253,0.0889112,0.681653],[0.438196,-0.704149,0.558712]],[[0.289174,0.939111,0.185602],[-0.818277,0.141876,0.55704],[0.49679,-0.312956,0.80948]],[[0.289174,0.939111,0.185602],[-0.95349,0.265336,0.143018],[0.0850631,-0.218327,0.972161]],[[0.289174,0.939111,0.185602],[-0.648178,0.334764,-0.683958],[-0.704446,0.0774801,0.705516]]],"btipPosition":[26.2815,242.008,-28.8309],"carpPosition":[37.4628,220.814,60.9852],"dipPosition":[9.84059,243.816,-12.365],"direction":[-0.0850631,0.218327,-0.972161],"extended":false,"handId":699,"id":6990,"length":51.9721,"mcpPosition":[37.4628,220.814,60.9852],"pipPosition":[12.7328,236.393,20.6897],"stabilizedTipPosition":[15.2318,215.162,-8.67822],"timeVisible":164.573,"tipPosition":[22.483,242.656,-24.0411],"tipVelocity":[20.1144,67.7506,-145.268],"tool":false,"touchDistance":-0.475028,"touchZone":"hovering","type":0,"width":20.194},{"bases":[[[0.973519,0.0296663,-0.226671],[0.12158,0.772497,0.623271],[0.193593,-0.634325,0.748434]],[[0.969464,0.042315,-0.241557],[0.0763091,0.884049,0.461123],[0.233061,-0.465475,0.853824]],[[0.969464,0.042315,-0.241557],[0.0247686,0.963069,0.268113],[0.243981,-0.265909,0.932612]],[[0.969464,0.042315,-0.241557],[-0.0146922,0.993254,0.115029],[0.244795,-0.107967,0.963545]]],"btipPosition":[14.0004,315.696,-63.36],"carpPosition":[48.2403,240.967,67.0269],"dipPosition":[18.1712,313.856,-46.9428],"direction":[-0.243981,0.265909,-0.932612],"extended":true,"handId":699,"id":6991,"length":58.6448,"mcpPosition":[34.0372,287.504,12.1173],"pipPosition":[24.052,307.447,-24.4636],"stabilizedTipPosition":[13.9307,289.287,-36.0347],"timeVisible":164.573,"tipPosition":[14.5664,314.985,-59.5426],"tipVelocity":[0.0504345,71.7509,-130.967],"tool":false,"touchDistance":-0.458386,"touchZone":"touching","type":1,"width":19.2893},{"bases":[[[0.955638,-0.188436,-0.22638],[0.288635,0.752277,0.592257],[0.0586981,-0.631325,0.773294]],[[0.956093,-0.193679,-0.219941],[0.0513098,0.849527,-0.525044],[0.288536,0.490705,0.822165]],[[0.956093,-0.193679,-0.219941],[-0.260806,-0.220016,-0.939986],[0.133665,0.956076,-0.260868]],[[0.956093,-0.193679,-0.219941],[-0.290163,-0.73093,-0.617695],[-0.0411272,0.654392,-0.755036]]],"btipPosition":[39.1857,223.973,-6.88201],"carpPosition":[60.1584,243.011,64.8918],"dipPosition":[38.415,236.236,-21.0314],"direction":[-0.133665,-0.956076,0.260868],"extended":false,"handId":699,"id":6992,"length":66.821,"mcpPosition":[56.0745,286.935,11.09],"pipPosition":[42.2054,263.349,-28.429],"stabilizedTipPosition":[27.3109,200.106,-9.79563],"timeVisible":164.573,"tipPosition":[39.3424,226.358,-8.72028],"tipVelocity":[1.6685,103.905,-155.872],"tool":false,"touchDistance":0.333333,"touchZone":"none","type":2,"width":18.9446},{"bases":[[[0.929364,-0.335457,-0.154114],[0.357898,0.716383,0.598919],[-0.0905064,-0.611771,0.78584]],[[0.932336,-0.309574,-0.186849],[0.166555,0.826327,-0.537999],[0.320949,0.470476,0.821976]],[[0.932336,-0.309574,-0.186849],[-0.25822,-0.208291,-0.943365],[0.253123,0.927782,-0.274135]],[[0.932336,-0.309574,-0.186849],[-0.35666,-0.702269,-0.616126],[0.0595186,0.641078,-0.765164]]],"btipPosition":[55.2716,221.583,-1.85169],"carpPosition":[72.0197,241.906,62.0312],"dipPosition":[56.3806,233.528,-16.1084],"direction":[-0.253123,-0.927782,0.274136],"extended":false,"handId":699,"id":6993,"length":64.2502,"mcpPosition":[77.6733,280.121,12.9424],"pipPosition":[63.3732,259.158,-23.6815],"stabilizedTipPosition":[43.1076,195.495,-1.56409],"timeVisible":164.573,"tipPosition":[55.6598,223.914,-3.45114],"tipVelocity":[13.4428,99.0313,-137.512],"tool":false,"touchDistance":0.333333,"touchZone":"none","type":3,"width":18.027},{"bases":[[[0.840647,-0.517733,-0.158952],[0.48868,0.598605,0.634716],[-0.233464,-0.611249,0.75622]],[[0.77846,-0.62765,-0.00740979],[0.533178,0.667425,-0.51987],[0.331242,0.400747,0.854213]],[[0.77846,-0.62765,-0.00740979],[-0.161109,-0.188382,-0.968791],[0.606666,0.755359,-0.247768]],[[0.77846,-0.62765,-0.00740979],[-0.47981,-0.587403,-0.651721],[0.404701,0.510894,-0.758422]]],"btipPosition":[65.6758,231.765,0.848849],"carpPosition":[82.6452,234.065,56.8286],"dipPosition":[72.6323,240.547,-12.1877],"direction":[-0.606666,-0.755359,0.247768],"extended":false,"handId":699,"id":6994,"length":50.3709,"mcpPosition":[96.1451,269.411,13.1003],"pipPosition":[84.4651,255.28,-17.0204],"stabilizedTipPosition":[54.4883,205.173,0.678851],"timeVisible":164.573,"tipPosition":[67.239,233.374,-0.808986],"tipVelocity":[17.4248,107.019,-149.111],"tool":false,"touchDistance":0.333333,"touchZone":"none","type":4,"width":16.013}],"r":[[0.970647,-0.141462,0.194509],[0.12893,0.988759,0.075708],[-0.203033,-0.0484076,0.977975]],"s":0.993038,"t":[23.3751,-18.0096,-134.073],"timestamp":523882721686},false],[1,{"currentFrameRate":109.722,"devices":[],"gestures":[],"hands":[{"armBasis":[[0.898042,0.0532246,-0.436678],[0.128021,0.918069,0.375179],[0.42087,-0.39283,0.817651]],"armWidth":63.5437,"confidence":0.633811,"direction":[-0.00867959,0.734232,-0.678843],"elbow":[180.554,123.473,282.142],"grabStrength":0,"id":699,"palmNormal":[-0.14494,-0.672623,-0.725652],"palmPosition":[58.6203,266.585,23.1588],"palmVelocity":[2.17485,107.571,-128.055],"palmWidth":90.7382,"pinchStrength":0.91684,"r":[[0.970698,-0.139277,0.195827],[0.127067,0.989156,0.073652],[-0.203961,-0.0466106,0.977869]],"s":0.991386,"sphereCenter":[44.2573,252.372,-19.7302],"sphereRadius":45.1235,"stabilizedPalmPosition":[50.9226,238.936,32.6852],"t":[23.3922,-17.0002,-135.196],"timeVisible":164.582,"type":"right","wrist":[67.2332,229.244,61.9877]}],"id":4295536,"interactionBox":{"center":[0,200,0],"size":[235.247,235.247,147.751]},"pointables":[{"bases":[[[0.526077,0.707827,0.471406],[-0.728059,0.0883779,0.679794],[0.439515,-0.700835,0.561833]],[[0.284246,0.941309,0.18205],[-0.822258,0.141695,0.551193],[0.493047,-0.306366,0.814275]],[[0.284246,0.941309,0.18205],[-0.954959,0.261098,0.141001],[0.0851927,-0.213929,0.973127]],[[0.284246,0.941309,0.18205],[-0.647522,0.328514,-0.6876],[-0.70705,0.0775659,0.702897]]],"btipPosition":[26.6353,242.826,-30.3462],"carpPosition":[37.5739,222.112,59.6803],"dipPosition":[10.1336,244.636,-13.9414],"direction":[-0.0851927,0.213929,-0.973127],"extended":false,"handId":699,"id":6990,"length":51.9721,"mcpPosition":[37.5739,222.112,59.6803],"pipPosition":[13.0303,237.363,19.1461],"stabilizedTipPosition":[15.2661,215.289,-8.75907],"timeVisible":164.582,"tipPosition":[22.7803,243.524,-25.5907],"tipVelocity":[25.1621,74.7615,-153.369],"tool":false,"touchDistance":-0.478799,"touchZone":"hovering","type":0,"width":20.194},{"bases":[[[0.973899,0.0324932,-0.224643],[0.117425,0.774846,0.621149],[0.194247,-0.631315,0.750806]],[[0.96987,0.044963,-0.239437],[0.0723244,0.885373,0.459221],[0.232639,-0.462702,0.855445]],[[0.96987,0.044963,-0.239437],[0.0211728,0.963546,0.266704],[0.2427,-0.263738,0.933563]],[[0.96987,0.044963,-0.239437],[-0.0178906,0.993312,0.114062],[0.242964,-0.106342,0.964189]]],"btipPosition":[14.0575,316.631,-64.9809],"carpPosition":[48.2653,242.322,65.6832],"dipPosition":[18.1972,314.819,-48.5528],"direction":[-0.2427,0.263738,-0.933563],"extended":true,"handId":699,"id":6991,"length":58.6448,"mcpPosition":[34.0142,288.639,10.5996],"pipPosition":[24.0471,308.462,-26.0507],"stabilizedTipPosition":[13.9474,289.703,-36.4229],"timeVisible":164.582,"tipPosition":[14.629,315.901,-61.1721],"tipVelocity":[1.56843,81.4688,-145.618],"tool":false,"touchDistance":-0.465157,"touchZone":"touching","type":1,"width":19.2893},{"bases":[[[0.956805,-0.18567,-0.223718],[0.284619,0.755135,0.590561],[0.0592881,-0.628727,0.775363]],[[0.957306,-0.191389,-0.216647],[0.0500216,0.84781,-0.527936],[0.284716,0.494559,0.821187]],[[0.957306,-0.191389,-0.216647],[-0.257532,-0.224207,-0.939898],[0.131312,0.955563,-0.263923]],[[0.957306,-0.191389,-0.216647],[-0.286135,-0.734002,-0.615929],[-0.0411372,0.651622,-0.757427]]],"btipPosition":[39.4173,225.065,-8.17153],"carpPosition":[60.1806,244.403,63.5678],"dipPosition":[38.6464,237.277,-22.3657],"direction":[-0.131312,-0.955563,0.263923],"extended":false,"handId":699,"id":6992,"length":66.821,"mcpPosition":[56.0556,288.146,9.62203],"pipPosition":[42.3701,264.374,-29.85],"stabilizedTipPosition":[27.4132,200.344,-9.80969],"timeVisible":164.582,"tipPosition":[39.57,227.456,-10.0576],"tipVelocity":[8.32247,109.28,-154.104],"tool":false,"touchDistance":0.333333,"touchZone":"none","type":2,"width":18.9446},{"bases":[[[0.930905,-0.332562,-0.151057],[0.353996,0.719513,0.597484],[-0.0900131,-0.609675,0.787524]],[[0.93388,-0.306469,-0.184243],[0.165949,0.827836,-0.535863],[0.316748,0.469856,0.823957]],[[0.93388,-0.306469,-0.184243],[-0.254441,-0.207486,-0.944568],[0.251253,0.928992,-0.271745]],[[0.93388,-0.306469,-0.184243],[-0.352601,-0.703475,-0.617086],[0.0595074,0.641248,-0.765023]]],"btipPosition":[55.5121,222.869,-3.40861],"carpPosition":[72.052,243.331,60.7364],"dipPosition":[56.6209,234.817,-17.6627],"direction":[-0.251253,-0.928992,0.271745],"extended":false,"handId":699,"id":6993,"length":64.2502,"mcpPosition":[77.6748,281.416,11.5424],"pipPosition":[63.5618,260.481,-25.1698],"stabilizedTipPosition":[43.2151,195.751,-1.60757],"timeVisible":164.582,"tipPosition":[55.8897,225.194,-5.02813],"tipVelocity":[17.2269,112.035,-148.511],"tool":false,"touchDistance":0.333333,"touchZone":"none","type":3,"width":18.027},{"bases":[[[0.842858,-0.515173,-0.155526],[0.485124,0.60232,0.633929],[-0.232906,-0.609761,0.757592]],[[0.780384,-0.625293,-0.00308716],[0.533284,0.668116,-0.518873],[0.32651,0.403274,0.854846]],[[0.780384,-0.625293,-0.00308716],[-0.156604,-0.190662,-0.969084],[0.605373,0.756741,-0.246713]],[[0.780384,-0.625293,-0.00308716],[-0.475693,-0.59046,-0.651977],[0.405854,0.510261,-0.758232]]],"btipPosition":[65.8878,233.022,-0.52405],"carpPosition":[82.7171,235.514,55.5811],"dipPosition":[72.864,241.793,-13.5574],"direction":[-0.605373,-0.756741,0.246713],"extended":false,"handId":699,"id":6994,"length":50.3709,"mcpPosition":[96.1848,270.773,11.7736],"pipPosition":[84.6716,256.553,-18.3694],"stabilizedTipPosition":[54.6135,205.46,0.638403],"timeVisible":164.582,"tipPosition":[67.4515,234.638,-2.21595],"tipVelocity":[19.4095,116.912,-151.366],"tool":false,"touchDistance":0.333333,"touchZone":"none","type":4,"width":16.013}],"r":[[0.970698,-0.139277,0.195827],[0.127067,0.989156,0.073652],[-0.203961,-0.0466106,0.977869]],"s":0.991386,"t":[23.3922,-17.0002,-135.196],"timestamp":523882730395},false],[2,{"currentFrameRate":109.666,"devices":[],"gestures":[],"hands":[{"armBasis":[[0.900384,0.0574558,-0.431285],[0.122637,0.917539,0.378261],[0.417454,-0.393472,0.819092]],"armWidth":63.5437,"confidence":0.639111,"direction":[-0.0101271,0.733526,-0.679586],"elbow":[179.538,125.304,280.594],"grabStrength":0,"id":699,"palmNormal":[-0.13939,-0.674021,-0.725442],"palmPosition":[58.4644,268.508,21.1587],"palmVelocity":[-3.17405,135.899,-152.968],"palmWidth":90.7382,"pinchStrength":0.919179,"r":[[0.970745,-0.136543,0.197511],[0.124569,0.989603,0.0718906],[-0.205274,-0.0451836,0.977661]],"s":0.989879,"sphereCenter":[44.3195,254.192,-21.7689],"sphereRadius":45.1039,"stabilizedPalmPosition":[51.1433,239.802,32.3479],"t":[23.3228,-15.5337,-136.757],"timeVisible":164.591,"type":"right","wrist":[67.1373,231.247,60.0509]}],"id":4295537,"interactionBox":{"center":[0,200,0],"size":[235.247,235.247,147.751]},"pointables":[{"bases":[[[0.521146,0.710835,0.472355],[-0.730606,0.0854861,0.677427],[0.441159,-0.698144,0.563891]],[[0.277983,0.943427,0.180751],[-0.82648,0.139005,0.545535],[0.489547,-0.301037,0.818365]],[[0.277983,0.943427,0.180751],[-0.956888,0.255472,0.138198],[0.084203,-0.211376,0.973771]],[[0.277983,0.943427,0.180751],[-0.647511,0.323027,-0.690205],[-0.709546,0.0748266,0.700675]]],"btipPosition":[26.848,244.395,-32.5424],"carpPosition":[37.5204,223.969,57.6577],"dipPosition":[10.288,246.141,-16.1894],"direction":[-0.084203,0.211376,-0.973771],"extended":false,"handId":699,"id":6990,"length":51.9721,"mcpPosition":[37.5204,223.969,57.6577],"pipPosition":[13.151,238.954,16.92],"stabilizedTipPosition":[15.3021,215.425,-8.85165],"timeVisible":164.591,"tipPosition":[22.95,245.118,-27.819],"tipVelocity":[24.1681,101.047,-177.51],"tool":false,"touchDistance":-0.492374,"touchZone":"hovering","type":0,"width":20.194},{"bases":[[[0.974428,0.0370198,-0.221628],[0.111705,0.776007,0.620754],[0.194965,-0.629637,0.752028]],[[0.970396,0.0494237,-0.236408],[0.0666095,0.886109,0.458666],[0.232152,-0.460834,0.856584]],[[0.970396,0.0494237,-0.236408],[0.0157879,0.963764,0.266291],[0.241003,-0.26214,0.934452]],[[0.970396,0.0494237,-0.236408],[-0.0228654,0.993242,0.113791],[0.240434,-0.105017,0.964968]]],"btipPosition":[13.9388,318.282,-67.1631],"carpPosition":[48.0944,244.236,63.6743],"dipPosition":[18.0354,316.492,-50.7217],"direction":[-0.241003,0.26214,-0.934452],"extended":true,"handId":699,"id":6991,"length":58.6448,"mcpPosition":[33.7906,290.43,8.50098],"pipPosition":[23.8444,310.174,-28.1981],"stabilizedTipPosition":[13.9627,290.165,-36.8651],"timeVisible":164.591,"tipPosition":[14.5099,317.552,-63.3549],"tipVelocity":[-2.77943,108.961,-171.049],"tool":false,"touchDistance":-0.479661,"touchZone":"touching","type":1,"width":19.2893},{"bases":[[[0.958394,-0.181223,-0.220543],[0.279089,0.757082,0.590708],[0.0599189,-0.627682,0.77616]],[[0.95894,-0.187429,-0.212847],[0.0483629,0.847575,-0.528467],[0.279454,0.496474,0.821839]],[[0.95894,-0.187429,-0.212847],[-0.252986,-0.226101,-0.940679],[0.128185,0.955902,-0.264234]],[[0.95894,-0.187429,-0.212847],[-0.280613,-0.735822,-0.616298],[-0.0411058,0.65072,-0.758204]]],"btipPosition":[39.5399,226.878,-10.2087],"carpPosition":[60.006,246.373,61.5941],"dipPosition":[38.7696,239.073,-24.4174],"direction":[-0.128185,-0.955902,0.264234],"extended":false,"handId":699,"id":6992,"length":66.821,"mcpPosition":[55.8372,290.044,7.59284],"pipPosition":[42.4047,266.18,-31.9105],"stabilizedTipPosition":[27.5287,200.627,-9.84513],"timeVisible":164.591,"tipPosition":[39.6901,229.273,-12.123],"tipVelocity":[9.72128,133.649,-172.944],"tool":false,"touchDistance":0.333333,"touchZone":"none","type":2,"width":18.9446},{"bases":[[[0.932981,-0.328169,-0.147819],[0.348617,0.721805,0.597883],[-0.0895106,-0.609346,0.787836]],[[0.935958,-0.301789,-0.181402],[0.165202,0.831327,-0.530663],[0.310953,0.46671,0.827943]],[[0.935958,-0.301789,-0.181402],[-0.24927,-0.204026,-0.946698],[0.248692,0.931288,-0.266187]],[[0.935958,-0.301789,-0.181402],[-0.347045,-0.703553,-0.620139],[0.0595251,0.643379,-0.76323]]],"btipPosition":[55.6487,224.911,-5.72815],"carpPosition":[71.8913,245.357,58.8009],"dipPosition":[56.7578,236.899,-19.9489],"direction":[-0.248692,-0.931288,0.266187],"extended":false,"handId":699,"id":6993,"length":64.2502,"mcpPosition":[77.4828,283.421,9.58742],"pipPosition":[63.628,262.626,-27.3024],"stabilizedTipPosition":[43.3411,196.068,-1.68098],"timeVisible":164.591,"tipPosition":[56.0133,227.228,-7.36507],"tipVelocity":[16.552,142.992,-177.167],"tool":false,"touchDistance":0.333333,"touchZone":"none","type":3,"width":18.027},{"bases":[[[0.845838,-0.511211,-0.152384],[0.480198,0.605286,0.634852],[-0.232307,-0.610157,0.757457]],[[0.783028,-0.621986,0.000741203],[0.533174,0.670607,-0.515763],[0.3203,0.404252,0.856731]],[[0.783028,-0.621986,0.000741203],[-0.150806,-0.191008,-0.969935],[0.603427,0.759375,-0.243363]],[[0.783028,-0.621986,0.000741203],[-0.470194,-0.592714,-0.653917],[0.407166,0.511687,-0.756566]]],"btipPosition":[65.9809,235.007,-2.57119],"carpPosition":[82.6104,237.586,53.6866],"dipPosition":[72.9797,243.803,-15.5759],"direction":[-0.603427,-0.759375,0.243363],"extended":false,"handId":699,"id":6994,"length":50.3709,"mcpPosition":[96.0435,272.869,9.8869],"pipPosition":[84.7493,258.614,-20.3226],"stabilizedTipPosition":[54.7607,205.818,0.568074],"timeVisible":164.591,"tipPosition":[67.5442,236.631,-4.28244],"tipVelocity":[16.9579,144.665,-170.975],"tool":false,"touchDistance":0.333333,"touchZone":"none","type":4,"width":16.013}],"r":[[0.970745,-0.136543,0.197511],[0.124569,0.989603,0.0718906],[-0.205274,-0.0451836,0.977661]],"s":0.989879,"t":[23.3228,-15.5337,-136.757],"timestamp":523882739614},false],[3,{"currentFrameRate":109.812,"devices":[],"gestures":[],"hands":[{"armBasis":[[0.901712,0.0595214,-0.428221],[0.119982,0.917121,0.380124],[0.415356,-0.394141,0.819837]],"armWidth":63.5437,"confidence":0.671227,"direction":[-0.0108495,0.732671,-0.680496],"elbow":[178.947,126.166,279.795],"grabStrength":0,"id":699,"palmNormal":[-0.13658,-0.675244,-0.724839],"palmPosition":[58.4089,269.482,20.1005],"palmVelocity":[-4.01102,128.901,-143.945],"palmWidth":90.7382,"pinchStrength":0.922408,"r":[[0.970779,-0.133828,0.199196],[0.122062,0.990031,0.0702757],[-0.206615,-0.0439079,0.977437]],"s":0.988624,"sphereCenter":[44.3809,255.077,-22.8352],"sphereRadius":45.0917,"stabilizedPalmPosition":[51.3725,240.738,31.9616],"t":[23.2604,-14.3138,-138.067],"timeVisible":164.6,"type":"right","wrist":[67.1115,232.289,59.0519]}],"id":4295538,"interactionBox":{"center":[0,200,0],"size":[235.247,235.247,147.751]},"pointables":[{"bases":[[[0.518647,0.712689,0.472313],[-0.73189,0.0845131,0.676162],[0.441977,-0.69637,0.565442]],[[0.274607,0.944719,0.179159],[-0.829529,0.138525,0.541011],[0.486285,-0.297183,0.821711]],[[0.274607,0.944719,0.179159],[-0.957845,0.252401,0.137213],[0.0844081,-0.209287,0.974205]],[[0.274607,0.944719,0.179159],[-0.647645,0.31944,-0.691748],[-0.710737,0.0739271,0.699562]]],"btipPosition":[27.0273,245.119,-33.7348],"carpPosition":[37.5165,224.935,56.6206],"dipPosition":[10.4395,246.845,-17.4079],"direction":[-0.0844081,0.209287,-0.974204],"extended":false,"handId":699,"id":6990,"length":51.9721,"mcpPosition":[37.5165,224.935,56.6206],"pipPosition":[13.3095,239.729,15.7163],"stabilizedTipPosition":[15.3362,215.555,-8.94274],"timeVisible":164.6,"tipPosition":[23.0944,245.861,-29.0321],"tipVelocity":[22.9182,95.7217,-166.137],"tool":false,"touchDistance":-0.489447,"touchZone":"hovering","type":0,"width":20.194},{"bases":[[[0.974686,0.0391466,-0.220127],[0.108811,0.777034,0.619982],[0.195316,-0.62824,0.753104]],[[0.970656,0.0514951,-0.234896],[0.0636938,0.886862,0.457623],[0.231886,-0.459156,0.857558]],[[0.970656,0.0514951,-0.234896],[0.013047,0.964087,0.265266],[0.24012,-0.260546,0.935125]],[[0.970656,0.0514951,-0.234896],[-0.0253911,0.99329,0.112831],[0.23913,-0.103556,0.96545]]],"btipPosition":[13.9047,319.044,-68.3533],"carpPosition":[48.0311,245.236,62.6292],"dipPosition":[17.979,317.279,-51.9036],"direction":[-0.24012,0.260546,-0.935125],"extended":true,"handId":699,"id":6991,"length":58.6448,"mcpPosition":[33.7016,291.327,7.37693],"pipPosition":[23.7668,310.999,-29.3638],"stabilizedTipPosition":[13.9764,290.611,-37.2992],"timeVisible":164.6,"tipPosition":[14.4742,318.321,-64.5433],"tipVelocity":[-3.22822,102.961,-161.113],"tool":false,"touchDistance":-0.477853,"touchZone":"touching","type":1,"width":19.2893},{"bases":[[[0.959186,-0.179134,-0.218801],[0.276288,0.758484,0.590226],[0.0602275,-0.626588,0.77702]],[[0.959728,-0.185239,-0.211208],[0.0474347,0.847869,-0.528079],[0.276898,0.496794,0.822511]],[[0.959728,-0.185239,-0.211208],[-0.250813,-0.226311,-0.94121],[0.12655,0.956279,-0.263658]],[[0.959728,-0.185239,-0.211208],[-0.277874,-0.736554,-0.616663],[-0.0413356,0.650518,-0.758365]]],"btipPosition":[39.6267,227.806,-11.3429],"carpPosition":[59.9407,247.4,60.5653],"dipPosition":[38.8521,239.997,-25.5547],"direction":[-0.12655,-0.956279,0.263658],"extended":false,"handId":699,"id":6992,"length":66.821,"mcpPosition":[55.7504,290.994,6.50423],"pipPosition":[42.4407,267.115,-33.0314],"stabilizedTipPosition":[27.6451,200.92,-9.8917],"timeVisible":164.6,"tipPosition":[39.7636,230.205,-13.2818],"tipVelocity":[9.71406,125.848,-160.863],"tool":false,"touchDistance":0.333333,"touchZone":"none","type":2,"width":18.9446},{"bases":[[[0.934019,-0.326053,-0.145938],[0.345891,0.723387,0.597554],[-0.089265,-0.608605,0.788436]],[[0.936985,-0.299682,-0.179579],[0.163955,0.831077,-0.531441],[0.308508,0.468509,0.827842]],[[0.936985,-0.299682,-0.179579],[-0.247306,-0.205862,-0.946816],[0.246776,0.931564,-0.267003]],[[0.936985,-0.299682,-0.179579],[-0.344335,-0.705218,-0.619759],[0.0590882,0.642541,-0.76397]]],"btipPosition":[55.7449,225.845,-6.7335],"carpPosition":[71.8329,246.409,57.7922],"dipPosition":[56.8459,237.817,-20.968],"direction":[-0.246776,-0.931564,0.267003],"extended":false,"handId":699,"id":6993,"length":64.2502,"mcpPosition":[77.409,284.427,8.54123],"pipPosition":[63.6631,263.552,-28.344],"stabilizedTipPosition":[43.4729,196.406,-1.76767],"timeVisible":164.6,"tipPosition":[56.1049,228.164,-8.38509],"tipVelocity":[14.9608,132.756,-160.077],"tool":false,"touchDistance":0.333333,"touchZone":"none","type":3,"width":18.027},{"bases":[[[0.847333,-0.509314,-0.150418],[0.4777,0.607238,0.634874],[-0.232011,-0.609805,0.757832]],[[0.783774,-0.621032,0.00426125],[0.535259,0.672013,-0.511758],[0.314955,0.403384,0.859119]],[[0.783774,-0.621032,0.00426125],[-0.145346,-0.190096,-0.970947],[0.603799,0.760383,-0.239257]],[[0.783774,-0.621032,0.00426125],[-0.466656,-0.593444,-0.655787],[0.409793,0.512,-0.754934]]],"btipPosition":[66.0685,236.065,-3.76738],"carpPosition":[82.5792,238.659,52.7045],"dipPosition":[73.1125,244.866,-16.744],"direction":[-0.603799,-0.760383,0.239257],"extended":false,"handId":699,"id":6994,"length":50.3709,"mcpPosition":[95.9951,273.921,8.88304],"pipPosition":[84.8894,259.697,-21.4106],"stabilizedTipPosition":[54.9145,206.202,0.480979],"timeVisible":164.6,"tipPosition":[67.6345,237.682,-5.48497],"tipVelocity":[15.3688,137.91,-161.104],"tool":false,"touchDistance":0.333333,"touchZone":"none","type":4,"width":16.013}],"r":[[0.970779,-0.133828,0.199196],[0.122062,0.990031,0.0702757],[-0.206615,-0.0439079,0.977437]],"s":0.988624,"t":[23.2604,-14.3138,-138.067],"timestamp":523882748460},false],[4,{"currentFrameRate":109.798,"devices":[],"gestures":[],"hands":[{"armBasis":[[0.902305,0.0605923,-0.426818],[0.11862,0.916959,0.38094],[0.414457,-0.394354,0.820189]],"armWidth":63.5437,"confidence":0.701386,"direction":[-0.0114079,0.732224,-0.680968],"elbow":[178.714,126.621,279.39],"grabStrength":0,"id":699,"palmNormal":[-0.135234,-0.675885,-0.724493],"palmPosition":[58.3919,269.958,19.5717],"palmVelocity":[-3.41441,107.559,-120.028],"palmWidth":90.7382,"pinchStrength":0.931778,"r":[[0.97081,-0.131369,0.200676],[0.119785,0.990408,0.0688694],[-0.207799,-0.0428211,0.977234]],"s":0.987387,"sphereCenter":[44.3857,255.529,-23.3611],"sphereRadius":45.072,"stabilizedPalmPosition":[51.6179,241.76,31.5283],"t":[23.2206,-13.4658,-138.986],"timeVisible":164.609,"type":"right","wrist":[67.1201,232.802,58.552]}],"id":4295539,"interactionBox":{"center":[0,200,0],"size":[235.247,235.247,147.751]},"pointables":[{"bases":[[[0.517405,0.71368,0.472179],[-0.732417,0.0839661,0.675659],[0.442557,-0.695421,0.566156]],[[0.272237,0.945702,0.177581],[-0.832412,0.138888,0.53647],[0.482677,-0.293868,0.825024]],[[0.272237,0.945702,0.177581],[-0.958391,0.250023,0.137754],[0.0858748,-0.207694,0.974417]],[[0.272237,0.945702,0.177581],[-0.648919,0.316709,-0.691809],[-0.710486,0.0731001,0.699904]]],"btipPosition":[27.1711,245.391,-34.4283],"carpPosition":[37.5364,225.407,56.1073],"dipPosition":[10.5892,247.097,-18.0934],"direction":[-0.0858748,0.207694,-0.974417],"extended":false,"handId":699,"id":6990,"length":51.9721,"mcpPosition":[37.5364,225.407,56.1073],"pipPosition":[13.509,240.035,15.038],"stabilizedTipPosition":[15.3697,215.681,-9.03367],"timeVisible":164.609,"tipPosition":[23.2126,246.156,-29.7277],"tipVelocity":[20.9656,77.2413,-141.007],"tool":false,"touchDistance":-0.47921,"touchZone":"hovering","type":0,"width":20.194},{"bases":[[[0.974768,0.0403068,-0.219553],[0.107393,0.777572,0.619555],[0.19569,-0.627501,0.753623]],[[0.970736,0.0526232,-0.234312],[0.062252,0.887203,0.457159],[0.231939,-0.458368,0.857965]],[[0.970736,0.0526232,-0.234312],[0.0117931,0.964073,0.265376],[0.239858,-0.260373,0.93524]],[[0.970736,0.0526232,-0.234312],[-0.0264639,0.993195,0.11342],[0.238686,-0.1039,0.965523]]],"btipPosition":[13.8779,319.447,-68.9326],"carpPosition":[48.0203,245.725,62.1094],"dipPosition":[17.9447,317.676,-52.4817],"direction":[-0.239858,0.260373,-0.93524],"extended":true,"handId":699,"id":6991,"length":58.6448,"mcpPosition":[33.6632,291.762,6.81905],"pipPosition":[23.7262,311.4,-29.9392],"stabilizedTipPosition":[13.9897,291.06,-37.739],"timeVisible":164.609,"tipPosition":[14.4557,318.716,-65.1259],"tipVelocity":[-3.19783,86.5624,-133.953],"tool":false,"touchDistance":-0.467087,"touchZone":"touching","type":1,"width":19.2893},{"bases":[[[0.959558,-0.177993,-0.218098],[0.274914,0.759227,0.589913],[0.060585,-0.626014,0.777455]],[[0.960229,-0.185652,-0.208552],[0.050627,0.850309,-0.523842],[0.274587,0.49245,0.82589]],[[0.960229,-0.185652,-0.208552],[-0.247825,-0.222614,-0.942881],[0.128622,0.957066,-0.25977]],[[0.960229,-0.185652,-0.208552],[-0.276524,-0.735759,-0.618218],[-0.0386705,0.6513,-0.757834]]],"btipPosition":[39.5918,228.442,-12.1697],"carpPosition":[59.9282,247.903,60.0515],"dipPosition":[38.8671,240.647,-26.3715],"direction":[-0.128622,-0.957066,0.25977],"extended":false,"handId":699,"id":6992,"length":66.821,"mcpPosition":[55.713,291.458,5.96011],"pipPosition":[42.5145,267.788,-33.738],"stabilizedTipPosition":[27.7679,201.236,-9.94948],"timeVisible":164.609,"tipPosition":[39.746,230.807,-14.1089],"tipVelocity":[6.30001,110.315,-141.244],"tool":false,"touchDistance":0.333333,"touchZone":"none","type":2,"width":18.9446},{"bases":[[[0.934542,-0.3249,-0.145157],[0.344558,0.724227,0.597306],[-0.0889383,-0.608223,0.788768]],[[0.937497,-0.298508,-0.178861],[0.163159,0.831036,-0.531751],[0.307372,0.469332,0.827798]],[[0.937497,-0.298508,-0.178861],[-0.246465,-0.206712,-0.94685],[0.24567,0.931753,-0.267364]],[[0.937497,-0.298508,-0.178861],[-0.343015,-0.706066,-0.619526],[0.0586457,0.642156,-0.764328]]],"btipPosition":[55.8045,226.305,-7.24156],"carpPosition":[71.8234,246.927,57.2863],"dipPosition":[56.8972,238.269,-21.4827],"direction":[-0.24567,-0.931753,0.267364],"extended":false,"handId":699,"id":6993,"length":64.2502,"mcpPosition":[77.3791,284.921,8.01458],"pipPosition":[63.6839,264.009,-28.8687],"stabilizedTipPosition":[43.6172,196.781,-1.86805],"timeVisible":164.609,"tipPosition":[56.1602,228.626,-8.91115],"tipVelocity":[12.556,109.782,-131.09],"tool":false,"touchDistance":0.333333,"touchZone":"none","type":3,"width":18.027},{"bases":[[[0.848104,-0.508279,-0.149574],[0.476499,0.608277,0.634781],[-0.231664,-0.609632,0.758077]],[[0.783895,-0.620859,0.00650455],[0.536884,0.672531,-0.50937],[0.311872,0.402785,0.860523]],[[0.783895,-0.620859,0.00650455],[-0.14222,-0.189745,-0.971478],[0.604385,0.760612,-0.237039]],[[0.783895,-0.620859,0.00650455],[-0.464931,-0.5939,-0.656599],[0.411518,0.51168,-0.754212]]],"btipPosition":[66.12,236.606,-4.38113],"carpPosition":[82.5832,239.188,52.2101],"dipPosition":[73.1937,245.401,-17.3454],"direction":[-0.604385,-0.760612,0.237039],"extended":false,"handId":699,"id":6994,"length":50.3709,"mcpPosition":[95.979,274.44,8.37448],"pipPosition":[84.982,260.237,-21.9687],"stabilizedTipPosition":[55.0825,206.627,0.378304],"timeVisible":164.609,"tipPosition":[67.6906,238.219,-6.12284],"tipVelocity":[12.8721,116.008,-134.915],"tool":false,"touchDistance":0.333333,"touchZone":"none","type":4,"width":16.013}],"r":[[0.97081,-0.131369,0.200676],[0.119785,0.990408,0.0688694],[-0.207799,-0.0428211,0.977234]],"s":0.987387,"t":[23.2206,-13.4658,-138.986],"timestamp":523882757592},false],[5,{"currentFrameRate":109.879,"devices":[],"gestures":[],"hands":[{"armBasis":[[0.903349,0.0607976,-0.424575],[0.117421,0.917028,0.381146],[0.41252,-0.394161,0.821257]],"armWidth":63.5437,"confidence":0.621529,"direction":[-0.0125664,0.731816,-0.681387],"elbow":[178.274,127.047,279.279],"grabStrength":0,"id":699,"palmNormal":[-0.134381,-0.676495,-0.724083],"palmPosition":[58.414,270.298,19.1525],"palmVelocity":[-1.80497,88.5194,-100.002],"palmWidth":90.7382,"pinchStrength":0.933415,"r":[[0.970873,-0.129098,0.201841],[0.117682,0.990746,0.067624],[-0.208704,-0.0419011,0.977081]],"s":0.986519,"sphereCenter":[44.3808,255.857,-23.7486],"sphereRadius":45.0638,"stabilizedPalmPosition":[51.859,242.772,31.0892],"t":[23.2118,-12.8719,-139.656],"timeVisible":164.618,"type":"right","wrist":[67.2017,233.176,58.1528]}],"id":4295540,"interactionBox":{"center":[0,200,0],"size":[235.247,235.247,147.751]},"pointables":[{"bases":[[[0.516457,0.714692,0.471686],[-0.732429,0.0833043,0.675728],[0.443644,-0.694461,0.566484]],[[0.270276,0.94651,0.176269],[-0.834432,0.138954,0.533306],[0.480286,-0.291224,0.827354]],[[0.270276,0.94651,0.176269],[-0.958801,0.247974,0.138599],[0.0874749,-0.206466,0.974536]],[[0.270276,0.94651,0.176269],[-0.649828,0.314429,-0.691996],[-0.710405,0.0724856,0.700051]]],"btipPosition":[27.3257,245.563,-34.942],"carpPosition":[37.6283,225.738,55.717],"dipPosition":[10.7456,247.255,-18.6036],"direction":[-0.0874749,0.206466,-0.974536],"extended":false,"handId":699,"id":6990,"length":51.9721,"mcpPosition":[37.6283,225.738,55.717],"pipPosition":[13.7199,240.235,14.5318],"stabilizedTipPosition":[15.4022,215.802,-9.12208],"timeVisible":164.618,"tipPosition":[23.3384,246.338,-30.2546],"tipVelocity":[19.9642,61.268,-118.104],"tool":false,"touchDistance":-0.467315,"touchZone":"touching","type":0,"width":20.194},{"bases":[[[0.974674,0.0415779,-0.219732],[0.106377,0.778081,0.619091],[0.19671,-0.626787,0.753952]],[[0.970634,0.0538472,-0.234458],[0.0612098,0.887267,0.457178],[0.232645,-0.458103,0.857915]],[[0.970634,0.0538472,-0.234458],[0.0109428,0.963734,0.266639],[0.240313,-0.261375,0.934844]],[[0.970634,0.0538472,-0.234458],[-0.0271461,0.992918,0.115658],[0.239026,-0.105897,0.965222]]],"btipPosition":[13.8198,319.79,-69.3435],"carpPosition":[48.0839,246.075,61.7058],"dipPosition":[17.8924,317.986,-52.8978],"direction":[-0.240313,0.261375,-0.934844],"extended":true,"handId":699,"id":6991,"length":58.6448,"mcpPosition":[33.6521,292.059,6.39132],"pipPosition":[23.6848,311.686,-30.3647],"stabilizedTipPosition":[14.0012,291.488,-38.1593],"timeVisible":164.618,"tipPosition":[14.4145,319.026,-65.5488],"tipVelocity":[-4.0568,73.1494,-109.902],"tool":false,"touchDistance":-0.454893,"touchZone":"touching","type":1,"width":19.2893},{"bases":[[[0.959778,-0.176743,-0.218149],[0.273919,0.759959,0.589433],[0.0616066,-0.62548,0.777805]],[[0.960501,-0.184903,-0.207964],[0.0501191,0.850051,-0.524311],[0.273727,0.493178,0.825741]],[[0.960501,-0.184903,-0.207964],[-0.247174,-0.223555,-0.94283],[0.127841,0.956992,-0.260428]],[[0.960501,-0.184903,-0.207964],[-0.275534,-0.736588,-0.617673],[-0.0389738,0.650576,-0.75844]]],"btipPosition":[39.6501,228.751,-12.5636],"carpPosition":[59.9884,248.269,59.6447],"dipPosition":[38.9197,240.943,-26.7768],"direction":[-0.127841,-0.956992,0.260428],"extended":false,"handId":699,"id":6992,"length":66.821,"mcpPosition":[55.7022,291.786,5.52902],"pipPosition":[42.545,268.081,-34.1619],"stabilizedTipPosition":[27.8891,201.55,-10.0104],"timeVisible":164.618,"tipPosition":[39.8017,231.12,-14.5377],"tipVelocity":[6.31696,89.48,-114.724],"tool":false,"touchDistance":0.333333,"touchZone":"none","type":2,"width":18.9446},{"bases":[[[0.934984,-0.323643,-0.14512],[0.343615,0.725063,0.596835],[-0.0879403,-0.607897,0.789131]],[[0.937896,-0.297264,-0.178843],[0.161883,0.83097,-0.532243],[0.30683,0.470237,0.827486]],[[0.937896,-0.297264,-0.178843],[-0.246323,-0.207614,-0.94669],[0.244287,0.93195,-0.267943]],[[0.937896,-0.297264,-0.178843],[-0.342102,-0.706925,-0.61905],[0.0575927,0.641787,-0.764717]]],"btipPosition":[55.8852,226.626,-7.63519],"carpPosition":[71.8846,247.308,56.8781],"dipPosition":[56.9583,238.584,-21.8836],"direction":[-0.244287,-0.93195,0.267943],"extended":false,"handId":699,"id":6993,"length":64.2502,"mcpPosition":[77.3779,285.281,7.58377],"pipPosition":[63.7068,264.329,-29.2856],"stabilizedTipPosition":[43.7638,197.163,-1.97399],"timeVisible":164.618,"tipPosition":[56.2368,228.949,-9.31257],"tipVelocity":[11.451,89.5276,-107.31],"tool":false,"touchDistance":0.333333,"touchZone":"none","type":3,"width":18.027},{"bases":[[[0.848808,-0.507148,-0.149418],[0.475728,0.609324,0.634355],[-0.230668,-0.609528,0.758464]],[[0.783919,-0.620806,0.00841765],[0.53881,0.673518,-0.506022],[0.308472,0.401216,0.86248]],[[0.783919,-0.620806,0.00841765],[-0.13863,-0.188238,-0.97229],[0.605188,0.76103,-0.233625]],[[0.783919,-0.620806,0.00841765],[-0.463144,-0.593754,-0.657992],[0.413484,0.511914,-0.752978]]],"btipPosition":[66.2044,237.037,-4.96569],"carpPosition":[82.6546,239.581,51.8047],"dipPosition":[73.3118,245.836,-17.9087],"direction":[-0.605188,-0.76103,0.233626],"extended":false,"handId":699,"id":6994,"length":50.3709,"mcpPosition":[95.9929,274.827,7.9467],"pipPosition":[85.1158,260.68,-22.4655],"stabilizedTipPosition":[55.2516,207.057,0.267943],"timeVisible":164.618,"tipPosition":[67.7789,238.643,-6.71502],"tipVelocity":[12.1643,97.4529,-115.719],"tool":false,"touchDistance":0.333333,"touchZone":"none","type":4,"width":16.013}],"r":[[0.970873,-0.129098,0.201841],[0.117682,0.990746,0.067624],[-0.208704,-0.0419011,0.977081]],"s":0.986519,"t":[23.2118,-12.8719,-139.656],"timestamp":523882766549},false],[6,{"currentFrameRate":109.871,"devices":[],"gestures":[],"hands":[{"armBasis":[[0.905935,0.0596615,-0.419192],[0.115363,0.917789,0.379941],[0.407398,-0.392562,0.824574]],"armWidth":63.5437,"confidence":0.62466,"direction":[-0.015571,0.729635,-0.68366],"elbow":[177.09,128.216,279.629],"grabStrength":0,"id":699,"palmNormal":[-0.133326,-0.679152,-0.721787],"palmPosition":[58.4515,270.887,18.5047],"palmVelocity":[-0.163292,81.8919,-91.9705],"palmWidth":90.7382,"pinchStrength":0.935699,"r":[[0.971045,-0.126587,0.202603],[0.115439,0.991121,0.0659744],[-0.209155,-0.0406758,0.977036]],"s":0.985967,"sphereCenter":[44.3461,256.321,-24.307],"sphereRadius":45.0582,"stabilizedPalmPosition":[52.1028,243.812,30.6238],"t":[23.2262,-12.2803,-140.314],"timeVisible":164.627,"type":"right","wrist":[67.3972,233.914,57.6098]}],"id":4295541,"interactionBox":{"center":[0,200,0],"size":[235.247,235.247,147.751]},"pointables":[{"bases":[[[0.514968,0.717671,0.468782],[-0.731808,0.0832872,0.676402],[0.446391,-0.691383,0.568088]],[[0.266996,0.948204,0.172112],[-0.835943,0.139017,0.530917],[0.479491,-0.285629,0.829762]],[[0.266996,0.948204,0.172112],[-0.959371,0.24462,0.140601],[0.0912162,-0.202659,0.974992]],[[0.266996,0.948204,0.172112],[-0.651921,0.309242,-0.692364],[-0.709727,0.0726553,0.700721]]],"btipPosition":[27.4365,245.795,-35.5748],"carpPosition":[37.8425,226.381,55.2352],"dipPosition":[10.8723,247.49,-19.2208],"direction":[-0.0912162,0.202659,-0.974992],"extended":false,"handId":699,"id":6990,"length":51.9721,"mcpPosition":[37.8425,226.381,55.2352],"pipPosition":[13.9737,240.6,13.9301],"stabilizedTipPosition":[15.4335,215.918,-9.20831],"timeVisible":164.627,"tipPosition":[23.4387,246.589,-30.8974],"tipVelocity":[17.9068,51.3484,-104.481],"tool":false,"touchDistance":-0.458355,"touchZone":"touching","type":0,"width":20.194},{"bases":[[[0.974268,0.0437309,-0.221111],[0.104893,0.780326,0.616513],[0.199499,-0.623842,0.75566]],[[0.970207,0.0558445,-0.235753],[0.0594858,0.888378,0.455243],[0.23486,-0.455704,0.858589]],[[0.970207,0.0558445,-0.235753],[0.00916566,0.963916,0.26605],[0.242103,-0.260285,0.934686]],[[0.970207,0.0558445,-0.235753],[-0.0289201,0.99281,0.116158],[0.240544,-0.105879,0.964846]]],"btipPosition":[13.6137,320.138,-70.0464],"carpPosition":[48.2464,246.767,61.1468],"dipPosition":[17.7121,318.334,-53.6071],"direction":[-0.242103,0.260285,-0.934686],"extended":true,"handId":699,"id":6991,"length":58.6448,"mcpPosition":[33.6099,292.536,5.7071],"pipPosition":[23.5477,312.06,-31.0779],"stabilizedTipPosition":[14.0093,291.899,-38.5684],"timeVisible":164.627,"tipPosition":[14.2304,319.335,-66.2667],"tipVelocity":[-9.02672,63.4268,-100.844],"tool":false,"touchDistance":-0.448302,"touchZone":"touching","type":1,"width":19.2893},{"bases":[[[0.960011,-0.174626,-0.218825],[0.272449,0.7626,0.586697],[0.0644231,-0.622854,0.779681]],[[0.960832,-0.183488,-0.207688],[0.0482892,0.848803,-0.526499],[0.272892,0.495848,0.824418]],[[0.960832,-0.183488,-0.207688],[-0.246935,-0.226669,-0.942149],[0.125797,0.956532,-0.2631]],[[0.960832,-0.183488,-0.207688],[-0.274139,-0.739124,-0.615258],[-0.0406145,0.648095,-0.760475]]],"btipPosition":[39.7363,229.22,-13.0977],"carpPosition":[60.1418,248.99,59.0636],"dipPosition":[38.9752,241.366,-27.349],"direction":[-0.125797,-0.956532,0.2631],"extended":false,"handId":699,"id":6992,"length":66.821,"mcpPosition":[55.6596,292.325,4.81738],"pipPosition":[42.5425,268.491,-34.8099],"stabilizedTipPosition":[28.0132,201.874,-10.078],"timeVisible":164.627,"tipPosition":[39.8837,231.586,-15.1089],"tipVelocity":[6.97334,78.6176,-99.4097],"tool":false,"touchDistance":0.333333,"touchZone":"none","type":2,"width":18.9446},{"bases":[[[0.93574,-0.321369,-0.145304],[0.342256,0.727931,0.594119],[-0.08516,-0.605672,0.791144]],[[0.938533,-0.29507,-0.179135],[0.159032,0.830204,-0.534295],[0.306373,0.472965,0.826099]],[[0.938533,-0.29507,-0.179135],[-0.246769,-0.210648,-0.945903],[0.241373,0.931966,-0.270514]],[[0.938533,-0.29507,-0.179135],[-0.340809,-0.709674,-0.616613],[0.0548163,0.639763,-0.766615]]],"btipPosition":[56.0167,227.15,-8.18607],"carpPosition":[72.0372,248.055,56.2848],"dipPosition":[57.0381,239.07,-22.4699],"direction":[-0.241373,-0.931966,0.270514],"extended":false,"handId":699,"id":6993,"length":64.2502,"mcpPosition":[77.3568,285.889,6.86471],"pipPosition":[63.7061,264.816,-29.9429],"stabilizedTipPosition":[43.9183,197.567,-2.09147],"timeVisible":164.627,"tipPosition":[56.356,229.472,-9.90438],"tipVelocity":[11.9134,80.3643,-94.5448],"tool":false,"touchDistance":0.333333,"touchZone":"none","type":3,"width":18.027},{"bases":[[[0.850095,-0.505137,-0.148916],[0.474754,0.612696,0.631833],[-0.227922,-0.607816,0.760665]],[[0.785046,-0.619345,0.0107098],[0.538269,0.673518,-0.506596],[0.306544,0.403466,0.862117]],[[0.785046,-0.619345,0.0107098],[-0.137073,-0.190555,-0.97206],[0.604081,0.761643,-0.23449]],[[0.785046,-0.619345,0.0107098],[-0.461628,-0.596486,-0.656585],[0.413041,0.510505,-0.754176]]],"btipPosition":[66.3113,237.633,-5.62562],"carpPosition":[82.8232,240.344,51.2218],"dipPosition":[73.4111,246.408,-18.5892],"direction":[-0.604081,-0.761643,0.23449],"extended":false,"handId":699,"id":6994,"length":50.3709,"mcpPosition":[96.0027,275.491,7.23653],"pipPosition":[85.1935,261.264,-23.1629],"stabilizedTipPosition":[55.4275,207.508,0.144965],"timeVisible":164.627,"tipPosition":[67.8871,239.237,-7.40262],"tipVelocity":[11.9909,88.3984,-103.836],"tool":false,"touchDistance":0.333333,"touchZone":"none","type":4,"width":16.013}],"r":[[0.971045,-0.126587,0.202603],[0.115439,0.991121,0.0659744],[-0.209155,-0.0406758,0.977036]],"s":0.985967,"t":[23.2262,-12.2803,-140.314],"timestamp":523882775665},false],[7,{"currentFrameRate":109.