{"sensorType":"Leap","data":[[0,{"currentFrameRate":108.112,"devices":[],"gestures":[],"hands":[{"armBasis":[[0.940756,0.0471529,-0.33579],[0.126109,0.870596,0.475562],[0.314761,-0.489734,0.813072]],"armWidth":63.5437,"confidence":0.644178,"direction":[-0.0863372,0.756182,-0.648641],"elbow":[150.46,102.396,274.734],"grabStrength":0,"id":699,"palmNormal":[-0.165153,-0.652927,-0.739196],"palmPosition":[52.8808,272.496,19.0755],"palmVelocity":[185.785,194.49,-237.616],"palmWidth":90.7382,"pinchStrength":0.902202,"r":[[0.982161,-0.10064,0.158843],[0.0889317,0.992885,0.0791913],[-0.165683,-0.0636524,0.984123]],"s":0.992088,"sphereCenter":[52.5446,256.521,-28.0304],"sphereRadius":48.0243,"stabilizedPalmPosition":[13.8058,279.413,167.508],"t":[16.1249,-11.7135,-138.742],"timeVisible":59.5907,"type":"right","wrist":[65.7101,234.258,55.8118]}],"id":4284205,"interactionBox":{"center":[0,200,0],"size":[235.247,235.247,147.751]},"pointables":[{"bases":[[[0.526218,0.714126,0.461649],[-0.683142,0.0317383,0.729595],[0.506371,-0.699298,0.504551]],[[0.30308,0.921276,0.243707],[-0.787259,0.0979466,0.608793],[0.536996,-0.376374,0.754969]],[[0.30308,0.921276,0.243707],[-0.944141,0.255569,0.208042],[0.129381,-0.293147,0.947273]],[[0.30308,0.921276,0.243707],[-0.677249,0.388144,-0.625042],[-0.670429,0.0243877,0.741572]]],"btipPosition":[20.8114,254.011,-31.8807],"carpPosition":[36.2948,225.877,55.2171],"dipPosition":[5.16436,254.58,-14.5733],"direction":[-0.129381,0.293147,-0.947273],"extended":false,"handId":699,"id":6990,"length":51.9721,"mcpPosition":[36.2948,225.877,55.2171],"pipPosition":[9.56346,244.613,17.6351],"stabilizedTipPosition":[-34.2263,280.806,137.841],"timeVisible":59.5907,"tipPosition":[18.0763,253.905,-27.7208],"tipVelocity":[198.791,207.491,-283.578],"tool":false,"touchDistance":-0.741424,"touchZone":"hovering","type":0,"width":20.194},{"bases":[[[0.954038,0.0842746,-0.287592],[0.12623,0.757362,0.640679],[0.271804,-0.647535,0.711914]],[[0.98829,-0.0402006,-0.147196],[0.115157,0.829399,0.546659],[0.100108,-0.557209,0.824316]],[[0.98829,-0.0402006,-0.147196],[0.0995829,0.900836,0.422585],[0.115611,-0.432294,0.894291]],[[0.98829,-0.0402006,-0.147196],[0.0861443,0.943229,0.320778],[0.125944,-0.329702,0.935647]]],"btipPosition":[17.3334,333.747,-63.7928],"carpPosition":[46.496,246.329,61.2514],"dipPosition":[19.4792,328.129,-47.851],"direction":[-0.115611,0.432294,-0.894291],"extended":true,"handId":699,"id":6991,"length":58.6448,"mcpPosition":[26.5548,293.836,9.02114],"pipPosition":[22.2659,317.709,-26.2954],"stabilizedTipPosition":[-36.2555,365.74,132.448],"timeVisible":59.5907,"tipPosition":[18.0798,331.784,-60.4482],"tipVelocity":[227.13,197.493,-261.548],"tool":false,"touchDistance":0.332512,"touchZone":"hovering","type":1,"width":19.2893},{"bases":[[[0.946397,-0.134339,-0.293744],[0.291641,0.746306,0.598309],[0.138846,-0.651905,0.74548]],[[0.947058,-0.137495,-0.290131],[-0.0265896,0.866967,-0.497655],[0.319959,0.479023,0.817413]],[[0.947058,-0.137495,-0.290131],[-0.308807,-0.142818,-0.940341],[0.0878557,0.980152,-0.177717]],[[0.947058,-0.137495,-0.290131],[-0.306112,-0.659231,-0.686811],[-0.0968303,0.739263,-0.666419]]],"btipPosition":[32.423,229.702,-15.2016],"carpPosition":[58.1395,249.019,58.4274],"dipPosition":[30.6084,243.555,-27.6903],"direction":[-0.0878557,-0.980152,0.177717],"extended":false,"handId":699,"id":6992,"length":66.821,"mcpPosition":[48.4792,294.375,6.56064],"pipPosition":[33.0998,271.35,-32.7299],"stabilizedTipPosition":[-21.5115,248.586,157.27],"timeVisible":59.5907,"tipPosition":[32.3307,232.747,-16.9838],"tipVelocity":[219.389,207.092,-314.366],"tool":false,"touchDistance":0.333333,"touchZone":"none","type":2,"width":18.9446},{"bases":[[[0.931818,-0.284683,-0.2251],[0.362789,0.713639,0.599253],[-0.00995671,-0.640058,0.768262]],[[0.9307,-0.309713,-0.194617],[0.158001,0.820251,-0.549749],[0.329899,0.480902,0.812342]],[[0.9307,-0.309713,-0.194617],[-0.25067,-0.152559,-0.955976],[0.266387,0.938512,-0.219622]],[[0.9307,-0.309713,-0.194617],[-0.354858,-0.63543,-0.685788],[0.0887318,0.707324,-0.701299]]],"btipPosition":[46.7359,228.034,-10.2778],"carpPosition":[69.8252,248.585,54.7737],"dipPosition":[48.3892,241.213,-23.3446],"direction":[-0.266387,-0.938511,0.219622],"extended":false,"handId":699,"id":6993,"length":64.2502,"mcpPosition":[70.4472,288.567,6.78293],"pipPosition":[55.7482,267.14,-29.4117],"stabilizedTipPosition":[15.6576,233.987,74.9166],"timeVisible":59.5907,"tipPosition":[47.1101,231.561,-14.1983],"tipVelocity":[237.14,194.015,-244.624],"tool":false,"touchDistance":0.333333,"touchZone":"none","type":3,"width":18.027},{"bases":[[[0.851565,-0.470824,-0.230568],[0.50099,0.601303,0.62245],[-0.154423,-0.645569,0.747926]],[[0.848616,-0.482484,-0.216931],[0.323504,0.797771,-0.508829],[0.418563,0.361622,0.833087]],[[0.848616,-0.482484,-0.216931],[-0.270953,-0.0442289,-0.961576],[0.454351,0.874787,-0.168264]],[[0.848616,-0.482484,-0.216931],[-0.473504,-0.509922,-0.718173],[0.235889,0.712171,-0.661187]]],"btipPosition":[61.6925,236.715,-9.34798],"carpPosition":[80.4388,241.441,48.6293],"dipPosition":[65.7472,248.957,-20.7132],"direction":[-0.454351,-0.874787,0.168264],"extended":false,"handId":699,"id":6994,"length":50.3709,"mcpPosition":[89.3682,278.771,5.38065],"pipPosition":[74.6092,266.019,-23.9951],"stabilizedTipPosition":[14.2131,242.714,109.025],"timeVisible":59.5907,"tipPosition":[62.8359,239.395,-11.1141],"tipVelocity":[227.073,203.661,-231.622],"tool":false,"touchDistance":0.333333,"touchZone":"none","type":4,"width":16.013}],"r":[[0.982161,-0.10064,0.158843],[0.0889317,0.992885,0.0791913],[-0.165683,-0.0636524,0.984123]],"s":0.992088,"t":[16.1249,-11.7135,-138.742],"timestamp":523777739363},false],[1,{"currentFrameRate":108.1,"devices":[],"gestures":[],"hands":[{"armBasis":[[0.940265,0.0481527,-0.33702],[0.121847,0.876771,0.465216],[0.317891,-0.478492,0.81853]],"armWidth":63.5437,"confidence":0.638186,"direction":[-0.0836414,0.75111,-0.654858],"elbow":[152.403,107.703,274.364],"grabStrength":0,"id":699,"palmNormal":[-0.160366,-0.658741,-0.735081],"palmPosition":[54.1391,274.479,16.8763],"palmVelocity":[171.686,199.944,-237.494],"palmWidth":90.7382,"pinchStrength":0.898961,"r":[[0.980922,-0.0961193,0.168976],[0.0837473,0.993359,0.0788946],[-0.175437,-0.0632381,0.982457]],"s":0.993241,"sphereCenter":[53.857,258.209,-30.0531],"sphereRadius":47.9822,"stabilizedPalmPosition":[16.2488,279.115,158.384],"t":[17.5265,-9.90527,-140.672],"timeVisible":59.6,"type":"right","wrist":[66.8104,236.538,53.9731]}],"id":4284206,"interactionBox":{"center":[0,200,0],"size":[235.247,235.247,147.751]},"pointables":[{"bases":[[[0.522875,0.718244,0.459051],[-0.687161,0.0365019,0.725588],[0.504392,-0.694834,0.512635]],[[0.301604,0.92294,0.239201],[-0.790704,0.101941,0.603652],[0.53275,-0.371201,0.760518]],[[0.301604,0.92294,0.239201],[-0.944984,0.256045,0.203582],[0.126648,-0.287442,0.949388]],[[0.301604,0.92294,0.239201],[-0.678966,0.384044,-0.625712],[-0.669358,0.0263077,0.742474]]],"btipPosition":[22.2042,255.755,-34.1854],"carpPosition":[37.4084,228.118,53.2816],"dipPosition":[6.58219,256.369,-16.8569],"direction":[-0.126648,0.287442,-0.949388],"extended":false,"handId":699,"id":6990,"length":51.9721,"mcpPosition":[37.4084,228.118,53.2816],"pipPosition":[10.8884,246.596,15.4235],"stabilizedTipPosition":[-31.4715,279.507,129.08],"timeVisible":59.6,"tipPosition":[19.4614,255.617,-30.007],"tipVelocity":[185.288,202.351,-273.57],"tool":false,"touchDistance":-0.730111,"touchZone":"hovering","type":0,"width":20.194},{"bases":[[[0.955502,0.0831974,-0.28301],[0.121864,0.762375,0.635558],[0.268636,-0.641765,0.718312]],[[0.988857,-0.0380905,-0.143916],[0.111031,0.832676,0.542516],[0.0991706,-0.552449,0.827626]],[[0.988857,-0.0380905,-0.143916],[0.0955192,0.903827,0.417101],[0.114187,-0.4262,0.897393]],[[0.988857,-0.0380905,-0.143916],[0.0821599,0.945795,0.314201],[0.124147,-0.322524,0.938385]]],"btipPosition":[18.7281,335.148,-66.5616],"carpPosition":[47.5532,248.627,59.2153],"dipPosition":[20.8433,329.653,-50.5731],"direction":[-0.114187,0.4262,-0.897393],"extended":true,"handId":699,"id":6991,"length":58.6448,"mcpPosition":[27.8445,295.711,6.51562],"pipPosition":[23.5957,319.38,-28.9428],"stabilizedTipPosition":[-33.3944,364.097,122.373],"timeVisible":59.6,"tipPosition":[19.537,333.227,-63.2059],"tipVelocity":[205.316,185.301,-271.66],"tool":false,"touchDistance":0.286545,"touchZone":"hovering","type":1,"width":19.2893},{"bases":[[[0.948142,-0.135466,-0.287534],[0.287517,0.75119,0.594178],[0.135502,-0.646036,0.751184]],[[0.948813,-0.138719,-0.283746],[-0.024168,0.863865,-0.503144],[0.314914,0.484247,0.816293]],[[0.948813,-0.138719,-0.283746],[-0.303177,-0.148181,-0.941343],[0.088536,0.979183,-0.182652]],[[0.948813,-0.138719,-0.283746],[-0.301767,-0.663332,-0.684782],[-0.0932259,0.735355,-0.671239]]],"btipPosition":[33.8808,231.433,-17.3072],"carpPosition":[59.2089,251.309,56.4345],"dipPosition":[32.1337,245.213,-29.8863],"direction":[-0.088536,-0.979183,0.182652],"extended":false,"handId":699,"id":6992,"length":66.821,"mcpPosition":[49.7814,296.257,4.17092],"pipPosition":[34.6444,272.981,-35.0658],"stabilizedTipPosition":[-19.1012,247.973,149.491],"timeVisible":59.6,"tipPosition":[33.7951,234.463,-19.118],"tipVelocity":[202.357,200.844,-290.423],"tool":false,"touchDistance":0.333333,"touchZone":"none","type":2,"width":18.9446},{"bases":[[[0.933358,-0.285299,-0.217825],[0.358696,0.718615,0.59576],[-0.0134372,-0.63419,0.77306]],[[0.932121,-0.309844,-0.187474],[0.159589,0.816138,-0.555382],[0.325086,0.487765,0.810188]],[[0.932121,-0.309844,-0.187474],[-0.245668,-0.160652,-0.955949],[0.266077,0.937117,-0.225866]],[[0.932121,-0.309844,-0.187474],[-0.350477,-0.641451,-0.682427],[0.0911911,0.70181,-0.706503]]],"btipPosition":[48.2202,229.779,-12.1377],"carpPosition":[70.915,250.861,52.8481],"dipPosition":[49.9193,242.855,-25.3015],"direction":[-0.266077,-0.937117,0.225866],"extended":false,"handId":699,"id":6993,"length":64.2502,"mcpPosition":[71.7543,290.476,4.55759],"pipPosition":[57.2698,268.744,-31.5411],"stabilizedTipPosition":[20.5594,233.809,61.5169],"timeVisible":59.6,"tipPosition":[48.6048,233.266,-16.0717],"tipVelocity":[215.763,191.653,-232.903],"tool":false,"touchDistance":0.333333,"touchZone":"none","type":3,"width":18.027},{"bases":[[[0.853346,-0.47157,-0.22231],[0.496895,0.606621,0.620569],[-0.157784,-0.640025,0.751979]],[[0.849897,-0.484717,-0.206696],[0.327446,0.793128,-0.513544],[0.41286,0.368777,0.832796]],[[0.849897,-0.484717,-0.206696],[-0.264427,-0.0530157,-0.962948],[0.455799,0.873063,-0.17323]],[[0.849897,-0.484717,-0.206696],[-0.468862,-0.51658,-0.716459],[0.240505,0.705829,-0.666306]]],"btipPosition":[63.1116,238.527,-11.2],"carpPosition":[81.5701,243.683,46.8165],"dipPosition":[67.2457,250.659,-22.6532],"direction":[-0.455799,-0.873063,0.17323],"extended":false,"handId":699,"id":6994,"length":50.3709,"mcpPosition":[90.6939,280.692,3.33356],"pipPosition":[76.1359,267.688,-26.032],"stabilizedTipPosition":[19.9362,242.553,94.9203],"timeVisible":59.6,"tipPosition":[64.2734,241.182,-13.0187],"tipVelocity":[206.784,200.563,-223.259],"tool":false,"touchDistance":0.333333,"touchZone":"none","type":4,"width":16.013}],"r":[[0.980922,-0.0961193,0.168976],[0.0837473,0.993359,0.0788946],[-0.175437,-0.0632381,0.982457]],"s":0.993241,"t":[17.5265,-9.90527,-140.672],"timestamp":523777748635},false],[2,{"currentFrameRate":108.335,"devices":[],"gestures":[],"hands":[{"armBasis":[[0.939704,0.055971,-0.337379],[0.113215,0.879977,0.461328],[0.322706,-0.471708,0.82058]],"armWidth":63.5437,"confidence":0.639723,"direction":[-0.0820413,0.750952,-0.655241],"elbow":[154.76,111.236,273.432],"grabStrength":0,"id":699,"palmNormal":[-0.151402,-0.659217,-0.736553],"palmPosition":[55.3124,276.139,15.3057],"palmVelocity":[161.321,196.868,-221.554],"palmWidth":90.7382,"pinchStrength":0.887404,"r":[[0.979649,-0.0915748,0.178612],[0.0785271,0.993792,0.0788148],[-0.184721,-0.0631849,0.980758]],"s":0.994612,"sphereCenter":[55.3565,259.91,-31.6221],"sphereRadius":47.9903,"stabilizedPalmPosition":[18.8732,278.915,148.772],"t":[18.814,-8.17104,-142.422],"timeVisible":59.6088,"type":"right","wrist":[67.8707,238.245,52.4885]}],"id":4284207,"interactionBox":{"center":[0,200,0],"size":[235.247,235.247,147.751]},"pointables":[{"bases":[[[0.515796,0.720553,0.46342],[-0.693045,0.0329488,0.720141],[0.503631,-0.692617,0.51637]],[[0.297147,0.923201,0.243727],[-0.795597,0.098254,0.597805],[0.527948,-0.371545,0.763692]],[[0.297147,0.923201,0.243727],[-0.94674,0.251707,0.200818],[0.124047,-0.290418,0.948825]],[[0.297147,0.923201,0.243727],[-0.686668,0.383981,-0.617289],[-0.663469,0.0160662,0.748032]]],"btipPosition":[23.5014,257.68,-36.174],"carpPosition":[38.5156,229.685,51.5616],"dipPosition":[8.01686,258.055,-18.7159],"direction":[-0.124047,0.290418,-0.948825],"extended":false,"handId":699,"id":6990,"length":51.9721,"mcpPosition":[38.5156,229.685,51.5616],"pipPosition":[12.2346,248.18,13.5454],"stabilizedTipPosition":[-28.5517,278.273,119.923],"timeVisible":59.6088,"tipPosition":[20.8118,257.392,-31.932],"tipVelocity":[176.019,205.031,-259.789],"tool":false,"touchDistance":-0.714816,"touchZone":"hovering","type":0,"width":20.194},{"bases":[[[0.957303,0.0878596,-0.275413],[0.113195,0.762705,0.636764],[0.266005,-0.640751,0.720194]],[[0.989851,-0.0311508,-0.138651],[0.102538,0.832084,0.54509],[0.0983891,-0.553775,0.826833]],[[0.989851,-0.0311508,-0.138651],[0.0871082,0.90389,0.418802],[0.112279,-0.42663,0.89743]],[[0.989851,-0.0311508,-0.138651],[0.0739065,0.946193,0.315049],[0.121376,-0.322099,0.938893]]],"btipPosition":[20.0098,336.747,-68.3082],"carpPosition":[48.5152,250.24,57.5824],"dipPosition":[22.0779,331.259,-52.311],"direction":[-0.112279,0.42663,-0.89743],"extended":true,"handId":699,"id":6991,"length":58.6448,"mcpPosition":[28.9995,297.25,4.74461],"pipPosition":[24.7842,320.975,-30.6798],"stabilizedTipPosition":[-30.3529,362.482,111.817],"timeVisible":59.6088,"tipPosition":[20.8801,334.849,-64.9511],"tipVelocity":[188.875,184.333,-251.836],"tool":false,"touchDistance":0.257468,"touchZone":"hovering","type":1,"width":19.2893},{"bases":[[[0.951022,-0.130835,-0.280071],[0.279222,0.752326,0.596692],[0.132636,-0.645669,0.75201]],[[0.951686,-0.134126,-0.276232],[-0.024245,0.863935,-0.503019],[0.306114,0.485413,0.818943]],[[0.951686,-0.134126,-0.276232],[-0.294955,-0.149071,-0.943811],[0.0854113,0.979688,-0.18143]],[[0.951686,-0.134126,-0.276232],[-0.293192,-0.6643,-0.687564],[-0.0912805,0.735334,-0.671529]]],"btipPosition":[35.526,233.007,-19.061],"carpPosition":[60.1796,252.979,54.8948],"dipPosition":[33.8154,246.787,-31.6455],"direction":[-0.0854113,-0.979688,0.18143],"extended":false,"handId":699,"id":6992,"length":66.821,"mcpPosition":[50.9514,297.901,2.57372],"pipPosition":[36.2374,274.569,-36.7904],"stabilizedTipPosition":[-16.4377,247.393,141.071],"timeVisible":59.6088,"tipPosition":[35.4376,236.041,-20.8842],"tipVelocity":[198.427,194.885,-265.862],"tool":false,"touchDistance":0.333333,"touchZone":"none","type":2,"width":18.9446},{"bases":[[[0.936402,-0.280763,-0.210532],[0.35054,0.72009,0.598826],[-0.0165257,-0.634542,0.772712]],[[0.935075,-0.30494,-0.180683],[0.160105,0.818165,-0.552244],[0.31623,0.487461,0.813868]],[[0.935075,-0.30494,-0.180683],[-0.237352,-0.160106,-0.958139],[0.263246,0.938817,-0.22209]],[[0.935075,-0.30494,-0.180683],[-0.342021,-0.642446,-0.685773],[0.0930403,0.703047,-0.705031]]],"btipPosition":[49.8522,231.471,-13.8588],"carpPosition":[71.9156,252.587,51.4009],"dipPosition":[51.5858,244.571,-26.9951],"direction":[-0.263246,-0.938817,0.22209],"extended":false,"handId":699,"id":6993,"length":64.2502,"mcpPosition":[72.948,292.225,3.13221],"pipPosition":[58.8581,270.506,-33.1304],"stabilizedTipPosition":[25.0476,233.911,49.6664],"timeVisible":59.6088,"tipPosition":[50.244,234.924,-17.713],"tipVelocity":[207.802,191.954,-222.613],"tool":false,"touchDistance":0.333333,"touchZone":"none","type":3,"width":18.027},{"bases":[[[0.857318,-0.467411,-0.215714],[0.489071,0.608747,0.624689],[-0.160672,-0.641057,0.750487]],[[0.853302,-0.48236,-0.198004],[0.330103,0.793699,-0.510954],[0.403619,0.370636,0.836493]],[[0.853302,-0.48236,-0.198004],[-0.255128,-0.0550644,-0.965338],[0.454737,0.874241,-0.17005]],[[0.853302,-0.48236,-0.198004],[-0.460562,-0.519218,-0.719927],[0.244457,0.705508,-0.665206]]],"btipPosition":[64.6394,240.283,-12.6901],"carpPosition":[82.6523,245.462,45.4514],"dipPosition":[68.8414,252.41,-24.1244],"direction":[-0.454737,-0.874241,0.17005],"extended":false,"handId":699,"id":6994,"length":50.3709,"mcpPosition":[91.943,282.531,2.05469],"pipPosition":[77.7109,269.462,-27.4412],"stabilizedTipPosition":[25.5439,242.617,81.384],"timeVisible":59.6088,"tipPosition":[65.8165,242.929,-14.5358],"tipVelocity":[198.291,200.231,-208.56],"tool":false,"touchDistance":0.333333,"touchZone":"none","type":4,"width":16.013}],"r":[[0.979649,-0.0915748,0.178612],[0.0785271,0.993792,0.0788148],[-0.184721,-0.0631849,0.980758]],"s":0.994612,"t":[18.814,-8.17104,-142.422],"timestamp":523777757441},false],[3,{"currentFrameRate":108.352,"devices":[],"gestures":[],"hands":[{"armBasis":[[0.939401,0.0582733,-0.337831],[0.109718,0.882508,0.457319],[0.324788,-0.466672,0.822636]],"armWidth":63.5437,"confidence":0.638383,"direction":[-0.0816861,0.7489,-0.657629],"elbow":[156.319,114.267,272.882],"grabStrength":0,"id":699,"palmNormal":[-0.147823,-0.66164,-0.735106],"palmPosition":[56.3411,277.681,14.0564],"palmVelocity":[147.483,188.686,-197.576],"palmWidth":90.7382,"pinchStrength":0.881152,"r":[[0.978474,-0.0874186,0.18694],[0.0738855,0.994197,0.0781872],[-0.19269,-0.062692,0.979255]],"s":0.99596,"sphereCenter":[56.3399,261.391,-32.7643],"sphereRadius":47.9458,"stabilizedPalmPosition":[21.9434,278.813,137.733],"t":[19.9721,-6.53307,-143.921],"timeVisible":59.618,"type":"right","wrist":[68.8692,239.92,51.3846]}],"id":4284208,"interactionBox":{"center":[0,200,0],"size":[235.247,235.247,147.751]},"pointables":[{"bases":[[[0.512894,0.722969,0.462878],[-0.695245,0.0335359,0.71799],[0.503561,-0.690066,0.519841]],[[0.295695,0.923812,0.243178],[-0.797723,0.0987426,0.594884],[0.52555,-0.369893,0.766144]],[[0.295695,0.923812,0.243178],[-0.947316,0.250761,0.199277],[0.123115,-0.289291,0.949291]],[[0.295695,0.923812,0.243178],[-0.691785,0.38263,-0.612395],[-0.658786,0.0128552,0.752221]]],"btipPosition":[24.5628,259.244,-37.5759],"carpPosition":[39.5351,231.295,50.3954],"dipPosition":[9.18752,259.544,-20.0199],"direction":[-0.123115,0.289291,-0.949291],"extended":false,"handId":699,"id":6990,"length":51.9721,"mcpPosition":[39.5351,231.295,50.3954],"pipPosition":[13.3736,249.708,12.2571],"stabilizedTipPosition":[-25.159,276.975,109.421],"timeVisible":59.618,"tipPosition":[21.872,258.892,-33.2932],"tipVelocity":[159.827,194.731,-229.072],"tool":false,"touchDistance":-0.692358,"touchZone":"hovering","type":0,"width":20.194},{"bases":[[[0.957927,0.0891044,-0.27283],[0.109693,0.764761,0.634908],[0.265223,-0.638123,0.722811]],[[0.990033,-0.0273022,-0.138163],[0.0990134,0.832585,0.544975],[0.100153,-0.553224,0.82699]],[[0.990033,-0.0273022,-0.138163],[0.0833003,0.904546,0.418159],[0.113558,-0.425501,0.897805]],[[0.990033,-0.0273022,-0.138163],[0.0699164,0.946882,0.313888],[0.122254,-0.32042,0.939354]]],"btipPosition":[20.904,338.123,-69.7194],"carpPosition":[49.4734,251.889,56.3868],"dipPosition":[22.987,332.663,-53.7143],"direction":[-0.113558,0.425501,-0.897805],"extended":true,"handId":699,"id":6991,"length":58.6448,"mcpPosition":[30.0151,298.705,3.35706],"pipPosition":[25.7242,322.407,-32.0741],"stabilizedTipPosition":[-26.8745,360.759,99.8594],"timeVisible":59.618,"tipPosition":[21.8351,336.23,-66.3702],"tipVelocity":[163.344,174.82,-224.256],"tool":false,"touchDistance":0.233979,"touchZone":"hovering","type":1,"width":19.2893},{"bases":[[[0.952123,-0.129615,-0.276879],[0.27586,0.75462,0.595358],[0.131771,-0.643233,0.754246]],[[0.952789,-0.132926,-0.272991],[-0.0245305,0.862443,-0.505559],[0.302641,0.488388,0.818465]],[[0.952789,-0.132926,-0.272991],[-0.291795,-0.152241,-0.944287],[0.0839595,0.979364,-0.183841]],[[0.952789,-0.132926,-0.272991],[-0.28976,-0.666724,-0.686672],[-0.0907336,0.733355,-0.673764]]],"btipPosition":[36.7443,234.406,-20.2523],"carpPosition":[61.1399,254.644,53.7259],"dipPosition":[35.0439,248.149,-32.8786],"direction":[-0.0839595,-0.979364,0.183841],"extended":false,"handId":699,"id":6992,"length":66.821,"mcpPosition":[51.9719,299.397,1.24928],"pipPosition":[37.4248,275.922,-38.0919],"stabilizedTipPosition":[-13.2112,246.793,131.034],"timeVisible":59.618,"tipPosition":[36.6528,237.438,-22.0947],"tipVelocity":[180.047,182.665,-228.019],"tool":false,"touchDistance":0.333333,"touchZone":"none","type":2,"width":18.9446},{"bases":[[[0.937614,-0.279375,-0.206955],[0.347239,0.722542,0.597795],[-0.0174748,-0.632363,0.774475]],[[0.936274,-0.303184,-0.177399],[0.159837,0.817419,-0.553424],[0.312799,0.489801,0.813788]],[[0.936274,-0.303184,-0.177399],[-0.234324,-0.16283,-0.958425],[0.261693,0.938917,-0.223497]],[[0.936274,-0.303184,-0.177399],[-0.338666,-0.645032,-0.68501],[0.0932554,0.701436,-0.706605]]],"btipPosition":[51.0747,232.939,-15.0301],"carpPosition":[72.887,254.268,50.268],"dipPosition":[52.8122,246.008,-28.1958],"direction":[-0.261693,-0.938917,0.223497],"extended":false,"handId":699,"id":6993,"length":64.2502,"mcpPosition":[73.9786,293.769,1.88913],"pipPosition":[60.0416,271.946,-34.37],"stabilizedTipPosition":[29.5129,234.254,38.223],"timeVisible":59.618,"tipPosition":[51.4646,236.36,-18.8538],"tipVelocity":[186.882,182.671,-196.174],"tool":false,"touchDistance":0.333333,"touchZone":"none","type":3,"width":18.027},{"bases":[[[0.85894,-0.466205,-0.211836],[0.485928,0.611567,0.624387],[-0.16154,-0.639249,0.751842]],[[0.854266,-0.483293,-0.191461],[0.333145,0.791719,-0.51205],[0.399054,0.373643,0.837345]],[[0.854266,-0.483293,-0.191461],[-0.250137,-0.0592965,-0.966393],[0.455698,0.873448,-0.171545]],[[0.854266,-0.483293,-0.191461],[-0.457062,-0.522853,-0.719527],[0.247637,0.702177,-0.66755]]],"btipPosition":[65.7812,241.832,-13.8098],"carpPosition":[83.6563,247.149,44.3706],"dipPosition":[70.0379,253.901,-25.2844],"direction":[-0.455698,-0.873448,0.171545],"extended":false,"handId":699,"id":6994,"length":50.3709,"mcpPosition":[92.9973,284.113,0.895599],"pipPosition":[78.9261,270.938,-28.6303],"stabilizedTipPosition":[31.4687,242.903,67.3207],"timeVisible":59.618,"tipPosition":[66.9753,244.449,-15.6923],"tipVelocity":[177.933,190.907,-184.557],"tool":false,"touchDistance":0.333333,"touchZone":"none","type":4,"width":16.013}],"r":[[0.978474,-0.0874186,0.18694],[0.0738855,0.994197,0.0781872],[-0.19269,-0.062692,0.979255]],"s":0.99596,"t":[19.9721,-6.53307,-143.921],"timestamp":523777766639},false],[4,{"currentFrameRate":99.3391,"devices":[],"gestures":[],"hands":[{"armBasis":[[0.945255,0.0533139,-0.321948],[0.103461,0.886708,0.450604],[0.309497,-0.459245,0.83265]],"armWidth":63.5437,"confidence":0.590835,"direction":[-0.0710283,0.75097,-0.656505],"elbow":[154.176,121.488,271.534],"grabStrength":0,"id":699,"palmNormal":[-0.138668,-0.65921,-0.739062],"palmPosition":[58.912,283.034,9.95165],"palmVelocity":[115.108,194.535,-169.33],"palmWidth":90.7382,"pinchStrength":0.860422,"r":[[0.976892,-0.0845685,0.196292],[0.0703245,0.994435,0.0784466],[-0.201834,-0.0628297,0.977402]],"s":0.99805,"sphereCenter":[59.4068,266.902,-36.9231],"sphereRadius":47.9912,"stabilizedPalmPosition":[33.672,280.153,97.193],"t":[21.8365,-3.03709,-146.724],"timeVisible":59.645,"type":"right","wrist":[70.8431,245.141,47.3412]}],"id":4284209,"interactionBox":{"center":[0,200,0],"size":[235.247,235.247,147.751]},"pointables":[{"bases":[[[0.507652,0.720645,0.472187],[-0.705232,0.0327489,0.70822],[0.494911,-0.69253,0.524847]],[[0.297021,0.920691,0.253194],[-0.805132,0.0989215,0.584788],[0.513362,-0.377549,0.770659]],[[0.297021,0.920691,0.253194],[-0.94794,0.252421,0.194146],[0.114836,-0.297679,0.947734]],[[0.297021,0.920691,0.253194],[-0.703901,0.390289,-0.593463],[-0.645214,-0.00195289,0.763999]]],"btipPosition":[27.1091,265.536,-42.5047],"carpPosition":[41.51,236.574,45.9133],"dipPosition":[12.0505,265.49,-24.6738],"direction":[-0.114836,0.297679,-0.947734],"extended":false,"handId":699,"id":6990,"length":51.9721,"mcpPosition":[41.51,236.574,45.9133],"pipPosition":[15.9551,255.369,7.55032],"stabilizedTipPosition":[-11.5485,273.782,68.1961],"timeVisible":59.645,"tipPosition":[24.5454,264.949,-38.095],"tipVelocity":[120.921,216.487,-198.759],"tool":false,"touchDistance":-0.724439,"touchZone":"hovering","type":0,"width":20.194},{"bases":[[[0.96184,0.0880949,-0.259043],[0.102144,0.762695,0.638642],[0.253832,-0.640731,0.724592]],[[0.991452,-0.0256611,-0.127927],[0.0925498,0.829426,0.550897],[0.0919693,-0.558027,0.82471]],[[0.991452,-0.0256611,-0.127927],[0.0779956,0.902566,0.423429],[0.104597,-0.429787,0.896852]],[[0.991452,-0.0256611,-0.127927],[0.0655619,0.945681,0.318418],[0.112807,-0.324083,0.939279]]],"btipPosition":[24.3947,343.929,-74.01],"carpPosition":[51.4008,257.132,52.1048],"dipPosition":[26.3167,338.407,-58.0063],"direction":[-0.104597,0.429787,-0.896852],"extended":true,"handId":699,"id":6991,"length":58.6448,"mcpPosition":[32.7782,304.14,-1.05554],"pipPosition":[28.8379,328.048,-36.389],"stabilizedTipPosition":[-11.8612,355.504,50.4484],"timeVisible":59.645,"tipPosition":[25.3702,342.043,-70.6617],"tipVelocity":[141.366,199.271,-183.769],"tool":false,"touchDistance":0.172887,"touchZone":"hovering","type":1,"width":19.2893},{"bases":[[[0.95569,-0.1306,-0.263819],[0.268832,0.752356,0.601407],[0.119942,-0.645681,0.754128]],[[0.956328,-0.134109,-0.259715],[-0.0153293,0.8643,-0.502743],[0.291894,0.484768,0.824498]],[[0.956328,-0.134109,-0.259715],[-0.278479,-0.148074,-0.948959],[0.0888065,0.979841,-0.178954]],[[0.956328,-0.134109,-0.259715],[-0.281304,-0.663655,-0.693131],[-0.0794065,0.735919,-0.672397]]],"btipPosition":[39.703,239.918,-24.8074],"carpPosition":[63.1087,259.873,49.6167],"dipPosition":[38.2149,253.709,-37.4082],"direction":[-0.0888065,-0.979841,0.178954],"extended":false,"handId":699,"id":6992,"length":66.821,"mcpPosition":[54.7637,304.797,-2.85173],"pipPosition":[40.7333,281.495,-42.4829],"stabilizedTipPosition":[0.622641,245.819,89.2628],"timeVisible":59.645,"tipPosition":[39.6399,242.954,-26.6648],"tipVelocity":[137.526,196.106,-191.118],"tool":false,"touchDistance":0.333333,"touchZone":"none","type":2,"width":18.9446},{"bases":[[[0.939921,-0.280536,-0.194548],[0.340112,0.720136,0.604755],[-0.0295545,-0.634589,0.772284]],[[0.938136,-0.304286,-0.165263],[0.168928,0.818803,-0.548657],[0.302266,0.486797,0.819551]],[[0.938136,-0.304286,-0.165263],[-0.221264,-0.159665,-0.962055],[0.266353,0.939105,-0.217115]],[[0.938136,-0.304286,-0.165263],[-0.330211,-0.642514,-0.691474],[0.104222,0.703268,-0.703244]]],"btipPosition":[53.9811,238.389,-19.3335],"carpPosition":[74.9027,259.485,46.3235],"dipPosition":[55.923,251.493,-32.4365],"direction":[-0.266353,-0.939105,0.217115],"extended":false,"handId":699,"id":6993,"length":64.2502,"mcpPosition":[76.7489,299.126,-1.9185],"pipPosition":[63.2811,277.436,-38.4344],"stabilizedTipPosition":[41.6606,237.74,8.691],"timeVisible":59.645,"tipPosition":[54.4275,241.815,-23.1312],"tipVelocity":[138.895,194.635,-173.01],"tool":false,"touchDistance":0.333333,"touchZone":"none","type":3,"width":18.027},{"bases":[[[0.860979,-0.467202,-0.201088],[0.478207,0.608823,0.632971],[-0.173299,-0.641137,0.747604]],[[0.854813,-0.48804,-0.176386],[0.347324,0.790605,-0.504291],[0.385566,0.369811,0.845327]],[[0.854813,-0.48804,-0.176386],[-0.232933,-0.0571181,-0.970814],[0.463721,0.87095,-0.162506]],[[0.854813,-0.48804,-0.176386],[-0.447256,-0.5205,-0.727352],[0.263168,0.70064,-0.663209]]],"btipPosition":[68.5979,247.365,-17.9102],"carpPosition":[85.7408,252.363,40.5575],"dipPosition":[73.1215,259.409,-29.3102],"direction":[-0.463721,-0.87095,0.162506],"extended":false,"handId":699,"id":6994,"length":50.3709,"mcpPosition":[95.7618,289.436,-2.67245],"pipPosition":[82.1662,276.396,-32.4798],"stabilizedTipPosition":[49.1157,246.247,26.7034],"timeVisible":59.645,"tipPosition":[69.8549,249.945,-19.8093],"tipVelocity":[133.755,199.353,-163.871],"tool":false,"touchDistance":0.333333,"touchZone":"none","type":4,"width":16.013}],"r":[[0.976892,-0.0845685,0.196292],[0.0703245,0.994435,0.0784466],[-0.201834,-0.0628297,0.977402]],"s":0.99805,"t":[21.8365,-3.03709,-146.724],"timestamp":523777793660},false],[5,{"currentFrameRate":99.8591,"devices":[],"gestures":[],"hands":[{"armBasis":[[0.940844,0.0585231,-0.333749],[0.104391,0.887,0.449814],[0.32236,-0.458045,0.828419]],"armWidth":63.5437,"confidence":0.592665,"direction":[-0.0696856,0.749997,-0.657761],"elbow":[158.108,122.923,269.522],"grabStrength":0,"id":699,"palmNormal":[-0.139061,-0.660229,-0.738078],"palmPosition":[59.4506,284.101,9.01013],"palmVelocity":[99.948,173.672,-151.579],"palmWidth":90.7382,"pinchStrength":0.852816,"r":[[0.97551,-0.0824714,0.203906],[0.0677179,0.994626,0.0783142],[-0.209269,-0.0625882,0.975853]],"s":0.999903,"sphereCenter":[59.9267,267.893,-37.8462],"sphereRadius":48.0109,"stabilizedPalmPosition":[37.0056,280.663,85.7895],"t":[23.0381,-0.755974,-148.595],"timeVisible":59.654,"type":"right","wrist":[71.3114,246.253,46.468]}],"id":4284210,"interactionBox":{"center":[0,200,0],"size":[235.247,235.247,147.751]},"pointables":[{"bases":[[[0.508282,0.720765,0.471325],[-0.705613,0.0347866,0.707743],[0.493721,-0.692306,0.526263]],[[0.29911,0.920071,0.252987],[-0.805187,0.101089,0.584341],[0.512061,-0.378484,0.771066]],[[0.29911,0.920071,0.252987],[-0.947207,0.254205,0.195396],[0.115468,-0.298076,0.947533]],[[0.29911,0.920071,0.252987],[-0.710676,0.39172,-0.584376],[-0.636767,-0.00499917,0.77104]]],"btipPosition":[27.4136,266.813,-43.5592],"carpPosition":[41.9684,237.721,45.0364],"dipPosition":[12.5522,266.697,-25.5641],"direction":[-0.115468,0.298076,-0.947533],"extended":false,"handId":699,"id":6990,"length":51.9721,"mcpPosition":[41.9684,237.721,45.0364],"pipPosition":[16.4783,256.562,6.6532],"stabilizedTipPosition":[-7.47843,272.981,55.8732],"timeVisible":59.654,"tipPosition":[24.9072,266.163,-39.0911],"tipVelocity":[98.4061,195.551,-175.228],"tool":false,"touchDistance":-0.69558,"touchZone":"hovering","type":0,"width":20.194},{"bases":[[[0.962105,0.086459,-0.258609],[0.102728,0.763597,0.637469],[0.252588,-0.639879,0.725779]],[[0.991364,-0.0260754,-0.128524],[0.09316,0.829798,0.550233],[0.0923014,-0.557454,0.825061]],[[0.991364,-0.0260754,-0.128524],[0.0785186,0.902979,0.42245],[0.105039,-0.428893,0.897228]],[[0.991364,-0.0260754,-0.128524],[0.0660023,0.946071,0.317164],[0.113323,-0.322907,0.939622]]],"btipPosition":[24.933,344.944,-75.0312],"carpPosition":[51.8815,258.276,51.2007],"dipPosition":[26.8638,339.443,-59.0217],"direction":[-0.105039,0.428893,-0.897228],"extended":true,"handId":699,"id":6991,"length":58.6448,"mcpPosition":[33.3501,305.221,-2.04683],"pipPosition":[29.3956,329.105,-37.3953],"stabilizedTipPosition":[-7.38206,354.082,35.7983],"timeVisible":59.654,"tipPosition":[25.935,343.07,-71.6809],"tipVelocity":[119.05,175.695,-164.445],"tool":false,"touchDistance":0.161951,"touchZone":"hovering","type":1,"width":19.2893},{"bases":[[[0.955681,-0.132236,-0.263035],[0.269425,0.752987,0.60035],[0.118674,-0.644612,0.755243]],[[0.956316,-0.13576,-0.258899],[-0.0139207,0.863473,-0.504203],[0.292003,0.485781,0.823863]],[[0.956316,-0.13576,-0.258899],[-0.278082,-0.149303,-0.948883],[0.0901659,0.979427,-0.180533]],[[0.956316,-0.13576,-0.258899],[-0.281724,-0.664437,-0.692211],[-0.0780478,0.73491,-0.673659]]],"btipPosition":[40.2076,240.951,-25.6877],"carpPosition":[63.5943,260.998,48.7151],"dipPosition":[38.745,254.723,-38.312],"direction":[-0.0901659,-0.979427,0.180533],"extended":false,"handId":699,"id":6992,"length":66.821,"mcpPosition":[55.3376,305.847,-3.8309],"pipPosition":[41.3019,282.497,-43.4315],"stabilizedTipPosition":[4.88333,245.634,76.469],"timeVisible":59.654,"tipPosition":[40.1481,243.986,-27.5569],"tipVelocity":[115.352,173.655,-165.683],"tool":false,"touchDistance":0.333333,"touchZone":"none","type":2,"width":18.9446},{"bases":[[[0.939681,-0.282039,-0.193531],[0.340662,0.720683,0.603793],[-0.0308189,-0.633301,0.773292]],[[0.937862,-0.305606,-0.164375],[0.170219,0.817951,-0.549529],[0.30239,0.487402,0.819145]],[[0.937862,-0.305606,-0.164375],[-0.220957,-0.160681,-0.961956],[0.267568,0.938502,-0.218222]],[[0.937862,-0.305606,-0.164375],[-0.330629,-0.64317,-0.690664],[0.10535,0.702095,-0.704247]]],"btipPosition":[54.4871,239.425,-20.2229],"carpPosition":[75.3898,260.59,45.4296],"dipPosition":[56.45,252.507,-33.3447],"direction":[-0.267568,-0.938502,0.218222],"extended":false,"handId":699,"id":6993,"length":64.2502,"mcpPosition":[77.3149,300.15,-2.87533],"pipPosition":[63.8417,278.433,-39.3731],"stabilizedTipPosition":[44.4289,238.719,2.03345],"timeVisible":59.654,"tipPosition":[54.937,242.834,-24.0075],"tipVelocity":[116.357,172.668,-152.792],"tool":false,"touchDistance":0.333333,"touchZone":"none","type":3,"width":18.027},{"bases":[[[0.860507,-0.468616,-0.199816],[0.478599,0.609241,0.632272],[-0.174557,-0.639707,0.748536]],[[0.853903,-0.49062,-0.173615],[0.350349,0.788594,-0.505345],[0.384844,0.37069,0.845272]],[[0.853903,-0.49062,-0.173615],[-0.231328,-0.05898,-0.971086],[0.466194,0.869376,-0.163857]],[[0.853903,-0.49062,-0.173615],[-0.44733,-0.521423,-0.726646],[0.26598,0.698148,-0.664713]]],"btipPosition":[69.081,248.407,-18.7858],"carpPosition":[86.2224,253.445,39.6816],"dipPosition":[73.653,260.408,-30.2116],"direction":[-0.466194,-0.869376,0.163857],"extended":false,"handId":699,"id":6994,"length":50.3709,"mcpPosition":[96.3161,290.435,-3.60221],"pipPosition":[82.7459,277.364,-33.4076],"stabilizedTipPosition":[53.2996,247.226,17.1247],"timeVisible":59.654,"tipPosition":[70.3528,250.97,-20.7053],"tipVelocity":[112.123,176.12,-145.789],"tool":false,"touchDistance":0.333333,"touchZone":"none","type":4,"width":16.013}],"r":[[0.97551,-0.0824714,0.203906],[0.0677179,0.994626,0.0783142],[-0.209269,-0.0625882,0.975853]],"s":0.999903,"t":[23.0381,-0.755974,-148.595],"timestamp":523777802656},false],[6,{"currentFrameRate":100.33,"devices":[],"gestures":[],"hands":[{"armBasis":[[0.942862,0.0556815,-0.328497],[0.103287,0.888519,0.447064],[0.316769,-0.455449,0.832]],"armWidth":63.5437,"confidence":0.597192,"direction":[-0.0701102,0.749065,-0.658776],"elbow":[157.152,124.603,269.804],"grabStrength":0,"id":699,"palmNormal":[-0.138267,-0.661324,-0.737247],"palmPosition":[59.9803,285.022,8.27373],"palmVelocity":[88.5204,153.833,-132.211],"palmWidth":90.7382,"pinchStrength":0.844874,"r":[[0.97436,-0.0805726,0.210072],[0.065461,0.994807,0.0779331],[-0.215261,-0.0621833,0.974575]],"s":1.0017,"sphereCenter":[60.272,268.822,-38.5045],"sphereRadius":47.9721,"stabilizedPalmPosition":[40.1928,281.268,75.0362],"t":[23.9037,0.84505,-149.9],"timeVisible":59.663,"type":"right","wrist":[71.8612,247.234,45.7855]}],"id":4284211,"interactionBox":{"center":[0,200,0],"size":[235.247,235.247,147.751]},"pointables":[{"bases":[[[0.507522,0.721819,0.470531],[-0.705868,0.0351273,0.707472],[0.494138,-0.69119,0.527336]],[[0.299511,0.919894,0.253157],[-0.80561,0.101677,0.583656],[0.511162,-0.378757,0.771529]],[[0.299511,0.919894,0.253157],[-0.946946,0.254196,0.196665],[0.11656,-0.298629,0.947225]],[[0.299511,0.919894,0.253157],[-0.718681,0.392041,-0.574284],[-0.627528,-0.00993499,0.778531]]],"btipPosition":[27.763,267.915,-44.4272],"carpPosition":[42.5258,238.675,44.3559],"dipPosition":[13.1172,267.683,-26.2572],"direction":[-0.11656,0.298629,-0.947224],"extended":false,"handId":699,"id":6990,"length":51.9721,"mcpPosition":[42.5258,238.675,44.3559],"pipPosition":[17.0804,257.529,5.94963],"stabilizedTipPosition":[-3.43793,272.332,43.688],"timeVisible":59.663,"tipPosition":[25.2866,267.201,-39.901],"tipVelocity":[83.4212,174.373,-152.118],"tool":false,"touchDistance":-0.666771,"touchZone":"hovering","type":0,"width":20.194},{"bases":[[[0.962114,0.0869302,-0.258418],[0.10188,0.764527,0.636489],[0.252898,-0.638703,0.726706]],[[0.991149,-0.0232704,-0.130697],[0.092113,0.829502,0.550855],[0.0955946,-0.558018,0.824304]],[[0.991149,-0.0232704,-0.130697],[0.0769854,0.902816,0.42308],[0.10815,-0.429397,0.896617]],[[0.991149,-0.0232704,-0.130697],[0.0641054,0.946018,0.317711],[0.116248,-0.323277,0.939137]]],"btipPosition":[25.1824,345.871,-75.7485],"carpPosition":[52.4195,259.247,50.496],"dipPosition":[27.163,340.363,-59.7472],"direction":[-0.10815,0.429397,-0.896617],"extended":true,"handId":699,"id":6991,"length":58.6448,"mcpPosition":[33.8654,306.106,-2.81949],"pipPosition":[29.7698,330.013,-38.1356],"stabilizedTipPosition":[-2.99546,352.823,21.4686],"timeVisible":59.663,"tipPosition":[26.241,343.99,-72.41],"tipVelocity":[94.1591,155.433,-141.002],"tool":false,"touchDistance":0.152651,"touchZone":"hovering","type":1,"width":19.2893},{"bases":[[[0.955876,-0.131776,-0.262556],[0.268597,0.754009,0.599437],[0.118978,-0.64351,0.756134]],[[0.956531,-0.135397,-0.258294],[-0.0144272,0.862637,-0.505618],[0.291273,0.487366,0.823186]],[[0.956531,-0.135397,-0.258294],[-0.277577,-0.151071,-0.948751],[0.089437,0.979206,-0.182087]],[[0.956531,-0.135397,-0.258294],[-0.280907,-0.665728,-0.691301],[-0.0783539,0.733808,-0.674824]]],"btipPosition":[40.7844,241.802,-26.3557],"carpPosition":[64.1308,261.976,48.0106],"dipPosition":[39.3161,255.553,-39.0019],"direction":[-0.089437,-0.979207,0.182087],"extended":false,"handId":699,"id":6992,"length":66.821,"mcpPosition":[55.8529,306.748,-4.59741],"pipPosition":[41.8523,283.321,-44.1655],"stabilizedTipPosition":[9.21638,245.552,63.5864],"timeVisible":59.663,"tipPosition":[40.718,244.839,-28.256],"tipVelocity":[101.074,151.55,-140.492],"tool":false,"touchDistance":0.333333,"touchZone":"none","type":2,"width":18.9446},{"bases":[[[0.93998,-0.2815,-0.192859],[0.33986,0.72177,0.602946],[-0.0305298,-0.632302,0.77412]],[[0.938196,-0.304811,-0.163948],[0.169236,0.81722,-0.550918],[0.301907,0.489123,0.818297]],[[0.938196,-0.304811,-0.163948],[-0.220968,-0.16293,-0.961575],[0.266387,0.938373,-0.220214]],[[0.938196,-0.304811,-0.163948],[-0.33,-0.644997,-0.68926],[0.104348,0.700764,-0.705721]]],"btipPosition":[55.0798,240.297,-20.8546],"carpPosition":[75.9277,261.573,44.7294],"dipPosition":[57.024,253.354,-34.0038],"direction":[-0.266387,-0.938373,0.220214],"extended":false,"handId":699,"id":6993,"length":64.2502,"mcpPosition":[77.8348,301.07,-3.62732],"pipPosition":[64.383,279.277,-40.0873],"stabilizedTipPosition":[46.8649,239.724,-3.6543],"timeVisible":59.663,"tipPosition":[55.5205,243.69,-24.6402],"tipVelocity":[102.192,151.44,-130.09],"tool":false,"touchDistance":0.333333,"touchZone":"none","type":3,"width":18.027},{"bases":[[[0.860967,-0.468152,-0.198922],[0.477882,0.610483,0.631616],[-0.174254,-0.638862,0.749327]],[[0.8534,-0.493057,-0.169125],[0.354352,0.786712,-0.505489],[0.382287,0.371454,0.846096]],[[0.8534,-0.493057,-0.169125],[-0.227887,-0.0611069,-0.971768],[0.468803,0.867848,-0.16451]],[[0.8534,-0.493057,-0.169125],[-0.446125,-0.523072,-0.726201],[0.269594,0.695191,-0.666355]]],"btipPosition":[69.5865,249.396,-19.507],"carpPosition":[86.7682,254.429,38.9943],"dipPosition":[74.2206,261.346,-30.9611],"direction":[-0.468803,-0.867848,0.16451],"extended":false,"handId":699,"id":6994,"length":50.3709,"mcpPosition":[96.8444,291.371,-4.3353],"pipPosition":[83.3644,278.273,-34.1698],"stabilizedTipPosition":[56.984,248.271,8.78746],"timeVisible":59.663,"tipPosition":[70.8825,251.925,-21.4518],"tipVelocity":[97.0342,157.327,-127.752],"tool":false,"touchDistance":0.333333,"touchZone":"none","type":4,"width":16.013}],"r":[[0.97436,-0.0805726,0.210072],[0.065461,0.994807,0.0779331],[-0.215261,-0.0621833,0.974575]],"s":1.0017,"t":[23.9037,0.84505,-149.9],"timestamp":523777811706},false],[7,{"currentFrameRate":100.792,"devices":[],"gestures":[],"hands":[{"armBasis":[[0.943751,0.0570233,-0.325704],[