{"sensorType":"Leap","data":[[0,{"currentFrameRate":110.598,"devices":[],"gestures":[],"hands":[{"armBasis":[[0.932517,0.112972,-0.343001],[0.0844344,0.855275,0.511249],[0.351117,-0.505709,0.78802]],"armWidth":63.5437,"confidence":0.548845,"direction":[0.00749108,0.692026,-0.721834],"elbow":[146.422,88.619,270.402],"grabStrength":0,"id":699,"palmNormal":[-0.0849076,-0.718807,-0.690005],"palmPosition":[44.3467,259.457,16.7871],"palmVelocity":[82.496,339.306,-242.761],"palmWidth":90.7382,"pinchStrength":0.580004,"r":[[0.958882,-0.0625371,0.27683],[0.0822666,0.994789,-0.0602272],[-0.271621,0.0805247,0.95903]],"s":1.14983,"sphereCenter":[19.2847,251.057,-20.4192],"sphereRadius":49.3429,"stabilizedPalmPosition":[28.9386,236.391,63.4855],"t":[8.47519,-26.3929,-140.531],"timeVisible":96.1332,"type":"right","wrist":[51.8831,224.783,58.2252]}],"id":4288138,"interactionBox":{"center":[0,200,0],"size":[235.247,235.247,147.751]},"pointables":[{"bases":[[[0.478338,0.751215,0.454828],[-0.766817,0.104873,0.633241],[0.428001,-0.651673,0.626209]],[[0.347282,0.897476,0.271904],[-0.770384,0.107715,0.628416],[0.5347,-0.427708,0.728808]],[[0.347282,0.897476,0.271904],[-0.934073,0.305368,0.185089],[0.0830819,-0.318257,0.944357]],[[0.347282,0.897476,0.271904],[-0.460054,0.415714,-0.784559],[-0.817157,0.147373,0.557257]]],"btipPosition":[12.2469,245.241,-26.6204],"carpPosition":[22.6174,216.569,54.7743],"dipPosition":[-6.82461,248.681,-13.6146],"direction":[-0.0830819,0.318257,-0.944357],"extended":false,"handId":699,"id":6990,"length":51.9721,"mcpPosition":[22.6174,216.569,54.7743],"pipPosition":[-3.99972,237.86,18.4947],"stabilizedTipPosition":[-23.131,233.517,68.9704],"timeVisible":96.1332,"tipPosition":[6.75227,247.737,-22.994],"tipVelocity":[150.866,316.006,-278.518],"tool":false,"touchDistance":-0.669521,"touchZone":"hovering","type":0,"width":20.194},{"bases":[[[0.983474,0.0506778,-0.173813],[0.0602476,0.813708,0.578143],[0.170732,-0.57906,0.797207]],[[0.976878,0.0709635,-0.201677],[0.0952255,0.700155,0.707613],[0.19142,-0.710456,0.677208]],[[0.976878,0.0709635,-0.201677],[0.0234806,0.901991,0.431116],[0.212504,-0.425883,0.879469]],[[0.976878,0.0709635,-0.201677],[-0.0398067,0.987184,0.154543],[0.210059,-0.142942,0.967183]]],"btipPosition":[2.93849,323.057,-65.0823],"carpPosition":[32.3667,237.435,60.097],"dipPosition":[6.51755,320.622,-48.6031],"direction":[-0.212504,0.425883,-0.879469],"extended":true,"handId":699,"id":6991,"length":58.6448,"mcpPosition":[19.8407,279.918,1.60914],"pipPosition":[11.6396,310.357,-27.4048],"stabilizedTipPosition":[-4.84125,296.983,-16.9361],"timeVisible":96.1332,"tipPosition":[3.72238,324.451,-59.6819],"tipVelocity":[70.144,310.049,-233.215],"tool":false,"touchDistance":-0.646511,"touchZone":"touching","type":1,"width":19.2893},{"bases":[[[0.972721,-0.167486,-0.160505],[0.229382,0.797651,0.557797],[0.0346037,-0.579398,0.81431]],[[0.972033,-0.15808,-0.173674],[-0.00148226,0.735384,-0.677649],[0.234839,0.658955,0.714583]],[[0.972033,-0.15808,-0.173674],[-0.222832,-0.387345,-0.8946],[0.0741464,0.908281,-0.411737]],[[0.972033,-0.15808,-0.173674],[-0.228474,-0.807626,-0.543636],[-0.0543256,0.568112,-0.821156]]],"btipPosition":[29.5349,212.006,-5.44019],"carpPosition":[44.315,239.772,58.4988],"dipPosition":[28.5168,222.653,-20.8286],"direction":[-0.0741464,-0.908281,0.411737],"extended":false,"handId":699,"id":6992,"length":66.821,"mcpPosition":[41.9075,280.084,1.8433],"pipPosition":[30.6195,248.41,-32.5046],"stabilizedTipPosition":[4.3757,188.866,65.5068],"timeVisible":96.1332,"tipPosition":[29.4031,214.387,-8.38033],"tipVelocity":[100.515,370.34,-307.695],"tool":false,"touchDistance":0.333333,"touchZone":"none","type":2,"width":18.9446},{"bases":[[[0.947133,-0.310574,-0.0805126],[0.299279,0.76477,0.570578],[-0.115633,-0.564509,0.817287]],[[0.948862,-0.301503,-0.0935779],[0.138301,0.663467,-0.735312],[0.283785,0.684768,0.671237]],[[0.948862,-0.301503,-0.0935779],[-0.224446,-0.435838,-0.87159],[0.222002,0.848022,-0.481222]],[[0.948862,-0.301503,-0.0935779],[-0.30582,-0.804332,-0.509436],[0.0783289,0.512002,-0.855405]]],"btipPosition":[43.3377,210.706,4.64804],"carpPosition":[56.3511,238.92,56.3767],"dipPosition":[44.7971,220.246,-11.2901],"direction":[-0.222002,-0.848022,0.481222],"extended":false,"handId":699,"id":6993,"length":64.2502,"mcpPosition":[63.5743,274.183,5.32358],"pipPosition":[50.93,243.673,-24.584],"stabilizedTipPosition":[22.2897,191.231,64.2734],"timeVisible":96.1332,"tipPosition":[43.7039,213.021,0.514983],"tipVelocity":[102.203,359.187,-289.84],"tool":false,"touchDistance":0.333333,"touchZone":"none","type":3,"width":18.027},{"bases":[[[0.864828,-0.495887,-0.0785413],[0.431549,0.654256,0.621059],[-0.256589,-0.571003,0.779819]],[[0.853316,-0.519379,-0.0457952],[0.344309,0.627278,-0.698551],[0.391539,0.580318,0.714093]],[[0.853316,-0.519379,-0.0457952],[-0.260297,-0.348254,-0.900536],[0.451771,0.780362,-0.432363]],[[0.853316,-0.519379,-0.0457952],[-0.452383,-0.693843,-0.560296],[0.259231,0.498827,-0.827025]]],"btipPosition":[55.2717,219.921,4.66153],"carpPosition":[67.5083,231.161,52.2853],"dipPosition":[59.7277,228.495,-9.55429],"direction":[-0.451771,-0.780362,0.432363],"extended":false,"handId":699,"id":6994,"length":50.3709,"mcpPosition":[82.3455,264.179,7.19248],"pipPosition":[68.5393,243.716,-17.9874],"stabilizedTipPosition":[36.5355,197.822,55.2478],"timeVisible":96.1332,"tipPosition":[56.0543,222.093,1.36301],"tipVelocity":[97.5209,363.428,-291.802],"tool":false,"touchDistance":0.333333,"touchZone":"none","type":4,"width":16.013}],"r":[[0.958882,-0.0625371,0.27683],[0.0822666,0.994789,-0.0602272],[-0.271621,0.0805247,0.95903]],"s":1.14983,"t":[8.47519,-26.3929,-140.531],"timestamp":523814281918},false],[1,{"currentFrameRate":110.593,"devices":[],"gestures":[],"hands":[{"armBasis":[[0.933938,0.106947,-0.341059],[0.087014,0.857454,0.50715],[0.346681,-0.503323,0.791503]],"armWidth":63.5437,"confidence":0.552269,"direction":[0.00666909,0.709725,-0.704447],"elbow":[145.859,91.4298,268.793],"grabStrength":0,"id":699,"palmNormal":[-0.0881771,-0.701301,-0.707391],"palmPosition":[44.9215,262.657,15.136],"palmVelocity":[77.258,343.242,-226.122],"palmWidth":90.7382,"pinchStrength":0.589574,"r":[[0.959137,-0.0650386,0.275367],[0.080397,0.995754,-0.0448466],[-0.27128,0.0651526,0.960293]],"s":1.14278,"sphereCenter":[20.8409,254.384,-22.6928],"sphereRadius":48.9192,"stabilizedPalmPosition":[31.3035,240.277,56.3315],"t":[9.09284,-23.1558,-142.436],"timeVisible":96.1423,"type":"right","wrist":[52.5141,226.951,55.6782]}],"id":4288139,"interactionBox":{"center":[0,200,0],"size":[235.247,235.247,147.751]},"pointables":[{"bases":[[[0.48099,0.738859,0.471948],[-0.76481,0.0904384,0.637877],[0.428619,-0.667763,0.608587]],[[0.347137,0.891928,0.289757],[-0.771377,0.0958389,0.62912],[0.53336,-0.441903,0.721282]],[[0.347137,0.891928,0.289757],[-0.934312,0.302243,0.188971],[0.0809716,-0.336323,0.938259]],[[0.347137,0.891928,0.289757],[-0.459964,0.431184,-0.776217],[-0.817269,0.136176,0.559936]]],"btipPosition":[12.9944,249.131,-28.7657],"carpPosition":[23.2239,218.876,52.1096],"dipPosition":[-6.07967,252.309,-15.6974],"direction":[-0.0809716,0.336323,-0.938259],"extended":false,"handId":699,"id":6990,"length":51.9721,"mcpPosition":[23.2239,218.876,52.1096],"pipPosition":[-3.32653,240.874,16.2045],"stabilizedTipPosition":[-20.69,234.774,61.6845],"timeVisible":96.1423,"tipPosition":[7.53195,251.515,-25.0587],"tipVelocity":[132.015,345.56,-266.64],"tool":false,"touchDistance":-0.662866,"touchZone":"hovering","type":0,"width":20.194},{"bases":[[[0.983062,0.0532793,-0.17536],[0.0633677,0.798993,0.597992],[0.171972,-0.598975,0.782083]],[[0.976875,0.0729477,-0.200984],[0.0930052,0.701438,0.706636],[0.192526,-0.708987,0.678433]],[[0.976875,0.0729477,-0.200984],[0.0186551,0.907336,0.419992],[0.212998,-0.414029,0.884993]],[[0.976875,0.0729477,-0.200984],[-0.0459807,0.98968,0.13572],[0.208811,-0.12334,0.970147]]],"btipPosition":[3.46875,325.988,-66.3855],"carpPosition":[33.0259,239.587,57.9204],"dipPosition":[7.02653,323.886,-49.8558],"direction":[-0.212998,0.414029,-0.884993],"extended":true,"handId":699,"id":6991,"length":58.6448,"mcpPosition":[20.409,283.531,0.542065],"pipPosition":[12.1605,313.907,-28.5244],"stabilizedTipPosition":[-3.72333,300.476,-22.5264],"timeVisible":96.1423,"tipPosition":[4.25682,327.586,-60.868],"tipVelocity":[66.808,316.178,-208.248],"tool":false,"touchDistance":-0.629566,"touchZone":"touching","type":1,"width":19.2893},{"bases":[[[0.971954,-0.165129,-0.167442],[0.232414,0.783154,0.576762],[0.035893,-0.599502,0.799568]],[[0.971247,-0.155418,-0.180343],[-0.00221911,0.75157,-0.659649],[0.238062,0.641083,0.729616]],[[0.971247,-0.155418,-0.180343],[-0.22613,-0.365342,-0.90299],[0.0744544,0.917808,-0.389982]],[[0.971247,-0.155418,-0.180343],[-0.231449,-0.793852,-0.562344],[-0.055767,0.587915,-0.806998]]],"btipPosition":[29.9674,215.793,-8.17223],"carpPosition":[44.9738,241.942,56.346],"dipPosition":[28.9223,226.811,-23.2954],"direction":[-0.0744544,-0.917808,0.389982],"extended":false,"handId":699,"id":6992,"length":66.821,"mcpPosition":[42.4766,283.652,0.716084],"pipPosition":[31.0337,252.837,-34.3544],"stabilizedTipPosition":[7.05078,191.975,57.3651],"timeVisible":96.1423,"tipPosition":[29.8252,218.25,-11.0906],"tipVelocity":[85.779,386.203,-304.231],"tool":false,"touchDistance":0.333333,"touchZone":"none","type":2,"width":18.9446},{"bases":[[[0.946338,-0.310115,-0.0909534],[0.302287,0.749845,0.588519],[-0.114308,-0.584432,0.803351]],[[0.948105,-0.300374,-0.104273],[0.135648,0.678717,-0.721764],[0.287571,0.670164,0.684239]],[[0.948105,-0.300374,-0.104273],[-0.228918,-0.417254,-0.879486],[0.220666,0.857715,-0.464361]],[[0.948105,-0.300374,-0.104273],[-0.308911,-0.792515,-0.525827],[0.0753067,0.53075,-0.844176]]],"btipPosition":[43.8305,214.187,2.0559],"carpPosition":[57.0022,241.123,54.1684],"dipPosition":[45.2337,224.076,-13.673],"direction":[-0.220666,-0.857715,0.464361],"extended":false,"handId":699,"id":6993,"length":64.2502,"mcpPosition":[64.1426,277.63,3.98576],"pipPosition":[51.3297,247.77,-26.5012],"stabilizedTipPosition":[25.0702,194.44,55.901],"timeVisible":96.1423,"tipPosition":[44.1693,216.604,-2.08668],"tipVelocity":[88.6366,368.638,-287.431],"tool":false,"touchDistance":0.333333,"touchZone":"none","type":3,"width":18.027},{"bases":[[[0.863705,-0.495277,-0.0933448],[0.434503,0.637883,0.635855],[-0.255381,-0.58975,0.766143]],[[0.852304,-0.519441,-0.0613122],[0.343209,0.643858,-0.683853],[0.394698,0.561808,0.727039]],[[0.852304,-0.519441,-0.0613122],[-0.263676,-0.32546,-0.908048],[0.451723,0.790099,-0.414355]],[[0.852304,-0.519441,-0.0613122],[-0.455274,-0.679045,-0.575867],[0.257495,0.518727,-0.815241]]],"btipPosition":[55.7467,223.413,2.00983],"carpPosition":[68.1337,233.448,49.8531],"dipPosition":[60.1728,232.329,-12.0034],"direction":[-0.451723,-0.790099,0.414355],"extended":false,"handId":699,"id":6994,"length":50.3709,"mcpPosition":[82.9011,267.55,5.55108],"pipPosition":[68.9835,247.74,-20.0853],"stabilizedTipPosition":[39.0499,201.258,48.2302],"timeVisible":96.1423,"tipPosition":[56.5243,225.663,-1.2395],"tipVelocity":[84.8858,372.006,-290.714],"tool":false,"touchDistance":0.333333,"touchZone":"none","type":4,"width":16.013}],"r":[[0.959137,-0.0650386,0.275367],[0.080397,0.995754,-0.0448466],[-0.27128,0.0651526,0.960293]],"s":1.14278,"t":[9.09284,-23.1558,-142.436],"timestamp":523814290968},false],[2,{"currentFrameRate":110.506,"devices":[],"gestures":[],"hands":[{"armBasis":[[0.934767,0.0953799,-0.342219],[0.0938895,0.862711,0.496905],[0.342631,-0.496621,0.797479]],"armWidth":63.5437,"confidence":0.554621,"direction":[0.00904423,0.721293,-0.692571],"elbow":[145.502,94.7491,268.477],"grabStrength":0,"id":699,"palmNormal":[-0.0951438,-0.688836,-0.718646],"palmPosition":[45.758,264.89,13.8371],"palmVelocity":[81.0718,315.096,-202.337],"palmWidth":90.7382,"pinchStrength":0.602104,"r":[[0.95944,-0.0691933,0.273288],[0.0801936,0.996349,-0.0292739],[-0.270265,0.0500025,0.961487]],"s":1.13524,"sphereCenter":[22.5318,256.669,-24.475],"sphereRadius":48.5268,"stabilizedPalmPosition":[33.771,244.479,49.0773],"t":[9.81993,-20.4205,-144.038],"timeVisible":96.1515,"type":"right","wrist":[53.2477,228.466,53.7541]}],"id":4288140,"interactionBox":{"center":[0,200,0],"size":[235.247,235.247,147.751]},"pointables":[{"bases":[[[0.487419,0.727731,0.482525],[-0.76209,0.0848239,0.641891],[0.426194,-0.680598,0.595941]],[[0.350717,0.887426,0.299121],[-0.772842,0.0938852,0.627615],[0.528879,-0.451288,0.718767]],[[0.350717,0.887426,0.299121],[-0.933423,0.305464,0.188186],[0.0756301,-0.345206,0.935475]],[[0.350717,0.887426,0.299121],[-0.458237,0.441181,-0.771607],[-0.816711,0.133547,0.561381]]],"btipPosition":[14.0554,251.729,-30.5377],"carpPosition":[23.8931,220.643,50.1514],"dipPosition":[-5.00571,254.846,-17.4357],"direction":[-0.0756302,0.345206,-0.935475],"extended":false,"handId":699,"id":6990,"length":51.9721,"mcpPosition":[23.8931,220.643,50.1514],"pipPosition":[-2.43419,243.108,14.3716],"stabilizedTipPosition":[-17.6619,236.536,52.7872],"timeVisible":96.1515,"tipPosition":[8.60649,254.084,-26.7431],"tipVelocity":[127.42,327.419,-245.664],"tool":false,"touchDistance":-0.651376,"touchZone":"hovering","type":0,"width":20.194},{"bases":[[[0.98281,0.0497408,-0.177795],[0.0706211,0.788496,0.610971],[0.170581,-0.613025,0.771429]],[[0.977087,0.0686058,-0.20148],[0.0951264,0.706055,0.701739],[0.190399,-0.704826,0.683351]],[[0.977087,0.0686058,-0.20148],[0.019277,0.91421,0.404782],[0.211965,-0.399391,0.89194]],[[0.977087,0.0686058,-0.20148],[-0.046334,0.992485,0.113252],[0.207735,-0.101321,0.972923]]],"btipPosition":[4.53028,327.715,-67.6774],"carpPosition":[33.851,241.19,56.2723],"dipPosition":[8.06975,325.989,-51.1004],"direction":[-0.211965,0.399391,-0.89194],"extended":true,"handId":699,"id":6991,"length":58.6448,"mcpPosition":[21.3362,286.165,-0.324365],"pipPosition":[13.1789,316.362,-29.6015],"stabilizedTipPosition":[-2.41567,304.347,-28.4878],"timeVisible":96.1515,"tipPosition":[5.32721,329.46,-62.1299],"tipVelocity":[80.2593,282.848,-188.92],"tool":false,"touchDistance":-0.614159,"touchZone":"touching","type":1,"width":19.2893},{"bases":[[[0.970284,-0.168692,-0.17347],[0.239488,0.771904,0.588906],[0.0345591,-0.61295,0.789366]],[[0.969602,-0.158801,-0.186157],[0.000422526,0.761879,-0.647719],[0.244688,0.627951,0.738786]],[[0.969602,-0.158801,-0.186157],[-0.231565,-0.34971,-0.907789],[0.0790568,0.923301,-0.375852]],[[0.969602,-0.158801,-0.186157],[-0.238504,-0.783318,-0.574046],[-0.0546609,0.600996,-0.797381]]],"btipPosition":[30.4257,218.509,-10.1335],"carpPosition":[45.809,243.493,54.6966],"dipPosition":[29.4013,229.772,-25.0764],"direction":[-0.0790568,-0.923301,0.375852],"extended":false,"handId":699,"id":6992,"length":66.821,"mcpPosition":[43.4046,286.139,-0.223448],"pipPosition":[31.6432,255.955,-35.7347],"stabilizedTipPosition":[9.86325,195.515,48.7433],"timeVisible":96.1515,"tipPosition":[30.2831,221.021,-13.0553],"tipVelocity":[75.8533,362.434,-277.465],"tool":false,"touchDistance":0.333333,"touchZone":"none","type":2,"width":18.9446},{"bases":[[[0.943961,-0.31476,-0.0993154],[0.309178,0.737946,0.59987],[-0.115526,-0.59696,0.793909]],[[0.945776,-0.304641,-0.112699],[0.136823,0.688317,-0.712389],[0.294596,0.658341,0.692676]],[[0.945776,-0.304641,-0.112699],[-0.23523,-0.403108,-0.884404],[0.223995,0.862959,-0.452911]],[[0.945776,-0.304641,-0.112699],[-0.31599,-0.782572,-0.536406],[0.0752158,0.542932,-0.836401]]],"btipPosition":[44.3256,216.632,0.104973],"carpPosition":[57.8245,242.631,52.4648],"dipPosition":[45.727,226.748,-15.4791],"direction":[-0.223995,-0.862959,0.452911],"extended":false,"handId":699,"id":6993,"length":64.2502,"mcpPosition":[65.041,279.921,2.87193],"pipPosition":[51.915,250.588,-27.9909],"stabilizedTipPosition":[27.8532,197.925,47.4598],"timeVisible":96.1515,"tipPosition":[44.6558,219.112,-4.02551],"tipVelocity":[78.8725,341.419,-265.299],"tool":false,"touchDistance":0.333333,"touchZone":"none","type":3,"width":18.027},{"bases":[[[0.860098,-0.49931,-0.104503],[0.440805,0.624348,0.644888],[-0.256753,-0.600732,0.757099]],[[0.848672,-0.523869,-0.0729171],[0.344856,0.652581,-0.674694],[0.401035,0.547448,0.734487]],[[0.848672,-0.523869,-0.0729171],[-0.2692,-0.309149,-0.912118],[0.455287,0.793718,-0.403391]],[[0.848672,-0.523869,-0.0729171],[-0.461799,-0.666688,-0.585037],[0.25787,0.530178,-0.807722]]],"btipPosition":[56.2835,225.795,0.0586575],"carpPosition":[68.8907,234.956,47.9847],"dipPosition":[60.7161,234.908,-13.8253],"direction":[-0.455287,-0.793718,0.403391],"extended":false,"handId":699,"id":6994,"length":50.3709,"mcpPosition":[83.7374,269.693,4.20563],"pipPosition":[69.5963,250.389,-21.6934],"stabilizedTipPosition":[41.5868,204.959,41.0912],"timeVisible":96.1515,"tipPosition":[57.0695,228.09,-3.16931],"tipVelocity":[77.4992,341.702,-267.78],"tool":false,"touchDistance":0.333333,"touchZone":"none","type":4,"width":16.013}],"r":[[0.95944,-0.0691933,0.273288],[0.0801936,0.996349,-0.0292739],[-0.270265,0.0500025,0.961487]],"s":1.13524,"t":[9.81993,-20.4205,-144.038],"timestamp":523814300172},false],[3,{"currentFrameRate":110.596,"devices":[],"gestures":[],"hands":[{"armBasis":[[0.93556,0.0904032,-0.341401],[0.0970002,0.86373,0.494531],[0.339586,-0.49578,0.799302]],"armWidth":63.5437,"confidence":0.557412,"direction":[0.009618,0.727853,-0.685666],"elbow":[145.688,96.5069,267.643],"grabStrength":0,"id":699,"palmNormal":[-0.0984523,-0.681677,-0.724999],"palmPosition":[46.783,266.822,12.8772],"palmVelocity":[90.3909,288.573,-176.737],"palmWidth":90.7382,"pinchStrength":0.596588,"r":[[0.959753,-0.07353,0.27105],[0.0805746,0.996637,-0.0149383],[-0.26904,0.0361768,0.962449]],"s":1.12882,"sphereCenter":[24.2235,258.472,-25.7849],"sphereRadius":48.2796,"stabilizedPalmPosition":[36.1946,248.641,42.3347],"t":[10.696,-18.0872,-145.319],"timeVisible":96.1604,"type":"right","wrist":[54.2536,229.997,52.4291]}],"id":4288141,"interactionBox":{"center":[0,200,0],"size":[235.247,235.247,147.751]},"pointables":[{"bases":[[[0.490359,0.721768,0.488466],[-0.760571,0.0807399,0.644215],[0.425535,-0.68741,0.588547]],[[0.352183,0.884878,0.304891],[-0.773143,0.0914681,0.627601],[0.527462,-0.456755,0.716351]],[[0.352183,0.884878,0.304891],[-0.932737,0.304945,0.192382],[0.0772591,-0.352137,0.932754]],[[0.352183,0.884878,0.304891],[-0.466407,0.448363,-0.762519],[-0.811438,0.126343,0.570619]]],"btipPosition":[14.925,254.05,-31.8805],"carpPosition":[24.8707,222.289,48.8114],"dipPosition":[-4.01301,256.999,-18.5629],"direction":[-0.0772591,0.352137,-0.932754],"extended":false,"handId":699,"id":6990,"length":51.9721,"mcpPosition":[24.8707,222.289,48.8114],"pipPosition":[-1.3861,245.026,13.1519],"stabilizedTipPosition":[-14.3197,238.69,43.1263],"timeVisible":96.1604,"tipPosition":[9.6072,256.274,-27.9791],"tipVelocity":[120.269,308.289,-218.488],"tool":false,"touchDistance":-0.633971,"touchZone":"hovering","type":0,"width":20.194},{"bases":[[[0.982584,0.0487868,-0.179303],[0.073985,0.782427,0.618332],[0.170458,-0.620828,0.765191]],[[0.977178,0.0669235,-0.201606],[0.0948139,0.711881,0.69587],[0.190089,-0.699104,0.689289]],[[0.977178,0.0669235,-0.201606],[0.0175405,0.920414,0.390552],[0.211698,-0.385175,0.898234]],[[0.977178,0.0669235,-0.201606],[-0.0488063,0.994419,0.0935363],[0.20674,-0.081562,0.97499]]],"btipPosition":[5.62156,328.922,-68.8252],"carpPosition":[34.8966,242.749,55.1081],"dipPosition":[9.14407,327.533,-52.213],"direction":[-0.211698,0.385175,-0.898234],"extended":true,"handId":699,"id":6991,"length":58.6448,"mcpPosition":[22.3908,288.296,-1.03089],"pipPosition":[14.2467,318.249,-30.5625],"stabilizedTipPosition":[-1.02975,308.147,-34.2081],"timeVisible":96.1604,"tipPosition":[6.41646,330.746,-63.3118],"tipVelocity":[91.7056,245.307,-172.461],"tool":false,"touchDistance":-0.598173,"touchZone":"touching","type":1,"width":19.2893},{"bases":[[[0.969473,-0.169642,-0.17704],[0.242762,0.765591,0.595766],[0.0344731,-0.620558,0.783403]],[[0.968797,-0.15969,-0.189553],[-0.0000988343,0.76453,-0.644589],[0.247854,0.624494,0.740659]],[[0.968797,-0.15969,-0.189553],[-0.234738,-0.34567,-0.908521],[0.0795594,0.924668,-0.372369]],[[0.968797,-0.15969,-0.189553],[-0.241565,-0.779531,-0.577908],[-0.0554762,0.605665,-0.793783]]],"btipPosition":[31.3291,220.62,-11.1412],"carpPosition":[46.8577,245.034,53.5302],"dipPosition":[30.2895,231.971,-26.0167],"direction":[-0.0795594,-0.924668,0.372369],"extended":false,"handId":699,"id":6992,"length":66.821,"mcpPosition":[44.4592,288.21,-0.974954],"pipPosition":[32.5456,258.192,-36.5762],"stabilizedTipPosition":[12.7043,199.224,40.2701],"timeVisible":96.1604,"tipPosition":[31.1589,223.197,-14.2195],"tipVelocity":[82.766,329.161,-232.45],"tool":false,"touchDistance":0.333333,"touchZone":"none","type":2,"width":18.9446},{"bases":[[[0.942902,-0.316341,-0.10423],[0.312381,0.731342,0.606264],[-0.115558,-0.604208,0.788403]],[[0.944741,-0.305958,-0.117703],[0.135829,0.692125,-0.708881],[0.298353,0.653722,0.695437]],[[0.944741,-0.305958,-0.117703],[-0.239201,-0.397874,-0.885708],[0.224158,0.86492,-0.449073]],[[0.944741,-0.305958,-0.117703],[-0.319419,-0.778405,-0.540423],[0.0737257,0.548156,-0.83312]]],"btipPosition":[45.2252,218.67,-1.0401],"carpPosition":[58.8662,244.161,51.2659],"dipPosition":[46.5989,228.883,-16.563],"direction":[-0.224158,-0.86492,0.449073],"extended":false,"handId":699,"id":6993,"length":64.2502,"mcpPosition":[66.0848,281.904,2.01703],"pipPosition":[52.7913,252.777,-28.9688],"stabilizedTipPosition":[30.5412,201.435,39.5469],"timeVisible":96.1604,"tipPosition":[45.5387,221.183,-5.21211],"tipVelocity":[84.7606,311.684,-227.832],"tool":false,"touchDistance":0.333333,"touchZone":"none","type":3,"width":18.027},{"bases":[[[0.858528,-0.500607,-0.111011],[0.443789,0.616964,0.649928],[-0.256869,-0.607247,0.751844]],[[0.8471,-0.525433,-0.0796408],[0.345264,0.658056,-0.669146],[0.403999,0.539336,0.738851]],[[0.8471,-0.525433,-0.0796408],[-0.271887,-0.299728,-0.914462],[0.456617,0.796294,-0.396758]],[[0.8471,-0.525433,-0.0796408],[-0.464791,-0.659846,-0.590401],[0.257665,0.537144,-0.803172]]],"btipPosition":[57.1752,227.831,-1.29339],"carpPosition":[69.9026,236.5,46.6903],"dipPosition":[61.6042,237.064,-15.0992],"direction":[-0.456617,-0.796294,0.396758],"extended":false,"handId":699,"id":6994,"length":50.3709,"mcpPosition":[84.7559,271.614,3.21507],"pipPosition":[70.5104,252.596,-22.8378],"stabilizedTipPosition":[44.0385,208.649,34.3653],"timeVisible":96.1604,"tipPosition":[57.9622,230.154,-4.50152],"tipVelocity":[83.6866,312.02,-235.846],"tool":false,"touchDistance":0.333333,"touchZone":"none","type":4,"width":16.013}],"r":[[0.959753,-0.07353,0.27105],[0.0805746,0.996637,-0.0149383],[-0.26904,0.0361768,0.962449]],"s":1.12882,"t":[10.696,-18.0872,-145.319],"timestamp":523814309055},false],[4,{"currentFrameRate":110.567,"devices":[],"gestures":[],"hands":[{"armBasis":[[0.93605,0.0855706,-0.341302],[0.0994704,0.866061,0.489943],[0.337513,-0.492561,0.802165]],"armWidth":63.5437,"confidence":0.5618,"direction":[0.00677068,0.73493,-0.678109],"elbow":[146.408,98.7757,267.209],"grabStrength":0,"id":699,"palmNormal":[-0.102277,-0.67406,-0.731562],"palmPosition":[47.8941,268.636,12.0926],"palmVelocity":[99.197,263.913,-151.678],"palmWidth":90.7382,"pinchStrength":0.594296,"r":[[0.960247,-0.0776338,0.268141],[0.0809939,0.996714,-0.00147487],[-0.267145,0.023134,0.963379]],"s":1.12323,"sphereCenter":[25.9,260.198,-26.8409],"sphereRadius":48.0392,"stabilizedPalmPosition":[38.7078,252.936,35.8384],"t":[11.6896,-16.0132,-146.352],"timeVisible":96.1695,"type":"right","wrist":[55.5317,231.399,51.224]}],"id":4288142,"interactionBox":{"center":[0,200,0],"size":[235.247,235.247,147.751]},"pointables":[{"bases":[[[0.493078,0.716404,0.493597],[-0.757458,0.0744345,0.648627],[0.427939,-0.693703,0.579348]],[[0.351586,0.883628,0.309174],[-0.773275,0.0879665,0.627939],[0.527668,-0.459851,0.714215]],[[0.351586,0.883628,0.309174],[-0.932563,0.30168,0.19828],[0.0819344,-0.358037,0.930105]],[[0.351586,0.883628,0.309174],[-0.483492,0.454197,-0.748292],[-0.801638,0.113605,0.586916]]],"btipPosition":[15.7841,256.157,-33.2097],"carpPosition":[26.1277,223.744,47.6663],"dipPosition":[-2.92522,258.809,-19.5117],"direction":[-0.0819344,0.358037,-0.930105],"extended":false,"handId":699,"id":6990,"length":51.9721,"mcpPosition":[26.1277,223.744,47.6663],"pipPosition":[-0.139347,246.635,12.113],"stabilizedTipPosition":[-10.689,241.234,32.8275],"timeVisible":96.1695,"tipPosition":[10.6247,258.226,-29.1018],"tipVelocity":[114.724,284.993,-195.786],"tool":false,"touchDistance":-0.617532,"touchZone":"hovering","type":0,"width":20.194},{"bases":[[[0.981748,0.050143,-0.183456],[0.07736,0.775925,0.626064],[0.173741,-0.628829,0.757884]],[[0.97652,0.0676634,-0.204524],[0.0951566,0.716274,0.691301],[0.193271,-0.694531,0.693017]],[[0.97652,0.0676634,-0.204524],[0.015242,0.925313,0.378898],[0.214887,-0.373119,0.902555]],[[0.97652,0.0676634,-0.204524],[-0.0527806,0.995604,0.0773726],[0.208861,-0.064761,0.975799]]],"btipPosition":[6.42967,330.12,-69.5476],"carpPosition":[36.1949,244.132,54.1273],"dipPosition":[9.9883,329.017,-52.9216],"direction":[-0.214887,0.373119,-0.902555],"extended":true,"handId":699,"id":6991,"length":58.6448,"mcpPosition":[23.4482,290.267,-1.47562],"pipPosition":[15.1678,320.023,-31.1669],"stabilizedTipPosition":[0.45516,312.043,-39.8614],"timeVisible":96.1695,"tipPosition":[7.23594,332.006,-64.0702],"tipVelocity":[91.1709,215.843,-146.596],"tool":false,"touchDistance":-0.577477,"touchZone":"touching","type":1,"width":19.2893},{"bases":[[[0.968526,-0.168291,-0.183399],[0.246018,0.759238,0.602522],[0.0378443,-0.628678,0.776744]],[[0.967799,-0.158241,-0.195767],[-0.00326775,0.769743,-0.638346],[0.251702,0.61843,0.744439]],[[0.967799,-0.158241,-0.195767],[-0.239412,-0.338393,-0.910039],[0.0777589,0.927604,-0.365382]],[[0.967799,-0.158241,-0.195767],[-0.24464,-0.77446,-0.583407],[-0.059295,0.612513,-0.788233]]],"btipPosition":[32.3241,222.659,-12.1756],"carpPosition":[48.1496,246.428,52.5164],"dipPosition":[31.2129,234.137,-26.9471],"direction":[-0.0777589,-0.927604,0.365382],"extended":false,"handId":699,"id":6992,"length":66.821,"mcpPosition":[45.5166,290.168,-1.5255],"pipPosition":[33.418,260.442,-37.3085],"stabilizedTipPosition":[15.7331,203.303,31.5357],"timeVisible":96.1695,"tipPosition":[32.1266,225.281,-15.3079],"tipVelocity":[89.6461,300.973,-198.84],"tool":false,"touchDistance":0.333333,"touchZone":"none","type":2,"width":18.9446},{"bases":[[[0.942219,-0.315725,-0.111991],[0.315667,0.724846,0.612334],[-0.112152,-0.612304,0.782627]],[[0.944055,-0.304843,-0.125819],[0.131025,0.696817,-0.705179],[0.302642,0.649243,0.697776]],[[0.944055,-0.304843,-0.125819],[-0.2449,-0.392514,-0.886542],[0.22087,0.867758,-0.445211]],[[0.944055,-0.304843,-0.125819],[-0.322616,-0.774541,-0.544064],[0.0684019,0.554218,-0.829556]]],"btipPosition":[46.292,220.595,-2.03643],"carpPosition":[60.1468,245.572,50.1861],"dipPosition":[47.5665,230.921,-17.493],"direction":[-0.22087,-0.867758,0.445211],"extended":false,"handId":699,"id":6993,"length":64.2502,"mcpPosition":[67.1526,283.821,1.298],"pipPosition":[53.6681,254.893,-29.7921],"stabilizedTipPosition":[33.32,205.165,31.729],"timeVisible":96.1695,"tipPosition":[46.5665,223.147,-6.24417],"tipVelocity":[93.0801,284.773,-194.604],"tool":false,"touchDistance":0.333333,"touchZone":"none","type":3,"width":18.027},{"bases":[[[0.857709,-0.499866,-0.120283],[0.447217,0.609953,0.654182],[-0.253637,-0.614891,0.746711]],[[0.846421,-0.525002,-0.0891299],[0.34244,0.664802,-0.663908],[0.407807,0.531424,0.742484]],[[0.846421,-0.525002,-0.0891299],[-0.276406,-0.290082,-0.916216],[0.455161,0.800141,-0.390645]],[[0.846421,-0.525002,-0.0891299],[-0.467964,-0.653451,-0.594988],[0.254128,0.54532,-0.798777]]],"btipPosition":[58.1976,229.79,-2.53097],"carpPosition":[71.157,237.953,45.4787],"dipPosition":[62.5658,239.164,-16.2612],"direction":[-0.455161,-0.800141,0.390645],"extended":false,"handId":699,"id":6994,"length":50.3709,"mcpPosition":[85.8234,273.509,2.30035],"pipPosition":[71.4436,254.77,-23.8806],"stabilizedTipPosition":[46.5597,212.523,27.7055],"timeVisible":96.1695,"tipPosition":[58.9712,232.144,-5.71858],"tipVelocity":[91.2229,286.237,-207.683],"tool":false,"touchDistance":0.333333,"touchZone":"none","type":4,"width":16.013}],"r":[[0.960247,-0.0776338,0.268141],[0.0809939,0.996714,-0.00147487],[-0.267145,0.023134,0.963379]],"s":1.12323,"t":[11.6896,-16.0132,-146.352],"timestamp":523814318149},false],[5,{"currentFrameRate":110.593,"devices":[],"gestures":[],"hands":[{"armBasis":[[0.934161,0.093606,-0.344357],[0.092892,0.86793,0.487922],[0.34455,-0.487786,0.802091]],"armWidth":63.5437,"confidence":0.571517,"direction":[0.0034331,0.733533,-0.679645],"elbow":[149.604,102.061,266.483],"grabStrength":0,"id":699,"palmNormal":[-0.0964504,-0.676237,-0.730343],"palmPosition":[49.0359,270.504,11.2924],"palmVelocity":[106.803,248.444,-134.455],"palmWidth":90.7382,"pinchStrength":0.590558,"r":[[0.960632,-0.079538,0.266196],[0.0800603,0.99675,0.00890712],[-0.266039,0.0127552,0.963878]],"s":1.11872,"sphereCenter":[27.6904,261.532,-27.846],"sphereRadius":47.8804,"stabilizedPalmPosition":[41.1784,257.138,29.9667],"t":[12.7572,-14.0425,-147.269],"timeVisible":96.1785,"type":"right","wrist":[56.8327,233.399,50.5179]}],"id":4288143,"interactionBox":{"center":[0,200,0],"size":[235.247,235.247,147.751]},"pointables":[{"bases":[[[0.487457,0.720594,0.493082],[-0.759243,0.0709244,0.646931],[0.431203,-0.68972,0.581679]],[[0.342169,0.889068,0.304102],[-0.778291,0.0868268,0.621872],[0.526482,-0.449465,0.721663]],[[0.342169,0.889068,0.304102],[-0.935776,0.293112,0.19598],[0.0851033,-0.35163,0.932263]],[[0.342169,0.889068,0.304102],[-0.496155,0.445793,-0.745049],[-0.797966,0.104051,0.593653]]],"btipPosition":[17.0077,257.449,-34.5606],"carpPosition":[27.4857,225.547,46.9166],"dipPosition":[-1.61589,259.877,-20.7055],"direction":[-0.0851033,0.35163,-0.932263],"extended":false,"handId":699,"id":6990,"length":51.9721,"mcpPosition":[27.4857,225.547,46.9166],"pipPosition":[1.27773,247.921,10.9926],"stabilizedTipPosition":[-7.02812,243.857,22.7891],"timeVisible":96.1785,"tipPosition":[11.9774,259.418,-30.3508],"tipVelocity":[121.167,244.594,-182.158],"tool":false,"touchDistance":-0.603834,"touchZone":"hovering","type":0,"width":20.194},{"bases":[[[0.981778,0.0560685,-0.18157],[0.071095,0.777719,0.624579],[0.17623,-0.626107,0.759561]],[[0.976636,0.0730321,-0.202108],[0.0868029,0.72628,0.681896],[0.196587,-0.683508,0.702972]],[[0.976636,0.0730321,-0.202108],[0.00571933,0.931315,0.36417],[0.214822,-0.356817,0.909138]],[[0.976636,0.0730321,-0.202108],[-0.0619929,0.996246,0.06043],[0.205762,-0.0464888,0.977497]]],"btipPosition":[7.37297,330.625,-71.0571],"carpPosition":[37.4085,246.013,53.355],"dipPosition":[10.8788,329.833,-54.4022],"direction":[-0.214822,0.356817,-0.909139],"extended":true,"handId":699,"id":6991,"length":58.6448,"mcpPosition":[24.4793,291.948,-2.37097],"pipPosition":[16.0568,321.232,-32.4888],"stabilizedTipPosition":[1.89213,315.466,-44.9523],"timeVisible":96.1785,"tipPosition":[8.14961,332.528,-65.6635],"tipVelocity":[94.5545,174.18,-152.206],"tool":false,"touchDistance":-0.570605,"touchZone":"touching","type":1,"width":19.2893},{"bases":[[[0.96996,-0.162445,-0.181079],[0.239905,0.762067,0.601415],[0.0402969,-0.62679,0.778145]],[[0.969201,-0.152511,-0.193364],[-0.00784774,0.765642,-0.643219],[0.246146,0.624926,0.740865]],[[0.969201,-0.152511,-0.193364],[-0.235646,-0.346173,-0.908094],[0.0715574,0.925691,-0.37145]],[[0.969201,-0.152511,-0.193364],[-0.23826,-0.77932,-0.579563],[-0.0623023,0.607784,-0.791655]]],"btipPosition":[33.8547,224.313,-12.618],"carpPosition":[49.3515,248.382,51.7635],"dipPosition":[32.6871,235.702,-27.4536],"direction":[-0.0715574,-0.925691,0.37145],"extended":false,"handId":699,"id":6992,"length":66.821,"mcpPosition":[46.5478,291.991,-2.3759],"pipPosition":[34.7164,261.953,-37.987],"stabilizedTipPosition":[18.9357,207.541,23.003],"timeVisible":96.1785,"tipPosition":[33.6248,226.947,-15.8889],"tipVelocity":[111.341,268.189,-158.204],"tool":false,"touchDistance":0.333333,"touchZone":"none","type":2,"width":18.9446},{"bases":[[[0.944454,-0.309895,-0.109413],[0.309753,0.728144,0.61144],[-0.109814,-0.611369,0.78369]],[[0.946254,-0.299001,-0.123297],[0.127939,0.696176,-0.706379],[0.297045,0.652639,0.697013]],[[0.946254,-0.299001,-0.123297],[-0.240593,-0.39598,-0.88618],[0.216146,0.868216,-0.446635]],[[0.946254,-0.299001,-0.123297],[-0.316522,-0.77778,-0.543021],[0.0664658,0.552862,-0.830617]]],"btipPosition":[47.7737,222.424,-2.73644],"carpPosition":[61.3587,247.599,49.4593],"dipPosition":[49.0121,232.725,-18.2127],"direction":[-0.216146,-0.868216,0.446635],"extended":false,"handId":699,"id":6993,"length":64.2502,"mcpPosition":[68.2184,285.789,0.50488],"pipPosition":[54.9832,256.71,-30.5512],"stabilizedTipPosition":[36.1771,208.97,24.3578],"timeVisible":96.1785,"tipPosition":[48.0395,224.967,-6.9416],"tipVelocity":[112.485,262.244,-162.681],"tool":false,"touchDistance":0.333333,"touchZone":"none","type":3,"width":18.027},{"bases":[[[0.861147,-0.494593,-0.117488],[0.441953,0.614187,0.653798],[-0.251205,-0.61494,0.747492]],[[0.849962,-0.519725,-0.0863181],[0.339473,0.665567,-0.664665],[0.402893,0.535637,0.742139]],[[0.849962,-0.519725,-0.0863181],[-0.272736,-0.293884,-0.916104],[0.450755,0.802196,-0.391538]],[[0.849962,-0.519725,-0.0863181],[-0.462577,-0.657775,-0.594436],[0.252165,0.545177,-0.799497]]],"btipPosition":[59.6201,231.695,-3.22251],"carpPosition":[72.4272,240.041,44.7904],"dipPosition":[63.9546,241.066,-16.9651],"direction":[-0.450755,-0.802196,0.391538],"extended":false,"handId":699,"id":6994,"length":50.3709,"mcpPosition":[86.953,275.6,1.56686],"pipPosition":[72.7464,256.712,-24.6019],"stabilizedTipPosition":[49.1639,216.474,21.3903],"timeVisible":96.1785,"tipPosition":[60.3867,234.045,-6.41562],"tipVelocity":[109.347,265.751,-171.859],"tool":false,"touchDistance":0.333333,"touchZone":"none","type":4,"width":16.013}],"r":[[0.960632,-0.079538,0.266196],[0.0800603,0.99675,0.00890712],[-0.266039,0.0127552,0.963878]],"s":1.11872,"t":[12.7572,-14.0425,-147.269],"timestamp":523814327146},false],[6,{"currentFrameRate":110.426,"devices":[],"gestures":[],"hands":[{"armBasis":[[0.935184,0.0941232,-0.341427],[0.0877753,0.872365,0.480911],[0.343114,-0.479709,0.80756]],"armWidth":63.5437,"confidence":0.574312,"direction":[0.00548061,0.73703,-0.675838],"elbow":[150.087,106.501,266.858],"grabStrength":0,"id":699,"palmNormal":[-0.090754,-0.672692,-0.734336],"palmPosition":[50.0366,272.952,10.3432],"palmVelocity":[106.861,252.226,-125.107],"palmWidth":90.7382,"pinchStrength":0.576302,"r":[[0.960681,-0.0808655,0.265618],[0.0788317,0.996719,0.0183273],[-0.266228,0.00333245,0.963904]],"s":1.11585,"sphereCenter":[29.3668,263.886,-29.0919],"sphereRadius":47.7719,"stabilizedPalmPosition":[43.6417,261.536,24.5099],"t":[13.7914,-11.833,-148.201],"timeVisible":96.1878,"type":"right","wrist":[57.7026,235.664,49.4206]}],"id":4288144,"interactionBox":{"center":[0,200,0],"size":[235.247,235.247,147.751]},"pointables":[{"bases":[[[0.482973,0.719192,0.4995],[-0.763013,0.0658015,0.643025],[0.429591,-0.691689,0.580533]],[[0.335315,0.890775,0.306731],[-0.784699,0.0838995,0.614173],[0.521356,-0.446633,0.727123]],[[0.335315,0.890775,0.306731],[-0.938115,0.285764,0.195651],[0.0866285,-0.353353,0.93147]],[[0.335315,0.890775,0.306731],[-0.517469,0.446212,-0.730151],[-0.787267,0.0861069,0.61057]]],"btipPosition":[17.8707,260,-36.5022],"carpPosition":[28.3951,227.762,45.6147],"dipPosition":[-0.503212,262.009,-22.2522],"direction":[-0.0866285,0.353353,-0.93147],"extended":false,"handId":699,"id":6990,"length":51.9721,"mcpPosition":[28.3951,227.762,45.6147],"pipPosition":[2.44226,249.995,9.41896],"stabilizedTipPosition":[-3.33495,246.823,12.7823],"timeVisible":96.1878,"tipPosition":[13.0933,261.735,-32.0884],"tipVelocity":[114.714,249.666,-186.622],"tool":false,"touchDistance":-0.599545,"touchZone":"hovering","type":0,"width":20.194},{"bases":[[[0.982641,0.0593171,-0.175779],[0.0657479,0.774657,0.628955],[0.173476,-0.629594,0.75731]],[[0.977633,0.0761887,-0.196035],[0.0794124,0.729367,0.679498],[0.194752,-0.679867,0.707003]],[[0.977633,0.0761887,-0.196035],[-0.000872593,0.933542,0.358467],[0.210318,-0.350278,0.912727]],[[0.977633,0.0761887,-0.196035],[-0.0670031,0.99634,0.0530795],[0.199362,-0.0387573,0.979159]]],"btipPosition":[8.69559,332.64,-72.3208],"carpPosition":[38.2329,248.218,52.2136],"dipPosition":[12.0924,331.979,-55.6375],"direction":[-0.210318,0.350278,-0.912727],"extended":true,"handId":699,"id":6991,"length":58.6448,"mcpPosition":[25.5056,294.409,-3.34713],"pipPosition":[17.1618,323.536,-33.6376],"stabilizedTipPosition":[3.46282,318.991,-49.8253],"timeVisible":96.1878,"tipPosition":[9.44148,334.513,-66.9873],"tipVelocity":[107.088,186.806,-147.163],"tool":false,"touchDistance":-0.560735,"touchZone":"touching","type":1,"width":19.2893},{"bases":[[[0.971341,-0.159224,-0.176476],[0.234721,0.759522,0.606656],[0.0374435,-0.630693,0.775128]],[[0.97064,-0.149375,-0.188536],[-0.00727415,0.765221,-0.643726],[0.240428,0.626198,0.741668]],[[0.97064,-0.149375,-0.188536],[-0.23008,-0.347965,-0.908836],[0.0701535,0.925531,-0.372116]],[[0.97064,-0.149375,-0.188536],[-0.232885,-0.779736,-0.581186],[-0.0601934,0.608029,-0.79163]]],"btipPosition":[35.1557,226.764,-13.4905],"carpPosition":[50.1789,250.623,50.7012],"dipPosition":[34.0277,238.158,-28.3256],"direction":[-0.0701535,-0.925531,0.372116],"extended":false,"handId":699,"id":6992,"length":66.821,"mcpPosition":[47.5737,294.504,-3.22825],"pipPosition":[36.0171,264.404,-38.878],"stabilizedTipPosition":[22.392,212.272,14.3614],"timeVisible":96.1878,"tipPosition":[34.9122,229.438,-16.9129],"tipVelocity":[119.495,266.494,-139.792],"tool":false,"touchDistance":0.333333,"touchZone":"none","type":2,"width":18.9446},{"bases":[[[0.945788,-0.3071,-0.105713],[0.304593,0.725713,0.616898],[-0.112732,-0.615654,0.779911]],[[0.94766,-0.295993,-0.119703],[0.129342,0.698672,-0.703653],[0.29191,0.651341,0.700388]],[[0.94766,-0.295993,-0.119703],[-0.235294,-0.394014,-0.888476],[0.215818,0.870138,-0.443037]],[[0.94766,-0.295993,-0.119703],[-0.311723,-0.776646,-0.547402],[0.06906,0.556066,-0.828264]]],"btipPosition":[48.9874,224.918,-3.79302],"carpPosition":[62.2006,249.88,48.4604],"dipPosition":[50.2742,235.279,-19.2255],"direction":[-0.215818,-0.870138,0.443037],"extended":false,"handId":699,"id":6993,"length":64.2502,"mcpPosition":[69.2425,288.338,-0.258065],"pipPosition":[56.2362,259.317,-31.4645],"stabilizedTipPosition":[39.1694,213.155,17.1203],"timeVisible":96.1878,"tipPosition":[49.2626,227.48,-8.00604],"tipVelocity":[117.728,263.911,-148.278],"tool":false,"touchDistance":0.333333,"touchZone":"none","type":3,"width":18.027},{"bases":[[[0.862968,-0.49195,-0.115203],[0.436826,0.611852,0.659409],[-0.25391,-0.619373,0.742905]],[[0.851672,-0.517262,-0.084233],[0.3417,0.66994,-0.659106],[0.397362,0.532559,0.747318]],[[0.851672,-0.517262,-0.084233],[-0.266828,-0.289647,-0.919188],[0.451064,0.805322,-0.384705]],[[0.851672,-0.517262,-0.084233],[-0.457663,-0.655764,-0.600432],[0.255344,0.549921,-0.795227]]],"btipPosition":[60.7967,234.248,-4.3222],"carpPosition":[73.313,242.372,43.8147],"dipPosition":[65.1859,243.701,-17.9914],"direction":[-0.451064,-0.805322,0.384705],"extended":false,"handId":699,"id":6994,"length":50.3709,"mcpPosition":[87.9952,278.187,0.856453],"pipPosition":[73.9837,259.408,-25.495],"stabilizedTipPosition":[51.9202,220.823,15.099],"timeVisible":96.1878,"tipPosition":[61.5782,236.611,-7.494],"tipVelocity":[114.398,268.39,-155.954],"tool":false,"touchDistance":0.333333,"touchZone":"none","type":4,"width":16.013}],"r":[[0.960681,-0.0808655,0.265618],[0.0788317,0.996719,0.0183273],[-0.266228,0.00333245,0.963904]],"s":1.11585,"t":[13.7914,-11.833,-148.201],"timestamp":52381433649