{"sensorType":"Leap","data":[[0,{"currentFrameRate":110.05,"devices":[],"gestures":[],"hands":[{"armBasis":[[0.946033,0.0753049,-0.3152],[0.0949201,0.865582,0.491688],[0.309858,-0.495072,0.811721]],"armWidth":63.5437,"confidence":0.603731,"direction":[0.0523571,0.709707,-0.702548],"elbow":[145.924,98.5204,271.795],"grabStrength":0.899893,"id":699,"palmNormal":[-0.0837852,-0.697911,-0.711267],"palmPosition":[57.3877,267.762,12.5142],"palmVelocity":[85.8751,220.37,-203.364],"palmWidth":90.7382,"pinchStrength":0.640561,"r":[[0.933245,-0.108707,0.342399],[0.119902,0.992718,-0.011633],[-0.338641,0.0519109,0.939483]],"s":1.00489,"sphereCenter":[28.4866,264.762,-21.7069],"sphereRadius":48.9001,"stabilizedPalmPosition":[17.4982,256.191,127.113],"t":[21.5371,-16.7955,-145.155],"timeVisible":71.7475,"type":"right","wrist":[62.4937,231.82,53.2367]}],"id":4285516,"interactionBox":{"center":[0,200,0],"size":[235.247,235.247,147.751]},"pointables":[{"bases":[[[0.485585,0.724046,0.489862],[-0.78382,0.112485,0.610716],[0.387084,-0.680518,0.622142]],[[0.335937,0.903935,0.264665],[-0.780832,0.110133,0.614956],[0.526732,-0.413246,0.74282]],[[0.335937,0.903935,0.264665],[-0.939179,0.34276,0.0214336],[-0.0713419,-0.255768,0.964102]],[[0.335937,0.903935,0.264665],[-0.432584,0.397678,-0.80915],[-0.83667,0.157334,0.524623]]],"btipPosition":[28.8547,250.209,-33.3765],"carpPosition":[33.1225,224.614,48.6254],"dipPosition":[9.3278,253.881,-21.1324],"direction":[0.0713419,0.255768,-0.964102],"extended":false,"handId":699,"id":6990,"length":51.9721,"mcpPosition":[33.1225,224.614,48.6254],"pipPosition":[6.90209,245.185,11.6483],"stabilizedTipPosition":[-24.1414,256.123,102.106],"timeVisible":71.7475,"tipPosition":[24.6142,252.197,-29.4694],"tipVelocity":[93.0941,198.385,-266.024],"tool":false,"touchDistance":-0.679347,"touchZone":"hovering","type":0,"width":20.194},{"bases":[[[0.989771,0.0244225,-0.140556],[0.0657299,0.796367,0.601231],[0.126618,-0.60432,0.786616]],[[0.970886,0.0880514,-0.222772],[0.136242,0.561939,0.815882],[0.197024,-0.822479,0.533582]],[[0.970886,0.0880514,-0.222772],[-0.0787394,0.995622,0.0503609],[0.226231,-0.0313538,0.973569]],[[0.970886,0.0880514,-0.222772],[-0.220315,0.693294,-0.686152],[0.0940298,0.715255,0.692509]]],"btipPosition":[18.5329,313.166,-61.0236],"carpPosition":[43.3186,245.023,54.8134],"dipPosition":[20.1351,325.353,-49.2244],"direction":[-0.226231,0.0313538,-0.973569],"extended":true,"handId":699,"id":6991,"length":58.6448,"mcpPosition":[34.0292,289.359,-2.89744],"pipPosition":[25.588,324.597,-25.758],"stabilizedTipPosition":[-10.2946,297.499,11.204],"timeVisible":71.7475,"tipPosition":[18.913,315.496,-57.1194],"tipVelocity":[100.893,229.093,-246.201],"tool":false,"touchDistance":-0.6612,"touchZone":"hovering","type":1,"width":19.2893},{"bases":[[[0.971973,-0.193569,-0.133411],[0.23488,0.77557,0.585937],[-0.00994966,-0.600851,0.799299]],[[0.972023,-0.188269,-0.140447],[0.0367615,0.712512,-0.700697],[0.23199,0.67593,0.699499]],[[0.972023,-0.188269,-0.140447],[-0.208254,-0.414237,-0.886024],[0.108632,0.890484,-0.441856]],[[0.972023,-0.188269,-0.140447],[-0.234508,-0.811697,-0.534934],[-0.013289,0.552904,-0.833139]]],"btipPosition":[42.0884,220.727,-7.42633],"carpPosition":[55.3787,247.026,53.6646],"dipPosition":[41.8394,231.088,-23.0393],"direction":[-0.108632,-0.890484,0.441856],"extended":false,"handId":699,"id":6992,"length":66.821,"mcpPosition":[56.071,288.83,-1.94655],"pipPosition":[44.9199,256.34,-35.5694],"stabilizedTipPosition":[10.4525,209.077,65.3392],"timeVisible":71.7475,"tipPosition":[42.0504,223.167,-10.8116],"tipVelocity":[115.851,225.717,-239.025],"tool":false,"touchDistance":0.333333,"touchZone":"none","type":2,"width":18.9446},{"bases":[[[0.939425,-0.337791,-0.0581221],[0.303286,0.740209,0.60009],[-0.159682,-0.581367,0.797818]],[[0.944384,-0.31749,-0.0856693],[0.157015,0.66425,-0.730834],[0.288939,0.676737,0.677157]],[[0.944384,-0.31749,-0.0856693],[-0.223796,-0.429628,-0.874835],[0.240946,0.845352,-0.476786]],[[0.944384,-0.31749,-0.0856693],[-0.314008,-0.793265,-0.521661],[0.0976639,0.519549,-0.848841]]],"btipPosition":[56.072,218.984,0.889163],"carpPosition":[67.447,245.854,51.9104],"dipPosition":[57.8917,228.665,-14.9267],"direction":[-0.240946,-0.845352,0.476786],"extended":false,"handId":699,"id":6993,"length":64.2502,"mcpPosition":[77.4219,282.17,2.07333],"pipPosition":[64.5479,252.018,-28.0981],"stabilizedTipPosition":[14.6709,208.445,95.7365],"timeVisible":71.7475,"tipPosition":[56.571,221.313,-2.90877],"tipVelocity":[111.901,227.489,-232.223],"tool":false,"touchDistance":0.333333,"touchZone":"none","type":3,"width":18.027},{"bases":[[[0.851518,-0.520437,-0.0637405],[0.430402,0.62437,0.651856],[-0.299453,-0.582501,0.755659]],[[0.804879,-0.59235,0.0359344],[0.44795,0.56672,-0.691498],[0.389244,0.572669,0.721484]],[[0.804879,-0.59235,0.0359344],[-0.224925,-0.36054,-0.905218],[0.549162,0.720508,-0.423426]],[[0.804879,-0.59235,0.0359344],[-0.467431,-0.670118,-0.576584],[0.36562,0.447284,-0.816247]]],"btipPosition":[65.0877,229.606,1.12937],"carpPosition":[78.4931,237.858,47.9763],"dipPosition":[71.3724,237.294,-12.9012],"direction":[-0.549162,-0.720508,0.423426],"extended":false,"handId":699,"id":6994,"length":50.3709,"mcpPosition":[95.8089,271.541,4.28054],"pipPosition":[82.0836,251.348,-21.16],"stabilizedTipPosition":[27.3061,218.648,87.6321],"timeVisible":71.7475,"tipPosition":[66.5526,231.535,-2.41702],"tipVelocity":[109.413,231.175,-222.433],"tool":false,"touchDistance":0.333333,"touchZone":"none","type":4,"width":16.013}],"r":[[0.933245,-0.108707,0.342399],[0.119902,0.992718,-0.011633],[-0.338641,0.0519109,0.939483]],"s":1.00489,"t":[21.5371,-16.7955,-145.155],"timestamp":523789896172},false],[1,{"currentFrameRate":110.081,"devices":[],"gestures":[],"hands":[{"armBasis":[[0.949826,0.0732976,-0.304069],[0.0907428,0.865766,0.492153],[0.299326,-0.495052,0.815676]],"armWidth":63.5437,"confidence":0.60421,"direction":[0.0490397,0.717305,-0.695031],"elbow":[143.605,100.317,271.315],"grabStrength":0.887115,"id":699,"palmNormal":[-0.08013,-0.6908,-0.718592],"palmPosition":[57.7384,269.953,11.3474],"palmVelocity":[72.9286,226.525,-182.957],"palmWidth":90.7382,"pinchStrength":0.6381,"r":[[0.932466,-0.107466,0.344904],[0.115867,0.993258,-0.00377127],[-0.342173,0.0434795,0.93863]],"s":1.00632,"sphereCenter":[29.1043,266.952,-23.0779],"sphereRadius":48.804,"stabilizedPalmPosition":[20.4077,257.186,118.743],"t":[22.0323,-14.7089,-146.642],"timeVisible":71.7565,"type":"right","wrist":[63.0109,233.611,51.6916]}],"id":4285517,"interactionBox":{"center":[0,200,0],"size":[235.247,235.247,147.751]},"pointables":[{"bases":[[[0.481857,0.721249,0.497608],[-0.784538,0.102179,0.611604],[0.390274,-0.685098,0.615083]],[[0.329129,0.90454,0.271073],[-0.782813,0.100823,0.614035],[0.528089,-0.414296,0.74127]],[[0.329129,0.90454,0.271073],[-0.94199,0.334511,0.0275099],[-0.0657933,-0.264403,0.962166]],[[0.329129,0.90454,0.271073],[-0.443531,0.401516,-0.80129],[-0.833639,0.143498,0.533343]]],"btipPosition":[29.0823,252.573,-35.0674],"carpPosition":[33.6771,226.308,46.995],"dipPosition":[9.62613,255.922,-22.6198],"direction":[0.0657933,0.264403,-0.962166],"extended":false,"handId":699,"id":6990,"length":51.9721,"mcpPosition":[33.6771,226.308,46.995],"pipPosition":[7.38908,246.932,10.095],"stabilizedTipPosition":[-21.8239,255.99,95.721],"timeVisible":71.7565,"tipPosition":[24.9012,254.437,-31.0959],"tipVelocity":[74.901,213.572,-242.922],"tool":false,"touchDistance":-0.664407,"touchZone":"hovering","type":0,"width":20.194},{"bases":[[[0.989678,0.0307954,-0.139963],[0.0616183,0.790317,0.609592],[0.129388,-0.611924,0.780262]],[[0.970755,0.0945285,-0.220678],[0.13073,0.562834,0.816166],[0.201356,-0.821147,0.534016]],[[0.970755,0.0945285,-0.220678],[-0.0837673,0.994817,0.0576448],[0.224984,-0.0374734,0.973642]],[[0.970755,0.0945285,-0.220678],[-0.221927,0.703918,-0.674721],[0.0915591,0.703963,0.70431]]],"btipPosition":[18.6679,315.685,-62.1916],"carpPosition":[43.7703,246.701,53.4006],"dipPosition":[20.2279,327.68,-50.1914],"direction":[-0.224984,0.0374734,-0.973642],"extended":true,"handId":699,"id":6991,"length":58.6448,"mcpPosition":[34.2776,291.595,-3.84406],"pipPosition":[25.6508,326.776,-26.7232],"stabilizedTipPosition":[-5.68257,300.793,0.093489],"timeVisible":71.7565,"tipPosition":[19.0437,318.099,-58.2072],"tipVelocity":[76.9368,241.495,-212.629],"tool":false,"touchDistance":-0.640241,"touchZone":"hovering","type":1,"width":19.2893},{"bases":[[[0.972957,-0.187345,-0.135116],[0.230874,0.770519,0.594136],[-0.00719876,-0.609264,0.792935]],[[0.972983,-0.181982,-0.142081],[0.0334501,0.720017,-0.69315],[0.228442,0.66967,0.706651]],[[0.972983,-0.181982,-0.142081],[-0.205939,-0.405881,-0.890421],[0.104372,0.895624,-0.432392]],[[0.972983,-0.181982,-0.142081],[-0.230339,-0.807142,-0.543567],[-0.0157604,0.561608,-0.827253]]],"btipPosition":[42.6765,223.054,-9.09369],"carpPosition":[55.8206,248.776,52.2769],"dipPosition":[42.3812,233.579,-24.5964],"direction":[-0.104372,-0.895624,0.432392],"extended":false,"handId":699,"id":6992,"length":66.821,"mcpPosition":[56.3215,291.166,-2.89146],"pipPosition":[45.341,258.977,-36.8581],"stabilizedTipPosition":[12.5189,210.131,60.327],"timeVisible":71.7565,"tipPosition":[42.6278,225.53,-12.4536],"tipVelocity":[101.567,235.696,-223.292],"tool":false,"touchDistance":0.333333,"touchZone":"none","type":2,"width":18.9446},{"bases":[[[0.941102,-0.332509,-0.061358],[0.29945,0.735351,0.607939],[-0.157026,-0.590506,0.79161]],[[0.945934,-0.31206,-0.0884732],[0.153982,0.6721,-0.724273],[0.28548,0.671491,0.683814]],[[0.945934,-0.31206,-0.0884732],[-0.221387,-0.421802,-0.879245],[0.237059,0.851294,-0.468083]],[[0.945934,-0.31206,-0.0884732],[-0.309946,-0.78922,-0.530156],[0.0956157,0.528914,-0.843272]]],"btipPosition":[56.6538,221.278,-0.759671],"carpPosition":[67.8951,247.683,50.5145],"dipPosition":[58.4353,231.133,-16.4718],"direction":[-0.237059,-0.851294,0.468083],"extended":false,"handId":699,"id":6993,"length":64.2502,"mcpPosition":[77.7039,284.57,1.06527],"pipPosition":[64.9841,254.651,-29.4027],"stabilizedTipPosition":[17.4864,209.448,89.0877],"timeVisible":71.7565,"tipPosition":[57.1462,223.653,-4.54021],"tipVelocity":[98.5654,236.049,-217.844],"tool":false,"touchDistance":0.333333,"touchZone":"none","type":3,"width":18.027},{"bases":[[[0.854101,-0.515519,-0.0689254],[0.427123,0.619603,0.658527],[-0.296777,-0.591888,0.749394]],[[0.807947,-0.588507,0.0296849],[0.445598,0.577234,-0.684283],[0.38557,0.566092,0.728612]],[[0.807947,-0.588507,0.0296849],[-0.222222,-0.350965,-0.909638],[0.545747,0.728342,-0.414341]],[[0.807947,-0.588507,0.0296849],[-0.463571,-0.665909,-0.584522],[0.363763,0.458502,-0.810834]]],"btipPosition":[65.6497,231.96,-0.506029],"carpPosition":[78.9817,239.783,46.5002],"dipPosition":[71.9024,239.841,-14.4435],"direction":[-0.545747,-0.728342,0.414341],"extended":false,"handId":699,"id":6994,"length":50.3709,"mcpPosition":[96.1428,274.008,3.16672],"pipPosition":[82.547,254.047,-22.5251],"stabilizedTipPosition":[30.5317,219.874,80.2256],"timeVisible":71.7565,"tipPosition":[67.0985,233.929,-3.99086],"tipVelocity":[96.2024,240.669,-210.414],"tool":false,"touchDistance":0.333333,"touchZone":"none","type":4,"width":16.013}],"r":[[0.932466,-0.107466,0.344904],[0.115867,0.993258,-0.00377127],[-0.342173,0.0434795,0.93863]],"s":1.00632,"t":[22.0323,-14.7089,-146.642],"timestamp":523789905200},false],[2,{"currentFrameRate":110.028,"devices":[],"gestures":[],"hands":[{"armBasis":[[0.950679,0.0747742,-0.301028],[0.0873779,0.866642,0.491219],[0.297614,-0.493295,0.817365]],"armWidth":63.5437,"confidence":0.591483,"direction":[0.0477367,0.721295,-0.690981],"elbow":[143.706,101.94,270.82],"grabStrength":0.873932,"id":699,"palmNormal":[-0.07684,-0.687068,-0.722519],"palmPosition":[58.2413,271.309,10.5915],"palmVelocity":[67.855,204.491,-154.85],"palmWidth":90.7382,"pinchStrength":0.634437,"r":[[0.931799,-0.106269,0.347071],[0.111973,0.993705,0.00364254],[-0.345273,0.0354684,0.937832]],"s":1.0077,"sphereCenter":[29.9241,268.177,-24.0689],"sphereRadius":48.7029,"stabilizedPalmPosition":[23.6355,258.391,109.516],"t":[22.5313,-12.9877,-147.764],"timeVisible":71.7657,"type":"right","wrist":[63.5722,234.761,50.7418]}],"id":4285518,"interactionBox":{"center":[0,200,0],"size":[235.247,235.247,147.751]},"pointables":[{"bases":[[[0.47879,0.720036,0.502303],[-0.78576,0.0962585,0.610995],[0.391587,-0.687228,0.611863]],[[0.323969,0.905529,0.273974],[-0.784782,0.0954925,0.612371],[0.528357,-0.413399,0.74158]],[[0.323969,0.905529,0.273974],[-0.944091,0.328151,0.0317735],[-0.0611332,-0.26895,0.961212]],[[0.323969,0.905529,0.273974],[-0.452397,0.402616,-0.795762],[-0.830892,0.133857,0.540094]]],"btipPosition":[29.4384,253.989,-36.2416],"carpPosition":[34.2691,227.39,45.9614],"dipPosition":[10.0464,257.113,-23.6364],"direction":[0.0611332,0.26895,-0.961212],"extended":false,"handId":699,"id":6990,"length":51.9721,"mcpPosition":[34.2691,227.39,45.9614],"pipPosition":[7.96779,247.969,9.04595],"stabilizedTipPosition":[-19.3311,255.922,88.8468],"timeVisible":71.7657,"tipPosition":[25.3296,255.742,-32.2369],"tipVelocity":[65.2619,195.434,-209.685],"tool":false,"touchDistance":-0.643369,"touchZone":"hovering","type":0,"width":20.194},{"bases":[[[0.989777,0.0347646,-0.138322],[0.0581661,0.787126,0.614044],[0.130224,-0.615812,0.777057]],[[0.971031,0.0981885,-0.217847],[0.125135,0.567717,0.813658],[0.203568,-0.817347,0.538984]],[[0.971031,0.0981885,-0.217847],[-0.0871201,0.994397,0.059868],[0.222505,-0.0391548,0.974145]],[[0.971031,0.0981885,-0.217847],[-0.221541,0.711567,-0.666778],[0.089543,0.695724,0.712706]]],"btipPosition":[19.1225,317.067,-63.2305],"carpPosition":[44.2869,247.779,52.4946],"dipPosition":[20.6482,328.921,-51.0872],"direction":[-0.222505,0.0391548,-0.974145],"extended":true,"handId":699,"id":6991,"length":58.6448,"mcpPosition":[34.7329,292.959,-4.51494],"pipPosition":[26.0113,327.977,-27.6069],"stabilizedTipPosition":[-1.47436,303.972,-10.0324],"timeVisible":71.7657,"tipPosition":[19.4916,319.571,-59.1797],"tipVelocity":[69.035,215.089,-183.839],"tool":false,"touchDistance":-0.61964,"touchZone":"hovering","type":1,"width":19.2893},{"bases":[[[0.973755,-0.183452,-0.134706],[0.227507,0.76796,0.59873],[-0.00638931,-0.613663,0.789542]],[[0.973774,-0.178055,-0.141635],[0.0321415,0.723939,-0.689115],[0.225236,0.666489,0.710676]],[[0.973774,-0.178055,-0.141635],[-0.203315,-0.401606,-0.892959],[0.102115,0.898337,-0.427275]],[[0.973774,-0.178055,-0.141635],[-0.226929,-0.804854,-0.548373],[-0.0163546,0.566133,-0.824152]]],"btipPosition":[43.3609,224.475,-10.131],"carpPosition":[56.332,249.9,51.4003],"dipPosition":[43.0544,235.084,-25.5756],"direction":[-0.102115,-0.898337,0.427275],"extended":false,"handId":699,"id":6992,"length":66.821,"mcpPosition":[56.7766,292.595,-3.53202],"pipPosition":[45.9502,260.559,-37.6921],"stabilizedTipPosition":[14.8516,211.403,54.7164],"timeVisible":71.7657,"tipPosition":[43.3092,226.969,-13.4779],"tipVelocity":[93.9367,213.67,-192.068],"tool":false,"touchDistance":0.333333,"touchZone":"none","type":2,"width":18.9446},{"bases":[[[0.942262,-0.329125,-0.061799],[0.296177,0.732938,0.612439],[-0.156274,-0.595382,0.788098]],[[0.94705,-0.308599,-0.0886787],[0.153039,0.676626,-0.720248],[0.28227,0.668539,0.688026]],[[0.94705,-0.308599,-0.0886787],[-0.218607,-0.417416,-0.882029],[0.235177,0.854711,-0.462775]],[[0.94705,-0.308599,-0.0886787],[-0.306595,-0.787096,-0.535238],[0.0953749,0.534085,-0.840034]]],"btipPosition":[57.3238,222.696,-1.79964],"carpPosition":[68.4126,248.855,49.6498],"dipPosition":[59.1008,232.647,-17.4514],"direction":[-0.235177,-0.854711,0.462775],"extended":false,"handId":699,"id":6993,"length":64.2502,"mcpPosition":[78.1745,286.046,0.419903],"pipPosition":[65.5977,256.259,-30.2357],"stabilizedTipPosition":[20.6353,210.664,81.6949],"timeVisible":71.7657,"tipPosition":[57.8165,225.093,-5.5578],"tipVelocity":[91.3834,213.91,-188.209],"tool":false,"touchDistance":0.333333,"touchZone":"none","type":3,"width":18.027},{"bases":[[[0.855866,-0.51237,-0.0705074],[0.424149,0.617325,0.662576],[-0.295958,-0.596982,0.745668]],[[0.809916,-0.585905,0.0274204],[0.444746,0.582965,-0.679966],[0.38241,0.56291,0.732731]],[[0.809916,-0.585905,0.0274204],[-0.219429,-0.346015,-0.912209],[0.543955,0.732795,-0.408808]],[[0.809916,-0.585905,0.0274204],[-0.460311,-0.663886,-0.58938],[0.363525,0.464727,-0.80739]]],"btipPosition":[66.3017,233.403,-1.49482],"carpPosition":[79.5306,241.013,45.6084],"dipPosition":[72.5503,241.391,-15.3731],"direction":[-0.543955,-0.732795,0.408808],"extended":false,"handId":699,"id":6994,"length":50.3709,"mcpPosition":[96.6443,275.533,2.49028],"pipPosition":[83.16,255.684,-23.3468],"stabilizedTipPosition":[34.052,221.328,72.1918],"timeVisible":71.7657,"tipPosition":[67.7457,235.395,-4.9446],"tipVelocity":[89.1349,218.095,-181.305],"tool":false,"touchDistance":0.333333,"touchZone":"none","type":4,"width":16.013}],"r":[[0.931799,-0.106269,0.347071],[0.111973,0.993705,0.00364254],[-0.345273,0.0354684,0.937832]],"s":1.0077,"t":[22.5313,-12.9877,-147.764],"timestamp":523789914383},false],[3,{"currentFrameRate":110.127,"devices":[],"gestures":[],"hands":[{"armBasis":[[0.949517,0.0791319,-0.303572],[0.0850527,0.86649,0.491896],[0.301967,-0.492883,0.816016]],"armWidth":63.5437,"confidence":0.581558,"direction":[0.0463125,0.725528,-0.686632],"elbow":[145.274,102.941,269.704],"grabStrength":0.861794,"id":699,"palmNormal":[-0.0747193,-0.682928,-0.726654],"palmPosition":[58.5681,272.425,10.0549],"palmVelocity":[59.3746,182.945,-129.107],"palmWidth":90.7382,"pinchStrength":0.609951,"r":[[0.931271,-0.105275,0.348787],[0.10834,0.994056,0.0107661],[-0.347847,0.0277615,0.93714]],"s":1.01037,"sphereCenter":[30.5464,269.167,-24.848],"sphereRadius":48.6058,"stabilizedPalmPosition":[26.937,259.717,100.116],"t":[22.9442,-11.5692,-148.593],"timeVisible":71.7746,"type":"right","wrist":[63.9682,235.651,49.9892]}],"id":4285519,"interactionBox":{"center":[0,200,0],"size":[235.247,235.247,147.751]},"pointables":[{"bases":[[[0.476707,0.718217,0.506868],[-0.786337,0.0906404,0.611113],[0.392969,-0.689891,0.607969]],[[0.319939,0.905948,0.277304],[-0.784805,0.0894437,0.613255],[0.530774,-0.413833,0.739609]],[[0.319939,0.905948,0.277304],[-0.946208,0.320443,0.0448007],[-0.0482732,-0.276721,0.959737]],[[0.319939,0.905948,0.277304],[-0.492783,0.409102,-0.767985],[-0.8092,0.109057,0.577323]]],"btipPosition":[28.7918,255.699,-37.7754],"carpPosition":[34.6863,228.235,45.1482],"dipPosition":[9.90606,258.245,-24.3013],"direction":[0.0482732,0.276721,-0.959737],"extended":false,"handId":699,"id":6990,"length":51.9721,"mcpPosition":[34.6863,228.235,45.1482],"pipPosition":[8.26471,248.836,8.33092],"stabilizedTipPosition":[-16.8766,255.942,81.9215],"timeVisible":71.7746,"tipPosition":[25.0151,257.057,-33.4741],"tipVelocity":[31.3021,190.443,-193.388],"tool":false,"touchDistance":-0.627375,"touchZone":"hovering","type":0,"width":20.194},{"bases":[[[0.989763,0.0380659,-0.137549],[0.0558548,0.783586,0.618768],[0.131335,-0.620116,0.773438]],[[0.971065,0.101489,-0.216179],[0.120507,0.573279,0.81045],[0.206183,-0.81305,0.544461]],[[0.971065,0.101489,-0.216179],[-0.0903879,0.994057,0.0606619],[0.22105,-0.0393667,0.974468]],[[0.971065,0.101489,-0.216179],[-0.221913,0.717963,-0.65976],[0.0882495,0.688643,0.71971]]],"btipPosition":[19.3485,318.156,-64.0126],"carpPosition":[44.6494,248.611,51.8089],"dipPosition":[20.8521,329.889,-51.7499],"direction":[-0.22105,0.0393667,-0.974468],"extended":true,"handId":699,"id":6991,"length":58.6448,"mcpPosition":[35.0138,294.106,-4.9352],"pipPosition":[26.1802,328.94,-28.2618],"stabilizedTipPosition":[2.1307,306.847,-18.745],"timeVisible":71.7746,"tipPosition":[19.7213,320.777,-59.9029],"tipVelocity":[57.0005,188.976,-156.872],"tool":false,"touchDistance":-0.597328,"touchZone":"hovering","type":1,"width":19.2893},{"bases":[[[0.974286,-0.180208,-0.135246],[0.225252,0.764936,0.603436],[-0.00528929,-0.618384,0.785858]],[[0.974295,-0.174797,-0.142109],[0.0306868,0.727923,-0.684972],[0.223175,0.663004,0.714576]],[[0.974295,-0.174797,-0.142109],[-0.201807,-0.396882,-0.89541],[0.100114,0.901072,-0.421956]],[[0.974295,-0.174797,-0.142109],[-0.224612,-0.802101,-0.553338],[-0.0172637,0.571034,-0.820745]]],"btipPosition":[43.815,225.669,-10.943],"carpPosition":[56.6898,250.767,50.7341],"dipPosition":[43.4915,236.371,-26.3238],"direction":[-0.100114,-0.901072,0.421956],"extended":false,"handId":699,"id":6992,"length":66.821,"mcpPosition":[57.0578,293.791,-3.94195],"pipPosition":[46.3305,261.923,-38.2895],"stabilizedTipPosition":[17.2713,212.804,48.9205],"timeVisible":71.7746,"tipPosition":[43.7593,228.186,-14.2833],"tipVelocity":[82.1299,192.667,-164.169],"tool":false,"touchDistance":0.333333,"touchZone":"none","type":2,"width":18.9446},{"bases":[[[0.943117,-0.326392,-0.0632287],[0.294001,0.730003,0.616975],[-0.155219,-0.600469,0.784438]],[[0.947843,-0.305818,-0.0898231],[0.151835,0.681,-0.716369],[0.280248,0.665367,0.691916]],[[0.947843,-0.305818,-0.0898231],[-0.217079,-0.413026,-0.884469],[0.233388,0.857837,-0.457871]],[[0.947843,-0.305818,-0.0898231],[-0.30437,-0.784782,-0.539885],[0.0946153,0.539066,-0.836932]]],"btipPosition":[57.7728,223.884,-2.60322],"carpPosition":[68.7739,249.763,48.9842],"dipPosition":[59.5357,233.928,-18.1972],"direction":[-0.233388,-0.857837,0.457871],"extended":false,"handId":699,"id":6993,"length":64.2502,"mcpPosition":[78.4699,287.273,-0.0170636],"pipPosition":[65.9831,257.626,-30.846],"stabilizedTipPosition":[23.8738,212.003,74.1138],"timeVisible":71.7746,"tipPosition":[58.2626,226.302,-6.353],"tipVelocity":[80.1385,192.668,-161.143],"tool":false,"touchDistance":0.333333,"touchZone":"none","type":3,"width":18.027},{"bases":[[[0.857185,-0.509797,-0.0730807],[0.422235,0.614414,0.666493],[-0.294874,-0.602165,0.74192]],[[0.811552,-0.583786,0.0240365],[0.443662,0.588946,-0.675505],[0.380194,0.558871,0.736964]],[[0.811552,-0.583786,0.0240365],[-0.217577,-0.340134,-0.91486],[0.542258,0.737227,-0.403055]],[[0.811552,-0.583786,0.0240365],[-0.457949,-0.66109,-0.594342],[0.362859,0.471332,-0.803853]]],"btipPosition":[66.7449,234.606,-2.30641],"carpPosition":[79.9138,241.974,44.9023],"dipPosition":[72.9821,242.708,-16.1239],"direction":[-0.542258,-0.737227,0.403055],"extended":false,"handId":699,"id":6994,"length":50.3709,"mcpPosition":[96.9648,276.794,2.00097],"pipPosition":[83.5586,257.087,-23.9854],"stabilizedTipPosition":[37.5745,222.891,64.1744],"timeVisible":71.7746,"tipPosition":[68.1801,236.622,-5.71303],"tipVelocity":[78.3424,196.298,-156.342],"tool":false,"touchDistance":0.333333,"touchZone":"none","type":4,"width":16.013}],"r":[[0.931271,-0.105275,0.348787],[0.10834,0.994056,0.0107661],[-0.347847,0.0277615,0.93714]],"s":1.01037,"t":[22.9442,-11.5692,-148.593],"timestamp":523789923288},false],[4,{"currentFrameRate":110.097,"devices":[],"gestures":[],"hands":[{"armBasis":[[0.951878,0.0834845,-0.294887],[0.0785696,0.863554,0.498097],[0.296234,-0.497297,0.815439]],"armWidth":63.5437,"confidence":0.581641,"direction":[0.0440197,0.727315,-0.68489],"elbow":[144.136,103.495,267.782],"grabStrength":0.848787,"id":699,"palmNormal":[-0.0687491,-0.681724,-0.728372],"palmPosition":[58.8718,274.225,8.3549],"palmVelocity":[52.1087,186.859,-144.951],"palmWidth":90.7382,"pinchStrength":0.591581,"r":[[0.930767,-0.10357,0.350637],[0.104262,0.994405,0.0169602],[-0.350432,0.0207719,0.936358]],"s":1.01358,"sphereCenter":[31.2442,270.638,-26.8317],"sphereRadius":48.5096,"stabilizedPalmPosition":[30.7634,261.455,89.1211],"t":[23.3025,-9.95992,-149.858],"timeVisible":71.7837,"type":"right","wrist":[64.3738,237.394,48.2225]}],"id":4285520,"interactionBox":{"center":[0,200,0],"size":[235.247,235.247,147.751]},"pointables":[{"bases":[[[0.471135,0.719826,0.509786],[-0.788542,0.0847294,0.609117],[0.395264,-0.688964,0.607532]],[[0.312376,0.90836,0.278036],[-0.786625,0.0832513,0.611793],[0.532581,-0.409819,0.740544]],[[0.312376,0.90836,0.278036],[-0.949081,0.311001,0.0502418],[-0.0408319,-0.279573,0.959256]],[[0.312376,0.90836,0.278036],[-0.525052,0.409006,-0.746347],[-0.79167,0.0871574,0.6047]]],"btipPosition":[28.5022,257.692,-40.3093],"carpPosition":[35.1488,229.82,43.2834],"dipPosition":[10.0256,259.726,-26.1963],"direction":[0.0408319,0.279573,-0.959256],"extended":false,"handId":699,"id":6990,"length":51.9721,"mcpPosition":[35.1488,229.82,43.2834],"pipPosition":[8.63725,250.22,6.41954],"stabilizedTipPosition":[-14.4207,256.075,74.8167],"timeVisible":71.7837,"tipPosition":[24.9443,258.753,-35.8313],"tipVelocity":[16.6465,194.561,-212.266],"tool":false,"touchDistance":-0.628775,"touchZone":"hovering","type":0,"width":20.194},{"bases":[[[0.989904,0.0440929,-0.134704],[0.0496022,0.782512,0.620657],[0.132774,-0.621072,0.772425]],[[0.971265,0.107036,-0.212571],[0.112314,0.581317,0.805888],[0.20983,-0.806606,0.552592]],[[0.971265,0.107036,-0.212571],[-0.0965712,0.993573,0.0590474],[0.217525,-0.0368224,0.97536]],[[0.971265,0.107036,-0.212571],[-0.22288,0.722326,-0.654653],[0.0834744,0.68322,0.725426]]],"btipPosition":[19.579,319.607,-66.1974],"carpPosition":[44.9753,250.237,50.0169],"dipPosition":[21.0012,331.248,-53.8373],"direction":[-0.217525,0.0368224,-0.97536],"extended":true,"handId":699,"id":6991,"length":58.6448,"mcpPosition":[35.2342,295.803,-6.65278],"pipPosition":[26.2444,330.361,-30.3277],"stabilizedTipPosition":[5.18525,309.5,-26.4108],"timeVisible":71.7837,"tipPosition":[19.9332,322.314,-62.0418],"tipVelocity":[47.5939,179.97,-179.069],"tool":false,"touchDistance":-0.598365,"touchZone":"hovering","type":1,"width":19.2893},{"bases":[[[0.975684,-0.174271,-0.132928],[0.219146,0.764876,0.605756],[-0.00389275,-0.620157,0.784468]],[[0.975681,-0.168876,-0.139738],[0.0284543,0.729697,-0.683178],[0.217339,0.662588,0.716757]],[[0.975681,-0.168876,-0.139738],[-0.196974,-0.395817,-0.896956],[0.0961638,0.902668,-0.419456]],[[0.975681,-0.168876,-0.139738],[-0.218439,-0.801999,-0.555952],[-0.018183,0.572956,-0.819384]]],"btipPosition":[44.4437,227.43,-12.8011],"carpPosition":[57.006,252.466,48.9805],"dipPosition":[44.103,238.167,-28.1563],"direction":[-0.0961638,-0.902668,0.419456],"extended":false,"handId":699,"id":6992,"length":66.821,"mcpPosition":[57.2768,295.614,-5.59875],"pipPosition":[46.83,263.765,-40.0511],"stabilizedTipPosition":[19.8115,214.407,42.8029],"timeVisible":71.7837,"tipPosition":[44.3843,229.954,-16.1335],"tipVelocity":[78.3085,192.938,-174.894],"tool":false,"touchDistance":0.333333,"touchZone":"none","type":2,"width":18.9446},{"bases":[[[0.945162,-0.320793,-0.0613215],[0.288059,0.730311,0.619409],[-0.153919,-0.603106,0.78267]],[[0.949819,-0.300252,-0.0877066],[0.150206,0.683756,-0.714084],[0.274375,0.665077,0.694544]],[[0.949819,-0.300252,-0.0877066],[-0.212018,-0.411812,-0.886262],[0.229983,0.860383,-0.454806]],[[0.949819,-0.300252,-0.0877066],[-0.298299,-0.785071,-0.542846],[0.0941347,0.541768,-0.83524]]],"btipPosition":[58.3829,225.714,-4.4481],"carpPosition":[69.1005,251.536,47.2621],"dipPosition":[60.1369,235.808,-20.0105],"direction":[-0.229983,-0.860383,0.454806],"extended":false,"handId":699,"id":6993,"length":64.2502,"mcpPosition":[78.7153,289.21,-1.62862],"pipPosition":[66.4902,259.577,-32.5747],"stabilizedTipPosition":[27.2508,213.554,66.1687],"timeVisible":71.7837,"tipPosition":[58.8716,228.139,-8.17258],"tipVelocity":[76.3605,195.128,-172.266],"tool":false,"touchDistance":0.333333,"touchZone":"none","type":3,"width":18.027},{"bases":[[[0.86032,-0.50467,-0.0718196],[0.416822,0.615354,0.669028],[-0.293444,-0.605515,0.739759]],[[0.814876,-0.579098,0.0249499],[0.442081,0.593081,-0.672919],[0.374889,0.559376,0.739295]],[[0.814876,-0.579098,0.0249499],[-0.213043,-0.339259,-0.916251],[0.539063,0.741316,-0.399827]],[[0.814876,-0.579098,0.0249499],[-0.452428,-0.662361,-0.597149],[0.362333,0.475314,-0.801743]]],"btipPosition":[67.3033,236.48,-4.07106],"carpPosition":[80.2965,243.82,43.1941],"dipPosition":[73.5315,244.65,-17.8523],"direction":[-0.539063,-0.741316,0.399827],"extended":false,"handId":699,"id":6994,"length":50.3709,"mcpPosition":[97.2648,278.833,0.417751],"pipPosition":[84.0457,259.109,-25.6508],"stabilizedTipPosition":[41.1587,224.67,55.9601],"timeVisible":71.7837,"tipPosition":[68.7356,238.511,-7.46535],"tipVelocity":[73.4916,199.225,-166.325],"tool":false,"touchDistance":0.333333,"touchZone":"none","type":4,"width":16.013}],"r":[[0.930767,-0.10357,0.350637],[0.104262,0.994405,0.0169602],[-0.350432,0.0207719,0.936358]],"s":1.01358,"t":[23.3025,-9.95992,-149.858],"timestamp":523789932424},false],[5,{"currentFrameRate":110.194,"devices":[],"gestures":[],"hands":[{"armBasis":[[0.949335,0.0785669,-0.304287],[0.0809327,0.874467,0.478287],[0.303666,-0.478681,0.823803]],"armWidth":63.5437,"confidence":0.511859,"direction":[0.0528327,0.722605,-0.68924],"elbow":[145.812,110.899,267.73],"grabStrength":0.835608,"id":699,"palmNormal":[-0.0680124,-0.685997,-0.724419],"palmPosition":[59.0277,276.39,5.78059],"palmVelocity":[42.6957,202.193,-184.183],"palmWidth":90.7382,"pinchStrength":0.586863,"r":[[0.929766,-0.102864,0.353488],[0.102135,0.994554,0.0207695],[-0.353699,0.0167927,0.935209]],"s":1.01632,"sphereCenter":[31.8057,272.559,-29.7011],"sphereRadius":48.4441,"stabilizedPalmPosition":[34.5858,263.475,77.8503],"t":[23.5596,-8.0726,-151.777],"timeVisible":71.7926,"type":"right","wrist":[64.049,239.786,45.9193]}],"id":4285521,"interactionBox":{"center":[0,200,0],"size":[235.247,235.247,147.751]},"pointables":[{"bases":[[[0.472044,0.720314,0.508254],[-0.792006,0.0933086,0.60334],[0.38717,-0.687344,0.614539]],[[0.314962,0.909034,0.272866],[-0.790474,0.0921211,0.605528],[0.525309,-0.406412,0.747583]],[[0.314962,0.909034,0.272866],[-0.947884,0.315852,0.0418777],[-0.0481172,-0.271836,0.96114]],[[0.314962,0.909034,0.272866],[-0.530033,0.406956,-0.743943],[-0.787315,0.0896858,0.609993]]],"btipPosition":[28.6742,259.733,-43.2947],"carpPosition":[34.8127,232.352,40.8361],"dipPosition":[10.2992,261.826,-29.0582],"direction":[0.0481172,0.271836,-0.96114],"extended":false,"handId":699,"id":6990,"length":51.9721,"mcpPosition":[34.8127,232.352,40.8361],"pipPosition":[8.66313,252.583,3.62179],"stabilizedTipPosition":[-12.1592,256.316,68.1351],"timeVisible":71.7926,"tipPosition":[25.1265,260.765,-38.8004],"tipVelocity":[18.086,204.407,-244.878],"tool":false,"touchDistance":-0.638585,"touchZone":"hovering","type":0,"width":20.194},{"bases":[[[0.991012,0.0373857,-0.128444],[0.0501718,0.786198,0.615935],[0.12401,-0.616843,0.777256]],[[0.97338,0.0996026,-0.206424],[0.108694,0.592313,0.798342],[0.201785,-0.799528,0.565719]],[[0.97338,0.0996026,-0.206424],[-0.0907851,0.994523,0.0517807],[0.210451,-0.0316621,0.977092]],[[0.97338,0.0996026,-0.206424],[-0.213044,0.72532,-0.654616],[0.084522,0.681168,0.727232]]],"btipPosition":[20.4598,321.422,-69.7006],"carpPosition":[44.7158,252.755,47.5031],"dipPosition":[21.8999,333.028,-57.3098],"direction":[-0.210451,0.0316621,-0.977092],"extended":true,"handId":699,"id":6991,"length":58.6448,"mcpPosition":[35.6177,298.01,-9.52105],"pipPosition":[26.9725,332.264,-33.7584],"stabilizedTipPosition":[7.60318,311.76,-32.6765],"timeVisible":71.7926,"tipPosition":[20.8199,324.167,-65.5259],"tipVelocity":[61.6887,186.203,-237.189],"tool":false,"touchDistance":-0.619304,"touchZone":"hovering","type":1,"width":19.2893},{"bases":[[[0.975484,-0.180875,-0.125361],[0.219702,0.767467,0.602267],[-0.0127248,-0.615044,0.78839]],[[0.975558,-0.175554,-0.132167],[0.0373468,0.725169,-0.687558],[0.216547,0.665816,0.714]],[[0.975558,-0.175554,-0.132167],[-0.19338,-0.400217,-0.895785],[0.104363,0.899448,-0.424383]],[[0.975558,-0.175554,-0.132167],[-0.219547,-0.804128,-0.552429],[-0.00929799,0.567943,-0.823015]]],"btipPosition":[44.4573,229.544,-15.1823],"carpPosition":[56.7661,254.906,46.5319],"dipPosition":[44.2831,240.187,-30.6056],"direction":[-0.104363,-0.899448,0.424383],"extended":false,"handId":699,"id":6992,"length":66.821,"mcpPosition":[57.6514,297.697,-8.3203],"pipPosition":[47.2426,265.694,-42.6401],"stabilizedTipPosition":[22.1466,216.076,36.9633],"timeVisible":71.7926,"tipPosition":[44.4364,232.047,-18.529],"tipVelocity":[58.5893,204.385,-200.558],"tool":false,"touchDistance":0.333333,"touchZone":"none","type":2,"width":18.9446},{"bases":[[[0.943623,-0.326749,-0.0530186],[0.288317,0.732585,0.616597],[-0.162632,-0.597121,0.785492]],[[0.948549,-0.306529,-0.0793454],[0.159291,0.67854,-0.717084],[0.273646,0.66755,0.692456]],[[0.948549,-0.306529,-0.0793454],[-0.208406,-0.415753,-0.885278],[0.238375,0.856265,-0.458244]],[[0.948549,-0.306529,-0.0793454],[-0.299353,-0.78652,-0.540161],[0.103168,0.536122,-0.837813]]],"btipPosition":[58.3249,227.806,-6.75117],"carpPosition":[68.8658,253.893,44.8994],"dipPosition":[60.2471,237.795,-22.3615],"direction":[-0.238375,-0.856265,0.458244],"extended":false,"handId":699,"id":6993,"length":64.2502,"mcpPosition":[79.0249,291.193,-4.16767],"pipPosition":[66.8323,261.45,-35.0207],"stabilizedTipPosition":[30.343,215.178,58.6617],"timeVisible":71.7926,"tipPosition":[58.8548,230.2,-10.4686],"tipVelocity":[54.9946,205.235,-196.115],"tool":false,"touchDistance":0.333333,"touchZone":"none","type":3,"width":18.027},{"bases":[[[0.857761,-0.510186,-0.0628962],[0.416067,0.617194,0.667802],[-0.301884,-0.598984,0.741677]],[[0.811288,-0.58366,0.0339647],[0.449992,0.586288,-0.673627],[0.373256,0.561789,0.738291]],[[0.811288,-0.58366,0.0339647],[-0.208956,-0.343726,-0.915527],[0.546031,0.735658,-0.40082]],[[0.811288,-0.58366,0.0339647],[-0.452362,-0.663465,-0.595972],[0.37038,0.468141,-0.802286]]],"btipPosition":[67.3205,238.516,-6.35696],"carpPosition":[80.0423,246.085,40.955],"dipPosition":[73.687,246.563,-20.1475],"direction":[-0.546031,-0.735658,0.40082],"extended":false,"handId":699,"id":6994,"length":50.3709,"mcpPosition":[97.4987,280.721,-1.93229],"pipPosition":[84.3372,260.912,-27.9654],"stabilizedTipPosition":[44.3558,226.486,48.3814],"timeVisible":71.7926,"tipPosition":[68.7854,240.515,-9.74724],"tipVelocity":[54.9955,206.379,-190.994],"tool":false,"touchDistance":0.333333,"touchZone":"none","type":4,"width":16.013}],"r":[[0.929766,-0.102864,0.353488],[0.102135,0.994554,0.0207695],[-0.353699,0.0167927,0.935209]],"s":1.01632,"t":[23.5596,-8.0726,-151.777],"timestamp":523789941327},false],[6,{"currentFrameRate":110.217,"devices":[],"gestures":[],"hands":[{"armBasis":[[0.947344,0.084131,-0.308968],[0.0759661,0.878279,0.472076],[0.311077,-0.470689,0.825641]],"armWidth":63.5437,"confidence":0.520978,"direction":[0.053001,0.723353,-0.688441],"elbow":[147.874,114.587,266.997],"grabStrength":0.821894,"id":699,"palmNormal":[-0.0624726,-0.685658,-0.725238],"palmPosition":[59.1242,277.939,4.56065],"palmVelocity":[33.8788,193.732,-170.651],"palmWidth":90.7382,"pinchStrength":0.581566,"r":[[0.928739,-0.101677,0.35652],[0.0996676,0.99473,0.0240537],[-0.357087,0.0131939,0.933978]],"s":1.01888,"sphereCenter":[32.2799,273.883,-31.1524],"sphereRadius":48.3709,"stabilizedPalmPosition":[38.3654,265.703,66.5618],"t":[23.7364,-6.35447,-153.347],"timeVisible":71.8017,"type":"right","wrist":[64.1153,241.321,44.6907]}],"id":4285522,"interactionBox":{"center":[0,200,0],"size":[235.247,235.247,147.751]},"pointables":[{"bases":[[[0.467264,0.721647,0.510774],[-0.794834,0.089885,0.600133],[0.387173,-0.686401,0.61559]],[[0.30847,0.911509,0.272025],[-0.796572,0.0912222,0.597622],[0.519923,-0.401036,0.754222]],[[0.30847,0.911509,0.272025],[-0.950183,0.308702,0.0430761],[-0.0447107,-0.271762,0.961325]],[[0.30847,0.911509,0.272025],[-0.540679,0.403295,-0.738254],[-0.782632,0.0806507,0.617238]]],"btipPosition":[28.8325,261.105,-45.1559],"carpPosition":[34.928,233.783,39.4807],"dipPosition":[10.5667,262.987,-30.7503],"direction":[0.0447107,0.271762,-0.961325],"extended":false,"handId":699,"id":6990,"length":51.9721,"mcpPosition":[34.928,233.783,39.4807],"pipPosition":[9.04653,253.747,1.93593],"stabilizedTipPosition":[-10.0309,256.618,61.773],"timeVisible":71.8017,"tipPosition":[25.2934,262.086,-40.5712],"tipVelocity":[18.6974,188.459,-232.997],"tool":false,"touchDistance":-0.630395,"touchZone":"hovering","type":0,"width":20.194},{"bases":[[[0.991389,0.0411615,-0.124314],[0.0447091,0.78588,0.616761],[0.123083,-0.617008,0.777272]],[[0.973962,0.103064,-0.201928],[0.101636,0.59767,0.795274],[0.202651,-0.79509,0.571633]],[[0.973962,0.103064,-0.201928],[-0.0941504,0.994131,0.0532887],[0.206235,-0.0328896,0.97795]],[[0.973962,0.103064,-0.201928],[-0.211737,0.731851,-0.647736],[0.0810228,0.673626,0.734618]]],"btipPosition":[20.6639,322.864,-71.4],"carpPosition":[44.7277,254.217,46.2048],"dipPosition":[22.0444,334.342,-58.8833],"direction":[-0.206235,0.0328896,-0.97795],"extended":true,"handId":699,"id":6991,"length":58.6448,"mcpPosition":[35.6976,299.484,-10.8205],"pipPosition":[27.0154,333.549,-35.3113],"stabilizedTipPosition":[9.55567,313.766,-37.9078],"timeVisible":71.8017,"tipPosition":[21.0151,325.59,-67.1852],"tipVelocity":[50.5023,177.997,-222.793],"tool":false,"touchDistance":-0.610763,"touchZone":"hovering","type":1,"width":19.2893},{"bases":[[[0.976658,-0.177157,-0.121468],[0.214363,0.767788,0.60378],[-0.0137025,-0.615725,0.787842]],[[0.97674,-0.171861,-0.128233],[0.0375717,0.725935,-0.686736],[0.211111,0.665945,0.715507]],[[0.97674,-0.171861,-0.128233],[-0.188144,-0.399996,-0.896998],[0.102866,0.90026,-0.423026]],[[0.97674,-0.171861,-0.128233],[-0.214283,-0.804349,-0.554171],[-0.00790363,0.568758,-0.822467]]],"btipPosition":[44.8108,231.055,-16.5121],"carpPosition":[56.7738,256.413,45.2852],"dipPosition":[44.6627,241.713,-31.9251],"direction":[-0.102866,-0.90026,0.423026],"extended":false,"handId":699,"id":6992,"length":66.821,"mcpPosition":[57.7272,299.253,-9.5289],"pipPosition":[47.5797,267.243,-43.9212],"stabilizedTipPosition":[24.4019,217.813,31.2808],"timeVisible":71.8017,"tipPosition":[44.7958,233.561,-19.8548],"tipVelocity":[53.4116,194.26,-185.793],"tool":false,"touchDistance":0.333333,"touchZone":"none","type":2,"width":18.9446},{"bases":[[[0.945039,-0.323207,-0.0493741],[0.283047,0.73315,0.618366],[-0.163662,-0.598355,0.784338]],[[0.949963,-0.303111,-0.0754539],[0.160424,0.680704,-0.714777],[0.268019,0.666907,0.69527]],[[0.949963,-0.303111,-0.0754539],[-0.202703,-0.414422,-0.887224],[0.237658,0.858125,-0.455127]],[[0.949963,-0.303111,-0.0754539],[-0.294102,-0.786564,-0.542974],[0.105232,0.537996,-0.836353]]],"btipPosition":[58.6394,229.379,-8.11527],"carpPosition":[68.8839,255.447,43.7019],"dipPosition":[60.6001,239.403,-23.6984],"direction":[-0.237658,-0.858125,0.455127],"extended":false,"handId":699,"id":6993,"length":64.2502,"mcpPosition":[79.1073,292.824,-5.29305],"pipPosition":[67.1655,263.109,-36.2715],"stabilizedTipPosition":[33.3107,216.882,51.3982],"timeVisible":71.8017,"tipPosition":[59.1791,231.77,-11.7819],"tipVelocity":[49.7072,196.924,-183.501],"tool":false,"touchDistance":0.333333,"touchZone":"none","type":3,"width":18.027},{"bases":[[[0.8599,-0.506953,-0.0597523],[0.411011,0.618191,0.670007],[-0.302724,-0.600698,0.739946]],[[0.813316,-0.580656,0.0368279],[0.450572,0.588533,-0.671278],[0.368107,0.562555,0.74029]],[[0.813316,-0.580656,0.0368279],[-0.203896,-0.343732,-0.916665],[0.544926,0.738029,-0.397956]],[[0.813316,-0.580656,0.0368279],[-0.447423,-0.66465,-0.598375],[0.371928,0.47019,-0.800369]]],"btipPosition":[67.6088,240.105,-7.57357],"carpPosition":[80.1055,247.684,39.7976],"dipPosition":[74.0019,248.187,-21.3312],"direction":[-0.544926,-0.738029,0.397956],"extended":false,"handId":699,"id":6994,"length":50.3709,"mcpPosition":[97.6104,282.419,-2.98958],"pipPosition":[84.6305,262.582,-29.0932],"stabilizedTipPosition":[47.3604,228.367,41.1965],"timeVisible":71.8017,"tipPosition":[69.0796,242.112,-10.9545],"tipVelocity":[48.8232,198.241,-175.254],"tool":false,"touchDistance":0.333333,"touchZone":"none","type":4,"width":16.013}],"r":[[0.928739,-0.101677,0.35652],[0.0996676,0.99473,0.0240537],[-0.357087,0.0131939,0.933978]],"s":1.01888,"t":[23.7364,-6.35447