{"sensorType":"Leap","data":[[0,{"currentFrameRate":109.943,"devices":[],"gestures":[],"hands":[{"armBasis":[[0.928558,0.0780416,-0.362891],[0.126465,0.852642,0.50696],[0.34898,-0.516635,0.781858]],"armWidth":63.5437,"confidence":0.57124,"direction":[-0.0359709,0.721438,-0.691544],"elbow":[149.024,104.653,261.009],"grabStrength":0.54295,"id":699,"palmNormal":[-0.140654,-0.688759,-0.711216],"palmPosition":[44.9966,280.186,11.1477],"palmVelocity":[130.009,304.249,-229.126],"palmWidth":90.7382,"pinchStrength":0.720879,"r":[[0.978345,-0.113257,0.173244],[0.110154,0.993535,0.0274516],[-0.175233,-0.00777352,0.984496]],"s":1.03511,"sphereCenter":[23.1033,274.122,-23.8802],"sphereRadius":46.6362,"stabilizedPalmPosition":[35.1859,256.861,44.5922],"t":[8.68485,-5.18485,-146.234],"timeVisible":100.363,"type":"right","wrist":[55.0607,243.758,50.492]}],"id":4288593,"interactionBox":{"center":[0,200,0],"size":[235.247,235.247,147.751]},"pointables":[{"bases":[[[0.516919,0.727974,0.450386],[-0.719327,0.0841628,0.689555],[0.464072,-0.680419,0.567157]],[[0.360516,0.893722,0.266999],[-0.725536,0.0887956,0.682431],[0.586196,-0.439745,0.68044]],[[0.360516,0.893722,0.266999],[-0.932643,0.34979,0.0884548],[-0.0143398,-0.280904,0.959629]],[[0.360516,0.893722,0.266999],[-0.391548,0.404811,-0.826328],[-0.846592,0.193361,0.495876]]],"btipPosition":[16.6062,262.845,-29.2925],"carpPosition":[25.5406,235.916,48.7812],"dipPosition":[-3.1523,267.358,-17.7193],"direction":[0.0143398,0.280904,-0.959629],"extended":false,"handId":699,"id":6990,"length":51.9721,"mcpPosition":[25.5406,235.916,48.7812],"pipPosition":[-3.63987,257.807,14.9092],"stabilizedTipPosition":[-5.27613,236.489,26.4508],"timeVisible":100.363,"tipPosition":[12.4927,264.142,-26.2339],"tipVelocity":[154.049,306.916,-269.362],"tool":false,"touchDistance":-0.668643,"touchZone":"hovering","type":0,"width":20.194},{"bases":[[[0.96932,0.0504632,-0.240568],[0.109195,0.788423,0.605364],[0.220218,-0.61306,0.758724]],[[0.979887,0.016953,-0.19883],[0.154742,0.564574,0.810748],[0.125999,-0.825209,0.550595]],[[0.979887,0.016953,-0.19883],[0.0321184,0.969995,0.240993],[0.19695,-0.242533,0.949941]],[[0.979887,0.016953,-0.19883],[-0.0917665,0.923062,-0.373545],[0.1772,0.384278,0.906052]]],"btipPosition":[6.53615,336.099,-63.3339],"carpPosition":[35.8573,256.469,54.2545],"dipPosition":[9.55534,342.647,-47.8963],"direction":[-0.19695,0.242533,-0.949941],"extended":true,"handId":699,"id":6991,"length":58.6448,"mcpPosition":[19.7008,301.446,-1.41],"pipPosition":[14.3025,336.801,-24.9994],"stabilizedTipPosition":[-1.15097,317.308,-34.6531],"timeVisible":100.363,"tipPosition":[7.23203,336.963,-58.7941],"tipVelocity":[153.221,313.554,-267.202],"tool":false,"touchDistance":-0.674802,"touchZone":"touching","type":1,"width":19.2893},{"bases":[[[0.957247,-0.167979,-0.235501],[0.276306,0.771953,0.572489],[0.0856298,-0.613084,0.785364]],[[0.957618,-0.170696,-0.232015],[-0.0343333,0.732106,-0.680325],[0.285989,0.659457,0.695217]],[[0.957618,-0.170696,-0.232015],[-0.282248,-0.395331,-0.874099],[0.0574824,0.902539,-0.426755]],[[0.957618,-0.170696,-0.232015],[-0.271262,-0.805343,-0.527105],[-0.0968773,0.567702,-0.817514]]],"btipPosition":[28.1688,233.505,-8.72235],"carpPosition":[47.6877,258.78,51.9143],"dipPosition":[26.3533,244.143,-24.0426],"direction":[-0.0574824,-0.902539,0.426755],"extended":false,"handId":699,"id":6992,"length":66.821,"mcpPosition":[41.73,301.435,-2.72735],"pipPosition":[27.9834,269.737,-36.1444],"stabilizedTipPosition":[13.1851,211.865,28.5234],"timeVisible":100.363,"tipPosition":[27.7892,236.001,-12.1427],"tipVelocity":[173.155,298.092,-258.636],"tool":false,"touchDistance":0.333333,"touchZone":"none","type":2,"width":18.9446},{"bases":[[[0.935844,-0.31408,-0.159843],[0.34658,0.738042,0.578944],[-0.0638637,-0.5972,0.799546]],[[0.937132,-0.299292,-0.179466],[0.075666,0.676296,-0.732734],[0.340674,0.673089,0.656424]],[[0.937132,-0.299292,-0.179466],[-0.298222,-0.419743,-0.857251],[0.181239,0.856878,-0.48261]],[[0.937132,-0.299292,-0.179466],[-0.348853,-0.789812,-0.504478],[0.00924166,0.53537,-0.844567]]],"btipPosition":[43.1668,231.595,-1.20929],"carpPosition":[59.5355,257.927,48.9148],"dipPosition":[43.339,241.57,-16.9455],"direction":[-0.181239,-0.856878,0.48261],"extended":false,"handId":699,"id":6993,"length":64.2502,"mcpPosition":[63.5248,295.232,-1.03018],"pipPosition":[48.3458,265.242,-30.2778],"stabilizedTipPosition":[30.7761,211.458,28.1212],"timeVisible":100.363,"tipPosition":[43.286,234.028,-5.03836],"tipVelocity":[168.744,305.415,-242.459],"tool":false,"touchDistance":0.333333,"touchZone":"none","type":3,"width":18.027},{"bases":[[[0.851947,-0.498688,-0.159677],[0.480906,0.624526,0.615383],[-0.207162,-0.601063,0.771885]],[[0.818252,-0.57181,-0.0591368],[0.369158,0.601528,-0.708439],[0.440665,0.557851,0.70329]],[[0.818252,-0.57181,-0.0591368],[-0.298617,-0.334891,-0.893687],[0.491215,0.74892,-0.444777]],[[0.818252,-0.57181,-0.0591368],[-0.504583,-0.665122,-0.550462],[0.275426,0.480256,-0.832763]]],"btipPosition":[52.4215,242.484,-2.71238],"carpPosition":[70.2962,250.261,43.7309],"dipPosition":[57.1559,250.739,-17.0268],"direction":[-0.491215,-0.74892,0.444777],"extended":false,"handId":699,"id":6994,"length":50.3709,"mcpPosition":[82.2753,285.017,-0.903114],"pipPosition":[66.7369,265.346,-25.7021],"stabilizedTipPosition":[41.2968,223.229,24.2318],"timeVisible":100.363,"tipPosition":[53.4758,244.486,-6.01487],"tipVelocity":[165.064,312.164,-236.169],"tool":false,"touchDistance":0.333333,"touchZone":"none","type":4,"width":16.013}],"r":[[0.978345,-0.113257,0.173244],[0.110154,0.993535,0.0274516],[-0.175233,-0.00777352,0.984496]],"s":1.03511,"t":[8.68485,-5.18485,-146.234],"timestamp":523818512092},false],[1,{"currentFrameRate":109.976,"devices":[],"gestures":[],"hands":[{"armBasis":[[0.930823,0.0819363,-0.356167],[0.122104,0.848823,0.514384],[0.34447,-0.522289,0.780099]],"armWidth":63.5437,"confidence":0.524648,"direction":[-0.030008,0.726343,-0.686677],"elbow":[148.225,105.565,257.923],"grabStrength":0.523178,"id":699,"palmNormal":[-0.134509,-0.683672,-0.717286],"palmPosition":[45.7509,282.901,8.71024],"palmVelocity":[117.198,303.222,-240.34],"palmWidth":90.7382,"pinchStrength":0.716546,"r":[[0.97751,-0.109473,0.18025],[0.105422,0.993915,0.0319327],[-0.182649,-0.0122123,0.983102]],"s":1.03739,"sphereCenter":[24.2527,276.971,-26.6617],"sphereRadius":46.661,"stabilizedPalmPosition":[37.1759,261.766,37.8334],"t":[9.61236,-2.42995,-148.5],"timeVisible":100.372,"type":"right","wrist":[55.4754,246.193,47.8797]}],"id":4288594,"interactionBox":{"center":[0,200,0],"size":[235.247,235.247,147.751]},"pointables":[{"bases":[[[0.513011,0.724722,0.459998],[-0.725249,0.0792936,0.683905],[0.459166,-0.684464,0.566282]],[[0.358237,0.891747,0.276502],[-0.731868,0.0843394,0.676207],[0.579686,-0.444606,0.682854]],[[0.358237,0.891747,0.276502],[-0.933413,0.34848,0.0854512],[-0.0201546,-0.288703,0.957207]],[[0.358237,0.891747,0.276502],[-0.387521,0.411464,-0.824939],[-0.849408,0.188373,0.492973]]],"btipPosition":[17.6242,265.917,-32.1853],"carpPosition":[25.9712,238.365,45.8585],"dipPosition":[-2.19996,270.314,-20.6799],"direction":[0.0201546,0.288703,-0.957207],"extended":false,"handId":699,"id":6990,"length":51.9721,"mcpPosition":[25.9712,238.365,45.8585],"pipPosition":[-2.88524,260.498,11.8663],"stabilizedTipPosition":[-2.77179,240.645,18.8057],"timeVisible":100.372,"tipPosition":[13.4989,267.149,-29.1288],"tipVelocity":[142.2,315.251,-283.852],"tool":false,"touchDistance":-0.673737,"touchZone":"hovering","type":0,"width":20.194},{"bases":[[[0.971359,0.0521198,-0.231832],[0.103964,0.784089,0.611879],[0.213668,-0.618456,0.756213]],[[0.981557,0.0183481,-0.190288],[0.147148,0.562917,0.813309],[0.122039,-0.82631,0.549835]],[[0.981557,0.0183481,-0.190288],[0.031306,0.966519,0.254679],[0.18859,-0.25594,0.948119]],[[0.981557,0.0183481,-0.190288],[-0.0854999,0.932417,-0.351125],[0.170985,0.360919,0.916789]]],"btipPosition":[7.8766,339.673,-65.944],"carpPosition":[36.2401,258.877,51.5667],"dipPosition":[10.7899,345.822,-50.3234],"direction":[-0.18859,0.25594,-0.948119],"extended":true,"handId":699,"id":6991,"length":58.6448,"mcpPosition":[20.5642,304.251,-3.91358],"pipPosition":[15.3356,339.653,-27.4704],"stabilizedTipPosition":[0.730256,321.921,-40.0262],"timeVisible":100.372,"tipPosition":[8.56108,340.397,-61.3571],"tipVelocity":[151.149,333.353,-271.907],"tool":false,"touchDistance":-0.674175,"touchZone":"touching","type":1,"width":19.2893},{"bases":[[[0.959244,-0.166352,-0.228424],[0.271353,0.767844,0.58033],[0.0788551,-0.618662,0.78169]],[[0.959582,-0.169071,-0.224984],[-0.0289032,0.735998,-0.676366],[0.279942,0.655531,0.701364]],[[0.959582,-0.169071,-0.224984],[-0.27475,-0.389648,-0.879026],[0.060954,0.905312,-0.420351]],[[0.959582,-0.169071,-0.224984],[-0.266715,-0.801449,-0.535297],[-0.0898093,0.573668,-0.81415]]],"btipPosition":[29.1025,236.316,-11.576],"carpPosition":[48.0903,261.205,49.3451],"dipPosition":[27.4195,247.066,-26.8332],"direction":[-0.060954,-0.905312,0.420351],"extended":false,"handId":699,"id":6992,"length":66.821,"mcpPosition":[42.604,304.248,-5.04089],"pipPosition":[29.148,272.739,-38.7533],"stabilizedTipPosition":[15.5833,216.023,21.7895],"timeVisible":100.372,"tipPosition":[28.7484,238.853,-15.008],"tipVelocity":[154.861,302.492,-273.97],"tool":false,"touchDistance":0.333333,"touchZone":"none","type":2,"width":18.9446},{"bases":[[[0.93719,-0.312987,-0.153996],[0.341569,0.733884,0.58715],[-0.0707553,-0.602871,0.794695]],[[0.938628,-0.298298,-0.173192],[0.0828005,0.682281,-0.726386],[0.334845,0.667466,0.665107]],[[0.938628,-0.298298,-0.173192],[-0.290342,-0.412189,-0.863598],[0.186222,0.860882,-0.473501]],[[0.938628,-0.298298,-0.173192],[-0.344493,-0.785402,-0.514266],[0.0173792,0.542368,-0.839962]]],"btipPosition":[43.9958,234.405,-4.10342],"carpPosition":[59.9635,260.372,46.442],"dipPosition":[44.3196,244.51,-19.7538],"direction":[-0.186222,-0.860882,0.473501],"extended":false,"handId":699,"id":6993,"length":64.2502,"mcpPosition":[64.3834,298.032,-3.19997],"pipPosition":[49.464,268.292,-32.8345],"stabilizedTipPosition":[33.0698,215.818,21.9402],"timeVisible":100.372,"tipPosition":[44.1594,236.859,-7.86659],"tipVelocity":[148.605,307.872,-263.323],"tool":false,"touchDistance":0.333333,"touchZone":"none","type":3,"width":18.027},{"bases":[[[0.853295,-0.497587,-0.155866],[0.475576,0.620104,0.623938],[-0.21381,-0.60653,0.765772]],[[0.818782,-0.571341,-0.056258],[0.375213,0.606718,-0.700791],[0.434524,0.552687,0.711145]],[[0.818782,-0.571341,-0.056258],[-0.290769,-0.328201,-0.898742],[0.495025,0.752232,-0.434853]],[[0.818782,-0.571341,-0.056258],[-0.499698,-0.660986,-0.559821],[0.282663,0.486483,-0.826702]]],"btipPosition":[53.2962,245.292,-5.36784],"carpPosition":[70.7686,252.743,41.2967],"dipPosition":[58.1549,253.655,-19.5781],"direction":[-0.495025,-0.752232,0.434853],"extended":false,"handId":699,"id":6994,"length":50.3709,"mcpPosition":[83.1321,287.815,-2.98386],"pipPosition":[67.8102,268.327,-28.0598],"stabilizedTipPosition":[43.9073,228.003,17.6905],"timeVisible":100.372,"tipPosition":[54.3793,247.319,-8.64038],"tipVelocity":[147.141,312.576,-251.359],"tool":false,"touchDistance":0.333333,"touchZone":"none","type":4,"width":16.013}],"r":[[0.97751,-0.109473,0.18025],[0.105422,0.993915,0.0319327],[-0.182649,-0.0122123,0.983102]],"s":1.03739,"t":[9.61236,-2.42995,-148.5],"timestamp":523818521125},false],[2,{"currentFrameRate":110.006,"devices":[],"gestures":[],"hands":[{"armBasis":[[0.930711,0.0842509,-0.355921],[0.116546,0.854071,0.506931],[0.346691,-0.513287,0.785074]],"armWidth":63.5437,"confidence":0.528258,"direction":[-0.0309881,0.719178,-0.694134],"elbow":[149.671,110.366,257.212],"grabStrength":0.499825,"id":699,"palmNormal":[-0.128956,-0.69154,-0.710734],"palmPosition":[46.5643,284.832,6.25483],"palmVelocity":[109.704,278.557,-248.975],"palmWidth":90.7382,"pinchStrength":0.714166,"r":[[0.97676,-0.105205,0.186739],[0.100689,0.994353,0.0335367],[-0.189212,-0.0139549,0.981837]],"s":1.03978,"sphereCenter":[25.2694,278.346,-29.2292],"sphereRadius":46.703,"stabilizedPalmPosition":[38.9776,266.193,31.7734],"t":[10.4828,-0.0867195,-150.862],"timeVisible":100.381,"type":"right","wrist":[56.3231,248.57,45.8283]}],"id":4288595,"interactionBox":{"center":[0,200,0],"size":[235.247,235.247,147.751]},"pointables":[{"bases":[[[0.508137,0.73171,0.454309],[-0.72792,0.0829105,0.680631],[0.460357,-0.676555,0.574756]],[[0.353417,0.896007,0.268826],[-0.734885,0.0881139,0.672444],[0.578827,-0.435209,0.689603]],[[0.353417,0.896007,0.268826],[-0.935213,0.345099,0.0792689],[-0.0217458,-0.279424,0.959921]],[[0.353417,0.896007,0.268826],[-0.387618,0.401805,-0.829642],[-0.85138,0.189008,0.489313]]],"btipPosition":[18.6578,267.341,-34.5984],"carpPosition":[26.8619,240.587,43.7882],"dipPosition":[-1.21238,271.752,-23.1784],"direction":[0.0217458,0.279424,-0.959921],"extended":false,"handId":699,"id":6990,"length":51.9721,"mcpPosition":[26.8619,240.587,43.7882],"pipPosition":[-1.95176,262.251,9.4601],"stabilizedTipPosition":[-0.412208,244.523,11.6991],"timeVisible":100.381,"tipPosition":[14.5032,268.561,-31.5626],"tipVelocity":[134.206,271.873,-279.807],"tool":false,"touchDistance":-0.671188,"touchZone":"hovering","type":0,"width":20.194},{"bases":[[[0.971892,0.0542214,-0.229097],[0.0983107,0.790739,0.604208],[0.213917,-0.609748,0.763182]],[[0.982074,0.0210334,-0.18732],[0.141313,0.575512,0.805492],[0.124747,-0.817523,0.562223]],[[0.982074,0.0210334,-0.18732],[0.0277374,0.966812,0.25398],[0.186445,-0.254623,0.948897]],[[0.982074,0.0210334,-0.18732],[-0.0849265,0.936551,-0.340087],[0.168282,0.349899,0.921549]]],"btipPosition":[8.6177,341.138,-69.331],"carpPosition":[37.0178,261.203,49.3216],"dipPosition":[11.4849,347.1,-53.6293],"direction":[-0.186445,0.254623,-0.948897],"extended":true,"handId":699,"id":6991,"length":58.6448,"mcpPosition":[21.3235,305.937,-6.66999],"pipPosition":[15.9789,340.963,-30.7576],"stabilizedTipPosition":[2.34985,325.822,-44.895],"timeVisible":100.381,"tipPosition":[9.31416,341.757,-64.7267],"tipVelocity":[131.77,284.866,-299.678],"tool":false,"touchDistance":-0.685615,"touchZone":"touching","type":1,"width":19.2893},{"bases":[[[0.960763,-0.164258,-0.223506],[0.265878,0.774943,0.573387],[0.079021,-0.610314,0.788209]],[[0.961107,-0.16699,-0.219973],[-0.0302628,0.728018,-0.68489],[0.274514,0.664909,0.694649]],[[0.961107,-0.16699,-0.219973],[-0.269982,-0.400335,-0.875695],[0.0581691,0.901025,-0.429849]],[[0.961107,-0.16699,-0.219973],[-0.261265,-0.807934,-0.528188],[-0.0895218,0.565117,-0.82014]]],"btipPosition":[30.1998,237.923,-13.5542],"carpPosition":[48.8647,263.562,47.1161],"dipPosition":[28.5222,248.513,-28.9236],"direction":[-0.0581691,-0.901025,0.429849],"extended":false,"handId":699,"id":6992,"length":66.821,"mcpPosition":[43.3668,306.024,-7.72342],"pipPosition":[30.1718,274.064,-41.1131],"stabilizedTipPosition":[17.8574,219.912,15.5766],"timeVisible":100.381,"tipPosition":[29.8441,240.439,-17.0375],"tipVelocity":[145.682,267.009,-259.575],"tool":false,"touchDistance":0.333333,"touchZone":"none","type":2,"width":18.9446},{"bases":[[[0.939124,-0.310228,-0.147662],[0.336224,0.741377,0.580787],[-0.0707031,-0.595079,0.800551]],[[0.940545,-0.295924,-0.166745],[0.0828387,0.675921,-0.732303],[0.329412,0.674952,0.660248]],[[0.940545,-0.295924,-0.166745],[-0.285121,-0.421021,-0.861074],[0.184609,0.857421,-0.480363]],[[0.940545,-0.295924,-0.166745],[-0.339164,-0.791467,-0.508476],[0.0184973,0.534798,-0.844777]]],"btipPosition":[45.0462,236.203,-6.15406],"carpPosition":[60.7514,262.754,44.2614],"dipPosition":[45.3908,246.167,-21.8942],"direction":[-0.184609,-0.857421,0.480363],"extended":false,"handId":699,"id":6993,"length":64.2502,"mcpPosition":[65.168,299.927,-5.74639],"pipPosition":[50.4907,269.854,-35.1644],"stabilizedTipPosition":[35.2201,219.862,16.2836],"timeVisible":100.381,"tipPosition":[45.2204,238.617,-9.9009],"tipVelocity":[139.827,276.871,-253.913],"tool":false,"touchDistance":0.333333,"touchZone":"none","type":3,"width":18.027},{"bases":[[[0.856079,-0.495221,-0.147934],[0.470623,0.628594,0.61918],[-0.21364,-0.599688,0.771188]],[[0.82164,-0.567993,-0.0478795],[0.375393,0.60241,-0.704402],[0.428938,0.560791,0.708185]],[[0.82164,-0.567993,-0.0478795],[-0.285229,-0.336967,-0.897272],[0.49351,0.750891,-0.438874]],[[0.82164,-0.567993,-0.0478795],[-0.494261,-0.668098,-0.556194],[0.283926,0.480656,-0.829672]]],"btipPosition":[54.3311,247.117,-7.51362],"carpPosition":[71.6085,255.122,39.2303],"dipPosition":[59.2115,255.379,-21.7749],"direction":[-0.49351,-0.750891,0.438874],"extended":false,"handId":699,"id":6994,"length":50.3709,"mcpPosition":[83.9622,289.799,-5.3635],"pipPosition":[68.8373,270.025,-30.335],"stabilizedTipPosition":[46.2657,232.295,11.8724],"timeVisible":100.381,"tipPosition":[55.4188,249.115,-10.7624],"tipVelocity":[138.301,281.37,-247.876],"tool":false,"touchDistance":0.333333,"touchZone":"none","type":4,"width":16.013}],"r":[[0.97676,-0.105205,0.186739],[0.100689,0.994353,0.0335367],[-0.189212,-0.0139549,0.981837]],"s":1.03978,"t":[10.4828,-0.0867195,-150.862],"timestamp":523818530163},false],[3,{"currentFrameRate":110.094,"devices":[],"gestures":[],"hands":[{"armBasis":[[0.932563,0.0869541,-0.350379],[0.108912,0.857571,0.502703],[0.344187,-0.506963,0.790269]],"armWidth":63.5437,"confidence":0.535117,"direction":[-0.0322091,0.724249,-0.688786],"elbow":[149.671,114.342,257.088],"grabStrength":0.481168,"id":699,"palmNormal":[-0.122237,-0.686824,-0.716471],"palmPosition":[47.1957,287.35,4.96922],"palmVelocity":[99.0758,279.505,-220.353],"palmWidth":90.7382,"pinchStrength":0.706,"r":[[0.976073,-0.100998,0.192562],[0.095752,0.99474,0.0363829],[-0.195224,-0.0170742,0.98061]],"s":1.04224,"sphereCenter":[26.1769,280.892,-30.7733],"sphereRadius":46.7165,"stabilizedPalmPosition":[40.61,270.395,26.4491],"t":[11.2338,2.34375,-152.685],"timeVisible":100.39,"type":"right","wrist":[56.9974,250.843,44.3062]}],"id":4288596,"interactionBox":{"center":[0,200,0],"size":[235.247,235.247,147.751]},"pointables":[{"bases":[[[0.502216,0.731045,0.4619],[-0.731102,0.0736962,0.678276],[0.46181,-0.678338,0.57148]],[[0.348195,0.895238,0.278044],[-0.738283,0.0791107,0.669836],[0.577666,-0.438509,0.688485]],[[0.348195,0.895238,0.278044],[-0.937179,0.339197,0.0814944],[-0.0213548,-0.288953,0.957105]],[[0.348195,0.895238,0.278044],[-0.397399,0.409601,-0.821159],[-0.84902,0.175429,0.498388]]],"btipPosition":[19.375,270.271,-36.361],"carpPosition":[27.5897,242.712,42.0859],"dipPosition":[-0.440087,274.365,-24.7293],"direction":[0.0213548,0.288953,-0.957105],"extended":false,"handId":699,"id":6990,"length":51.9721,"mcpPosition":[27.5897,242.712,42.0859],"pipPosition":[-1.16618,264.54,7.81351],"stabilizedTipPosition":[1.81285,248.423,5.06839],"timeVisible":100.39,"tipPosition":[15.2465,271.32,-33.2375],"tipVelocity":[119.905,285.02,-255.86],"tool":false,"touchDistance":-0.658111,"touchZone":"hovering","type":0,"width":20.194},{"bases":[[[0.972488,0.0613524,-0.22473],[0.0914675,0.786658,0.610576],[0.214246,-0.614333,0.759404]],[[0.982663,0.0279936,-0.183275],[0.134279,0.574154,0.807661],[0.127837,-0.818269,0.560441]],[[0.982663,0.0279936,-0.183275],[0.0224282,0.963327,0.267393],[0.184039,-0.266867,0.945998]],[[0.982663,0.0279936,-0.183275],[-0.0861287,0.944319,-0.317559],[0.16418,0.327839,0.930358]]],"btipPosition":[9.1794,344.316,-70.5626],"carpPosition":[37.6081,263.341,47.8166],"dipPosition":[11.9768,349.902,-54.7109],"direction":[-0.184039,0.266867,-0.945998],"extended":true,"handId":699,"id":6991,"length":58.6448,"mcpPosition":[21.8897,308.412,-7.89777],"pipPosition":[16.4127,343.47,-31.909],"stabilizedTipPosition":[3.79426,329.645,-49.1515],"timeVisible":100.39,"tipPosition":[9.87849,344.818,-65.928],"tipVelocity":[112.505,301.619,-254.528],"tool":false,"touchDistance":-0.663344,"touchZone":"touching","type":1,"width":19.2893},{"bases":[[[0.962555,-0.157221,-0.220839],[0.259243,0.772027,0.580317],[0.0792552,-0.615837,0.783877]],[[0.962906,-0.160022,-0.217269],[-0.0315966,0.732777,-0.679735],[0.267982,0.661386,0.700539]],[[0.962906,-0.160022,-0.217269],[-0.26419,-0.395186,-0.879791],[0.0549245,0.904556,-0.422803]],[[0.962906,-0.160022,-0.217269],[-0.254653,-0.805199,-0.535543],[-0.0892457,0.571006,-0.816081]]],"btipPosition":[31.1701,240.487,-15.2507],"carpPosition":[49.4504,265.783,45.6772],"dipPosition":[29.4976,251.188,-30.544],"direction":[-0.0549245,-0.904555,0.422803],"extended":false,"handId":699,"id":6992,"length":66.821,"mcpPosition":[43.9362,308.629,-8.86095],"pipPosition":[31.0551,276.839,-42.5337],"stabilizedTipPosition":[20.0103,223.748,9.85699],"timeVisible":100.39,"tipPosition":[30.8152,243.032,-18.721],"tipVelocity":[135.629,273.299,-240.079],"tool":false,"touchDistance":0.333333,"touchZone":"none","type":2,"width":18.9446},{"bases":[[[0.941427,-0.303882,-0.146192],[0.329745,0.738796,0.587748],[-0.0705999,-0.601528,0.795726]],[[0.942821,-0.289719,-0.164776],[0.0833416,0.683602,-0.725081],[0.322711,0.669889,0.66866]],[[0.942821,-0.289719,-0.164776],[-0.278525,-0.413324,-0.866941],[0.183063,0.863265,-0.470385]],[[0.942821,-0.289719,-0.164776],[-0.332686,-0.788056,-0.517965],[0.0202111,0.543167,-0.839382]]],"btipPosition":[45.9505,238.822,-8.00025],"carpPosition":[61.3528,265.063,42.8647],"dipPosition":[46.3271,248.943,-23.6399],"direction":[-0.183063,-0.863265,0.470385],"extended":false,"handId":699,"id":6993,"length":64.2502,"mcpPosition":[65.7629,302.638,-6.84161],"pipPosition":[51.3842,272.791,-36.6344],"stabilizedTipPosition":[37.2136,223.786,11.1452],"timeVisible":100.39,"tipPosition":[46.1429,241.259,-11.6472],"tipVelocity":[129.546,282.488,-240.362],"tool":false,"touchDistance":0.333333,"touchZone":"none","type":3,"width":18.027},{"bases":[[[0.859417,-0.489325,-0.148203],[0.464615,0.626472,0.625831],[-0.21339,-0.606707,0.765749]],[[0.825,-0.563015,-0.0488857],[0.375645,0.61095,-0.696872],[0.422216,0.556555,0.715528]],[[0.825,-0.563015,-0.0488857],[-0.278621,-0.329956,-0.901942],[0.491677,0.757723,-0.429081]],[[0.825,-0.563015,-0.0488857],[-0.487766,-0.665701,-0.564736],[0.285411,0.489752,-0.823823]]],"btipPosition":[55.2279,249.79,-9.15973],"carpPosition":[72.2725,257.53,37.8201],"dipPosition":[60.1338,258.208,-23.3205],"direction":[-0.491677,-0.757722,0.429081],"extended":false,"handId":699,"id":6994,"length":50.3709,"mcpPosition":[84.6117,292.612,-6.45911],"pipPosition":[69.7238,272.987,-31.6896],"stabilizedTipPosition":[48.3924,236.391,6.75321],"timeVisible":100.39,"tipPosition":[56.3218,251.816,-12.3471],"tipVelocity":[128.16,287.394,-229.859],"tool":false,"touchDistance":0.333333,"touchZone":"none","type":4,"width":16.013}],"r":[[0.976073,-0.100998,0.192562],[0.095752,0.99474,0.0363829],[-0.195224,-0.0170742,0.98061]],"s":1.04224,"t":[11.2338,2.34375,-152.685],"timestamp":523818539090},false],[4,{"currentFrameRate":110.116,"devices":[],"gestures":[],"hands":[{"armBasis":[[0.931115,0.0921933,-0.35288],[0.103463,0.861013,0.497948],[0.349742,-0.500157,0.792164]],"armWidth":63.5437,"confidence":0.542783,"direction":[-0.0315551,0.72623,-0.686727],"elbow":[151.849,117.699,256.545],"grabStrength":0.463676,"id":699,"palmNormal":[-0.116983,-0.685031,-0.719061],"palmPosition":[47.9311,288.962,3.98414],"palmVelocity":[94.184,251.615,-189.641],"palmWidth":90.7382,"pinchStrength":0.700257,"r":[[0.975376,-0.0971451,0.198002],[0.0911241,0.995063,0.0393192],[-0.200845,-0.0203082,0.979413]],"s":1.04467,"sphereCenter":[27.1751,282.431,-31.9807],"sphereRadius":46.7328,"stabilizedPalmPosition":[42.1616,274.33,21.6881],"t":[11.9769,4.36523,-154.089],"timeVisible":100.399,"type":"right","wrist":[57.68,252.367,43.2524]}],"id":4288597,"interactionBox":{"center":[0,200,0],"size":[235.247,235.247,147.751]},"pointables":[{"bases":[[[0.497908,0.731225,0.46626],[-0.734233,0.069326,0.675348],[0.461507,-0.678605,0.571407]],[[0.344576,0.895172,0.282729],[-0.741764,0.0750355,0.66645],[0.575372,-0.43936,0.689862]],[[0.344576,0.895172,0.282729],[-0.938508,0.335454,0.081698],[-0.0217086,-0.293494,0.955714]],[[0.344576,0.895172,0.282729],[-0.402489,0.412963,-0.816985],[-0.848098,0.167718,0.502594]]],"btipPosition":[20.198,272.086,-37.6851],"carpPosition":[28.308,244.15,40.8813],"dipPosition":[0.404405,276,-25.9552],"direction":[0.0217086,0.293494,-0.955714],"extended":false,"handId":699,"id":6990,"length":51.9721,"mcpPosition":[28.308,244.15,40.8813],"pipPosition":[-0.333713,266.021,6.54031],"stabilizedTipPosition":[3.98561,252.281,-1.22335],"timeVisible":100.399,"tipPosition":[16.0847,273.033,-34.519],"tipVelocity":[112.092,260.525,-225.007],"tool":false,"touchDistance":-0.640156,"touchZone":"hovering","type":0,"width":20.194},{"bases":[[[0.973243,0.0651083,-0.220363],[0.0863512,0.785087,0.613336],[0.212937,-0.615954,0.758458]],[[0.983305,0.0318145,-0.179162],[0.128413,0.576274,0.807105],[0.128924,-0.816637,0.562568]],[[0.983305,0.0318145,-0.179162],[0.0191085,0.9611,0.27554],[0.180959,-0.274363,0.944446]],[[0.983305,0.0318145,-0.179162],[-0.0854989,0.949921,-0.300567],[0.160628,0.310867,0.936782]]],"btipPosition":[9.99164,346.288,-71.7558],"carpPosition":[38.2361,264.793,46.7173],"dipPosition":[12.7285,351.584,-55.7946],"direction":[-0.180959,0.274363,-0.944446],"extended":true,"handId":699,"id":6991,"length":58.6448,"mcpPosition":[22.6138,309.984,-8.92778],"pipPosition":[17.0902,344.971,-33.0301],"stabilizedTipPosition":[5.18891,333.294,-53.0193],"timeVisible":100.399,"tipPosition":[10.6947,346.71,-67.092],"tipVelocity":[105.83,276.544,-219.972],"tool":false,"touchDistance":-0.642863,"touchZone":"touching","type":1,"width":19.2893},{"bases":[[[0.963987,-0.153506,-0.217175],[0.2543,0.771079,0.583754],[0.0778487,-0.617959,0.782346]],[[0.964336,-0.156355,-0.213564],[-0.0310118,0.734569,-0.677825],[0.262859,0.660274,0.703522]],[[0.964336,-0.156355,-0.213564],[-0.259133,-0.393366,-0.882107],[0.0539127,0.905989,-0.419854]],[[0.964336,-0.156355,-0.213564],[-0.249814,-0.804282,-0.539188],[-0.0874614,0.573309,-0.814658]]],"btipPosition":[32.1388,242.1,-16.439],"carpPosition":[50.0797,267.279,44.6361],"dipPosition":[30.4997,252.844,-31.7057],"direction":[-0.0539127,-0.905989,0.419854],"extended":false,"handId":699,"id":6992,"length":66.821,"mcpPosition":[44.6634,310.273,-9.79557],"pipPosition":[32.0286,278.536,-43.6118],"stabilizedTipPosition":[22.1097,227.468,4.53189],"timeVisible":100.399,"tipPosition":[31.7914,244.658,-19.9064],"tipVelocity":[128.008,247.456,-209.939],"tool":false,"touchDistance":0.333333,"touchZone":"none","type":2,"width":18.9446},{"bases":[[[0.943005,-0.300459,-0.143063],[0.324875,0.738049,0.591389],[-0.0721005,-0.60416,0.793595]],[[0.944418,-0.286423,-0.161355],[0.0849055,0.686682,-0.721982],[0.317592,0.668153,0.672834]],[[0.944418,-0.286423,-0.161355],[-0.273121,-0.410428,-0.870031],[0.182972,0.865743,-0.465844]],[[0.944418,-0.286423,-0.161355],[-0.327958,-0.786896,-0.522721],[0.0227498,0.546585,-0.837094]]],"btipPosition":[46.871,240.475,-9.21327],"carpPosition":[61.9963,266.605,41.8726],"dipPosition":[47.2949,250.659,-24.8103],"direction":[-0.182972,-0.865743,0.465844],"extended":false,"handId":699,"id":6993,"length":64.2502,"mcpPosition":[66.5002,304.345,-7.70058],"pipPosition":[52.3495,274.575,-37.6794],"stabilizedTipPosition":[39.124,227.513,6.45564],"timeVisible":100.399,"tipPosition":[47.0783,242.919,-12.8194],"tipVelocity":[122.23,255.43,-210.785],"tool":false,"touchDistance":0.333333,"touchZone":"none","type":3,"width":18.027},{"bases":[[[0.861593,-0.486153,-0.145986],[0.459937,0.626037,0.629711],[-0.214744,-0.609699,0.762989]],[[0.827011,-0.560209,-0.0471032],[0.377213,0.615078,-0.69238],[0.41685,0.554837,0.719994]],[[0.827011,-0.560209,-0.0471032],[-0.272888,-0.326771,-0.90485],[0.491513,0.761174,-0.423117]],[[0.827011,-0.560209,-0.0471032],[-0.482821,-0.664842,-0.569972],[0.287987,0.494115,-0.820313]]],"btipPosition":[56.1431,251.474,-10.3021],"carpPosition":[72.9614,259.122,36.8522],"dipPosition":[61.0934,259.967,-24.4026],"direction":[-0.491513,-0.761174,0.423117],"extended":false,"handId":699,"id":6994,"length":50.3709,"mcpPosition":[85.3789,294.378,-7.26738],"pipPosition":[70.6802,274.813,-32.6553],"stabilizedTipPosition":[50.3803,240.2,2.21394],"timeVisible":100.399,"tipPosition":[57.2474,253.511,-13.4494],"tipVelocity":[121.046,260.025,-200.9],"tool":false,"touchDistance":0.333333,"touchZone":"none","type":4,"width":16.013}],"r":[[0.975376,-0.0971451,0.198002],[0.0911241,0.995063,0.0393192],[-0.200845,-0.0203082,0.979413]],"s":1.04467,"t":[11.9769,4.36523,-154.089],"timestamp":523818548132},false],[5,{"currentFrameRate":110.063,"devices":[],"gestures":[],"hands":[{"armBasis":[[0.932695,0.0951789,-0.347882],[0.0980714,0.861279,0.498578],[0.347077,-0.499139,0.793976]],"armWidth":63.5437,"confidence":0.548401,"direction":[-0.0328584,0.725262,-0.687688],"elbow":[151.78,118.785,256.475],"grabStrength":0.448657,"id":699,"palmNormal":[-0.111644,-0.686417,-0.718587],"palmPosition":[48.528,289.682,3.35406],"palmVelocity":[86.0419,203.256,-155.854],"palmWidth":90.7382,"pinchStrength":0.690224,"r":[[0.974747,-0.0931234,0.202967],[0.0864619,0.995392,0.0414634],[-0.205893,-0.0228674,0.978307]],"s":1.04725,"sphereCenter":[28.0172,282.885,-32.7789],"sphereRadius":46.7429,"stabilizedPalmPosition":[43.5952,277.787,17.5596],"t":[12.647,5.73594,-155.106],"timeVisible":100.409,"type":"right","wrist":[58.3284,253.179,42.6952]}],"id":4288598,"interactionBox":{"center":[0,200,0],"size":[235.247,235.247,147.751]},"pointables":[{"bases":[[[0.493108,0.734079,0.466875],[-0.736573,0.0667176,0.673059],[0.46293,-0.675779,0.573602]],[[0.340569,0.896348,0.283856],[-0.74449,0.0727007,0.663664],[0.574237,-0.437351,0.692081]],[[0.340569,0.896348,0.283856],[-0.940033,0.330623,0.0838188],[-0.0187184,-0.29538,0.955197]],[[0.340569,0.896348,0.283856],[-0.41443,0.414104,-0.81041],[-0.843955,0.158362,0.512505]]],"btipPosition":[20.7503,272.941,-38.6447],"carpPosition":[29.0021,244.823,40.2458],"dipPosition":[1.05338,276.637,-26.6835],"direction":[0.0187184,0.29538,-0.955197],"extended":false,"handId":699,"id":6990,"length":51.9721,"mcpPosition":[29.0021,244.823,40.2458],"pipPosition":[0.416927,266.594,5.79439],"stabilizedTipPosition":[6.02851,255.873,-7.01259],"timeVisible":100.409,"tipPosition":[16.6887,273.736,-35.3889],"tipVelocity":[98.2685,212.274,-189.75],"tool":false,"touchDistance":-0.61807,"touchZone":"hovering","type":0,"width":20.194},{"bases":[[[0.973588,0.0693632,-0.21752],[0.080866,0.786205,0.612652],[0.213511,-0.61406,0.759831]],[[0.983623,0.0363885,-0.176529],[0.122744,0.581966,0.803896],[0.131986,-0.812399,0.567969]],[[0.983623,0.0363885,-0.176529],[0.0143926,0.960424,0.278172],[0.179664,-0.276157,0.944171]],[[0.983623,0.0363885,-0.176529],[-0.0873063,0.953029,-0.290022],[0.157683,0.300684,0.940598]]],"btipPosition":[10.4805,346.91,-72.7767],"carpPosition":[38.8168,265.519,46.0868],"dipPosition":[13.1671,352.033,-56.7505],"direction":[-0.179664,0.276157,-0.944171],"extended":true,"handId":699,"id":6991,"length":58.6448,"mcpPosition":[23.1524,310.57,-9.65893],"pipPosition":[17.4977,345.376,-33.9927],"stabilizedTipPosition":[6.43521,336.414,-56.4088],"timeVisible":100.409,"tipPosition":[11.1925,347.304,-68.0882],"tipVelocity":[90.7965,217.033,-189.149],"tool":false,"touchDistance":-0.622,"touchZone":"touching","type":1,"width":19.2893},{"bases":[[[0.965337,-0.149288,-0.214098],[0.248966,0.772941,0.58359],[0.0783618,-0.616665,0.783316]],[[0.965692,-0.152166,-0.210438],[-0.0323825,0.73346,-0.67896],[0.257663,0.662481,0.703369]],[[0.965692,-0.152166,-0.210438],[-0.254629,-0.395625,-0.882408],[0.0510178,0.905719,-0.420798]],[[0.965692,-0.152166,-0.210438],[-0.244476,-0.805987,-0.539089],[-0.0875795,0.572041,-0.815536]]],"btipPosition":[33.0124,242.714,-17.0538],"carpPosition":[50.655,268.057,44.0382],"dipPosition":[31.3712,253.434,-32.3369],"direction":[-0.0510178,-0.905719,0.420798],"extended":false,"handId":699,"id":6992,"length":66.821,"mcpPosition":[45.203,310.962,-10.4609],"pipPosition":[32.8179,279.118,-44.2698],"stabilizedTipPosition":[24.1274,230.863,-0.279816],"timeVisible":100.409,"tipPosition":[32.6643,245.269,-20.5282],"tipVelocity":[118.823,196.856,-170.133],"tool":false,"touchDistance":0.333333,"touchZone":"none","type":2,"width":18.9446},{"bases":[[[0.944813,-0.296248,-0.139873],[0.31967,0.740248,0.591476],[-0.0716829,-0.603548,0.794098]],[[0.946213,-0.282275,-0.158117],[0.0839743,0.686218,-0.722532],[0.312456,0.670392,0.673013]],[[0.946213,-0.282275,-0.158117],[-0.268548,-0.412633,-0.870412],[0.180451,0.866057,-0.466243]],[[0.946213,-0.282275,-0.158117],[-0.322736,-0.788955,-0.522868],[0.0228452,0.545775,-0.83762]]],"btipPosition":[47.7281,241.173,-9.79313],"carpPosition":[62.5828,267.436,41.3113],"dipPosition":[48.1538,251.342,-25.3999],"direction":[-0.180451,-0.866057,0.466243],"extended":false,"handId":699,"id":6993,"length":64.2502,"mcpPosition":[67.0606,305.137,-8.29332],"pipPosition":[53.1388,275.267,-38.28],"stabilizedTipPosition":[40.9427,230.857,2.30943],"timeVisible":100.409,"tipPosition":[47.9356,243.614,-13.3993],"tipVelocity":[114.184,205.256,-169.635],"tool":false,"touchDistance":0.333333,"touchZone":"none","type":3,"width":18.027},{"bases":[[[0.864273,-0.482322,-0.142818],[0.455135,0.62891,0.630338],[-0.214206,-0.609785,0.763071]],[[0.829722,-0.556447,-0.0439139],[0.376942,0.616607,-0.691166],[0.411674,0.556922,0.721361]],[[0.829722,-0.556447,-0.0439139],[-0.267938,-0.328035,-0.905871],[0.489663,0.763387,-0.421272]],[[0.829722,-0.556447,-0.0439139],[-0.477684,-0.66717,-0.571579],[0.288755,0.495229,-0.819371]]],"btipPosition":[56.9536,252.218,-10.9267],"carpPosition":[73.5975,259.997,36.3328],"dipPosition":[61.917,260.731,-25.0109],"direction":[-0.489663,-0.763387,0.421272],"extended":false,"handId":699,"id":6994,"length":50.3709,"mcpPosition":[85.9839,295.258,-7.79154],"pipPosition":[71.4677,275.62,-33.2277],"stabilizedTipPosition":[52.2129,243.52,-1.67702],"timeVisible":100.409,"tipPosition":[58.062,254.254,-14.0502],"tipVelocity":[111.989,210.199,-163.688],"tool":false,"touchDistance":0.333333,"touchZone":"none","type":4,"width":16.013}],"r":[[0.974747,-0.0931234,0.202967],[0.0864619,0.995392,0.0414634],[-0.205893,-0.0228674,0.978307]],"s":1.04725,"t":[12.647,5.73594,-155.106],"timestamp":523818557312},false],[6,{"currentFrameRate":110.19,"devices":[],"gestures":[],"hands":[{"armBasis":[[0.93592,0.100917,-0.337444],[0.0883756,0.860136,0.50235],[0.340944,-0.499981,0.7961]],"armWidth":63.5437,"confidence":0.550843,"direction":[-0.0343127,0.721351,-0.691719],"elbow":[150.765,119.768,256.202],"grabStrength":0.43261,"id":699,"palmNormal":[-0.101402,-0.691068,-0.715641],"palmPosition":[49.1223,290.603,2.25369],"palmVelocity":[80.9285,176.414,-147.322],"palmWidth":90.7382,"pinchStrength":0.683612,"r":[[0.97409,-0.0881079,0.208292],[0.081046,0.995816,0.0422155],[-0.21114,-0.0242404,0.977155]],"s":1.04986,"sphereCenter":[29.0152,283.336,-34.0772],"sphereRadius":46.757,"stabilizedPalmPosition":[44.8283,280.647,14.1448],"t":[13.2792,6.88192,-156.165],"timeVisible":100.417,"type":"right","wrist":[58.9649,254.389,41.8499]}],"id":4288599,"interactionBox":{"center":[0,200,0],"size":[235.247,235.247,147.751]},"pointables":[{"bases":[[[0.484087,0.740525,0.466136],[-0.74143,0.0642254,0.66795],[0.464696,-0.668953,0.580138]],[[0.331791,0.900304,0.281723],[-0.750304,0.0708326,0.657287],[0.571803,-0.42946,0.699003]],[[0.331791,0.900304,0.281723],[-0.94319,0.322152,0.0813082],[-0.0175557,-0.292696,0.956044]],[[0.331791,0.900304,0.281723],[-0.41925,0.408254,-0.8109],[-0.845071,0.150936,0.512907]]],"btipPosition":[21.5799,273.588,-40.0169],"carpPosition":[29.724,245.78,39.2565],"dipPosition":[1.85692,277.111,-28.0462],"direction":[0.0175557,0.292696,-0.956044],"extended":false,"handId":699,"id":6990,"length":51.9721,"mcpPosition":[29.724,245.78,39.2565],"pipPosition":[1.26001,267.159,4.46046],"stabilizedTipPosition":[7.82163,258.888,-11.9371],"timeVisible":100.417,"tipPosition":[17.5286,274.296,-36.7366],"tipVelocity":[96.8588,173.371,-180.29],"tool":false,"touchDistance":-0.605146,"touchZone":"hovering","type":0,"width":20.194},{"bases":[[[0.974378,0.0761768,-0.211625],[0.0704994,0.790044,0.608983],[0.213584,-0.608299,0.764431]],[[0.984367,0.0436838,-0.170628],[0.112238,0.591006,0.798821],[0.135738,-0.805484,0.576863]],[[0.984367,0.0436838,-0.170628],[0.00552086,0.960626,0.277788],[0.176044,-0.274387,0.945368]],[[0.984367,0.0436838,-0.170628],[-0.0913151,0.954965,-0.282316],[0.150611,0.293484,0.944025]]],"btipPosition":[11.0373,347.338,-74.6187],"carpPosition":[39.332,266.587,45.0507],"dipPosition":[13.6034,352.338,-58.5341],"direction":[-0.176044,0.274387,-0.945368],"extended":true,"handId":699,"id":6991,"length":58.6448,"mcpPosition":[23.6622,311.215,-11.0326],"pipPosition":[17.8467,345.725,-35.7474],"stabilizedTipPosition":[7.44399,338.76,-59.2279],"timeVisible":100.417,"tipPosition":[11.7383,347.703,-69.9085],"tipVelocity":[82.4026,170.522,-193.877],"tool":false,"touchDistance":-0.615561,"touchZone":"touching","type":1,"width":19.2893},{"bases":[[[0.967885,-0.142514,-0.207097],[0.238887,0.778002,0.581073],[0.0783112,-0.611884,0.787061]],[[0.968245,-0.145417,-0.203359],[-0.0339778,0.729338,-0.68331],[0.247682,0.668521,0.701237]],[[0.968245,-0.145417,-0.203359],[-0.245657,-0.402422,-0.881878],[0.0464041,0.903831,-0.425366]],[[0.968245,-0.145417,-0.203359],[-0.23443,-0.810704,-0.536472],[-0.0868515,0.56711,-0.81905]]],"btipPosition":[34.1199,243.39,-17.9899],"carpPosition":[51.1621,269.21,43.0647],"dipPosition":[32.4923,254.018,-33.3389],"direction":[-0.0464041,-0.903831,0.425366],"extended":false,"handId":699,"id":6992,"length":66.821,"mcpPosition":[45.7136,311.782,-11.6949],"pipPosition":[33.8082,279.648,-45.4013],"stabilizedTipPosition":[25.9907,233.764,-4.39476],"timeVisible":100.417,"tipPosition":[33.7739,245.927,-21.4862],"tipVelocity":[120.63,163.601,-153.177],"tool":false,"touchDistance":0.333333,"touchZone":"none","type":2,"width":18.9446},{"bases":[[[0.948079,-0.289245,-0.132228],[0.309802,0.74593,0.589586],[-0.0719019,-0.599938,0.796809]],[[0.949484,-0.275342,-0.150557],[0.0829378,0.682874,-0.725813],[0.302658,0.676661,0.671214]],[[0.949484,-0.275342,-0.150557],[-0.259567,-0.419434,-0.869885],[0.176367,0.865022,-0.469715]],[[0.949484,-0.275342,-0.150557],[-0.312909,-0.794228,-0.520854],[0.0238368,0.541653,-0.840264]]],"btipPosition":[48.8019,242.01,-10.6306],"carpPosition":[63.1119,268.672,40.4178],"dipPosition":[49.246,252.102,-26.2867],"direction":[-0.176367,-0.865022,0.469715],"extended":false,"handId":699,"id":6993,"length":64.2502,"mcpPosition":[67.6034,306.148,-9.35613],"pipPosition":[54.1182,275.999,-39.2627],"stabilizedTipPosition":[42.6305,233.713,-1.19726],"timeVisible":100.417,"tipPosition":[49.0111,244.437,-14.2519],"tipVelocity":[116.247,174.755,-149.679],"tool":false,"touchDistance":0.333333,"touchZone":"none","type":3,"width":18.027},{"bases":[[[0.869076,-0.475984,-0.134704],[0.445914,0.635908,0.629906],[-0.214166,-0.607503,0.7649]],[[0.834461,-0.549918,-0.035561],[0.376598,0.616191,-0.691724],[0.402304,0.563824,0.721286]],[[0.834461,-0.549918,-0.035561],[-0.259106,-0.334584,-0.906045],[0.486353,0.765273,-0.421685]],[[0.834461,-0.549918,-0.035561],[-0.4684,-0.673807,-0.571477],[0.290305,0.493532,-0.819847]]],"btipPosition":[57.9409,253.136,-11.7967],"carpPosition":[74.2188,261.298,35.5497],"dipPosition":[62.931,261.619,-25.8891],"direction":[-0.486353,-0.765273,0.421685],"extended":false,"handId":699,"id":6994,"length":50.3709,"mcpPosition":[86.6029,296.427,-8.68044],"pipPosition":[72.4171,276.546,-34.114],"stabilizedTipPosition":[53.8604,246.292,-4.8785],"timeVisible":100.417,"tipPosition":[59.0559,255.163,-14.9168],"tipVelocity":[112.061,181.163,-146.047],"tool":false,"touchDistance":0.333333,"touchZone":"none","type":4,"width":16.013}],"r":[[0.97409,-0.0881079,0.208292],[0.081046,0.995816,0.0422155],[-0.21114,-0.0242404,0.977155]],"s":1.04986,"t":[13.2792,6.8819