{"sensorType":"Leap","data":[[0,{"currentFrameRate":101.619,"devices":[],"gestures":[],"hands":[{"armBasis":[[0.913875,0.366585,-0.174493],[-0.192153,0.769146,0.609501],[0.357644,-0.523478,0.773344]],"armWidth":63.5437,"confidence":0.490756,"direction":[0.045592,0.703989,-0.708746],"elbow":[158.187,95.374,270.259],"grabStrength":0,"id":699,"palmNormal":[0.197752,-0.701804,-0.684372],"palmPosition":[57.7539,270.38,19.6177],"palmVelocity":[127.001,210.135,-224.9],"palmWidth":90.7382,"pinchStrength":0.220182,"r":[[0.858061,0.0713224,0.508571],[-0.0654082,0.997422,-0.0295225],[-0.509365,-0.00793258,0.860514]],"s":1.21743,"sphereCenter":[27.8561,259.887,-22.7482],"sphereRadius":56.1182,"stabilizedPalmPosition":[33.3337,250.712,78.4211],"t":[20.8926,-15.0094,-136.951],"timeVisible":67.6894,"type":"right","wrist":[61.8903,236.322,62.0338]}],"id":4285075,"interactionBox":{"center":[0,200,0],"size":[235.247,235.247,147.751]},"pointables":[{"bases":[[[0.226046,0.808926,0.542717],[-0.894277,-0.0485706,0.444869],[0.386227,-0.5859,0.712425]],[[0.175085,0.876878,0.447694],[-0.795434,-0.141982,0.589174],[0.580198,-0.459266,0.67264]],[[0.175085,0.876878,0.447694],[-0.980437,0.113747,0.160641],[0.0899385,-0.467061,0.879639]],[[0.175085,0.876878,0.447694],[-0.508731,0.469885,-0.721388],[-0.842934,-0.101451,0.528365]]],"btipPosition":[23.76,264.374,-23.5096],"carpPosition":[36.0269,223.264,52.2143],"dipPosition":[4.08693,262.006,-11.1782],"direction":[-0.0899385,0.467061,-0.879639],"extended":true,"handId":699,"id":6990,"length":51.9721,"mcpPosition":[36.0269,223.264,52.2143],"pipPosition":[7.14495,246.126,18.7306],"stabilizedTipPosition":[-16.9946,250.722,76.5287],"timeVisible":67.6894,"tipPosition":[19.5726,264.215,-20.0539],"tipVelocity":[148.902,208.853,-256.982],"tool":false,"touchDistance":-0.744214,"touchZone":"hovering","type":0,"width":20.194},{"bases":[[[0.972945,0.225608,0.0497811],[-0.213285,0.794273,0.568893],[0.0888071,-0.564119,0.820904]],[[0.944885,0.315745,-0.0865851],[-0.137985,0.623875,0.769247],[0.296904,-0.714903,0.633058]],[[0.944885,0.315745,-0.0865851],[-0.223035,0.814369,0.535778],[0.239681,-0.486938,0.839907]],[[0.944885,0.315745,-0.0865851],[-0.279577,0.915759,0.288482],[0.170378,-0.248375,0.953562]]],"btipPosition":[12.6171,333.322,-64.4675],"carpPosition":[40.533,245.337,59.3731],"dipPosition":[15.5201,329.09,-48.2204],"direction":[-0.239681,0.486938,-0.839907],"extended":true,"handId":699,"id":6991,"length":58.6448,"mcpPosition":[34.0176,286.724,-0.853269],"pipPosition":[21.2972,317.353,-27.9757],"stabilizedTipPosition":[-25.2197,321.917,40.7044],"timeVisible":67.6894,"tipPosition":[12.8115,333.697,-59.3446],"tipVelocity":[148.189,185.011,-251.684],"tool":false,"touchDistance":-0.775678,"touchZone":"hovering","type":1,"width":19.2893},{"bases":[[[0.998007,0.00858734,0.0625138],[-0.043725,0.808403,0.587004],[-0.0454955,-0.588567,0.807167]],[[0.996783,-0.00420029,0.0800334],[0.0575375,0.732663,-0.678155],[-0.055789,0.680579,0.730548]],[[0.996783,-0.00420029,0.0800334],[0.0711487,-0.413284,-0.907818],[0.0368896,0.910592,-0.411656]],[[0.996783,-0.00420029,0.0800334],[0.0412784,-0.829072,-0.557616],[0.0686956,0.559126,-0.826232]]],"btipPosition":[55.4508,221.693,-3.65528],"carpPosition":[51.9373,249.757,60.4613],"dipPosition":[56.7381,232.171,-19.1389],"direction":[-0.0368896,-0.910592,0.411656],"extended":false,"handId":699,"id":6992,"length":66.821,"mcpPosition":[55.1026,290.706,4.30276],"pipPosition":[57.7842,257.993,-30.8125],"stabilizedTipPosition":[26.8108,207.225,43.2446],"timeVisible":67.6894,"tipPosition":[55.7504,224.052,-7.07031],"tipVelocity":[161.07,221.344,-238.279],"tool":false,"touchDistance":0.333333,"touchZone":"none","type":2,"width":18.9446},{"bases":[[[0.980872,-0.139084,0.136184],[0.0262618,0.787776,0.615402],[-0.192875,-0.600054,0.77636]],[[0.985441,-0.123845,0.116481],[0.169851,0.747328,-0.642379],[-0.00749415,0.652812,0.757483]],[[0.985441,-0.123845,0.116481],[0.060464,-0.385043,-0.920916],[0.158901,0.914551,-0.371949]],[[0.985441,-0.123845,0.116481],[-0.0323006,-0.809017,-0.586897],[0.16692,0.57459,-0.801239]]],"btipPosition":[68.9843,223.495,4.04729],"carpPosition":[64.1019,251.069,61.0901],"dipPosition":[72.0944,234.201,-10.8816],"direction":[-0.158901,-0.914551,0.371949],"extended":false,"handId":699,"id":6993,"length":64.2502,"mcpPosition":[76.1502,288.552,12.5935],"pipPosition":[76.4841,259.466,-21.1569],"stabilizedTipPosition":[45.2546,210.243,44.214],"timeVisible":67.6894,"tipPosition":[69.7718,225.934,0.602779],"tipVelocity":[152.494,221.802,-215.607],"tool":false,"touchDistance":0.333333,"touchZone":"none","type":3,"width":18.027},{"bases":[[[0.934043,-0.335838,0.121557],[0.16136,0.700424,0.695247],[-0.318632,-0.629777,0.708417]],[[0.951689,-0.296923,0.0782567],[0.284377,0.756139,-0.589392],[0.115831,0.583173,0.804048]],[[0.951689,-0.296923,0.0782567],[-0.0223204,-0.321076,-0.94679],[0.30625,0.899304,-0.312192]],[[0.951689,-0.296923,0.0782567],[-0.178224,-0.74167,-0.646654],[0.250047,0.601467,-0.758758]]],"btipPosition":[81.1427,233.461,9.48735],"carpPosition":[77.0736,245.487,59.6716],"dipPosition":[85.4408,243.799,-3.55502],"direction":[-0.30625,-0.899304,0.312192],"extended":false,"handId":699,"id":6994,"length":50.3709,"mcpPosition":[95.4984,281.903,18.7076],"pipPosition":[91.4141,261.34,-9.64422],"stabilizedTipPosition":[63.9141,222.721,35.8966],"timeVisible":67.6894,"tipPosition":[81.5419,236.048,6.31144],"tipVelocity":[151.493,225.134,-220.704],"tool":false,"touchDistance":0.333333,"touchZone":"none","type":4,"width":16.013}],"r":[[0.858061,0.0713224,0.508571],[-0.0654082,0.997422,-0.0295225],[-0.509365,-0.00793258,0.860514]],"s":1.21743,"t":[20.8926,-15.0094,-136.951],"timestamp":523785838036},false],[1,{"currentFrameRate":102.1,"devices":[],"gestures":[],"hands":[{"armBasis":[[0.913082,0.365262,-0.181285],[-0.188999,0.773018,0.605576],[0.361331,-0.518678,0.774863]],"armWidth":63.5437,"confidence":0.485853,"direction":[0.046566,0.706945,-0.705734],"elbow":[160.039,98.007,269.298],"grabStrength":0,"id":699,"palmNormal":[0.195328,-0.699306,-0.687617],"palmPosition":[58.6515,271.915,18.4],"palmVelocity":[119.997,200.046,-201.124],"palmWidth":90.7382,"pinchStrength":0.22427,"r":[[0.854582,0.0732577,0.514123],[-0.0712741,0.997177,-0.0236155],[-0.514402,-0.0164623,0.857391]],"s":1.21598,"sphereCenter":[29.4163,261.392,-24.0692],"sphereRadius":55.7218,"stabilizedPalmPosition":[35.6223,252.629,72.9955],"t":[22.1666,-12.8351,-139.014],"timeVisible":67.6982,"type":"right","wrist":[62.7493,237.663,60.6637]}],"id":4285076,"interactionBox":{"center":[0,200,0],"size":[235.247,235.247,147.751]},"pointables":[{"bases":[[[0.228581,0.806012,0.545981],[-0.893928,-0.0483272,0.445597],[0.385542,-0.589923,0.70947]],[[0.17416,0.878597,0.444676],[-0.800675,-0.136524,0.583336],[0.573226,-0.457634,0.679693]],[[0.17416,0.878597,0.444676],[-0.980634,0.113666,0.159487],[0.0895804,-0.46384,0.881378]],[[0.17416,0.878597,0.444676],[-0.522099,0.465268,-0.7148],[-0.834914,-0.107676,0.539745]]],"btipPosition":[24.7491,265.775,-25.5849],"carpPosition":[36.8439,224.71,50.8148],"dipPosition":[5.26324,263.262,-12.9879],"direction":[-0.0895804,0.46384,-0.881378],"extended":true,"handId":699,"id":6990,"length":51.9721,"mcpPosition":[36.8439,224.71,50.8148],"pipPosition":[8.30908,247.491,16.9801],"stabilizedTipPosition":[-14.7396,251.598,70.5243],"timeVisible":67.6982,"tipPosition":[20.4998,265.681,-21.853],"tipVelocity":[140.069,194.006,-248.857],"tool":false,"touchDistance":-0.728339,"touchZone":"hovering","type":0,"width":20.194},{"bases":[[[0.973543,0.223025,0.049733],[-0.210756,0.792313,0.572557],[0.0882903,-0.56789,0.818355]],[[0.945757,0.313404,-0.0855636],[-0.140646,0.632398,0.761768],[0.292852,-0.708414,0.642174]],[[0.945757,0.313404,-0.0855636],[-0.225309,0.822494,0.522245],[0.234049,-0.474639,0.848492]],[[0.945757,0.313404,-0.0855636],[-0.280624,0.920795,0.270901],[0.163688,-0.232195,0.958797]]],"btipPosition":[13.9566,334.152,-66.2758],"carpPosition":[41.4113,246.741,58.0646],"dipPosition":[16.7456,330.196,-49.9395],"direction":[-0.234049,0.474639,-0.848492],"extended":true,"handId":699,"id":6991,"length":58.6448,"mcpPosition":[34.9338,288.405,-1.97484],"pipPosition":[22.387,318.755,-29.4878],"stabilizedTipPosition":[-23.1153,322.516,35.2491],"timeVisible":67.6982,"tipPosition":[14.1026,334.7,-61.053],"tipVelocity":[148.146,162.156,-238.073],"tool":false,"touchDistance":-0.75326,"touchZone":"hovering","type":1,"width":19.2893},{"bases":[[[0.99809,0.00589055,0.061498],[-0.0411437,0.805952,0.59055],[-0.0460858,-0.591952,0.804654]],[[0.996866,-0.00685598,0.0788086],[0.0586105,0.73309,-0.677602],[-0.0531281,0.680097,0.731194]],[[0.996866,-0.00685598,0.0788086],[0.0689138,-0.413896,-0.907712],[0.0388418,0.910298,-0.412126]],[[0.996866,-0.00685598,0.0788086],[0.0383902,-0.82913,-0.557737],[0.0691663,0.559014,-0.826268]]],"btipPosition":[56.1899,223.333,-4.79895],"carpPosition":[52.8274,251.128,59.1599],"dipPosition":[57.4861,233.809,-20.2832],"direction":[-0.0388418,-0.910298,0.412126],"extended":false,"handId":699,"id":6992,"length":66.821,"mcpPosition":[56.0338,292.313,3.17617],"pipPosition":[58.5875,259.623,-31.9702],"stabilizedTipPosition":[30.4881,209.52,36.8503],"timeVisible":67.6982,"tipPosition":[56.4974,225.704,-8.32565],"tipVelocity":[140.038,211.448,-208.615],"tool":false,"touchDistance":0.333333,"touchZone":"none","type":2,"width":18.9446},{"bases":[[[0.980672,-0.142057,0.134545],[0.0288223,0.785032,0.618784],[-0.193525,-0.602946,0.773953]],[[0.985204,-0.126937,0.115151],[0.171311,0.749082,-0.639944],[-0.00502513,0.650202,0.759744]],[[0.985204,-0.126937,0.115151],[0.0584689,-0.382638,-0.922046],[0.161103,0.915137,-0.369555]],[[0.985204,-0.126937,0.115151],[-0.0351593,-0.807292,-0.589104],[0.16774,0.576339,-0.79981]]],"btipPosition":[69.7327,225.082,2.69556],"carpPosition":[64.9959,252.408,59.7816],"dipPosition":[72.8581,235.821,-12.2067],"direction":[-0.161103,-0.915137,0.369555],"extended":false,"handId":699,"id":6993,"length":64.2502,"mcpPosition":[77.0847,290.072,11.4353],"pipPosition":[77.3086,261.102,-22.4158],"stabilizedTipPosition":[48.8936,212.743,37.7229],"timeVisible":67.6982,"tipPosition":[70.5272,227.528,-0.772044],"tipVelocity":[134.118,210.398,-198.263],"tool":false,"touchDistance":0.333333,"touchZone":"none","type":3,"width":18.027},{"bases":[[[0.933349,-0.338631,0.119114],[0.16379,0.697007,0.698108],[-0.319425,-0.632069,0.706015]],[[0.951061,-0.299531,0.0759205],[0.285373,0.757178,-0.587574],[0.118511,0.580485,0.805601]],[[0.951061,-0.299531,0.0759205],[-0.0246209,-0.31837,-0.947647],[0.308021,0.899401,-0.310164]],[[0.951061,-0.299531,0.0759205],[-0.181013,-0.739176,-0.648732],[0.250434,0.603241,-0.75722]]],"btipPosition":[81.9316,234.97,8.1591],"carpPosition":[77.9525,246.801,58.3252],"dipPosition":[86.2364,245.339,-4.85684],"direction":[-0.308021,-0.899401,0.310164],"extended":false,"handId":699,"id":6994,"length":50.3709,"mcpPosition":[96.4231,283.35,17.5001],"pipPosition":[92.2442,262.881,-10.9065],"stabilizedTipPosition":[67.0578,225.142,30.8139],"timeVisible":67.6982,"tipPosition":[82.3595,237.565,4.97057],"tipVelocity":[134.568,210.41,-201.261],"tool":false,"touchDistance":0.333333,"touchZone":"none","type":4,"width":16.013}],"r":[[0.854582,0.0732577,0.514123],[-0.0712741,0.997177,-0.0236155],[-0.514402,-0.0164623,0.857391]],"s":1.21598,"t":[22.1666,-12.8351,-139.014],"timestamp":523785846908},false],[2,{"currentFrameRate":102.383,"devices":[],"gestures":[],"hands":[{"armBasis":[[0.915726,0.348809,-0.199444],[-0.174412,0.792238,0.584755],[0.361975,-0.50069,0.78631]],"armWidth":63.5437,"confidence":0.486495,"direction":[0.0473371,0.709989,-0.70262],"elbow":[160.986,104.37,270.241],"grabStrength":0,"id":699,"palmNormal":[0.18309,-0.697658,-0.692641],"palmPosition":[59.3963,273.682,16.4654],"palmVelocity":[108.982,197.642,-203.519],"palmWidth":90.7382,"pinchStrength":0.225887,"r":[[0.852766,0.0726761,0.517212],[-0.0741663,0.997087,-0.0178223],[-0.517001,-0.0231615,0.855672]],"s":1.21373,"sphereCenter":[30.5482,263.199,-25.9851],"sphereRadius":55.2965,"stabilizedPalmPosition":[37.9947,254.729,67.3545],"t":[23.176,-10.8646,-141.013],"timeVisible":67.7075,"type":"right","wrist":[63.5229,239.182,58.525]}],"id":4285077,"interactionBox":{"center":[0,200,0],"size":[235.247,235.247,147.751]},"pointables":[{"bases":[[[0.240613,0.801118,0.54801],[-0.890626,-0.0422246,0.452771],[0.385863,-0.597015,0.703337]],[[0.183529,0.877608,0.442856],[-0.801088,-0.12757,0.584794],[0.569715,-0.462093,0.679628]],[[0.183529,0.877608,0.442856],[-0.978718,0.121062,0.165694],[0.0918013,-0.463841,0.881149]],[[0.183529,0.877608,0.442856],[-0.533407,0.467325,-0.705042],[-0.825708,-0.106827,0.55389]]],"btipPosition":[25.2067,267.788,-27.8904],"carpPosition":[37.4171,226.521,48.8284],"dipPosition":[5.93562,265.295,-14.9633],"direction":[-0.0918013,0.463841,-0.881149],"extended":true,"handId":699,"id":6990,"length":51.9721,"mcpPosition":[37.4171,226.521,48.8284],"pipPosition":[9.05698,249.523,14.9969],"stabilizedTipPosition":[-12.3789,252.636,64.1801],"timeVisible":67.7075,"tipPosition":[20.9336,267.741,-23.9767],"tipVelocity":[116.197,200.919,-246.831],"tool":false,"touchDistance":-0.717282,"touchZone":"hovering","type":0,"width":20.194},{"bases":[[[0.975964,0.213703,0.0427315],[-0.198599,0.791377,0.57817],[0.0897398,-0.572759,0.814797]],[[0.948043,0.304718,-0.0914371],[-0.135083,0.645772,0.751486],[0.288039,-0.70009,0.653382]],[[0.948043,0.304718,-0.0914371],[-0.219914,0.83537,0.503781],[0.229895,-0.457498,0.858979]],[[0.948043,0.304718,-0.0914371],[-0.274835,0.929208,0.247059],[0.160247,-0.209093,0.964677]]],"btipPosition":[15.0539,335.077,-68.7644],"carpPosition":[42.25,248.472,56.148],"dipPosition":[17.7843,331.514,-52.328],"direction":[-0.229895,0.457498,-0.858979],"extended":true,"handId":699,"id":6991,"length":58.6448,"mcpPosition":[35.6661,290.493,-3.63037],"pipPosition":[23.3256,320.487,-31.6236],"stabilizedTipPosition":[-20.9851,323.16,29.7456],"timeVisible":67.7075,"tipPosition":[15.1869,335.872,-63.4104],"tipVelocity":[139.541,147.539,-246.246],"tool":false,"touchDistance":-0.743252,"touchZone":"hovering","type":1,"width":19.2893},{"bases":[[[0.998576,-0.0037067,0.0532264],[-0.0287232,0.803346,0.594819],[-0.044964,-0.595501,0.802096]],[[0.997393,-0.0163734,0.0702766],[0.0598072,0.732486,-0.67815],[-0.040373,0.680585,0.731556]],[[0.997393,-0.0163734,0.0702766],[0.0571299,-0.415763,-0.907677],[0.0440802,0.909325,-0.413744]],[[0.997393,-0.0163734,0.0702766],[0.025678,-0.829629,-0.557724],[0.0674353,0.558074,-0.827046]]],"btipPosition":[56.2705,225.221,-6.56786],"carpPosition":[53.7153,252.747,57.1699],"dipPosition":[57.5343,235.679,-22.0667],"direction":[-0.0440802,-0.909325,0.413744],"extended":false,"handId":699,"id":6992,"length":66.821,"mcpPosition":[56.8437,294.179,1.36416],"pipPosition":[58.7843,261.466,-33.7995],"stabilizedTipPosition":[34.0178,211.971,30.4898],"timeVisible":67.7075,"tipPosition":[56.5769,227.609,-10.2352],"tipVelocity":[102.99,209.397,-203.977],"tool":false,"touchDistance":0.333333,"touchZone":"none","type":2,"width":18.9446},{"bases":[[[0.98038,-0.151848,0.125689],[0.0412752,0.781636,0.622368],[-0.192748,-0.604969,0.772568]],[[0.984792,-0.137038,0.106795],[0.173552,0.747554,-0.641126],[0.0080231,0.649911,0.759968]],[[0.984792,-0.137038,0.106795],[0.046612,-0.38376,-0.922256],[0.167367,0.913208,-0.371536]],[[0.984792,-0.137038,0.106795],[-0.0483599,-0.806617,-0.589093],[0.166871,0.574969,-0.800977]]],"btipPosition":[69.85,226.803,0.763665],"carpPosition":[65.8999,253.911,57.6966],"dipPosition":[72.9592,237.516,-14.1604],"direction":[-0.167367,-0.913208,0.371536],"extended":false,"handId":699,"id":6993,"length":64.2502,"mcpPosition":[77.9402,291.701,9.43692],"pipPosition":[77.5827,262.744,-24.4242],"stabilizedTipPosition":[52.2306,215.287,31.5033],"timeVisible":67.7075,"tipPosition":[70.6549,229.262,-2.82072],"tipVelocity":[99.9582,203.513,-201.531],"tool":false,"touchDistance":0.333333,"touchZone":"none","type":3,"width":18.027},{"bases":[[[0.931095,-0.347894,0.109688],[0.176065,0.691964,0.700134],[-0.319472,-0.632579,0.705536]],[[0.948814,-0.308746,0.0665415],[0.287546,0.757285,-0.586376],[0.130651,0.575496,0.807301]],[[0.948814,-0.308746,0.0665415],[-0.0355235,-0.313669,-0.948868],[0.313832,0.897935,-0.308582]],[[0.948814,-0.308746,0.0665415],[-0.19334,-0.734379,-0.650621],[0.249744,0.604453,-0.756482]]],"btipPosition":[82.2434,236.572,5.86314],"carpPosition":[78.791,248.19,56.1051],"dipPosition":[86.5363,246.962,-7.1401],"direction":[-0.313832,-0.897935,0.308582],"extended":false,"handId":699,"id":6994,"length":50.3709,"mcpPosition":[97.2644,284.769,15.3076],"pipPosition":[92.6575,264.476,-13.1589],"stabilizedTipPosition":[69.8116,227.495,26.0563],"timeVisible":67.7075,"tipPosition":[82.6791,239.175,2.68167],"tipVelocity":[106.223,200.26,-214.512],"tool":false,"touchDistance":0.333333,"touchZone":"none","type":4,"width":16.013}],"r":[[0.852766,0.0726761,0.517212],[-0.0741663,0.997087,-0.0178223],[-0.517001,-0.0231615,0.855672]],"s":1.21373,"t":[23.176,-10.8646,-141.013],"timestamp":523785856135},false],[3,{"currentFrameRate":102.859,"devices":[],"gestures":[],"hands":[{"armBasis":[[0.917969,0.330577,-0.219205],[-0.157704,0.811259,0.563017],[0.363952,-0.482263,0.796844]],"armWidth":63.5437,"confidence":0.470465,"direction":[0.0441024,0.712931,-0.699846],"elbow":[162.611,111.039,270.405],"grabStrength":0,"id":699,"palmNormal":[0.168195,-0.695827,-0.698238],"palmPosition":[60.2295,275.623,14.013],"palmVelocity":[105.071,203.726,-223.649],"palmWidth":90.7382,"pinchStrength":0.238869,"r":[[0.852783,0.0702951,0.517513],[-0.0748698,0.99712,-0.0120672],[-0.516871,-0.0284554,0.85559]],"s":1.21029,"sphereCenter":[31.7071,265.185,-28.2304],"sphereRadius":54.7706,"stabilizedPalmPosition":[40.1776,256.781,62.1177],"t":[24.0973,-8.90851,-143.239],"timeVisible":67.7163,"type":"right","wrist":[64.6159,240.89,55.8529]}],"id":4285078,"interactionBox":{"center":[0,200,0],"size":[235.247,235.247,147.751]},"pointables":[{"bases":[[[0.254435,0.796457,0.548561],[-0.884965,-0.0369985,0.464185],[0.39,-0.603562,0.695423]],[[0.192086,0.87907,0.436279],[-0.801923,-0.115662,0.586125],[0.565706,-0.462448,0.682729]],[[0.192086,0.87907,0.436279],[-0.977114,0.129915,0.168438],[0.0913891,-0.458648,0.883906]],[[0.192086,0.87907,0.436279],[-0.550964,0.464484,-0.693321],[-0.812122,-0.107196,0.573557]]],"btipPosition":[25.9668,269.609,-30.9863],"carpPosition":[38.2807,228.492,46.4396],"dipPosition":[7.01288,267.107,-17.6001],"direction":[-0.0913891,0.458648,-0.883906],"extended":true,"handId":699,"id":6990,"length":51.9721,"mcpPosition":[38.2807,228.492,46.4396],"pipPosition":[10.1202,251.512,12.4538],"stabilizedTipPosition":[-10.2018,253.686,58.2811],"timeVisible":67.7163,"tipPosition":[21.571,269.69,-26.7548],"tipVelocity":[110.336,202.363,-271.735],"tool":false,"touchDistance":-0.718742,"touchZone":"hovering","type":0,"width":20.194},{"bases":[[[0.978191,0.205385,0.0309559],[-0.184412,0.790219,0.58442],[0.0955694,-0.577383,0.810861]],[[0.949423,0.296982,-0.101973],[-0.126008,0.657808,0.742571],[0.287609,-0.692164,0.66196]],[[0.949423,0.296982,-0.101973],[-0.21268,0.847127,0.486974],[0.231007,-0.440657,0.867443]],[[0.949423,0.296982,-0.101973],[-0.268794,0.936557,0.224969],[0.162316,-0.186181,0.969015]]],"btipPosition":[15.7248,336.175,-71.471],"carpPosition":[43.3922,250.367,53.798],"dipPosition":[18.4904,333.003,-54.9606],"direction":[-0.231007,0.440657,-0.867443],"extended":true,"handId":699,"id":6991,"length":58.6448,"mcpPosition":[36.3806,292.727,-5.69155],"pipPosition":[24.0585,322.382,-34.0522],"stabilizedTipPosition":[-19.1309,323.77,24.9089],"timeVisible":67.7163,"tipPosition":[15.8818,337.17,-66.0436],"tipVelocity":[122.663,144.083,-262.104],"tool":false,"touchDistance":-0.737604,"touchZone":"hovering","type":1,"width":19.2893},{"bases":[[[0.999119,-0.012252,0.0401356],[-0.0142396,0.800697,0.5989],[-0.0394741,-0.598944,0.799817]],[[0.998061,-0.024914,0.0570389],[0.0569989,0.733992,-0.676762],[-0.0250052,0.678701,0.733989]],[[0.998061,-0.024914,0.0570389],[0.0416119,-0.414417,-0.909135],[0.0462881,0.909746,-0.412577]],[[0.998061,-0.024914,0.0570389],[0.011302,-0.828622,-0.559695],[0.0612079,0.559254,-0.826734]]],"btipPosition":[56.3939,227.312,-9.04532],"carpPosition":[54.9052,254.542,54.6898],"dipPosition":[57.5409,237.792,-24.5383],"direction":[-0.0462881,-0.909746,0.412577],"extended":false,"handId":699,"id":6992,"length":66.821,"mcpPosition":[57.6516,296.214,-0.95738],"pipPosition":[58.8535,263.59,-36.238],"stabilizedTipPosition":[36.9853,214.298,24.8407],"timeVisible":67.7163,"tipPosition":[56.673,229.707,-12.7627],"tipVelocity":[78.1513,217.03,-224.708],"tool":false,"touchDistance":0.333333,"touchZone":"none","type":2,"width":18.9446},{"bases":[[[0.980632,-0.160583,0.112135],[0.0559282,0.778274,0.625429],[-0.187705,-0.607044,0.772182]],[[0.984841,-0.146017,0.0936329],[0.1718,0.746633,-0.642669],[0.023931,0.649013,0.760401]],[[0.984841,-0.146017,0.0936329],[0.0308131,-0.383945,-0.922842],[0.1707,0.911738,-0.373625]],[[0.984841,-0.146017,0.0936329],[-0.0634103,-0.805502,-0.589191],[0.161453,0.574322,-0.80255]]],"btipPosition":[70.0401,228.716,-1.7786],"carpPosition":[67.1049,255.602,55.0625],"dipPosition":[73.0483,239.417,-16.732],"direction":[-0.1707,-0.911738,0.373625],"extended":false,"handId":699,"id":6993,"length":64.2502,"mcpPosition":[78.8302,293.522,6.8269],"pipPosition":[77.764,264.604,-27.0535],"stabilizedTipPosition":[54.9167,217.594,26.172],"timeVisible":67.7163,"tipPosition":[70.8291,231.188,-5.45334],"tipVelocity":[78.0907,207.058,-225.154],"tool":false,"touchDistance":0.333333,"touchZone":"none","type":3,"width":18.027},{"bases":[[[0.929505,-0.356134,0.0958625],[0.190967,0.687115,0.701003],[-0.315519,-0.633279,0.706686]],[[0.946986,-0.316928,0.0526714],[0.286174,0.757597,-0.586644],[0.14602,0.570617,0.80813]],[[0.946986,-0.316928,0.0526714],[-0.0505908,-0.309003,-0.949715],[0.317267,0.896702,-0.308655]],[[0.946986,-0.316928,0.0526714],[-0.207998,-0.729745,-0.651313],[0.244856,0.605829,-0.756979]]],"btipPosition":[82.6248,238.377,2.94792],"carpPosition":[79.9259,249.782,53.2756],"dipPosition":[86.8336,248.791,-10.0639],"direction":[-0.317267,-0.896702,0.308655],"extended":false,"handId":699,"id":6994,"length":50.3709,"mcpPosition":[98.1707,286.401,12.4117],"pipPosition":[93.0218,266.28,-16.0841],"stabilizedTipPosition":[71.9436,229.549,22.0183],"timeVisible":67.7163,"tipPosition":[83.0479,240.988,-0.228238],"tipVelocity":[88.6382,201.614,-245.899],"tool":false,"touchDistance":0.333333,"touchZone":"none","type":4,"width":16.013}],"r":[[0.852783,0.0702951,0.517513],[-0.0748698,0.99712,-0.0120672],[-0.516871,-0.0284554,0.85559]],"s":1.21029,"t":[24.0973,-8.90851,-143.239],"timestamp":523785864953},false],[4,{"currentFrameRate":103.045,"devices":[],"gestures":[],"hands":[{"armBasis":[[0.919562,0.319063,-0.229357],[-0.147955,0.821871,0.550125],[0.364026,-0.47194,0.802968]],"armWidth":63.5437,"confidence":0.48284,"direction":[0.0469181,0.718167,-0.694287],"elbow":[163.612,114.793,270.731],"grabStrength":0,"id":699,"palmNormal":[0.160693,-0.691426,-0.704349],"palmPosition":[61.321,276.962,12.9837],"palmVelocity":[108.374,186.557,-191.44],"palmWidth":90.7382,"pinchStrength":0.246826,"r":[[0.853257,0.0663179,0.517256],[-0.0739808,0.997243,-0.00581999],[-0.516216,-0.033301,0.855811]],"s":1.20671,"sphereCenter":[33.4091,266.823,-29.2763],"sphereRadius":54.3091,"stabilizedPalmPosition":[42.4877,258.986,56.7494],"t":[25.1036,-7.261,-144.866],"timeVisible":67.7256,"type":"right","wrist":[65.5965,241.864,54.5296]}],"id":4285079,"interactionBox":{"center":[0,200,0],"size":[235.247,235.247,147.751]},"pointables":[{"bases":[[[0.262146,0.790165,0.554003],[-0.883612,-0.0342526,0.466965],[0.387956,-0.611937,0.68922]],[[0.193379,0.88159,0.430586],[-0.808175,-0.105705,0.579379],[0.55629,-0.460028,0.692037]],[[0.193379,0.88159,0.430586],[-0.977151,0.133601,0.165307],[0.0882061,-0.452714,0.887282]],[[0.193379,0.88159,0.430586],[-0.573667,0.45763,-0.679324],[-0.795934,-0.115646,0.594235]]],"btipPosition":[27.0243,270.726,-33.3768],"carpPosition":[39.1391,229.734,45.1098],"dipPosition":[8.44817,268.027,-19.5081],"direction":[-0.0882061,0.452714,-0.887282],"extended":true,"handId":699,"id":6990,"length":51.9721,"mcpPosition":[39.1391,229.734,45.1098],"pipPosition":[11.4473,252.634,10.6606],"stabilizedTipPosition":[-8.02482,254.771,52.4368],"timeVisible":67.7256,"tipPosition":[22.6604,270.929,-28.7801],"tipVelocity":[113.752,177.486,-263.806],"tool":false,"touchDistance":-0.709394,"touchZone":"hovering","type":0,"width":20.194},{"bases":[[[0.97977,0.197987,0.0291741],[-0.17661,0.786842,0.591345],[0.0941236,-0.584535,0.805891]],[[0.951267,0.290744,-0.10276],[-0.123104,0.663581,0.737907],[0.282732,-0.689296,0.667034]],[[0.951267,0.290744,-0.10276],[-0.209566,0.853983,0.476231],[0.226217,-0.431487,0.873295]],[[0.951267,0.290744,-0.10276],[-0.264974,0.941135,0.20989],[0.157736,-0.172432,0.97231]]],"btipPosition":[17.277,337.267,-72.6944],"carpPosition":[44.4359,251.512,52.6246],"dipPosition":[19.9645,334.329,-56.1279],"direction":[-0.226217,0.431487,-0.873295],"extended":true,"handId":699,"id":6991,"length":58.6448,"mcpPosition":[37.5304,294.396,-6.50037],"pipPosition":[25.4172,323.928,-35.0784],"stabilizedTipPosition":[-17.1522,324.456,19.8965],"timeVisible":67.7256,"tipPosition":[17.4376,338.338,-67.2739],"tipVelocity":[134.407,137.958,-224.483],"tool":false,"touchDistance":-0.710334,"touchZone":"hovering","type":1,"width":19.2893},{"bases":[[[0.999135,-0.0198633,0.0365444],[-0.00631584,0.795962,0.605314],[-0.0411114,-0.605021,0.795148]],[[0.998049,-0.0325803,0.0532554],[0.059994,0.736518,-0.673753],[-0.0172724,0.675633,0.737035]],[[0.998049,-0.0325803,0.0532554],[0.0351153,-0.412344,-0.910351],[0.0516191,0.910446,-0.410395]],[[0.998049,-0.0325803,0.0532554],[0.00300206,-0.826997,-0.562198],[0.0623587,0.561261,-0.825286]]],"btipPosition":[57.0403,228.878,-10.1363],"carpPosition":[55.9822,255.596,53.5094],"dipPosition":[58.2089,239.396,-25.6021],"direction":[-0.0516191,-0.910446,0.410395],"extended":false,"handId":699,"id":6992,"length":66.821,"mcpPosition":[58.8425,297.69,-1.81291],"pipPosition":[59.6727,265.214,-37.24],"stabilizedTipPosition":[39.906,216.741,19.303],"timeVisible":67.7256,"tipPosition":[57.3274,231.29,-13.9449],"tipVelocity":[75.7435,203.246,-193.878],"tool":false,"touchDistance":0.333333,"touchZone":"none","type":2,"width":18.9446},{"bases":[[[0.979809,-0.168627,0.107423],[0.0637766,0.772816,0.631417],[-0.189492,-0.611817,0.767967]],[[0.983995,-0.15419,0.0893307],[0.175344,0.74842,-0.639627],[0.0317674,0.645053,0.763477]],[[0.983995,-0.15419,0.0893307],[0.0243526,-0.38024,-0.924567],[0.176526,0.911944,-0.3704]],[[0.983995,-0.15419,0.0893307],[-0.0718514,-0.802046,-0.592925],[0.163071,0.577016,-0.800288]]],"btipPosition":[70.697,230.096,-2.99826],"carpPosition":[68.1905,256.563,53.8479],"dipPosition":[73.7354,240.848,-17.9095],"direction":[-0.176526,-0.911944,0.3704],"extended":false,"handId":699,"id":6993,"length":64.2502,"mcpPosition":[80.0275,294.781,5.87558],"pipPosition":[78.612,266.04,-28.1419],"stabilizedTipPosition":[57.4443,219.891,21.1718],"timeVisible":67.7256,"tipPosition":[71.4986,232.592,-6.72486],"tipVelocity":[76.0791,190.545,-197.995],"tool":false,"touchDistance":0.333333,"touchZone":"none","type":3,"width":18.027},{"bases":[[[0.927195,-0.363663,0.0897696],[0.198403,0.680072,0.705789],[-0.317719,-0.636594,0.702711]],[[0.944846,-0.324161,0.0467454],[0.289696,0.76061,-0.580989],[0.152779,0.562488,0.812568]],[[0.944846,-0.324161,0.0467454],[-0.0559695,-0.300442,-0.952157],[0.322696,0.897025,-0.302015]],[[0.944846,-0.324161,0.0467454],[-0.215486,-0.722775,-0.656629],[0.24664,0.610341,-0.752764]]],"btipPosition":[83.4135,239.654,1.51356],"carpPosition":[80.9623,250.665,51.9698],"dipPosition":[87.653,250.145,-11.4258],"direction":[-0.322696,-0.897025,0.302015],"extended":false,"handId":699,"id":6994,"length":50.3709,"mcpPosition":[99.3343,287.475,11.3358],"pipPosition":[93.9471,267.641,-17.3165],"stabilizedTipPosition":[73.8941,231.511,18.3383],"timeVisible":67.7256,"tipPosition":[83.8552,242.278,-1.6262],"tipVelocity":[87.635,183.707,-219.158],"tool":false,"touchDistance":0.333333,"touchZone":"none","type":4,"width":16.013}],"r":[[0.853257,0.0663179,0.517256],[-0.0739808,0.997243,-0.00581999],[-0.516216,-0.033301,0.855811]],"s":1.20671,"t":[25.1036,-7.261,-144.866],"timestamp":523785874304},false],[5,{"currentFrameRate":103.533,"devices":[],"gestures":[],"hands":[{"armBasis":[[0.91889,0.317051,-0.234776],[-0.14541,0.825389,0.545517],[0.366738,-0.467132,0.804544]],"armWidth":63.5437,"confidence":0.486931,"direction":[0.0498361,0.723157,-0.688883],"elbow":[164.803,116.815,270.482],"grabStrength":0,"id":699,"palmNormal":[0.159762,-0.686631,-0.709235],"palmPosition":[61.9352,278.008,12.5662],"palmVelocity":[98.1824,168.669,-152.976],"palmWidth":90.7382,"pinchStrength":0.24792,"r":[[0.853529,0.0619011,0.517356],[-0.072717,0.997352,0.000635515],[-0.515947,-0.038163,0.85577]],"s":1.20359,"sphereCenter":[34.6655,267.957,-29.8913],"sphereRadius":54.01,"stabilizedPalmPosition":[44.6275,261.079,51.8878],"t":[25.9139,-5.91413,-145.889],"timeVisible":67.7344,"type":"right","wrist":[66.0577,242.592,53.8567]}],"id":4285080,"interactionBox":{"center":[0,200,0],"size":[235.247,235.247,147.751]},"pointables":[{"bases":[[[0.263551,0.785317,0.560195],[-0.884341,-0.0352797,0.465507],[0.385334,-0.618088,0.68519]],[[0.1928,0.880532,0.433003],[-0.812596,-0.104075,0.57346],[0.550014,-0.462419,0.695451]],[[0.1928,0.880532,0.433003],[-0.97757,0.134246,0.162278],[0.0847623,-0.454578,0.886665]],[[0.1928,0.880532,0.433003],[-0.585261,0.457388,-0.669527],[-0.78759,-0.124335,0.603525]]],"btipPosition":[27.7001,271.982,-34.5408],"carpPosition":[39.5801,230.605,44.3116],"dipPosition":[9.31865,269.08,-20.4553],"direction":[-0.0847623,0.454578,-0.886665],"extended":true,"handId":699,"id":6990,"length":51.9721,"mcpPosition":[39.5801,230.605,44.3116],"pipPosition":[12.2007,253.624,9.69245],"stabilizedTipPosition":[-6.06941,255.798,47.2382],"timeVisible":67.7344,"tipPosition":[23.37,272.112,-29.8598],"tipVelocity":[105.376,167.024,-227.315],"tool":false,"touchDistance":-0.6835,"touchZone":"hovering","type":0,"width":20.194},{"bases":[[[0.980268,0.195071,0.0319616],[-0.175263,0.782924,0.59692],[0.0914182,-0.590743,0.801664]],[[0.952229,0.288816,-0.0992276],[-0.126675,0.669208,0.732198],[0.277874,-0.68465,0.673825]],[[0.952229,0.288816,-0.0992276],[-0.212606,0.860209,0.463508],[0.219225,-0.420269,0.880519]],[[0.952229,0.288816,-0.0992276],[-0.266443,0.944495,0.192191],[0.149228,-0.156572,0.976328]]],"btipPosition":[18.4875,337.782,-73.5478],"carpPosition":[44.9262,252.311,51.9947],"dipPosition":[21.03,335.115,-56.9128],"direction":[-0.219225,0.420269,-0.880519],"extended":true,"handId":699,"id":6991,"length":58.6448,"mcpPosition":[38.2192,295.652,-6.82021],"pipPosition":[26.3141,324.985,-35.6892],"stabilizedTipPosition":[-15.2578,325.12,15.2097],"timeVisible":67.7344,"tipPosition":[18.6125,338.965,-68.1082],"tipVelocity":[134.493,118.729,-190.049],"tool":false,"touchDistance":-0.680199,"touchZone":"hovering","type":1,"width":19.2893},{"bases":[[[0.999025,-0.0228808,0.0377438],[-0.00496376,0.791472,0.611185],[-0.0438575,-0.610777,0.790587]],[[0.997889,-0.0356601,0.0542835],[0.0628462,0.741094,-0.668454],[-0.016392,0.670454,0.74177]],[[0.997889,-0.0356601,0.0542835],[0.0351208,-0.406784,-0.912849],[0.0546339,0.912828,-0.404673]],[[0.997889,-0.0356601,0.0542835],[0.00141536,-0.823651,-0.567095],[0.0649333,0.565974,-0.821862]]],"btipPosition":[57.5556,230.133,-10.8571],"carpPosition":[56.4824,256.357,52.9253],"dipPosition":[58.7725,240.739,-26.2588],"direction":[-0.0546339,-0.912828,0.404673],"extended":false,"handId":699,"id":6992,"length":66.821,"mcpPosition":[59.5338,298.852,-2.07974],"pipPosition":[60.3217,266.625,-37.7344],"stabilizedTipPosition":[42.4724,219.007,14.479],"timeVisible":67.7344,"tipPosition":[57.8532,232.56,-14.6626],"tipVelocity":[71.5946,187.912,-163.606],"tool":false,"touchDistance":0.333333,"touchZone":"none","type":2,"width":18.9446},{"bases":[[[0.979195,-0.172111,0.107492],[0.0650292,0.767941,0.637211],[-0.192219,-0.616964,0.763157]],[[0.983327,-0.157987,0.0900478],[0.178415,0.742429,-0.64573],[0.0351625,0.651029,0.758238]],[[0.983327,-0.157987,0.0900478],[0.0216614,-0.389895,-0.920605],[0.180552,0.907206,-0.379972]],[[0.983327,-0.157987,0.0900478],[-0.0755737,-0.805435,-0.587846],[0.165399,0.57124,-0.803945]]],"btipPosition":[71.0639,231.116,-2.69224],"carpPosition":[68.693,257.288,53.2874],"dipPosition":[74.1457,241.759,-17.6716],"direction":[-0.180552,-0.907206,0.379972],"extended":false,"handId":699,"id":6993,"length":64.2502,"mcpPosition":[80.7002,295.828,5.61556],"pipPosition":[79.1335,266.821,-28.1684],"stabilizedTipPosition":[59.6711,222.016,16.9277],"timeVisible":67.7344,"tipPosition":[71.9114,233.663,-6.73778],"tipVelocity":[67.258,170,-136.086],"tool":false,"touchDistance":0.333333,"touchZone":"none","type":3,"width":18.027},{"bases":[[[0.926072,-0.366866,0.0883234],[0.199299,0.674278,0.711076],[-0.320424,-0.640904,0.697546]],[[0.943878,-0.327124,0.0456471],[0.292835,0.764877,-0.573769],[0.152779,0.554935,0.817744]],[[0.943878,-0.327124,0.0456471],[-0.0550649,-0.292116,-0.954796],[0.325671,0.898698,-0.293735]],[[0.943878,-0.327124,0.0456471],[-0.216398,-0.716875,-0.662768],[0.24953,0.615695,-0.747432]]],"btipPosition":[83.951,240.749,0.789641],"carpPosition":[81.4511,251.369,51.3829],"dipPosition":[88.2402,251.332,-12.058],"direction":[-0.325671,-0.898698,0.293735],"extended":false,"handId":699,"id":6994,"length":50.3709,"mcpPosition":[99.9795,288.429,11.0475],"pipPosition":[94.5923,268.861,-17.7873],"stabilizedTipPosition":[75.5137,233.223,15.3311],"timeVisible":67.7344,"tipPosition":[84.4199,243.38,-2.29971],"tipVelocity":[80.9921,168.733,-182.018],"tool":false,"touchDistance":0.333333,"touchZone":"none","type":4,"width":16.013}],"r":[[0.853529,0.0619011,0.517356],[-0.072717,0.997352,0.000635515],[-0.515947,-0.038163,0.85577]],"s":1.20359,"t":[25.9139,-5.91413,-145.889],"timestamp":523785883041},false],[6,{"currentFrameRate":103.748,"devices":[],"gestures":[],"hands":[{"armBasis":[[0.917422,0.316469,-0.241213],[-0.143851,0.828968,0.54048],[0.371003,-0.46115,0.806038]],"armWidth":63.5437,"confidence":0.493097,"direction":[0.0518515,0.727223,-0.68444],"elbow":[166.749,119.594,270.024],"grabStrength":0,"id":699,"palmNormal":[0.159652,-0.682584,-0.713155],"palmPosition":[62.8419,279.431,11.9147],"palmVelocity":[98.186,164.587,-129.851],"palmWidth":90.7382,"pinchStrength":0.259254,"r":[[0.853623,0.0574804,0.51771],[-0.0713996,0.997423,0.00698469],[-0.515974,-0.0429266,0.855528]],"s":1.19993,"sphereCenter":[36.2878,269.407,-30.7313],"sphereRadius":53.6506,"stabilizedPalmPosition":[46.9706,263.44,46.7456],"t":[26.7724,-4.52919,-146.726],"timeVisible":67.7436,"type":"right","wrist":[66.8557,243.76,52.9961]}],"id":4285081,"interactionBox":{"center":[0,200,0],"size":[235.247,235.247,147.751]},"pointables":[{"bases":[[[0.264009,0.781517,0.56527],[-0.885009,-0.03673,0.464123],[0.383483,-0.622802,0.681953]],[[0.189363,0.882303,0.430909],[-0.818048,-0.100964,0.566218],[0.543082,-0.459726,0.702648]],[[0.189363,0.882303,0.430909],[-0.978445,0.132733,0.158201],[0.0823855,-0.451579,0.88842]],[[0.189363,0.882303,0.430909],[-0.586039,0.453671,-0.671372],[-0.787845,-0.125397,0.602973]]],"btipPosition":[28.9242,273.037,-35.9134],"carpPosition":[40.3724,231.872,43.3441],"dipPosition":[10.5368,270.111,-21.8407],"direction":[-0.0823855,0.451579,-0.88842],"extended":true,"handId":699,"id":6990,"length":51.9721,"mcpPosition":[40.3724,231.872,43.3441],"pipPosition":[13.3381,254.757,8.36669],"stabilizedTipPosition":[-4.0085,256.908,41.8847],"timeVisible":67.7436,"tipPosition":[24.5263,273.291,-31.2024],"tipVelocity":[112.968,152.061,-205.335],"tool":false,"touchDistance":-0.664116,"touchZone":"hovering","type":0,"width":20.194},{"bases":[[[0.980522,0.19337,0.0344259],[-0.174856,0.779577,0.601403],[0.0894556,-0.595708,0.798204]],[[0.952792,0.287962,-0.0962529],[-0.130622,0.674937,0.726222],[0.274089,-0.679366,0.680689]],[[0.952792,0.287962,-0.0962529],[-0.21632,0.866268,0.450318],[0.213055,-0.408238,0.887665]],[[0.952792,0.287962,-0.0962529],[-0.268762,0.947383,0.173877],[0.141258,-0.139799,0.980052]]],"btipPosition":[19.8934,338.556,-74.6534],"carpPosition":[45.7415,253.523,51.165],"dipPosition":[22.3002,336.174,-57.9549],"direction":[-0.213055,0.408238,-0.887665],"extended":true,"handId":699,"id":6991,"length":58.6448,"mcpPosition":[39.1785,297.228,-7.396],"pipPosition":[27.4356,326.334,-36.5591],"stabilizedTipPosition":[-13.1251,325.89,10.0714],"timeVisible":67.7436,"tipPosition":[19.9898,339.83,-69.2247],"tipVelocity":[138.533,110.93,-169.877],"tool":false,"touchDistance":-0.656877,"touchZone":"hovering","type":1,"width":19.2893},{"bases":[[[0.998939,-0.0246415,0.0389173],[-0.00456373,0.787777,0.615944],[-0.0458359,-0.615467,0.786828]],[[0.997766,-0.037467,0.0553122],[0.0647823,0.744907,-0.664016],[-0.0163238,0.666115,0.74567]],[[0.997766,-0.037467,0.0553122],[0.035623,-0.402042,-0.914928],[0.0565174,0.914854,-0.399809]],[[0.997766,-0.037467,0.0553122],[0.000845282,-0.82079,-0.571229],[0.066802,0.57,-0.818925]]],"btipPosition":[58.4217,231.723,-11.7661],"carpPosition":[57.3026,257.545,52.1352],"dipPosition":[59.6736,242.405,-27.1128],"direction":[-0.0565174,-0.914854,0.399809],"extended":false,"handId":699,"id":6992,"length":66.821,"mcpPosition":[60.4917,300.366,-2.60831],"pipPosition":[61.2763,268.348,-38.4504],"stabilizedTipPosition":[45.1421,221.502,9.58346],"timeVisible":67.7436,"tipPosition":[58.7267,234.164,-15.5649],"tipVelocity":[78.0723,184.041,-144.94],"tool":false,"touchDistance":0.333333,"touchZone":"none","type":2,"width":18.9446},{"bases":[[[0.978788,-0.174259,0.107737],[0.0653588,0.763982,0.641919],[-0.19417,-0.621261,0.759166]],[[0.982935,-0.160144,0.090516],[0.180584,0.746256,-0.640696],[0.0350556,0.646108,0.762441]],[[0.982935,-0.160144,0.090516],[0.0223748,-0.384321,-0.922928],[0.182589,0.909203,-0.37418]],[[0.982935,-0.160144,0.090516],[-0.0760706,-0.801872,-0.592633],[0.167489,0.575634,-0.80037]]],"btipPosition":[71.9165,232.634,-3.6253],"carpPosition":[69.5141,258.456,52.519],"dipPosition":[75.0372,243.359,-18.538],"direction":[-0.182589,-0.909203,0.37418],"extended":false,"handId":699,"id":6993,"length":64.2502,"mcpPosition":[81.6432,297.264,5.0964],"pipPosition":[80.0813,268.476,-28.8749],"stabilizedTipPosition":[61.9973,224.364,12.624],"timeVisible":67.7436,"tipPosition":[72.771,235.194,-7.6342],"tipVelocity":[74.5679,169.004,-125.791],"tool":false,"touchDistance":0.333333,"touchZone":"none","type":3,"width":18.027},{"bases":[[[0.925393,-0.368813,0.0873241],[0.199387,0.66967,0.715393],[-0.322324,-0.644608,0.693244]],[[0.943296,-0.328893,0.0449662],[0.294832,0.767843,-0.568764],[0.152536,0.54977,0.821271]],[[0.943296,-0.328893,0.0449662],[-0.0542437,-0.28636,-0.956585],[0.327491,0.899904,-0.287963]],[[0.943296,-0.328893,0.0449662],[-0.216651,-0.712605,-0.667275],[0.251506,0.619696,-0.743453]]],"btipPosition":[84.8146,242.213,-0.0543097],"carpPosition":[82.2656,252.528,50.5956],"dipPosition":[89.1377,252.865,-12.8336],"direction":[-0.327491,-0.899904,0.287963],"extended":false,"handId":699,"id":6994,"length":50.3709,"mcpPosition":[100.904,289.803,10.5089],"pipPosition":[95.5254,270.417,-18.4502],"stabilizedTipPosition":[77.1723,235.066,12.3791],"timeVisible":67.7436,"tipPosition":[85.2968,244.859,-3.12747],"tipVelocity":[84.7487,166.341,-156.115],"tool":false,"touchDistance":0.333333,"touchZone":"none","type":4,"width":16.013}],"r":[[0.853623,0.0574804,0.51771],[-0.0713996,0.997423,0.00698469],[-0.515974,-0.0429266,0.855528]],"s":1.19993,"t":[26.7724,-4.52919,-146.726],"timestamp":523785892274}