{"sensorType":"Leap","data":[[0,{"currentFrameRate":109.866,"devices":[],"gestures":[],"hands":[{"armBasis":[[0.939141,0.0714399,-0.336021],[0.106615,0.869228,0.48278],[0.326568,-0.489224,0.808711]],"armWidth":63.5437,"confidence":0.584557,"direction":[-0.0285776,0.765132,-0.643239],"elbow":[157.773,119.22,273.999],"grabStrength":0,"id":699,"palmNormal":[-0.12461,-0.641209,-0.757181],"palmPosition":[60.2291,289.83,19.2149],"palmVelocity":[86.9856,152.976,-173.223],"palmWidth":90.7382,"pinchStrength":0.736236,"r":[[0.961401,-0.0991293,0.256674],[0.0763626,0.992329,0.0972198],[-0.264343,-0.0738669,0.961596]],"s":1.03415,"sphereCenter":[49.5133,278.063,-24.1216],"sphereRadius":45.7122,"stabilizedPalmPosition":[45.2548,264.033,98.2772],"t":[24.2678,5.833,-138.7],"timeVisible":55.5414,"type":"right","wrist":[69.8441,250.945,56.2516]}],"id":4283766,"interactionBox":{"center":[0,200,0],"size":[235.247,235.247,147.751]},"pointables":[{"bases":[[[0.504974,0.69927,0.505987],[-0.73131,0.035247,0.681134],[0.458462,-0.713988,0.529182]],[[0.291006,0.919326,0.264869],[-0.798698,0.0810343,0.596251],[0.526685,-0.385063,0.757845]],[[0.291006,0.919326,0.264869],[-0.954155,0.258616,0.150686],[0.0700299,-0.296577,0.952438]],[[0.291006,0.919326,0.264869],[-0.708327,0.39313,-0.586279],[-0.643109,-0.0170038,0.765586]]],"btipPosition":[26.8139,272.741,-34.4538],"carpPosition":[40.4037,243.092,53.5232],"dipPosition":[11.8045,272.344,-16.586],"direction":[-0.0700299,0.296577,-0.952438],"extended":false,"handId":699,"id":6990,"length":51.9721,"mcpPosition":[40.4037,243.092,53.5232],"pipPosition":[14.1856,262.26,15.7981],"stabilizedTipPosition":[-14.2931,284.044,140.176],"timeVisible":55.5414,"tipPosition":[23.8129,272.668,-29.3552],"tipVelocity":[82.4971,146.227,-207.651],"tool":false,"touchDistance":-0.626182,"touchZone":"hovering","type":0,"width":20.194},{"bases":[[[0.972916,0.070782,-0.220055],[0.0943504,0.747461,0.657571],[0.211027,-0.660524,0.720539]],[[0.98134,0.0413295,-0.187785],[0.0715034,0.828146,0.555934],[0.17849,-0.558987,0.809737]],[[0.98134,0.0413295,-0.187785],[0.0332583,0.925421,0.377479],[0.189381,-0.376681,0.906778]],[[0.98134,0.0413295,-0.187785],[0.00288702,0.973349,0.229311],[0.192258,-0.225574,0.955067]]],"btipPosition":[19.5357,348.62,-65.1748],"carpPosition":[50.5055,263.289,60.5095],"dipPosition":[22.8115,344.777,-48.902],"direction":[-0.189381,0.376681,-0.906778],"extended":true,"handId":699,"id":6991,"length":58.6448,"mcpPosition":[35.0234,311.749,7.64649],"pipPosition":[27.3762,335.698,-27.0455],"stabilizedTipPosition":[-1.20335,356.098,116.883],"timeVisible":55.5414,"tipPosition":[20.0973,348.577,-60.888],"tipVelocity":[97.414,116.714,-204.064],"tool":false,"touchDistance":-0.644902,"touchZone":"hovering","type":1,"width":19.2893},{"bases":[[[0.962046,-0.147576,-0.229538],[0.262085,0.733984,0.626561],[0.0760122,-0.66294,0.744804]],[[0.962821,-0.154824,-0.221372],[0.013733,0.846461,-0.532273],[0.269791,0.509444,0.817117]],[[0.962821,-0.154824,-0.221372],[-0.261541,-0.329131,-0.907342],[0.0676179,0.931505,-0.357387]],[[0.962821,-0.154824,-0.221372],[-0.250044,-0.820924,-0.513383],[-0.102245,0.549648,-0.829115]]],"btipPosition":[44.1019,250.726,-6.89424],"carpPosition":[62.3599,265.805,58.5295],"dipPosition":[42.1858,261.026,-22.4319],"direction":[-0.0676179,-0.931505,0.357387],"extended":false,"handId":699,"id":6992,"length":66.821,"mcpPosition":[57.0713,311.929,6.70981],"pipPosition":[44.1033,287.442,-32.5665],"stabilizedTipPosition":[14.3227,237.707,100.115],"timeVisible":55.5414,"tipPosition":[43.8572,252.742,-9.2894],"tipVelocity":[95.5337,147.16,-181.701],"tool":false,"touchDistance":0.333333,"touchZone":"none","type":2,"width":18.9446},{"bases":[[[0.940234,-0.298433,-0.164008],[0.332439,0.700057,0.631984],[-0.0737897,-0.648735,0.757428]],[[0.942644,-0.26803,-0.198954],[0.117417,0.824184,-0.554016],[0.312467,0.498879,0.808384]],[[0.942644,-0.26803,-0.198954],[-0.281928,-0.320179,-0.904435],[0.178715,0.908651,-0.37738]],[[0.942644,-0.26803,-0.198954],[-0.333092,-0.794112,-0.508367],[-0.0217341,0.545478,-0.837843]]],"btipPosition":[60.4163,248.239,-1.61171],"carpPosition":[74.2613,265.208,55.6844],"dipPosition":[60.0114,258.402,-17.2226],"direction":[-0.178715,-0.908651,0.37738],"extended":false,"handId":699,"id":6993,"length":64.2502,"mcpPosition":[78.8707,305.732,8.37042],"pipPosition":[64.9484,283.504,-27.6479],"stabilizedTipPosition":[29.0952,235.19,102.208],"timeVisible":55.5414,"tipPosition":[60.4477,250.27,-4.00695],"tipVelocity":[94.8903,157.127,-195.778],"tool":false,"touchDistance":0.333333,"touchZone":"none","type":3,"width":18.027},{"bases":[[[0.857434,-0.483051,-0.177394],[0.466799,0.585035,0.663199],[-0.216577,-0.651457,0.727117]],[[0.799743,-0.599368,-0.0341794],[0.493628,0.688921,-0.530772],[0.341675,0.407609,0.846825]],[[0.799743,-0.599368,-0.0341794],[-0.233938,-0.258702,-0.937201],[0.552886,0.757516,-0.34711]],[[0.799743,-0.599368,-0.0341794],[-0.51662,-0.658097,-0.547733],[0.3058,0.455703,-0.835955]]],"btipPosition":[69.5879,258.639,-0.571562],"carpPosition":[85.1526,257.95,50.1944],"dipPosition":[74.8444,266.472,-14.9409],"direction":[-0.552886,-0.757516,0.34711],"extended":false,"handId":699,"id":6994,"length":50.3709,"mcpPosition":[97.6761,295.62,8.14906],"pipPosition":[85.6282,281.247,-21.7111],"stabilizedTipPosition":[42.1586,242.655,95.4367],"timeVisible":55.5414,"tipPosition":[70.7847,260.09,-2.78617],"tipVelocity":[99.2534,158.588,-191.935],"tool":false,"touchDistance":0.333333,"touchZone":"none","type":4,"width":16.013}],"r":[[0.961401,-0.0991293,0.256674],[0.0763626,0.992329,0.0972198],[-0.264343,-0.0738669,0.961596]],"s":1.03415,"t":[24.2678,5.833,-138.7],"timestamp":523773690129},false],[1,{"currentFrameRate":109.764,"devices":[],"gestures":[],"hands":[{"armBasis":[[0.940009,0.0691066,-0.334076],[0.106257,0.871246,0.479207],[0.324179,-0.485957,0.811637]],"armWidth":63.5437,"confidence":0.587516,"direction":[-0.0291233,0.763218,-0.645485],"elbow":[157.666,121.214,273.798],"grabStrength":0,"id":699,"palmNormal":[-0.124518,-0.643499,-0.755251],"palmPosition":[60.7365,290.83,18.1143],"palmVelocity":[77.8513,140.19,-157.772],"palmWidth":90.7382,"pinchStrength":0.736994,"r":[[0.961062,-0.0970332,0.258738],[0.0746194,0.992666,0.095107],[-0.266069,-0.0720969,0.961254]],"s":1.03352,"sphereCenter":[50.139,278.892,-25.2366],"sphereRadius":45.6993,"stabilizedPalmPosition":[45.7529,264.895,95.6981],"t":[24.8967,7.04391,-140.032],"timeVisible":55.5507,"type":"right","wrist":[70.3804,252.059,55.2628]}],"id":4283767,"interactionBox":{"center":[0,200,0],"size":[235.247,235.247,147.751]},"pointables":[{"bases":[[[0.504783,0.700999,0.503779],[-0.731134,0.0369079,0.681234],[0.458952,-0.712206,0.531155]],[[0.289719,0.920823,0.261052],[-0.800521,0.0836282,0.593441],[0.524623,-0.380909,0.761366]],[[0.289719,0.920823,0.261052],[-0.954471,0.257716,0.150227],[0.0710554,-0.29269,0.953564]],[[0.289719,0.920823,0.261052],[-0.713054,0.389599,-0.582895],[-0.638449,-0.0172686,0.76947]]],"btipPosition":[27.3122,273.5,-35.7154],"carpPosition":[40.943,244.184,52.5659],"dipPosition":[12.4116,273.097,-17.7569],"direction":[-0.0710554,0.29269,-0.953564],"extended":false,"handId":699,"id":6990,"length":51.9721,"mcpPosition":[40.943,244.184,52.5659],"pipPosition":[14.8275,263.145,14.6655],"stabilizedTipPosition":[-13.6632,283.868,137.342],"timeVisible":55.5507,"tipPosition":[24.2988,273.459,-30.5843],"tipVelocity":[75.1136,127.992,-186.74],"tool":false,"touchDistance":-0.610508,"touchZone":"hovering","type":0,"width":20.194},{"bases":[[[0.97282,0.0705953,-0.220538],[0.0941797,0.749442,0.655337],[0.211544,-0.658296,0.722424]],[[0.981263,0.0412606,-0.188204],[0.0712458,0.829866,0.553396],[0.179018,-0.556436,0.811377]],[[0.981263,0.0412606,-0.188204],[0.0329336,0.926508,0.37483],[0.189839,-0.374005,0.907789]],[[0.981263,0.0412606,-0.188204],[0.0025227,0.973966,0.226678],[0.192658,-0.222906,0.955613]]],"btipPosition":[19.989,349.355,-66.4368],"carpPosition":[51.0372,264.406,59.4897],"dipPosition":[23.2715,345.557,-50.1547],"direction":[-0.189839,0.374005,-0.907789],"extended":true,"handId":699,"id":6991,"length":58.6448,"mcpPosition":[35.5171,312.703,6.4884],"pipPosition":[27.8473,336.542,-28.2738],"stabilizedTipPosition":[-1.00321,356.029,115.246],"timeVisible":55.5507,"tipPosition":[20.5543,349.316,-62.1545],"tipVelocity":[83.7413,106.415,-184.746],"tool":false,"touchDistance":-0.627643,"touchZone":"hovering","type":1,"width":19.2893},{"bases":[[[0.962052,-0.147795,-0.229375],[0.261912,0.735953,0.62432],[0.0765377,-0.660704,0.746734]],[[0.962852,-0.155219,-0.220959],[0.01391,0.845702,-0.533474],[0.269671,0.510583,0.816445]],[[0.962852,-0.155219,-0.220959],[-0.261381,-0.330314,-0.906958],[0.0677911,0.931021,-0.358615]],[[0.962852,-0.155219,-0.220959],[-0.249963,-0.821884,-0.511884],[-0.102149,0.5481,-0.830152]]],"btipPosition":[44.5943,251.676,-7.97259],"carpPosition":[62.8898,266.923,57.4989],"dipPosition":[42.68,261.947,-23.5296],"direction":[-0.0677911,-0.931021,0.358615],"extended":false,"handId":699,"id":6992,"length":66.821,"mcpPosition":[57.5647,312.891,5.54495],"pipPosition":[44.6024,288.349,-33.6991],"stabilizedTipPosition":[15.3928,238.293,96.1096],"timeVisible":55.5507,"tipPosition":[44.3503,253.692,-10.3923],"tipVelocity":[83.5461,134.279,-163.316],"tool":false,"touchDistance":0.333333,"touchZone":"none","type":2,"width":18.9446},{"bases":[[[0.940329,-0.298468,-0.163393],[0.332284,0.702076,0.629823],[-0.0732673,-0.646534,0.759359]],[[0.942736,-0.267713,-0.198946],[0.118005,0.825598,-0.551782],[0.311969,0.496708,0.809912]],[[0.942736,-0.267713,-0.198946],[-0.281302,-0.317672,-0.905513],[0.179218,0.909623,-0.374789]],[[0.942736,-0.267713,-0.198946],[-0.33284,-0.793732,-0.509124],[-0.021611,0.546187,-0.837385]]],"btipPosition":[60.9191,249.272,-2.91267],"carpPosition":[74.7907,266.322,54.6523],"dipPosition":[60.5164,259.449,-18.5151],"direction":[-0.179218,-0.909623,0.374789],"extended":false,"handId":699,"id":6993,"length":64.2502,"mcpPosition":[79.3674,306.709,7.21766],"pipPosition":[65.4674,284.578,-28.8687],"stabilizedTipPosition":[30.4123,235.872,97.6957],"timeVisible":55.5507,"tipPosition":[60.9467,251.301,-5.29469],"tipVelocity":[83.4022,144.278,-179.986],"tool":false,"touchDistance":0.333333,"touchZone":"none","type":3,"width":18.027},{"bases":[[[0.857614,-0.483164,-0.176211],[0.466707,0.58721,0.661338],[-0.216062,-0.649412,0.729096]],[[0.799789,-0.599418,-0.0321811],[0.495256,0.689202,-0.528887],[0.339204,0.40706,0.848082]],[[0.799789,-0.599418,-0.0321811],[-0.231188,-0.258108,-0.938047],[0.553976,0.75768,-0.34501]],[[0.799789,-0.599418,-0.0321811],[-0.515581,-0.658495,-0.548234],[0.30743,0.455063,-0.835706]]],"btipPosition":[70.1273,259.652,-1.78937],"carpPosition":[85.6839,259.053,49.1806],"dipPosition":[75.4118,267.474,-16.1544],"direction":[-0.553976,-0.75768,0.34501],"extended":false,"handId":699,"id":6994,"length":50.3709,"mcpPosition":[98.1777,296.606,7.02079],"pipPosition":[86.2169,282.252,-22.8837],"stabilizedTipPosition":[43.5494,243.551,90.6458],"timeVisible":55.5507,"tipPosition":[71.3223,261.101,-3.99976],"tipVelocity":[87.8246,144.516,-174.732],"tool":false,"touchDistance":0.333333,"touchZone":"none","type":4,"width":16.013}],"r":[[0.961062,-0.0970332,0.258738],[0.0746194,0.992666,0.095107],[-0.266069,-0.0720969,0.961254]],"s":1.03352,"t":[24.8967,7.04391,-140.032],"timestamp":523773699421},false],[2,{"currentFrameRate":109.938,"devices":[],"gestures":[],"hands":[{"armBasis":[[0.935145,0.0741403,-0.346421],[0.106778,0.873394,0.475165],[0.33779,-0.481338,0.808833]],"armWidth":63.5437,"confidence":0.591132,"direction":[-0.0246257,0.763982,-0.644767],"elbow":[161.536,123.98,271.515],"grabStrength":0,"id":699,"palmNormal":[-0.12382,-0.642327,-0.756362],"palmPosition":[61.1842,292.42,16.5946],"palmVelocity":[70.6179,151.154,-161.859],"palmWidth":90.7382,"pinchStrength":0.7359,"r":[[0.960548,-0.0959798,0.261027],[0.0737527,0.992867,0.0936767],[-0.268156,-0.0707296,0.960776]],"s":1.03301,"sphereCenter":[50.8361,280.535,-26.8487],"sphereRadius":45.6914,"stabilizedPalmPosition":[46.2703,265.818,93.0461],"t":[25.435,8.44427,-141.457],"timeVisible":55.5595,"type":"right","wrist":[70.5846,253.581,53.7348]}],"id":4283768,"interactionBox":{"center":[0,200,0],"size":[235.247,235.247,147.751]},"pointables":[{"bases":[[[0.50512,0.698963,0.506266],[-0.733371,0.0383631,0.678746],[0.454996,-0.714129,0.531976]],[[0.289574,0.920932,0.260827],[-0.804677,0.0866689,0.587352],[0.518306,-0.379963,0.766151]],[[0.289574,0.920932,0.260827],[-0.954673,0.258279,0.147957],[0.0688926,-0.291849,0.95398]],[[0.289574,0.920932,0.260827],[-0.717185,0.389226,-0.578057],[-0.633872,-0.0196708,0.773188]]],"btipPosition":[27.7838,275.093,-37.6924],"carpPosition":[41.1334,245.796,50.9279],"dipPosition":[12.9899,274.634,-19.6471],"direction":[-0.0688926,0.291849,-0.95398],"extended":false,"handId":699,"id":6990,"length":51.9721,"mcpPosition":[41.1334,245.796,50.9279],"pipPosition":[15.3324,264.711,12.7894],"stabilizedTipPosition":[-13.0184,283.718,134.446],"timeVisible":55.5595,"tipPosition":[24.7854,275.099,-32.5085],"tipVelocity":[70.0968,141.938,-196.427],"tool":false,"touchDistance":-0.607147,"touchZone":"hovering","type":0,"width":20.194},{"bases":[[[0.973782,0.0679342,-0.217104],[0.0941411,0.748466,0.656457],[0.207091,-0.659684,0.722447]],[[0.982008,0.0386107,-0.18485],[0.0717665,0.829124,0.55444],[0.174671,-0.557731,0.811435]],[[0.982008,0.0386107,-0.18485],[0.0344046,0.92591,0.376173],[0.185679,-0.375765,0.907923]],[[0.982008,0.0386107,-0.18485],[0.00468652,0.97359,0.228256],[0.188781,-0.225016,0.955892]]],"btipPosition":[20.8947,351.166,-68.0305],"carpPosition":[51.2637,265.981,57.9081],"dipPosition":[24.1112,347.332,-51.7438],"direction":[-0.185679,0.375765,-0.907923],"extended":true,"handId":699,"id":6991,"length":58.6448,"mcpPosition":[36.0702,314.38,4.90509],"pipPosition":[28.5867,338.275,-29.8596],"stabilizedTipPosition":[-0.769931,355.97,113.396],"timeVisible":55.5595,"tipPosition":[21.4515,351.102,-63.7563],"tipVelocity":[88.4806,132.981,-183.813],"tool":false,"touchDistance":-0.617102,"touchZone":"hovering","type":1,"width":19.2893},{"bases":[[[0.962395,-0.150413,-0.22621],[0.261939,0.734511,0.626004],[0.0719944,-0.661717,0.746289]],[[0.963159,-0.158007,-0.21762],[0.0188397,0.846853,-0.531492],[0.268272,0.507812,0.818631]],[[0.963159,-0.158007,-0.21762],[-0.259015,-0.327301,-0.908727],[0.0723582,0.931616,-0.35617]],[[0.963159,-0.158007,-0.21762],[-0.250759,-0.820066,-0.514404],[-0.0971831,0.550023,-0.829476]]],"btipPosition":[44.9957,253.369,-9.6667],"carpPosition":[63.1305,268.465,55.9609],"dipPosition":[43.1745,263.676,-25.2111],"direction":[-0.0723582,-0.931616,0.35617],"extended":false,"handId":699,"id":6992,"length":66.821,"mcpPosition":[58.1214,314.503,4.03794],"pipPosition":[45.2264,290.094,-35.3112],"stabilizedTipPosition":[16.4706,238.937,92.0711],"timeVisible":55.5595,"tipPosition":[44.7674,255.394,-12.1024],"tipVelocity":[74.0173,150.238,-171.164],"tool":false,"touchDistance":0.333333,"touchZone":"none","type":2,"width":18.9446},{"bases":[[[0.939998,-0.301091,-0.160465],[0.33219,0.700419,0.631714],[-0.0778105,-0.647114,0.758412]],[[0.942632,-0.270016,-0.196304],[0.123508,0.828385,-0.546373],[0.310145,0.490784,0.814212]],[[0.942632,-0.270016,-0.196304],[-0.278535,-0.312005,-0.908334],[0.184017,0.910903,-0.369315]],[[0.942632,-0.270016,-0.196304],[-0.333409,-0.791087,-0.512855],[-0.0168146,0.548883,-0.83573]]],"btipPosition":[61.3108,250.997,-4.72468],"carpPosition":[75.0393,267.832,53.1547],"dipPosition":[60.9975,261.223,-20.2962],"direction":[-0.184017,-0.910903,0.369315],"extended":false,"handId":699,"id":6993,"length":64.2502,"mcpPosition":[79.8998,308.255,5.7793],"pipPosition":[66.081,286.387,-30.4987],"stabilizedTipPosition":[31.694,236.599,93.2883],"timeVisible":55.5595,"tipPosition":[61.347,253.017,-7.10061],"tipVelocity":[73.5867,158.611,-186.831],"tool":false,"touchDistance":0.333333,"touchZone":"none","type":3,"width":18.027},{"bases":[[[0.856779,-0.485527,-0.173765],[0.466162,0.585121,0.663571],[-0.220508,-0.649536,0.727653]],[[0.797762,-0.602256,-0.029377],[0.50118,0.689387,-0.523033],[0.335252,0.402533,0.851806]],[[0.797762,-0.602256,-0.029377],[-0.226071,-0.253582,-0.940525],[0.558988,0.756957,-0.338451]],[[0.797762,-0.602256,-0.029377],[-0.514893,-0.655067,-0.552967],[0.313784,0.456262,-0.832685]]],"btipPosition":[70.5626,261.295,-3.48475],"carpPosition":[85.9297,260.536,47.7129],"dipPosition":[75.9562,269.138,-17.7979],"direction":[-0.558987,-0.756957,0.338451],"extended":false,"handId":699,"id":6994,"length":50.3709,"mcpPosition":[98.6805,298.096,5.63658],"pipPosition":[86.8591,283.902,-24.3992],"stabilizedTipPosition":[44.8973,244.484,85.9979],"timeVisible":55.5595,"tipPosition":[71.7738,262.746,-5.68751],"tipVelocity":[78.294,156.099,-179.271],"tool":false,"touchDistance":0.333333,"touchZone":"none","type":4,"width":16.013}],"r":[[0.960548,-0.0959798,0.261027],[0.0737527,0.992867,0.0936767],[-0.268156,-0.0707296,0.960776]],"s":1.03301,"t":[25.435,8.44427,-141.457],"timestamp":523773708207},false],[3,{"currentFrameRate":109.803,"devices":[],"gestures":[],"hands":[{"armBasis":[[0.936433,0.0676889,-0.344255],[0.108826,0.876777,0.468421],[0.333542,-0.476109,0.813677]],"armWidth":63.5437,"confidence":0.586661,"direction":[-0.0210428,0.764585,-0.644179],"elbow":[160.698,126.612,271.422],"grabStrength":0,"id":699,"palmNormal":[-0.125241,-0.641262,-0.757032],"palmPosition":[61.678,293.709,15.2166],"palmVelocity":[65.5725,147.395,-157.768],"palmWidth":90.7382,"pinchStrength":0.733135,"r":[[0.959999,-0.0958788,0.263075],[0.0737647,0.992957,0.0927092],[-0.270111,-0.0695952,0.960311]],"s":1.03285,"sphereCenter":[51.4706,281.873,-28.2847],"sphereRadius":45.6954,"stabilizedPalmPosition":[46.8657,266.895,90.0384],"t":[25.951,9.7889,-142.859],"timeVisible":55.5689,"type":"right","wrist":[70.8908,254.806,52.3369]}],"id":4283769,"interactionBox":{"center":[0,200,0],"size":[235.247,235.247,147.751]},"pointables":[{"bases":[[[0.507052,0.696703,0.507447],[-0.734056,0.0404994,0.67788],[0.45173,-0.716215,0.531954]],[[0.290861,0.920773,0.259954],[-0.807361,0.0904172,0.583089],[0.513389,-0.379475,0.769695]],[[0.290861,0.920773,0.259954],[-0.954251,0.259501,0.148539],[0.069312,-0.291266,0.954128]],[[0.290861,0.920773,0.259954],[-0.723622,0.389456,-0.56982],[-0.625916,-0.0223696,0.779569]]],"btipPosition":[28.11,276.447,-39.4631],"carpPosition":[41.4147,247.131,49.4877],"dipPosition":[13.5018,275.925,-21.2688],"direction":[-0.069312,0.291266,-0.954128],"extended":false,"handId":699,"id":6990,"length":51.9721,"mcpPosition":[41.4147,247.131,49.4877],"pipPosition":[15.8585,266.021,11.1727],"stabilizedTipPosition":[-12.2886,283.575,131.166],"timeVisible":55.5689,"tipPosition":[25.1625,276.474,-34.2175],"tipVelocity":[61.4142,142.321,-193.405],"tool":false,"touchDistance":-0.600811,"touchZone":"hovering","type":0,"width":20.194},{"bases":[[[0.974289,0.0645469,-0.215859],[0.0960734,0.747589,0.657176],[0.203793,-0.661018,0.722166]],[[0.982343,0.0352734,-0.183736],[0.0740788,0.828472,0.55511],[0.171801,-0.558919,0.81123]],[[0.982343,0.0352734,-0.183736],[0.0373407,0.925343,0.377287],[0.183327,-0.377486,0.907687]],[[0.982343,0.0352734,-0.183736],[0.00802343,0.97322,0.229735],[0.186919,-0.227152,0.955753]]],"btipPosition":[21.6946,352.685,-69.4046],"carpPosition":[51.6102,267.273,56.4966],"dipPosition":[24.8794,348.814,-53.1202],"direction":[-0.183327,0.377486,-0.907687],"extended":true,"handId":699,"id":6991,"length":58.6448,"mcpPosition":[36.6587,315.77,3.51417],"pipPosition":[29.2982,339.716,-31.2418],"stabilizedTipPosition":[-0.454306,355.913,110.96],"timeVisible":55.5689,"tipPosition":[22.2547,352.592,-65.1425],"tipVelocity":[87.4363,141.093,-173.394],"tool":false,"touchDistance":-0.604345,"touchZone":"hovering","type":1,"width":19.2893},{"bases":[[[0.962115,-0.15375,-0.225156],[0.263856,0.733045,0.626917],[0.0686609,-0.662575,0.745841]],[[0.962853,-0.161499,-0.216407],[0.0231131,0.847781,-0.529842],[0.269034,0.505158,0.820022]],[[0.962853,-0.161499,-0.216407],[-0.258899,-0.324453,-0.909781],[0.0767148,0.932013,-0.354213]],[[0.962853,-0.161499,-0.216407],[-0.253238,-0.818243,-0.51609],[-0.0937252,0.551721,-0.828746]]],"btipPosition":[45.3606,254.763,-11.1666],"carpPosition":[63.4884,269.715,54.5659],"dipPosition":[43.6042,265.102,-26.6973],"direction":[-0.0767148,-0.932013,0.354213],"extended":false,"handId":699,"id":6992,"length":66.821,"mcpPosition":[58.7113,315.814,2.67406],"pipPosition":[45.7796,291.532,-36.7419],"stabilizedTipPosition":[17.671,239.704,87.5701],"timeVisible":55.5689,"tipPosition":[45.1434,256.798,-13.6191],"tipVelocity":[64.5517,150.164,-168.036],"tool":false,"touchDistance":0.333333,"touchZone":"none","type":2,"width":18.9446},{"bases":[[[0.939086,-0.304398,-0.15956],[0.333975,0.698692,0.632685],[-0.0811045,-0.647435,0.757793]],[[0.941885,-0.273175,-0.195518],[0.127318,0.828874,-0.544754],[0.310873,0.488203,0.815485]],[[0.941885,-0.273175,-0.195518],[-0.278532,-0.309667,-0.909135],[0.187808,0.910759,-0.367758]],[[0.941885,-0.273175,-0.195518],[-0.335646,-0.789383,-0.51402],[-0.0139207,0.549773,-0.835198]]],"btipPosition":[61.6844,252.328,-6.17663],"carpPosition":[75.3982,269.041,51.7737],"dipPosition":[61.4251,262.571,-21.7383],"direction":[-0.187808,-0.910759,0.367758],"extended":false,"handId":699,"id":6993,"length":64.2502,"mcpPosition":[80.4645,309.484,4.43696],"pipPosition":[66.6133,287.731,-31.8977],"stabilizedTipPosition":[33.0825,237.438,88.5081],"timeVisible":55.5689,"tipPosition":[61.7247,254.353,-8.57827],"tipVelocity":[64.4346,154.143,-177.834],"tool":false,"touchDistance":0.333333,"touchZone":"none","type":3,"width":18.027},{"bases":[[[0.85521,-0.488517,-0.173111],[0.467485,0.582879,0.664613],[-0.223772,-0.64931,0.726858]],[[0.795177,-0.605726,-0.0280902],[0.506691,0.689188,-0.517962],[0.333102,0.397638,0.854943]],[[0.795177,-0.605726,-0.0280902],[-0.223001,-0.249042,-0.94247],[0.563883,0.755695,-0.333109]],[[0.795177,-0.605726,-0.0280902],[-0.515914,-0.651479,-0.556244],[0.318631,0.456805,-0.830544]]],"btipPosition":[70.9872,262.643,-5.06396],"carpPosition":[86.2686,261.71,46.3393],"dipPosition":[76.4642,270.495,-19.3403],"direction":[-0.563883,-0.755695,0.333109],"extended":false,"handId":699,"id":6994,"length":50.3709,"mcpPosition":[99.2081,299.256,4.30897],"pipPosition":[87.4625,285.235,-25.8375],"stabilizedTipPosition":[46.3377,245.535,81.0292],"timeVisible":55.5689,"tipPosition":[72.2084,264.09,-7.26206],"tipVelocity":[69.5574,152.808,-176.089],"tool":false,"touchDistance":0.333333,"touchZone":"none","type":4,"width":16.013}],"r":[[0.959999,-0.0958788,0.263075],[0.0737647,0.992957,0.0927092],[-0.270111,-0.0695952,0.960311]],"s":1.03285,"t":[25.951,9.7889,-142.859],"timestamp":523773717554},false],[4,{"currentFrameRate":109.934,"devices":[],"gestures":[],"hands":[{"armBasis":[[0.936251,0.0822452,-0.34157],[0.0966355,0.87443,0.475431],[0.337781,-0.47813,0.810738]],"armWidth":63.5437,"confidence":0.589667,"direction":[-0.0252632,0.762554,-0.646431],"elbow":[162.28,127.363,269.911],"grabStrength":0,"id":699,"palmNormal":[-0.11311,-0.644666,-0.75605],"palmPosition":[61.9336,294.798,14.3294],"palmVelocity":[55.6161,140.732,-142.133],"palmWidth":90.7382,"pinchStrength":0.729335,"r":[[0.959418,-0.0935173,0.266029],[0.0714487,0.993241,0.0914787],[-0.272786,-0.0687589,0.959615]],"s":1.03285,"sphereCenter":[52.2445,282.691,-29.2488],"sphereRadius":45.7057,"stabilizedPalmPosition":[47.462,268,87.0422],"t":[26.3368,11.0055,-144.004],"timeVisible":55.5777,"type":"right","wrist":[71.3317,256.1,51.6178]}],"id":4283770,"interactionBox":{"center":[0,200,0],"size":[235.247,235.247,147.751]},"pointables":[{"bases":[[[0.495924,0.703669,0.508831],[-0.738927,0.0341786,0.672918],[0.45612,-0.709705,0.53691]],[[0.277793,0.925335,0.258044],[-0.813308,0.0835916,0.575798],[0.511235,-0.369821,0.775803]],[[0.277793,0.925335,0.258044],[-0.958186,0.247706,0.143256],[0.0686407,-0.287049,0.955453]],[[0.277793,0.925335,0.258044],[-0.730398,0.377928,-0.568937],[-0.623979,-0.030428,0.780849]]],"btipPosition":[28.7422,276.97,-40.7337],"carpPosition":[41.9622,248.091,48.5961],"dipPosition":[14.1793,276.26,-22.5096],"direction":[-0.0686407,0.287049,-0.955453],"extended":false,"handId":699,"id":6990,"length":51.9721,"mcpPosition":[41.9622,248.091,48.5961],"pipPosition":[16.5131,266.5,9.977],"stabilizedTipPosition":[-11.5863,283.449,128.041],"timeVisible":55.5777,"tipPosition":[25.8188,276.974,-35.4835],"tipVelocity":[64.4185,118.434,-179.627],"tool":false,"touchDistance":-0.58802,"touchZone":"hovering","type":0,"width":20.194},{"bases":[[[0.974919,0.0747838,-0.20962],[0.083425,0.75039,0.655709],[0.206333,-0.656751,0.725331]],[[0.983044,0.045854,-0.177546],[0.0610419,0.83118,0.552643],[0.172914,-0.55411,0.814287]],[[0.983044,0.045854,-0.177546],[0.0244499,0.926809,0.374737],[0.181735,-0.372724,0.909972]],[[0.983044,0.045854,-0.177546],[-0.00437372,0.973818,0.227286],[0.18332,-0.222656,0.957506]]],"btipPosition":[21.837,353.065,-70.7336],"carpPosition":[51.887,268.364,55.6158],"dipPosition":[24.9604,349.271,-54.4193],"direction":[-0.181735,0.372724,-0.909972],"extended":true,"handId":699,"id":6991,"length":58.6448,"mcpPosition":[36.7491,316.547,2.40113],"pipPosition":[29.3409,340.287,-32.4858],"stabilizedTipPosition":[-0.137282,355.862,108.508],"timeVisible":55.5777,"tipPosition":[22.3842,352.979,-66.4758],"tipVelocity":[67.6591,115.006,-166.824],"tool":false,"touchDistance":-0.592075,"touchZone":"hovering","type":1,"width":19.2893},{"bases":[[[0.96523,-0.14366,-0.218388],[0.251555,0.73763,0.626596],[0.0710732,-0.659746,0.74812]],[[0.965998,-0.151404,-0.20958],[0.0172736,0.846588,-0.531969],[0.25797,0.510261,0.820418]],[[0.965998,-0.151404,-0.20958],[-0.249238,-0.329751,-0.910574],[0.0687549,0.931848,-0.356275]],[[0.965998,-0.151404,-0.20958],[-0.240728,-0.822421,-0.515436],[-0.0943243,0.548362,-0.830904]]],"btipPosition":[46.223,255.606,-12.0546],"carpPosition":[63.7498,270.932,53.7565],"dipPosition":[44.4553,265.882,-27.6258],"direction":[-0.0687549,-0.931848,0.356275],"extended":false,"handId":699,"id":6992,"length":66.821,"mcpPosition":[58.8049,316.834,1.70609],"pipPosition":[46.4051,292.307,-37.7289],"stabilizedTipPosition":[18.8818,240.49,83.1304],"timeVisible":55.5777,"tipPosition":[45.998,257.633,-14.5256],"tipVelocity":[73.3464,134.782,-149.93],"tool":false,"touchDistance":0.333333,"touchZone":"none","type":2,"width":18.9446},{"bases":[[[0.94344,-0.294375,-0.152526],[0.322011,0.704074,0.632921],[-0.0789267,-0.646238,0.759043]],[[0.946138,-0.263076,-0.188716],[0.121969,0.82956,-0.544935],[0.299911,0.492566,0.816965]],[[0.946138,-0.263076,-0.188716],[-0.268916,-0.31396,-0.910557],[0.180296,0.912261,-0.367795]],[[0.946138,-0.263076,-0.188716],[-0.32344,-0.794071,-0.514623],[-0.014469,0.547943,-0.83639]]],"btipPosition":[62.541,253.393,-7.02654],"carpPosition":[75.6846,270.383,51.0447],"dipPosition":[62.2714,263.603,-22.6104],"direction":[-0.180296,-0.912261,0.367795],"extended":false,"handId":699,"id":6993,"length":64.2502,"mcpPosition":[80.6149,310.751,3.62979],"pipPosition":[67.2521,288.804,-32.7709],"stabilizedTipPosition":[34.4804,238.308,83.7945],"timeVisible":55.5777,"tipPosition":[62.5707,255.416,-9.45029],"tipVelocity":[73.0892,144.698,-155.777],"tool":false,"touchDistance":0.333333,"touchZone":"none","type":3,"width":18.027},{"bases":[[[0.861703,-0.479451,-0.166116],[0.456584,0.589838,0.666049],[-0.221357,-0.649782,0.727175]],[[0.801581,-0.59754,-0.0203249],[0.505187,0.695092,-0.511501],[0.31977,0.399742,0.859042]],[[0.801581,-0.59754,-0.0203249],[-0.210441,-0.250154,-0.94506],[0.559627,0.76182,-0.326266]],[[0.801581,-0.59754,-0.0203249],[-0.504028,-0.657072,-0.560547],[0.321594,0.459568,-0.827873]]],"btipPosition":[71.7525,263.878,-6.0432],"carpPosition":[86.6714,263.158,45.7024],"dipPosition":[77.2804,271.777,-20.2736],"direction":[-0.559627,-0.761819,0.326266],"extended":false,"handId":699,"id":6994,"length":50.3709,"mcpPosition":[99.4712,300.732,3.65369],"pipPosition":[88.1957,286.636,-26.6373],"stabilizedTipPosition":[47.7674,246.615,76.1891],"timeVisible":55.5777,"tipPosition":[72.9728,265.329,-8.22122],"tipVelocity":[74.4644,149.475,-157.981],"tool":false,"touchDistance":0.333333,"touchZone":"none","type":4,"width":16.013}],"r":[[0.959418,-0.0935173,0.266029],[0.0714487,0.993241,0.0914787],[-0.272786,-0.0687589,0.959615]],"s":1.03285,"t":[26.3368,11.0055,-144.004],"timestamp":523773726418},false],[5,{"currentFrameRate":105.271,"devices":[],"gestures":[],"hands":[{"armBasis":[[0.942374,0.0780871,-0.32532],[0.0911831,0.875621,0.474313],[0.321895,-0.476644,0.818043]],"armWidth":63.5437,"confidence":0.591721,"direction":[-0.0258082,0.759502,-0.649993],"elbow":[158.648,128.833,271.106],"grabStrength":0,"id":699,"palmNormal":[-0.107292,-0.648558,-0.753565],"palmPosition":[62.5698,295.659,13.3435],"palmVelocity":[46.0559,96.828,-100.848],"palmWidth":90.7382,"pinchStrength":0.72788,"r":[[0.958799,-0.0905746,0.269258],[0.0686881,0.993603,0.0896426],[-0.275655,-0.0674544,0.958887]],"s":1.03282,"sphereCenter":[53.1547,283.296,-30.2419],"sphereRadius":45.7076,"stabilizedPalmPosition":[48.745,270.349,80.7836],"t":[26.8478,12.0445,-145.069],"timeVisible":55.5957,"type":"right","wrist":[71.9771,257.171,50.8457]}],"id":4283771,"interactionBox":{"center":[0,200,0],"size":[235.247,235.247,147.751]},"pointables":[{"bases":[[[0.490869,0.708055,0.507648],[-0.741824,0.0341118,0.669726],[0.456886,-0.705333,0.541996]],[[0.272036,0.928147,0.254047],[-0.816934,0.0832329,0.570693],[0.508542,-0.362788,0.780877]],[[0.272036,0.928147,0.254047],[-0.959917,0.243218,0.139302],[0.0675041,-0.281759,0.957108]],[[0.272036,0.928147,0.254047],[-0.731994,0.370962,-0.571465],[-0.624646,-0.0305016,0.780312]]],"btipPosition":[29.6223,277.376,-41.8858],"carpPosition":[42.654,249.024,47.7403],"dipPosition":[15.0438,276.664,-23.6742],"direction":[-0.0675041,0.281759,-0.957108],"extended":false,"handId":699,"id":6990,"length":51.9721,"mcpPosition":[42.654,249.024,47.7403],"pipPosition":[17.3391,267.084,8.86867],"stabilizedTipPosition":[-10.2005,283.221,121.973],"timeVisible":55.5957,"tipPosition":[26.6811,277.403,-36.6645],"tipVelocity":[57.0226,73.0547,-125.051],"tool":false,"touchDistance":-0.574875,"touchZone":"hovering","type":0,"width":20.194},{"bases":[[[0.97545,0.0779446,-0.205967],[0.0775766,0.753701,0.652623],[0.206106,-0.652579,0.729151]],[[0.983531,0.0493251,-0.173876],[0.0551836,0.834145,0.548777],[0.172106,-0.549335,0.817686]],[[0.983531,0.0493251,-0.173876],[0.0189775,0.928537,0.370754],[0.179738,-0.367948,0.91231]],[[0.983531,0.0493251,-0.173876],[-0.0093866,0.974681,0.223402],[0.180493,-0.218091,0.959093]]],"btipPosition":[22.5622,353.368,-72.1504],"carpPosition":[52.4647,269.371,54.7082],"dipPosition":[25.6375,349.652,-55.809],"direction":[-0.179738,0.367948,-0.91231],"extended":true,"handId":699,"id":6991,"length":58.6448,"mcpPosition":[37.3435,317.248,1.21336],"pipPosition":[29.9698,340.783,-33.8192],"stabilizedTipPosition":[0.479834,355.773,103.844],"timeVisible":55.5957,"tipPosition":[23.1032,353.286,-67.9001],"tipVelocity":[54.4536,69.0451,-125.038],"tool":false,"touchDistance":-0.582359,"touchZone":"hovering","type":1,"width":19.2893},{"bases":[[[0.966714,-0.140575,-0.213781],[0.245877,0.741518,0.624256],[0.0707675,-0.656041,0.7514]],[[0.967485,-0.148335,-0.204867],[0.01594,0.844122,-0.535914],[0.252428,0.515223,0.819039]],[[0.967485,-0.148335,-0.204867],[-0.244081,-0.335173,-0.909991],[0.0663177,0.930406,-0.36048]],[[0.967485,-0.148335,-0.204867],[-0.235142,-0.825878,-0.512478],[-0.0931767,0.543987,-0.833904]]],"btipPosition":[47.1326,256.28,-12.9117],"carpPosition":[64.3242,271.98,52.8859],"dipPosition":[45.3865,266.475,-28.5391],"direction":[-0.0663177,-0.930406,0.36048],"extended":false,"handId":699,"id":6992,"length":66.821,"mcpPosition":[59.4005,317.624,0.60727],"pipPosition":[47.2671,292.859,-38.7615],"stabilizedTipPosition":[21.514,242.204,73.7131],"timeVisible":55.5957,"tipPosition":[46.9059,258.302,-15.42],"tipVelocity":[62.7279,88.2852,-101.902],"tool":false,"touchDistance":0.333333,"touchZone":"none","type":2,"width":18.9446},{"bases":[[[0.945287,-0.291081,-0.147323],[0.316447,0.708288,0.631022],[-0.0793314,-0.643117,0.761648]],[[0.948009,-0.259817,-0.18378],[0.121018,0.828408,-0.546896],[0.294337,0.496222,0.81678]],[[0.948009,-0.259817,-0.18378],[-0.263717,-0.318105,-0.910639],[0.178138,0.911759,-0.370084]],[[0.948009,-0.259817,-0.18378],[-0.317965,-0.797505,-0.512722],[-0.0133515,0.5445,-0.838655]]],"btipPosition":[63.4409,254.2,-7.89479],"carpPosition":[76.2722,271.469,50.2254],"dipPosition":[63.1922,264.345,-23.5208],"direction":[-0.178138,-0.911759,0.370084],"extended":false,"handId":699,"id":6993,"length":64.2502,"mcpPosition":[81.2278,311.642,2.64785],"pipPosition":[68.1133,289.533,-33.7445],"stabilizedTipPosition":[37.5399,240.237,73.7084],"timeVisible":55.5957,"tipPosition":[63.467,256.214,-10.3548],"tipVelocity":[62.3339,97.0845,-105.192],"tool":false,"touchDistance":0.333333,"touchZone":"none","type":3,"width":18.027},{"bases":[[[0.864385,-0.47656,-0.160405],[0.451361,0.594773,0.66522],[-0.221613,-0.647407,0.729213]],[[0.803689,-0.594898,-0.0134156],[0.506962,0.696346,-0.508028],[0.311567,0.401496,0.861236]],[[0.803689,-0.594898,-0.0134156],[-0.202208,-0.251834,-0.94641],[0.559639,0.763332,-0.322689]],[[0.803689,-0.594898,-0.0134156],[-0.498109,-0.660253,-0.562097],[0.325533,0.458434,-0.826962]]],"btipPosition":[72.6283,264.777,-7.06515],"carpPosition":[87.3111,264.267,44.9611],"dipPosition":[78.2239,272.657,-21.2799],"direction":[-0.559639,-0.763332,0.322689],"extended":false,"handId":699,"id":6994,"length":50.3709,"mcpPosition":[100.126,301.703,2.79451],"pipPosition":[89.1395,287.546,-27.5738],"stabilizedTipPosition":[50.7908,248.925,66.1844],"timeVisible":55.5957,"tipPosition":[73.8544,266.225,-9.24986],"tipVelocity":[62.7058,102.317,-110.05],"tool":false,"touchDistance":0.333333,"touchZone":"none","type":4,"width":16.013}],"r":[[0.958799,-0.0905746,0.269258],[0.0686881,0.993603,0.0896426],[-0.275655,-0.0674544,0.958887]],"s":1.03282,"t":[26.8478,12.0445,-145.069],"timestamp":523773744385},false],[6,{"currentFrameRate":105.446,"devices":[],"gestures":[],"hands":[{"armBasis":[[0.944043,0.0771786,-0.320667],[0.0894529,0.875884,0.474158],[0.317462,-0.47631,0.819967]],"armWidth":63.5437,"confidence":0.593469,"direction":[-0.02626,0.758469,-0.65118],"elbow":[157.639,129.248,271.408],"grabStrength":0,"id":699,"palmNormal":[-0.105531,-0.649868,-0.752685],"palmPosition":[62.7362,295.913,13.059],"palmVelocity":[38.282,77.5632,-81.3979],"palmWidth":90.7382,"pinchStrength":0.728074,"r":[[0.958261,-0.0878471,0.272063],[0.0661677,0.993931,0.0878768],[-0.278132,-0.0662071,0.958258]],"s":1.03277,"sphereCenter":[53.3868,283.464,-30.5207],"sphereRadius":45.7054,"stabilizedPalmPosition":[49.3759,271.501,77.7295],"t":[27.1865,12.6909,-145.744],"timeVisible":55.6049,"type":"right","wrist":[72.1615,257.496,50.6299]}],"id":4283772,"interactionBox":{"center":[0,200,0],"size":[235.247,235.247,147.751]},"pointables":[{"bases":[[[0.489276,0.709562,0.50708],[-0.742578,0.0340245,0.668895],[0.45737,-0.703821,0.543553]],[[0.270054,0.929136,0.25254],[-0.818081,0.0831031,0.569067],[0.507754,-0.360277,0.782551]],[[0.270054,0.929136,0.25254],[-0.96048,0.241588,0.138248],[0.0674402,-0.279894,0.957659]],[[0.270054,0.929136,0.25254],[-0.73199,0.36851,-0.573054],[-0.625509,-0.0301013,0.779636]]],"btipPosition":[29.8838,277.454,-42.2062],"carpPosition":[42.8539,249.301,47.5062],"dipPosition":[15.2852,276.752,-24.0104],"direction":[-0.0674402,0.279894,-0.957659],"extended":false,"handId":699,"id":6990,"length":51.9721,"mcpPosition":[42.8539,249.301,47.5062],"pipPosition":[17.5782,267.235,8.55122],"stabilizedTipPosition":[-9.52504,283.112,119.031],"timeVisible":55.6049,"tipPosition":[26.9222,277.497,-37.0044],"tipVelocity":[48.9464,55.1577,-100.062],"tool":false,"touchDistance":-0.550582,"touchZone":"hovering","type":0,"width":20.194},{"bases":[[[0.975548,0.0790892,-0.205063],[0.0757643,0.754812,0.651551],[0.206315,-0.651156,0.730363]],[[0.983608,0.0506546,-0.173059],[0.0532662,0.835283,0.547234],[0.172273,-0.547482,0.818893]],[[0.983608,0.0506546,-0.173059],[0.0171364,0.929131,0.369354],[0.179504,-0.366266,0.913032]],[[0.983608,0.0506546,-0.173059],[-0.0111115,0.974935,0.22221],[0.179978,-0.216645,0.959517]]],"btipPosition":[22.7163,353.421,-72.5706],"carpPosition":[52.6268,269.672,54.4533],"dipPosition":[25.7829,349.729,-56.222],"direction":[-0.179504,0.366266,-0.913032],"extended":true,"handId":699,"id":6991,"length":58.6448,"mcpPosition":[37.4903,317.445,0.869486],"pipPosition":[30.1095,340.901,-34.2147],"stabilizedTipPosition":[0.770999,355.733,101.653],"timeVisible":55.6049,"tipPosition":[23.2625,353.337,-68.3256],"tipVelocity":[43.906,51.5839,-102.927],"tool":false,"touchDistance":-0.558735,"touchZone":"hovering","type":1,"width":19.2893},{"bases":[[[0.967147,-0.139455,-0.212552],[0.244113,0.742837,0.62338],[0.0709581,-0.654787,0.752476]],[[0.967922,-0.147219,-0.203603],[0.0152635,0.84331,-0.53721],[0.250788,0.51687,0.818505]],[[0.967922,-0.147219,-0.203603],[-0.242612,-0.336956,-0.909725],[0.0653238,0.929939,-0.361864]],[[0.967922,-0.147219,-0.203603],[-0.233371,-0.827024,-0.511439],[-0.093091,0.542547,-0.834851]]],"btipPosition":[47.3849,256.471,-13.1504],"carpPosition":[64.4843,272.297,52.6394],"dipPosition":[45.6404,266.638,-28.7955],"direction":[-0.0653238,-0.929939,0.361864],"extended":false,"handId":699,"id":6992,"length":66.821,"mcpPosition":[59.5474,317.854,0.285952],"pipPosition":[47.4928,293.009,-39.0571],"stabilizedTipPosition":[22.8165,243.053,69.0868],"timeVisible":55.6049,"tipPosition":[47.1572,258.49,-15.6682],"tipVelocity":[52.9338,69.2908,-80.8897],"tool":false,"touchDistance":0.333333,"touchZone":"none","type":2,"width":18.9446},{"bases":[[[0.945875,-0.289891,-0.145887],[0.314725,0.709724,0.63027],[-0.0791706,-0.642071,0.762546]],[[0.94859,-0.25865,-0.182422],[0.120316,0.827767,-0.54802],[0.292748,0.497898,0.816331]],[[0.94859,-0.25865,-0.182422],[-0.262311,-0.319922,-0.910408],[0.177116,0.911455,-0.371321]],[[0.94859,-0.25865,-0.182422],[-0.316226,-0.798801,-0.511779],[-0.0133473,0.543155,-0.839526]]],"btipPosition":[63.6936,254.424,-8.11366],"carpPosition":[76.4359,271.799,49.9922],"dipPosition":[63.4449,264.544,-23.756],"direction":[-0.177116,-0.911455,0.371321],"extended":false,"handId":699,"id":6993,"length":64.2502,"mcpPosition":[81.3814,311.908,2.35856],"pipPosition":[68.3378,289.723,-34.0138],"stabilizedTipPosition":[39.0545,241.196,68.7508],"timeVisible":55.6049,"tipPosition":[63.7178,256.435,-10.5837],"tipVelocity":[52.6504,76.6696,-82.6496],"tool":false,"touchDistance":0.333333,"touchZone":"none","type":3,"width":18.027},{"bases":[[[0.865264,-0.475511,-0.15877],[0.449772,0.596463,0.664784],[-0.221411,-0.646623,0.729969]],[[0.804362,-0.594033,-0.0112239],[0.507489,0.696753,-0.506942],[0.308961,0.402069,0.861907]],[[0.804362,-0.594033,-0.0112239],[-0.199657,-0.25246,-0.946785],[0.559588,0.763799,-0.321672]],[[0.804362,-0.594033,-0.0112239],[-0.496289,-0.661384,-0.562377],[0.326647,0.457925,-0.826805]]],"btipPosition":[72.8704,265.05,-7.36564],"carpPosition":[87.491,264.606,44.7505],"dipPosition":[78.4852,272.922,-21.5777],"direction":[-0.559588,-0.763799,0.321672],"extended":false,"handId":699,"id":6994,"length":50.3709,"mcpPosition":[100.294,301.997,2.54022],"pipPosition":[89.3997,287.819,-27.8518],"stabilizedTipPosition":[52.2521,250.046,61.3812],"timeVisible":55.6049,"tipPosition":[74.0986,266.496,-9.55976],"tipVelocity":[52.731,82.054,-88.5051],"tool":false,"touchDistance":0.333333,"touchZone":"none","type":4,"width":16.013}],"r":[[0.958261,-0.0878471,0.272063],[0.0661677,0.993931,0.0878768],[-0.278132,-0.0662071,0.958258]],"s":1.03277,"t":[27.1865,12.6909,-145.744],"timestamp":523773753544},false],[7,{"curre