{"sensorType":"Leap","data":[[0,{"currentFrameRate":110.343,"devices":[],"gestures":[],"hands":[{"armBasis":[[0.949249,0.103747,-0.296924],[0.0604664,0.86623,0.495973],[0.30866,-0.488755,0.815995]],"armWidth":63.5437,"confidence":0.64472,"direction":[-0.0660953,0.741996,-0.667138],"elbow":[157.388,119.301,278.751],"grabStrength":0,"id":699,"palmNormal":[-0.0849399,-0.670357,-0.737161],"palmPosition":[62.798,288.029,20.7564],"palmVelocity":[71.1175,155.368,-105.537],"palmWidth":90.7382,"pinchStrength":0.520506,"r":[[0.962346,-0.0306541,0.270095],[0.0175059,0.998547,0.0509557],[-0.271265,-0.0443087,0.961484]],"s":1.09045,"sphereCenter":[55.1894,275.346,-21.6363],"sphereRadius":46.5718,"stabilizedPalmPosition":[63.7528,254.465,65.1111],"t":[26.9736,4.35621,-138.129],"timeVisible":51.1307,"type":"right","wrist":[74.2807,250.899,59.042]}],"id":4283291,"interactionBox":{"center":[0,200,0],"size":[235.247,235.247,147.751]},"pointables":[{"bases":[[[0.463135,0.741176,0.485966],[-0.736338,0.0166113,0.67641],[0.493266,-0.671105,0.55345]],[[0.281828,0.916379,0.284293],[-0.771778,0.0404809,0.634602],[0.570027,-0.398259,0.71865]],[[0.281828,0.916379,0.284293],[-0.954263,0.2369,0.182374],[0.0997749,-0.322688,0.941232]],[[0.281828,0.916379,0.284293],[-0.793943,0.389107,-0.467174],[-0.538728,-0.0940496,0.837213]]],"btipPosition":[26.1326,274.365,-30.886],"carpPosition":[45.3274,241.373,56.4307],"dipPosition":[13.5593,272.17,-11.3464],"direction":[-0.0997749,0.322688,-0.941232],"extended":false,"handId":699,"id":6990,"length":51.9721,"mcpPosition":[45.3274,241.373,56.4307],"pipPosition":[16.9517,261.198,20.6567],"stabilizedTipPosition":[15.4322,259.008,86.064],"timeVisible":51.1307,"tipPosition":[23.5167,274.483,-25.0424],"tipVelocity":[71.9209,127.632,-160.337],"tool":false,"touchDistance":-0.607377,"touchZone":"hovering","type":0,"width":20.194},{"bases":[[[0.96898,0.116752,-0.217823],[0.0495728,0.771644,0.63412],[0.242116,-0.625248,0.74192]],[[0.988603,0.0524529,-0.141113],[0.0450253,0.79142,0.609612],[0.143656,-0.609018,0.780038]],[[0.988603,0.0524529,-0.141113],[-0.00172548,0.941226,0.337773],[0.150537,-0.33368,0.930589]],[[0.988603,0.0524529,-0.141113],[-0.0388961,0.994507,0.0971702],[0.145435,-0.0905739,0.985213]]],"btipPosition":[24.2504,343.849,-64.2455],"carpPosition":[54.2747,262.299,62.8226],"dipPosition":[26.7284,342.306,-47.4592],"direction":[-0.150537,0.33368,-0.930589],"extended":true,"handId":699,"id":6991,"length":58.6448,"mcpPosition":[36.5116,308.17,8.39088],"pipPosition":[30.3569,334.263,-25.0287],"stabilizedTipPosition":[27.1651,324.284,44.6874],"timeVisible":51.1307,"tipPosition":[25.2375,344.58,-59.6663],"tipVelocity":[57.99,120.311,-125.224],"tool":false,"touchDistance":-0.584805,"touchZone":"touching","type":1,"width":19.2893},{"bases":[[[0.970039,-0.102064,-0.220473],[0.21798,0.766359,0.6043],[0.107284,-0.634253,0.765645]],[[0.971645,-0.112299,-0.208073],[-0.0420914,0.783804,-0.61958],[0.232666,0.610771,0.756853]],[[0.971645,-0.112299,-0.208073],[-0.236443,-0.463139,-0.854165],[-0.00044528,0.879142,-0.476559]],[[0.971645,-0.112299,-0.208073],[-0.191484,-0.889979,-0.413849],[-0.138706,0.441957,-0.886248]]],"btipPosition":[49.951,246.951,1.29032],"carpPosition":[65.9869,265.394,60.8173],"dipPosition":[47.3517,255.234,-15.318],"direction":[0.00044528,-0.879142,0.476559],"extended":false,"handId":699,"id":6992,"length":66.821,"mcpPosition":[58.5226,309.522,7.54756],"pipPosition":[47.339,280.164,-28.8321],"stabilizedTipPosition":[37.9636,223.902,79.9908],"timeVisible":51.1307,"tipPosition":[49.5389,248.91,-1.74274],"tipVelocity":[68.5359,158.889,-122.495],"tool":false,"touchDistance":0.333333,"touchZone":"none","type":2,"width":18.9446},{"bases":[[[0.956042,-0.251766,-0.150322],[0.290037,0.736499,0.611104],[-0.0431429,-0.62784,0.777146]],[[0.956059,-0.251528,-0.150616],[0.0890679,0.738652,-0.668176],[0.279318,0.625401,0.728598]],[[0.956059,-0.251528,-0.150616],[-0.258455,-0.480596,-0.837991],[0.138393,0.840096,-0.524487]],[[0.956059,-0.251528,-0.150616],[-0.291392,-0.871831,-0.393701],[-0.0322847,0.42029,-0.906816]]],"btipPosition":[64.9486,245.672,8.42178],"carpPosition":[77.9206,265.357,58.0457],"dipPosition":[64.3471,253.503,-8.47427],"direction":[-0.138393,-0.840096,0.524487],"extended":false,"handId":699,"id":6993,"length":64.2502,"mcpPosition":[80.6156,304.576,9.49999],"pipPosition":[68.1703,276.71,-22.9634],"stabilizedTipPosition":[54.3527,220.126,74.6613],"timeVisible":51.1307,"tipPosition":[64.9092,247.562,5.08947],"tipVelocity":[69.1597,159.594,-128.323],"tool":false,"touchDistance":0.333333,"touchZone":"none","type":3,"width":18.027},{"bases":[[[0.883471,-0.440946,-0.158257],[0.430247,0.629993,0.646526],[-0.185382,-0.639277,0.746297]],[[0.844449,-0.534018,-0.041598],[0.388447,0.664024,-0.638891],[0.368801,0.523352,0.768172]],[[0.844449,-0.534018,-0.041598],[-0.293137,-0.395746,-0.87032],[0.448304,0.747135,-0.490728]],[[0.844449,-0.534018,-0.041598],[-0.496495,-0.751237,-0.434898],[0.200993,0.387902,-0.899518]]],"btipPosition":[74.7399,255.807,7.62789],"carpPosition":[89.2235,258.535,52.8357],"dipPosition":[78.1948,262.474,-7.83402],"direction":[-0.448304,-0.747135,0.490728],"extended":false,"handId":699,"id":6994,"length":50.3709,"mcpPosition":[99.9432,295.501,9.68127],"pipPosition":[86.9388,277.047,-17.4055],"stabilizedTipPosition":[66.5945,228.498,69.1913],"timeVisible":51.1307,"tipPosition":[75.6906,257.366,4.82644],"tipVelocity":[69.4892,161.454,-127.479],"tool":false,"touchDistance":0.333333,"touchZone":"none","type":4,"width":16.013}],"r":[[0.962346,-0.0306541,0.270095],[0.0175059,0.998547,0.0509557],[-0.271265,-0.0443087,0.961484]],"s":1.09045,"t":[26.9736,4.35621,-138.129],"timestamp":523769279367},false],[1,{"currentFrameRate":110.298,"devices":[],"gestures":[],"hands":[{"armBasis":[[0.947173,0.108686,-0.301746],[0.0579507,0.867348,0.494317],[0.315444,-0.48569,0.81523]],"armWidth":63.5437,"confidence":0.471512,"direction":[-0.0605004,0.731445,-0.679211],"elbow":[159.583,121.483,278.129],"grabStrength":0,"id":699,"palmNormal":[-0.0793434,-0.681828,-0.727197],"palmPosition":[63.4854,288.783,19.6723],"palmVelocity":[72.2426,135.066,-109.157],"palmWidth":90.7382,"pinchStrength":0.524579,"r":[[0.961634,-0.0297188,0.27272],[0.0168746,0.99864,0.0493224],[-0.273815,-0.0428281,0.960828]],"s":1.08918,"sphereCenter":[56.3296,275.412,-22.6213],"sphereRadius":46.5562,"stabilizedPalmPosition":[63.7335,256.939,61.8362],"t":[27.624,5.28159,-138.967],"timeVisible":51.1398,"type":"right","wrist":[74.6489,252.256,58.6262]}],"id":4283292,"interactionBox":{"center":[0,200,0],"size":[235.247,235.247,147.751]},"pointables":[{"bases":[[[0.459551,0.748593,0.477936],[-0.741683,0.0274295,0.670189],[0.488589,-0.662463,0.567824]],[[0.277655,0.922095,0.269535],[-0.779457,0.0522247,0.624275],[0.561565,-0.383424,0.733234]],[[0.277655,0.922095,0.269535],[-0.956248,0.238353,0.169637],[0.0921769,-0.304843,0.947932]],[[0.277655,0.922095,0.269535],[-0.794431,0.378141,-0.475277],[-0.540173,-0.0821637,0.837534]]],"btipPosition":[27.232,274.067,-32.3432],"carpPosition":[45.7135,242.698,55.9346],"dipPosition":[14.625,272.15,-12.7962],"direction":[-0.0921769,0.304843,-0.947932],"extended":false,"handId":699,"id":6990,"length":51.9721,"mcpPosition":[45.7135,242.698,55.9346],"pipPosition":[17.7592,261.784,19.4347],"stabilizedTipPosition":[15.5929,259.272,84.0067],"timeVisible":51.1398,"tipPosition":[24.5642,274.308,-26.5244],"tipVelocity":[85.1277,84.9754,-160.006],"tool":false,"touchDistance":-0.596806,"touchZone":"hovering","type":0,"width":20.194},{"bases":[[[0.970726,0.113056,-0.211918],[0.044836,0.781494,0.6223],[0.235967,-0.613584,0.753547]],[[0.989596,0.0505034,-0.134722],[0.0404022,0.801149,0.5971],[0.138088,-0.59633,0.790773]],[[0.989596,0.0505034,-0.134722],[-0.00411263,0.945916,0.324387],[0.143818,-0.320458,0.936282]],[[0.989596,0.0505034,-0.134722],[-0.0393267,0.995658,0.0843703],[0.138398,-0.0781943,0.987285]]],"btipPosition":[25.5652,343.34,-66.4855],"carpPosition":[54.618,263.719,62.0681],"dipPosition":[27.9233,342.008,-49.6638],"direction":[-0.143818,0.320458,-0.936282],"extended":true,"handId":699,"id":6991,"length":58.6448,"mcpPosition":[37.306,308.735,6.78333],"pipPosition":[31.3898,334.284,-27.0962],"stabilizedTipPosition":[27.1385,324.756,41.9863],"timeVisible":51.1398,"tipPosition":[26.5282,344.063,-61.9453],"tipVelocity":[81.0236,72.8098,-158.292],"tool":false,"touchDistance":-0.588135,"touchZone":"touching","type":1,"width":19.2893},{"bases":[[[0.97172,-0.105774,-0.211123],[0.213473,0.775696,0.593907],[0.100948,-0.62218,0.776339]],[[0.973239,-0.115921,-0.198417],[-0.0359558,0.77599,-0.629719],[0.226967,0.620001,0.751056]],[[0.973239,-0.115921,-0.198417],[-0.229749,-0.473142,-0.850501],[0.00471116,0.873326,-0.487113]],[[0.973239,-0.115921,-0.198417],[-0.188949,-0.895095,-0.40386],[-0.130786,0.430542,-0.893044]]],"btipPosition":[50.7313,247.432,0.541993],"carpPosition":[66.347,266.779,60.1076],"dipPosition":[48.2804,255.5,-16.1937],"direction":[-0.00471116,-0.873326,0.487113],"extended":false,"handId":699,"id":6992,"length":66.821,"mcpPosition":[59.3236,310.067,6.09393],"pipPosition":[48.414,280.265,-30.0071],"stabilizedTipPosition":[38.5533,225.129,75.9654],"timeVisible":51.1398,"tipPosition":[50.352,249.338,-2.49396],"tipVelocity":[74.2445,127.777,-112.065],"tool":false,"touchDistance":0.333333,"touchZone":"none","type":2,"width":18.9446},{"bases":[[[0.957108,-0.254352,-0.138744],[0.285462,0.745928,0.601751],[-0.0495636,-0.615546,0.786541]],[[0.957165,-0.253631,-0.139666],[0.0948454,0.730403,-0.676399],[0.273568,0.634179,0.723172]],[[0.957165,-0.253631,-0.139666],[-0.251713,-0.490514,-0.834288],[0.143093,0.833707,-0.533345]],[[0.957165,-0.253631,-0.139666],[-0.288469,-0.876847,-0.384611],[-0.0249163,0.408426,-0.912451]]],"btipPosition":[65.7205,246.248,7.81268],"carpPosition":[78.3023,266.695,57.4319],"dipPosition":[65.2563,253.858,-9.18838],"direction":[-0.143093,-0.833707,0.533345],"extended":false,"handId":699,"id":6993,"length":64.2502,"mcpPosition":[81.3983,305.146,8.29938],"pipPosition":[69.2093,276.89,-23.9222],"stabilizedTipPosition":[55.0374,221.821,70.3588],"timeVisible":51.1398,"tipPosition":[65.7008,248.084,4.49609],"tipVelocity":[74.3618,131.176,-111.876],"tool":false,"touchDistance":0.333333,"touchZone":"none","type":3,"width":18.027},{"bases":[[[0.884527,-0.443614,-0.144285],[0.425344,0.639954,0.639955],[-0.191558,-0.627428,0.754745]],[[0.84393,-0.535868,-0.0250489],[0.39765,0.65623,-0.641277],[0.360078,0.531233,0.7669]],[[0.84393,-0.535868,-0.0250489],[-0.282731,-0.404616,-0.869683],[0.4559,0.741034,-0.492975]],[[0.84393,-0.535868,-0.0250489],[-0.49274,-0.755856,-0.431149],[0.212105,0.376202,-0.901933]]],"btipPosition":[75.4855,256.418,6.8536],"carpPosition":[89.6436,259.789,52.4197],"dipPosition":[79.1314,262.884,-8.64982],"direction":[-0.4559,-0.741034,0.492975],"extended":false,"handId":699,"id":6994,"length":50.3709,"mcpPosition":[100.72,296.07,8.77681],"pipPosition":[88.0236,277.338,-18.2651],"stabilizedTipPosition":[67.268,230.534,64.6291],"timeVisible":51.1398,"tipPosition":[76.4718,257.916,4.08646],"tipVelocity":[74.1757,133.711,-115.851],"tool":false,"touchDistance":0.333333,"touchZone":"none","type":4,"width":16.013}],"r":[[0.961634,-0.0297188,0.27272],[0.0168746,0.99864,0.0493224],[-0.273815,-0.0428281,0.960828]],"s":1.08918,"t":[27.624,5.28159,-138.967],"timestamp":523769288513},false],[2,{"currentFrameRate":110.379,"devices":[],"gestures":[],"hands":[{"armBasis":[[0.9427,0.113904,-0.313595],[0.0594145,0.867584,0.493729],[0.328307,-0.484071,0.811104]],"armWidth":63.5437,"confidence":0.492434,"direction":[-0.0627549,0.723831,-0.687117],"elbow":[163.819,124.366,275.587],"grabStrength":0,"id":699,"palmNormal":[-0.0806447,-0.689901,-0.719398],"palmPosition":[64.1329,290.788,17.8665],"palmVelocity":[72.3462,159.543,-134.592],"palmWidth":90.7382,"pinchStrength":0.525283,"r":[[0.961202,-0.0282222,0.274399],[0.0162539,0.998819,0.0457933],[-0.275367,-0.0395565,0.960525]],"s":1.08807,"sphereCenter":[56.9101,276.937,-24.2818],"sphereRadius":46.537,"stabilizedPalmPosition":[63.7682,259.883,58.0119],"t":[28.273,6.74699,-140.289],"timeVisible":51.1487,"type":"right","wrist":[75.4216,254.703,57.1945]}],"id":4283293,"interactionBox":{"center":[0,200,0],"size":[235.247,235.247,147.751]},"pointables":[{"bases":[[[0.460176,0.754178,0.468459],[-0.740025,0.0343101,0.671704],[0.490511,-0.655774,0.573899]],[[0.276525,0.925906,0.257357],[-0.779844,0.0597065,0.623119],[0.561584,-0.373006,0.738573]],[[0.276525,0.925906,0.257357],[-0.956366,0.238853,0.168264],[0.0943259,-0.292656,0.951554]],[[0.276525,0.925906,0.257357],[-0.798535,0.370377,-0.474514],[-0.534674,-0.0742931,0.841786]]],"btipPosition":[27.803,275.347,-34.0844],"carpPosition":[46.4868,245.095,54.6817],"dipPosition":[15.3243,273.614,-14.4381],"direction":[-0.0943259,0.292656,-0.951554],"extended":false,"handId":699,"id":6990,"length":51.9721,"mcpPosition":[46.4868,245.095,54.6817],"pipPosition":[18.5315,263.663,17.9159],"stabilizedTipPosition":[15.7602,259.553,81.9727],"timeVisible":51.1487,"tipPosition":[25.1302,275.646,-28.2749],"tipVelocity":[80.283,102.237,-168.919],"tool":false,"touchDistance":-0.591234,"touchZone":"hovering","type":0,"width":20.194},{"bases":[[[0.970107,0.111412,-0.215593],[0.0457993,0.788373,0.613491],[0.238318,-0.605025,0.759703]],[[0.989036,0.0505266,-0.138765],[0.0412013,0.807928,0.587839],[0.141813,-0.587111,0.796988]],[[0.989036,0.0505266,-0.138765],[-0.00404552,0.948566,0.316554],[0.147622,-0.312522,0.93837]],[[0.989036,0.0505266,-0.138765],[-0.0398452,0.996101,0.0787031],[0.1422,-0.072311,0.987193]]],"btipPosition":[25.8494,344.496,-68.7607],"carpPosition":[55.3906,266.189,60.5595],"dipPosition":[28.2722,343.264,-51.9406],"direction":[-0.147622,0.312522,-0.93837],"extended":true,"handId":699,"id":6991,"length":58.6448,"mcpPosition":[37.9062,310.577,4.82314],"pipPosition":[31.8304,335.731,-29.3226],"stabilizedTipPosition":[27.1213,325.211,39.485],"timeVisible":51.1487,"tipPosition":[26.8425,345.147,-64.2806],"tipVelocity":[68.0884,88.9911,-184.697],"tool":false,"touchDistance":-0.591789,"touchZone":"touching","type":1,"width":19.2893},{"bases":[[[0.971268,-0.107395,-0.212377],[0.214369,0.782384,0.58474],[0.103362,-0.613467,0.782927]],[[0.972833,-0.11744,-0.19951],[-0.0379517,0.769222,-0.637854],[0.228378,0.628097,0.743867]],[[0.972833,-0.11744,-0.19951],[-0.231489,-0.48197,-0.845055],[0.00308555,0.868281,-0.496063]],[[0.972833,-0.11744,-0.19951],[-0.189407,-0.899292,-0.394208],[-0.133122,0.421287,-0.897104]]],"btipPosition":[51.3507,249.21,-0.812778],"carpPosition":[67.1124,269.236,58.5358],"dipPosition":[48.856,257.104,-17.6245],"direction":[-0.00308555,-0.868281,0.496063],"extended":false,"handId":699,"id":6992,"length":66.821,"mcpPosition":[59.921,311.918,4.06376],"pipPosition":[48.9435,281.727,-31.6917],"stabilizedTipPosition":[39.2119,226.524,71.6207],"timeVisible":51.1487,"tipPosition":[50.9616,251.086,-3.87805],"tipVelocity":[72.638,146.074,-123.464],"tool":false,"touchDistance":0.333333,"touchZone":"none","type":2,"width":18.9446},{"bases":[[[0.95695,-0.255173,-0.13832],[0.2864,0.752757,0.592733],[-0.0471281,-0.606831,0.793433]],[[0.957045,-0.253925,-0.139951],[0.0931331,0.726346,-0.68099],[0.274573,0.638705,0.718795]],[[0.957045,-0.253925,-0.139951],[-0.253004,-0.495644,-0.830859],[0.14161,0.830577,-0.538598]],[[0.957045,-0.253925,-0.139951],[-0.288643,-0.880009,-0.377186],[-0.0273807,0.40138,-0.915502]]],"btipPosition":[66.3692,248.156,6.17844],"carpPosition":[79.061,269.131,55.8312],"dipPosition":[65.859,255.634,-10.8795],"direction":[-0.14161,-0.830577,0.538598],"extended":false,"handId":699,"id":6993,"length":64.2502,"mcpPosition":[82.0049,307.038,6.26817],"pipPosition":[69.771,278.579,-25.7584],"stabilizedTipPosition":[55.7733,223.661,65.8899],"timeVisible":51.1487,"tipPosition":[66.3336,249.948,2.90831],"tipVelocity":[73.5998,152.802,-131.73],"tool":false,"touchDistance":0.333333,"touchZone":"none","type":3,"width":18.027},{"bases":[[[0.8845,-0.444538,-0.141582],[0.426458,0.647315,0.631757],[-0.189192,-0.619167,0.762127]],[[0.843703,-0.536443,-0.0198742],[0.399381,0.652012,-0.644496],[0.358694,0.535826,0.764349]],[[0.843703,-0.536443,-0.0198742],[-0.280848,-0.409553,-0.867981],[0.457483,0.7379,-0.496199]],[[0.843703,-0.536443,-0.0198742],[-0.49257,-0.758921,-0.425927],[0.213403,0.369145,-0.904539]]],"btipPosition":[76.0957,258.35,5.07203],"carpPosition":[90.395,262.178,50.8674],"dipPosition":[79.7639,264.695,-10.4762],"direction":[-0.457483,-0.7379,0.496199],"extended":false,"handId":699,"id":6994,"length":50.3709,"mcpPosition":[101.335,297.982,6.7976],"pipPosition":[88.687,279.088,-20.1544],"stabilizedTipPosition":[67.9716,232.664,60.0363],"timeVisible":51.1487,"tipPosition":[77.086,259.805,2.33899],"tipVelocity":[72.77,155.461,-139.038],"tool":false,"touchDistance":0.333333,"touchZone":"none","type":4,"width":16.013}],"r":[[0.961202,-0.0282222,0.274399],[0.0162539,0.998819,0.0457933],[-0.275367,-0.0395565,0.960525]],"s":1.08807,"t":[28.273,6.74699,-140.289],"timestamp":523769297429},false],[3,{"currentFrameRate":110.37,"devices":[],"gestures":[],"hands":[{"armBasis":[[0.943622,0.11137,-0.311726],[0.060704,0.867516,0.493691],[0.32541,-0.484781,0.811847]],"armWidth":63.5437,"confidence":0.508096,"direction":[-0.062051,0.717124,-0.694178],"elbow":[163.658,126.202,274.665],"grabStrength":0,"id":699,"palmNormal":[-0.0809434,-0.696843,-0.712641],"palmPosition":[64.7878,292.437,16.3912],"palmVelocity":[72.291,165.673,-142.319],"palmWidth":90.7382,"pinchStrength":0.532726,"r":[[0.960834,-0.0266206,0.275844],[0.0159036,0.999032,0.0410164],[-0.276669,-0.035023,0.960327]],"s":1.08668,"sphereCenter":[57.5363,278.203,-25.6316],"sphereRadius":46.4855,"stabilizedPalmPosition":[63.877,263.356,53.5717],"t":[28.9249,8.30437,-141.688],"timeVisible":51.1578,"type":"right","wrist":[76.04,256.731,56.0733]}],"id":4283294,"interactionBox":{"center":[0,200,0],"size":[235.247,235.247,147.751]},"pointables":[{"bases":[[[0.460589,0.758393,0.461192],[-0.740182,0.0414027,0.671131],[0.489886,-0.650481,0.580418]],[[0.275233,0.929313,0.24622],[-0.783455,0.0683817,0.617675],[0.557177,-0.362907,0.746895]],[[0.275233,0.929313,0.24622],[-0.956667,0.239427,0.16572],[0.0950538,-0.281163,0.954941]],[[0.275233,0.929313,0.24622],[-0.795279,0.363987,-0.484814],[-0.540165,-0.0623774,0.839244]]],"btipPosition":[28.738,276.2,-35.5898],"carpPosition":[47.099,247.119,53.6464],"dipPosition":[16.1312,274.744,-16.0028],"direction":[-0.0950538,0.281163,-0.954941],"extended":false,"handId":699,"id":6990,"length":51.9721,"mcpPosition":[47.099,247.119,53.6464],"pipPosition":[19.3631,265.184,16.4664],"stabilizedTipPosition":[15.9489,259.859,79.8559],"timeVisible":51.1578,"tipPosition":[25.9325,276.625,-29.8448],"tipVelocity":[85.6704,101.882,-168.485],"tool":false,"touchDistance":-0.58323,"touchZone":"hovering","type":0,"width":20.194},{"bases":[[[0.970245,0.108607,-0.216402],[0.0461971,0.7943,0.605767],[0.237679,-0.597739,0.765648]],[[0.988834,0.0496452,-0.140507],[0.0415899,0.813471,0.580116],[0.143098,-0.579483,0.802323]],[[0.988834,0.0496452,-0.140507],[-0.0034109,0.950169,0.311718],[0.148981,-0.307758,0.939729]],[[0.988834,0.0496452,-0.140507],[-0.0390593,0.996256,0.0771219],[0.14381,-0.0707727,0.987071]]],"btipPosition":[26.4067,345.568,-70.6954],"carpPosition":[56.0163,268.263,59.3202],"dipPosition":[28.857,344.362,-53.8774],"direction":[-0.148981,0.307758,-0.939729],"extended":true,"handId":699,"id":6991,"length":58.6448,"mcpPosition":[38.5788,312.117,3.14772],"pipPosition":[32.4479,336.944,-31.2266],"stabilizedTipPosition":[27.1179,325.674,37.0344],"timeVisible":51.1578,"tipPosition":[27.4294,346.08,-66.2917],"tipVelocity":[66.4313,97.2164,-192.579],"tool":false,"touchDistance":-0.589971,"touchZone":"touching","type":1,"width":19.2893},{"bases":[[[0.971249,-0.110159,-0.211047],[0.21477,0.78791,0.577123],[0.102711,-0.605857,0.788916]],[[0.972811,-0.120141,-0.198001],[-0.0366679,0.76425,-0.643877],[0.228678,0.633631,0.739065]],[[0.972811,-0.120141,-0.198001],[-0.231555,-0.487756,-0.84171],[0.00454743,0.864673,-0.502314]],[[0.972811,-0.120141,-0.198001],[-0.190257,-0.902054,-0.387428],[-0.132062,0.414566,-0.900386]]],"btipPosition":[51.9487,250.688,-2.02558],"carpPosition":[67.7408,271.282,57.2701],"dipPosition":[49.4739,258.457,-18.8988],"direction":[-0.00454743,-0.864673,0.502314],"extended":false,"handId":699,"id":6992,"length":66.821,"mcpPosition":[60.5947,313.434,2.38139],"pipPosition":[49.6028,282.977,-33.1433],"stabilizedTipPosition":[39.9588,228.117,66.8618],"timeVisible":51.1578,"tipPosition":[51.5657,252.537,-5.09648],"tipVelocity":[70.9072,149.844,-126.702],"tool":false,"touchDistance":0.333333,"touchZone":"none","type":2,"width":18.9446},{"bases":[[[0.956805,-0.257195,-0.135553],[0.286778,0.758312,0.585425],[-0.0477771,-0.599011,0.799314]],[[0.956951,-0.255299,-0.138081],[0.095462,0.726108,-0.680921],[0.2741,0.638427,0.719222]],[[0.956951,-0.255299,-0.138081],[-0.252072,-0.49517,-0.831425],[0.143888,0.830439,-0.538207]],[[0.956951,-0.255299,-0.138081],[-0.289085,-0.880894,-0.374774],[-0.0259552,0.398558,-0.916776]]],"btipPosition":[66.9704,249.747,4.5437],"carpPosition":[79.6901,271.142,54.57],"dipPosition":[66.4868,257.173,-12.5379],"direction":[-0.143888,-0.830439,0.538207],"extended":false,"handId":699,"id":6993,"length":64.2502,"mcpPosition":[82.6746,308.56,4.63954],"pipPosition":[70.4617,280.114,-27.4061],"stabilizedTipPosition":[56.5651,225.647,61.2276],"timeVisible":51.1578,"tipPosition":[66.9406,251.505,1.39851],"tipVelocity":[71.7493,158.656,-145.273],"tool":false,"touchDistance":0.333333,"touchZone":"none","type":3,"width":18.027},{"bases":[[[0.88422,-0.446532,-0.136983],[0.42675,0.653157,0.625517],[-0.189841,-0.611552,0.768091]],[[0.842685,-0.538252,-0.0128734],[0.40377,0.647595,-0.646212],[0.356162,0.539356,0.763049]],[[0.842685,-0.538252,-0.0128734],[-0.277387,-0.413536,-0.867205],[0.461452,0.734352,-0.497785]],[[0.842685,-0.538252,-0.0128734],[-0.492448,-0.760868,-0.422581],[0.21766,0.362442,-0.906234]]],"btipPosition":[76.6974,259.924,3.64318],"carpPosition":[91.0204,264.133,49.6775],"dipPosition":[80.4388,266.154,-11.9342],"direction":[-0.461452,-0.734352,0.497785],"extended":false,"handId":699,"id":6994,"length":50.3709,"mcpPosition":[101.998,299.496,5.26285],"pipPosition":[89.4392,280.477,-21.6433],"stabilizedTipPosition":[68.7254,234.92,55.3199],"timeVisible":51.1578,"tipPosition":[77.703,261.338,0.936341],"tipVelocity":[71.4897,159.623,-144.325],"tool":false,"touchDistance":0.333333,"touchZone":"none","type":4,"width":16.013}],"r":[[0.960834,-0.0266206,0.275844],[0.0159036,0.999032,0.0410164],[-0.276669,-0.035023,0.960327]],"s":1.08668,"t":[28.9249,8.30437,-141.688],"timestamp":523769306506},false],[4,{"currentFrameRate":110.399,"devices":[],"gestures":[],"hands":[{"armBasis":[[0.943525,0.113423,-0.311282],[0.0589534,0.867095,0.494641],[0.326015,-0.485057,0.811439]],"armWidth":63.5437,"confidence":0.522757,"direction":[-0.0607189,0.714014,-0.697494],"elbow":[164.289,127.329,273.761],"grabStrength":0,"id":699,"palmNormal":[-0.0782993,-0.700037,-0.709801],"palmPosition":[65.3375,293.454,15.4086],"palmVelocity":[69.2002,151.178,-133.195],"palmWidth":90.7382,"pinchStrength":0.541927,"r":[[0.960385,-0.0249181,0.277562],[0.0154273,0.999221,0.0363251],[-0.278251,-0.0306041,0.960021]],"s":1.08474,"sphereCenter":[58.1538,279.047,-26.604],"sphereRadius":46.4218,"stabilizedPalmPosition":[64.0538,267,48.9514],"t":[29.5257,9.59151,-142.878],"timeVisible":51.1668,"type":"right","wrist":[76.5088,257.932,55.2788]}],"id":4283295,"interactionBox":{"center":[0,200,0],"size":[235.247,235.247,147.751]},"pointables":[{"bases":[[[0.458602,0.760826,0.459161],[-0.742121,0.0436793,0.668842],[0.488816,-0.647485,0.584656]],[[0.271505,0.931932,0.240391],[-0.788934,0.0724464,0.610192],[0.551242,-0.355323,0.754903]],[[0.271505,0.931932,0.240391],[-0.957777,0.237078,0.162656],[0.0945934,-0.274403,0.956951]],[[0.271505,0.931932,0.240391],[-0.79051,0.358408,-0.496627],[-0.54898,-0.0551947,0.834011]]],"btipPosition":[29.7392,276.59,-36.7689],"carpPosition":[47.5835,248.284,52.8121],"dipPosition":[16.9267,275.302,-17.304],"direction":[-0.0945934,0.274403,-0.956951],"extended":false,"handId":699,"id":6990,"length":51.9721,"mcpPosition":[47.5835,248.284,52.8121],"pipPosition":[20.143,265.972,15.2335],"stabilizedTipPosition":[16.1543,260.17,77.7315],"timeVisible":51.1668,"tipPosition":[26.7875,277.116,-31.1022],"tipVelocity":[91.2344,86.9617,-159.022],"tool":false,"touchDistance":-0.571348,"touchZone":"hovering","type":0,"width":20.194},{"bases":[[[0.970758,0.108533,-0.214126],[0.0437697,0.796992,0.602401],[0.236037,-0.594158,0.768936]],[[0.988861,0.0512993,-0.13972],[0.0392266,0.815715,0.577122],[0.143577,-0.576174,0.804617]],[[0.988861,0.0512993,-0.13972],[-0.00507514,0.949802,0.312809],[0.148753,-0.308616,0.939483]],[[0.988861,0.0512993,-0.13972],[-0.0400646,0.995821,0.0820683],[0.143346,-0.0755563,0.986784]]],"btipPosition":[26.9695,346.463,-71.9261],"carpPosition":[56.4658,269.461,58.4183],"dipPosition":[29.4119,345.176,-55.1129],"direction":[-0.148753,0.308616,-0.939483],"extended":true,"handId":699,"id":6991,"length":58.6448,"mcpPosition":[39.1487,313.051,2.00454],"pipPosition":[32.9973,337.737,-32.4681],"stabilizedTipPosition":[27.1273,326.142,34.6338],"timeVisible":51.1668,"tipPosition":[28.0144,346.797,-67.5981],"tipVelocity":[65.2932,97.2494,-177.247],"tool":false,"touchDistance":-0.577784,"touchZone":"touching","type":1,"width":19.2893},{"bases":[[[0.971942,-0.110207,-0.207807],[0.212429,0.790629,0.574264],[0.101011,-0.602295,0.791857]],[[0.97349,-0.120227,-0.194584],[-0.0347,0.763239,-0.645184],[0.226083,0.634832,0.738833]],[[0.97349,-0.120227,-0.194584],[-0.228647,-0.488578,-0.842028],[0.00616554,0.864197,-0.503115]],[[0.97349,-0.120227,-0.194584],[-0.188749,-0.902766,-0.386507],[-0.129195,0.412988,-0.901526]]],"btipPosition":[52.5447,251.625,-3.05687],"carpPosition":[68.1933,272.481,56.3882],"dipPosition":[50.1236,259.364,-19.9515],"direction":[-0.00616554,-0.864197,0.503115],"extended":false,"handId":699,"id":6992,"length":66.821,"mcpPosition":[61.1655,314.385,1.29485],"pipPosition":[50.2984,283.871,-34.2187],"stabilizedTipPosition":[40.7479,229.776,62.0199],"timeVisible":51.1668,"tipPosition":[52.1753,253.46,-6.1129],"tipVelocity":[69.9838,137.046,-123.502],"tool":false,"touchDistance":0.333333,"touchZone":"none","type":2,"width":18.9446},{"bases":[[[0.957415,-0.256923,-0.131709],[0.284439,0.761132,0.5829],[-0.0495124,-0.59554,0.801798]],[[0.957615,-0.254411,-0.135088],[0.0999192,0.733237,-0.672592],[0.270166,0.630586,0.727579]],[[0.957615,-0.254411,-0.135088],[-0.246926,-0.483532,-0.839776],[0.148329,0.837539,-0.525858]],[[0.957615,-0.254411,-0.135088],[-0.287317,-0.877086,-0.384927],[-0.0205545,0.407425,-0.913007]]],"btipPosition":[67.4911,250.716,2.75739],"carpPosition":[80.1503,272.34,53.7226],"dipPosition":[67.1081,258.308,-14.254],"direction":[-0.148329,-0.837539,0.525858],"extended":false,"handId":699,"id":6993,"length":64.2502,"mcpPosition":[83.2432,309.541,3.63696],"pipPosition":[71.2057,281.445,-28.781],"stabilizedTipPosition":[57.3307,227.541,56.821],"timeVisible":51.1668,"tipPosition":[67.5035,252.508,-0.152551],"tipVelocity":[68.6263,145.798,-159.362],"tool":false,"touchDistance":0.333333,"touchZone":"none","type":3,"width":18.027},{"bases":[[[0.885003,-0.44633,-0.132514],[0.42439,0.656281,0.62385],[-0.191476,-0.608346,0.770228]],[[0.842351,-0.538895,-0.00612113],[0.410319,0.648654,-0.641004],[0.349404,0.537438,0.767513]],[[0.842351,-0.538895,-0.00612113],[-0.269311,-0.411069,-0.870915],[0.466816,0.735265,-0.491395]],[[0.842351,-0.538895,-0.00612113],[-0.489618,-0.76048,-0.42655],[0.225211,0.362302,-0.904443]]],"btipPosition":[77.2761,260.978,2.42236],"carpPosition":[91.5008,265.32,48.8931],"dipPosition":[81.1473,267.206,-13.1242],"direction":[-0.466816,-0.735265,0.491395],"extended":false,"handId":699,"id":6994,"length":50.3709,"mcpPosition":[102.573,300.497,4.35485],"pipPosition":[90.2524,281.547,-22.7087],"stabilizedTipPosition":[69.4861,237.135,50.7702],"timeVisible":51.1668,"tipPosition":[78.3073,262.367,-0.211551],"tipVelocity":[70.4147,147.9,-141.7],"tool":false,"touchDistance":0.333333,"touchZone":"none","type":4,"width":16.013}],"r":[[0.960385,-0.0249181,0.277562],[0.0154273,0.999221,0.0363251],[-0.278251,-0.0306041,0.960021]],"s":1.08474,"t":[29.5257,9.59151,-142.878],"timestamp":523769315512},false],[5,{"currentFrameRate":110.381,"devices":[],"gestures":[],"hands":[{"armBasis":[[0.944077,0.113254,-0.309665],[0.0577028,0.867918,0.493344],[0.324637,-0.483624,0.812846]],"armWidth":63.5437,"confidence":0.538222,"direction":[-0.060516,0.712408,-0.699151],"elbow":[164.306,128.501,273.533],"grabStrength":0,"id":699,"palmNormal":[-0.0768893,-0.701681,-0.70833],"palmPosition":[65.7414,294.141,14.7098],"palmVelocity":[62.3377,130.242,-117.593],"palmWidth":90.7382,"pinchStrength":0.551817,"r":[[0.959963,-0.0232636,0.279161],[0.0148753,0.999373,0.0321295],[-0.279733,-0.0266905,0.959707]],"s":1.08245,"sphereCenter":[58.58,279.606,-27.3384],"sphereRadius":46.3776,"stabilizedPalmPosition":[64.2786,270.614,44.3913],"t":[30.0281,10.5787,-143.823],"timeVisible":51.1759,"type":"right","wrist":[76.8967,258.718,54.6718]}],"id":4283296,"interactionBox":{"center":[0,200,0],"size":[235.247,235.247,147.751]},"pointables":[{"bases":[[[0.45743,0.762234,0.457994],[-0.742929,0.0445397,0.667887],[0.488687,-0.645768,0.586659]],[[0.269585,0.933193,0.237643],[-0.792037,0.0745093,0.605909],[0.547724,-0.351566,0.75921]],[[0.269585,0.933193,0.237643],[-0.958229,0.235485,0.162309],[0.0955049,-0.271472,0.957696]],[[0.269585,0.933193,0.237643],[-0.788503,0.355578,-0.501824],[-0.552799,-0.0520976,0.831684]]],"btipPosition":[30.3713,276.986,-37.5732],"carpPosition":[47.9823,249.039,52.1933],"dipPosition":[17.4696,275.77,-18.1626],"direction":[-0.0955049,0.271472,-0.957696],"extended":false,"handId":699,"id":6990,"length":51.9721,"mcpPosition":[47.9823,249.039,52.1933],"pipPosition":[20.7169,266.54,14.4002],"stabilizedTipPosition":[16.3735,260.492,75.5719],"timeVisible":51.1759,"tipPosition":[27.3487,277.525,-31.9625],"tipVelocity":[84.5963,75.4645,-139.86],"tool":false,"touchDistance":-0.554798,"touchZone":"hovering","type":0,"width":20.194},{"bases":[[[0.970912,0.108877,-0.213248],[0.042402,0.798368,0.600675],[0.23565,-0.592245,0.770529]],[[0.988697,0.0530069,-0.140245],[0.0377196,0.817386,0.574854],[0.145105,-0.573646,0.806148]],[[0.988697,0.0530069,-0.140245],[-0.00641303,0.949512,0.313666],[0.149791,-0.309221,0.939119]],[[0.988697,0.0530069,-0.140245],[-0.0411816,0.995451,0.0859184],[0.144161,-0.0791717,0.986382]]],"btipPosition":[27.268,347.066,-72.7486],"carpPosition":[56.8403,270.236,57.7625],"dipPosition":[29.7242,345.717,-55.9423],"direction":[-0.149791,0.309221,-0.939119],"extended":true,"handId":699,"id":6991,"length":58.6448,"mcpPosition":[39.5515,313.687,1.23193],"pipPosition":[33.3347,338.264,-33.3063],"stabilizedTipPosition":[27.1435,326.615,32.2594],"timeVisible":51.1759,"tipPosition":[28.3398,347.299,-68.4647],"tipVelocity":[56.3993,88.2531,-153.262],"tool":false,"touchDistance":-0.560701,"touchZone":"touching","type":1,"width":19.2893},{"bases":[[[0.972274,-0.109846,-0.206441],[0.211099,0.792085,0.572747],[0.100605,-0.600446,0.793312]],[[0.973827,-0.119924,-0.193077],[-0.0330329,0.765781,-0.642253],[0.224876,0.631821,0.741777]],[[0.973827,-0.119924,-0.193077],[-0.227157,-0.4845,-0.844784],[0.00776444,0.866532,-0.499061]],[[0.973827,-0.119924,-0.193077],[-0.188233,-0.901646,-0.389363],[-0.127393,0.415515,-0.900621]]],"btipPosition":[52.9261,252.308,-4.0805],"carpPosition":[68.5676,273.262,55.7392],"dipPosition":[50.5387,260.095,-20.9581],"direction":[-0.00776444,-0.866532,0.499061],"extended":false,"handId":699,"id":6992,"length":66.821,"mcpPosition":[61.568,315.038,0.544643],"pipPosition":[50.7589,284.668,-35.1103],"stabilizedTipPosition":[41.5353,231.423,57.2815],"timeVisible":51.1759,"tipPosition":[52.5742,254.131,-7.06519],"tipVelocity":[62.4563,120.238,-120.36],"tool":false,"touchDistance":0.333333,"touchZone":"none","type":2,"width":18.9446},{"bases":[[[0.957783,-0.256406,-0.130033],[0.283124,0.762668,0.581531],[-0.0499355,-0.593796,0.803065]],[[0.958028,-0.253325,-0.134193],[0.101743,0.738093,-0.666984],[0.268011,0.625336,0.732888]],[[0.958028,-0.253325,-0.134193],[-0.244387,-0.47701,-0.844237],[0.149855,0.841598,-0.518898]],[[0.958028,-0.253325,-0.134193],[-0.286058,-0.87541,-0.389651],[-0.0187658,0.411684,-0.911134]]],"btipPosition":[67.9155,251.435,1.5797],"carpPosition":[80.5278,273.125,53.0877],"dipPosition":[67.5658,259.106,-15.3968],"direction":[-0.149855,-0.841598,0.518898],"extended":false,"handId":699,"id":6993,"length":64.2502,"mcpPosition":[83.6471,310.217,2.92298],"pipPosition":[71.7056,282.355,-29.7316],"stabilizedTipPosition":[58.0532,229.306,52.7528],"timeVisible":51.1759,"tipPosition":[67.9323,253.22,-1.24285],"tipVelocity":[62.7817,127.862,-150.855],"tool":false,"touchDistance":0.333333,"touchZone":"none","type":3,"width":18.027},{"bases":[[[0.885531,-0.445874,-0.1305],[0.423116,0.658027,0.622876],[-0.191852,-0.606792,0.77136]],[[0.841885,-0.539655,-0.00177821],[0.416788,0.652294,-0.633088],[0.342809,0.532246,0.774078]],[[0.841885,-0.539655,-0.00177821],[-0.260931,-0.404175,-0.876674],[0.472383,0.738523,-0.481081]],[[0.841885,-0.539655,-0.00177821],[-0.486809,-0.758013,-0.434088],[0.23291,0.366318,-0.900869]]],"btipPosition":[77.6784,261.722,1.2567],"carpPosition":[91.8897,266.104,48.2869],"dipPosition":[81.6819,268.019,-14.2284],"direction":[-0.472383,-0.738523,0.481081],"extended":false,"handId":699,"id":6994,"length":50.3709,"mcpPosition":[102.984,301.191,3.68327],"pipPosition":[90.8956,282.424,-23.6117],"stabilizedTipPosition":[70.2191,239.229,46.501],"timeVisible":51.1759,"tipPosition":[78.7381,263.106,-1.27338],"tipVelocity":[64.0951,130.104,-137.533],"tool":false,"touchDistance":0.333333,"touchZone":"none","type":4,"width":16.013}],"r":[[0.959963,-0.0232636,0.279161],[0.0148753,0.999373,0.0321295],[-0.279733,-0.0266905,0.959707]],"s":1.08245,"t":[30.0281,10.5787,-143.823],"timestamp":523769324604},false],[6,{"currentFrameRate":110.418,"devices":[],"gestures":[],"hands":[{"armBasis":[[0.94379,0.116546,-0.309317],[0.054528,0.868063,0.49345],[0.326017,-0.48258,0.812915]],"armWidth":63.5437,"confidence":0.545034,"direction":[-0.0573615,0.712501,-0.699322],"elbow":[164.865,129.798,272.74],"grabStrength":0,"id":699,"palmNormal":[-0.0727395,-0.701596,-0.708852],"palmPosition":[66.113,295.157,13.8474],"palmVelocity":[56.5769,125.515,-111.65],"palmWidth":90.7382,"pinchStrength":0.566139,"r":[[0.959334,-0.0218172,0.28143],[0.0142742,0.999483,0.0288248],[-0.281913,-0.0236354,0.959149]],"s":1.0803,"sphereCenter":[59.0371,280.624,-28.2757],"sphereRadius":46.3549,"stabilizedPalmPosition":[64.5378,274.083,40.0743],"t":[30.4651,11.5803,-144.727],"timeVisible":51.1849,"type":"right","wrist":[77.0843,259.734,53.8601]}],"id":4283297,"interactionBox":{"center":[0,200,0],"size":[235.247,235.247,147.751]},"pointables":[{"bases":[[[0.454534,0.762451,0.460507],[-0.746417,0.0439146,0.664028],[0.486066,-0.645553,0.589068]],[[0.267242,0.933608,0.238657],[-0.796567,0.074657,0.599923],[0.542275,-0.350431,0.763633]],[[0.267242,0.933608,0.238657],[-0.95918,0.233949,0.158875],[0.0924932,-0.271373,0.95802]],[[0.267242,0.933608,0.238657],[-0.785229,0.354541,-0.507657],[-0.558567,-0.0517333,0.827845]]],"btipPosition":[31.087,277.915,-38.6784],"carpPosition":[48.1897,250.036,51.2296],"dipPosition":[18.0507,276.708,-19.3574],"direction":[-0.0924932,0.271373,-0.95802],"extended":false,"handId":699,"id":6990,"length":51.9721,"mcpPosition":[48.1897,250.036,51.2296],"pipPosition":[21.1955,267.481,13.2164],"stabilizedTipPosition":[16.6297,260.867,73.1705],"timeVisible":51.1849,"tipPosition":[28.0111,278.443,-33.1188],"tipVelocity":[82.2821,83.1574,-135.847],"tool":false,"touchDistance":-0.544539,"touchZone":"touching","type":0,"width":20.194},{"bases":[[[0.971934,0.109568,-0.208182],[0.038747,0.798281,0.601038],[0.232042,-0.592235,0.771631]],[[0.989088,0.0549193,-0.136706],[0.0340766,0.817474,0.574957],[0.143329,-0.573342,0.806682]],[[0.989088,0.0549193,-0.136706],[-0.00869846,0.948072,0.317938],[0.147068,-0.313279,0.938204]],[[0.989088,0.0549193,-0.136706],[-0.0422494,0.994683,0.0939167],[0.141136,-0.0871161,0.98615]]],"btipPosition":[27.8901,348.287,-73.7401],"carpPosition":[57.0044,271.238,56.8488],"dipPosition":[30.2949,346.803,-56.9377],"direction":[-0.147068,0.313279,-0.938204],"extended":true,"handId":699,"id":6991,"length":58.6448,"mcpPosition":[39.9804,314.688,0.237371],"pipPosition":[33.8397,339.252,-34.3237],"stabilizedTipPosition":[27.1759,327.146,29.7153],"timeVisible":51.1849,"tipPosition":[28.9702,348.381,-69.5018],"tipVelocity":[59.5505,100.357,-141.499],"tool":false,"touchDistance":-0.547849,"touchZone":"touching","type":1,"width":19.2893},{"bases":[[[0.973406,-0.109156,-0.20141],[0.207591,0.792116,0.573984],[0.0968856,-0.600531,0.79371]],[[0.974925,-0.119447,-0.187758],[-0.0274717,0.772678,-0.634203],[0.22083,0.623459,0.750022]],[[0.974925,-0.119447,-0.187758],[-0.222149,-0.472881,-0.852662],[0.0130604,0.872992,-0.487559]],[[0.974925,-0.119447,-0.187758],[-0.186964,-0.897244,-0.399998],[-0.120686,0.425072,-0.897078]]],"btipPosition":[53.2759,253.364,-5.74935],"carpPosition":[68.7401,274.272,54.887],"dipPosition":[51.0143,261.33,-22.5606],"direction":[-0.0130604,-0.872992,0.487559],"extended":false,"handId":699,"id":6992,"length":66.821,"mcpPosition":[61.9993,316.054,-0.335306],"pipPosition":[51.3846,286.086,-36.3866],"stabilizedTipPosition":[42.2633,232.965,52.9413],"timeVisible":51.1849,"tipPosition":[52.9746,255.206,-8.57931],"tipVelocity":[56.881,120.721,-137.8],"tool":false,"touchDistance":0.333333,"touchZone":"none","type":2,"width":18.9446},{"bases":[[[0.958616,-0.25574,-0.125106],[0.279589,0.762746,0.583137],[-0.0537077,-0.593983,0.802683]],[[0.958896,-0.25249,-0.129491],[0.104648,0.738839,-0.665707],[0.263757,0.624793,0.734892]],[[0.958896,-0.25249,-0.129491],[-0.23968,-0.476408,-0.845925],[0.151897,0.84219,-0.517342]],[[0.958896,-0.25249,-0.129491],[-0.283389,-0.875392,-0.391637],[-0.0144711,0.412235,-0.910962]]],"btipPosition":[68.3904,252.463,0.678003],"carpPosition":[80.714,274.144,52.2977],"dipPosition":[68.1208,260.144,-16.2953],"direction":[-0.151897,-0.84219,0.517342],"extended":false,"handId":699,"id":6993,"length":64.2502,"mcpPosition":[84.0689,311.248,2.15675],"pipPosition":[72.317,283.409,-30.5871],"stabilizedTipPosition":[58.743,230.979,48.9948],"timeVisible":51.1849,"tipPosition":[68.414,254.245,-2.16993],"tipVelocity":[60.6127,124.221,-136.964],"tool":false,"touchDistance":0.333333,"touchZone":"none","type":3,"width":18.027},{"bases":[[[0.886496,-0.445257,-0.125983],[0.419434,0.65819,0.625189],[-0.195449,-0.607069,0.770239]],[[0.841387,-0.540415,0.00446076],[0.425374,0.657141,-0.622272],[0.333354,0.525469,0.782788]],[[0.841387,-0.540415,0.00446076],[-0.249473,-0.395707,-0.883844],[0.479407,0.742542,-0.467761]],[[0.841387,-0.540415,0.00446076],[-0.482389,-0.754716,-0.44464],[0.243656,0.371962,-0.895698]]],"btipPosition":[78.1138,262.829,-0.0666206],"carpPosition":[92.1054,267.131,47.5546],"dipPosition":[82.302,269.223,-15.4629],"direction":[-0.479407,-0.742542,0.467761],"extended":false,"handId":699,"id":6994,"length":50.3709,"mcpPosition":[103.407,302.234,3.01577],"pipPosition":[91.6527,283.706,-24.5864],"stabilizedTipPosition":[70.9085,241.18,42.6008],"timeVisible":51.1849,"tipPosition":[79.2049,264.212,-2.50604],"tipVelocity":[61.0922,128.859,-139.561],"tool":false,"touchDistance":0.333333,"touchZone":"none","type":4,"width":16.013}],"r":[[0.959334,-0.0218172,0.28143],[0.0142742,0.999483,0.0288248],[-0.281913,-0.0236354,0.959149]],"s":1.0803,"t":[30.4651,11.5803,-144.727],"timestamp":523769333594},false],[7,{"curr