{"sensorType":"Leap","data":[[0,{"currentFrameRate":105.069,"devices":[],"gestures":[],"hands":[{"armBasis":[[0.94422,0.0808292,-0.319241],[0.0935857,0.86358,0.49545],[0.315737,-0.497691,0.807845]],"armWidth":63.5437,"confidence":0.552004,"direction":[-0.0290615,0.774925,-0.631385],"elbow":[144.528,90.7692,266.295],"grabStrength":0,"id":699,"palmNormal":[-0.11104,-0.630245,-0.768415],"palmPosition":[49.9198,264.152,12.2633],"palmVelocity":[137.353,240.752,-224.575],"palmWidth":90.7382,"pinchStrength":0.474726,"r":[[0.971999,-0.081885,0.220257],[0.0722604,0.99606,0.0514187],[-0.223599,-0.0340631,0.974086]],"s":1.14265,"sphereCenter":[28.6382,259.158,-25.1615],"sphereRadius":47.4963,"stabilizedPalmPosition":[23.7383,244.361,91.229],"t":[13.4286,-20.7058,-145.406],"timeVisible":89.0471,"type":"right","wrist":[59.5145,224.774,48.7808]}],"id":4287388,"interactionBox":{"center":[0,200,0],"size":[235.247,235.247,147.751]},"pointables":[{"bases":[[[0.493385,0.695695,0.522092],[-0.738474,0.0178798,0.674044],[0.459595,-0.718115,0.522575]],[[0.36919,0.847213,0.382007],[-0.751567,0.0303885,0.658956],[0.546667,-0.530384,0.647957]],[[0.36919,0.847213,0.382007],[-0.925665,0.298633,0.2323],[0.0827273,-0.439373,0.894487]],[[0.36919,0.847213,0.382007],[-0.641948,0.529703,-0.554362],[-0.672013,-0.0405636,0.739428]]],"btipPosition":[15.8349,258.988,-34.2995],"carpPosition":[30.1765,216.7,45.6264],"dipPosition":[0.150862,258.041,-17.0422],"direction":[-0.0827273,0.439373,-0.894487],"extended":false,"handId":699,"id":6990,"length":51.9721,"mcpPosition":[30.1765,216.7,45.6264],"pipPosition":[2.96369,243.102,13.3715],"stabilizedTipPosition":[-27.653,250.893,93.1779],"timeVisible":89.0471,"tipPosition":[12.6147,259.776,-28.4787],"tipVelocity":[115.836,264.403,-325.45],"tool":false,"touchDistance":-0.773814,"touchZone":"hovering","type":0,"width":20.194},{"bases":[[[0.974409,0.0830118,-0.208893],[0.0808201,0.737783,0.670183],[0.209751,-0.669915,0.712193]],[[0.973111,0.0870979,-0.213235],[0.102562,0.665072,0.739703],[0.206243,-0.741682,0.638256]],[[0.973111,0.0870979,-0.213235],[0.0212839,0.88779,0.459757],[0.229352,-0.451933,0.862064]],[[0.973111,0.0870979,-0.213235],[-0.0485727,0.982529,0.179659],[0.225157,-0.164471,0.96034]]],"btipPosition":[6.43224,331.495,-63.7041],"carpPosition":[40.0215,236.874,53.0331],"dipPosition":[10.2685,328.692,-47.3415],"direction":[-0.229352,0.451933,-0.862064],"extended":true,"handId":699,"id":6991,"length":58.6448,"mcpPosition":[24.6329,286.023,0.782385],"pipPosition":[15.7967,317.799,-26.5627],"stabilizedTipPosition":[-33.0155,323.48,61.7736],"timeVisible":89.0471,"tipPosition":[7.3613,332.93,-58.0591],"tipVelocity":[142.133,178.102,-245.357],"tool":false,"touchDistance":-0.735715,"touchZone":"hovering","type":1,"width":19.2893},{"bases":[[[0.965638,-0.135258,-0.221921],[0.248977,0.726308,0.640692],[0.0745246,-0.67393,0.735027]],[[0.964302,-0.124312,-0.233811],[-0.0454622,0.79213,-0.608657],[0.260872,0.597559,0.758201]],[[0.964302,-0.124312,-0.233811],[-0.26416,-0.513105,-0.816666],[-0.018448,0.849276,-0.527626]],[[0.964302,-0.124312,-0.233811],[-0.200585,-0.919348,-0.338473],[-0.172877,0.373289,-0.911465]]],"btipPosition":[37.9102,226.615,-4.32579],"carpPosition":[51.8717,239.528,51.215],"dipPosition":[34.6705,233.61,-21.4066],"direction":[0.018448,-0.849276,0.527626],"extended":false,"handId":699,"id":6992,"length":66.821,"mcpPosition":[46.6867,286.417,0.0755516],"pipPosition":[34.1473,257.694,-36.3689],"stabilizedTipPosition":[-1.62575,210.681,90.5993],"timeVisible":89.0471,"tipPosition":[37.1335,228.425,-8.18841],"tipVelocity":[139.302,267.369,-282.964],"tool":false,"touchDistance":0.333333,"touchZone":"none","type":2,"width":18.9446},{"bases":[[[0.944545,-0.287323,-0.158999],[0.31958,0.692935,0.646304],[-0.0755215,-0.661276,0.746331]],[[0.946214,-0.269706,-0.178712],[0.0881772,0.74642,-0.659608],[0.311295,0.608371,0.730055]],[[0.946214,-0.269706,-0.178712],[-0.300087,-0.525111,-0.796371],[0.120943,0.807166,-0.577803]],[[0.946214,-0.269706,-0.178712],[-0.314611,-0.895883,-0.313709],[-0.0754958,0.35306,-0.93255]]],"btipPosition":[52.7195,224.407,2.67192],"carpPosition":[63.8063,239.083,48.4835],"dipPosition":[51.3128,230.986,-14.7036],"direction":[-0.120943,-0.807166,0.577803],"extended":false,"handId":699,"id":6993,"length":64.2502,"mcpPosition":[68.5239,280.391,1.86267],"pipPosition":[54.6539,253.284,-30.6656],"stabilizedTipPosition":[18.6953,206.029,81.5815],"timeVisible":89.0471,"tipPosition":[52.4448,226.014,-1.56985],"tipVelocity":[135.737,258.699,-285.45],"tool":false,"touchDistance":0.333333,"touchZone":"none","type":3,"width":18.027},{"bases":[[[0.863581,-0.472444,-0.176139],[0.454665,0.578648,0.677087],[-0.217963,-0.664803,0.714513]],[[0.852953,-0.501742,-0.143964],[0.306446,0.704595,-0.640029],[0.422566,0.501797,0.754743]],[[0.852953,-0.501742,-0.143964],[-0.388117,-0.42518,-0.817672],[0.34905,0.753311,-0.557393]],[[0.852953,-0.501742,-0.143964],[-0.518537,-0.782796,-0.344021],[0.0599153,0.368084,-0.92786]]],"btipPosition":[64.6843,231.739,1.88335],"carpPosition":[74.8189,232.011,42.9923],"dipPosition":[65.7142,238.066,-14.0657],"direction":[-0.34905,-0.753311,0.557393],"extended":false,"handId":699,"id":6994,"length":50.3709,"mcpPosition":[87.4225,270.453,1.67578],"pipPosition":[72.5223,252.759,-24.9375],"stabilizedTipPosition":[29.5794,213.837,81.2989],"timeVisible":89.0471,"tipPosition":[64.6045,233.445,-1.75906],"tipVelocity":[139.494,259.512,-274.83],"tool":false,"touchDistance":0.333333,"touchZone":"none","type":4,"width":16.013}],"r":[[0.971999,-0.081885,0.220257],[0.0722604,0.99606,0.0514187],[-0.223599,-0.0340631,0.974086]],"s":1.14265,"t":[13.4286,-20.7058,-145.406],"timestamp":523807195791},false],[1,{"currentFrameRate":105.333,"devices":[],"gestures":[],"hands":[{"armBasis":[[0.946299,0.0751713,-0.314433],[0.0964743,0.862619,0.496569],[0.308564,-0.500237,0.809043]],"armWidth":63.5437,"confidence":0.552705,"direction":[-0.0290492,0.781021,-0.623829],"elbow":[143.796,91.3823,265.244],"grabStrength":0,"id":699,"palmNormal":[-0.114707,-0.622574,-0.774109],"palmPosition":[51.1071,265.822,11.2966],"palmVelocity":[135.842,225.559,-192.374],"palmWidth":90.7382,"pinchStrength":0.465336,"r":[[0.971811,-0.0844035,0.220134],[0.0717339,0.995307,0.0649404],[-0.224582,-0.0473187,0.973306]],"s":1.13999,"sphereCenter":[30.5281,260.759,-26.4963],"sphereRadius":47.2553,"stabilizedPalmPosition":[25.4567,245.709,86.2104],"t":[14.6623,-18.7297,-146.793],"timeVisible":89.0561,"type":"right","wrist":[60.7138,226.073,47.4065]}],"id":4287389,"interactionBox":{"center":[0,200,0],"size":[235.247,235.247,147.751]},"pointables":[{"bases":[[[0.496499,0.689504,0.527327],[-0.736504,0.0131104,0.676306],[0.459402,-0.724164,0.514332]],[[0.366689,0.847899,0.382891],[-0.756052,0.031754,0.653741],[0.542148,-0.529205,0.6527]],[[0.366689,0.847899,0.382891],[-0.926054,0.293176,0.237639],[0.0892394,-0.441718,0.892705]],[[0.366689,0.847899,0.382891],[-0.666459,0.526561,-0.527793],[-0.649131,-0.0616458,0.758175]]],"btipPosition":[16.476,260.898,-36.2799],"carpPosition":[31.3481,218.097,44.2592],"dipPosition":[1.326,259.46,-18.5849],"direction":[-0.0892394,0.441718,-0.892705],"extended":false,"handId":699,"id":6990,"length":51.9721,"mcpPosition":[31.3481,218.097,44.2592],"pipPosition":[4.36025,244.441,11.7681],"stabilizedTipPosition":[-26.4012,251.191,89.3161],"timeVisible":89.0561,"tipPosition":[13.427,261.536,-30.2767],"tipVelocity":[107.319,246.598,-293.388],"tool":false,"touchDistance":-0.752961,"touchZone":"hovering","type":0,"width":20.194},{"bases":[[[0.974001,0.0827612,-0.210887],[0.0844583,0.73112,0.677001],[0.210213,-0.67721,0.705122]],[[0.972725,0.0868139,-0.215105],[0.102778,0.670026,0.735189],[0.20795,-0.737244,0.642828]],[[0.972725,0.0868139,-0.215105],[0.0193703,0.893686,0.448276],[0.231153,-0.440215,0.867628]],[[0.972725,0.0868139,-0.215105],[-0.0517871,0.985195,0.163427],[0.226108,-0.14783,0.96282]]],"btipPosition":[7.5054,332.576,-64.7598],"carpPosition":[41.2613,238.176,51.8309],"dipPosition":[11.3579,330.057,-48.355],"direction":[-0.231153,0.440215,-0.867628],"extended":true,"handId":699,"id":6991,"length":58.6448,"mcpPosition":[25.8388,287.861,0.098921],"pipPosition":[16.9295,319.447,-27.4421],"stabilizedTipPosition":[-31.7981,323.73,58.1643],"timeVisible":89.0561,"tipPosition":[8.46296,334.059,-59.1647],"tipVelocity":[135.939,164.159,-209.864],"tool":false,"touchDistance":-0.706167,"touchZone":"hovering","type":1,"width":19.2893},{"bases":[[[0.964681,-0.135352,-0.225985],[0.252504,0.719541,0.646918],[0.0750441,-0.681132,0.728305]],[[0.963341,-0.124314,-0.23774],[-0.0453039,0.798056,-0.600878],[0.264427,0.589621,0.763168]],[[0.963341,-0.124314,-0.23774],[-0.267684,-0.504405,-0.820927],[-0.0178643,0.854472,-0.519191]],[[0.963341,-0.124314,-0.23774],[-0.203774,-0.915454,-0.347017],[-0.1745,0.382741,-0.907226]]],"btipPosition":[38.9578,228.466,-5.62625],"carpPosition":[53.1125,240.821,50.0042],"dipPosition":[35.6877,235.638,-22.6277],"direction":[0.0178643,-0.854472,0.519191],"extended":false,"handId":699,"id":6992,"length":66.821,"mcpPosition":[47.8913,288.21,-0.66751],"pipPosition":[35.1811,259.869,-37.3507],"stabilizedTipPosition":[0.664101,211.798,84.8426],"timeVisible":89.0561,"tipPosition":[38.1769,230.316,-9.46641],"tipVelocity":[132.781,251.616,-244.345],"tool":false,"touchDistance":0.333333,"touchZone":"none","type":2,"width":18.9446},{"bases":[[[0.943412,-0.287965,-0.164466],[0.323044,0.685952,0.652006],[-0.0749391,-0.66824,0.740162]],[[0.945055,-0.270316,-0.183849],[0.0882212,0.7524,-0.652773],[0.314783,0.600687,0.734907]],[[0.945055,-0.270316,-0.183849],[-0.303545,-0.516794,-0.80049],[0.121373,0.812314,-0.570451]],[[0.945055,-0.270316,-0.183849],[-0.317682,-0.892072,-0.32138],[-0.0771324,0.362128,-0.928932]]],"btipPosition":[53.7782,226.165,1.32145],"carpPosition":[65.0382,240.374,47.2343],"dipPosition":[52.341,232.912,-15.9867],"direction":[-0.121373,-0.812314,0.570451],"extended":false,"handId":699,"id":6993,"length":64.2502,"mcpPosition":[69.7194,282.117,0.998865],"pipPosition":[55.694,255.352,-31.7456],"stabilizedTipPosition":[20.7135,207.289,76.6892],"timeVisible":89.0561,"tipPosition":[53.4983,227.812,-2.90279],"tipVelocity":[130.532,242.426,-247.759],"tool":false,"touchDistance":0.333333,"touchZone":"none","type":3,"width":18.027},{"bases":[[[0.861967,-0.472726,-0.18315],[0.457948,0.571062,0.681301],[-0.217479,-0.671132,0.708721]],[[0.851479,-0.50201,-0.151555],[0.308036,0.712724,-0.630189],[0.424378,0.489908,0.761507]],[[0.851479,-0.50201,-0.151555],[-0.389522,-0.412004,-0.823726],[0.351078,0.76042,-0.546357]],[[0.851479,-0.50201,-0.151555],[-0.520956,-0.776796,-0.353826],[0.059897,0.380229,-0.922951]]],"btipPosition":[65.7528,233.495,0.331657],"carpPosition":[76.0185,233.33,41.6438],"dipPosition":[66.7824,240.031,-15.533],"direction":[-0.351078,-0.76042,0.546357],"extended":false,"handId":699,"id":6994,"length":50.3709,"mcpPosition":[88.5941,272.138,0.662219],"pipPosition":[73.63,254.863,-26.1895],"stabilizedTipPosition":[32.0187,215.255,75.63],"timeVisible":89.0561,"tipPosition":[65.6992,235.223,-3.20582],"tipVelocity":[133.766,243.269,-246.076],"tool":false,"touchDistance":0.333333,"touchZone":"none","type":4,"width":16.013}],"r":[[0.971811,-0.0844035,0.220134],[0.0717339,0.995307,0.0649404],[-0.224582,-0.0473187,0.973306]],"s":1.13999,"t":[14.6623,-18.7297,-146.793],"timestamp":523807204796},false],[2,{"currentFrameRate":105.466,"devices":[],"gestures":[],"hands":[{"armBasis":[[0.945666,0.0696622,-0.317589],[0.10138,0.864907,0.491587],[0.30893,-0.497075,0.810851]],"armWidth":63.5437,"confidence":0.554223,"direction":[-0.0255474,0.784059,-0.62016],"elbow":[144.791,93.2088,264.774],"grabStrength":0,"id":699,"palmNormal":[-0.119353,-0.618317,-0.776813],"palmPosition":[52.1758,267.018,10.5393],"palmVelocity":[130.2,198.601,-161.405],"palmWidth":90.7382,"pinchStrength":0.466661,"r":[[0.971629,-0.0877176,0.219642],[0.0724484,0.994422,0.0766495],[-0.22514,-0.0585622,0.972565]],"s":1.13757,"sphereCenter":[32.0556,261.981,-27.4568],"sphereRadius":47.0799,"stabilizedPalmPosition":[27.5774,247.4,80.2043],"t":[15.8136,-17.1438,-147.866],"timeVisible":89.0653,"type":"right","wrist":[61.6105,227.048,46.4503]}],"id":4287390,"interactionBox":{"center":[0,200,0],"size":[235.247,235.247,147.751]},"pointables":[{"bases":[[[0.501156,0.684236,0.529777],[-0.73543,0.0141268,0.677453],[0.456054,-0.729124,0.510288]],[[0.364675,0.850895,0.37814],[-0.761892,0.0392161,0.646516],[0.535288,-0.52387,0.662591]],[[0.364675,0.850895,0.37814],[-0.926516,0.291197,0.238269],[0.0926286,-0.437244,0.89456]],[[0.364675,0.850895,0.37814],[-0.678262,0.520981,-0.518207],[-0.637944,-0.0675014,0.767119]]],"btipPosition":[17.2887,261.773,-37.9935],"carpPosition":[32.1956,219.253,43.3097],"dipPosition":[2.39981,260.197,-20.0898],"direction":[-0.0926286,0.437244,-0.89456],"extended":false,"handId":699,"id":6990,"length":51.9721,"mcpPosition":[32.1956,219.253,43.3097],"pipPosition":[5.54929,245.331,10.3263],"stabilizedTipPosition":[-24.9844,251.55,84.9813],"timeVisible":89.0653,"tipPosition":[14.2943,262.492,-31.9077],"tipVelocity":[103.727,203.018,-261.677],"tool":false,"touchDistance":-0.730982,"touchZone":"hovering","type":0,"width":20.194},{"bases":[[[0.974144,0.078242,-0.211949],[0.0895758,0.727482,0.680254],[0.207414,-0.681651,0.701663]],[[0.972858,0.0824071,-0.216234],[0.105402,0.674075,0.731104],[0.206006,-0.734052,0.647093]],[[0.972858,0.0824071,-0.216234],[0.0217686,0.897707,0.440056],[0.230378,-0.432819,0.871547]],[[0.972858,0.0824071,-0.216234],[-0.0496446,0.98701,0.152795],[0.226017,-0.137913,0.964311]]],"btipPosition":[8.7862,333.482,-65.6799],"carpPosition":[42.2332,239.24,50.9596],"dipPosition":[12.6371,331.132,-49.2496],"direction":[-0.230378,0.432819,-0.871547],"extended":true,"handId":699,"id":6991,"length":58.6448,"mcpPosition":[27.0161,289.25,-0.518591],"pipPosition":[18.1901,320.7,-28.2423],"stabilizedTipPosition":[-30.276,324.068,53.7576],"timeVisible":89.0653,"tipPosition":[9.76631,334.937,-60.1738],"tipVelocity":[136.704,146.797,-178.757],"tool":false,"touchDistance":-0.677597,"touchZone":"hovering","type":1,"width":19.2893},{"bases":[[[0.96357,-0.139743,-0.228044],[0.257509,0.715095,0.649868],[0.0722583,-0.684917,0.725029]],[[0.962284,-0.128712,-0.239672],[-0.0411536,0.801983,-0.595927],[0.268916,0.583314,0.766439]],[[0.962284,-0.128712,-0.239672],[-0.271732,-0.497097,-0.824049],[-0.0130745,0.858096,-0.513323]],[[0.962284,-0.128712,-0.239672],[-0.209836,-0.911874,-0.352782],[-0.173143,0.389768,-0.90449]]],"btipPosition":[39.7586,229.803,-6.64979],"carpPosition":[54.0965,241.826,49.1277],"dipPosition":[36.5139,237.107,-23.5999],"direction":[0.0130745,-0.858096,0.513323],"extended":false,"handId":699,"id":6992,"length":66.821,"mcpPosition":[49.0691,289.479,-1.31617],"pipPosition":[36.1431,261.441,-38.1566],"stabilizedTipPosition":[3.38689,213.195,78.0697],"timeVisible":89.0653,"tipPosition":[38.9977,231.674,-10.4395],"tipVelocity":[120.032,222.575,-206.525],"tool":false,"touchDistance":0.333333,"touchZone":"none","type":2,"width":18.9446},{"bases":[[[0.941529,-0.292518,-0.167201],[0.327866,0.681085,0.654696],[-0.0776322,-0.671235,0.737168]],[[0.943235,-0.274893,-0.18639],[0.0916375,0.754821,-0.649498],[0.319234,0.595549,0.737164]],[[0.943235,-0.274893,-0.18639],[-0.3076,-0.51139,-0.802411],[0.12526,0.814195,-0.566918]],[[0.943235,-0.274893,-0.18639],[-0.323242,-0.888743,-0.32504],[-0.076301,0.366838,-0.92715]]],"btipPosition":[54.6024,227.392,0.380688],"carpPosition":[66.0154,241.325,46.3379],"dipPosition":[53.1807,234.227,-16.8942],"direction":[-0.12526,-0.814195,0.566918],"extended":false,"handId":699,"id":6993,"length":64.2502,"mcpPosition":[70.8648,283.255,0.289507],"pipPosition":[56.6411,256.719,-32.5555],"stabilizedTipPosition":[23.0638,208.807,71.0672],"timeVisible":89.0653,"tipPosition":[54.3277,229.059,-3.83429],"tipVelocity":[119.059,212.306,-206.591],"tool":false,"touchDistance":0.333333,"touchZone":"none","type":3,"width":18.027},{"bases":[[[0.859014,-0.476727,-0.186619],[0.462161,0.565301,0.683258],[-0.220232,-0.673176,0.705926]],[[0.848324,-0.506308,-0.154914],[0.312928,0.715444,-0.624672],[0.427109,0.481448,0.765367]],[[0.848324,-0.506308,-0.154914],[-0.391572,-0.402983,-0.82721],[0.356395,0.762402,-0.540116]],[[0.848324,-0.506308,-0.154914],[-0.525785,-0.771052,-0.359207],[0.0624227,0.386176,-0.920311]]],"btipPosition":[66.5976,234.686,-0.755187],"carpPosition":[76.9475,234.245,40.6986],"dipPosition":[67.6706,241.324,-16.5745],"direction":[-0.356395,-0.762402,0.540116],"extended":false,"handId":699,"id":6994,"length":50.3709,"mcpPosition":[89.6824,273.171,-0.121422],"pipPosition":[74.6219,256.195,-27.1093],"stabilizedTipPosition":[34.7694,216.91,69.3092],"timeVisible":89.0653,"tipPosition":[66.5805,236.414,-4.22939],"tipVelocity":[122.205,211.908,-209.735],"tool":false,"touchDistance":0.333333,"touchZone":"none","type":4,"width":16.013}],"r":[[0.971629,-0.0877176,0.219642],[0.0724484,0.994422,0.0766495],[-0.22514,-0.0585622,0.972565]],"s":1.13757,"t":[15.8136,-17.1438,-147.866],"timestamp":523807214030},false],[3,{"currentFrameRate":105.791,"devices":[],"gestures":[],"hands":[{"armBasis":[[0.942993,0.0621153,-0.326964],[0.108043,0.872085,0.477279],[0.314787,-0.485397,0.815659]],"armWidth":63.5437,"confidence":0.557152,"direction":[-0.0183403,0.786652,-0.617124],"elbow":[147.053,99.1062,263.521],"grabStrength":0,"id":699,"palmNormal":[-0.125063,-0.614185,-0.779189],"palmPosition":[53.229,269.995,8.14684],"palmVelocity":[127.163,235.88,-190.88],"palmWidth":90.7382,"pinchStrength":0.46719,"r":[[0.971316,-0.0923236,0.219138],[0.0748464,0.993412,0.0867761],[-0.225706,-0.0678853,0.971827]],"s":1.13568,"sphereCenter":[33.3281,265.216,-29.9229],"sphereRadius":46.9678,"stabilizedPalmPosition":[29.8994,249.445,73.6817],"t":[16.9158,-14.8625,-149.598],"timeVisible":89.0742,"type":"right","wrist":[62.2961,229.801,43.9026]}],"id":4287391,"interactionBox":{"center":[0,200,0],"size":[235.247,235.247,147.751]},"pointables":[{"bases":[[[0.507451,0.677539,0.532386],[-0.735251,0.0182823,0.677548],[0.449332,-0.73526,0.507439]],[[0.365401,0.852625,0.373514],[-0.768473,0.0498729,0.637936],[0.525292,-0.520138,0.673443]],[[0.365401,0.852625,0.373514],[-0.926224,0.293075,0.237099],[0.0926887,-0.432594,0.896812]],[[0.365401,0.852625,0.373514],[-0.68543,0.517946,-0.511779],[-0.629815,-0.0690134,0.773673]]],"btipPosition":[18.2095,264.501,-41.3393],"carpPosition":[32.8106,222.289,40.7337],"dipPosition":[3.51035,262.89,-23.2826],"direction":[-0.0926887,0.432594,-0.896812],"extended":false,"handId":699,"id":6990,"length":51.9721,"mcpPosition":[32.8106,222.289,40.7337],"pipPosition":[6.66188,248.181,7.21008],"stabilizedTipPosition":[-23.4971,252.02,80.4176],"timeVisible":89.0742,"tipPosition":[15.2357,265.314,-35.2005],"tipVelocity":[105.142,231.242,-292.085],"tool":false,"touchDistance":-0.735876,"touchZone":"hovering","type":0,"width":20.194},{"bases":[[[0.974817,0.0700843,-0.211705],[0.0962907,0.723992,0.683055],[0.201144,-0.686239,0.699012]],[[0.973458,0.0746472,-0.21635],[0.110692,0.673833,0.730545],[0.200317,-0.735103,0.647685]],[[0.973458,0.0746472,-0.21635],[0.0286958,0.898044,0.438968],[0.22706,-0.433525,0.872067]],[[0.973458,0.0746472,-0.21635],[-0.0420061,0.98753,0.151723],[0.224978,-0.138608,0.964455]]],"btipPosition":[10.3864,336.806,-68.0252],"carpPosition":[43.0321,242.154,48.4602],"dipPosition":[14.2197,334.444,-51.5925],"direction":[-0.22706,0.433525,-0.872066],"extended":true,"handId":699,"id":6991,"length":58.6448,"mcpPosition":[28.2749,292.5,-2.8235],"pipPosition":[19.6926,323.995,-30.5726],"stabilizedTipPosition":[-28.4202,324.613,48.4863],"timeVisible":89.0742,"tipPosition":[11.3933,338.163,-62.6082],"tipVelocity":[148.513,208.64,-202.074],"tool":false,"touchDistance":-0.673342,"touchZone":"hovering","type":1,"width":19.2893},{"bases":[[[0.962236,-0.14773,-0.228641],[0.264102,0.710176,0.652611],[0.0659652,-0.68835,0.722373]],[[0.961053,-0.136658,-0.240212],[-0.0337829,0.804576,-0.592888],[0.274291,0.577912,0.768624]],[[0.961053,-0.136658,-0.240212],[-0.276316,-0.491359,-0.825963],[-0.0051561,0.860169,-0.509983]],[[0.961053,-0.136658,-0.240212],[-0.218261,-0.908488,-0.356387],[-0.169527,0.394935,-0.902932]]],"btipPosition":[40.4678,232.957,-9.18409],"carpPosition":[54.9186,244.637,46.6375],"dipPosition":[37.2909,240.358,-26.105],"direction":[0.0051561,-0.860169,0.509983],"extended":false,"handId":699,"id":6992,"length":66.821,"mcpPosition":[50.3291,292.529,-3.62155],"pipPosition":[37.1447,264.751,-40.567],"stabilizedTipPosition":[6.31906,214.927,70.7175],"timeVisible":89.0742,"tipPosition":[39.7249,234.85,-12.9679],"tipVelocity":[109.705,259.47,-227.918],"tool":false,"touchDistance":0.333333,"touchZone":"none","type":2,"width":18.9446},{"bases":[[[0.938791,-0.300529,-0.168388],[0.334142,0.675501,0.657303],[-0.0837926,-0.673335,0.734574]],[[0.940625,-0.283225,-0.187104],[0.0999948,0.75794,-0.644614],[0.324385,0.587631,0.741259]],[[0.940625,-0.283225,-0.187104],[-0.311776,-0.502875,-0.806171],[0.134238,0.81664,-0.56132]],[[0.940625,-0.283225,-0.187104],[-0.331787,-0.883558,-0.330518],[-0.0717062,0.372972,-0.925067]]],"btipPosition":[55.241,230.406,-2.32599],"carpPosition":[66.8323,244.037,43.8451],"dipPosition":[53.9049,237.356,-19.5621],"direction":[-0.134238,-0.81664,0.56132],"extended":false,"handId":699,"id":6993,"length":64.2502,"mcpPosition":[72.0666,286.098,-2.04128],"pipPosition":[57.6133,259.916,-35.0688],"stabilizedTipPosition":[25.525,210.598,65.0931],"timeVisible":89.0742,"tipPosition":[55.0013,232.086,-6.45855],"tipVelocity":[106.959,247.829,-233.17],"tool":false,"touchDistance":0.333333,"touchZone":"none","type":3,"width":18.027},{"bases":[[[0.854581,-0.483894,-0.188512],[0.467367,0.558376,0.685409],[-0.226405,-0.673842,0.703333]],[[0.843486,-0.51383,-0.156559],[0.3211,0.715981,-0.619892],[0.430612,0.472599,0.768911]],[[0.843486,-0.51383,-0.156559],[-0.394037,-0.393807,-0.830453],[0.365057,0.762165,-0.534638]],[[0.843486,-0.51383,-0.156559],[-0.532884,-0.763785,-0.364235],[0.0675773,0.390654,-0.918054]]],"btipPosition":[67.3245,237.598,-3.39669],"carpPosition":[77.6986,236.879,38.1777],"dipPosition":[68.4861,244.313,-19.1772],"direction":[-0.365057,-0.762165,0.534638],"extended":false,"handId":699,"id":6994,"length":50.3709,"mcpPosition":[90.7904,275.844,-2.49233],"pipPosition":[75.6064,259.179,-29.6051],"stabilizedTipPosition":[37.5793,218.813,62.7742],"timeVisible":89.0742,"tipPosition":[67.352,239.325,-6.82411],"tipVelocity":[111.977,244.14,-233.47],"tool":false,"touchDistance":0.333333,"touchZone":"none","type":4,"width":16.013}],"r":[[0.971316,-0.0923236,0.219138],[0.0748464,0.993412,0.0867761],[-0.225706,-0.0678853,0.971827]],"s":1.13568,"t":[16.9158,-14.8625,-149.598],"timestamp":523807222882},false],[4,{"currentFrameRate":105.861,"devices":[],"gestures":[],"hands":[{"armBasis":[[0.942455,0.053385,-0.330043],[0.114647,0.87571,0.469028],[0.314061,-0.479876,0.819198]],"armWidth":63.5437,"confidence":0.56055,"direction":[-0.0131022,0.784866,-0.619527],"elbow":[147.815,102.333,263.199],"grabStrength":0,"id":699,"palmNormal":[-0.130446,-0.615627,-0.777166],"palmPosition":[54.4499,271.691,6.75755],"palmVelocity":[128.255,220.672,-179.066],"palmWidth":90.7382,"pinchStrength":0.466541,"r":[[0.970958,-0.0973202,0.218562],[0.0782622,0.992468,0.0942433],[-0.226087,-0.0744012,0.971262]],"s":1.13388,"sphereCenter":[34.716,266.776,-31.3997],"sphereRadius":46.8709,"stabilizedPalmPosition":[32.6181,251.909,66.2707],"t":[18.0774,-12.8734,-151.159],"timeVisible":89.0835,"type":"right","wrist":[63.2535,231.541,42.6279]}],"id":4287392,"interactionBox":{"center":[0,200,0],"size":[235.247,235.247,147.751]},"pointables":[{"bases":[[[0.513042,0.675364,0.529784],[-0.734397,0.0258561,0.678228],[0.444352,-0.737031,0.50925]],[[0.367847,0.85495,0.365718],[-0.771617,0.0611573,0.63314],[0.518937,-0.515093,0.68219]],[[0.367847,0.85495,0.365718],[-0.925143,0.296806,0.236678],[0.0938006,-0.425403,0.90013]],[[0.367847,0.85495,0.365718],[-0.68944,0.514667,-0.509697],[-0.623988,-0.0646499,0.778755]]],"btipPosition":[19.2509,265.854,-43.228],"carpPosition":[33.7095,224.24,39.5118],"dipPosition":[4.68777,264.346,-25.0528],"direction":[-0.0938006,0.425403,-0.90013],"extended":false,"handId":699,"id":6990,"length":51.9721,"mcpPosition":[33.7095,224.24,39.5118],"pipPosition":[7.87711,249.881,5.55277],"stabilizedTipPosition":[-21.8062,252.599,75.2905],"timeVisible":89.0835,"tipPosition":[16.2949,266.708,-37.1341],"tipVelocity":[107.964,207.642,-265.982],"tool":false,"touchDistance":-0.718544,"touchZone":"hovering","type":0,"width":20.194},{"bases":[[[0.975095,0.0621508,-0.212901],[0.102395,0.72535,0.680722],[0.196735,-0.685569,0.700921]],[[0.973594,0.0672844,-0.218145],[0.115063,0.680688,0.723481],[0.197168,-0.729477,0.654972]],[[0.973594,0.0672844,-0.218145],[0.0336598,0.902824,0.428692],[0.225791,-0.424714,0.876719]],[[0.973594,0.0672844,-0.218145],[-0.0369468,0.989422,0.140281],[0.225276,-0.128517,0.965782]]],"btipPosition":[11.9252,338.029,-69.9056],"carpPosition":[44.0869,244.052,47.1668],"dipPosition":[15.7635,335.84,-53.4503],"direction":[-0.225791,0.424714,-0.876719],"extended":true,"handId":699,"id":6991,"length":58.6448,"mcpPosition":[29.6532,294.349,-4.25701],"pipPosition":[21.2059,325.603,-32.3183],"stabilizedTipPosition":[-26.0959,325.341,42.0251],"timeVisible":89.0835,"tipPosition":[12.9707,339.389,-64.5588],"tipVelocity":[153.249,187.967,-201.84],"tool":false,"touchDistance":-0.662469,"touchZone":"hovering","type":1,"width":19.2893},{"bases":[[[0.960871,-0.155615,-0.229153],[0.270067,0.710187,0.650152],[0.0615679,-0.686599,0.724424]],[[0.959762,-0.144602,-0.240721],[-0.0284183,0.802811,-0.595556],[0.279373,0.578433,0.766398]],[[0.959762,-0.144602,-0.240721],[-0.280813,-0.491907,-0.824118],[0.000756665,0.858555,-0.51272]],[[0.959762,-0.144602,-0.240721],[-0.225433,-0.907889,-0.353436],[-0.167441,0.393481,-0.903956]]],"btipPosition":[41.3939,234.687,-10.4361],"carpPosition":[55.9897,246.441,45.3244],"dipPosition":[38.2561,242.061,-27.3762],"direction":[-0.000756665,-0.858555,0.51272],"extended":false,"handId":699,"id":6992,"length":66.821,"mcpPosition":[51.7062,294.211,-5.07732],"pipPosition":[38.2775,266.407,-41.9158],"stabilizedTipPosition":[9.7291,217.057,62.2751],"timeVisible":89.0835,"tipPosition":[40.6619,236.575,-14.2308],"tipVelocity":[107.06,238.393,-201.598],"tool":false,"touchDistance":0.333333,"touchZone":"none","type":2,"width":18.9446},{"bases":[[[0.936347,-0.308048,-0.168405],[0.339852,0.675005,0.654881],[-0.088061,-0.670429,0.73673]],[[0.938269,-0.291059,-0.186913],[0.105774,0.755889,-0.646098],[0.329339,0.586443,0.740014]],[[0.938269,-0.291059,-0.186913],[-0.316064,-0.501811,-0.805165],[0.140556,0.814537,-0.562826]],[[0.938269,-0.291059,-0.186913],[-0.338913,-0.881645,-0.32839],[-0.0692102,0.371465,-0.925864]]],"btipPosition":[56.1293,232.07,-3.67189],"carpPosition":[67.8958,245.743,42.5219],"dipPosition":[54.8398,238.991,-20.9229],"direction":[-0.140556,-0.814537,0.562826],"extended":false,"handId":699,"id":6993,"length":64.2502,"mcpPosition":[73.3967,287.622,-3.4991],"pipPosition":[58.7227,261.493,-36.4711],"stabilizedTipPosition":[28.3269,212.73,58.3691],"timeVisible":89.0835,"tipPosition":[55.907,233.733,-7.77206],"tipVelocity":[103.996,228.032,-208.184],"tool":false,"touchDistance":0.333333,"touchZone":"none","type":3,"width":18.027},{"bases":[[[0.850751,-0.49084,-0.187879],[0.472227,0.556975,0.683214],[-0.230705,-0.669966,0.705635]],[[0.839257,-0.521093,-0.155273],[0.329145,0.714183,-0.617743],[0.432795,0.467338,0.770898]],[[0.839257,-0.521093,-0.155273],[-0.395091,-0.388237,-0.832571],[0.373564,0.760088,-0.53171]],[[0.839257,-0.521093,-0.155273],[-0.538843,-0.758858,-0.365763],[0.0727665,0.390637,-0.917664]]],"btipPosition":[68.245,239.208,-4.97561],"carpPosition":[78.7025,238.486,36.8658],"dipPosition":[69.4958,245.923,-20.7494],"direction":[-0.373564,-0.760088,0.53171],"extended":false,"handId":699,"id":6994,"length":50.3709,"mcpPosition":[92.043,277.227,-3.93737],"pipPosition":[76.782,260.748,-31.1203],"stabilizedTipPosition":[40.6638,221,55.6613],"timeVisible":89.0835,"tipPosition":[68.3278,240.902,-8.31762],"tipVelocity":[108.869,223.95,-215.32],"tool":false,"touchDistance":0.333333,"touchZone":"none","type":4,"width":16.013}],"r":[[0.970958,-0.0973202,0.218562],[0.0782622,0.992468,0.0942433],[-0.226087,-0.0744012,0.971262]],"s":1.13388,"t":[18.0774,-12.8734,-151.159],"timestamp":523807232200},false],[5,{"currentFrameRate":106.211,"devices":[],"gestures":[],"hands":[{"armBasis":[[0.936908,0.0499953,-0.345981],[0.124295,0.877403,0.463374],[0.326731,-0.477143,0.815832]],"armWidth":63.5437,"confidence":0.564606,"direction":[-0.0131817,0.776579,-0.629882],"elbow":[152.306,105.077,261.692],"grabStrength":0,"id":699,"palmNormal":[-0.140398,-0.625134,-0.767786],"palmPosition":[55.4923,273.271,5.6917],"palmVelocity":[125.731,209.772,-163.612],"palmWidth":90.7382,"pinchStrength":0.468472,"r":[[0.970876,-0.101946,0.216811],[0.082389,0.991827,0.0974265],[-0.224971,-0.0767262,0.97134]],"s":1.13228,"sphereCenter":[35.5253,267.925,-32.2657],"sphereRadius":46.8095,"stabilizedPalmPosition":[35.3472,254.458,59.043],"t":[19.1794,-11.0892,-152.472],"timeVisible":89.0923,"type":"right","wrist":[64.3327,233.549,42.0274]}],"id":4287393,"interactionBox":{"center":[0,200,0],"size":[235.247,235.247,147.751]},"pointables":[{"bases":[[[0.52138,0.679159,0.516629],[-0.72882,0.0395238,0.683564],[0.44383,-0.732926,0.515591]],[[0.372267,0.860761,0.347143],[-0.770231,0.0778271,0.632998],[0.517843,-0.503025,0.691957]],[[0.372267,0.860761,0.347143],[-0.922728,0.30296,0.238303],[0.0999511,-0.409031,0.90703]],[[0.372267,0.860761,0.347143],[-0.694046,0.506501,-0.511622],[-0.616212,-0.0504737,0.785961]]],"btipPosition":[19.9258,266.519,-44.3872],"carpPosition":[34.7205,226.393,39.2417],"dipPosition":[5.54408,265.341,-26.0438],"direction":[-0.0999511,0.409031,-0.90703],"extended":false,"handId":699,"id":6990,"length":51.9721,"mcpPosition":[34.7205,226.393,39.2417],"pipPosition":[8.94254,251.433,4.79639],"stabilizedTipPosition":[-20.1575,253.185,70.3361],"timeVisible":89.0923,"tipPosition":[16.9715,267.505,-38.3275],"tipVelocity":[100.911,174.542,-228.856],"tool":false,"touchDistance":-0.69183,"touchZone":"hovering","type":0,"width":20.194},{"bases":[[[0.97374,0.0531872,-0.221364],[0.11226,0.733731,0.670102],[0.198063,-0.677355,0.708492]],[[0.972161,0.0584839,-0.226899],[0.124427,0.691687,0.711398],[0.198549,-0.719826,0.665154]],[[0.972161,0.0584839,-0.226899],[0.0419431,0.909276,0.414076],[0.230531,-0.412065,0.881509]],[[0.972161,0.0584839,-0.226899],[-0.0303619,0.991628,0.125508],[0.23234,-0.115125,0.965797]]],"btipPosition":[12.7273,338.668,-71.6314],"carpPosition":[45.2801,246.239,46.5483],"dipPosition":[16.6859,336.706,-55.1759],"direction":[-0.230531,0.412065,-0.881509],"extended":true,"handId":699,"id":6991,"length":58.6448,"mcpPosition":[30.7491,295.934,-5.43092],"pipPosition":[22.2425,326.774,-33.9284],"stabilizedTipPosition":[-23.8063,326.083,35.6941],"timeVisible":89.0923,"tipPosition":[13.8267,340.025,-66.3796],"tipVelocity":[137.499,158.64,-200.482],"tool":false,"touchDistance":-0.650443,"touchZone":"hovering","type":1,"width":19.2893},{"bases":[[[0.958046,-0.164683,-0.23458],[0.279587,0.71711,0.638423],[0.0630826,-0.677224,0.733068]],[[0.956916,-0.153849,-0.246255],[-0.0282286,0.794783,-0.606237],[0.288988,0.58707,0.756198]],[[0.956916,-0.153849,-0.246255],[-0.290356,-0.501193,-0.815168],[0.0019915,0.851549,-0.524271]],[[0.956916,-0.153849,-0.246255],[-0.233847,-0.911072,-0.339505],[-0.172123,0.382464,-0.907797]]],"btipPosition":[42.0718,236.113,-10.8914],"carpPosition":[57.1825,248.529,44.5807],"dipPosition":[38.8462,243.28,-27.9035],"direction":[-0.0019915,-0.851549,0.524271],"extended":false,"handId":699,"id":6992,"length":66.821,"mcpPosition":[52.7935,295.647,-6.42241],"pipPosition":[38.9027,267.428,-42.7706],"stabilizedTipPosition":[13.1892,219.324,53.8355],"timeVisible":89.0923,"tipPosition":[41.3219,237.955,-14.7104],"tipVelocity":[98.4476,216.577,-161.898],"tool":false,"touchDistance":0.333333,"touchZone":"none","type":2,"width":18.9446},{"bases":[[[0.933066,-0.316134,-0.171601],[0.349189,0.681558,0.643075],[-0.0863415,-0.659953,0.746329]],[[0.934937,-0.299496,-0.190251],[0.105339,0.746317,-0.657203],[0.338817,0.594402,0.729307]],[[0.934937,-0.299496,-0.190251],[-0.325525,-0.510699,-0.795751],[0.141163,0.805909,-0.574965]],[[0.934937,-0.299496,-0.190251],[-0.346976,-0.883823,-0.313791],[-0.0741695,0.359387,-0.930236]]],"btipPosition":[56.8408,233.5,-4.2052],"carpPosition":[69.0614,247.719,41.6944],"dipPosition":[55.4589,240.197,-21.5376],"direction":[-0.141163,-0.805909,0.574965],"extended":false,"handId":699,"id":6993,"length":64.2502,"mcpPosition":[74.4549,288.944,-4.92625],"pipPosition":[59.3585,262.46,-37.4212],"stabilizedTipPosition":[31.1487,214.963,51.708],"timeVisible":89.0923,"tipPosition":[56.5969,235.11,-8.32852],"tipVelocity":[97.2033,209.012,-169.173],"tool":false,"touchDistance":0.333333,"touchZone":"none","type":3,"width":18.027},{"bases":[[[0.846194,-0.49863,-0.187949],[0.481055,0.56309,0.671949],[-0.229222,-0.659013,0.716351]],[[0.834429,-0.529184,-0.153923],[0.333264,0.70695,-0.623824],[0.438933,0.46924,0.766258]],[[0.834429,-0.529184,-0.153923],[-0.400525,-0.390448,-0.828933],[0.378559,0.753336,-0.537753]],[[0.834429,-0.529184,-0.153923],[-0.546378,-0.757796,-0.356675],[0.0721043,0.38172,-0.921461]]],"btipPosition":[68.9322,240.626,-6.06285],"carpPosition":[79.778,240.32,36.0515],"dipPosition":[70.1717,247.187,-21.9019],"direction":[-0.378559,-0.753336,0.537753],"extended":false,"handId":699,"id":6994,"length":50.3709,"mcpPosition":[93.0327,278.427,-5.37134],"pipPosition":[77.5553,261.881,-32.3906],"stabilizedTipPosition":[43.5971,223.171,48.9463],"timeVisible":89.0923,"tipPosition":[69.0532,242.247,-9.31921],"tipVelocity":[100.595,206.151,-191.243],"tool":false,"touchDistance":0.333333,"touchZone":"none","type":4,"width":16.013}],"r":[[0.970876,-0.101946,0.216811],[0.082389,0.991827,0.0974265],[-0.224971,-0.0767262,0.97134]],"s":1.13228,"t":[19.1794,-11.0892,-152.472],"timestamp":523807240970},false],[6,{"currentFrameRate":106.344,"devices":[],"gestures":[],"hands":[{"armBasis":[[0.936634,0.0418829,-0.347798],[0.131595,0.878047,0.460127],[0.324654,-0.476738,0.816897]],"armWidth":63.5437,"confidence":0.568062,"direction":[-0.013421,0.77046,-0.637347],"elbow":[152.743,106.677,261.68],"grabStrength":0,"id":699,"palmNormal":[-0.147898,-0.631923,-0.760789],"palmPosition":[56.4518,274.446,5.05987],"palmVelocity":[119.885,187.073,-137.241],"palmWidth":90.7382,"pinchStrength":0.468262,"r":[[0.970956,-0.106122,0.214434],[0.0867291,0.991407,0.0979304],[-0.222984,-0.0764885,0.971817]],"s":1.13111,"sphereCenter":[36.337,268.804,-32.7277],"sphereRadius":46.7534,"stabilizedPalmPosition":[38.327,257.28,51.4211],"t":[20.2101,-9.60938,-153.445],"timeVisible":89.1014,"type":"right","wrist":[65.329,235.04,41.7282]}],"id":4287394,"interactionBox":{"center":[0,200,0],"size":[235.247,235.247,147.751]},"pointables":[{"bases":[[[0.527601,0.681728,0.506837],[-0.72449,0.049566,0.687501],[0.443567,-0.729924,0.520056]],[[0.374807,0.865396,0.33258],[-0.770834,0.0915748,0.63042],[0.515107,-0.49265,0.7014]],[[0.374807,0.865396,0.33258],[-0.92098,0.306389,0.240668],[0.106374,-0.396504,0.911849]],[[0.374807,0.865396,0.33258],[-0.700496,0.499336,-0.509871],[-0.60731,-0.0418681,0.793361]]],"btipPosition":[20.5833,266.977,-45.2454],"carpPosition":[35.668,227.994,39.19],"dipPosition":[6.40941,266,-26.7293],"direction":[-0.106374,0.396504,-0.911849],"extended":false,"handId":699,"id":6990,"length":51.9721,"mcpPosition":[35.668,227.994,39.19],"pipPosition":[10.0263,252.518,4.27467],"stabilizedTipPosition":[-18.3994,253.821,65.1145],"timeVisible":89.1014,"tipPosition":[17.6432,268.029,-39.1914],"tipVelocity":[94.2506,141.244,-189.984],"tool":false,"touchDistance":-0.663259,"touchZone":"hovering","type":0,"width":20.194},{"bases":[[[0.972619,0.0465029,-0.227705],[0.119669,0.739693,0.662219],[0.199227,-0.671336,0.713874]],[[0.971004,0.0518419,-0.233376],[0.131533,0.699313,0.70261],[0.199628,-0.712933,0.672217]],[[0.971004,0.0518419,-0.233376],[0.0482526,0.913613,0.403712],[0.234145,-0.403267,0.88462]],[[0.971004,0.0518419,-0.233376],[-0.025321,0.993016,0.115235],[0.23772,-0.105984,0.965534]]],"btipPosition":[13.4992,339.185,-72.7087],"carpPosition":[46.3625,247.862,46.239],"dipPosition":[17.5496,337.38,-56.2576],"direction":[-0.234145,0.403267,-0.88462],"extended":true,"handId":699,"id":6991,"length":58.6448,"mcpPosition":[31.7461,297.115,-6.1351],"pipPosition":[23.1933,327.659,-34.9352],"stabilizedTipPosition":[-21.3973,326.882,29.1029],"timeVisible":89.1014,"tipPosition":[14.6344,340.532,-67.5266],"tipVelocity":[123.311,131.267,-177.421],"tool":false,"touchDistance":-0.629906,"touchZone":"hovering","type":1,"width":19.2893},{"bases":[[[0.955846,-0.17141,-0.238698],[0.286724,0.721987,0.629701],[0.0643994,-0.670338,0.739256]],[[0.9547,-0.160715,-0.250439],[-0.0282753,0.788806,-0.613991],[0.296225,0.593258,0.748529]],[[0.9547,-0.160715,-0.250439],[-0.297559,-0.507832,-0.808434],[0.0027463,0.846332,-0.532649]],[[0.9547,-0.160715,-0.250439],[-0.240099,-0.913207,-0.329249],[-0.175787,0.374464,-0.910426]]],"btipPosition":[42.7603,237.182,-11.0693],"carpPosition":[58.2631,250.077,44.1779],"dipPosition":[39.466,244.199,-28.1307],"direction":[-0.0027463,-0.846332,0.532649],"extended":false,"handId":699,"id":6992,"length":66.821,"mcpPosition":[53.7826,296.715,-7.25583],"pipPosition":[39.5439,268.199,-43.2354],"stabilizedTipPosition":[17.0647,221.943,44.5777],"timeVisible":89.1014,"tipPosition":[41.9964,238.991,-14.9067],"tipVelocity":[91.4794,187.697,-122.538],"tool":false,"touchDistance":0.333333,"touchZone":"none","type":2,"width":18.9446},{"bases":[[[0.930553,-0.322123,-0.174094],[0.356189,0.686159,0.634283],[-0.0848611,-0.652244,0.753244]],[[0.932383,-0.305722,-0.192864],[0.104892,0.739423,-0.66502],[0.345919,0.599823,0.721493]],[[0.932383,-0.305722,-0.192864],[-0.332626,-0.516788,-0.788853],[0.1415,0.799665,-0.583536]],[[0.932383,-0.305722,-0.192864],[-0.352951,-0.885159,-0.303182],[-0.0780255,0.350754,-0.933212]]],"btipPosition":[57.5536,234.575,-4.46266],"carpPosition":[70.1206,249.184,41.2285],"dipPosition":[56.0998,241.11,-21.8505],"direction":[-0.1415,-0.799665,0.583536],"extended":false,"handId":699,"id":6993,"length":64.2502,"mcpPosition":[75.4216,289.927,-5.82411],"pipPosition":[60.0088,263.201,-37.9709],"stabilizedTipPosition":[34.3096,217.523,44.4127],"timeVisible":89.1014,"tipPosition":[57.2933,236.145,-8.59558],"tipVelocity":[91.2994,182.337,-130.249],"tool":false,"touchDistance":0.333333,"touchZone":"none","type":3,"width":18.027},{"bases":[[[0.842746,-0.504364,-0.188137],[0.487682,0.567366,0.663523],[-0.227914,-0.650932,0.724115]],[[0.830814,-0.535078,-0.153104],[0.335082,0.700555,-0.630034],[0.444375,0.472139,0.761325]],[[0.830814,-0.535078,-0.153104],[-0.405611,-0.393765,-0.824881],[0.381088,0.747423,-0.544179]],[[0.830814,-0.535078,-0.153104],[-0.552069,-0.757487,-0.348471],[0.070485,0.374039,-0.924731]]],"btipPosition":[69.6341,241.664,-6.61382],"carpPosition":[80.7688,241.68,35.594],"dipPosition":[70.8457,248.093,-22.5091],"direction":[-0.381088,-0.747423,0.544179],"extended":false,"handId":699,"id":6994,"length":50.3709,"mcpPosition":[93.9479,279.32,-6.27778],"pipPosition":[78.2787,262.672,-33.1231],"stabilizedTipPosition":[46.695,225.522,41.9752],"timeVisible":89.1014,"tipPosition":[69.7733,243.236,-9.8495],"tipVelocity":[93.7214,179.358,-155.104],"tool":false,"touchDistance":0.333333,"touchZone":"none","type":4,"width":16.013}],"r":[[0.970956,-0.106122,0.214434],[0.0867291,0.991407,0.0979304],[-0.222984,-0.0764885,0.971817]],"s":1.13111,"t":[20.2101,-9.60938,-153.445],"timestamp":523807250129},false],[7,{"currentFra