{"sensorType":"Leap","data":[[0,{"currentFrameRate":109.833,"devices":[],"gestures":[],"hands":[{"armBasis":[[0.940133,0.0902204,-0.328648],[0.0853034,0.871334,0.483219],[0.329958,-0.482325,0.811474]],"armWidth":63.5437,"confidence":0.474247,"direction":[-0.119886,0.775619,-0.619712],"elbow":[161.564,127.758,267.764],"grabStrength":0,"id":699,"palmNormal":[-0.138839,-0.631178,-0.763111],"palmPosition":[58.1953,296.632,14.0073],"palmVelocity":[108.292,197.725,-128.315],"palmWidth":90.7382,"pinchStrength":0.582216,"r":[[0.97872,-0.0627969,0.195354],[0.0448827,0.994482,0.0948166],[-0.200231,-0.0840309,0.976139]],"s":1.07855,"sphereCenter":[55.685,283.282,-32.1999],"sphereRadius":48.3682,"stabilizedPalmPosition":[50.4368,288.509,34.8814],"t":[22.0837,12.4923,-144.461],"timeVisible":63.5676,"type":"right","wrist":[72.722,257.625,49.2728]}],"id":4284630,"interactionBox":{"center":[0,200,0],"size":[235.247,235.247,147.751]},"pointables":[{"bases":[[[0.496357,0.718082,0.487839],[-0.68226,-0.0248077,0.730689],[0.536797,-0.695516,0.477605]],[[0.286957,0.910138,0.298839],[-0.759963,0.0263714,0.649432],[0.583192,-0.413465,0.699238]],[[0.286957,0.910138,0.298839],[-0.951499,0.234679,0.198935],[0.110927,-0.341431,0.933338]],[[0.286957,0.910138,0.298839],[-0.838317,0.389548,-0.381414],[-0.463551,-0.141072,0.874768]]],"btipPosition":[21.7051,283.509,-38.577],"carpPosition":[43.689,248.026,48.3814],"dipPosition":[10.8863,280.217,-18.1609],"direction":[-0.110927,0.341431,-0.933338],"extended":false,"handId":699,"id":6990,"length":51.9721,"mcpPosition":[43.689,248.026,48.3814],"pipPosition":[14.658,268.608,13.5737],"stabilizedTipPosition":[-15.7784,274.639,85.2589],"timeVisible":63.5676,"tipPosition":[20.9327,281.777,-34.0437],"tipVelocity":[123.004,215.858,-160.182],"tool":false,"touchDistance":-0.604519,"touchZone":"hovering","type":0,"width":20.194},{"bases":[[[0.948947,0.135596,-0.284803],[0.0952879,0.737481,0.668612],[0.300698,-0.661615,0.68691]],[[0.984289,0.0304934,-0.173911],[0.0864542,0.775584,0.625296],[0.15395,-0.630507,0.760763]],[[0.984289,0.0304934,-0.173911],[0.0532353,0.887884,0.456977],[0.168348,-0.459056,0.872311]],[[0.984289,0.0304934,-0.173911],[0.0253111,0.950432,0.309901],[0.174741,-0.309434,0.934728]]],"btipPosition":[17.3316,360.544,-64.7676],"carpPosition":[53.0235,268.654,55.1739],"dipPosition":[20.3089,355.272,-48.8414],"direction":[-0.168348,0.459056,-0.872311],"extended":true,"handId":699,"id":6991,"length":58.6448,"mcpPosition":[30.9625,317.194,4.77809],"pipPosition":[24.3667,344.207,-27.8156],"stabilizedTipPosition":[-5.45608,354.73,14.6389],"timeVisible":63.5676,"tipPosition":[18.4175,360.008,-60.4979],"tipVelocity":[129.995,145.731,-173.211],"tool":false,"touchDistance":-0.604653,"touchZone":"hovering","type":1,"width":19.2893},{"bases":[[[0.950607,-0.0827598,-0.299162],[0.260926,0.735084,0.625755],[0.168122,-0.672906,0.72037]],[[0.953528,-0.0950792,-0.285908],[-0.0991108,0.797123,-0.595627],[0.284536,0.596284,0.750656]],[[0.953528,-0.0950792,-0.285908],[-0.300226,-0.219641,-0.928236],[0.0254588,0.970937,-0.237979]],[[0.953528,-0.0950792,-0.285908],[-0.274626,-0.664621,-0.694881],[-0.123952,0.741107,-0.659846]]],"btipPosition":[40.7627,248.675,-14.6415],"carpPosition":[64.5356,271.941,52.4459],"dipPosition":[38.4398,262.564,-27.007],"direction":[-0.0254588,-0.970937,0.237979],"extended":false,"handId":699,"id":6992,"length":66.821,"mcpPosition":[52.8385,318.759,2.32623],"pipPosition":[39.1618,290.097,-33.7556],"stabilizedTipPosition":[28.5768,239.803,7.94309],"timeVisible":63.5676,"tipPosition":[40.1309,252.17,-17.8608],"tipVelocity":[152.266,193.78,-150.951],"tool":false,"touchDistance":0.333333,"touchZone":"none","type":2,"width":18.9446},{"bases":[[[0.942593,-0.236058,-0.236208],[0.333402,0.705467,0.625427],[0.0189998,-0.668276,0.743671]],[[0.942266,-0.22733,-0.245878],[0.0361705,0.799057,-0.600166],[0.332907,0.556622,0.761147]],[[0.942266,-0.22733,-0.245878],[-0.291663,-0.1964,-0.936141],[0.164523,0.953807,-0.251364]],[[0.942266,-0.22733,-0.245878],[-0.334864,-0.64208,-0.689637],[-0.001098,0.732158,-0.681134]]],"btipPosition":[55.6768,249.096,-11.9618],"carpPosition":[76.2211,272.143,48.7713],"dipPosition":[55.6563,262.738,-24.6529],"direction":[-0.164523,-0.953807,0.251364],"extended":false,"handId":699,"id":6993,"length":64.2502,"mcpPosition":[75.0343,313.888,2.31669],"pipPosition":[60.2013,289.087,-31.5969],"stabilizedTipPosition":[40.6005,235.97,21.7956],"timeVisible":63.5676,"tipPosition":[55.9862,252.345,-14.2861],"tipVelocity":[149.112,219.066,-151.2],"tool":false,"touchDistance":0.333333,"touchZone":"none","type":3,"width":18.027},{"bases":[[[0.870326,-0.425114,-0.248619],[0.476311,0.598333,0.644303],[-0.125146,-0.679173,0.723231]],[[0.862264,-0.4613,-0.209055],[0.264961,0.762663,-0.590035],[0.431621,0.453374,0.779843]],[[0.862264,-0.4613,-0.209055],[-0.289965,-0.111226,-0.950552],[0.415237,0.880245,-0.229667]],[[0.862264,-0.4613,-0.209055],[-0.457377,-0.531995,-0.712592],[0.217502,0.710059,-0.669708]]],"btipPosition":[67.2949,259.606,-10.9714],"carpPosition":[87.1156,265.693,42.3563],"dipPosition":[71.0335,271.811,-22.483],"direction":[-0.415237,-0.880245,0.229667],"extended":false,"handId":699,"id":6994,"length":50.3709,"mcpPosition":[94.3521,304.966,0.535706],"pipPosition":[79.1326,288.98,-26.9626],"stabilizedTipPosition":[51.3711,244.212,27.4091],"timeVisible":63.5676,"tipPosition":[68.3358,262.517,-12.5862],"tipVelocity":[146.517,227.651,-156.833],"tool":false,"touchDistance":0.333333,"touchZone":"none","type":4,"width":16.013}],"r":[[0.97872,-0.0627969,0.195354],[0.0448827,0.994482,0.0948166],[-0.200231,-0.0840309,0.976139]],"s":1.07855,"t":[22.0837,12.4923,-144.461],"timestamp":523781716304},false],[1,{"currentFrameRate":109.846,"devices":[],"gestures":[],"hands":[{"armBasis":[[0.938925,0.0900461,-0.332133],[0.0859114,0.87326,0.479621],[0.333226,-0.478862,0.812189]],"armWidth":63.5437,"confidence":0.48432,"direction":[-0.117168,0.775533,-0.620339],"elbow":[163.069,129.463,267.529],"grabStrength":0,"id":699,"palmNormal":[-0.139073,-0.631299,-0.762968],"palmPosition":[58.963,297.418,13.5344],"palmVelocity":[101.728,166.97,-107.228],"palmWidth":90.7382,"pinchStrength":0.577006,"r":[[0.97839,-0.06071,0.197654],[0.0420394,0.994364,0.097326],[-0.202449,-0.0869136,0.975428]],"s":1.07752,"sphereCenter":[56.4834,283.969,-32.7154],"sphereRadius":48.3642,"stabilizedPalmPosition":[52.7698,290.947,29.0404],"t":[22.9179,13.6673,-145.202],"timeVisible":63.5767,"type":"right","wrist":[73.3466,258.398,48.8447]}],"id":4284631,"interactionBox":{"center":[0,200,0],"size":[235.247,235.247,147.751]},"pointables":[{"bases":[[[0.497215,0.71724,0.488206],[-0.683453,-0.0228511,0.729637],[0.53448,-0.696452,0.478838]],[[0.289707,0.908938,0.299836],[-0.760988,0.0287493,0.648128],[0.580489,-0.415938,0.70002]],[[0.289707,0.908938,0.299836],[-0.950348,0.235992,0.202845],[0.113615,-0.343714,0.932176]],[[0.289707,0.908938,0.299836],[-0.837305,0.392447,-0.380664],[-0.46367,-0.140773,0.874753]]],"btipPosition":[22.3556,284.541,-39.044],"carpPosition":[44.2935,248.864,47.9135],"dipPosition":[11.5341,281.256,-18.6283],"direction":[-0.113615,0.343714,-0.932176],"extended":false,"handId":699,"id":6990,"length":51.9721,"mcpPosition":[44.2935,248.864,47.9135],"pipPosition":[15.3971,269.569,13.0669],"stabilizedTipPosition":[-11.7543,275.672,71.756],"timeVisible":63.5767,"tipPosition":[21.5143,282.81,-34.5143],"tipVelocity":[108.778,187.64,-130.104],"tool":false,"touchDistance":-0.579407,"touchZone":"hovering","type":0,"width":20.194},{"bases":[[[0.949694,0.133293,-0.283399],[0.0959087,0.737647,0.66834],[0.298133,-0.661899,0.687754]],[[0.98435,0.0294402,-0.17375],[0.0865601,0.778041,0.622222],[0.153503,-0.627524,0.763316]],[[0.98435,0.0294402,-0.17375],[0.0532191,0.890252,0.452348],[0.167999,-0.454515,0.874753]],[[0.98435,0.0294402,-0.17375],[0.0252408,0.952228,0.304343],[0.17441,-0.303966,0.936582]]],"btipPosition":[18.1935,361.055,-65.4945],"carpPosition":[53.6639,269.475,54.7088],"dipPosition":[21.1652,355.876,-49.5367],"direction":[-0.167999,0.454515,-0.874753],"extended":true,"handId":699,"id":6991,"length":58.6448,"mcpPosition":[31.7911,318.035,4.25103],"pipPosition":[25.2145,344.921,-28.4521],"stabilizedTipPosition":[-2.34996,355.386,4.87834],"timeVisible":63.5767,"tipPosition":[19.3036,360.586,-61.2166],"tipVelocity":[120.257,121.654,-147.222],"tool":false,"touchDistance":-0.583315,"touchZone":"hovering","type":1,"width":19.2893},{"bases":[[[0.950883,-0.0850747,-0.29763],[0.261607,0.734851,0.625744],[0.165479,-0.672872,0.721013]],[[0.953753,-0.0973803,-0.284379],[-0.0964505,0.796901,-0.59636],[0.284696,0.596209,0.750655]],[[0.953753,-0.0973803,-0.284379],[-0.299295,-0.219935,-0.928467],[0.0278693,0.970642,-0.23891]],[[0.953753,-0.0973803,-0.284379],[-0.274985,-0.664751,-0.694615],[-0.121399,0.740691,-0.660786]]],"btipPosition":[41.4747,249.486,-15.0912],"carpPosition":[65.1877,272.735,51.9969],"dipPosition":[39.1997,263.367,-27.4744],"direction":[-0.0278693,-0.970642,0.23891],"extended":false,"handId":699,"id":6992,"length":66.821,"mcpPosition":[53.6745,319.55,1.83244],"pipPosition":[39.99,290.892,-34.2493],"stabilizedTipPosition":[31.4113,242.753,2.01458],"timeVisible":63.5767,"tipPosition":[40.8545,252.972,-18.3152],"tipVelocity":[132.176,164.826,-123.02],"tool":false,"touchDistance":0.333333,"touchZone":"none","type":2,"width":18.9446},{"bases":[[[0.942426,-0.238319,-0.234602],[0.334017,0.705071,0.625546],[0.0163318,-0.667892,0.744079]],[[0.942141,-0.22979,-0.244063],[0.0394089,0.798952,-0.600103],[0.332892,0.555763,0.761781]],[[0.942141,-0.22979,-0.244063],[-0.290971,-0.199067,-0.935793],[0.166451,0.952664,-0.254411]],[[0.942141,-0.22979,-0.244063],[-0.335216,-0.645189,-0.686557],[0.000297613,0.728647,-0.684889]]],"btipPosition":[56.423,249.972,-12.2923],"carpPosition":[76.8793,272.908,48.3404],"dipPosition":[56.4286,263.549,-25.0534],"direction":[-0.166451,-0.952664,0.254411],"extended":false,"handId":699,"id":6993,"length":64.2502,"mcpPosition":[75.8591,314.629,1.86032],"pipPosition":[61.0268,289.866,-32.0816],"stabilizedTipPosition":[43.9192,239.562,14.0307],"timeVisible":63.5767,"tipPosition":[56.7061,253.169,-14.7047],"tipVelocity":[130.783,184.708,-119.935],"tool":false,"touchDistance":0.333333,"touchZone":"none","type":3,"width":18.027},{"bases":[[[0.869751,-0.427218,-0.247018],[0.476654,0.597625,0.644706],[-0.127806,-0.678475,0.72342]],[[0.861275,-0.464373,-0.206309],[0.272525,0.76481,-0.583777],[0.428878,0.446568,0.785265]],[[0.861275,-0.464373,-0.206309],[-0.286278,-0.107992,-0.952041],[0.419823,0.879031,-0.225951]],[[0.861275,-0.464373,-0.206309],[-0.457409,-0.531674,-0.712811],[0.221321,0.708294,-0.670326]]],"btipPosition":[68.0439,260.596,-11.6455],"carpPosition":[87.7692,266.43,41.9461],"dipPosition":[71.8482,272.771,-23.1678],"direction":[-0.419823,-0.879031,0.225951],"extended":false,"handId":699,"id":6994,"length":50.3709,"mcpPosition":[95.1596,305.663,0.114561],"pipPosition":[80.0368,289.916,-27.5749],"stabilizedTipPosition":[54.764,247.921,19.3454],"timeVisible":63.5767,"tipPosition":[69.0757,263.408,-13.261],"tipVelocity":[129.27,194.644,-134.065],"tool":false,"touchDistance":0.333333,"touchZone":"none","type":4,"width":16.013}],"r":[[0.97839,-0.06071,0.197654],[0.0420394,0.994364,0.097326],[-0.202449,-0.0869136,0.975428]],"s":1.07752,"t":[22.9179,13.6673,-145.202],"timestamp":523781725383},false],[2,{"currentFrameRate":109.852,"devices":[],"gestures":[],"hands":[{"armBasis":[[0.940631,0.0870737,-0.328073],[0.0852197,0.874997,0.47657],[0.328559,-0.476234,0.815628]],"armWidth":63.5437,"confidence":0.490979,"direction":[-0.115682,0.775889,-0.620172],"elbow":[162.485,130.898,268.168],"grabStrength":0,"id":699,"palmNormal":[-0.138444,-0.630864,-0.763442],"palmPosition":[59.7169,298.171,13.2439],"palmVelocity":[96.5112,143.662,-86.3727],"palmWidth":90.7382,"pinchStrength":0.571856,"r":[[0.978051,-0.0592107,0.199776],[0.0398825,0.994245,0.0994259],[-0.204513,-0.089276,0.974784]],"s":1.07675,"sphereCenter":[57.2782,284.691,-33.0488],"sphereRadius":48.366,"stabilizedPalmPosition":[54.839,293.099,24.3354],"t":[23.7119,14.6314,-145.718],"timeVisible":63.5858,"type":"right","wrist":[74.0197,259.126,48.5582]}],"id":4284632,"interactionBox":{"center":[0,200,0],"size":[235.247,235.247,147.751]},"pointables":[{"bases":[[[0.497049,0.716652,0.489236],[-0.684527,-0.0226485,0.728635],[0.533258,-0.697063,0.479311]],[[0.291083,0.907886,0.301683],[-0.76213,0.0294408,0.646754],[0.578297,-0.418181,0.700498]],[[0.291083,0.907886,0.301683],[-0.949486,0.235505,0.207396],[0.117244,-0.346813,0.930577]],[[0.291083,0.907886,0.301683],[-0.836812,0.394457,-0.379671],[-0.463699,-0.141936,0.87455]]],"btipPosition":[23.0092,285.535,-39.3414],"carpPosition":[44.9608,249.614,47.5807],"dipPosition":[12.187,282.222,-18.9305],"direction":[-0.117244,0.346813,-0.930577],"extended":false,"handId":699,"id":6990,"length":51.9721,"mcpPosition":[44.9608,249.614,47.5807],"pipPosition":[16.1734,270.43,12.7103],"stabilizedTipPosition":[-7.44146,276.888,57.5372],"timeVisible":63.5858,"tipPosition":[22.1059,283.799,-34.8156],"tipVelocity":[98.551,165.74,-103.158],"tool":false,"touchDistance":-0.554278,"touchZone":"hovering","type":0,"width":20.194},{"bases":[[[0.950204,0.132696,-0.281964],[0.0954975,0.737285,0.668798],[0.296634,-0.662421,0.6879]],[[0.984369,0.0299326,-0.173556],[0.0857699,0.779217,0.620857],[0.153821,-0.626039,0.76447]],[[0.984369,0.0299326,-0.173556],[0.0522387,0.89148,0.450037],[0.168192,-0.452069,0.875982]],[[0.984369,0.0299326,-0.173556],[0.0241675,0.953171,0.301463],[0.174452,-0.300946,0.937549]]],"btipPosition":[18.9574,361.659,-65.911],"carpPosition":[54.3369,270.214,54.3985],"dipPosition":[21.9298,356.531,-49.9367],"direction":[-0.168192,0.452069,-0.875982],"extended":true,"handId":699,"id":6991,"length":58.6448,"mcpPosition":[32.5741,318.813,3.93009],"pipPosition":[25.9838,345.635,-28.8225],"stabilizedTipPosition":[0.58689,356.066,-4.08474],"timeVisible":63.5858,"tipPosition":[20.0894,361.217,-61.6405],"tipVelocity":[110.218,106.706,-119.012],"tool":false,"touchDistance":-0.559508,"touchZone":"hovering","type":1,"width":19.2893},{"bases":[[[0.951249,-0.0856662,-0.296288],[0.261255,0.734383,0.626441],[0.163924,-0.673308,0.720961]],[[0.954088,-0.097968,-0.283051],[-0.0950449,0.797137,-0.596271],[0.284046,0.595798,0.751228]],[[0.954088,-0.097968,-0.283051],[-0.298137,-0.219714,-0.928892],[0.0288113,0.970633,-0.238835]],[[0.954088,-0.097968,-0.283051],[-0.274429,-0.664568,-0.69501],[-0.120018,0.740778,-0.660942]]],"btipPosition":[42.2409,250.267,-15.4065],"carpPosition":[65.8671,273.467,51.7047],"dipPosition":[39.9918,264.149,-27.7926],"direction":[-0.0288113,-0.970633,0.238835],"extended":false,"handId":699,"id":6992,"length":66.821,"mcpPosition":[54.462,320.312,1.54388],"pipPosition":[40.8088,291.674,-34.5654],"stabilizedTipPosition":[34.0197,245.461,-3.11258],"timeVisible":63.5858,"tipPosition":[41.6269,253.747,-18.6312],"tipVelocity":[119.082,142.959,-98.5672],"tool":false,"touchDistance":0.333333,"touchZone":"none","type":2,"width":18.9446},{"bases":[[[0.942584,-0.238931,-0.233339],[0.333643,0.704548,0.626335],[0.0147476,-0.668225,0.743813]],[[0.942329,-0.230616,-0.242555],[0.0414861,0.799613,-0.599081],[0.332108,0.554468,0.763065]],[[0.942329,-0.230616,-0.242555],[-0.289999,-0.200812,-0.935722],[0.167085,0.952098,-0.256109]],[[0.942329,-0.230616,-0.242555],[-0.334688,-0.647748,-0.684402],[0.00071953,0.726112,-0.687576]]],"btipPosition":[57.2163,250.838,-12.5111],"carpPosition":[77.5641,273.633,48.0653],"dipPosition":[57.2298,264.367,-25.3222],"direction":[-0.167085,-0.952098,0.256109],"extended":false,"handId":699,"id":6993,"length":64.2502,"mcpPosition":[76.6429,315.374,1.60179],"pipPosition":[61.8455,290.669,-32.3973],"stabilizedTipPosition":[47.1011,243.004,6.976],"timeVisible":63.5858,"tipPosition":[57.4735,253.988,-14.9938],"tipVelocity":[118.776,159.592,-93.7267],"tool":false,"touchDistance":0.333333,"touchZone":"none","type":3,"width":18.027},{"bases":[[[0.869785,-0.42777,-0.245942],[0.476171,0.596986,0.645654],[-0.129368,-0.678691,0.722941]],[[0.861009,-0.465713,-0.204387],[0.277526,0.766991,-0.578536],[0.426195,0.441403,0.789634]],[[0.861009,-0.465713,-0.204387],[-0.283425,-0.105687,-0.953153],[0.422295,0.878602,-0.222992]],[[0.861009,-0.465713,-0.204387],[-0.456929,-0.531866,-0.712976],[0.223336,0.707269,-0.670739]]],"btipPosition":[68.8352,261.536,-12.0846],"carpPosition":[88.4584,267.149,41.684],"dipPosition":[72.6741,273.693,-23.614],"direction":[-0.422295,-0.878602,0.222992],"extended":false,"handId":699,"id":6994,"length":50.3709,"mcpPosition":[95.9391,306.394,-0.119864],"pipPosition":[80.9109,290.83,-27.9634],"stabilizedTipPosition":[58.0286,251.504,11.9051],"timeVisible":63.5858,"tipPosition":[69.853,264.278,-13.7193],"tipVelocity":[117.806,169.227,-110.353],"tool":false,"touchDistance":0.333333,"touchZone":"none","type":4,"width":16.013}],"r":[[0.978051,-0.0592107,0.199776],[0.0398825,0.994245,0.0994259],[-0.204513,-0.089276,0.974784]],"s":1.07675,"t":[23.7119,14.6314,-145.718],"timestamp":523781734477},false],[3,{"currentFrameRate":109.887,"devices":[],"gestures":[],"hands":[{"armBasis":[[0.941224,0.0884936,-0.325986],[0.0823863,0.875784,0.47562],[0.327583,-0.474521,0.817018]],"armWidth":63.5437,"confidence":0.490698,"direction":[-0.112432,0.779204,-0.616604],"elbow":[162.815,132.228,268.079],"grabStrength":0,"id":699,"palmNormal":[-0.135235,-0.626764,-0.767384],"palmPosition":[60.492,299.232,12.9206],"palmVelocity":[93.5498,136.424,-72.4287],"palmWidth":90.7382,"pinchStrength":0.563022,"r":[[0.977582,-0.0583282,0.202314],[0.0381621,0.994033,0.102185],[-0.207067,-0.0921739,0.973975]],"s":1.07628,"sphereCenter":[58.3909,285.934,-33.5497],"sphereRadius":48.4171,"stabilizedPalmPosition":[56.6725,295.088,20.633],"t":[24.4965,15.644,-146.137],"timeVisible":63.5948,"type":"right","wrist":[74.6123,259.994,48.0943]}],"id":4284633,"interactionBox":{"center":[0,200,0],"size":[235.247,235.247,147.751]},"pointables":[{"bases":[[[0.495144,0.713806,0.495291],[-0.687893,-0.0261257,0.725342],[0.530693,-0.699856,0.478086]],[[0.290308,0.906028,0.307953],[-0.765695,0.0269132,0.64264],[0.573962,-0.422361,0.701554]],[[0.290308,0.906028,0.307953],[-0.949367,0.232302,0.211515],[0.120101,-0.353765,0.927592]],[[0.290308,0.906028,0.307953],[-0.840541,0.395253,-0.370495],[-0.457398,-0.15129,0.876298]]],"btipPosition":[23.5735,287.086,-39.9813],"carpPosition":[45.5534,250.502,46.9328],"dipPosition":[12.8983,283.556,-19.5295],"direction":[-0.120101,0.353765,-0.927592],"extended":false,"handId":699,"id":6990,"length":51.9721,"mcpPosition":[45.5534,250.502,46.9328],"pipPosition":[16.9819,271.527,12.0098],"stabilizedTipPosition":[-3.0336,278.337,43.2124],"timeVisible":63.5948,"tipPosition":[22.6949,285.33,-35.3994],"tipVelocity":[89.6289,165.839,-93.953],"tool":false,"touchDistance":-0.53664,"touchZone":"hovering","type":0,"width":20.194},{"bases":[[[0.951561,0.133681,-0.276877],[0.0927792,0.733704,0.673105],[0.293127,-0.666189,0.685761]],[[0.98494,0.0314259,-0.170017],[0.0829112,0.777053,0.623951],[0.15172,-0.62865,0.762745]],[[0.98494,0.0314259,-0.170017],[0.0497577,0.89022,0.452804],[0.165582,-0.454445,0.87525]],[[0.98494,0.0314259,-0.170017],[0.0220816,0.952426,0.303969],[0.171481,-0.303145,0.937388]]],"btipPosition":[19.9897,362.99,-66.1562],"carpPosition":[54.9083,271.062,53.9022],"dipPosition":[22.9114,357.824,-50.1847],"direction":[-0.165582,0.454445,-0.87525],"extended":true,"handId":699,"id":6991,"length":58.6448,"mcpPosition":[33.4028,319.937,3.59059],"pipPosition":[26.9025,346.871,-29.0881],"stabilizedTipPosition":[3.56738,356.917,-12.755],"timeVisible":63.5948,"tipPosition":[21.1277,362.543,-61.8956],"tipVelocity":[110.964,117.608,-93.7119],"tool":false,"touchDistance":-0.535578,"touchZone":"hovering","type":1,"width":19.2893},{"bases":[[[0.952563,-0.0846033,-0.292346],[0.258729,0.730937,0.631498],[0.16026,-0.67718,0.718153]],[[0.955333,-0.0969651,-0.279173],[-0.0919522,0.800228,-0.592605],[0.280864,0.591805,0.755567]],[[0.955333,-0.0969651,-0.279173],[-0.293979,-0.215042,-0.931307],[0.0302704,0.971779,-0.233942]],[[0.955333,-0.0969651,-0.279173],[-0.271506,-0.661059,-0.699489],[-0.116724,0.744042,-0.657858]]],"btipPosition":[43.131,251.49,-16.0423],"carpPosition":[66.4523,274.322,51.2787],"dipPosition":[40.9436,265.433,-28.3705],"direction":[-0.0302704,-0.971779,0.233942],"extended":false,"handId":699,"id":6992,"length":66.821,"mcpPosition":[55.3023,321.437,1.31326],"pipPosition":[41.802,292.991,-35.0046],"stabilizedTipPosition":[36.3996,248.014,-7.47102],"timeVisible":63.5948,"tipPosition":[42.5326,254.981,-19.2523],"tipVelocity":[113.838,141.291,-90.3838],"tool":false,"touchDistance":0.333333,"touchZone":"none","type":2,"width":18.9446},{"bases":[[[0.943531,-0.238193,-0.230245],[0.331101,0.701066,0.631569],[0.0109821,-0.672139,0.740343]],[[0.943336,-0.230236,-0.238975],[0.0476567,0.806682,-0.58906],[0.3284,0.544293,0.771945]],[[0.943336,-0.230236,-0.238975],[-0.284842,-0.192347,-0.939078],[0.170243,0.953936,-0.247029]],[[0.943336,-0.230236,-0.238975],[-0.331807,-0.644314,-0.68903],[0.00466422,0.729281,-0.684199]]],"btipPosition":[58.0581,252.295,-13.3749],"carpPosition":[78.1662,274.501,47.6942],"dipPosition":[58.145,265.883,-26.123],"direction":[-0.170243,-0.953936,0.247029],"extended":false,"handId":699,"id":6993,"length":64.2502,"mcpPosition":[77.4802,316.487,1.44743],"pipPosition":[62.848,292.236,-32.9473],"stabilizedTipPosition":[50.0114,246.296,0.803008],"timeVisible":63.5948,"tipPosition":[58.3209,255.362,-15.7753],"tipVelocity":[112.225,160.444,-93.7931],"tool":false,"touchDistance":0.333333,"touchZone":"none","type":3,"width":18.027},{"bases":[[[0.870696,-0.426925,-0.244178],[0.473485,0.593329,0.650978],[-0.133041,-0.682419,0.718752]],[[0.861465,-0.465962,-0.201884],[0.283855,0.771492,-0.569409],[0.421075,0.433221,0.796879]],[[0.861465,-0.465962,-0.201884],[-0.277665,-0.0993499,-0.955527],[0.425182,0.879209,-0.214968]],[[0.861465,-0.465962,-0.201884],[-0.454068,-0.528793,-0.717078],[0.227376,0.709407,-0.667115]]],"btipPosition":[69.7305,262.888,-12.6715],"carpPosition":[89.0865,268.046,41.3291],"dipPosition":[73.6389,275.082,-24.1386],"direction":[-0.425182,-0.879209,0.214968],"extended":false,"handId":699,"id":6994,"length":50.3709,"mcpPosition":[96.7796,307.507,-0.232512],"pipPosition":[81.9319,292.231,-28.3315],"stabilizedTipPosition":[61.1072,254.97,5.2561],"timeVisible":63.5948,"tipPosition":[70.7439,265.579,-14.3129],"tipVelocity":[113.127,164.08,-97.4012],"tool":false,"touchDistance":0.333333,"touchZone":"none","type":4,"width":16.013}],"r":[[0.977582,-0.0583282,0.202314],[0.0381621,0.994033,0.102185],[-0.207067,-0.0921739,0.973975]],"s":1.07628,"t":[24.4965,15.644,-146.137],"timestamp":523781743515},false],[4,{"currentFrameRate":109.945,"devices":[],"gestures":[],"hands":[{"armBasis":[[0.940914,0.0986668,-0.323954],[0.0745046,0.872863,0.482244],[0.330349,-0.477886,0.813938]],"armWidth":63.5437,"confidence":0.496901,"direction":[-0.114826,0.769627,-0.628084],"elbow":[164.245,133.624,266.995],"grabStrength":0,"id":699,"palmNormal":[-0.124225,-0.638428,-0.75959],"palmPosition":[61.0865,300.921,12.0292],"palmVelocity":[86.0221,150.514,-79.7575],"palmWidth":90.7382,"pinchStrength":0.551899,"r":[[0.97701,-0.0553382,0.205886],[0.0348815,0.994204,0.101697],[-0.21032,-0.0921772,0.973277]],"s":1.07683,"sphereCenter":[59.4826,286.918,-34.3039],"sphereRadius":48.4807,"stabilizedPalmPosition":[58.204,297.112,17.6479],"t":[25.186,16.9945,-146.793],"timeVisible":63.6038,"type":"right","wrist":[75.2972,262.296,47.8402]}],"id":4284634,"interactionBox":{"center":[0,200,0],"size":[235.247,235.247,147.751]},"pointables":[{"bases":[[[0.485302,0.724907,0.488867],[-0.692827,-0.0222458,0.720761],[0.53336,-0.688487,0.491439]],[[0.280942,0.912218,0.298209],[-0.770694,0.0292702,0.636533],[0.571928,-0.408657,0.711265]],[[0.280942,0.912218,0.298209],[-0.95164,0.224539,0.209675],[0.12431,-0.342694,0.931186]],[[0.280942,0.912218,0.298209],[-0.847887,0.381489,-0.368176],[-0.44962,-0.149412,0.880635]]],"btipPosition":[24.1284,288.014,-41.0161],"carpPosition":[46.3317,252.532,46.6048],"dipPosition":[13.6348,284.527,-20.4631],"direction":[-0.12431,0.342694,-0.931186],"extended":false,"handId":699,"id":6990,"length":51.9721,"mcpPosition":[46.3317,252.532,46.6048],"pipPosition":[17.8614,272.875,11.1984],"stabilizedTipPosition":[1.11767,279.825,29.8769],"timeVisible":63.6038,"tipPosition":[23.2927,286.286,-36.3565],"tipVelocity":[83.243,148.955,-99.0394],"tool":false,"touchDistance":-0.526482,"touchZone":"hovering","type":0,"width":20.194},{"bases":[[[0.952316,0.138288,-0.271974],[0.0815117,0.743682,0.663546],[0.294023,-0.654075,0.696948]],[[0.98557,0.0389538,-0.164728],[0.0712207,0.787401,0.612313],[0.153559,-0.615209,0.773264]],[[0.98557,0.0389538,-0.164728],[0.0378444,0.89782,0.438734],[0.164987,-0.438637,0.88339]],[[0.98557,0.0389538,-0.164728],[0.0103771,0.957426,0.288492],[0.168953,-0.286038,0.943206]]],"btipPosition":[20.4501,363.059,-68.2696],"carpPosition":[55.4558,273.268,53.3554],"dipPosition":[23.3288,358.185,-52.199],"direction":[-0.164987,0.438637,-0.88339],"extended":true,"handId":699,"id":6991,"length":58.6448,"mcpPosition":[33.8845,321.255,2.22313],"pipPosition":[27.3055,347.612,-30.9062],"stabilizedTipPosition":[5.99297,357.612,-19.919],"timeVisible":63.6038,"tipPosition":[21.5893,362.696,-64.0084],"tipVelocity":[94.2655,89.4921,-131.792],"tool":false,"touchDistance":-0.541713,"touchZone":"hovering","type":1,"width":19.2893},{"bases":[[[0.955342,-0.0801704,-0.28442],[0.247774,0.741814,0.623153],[0.161028,-0.665796,0.72855]],[[0.958123,-0.0923149,-0.271069],[-0.0947567,0.791075,-0.604335],[0.270225,0.604713,0.7492]],[[0.958123,-0.0923149,-0.271069],[-0.285406,-0.230774,-0.930208],[0.0233163,0.968618,-0.247457]],[[0.958123,-0.0923149,-0.271069],[-0.26063,-0.673273,-0.691936],[-0.118628,0.733609,-0.669138]]],"btipPosition":[44.3588,252.635,-16.3749],"carpPosition":[66.9894,276.594,50.7687],"dipPosition":[42.1357,266.382,-28.9146],"direction":[-0.0233163,-0.968618,0.247457],"extended":false,"handId":699,"id":6992,"length":66.821,"mcpPosition":[55.7858,322.917,0.0799019],"pipPosition":[42.7969,293.85,-35.9319],"stabilizedTipPosition":[38.6723,250.389,-11.0682],"timeVisible":63.6038,"tipPosition":[43.7521,256.069,-19.6377],"tipVelocity":[119.819,136.08,-77.2185],"tool":false,"touchDistance":0.333333,"touchZone":"none","type":2,"width":18.9446},{"bases":[[[0.947211,-0.232965,-0.220269],[0.320403,0.712588,0.624147],[0.0115565,-0.661774,0.749614]],[[0.94704,-0.226081,-0.228041],[0.043465,0.793867,-0.606536],[0.318161,0.564502,0.76165]],[[0.94704,-0.226081,-0.228041],[-0.278217,-0.223081,-0.934254],[0.160346,0.948221,-0.274166]],[[0.94704,-0.226081,-0.228041],[-0.321115,-0.668608,-0.670708],[-0.000835858,0.708414,-0.705796]]],"btipPosition":[59.4148,253.62,-12.7726],"carpPosition":[78.7266,276.828,47.2648],"dipPosition":[59.3992,266.82,-25.9232],"direction":[-0.160346,-0.948221,0.274166],"extended":false,"handId":699,"id":6993,"length":64.2502,"mcpPosition":[78.0047,318.166,0.43893],"pipPosition":[63.8288,293.015,-33.4971],"stabilizedTipPosition":[52.8975,249.477,-4.29396],"timeVisible":63.6038,"tipPosition":[59.5719,256.642,-15.6135],"tipVelocity":[122.11,154.13,-52.5055],"tool":false,"touchDistance":0.333333,"touchZone":"none","type":3,"width":18.027},{"bases":[[[0.876135,-0.422509,-0.232108],[0.463582,0.606395,0.646048],[-0.132212,-0.673626,0.727151]],[[0.866463,-0.462727,-0.187419],[0.286656,0.768477,-0.572076],[0.408742,0.441958,0.798501]],[[0.866463,-0.462727,-0.187419],[-0.266766,-0.111806,-0.957254],[0.421993,0.879422,-0.220316]],[[0.866463,-0.462727,-0.187419],[-0.443964,-0.542471,-0.713177],[0.228337,0.701149,-0.675465]]],"btipPosition":[70.8251,264.546,-13.229],"carpPosition":[89.7485,270.383,41.0667],"dipPosition":[74.75,276.598,-24.8396],"direction":[-0.421993,-0.879422,0.220316],"extended":false,"handId":699,"id":6994,"length":50.3709,"mcpPosition":[97.3937,309.335,-0.980572],"pipPosition":[82.9809,293.751,-29.1368],"stabilizedTipPosition":[64.0148,258.351,-0.535592],"timeVisible":63.6038,"tipPosition":[71.8287,267.145,-14.894],"tipVelocity":[115.605,168.65,-88.6924],"tool":false,"touchDistance":0.333333,"touchZone":"none","type":4,"width":16.013}],"r":[[0.97701,-0.0553382,0.205886],[0.0348815,0.994204,0.101697],[-0.21032,-0.0921772,0.973277]],"s":1.07683,"t":[25.186,16.9945,-146.793],"timestamp":523781752507},false],[5,{"currentFrameRate":109.991,"devices":[],"gestures":[],"hands":[{"armBasis":[[0.94418,0.105323,-0.312138],[0.0655561,0.868493,0.491348],[0.32284,-0.484384,0.813109]],"armWidth":63.5437,"confidence":0.442456,"direction":[-0.118795,0.761368,-0.637343],"elbow":[162.788,135.2,265.648],"grabStrength":0,"id":699,"palmNormal":[-0.112708,-0.64808,-0.753186],"palmPosition":[61.481,303.696,10.3873],"palmVelocity":[74.4136,193.812,-107.92],"palmWidth":90.7382,"pinchStrength":0.548878,"r":[[0.976379,-0.0504421,0.210092],[0.0300562,0.994621,0.0991206],[-0.213962,-0.0904648,0.972644]],"s":1.07752,"sphereCenter":[60.2222,289.167,-35.7678],"sphereRadius":48.4674,"stabilizedPalmPosition":[59.3955,299.506,15.008],"t":[25.728,19.0576,-147.941],"timeVisible":63.6128,"type":"right","wrist":[75.8628,265.622,46.7158]}],"id":4284635,"interactionBox":{"center":[0,200,0],"size":[235.247,235.247,147.751]},"pointables":[{"bases":[[[0.474594,0.735327,0.483793],[-0.697164,-0.0215017,0.716589],[0.537329,-0.677372,0.502439]],[[0.269774,0.918213,0.290012],[-0.775091,0.0283592,0.631213],[0.571363,-0.395071,0.719349]],[[0.269774,0.918213,0.290012],[-0.954801,0.216042,0.204158],[0.124805,-0.331981,0.934993]],[[0.269774,0.918213,0.290012],[-0.850509,0.368435,-0.375352],[-0.451504,-0.145398,0.880343]]],"btipPosition":[24.8608,289.89,-42.7388],"carpPosition":[47.0089,255.543,45.4072],"dipPosition":[14.3232,286.497,-22.1926],"direction":[-0.124805,0.331981,-0.934993],"extended":false,"handId":699,"id":6990,"length":51.9721,"mcpPosition":[47.0089,255.543,45.4072],"pipPosition":[18.5667,275.209,9.59835],"stabilizedTipPosition":[4.87101,281.46,17.9247],"timeVisible":63.6128,"tipPosition":[23.9741,288.23,-38.0595],"tipVelocity":[82.3968,165.898,-124.416],"tool":false,"touchDistance":-0.528031,"touchZone":"hovering","type":0,"width":20.194},{"bases":[[[0.952551,0.145226,-0.267501],[0.069519,0.751809,0.655706],[0.296335,-0.64319,0.70604]],[[0.985921,0.0484198,-0.160045],[0.0588083,0.795592,0.602972],[0.156527,-0.603895,0.781544]],[[0.985921,0.0484198,-0.160045],[0.0250469,0.90359,0.427666],[0.165323,-0.425654,0.889656]],[[0.985921,0.0484198,-0.160045],[-0.00231475,0.961016,0.276484],[0.167193,-0.272221,0.947598]]],"btipPosition":[20.5928,364.405,-70.8894],"carpPosition":[55.8734,276.446,51.9833],"dipPosition":[23.4415,359.767,-54.7439],"direction":[-0.165323,0.425654,-0.889656],"extended":true,"handId":699,"id":6991,"length":58.6448,"mcpPosition":[34.1325,323.634,0.183965],"pipPosition":[27.4263,349.507,-33.3001],"stabilizedTipPosition":[7.81559,358.296,-25.5651],"timeVisible":63.6128,"tipPosition":[21.7311,364.099,-66.6358],"tipVelocity":[72.4994,107.622,-174.959],"tool":false,"touchDistance":-0.554914,"touchZone":"hovering","type":1,"width":19.2893},{"bases":[[[0.957927,-0.0733142,-0.277489],[0.236047,0.751234,0.616384],[0.16327,-0.655952,0.736933]],[[0.960747,-0.0852706,-0.263997],[-0.0991497,0.783208,-0.613804],[0.259104,0.615885,0.74401]],[[0.960747,-0.0852706,-0.263997],[-0.277036,-0.244384,-0.929262],[0.0147221,0.965922,-0.258414]],[[0.960747,-0.0852706,-0.263997],[-0.249132,-0.683859,-0.685763],[-0.122061,0.724614,-0.678259]]],"btipPosition":[45.4442,254.928,-17.5635],"carpPosition":[67.3881,279.864,49.4323],"dipPosition":[43.1568,268.507,-30.2741],"direction":[-0.0147221,-0.965922,0.258414],"extended":false,"handId":699,"id":6992,"length":66.821,"mcpPosition":[56.0286,325.502,-1.83979],"pipPosition":[43.5742,295.898,-37.6021],"stabilizedTipPosition":[40.7422,252.928,-14.1896],"timeVisible":63.6128,"tipPosition":[44.8222,258.312,-20.8684],"tipVelocity":[119.545,167.442,-93.4512],"tool":false,"touchDistance":0.333333,"touchZone":"none","type":2,"width":18.9446},{"bases":[[[0.950975,-0.225465,-0.21169],[0.308968,0.722783,0.618161],[0.0136323,-0.653261,0.75701]],[[0.950802,-0.219247,-0.218874],[0.0392543,0.786072,-0.616887],[0.307302,0.577946,0.756005]],[[0.950802,-0.219247,-0.218874],[-0.270452,-0.242846,-0.931601],[0.151098,0.944964,-0.290195]],[[0.950802,-0.219247,-0.218874],[-0.309752,-0.685069,-0.659344],[-0.00538502,0.694702,-0.719277]]],"btipPosition":[60.527,256.189,-13.554],"carpPosition":[79.1445,280.182,45.9999],"dipPosition":[60.4267,269.133,-26.9558],"direction":[-0.151098,-0.944964,0.290195],"extended":false,"handId":699,"id":6993,"length":64.2502,"mcpPosition":[78.2929,320.989,-1.28794],"pipPosition":[64.6008,295.238,-34.9725],"stabilizedTipPosition":[55.548,252.853,-8.5946],"timeVisible":63.6128,"tipPosition":[60.6272,259.141,-16.5847],"tipVelocity":[121.884,188.329,-63.6725],"tool":false,"touchDistance":0.333333,"touchZone":"none","type":3,"width":18.027},{"bases":[[[0.881951,-0.415862,-0.22186],[0.453101,0.618344,0.642146],[-0.129858,-0.666866,0.733776]],[[0.872202,-0.456408,-0.175939],[0.282866,0.76407,-0.579814],[0.399061,0.455948,0.795526]],[[0.872202,-0.456408,-0.175939],[-0.260231,-0.128406,-0.95697],[0.414177,0.880456,-0.230768]],[[0.872202,-0.456408,-0.175939],[-0.434506,-0.557729,-0.707208],[0.224649,0.693275,-0.684765]]],"btipPosition":[71.77,267.178,-14.2665],"carpPosition":[90.2723,273.784,39.9436],"dipPosition":[75.6315,279.095,-26.037],"direction":[-0.414177,-0.880456,0.230768],"extended":false,"handId":699,"id":6994,"length":50.3709,"mcpPosition":[97.7813,312.345,-2.48674],"pipPosition":[83.7099,296.268,-30.5381],"stabilizedTipPosition":[66.6489,261.876,-5.54512],"timeVisible":63.6128,"tipPosition":[72.7469,269.76,-16.0606],"tipVelocity":[112.21,201.643,-97.0875],"tool":false,"touchDistance":0.333333,"touchZone":"none","type":4,"width":16.013}],"r":[[0.976379,-0.0504421,0.210092],[0.0300562,0.994621,0.0991206],[-0.213962,-0.0904648,0.972644]],"s":1.07752,"t":[25.728,19.0576,-147.941],"timestamp":523781761517},false],[6,{"currentFrameRate":109.845,"devices":[],"gestures":[],"hands":[{"armBasis":[[0.946165,0.106013,-0.305832],[0.0625133,0.867208,0.494006],[0.317591,-0.48653,0.813895]],"armWidth":63.5437,"confidence":0.453491,"direction":[-0.120201,0.755587,-0.643926],"elbow":[161.774,136.222,265.541],"grabStrength":0,"id":699,"palmNormal":[-0.108182,-0.654735,-0.748076],"palmPosition":[61.8215,304.935,9.71829],"palmVelocity":[63.6123,176.363,-97.5702],"palmWidth":90.7382,"pinchStrength":0.547904,"r":[[0.975774,-0.0453856,0.214022],[0.0253584,0.995115,0.0954103],[-0.217307,-0.0876716,0.972158]],"s":1.07831,"sphereCenter":[60.5693,290.049,-36.2519],"sphereRadius":48.4306,"stabilizedPalmPosition":[60.3422,301.625,12.9437],"t":[26.1692,20.7086,-148.85],"timeVisible":63.6222,"type":"right","wrist":[76.262,267.221,46.3972]}],"id":4284636,"interactionBox":{"center":[0,200,0],"size":[235.247,235.247,147.751]},"pointables":[{"bases":[[[0.470407,0.741204,0.478888],[-0.69891,-0.018376,0.714974],[0.538741,-0.671028,0.509391]],[[0.265747,0.921428,0.283459],[-0.776747,0.0304982,0.629074],[0.571001,-0.38735,0.723821]],[[0.265747,0.921428,0.283459],[-0.955872,0.213647,0.201651],[0.125246,-0.324538,0.937544]],[[0.265747,0.921428,0.283459],[-0.85019,0.36262,-0.381686],[-0.454484,-0.139562,0.879754]]],"btipPosition":[25.3766,290.589,-43.3426],"carpPosition":[47.4521,257.015,45.0989],"dipPosition":[14.7694,287.332,-22.8102],"direction":[-0.125246,0.324538,-0.937544],"extended":false,"handId":699,"id":6990,"length":51.9721,"mcpPosition":[47.4521,257.015,45.0989],"pipPosition":[19.028,276.297,9.06747],"stabilizedTipPosition":[8.26141,283.033,7.31303],"timeVisible":63.6222,"tipPosition":[24.4279,288.981,-38.668],"tipVelocity":[74.161,140.947,-107.502],"tool":false,"touchDistance":-0.512666,"touchZone":"hovering","type":0,"width":20.194},{"bases":[[[0.952646,0.146835,-0.26628],[0.0648289,0.75748,0.649632],[0.29709,-0.636132,0.712091]],[[0.985927,0.0519054,-0.158911],[0.0538779,0.801198,0.595969],[0.158253,-0.596144,0.787127]],[[0.985927,0.0519054,-0.158911],[0.0198942,0.907393,0.419812],[0.165986,-0.417065,0.893591]],[[0.985927,0.0519054,-0.158911],[-0.00746998,0.963306,0.2683],[0.167007,-0.263338,0.950138]]],"btipPosition":[20.7933,364.759,-72.1698],"carpPosition":[56.2161,278.008,51.5242],"dipPosition":[23.6388,360.272,-55.981],"direction":[-0.165986,0.417065,-0.893591],"extended":true,"handId":699,"id":6991,"length":58.6448,"mcpPosition":[34.4197,324.678,-0.719105],"pipPosition":[27.6396,350.219,-34.4424],"stabilizedTipPosition":[9.21153,358.852,-29.9562],"timeVisible":63.6222,"tipPosition":[21.9416,364.472,-67.9343],"tipVelocity":[57.9744,88.8427,-163.814],"tool":false,"touchDistance":-0.546812,"touchZone":"hovering","type":1,"width":19.2893},{"bases":[[[0.958922,-0.0717561,-0.274444],[0.231459,0.757249,0.610738],[0.163998,-0.649173,0.742751]],[[0.961753,-0.0835802,-0.260856],[-0.100749,0.777622,-0.620608],[0.254718,0.623152,0.739459]],[[0.961753,-0.0835802,-0.260856],[-0.273681,-0.253488,-0.927816],[0.0114231,0.963721,-0.266667]],[[0.961753,-0.0835802,-0.260856],[-0.244593,-0.69075,-0.68047],[-0.123313,0.718247,-0.684773]]],"btipPosition":[46.0567,255.875,-17.8516],"carpPosition":[67.7235,281.451,48.9741],"dipPosition":[43.7459,269.335,-30.6843],"direction":[-0.0114231,-0.963721,0.266667],"extended":false,"handId":699,"id":6992,"length":66.821,"mcpPosition":[56.3133,326.617,-2.70275],"pipPosition":[44.0698,296.664,-38.2464],"stabilizedTipPosition":[42.5152,255.168,-16.6412],"timeVisible":63.6222,"tipPosition":[45.4292,259.224,-21.1861],"tipVelocity":[104.018,147.806,-76.5096],"tool":false,"touchDistance":0.333333,"touchZone":"none","type":2,"width":18.9446},{"bases":[[[0.952409,-0.223384,-0.207405],[0.304488,0.729107,0.612936],[0.0143002,-0.646917,0.762426]],[[0.952249,-0.217762,-0.214013],[0.0371724,0.778412,-0.626652],[0.303051,0.588774,0.749337]],[[0.952249,-0.217762,-0.214013],[-0.267965,-0.260096,-0.927656],[0.146345,0.940707,-0.306029]],[[0.952249,-0.217762,-0.214013],[-0.305205,-0.698351,-0.647423],[-0.00847135,0.681825,-0.731466]]],"btipPosition":[61.2063,257.273,-13.3615],"carpPosition":[79.4873,281.787,45.5691],"dipPosition":[61.0485,269.977,-26.9904],"direction":[-0.146345,-0.940707,0.306029],"extended":false,"handId":699,"id":6993,"length":64.2502,"mcpPosition":[78.594,322.198,-2.05712],"pipPosition":[65.0913,295.965,-35.4445],"stabilizedTipPosition":[57.8353,255.84,-11.8094],"timeVisible":63.6222,"tipPosition":[61.2531,260.174,-16.6096],"tipVelocity":[107.48,166.073,-41.3442],"tool":false,"touchDistance":0.333333,"touchZone":"none","type":3,"width":18.027},{"bases":[[[0.884173,-0.414135,-0.216173],[0.448974,0.62545,0.638149],[-0.129075,-0.66129,0.738942]],[[0.874156,-0.455414,-0.168668],[0.282142,0.758924,-0.586881],[0.39528,0.465437,0.79191]],[[0.874156,-0.455414,-0.168668],[-0.258241,-0.14176,-0.955623],[0.411294,0.878921,-0.241527]],[[0.874156,-0.455414,-0.168668],[-0.4315,-0.568983,-0.700048],[0.222842,0.684731,-0.693891]]],"btipPosition":[72.3292,268.298,-14.4205],"carpPosition":[90.6562,275.384,39.5942],"dipPosition":[76.1596,280.068,-26.3478],"direction":[-0.411294,-0.878921,0.241527],"extended":false,"handId":699,"id":6994,"length":50.3709,"mcpPosition":[98.1199,313.623,-3.13491],"pipPosition":[84.1818,297.211,-31.0587],"stabilizedTipPosition":[68.9462,265.073,-9.61323],"timeVisible":63.6222,"tipPosition":[73.2897,270.855,-16.369],"tipVelocity":[97.0936,177.345,-75.2879],"tool":false,"touchDistance":0.333333,"touchZone":"none","type":4,"width":16.013}],"r":[[0.975774,-0.0453856,0.214022],[0.0253584,0.995115,0.0954103],[-0.217307,-0.0876716,0.972158]],"s":1.07831,"t":[26.1692,20.7086,-148.85],"timestamp":5237817708