{"sensorType":"Leap","data":[[0,{"currentFrameRate":101.054,"devices":[],"gestures":[],"hands":[{"armBasis":[[0.938362,0.0324313,-0.34413],[0.133873,0.883787,0.448328],[0.318678,-0.466764,0.82497]],"armWidth":63.5437,"confidence":0.799777,"direction":[-0.034176,0.719081,-0.694085],"elbow":[175.687,142.005,286.177],"grabStrength":0,"id":699,"palmNormal":[-0.152824,-0.690084,-0.70741],"palmPosition":[79.8757,304.055,24.6419],"palmVelocity":[-11.0411,12.5324,-43.9851],"palmWidth":90.7382,"pinchStrength":0.818168,"r":[[0.964863,-0.0894211,0.247071],[0.0871237,0.995992,0.020238],[-0.24789,0.00199886,0.968786]],"s":0.97898,"sphereCenter":[66.0253,288.175,-17.9679],"sphereRadius":44.8526,"stabilizedPalmPosition":[67.7778,287.6,64.4814],"t":[44.8501,21.1883,-133.991],"timeVisible":47.0182,"type":"right","wrist":[89.8823,267.682,64.0517]}],"id":4282843,"interactionBox":{"center":[0,200,0],"size":[235.247,235.247,147.751]},"pointables":[{"bases":[[[0.527454,0.724591,0.443577],[-0.713182,0.0938931,0.694662],[0.461697,-0.682754,0.566289]],[[0.249067,0.960266,0.125914],[-0.826236,0.142852,0.54491],[0.505272,-0.239753,0.828987]],[[0.249067,0.960266,0.125914],[-0.95996,0.227565,0.163375],[0.12823,-0.161563,0.978496]],[[0.249067,0.960266,0.125914],[-0.77664,0.275708,-0.566405],[-0.578615,0.0432832,0.814451]]],"btipPosition":[44.2667,276.543,-30.9489],"carpPosition":[60.2746,260.125,62.596],"dipPosition":[30.7625,277.553,-11.9405],"direction":[-0.12823,0.161563,-0.978496],"extended":false,"handId":699,"id":6990,"length":51.9721,"mcpPosition":[60.2746,260.125,62.596],"pipPosition":[35.1225,272.059,21.3295],"stabilizedTipPosition":[24.8908,270.066,14.0164],"timeVisible":47.0182,"tipPosition":[40.7148,277.347,-26.2222],"tipVelocity":[-1.02763,9.3569,-47.6921],"tool":false,"touchDistance":-0.340733,"touchZone":"touching","type":0,"width":20.194},{"bases":[[[0.967903,0.0400011,-0.248121],[0.121536,0.789643,0.601409],[0.219984,-0.612261,0.759436]],[[0.961064,0.0578692,-0.270199],[0.0520428,0.92242,0.382666],[0.271382,-0.381829,0.883492]],[[0.961064,0.0578692,-0.270199],[-0.00138012,0.978818,0.204727],[0.276323,-0.196383,0.940787]],[[0.961064,0.0578692,-0.270199],[-0.0405547,0.996776,0.0692339],[0.273335,-0.0555803,0.960312]]],"btipPosition":[31.7499,347.554,-64.6971],"carpPosition":[70.8337,280.595,67.9099],"dipPosition":[36.407,346.607,-48.335],"direction":[-0.276323,0.196383,-0.940787],"extended":true,"handId":699,"id":6991,"length":58.6448,"mcpPosition":[54.6943,325.514,12.1931],"pipPosition":[43.0674,341.873,-25.6588],"stabilizedTipPosition":[25.014,339.851,-34.5323],"timeVisible":47.0182,"tipPosition":[32.7194,346.321,-61.0936],"tipVelocity":[-0.585549,24.6332,-45.9652],"tool":false,"touchDistance":-0.343595,"touchZone":"touching","type":1,"width":19.2893},{"bases":[[[0.953729,-0.17829,-0.242103],[0.288222,0.771404,0.56733],[0.0856094,-0.610859,0.787098]],[[0.953053,-0.173658,-0.248058],[0.0223578,0.857326,-0.514288],[0.301977,0.484597,0.82096]],[[0.953053,-0.173658,-0.248058],[-0.295643,-0.35656,-0.886262],[0.0654587,0.917991,-0.391161]],[[0.953053,-0.173658,-0.248058],[-0.268048,-0.864912,-0.424356],[-0.140856,0.470925,-0.870855]]],"btipPosition":[62.98,267.131,-1.34027],"carpPosition":[82.668,282.781,65.4708],"dipPosition":[60.3403,275.956,-17.6601],"direction":[-0.0654587,-0.917991,0.391162],"extended":false,"handId":699,"id":6992,"length":66.821,"mcpPosition":[76.7117,325.282,10.7086],"pipPosition":[62.1966,301.989,-28.7525],"stabilizedTipPosition":[41.9487,252.331,47.0594],"timeVisible":47.0182,"tipPosition":[62.6025,268.915,-4.39049],"tipVelocity":[-8.48919,12.9176,-46.7391],"tool":false,"touchDistance":0.333333,"touchZone":"none","type":2,"width":18.9446},{"bases":[[[0.931473,-0.323881,-0.16571],[0.358208,0.736829,0.573385],[-0.0636085,-0.593451,0.802352]],[[0.932992,-0.305414,-0.190391],[0.16628,0.83497,-0.524573],[0.319182,0.457764,0.829804]],[[0.932992,-0.305414,-0.190391],[-0.292511,-0.335303,-0.895549],[0.209675,0.891232,-0.402172]],[[0.932992,-0.305414,-0.190391],[-0.358742,-0.831568,-0.424026],[-0.0288193,0.463914,-0.885411]]],"btipPosition":[78.9802,265.211,2.89919],"carpPosition":[94.4836,281.8,62.3848],"dipPosition":[78.4432,273.854,-13.5981],"direction":[-0.209675,-0.891232,0.402172],"extended":false,"handId":699,"id":6993,"length":64.2502,"mcpPosition":[98.457,318.871,12.2645],"pipPosition":[84.2356,298.475,-24.7082],"stabilizedTipPosition":[62.9347,251.813,39.9015],"timeVisible":47.0182,"tipPosition":[78.8665,266.977,-0.171188],"tipVelocity":[-7.49782,12.9659,-43.1533],"tool":false,"touchDistance":0.333333,"touchZone":"none","type":3,"width":18.027},{"bases":[[[0.845774,-0.507653,-0.16418],[0.491689,0.622139,0.609249],[-0.207145,-0.596012,0.775797]],[[0.777476,-0.628744,0.0145921],[0.549552,0.667903,-0.501895],[0.305817,0.39823,0.864805]],[[0.777476,-0.628744,0.0145921],[-0.223453,-0.297851,-0.928091],[0.587878,0.718308,-0.372066]],[[0.777476,-0.628744,0.0145921],[-0.550549,-0.691633,-0.467482],[0.304018,0.355422,-0.883882]]],"btipPosition":[89.6312,274.311,4.24532],"carpPosition":[105.129,274.008,57.1496],"dipPosition":[94.857,280.42,-10.9478],"direction":[-0.587878,-0.718308,0.372066],"extended":false,"handId":699,"id":6994,"length":50.3709,"mcpPosition":[117.107,308.473,12.2893],"pipPosition":[106.323,294.431,-18.2049],"stabilizedTipPosition":[77.5826,260.553,37.85],"timeVisible":47.0182,"tipPosition":[90.7867,275.467,1.47796],"tipVelocity":[-8.30771,12.7422,-42.8459],"tool":false,"touchDistance":0.333333,"touchZone":"none","type":4,"width":16.013}],"r":[[0.964863,-0.0894211,0.247071],[0.0871237,0.995992,0.020238],[-0.24789,0.00199886,0.968786]],"s":0.97898,"t":[44.8501,21.1883,-133.991],"timestamp":523765166888},false],[1,{"currentFrameRate":101.483,"devices":[],"gestures":[],"hands":[{"armBasis":[[0.939096,0.0308705,-0.342266],[0.133893,0.884387,0.447137],[0.316499,-0.465732,0.826391]],"armWidth":63.5437,"confidence":0.649061,"direction":[-0.0341877,0.719255,-0.693905],"elbow":[174.989,142.429,286.192],"grabStrength":0,"id":699,"palmNormal":[-0.152985,-0.689894,-0.707561],"palmPosition":[79.7634,304.212,24.2846],"palmVelocity":[-11.4282,13.8779,-42.7748],"palmWidth":90.7382,"pinchStrength":0.820605,"r":[[0.964667,-0.0892086,0.247908],[0.086954,0.996011,0.0200518],[-0.248708,0.00221335,0.968576]],"s":0.979264,"sphereCenter":[65.8657,288.378,-18.3014],"sphereRadius":44.8408,"stabilizedPalmPosition":[67.8522,287.703,64.2316],"t":[44.7012,21.4125,-134.592],"timeVisible":47.0272,"type":"right","wrist":[89.7711,267.829,63.6842]}],"id":4282844,"interactionBox":{"center":[0,200,0],"size":[235.247,235.247,147.751]},"pointables":[{"bases":[[[0.527585,0.724426,0.443689],[-0.713085,0.093797,0.694775],[0.461696,-0.682941,0.566064]],[[0.248991,0.960286,0.125911],[-0.826849,0.143074,0.543921],[0.504305,-0.23954,0.829637]],[[0.248991,0.960286,0.125911],[-0.960132,0.227685,0.16219],[0.127081,-0.161275,0.978693]],[[0.248991,0.960286,0.125911],[-0.775016,0.275521,-0.568717],[-0.580822,0.0440224,0.812839]]],"btipPosition":[44.2932,276.655,-31.316],"carpPosition":[60.1624,260.275,62.2304],"dipPosition":[30.7375,277.682,-12.3453],"direction":[-0.127081,0.161275,-0.978693],"extended":false,"handId":699,"id":6990,"length":51.9721,"mcpPosition":[60.1624,260.275,62.2304],"pipPosition":[35.0584,272.199,20.9315],"stabilizedTipPosition":[25.0103,270.116,13.7159],"timeVisible":47.0272,"tipPosition":[40.6948,277.464,-26.604],"tipVelocity":[-0.298243,10.3273,-46.0237],"tool":false,"touchDistance":-0.340629,"touchZone":"touching","type":0,"width":20.194},{"bases":[[[0.967876,0.0399609,-0.248232],[0.121694,0.789483,0.601588],[0.220015,-0.612471,0.759258]],[[0.961083,0.0577204,-0.270164],[0.0524846,0.92197,0.383687],[0.27123,-0.382935,0.88306]],[[0.961083,0.0577204,-0.270164],[-0.000927171,0.978598,0.205779],[0.27626,-0.19752,0.940567]],[[0.961083,0.0577204,-0.270164],[-0.0401176,0.996723,0.0702348],[0.273333,-0.0566631,0.960249]]],"btipPosition":[31.6463,347.81,-65.0211],"carpPosition":[70.7243,280.743,67.548],"dipPosition":[36.3034,346.844,-48.6601],"direction":[-0.27626,0.19752,-0.940567],"extended":true,"handId":699,"id":6991,"length":58.6448,"mcpPosition":[54.5827,325.677,11.8442],"pipPosition":[42.9622,342.084,-25.9891],"stabilizedTipPosition":[25.0969,339.934,-34.82],"timeVisible":47.0272,"tipPosition":[32.613,346.576,-61.4196],"tipVelocity":[-3.58372,25.5353,-43.2021],"tool":false,"touchDistance":-0.342433,"touchZone":"touching","type":1,"width":19.2893},{"bases":[[[0.95368,-0.178331,-0.242266],[0.288374,0.771235,0.567484],[0.085644,-0.611061,0.786937]],[[0.953015,-0.173771,-0.248125],[0.0225132,0.857467,-0.514046],[0.302085,0.484307,0.821092]],[[0.953015,-0.173771,-0.248125],[-0.29573,-0.356273,-0.886348],[0.0656214,0.918081,-0.390923]],[[0.953015,-0.173771,-0.248125],[-0.268213,-0.864769,-0.424542],[-0.140798,0.471146,-0.870746]]],"btipPosition":[62.8572,267.3,-1.70713],"carpPosition":[82.5585,282.928,65.1079],"dipPosition":[60.2187,276.129,-18.0249],"direction":[-0.0656214,-0.918081,0.390923],"extended":false,"handId":699,"id":6992,"length":66.821,"mcpPosition":[76.5999,325.443,10.3568],"pipPosition":[62.0795,302.164,-29.1106],"stabilizedTipPosition":[42.0216,252.392,46.8708],"timeVisible":47.0272,"tipPosition":[62.4796,269.085,-4.76083],"tipVelocity":[-9.88894,14.5221,-45.0472],"tool":false,"touchDistance":0.333333,"touchZone":"none","type":2,"width":18.9446},{"bases":[[[0.931418,-0.323938,-0.165906],[0.358356,0.73665,0.573521],[-0.0635702,-0.593642,0.802215]],[[0.932941,-0.305383,-0.19069],[0.166141,0.835058,-0.524476],[0.319403,0.457623,0.829797]],[[0.932941,-0.305383,-0.19069],[-0.292769,-0.335235,-0.895491],[0.209541,0.891268,-0.402161]],[[0.932941,-0.305383,-0.19069],[-0.358853,-0.831538,-0.423992],[-0.0290864,0.46399,-0.885363]]],"btipPosition":[78.8667,265.373,2.54231],"carpPosition":[94.3737,281.947,62.0202],"dipPosition":[78.3247,274.018,-13.954],"direction":[-0.209541,-0.891268,0.402161],"extended":false,"handId":699,"id":6993,"length":64.2502,"mcpPosition":[98.3447,319.029,11.9085],"pipPosition":[84.1133,298.64,-25.0639],"stabilizedTipPosition":[63.0084,251.885,39.7097],"timeVisible":47.0272,"tipPosition":[78.75,267.142,-0.539555],"tipVelocity":[-8.93164,14.3528,-42.1521],"tool":false,"touchDistance":0.333333,"touchZone":"none","type":3,"width":18.027},{"bases":[[[0.8457,-0.507701,-0.16441],[0.49183,0.621938,0.609341],[-0.20711,-0.596181,0.775676]],[[0.777425,-0.628813,0.0143134],[0.549527,0.667979,-0.50182],[0.30599,0.397993,0.864853]],[[0.777425,-0.628813,0.0143134],[-0.223643,-0.297624,-0.928118],[0.587873,0.718342,-0.37201]],[[0.777425,-0.628813,0.0143134],[-0.550692,-0.691484,-0.467535],[0.303889,0.355591,-0.883859]]],"btipPosition":[89.514,274.472,3.88123],"carpPosition":[105.017,274.155,56.7817],"dipPosition":[94.7375,280.584,-11.3115],"direction":[-0.587873,-0.718342,0.37201],"extended":false,"handId":699,"id":6994,"length":50.3709,"mcpPosition":[116.993,308.629,11.9285],"pipPosition":[106.204,294.595,-18.5674],"stabilizedTipPosition":[77.628,260.606,37.7206],"timeVisible":47.0272,"tipPosition":[90.669,275.63,1.11015],"tipVelocity":[-9.61055,14.1704,-42.1528],"tool":false,"touchDistance":0.333333,"touchZone":"none","type":4,"width":16.013}],"r":[[0.964667,-0.0892086,0.247908],[0.086954,0.996011,0.0200518],[-0.248708,0.00221335,0.968576]],"s":0.979264,"t":[44.7012,21.4125,-134.592],"timestamp":523765175914},false],[2,{"currentFrameRate":101.839,"devices":[],"gestures":[],"hands":[{"armBasis":[[0.939276,0.0291872,-0.341919],[0.134465,0.885395,0.444965],[0.315721,-0.463921,0.827706]],"armWidth":63.5437,"confidence":0.68127,"direction":[-0.0335855,0.719088,-0.694107],"elbow":[174.682,143.07,286.173],"grabStrength":0,"id":699,"palmNormal":[-0.153571,-0.689964,-0.707366],"palmPosition":[79.6963,304.363,23.9009],"palmVelocity":[-10.2918,14.6037,-42.5591],"palmWidth":90.7382,"pinchStrength":0.826137,"r":[[0.964496,-0.0891873,0.248582],[0.0869864,0.996012,0.0198465],[-0.249361,0.00248137,0.968407]],"s":0.97928,"sphereCenter":[65.6916,288.596,-18.6298],"sphereRadius":44.8201,"stabilizedPalmPosition":[67.9099,287.784,64.0352],"t":[44.5933,21.5999,-135.084],"timeVisible":47.0364,"type":"right","wrist":[89.6736,267.982,63.3106]}],"id":4282845,"interactionBox":{"center":[0,200,0],"size":[235.247,235.247,147.751]},"pointables":[{"bases":[[[0.528199,0.724106,0.443482],[-0.713001,0.0945939,0.694753],[0.461124,-0.683171,0.566253]],[[0.249426,0.960262,0.125233],[-0.827735,0.144284,0.542252],[0.502635,-0.238911,0.830831]],[[0.249426,0.960262,0.125233],[-0.960259,0.228526,0.160248],[0.125262,-0.160226,0.9791]],[[0.249426,0.960262,0.125233],[-0.769568,0.27505,-0.576292],[-0.587837,0.0473669,0.807592]]],"btipPosition":[44.498,276.688,-31.6381],"carpPosition":[60.0585,260.452,61.8591],"dipPosition":[30.7786,277.793,-12.7898],"direction":[-0.125262,0.160226,-0.9791],"extended":false,"handId":699,"id":6990,"length":51.9721,"mcpPosition":[60.0585,260.452,61.8591],"pipPosition":[35.0376,272.345,20.5008],"stabilizedTipPosition":[25.0956,270.152,13.5016],"timeVisible":47.0364,"tipPosition":[40.8028,277.516,-26.9869],"tipVelocity":[4.87363,9.00053,-43.8846],"tool":false,"touchDistance":-0.340153,"touchZone":"touching","type":0,"width":20.194},{"bases":[[[0.967908,0.0390747,-0.248249],[0.122364,0.789549,0.601365],[0.219503,-0.612442,0.759429]],[[0.961208,0.0566387,-0.269946],[0.0537918,0.921405,0.384863],[0.270528,-0.384454,0.882615]],[[0.961208,0.0566387,-0.269946],[0.000390458,0.97841,0.206675],[0.275824,-0.198763,0.940433]],[[0.961208,0.0566387,-0.269946],[-0.0388488,0.996734,0.0707989],[0.273075,-0.0575654,0.960269]]],"btipPosition":[31.6422,348.089,-65.3888],"carpPosition":[70.6377,280.913,67.1709],"dipPosition":[36.2949,347.108,-49.0274],"direction":[-0.275824,0.198763,-0.940433],"extended":true,"handId":699,"id":6991,"length":58.6448,"mcpPosition":[54.5336,325.846,11.4546],"pipPosition":[42.9433,342.317,-26.3597],"stabilizedTipPosition":[25.1685,340.009,-35.0717],"timeVisible":47.0364,"tipPosition":[32.6028,346.859,-61.7891],"tipVelocity":[-2.74209,26.8128,-42.3756],"tool":false,"touchDistance":-0.342037,"touchZone":"touching","type":1,"width":19.2893},{"bases":[[[0.953528,-0.179203,-0.242222],[0.289028,0.771151,0.567265],[0.0851337,-0.610912,0.787108]],[[0.952896,-0.174838,-0.247833],[0.0235598,0.857327,-0.514232],[0.302381,0.484171,0.821063]],[[0.952896,-0.174838,-0.247833],[-0.295887,-0.356349,-0.886266],[0.0666384,0.917849,-0.391296]],[[0.952896,-0.174838,-0.247833],[-0.268967,-0.864752,-0.424099],[-0.140165,0.470781,-0.871045]]],"btipPosition":[62.753,267.469,-2.07926],"carpPosition":[82.4738,283.088,64.7301],"dipPosition":[60.1263,276.291,-18.4026],"direction":[-0.0666384,-0.917849,0.391296],"extended":false,"handId":699,"id":6992,"length":66.821,"mcpPosition":[76.5506,325.592,9.96714],"pipPosition":[62.016,302.319,-29.4989],"stabilizedTipPosition":[42.0784,252.441,46.7219],"timeVisible":47.0364,"tipPosition":[62.3763,269.252,-5.14513],"tipVelocity":[-10.2277,15.5901,-43.8852],"tool":false,"touchDistance":0.333333,"touchZone":"none","type":2,"width":18.9446},{"bases":[[[0.931143,-0.32477,-0.165821],[0.358981,0.736509,0.573312],[-0.0640656,-0.593362,0.802382]],[[0.932692,-0.30604,-0.190852],[0.166501,0.834744,-0.524862],[0.319941,0.457758,0.829515]],[[0.932692,-0.30604,-0.190852],[-0.293289,-0.335572,-0.895194],[0.209921,0.890916,-0.402743]],[[0.932692,-0.30604,-0.190852],[-0.359495,-0.831566,-0.423393],[-0.0291308,0.463506,-0.885615]]],"btipPosition":[78.7783,265.517,2.1876],"carpPosition":[94.288,282.096,61.6426],"dipPosition":[78.2356,274.153,-14.3134],"direction":[-0.209921,-0.890916,0.402743],"extended":false,"handId":699,"id":6993,"length":64.2502,"mcpPosition":[98.29,319.161,11.5205],"pipPosition":[84.0347,298.765,-25.4394],"stabilizedTipPosition":[63.0649,251.942,39.5603],"timeVisible":47.0364,"tipPosition":[78.6574,267.29,-0.916672],"tipVelocity":[-9.14138,14.6885,-41.2586],"tool":false,"touchDistance":0.333333,"touchZone":"none","type":3,"width":18.027},{"bases":[[[0.845271,-0.508461,-0.164273],[0.492358,0.621695,0.609163],[-0.207608,-0.595788,0.775845]],[[0.776963,-0.629383,0.014348],[0.549912,0.667409,-0.502158],[0.306474,0.398048,0.864657]],[[0.776963,-0.629383,0.014348],[-0.224165,-0.297882,-0.92791],[0.588285,0.717735,-0.372529]],[[0.776963,-0.629383,0.014348],[-0.551364,-0.691295,-0.467021],[0.303854,0.354947,-0.88413]]],"btipPosition":[89.426,274.609,3.5177],"carpPosition":[104.925,274.294,56.4063],"dipPosition":[94.649,280.71,-11.6797],"direction":[-0.588285,-0.717735,0.372529],"extended":false,"handId":699,"id":6994,"length":50.3709,"mcpPosition":[116.93,308.745,11.5432],"pipPosition":[106.123,294.709,-18.9457],"stabilizedTipPosition":[77.6633,260.647,37.6183],"timeVisible":47.0364,"tipPosition":[90.5803,275.768,0.730106],"tipVelocity":[-9.61902,14.3143,-41.5271],"tool":false,"touchDistance":0.333333,"touchZone":"none","type":4,"width":16.013}],"r":[[0.964496,-0.0891873,0.248582],[0.0869864,0.996012,0.0198465],[-0.249361,0.00248137,0.968407]],"s":0.97928,"t":[44.5933,21.5999,-135.084],"timestamp":523765185051},false],[3,{"currentFrameRate":102.285,"devices":[],"gestures":[],"hands":[{"armBasis":[[0.93935,0.0278651,-0.341827],[0.135084,0.886063,0.443446],[0.315237,-0.462726,0.828559]],"armWidth":63.5437,"confidence":0.59095,"direction":[-0.0311918,0.720661,-0.692586],"elbow":[174.381,143.537,286.108],"grabStrength":0,"id":699,"palmNormal":[-0.153755,-0.688135,-0.709105],"palmPosition":[79.6529,304.612,23.671],"palmVelocity":[-8.81169,18.2464,-37.9787],"palmWidth":90.7382,"pinchStrength":0.827359,"r":[[0.964249,-0.0896348,0.249378],[0.087374,0.995972,0.0201439],[-0.250179,0.00236538,0.968197]],"s":0.979347,"sphereCenter":[65.6338,289.005,-18.8925],"sphereRadius":44.8195,"stabilizedPalmPosition":[67.9568,287.851,63.8739],"t":[44.5176,21.8184,-135.445],"timeVisible":47.0453,"type":"right","wrist":[89.5025,268.128,63.0166]}],"id":4282846,"interactionBox":{"center":[0,200,0],"size":[235.247,235.247,147.751]},"pointables":[{"bases":[[[0.52885,0.72216,0.445872],[-0.713894,0.0943958,0.693863],[0.458992,-0.685254,0.565467]],[[0.250868,0.959579,0.127566],[-0.828566,0.144714,0.540866],[0.500543,-0.241383,0.831379]],[[0.250868,0.959579,0.127566],[-0.96009,0.229808,0.159425],[0.123666,-0.162469,0.978933]],[[0.250868,0.959579,0.127566],[-0.766789,0.277419,-0.578855],[-0.590846,0.0474003,0.805391]]],"btipPosition":[44.5439,277.09,-31.9642],"carpPosition":[59.8758,260.656,61.5032],"dipPosition":[30.7543,278.196,-13.1674],"direction":[-0.123666,0.162469,-0.978933],"extended":false,"handId":699,"id":6990,"length":51.9721,"mcpPosition":[59.8758,260.656,61.5032],"pipPosition":[34.9591,272.672,20.1176],"stabilizedTipPosition":[25.1625,270.181,13.3324],"timeVisible":47.0453,"tipPosition":[40.8358,277.908,-27.3397],"tipVelocity":[4.45424,18.8268,-42.2476],"tool":false,"touchDistance":-0.339541,"touchZone":"touching","type":0,"width":20.194},{"bases":[[[0.968359,0.0378279,-0.246678],[0.122894,0.788009,0.603274],[0.217205,-0.614501,0.758426]],[[0.96178,0.0553135,-0.268178],[0.0553875,0.919841,0.388362],[0.268163,-0.388373,0.881621]],[[0.96178,0.0553135,-0.268178],[0.0022599,0.977748,0.209772],[0.273814,-0.202361,0.940253]],[[0.96178,0.0553135,-0.268178],[-0.0368465,0.996621,0.0734155],[0.271332,-0.0607282,0.960568]]],"btipPosition":[31.8371,348.72,-65.5684],"carpPosition":[70.4845,281.085,66.8758],"dipPosition":[36.4602,347.686,-49.202],"direction":[-0.273814,0.202361,-0.940253],"extended":true,"handId":699,"id":6991,"length":58.6448,"mcpPosition":[54.5491,326.169,11.2331],"pipPosition":[43.06,342.808,-26.5386],"stabilizedTipPosition":[25.2447,340.092,-35.3352],"timeVisible":47.0453,"tipPosition":[32.7873,347.489,-61.9725],"tipVelocity":[3.75165,38.4192,-36.2766],"tool":false,"touchDistance":-0.338843,"touchZone":"touching","type":1,"width":19.2893},{"bases":[[[0.953567,-0.180435,-0.241149],[0.289576,0.769377,0.56939],[0.0827962,-0.612782,0.785902]],[[0.952979,-0.176242,-0.246515],[0.026242,0.858423,-0.512271],[0.301898,0.481714,0.822684]],[[0.952979,-0.176242,-0.246515],[-0.295038,-0.353941,-0.887513],[0.0691655,0.918512,-0.389296]],[[0.952979,-0.176242,-0.246515],[-0.26993,-0.863414,-0.42621],[-0.137729,0.472711,-0.870388]]],"btipPosition":[62.6761,267.818,-2.41445],"carpPosition":[82.3283,283.243,64.458],"dipPosition":[60.0951,276.676,-18.7255],"direction":[-0.0691656,-0.918512,0.389296],"extended":false,"handId":699,"id":6992,"length":66.821,"mcpPosition":[76.5678,325.878,9.77889],"pipPosition":[62.0564,302.723,-29.7651],"stabilizedTipPosition":[42.1262,252.482,46.5956],"timeVisible":47.0453,"tipPosition":[62.3068,269.607,-5.48817],"tipVelocity":[-9.46817,22.25,-42.0756],"tool":false,"touchDistance":0.333333,"touchZone":"none","type":2,"width":18.9446},{"bases":[[[0.930797,-0.326127,-0.165101],[0.359456,0.734593,0.575469],[-0.0663939,-0.594991,0.800985]],[[0.932423,-0.30728,-0.190175],[0.168763,0.835621,-0.522739],[0.319541,0.455319,0.83101]],[[0.932423,-0.30728,-0.190175],[-0.292585,-0.333081,-0.896354],[0.212088,0.891423,-0.400478]],[[0.932423,-0.30728,-0.190175],[-0.360356,-0.830009,-0.425709],[-0.0270349,0.465471,-0.88465]]],"btipPosition":[78.7001,265.817,1.87151],"carpPosition":[94.1455,282.236,61.3864],"dipPosition":[78.1964,274.49,-14.6115],"direction":[-0.212088,-0.891423,0.400478],"extended":false,"handId":699,"id":6993,"length":64.2502,"mcpPosition":[98.2929,319.403,11.3515],"pipPosition":[84.0554,299.116,-25.6749],"stabilizedTipPosition":[63.1111,251.989,39.4371],"timeVisible":47.0453,"tipPosition":[78.5855,267.598,-1.23458],"tipVelocity":[-8.764,20.1108,-39.5419],"tool":false,"touchDistance":0.333333,"touchZone":"none","type":3,"width":18.027},{"bases":[[[0.844583,-0.509662,-0.164085],[0.492566,0.619455,0.611273],[-0.209899,-0.597094,0.774223]],[[0.775829,-0.630786,0.0140629],[0.551772,0.667499,-0.499993],[0.306002,0.395669,0.865915]],[[0.775829,-0.630786,0.0140629],[-0.223544,-0.295652,-0.928772],[0.590014,0.717425,-0.370384]],[[0.775829,-0.630786,0.0140629],[-0.552019,-0.689407,-0.469033],[0.305555,0.356127,-0.883069]]],"btipPosition":[89.3633,274.886,3.2502],"carpPosition":[104.776,274.426,56.1494],"dipPosition":[94.6155,281.008,-11.929],"direction":[-0.590014,-0.717425,0.370384],"extended":false,"handId":699,"id":6994,"length":50.3709,"mcpPosition":[116.914,308.952,11.3802],"pipPosition":[106.124,295.001,-19.1532],"stabilizedTipPosition":[77.6925,260.683,37.5326],"timeVisible":47.0453,"tipPosition":[90.5224,276.053,0.450675],"tipVelocity":[-8.70775,19.028,-38.2511],"tool":false,"touchDistance":0.333333,"touchZone":"none","type":4,"width":16.013}],"r":[[0.964249,-0.0896348,0.249378],[0.087374,0.995972,0.0201439],[-0.250179,0.00236538,0.968197]],"s":0.979347,"t":[44.5176,21.8184,-135.445],"timestamp":523765193974},false],[4,{"currentFrameRate":102.621,"devices":[],"gestures":[],"hands":[{"armBasis":[[0.940225,0.0263154,-0.339536],[0.13453,0.88722,0.441296],[0.312856,-0.460596,0.830646]],"armWidth":63.5437,"confidence":0.628367,"direction":[-0.0303735,0.720924,-0.692349],"elbow":[173.658,144.291,286.438],"grabStrength":0,"id":699,"palmNormal":[-0.153132,-0.687847,-0.709519],"palmPosition":[79.6173,304.809,23.4423],"palmVelocity":[-7.45086,19.1723,-34.413],"palmWidth":90.7382,"pinchStrength":0.827635,"r":[[0.963997,-0.0900405,0.250205],[0.0877096,0.995936,0.0204743],[-0.251032,0.00220828,0.967976]],"s":0.97942,"sphereCenter":[65.6296,289.23,-19.1367],"sphereRadius":44.8203,"stabilizedPalmPosition":[67.9987,287.912,63.7289],"t":[44.462,22.0259,-135.74],"timeVisible":47.0544,"type":"right","wrist":[89.4211,268.308,62.7843]}],"id":4282847,"interactionBox":{"center":[0,200,0],"size":[235.247,235.247,147.751]},"pointables":[{"bases":[[[0.528502,0.721914,0.446683],[-0.71459,0.0942448,0.693166],[0.458309,-0.685534,0.565681]],[[0.250889,0.959491,0.128189],[-0.82915,0.144666,0.539983],[0.499564,-0.241763,0.831857]],[[0.250889,0.959491,0.128189],[-0.960201,0.229879,0.158649],[0.122754,-0.16289,0.978978]],[[0.250889,0.959491,0.128189],[-0.766071,0.277754,-0.579644],[-0.591768,0.047225,0.804724]]],"btipPosition":[44.5643,277.312,-32.2394],"carpPosition":[59.7949,260.841,61.2378],"dipPosition":[30.7531,278.414,-13.4581],"direction":[-0.122754,0.16289,-0.978978],"extended":false,"handId":699,"id":6990,"length":51.9721,"mcpPosition":[59.7949,260.841,61.2378],"pipPosition":[34.9269,272.876,19.8284],"stabilizedTipPosition":[25.2204,270.208,13.1854],"timeVisible":47.0544,"tipPosition":[40.8543,278.125,-27.6209],"tipVelocity":[3.68788,20.3619,-39.0218],"tool":false,"touchDistance":-0.338101,"touchZone":"touching","type":0,"width":20.194},{"bases":[[[0.968617,0.0377737,-0.245671],[0.122394,0.787765,0.603693],[0.216335,-0.614816,0.758419]],[[0.962088,0.0552054,-0.267094],[0.0553182,0.919449,0.389299],[0.267071,-0.389315,0.881537]],[[0.962088,0.0552054,-0.267094],[0.00229143,0.97763,0.210319],[0.27273,-0.202957,0.94044]],[[0.962088,0.0552054,-0.267094],[-0.0367516,0.99661,0.073607],[0.270252,-0.0610002,0.960855]]],"btipPosition":[31.9089,348.985,-65.8206],"carpPosition":[70.4012,281.267,66.6289],"dipPosition":[36.5135,347.945,-49.4493],"direction":[-0.27273,0.202957,-0.94044],"extended":true,"handId":699,"id":6991,"length":58.6448,"mcpPosition":[54.5295,326.374,10.9867],"pipPosition":[43.0873,343.053,-26.7814],"stabilizedTipPosition":[25.327,340.184,-35.6199],"timeVisible":47.0544,"tipPosition":[32.8545,347.768,-62.2231],"tipVelocity":[4.76722,35.7836,-33.8631],"tool":false,"touchDistance":-0.337058,"touchZone":"touching","type":1,"width":19.2893},{"bases":[[[0.953787,-0.180489,-0.240239],[0.289109,0.769121,0.569973],[0.0818985,-0.613088,0.785758]],[[0.953237,-0.176519,-0.245318],[0.0272602,0.858616,-0.511893],[0.300993,0.481268,0.823277]],[[0.953237,-0.176519,-0.245318],[-0.293997,-0.353488,-0.888038],[0.0700387,0.918633,-0.388854]],[[0.953237,-0.176519,-0.245318],[-0.269691,-0.863175,-0.426845],[-0.136406,0.473044,-0.870415]]],"btipPosition":[62.652,268.032,-2.67892],"carpPosition":[82.2478,283.424,64.224],"dipPosition":[60.0957,276.896,-18.9905],"direction":[-0.0700387,-0.918633,0.388854],"extended":false,"handId":699,"id":6992,"length":66.821,"mcpPosition":[76.5497,326.08,9.55495],"pipPosition":[62.0819,302.947,-30.0175],"stabilizedTipPosition":[42.1696,252.521,46.4802],"timeVisible":47.0544,"tipPosition":[62.2877,269.824,-5.76079],"tipVelocity":[-7.40376,22.6387,-38.4664],"tool":false,"touchDistance":0.333333,"touchZone":"none","type":2,"width":18.9446},{"bases":[[[0.930917,-0.326206,-0.164268],[0.358977,0.734324,0.57611],[-0.0673043,-0.595279,0.800695]],[[0.932576,-0.307273,-0.189435],[0.16932,0.835836,-0.522216],[0.318799,0.454931,0.831508]],[[0.932576,-0.307273,-0.189435],[-0.291792,-0.332749,-0.896736],[0.212508,0.89155,-0.399973]],[[0.932576,-0.307273,-0.189435],[-0.36002,-0.829862,-0.42628],[-0.0262207,0.465739,-0.884534]]],"btipPosition":[78.6857,266.024,1.62911],"carpPosition":[94.0679,282.416,61.1642],"dipPosition":[78.1972,274.702,-14.8518],"direction":[-0.212508,-0.89155,0.399973],"extended":false,"handId":699,"id":6993,"length":64.2502,"mcpPosition":[98.2722,319.601,11.1474],"pipPosition":[84.0678,299.331,-25.9012],"stabilizedTipPosition":[63.1521,252.031,39.3268],"timeVisible":47.0544,"tipPosition":[78.5723,267.808,-1.48392],"tipVelocity":[-6.66656,20.8778,-35.9441],"tool":false,"touchDistance":0.333333,"touchZone":"none","type":3,"width":18.027},{"bases":[[[0.844674,-0.509728,-0.163409],[0.492032,0.619152,0.612008],[-0.210782,-0.597351,0.773785]],[[0.775732,-0.630894,0.0145984],[0.552364,0.667623,-0.499173],[0.305179,0.395288,0.86638]],[[0.775732,-0.630894,0.0145984],[-0.222694,-0.295317,-0.929083],[0.590464,0.717468,-0.369583]],[[0.775732,-0.630894,0.0145984],[-0.551675,-0.689195,-0.46975],[0.306423,0.356346,-0.882679]]],"btipPosition":[89.3463,275.09,3.0226],"carpPosition":[104.703,274.606,55.9351],"dipPosition":[94.6134,281.216,-12.1499],"direction":[-0.590464,-0.717468,0.369583],"extended":false,"handId":699,"id":6994,"length":50.3709,"mcpPosition":[116.891,309.148,11.1912],"pipPosition":[106.13,295.21,-19.3585],"stabilizedTipPosition":[77.7192,260.716,37.4538],"timeVisible":47.0544,"tipPosition":[90.5077,276.259,0.218184],"tipVelocity":[-6.70643,20.0005,-34.5291],"tool":false,"touchDistance":0.333333,"touchZone":"none","type":4,"width":16.013}],"r":[[0.963997,-0.0900405,0.250205],[0.0877096,0.995936,0.0204743],[-0.251032,0.00220828,0.967976]],"s":0.97942,"t":[44.462,22.0259,-135.74],"timestamp":523765203079},false],[5,{"currentFrameRate":102.999,"devices":[],"gestures":[],"hands":[{"armBasis":[[0.942486,0.0252821,-0.333288],[0.133207,0.886116,0.443908],[0.306554,-0.462773,0.831784]],"armWidth":63.5437,"confidence":0.661956,"direction":[-0.0299839,0.720503,-0.692803],"elbow":[171.852,144.117,286.309],"grabStrength":0,"id":699,"palmNormal":[-0.151324,-0.688398,-0.709373],"palmPosition":[79.5338,305.189,22.9702],"palmVelocity":[-7.95559,25.5219,-39.3772],"palmWidth":90.7382,"pinchStrength":0.827361,"r":[[0.963733,-0.0901466,0.251183],[0.0877747,0.995926,0.0206542],[-0.252022,0.00214243,0.967719]],"s":0.979654,"sphereCenter":[65.5903,289.607,-19.6067],"sphereRadius":44.8261,"stabilizedPalmPosition":[68.0373,287.97,63.5923],"t":[44.3924,22.3199,-136.124],"timeVisible":47.0634,"type":"right","wrist":[89.311,268.72,62.3483]}],"id":4282848,"interactionBox":{"center":[0,200,0],"size":[235.247,235.247,147.751]},"pointables":[{"bases":[[[0.527078,0.722687,0.447115],[-0.715784,0.0939292,0.691976],[0.458085,-0.684763,0.566796]],[[0.249768,0.959798,0.128078],[-0.830354,0.144258,0.53824],[0.498126,-0.240785,0.833003]],[[0.249768,0.959798,0.128078],[-0.960604,0.228954,0.157546],[0.121889,-0.162382,0.979171]],[[0.249768,0.959798,0.128078],[-0.766487,0.276799,-0.579551],[-0.591704,0.0465833,0.804808]]],"btipPosition":[44.5636,277.643,-32.7838],"carpPosition":[59.6947,261.223,60.7589],"dipPosition":[30.7539,278.731,-14.0005],"direction":[-0.121889,0.162382,-0.979171],"extended":false,"handId":699,"id":6990,"length":51.9721,"mcpPosition":[59.6947,261.223,60.7589],"pipPosition":[34.8983,273.209,19.2925],"stabilizedTipPosition":[25.2704,270.231,13.0563],"timeVisible":47.0634,"tipPosition":[40.8774,278.432,-28.1635],"tipVelocity":[2.66578,24.776,-44.9134],"tool":false,"touchDistance":-0.340784,"touchZone":"touching","type":0,"width":20.194},{"bases":[[[0.968969,0.0385921,-0.244153],[0.120657,0.788225,0.603442],[0.215735,-0.614175,0.759109]],[[0.962476,0.0559565,-0.265536],[0.0542418,0.919093,0.390289],[0.265891,-0.390046,0.88157]],[[0.962476,0.0559565,-0.265536],[0.00139623,0.977475,0.211045],[0.271364,-0.203496,0.940718]],[[0.962476,0.0559565,-0.265536],[-0.0375145,0.99655,0.0740265],[0.268762,-0.0612873,0.961255]]],"btipPosition":[31.9328,349.383,-66.3597],"carpPosition":[70.2722,281.663,66.1554],"dipPosition":[36.512,348.338,-49.9815],"direction":[-0.271364,0.203496,-0.940718],"extended":true,"handId":699,"id":6991,"length":58.6448,"mcpPosition":[54.4446,326.722,10.4626],"pipPosition":[43.0528,343.433,-27.3069],"stabilizedTipPosition":[25.4081,340.279,-35.9058],"timeVisible":47.0634,"tipPosition":[32.876,348.169,-62.7643],"tipVelocity":[4.01024,38.073,-40.9743],"tool":false,"touchDistance":-0.339748,"touchZone":"touching","type":1,"width":19.2893},{"bases":[[[0.954345,-0.179682,-0.23862],[0.287443,0.769727,0.569998],[0.0812539,-0.612564,0.786233]],[[0.953852,-0.176087,-0.243227],[0.0278862,0.858455,-0.512129],[0.298979,0.481713,0.82375]],[[0.953852,-0.176087,-0.243227],[-0.291912,-0.353921,-0.888554],[0.0703798,0.91855,-0.38899]],[[0.953852,-0.176087,-0.243227],[-0.268301,-0.863516,-0.42703],[-0.134836,0.472582,-0.870911]]],"btipPosition":[62.6272,268.391,-3.17747],"carpPosition":[82.1205,283.83,63.7681],"dipPosition":[60.1004,277.247,-19.4983],"direction":[-0.0703798,-0.91855,0.38899],"extended":false,"handId":699,"id":6992,"length":66.821,"mcpPosition":[76.4672,326.45,9.066],"pipPosition":[62.0962,303.295,-30.5292],"stabilizedTipPosition":[42.209,252.556,46.3744],"timeVisible":47.0634,"tipPosition":[62.2701,270.183,-6.26902],"tipVelocity":[-5.92079,27.3295,-43.191],"tool":false,"touchDistance":0.333333,"touchZone":"none","type":2,"width":18.9446},{"bases":[[[0.931498,-0.325379,-0.162604],[0.357335,0.735003,0.576266],[-0.0679899,-0.594895,0.800923]],[[0.93319,-0.306286,-0.188004],[0.169029,0.835716,-0.522502],[0.317153,0.455815,0.831653]],[[0.93319,-0.306286,-0.188004],[-0.290245,-0.333818,-0.896841],[0.211931,0.89149,-0.400414]],[[0.93319,-0.306286,-0.188004],[-0.358466,-0.830657,-0.426041],[-0.0256765,0.464971,-0.884954]]],"btipPosition":[78.6863,266.393,1.19189],"carpPosition":[93.9465,282.832,60.7276],"dipPosition":[78.2078,275.056,-15.2968],"direction":[-0.211931,-0.89149,0.400414],"extended":false,"handId":699,"id":6993,"length":64.2502,"mcpPosition":[98.1936,319.993,10.6967],"pipPosition":[84.0625,299.684,-26.3584],"stabilizedTipPosition":[63.1893,252.071,39.2256],"timeVisible":47.0634,"tipPosition":[78.5707,268.177,-1.94071],"tipVelocity":[-4.7503,26.2951,-39.4793],"tool":false,"touchDistance":0.333333,"touchZone":"none","type":3,"width":18.027},{"bases":[[[0.845436,-0.508985,-0.161779],[0.490447,0.619983,0.61244],[-0.211423,-0.597123,0.773786]],[[0.776345,-0.630101,0.0161569],[0.552485,0.667929,-0.49863],[0.303395,0.396035,0.866664]],[[0.776345,-0.630101,0.0161569],[-0.220975,-0.29609,-0.929247],[0.590304,0.717846,-0.369105]],[[0.776345,-0.630101,0.0161569],[-0.550282,-0.690055,-0.470122],[0.307374,0.356086,-0.882454]]],"btipPosition":[89.3276,275.471,2.58407],"carpPosition":[104.597,275.03,55.5199],"dipPosition":[94.611,281.592,-12.5845],"direction":[-0.590304,-0.717846,0.369105],"extended":false,"handId":699,"id":6994,"length":50.3709,"mcpPosition":[116.823,309.558,10.776],"pipPosition":[106.125,295.594,-19.7838],"stabilizedTipPosition":[77.7442,260.747,37.3787],"timeVisible":47.0634,"tipPosition":[90.4913,276.64,-0.225657],"tipVelocity":[-5.32303,26.1113,-38.41],"tool":false,"touchDistance":0.333333,"touchZone":"none","type":4,"width":16.013}],"r":[[0.963733,-0.0901466,0.251183],[0.0877747,0.995926,0.0206542],[-0.252022,0.00214243,0.967719]],"s":0.979654,"t":[44.3924,22.3199,-136.124],"timestamp":523765212070},false],[6,{"currentFrameRate":103.233,"devices":[],"gestures":[],"hands":[{"armBasis":[[0.94406,0.0235483,-0.328931],[0.133714,0.884439,0.447089],[0.301447,-0.466061,0.831815]],"armWidth":63.5437,"confidence":0.552163,"direction":[-0.0272831,0.723783,-0.689488],"elbow":[170.302,143.712,285.529],"grabStrength":0,"id":699,"palmNormal":[-0.151037,-0.68481,-0.712897],"palmPosition":[79.5046,305.87,22.3326],"palmVelocity":[-6.60957,39.0322,-47.6884],"palmWidth":90.7382,"pinchStrength":0.828941,"r":[[0.963384,-0.0908031,0.252283],[0.088165,0.995868,0.021766],[-0.253217,0.00127344,0.967409]],"s":0.9801,"sphereCenter":[65.5636,290.558,-20.3373],"sphereRadius":44.8428,"stabilizedPalmPosition":[68.0799,288.037,63.4389],"t":[44.343,22.8072,-136.634],"timeVisible":47.0726,"type":"right","wrist":[89.136,269.2,61.5601]}],"id":4282849,"interactionBox":{"center":[0,200,0],"size":[235.247,235.247,147.751]},"pointables":[{"bases":[[[0.527397,0.719668,0.451585],[-0.717065,0.0919463,0.690915],[0.455708,-0.688203,0.564541]],[[0.251043,0.958802,0.132948],[-0.831463,0.14327,0.53679],[0.495628,-0.245299,0.833175]],[[0.251043,0.958802,0.132948],[-0.960423,0.2296,0.157708],[0.120686,-0.167278,0.978495]],[[0.251043,0.958802,0.132948],[-0.768835,0.280954,-0.574419],[-0.588107,0.0419887,0.807693]]],"btipPosition":[44.4603,278.681,-33.7217],"carpPosition":[59.5101,261.763,59.874],"dipPosition":[30.7346,279.661,-14.8711],"direction":[-0.120686,0.167278,-0.978495],"extended":false,"handId":699,"id":6990,"length":51.9721,"mcpPosition":[59.5101,261.763,59.874],"pipPosition":[34.838,273.973,18.399],"stabilizedTipPosition":[25.3277,270.262,12.9049],"timeVisible":47.0726,"tipPosition":[40.8629,279.406,-29.0686],"tipVelocity":[-0.635148,48.5972,-60.3239],"tool":false,"touchDistance":-0.348875,"touchZone":"touching","type":0,"width":20.194},{"bases":[[[0.969543,0.0380387,-0.241951],[0.120765,0.785185,0.607371],[0.21308,-0.618091,0.756677]],[[0.96313,0.055499,-0.263248],[0.0556654,0.916208,0.396818],[0.263213,-0.396842,0.879338]],[[0.96313,0.055499,-0.263248],[0.00332872,0.975958,0.217934],[0.269014,-0.210775,0.93979]],[[0.96313,0.055499,-0.263248],[-0.0352889,0.996098,0.0808918],[0.26671,-0.0686196,0.961331]]],"btipPosition":[32.1735,350.757,-66.832],"carpPosition":[70.1118,282.158,65.388],"dipPosition":[36.7178,349.587,-50.4525],"direction":[-0.269014,0.210775,-0.93979],"extended":true,"handId":699,"id":6991,"length":58.6448,"mcpPosition":[54.479,327.505,9.87362],"pipPosition":[43.202,344.507,-27.8003],"stabilizedTipPosition":[25.5213,340.427,-36.2992],"timeVisible":47.0726,"tipPosition":[33.1124,349.508,-63.2496],"tipVelocity":[9.95497,68.2563,-43.8059],"tool":false,"touchDistance":-0.341187,"touchZone":"touching","type":1,"width":19.2893},{"bases":[[[0.954528,-0.180233,-0.23747],[0.287588,0.766552,0.574188],[0.0785452,-0.616372,0.783528]],[[0.954186,-0.177614,-0.240796],[0.0327757,0.861962,-0.505913],[0.297414,0.474843,0.828293]],[[0.954186,-0.177614,-0.240796],[-0.289561,-0.34536,-0.892682],[0.075391,0.92151,-0.380968]],[[0.954186,-0.177614,-0.240796],[-0.269686,-0.859105,-0.434981],[-0.129611,0.479992,-0.867645]]],"btipPosition":[62.4992,269.249,-4.22892],"carpPosition":[81.9688,284.316,63.0355],"dipPosition":[60.0703,278.244,-20.4886],"direction":[-0.075391,-0.92151,0.380968],"extended":false,"handId":699,"id":6992,"length":66.821,"mcpPosition":[76.504,327.2,8.5216],"pipPosition":[62.2082,304.376,-31.292],"stabilizedTipPosition":[42.2498,252.595,46.262],"timeVisible":47.0726,"tipPosition":[62.1792,271.074,-7.27657],"tipVelocity":[-7.46326,46.6947,-62.5778],"tool":false,"touchDistance":0.333333,"touchZone":"none","type":2,"width":18.9446},{"bases":[[[0.931269,-0.326243,-0.162184],[0.357407,0.731677,0.580439],[-0.0706981,-0.59851,0.797989]],[[0.933053,-0.306949,-0.187603],[0.171475,0.837926,-0.518147],[0.316242,0.451289,0.834463]],[[0.933053,-0.306949,-0.187603],[-0.28901,-0.329073,-0.898991],[0.21421,0.893025,-0.395754]],[[0.933053,-0.306949,-0.187603],[-0.358993,-0.828051,-0.430646],[-0.0231582,0.469163,-0.882808]]],"btipPosition":[78.6391,267.179,0.368569],"carpPosition":[93.7994,283.311,60.015],"dipPosition":[78.2076,275.921,-16.0802],"direction":[-0.21421,-0.893025,0.395754],"extended":false,"handId":699,"id":6993,"length":64.2502,"mcpPosition":[98.2156,320.698,10.1673],"pipPosition":[84.1252,300.591,-27.013],"stabilizedTipPosition":[63.2283,252.115,39.1171],"timeVisible":47.0726,"tipPosition":[78.5313,268.98,-2.7612],"tipVelocity":[-4.52198,43.3449,-53.1255],"tool":false,"touchDistance":0.333333,"touchZone":"none","type":3,"width":18.027},{"bases":[[[0.844886,-0.509701,-0.162396],[0.490243,0.616256,0.616352],[-0.214078,-0.600361,0.770544]],[[0.775253,-0.631478,0.0147486],[0.554617,0.669346,-0.494345],[0.302296,0.391422,0.869141]],[[0.775253,-0.631478,0.0147486],[-0.219685,-0.291447,-0.931019],[0.592217,0.718536,-0.364672]],[[0.775253,-0.631478,0.0147486],[-0.550563,-0.686991,-0.474262],[0.309618,0.359553,-0.88026]]],"btipPosition":[89.2941,276.233,1.83323],"carpPosition":[104.448,275.515,54.7931],"dipPosition":[94.6162,282.414,-13.2976],"direction":[-0.592217,-0.718536,0.364672],"extended":false,"handId":699,"id":6994,"length":50.3709,"mcpPosition":[116.827,310.231,10.2366],"pipPosition":[106.167,296.429,-20.4104],"stabilizedTipPosition":[77.7718,260.784,37.2947],"timeVisible":47.0726,"tipPosition":[90.464,277.415,-0.978693],"tipVelocity":[-4.57431,42.3448,-50.1703],"tool":false,"touchDistance":0.333333,"touchZone":"none","type":4,"width":16.013}],"r":[[0.963384,-0.0908031,0.252283],[0.088165,0.995868,0.021766],[-0.253217,0.00127344,0.967409]],"s":0.9801,"t":[44.343,22.8072,-136.634],"timestamp":523765221315},false],[7,{"currentFrameRate":103.667,"device