{"sensorType":"Leap","data":[[0,{"currentFrameRate":110.617,"devices":[],"gestures":[{"direction":[0.370697,-0.106534,-0.922624],"duration":162963,"handIds":[699],"id":16,"pointableIds":[6991],"position":[9.6641,301.611,-49.0729],"speed":305.73,"startPosition":[-65.1144,352.983,187.919],"state":"update","type":"swipe"}],"hands":[{"armBasis":[[0.903055,-0.0862151,-0.420782],[0.279889,0.861219,0.424221],[0.325812,-0.500867,0.80186]],"armWidth":63.5437,"confidence":0.634075,"direction":[0.0644368,0.747454,-0.661181],"elbow":[154.421,84.6774,275.01],"grabStrength":0,"id":699,"palmNormal":[-0.276182,-0.623321,-0.731569],"palmPosition":[61.686,258.849,21.6141],"palmVelocity":[150.483,107.905,-304.067],"palmWidth":90.7382,"pinchStrength":0.825413,"r":[[0.947387,-0.284813,0.146083],[0.279944,0.958535,0.0533138],[-0.15521,-0.00961389,0.987835]],"s":0.981876,"sphereCenter":[40.6746,249.266,-18.7282],"sphereRadius":44.5622,"stabilizedPalmPosition":[-2.97759,281.112,191.458],"t":[25.2786,-24.9273,-135.514],"timeVisible":81.4096,"type":"right","wrist":[66.6954,219.537,59.1068]}],"id":4286563,"interactionBox":{"center":[0,200,0],"size":[235.247,235.247,147.751]},"pointables":[{"bases":[[[0.645475,0.610918,0.458411],[-0.673386,0.171952,0.719016],[0.360435,-0.772794,0.522375]],[[0.426188,0.884991,0.187497],[-0.759508,0.237453,0.60561],[0.491437,-0.400509,0.773358]],[[0.426188,0.884991,0.187497],[-0.896395,0.385225,0.219268],[0.121822,-0.26152,0.957479]],[[0.426188,0.884991,0.187497],[-0.548001,0.417472,-0.724853],[-0.719763,0.206175,0.662898]]],"btipPosition":[24.4319,240.822,-28.3132],"carpPosition":[36.239,216.805,58.2109],"dipPosition":[7.63344,245.634,-12.8419],"direction":[-0.121822,0.261521,-0.957479],"extended":false,"handId":699,"id":6990,"length":51.9721,"mcpPosition":[36.239,216.805,58.2109],"pipPosition":[11.7755,236.742,19.7136],"stabilizedTipPosition":[-29.6124,277.117,217.538],"timeVisible":81.4096,"tipPosition":[20.0136,242.98,-24.9416],"tipVelocity":[195.915,65.8438,-335.521],"tool":false,"touchDistance":-0.766586,"touchZone":"hovering","type":0,"width":20.194},{"bases":[[[0.956148,-0.100986,-0.274922],[0.258666,0.731451,0.630929],[0.137377,-0.674375,0.725497]],[[0.93958,-0.0388949,-0.340113],[0.201611,0.865816,0.457948],[0.276664,-0.498849,0.821345]],[[0.93958,-0.0388949,-0.340113],[0.0815524,0.990352,0.112037],[0.332474,-0.133005,0.933687]],[[0.93958,-0.0388949,-0.340113],[-0.0164574,0.987244,-0.158364],[0.341934,0.154393,0.926954]]],"btipPosition":[14.253,306.511,-62.6317],"carpPosition":[50.0248,235.087,64.0833],"dipPosition":[20.079,309.142,-46.838],"direction":[-0.332474,0.133005,-0.933687],"extended":true,"handId":699,"id":6991,"length":58.6448,"mcpPosition":[39.946,284.563,10.8564],"pipPosition":[28.0928,305.936,-24.3328],"stabilizedTipPosition":[-70.5412,345.589,239.796],"timeVisible":81.4096,"tipPosition":[15.3176,305.59,-58.7523],"tipVelocity":[179.854,150.027,-322.375],"tool":false,"touchDistance":-0.855378,"touchZone":"hovering","type":1,"width":19.2893},{"bases":[[[0.907718,-0.314373,-0.27788],[0.419543,0.688864,0.591142],[0.00558226,-0.653173,0.757188]],[[0.906276,-0.280965,-0.315788],[0.0927605,0.861089,-0.499922],[0.412382,0.423775,0.806447]],[[0.906276,-0.280965,-0.315788],[-0.402441,-0.345122,-0.847899],[0.129245,0.895516,-0.425848]],[[0.906276,-0.280965,-0.315788],[-0.388913,-0.846909,-0.362618],[-0.16556,0.451446,-0.876805]]],"btipPosition":[41.2248,226.718,-1.54878],"carpPosition":[61.9976,235.498,61.3886],"dipPosition":[38.1222,235.179,-17.9801],"direction":[-0.129245,-0.895516,0.425848],"extended":false,"handId":699,"id":6992,"length":66.821,"mcpPosition":[61.6092,280.943,8.70733],"pipPosition":[41.7873,260.573,-30.0561],"stabilizedTipPosition":[-27.8601,253.162,155.33],"timeVisible":81.4096,"tipPosition":[40.7319,228.515,-4.5036],"tipVelocity":[179.546,106.631,-340.247],"tool":false,"touchDistance":0.333333,"touchZone":"none","type":2,"width":18.9446},{"bases":[[[0.864419,-0.458096,-0.207192],[0.483288,0.643471,0.593615],[-0.138611,-0.613265,0.77762]],[[0.870357,-0.426262,-0.246534],[0.238931,0.803344,-0.545482],[0.43057,0.415859,0.801044]],[[0.870357,-0.426262,-0.246534],[-0.409047,-0.347119,-0.843913],[0.274151,0.83535,-0.476478]],[[0.870357,-0.426262,-0.246534],[-0.489941,-0.799804,-0.346802],[-0.0493504,0.422629,-0.904958]]],"btipPosition":[56.2558,221.647,3.67002],"carpPosition":[73.4357,232.819,57.9123],"dipPosition":[55.3363,229.522,-13.1914],"direction":[-0.274151,-0.83535,0.476478],"extended":false,"handId":699,"id":6993,"length":64.2502,"mcpPosition":[82.0943,271.127,9.33696],"pipPosition":[62.9098,252.598,-26.3543],"stabilizedTipPosition":[-2.58548,240.773,119.634],"timeVisible":81.4096,"tipPosition":[56.007,223.463,0.0402473],"tipVelocity":[185.488,108.903,-314.592],"tool":false,"touchDistance":0.333333,"touchZone":"none","type":3,"width":18.027},{"bases":[[[0.750751,-0.625976,-0.211013],[0.597696,0.507661,0.620516],[-0.281305,-0.591975,0.755271]],[[0.758421,-0.60895,-0.23233],[0.426217,0.733064,-0.530054],[0.493089,0.302981,0.815515]],[[0.758421,-0.60895,-0.23233],[-0.453672,-0.2373,-0.858994],[0.467953,0.756881,-0.456237]],[[0.758421,-0.60895,-0.23233],[-0.648278,-0.667981,-0.365427],[0.0673346,0.427762,-0.90138]]],"btipPosition":[71.1857,225.138,3.9948],"carpPosition":[82.591,223.706,52.0316],"dipPosition":[72.3431,232.491,-11.4991],"direction":[-0.467953,-0.756881,0.456237],"extended":false,"handId":699,"id":6994,"length":50.3709,"mcpPosition":[98.8574,257.937,8.35831],"pipPosition":[81.4704,247.254,-20.3979],"stabilizedTipPosition":[18.0893,237.059,103.758],"timeVisible":81.4096,"tipPosition":[71.4101,226.703,0.953709],"tipVelocity":[181.337,120.782,-309.237],"tool":false,"touchDistance":0.333333,"touchZone":"none","type":4,"width":16.013}],"r":[[0.947387,-0.284813,0.146083],[0.279944,0.958535,0.0533138],[-0.15521,-0.00961389,0.987835]],"s":0.981876,"t":[25.2786,-24.9273,-135.514],"timestamp":523799558305},false],[1,{"currentFrameRate":110.608,"devices":[],"gestures":[{"direction":[0.370697,-0.106534,-0.922624],"duration":162963,"handIds":[699],"id":16,"pointableIds":[6991],"position":[9.6641,301.611,-49.0729],"speed":305.73,"startPosition":[-65.1144,352.983,187.919],"state":"update","type":"swipe"}],"hands":[{"armBasis":[[0.909993,-0.0854582,-0.405721],[0.271606,0.862212,0.427576],[0.313277,-0.499287,0.807818]],"armWidth":63.5437,"confidence":0.667379,"direction":[0.0624135,0.753301,-0.654707],"elbow":[152.129,85.5814,274.877],"grabStrength":0,"id":699,"palmNormal":[-0.268337,-0.619167,-0.737989],"palmPosition":[62.6757,259.6,20.1772],"palmVelocity":[139.108,100.993,-263.924],"palmWidth":90.7382,"pinchStrength":0.817256,"r":[[0.948308,-0.279,0.15123],[0.273471,0.960212,0.0566299],[-0.161013,-0.0123456,0.986875]],"s":0.983134,"sphereCenter":[41.9778,250.196,-20.3381],"sphereRadius":44.561,"stabilizedPalmPosition":[-2.37161,280.913,189.877],"t":[26.3717,-23.9515,-137.407],"timeVisible":81.4187,"type":"right","wrist":[67.7782,220.016,57.3701]}],"id":4286564,"interactionBox":{"center":[0,200,0],"size":[235.247,235.247,147.751]},"pointables":[{"bases":[[[0.639011,0.611565,0.466533],[-0.678003,0.16137,0.717127],[0.363285,-0.774563,0.51776]],[[0.418243,0.886973,0.195836],[-0.764248,0.227101,0.603614],[0.490915,-0.402125,0.772851]],[[0.418243,0.886973,0.195836],[-0.900532,0.376699,0.217119],[0.118808,-0.267165,0.956299]],[[0.418243,0.886973,0.195836],[-0.550545,0.419021,-0.722026],[-0.722477,0.194166,0.663571]]],"btipPosition":[25.7309,241.651,-30.1704],"carpPosition":[37.3462,217.081,56.304],"dipPosition":[8.86912,246.182,-14.6834],"direction":[-0.118808,0.267165,-0.956299],"extended":false,"handId":699,"id":6990,"length":51.9721,"mcpPosition":[37.3462,217.081,56.304],"pipPosition":[12.9087,237.098,17.8319],"stabilizedTipPosition":[-28.7968,276.572,213.669],"timeVisible":81.4187,"tipPosition":[21.3379,243.719,-26.7485],"tipVelocity":[180.981,70.9541,-299.396],"tool":false,"touchDistance":-0.746065,"touchZone":"hovering","type":0,"width":20.194},{"bases":[[[0.958134,-0.0921138,-0.2711],[0.250552,0.727998,0.638155],[0.138577,-0.679363,0.720599]],[[0.941568,-0.0299712,-0.335487],[0.19324,0.863874,0.465166],[0.275877,-0.502815,0.819188]],[[0.941568,-0.0299712,-0.335487],[0.0746409,0.989835,0.121057],[0.328449,-0.139024,0.934234]],[[0.941568,-0.0299712,-0.335487],[-0.0215001,0.988654,-0.148664],[0.336136,0.14719,0.930241]]],"btipPosition":[15.346,307.636,-63.9394],"carpPosition":[50.9763,235.409,62.393],"dipPosition":[21.0732,310.144,-48.0897],"direction":[-0.328449,0.139024,-0.934234],"extended":true,"handId":699,"id":6991,"length":58.6448,"mcpPosition":[40.8095,285.251,9.52551],"pipPosition":[28.99,306.793,-25.5714],"stabilizedTipPosition":[-69.5975,345.185,236.549],"timeVisible":81.4187,"tipPosition":[16.3948,306.728,-60.0543],"tipVelocity":[162.827,142.049,-272.849],"tool":false,"touchDistance":-0.817596,"touchZone":"hovering","type":1,"width":19.2893},{"bases":[[[0.911201,-0.305799,-0.276043],[0.41191,0.686853,0.598801],[0.00648808,-0.659333,0.751823]],[[0.909722,-0.272251,-0.313506],[0.0870069,0.863266,-0.497193],[0.406,0.42503,0.80902]],[[0.909722,-0.272251,-0.313506],[-0.396619,-0.346318,-0.850151],[0.122882,0.897743,-0.423033]],[[0.909722,-0.272251,-0.313506],[-0.380727,-0.848232,-0.36817],[-0.165691,0.454293,-0.875308]]],"btipPosition":[42.6126,227.397,-3.03575],"carpPosition":[62.9588,235.925,59.7599],"dipPosition":[39.5076,235.91,-19.439],"direction":[-0.122882,-0.897743,0.423033],"extended":false,"handId":699,"id":6992,"length":66.821,"mcpPosition":[62.5074,281.798,7.45189],"pipPosition":[42.9922,261.368,-31.4353],"stabilizedTipPosition":[-26.8396,252.814,152.959],"timeVisible":81.4187,"tipPosition":[42.0795,229.267,-6.15839],"tipVelocity":[172.264,98.2395,-291.446],"tool":false,"touchDistance":0.333333,"touchZone":"none","type":2,"width":18.9446},{"bases":[[[0.868563,-0.450394,-0.206747],[0.475956,0.641881,0.60121],[-0.138075,-0.620591,0.771882]],[[0.874466,-0.418211,-0.24578],[0.23601,0.809463,-0.537651],[0.423802,0.412152,0.80655]],[[0.874466,-0.418211,-0.24578],[-0.402539,-0.342887,-0.848758],[0.270685,0.841147,-0.46819]],[[0.874466,-0.418211,-0.24578],[-0.482708,-0.800325,-0.35563],[-0.0479756,0.429626,-0.901732]]],"btipPosition":[57.5901,222.514,1.89896],"carpPosition":[74.4318,233.353,56.3172],"dipPosition":[56.6962,230.519,-14.9024],"direction":[-0.270685,-0.841147,0.46819],"extended":false,"handId":699,"id":6993,"length":64.2502,"mcpPosition":[83.0568,272.119,8.10034],"pipPosition":[64.174,253.755,-27.8363],"stabilizedTipPosition":[-1.21929,240.399,116.863],"timeVisible":81.4187,"tipPosition":[57.3464,224.356,-1.71796],"tipVelocity":[175.131,106.166,-281.307],"tool":false,"touchDistance":0.333333,"touchZone":"none","type":3,"width":18.027},{"bases":[[[0.756083,-0.619018,-0.212496],[0.591174,0.506648,0.627551],[-0.280805,-0.600103,0.749016]],[[0.763219,-0.602993,-0.232156],[0.424983,0.73911,-0.522595],[0.48671,0.300192,0.820365]],[[0.763219,-0.602993,-0.232156],[-0.447438,-0.234009,-0.863156],[0.466151,0.762653,-0.448402]],[[0.763219,-0.602993,-0.232156],[-0.642336,-0.669127,-0.37373],[0.0700144,0.43436,-0.898014]]],"btipPosition":[72.458,226.127,2.3497],"carpPosition":[83.6782,224.353,50.4065],"dipPosition":[73.6615,233.593,-13.0864],"direction":[-0.466151,-0.762653,0.448402],"extended":false,"handId":699,"id":6994,"length":50.3709,"mcpPosition":[99.9157,259.054,7.09486],"pipPosition":[82.7536,248.468,-21.8323],"stabilizedTipPosition":[19.488,236.823,101.071],"timeVisible":81.4187,"tipPosition":[72.7045,227.709,-0.702478],"tipVelocity":[170.381,118.372,-273.607],"tool":false,"touchDistance":0.333333,"touchZone":"none","type":4,"width":16.013}],"r":[[0.948308,-0.279,0.15123],[0.273471,0.960212,0.0566299],[-0.161013,-0.0123456,0.986875]],"s":0.983134,"t":[26.3717,-23.9515,-137.407],"timestamp":523799567362},false],[2,{"currentFrameRate":110.64,"devices":[],"gestures":[{"direction":[0.370697,-0.106534,-0.922624],"duration":162963,"handIds":[699],"id":16,"pointableIds":[6991],"position":[9.6641,301.611,-49.0729],"speed":305.73,"startPosition":[-65.1144,352.983,187.919],"state":"stop","type":"swipe"}],"hands":[{"armBasis":[[0.917331,-0.0767108,-0.390665],[0.259282,0.859748,0.440008],[0.30212,-0.504925,0.808563]],"armWidth":63.5437,"confidence":0.65675,"direction":[0.0637323,0.762595,-0.643728],"elbow":[149.863,84.9943,272.983],"grabStrength":0,"id":699,"palmNormal":[-0.254534,-0.611285,-0.749362],"palmPosition":[63.5168,260.988,18.5609],"palmVelocity":[126.64,115.675,-240.898],"palmWidth":90.7382,"pinchStrength":0.808635,"r":[[0.949085,-0.273202,0.156837],[0.266537,0.961797,0.0624817],[-0.167915,-0.0174978,0.985646]],"s":0.984568,"sphereCenter":[43.5408,251.867,-22.4017],"sphereRadius":44.5713,"stabilizedPalmPosition":[-1.63347,280.69,187.958],"t":[27.3387,-22.7695,-139.162],"timeVisible":81.4277,"type":"right","wrist":[68.5166,220.947,55.2749]}],"id":4286565,"interactionBox":{"center":[0,200,0],"size":[235.247,235.247,147.751]},"pointables":[{"bases":[[[0.628396,0.610406,0.482206],[-0.687636,0.146063,0.711211],[0.363695,-0.778505,0.511523]],[[0.407422,0.888421,0.21146],[-0.772242,0.211554,0.599072],[0.487494,-0.407373,0.772267]],[[0.407422,0.888421,0.21146],[-0.906342,0.364951,0.212965],[0.11203,-0.278422,0.953903]],[[0.407422,0.888421,0.21146],[-0.558761,0.425654,-0.711761],[-0.722353,0.171832,0.669836]]],"btipPosition":[26.9072,243.512,-32.6985],"carpPosition":[38.1247,217.777,53.8117],"dipPosition":[10.0484,247.522,-17.0653],"direction":[-0.11203,0.278422,-0.953903],"extended":false,"handId":699,"id":6990,"length":51.9721,"mcpPosition":[38.1247,217.777,53.8117],"pipPosition":[13.8575,238.056,15.3686],"stabilizedTipPosition":[-27.908,276.021,209.505],"timeVisible":81.4277,"tipPosition":[22.6747,245.346,-29.1518],"tipVelocity":[167.287,104.644,-293.444],"tool":false,"touchDistance":-0.737209,"touchZone":"hovering","type":0,"width":20.194},{"bases":[[[0.961963,-0.080564,-0.261029],[0.237004,0.72131,0.6508],[0.135852,-0.68791,0.712968]],[[0.945859,-0.0184061,-0.324056],[0.179987,0.860572,0.476467],[0.270104,-0.508996,0.817292]],[[0.945859,-0.0184061,-0.324056],[0.0653037,0.988766,0.134448],[0.317941,-0.148331,0.936435]],[[0.945859,-0.0184061,-0.324056],[-0.0268214,0.990544,-0.134549],[0.323468,0.135956,0.936421]]],"btipPosition":[16.8153,309.667,-65.543],"carpPosition":[51.5292,236.132,60.3067],"dipPosition":[22.3266,311.984,-49.588],"direction":[-0.317941,0.148331,-0.936435],"extended":true,"handId":699,"id":6991,"length":58.6448,"mcpPosition":[41.5623,286.601,7.99903],"pipPosition":[29.9901,308.408,-27.0166],"stabilizedTipPosition":[-68.2572,344.65,231.987],"timeVisible":81.4277,"tipPosition":[17.8215,308.83,-61.6333],"tipVelocity":[161.513,163.735,-246.249],"tool":false,"touchDistance":-0.787861,"touchZone":"hovering","type":1,"width":19.2893},{"bases":[[[0.916881,-0.29454,-0.269399],[0.399148,0.682028,0.612796],[0.00324507,-0.669391,0.742903]],[[0.915559,-0.260524,-0.306397],[0.0856754,0.870687,-0.484319],[0.392953,0.417171,0.819485]],[[0.915559,-0.260524,-0.306397],[-0.383744,-0.337844,-0.859419],[0.120385,0.904427,-0.409291]],[[0.915559,-0.260524,-0.306397],[-0.369331,-0.846205,-0.3841],[-0.159208,0.464828,-0.87097]]],"btipPosition":[43.9927,228.944,-5.32726],"carpPosition":[63.5368,236.782,57.8219],"dipPosition":[41.0092,237.655,-21.6492],"direction":[-0.120385,-0.904427,0.409291],"extended":false,"handId":699,"id":6992,"length":66.821,"mcpPosition":[63.3111,283.355,6.13442],"pipPosition":[44.423,263.302,-33.2558],"stabilizedTipPosition":[-25.6585,252.446,150.23],"timeVisible":81.4277,"tipPosition":[43.4799,230.851,-8.43336],"tipVelocity":[168.009,119.919,-280.91],"tool":false,"touchDistance":0.333333,"touchZone":"none","type":2,"width":18.9446},{"bases":[[[0.874649,-0.440407,-0.202562],[0.463535,0.637555,0.615352],[-0.141861,-0.632112,0.761781]],[[0.880735,-0.407667,-0.241067],[0.234799,0.817888,-0.525289],[0.411309,0.406038,0.816063]],[[0.880735,-0.407667,-0.241067],[-0.390215,-0.336163,-0.857162],[0.268399,0.849001,-0.455148]],[[0.880735,-0.407667,-0.241067],[-0.471743,-0.800265,-0.370181],[-0.0420073,0.439753,-0.897136]]],"btipPosition":[58.9736,224.098,-0.176984],"carpPosition":[75.0702,234.351,54.48],"dipPosition":[58.1909,232.292,-16.8927],"direction":[-0.268399,-0.849001,0.455148],"extended":false,"handId":699,"id":6993,"length":64.2502,"mcpPosition":[83.9318,273.837,6.89414],"pipPosition":[65.6055,255.746,-29.4663],"stabilizedTipPosition":[0.320646,240.03,113.761],"timeVisible":81.4277,"tipPosition":[58.749,225.989,-3.82096],"tipVelocity":[170.122,126.741,-266.942],"tool":false,"touchDistance":0.333333,"touchZone":"none","type":3,"width":18.027},{"bases":[[[0.763658,-0.609855,-0.211904],[0.579566,0.502927,0.641223],[-0.284481,-0.612488,0.737516]],[[0.770233,-0.595058,-0.229452],[0.426612,0.748157,-0.508196],[0.474072,0.293542,0.830114]],[[0.770233,-0.595058,-0.229452],[-0.434716,-0.226608,-0.871591],[0.466651,0.771074,-0.433222]],[[0.770233,-0.595058,-0.229452],[-0.632902,-0.668844,-0.389977],[0.0785917,0.445594,-0.891779]]],"btipPosition":[73.7406,227.875,0.418998],"carpPosition":[84.4598,225.508,48.5578],"dipPosition":[75.0916,235.535,-14.9099],"direction":[-0.466651,-0.771074,0.433222],"extended":false,"handId":699,"id":6994,"length":50.3709,"mcpPosition":[100.91,260.925,5.9112],"pipPosition":[84.1934,250.574,-23.3597],"stabilizedTipPosition":[21.0812,236.613,98.0296],"timeVisible":81.4277,"tipPosition":[74.0323,229.489,-2.63336],"tipVelocity":[163.85,140.636,-256.769],"tool":false,"touchDistance":0.333333,"touchZone":"none","type":4,"width":16.013}],"r":[[0.949085,-0.273202,0.156837],[0.266537,0.961797,0.0624817],[-0.167915,-0.0174978,0.985646]],"s":0.984568,"t":[27.3387,-22.7695,-139.162],"timestamp":523799576345},false],[3,{"currentFrameRate":101.265,"devices":[],"gestures":[],"hands":[{"armBasis":[[0.92153,-0.0748881,-0.381017],[0.241493,0.878915,0.411327],[0.304078,-0.471063,0.828031]],"armWidth":63.5437,"confidence":0.742189,"direction":[0.0604435,0.762193,-0.644522],"elbow":[153.07,96.6537,273.84],"grabStrength":0,"id":699,"palmNormal":[-0.238094,-0.616055,-0.750857],"palmPosition":[66.0567,263.391,14.0442],"palmVelocity":[106.071,98.7749,-194.581],"palmWidth":90.7382,"pinchStrength":0.799867,"r":[[0.950017,-0.265952,0.163514],[0.258207,0.963741,0.0673224],[-0.17549,-0.0217369,0.984241]],"s":0.986173,"sphereCenter":[46.8179,253.855,-27.1755],"sphereRadius":44.5696,"stabilizedPalmPosition":[2.10646,279.734,178.349],"t":[29.0922,-20.9772,-142.298],"timeVisible":81.4548,"type":"right","wrist":[71.1962,223.489,50.8904]}],"id":4286566,"interactionBox":{"center":[0,200,0],"size":[235.247,235.247,147.751]},"pointables":[{"bases":[[[0.61482,0.619732,0.487779],[-0.697245,0.138078,0.703409],[0.368573,-0.772572,0.516998]],[[0.391027,0.895683,0.211779],[-0.782204,0.202145,0.589317],[0.485031,-0.396094,0.77965]],[[0.391027,0.895683,0.211779],[-0.914303,0.351627,0.201018],[0.105581,-0.272234,0.956421]],[[0.391027,0.895683,0.211779],[-0.574825,0.417368,-0.703832],[-0.7188,0.153481,0.678063]]],"btipPosition":[29.9091,245.297,-38.0518],"carpPosition":[40.8676,219.906,49.1035],"dipPosition":[13.1331,248.879,-22.2266],"direction":[-0.105581,0.272234,-0.956421],"extended":false,"handId":699,"id":6990,"length":51.9721,"mcpPosition":[40.8676,219.906,49.1035],"pipPosition":[16.723,239.623,10.2929],"stabilizedTipPosition":[-24.6348,274.207,194.709],"timeVisible":81.4548,"tipPosition":[25.8184,246.942,-34.3091],"tipVelocity":[132.481,78.2392,-232.621],"tool":false,"touchDistance":-0.771458,"touchZone":"hovering","type":0,"width":20.194},{"bases":[[[0.965747,-0.0680449,-0.250406],[0.220155,0.725651,0.651891],[0.137349,-0.68469,0.715776]],[[0.949691,-0.00684114,-0.313113],[0.162627,0.865182,0.474355],[0.267654,-0.501412,0.822768]],[[0.949691,-0.00684114,-0.313113],[0.0511143,0.989742,0.133408],[0.308988,-0.142701,0.940299]],[[0.949691,-0.00684114,-0.313113],[-0.0371103,0.99026,-0.134194],[0.310981,0.139063,0.940187]]],"btipPosition":[19.6615,311.238,-70.7406],"carpPosition":[53.9518,238.452,55.7069],"dipPosition":[24.9601,313.607,-54.7214],"direction":[-0.308988,0.142701,-0.940299],"extended":true,"handId":699,"id":6991,"length":58.6448,"mcpPosition":[43.875,288.685,3.19336],"pipPosition":[32.4078,310.167,-32.0569],"stabilizedTipPosition":[-62.2532,342.436,211.845],"timeVisible":81.4548,"tipPosition":[20.6342,310.509,-66.7985],"tipVelocity":[125.183,98.2836,-211.827],"tool":false,"touchDistance":-0.81515,"touchZone":"hovering","type":1,"width":19.2893},{"bases":[[[0.923648,-0.282626,-0.258838],[0.383219,0.688492,0.615729],[0.00418706,-0.667908,0.744232]],[[0.922275,-0.248769,-0.295841],[0.0795045,0.871093,-0.48464],[0.378268,0.423451,0.823166]],[[0.922275,-0.248769,-0.295841],[-0.369675,-0.344109,-0.863093],[0.112909,0.905374,-0.409327]],[[0.922275,-0.248769,-0.295841],[-0.353759,-0.851668,-0.386674],[-0.155765,0.461276,-0.873477]]],"btipPosition":[47.2195,231.057,-10.0191],"carpPosition":[65.9759,239.26,53.3514],"dipPosition":[44.3005,239.701,-26.388],"direction":[-0.112909,-0.905374,0.409327],"extended":false,"handId":699,"id":6992,"length":66.821,"mcpPosition":[65.6846,285.729,1.57153],"pipPosition":[47.5023,265.375,-37.9956],"stabilizedTipPosition":[-20.2447,250.991,137.933],"timeVisible":81.4548,"tipPosition":[46.7134,232.949,-13.1435],"tipVelocity":[137.798,93.4112,-214.011],"tool":false,"touchDistance":0.333333,"touchZone":"none","type":2,"width":18.9446},{"bases":[[[0.882663,-0.428925,-0.192172],[0.448168,0.644898,0.619073],[-0.141605,-0.632558,0.761458]],[[0.888723,-0.396194,-0.230656],[0.228861,0.819366,-0.525606],[0.397233,0.41433,0.818863]],[[0.888723,-0.396194,-0.230656],[-0.37672,-0.344414,-0.859919],[0.261254,0.851122,-0.455343]],[[0.888723,-0.396194,-0.230656],[-0.456772,-0.808189,-0.37174],[-0.0391322,0.435731,-0.899226]]],"btipPosition":[62.2351,226.401,-4.5774],"carpPosition":[77.5767,236.979,50.1399],"dipPosition":[61.506,234.519,-21.332],"direction":[-0.261254,-0.851122,0.455343],"extended":false,"handId":699,"id":6993,"length":64.2502,"mcpPosition":[86.4223,276.493,2.57415],"pipPosition":[68.7232,258.032,-33.9111],"stabilizedTipPosition":[7.02626,238.752,100.492],"timeVisible":81.4548,"tipPosition":[62.0174,228.28,-8.27525],"tipVelocity":[139.335,100.292,-202.012],"tool":false,"touchDistance":0.333333,"touchZone":"none","type":3,"width":18.027},{"bases":[[[0.774076,-0.599874,-0.202379],[0.565716,0.511898,0.646472],[-0.284204,-0.614907,0.735606]],[[0.779565,-0.58755,-0.216942],[0.425082,0.750719,-0.505694],[0.459982,0.302003,0.834991]],[[0.779565,-0.58755,-0.216942],[-0.420897,-0.234945,-0.876154],[0.463815,0.77433,-0.430453]],[[0.779565,-0.58755,-0.216942],[-0.6205,-0.677394,-0.395117],[0.085196,0.442632,-0.892647]]],"btipPosition":[76.8521,230.449,-3.90183],"carpPosition":[87.1486,228.252,44.3377],"dipPosition":[78.3165,238.057,-19.2456],"direction":[-0.463815,-0.77433,0.430453],"extended":false,"handId":699,"id":6994,"length":50.3709,"mcpPosition":[103.583,263.809,1.80145],"pipPosition":[87.3631,253.16,-27.6415],"stabilizedTipPosition":[28.0397,236.066,84.9502],"timeVisible":81.4548,"tipPosition":[77.1912,232.039,-6.98768],"tipVelocity":[133.842,111.881,-196.208],"tool":false,"touchDistance":0.333333,"touchZone":"none","type":4,"width":16.013}],"r":[[0.950017,-0.265952,0.163514],[0.258207,0.963741,0.0673224],[-0.17549,-0.0217369,0.984241]],"s":0.986173,"t":[29.0922,-20.9772,-142.298],"timestamp":523799603512},false],[4,{"currentFrameRate":101.701,"devices":[],"gestures":[],"hands":[{"armBasis":[[0.922468,-0.0734606,-0.37902],[0.24166,0.875489,0.418473],[0.301087,-0.477622,0.825363]],"armWidth":63.5437,"confidence":0.70125,"direction":[0.0600213,0.760892,-0.646097],"elbow":[152.9,95.6946,272.346],"grabStrength":0,"id":699,"palmNormal":[-0.237987,-0.617691,-0.749547],"palmPosition":[66.6695,264.12,13.1878],"palmVelocity":[95.6616,93.9127,-167.314],"palmWidth":90.7382,"pinchStrength":0.798006,"r":[[0.950707,-0.260019,0.168954],[0.251434,0.965286,0.070742],[-0.181483,-0.0247741,0.983082]],"s":0.987452,"sphereCenter":[47.455,254.484,-28.0177],"sphereRadius":44.5707,"stabilizedPalmPosition":[3.51966,279.392,174.734],"t":[30.2754,-19.7165,-144.294],"timeVisible":81.4638,"type":"right","wrist":[71.8317,224.296,50.1148]}],"id":4286567,"interactionBox":{"center":[0,200,0],"size":[235.247,235.247,147.751]},"pointables":[{"bases":[[[0.614663,0.620977,0.486392],[-0.69717,0.139245,0.703253],[0.368976,-0.771362,0.518515]],[[0.390187,0.896637,0.209277],[-0.782391,0.203054,0.588755],[0.485405,-0.393461,0.78075]],[[0.390187,0.896637,0.209277],[-0.914623,0.351304,0.200126],[0.10592,-0.269496,0.957159]],[[0.390187,0.896637,0.209277],[-0.578741,0.415617,-0.701656],[-0.71611,0.15266,0.681089]]],"btipPosition":[30.4527,245.883,-38.9647],"carpPosition":[41.5042,220.697,48.341],"dipPosition":[13.7396,249.446,-23.0689],"direction":[-0.10592,0.269496,-0.957159],"extended":false,"handId":699,"id":6990,"length":51.9721,"mcpPosition":[41.5042,220.697,48.341],"pipPosition":[17.341,240.283,9.47566],"stabilizedTipPosition":[-23.5113,273.604,189.666],"timeVisible":81.4638,"tipPosition":[26.4036,247.507,-35.1776],"tipVelocity":[113.155,74.5179,-196.145],"tool":false,"touchDistance":-0.736097,"touchZone":"hovering","type":0,"width":20.194},{"bases":[[[0.965728,-0.0681748,-0.250444],[0.219986,0.727076,0.650359],[0.137754,-0.683164,0.717154]],[[0.949688,-0.00726507,-0.313113],[0.162282,0.866476,0.472105],[0.267876,-0.499165,0.824061]],[[0.949688,-0.00726507,-0.313113],[0.0510295,0.989961,0.131805],[0.309013,-0.141152,0.940525]],[[0.949688,-0.00726507,-0.313113],[-0.0369486,0.990151,-0.135041],[0.311011,0.139816,0.940066]]],"btipPosition":[20.2517,311.789,-71.7036],"carpPosition":[54.5822,239.262,54.9039],"dipPosition":[25.5508,314.171,-55.6865],"direction":[-0.309013,0.141152,-0.940525],"extended":true,"handId":699,"id":6991,"length":58.6448,"mcpPosition":[44.4758,289.383,2.28913],"pipPosition":[32.9991,310.769,-33.0165],"stabilizedTipPosition":[-60.1287,341.672,204.743],"timeVisible":81.4638,"tipPosition":[21.2244,311.08,-67.7564],"tipVelocity":[108.841,88.2271,-183.094],"tool":false,"touchDistance":-0.776421,"touchZone":"hovering","type":1,"width":19.2893},{"bases":[[[0.923713,-0.282789,-0.258428],[0.383058,0.689907,0.614243],[0.00459009,-0.666377,0.745601]],[[0.922321,-0.24902,-0.295489],[0.0790751,0.870117,-0.48646],[0.378248,0.425307,0.822218]],[[0.922321,-0.24902,-0.295489],[-0.369696,-0.346073,-0.862298],[0.112468,0.904556,-0.411252]],[[0.922321,-0.24902,-0.295489],[-0.353486,-0.852623,-0.384813],[-0.156115,0.459372,-0.874417]]],"btipPosition":[47.8412,231.73,-10.8035],"carpPosition":[66.6056,240.07,52.5444],"dipPosition":[44.9156,240.338,-27.1901],"direction":[-0.112468,-0.904556,0.411252],"extended":false,"handId":699,"id":6992,"length":66.821,"mcpPosition":[66.2862,286.433,0.66933],"pipPosition":[48.105,265.989,-38.8522],"stabilizedTipPosition":[-18.2897,250.49,133.51],"timeVisible":81.4638,"tipPosition":[47.3329,233.615,-13.9354],"tipVelocity":[118.906,88.0578,-179.338],"tool":false,"touchDistance":0.333333,"touchZone":"none","type":2,"width":18.9446},{"bases":[[[0.882798,-0.428968,-0.191454],[0.448025,0.646346,0.617665],[-0.141213,-0.631049,0.762781]],[[0.888838,-0.396312,-0.230007],[0.22829,0.818223,-0.527632],[0.397304,0.416471,0.817742]],[[0.888838,-0.396312,-0.230007],[-0.376843,-0.34666,-0.858962],[0.260683,0.850155,-0.457472]],[[0.888838,-0.396312,-0.230007],[-0.456497,-0.809359,-0.369524],[-0.0397111,0.433445,-0.900305]]],"btipPosition":[62.864,227.088,-5.3356],"carpPosition":[78.2067,237.787,49.3355],"dipPosition":[62.1241,235.164,-22.1103],"direction":[-0.260683,-0.850155,0.457472],"extended":false,"handId":699,"id":6993,"length":64.2502,"mcpPosition":[87.0278,277.206,1.68708],"pipPosition":[69.3255,258.65,-34.7482],"stabilizedTipPosition":[9.36033,238.341,95.8926],"timeVisible":81.4638,"tipPosition":[62.6432,228.959,-9.04862],"tipVelocity":[120.212,93.4467,-169.85],"tool":false,"touchDistance":0.333333,"touchZone":"none","type":3,"width":18.027},{"bases":[[[0.774277,-0.599981,-0.20129],[0.565631,0.51345,0.645315],[-0.283824,-0.613509,0.73692]],[[0.7794,-0.588518,-0.2149],[0.425674,0.749092,-0.507606],[0.459715,0.304151,0.834359]],[[0.7794,-0.588518,-0.2149],[-0.420608,-0.237277,-0.875665],[0.464354,0.772881,-0.432469]],[[0.7794,-0.588518,-0.2149],[-0.620626,-0.678259,-0.39343],[0.0857832,0.440012,-0.893885]]],"btipPosition":[77.4513,231.165,-4.68311],"carpPosition":[87.7811,229.052,43.5494],"dipPosition":[78.9259,238.729,-20.0482],"direction":[-0.464354,-0.772881,0.432469],"extended":false,"handId":699,"id":6994,"length":50.3709,"mcpPosition":[104.193,264.528,0.93725],"pipPosition":[87.9829,253.803,-28.4834],"stabilizedTipPosition":[30.4281,235.914,80.4775],"timeVisible":81.4638,"tipPosition":[77.8007,232.742,-7.78458],"tipVelocity":[115.467,102.719,-166.351],"tool":false,"touchDistance":0.333333,"touchZone":"none","type":4,"width":16.013}],"r":[[0.950707,-0.260019,0.168954],[0.251434,0.965286,0.070742],[-0.181483,-0.0247741,0.983082]],"s":0.987452,"t":[30.2754,-19.7165,-144.294],"timestamp":523799612506},false],[5,{"currentFrameRate":101.977,"devices":[],"gestures":[],"hands":[{"armBasis":[[0.923383,-0.0698365,-0.377473],[0.240567,0.87155,0.427234],[0.29915,-0.485308,0.821575]],"armWidth":63.5437,"confidence":0.640335,"direction":[0.0575898,0.759372,-0.648103],"elbow":[153.162,94.5151,270.545],"grabStrength":0,"id":699,"palmNormal":[-0.237285,-0.620165,-0.747724],"palmPosition":[67.3228,264.903,12.3102],"palmVelocity":[88.5458,91.2333,-146.824],"palmWidth":90.7382,"pinchStrength":0.779947,"r":[[0.95136,-0.254745,0.173261],[0.245559,0.966637,0.0729017],[-0.186052,-0.0268101,0.982174]],"s":0.989348,"sphereCenter":[48.214,255.076,-28.8797],"sphereRadius":44.5807,"stabilizedPalmPosition":[5.25005,278.999,170.329],"t":[31.1936,-18.6946,-145.73],"timeVisible":81.4731,"type":"right","wrist":[72.6153,225.186,49.3339]}],"id":4286568,"interactionBox":{"center":[0,200,0],"size":[235.247,235.247,147.751]},"pointables":[{"bases":[[[0.613689,0.62366,0.484183],[-0.696792,0.139411,0.703595],[0.371304,-0.769163,0.520117]],[[0.387575,0.898576,0.205783],[-0.782634,0.202789,0.588524],[0.487103,-0.38915,0.781853]],[[0.387575,0.898576,0.205783],[-0.915302,0.348579,0.201781],[0.109584,-0.266558,0.957569]],[[0.387575,0.898576,0.205783],[-0.598126,0.41499,-0.685586],[-0.701449,0.142632,0.698302]]],"btipPosition":[30.6918,246.617,-40.1766],"carpPosition":[42.2945,221.511,47.5997],"dipPosition":[14.3208,249.946,-23.879],"direction":[-0.109584,0.266558,-0.957569],"extended":false,"handId":699,"id":6990,"length":51.9721,"mcpPosition":[42.2945,221.511,47.5997],"pipPosition":[18.0468,240.883,8.67951],"stabilizedTipPosition":[-22.3181,272.984,184.317],"timeVisible":81.4731,"tipPosition":[26.8444,248.068,-36.1803],"tipVelocity":[90.9238,74.176,-174.876],"tool":false,"touchDistance":-0.707612,"touchZone":"hovering","type":0,"width":20.194},{"bases":[[[0.965634,-0.0665519,-0.251239],[0.218929,0.729253,0.648274],[0.140073,-0.681,0.718762]],[[0.949495,-0.00616147,-0.313723],[0.160544,0.868573,0.468835],[0.269603,-0.495523,0.825695]],[[0.949495,-0.00616147,-0.313723],[0.0494708,0.990243,0.130277],[0.309859,-0.139217,0.940535]],[[0.949495,-0.00616147,-0.313723],[-0.038134,0.990131,-0.13486],[0.311458,0.140012,0.939889]]],"btipPosition":[20.7328,312.286,-72.6907],"carpPosition":[55.3355,240.124,54.1019],"dipPosition":[26.0395,314.672,-56.6766],"direction":[-0.309859,0.139217,-0.940535],"extended":true,"handId":699,"id":6991,"length":58.6448,"mcpPosition":[45.0589,290.086,1.36923],"pipPosition":[33.5082,311.316,-34.0064],"stabilizedTipPosition":[-57.7888,340.85,196.939],"timeVisible":81.4731,"tipPosition":[21.7093,311.606,-68.7356],"tipVelocity":[92.8386,78.4841,-161.505],"tool":false,"touchDistance":-0.741929,"touchZone":"hovering","type":1,"width":19.2893},{"bases":[[[0.924115,-0.281284,-0.258631],[0.382051,0.692375,0.612089],[0.00689896,-0.664452,0.747299]],[[0.922611,-0.24766,-0.295727],[0.0747186,0.866886,-0.492875],[0.378427,0.432636,0.818303]],[[0.922611,-0.24766,-0.295727],[-0.370375,-0.354605,-0.858532],[0.107758,0.901621,-0.418889]],[[0.922611,-0.24766,-0.295727],[-0.35117,-0.85648,-0.378314],[-0.159591,0.452887,-0.877168]]],"btipPosition":[48.6197,232.332,-11.2814],"carpPosition":[67.3546,240.953,51.7284],"dipPosition":[45.629,240.819,-27.7196],"direction":[-0.107758,-0.901621,0.418889],"extended":false,"handId":699,"id":6992,"length":66.821,"mcpPosition":[66.8746,287.183,-0.264929],"pipPosition":[48.6847,266.387,-39.5983],"stabilizedTipPosition":[-15.9126,249.908,128.177],"timeVisible":81.4731,"tipPosition":[48.0609,234.236,-14.581],"tipVelocity":[108.591,80.6944,-143.685],"tool":false,"touchDistance":0.333333,"touchZone":"none","type":2,"width":18.9446},{"bases":[[[0.883611,-0.427386,-0.191242],[0.447124,0.648975,0.615558],[-0.138969,-0.629422,0.764536]],[[0.889534,-0.394827,-0.229871],[0.225732,0.817262,-0.530214],[0.397208,0.419755,0.816108]],[[0.889534,-0.394827,-0.229871],[-0.376975,-0.350054,-0.857527],[0.258107,0.849455,-0.460225]],[[0.889534,-0.394827,-0.229871],[-0.454944,-0.811633,-0.366439],[-0.0418914,0.430538,-0.9016]]],"btipPosition":[63.591,227.816,-6.09413],"carpPosition":[78.9578,238.69,48.5136],"dipPosition":[62.8105,235.838,-22.893],"direction":[-0.258107,-0.849455,0.460225],"extended":false,"handId":699,"id":6993,"length":64.2502,"mcpPosition":[87.6387,278.007,0.755595],"pipPosition":[69.9408,259.305,-35.6069],"stabilizedTipPosition":[12.0381,237.911,90.6486],"timeVisible":81.4731,"tipPosition":[63.3604,229.675,-9.82324],"tipVelocity":[108.136,88.8618,-145.199],"tool":false,"touchDistance":0.333333,"touchZone":"none","type":3,"width":18.027},{"bases":[[[0.775482,-0.598677,-0.200532],[0.565069,0.516426,0.643429],[-0.281647,-0.612282,0.738773]],[[0.779488,-0.589728,-0.211232],[0.426448,0.746577,-0.510652],[0.458847,0.307967,0.833436]],[[0.779488,-0.589728,-0.211232],[-0.41971,-0.241356,-0.87498],[0.465018,0.770693,-0.435649]],[[0.779488,-0.589728,-0.211232],[-0.620371,-0.680015,-0.390793],[0.0868209,0.435661,-0.895914]]],"btipPosition":[78.091,231.988,-5.46996],"carpPosition":[88.5468,229.963,42.7403],"dipPosition":[79.5834,239.476,-20.8699],"direction":[-0.465018,-0.770693,0.435649],"extended":false,"handId":699,"id":6994,"length":50.3709,"mcpPosition":[104.833,265.368,0.0209701],"pipPosition":[88.6534,254.508,-29.3671],"stabilizedTipPosition":[33.1272,235.79,75.446],"timeVisible":81.4731,"tipPosition":[78.4688,233.537,-8.60303],"tipVelocity":[102.486,98.2353,-143.621],"tool":false,"touchDistance":0.333333,"touchZone":"none","type":4,"width":16.013}],"r":[[0.95136,-0.254745,0.173261],[0.245559,0.966637,0.0729017],[-0.186052,-0.0268101,0.982174]],"s":0.989348,"t":[31.1936,-18.6946,-145.73],"timestamp":523799621784},false],[6,{"currentFrameRate":102.473,"devices":[],"gestures":[],"hands":[{"armBasis":[[0.92095,-0.0653435,-0.384164],[0.235907,0.878152,0.416169],[0.31016,-0.473898,0.824149]],"armWidth":63.5437,"confidence":0.672224,"direction":[0.0548327,0.756157,-0.652089],"elbow":[156.804,98.8272,269.829],"grabStrength":0,"id":699,"palmNormal":[-0.233757,-0.625201,-0.744635],"palmPosition":[67.8588,265.921,10.6849],"palmVelocity":[81.0721,97.7792,-156.97],"palmWidth":90.7382,"pinchStrength":0.764869,"r":[[0.952033,-0.249487,0.17717],[0.239966,0.967985,0.0736243],[-0.189867,-0.027578,0.981423]],"s":0.991478,"sphereCenter":[48.9789,255.727,-30.5251],"sphereRadius":44.5869,"stabilizedPalmPosition":[7.00179,278.633,165.862],"t":[31.9207,-17.6748,-147.262],"timeVisible":81.4819,"type":"right","wrist":[73.2924,226.426,47.9251]}],"id":4286569,"interactionBox":{"center":[0,200,0],"size":[235.247,235.247,147.751]},"pointables":[{"bases":[[[0.610405,0.62898,0.481446],[-0.698112,0.140033,0.702162],[0.374228,-0.764706,0.524575]],[[0.383029,0.9016,0.201013],[-0.784831,0.20287,0.585563],[0.487164,-0.382049,0.785309]],[[0.383029,0.9016,0.201013],[-0.916954,0.344783,0.2008],[0.111736,-0.261232,0.958787]],[[0.383029,0.9016,0.201013],[-0.617983,0.411847,-0.669685],[-0.686575,0.132286,0.714923]]],"btipPosition":[30.9641,247.419,-42.1967],"carpPosition":[42.9901,222.606,46.181],"dipPosition":[14.9402,250.506,-25.5112],"direction":[-0.111736,0.261232,-0.958787],"extended":false,"handId":699,"id":6990,"length":51.9721,"mcpPosition":[42.9901,222.606,46.181],"pipPosition":[18.7394,241.624,7.08876],"stabilizedTipPosition":[-21.2321,272.439,179.441],"timeVisible":81.4819,"tipPosition":[27.2988,248.685,-37.996],"tipVelocity":[77.1785,77.0057,-186.809],"tool":false,"touchDistance":-0.694147,"touchZone":"hovering","type":0,"width":20.194},{"bases":[[[0.966173,-0.063557,-0.24994],[0.215011,0.733674,0.644587],[0.142406,-0.676523,0.722522]],[[0.949942,-0.00392327,-0.312401],[0.156022,0.872267,0.463473],[0.270679,-0.489014,0.829215]],[[0.949942,-0.00392327,-0.312401],[0.0457103,0.990906,0.12655],[0.309064,-0.134496,0.941483]],[[0.949942,-0.00392327,-0.312401],[-0.0408774,0.989765,-0.136729],[0.30974,0.142654,0.940059]]],"btipPosition":[21.1694,312.707,-74.6485],"carpPosition":[55.9411,241.311,52.5965],"dipPosition":[26.4469,315.138,-58.6315],"direction":[-0.309064,0.134496,-0.941483],"extended":true,"handId":699,"id":6991,"length":58.6448,"mcpPosition":[45.4933,290.945,-0.412],"pipPosition":[33.8964,311.896,-35.9385],"stabilizedTipPosition":[-55.6806,340.125,189.894],"timeVisible":81.4819,"tipPosition":[22.1434,312.063,-70.6824],"tipVelocity":[80.9585,70.5284,-177.848],"tool":false,"touchDistance":-0.725427,"touchZone":"hovering","type":1,"width":19.2893},{"bases":[[[0.925624,-0.278509,-0.256226],[0.378333,0.697336,0.608758],[0.00913095,-0.660421,0.75084]],[[0.924005,-0.245083,-0.29351],[0.0705645,0.863697,-0.499047],[0.375812,0.440411,0.815355]],[[0.924005,-0.245083,-0.29351],[-0.368205,-0.363227,-0.855857],[0.103145,0.898888,-0.425865]],[[0.924005,-0.245083,-0.29351],[-0.346601,-0.861012,-0.372192],[-0.161498,0.445638,-0.880525]]],"btipPosition":[49.3607,233.12,-12.6235],"carpPosition":[67.9586,242.182,50.2303],"dipPosition":[46.3342,241.471,-29.1245],"direction":[-0.103145,-0.898888,0.425865],"extended":false,"handId":699,"id":6992,"length":66.821,"mcpPosition":[67.3233,288.131,-2.0094],"pipPosition":[49.2592,266.962,-41.2011],"stabilizedTipPosition":[-13.4243,249.335,122.605],"timeVisible":81.4819,"tipPosition":[48.7745,235.01,-16.0103],"tipVelocity":[101.731,82.0869,-146.45],"tool":false,"touchDistance":0.333333,"touchZone":"none","type":2,"width":18.9446},{"bases":[[[0.885708,-0.42443,-0.188098],[0.443596,0.654247,0.612521],[-0.13691,-0.625954,0.767748]],[[0.891521,-0.392066,-0.226877],[0.222932,0.815762,-0.533698],[0.394323,0.425225,0.814673]],[[0.891521,-0.392066,-0.226877],[-0.374258,-0.355379,-0.856526],[0.255188,0.848522,-0.463562]],[[0.891521,-0.392066,-0.226877],[-0.450961,-0.815422,-0.362933],[-0.042707,0.425876,-0.903773]]],"btipPosition":[64.3041,228.732,-7.57283],"carpPosition":[79.5751,239.953,47.0389],"dipPosition":[63.5083,236.668,-24.4122],"direction":[-0.255188,-0.848522,0.463562],"extended":false,"handId":699,"id":6993,"length":64.2502,"mcpPosition":[88.1274,279.055,-0.919705],"pipPosition":[70.558,260.108,-37.2183],"stabilizedTipPosition":[14.702,237.535,85.4268],"timeVisible":81.4819,"tipPosition":[64.074,230.566,-11.2972],"tipVelocity":[100.689,92.3183,-151.581],"tool":false,"touchDistance":0.333333,"touchZone":"none","type":3,"width":18.027},{"bases":[[[0.778357,-0.596253,-0.196579],[0.562106,0.522379,0.641215],[-0.279637,-0.609592,0.741755]],[[0.781064,-0.590241,-0.203849],[0.427427,0.743325,-0.514561],[0.455241,0.314774,0.83287]],[[0.781064,-0.590241,-0.203849],[-0.416103,-0.248539,-0.874692],[0.465615,0.768013,-0.439725]],[[0.781064,-0.590241,-0.203849],[-0.61802,-0.683939,-0.387658],[0.0893911,0.428769,-0.898981]]],"btipPosition":[78.7082,233.039,-6.90887],"carpPosition":[89.2089