{"sensorType":"Leap","data":[[0,{"currentFrameRate":110.41,"devices":[],"gestures":[],"hands":[{"armBasis":[[0.927842,0.145001,-0.343634],[0.045315,0.870684,0.489751],[0.370211,-0.469983,0.801286]],"armWidth":63.5437,"confidence":0.42092,"direction":[0.0255087,0.763418,-0.645401],"elbow":[152.331,89.7078,266.772],"grabStrength":0,"id":699,"palmNormal":[-0.0388466,-0.644367,-0.763729],"palmPosition":[46.2639,254.925,13.0784],"palmVelocity":[135.704,335.869,-273.495],"palmWidth":90.7382,"pinchStrength":0.421676,"r":[[0.944484,-0.0578097,0.323432],[0.050711,0.998252,0.0303401],[-0.32462,-0.0122543,0.945765]],"s":1.16811,"sphereCenter":[16.3178,251.18,-24.5414],"sphereRadius":51.0571,"stabilizedPalmPosition":[27.0753,238.149,70.2946],"t":[9.95627,-30.6974,-144.159],"timeVisible":92.4907,"type":"right","wrist":[52.651,216.252,51.0233]}],"id":4287754,"interactionBox":{"center":[0,200,0],"size":[235.247,235.247,147.751]},"pointables":[{"bases":[[[0.441686,0.707378,0.551842],[-0.796507,0.0260911,0.604066],[0.412905,-0.706353,0.574956]],[[0.325606,0.860337,0.392176],[-0.79121,0.0208398,0.611189],[0.517655,-0.5093,0.687493]],[[0.325606,0.860337,0.392176],[-0.931548,0.220896,0.288831],[0.161862,-0.459376,0.87337]],[[0.325606,0.860337,0.392176],[-0.60973,0.508072,-0.608352],[-0.722641,-0.0410386,0.690005]]],"btipPosition":[9.34061,249.903,-34.6465],"carpPosition":[23.7471,207.974,45.3761],"dipPosition":[-7.52498,248.946,-18.5426],"direction":[-0.161862,0.459376,-0.87337],"extended":false,"handId":699,"id":6990,"length":51.9721,"mcpPosition":[23.7471,207.974,45.3761],"pipPosition":[-2.02146,233.326,11.1531],"stabilizedTipPosition":[-21.9786,239.094,58.8128],"timeVisible":92.4907,"tipPosition":[5.37634,251.122,-29.3874],"tipVelocity":[133.706,356.471,-337.329],"tool":false,"touchDistance":-0.745784,"touchZone":"hovering","type":0,"width":20.194},{"bases":[[[0.989022,0.0842584,-0.121396],[0.0172673,0.749985,0.661229],[0.146759,-0.656066,0.740297]],[[0.960211,0.171929,-0.220081],[0.0569249,0.651008,0.756933],[0.273413,-0.739343,0.615318]],[[0.960211,0.171929,-0.220081],[-0.0444358,0.872057,0.487383],[0.275719,-0.45821,0.844998]],[[0.960211,0.171929,-0.220081],[-0.125318,0.969503,0.210619],[0.249581,-0.174658,0.952473]]],"btipPosition":[-0.568183,322.156,-63.9961],"carpPosition":[32.8111,228.326,53.2749],"dipPosition":[3.68425,319.18,-47.7675],"direction":[-0.275719,0.45821,-0.844998],"extended":true,"handId":699,"id":6991,"length":58.6448,"mcpPosition":[22.044,276.459,-1.03771],"pipPosition":[10.33,308.135,-27.4001],"stabilizedTipPosition":[-25.4582,312.152,16.8204],"timeVisible":92.4907,"tipPosition":[0.315672,323.465,-58.3452],"tipVelocity":[121.322,313.308,-245.497],"tool":false,"touchDistance":-0.688088,"touchZone":"hovering","type":1,"width":19.2893},{"bases":[[[0.982224,-0.13425,-0.131196],[0.187442,0.738847,0.647279],[0.0100362,-0.660365,0.750878]],[[0.981794,-0.120298,-0.146997],[0.0115399,0.810234,-0.585994],[0.189596,0.573629,0.796871]],[[0.981794,-0.120298,-0.146997],[-0.185264,-0.435691,-0.880824],[0.0419157,0.892021,-0.450046]],[[0.981794,-0.120298,-0.146997],[-0.17412,-0.879251,-0.443396],[-0.0759079,0.460919,-0.88419]]],"btipPosition":[35.1903,215.447,-8.7256],"carpPosition":[44.768,231.008,52.4879],"dipPosition":[33.7678,224.085,-25.2953],"direction":[-0.0419157,-0.892021,0.450046],"extended":false,"handId":699,"id":6992,"length":66.821,"mcpPosition":[44.0698,276.953,0.245623],"pipPosition":[34.9564,249.38,-38.0576],"stabilizedTipPosition":[2.31529,196.158,68.2766],"timeVisible":92.4907,"tipPosition":[35.0533,217.29,-11.9398],"tipVelocity":[117.371,384.551,-347.966],"tool":false,"touchDistance":0.333333,"touchZone":"none","type":2,"width":18.9446},{"bases":[[[0.956052,-0.285278,-0.0676866],[0.257363,0.70594,0.659858],[-0.14046,-0.648278,0.748335]],[[0.958176,-0.274873,-0.0796467],[0.174517,0.781798,-0.598612],[0.22681,0.559675,0.79707]],[[0.958176,-0.274873,-0.0796467],[-0.19584,-0.426863,-0.882856],[0.208675,0.861529,-0.462841]],[[0.958176,-0.274873,-0.0796467],[-0.280992,-0.850889,-0.443882],[0.0542408,0.447697,-0.892539]]],"btipPosition":[48.7954,213.992,-1.98868],"carpPosition":[56.9024,230.575,50.8554],"dipPosition":[49.806,222.334,-18.6187],"direction":[-0.208675,-0.861529,0.462841],"extended":false,"handId":699,"id":6993,"length":64.2502,"mcpPosition":[65.6764,271.071,4.10935],"pipPosition":[55.5707,246.134,-31.4049],"stabilizedTipPosition":[18.2146,196.102,73.4856],"timeVisible":92.4907,"tipPosition":[49.1971,215.808,-5.38896],"tipVelocity":[120.92,367.003,-343.155],"tool":false,"touchDistance":0.333333,"touchZone":"none","type":3,"width":18.027},{"bases":[[[0.877615,-0.471086,-0.088711],[0.389504,0.592909,0.704801],[-0.279424,-0.653098,0.703836]],[[0.882491,-0.459282,-0.101335],[0.332405,0.761479,-0.556468],[0.33274,0.457393,0.824667]],[[0.882491,-0.459282,-0.101335],[-0.27477,-0.328585,-0.903622],[0.38172,0.825283,-0.416171]],[[0.882491,-0.459282,-0.101335],[-0.445608,-0.747538,-0.492565],[0.150475,0.47984,-0.864356]]],"btipPosition":[62.7841,220.755,-0.291294],"carpPosition":[68.3912,223.463,46.5119],"dipPosition":[65.3707,229.003,-15.1488],"direction":[-0.38172,-0.825283,0.416171],"extended":false,"handId":699,"id":6994,"length":50.3709,"mcpPosition":[84.5489,261.229,5.8128],"pipPosition":[72.816,245.1,-23.2661],"stabilizedTipPosition":[32.9924,202.153,65.523],"timeVisible":92.4907,"tipPosition":[62.9533,222.75,-3.13704],"tipVelocity":[128.103,361.438,-350.434],"tool":false,"touchDistance":0.333333,"touchZone":"none","type":4,"width":16.013}],"r":[[0.944484,-0.0578097,0.323432],[0.050711,0.998252,0.0303401],[-0.32462,-0.0122543,0.945765]],"s":1.16811,"t":[9.95627,-30.6974,-144.159],"timestamp":523810639423},false],[1,{"currentFrameRate":110.37,"devices":[],"gestures":[],"hands":[{"armBasis":[[0.92962,0.130739,-0.344549],[0.0582957,0.871012,0.48779],[0.36388,-0.473545,0.802089]],"armWidth":63.5437,"confidence":0.43217,"direction":[0.0275826,0.769737,-0.637766],"elbow":[151.728,90.4532,265.64],"grabStrength":0,"id":699,"palmNormal":[-0.051834,-0.636049,-0.769906],"palmPosition":[47.4257,257.08,12.1841],"palmVelocity":[133.354,308.112,-224.704],"palmWidth":90.7382,"pinchStrength":0.444797,"r":[[0.945626,-0.0644337,0.31881],[0.0525869,0.997573,0.0456376],[-0.320977,-0.0263909,0.946719]],"s":1.16184,"sphereCenter":[18.059,253.541,-25.4768],"sphereRadius":50.5486,"stabilizedPalmPosition":[29.3803,240.293,63.7127],"t":[11.0855,-28.0966,-145.726],"timeVisible":92.4999,"type":"right","wrist":[53.7522,217.957,49.675]}],"id":4287755,"interactionBox":{"center":[0,200,0],"size":[235.247,235.247,147.751]},"pointables":[{"bases":[[[0.453447,0.697252,0.555181],[-0.790989,0.0277444,0.611201],[0.410758,-0.716289,0.564099]],[[0.328636,0.861894,0.386182],[-0.796433,0.0331282,0.603818],[0.507634,-0.506005,0.697328]],[[0.328636,0.861894,0.386182],[-0.93128,0.227658,0.284412],[0.157215,-0.453112,0.877481]],[[0.328636,0.861894,0.386182],[-0.614478,0.505641,-0.605593],[-0.717227,-0.0382808,0.695787]]],"btipPosition":[10.8437,251.511,-36.592],"carpPosition":[24.7197,210.023,44.1949],"dipPosition":[-5.89557,250.618,-20.3531],"direction":[-0.157215,0.453112,-0.877481],"extended":false,"handId":699,"id":6990,"length":51.9721,"mcpPosition":[24.7197,210.023,44.1949],"pipPosition":[-0.550061,235.212,9.4823],"stabilizedTipPosition":[-19.9002,239.97,52.2368],"timeVisible":92.4999,"tipPosition":[6.74323,252.915,-31.1424],"tipVelocity":[143.185,306.799,-301.853],"tool":false,"touchDistance":-0.728256,"touchZone":"hovering","type":0,"width":20.194},{"bases":[[[0.988734,0.075717,-0.129119],[0.0304304,0.742926,0.668682],[0.146557,-0.665077,0.732252]],[[0.960562,0.163256,-0.225096],[0.063746,0.65866,0.749735],[0.27066,-0.734516,0.622277]],[[0.960562,0.163256,-0.225096],[-0.0394329,0.8813,0.470909],[0.275255,-0.443461,0.852981]],[[0.960562,0.163256,-0.225096],[-0.121671,0.974664,0.187686],[0.250033,-0.152896,0.956089]]],"btipPosition":[0.810791,323.76,-65.0107],"carpPosition":[34.0539,230.203,52.2222],"dipPosition":[5.07094,321.155,-48.7206],"direction":[-0.275255,0.443461,-0.852981],"extended":true,"handId":699,"id":6991,"length":58.6448,"mcpPosition":[23.3016,278.997,-1.50021],"pipPosition":[11.7056,310.466,-28.1607],"stabilizedTipPosition":[-22.2942,313.43,7.75364],"timeVisible":92.4999,"tipPosition":[1.70048,325.19,-59.3538],"tipVelocity":[129.635,277.666,-207.721],"tool":false,"touchDistance":-0.66262,"touchZone":"hovering","type":1,"width":19.2893},{"bases":[[[0.979672,-0.142601,-0.141092],[0.20036,0.730249,0.65314],[0.00989362,-0.668132,0.743977]],[[0.979255,-0.128671,-0.156538],[0.0149807,0.816376,-0.577327],[0.202079,0.563005,0.801367]],[[0.979255,-0.128671,-0.156538],[-0.197039,-0.424364,-0.883794],[0.0472891,0.896303,-0.440913]],[[0.979255,-0.128671,-0.156538],[-0.186767,-0.872796,-0.450938],[-0.0786036,0.470819,-0.878721]]],"btipPosition":[35.76,217.957,-9.95218],"carpPosition":[46.0297,232.774,51.3587],"dipPosition":[34.287,226.78,-26.4194],"direction":[-0.0472891,-0.896303,0.440913],"extended":false,"handId":699,"id":6992,"length":66.821,"mcpPosition":[45.3414,279.259,-0.40337],"pipPosition":[35.628,252.197,-38.9227],"stabilizedTipPosition":[5.143,198.193,61.2713],"timeVisible":92.4999,"tipPosition":[35.6142,219.832,-13.1509],"tipVelocity":[101.739,355.381,-287.875],"tool":false,"touchDistance":0.333333,"touchZone":"none","type":2,"width":18.9446},{"bases":[[[0.95254,-0.294009,-0.0789038],[0.270054,0.696524,0.664774],[-0.140491,-0.654532,0.742866]],[[0.954623,-0.283727,-0.0905226],[0.175882,0.782384,-0.597445],[0.240335,0.554413,0.796784]],[[0.954623,-0.283727,-0.0905226],[-0.208926,-0.421395,-0.882483],[0.212239,0.861351,-0.461551]],[[0.954623,-0.283727,-0.0905226],[-0.293556,-0.845209,-0.446594],[0.0502004,0.452902,-0.890146]]],"btipPosition":[49.4138,216.188,-2.95338],"carpPosition":[58.1447,232.238,49.6165],"dipPosition":[50.3492,224.627,-19.5388],"direction":[-0.212239,-0.861351,0.461551],"extended":false,"handId":699,"id":6993,"length":64.2502,"mcpPosition":[66.9207,273.124,3.21214],"pipPosition":[56.2123,248.422,-32.2893],"stabilizedTipPosition":[20.9002,197.985,66.6247],"timeVisible":92.4999,"tipPosition":[49.7902,218.073,-6.51215],"tipVelocity":[105.611,332.524,-276.835],"tool":false,"touchDistance":0.333333,"touchZone":"none","type":3,"width":18.027},{"bases":[[[0.872076,-0.478805,-0.101143],[0.401441,0.581735,0.70741],[-0.279873,-0.657518,0.699529]],[[0.877101,-0.466567,-0.114059],[0.334758,0.764115,-0.551422],[0.344429,0.445471,0.826392]],[[0.877101,-0.466567,-0.114059],[-0.285936,-0.316414,-0.904501],[0.385921,0.825952,-0.410936]],[[0.877101,-0.466567,-0.114059],[-0.457137,-0.738046,-0.4963],[0.147377,0.487446,-0.860626]]],"btipPosition":[63.5023,222.882,-1.6803],"carpPosition":[69.5242,225.058,45.1009],"dipPosition":[66.0355,231.261,-16.4737],"direction":[-0.385921,-0.825952,0.410936],"extended":false,"handId":699,"id":6994,"length":50.3709,"mcpPosition":[85.7078,263.079,4.65086],"pipPosition":[73.5628,247.371,-24.4888],"stabilizedTipPosition":[35.8434,204.231,59.0489],"timeVisible":92.4999,"tipPosition":[63.6675,224.905,-4.51508],"tipVelocity":[113.987,326.641,-294.871],"tool":false,"touchDistance":0.333333,"touchZone":"none","type":4,"width":16.013}],"r":[[0.945626,-0.0644337,0.31881],[0.0525869,0.997573,0.0456376],[-0.320977,-0.0263909,0.946719]],"s":1.16184,"t":[11.0855,-28.0966,-145.726],"timestamp":523810648553},false],[2,{"currentFrameRate":110.428,"devices":[],"gestures":[],"hands":[{"armBasis":[[0.927602,0.121634,-0.353215],[0.0663147,0.876877,0.476118],[0.367638,-0.465071,0.805327]],"armWidth":63.5437,"confidence":0.439525,"direction":[0.0344037,0.769298,-0.637963],"elbow":[153.483,94.6658,265.864],"grabStrength":0,"id":699,"palmNormal":[-0.0576407,-0.635751,-0.769739],"palmPosition":[48.5149,259.057,11.5277],"palmVelocity":[130.152,284.233,-183.315],"palmWidth":90.7382,"pinchStrength":0.46705,"r":[[0.946401,-0.0713598,0.315013],[0.0559149,0.996761,0.0578095],[-0.318118,-0.037097,0.947325]],"s":1.15554,"sphereCenter":[19.7445,255.503,-26.2363],"sphereRadius":50.1757,"stabilizedPalmPosition":[31.9297,242.793,56.7599],"t":[12.1947,-25.8078,-146.838],"timeVisible":92.5088,"type":"right","wrist":[54.495,219.887,49.0276]}],"id":4287756,"interactionBox":{"center":[0,200,0],"size":[235.247,235.247,147.751]},"pointables":[{"bases":[[[0.459758,0.693294,0.554946],[-0.790627,0.0349936,0.611297],[0.404389,-0.719804,0.564226]],[[0.325394,0.86973,0.371064],[-0.807681,0.0515867,0.587359],[0.491702,-0.490824,0.71925]],[[0.325394,0.86973,0.371064],[-0.93386,0.233994,0.270467],[0.148407,-0.43453,0.888346]],[[0.325394,0.86973,0.371064],[-0.618802,0.492584,-0.611918],[-0.714984,-0.0305009,0.698475]]],"btipPosition":[12.556,252.133,-38.7571],"carpPosition":[25.3918,212.213,43.5533],"dipPosition":[-4.13088,251.421,-22.4555],"direction":[-0.148407,0.43453,-0.888346],"extended":false,"handId":699,"id":6990,"length":51.9721,"mcpPosition":[25.3918,212.213,43.5533],"pipPosition":[0.91514,236.646,7.74939],"stabilizedTipPosition":[-17.7145,240.887,45.5736],"timeVisible":92.5088,"tipPosition":[8.37938,253.793,-33.1502],"tipVelocity":[156.69,243.169,-284.994],"tool":false,"touchDistance":-0.716024,"touchZone":"hovering","type":0,"width":20.194},{"bases":[[[0.989357,0.0668102,-0.129267],[0.0371835,0.742791,0.668491],[0.14068,-0.666182,0.7324]],[[0.962323,0.153695,-0.224304],[0.0652643,0.670251,0.73926],[0.26396,-0.726046,0.634967]],[[0.962323,0.153695,-0.224304],[-0.0374036,0.891907,0.450669],[0.269324,-0.425299,0.864052]],[[0.962323,0.153695,-0.224304],[-0.118912,0.979739,0.16116],[0.244529,-0.128415,0.961101]]],"btipPosition":[2.61958,324.731,-66.5654],"carpPosition":[34.9077,232.31,51.5743],"dipPosition":[6.78595,322.543,-50.1899],"direction":[-0.269324,0.425299,-0.864052],"extended":true,"handId":699,"id":6991,"length":58.6448,"mcpPosition":[24.5866,281.186,-2.15903],"pipPosition":[13.2776,312.292,-29.3632],"stabilizedTipPosition":[-18.9523,314.825,-1.35982],"timeVisible":92.5088,"tipPosition":[3.49123,326.26,-60.9641],"tipVelocity":[148.763,234.334,-197.803],"tool":false,"touchDistance":-0.647717,"touchZone":"hovering","type":1,"width":19.2893},{"bases":[[[0.978335,-0.151421,-0.141183],[0.20699,0.728586,0.65293],[0.00399676,-0.668008,0.744144]],[[0.978046,-0.137666,-0.15644],[0.022593,0.816342,-0.577127],[0.207159,0.560922,0.801531]],[[0.978046,-0.137666,-0.15644],[-0.200837,-0.422451,-0.883855],[0.0555886,0.89587,-0.440825]],[[0.978046,-0.137666,-0.15644],[-0.194723,-0.871128,-0.450799],[-0.0742195,0.471365,-0.87881]]],"btipPosition":[36.4849,220.051,-10.6226],"carpPosition":[46.906,234.774,50.7086],"dipPosition":[35.0941,228.884,-27.0915],"direction":[-0.0555886,-0.89587,0.440825],"extended":false,"handId":699,"id":6992,"length":66.821,"mcpPosition":[46.628,281.251,-1.06512],"pipPosition":[36.6704,254.289,-39.5923],"stabilizedTipPosition":[8.27076,200.602,53.6408],"timeVisible":92.5088,"tipPosition":[36.3557,221.924,-13.8268],"tipVelocity":[96.6346,322.218,-229.654],"tool":false,"touchDistance":0.333333,"touchZone":"none","type":2,"width":18.9446},{"bases":[[[0.949853,-0.302563,-0.0789536],[0.276381,0.69424,0.664564],[-0.14626,-0.653059,0.743049]],[[0.951983,-0.292523,-0.0903275],[0.181805,0.777544,-0.601974],[0.246325,0.556647,0.79339]],[[0.951983,-0.292523,-0.0903275],[-0.213882,-0.42436,-0.879871],[0.219052,0.856942,-0.466549]],[[0.951983,-0.292523,-0.0903275],[-0.301453,-0.844151,-0.443324],[0.0534325,0.449266,-0.891799]]],"btipPosition":[50.1296,218.077,-3.29632],"carpPosition":[59.0155,234.129,48.9649],"dipPosition":[51.1252,226.448,-19.9126],"direction":[-0.219052,-0.856942,0.466549],"extended":false,"handId":699,"id":6993,"length":64.2502,"mcpPosition":[68.1518,274.923,2.54912],"pipPosition":[57.1766,250.121,-32.8011],"stabilizedTipPosition":[23.8855,200.216,59.1516],"timeVisible":92.5088,"tipPosition":[50.5095,219.983,-6.99066],"tipVelocity":[99.0171,298.815,-211.838],"tool":false,"touchDistance":0.333333,"touchZone":"none","type":3,"width":18.027},{"bases":[[[0.867731,-0.486636,-0.101136],[0.406738,0.578287,0.707212],[-0.285669,-0.654805,0.699731]],[[0.872999,-0.474114,-0.114404],[0.341111,0.76119,-0.551573],[0.348592,0.442498,0.826244]],[[0.872999,-0.474114,-0.114404],[-0.289026,-0.313965,-0.904373],[0.392857,0.822582,-0.411122]],[[0.872999,-0.474114,-0.114404],[-0.46369,-0.734102,-0.49607],[0.15121,0.486117,-0.860713]]],"btipPosition":[64.2948,224.707,-2.33286],"carpPosition":[70.3296,226.846,44.4497],"dipPosition":[66.8939,233.063,-17.1277],"direction":[-0.392857,-0.822582,0.411122],"extended":false,"handId":699,"id":6994,"length":50.3709,"mcpPosition":[86.8483,264.71,3.98793],"pipPosition":[74.5565,249.107,-25.1465],"stabilizedTipPosition":[38.8622,206.558,52.3164],"timeVisible":92.5088,"tipPosition":[64.4783,226.729,-5.176],"tipVelocity":[107.484,292.888,-234.191],"tool":false,"touchDistance":0.333333,"touchZone":"none","type":4,"width":16.013}],"r":[[0.946401,-0.0713598,0.315013],[0.0559149,0.996761,0.0578095],[-0.318118,-0.037097,0.947325]],"s":1.15554,"t":[12.1947,-25.8078,-146.838],"timestamp":523810657507},false],[3,{"currentFrameRate":110.229,"devices":[],"gestures":[],"hands":[{"armBasis":[[0.925166,0.103359,-0.365218],[0.0823353,0.884648,0.458932],[0.370524,-0.454659,0.809937]],"armWidth":63.5437,"confidence":0.444744,"direction":[0.0436778,0.776405,-0.628719],"elbow":[154.987,100.364,264.948],"grabStrength":0,"id":699,"palmNormal":[-0.0707462,-0.625336,-0.777142],"palmPosition":[49.694,262.494,9.87588],"palmVelocity":[128.713,307.197,-181.014],"palmWidth":90.7382,"pinchStrength":0.463676,"r":[[0.947023,-0.0805634,0.310896],[0.0617518,0.995641,0.0699005],[-0.315173,-0.046999,0.94787]],"s":1.15038,"sphereCenter":[21.3022,259.476,-28.0166],"sphereRadius":49.8649,"stabilizedPalmPosition":[34.8916,246.078,48.9426],"t":[13.3389,-22.9449,-148.22],"timeVisible":92.5182,"type":"right","wrist":[55.2221,222.782,46.8708]}],"id":4287757,"interactionBox":{"center":[0,200,0],"size":[235.247,235.247,147.751]},"pointables":[{"bases":[[[0.472804,0.679262,0.561301],[-0.787415,0.0397705,0.615139],[0.395518,-0.732817,0.553665]],[[0.33442,0.865856,0.372097],[-0.811193,0.063487,0.581322],[0.479718,-0.496248,0.723608]],[[0.33442,0.865856,0.372097],[-0.930237,0.239984,0.27761],[0.151073,-0.438977,0.885707]],[[0.33442,0.865856,0.372097],[-0.636142,0.498705,-0.588742],[-0.695332,-0.0398196,0.717584]]],"btipPosition":[13.1918,256.185,-41.452],"carpPosition":[25.9803,215.627,41.4315],"dipPosition":[-3.03644,255.255,-24.7045],"direction":[-0.151073,0.438977,-0.885707],"extended":false,"handId":699,"id":6990,"length":51.9721,"mcpPosition":[25.9803,215.627,41.4315],"pipPosition":[2.10023,240.33,5.41066],"stabilizedTipPosition":[-15.251,242.254,38.0333],"timeVisible":92.5182,"tipPosition":[9.26829,257.672,-35.6883],"tipVelocity":[134.41,294.969,-282.157],"tool":false,"touchDistance":-0.711641,"touchZone":"hovering","type":0,"width":20.194},{"bases":[[[0.989724,0.0530498,-0.132786],[0.0515303,0.733908,0.677291],[0.133383,-0.677174,0.723633]],[[0.963701,0.141356,-0.226494],[0.0745355,0.672164,0.736641],[0.25637,-0.726783,0.637229]],[[0.963701,0.141356,-0.226494],[-0.027856,0.896944,0.441265],[0.265528,-0.418938,0.868324]],[[0.963701,0.141356,-0.226494],[-0.109685,0.98306,0.146838],[0.243414,-0.116665,0.962881]]],"btipPosition":[4.52407,328.38,-68.0726],"carpPosition":[35.8411,235.474,49.6541],"dipPosition":[8.67143,326.392,-51.6668],"direction":[-0.265528,0.418938,-0.868324],"extended":true,"handId":699,"id":6991,"length":58.6448,"mcpPosition":[26.0554,285.156,-3.436],"pipPosition":[15.0716,316.294,-30.7371],"stabilizedTipPosition":[-15.0364,316.924,-11.4482],"timeVisible":92.5182,"tipPosition":[5.44281,329.958,-62.5051],"tipVelocity":[163.849,279.346,-186.774],"tool":false,"touchDistance":-0.633782,"touchZone":"hovering","type":1,"width":19.2893},{"bases":[[[0.975262,-0.164823,-0.147302],[0.221029,0.717266,0.660814],[-0.00326225,-0.677025,0.735953]],[[0.975124,-0.150935,-0.16233],[0.0329219,0.82284,-0.567319],[0.2192,0.547862,0.80734]],[[0.975124,-0.150935,-0.16233],[-0.211063,-0.408549,-0.887998],[0.0677107,0.90017,-0.430243]],[[0.975124,-0.150935,-0.16233],[-0.210144,-0.862475,-0.460409],[-0.0705134,0.483068,-0.872739]]],"btipPosition":[36.9645,223.953,-12.6887],"carpPosition":[47.8725,237.763,48.7658],"dipPosition":[35.6431,233.006,-29.0438],"direction":[-0.0677107,-0.90017,0.430243],"extended":false,"handId":699,"id":6992,"length":66.821,"mcpPosition":[48.0995,284.866,-2.43809],"pipPosition":[37.5632,258.532,-41.2445],"stabilizedTipPosition":[11.8933,203.847,44.6972],"timeVisible":92.5182,"tipPosition":[36.85,225.868,-15.8769],"tipVelocity":[84.0565,349.955,-225.881],"tool":false,"touchDistance":0.333333,"touchZone":"none","type":2,"width":18.9446},{"bases":[[[0.944696,-0.316254,-0.0867883],[0.289926,0.68171,0.671726],[-0.153272,-0.659739,0.735699]],[[0.946902,-0.30626,-0.0978836],[0.190803,0.78029,-0.595602],[0.258787,0.545301,0.797293]],[[0.946902,-0.30626,-0.0978836],[-0.224673,-0.412491,-0.882821],[0.229997,0.857937,-0.459397]],[[0.946902,-0.30626,-0.0978836],[-0.316534,-0.834548,-0.450928],[0.0564126,0.457968,-0.887177]]],"btipPosition":[50.6021,221.633,-5.29845],"carpPosition":[59.963,236.951,46.9612],"dipPosition":[51.6532,230.166,-21.8286],"direction":[-0.229997,-0.857937,0.459397],"extended":false,"handId":699,"id":6993,"length":64.2502,"mcpPosition":[69.5374,278.163,1.00459],"pipPosition":[58.0069,253.866,-34.5196],"stabilizedTipPosition":[27.3302,203.203,50.4305],"timeVisible":92.5182,"tipPosition":[50.989,223.593,-9.03745],"tipVelocity":[85.446,322.327,-211.406],"tool":false,"touchDistance":0.333333,"touchZone":"none","type":3,"width":18.027},{"bases":[[[0.85963,-0.498748,-0.110843],[0.418643,0.563239,0.71239],[-0.292872,-0.658796,0.692975]],[[0.865317,-0.48547,-0.124683],[0.349926,0.763223,-0.543177],[0.358857,0.42639,0.830309]],[[0.865317,-0.48547,-0.124683],[-0.297686,-0.297639,-0.90708],[0.40325,0.822028,-0.40207]],[[0.865317,-0.48547,-0.124683],[-0.476805,-0.720582,-0.503406],[0.154544,0.495055,-0.855007]]],"btipPosition":[64.9032,228.066,-4.50154],"carpPosition":[71.1435,229.549,42.3083],"dipPosition":[67.5597,236.576,-19.1983],"direction":[-0.40325,-0.822028,0.40207],"extended":false,"handId":699,"id":6994,"length":50.3709,"mcpPosition":[88.0787,267.644,2.23723],"pipPosition":[75.4249,252.609,-27.0406],"stabilizedTipPosition":[42.223,209.517,44.7255],"timeVisible":92.5182,"tipPosition":[65.1071,230.123,-7.32305],"tipVelocity":[95.6279,312.097,-232.339],"tool":false,"touchDistance":0.333333,"touchZone":"none","type":4,"width":16.013}],"r":[[0.947023,-0.0805634,0.310896],[0.0617518,0.995641,0.0699005],[-0.315173,-0.046999,0.94787]],"s":1.15038,"t":[13.3389,-22.9449,-148.22],"timestamp":523810666932},false],[4,{"currentFrameRate":110.454,"devices":[],"gestures":[],"hands":[{"armBasis":[[0.924562,0.095037,-0.368989],[0.0877681,0.889236,0.44895],[0.370785,-0.447467,0.813813]],"armWidth":63.5437,"confidence":0.452583,"direction":[0.0434195,0.781589,-0.622281],"elbow":[156.054,104.819,264.422],"grabStrength":0,"id":699,"palmNormal":[-0.076622,-0.618428,-0.782097],"palmPosition":[50.6548,265.346,8.67238],"palmVelocity":[124.011,313.151,-169.869],"palmWidth":90.7382,"pinchStrength":0.464916,"r":[[0.947704,-0.0890748,0.306467],[0.0672136,0.99443,0.0811833],[-0.311992,-0.056339,0.948413]],"s":1.14585,"sphereCenter":[22.5419,262.45,-29.2748],"sphereRadius":49.613,"stabilizedPalmPosition":[37.7224,249.538,41.7108],"t":[14.3914,-20.087,-149.512],"timeVisible":92.5269,"type":"right","wrist":[56.2189,225.301,45.3007]}],"id":4287758,"interactionBox":{"center":[0,200,0],"size":[235.247,235.247,147.751]},"pointables":[{"bases":[[[0.477839,0.672801,0.564808],[-0.784345,0.0372454,0.619205],[0.395565,-0.738885,0.545506]],[[0.333717,0.866777,0.370581],[-0.81375,0.066437,0.577406],[0.475862,-0.49425,0.727511]],[[0.333717,0.866777,0.370581],[-0.92967,0.237546,0.281577],[0.156035,-0.438485,0.88509]],[[0.333717,0.866777,0.370581],[-0.649431,0.49634,-0.576096],[-0.683281,-0.0484142,0.728549]]],"btipPosition":[13.8802,258.937,-43.3726],"carpPosition":[26.9268,218.294,39.9401],"dipPosition":[-2.06676,257.807,-26.3691],"direction":[-0.156035,0.438485,-0.88509],"extended":false,"handId":699,"id":6990,"length":51.9721,"mcpPosition":[26.9268,218.294,39.9401],"pipPosition":[3.23861,242.898,3.72504],"stabilizedTipPosition":[-12.8563,243.799,30.7452],"timeVisible":92.5269,"tipPosition":[10.067,260.362,-37.5302],"tipVelocity":[121.821,299.66,-264.346],"tool":false,"touchDistance":-0.696735,"touchZone":"hovering","type":0,"width":20.194},{"bases":[[[0.989263,0.0507507,-0.137048],[0.0573138,0.727915,0.683268],[0.134436,-0.683787,0.717191]],[[0.9631,0.139959,-0.229891],[0.0767862,0.675772,0.7331],[0.257957,-0.723701,0.640089]],[[0.9631,0.139959,-0.229891],[-0.0280292,0.90167,0.431516],[0.26768,-0.40915,0.872321]],[[0.9631,0.139959,-0.229891],[-0.111421,0.98486,0.132802],[0.244997,-0.102287,0.964113]]],"btipPosition":[5.35478,330.814,-69.2095],"carpPosition":[36.8959,238.037,48.2845],"dipPosition":[9.52911,329.071,-52.7826],"direction":[-0.26768,0.40915,-0.872321],"extended":true,"handId":699,"id":6991,"length":58.6448,"mcpPosition":[27.0329,288.203,-4.33296],"pipPosition":[15.9811,319.209,-31.7566],"stabilizedTipPosition":[-11.3798,319.234,-20.6933],"timeVisible":92.5269,"tipPosition":[6.30595,332.443,-63.688],"tipVelocity":[146.013,281.591,-171.906],"tool":false,"touchDistance":-0.615717,"touchZone":"hovering","type":1,"width":19.2893},{"bases":[[[0.973969,-0.166938,-0.153352],[0.226673,0.710826,0.665842],[-0.00214777,-0.68327,0.730163]],[[0.973815,-0.153177,-0.167991],[0.0331497,0.826712,-0.561647],[0.224912,0.541372,0.810143]],[[0.973815,-0.153177,-0.167991],[-0.216673,-0.401629,-0.889802],[0.0688272,0.902901,-0.424302]],[[0.973815,-0.153177,-0.167991],[-0.215358,-0.85829,-0.465789],[-0.0728369,0.48977,-0.868804]]],"btipPosition":[37.6828,227.024,-14.0703],"carpPosition":[48.931,240.291,47.3583],"dipPosition":[36.3178,236.203,-30.3516],"direction":[-0.0688272,-0.902901,0.424302],"extended":false,"handId":699,"id":6992,"length":66.821,"mcpPosition":[49.0804,287.829,-3.44272],"pipPosition":[38.2696,261.807,-42.3839],"stabilizedTipPosition":[15.4389,207.367,35.9968],"timeVisible":92.5269,"tipPosition":[37.5524,228.98,-17.3001],"tipVelocity":[83.4647,352.149,-207.763],"tool":false,"touchDistance":0.333333,"touchZone":"none","type":2,"width":18.9446},{"bases":[[[0.943159,-0.318775,-0.0939859],[0.295495,0.67494,0.676121],[-0.152095,-0.665462,0.730772]],[[0.945329,-0.308785,-0.104906],[0.190163,0.783262,-0.591894],[0.264937,0.539585,0.79916]],[[0.945329,-0.308785,-0.104906],[-0.230799,-0.406199,-0.884157],[0.230402,0.860031,-0.455259]],[[0.945329,-0.308785,-0.104906],[-0.321699,-0.830173,-0.455326],[0.0535084,0.464181,-0.884123]]],"btipPosition":[51.3443,224.573,-6.71701],"carpPosition":[61.0099,239.453,45.4893],"dipPosition":[52.3413,233.221,-23.1902],"direction":[-0.230402,-0.860031,0.455259],"extended":false,"handId":699,"id":6993,"length":64.2502,"mcpPosition":[70.5107,281.022,-0.159605],"pipPosition":[58.7062,256.98,-35.7669],"stabilizedTipPosition":[30.6928,206.443,41.9785],"timeVisible":92.5269,"tipPosition":[51.7132,226.577,-10.4971],"tipVelocity":[85.1462,327.76,-198.387],"tool":false,"touchDistance":0.333333,"touchZone":"none","type":3,"width":18.027},{"bases":[[[0.857341,-0.50076,-0.119189],[0.423988,0.555681,0.715159],[-0.291892,-0.66367,0.688724]],[[0.863403,-0.486413,-0.133931],[0.349317,0.767897,-0.536947],[0.364024,0.416818,0.832916]],[[0.863403,-0.486413,-0.133931],[-0.302782,-0.287232,-0.908747],[0.403557,0.825166,-0.395275]],[[0.863403,-0.486413,-0.133931],[-0.48119,-0.714154,-0.50837],[0.151631,0.503375,-0.85066]]],"btipPosition":[65.7071,230.984,-6.14309],"carpPosition":[72.1421,232.052,40.7202],"dipPosition":[68.3135,239.637,-20.7652],"direction":[-0.403557,-0.825167,0.395275],"extended":false,"handId":699,"id":6994,"length":50.3709,"mcpPosition":[89.0207,270.429,0.894888],"pipPosition":[76.1848,255.731,-28.4749],"stabilizedTipPosition":[45.4291,212.64,37.506],"timeVisible":92.5269,"tipPosition":[65.9065,233.067,-8.93955],"tipVelocity":[94.5451,319.763,-220.478],"tool":false,"touchDistance":0.333333,"touchZone":"none","type":4,"width":16.013}],"r":[[0.947704,-0.0890748,0.306467],[0.0672136,0.99443,0.0811833],[-0.311992,-0.056339,0.948413]],"s":1.14585,"t":[14.3914,-20.087,-149.512],"timestamp":523810675587},false],[5,{"currentFrameRate":110.33,"devices":[],"gestures":[],"hands":[{"armBasis":[[0.923636,0.0873331,-0.373189],[0.0940544,0.892273,0.441592],[0.371551,-0.44297,0.815921]],"armWidth":63.5437,"confidence":0.459026,"direction":[0.0446483,0.783071,-0.620328],"elbow":[157.09,107.432,264.235],"grabStrength":0,"id":699,"palmNormal":[-0.0829182,-0.615899,-0.783449],"palmPosition":[51.5281,266.876,8.04996],"palmVelocity":[115.573,271.317,-140.888],"palmWidth":90.7382,"pinchStrength":0.467058,"r":[[0.948366,-0.0969401,0.302002],[0.0726534,0.993228,0.090667],[-0.308746,-0.064044,0.948986]],"s":1.14175,"sphereCenter":[23.6705,263.929,-29.9546],"sphereRadius":49.3931,"stabilizedPalmPosition":[40.7819,253.38,34.2513],"t":[15.3543,-17.8935,-150.47],"timeVisible":92.5362,"type":"right","wrist":[57.0489,226.703,44.5455]}],"id":4287759,"interactionBox":{"center":[0,200,0],"size":[235.247,235.247,147.751]},"pointables":[{"bases":[[[0.483486,0.668906,0.56463],[-0.78156,0.0393811,0.622586],[0.394216,-0.742303,0.54183]],[[0.336269,0.867196,0.36728],[-0.814514,0.0720372,0.575653],[0.472746,-0.49273,0.730567]],[[0.336269,0.867196,0.36728],[-0.928554,0.240203,0.283004],[0.157198,-0.436205,0.88601]],[[0.336269,0.867196,0.36728],[-0.654832,0.495587,-0.570604],[-0.676844,-0.04863,0.734518]]],"btipPosition":[14.6194,260.349,-44.3468],"carpPosition":[27.7006,219.854,39.2887],"dipPosition":[-1.17734,259.214,-27.204],"direction":[-0.157198,0.436205,-0.88601],"extended":false,"handId":699,"id":6990,"length":51.9721,"mcpPosition":[27.7006,219.854,39.2887],"pipPosition":[4.16758,244.382,2.92148],"stabilizedTipPosition":[-10.1404,245.654,22.6405],"timeVisible":92.5362,"tipPosition":[10.8363,261.718,-38.5409],"tipVelocity":[110.978,258.035,-218.442],"tool":false,"touchDistance":-0.669527,"touchZone":"hovering","type":0,"width":20.194},{"bases":[[[0.988919,0.0462898,-0.141055],[0.063734,0.72575,0.685],[0.134079,-0.6864,0.714757]],[[0.962789,0.135921,-0.233586],[0.0799857,0.682287,0.726696],[0.258146,-0.718338,0.646027]],[[0.962789,0.135921,-0.233586],[-0.0264563,0.907574,0.419058],[0.268956,-0.397285,0.877398]],[[0.962789,0.135921,-0.233586],[-0.111007,0.986939,0.11674],[0.246403,-0.0864663,0.965303]]],"btipPosition":[6.22342,331.709,-70.0676],"carpPosition":[37.8012,239.525,47.6449],"dipPosition":[10.4217,330.236,-53.6204],"direction":[-0.268956,0.397285,-0.877398],"extended":true,"handId":699,"id":6991,"length":58.6448,"mcpPosition":[27.9644,289.883,-4.794],"pipPosition":[16.9045,320.66,-32.472],"stabilizedTipPosition":[-7.54486,321.741,-30.1091],"timeVisible":92.5362,"tipPosition":[7.20387,333.373,-64.619],"tipVelocity":[131.399,231.267,-149.364],"tool":false,"touchDistance":-0.59528,"touchZone":"hovering","type":1,"width":19.2893},{"bases":[[[0.97249,-0.171276,-0.157887],[0.232933,0.707881,0.666818],[-0.00244496,-0.685251,0.728303]],[[0.972349,-0.15773,-0.172218],[0.0348763,0.827253,-0.560745],[0.230915,0.539234,0.80988]],[[0.972349,-0.15773,-0.172218],[-0.222329,-0.39954,-0.889347],[0.0714684,0.903044,-0.42356]],[[0.972349,-0.15773,-0.172218],[-0.221515,-0.856461,-0.466267],[-0.073954,0.491523,-0.867719]]],"btipPosition":[38.2731,228.66,-14.6535],"carpPosition":[49.8431,241.723,46.6744],"dipPosition":[36.8872,237.871,-30.9145],"direction":[-0.0714684,-0.903044,0.42356],"extended":false,"handId":699,"id":6992,"length":66.821,"mcpPosition":[50.0133,289.399,-3.9972],"pipPosition":[38.9139,263.479,-42.9257],"stabilizedTipPosition":[19.3874,211.472,26.4587],"timeVisible":92.5362,"tipPosition":[38.131,230.638,-17.9354],"tipVelocity":[77.7178,302.783,-166.767],"tool":false,"touchDistance":0.333333,"touchZone":"none","type":2,"width":18.9446},{"bases":[[[0.941185,-0.323122,-0.0988055],[0.301621,0.67163,0.676711],[-0.152299,-0.666712,0.729589]],[[0.94334,-0.313201,-0.109612],[0.190969,0.782564,-0.592557],[0.271368,0.53805,0.798036]],[[0.94334,-0.313201,-0.109612],[-0.236988,-0.404691,-0.883211],[0.232264,0.859145,-0.455986]],[[0.94334,-0.313201,-0.109612],[-0.327769,-0.827981,-0.454989],[0.0517463,0.465136,-0.883725]]],"btipPosition":[51.9519,226.104,-7.31713],"carpPosition":[61.9099,240.831,44.7525],"dipPosition":[52.9161,234.77,-23.783],"direction":[-0.232264,-0.859145,0.455986],"extended":false,"handId":699,"id":6993,"length":64.2502,"mcpPosition":[71.4235,282.478,-0.822473],"pipPosition":[59.3324,258.505,-36.3797],"stabilizedTipPosition":[34.4271,210.208,32.7504],"timeVisible":92.5362,"tipPosition":[52.307,228.128,-11.1463],"tipVelocity":[79.3665,281.993,-160.638],"tool":false,"touchDistance":0.333333,"touchZone":"none","type":3,"width":18.027},{"bases":[[[0.854371,-0.504617,-0.124144],[0.42969,0.551638,0.714886],[-0.29226,-0.664121,0.688133]],[[0.860624,-0.489811,-0.139327],[0.350351,0.768061,-0.536038],[0.369569,0.412514,0.832617]],[[0.860624,-0.489811,-0.139327],[-0.308041,-0.282864,-0.908349],[0.405509,0.824665,-0.394322]],[[0.860624,-0.489811,-0.139327],[-0.486606,-0.710327,-0.508576],[0.150138,0.50549,-0.84967]]],"btipPosition":[66.364,232.472,-6.93743],"carpPosition":[72.9857,233.389,39.9167],"dipPosition":[68.9448,241.161,-21.5425],"direction":[-0.405509,-0.824665,0.394322],"extended":false,"handId":699,"id":6994,"length":50.3709,"mcpPosition":[89.8856,271.792,0.125593],"pipPosition":[76.8541,257.246,-29.2336],"stabilizedTipPosition":[48.9265,216.186,29.7402],"timeVisible":92.5362,"tipPosition":[66.564,234.565,-9.73473],"tipVelocity":[87.6636,275.07,-182.332],"tool":false,"touchDistance":0.333333,"touchZone":"none","type":4,"width":16.013}],"r":[[0.948366,-0.0969401,0.302002],[0.0726534,0.993228,0.090667],[-0.308746,-0.064044,0.948986]],"s":1.14175,"t":[15.3543,-17.8935,-150.47],"timestamp":523810684870},false],[6,{"currentFrameRate":110.478,"devices":[],"gestures":[],"hands":[{"armBasis":[[0.922996,0.077795,-0.376863],[0.102018,0.894838,0.434578],[0.371039,-0.439561,0.817995]],"armWidth":63.5437,"confidence":0.506872,"direction":[0.0453129,0.778578,-0.62591],"elbow":[157.834,110.505,264.115],"grabStrength":0,"id":699,"palmNormal":[-0.0914182,-0.620692,-0.778706],"palmPosition":[52.4147,268.814,7.1348],"palmVelocity":[111.617,257.641,-130.995],"palmWidth":90.7382,"pinchStrength":0.471628,"r":[[0.949108,-0.103904,0.297319],[0.0783047,0.99222,0.0967863],[-0.305063,-0.0685791,0.94986]],"s":1.13823,"sphereCenter":[24.4937,265.652,-30.732],"sphereRadius":49.2832,"stabilizedPalmPosition":[43.56,257.066,27.7754],"t":[16.279,-15.8277,-151.406],"timeVisible":92.545,"type":"right","wrist":[57.9304,228.858,43.8678]}],"id":4287760,"interactionBox":{"center":[0,200,0],"size":[235.247,235.247,147.751]},"pointables":[{"bases":[[[0.490906,0.669866,0.557037],[-0.777394,0.0481784,0.627166],[0.39328,-0.740917,0.544401]],[[0.34114,0.869983,0.356023],[-0.813446,0.0834049,0.57563],[0.471094,-0.485976,0.736137]],[[0.34114,0.869983,0.356023],[-0.926544,0.247317,0.283463],[0.158558,-0.426572,0.890447]],[[0.34114,0.869983,0.356023],[-0.656187,0.49159,-0.572501],[-0.673084,-0.038315,0.738573]]],"btipPosition":[15.3774,261.735,-45.3173],"carpPosition":[28.5104,222.146,38.8409],"dipPosition":[-0.331626,260.841,-28.0799],"direction":[-0.158558,0.426572,-0.890447],"extended":false,"handId":699,"id":6990,"length":51.9721,"mcpPosition":[28.5104,222.146,38.8409],"pipPosition":[5.05953,246.337,2.1964],"stabilizedTipPosition":[-7.47578,247.585,14.8561],"timeVisible":92.545,"tipPosition":[11.5751,263.143,-39.579],"tipVelocity":[104.939,232.747,-188.71],"tool":false,"touchDistance":-0.64514,"touchZone":"hovering","type":0,"width":20.194},{"bases":[[[0.988267,0.039533,-0.147531],[0.0722565,0.729984,0.679634],[0.134563,-0.68232,0.718563]],[[0.962123,0.128574,-0.24039],[0.0868741,0.691219,0.717404],[0.258402,-0.711115,0.653868]],[[0.962123,0.128574,-0.24039],[-0.0205469,0.913487,0.40635],[0.271839,-0.386019,0.881529]],[[0.962123,0.128574,-0.24039],[-0.106432,0.988973,0.102983],[0.25098,-0.0734969,0.965198]]],"btipPosition":[7.00577,332.895,-71.4256],"carpPosition":[38.7775,241.813,46.9998],"dipPosition":[11.282,331.643,-54.9802],"direction":[-0.271839,0.386019,-0.881529],"extended":true,"handId":699,"id":6991,"length":58.6448,"mcpPosition":[28.9051,291.872,-5.71827],"pipPosition":[17.8343,322.338,-33.7323],"stabilizedTipPosition":[-4.24234,324.051,-38.0888],"timeVisible":92.545,"tipPosition":[8.02232,334.542,-66.0806],"tipVelocity":[120.543,206.911,-150.762],"tool":false,"touchDistance":-0.584462,"touchZone":"hovering","type":1,"width":19.2893},{"bases":[[[0.970466,-0.178042,-0.162779],[0.241231,0.711001,0.660518],[-0.00186386,-0.680278,0.732952]],[[0.970319,-0.1648,-0.176979],[0.0361814,0.822535,-0.567562],[0.239106,0.544313,0.804084]],[[0.970319,-0.1648,-0.176979],[-0.230212,-0.4054,-0.884677],[0.074048,0.899162,-0.431306]],[[0.970319,-0.1648,-0.176979],[-0.229425,-0.858701,-0.458255],[-0.0764515,0.485257,-0.871023]]],"btipPosition":[38.7952,230.508,-15.1518],"carpPosition":[50.8257,243.933,45.9394],"dipPosition":[37.3625,239.601,-31.4748],"direction":[-0.074048,-0.899162,0.431306],"extended":false,"handId":699,"id":6992,"length":66.821,"mcpPosition":[50.9554,291.263,-5.05571],"pipPosition":[39.4623,265.1,-43.7056],"stabilizedTipPosition":[23.0967,215.58,17.6385],"timeVisible":92.545,"tipPosition":[38.6371,232.474,-18.4931],"tipVelocity":[72.4587,277.051,-137.585],"tool":false,"touchDistance":0.333333,"touchZone":"none","type":2,"width":18.9446},{"bases":[[[0.938649,-0.329298,-0.102471],[0.309768,0.674416,0.670229],[-0.151597,-0.660852,0.735046]],[[0.940787,-0.319496,-0.113323],[0.191665,0.777038,-0.599564],[0.279614,0.542342,0.792263]],[[0.940787,-0.319496,-0.113323],[-0.244991,-0.409734,-0.878691],[0.234306,0.854424,-0.463746]],[[0.940787,-0.319496,-0.113323],[-0.335459,-0.829223,-0.447053],[0.048862,0.458597,-0.8873]]],"btipPosition":[52.5028,227.926,-7.92401],"carpPosition":[62.8748,242.957,43.9483],"dipPosition":[53.4132,236.47,-24.4564],"direction":[-0.234306,-0.854424,0.463746],"extended":false,"handId":699,"id":6993,"length":64.2502,"mcpPosition":[72.3445,284.239,-1.96753],"pipPosition":[59.886,260.074,-37.2676],"stabilizedTipPosition":[37.9283,213.977,24.2341],"timeVisible":92.545,"tipPosition":[52.8425,229.925,-11.7807],"tipVelocity":[74.498,261.024,-136.461],"tool":false,"touchDistance":0.333333,"touchZone":"none","type":3,"width":18.027},{"bases":[[[0.850623,-0.510448,-0.126032],[0.437373,0.553936,0.708421],[-0.291798,-0.657722,0.694447]],[[0.856918,-0.495655,-0.141486],[0.351264,0.762415,-0.543449],[0.377234,0.415992,0.827433]],[[0.856918,-0.495655,-0.141486],[-0.315437,-0.287169,-0.904452],[0.407666,0.819671,-0.402428]],[[0.856918,-0.495655,-0.141486],[-0.493868,-0.710895,-0.500722],[0.147604,0.498953,-0.853967]]],"btipPosition":[66.9593,234.218,-7.71014],"carpPosition":[73.8765,235.418,39.0943],"dipPosition":[69.4965,242.795,-22.3891],"direction":[-0.407666,-0.819671,0.402428],"extended":false,"handId":699,"id":6994,"length":50.3709,"mcpPosition":[90.7497,273.451,-1.0619],"pipPosition":[77.4479,258.782,-30.2383],"stabilizedTipPosition":[52.1841,219.687,22.5962],"timeVisible":92.545,"tipPosition":[67.1561,236.292,-10.5285],"tipVelocity":[81.9925,253.724,-157.446],"tool":false,"touchDistance":0.333333,"touchZone":"none","type":4,"width":16.013}],"r":[[0.949108,-0.103904,0.297319],[0.0783047,0.99222,0.0967863],[-0.305063,-0.0685791,0.94986]],"s":1.13823,"t":[16.279,-15.8277,-151.406],"timestamp":523810693659},false],[7,{"currentFrameRate":110.344,"devices":[],"gestures":[],"hands":[{"armBasis"