{"sensorType":"Leap","data":[[0,{"currentFrameRate":107.238,"devices":[],"gestures":[],"hands":[{"armBasis":[[0.938971,0.141933,-0.313351],[0.0351097,0.866614,0.497742],[0.3422,-0.478367,0.808742]],"armWidth":63.5437,"confidence":0.537998,"direction":[0.00236052,0.716063,-0.698032],"elbow":[153.18,114.015,270.317],"grabStrength":1,"id":699,"palmNormal":[-0.0358277,-0.697525,-0.715664],"palmPosition":[53.4172,278.575,12.0704],"palmVelocity":[111.313,191.178,-189.613],"palmWidth":90.7382,"pinchStrength":0.617742,"r":[[0.940127,-0.0372756,0.338779],[0.0461588,0.998768,-0.0181992],[-0.337684,0.0327472,0.94069]],"s":0.987644,"sphereCenter":[24.9852,273.934,-21.9127],"sphereRadius":48.3683,"stabilizedPalmPosition":[12.1515,259.551,143.788],"t":[17.196,-5.66609,-145.839],"timeVisible":76.6825,"type":"right","wrist":[61.0412,242.817,52.5605]}],"id":4286050,"interactionBox":{"center":[0,200,0],"size":[235.247,235.247,147.751]},"pointables":[{"bases":[[[0.434644,0.752869,0.49424],[-0.789174,0.0539756,0.611794],[0.433924,-0.655953,0.617605]],[[0.289631,0.911118,0.293221],[-0.784425,0.0504136,0.618172],[0.548445,-0.409051,0.729305]],[[0.289631,0.911118,0.293221],[-0.956417,0.287391,0.0517053],[-0.0371594,-0.295417,0.954645]],[[0.289631,0.911118,0.293221],[-0.450512,0.400065,-0.798115],[-0.844484,0.0990589,0.526341]]],"btipPosition":[25.9079,261.715,-33.1304],"carpPosition":[32.2365,233.62,47.9172],"dipPosition":[6.19864,264.027,-20.8463],"direction":[0.0371594,0.295417,-0.954645],"extended":false,"handId":699,"id":6990,"length":51.9721,"mcpPosition":[32.2365,233.62,47.9172],"pipPosition":[4.93518,253.982,11.6129],"stabilizedTipPosition":[-27.2089,258.464,114.967],"timeVisible":76.6825,"tipPosition":[21.6448,263.451,-29.3684],"tipVelocity":[103.72,198.182,-252.817],"tool":false,"touchDistance":-0.696221,"touchZone":"hovering","type":0,"width":20.194},{"bases":[[[0.985564,0.0939091,-0.140868],[0.0108859,0.795186,0.606268],[0.168951,-0.599049,0.782685]],[[0.964538,0.151552,-0.216096],[0.0980394,0.554436,0.826432],[0.245059,-0.818311,0.519916]],[[0.964538,0.151552,-0.216096],[-0.158455,0.987254,-0.0148786],[0.211087,0.0485924,0.976259]],[[0.964538,0.151552,-0.216096],[-0.263907,0.567207,-0.780147],[0.0043381,0.809511,0.587088]]],"btipPosition":[12.9418,318.693,-59.0013],"carpPosition":[40.9981,254.647,54.2305],"dipPosition":[13.0157,332.485,-48.9983],"direction":[-0.211087,-0.0485924,-0.976259],"extended":false,"handId":699,"id":6991,"length":58.6448,"mcpPosition":[28.6029,298.597,-3.192],"pipPosition":[18.1037,333.657,-25.467],"stabilizedTipPosition":[-35.0691,301.56,74.4277],"timeVisible":76.6825,"tipPosition":[12.8984,321.773,-55.4739],"tipVelocity":[130.153,223.389,-210.128],"tool":false,"touchDistance":-0.681397,"touchZone":"hovering","type":1,"width":19.2893},{"bases":[[[0.982936,-0.124833,-0.135106],[0.181057,0.78627,0.590761],[0.0324831,-0.605142,0.795455]],[[0.983423,-0.138714,-0.11678],[0.0173089,0.712907,-0.701045],[0.180498,0.687403,0.70349]],[[0.983423,-0.138714,-0.11678],[-0.165382,-0.422083,-0.891344],[0.0743511,0.895882,-0.438027]],[[0.983423,-0.138714,-0.11678],[-0.180167,-0.820225,-0.542928],[-0.0204743,0.554968,-0.83162]]],"btipPosition":[40.2283,230.746,-8.06365],"carpPosition":[52.8891,257.49,53.0887],"dipPosition":[39.8447,241.146,-23.6482],"direction":[-0.0743511,-0.895882,0.438027],"extended":false,"handId":699,"id":6992,"length":66.821,"mcpPosition":[50.6291,299.593,-2.25499],"pipPosition":[41.9531,266.551,-36.0696],"stabilizedTipPosition":[-6.77659,217.312,115.504],"timeVisible":76.6825,"tipPosition":[40.073,233.348,-12.4],"tipVelocity":[135.115,212.315,-240.499],"tool":false,"touchDistance":0.333333,"touchZone":"none","type":2,"width":18.9446},{"bases":[[[0.960538,-0.271439,-0.0607225],[0.251764,0.75565,0.604655],[-0.118242,-0.596082,0.79417]],[[0.964381,-0.248266,-0.091283],[0.106089,0.679147,-0.726295],[0.242309,0.690742,0.681295]],[[0.964381,-0.248266,-0.091283],[-0.195323,-0.435656,-0.878665],[0.178374,0.865198,-0.468631]],[[0.964381,-0.248266,-0.091283],[-0.258109,-0.807727,-0.530053],[0.0578623,0.534735,-0.843037]]],"btipPosition":[55.5921,229.763,0.0102177],"carpPosition":[65.008,257.169,51.3213],"dipPosition":[56.6702,239.726,-15.6975],"direction":[-0.178374,-0.865198,0.468631],"extended":false,"handId":699,"id":6993,"length":64.2502,"mcpPosition":[72.3942,294.404,1.71217],"pipPosition":[61.5979,263.628,-28.6436],"stabilizedTipPosition":[10.0942,213.755,107.343],"timeVisible":76.6825,"tipPosition":[55.8656,232.13,-4.10053],"tipVelocity":[130.613,209.329,-240.421],"tool":false,"touchDistance":0.333333,"touchZone":"none","type":3,"width":18.027},{"bases":[[[0.885506,-0.459704,-0.0674641],[0.386656,0.648582,0.655621],[-0.257635,-0.606642,0.75207]],[[0.840227,-0.540797,0.0394627],[0.414897,0.594347,-0.688921],[0.349112,0.595223,0.723761]],[[0.840227,-0.540797,0.0394627],[-0.197847,-0.373523,-0.906277],[0.504852,0.75367,-0.420839]],[[0.840227,-0.540797,0.0394627],[-0.421863,-0.697693,-0.579013],[0.340661,0.469854,-0.814363]]],"btipPosition":[63.4634,241.297,0.528478],"carpPosition":[76.5785,249.983,47.331],"dipPosition":[69.3191,249.374,-13.4697],"direction":[-0.504852,-0.75367,0.420839],"extended":false,"handId":699,"id":6994,"length":50.3709,"mcpPosition":[91.4762,285.062,3.84279],"pipPosition":[79.1661,264.074,-21.678],"stabilizedTipPosition":[20.934,225.316,104.259],"timeVisible":76.6825,"tipPosition":[64.7193,243.326,-3.12899],"tipVelocity":[130.045,209.574,-226.983],"tool":false,"touchDistance":0.333333,"touchZone":"none","type":4,"width":16.013}],"r":[[0.940127,-0.0372756,0.338779],[0.0461588,0.998768,-0.0181992],[-0.337684,0.0327472,0.94069]],"s":0.987644,"t":[17.196,-5.66609,-145.839],"timestamp":523794831212},false],[1,{"currentFrameRate":107.44,"devices":[],"gestures":[],"hands":[{"armBasis":[[0.939427,0.14388,-0.311088],[0.027628,0.872883,0.487146],[0.341634,-0.466233,0.816035]],"armWidth":63.5437,"confidence":0.537089,"direction":[-0.000352007,0.719898,-0.69408],"elbow":[154.067,118.989,270.53],"grabStrength":1,"id":699,"palmNormal":[-0.0289777,-0.693796,-0.719589],"palmPosition":[54.339,280.452,10.4941],"palmVelocity":[109.072,196.299,-185.985],"palmWidth":90.7382,"pinchStrength":0.619415,"r":[[0.939085,-0.0369185,0.341696],[0.042388,0.999065,-0.0085513],[-0.341061,0.0225142,0.939772]],"s":0.98829,"sphereCenter":[26.3516,275.585,-23.786],"sphereRadius":48.2411,"stabilizedPalmPosition":[14.0154,260.475,137.899],"t":[18.162,-3.89477,-147.411],"timeVisible":76.6915,"type":"right","wrist":[62.0812,244.523,50.8103]}],"id":4286051,"interactionBox":{"center":[0,200,0],"size":[235.247,235.247,147.751]},"pointables":[{"bases":[[[0.428078,0.753034,0.499689],[-0.791359,0.0453072,0.60967],[0.436463,-0.65642,0.615315]],[[0.279384,0.913826,0.294733],[-0.787442,0.042414,0.614927],[0.549436,-0.403886,0.731435]],[[0.279384,0.913826,0.294733],[-0.959556,0.276784,0.0514088],[-0.0345988,-0.297176,0.954196]],[[0.279384,0.913826,0.294733],[-0.45386,0.396184,-0.798154],[-0.846142,0.0892235,0.525436]]],"btipPosition":[26.9269,263.286,-35.0885],"carpPosition":[33.3531,235.159,46.0288],"dipPosition":[7.17892,265.368,-22.8255],"direction":[0.0345988,0.297176,-0.954196],"extended":false,"handId":699,"id":6990,"length":51.9721,"mcpPosition":[33.3531,235.159,46.0288],"pipPosition":[6.00251,255.264,9.61836],"stabilizedTipPosition":[-25.8117,258.613,110.819],"timeVisible":76.6915,"tipPosition":[22.6753,264.983,-31.3413],"tipVelocity":[106.249,190.441,-243.739],"tool":false,"touchDistance":-0.684376,"touchZone":"hovering","type":0,"width":20.194},{"bases":[[[0.985331,0.101295,-0.137343],[0.00370946,0.791888,0.610655],[0.170616,-0.602206,0.779896]],[[0.964525,0.158362,-0.21122],[0.088143,0.561001,0.823109],[0.248844,-0.812527,0.527141]],[[0.964525,0.158362,-0.21122],[-0.165444,0.986087,-0.0161736],[0.20572,0.0505448,0.977305]],[[0.964525,0.158362,-0.21122],[-0.263985,0.572526,-0.776226],[-0.00199541,0.804448,0.59402]]],"btipPosition":[13.8507,320.278,-60.9959],"carpPosition":[41.954,256.21,52.484],"dipPosition":[13.8167,333.984,-50.8748],"direction":[-0.20572,-0.0505448,-0.977305],"extended":false,"handId":699,"id":6991,"length":58.6448,"mcpPosition":[29.4366,300.391,-4.73381],"pipPosition":[18.7753,335.202,-27.3184],"stabilizedTipPosition":[-29.8891,303.877,60.3323],"timeVisible":76.6915,"tipPosition":[13.7746,323.481,-57.4065],"tipVelocity":[121.617,210.199,-212.845],"tool":false,"touchDistance":-0.671103,"touchZone":"hovering","type":1,"width":19.2893},{"bases":[[[0.984156,-0.117489,-0.132789],[0.173983,0.784199,0.595618],[0.0341549,-0.609284,0.792216]],[[0.984676,-0.131185,-0.114909],[0.0140408,0.716399,-0.69755],[0.173828,0.685247,0.707262]],[[0.984676,-0.131185,-0.114909],[-0.160182,-0.419798,-0.893371],[0.0689579,0.898087,-0.434378]],[[0.984676,-0.131185,-0.114909],[-0.172939,-0.819482,-0.54639],[-0.0224879,0.557889,-0.829611]]],"btipPosition":[41.5632,232.669,-9.85528],"carpPosition":[53.829,259.138,51.3942],"dipPosition":[41.1418,243.123,-25.4022],"direction":[-0.0689579,-0.898087,0.434378],"extended":false,"handId":699,"id":6992,"length":66.821,"mcpPosition":[51.4527,301.529,-3.72415],"pipPosition":[43.0973,268.591,-37.7201],"stabilizedTipPosition":[-4.4506,218.169,109.287],"timeVisible":76.6915,"tipPosition":[41.393,235.272,-14.1805],"tipVelocity":[138.728,213.447,-229.287],"tool":false,"touchDistance":0.333333,"touchZone":"none","type":2,"width":18.9446},{"bases":[[[0.962521,-0.264649,-0.0592808],[0.244852,0.753979,0.60956],[-0.116623,-0.601229,0.790521]],[[0.966296,-0.241315,-0.0896595],[0.103985,0.684483,-0.721575],[0.235497,0.687931,0.686507]],[[0.966296,-0.241315,-0.0896595],[-0.189695,-0.432005,-0.881696],[0.174033,0.868987,-0.463221]],[[0.966296,-0.241315,-0.0896595],[-0.251107,-0.806797,-0.534813],[0.0567215,0.539302,-0.8402]]],"btipPosition":[56.8828,231.759,-1.85562],"carpPosition":[65.9551,258.908,49.662],"dipPosition":[57.9396,241.808,-17.5105],"direction":[-0.174033,-0.868987,0.463221],"extended":false,"handId":699,"id":6993,"length":64.2502,"mcpPosition":[73.2402,296.465,0.280852],"pipPosition":[62.7474,265.814,-30.3071],"stabilizedTipPosition":[12.2578,214.689,102.154],"timeVisible":76.6915,"tipPosition":[57.1501,234.133,-5.92694],"tipVelocity":[134.219,213.734,-231.391],"tool":false,"touchDistance":0.333333,"touchZone":"none","type":3,"width":18.027},{"bases":[[[0.888778,-0.453373,-0.0672847],[0.380307,0.647539,0.660349],[-0.255815,-0.612492,0.747939]],[[0.844197,-0.534677,0.0381166],[0.413225,0.603845,-0.681628],[0.341434,0.591179,0.730705]],[[0.844197,-0.534677,0.0381166],[-0.19153,-0.36729,-0.910173],[0.500648,0.761064,-0.412472]],[[0.844197,-0.534677,0.0381166],[-0.414838,-0.696706,-0.585243],[0.339472,0.478248,-0.809961]]],"btipPosition":[64.7385,243.329,-1.37965],"carpPosition":[77.5857,251.822,45.6677],"dipPosition":[70.5737,251.549,-15.3022],"direction":[-0.500648,-0.761064,0.412472],"extended":false,"handId":699,"id":6994,"length":50.3709,"mcpPosition":[92.3781,287.239,2.41836],"pipPosition":[80.3387,266.394,-23.3473],"stabilizedTipPosition":[23.3786,226.394,98.3656],"timeVisible":76.6915,"tipPosition":[65.971,245.373,-4.93469],"tipVelocity":[133.336,215.406,-222.753],"tool":false,"touchDistance":0.333333,"touchZone":"none","type":4,"width":16.013}],"r":[[0.939085,-0.0369185,0.341696],[0.042388,0.999065,-0.0085513],[-0.341061,0.0225142,0.939772]],"s":0.98829,"t":[18.162,-3.89477,-147.411],"timestamp":523794840152},false],[2,{"currentFrameRate":107.435,"devices":[],"gestures":[],"hands":[{"armBasis":[[0.937873,0.141228,-0.316936],[0.0293743,0.877823,0.478084],[0.345732,-0.457692,0.819138]],"armWidth":63.5437,"confidence":0.53882,"direction":[-0.00038,0.722028,-0.691863],"elbow":[156.064,122.266,270.017],"grabStrength":1,"id":699,"palmNormal":[-0.0309445,-0.691541,-0.721674],"palmPosition":[55.2232,281.564,9.26699],"palmVelocity":[105.07,174.534,-170.644],"palmWidth":90.7382,"pinchStrength":0.621758,"r":[[0.938332,-0.0371191,0.343737],[0.0396154,0.999215,-0.000239991],[-0.343459,0.0138425,0.939066]],"s":0.988701,"sphereCenter":[27.4692,276.626,-25.162],"sphereRadius":48.1303,"stabilizedPalmPosition":[16.2255,261.606,131],"t":[19.0871,-2.45335,-148.811],"timeVisible":76.7008,"type":"right","wrist":[62.975,245.501,49.4614]}],"id":4286052,"interactionBox":{"center":[0,200,0],"size":[235.247,235.247,147.751]},"pointables":[{"bases":[[[0.429808,0.750919,0.501384],[-0.790421,0.044494,0.610945],[0.436462,-0.658894,0.612666]],[[0.278408,0.914489,0.293595],[-0.787751,0.0425323,0.614524],[0.549488,-0.402369,0.732231]],[[0.278408,0.914489,0.293595],[-0.959953,0.274895,0.0540558],[-0.0312745,-0.296887,0.9544]],[[0.278408,0.914489,0.293595],[-0.456383,0.394926,-0.797338],[-0.845105,0.0879936,0.527308]]],"btipPosition":[27.6614,264.26,-36.5151],"carpPosition":[34.2275,236.19,44.6925],"dipPosition":[7.93765,266.314,-24.2083],"direction":[0.0312745,0.296887,-0.9544],"extended":false,"handId":699,"id":6990,"length":51.9721,"mcpPosition":[34.2275,236.19,44.6925],"pipPosition":[6.87427,256.219,8.24245],"stabilizedTipPosition":[-24.2242,258.812,106.131],"timeVisible":76.7008,"tipPosition":[23.4167,265.954,-32.7688],"tipVelocity":[98.6711,165.959,-217.818],"tool":false,"touchDistance":-0.66552,"touchZone":"hovering","type":0,"width":20.194},{"bases":[[[0.985268,0.100395,-0.13845],[0.00565186,0.790002,0.613079],[0.170926,-0.604829,0.777796]],[[0.964749,0.157006,-0.211208],[0.0867741,0.567892,0.818516],[0.248455,-0.80799,0.534249]],[[0.964749,0.157006,-0.211208],[-0.164153,0.986295,-0.0166311],[0.205703,0.0507154,0.9773]],[[0.964749,0.157006,-0.211208],[-0.263167,0.580761,-0.770363],[0.0017102,0.79879,0.601607]]],"btipPosition":[14.6939,321.367,-62.5596],"carpPosition":[42.866,257.209,51.2],"dipPosition":[14.723,334.977,-52.3092],"direction":[-0.205703,-0.0507154,-0.9773],"extended":false,"handId":699,"id":6991,"length":58.6448,"mcpPosition":[30.3259,301.583,-5.86374],"pipPosition":[19.6812,336.2,-28.7529],"stabilizedTipPosition":[-24.7988,306.231,46.5721],"timeVisible":76.7008,"tipPosition":[14.6397,324.642,-58.9067],"tipVelocity":[113.263,183.164,-199.22],"tool":false,"touchDistance":-0.655334,"touchZone":"hovering","type":1,"width":19.2893},{"bases":[[[0.983806,-0.1184,-0.134567],[0.175893,0.782131,0.597773],[0.0344726,-0.611762,0.79029]],[[0.984329,-0.131972,-0.116962],[0.0136652,0.718356,-0.695542],[0.175813,0.683044,0.708902]],[[0.984329,-0.131972,-0.116962],[-0.162223,-0.417621,-0.894023],[0.0691404,0.898986,-0.432485]],[[0.984329,-0.131972,-0.116962],[-0.174783,-0.818158,-0.547784],[-0.0234012,0.559643,-0.828403]]],"btipPosition":[42.372,233.875,-11.1685],"carpPosition":[54.7434,260.125,50.1021],"dipPosition":[41.9335,244.363,-26.6928],"direction":[-0.0691404,-0.898986,0.432485],"extended":false,"handId":699,"id":6992,"length":66.821,"mcpPosition":[52.3449,302.688,-4.88229],"pipPosition":[43.8941,269.856,-38.9571],"stabilizedTipPosition":[-1.728,219.225,102.06],"timeVisible":76.7008,"tipPosition":[42.1932,236.478,-15.4798],"tipVelocity":[123.932,189.947,-204.16],"tool":false,"touchDistance":0.333333,"touchZone":"none","type":2,"width":18.9446},{"bases":[[[0.962078,-0.265756,-0.0614796],[0.246741,0.751773,0.61152],[-0.116297,-0.603499,0.788837]],[[0.965839,-0.242347,-0.0917752],[0.103981,0.686815,-0.719357],[0.237367,0.68524,0.688552]],[[0.965839,-0.242347,-0.0917752],[-0.191545,-0.429098,-0.882715],[0.174543,0.87014,-0.46086]],[[0.965839,-0.242347,-0.0917752],[-0.252983,-0.805016,-0.536608],[0.056165,0.541495,-0.838826]]],"btipPosition":[57.6869,232.924,-3.24266],"carpPosition":[66.8666,259.884,48.3518],"dipPosition":[58.7334,243.013,-18.8719],"direction":[-0.174543,-0.87014,0.46086],"extended":false,"handId":699,"id":6993,"length":64.2502,"mcpPosition":[74.1313,297.583,-0.924244],"pipPosition":[63.5552,267.051,-31.6033],"stabilizedTipPosition":[14.7748,215.822,96.1474],"timeVisible":76.7008,"tipPosition":[57.9497,235.301,-7.29536],"tipVelocity":[120.604,188.939,-207.887],"tool":false,"touchDistance":0.333333,"touchZone":"none","type":3,"width":18.027},{"bases":[[[0.888069,-0.454356,-0.0699571],[0.382125,0.644995,0.661787],[-0.255564,-0.614445,0.746421]],[[0.843949,-0.535318,0.0344263],[0.412783,0.607102,-0.678997],[0.342579,0.58725,0.733333]],[[0.843949,-0.535318,0.0344263],[-0.19323,-0.363249,-0.911434],[0.500412,0.762552,-0.410003]],[[0.843949,-0.535318,0.0344263],[-0.416542,-0.694429,-0.586738],[0.337998,0.480837,-0.809045]]],"btipPosition":[65.6098,244.479,-2.79724],"carpPosition":[78.4819,252.795,44.3189],"dipPosition":[71.4197,252.744,-16.704],"direction":[-0.500412,-0.762552,0.410003],"extended":false,"handId":699,"id":6994,"length":50.3709,"mcpPosition":[93.2598,288.325,1.15735],"pipPosition":[81.1801,267.617,-24.701],"stabilizedTipPosition":[26.1735,227.676,91.6707],"timeVisible":76.7008,"tipPosition":[66.8219,246.521,-6.30893],"tipVelocity":[121.905,189.728,-202.688],"tool":false,"touchDistance":0.333333,"touchZone":"none","type":4,"width":16.013}],"r":[[0.938332,-0.0371191,0.343737],[0.0396154,0.999215,-0.000239991],[-0.343459,0.0138425,0.939066]],"s":0.988701,"t":[19.0871,-2.45335,-148.811],"timestamp":523794849468},false],[3,{"currentFrameRate":107.705,"devices":[],"gestures":[],"hands":[{"armBasis":[[0.936654,0.130365,-0.325091],[0.0375961,0.88537,0.463364],[0.348232,-0.446234,0.824384]],"armWidth":63.5437,"confidence":0.544155,"direction":[0.00309285,0.720179,-0.693781],"elbow":[157.362,127.177,269.481],"grabStrength":1,"id":699,"palmNormal":[-0.0385992,-0.693181,-0.719729],"palmPosition":[56.0035,283.343,7.24728],"palmVelocity":[100.667,182.001,-186.53],"palmWidth":90.7382,"pinchStrength":0.621834,"r":[[0.93788,-0.0385768,0.344808],[0.0389503,0.999224,0.0058471],[-0.344766,0.0079465,0.938655]],"s":0.989139,"sphereCenter":[28.3578,278.384,-27.2085],"sphereRadius":48.0437,"stabilizedPalmPosition":[18.4595,262.827,124.05],"t":[19.9398,-0.843164,-150.52],"timeVisible":76.7096,"type":"right","wrist":[63.5992,247.326,47.5134]}],"id":4286053,"interactionBox":{"center":[0,200,0],"size":[235.247,235.247,147.751]},"pointables":[{"bases":[[[0.437223,0.748859,0.498043],[-0.788135,0.0522832,0.613277],[0.433219,-0.660664,0.613061]],[[0.28296,0.91563,0.285578],[-0.787804,0.0520416,0.613724],[0.547082,-0.398638,0.736063]],[[0.28296,0.91563,0.285578],[-0.958747,0.278453,0.0571708],[-0.0271726,-0.289974,0.956649]],[[0.28296,0.91563,0.285578],[-0.458669,0.390671,-0.798122],[-0.842352,0.0948504,0.530516]]],"btipPosition":[28.115,265.717,-38.691],"carpPosition":[34.7651,238.228,42.8587],"dipPosition":[8.45554,267.931,-26.3094],"direction":[0.0271726,0.289974,-0.956649],"extended":false,"handId":699,"id":6990,"length":51.9721,"mcpPosition":[34.7651,238.228,42.8587],"pipPosition":[7.53163,258.072,6.21786],"stabilizedTipPosition":[-22.6796,259.051,101.545],"timeVisible":76.7096,"tipPosition":[23.8903,267.484,-34.9143],"tipVelocity":[86.4432,167.017,-225.257],"tool":false,"touchDistance":-0.659681,"touchZone":"hovering","type":0,"width":20.194},{"bases":[[[0.985584,0.0923259,-0.141777],[0.0137365,0.79155,0.61095],[0.16863,-0.60409,0.77887]],[[0.965601,0.148171,-0.213681],[0.0912438,0.576435,0.812033],[0.243493,-0.803597,0.543087]],[[0.965601,0.148171,-0.213681],[-0.155735,0.987618,-0.0189126],[0.208233,0.0515396,0.97672]],[[0.965601,0.148171,-0.213681],[-0.259729,0.588976,-0.765277],[0.0124614,0.794451,0.6072]]],"btipPosition":[15.5524,323.166,-65.0151],"carpPosition":[43.5877,259.196,49.2833],"dipPosition":[15.7648,336.702,-54.6695],"direction":[-0.208233,-0.0515396,-0.97672],"extended":false,"handId":699,"id":6991,"length":58.6448,"mcpPosition":[31.216,303.516,-7.85932],"pipPosition":[20.7839,337.944,-31.1271],"stabilizedTipPosition":[-20.4199,308.404,34.7354],"timeVisible":76.7096,"tipPosition":[15.5532,326.456,-61.3117],"tipVelocity":[110.341,188.393,-220.084],"tool":false,"touchDistance":-0.654639,"touchZone":"hovering","type":1,"width":19.2893},{"bases":[[[0.982426,-0.12644,-0.137307],[0.183862,0.782308,0.595137],[0.0321672,-0.609924,0.791807]],[[0.982891,-0.139571,-0.120189],[0.015937,0.714528,-0.699425],[0.183498,0.685543,0.704528]],[[0.982891,-0.139571,-0.120189],[-0.168888,-0.422537,-0.890471],[0.0734997,0.895535,-0.43888]],[[0.982891,-0.139571,-0.120189],[-0.182747,-0.820458,-0.541712],[-0.0230027,0.554408,-0.831927]]],"btipPosition":[42.7726,235.714,-12.7779],"carpPosition":[55.484,262.016,48.1407],"dipPosition":[42.3415,246.104,-28.3682],"direction":[-0.0734996,-0.895535,0.43888],"extended":false,"handId":699,"id":6992,"length":66.821,"mcpPosition":[53.246,304.451,-6.94924],"pipPosition":[44.4258,271.499,-40.8138],"stabilizedTipPosition":[1.0181,220.392,94.7357],"timeVisible":76.7096,"tipPosition":[42.5823,238.283,-17.1418],"tipVelocity":[102.878,194.418,-198.923],"tool":false,"touchDistance":0.333333,"touchZone":"none","type":2,"width":18.9446},{"bases":[[[0.959777,-0.273428,-0.0637598],[0.254514,0.751434,0.608744],[-0.118537,-0.600487,0.7908]],[[0.963622,-0.250162,-0.0940869],[0.108058,0.68663,-0.718932],[0.244452,0.682611,0.688683]],[[0.963622,-0.250162,-0.0940869],[-0.197174,-0.427737,-0.882136],[0.180433,0.868597,-0.461502]],[[0.963622,-0.250162,-0.0940869],[-0.260896,-0.804008,-0.534326],[0.0580215,0.539435,-0.840026]]],"btipPosition":[58.0467,234.726,-5.3295],"carpPosition":[67.5995,261.676,46.3533],"dipPosition":[59.1278,244.777,-20.9811],"direction":[-0.180433,-0.868596,0.461502],"extended":false,"handId":699,"id":6993,"length":64.2502,"mcpPosition":[75.0041,299.186,-3.04531],"pipPosition":[64.1123,268.772,-33.7303],"stabilizedTipPosition":[17.2389,217.023,90.198],"timeVisible":76.7096,"tipPosition":[58.3159,237.062,-9.28811],"tipVelocity":[99.3883,192.959,-215.958],"tool":false,"touchDistance":0.333333,"touchZone":"none","type":3,"width":18.027},{"bases":[[[0.884272,-0.461465,-0.0715046],[0.389217,0.643735,0.658875],[-0.258018,-0.610455,0.748847]],[[0.840136,-0.541391,0.0326573],[0.415099,0.603066,-0.681178],[0.34909,0.585839,0.731389]],[[0.840136,-0.541391,0.0326573],[-0.198946,-0.363622,-0.910055],[0.504571,0.758073,-0.4132]],[[0.840136,-0.541391,0.0326573],[-0.423761,-0.692793,-0.583493],[0.338523,0.476375,-0.811461]]],"btipPosition":[66.0965,246.153,-4.78063],"carpPosition":[79.1464,254.485,42.3034],"dipPosition":[71.9154,254.341,-18.7289],"direction":[-0.504571,-0.758073,0.4132],"extended":false,"handId":699,"id":6994,"length":50.3709,"mcpPosition":[94.0662,289.785,-0.998487],"pipPosition":[81.7568,269.127,-26.7882],"stabilizedTipPosition":[28.8676,229.005,85.1636],"timeVisible":76.7096,"tipPosition":[67.3025,248.171,-8.28033],"tipVelocity":[104.043,189.347,-209.126],"tool":false,"touchDistance":0.333333,"touchZone":"none","type":4,"width":16.013}],"r":[[0.93788,-0.0385768,0.344808],[0.0389503,0.999224,0.0058471],[-0.344766,0.0079465,0.938655]],"s":0.989139,"t":[19.9398,-0.843164,-150.52],"timestamp":523794858263},false],[4,{"currentFrameRate":107.761,"devices":[],"gestures":[],"hands":[{"armBasis":[[0.936922,0.132911,-0.323283],[0.0353858,0.884067,0.466019],[0.347743,-0.448063,0.823598]],"armWidth":63.5437,"confidence":0.549157,"direction":[0.00487087,0.720467,-0.693472],"elbow":[157.824,129.247,267.173],"grabStrength":0.986007,"id":699,"palmNormal":[-0.0356595,-0.692914,-0.720137],"palmPosition":[56.7054,285.916,5.14064],"palmVelocity":[93.9123,209.464,-198.535],"palmWidth":90.7382,"pinchStrength":0.628598,"r":[[0.937293,-0.0396345,0.346283],[0.0382539,0.999209,0.0108238],[-0.346438,0.00310163,0.938068]],"s":0.989343,"sphereCenter":[29.4437,280.816,-29.5335],"sphereRadius":47.9516,"stabilizedPalmPosition":[20.9787,264.347,116.218],"t":[20.7171,1.24856,-152.429],"timeVisible":76.7188,"type":"right","wrist":[64.1934,249.889,45.4173]}],"id":4286054,"interactionBox":{"center":[0,200,0],"size":[235.247,235.247,147.751]},"pointables":[{"bases":[[[0.434982,0.748985,0.499811],[-0.790226,0.051433,0.610653],[0.431664,-0.660587,0.61424]],[[0.2759,0.919628,0.279576],[-0.793968,0.0541082,0.605546],[0.54175,-0.389045,0.745084]],[[0.2759,0.919628,0.279576],[-0.960792,0.272199,0.0527981],[-0.0275457,-0.283182,0.958671]],[[0.2759,0.919628,0.279576],[-0.45916,0.381632,-0.802203],[-0.844424,0.0929575,0.527549]]],"btipPosition":[29.0584,267.596,-41.336],"carpPosition":[35.382,240.77,40.6622],"dipPosition":[9.35054,269.765,-29.0237],"direction":[0.0275457,0.283182,-0.958671],"extended":false,"handId":699,"id":6990,"length":51.9721,"mcpPosition":[35.382,240.77,40.6622],"pipPosition":[8.41395,260.137,3.57231],"stabilizedTipPosition":[-21.02,259.369,96.6215],"timeVisible":76.7188,"tipPosition":[24.7687,269.447,-37.5278],"tipVelocity":[90.6672,177.212,-243.312],"tool":false,"touchDistance":-0.661961,"touchZone":"hovering","type":0,"width":20.194},{"bases":[[[0.985983,0.093132,-0.138435],[0.0110867,0.791309,0.611316],[0.166478,-0.604282,0.779184]],[[0.966491,0.148317,-0.209515],[0.0854752,0.583669,0.80748],[0.24205,-0.798331,0.551434]],[[0.966491,0.148317,-0.209515],[-0.155788,0.987597,-0.0195246],[0.20402,0.0515104,0.977611]],[[0.966491,0.148317,-0.209515],[-0.256399,0.597199,-0.760008],[0.0123998,0.788261,0.615216]]],"btipPosition":[16.4541,325.607,-67.7122],"carpPosition":[44.1671,261.742,47.1249],"dipPosition":[16.6654,339.038,-57.2299],"direction":[-0.20402,-0.0515104,-0.977611],"extended":false,"handId":699,"id":6991,"length":58.6448,"mcpPosition":[31.9533,306.076,-10.0407],"pipPosition":[21.583,340.279,-33.6661],"stabilizedTipPosition":[-16.2346,310.704,23.3958],"timeVisible":76.7188,"tipPosition":[16.4588,328.907,-63.9497],"tipVelocity":[106.956,209.317,-239.725],"tool":false,"touchDistance":-0.657493,"touchZone":"hovering","type":1,"width":19.2893},{"bases":[[[0.982976,-0.125638,-0.134064],[0.181272,0.782203,0.59607],[0.0299766,-0.610225,0.791661]],[[0.983391,-0.138547,-0.11725],[0.017273,0.714505,-0.699417],[0.180678,0.685775,0.705031]],[[0.983391,-0.138547,-0.11725],[-0.165847,-0.42347,-0.8906],[0.0737383,0.895253,-0.439414]],[[0.983391,-0.138547,-0.11725],[-0.18025,-0.821204,-0.541418],[-0.021274,0.553559,-0.832538]]],"btipPosition":[43.6024,238.304,-14.8826],"carpPosition":[56.065,264.572,46.0233],"dipPosition":[43.2037,248.678,-30.4844],"direction":[-0.0737383,-0.895253,0.439414],"extended":false,"handId":699,"id":6992,"length":66.821,"mcpPosition":[53.9794,307.028,-9.05642],"pipPosition":[45.2947,274.065,-42.9451],"stabilizedTipPosition":[4.13853,221.883,86.4224],"timeVisible":76.7188,"tipPosition":[43.4175,240.857,-19.2417],"tipVelocity":[99.6243,218.804,-207.491],"tool":false,"touchDistance":0.333333,"touchZone":"none","type":2,"width":18.9446},{"bases":[[[0.960193,-0.272674,-0.0606537],[0.251901,0.751376,0.609901],[-0.12073,-0.600901,0.790153]],[[0.964115,-0.249443,-0.090893],[0.110833,0.68927,-0.715977],[0.241245,0.68021,0.692182]],[[0.964115,-0.249443,-0.090893],[-0.193541,-0.426017,-0.883771],[0.181728,0.869648,-0.459006]],[[0.964115,-0.249443,-0.090893],[-0.258502,-0.804,-0.5355],[0.0604985,0.539779,-0.83963]]],"btipPosition":[58.8318,237.389,-7.59809],"carpPosition":[68.1866,264.242,44.2765],"dipPosition":[59.959,247.446,-23.2423],"direction":[-0.181728,-0.869648,0.459006],"extended":false,"handId":699,"id":6993,"length":64.2502,"mcpPosition":[75.7283,301.778,-5.08173],"pipPosition":[64.9793,271.471,-35.9225],"stabilizedTipPosition":[19.9966,218.518,83.517],"timeVisible":76.7188,"tipPosition":[59.1103,239.696,-11.4761],"tipVelocity":[95.8468,220.15,-224.622],"tool":false,"touchDistance":0.333333,"touchZone":"none","type":3,"width":18.027},{"bases":[[[0.884857,-0.460765,-0.0687284],[0.386517,0.643759,0.660439],[-0.260062,-0.610959,0.747728]],[[0.840664,-0.540438,0.0347961],[0.416731,0.604525,-0.678885],[0.34586,0.585215,0.73342]],[[0.840664,-0.540438,0.0347961],[-0.195626,-0.362959,-0.911039],[0.504989,0.759071,-0.41085]],[[0.840664,-0.540438,0.0347961],[-0.421266,-0.692961,-0.585099],[0.340322,0.477213,-0.810215]]],"btipPosition":[66.8956,248.746,-6.89586],"carpPosition":[79.7525,257.062,40.2623],"dipPosition":[72.7454,256.949,-20.8227],"direction":[-0.504989,-0.759071,0.41085],"extended":false,"handId":699,"id":6994,"length":50.3709,"mcpPosition":[94.7906,292.39,-2.97486],"pipPosition":[82.5951,271.755,-28.8362],"stabilizedTipPosition":[31.8328,230.634,77.9895],"timeVisible":76.7188,"tipPosition":[68.1032,250.76,-10.3718],"tipVelocity":[99.5219,215.48,-214.934],"tool":false,"touchDistance":0.333333,"touchZone":"none","type":4,"width":16.013}],"r":[[0.937293,-0.0396345,0.346283],[0.0382539,0.999209,0.0108238],[-0.346438,0.00310163,0.938068]],"s":0.989343,"t":[20.7171,1.24856,-152.429],"timestamp":523794867441},false],[5,{"currentFrameRate":107.967,"devices":[],"gestures":[],"hands":[{"armBasis":[[0.936162,0.133954,-0.32505],[0.0355478,0.883765,0.46658],[0.349768,-0.448349,0.822585]],"armWidth":63.5437,"confidence":0.550665,"direction":[0.00786761,0.719986,-0.693944],"elbow":[158.848,130.432,266.014],"grabStrength":0.968494,"id":699,"palmNormal":[-0.0348348,-0.693347,-0.719761],"palmPosition":[57.349,287.162,4.21036],"palmVelocity":[88.0663,190.649,-173.022],"palmWidth":90.7382,"pinchStrength":0.628513,"r":[[0.936622,-0.040737,0.347965],[0.0380003,0.99917,0.0146892],[-0.348274,-0.000535508,0.937393]],"s":0.989893,"sphereCenter":[30.4134,281.922,-30.6553],"sphereRadius":47.8868,"stabilizedPalmPosition":[23.5594,265.966,108.27],"t":[21.4276,2.9177,-153.848],"timeVisible":76.7276,"type":"right","wrist":[64.6722,251.151,44.5312]}],"id":4286055,"interactionBox":{"center":[0,200,0],"size":[235.247,235.247,147.751]},"pointables":[{"bases":[[[0.434833,0.748635,0.500466],[-0.791772,0.0531017,0.608504],[0.428972,-0.660852,0.615839]],[[0.272951,0.921975,0.274701],[-0.798283,0.0577086,0.599511],[0.536881,-0.382926,0.751749]],[[0.272951,0.921975,0.274701],[-0.961619,0.269802,0.0499601],[-0.0280528,-0.277794,0.960231]],[[0.272951,0.921975,0.274701],[-0.460417,0.375911,-0.804181],[-0.844698,0.093025,0.527098]]],"btipPosition":[29.8016,268.411,-42.6672],"carpPosition":[35.8591,242.075,39.7053],"dipPosition":[10.0873,270.582,-30.3654],"direction":[0.0280528,0.277794,-0.960231],"extended":false,"handId":699,"id":6990,"length":51.9721,"mcpPosition":[35.8591,242.075,39.7053],"pipPosition":[9.13346,261.137,2.28369],"stabilizedTipPosition":[-19.4032,259.703,91.8548],"timeVisible":76.7276,"tipPosition":[25.4861,270.278,-38.8472],"tipVelocity":[88.7003,153.988,-217.958],"tool":false,"touchDistance":-0.644102,"touchZone":"hovering","type":0,"width":20.194},{"bases":[[[0.986496,0.0914743,-0.135862],[0.0107092,0.791706,0.610808],[0.163436,-0.604015,0.780035]],[[0.96753,0.146061,-0.206282],[0.0817582,0.591401,0.802222],[0.239169,-0.793039,0.560257]],[[0.96753,0.146061,-0.206282],[-0.153308,0.987986,-0.0195083],[0.200955,0.0504997,0.978298]],[[0.96753,0.146061,-0.206282],[-0.252298,0.607254,-0.753384],[0.0152256,0.780967,0.624387]]],"btipPosition":[17.3196,326.805,-69.273],"carpPosition":[44.6602,263.037,46.1773],"dipPosition":[17.5791,340.111,-58.6345],"direction":[-0.200955,-0.0504997,-0.978298],"extended":false,"handId":699,"id":6991,"length":58.6448,"mcpPosition":[32.6696,307.352,-11.0508],"pipPosition":[22.4228,341.328,-35.0541],"stabilizedTipPosition":[-12.5616,312.798,13.5374],"timeVisible":76.7276,"tipPosition":[17.3478,330.087,-65.4402],"tipVelocity":[104.687,188.164,-221.195],"tool":false,"touchDistance":-0.642951,"touchZone":"hovering","type":1,"width":19.2893},{"bases":[[[0.98313,-0.127287,-0.131351],[0.180919,0.78232,0.596023],[0.0268923,-0.609732,0.792151]],[[0.983475,-0.139765,-0.115077],[0.0190683,0.71206,-0.701859],[0.180037,0.688067,0.702958]],[[0.983475,-0.139765,-0.115077],[-0.164752,-0.427386,-0.888931],[0.0750591,0.8932,-0.44335]],[[0.983475,-0.139765,-0.115077],[-0.179992,-0.823247,-0.538393],[-0.0194884,0.550209,-0.834799]]],"btipPosition":[44.2773,239.556,-15.5808],"carpPosition":[56.5655,265.847,45.1056],"dipPosition":[43.9121,249.867,-31.2249],"direction":[-0.0750591,-0.8932,0.44335],"extended":false,"handId":699,"id":6992,"length":66.821,"mcpPosition":[54.6945,308.269,-10.0082],"pipPosition":[46.0406,275.196,-43.7973],"stabilizedTipPosition":[7.38149,223.506,77.8726],"timeVisible":76.7276,"tipPosition":[44.0918,242.091,-19.9824],"tipVelocity":[93.4186,197.176,-172.748],"tool":false,"touchDistance":0.333333,"touchZone":"none","type":2,"width":18.9446},{"bases":[[[0.959917,-0.274237,-0.057902],[0.251462,0.751391,0.610064],[-0.123795,-0.600171,0.790234]],[[0.963954,-0.25105,-0.0881246],[0.113868,0.6886,-0.716145],[0.240471,0.680296,0.692366]],[[0.963954,-0.25105,-0.0881246],[-0.191901,-0.426585,-0.883855],[0.184299,0.868907,-0.459385]],[[0.963954,-0.25105,-0.0881246],[-0.258376,-0.804193,-0.535271],[0.0635106,0.538746,-0.840071]]],"btipPosition":[59.4352,238.634,-8.47775],"carpPosition":[68.6912,265.497,43.3914],"dipPosition":[60.6186,248.672,-24.1302],"direction":[-0.184299,-0.868907,0.459385],"extended":false,"handId":699,"id":6993,"length":64.2502,"mcpPosition":[76.4243,302.988,-5.97185],"pipPosition":[65.7099,272.676,-36.8209],"stabilizedTipPosition":[22.816,220.11,76.73],"timeVisible":76.7276,"tipPosition":[59.726,240.933,-12.3574],"tipVelocity":[88.6401,198.257,-190.53],"tool":false,"touchDistance":0.333333,"touchZone":"none","type":3,"width":18.027},{"bases":[[[0.884305,-0.462214,-0.0660508],[0.385772,0.643595,0.661034],[-0.263029,-0.610036,0.747443]],[[0.839942,-0.541416,0.0369517],[0.419658,0.604859,-0.676782],[0.34407,0.583965,0.735256]],[[0.839942,-0.541416,0.0369517],[-0.193449,-0.36234,-0.91175],[0.507025,0.758669,-0.409081]],[[0.839942,-0.541416,0.0369517],[-0.420737,-0.692703,-0.585785],[0.34275,0.476479,-0.809624]]],"btipPosition":[67.5527,249.992,-7.83809],"carpPosition":[80.2564,258.296,39.413],"dipPosition":[73.4442,258.182,-21.7548],"direction":[-0.507025,-0.758669,0.409081],"extended":false,"handId":699,"id":6994,"length":50.3709,"mcpPosition":[95.466,293.571,-3.80767],"pipPosition":[83.3336,272.979,-29.7338],"stabilizedTipPosition":[34.8082,232.339,70.8447],"timeVisible":76.7276,"tipPosition":[68.7617,251.989,-11.2762],"tipVelocity":[92.8561,194.899,-185.259],"tool":false,"touchDistance":0.333333,"touchZone":"none","type":4,"width":16.013}],"r":[[0.936622,-0.040737,0.347965],[0.0380003,0.99917,0.0146892],[-0.348274,-0.000535508,0.937393]],"s":0.989893,"t":[21.4276,2.9177,-153.848],"timestamp":523794876331},false],[6,{"currentFrameRate":107.978,"devices":[],"gestures":[],"hands":[{"armBasis":[[0.940797,0.122703,-0.315981],[0.0375556,0.888711,0.456926],[0.336883,-0.441742,0.831489]],"armWidth":63.5437,"confidence":0.537034,"direction":[0.00590638,0.724162,-0.689605],"elbow":[155.911,133.531,266.736],"grabStrength":0.951545,"id":699,"palmNormal":[-0.0377094,-0.688965,-0.723813],"palmPosition":[57.7635,288.73,2.7777],"palmVelocity":[75.9364,184.76,-167.976],"palmWidth":90.7382,"pinchStrength":0.632858,"r":[[0.936319,-0.04215,0.348613],[0.0379162,0.999101,0.0189622],[-0.349098,-0.00453665,0.937075]],"s":0.990536,"sphereCenter":[30.9479,283.561,-32.163],"sphereRadius":47.8203,"stabilizedPalmPosition":[26.2941,267.786,99.8356],"t":[21.9901,4.53617,-155.274],"timeVisible":76.7369,"type":"right","wrist":[65.204,252.472,42.8549]}],"id":4286056,"interactionBox":{"center":[0,200,0],"size":[235.247,235.247,147.751]},"pointables":[{"bases":[[[0.436985,0.745352,0.503483],[-0.789648,0.0498689,0.61153],[0.430697,-0.664804,0.610358]],[[0.270447,0.922933,0.273957],[-0.798901,0.0563535,0.598817],[0.53723,-0.380813,0.752573]],[[0.270447,0.922933,0.273957],[-0.962486,0.265668,0.0551461],[-0.0218854,-0.278594,0.96016]],[[0.270447,0.922933,0.273957],[-0.466375,0.374539,-0.801383],[-0.842231,0.0889656,0.531726]]],"btipPosition":[30.0271,269.794,-44.4459],"carpPosition":[36.3693,243.441,38.0732],"dipPosition":[10.3704,271.87,-32.036],"direction":[0.0218854,0.278594,-0.96016],"extended":false,"handId":699,"id":6990,"length":51.9721,"mcpPosition":[36.3693,243.441,38.0732],"pipPosition":[9.62626,262.398,0.610585],"stabilizedTipPosition":[-17.7599,260.089,86.972],"timeVisible":76.7369,"tipPosition":[25.7165,271.662,-40.5838],"tipVelocity":[71.0514,152.113,-210.055],"tool":false,"touchDistance":-0.634333,"touchZone":"hovering","type":0,"width":20.194},{"bases":[[[0.986077,0.0917383,-0.138695],[0.0132675,0.787994,0.61554],[0.165759,-0.60881,0.775806]],[[0.967214,0.146024,-0.207782],[0.0823914,0.593488,0.800615],[0.240225,-0.791485,0.561999]],[[0.967214,0.146024,-0.207782],[-0.151771,0.988344,-0.0119047],[0.203622,0.0430497,0.978103]],[[0.967214,0.146024,-0.207782],[-0.253096,0.621708,-0.741229],[0.020943,0.769517,0.638283]]],"btipPosition":[17.4868,328.786,-70.8053],"carpPosition":[45.2048,264.359,44.6415],"dipPosition":[17.8436,341.897,-59.93],"direction":[-0.203622,-0.0430497,-0.978103],"extended":false,"handId":699,"id":6991,"length":58.6448,"mcpPosition":[33.0437,309.025,-12.2763],"pipPosition":[22.7516,342.935,-36.3543],"stabilizedTipPosition":[-9.11032,314.974,4.16282],"timeVisible":76.7369,"tipPosition":[17.5499,332.021,-66.8917],"tipVelocity":[81.0541,194.185,-203.995],"tool":false,"touchDistance":-0.629156,"touchZone":"hovering","type":1,"width":19.2893},{"bases":[[[0.982599,-0.127045,-0.135494],[0.18342,0.778602,0.600114],[0.0292547,-0.614523,0.788356]],[[0.982991,-0.139497,-0.119458],[0.0169583,0.716606,-0.697272],[0.182871,0.683386,0.706782]],[[0.982991,-0.139497,-0.119458],[-0.16814,-0.421893,-0.890918],[0.073882,0.89585,-0.438172]],[[0.982991,-0.139497,-0.119458],[-0.182298,-0.820057,-0.542471],[-0.0222889,0.555021,-0.831538]]],"btipPosition":[44.605,241.271,-17.2682],"carpPosition":[57.1079,267.169,43.5459],"dipPosition":[44.1873,251.672,-32.8513],"direction":[-0.073882,-0.89585,0.438172],"extended":false,"handId":699,"id":6992,"length":66.821,"mcpPosition":[55.0725,309.924,-11.3039],"pipPosition":[46.2825,277.076,-45.2768],"stabilizedTipPosition":[10.7957,225.359,68.7939],"timeVisible":76.7369,"tipPosition":[44.4039,243.82,-21.6329],"tipVelocity":[76.7813,194.543,-175.094],"tool":false,"touchDistance":0.333333,"touchZone":"none","type":2,"width":18.9446},{"bases":[[[0.959553,-0.274422,-0.062855],[0.253993,0.747549,0.613725],[-0.121433,-0.604866,0.787014]],[[0.963497,-0.251071,-0.0929302],[0.111861,0.692915,-0.712289],[0.243228,0.675893,0.695707]],[[0.963497,-0.251071,-0.0929302],[-0.195204,-0.421287,-0.885671],[0.183216,0.871482,-0.454919]],[[0.963497,-0.251071,-0.0929302],[-0.260704,-0.800978,-0.538951],[0.0608801,0.543505,-0.837195]]],"btipPosition":[59.78,240.289,-10.2059],"carpPosition":[69.2275,266.822,41.7879],"dipPosition":[60.9143,250.416,-25.8048],"direction":[-0.183216,-0.871482,0.454919],"extended":false,"handId":699,"id":6993,"length":64.2502,"mcpPosition":[76.813,304.606,-7.37418],"pipPosition":[65.9757,274.491,-38.3721],"stabilizedTipPosition":[25.7715,221.897,69.5428],"timeVisible":76.7369,"tipPosition":[60.0576,242.606,-14.0708],"tipVelocity":[73.8869,193.492,-189.173],"tool":false,"touchDistance":0.333333,"touchZone":"none","type":3,"width":18.027},{"bases":[[[0.883803,-0.462304,-0.0718796],[0.388414,0.639371,0.663581],[-0.260818,-0.614394,0.744643]],[[0.839961,-0.541796,0.0303749],[0.418026,0.610355,-0.672846],[0.346006,0.577862,0.739159]],[[0.839961,-0.541796,0.0303749],[-0.196264,-0.355506,-0.913836],[0.505911,0.761625,-0.404946]],[[0.839961,-0.541796,0.0303749],[-0.423009,-0.688809,-0.588732],[0.339895,0.481663,-0.807758]]],"btipPosition":[67.9457,251.655,-9.61314],"carpPosition":[80.7747,259.638,37.7264],"dipPosition":[73.7882,259.934,-23.4978],"direction":[-0.505911,-0.761625,0.404946],"extended":false,"handId":699,"id":6994,"length":50.3709,"mcpPosition":[95.8565,295.166,-5.33236],"pipPosition":[83.6559,274.789,-31.3961],"stabilizedTipPosition":[37.8624,234.218,63.4351],"timeVisible":76.7369,"tipPosition":[69.1344,253.658,-13.0001],"tipVelocity":[78.3859,191.336,-186.957],"tool":false,"touchDistance":0.333333,"touchZone":"none","type":4,"width":16.013}],"r":[[0.936319,-0.04215,0.348613],[0.0379162,0.999101,0.0189622],[-0.349098,-0.00453665,0.937075]],"s":0.990536,"