{"sensorType":"Leap","data":[[0,{"currentFrameRate":108.587,"devices":[],"gestures":[],"hands":[{"armBasis":[[0.841162,-0.197268,-0.503519],[0.380465,0.877558,0.291784],[0.384308,-0.437009,0.813222]],"armWidth":63.5437,"confidence":0.586496,"direction":[0.0357386,0.736786,-0.675181],"elbow":[164.668,94.2547,278.268],"grabStrength":0,"id":724,"palmNormal":[-0.41061,-0.605125,-0.682072],"palmPosition":[54.4215,251.283,22.1437],"palmVelocity":[195.406,309.379,-321.319],"palmWidth":90.7382,"pinchStrength":0.699055,"r":[[0.96739,-0.0423396,0.249728],[-0.023882,0.966291,0.256341],[-0.252164,-0.253946,0.933769]],"s":1.00871,"sphereCenter":[40.9761,238.001,-19.0269],"sphereRadius":44.6847,"stabilizedPalmPosition":[46.5243,240.369,33.9293],"t":[44.9115,72.8233,-91.4139],"timeVisible":4.55527,"type":"right","wrist":[61.1918,211.921,59.3056]}],"id":4317384,"interactionBox":{"center":[0,200,0],"size":[235.247,235.247,147.751]},"pointables":[{"bases":[[[0.740863,0.563643,0.365279],[-0.563573,0.225815,0.794602],[0.365387,-0.794553,0.484952]],[[0.490364,0.86555,0.101814],[-0.695136,0.31798,0.644728],[0.52567,-0.386926,0.757601]],[[0.490364,0.86555,0.101814],[-0.871496,0.487822,0.0502504],[-0.00617296,-0.113372,0.993533]],[[0.490364,0.86555,0.101814],[-0.698013,0.460003,-0.548795],[-0.521844,0.198042,0.829734]]],"btipPosition":[16.967,229.957,-28.6098],"carpPosition":[30.7454,211.464,62.2495],"dipPosition":[4.78778,234.579,-9.24478],"direction":[0.00617296,0.113372,-0.993533],"extended":false,"handId":724,"id":7240,"length":51.9721,"mcpPosition":[30.7454,211.464,62.2495],"pipPosition":[4.57789,230.725,24.5366],"stabilizedTipPosition":[-6.17904,218.112,-0.250575],"timeVisible":4.55527,"tipPosition":[13.2425,231.675,-24.1155],"tipVelocity":[285.093,242.932,-366.323],"tool":false,"touchDistance":-0.761239,"touchZone":"hovering","type":0,"width":20.194},{"bases":[[[0.904177,-0.173623,-0.390282],[0.388601,0.713686,0.582788],[0.177353,-0.678607,0.712768]],[[0.920311,-0.269812,-0.283247],[0.369577,0.837026,0.403486],[0.128219,-0.476014,0.870041]],[[0.920311,-0.269812,-0.283247],[0.317738,0.937947,0.13892],[0.228188,-0.217847,0.948932]],[[0.920311,-0.269812,-0.283247],[0.26184,0.962824,-0.066397],[0.290631,-0.0130595,0.956746]]],"btipPosition":[17.5044,304.354,-62.6571],"carpPosition":[46.4615,228.699,66.0854],"dipPosition":[22.4563,304.131,-46.3558],"direction":[-0.228188,0.217847,-0.948932],"extended":true,"handId":724,"id":7241,"length":58.6448,"mcpPosition":[33.4498,278.486,13.7924],"pipPosition":[27.9564,298.88,-23.4832],"stabilizedTipPosition":[9.39859,293.551,-46.2125],"timeVisible":4.55527,"tipPosition":[18.1612,302.154,-59.0111],"tipVelocity":[244.81,321.515,-370.409],"tool":false,"touchDistance":-0.820586,"touchZone":"hovering","type":1,"width":19.2893},{"bases":[[[0.840241,-0.382814,-0.38399],[0.539667,0.658987,0.523923],[0.0524794,-0.647449,0.7603]],[[0.841173,-0.396611,-0.367597],[0.0641598,0.748167,-0.660401],[0.536946,0.531927,0.654785]],[[0.841173,-0.396611,-0.367597],[-0.525823,-0.441191,-0.727228],[0.126246,0.805016,-0.579665]],[[0.841173,-0.396611,-0.367597],[-0.497197,-0.834552,-0.237314],[-0.212658,0.38239,-0.899196]]],"btipPosition":[28.9446,217.684,10.8327],"carpPosition":[58.0001,228.201,61.9152],"dipPosition":[24.9594,224.85,-6.0182],"direction":[-0.126246,-0.805016,0.579665],"extended":false,"handId":724,"id":7242,"length":66.821,"mcpPosition":[54.3489,273.247,9.01736],"pipPosition":[28.5395,247.679,-22.4562],"stabilizedTipPosition":[17.2225,208.745,21.7374],"timeVisible":4.55527,"tipPosition":[28.291,219.29,7.23345],"tipVelocity":[258.086,264.535,-374.98],"tool":false,"touchDistance":0.333333,"touchZone":"none","type":2,"width":18.9446},{"bases":[[[0.795716,-0.5225,-0.306316],[0.599718,0.608977,0.51912],[-0.0847002,-0.596775,0.797925]],[[0.796464,-0.516971,-0.313665],[0.199152,0.714047,-0.671175],[0.57095,0.472099,0.671668]],[[0.796464,-0.516971,-0.313665],[-0.542877,-0.382861,-0.747464],[0.266327,0.76561,-0.585587]],[[0.796464,-0.516971,-0.313665],[-0.593774,-0.766741,-0.244008],[-0.114355,0.38059,-0.917646]]],"btipPosition":[43.3101,212.657,10.5867],"carpPosition":[68.6851,224.655,57.0823],"dipPosition":[41.1794,219.749,-6.51118],"direction":[-0.266327,-0.76561,0.585587],"extended":false,"handId":724,"id":7243,"length":64.2502,"mcpPosition":[73.976,261.934,7.23862],"pipPosition":[48.5368,240.899,-22.6882],"stabilizedTipPosition":[33.2682,204.062,19.5155],"timeVisible":4.55527,"tipPosition":[43.1333,214.049,7.48392],"tipVelocity":[264.315,294.336,-370.015],"tool":false,"touchDistance":0.333333,"touchZone":"none","type":3,"width":18.027},{"bases":[[[0.670463,-0.681448,-0.293441],[0.706325,0.465164,0.533599],[-0.227122,-0.565023,0.793199]],[[0.633916,-0.751114,-0.184332],[0.453505,0.554065,-0.698102],[0.626486,0.358942,0.691864]],[[0.633916,-0.751114,-0.184332],[-0.570088,-0.292743,-0.767659],[0.522638,0.591717,-0.613776]],[[0.633916,-0.751114,-0.184332],[-0.769969,-0.590484,-0.241818],[0.072788,0.295222,-0.952652]]],"btipPosition":[55.936,218.251,8.3289],"carpPosition":[76.3385,214.851,50.2448],"dipPosition":[57.1871,223.326,-8.04633],"direction":[-0.522638,-0.591717,0.613776],"extended":false,"handId":724,"id":7244,"length":50.3709,"mcpPosition":[89.4718,247.524,4.37823],"pipPosition":[67.381,234.867,-20.0178],"stabilizedTipPosition":[47.7813,209.574,15.5365],"timeVisible":4.55527,"tipPosition":[56.4079,219.3,5.31016],"tipVelocity":[263.117,317.217,-349.167],"tool":false,"touchDistance":0.333333,"touchZone":"none","type":4,"width":16.013}],"r":[[0.96739,-0.0423396,0.249728],[-0.023882,0.966291,0.256341],[-0.252164,-0.253946,0.933769]],"s":1.00871,"t":[44.9115,72.8233,-91.4139],"timestamp":524124401264},false],[1,{"currentFrameRate":108.644,"devices":[],"gestures":[],"hands":[{"armBasis":[[0.850102,-0.182435,-0.494008],[0.362899,0.882724,0.2985],[0.381615,-0.433031,0.816611]],"armWidth":63.5437,"confidence":0.593384,"direction":[0.0379812,0.737002,-0.674822],"elbow":[165,97.7365,277.051],"grabStrength":0,"id":724,"palmNormal":[-0.389572,-0.610956,-0.689178],"palmPosition":[55.6204,253.585,19.8733],"palmVelocity":[177.751,293.719,-301.392],"palmWidth":90.7382,"pinchStrength":0.734919,"r":[[0.964464,-0.0290423,0.262612],[-0.0400645,0.966371,0.254011],[-0.261158,-0.255506,0.930867]],"s":1.00785,"sphereCenter":[42.9796,240.052,-21.6856],"sphereRadius":44.7145,"stabilizedPalmPosition":[48.4393,243.151,30.9702],"t":[46.2263,75.3855,-93.9867],"timeVisible":4.56437,"type":"right","wrist":[62.2485,214.331,57.1757]}],"id":4317385,"interactionBox":{"center":[0,200,0],"size":[235.247,235.247,147.751]},"pointables":[{"bases":[[[0.726146,0.573949,0.378543],[-0.581182,0.218242,0.783963],[0.367341,-0.789274,0.492044]],[[0.479637,0.870115,0.113348],[-0.706886,0.306625,0.637412],[0.519866,-0.385851,0.762141]],[[0.479637,0.870115,0.113348],[-0.877336,0.47778,0.0448108],[-0.015165,-0.120937,0.992544]],[[0.479637,0.870115,0.113348],[-0.692055,0.454534,-0.560767],[-0.539452,0.190521,0.820179]]],"btipPosition":[18.9895,232.327,-31.2699],"carpPosition":[31.7623,213.454,59.5587],"dipPosition":[6.39929,236.774,-12.1279],"direction":[0.015165,0.120937,-0.992544],"extended":false,"handId":724,"id":7240,"length":51.9721,"mcpPosition":[31.7623,213.454,59.5587],"pipPosition":[5.88367,232.662,21.6198],"stabilizedTipPosition":[-2.67928,220.506,-4.43291],"timeVisible":4.56437,"tipPosition":[15.4351,233.711,-26.9336],"tipVelocity":[264.78,246.53,-347.354],"tool":false,"touchDistance":-0.75412,"touchZone":"hovering","type":0,"width":20.194},{"bases":[[[0.913526,-0.16122,-0.373468],[0.367897,0.719172,0.589444],[0.173558,-0.67587,0.716294]],[[0.928976,-0.25653,-0.266826],[0.350421,0.841689,0.410809],[0.119199,-0.475133,0.871803]],[[0.928976,-0.25653,-0.266826],[0.302493,0.94161,0.14788],[0.21331,-0.21809,0.952332]],[[0.928976,-0.25653,-0.266826],[0.250606,0.966431,-0.056633],[0.272397,-0.0142574,0.962079]]],"btipPosition":[19.5424,306.349,-65.5758],"carpPosition":[47.1653,230.907,63.6736],"dipPosition":[24.1836,306.106,-49.1836],"direction":[-0.21331,0.21809,-0.952332],"extended":true,"handId":724,"id":7241,"length":58.6448,"mcpPosition":[34.432,280.493,11.122],"pipPosition":[29.3251,300.849,-26.2291],"stabilizedTipPosition":[11.9361,296.435,-49.7418],"timeVisible":4.56437,"tipPosition":[20.192,304.212,-61.9241],"tipVelocity":[236.839,293.007,-355.984],"tool":false,"touchDistance":-0.810328,"touchZone":"hovering","type":1,"width":19.2893},{"bases":[[[0.852383,-0.371273,-0.368238],[0.520764,0.666549,0.533402],[0.0474105,-0.646428,0.761501]],[[0.85322,-0.385398,-0.351404],[0.0801622,0.762665,-0.641807],[0.515355,0.519433,0.681615]],[[0.85322,-0.385398,-0.351404],[-0.50238,-0.426306,-0.752249],[0.14011,0.818372,-0.557348]],[[0.85322,-0.385398,-0.351404],[-0.48491,-0.834272,-0.262399],[-0.192038,0.394283,-0.8987]]],"btipPosition":[30.34,219.978,6.61911],"carpPosition":[58.7846,230.566,59.7169],"dipPosition":[26.7412,227.367,-10.2225],"direction":[-0.14011,-0.818372,0.557348],"extended":false,"handId":724,"id":7242,"length":66.821,"mcpPosition":[55.486,275.541,6.73554],"pipPosition":[30.7144,250.574,-26.0276],"stabilizedTipPosition":[19.2946,210.926,18.5352],"timeVisible":4.56437,"tipPosition":[29.8878,221.546,3.46224],"tipVelocity":[231.746,262.618,-399.297],"tool":false,"touchDistance":0.333333,"touchZone":"none","type":2,"width":18.9446},{"bases":[[[0.80837,-0.511538,-0.291318],[0.581578,0.617373,0.529733],[-0.0911262,-0.597645,0.796565]],[[0.809094,-0.506592,-0.297877],[0.204241,0.717668,-0.665762],[0.551046,0.477825,0.684128]],[[0.809094,-0.506592,-0.297877],[-0.522489,-0.388062,-0.759219],[0.26902,0.769917,-0.578667]],[[0.809094,-0.506592,-0.297877],[-0.578998,-0.773953,-0.256433],[-0.100636,0.379948,-0.919517]]],"btipPosition":[45.188,214.862,7.96149],"carpPosition":[69.6047,227.167,55.0836],"dipPosition":[43.3129,221.941,-9.17122],"direction":[-0.26902,-0.769917,0.578667],"extended":false,"handId":724,"id":7243,"length":64.2502,"mcpPosition":[75.2971,264.5,5.32487],"pipPosition":[50.7447,243.21,-25.1571],"stabilizedTipPosition":[35.5427,206.523,16.4479],"timeVisible":4.56437,"tipPosition":[45.0613,216.25,4.86145],"tipVelocity":[250.026,279.8,-347.64],"tool":false,"touchDistance":0.333333,"touchZone":"none","type":3,"width":18.027},{"bases":[[[0.68511,-0.6722,-0.280662],[0.689879,0.475053,0.546253],[-0.233862,-0.567867,0.7892]],[[0.646724,-0.743497,-0.170179],[0.46416,0.560694,-0.685695],[0.60523,0.364465,0.707716]],[[0.646724,-0.743497,-0.170179],[-0.547309,-0.296973,-0.78247],[0.531226,0.599182,-0.598982]],[[0.646724,-0.743497,-0.170179],[-0.757189,-0.599013,-0.260477],[0.0917248,0.297314,-0.950364]]],"btipPosition":[57.7613,220.656,5.82224],"carpPosition":[77.5176,217.469,48.3937],"dipPosition":[59.338,225.767,-10.5137],"direction":[-0.531226,-0.599182,0.598982],"extended":false,"handId":724,"id":7244,"length":50.3709,"mcpPosition":[91.0406,250.305,2.7584],"pipPosition":[69.6993,237.454,-22.1966],"stabilizedTipPosition":[50.0889,212.309,12.5307],"timeVisible":4.56437,"tipPosition":[58.3097,221.694,2.85855],"tipVelocity":[248.05,302.785,-328.441],"tool":false,"touchDistance":0.333333,"touchZone":"none","type":4,"width":16.013}],"r":[[0.964464,-0.0290423,0.262612],[-0.0400645,0.966371,0.254011],[-0.261158,-0.255506,0.930867]],"s":1.00785,"t":[46.2263,75.3855,-93.9867],"timestamp":524124410366},false],[2,{"currentFrameRate":108.763,"devices":[],"gestures":[],"hands":[{"armBasis":[[0.85387,-0.169914,-0.491971],[0.344371,0.893176,0.289215],[0.390275,-0.416373,0.821169]],"armWidth":63.5437,"confidence":0.596316,"direction":[0.0367394,0.743561,-0.667658],"elbow":[168.441,104.231,276.351],"grabStrength":0,"id":724,"palmNormal":[-0.373155,-0.609576,-0.699409],"palmPosition":[56.6824,255.845,18.221],"palmVelocity":[161.447,282.203,-269.219],"palmWidth":90.7382,"pinchStrength":0.77557,"r":[[0.961247,-0.0164257,0.2752],[-0.0561051,0.965679,0.253608],[-0.269921,-0.25922,0.927334]],"s":1.006,"sphereCenter":[44.6046,242.431,-23.827],"sphereRadius":44.7923,"stabilizedPalmPosition":[50.167,245.812,28.298],"t":[47.4147,77.7968,-96.0992],"timeVisible":4.57336,"type":"right","wrist":[63.3586,216.341,55.2489]}],"id":4317386,"interactionBox":{"center":[0,200,0],"size":[235.247,235.247,147.751]},"pointables":[{"bases":[[[0.713968,0.579721,0.392649],[-0.593535,0.203612,0.778626],[0.371437,-0.788965,0.489457]],[[0.47096,0.872393,0.130874],[-0.712833,0.288955,0.639041],[0.519678,-0.394254,0.757957]],[[0.47096,0.872393,0.130874],[-0.88204,0.468081,0.053908],[-0.0142306,-0.140824,0.989932]],[[0.47096,0.872393,0.130874],[-0.691811,0.457305,-0.558811],[-0.547352,0.172638,0.818903]]],"btipPosition":[20.2484,235.436,-33.2559],"carpPosition":[32.8593,215.051,57.2459],"dipPosition":[7.47384,239.465,-14.1437],"direction":[0.0142306,0.140824,-0.989932],"extended":false,"handId":724,"id":7240,"length":51.9721,"mcpPosition":[32.8593,215.051,57.2459],"pipPosition":[6.98999,234.677,19.5153],"stabilizedTipPosition":[0.494287,223.024,-8.311],"timeVisible":4.57336,"tipPosition":[16.996,236.399,-29.0109],"tipVelocity":[229.34,270.923,-312.976],"tool":false,"touchDistance":-0.736934,"touchZone":"hovering","type":0,"width":20.194},{"bases":[[[0.920049,-0.146089,-0.363548],[0.35131,0.718411,0.600389],[0.173467,-0.680105,0.712296]],[[0.935367,-0.241323,-0.258557],[0.334275,0.842023,0.423388],[0.115538,-0.482452,0.868269]],[[0.935367,-0.241323,-0.258557],[0.288534,0.94345,0.163248],[0.20454,-0.227299,0.952102]],[[0.935367,-0.241323,-0.258557],[0.23926,0.970135,-0.0399137],[0.260467,-0.0245283,0.965171]]],"btipPosition":[20.9391,309.125,-67.144],"carpPosition":[47.9838,232.661,61.7079],"dipPosition":[25.377,308.707,-50.6992],"direction":[-0.20454,0.227299,-0.952102],"extended":true,"handId":724,"id":7241,"length":58.6448,"mcpPosition":[35.2572,282.558,9.44954],"pipPosition":[30.3072,303.228,-27.7502],"stabilizedTipPosition":[14.1703,299.242,-52.7775],"timeVisible":4.57336,"tipPosition":[21.61,307.01,-63.5106],"tipVelocity":[213.13,296.198,-305.912],"tool":false,"touchDistance":-0.78097,"touchZone":"hovering","type":1,"width":19.2893},{"bases":[[[0.861566,-0.356948,-0.360961],[0.505521,0.668265,0.545776],[0.0464043,-0.652695,0.756198]],[[0.862387,-0.371435,-0.343983],[0.0948746,0.786014,-0.610886],[0.49728,0.494185,0.713088]],[[0.862387,-0.371435,-0.343983],[-0.482429,-0.396986,-0.78081],[0.153464,0.839308,-0.521546]],[[0.862387,-0.371435,-0.343983],[-0.475146,-0.828354,-0.296758],[-0.174714,0.419363,-0.890848]]],"btipPosition":[31.4451,222.504,2.48847],"carpPosition":[59.6542,232.506,57.8926],"dipPosition":[28.171,230.362,-14.206],"direction":[-0.153464,-0.839308,0.521546],"extended":false,"handId":724,"id":7242,"length":66.821,"mcpPosition":[56.4256,277.917,5.28013],"pipPosition":[32.5229,254.163,-28.9959],"stabilizedTipPosition":[21.0423,212.978,15.4858],"timeVisible":4.57336,"tipPosition":[31.1668,224.079,-0.197854],"tipVelocity":[204.238,271.027,-414.895],"tool":false,"touchDistance":0.333333,"touchZone":"none","type":2,"width":18.9446},{"bases":[[[0.818428,-0.498461,-0.285855],[0.567006,0.619908,0.54242],[-0.0931712,-0.606013,0.789979]],[[0.819085,-0.494027,-0.29161],[0.204936,0.726763,-0.655604],[0.535817,0.477234,0.696525]],[[0.819085,-0.494027,-0.29161],[-0.507261,-0.386305,-0.77036],[0.267928,0.778913,-0.567018]],[[0.819085,-0.494027,-0.29161],[-0.566131,-0.778246,-0.271716],[-0.0927088,0.387648,-0.917134]]],"btipPosition":[46.8454,217.14,5.73412],"carpPosition":[70.5734,229.288,53.3635],"dipPosition":[45.1181,224.363,-11.3542],"direction":[-0.267928,-0.778913,0.567018],"extended":false,"handId":724,"id":7243,"length":64.2502,"mcpPosition":[76.3935,267.144,4.0161],"pipPosition":[52.5197,245.88,-27.0182],"stabilizedTipPosition":[37.6641,208.911,13.5992],"timeVisible":4.57336,"tipPosition":[46.7488,218.555,2.64048],"tipVelocity":[233.124,273.651,-320.03],"tool":false,"touchDistance":0.333333,"touchZone":"none","type":3,"width":18.027},{"bases":[[[0.697132,-0.660779,-0.27817],[0.676925,0.478841,0.559003],[-0.236178,-0.577999,0.781112]],[[0.657612,-0.734595,-0.167083],[0.46925,0.572918,-0.671989],[0.589365,0.363505,0.721466]],[[0.657612,-0.734595,-0.167083],[-0.530692,-0.294293,-0.794832],[0.534708,0.611361,-0.583374]],[[0.657612,-0.734595,-0.167083],[-0.746222,-0.60471,-0.278351],[0.103439,0.307728,-0.945835]]],"btipPosition":[59.3603,223.144,3.71439],"carpPosition":[78.6925,219.753,46.6853],"dipPosition":[61.1383,228.434,-12.5437],"direction":[-0.534708,-0.611361,0.583374],"extended":false,"handId":724,"id":7244,"length":50.3709,"mcpPosition":[92.3494,253.176,1.51769],"pipPosition":[71.5677,240.358,-23.9222],"stabilizedTipPosition":[52.2421,214.989,9.73792],"timeVisible":4.57336,"tipPosition":[59.9545,224.203,0.784763],"tipVelocity":[230.283,296.989,-302.211],"tool":false,"touchDistance":0.333333,"touchZone":"none","type":4,"width":16.013}],"r":[[0.961247,-0.0164257,0.2752],[-0.0561051,0.965679,0.253608],[-0.269921,-0.25922,0.927334]],"s":1.006,"t":[47.4147,77.7968,-96.0992],"timestamp":524124419346},false],[3,{"currentFrameRate":108.836,"devices":[],"gestures":[],"hands":[{"armBasis":[[0.857515,-0.16591,-0.486973],[0.335129,0.898326,0.284076],[0.390329,-0.406798,0.825929]],"armWidth":63.5437,"confidence":0.580586,"direction":[0.0304064,0.746148,-0.665085],"elbow":[169.613,108.497,275.978],"grabStrength":0,"id":724,"palmNormal":[-0.367665,-0.610394,-0.701599],"palmPosition":[57.504,257.601,16.7008],"palmVelocity":[141.92,257.818,-241.235],"palmWidth":90.7382,"pinchStrength":0.79709,"r":[[0.958432,-0.0048809,0.28528],[-0.0706261,0.96468,0.253782],[-0.276442,-0.263381,0.924235]],"s":1.00386,"sphereCenter":[45.4198,244.201,-25.5461],"sphereRadius":44.845,"stabilizedPalmPosition":[51.7312,248.325,25.8255],"t":[48.4197,79.8804,-97.9155],"timeVisible":4.58241,"type":"right","wrist":[64.5159,218.029,53.5942]}],"id":4317387,"interactionBox":{"center":[0,200,0],"size":[235.247,235.247,147.751]},"pointables":[{"bases":[[[0.708796,0.584568,0.394827],[-0.595466,0.195746,0.779169],[0.378192,-0.787378,0.486834]],[[0.466809,0.873639,0.137272],[-0.711694,0.278975,0.64472],[0.524958,-0.398657,0.751992]],[[0.466809,0.873639,0.137272],[-0.884348,0.461904,0.0676324],[-0.00432004,-0.152967,0.988222]],[[0.466809,0.873639,0.137272],[-0.697003,0.458992,-0.550921],[-0.544313,0.161496,0.82319]]],"btipPosition":[20.747,237.744,-34.6679],"carpPosition":[34.0286,216.467,55.5789],"dipPosition":[8.04333,241.513,-15.4556],"direction":[0.00432004,0.152967,-0.988222],"extended":false,"handId":724,"id":7240,"length":51.9721,"mcpPosition":[34.0286,216.467,55.5789],"pipPosition":[7.89645,236.312,18.1452],"stabilizedTipPosition":[3.36719,225.608,-11.9476],"timeVisible":4.58241,"tipPosition":[17.7313,238.421,-30.4369],"tipVelocity":[181.723,264.646,-268.913],"tool":false,"touchDistance":-0.712408,"touchZone":"hovering","type":0,"width":20.194},{"bases":[[[0.921371,-0.136808,-0.363811],[0.344894,0.719375,0.602949],[0.179228,-0.681016,0.709996]],[[0.937413,-0.231121,-0.260462],[0.32677,0.842319,0.428625],[0.120328,-0.48691,0.865124]],[[0.937413,-0.231121,-0.260462],[0.280842,0.944018,0.173084],[0.205878,-0.2354,0.949843]],[[0.937413,-0.231121,-0.260462],[0.232206,0.972291,-0.027045],[0.259496,-0.0351286,0.965105]]],"btipPosition":[21.3096,311.29,-68.3875],"carpPosition":[48.9979,234.193,60.1053],"dipPosition":[25.731,310.691,-51.9437],"direction":[-0.205878,0.2354,-0.949843],"extended":true,"handId":724,"id":7241,"length":58.6448,"mcpPosition":[35.8486,284.156,8.0158],"pipPosition":[30.6934,305.017,-29.0491],"stabilizedTipPosition":[16.0189,301.941,-55.4583],"timeVisible":4.58241,"tipPosition":[22.0281,309.173,-64.7786],"tipVelocity":[165.471,279.153,-259.37],"tool":false,"touchDistance":-0.749861,"touchZone":"hovering","type":1,"width":19.2893},{"bases":[[[0.864728,-0.348176,-0.361965],[0.499549,0.670763,0.548204],[0.0519215,-0.654866,0.753959]],[[0.865679,-0.362848,-0.344879],[0.098066,0.798502,-0.59395],[0.490901,0.480349,0.726829]],[[0.865679,-0.362848,-0.344879],[-0.475546,-0.380843,-0.792978],[0.156386,0.85047,-0.502239]],[[0.865679,-0.362848,-0.344879],[-0.470349,-0.825408,-0.312207],[-0.171382,0.432485,-0.885203]]],"btipPosition":[32.2385,224.403,-0.269549],"carpPosition":[60.6701,234.152,56.2926],"dipPosition":[29.0268,232.508,-16.8583],"direction":[-0.156386,-0.85047,0.502239],"extended":false,"handId":724,"id":7242,"length":66.821,"mcpPosition":[57.0577,279.714,3.83593],"pipPosition":[33.4616,256.626,-31.1006],"stabilizedTipPosition":[22.5321,214.872,12.6978],"timeVisible":4.58241,"tipPosition":[31.9982,225.98,-2.77384],"tipVelocity":[172.478,255.838,-383.684],"tool":false,"touchDistance":0.333333,"touchZone":"none","type":2,"width":18.9446},{"bases":[[[0.822809,-0.490318,-0.287358],[0.561454,0.622956,0.544697],[-0.0880636,-0.60952,0.787865]],[[0.82323,-0.487331,-0.291207],[0.20664,0.734988,-0.645827],[0.528765,0.471489,0.705766]],[[0.82323,-0.487331,-0.291207],[-0.500016,-0.379499,-0.778437],[0.268844,0.786441,-0.556088]],[[0.82323,-0.487331,-0.291207],[-0.560541,-0.779007,-0.280965],[-0.0899295,0.394533,-0.914471]]],"btipPosition":[47.8081,219.036,3.49472],"carpPosition":[71.618,231.046,51.7552],"dipPosition":[46.1325,226.387,-13.544],"direction":[-0.268844,-0.786441,0.556088],"extended":false,"handId":724,"id":7243,"length":64.2502,"mcpPosition":[77.119,269.12,2.53998],"pipPosition":[53.5594,248.113,-28.9061],"stabilizedTipPosition":[39.5482,211.192,10.8917],"timeVisible":4.58241,"tipPosition":[47.7625,220.444,0.522997],"tipVelocity":[198.474,256.795,-299.593],"tool":false,"touchDistance":0.333333,"touchZone":"none","type":3,"width":18.027},{"bases":[[[0.702931,-0.653713,-0.280263],[0.672595,0.482797,0.560823],[-0.231308,-0.582724,0.779057]],[[0.66336,-0.729248,-0.167779],[0.468002,0.579267,-0.667401],[0.58389,0.364206,0.725553]],[[0.66336,-0.729248,-0.167779],[-0.525193,-0.294012,-0.79858],[0.533034,0.617862,-0.578032]],[[0.66336,-0.729248,-0.167779],[-0.740975,-0.608846,-0.283307],[0.104449,0.312254,-0.944239]]],"btipPosition":[60.416,225.039,1.91861],"carpPosition":[79.8214,221.605,45.0464],"dipPosition":[62.2114,230.407,-14.312],"direction":[-0.533034,-0.617862,0.578032],"extended":false,"handId":724,"id":7244,"length":50.3709,"mcpPosition":[93.1967,255.3,-0.00237203],"pipPosition":[72.608,242.458,-25.5863],"stabilizedTipPosition":[54.1791,217.535,7.13199],"timeVisible":4.58241,"tipPosition":[61.0211,226.101,-0.995497],"tipVelocity":[199.01,273.314,-273.327],"tool":false,"touchDistance":0.333333,"touchZone":"none","type":4,"width":16.013}],"r":[[0.958432,-0.0048809,0.28528],[-0.0706261,0.96468,0.253782],[-0.276442,-0.263381,0.924235]],"s":1.00386,"t":[48.4197,79.8804,-97.9155],"timestamp":524124428403},false],[4,{"currentFrameRate":108.94,"devices":[],"gestures":[],"hands":[{"armBasis":[[0.86142,-0.162371,-0.481239],[0.326533,0.902794,0.279891],[0.389013,-0.398244,0.830705]],"armWidth":63.5437,"confidence":0.581019,"direction":[0.0324568,0.749927,-0.660724],"elbow":[169.838,112.541,275.196],"grabStrength":0,"id":724,"palmNormal":[-0.358855,-0.608249,-0.707995],"palmPosition":[58.2057,259.51,14.7916],"palmVelocity":[124.389,245.334,-233.293],"palmWidth":90.7382,"pinchStrength":0.81108,"r":[[0.955505,0.00490668,0.294935],[-0.0835747,0.963394,0.25473],[-0.282889,-0.268045,0.920937]],"s":1.00168,"sphereCenter":[46.4084,246.285,-27.7061],"sphereRadius":44.8594,"stabilizedPalmPosition":[53.102,250.693,23.4893],"t":[49.2731,81.8769,-99.7783],"timeVisible":4.5914,"type":"right","wrist":[65.0949,219.769,51.5264]}],"id":4317388,"interactionBox":{"center":[0,200,0],"size":[235.247,235.247,147.751]},"pointables":[{"bases":[[[0.702671,0.585712,0.403974],[-0.602917,0.188661,0.775176],[0.377816,-0.788256,0.485702]],[[0.463449,0.873707,0.14782],[-0.716764,0.271535,0.642276],[0.521023,-0.403615,0.752084]],[[0.463449,0.873707,0.14782],[-0.886099,0.458188,0.0699487],[-0.00661487,-0.163401,0.986538]],[[0.463449,0.873707,0.14782],[-0.694059,0.461622,-0.552437],[-0.550905,0.15343,0.820343]]],"btipPosition":[21.7458,240.12,-36.8823],"carpPosition":[34.5997,218.053,53.2454],"dipPosition":[8.88836,243.701,-17.7364],"direction":[0.00661487,0.163401,-0.986538],"extended":false,"handId":724,"id":7240,"length":51.9721,"mcpPosition":[34.5997,218.053,53.2454],"pipPosition":[8.66344,238.145,15.8071],"stabilizedTipPosition":[5.97382,228.2,-15.4179],"timeVisible":4.5914,"tipPosition":[18.7902,240.652,-32.6849],"tipVelocity":[161.257,263.214,-263.156],"tool":false,"touchDistance":-0.702946,"touchZone":"hovering","type":0,"width":20.194},{"bases":[[[0.925036,-0.130477,-0.35677],[0.336397,0.717662,0.609752],[0.176482,-0.684059,0.707755]],[[0.940573,-0.224095,-0.255156],[0.318903,0.841112,0.436842],[0.116721,-0.492251,0.862592]],[[0.940573,-0.224095,-0.255156],[0.274963,0.943499,0.184945],[0.199294,-0.244113,0.949047]],[[0.940573,-0.224095,-0.255156],[0.228439,0.973473,-0.0128803],[0.251274,-0.0461727,0.966814]]],"btipPosition":[22.4127,313.771,-70.2353],"carpPosition":[49.4462,235.824,57.9945],"dipPosition":[26.694,312.985,-53.7624],"direction":[-0.199294,0.244113,-0.949047],"extended":true,"handId":724,"id":7241,"length":58.6448,"mcpPosition":[36.4984,286.011,6.06938],"pipPosition":[31.4977,307.101,-30.8871],"stabilizedTipPosition":[17.7088,304.609,-57.975],"timeVisible":4.5914,"tipPosition":[23.1546,311.674,-66.6406],"tipVelocity":[152.741,276.957,-244.378],"tool":false,"touchDistance":-0.730826,"touchZone":"hovering","type":1,"width":19.2893},{"bases":[[[0.869382,-0.342116,-0.356555],[0.491736,0.670079,0.556048],[0.0486871,-0.658749,0.750785]],[[0.870258,-0.356848,-0.339575],[0.105036,0.80793,-0.579842],[0.481268,0.468944,0.740589]],[[0.870258,-0.356848,-0.339575],[-0.464978,-0.367504,-0.805441],[0.162625,0.858836,-0.48575]],[[0.870258,-0.356848,-0.339575],[-0.46527,-0.821873,-0.328707],[-0.161789,0.444053,-0.881272]]],"btipPosition":[33.0498,226.475,-3.26379],"carpPosition":[61.1501,235.859,54.2802],"dipPosition":[30.0179,234.797,-19.7788],"direction":[-0.162625,-0.858836,0.48575],"extended":false,"handId":724,"id":7242,"length":66.821,"mcpPosition":[57.7627,281.692,2.04432],"pipPosition":[34.6296,259.151,-33.5536],"stabilizedTipPosition":[23.8166,216.64,10.1132],"timeVisible":4.5914,"tipPosition":[32.8396,228.071,-5.691],"tipVelocity":[151.166,250.368,-369.246],"tool":false,"touchDistance":0.333333,"touchZone":"none","type":2,"width":18.9446},{"bases":[[[0.827512,-0.484861,-0.28308],[0.553894,0.622583,0.552803],[-0.0917915,-0.614248,0.783756]],[[0.827801,-0.482897,-0.285582],[0.213126,0.741557,-0.636137],[0.518964,0.46573,0.716779]],[[0.827801,-0.482897,-0.285582],[-0.489469,-0.372889,-0.788273],[0.274164,0.792316,-0.54504]],[[0.827801,-0.482897,-0.285582],[-0.555212,-0.778219,-0.293455],[-0.0805365,0.401481,-0.91232]]],"btipPosition":[48.6881,221.08,0.978558],"carpPosition":[72.1504,232.829,49.8184],"dipPosition":[47.1875,228.56,-16.02],"direction":[-0.274164,-0.792316,0.54504],"extended":false,"handId":724,"id":7243,"length":64.2502,"mcpPosition":[77.8843,271.199,0.859801],"pipPosition":[54.7614,250.448,-31.077],"stabilizedTipPosition":[41.1898,213.359,8.31164],"timeVisible":4.5914,"tipPosition":[48.6859,222.501,-1.95664],"tipVelocity":[172.091,249.604,-293.878],"tool":false,"touchDistance":0.333333,"touchZone":"none","type":3,"width":18.027},{"bases":[[[0.708355,-0.648853,-0.277888],[0.665559,0.482861,0.569101],[-0.235082,-0.588077,0.773888]],[[0.667229,-0.726616,-0.163812],[0.476831,0.585635,-0.655487],[0.572222,0.359249,0.737226]],[[0.667229,-0.726616,-0.163812],[-0.512409,-0.288155,-0.808952],[0.540595,0.623695,-0.56459]],[[0.667229,-0.726616,-0.163812],[-0.735716,-0.608568,-0.297266],[0.116307,0.318863,-0.940637]]],"btipPosition":[61.3275,227.156,-0.436986],"carpPosition":[80.4546,223.464,43.1276],"dipPosition":[63.3267,232.637,-16.6057],"direction":[-0.540595,-0.623695,0.56459],"extended":false,"handId":724,"id":7244,"length":50.3709,"mcpPosition":[94.0482,257.469,-1.62226],"pipPosition":[73.8708,244.802,-27.6178],"stabilizedTipPosition":[55.8701,219.953,4.62324],"timeVisible":4.5914,"tipPosition":[61.981,228.213,-3.29584],"tipVelocity":[173.645,263.689,-269.767],"tool":false,"touchDistance":0.333333,"touchZone":"none","type":4,"width":16.013}],"r":[[0.955505,0.00490668,0.294935],[-0.0835747,0.963394,0.25473],[-0.282889,-0.268045,0.920937]],"s":1.00168,"t":[49.2731,81.8769,-99.7783],"timestamp":524124437396},false],[5,{"currentFrameRate":108.866,"devices":[],"gestures":[],"hands":[{"armBasis":[[0.862288,-0.164295,-0.479027],[0.323431,0.906531,0.271282],[0.389682,-0.388855,0.834829]],"armWidth":63.5437,"confidence":0.581933,"direction":[0.035073,0.75085,-0.659541],"elbow":[170.623,116.721,274.306],"grabStrength":0,"id":724,"palmNormal":[-0.355846,-0.607312,-0.710314],"palmPosition":[58.9567,261.213,12.8182],"palmVelocity":[112.007,227.624,-227.211],"palmWidth":90.7382,"pinchStrength":0.830715,"r":[[0.952767,0.0126441,0.303439],[-0.0941674,0.96219,0.255582],[-0.288735,-0.272084,0.917934]],"s":0.99908,"sphereCenter":[47.1547,248.075,-29.7934],"sphereRadius":44.833,"stabilizedPalmPosition":[54.3612,252.956,21.1944],"t":[50.0753,83.7263,-101.696],"timeVisible":4.60072,"type":"right","wrist":[65.7001,221.422,49.5258]}],"id":4317389,"interactionBox":{"center":[0,200,0],"size":[235.247,235.247,147.751]},"pointables":[{"bases":[[[0.700916,0.585246,0.407682],[-0.606134,0.187499,0.772946],[0.375923,-0.78888,0.486159]],[[0.463581,0.872959,0.151775],[-0.719028,0.270537,0.640163],[0.517775,-0.405898,0.753098]],[[0.463581,0.872959,0.151775],[-0.886017,0.458277,0.0703943],[-0.00810351,-0.167108,0.985905]],[[0.463581,0.872959,0.151775],[-0.689128,0.462891,-0.557526],[-0.556952,0.153866,0.816168]]],"btipPosition":[22.6979,241.995,-38.9425],"carpPosition":[35.1983,219.699,51.1167],"dipPosition":[9.69929,245.586,-19.8941],"direction":[0.00810351,0.167108,-0.985905],"extended":false,"handId":724,"id":7240,"length":51.9721,"mcpPosition":[35.1983,219.699,51.1167],"pipPosition":[9.42376,239.904,13.6279],"stabilizedTipPosition":[8.40148,230.784,-18.8017],"timeVisible":4.60072,"tipPosition":[19.7217,242.505,-34.7829],"tipVelocity":[143.565,245.764,-251.946],"tool":false,"touchDistance":-0.692224,"touchZone":"hovering","type":0,"width":20.194},{"bases":[[[0.926517,-0.129853,-0.353134],[0.333778,0.716859,0.612132],[0.17366,-0.685019,0.707525]],[[0.941559,-0.222283,-0.253093],[0.316637,0.84039,0.439869],[0.114921,-0.494302,0.86166]],[[0.941559,-0.222283,-0.253093],[0.273836,0.942655,0.190826],[0.196162,-0.24898,0.948435]],[[0.941559,-0.222283,-0.253093],[0.228491,0.973533,-0.0049855],[0.247503,-0.0531354,0.967429]]],"btipPosition":[23.413,315.807,-72.2171],"carpPosition":[50.0226,237.465,55.9517],"dipPosition":[27.63,314.901,-55.7337],"direction":[-0.196162,0.24898,-0.948435],"extended":true,"handId":724,"id":7241,"length":58.6448,"mcpPosition":[37.2818,287.723,4.04345],"pipPosition":[32.3582,308.9,-32.8731],"stabilizedTipPosition":[19.2962,307.223,-60.4606],"timeVisible":4.60072,"tipPosition":[24.1922,313.745,-68.6299],"tipVelocity":[139.456,259.581,-235.342],"tool":false,"touchDistance":-0.715767,"touchZone":"hovering","type":1,"width":19.2893},{"bases":[[[0.870894,-0.3415,-0.353443],[0.489343,0.669372,0.559002],[0.0456859,-0.659787,0.750063]],[[0.871699,-0.356212,-0.336531],[0.11376,0.815076,-0.568076],[0.476654,0.456907,0.751024]],[[0.871699,-0.356212,-0.336531],[-0.459176,-0.353861,-0.814825],[0.171165,0.864809,-0.472024]],[[0.871699,-0.356212,-0.336531],[-0.465334,-0.817001,-0.34055],[-0.153638,0.453457,-0.877936]]],"btipPosition":[33.6771,228.428,-6.16133],"carpPosition":[61.7417,237.507,52.2856],"dipPosition":[30.7979,236.926,-22.6139],"direction":[-0.171165,-0.864809,0.472024],"extended":false,"handId":724,"id":7242,"length":66.821,"mcpPosition":[58.5631,283.412,0.100086],"pipPosition":[35.6518,261.45,-35.9994],"stabilizedTipPosition":[24.9618,218.351,7.61592],"timeVisible":4.60072,"tipPosition":[33.4998,230.028,-8.49569],"tipVelocity":[128.523,240.071,-352.329],"tool":false,"touchDistance":0.333333,"touchZone":"none","type":2,"width":18.9446},{"bases":[[[0.828741,-0.484353,-0.28034],[0.551521,0.62189,0.555948],[-0.0949338,-0.61535,0.782516]],[[0.828887,-0.483402,-0.281549],[0.220163,0.744562,-0.630203],[0.514271,0.46038,0.723585]],[[0.828887,-0.483402,-0.281549],[-0.483998,-0.367317,-0.794244],[0.280521,0.794607,-0.53843]],[[0.828887,-0.483402,-0.281549],[-0.554569,-0.776158,-0.300051],[-0.0734809,0.404847,-0.911427]]],"btipPosition":[49.3967,222.917,-1.39978],"carpPosition":[72.7607,234.485,47.8651],"dipPosition":[48.0275,230.46,-18.3818],"direction":[-0.280521,-0.794607,0.53843],"extended":false,"handId":724,"id":7243,"length":64.2502,"mcpPosition":[78.6909,272.924,-1.01606],"pipPosition":[55.777,252.411,-33.2561],"stabilizedTipPosition":[42.6492,215.447,5.79355],"timeVisible":4.60072,"tipPosition":[49.4279,224.334,-4.30293],"tipVelocity":[145.85,235.204,-282.837],"tool":false,"touchDistance":0.333333,"touchZone":"none","type":3,"width":18.027},{"bases":[[[0.709588,-0.648369,-0.275868],[0.663138,0.48216,0.572511],[-0.238186,-0.589185,0.772093]],[[0.666843,-0.727969,-0.159319],[0.486387,0.587156,-0.647052],[0.564578,0.353991,0.745615]],[[0.666843,-0.727969,-0.159319],[-0.503418,-0.282436,-0.816579],[0.549446,0.624733,-0.554813]],[[0.666843,-0.727969,-0.159319],[-0.73436,-0.605619,-0.3065],[0.126636,0.321384,-0.938443]]],"btipPosition":[62.0655,229.008,-2.78952],"carpPosition":[81.0938,225.13,41.1955],"dipPosition":[64.2423,234.532,-18.9205],"direction":[-0.549446,-0.624733,0.554813],"extended":false,"handId":724,"id":7244,"length":50.3709,"mcpPosition":[94.8668,259.2,-3.45056],"pipPosition":[74.959,246.717,-29.7419],"stabilizedTipPosition":[57.3615,222.253,2.14583],"timeVisible":4.60072,"tipPosition":[62.7656,230.046,-5.59242],"tipVelocity":[148.18,245.631,-264.613],"tool":false,"touchDistance":0.333333,"touchZone":"none","type":4,"width":16.013}],"r":[[0.952767,0.0126441,0.303439],[-0.0941674,0.96219,0.255582],[-0.288735,-0.272084,0.917934]],"s":0.99908,"t":[50.0753,83.7263,-101.696],"timestamp":524124446714},false],[6,{"currentFrameRate":109.078,"devices":[],"gestures":[],"hands":[{"armBasis":[[0.866376,-0.159942,-0.473086],[0.318583,0.906535,0.276947],[0.384574,-0.390658,0.836355]],"armWidth":63.5437,"confidence":0.579822,"direction":[0.032981,0.752111,-0.658211],"elbow":[169.741,117.931,273.098],"grabStrength":0,"id":724,"palmNormal":[-0.350822,-0.607953,-0.712262],"palmPosition":[59.3437,262.933,11.2468],"palmVelocity":[93.7183,219.051,-214.195],"palmWidth":90.7382,"pinchStrength":0.849592,"r":[[0.950288,0.0196812,0.310749],[-0.103763,0.960971,0.256452],[-0.293573,-0.275947,0.915242]],"s":0.995926,"sphereCenter":[47.4946,249.869,-31.4393],"sphereRadius":44.7806,"stabilizedPalmPosition":[55.3638,254.963,19.1926],"t":[50.6698,85.5111,-103.441],"timeVisible":4.60951,"type":"right","wrist":[66.1931,223.116,47.907]}],"id":4317390,"interactionBox":{"center":[0,200,0],"size":[235.247,235.247,147.751]},"pointables":[{"bases":[[[0.696809,0.588159,0.410521],[-0.609154,0.183107,0.771624],[0.378668,-0.787744,0.48587]],[[0.459005,0.874851,0.154756],[-0.721965,0.265783,0.638847],[0.517765,-0.404963,0.753608]],[[0.459005,0.874851,0.154756],[-0.888397,0.453543,0.0710595],[-0.0080219,-0.170101,0.985394]],[[0.459005,0.874851,0.154756],[-0.683188,0.458925,-0.568016],[-0.567951,0.154995,0.808337]]],"btipPosition":[23.4504,243.56,-40.4713],"carpPosition":[35.6964,221.235,49.4132],"dipPosition":[10.195,247.177,-21.6056],"direction":[0.0080219,0.170101,-0.985394],"extended":false,"handId":724,"id":7240,"length":51.9721,"mcpPosition":[35.6964,221.235,49.4132],"pipPosition":[9.92229,241.393,11.899],"stabilizedTipPosition":[10.4292,233.084,-21.7301],"timeVisible":4.60951,"tipPosition":[20.38,244.105,-36.3861],"tipVelocity":[126.171,227.725,-232.255],"tool":false,"touchDistance":-0.674897,"touchZone":"hovering","type":0,"width":20.194},{"bases":[[[0.928113,-0.124514,-0.35086],[0.328455,0.717548,0.614201],[0.175282,-0.685289,0.706863]],[[0.943261,-0.215631,-0.252511],[0.310775,0.841133,0.442623],[0.116952,-0.495983,0.86042]],[[0.943261,-0.215631,-0.252511],[0.268187,0.943127,0.196437],[0.195792,-0.253011,0.947444]],[[0.943261,-0.215631,-0.252511],[0.223529,0.974694,0.00266099],[0.245547,-0.0589536,0.96759]]],"btipPosition":[23.6428,317.698,-73.7288],"carpPosition":[50.4162,239.069,54.3171],"dipPosition":[27.8265,316.694,-57.2427],"direction":[-0.195792,0.253011,-0.947444],"extended":true,"handId":724,"id":7241,"length":58.6448,"mcpPosition":[37.5564,289.346,2.45744],"pipPosition":[32.5458,310.595,-34.406],"stabilizedTipPosition":[20.4987,309.543,-62.6072],"timeVisible":4.60951,"tipPosition":[24.4747,315.669,-70.1513],"tipVelocity":[108.739,246.956,-218.292],"tool":false,"touchDistance":-0.69519,"touchZone":"hovering","type":1,"width":19.2893},{"bases":[[[0.873578,-0.336442,-0.351665],[0.484403,0.670948,0.561411],[0.0470669,-0.660784,0.749099]],[[0.874414,-0.351192,-0.334759],[0.116042,0.821325,-0.558534],[0.471098,0.449544,0.758931]],[[0.874414,-0.351192,-0.334759],[-0.453231,-0.345022,-0.821913],[0.17315,0.870416,-0.460864]],[[0.874414,-0.351192,-0.334759],[-0.46142,-0.815211,-0.350033],[-0.14997,0.460538,-0.874879]]],"btipPosition":[34.126,230.229,-8.45117],"carpPosition":[62.1447,239.177,50.6826],"dipPosition":[31.3156,238.86,-24.8464],"direction":[-0.17315,-0.870416,0.460864],"extended":false,"handId":724,"id":7242,"length":66.821,"mcpPosition":[58.87,285.151,-1.43588],"pipPosition":[36.2257,263.543,-37.9154],"stabilizedTipPosition":[25.8994,219.877,5.43222],"timeVisible":4.60951,"tipPosition":[33.9582,231.839,-10.7397],"tipVelocity":[108.175,231.562,-327.244],"tool":false,"touchDistance":0.333333,"touchZone":"none","type":2,"width":18.9446},{"bases":[[[0.831964,-0.47963,-0.278911],[0.546832,0.62379,0.558445],[-0.0938654,-0.617124,0.781247]],[[0.831888,-0.480125,-0.278283],[0.226438,0.751497,-0.61966],[0.506643,0.452474,0.73388]],[[0.831888,-0.480125,-0.278283],[-0.47566,-0.358604,-0.803213],[0.285849,0.800552,-0.526695]],[[0.831888,-0.480125,-0.278283],[-0.550906,-0.774872,-0.309961],[-0.0668142,0.411161,-0.909111]]],"btipPosition":[49.8286,224.831,-3.72503],"carpPosition":[73.1909,236.218,46.2867],"dipPosition":[48.5837,232.492,-20.6639],"direction":[-0.285849,-0.800552,0.526694],"extended":false,"handId":724,"id":7243,"length":64.2502,"mcpPosition":[79.0544,274.768,-2.51524],"pipPosition":[56.4804,254.608,-35.214],"stabilizedTipPosition":[43.8025,217.312,3.54897],"timeVisible":4.60951,"tipPosition":[49.9137,226.238,-6.5066],"tipVelocity":[120.709,231.372,-277.633],"tool":false,"touchDistance":0.333333,"touchZone":"none","type":3,"width":18.027},{"bases":[[[0.713643,-0.644262,-0.275027],[0.65912,0.484607,0.575079],[-0.237222,-0.591677,0.770483]],[[0.670225,-0.725382,-0.156906],[0.489134,0.590744,-0.641693],[0.558164,0.35333,0.75074]],[[0.670225,-0.725382,-0.156906],[-0.496599,-0.281214,-0.821163],[0.551533,0.628283,-0.5487]],[[0.670225,-0.725382,-0.156906],[-0.73046,-0.607361,-0.312314],[0.131249,0.323934,-0.936931]]],"btipPosition":[62.6119,230.849,-4.59375],"carpPosition":[81.5897,226.917,39.6241],"dipPosition":[64.8679,236.418,-20.6988],"direction":[-0.551533,-0.628283,0.5487],"extended":false,"handId":724,"id":7244,"length":50.3709,"mcpPosition":[95.307,261.131,-4.92886],"pipPosition":[75.6254,248.672,-31.401],"stabilizedTipPosition":[58.5496,224.287,-0.00487465],"timeVisible":4.60951,"tipPosition":[63.3304,231.884,-7.38321],"tipVelocity":[125.599,236.24,-248.48],"tool":false,"touchDistance":0.333333,"touchZone":"none","type":4,"width":16.013}],"r":[[0.950288,0.0196812,0.310749],[-0.103763,0.960971,0.256452],[-0.293573,-0.275947,0.915242]],"s":0.995926,"t":[50.6698,85.5111,-103.441],"timestamp":524124455501},false],[7,{"currentFrameRate":109.064,"devices":[],"gestures":[],"hands":[{"armBasis":[[0.872859,-0.155696,-0.462468],[0.309861,0.908985,0.278807],[0.376967,-0.386