{"sensorType":"Leap","data":[[0,{"currentFrameRate":110.478,"devices":[],"gestures":[{"center":[-43.9835,281.345,51.0642],"duration":108675,"handIds":[724],"id":4,"normal":[0.709432,-0.459096,0.534731],"pointableIds":[7241],"progress":0.908726,"radius":40.4262,"state":"update","type":"circle"}],"hands":[{"armBasis":[[0.902327,-0.112392,-0.416143],[0.266947,0.903704,0.334751],[0.338446,-0.413143,0.845439]],"armWidth":63.5437,"confidence":0.615873,"direction":[0.0435281,0.732075,-0.679832],"elbow":[151.606,94.6222,287.032],"grabStrength":0,"id":724,"palmNormal":[-0.276524,-0.645063,-0.71234],"palmPosition":[54.3332,244.17,21.0425],"palmVelocity":[191.323,308.675,-306.486],"palmWidth":90.7382,"pinchStrength":0.780821,"r":[[0.931781,0.0835939,0.353265],[-0.160945,0.967388,0.195597],[-0.325393,-0.23911,0.914847]],"s":1.05263,"sphereCenter":[31.8053,237.105,-16.1205],"sphereRadius":45.7417,"stabilizedPalmPosition":[21.7845,220.14,77.8599],"t":[44.6868,65.6002,-92.7085],"timeVisible":19.9116,"type":"right","wrist":[60.4782,205.862,59.3952]}],"id":4319041,"interactionBox":{"center":[0,200,0],"size":[235.247,235.247,147.751]},"pointables":[{"bases":[[[0.642134,0.63169,0.434318],[-0.665941,0.179025,0.724205],[0.379719,-0.754266,0.535626]],[[0.450156,0.870553,0.198737],[-0.704809,0.209744,0.677681],[0.548274,-0.445134,0.707991]],[[0.450156,0.870553,0.198737],[-0.89291,0.440944,0.090993],[-0.00841779,-0.218416,0.97582]],[[0.450156,0.870553,0.198737],[-0.367719,0.383541,-0.847159],[-0.813721,0.308274,0.492773]]],"btipPosition":[22.0436,225.033,-20.9233],"carpPosition":[30.0589,202.642,59],"dipPosition":[3.05233,232.227,-9.42253],"direction":[0.00841779,0.218416,-0.97582],"extended":false,"handId":724,"id":7240,"length":51.9721,"mcpPosition":[30.0589,202.642,59],"pipPosition":[2.76612,224.801,23.7565],"stabilizedTipPosition":[-25.1169,207.693,56.86],"timeVisible":19.9116,"tipPosition":[17.8893,227.792,-17.6766],"tipVelocity":[223.441,305.686,-369.425],"tool":false,"touchDistance":-0.739694,"touchZone":"hovering","type":0,"width":20.194},{"bases":[[[0.9537,-0.0929707,-0.286028],[0.255919,0.750435,0.609387],[0.15799,-0.654372,0.739484]],[[0.951596,-0.08457,-0.295489],[0.236969,0.814129,0.530131],[0.195733,-0.574492,0.794762]],[[0.951596,-0.08457,-0.295489],[0.155957,0.961298,0.227119],[0.264845,-0.262209,0.927957]],[[0.951596,-0.08457,-0.295489],[0.0798166,0.996412,-0.0281348],[0.296808,0.00318803,0.954932]]],"btipPosition":[12.219,300.159,-62.7075],"carpPosition":[43.6368,221.271,64.2333],"dipPosition":[17.2761,300.213,-46.4371],"direction":[-0.264845,0.262209,-0.927957],"extended":true,"handId":724,"id":7241,"length":58.6448,"mcpPosition":[32.0457,269.28,9.98033],"pipPosition":[23.6599,293.893,-24.0701],"stabilizedTipPosition":[-17.9677,276.582,-8.28149],"timeVisible":19.9116,"tipPosition":[12.944,299.997,-58.7236],"tipVelocity":[245.741,351.246,-308.462],"tool":false,"touchDistance":-0.751034,"touchZone":"hovering","type":1,"width":19.2893},{"bases":[[[0.908582,-0.307084,-0.283158],[0.416875,0.709365,0.568345],[0.0263329,-0.634429,0.772532]],[[0.908912,-0.318662,-0.268949],[0.0596033,0.73764,-0.672558],[0.412706,0.595266,0.689444]],[[0.908912,-0.318662,-0.268949],[-0.405655,-0.526368,-0.747249],[0.0965538,0.788284,-0.607689]],[[0.908912,-0.318662,-0.268949],[-0.382385,-0.8942,-0.232784],[-0.166314,0.314422,-0.9346]]],"btipPosition":[34.2722,209.082,9.21765],"carpPosition":[55.5632,221.8,61.3589],"dipPosition":[31.1555,214.974,-8.29675],"direction":[-0.0965538,-0.788284,0.607689],"extended":false,"handId":724,"id":7242,"length":66.821,"mcpPosition":[53.7311,265.94,7.61008],"pipPosition":[33.8936,237.328,-25.5294],"stabilizedTipPosition":[-3.66214,186.787,67.5239],"timeVisible":19.9116,"tipPosition":[33.4906,210.522,5.06564],"tipVelocity":[219.114,310.773,-359.096],"tool":false,"touchDistance":0.333333,"touchZone":"none","type":2,"width":18.9446},{"bases":[[[0.868526,-0.449693,-0.20842],[0.481351,0.665027,0.570999],[-0.118169,-0.59625,0.794054]],[[0.872759,-0.423981,-0.241935],[0.135985,0.687162,-0.713664],[0.468829,0.589957,0.657381]],[[0.872759,-0.423981,-0.241935],[-0.454892,-0.526571,-0.71819],[0.177102,0.736861,-0.652435]],[[0.872759,-0.423981,-0.241935],[-0.472569,-0.858056,-0.201043],[-0.122356,0.289793,-0.949236]]],"btipPosition":[50.8722,204.416,14.6033],"carpPosition":[66.9924,219.212,57.7853],"dipPosition":[48.5925,209.816,-3.08314],"direction":[-0.177102,-0.736861,0.652435],"extended":false,"handId":724,"id":7243,"length":64.2502,"mcpPosition":[74.3741,256.458,8.18338],"pipPosition":[53.485,230.172,-21.1069],"stabilizedTipPosition":[16.4936,182.619,65.4566],"timeVisible":19.9116,"tipPosition":[50.3642,205.76,10.4003],"tipVelocity":[217.842,313.384,-340.083],"tool":false,"touchDistance":0.333333,"touchZone":"none","type":3,"width":18.027},{"bases":[[[0.757459,-0.619339,-0.206577],[0.598235,0.53168,0.599525],[-0.261476,-0.577698,0.773237]],[[0.704359,-0.70565,-0.0770483],[0.459623,0.536094,-0.708061],[0.540948,0.463316,0.701936]],[[0.704359,-0.70565,-0.0770483],[-0.497866,-0.413732,-0.762204],[0.505972,0.575225,-0.642735]],[[0.704359,-0.70565,-0.0770483],[-0.700671,-0.673756,-0.234761],[0.113747,0.219341,-0.968995]]],"btipPosition":[60.428,212.179,11.7247],"carpPosition":[76.2067,210.101,51.9956],"dipPosition":[62.3832,215.95,-4.93148],"direction":[-0.505972,-0.575225,0.642735],"extended":false,"handId":724,"id":7244,"length":50.3709,"mcpPosition":[91.3265,243.506,7.28338],"pipPosition":[72.252,227.169,-17.4678],"stabilizedTipPosition":[30.1437,190.475,56.6634],"timeVisible":19.9116,"tipPosition":[60.9391,213.083,7.84206],"tipVelocity":[216.408,321.339,-328.28],"tool":false,"touchDistance":0.333333,"touchZone":"none","type":4,"width":16.013}],"r":[[0.931781,0.0835939,0.353265],[-0.160945,0.967388,0.195597],[-0.325393,-0.23911,0.914847]],"s":1.05263,"t":[44.6868,65.6002,-92.7085],"timestamp":524139757627},false],[1,{"currentFrameRate":110.479,"devices":[],"gestures":[{"center":[-43.9835,281.345,51.0642],"duration":108675,"handIds":[724],"id":4,"normal":[0.709432,-0.459096,0.534731],"pointableIds":[7241],"progress":0.908726,"radius":40.4262,"state":"update","type":"circle"}],"hands":[{"armBasis":[[0.911656,-0.094486,-0.399946],[0.251398,0.89809,0.360879],[0.325089,-0.429543,0.842502]],"armWidth":63.5437,"confidence":0.625739,"direction":[0.0413298,0.736755,-0.674896],"elbow":[149.585,92.8377,284.419],"grabStrength":0,"id":724,"palmNormal":[-0.258637,-0.644561,-0.719478],"palmPosition":[55.8294,246.944,19.3762],"palmVelocity":[184.152,308.067,-272.726],"palmWidth":90.7382,"pinchStrength":0.779395,"r":[[0.928085,0.087491,0.361945],[-0.168833,0.965224,0.199596],[-0.331895,-0.246351,0.910581]],"s":1.05315,"sphereCenter":[33.9415,239.725,-18.1594],"sphereRadius":45.7296,"stabilizedPalmPosition":[25.7495,223.262,71.0486],"t":[46.2185,68.4537,-94.8824],"timeVisible":19.9207,"type":"right","wrist":[62.0543,208.493,57.5733]}],"id":4319042,"interactionBox":{"center":[0,200,0],"size":[235.247,235.247,147.751]},"pointables":[{"bases":[[[0.627746,0.638072,0.445868],[-0.677162,0.165138,0.717064],[0.383909,-0.752059,0.535743]],[[0.434207,0.876421,0.208208],[-0.716433,0.195871,0.669595],[0.546066,-0.43991,0.712946]],[[0.434207,0.876421,0.208208],[-0.900721,0.425713,0.0864301],[-0.0128876,-0.225066,0.974258]],[[0.434207,0.876421,0.208208],[-0.368396,0.383686,-0.846799],[-0.822039,0.290983,0.489469]]],"btipPosition":[24.1318,227.605,-23.2523],"carpPosition":[31.691,204.845,56.7874],"dipPosition":[4.94635,234.396,-11.8286],"direction":[0.0128876,0.225066,-0.974258],"extended":false,"handId":724,"id":7240,"length":51.9721,"mcpPosition":[31.691,204.845,56.7874],"pipPosition":[4.50816,226.743,21.2974],"stabilizedTipPosition":[-21.5983,209.378,50.7792],"timeVisible":19.9207,"tipPosition":[19.964,230.199,-20.005],"tipVelocity":[224.092,296.933,-339.046],"tool":false,"touchDistance":-0.729259,"touchZone":"hovering","type":0,"width":20.194},{"bases":[[[0.958329,-0.0776861,-0.274902],[0.237782,0.750257,0.616907],[0.158322,-0.656566,0.737465]],[[0.956309,-0.0696055,-0.28395],[0.218628,0.815084,0.536507],[0.1941,-0.575146,0.79469]],[[0.956309,-0.0696055,-0.28395],[0.139629,0.962055,0.234422],[0.256859,-0.263828,0.929741]],[[0.956309,-0.0696055,-0.28395],[0.0665483,0.997574,-0.0204118],[0.284683,0.000623557,0.958622]]],"btipPosition":[13.9644,302.791,-64.5989],"carpPosition":[44.9375,223.632,62.2966],"dipPosition":[18.815,302.802,-48.2656],"direction":[-0.256859,0.263828,-0.929741],"extended":true,"handId":724,"id":7241,"length":58.6448,"mcpPosition":[33.3221,271.802,8.19176],"pipPosition":[25.0062,296.443,-25.8556],"stabilizedTipPosition":[-13.5673,280.073,-15.2801],"timeVisible":19.9207,"tipPosition":[14.6499,302.639,-60.5964],"tipVelocity":[229.705,334.292,-280.58],"tool":false,"touchDistance":-0.732418,"touchZone":"hovering","type":1,"width":19.2893},{"bases":[[[0.916236,-0.292431,-0.273853],[0.399794,0.711725,0.577592],[0.0260021,-0.638695,0.769021]],[[0.916557,-0.303979,-0.259845],[0.0579844,0.743922,-0.665746],[0.395677,0.595128,0.699473]],[[0.916557,-0.303979,-0.259845],[-0.388823,-0.525502,-0.756746],[0.0934861,0.794635,-0.599847]],[[0.916557,-0.303979,-0.259845],[-0.366956,-0.897573,-0.244348],[-0.158953,0.31931,-0.934224]]],"btipPosition":[36.3887,211.661,6.9629],"carpPosition":[56.8891,224.348,59.5714],"dipPosition":[33.4099,217.645,-10.5445],"direction":[-0.0934861,-0.794635,0.599847],"extended":false,"handId":724,"id":7242,"length":66.821,"mcpPosition":[55.08,268.785,6.06684],"pipPosition":[36.061,240.179,-27.5547],"stabilizedTipPosition":[0.21145,189.37,61.1685],"timeVisible":19.9207,"tipPosition":[35.6522,213.111,2.86986],"tipVelocity":[224.15,304.308,-328.714],"tool":false,"touchDistance":0.333333,"touchZone":"none","type":2,"width":18.9446},{"bases":[[[0.877313,-0.436048,-0.200457],[0.464858,0.668291,0.58077],[-0.11928,-0.602702,0.789001]],[[0.881587,-0.410062,-0.233781],[0.134809,0.693378,-0.707852],[0.452361,0.592518,0.666553]],[[0.881587,-0.410062,-0.233781],[-0.43859,-0.528549,-0.726825],[0.174478,0.743293,-0.645811]],[[0.881587,-0.410062,-0.233781],[-0.457811,-0.863421,-0.211929],[-0.114947,0.293861,-0.948911]]],"btipPosition":[53.0139,207.184,12.6583],"carpPosition":[68.3966,221.944,56.1223],"dipPosition":[50.8722,212.659,-5.02209],"direction":[-0.174478,-0.743293,0.645811],"extended":false,"handId":724,"id":7243,"length":64.2502,"mcpPosition":[75.8476,259.593,6.83605],"pipPosition":[55.6922,233.193,-22.8628],"stabilizedTipPosition":[20.5954,185.559,58.9824],"timeVisible":19.9207,"tipPosition":[52.5377,208.546,8.45885],"tipVelocity":[223.999,311.816,-305.51],"tool":false,"touchDistance":0.333333,"touchZone":"none","type":3,"width":18.027},{"bases":[[[0.768663,-0.60726,-0.200978],[0.583277,0.536443,0.609932],[-0.262574,-0.586057,0.766545]],[[0.714897,-0.69552,-0.0719357],[0.462656,0.54765,-0.697158],[0.524283,0.465114,0.7133]],[[0.714897,-0.69552,-0.0719357],[-0.480727,-0.414182,-0.772887],[0.507764,0.587116,-0.630453]],[[0.714897,-0.69552,-0.0719357],[-0.688021,-0.681357,-0.249762],[0.1247,0.228047,-0.965632]]],"btipPosition":[62.4585,215.117,9.80963],"carpPosition":[77.8094,213,50.3917],"dipPosition":[64.602,219.037,-6.78871],"direction":[-0.507764,-0.587116,0.630453],"extended":false,"handId":724,"id":7244,"length":50.3709,"mcpPosition":[92.9927,246.889,6.06643],"pipPosition":[74.5058,230.488,-19.0855],"stabilizedTipPosition":[34.3154,193.723,50.2203],"timeVisible":19.9207,"tipPosition":[63.0204,216.046,5.99376],"tipVelocity":[219.924,323.28,-295.687],"tool":false,"touchDistance":0.333333,"touchZone":"none","type":4,"width":16.013}],"r":[[0.928085,0.087491,0.361945],[-0.168833,0.965224,0.199596],[-0.331895,-0.246351,0.910581]],"s":1.05315,"t":[46.2185,68.4537,-94.8824],"timestamp":524139766677},false],[2,{"currentFrameRate":110.431,"devices":[],"gestures":[{"center":[-43.9835,281.345,51.0642],"duration":108675,"handIds":[724],"id":4,"normal":[0.709432,-0.459096,0.534731],"pointableIds":[7241],"progress":0.908726,"radius":40.4262,"state":"update","type":"circle"}],"hands":[{"armBasis":[[0.912201,-0.076823,-0.402478],[0.235108,0.902612,0.360577],[0.335581,-0.423544,0.841425]],"armWidth":63.5437,"confidence":0.631728,"direction":[0.0438106,0.745945,-0.664565],"elbow":[153.59,97.4123,281.739],"grabStrength":0,"id":724,"palmNormal":[-0.240678,-0.637731,-0.731692],"palmPosition":[57.1858,250.334,17.3958],"palmVelocity":[174.201,325.547,-257.127],"palmWidth":90.7382,"pinchStrength":0.779208,"r":[[0.923721,0.0915433,0.371968],[-0.177821,0.962536,0.204705],[-0.339293,-0.255234,0.905393]],"s":1.05303,"sphereCenter":[36.1755,243.183,-20.7346],"sphereRadius":45.6657,"stabilizedPalmPosition":[29.9674,226.894,63.8499],"t":[47.6625,71.5757,-96.9597],"timeVisible":19.9298,"type":"right","wrist":[63.2341,211.453,55.1828]}],"id":4319043,"interactionBox":{"center":[0,200,0],"size":[235.247,235.247,147.751]},"pointables":[{"bases":[[[0.613989,0.638701,0.463766],[-0.689804,0.148608,0.70858],[0.383651,-0.754968,0.531822]],[[0.42055,0.878908,0.225075],[-0.729117,0.179769,0.660357],[0.539931,-0.441819,0.716429]],[[0.42055,0.878908,0.225075],[-0.907059,0.412651,0.0834456],[-0.0195364,-0.23925,0.970762]],[[0.42055,0.878908,0.225075],[-0.365633,0.391227,-0.844544],[-0.830332,0.272878,0.485888]]],"btipPosition":[26.0929,231.257,-26.1307],"carpPosition":[32.9271,207.497,53.8798],"dipPosition":[6.71392,237.625,-14.7907],"direction":[0.0195364,0.23925,-0.970762],"extended":false,"handId":724,"id":7240,"length":51.9721,"mcpPosition":[32.9271,207.497,53.8798],"pipPosition":[6.04966,229.491,18.2164],"stabilizedTipPosition":[-17.7198,211.472,44.1137],"timeVisible":19.9298,"tipPosition":[21.9326,233.662,-22.8817],"tipVelocity":[220.08,322.521,-332.912],"tool":false,"touchDistance":-0.728132,"touchZone":"hovering","type":0,"width":20.194},{"bases":[[[0.963207,-0.0640306,-0.261023],[0.220272,0.744541,0.63019],[0.153991,-0.664499,0.731251]],[[0.961393,-0.0564673,-0.269324],[0.200726,0.813396,0.545982],[0.188237,-0.578964,0.793327]],[[0.961393,-0.0564673,-0.269324],[0.125347,0.96115,0.245926],[0.244974,-0.270191,0.93112]],[[0.961393,-0.0564673,-0.269324],[0.0565326,0.998372,-0.00752014],[0.269311,-0.00799581,0.96302]]],"btipPosition":[16.0306,306.553,-66.6528],"carpPosition":[45.8863,226.348,59.8365],"dipPosition":[20.6192,306.417,-50.2445],"direction":[-0.244974,0.270191,-0.93112],"extended":true,"handId":724,"id":7241,"length":58.6448,"mcpPosition":[34.5886,275.1,6.18761],"pipPosition":[26.5239,299.905,-27.8013],"stabilizedTipPosition":[-8.82875,284.161,-22.6382],"timeVisible":19.9298,"tipPosition":[16.6855,306.473,-62.5969],"tipVelocity":[226.848,354.755,-264.506],"tool":false,"touchDistance":-0.718059,"touchZone":"hovering","type":1,"width":19.2893},{"bases":[[[0.923397,-0.2792,-0.26341],[0.38327,0.708227,0.59289],[0.0210195,-0.64843,0.760984]],[[0.923626,-0.290833,-0.249662],[0.0616783,0.755643,-0.652073],[0.3783,0.586873,0.71587]],[[0.923626,-0.290833,-0.249662],[-0.371137,-0.515841,-0.772117],[0.0957707,0.805806,-0.584384]],[[0.923626,-0.290833,-0.249662],[-0.353991,-0.897027,-0.264638],[-0.146988,0.332805,-0.931469]]],"btipPosition":[38.2625,215.042,3.9785],"carpPosition":[57.87,227.225,57.3061],"dipPosition":[35.508,221.279,-13.4772],"direction":[-0.0957707,-0.805806,0.584383],"extended":false,"handId":724,"id":7242,"length":66.821,"mcpPosition":[56.4075,272.339,4.36071],"pipPosition":[38.2238,244.13,-30.049],"stabilizedTipPosition":[4.31538,192.343,54.4556],"timeVisible":19.9298,"tipPosition":[37.6002,216.533,-0.00707794],"tipVelocity":[220.39,324.328,-327.732],"tool":false,"touchDistance":0.333333,"touchZone":"none","type":2,"width":18.9446},{"bases":[[[0.884888,-0.424168,-0.192494],[0.448738,0.665438,0.596512],[-0.124928,-0.614226,0.779179]],[[0.889438,-0.39739,-0.22579],[0.141972,0.709787,-0.689961],[0.434446,0.581622,0.68773]],[[0.889438,-0.39739,-0.22579],[-0.420085,-0.516138,-0.746411],[0.180078,0.758738,-0.62601]],[[0.889438,-0.39739,-0.22579],[-0.445709,-0.86352,-0.235958],[-0.101207,0.310507,-0.945168]]],"btipPosition":[54.8117,210.695,9.59389],"carpPosition":[69.454,224.987,54.0046],"dipPosition":[52.926,216.481,-8.01676],"direction":[-0.180078,-0.758738,0.62601],"extended":false,"handId":724,"id":7243,"length":64.2502,"mcpPosition":[77.2579,263.356,5.33194],"pipPosition":[57.9007,237.441,-25.3105],"stabilizedTipPosition":[24.8831,188.918,52.1999],"timeVisible":19.9298,"tipPosition":[54.4241,212.099,5.61277],"tipVelocity":[218.188,334.111,-313.293],"tool":false,"touchDistance":0.333333,"touchZone":"none","type":3,"width":18.027},{"bases":[[[0.778092,-0.596487,-0.196916],[0.568095,0.534467,0.62579],[-0.26803,-0.598789,0.754726]],[[0.723155,-0.68717,-0.0695948],[0.468132,0.561732,-0.682136],[0.507837,0.460711,0.727906]],[[0.723155,-0.68717,-0.0695948],[-0.463743,-0.408401,-0.786226],[0.511849,0.600838,-0.614007]],[[0.723155,-0.68717,-0.0695948],[-0.676783,-0.684878,-0.270013],[0.137881,0.242362,-0.960338]]],"btipPosition":[64.2868,218.713,7.47947],"carpPosition":[79.0485,216.218,48.3049],"dipPosition":[66.6568,222.879,-9.02787],"direction":[-0.511849,-0.600838,0.614007],"extended":false,"handId":724,"id":7244,"length":50.3709,"mcpPosition":[94.5473,250.843,4.66305],"pipPosition":[76.6403,234.598,-21.0039],"stabilizedTipPosition":[38.7258,197.473,43.4944],"timeVisible":19.9298,"tipPosition":[64.9024,219.696,3.70156],"tipVelocity":[215.969,344.504,-283.706],"tool":false,"touchDistance":0.333333,"touchZone":"none","type":4,"width":16.013}],"r":[[0.923721,0.0915433,0.371968],[-0.177821,0.962536,0.204705],[-0.339293,-0.255234,0.905393]],"s":1.05303,"t":[47.6625,71.5757,-96.9597],"timestamp":524139775818},false],[3,{"currentFrameRate":110.496,"devices":[],"gestures":[{"center":[-43.9835,281.345,51.0642],"duration":108675,"handIds":[724],"id":4,"normal":[0.709432,-0.459096,0.534731],"pointableIds":[7241],"progress":0.908726,"radius":40.4262,"state":"update","type":"circle"}],"hands":[{"armBasis":[[0.916736,-0.0702553,-0.393267],[0.222732,0.907099,0.357158],[0.33164,-0.415013,0.847219]],"armWidth":63.5437,"confidence":0.63617,"direction":[0.0447317,0.755437,-0.653692],"elbow":[153.833,102.167,281.5],"grabStrength":0,"id":724,"palmNormal":[-0.227819,-0.629391,-0.742944],"palmPosition":[58.5717,253.264,16.0758],"palmVelocity":[168.989,326.188,-227.274],"palmWidth":90.7382,"pinchStrength":0.774645,"r":[[0.91918,0.0951359,0.382174],[-0.187023,0.959432,0.210981],[-0.346598,-0.265404,0.899684]],"s":1.0528,"sphereCenter":[38.2118,246.317,-22.5111],"sphereRadius":45.6236,"stabilizedPalmPosition":[34.2949,230.884,56.6222],"t":[49.0775,74.6015,-98.6583],"timeVisible":19.9388,"type":"right","wrist":[64.5382,213.91,53.3838]}],"id":4319044,"interactionBox":{"center":[0,200,0],"size":[235.247,235.247,147.751]},"pointables":[{"bases":[[[0.603898,0.637056,0.479028],[-0.698377,0.13325,0.703217],[0.384158,-0.759213,0.525375]],[[0.409509,0.880198,0.239905],[-0.738063,0.165066,0.654229],[0.536251,-0.444978,0.717238]],[[0.409509,0.880198,0.239905],[-0.912076,0.400905,0.0859852],[-0.020495,-0.254023,0.966981]],[[0.409509,0.880198,0.239905],[-0.369387,0.400418,-0.838581],[-0.83418,0.254789,0.489108]]],"btipPosition":[27.7509,234.574,-28.2921],"carpPosition":[34.2796,209.732,51.7053],"dipPosition":[8.28217,240.52,-16.8769],"direction":[0.020495,0.254023,-0.966981],"extended":false,"handId":724,"id":7240,"length":51.9721,"mcpPosition":[34.2796,209.732,51.7053],"pipPosition":[7.58532,231.883,16.0016],"stabilizedTipPosition":[-13.6064,213.928,37.1116],"timeVisible":19.9388,"tipPosition":[23.644,236.788,-24.9875],"tipVelocity":[210.031,332.843,-307.548],"tool":false,"touchDistance":-0.715814,"touchZone":"hovering","type":0,"width":20.194},{"bases":[[[0.966378,-0.0527311,-0.251662],[0.207613,0.737436,0.642717],[0.151693,-0.673356,0.723589]],[[0.964711,-0.0455724,-0.259337],[0.187624,0.809998,0.555608],[0.184742,-0.584659,0.789964]],[[0.964711,-0.0455724,-0.259337],[0.114702,0.959282,0.258112],[0.237014,-0.27875,0.930657]],[[0.964711,-0.0455724,-0.259337],[0.0488858,0.998784,0.00633795],[0.258733,-0.0187922,0.965766]]],"btipPosition":[17.8571,310.09,-67.7599],"carpPosition":[47.0225,228.601,58.0589],"dipPosition":[22.2655,309.77,-51.3049],"direction":[-0.237014,0.27875,-0.930657],"extended":true,"handId":724,"id":7241,"length":58.6448,"mcpPosition":[35.8933,278.002,4.97208],"pipPosition":[27.9783,303.051,-28.8728],"stabilizedTipPosition":[-3.93786,288.727,-29.937],"timeVisible":19.9388,"tipPosition":[18.4953,310.047,-63.6657],"tipVelocity":[219.463,364.677,-225.808],"tool":false,"touchDistance":-0.691032,"touchZone":"hovering","type":1,"width":19.2893},{"bases":[[[0.92834,-0.268156,-0.257444],[0.371282,0.702942,0.606648],[0.0182917,-0.65876,0.752131]],[[0.928519,-0.279932,-0.243908],[0.06317,0.766457,-0.639181],[0.365872,0.578084,0.729353]],[[0.928519,-0.279932,-0.243908],[-0.358599,-0.50588,-0.784533],[0.0962276,0.815919,-0.570103]],[[0.928519,-0.279932,-0.243908],[-0.344149,-0.895427,-0.282441],[-0.139337,0.346193,-0.927758]]],"btipPosition":[40.0478,218.029,1.83368],"carpPosition":[59.0245,229.608,55.6679],"dipPosition":[37.4367,224.517,-15.5525],"direction":[-0.0962276,-0.815919,0.570103],"extended":false,"handId":724,"id":7242,"length":66.821,"mcpPosition":[57.7518,275.441,3.3385],"pipPosition":[40.1655,247.654,-31.7193],"stabilizedTipPosition":[8.52203,195.598,47.6759],"timeVisible":19.9388,"tipPosition":[39.4296,219.566,-2.08567],"tipVelocity":[215.781,328.805,-303.315],"tool":false,"touchDistance":0.333333,"touchZone":"none","type":2,"width":18.9446},{"bases":[[[0.890265,-0.414398,-0.18895],[0.437053,0.660629,0.610372],[-0.128111,-0.625974,0.769249]],[[0.894995,-0.38678,-0.222228],[0.145519,0.724085,-0.674185],[0.421673,0.571054,0.704336]],[[0.894995,-0.38678,-0.222228],[-0.406985,-0.504074,-0.761756],[0.182613,0.772211,-0.608557]],[[0.894995,-0.38678,-0.222228],[-0.4364,-0.862394,-0.256577],[-0.0924089,0.326616,-0.940629]]],"btipPosition":[56.5519,213.749,7.36171],"carpPosition":[70.6602,227.509,52.4588],"dipPosition":[54.8301,219.835,-10.1644],"direction":[-0.182613,-0.772211,0.608557],"extended":false,"handId":724,"id":7243,"length":64.2502,"mcpPosition":[78.6629,266.611,4.4064],"pipPosition":[59.8749,241.167,-26.976],"stabilizedTipPosition":[29.1851,192.526,45.4772],"timeVisible":19.9388,"tipPosition":[56.2134,215.202,3.51742],"tipVelocity":[212.946,338.319,-295.379],"tool":false,"touchDistance":0.333333,"touchZone":"none","type":3,"width":18.027},{"bases":[[[0.784921,-0.587483,-0.196884],[0.557154,0.530217,0.6391],[-0.271069,-0.611338,0.743497]],[[0.728924,-0.680953,-0.0705215],[0.473607,0.575975,-0.666295],[0.494334,0.452279,0.742346]],[[0.728924,-0.680953,-0.0705215],[-0.449645,-0.398536,-0.799368],[0.516226,0.614388,-0.596689]],[[0.728924,-0.680953,-0.0705215],[-0.668235,-0.685334,-0.289448],[0.148769,0.25811,-0.954592]]],"btipPosition":[66.0023,221.879,5.6186],"carpPosition":[80.3847,218.896,46.7404],"dipPosition":[68.5595,226.316,-10.79],"direction":[-0.516226,-0.614388,0.596689],"extended":false,"handId":724,"id":7244,"length":50.3709,"mcpPosition":[96.0592,254.247,3.74791],"pipPosition":[78.6283,238.299,-22.4282],"stabilizedTipPosition":[43.1749,201.533,36.8443],"timeVisible":19.9388,"tipPosition":[66.6655,222.908,1.93001],"tipVelocity":[210.743,349.097,-262.425],"tool":false,"touchDistance":0.333333,"touchZone":"none","type":4,"width":16.013}],"r":[[0.91918,0.0951359,0.382174],[-0.187023,0.959432,0.210981],[-0.346598,-0.265404,0.899684]],"s":1.0528,"t":[49.0775,74.6015,-98.6583],"timestamp":524139784753},false],[4,{"currentFrameRate":110.382,"devices":[],"gestures":[{"center":[-43.9835,281.345,51.0642],"duration":108675,"handIds":[724],"id":4,"normal":[0.709432,-0.459096,0.534731],"pointableIds":[7241],"progress":0.908726,"radius":40.4262,"state":"update","type":"circle"}],"hands":[{"armBasis":[[0.92112,-0.0692852,-0.383064],[0.21857,0.906333,0.361646],[0.322127,-0.416845,0.849985]],"armWidth":63.5437,"confidence":0.639116,"direction":[0.0439486,0.758318,-0.650402],"elbow":[152.595,103.719,281.299],"grabStrength":0,"id":724,"palmNormal":[-0.223528,-0.627062,-0.74621],"palmPosition":[59.8637,255.444,15.2776],"palmVelocity":[160.699,300.65,-187.585],"palmWidth":90.7382,"pinchStrength":0.768769,"r":[[0.915165,0.098233,0.390927],[-0.195199,0.956547,0.2166],[-0.352663,-0.274534,0.894573]],"s":1.05279,"sphereCenter":[39.7388,248.483,-23.4915],"sphereRadius":45.6146,"stabilizedPalmPosition":[38.9443,235.35,49.1041],"t":[50.431,77.2045,-99.9067],"timeVisible":19.948,"type":"right","wrist":[65.8618,215.955,52.4378]}],"id":4319045,"interactionBox":{"center":[0,200,0],"size":[235.247,235.247,147.751]},"pointables":[{"bases":[[[0.600322,0.637135,0.483396],[-0.70082,0.127883,0.701782],[0.385312,-0.760069,0.523288]],[[0.404851,0.88131,0.243699],[-0.740592,0.159727,0.652695],[0.536301,-0.444726,0.717357]],[[0.404851,0.88131,0.243699],[-0.914263,0.394474,0.0922725],[-0.0148122,-0.260161,0.965452]],[[0.404851,0.88131,0.243699],[-0.37817,0.404038,-0.832911],[-0.832516,0.245045,0.49686]]],"btipPosition":[28.8596,236.944,-29.4764],"carpPosition":[35.6228,211.68,50.6559],"dipPosition":[9.42965,242.664,-17.8802],"direction":[0.0148122,0.260161,-0.965452],"extended":false,"handId":724,"id":7240,"length":51.9721,"mcpPosition":[35.6228,211.68,50.6559],"pipPosition":[8.92601,233.818,14.9463],"stabilizedTipPosition":[-9.02795,216.86,29.4095],"timeVisible":19.948,"tipPosition":[24.8455,238.992,-26.1227],"tipVelocity":[184.895,309.64,-255.741],"tool":false,"touchDistance":-0.689705,"touchZone":"hovering","type":0,"width":20.194},{"bases":[[[0.967262,-0.0483253,-0.249135],[0.20323,0.735454,0.646378],[0.151991,-0.675849,0.721198]],[[0.96565,-0.0413815,-0.256529],[0.182722,0.810064,0.557144],[0.18475,-0.58488,0.7898]],[[0.96565,-0.0413815,-0.256529],[0.110521,0.958895,0.261352],[0.23517,-0.280726,0.930531]],[[0.96565,-0.0413815,-0.256529],[0.0457645,0.99889,0.0111366],[0.255784,-0.022494,0.966472]]],"btipPosition":[19.1891,312.358,-68.5209],"carpPosition":[48.2819,230.566,57.1244],"dipPosition":[23.5472,311.975,-52.0538],"direction":[-0.23517,0.280726,-0.930531],"extended":true,"handId":724,"id":7241,"length":58.6448,"mcpPosition":[37.1309,280.15,4.213],"pipPosition":[29.2156,305.208,-29.6248],"stabilizedTipPosition":[1.18939,293.729,-37.3309],"timeVisible":19.948,"tipPosition":[19.8372,312.341,-64.4099],"tipVelocity":[197.835,330.533,-185.319],"tool":false,"touchDistance":-0.661636,"touchZone":"hovering","type":1,"width":19.2893},{"bases":[[[0.929991,-0.263855,-0.255925],[0.367119,0.70168,0.61063],[0.0184598,-0.661835,0.749422]],[[0.930172,-0.27565,-0.242481],[0.0629377,0.770441,-0.634397],[0.361688,0.574838,0.733991]],[[0.930172,-0.27565,-0.242481],[-0.354432,-0.502098,-0.788844],[0.0956957,0.819704,-0.564737]],[[0.930172,-0.27565,-0.242481],[-0.340417,-0.894909,-0.288538],[-0.137463,0.350934,-0.926255]]],"btipPosition":[41.4798,220.219,0.722704],"carpPosition":[60.2871,231.624,54.7718],"dipPosition":[38.9037,226.796,-16.6353],"direction":[-0.0956957,-0.819704,0.564737],"extended":false,"handId":724,"id":7242,"length":66.821,"mcpPosition":[59.0027,277.671,2.63079],"pipPosition":[41.6175,250.04,-32.65],"stabilizedTipPosition":[13.0812,199.279,40.4994],"timeVisible":19.948,"tipPosition":[40.8784,221.767,-3.15171],"tipVelocity":[198.822,303.456,-251.54],"tool":false,"touchDistance":0.333333,"touchZone":"none","type":2,"width":18.9446},{"bases":[[[0.892232,-0.410513,-0.188151],[0.433026,0.65958,0.614364],[-0.128104,-0.629629,0.766261]],[[0.896961,-0.382729,-0.221313],[0.144848,0.727356,-0.670799],[0.417708,0.569624,0.707848]],[[0.896961,-0.382729,-0.221313],[-0.403084,-0.50231,-0.764988],[0.181615,0.775373,-0.604825]],[[0.896961,-0.382729,-0.221313],[-0.432666,-0.862813,-0.261445],[-0.0908896,0.330261,-0.939504]]],"btipPosition":[58.0062,215.956,6.39592],"carpPosition":[71.9391,229.579,51.5869],"dipPosition":[56.3127,222.11,-11.1092],"direction":[-0.181615,-0.775373,0.604825],"extended":false,"handId":724,"id":7243,"length":64.2502,"mcpPosition":[79.9413,268.91,3.72116],"pipPosition":[61.3299,243.53,-27.8177],"stabilizedTipPosition":[33.7602,196.524,38.5406],"timeVisible":19.948,"tipPosition":[57.673,217.425,2.55421],"tipVelocity":[197.417,310.657,-241.477],"tool":false,"touchDistance":0.333333,"touchZone":"none","type":3,"width":18.027},{"bases":[[[0.787513,-0.583928,-0.197107],[0.553499,0.529466,0.642888],[-0.271039,-0.615381,0.740165]],[[0.73058,-0.679275,-0.0695647],[0.479243,0.58266,-0.656378],[0.486394,0.446198,0.751218]],[[0.73058,-0.679275,-0.0695647],[-0.441024,-0.391634,-0.80754],[0.521298,0.620652,-0.585696]],[[0.73058,-0.679275,-0.0695647],[-0.664787,-0.684313,-0.299623],[0.155922,0.265144,-0.951518]]],"btipPosition":[67.3835,224.212,4.35101],"carpPosition":[81.7096,221.024,45.8602],"dipPosition":[70.0637,228.769,-12.0047],"direction":[-0.521298,-0.620652,0.585696],"extended":false,"handId":724,"id":7244,"length":50.3709,"mcpPosition":[97.3823,256.609,3.06042],"pipPosition":[80.2314,240.875,-23.4285],"stabilizedTipPosition":[47.8058,205.959,30.0812],"timeVisible":19.948,"tipPosition":[68.0843,225.237,0.796747],"tipVelocity":[194.274,322.604,-226.738],"tool":false,"touchDistance":0.333333,"touchZone":"none","type":4,"width":16.013}],"r":[[0.915165,0.098233,0.390927],[-0.195199,0.956547,0.2166],[-0.352663,-0.274534,0.894573]],"s":1.05279,"t":[50.431,77.2045,-99.9067],"timestamp":524139794014},false],[5,{"currentFrameRate":110.522,"devices":[],"gestures":[{"center":[-43.9835,281.345,51.0642],"duration":108675,"handIds":[724],"id":4,"normal":[0.709432,-0.459096,0.534731],"pointableIds":[7241],"progress":0.908726,"radius":40.4262,"state":"update","type":"circle"}],"hands":[{"armBasis":[[0.922498,-0.0696906,-0.379658],[0.216702,0.907447,0.359973],[0.319433,-0.414347,0.85222]],"armWidth":63.5437,"confidence":0.644797,"direction":[0.0412611,0.759572,-0.649113],"elbow":[153.092,106.198,280.923],"grabStrength":0,"id":724,"palmNormal":[-0.223065,-0.626266,-0.747016],"palmPosition":[60.9418,257.302,14.3785],"palmVelocity":[150.409,276.532,-164.576],"palmWidth":90.7382,"pinchStrength":0.763489,"r":[[0.911943,0.100934,0.397709],[-0.202151,0.953997,0.221417],[-0.357064,-0.282317,0.890394]],"s":1.05298,"sphereCenter":[40.8728,250.286,-24.4456],"sphereRadius":45.6062,"stabilizedPalmPosition":[43.3046,239.701,42.2209],"t":[51.6467,79.4349,-100.98],"timeVisible":19.9568,"type":"right","wrist":[67.0843,217.762,51.4602]}],"id":4319046,"interactionBox":{"center":[0,200,0],"size":[235.247,235.247,147.751]},"pointables":[{"bases":[[[0.599473,0.637698,0.483707],[-0.700158,0.124976,0.702965],[0.387828,-0.76008,0.521409]],[[0.402767,0.882087,0.244337],[-0.740528,0.157139,0.653396],[0.537957,-0.444105,0.716501]],[[0.402767,0.882087,0.244337],[-0.915278,0.390113,0.100391],[-0.00676598,-0.264071,0.96448]],[[0.402767,0.882087,0.244337],[-0.388464,0.406448,-0.82698],[-0.828779,0.238163,0.506363]]],"btipPosition":[29.6466,238.945,-30.5664],"carpPosition":[36.853,213.417,49.7121],"dipPosition":[10.3039,244.503,-18.7484],"direction":[0.00676598,0.264071,-0.96448],"extended":false,"handId":724,"id":7240,"length":51.9721,"mcpPosition":[36.853,213.417,49.7121],"pipPosition":[10.0738,235.525,14.0451],"stabilizedTipPosition":[-4.5154,219.94,21.8602],"timeVisible":19.9568,"tipPosition":[25.7034,240.852,-27.1564],"tipVelocity":[159.792,286.334,-218.653],"tool":false,"touchDistance":-0.664653,"touchZone":"hovering","type":0,"width":20.194},{"bases":[[[0.967032,-0.04559,-0.250542],[0.202373,0.734787,0.647405],[0.15458,-0.676765,0.719788]],[[0.965426,-0.0387738,-0.257776],[0.181241,0.810592,0.556859],[0.18736,-0.584326,0.789594]],[[0.965426,-0.0387738,-0.257776],[0.108624,0.958769,0.262606],[0.236966,-0.281528,0.929833]],[[0.965426,-0.0387738,-0.257776],[0.0438167,0.998944,0.0138452],[0.256967,-0.0246615,0.966105]]],"btipPosition":[20.0182,314.214,-69.3132],"carpPosition":[49.4762,232.322,56.1968],"dipPosition":[24.3965,313.794,-52.8524],"direction":[-0.236966,0.281528,-0.929833],"extended":true,"handId":724,"id":7241,"length":58.6448,"mcpPosition":[38.1354,281.973,3.38884],"pipPosition":[30.1082,307.008,-30.4401],"stabilizedTipPosition":[5.77368,298.441,-43.8474],"timeVisible":19.9568,"tipPosition":[20.6857,314.206,-65.1964],"tipVelocity":[170.064,298.048,-159.694],"tool":false,"touchDistance":-0.635711,"touchZone":"hovering","type":1,"width":19.2893},{"bases":[[[0.930262,-0.261195,-0.257664],[0.366293,0.701464,0.611374],[0.0210543,-0.663118,0.748219]],[[0.930489,-0.272984,-0.244275],[0.0607518,0.772597,-0.631983],[0.361247,0.573213,0.735477]],[[0.930489,-0.272984,-0.244275],[-0.354175,-0.500133,-0.790207],[0.0935436,0.821795,-0.562053]],[[0.930489,-0.272984,-0.244275],[-0.338844,-0.894781,-0.290778],[-0.139195,0.353337,-0.925083]]],"btipPosition":[42.6026,222.071,-0.30528],"carpPosition":[61.4756,233.413,53.8296],"dipPosition":[39.9941,228.692,-17.6413],"direction":[-0.0935436,-0.821795,0.562053],"extended":false,"handId":724,"id":7242,"length":66.821,"mcpPosition":[60.0108,279.549,1.77236],"pipPosition":[42.6467,251.997,-33.5798],"stabilizedTipPosition":[17.4729,202.971,33.6977],"timeVisible":19.9568,"tipPosition":[42.0009,223.622,-4.14543],"tipVelocity":[179.404,278.717,-215.092],"tool":false,"touchDistance":0.333333,"touchZone":"none","type":2,"width":18.9446},{"bases":[[[0.892943,-0.408063,-0.190099],[0.432304,0.659514,0.614942],[-0.125562,-0.631289,0.765316]],[[0.897574,-0.380111,-0.223331],[0.142442,0.729446,-0.669043],[0.417219,0.568704,0.708875]],[[0.897574,-0.380111,-0.223331],[-0.402774,-0.501041,-0.765984],[0.179261,0.777479,-0.60282]],[[0.897574,-0.380111,-0.223331],[-0.431005,-0.863112,-0.263196],[-0.0927163,0.332495,-0.938537]]],"btipPosition":[59.1573,217.823,5.37412],"carpPosition":[73.1281,231.401,50.6252],"dipPosition":[57.4298,224.018,-12.113],"direction":[-0.179261,-0.777479,0.60282],"extended":false,"handId":724,"id":7243,"length":64.2502,"mcpPosition":[80.9715,270.836,2.81854],"pipPosition":[62.3819,245.496,-28.7661],"stabilizedTipPosition":[38.0693,200.441,32.1306],"timeVisible":19.9568,"tipPosition":[58.8174,219.3,1.55144],"tipVelocity":[179.233,284.418,-207.579],"tool":false,"touchDistance":0.333333,"touchZone":"none","type":3,"width":18.027},{"bases":[[[0.788623,-0.581709,-0.19922],[0.553124,0.529636,0.643071],[-0.268566,-0.617334,0.73944]],[[0.731689,-0.677931,-0.0710005],[0.479362,0.585814,-0.653478],[0.484606,0.444108,0.753608]],[[0.731689,-0.677931,-0.0710005],[-0.439068,-0.38907,-0.809842],[0.521392,0.623726,-0.582336]],[[0.731689,-0.677931,-0.0710005],[-0.663459,-0.684405,-0.302344],[0.156375,0.268328,-0.950551]]],"btipPosition":[68.4953,226.139,3.23627],"carpPosition":[82.911,222.88,44.87],"dipPosition":[71.1833,230.752,-13.1028],"direction":[-0.521392,-0.623726,0.582336],"extended":false,"handId":724,"id":7244,"length":50.3709,"mcpPosition":[98.4407,258.577,2.11212],"pipPosition":[81.3529,242.917,-24.4611],"stabilizedTipPosition":[52.0351,210.175,24.0069],"timeVisible":19.9568,"tipPosition":[69.2006,227.166,-0.271483],"tipVelocity":[176.028,295.089,-199.665],"tool":false,"touchDistance":0.333333,"touchZone":"none","type":4,"width":16.013}],"r":[[0.911943,0.100934,0.397709],[-0.202151,0.953997,0.221417],[-0.357064,-0.282317,0.890394]],"s":1.05298,"t":[51.6467,79.4349,-100.98],"timestamp":524139802814},false],[6,{"currentFrameRate":110.474,"devices":[],"gestures":[{"center":[-43.9835,281.345,51.0642],"duration":108675,"handIds":[724],"id":4,"normal":[0.709432,-0.459096,0.534731],"pointableIds":[7241],"progress":0.908726,"radius":40.4262,"state":"update","type":"circle"}],"hands":[{"armBasis":[[0.925811,-0.0715429,-0.371154],[0.212394,0.910711,0.354252],[0.31267,-0.406801,0.858342]],"armWidth":63.5437,"confidence":0.644371,"direction":[0.0446765,0.768054,-0.638825],"elbow":[152.051,110.996,279.933],"grabStrength":0,"id":724,"palmNormal":[-0.217891,-0.616577,-0.756543],"palmPosition":[61.9193,260.547,12.2247],"palmVelocity":[138.333,298.394,-184.362],"palmWidth":90.7382,"pinchStrength":0.737281,"r":[[0.908805,0.102137,0.404526],[-0.208159,0.951278,0.227465],[-0.361584,-0.290927,0.885787]],"s":1.05408,"sphereCenter":[42.3709,253.805,-26.9991],"sphereRadius":45.5779,"stabilizedPalmPosition":[47.5375,244.441,35.3999],"t":[52.7434,82.1725,-102.594],"timeVisible":19.966,"type":"right","wrist":[67.8634,220.528,48.8223]}],"id":4319047,"interactionBox":{"center":[0,200,0],"size":[235.247,235.247,147.751]},"pointables":[{"bases":[[[0.595922,0.631743,0.49576],[-0.704626,0.115222,0.700162],[0.3852,-0.766567,0.513806]],[[0.40019,0.879357,0.258031],[-0.744795,0.148025,0.650668],[0.533974,-0.452571,0.714179]],[[0.40019,0.879357,0.258031],[-0.916432,0.383774,0.113445],[0.000733378,-0.281867,0.959453]],[[0.40019,0.879357,0.258031],[-0.426596,0.427945,-0.796793],[-0.811088,0.208794,0.546389]]],"btipPosition":[29.9711,243.424,-34.0973],"carpPosition":[37.6472,216.185,46.8288],"dipPosition":[11.0413,248.297,-21.3452],"direction":[-0.000733378,0.281867,-0.959453],"extended":false,"handId":724,"id":7240,"length":51.9721,"mcpPosition":[37.6472,216.185,46.8288],"pipPosition":[11.0662,238.713,11.2774],"stabilizedTipPosition":[0.0440958,223.663,13.8369],"timeVisible":19.966,"tipPosition":[26.2765,244.89,-30.2951],"tipVelocity":[128.121,338.242,-258.78],"tool":false,"touchDistance":-0.676262,"touchZone":"hovering","type":0,"width":20.194},{"bases":[[[0.968611,-0.0415801,-0.24508],[0.19773,0.72638,0.658236],[0.150652,-0.686035,0.711801]],[[0.967061,-0.0347418,-0.252161],[0.176027,0.806854,0.563915],[0.183866,-0.589728,0.786393]],[[0.967061,-0.0347418,-0.252161],[0.105352,0.956439,0.272259],[0.231718,-0.289857,0.928595]],[[0.967061,-0.0347418,-0.252161],[0.042534,0.998769,0.0255152],[0.250964,-0.0354001,0.967349]]],"btipPosition":[21.4227,318.199,-71.1387],"carpPosition":[50.2142,235.012,53.6395],"dipPosition":[25.6988,317.596,-54.6567],"direction":[-0.231718,0.289857,-0.928595],"extended":true,"handId":724,"id":7241,"length":58.6448,"mcpPosition":[39.1614,285.343,1.41753],"pipPosition":[31.284,310.609,-32.2743],"stabilizedTipPosition":[10.2388,303.708,-50.1563],"timeVisible":19.966,"tipPosition":[22.112,318.251,-66.9806],"tipVelocity":[164.803,335.178,-170.698],"tool":false,"touchDistance":-0.627783,"touchZone":"hovering","type":1,"width":19.2893},{"bases":[[[0.932064,-0.2571,-0.255259],[0.361899,0.693655,0.622794],[0.0169408,-0.672861,0.739575]],[[0.932217,-0.269023,-0.242068],[0.064853,0.78224,-0.619592],[0.35604,0.561896,0.746665]],[[0.932217,-0.269023,-0.242068],[-0.348567,-0.487576,-0.800482],[0.0973215,0.8306,-0.548299]],[[0.932217,-0.269023,-0.242068],[-0.336559,-0.890345,-0.306618],[-0.133037,0.367305,-0.920537]]],"btipPosition":[43.668,225.511,-3.18467],"carpPosition":[62.2272,236.143,51.3617],"dipPosition":[41.1749,232.394,-20.4355],"direction":[-0.0973215,-0.8306,0.548299],"extended":false,"handId":724,"id":7242,"length":66.821,"mcpPosition":[61.0485,282.957,-0.0940923],"pipPosition":[43.9347,255.948,-35.984],"stabilizedTipPosition":[21.883,207.123,26.6665],"timeVisible":19.966,"tipPosition":[43.1037,227.112,-6.95755],"tipVelocity":[162.747,307.749,-242.32],"tool":false,"touchDistance":0.333333,"touchZone":"none","type":2,"width":18.9446},{"bases":[[[0.894446,-0.404869,-0.18986],[0.427921,0.651711,0.626224],[-0.129805,-0.641369,0.756172]],[[0.899287,-0.376291,-0.222909],[0.148107,0.741568,-0.654325],[0.411519,0.555412,0.722614]],[[0.899287,-0.376291,-0.222909],[-0.396592,-0.486727,-0.778339],[0.184387,0.788354,-0.586941]],[[0.899287,-0.376291,-0.222909],[-0.428845,-0.858737,-0.28047],[-0.0858813,0.347816,-0.933621]]],"btipPosition":[60.1803,221.24,2.38168],"carpPosition":[73.901,234.182,48.204],"dipPosition":[58.5802,227.72,-15.0138],"direction":[-0.184387,-0.788354,0.586941],"extended":false,"handId":724,"id":7243,"length":64.2502,"mcpPosition":[82.0095,274.246,0.968473],"pipPosition":[63.6739,249.499,-31.2283],"stabil