{"sensorType":"Leap","data":[[0,{"currentFrameRate":109.718,"devices":[],"gestures":[],"hands":[{"armBasis":[[0.843588,-0.187611,-0.503152],[0.393017,0.854192,0.340431],[0.36592,-0.484931,0.79432]],"armWidth":63.5437,"confidence":0.689733,"direction":[0.0609555,0.730334,-0.680366],"elbow":[150.26,95.7405,270.636],"grabStrength":0,"id":724,"palmNormal":[-0.404329,-0.605137,-0.685804],"palmPosition":[46.3385,265.44,19.1345],"palmVelocity":[142.411,231.394,-251.941],"palmWidth":90.7382,"pinchStrength":0.846542,"r":[[0.95943,-0.0323994,0.280079],[-0.033818,0.97298,0.2284],[-0.279911,-0.228605,0.93241]],"s":1.02374,"sphereCenter":[24.6357,257.128,-18.9742],"sphereRadius":44.6943,"stabilizedPalmPosition":[35.221,249.221,40.5417],"t":[37.0151,87.7623,-95.0835],"timeVisible":13.9104,"type":"right","wrist":[51.735,226.31,56.7627]}],"id":4318389,"interactionBox":{"center":[0,200,0],"size":[235.247,235.247,147.751]},"pointables":[{"bases":[[[0.740757,0.556245,0.376657],[-0.577406,0.240638,0.78019],[0.343338,-0.795415,0.499433]],[[0.524966,0.841285,0.129038],[-0.657926,0.304933,0.688585],[0.539948,-0.446381,0.713583]],[[0.524966,0.841285,0.129038],[-0.850815,0.514631,0.106153],[0.0228979,-0.165514,0.985942]],[[0.524966,0.841285,0.129038],[-0.448939,0.402504,-0.797775],[-0.723094,0.360875,0.588986]]],"btipPosition":[10.4477,245.735,-23.7467],"carpPosition":[21.2284,226.309,59.0446],"dipPosition":[-6.42843,254.157,-10.0004],"direction":[-0.0228979,0.165514,-0.985942],"extended":false,"handId":724,"id":7240,"length":51.9721,"mcpPosition":[21.2284,226.309,59.0446],"pipPosition":[-5.64987,248.53,23.5228],"stabilizedTipPosition":[-21.1171,223.396,32.1563],"timeVisible":13.9104,"tipPosition":[6.53255,248.292,-20.27],"tipVelocity":[176.879,216.15,-283.58],"tool":false,"touchDistance":-0.678226,"touchZone":"hovering","type":0,"width":20.194},{"bases":[[[0.909859,-0.189772,-0.368975],[0.38604,0.713134,0.58516],[0.152082,-0.674852,0.722112]],[[0.915219,-0.21664,-0.339767],[0.350126,0.844911,0.404397],[0.199464,-0.489073,0.84913]],[[0.915219,-0.21664,-0.339767],[0.310152,0.917026,0.250737],[0.257255,-0.334859,0.906471]],[[0.915219,-0.21664,-0.339767],[0.274318,0.952602,0.131529],[0.295168,-0.213582,0.931267]]],"btipPosition":[6.16959,325.528,-63.9957],"carpPosition":[37.1029,243.353,63.0788],"dipPosition":[11.1988,321.889,-48.1285],"direction":[-0.257255,0.334859,-0.906471],"extended":true,"handId":724,"id":7241,"length":58.6448,"mcpPosition":[25.9453,292.864,10.1003],"pipPosition":[17.3995,313.818,-26.2794],"stabilizedTipPosition":[-6.03551,307.06,-38.9328],"timeVisible":13.9104,"tipPosition":[6.77518,323.245,-60.6832],"tipVelocity":[191.526,264.731,-262.991],"tool":false,"touchDistance":-0.67711,"touchZone":"touching","type":1,"width":19.2893},{"bases":[[[0.84281,-0.397975,-0.362336],[0.537551,0.655795,0.530068],[0.0266643,-0.64152,0.766643]],[[0.842888,-0.399939,-0.359985],[0.0857783,0.760319,-0.643861],[0.531209,0.511823,0.67517]],[[0.842888,-0.399939,-0.359985],[-0.518645,-0.425624,-0.74152],[0.143345,0.811722,-0.56618]],[[0.842888,-0.399939,-0.359985],[-0.499625,-0.830095,-0.247622],[-0.199788,0.388575,-0.899497]]],"btipPosition":[21.0114,232.386,6.28557],"carpPosition":[48.7211,242.655,59.1659],"dipPosition":[17.2674,239.668,-10.571],"direction":[-0.143345,-0.811722,0.56618],"extended":false,"handId":724,"id":7242,"length":66.821,"mcpPosition":[46.8659,287.289,5.82684],"pipPosition":[21.3323,262.687,-26.6266],"stabilizedTipPosition":[0.725284,211.936,38.6257],"timeVisible":13.9104,"tipPosition":[20.2882,233.954,2.92143],"tipVelocity":[170.744,218.459,-279.591],"tool":false,"touchDistance":0.333333,"touchZone":"none","type":2,"width":18.9446},{"bases":[[[0.794611,-0.536339,-0.28449],[0.596968,0.604901,0.526995],[-0.11056,-0.588587,0.800838]],[[0.795023,-0.534112,-0.287513],[0.212139,0.688884,-0.693135],[0.568275,0.490065,0.660984]],[[0.795023,-0.534112,-0.287513],[-0.541587,-0.411573,-0.733002],[0.273172,0.738467,-0.616477]],[[0.795023,-0.534112,-0.287513],[-0.597532,-0.77116,-0.219697],[-0.104376,0.346463,-0.932239]]],"btipPosition":[35.4411,226.993,9.5211],"carpPosition":[59.4566,238.917,54.5974],"dipPosition":[33.4964,233.448,-7.84865],"direction":[-0.273172,-0.738467,0.616477],"extended":false,"handId":724,"id":7243,"length":64.2502,"mcpPosition":[66.3629,275.684,4.57174],"pipPosition":[41.0428,253.849,-24.879],"stabilizedTipPosition":[20.6337,210.963,30.6449],"timeVisible":13.9104,"tipPosition":[35.3561,228.277,5.69921],"tipVelocity":[169.413,228.05,-260.555],"tool":false,"touchDistance":0.333333,"touchZone":"none","type":3,"width":18.027},{"bases":[[[0.666841,-0.693382,-0.273027],[0.701163,0.459725,0.544999],[-0.252375,-0.554864,0.792737]],[[0.613604,-0.778357,-0.132857],[0.49705,0.511484,-0.700946],[0.61354,0.364067,0.700731]],[[0.613604,-0.778357,-0.132857],[-0.555563,-0.306006,-0.773117],[0.561106,0.548198,-0.620193]],[[0.613604,-0.778357,-0.132857],[-0.78178,-0.575212,-0.240731],[0.110954,0.251578,-0.961456]]],"btipPosition":[47.2233,233.178,6.0854],"carpPosition":[67.1154,228.947,48.0107],"dipPosition":[49.1305,237.502,-10.4412],"direction":[-0.561106,-0.548198,0.620193],"extended":false,"handId":724,"id":7244,"length":50.3709,"mcpPosition":[81.7089,261.032,2.17091],"pipPosition":[60.0747,248.195,-22.5378],"stabilizedTipPosition":[34.9805,218.512,23.5994],"timeVisible":13.9104,"tipPosition":[47.7857,234.016,2.93563],"tipVelocity":[172.23,234.025,-257.726],"tool":false,"touchDistance":0.333333,"touchZone":"none","type":4,"width":16.013}],"r":[[0.95943,-0.0323994,0.280079],[-0.033818,0.97298,0.2284],[-0.279911,-0.228605,0.93241]],"s":1.02374,"t":[37.0151,87.7623,-95.0835],"timestamp":524133756411},false],[1,{"currentFrameRate":109.948,"devices":[],"gestures":[],"hands":[{"armBasis":[[0.846928,-0.186199,-0.498038],[0.389989,0.854221,0.343824],[0.361415,-0.485423,0.79608]],"armWidth":63.5437,"confidence":0.670234,"direction":[0.0606884,0.731463,-0.679175],"elbow":[150.094,96.9436,269.46],"grabStrength":0,"id":724,"palmNormal":[-0.400959,-0.605253,-0.687678],"palmPosition":[47.3738,266.815,17.5269],"palmVelocity":[136.225,211.902,-234.127],"palmWidth":90.7382,"pinchStrength":0.845033,"r":[[0.957794,-0.0275299,0.286136],[-0.0404303,0.972607,0.228911],[-0.284599,-0.230818,0.930444]],"s":1.02548,"sphereCenter":[25.7146,258.613,-20.6001],"sphereRadius":44.7287,"stabilizedPalmPosition":[36.9926,251.786,37.1867],"t":[38.1548,89.4701,-96.9946],"timeVisible":13.9191,"type":"right","wrist":[52.7816,227.645,55.1131]}],"id":4318390,"interactionBox":{"center":[0,200,0],"size":[235.247,235.247,147.751]},"pointables":[{"bases":[[[0.738296,0.557712,0.379312],[-0.580019,0.237963,0.779071],[0.344235,-0.795193,0.49917]],[[0.523235,0.841838,0.132414],[-0.659513,0.301614,0.688528],[0.539692,-0.447591,0.713018]],[[0.523235,0.841838,0.132414],[-0.851887,0.512562,0.107558],[0.0226763,-0.16908,0.985341]],[[0.523235,0.841838,0.132414],[-0.448876,0.404337,-0.796883],[-0.724386,0.357519,0.589444]]],"btipPosition":[11.5392,247.244,-25.4353],"carpPosition":[22.2695,227.559,57.3181],"dipPosition":[-5.36712,255.589,-11.6784],"direction":[-0.0226763,0.16908,-0.985341],"extended":false,"handId":724,"id":7240,"length":51.9721,"mcpPosition":[22.2695,227.559,57.3181],"pipPosition":[-4.5961,249.84,21.8244],"stabilizedTipPosition":[-18.4773,225.76,27.1619],"timeVisible":13.9191,"tipPosition":[7.65547,249.683,-21.9908],"tipVelocity":[163.02,204.313,-259.75],"tool":false,"touchDistance":-0.66403,"touchZone":"hovering","type":0,"width":20.194},{"bases":[[[0.911297,-0.186783,-0.366948],[0.382631,0.713344,0.587141],[0.152092,-0.675465,0.721537]],[[0.916696,-0.213913,-0.337505],[0.34783,0.842918,0.410492],[0.196679,-0.493691,0.847105]],[[0.916696,-0.213913,-0.337505],[0.308398,0.915833,0.257177],[0.254084,-0.339839,0.905511]],[[0.916696,-0.213913,-0.337505],[0.272946,0.952094,0.137902],[0.291837,-0.218535,0.931168]]],"btipPosition":[7.40593,327.262,-65.5043],"carpPosition":[38.0875,244.64,61.4164],"dipPosition":[12.3783,323.539,-49.6388],"direction":[-0.254084,0.339839,-0.905511],"extended":true,"handId":724,"id":7241,"length":58.6448,"mcpPosition":[26.9291,294.196,8.48018],"pipPosition":[18.5027,315.348,-27.8128],"stabilizedTipPosition":[-3.72434,310.125,-42.5651],"timeVisible":13.9191,"tipPosition":[8.00079,324.969,-62.2022],"tipVelocity":[178.021,246.798,-239.209],"tool":false,"touchDistance":-0.660366,"touchZone":"touching","type":1,"width":19.2893},{"bases":[[[0.844795,-0.395176,-0.360772],[0.534434,0.656493,0.53235],[0.0264727,-0.642536,0.765798]],[[0.844872,-0.397132,-0.358437],[0.0855513,0.761691,-0.642267],[0.528083,0.511969,0.677507]],[[0.844872,-0.397132,-0.358437],[-0.515562,-0.425608,-0.743676],[0.142784,0.813107,-0.564331]],[[0.844872,-0.397132,-0.358437],[-0.4968,-0.830983,-0.250315],[-0.198447,0.389556,-0.899369]]],"btipPosition":[22.1619,233.716,4.54316],"carpPosition":[49.7173,243.979,57.5319],"dipPosition":[18.443,241.017,-12.311],"direction":[-0.142784,-0.813107,0.564331],"extended":false,"handId":724,"id":7242,"length":66.821,"mcpPosition":[47.8754,288.683,4.25159],"pipPosition":[22.4921,264.075,-28.3141],"stabilizedTipPosition":[2.92766,214.446,34.5638],"timeVisible":13.9191,"tipPosition":[21.443,235.288,1.17753],"tipVelocity":[160.722,201.181,-258.53],"tool":false,"touchDistance":0.333333,"touchZone":"none","type":2,"width":18.9446},{"bases":[[[0.796775,-0.533781,-0.283244],[0.593997,0.605765,0.529355],[-0.11098,-0.590023,0.799723]],[[0.797048,-0.532315,-0.285227],[0.212723,0.689493,-0.69235],[0.56521,0.491162,0.662795]],[[0.797048,-0.532315,-0.285227],[-0.538509,-0.412685,-0.734642],[0.273353,0.739143,-0.615586]],[[0.797048,-0.532315,-0.285227],[-0.595188,-0.772402,-0.221691],[-0.1023,0.346462,-0.932469]]],"btipPosition":[36.578,228.375,7.87761],"carpPosition":[60.4743,240.277,52.9852],"dipPosition":[34.6719,234.83,-9.49643],"direction":[-0.273353,-0.739143,0.615586],"extended":false,"handId":724,"id":7243,"length":64.2502,"mcpPosition":[67.4069,277.133,3.02924],"pipPosition":[42.2234,255.249,-26.5022],"stabilizedTipPosition":[22.8314,213.641,26.8517],"timeVisible":13.9191,"tipPosition":[36.499,229.66,4.03248],"tipVelocity":[159.423,209.674,-241.578],"tool":false,"touchDistance":0.333333,"touchZone":"none","type":3,"width":18.027},{"bases":[[[0.669404,-0.691185,-0.272326],[0.698539,0.460845,0.547416],[-0.252865,-0.556673,0.791312]],[[0.61595,-0.776615,-0.132195],[0.497766,0.513736,-0.698788],[0.610602,0.364616,0.703008]],[[0.61595,-0.776615,-0.132195],[-0.552556,-0.306297,-0.775154],[0.561505,0.550501,-0.617787]],[[0.61595,-0.776615,-0.132195],[-0.779638,-0.576864,-0.243705],[0.113006,0.253174,-0.960798]]],"btipPosition":[48.3735,234.58,4.42233],"carpPosition":[68.1767,230.337,46.4038],"dipPosition":[50.316,238.932,-12.0929],"direction":[-0.561505,-0.550501,0.617787],"extended":false,"handId":724,"id":7244,"length":50.3709,"mcpPosition":[82.7986,262.526,0.646364],"pipPosition":[61.268,249.67,-24.1426],"stabilizedTipPosition":[37.1487,221.186,19.9999],"timeVisible":13.9191,"tipPosition":[48.9424,235.425,1.26862],"tipVelocity":[161.874,214.891,-239.993],"tool":false,"touchDistance":0.333333,"touchZone":"none","type":4,"width":16.013}],"r":[[0.957794,-0.0275299,0.286136],[-0.0404303,0.972607,0.228911],[-0.284599,-0.230818,0.930444]],"s":1.02548,"t":[38.1548,89.4701,-96.9946],"timestamp":524133765097},false],[2,{"currentFrameRate":109.875,"devices":[],"gestures":[],"hands":[{"armBasis":[[0.851931,-0.180872,-0.491426],[0.376824,0.863398,0.335481],[0.363617,-0.470988,0.803712]],"armWidth":63.5437,"confidence":0.674096,"direction":[0.0594018,0.736784,-0.673514],"elbow":[151.693,102.71,269.766],"grabStrength":0,"id":724,"palmNormal":[-0.389451,-0.604134,-0.695234],"palmPosition":[48.3222,268.906,16.0081],"palmVelocity":[126.833,216.015,-214.604],"palmWidth":90.7382,"pinchStrength":0.840018,"r":[[0.955993,-0.022242,0.292544],[-0.0479473,0.971872,0.230576],[-0.289444,-0.234456,0.928037]],"s":1.027,"sphereCenter":[27.0378,260.794,-22.3635],"sphereRadius":44.7525,"stabilizedPalmPosition":[38.8031,254.522,33.8024],"t":[39.1989,91.3698,-98.7096],"timeVisible":13.9283,"type":"right","wrist":[53.7881,229.525,53.3638]}],"id":4318391,"interactionBox":{"center":[0,200,0],"size":[235.247,235.247,147.751]},"pointables":[{"bases":[[[0.729782,0.561957,0.389388],[-0.588725,0.226971,0.775814],[0.347594,-0.795417,0.496477]],[[0.515704,0.844533,0.144266],[-0.666709,0.289821,0.686661],[0.538097,-0.450297,0.71252]],[[0.515704,0.844533,0.144266],[-0.856538,0.504312,0.109602],[0.0198073,-0.180091,0.98345]],[[0.515704,0.844533,0.144266],[-0.450032,0.410299,-0.793175],[-0.729054,0.344119,0.59166]]],"btipPosition":[12.8165,249.643,-27.4043],"carpPosition":[23.2609,229.135,55.3117],"dipPosition":[-4.19877,257.674,-13.5957],"direction":[-0.0198073,0.180091,-0.98345],"extended":false,"handId":724,"id":7240,"length":51.9721,"mcpPosition":[23.2609,229.135,55.3117],"pipPosition":[-3.5253,251.551,19.8429],"stabilizedTipPosition":[-15.6222,228.443,21.8032],"timeVisible":13.9283,"tipPosition":[8.97492,251.846,-23.9713],"tipVelocity":[155.344,217.688,-246.357],"tool":false,"touchDistance":-0.655317,"touchZone":"hovering","type":0,"width":20.194},{"bases":[[[0.916055,-0.175581,-0.360575],[0.370936,0.712755,0.595304],[0.152477,-0.679082,0.718052]],[[0.921502,-0.203076,-0.33105],[0.336936,0.841957,0.421405],[0.193153,-0.499868,0.844289]],[[0.921502,-0.203076,-0.33105],[0.298194,0.916081,0.268096],[0.248825,-0.345768,0.904727]],[[0.921502,-0.203076,-0.33105],[0.2634,0.953192,0.148478],[0.285402,-0.224021,0.931858]]],"btipPosition":[8.55902,329.724,-66.8752],"carpPosition":[38.8813,246.335,59.662],"dipPosition":[13.4218,325.907,-50.9979],"direction":[-0.248825,0.345768,-0.904727],"extended":true,"handId":724,"id":7241,"length":58.6448,"mcpPosition":[27.6947,296.157,6.98143],"pipPosition":[19.4193,317.573,-29.1909],"stabilizedTipPosition":[-1.29799,313.515,-46.3052],"timeVisible":13.9283,"tipPosition":[9.15171,327.444,-63.5804],"tipVelocity":[162.356,251.72,-213.684],"tool":false,"touchDistance":-0.643187,"touchZone":"touching","type":1,"width":19.2893},{"bases":[[[0.851486,-0.384631,-0.356414],[0.523724,0.657727,0.541395],[0.0261863,-0.647652,0.761486]],[[0.851561,-0.386592,-0.354105],[0.0838748,0.767208,-0.63589],[0.517502,0.511799,0.68575]],[[0.851561,-0.386592,-0.354105],[-0.505226,-0.424826,-0.751179],[0.139967,0.818578,-0.557081]],[[0.851561,-0.386592,-0.354105],[-0.486837,-0.833733,-0.260536],[-0.194508,0.394254,-0.898182]]],"btipPosition":[23.5281,235.67,2.55805],"carpPosition":[50.5489,245.811,55.8709],"dipPosition":[19.883,243.058,-14.2739],"direction":[-0.139967,-0.818578,0.557081],"extended":false,"handId":724,"id":7242,"length":66.821,"mcpPosition":[48.7269,290.872,2.89054],"pipPosition":[23.8522,266.271,-30.0714],"stabilizedTipPosition":[5.2557,217.147,30.3373],"timeVisible":13.9283,"tipPosition":[22.8222,237.259,-0.804711],"tipVelocity":[157.669,204.724,-246.176],"tool":false,"touchDistance":0.333333,"touchZone":"none","type":2,"width":18.9446},{"bases":[[[0.804139,-0.524227,-0.280262],[0.583788,0.607586,0.538546],[-0.112037,-0.596679,0.79462]],[[0.804242,-0.523674,-0.280998],[0.213908,0.696202,-0.685234],[0.554471,0.490987,0.671933]],[[0.804242,-0.523674,-0.280998],[-0.527715,-0.411805,-0.742922],[0.273333,0.745776,-0.607542]],[[0.804242,-0.523674,-0.280998],[-0.586467,-0.775843,-0.232644],[-0.0961803,0.351898,-0.931084]]],"btipPosition":[37.9128,230.48,5.94481],"carpPosition":[61.3781,242.243,51.3889],"dipPosition":[36.1208,237.037,-11.4034],"direction":[-0.273333,-0.745776,0.607542],"extended":false,"handId":724,"id":7243,"length":64.2502,"mcpPosition":[68.3766,279.515,1.75166],"pipPosition":[43.6717,257.639,-28.187],"stabilizedTipPosition":[25.1052,216.485,22.9925],"timeVisible":13.9283,"tipPosition":[37.8666,231.782,2.12188],"tipVelocity":[156.061,215.545,-232.365],"tool":false,"touchDistance":0.333333,"touchZone":"none","type":3,"width":18.027},{"bases":[[[0.678181,-0.682899,-0.271515],[0.689547,0.463535,0.556471],[-0.254157,-0.564611,0.785251]],[[0.624256,-0.769957,-0.132177],[0.499131,0.523252,-0.690706],[0.600976,0.365204,0.710953]],[[0.624256,-0.769957,-0.132177],[-0.542837,-0.305841,-0.782169],[0.561811,0.560025,-0.608884]],[[0.624256,-0.769957,-0.132177],[-0.772103,-0.582304,-0.254517],[0.119,0.260939,-0.957993]]],"btipPosition":[49.731,236.786,2.67016],"carpPosition":[69.2291,232.423,44.8031],"dipPosition":[51.7765,241.271,-13.7969],"direction":[-0.561811,-0.560025,0.608884],"extended":false,"handId":724,"id":7244,"length":50.3709,"mcpPosition":[83.9256,265.072,-0.60381],"pipPosition":[62.7344,252.194,-25.673],"stabilizedTipPosition":[39.3946,224.048,16.3665],"timeVisible":13.9283,"tipPosition":[50.3191,237.657,-0.479046],"tipVelocity":[158.437,222.555,-225.579],"tool":false,"touchDistance":0.333333,"touchZone":"none","type":4,"width":16.013}],"r":[[0.955993,-0.022242,0.292544],[-0.0479473,0.971872,0.230576],[-0.289444,-0.234456,0.928037]],"s":1.027,"t":[39.1989,91.3698,-98.7096],"timestamp":524133774328},false],[3,{"currentFrameRate":110,"devices":[],"gestures":[],"hands":[{"armBasis":[[0.85308,-0.177507,-0.490658],[0.36903,0.870049,0.326852],[0.368878,-0.459899,0.807727]],"armWidth":63.5437,"confidence":0.674834,"direction":[0.0598791,0.735792,-0.674555],"elbow":[154.013,107.309,269.391],"grabStrength":0,"id":724,"palmNormal":[-0.381863,-0.607481,-0.696526],"palmPosition":[49.2607,270.419,14.4416],"palmVelocity":[121.134,203.68,-204.303],"palmWidth":90.7382,"pinchStrength":0.836926,"r":[[0.954136,-0.0169246,0.298896],[-0.0552686,0.971281,0.231426],[-0.294229,-0.237331,0.925799]],"s":1.02847,"sphereCenter":[28.216,262.2,-24.0204],"sphereRadius":44.7801,"stabilizedPalmPosition":[40.4607,257.041,30.7335],"t":[40.1902,93.0758,-100.35],"timeVisible":13.9372,"type":"right","wrist":[54.6921,231.138,51.9081]}],"id":4318392,"interactionBox":{"center":[0,200,0],"size":[235.247,235.247,147.751]},"pointables":[{"bases":[[[0.724355,0.566489,0.392939],[-0.594838,0.225391,0.7716],[0.348538,-0.792647,0.500232]],[[0.511426,0.84667,0.146946],[-0.671938,0.287416,0.682562],[0.53567,-0.447819,0.715902]],[[0.511426,0.84667,0.146946],[-0.859168,0.500506,0.106415],[0.0165511,-0.180675,0.983404]],[[0.511426,0.84667,0.146946],[-0.449835,0.409475,-0.793712],[-0.732183,0.339823,0.590278]]],"btipPosition":[14.0157,251.097,-29.1885],"carpPosition":[24.1555,230.593,53.662],"dipPosition":[-3.07261,259.028,-15.4121],"direction":[-0.0165511,0.180675,-0.983404],"extended":false,"handId":724,"id":7240,"length":51.9721,"mcpPosition":[24.1555,230.593,53.662],"pipPosition":[-2.50985,252.885,18.0248],"stabilizedTipPosition":[-12.8954,231.04,16.7305],"timeVisible":13.9372,"tipPosition":[10.1884,253.18,-25.7763],"tipVelocity":[149.371,202.429,-234.331],"tool":false,"touchDistance":-0.644993,"touchZone":"hovering","type":0,"width":20.194},{"bases":[[[0.919238,-0.171505,-0.354383],[0.363423,0.715812,0.596269],[0.151409,-0.676904,0.720331]],[[0.924673,-0.199111,-0.324554],[0.33067,0.842526,0.425214],[0.188781,-0.500504,0.844901]],[[0.924673,-0.199111,-0.324554],[0.292798,0.916733,0.27179],[0.243413,-0.346346,0.905977]],[[0.924673,-0.199111,-0.324554],[0.258712,0.953945,0.151847],[0.279373,-0.224375,0.933599]]],"btipPosition":[9.83496,331.159,-68.7121],"carpPosition":[39.6584,247.883,58.0784],"dipPosition":[14.595,327.336,-52.8052],"direction":[-0.243413,0.346346,-0.905977],"extended":true,"handId":724,"id":7241,"length":58.6448,"mcpPosition":[28.5501,297.544,5.23059],"pipPosition":[20.4621,318.988,-30.9679],"stabilizedTipPosition":[0.938558,316.581,-49.7344],"timeVisible":13.9372,"tipPosition":[10.4127,328.885,-65.416],"tipVelocity":[156.619,227.281,-211.693],"tool":false,"touchDistance":-0.634652,"touchZone":"touching","type":1,"width":19.2893},{"bases":[[[0.855729,-0.380879,-0.350227],[0.516835,0.661477,0.543442],[0.0246818,-0.646049,0.762897]],[[0.855799,-0.382825,-0.347925],[0.0841329,0.766616,-0.636571],[0.51042,0.515505,0.688277]],[[0.855799,-0.382825,-0.347925],[-0.498156,-0.428565,-0.753772],[0.139454,0.818399,-0.557472]],[[0.855799,-0.382825,-0.347925],[-0.480874,-0.836655,-0.262238],[-0.190702,0.391731,-0.9001]]],"btipPosition":[24.72,237.033,0.877273],"carpPosition":[51.3525,247.412,54.3627],"dipPosition":[21.1463,244.374,-15.9906],"direction":[-0.139454,-0.818399,0.557472],"extended":false,"handId":724,"id":7242,"length":66.821,"mcpPosition":[49.6352,292.361,1.28421],"pipPosition":[25.1009,267.582,-31.7992],"stabilizedTipPosition":[7.44482,219.68,26.4224],"timeVisible":13.9372,"tipPosition":[24.0272,238.613,-2.49535],"tipVelocity":[151.858,190.559,-231.062],"tool":false,"touchDistance":0.333333,"touchZone":"none","type":2,"width":18.9446},{"bases":[[[0.808622,-0.520573,-0.274107],[0.577176,0.611643,0.541073],[-0.114012,-0.595732,0.79505]],[[0.808595,-0.520713,-0.27392],[0.215079,0.694937,-0.686151],[0.547645,0.495904,0.673917]],[[0.808595,-0.520713,-0.27392],[-0.520812,-0.416855,-0.744975],[0.273733,0.745043,-0.60826]],[[0.808595,-0.520713,-0.27392],[-0.581202,-0.779336,-0.234179],[-0.0915361,0.348559,-0.932806]]],"btipPosition":[39.0932,231.933,4.44947],"carpPosition":[62.2285,243.891,49.9569],"dipPosition":[37.3877,238.427,-12.9309],"direction":[-0.273733,-0.745044,0.60826],"extended":false,"handId":724,"id":7243,"length":64.2502,"mcpPosition":[69.3505,281.105,0.292776],"pipPosition":[44.9496,259.009,-29.7342],"stabilizedTipPosition":[27.2062,219.103,19.5092],"timeVisible":13.9372,"tipPosition":[39.0614,233.227,0.592637],"tipVelocity":[150.44,201.072,-215.3],"tool":false,"touchDistance":0.333333,"touchZone":"none","type":3,"width":18.027},{"bases":[[[0.683435,-0.679881,-0.265854],[0.683565,0.468179,0.559954],[-0.256235,-0.564421,0.784712]],[[0.628814,-0.76726,-0.126118],[0.502411,0.524714,-0.68721],[0.593445,0.368764,0.715427]],[[0.628814,-0.76726,-0.126118],[-0.534973,-0.309201,-0.786256],[0.564267,0.561878,-0.604894]],[[0.628814,-0.76726,-0.126118],[-0.767418,-0.586291,-0.259485],[0.125151,0.259953,-0.957477]]],"btipPosition":[50.9062,238.307,1.09413],"carpPosition":[70.1722,234.1,43.4404],"dipPosition":[53.0574,242.775,-15.364],"direction":[-0.564267,-0.561878,0.604894],"extended":false,"handId":724,"id":7244,"length":50.3709,"mcpPosition":[84.9889,266.737,-1.93536],"pipPosition":[64.0633,253.734,-27.1623],"stabilizedTipPosition":[41.4538,226.67,13.0978],"timeVisible":13.9372,"tipPosition":[51.5151,239.172,-2.04729],"tipVelocity":[152.149,208.593,-212.533],"tool":false,"touchDistance":0.333333,"touchZone":"none","type":4,"width":16.013}],"r":[[0.954136,-0.0169246,0.298896],[-0.0552686,0.971281,0.231426],[-0.294229,-0.237331,0.925799]],"s":1.02847,"t":[40.1902,93.0758,-100.35],"timestamp":524133783197},false],[4,{"currentFrameRate":110.051,"devices":[],"gestures":[],"hands":[{"armBasis":[[0.857631,-0.181916,-0.481015],[0.364713,0.874585,0.319508],[0.362565,-0.449453,0.816418]],"armWidth":63.5437,"confidence":0.704238,"direction":[0.0643202,0.736499,-0.673373],"elbow":[152.988,112.151,269.219],"grabStrength":0,"id":724,"palmNormal":[-0.376333,-0.607049,-0.699904],"palmPosition":[50.1834,272.482,11.9292],"palmVelocity":[116.036,210.715,-224.884],"palmWidth":90.7382,"pinchStrength":0.837707,"r":[[0.952151,-0.0126167,0.305366],[-0.0615986,0.970722,0.232175],[-0.299355,-0.239876,0.923497]],"s":1.02978,"sphereCenter":[29.3764,264.352,-26.6853],"sphereRadius":44.8059,"stabilizedPalmPosition":[42.0246,259.525,27.7089],"t":[41.1471,94.9603,-102.427],"timeVisible":13.9462,"type":"right","wrist":[55.3668,233.167,49.3958]}],"id":4318393,"interactionBox":{"center":[0,200,0],"size":[235.247,235.247,147.751]},"pointables":[{"bases":[[[0.721069,0.566588,0.398796],[-0.60063,0.224226,0.767441],[0.345402,-0.792907,0.501993]],[[0.511059,0.845848,0.15284],[-0.676147,0.285822,0.679066],[0.530702,-0.450385,0.717989]],[[0.511059,0.845848,0.15284],[-0.859462,0.500386,0.104586],[0.011985,-0.18481,0.982701]],[[0.511059,0.845848,0.15284],[-0.447146,0.413483,-0.793154],[-0.734084,0.337006,0.589531]]],"btipPosition":[15.1256,253.438,-31.9878],"carpPosition":[24.8185,232.6,50.9253],"dipPosition":[-2.00705,261.304,-18.2289],"direction":[-0.011985,0.18481,-0.982701],"extended":false,"handId":724,"id":7240,"length":51.9721,"mcpPosition":[24.8185,232.6,50.9253],"pipPosition":[-1.59954,255.02,15.1842],"stabilizedTipPosition":[-10.2261,233.723,11.6809],"timeVisible":13.9462,"tipPosition":[11.3285,255.397,-28.5993],"tipVelocity":[141.925,217.841,-255.545],"tool":false,"touchDistance":-0.650877,"touchZone":"hovering","type":0,"width":20.194},{"bases":[[[0.921928,-0.170535,-0.347804],[0.358556,0.715467,0.599621],[0.146586,-0.677514,0.720755]],[[0.927183,-0.198295,-0.317822],[0.327679,0.84047,0.431552],[0.181545,-0.504271,0.844246]],[[0.927183,-0.198295,-0.317822],[0.291192,0.915242,0.278458],[0.235668,-0.350729,0.906339]],[[0.927183,-0.198295,-0.317822],[0.258151,0.953014,0.158501],[0.271459,-0.229005,0.934808]]],"btipPosition":[11.4387,333.563,-71.3507],"carpPosition":[40.2768,249.896,55.4722],"dipPosition":[16.0639,329.661,-55.4231],"direction":[-0.235668,0.350729,-0.906339],"extended":true,"handId":724,"id":7241,"length":58.6448,"mcpPosition":[29.5224,299.602,2.5933],"pipPosition":[21.7443,321.207,-33.5772],"stabilizedTipPosition":[3.13614,319.638,-53.1462],"timeVisible":13.9462,"tipPosition":[11.9928,331.286,-68.0585],"tipVelocity":[161.617,237.692,-233.949],"tool":false,"touchDistance":-0.639027,"touchZone":"touching","type":1,"width":19.2893},{"bases":[[[0.858532,-0.379956,-0.34432],[0.512388,0.661288,0.547866],[0.0195297,-0.646786,0.762421]],[[0.858585,-0.38183,-0.342107],[0.0899945,0.769193,-0.632648],[0.50471,0.512394,0.69478]],[[0.858585,-0.38183,-0.342107],[-0.491833,-0.425154,-0.759832],[0.144679,0.82064,-0.552827]],[[0.858585,-0.38183,-0.342107],[-0.47876,-0.835829,-0.268662],[-0.18336,0.394456,-0.900435]]],"btipPosition":[25.7129,239.144,-2.04846],"carpPosition":[51.9981,249.437,51.8419],"dipPosition":[22.2767,246.536,-18.9226],"direction":[-0.144679,-0.82064,0.552827],"extended":false,"handId":724,"id":7242,"length":66.821,"mcpPosition":[50.6394,294.437,-1.20351],"pipPosition":[26.3795,269.808,-34.5995],"stabilizedTipPosition":[9.52601,222.2,22.57],"timeVisible":13.9462,"tipPosition":[25.0587,240.722,-5.38034],"tipVelocity":[141.434,203.023,-256.952],"tool":false,"touchDistance":0.333333,"touchZone":"none","type":2,"width":18.9446},{"bases":[[[0.810963,-0.519756,-0.268685],[0.572778,0.611496,0.545891],[-0.119431,-0.596595,0.793606]],[[0.810825,-0.520443,-0.267771],[0.220643,0.695549,-0.68376],[0.542106,0.495328,0.678801]],[[0.810825,-0.520443,-0.267771],[-0.514694,-0.41621,-0.749573],[0.278661,0.745593,-0.605342]],[[0.810825,-0.520443,-0.267771],[-0.579223,-0.779214,-0.239429],[-0.0840418,0.349234,-0.933259]]],"btipPosition":[40.0827,234.021,1.80544],"carpPosition":[62.9086,245.928,47.5124],"dipPosition":[38.5168,240.528,-15.5833],"direction":[-0.278661,-0.745593,0.605342],"extended":false,"handId":724,"id":7243,"length":64.2502,"mcpPosition":[70.369,283.195,-2.06149],"pipPosition":[46.2149,261.125,-32.3061],"stabilizedTipPosition":[29.1717,221.681,16.1011],"timeVisible":13.9462,"tipPosition":[40.0835,235.316,-2.04736],"tipVelocity":[140.319,209.686,-236.936],"tool":false,"touchDistance":0.333333,"touchZone":"none","type":3,"width":18.027},{"bases":[[[0.685828,-0.679157,-0.261507],[0.679123,0.468085,0.56541],[-0.261595,-0.565369,0.782257]],[[0.630209,-0.766751,-0.122186],[0.507181,0.525694,-0.682945],[0.587881,0.368428,0.720178]],[[0.630209,-0.766751,-0.122186],[-0.528916,-0.308754,-0.790518],[0.568405,0.562818,-0.600126]],[[0.630209,-0.766751,-0.122186],[-0.765106,-0.586511,-0.265739],[0.132092,0.260956,-0.956271]]],"btipPosition":[51.9466,240.386,-1.44083],"carpPosition":[70.9065,236.148,41.0447],"dipPosition":[54.2171,244.872,-17.8783],"direction":[-0.568405,-0.562818,0.600126],"extended":false,"handId":724,"id":7244,"length":50.3709,"mcpPosition":[86.0331,268.841,-4.18907],"pipPosition":[65.3037,255.849,-29.5835],"stabilizedTipPosition":[43.378,229.246,9.89768],"timeVisible":13.9462,"tipPosition":[52.5778,241.256,-4.58238],"tipVelocity":[142.968,214.906,-231.396],"tool":false,"touchDistance":0.333333,"touchZone":"none","type":4,"width":16.013}],"r":[[0.952151,-0.0126167,0.305366],[-0.0615986,0.970722,0.232175],[-0.299355,-0.239876,0.923497]],"s":1.02978,"t":[41.1471,94.9603,-102.427],"timestamp":524133792193},false],[5,{"currentFrameRate":110.065,"devices":[],"gestures":[],"hands":[{"armBasis":[[0.869408,-0.167917,-0.464688],[0.345957,0.878349,0.329873],[0.352767,-0.447556,0.821735]],"armWidth":63.5437,"confidence":0.641214,"direction":[0.0685066,0.743294,-0.665448],"elbow":[150.78,115.157,268.18],"grabStrength":0,"id":724,"palmNormal":[-0.353758,-0.605575,-0.712836],"palmPosition":[50.8709,275.242,9.70366],"palmVelocity":[104.947,236.646,-230.609],"palmWidth":90.7382,"pinchStrength":0.837009,"r":[[0.949243,-0.00725231,0.314462],[-0.0701661,0.969661,0.234168],[-0.306619,-0.244347,0.919934]],"s":1.03098,"sphereCenter":[30.9207,267.245,-29.3999],"sphereRadius":44.8332,"stabilizedPalmPosition":[43.4798,262.11,24.7469],"t":[41.9694,97.2825,-104.578],"timeVisible":13.9553,"type":"right","wrist":[55.7968,235.663,46.9258]}],"id":4318394,"interactionBox":{"center":[0,200,0],"size":[235.247,235.247,147.751]},"pointables":[{"bases":[[[0.705145,0.572305,0.418614],[-0.619262,0.209496,0.756721],[0.345377,-0.792829,0.502132]],[[0.497788,0.850067,0.172026],[-0.692638,0.270269,0.668735],[0.521976,-0.45204,0.723326]],[[0.497788,0.850067,0.172026],[-0.867295,0.48849,0.0957977],[-0.00259871,-0.196884,0.980423]],[[0.497788,0.850067,0.172026],[-0.440064,0.418476,-0.794495],[-0.747363,0.319787,0.582396]]],"btipPosition":[16.7808,256.418,-35.1195],"carpPosition":[25.2336,234.685,47.8153],"dipPosition":[-0.661734,263.882,-21.5271],"direction":[0.00259871,0.196884,-0.980423],"extended":false,"handId":724,"id":7240,"length":51.9721,"mcpPosition":[25.2336,234.685,47.8153],"pipPosition":[-0.750093,257.187,11.8085],"stabilizedTipPosition":[-7.58298,236.529,6.66094],"timeVisible":13.9553,"tipPosition":[12.9629,258.178,-31.7826],"tipVelocity":[151.006,245.682,-281.588],"tool":false,"touchDistance":-0.661672,"touchZone":"hovering","type":0,"width":20.194},{"bases":[[[0.931085,-0.155406,-0.330046],[0.336629,0.71465,0.613154],[0.14058,-0.682001,0.717713]],[[0.936087,-0.183381,-0.300187],[0.308138,0.839102,0.448284],[0.16968,-0.512132,0.841979]],[[0.936087,-0.183381,-0.300187],[0.274024,0.915233,0.295398],[0.22057,-0.358777,0.906989]],[[0.936087,-0.183381,-0.300187],[0.243065,0.954069,0.175131],[0.254283,-0.236903,0.937666]]],"btipPosition":[13.1328,336.8,-73.734],"carpPosition":[40.3654,252.139,52.8329],"dipPosition":[17.4654,332.764,-57.7577],"direction":[-0.22057,0.358777,-0.906989],"extended":true,"handId":724,"id":7241,"length":58.6448,"mcpPosition":[30.0516,302.174,0.177205],"pipPosition":[22.7819,324.116,-35.8961],"stabilizedTipPosition":[5.32511,322.87,-56.514],"timeVisible":13.9553,"tipPosition":[13.6545,334.509,-70.4554],"tipVelocity":[166.565,269.777,-241.639],"tool":false,"touchDistance":-0.63904,"touchZone":"touching","type":1,"width":19.2893},{"bases":[[[0.870396,-0.365656,-0.329706],[0.492198,0.662941,0.564137],[0.0122958,-0.653303,0.756997]],[[0.870427,-0.367483,-0.327585],[0.0943545,0.777617,-0.621617],[0.48317,0.510164,0.711533]],[[0.870427,-0.367483,-0.327585],[-0.469939,-0.421981,-0.775299],[0.146675,0.828787,-0.539999]],[[0.870427,-0.367483,-0.327585],[-0.462364,-0.838729,-0.287669],[-0.169042,0.401859,-0.899964]]],"btipPosition":[27.0927,241.763,-5.24774],"carpPosition":[52.1642,251.865,49.4431],"dipPosition":[23.9249,249.294,-22.1131],"direction":[-0.146675,-0.828787,0.539999],"extended":false,"handId":724,"id":7242,"length":66.821,"mcpPosition":[51.3088,297.318,-3.2249],"pipPosition":[28.0842,272.796,-37.4262],"stabilizedTipPosition":[11.5401,224.748,18.7785],"timeVisible":13.9553,"tipPosition":[26.4978,243.359,-8.54527],"tipVelocity":[146.311,227.743,-283.438],"tool":false,"touchDistance":0.333333,"touchZone":"none","type":2,"width":18.9446},{"bases":[[[0.823122,-0.506737,-0.256296],[0.553267,0.613959,0.562983],[-0.127929,-0.605204,0.785724]],[[0.822854,-0.507994,-0.254663],[0.226516,0.704229,-0.672869],[0.521154,0.495988,0.694546]],[[0.822854,-0.507994,-0.254663],[-0.493214,-0.415886,-0.764054],[0.282224,0.754308,-0.592764]],[[0.822854,-0.507994,-0.254663],[-0.564117,-0.784215,-0.258417],[-0.0684361,0.356299,-0.931863]]],"btipPosition":[41.4564,236.766,-0.978819],"carpPosition":[63.2071,248.537,45.3109],"dipPosition":[40.1813,243.405,-18.3416],"direction":[-0.282224,-0.754308,0.592764],"extended":false,"handId":724,"id":7243,"length":64.2502,"mcpPosition":[71.1983,286.342,-3.77069],"pipPosition":[47.9778,264.243,-34.7169],"stabilizedTipPosition":[31.0823,224.328,12.7435],"timeVisible":13.9553,"tipPosition":[41.5249,238.093,-4.81792],"tipVelocity":[145.474,236.365,-256.18],"tool":false,"touchDistance":0.333333,"touchZone":"none","type":3,"width":18.027},{"bases":[[[0.699977,-0.667808,-0.253109],[0.661067,0.471772,0.583456],[-0.270227,-0.575728,0.771696]],[[0.642564,-0.757468,-0.115562],[0.514645,0.538381,-0.667298],[0.567673,0.369308,0.735771]],[[0.642564,-0.757468,-0.115562],[-0.507983,-0.308212,-0.804338],[0.573642,0.575542,-0.582826]],[[0.642564,-0.757468,-0.115562],[-0.751644,-0.59383,-0.287049],[0.148806,0.271309,-0.95092]]],"btipPosition":[53.3275,243.3,-3.92836],"carpPosition":[71.4651,238.921,38.9257],"dipPosition":[55.8853,247.964,-20.2738],"direction":[-0.573642,-0.575542,0.582826],"extended":false,"handId":724,"id":7244,"length":50.3709,"mcpPosition":[87.0909,272.212,-5.69737],"pipPosition":[67.074,259.19,-31.6416],"stabilizedTipPosition":[45.2707,231.963,6.73914],"timeVisible":13.9553,"tipPosition":[54.0131,244.208,-7.05334],"tipVelocity":[147.587,245.623,-242.664],"tool":false,"touchDistance":0.333333,"touchZone":"none","type":4,"width":16.013}],"r":[[0.949243,-0.00725231,0.314462],[-0.0701661,0.969661,0.234168],[-0.306619,-0.244347,0.919934]],"s":1.03098,"t":[41.9694,97.2825,-104.578],"timestamp":524133801254},false],[6,{"currentFrameRate":110.093,"devices":[],"gestures":[],"hands":[{"armBasis":[[0.873902,-0.156076,-0.460364],[0.334023,0.880858,0.335436],[0.353162,-0.44691,0.821917]],"armWidth":63.5437,"confidence":0.648552,"direction":[0.0691955,0.745499,-0.662905],"elbow":[151.476,116.719,266.938],"grabStrength":0,"id":724,"palmNormal":[-0.340031,-0.607081,-0.718214],"palmPosition":[51.5182,276.672,8.44983],"palmVelocity":[95.7771,215.089,-205.323],"palmWidth":90.7382,"pinchStrength":0.839344,"r":[[0.946097,-0.00139981,0.32388],[-0.0793507,0.968513,0.23598],[-0.314012,-0.24896,0.916196]],"s":1.03168,"sphereCenter":[32.0593,268.608,-30.9083],"sphereRadius":44.8332,"stabilizedPalmPosition":[44.8256,264.548,22.0186],"t":[42.7042,99.159,-106.28],"timeVisible":13.9643,"type":"right","wrist":[56.3862,237.051,45.6341]}],"id":4318395,"interactionBox":{"center":[0,200,0],"size":[235.247,235.247,147.751]},"pointables":[{"bases":[[[0.695029,0.57776,0.427935],[-0.629726,0.201956,0.750106],[0.346957,-0.790827,0.504196]],[[0.488305,0.853899,0.180039],[-0.702622,0.262336,0.66144],[0.517572,-0.449484,0.728068]],[[0.488305,0.853899,0.180039],[-0.872621,0.48003,0.0900258],[-0.00955098,-0.201066,0.979531]],[[0.488305,0.853899,0.180039],[-0.434099,0.416647,-0.798726],[-0.757044,0.311867,0.574128]]],"btipPosition":[18.0539,257.722,-36.7742],"carpPosition":[25.8251,235.789,46.1733],"dipPosition":[0.385408,265.001,-23.3748],"direction":[0.00955098,0.201066,-0.979531],"extended":false,"handId":724,"id":7240,"length":51.9721,"mcpPosition":[25.8251,235.789,46.1733],"pipPosition":[0.0606625,258.164,9.93051],"stabilizedTipPosition":[-5.04725,239.217,1.91778],"timeVisible":13.9643,"tipPosition":[14.1951,259.408,-33.4985],"tipVelocity":[146.649,216.481,-255.838],"tool":false,"touchDistance":-0.649325,"touchZone":"hovering","type":0,"width":20.194},{"bases":[[[0.936169,-0.146029,-0.319786],[0.323029,0.716235,0.618596],[0.138709,-0.68241,0.717688]],[[0.941087,-0.174009,-0.289958],[0.295507,0.840048,0.454968],[0.16441,-0.513849,0.841979]],[[0.941087,-0.174009,-0.289958],[0.262482,0.916491,0.301908],[0.213209,-0.36023,0.908172]],[[0.941087,-0.174009,-0.289958],[0.232542,0.955538,0.181303],[0.245518,-0.238049,0.939709]]],"btipPosition":[14.1944,338.189,-75.2252],"carpPosition":[40.7371,253.37,51.4032],"dipPosition":[18.3776,334.133,-59.2141],"direction":[-0.213209,0.36023,-0.908172],"extended":true,"handId":724,"id":7241,"length":58.6448,"mcpPosition":[30.5606,303.435,-1.25068],"pipPosition":[23.5167,325.45,-37.324],"stabilizedTipPosition":[7.33479,325.811,-59.586],"timeVisible":13.9643,"tipPosition":[14.7113,335.922,-71.9421],"tipVelocity":[152.011,237.685,-220.309],"tool":false,"touchDistance":-0.625717,"touchZone":"touching","type":1,"width":19.2893},{"bases":[[[0.877425,-0.356829,-0.320622],[0.479615,0.666079,0.571233],[0.00972737,-0.65499,0.755575]],[[0.877448,-0.358608,-0.318568],[0.095369,0.781303,-0.616823],[0.470095,0.510849,0.719753]],[[0.877448,-0.358608,-0.318568],[-0.456827,-0.422231,-0.782962],[0.146267,0.832539,-0.534308]],[[0.877448,-0.358608,-0.318568],[-0.451547,-0.841597,-0.296344],[-0.161834,0.403875,-0.900386]]],"btipPosition":[28.1879,243.051,-6.99324],"carpPosition":[52.5758,253.212,48.1473],"dipPosition":[25.1551,250.619,-23.8665],"direction":[-0.146267,-0.832539,0.534308],"extended":false,"handId":724,"id":7242,"length":66.821,"mcpPosition":[51.899,298.783,-4.42184],"pipPosition":[29.3029,274.228,-39.0182],"stabilizedTipPosition":[13.4415,227.137,15.2438],"timeVisible":13.9643,"tipPosition":[27.6233,244.647,-10.2711],"tipVelocity":[140.354,204.548,-258.648],"tool":false,"touchDistance":0.333333,"touchZone":"none","type":2,"width":18.9446},{"bases":[[[0.830624,-0.498517,-0.248082],[0.541144,0.617664,0.570661],[-0.131253,-0.608253,0.782816]],[[0.830102,-0.500904,-0.245003],[0.230931,0.708747,-0.666594],[0.507545,0.496762,0.704007]],[[0.830102,-0.500904,-0.245003],[-0.479199,-0.41615,-0.772779],[0.28513,0.75889,-0.58548]],[[0.830102,-0.500904,-0.245003],[-0.554538,-0.787642,-0.268527],[-0.0584684,0.358769,-0.931594]]],"btipPosition":[42.4925,238.209,-2.60249],"carpPosition":[63.6951,249.996,44.1333],"dipPosition":[41.403,244.893,-19.9602],"direction":[-0.28513,-0.75889,0.58548],"extended":false,"handId":724,"id":7243,"length":64.2502,"mcpPosition":[71.894,287.992,-4.7666],"pipPosition":[49.2799,265.858,-36.1343],"stabilizedTipPosition":[32.8708,226.799,9.64415],"timeVisible":13.9643,"tipPosition":[42.6122,239.534,-6.38226],"tipVelocity":[138.299,215.577,-235.093],"tool":false,"touchDistance":0.333333,"touchZone":"none","type":3,"width":18.027},{"bases":[[[0.708943,-0.660722,-0.246669],[0.650012,0.476427,0.592032],[-0.273649,-0.580055,0.767237]],[[0.650738,-0.751312,-0.109864],[0.517475,0.544706,-0.659935],[0.555661,0.372594,0.743246]],[[0.650738,-0.751312,-0.109864],[-0.495711,-0.310764,-0.810984],[0.575161,0.582199,-0.57466]],[[0.650738,-0.751312,-0.109864],[-0.742815,-0.599922,-0.297186],[0.15737,0.274999,-0.948478]]],"btipPosition":[54.4206,244.793,-5.24076],"carpPosition":[72.1136,240.472,37.8204],"dipPosition":[57.1256,249.52,-21.5442],"direction":[-0.575161,-0.582199,0.57466],"extended":false,"handId":724,"id":7244,"length":50.3709,"mcpPosition":[87.9372,274.013,-6.54493],"pipPosition":[68.3439,260.875,-32.7528],"stabilizedTipPosition":[47.0739,234.531,3.83655],"timeVisible":13.9643,"tipPosition":[55.1338,245.715,-8.36116],"tipVelocity":[141.299,223.919,-215.549],"tool":false,"touchDistance":0.333333,"touchZone":"none","type":4,"width":16.013}],"r":[[0.946097,-0.00139981,0.32388],[-0.0793507,0.968513,0.23598],[-0.314012,-0.24896,0.916196]],"s":1.03168,"t":[42.7042,99.159,-106.28],"timestamp":524133810287},false],[7,{"currentFrameRate":110.007,"devices":[],"gestures":[],"hands":[{"armBasis":[[0.87965,-0.150207,-0.451279],[