{"sensorType":"Leap","data":[[0,{"currentFrameRate":107.195,"devices":[],"gestures":[],"hands":[{"armBasis":[[0.939141,-0.0157966,-0.343169],[0.144836,0.924025,0.353835],[0.311507,-0.382005,0.870078]],"armWidth":63.5437,"confidence":0.657421,"direction":[0.0117484,0.698895,-0.715128],"elbow":[170.225,152.808,300.049],"grabStrength":0,"id":724,"palmNormal":[-0.152574,-0.70555,-0.692041],"palmPosition":[78.8136,291.151,25.0343],"palmVelocity":[-0.13605,114.18,-196.133],"palmWidth":90.7382,"pinchStrength":0.655333,"r":[[0.879754,0.239465,0.410718],[-0.319639,0.93742,0.138109],[-0.351943,-0.252784,0.901242]],"s":1.03787,"sphereCenter":[71.0268,275.057,-17.3687],"sphereRadius":46.0258,"stabilizedPalmPosition":[74.0715,270.071,52.1956],"t":[70.8473,114.712,-89.8677],"timeVisible":0.994175,"type":"right","wrist":[86.3503,255.664,65.7781]}],"id":4316997,"interactionBox":{"center":[0,200,0],"size":[235.247,235.247,147.751]},"pointables":[{"bases":[[[0.536417,0.720263,0.439862],[-0.731667,0.137132,0.667726],[0.420619,-0.680012,0.600552]],[[0.389056,0.888348,0.243871],[-0.767955,0.166546,0.618472],[0.508803,-0.427902,0.747007]],[[0.389056,0.888348,0.243871],[-0.920884,0.367958,0.12876],[0.0246495,-0.274672,0.961222]],[[0.389056,0.888348,0.243871],[-0.685364,0.456015,-0.567738],[-0.615557,0.0537416,0.786258]]],"btipPosition":[44.773,278.399,-24.6577],"carpPosition":[56.5727,249.013,63.5609],"dipPosition":[30.4066,279.653,-6.30741],"direction":[-0.0246495,0.274672,-0.961222],"extended":false,"handId":724,"id":7240,"length":51.9721,"mcpPosition":[56.5727,249.013,63.5609],"pipPosition":[31.2447,270.314,26.3753],"stabilizedTipPosition":[32.8388,251.085,16.9541],"timeVisible":0.994175,"tipPosition":[42.2968,278.093,-20.0797],"tipVelocity":[13.1718,140.666,-234.302],"tool":false,"touchDistance":-0.598216,"touchZone":"hovering","type":0,"width":20.194},{"bases":[[[0.976166,0.00176997,-0.217019],[0.127991,0.802866,0.582258],[0.175268,-0.596157,0.783504]],[[0.989608,-0.0645962,-0.128463],[0.121109,0.856054,0.502498],[0.0775118,-0.512834,0.854982]],[[0.989608,-0.0645962,-0.128463],[0.0948574,0.96471,0.245635],[0.108062,-0.255268,0.960812]],[[0.989608,-0.0645962,-0.128463],[0.0692245,0.997091,0.0318909],[0.126029,-0.0404523,0.991201]]],"btipPosition":[46.6898,341.837,-65.5271],"carpPosition":[67.6214,269.286,68.6332],"dipPosition":[48.8371,341.148,-48.6387],"direction":[-0.108062,0.255268,-0.960812],"extended":true,"handId":724,"id":7241,"length":58.6448,"mcpPosition":[54.7627,313.023,11.1507],"pipPosition":[51.4418,334.995,-25.4797],"stabilizedTipPosition":[42.813,330.675,-45.8265],"timeVisible":0.994175,"tipPosition":[47.5562,340.849,-61.6287],"tipVelocity":[48.3065,148.563,-202.654],"tool":false,"touchDistance":-0.576162,"touchZone":"touching","type":1,"width":19.2893},{"bases":[[[0.954652,-0.215684,-0.205229],[0.294997,0.778324,0.554246],[0.0401927,-0.589654,0.806655]],[[0.95539,-0.231528,-0.183373],[0.0724186,0.785555,-0.614539],[0.286333,0.573845,0.767278]],[[0.95539,-0.231528,-0.183373],[-0.274425,-0.466354,-0.840955],[0.109188,0.853762,-0.509087]],[[0.95539,-0.231528,-0.183373],[-0.28249,-0.897539,-0.33856],[-0.0861985,0.375257,-0.922904]]],"btipPosition":[61.5528,253.219,5.25324],"carpPosition":[79.5933,271.02,66.5252],"dipPosition":[59.9375,260.252,-12.042],"direction":[-0.109188,-0.853761,0.509087],"extended":false,"handId":724,"id":7242,"length":66.821,"mcpPosition":[76.7969,312.045,10.4023],"pipPosition":[63.0338,284.462,-26.4785],"stabilizedTipPosition":[51.0752,229.66,36.2363],"timeVisible":0.994175,"tipPosition":[61.2405,255.042,1.34963],"tipVelocity":[7.0311,121.916,-216.059],"tool":false,"touchDistance":0.333333,"touchZone":"none","type":2,"width":18.9446},{"bases":[[[0.925189,-0.358162,-0.12548],[0.36358,0.741732,0.563599],[-0.108787,-0.567058,0.816462]],[[0.922942,-0.368931,-0.109858],[0.203235,0.709388,-0.67488],[0.326916,0.600548,0.729704]],[[0.922942,-0.368931,-0.109858],[-0.296461,-0.499201,-0.814192],[0.245539,0.784021,-0.570107]],[[0.922942,-0.368931,-0.109858],[-0.384515,-0.870174,-0.308133],[0.0180843,0.326631,-0.944979]]],"btipPosition":[76.5729,250.491,13.7032],"carpPosition":[91.4634,269.572,63.861],"dipPosition":[76.9098,256.577,-3.90395],"direction":[-0.245539,-0.784021,0.570107],"extended":false,"handId":724,"id":7243,"length":64.2502,"mcpPosition":[98.259,304.994,12.8593],"pipPosition":[83.6929,278.236,-19.6534],"stabilizedTipPosition":[70.4041,232.838,35.3424],"timeVisible":0.994175,"tipPosition":[76.6702,252.128,9.45055],"tipVelocity":[2.67678,115.454,-208.455],"tool":false,"touchDistance":0.333333,"touchZone":"none","type":3,"width":18.027},{"bases":[[[0.833503,-0.538984,-0.121527],[0.492006,0.623963,0.607125],[-0.251403,-0.565832,0.785258]],[[0.772321,-0.634683,0.0264078],[0.504369,0.587413,-0.632896],[0.386177,0.502118,0.773786]],[[0.772321,-0.634683,0.0264078],[-0.317069,-0.421184,-0.849748],[0.550443,0.647905,-0.526528]],[[0.772321,-0.634683,0.0264078],[-0.585759,-0.727639,-0.35697],[0.245779,0.260227,-0.933742]]],"btipPosition":[87.9692,259.197,12.8336],"carpPosition":[102.01,261.293,59.2057],"dipPosition":[92.1939,263.67,-3.2166],"direction":[-0.550443,-0.647905,0.526528],"extended":false,"handId":724,"id":7244,"length":50.3709,"mcpPosition":[116.547,294.012,13.7984],"pipPosition":[102.93,276.307,-13.4863],"stabilizedTipPosition":[84.4262,244.005,30.6382],"timeVisible":0.994175,"tipPosition":[89.0375,260.352,9.27972],"tipVelocity":[3.03533,116.334,-200.599],"tool":false,"touchDistance":0.333333,"touchZone":"none","type":4,"width":16.013}],"r":[[0.879754,0.239465,0.410718],[-0.319639,0.93742,0.138109],[-0.351943,-0.252784,0.901242]],"s":1.03787,"t":[70.8473,114.712,-89.8677],"timestamp":524120840166},false],[1,{"currentFrameRate":107.341,"devices":[],"gestures":[],"hands":[{"armBasis":[[0.939248,-0.0192401,-0.3427],[0.145584,0.9265,0.346991],[0.310835,-0.375802,0.873015]],"armWidth":63.5437,"confidence":0.66029,"direction":[0.0171794,0.702905,-0.711076],"elbow":[169.575,154.685,299.707],"grabStrength":0,"id":724,"palmNormal":[-0.151728,-0.701112,-0.696722],"palmPosition":[78.6409,291.614,24.0714],"palmVelocity":[-5.36247,96.7724,-171.376],"palmWidth":90.7382,"pinchStrength":0.654266,"r":[[0.877837,0.237104,0.416154],[-0.319144,0.937444,0.139092],[-0.357141,-0.254913,0.898593]],"s":1.03879,"sphereCenter":[71.0313,275.7,-18.492],"sphereRadius":46.0348,"stabilizedPalmPosition":[74.2031,270.691,51.3854],"t":[70.7044,115.345,-91.1145],"timeVisible":1.00322,"type":"right","wrist":[85.8819,255.871,64.6456]}],"id":4316998,"interactionBox":{"center":[0,200,0],"size":[235.247,235.247,147.751]},"pointables":[{"bases":[[[0.53674,0.716022,0.446344],[-0.734206,0.13569,0.665229],[0.415754,-0.684763,0.598538]],[[0.390104,0.886244,0.249781],[-0.771553,0.166577,0.613969],[0.502518,-0.432231,0.748767]],[[0.390104,0.886244,0.249781],[-0.920531,0.369179,0.127788],[0.0210376,-0.279782,0.959833]],[[0.390104,0.886244,0.249781],[-0.686118,0.460698,-0.563027],[-0.614053,0.0482593,0.787788]]],"btipPosition":[44.6943,279.232,-26.0368],"carpPosition":[56.0934,249.329,62.2579],"dipPosition":[30.363,280.358,-7.65076],"direction":[-0.0210376,0.279782,-0.959833],"extended":false,"handId":724,"id":7240,"length":51.9721,"mcpPosition":[56.0934,249.329,62.2579],"pipPosition":[31.0783,270.845,24.9848],"stabilizedTipPosition":[33.0568,251.809,15.967],"timeVisible":1.00322,"tipPosition":[42.1944,278.944,-21.4048],"tipVelocity":[7.38385,126.358,-211.452],"tool":false,"touchDistance":-0.587291,"touchZone":"hovering","type":0,"width":20.194},{"bases":[[[0.977128,-0.0001385,-0.212654],[0.127947,0.799129,0.587386],[0.169856,-0.601159,0.780869]],[[0.989816,-0.0656297,-0.126318],[0.120996,0.855358,0.503709],[0.0749885,-0.513864,0.854588]],[[0.989816,-0.0656297,-0.126318],[0.0958828,0.963264,0.250856],[0.105214,-0.260413,0.959747]],[[0.989816,-0.0656297,-0.126318],[0.0712762,0.996626,0.0407075],[0.12322,-0.0492964,0.991154]]],"btipPosition":[46.8741,342.774,-66.4289],"carpPosition":[67.184,269.537,67.4948],"dipPosition":[48.9735,341.934,-49.5413],"direction":[-0.105214,0.260413,-0.959747],"extended":true,"handId":724,"id":7241,"length":58.6448,"mcpPosition":[54.7223,313.641,10.2055],"pipPosition":[51.5095,335.657,-26.408],"stabilizedTipPosition":[43.1394,331.531,-47.0275],"timeVisible":1.00322,"tipPosition":[47.7756,341.868,-62.4992],"tipVelocity":[40.2615,135.082,-174.242],"tool":false,"touchDistance":-0.560409,"touchZone":"touching","type":1,"width":19.2893},{"bases":[[[0.954868,-0.217586,-0.202198],[0.294998,0.774209,0.559979],[0.0347002,-0.594354,0.803455]],[[0.955454,-0.233432,-0.1806],[0.0778711,0.789618,-0.608637],[0.28468,0.567461,0.772622]],[[0.955454,-0.233432,-0.1806],[-0.272003,-0.458957,-0.845797],[0.114548,0.857244,-0.502007]],[[0.955454,-0.233432,-0.1806],[-0.283931,-0.894021,-0.346568],[-0.0805602,0.382408,-0.920475]]],"btipPosition":[61.3341,253.845,3.89761],"carpPosition":[79.1707,271.245,65.4501],"dipPosition":[59.8244,261.011,-13.3521],"direction":[-0.114548,-0.857244,0.502007],"extended":false,"handId":724,"id":7242,"length":66.821,"mcpPosition":[76.7564,312.597,9.54978],"pipPosition":[63.0727,285.321,-27.5879],"stabilizedTipPosition":[51.3101,230.273,35.376],"timeVisible":1.00322,"tipPosition":[61.0485,255.689,0.0396151],"tipVelocity":[-0.835136,108.29,-197.459],"tool":false,"touchDistance":0.333333,"touchZone":"none","type":2,"width":18.9446},{"bases":[[[0.924593,-0.360418,-0.123394],[0.363421,0.737344,0.569429],[-0.114249,-0.571334,0.812727]],[[0.92239,-0.370632,-0.108762],[0.207101,0.712227,-0.670703],[0.326047,0.596125,0.733709]],[[0.92239,-0.370632,-0.108762],[-0.294972,-0.494101,-0.817836],[0.249377,0.786445,-0.56508]],[[0.92239,-0.370632,-0.108762],[-0.385617,-0.867339,-0.314679],[0.0222968,0.332197,-0.942946]]],"btipPosition":[76.3528,250.986,12.5509],"carpPosition":[91.0479,269.773,62.8305],"dipPosition":[76.7682,257.176,-5.01835],"direction":[-0.249377,-0.786445,0.56508],"extended":false,"handId":724,"id":7243,"length":64.2502,"mcpPosition":[98.1847,305.463,12.0622],"pipPosition":[83.6573,278.902,-20.6289],"stabilizedTipPosition":[70.5864,233.428,34.5329],"timeVisible":1.00322,"tipPosition":[76.4593,252.653,8.29654],"tipVelocity":[-4.22113,99.4193,-185.807],"tool":false,"touchDistance":0.333333,"touchZone":"none","type":3,"width":18.027},{"bases":[[[0.832313,-0.540965,-0.120879],[0.491274,0.618917,0.612855],[-0.256719,-0.569472,0.780895]],[[0.770182,-0.637286,0.0262002],[0.508983,0.58933,-0.627397],[0.384391,0.496545,0.778259]],[[0.770182,-0.637286,0.0262002],[-0.314573,-0.415265,-0.85358],[0.554854,0.64917,-0.520303]],[[0.770182,-0.637286,0.0262002],[-0.586408,-0.723657,-0.363932],[0.250889,0.26493,-0.931057]]],"btipPosition":[87.7445,259.692,11.7302],"carpPosition":[101.589,261.487,58.1753],"dipPosition":[92.057,264.246,-4.27386],"direction":[-0.554854,-0.64917,0.520303],"extended":false,"handId":724,"id":7244,"length":50.3709,"mcpPosition":[116.433,294.417,13.0202],"pipPosition":[102.879,276.908,-14.4222],"stabilizedTipPosition":[84.583,244.614,29.8166],"timeVisible":1.00322,"tipPosition":[88.8331,260.866,8.18606],"tipVelocity":[-4.03737,99.9148,-178.572],"tool":false,"touchDistance":0.333333,"touchZone":"none","type":4,"width":16.013}],"r":[[0.877837,0.237104,0.416154],[-0.319144,0.937444,0.139092],[-0.357141,-0.254913,0.898593]],"s":1.03879,"t":[70.7044,115.345,-91.1145],"timestamp":524120849216},false],[2,{"currentFrameRate":107.514,"devices":[],"gestures":[],"hands":[{"armBasis":[[0.942058,-0.0258803,-0.334451],[0.146538,0.928608,0.340901],[0.301751,-0.370158,0.878595]],"armWidth":63.5437,"confidence":0.661518,"direction":[0.0217464,0.709079,-0.704794],"elbow":[166.537,156.59,299.218],"grabStrength":0,"id":724,"palmNormal":[-0.151479,-0.694485,-0.703381],"palmPosition":[78.296,292.376,22.372],"palmVelocity":[-14.4181,93.513,-176.244],"palmWidth":90.7382,"pinchStrength":0.641839,"r":[[0.876136,0.233932,0.421499],[-0.318277,0.937406,0.141316],[-0.362057,-0.257965,0.89575]],"s":1.0399,"sphereCenter":[70.8483,276.737,-20.393],"sphereRadius":46.0554,"stabilizedPalmPosition":[74.3019,271.214,50.6853],"t":[70.4606,116.042,-92.5876],"timeVisible":1.01221,"type":"right","wrist":[85.2896,256.256,62.654]}],"id":4316999,"interactionBox":{"center":[0,200,0],"size":[235.247,235.247,147.751]},"pointables":[{"bases":[[[0.537388,0.710414,0.45445],[-0.736058,0.132086,0.663907],[0.411623,-0.691277,0.593888]],[[0.391338,0.883302,0.258132],[-0.774421,0.164576,0.61089],[0.497118,-0.438967,0.748453]],[[0.391338,0.883302,0.258132],[-0.920029,0.369435,0.130632],[0.0200243,-0.28861,0.957237]],[[0.391338,0.883302,0.258132],[-0.691543,0.467339,-0.550783],[-0.607143,0.0370333,0.793729]]],"btipPosition":[44.2325,280.627,-28.2217],"carpPosition":[55.4896,249.827,60.1078],"dipPosition":[30.0625,281.491,-9.69698],"direction":[-0.0200243,0.28861,-0.957237],"extended":false,"handId":724,"id":7240,"length":51.9721,"mcpPosition":[55.4896,249.827,60.1078],"pipPosition":[30.7434,271.678,22.8503],"stabilizedTipPosition":[33.2381,252.473,15.0525],"timeVisible":1.01221,"tipPosition":[41.7741,280.296,-23.5023],"tipVelocity":[-7.60014,132.45,-219.169],"tool":false,"touchDistance":-0.58919,"touchZone":"hovering","type":0,"width":20.194},{"bases":[[[0.977843,-0.00126927,-0.209334],[0.12837,0.793533,0.594833],[0.165358,-0.608526,0.776114]],[[0.989859,-0.0657284,-0.125936],[0.121071,0.854077,0.505861],[0.0743093,-0.515978,0.853373]],[[0.989859,-0.0657284,-0.125936],[0.0965457,0.961581,0.256983],[0.104206,-0.266535,0.958175]],[[0.989859,-0.0657284,-0.125936],[0.0725606,0.996087,0.05045],[0.122127,-0.0590763,0.990755]]],"btipPosition":[46.7158,344.136,-67.918],"carpPosition":[66.6237,269.953,65.5601],"dipPosition":[48.7966,343.129,-51.0372],"direction":[-0.104206,0.266535,-0.958175],"extended":true,"handId":724,"id":7241,"length":58.6448,"mcpPosition":[54.492,314.599,8.61967],"pipPosition":[51.3083,336.705,-27.9418],"stabilizedTipPosition":[43.4277,332.41,-48.2368],"timeVisible":1.01221,"tipPosition":[47.6719,343.36,-63.9446],"tipVelocity":[24.2591,138.436,-171.951],"tool":false,"touchDistance":-0.555061,"touchZone":"touching","type":1,"width":19.2893},{"bases":[[[0.954886,-0.218731,-0.20087],[0.295437,0.768342,0.567774],[0.0301473,-0.601504,0.7983]],[[0.955351,-0.234691,-0.179514],[0.0807093,0.791714,-0.605537],[0.284238,0.564012,0.775306]],[[0.955351,-0.234691,-0.179514],[-0.271015,-0.453972,-0.848799],[0.117711,0.859552,-0.497308]],[[0.955351,-0.234691,-0.179514],[-0.285345,-0.890524,-0.354323],[-0.0767052,0.389726,-0.917731]]],"btipPosition":[60.9619,254.703,2.06353],"carpPosition":[78.6225,271.643,63.5711],"dipPosition":[59.5245,262.007,-15.1347],"direction":[-0.117711,-0.859552,0.497308],"extended":false,"handId":724,"id":7242,"length":66.821,"mcpPosition":[76.525,313.492,8.02941],"pipPosition":[62.8625,286.382,-29.2372],"stabilizedTipPosition":[51.4984,230.8,34.623],"timeVisible":1.01221,"tipPosition":[60.6837,256.618,-1.88075],"tipVelocity":[-11.4559,105.76,-198.92],"tool":false,"touchDistance":0.333333,"touchZone":"none","type":2,"width":18.9446},{"bases":[[[0.923908,-0.362158,-0.12343],[0.363715,0.731185,0.577131],[-0.118762,-0.57811,0.80727]],[[0.921699,-0.372176,-0.109345],[0.211031,0.717615,-0.663698],[0.32548,0.588654,0.739965]],[[0.921699,-0.372176,-0.109345],[-0.293843,-0.48586,-0.823162],[0.253235,0.790838,-0.557178]],[[0.921699,-0.372176,-0.109345],[-0.387028,-0.863355,-0.32377],[0.0260956,0.340738,-0.939796]]],"btipPosition":[75.9387,251.847,10.4844],"carpPosition":[90.504,270.158,60.979],"dipPosition":[76.4249,258.195,-7.02612],"direction":[-0.253235,-0.790838,0.557178],"extended":false,"handId":724,"id":7243,"length":64.2502,"mcpPosition":[97.9227,306.271,10.5515],"pipPosition":[83.4206,280.043,-22.4183],"stabilizedTipPosition":[70.7225,233.924,33.8336],"timeVisible":1.01221,"tipPosition":[76.0576,253.552,6.25032],"tipVelocity":[-15.2026,99.5226,-197.504],"tool":false,"touchDistance":0.333333,"touchZone":"none","type":3,"width":18.027},{"bases":[[[0.831072,-0.542435,-0.122819],[0.491058,0.611989,0.619945],[-0.261116,-0.57553,0.774973]],[[0.768153,-0.639846,0.0231804],[0.513023,0.593429,-0.620201],[0.383078,0.488302,0.7841]],[[0.768153,-0.639846,0.0231804],[-0.312513,-0.406287,-0.858642],[0.558817,0.652325,-0.512051]],[[0.768153,-0.639846,0.0231804],[-0.587152,-0.718406,-0.373021],[0.255329,0.272927,-0.927533]]],"btipPosition":[87.3381,260.528,9.75645],"carpPosition":[101.035,261.881,56.2866],"dipPosition":[91.727,265.219,-6.18701],"direction":[-0.558817,-0.652325,0.512051],"extended":false,"handId":724,"id":7244,"length":50.3709,"mcpPosition":[116.134,295.161,11.474],"pipPosition":[102.627,277.943,-16.1744],"stabilizedTipPosition":[84.6961,245.124,29.1035],"timeVisible":1.01221,"tipPosition":[88.444,261.731,6.23365],"tipVelocity":[-14.7954,98.9772,-189.409],"tool":false,"touchDistance":0.333333,"touchZone":"none","type":4,"width":16.013}],"r":[[0.876136,0.233932,0.421499],[-0.318277,0.937406,0.141316],[-0.362057,-0.257965,0.89575]],"s":1.0399,"t":[70.4606,116.042,-92.5876],"timestamp":524120858202},false],[3,{"currentFrameRate":107.66,"devices":[],"gestures":[],"hands":[{"armBasis":[[0.942464,-0.0307165,-0.332892],[0.149925,0.928854,0.338751],[0.298803,-0.36917,0.880017]],"armWidth":63.5437,"confidence":0.651907,"direction":[0.0243528,0.709178,-0.704609],"elbow":[165.134,157.272,297.874],"grabStrength":0,"id":724,"palmNormal":[-0.154124,-0.693728,-0.703553],"palmPosition":[77.8198,292.828,20.6546],"palmVelocity":[-24.9718,81.5614,-180.119],"palmWidth":90.7382,"pinchStrength":0.633396,"r":[[0.874932,0.230703,0.425759],[-0.316887,0.937598,0.143152],[-0.366166,-0.260166,0.893441]],"s":1.0411,"sphereCenter":[70.4102,277.127,-22.1464],"sphereRadius":46.0753,"stabilizedPalmPosition":[74.3714,271.642,50.0914],"t":[70.1005,116.617,-94.1828],"timeVisible":1.02123,"type":"right","wrist":[84.6809,256.672,60.9267]}],"id":4317000,"interactionBox":{"center":[0,200,0],"size":[235.247,235.247,147.751]},"pointables":[{"bases":[[[0.540073,0.708279,0.454601],[-0.735514,0.134665,0.663991],[0.409072,-0.692969,0.593678]],[[0.394024,0.882283,0.25753],[-0.775379,0.168648,0.60856],[0.49349,-0.439471,0.750555]],[[0.394024,0.882283,0.25753],[-0.918859,0.371724,0.132361],[0.0210497,-0.288787,0.957162]],[[0.394024,0.882283,0.25753],[-0.697713,0.469525,-0.541057],[-0.598282,0.0335078,0.800584]]],"btipPosition":[43.5388,281.268,-30.2107],"carpPosition":[54.8569,250.354,58.3809],"dipPosition":[29.5755,282.05,-11.526],"direction":[-0.0210497,0.288787,-0.957162],"extended":false,"handId":724,"id":7240,"length":51.9721,"mcpPosition":[54.8569,250.354,58.3809],"pipPosition":[30.2913,272.231,21.0187],"stabilizedTipPosition":[33.3797,253.052,14.2343],"timeVisible":1.02123,"tipPosition":[41.1088,280.949,-25.3962],"tipVelocity":[-25.2163,114.974,-218.397],"tool":false,"touchDistance":-0.587888,"touchZone":"hovering","type":0,"width":20.194},{"bases":[[[0.977818,-0.00487332,-0.2094],[0.131378,0.792891,0.595033],[0.163132,-0.609344,0.775943]],[[0.989456,-0.0679659,-0.127898],[0.123673,0.85607,0.501845],[0.0753813,-0.512371,0.855449]],[[0.989456,-0.0679659,-0.127898],[0.099129,0.961612,0.255883],[0.105597,-0.265863,0.95821]],[[0.989456,-0.0679659,-0.127898],[0.0751691,0.995795,0.0523566],[0.123802,-0.0614185,0.990404]]],"btipPosition":[46.214,344.549,-69.7117],"carpPosition":[66.0666,270.438,63.8376],"dipPosition":[48.3234,343.503,-52.8368],"direction":[-0.105597,0.265863,-0.95821],"extended":true,"handId":724,"id":7241,"length":58.6448,"mcpPosition":[54.0983,315.143,6.9098],"pipPosition":[50.8687,337.095,-29.7406],"stabilizedTipPosition":[43.6394,333.18,-49.375],"timeVisible":1.02123,"tipPosition":[47.2132,343.874,-65.7105],"tipVelocity":[2.48263,112.675,-179.379],"tool":false,"touchDistance":-0.554814,"touchZone":"touching","type":1,"width":19.2893},{"bases":[[[0.954048,-0.22225,-0.200992],[0.298348,0.767082,0.567956],[0.0279494,-0.601823,0.79814]],[[0.954454,-0.238157,-0.179721],[0.0826866,0.789911,-0.607621],[0.286673,0.565085,0.773626]],[[0.954454,-0.238157,-0.179721],[-0.273048,-0.454427,-0.847904],[0.120264,0.858358,-0.498757]],[[0.954454,-0.238157,-0.179721],[-0.288644,-0.889525,-0.35416],[-0.0755208,0.389905,-0.917753]]],"btipPosition":[60.3522,255.145,0.474182],"carpPosition":[78.0715,272.083,61.8483],"dipPosition":[58.937,262.451,-16.7245],"direction":[-0.120264,-0.858357,0.498757],"extended":false,"handId":724,"id":7242,"length":66.821,"mcpPosition":[76.1269,313.954,6.31776],"pipPosition":[62.3474,286.792,-30.8681],"stabilizedTipPosition":[51.6431,231.242,33.9764],"timeVisible":1.02123,"tipPosition":[60.0743,257.077,-3.52105],"tipVelocity":[-26.7425,90.1317,-192.656],"tool":false,"touchDistance":0.333333,"touchZone":"none","type":2,"width":18.9446},{"bases":[[[0.922539,-0.36558,-0.123588],[0.366487,0.729667,0.577298],[-0.120871,-0.577873,0.807126]],[[0.920451,-0.374928,-0.110448],[0.212226,0.716708,-0.664296],[0.328222,0.588012,0.739264]],[[0.920451,-0.374928,-0.110448],[-0.29633,-0.485141,-0.822694],[0.254868,0.789979,-0.557652]],[[0.920451,-0.374928,-0.110448],[-0.389983,-0.862071,-0.323647],[0.0261307,0.340974,-0.939709]]],"btipPosition":[75.3457,252.276,8.81214],"carpPosition":[89.9472,270.554,59.255],"dipPosition":[75.8326,258.629,-8.6968],"direction":[-0.254868,-0.789979,0.557652],"extended":false,"handId":724,"id":7243,"length":64.2502,"mcpPosition":[97.4976,306.652,8.83652],"pipPosition":[82.8734,280.453,-24.1021],"stabilizedTipPosition":[70.8188,234.326,33.243],"timeVisible":1.02123,"tipPosition":[75.4543,253.986,4.56492],"tipVelocity":[-29.1001,85.2622,-194.144],"tool":false,"touchDistance":0.333333,"touchZone":"none","type":3,"width":18.027},{"bases":[[[0.829028,-0.545508,-0.123017],[0.493386,0.609984,0.620073],[-0.263216,-0.574753,0.77484]],[[0.765759,-0.642718,0.0229525],[0.515226,0.59172,-0.620008],[0.384909,0.486603,0.78426]],[[0.765759,-0.642718,0.0229525],[-0.313885,-0.404648,-0.858916],[0.561328,0.650518,-0.511603]],[[0.765759,-0.642718,0.0229525],[-0.589742,-0.715984,-0.373593],[0.256549,0.272546,-0.927309]]],"btipPosition":[86.7369,260.943,8.01908],"carpPosition":[100.447,262.239,54.5598],"dipPosition":[91.1467,265.627,-7.92052],"direction":[-0.561328,-0.650518,0.511603],"extended":false,"handId":724,"id":7244,"length":50.3709,"mcpPosition":[115.668,295.474,9.75489],"pipPosition":[102.095,278.316,-17.8992],"stabilizedTipPosition":[84.7706,245.537,28.4999],"timeVisible":1.02123,"tipPosition":[87.8481,262.145,4.49891],"tipVelocity":[-28.9124,84.3461,-190.246],"tool":false,"touchDistance":0.333333,"touchZone":"none","type":4,"width":16.013}],"r":[[0.874932,0.230703,0.425759],[-0.316887,0.937598,0.143152],[-0.366166,-0.260166,0.893441]],"s":1.0411,"t":[70.1005,116.617,-94.1828],"timestamp":524120867225},false],[4,{"currentFrameRate":107.812,"devices":[],"gestures":[],"hands":[{"armBasis":[[0.944055,-0.0307694,-0.32835],[0.150281,0.926393,0.345269],[0.293558,-0.375298,0.87919]],"armWidth":63.5437,"confidence":0.654113,"direction":[0.0252269,0.710214,-0.703533],"elbow":[163.246,156.031,296.515],"grabStrength":0,"id":724,"palmNormal":[-0.15386,-0.692614,-0.704708],"palmPosition":[77.3914,293.3,19.5668],"palmVelocity":[-31.1862,73.5711,-163.85],"palmWidth":90.7382,"pinchStrength":0.631653,"r":[[0.873902,0.227906,0.429365],[-0.315721,0.93773,0.144854],[-0.369615,-0.262148,0.891439]],"s":1.04208,"sphereCenter":[70.1179,277.599,-23.2859],"sphereRadius":46.0786,"stabilizedPalmPosition":[74.421,271.997,49.5908],"t":[69.7063,117.14,-95.5243],"timeVisible":1.03023,"type":"right","wrist":[84.2044,257.081,59.7906]}],"id":4317001,"interactionBox":{"center":[0,200,0],"size":[235.247,235.247,147.751]},"pointables":[{"bases":[[[0.540016,0.707367,0.456087],[-0.735988,0.133998,0.6636],[0.408294,-0.694029,0.592975]],[[0.392947,0.882754,0.257561],[-0.777878,0.169725,0.605061],[0.490406,-0.438108,0.753368]],[[0.392947,0.882754,0.257561],[-0.91932,0.370704,0.132022],[0.0210644,-0.288659,0.9572]],[[0.392947,0.882754,0.257561],[-0.702457,0.46891,-0.535422],[-0.593419,0.0294673,0.804354]]],"btipPosition":[43.1011,281.716,-31.6095],"carpPosition":[54.3797,250.78,57.2114],"dipPosition":[29.2514,282.404,-12.8368],"direction":[-0.0210644,0.288659,-0.9572],"extended":false,"handId":724,"id":7240,"length":51.9721,"mcpPosition":[54.3797,250.78,57.2114],"pipPosition":[29.9676,272.589,19.7092],"stabilizedTipPosition":[33.4906,253.541,13.5296],"timeVisible":1.03023,"tipPosition":[40.6456,281.464,-26.7186],"tipVelocity":[-30.8481,96.4165,-200.488],"tool":false,"touchDistance":-0.578111,"touchZone":"hovering","type":0,"width":20.194},{"bases":[[[0.977983,-0.00498801,-0.208623],[0.131245,0.791947,0.596317],[0.162244,-0.610569,0.775166]],[[0.98943,-0.0672221,-0.128491],[0.123218,0.856911,0.500521],[0.0764592,-0.511063,0.856136]],[[0.98943,-0.0672221,-0.128491],[0.098681,0.961382,0.256919],[0.106258,-0.266883,0.957853]],[[0.98943,-0.0672221,-0.128491],[0.0748706,0.995639,0.0556474],[0.12419,-0.0646793,0.990148]]],"btipPosition":[45.7376,345.076,-70.8018],"carpPosition":[65.5938,270.851,62.707],"dipPosition":[47.8536,343.974,-53.9313],"direction":[-0.106258,0.266883,-0.957853],"extended":true,"handId":724,"id":7241,"length":58.6448,"mcpPosition":[53.6906,315.646,5.83617],"pipPosition":[50.4148,337.542,-30.8437],"stabilizedTipPosition":[43.7895,333.856,-50.3942],"timeVisible":1.03023,"tipPosition":[46.758,344.452,-66.7874],"tipVelocity":[-12.6878,97.4254,-163.413],"tool":false,"touchDistance":-0.544033,"touchZone":"touching","type":1,"width":19.2893},{"bases":[[[0.954112,-0.222366,-0.200557],[0.298225,0.766106,0.569336],[0.0270468,-0.603022,0.797266]],[[0.954494,-0.238297,-0.17932],[0.0834679,0.790707,-0.606478],[0.286312,0.563912,0.774615]],[[0.954494,-0.238297,-0.17932],[-0.272554,-0.452935,-0.848861],[0.121061,0.859107,-0.497272]],[[0.954494,-0.238297,-0.17932],[-0.288765,-0.888756,-0.355989],[-0.0745406,0.391571,-0.917124]]],"btipPosition":[59.9209,255.643,-0.685],"carpPosition":[77.6009,272.493,60.7298],"dipPosition":[58.524,262.981,-17.8719],"direction":[-0.121061,-0.859107,0.497272],"extended":false,"handId":724,"id":7242,"length":66.821,"mcpPosition":[75.7191,314.449,5.26004],"pipPosition":[61.957,287.343,-31.9734],"stabilizedTipPosition":[51.7574,231.616,33.4218],"timeVisible":1.03023,"tipPosition":[59.6475,257.583,-4.67614],"tipVelocity":[-32.4303,80.7994,-175.039],"tool":false,"touchDistance":0.333333,"touchZone":"none","type":2,"width":18.9446},{"bases":[[[0.922479,-0.365798,-0.123391],[0.366341,0.728648,0.578677],[-0.12177,-0.57902,0.806168]],[[0.920503,-0.374633,-0.111015],[0.212008,0.717528,-0.66348],[0.328218,0.587199,0.739912]],[[0.920503,-0.374633,-0.111015],[-0.296288,-0.484012,-0.823375],[0.254731,0.790811,-0.556534]],[[0.920503,-0.374633,-0.111015],[-0.389857,-0.861535,-0.325222],[0.0261958,0.342648,-0.939099]]],"btipPosition":[74.9355,252.739,7.68959],"carpPosition":[89.4781,270.964,58.1437],"dipPosition":[75.4236,259.124,-9.80797],"direction":[-0.254731,-0.790811,0.556534],"extended":false,"handId":724,"id":7243,"length":64.2502,"mcpPosition":[97.0847,307.133,7.78508],"pipPosition":[82.4606,280.97,-25.1824],"stabilizedTipPosition":[70.8897,234.66,32.7471],"timeVisible":1.03023,"tipPosition":[75.0364,254.459,3.44126],"tipVelocity":[-33.6162,76.2011,-175.004],"tool":false,"touchDistance":0.333333,"touchZone":"none","type":3,"width":18.027},{"bases":[[[0.828889,-0.545686,-0.123163],[0.493153,0.608846,0.621375],[-0.264088,-0.57579,0.773772]],[[0.765466,-0.643079,0.022602],[0.515912,0.592347,-0.618838],[0.384574,0.48536,0.785193]],[[0.765466,-0.643079,0.022602],[-0.313355,-0.403209,-0.859785],[0.562024,0.651054,-0.510155]],[[0.765466,-0.643079,0.022602],[-0.589704,-0.715123,-0.375297],[0.257509,0.273948,-0.926629]]],"btipPosition":[86.3001,261.424,6.89275],"carpPosition":[99.9782,262.651,53.4446],"dipPosition":[90.7264,266.133,-9.03516],"direction":[-0.562024,-0.651054,0.510155],"extended":false,"handId":724,"id":7244,"length":50.3709,"mcpPosition":[115.249,295.946,8.7014],"pipPosition":[101.688,278.831,-18.9856],"stabilizedTipPosition":[84.8216,245.876,27.9938],"timeVisible":1.03023,"tipPosition":[87.4155,262.632,3.37299],"tipVelocity":[-34.1848,76.0342,-172.289],"tool":false,"touchDistance":0.333333,"touchZone":"none","type":4,"width":16.013}],"r":[[0.873902,0.227906,0.429365],[-0.315721,0.93773,0.144854],[-0.369615,-0.262148,0.891439]],"s":1.04208,"t":[69.7063,117.14,-95.5243],"timestamp":524120876225},false],[5,{"currentFrameRate":107.921,"devices":[],"gestures":[],"hands":[{"armBasis":[[0.942992,-0.030194,-0.331444],[0.149992,0.927562,0.342243],[0.297102,-0.372446,0.879212]],"armWidth":63.5437,"confidence":0.658825,"direction":[0.0248866,0.71035,-0.703409],"elbow":[163.829,157.081,295.821],"grabStrength":0,"id":724,"palmNormal":[-0.153856,-0.692522,-0.704799],"palmPosition":[77.002,293.589,18.8749],"palmVelocity":[-34.4336,62.0229,-139.652],"palmWidth":90.7382,"pinchStrength":0.631944,"r":[[0.873076,0.225689,0.432208],[-0.314831,0.93781,0.146268],[-0.372317,-0.263776,0.889833]],"s":1.04274,"sphereCenter":[69.8533,277.836,-23.9906],"sphereRadius":46.0642,"stabilizedPalmPosition":[74.4571,272.299,49.1606],"t":[69.3145,117.546,-96.541],"timeVisible":1.0393,"type":"right","wrist":[83.8334,257.363,59.0904]}],"id":4317002,"interactionBox":{"center":[0,200,0],"size":[235.247,235.247,147.751]},"pointables":[{"bases":[[[0.539949,0.707416,0.45609],[-0.735865,0.133695,0.663798],[0.408604,-0.694038,0.592751]],[[0.391004,0.884256,0.255357],[-0.780703,0.1717,0.600851],[0.487461,-0.434293,0.757477]],[[0.391004,0.884256,0.255357],[-0.92015,0.369231,0.130358],[0.020984,-0.285937,0.958019]],[[0.391004,0.884256,0.255357],[-0.707337,0.466214,-0.531338],[-0.588889,0.0271316,0.807758]]],"btipPosition":[42.7746,281.764,-32.6156],"carpPosition":[54.0097,251.056,56.5171],"dipPosition":[29.0306,282.397,-13.7635],"direction":[-0.020984,0.285937,-0.958019],"extended":false,"handId":724,"id":7240,"length":51.9721,"mcpPosition":[54.0097,251.056,56.5171],"pipPosition":[29.7441,272.675,18.8104],"stabilizedTipPosition":[33.5762,253.937,12.9456],"timeVisible":1.0393,"tipPosition":[40.248,281.635,-27.6424],"tipVelocity":[-31.531,70.8435,-175.182],"tool":false,"touchDistance":-0.56345,"touchZone":"hovering","type":0,"width":20.194},{"bases":[[[0.977936,-0.00470904,-0.208854],[0.13119,0.79187,0.596431],[0.162576,-0.610671,0.775016]],[[0.989322,-0.0660432,-0.129926],[0.122753,0.858163,0.498486],[0.0785759,-0.509112,0.857106]],[[0.989322,-0.0660432,-0.129926],[0.0978952,0.96153,0.256664],[0.107977,-0.266642,0.957728]],[[0.989322,-0.0660432,-0.129926],[0.0739712,0.995621,0.057166],[0.125581,-0.0661664,0.989874]]],"btipPosition":[45.1837,345.297,-71.5179],"carpPosition":[65.22,271.128,62.0138],"dipPosition":[47.3234,344.17,-54.6521],"direction":[-0.107977,0.266642,-0.957728],"extended":true,"handId":724,"id":7241,"length":58.6448,"mcpPosition":[53.2925,315.931,5.15396],"pipPosition":[49.926,337.743,-31.5675],"stabilizedTipPosition":[43.8884,334.443,-51.2981],"timeVisible":1.0393,"tipPosition":[46.2269,344.718,-67.4956],"tipVelocity":[-25.8957,77.0537,-140.106],"tool":false,"touchDistance":-0.52872,"touchZone":"touching","type":1,"width":19.2893},{"bases":[[[0.95412,-0.222095,-0.200822],[0.298171,0.766075,0.569406],[0.0273827,-0.603161,0.797149]],[[0.95451,-0.23802,-0.179601],[0.0830021,0.790617,-0.60666],[0.286393,0.564156,0.774408]],[[0.95451,-0.23802,-0.179601],[-0.272662,-0.452944,-0.848821],[0.120688,0.859179,-0.497239]],[[0.95451,-0.23802,-0.179601],[-0.288639,-0.888697,-0.356237],[-0.074819,0.391872,-0.916973]]],"btipPosition":[59.5348,255.914,-1.36644],"carpPosition":[77.2263,272.774,60.034],"dipPosition":[58.1327,263.257,-18.5505],"direction":[-0.120688,-0.859179,0.497239],"extended":false,"handId":724,"id":7242,"length":66.821,"mcpPosition":[75.3212,314.739,4.57242],"pipPosition":[61.5552,287.622,-32.6511],"stabilizedTipPosition":[51.8504,231.94,32.9388],"timeVisible":1.0393,"tipPosition":[59.2597,257.856,-5.36135],"tipVelocity":[-35.2684,66.7699,-147.41],"tool":false,"touchDistance":0.333333,"touchZone":"none","type":2,"width":18.9446},{"bases":[[[0.922539,-0.365548,-0.123675],[0.366297,0.728632,0.578724],[-0.121438,-0.579198,0.806091]],[[0.920662,-0.373993,-0.111854],[0.211177,0.718163,-0.663058],[0.328309,0.586831,0.740164]],[[0.920662,-0.373993,-0.111854],[-0.296438,-0.483397,-0.823682],[0.253982,0.79149,-0.555911]],[[0.920662,-0.373993,-0.111854],[-0.389529,-0.861463,-0.325804],[0.0254907,0.343526,-0.938797]]],"btipPosition":[74.5697,253.016,6.96155],"carpPosition":[89.1033,271.248,57.4449],"dipPosition":[75.0447,259.416,-10.5304],"direction":[-0.253982,-0.79149,0.555911],"extended":false,"handId":724,"id":7243,"length":64.2502,"mcpPosition":[96.6891,307.428,7.0911],"pipPosition":[82.061,281.282,-25.8876],"stabilizedTipPosition":[70.9434,234.941,32.3246],"timeVisible":1.0393,"tipPosition":[74.6619,254.737,2.73122],"tipVelocity":[-35.564,63.684,-148.786],"tool":false,"touchDistance":0.333333,"touchZone":"none","type":3,"width":18.027},{"bases":[[[0.828995,-0.545459,-0.123458],[0.493149,0.608853,0.621371],[-0.263765,-0.575996,0.773729]],[[0.765598,-0.64293,0.0223626],[0.515627,0.592478,-0.61895],[0.384692,0.485398,0.785112]],[[0.765598,-0.64293,0.0223626],[-0.313399,-0.4031,-0.85982],[0.561819,0.651269,-0.510106]],[[0.765598,-0.64293,0.0223626],[-0.589579,-0.715129,-0.375482],[0.257401,0.274284,-0.92656]]],"btipPosition":[85.9091,261.712,6.19319],"carpPosition":[99.6044,262.938,52.7418],"dipPosition":[90.3336,266.427,-9.73354],"direction":[-0.561819,-0.651269,0.510107],"extended":false,"handId":724,"id":7244,"length":50.3709,"mcpPosition":[114.856,296.245,8.0011],"pipPosition":[101.292,279.13,-19.683],"stabilizedTipPosition":[84.8573,246.163,27.5625],"timeVisible":1.0393,"tipPosition":[87.0252,262.921,2.67175],"tipVelocity":[-36.6631,63.8459,-145.984],"tool":false,"touchDistance":0.333333,"touchZone":"none","type":4,"width":16.013}],"r":[[0.873076,0.225689,0.432208],[-0.314831,0.93781,0.146268],[-0.372317,-0.263776,0.889833]],"s":1.04274,"t":[69.3145,117.546,-96.541],"timestamp":524120885294},false],[6,{"currentFrameRate":108.039,"devices":[],"gestures":[],"hands":[{"armBasis":[[0.936108,-0.0349808,-0.34997],[0.157273,0.931651,0.327555],[0.314591,-0.361668,0.877627]],"armWidth":63.5437,"confidence":0.662883,"direction":[0.0269715,0.707987,-0.70571],"elbow":[167.909,160.416,294.091],"grabStrength":0,"id":724,"palmNormal":[-0.161503,-0.693606,-0.702017],"palmPosition":[76.4619,293.944,17.4873],"palmVelocity":[-41.4074,55.7497,-143.455],"palmWidth":90.7382,"pinchStrength":0.627603,"r":[[0.873067,0.222966,0.433635],[-0.312698,0.938398,0.147072],[-0.37413,-0.264,0.889005]],"s":1.04321,"sphereCenter":[69.1082,278.032,-25.3341],"sphereRadius":46.065,"stabilizedPalmPosition":[74.4814,272.561,48.7772],"t":[68.8485,117.927,-97.7432],"timeVisible":1.04835,"type":"right","wrist":[83.2042,257.796,57.7875]}],"id":4317003,"interactionBox":{"center":[0,200,0],"size":[235.247,235.247,147.751]},"pointables":[{"bases":[[[0.546682,0.705049,0.451713],[-0.732232,0.140852,0.666331],[0.406172,-0.69503,0.593261]],[[0.397201,0.883076,0.249815],[-0.778629,0.180187,0.601057],[0.485766,-0.433254,0.75916]],[[0.397201,0.883076,0.249815],[-0.917419,0.374965,0.133203],[0.0239567,-0.282094,0.959088]],[[0.397201,0.883076,0.249815],[-0.71151,0.468246,-0.523926],[-0.579642,0.0303576,0.814306]]],"btipPosition":[41.8598,282.138,-34.0519],"carpPosition":[53.3273,251.688,55.3538],"dipPosition":[28.3316,282.847,-15.047],"direction":[-0.0239567,0.282094,-0.959088],"extended":false,"handId":724,"id":7240,"length":51.9721,"mcpPosition":[53.3273,251.688,55.3538],"pipPosition":[29.1462,273.255,17.5632],"stabilizedTipPosition":[33.637,254.271,12.4444],"timeVisible":1.04835,"tipPosition":[39.3596,282.074,-29.0111],"tipVelocity":[-49.2155,63.257,-169.602],"tool":false,"touchDistance":-0.556456,"touchZone":"hovering","type":0,"width":20.194},{"bases":[[[0.977027,-0.0121495,-0.212767],[0.13909,0.792775,0.593433],[0.161466,-0.609394,0.776252]],[[0.988175,-0.072064,-0.135339],[0.130212,0.860482,0.49256],[0.0809611,-0.504359,0.85969]],[[0.988175,-0.072064,-0.135339],[0.104681,0.962028,0.252078],[0.112034,-0.263264,0.958196]],[[0.988175,-0.072064,-0.135339],[0.0800141,0.995317,0.0542447],[0.130796,-0.0644323,0.989313]]],"btipPosition":[44.455,345.46,-72.992],"carpPosition":[64.6988,271.699,60.7428],"dipPosition":[46.6836,344.362,-56.1357],"direction":[-0.112034,0.263264,-0.958196],"extended":true,"handId":724,"id":7241,"length":58.6448,"mcpPosition":[52.8526,316.408,3.7923],"pipPosition":[49.384,338.016,-33.0399],"stabilizedTipPosition":[43.9369,334.927,-52.0997],"timeVisible":1.04835,"tipPosition":[45.5461,344.955,-68.9607],"tipVelocity":[-40.3479,60.9667,-146.488],"tool":false,"touchDistance":-0.526326,"touchZone":"touching","type":1,"width":19.2893},{"bases":[[[0.951737,-0.229339,-0.203964],[0.305777,0.765736,0.565817],[0.0264185,-0.600876,0.798905]],[[0.952103,-0.245214,-0.182677],[0.0855386,0.787151,-0.6108],[0.293571,0.565918,0.770424]],[[0.952103,-0.245214,-0.182677],[-0.279369,-0.454704,-0.845693],[0.124312,0.856221,-0.501431]],[[0.952103,-0.245214,-0.182677],[-0.296215,-0.88789,-0.352007],[-0.0758796,0.389259,-0.917998]]],"btipPosition":[58.6558,256.284,-2.48333],"carpPosition":[76.7081,273.255,58.7097],"dipPosition":[57.2338,263.579,-19.6866],"direction":[-0.124312,-0.856221,0.501431],"extended":false,"handId":724,"id":7242,"length":66.821,"mcpPosition":[74.87,315.061,3.12594],"pipPosition":[60.759,287.859,-33.906],"stabilizedTipPosition":[51.9231,232.232,32.4969],"timeVisible":1.04835,"tipPosition":[58.3744,258.222,-6.51289],"tipVelocity":[-52.485,59.305,-140.955],"tool":false,"touchDistance":0.333333,"touchZone":"none","type":2,"width":18.9446},{"bases":[[[0.919474,-0.37233,-0.126244],[0.373679,0.727849,0.574978],[-0.122195,-0.575852,0.80837]],[[0.917824,-0.379718,-0.11582],[0.213208,0.717586,-0.663033],[0.334876,0.583853,0.739576]],[[0.917824,-0.379718,-0.11582],[-0.302528,-0.480098,-0.823397],[0.257054,0.790772,-0.55552]],[[0.917824,-0.379718,-0.11582],[-0.396274,-0.858811,-0.32467],[0.0238151,0.343886,-0.938709]]],"btipPosition":[73.7311,253.343,5.46566],"carpPosition":[88.5636,271.638,56.0776],"dipPosition":[74.1748,259.75,-12.0246],"direction":[-0.257054,-0.790772,0.55552],"extended":false,"handId":724,"id":7243,"length":64.2502,"mcpPosition":[96.1967,307.61,5.58144],"pipPosition":[81.276,281.596,-27.3711],"stabilizedTipPosition":[70.9782,235.18,31.9524],"timeVisible":1.04835,"tipPosition":[73.8063,255.05,1.33823],"tipVelocity":[-51.5458,56.1539,-153.36],"tool":false,"touchDistance":0.333333,"touchZone":"none","type":3,"width":18.027},{"bases":[[[0.824685,-0.551586,-0.125092],[0.499868,0.607324,0.617486],[-0.264626,-0.571761,0.776571]],[[0.761139,-0.648235,0.0214082],[0.517386,0.586933,-0.622752],[0.391125,0.485078,0.782126]],[[0.761139,-0.648235,0.0214082],[-0.319324,-0.403262,-0.857562],[0.564535,0.645888,-0.513935]],[[0.761139,-0.648235,0.0214082],[-0.595907,-0.711965,-0.371484],[0.256051,0.269993,-0.928193]]],"btipPosition":[85.0857,261.96,4.85332],"carpPosition":[98.9877,263.242,51.3582],"dipPosition":[89.487,266.601,-11.1015],"direction":[-0.564535,-0.645888,0.513936],"extended":false,"handId":724,"id":7244,"length":50.3709,"mcpPosition":[114.29,296.304,6.45319],"pipPosition":[100.498,279.199,-21.1256],"stabilizedTipPosition":[84.8751,246.405,27.1843],"timeVisible":1.04835,"tipPosition":[86.1995,263.152,1.3277],"tipVelocity":[-51.8225,53.3006,-146.783],"tool":false,"touchDistance":0.333333,"touchZone":"none","type":4,"width":16.013}],"r":[[0.873067,0.222966,0.433635],[-0.312698,0.938398,0.147072],[-0.37413,-0.264,0.889005]],"s":1.04321,"t":[68.8485,117.927,-97.7432],"timestamp":524120894337},false],[7,{"currentFrameRate":108.164,"devices":[],"gestures":[],"hands":[{"armBasis":[[0.93544,-0.0407782,-0.351125],[0.160218,0.934343,0.318329