{"sensorType":"Leap","data":[[0,{"currentFrameRate":110.39,"devices":[],"gestures":[{"center":[2.93246,237.466,-18.9913],"duration":45035,"handIds":[724],"id":7,"normal":[0.965641,-0.197677,-0.168706],"pointableIds":[7241],"progress":0.858053,"radius":20.359,"state":"update","type":"circle"}],"hands":[{"armBasis":[[0.889301,-0.138733,-0.435771],[0.296886,0.899923,0.319369],[0.347854,-0.41339,0.841491]],"armWidth":63.5437,"confidence":0.541349,"direction":[0.0981195,0.79531,-0.598209],"elbow":[147.856,80.8749,279.344],"grabStrength":0,"id":724,"palmNormal":[-0.291295,-0.55183,-0.781429],"palmPosition":[50.9907,234.539,18.5399],"palmVelocity":[74.8343,391.41,-195.152],"palmWidth":90.7382,"pinchStrength":0.697928,"r":[[0.927684,-0.00291702,0.373356],[-0.108168,0.954986,0.276228],[-0.357355,-0.296638,0.885609]],"s":1.04876,"sphereCenter":[29.6417,229.69,-21.7308],"sphereRadius":45.3836,"stabilizedPalmPosition":[49.7076,226.93,22.8131],"t":[42.2431,55.3393,-96.1845],"timeVisible":29.122,"type":"right","wrist":[54.1954,192.181,52.7707]}],"id":4320031,"interactionBox":{"center":[0,200,0],"size":[235.247,235.247,147.751]},"pointables":[{"bases":[[[0.662605,0.547789,0.510766],[-0.673853,0.13835,0.725797],[0.326919,-0.825098,0.460801]],[[0.472532,0.835858,0.279384],[-0.728817,0.192375,0.657129],[0.49552,-0.514134,0.70009]],[[0.472532,0.835858,0.279384],[-0.880581,0.460711,0.111009],[-0.0359278,-0.298476,0.953741]],[[0.472532,0.835858,0.279384],[-0.620172,0.540603,-0.56845],[-0.626179,0.0953444,0.773828]]],"btipPosition":[14.8396,224.174,-33.8958],"carpPosition":[23.6704,190.658,51.4429],"dipPosition":[0.225337,226.4,-15.8355],"direction":[0.0359278,0.298476,-0.953741],"extended":false,"handId":724,"id":7240,"length":51.9721,"mcpPosition":[23.6704,190.658,51.4429],"pipPosition":[-0.996254,216.251,16.5928],"stabilizedTipPosition":[9.40852,213.759,-22.0544],"timeVisible":29.122,"tipPosition":[12.1996,223.796,-28.8407],"tipVelocity":[93.5856,441.919,-275.621],"tool":false,"touchDistance":-0.571474,"touchZone":"hovering","type":0,"width":20.194},{"bases":[[[0.954553,-0.113832,-0.275445],[0.27872,0.668276,0.689726],[0.10556,-0.735152,0.669633]],[[0.945644,-0.0656782,-0.318502],[0.229605,0.828423,0.510878],[0.2303,-0.556239,0.798474]],[[0.945644,-0.0656782,-0.318502],[0.172668,0.931342,0.320606],[0.275577,-0.358174,0.892059]],[[0.945644,-0.0656782,-0.318502],[0.125003,0.97756,0.169558],[0.300218,-0.200155,0.932634]]],"btipPosition":[8.68215,297.696,-61.861],"carpPosition":[38.0511,207.886,58.869],"dipPosition":[13.7974,294.286,-45.9705],"direction":[-0.275577,0.358174,-0.892059],"extended":true,"handId":724,"id":7241,"length":58.6448,"mcpPosition":[30.3066,261.822,9.74069],"pipPosition":[20.4397,285.653,-24.4687],"stabilizedTipPosition":[9.0269,293.384,-56.3445],"timeVisible":29.122,"tipPosition":[9.58534,296.775,-58.1543],"tipVelocity":[104.038,421.971,-183.481],"tool":false,"touchDistance":-0.46736,"touchZone":"touching","type":1,"width":19.2893},{"bases":[[[0.898444,-0.324353,-0.295962],[0.438336,0.623108,0.647764],[-0.0256882,-0.71171,0.702004]],[[0.898697,-0.315308,-0.304834],[0.104906,0.829438,-0.548659],[0.425838,0.4611,0.778492]],[[0.898697,-0.315308,-0.304834],[-0.398932,-0.298965,-0.866875],[0.182198,0.900667,-0.394466]],[[0.898697,-0.315308,-0.304834],[-0.430786,-0.765018,-0.478718],[-0.0822595,0.561541,-0.82335]]],"btipPosition":[27.7507,199.359,-3.34532],"carpPosition":[50.0574,208.07,56.3006],"dipPosition":[26.2092,209.883,-18.7749],"direction":[-0.182198,-0.900667,0.394466],"extended":false,"handId":724,"id":7242,"length":66.821,"mcpPosition":[51.8446,257.587,7.45873],"pipPosition":[31.3759,235.423,-29.961],"stabilizedTipPosition":[24.3264,190.567,1.26775],"timeVisible":29.122,"tipPosition":[27.5682,202.003,-6.763],"tipVelocity":[120.057,394.229,-251.959],"tool":false,"touchDistance":0.333333,"touchZone":"none","type":2,"width":18.9446},{"bases":[[[0.849254,-0.471596,-0.237413],[0.500363,0.575337,0.647011],[-0.168535,-0.66827,0.724577]],[[0.856286,-0.439403,-0.271478],[0.195816,0.762545,-0.616589],[0.477945,0.474816,0.738998]],[[0.856286,-0.439403,-0.271478],[-0.431286,-0.319072,-0.843911],[0.284196,0.839713,-0.462725]],[[0.856286,-0.439403,-0.271478],[-0.516493,-0.731641,-0.4449],[-0.00313386,0.521178,-0.853442]]],"btipPosition":[42.8647,192.938,3.19569],"carpPosition":[61.4248,205.257,52.6998],"dipPosition":[42.8064,202.649,-12.7059],"direction":[-0.284196,-0.839713,0.462725],"extended":false,"handId":724,"id":7243,"length":64.2502,"mcpPosition":[71.9526,247.002,7.43794],"pipPosition":[50.6574,225.846,-25.4888],"stabilizedTipPosition":[39.8933,184.453,6.94135],"timeVisible":29.122,"tipPosition":[42.9287,195.426,-0.577074],"tipVelocity":[119.858,401.176,-244.372],"tool":false,"touchDistance":0.333333,"touchZone":"none","type":3,"width":18.027},{"bases":[[[0.729613,-0.634307,-0.255576],[0.609494,0.433667,0.663664],[-0.310132,-0.63999,0.703016]],[[0.668209,-0.731497,-0.135675],[0.51978,0.589494,-0.618325],[0.532283,0.342649,0.774123]],[[0.668209,-0.731497,-0.135675],[-0.424405,-0.225011,-0.877069],[0.611045,0.643647,-0.460806]],[[0.668209,-0.731497,-0.135675],[-0.695051,-0.548762,-0.464504],[0.26533,0.404687,-0.875116]]],"btipPosition":[52.987,201.73,2.24923],"carpPosition":[70.3017,196.315,46.1672],"dipPosition":[57.5478,208.686,-12.7932],"direction":[-0.611045,-0.643647,0.460806],"extended":false,"handId":724,"id":7244,"length":50.3709,"mcpPosition":[88.235,233.322,5.51552],"pipPosition":[69.466,221.24,-21.7811],"stabilizedTipPosition":[51.5508,193.861,4.5866],"timeVisible":29.122,"tipPosition":[54.2254,203.477,-1.14325],"tipVelocity":[114.924,410.301,-223.605],"tool":false,"touchDistance":0.333333,"touchZone":"none","type":4,"width":16.013}],"r":[[0.927684,-0.00291702,0.373356],[-0.108168,0.954986,0.276228],[-0.357355,-0.296638,0.885609]],"s":1.04876,"t":[42.2431,55.3393,-96.1845],"timestamp":524148968031},false],[1,{"currentFrameRate":110.509,"devices":[],"gestures":[{"center":[2.93246,237.466,-18.9913],"duration":45035,"handIds":[724],"id":7,"normal":[0.965641,-0.197677,-0.168706],"pointableIds":[7241],"progress":0.858053,"radius":20.359,"state":"update","type":"circle"}],"hands":[{"armBasis":[[0.89409,-0.13267,-0.427787],[0.293541,0.894969,0.335953],[0.338285,-0.425945,0.839127]],"armWidth":63.5437,"confidence":0.543808,"direction":[0.105803,0.801588,-0.58844],"elbow":[145.594,80.4479,276.655],"grabStrength":0,"id":724,"palmNormal":[-0.281873,-0.543313,-0.790796],"palmPosition":[51.7438,237.857,16.9034],"palmVelocity":[77.641,387.082,-192.451],"palmWidth":90.7382,"pinchStrength":0.680432,"r":[[0.924465,-0.00236346,0.381258],[-0.114726,0.95191,0.284085],[-0.363595,-0.306367,0.879737]],"s":1.05094,"sphereCenter":[31.1116,233.315,-23.7976],"sphereRadius":45.3798,"stabilizedPalmPosition":[50.4996,231.18,20.5144],"t":[42.9538,58.7798,-97.8568],"timeVisible":29.1309,"type":"right","wrist":[54.5095,195.135,50.7175]}],"id":4320032,"interactionBox":{"center":[0,200,0],"size":[235.247,235.247,147.751]},"pointables":[{"bases":[[[0.656487,0.541958,0.524697],[-0.682685,0.130969,0.71888],[0.320883,-0.830138,0.455966]],[[0.469362,0.83261,0.294041],[-0.737465,0.186483,0.649129],[0.485638,-0.521522,0.701549]],[[0.469362,0.83261,0.294041],[-0.882084,0.45732,0.113072],[-0.0403263,-0.312441,0.949081]],[[0.469362,0.83261,0.294041],[-0.634021,0.549553,-0.544067],[-0.614587,0.0689363,0.785831]]],"btipPosition":[15.5427,228.618,-36.5352],"carpPosition":[24.0026,193.642,48.9978],"dipPosition":[1.19895,230.226,-18.1949],"direction":[0.0403263,0.312441,-0.949081],"extended":false,"handId":724,"id":7240,"length":51.9721,"mcpPosition":[24.0026,193.642,48.9978],"pipPosition":[-0.172195,219.603,14.0751],"stabilizedTipPosition":[10.3173,218.64,-25.344],"timeVisible":29.1309,"tipPosition":[13.0456,228.051,-31.3868],"tipVelocity":[91.6945,454.027,-279.876],"tool":false,"touchDistance":-0.581286,"touchZone":"hovering","type":0,"width":20.194},{"bases":[[[0.957827,-0.111403,-0.264871],[0.270476,0.660737,0.700193],[0.0970062,-0.742304,0.663004]],[[0.949489,-0.0628825,-0.307437],[0.223524,0.823157,0.521967],[0.220246,-0.564321,0.795634]],[[0.949489,-0.0628825,-0.307437],[0.168627,0.928485,0.330877],[0.264644,-0.366006,0.89219]],[[0.949489,-0.0628825,-0.307437],[0.12254,0.976229,0.178777],[0.288886,-0.20742,0.934624]]],"btipPosition":[10.4437,301.776,-63.3754],"carpPosition":[38.2977,210.783,56.7836],"dipPosition":[15.3658,298.242,-47.451],"direction":[-0.264644,0.366006,-0.89219],"extended":true,"handId":724,"id":7241,"length":58.6448,"mcpPosition":[31.1808,265.243,8.14168],"pipPosition":[21.7447,289.42,-25.9461],"stabilizedTipPosition":[10.3924,297.445,-58.149],"timeVisible":29.1309,"tipPosition":[11.3188,300.871,-59.6524],"tipVelocity":[128.44,431.826,-179.963],"tool":false,"touchDistance":-0.471557,"touchZone":"touching","type":1,"width":19.2893},{"bases":[[[0.901889,-0.321664,-0.28832],[0.430578,0.615933,0.659719],[-0.0346215,-0.719138,0.694005]],[[0.902253,-0.312614,-0.297007],[0.112371,0.835438,-0.537974],[0.416309,0.452013,0.788905]],[[0.902253,-0.312614,-0.297007],[-0.388053,-0.288299,-0.875385],[0.188031,0.905073,-0.381429]],[[0.902253,-0.312614,-0.297007],[-0.425293,-0.758825,-0.493265],[-0.071175,0.571364,-0.817604]]],"btipPosition":[28.7345,202.921,-5.70194],"carpPosition":[50.3347,210.987,54.3653],"dipPosition":[27.4007,213.628,-21.0238],"direction":[-0.188031,-0.905073,0.381429],"extended":false,"handId":724,"id":7242,"length":66.821,"mcpPosition":[52.7435,261.021,6.08002],"pipPosition":[32.7328,239.294,-31.8403],"stabilizedTipPosition":[25.5627,195.033,-1.89528],"timeVisible":29.1309,"tipPosition":[28.6011,205.598,-9.07273],"tipVelocity":[119.155,397.9,-255.172],"tool":false,"touchDistance":0.333333,"touchZone":"none","type":2,"width":18.9446},{"bases":[[[0.851922,-0.469495,-0.231956],[0.49259,0.568139,0.659221],[-0.177718,-0.675864,0.715279]],[[0.85939,-0.43692,-0.26561],[0.204639,0.769941,-0.604412],[0.468584,0.465072,0.751091]],[[0.85939,-0.43692,-0.26561],[-0.42031,-0.307821,-0.853572],[0.291183,0.845191,-0.44818]],[[0.85939,-0.43692,-0.26561],[-0.51125,-0.725645,-0.460503],[0.00846431,0.531545,-0.846988]]],"btipPosition":[43.766,196.452,0.890801],"carpPosition":[61.7446,208.207,50.875],"dipPosition":[43.9238,206.356,-14.8905],"direction":[-0.291183,-0.845191,0.44818],"extended":false,"handId":724,"id":7243,"length":64.2502,"mcpPosition":[72.846,250.426,6.19391],"pipPosition":[51.9678,229.704,-27.2717],"stabilizedTipPosition":[41.1175,188.924,3.90983],"timeVisible":29.1309,"tipPosition":[43.8853,198.961,-2.79808],"tipVelocity":[116.545,401.564,-247.966],"tool":false,"touchDistance":0.333333,"touchZone":"none","type":3,"width":18.027},{"bases":[[[0.732448,-0.631939,-0.253324],[0.60145,0.426241,0.675704],[-0.319027,-0.64728,0.692279]],[[0.669331,-0.730615,-0.134897],[0.528308,0.595698,-0.605008],[0.522386,0.333683,0.784709]],[[0.669331,-0.730615,-0.134897],[-0.412799,-0.214745,-0.885145],[0.617732,0.64814,-0.445333]],[[0.669331,-0.730615,-0.134897],[-0.68926,-0.542852,-0.479825],[0.277339,0.414141,-0.866932]]],"btipPosition":[53.9094,205.233,0.244272],"carpPosition":[70.6976,199.33,44.3572],"dipPosition":[58.6766,212.351,-14.6575],"direction":[-0.617732,-0.64814,0.445333],"extended":false,"handId":724,"id":7244,"length":50.3709,"mcpPosition":[89.1453,236.759,4.32633],"pipPosition":[70.7252,224.993,-23.3436],"stabilizedTipPosition":[52.7522,198.385,1.88489],"timeVisible":29.1309,"tipPosition":[55.1942,207.007,-3.09745],"tipVelocity":[113.521,407.664,-223.494],"tool":false,"touchDistance":0.333333,"touchZone":"none","type":4,"width":16.013}],"r":[[0.924465,-0.00236346,0.381258],[-0.114726,0.95191,0.284085],[-0.363595,-0.306367,0.879737]],"s":1.05094,"t":[42.9538,58.7798,-97.8568],"timestamp":524148976869},false],[2,{"currentFrameRate":110.447,"devices":[],"gestures":[{"center":[2.93246,237.466,-18.9913],"duration":45035,"handIds":[724],"id":7,"normal":[0.965641,-0.197677,-0.168706],"pointableIds":[7241],"progress":0.858053,"radius":20.359,"state":"update","type":"circle"}],"hands":[{"armBasis":[[0.895479,-0.130331,-0.425595],[0.28867,0.897866,0.332424],[0.338802,-0.420535,0.841643]],"armWidth":63.5437,"confidence":0.532649,"direction":[0.100239,0.797063,-0.595518],"elbow":[146.736,84.1831,276.709],"grabStrength":0,"id":724,"palmNormal":[-0.279297,-0.551926,-0.78573],"palmPosition":[52.4482,239.821,15.9123],"palmVelocity":[77.4251,338.912,-168.949],"palmWidth":90.7382,"pinchStrength":0.665431,"r":[[0.92192,-0.000181802,0.38738],[-0.12111,0.949736,0.288675],[-0.367961,-0.313051,0.875559]],"s":1.0533,"sphereCenter":[31.9822,234.691,-24.8193],"sphereRadius":45.3839,"stabilizedPalmPosition":[51.3106,234.777,18.5989],"t":[43.6614,61.482,-99.1886],"timeVisible":29.14,"type":"right","wrist":[55.5128,197.413,50.0945]}],"id":4320033,"interactionBox":{"center":[0,200,0],"size":[235.247,235.247,147.751]},"pointables":[{"bases":[[[0.653643,0.550568,0.519255],[-0.682759,0.133008,0.718435],[0.326483,-0.824126,0.462845]],[[0.464937,0.837611,0.286777],[-0.738803,0.188574,0.647001],[0.487856,-0.512687,0.706505]],[[0.464937,0.837611,0.286777],[-0.88479,0.451054,0.117037],[-0.0313205,-0.308152,0.950821]],[[0.464937,0.837611,0.286777],[-0.655037,0.543361,-0.525058],[-0.595618,0.0562691,0.801295]]],"btipPosition":[15.6947,230.402,-37.7795],"carpPosition":[25.014,195.717,48.4203],"dipPosition":[1.79368,231.716,-19.0782],"direction":[0.0313205,0.308152,-0.950821],"extended":false,"handId":724,"id":7240,"length":51.9721,"mcpPosition":[25.014,195.717,48.4203],"pipPosition":[0.728742,221.238,13.2509],"stabilizedTipPosition":[11.0556,222.726,-28.0986],"timeVisible":29.14,"tipPosition":[13.3503,229.751,-32.5403],"tipVelocity":[73.8518,379.672,-237.173],"tool":false,"touchDistance":-0.568909,"touchZone":"hovering","type":0,"width":20.194},{"bases":[[[0.958232,-0.107779,-0.264907],[0.267081,0.668482,0.694118],[0.102274,-0.735877,0.669346]],[[0.949561,-0.0597335,-0.307842],[0.218971,0.829016,0.514571],[0.224469,-0.556025,0.800281]],[[0.949561,-0.0597335,-0.307842],[0.163111,0.93252,0.322181],[0.267824,-0.356143,0.895228]],[[0.949561,-0.0597335,-0.307842],[0.116466,0.97865,0.16935],[0.291153,-0.196661,0.936245]]],"btipPosition":[10.6737,302.758,-64.883],"carpPosition":[39.2104,213.013,56.0412],"dipPosition":[15.6345,299.408,-48.931],"direction":[-0.267824,0.356143,-0.895228],"extended":true,"handId":724,"id":7241,"length":58.6448,"mcpPosition":[31.707,267.001,6.93396],"pipPosition":[22.09,290.823,-27.3529],"stabilizedTipPosition":[11.174,299.941,-59.8333],"timeVisible":29.14,"tipPosition":[11.5632,301.904,-61.1517],"tipVelocity":[99.8983,342.594,-175.464],"tool":false,"touchDistance":-0.475254,"touchZone":"touching","type":1,"width":19.2893},{"bases":[[[0.903575,-0.318578,-0.286463],[0.427417,0.624319,0.653866],[-0.0294635,-0.713256,0.700284]],[[0.903871,-0.309684,-0.295149],[0.106999,0.831635,-0.544917],[0.414208,0.460954,0.784827]],[[0.903871,-0.309684,-0.295149],[-0.386874,-0.297215,-0.872921],[0.182608,0.903194,-0.388453]],[[0.903871,-0.309684,-0.295149],[-0.4212,-0.764971,-0.487248],[-0.0748868,0.564726,-0.821874]]],"btipPosition":[29.6087,204.543,-6.42045],"carpPosition":[51.2435,213.271,53.6085],"dipPosition":[28.2053,215.126,-21.8224],"direction":[-0.182608,-0.903194,0.388453],"extended":false,"handId":724,"id":7242,"length":66.821,"mcpPosition":[53.2934,262.896,4.88628],"pipPosition":[33.3837,240.739,-32.838],"stabilizedTipPosition":[26.7685,198.902,-4.50819],"timeVisible":29.14,"tipPosition":[29.4605,207.186,-9.79615],"tipVelocity":[112.044,335.449,-206.447],"tool":false,"touchDistance":0.333333,"touchZone":"none","type":2,"width":18.9446},{"bases":[[[0.854582,-0.466219,-0.228759],[0.489724,0.576907,0.653719],[-0.172804,-0.670685,0.721332]],[[0.861806,-0.433937,-0.262659],[0.199285,0.76584,-0.61137],[0.466451,0.474539,0.746483]],[[0.861806,-0.433937,-0.262659],[-0.419235,-0.317856,-0.850417],[0.28554,0.84301,-0.455852]],[[0.861806,-0.433937,-0.262659],[-0.50722,-0.732755,-0.45365],[0.00439087,0.524183,-0.851594]]],"btipPosition":[44.7081,198.228,0.271144],"carpPosition":[62.6668,210.531,50.1304],"dipPosition":[44.79,207.995,-15.596],"direction":[-0.28554,-0.84301,0.455852],"extended":false,"handId":724,"id":7243,"length":64.2502,"mcpPosition":[73.4613,252.427,5.07118],"pipPosition":[52.6781,231.283,-28.1891],"stabilizedTipPosition":[42.3388,192.832,1.44384],"timeVisible":29.14,"tipPosition":[44.8089,200.704,-3.43967],"tipVelocity":[112.183,342.678,-198.283],"tool":false,"touchDistance":0.333333,"touchZone":"none","type":3,"width":18.027},{"bases":[[[0.736095,-0.62958,-0.248583],[0.599477,0.435835,0.671324],[-0.314311,-0.643178,0.698235]],[[0.673329,-0.728075,-0.128588],[0.525709,0.593765,-0.609158],[0.519864,0.342563,0.782555]],[[0.673329,-0.728075,-0.128588],[-0.410452,-0.223448,-0.884082],[0.614945,0.648057,-0.449294]],[[0.673329,-0.728075,-0.128588],[-0.685893,-0.550203,-0.476264],[0.276007,0.40888,-0.869849]]],"btipPosition":[54.7734,207.097,-0.573177],"carpPosition":[71.6681,201.653,43.6807],"dipPosition":[59.5177,214.126,-15.5251],"direction":[-0.614945,-0.648057,0.449294],"extended":false,"handId":724,"id":7244,"length":50.3709,"mcpPosition":[89.8431,238.845,3.3055],"pipPosition":[71.512,226.766,-24.2884],"stabilizedTipPosition":[53.9198,202.26,-0.327402],"timeVisible":29.14,"tipPosition":[56.0507,208.834,-3.89195],"tipVelocity":[107.996,350.104,-186.403],"tool":false,"touchDistance":0.333333,"touchZone":"none","type":4,"width":16.013}],"r":[[0.92192,-0.000181802,0.38738],[-0.12111,0.949736,0.288675],[-0.367961,-0.313051,0.875559]],"s":1.0533,"t":[43.6614,61.482,-99.1886],"timestamp":524148986033},false],[3,{"currentFrameRate":110.527,"devices":[],"gestures":[{"center":[2.93246,237.466,-18.9913],"duration":45035,"handIds":[724],"id":7,"normal":[0.965641,-0.197677,-0.168706],"pointableIds":[7241],"progress":0.858053,"radius":20.359,"state":"update","type":"circle"}],"hands":[{"armBasis":[[0.898545,-0.120472,-0.422023],[0.278122,0.900162,0.335196],[0.339508,-0.418563,0.842342]],"armWidth":63.5437,"confidence":0.538875,"direction":[0.0960192,0.798032,-0.594917],"elbow":[147.421,88.4849,274.597],"grabStrength":0,"id":724,"palmNormal":[-0.269362,-0.554546,-0.787352],"palmPosition":[52.7332,243.562,13.5949],"palmVelocity":[65.0622,361.004,-193.785],"palmWidth":90.7382,"pinchStrength":0.663229,"r":[[0.919383,0.00330046,0.39335],[-0.128401,0.94771,0.292162],[-0.371817,-0.319115,0.871732]],"s":1.05495,"sphereCenter":[32.6088,238.2,-27.2995],"sphereRadius":45.3765,"stabilizedPalmPosition":[51.9034,238.437,16.5139],"t":[44.1576,64.7038,-101.013],"timeVisible":29.1489,"type":"right","wrist":[56.0071,201.184,47.7941]}],"id":4320034,"interactionBox":{"center":[0,200,0],"size":[235.247,235.247,147.751]},"pointables":[{"bases":[[[0.645255,0.556817,0.523069],[-0.688196,0.126367,0.714435],[0.331711,-0.820966,0.464738]],[[0.454984,0.842193,0.28931],[-0.744753,0.181766,0.642109],[0.488192,-0.507614,0.709927]],[[0.454984,0.842193,0.28931],[-0.88993,0.441649,0.113892],[-0.0318544,-0.309285,0.950436]],[[0.454984,0.842193,0.28931],[-0.661949,0.537182,-0.522742],[-0.595662,0.0463306,0.801898]]],"btipPosition":[16.2196,233.897,-40.4294],"carpPosition":[25.5364,199.193,45.9418],"dipPosition":[2.31754,234.978,-21.714],"direction":[0.0318544,0.309285,-0.950436],"extended":false,"handId":724,"id":7240,"length":51.9721,"mcpPosition":[25.5364,199.193,45.9418],"pipPosition":[1.23445,224.462,10.602],"stabilizedTipPosition":[11.7128,226.542,-30.781],"timeVisible":29.1489,"tipPosition":[13.8676,233.238,-35.2108],"tipVelocity":[69.7853,381.499,-253.503],"tool":false,"touchDistance":-0.580051,"touchZone":"hovering","type":0,"width":20.194},{"bases":[[[0.960759,-0.0985096,-0.259304],[0.256557,0.670984,0.695671],[0.105459,-0.734899,0.669927]],[[0.951885,-0.0505895,-0.302251],[0.207981,0.831015,0.515905],[0.225076,-0.553945,0.801552]],[[0.951885,-0.0505895,-0.302251],[0.152143,0.934163,0.322789],[0.266022,-0.353243,0.896912]],[[0.951885,-0.0505895,-0.302251],[0.105851,0.979854,0.169355],[0.287595,-0.1932,0.938063]]],"btipPosition":[10.8282,306.081,-67.4473],"carpPosition":[39.5205,216.625,53.6456],"dipPosition":[15.7283,302.789,-51.4643],"direction":[-0.266022,0.353243,-0.896912],"extended":true,"handId":724,"id":7241,"length":58.6448,"mcpPosition":[31.7834,270.542,4.49572],"pipPosition":[22.1404,294.275,-29.8456],"stabilizedTipPosition":[11.5874,302.789,-61.9171],"timeVisible":29.1489,"tipPosition":[11.7078,305.245,-63.7097],"tipVelocity":[77.0049,351.299,-205.852],"tool":false,"touchDistance":-0.494419,"touchZone":"touching","type":1,"width":19.2893},{"bases":[[[0.908265,-0.309825,-0.281181],[0.417544,0.628373,0.656357],[-0.0266692,-0.713552,0.700095]],[[0.908524,-0.301047,-0.289749],[0.102829,0.833226,-0.543287],[0.404982,0.463794,0.787962]],[[0.908524,-0.301047,-0.289749],[-0.378461,-0.299043,-0.87598],[0.177064,0.905508,-0.385622]],[[0.908524,-0.301047,-0.289749],[-0.411119,-0.767881,-0.491264],[-0.0745996,0.565447,-0.821404]]],"btipPosition":[30.3307,208.077,-8.97237],"carpPosition":[51.5645,216.999,51.2832],"dipPosition":[28.9327,218.673,-24.3655],"direction":[-0.177064,-0.905508,0.385622],"extended":false,"handId":724,"id":7242,"length":66.821,"mcpPosition":[53.4201,266.645,2.57417],"pipPosition":[33.9538,244.351,-35.3008],"stabilizedTipPosition":[27.8193,202.667,-7.10371],"timeVisible":29.1489,"tipPosition":[30.1851,210.71,-12.3158],"tipVelocity":[103.651,352.226,-228.182],"tool":false,"touchDistance":0.333333,"touchZone":"none","type":2,"width":18.9446},{"bases":[[[0.860363,-0.457935,-0.223765],[0.480305,0.581565,0.656574],[-0.170534,-0.672367,0.720306]],[[0.867437,-0.425777,-0.257424],[0.196506,0.768499,-0.608929],[0.457098,0.477622,0.750292]],[[0.867437,-0.425777,-0.257424],[-0.410533,-0.320186,-0.853782],[0.281097,0.846283,-0.452537]],[[0.867437,-0.425777,-0.257424],[-0.497519,-0.736796,-0.457828],[0.00526378,0.52521,-0.850956]]],"btipPosition":[45.4567,201.925,-2.19642],"carpPosition":[63.0339,214.37,47.8719],"dipPosition":[45.5547,211.711,-18.0517],"direction":[-0.281097,-0.846283,0.452537],"extended":false,"handId":724,"id":7243,"length":64.2502,"mcpPosition":[73.6866,256.371,2.87682],"pipPosition":[53.3201,235.09,-30.5532],"stabilizedTipPosition":[43.4101,196.702,-1.04202],"timeVisible":29.1489,"tipPosition":[45.5659,204.384,-5.86221],"tipVelocity":[104.64,362.534,-219.641],"tool":false,"touchDistance":0.333333,"touchZone":"none","type":3,"width":18.027},{"bases":[[[0.743577,-0.622431,-0.244282],[0.59131,0.441557,0.674818],[-0.312163,-0.646225,0.696382]],[[0.680587,-0.722123,-0.123855],[0.525747,0.599083,-0.603895],[0.510286,0.345887,0.787382]],[[0.680587,-0.722123,-0.123855],[-0.400653,-0.225285,-0.888101],[0.613415,0.654053,-0.442647]],[[0.680587,-0.722123,-0.123855],[-0.677157,-0.555423,-0.482664],[0.279751,0.412364,-0.867004]]],"btipPosition":[55.4422,210.906,-3.02066],"carpPosition":[72.158,205.58,41.4749],"dipPosition":[60.2509,217.994,-17.9237],"direction":[-0.613415,-0.654053,0.442647],"extended":false,"handId":724,"id":7244,"length":50.3709,"mcpPosition":[90.2087,242.948,1.20679],"pipPosition":[72.2154,230.752,-26.5573],"stabilizedTipPosition":[54.9131,206.143,-2.64054],"timeVisible":29.1489,"tipPosition":[56.7306,212.636,-6.28145],"tipVelocity":[99.4967,371.64,-210.119],"tool":false,"touchDistance":0.333333,"touchZone":"none","type":4,"width":16.013}],"r":[[0.919383,0.00330046,0.39335],[-0.128401,0.94771,0.292162],[-0.371817,-0.319115,0.871732]],"s":1.05495,"t":[44.1576,64.7038,-101.013],"timestamp":524148994939},false],[4,{"currentFrameRate":105.763,"devices":[],"gestures":[{"center":[2.93246,237.466,-18.9913],"duration":45035,"handIds":[724],"id":7,"normal":[0.965641,-0.197677,-0.168706],"pointableIds":[7241],"progress":0.858053,"radius":20.359,"state":"update","type":"circle"}],"hands":[{"armBasis":[[0.897924,-0.123804,-0.422381],[0.277402,0.90423,0.324679],[0.341733,-0.408706,0.846273]],"armWidth":63.5437,"confidence":0.543735,"direction":[0.103013,0.804486,-0.58497],"elbow":[148.351,97.3655,270.957],"grabStrength":0,"id":724,"palmNormal":[-0.265772,-0.544456,-0.795571],"palmPosition":[53.4546,250.192,9.36646],"palmVelocity":[53.1266,363.848,-212.918],"palmWidth":90.7382,"pinchStrength":0.661368,"r":[[0.91676,0.00448248,0.399412],[-0.133981,0.945458,0.296913],[-0.376297,-0.325712,0.867359]],"s":1.05546,"sphereCenter":[33.6736,245.323,-31.7997],"sphereRadius":45.3322,"stabilizedPalmPosition":[52.9437,246.321,11.7204],"t":[44.7665,69.6296,-104.04],"timeVisible":29.167,"type":"right","wrist":[56.3385,207.411,43.0958]}],"id":4320035,"interactionBox":{"center":[0,200,0],"size":[235.247,235.247,147.751]},"pointables":[{"bases":[[[0.643519,0.548419,0.533966],[-0.692754,0.120602,0.711019],[0.325539,-0.827461,0.457529]],[[0.4556,0.837446,0.30185],[-0.74933,0.177738,0.637898],[0.480554,-0.516812,0.708501]],[[0.4556,0.837446,0.30185],[-0.889375,0.442677,0.114235],[-0.0379566,-0.320503,0.946487]],[[0.4556,0.837446,0.30185],[-0.659572,0.545294,-0.517319],[-0.597823,0.0365987,0.800792]]],"btipPosition":[17.1961,241.321,-45.1325],"carpPosition":[25.8748,205.551,41.0076],"dipPosition":[3.2436,242.175,-26.4429],"direction":[0.0379566,0.320503,-0.946487],"extended":false,"handId":724,"id":7240,"length":51.9721,"mcpPosition":[25.8748,205.551,41.0076],"pipPosition":[1.95303,231.278,5.73881],"stabilizedTipPosition":[13.0133,235.106,-36.5297],"timeVisible":29.167,"tipPosition":[14.7996,240.643,-39.9409],"tipVelocity":[62.0088,394.132,-256.908],"tool":false,"touchDistance":-0.621015,"touchZone":"hovering","type":0,"width":20.194},{"bases":[[[0.962205,-0.0989775,-0.253702],[0.254022,0.661989,0.705155],[0.0981537,-0.742949,0.662112]],[[0.95382,-0.0506159,-0.296083],[0.207308,0.824238,0.526929],[0.217372,-0.563976,0.796668]],[[0.95382,-0.0506159,-0.296083],[0.152967,0.930162,0.333765],[0.258511,-0.363643,0.89495]],[[0.95382,-0.0506159,-0.296083],[0.107713,0.977781,0.179839],[0.280401,-0.203426,0.938079]]],"btipPosition":[12.343,313.744,-71.2534],"carpPosition":[39.8657,222.843,49.0099],"dipPosition":[17.1206,310.278,-55.2701],"direction":[-0.258511,0.363643,-0.89495],"extended":true,"handId":724,"id":7241,"length":58.6448,"mcpPosition":[32.6646,277.35,0.433409],"pipPosition":[23.3516,301.513,-33.6987],"stabilizedTipPosition":[13.0285,310.683,-66.3158],"timeVisible":29.167,"tipPosition":[13.2015,312.887,-67.5149],"tipVelocity":[79.5173,384.865,-208.147],"tool":false,"touchDistance":-0.530401,"touchZone":"touching","type":1,"width":19.2893},{"bases":[[[0.909122,-0.309836,-0.278385],[0.415131,0.619254,0.666477],[-0.0341072,-0.721475,0.6916]],[[0.909469,-0.301075,-0.286741],[0.109904,0.839214,-0.53258],[0.400984,0.452851,0.796328]],[[0.909469,-0.301075,-0.286741],[-0.373103,-0.286664,-0.882393],[0.183468,0.909493,-0.373045]],[[0.909469,-0.301075,-0.286741],[-0.410462,-0.760041,-0.503844],[-0.0662396,0.575927,-0.814813]]],"btipPosition":[31.0648,215.046,-13.8106],"carpPosition":[51.9273,223.201,46.7363],"dipPosition":[29.8235,225.839,-29.0802],"direction":[-0.183468,-0.909493,0.373045],"extended":false,"handId":724,"id":7242,"length":66.821,"mcpPosition":[54.3003,273.397,-1.38173],"pipPosition":[35.0262,251.63,-39.6588],"stabilizedTipPosition":[29.4731,210.971,-12.8133],"timeVisible":29.167,"tipPosition":[30.9554,217.714,-17.113],"tipVelocity":[74.6683,369.355,-246.263],"tool":false,"touchDistance":0.333333,"touchZone":"none","type":2,"width":18.9446},{"bases":[[[0.860296,-0.458424,-0.223021],[0.477724,0.57222,0.666591],[-0.177965,-0.680008,0.711279]],[[0.867604,-0.426495,-0.255667],[0.210028,0.780347,-0.589022],[0.450724,0.45734,0.766608]],[[0.867604,-0.426495,-0.255667],[-0.40183,-0.29847,-0.865707],[0.292911,0.853825,-0.430332]],[[0.867604,-0.426495,-0.255667],[-0.496948,-0.725571,-0.476015],[0.0175136,0.540045,-0.841454]]],"btipPosition":[46.0273,209.021,-7.6468],"carpPosition":[63.411,220.57,43.3751],"dipPosition":[46.3537,219.083,-23.325],"direction":[-0.292911,-0.853825,0.430332],"extended":false,"handId":724,"id":7243,"length":64.2502,"mcpPosition":[74.5279,263.048,-1.05614],"pipPosition":[54.4454,242.67,-35.2131],"stabilizedTipPosition":[44.9526,205.086,-6.89205],"timeVisible":29.167,"tipPosition":[46.2184,211.424,-11.0225],"tipVelocity":[71.3224,378.576,-257.551],"tool":false,"touchDistance":0.333333,"touchZone":"none","type":3,"width":18.027},{"bases":[[[0.743077,-0.62225,-0.246253],[0.588103,0.431612,0.683992],[-0.319328,-0.653082,0.686669]],[[0.678446,-0.723642,-0.126702],[0.533921,0.604148,-0.591551],[0.504618,0.333687,0.79625]],[[0.678446,-0.723642,-0.126702],[-0.393178,-0.211969,-0.894695],[0.620582,0.656819,-0.42833]],[[0.678446,-0.723642,-0.126702],[-0.675203,-0.54624,-0.495705],[0.289503,0.421858,-0.859199]]],"btipPosition":[56.1399,217.757,-7.71913],"carpPosition":[72.5489,211.821,36.9408],"dipPosition":[61.1161,225.008,-22.488],"direction":[-0.620582,-0.656819,0.42833],"extended":false,"handId":724,"id":7244,"length":50.3709,"mcpPosition":[91.0139,249.585,-2.7656],"pipPosition":[73.2204,237.819,-30.8424],"stabilizedTipPosition":[56.3973,214.456,-7.94521],"timeVisible":29.167,"tipPosition":[57.4625,219.501,-10.915],"tipVelocity":[71.5937,376.225,-233.042],"tool":false,"touchDistance":0.333333,"touchZone":"none","type":4,"width":16.013}],"r":[[0.91676,0.00448248,0.399412],[-0.133981,0.945458,0.296913],[-0.376297,-0.325712,0.867359]],"s":1.05546,"t":[44.7665,69.6296,-104.04],"timestamp":524149013004},false],[5,{"currentFrameRate":105.777,"devices":[],"gestures":[{"center":[2.93246,237.466,-18.9913],"duration":45035,"handIds":[724],"id":7,"normal":[0.965641,-0.197677,-0.168706],"pointableIds":[7241],"progress":0.858053,"radius":20.359,"state":"update","type":"circle"}],"hands":[{"armBasis":[[0.894277,-0.124473,-0.429855],[0.279488,0.905523,0.31924],[0.349507,-0.405628,0.844577]],"armWidth":63.5437,"confidence":0.506319,"direction":[0.0969948,0.798826,-0.593691],"elbow":[151.172,100.252,269.866],"grabStrength":0,"id":724,"palmNormal":[-0.271882,-0.55255,-0.787889],"palmPosition":[53.8402,251.913,8.33988],"palmVelocity":[49.6361,312.071,-183.209],"palmWidth":90.7382,"pinchStrength":0.661178,"r":[[0.915317,0.00639294,0.402683],[-0.138161,0.944181,0.299056],[-0.378294,-0.329366,0.865108]],"s":1.05562,"sphereCenter":[33.7307,246.597,-32.6274],"sphereRadius":45.3208,"stabilizedPalmPosition":[53.34,248.793,10.2261],"t":[45.2637,72.9529,-106.066],"timeVisible":29.1764,"type":"right","wrist":[57.0663,209.468,42.4612]}],"id":4320036,"interactionBox":{"center":[0,200,0],"size":[235.247,235.247,147.751]},"pointables":[{"bases":[[[0.647373,0.554388,0.523031],[-0.686798,0.126763,0.715709],[0.33048,-0.822548,0.462816]],[[0.457019,0.840988,0.289606],[-0.744578,0.18362,0.641785],[0.486556,-0.508942,0.710099]],[[0.457019,0.840988,0.289606],[-0.888982,0.442519,0.117845],[-0.0290497,-0.311312,0.949864]],[[0.457019,0.840988,0.289606],[-0.665382,0.539327,-0.516133],[-0.590254,0.0431842,0.806061]]],"btipPosition":[17.1312,242.465,-45.8051],"carpPosition":[26.5882,207.553,40.6523],"dipPosition":[3.3554,243.473,-26.9926],"direction":[0.0290497,0.311312,-0.949864],"extended":false,"handId":724,"id":7240,"length":51.9721,"mcpPosition":[26.5882,207.553,40.6523],"pipPosition":[2.36768,232.888,5.30393],"stabilizedTipPosition":[13.3573,237.856,-38.3224],"timeVisible":29.1764,"tipPosition":[14.7604,241.855,-40.5886],"tipVelocity":[43.5671,317.284,-203.061],"tool":false,"touchDistance":-0.596913,"touchZone":"hovering","type":0,"width":20.194},{"bases":[[[0.960124,-0.100335,-0.260952],[0.259212,0.669176,0.696428],[0.104747,-0.736299,0.6685]],[[0.951317,-0.0524067,-0.303726],[0.210784,0.829586,0.517065],[0.22487,-0.555914,0.800246]],[[0.951317,-0.0524067,-0.303726],[0.154642,0.933584,0.323276],[0.266612,-0.354507,0.896238]],[[0.951317,-0.0524067,-0.303726],[0.107995,0.979643,0.169224],[0.288675,-0.193787,0.937611]]],"btipPosition":[11.9614,314.622,-72.5438],"carpPosition":[40.6253,224.938,48.3645],"dipPosition":[16.88,311.32,-56.5685],"direction":[-0.266612,0.354507,-0.896238],"extended":true,"handId":724,"id":7241,"length":58.6448,"mcpPosition":[32.9405,278.958,-0.680625],"pipPosition":[23.3063,302.775,-34.966],"stabilizedTipPosition":[13.0625,312.363,-67.6656],"timeVisible":29.1764,"tipPosition":[12.8535,313.803,-68.8049],"tipVelocity":[46.2337,302.687,-187.847],"tool":false,"touchDistance":-0.525077,"touchZone":"touching","type":1,"width":19.2893},{"bases":[[[0.907097,-0.311487,-0.283111],[0.420037,0.626252,0.656793],[-0.0272837,-0.714692,0.698907]],[[0.907359,-0.302858,-0.291507],[0.104429,0.834143,-0.541572],[0.407178,0.460959,0.788494]],[[0.907359,-0.302858,-0.291507],[-0.380175,-0.295365,-0.876486],[0.17935,0.906111,-0.383141]],[[0.907359,-0.302858,-0.291507],[-0.413849,-0.765158,-0.493215],[-0.0736745,0.568163,-0.819611]]],"btipPosition":[31.2877,216.513,-14.3182],"carpPosition":[52.6666,225.288,45.9843],"dipPosition":[29.9071,227.16,-29.6777],"direction":[-0.17935,-0.906111,0.383141],"extended":false,"handId":724,"id":7242,"length":66.821,"mcpPosition":[54.5648,275.013,-2.64217],"pipPosition":[34.993,252.856,-40.5427],"stabilizedTipPosition":[30.0052,213.811,-14.6037],"timeVisible":29.1764,"tipPosition":[31.1481,219.147,-17.641],"tipVelocity":[59.1264,307.298,-191.941],"tool":false,"touchDistance":0.333333,"touchZone":"none","type":2,"width":18.9446},{"bases":[[[0.858932,-0.459582,-0.225876],[0.482688,0.579296,0.656832],[-0.171019,-0.673202,0.71941]],[[0.865896,-0.428098,-0.258761],[0.204854,0.775398,-0.597321],[0.456355,0.46421,0.759111]],[[0.865896,-0.428098,-0.258761],[-0.408302,-0.306019,-0.860024],[0.288989,0.850344,-0.439774]],[[0.865896,-0.428098,-0.258761],[-0.500117,-0.730123,-0.465623],[0.0104046,0.532591,-0.846309]]],"btipPosition":[46.2968,210.593,-8.29374],"carpPosition":[64.1244,222.638,42.5508],"dipPosition":[46.4907,220.516,-24.0624],"direction":[-0.288989,-0.850344,0.439774],"extended":false,"handId":724,"id":7243,"length":64.2502,"mcpPosition":[74.8074,264.69,-2.38838],"pipPosition":[54.4741,244.007,-36.2113],"stabilizedTipPosition":[45.4569,207.914,-8.7178],"timeVisible":29.1764,"tipPosition":[46.4618,212.952,-11.669],"tipVelocity":[58.1949,317.104,-204.228],"tool":false,"touchDistance":0.333333,"touchZone":"none","type":3,"width":18.027},{"bases":[[[0.741725,-0.623766,-0.246496],[0.593389,0.438995,0.674665],[-0.312622,-0.646684,0.695749]],[[0.677695,-0.72473,-0.124484],[0.531302,0.599619,-0.598477],[0.508377,0.339447,0.79141]],[[0.677695,-0.72473,-0.124484],[-0.397187,-0.218299,-0.891397],[0.618847,0.653539,-0.435794]],[[0.677695,-0.72473,-0.124484],[-0.677967,-0.550243,-0.487435],[0.284762,0.414728,-0.86424]]],"btipPosition":[56.4039,219.386,-8.65755],"carpPosition":[73.2179,213.837,36.1246],"dipPosition":[61.2987,226.515,-23.5131],"direction":[-0.618847,-0.653539,0.435794],"extended":false,"handId":724,"id":7244,"length":50.3709,"mcpPosition":[91.2952,251.231,-4.1069],"pipPosition":[73.3691,239.262,-32.0131],"stabilizedTipPosition":[56.8553,217.113,-9.61544],"timeVisible":29.1764,"tipPosition":[57.7041,221.073,-11.8095],"tipVelocity":[58.5789,317.285,-195.52],"tool":false,"touchDistance":0.333333,"touchZone":"none","type":4,"width":16.013}],"r":[[0.915317,0.00639294,0.402683],[-0.138161,0.944181,0.299056],[-0.378294,-0.329366,0.865108]],"s":1.05562,"t":[45.2637,72.9529,-106.066],"timestamp":524149022432},false],[6,{"currentFrameRate":106.19,"devices":[],"gestures":[{"center":[2.93246,237.466,-18.9913],"duration":45035,"handIds":[724],"id":7,"normal":[0.965641,-0.197677,-0.168706],"pointableIds":[7241],"progress":0.858053,"radius":20.359,"state":"update","type":"circle"}],"hands":[{"armBasis":[[0.892747,-0.127382,-0.432177],[0.281708,0.906402,0.314765],[0.351631,-0.402753,0.845071]],"armWidth":63.5437,"confidence":0.511628,"direction":[0.0936048,0.79396,-0.600721],"elbow":[152.083,102.504,269.462],"grabStrength":0,"id":724,"palmNormal":[-0.276411,-0.558927,-0.781791],"palmPosition":[53.9848,253.112,7.47744],"palmVelocity":[40.8898,265.965,-161.01],"palmWidth":90.7382,"pinchStrength":0.661537,"r":[[0.914612,0.00855512,0.404242],[-0.141147,0.943637,0.299378],[-0.378897,-0.330872,0.864269]],"s":1.05561,"sphereCenter":[33.6615,247.468,-33.3253],"sphereRadius":45.3047,"stabilizedPalmPosition":[53.6072,250.582,9.08717],"t":[45.5846,75.214,-107.511],"timeVisible":29.1851,"type":"right","wrist":[57.4057,210.946,41.9241]}],"id":4320037,"interactionBox":{"center":[0,200,0],"size":[235.247,235.247,147.751]},"pointables":[{"bases":[[[0.650376,0.558583,0.514778],[-0.682677,0.132633,0.718583],[0.333111,-0.818776,0.467593]],[[0.458556,0.843412,0.27997],[-0.742833,0.190863,0.641693],[0.487776,-0.502223,0.714035]],[[0.458556,0.843412,0.27997],[-0.888352,0.443419,0.119209],[-0.023602,-0.303376,0.952579]],[[0.458556,0.843412,0.27997],[-0.669056,0.535006,-0.51588],[-0.584885,0.0492443,0.80962]]],"btipPosition":[17.0895,243.184,-46.523],"carpPosition":[26.9177,209.018,40.3057],"dipPosition":[3.43895,244.334,-27.6274],"direction":[0.023602,0.303376,-0.952579],"extended":false,"handId":724,"id":7240,"length":51.9721,"mcpPosition":[26.9177,209.018,40.3057],"pipPosition":[2.63645,234.018,4.76143],"stabilizedTipPosition":[13.5583,239.753,-39.6302],"timeVisible":29.1851,"tipPosition":[14.6573,242.682,-41.2843],"tipVelocity":[31.5974,256.082,-170.565],"tool":false,"touchDistance":-0.576036,"touchZone":"hovering","type":0,"width":20.194},{"bases":[[[0.958608,-0.102522,-0.265631],[0.263219,0.674805,0.689459],[0.108564,-0.73084,0.67386]],[[0.949566,-0.0549807,-0.30871],[0.214118,0.832937,0.510264],[0.229081,-0.55063,0.802701]],[[0.949566,-0.0549807,-0.30871],[0.156825,0.935804,0.315716],[0.271534,-0.348207,0.89723]],[[0.949566,-0.0549807,-0.30871],[0.109207,0.980857,0.161224],[0.293936,-0.186806,0.937393]]],"btipPosition":[11.6666,315.25,-73.6314],"carpPosition":[40.9992,226.465,47.7955],"dipPosition":[16.6748,312.067,-57.6598],"direction":[-0.271534,0.348207,-0.89723],"extended":true,"handId":724,"id":7241,"length":58.6448,"mcpPosition":[33.0343,280.084,-1.64287],"pipPosition":[23.2197,303.674,-36.0334],"stabilizedTipPosition":[12.9462,313.39,-68.7574],"timeVisible":29.1851,"tipPosition":[12.5816,314.429,-69.9095],"tipVelocity":[25.5371,242.421,-171.351],"tool":false,"touchDistance":-0.51723,"touchZone":"touching","type":1,"width":19.2893},{"bases":[[[0.90545,-0.313844,-0.285765],[0.423813,0.631549,0.649252],[-0.0232892,-0.708977,0.704847]],[[0.905664,-0.305346,-0.294172],[0.101516,0.829787,-0.54877],[0.411665,0.467138,0.782505]],[[0.905664,-0.305346,-0.294172],[-0.385077,-0.301981,-0.87208],[0.177451,0.90309,-0.391075]],[[0.905664,-0.305346,-0.294172],[-0.416753,-0.76878,-0.485071],[-0.0780394,0.561908,-0.82351]]],"btipPosition":[31.2898,217.528,-14.7864],"carpPosition":[53.0266,226.794,45.3434],"dipPosition":[29.8274,228.058,-30.219],"direction":[-0.177451,-0.90309,0.391075],"extended":false,"handId":724,"id":7242,"length":66.821,"mcpPosition":[54.647,276.121,-3.69627],"pipPosition":[34.8595,253.667,-41.309],"stabilizedTipPosition":[30.3269,215.894,-15.87],"timeVisible":29.1851,"tipPosition":[31.1328,220.132,-18.1241],"tipVelocity":[42.908,255.976,-155.839],"tool":false,"touchDistance":0.333333,"touchZone":"none","type":2,"width":18.9446},{"bases":[[[0.857611,-0.461465,-0.227052],[0.486462,0.58459,0.649314],[-0.166904,-0.667312,0.725836]],[[0.864386,-0.430253,-0.260228],[0.201444,0.770492,-0.604783],[0.460713,0.470344,0.752675]],[[0.864386,-0.430253,-0.260228],[-0.413219,-0.312933,-0.855174],[0.286508,0.846732,-0.448284]],[[0.864386,-0.430253,-0.260228],[-0.502797,-0.733809,-0.456858],[0.00560744,0.525744,-0.850625]]],"btipPosition":[46.3436,211.656,-8.77766],"carpPosition":[64.4645,224.115,41.866],"dipPosition":[46.4481,221.452,-24.6267],"direction":[-0.286508,-0.846732,0.448284],"extended":false,"handId":724,"id":7243,"length":64.2502,"mcpPosition":[74.8904,265.8,-3.4746],"pipPosition":[54.3629,244.843,-37.010