{"sensorType":"Leap","data":[[0,{"currentFrameRate":110.575,"devices":[],"gestures":[],"hands":[{"armBasis":[[0.903807,-0.0344315,-0.426553],[0.195862,0.919514,0.340781],[0.380488,-0.391546,0.837807]],"armWidth":63.5437,"confidence":0.705437,"direction":[0.00279094,0.738017,-0.674776],"elbow":[182.828,116.316,287.745],"grabStrength":0,"id":724,"palmNormal":[-0.217823,-0.658128,-0.720709],"palmPosition":[72.1738,259.781,23.9288],"palmVelocity":[-21.7917,47.8131,-74.9695],"palmWidth":90.7382,"pinchStrength":0.806166,"r":[[0.914081,0.149868,0.376824],[-0.24415,0.945311,0.216284],[-0.323801,-0.289702,0.90068]],"s":1.00675,"sphereCenter":[54.7286,246.994,-17.4898],"sphereRadius":44.6328,"stabilizedPalmPosition":[73.4285,245.489,14.5318],"t":[64.3366,83.7131,-91.766],"timeVisible":43.1768,"type":"right","wrist":[80.381,221.741,62.1627]}],"id":4321556,"interactionBox":{"center":[0,200,0],"size":[235.247,235.247,147.751]},"pointables":[{"bases":[[[0.588105,0.672704,0.449002],[-0.689142,0.126211,0.71355],[0.423339,-0.729068,0.537814]],[[0.320419,0.93629,0.14385],[-0.800169,0.186242,0.570126],[0.507013,-0.297783,0.808865]],[[0.320419,0.93629,0.14385],[-0.940942,0.297052,0.162447],[0.109366,-0.187405,0.976175]],[[0.320419,0.93629,0.14385],[-0.697353,0.335922,-0.633131],[-0.641117,0.102553,0.76056]]],"btipPosition":[36.2845,235.172,-29.9854],"carpPosition":[50.279,216.37,61.2212],"dipPosition":[21.3216,237.566,-12.2348],"direction":[-0.109366,0.187405,-0.976175],"extended":false,"handId":724,"id":7240,"length":51.9721,"mcpPosition":[50.279,216.37,61.2212],"pipPosition":[25.0402,231.194,20.9563],"stabilizedTipPosition":[34.5538,225.792,-22.4671],"timeVisible":43.1768,"tipPosition":[33.2466,235.671,-25.6128],"tipVelocity":[-28.5795,55.5097,-81.3596],"tool":false,"touchDistance":0.0118621,"touchZone":"hovering","type":0,"width":20.194},{"bases":[[[0.962598,-0.0229635,-0.26996],[0.191513,0.762481,0.618018],[0.191648,-0.646603,0.73836]],[[0.954347,0.00239681,-0.298692],[0.125162,0.904739,0.407163],[0.271214,-0.42596,0.863135]],[[0.954347,0.00239681,-0.298692],[0.0634849,0.975494,0.210667],[0.291877,-0.220012,0.930807]],[[0.954347,0.00239681,-0.298692],[0.0162343,0.998074,0.0598789],[0.29826,-0.0619942,0.952469]]],"btipPosition":[24.6088,307.928,-63.0186],"carpPosition":[62.4061,235.88,66.7958],"dipPosition":[29.6906,306.872,-46.7901],"direction":[-0.291877,0.220012,-0.930807],"extended":true,"handId":724,"id":7241,"length":58.6448,"mcpPosition":[48.3456,283.319,12.6253],"pipPosition":[36.7259,301.568,-24.3544],"stabilizedTipPosition":[23.5139,294.861,-54.3655],"timeVisible":43.1768,"tipPosition":[25.3698,307.03,-59.3023],"tipVelocity":[-9.30105,56.0685,-77.2686],"tool":false,"touchDistance":-0.0844515,"touchZone":"touching","type":1,"width":19.2893},{"bases":[[[0.932793,-0.239757,-0.269098],[0.355655,0.73324,0.579541],[0.0583649,-0.636298,0.769232]],[[0.933673,-0.250881,-0.255564],[0.0724023,0.831114,-0.551369],[0.350731,0.496295,0.794153]],[[0.933673,-0.250881,-0.255564],[-0.337147,-0.375099,-0.8635],[0.120774,0.89239,-0.434804]],[[0.933673,-0.250881,-0.255564],[-0.338156,-0.852568,-0.39847],[-0.117917,0.458461,-0.880857]]],"btipPosition":[52.177,223.793,1.27743],"carpPosition":[74.3114,237.275,64.132],"dipPosition":[49.9672,232.384,-15.2298],"direction":[-0.120774,-0.89239,0.434804],"extended":false,"handId":724,"id":7242,"length":66.821,"mcpPosition":[70.2506,281.546,10.6127],"pipPosition":[53.3921,257.69,-27.5598],"stabilizedTipPosition":[55.1964,211.571,-3.79804],"timeVisible":43.1768,"tipPosition":[51.8704,225.71,-1.78785],"tipVelocity":[-22.4015,48.9136,-77.6686],"tool":false,"touchDistance":0.333333,"touchZone":"none","type":2,"width":18.9446},{"bases":[[[0.901732,-0.385368,-0.195884],[0.423069,0.69358,0.58306],[-0.0888317,-0.608637,0.788461]],[[0.90494,-0.355937,-0.233221],[0.177735,0.814113,-0.552838],[0.386644,0.458834,0.799986]],[[0.90494,-0.355937,-0.233221],[-0.357463,-0.338489,-0.870428],[0.230875,0.871053,-0.433547]],[[0.90494,-0.355937,-0.233221],[-0.423163,-0.810537,-0.404923],[-0.044907,0.465122,-0.884107]]],"btipPosition":[68.7351,220.378,4.29561],"carpPosition":[85.9546,235.532,60.7424],"dipPosition":[67.8983,229.044,-12.1773],"direction":[-0.230875,-0.871053,0.433547],"extended":false,"handId":724,"id":7243,"length":64.2502,"mcpPosition":[91.5036,273.551,11.4899],"pipPosition":[74.2763,253.107,-24.1542],"stabilizedTipPosition":[71.8958,208.925,-3.62536],"timeVisible":43.1768,"tipPosition":[68.6899,222.367,1.20819],"tipVelocity":[-23.3009,48.0131,-76.6054],"tool":false,"touchDistance":0.333333,"touchZone":"none","type":3,"width":18.027},{"bases":[[[0.803009,-0.562487,-0.196939],[0.54865,0.568683,0.612848],[-0.232723,-0.600173,0.765266]],[[0.738244,-0.673579,-0.0358731],[0.553565,0.635381,-0.538384],[0.385437,0.377601,0.841936]],[[0.738244,-0.673579,-0.0358731],[-0.302784,-0.28339,-0.909952],[0.602758,0.682628,-0.41316]],[[0.738244,-0.673579,-0.0358731],[-0.616111,-0.651699,-0.442376],[0.274597,0.348683,-0.896112]]],"btipPosition":[79.2801,229.221,4.58436],"carpPosition":[95.8907,227.139,55.0615],"dipPosition":[84.0002,235.214,-10.819],"direction":[-0.602758,-0.682628,0.41316],"extended":false,"handId":724,"id":7244,"length":50.3709,"mcpPosition":[109.348,261.844,10.8102],"pipPosition":[95.7568,248.529,-18.8775],"stabilizedTipPosition":[83.4637,217.026,-4.48951],"timeVisible":43.1768,"tipPosition":[80.4433,230.582,1.69265],"tipVelocity":[-22.9953,46.9823,-77.685],"tool":false,"touchDistance":0.333333,"touchZone":"none","type":4,"width":16.013}],"r":[[0.914081,0.149868,0.376824],[-0.24415,0.945311,0.216284],[-0.323801,-0.289702,0.90068]],"s":1.00675,"t":[64.3366,83.7131,-91.766],"timestamp":524163022762},false],[1,{"currentFrameRate":110.603,"devices":[],"gestures":[],"hands":[{"armBasis":[[0.901809,-0.0361581,-0.430619],[0.196985,0.921336,0.335166],[0.384626,-0.387081,0.837992]],"armWidth":63.5437,"confidence":0.713123,"direction":[0.00330593,0.7385,-0.674245],"elbow":[183.682,117.823,287.175],"grabStrength":0,"id":724,"palmNormal":[-0.219529,-0.657265,-0.720978],"palmPosition":[71.9371,260.126,23.345],"palmVelocity":[-23.0345,45.2307,-72.2105],"palmWidth":90.7382,"pinchStrength":0.803825,"r":[[0.914066,0.149218,0.377118],[-0.243601,0.945436,0.216354],[-0.324256,-0.289628,0.90054]],"s":1.00729,"sphereCenter":[54.4899,247.404,-18.0812],"sphereRadius":44.6423,"stabilizedPalmPosition":[73.4274,245.5,14.5384],"t":[64.0972,84.1014,-92.4268],"timeVisible":43.1858,"type":"right","wrist":[80.121,222.046,61.5436]}],"id":4321557,"interactionBox":{"center":[0,200,0],"size":[235.247,235.247,147.751]},"pointables":[{"bases":[[[0.589577,0.671461,0.448932],[-0.688271,0.126768,0.714292],[0.422708,-0.730117,0.536887]],[[0.322388,0.935495,0.144618],[-0.799532,0.187314,0.570668],[0.506768,-0.299603,0.808346]],[[0.322388,0.935495,0.144618],[-0.940168,0.298647,0.163991],[0.110223,-0.188834,0.975804]],[[0.322388,0.935495,0.144618],[-0.700499,0.338526,-0.628253],[-0.636684,0.101237,0.76445]]],"btipPosition":[35.8949,235.695,-30.6322],"carpPosition":[50.0098,216.723,60.6267],"dipPosition":[21.0354,238.058,-12.7909],"direction":[-0.110223,0.188834,-0.975804],"extended":false,"handId":724,"id":7240,"length":51.9721,"mcpPosition":[50.0098,216.723,60.6267],"pipPosition":[24.7832,231.637,20.3877],"stabilizedTipPosition":[34.5513,225.804,-22.4719],"timeVisible":43.1858,"tipPosition":[32.8781,236.161,-26.2276],"tipVelocity":[-31.9,56.0036,-78.133],"tool":false,"touchDistance":0.00143012,"touchZone":"hovering","type":0,"width":20.194},{"bases":[[[0.962306,-0.024269,-0.270885],[0.193284,0.761734,0.618387],[0.191335,-0.647436,0.737711]],[[0.954329,0.000382101,-0.298758],[0.127825,0.903325,0.409469],[0.270032,-0.428957,0.86202]],[[0.954329,0.000382101,-0.298758],[0.0664153,0.974705,0.213399],[0.291282,-0.223495,0.930164]],[[0.954329,0.000382101,-0.298758],[0.0192406,0.997845,0.0627369],[0.298138,-0.0656199,0.952265]]],"btipPosition":[24.4652,308.593,-63.4961],"carpPosition":[62.1725,236.21,66.204],"dipPosition":[29.545,307.475,-47.2711],"direction":[-0.291282,0.223495,-0.930164],"extended":true,"handId":724,"id":7241,"length":58.6448,"mcpPosition":[48.135,283.71,12.0811],"pipPosition":[36.5659,302.088,-24.8509],"stabilizedTipPosition":[23.5139,294.861,-54.3655],"timeVisible":43.1858,"tipPosition":[25.2162,307.659,-59.7888],"tipVelocity":[-11.1426,60.5342,-70.6611],"tool":false,"touchDistance":-0.0924236,"touchZone":"touching","type":1,"width":19.2893},{"bases":[[[0.932164,-0.241016,-0.270152],[0.357345,0.732265,0.579735],[0.0580976,-0.636945,0.768717]],[[0.933032,-0.252039,-0.256764],[0.0730245,0.831446,-0.550786],[0.352305,0.495151,0.794171]],[[0.933032,-0.252039,-0.256764],[-0.338614,-0.373885,-0.863453],[0.121623,0.892573,-0.43419]],[[0.933032,-0.252039,-0.256764],[-0.339833,-0.851732,-0.398831],[-0.118174,0.459379,-0.880344]]],"btipPosition":[51.8667,224.183,0.68337],"carpPosition":[74.0775,237.588,63.5299],"dipPosition":[49.6522,232.792,-15.8143],"direction":[-0.121623,-0.892573,0.43419],"extended":false,"handId":724,"id":7242,"length":66.821,"mcpPosition":[70.0353,281.904,10.0465],"pipPosition":[53.1011,258.103,-28.1269],"stabilizedTipPosition":[55.1942,211.58,-3.79764],"timeVisible":43.1858,"tipPosition":[51.5564,226.105,-2.386],"tipVelocity":[-25.7547,47.5302,-74.4154],"tool":false,"touchDistance":0.333333,"touchZone":"none","type":2,"width":18.9446},{"bases":[[[0.900945,-0.386632,-0.197013],[0.4247,0.692497,0.583162],[-0.0890375,-0.609068,0.788104]],[[0.904171,-0.357078,-0.234457],[0.178716,0.814725,-0.551619],[0.387989,0.456857,0.800466]],[[0.904171,-0.357078,-0.234457],[-0.358643,-0.336397,-0.870754],[0.232057,0.871397,-0.432224]],[[0.904171,-0.357078,-0.234457],[-0.424808,-0.809279,-0.405715],[-0.0448687,0.466435,-0.883417]]],"btipPosition":[68.4148,220.756,3.63275],"carpPosition":[85.7148,235.829,60.1281],"dipPosition":[67.5788,229.447,-12.8273],"direction":[-0.232057,-0.871397,0.432224],"extended":false,"handId":724,"id":7243,"length":64.2502,"mcpPosition":[91.2766,273.875,10.8979],"pipPosition":[73.9894,253.52,-24.7677],"stabilizedTipPosition":[71.8936,208.934,-3.62325],"timeVisible":43.1858,"tipPosition":[68.3668,222.744,0.545522],"tipVelocity":[-26.675,46.5536,-75.72],"tool":false,"touchDistance":0.333333,"touchZone":"none","type":3,"width":18.027},{"bases":[[[0.801944,-0.563596,-0.198104],[0.550114,0.567383,0.612741],[-0.232938,-0.600363,0.765052]],[[0.737256,-0.674586,-0.0372536],[0.554106,0.63529,-0.537934],[0.386549,0.375953,0.842163]],[[0.737256,-0.674586,-0.0372536],[-0.303574,-0.281507,-0.910273],[0.60357,0.682413,-0.412329]],[[0.737256,-0.674586,-0.0372536],[-0.617246,-0.650119,-0.443116],[0.2747,0.349685,-0.89569]]],"btipPosition":[78.9774,229.563,3.9355],"carpPosition":[95.6323,227.425,54.4318],"dipPosition":[83.6992,235.574,-11.4606],"direction":[-0.60357,-0.682413,0.412329],"extended":false,"handId":724,"id":7244,"length":50.3709,"mcpPosition":[109.102,262.14,10.1929],"pipPosition":[95.4717,248.884,-19.5029],"stabilizedTipPosition":[83.4616,217.034,-4.48645],"timeVisible":43.1858,"tipPosition":[80.139,230.93,1.04111],"tipVelocity":[-25.9103,44.6452,-76.1158],"tool":false,"touchDistance":0.333333,"touchZone":"none","type":4,"width":16.013}],"r":[[0.914066,0.149218,0.377118],[-0.243601,0.945436,0.216354],[-0.324256,-0.289628,0.90054]],"s":1.00729,"t":[64.0972,84.1014,-92.4268],"timestamp":524163031755},false],[2,{"currentFrameRate":110.621,"devices":[],"gestures":[],"hands":[{"armBasis":[[0.900268,-0.0399441,-0.4335],[0.198711,0.923699,0.327559],[0.38734,-0.381032,0.839513]],"armWidth":63.5437,"confidence":0.714361,"direction":[0.00431537,0.741967,-0.670422],"elbow":[184.142,119.912,286.777],"grabStrength":0,"id":724,"palmNormal":[-0.222392,-0.652927,-0.724036],"palmPosition":[71.7131,260.805,22.7469],"palmVelocity":[-23.5369,53.5048,-70.6164],"palmWidth":90.7382,"pinchStrength":0.801727,"r":[[0.914247,0.147811,0.377232],[-0.242583,0.945444,0.217462],[-0.324508,-0.290324,0.900226]],"s":1.00778,"sphereCenter":[54.2373,248.332,-18.7464],"sphereRadius":44.6494,"stabilizedPalmPosition":[73.4274,245.5,14.5384],"t":[63.8655,84.6349,-93.0563],"timeVisible":43.1948,"type":"right","wrist":[79.85,222.505,60.7358]}],"id":4321558,"interactionBox":{"center":[0,200,0],"size":[235.247,235.247,147.751]},"pointables":[{"bases":[[[0.592072,0.667524,0.451512],[-0.68686,0.124941,0.715971],[0.421515,-0.734031,0.532469]],[[0.325371,0.933742,0.149199],[-0.798301,0.186683,0.572594],[0.506802,-0.305411,0.806149]],[[0.325371,0.933742,0.149199],[-0.938983,0.300438,0.167473],[0.111552,-0.194586,0.974522]],[[0.325371,0.933742,0.149199],[-0.703178,0.34442,-0.622025],[-0.632198,0.0974758,0.768651]]],"btipPosition":[35.4567,236.813,-31.3675],"carpPosition":[49.7232,217.269,59.8365],"dipPosition":[20.7019,239.088,-13.428],"direction":[-0.111552,0.194586,-0.974522],"extended":false,"handId":724,"id":7240,"length":51.9721,"mcpPosition":[49.7232,217.269,59.8365],"pipPosition":[24.4948,232.472,19.7069],"stabilizedTipPosition":[34.5513,225.804,-22.4719],"timeVisible":43.1948,"tipPosition":[32.4653,237.24,-26.9338],"tipVelocity":[-35.7689,74.1208,-78.4052],"tool":false,"touchDistance":-0.0604477,"touchZone":"hovering","type":0,"width":20.194},{"bases":[[[0.961832,-0.0254822,-0.272453],[0.19628,0.757996,0.622027],[0.190667,-0.651762,0.734066]],[[0.954101,-0.00129778,-0.299484],[0.131554,0.900165,0.415207],[0.269046,-0.435547,0.859018]],[[0.954101,-0.00129778,-0.299484],[0.0702057,0.973095,0.219446],[0.291142,-0.230399,0.928522]],[[0.954101,-0.00129778,-0.299484],[0.0229313,0.997372,0.0687329],[0.298607,-0.0724457,0.951622]]],"btipPosition":[24.3266,309.959,-63.7573],"carpPosition":[61.9472,236.694,65.4962],"dipPosition":[29.4143,308.725,-47.5432],"direction":[-0.291142,0.230399,-0.928522],"extended":true,"handId":724,"id":7241,"length":58.6448,"mcpPosition":[47.9587,284.511,11.6408],"pipPosition":[36.4319,303.171,-25.1626],"stabilizedTipPosition":[23.5157,294.875,-54.3706],"timeVisible":43.1948,"tipPosition":[25.0712,308.996,-60.0589],"tipVelocity":[-12.2558,84.7645,-59.2899],"tool":false,"touchDistance":-0.0968184,"touchZone":"touching","type":1,"width":19.2893},{"bases":[[[0.9311,-0.242147,-0.272794],[0.360202,0.728282,0.582976],[0.0575052,-0.64107,0.765325]],[[0.931951,-0.253131,-0.259599],[0.0743201,0.834129,-0.546539],[0.354885,0.490054,0.796181]],[[0.931951,-0.253131,-0.259599],[-0.340982,-0.368429,-0.864865],[0.12328,0.89453,-0.429671]],[[0.931951,-0.253131,-0.259599],[-0.342718,-0.848712,-0.402781],[-0.118369,0.464341,-0.877711]]],"btipPosition":[51.515,225.032,-0.0732567],"carpPosition":[73.8519,238.054,62.8114],"dipPosition":[49.2968,233.734,-16.5215],"direction":[-0.12328,-0.89453,0.429671],"extended":false,"handId":724,"id":7242,"length":66.821,"mcpPosition":[69.851,282.656,9.56398],"pipPosition":[52.7927,259.101,-28.706],"stabilizedTipPosition":[55.191,211.591,-3.79769],"timeVisible":43.1948,"tipPosition":[51.2015,226.972,-3.13785],"tipVelocity":[-29.433,61.0136,-76.7038],"tool":false,"touchDistance":0.333333,"touchZone":"none","type":2,"width":18.9446},{"bases":[[[0.899594,-0.388054,-0.200363],[0.427454,0.688313,0.586096],[-0.0895244,-0.612894,0.785077]],[[0.902856,-0.358154,-0.237858],[0.180622,0.818009,-0.546111],[0.390161,0.450098,0.803235]],[[0.902856,-0.358154,-0.237858],[-0.360367,-0.328663,-0.872993],[0.234491,0.873903,-0.425802]],[[0.902856,-0.358154,-0.237858],[-0.427662,-0.805017,-0.411161],[-0.0442206,0.472942,-0.879983]]],"btipPosition":[68.0336,221.557,2.71209],"carpPosition":[85.4793,236.28,59.3831],"dipPosition":[67.2097,230.369,-13.684],"direction":[-0.234491,-0.873903,0.425802],"extended":false,"handId":724,"id":7243,"length":64.2502,"mcpPosition":[91.0716,274.565,10.342],"pipPosition":[73.6876,254.511,-25.4469],"stabilizedTipPosition":[71.8905,208.945,-3.62129],"timeVisible":43.1948,"tipPosition":[67.989,223.564,-0.349977],"tipVelocity":[-30.8888,59.0459,-82.5514],"tool":false,"touchDistance":0.333333,"touchZone":"none","type":3,"width":18.027},{"bases":[[[0.800109,-0.564741,-0.202219],[0.55257,0.562708,0.614839],[-0.233434,-0.603679,0.762286]],[[0.735481,-0.676237,-0.042094],[0.555358,0.637271,-0.534288],[0.38813,0.369581,0.844254]],[[0.735481,-0.676237,-0.042094],[-0.304787,-0.274723,-0.911938],[0.605122,0.683543,-0.408162]],[[0.735481,-0.676237,-0.042094],[-0.619274,-0.645722,-0.446703],[0.274896,0.354609,-0.893692]]],"btipPosition":[78.6498,230.326,3.10279],"carpPosition":[95.3654,227.878,53.6285],"dipPosition":[83.375,236.422,-12.259],"direction":[-0.605122,-0.683543,0.408162],"extended":false,"handId":724,"id":7244,"length":50.3709,"mcpPosition":[108.864,262.786,9.5495],"pipPosition":[95.1777,249.754,-20.22],"stabilizedTipPosition":[83.4587,217.045,-4.48336],"timeVisible":43.1948,"tipPosition":[79.8064,231.708,0.217204],"tipVelocity":[-28.7605,56.2673,-80.3631],"tool":false,"touchDistance":0.333333,"touchZone":"none","type":4,"width":16.013}],"r":[[0.914247,0.147811,0.377232],[-0.242583,0.945444,0.217462],[-0.324508,-0.290324,0.900226]],"s":1.00778,"t":[63.8655,84.6349,-93.0563],"timestamp":524163040762},false],[3,{"currentFrameRate":110.597,"devices":[],"gestures":[],"hands":[{"armBasis":[[0.898535,-0.0382563,-0.437232],[0.19725,0.925121,0.324414],[0.392082,-0.377741,0.838799]],"armWidth":63.5437,"confidence":0.717195,"direction":[0.00285682,0.740521,-0.672027],"elbow":[185.058,121.762,285.71],"grabStrength":0,"id":724,"palmNormal":[-0.22164,-0.654847,-0.722531],"palmPosition":[71.2757,261.674,21.7929],"palmVelocity":[-30.3485,65.1645,-80.1381],"palmWidth":90.7382,"pinchStrength":0.800016,"r":[[0.914375,0.147141,0.377184],[-0.242052,0.945465,0.217959],[-0.324543,-0.290594,0.900126]],"s":1.00824,"sphereCenter":[53.8799,249.063,-19.6902],"sphereRadius":44.6528,"stabilizedPalmPosition":[73.4274,245.5,14.5384],"t":[63.531,85.336,-93.848],"timeVisible":43.2039,"type":"right","wrist":[79.4893,223.47,59.8612]}],"id":4321559,"interactionBox":{"center":[0,200,0],"size":[235.247,235.247,147.751]},"pointables":[{"bases":[[[0.591186,0.669445,0.449825],[-0.686769,0.125391,0.715979],[0.422905,-0.732202,0.533884]],[[0.324134,0.934481,0.147252],[-0.79853,0.186807,0.572235],[0.507234,-0.303066,0.806762]],[[0.324134,0.934481,0.147252],[-0.939357,0.299501,0.167056],[0.112009,-0.192471,0.974889]],[[0.324134,0.934481,0.147252],[-0.706792,0.342679,-0.618883],[-0.628794,0.0965243,0.771557]]],"btipPosition":[34.9875,237.561,-32.3292],"carpPosition":[49.3705,218.183,58.9856],"dipPosition":[20.3122,239.814,-14.322],"direction":[-0.112009,0.192471,-0.974889],"extended":false,"handId":724,"id":7240,"length":51.9721,"mcpPosition":[49.3705,218.183,58.9856],"pipPosition":[24.1206,233.269,18.8254],"stabilizedTipPosition":[34.5513,225.804,-22.4719],"timeVisible":43.2039,"tipPosition":[32.009,237.97,-27.8686],"tipVelocity":[-39.6069,76.2269,-85.533],"tool":false,"touchDistance":-0.0762176,"touchZone":"hovering","type":0,"width":20.194},{"bases":[[[0.961761,-0.0245335,-0.272789],[0.195318,0.759653,0.620305],[0.192007,-0.649866,0.735396]],[[0.954183,-0.00100025,-0.299223],[0.130729,0.900903,0.413865],[0.269157,-0.43402,0.859757]],[[0.954183,-0.00100025,-0.299223],[0.0693417,0.973512,0.217867],[0.291079,-0.228634,0.928978]],[[0.954183,-0.00100025,-0.299223],[0.0220492,0.997511,0.0669775],[0.298411,-0.0705064,0.95183]]],"btipPosition":[23.8469,310.624,-64.799],"carpPosition":[61.5657,237.639,64.5983],"dipPosition":[28.9313,309.423,-48.5814],"direction":[-0.291079,0.228634,-0.928978],"extended":true,"handId":724,"id":7241,"length":58.6448,"mcpPosition":[47.4789,285.317,10.6452],"pipPosition":[35.9473,303.912,-26.1898],"stabilizedTipPosition":[23.5214,294.933,-54.396],"timeVisible":43.2039,"tipPosition":[24.5849,309.676,-61.0965],"tipVelocity":[-23.5015,81.8154,-74.5935],"tool":false,"touchDistance":-0.114167,"touchZone":"touching","type":1,"width":19.2893},{"bases":[[[0.931376,-0.241248,-0.27265],[0.359272,0.730117,0.581252],[0.0588406,-0.639319,0.766687]],[[0.93224,-0.252053,-0.259611],[0.0726086,0.833188,-0.548202],[0.354481,0.492206,0.795033]],[[0.93224,-0.252053,-0.259611],[-0.340814,-0.370636,-0.863988],[0.12155,0.893923,-0.431425]],[[0.93224,-0.252053,-0.259611],[-0.341497,-0.850058,-0.400975],[-0.119617,0.462461,-0.878534]]],"btipPosition":[51.1292,225.818,-0.953411],"carpPosition":[73.4671,239.013,61.9057],"dipPosition":[48.8876,234.485,-17.4171],"direction":[-0.12155,-0.893923,0.431425],"extended":false,"handId":724,"id":7242,"length":66.821,"mcpPosition":[69.3733,283.493,8.56349],"pipPosition":[52.3345,259.834,-29.6514],"stabilizedTipPosition":[55.1862,211.608,-3.79868],"timeVisible":43.2039,"tipPosition":[50.8065,227.753,-4.02805],"tipVelocity":[-33.2049,67.8337,-82.3986],"tool":false,"touchDistance":0.333333,"touchZone":"none","type":2,"width":18.9446},{"bases":[[[0.900132,-0.387047,-0.19989],[0.426589,0.690263,0.584431],[-0.0882258,-0.611336,0.786438]],[[0.903334,-0.357199,-0.23748],[0.179051,0.817115,-0.547964],[0.389781,0.452473,0.802084]],[[0.903334,-0.357199,-0.23748],[-0.36021,-0.331123,-0.872128],[0.232888,0.873365,-0.427781]],[[0.903334,-0.357199,-0.23748],[-0.426533,-0.806583,-0.40926],[-0.0453595,0.470992,-0.880971]]],"btipPosition":[67.6516,222.375,1.84479],"carpPosition":[85.0959,237.25,58.4764],"dipPosition":[66.8064,231.151,-14.5697],"direction":[-0.232888,-0.873365,0.427781],"extended":false,"handId":724,"id":7243,"length":64.2502,"mcpPosition":[90.6071,275.438,9.3503],"pipPosition":[73.2401,255.278,-26.3873],"stabilizedTipPosition":[71.886,208.961,-3.61958],"timeVisible":43.2039,"tipPosition":[67.6014,224.376,-1.22554],"tipVelocity":[-34.1277,67.3763,-86.2571],"tool":false,"touchDistance":0.333333,"touchZone":"none","type":3,"width":18.027},{"bases":[[[0.80093,-0.563897,-0.201324],[0.551917,0.56492,0.613395],[-0.23216,-0.6024,0.763686]],[[0.736773,-0.674872,-0.0413923],[0.554147,0.637785,-0.534931],[0.387409,0.371186,0.843881]],[[0.736773,-0.674872,-0.0413923],[-0.304059,-0.276026,-0.911788],[0.603915,0.684367,-0.408569]],[[0.736773,-0.674872,-0.0413923],[-0.618019,-0.647345,-0.446091],[0.274259,0.354249,-0.89403]]],"btipPosition":[78.2637,231.16,2.15626],"carpPosition":[94.9932,228.852,52.736],"dipPosition":[82.978,237.249,-13.2113],"direction":[-0.603915,-0.684367,0.408569],"extended":false,"handId":724,"id":7244,"length":50.3709,"mcpPosition":[108.418,263.686,8.57606],"pipPosition":[94.7572,250.597,-21.1803],"stabilizedTipPosition":[83.4547,217.061,-4.48029],"timeVisible":43.2039,"tipPosition":[79.4114,232.542,-0.732033],"tipVelocity":[-32.6387,66.034,-87],"tool":false,"touchDistance":0.333333,"touchZone":"none","type":4,"width":16.013}],"r":[[0.914375,0.147141,0.377184],[-0.242052,0.945465,0.217959],[-0.324543,-0.290594,0.900126]],"s":1.00824,"t":[63.531,85.336,-93.848],"timestamp":524163049846},false],[4,{"currentFrameRate":110.646,"devices":[],"gestures":[],"hands":[{"armBasis":[[0.898914,-0.0370998,-0.436552],[0.197162,0.924069,0.32745],[0.391256,-0.380421,0.837973]],"armWidth":63.5437,"confidence":0.742647,"direction":[0.00301335,0.737586,-0.675246],"elbow":[184.349,122.216,284.413],"grabStrength":0,"id":724,"palmNormal":[-0.220622,-0.65812,-0.719864],"palmPosition":[70.7997,262.678,20.5447],"palmVelocity":[-36.5895,78.0279,-96.3482],"palmWidth":90.7382,"pinchStrength":0.79966,"r":[[0.914394,0.147041,0.377176],[-0.241778,0.945644,0.217489],[-0.324695,-0.290064,0.900242]],"s":1.00865,"sphereCenter":[53.5234,249.858,-20.9229],"sphereRadius":44.6559,"stabilizedPalmPosition":[73.4274,245.5,14.5384],"t":[63.1257,86.1888,-94.868],"timeVisible":43.2128,"type":"right","wrist":[79.0022,224.645,58.7863]}],"id":4321560,"interactionBox":{"center":[0,200,0],"size":[235.247,235.247,147.751]},"pointables":[{"bases":[[[0.590399,0.671748,0.44742],[-0.68747,0.128106,0.714824],[0.422864,-0.729619,0.53744]],[[0.323796,0.935133,0.143817],[-0.799274,0.18902,0.570467],[0.506278,-0.299664,0.808631]],[[0.323796,0.935133,0.143817],[-0.939599,0.3,0.164782],[0.110948,-0.188486,0.975789]],[[0.323796,0.935133,0.143817],[-0.70873,0.340432,-0.617906],[-0.626784,0.0981479,0.772987]]],"btipPosition":[34.541,238.372,-33.5644],"carpPosition":[48.8872,219.337,57.9074],"dipPosition":[19.9126,240.663,-15.5238],"direction":[-0.110948,0.188486,-0.975789],"extended":false,"handId":724,"id":7240,"length":51.9721,"mcpPosition":[48.8872,219.337,57.9074],"pipPosition":[23.685,234.254,17.6542],"stabilizedTipPosition":[34.5513,225.804,-22.4719],"timeVisible":43.2128,"tipPosition":[31.5634,238.775,-29.0885],"tipVelocity":[-42.0854,80.4371,-99.6358],"tool":false,"touchDistance":-0.0966754,"touchZone":"touching","type":0,"width":20.194},{"bases":[[[0.962014,-0.0251556,-0.271838],[0.194329,0.762464,0.617159],[0.191742,-0.646542,0.73839]],[[0.954648,-0.00232144,-0.297729],[0.130282,0.902413,0.410703],[0.267721,-0.430865,0.861789]],[[0.954648,-0.00232144,-0.297729],[0.0692783,0.974255,0.21454],[0.289566,-0.225436,0.930231]],[[0.954648,-0.00232144,-0.297729],[0.0222606,0.997727,0.0635978],[0.296904,-0.0673411,0.95253]]],"btipPosition":[23.4905,311.3,-66.3002],"carpPosition":[61.0662,238.825,63.4459],"dipPosition":[28.5492,310.153,-50.0707],"direction":[-0.289566,0.225436,-0.930231],"extended":true,"handId":724,"id":7241,"length":58.6448,"mcpPosition":[46.9989,286.259,9.27321],"pipPosition":[35.5288,304.719,-27.6489],"stabilizedTipPosition":[23.5302,295.059,-54.4596],"timeVisible":43.2128,"tipPosition":[24.2167,310.367,-62.5915],"tipVelocity":[-28.1413,80.4611,-99.9606],"tool":false,"touchDistance":-0.139141,"touchZone":"touching","type":1,"width":19.2893},{"bases":[[[0.931756,-0.241885,-0.27078],[0.358334,0.732855,0.578378],[0.0585418,-0.635937,0.769517]],[[0.932587,-0.25223,-0.258187],[0.072306,0.831362,-0.551007],[0.353628,0.495194,0.793556]],[[0.932587,-0.25223,-0.258187],[-0.339934,-0.373278,-0.863196],[0.121348,0.892773,-0.433856]],[[0.932587,-0.25223,-0.258187],[-0.340689,-0.85138,-0.398851],[-0.119213,0.459925,-0.879919]]],"btipPosition":[50.6912,226.7,-2.13236],"carpPosition":[72.9691,240.194,60.7578],"dipPosition":[48.4571,235.319,-18.622],"direction":[-0.121348,-0.892773,0.433856],"extended":false,"handId":724,"id":7242,"length":66.821,"mcpPosition":[68.8961,284.439,7.21865],"pipPosition":[51.8983,260.636,-30.9252],"stabilizedTipPosition":[55.1795,211.631,-3.80152],"timeVisible":43.2128,"tipPosition":[50.3637,228.632,-5.21299],"tipVelocity":[-37.4524,75.8938,-96.0587],"tool":false,"touchDistance":0.333333,"touchZone":"none","type":2,"width":18.9446},{"bases":[[[0.900534,-0.387385,-0.197413],[0.425672,0.693055,0.58179],[-0.0885583,-0.607954,0.789018]],[[0.903753,-0.357667,-0.23517],[0.179022,0.814856,-0.551326],[0.388821,0.456162,0.800459]],[[0.903753,-0.357667,-0.23517],[-0.35926,-0.335084,-0.871006],[0.232728,0.871661,-0.431329]],[[0.903753,-0.357667,-0.23517],[-0.425694,-0.808594,-0.406152],[-0.0448896,0.467172,-0.883026]]],"btipPosition":[67.2168,223.291,0.762339],"carpPosition":[84.602,238.423,57.3464],"dipPosition":[66.3804,231.995,-15.6905],"direction":[-0.232728,-0.871661,0.431329],"extended":false,"handId":724,"id":7243,"length":64.2502,"mcpPosition":[90.1339,276.4,8.05915],"pipPosition":[72.8096,256.075,-27.6061],"stabilizedTipPosition":[71.8796,208.982,-3.61879],"timeVisible":43.2128,"tipPosition":[67.1668,225.279,-2.32064],"tipVelocity":[-38.0131,76.415,-96.0028],"tool":false,"touchDistance":0.333333,"touchZone":"none","type":3,"width":18.027},{"bases":[[[0.801436,-0.564297,-0.198163],[0.551048,0.567913,0.611409],[-0.232477,-0.599203,0.766101]],[[0.737265,-0.674538,-0.0379286],[0.554153,0.63589,-0.537176],[0.386464,0.375023,0.842617]],[[0.737265,-0.674538,-0.0379286],[-0.303089,-0.280056,-0.910882],[0.603802,0.683057,-0.410921]],[[0.737265,-0.674538,-0.0379286],[-0.617195,-0.649629,-0.443907],[0.274793,0.350686,-0.89527]]],"btipPosition":[77.8245,232.08,1.0437],"carpPosition":[94.5092,230.006,51.6513],"dipPosition":[82.5479,238.108,-14.3452],"direction":[-0.603802,-0.683057,0.410921],"extended":false,"handId":724,"id":7244,"length":50.3709,"mcpPosition":[107.952,264.654,7.35174],"pipPosition":[94.3249,251.431,-22.3601],"stabilizedTipPosition":[83.4489,217.081,-4.47779],"timeVisible":43.2128,"tipPosition":[78.9724,233.452,-1.85461],"tipVelocity":[-37.067,75.6566,-97.3429],"tool":false,"touchDistance":0.333333,"touchZone":"none","type":4,"width":16.013}],"r":[[0.914394,0.147041,0.377176],[-0.241778,0.945644,0.217489],[-0.324695,-0.290064,0.900242]],"s":1.00865,"t":[63.1257,86.1888,-94.868],"timestamp":524163058797},false],[5,{"currentFrameRate":110.43,"devices":[],"gestures":[],"hands":[{"armBasis":[[0.898984,-0.0413735,-0.436023],[0.199069,0.925355,0.322631],[0.390128,-0.376838,0.840115]],"armWidth":63.5437,"confidence":0.636562,"direction":[0.00675284,0.742594,-0.669708],"elbow":[183.519,123.945,283.706],"grabStrength":0,"id":724,"palmNormal":[-0.222245,-0.651859,-0.725043],"palmPosition":[70.4707,263.76,19.5363],"palmVelocity":[-36.0951,88.4677,-99.3487],"palmWidth":90.7382,"pinchStrength":0.798894,"r":[[0.914427,0.145685,0.377622],[-0.240877,0.945648,0.218467],[-0.32527,-0.290732,0.899819]],"s":1.00907,"sphereCenter":[53.2711,251.298,-22.0759],"sphereRadius":44.6653,"stabilizedPalmPosition":[73.4198,245.547,14.5512],"t":[62.7586,87.1558,-95.8822],"timeVisible":43.2222,"type":"right","wrist":[78.4758,225.41,57.5028]}],"id":4321561,"interactionBox":{"center":[0,200,0],"size":[235.247,235.247,147.751]},"pointables":[{"bases":[[[0.592424,0.666082,0.453177],[-0.687892,0.125437,0.714891],[0.419331,-0.735256,0.532505]],[[0.327624,0.932563,0.151619],[-0.799033,0.187846,0.571192],[0.504192,-0.308285,0.806691]],[[0.327624,0.932563,0.151619],[-0.938464,0.302641,0.166413],[0.109305,-0.19681,0.97433]],[[0.327624,0.932563,0.151619],[-0.708753,0.3487,-0.613251],[-0.624766,0.0934549,0.775199]]],"btipPosition":[34.1081,240.083,-34.8312],"carpPosition":[48.3417,220.226,56.5462],"dipPosition":[19.5268,242.264,-16.7389],"direction":[-0.109305,0.19681,-0.97433],"extended":false,"handId":724,"id":7240,"length":51.9721,"mcpPosition":[48.3417,220.226,56.5462],"pipPosition":[23.2433,235.572,16.3895],"stabilizedTipPosition":[34.5227,225.916,-22.5337],"timeVisible":43.2222,"tipPosition":[31.1471,240.434,-30.3505],"tipVelocity":[-42.8394,108.486,-109.161],"tool":false,"touchDistance":-0.11759,"touchZone":"touching","type":0,"width":20.194},{"bases":[[[0.96226,-0.0268698,-0.270801],[0.19649,0.757069,0.623088],[0.188272,-0.652782,0.733777]],[[0.955218,-0.00440813,-0.295871],[0.133745,0.898357,0.418409],[0.263954,-0.439243,0.858716]],[[0.955218,-0.00440813,-0.295871],[0.0734808,0.972103,0.222749],[0.286635,-0.234515,0.928893]],[[0.955218,-0.00440813,-0.295871],[0.0268654,0.997051,0.0718798],[0.294682,-0.0766096,0.95252]]],"btipPosition":[23.5377,313.293,-66.998],"carpPosition":[60.589,239.624,62.2456],"dipPosition":[28.5586,311.988,-50.7687],"direction":[-0.286635,0.234515,-0.928893],"extended":true,"handId":724,"id":7241,"length":58.6448,"mcpPosition":[46.7762,287.516,8.41131],"pipPosition":[35.4675,306.335,-28.3791],"stabilizedTipPosition":[23.546,295.303,-54.5794],"timeVisible":43.2222,"tipPosition":[24.247,312.328,-63.2951],"tipVelocity":[-18.9294,116.718,-92.5238],"tool":false,"touchDistance":-0.150772,"touchZone":"touching","type":1,"width":19.2893},{"bases":[[[0.931159,-0.243482,-0.271402],[0.360429,0.727112,0.584294],[0.0550746,-0.641892,0.764815]],[[0.931909,-0.253532,-0.259358],[0.0759641,0.835672,-0.543949],[0.354647,0.48721,0.79803]],[[0.931909,-0.253532,-0.259358],[-0.340351,-0.364213,-0.866897],[0.125324,0.896142,-0.425704]],[[0.931909,-0.253532,-0.259358],[-0.343514,-0.846436,-0.406872],[-0.116375,0.468261,-0.875893]]],"btipPosition":[50.249,228.02,-3.5018],"carpPosition":[72.5007,240.967,59.5828],"dipPosition":[48.0682,236.795,-19.916],"direction":[-0.125324,-0.896142,0.425704],"extended":false,"handId":724,"id":7242,"length":66.821,"mcpPosition":[68.6689,285.626,6.37091],"pipPosition":[51.6221,262.207,-31.988],"stabilizedTipPosition":[55.1688,211.668,-3.80839],"timeVisible":43.2222,"tipPosition":[49.9268,229.986,-6.56717],"tipVelocity":[-39.7663,95.2465,-109.55],"tool":false,"touchDistance":0.333333,"touchZone":"none","type":2,"width":18.9446},{"bases":[[[0.899277,-0.389403,-0.199164],[0.427607,0.687025,0.587494],[-0.0919409,-0.613483,0.784337]],[[0.902662,-0.359396,-0.236719],[0.182876,0.818266,-0.544975],[0.38956,0.448638,0.804342]],[[0.902662,-0.359396,-0.236719],[-0.359445,-0.327161,-0.873937],[0.236644,0.873957,-0.424499]],[[0.902662,-0.359396,-0.236719],[-0.428299,-0.803881,-0.412716],[-0.0419651,0.47393,-0.879562]]],"btipPosition":[66.7615,224.535,-0.544903],"carpPosition":[84.131,239.176,56.1731],"dipPosition":[65.9796,233.366,-16.9332],"direction":[-0.236644,-0.873957,0.424499],"extended":false,"handId":724,"id":7243,"length":64.2502,"mcpPosition":[89.8742,277.499,7.17816],"pipPosition":[72.517,257.509,-28.6601],"stabilizedTipPosition":[71.8694,209.016,-3.62014],"timeVisible":43.2222,"tipPosition":[66.722,226.546,-3.61604],"tipVelocity":[-40.5579,93.1422,-107.702],"tool":false,"touchDistance":0.333333,"touchZone":"none","type":3,"width":18.027},{"bases":[[[0.799494,-0.565917,-0.201362],[0.552458,0.561178,0.616335],[-0.235795,-0.604,0.761304]],[[0.734701,-0.677085,-0.0420647],[0.557292,0.637747,-0.531699],[0.386832,0.367198,0.845888]],[[0.734701,-0.677085,-0.0420647],[-0.303003,-0.272045,-0.913335],[0.606962,0.683774,-0.405031]],[[0.734701,-0.677085,-0.0420647],[-0.619132,-0.643889,-0.449536],[0.277289,0.356318,-0.892271]]],"btipPosition":[77.4024,233.28,-0.184305],"carpPosition":[94.0128,230.763,50.4277],"dipPosition":[82.1687,239.405,-15.5216],"direction":[-0.606962,-0.683774,0.405031],"extended":false,"handId":724,"id":7244,"length":50.3709,"mcpPosition":[107.648,265.689,6.4055],"pipPosition":[94.0073,252.742,-23.4216],"stabilizedTipPosition":[83.4398,217.114,-4.47638],"timeVisible":43.2222,"tipPosition":[78.5589,234.669,-3.07311],"tipVelocity":[-38.9565,91.0514,-106.35],"tool":false,"touchDistance":0.333333,"touchZone":"none","type":4,"width":16.013}],"r":[[0.914427,0.145685,0.377622],[-0.240877,0.945648,0.218467],[-0.32527,-0.290732,0.899819]],"s":1.00907,"t":[62.7586,87.1558,-95.8822],"timestamp":524163068235},false],[6,{"currentFrameRate":101.918,"devices":[],"gestures":[],"hands":[{"armBasis":[[0.937256,-0.134449,-0.321675],[0.280929,0.837647,0.468429],[0.20647,-0.529405,0.822861]],"armWidth":63.5437,"confidence":0,"direction":[-0.133187,0.630023,-0.76507],"elbow":[131.799,97.4859,260.245],"grabStrength":0.647957,"id":725,"palmNormal":[-0.301135,-0.761176,-0.574394],"palmPosition":[60.5592,271.847,-2.77359],"palmVelocity":[1.19209e-7,1.19209e-7,1.19209e-7],"palmWidth":90.7382,"pinchStrength":0.897179,"r":[[1,-3.88578e-17,-5.27356e-17],[3.88578e-17,1,-2.22045e-17],[5.27356e-17,2.22045e-17,1]],"s":1,"sphereCenter":[48.4966,256.402,-39.155],"sphereRadius":45.1013,"stabilizedPalmPosition":[60.5592,271.847,-2.77359],"t":[0,0,0],"timeVisible":0,"type":"right","wrist":[76.2064,240.03,38.6875]}],"id":4321564,"interactionBox":{"center":[0,200,0],"size":[235.247,235.247,147.751]},"pointables":[{"bases":[[[0.623312,0.741831,0.247325],[-0.573265,0.218381,0.789732],[0.531837,-0.634032,0.561385]],[[0.367447,0.929995,0.0095617],[-0.707213,0.272718,0.652285],[0.604014,-0.246442,0.757914]],[[0.367447,0.929995,0.0095617],[-0.929818,0.367565,-0.0182725],[-0.0205079,-0.00217648,0.999787]],[[0.367447,0.929995,0.0095617],[-0.801688,0.32193,-0.503643],[-0.471464,0.177397,0.863859]]],"btipPosition":[28.2071,242.258,-48.4962],"carpPosition":[46.5739,234.057,43.3878],"dipPosition":[17.2037,246.399,-28.3347],"direction":[0.0205079,0.00217648,-0.999787],"extended":false,"handId":725,"id":7250,"length":51.9721,"mcpPosition":[46.5739,234.057,43.3878],"pipPosition":[16.5064,246.325,5.65926],"stabilizedTipPosition":[25.6763,243.211,-43.8591],"timeVisible":0,"tipPosition":[25.6763,243.211,-43.8591],"tipVelocity":[1.19209e-7,1.19209e-7,1.19209e-7],"tool":false,"touchDistance":0.875447,"touchZone":"hovering","type":0,"width":20.194},{"bases":[[[0.908468,-0.0459209,-0.415424],[0.254809,0.848719,0.46341],[0.331298,-0.526847,0.782735]],[[0.960973,-0.168869,-0.219119],[0.276232,0.628782,0.726863],[0.0150331,-0.759024,0.65089]],[[0.960973,-0.168869,-0.219119],[0.183999,0.981632,0.0504322],[0.206578,-0.0887817,0.974394]],[[0.960973,-0.168869,-0.219119],[0.0067168,0.80608,-0.591768],[0.276559,0.567202,0.775756]]],"btipPosition":[23.9776,318.032,-77.9337],"carpPosition":[58.6191,254.384,44.0827],"dipPosition":[28.6897,327.696,-64.7161],"direction":[-0.206578,0.0887817,-0.974394],"extended":true,"handId":725,"id":7251,"length":58.6448,"mcpPosition":[34.313,293.037,-13.3434],"pipPosition":[33.6689,325.556,-41.2298],"stabilizedTipPosition":[25.0614,320.255,-74.8936],"timeVisible":0,"tipPosition":[25.0614,320.255,-74.8936],"tipVelocity":[1.19209e-7,1.19209e-7,1.19209e-7],"tool":false,"touchDistance":0.409929,"touchZone":"hovering","type":1,"width":19.2893},{"bases":[[[0.888036,-0.260686,-0.378727],[0.41194,0.816964,0.403578],[0.204199,-0.514405,0.832881]],[[0.891592,-0.269968,-0.363568],[-0.0954069,0.672853,-0.733598],[0.442675,0.688757,0.574153]],[[0.891592,-0.269968,-0.363568],[-0.424389,-0.218052,-0.878833],[0.15798,0.937854,-0.308984]],[[0.891592,-0.269968,-0.363568],[-0.450433,-0.611387,-0.650628],[-0.0466317,0.743857,-0.66671]]],"btipPosition":[30.801,217.725,-24.9258],"carpPosition":[69.8923,255.577,39.3634],"dipPosition":[29.9271,231.664,-37.42],"direction":[-0.15798,-0.937854,0.308984],"extended":false,"handId":725,"id":7252,"length":66.821,"mcpPosition":[55.6851,291.366,-18.5842],"pipPosition":[34.407,258.26,-46.182],"stabilizedTipPosition":[30.6,220.931,-27.7995],"timeVisible":0,"tipPosition":[30.6,220.931,-27.7995],"tipVelocity":[1.19209e-7,1.19209e-7,1.19209e-7],"tool":false,"touchDistance":0.333333,"touchZone":"none","type":2,"width":18.9446},{"bases":[[[0.874809,-0.394383,-0.281373],[0.480633,0.779437,0.401833],[0.060836,-0.486764,0.871412]],[[0.872761,-0.380587,-0.305683],[-0.00514987,0.618997,-0.785377],[0.488121,0.68702,0.538276]],[[0.872761,-0.380587,-0.305683],[-0.426998,-0.291743,-0.855896],[0.236562,0.877519,-0.417132]],[[0.872761,-0.380587,-0.305683],[-0.487582,-0.6495,-0.58345],[0.0235118,0.658257,-0.752426]]],"btipPosition":[48.399,216.842,-18.4475],"carpPosition":[80.9211,253.553,34.4273],"dipPosition":[48.8371,229.107,-32.4669],"direction":[-0.236562,-0.877519,0.417132],"extended":false,"handId":725,"id":7253,"length":64.2502,"mcpPosition":[77.1209,283.96,-20.0069],"pipPosition":[55.3722,253.349,-43.9903],"stabilizedTipPosition":[48.4998,219.663,-21.6719],"timeVisible":0,"tipPosition":[48.4998,219.663,-21.6719],"tipVelocity":[1.19209e-7,1.19209e-7,1.19209e-7],"tool":false,"touchDistance":0.333333,"touchZone":"none","type":3,"width":18.027},{"bases":[[[0.78445,-0.571398,-0.241126],[0.61432,0.662521,0.428576],[-0.0851367,-0.484325,0.870736]],[[0.780425,-0.590281,-0.206166],[0.211118,0.559145,-0.801739],[0.588528,0.582172,0.56099]],[[0.780425,-0.590281,-0.206166],[-0.397812,-0.214388,-0.892067],[0.482371,0.778207,-0.402135]],[[0.780425,-0.590281,-0.206166],[-0.567352,-0.529979,-0.630265],[0.26277,0.608843,-0.748506]]],"btipPosition":[60.4226,226.42,-20.9405],"carpPosition":[90.1771,244.586,28.4812],"dipPosition":[64.9394,236.885,-33.8066],"direction":[-0.482371,-0.778207,0.402135],"extended":false,"handId":725,"id":7254,"length":50.3709,"mcpPosition":[95.1002,272.592,-21.8689],"pipPosition":[74.3479,252.064,-41.6501],"stabilizedTipPosition":[61.4615,228.827,-23.8997],"timeVisible":0,"tipPosition":[61.4615,228.827,-23.8997],"tipVelocity":[1.19209e-7,1.19209e-7,1.19209e-7],"tool":false,"touchDistance":0.333333,"touchZone":"none","type":4,"width":16.013}],"r":[[1,-3.88578e-17,-5.27356e-17],[3.88578e-17,1,-2.22045e-17],[5.27356e-17,2.22045e-17,1]],"s":1,"t":[0,0,0],"timestamp":524163113017},false],[7,{"currentFrameRate":102.291,"devices":[],"gestures":[],"hands":[{"armBasis":[[0.931579