{"sensorType":"Leap","data":[[0,{"currentFrameRate":106.717,"devices":[],"gestures":[],"hands":[{"armBasis":[[0.885201,-0.12622,-0.447759],[0.297127,0.893994,0.335396],[0.357961,-0.429934,0.828867]],"armWidth":63.5437,"confidence":0.714185,"direction":[0.0275765,0.716078,-0.697475],"elbow":[160.089,91.8483,284.45],"grabStrength":0,"id":724,"palmNormal":[-0.313926,-0.656237,-0.686151],"palmPosition":[56.6255,245.152,22.3311],"palmVelocity":[92.1958,244.764,-213.117],"palmWidth":90.7382,"pinchStrength":0.831021,"r":[[0.942113,0.0661356,0.328709],[-0.135405,0.971903,0.192538],[-0.30674,-0.225902,0.924597]],"s":1.02679,"sphereCenter":[37.4868,234.033,-16.7924],"sphereRadius":45.0935,"stabilizedPalmPosition":[50.4666,234.391,35.8535],"t":[47.7413,67.4558,-92.2469],"timeVisible":17.0193,"type":"right","wrist":[63.7073,207.609,61.2752]}],"id":4318725,"interactionBox":{"center":[0,200,0],"size":[235.247,235.247,147.751]},"pointables":[{"bases":[[[0.668059,0.630965,0.394437],[-0.634157,0.205461,0.745406],[0.389284,-0.748111,0.53739]],[[0.46605,0.870814,0.156466],[-0.689575,0.246711,0.680897],[0.554332,-0.425226,0.715471]],[[0.46605,0.870814,0.156466],[-0.884326,0.452952,0.113143],[0.027655,-0.191097,0.981181]],[[0.46605,0.870814,0.156466],[-0.488289,0.400629,-0.775287],[-0.737815,0.284922,0.611922]]],"btipPosition":[21.9366,225.876,-21.117],"carpPosition":[33.2515,204.861,62.1417],"dipPosition":[4.71685,232.526,-6.83541],"direction":[-0.027655,0.191097,-0.981182],"extended":false,"handId":724,"id":7240,"length":51.9721,"mcpPosition":[33.2515,204.861,62.1417],"pipPosition":[5.65716,226.028,26.526],"stabilizedTipPosition":[4.24638,211.472,11.454],"timeVisible":17.0193,"tipPosition":[18.5986,227.587,-17.4043],"tipVelocity":[100.46,237.758,-252.659],"tool":false,"touchDistance":-0.629991,"touchZone":"hovering","type":0,"width":20.194},{"bases":[[[0.940204,-0.11427,-0.320872],[0.290848,0.759616,0.581713],[0.177268,-0.640254,0.747429]],[[0.947362,-0.143597,-0.286155],[0.265504,0.85184,0.451527],[0.17892,-0.503735,0.845126]],[[0.947362,-0.143597,-0.286155],[0.212511,0.950532,0.226559],[0.239466,-0.275445,0.931014]],[[0.947362,-0.143597,-0.286155],[0.163156,0.985546,0.0455905],[0.275472,-0.0898784,0.957098]]],"btipPosition":[16.1638,300.11,-63.3761],"carpPosition":[47.3003,223.385,66.416],"dipPosition":[20.8574,298.578,-47.0688],"direction":[-0.239466,0.275445,-0.931014],"extended":true,"handId":724,"id":7241,"length":58.6448,"mcpPosition":[34.2949,270.357,11.5801],"pipPosition":[26.6293,291.939,-24.6281],"stabilizedTipPosition":[13.1281,291.76,-51.9153],"timeVisible":17.0193,"tipPosition":[16.9172,298.372,-59.8174],"tipVelocity":[118.637,264.793,-220.949],"tool":false,"touchDistance":-0.603924,"touchZone":"hovering","type":1,"width":19.2893},{"bases":[[[0.892059,-0.32753,-0.311377],[0.449435,0.715121,0.53536],[0.0473254,-0.617516,0.785133]],[[0.892159,-0.328868,-0.309675],[0.0618867,0.768065,-0.637375],[0.447462,0.549475,0.705588]],[[0.892159,-0.328868,-0.309675],[-0.435537,-0.444391,-0.782831],[0.119831,0.833285,-0.539701]],[[0.892159,-0.328868,-0.309675],[-0.418751,-0.859213,-0.293938],[-0.16941,0.391916,-0.904269]]],"btipPosition":[34.0865,209.24,6.77631],"carpPosition":[59.1107,223.662,63.0667],"dipPosition":[30.9117,216.584,-10.1697],"direction":[-0.119831,-0.833285,0.539701],"extended":false,"handId":724,"id":7242,"length":66.821,"mcpPosition":[55.818,266.626,8.44116],"pipPosition":[34.3099,240.214,-25.4744],"stabilizedTipPosition":[20.4553,195.075,28.6025],"timeVisible":17.0193,"tipPosition":[33.5146,210.809,3.5418],"tipVelocity":[122.219,234.733,-237.348],"tool":false,"touchDistance":0.333333,"touchZone":"none","type":2,"width":18.9446},{"bases":[[[0.852864,-0.467804,-0.23191],[0.5133,0.669843,0.536501],[-0.0956338,-0.576602,0.811409]],[[0.854593,-0.456281,-0.247949],[0.169176,0.696043,-0.697785],[0.49097,0.554375,0.672025]],[[0.854593,-0.456281,-0.247949],[-0.464604,-0.458505,-0.757572],[0.23198,0.762614,-0.603825]],[[0.854593,-0.456281,-0.247949],[-0.511999,-0.820111,-0.255491],[-0.0867701,0.345291,-0.934476]]],"btipPosition":[49.6571,204.633,12.5727],"carpPosition":[70.3505,220.817,59.1091],"dipPosition":[48.0403,211.067,-4.83873],"direction":[-0.23198,-0.762614,0.603825],"extended":false,"handId":724,"id":7243,"length":64.2502,"mcpPosition":[76.3245,256.835,8.42311],"pipPosition":[54.4489,232.134,-21.5196],"stabilizedTipPosition":[40.6965,194.091,24.6109],"timeVisible":17.0193,"tipPosition":[49.5132,206.017,9.0513],"tipVelocity":[123.163,241.922,-225.629],"tool":false,"touchDistance":0.333333,"touchZone":"none","type":3,"width":18.027},{"bases":[[[0.739449,-0.635599,-0.221875],[0.629223,0.535338,0.563464],[-0.239358,-0.556262,0.795789]],[[0.684766,-0.724781,-0.07608],[0.483207,0.529703,-0.697084],[0.545533,0.440577,0.712942]],[[0.684766,-0.724781,-0.07608],[-0.477172,-0.367009,-0.798505],[0.550819,0.583093,-0.597161]],[[0.684766,-0.724781,-0.07608],[-0.711174,-0.641791,-0.286941],[0.159142,0.250594,-0.954922]]],"btipPosition":[60.3188,212.385,10.0786],"carpPosition":[79.1932,211.436,53.1725],"dipPosition":[63.0543,216.693,-6.3356],"direction":[-0.550819,-0.583093,0.597161],"extended":false,"handId":724,"id":7244,"length":50.3709,"mcpPosition":[93.0341,243.601,7.15626],"pipPosition":[73.7979,228.066,-17.983],"stabilizedTipPosition":[54.3514,203.102,18.5804],"timeVisible":17.0193,"tipPosition":[61.0499,213.292,6.80659],"tipVelocity":[119.574,250.513,-221.25],"tool":false,"touchDistance":0.333333,"touchZone":"none","type":4,"width":16.013}],"r":[[0.942113,0.0661356,0.328709],[-0.135405,0.971903,0.192538],[-0.30674,-0.225902,0.924597]],"s":1.02679,"t":[47.7413,67.4558,-92.2469],"timestamp":524136865272},false],[1,{"currentFrameRate":106.811,"devices":[],"gestures":[],"hands":[{"armBasis":[[0.89084,-0.123259,-0.437278],[0.293544,0.89077,0.346931],[0.346752,-0.43742,0.829715]],"armWidth":63.5437,"confidence":0.740564,"direction":[0.0273355,0.716229,-0.69733],"elbow":[157.804,91.4888,283.049],"grabStrength":0,"id":724,"palmNormal":[-0.308837,-0.657412,-0.687335],"palmPosition":[57.3548,246.782,20.6779],"palmVelocity":[88.6048,225.946,-203.823],"palmWidth":90.7382,"pinchStrength":0.824733,"r":[[0.94003,0.0706172,0.333703],[-0.141571,0.970862,0.193349],[-0.310326,-0.228997,0.922637]],"s":1.02899,"sphereCenter":[38.4485,235.608,-18.5358],"sphereRadius":45.1228,"stabilizedPalmPosition":[51.9234,237.012,32.644],"t":[48.5084,69.3007,-94.0008],"timeVisible":17.0285,"type":"right","wrist":[64.4403,209.265,59.6457]}],"id":4318726,"interactionBox":{"center":[0,200,0],"size":[235.247,235.247,147.751]},"pointables":[{"bases":[[[0.664134,0.633545,0.396922],[-0.637688,0.202927,0.743085],[0.390232,-0.74662,0.538775]],[[0.46181,0.872801,0.157957],[-0.693724,0.244448,0.67749],[0.552701,-0.42245,0.718371]],[[0.46181,0.872801,0.157957],[-0.88642,0.447824,0.117102],[0.0314694,-0.194095,0.980478]],[[0.46181,0.872801,0.157957],[-0.4922,0.400319,-0.772971],[-0.737883,0.279219,0.614464]]],"btipPosition":[22.6307,227.51,-23.0382],"carpPosition":[33.9926,206.398,60.4003],"dipPosition":[5.40943,234.026,-8.69732],"direction":[-0.0314694,0.194095,-0.980478],"extended":false,"handId":724,"id":7240,"length":51.9721,"mcpPosition":[33.9926,206.398,60.4003],"pipPosition":[6.47943,227.427,24.6401],"stabilizedTipPosition":[6.1346,213.768,7.37035],"timeVisible":17.0285,"tipPosition":[19.3317,229.133,-19.2981],"tipVelocity":[93.4795,220.057,-240.05],"tool":false,"touchDistance":-0.623939,"touchZone":"hovering","type":0,"width":20.194},{"bases":[[[0.941815,-0.110569,-0.317425],[0.285738,0.760708,0.582819],[0.177026,-0.639608,0.74804]],[[0.948981,-0.139968,-0.282567],[0.26087,0.851884,0.454138],[0.177149,-0.504682,0.844935]],[[0.948981,-0.139968,-0.282567],[0.209025,0.950152,0.231345],[0.2361,-0.278606,0.930933]],[[0.948981,-0.139968,-0.282567],[0.160825,0.985618,0.0518988],[0.271239,-0.0946947,0.957843]]],"btipPosition":[17.0634,301.853,-65.1123],"carpPosition":[47.953,224.976,64.7271],"dipPosition":[21.6848,300.239,-48.7923],"direction":[-0.2361,0.278606,-0.930933],"extended":true,"handId":724,"id":7241,"length":58.6448,"mcpPosition":[34.9654,271.901,9.84641],"pipPosition":[27.3757,293.524,-26.3535],"stabilizedTipPosition":[14.4503,294.332,-54.4135],"timeVisible":17.0285,"tipPosition":[17.8065,300.108,-61.5578],"tipVelocity":[112.331,243.209,-211.903],"tool":false,"touchDistance":-0.597864,"touchZone":"hovering","type":1,"width":19.2893},{"bases":[[[0.89447,-0.324017,-0.308118],[0.444667,0.716836,0.537045],[0.046858,-0.617381,0.785268]],[[0.894568,-0.325339,-0.306435],[0.0612838,0.768458,-0.636959],[0.44271,0.551024,0.707376]],[[0.894568,-0.325339,-0.306435],[-0.430899,-0.44583,-0.784578],[0.118636,0.833901,-0.539013]],[[0.894568,-0.325339,-0.306435],[-0.414333,-0.860749,-0.295702],[-0.167561,0.391491,-0.904797]]],"btipPosition":[35.0104,210.784,5.02593],"carpPosition":[59.7745,225.3,61.4212],"dipPosition":[31.8703,218.121,-11.93],"direction":[-0.118636,-0.833901,0.539013],"extended":false,"handId":724,"id":7242,"length":66.821,"mcpPosition":[56.5143,268.254,6.78631],"pipPosition":[35.2346,241.768,-27.2151],"stabilizedTipPosition":[22.5584,197.72,24.4252],"timeVisible":17.0285,"tipPosition":[34.4432,212.354,1.78375],"tipVelocity":[116.398,216.037,-224.308],"tool":false,"touchDistance":0.333333,"touchZone":"none","type":2,"width":18.9446},{"bases":[[[0.855533,-0.464448,-0.228803],[0.508703,0.671809,0.538418],[-0.0963556,-0.577028,0.811021]],[[0.857285,-0.452846,-0.244936],[0.168883,0.696776,-0.697124],[0.486355,0.556268,0.673813]],[[0.857285,-0.452846,-0.244936],[-0.460056,-0.460249,-0.759289],[0.23111,0.763611,-0.602898]],[[0.857285,-0.452846,-0.244936],[-0.507816,-0.822093,-0.257463],[-0.084769,0.345101,-0.93473]]],"btipPosition":[50.5838,206.234,10.892],"carpPosition":[71.0398,222.499,57.5047],"dipPosition":[49.0044,212.664,-6.52413],"direction":[-0.23111,-0.763611,0.602898],"extended":false,"handId":724,"id":7243,"length":64.2502,"mcpPosition":[77.0588,258.544,6.84299],"pipPosition":[55.3888,233.759,-23.1794],"stabilizedTipPosition":[42.5255,196.707,21.207],"timeVisible":17.0285,"tipPosition":[50.4438,207.62,7.36542],"tipVelocity":[117.181,222.946,-213.708],"tool":false,"touchDistance":0.333333,"touchZone":"none","type":3,"width":18.027},{"bases":[[[0.742739,-0.632687,-0.219195],[0.625052,0.537756,0.565799],[-0.2401,-0.557249,0.794874]],[[0.687611,-0.722397,-0.0730291],[0.485372,0.53213,-0.693723],[0.540005,0.441566,0.71653]],[[0.687611,-0.722397,-0.0730291],[-0.471368,-0.367628,-0.801662],[0.552271,0.585655,-0.5933]],[[0.687611,-0.722397,-0.0730291],[-0.707502,-0.644015,-0.291008],[0.163191,0.251768,-0.953929]]],"btipPosition":[61.2063,214.055,8.34026],"carpPosition":[79.9409,213.153,51.6001],"dipPosition":[64.0114,218.382,-8.05692],"direction":[-0.552271,-0.585655,0.5933],"extended":false,"handId":724,"id":7244,"length":50.3709,"mcpPosition":[93.8246,245.376,5.63676],"pipPosition":[74.7833,229.805,-19.629],"stabilizedTipPosition":[55.9873,205.708,15.5243],"timeVisible":17.0285,"tipPosition":[61.9516,214.961,5.08589],"tipVelocity":[113.63,231.397,-212.156],"tool":false,"touchDistance":0.333333,"touchZone":"none","type":4,"width":16.013}],"r":[[0.94003,0.0706172,0.333703],[-0.141571,0.970862,0.193349],[-0.310326,-0.228997,0.922637]],"s":1.02899,"t":[48.5084,69.3007,-94.0008],"timestamp":524136874463},false],[2,{"currentFrameRate":107.039,"devices":[],"gestures":[],"hands":[{"armBasis":[[0.889865,-0.113154,-0.441969],[0.284383,0.895093,0.343415],[0.356744,-0.431282,0.828692]],"armWidth":63.5437,"confidence":0.71029,"direction":[0.0287648,0.719278,-0.694127],"elbow":[161.181,95.2327,280.87],"grabStrength":0,"id":724,"palmNormal":[-0.299287,-0.65636,-0.692545],"palmPosition":[58.1367,248.993,18.8724],"palmVelocity":[88.3284,231.863,-203.4],"palmWidth":90.7382,"pinchStrength":0.822666,"r":[[0.937685,0.0750227,0.339292],[-0.147973,0.96967,0.194537],[-0.314406,-0.232621,0.920346]],"s":1.0309,"sphereCenter":[39.6432,237.881,-20.5584],"sphereRadius":45.1422,"stabilizedPalmPosition":[53.2175,239.507,29.7758],"t":[49.2829,71.3284,-95.7805],"timeVisible":17.0374,"type":"right","wrist":[65.1269,211.356,57.7422]}],"id":4318727,"interactionBox":{"center":[0,200,0],"size":[235.247,235.247,147.751]},"pointables":[{"bases":[[[0.657082,0.635809,0.404957],[-0.644936,0.196048,0.738663],[0.390258,-0.746533,0.538876]],[[0.454849,0.875177,0.164855],[-0.701128,0.237766,0.672225],[0.549119,-0.421346,0.721759]],[[0.454849,0.875177,0.164855],[-0.890082,0.440625,0.116637],[0.0294393,-0.199787,0.979397]],[[0.454849,0.875177,0.164855],[-0.490681,0.400759,-0.773708],[-0.743199,0.271029,0.611718]]],"btipPosition":[23.7012,229.747,-25.2709],"carpPosition":[34.6917,208.305,58.2353],"dipPosition":[6.35583,236.073,-10.9942],"direction":[-0.0294393,0.199787,-0.979397],"extended":false,"handId":724,"id":7240,"length":51.9721,"mcpPosition":[34.6917,208.305,58.2353],"pipPosition":[7.35681,229.279,22.3066],"stabilizedTipPosition":[7.87978,216.009,3.5968],"timeVisible":17.0374,"tipPosition":[20.3927,231.303,-21.5461],"tipVelocity":[99.8192,227.056,-243.252],"tool":false,"touchDistance":-0.623591,"touchZone":"hovering","type":0,"width":20.194},{"bases":[[[0.94502,-0.103664,-0.310148],[0.276428,0.759952,0.588269],[0.174715,-0.641659,0.746825]],[[0.952088,-0.133224,-0.275283],[0.25229,0.850908,0.460767],[0.172855,-0.508141,0.84375]],[[0.952088,-0.133224,-0.275283],[0.202138,0.949609,0.239547],[0.229498,-0.283715,0.931041]],[[0.952088,-0.133224,-0.275283],[0.155602,0.985933,0.0610181],[0.263281,-0.100929,0.959425]]],"btipPosition":[18.2639,304.353,-66.9762],"carpPosition":[48.5054,226.948,62.7529],"dipPosition":[22.7498,302.633,-50.6292],"direction":[-0.229498,0.283715,-0.931041],"extended":true,"handId":724,"id":7241,"length":58.6448,"mcpPosition":[35.6872,274.024,7.96132],"pipPosition":[28.2815,295.794,-28.1879],"stabilizedTipPosition":[15.7077,296.83,-56.6978],"timeVisible":17.0374,"tipPosition":[18.9895,302.607,-63.4251],"tipVelocity":[117.422,252.514,-210.871],"tool":false,"touchDistance":-0.594276,"touchZone":"hovering","type":1,"width":19.2893},{"bases":[[[0.898872,-0.317426,-0.302108],[0.435984,0.717214,0.543619],[0.0441174,-0.620359,0.783076]],[[0.898961,-0.318699,-0.3005],[0.0623529,0.772146,-0.632378],[0.433568,0.549746,0.714001]],[[0.898961,-0.318699,-0.3005],[-0.421678,-0.443964,-0.790622],[0.118559,0.837453,-0.533495]],[[0.898961,-0.318699,-0.3005],[-0.4069,-0.861578,-0.303505],[-0.162177,0.395112,-0.904204]]],"btipPosition":[36.1186,212.94,2.8165],"carpPosition":[60.3512,227.356,59.5454],"dipPosition":[33.0794,220.344,-14.1283],"direction":[-0.118559,-0.837453,0.533495],"extended":false,"handId":724,"id":7242,"length":66.821,"mcpPosition":[57.2818,270.517,5.06294],"pipPosition":[36.4415,244.092,-29.257],"stabilizedTipPosition":[24.4958,200.269,20.5828],"timeVisible":17.0374,"tipPosition":[35.5703,214.523,-0.419995],"tipVelocity":[119.221,223.458,-230.561],"tool":false,"touchDistance":0.333333,"touchZone":"none","type":2,"width":18.9446},{"bases":[[[0.860126,-0.458414,-0.223694],[0.500275,0.672561,0.545332],[-0.0995398,-0.580963,0.807821]],[[0.861959,-0.446602,-0.239944],[0.170378,0.700934,-0.692577],[0.477491,0.556091,0.680268]],[[0.861959,-0.446602,-0.239944],[-0.451056,-0.459474,-0.765136],[0.231463,0.767744,-0.59749]],[[0.861959,-0.446602,-0.239944],[-0.500751,-0.823934,-0.265295],[-0.0792166,0.348825,-0.933834]]],"btipPosition":[51.6893,208.442,8.84335],"carpPosition":[71.6647,224.637,55.7099],"dipPosition":[50.2133,214.942,-8.55612],"direction":[-0.231463,-0.767744,0.59749],"extended":false,"handId":724,"id":7243,"length":64.2502,"mcpPosition":[77.8826,260.928,5.24802],"pipPosition":[56.6076,236.151,-25.062],"stabilizedTipPosition":[44.2008,199.219,18.1001],"timeVisible":17.0374,"tipPosition":[51.5646,209.847,5.32039],"tipVelocity":[119.727,230.12,-217.902],"tool":false,"touchDistance":0.333333,"touchZone":"none","type":3,"width":18.027},{"bases":[[[0.748262,-0.627356,-0.215703],[0.617193,0.539087,0.573113],[-0.243263,-0.561969,0.790578]],[[0.692276,-0.718237,-0.0699264],[0.489027,0.538183,-0.686449],[0.530666,0.441016,0.723808]],[[0.692276,-0.718237,-0.0699264],[-0.461572,-0.366225,-0.80798],[0.554712,0.591621,-0.585046]],[[0.692276,-0.718237,-0.0699264],[-0.701174,-0.646574,-0.300494],[0.170613,0.257055,-0.951217]]],"btipPosition":[62.2717,216.356,6.36426],"carpPosition":[80.6692,215.369,49.84],"dipPosition":[65.2044,220.775,-9.9863],"direction":[-0.554712,-0.591621,0.585046],"extended":false,"handId":724,"id":7244,"length":50.3709,"mcpPosition":[94.7359,247.865,4.12502],"pipPosition":[76.0239,232.314,-21.3974],"stabilizedTipPosition":[57.4837,208.216,12.746],"timeVisible":17.0374,"tipPosition":[63.0423,217.278,3.12686],"tipVelocity":[116.088,239.244,-214.342],"tool":false,"touchDistance":0.333333,"touchZone":"none","type":4,"width":16.013}],"r":[[0.937685,0.0750227,0.339292],[-0.147973,0.96967,0.194537],[-0.314406,-0.232621,0.920346]],"s":1.0309,"t":[49.2829,71.3284,-95.7805],"timestamp":524136883389},false],[3,{"currentFrameRate":107.092,"devices":[],"gestures":[],"hands":[{"armBasis":[[0.895704,-0.108571,-0.431192],[0.274614,0.897762,0.3444],[0.349716,-0.426892,0.833944]],"armWidth":63.5437,"confidence":0.710737,"direction":[0.0313489,0.721887,-0.691301],"elbow":[159.81,98.5057,279.886],"grabStrength":0,"id":724,"palmNormal":[-0.287933,-0.655798,-0.69787],"palmPosition":[58.8199,251.176,16.5345],"palmVelocity":[84.2859,233.08,-217.327],"palmWidth":90.7382,"pinchStrength":0.820102,"r":[[0.934955,0.079476,0.345748],[-0.154729,0.968356,0.195818],[-0.319245,-0.236579,0.917667]],"s":1.03249,"sphereCenter":[40.8316,240.076,-23.1543],"sphereRadius":45.1609,"stabilizedPalmPosition":[54.4103,241.992,26.9566],"t":[50.0117,73.4336,-97.8394],"timeVisible":17.0466,"type":"right","wrist":[65.648,213.447,55.3441]}],"id":4318728,"interactionBox":{"center":[0,200,0],"size":[235.247,235.247,147.751]},"pointables":[{"bases":[[[0.648802,0.638527,0.413931],[-0.653765,0.189355,0.732623],[0.38942,-0.745941,0.540301]],[[0.447422,0.877538,0.172452],[-0.709643,0.231014,0.665611],[0.544261,-0.420189,0.7261]],[[0.447422,0.877538,0.172452],[-0.893956,0.433324,0.114336],[0.0256068,-0.205322,0.97836]],[[0.447422,0.877538,0.172452],[-0.487593,0.40101,-0.775528],[-0.749711,0.262902,0.607303]]],"btipPosition":[24.763,231.964,-28.0723],"carpPosition":[35.2293,210.202,55.5117],"dipPosition":[7.26562,238.1,-13.8986],"direction":[-0.0256068,0.205322,-0.97836],"extended":false,"handId":724,"id":7240,"length":51.9721,"mcpPosition":[35.2293,210.202,55.5117],"pipPosition":[8.13629,231.119,19.3668],"stabilizedTipPosition":[9.57209,218.294,-0.142057],"timeVisible":17.0466,"tipPosition":[21.4401,233.438,-24.3803],"tipVelocity":[102.991,229.336,-260.79],"tool":false,"touchDistance":-0.631942,"touchZone":"hovering","type":0,"width":20.194},{"bases":[[[0.948813,-0.0965833,-0.300708],[0.265493,0.75961,0.593722],[0.171077,-0.643167,0.74637]],[[0.955715,-0.126254,-0.265834],[0.242215,0.85051,0.466866],[0.167151,-0.51058,0.843427]],[[0.955715,-0.126254,-0.265834],[0.194073,0.949434,0.246803],[0.221232,-0.287464,0.931891]],[[0.955715,-0.126254,-0.265834],[0.149475,0.98636,0.0689312],[0.253506,-0.105614,0.961551]]],"btipPosition":[19.5122,306.706,-69.5021],"carpPosition":[48.8766,228.916,60.2364],"dipPosition":[23.8315,304.906,-53.1189],"direction":[-0.221232,0.287464,-0.931891],"extended":true,"handId":724,"id":7241,"length":58.6448,"mcpPosition":[36.3253,276.102,5.47826],"pipPosition":[29.1639,297.977,-30.6571],"stabilizedTipPosition":[16.9741,299.327,-59.083],"timeVisible":17.0466,"tipPosition":[20.2155,304.967,-65.9491],"tipVelocity":[121.216,252.549,-228.159],"tool":false,"touchDistance":-0.600946,"touchZone":"hovering","type":1,"width":19.2893},{"bases":[[[0.903948,-0.31066,-0.293886],[0.42577,0.718041,0.550579],[0.0399793,-0.622822,0.781341]],[[0.904025,-0.311885,-0.292347],[0.0643743,0.77541,-0.628168],[0.422605,0.54906,0.721067]],[[0.904025,-0.311885,-0.292347],[-0.41053,-0.442743,-0.797147],[0.119184,0.840658,-0.528289]],[[0.904025,-0.311885,-0.292347],[-0.398369,-0.862705,-0.311515],[-0.155053,0.398079,-0.904152]]],"btipPosition":[37.1831,215.052,0.056723],"carpPosition":[60.7521,229.41,57.1531],"dipPosition":[34.2774,222.512,-16.8871],"direction":[-0.119184,-0.840658,0.528289],"extended":false,"handId":724,"id":7242,"length":66.821,"mcpPosition":[57.9705,272.742,2.7914],"pipPosition":[37.6572,246.351,-31.8682],"stabilizedTipPosition":[26.3524,202.818,16.8103],"timeVisible":17.0466,"tipPosition":[36.6594,216.646,-3.17789],"tipVelocity":[119.023,225.273,-249.671],"tool":false,"touchDistance":0.333333,"touchZone":"none","type":2,"width":18.9446},{"bases":[[[0.865293,-0.452166,-0.216365],[0.490323,0.673791,0.552802],[-0.104174,-0.584424,0.804734]],[[0.867245,-0.440099,-0.232806],[0.173071,0.704915,-0.687853],[0.466832,0.556245,0.687502]],[[0.867245,-0.440099,-0.232806],[-0.440112,-0.459028,-0.771748],[0.23278,0.771755,-0.591783]],[[0.867245,-0.440099,-0.232806],[-0.492678,-0.826007,-0.273826],[-0.071789,0.352173,-0.933178]]],"btipPosition":[52.7359,210.618,6.25961],"carpPosition":[72.1217,226.777,53.4255],"dipPosition":[51.3983,217.18,-11.1276],"direction":[-0.23278,-0.771755,0.591783],"extended":false,"handId":724,"id":7243,"length":64.2502,"mcpPosition":[78.6291,263.284,3.15649],"pipPosition":[57.8289,238.5,-27.4758],"stabilizedTipPosition":[45.8013,201.73,15.0188],"timeVisible":17.0466,"tipPosition":[52.6323,212.039,2.74276],"tipVelocity":[118.877,232.041,-235.139],"tool":false,"touchDistance":0.333333,"touchZone":"none","type":3,"width":18.027},{"bases":[[[0.75443,-0.621841,-0.210117],[0.607796,0.540962,0.58133],[-0.247829,-0.566281,0.78607]],[[0.697182,-0.713986,-0.0645152],[0.494882,0.544432,-0.677264],[0.518681,0.440248,0.732906]],[[0.697182,-0.713986,-0.0645152],[-0.448824,-0.364538,-0.815885],[0.559012,0.597776,-0.574604]],[[0.697182,-0.713986,-0.0645152],[-0.693694,-0.649172,-0.312033],[0.180906,0.262298,-0.947878]]],"btipPosition":[63.2735,218.64,3.82015],"carpPosition":[81.2452,217.586,47.6171],"dipPosition":[66.3831,223.148,-12.473],"direction":[-0.559012,-0.597776,0.574604],"extended":false,"handId":724,"id":7244,"length":50.3709,"mcpPosition":[95.5758,250.331,2.16279],"pipPosition":[77.2865,234.808,-23.6805],"stabilizedTipPosition":[58.9152,210.738,9.95695],"timeVisible":17.0466,"tipPosition":[64.0802,219.575,0.619383],"tipVelocity":[115.168,242.078,-231.06],"tool":false,"touchDistance":0.333333,"touchZone":"none","type":4,"width":16.013}],"r":[[0.934955,0.079476,0.345748],[-0.154729,0.968356,0.195818],[-0.319245,-0.236579,0.917667]],"s":1.03249,"t":[50.0117,73.4336,-97.8394],"timestamp":524136892630},false],[4,{"currentFrameRate":107.363,"devices":[],"gestures":[],"hands":[{"armBasis":[[0.905116,-0.100213,-0.413186],[0.268148,0.888721,0.37185],[0.329943,-0.447362,0.831267]],"armWidth":63.5437,"confidence":0.710908,"direction":[0.0334404,0.724444,-0.688522],"elbow":[155.054,94.8374,277.312],"grabStrength":0,"id":724,"palmNormal":[-0.277671,-0.655051,-0.702714],"palmPosition":[59.5225,253.113,14.7487],"palmVelocity":[83.0399,229.443,-213.315],"palmWidth":90.7382,"pinchStrength":0.816809,"r":[[0.93198,0.0838667,0.352675],[-0.161629,0.966952,0.197178],[-0.324483,-0.240769,0.914736]],"s":1.03383,"sphereCenter":[42.0221,242.02,-25.1811],"sphereRadius":45.1725,"stabilizedPalmPosition":[55.4476,244.248,24.4794],"t":[50.7275,75.4547,-99.7616],"timeVisible":17.0555,"type":"right","wrist":[66.2163,215.291,53.4907]}],"id":4318729,"interactionBox":{"center":[0,200,0],"size":[235.247,235.247,147.751]},"pointables":[{"bases":[[[0.641221,0.640871,0.422042],[-0.66155,0.182998,0.72723],[0.388828,-0.745517,0.54131]],[[0.440401,0.879724,0.179255],[-0.717695,0.225007,0.659003],[0.539407,-0.418877,0.730467]],[[0.440401,0.879724,0.179255],[-0.89751,0.426308,0.112862],[0.0228698,-0.210588,0.977307]],[[0.440401,0.879724,0.179255],[-0.486874,0.401771,-0.775586],[-0.754321,0.254294,0.605255]]],"btipPosition":[25.7929,233.944,-30.3499],"carpPosition":[35.8169,211.867,53.368],"dipPosition":[8.18794,239.879,-16.2239],"direction":[-0.0228698,0.210588,-0.977307],"extended":false,"handId":724,"id":7240,"length":51.9721,"mcpPosition":[35.8169,211.867,53.368],"pipPosition":[8.96554,232.718,17.0057],"stabilizedTipPosition":[11.092,220.419,-3.5085],"timeVisible":17.0555,"tipPosition":[22.4609,235.342,-26.6533],"tipVelocity":[105.953,226.61,-260.434],"tool":false,"touchDistance":-0.631409,"touchZone":"hovering","type":0,"width":20.194},{"bases":[[[0.952079,-0.0899985,-0.292311],[0.255577,0.75909,0.598718],[0.168007,-0.644735,0.745715]],[[0.958833,-0.119732,-0.257497],[0.233009,0.850027,0.472399],[0.162318,-0.51295,0.842932]],[[0.958833,-0.119732,-0.257497],[0.186574,0.949206,0.253372],[0.214081,-0.290984,0.932469]],[[0.958833,-0.119732,-0.257497],[0.143646,0.9867,0.0760899],[0.244961,-0.109946,0.963279]]],"btipPosition":[20.6961,308.809,-71.4312],"carpPosition":[49.3102,230.644,58.2815],"dipPosition":[24.8699,306.936,-55.0185],"direction":[-0.214081,0.290984,-0.932469],"extended":true,"handId":724,"id":7241,"length":58.6448,"mcpPosition":[36.9842,277.945,3.5714],"pipPosition":[30.0299,299.922,-32.5428],"stabilizedTipPosition":[18.1493,301.599,-61.2349],"timeVisible":17.0555,"tipPosition":[21.3824,307.077,-67.8771],"tipVelocity":[123.705,248.231,-225.402],"tool":false,"touchDistance":-0.598019,"touchZone":"hovering","type":1,"width":19.2893},{"bases":[[[0.908411,-0.304356,-0.28663],[0.416484,0.718607,0.556906],[0.0364769,-0.625277,0.77955]],[[0.908477,-0.305509,-0.285192],[0.0659482,0.778624,-0.624016],[0.412699,0.548096,0.727509]],[[0.908477,-0.305509,-0.285192],[-0.400486,-0.441249,-0.803063],[0.119502,0.843779,-0.523217]],[[0.908477,-0.305509,-0.285192],[-0.390534,-0.863568,-0.318956],[-0.148838,0.401141,-0.903843]]],"btipPosition":[38.2357,216.931,-2.122],"carpPosition":[61.2104,231.218,55.3091],"dipPosition":[35.4465,224.448,-19.06],"direction":[-0.119502,-0.843779,0.523217],"extended":false,"handId":724,"id":7242,"length":66.821,"mcpPosition":[58.6725,274.721,1.07195],"pipPosition":[38.8353,248.376,-33.8972],"stabilizedTipPosition":[28.0035,205.145,13.4573],"timeVisible":17.0555,"tipPosition":[37.7333,218.536,-5.35291],"tipVelocity":[119.93,222.386,-248.915],"tool":false,"touchDistance":0.333333,"touchZone":"none","type":2,"width":18.9446},{"bases":[[[0.869879,-0.446353,-0.20995],[0.481272,0.674727,0.559571],[-0.108107,-0.587803,0.801749]],[[0.871964,-0.433867,-0.226799],[0.175613,0.709626,-0.682342],[0.456988,0.555149,0.694962]],[[0.871964,-0.433867,-0.226799],[-0.429951,-0.457094,-0.778593],[0.234137,0.776418,-0.585111]],[[0.871964,-0.433867,-0.226799],[-0.485237,-0.827411,-0.282731],[-0.0649884,0.356583,-0.932001]]],"btipPosition":[53.7632,212.554,4.15901],"carpPosition":[72.6289,228.664,51.677],"dipPosition":[52.5524,219.198,-13.2063],"direction":[-0.234137,-0.776418,0.585111],"extended":false,"handId":724,"id":7243,"length":64.2502,"mcpPosition":[79.382,265.382,1.5945],"pipPosition":[59.0205,240.647,-29.3702],"stabilizedTipPosition":[47.2217,204.013,12.2728],"timeVisible":17.0555,"tipPosition":[53.6777,213.997,0.670519],"tipVelocity":[119.122,229.249,-235.801],"tool":false,"touchDistance":0.333333,"touchZone":"none","type":3,"width":18.027},{"bases":[[[0.759963,-0.616693,-0.205297],[0.599257,0.54249,0.588724],[-0.25169,-0.570434,0.781829]],[[0.701595,-0.710058,-0.0598514],[0.499538,0.55,-0.6693],[0.50816,0.439679,0.740578]],[[0.701595,-0.710058,-0.0598514],[-0.437757,-0.363214,-0.822462],[0.562257,0.603236,-0.565662]],[[0.701595,-0.710058,-0.0598514],[-0.686896,-0.651575,-0.321907],[0.189575,0.26696,-0.944878]]],"btipPosition":[64.2693,220.674,1.8732],"carpPosition":[81.8591,219.547,45.9214],"dipPosition":[67.5279,225.263,-14.3684],"direction":[-0.562257,-0.603235,0.565662],"extended":false,"handId":724,"id":7244,"length":50.3709,"mcpPosition":[96.413,252.533,0.712332],"pipPosition":[78.4946,237.029,-25.4014],"stabilizedTipPosition":[60.1981,213.049,7.47275],"timeVisible":17.0555,"tipPosition":[65.1059,221.621,-1.30528],"tipVelocity":[115.604,239.572,-227.912],"tool":false,"touchDistance":0.333333,"touchZone":"none","type":4,"width":16.013}],"r":[[0.93198,0.0838667,0.352675],[-0.161629,0.966952,0.197178],[-0.324483,-0.240769,0.914736]],"s":1.03383,"t":[50.7275,75.4547,-99.7616],"timestamp":524136901450},false],[5,{"currentFrameRate":107.421,"devices":[],"gestures":[],"hands":[{"armBasis":[[0.905871,-0.0960794,-0.412511],[0.260279,0.894617,0.363201],[0.334144,-0.436381,0.835416]],"armWidth":63.5437,"confidence":0.709326,"direction":[0.0392335,0.731613,-0.680591],"elbow":[156.58,99.6412,276.059],"grabStrength":0,"id":724,"palmNormal":[-0.268414,-0.648365,-0.712444],"palmPosition":[60.2511,255.344,12.701],"palmVelocity":[81.9544,233.082,-215.888],"palmWidth":90.7382,"pinchStrength":0.813836,"r":[[0.928721,0.0870429,0.360416],[-0.168035,0.965307,0.199865],[-0.330516,-0.246181,0.911128]],"s":1.03486,"sphereCenter":[43.3142,244.553,-27.6203],"sphereRadius":45.1844,"stabilizedPalmPosition":[56.4537,246.572,22.0123],"t":[51.4496,77.5809,-101.747],"timeVisible":17.0647,"type":"right","wrist":[66.6113,217.138,51.121]}],"id":4318730,"interactionBox":{"center":[0,200,0],"size":[235.247,235.247,147.751]},"pointables":[{"bases":[[[0.635041,0.637919,0.435639],[-0.669891,0.17395,0.721795],[0.384667,-0.7502,0.537802]],[[0.4359,0.879126,0.192688],[-0.725716,0.216715,0.652971],[0.532285,-0.424467,0.732462]],[[0.4359,0.879126,0.192688],[-0.899758,0.420764,0.115729],[0.0206641,-0.223819,0.974412]],[[0.4359,0.879126,0.192688],[-0.48633,0.410234,-0.771487],[-0.757281,0.242581,0.606366]]],"btipPosition":[26.6979,236.725,-33.1146],"carpPosition":[36.2233,213.647,50.63],"dipPosition":[9.02386,242.386,-18.9627],"direction":[-0.0206641,0.223819,-0.974412],"extended":false,"handId":724,"id":7240,"length":51.9721,"mcpPosition":[36.2233,213.647,50.63],"pipPosition":[9.72646,234.776,14.1685],"stabilizedTipPosition":[12.6016,222.722,-6.95542],"timeVisible":17.0647,"tipPosition":[23.4022,238.003,-29.3961],"tipVelocity":[103.339,245.849,-271.441],"tool":false,"touchDistance":-0.637983,"touchZone":"hovering","type":0,"width":20.194},{"bases":[[[0.955428,-0.0848022,-0.282783],[0.247209,0.753425,0.609294],[0.161386,-0.652043,0.740807]],[[0.96187,-0.114868,-0.248218],[0.225788,0.845666,0.4836],[0.154359,-0.521205,0.839356]],[[0.96187,-0.114868,-0.248218],[0.181564,0.946894,0.265381],[0.204552,-0.30033,0.931644]],[[0.96187,-0.114868,-0.248218],[0.140543,0.986132,0.0882649],[0.234637,-0.119785,0.964675]]],"btipPosition":[22.2355,311.85,-73.3185],"carpPosition":[49.6173,232.402,55.8848],"dipPosition":[26.2333,309.809,-56.8821],"direction":[-0.204552,0.30033,-0.931644],"extended":true,"handId":724,"id":7241,"length":58.6448,"mcpPosition":[37.777,280.24,1.53476],"pipPosition":[31.1638,302.57,-34.4262],"stabilizedTipPosition":[19.4753,304.19,-63.4345],"timeVisible":17.0647,"tipPosition":[22.8906,310.096,-69.7722],"tipVelocity":[134.665,270.062,-219.549],"tool":false,"touchDistance":-0.594778,"touchZone":"hovering","type":1,"width":19.2893},{"bases":[[[0.912212,-0.299306,-0.279796],[0.408659,0.713743,0.568831],[0.0294483,-0.633235,0.773399]],[[0.912259,-0.300341,-0.27853],[0.0722845,0.78735,-0.612255],[0.403186,0.538401,0.739977]],[[0.912259,-0.300341,-0.27853],[-0.390189,-0.430258,-0.814021],[0.124644,0.851277,-0.509696]],[[0.912259,-0.300341,-0.27853],[-0.385308,-0.859954,-0.334688],[-0.139003,0.412642,-0.900225]]],"btipPosition":[39.1893,219.339,-5.00466],"carpPosition":[61.5479,233.034,53.0489],"dipPosition":[36.5844,227.072,-21.8749],"direction":[-0.124644,-0.851277,0.509696],"extended":false,"handId":724,"id":7242,"length":66.821,"mcpPosition":[59.499,277.091,-0.760231],"pipPosition":[40.119,251.212,-36.3287],"stabilizedTipPosition":[29.5938,207.544,10.1012],"timeVisible":17.0647,"tipPosition":[38.7297,220.977,-8.182],"tipVelocity":[116.655,234.871,-266.437],"tool":false,"touchDistance":0.333333,"touchZone":"none","type":2,"width":18.9446},{"bases":[[[0.873183,-0.442177,-0.205014],[0.473519,0.669985,0.571751],[-0.115459,-0.596322,0.794399]],[[0.875519,-0.428906,-0.222499],[0.182883,0.720382,-0.669032],[0.447236,0.545059,0.709147]],[[0.875519,-0.428906,-0.222499],[-0.419335,-0.445699,-0.790892],[0.240051,0.785743,-0.570073]],[[0.875519,-0.428906,-0.222499],[-0.480054,-0.824462,-0.299683],[-0.0549057,0.36919,-0.927731]]],"btipPosition":[54.6882,214.923,1.32999],"carpPosition":[73.0114,230.544,49.5159],"dipPosition":[53.6652,221.802,-15.9558],"direction":[-0.240051,-0.785743,0.570073],"extended":false,"handId":724,"id":7243,"length":64.2502,"mcpPosition":[80.2237,267.794,-0.107494],"pipPosition":[60.2967,243.509,-31.7042],"stabilizedTipPosition":[48.5777,206.356,9.4754],"timeVisible":17.0647,"tipPosition":[54.6312,216.407,-2.06967],"tipVelocity":[115.228,238.774,-255.28],"tool":false,"touchDistance":0.333333,"touchZone":"none","type":3,"width":18.027},{"bases":[[[0.763629,-0.612805,-0.203326],[0.591493,0.537721,0.600826],[-0.258856,-0.579074,0.773089]],[[0.703523,-0.708241,-0.0587411],[0.50722,0.558294,-0.656533],[0.497778,0.432091,0.752007]],[[0.703523,-0.708241,-0.0587411],[-0.426386,-0.354526,-0.83217],[0.568551,0.610497,-0.551401]],[[0.703523,-0.708241,-0.0587411],[-0.681682,-0.649148,-0.337515],[0.20091,0.277492,-0.939486]]],"btipPosition":[65.1987,223.08,-0.548827],"carpPosition":[82.3256,221.508,43.7678],"dipPosition":[68.6522,227.85,-16.6977],"direction":[-0.568551,-0.610497,0.551401],"extended":false,"handId":724,"id":7244,"length":50.3709,"mcpPosition":[97.2939,254.993,-0.935867],"pipPosition":[79.7416,239.757,-27.4526],"stabilizedTipPosition":[61.4506,215.454,4.93628],"timeVisible":17.0647,"tipPosition":[66.0754,224.056,-3.6969],"tipVelocity":[112.879,246.937,-237.132],"tool":false,"touchDistance":0.333333,"touchZone":"none","type":4,"width":16.013}],"r":[[0.928721,0.0870429,0.360416],[-0.168035,0.965307,0.199865],[-0.330516,-0.246181,0.911128]],"s":1.03486,"t":[51.4496,77.5809,-101.747],"timestamp":524136910653},false],[6,{"currentFrameRate":107.661,"devices":[],"gestures":[],"hands":[{"armBasis":[[0.907218,-0.097291,-0.409255],[0.256794,0.898664,0.355611],[0.333185,-0.427711,0.840268]],"armWidth":63.5437,"confidence":0.699164,"direction":[0.0408462,0.727852,-0.684517],"elbow":[156.905,103.522,275.7],"grabStrength":0,"id":724,"palmNormal":[-0.264162,-0.652845,-0.709938],"palmPosition":[60.9306,256.662,10.7938],"palmVelocity":[80.547,210.297,-215.763],"palmWidth":90.7382,"pinchStrength":0.810234,"r":[[0.925709,0.0902916,0.367302],[-0.173688,0.964125,0.200739],[-0.336,-0.249621,0.908181]],"s":1.0357,"sphereCenter":[44.2866,245.544,-29.6038],"sphereRadius":45.1934,"stabilizedPalmPosition":[57.3326,248.553,19.8101],"t":[52.1505,79.3032,-103.693],"timeVisible":17.0735,"type":"right","wrist":[67.1941,218.685,49.455]}],"id":4318731,"interactionBox":{"center":[0,200,0],"size":[235.247,235.247,147.751]},"pointables":[{"bases":[[[0.631999,0.641518,0.434777],[-0.673314,0.17677,0.717914],[0.3837,-0.746463,0.543662]],[[0.433816,0.880739,0.190004],[-0.729683,0.21972,0.647523],[0.528552,-0.419549,0.737978]],[[0.433816,0.880739,0.190004],[-0.900711,0.418575,0.116249],[0.0228543,-0.221569,0.974877]],[[0.433816,0.880739,0.190004],[-0.488497,0.40711,-0.771772],[-0.757082,0.241991,0.60685]]],"btipPosition":[27.3962,237.905,-35.1935],"carpPosition":[36.8149,215.135,48.8528],"dipPosition":[9.72682,243.553,-21.0304],"direction":[-0.0228543,0.221569,-0.974877],"extended":false,"handId":724,"id":7240,"length":51.9721,"mcpPosition":[36.8149,215.135,48.8528],"pipPosition":[10.5039,236.02,12.1166],"stabilizedTipPosition":[13.9101,224.732,-10.0014],"timeVisible":17.0735,"tipPosition":[24.1105,239.124,-31.4619],"tipVelocity":[96.7489,215.289,-261.448],"tool":false,"touchDistance":-0.633663,"touchZone":"hovering","type":0,"width":20.194},{"bases":[[[0.956792,-0.084635,-0.278185],[0.243212,0.757286,0.606108],[0.159368,-0.647577,0.745149]],[[0.963135,-0.114478,-0.243444],[0.222146,0.848838,0.479713],[0.151728,-0.516109,0.842977]],[[0.963135,-0.114478,-0.243444],[0.178722,0.948657,0.260977],[0.201068,-0.294865,0.934145]],[[0.963135,-0.114478,-0.243444],[0.138444,0.98683,0.0836714],[0.230659,-0.11429,0.966299]]],"btipPosition":[23.1829,312.62,-75.7052],"carpPosition":[50.1521,233.944,54.0597],"dipPosition":[27.1129,310.673,-59.2411],"direction":[-0.201068,0.294865,-0.934145],"extended":true,"handId":724,"id":7241,"length":58.6448,"mcpPosition":[38.4599,281.454,-0.608865],"pipPosition":[31.9594,303.566,-36.725],"stabilizedTipPosition":[20.6104,306.155,-65.5228],"timeVisible":17.0735,"tipPosition":[23.8289,310.897,-72.144],"tipVelocity":[126.701,221.16,-232.905],"tool":false,"touchDistance":-0.599339,"touchZone":"hovering","type":1,"width":19.2893},{"bases":[[[0.913951,-0.299197,-0.274178],[0.404907,0.717674,0.566564],[0.0272562,-0.628829,0.777066]],[[0.913991,-0.300133,-0.273021],[0.0742158,0.785224,-0.614748],[0.398889,0.541611,0.739963]],[[0.913991,-0.300133,-0.273021],[-0.385646,-0.433517,-0.814457],[0.126086,0.849696,-0.511976]],[[0.913991,-0.300133,-0.273021],[-0.382492,-0.861854,-0.333028],[-0.135352,0.408813,-0.902525]]],"btipPosition":[39.9848,220.542,-6.92858],"carpPosition":[62.0936,234.582,51.2717],"dipPosition":[37.4483,228.203,-23.8419],"direction":[-0.126086,-0.849696,0.511976],"extended":false,"handId":724,"id":7242,"length":66.821,"mcpPosition":[60.1973,278.332,-2.79256],"pipPosition":[41.0238,252.299,-38.3603],"stabilizedTipPosition":[30.9691,209.614,7.16762],"timeVisible":17.0735,"tipPosition":[39.5399,222.165,-10.1047],"tipVelocity":[109.88,207.579,-253.441],"tool":false,"touchDistance":0.333333,"touchZone":"none","type":2,"width":18.9446},{"bases":[[[0.874859,-0.441718,-0.198763],[0.469833,0.674052,0.57001],[-0.117807,-0.592064,0.797234]],[[0.877305,-0.428181,-0.216787],[0.18443,0.717798,-0.67138],[0.443081,0.549023,0.708698]],[[0.877305,-0.428181,-0.216787],[-0.414994,-0.449908,-0.790799],[0.241071,0.783737,-0.572399]],[[0.877305,-0.428181,-0.216787],[-0.477141,-0.826802,-0.297885],[-0.0516912,0.364774,-0.92966]]],"btipPosition":[55.4974,216.167,-0.440607],"carpPosition":[73.5768,232.093,47.8022],"dipPosition":[54.5342,222.964,-17.7623],"direction":[-0.241071,-0.783737,0.572399],"extended":false,"handId":724,"id":7243,"length":64.2502,"mcpPosition":[80.9358,269.077,-1.99833],"pipPosition":[61.1939,244.615,-33.575],"stabilizedTipPosition":[49.7492,208.345,7.0443],"timeVisible":17.0735,"tipPosition":[55.442,217.639,-3.84554],"tipVelocity":[109.196,211.593,-240.565],"tool":false,"touchDistance":0.333333,"touchZone":"none","type":3,"width":18.027},{"bases":[[[0.765608,-0.612534,-0.196587],[0.58792,0.54217,0.600335],[-0.261142,-0.575199,0.77521]],[[0.704532,-0.70786,-0.050684],[0.511649,0.556137,-0.654925],[0.491783,0.435483,0.753992]],[[0.704532,-0.70786,-0.050684],[-0.419819,-0.358131,-0.833963],[0.572178,0.608831,-0.549488]],[[0.704532,-0.70786,-0.050684],[-0.678848,-0.651389,-0.338907],[0.206884,0.273178,-0.939454]]],"btipPosition":[65.9753,224.377,-2.40206],"carpPosition":[82.9321,223.042,42.1451],"dipPosition":[69.5315,229.072,-18.5504],"direction":[-0.572178,-0.608831,0.549488],"extended":false,"handId":724,"id":7244,"length":50.3709,"mcpPosition":[98.0325,256.303,-2.68122],"pipPosition":[80.6916,240.947,-29.268],"stabilizedTipPosition":[62.5348,217.484,2.69331],"timeVisible":17.0735,"tipPosition":[66.874,225.33,-5.52527],"tipVelocity":[106.789,219.221,-229.601],"tool":false,"touchDistance":0.333333,"touchZone":"none","type":4,"width":16.013}],"r":[[0.925709,0.0902916,0.367302],[-0.173688,0.964125,0.200739],[-0.336,-0.249621,0.908181]],"s":1.0357,"t":[52.1505,79.3032,-103.693],"timestamp":524136919506},false],[7,{"currentFrameRate":107.734,"devices":[],"gestures":[],"hands":[{"armBasis":[[0.906181,-0.0962398,-0.411794],[0.255329,0.900753,0.351355],[0.33711,-0.423534,0.840818]],"armWidth