{"sensorType":"Leap","data":[[0,{"currentFrameRate":109.851,"devices":[],"gestures":[],"hands":[{"armBasis":[[0.913619,-0.10494,-0.392794],[0.251025,0.905575,0.341937],[0.319822,-0.411001,0.853693]],"armWidth":63.5437,"confidence":0.642945,"direction":[0.0500244,0.739162,-0.671668],"elbow":[150.173,97.094,290.378],"grabStrength":0,"id":724,"palmNormal":[-0.256088,-0.640534,-0.723972],"palmPosition":[58.3125,246.385,22.4252],"palmVelocity":[86.2914,289.147,-252.917],"palmWidth":90.7382,"pinchStrength":0.888317,"r":[[0.926238,0.0753478,0.369332],[-0.15764,0.967449,0.197971],[-0.342393,-0.24159,0.907966]],"s":1.02495,"sphereCenter":[39.2665,236.877,-17.7768],"sphereRadius":45.1095,"stabilizedPalmPosition":[47.6701,219.444,58.5551],"t":[49.4471,68.0461,-91.772],"timeVisible":23.1206,"type":"right","wrist":[64.0602,207.757,60.5184]}],"id":4319389,"interactionBox":{"center":[0,200,0],"size":[235.247,235.247,147.751]},"pointables":[{"bases":[[[0.627271,0.633357,0.4532],[-0.681911,0.165563,0.712451],[0.376203,-0.755942,0.535746]],[[0.42367,0.883412,0.200218],[-0.742212,0.211855,0.635797],[0.519254,-0.417972,0.745436]],[[0.42367,0.883412,0.200218],[-0.905816,0.41352,0.0921899],[-0.00135253,-0.220418,0.975404]],[[0.42367,0.883412,0.200218],[-0.449156,0.396832,-0.800489],[-0.786615,0.249214,0.564916]]],"btipPosition":[26.2436,226.74,-23.9732],"carpPosition":[33.6871,204.256,59.4836],"dipPosition":[7.88489,232.557,-10.7887],"direction":[0.00135253,0.220418,-0.975404],"extended":false,"handId":724,"id":7240,"length":51.9721,"mcpPosition":[33.6871,204.256,59.4836],"pipPosition":[7.83891,225.062,22.3762],"stabilizedTipPosition":[3.37717,199.855,34.9513],"timeVisible":23.1206,"tipPosition":[23.0201,227.813,-20.5976],"tipVelocity":[90.1022,310.468,-308.398],"tool":false,"touchDistance":-0.676137,"touchZone":"touching","type":0,"width":20.194},{"bases":[[[0.960053,-0.0811594,-0.26779],[0.236526,0.746724,0.621658],[0.149512,-0.660164,0.736091]],[[0.960854,-0.0847591,-0.263771],[0.206353,0.854223,0.477201],[0.184872,-0.512951,0.838274]],[[0.960854,-0.0847591,-0.263771],[0.164832,0.940116,0.298349],[0.222687,-0.330147,0.917286]],[[0.960854,-0.0847591,-0.263771],[0.128977,0.979443,0.155103],[0.245202,-0.183051,0.952034]]],"btipPosition":[18.5438,304.445,-63.081],"carpPosition":[46.9788,222.959,65.1685],"dipPosition":[22.7216,301.326,-46.8599],"direction":[-0.222687,0.330147,-0.917286],"extended":true,"handId":724,"id":7241,"length":58.6448,"mcpPosition":[36.0097,271.392,11.1645],"pipPosition":[28.0891,293.369,-24.7501],"stabilizedTipPosition":[6.69576,275.022,-7.93092],"timeVisible":23.1206,"tipPosition":[19.0898,304.031,-59.0876],"tipVelocity":[102.932,292.133,-250.504],"tool":false,"touchDistance":-0.633062,"touchZone":"touching","type":1,"width":19.2893},{"bases":[[[0.916943,-0.295705,-0.267907],[0.398654,0.707578,0.583445],[0.0170374,-0.641788,0.766693]],[[0.917067,-0.302088,-0.260251],[0.103435,0.810588,-0.57641],[0.385083,0.501688,0.77461]],[[0.917067,-0.302088,-0.260251],[-0.368701,-0.393955,-0.841938],[0.151812,0.868068,-0.472663]],[[0.917067,-0.302088,-0.260251],[-0.383187,-0.848173,-0.365745],[-0.110251,0.435138,-0.893588]]],"btipPosition":[37.0203,211.395,2.11225],"carpPosition":[58.9544,223.628,62.5385],"dipPosition":[34.9542,219.549,-14.6336],"direction":[-0.151812,-0.868068,0.472663],"extended":false,"handId":724,"id":7242,"length":66.821,"mcpPosition":[57.769,268.28,9.19597],"pipPosition":[39.2592,244.166,-28.0372],"stabilizedTipPosition":[12.8801,179.226,61.4902],"timeVisible":23.1206,"tipPosition":[36.7293,213.065,-0.830293],"tipVelocity":[126.213,292.609,-322.285],"tool":false,"touchDistance":0.333333,"touchZone":"none","type":2,"width":18.9446},{"bases":[[[0.876777,-0.43942,-0.195377],[0.463487,0.663824,0.586957],[-0.128224,-0.605185,0.785691]],[[0.879381,-0.42603,-0.212576],[0.210235,0.74804,-0.629473],[0.42719,0.508856,0.747379]],[[0.879381,-0.42603,-0.212576],[-0.39642,-0.407862,-0.822496],[0.263706,0.807556,-0.527553]],[[0.879381,-0.42603,-0.212576],[-0.4752,-0.813082,-0.336277],[-0.0295778,0.396731,-0.917458]]],"btipPosition":[52.7188,206.614,8.45766],"carpPosition":[70.4768,221.184,59.1691],"dipPosition":[52.1677,214.006,-8.63669],"direction":[-0.263706,-0.807556,0.527553],"extended":false,"handId":724,"id":7243,"length":64.2502,"mcpPosition":[78.4865,258.987,10.0897],"pipPosition":[59.4527,236.315,-23.2105],"stabilizedTipPosition":[34.5074,180.372,48.1252],"timeVisible":23.1206,"tipPosition":[52.8168,208.195,5.26064],"tipVelocity":[130.715,296.356,-294.784],"tool":false,"touchDistance":0.333333,"touchZone":"none","type":3,"width":18.027},{"bases":[[[0.767329,-0.610112,-0.197407],[0.581054,0.531305,0.616516],[-0.27126,-0.587775,0.762194]],[[0.701534,-0.710986,-0.0484648],[0.534461,0.569901,-0.624151],[0.471383,0.411961,0.779799]],[[0.701534,-0.710986,-0.0484648],[-0.39836,-0.334857,-0.85392],[0.590896,0.618361,-0.518142]],[[0.701534,-0.710986,-0.0484648],[-0.674898,-0.641009,-0.365542],[0.228829,0.289149,-0.929532]]],"btipPosition":[63.4969,214.648,7.99006],"carpPosition":[79.8915,212.217,53.4765],"dipPosition":[67.4302,219.618,-7.98776],"direction":[-0.590896,-0.618361,0.518142],"extended":false,"handId":724,"id":7244,"length":50.3709,"mcpPosition":[95.577,246.205,9.40282],"pipPosition":[78.9555,231.679,-18.0939],"stabilizedTipPosition":[51.4264,193.012,34.7877],"timeVisible":23.1206,"tipPosition":[64.4489,215.687,5.00522],"tipVelocity":[125.388,307.911,-286.313],"tool":false,"touchDistance":0.333333,"touchZone":"none","type":4,"width":16.013}],"r":[[0.926238,0.0753478,0.369332],[-0.15764,0.967449,0.197971],[-0.342393,-0.24159,0.907966]],"s":1.02495,"t":[49.4471,68.0461,-91.772],"timestamp":524142966586},false],[1,{"currentFrameRate":110.056,"devices":[],"gestures":[],"hands":[{"armBasis":[[0.913262,-0.092986,-0.396619],[0.241974,0.90706,0.344515],[0.327723,-0.410604,0.850883]],"armWidth":63.5437,"confidence":0.649542,"direction":[0.047836,0.737079,-0.674112],"elbow":[152.934,100.005,287.701],"grabStrength":0,"id":724,"palmNormal":[-0.246675,-0.645263,-0.72304],"palmPosition":[58.8491,249.001,20.33],"palmVelocity":[79.6719,292.027,-249.529],"palmWidth":90.7382,"pinchStrength":0.891131,"r":[[0.922895,0.081903,0.376241],[-0.167576,0.965162,0.200948],[-0.346675,-0.248503,0.904468]],"s":1.02449,"sphereCenter":[40.3217,239.019,-20.079],"sphereRadius":45.0842,"stabilizedPalmPosition":[49.1147,223.263,53.6157],"t":[50.1084,70.705,-93.9373],"timeVisible":23.1293,"type":"right","wrist":[64.6936,210.561,58.5987]}],"id":4319390,"interactionBox":{"center":[0,200,0],"size":[235.247,235.247,147.751]},"pointables":[{"bases":[[[0.619455,0.640138,0.454422],[-0.687326,0.162577,0.707921],[0.379288,-0.750861,0.540692]],[[0.414768,0.88795,0.198779],[-0.748901,0.209041,0.628847],[0.516832,-0.409691,0.75169]],[[0.414768,0.88795,0.198779],[-0.909923,0.404086,0.0935624],[0.00275482,-0.21968,0.975568]],[[0.414768,0.88795,0.198779],[-0.452224,0.390723,-0.801766],[-0.789596,0.242654,0.563611]]],"btipPosition":[26.9635,229.008,-26.3399],"carpPosition":[34.3565,206.807,57.4034],"dipPosition":[8.53525,234.671,-13.1859],"direction":[-0.00275482,0.21968,-0.975568],"extended":false,"handId":724,"id":7240,"length":51.9721,"mcpPosition":[34.3565,206.807,57.4034],"pipPosition":[8.62891,227.201,19.9846],"stabilizedTipPosition":[4.82183,202.129,30.6007],"timeVisible":23.1293,"tipPosition":[23.7296,230.047,-22.9349],"tipVelocity":[87.593,295.886,-298.717],"tool":false,"touchDistance":-0.672463,"touchZone":"touching","type":0,"width":20.194},{"bases":[[[0.962208,-0.0742656,-0.261994],[0.226834,0.750914,0.620222],[0.150674,-0.656211,0.739381]],[[0.963092,-0.0781899,-0.257566],[0.196218,0.858969,0.472939],[0.184262,-0.506023,0.842608]],[[0.963092,-0.0781899,-0.257566],[0.154639,0.943935,0.291673],[0.22032,-0.320738,0.921187]],[[0.963092,-0.0781899,-0.257566],[0.11898,0.981986,0.146787],[0.241449,-0.172015,0.955046]]],"btipPosition":[19.0888,306.124,-65.7273],"carpPosition":[47.4619,225.639,63.0946],"dipPosition":[23.2027,303.193,-49.4549],"direction":[-0.22032,0.320738,-0.921187],"extended":true,"handId":724,"id":7241,"length":58.6448,"mcpPosition":[36.4076,273.783,8.84921],"pipPosition":[28.5132,295.462,-27.2511],"stabilizedTipPosition":[7.86869,277.697,-12.6839],"timeVisible":23.1293,"tipPosition":[19.653,305.826,-61.7048],"tipVelocity":[91.671,266.823,-264.294],"tool":false,"touchDistance":-0.637607,"touchZone":"touching","type":1,"width":19.2893},{"bases":[[[0.920855,-0.289156,-0.261561],[0.389494,0.712958,0.583082],[0.0178799,-0.63881,0.769156]],[[0.920988,-0.295498,-0.253895],[0.102664,0.812741,-0.573509],[0.375821,0.502129,0.778861]],[[0.920988,-0.295498,-0.253895],[-0.359501,-0.393456,-0.846139],[0.150136,0.870559,-0.4686]],[[0.920988,-0.295498,-0.253895],[-0.374704,-0.850292,-0.369594],[-0.106671,0.435527,-0.893833]]],"btipPosition":[37.8794,213.858,-0.381999],"carpPosition":[59.4465,226.397,60.5307],"dipPosition":[35.8804,222.019,-17.1324],"direction":[-0.150136,-0.870559,0.4686],"extended":false,"handId":724,"id":7242,"length":66.821,"mcpPosition":[58.2025,270.842,7.01669],"pipPosition":[40.1379,246.706,-30.4208],"stabilizedTipPosition":[14.6723,181.892,56.6899],"timeVisible":23.1293,"tipPosition":[37.6108,215.517,-3.2676],"tipVelocity":[119.282,289.926,-312.619],"tool":false,"touchDistance":0.333333,"touchZone":"none","type":2,"width":18.9446},{"bases":[[[0.88145,-0.432929,-0.188728],[0.454661,0.66975,0.587127],[-0.127783,-0.60333,0.787188]],[[0.884086,-0.419336,-0.206274],[0.20824,0.748647,-0.629415],[0.418363,0.513503,0.749191]],[[0.884086,-0.419336,-0.206274],[-0.387795,-0.411986,-0.82455],[0.260781,0.808965,-0.526848]],[[0.884086,-0.419336,-0.206274],[-0.466546,-0.817435,-0.337839],[-0.026948,0.394915,-0.918322]]],"btipPosition":[53.6473,209.137,6.34717],"carpPosition":[71.0077,224.035,57.2363],"dipPosition":[53.1452,216.495,-10.7633],"direction":[-0.260781,-0.808965,0.526848],"extended":false,"handId":724,"id":7243,"length":64.2502,"mcpPosition":[78.9899,261.723,8.0633],"pipPosition":[60.3494,238.843,-25.3176],"stabilizedTipPosition":[36.6654,183.827,42.9398],"timeVisible":23.1293,"tipPosition":[53.7467,210.717,3.16002],"tipVelocity":[124.578,294.237,-280.787],"tool":false,"touchDistance":0.333333,"touchZone":"none","type":3,"width":18.027},{"bases":[[[0.773416,-0.604519,-0.19075],[0.573137,0.538309,0.617849],[-0.270819,-0.58718,0.762809]],[[0.707348,-0.705656,-0.0413462],[0.534992,0.57267,-0.621155],[0.461999,0.417252,0.782597]],[[0.707348,-0.705656,-0.0413462],[-0.388679,-0.339422,-0.856576],[0.590414,0.621967,-0.514363]],[[0.707348,-0.705656,-0.0413462],[-0.667079,-0.647043,-0.369244],[0.233807,0.288765,-0.928412]]],"btipPosition":[64.3626,217.271,5.9173],"carpPosition":[80.528,215.125,51.6309],"dipPosition":[68.3816,222.234,-10.0413],"direction":[-0.590414,-0.621967,0.514363],"extended":false,"handId":724,"id":7244,"length":50.3709,"mcpPosition":[96.1881,249.079,7.52167],"pipPosition":[79.8974,234.366,-20.0737],"stabilizedTipPosition":[53.4337,196.691,30.0751],"timeVisible":23.1293,"tipPosition":[65.3321,218.31,2.94884],"tipVelocity":[119.01,305.958,-273.175],"tool":false,"touchDistance":0.333333,"touchZone":"none","type":4,"width":16.013}],"r":[[0.922895,0.081903,0.376241],[-0.167576,0.965162,0.200948],[-0.346675,-0.248503,0.904468]],"s":1.02449,"t":[50.1084,70.705,-93.9373],"timestamp":524142975307},false],[2,{"currentFrameRate":109.983,"devices":[],"gestures":[],"hands":[{"armBasis":[[0.916938,-0.0911055,-0.388491],[0.236828,0.907822,0.34608],[0.321151,-0.409339,0.853993]],"armWidth":63.5437,"confidence":0.652012,"direction":[0.0518558,0.748829,-0.660732],"elbow":[151.494,103.052,285.165],"grabStrength":0,"id":724,"palmNormal":[-0.240139,-0.632859,-0.736086],"palmPosition":[59.4128,252.362,17.5906],"palmVelocity":[74.4711,312.347,-262.843],"palmWidth":90.7382,"pinchStrength":0.900136,"r":[[0.919538,0.0860414,0.383467],[-0.176125,0.96249,0.206379],[-0.351326,-0.257312,0.9002]],"s":1.02271,"sphereCenter":[41.5583,242.727,-23.365],"sphereRadius":45.0156,"stabilizedPalmPosition":[50.6607,227.632,48.2074],"t":[50.721,73.7153,-96.3897],"timeVisible":23.1385,"type":"right","wrist":[65.0235,213.268,55.2249]}],"id":4319391,"interactionBox":{"center":[0,200,0],"size":[235.247,235.247,147.751]},"pointables":[{"bases":[[[0.614971,0.63296,0.470291],[-0.692973,0.149196,0.705358],[0.376297,-0.759673,0.530375]],[[0.410484,0.885944,0.215883],[-0.755503,0.197858,0.624554],[0.510606,-0.41947,0.750551]],[[0.410484,0.885944,0.215883],[-0.911865,0.398212,0.0996486],[0.00231597,-0.23776,0.971321]],[[0.410484,0.885944,0.215883],[-0.448671,0.402338,-0.798009],[-0.79385,0.230709,0.56265]]],"btipPosition":[27.7335,233.073,-29.7885],"carpPosition":[34.7024,209.492,53.7312],"dipPosition":[9.20595,238.457,-16.6569],"direction":[-0.00231597,0.23776,-0.971321],"extended":false,"handId":724,"id":7240,"length":51.9721,"mcpPosition":[34.7024,209.492,53.7312],"pipPosition":[9.28469,230.373,16.3692],"stabilizedTipPosition":[6.43941,204.92,25.625],"timeVisible":23.1385,"tipPosition":[24.4724,234.091,-26.3635],"tipVelocity":[85.7475,334.558,-319.954],"tool":false,"touchDistance":-0.685356,"touchZone":"touching","type":0,"width":20.194},{"bases":[[[0.964298,-0.0683139,-0.255857],[0.220922,0.740264,0.634982],[0.146024,-0.668836,0.728927]],[[0.965242,-0.0727318,-0.251035],[0.189971,0.854901,0.482758],[0.179498,-0.513667,0.839003]],[[0.965242,-0.0727318,-0.251035],[0.148569,0.942912,0.298068],[0.215025,-0.325004,0.920943]],[[0.965242,-0.0727318,-0.251035],[0.113145,0.982113,0.150503],[0.235599,-0.173676,0.956206]]],"btipPosition":[20.1342,310.11,-68.063],"carpPosition":[47.7348,228.24,59.8514],"dipPosition":[24.1484,307.151,-51.7709],"direction":[-0.215025,0.325004,-0.920943],"extended":true,"handId":724,"id":7241,"length":58.6448,"mcpPosition":[37.0216,277.31,6.37293],"pipPosition":[29.3313,299.317,-29.5729],"stabilizedTipPosition":[9.25795,281.04,-18.1226],"timeVisible":23.1385,"tipPosition":[20.7541,310.011,-63.9557],"tipVelocity":[97.0513,312.98,-261.059],"tool":false,"touchDistance":-0.637147,"touchZone":"touching","type":1,"width":19.2893},{"bases":[[[0.923275,-0.283237,-0.259499],[0.38392,0.703194,0.598434],[0.0129792,-0.652146,0.757982]],[[0.923359,-0.289717,-0.251939],[0.10922,0.827293,-0.551051],[0.368076,0.481301,0.795531]],[[0.923359,-0.289717,-0.251939],[-0.350797,-0.369912,-0.860295],[0.156046,0.88274,-0.443193]],[[0.923359,-0.289717,-0.251939],[-0.371297,-0.840815,-0.393913],[-0.0977111,0.457268,-0.883945]]],"btipPosition":[38.5481,217.696,-4.44905],"carpPosition":[59.7375,229.06,57.3932],"dipPosition":[36.717,226.266,-21.0142],"direction":[-0.156046,-0.88274,0.443193],"extended":false,"handId":724,"id":7242,"length":66.821,"mcpPosition":[58.8344,274.433,4.65666],"pipPosition":[41.1421,251.298,-33.5821],"stabilizedTipPosition":[16.6984,185.156,51.0793],"timeVisible":23.1385,"tipPosition":[38.3273,219.409,-7.20948],"tipVelocity":[107.342,328.18,-347.304],"tool":false,"touchDistance":0.333333,"touchZone":"none","type":2,"width":18.9446},{"bases":[[[0.883536,-0.428317,-0.189497],[0.449121,0.660014,0.602223],[-0.132872,-0.617192,0.775512]],[[0.886359,-0.414001,-0.207293],[0.213595,0.76286,-0.610263],[0.410785,0.496636,0.764597]],[[0.886359,-0.414001,-0.207293],[-0.379417,-0.392893,-0.837662],[0.265349,0.82112,-0.505323]],[[0.886359,-0.414001,-0.207293],[-0.462605,-0.810324,-0.359683],[-0.019065,0.414703,-0.909757]]],"btipPosition":[54.3492,212.787,2.54646],"carpPosition":[71.3272,226.772,54.1468],"dipPosition":[53.994,220.514,-14.4044],"direction":[-0.265349,-0.82112,0.505323],"extended":false,"handId":724,"id":7243,"length":64.2502,"mcpPosition":[79.6273,265.326,5.70322],"pipPosition":[61.3243,243.198,-28.3641],"stabilizedTipPosition":[38.8644,187.667,37.4065],"timeVisible":23.1385,"tipPosition":[54.4695,214.431,-0.548577],"tipVelocity":[112.016,325.271,-316.48],"tool":false,"touchDistance":0.333333,"touchZone":"none","type":3,"width":18.027},{"bases":[[[0.775784,-0.599998,-0.195348],[0.567561,0.528222,0.631551],[-0.275742,-0.600819,0.750322]],[[0.708328,-0.704284,-0.0475034],[0.541605,0.585406,-0.603294],[0.452699,0.401602,0.796103]],[[0.708328,-0.704284,-0.0475034],[-0.377926,-0.321536,-0.868209],[0.596191,0.632929,-0.49392]],[[0.708328,-0.704284,-0.0475034],[-0.662327,-0.63984,-0.389778],[0.244119,0.307553,-0.919683]]],"btipPosition":[65.0611,220.925,2.44322],"carpPosition":[80.9038,217.975,48.4598],"dipPosition":[69.2573,226.211,-13.3653],"direction":[-0.596191,-0.632929,0.49392],"extended":false,"handId":724,"id":7244,"length":50.3709,"mcpPosition":[96.8485,252.717,5.07261],"pipPosition":[80.8858,238.556,-22.999],"stabilizedTipPosition":[55.4246,200.715,25.1314],"timeVisible":23.1385,"tipPosition":[66.0696,222.021,-0.459314],"tipVelocity":[108.116,333.501,-301.14],"tool":false,"touchDistance":0.333333,"touchZone":"none","type":4,"width":16.013}],"r":[[0.919538,0.0860414,0.383467],[-0.176125,0.96249,0.206379],[-0.351326,-0.257312,0.9002]],"s":1.02271,"t":[50.721,73.7153,-96.3897],"timestamp":524142984530},false],[3,{"currentFrameRate":110.095,"devices":[],"gestures":[],"hands":[{"armBasis":[[0.918258,-0.0896037,-0.385712],[0.232396,0.910615,0.34172],[0.320615,-0.403425,0.857003]],"armWidth":63.5437,"confidence":0.65532,"direction":[0.0537671,0.751188,-0.657895],"elbow":[151.818,106.639,284.279],"grabStrength":0,"id":724,"palmNormal":[-0.234799,-0.630864,-0.739513],"palmPosition":[59.9971,254.473,15.9972],"palmVelocity":[72.1093,292.055,-240.178],"palmWidth":90.7382,"pinchStrength":0.905871,"r":[[0.916335,0.08943,0.390297],[-0.183622,0.960057,0.211124],[-0.355827,-0.265127,0.896156]],"s":1.02051,"sphereCenter":[42.5977,244.709,-25.2451],"sphereRadius":44.9792,"stabilizedPalmPosition":[52.1283,231.851,43.1442],"t":[51.3194,76.2759,-98.4126],"timeVisible":23.1474,"type":"right","wrist":[65.491,215.263,53.5281]}],"id":4319392,"interactionBox":{"center":[0,200,0],"size":[235.247,235.247,147.751]},"pointables":[{"bases":[[[0.611051,0.632684,0.475739],[-0.697076,0.145288,0.702123],[0.375103,-0.760659,0.529807]],[[0.406577,0.88669,0.220174],[-0.760211,0.194673,0.619824],[0.50673,-0.419385,0.753221]],[[0.406577,0.88669,0.220174],[-0.913612,0.393807,0.101143],[0.00297628,-0.242276,0.970203]],[[0.406577,0.88669,0.220174],[-0.447012,0.403242,-0.798484],[-0.796791,0.226224,0.56031]]],"btipPosition":[28.4569,235.261,-31.7015],"carpPosition":[35.1866,211.427,51.8585],"dipPosition":[9.86071,240.541,-18.6245],"direction":[-0.00297628,0.242276,-0.970203],"extended":false,"handId":724,"id":7240,"length":51.9721,"mcpPosition":[35.1866,211.427,51.8585],"pipPosition":[9.96191,232.303,14.3636],"stabilizedTipPosition":[8.05854,207.8,20.6674],"timeVisible":23.1474,"tipPosition":[25.1763,236.276,-28.2764],"tipVelocity":[84.0945,309.87,-291.933],"tool":false,"touchDistance":-0.674037,"touchZone":"touching","type":0,"width":20.194},{"bases":[[[0.965805,-0.0653511,-0.250898],[0.21589,0.738572,0.638673],[0.143568,-0.671,0.727425]],[[0.966755,-0.0698924,-0.245967],[0.184565,0.856485,0.482046],[0.176976,-0.511418,0.840911]],[[0.966755,-0.0698924,-0.245967],[0.143174,0.944951,0.294225],[0.211863,-0.31966,0.923543]],[[0.966755,-0.0698924,-0.245967],[0.107868,0.983612,0.144471],[0.231839,-0.1662,0.958451]]],"btipPosition":[20.9729,311.858,-69.8745],"carpPosition":[48.145,230.182,58.1124],"dipPosition":[24.9231,309.026,-53.5441],"direction":[-0.211863,0.31966,-0.923543],"extended":true,"handId":724,"id":7241,"length":58.6448,"mcpPosition":[37.612,279.41,4.74408],"pipPosition":[30.0297,301.321,-31.2835],"stabilizedTipPosition":[10.6691,284.412,-23.488],"timeVisible":23.1474,"tipPosition":[21.6382,311.903,-65.7238],"tipVelocity":[95.8855,282.313,-245.277],"tool":false,"touchDistance":-0.628806,"touchZone":"touching","type":1,"width":19.2893},{"bases":[[[0.925272,-0.280349,-0.255491],[0.379163,0.70198,0.602876],[0.0103332,-0.654697,0.75582]],[[0.925329,-0.286857,-0.247949],[0.112783,0.832568,-0.542319],[0.362002,0.473859,0.802753]],[[0.925329,-0.286857,-0.247949],[-0.344181,-0.361114,-0.866681],[0.159076,0.887304,-0.432881]],[[0.925329,-0.286857,-0.247949],[-0.367839,-0.837784,-0.4035],[-0.0919806,0.464575,-0.880744]]],"btipPosition":[39.2523,219.941,-6.66988],"carpPosition":[60.1589,231.036,55.7215],"dipPosition":[37.5286,228.647,-23.175],"direction":[-0.159076,-0.887304,0.432881],"extended":false,"handId":724,"id":7242,"length":66.821,"mcpPosition":[59.44,276.586,3.13539],"pipPosition":[42.0396,253.809,-35.4505],"stabilizedTipPosition":[18.7019,188.482,45.5143],"timeVisible":23.1474,"tipPosition":[39.0577,221.668,-9.37743],"tipVelocity":[100.474,308.647,-320.462],"tool":false,"touchDistance":0.333333,"touchZone":"none","type":2,"width":18.9446},{"bases":[[[0.885475,-0.425753,-0.186196],[0.444437,0.658928,0.606869],[-0.135686,-0.620119,0.772684]],[[0.888368,-0.411342,-0.203963],[0.21546,0.765779,-0.605937],[0.405437,0.494349,0.768921]],[[0.888368,-0.411342,-0.203963],[-0.373801,-0.390029,-0.841517],[0.2666,0.823818,-0.500249]],[[0.888368,-0.411342,-0.203963],[-0.458896,-0.809747,-0.365682],[-0.0147379,0.418458,-0.908117]]],"btipPosition":[55.0917,214.939,0.74265],"carpPosition":[71.7708,228.784,52.5298],"dipPosition":[54.8171,222.736,-16.1776],"direction":[-0.2666,-0.823818,0.500249],"extended":false,"handId":724,"id":7243,"length":64.2502,"mcpPosition":[80.2467,267.521,4.26281],"pipPosition":[62.182,245.494,-29.9972],"stabilizedTipPosition":[40.9099,191.345,32.2743],"timeVisible":23.1474,"tipPosition":[55.2224,216.601,-2.35549],"tipVelocity":[104.864,303.234,-285.467],"tool":false,"touchDistance":0.333333,"touchZone":"none","type":3,"width":18.027},{"bases":[[[0.778132,-0.597646,-0.193211],[0.563005,0.527294,0.636386],[-0.278454,-0.60397,0.746782]],[[0.709522,-0.703244,-0.0450156],[0.547689,0.590519,-0.592726],[0.443414,0.395898,0.804145]],[[0.709522,-0.703244,-0.0450156],[-0.367157,-0.314398,-0.875414],[0.601477,0.637653,-0.481273]],[[0.709522,-0.703244,-0.0450156],[-0.65751,-0.637693,-0.401284],[0.253494,0.314318,-0.914847]]],"btipPosition":[65.7743,223.152,0.43922],"carpPosition":[81.3971,220.027,46.8645],"dipPosition":[70.1317,228.555,-15.2862],"direction":[-0.601477,-0.637653,0.481273],"extended":false,"handId":724,"id":7244,"length":50.3709,"mcpPosition":[97.4986,254.952,3.682],"pipPosition":[81.8633,240.992,-24.6732],"stabilizedTipPosition":[57.2161,204.452,20.6639],"timeVisible":23.1474,"tipPosition":[66.8181,224.262,-2.38582],"tipVelocity":[101.694,311.844,-280.043],"tool":false,"touchDistance":0.333333,"touchZone":"none","type":4,"width":16.013}],"r":[[0.916335,0.08943,0.390297],[-0.183622,0.960057,0.211124],[-0.355827,-0.265127,0.896156]],"s":1.02051,"t":[51.3194,76.2759,-98.4126],"timestamp":524142993413},false],[4,{"currentFrameRate":110.043,"devices":[],"gestures":[],"hands":[{"armBasis":[[0.913079,-0.0863387,-0.398538],[0.232484,0.913154,0.334814],[0.335019,-0.398365,0.853854]],"armWidth":63.5437,"confidence":0.626281,"direction":[0.0515167,0.7499,-0.659542],"elbow":[156.294,110.748,281.469],"grabStrength":0,"id":724,"palmNormal":[-0.236464,-0.632479,-0.737601],"palmPosition":[60.4687,257.141,13.9722],"palmVelocity":[66.3188,291.647,-234.699],"palmWidth":90.7382,"pinchStrength":0.91046,"r":[[0.91393,0.0923573,0.395224],[-0.18962,0.958122,0.214586],[-0.358855,-0.271058,0.893169]],"s":1.0181,"sphereCenter":[43.161,247.101,-27.3369],"sphereRadius":44.9413,"stabilizedPalmPosition":[53.5562,236.181,38.1498],"t":[51.8544,78.8902,-100.437],"timeVisible":23.1566,"type":"right","wrist":[66.0889,218.009,51.5663]}],"id":4319393,"interactionBox":{"center":[0,200,0],"size":[235.247,235.247,147.751]},"pointables":[{"bases":[[[0.611988,0.633989,0.472789],[-0.695226,0.146289,0.703748],[0.377005,-0.75938,0.530293]],[[0.405918,0.887913,0.216431],[-0.760043,0.196465,0.619465],[0.50751,-0.415948,0.7546]],[[0.405918,0.887913,0.216431],[-0.913857,0.391806,0.106552],[0.00981043,-0.241038,0.970466]],[[0.405918,0.887913,0.216431],[-0.450843,0.400545,-0.797687],[-0.794966,0.226219,0.562897]]],"btipPosition":[28.7387,237.774,-33.7102],"carpPosition":[35.7823,214.152,49.9878],"dipPosition":[10.1852,243.053,-20.5728],"direction":[-0.00981043,0.241038,-0.970466],"extended":false,"handId":724,"id":7240,"length":51.9721,"mcpPosition":[35.7823,214.152,49.9878],"pipPosition":[10.5187,234.858,12.4242],"stabilizedTipPosition":[9.74822,211.011,15.3804],"timeVisible":23.1566,"tipPosition":[25.4439,238.818,-30.2524],"tipVelocity":[69.4823,299.756,-271.086],"tool":false,"touchDistance":-0.664889,"touchZone":"touching","type":0,"width":20.194},{"bases":[[[0.965149,-0.0652932,-0.253424],[0.217215,0.739974,0.636597],[0.145962,-0.669459,0.728368]],[[0.966147,-0.069977,-0.24832],[0.184724,0.859557,0.476485],[0.180103,-0.506226,0.843385]],[[0.966147,-0.069977,-0.24832],[0.142307,0.947392,0.286701],[0.215194,-0.312333,0.925278]],[[0.966147,-0.069977,-0.24832],[0.106236,0.98503,0.135753],[0.235104,-0.157538,0.959118]]],"btipPosition":[21.1292,313.944,-72.0468],"carpPosition":[48.7468,232.927,56.1684],"dipPosition":[25.135,311.259,-55.7051],"direction":[-0.215194,0.312333,-0.925278],"extended":true,"handId":724,"id":7241,"length":58.6448,"mcpPosition":[38.0382,282.043,2.73094],"pipPosition":[30.3219,303.731,-33.4026],"stabilizedTipPosition":[12.07,287.971,-29.0023],"timeVisible":23.1566,"tipPosition":[21.8475,314.085,-67.8796],"tipVelocity":[74.2527,267.95,-242.778],"tool":false,"touchDistance":-0.626805,"touchZone":"touching","type":1,"width":19.2893},{"bases":[[[0.92473,-0.280324,-0.257476],[0.380409,0.703405,0.600425],[0.0127963,-0.653177,0.757097]],[[0.924812,-0.286862,-0.249868],[0.112675,0.833885,-0.540314],[0.363357,0.471535,0.803509]],[[0.924812,-0.286862,-0.249868],[-0.345429,-0.358031,-0.867463],[0.159382,0.888552,-0.430202]],[[0.924812,-0.286862,-0.249868],[-0.368859,-0.836885,-0.404433],[-0.0930941,0.46619,-0.879773]]],"btipPosition":[39.6227,222.629,-8.86798],"carpPosition":[60.7536,233.783,53.7428],"dipPosition":[37.8781,231.366,-25.3549],"direction":[-0.159382,-0.888552,0.430202],"extended":false,"handId":724,"id":7242,"length":66.821,"mcpPosition":[59.8633,279.228,1.06782],"pipPosition":[42.3978,256.563,-37.5544],"stabilizedTipPosition":[20.7469,192.085,39.7167],"timeVisible":23.1566,"tipPosition":[39.4294,224.358,-11.5562],"tipVelocity":[83.5374,304.425,-297.703],"tool":false,"touchDistance":0.333333,"touchZone":"none","type":2,"width":18.9446},{"bases":[[[0.885208,-0.425611,-0.187781],[0.445719,0.660399,0.604324],[-0.133196,-0.61865,0.774294]],[[0.888117,-0.410827,-0.206083],[0.214818,0.767418,-0.604088],[0.406327,0.49223,0.76981]],[[0.888117,-0.410827,-0.206083],[-0.374443,-0.386709,-0.842762],[0.266535,0.825638,-0.497274]],[[0.888117,-0.410827,-0.206083],[-0.459347,-0.808765,-0.367287],[-0.0157815,0.420857,-0.90699]]],"btipPosition":[55.505,217.595,-1.50688],"carpPosition":[72.358,231.532,50.5236],"dipPosition":[55.2109,225.437,-18.4062],"direction":[-0.266535,-0.825638,0.497274],"extended":false,"handId":724,"id":7243,"length":64.2502,"mcpPosition":[80.6784,270.177,2.15609],"pipPosition":[62.5741,248.245,-32.1435],"stabilizedTipPosition":[42.8989,195.186,27.1171],"timeVisible":23.1566,"tipPosition":[55.6307,219.268,-4.54975],"tipVelocity":[88.0136,299.642,-274.025],"tool":false,"touchDistance":0.333333,"touchZone":"none","type":3,"width":18.027},{"bases":[[[0.777947,-0.59758,-0.194156],[0.564445,0.528894,0.633777],[-0.276045,-0.602635,0.748752]],[[0.709508,-0.703258,-0.0450155],[0.54785,0.590643,-0.592454],[0.443236,0.395689,0.804346]],[[0.709508,-0.703258,-0.0450155],[-0.366576,-0.313769,-0.875883],[0.601847,0.637948,-0.480419]],[[0.709508,-0.703258,-0.0450155],[-0.657554,-0.63772,-0.401168],[0.253417,0.314232,-0.914898]]],"btipPosition":[66.212,225.82,-1.71271],"carpPosition":[81.9738,222.77,44.8493],"dipPosition":[70.5681,231.221,-17.439],"direction":[-0.601847,-0.637948,0.480419],"extended":false,"handId":724,"id":7244,"length":50.3709,"mcpPosition":[97.936,257.617,1.55292],"pipPosition":[82.3069,243.664,-26.8094],"stabilizedTipPosition":[58.8989,208.257,16.2888],"timeVisible":23.1566,"tipPosition":[67.2564,226.928,-4.52516],"tipVelocity":[86.6007,305.904,-267.3],"tool":false,"touchDistance":0.333333,"touchZone":"none","type":4,"width":16.013}],"r":[[0.91393,0.0923573,0.395224],[-0.18962,0.958122,0.214586],[-0.358855,-0.271058,0.893169]],"s":1.0181,"t":[51.8544,78.8902,-100.437],"timestamp":524143002594},false],[5,{"currentFrameRate":110.172,"devices":[],"gestures":[],"hands":[{"armBasis":[[0.916437,-0.0860891,-0.390809],[0.231353,0.910822,0.341876],[0.326526,-0.403723,0.854628]],"armWidth":63.5437,"confidence":0.635101,"direction":[0.0522857,0.747521,-0.662177],"elbow":[154.356,111.665,279.757],"grabStrength":0,"id":724,"palmNormal":[-0.233987,-0.635455,-0.735831],"palmPosition":[60.866,259.356,11.8948],"palmVelocity":[60.5218,280.462,-234.724],"palmWidth":90.7382,"pinchStrength":0.907859,"r":[[0.911762,0.0951658,0.399541],[-0.194736,0.956658,0.216527],[-0.361618,-0.275226,0.890776]],"s":1.0161,"sphereCenter":[43.7939,249.046,-29.4937],"sphereRadius":44.9237,"stabilizedPalmPosition":[54.8093,240.154,33.6491],"t":[52.3206,81.3047,-102.487],"timeVisible":23.1655,"type":"right","wrist":[66.4383,220.369,49.6463]}],"id":4319394,"interactionBox":{"center":[0,200,0],"size":[235.247,235.247,147.751]},"pointables":[{"bases":[[[0.610147,0.636404,0.471921],[-0.697083,0.148112,0.701525],[0.376557,-0.757002,0.533997]],[[0.40383,0.889583,0.213457],[-0.763251,0.198983,0.614698],[0.504351,-0.411155,0.75933]],[[0.40383,0.889583,0.213457],[-0.914757,0.389618,0.106854],[0.0118889,-0.238413,0.971091]],[[0.40383,0.889583,0.213457],[-0.451537,0.396745,-0.799192],[-0.795635,0.226354,0.561897]]],"btipPosition":[29.1985,239.763,-35.9223],"carpPosition":[36.1399,216.473,48.009],"dipPosition":[10.6293,245.046,-22.8083],"direction":[-0.0118889,0.238413,-0.971091],"extended":false,"handId":724,"id":7240,"length":51.9721,"mcpPosition":[36.1399,216.473,48.009],"pipPosition":[11.0336,236.94,10.21],"stabilizedTipPosition":[11.3472,214.167,10.294],"timeVisible":23.1655,"tipPosition":[25.8752,240.828,-32.4409],"tipVelocity":[64.6317,279.507,-265.547],"tool":false,"touchDistance":-0.659996,"touchZone":"touching","type":0,"width":20.194},{"bases":[[[0.965829,-0.0651581,-0.250854],[0.214864,0.742555,0.634386],[0.144938,-0.666608,0.731182]],[[0.966828,-0.0698604,-0.245689],[0.182399,0.862189,0.472611],[0.178813,-0.501747,0.846331]],[[0.966828,-0.0698604,-0.245689],[0.140241,0.949109,0.282],[0.213485,-0.307101,0.927423]],[[0.966828,-0.0698604,-0.245689],[0.104432,0.985918,0.130616],[0.233104,-0.151941,0.960508]]],"btipPosition":[21.6569,315.679,-74.4716],"carpPosition":[49.0688,235.285,54.1516],"dipPosition":[25.6286,313.09,-58.1062],"direction":[-0.213485,0.307101,-0.927423],"extended":true,"handId":724,"id":7241,"length":58.6448,"mcpPosition":[38.4353,284.191,0.507738],"pipPosition":[30.7743,305.688,-35.752],"stabilizedTipPosition":[13.3454,291.264,-34.0678],"timeVisible":23.1655,"tipPosition":[22.3823,315.844,-70.3076],"tipVelocity":[70.0577,249.174,-251.074],"tool":false,"touchDistance":-0.628748,"touchZone":"touching","type":1,"width":19.2893},{"bases":[[[0.925656,-0.280247,-0.25421],[0.378186,0.706034,0.598742],[0.0116853,-0.650368,0.75953]],[[0.925727,-0.286739,-0.246599],[0.113031,0.832009,-0.543125],[0.360908,0.474912,0.802623]],[[0.925727,-0.286739,-0.246599],[-0.342938,-0.361536,-0.866998],[0.159448,0.887171,-0.433017]],[[0.925727,-0.286739,-0.246599],[-0.366968,-0.838718,-0.40235],[-0.0914574,0.46296,-0.881648]]],"btipPosition":[40.112,224.733,-10.8706],"carpPosition":[61.0805,236.145,51.7518],"dipPosition":[38.3981,233.409,-27.3927],"direction":[-0.159448,-0.887171,0.433017],"extended":false,"handId":724,"id":7242,"length":66.821,"mcpPosition":[60.2675,281.395,-1.09238],"pipPosition":[42.9197,258.567,-39.6721],"stabilizedTipPosition":[22.6777,195.611,34.1814],"timeVisible":23.1655,"tipPosition":[39.9211,226.457,-13.5792],"tipVelocity":[76.1128,285.96,-278.636],"tool":false,"touchDistance":0.333333,"touchZone":"none","type":2,"width":18.9446},{"bases":[[[0.886126,-0.42532,-0.184076],[0.443533,0.663115,0.602957],[-0.134386,-0.615939,0.776247]],[[0.889156,-0.410082,-0.203063],[0.216605,0.76806,-0.602633],[0.403093,0.49185,0.771751]],[[0.889156,-0.410082,-0.203063],[-0.370795,-0.385608,-0.844877],[0.268167,0.826522,-0.494922]],[[0.889156,-0.410082,-0.203063],[-0.457423,-0.809015,-0.369133],[-0.0129062,0.421102,-0.906921]]],"btipPosition":[55.9618,219.777,-3.73625],"carpPosition":[72.6951,233.895,48.569],"dipPosition":[55.7214,227.623,-20.6343],"direction":[-0.268167,-0.826522,0.494922],"extended":false,"handId":724,"id":7243,"length":64.2502,"mcpPosition":[81.0898,272.37,0.0794373],"pipPosition":[63.1296,250.456,-34.3067],"stabilizedTipPosition":[44.6737,198.788,22.377],"timeVisible":23.1655,"tipPosition":[56.0896,221.451,-6.74112],"tipVelocity":[78.5448,285.307,-268.045],"tool":false,"touchDistance":0.333333,"touchZone":"none","type":3,"width":18.027},{"bases":[[[0.779069,-0.59743,-0.190075],[0.562332,0.53185,0.633181],[-0.27719,-0.600177,0.750302]],[[0.710062,-0.702996,-0.0401174],[0.551764,0.590896,-0.588556],[0.437458,0.395776,0.807461]],[[0.710062,-0.702996,-0.0401174],[-0.359861,-0.313327,-0.878821],[0.605237,0.638453,-0.475463]],[[0.710062,-0.702996,-0.0401174],[-0.654784,-0.638263,-0.404819],[0.258981,0.313715,-0.913516]]],"btipPosition":[66.6806,228.027,-3.93167],"carpPosition":[82.3342,225.122,42.9502],"dipPosition":[71.1323,233.419,-19.6342],"direction":[-0.605237,-0.638453,0.475463],"extended":false,"handId":724,"id":7244,"length":50.3709,"mcpPosition":[98.3626,259.827,-0.435795],"pipPosition":[82.9372,245.872,-28.9079],"stabilizedTipPosition":[60.3586,211.74,12.3382],"timeVisible":23.1655,"tipPosition":[67.7405,229.128,-6.70001],"tipVelocity":[78.1692,290.545,-262.664],"tool":false,"touchDistance":0.333333,"touchZone":"none","type":4,"width":16.013}],"r":[[0.911762,0.0951658,0.399541],[-0.194736,0.956658,0.216527],[-0.361618,-0.275226,0.890776]],"s":1.0161,"t":[52.3206,81.3047,-102.487],"timestamp":524143011442},false],[6,{"currentFrameRate":110.048,"devices":[],"gestures":[],"hands":[{"armBasis":[[0.917451,-0.0896386,-0.387619],[0.233239,0.910482,0.341499],[0.322309,-0.403716,0.85623]],"armWidth":63.5437,"confidence":0.640795,"direction":[0.0529019,0.743011,-0.667185],"elbow":[153.457,114.786,277.767],"grabStrength":0,"id":724,"palmNormal":[-0.235352,-0.640023,-0.731423],"palmPosition":[61.1324,262.23,9.21709],"palmVelocity":[51.5117,288.48,-249.699],"palmWidth":90.7382,"pinchStrength":0.906312,"r":[[0.910082,0.097675,0.402752],[-0.19853,0.955814,0.216807],[-0.36378,-0.277271,0.889261]],"s":1.01449,"sphereCenter":[44.0919,251.614,-32.1394],"sphereRadius":44.9152,"stabilizedPalmPosition":[55.9673,244.197,29.1746],"t":[52.6868,83.949,-104.851],"timeVisible":23.1748,"type":"right","wrist":[66.6746,223.488,47.2245]}],"id":4319395,"interactionBox":{"center":[0,200,0],"size":[235.247,235.247,147.751]},"pointables":[{"bases":[[[0.611342,0.638684,0.467273],[-0.696421,0.153768,0.700966],[0.375844,-0.753949,0.538798]],[[0.404874,0.890664,0.206867],[-0.763656,0.204941,0.612233],[0.502899,-0.405852,0.763136]],[[0.404874,0.890664,0.206867],[-0.914249,0.390606,0.107588],[0.0150215,-0.232688,0.972436]],[[0.404874,0.890664,0.206867],[-0.4525,0.391761,-0.801104],[-0.794557,0.230739,0.561639]]],"btipPosition":[29.3689,242.353,-38.528],"carpPosition":[36.3697,219.624,45.6326],"dipPosition":[10.8249,247.738,-25.42],"direction":[-0.0150215,0.232688,-0.972436],"extended":false,"handId":724,"id":7240,"length":51.9721,"mcpPosition":[36.3697,219.624,45.6326],"pipPosition":[11.3357,239.827,7.64406],"stabilizedTipPosition":[12.937,217.568,5.00033],"timeVisible":23.1748,"tipPosition":[26.0254,243.455,-35.0362],"tipVelocity":[51.7241,279.882,-269.67],"tool":false,"touchDistance":-0.661435,"touchZone":"touching","type":0,"width":20.194},{"bases":[[[0.965575,-0.0681856,-0.25103],[0.216313,0.746471,0.629277],[0.144479,-0.661915,0.735523]],[[0.966574,-0.0728713,-0.245815],[0.18388,0.865163,0.466563],[0.178671,-0.496168,0.849643]],[[0.966574,-0.0728713,-0.245815],[0.141747,0.950792,0.275503],[0.213643,-0.301138,0.92934]],[[0.966574,-0.0728713,-0.245815],[0.105916,0.986614,0.123996],[0.233489,-0.145887,0.961353]]],"btipPosition":[21.9463,318.022,-77.5031],"carpPosition":[49.3289,238.458,51.6412],"dipPosition":[25.9246,315.536,-61.1233],"direction":[-0.213643,0.301138,-0.92934],"extended":true,"handId":724,"id":7241,"length":58.6448,"mcpPosition":[38.729,287.02,-2.3212],"pipPosition":[31.0741,308.278,-38.7229],"stabilizedTipPosition":[14.5459,294.568,-39.0724],"timeVisible":23.1748,"tipPosition":[22.6775,318.205,-73.3452],"tipVelocity":[59.1002,250.631,-272.067],"tool":false,"touchDistance":-0.639628,"touchZone":"touching","type":1,"width":19.2893},{"bases":[[[0.925098,-0.283235,-0.252924],[0.37956,0.709483,0.593774],[0.0112679,-0.645299,0.763847]],[[0.925165,-0.289668,-0.24528],[0.113826,0.828204,-0.548745],[0.362096,0.479761,0.799197]],[[0.925165,-0.289668,-0.24528],[-0.344004,-0.366798,-0.864361],[0.160409,0.884054,-0.438996]],[[0.925165,-0.289668,-0.24528],[-0.368404,-0.840841,-0.396566],[-0.0913692,0.457251,-0.884632]]],"btipPosition":[40.3148,227.483,-13.3046],"carpPosition":[61.3402,239.286,49.228],"dipPosition":[38.6025,236.052,-29.8826],"direction":[-0.160409,-0.884054,0.438996],"extended":false,"handId":724,"id":7242,"length":66.821,"mcpPosition":[60.5562,284.182,-3.91654],"pipPosition":[43.1513,261.122,-42.3316],"stabilizedTipPosition":[24.6229,199.429,28.3943],"timeVisible":23.1748,"tipPosition":[40.1233,229.192,-16.0313],"tipVelocity":[60.7786,287.914,-274.202],"tool":false,"touchDistance":0.333333,"touchZone":"none","type":2,"width":18.9446},{"bases":[[[0.885411,-0.427782,-0.181798],[0.44485,0.666502,0.598233],[-0.134745,-0.610555,0.780427]],[[0.888556,-0.412088,-0.201622],[0.218126,0.766119,-0.604552],[0.403595,0.493199,0.770627]],[[0.888556,-0.412088,-0.201622],[-0.370902,-0.386629,-0.844364],[0.269999,0.825047,-0.496385]],[[0.888556,-0.412088,-0.201622],[-0.458609,-0.809435,-0.366734],[-0.0120732,0.418329,-0.908215]]],"btipPosition":[56.1502,222.575,-6.39888],"carpPosition":[72.9496,236.998,46.0528],"dipPosition":[55.9253,230.37,-23.321],"direction":[-0.269999,-0.825047,0.496385],"extended":false,"handId":724,"id":7243,"length":64.2502,"mcpPosition":[81.3666,275.137,-2.69781],"pipPosition":[63.3841,253.162,-37.0338],"stabilizedTipPosition":[46.3441,202.528,17.6007],"timeVisible":23.1748,"tipPosition":[56.2717,224.243,-9.38347],"tipVelocity":[62.1859,289.313,-273.319],"tool":false,"touchDistance":0.333333,"touchZone":"none","type":3,"width":18.027},{"bases":[[[0.77811,-0.599777,-0.18658],[0.563485,0.535276,0.629258],[-0.277543,-0.594766,0.754469]],[[0.708822,-0.704496,-0.0354558],[0.554762,0.587803,-0.588835],[0.435673,0.397709,0.807475]],[[0.708822,-0.704496,-0.0354558],[-0.35733,-0.315278,-0.879156],[0.608183,0.635834,-0.475214]],[[0.708822,-0.704496,-0.0354558],[-0.654999,-0.6387,-0.403781],[0.261817,0.309433,-0.914168]]],"btipPosition":[66.8964,230.822,-6.63037],"carpPosition":[82.5727,228.174,40.4866],"dipPosition":[71.3968,236.141,-22.3441],"direction":[-0.608183,-0.635834,0.475214],"extended":false,"handId":724,"id":7244,"length":50.3709,"mcpPosition":[98.6216,262.567,-3.14032],"pipPosition":[83.2592,248.543,-31.613],"stabilizedTipPosition":[61.6821,215.289,8.3913],"timeVisible":23.1748,"tipPosition":[67.962,231.907,-9.3784],"tipVelocity":[62.9778,292.822,-270.462],"tool":false,"touchDistance":0.333333,"touchZone":"none","type":4,"width":16.013}],"r":[[0.910082,0.097675,0.402752],[-0.19853,0.955814,0.216807],[-0.36378,-0.277271,0.889261]],"s":1.01449,"t":[52.6868,83.949,-104.851],"timestamp":524143020748},false],[7,{"currentFrameRate":110.151,"devices":[],"gestures":[],"hands":[{"armBasis":[[0.909929,-0.0852292,-0.405912],[0.232169,0.9