{"sensorType":"Leap","data":[[0,{"currentFrameRate":110.455,"devices":[],"gestures":[],"hands":[{"armBasis":[[-0.910292,-0.28808,0.297285],[0.128867,-0.879654,-0.457824],[0.393397,-0.378443,0.837866]],"armWidth":63.487,"confidence":0.431633,"direction":[-0.332843,0.312847,-0.889574],"elbow":[163.892,139.118,259.641],"grabStrength":0.405014,"id":689,"palmNormal":[-0.159184,0.911184,0.380007],"palmPosition":[46.5295,263.714,-13.9069],"palmVelocity":[20.9911,81.5537,-126.448],"palmWidth":90.6573,"pinchStrength":0.561884,"r":[[-0.905562,-0.389317,0.168491],[0.0758032,-0.539297,-0.838697],[0.417385,-0.74672,0.517879]],"s":0.690562,"sphereCenter":[20.7866,318.453,-7.73289],"sphereRadius":55.8442,"stabilizedPalmPosition":[5.10333,253.691,72.8995],"t":[-27.4181,37.4912,-160.434],"timeVisible":13.151,"type":"right","wrist":[58.0635,240.924,34.244]}],"id":4266919,"interactionBox":{"center":[0,200,0],"size":[235.247,235.247,147.751]},"pointables":[{"bases":[[[-0.296578,-0.861819,-0.411473],[0.949101,-0.313831,-0.026775],[-0.106058,-0.39847,0.911029]],[[-0.222069,-0.606454,-0.763478],[0.94182,-0.336044,-0.00701311],[-0.252309,-0.720616,0.645796]],[[-0.222069,-0.606454,-0.763478],[0.973199,-0.0898895,-0.211668],[0.0597384,-0.790021,0.610163]],[[-0.222069,-0.606454,-0.763478],[0.922994,0.121634,-0.365085],[0.314272,-0.78576,0.532743]]],"btipPosition":[87.0763,338.277,-31.1028],"carpPosition":[83.8853,257.277,34.1662],"dipPosition":[94.4045,319.955,-18.6803],"direction":[-0.0597384,0.790021,-0.610163],"extended":true,"handId":689,"id":6890,"length":51.9258,"mcpPosition":[83.8853,257.277,34.1662],"pipPosition":[96.4339,293.117,2.04746],"stabilizedTipPosition":[87.3499,330.623,-20.7699],"timeVisible":13.151,"tipPosition":[89.0496,333.392,-28.6781],"tipVelocity":[16.7457,86.2624,-122.092],"tool":false,"touchDistance":0.333333,"touchZone":"hovering","type":0,"width":20.176},{"bases":[[[-0.97214,-0.211755,0.100521],[0.131899,-0.848676,-0.512202],[0.193772,-0.484673,0.852962]],[[-0.947227,-0.260209,0.187221],[-0.0440924,-0.472728,-0.880104],[0.317515,-0.841914,0.436308]],[[-0.947227,-0.260209,0.187221],[-0.306326,0.562627,-0.767864],[0.0944698,-0.784693,-0.612644]],[[-0.947227,-0.260209,0.187221],[-0.291806,0.941685,-0.167569],[-0.1327,-0.213358,-0.96792]]],"btipPosition":[48.1581,334.801,-30.6524],"carpPosition":[75.969,240.707,19.3158],"dipPosition":[45.8991,331.169,-47.1294],"direction":[-0.0944698,0.784693,0.612644],"extended":false,"handId":689,"id":6891,"length":58.5925,"mcpPosition":[61.7654,276.233,-43.2068],"pipPosition":[48.1741,312.272,-61.8831],"stabilizedTipPosition":[3.37549,312.813,87.8818],"timeVisible":13.151,"tipPosition":[46.5325,333.768,-38.0372],"tipVelocity":[16.9376,81.5449,-134.086],"tool":false,"touchDistance":0.333333,"touchZone":"none","type":1,"width":19.2721},{"bases":[[[-0.945169,-0.127487,0.300671],[-0.0301295,-0.882693,-0.468983],[0.325189,-0.452327,0.830453]],[[-0.919762,-0.159205,0.358737],[-0.2353,-0.50787,-0.828675],[0.314121,-0.846594,0.429658]],[[-0.919762,-0.159205,0.358737],[-0.385073,0.542762,-0.74641],[-0.0758762,-0.824659,-0.560518]],[[-0.919762,-0.159205,0.358737],[-0.23642,0.954334,-0.182628],[-0.313279,-0.252787,-0.915399]]],"btipPosition":[34.606,337.179,-26.1746],"carpPosition":[64.2808,236.982,19.1664],"dipPosition":[28.7403,332.446,-43.3139],"direction":[0.0758762,0.824659,0.560518],"extended":false,"handId":689,"id":6892,"length":66.7614,"mcpPosition":[41.676,268.424,-38.5607],"pipPosition":[26.5906,309.081,-59.1947],"stabilizedTipPosition":[-17.7276,296.152,153.129],"timeVisible":13.151,"tipPosition":[32.0642,336.125,-32.4832],"tipVelocity":[15.4581,79.9085,-138.716],"tool":false,"touchDistance":0.333333,"touchZone":"none","type":2,"width":18.9277},{"bases":[[[-0.882034,-0.125755,0.454094],[-0.0871988,-0.903515,-0.419591],[0.463047,-0.40969,0.785965]],[[-0.870834,-0.135411,0.472559],[-0.199769,-0.780869,-0.591891],[0.449156,-0.609842,0.652957]],[[-0.870834,-0.135411,0.472559],[-0.42919,-0.259261,-0.865205],[0.239674,-0.956267,0.167657]],[[-0.870834,-0.135411,0.472559],[-0.491261,0.205271,-0.846479],[0.0176197,-0.969292,-0.245279]]],"btipPosition":[-3.36133,332.161,-56.4523],"carpPosition":[52.4757,235.007,21.7291],"dipPosition":[-3.03333,314.117,-61.0183],"direction":[-0.239674,0.956267,-0.167657],"extended":false,"handId":689,"id":6893,"length":64.1929,"mcpPosition":[23.5766,260.576,-27.3237],"pipPosition":[3.58185,287.724,-56.3909],"stabilizedTipPosition":[-26.3162,278.335,177.049],"timeVisible":13.151,"tipPosition":[-3.7255,327.072,-59.6092],"tipVelocity":[21.5799,76.8274,-117.503],"tool":false,"touchDistance":-0.376033,"touchZone":"hovering","type":3,"width":18.0109},{"bases":[[[-0.795899,-0.0212998,0.605054],[-0.182072,-0.944698,-0.272757],[0.577403,-0.32725,0.748006]],[[-0.718111,-0.0617374,0.693185],[-0.61562,-0.408153,-0.674109],[0.324543,-0.910823,0.255093]],[[-0.718111,-0.0617374,0.693185],[-0.559307,0.643908,-0.522071],[-0.414116,-0.762608,-0.496928]],[[-0.718111,-0.0617374,0.693185],[-0.197411,0.973214,-0.117832],[-0.667342,-0.221458,-0.711063]]],"btipPosition":[15.8001,307.548,-0.672373],"carpPosition":[41.0613,237.889,29.6338],"dipPosition":[4.33932,303.745,-12.884],"direction":[0.414116,0.762608,0.496928],"extended":false,"handId":689,"id":6894,"length":50.326,"mcpPosition":[7.70296,256.795,-13.5809],"pipPosition":[-3.73067,288.883,-22.5678],"stabilizedTipPosition":[-16.4856,264.04,154.588],"timeVisible":13.151,"tipPosition":[5.00058,305.453,-9.13215],"tipVelocity":[11.7907,79.8266,-141.184],"tool":false,"touchDistance":0.333333,"touchZone":"none","type":4,"width":15.9987}],"r":[[-0.905562,-0.389317,0.168491],[0.0758032,-0.539297,-0.838697],[0.417385,-0.74672,0.517879]],"s":0.690562,"t":[-27.4181,37.4912,-160.434],"timestamp":523614282356},false],[1,{"currentFrameRate":110.477,"devices":[],"gestures":[],"hands":[{"armBasis":[[-0.910153,-0.282903,0.302635],[0.124701,-0.883729,-0.45108],[0.395059,-0.372813,0.839607]],"armWidth":63.487,"confidence":0.438183,"direction":[-0.334392,0.326139,-0.884204],"elbow":[164.123,140.906,258.511],"grabStrength":0.40698,"id":689,"palmNormal":[-0.148103,0.90837,0.391062],"palmPosition":[46.2871,264.642,-15.1826],"palmVelocity":[7.82698,87.4283,-130.606],"palmWidth":90.6573,"pinchStrength":0.562227,"r":[[-0.906656,-0.387954,0.165727],[0.0771683,-0.538724,-0.838941],[0.414752,-0.747842,0.518375]],"s":0.689673,"sphereCenter":[21.1187,319.548,-8.25838],"sphereRadius":55.8353,"stabilizedPalmPosition":[5.96209,253.919,71.0628],"t":[-27.4687,38.4064,-161.628],"timeVisible":13.16,"type":"right","wrist":[57.847,241.197,32.6467]}],"id":4266920,"interactionBox":{"center":[0,200,0],"size":[235.247,235.247,147.751]},"pointables":[{"bases":[[[-0.307305,-0.854146,-0.419522],[0.945776,-0.322885,-0.0353992],[-0.105221,-0.407652,0.907055]],[[-0.232066,-0.595429,-0.769162],[0.938336,-0.345365,-0.0157519],[-0.256262,-0.725388,0.63886]],[[-0.232066,-0.595429,-0.769162],[0.971135,-0.0969897,-0.217922],[0.055156,-0.797532,0.60075]],[[-0.232066,-0.595429,-0.769162],[0.921873,0.117634,-0.369205],[0.310315,-0.79475,0.521611]]],"btipPosition":[87.4652,338.996,-31.7311],"carpPosition":[83.8295,257.293,32.6136],"dipPosition":[94.7011,320.464,-19.5682],"direction":[-0.055156,0.797532,-0.60075],"extended":true,"handId":689,"id":6890,"length":51.9258,"mcpPosition":[83.8295,257.293,32.6136],"pipPosition":[96.5748,293.371,0.839867],"stabilizedTipPosition":[87.4763,330.915,-21.3496],"timeVisible":13.16,"tipPosition":[89.4064,334.078,-29.3736],"tipVelocity":[23.3566,82.9969,-109.518],"tool":false,"touchDistance":0.333333,"touchZone":"hovering","type":0,"width":20.176},{"bases":[[[-0.973657,-0.203246,0.103363],[0.120746,-0.844109,-0.522399],[0.193426,-0.496157,0.846413]],[[-0.948754,-0.252948,0.189428],[-0.0536658,-0.461758,-0.885381],[0.311425,-0.850175,0.42452]],[[-0.948754,-0.252948,0.189428],[-0.304815,0.574322,-0.759764],[0.0833877,-0.77857,-0.621993]],[[-0.948754,-0.252948,0.189428],[-0.283311,0.94638,-0.155244],[-0.140002,-0.200956,-0.969544]]],"btipPosition":[48.5369,335.902,-31.1098],"carpPosition":[75.6706,240.971,17.6209],"dipPosition":[46.1536,332.481,-47.6145],"direction":[-0.0833877,0.77857,0.621993],"extended":false,"handId":689,"id":6891,"length":58.5925,"mcpPosition":[61.4924,277.339,-44.4216],"pipPosition":[48.1618,313.731,-62.5933],"stabilizedTipPosition":[4.08229,313.166,85.9365],"timeVisible":13.16,"tipPosition":[46.8891,334.969,-38.4193],"tipVelocity":[22.9666,94.1912,-111.379],"tool":false,"touchDistance":0.333333,"touchZone":"none","type":1,"width":19.2721},{"bases":[[[-0.944795,-0.121512,0.304298],[-0.0413834,-0.877006,-0.478694],[0.325039,-0.464861,0.823562]],[[-0.919384,-0.154151,0.361897],[-0.244764,-0.496026,-0.833096],[0.307933,-0.854515,0.418308]],[[-0.919384,-0.154151,0.361897],[-0.383606,0.55497,-0.738143],[-0.0870569,-0.817463,-0.569364]],[[-0.919384,-0.154151,0.361897],[-0.227882,0.958628,-0.170595],[-0.320628,-0.239312,-0.916476]]],"btipPosition":[35.0325,338.356,-26.5536],"carpPosition":[63.9453,237.363,17.4926],"dipPosition":[29.0293,333.875,-43.713],"direction":[0.0870569,0.817463,0.569364],"extended":false,"handId":689,"id":6892,"length":66.7614,"mcpPosition":[41.351,269.677,-39.7556],"pipPosition":[26.5627,310.715,-59.8445],"stabilizedTipPosition":[-17.1719,296.598,151.143],"timeVisible":13.16,"tipPosition":[32.4612,337.397,-32.8338],"tipVelocity":[23.2544,95.625,-112.29],"tool":false,"touchDistance":0.333333,"touchZone":"none","type":2,"width":18.9277},{"bases":[[[-0.880839,-0.122135,0.45739],[-0.0983964,-0.897818,-0.429233],[0.463077,-0.423091,0.778816]],[[-0.869407,-0.13231,0.476052],[-0.210619,-0.772319,-0.599302],[0.446958,-0.621303,0.643592]],[[-0.869407,-0.13231,0.476052],[-0.436828,-0.244414,-0.865704],[0.230895,-0.960602,0.154698]],[[-0.869407,-0.13231,0.476052],[-0.494062,0.221402,-0.840764],[0.00584287,-0.966165,-0.257858]]],"btipPosition":[-3.1448,334.039,-56.6301],"carpPosition":[52.1348,235.477,20.0964],"dipPosition":[-3.03603,316.054,-61.4303],"direction":[-0.230895,0.960602,-0.154698],"extended":false,"handId":689,"id":6893,"length":64.1929,"mcpPosition":[23.2337,261.882,-28.5102],"pipPosition":[3.33685,289.54,-57.1605],"stabilizedTipPosition":[-26.1058,278.803,174.921],"timeVisible":13.16,"tipPosition":[-3.56215,329.026,-59.7987],"tipVelocity":[20.7154,113.401,-92.2728],"tool":false,"touchDistance":-0.370238,"touchZone":"hovering","type":3,"width":18.0109},{"bases":[[[-0.792875,-0.020247,0.609047],[-0.1929,-0.939713,-0.282363],[0.578047,-0.341364,0.74117]],[[-0.714964,-0.0624772,0.696364],[-0.623221,-0.394486,-0.67526],[0.316894,-0.916776,0.243106]],[[-0.714964,-0.0624772,0.696364],[-0.555712,0.65519,-0.511772],[-0.424277,-0.752876,-0.503157]],[[-0.714964,-0.0624772,0.696364],[-0.188289,0.976407,-0.105716],[-0.67333,-0.206701,-0.70986]]],"btipPosition":[16.0633,308.623,-1.29405],"carpPosition":[40.7914,238.382,28.0942],"dipPosition":[4.4997,305.073,-13.485],"direction":[0.424277,0.752876,0.503157],"extended":false,"handId":689,"id":6894,"length":50.326,"mcpPosition":[7.39585,258.104,-14.7256],"pipPosition":[-3.7683,290.402,-23.2902],"stabilizedTipPosition":[-16.2434,264.394,153.303],"timeVisible":13.16,"tipPosition":[5.27088,306.741,-9.66894],"tipVelocity":[15.8577,92.4651,-121.196],"tool":false,"touchDistance":0.333333,"touchZone":"none","type":4,"width":15.9987}],"r":[[-0.906656,-0.387954,0.165727],[0.0771683,-0.538724,-0.838941],[0.414752,-0.747842,0.518375]],"s":0.689673,"t":[-27.4687,38.4064,-161.628],"timestamp":523614291367},false],[2,{"currentFrameRate":110.433,"devices":[],"gestures":[],"hands":[{"armBasis":[[-0.911069,-0.277655,0.304732],[0.120762,-0.886503,-0.446688],[0.394171,-0.370163,0.841195]],"armWidth":63.487,"confidence":0.445195,"direction":[-0.335828,0.332866,-0.881147],"elbow":[163.741,141.853,257.965],"grabStrength":0.409131,"id":689,"palmNormal":[-0.140461,0.907319,0.396286],"palmPosition":[46.1047,265.197,-15.988],"palmVelocity":[0.0962088,80.0147,-118.808],"palmWidth":90.6573,"pinchStrength":0.562543,"r":[[-0.907902,-0.385827,0.163867],[0.076859,-0.537514,-0.839745],[0.412077,-0.749811,0.517664]],"s":0.68901,"sphereCenter":[21.3213,320.22,-8.68388],"sphereRadius":55.8284,"stabilizedPalmPosition":[6.80177,254.155,69.242],"t":[-27.5852,39.1415,-162.627],"timeVisible":13.1692,"type":"right","wrist":[57.7039,241.432,31.6733]}],"id":4266921,"interactionBox":{"center":[0,200,0],"size":[235.247,235.247,147.751]},"pointables":[{"bases":[[[-0.314688,-0.849934,-0.422592],[0.943456,-0.328959,-0.0409399],[-0.104219,-0.41158,0.905395]],[[-0.239118,-0.589798,-0.771337],[0.935908,-0.351601,-0.0212871],[-0.258648,-0.726991,0.63607]],[[-0.239118,-0.589798,-0.771337],[0.969577,-0.102185,-0.222439],[0.052375,-0.80106,0.596288]],[[-0.239118,-0.589798,-0.771337],[0.920796,0.114367,-0.372901],[0.308152,-0.799412,0.515736]]],"btipPosition":[87.6916,339.366,-32.3023],"carpPosition":[83.7925,257.355,31.6151],"dipPosition":[94.8771,320.725,-20.2764],"direction":[-0.052375,0.80106,-0.596288],"extended":true,"handId":689,"id":6890,"length":51.9258,"mcpPosition":[83.7925,257.355,31.6151],"pipPosition":[96.6563,293.512,-0.0199388],"stabilizedTipPosition":[87.6068,331.206,-21.9214],"timeVisible":13.1692,"tipPosition":[89.6132,334.436,-29.9791],"tipVelocity":[23.4035,70.4313,-97.416],"tool":false,"touchDistance":0.333333,"touchZone":"hovering","type":0,"width":20.176},{"bases":[[[-0.974555,-0.197316,0.106341],[0.112995,-0.842207,-0.527181],[0.193582,-0.501751,0.843073]],[[-0.949616,-0.247648,0.192095],[-0.0605696,-0.456343,-0.88774],[0.307508,-0.854647,0.418351]],[[-0.949616,-0.247648,0.192095],[-0.304155,0.58027,-0.755498],[0.0756306,-0.775859,-0.626357]],[[-0.949616,-0.247648,0.192095],[-0.277659,0.949039,-0.1491],[-0.145381,-0.194925,-0.969984]]],"btipPosition":[48.7649,336.528,-31.536],"carpPosition":[75.464,241.164,16.5733],"dipPosition":[46.29,333.21,-48.0481],"direction":[-0.0756306,0.775859,0.626357],"extended":false,"handId":689,"id":6891,"length":58.5925,"mcpPosition":[61.2744,277.943,-45.2244],"pipPosition":[48.1114,314.526,-63.1321],"stabilizedTipPosition":[5.04352,313.658,83.294],"timeVisible":13.1692,"tipPosition":[47.1065,335.644,-38.7702],"tipVelocity":[22.8793,87.8031,-93.4351],"tool":false,"touchDistance":0.333333,"touchZone":"none","type":1,"width":19.2721},{"bases":[[[-0.94433,-0.116804,0.307568],[-0.0491689,-0.874252,-0.482975],[0.325306,-0.471211,0.819839]],[[-0.918887,-0.149921,0.364925],[-0.251517,-0.490018,-0.834639],[0.30395,-0.858724,0.412563]],[[-0.918887,-0.149921,0.364925],[-0.382951,0.561306,-0.733678],[-0.0948403,-0.813916,-0.573189]],[[-0.918887,-0.149921,0.364925],[-0.222214,0.960979,-0.164743],[-0.325986,-0.232472,-0.916346]]],"btipPosition":[35.2953,339.043,-26.9306],"carpPosition":[63.7146,237.635,16.4749],"dipPosition":[29.1918,334.69,-44.0876],"direction":[0.0948403,0.813916,0.573189],"extended":false,"handId":689,"id":6892,"length":66.7614,"mcpPosition":[41.1016,270.391,-40.5145],"pipPosition":[26.5047,311.63,-60.3275],"stabilizedTipPosition":[-16.3255,297.285,148.126],"timeVisible":13.1692,"tipPosition":[32.7059,338.131,-33.1796],"tipVelocity":[24.0871,90.8401,-92.5278],"tool":false,"touchDistance":0.333333,"touchZone":"none","type":2,"width":18.9277},{"bases":[[[-0.879754,-0.118634,0.46039],[-0.106116,-0.894939,-0.433386],[0.463435,-0.430128,0.774737]],[[-0.868073,-0.129192,0.479332],[-0.218077,-0.768158,-0.601977],[0.445973,-0.627091,0.638643]],[[-0.868073,-0.129192,0.479332],[-0.442491,-0.236368,-0.865062],[0.225058,-0.963037,0.148018]],[[-0.868073,-0.129192,0.479332],[-0.496431,0.230724,-0.836853],[-0.00247829,-0.964404,-0.26442]]],"btipPosition":[-3.03953,335.107,-56.8274],"carpPosition":[51.9025,235.814,19.1178],"dipPosition":[-3.08566,317.154,-61.7497],"direction":[-0.225058,0.963037,-0.148018],"extended":false,"handId":689,"id":6893,"length":64.1929,"mcpPosition":[22.9791,262.658,-29.2343],"pipPosition":[3.12609,290.574,-57.6643],"stabilizedTipPosition":[-25.6681,279.793,170.499],"timeVisible":13.1692,"tipPosition":[-3.48804,330.152,-59.9769],"tipVelocity":[17.0755,114.614,-73.4773],"tool":false,"touchDistance":-0.364928,"touchZone":"hovering","type":3,"width":18.0109},{"bases":[[[-0.790496,-0.0181078,0.6122],[-0.200295,-0.936958,-0.286343],[0.57879,-0.348973,0.737034]],[[-0.712445,-0.0613327,0.699042],[-0.628613,-0.38696,-0.674617],[0.311877,-0.920055,0.237133]],[[-0.712445,-0.0613327,0.699042],[-0.553531,0.661401,-0.506114],[-0.431306,-0.74752,-0.505162]],[[-0.712445,-0.0613327,0.699042],[-0.182184,0.978181,-0.0998536],[-0.677665,-0.198495,-0.708074]]],"btipPosition":[16.2286,309.304,-1.75353],"carpPosition":[40.6115,238.753,27.1769],"dipPosition":[4.59055,305.895,-13.9138],"direction":[0.431306,0.74752,0.505162],"extended":false,"handId":689,"id":6894,"length":50.326,"mcpPosition":[7.17297,258.915,-15.4039],"pipPosition":[-3.81443,291.328,-23.7581],"stabilizedTipPosition":[-15.8899,264.918,151.43],"timeVisible":13.1692,"tipPosition":[5.46035,307.546,-10.0449],"tipVelocity":[15.959,88.4676,-101.27],"tool":false,"touchDistance":0.333333,"touchZone":"none","type":4,"width":15.9987}],"r":[[-0.907902,-0.385827,0.163867],[0.076859,-0.537514,-0.839745],[0.412077,-0.749811,0.517664]],"s":0.68901,"t":[-27.5852,39.1415,-162.627],"timestamp":523614300501},false],[3,{"currentFrameRate":110.506,"devices":[],"gestures":[],"hands":[{"armBasis":[[-0.913727,-0.270346,0.303342],[0.115819,-0.888857,-0.443304],[0.389473,-0.369926,0.843484]],"armWidth":63.487,"confidence":0.430311,"direction":[-0.337525,0.33516,-0.879628],"elbow":[162.512,142.158,257.821],"grabStrength":0.412124,"id":689,"palmNormal":[-0.133876,0.907875,0.397292],"palmPosition":[46.0789,265.526,-16.6893],"palmVelocity":[-0.718239,68.2682,-107.852],"palmWidth":90.6573,"pinchStrength":0.562831,"r":[[-0.909183,-0.383136,0.163073],[0.0753494,-0.536543,-0.840502],[0.409522,-0.751883,0.516685]],"s":0.688484,"sphereCenter":[21.6181,320.663,-9.2654],"sphereRadius":55.8186,"stabilizedPalmPosition":[7.56883,254.377,67.5638],"t":[-27.6563,39.6737,-163.478],"timeVisible":13.1781,"type":"right","wrist":[57.7383,241.673,30.9134]}],"id":4266922,"interactionBox":{"center":[0,200,0],"size":[235.247,235.247,147.751]},"pointables":[{"bases":[[[-0.321053,-0.847974,-0.421742],[0.94146,-0.334122,-0.0448892],[-0.102848,-0.411465,0.905604]],[[-0.245414,-0.587952,-0.770769],[0.93383,-0.356833,-0.0251359],[-0.260257,-0.725936,0.636619]],[[-0.245414,-0.587952,-0.770769],[0.968107,-0.107291,-0.226403],[0.0504178,-0.801749,0.595531]],[[-0.245414,-0.587952,-0.770769],[0.919617,0.110364,-0.376994],[0.306719,-0.801331,0.513606]]],"btipPosition":[87.9927,339.479,-33.1111],"carpPosition":[83.9137,257.453,30.7582],"dipPosition":[95.1448,320.794,-21.1348],"direction":[-0.0504178,0.801749,-0.595531],"extended":true,"handId":689,"id":6890,"length":51.9258,"mcpPosition":[83.9137,257.453,30.7582],"pipPosition":[96.8576,293.558,-0.904064],"stabilizedTipPosition":[87.7329,331.453,-22.4453],"timeVisible":13.1781,"tipPosition":[89.8994,334.549,-30.7988],"tipVelocity":[25.9891,54.3859,-95.9228],"tool":false,"touchDistance":0.333333,"touchZone":"hovering","type":0,"width":20.176},{"bases":[[[-0.975192,-0.192007,0.110156],[0.106244,-0.842545,-0.528043],[0.1942,-0.50324,0.842043]],[[-0.950171,-0.242544,0.195827],[-0.0668358,-0.45508,-0.887939],[0.304481,-0.856782,0.416193]],[[-0.950171,-0.242544,0.195827],[-0.30404,0.582378,-0.75392],[0.0688138,-0.775892,-0.627101]],[[-0.950171,-0.242544,0.195827],[-0.273039,0.950647,-0.147376],[-0.150417,-0.1935,-0.969501]]],"btipPosition":[49.071,336.857,-32.1896],"carpPosition":[75.436,241.315,15.7421],"dipPosition":[46.5104,333.563,-48.6935],"direction":[-0.0688138,0.775892,0.627101],"extended":false,"handId":689,"id":6891,"length":58.5925,"mcpPosition":[61.201,278.203,-45.9801],"pipPosition":[48.1676,314.878,-63.7954],"stabilizedTipPosition":[6.16841,314.24,80.2051],"timeVisible":13.1781,"tipPosition":[47.4026,335.985,-39.35],"tipVelocity":[25.3936,74.0824,-87.8803],"tool":false,"touchDistance":0.333333,"touchZone":"none","type":1,"width":19.2721},{"bases":[[[-0.943716,-0.111766,0.3113],[-0.0559159,-0.873721,-0.483203],[0.325995,-0.473413,0.818295]],[[-0.918213,-0.145068,0.368565],[-0.25761,-0.488097,-0.833905],[0.300869,-0.860649,0.410806]],[[-0.918213,-0.145068,0.368565],[-0.382825,0.563816,-0.731818],[-0.101639,-0.81306,-0.573238]],[[-0.918213,-0.145068,0.368565],[-0.217596,0.962273,-0.163347],[-0.330964,-0.230186,-0.915138]]],"btipPosition":[35.6336,339.438,-27.5459],"carpPosition":[63.667,237.852,15.6892],"dipPosition":[29.4368,335.128,-44.6802],"direction":[0.101639,0.81306,0.573238],"extended":false,"handId":689,"id":6892,"length":66.7614,"mcpPosition":[41.0061,270.76,-41.1929],"pipPosition":[26.5572,312.092,-60.9215],"stabilizedTipPosition":[-15.232,298.175,144.239],"timeVisible":13.1781,"tipPosition":[33.0273,338.542,-33.7608],"tipVelocity":[27.2016,78.4432,-85.9476],"tool":false,"touchDistance":0.333333,"touchZone":"none","type":2,"width":18.9277},{"bases":[[[-0.878539,-0.11403,0.46386],[-0.112777,-0.894119,-0.433396],[0.464166,-0.433068,0.772659]],[[-0.866608,-0.124867,0.483114],[-0.224516,-0.767071,-0.600995],[0.445627,-0.629294,0.636715]],[[-0.866608,-0.124867,0.483114],[-0.447822,-0.232442,-0.86338],[0.220104,-0.964561,0.145518]],[[-0.866608,-0.124867,0.483114],[-0.498888,0.236355,-0.833815],[-0.0100702,-0.96361,-0.267122]]],"btipPosition":[-2.83843,335.696,-57.2318],"carpPosition":[51.8558,236.093,18.3785],"dipPosition":[-3.02589,317.758,-62.2044],"direction":[-0.220104,0.964562,-0.145518],"extended":false,"handId":689,"id":6893,"length":64.1929,"mcpPosition":[22.8867,263.122,-29.8439],"pipPosition":[3.04913,291.135,-58.188],"stabilizedTipPosition":[-24.965,281.391,163.437],"timeVisible":13.1781,"tipPosition":[-3.31541,330.787,-60.3413],"tipVelocity":[17.5724,101.467,-66.1599],"tool":false,"touchDistance":-0.363008,"touchZone":"hovering","type":3,"width":18.0109},{"bases":[[[-0.788121,-0.0140736,0.61536],[-0.206595,-0.935695,-0.285996],[0.579814,-0.352529,0.734533]],[[-0.709899,-0.0578038,0.701927],[-0.633461,-0.383218,-0.672213],[0.307848,-0.921847,0.23543]],[[-0.709899,-0.0578038,0.701927],[-0.552005,0.664633,-0.503542],[-0.437417,-0.744931,-0.50373]],[[-0.709899,-0.0578038,0.701927],[-0.177159,0.979238,-0.0985306],[-0.681658,-0.1943,-0.7054]]],"btipPosition":[16.5011,309.788,-2.31539],"carpPosition":[40.6135,239.091,26.4844],"dipPosition":[4.79447,306.451,-14.4298],"direction":[0.437417,0.744931,0.50373],"extended":false,"handId":689,"id":6894,"length":50.326,"mcpPosition":[7.11585,259.458,-15.9519],"pipPosition":[-3.7296,291.934,-24.2461],"stabilizedTipPosition":[-15.4422,265.583,149.07],"timeVisible":13.1781,"tipPosition":[5.7581,308.102,-10.5181],"tipVelocity":[19.4523,79.6457,-90.5126],"tool":false,"touchDistance":0.333333,"touchZone":"none","type":4,"width":15.9987}],"r":[[-0.909183,-0.383136,0.163073],[0.0753494,-0.536543,-0.840502],[0.409522,-0.751883,0.516685]],"s":0.688484,"t":[-27.6563,39.6737,-163.478],"timestamp":523614309422},false],[4,{"currentFrameRate":110.433,"devices":[],"gestures":[],"hands":[{"armBasis":[[-0.915061,-0.264294,0.304651],[0.110404,-0.89066,-0.441061],[0.387911,-0.369963,0.844187]],"armWidth":63.487,"confidence":0.437105,"direction":[-0.338559,0.336102,-0.87887],"elbow":[161.96,142.413,257.373],"grabStrength":0.416702,"id":689,"palmNormal":[-0.127804,0.908948,0.396837],"palmPosition":[45.9219,265.806,-17.3123],"palmVelocity":[-5.29245,57.7305,-96.6755],"palmWidth":90.6573,"pinchStrength":0.563105,"r":[[-0.9105,-0.379986,0.163094],[0.0730394,-0.536002,-0.841051],[0.407007,-0.753865,0.515784]],"s":0.688004,"sphereCenter":[21.7646,321.054,-9.87588],"sphereRadius":55.8025,"stabilizedPalmPosition":[8.28506,254.59,65.9787],"t":[-27.7704,40.0801,-164.214],"timeVisible":13.1873,"type":"right","wrist":[57.6072,241.938,30.276]}],"id":4266923,"interactionBox":{"center":[0,200,0],"size":[235.247,235.247,147.751]},"pointables":[{"bases":[[[-0.326878,-0.846665,-0.419892],[0.939533,-0.33914,-0.0475702],[-0.102126,-0.410052,0.906326]],[[-0.250943,-0.587261,-0.769514],[0.931811,-0.361886,-0.0276929],[-0.262214,-0.723991,0.638029]],[[-0.250943,-0.587261,-0.769514],[0.966804,-0.11252,-0.22941],[0.0481379,-0.801539,0.596002]],[[-0.250943,-0.587261,-0.769514],[0.918703,0.105971,-0.380467],[0.30498,-0.802431,0.512925]]],"btipPosition":[88.1594,339.527,-33.9176],"carpPosition":[83.865,257.579,30.022],"dipPosition":[95.2709,320.816,-21.9572],"direction":[-0.0481379,0.801539,-0.596002],"extended":true,"handId":689,"id":6890,"length":51.9258,"mcpPosition":[83.865,257.579,30.022],"pipPosition":[96.9062,293.587,-1.71041],"stabilizedTipPosition":[87.8447,331.657,-22.9183],"timeVisible":13.1873,"tipPosition":[90.0502,334.601,-31.607],"tipVelocity":[23.5146,40.4602,-93.7685],"tool":false,"touchDistance":0.333333,"touchZone":"hovering","type":0,"width":20.176},{"bases":[[[-0.975836,-0.186742,0.113454],[0.1001,-0.843598,-0.527562],[0.194228,-0.503458,0.841906]],[[-0.950794,-0.237352,0.199134],[-0.0722625,-0.455119,-0.887494],[0.301278,-0.858214,0.415573]],[[-0.950794,-0.237352,0.199134],[-0.303417,0.583313,-0.753448],[0.0626748,-0.776795,-0.626628]],[[-0.950794,-0.237352,0.199134],[-0.26849,0.951955,-0.147289],[-0.154607,-0.193507,-0.96884]]],"btipPosition":[49.2434,337.113,-32.8691],"carpPosition":[75.2541,241.472,15.0486],"dipPosition":[46.6115,333.819,-49.3618],"direction":[-0.0626748,0.776794,0.626628],"extended":false,"handId":689,"id":6891,"length":58.5925,"mcpPosition":[61.0171,278.376,-46.6636],"pipPosition":[48.1208,315.112,-64.4523],"stabilizedTipPosition":[7.41742,314.89,76.7681],"timeVisible":13.1873,"tipPosition":[47.5706,336.243,-39.9579],"tipVelocity":[23.0441,61.1617,-83.9229],"tool":false,"touchDistance":0.333333,"touchZone":"none","type":1,"width":19.2721},{"bases":[[[-0.943294,-0.106476,0.314419],[-0.0620783,-0.873873,-0.482175],[0.326102,-0.474351,0.817709]],[[-0.91777,-0.139874,0.371662],[-0.262904,-0.487421,-0.832648],[0.297622,-0.861891,0.410567]],[[-0.91777,-0.139874,0.371662],[-0.382203,0.565171,-0.731097],[-0.107791,-0.81303,-0.572157]],[[-0.91777,-0.139874,0.371662],[-0.213041,0.963257,-0.163555],[-0.335129,-0.229285,-0.913847]]],"btipPosition":[35.8342,339.763,-28.201],"carpPosition":[63.4669,238.07,15.0367],"dipPosition":[29.5595,335.47,-45.3112],"direction":[0.107791,0.81303,0.572157],"extended":false,"handId":689,"id":6892,"length":66.7614,"mcpPosition":[40.7986,271.044,-41.8047],"pipPosition":[26.5055,312.435,-61.5218],"stabilizedTipPosition":[-13.9015,299.264,139.51],"timeVisible":13.1873,"tipPosition":[33.2165,338.874,-34.3827],"tipVelocity":[25.1596,66.5598,-81.6953],"tool":false,"touchDistance":0.333333,"touchZone":"none","type":2,"width":18.9277},{"bases":[[[-0.877642,-0.108939,0.466772],[-0.118887,-0.893923,-0.432166],[0.464338,-0.43478,0.771593]],[[-0.865441,-0.120058,0.486414],[-0.230213,-0.767009,-0.598915],[0.444988,-0.630304,0.636162]],[[-0.865441,-0.120058,0.486414],[-0.452574,-0.229131,-0.861786],[0.214917,-0.965963,0.143965]],[[-0.865441,-0.120058,0.486414],[-0.500689,0.242108,-0.83108],[-0.0179872,-0.962793,-0.269642]]],"btipPosition":[-2.73079,336.155,-57.664],"carpPosition":[51.6552,236.377,17.7654],"dipPosition":[-3.06564,318.232,-62.6835],"direction":[-0.214917,0.965963,-0.143965],"extended":false,"handId":689,"id":6893,"length":64.1929,"mcpPosition":[22.6754,263.512,-30.3905],"pipPosition":[2.86622,291.571,-58.71],"stabilizedTipPosition":[-23.9446,283.723,153.202],"timeVisible":13.1873,"tipPosition":[-3.23674,331.297,-60.728],"tipVelocity":[14.9066,87.1943,-61.1527],"tool":false,"touchDistance":-0.361685,"touchZone":"hovering","type":3,"width":18.0109},{"bases":[[[-0.786213,-0.0093187,0.617886],[-0.212451,-0.934861,-0.284427],[0.580288,-0.354891,0.73302]],[[-0.707885,-0.0534119,0.704305],[-0.637651,-0.38057,-0.669752],[0.303811,-0.923208,0.235342]],[[-0.707885,-0.0534119,0.704305],[-0.550186,0.667001,-0.502399],[-0.442938,-0.74314,-0.501546]],[[-0.707885,-0.0534119,0.704305],[-0.172254,0.980085,-0.0988037],[-0.685002,-0.191261,-0.702988]]],"btipPosition":[16.6224,310.236,-2.88906],"carpPosition":[40.4549,239.442,25.9042],"dipPosition":[4.85833,306.951,-14.962],"direction":[0.442938,0.74314,0.501546],"extended":false,"handId":689,"id":6894,"length":50.326,"mcpPosition":[6.92988,259.945,-16.4447],"pipPosition":[-3.77333,292.47,-24.7358],"stabilizedTipPosition":[-14.886,266.414,146.139],"timeVisible":13.1873,"tipPosition":[5.91284,308.607,-11.0097],"tipVelocity":[17.3059,71.3965,-82.3881],"tool":false,"touchDistance":0.333333,"touchZone":"none","type":4,"width":15.9987}],"r":[[-0.9105,-0.379986,0.163094],[0.0730394,-0.536002,-0.841051],[0.407007,-0.753865,0.515784]],"s":0.688004,"t":[-27.7704,40.0801,-164.214],"timestamp":523614318606},false],[5,{"currentFrameRate":110.513,"devices":[],"gestures":[],"hands":[{"armBasis":[[-0.488891,-0.871343,0.0418014],[0.869097,-0.48238,0.109455],[-0.0752091,0.0898413,0.993112]],"armWidth":63.487,"confidence":0.449192,"direction":[0.131466,-0.124296,-0.983497],"elbow":[20.9935,297.3,314.435],"grabStrength":0.630613,"id":689,"palmNormal":[-0.862258,0.47516,-0.175311],"palmPosition":[48.3022,275.105,-6.73342],"palmVelocity":[68.8852,326.158,252.896],"palmWidth":90.6573,"pinchStrength":0.692025,"r":[[-0.847722,-0.51128,0.141281],[0.229801,-0.594043,-0.770911],[0.478078,-0.621052,0.621076]],"s":0.66566,"sphereCenter":[-2.69455,285.539,-33.3118],"sphereRadius":52.3342,"stabilizedPalmPosition":[9.6633,255.297,63.4744],"t":[-26.6372,44.9326,-159.293],"timeVisible":13.1962,"type":"right","wrist":[41.2257,273.132,47.2754]}],"id":4266924,"interactionBox":{"center":[0,200,0],"size":[235.247,235.247,147.751]},"pointables":[{"bases":[[[0.600064,-0.799769,-0.0171187],[0.727939,0.537047,0.426245],[-0.331704,-0.268236,0.904446]],[[0.684252,-0.608578,-0.401785],[0.728932,0.586942,0.35236],[0.0213855,-0.533977,0.845228]],[[0.684252,-0.608578,-0.401785],[0.67556,0.736475,0.0349701],[0.274623,-0.295358,0.915066]],[[0.684252,-0.608578,-0.401785],[0.562854,0.791054,-0.239641],[0.463674,-0.0621716,0.883822]]],"btipPosition":[24.1869,341.451,-46.2599],"carpPosition":[45.3917,303.41,47.4722],"dipPosition":[34.9989,340.001,-25.6509],"direction":[-0.274623,0.295358,-0.915066],"extended":false,"handId":689,"id":6890,"length":51.9258,"mcpPosition":[45.3917,303.41,47.4722],"pipPosition":[44.3281,329.968,5.43474],"stabilizedTipPosition":[82.6567,332.459,-24.4959],"timeVisible":13.1962,"tipPosition":[23.0453,335.534,-40.3174],"tipVelocity":[-1911.69,209.564,-384.609],"tool":false,"touchDistance":0.333333,"touchZone":"hovering","type":0,"width":20.176},{"bases":[[[-0.460092,-0.87958,-0.121057],[0.884125,-0.466384,0.0284367],[-0.0814716,-0.0939465,0.992238]],[[-0.466273,-0.884575,-0.0108202],[0.842031,-0.44003,-0.312021],[0.271245,-0.154598,0.950014]],[[-0.466273,-0.884575,-0.0108202],[0.409131,-0.204782,-0.8892],[0.784348,-0.419036,0.457391]],[[-0.466273,-0.884575,-0.0108202],[-0.0149039,0.0200843,-0.999687],[0.884515,-0.465966,-0.0225484]]],"btipPosition":[20.0766,317.356,-83.2668],"carpPosition":[59.6612,285.828,40.7615],"dipPosition":[35.1338,309.423,-83.6507],"direction":[-0.784348,0.419036,-0.457391],"extended":false,"handId":689,"id":6891,"length":58.5925,"mcpPosition":[65.6332,292.715,-31.9701],"pipPosition":[54.0224,299.332,-72.6358],"stabilizedTipPosition":[7.87405,314.908,72.2329],"timeVisible":13.1962,"tipPosition":[49.8361,301.114,-95.6833],"tipVelocity":[-750.159,-591.797,-1487.87],"tool":false,"touchDistance":-0.428723,"touchZone":"touching","type":1,"width":19.2721},{"bases":[[[-0.610804,-0.791704,0.0110484],[0.79161,-0.610322,0.0293386],[-0.0164844,0.0266662,0.999508]],[[-0.611026,-0.790637,0.0392412],[0.552617,-0.461522,-0.693982],[0.566799,-0.402356,0.718922]],[[-0.611026,-0.790637,0.0392412],[-0.365346,0.23768,-0.900017],[0.70226,-0.564271,-0.434084]],[[-0.611026,-0.790637,0.0392412],[-0.74191,0.554672,-0.376709],[0.276074,-0.259293,-0.9255]]],"btipPosition":[4.48489,312.729,-35.6191],"carpPosition":[55.6248,274.418,38.7582],"dipPosition":[9.65391,307.874,-52.9475],"direction":[-0.70226,0.564271,0.434084],"extended":false,"handId":689,"id":6892,"length":66.7614,"mcpPosition":[56.7707,272.564,-30.7206],"pipPosition":[29.5506,291.887,-65.2462],"stabilizedTipPosition":[-12.9321,299.875,130.64],"timeVisible":13.1962,"tipPosition":[11.057,306.711,-30.7651],"tipVelocity":[-859.203,-781.606,-287.67],"tool":false,"touchDistance":0.333333,"touchZone":"none","type":2,"width":18.9277},{"bases":[[[-0.664498,-0.730875,0.155771],[0.745019,-0.664165,0.0619002],[0.0582161,0.157185,0.985852]],[[-0.665179,-0.732797,0.143337],[0.592061,-0.634593,-0.496744],[0.454973,-0.24556,0.855979]],[[-0.665179,-0.732797,0.143337],[-0.0490191,-0.148694,-0.987668],[0.745073,-0.664002,0.0629871]],[[-0.665179,-0.732797,0.143337],[-0.426798,0.215625,-0.878265],[0.612683,-0.645379,-0.456186]]],"btipPosition":[-6.94834,295.668,-54.7771],"carpPosition":[48.9087,264.205,38.1021],"dipPosition":[4.45716,283.654,-63.2693],"direction":[-0.745073,0.664002,-0.0629871],"extended":false,"handId":689,"id":6893,"length":64.1929,"mcpPosition":[45.2754,254.395,-23.4259],"pipPosition":[25.0217,265.327,-61.5308],"stabilizedTipPosition":[-22.4307,284.432,137.002],"timeVisible":13.1962,"tipPosition":[9.51883,284.82,-27.6043],"tipVelocity":[-35.5138,-1132.19,19.299],"tool":false,"touchDistance":-0.322528,"touchZone":"hovering","type":3,"width":18.0109},{"bases":[[[-0.767197,-0.587917,0.256442],[0.634792,-0.753244,0.172228],[0.0919079,0.29492,0.951092]],[[-0.764632,-0.580281,0.280379],[0.26496,-0.67964,-0.684022],[0.587482,-0.448736,0.673425]],[[-0.764632,-0.580281,0.280379],[-0.483865,0.229539,-0.844504],[0.425692,-0.7814,-0.45629]],[[-0.764632,-0.580281,0.280379],[-0.643922,0.669988,-0.369434],[0.0265249,-0.463022,-0.88595]]],"btipPosition":[1.63217,279.669,-14.947],"carpPosition":[36.39,257.72,39.6183],"dipPosition":[2.0877,271.718,-30.1621],"direction":[-0.425692,0.7814,0.45629],"extended":false,"handId":689,"id":6894,"length":50.326,"mcpPosition":[31.0802,240.681,-15.3292],"pipPosition":[10.3833,256.49,-39.0539],"stabilizedTipPosition":[-14.2614,266.844,139.955],"timeVisible":13.1962,"tipPosition":[2.71054,270.715,-20.0603],"tipVelocity":[-359.581,-914.865,-450.503],"tool":false,"touchDistance":0.333333,"touchZone":"none","type":4,"width":15.9987}],"r":[[-0.847722,-0.51128,0.141281],[0.229801,-0.594043,-0.770911],[0.478078,-0.621052,0.621076]],"s":0.66566,"t":[-26.6372,44.9326,-159.293],"timestamp":523614327513},true],[6,{"currentFrameRate":110.464,"devices":[],"gestures":[],"hands":[{"armBasis":[[0.934462,-0.130332,-0.331352],[0.302533,0.781353,0.545858],[0.18776,-0.610328,0.769575]],"armWidth":63.487,"confidence":0.4593,"direction":[-0.16291,0.648011,-0.744004],"elbow":[117.26,81.9077,245.228],"grabStrength":0.251858,"id":689,"palmNormal":[-0.311232,-0.749329,-0.5845],"palmPosition":[49.5346,278.769,-1.88364],"palmVelocity":[87.2331,346.94,330.164],"palmWidth":90.6573,"pinchStrength":0.817582,"r":[[-0.621672,-0.783273,0.00273094],[0.586472,-0.46778,-0.661236],[0.519205,-0.409471,0.750173]],"s":0.684165,"sphereCenter":[45.7075,249.483,-50.646],"sphereRadius":51.8982,"stabilizedPalmPosition":[11.417,256.329,60.5997],"t":[-25.4545,49.1906,-154.408],"timeVisible":13.2053,"type":"right","wrist":[66.75,246.094,38.2026]}],"id":4266925,"interactionBox":{"center":[0,200,0],"size":[235.247,235.247,147.751]},"pointables":[{"bases":[[[0.623337,0.741806,0.247336],[-0.550736,0.191938,0.812311],[0.555104,-0.64256,0.528182]],[[0.330557,0.943785,0.00110992],[-0.666208,0.232504,0.708596],[0.668505,-0.234971,0.705613]],[[0.330557,0.943785,0.00110992],[-0.866473,0.303012,0.396748],[0.374108,-0.13211,0.917927]],[[0.330557,0.943785,0.00110992],[-0.93973,0.329028,0.092999],[0.0874058,-0.0317845,0.995666]]],"btipPosition":[-10.6322,256.609,-45.8479],"carpPosition":[37.3628,239.694,43.6456],"dipPosition":[-8.5941,255.868,-22.6309],"direction":[-0.374108,0.13211,-0.917927],"extended":false,"handId":689,"id":6890,"length":51.9258,"mcpPosition":[37.3628,239.694,43.6456],"pipPosition":[4.11471,251.38,8.55188],"stabilizedTipPosition":[70.6234,322.604,-26.5718],"timeVisible":13.2053,"tipPosition":[-3.80416,254.641,-42.3567],"tipVelocity":[-2501.15,-2426.16,-246.825],"tool":false,"touchDistance":0.333333,"touchZone":"hovering","type":0,"width":20.176},{"bases":[[[0.895622,-0.0255997,-0.444078],[0.260647,0.839196,0.477298],[0.36045,-0.543226,0.758275]],[[0.930954,-0.0875264,-0.354492],[0.20217,0.932008,0.300813],[0.30406,-0.35171,0.885352]],[[0.930954,-0.0875264,-0.354492],[0.0130198,0.978185,-0.207328],[0.364905,0.188397,0.911784]],[[0.930954,-0.0875264,-0.354492],[-0.117312,0.847679,-0.517377],[0.345779,0.52324,0.778882]]],"btipPosition":[-4.8974,301.535,-84.1973],"carpPosition":[49.2131,260.105,44.499],"dipPosition":[0.988841,310.442,-70.9383],"direction":[-0.364905,-0.188397,-0.911784],"extended":true,"handId":689,"id":6891,"length":58.5925,"mcpPosition":[22.7919,299.924,-11.083],"pipPosition":[9.77649,314.979,-48.9807],"stabilizedTipPosition":[7.3687,314.407,65.4442],"timeVisible":13.2053,"tipPosition":[1.45112,331.273,-75.9264],"tipVelocity":[-1365.84,-790.839,-1006.8],"tool":false,"touchDistance":-0.381074,"touchZone":"touching","type":1,"width":19.2721},{"bases":[[[0.878441,-0.241441,-0.412367],[0.41616,0.810656,0.411882],[0.234843,-0.533425,0.812592]],[[0.882573,-0.251117,-0.397498],[0.0666798,0.903731,-0.422876],[0.465423,0.346714,0.814353]],[[0.882573,-0.251117,-0.397498],[-0.436439,-0.123088,-0.891275],[0.174887,0.960099,-0.218231]],[[0.882573,-0.251117,-0.397498],[-0.442057,-0.731165,-0.519599],[-0.160156,0.634301,-0.756315]]],"btipPosition":[19.6807,242.888,-35.7765],"carpPosition":[60.3131,261.537,39.474],"dipPosition":[16.682,254.764,-49.9372],"direction":[-0.174887,-0.960099,0.218231],"extended":false,"handId":689,"id":6892,"length":66.7614,"mcpPosition":[43.9885,298.617,-17.0116],"pipPosition":[21.637,281.966,-56.1202],"stabilizedTipPosition":[-10.185,295.206,116.039],"timeVisible":13.2053,"tipPosition":[24.3984,246.307,-28.9133],"tipVelocity":[-214.854,-2572.85,-190.264],"tool":false,"touchDistance":0.333333,"touchZone":"none","type":2,"width":18.9277},{"bases":[[[0.869538,-0.377727,-0.318161],[0.485132,0.773917,0.407061],[0.0924727,-0.508305,0.856198]],[[0.867933,-0.369478,-0.331931],[0.256556,0.905743,-0.337355],[0.42529,0.207643,0.880916]],[[0.867933,-0.369478,-0.331931],[-0.295409,0.153236,-0.943002],[0.399282,0.916518,0.0238513]],[[0.867933,-0.369478,-0.331931],[-0.47197,-0.405351,-0.782902],[0.154716,0.836168,-0.5262]]],"btipPosition":[32.5898,241.377,-49.3572],"carpPosition":[71.194,259.759,34.1566],"dipPosition":[35.4699,256.943,-59.1528],"direction":[-0.399282,-0.916518,-0.0238513],"extended":false,"handId":689,"id":6893,"length":64.1929,"mcpPosition":[65.4227,291.483,-19.2795],"pipPosition":[46.4904,282.239,-58.4945],"stabilizedTipPosition":[-15.7184,279.673,114.266],"timeVisible":13.2053,"tipPosition":[44.0565,245.843,-25.8036],"tipVelocity":[1118.13,-2276.65,169.774],"tool":false,"touchDistance":-0.283333,"touchZone":"touching","type":3,"width":18.0109},{"bases":[[[0.782206,-0.556665,-0.279783],[0.620722,0.657777,0.426654],[-0.0534683,-0.507398,0.860051]],[[0.783432,-0.54164,-0.30473],[0.330638,0.778437,-0.533587],[0.526225,0.317273,0.788939]],[[0.783432,-0.54164,-0.30473],[-0.448631,-0.15357,-0.880424],[0.430076,0.826463,-0.363309]],[[0.783432,-0.54164,-0.30473],[-0.62035,-0.652025,-0.435923],[0.0374216,0.530555,-0.846824]]],"btipPosition":[55.868,243.974,-28.1542],"carpPosition":[80.3415,251.054,27.7048],"dipPosition":[56.5107,253.085,-42.6974],"direction":[-0.430076,-0.826463,0.363309],"extended":false,"handId":689,"id":6894,"length":50.326,"mcpPosition":[83.4306,280.368,-21.983],"pipPosition":[64.8917,269.191,-49.7773],"stabilizedTipPosition":[-9.70533,265.497,128.839],"timeVisible":13.2053,"tipPosition":