{"sensorType":"Leap","data":[[0,{"currentFrameRate":110.452,"devices":[],"gestures":[],"hands":[{"armBasis":[[0.965712,0.0870486,-0.244586],[0.0536724,0.854816,0.516147],[0.254006,-0.511577,0.820835]],"armWidth":63.487,"confidence":0.693942,"direction":[-0.172557,0.72179,-0.670256],"elbow":[139.663,101.032,280.057],"grabStrength":0,"id":689,"palmNormal":[-0.102417,-0.689923,-0.716601],"palmPosition":[54.1667,274.1,21.5619],"palmVelocity":[59.4096,145.582,-157.047],"palmWidth":90.6573,"pinchStrength":0.923012,"r":[[0.940892,0.260374,-0.216627],[-0.237741,0.963232,0.125154],[0.241248,-0.0662549,0.968199]],"s":0.775196,"sphereCenter":[50.1862,255.171,-25.0851],"sphereRadius":47.049,"stabilizedPalmPosition":[5.2885,256.638,139.033],"t":[-20.1047,47.4315,-124.789],"timeVisible":8.90326,"type":"right","wrist":[71.3319,238.653,59.2422]}],"id":4266458,"interactionBox":{"center":[0,200,0],"size":[235.247,235.247,147.751]},"pointables":[{"bases":[[[0.452146,0.780066,0.432507],[-0.67528,-0.0174167,0.737356],[0.582719,-0.625455,0.518888]],[[0.212034,0.952936,0.216692],[-0.785401,0.0342175,0.61804],[0.581538,-0.301235,0.755692]],[[0.212034,0.952936,0.216692],[-0.958346,0.159338,0.237031],[0.191348,-0.257924,0.947027]],[[0.212034,0.952936,0.216692],[-0.798034,0.296822,-0.524441],[-0.564078,-0.0617284,0.823411]]],"btipPosition":[20.7221,252.389,-29.6585],"carpPosition":[42.992,227.205,59.2976],"dipPosition":[7.56894,250.949,-10.4582],"direction":[-0.191348,0.257924,-0.947028],"extended":false,"handId":689,"id":6890,"length":51.9258,"mcpPosition":[42.992,227.205,59.2976],"pipPosition":[14.0692,242.187,21.7132],"stabilizedTipPosition":[-56.531,236.513,173.151],"timeVisible":8.90326,"tipPosition":[18.7989,251.57,-24.7137],"tipVelocity":[56.5304,149.564,-187.225],"tool":false,"touchDistance":-0.593488,"touchZone":"hovering","type":0,"width":20.176},{"bases":[[[0.93678,0.175418,-0.302772],[0.0516499,0.78647,0.615465],[0.346085,-0.592194,0.72769]],[[0.966633,0.115466,-0.228667],[0.00760931,0.879316,0.476177],[0.256053,-0.462028,0.849097]],[[0.966633,0.115466,-0.228667],[-0.0418097,0.951796,0.303869],[0.252731,-0.28417,0.924865]],[[0.966633,0.115466,-0.228667],[-0.0782375,0.983072,0.165673],[0.243926,-0.142255,0.959304]]],"btipPosition":[4.45272,321.234,-63.7271],"carpPosition":[51.02,248.784,64.5618],"dipPosition":[8.60511,318.813,-47.3967],"direction":[-0.252731,0.28417,-0.924865],"extended":true,"handId":689,"id":6891,"length":58.5925,"mcpPosition":[25.6518,292.192,11.2217],"pipPosition":[14.6914,311.969,-25.1241],"stabilizedTipPosition":[-61.0818,317.523,90.8675],"timeVisible":8.90326,"tipPosition":[6.29384,320.033,-60.3724],"tipVelocity":[50.7953,137.744,-165.314],"tool":false,"touchDistance":-0.603042,"touchZone":"hovering","type":1,"width":19.2721},{"bases":[[[0.952302,-0.0428639,-0.302131],[0.216866,0.791612,0.571244],[0.214684,-0.609519,0.76315]],[[0.953605,-0.0466128,-0.29743],[-0.105748,0.87313,-0.47588],[0.281877,0.485254,0.827692]],[[0.953605,-0.0466128,-0.29743],[-0.297594,0.00354318,-0.954686],[0.0455544,0.998907,-0.0104929]],[[0.953605,-0.0466128,-0.29743],[-0.280076,-0.499735,-0.819647],[-0.11043,0.864923,-0.489605]]],"btipPosition":[34.5902,227.164,-21.8296],"carpPosition":[62.2735,252.594,61.5041],"dipPosition":[32.5226,243.358,-30.9966],"direction":[-0.0455544,-0.998907,0.0104929],"extended":false,"handId":689,"id":6892,"length":66.7614,"mcpPosition":[47.3502,294.964,8.45532],"pipPosition":[33.8133,271.66,-31.2939],"stabilizedTipPosition":[-26.5764,229.287,156.156],"timeVisible":8.90326,"tipPosition":[34.4965,230.164,-22.6774],"tipVelocity":[99.0943,155.078,-192.675],"tool":false,"touchDistance":0.333333,"touchZone":"none","type":2,"width":18.9277},{"bases":[[[0.954439,-0.191645,-0.228731],[0.291083,0.766693,0.572235],[0.0657008,-0.612743,0.787546]],[[0.9554,-0.201805,-0.215607],[0.0670687,0.859285,-0.50708],[0.287599,0.470004,0.834496]],[[0.9554,-0.201805,-0.215607],[-0.218067,0.0102372,-0.97588],[0.199144,0.979372,-0.0342263]],[[0.9554,-0.201805,-0.215607],[-0.288506,-0.481927,-0.827352],[0.0630563,0.852655,-0.518655]]],"btipPosition":[50.3181,227.695,-17.9876],"carpPosition":[73.8917,253.28,57.7127],"dipPosition":[51.4919,243.568,-27.6427],"direction":[-0.199144,-0.979372,0.0342263],"extended":false,"handId":689,"id":6893,"length":64.1929,"mcpPosition":[69.7913,291.522,8.56121],"pipPosition":[56.9884,270.599,-28.5874],"stabilizedTipPosition":[-4.42295,223.666,125.868],"timeVisible":8.90326,"tipPosition":[50.8579,230.617,-18.798],"tipVelocity":[98.3448,170.333,-195.705],"tool":false,"touchDistance":0.333333,"touchZone":"none","type":3,"width":18.0109},{"bases":[[[0.894325,-0.385303,-0.227428],[0.440643,0.670385,0.597007],[-0.077564,-0.634133,0.769323]],[[0.875936,-0.466597,-0.122569],[0.354875,0.795307,-0.491478],[0.326802,0.387006,0.862222]],[[0.875936,-0.466597,-0.122569],[-0.109702,0.0547635,-0.992455],[0.469789,0.882773,-0.00321728]],[[0.875936,-0.466597,-0.122569],[-0.330546,-0.395415,-0.856964],[0.351391,0.79116,-0.50059]]],"btipPosition":[62.9089,239.323,-14.5088],"carpPosition":[85.1306,247.111,51.6537],"dipPosition":[68.9436,252.91,-23.1058],"direction":[-0.469789,-0.882773,0.00321728],"extended":false,"handId":689,"id":6894,"length":50.326,"mcpPosition":[89.6117,283.747,7.20749],"pipPosition":[78.0985,270.113,-23.1685],"stabilizedTipPosition":[15.3404,229.583,95.4769],"timeVisible":8.90326,"tipPosition":[64.412,241.682,-15.1596],"tipVelocity":[96.1241,182.133,-193.049],"tool":false,"touchDistance":0.333333,"touchZone":"none","type":4,"width":15.9987}],"r":[[0.940892,0.260374,-0.216627],[-0.237741,0.963232,0.125154],[0.241248,-0.0662549,0.968199]],"s":0.775196,"t":[-20.1047,47.4315,-124.789],"timestamp":523610034589},false],[1,{"currentFrameRate":110.628,"devices":[],"gestures":[],"hands":[{"armBasis":[[0.964211,0.0931219,-0.248244],[0.0477364,0.860018,0.508026],[0.260803,-0.501694,0.824794]],"armWidth":63.487,"confidence":0.69662,"direction":[-0.174149,0.719128,-0.672702],"elbow":[141.887,104.576,280.443],"grabStrength":0,"id":689,"palmNormal":[-0.0980766,-0.692411,-0.714807],"palmPosition":[54.4939,274.804,20.745],"palmVelocity":[53.5453,128.229,-140.075],"palmWidth":90.6573,"pinchStrength":0.932299,"r":[[0.940527,0.264662,-0.212985],[-0.24264,0.962145,0.124108],[0.237769,-0.0650481,0.969141]],"s":0.775214,"sphereCenter":[50.5505,255.703,-25.8971],"sphereRadius":47.0703,"stabilizedPalmPosition":[7.13627,257.32,134.592],"t":[-19.7086,48.4578,-125.841],"timeVisible":8.91198,"type":"right","wrist":[71.7273,239.538,58.5633]}],"id":4266459,"interactionBox":{"center":[0,200,0],"size":[235.247,235.247,147.751]},"pointables":[{"bases":[[[0.448018,0.783179,0.431173],[-0.67673,-0.01808,0.736009],[0.584222,-0.621534,0.521901]],[[0.207894,0.954322,0.214593],[-0.786576,0.0326942,0.616627],[0.581444,-0.296987,0.757444]],[[0.207894,0.954322,0.214593],[-0.958907,0.155535,0.237288],[0.193073,-0.255106,0.947441]],[[0.207894,0.954322,0.214593],[-0.806793,0.291339,-0.51401],[-0.55305,-0.0662726,0.830508]]],"btipPosition":[20.854,252.956,-30.6293],"carpPosition":[43.435,227.973,58.5934],"dipPosition":[7.95792,251.41,-11.2635],"direction":[-0.193073,0.255106,-0.947441],"extended":false,"handId":689,"id":6890,"length":51.9258,"mcpPosition":[43.435,227.973,58.5934],"pipPosition":[14.5168,242.744,20.9219],"stabilizedTipPosition":[-54.6971,236.909,168.24],"timeVisible":8.91198,"tipPosition":[19.0042,252.117,-25.6453],"tipVelocity":[47.2615,126.181,-165.73],"tool":false,"touchDistance":-0.576464,"touchZone":"hovering","type":0,"width":20.176},{"bases":[[[0.936673,0.178419,-0.301347],[0.0471209,0.788454,0.613286],[0.34702,-0.588648,0.730117]],[[0.965886,0.120552,-0.229197],[0.00248098,0.880694,0.473679],[0.258955,-0.458089,0.850351]],[[0.965886,0.120552,-0.229197],[-0.0474419,0.952435,0.301027],[0.254584,-0.279884,0.925663]],[[0.965886,0.120552,-0.229197],[-0.0841118,0.983097,0.162619],[0.244927,-0.137794,0.9597]]],"btipPosition":[4.54101,321.443,-64.7349],"carpPosition":[51.3627,249.6,63.8115],"dipPosition":[8.71042,319.097,-48.3978],"direction":[-0.254584,0.279884,-0.925663],"extended":true,"handId":689,"id":6891,"length":58.5925,"mcpPosition":[25.926,292.748,10.2936],"pipPosition":[14.8413,312.357,-26.106],"stabilizedTipPosition":[-59.427,317.607,87.0935],"timeVisible":8.91198,"tipPosition":[6.40834,320.319,-61.3637],"tipVelocity":[40.0329,107.821,-151.932],"tool":false,"touchDistance":-0.586165,"touchZone":"hovering","type":1,"width":19.2721},{"bases":[[[0.953096,-0.0397941,-0.30004],[0.212406,0.794152,0.569391],[0.215619,-0.606415,0.765356]],[[0.954661,-0.0442685,-0.294384],[-0.102717,0.879169,-0.465308],[0.279411,0.47445,0.834762]],[[0.954661,-0.0442685,-0.294384],[-0.294058,0.0138385,-0.955687],[0.0463806,0.998924,0.000193539]],[[0.954661,-0.0442685,-0.294384],[-0.276828,-0.49571,-0.823187],[-0.109488,0.867359,-0.48549]]],"btipPosition":[34.9358,228.275,-23.4404],"carpPosition":[62.6067,253.448,60.7659],"dipPosition":[32.8858,244.515,-32.5303],"direction":[-0.0463807,-0.998924,-0.000193539],"extended":false,"handId":689,"id":6892,"length":66.7614,"mcpPosition":[47.6184,295.602,7.56387],"pipPosition":[34.1999,272.817,-32.5248],"stabilizedTipPosition":[-23.9776,229.403,148.421],"timeVisible":8.91198,"tipPosition":[34.885,231.194,-24.1435],"tipVelocity":[83.301,147.962,-189.96],"tool":false,"touchDistance":0.333333,"touchZone":"none","type":2,"width":18.9277},{"bases":[[[0.955696,-0.188352,-0.226205],[0.286722,0.769544,0.570607],[0.0665999,-0.610185,0.789454]],[[0.9567,-0.198823,-0.212588],[0.0656338,0.858902,-0.507918],[0.283578,0.471972,0.834761]],[[0.9567,-0.198823,-0.212588],[-0.215351,0.00788423,-0.976505],[0.195828,0.980004,-0.0352738]],[[0.9567,-0.198823,-0.212588],[-0.28454,-0.484933,-0.826969],[0.0613292,0.851651,-0.520508]]],"btipPosition":[50.9027,228.34,-18.7712],"carpPosition":[74.2298,254.171,56.9966],"dipPosition":[52.0444,244.194,-28.4608],"direction":[-0.195828,-0.980004,0.0352738],"extended":false,"handId":689,"id":6893,"length":64.1929,"mcpPosition":[70.0732,292.254,7.72602],"pipPosition":[57.4494,271.243,-29.4344],"stabilizedTipPosition":[-1.16424,224.154,117.258],"timeVisible":8.91198,"tipPosition":[51.4285,231.27,-19.6175],"tipVelocity":[89.7296,144.404,-167.611],"tool":false,"touchDistance":0.333333,"touchZone":"none","type":3,"width":18.0109},{"bases":[[[0.896381,-0.382253,-0.224465],[0.436628,0.673928,0.595968],[-0.0765371,-0.632222,0.770998]],[[0.877305,-0.465661,-0.116171],[0.35717,0.795163,-0.490047],[0.32057,0.388428,0.86392]],[[0.877305,-0.465661,-0.116171],[-0.103797,0.0522321,-0.993226],[0.468574,0.883421,-0.0025105]],[[0.877305,-0.465661,-0.116171],[-0.325457,-0.399339,-0.857091],[0.352722,0.789739,-0.501895]]],"btipPosition":[63.446,240.094,-15.3317],"carpPosition":[85.5066,248.032,50.9787],"dipPosition":[69.5035,253.657,-23.9512],"direction":[-0.468574,-0.883421,0.0025105],"extended":false,"handId":689,"id":6894,"length":50.326,"mcpPosition":[89.9284,284.557,6.43574],"pipPosition":[78.6348,270.873,-24.0001],"stabilizedTipPosition":[19.0788,230.612,86.9583],"timeVisible":8.91198,"tipPosition":[64.9483,242.456,-16.0291],"tipVelocity":[87.0323,156.877,-166.788],"tool":false,"touchDistance":0.333333,"touchZone":"none","type":4,"width":15.9987}],"r":[[0.940527,0.264662,-0.212985],[-0.24264,0.962145,0.124108],[0.237769,-0.0650481,0.969141]],"s":0.775214,"t":[-19.7086,48.4578,-125.841],"timestamp":523610043317},false],[2,{"currentFrameRate":110.574,"devices":[],"gestures":[],"hands":[{"armBasis":[[0.963141,0.0881528,-0.254143],[0.0523083,0.865367,0.4984],[0.263862,-0.493324,0.82886]],"armWidth":63.487,"confidence":0.69888,"direction":[-0.174473,0.715579,-0.676391],"elbow":[143.2,107.591,280.769],"grabStrength":0,"id":689,"palmNormal":[-0.103885,-0.696471,-0.710025],"palmPosition":[54.9467,275.396,19.8349],"palmVelocity":[52.4329,110.591,-128.811],"palmWidth":90.6573,"pinchStrength":0.933075,"r":[[0.940226,0.267114,-0.211246],[-0.245714,0.9616,0.122273],[0.235794,-0.063058,0.969755]],"s":0.774954,"sphereCenter":[50.4528,256.059,-26.6059],"sphereRadius":47.0156,"stabilizedPalmPosition":[9.10287,258.064,129.871],"t":[-19.2841,49.2671,-126.822],"timeVisible":8.92112,"type":"right","wrist":[72.2175,240.301,57.7951]}],"id":4266460,"interactionBox":{"center":[0,200,0],"size":[235.247,235.247,147.751]},"pointables":[{"bases":[[[0.452887,0.784149,0.424269],[-0.673478,-0.0109412,0.739127],[0.584227,-0.620476,0.523152]],[[0.212268,0.954917,0.20755],[-0.783929,0.0395927,0.619587],[0.583436,-0.294222,0.756991]],[[0.212268,0.954917,0.20755],[-0.957314,0.16056,0.240355],[0.196195,-0.24971,0.948237]],[[0.212268,0.954917,0.20755],[-0.810841,0.290653,-0.507994],[-0.545417,-0.060459,0.835982]]],"btipPosition":[20.9183,253.37,-31.3309],"carpPosition":[43.8825,228.844,58.024],"dipPosition":[8.2003,251.96,-11.8375],"direction":[-0.196195,0.24971,-0.948237],"extended":false,"handId":689,"id":6890,"length":51.9258,"mcpPosition":[43.8825,228.844,58.024],"pipPosition":[14.8652,243.478,20.375],"stabilizedTipPosition":[-52.768,237.337,163.062],"timeVisible":8.92112,"tipPosition":[19.0776,252.582,-26.3176],"tipVelocity":[37.3207,104.65,-140.091],"tool":false,"touchDistance":-0.557235,"touchZone":"hovering","type":0,"width":20.176},{"bases":[[[0.935972,0.172999,-0.306641],[0.0528343,0.792072,0.608136],[0.348089,-0.585399,0.732217]],[[0.964477,0.11737,-0.236662],[0.00758812,0.8832,0.468936],[0.264059,-0.454074,0.850935]],[[0.964477,0.11737,-0.236662],[-0.0434334,0.954141,0.296189],[0.260572,-0.275388,0.925345]],[[0.964477,0.11737,-0.236662],[-0.0810465,0.984142,0.157782],[0.251428,-0.132996,0.958695]]],"btipPosition":[4.54127,321.716,-65.6291],"carpPosition":[51.9147,250.473,63.0715],"dipPosition":[8.82136,319.452,-49.3092],"direction":[-0.260572,0.275388,-0.925345],"extended":true,"handId":689,"id":6891,"length":58.5925,"mcpPosition":[26.3996,293.383,9.39954],"pipPosition":[15.0965,312.82,-27.025],"stabilizedTipPosition":[-57.8037,317.697,83.3704],"timeVisible":8.92112,"tipPosition":[6.44967,320.638,-62.2611],"tipVelocity":[29.6798,86.7094,-137.008],"tool":false,"touchDistance":-0.569355,"touchZone":"hovering","type":1,"width":19.2721},{"bases":[[[0.951582,-0.0452619,-0.304045],[0.21794,0.796872,0.563468],[0.216782,-0.60245,0.768154]],[[0.953349,-0.050264,-0.297655],[-0.100218,0.877413,-0.469151],[0.284748,0.477096,0.831444]],[[0.953349,-0.050264,-0.297655],[-0.297584,0.00906792,-0.954653],[0.0506838,0.998695,-0.00631287]],[[0.953349,-0.050264,-0.297655],[-0.281914,-0.500809,-0.818361],[-0.107934,0.864097,-0.491616]]],"btipPosition":[35.0002,228.751,-23.9907],"carpPosition":[63.1592,254.259,59.9517],"dipPosition":[32.9793,244.93,-33.1954],"direction":[-0.0506838,-0.998695,0.00631287],"extended":false,"handId":689,"id":6892,"length":66.7614,"mcpPosition":[48.0901,296.137,6.55511],"pipPosition":[34.4153,273.225,-33.3743],"stabilizedTipPosition":[-21.2837,229.545,140.385],"timeVisible":8.92112,"tipPosition":[34.9392,231.682,-24.7915],"tipVelocity":[62.2925,120.872,-154.674],"tool":false,"touchDistance":0.333333,"touchZone":"none","type":2,"width":18.9277},{"bases":[[[0.953956,-0.193366,-0.229297],[0.292169,0.771991,0.564505],[0.0678592,-0.605507,0.792942]],[[0.955053,-0.204589,-0.214517],[0.0698678,0.858622,-0.507826],[0.288084,0.470012,0.834324]],[[0.955053,-0.204589,-0.214517],[-0.217424,0.00843726,-0.976041],[0.201497,0.978812,-0.0364244]],[[0.955053,-0.204589,-0.214517],[-0.289341,-0.485994,-0.824677],[0.0644658,0.849678,-0.523346]]],"btipPosition":[50.9467,228.949,-19.7554],"carpPosition":[74.7679,254.915,56.126],"dipPosition":[52.1468,244.767,-29.4979],"direction":[-0.201497,-0.978812,0.0364244],"extended":false,"handId":689,"id":6893,"length":64.1929,"mcpPosition":[70.5327,292.706,6.63773],"pipPosition":[57.7083,271.782,-30.5032],"stabilizedTipPosition":[2.12128,224.683,108.525],"timeVisible":8.92112,"tipPosition":[51.4846,231.858,-20.6075],"tipVelocity":[66.5171,122.511,-151.314],"tool":false,"touchDistance":0.333333,"touchZone":"none","type":3,"width":18.0109},{"bases":[[[0.893923,-0.387027,-0.226081],[0.441827,0.67597,0.589791],[-0.075441,-0.627117,0.775264]],[[0.874371,-0.471538,-0.114575],[0.361618,0.790612,-0.494132],[0.323586,0.390622,0.861804]],[[0.874371,-0.471538,-0.114575],[-0.104651,0.04732,-0.993383],[0.473839,0.880575,-0.0079716]],[[0.874371,-0.471538,-0.114575],[-0.329318,-0.403195,-0.853805],[0.356405,0.784274,-0.507828]]],"btipPosition":[63.5983,240.536,-16.1779],"carpPosition":[85.9944,248.696,50.0962],"dipPosition":[69.7191,254.005,-24.8992],"direction":[-0.473839,-0.880575,0.0079716],"extended":false,"handId":689,"id":6894,"length":50.326,"mcpPosition":[90.3529,284.926,5.30673],"pipPosition":[78.953,271.165,-25.0546],"stabilizedTipPosition":[22.7671,231.658,78.5146],"timeVisible":8.92112,"tipPosition":[65.1131,242.888,-16.9267],"tipVelocity":[67.9024,126.011,-146.861],"tool":false,"touchDistance":0.333333,"touchZone":"none","type":4,"width":15.9987}],"r":[[0.940226,0.267114,-0.211246],[-0.245714,0.9616,0.122273],[0.235794,-0.063058,0.969755]],"s":0.774954,"t":[-19.2841,49.2671,-126.822],"timestamp":523610052456},false],[3,{"currentFrameRate":110.652,"devices":[],"gestures":[],"hands":[{"armBasis":[[0.962292,0.0851588,-0.258343],[0.0554156,0.868442,0.492684],[0.266312,-0.488422,0.830976]],"armWidth":63.487,"confidence":0.703048,"direction":[-0.174501,0.71358,-0.678493],"elbow":[144.141,109.378,280.875],"grabStrength":0,"id":689,"palmNormal":[-0.10771,-0.698764,-0.707197],"palmPosition":[55.2138,275.772,19.2929],"palmVelocity":[46.3359,91.9865,-110.341],"palmWidth":90.6573,"pinchStrength":0.929147,"r":[[0.940002,0.268428,-0.210579],[-0.247595,0.961374,0.120239],[0.234721,-0.0608867,0.970154]],"s":0.774453,"sphereCenter":[50.3682,256.293,-27.0555],"sphereRadius":47.001,"stabilizedPalmPosition":[10.9923,258.789,125.34],"t":[-18.9383,49.8595,-127.584],"timeVisible":8.93002,"type":"right","wrist":[72.4995,240.769,57.3316]}],"id":4266461,"interactionBox":{"center":[0,200,0],"size":[235.247,235.247,147.751]},"pointables":[{"bases":[[[0.456134,0.784487,0.420145],[-0.671419,-0.00649016,0.741049],[0.58407,-0.620111,0.523759]],[[0.215408,0.955078,0.203532],[-0.782513,0.0441346,0.621068],[0.584185,-0.29305,0.756868]],[[0.215408,0.955078,0.203532],[-0.956095,0.163859,0.242967],[0.198702,-0.246933,0.948442]],[[0.215408,0.955078,0.203532],[-0.818666,0.290241,-0.495526],[-0.53234,-0.0598848,0.84441]]],"btipPosition":[20.7438,253.748,-31.8706],"carpPosition":[44.1353,229.388,57.6816],"dipPosition":[8.33065,252.351,-12.1807],"direction":[-0.198702,0.246933,-0.948442],"extended":false,"handId":689,"id":6890,"length":51.9258,"mcpPosition":[44.1353,229.388,57.6816],"pipPosition":[15.0807,243.963,20.0388],"stabilizedTipPosition":[-50.9305,237.756,158.11],"timeVisible":8.93002,"tipPosition":[18.962,252.965,-26.7916],"tipVelocity":[23.9779,87.8159,-117.1],"tool":false,"touchDistance":-0.537262,"touchZone":"hovering","type":0,"width":20.176},{"bases":[[[0.935554,0.169423,-0.309893],[0.0566233,0.79413,0.605105],[0.348614,-0.583656,0.733358]],[[0.963253,0.115934,-0.242288],[0.0109551,0.884342,0.466711],[0.268373,-0.452215,0.850575]],[[0.963253,0.115934,-0.242288],[-0.0409651,0.954909,0.29406],[0.265454,-0.273328,0.924568]],[[0.963253,0.115934,-0.242288],[-0.0793329,0.984608,0.155734],[0.256613,-0.130789,0.957624]]],"btipPosition":[4.43585,321.961,-66.1039],"carpPosition":[52.2383,251.013,62.628],"dipPosition":[8.80421,319.735,-49.8021],"direction":[-0.265454,0.273328,-0.924568],"extended":true,"handId":689,"id":6891,"length":58.5925,"mcpPosition":[26.6847,293.796,8.87244],"pipPosition":[15.1969,313.153,-27.5367],"stabilizedTipPosition":[-56.3547,317.783,80.0318],"timeVisible":8.93002,"tipPosition":[6.3821,320.913,-62.7429],"tipVelocity":[19.0059,70.9031,-114.38],"tool":false,"touchDistance":-0.547937,"touchZone":"hovering","type":1,"width":19.2721},{"bases":[[[0.950599,-0.0488674,-0.30655],[0.221615,0.798333,0.559956],[0.217365,-0.60023,0.769725]],[[0.952432,-0.0540227,-0.299925],[-0.0988735,0.876148,-0.471792],[0.288266,0.479005,0.82913]],[[0.952432,-0.0540227,-0.299925],[-0.300033,0.00628208,-0.953908],[0.0534169,0.99852,-0.0102254]],[[0.952432,-0.0540227,-0.299925],[-0.285374,-0.503433,-0.815547],[-0.106934,0.862344,-0.494903]]],"btipPosition":[35.0192,229.042,-24.3052],"carpPosition":[63.4839,254.759,59.4629],"dipPosition":[33.0171,245.188,-33.5714],"direction":[-0.0534169,-0.99852,0.0102254],"extended":false,"handId":689,"id":6892,"length":66.7614,"mcpPosition":[48.3742,296.483,5.95713],"pipPosition":[34.5305,273.479,-33.8611],"stabilizedTipPosition":[-18.7423,229.691,132.793],"timeVisible":8.93002,"tipPosition":[34.9563,231.978,-25.1467],"tipVelocity":[46.0628,96.6677,-122.648],"tool":false,"touchDistance":0.333333,"touchZone":"none","type":2,"width":18.9277},{"bases":[[[0.952796,-0.196705,-0.231271],[0.295781,0.773261,0.560876],[0.0685055,-0.602806,0.794942]],[[0.953998,-0.208996,-0.214959],[0.0766274,0.863139,-0.499119],[0.289854,0.459687,0.839448]],[[0.953998,-0.208996,-0.214959],[-0.216091,0.0176822,-0.976213],[0.207826,0.977757,-0.0282935]],[[0.953998,-0.208996,-0.214959],[-0.291737,-0.481841,-0.826268],[0.0691106,0.85097,-0.520648]]],"btipPosition":[50.882,229.7,-20.9067],"carpPosition":[75.0834,255.37,55.6023],"dipPosition":[52.1686,245.542,-30.5989],"direction":[-0.207826,-0.977757,0.0282935],"extended":false,"handId":689,"id":6893,"length":64.1929,"mcpPosition":[70.8079,292.992,5.9892],"pipPosition":[57.9047,272.529,-31.3798],"stabilizedTipPosition":[5.04598,225.199,100.675],"timeVisible":8.93002,"tipPosition":[51.4425,232.551,-21.6664],"tipVelocity":[47.0557,112.315,-144.989],"tool":false,"touchDistance":0.333333,"touchZone":"none","type":3,"width":18.0109},{"bases":[[[0.892265,-0.390194,-0.227183],[0.445257,0.676938,0.58609],[-0.0749001,-0.624102,0.777745]],[[0.872022,-0.476435,-0.112196],[0.366927,0.78801,-0.494372],[0.323948,0.389936,0.861979]],[[0.872022,-0.476435,-0.112196],[-0.102813,0.0458148,-0.993645],[0.478547,0.878015,-0.00903238]],[[0.872022,-0.476435,-0.112196],[-0.330742,-0.40458,-0.852599],[0.360815,0.780593,-0.51038]]],"btipPosition":[63.669,240.902,-16.7954],"carpPosition":[86.2766,249.099,49.5636],"dipPosition":[69.8656,254.308,-25.5606],"direction":[-0.478547,-0.878015,0.00903238],"extended":false,"handId":689,"id":6894,"length":50.326,"mcpPosition":[90.6038,285.156,4.63083],"pipPosition":[79.1911,271.418,-25.7366],"stabilizedTipPosition":[26.0144,232.604,71.0478],"timeVisible":8.93002,"tipPosition":[65.1958,243.242,-17.5719],"tipVelocity":[52.1268,102.504,-126.097],"tool":false,"touchDistance":0.333333,"touchZone":"none","type":4,"width":15.9987}],"r":[[0.940002,0.268428,-0.210579],[-0.247595,0.961374,0.120239],[0.234721,-0.0608867,0.970154]],"s":0.774453,"t":[-18.9383,49.8595,-127.584],"timestamp":523610061356},false],[4,{"currentFrameRate":101.292,"devices":[],"gestures":[],"hands":[{"armBasis":[[0.961385,0.080875,-0.263056],[0.0568168,0.876927,0.477253],[0.269279,-0.47377,0.83847]],"armWidth":63.487,"confidence":0.680395,"direction":[-0.173859,0.701758,-0.690875],"elbow":[145.059,116.282,279.773],"grabStrength":0,"id":689,"palmNormal":[-0.108992,-0.710962,-0.694733],"palmPosition":[55.363,278.083,15.5731],"palmVelocity":[21.0129,87.7517,-126.925],"palmWidth":90.6573,"pinchStrength":0.922026,"r":[[0.939875,0.268479,-0.211076],[-0.248822,0.961668,0.115246],[0.233926,-0.0557961,0.970652]],"s":0.774789,"sphereCenter":[50.0727,257.868,-30.3139],"sphereRadius":46.9562,"stabilizedPalmPosition":[15.1035,260.577,115.17],"t":[-18.6908,51.3111,-129.825],"timeVisible":8.95716,"type":"right","wrist":[72.6194,243.732,54.2145]}],"id":4266462,"interactionBox":{"center":[0,200,0],"size":[235.247,235.247,147.751]},"pointables":[{"bases":[[[0.457395,0.791142,0.406059],[-0.671075,0.00747444,0.741352],[0.58348,-0.611586,0.534334]],[[0.217389,0.957981,0.187122],[-0.78305,0.0567115,0.619368],[0.58273,-0.28117,0.762476]],[[0.217389,0.957981,0.187122],[-0.955545,0.169746,0.24108],[0.199186,-0.231212,0.952295]],[[0.217389,0.957981,0.187122],[-0.828845,0.282422,-0.482964],[-0.515517,-0.0501047,0.855413]]],"btipPosition":[20.5121,255.404,-35.4409],"carpPosition":[44.24,232.397,54.7777],"dipPosition":[8.49129,254.235,-15.4944],"direction":[-0.199186,0.231212,-0.952295],"extended":false,"handId":689,"id":6890,"length":51.9258,"mcpPosition":[44.24,232.397,54.7777],"pipPosition":[15.2578,246.381,16.856],"stabilizedTipPosition":[-47.1831,238.704,147.8],"timeVisible":8.95716,"tipPosition":[18.7878,254.669,-30.268],"tipVelocity":[5.87789,72.4057,-124.727],"tool":false,"touchDistance":-0.564538,"touchZone":"hovering","type":0,"width":20.176},{"bases":[[[0.935635,0.162666,-0.313252],[0.0579857,0.804584,0.591001],[0.348173,-0.571125,0.743365]],[[0.961924,0.113357,-0.248703],[0.0123447,0.89099,0.453855],[0.273039,-0.439644,0.855665]],[[0.961924,0.113357,-0.248703],[-0.0403717,0.958886,0.280907],[0.27032,-0.26017,0.926951]],[[0.961924,0.113357,-0.248703],[-0.0794013,0.986594,0.142579],[0.261531,-0.117402,0.958028]]],"btipPosition":[4.20389,323.042,-70.4087],"carpPosition":[52.3746,254.095,59.3388],"dipPosition":[8.65596,321.043,-54.1001],"direction":[-0.27032,0.26017,-0.926951],"extended":true,"handId":689,"id":6891,"length":58.5925,"mcpPosition":[26.8533,295.959,4.84976],"pipPosition":[15.1658,314.778,-31.7772],"stabilizedTipPosition":[-54.2958,317.944,75.1275],"timeVisible":8.95716,"tipPosition":[6.19153,322.03,-67.0543],"tipVelocity":[2.35956,52.8244,-141.792],"tool":false,"touchDistance":-0.586025,"touchZone":"hovering","type":1,"width":19.2721},{"bases":[[[0.950386,-0.055552,-0.306071],[0.222961,0.807768,0.54571],[0.216919,-0.586878,0.780077]],[[0.952256,-0.060706,-0.299206],[-0.0977647,0.867793,-0.487214],[0.289225,0.493204,0.820426]],[[0.952256,-0.060706,-0.299206],[-0.300362,-0.0106947,-0.953765],[0.0546993,0.998098,-0.0284179]],[[0.952256,-0.060706,-0.299206],[-0.286286,-0.518024,-0.806034],[-0.106065,0.853209,-0.510671]]],"btipPosition":[35.0914,230.625,-27.1559],"carpPosition":[63.6238,257.769,56.1032],"dipPosition":[33.1055,246.6,-36.7173],"direction":[-0.0546993,-0.998098,0.0284179],"extended":false,"handId":689,"id":6892,"length":66.7614,"mcpPosition":[48.5451,298.565,1.87778],"pipPosition":[34.6553,274.879,-37.5225],"stabilizedTipPosition":[-13.5351,230.14,116.975],"timeVisible":8.95716,"tipPosition":[35.0176,233.565,-28.1006],"tipVelocity":[19.2351,72.002,-113.29],"tool":false,"touchDistance":0.333333,"touchZone":"none","type":2,"width":18.9277},{"bases":[[[0.952419,-0.202044,-0.228202],[0.297093,0.782614,0.547037],[0.0680681,-0.588806,0.805403]],[[0.953638,-0.214359,-0.211246],[0.0779799,0.85394,-0.514496],[0.290678,0.47417,0.831065]],[[0.953638,-0.214359,-0.211246],[-0.21647,-0.000921708,-0.976289],[0.209081,0.976755,-0.0472813]],[[0.953638,-0.214359,-0.211246],[-0.292752,-0.497954,-0.816295],[0.0697895,0.840293,-0.537622]]],"btipPosition":[50.9642,231.335,-23.7215],"carpPosition":[75.2223,258.297,52.2271],"dipPosition":[52.2634,246.977,-33.7297],"direction":[-0.209081,-0.976755,0.0472813],"extended":false,"handId":689,"id":6893,"length":64.1929,"mcpPosition":[70.9741,295.045,1.96118],"pipPosition":[58.0342,273.936,-35.0347],"stabilizedTipPosition":[10.7815,226.407,84.9519],"timeVisible":8.95716,"tipPosition":[51.5112,234.192,-24.63],"tipVelocity":[19.8213,78.9709,-121.068],"tool":false,"touchDistance":0.333333,"touchZone":"none","type":3,"width":18.0109},{"bases":[[[0.891628,-0.395349,-0.22068],[0.446451,0.686547,0.573876],[-0.0753744,-0.610207,0.788648]],[[0.869652,-0.483917,-0.0976266],[0.377877,0.779785,-0.499145],[0.317672,0.397191,0.861002]],[[0.869652,-0.483917,-0.0976266],[-0.0928957,0.0338106,-0.995102],[0.484847,0.874461,-0.0155503]],[[0.869652,-0.483917,-0.0976266],[-0.326908,-0.416328,-0.848412],[0.369916,0.769737,-0.520257]]],"btipPosition":[63.7659,242.905,-20.3631],"carpPosition":[86.4041,251.905,46.2948],"dipPosition":[70.1188,256.125,-29.2979],"direction":[-0.484847,-0.874461,0.0155503],"extended":false,"handId":689,"id":6894,"length":50.326,"mcpPosition":[90.7587,287.159,0.732061],"pipPosition":[79.5671,273.166,-29.6009],"stabilizedTipPosition":[31.8541,234.591,57.1285],"timeVisible":8.95716,"tipPosition":[65.3104,245.2,-21.1658],"tipVelocity":[22.8397,83.735,-130.326],"tool":false,"touchDistance":0.333333,"touchZone":"none","type":4,"width":15.9987}],"r":[[0.939875,0.268479,-0.211076],[-0.248822,0.961668,0.115246],[0.233926,-0.0557961,0.970652]],"s":0.774789,"t":[-18.6908,51.3111,-129.825],"timestamp":523610088491},false],[5,{"currentFrameRate":101.707,"devices":[],"gestures":[],"hands":[{"armBasis":[[0.961852,0.0783022,-0.262126],[0.0573381,0.87918,0.473027],[0.267495,-0.470012,0.841151]],"armWidth":63.487,"confidence":0.681291,"direction":[-0.173542,0.69868,-0.694067],"elbow":[144.563,118.009,279.74],"grabStrength":0,"id":689,"palmNormal":[-0.109489,-0.714079,-0.69145],"palmPosition":[55.3616,278.631,14.6629],"palmVelocity":[15.1818,80.3024,-119.714],"palmWidth":90.6573,"pinchStrength":0.92388,"r":[[0.939801,0.268215,-0.211743],[-0.249687,0.962016,0.110372],[0.233304,-0.0508583,0.971073]],"s":0.775146,"sphereCenter":[49.8592,258.257,-31.0704],"sphereRadius":46.9223,"stabilizedPalmPosition":[16.2673,261.099,112.264],"t":[-18.5678,52.3111,-131.4],"timeVisible":8.96619,"type":"right","wrist":[72.6031,244.448,53.4594]}],"id":4266463,"interactionBox":{"center":[0,200,0],"size":[235.247,235.247,147.751]},"pointables":[{"bases":[[[0.457901,0.792734,0.402368],[-0.670977,0.011263,0.741393],[0.583195,-0.609464,0.537063]],[[0.218097,0.958651,0.182819],[-0.783111,0.0601207,0.618969],[0.582384,-0.278163,0.763842]],[[0.218097,0.958651,0.182819],[-0.955482,0.171605,0.240012],[0.198715,-0.227026,0.9534]],[[0.218097,0.958651,0.182819],[-0.829974,0.280743,-0.482003],[-0.513398,-0.0466116,0.856884]]],"btipPosition":[20.4732,255.766,-36.2803],"carpPosition":[44.2172,233.132,54.0782],"dipPosition":[8.50178,254.679,-16.2994],"direction":[-0.198715,0.227026,-0.9534],"extended":false,"handId":689,"id":6890,"length":51.9258,"mcpPosition":[44.2172,233.132,54.0782],"pipPosition":[15.2523,246.967,16.0884],"stabilizedTipPosition":[-46.1249,238.978,144.873],"timeVisible":8.96619,"tipPosition":[18.7391,255.053,-31.0974],"tipVelocity":[3.41811,64.0717,-115.722],"tool":false,"touchDistance":-0.54889,"touchZone":"hovering","type":0,"width":20.176},{"bases":[[[0.935689,0.160688,-0.31411],[0.0585232,0.807254,0.587295],[0.347938,-0.567908,0.745935]],[[0.961481,0.112691,-0.250708],[0.0129962,0.892437,0.450985],[0.274563,-0.436872,0.856597]],[[0.961481,0.112691,-0.250708],[-0.0398966,0.959651,0.278349],[0.271959,-0.257625,0.927182]],[[0.961481,0.112691,-0.250708],[-0.0790942,0.986946,0.140293],[0.263245,-0.115059,0.957843]]],"btipPosition":[4.07756,323.337,-71.4396],"carpPosition":[52.3649,254.846,58.5387],"dipPosition":[8.55881,321.379,-55.1341],"direction":[-0.271959,0.257625,-0.927182],"extended":true,"handId":689,"id":6891,"length":58.5925,"mcpPosition":[26.8609,296.474,3.86118],"pipPosition":[15.1081,315.175,-32.8057],"stabilizedTipPosition":[-53.768,317.987,73.8584],"timeVisible":8.96619,"tipPosition":[6.07674,322.317,-68.0922],"tipVelocity":[-1.93771,47.5665,-134.19],"tool":false,"touchDistance":-0.57123,"touchZone":"hovering","type":1,"width":19.2721},{"bases":[[[0.950316,-0.0575035,-0.30593],[0.223495,0.810135,0.54197],[0.216679,-0.583417,0.782736]],[[0.952222,-0.0627357,-0.298895],[-0.096461,0.866798,-0.48924],[0.289774,0.494697,0.819332]],[[0.952222,-0.0627357,-0.298895],[-0.300234,-0.0129126,-0.953778],[0.0559765,0.997947,-0.0311311]],[[0.952222,-0.0627357,-0.298895],[-0.286734,-0.520612,-0.804206],[-0.105156,0.851485,-0.513727]]],"btipPosition":[35.0205,231.08,-27.9725],"carpPosition":[63.6158,258.499,55.2848],"dipPosition":[33.0517,247.022,-37.5911],"direction":[-0.0559765,-0.997947,0.0311311],"extended":false,"handId":689,"id":6892,"length":66.7614,"mcpPosition":[48.5538,299.054,0.874609],"pipPosition":[34.6376,275.296,-38.4731],"stabilizedTipPosition":[-12.0983,230.278,112.579],"timeVisible":8.96619,"tipPosition":[34.9493,234.012,-28.928],"tipVelocity":[11.894,65.7901,-107.383],"tool":false,"touchDistance":0.333333,"touchZone":"none","type":2,"width":18.9277},{"bases":[[[0.952274,-0.203638,-0.227389],[0.297613,0.784945,0.543404],[0.0678305,-0.585143,0.808088]],[[0.953502,-0.216041,-0.210146],[0.0785342,0.851271,-0.518816],[0.290976,0.478188,0.828655]],[[0.953502,-0.216041,-0.210146],[-0.216561,-0.00618836,-0.976249],[0.209609,0.976365,-0.0526867]],[[0.953502,-0.216041,-0.210146],[-0.293108,-0.502388,-0.813446],[0.0701631,0.837217,-0.542351]]],"btipPosition":[50.9361,231.701,-24.3668],"carpPosition":[75.2141,259.002,51.4049],"dipPosition":[52.2422,247.286,-34.463],"direction":[-0.209609,-0.976365,0.0526867],"extended":false,"handId":689,"id":6893,"length":64.1929,"mcpPosition":[70.9807,295.521,0.97139],"pipPosition":[58.0276,274.234,-35.9172],"stabilizedTipPosition":[12.3296,226.747,80.6796],"timeVisible":8.96619,"tipPosition":[51.4768,234.57,-25.3409],"tipVelocity":[13.551,67.9739,-108.011],"tool":false,"touchDistance":0.333333,"touchZone":"none","type":3,"width":18.0109},{"bases":[[[0.891372,-0.396871,-0.218973],[0.446919,0.688916,0.570665],[-0.0756263,-0.606538,0.79145]],[[0.869184,-0.485311,-0.0948292],[0.37905,0.777059,-0.502494],[0.317554,0.400815,0.859364]],[[0.869184,-0.485311,-0.0948292],[-0.0924951,0.0288225,-0.995296],[0.485762,0.873866,-0.0198369]],[[0.869184,-0.485311,-0.0948292],[-0.327176,-0.420622,-0.846187],[0.370777,0.766518,-0.52438]]],"btipPosition":[63.7394,243.305,-21.1071],"carpPosition":[86.3915,252.577,45.5006],"dipPosition":[70.1071,256.469,-30.1127],"direction":[-0.485762,-0.873866,0.0198369],"extended":false,"handId":689,"id":6894,"length":50.326,"mcpPosition":[90.7606,287.618,-0.223962],"pipPosition":[79.5732,273.498,-30.4993],"stabilizedTipPosition":[33.3704,235.124,53.4773],"timeVisible":8.96619,"tipPosition":[65.2852,245.598,-21.9451],"tipVelocity":[15.8436,72.4496,-117.608],"tool":false,"touchDistance":0.333333,"touchZone":"none","type":4,"width":15.9987}],"r":[[0.939801,0.268215,-0.211743],[-0.249687,0.962016,0.110372],[0.233304,-0.0508583,0.971073]],"s":0.775146,"t":[-18.5678,52.3111,-131.4],"timestamp":523610097525},false],[6,{"currentFrameRate":102.084,"devices":[],"gestures":[],"hands":[{"armBasis":[[0.963397,0.0747017,-0.257459],[0.0575689,0.880334,0.470849],[0.261823,-0.468436,0.843811]],"armWidth":63.487,"confidence":0.652726,"direction":[-0.173693,0.695278,-0.697437],"elbow":[142.944,119.542,279.202],"grabStrength":0,"id":689,"palmNormal":[-0.10928,-0.717436,-0.688],"palmPosition":[55.2615,279.548,13.2442],"palmVelocity":[7.93445,86.0566,-129.846],"palmWidth":90.6573,"pinchStrength":0.922686,"r":[[0.939729,0.267845,-0.212527],[-0.250427,0.962365,0.105541],[0.232798,-0.0459574,0.971439]],"s":0.775987,"sphereCenter":[49.3347,259.11,-32.2077],"sphereRadius":46.8182,"stabilizedPalmPosition":[17.2915,261.583,109.663],"t":[-18.5563,53.2698,-132.897],"timeVisible":8.97526,"type":"right","wrist":[72.5102,245.557,52.2059]}],"id":4266464,"interactionBox":{"center":[0,200,0],"size":[235.247,235.247,147.751]},"pointables":[{"bases":[[[0.457683,0.794783,0.398555],[-0.671009,0.0146691,0.741304],[0.58333,-0.606716,0.54002]],[[0.217716,0.959629,0.178081],[-0.784121,0.0633308,0.617368],[0.581166,-0.274048,0.766253]],[[0.217716,0.959629,0.178081],[-0.955881,0.172779,0.237569],[0.197209,-0.221947,0.954907]],[[0.217716,0.959629,0.178081],[-0.831481,0.277911,-0.481046],[-0.511116,-0.0433397,0.858419]]],"btipPosition":[20.4417,256.418,-37.6872],"carpPosition":[44.1272,234.238,52.8782],"dipPosition":[8.5235,255.407,-17.6705],"direction":[-0.197209,0.221947,-0.954907],"extended":false,"handId":689,"id":6890,"length":51.9258,"mcpPosition":[44.1272,234.238,52.8782],"pipPosition":[15.2229,247.867,14.7685],"stabilizedTipPosition":[-45.2146,239.224,142.335],"timeVisible":8.97526,"tipPosition":[18.6434,255.754,-32.4865],"tipVelocity":[1.88657,66.7536,-126.348],"tool":false,"touchDistance":-0.543314,"touchZone":"hovering","type":0,"width":20.176},{"bases":[[[0.93566,0.159409,-0.314847],[0.058294,0.810094,0.583395],[0.348054,-0.564213,0.74868]],[[0.960563,0.11364,-0.25378],[0.0132796,0.892886,0.450087],[0.277744,-0.435707,0.856164]],[[0.960563,0.11364,-0.25378],[-0.0399034,0.959565,0.278646],[0.275183,-0.25753,0.926257]],[[0.960563,0.11364,-0.25378],[-0.07938,0.986764,0.141406],[0.26649,-0.115684,0.95687]]],"btipPosition":[3.70426,324.154,-72.888],"carpPosition":[52.2692,255.975,57.2342],"dipPosition":[8.24075,322.185,-56.599],"direction":[-0.275183,0.25753,-0.926257],"extended":true,"handId":689,"id":6891,"length":58.5925,"mcpPosition":[26.7566,297.332,2.35546],"pipPosition":[14.8677,315.983,-34.2929],"stabilizedTipPosition":[-53.3243,318.031,72.7743],"timeVisible":8.97526,"tipPosition":[5.71408,323.071,-69.5642],"tipVelocity":[-12.3899,59.2156,-141.34],"tool":false,"touchDistance":-0.564223,"touchZone":"hovering","type":1,"width":19.2721},{"bases":[[[0.950342,-0.0587361,-0.305613],[0.223267,0.812798,0.538063],[0.216798,-0.579577,0.78555]],[[0.952332,-0.0641651,-0.298238],[-0.0969533,0.863281,-0.495323],[0.289246,0.500628,0.81591]],[[0.952332,-0.0641651,-0.298238],[-0.300229,-0.0238046,-0.95357],[0.0540865,0.997655,-0.0419341]],[[0.952332,-0.0641651,-0.298238],[-0.285616,-0.531,-0.797786],[-0.107174,0.844939,-0.524015]]],"btipPosition":[35.0325,231.775,-28.8267],"carpPosition":[63.5192,259.615,53.9631],"dipPosition":[33.0258,247.595,-38.638],"direction":[-0.0540865,-0.997655,0.0419341],"extended":false,"handId":689,"id":6892,"length":66.7614,"mcpPosition":[48.449,299.903,-0.642706],"pipPosition":[34.5582,275.861,-39.8261],"stabilizedTipPosition":[-10.8235,230.418,108.655],"timeVisible":8.97526,"tipPosition":[34.8896,234.756,-30.0341],"tipVelocity":[8.70493,67.9172,-105.075],"tool":false,"touchDistance":0.333333,"touchZone":"none","type":2,"width":18.9277},{"bases":[[[0.952335,-0.204489,-0.226368],[0.297391,0.787635,0.539621],[0.0679486,-0.581219,0.810905]],[[0.953604,-0.217291,-0.208383],[0.0789709,0.848457,-0.52334],[0.290521,0.482603,0.826252]],[[0.953604,-0.217291,-0.208383],[-0.216547,-0.0141908,-0.976169],[0.209155,0.976004,-0.0605861]],[[0.953604,-0.217291,-0.208383],[-0.292957,-0.510199,-0.808624],[0.06939,0.832155,-0.550185]]],"btipPosition":[50.8794,232.463,-25.3954],"carpPosition":[75.1176,260.102,50.0813],"dipPosition":[52.1711,247.955,-35.6374],"direction":[-0.209155,-0.976004,0.0605861],"extended":false,"handId":689,"id":6893,"length":64.1929,"mcpPosition":[70.8768,296.377,-0.528034],"pipPosition":[57.944,274.893,-37.3097],"stabilizedTipPosition":[13.6713,227.067,76.9348],"timeVisible":8.97526,"tipPosition":[51.3931,235.35,-26.53],"tipVelocity":[7.97683,71.7653,-110.514],"tool":false,"touchDistance":0.333333,"touchZone":"none","type":3,"width":18.0109},{"bases":[[[0.891482,-0.397695,-0.217022],[0.44672,0.691776,0.56735],[-0.0755021,-0.602731,0.794365]],[[0.868704,-0.487066,-0.0901158],[0.380579,0.772758,-0.507942],[0.317039,0.406955,0.856664]],[[0.868704,-0.487066,-0.0901158],[-0.0928687,0.0185507,-0.995506],[0.486548,0.873168,-0.029118]],[[0.868704,-0.487066,-0.0901158],[-0.328318,-0.429964,-0.841034],[0.370892,0.760196,-0.533424]]],"btipPosition":[63.6384,244.065,-22.1364],"carpPosition":[86.2968,253.651,44.2085],"dipPosition":[70.0081,257.12,-31.2973],"direction":[-0.486548,-0.873168,0.029118],"extended":false,"handId":689,"id":6894,"length":50.326,"mcpPosition":[90.6588,288.473,-1.68449],"pipPosition":[79.4896,274.136,-31.8647],"stabilizedTipPosition":[34.6471,235.605,50.3503],"timeVisible":8.97526,"tipPosition":[65.1828,246.389,-23.1574],"tipVelocity":[8.40013,74.8281,-117.544],"tool":false,"touchDistance":0.333333,"touchZone":"none","type":4,"width":15.9987}],"r":[[0.939729,0.267845,-0.212527],[-0.250427,0.962365,0.105541],[0.232798,-0.0459574,0.971439]],"s":0.775987,"t":[-18.5563,53.2698,-132.89