{"sensorType":"Leap","data":[[0,{"currentFrameRate":109.841,"devices":[],"gestures":[],"hands":[{"armBasis":[[0.948079,0.0344841,-0.316161],[0.124433,0.874637,0.468536],[0.292684,-0.48355,0.824934]],"armWidth":63.487,"confidence":0.701696,"direction":[-0.0999052,0.65613,-0.748005],"elbow":[141.02,112.994,292.299],"grabStrength":0,"id":691,"palmNormal":[-0.148861,-0.753162,-0.640771],"palmPosition":[48.7971,275.494,28.6917],"palmVelocity":[-29.1338,-20.1064,-23.6618],"palmWidth":90.6573,"pinchStrength":1,"r":[[0.132613,0.917505,0.374965],[-0.819177,0.314431,-0.479668],[-0.557998,-0.243552,0.793297]],"s":0.869208,"sphereCenter":[51.5621,251.31,-16.6449],"sphereRadius":47.9732,"stabilizedPalmPosition":[53.2211,269.124,141.61],"t":[-23.2734,-19.5849,-191.876],"timeVisible":1.93419,"type":"right","wrist":[62.2848,243.075,70.3811]}],"id":4268008,"interactionBox":{"center":[0,200,0],"size":[235.247,235.247,147.751]},"pointables":[{"bases":[[[0.509528,0.782634,0.357582],[-0.686193,0.118853,0.717644],[0.519153,-0.61103,0.597597]],[[0.237398,0.969134,0.0664903],[-0.856583,0.176562,0.484862],[0.458157,-0.17206,0.872059]],[[0.237398,0.969134,0.0664903],[-0.968305,0.230613,0.0959359],[0.0776412,-0.0871578,0.993164]],[[0.237398,0.969134,0.0664903],[-0.875991,0.24316,-0.416548],[-0.419859,0.0406428,0.906679]]],"btipPosition":[17.4462,244.648,-27.3048],"carpPosition":[33.08,234.078,70.9478],"dipPosition":[7.65595,245.596,-6.16281],"direction":[-0.0776412,0.0871578,-0.993164],"extended":false,"handId":691,"id":6910,"length":51.9258,"mcpPosition":[33.08,234.078,70.9478],"pipPosition":[10.2935,242.635,27.5759],"stabilizedTipPosition":[8.89271,256.6,85.9481],"timeVisible":1.93419,"tipPosition":[16.4086,244.484,-22.4975],"tipVelocity":[-27.4588,-28.4523,-21.3812],"tool":false,"touchDistance":-0.346754,"touchZone":"touching","type":0,"width":20.176},{"bases":[[[0.953058,0.063505,-0.296054],[0.108101,0.841957,0.528604],[0.282834,-0.535794,0.795569]],[[0.983284,-0.0121904,-0.181668],[0.0768383,0.932339,0.353327],[0.165069,-0.36138,0.917691]],[[0.983284,-0.0121904,-0.181668],[0.0480134,0.979801,0.194127],[0.175632,-0.199604,0.964008]],[[0.983284,-0.0121904,-0.181668],[0.0254819,0.99715,0.0710102],[0.180285,-0.0744524,0.980793]]],"btipPosition":[7.72431,316.183,-63.4421],"carpPosition":[42.8206,255.365,74.067],"dipPosition":[10.7933,314.915,-46.746],"direction":[-0.175632,0.199604,-0.964008],"extended":true,"handId":691,"id":6911,"length":58.5925,"mcpPosition":[22.0887,294.639,15.7513],"pipPosition":[15.0229,310.108,-23.5307],"stabilizedTipPosition":[5.81489,332.339,30.2954],"timeVisible":1.93419,"tipPosition":[9.15069,315.81,-59.7046],"tipVelocity":[-27.462,-32.1445,-42.4208],"tool":false,"touchDistance":-0.35837,"touchZone":"touching","type":1,"width":19.2721},{"bases":[[[0.950021,-0.153937,-0.271595],[0.273854,0.828604,0.488281],[0.14988,-0.538255,0.829348]],[[0.949103,-0.150701,-0.276572],[-0.0157104,0.85436,-0.519444],[0.314572,0.497351,0.808509]],[[0.949103,-0.150701,-0.276572],[-0.301089,-0.17635,-0.937148],[0.0924554,0.972723,-0.212749]],[[0.949103,-0.150701,-0.276572],[-0.298029,-0.71376,-0.633818],[-0.101889,0.683985,-0.722345]]],"btipPosition":[28.167,231.043,-6.02234],"carpPosition":[54.4045,257.879,70.9036],"dipPosition":[26.2594,243.85,-19.547],"direction":[-0.0924554,-0.972723,0.212749],"extended":false,"handId":691,"id":6912,"length":66.7614,"mcpPosition":[43.9859,295.294,13.2532],"pipPosition":[28.8788,271.409,-25.5747],"stabilizedTipPosition":[15.9861,238.63,114.115],"timeVisible":1.93419,"tipPosition":[27.7343,234.202,-9.26777],"tipVelocity":[23.7084,-58.2899,0.234605],"tool":false,"touchDistance":0.333333,"touchZone":"none","type":2,"width":18.9277},{"bases":[[[0.938357,-0.29349,-0.18262],[0.345667,0.797908,0.493818],[0.000783367,-0.526503,0.850173]],[[0.937625,-0.272922,-0.215343],[0.105605,0.813759,-0.571528],[0.331219,0.513138,0.791823]],[[0.937625,-0.272922,-0.215343],[-0.275257,-0.204451,-0.93938],[0.21235,0.940061,-0.266821]],[[0.937625,-0.272922,-0.215343],[-0.347274,-0.706589,-0.616549],[0.0161107,0.652875,-0.757294]]],"btipPosition":[45.1446,229.103,0.508616],"carpPosition":[66.099,257.187,67.3556],"dipPosition":[45.4445,241.257,-13.5889],"direction":[-0.21235,-0.940061,0.266821],"extended":false,"handId":691,"id":6913,"length":64.1929,"mcpPosition":[66.0501,290.046,14.2956],"pipPosition":[51.3055,267.204,-20.9534],"stabilizedTipPosition":[32.7003,235.844,116.436],"timeVisible":1.93419,"tipPosition":[45.1933,232.287,-3.34762],"tipVelocity":[17.572,-44.0106,11.8882],"tool":false,"touchDistance":0.333333,"touchZone":"none","type":3,"width":18.0109},{"bases":[[[0.862041,-0.480231,-0.16206],[0.48611,0.692875,0.53256],[-0.143464,-0.537868,0.830732]],[[0.863766,-0.473476,-0.172423],[0.315173,0.774635,-0.548275],[0.39316,0.419238,0.81833]],[[0.863766,-0.473476,-0.172423],[-0.260848,-0.127385,-0.956938],[0.431123,0.871547,-0.233536]],[[0.863766,-0.473476,-0.172423],[-0.460275,-0.602107,-0.652391],[0.205074,0.642875,-0.738008]]],"btipPosition":[59.3857,237.768,2.6817],"carpPosition":[76.8717,249.488,62.2801],"dipPosition":[62.9076,248.809,-9.99268],"direction":[-0.431123,-0.871547,0.233536],"extended":false,"handId":691,"id":6914,"length":50.326,"mcpPosition":[85.16,280.563,14.286],"pipPosition":[71.3091,265.793,-14.5437],"stabilizedTipPosition":[49.0713,238.103,119.081],"timeVisible":1.93419,"tipPosition":[60.2169,240.481,-0.340856],"tipVelocity":[8.58061,-23.2157,-3.26501],"tool":false,"touchDistance":0.333333,"touchZone":"none","type":4,"width":15.9987}],"r":[[0.132613,0.917505,0.374965],[-0.819177,0.314431,-0.479668],[-0.557998,-0.243552,0.793297]],"s":0.869208,"t":[-23.2734,-19.5849,-191.876],"timestamp":523624342121},false],[1,{"currentFrameRate":109.86,"devices":[],"gestures":[],"hands":[{"armBasis":[[0.949013,0.0422703,-0.312389],[0.116161,0.874346,0.471197],[0.293054,-0.483459,0.824856]],"armWidth":63.487,"confidence":0.702551,"direction":[-0.099581,0.653433,-0.750406],"elbow":[140.869,113.084,292.285],"grabStrength":0,"id":691,"palmNormal":[-0.139692,-0.755866,-0.63965],"palmPosition":[48.5924,275.355,28.5261],"palmVelocity":[-27.3202,-18.763,-22.1694],"palmWidth":90.6573,"pinchStrength":1,"r":[[0.125573,0.918781,0.374263],[-0.818353,0.30919,-0.484459],[-0.56083,-0.245444,0.790713]],"s":0.874381,"sphereCenter":[51.3196,251.229,-16.6329],"sphereRadius":47.9133,"stabilizedPalmPosition":[53.1785,269.182,140.569],"t":[-23.4895,-19.7515,-192.031],"timeVisible":1.94326,"type":"right","wrist":[62.0336,243.14,70.3881]}],"id":4268009,"interactionBox":{"center":[0,200,0],"size":[235.247,235.247,147.751]},"pointables":[{"bases":[[[0.501945,0.787023,0.358673],[-0.691528,0.116122,0.712955],[0.519462,-0.605896,0.602535]],[[0.232474,0.970261,0.067456],[-0.856985,0.171548,0.48595],[0.459926,-0.17078,0.87138]],[[0.232474,0.970261,0.067456],[-0.969354,0.225475,0.0975405],[0.07943,-0.0880644,0.992943]],[[0.232474,0.970261,0.067456],[-0.872974,0.238736,-0.425349],[-0.428803,0.0399952,0.902512]]],"btipPosition":[17.3134,244.5,-27.3198],"carpPosition":[32.8873,233.947,70.7943],"dipPosition":[7.31452,245.432,-6.27503],"direction":[-0.07943,0.0880644,-0.992943],"extended":false,"handId":691,"id":6910,"length":51.9258,"mcpPosition":[32.8873,233.947,70.7943],"pipPosition":[10.0128,242.441,27.4562],"stabilizedTipPosition":[8.98343,256.424,84.3411],"timeVisible":1.94326,"tipPosition":[16.2626,244.272,-22.6012],"tipVelocity":[-25.3806,-25.2135,-16.6122],"tool":false,"touchDistance":-0.340973,"touchZone":"touching","type":0,"width":20.176},{"bases":[[[0.954469,0.0691676,-0.29018],[0.0990473,0.844082,0.526986],[0.281386,-0.531734,0.7988]],[[0.983875,-0.0038091,-0.178819],[0.0683224,0.931961,0.356064],[0.165296,-0.362539,0.917193]],[[0.983875,-0.0038091,-0.178819],[0.0398218,0.979344,0.198241],[0.17437,-0.202166,0.963703]],[[0.983875,-0.0038091,-0.178819],[0.0176609,0.996956,0.0759349],[0.177985,-0.0778685,0.980947]]],"btipPosition":[7.53348,315.998,-63.8028],"carpPosition":[42.4638,255.309,73.9171],"dipPosition":[10.5633,314.672,-47.104],"direction":[-0.17437,0.202166,-0.963703],"extended":true,"handId":691,"id":6911,"length":58.5925,"mcpPosition":[21.838,294.285,15.3647],"pipPosition":[14.7625,309.804,-23.8961],"stabilizedTipPosition":[5.8343,332.205,29.5698],"timeVisible":1.94326,"tipPosition":[8.96891,315.463,-60.1021],"tipVelocity":[-25.962,-29.3034,-41.6685],"tool":false,"touchDistance":-0.356267,"touchZone":"touching","type":1,"width":19.2721},{"bases":[[[0.952746,-0.148223,-0.265149],[0.265139,0.831745,0.487751],[0.148241,-0.535004,0.831742]],[[0.951983,-0.145511,-0.26936],[-0.0194639,0.849282,-0.52758],[0.305531,0.50749,0.80567]],[[0.951983,-0.145511,-0.26936],[-0.293816,-0.187016,-0.937389],[0.0860254,0.97152,-0.22079]],[[0.951983,-0.145511,-0.26936],[-0.28862,-0.720009,-0.631098],[-0.10211,0.678538,-0.727434]]],"btipPosition":[28.5474,230.48,-5.81255],"carpPosition":[54.0503,257.892,70.8204],"dipPosition":[26.6355,243.184,-19.4325],"direction":[-0.0860254,-0.97152,0.22079],"extended":false,"handId":691,"id":6912,"length":66.7614,"mcpPosition":[43.7457,295.082,13.0036],"pipPosition":[29.0729,270.71,-25.688],"stabilizedTipPosition":[16.0298,238.611,113.671],"timeVisible":1.94326,"tipPosition":[28.0903,233.671,-9.19765],"tipVelocity":[28.7174,-60.0695,5.89525],"tool":false,"touchDistance":0.333333,"touchZone":"none","type":2,"width":18.9277},{"bases":[[[0.94146,-0.287614,-0.175871],[0.337122,0.801551,0.493826],[-0.00106195,-0.524208,0.85159]],[[0.940839,-0.267774,-0.207649],[0.103416,0.810472,-0.576576],[0.322686,0.520992,0.790216]],[[0.940839,-0.267774,-0.207649],[-0.26789,-0.21253,-0.939716],[0.2075,0.939749,-0.271691]],[[0.940839,-0.267774,-0.207649],[-0.338432,-0.712027,-0.615209],[0.016885,0.649088,-0.760526]]],"btipPosition":[45.4316,228.773,0.679176],"carpPosition":[65.7716,257.27,67.3485],"dipPosition":[45.7459,240.856,-13.4785],"direction":[-0.2075,-0.939749,0.271691],"extended":false,"handId":691,"id":6913,"length":64.1929,"mcpPosition":[65.8378,289.986,14.2],"pipPosition":[51.4731,266.794,-20.9774],"stabilizedTipPosition":[32.7489,235.827,115.984],"timeVisible":1.94326,"tipPosition":[45.4856,231.949,-3.22875],"tipVelocity":[21.5635,-42.4225,13.3786],"tool":false,"touchDistance":0.333333,"touchZone":"none","type":3,"width":18.0109},{"bases":[[[0.866279,-0.474812,-0.155287],[0.478022,0.697576,0.533743],[-0.145103,-0.536601,0.831267]],[[0.867697,-0.469381,-0.163655],[0.314916,0.773786,-0.549622],[0.384616,0.425368,0.819227]],[[0.867697,-0.469381,-0.163655],[-0.25287,-0.133346,-0.958267],[0.427969,0.872869,-0.234396]],[[0.867697,-0.469381,-0.163655],[-0.451843,-0.607504,-0.653281],[0.207216,0.640797,-0.739216]]],"btipPosition":[59.5625,237.632,2.73899],"carpPosition":[76.628,249.631,62.3623],"dipPosition":[63.1212,248.637,-9.95614],"direction":[-0.427969,-0.872869,0.234396],"extended":false,"handId":691,"id":6914,"length":50.326,"mcpPosition":[85.0111,280.632,14.3374],"pipPosition":[71.4611,265.646,-14.5239],"stabilizedTipPosition":[49.1114,238.11,118.658],"timeVisible":1.94326,"tipPosition":[60.4123,240.334,-0.303975],"tipVelocity":[11.8526,-21.2131,-0.762302],"tool":false,"touchDistance":0.333333,"touchZone":"none","type":4,"width":15.9987}],"r":[[0.125573,0.918781,0.374263],[-0.818353,0.30919,-0.484459],[-0.56083,-0.245444,0.790713]],"s":0.874381,"t":[-23.4895,-19.7515,-192.031],"timestamp":523624351190},false],[2,{"currentFrameRate":109.851,"devices":[],"gestures":[],"hands":[{"armBasis":[[0.949542,0.0507496,-0.309506],[0.107654,0.874133,0.473606],[0.294585,-0.483029,0.824562]],"armWidth":63.487,"confidence":0.704298,"direction":[-0.0991466,0.650476,-0.753028],"elbow":[141.041,113.298,292.211],"grabStrength":0,"id":691,"palmNormal":[-0.130278,-0.758728,-0.638247],"palmPosition":[48.4068,275.235,28.3459],"palmVelocity":[-25.3859,-17.2287,-21.5025],"palmWidth":90.6573,"pinchStrength":1,"r":[[0.118179,0.920163,0.373274],[-0.817432,0.303572,-0.489539],[-0.563771,-0.247272,0.788047]],"s":0.879233,"sphereCenter":[50.9818,251.204,-16.5703],"sphereRadius":47.7603,"stabilizedPalmPosition":[53.1283,269.245,139.389],"t":[-23.6904,-19.8951,-192.199],"timeVisible":1.95238,"type":"right","wrist":[61.7943,243.239,70.3929]}],"id":4268010,"interactionBox":{"center":[0,200,0],"size":[235.247,235.247,147.751]},"pointables":[{"bases":[[[0.494145,0.791543,0.359554],[-0.69698,0.113482,0.708054],[0.519653,-0.600484,0.607766]],[[0.226179,0.971786,0.0668906],[-0.859034,0.166618,0.484045],[0.459243,-0.166942,0.872483]],[[0.226179,0.971786,0.0668906],[-0.971017,0.219487,0.0946116],[0.0772607,-0.086351,0.993264]],[[0.226179,0.971786,0.0668906],[-0.869021,0.232329,-0.436836],[-0.440052,0.0406736,0.897051]]],"btipPosition":[17.5059,244.134,-27.4164],"carpPosition":[32.7099,233.846,70.6361],"dipPosition":[7.24475,245.082,-6.49895],"direction":[-0.0772607,0.086351,-0.993264],"extended":false,"handId":691,"id":6910,"length":51.9258,"mcpPosition":[32.7099,233.846,70.6361],"pipPosition":[9.86937,242.149,27.2432],"stabilizedTipPosition":[9.09451,256.206,82.4133],"timeVisible":1.95238,"tipPosition":[16.3704,243.909,-22.768],"tipVelocity":[-14.3085,-29.2493,-15.8318],"tool":false,"touchDistance":-0.337097,"touchZone":"touching","type":0,"width":20.176},{"bases":[[[0.955856,0.0748875,-0.284132],[0.0897673,0.846323,0.525051],[0.279787,-0.527379,0.802241]],[[0.984435,0.00458072,-0.175691],[0.0596089,0.931704,0.358293],[0.165333,-0.363189,0.916929]],[[0.984435,0.00458072,-0.175691],[0.0313264,0.979079,0.201056],[0.172937,-0.20343,0.963696]],[[0.984435,0.00458072,-0.175691],[0.00945359,0.996833,0.0789604],[0.175496,-0.0793923,0.981274]]],"btipPosition":[7.38044,315.736,-64.2096],"carpPosition":[42.1183,255.282,73.7566],"dipPosition":[10.3679,314.385,-47.5053],"direction":[-0.172937,0.20343,-0.963696],"extended":true,"handId":691,"id":6911,"length":58.5925,"mcpPosition":[21.6097,293.94,14.9519],"pipPosition":[14.5326,309.486,-24.2975],"stabilizedTipPosition":[5.85285,332.066,28.8229],"timeVisible":1.95238,"tipPosition":[8.82604,315.081,-60.5386],"tipVelocity":[-23.71,-29.3053,-42.4476],"tool":false,"touchDistance":-0.355057,"touchZone":"touching","type":1,"width":19.2721},{"bases":[[[0.955466,-0.142434,-0.258451],[0.256195,0.835016,0.486942],[0.146454,-0.53147,0.83432]],[[0.954874,-0.140312,-0.261778],[-0.0223956,0.844852,-0.534531],[0.296165,0.516272,0.803585]],[[0.954874,-0.140312,-0.261778],[-0.285974,-0.196307,-0.937914],[0.0802122,0.970451,-0.227574]],[[0.954874,-0.140312,-0.261778],[-0.279046,-0.725689,-0.628895],[-0.101728,0.673563,-0.732095]]],"btipPosition":[28.9355,229.98,-5.70458],"carpPosition":[53.7069,257.936,70.728],"dipPosition":[27.0308,242.591,-19.4118],"direction":[-0.0802122,-0.970451,0.227574],"extended":false,"handId":691,"id":6912,"length":66.7614,"mcpPosition":[43.5265,294.88,12.732],"pipPosition":[29.3034,270.087,-25.8595],"stabilizedTipPosition":[16.1,238.579,112.982],"timeVisible":1.95238,"tipPosition":[28.4664,233.183,-9.18709],"tipVelocity":[32.6103,-59.2563,6.93453],"tool":false,"touchDistance":0.333333,"touchZone":"none","type":2,"width":18.9277},{"bases":[[[0.944554,-0.281631,-0.168825],[0.328342,0.805338,0.493581],[-0.00304651,-0.521646,0.853157]],[[0.944039,-0.26245,-0.199777],[0.10147,0.807405,-0.581207],[0.313839,0.52841,0.788852]],[[0.944039,-0.26245,-0.199777],[-0.260157,-0.220162,-0.940131],[0.202755,0.939494,-0.27612]],[[0.944039,-0.26245,-0.199777],[-0.329352,-0.717315,-0.613992],[0.0178395,0.645429,-0.763612]]],"btipPosition":[45.7456,228.473,0.808069],"carpPosition":[65.4547,257.385,67.3349],"dipPosition":[46.0777,240.488,-13.4071],"direction":[-0.202755,-0.939494,0.27612],"extended":false,"handId":691,"id":6913,"length":64.1929,"mcpPosition":[65.6448,289.941,14.0885],"pipPosition":[51.6739,266.418,-21.0282],"stabilizedTipPosition":[32.8178,235.803,115.36],"timeVisible":1.95238,"tipPosition":[45.8068,231.637,-3.13779],"tipVelocity":[25.2623,-40.2577,13.1862],"tool":false,"touchDistance":0.333333,"touchZone":"none","type":3,"width":18.0109},{"bases":[[[0.87053,-0.469281,-0.148164],[0.46969,0.702459,0.534736],[-0.146862,-0.535095,0.831929]],[[0.871614,-0.46523,-0.154436],[0.314845,0.772793,-0.551057],[0.375715,0.431685,0.820052]],[[0.871614,-0.46523,-0.154436],[-0.244505,-0.139554,-0.959553],[0.424861,0.87412,-0.235388]],[[0.871614,-0.46523,-0.154436],[-0.443128,-0.613096,-0.654027],[0.209589,0.638494,-0.740539]]],"btipPosition":[59.7655,237.512,2.79453],"carpPosition":[76.396,249.806,62.4431],"dipPosition":[63.3649,248.478,-9.92332],"direction":[-0.424861,-0.87412,0.235388],"extended":false,"handId":691,"id":6914,"length":50.326,"mcpPosition":[84.8807,280.72,14.38],"pipPosition":[71.6443,265.512,-14.5104],"stabilizedTipPosition":[49.1667,238.12,118.086],"timeVisible":1.95238,"tipPosition":[60.6352,240.202,-0.267397],"tipVelocity":[15.028,-19.2315,0.981364],"tool":false,"touchDistance":0.333333,"touchZone":"none","type":4,"width":15.9987}],"r":[[0.118179,0.920163,0.373274],[-0.817432,0.303572,-0.489539],[-0.563771,-0.247272,0.788047]],"s":0.879233,"t":[-23.6904,-19.8951,-192.199],"timestamp":523624360309},false],[3,{"currentFrameRate":109.931,"devices":[],"gestures":[],"hands":[{"armBasis":[[0.950659,0.0594167,-0.304494],[0.0991661,0.871799,0.479722],[0.293961,-0.486247,0.822891]],"armWidth":63.487,"confidence":0.708489,"direction":[-0.097707,0.647361,-0.755895],"elbow":[140.544,112.574,291.676],"grabStrength":0,"id":691,"palmNormal":[-0.120169,-0.761646,-0.636753],"palmPosition":[48.1871,275.149,28.0544],"palmVelocity":[-25.1529,-15.1288,-24.5231],"palmWidth":90.6573,"pinchStrength":1,"r":[[0.110433,0.921629,0.372026],[-0.816291,0.297645,-0.495052],[-0.566987,-0.249012,0.785187]],"s":0.883922,"sphereCenter":[50.6292,251.225,-16.5917],"sphereRadius":47.5902,"stabilizedPalmPosition":[53.0747,269.309,138.181],"t":[-23.9006,-20.0097,-192.428],"timeVisible":1.96133,"type":"right","wrist":[61.4645,243.381,70.3082]}],"id":4268011,"interactionBox":{"center":[0,200,0],"size":[235.247,235.247,147.751]},"pointables":[{"bases":[[[0.485958,0.796041,0.360781],[-0.70321,0.11101,0.702262],[0.51898,-0.594975,0.613731]],[[0.219705,0.973321,0.0661446],[-0.86215,0.161987,0.480061],[0.456539,-0.162498,0.874738]],[[0.219705,0.973321,0.0661446],[-0.972848,0.213531,0.0892764],[0.0727706,-0.0839632,0.993808]],[[0.219705,0.973321,0.0661446],[-0.864717,0.225683,-0.4487],[-0.451657,0.0413853,0.891231]]],"btipPosition":[17.7971,243.76,-27.6906],"carpPosition":[32.4434,233.791,70.3569],"dipPosition":[7.26535,244.725,-6.90881],"direction":[-0.0727706,0.0839632,-0.993808],"extended":false,"handId":691,"id":6910,"length":51.9258,"mcpPosition":[32.4434,233.791,70.3569],"pipPosition":[9.73743,241.872,26.8518],"stabilizedTipPosition":[9.21694,255.968,80.3601],"timeVisible":1.96133,"tipPosition":[16.5732,243.541,-23.1001],"tipVelocity":[-3.40574,-32.5529,-20.8275],"tool":false,"touchDistance":-0.336301,"touchZone":"touching","type":0,"width":20.176},{"bases":[[[0.957503,0.0804796,-0.276966],[0.0799451,0.848599,0.522962],[0.277121,-0.52288,0.806102]],[[0.985144,0.0127309,-0.171257],[0.0506315,0.931387,0.360492],[0.164096,-0.363807,0.916906]],[[0.985144,0.0127309,-0.171257],[0.0228468,0.978667,0.204177],[0.170203,-0.205056,0.963838]],[[0.985144,0.0127309,-0.171257],[0.0014721,0.996586,0.0825525],[0.171723,-0.0815782,0.981762]]],"btipPosition":[7.32232,315.528,-64.7799],"carpPosition":[41.6817,255.301,73.4801],"dipPosition":[10.2456,314.139,-48.0673],"direction":[-0.170203,0.205056,-0.963838],"extended":true,"handId":691,"id":6911,"length":58.5925,"mcpPosition":[21.3686,293.628,14.3923],"pipPosition":[14.3444,309.201,-24.8561],"stabilizedTipPosition":[5.8691,331.938,28.1421],"timeVisible":1.96133,"tipPosition":[8.76766,314.751,-61.1342],"tipVelocity":[-19.4534,-27.9268,-48.1985],"tool":false,"touchDistance":-0.356411,"touchZone":"touching","type":1,"width":19.2721},{"bases":[[[0.958388,-0.136756,-0.250579],[0.246736,0.838302,0.486179],[0.143573,-0.527775,0.837162]],[[0.957944,-0.135137,-0.253144],[-0.0246456,0.840164,-0.541772],[0.285896,0.525226,0.801499]],[[0.957944,-0.135137,-0.253144],[-0.277059,-0.205872,-0.938539],[0.0747163,0.969203,-0.234655]],[[0.957944,-0.135137,-0.253144],[-0.268787,-0.731483,-0.626647],[-0.100487,0.668334,-0.737042]]],"btipPosition":[29.3296,229.514,-5.70407],"carpPosition":[53.2752,258.024,70.5326],"dipPosition":[27.4482,242.027,-19.5039],"direction":[-0.0747163,-0.969203,0.234655],"extended":false,"handId":691,"id":6912,"length":66.7614,"mcpPosition":[43.295,294.711,12.3391],"pipPosition":[29.5651,269.487,-26.1523],"stabilizedTipPosition":[16.2005,238.531,112.024],"timeVisible":1.96133,"tipPosition":[28.8533,232.725,-9.28345],"tipVelocity":[35.8936,-57.9784,4.40397],"tool":false,"touchDistance":0.333333,"touchZone":"none","type":2,"width":18.9277},{"bases":[[[0.947725,-0.275735,-0.160585],[0.319029,0.809138,0.493473],[-0.00613203,-0.518908,0.854808]],[[0.947357,-0.257371,-0.190458],[0.100126,0.803159,-0.587291],[0.30412,0.537304,0.786648]],[[0.947357,-0.257371,-0.190458],[-0.251415,-0.229639,-0.940243],[0.198255,0.93863,-0.282257]],[[0.947357,-0.257371,-0.190458],[-0.319571,-0.72345,-0.611959],[0.0197134,0.640609,-0.767614]]],"btipPosition":[46.058,228.176,0.944534],"carpPosition":[65.0525,257.541,67.2323],"dipPosition":[46.4249,240.101,-13.3451],"direction":[-0.198254,-0.93863,0.282257],"extended":false,"handId":691,"id":6913,"length":64.1929,"mcpPosition":[65.4352,289.927,13.883],"pipPosition":[51.8969,266.008,-21.1356],"stabilizedTipPosition":[32.907,235.77,114.572],"timeVisible":1.96133,"tipPosition":[46.1292,231.332,-3.06868],"tipVelocity":[28.1368,-38.942,13.2246],"tool":false,"touchDistance":0.333333,"touchZone":"none","type":3,"width":18.0109},{"bases":[[[0.874818,-0.463817,-0.139885],[0.460748,0.707357,0.536058],[-0.149684,-0.533405,0.832511]],[[0.875561,-0.461124,-0.144077],[0.315568,0.771707,-0.552164],[0.365801,0.437987,0.821193]],[[0.875561,-0.461124,-0.144077],[-0.234914,-0.145775,-0.961023],[0.422148,0.87528,-0.235959]],[[0.875561,-0.461124,-0.144077],[-0.433635,-0.618669,-0.655141],[0.212965,0.636092,-0.741641]]],"btipPosition":[59.9592,237.427,2.7579],"carpPosition":[76.0826,250.022,62.4502],"dipPosition":[63.6167,248.351,-9.97888],"direction":[-0.422148,-0.875279,0.235959],"extended":false,"handId":691,"id":6914,"length":50.326,"mcpPosition":[84.7303,280.838,14.3535],"pipPosition":[71.8432,265.408,-14.5771],"stabilizedTipPosition":[49.2362,238.131,117.38],"timeVisible":1.96133,"tipPosition":[60.8528,240.103,-0.319766],"tipVelocity":[17.243,-16.8766,-0.538179],"tool":false,"touchDistance":0.333333,"touchZone":"none","type":4,"width":15.9987}],"r":[[0.110433,0.921629,0.372026],[-0.816291,0.297645,-0.495052],[-0.566987,-0.249012,0.785187]],"s":0.883922,"t":[-23.9006,-20.0097,-192.428],"timestamp":523624369263},false],[4,{"currentFrameRate":109.915,"devices":[],"gestures":[],"hands":[{"armBasis":[[0.951264,0.0670839,-0.300994],[0.0918082,0.870187,0.484093],[0.294396,-0.488134,0.821618]],"armWidth":63.487,"confidence":0.71146,"direction":[-0.096173,0.644625,-0.758426],"elbow":[140.362,112.182,291.243],"grabStrength":0,"id":691,"palmNormal":[-0.111521,-0.764138,-0.635339],"palmPosition":[47.9994,275.068,27.7812],"palmVelocity":[-23.8789,-13.3892,-26.0265],"palmWidth":90.6573,"pinchStrength":1,"r":[[0.102688,0.923098,0.370602],[-0.814974,0.291692,-0.500733],[-0.570327,-0.250611,0.782254]],"s":0.888543,"sphereCenter":[50.1509,251.298,-16.5851],"sphereRadius":47.3962,"stabilizedPalmPosition":[53.0187,269.373,136.963],"t":[-24.0996,-20.1074,-192.68],"timeVisible":1.97046,"type":"right","wrist":[61.1658,243.497,70.2169]}],"id":4268012,"interactionBox":{"center":[0,200,0],"size":[235.247,235.247,147.751]},"pointables":[{"bases":[[[0.478991,0.799806,0.361771],[-0.708613,0.109054,0.697119],[0.518107,-0.59027,0.618989]],[[0.214129,0.974627,0.0651932],[-0.864855,0.15814,0.476464],[0.454065,-0.158407,0.876774]],[[0.214129,0.974627,0.0651932],[-0.974363,0.208401,0.0847645],[0.0690275,-0.0816724,0.994266]],[[0.214129,0.974627,0.0651932],[-0.859961,0.219748,-0.460627],[-0.463266,0.0425699,0.885196]]],"btipPosition":[18.0741,243.403,-27.9281],"carpPosition":[32.1995,233.743,70.0955],"dipPosition":[7.27166,244.396,-7.28706],"direction":[-0.0690275,0.0816724,-0.994266],"extended":false,"handId":691,"id":6910,"length":51.9258,"mcpPosition":[32.1995,233.743,70.0955],"pipPosition":[9.61659,241.622,26.4891],"stabilizedTipPosition":[9.35282,255.705,78.1523],"timeVisible":1.97046,"tipPosition":[16.7582,243.204,-23.3954],"tipVelocity":[4.07867,-34.165,-23.2569],"tool":false,"touchDistance":-0.335053,"touchZone":"touching","type":0,"width":20.176},{"bases":[[[0.958908,0.085089,-0.270656],[0.0715884,0.850535,0.521023],[0.274536,-0.518989,0.809494]],[[0.9856,0.0199066,-0.167918],[0.0430857,0.930703,0.363228],[0.163512,-0.365233,0.916444]],[[0.9856,0.0199066,-0.167918],[0.0157976,0.977863,0.20865],[0.168354,-0.208298,0.963467]],[[0.9856,0.0199066,-0.167918],[-0.0051063,0.996097,0.0881155],[0.169016,-0.0859892,0.981855]]],"btipPosition":[7.24079,315.47,-65.2625],"carpPosition":[41.2951,255.314,73.219],"dipPosition":[10.118,314.006,-48.5483],"direction":[-0.168354,0.208298,-0.963467],"extended":true,"handId":691,"id":6911,"length":58.5925,"mcpPosition":[21.1715,293.356,13.8826],"pipPosition":[14.1723,308.99,-25.346],"stabilizedTipPosition":[5.88254,331.827,27.5498],"timeVisible":1.97046,"tipPosition":[8.68886,314.558,-61.6437],"tipVelocity":[-16.8529,-22.4523,-49.4862],"tool":false,"touchDistance":-0.356336,"touchZone":"touching","type":1,"width":19.2721},{"bases":[[[0.960835,-0.132061,-0.243632],[0.238683,0.841075,0.48541],[0.140809,-0.52455,0.839655]],[[0.96053,-0.130932,-0.245437],[-0.0261658,0.835867,-0.548308],[0.276944,0.533088,0.799449]],[[0.96053,-0.130932,-0.245437],[-0.269129,-0.214187,-0.938986],[0.0703743,0.967978,-0.24097]],[[0.96053,-0.130932,-0.245437],[-0.259986,-0.73636,-0.624644],[-0.0989441,0.6638,-0.741337]]],"btipPosition":[29.6636,229.102,-5.70939],"carpPosition":[52.893,258.094,70.3428],"dipPosition":[27.8111,241.53,-19.5896],"direction":[-0.0703743,-0.967978,0.24097],"extended":false,"handId":691,"id":6912,"length":66.7614,"mcpPosition":[43.105,294.557,11.9759],"pipPosition":[29.8049,268.956,-26.4169],"stabilizedTipPosition":[16.3403,238.46,110.728],"timeVisible":1.97046,"tipPosition":[29.1853,232.318,-9.36766],"tipVelocity":[36.2903,-55.0066,2.45511],"tool":false,"touchDistance":0.333333,"touchZone":"none","type":2,"width":18.9277},{"bases":[[[0.950338,-0.270839,-0.153308],[0.311087,0.812341,0.493282],[-0.00906153,-0.516477,0.856253]],[[0.950107,-0.253344,-0.181973],[0.0992994,0.798692,-0.59349],[0.295698,0.545809,0.784]],[[0.950107,-0.253344,-0.181973],[-0.243707,-0.238784,-0.939994],[0.19469,0.937443,-0.288612]],[[0.950107,-0.253344,-0.181973],[-0.311164,-0.729057,-0.609634],[0.0217788,0.635841,-0.771513]]],"btipPosition":[46.3182,227.894,1.11233],"carpPosition":[64.6951,257.668,67.1244],"dipPosition":[46.7237,239.731,-13.2499],"direction":[-0.19469,-0.937443,0.288612],"extended":false,"handId":691,"id":6913,"length":64.1929,"mcpPosition":[65.2606,289.902,13.6849],"pipPosition":[52.0972,265.605,-21.2158],"stabilizedTipPosition":[33.0205,235.727,113.591],"timeVisible":1.97046,"tipPosition":[46.4011,231.041,-2.96739],"tipVelocity":[28.5121,-37.3169,14.1503],"tool":false,"touchDistance":0.333333,"touchZone":"none","type":3,"width":18.0109},{"bases":[[[0.87835,-0.45927,-0.132559],[0.453081,0.711484,0.537129],[-0.152374,-0.531848,0.833019]],[[0.87864,-0.458252,-0.134152],[0.317119,0.770083,-0.55354],[0.356969,0.443821,0.821947]],[[0.87864,-0.458252,-0.134152],[-0.226074,-0.151783,-0.962212],[0.420574,0.875767,-0.236961]],[[0.87864,-0.458252,-0.134152],[-0.425394,-0.623649,-0.655821],[0.216868,0.633298,-0.742901]]],"btipPosition":[60.1067,237.346,2.73258],"carpPosition":[75.7998,250.197,62.4397],"dipPosition":[63.8311,248.222,-10.0258],"direction":[-0.420574,-0.875767,0.236961],"extended":false,"handId":691,"id":6914,"length":50.326,"mcpPosition":[84.6029,280.924,14.3135],"pipPosition":[72.0269,265.288,-14.6436],"stabilizedTipPosition":[49.3223,238.143,116.516],"timeVisible":1.97046,"tipPosition":[61.0284,240.006,-0.365446],"tipVelocity":[17.4091,-14.9925,-1.31112],"tool":false,"touchDistance":0.333333,"touchZone":"none","type":4,"width":15.9987}],"r":[[0.102688,0.923098,0.370602],[-0.814974,0.291692,-0.500733],[-0.570327,-0.250611,0.782254]],"s":0.888543,"t":[-24.0996,-20.1074,-192.68],"timestamp":523624378390},false],[5,{"currentFrameRate":109.999,"devices":[],"gestures":[],"hands":[{"armBasis":[[0.950912,0.077371,-0.299634],[0.0820333,0.870581,0.485138],[0.298392,-0.485904,0.821499]],"armWidth":63.487,"confidence":0.718188,"direction":[-0.093769,0.641581,-0.761302],"elbow":[140.984,112.93,290.894],"grabStrength":0,"id":691,"palmNormal":[-0.100727,-0.766861,-0.633859],"palmPosition":[47.712,274.993,27.2494],"palmVelocity":[-26.1335,-12.0286,-35.1599],"palmWidth":90.6573,"pinchStrength":1,"r":[[0.0945897,0.924599,0.36901],[-0.813358,0.285509,-0.506886],[-0.574022,-0.252191,0.779037]],"s":0.893147,"sphereCenter":[49.5835,251.41,-16.7917],"sphereRadius":47.1684,"stabilizedPalmPosition":[52.9658,269.429,135.869],"t":[-24.3428,-20.1939,-193.071],"timeVisible":1.9794,"type":"right","wrist":[60.7132,243.644,69.9007]}],"id":4268013,"interactionBox":{"center":[0,200,0],"size":[235.247,235.247,147.751]},"pointables":[{"bases":[[[0.470365,0.804154,0.363446],[-0.715495,0.106446,0.690461],[0.51655,-0.584812,0.625437]],[[0.207256,0.976173,0.0642781],[-0.868646,0.153407,0.471084],[0.449999,-0.15347,0.879743]],[[0.207256,0.976173,0.0642781],[-0.976276,0.202173,0.0775281],[0.0626855,-0.0788213,0.994916]],[[0.207256,0.976173,0.0642781],[-0.850778,0.212288,-0.48074],[-0.48293,0.0449499,0.874504]]],"btipPosition":[18.5662,242.957,-28.3903],"carpPosition":[31.8155,233.695,69.5537],"dipPosition":[7.30526,244.005,-7.99857],"direction":[-0.0626855,0.0788213,-0.994916],"extended":false,"handId":691,"id":6910,"length":51.9258,"mcpPosition":[31.8155,233.695,69.5537],"pipPosition":[9.43474,241.328,25.7996],"stabilizedTipPosition":[9.49528,255.436,75.9616],"timeVisible":1.9794,"tipPosition":[17.0655,242.8,-23.9539],"tipVelocity":[14.7732,-38.0701,-32.7719],"tool":false,"touchDistance":-0.337674,"touchZone":"touching","type":0,"width":20.176},{"bases":[[[0.96068,0.0907198,-0.262419],[0.0612311,0.852628,0.518918],[0.270822,-0.514583,0.813548]],[[0.986325,0.0280136,-0.162413],[0.0338701,0.929961,0.366095],[0.161293,-0.366589,0.916295]],[[0.986325,0.0280136,-0.162413],[0.00750365,0.976794,0.214051],[0.16464,-0.212342,0.963226]],[[0.986325,0.0280136,-0.162413],[-0.0125906,0.995376,0.0952241],[0.164329,-0.0918771,0.982117]]],"btipPosition":[7.21966,315.425,-66.0821],"carpPosition":[40.7375,255.336,72.6888],"dipPosition":[10.0171,313.861,-49.3634],"direction":[-0.16464,0.212342,-0.963226],"extended":true,"handId":691,"id":6911,"length":58.5925,"mcpPosition":[20.8861,293.055,13.0553],"pipPosition":[13.9819,308.747,-26.167],"stabilizedTipPosition":[5.89243,331.743,27.1017],"timeVisible":1.9794,"tipPosition":[8.65464,314.365,-62.4866],"tipVelocity":[-13.4563,-18.3957,-60.9716],"tool":false,"touchDistance":-0.361315,"touchZone":"touching","type":1,"width":19.2721},{"bases":[[[0.963828,-0.126327,-0.234685],[0.228695,0.844186,0.484818],[0.136872,-0.520953,0.842541]],[[0.963692,-0.125811,-0.235518],[-0.0276823,0.830211,-0.556761],[0.265577,0.543066,0.796585]],[[0.963692,-0.125811,-0.235518],[-0.258926,-0.224849,-0.939361],[0.0652264,0.966237,-0.249262]],[[0.963692,-0.125811,-0.235518],[-0.248929,-0.742417,-0.621974],[-0.0966009,0.658019,-0.746779]]],"btipPosition":[30.0337,228.622,-5.87174],"carpPosition":[52.3415,258.185,69.9067],"dipPosition":[28.225,240.942,-19.8539],"direction":[-0.0652264,-0.966237,0.249262],"extended":false,"handId":691,"id":6912,"length":66.7614,"mcpPosition":[42.8271,294.398,11.3392],"pipPosition":[30.073,268.318,-26.9161],"stabilizedTipPosition":[16.5177,238.367,109.127],"timeVisible":1.9794,"tipPosition":[29.5532,231.85,-9.64273],"tipVelocity":[37.9902,-55.4035,-3.88898],"tool":false,"touchDistance":0.333333,"touchZone":"none","type":2,"width":18.9277},{"bases":[[[0.953464,-0.264889,-0.144015],[0.301218,0.815966,0.493423],[-0.0131905,-0.513841,0.857784]],[[0.953393,-0.248162,-0.171633],[0.0985937,0.793823,-0.600104],[0.285169,0.555213,0.781292]],[[0.953393,-0.248162,-0.171633],[-0.233991,-0.24895,-0.939825],[0.1905,0.936183,-0.295415]],[[0.953393,-0.248162,-0.171633],[-0.300737,-0.735378,-0.607269],[0.0244854,0.630583,-0.775736]]],"btipPosition":[46.5891,227.605,1.07364],"carpPosition":[64.1743,257.83,66.7944],"dipPosition":[47.0449,239.344,-13.3672],"direction":[-0.1905,-0.936184,0.295415],"extended":false,"handId":691,"id":6913,"length":64.1929,"mcpPosition":[64.9975,289.899,13.2593],"pipPosition":[52.3029,265.183,-21.5209],"stabilizedTipPosition":[33.1577,235.673,112.428],"timeVisible":1.9794,"tipPosition":[46.6861,230.742,-3.07959],"tipVelocity":[29.3523,-36.6415,8.55236],"tool":false,"touchDistance":0.333333,"touchZone":"none","type":3,"width":18.0109},{"bases":[[[0.882565,-0.453736,-0.123303],[0.443493,0.716209,0.538849],[-0.156184,-0.530253,0.83333]],[[0.882263,-0.454755,-0.1217],[0.319268,0.76799,-0.555211],[0.345949,0.450987,0.822758]],[[0.882263,-0.454755,-0.1217],[-0.214968,-0.159191,-0.96356],[0.41881,0.876274,-0.238206]],[[0.882263,-0.454755,-0.1217],[-0.415118,-0.629619,-0.656702],[0.222014,0.629903,-0.744266]]],"btipPosition":[60.2315,237.272,2.52616],"carpPosition":[75.3703,250.419,62.2321],"dipPosition":[64.0443,248.089,-10.2557],"direction":[-0.41881,-0.876274,0.238206],"extended":false,"handId":691,"id":6914,"length":50.326,"mcpPosition":[84.3935,281.054,14.088],"pipPosition":[72.2057,265.166,-14.8977],"stabilizedTipPosition":[49.4161,238.156,115.586],"timeVisible":1.9794,"tipPosition":[61.1894,239.918,-0.604433],"tipVelocity":[17.0873,-13.5731,-7.42163],"tool":false,"touchDistance":0.333333,"touchZone":"none","type":4,"width":15.9987}],"r":[[0.0945897,0.924599,0.36901],[-0.813358,0.285509,-0.506886],[-0.574022,-0.252191,0.779037]],"s":0.893147,"t":[-24.3428,-20.1939,-193.071],"timestamp":523624387332},false],[6,{"currentFrameRate":109.846,"devices":[],"gestures":[],"hands":[{"armBasis":[[0.951324,0.084452,-0.296395],[0.0742876,0.870529,0.486478],[0.299105,-0.484816,0.821882]],"armWidth":63.487,"confidence":0.720809,"direction":[-0.0917777,0.639345,-0.763423],"elbow":[140.809,113.29,290.767],"grabStrength":0,"id":691,"palmNormal":[-0.0921347,-0.768822,-0.632791],"palmPosition":[47.4813,274.894,26.8556],"palmVelocity":[-25.7019,-11.6101,-37.1054],"palmWidth":90.6573,"pinchStrength":1,"r":[[0.0866021,0.926023,0.367398],[-0.81158,0.279458,-0.513069],[-0.577786,-0.25374,0.775744]],"s":0.897672,"sphereCenter":[48.9754,251.519,-16.8949],"sphereRadius":46.9578,"stabilizedPalmPosition":[52.9141,269.481,134.841],"t":[-24.5798,-20.2866,-193.464],"timeVisible":1.98878,"type":"right","wrist":[60.3461,243.712,69.67]}],"id":4268014,"interactionBox":{"center":[0,200,0],"size":[235.247,235.247,147.751]},"pointables":[{"bases":[[[0.463479,0.807478,0.36492],[-0.720938,0.104182,0.685124],[0.515204,-0.580625,0.630428]],[[0.201813,0.977348,0.063744],[-0.871173,0.149385,0.467699],[0.447582,-0.14992,0.881586]],[[0.201813,0.977348,0.063744],[-0.977676,0.197139,0.0727035],[0.0584902,-0.0769935,0.995314]],[[0.201813,0.977348,0.063744],[-0.840273,0.206212,-0.501416],[-0.503202,0.0476298,0.862855]]],"btipPosition":[18.9911,242.569,-28.6365],"carpPosition":[31.5049,233.607,69.1411],"dipPosition":[7.25744,243.679,-8.51642],"direction":[-0.0584902,0.0769935,-0.995314],"extended":false,"handId":691,"id":6910,"length":51.9258,"mcpPosition":[31.5049,233.607,69.1411],"pipPosition":[9.24441,241.064,25.2953],"stabilizedTipPosition":[9.65654,255.136,73.5898],"timeVisible":1.98878,"tipPosition":[17.294,242.458,-24.3113],"tipVelocity":[20.1588,-38.595,-32.8152],"tool":false,"touchDistance":-0.33687,"touchZone":"touching","type":0,"width":20.176},{"bases":[[[0.962023,0.0952597,-0.255809],[0.0529991,0.854116,0.517375],[0.267775,-0.511285,0.81663]],[[0.986767,0.0347113,-0.158386],[0.0266155,0.928893,0.36939],[0.159946,-0.368717,0.915677]],[[0.986767,0.0347113,-0.158386],[0.000880287,0.975656,0.219305],[0.162143,-0.216542,0.962714]],[[0.986767,0.0347113,-0.158386],[-0.0186566,0.994635,0.101747],[0.161068,-0.0974454,0.982121]]],"btipPosition":[7.16779,315.437,-66.6686],"carpPosition":[40.289,255.303,72.2895],"dipPosition":[9.90968,313.779,-49.9499],"direction":[-0.162143,0.216542,-0.962714],"extended":true,"handId":691,"id":6911,"length":58.5925,"mcpPosition":[20.661,292.781,12.4301],"pipPosition":[13.8144,308.564,-26.7658],"stabilizedTipPosition":[5.89969,331.68,26.7593],"timeVisible":1.98878,"tipPosition":[8.58959,314.261,-63.0935],"tipVelocity":[-11.591,-13.4574,-61.4207],"tool":false,"touchDistance":-0.362314,"touchZone":"touching","type":1,"width":19.2721},{"bases":[[[0.96613,-0.121704,-0.227554],[0.220744,0.846492,0.484483],[0.133659,-0.518305,0.844687]],[[0.966159,-0.121817,-0.227369],[-0.0291754,0.824197,-0.565552],[0.256291,0.553046,0.792751]],[[0.966159,-0.121817,-0.227369],[-0.250689,-0.235831,-0.938903],[0.0607535,0.964129,-0.258388]],[[0.966159,-0.121817,-0.227369],[-0.23989,-0.748322,-0.618439],[-0.0948093,0.652054,-0.752221]]],"btipPosition":[30.3518,228.153,-5.79984],"carpPosition":[51.8972,258.208,69.5832],"dipPosition":[28.5767,240.361,-19.8839],"direction":[-0.0607535,-0.964129,0.258388],"extended":false,"handId":691,"id":6912,"length":66.7614,"mcpPosition":[42.6061,294.237,10.8666],"pipPosition":[30.298,267.677,-27.2047],"stabilizedTipPosition":[16.7503,238.238,107.079],"timeVisible":1.98878,"tipPosition":[29.8637,231.395,-9.69937],"tipVelocity":[37.0693,-54.6616,-1.31444],"tool":false,"touchDistance":0.333333,"touchZone":"none","type":2,"width":18.9277},{"bases":[[[0.955861,-0.260113,-0.136642],[0.293353,0.81868,0.493667],[-0.0165437,-0.511961,0.858849]],[[0.955913,-0.244072,-0.163275],[0.0980565,0.789417,-0.605976],[0.276794,0.56325,0.778547]],[[0.955913,-0.244072,-0.163275],[-0.226239,-0.257663,-0.939375],[0.187205,0.9349,-0.301522]],[[0.955913,-0.244072,-0.163275],[-0.292428,-0.740552,-0.605036],[0.0267585,0.626109,-0.779277]]],"btipPosition":[46.799,227.328,1.12515],"carpPosition":[63.7535,257.909,66.5557],"dipPosition":[47.2972,238.983,-13.3816],"direction":[-0.187205,-0.9349,0.301522],"extended":false,"handId":691,"id":6913,"length":64.1929,"mcpPosition":[64.786,289.861,12.9541],"pipPosition":[52.4642,264.787,-21.7038],"stabilizedTipPosition":[33.3297,235.602,110.995],"timeVisible":1.98878,"tipPosition":[46.9083,230.454,-3.08879],"tipVelocity":[27.6682,-35.2223,7.2232],"tool":false,"touchDistance":0.333333,"touchZone":"none","type":3,"width":18.0109},{"bases":[[[0.885824,-0.449289,-0.115998],[0.435832,0.719788,0.54033],[-0.15927,-0.529192,0.83342]],[[0.884768,-0.452725,-0.110569],[0.322021,0.76541,-0.55718],[0.33688,0.457369,0.822998]],[[0.884768,-0.452725,-0.110569],[-0.2055,-0.166061,-0.964465],[0.418277,0.87605,-0.239961]],[[0.884768,-0.452725,-0.110569],[-0.406853,-0.634653,-0.657029],[0.227281,0.626303,-0.745713]]],"btipPosition":[60.2998,237.18,2.42941],"carpPosition":[75.0209,250.548,62.0899],"dipPosition":[64.2031,247.936,-10.3773],"direction":[-0.418277,-0.87605,0.239961],"extended":false,"handId":691,"id":6914,"length":50.326,"mcpPosition":[84.2224,281.121,13.9406],"pipPosition":[72.3542,265.008,-15.0535],"stabilizedTipPosition":[49.5201,238.169,114.56],"timeVisible":1.98878,"tipPosition":[61.2971,239.812,-0.739946],"tipVelocity":[14.934,-12.9183,-8.41838],"tool":false,"touchDistance":0.333333,"touchZone":"none","type":4,"width":15.9987}],"r":[[0.0866021,0.926023,0.367398],[-0.81158,0.279458,-0.513069],[-0.577786,-0.25374,0.775744]],"s":0.897672,"t":[-24.5798,-20.2866,-193.464],"timestamp":523624396708},false],[7,{"currentFrameRate":110.065