{"sensorType":"Leap","data":[[0,{"currentFrameRate":107.737,"devices":[],"gestures":[],"hands":[{"armBasis":[[0.909353,0.20496,-0.362034],[-0.0116594,0.882435,0.470291],[0.415862,-0.423439,0.804834]],"armWidth":63.72,"confidence":0.713631,"direction":[-0.151525,0.536913,-0.829918],"elbow":[172.682,143.704,293.167],"grabStrength":0,"id":686,"palmNormal":[-0.00126335,-0.839718,-0.543022],"palmPosition":[44.6766,282.779,29.6755],"palmVelocity":[-6.72417,1.80074,-91.2478],"palmWidth":90.99,"pinchStrength":0.907273,"r":[[0.868079,0.265066,0.419736],[-0.287531,0.957718,-0.0101464],[-0.404678,-0.111879,0.907589]],"s":1.00099,"sphereCenter":[34.8355,257.47,-9.47229],"sphereRadius":46.5214,"stabilizedPalmPosition":[53.9592,279.605,66.5729],"t":[36.8638,50.7854,-79.5363],"timeVisible":11.2529,"type":"right","wrist":[60.3991,258.033,75.8619]}],"id":4263414,"interactionBox":{"center":[0,200,0],"size":[235.247,235.247,147.751]},"pointables":[{"bases":[[[0.369313,0.888523,0.272276],[-0.735801,0.100619,0.669681],[0.567631,-0.447663,0.690936]],[[0.132471,0.991181,-0.00337413],[-0.850639,0.115434,0.512922],[0.508788,-0.0650772,0.858429]],[[0.132471,0.991181,-0.00337413],[-0.98239,0.131747,0.132484],[0.13176,-0.0142356,0.991179]],[[0.132471,0.991181,-0.00337413],[-0.903536,0.119357,-0.411553],[-0.407521,0.0575676,0.911379]]],"btipPosition":[12.3727,247.197,-21.4913],"carpPosition":[32.7251,244.811,76.4838],"dipPosition":[2.83519,248.544,-0.161723],"direction":[-0.13176,0.0142356,-0.991179],"extended":false,"handId":686,"id":6860,"length":52.1164,"mcpPosition":[32.7251,244.811,76.4838],"pipPosition":[7.32763,248.059,33.6331],"stabilizedTipPosition":[20.7957,246.475,17.656],"timeVisible":11.2529,"tipPosition":[10.5989,247.371,-16.1281],"tipVelocity":[-16.5395,12.1673,-101.311],"tool":false,"touchDistance":-0.424428,"touchZone":"touching","type":0,"width":20.25},{"bases":[[[0.948979,0.170229,-0.265446],[-0.0455279,0.906919,0.418837],[0.312036,-0.385382,0.868397]],[[0.957557,0.159079,-0.240371],[-0.04598,0.907538,0.417446],[0.284553,-0.388676,0.876334]],[[0.957557,0.159079,-0.240371],[-0.110924,0.973064,0.202096],[0.266046,-0.166856,0.94941]],[[0.957557,0.159079,-0.240371],[-0.158692,0.987103,0.0210948],[0.240627,0.0179456,0.970452]]],"btipPosition":[-6.62252,316.407,-63.8759],"carpPosition":[39.1006,267.63,77.1895],"dipPosition":[-2.51126,316.714,-47.2951],"direction":[-0.266046,0.166856,-0.94941],"extended":true,"handId":686,"id":6861,"length":58.8075,"mcpPosition":[16.1443,295.983,13.3019],"pipPosition":[3.91918,312.681,-24.3475],"stabilizedTipPosition":[8.44766,319.491,-23.1053],"timeVisible":11.2529,"tipPosition":[-5.40713,316.833,-59.9572],"tipVelocity":[-16.491,5.07845,-84.8682],"tool":false,"touchDistance":-0.386808,"touchZone":"touching","type":1,"width":19.3428},{"bases":[[[0.976175,-0.0405216,-0.213168],[0.122425,0.913961,0.386895],[0.17915,-0.403774,0.897147]],[[0.983935,-0.0607316,-0.167881],[-0.0637388,0.758886,-0.648097],[0.166763,0.648385,0.742824]],[[0.983935,-0.0607316,-0.167881],[-0.175491,-0.156281,-0.971998],[0.0327943,0.985844,-0.164428]],[[0.983935,-0.0607316,-0.167881],[-0.168632,-0.624894,-0.76228],[-0.0586135,0.778344,-0.625096]]],"btipPosition":[30.0306,225.732,-7.81636],"carpPosition":[50.3987,271.475,74.1576],"dipPosition":[28.9292,240.359,-19.5632],"direction":[-0.0327943,-0.985844,0.164428],"extended":false,"handId":686,"id":6862,"length":67.0064,"mcpPosition":[37.8998,299.645,11.5655],"pipPosition":[29.8617,268.393,-24.2389],"stabilizedTipPosition":[41.2141,226.249,32.3448],"timeVisible":11.2529,"tipPosition":[29.9754,228.876,-9.45411],"tipVelocity":[-8.22279,11.8629,-115.019],"tool":false,"touchDistance":0.333333,"touchZone":"none","type":2,"width":18.9972},{"bases":[[[0.979873,-0.168281,-0.107377],[0.197504,0.895393,0.399078],[0.0289875,-0.412253,0.910608]],[[0.978191,-0.153307,-0.14014],[0.0239883,0.75357,-0.65693],[0.206318,0.639242,0.740813]],[[0.978191,-0.153307,-0.14014],[-0.163473,-0.152008,-0.974767],[0.128136,0.976417,-0.173754]],[[0.978191,-0.153307,-0.14014],[-0.205365,-0.612799,-0.763087],[0.0311088,0.775225,-0.630919]]],"btipPosition":[47.1306,227.863,-2.37428],"carpPosition":[62.2955,272.133,71.164],"dipPosition":[47.7119,242.347,-14.1624],"direction":[-0.128136,-0.976417,0.173754],"extended":false,"handId":686,"id":6863,"length":64.4285,"mcpPosition":[60.4797,297.957,14.1235],"pipPosition":[51.2615,269.396,-18.9757],"stabilizedTipPosition":[58.3588,227.312,40.114],"timeVisible":11.2529,"tipPosition":[47.3963,230.977,-3.99653],"tipVelocity":[-7.00765,12.8109,-118.087],"tool":false,"touchDistance":0.333333,"touchZone":"none","type":3,"width":18.077},{"bases":[[[0.930449,-0.36048,-0.0657157],[0.349286,0.818356,0.45639],[-0.110741,-0.447602,0.88735]],[[0.878841,-0.455062,0.143377],[0.437421,0.648482,-0.623004],[0.190528,0.610238,0.768966]],[[0.878841,-0.455062,0.143377],[0.0654429,-0.182695,-0.980989],[0.472605,0.871517,-0.130779]],[[0.878841,-0.455062,0.143377],[-0.173379,-0.584566,-0.792605],[0.444498,0.671715,-0.592639]]],"btipPosition":[57.166,241.319,1.65669],"carpPosition":[74.3869,265.566,67.5268],"dipPosition":[64.8277,252.897,-8.55851],"direction":[-0.472605,-0.871517,0.130779],"extended":false,"handId":686,"id":6864,"length":50.5107,"mcpPosition":[80.8082,291.521,16.0736],"pipPosition":[74.0713,269.943,-11.1164],"stabilizedTipPosition":[68.2207,240.574,40.8722],"timeVisible":11.2529,"tipPosition":[58.7941,243.849,0.193889],"tipVelocity":[-3.9403,8.50427,-104.25],"tool":false,"touchDistance":0.333333,"touchZone":"none","type":4,"width":16.0574}],"r":[[0.868079,0.265066,0.419736],[-0.287531,0.957718,-0.0101464],[-0.404678,-0.111879,0.907589]],"s":1.00099,"t":[36.8638,50.7854,-79.5363],"timestamp":523581675083},false],[1,{"currentFrameRate":107.857,"devices":[],"gestures":[],"hands":[{"armBasis":[[0.906888,0.199071,-0.371382],[-0.00492642,0.886314,0.463059],[0.421342,-0.418113,0.804768]],"armWidth":63.72,"confidence":0.713688,"direction":[-0.152106,0.537332,-0.829541],"elbow":[174.155,144.812,291.624],"grabStrength":0,"id":686,"palmNormal":[-0.00923928,-0.840043,-0.542441],"palmPosition":[44.605,282.519,28.2103],"palmVelocity":[-7.04804,-6.6116,-110.726],"palmWidth":90.99,"pinchStrength":0.908757,"r":[[0.868825,0.264247,0.418709],[-0.286837,0.957934,-0.00936153],[-0.403569,-0.111968,0.908072]],"s":1.00045,"sphereCenter":[34.4149,257.198,-10.8905],"sphereRadius":46.5303,"stabilizedPalmPosition":[53.9591,279.605,66.5727],"t":[36.8121,50.6722,-80.6753],"timeVisible":11.262,"type":"right","wrist":[60.3924,257.703,74.337]}],"id":4263415,"interactionBox":{"center":[0,200,0],"size":[235.247,235.247,147.751]},"pointables":[{"bases":[[[0.376281,0.886325,0.26989],[-0.731901,0.105743,0.673156],[0.568096,-0.450828,0.688492]],[[0.139276,0.990245,-0.00412284],[-0.847675,0.121374,0.516445],[0.511908,-0.0684336,0.85631]],[[0.139276,0.990245,-0.00412284],[-0.980925,0.138533,0.136364],[0.135605,-0.0149481,0.99065]],[[0.139276,0.990245,-0.00412284],[-0.906496,0.125819,-0.403031],[-0.398581,0.0598699,0.915177]]],"btipPosition":[11.7895,247.183,-22.8388],"carpPosition":[32.638,244.658,75.1014],"dipPosition":[2.46122,248.584,-1.42032],"direction":[-0.135605,0.0149481,-0.99065],"extended":false,"handId":686,"id":6860,"length":52.1164,"mcpPosition":[32.638,244.658,75.1014],"pipPosition":[7.08476,248.074,32.3565],"stabilizedTipPosition":[20.7953,246.475,17.6549],"timeVisible":11.262,"tipPosition":[10.0531,247.347,-17.4545],"tipVelocity":[-28.2848,8.74575,-113.801],"tool":false,"touchDistance":-0.430224,"touchZone":"touching","type":0,"width":20.25},{"bases":[[[0.948752,0.164001,-0.270137],[-0.0377218,0.907462,0.418438],[0.313763,-0.386804,0.867142]],[[0.957198,0.153061,-0.245651],[-0.0384501,0.908452,0.416217],[0.286869,-0.388957,0.875453]],[[0.957198,0.153061,-0.245651],[-0.10421,0.974061,0.20086],[0.270023,-0.166664,0.94832]],[[0.957198,0.153061,-0.245651],[-0.152876,0.988044,0.0199398],[0.245766,0.0184678,0.969153]]],"btipPosition":[-6.97141,316.317,-65.1258],"carpPosition":[39.1622,267.437,75.7609],"dipPosition":[-2.77235,316.633,-48.5672],"direction":[-0.270023,0.166664,-0.94832],"extended":true,"handId":686,"id":6861,"length":58.8075,"mcpPosition":[16.0788,295.894,11.9656],"pipPosition":[3.75421,312.605,-25.646],"stabilizedTipPosition":[8.44679,319.491,-23.1076],"timeVisible":11.262,"tipPosition":[-5.73007,316.761,-61.2139],"tipVelocity":[-21.9591,0.996164,-99.7011],"tool":false,"touchDistance":-0.395286,"touchZone":"touching","type":1,"width":19.3428},{"bases":[[[0.974856,-0.046885,-0.217848],[0.130117,0.913411,0.385681],[0.180902,-0.404329,0.896545]],[[0.982776,-0.0673309,-0.172098],[-0.0610238,0.760786,-0.646127],[0.174434,0.6455,0.743574]],[[0.982776,-0.0673309,-0.172098],[-0.180517,-0.150431,-0.972],[0.0395569,0.986325,-0.159994]],[[0.982776,-0.0673309,-0.172098],[-0.176376,-0.61971,-0.764756],[-0.0551591,0.781937,-0.620912]]],"btipPosition":[29.3524,225.562,-9.50094],"carpPosition":[50.4697,271.207,72.6719],"dipPosition":[28.3159,240.256,-21.1691],"direction":[-0.0395568,-0.986325,0.159994],"extended":false,"handId":686,"id":6862,"length":67.0064,"mcpPosition":[37.8485,299.417,10.1218],"pipPosition":[29.4407,268.303,-25.7188],"stabilizedTipPosition":[41.2141,226.249,32.3447],"timeVisible":11.262,"tipPosition":[29.321,228.729,-11.0937],"tipVelocity":[-26.171,3.86014,-134.073],"tool":false,"touchDistance":0.333333,"touchZone":"none","type":2,"width":18.9972},{"bases":[[[0.978251,-0.174597,-0.11199],[0.205134,0.894373,0.397514],[0.030756,-0.411842,0.910736]],[[0.976507,-0.159643,-0.144736],[0.0256298,0.75295,-0.657579],[0.213956,0.638421,0.739352]],[[0.976507,-0.159643,-0.144736],[-0.169134,-0.151644,-0.973857],[0.133521,0.975458,-0.175082]],[[0.976507,-0.159643,-0.144736],[-0.212942,-0.612008,-0.761644],[0.0330113,0.774571,-0.631625]]],"btipPosition":[46.5543,227.567,-3.81057],"carpPosition":[62.3559,271.788,69.6205],"dipPosition":[47.171,242.04,-15.6118],"direction":[-0.133521,-0.975458,0.175082],"extended":false,"handId":686,"id":6863,"length":64.4285,"mcpPosition":[60.4293,297.586,12.572],"pipPosition":[50.8698,269.062,-20.462],"stabilizedTipPosition":[58.3587,227.312,40.1139],"timeVisible":11.262,"tipPosition":[46.8313,230.68,-5.4428],"tipVelocity":[-22.3929,0.186503,-129.37],"tool":false,"touchDistance":0.333333,"touchZone":"none","type":3,"width":18.077},{"bases":[[[0.927804,-0.36645,-0.0699606],[0.356696,0.816406,0.454146],[-0.109305,-0.446313,0.888176]],[[0.876475,-0.460705,0.139795],[0.439527,0.647179,-0.622877],[0.19649,0.60738,0.769728]],[[0.876475,-0.460705,0.139795],[0.0613722,-0.181081,-0.981551],[0.47752,0.868885,-0.130438]],[[0.876475,-0.460705,0.139795],[-0.179773,-0.582539,-0.792673],[0.446625,0.669626,-0.593403]]],"btipPosition":[56.7397,241.009,-0.00901958],"carpPosition":[74.3875,265.142,65.9294],"dipPosition":[64.4381,252.551,-10.2374],"direction":[-0.47752,-0.868885,0.130438],"extended":false,"handId":686,"id":6864,"length":50.5107,"mcpPosition":[80.7256,291.022,14.4284],"pipPosition":[73.7778,269.545,-12.7886],"stabilizedTipPosition":[68.2207,240.574,40.8721],"timeVisible":11.262,"tipPosition":[58.3705,243.521,-1.46551],"tipVelocity":[-15.5882,-3.56194,-126.345],"tool":false,"touchDistance":0.333333,"touchZone":"none","type":4,"width":16.0574}],"r":[[0.868825,0.264247,0.418709],[-0.286837,0.957934,-0.00936153],[-0.403569,-0.111968,0.908072]],"s":1.00045,"t":[36.8121,50.6722,-80.6753],"timestamp":523581684137},false],[2,{"currentFrameRate":107.962,"devices":[],"gestures":[],"hands":[{"armBasis":[[0.906704,0.194711,-0.374132],[-0.00136095,0.888405,0.459059],[0.421764,-0.415722,0.805785]],"armWidth":63.72,"confidence":0.715263,"direction":[-0.151571,0.536181,-0.830383],"elbow":[174.325,145.306,290.96],"grabStrength":0,"id":686,"palmNormal":[-0.0131523,-0.841109,-0.540706],"palmPosition":[44.6727,282.33,27.2469],"palmVelocity":[-3.03878,-10.5608,-109.473],"palmWidth":90.99,"pinchStrength":0.912177,"r":[[0.869748,0.26314,0.417488],[-0.285598,0.958307,-0.00903057],[-0.402458,-0.111379,0.908638]],"s":0.999707,"sphereCenter":[34.3473,256.907,-11.8122],"sphereRadius":46.5335,"stabilizedPalmPosition":[53.9591,279.605,66.5725],"t":[36.8201,50.5208,-81.7265],"timeVisible":11.271,"type":"right","wrist":[60.4483,257.551,73.3979]}],"id":4263416,"interactionBox":{"center":[0,200,0],"size":[235.247,235.247,147.751]},"pointables":[{"bases":[[[0.3799,0.885521,0.267449],[-0.730391,0.109736,0.674157],[0.567631,-0.451455,0.688465]],[[0.143845,0.989586,-0.00523661],[-0.847049,0.125858,0.516399],[0.511681,-0.0698456,0.856332]],[[0.143845,0.989586,-0.00523661],[-0.980026,0.143185,0.138012],[0.137324,-0.0147202,0.990417]],[[0.143845,0.989586,-0.00523661],[-0.908512,0.129958,-0.397135],[-0.392319,0.0618833,0.917745]]],"btipPosition":[11.6064,247.147,-23.7581],"carpPosition":[32.6487,244.607,74.2353],"dipPosition":[2.42472,248.596,-2.27961],"direction":[-0.137324,0.0147202,-0.990417],"extended":false,"handId":686,"id":6860,"length":52.1164,"mcpPosition":[32.6487,244.607,74.2353],"pipPosition":[7.10687,248.094,31.4892],"stabilizedTipPosition":[20.795,246.475,17.6538],"timeVisible":11.271,"tipPosition":[9.88669,247.281,-18.3566],"tipVelocity":[-25.0165,5.58595,-109.936],"tool":false,"touchDistance":-0.429119,"touchZone":"touching","type":0,"width":20.25},{"bases":[[[0.948879,0.160051,-0.272052],[-0.0337748,0.908442,0.416644],[0.313828,-0.386156,0.867407]],[[0.957141,0.149384,-0.248124],[-0.0348348,0.909875,0.413417],[0.287519,-0.387055,0.876083]],[[0.957141,0.149384,-0.248124],[-0.100927,0.975052,0.197706],[0.271467,-0.164191,0.948339]],[[0.957141,0.149384,-0.248124],[-0.149965,0.988551,0.0166674],[0.247773,0.0212568,0.968585]]],"btipPosition":[-6.98005,316.008,-66.0867],"carpPosition":[39.2555,267.364,74.8373],"dipPosition":[-2.7467,316.371,-49.5379],"direction":[-0.271467,0.164191,-0.948339],"extended":true,"handId":686,"id":6861,"length":58.8075,"mcpPosition":[16.1673,295.773,11.0225],"pipPosition":[3.81477,312.402,-26.6161],"stabilizedTipPosition":[8.44611,319.491,-23.1095],"timeVisible":11.271,"tipPosition":[-5.72735,316.484,-62.1771],"tipVelocity":[-15.9114,-8.38572,-101.489],"tool":false,"touchDistance":-0.398538,"touchZone":"touching","type":1,"width":19.3428},{"bases":[[[0.974316,-0.0508196,-0.219376],[0.134029,0.913724,0.383594],[0.180955,-0.403145,0.897067]],[[0.982311,-0.071418,-0.173104],[-0.0577472,0.763828,-0.642832],[0.178131,0.641457,0.746192]],[[0.982311,-0.071418,-0.173104],[-0.18186,-0.143486,-0.972799],[0.0446374,0.987072,-0.153936]],[[0.982311,-0.071418,-0.173104],[-0.180024,-0.614622,-0.768004],[-0.0515442,0.785582,-0.616607]]],"btipPosition":[29.0597,225.464,-10.8669],"carpPosition":[50.5713,271.088,71.7217],"dipPosition":[28.0911,240.227,-22.4542],"direction":[-0.0446374,-0.987072,0.153936],"extended":false,"handId":686,"id":6862,"length":67.0064,"mcpPosition":[37.9464,299.214,9.13517],"pipPosition":[29.3604,268.296,-26.8316],"stabilizedTipPosition":[41.214,226.249,32.3446],"timeVisible":11.271,"tipPosition":[29.0548,228.63,-12.3718],"tipVelocity":[-27.381,0.309986,-138.067],"tool":false,"touchDistance":0.333333,"touchZone":"none","type":2,"width":18.9972},{"bases":[[[0.977431,-0.178327,-0.113263],[0.208997,0.894441,0.395342],[0.0308068,-0.410091,0.911524]],[[0.97569,-0.163461,-0.145975],[0.0272863,0.751512,-0.659155],[0.217448,0.639148,0.737704]],[[0.97569,-0.163461,-0.145975],[-0.17124,-0.152956,-0.973284],[0.136766,0.97462,-0.177228]],[[0.97569,-0.163461,-0.145975],[-0.216372,-0.612718,-0.760105],[0.0348063,0.773212,-0.633191]]],"btipPosition":[46.37,227.305,-4.6687],"carpPosition":[62.4543,271.62,68.6494],"dipPosition":[47.0204,241.752,-16.4992],"direction":[-0.136766,-0.97462,0.177228],"extended":false,"handId":686,"id":6863,"length":64.4285,"mcpPosition":[60.5246,297.308,11.5515],"pipPosition":[50.8091,268.751,-21.4088],"stabilizedTipPosition":[58.3587,227.312,40.1138],"timeVisible":11.271,"tipPosition":[46.6552,230.416,-6.31556],"tipVelocity":[-21.5811,-8.0315,-119.961],"tool":false,"touchDistance":0.333333,"touchZone":"none","type":3,"width":18.077},{"bases":[[[0.926369,-0.369911,-0.070757],[0.360374,0.816048,0.45188],[-0.109415,-0.444107,0.889268]],[[0.875051,-0.463558,0.139285],[0.440961,0.644802,-0.624327],[0.1996,0.607737,0.768645]],[[0.875051,-0.463558,0.139285],[0.0593981,-0.182746,-0.981364],[0.480373,0.867017,-0.132377]],[[0.875051,-0.463558,0.139285],[-0.183015,-0.583265,-0.791396],[0.448098,0.66702,-0.595225]]],"btipPosition":[56.6233,240.73,-0.942316],"carpPosition":[74.4559,264.923,64.9518],"dipPosition":[64.3471,252.228,-11.2021],"direction":[-0.480373,-0.867017,0.132377],"extended":false,"handId":686,"id":6864,"length":50.5107,"mcpPosition":[80.8003,290.674,13.3875],"pipPosition":[73.7426,269.185,-13.7912],"stabilizedTipPosition":[68.2207,240.574,40.8721],"timeVisible":11.271,"tipPosition":[58.2604,243.234,-2.41963],"tipVelocity":[-14.6502,-11.3714,-120.077],"tool":false,"touchDistance":0.333333,"touchZone":"none","type":4,"width":16.0574}],"r":[[0.869748,0.26314,0.417488],[-0.285598,0.958307,-0.00903057],[-0.402458,-0.111379,0.908638]],"s":0.999707,"t":[36.8201,50.5208,-81.7265],"timestamp":523581693209},false],[3,{"currentFrameRate":108.051,"devices":[],"gestures":[],"hands":[{"armBasis":[[0.90703,0.191952,-0.374767],[0.00064997,0.889406,0.457118],[0.421065,-0.414864,0.806593]],"armWidth":63.72,"confidence":0.69824,"direction":[-0.151633,0.535348,-0.830909],"elbow":[174.246,145.439,290.605],"grabStrength":0,"id":686,"palmNormal":[-0.0153109,-0.841801,-0.539571],"palmPosition":[44.7706,282.198,26.66],"palmVelocity":[0.784775,-11.6506,-97.0219],"palmWidth":90.99,"pinchStrength":0.905036,"r":[[0.870679,0.262054,0.416228],[-0.284267,0.958703,-0.00895216],[-0.401385,-0.110525,0.909216]],"s":0.999276,"sphereCenter":[34.3921,256.685,-12.3672],"sphereRadius":46.5349,"stabilizedPalmPosition":[53.959,279.605,66.5723],"t":[36.873,50.3792,-82.5455],"timeVisible":11.2801,"type":"right","wrist":[60.5586,257.453,72.8246]}],"id":4263417,"interactionBox":{"center":[0,200,0],"size":[235.247,235.247,147.751]},"pointables":[{"bases":[[[0.381803,0.885197,0.265807],[-0.729368,0.111931,0.674902],[0.567669,-0.451551,0.68837]],[[0.147422,0.989063,-0.00471498],[-0.846801,0.128678,0.516111],[0.511073,-0.0720933,0.856509]],[[0.147422,0.989063,-0.00471498],[-0.979165,0.146616,0.140498],[0.139653,-0.0160958,0.99007]],[[0.147422,0.989063,-0.00471498],[-0.912886,0.13423,-0.385514],[-0.380665,0.0611373,0.92269]]],"btipPosition":[11.3729,247.276,-24.393],"carpPosition":[32.7371,244.559,73.7132],"dipPosition":[2.46396,248.707,-2.79872],"direction":[-0.139653,0.0160958,-0.99007],"extended":false,"handId":686,"id":6860,"length":52.1164,"mcpPosition":[32.7371,244.559,73.7132],"pipPosition":[7.22552,248.158,30.9583],"stabilizedTipPosition":[20.7947,246.475,17.6529],"timeVisible":11.2801,"tipPosition":[9.73901,247.329,-18.9551],"tipVelocity":[-23.2881,7.83306,-98.0064],"tool":false,"touchDistance":-0.423663,"touchZone":"touching","type":0,"width":20.25},{"bases":[[[0.948828,0.158,-0.273424],[-0.0316481,0.909053,0.415477],[0.314202,-0.385563,0.867536]],[[0.956901,0.14762,-0.250099],[-0.033017,0.910891,0.411324],[0.288533,-0.385339,0.876506]],[[0.956901,0.14762,-0.250099],[-0.0994725,0.975685,0.195304],[0.272849,-0.162009,0.948318]],[[0.956901,0.14762,-0.250099],[-0.148834,0.988761,0.0141612],[0.249379,0.0236725,0.968117]]],"btipPosition":[-6.98243,315.737,-66.6663],"carpPosition":[39.385,267.305,74.2768],"dipPosition":[-2.72164,316.142,-50.1254],"direction":[-0.272849,0.162009,-0.948318],"extended":true,"handId":686,"id":6861,"length":58.8075,"mcpPosition":[16.2693,295.671,10.4526],"pipPosition":[3.87323,312.226,-27.2042],"stabilizedTipPosition":[8.44557,319.49,-23.111],"timeVisible":11.2801,"tipPosition":[-5.71883,316.242,-62.7594],"tipVelocity":[-11.3838,-14.0091,-91.0827],"tool":false,"touchDistance":-0.395739,"touchZone":"touching","type":1,"width":19.3428},{"bases":[[[0.973955,-0.0528459,-0.220499],[0.136124,0.913992,0.382216],[0.181335,-0.402276,0.89738]],[[0.981976,-0.0734172,-0.174163],[-0.0570898,0.763217,-0.643615],[0.180177,0.641958,0.745269]],[[0.981976,-0.0734172,-0.174163],[-0.183261,-0.144393,-0.972402],[0.0462432,0.986793,-0.155245]],[[0.981976,-0.0734172,-0.174163],[-0.18203,-0.615383,-0.766921],[-0.0508719,0.784801,-0.617656]]],"btipPosition":[29.0086,225.319,-11.3666],"carpPosition":[50.7036,271.004,71.1425],"dipPosition":[28.0526,240.067,-22.9736],"direction":[-0.0462432,-0.986793,0.155245],"extended":false,"handId":686,"id":6862,"length":67.0064,"mcpPosition":[38.0522,299.07,8.53409],"pipPosition":[29.3676,268.128,-27.3882],"stabilizedTipPosition":[41.214,226.249,32.3445],"timeVisible":11.2801,"tipPosition":[29.0024,228.485,-12.9027],"tipVelocity":[-21.2639,-4.30996,-115.176],"tool":false,"touchDistance":0.333333,"touchZone":"none","type":2,"width":18.9972},{"bases":[[[0.976973,-0.180217,-0.11422],[0.211072,0.894591,0.393897],[0.0311929,-0.408935,0.91203]],[[0.975229,-0.165456,-0.146811],[0.0279824,0.750652,-0.660105],[0.219422,0.639645,0.736687]],[[0.975229,-0.165456,-0.146811],[-0.172561,-0.153833,-0.972912],[0.13839,0.974146,-0.178573]],[[0.975229,-0.165456,-0.146811],[-0.218322,-0.613278,-0.759096],[0.0355609,0.772344,-0.634209]]],"btipPosition":[46.3281,227.132,-5.19318],"carpPosition":[62.5838,271.511,68.0549],"dipPosition":[46.9925,241.562,-17.0427],"direction":[-0.13839,-0.974146,0.178573],"extended":false,"handId":686,"id":6863,"length":64.4285,"mcpPosition":[60.6298,297.127,10.9253],"pipPosition":[50.8262,268.548,-21.9896],"stabilizedTipPosition":[58.3587,227.312,40.1138],"timeVisible":11.2801,"tipPosition":[46.6164,230.242,-6.85573],"tipVelocity":[-16.7819,-11.2129,-102.836],"tool":false,"touchDistance":0.333333,"touchZone":"none","type":3,"width":18.077},{"bases":[[[0.925622,-0.371654,-0.0713971],[0.362379,0.816004,0.450354],[-0.109116,-0.442731,0.889991]],[[0.87441,-0.464914,0.13879],[0.441434,0.643597,-0.625235],[0.201356,0.607978,0.767997]],[[0.87441,-0.464914,0.13879],[0.0581451,-0.183582,-0.981283],[0.481692,0.866113,-0.133493]],[[0.87441,-0.464914,0.13879],[-0.184831,-0.583668,-0.790677],[0.448604,0.665723,-0.596295]]],"btipPosition":[56.6224,240.547,-1.52122],"carpPosition":[74.5689,264.788,64.3516],"dipPosition":[64.3549,252.022,-11.7994],"direction":[-0.481692,-0.866113,0.133493],"extended":false,"handId":686,"id":6864,"length":50.5107,"mcpPosition":[80.896,290.46,12.7454],"pipPosition":[73.7762,268.962,-14.4104],"stabilizedTipPosition":[68.2207,240.574,40.872],"timeVisible":11.2801,"tipPosition":[58.2622,243.048,-3.01364],"tipVelocity":[-10.5578,-13.9543,-104.574],"tool":false,"touchDistance":0.333333,"touchZone":"none","type":4,"width":16.0574}],"r":[[0.870679,0.262054,0.416228],[-0.284267,0.958703,-0.00895216],[-0.401385,-0.110525,0.909216]],"s":0.999276,"t":[36.873,50.3792,-82.5455],"timestamp":523581702304},false],[4,{"currentFrameRate":108.228,"devices":[],"gestures":[],"hands":[{"armBasis":[[0.906475,0.195221,-0.374422],[-0.00138639,0.888082,0.459683],[0.422257,-0.416172,0.805295]],"armWidth":63.72,"confidence":0.707564,"direction":[-0.150648,0.535303,-0.831117],"elbow":[174.533,145.148,289.352],"grabStrength":0,"id":686,"palmNormal":[-0.0127628,-0.841695,-0.539803],"palmPosition":[44.7987,282.246,25.7288],"palmVelocity":[1.4317,-7.0105,-99.0355],"palmWidth":90.99,"pinchStrength":0.90348,"r":[[0.871154,0.261444,0.415618],[-0.283506,0.958929,-0.00897177],[-0.400893,-0.110014,0.909495]],"s":0.999036,"sphereCenter":[34.5107,256.715,-13.3241],"sphereRadius":46.5378,"stabilizedPalmPosition":[53.959,279.605,66.5722],"t":[36.9136,50.3323,-83.4207],"timeVisible":11.289,"type":"right","wrist":[60.524,257.515,71.9224]}],"id":4263418,"interactionBox":{"center":[0,200,0],"size":[235.247,235.247,147.751]},"pointables":[{"bases":[[[0.379791,0.885744,0.266863],[-0.731043,0.110599,0.673308],[0.566864,-0.450805,0.689521]],[[0.146051,0.989269,-0.00392438],[-0.84839,0.127291,0.513839],[0.508825,-0.0717174,0.857878]],[[0.146051,0.989269,-0.00392438],[-0.979436,0.145155,0.140124],[0.13919,-0.0166216,0.990126]],[[0.146051,0.989269,-0.00392438],[-0.913283,0.133306,-0.384894],[-0.380241,0.0597983,0.922952]]],"btipPosition":[11.4752,247.324,-25.4364],"carpPosition":[32.7213,244.577,72.7462],"dipPosition":[2.57618,248.723,-3.83596],"direction":[-0.13919,0.0166216,-0.990126],"extended":false,"handId":686,"id":6860,"length":52.1164,"mcpPosition":[32.7213,244.577,72.7462],"pipPosition":[7.32195,248.157,29.923],"stabilizedTipPosition":[20.7945,246.475,17.6521],"timeVisible":11.289,"tipPosition":[9.85436,247.368,-20.0084],"tipVelocity":[-13.7476,6.94249,-103.134],"tool":false,"touchDistance":-0.42526,"touchZone":"touching","type":0,"width":20.25},{"bases":[[[0.949178,0.159587,-0.27128],[-0.0340286,0.908901,0.415621],[0.312895,-0.385267,0.86814]],[[0.957041,0.14945,-0.248469],[-0.035494,0.910871,0.411161],[0.287771,-0.384679,0.877046]],[[0.957041,0.14945,-0.248469],[-0.101741,0.975534,0.19489],[0.271516,-0.161238,0.948832]],[[0.957041,0.14945,-0.248469],[-0.150834,0.988466,0.0135724],[0.247631,0.0244882,0.968545]]],"btipPosition":[-6.84501,315.682,-67.7005],"carpPosition":[39.3315,267.333,73.33],"dipPosition":[-2.61408,316.101,-51.1523],"direction":[-0.271516,0.161238,-0.948832],"extended":true,"handId":686,"id":6861,"length":58.8075,"mcpPosition":[16.3119,295.677,9.46131],"pipPosition":[3.94857,312.204,-28.2187],"stabilizedTipPosition":[8.44518,319.49,-23.1121],"timeVisible":11.289,"tipPosition":[-5.58263,316.191,-63.7959],"tipVelocity":[-4.29333,-11.768,-97.8087],"tool":false,"touchDistance":-0.399986,"touchZone":"touching","type":1,"width":19.3428},{"bases":[[[0.974525,-0.0512305,-0.218349],[0.133809,0.914117,0.382733],[0.179989,-0.4022,0.897685]],[[0.982486,-0.0718286,-0.171936],[-0.0567084,0.76369,-0.643088],[0.177498,0.641575,0.746241]],[[0.982486,-0.0718286,-0.171936],[-0.180786,-0.143903,-0.972938],[0.0451428,0.986982,-0.154368]],[[0.982486,-0.0718286,-0.171936],[-0.179324,-0.615221,-0.767688],[-0.0506367,0.785075,-0.617327]]],"btipPosition":[29.2059,225.368,-12.3867],"carpPosition":[50.651,271.051,70.2217],"dipPosition":[28.2543,240.121,-23.9875],"direction":[-0.0451428,-0.986982,0.154368],"extended":false,"handId":686,"id":6862,"length":67.0064,"mcpPosition":[38.0935,299.112,7.59197],"pipPosition":[29.538,268.188,-28.3771],"stabilizedTipPosition":[41.214,226.249,32.3445],"timeVisible":11.289,"tipPosition":[29.1947,228.535,-13.9391],"tipVelocity":[-9.4099,-1.58854,-114.913],"tool":false,"touchDistance":0.333333,"touchZone":"none","type":2,"width":18.9972},{"bases":[[[0.977512,-0.178623,-0.112094],[0.208762,0.894834,0.394576],[0.0298254,-0.409104,0.912]],[[0.975827,-0.163923,-0.144539],[0.0283567,0.750747,-0.659981],[0.216698,0.639928,0.737247]],[[0.975827,-0.163923,-0.144539],[-0.170078,-0.154278,-0.973279],[0.137243,0.974335,-0.178428]],[[0.975827,-0.163923,-0.144539],[-0.2156,-0.613832,-0.759425],[0.0357641,0.77223,-0.634335]]],"btipPosition":[46.5168,227.193,-6.11234],"carpPosition":[62.5372,271.578,67.1605],"dipPosition":[47.185,241.621,-17.9643],"direction":[-0.137243,-0.974335,0.178428],"extended":false,"handId":686,"id":6863,"length":64.4285,"mcpPosition":[60.6689,297.204,10.0328],"pipPosition":[50.9869,268.612,-22.9071],"stabilizedTipPosition":[58.3587,227.312,40.1137],"timeVisible":11.289,"tipPosition":[46.8006,230.306,-7.80396],"tipVelocity":[-6.41688,-6.29663,-102.913],"tool":false,"touchDistance":0.333333,"touchZone":"none","type":3,"width":18.077},{"bases":[[[0.926373,-0.370152,-0.0694308],[0.360069,0.816476,0.451351],[-0.11038,-0.443119,0.889642]],[[0.874859,-0.463529,0.140581],[0.441887,0.644888,-0.623583],[0.19839,0.607668,0.769013]],[[0.874859,-0.463529,0.140581],[0.0608861,-0.182693,-0.981283],[0.480537,0.867043,-0.131608]],[[0.874859,-0.463529,0.140581],[-0.181969,-0.583487,-0.791474],[0.448898,0.666846,-0.594816]]],"btipPosition":[56.7904,240.63,-2.46861],"carpPosition":[74.5412,264.875,63.4823],"dipPosition":[64.528,252.124,-12.7213],"direction":[-0.480537,-0.867043,0.131608],"extended":false,"handId":686,"id":6864,"length":50.5107,"mcpPosition":[80.9416,290.569,11.8963],"pipPosition":[73.9267,269.082,-15.2954],"stabilizedTipPosition":[68.2207,240.574,40.872],"timeVisible":11.289,"tipPosition":[58.4293,243.135,-3.96641],"tipVelocity":[-2.51107,-7.49068,-104.844],"tool":false,"touchDistance":0.333333,"touchZone":"none","type":4,"width":16.0574}],"r":[[0.871154,0.261444,0.415618],[-0.283506,0.958929,-0.00897177],[-0.400893,-0.110014,0.909495]],"s":0.999036,"t":[36.9136,50.3323,-83.4207],"timestamp":523581711223},false],[5,{"currentFrameRate":108.255,"devices":[],"gestures":[],"hands":[{"armBasis":[[0.90652,0.200112,-0.37172],[-0.0086326,0.889119,0.457595],[0.422074,-0.41161,0.807732]],"armWidth":63.72,"confidence":0.710739,"direction":[-0.150955,0.538408,-0.829053],"elbow":[174.471,146.023,288.846],"grabStrength":0,"id":686,"palmNormal":[-0.00659316,-0.839194,-0.543793],"palmPosition":[44.7958,282.023,24.6326],"palmVelocity":[0.941991,-11.8389,-104.696],"palmWidth":90.99,"pinchStrength":0.904032,"r":[[0.870996,0.261496,0.415916],[-0.283916,0.958814,-0.00826161],[-0.400947,-0.110889,0.909365]],"s":0.998809,"sphereCenter":[34.7007,256.62,-14.5584],"sphereRadius":46.5343,"stabilizedPalmPosition":[53.959,279.605,66.5721],"t":[36.9324,50.1973,-84.4063],"timeVisible":11.2982,"type":"right","wrist":[60.5111,257.158,70.758]}],"id":4263419,"interactionBox":{"center":[0,200,0],"size":[235.247,235.247,147.751]},"pointables":[{"bases":[[[0.374218,0.886491,0.272204],[-0.733693,0.103512,0.67155],[0.567147,-0.45102,0.689148]],[[0.140762,0.990043,0.00118321],[-0.850902,0.120369,0.511348],[0.506114,-0.0729853,0.859373]],[[0.140762,0.990043,0.00118321],[-0.980592,0.139254,0.138015],[0.136476,-0.0205876,0.990429]],[[0.140762,0.990043,0.00118321],[-0.913049,0.130277,-0.386483],[-0.382789,0.0533219,0.922296]]],"btipPosition":[11.8171,247.165,-26.8176],"carpPosition":[32.7757,244.068,71.4346],"dipPosition":[2.85844,248.413,-5.23253],"direction":[-0.136476,0.0205876,-0.990429],"extended":false,"handId":686,"id":6860,"length":52.1164,"mcpPosition":[32.7757,244.068,71.4346],"pipPosition":[7.51167,247.711,28.5368],"stabilizedTipPosition":[20.7943,246.476,17.6516],"timeVisible":11.2982,"tipPosition":[10.1735,247.181,-21.3949],"tipVelocity":[0.0748942,-0.881456,-116.425],"tool":false,"touchDistance":-0.431838,"touchZone":"touching","type":0,"width":20.25},{"bases":[[[0.94914,0.165934,-0.267581],[-0.0401753,0.906734,0.419784],[0.312281,-0.387684,0.867284]],[[0.956803,0.155983,-0.245353],[-0.0417574,0.908874,0.414975],[0.287724,-0.386804,0.876127]],[[0.956803,0.155983,-0.245353],[-0.107856,0.974111,0.198682],[0.269992,-0.163637,0.948856]],[[0.956803,0.155983,-0.245353],[-0.156575,0.987516,0.0172147],[0.244975,0.0219452,0.969281]]],"btipPosition":[-6.78502,315.576,-68.7953],"carpPosition":[39.262,266.856,72.146],"dipPosition":[-2.59948,315.951,-52.2345],"direction":[-0.269992,0.163637,-0.948856],"extended":true,"handId":686,"id":6861,"length":58.8075,"mcpPosition":[16.2876,295.378,8.34021],"pipPosition":[3.92633,311.996,-29.3003],"stabilizedTipPosition":[8.4449,319.49,-23.1129],"timeVisible":11.2982,"tipPosition":[-5.5287,316.078,-64.8894],"tipVelocity":[-1.58668,-12.013,-103.682],"tool":false,"touchDistance":-0.404699,"touchZone":"touching","type":1,"width":19.3428},{"bases":[[[0.975453,-0.0449927,-0.215564],[0.127732,0.913002,0.387442],[0.179378,-0.405466,0.896338]],[[0.98339,-0.0657946,-0.169161],[-0.0586514,0.766797,-0.639204],[0.171768,0.638508,0.750202]],[[0.98339,-0.0657946,-0.169161],[-0.176938,-0.139741,-0.974251],[0.0404618,0.988,-0.149061]],[[0.98339,-0.0657946,-0.169161],[-0.173649,-0.612279,-0.771337],[-0.0528239,0.787899,-0.613534]]],"btipPosition":[29.6189,225.26,-13.8371],"carpPosition":[50.571,270.649,69.0903],"dipPosition":[28.6263,240.066,-25.3666],"direction":[-0.0404618,-0.988,0.149061],"extended":false,"handId":686,"id":6862,"length":67.0064,"mcpPosition":[38.0562,298.938,6.55462],"pipPosition":[29.7769,268.162,-29.6054],"stabilizedTipPosition":[41.214,226.249,32.3444],"timeVisible":11.2982,"tipPosition":[29.5922,228.435,-15.3921],"tipVelocity":[5.4932,-4.0582,-126.412],"tool":false,"touchDistance":0.333333,"touchZone":"none","type":2,"width":18.9972},{"bases":[[[0.978795,-0.172867,-0.1099],[0.202751,0.894064,0.399427],[0.02921,-0.413239,0.910154]],[[0.977144,-0.158111,-0.142092],[0.0265041,0.753824,-0.656542],[0.210919,0.63777,0.740785]],[[0.977144,-0.158111,-0.142092],[-0.166156,-0.151143,-0.974447],[0.132595,0.975785,-0.17396]],[[0.977144,-0.158111,-0.142092],[-0.209901,-0.611896,-0.762577],[0.0336262,0.774973,-0.631099]]],"btipPosition":[46.9087,227.133,-7.43099],"carpPosition":[62.4636,271.254,66.0686],"dipPosition":[47.5369,241.613,-19.2224],"direction":[-0.132595,-0.975785,0.17396],"extended":false,"handId":686,"id":6863,"length":64.4285,"mcpPosition":[60.6338,297.139,9.05652],"pipPosition":[51.2101,268.644,-24.0415],"stabilizedTipPosition":[58.3587,227.312,40.1137],"timeVisible":11.2982,"tipPosition":[47.1772,230.259,-9.14548],"tipVelocity":[7.01468,-5.9944,-113.833],"tool":false,"touchDistance":0.333333,"touchZone":"none","type":3,"width":18.077},{"bases":[[[0.928552,-0.364866,-0.0682971],[0.3543,0.816248,0.456301],[-0.110741,-0.447897,0.887201]],[[0.876929,-0.459468,0.141014],[0.440378,0.650617,-0.61868],[0.192518,0.604638,0.772884]],[[0.876929,-0.459468,0.141014],[0.0650689,-0.1772,-0.982022],[0.476195,0.870339,-0.125495]],[[0.876929,-0.459468,0.141014],[-0.176295,-0.580456,-0.794979],[0.44712,0.67228,-0.59002]]],"btipPosition":[57.108,240.614,-3.7524],"carpPosition":[74.5146,264.633,62.3961],"dipPosition":[64.8149,252.202,-13.9225],"direction":[-0.476195,-0.870338,0.125495],"extended":false,"handId":686,"id":6864,"length":50.5107,"mcpPosition":[80.936,290.604,10.9516],"pipPosition":[74.1287,269.225,-16.377],"stabilizedTipPosition":[68.2207,240.574,40.872],"timeVisible":11.2982,"tipPosition":[58.7374,243.136,-5.24345],"tipVelocity":[7.63292,-5.22873,-114.009],"tool":false,"touchDistance":0.333333,"touchZone":"none","type":4,"width":16.0574}],"r":[[0.870996,0.261496,0.415916],[-0.283916,0.958814,-0.00826161],[-0.400947,-0.110889,0.909365]],"s":0.998809,"t":[36.9324,50.1973,-84.4063],"timestamp":523581720412},false],[6,{"currentFrameRate":108.419,"devices":[],"gestures":[],"hands":[{"armBasis":[[0.906613,0.20143,-0.370781],[-0.0115193,0.890193,0.455439],[0.421806,-0.408635,0.809381]],"armWidth":63.72,"confidence":0.713631,"direction":[-0.149835,0.537368,-0.829931],"elbow":[174.354,146.609,288.249],"grabStrength":0,"id":686,"palmNormal":[-0.0037993,-0.839714,-0.543016],"palmPosition":[44.8218,281.735,23.5286],"palmVelocity":[1.47991,-17.4088,-109.867],"palmWidth":90.99,"pinchStrength":0.905123,"r":[[0.870573,0.261916,0.416536],[-0.284571,0.958621,-0.00801471],[-0.401399,-0.111557,0.909084]],"s":0.998605,"sphereCenter":[34.7649,256.288,-15.6327],"sphereRadius":46.5232,"stabilizedPalmPosition":[53.959,279.605,66.5721],"t":[36.9548,49.9858,-85.4512],"timeVisible":11.3072,"type":"right","wrist":[60.466,256.941,69.7161]}],"id":4263420,"interactionBox":{"center":[0,200,0],"size":[235.247,235.247,147.751]},"pointables":[{"bases":[[[0.372012,0.887392,0.272291],[-0.735528,0.102874,0.669638],[0.56622,-0.449391,0.690972]],[[0.139016,0.99029,0.000561167],[-0.85296,0.11945,0.508125],[0.503124,-0.0711163,0.861283]],[[0.139016,0.99029,0.000561167],[-0.98118,0.137661,0.135405],[0.134013,-0.0193741,0.99079]],[[0.139016,0.99029,0.000561167],[-0.912168,0.12827,-0.389226],[-0.385519,0.0535969,0.921142]]],"btipPosition":[12.0902,246.759,-27.9963],"carpPosition":[32.7516,243.803,70.3365],"dipPosition":[3.06764,248.014,-6.43824],"direction":[-0.134013,0.0193741,-0.99079],"extended":false,"handId":686,"id":6860,"length":52.1164,"mcpPosition":[32.7516,243.803,70.3365],"pipPosition":[7.63689,247.353,27.3433],"stabilizedTipPosition":[20.7942,246.476,17.6512],"timeVisible":11.3072,"tipPosition":[10.3945,246.792,-22.5841],"tipVelocity":[7.9476,-12.9955,-120.869],"tool":false,"touchDistance":-0.434762,"touchZone":"touching","type":0,"width":20.25},{"bases":[[[0.94951,0.167324,-0.265392],[-0.0427791,0.907057,0.418828],[0.310806,-0.386328,0.868418]],[[0.956932,0.157684,-0.243756],[-0.0444578,0.909325,0.413705],[0.286888,-0.385051,0.877172]],[[0.956932,0.157684,-0.243756],[-0.110281,0.974136,0.197222],[0.26855,-0.161846,0.949572]],[[0.956932,0.157684,-0.243756],[-0.158678,0.987206,0.0156811],[0.24311,0.0236729,0.96971]]],"btipPosition":[-6.63905,315.076,-70.0518],"carpPosition":[39.1968,266.603,71.0424],"dipPosition":[-2.48537,315.48,-53.4837],"direction":[-0.26855,0.161846,-0.949572],"extended":true,"handId":686,"id":6861,"length":58.8075,"mcpPosition":[16.331,295.025,7.15326],"pipPosition":[4.00559,311.568,-30.5322],"stabilizedTipPosition":[8.44466,319.49,-23.1136],"timeVisible":11.3072,"tipPosition":[-5.38163,315.583,-66.1493],"tipVelocity":[3.08108,-23.8269,-113.736],"tool":false,"touchDistance":-0.411385,"touchZone":"touching","type":1,"width":19.3428},{"bases":[[[0.976059,-0.0435076,-0.213111],[0.125197,0.913585,0.386895],[0.177862,-0.404313,0.89716]],[[0.983921,-0.0642652,-0.16664],[-0.0583616,0.766114,-0.640049],[0.168798,0.639483,0.750045]],[[0.983921,-0.0642652,-0.16664],[-0.174265,-0.141069,-0.974542],[0.0391214,0.987912,-0.15]],[[0.983921,-0.0642652,-0.16664],[-0.170659,-0.613452,-0.771072],[-0.0526726,0.787113,-0.614556]]],"btipPosition":[29.8389,224.914,-14.9202],"carpPosition":[50.5068,270.413,68.0111],"dipPosition":[28.8491,239.705,-26.4689],"direction":[-0.0391214,-0.987912,0.15],"extended":false,"handId":686,"id":6862,"length":67.0064,"mcpPosition":[38.0977,298.621,5.41809],"pipPosition":[29.9615,267.798,-30.7344],"stabilizedTipPosition":[41.214,226.249,32.3444],"timeVisible":11.3072,"tipPosition":[29.8082,228.088,-16.4915],"tipVelocity":[10.7339,-13.6369,-125.157],"tool":false,"touchDistance":0.333333,"touchZone":"none","type":2,"width":18.9972},{"bases":[[[0.97936,-0.171277,-0.107319],[0.200218,0.894788,0.399083],[0.0276741,-0.412333,0.910613]],[[0.977781,-0.156665,-0.139288],[0.0267763,0.752339,-0.658232],[0.207913,0.639877,0.739817]],[[0.977781,-0.156665,-0.139288],[-0.163499,-0.154082,-0.974437],[0.131198,0.975559,-0.176273]],[[0.977781,-0.156665,-0.139288],[-0.206895,-0.614208,-0.76154],[0.0337551,0.773437,-0.632973]]],"btipPosition":[47.1176,226.799,-8.36768],"carpPosition":[62.4057,271.036,65.0182],"dipPosition":[47.7482,241.25,-20.1942],"direction":[-0.131198,-0.975559,0.176273],"extended":false,"handId":686,"id":6863,"length":64.4285,"mcpPosition":[60.6722,296.864,7.97745],"pipPosition":[51.3827,268.275,-25.0773],"stabilizedTipPosition":[58.3587,227.312,40.1136],"timeVisible":11.3072,"tipPosition":[47.3756,229.938,-10.1756],"tipVelocity":[11.4992,-14.7779,-111.647],"tool":false,"touchDistance":0.333333,"touchZone":"none","type":3,"width":18.077},{"bases":[[[0.929347,-0.363323,-0.0656591],[0.35176,0.817288,0.456405],[-0.11216,-0.447255,0.887346]],[[0.877399,-0.457787,0.143536],[0.440746,0.650944,-0.618073],[0.189512,0.605559,0.772905]],[[0.877399,-0.457787,0.143536],[0.0677685,-0.177922,-0.981708],[0.474952,0.871077,-0.125085]],[[0.877399,-0.457787,0.143536],[-0.173381,-0.58152,-0.794841],[0.447337,0.672506,-0.589597]]],"btipPosition":[57.2797,240.325,-4.79123],"carpPosition":[74.4772,264.432,61.3818],"dipPosition":[64.9903,251.916,-14.954],"direction":[-0.474952,-0.871077,0.125085],"extended":false,"handId":686,"id":6864,"length":50.5107,"mcpPosition":[80.9808,290.366,9.92882],"pipPosition":[74.2798,268.954,-17.4005],"stabilizedTipPosition":[68.2207,240.574,40.872],"timeVisible":11.3072,"tipPosition":[58.9084,242.848,-6.28947],"tipVelocity":[10.8223,-12.6128,-114.598],"tool":false,"touchDistance":0.333333,"touchZone":"none","type":4,"width":16.0574}],"r":[[0.870573,0.261916,0.416536],[-0.284571,0.958621,-0.00801471],[-0.401399,-0.111557,0.909084]],"s":0.998605,"t":[3