{"sensorType":"Leap","data":[[0,{"currentFrameRate":110.463,"devices":[],"gestures":[],"hands":[{"armBasis":[[0.939683,0.138414,-0.312789],[0.0536561,0.843493,0.534453],[0.337811,-0.518999,0.78519]],"armWidth":63.487,"confidence":0.743255,"direction":[-0.116242,0.691764,-0.712706],"elbow":[155.576,111.062,275.125],"grabStrength":0,"id":689,"palmNormal":[-0.077999,-0.721712,-0.687784],"palmPosition":[50.5903,284.607,23.6398],"palmVelocity":[-14.5644,-84.0713,-79.589],"palmWidth":90.6573,"pinchStrength":0.976529,"r":[[0.945976,0.299423,-0.124402],[-0.294527,0.953973,0.056474],[0.135586,-0.0167831,0.990623]],"s":0.794842,"sphereCenter":[36.1208,266.015,-19.1429],"sphereRadius":46.2107,"stabilizedPalmPosition":[49.5374,284.302,44.8138],"t":[-23.0291,60.2361,-123.269],"timeVisible":5.19726,"type":"right","wrist":[64.7002,250.68,63.8986]}],"id":4266054,"interactionBox":{"center":[0,200,0],"size":[235.247,235.247,147.751]},"pointables":[{"bases":[[[0.445517,0.790307,0.42063],[-0.716622,0.033185,0.696672],[0.536626,-0.611812,0.581136]],[[0.160498,0.979907,0.118418],[-0.81471,0.0637912,0.576349],[0.557214,-0.188979,0.808579]],[[0.160498,0.979907,0.118418],[-0.975843,0.139516,0.168123],[0.148224,-0.142541,0.978628]],[[0.160498,0.979907,0.118418],[-0.868947,0.19718,-0.453928],[-0.468157,-0.0300442,0.883134]]],"btipPosition":[14.3012,254.805,-31.2094],"carpPosition":[36.1331,239.863,62.8431],"dipPosition":[3.3847,254.104,-10.6164],"direction":[-0.148224,0.142541,-0.978628],"extended":false,"handId":689,"id":6890,"length":51.9258,"mcpPosition":[36.1331,239.863,62.8431],"pipPosition":[8.42,249.262,22.6284],"stabilizedTipPosition":[9.57622,241.583,25.9581],"timeVisible":5.19726,"tipPosition":[11.5645,255.655,-25.8502],"tipVelocity":[-11.2983,-104.735,-71.5214],"tool":false,"touchDistance":-0.394492,"touchZone":"touching","type":0,"width":20.176},{"bases":[[[0.95658,0.140162,-0.255558],[0.0354761,0.814281,0.579386],[0.289303,-0.563295,0.773952]],[[0.946666,0.158406,-0.280592],[-0.0115685,0.886962,0.461698],[0.32201,-0.433827,0.841489]],[[0.946666,0.158406,-0.280592],[-0.0815908,0.960279,0.266846],[0.311717,-0.22972,0.921988]],[[0.946666,0.158406,-0.280592],[-0.132545,0.985167,0.108986],[0.293694,-0.0659818,0.95362]]],"btipPosition":[-3.12611,328.01,-63.6519],"carpPosition":[44.3701,261.495,67.5363],"dipPosition":[1.87348,326.887,-47.4183],"direction":[-0.311717,0.22972,-0.921988],"extended":true,"handId":689,"id":6891,"length":58.5925,"mcpPosition":[23.164,302.784,10.8052],"pipPosition":[9.38024,321.354,-25.215],"stabilizedTipPosition":[1.11116,334.837,-42.6837],"timeVisible":5.19726,"tipPosition":[-1.39164,328.555,-59.7719],"tipVelocity":[-29.7834,-112.867,-85.7131],"tool":false,"touchDistance":-0.404311,"touchZone":"touching","type":1,"width":19.2721},{"bases":[[[0.966713,-0.0781128,-0.243646],[0.20303,0.813689,0.544691],[0.155705,-0.576028,0.802464]],[[0.971434,-0.0975829,-0.21632],[-0.0325044,0.84824,-0.528614],[0.235075,0.520545,0.820837]],[[0.971434,-0.0975829,-0.21632],[-0.208289,0.0862106,-0.97426],[0.11372,0.991486,0.0634224]],[[0.971434,-0.0975829,-0.21632],[-0.237163,-0.36699,-0.899484],[0.00838713,0.925092,-0.379649]]],"btipPosition":[30.378,234.538,-24.927],"carpPosition":[55.8698,264.907,64.9632],"dipPosition":[30.5351,251.859,-32.0353],"direction":[-0.11372,-0.991486,-0.0634224],"extended":false,"handId":689,"id":6892,"length":66.7614,"mcpPosition":[45.0463,304.949,9.18164],"pipPosition":[33.757,279.95,-30.2383],"stabilizedTipPosition":[32.2182,219.982,19.4274],"timeVisible":5.19726,"tipPosition":[30.5409,238.095,-25.9288],"tipVelocity":[-26.0215,-96.0594,-60.5902],"tool":false,"touchDistance":-0.278946,"touchZone":"touching","type":2,"width":18.9277},{"bases":[[[0.961016,-0.223144,-0.163265],[0.276438,0.787252,0.551195],[0.00553436,-0.57484,0.818247]],[[0.960821,-0.214386,-0.175676],[0.0830794,0.827438,-0.555378],[0.264426,0.519023,0.812831]],[[0.960821,-0.214386,-0.175676],[-0.163618,0.0728923,-0.983827],[0.223724,0.974025,0.034959]],[[0.960821,-0.214386,-0.175676],[-0.245712,-0.365544,-0.897777],[0.128253,0.905768,-0.403899]]],"btipPosition":[47.0202,234.183,-18.8695],"carpPosition":[67.6993,265.157,61.8283],"dipPosition":[49.4077,251.044,-26.3884],"direction":[-0.223724,-0.974025,-0.034959],"extended":false,"handId":689,"id":6893,"length":64.1929,"mcpPosition":[67.3539,301.033,10.7607],"pipPosition":[55.5827,277.928,-25.4235],"stabilizedTipPosition":[47.8019,217.158,33.1182],"timeVisible":5.19726,"tipPosition":[47.6012,237.644,-19.8602],"tipVelocity":[-24.4091,-96.6956,-58.9383],"tool":false,"touchDistance":-0.12602,"touchZone":"touching","type":3,"width":18.0109},{"bases":[[[0.896223,-0.415165,-0.156278],[0.421942,0.689062,0.589202],[-0.136931,-0.593996,0.792728]],[[0.84298,-0.537374,0.0247727],[0.465439,0.705497,-0.534453],[0.269724,0.462064,0.844835]],[[0.84298,-0.537374,0.0247727],[0.0627768,0.0525332,-0.996644],[0.53427,0.841706,0.0780191]],[[0.84298,-0.537374,0.0247727],[-0.178206,-0.322409,-0.929675],[0.50757,0.779283,-0.367547]]],"btipPosition":[58.3932,246.711,-14.0346],"carpPosition":[79.113,258.458,56.7355],"dipPosition":[67.1101,260.094,-20.3468],"direction":[-0.53427,-0.841706,-0.0780191],"extended":false,"handId":689,"id":6894,"length":50.326,"mcpPosition":[87.0239,292.775,10.9371],"pipPosition":[77.5215,276.497,-18.8264],"stabilizedTipPosition":[57.3207,228.75,39.6322],"timeVisible":5.19726,"tipPosition":[60.1786,249.246,-14.4558],"tipVelocity":[-21.4437,-92.0156,-75.6593],"tool":false,"touchDistance":-0.301918,"touchZone":"touching","type":4,"width":15.9987}],"r":[[0.945976,0.299423,-0.124402],[-0.294527,0.953973,0.056474],[0.135586,-0.0167831,0.990623]],"s":0.794842,"t":[-23.0291,60.2361,-123.269],"timestamp":523606328592},false],[1,{"currentFrameRate":110.544,"devices":[],"gestures":[],"hands":[{"armBasis":[[0.940355,0.143117,-0.308627],[0.0475829,0.842955,0.535876],[0.336851,-0.518599,0.785867]],"armWidth":63.487,"confidence":0.657491,"direction":[-0.119053,0.695445,-0.708649],"elbow":[155.004,110.624,274.301],"grabStrength":0,"id":689,"palmNormal":[-0.0729771,-0.717923,-0.692286],"palmPosition":[50.1469,284.227,22.8211],"palmVelocity":[-24.152,-72.7966,-82.9528],"palmWidth":90.6573,"pinchStrength":0.972861,"r":[[0.945855,0.299341,-0.125513],[-0.294507,0.954014,0.0558896],[0.136471,-0.0158991,0.990516]],"s":0.794259,"sphereCenter":[35.738,265.839,-20.034],"sphereRadius":46.1846,"stabilizedPalmPosition":[49.543,284.301,44.6093],"t":[-23.3443,59.5718,-124.043],"timeVisible":5.20616,"type":"right","wrist":[64.3868,250.134,62.8933]}],"id":4266055,"interactionBox":{"center":[0,200,0],"size":[235.247,235.247,147.751]},"pointables":[{"bases":[[[0.440496,0.790189,0.426104],[-0.717811,0.024948,0.695791],[0.539176,-0.612356,0.578195]],[[0.154211,0.980233,0.123945],[-0.816093,0.0556537,0.575235],[0.556966,-0.189858,0.808544]],[[0.154211,0.980233,0.123945],[-0.977053,0.132638,0.166657],[0.146922,-0.146801,0.978194]],[[0.154211,0.980233,0.123945],[-0.868041,0.194331,-0.456881],[-0.471936,-0.0371329,0.88085]]],"btipPosition":[14.1947,254.461,-32.2535],"carpPosition":[35.8819,239.166,61.7293],"dipPosition":[3.19006,253.595,-11.7138],"direction":[-0.146922,0.146801,-0.978194],"extended":false,"handId":689,"id":6890,"length":51.9258,"mcpPosition":[35.8819,239.166,61.7293],"pipPosition":[8.18115,248.608,21.5164],"stabilizedTipPosition":[9.64963,242.029,24.077],"timeVisible":5.20616,"tipPosition":[11.4145,255.252,-26.9331],"tipVelocity":[-12.0985,-87.9114,-84.3412],"tool":false,"touchDistance":-0.399221,"touchZone":"touching","type":0,"width":20.176},{"bases":[[[0.956156,0.147034,-0.253272],[0.0300975,0.810914,0.584391],[0.291307,-0.566392,0.770935]],[[0.945844,0.165955,-0.278996],[-0.0177428,0.884591,0.46603],[0.324137,-0.435841,0.839629]],[[0.945844,0.165955,-0.278996],[-0.0881896,0.958486,0.271158],[0.312414,-0.231869,0.921214]],[[0.945844,0.165955,-0.278996],[-0.139222,0.983771,0.113189],[0.293252,-0.0682169,0.953598]]],"btipPosition":[-3.7519,327.731,-64.3019],"carpPosition":[43.9915,260.813,66.5665],"dipPosition":[1.24017,326.57,-48.0687],"direction":[-0.312414,0.231869,-0.921214],"extended":true,"handId":689,"id":6891,"length":58.5925,"mcpPosition":[22.6385,302.33,10.0566],"pipPosition":[8.76372,320.986,-25.884],"stabilizedTipPosition":[0.969115,334.555,-43.3675],"timeVisible":5.20616,"tipPosition":[-2.02913,328.273,-60.4172],"tipVelocity":[-40.8558,-90.93,-82.2563],"tool":false,"touchDistance":-0.401964,"touchZone":"touching","type":1,"width":19.2721},{"bases":[[[0.967487,-0.0712493,-0.242676],[0.197702,0.811466,0.549943],[0.15774,-0.580041,0.799169]],[[0.972394,-0.0914073,-0.214696],[-0.03729,0.847384,-0.529669],[0.230345,0.523053,0.820583]],[[0.972394,-0.0914073,-0.214696],[-0.207931,0.0781269,-0.975018],[0.105897,0.992744,0.0569637]],[[0.972394,-0.0914073,-0.214696],[-0.23334,-0.375666,-0.896899],[0.00132924,0.922236,-0.386624]]],"btipPosition":[30.4234,234.112,-25.3039],"carpPosition":[55.4757,264.305,64.0314],"dipPosition":[30.4483,251.38,-32.5428],"direction":[-0.105897,-0.992744,-0.0569637],"extended":false,"handId":689,"id":6892,"length":66.7614,"mcpPosition":[44.5108,304.626,8.47891],"pipPosition":[33.4486,279.507,-30.9289],"stabilizedTipPosition":[32.161,220.561,17.9439],"timeVisible":5.20616,"tipPosition":[30.4967,237.807,-26.6641],"tipVelocity":[-18.4825,-83.3011,-56.5409],"tool":false,"touchDistance":-0.285489,"touchZone":"touching","type":2,"width":18.9277},{"bases":[[[0.96248,-0.216798,-0.163188],[0.271247,0.785398,0.556395],[0.00754225,-0.579784,0.814735]],[[0.962253,-0.207934,-0.17559],[0.0793878,0.831579,-0.549703],[0.260319,0.515014,0.816697]],[[0.962253,-0.207934,-0.17559],[-0.162563,0.0783,-0.983586],[0.21827,0.975004,0.041542]],[[0.962253,-0.207934,-0.17559],[-0.242388,-0.361385,-0.90036],[0.12376,0.908936,-0.398145]]],"btipPosition":[46.9208,234.067,-20.0238],"carpPosition":[67.3082,264.64,60.9157],"dipPosition":[49.2247,250.987,-27.4355],"direction":[-0.21827,-0.975004,-0.041542],"extended":false,"handId":689,"id":6893,"length":64.1929,"mcpPosition":[66.8375,300.824,10.0673],"pipPosition":[55.2491,277.898,-26.2889],"stabilizedTipPosition":[47.7957,217.524,32.1511],"timeVisible":5.20616,"tipPosition":[47.4826,237.538,-21.0004],"tipVelocity":[-21.3921,-73.5121,-77.4227],"tool":false,"touchDistance":-0.144847,"touchZone":"touching","type":3,"width":18.0109},{"bases":[[[0.898747,-0.409215,-0.157469],[0.417239,0.687788,0.59402],[-0.134776,-0.599576,0.788888]],[[0.845899,-0.532855,0.0228088],[0.462523,0.71161,-0.528852],[0.26557,0.457905,0.848408]],[[0.845899,-0.532855,0.0228088],[0.063824,0.0586758,-0.996235],[0.529511,0.84417,0.0836428]],[[0.845899,-0.532855,0.0228088],[-0.17551,-0.318493,-0.931536],[0.503638,0.783982,-0.362934]]],"btipPosition":[58.2288,246.629,-15.0636],"carpPosition":[78.7664,258.036,55.7993],"dipPosition":[66.8782,260.093,-21.2966],"direction":[-0.529511,-0.84417,-0.0836428],"extended":false,"handId":689,"id":6894,"length":50.326,"mcpPosition":[86.5529,292.675,10.2227],"pipPosition":[77.1969,276.543,-19.6666],"stabilizedTipPosition":[57.349,228.955,39.0842],"timeVisible":5.20616,"tipPosition":[60.0002,249.18,-15.4953],"tipVelocity":[-21.1067,-68.9185,-85.9623],"tool":false,"touchDistance":-0.315222,"touchZone":"touching","type":4,"width":15.9987}],"r":[[0.945855,0.299341,-0.125513],[-0.294507,0.954014,0.0558896],[0.136471,-0.0158991,0.990516]],"s":0.794259,"t":[-23.3443,59.5718,-124.043],"timestamp":523606337496},false],[2,{"currentFrameRate":110.411,"devices":[],"gestures":[],"hands":[{"armBasis":[[0.93952,0.142681,-0.311357],[0.0481604,0.845021,0.53256],[0.33909,-0.515346,0.787043]],"armWidth":63.487,"confidence":0.689431,"direction":[-0.119307,0.695403,-0.708647],"elbow":[155.345,110.726,273.686],"grabStrength":0,"id":689,"palmNormal":[-0.0741236,-0.717991,-0.692094],"palmPosition":[49.8675,283.457,21.8978],"palmVelocity":[-25.8205,-75.6515,-87.5845],"palmWidth":90.6573,"pinchStrength":0.981401,"r":[[0.945771,0.29915,-0.126598],[-0.294357,0.954086,0.0554485],[0.137373,-0.0151765,0.990403]],"s":0.79328,"sphereCenter":[35.2427,265.104,-20.8672],"sphereRadius":46.1513,"stabilizedPalmPosition":[49.5468,284.291,44.3451],"t":[-23.6415,58.8544,-124.892],"timeVisible":5.21545,"type":"right","wrist":[64.1252,249.361,61.9616]}],"id":4266056,"interactionBox":{"center":[0,200,0],"size":[235.247,235.247,147.751]},"pointables":[{"bases":[[[0.441426,0.789976,0.425536],[-0.717105,0.0255249,0.696497],[0.539355,-0.612606,0.577764]],[[0.153701,0.980518,0.122315],[-0.816475,0.0563041,0.574629],[0.556547,-0.188188,0.809222]],[[0.153701,0.980518,0.122315],[-0.977413,0.132695,0.164485],[0.145049,-0.144834,0.978767]],[[0.153701,0.980518,0.122315],[-0.861317,0.193612,-0.46973],[-0.484261,-0.0331541,0.874295]]],"btipPosition":[14.2968,253.464,-33.0555],"carpPosition":[35.6121,238.411,60.8277],"dipPosition":[3.00475,252.691,-12.6687],"direction":[-0.145049,0.144834,-0.978767],"extended":false,"handId":689,"id":6890,"length":51.9258,"mcpPosition":[35.6121,238.411,60.8277],"pipPosition":[7.93221,247.77,20.5809],"stabilizedTipPosition":[9.73218,242.482,21.9651],"timeVisible":5.21545,"tipPosition":[11.3337,254.265,-27.834],"tipVelocity":[-7.59378,-92.7479,-85.9672],"tool":false,"touchDistance":-0.40019,"touchZone":"touching","type":0,"width":20.176},{"bases":[[[0.955999,0.146377,-0.254243],[0.0311969,0.810991,0.584226],[0.291706,-0.566451,0.770741]],[[0.945401,0.165773,-0.2806],[-0.0172475,0.885218,0.464857],[0.325453,-0.434637,0.839745]],[[0.945401,0.165773,-0.2806],[-0.088012,0.958847,0.269936],[0.313801,-0.230501,0.921085]],[[0.945401,0.165773,-0.2806],[-0.139269,0.983896,0.112039],[0.294654,-0.0668426,0.953263]]],"btipPosition":[-4.14582,326.869,-65.1971],"carpPosition":[43.7404,260.054,65.6532],"dipPosition":[0.870115,325.731,-48.9696],"direction":[-0.313801,0.230501,-0.921085],"extended":true,"handId":689,"id":6891,"length":58.5925,"mcpPosition":[22.3582,301.575,9.15752],"pipPosition":[8.42707,320.18,-26.788],"stabilizedTipPosition":[0.786075,334.187,-44.2037],"timeVisible":5.21545,"tipPosition":[-2.42539,327.414,-61.3148],"tipVelocity":[-41.1242,-91.3092,-86.272],"tool":false,"touchDistance":-0.403549,"touchZone":"touching","type":1,"width":19.2721},{"bases":[[[0.967201,-0.0719113,-0.243621],[0.198768,0.81143,0.549612],[0.158158,-0.580009,0.799109]],[[0.972183,-0.0923492,-0.215249],[-0.0373777,0.846045,-0.5318],[0.231222,0.525052,0.819058]],[[0.972183,-0.0923492,-0.215249],[-0.208862,0.0741117,-0.975133],[0.106005,0.992965,0.0527618]],[[0.972183,-0.0923492,-0.215249],[-0.234222,-0.379559,-0.895028],[0.000955345,0.920547,-0.390631]]],"btipPosition":[30.1048,233.273,-25.9577],"carpPosition":[55.2244,263.538,63.1062],"dipPosition":[30.1227,250.508,-33.2716],"direction":[-0.106005,-0.992965,-0.0527618],"extended":false,"handId":689,"id":6892,"length":66.7614,"mcpPosition":[44.2303,303.857,7.55782],"pipPosition":[33.1261,278.641,-31.7768],"stabilizedTipPosition":[32.079,221.227,16.1211],"timeVisible":5.21545,"tipPosition":[30.1569,237.014,-27.4422],"tipVelocity":[-22.9903,-85.5204,-60.9657],"tool":false,"touchDistance":-0.29534,"touchZone":"touching","type":2,"width":18.9277},{"bases":[[[0.962179,-0.217444,-0.164105],[0.272302,0.785315,0.555996],[0.00797628,-0.579653,0.814824]],[[0.961943,-0.208527,-0.176584],[0.0792943,0.831457,-0.549902],[0.261491,0.514972,0.816349]],[[0.961943,-0.208527,-0.176584],[-0.163656,0.0778435,-0.983441],[0.21882,0.974914,0.0407543]],[[0.961943,-0.208527,-0.176584],[-0.243638,-0.361945,-0.899798],[0.123718,0.908577,-0.398975]]],"btipPosition":[46.5729,233.295,-20.9137],"carpPosition":[67.054,263.865,59.9787],"dipPosition":[48.876,250.208,-28.3409],"direction":[-0.21882,-0.974914,-0.0407543],"extended":false,"handId":689,"id":6893,"length":64.1929,"mcpPosition":[66.5562,300.041,9.12477],"pipPosition":[54.9156,277.117,-27.216],"stabilizedTipPosition":[47.7816,217.925,31.0343],"timeVisible":5.21545,"tipPosition":[47.1324,236.772,-21.9159],"tipVelocity":[-25.9258,-76.267,-82.7076],"tool":false,"touchDistance":-0.159738,"touchZone":"touching","type":3,"width":18.0109},{"bases":[[[0.898328,-0.409819,-0.15829],[0.418269,0.687618,0.593492],[-0.134381,-0.599358,0.789121]],[[0.845547,-0.533442,0.0221377],[0.462678,0.711428,-0.528961],[0.266421,0.457504,0.848357]],[[0.845547,-0.533442,0.0221377],[0.0628379,0.0582559,-0.996322],[0.530191,0.843828,0.0827785]],[[0.845547,-0.533442,0.0221377],[-0.176946,-0.319112,-0.931052],[0.503727,0.783331,-0.364214]]],"btipPosition":[57.8976,245.865,-15.9837],"carpPosition":[78.5029,257.253,54.852],"dipPosition":[66.5485,259.318,-22.2387],"direction":[-0.530191,-0.843828,-0.0827785],"extended":false,"handId":689,"id":6894,"length":50.326,"mcpPosition":[86.2665,291.879,9.262],"pipPosition":[76.8805,275.762,-20.6255],"stabilizedTipPosition":[57.378,229.184,38.438],"timeVisible":5.21545,"tipPosition":[59.6708,248.418,-16.4415],"tipVelocity":[-25.1963,-72.7489,-89.8024],"tool":false,"touchDistance":-0.325911,"touchZone":"touching","type":4,"width":15.9987}],"r":[[0.945771,0.29915,-0.126598],[-0.294357,0.954086,0.0554485],[0.137373,-0.0151765,0.990403]],"s":0.79328,"t":[-23.6415,58.8544,-124.892],"timestamp":523606346787},false],[3,{"currentFrameRate":110.529,"devices":[],"gestures":[],"hands":[{"armBasis":[[0.93878,0.142675,-0.313586],[0.0480911,0.847037,0.529354],[0.341144,-0.512027,0.78832]],"armWidth":63.487,"confidence":0.71705,"direction":[-0.119191,0.695651,-0.708423],"elbow":[155.712,110.981,273.402],"grabStrength":0,"id":689,"palmNormal":[-0.074582,-0.717767,-0.692277],"palmPosition":[49.6866,282.836,21.2829],"palmVelocity":[-24.3715,-74.1839,-82.711],"palmWidth":90.6573,"pinchStrength":0.991192,"r":[[0.945721,0.298925,-0.127494],[-0.294157,0.954164,0.0551629],[0.13814,-0.0146654,0.990304]],"s":0.791768,"sphereCenter":[34.886,264.512,-21.4203],"sphereRadius":46.1158,"stabilizedPalmPosition":[49.5486,284.272,44.0452],"t":[-23.8806,58.1853,-125.624],"timeVisible":5.22429,"type":"right","wrist":[63.9399,248.723,61.3338]}],"id":4266057,"interactionBox":{"center":[0,200,0],"size":[235.247,235.247,147.751]},"pointables":[{"bases":[[[0.44185,0.789676,0.425652],[-0.716929,0.0256232,0.696675],[0.539241,-0.612988,0.577464]],[[0.15394,0.980475,0.122354],[-0.816393,0.0564572,0.57473],[0.556601,-0.188363,0.809145]],[[0.15394,0.980475,0.122354],[-0.978057,0.133613,0.159848],[0.140379,-0.144276,0.97953]],[[0.15394,0.980475,0.122354],[-0.850658,0.194507,-0.488413],[-0.502676,-0.0288951,0.863992]]],"btipPosition":[14.6921,252.728,-33.4615],"carpPosition":[35.422,237.785,60.2035],"dipPosition":[2.97067,252.054,-13.3149],"direction":[-0.140379,0.144276,-0.97953],"extended":false,"handId":689,"id":6890,"length":51.9258,"mcpPosition":[35.422,237.785,60.2035],"pipPosition":[7.73946,247.153,19.9607],"stabilizedTipPosition":[9.82794,242.909,19.8168],"timeVisible":5.22429,"tipPosition":[11.4842,253.492,-28.3924],"tipVelocity":[3.53225,-89.4648,-76.8283],"tool":false,"touchDistance":-0.395422,"touchZone":"touching","type":0,"width":20.176},{"bases":[[[0.955998,0.146057,-0.254429],[0.0316678,0.810815,0.584445],[0.291657,-0.566786,0.770512]],[[0.945138,0.165922,-0.281398],[-0.0174811,0.885862,0.463619],[0.326205,-0.433264,0.840162]],[[0.945138,0.165922,-0.281398],[-0.0883737,0.959154,0.268726],[0.314492,-0.229115,0.921196]],[[0.945138,0.165922,-0.281398],[-0.139691,0.983955,0.110988],[0.295299,-0.06559,0.953151]]],"btipPosition":[-4.38213,326.149,-65.8191],"carpPosition":[43.5603,259.423,65.0332],"dipPosition":[0.644781,325.033,-49.5934],"direction":[-0.314492,0.229115,-0.921196],"extended":true,"handId":689,"id":6891,"length":58.5925,"mcpPosition":[22.1817,300.969,8.5542],"pipPosition":[8.21838,319.515,-27.4092],"stabilizedTipPosition":[0.587179,333.776,-45.0903],"timeVisible":5.22429,"tipPosition":[-2.67041,326.706,-61.9327],"tipVelocity":[-37.1547,-88.4754,-81.9809],"tool":false,"touchDistance":-0.400863,"touchZone":"touching","type":1,"width":19.2721},{"bases":[[[0.967113,-0.0722388,-0.243872],[0.19923,0.811194,0.549792],[0.158111,-0.580298,0.798909]],[[0.972137,-0.0928866,-0.215227],[-0.0372376,0.845294,-0.533002],[0.231439,0.526166,0.818282]],[[0.972137,-0.0928866,-0.215227],[-0.209027,0.0720956,-0.975249],[0.106104,0.993063,0.0506709]],[[0.972137,-0.0928866,-0.215227],[-0.234413,-0.381333,-0.894224],[0.00098828,0.919759,-0.392481]]],"btipPosition":[29.915,232.617,-26.4345],"carpPosition":[55.0451,262.904,62.4844],"dipPosition":[29.9335,249.838,-33.783],"direction":[-0.106104,-0.993063,-0.0506709],"extended":false,"handId":689,"id":6892,"length":66.7614,"mcpPosition":[44.0544,303.242,6.94994],"pipPosition":[32.9397,277.973,-32.3474],"stabilizedTipPosition":[31.9841,221.902,14.1777],"timeVisible":5.22429,"tipPosition":[29.956,236.391,-27.99],"tipVelocity":[-22.575,-82.5643,-59.3061],"tool":false,"touchDistance":-0.301409,"touchZone":"touching","type":2,"width":18.9277},{"bases":[[[0.962051,-0.217791,-0.164395],[0.272756,0.785048,0.556151],[0.00793287,-0.579885,0.81466]],[[0.961812,-0.208784,-0.176993],[0.0794526,0.831768,-0.549407],[0.261924,0.514364,0.816594]],[[0.961812,-0.208784,-0.176993],[-0.164064,0.0778397,-0.983374],[0.219089,0.974859,0.0406134]],[[0.961812,-0.208784,-0.176993],[-0.244174,-0.362304,-0.899508],[0.123677,0.908375,-0.399448]]],"btipPosition":[46.3698,232.703,-21.5261],"carpPosition":[66.8741,263.226,59.3542],"dipPosition":[48.6721,249.613,-28.9621],"direction":[-0.219089,-0.974859,-0.0406134],"extended":false,"handId":689,"id":6893,"length":64.1929,"mcpPosition":[66.3791,299.417,8.5105],"pipPosition":[54.7192,276.52,-27.8412],"stabilizedTipPosition":[47.7629,218.32,29.8864],"timeVisible":5.22429,"tipPosition":[46.9257,236.182,-22.5499],"tipVelocity":[-25.1334,-73.7698,-79.139],"tool":false,"touchDistance":-0.169979,"touchZone":"touching","type":3,"width":18.0109},{"bases":[[[0.898122,-0.410142,-0.158619],[0.418692,0.687281,0.593585],[-0.134438,-0.599524,0.788985]],[[0.845316,-0.533821,0.02183],[0.462971,0.711507,-0.528598],[0.266644,0.456939,0.848592]],[[0.845316,-0.533821,0.02183],[0.0625498,0.0583048,-0.996337],[0.530593,0.843585,0.0826763]],[[0.845316,-0.533821,0.02183],[-0.177553,-0.319227,-0.930897],[0.503901,0.783026,-0.364629]]],"btipPosition":[57.6985,245.263,-16.6041],"carpPosition":[78.3191,256.611,54.2229],"dipPosition":[66.3524,258.71,-22.8662],"direction":[-0.530593,-0.843585,-0.0826763],"extended":false,"handId":689,"id":6894,"length":50.326,"mcpPosition":[86.086,291.247,8.64076],"pipPosition":[76.6922,275.149,-21.255],"stabilizedTipPosition":[57.4062,229.417,37.7499],"timeVisible":5.22429,"tipPosition":[59.4736,247.819,-17.0815],"tipVelocity":[-24.4534,-71.5366,-84.5459],"tool":false,"touchDistance":-0.330983,"touchZone":"touching","type":4,"width":15.9987}],"r":[[0.945721,0.298925,-0.127494],[-0.294157,0.954164,0.0551629],[0.13814,-0.0146654,0.990304]],"s":0.791768,"t":[-23.8806,58.1853,-125.624],"timestamp":523606355627},false],[4,{"currentFrameRate":110.461,"devices":[],"gestures":[],"hands":[{"armBasis":[[0.93857,0.140705,-0.3151],[0.0494009,0.848912,0.52622],[0.341534,-0.509461,0.789813]],"armWidth":63.487,"confidence":0.743117,"direction":[-0.120528,0.69494,-0.708895],"elbow":[155.737,111.107,273.221],"grabStrength":0,"id":689,"palmNormal":[-0.0765495,-0.718481,-0.691322],"palmPosition":[49.5291,282.235,20.6974],"palmVelocity":[-22.3646,-71.7672,-77.4415],"palmWidth":90.6573,"pinchStrength":0.994254,"r":[[0.945649,0.298628,-0.128721],[-0.293881,0.954266,0.0548658],[0.139219,-0.0140552,0.990162]],"s":0.790454,"sphereCenter":[34.5405,263.87,-21.9162],"sphereRadius":46.0979,"stabilizedPalmPosition":[49.5483,284.24,43.6789],"t":[-24.0789,57.5503,-126.283],"timeVisible":5.23347,"type":"right","wrist":[63.8603,248.159,60.7516]}],"id":4266058,"interactionBox":{"center":[0,200,0],"size":[235.247,235.247,147.751]},"pointables":[{"bases":[[[0.443223,0.789927,0.423756],[-0.715276,0.0267182,0.698331],[0.540308,-0.612619,0.576858]],[[0.154545,0.980576,0.120778],[-0.815259,0.0575149,0.576234],[0.558094,-0.18752,0.808311]],[[0.154545,0.980576,0.120778],[-0.977867,0.134364,0.160382],[0.141038,-0.142891,0.979638]],[[0.154545,0.980576,0.120778],[-0.847845,0.194389,-0.493328],[-0.507223,-0.0261598,0.861418]]],"btipPosition":[14.6142,252.023,-33.8669],"carpPosition":[35.3348,237.233,59.7003],"dipPosition":[2.78671,251.413,-13.7804],"direction":[-0.141038,0.142891,-0.979638],"extended":false,"handId":689,"id":6890,"length":51.9258,"mcpPosition":[35.3348,237.233,59.7003],"pipPosition":[7.57791,246.559,19.4988],"stabilizedTipPosition":[9.92876,243.347,17.4224],"timeVisible":5.23347,"tipPosition":[11.3494,252.756,-28.8567],"tipVelocity":[-0.565861,-85.4956,-68.1438],"tool":false,"touchDistance":-0.390502,"touchZone":"touching","type":0,"width":20.176},{"bases":[[[0.955466,0.145328,-0.256835],[0.0334257,0.811432,0.58349],[0.293201,-0.56609,0.770438]],[[0.944277,0.165639,-0.284439],[-0.0166178,0.887043,0.461387],[0.328733,-0.430951,0.840367]],[[0.944277,0.165639,-0.284439],[-0.0880075,0.959746,0.266726],[0.31717,-0.22683,0.920843]],[[0.944277,0.165639,-0.284439],[-0.139695,0.984139,0.109339],[0.298039,-0.0635113,0.952439]]],"btipPosition":[-4.78037,325.358,-66.3476],"carpPosition":[43.4946,258.873,64.4874],"dipPosition":[0.293175,324.277,-50.1341],"direction":[-0.31717,0.22683,-0.920843],"extended":true,"handId":689,"id":6891,"length":58.5925,"mcpPosition":[22.0028,300.367,8.01379],"pipPosition":[7.93126,318.814,-27.9583],"stabilizedTipPosition":[0.340139,333.267,-46.1211],"timeVisible":5.23347,"tipPosition":[-3.06578,325.924,-62.4648],"tipVelocity":[-38.5753,-87.6076,-75.2674],"tool":false,"touchDistance":-0.39708,"touchZone":"touching","type":1,"width":19.2721},{"bases":[[[0.966503,-0.0729624,-0.246067],[0.200907,0.811694,0.548442],[0.159716,-0.579507,0.799163]],[[0.97162,-0.0937483,-0.217178],[-0.038161,0.843966,-0.535037],[0.23345,0.52814,0.816437]],[[0.97162,-0.0937483,-0.217178],[-0.211257,0.0691546,-0.974981],[0.106422,0.993191,0.047387]],[[0.97162,-0.0937483,-0.217178],[-0.236548,-0.383959,-0.892536],[0.000286317,0.918579,-0.395238]]],"btipPosition":[29.641,231.926,-26.7955],"carpPosition":[54.975,262.345,61.9078],"dipPosition":[29.6463,249.125,-34.1956],"direction":[-0.106422,-0.993191,-0.047387],"extended":false,"handId":689,"id":6892,"length":66.7614,"mcpPosition":[43.8727,302.628,6.35563],"pipPosition":[32.6615,277.265,-32.853],"stabilizedTipPosition":[31.8605,222.639,11.9263],"timeVisible":5.23347,"tipPosition":[29.6701,235.726,-28.4134],"tipVelocity":[-24.7047,-80.6777,-54.1006],"tool":false,"touchDistance":-0.305195,"touchZone":"touching","type":2,"width":18.9277},{"bases":[[[0.961558,-0.218426,-0.166421],[0.274434,0.78552,0.554656],[0.0095751,-0.579006,0.815267]],[[0.961285,-0.209206,-0.179344],[0.0778443,0.830505,-0.551545],[0.264332,0.516231,0.814637]],[[0.961285,-0.209206,-0.179344],[-0.16735,0.0738375,-0.983129],[0.218919,0.97508,0.0359684]],[[0.961285,-0.209206,-0.179344],[-0.247109,-0.366475,-0.897013],[0.121936,0.906603,-0.403984]]],"btipPosition":[46.1199,232.024,-21.8691],"carpPosition":[66.7968,262.658,58.7494],"dipPosition":[48.3898,248.901,-29.3895],"direction":[-0.218919,-0.97508,-0.0359684],"extended":false,"handId":689,"id":6893,"length":64.1929,"mcpPosition":[66.1992,298.794,7.86783],"pipPosition":[54.4321,275.814,-28.3967],"stabilizedTipPosition":[47.7346,218.764,28.5375],"timeVisible":5.23347,"tipPosition":[46.6588,235.536,-23.0147],"tipVelocity":[-25.9487,-74.0714,-68.0788],"tool":false,"touchDistance":-0.176018,"touchZone":"touching","type":3,"width":18.0109},{"bases":[[[0.897553,-0.41074,-0.160286],[0.420411,0.687724,0.591853],[-0.132865,-0.598606,0.789948]],[[0.845062,-0.534273,0.0205437],[0.462374,0.710966,-0.529847],[0.268477,0.457252,0.847844]],[[0.845062,-0.534273,0.0205437],[0.0602342,0.0569534,-0.996558],[0.531265,0.843391,0.0803107]],[[0.845062,-0.534273,0.0205437],[-0.180243,-0.320844,-0.929824],[0.503371,0.782056,-0.367432]]],"btipPosition":[57.4465,244.64,-17.1637],"carpPosition":[78.2265,256.032,53.5984],"dipPosition":[66.0912,258.071,-23.4739],"direction":[-0.531265,-0.843391,-0.0803107],"extended":false,"handId":689,"id":6894,"length":50.326,"mcpPosition":[85.9026,290.615,7.9606],"pipPosition":[76.4441,274.506,-21.9089],"stabilizedTipPosition":[57.4355,229.681,36.9365],"timeVisible":5.23347,"tipPosition":[59.2217,247.198,-17.6733],"tipVelocity":[-25.3604,-70.6318,-78.3139],"tool":false,"touchDistance":-0.334778,"touchZone":"touching","type":4,"width":15.9987}],"r":[[0.945649,0.298628,-0.128721],[-0.293881,0.954266,0.0548658],[0.139219,-0.0140552,0.990162]],"s":0.790454,"t":[-24.0789,57.5503,-126.283],"timestamp":523606364800},false],[5,{"currentFrameRate":110.543,"devices":[],"gestures":[],"hands":[{"armBasis":[[0.938916,0.138024,-0.315256],[0.0511343,0.849933,0.524404],[0.340326,-0.508492,0.790958]],"armWidth":63.487,"confidence":0.672652,"direction":[-0.121983,0.693373,-0.710179],"elbow":[155.371,110.855,273.022],"grabStrength":0,"id":689,"palmNormal":[-0.0785953,-0.720023,-0.689485],"palmPosition":[49.4032,281.637,20.1478],"palmVelocity":[-20.1275,-70.5274,-73.171],"palmWidth":90.6573,"pinchStrength":0.995446,"r":[[0.945553,0.298244,-0.13031],[-0.293546,0.954399,0.054338],[0.140573,-0.0131276,0.989983]],"s":0.789338,"sphereCenter":[34.2957,263.148,-22.3821],"sphereRadius":46.0828,"stabilizedPalmPosition":[49.5458,284.195,43.2678],"t":[-24.241,56.9336,-126.887],"timeVisible":5.24237,"type":"right","wrist":[63.819,247.646,60.244]}],"id":4266059,"interactionBox":{"center":[0,200,0],"size":[235.247,235.247,147.751]},"pointables":[{"bases":[[[0.444633,0.790691,0.420843],[-0.713521,0.0286387,0.700048],[0.541469,-0.611545,0.576908]],[[0.155296,0.980776,0.118162],[-0.814023,0.0592806,0.577799],[0.559686,-0.185917,0.80758]],[[0.155296,0.980776,0.118162],[-0.977422,0.135202,0.162379],[0.143282,-0.140711,0.979628]],[[0.155296,0.980776,0.118162],[-0.847869,0.193714,-0.493551],[-0.506952,-0.0235393,0.861653]]],"btipPosition":[14.4036,251.306,-34.2473],"carpPosition":[35.2859,236.73,59.2887],"dipPosition":[2.58248,250.757,-14.1552],"direction":[-0.143282,0.140711,-0.979628],"extended":false,"handId":689,"id":6890,"length":51.9258,"mcpPosition":[35.2859,236.73,59.2887],"pipPosition":[7.44991,245.977,19.1236],"stabilizedTipPosition":[10.0221,243.764,14.9209],"timeVisible":5.24237,"tipPosition":[11.14,252.026,-29.2528],"tipVelocity":[-6.80175,-83.735,-61.1927],"tool":false,"touchDistance":-0.385472,"touchZone":"touching","type":0,"width":20.176},{"bases":[[[0.954888,0.144306,-0.259546],[0.0352446,0.812748,0.581549],[0.294866,-0.564462,0.770997]],[[0.943341,0.165063,-0.287856],[-0.0159749,0.889082,0.457469],[0.331439,-0.426951,0.841345]],[[0.943341,0.165063,-0.287856],[-0.0880095,0.960889,0.262577],[0.31994,-0.222366,0.920973]],[[0.943341,0.165063,-0.287856],[-0.140146,0.984519,0.105269],[0.300776,-0.0589622,0.95187]]],"btipPosition":[-5.15875,324.387,-66.9053],"carpPosition":[43.4674,258.377,64.006],"dipPosition":[-0.038602,323.384,-50.7015],"direction":[-0.31994,0.222366,-0.920973],"extended":true,"handId":689,"id":6891,"length":58.5925,"mcpPosition":[21.8535,299.753,7.49144],"pipPosition":[7.66619,318.028,-28.5226],"stabilizedTipPosition":[0.0537462,332.663,-47.2516],"timeVisible":5.24237,"tipPosition":[-3.44679,324.988,-63.0197],"tipVelocity":[-39.3178,-92.9037,-71.9048],"tool":false,"touchDistance":-0.394104,"touchZone":"touching","type":1,"width":19.2721},{"bases":[[[0.965853,-0.0739639,-0.248307],[0.202638,0.812854,0.546083],[0.161447,-0.577753,0.800085]],[[0.97104,-0.0947166,-0.219341],[-0.0390478,0.8428,-0.536808],[0.235705,0.529827,0.814694]],[[0.97104,-0.0947166,-0.219341],[-0.213623,0.0669165,-0.974622],[0.10699,0.993253,0.044745]],[[0.97104,-0.0947166,-0.219341],[-0.238918,-0.386092,-0.890983],[-0.000294858,0.917585,-0.39754]]],"btipPosition":[29.375,231.234,-27.1758],"carpPosition":[54.9429,261.838,61.3899],"dipPosition":[29.3695,248.414,-34.6191],"direction":[-0.10699,-0.993253,-0.0447449],"extended":false,"handId":689,"id":6892,"length":66.7614,"mcpPosition":[43.7203,302,5.77364],"pipPosition":[32.4008,276.555,-33.3513],"stabilizedTipPosition":[31.7146,223.376,9.53052],"timeVisible":5.24237,"tipPosition":[29.4011,235.029,-28.8058],"tipVelocity":[-26.1892,-80.0292,-51.3107],"tool":false,"touchDistance":-0.308863,"touchZone":"touching","type":2,"width":18.9277},{"bases":[[[0.961042,-0.219243,-0.168316],[0.276169,0.78666,0.552174],[0.0113472,-0.577146,0.816562]],[[0.960731,-0.209838,-0.18156],[0.0758215,0.827936,-0.555674],[0.266922,0.520087,0.811334]],[[0.960731,-0.209838,-0.18156],[-0.171001,0.0675715,-0.982951],[0.218529,0.975398,0.0290356]],[[0.960731,-0.209838,-0.18156],[-0.25023,-0.372393,-0.893705],[0.119921,0.904042,-0.410278]]],"btipPosition":[45.9024,231.256,-22.0423],"carpPosition":[66.7569,262.139,58.2014],"dipPosition":[48.1349,248.085,-29.6799],"direction":[-0.218529,-0.975398,-0.0290356],"extended":false,"handId":689,"id":6893,"length":64.1929,"mcpPosition":[66.0488,298.159,7.23896],"pipPosition":[54.1664,275.007,-28.8785],"stabilizedTipPosition":[47.6951,219.255,26.9668],"timeVisible":5.24237,"tipPosition":[46.4222,234.817,-23.3432],"tipVelocity":[-25.7997,-77.7264,-55.6795],"tool":false,"touchDistance":-0.179356,"touchZone":"touching","type":3,"width":18.0109},{"bases":[[[0.896966,-0.411513,-0.161583],[0.422194,0.688883,0.58923],[-0.131165,-0.596739,0.791643]],[[0.844813,-0.534695,0.0198007],[0.461614,0.709633,-0.532291],[0.270563,0.458827,0.84633]],[[0.844813,-0.534695,0.0198007],[0.0576797,0.0542178,-0.996862],[0.531944,0.843304,0.0766449]],[[0.844813,-0.534695,0.0198007],[-0.18308,-0.32364,-0.928299],[0.502765,0.780614,-0.371307]]],"btipPosition":[57.2162,243.967,-17.6316],"carpPosition":[78.1708,255.496,53.037],"dipPosition":[65.8506,257.373,-24.0084],"direction":[-0.531944,-0.843304,-0.0766449],"extended":false,"handId":689,"id":6894,"length":50.326,"mcpPosition":[85.7486,289.971,7.30132],"pipPosition":[76.2167,273.807,-22.5148],"stabilizedTipPosition":[57.4645,229.967,36.016],"timeVisible":5.24237,"tipPosition":[58.9928,246.527,-18.1783],"tipVelocity":[-25.5719,-72.157,-71.7786],"tool":false,"touchDistance":-0.336882,"touchZone":"touching","type":4,"width":15.9987}],"r":[[0.945553,0.298244,-0.13031],[-0.293546,0.954399,0.054338],[0.140573,-0.0131276,0.989983]],"s":0.789338,"t":[-24.241,56.9336,-126.887],"timestamp":523606373701},false],[6,{"currentFrameRate":110.479,"devices":[],"gestures":[],"hands":[{"armBasis":[[0.938834,0.137727,-0.31563],[0.0510842,0.850704,0.523157],[0.340561,-0.507281,0.791634]],"armWidth":63.487,"confidence":0.702783,"direction":[-0.123736,0.692901,-0.710336],"elbow":[155.418,110.644,272.741],"grabStrength":0,"id":689,"palmNormal":[-0.0790446,-0.720445,-0.688993],"palmPosition":[49.2928,281.066,19.6908],"palmVelocity":[-17.8739,-68.2186,-66.6728],"palmWidth":90.6573,"pinchStrength":1,"r":[[0.945378,0.298093,-0.131911],[-0.293434,0.954458,0.0539117],[0.141975,-0.0122597,0.989794]],"s":0.787944,"sphereCenter":[34.0545,262.538,-22.7715],"sphereRadius":46.0555,"stabilizedPalmPosition":[49.5405,284.13,42.7803],"t":[-24.3773,56.3401,-127.417],"timeVisible":5.25153,"type":"right","wrist":[63.8029,247.109,59.7812]}],"id":4266060,"interactionBox":{"center":[0,200,0],"size":[235.247,235.247,147.751]},"pointables":[{"bases":[[[0.444591,0.791305,0.419733],[-0.712432,0.0283548,0.701168],[0.542936,-0.610764,0.576357]],[[0.154326,0.981052,0.117132],[-0.814035,0.0590666,0.577804],[0.559937,-0.18452,0.807727]],[[0.154326,0.981052,0.117132],[-0.977667,0.134514,0.161474],[0.142658,-0.139436,0.979901]],[[0.154326,0.981052,0.117132],[-0.843469,0.192557,-0.501479],[-0.514532,-0.0214061,0.857204]]],"btipPosition":[14.5813,250.58,-34.5719],"carpPosition":[35.2782,236.167,58.8769],"dipPosition":[2.58345,250.081,-14.5836],"direction":[-0.142658,0.139436,-0.979901],"extended":false,"handId":689,"id":6890,"length":51.9258,"mcpPosition":[35.2782,236.167,58.8769],"pipPosition":[7.42968,245.344,18.7046],"stabilizedTipPosition":[10.1336,244.179,12.1396],"timeVisible":5.25153,"tipPosition":[11.208,251.276,-29.6379],"tipVelocity":[-0.735443,-82.1188,-54.7319],"tool":false,"touchDistance":-0.380485,"touchZone":"touching","type":0,"width":20.176},{"bases":[[[0.954344,0.145031,-0.261139],[0.0354389,0.813075,0.581079],[0.2966,-0.563804,0.770814]],[[0.942462,0.166221,-0.290064],[-0.0167293,0.889998,0.455657],[0.333896,-0.424587,0.84157]],[[0.942462,0.166221,-0.290064],[-0.0893077,0.961283,0.260688],[0.322165,-0.219784,0.920817]],[[0.942462,0.166221,-0.290064],[-0.141786,0.984475,0.103467],[0.302759,-0.0563864,0.951398]]],"btipPosition":[-5.49801,323.578,-67.3255],"carpPosition":[43.4477,257.824,63.5702],"dipPosition":[-0.344117,322.618,-51.1297],"direction":[-0.322165,0.219784,-0.920817],"extended":true,"handId":689,"id":6891,"length":58.5925,"mcpPosition":[21.7068,299.151,7.06906],"pipPosition":[7.41427,317.326,-28.9546],"stabilizedTipPosition":[-0.293417,331.923,-48.5515],"timeVisible":5.25153,"tipPosition":[-3.7899,324.194,-63.4408],"tipVelocity":[-38.4403,-91.3032,-64.6961],"tool":false,"touchDistance":-0.389358,"touchZone":"touching","type":1,"width":19.2721},{"bases":[[[0.965523,-0.073223,-0.249806],[0.202775,0.813314,0.545347],[0.163239,-0.5772,0.800121]],[[0.970792,-0.0940347,-0.220727],[-0.0405514,0.842446,-0.537253],[0.236471,0.530511,0.814027]],[[0.970792,-0.0940347,-0.220727],[-0.215174,0.0657055,-0.974363],[0.106127,0.993398,0.0435525]],[[0.970792,-0.0940347,-0.220727],[-0.239916,-0.387431,-0.890134],[-0.00181299,0.91709,-0.398675]]],"btipPosition":[29.2395,230.623,-27.5471],"carpPosition":[54.9159,261.294,60.934],"dipPosition":[29.2056,247.794,-35.0116],"direction":[-0.106127,-0.993398,-0.0435525],"extended":false,"handId":689,"id":6892,"length":66.7614,"mcpPosition":[43.5687,301.417,5.31532],"pipPosition":[32.2124,275.939,-33.7776],"stabilizedTipPosition":[31.5463,224.134,6.90203],"timeVisible":5.25153,"tipPosition":[29.2569,234.42,-29.1936],"tipVelocity":[-23.2065,-76.358,-48.4465],"tool":false,"touchDistance":-0.311952,"touchZone":"touching","type":2,"width":18.9277},{"bases":[[[0.96097,-0.218466,-0.169734],[0.27634,0.78719,0.551334],[0.013165,-0.576719,0.816836]],[[0.960626,-0.209014,-0.183058],[0.0741832,0.82788,-0.555978],[0.267757,0.520507,0.810789]],[[0.960626,-0.209014,-0.183058],[-0.172693,0.0669654,-0.982697],[0.217655,0.975617,0.0282336]],[[0.960626,-0.209014,-0.183058],[-0.25138,-0.373201,-0.893045],[0.118341,0.9039,-0.411049]]],"btipPosition":[45.773,230.672,-22.4735],"carpPosition":[66.7246,261.603,57.7266],"dipPosition":[47.976,247.498,-30.1255],"direction":[-0.217655,-0.975617,-0.0282336],"extended":false,"handId":689,"id":6893,"length":64.1929,"mcpPosition":[65.9029,297.597,6.74706],"pipPosition":[53.9834,274.426,-29.3462],"stabilizedTipPosition":[47.6435,219.812,25.1002],"timeVisible":5.25153,"tipPosition":[46.2859,234.233,-23.7815],"tipVelocity":[-22.7505,-73.8462,-53.3724],"tool":false,"touchDistance":-0.186597,"touchZone":"touching","type":3,"width":18.0109},{"bases":[[[0.897077,-0.41079,-0.162801],[0.422512,0.689562,0.588207],[-0.129369,-0.596453,0.792154]],[[0.845263,-0.534018,0.0188793],[0.460403,0.709901,-0.532982],[0.271219,0.459202,0.845916]],[[0.845263,-0.534018,0.0188793],[0.0560589,0.0534849,-0.996994],[0.531402,0.84378,0.0751452]],[[0.845263,-0.534018,0.0188793],[-0.184525,-0.324866,-0.927585],[0.50148,0.780569,-0.373136]]],"btipPosition":[57.0873,243.401,-18.0755],"carpPosition":[78.1362,254.968,52.5475],"dipPosition":[65.6996,256.806,-24.4837],"direction":[-0.531402,-0.84378,-0.0751452],"extended":false,"handId":689,"id":6894,"length":50.326,"mcpPosition":[85.6102,289.427,6.78224],"pipPosition":[76.0552,273.249,-23.0193],"stabilizedTipPosition":[57.496,230.292,34.9223],"timeVisible":5.25153,"tipPosition":[58.8617,245.965,-18.648],"tipVelocity":[-22.5174,-69.2661,-65.4883],"tool":false,"touchDistance":-0.338294,"touchZone":"touching","type":4,"