{"sensorType":"Leap","data":[[0,{"currentFrameRate":110.652,"devices":[],"gestures":[],"hands":[{"armBasis":[[0.886367,0.462594,-0.0190162],[0.364048,-0.721745,-0.588688],[0.286048,-0.514871,0.808137]],"armWidth":63.72,"confidence":0.498749,"direction":[0.105712,0.154128,-0.98238],"elbow":[153.701,120.848,277.039],"grabStrength":0.839305,"id":687,"palmNormal":[-0.359999,0.926834,0.106674],"palmPosition":[73.555,269.58,5.08468],"palmVelocity":[-45.7401,113.099,-105.273],"palmWidth":90.99,"pinchStrength":0.0736741,"r":[[0.838061,0.212894,0.502325],[0.228749,0.698769,-0.677787],[-0.495306,0.682933,0.536912]],"s":1.12312,"sphereCenter":[45.9713,308.191,-7.9798],"sphereRadius":44.3067,"stabilizedPalmPosition":[57.919,253.002,43.4313],"t":[112.541,28.4128,-262.155],"timeVisible":5.63086,"type":"left","wrist":[76.4676,259.863,58.8422]}],"id":4264342,"interactionBox":{"center":[0,200,0],"size":[235.247,235.247,147.751]},"pointables":[{"bases":[[[0.715621,-0.661138,-0.225353],[-0.626258,-0.750188,0.212176],[0.309335,0.0107078,0.950893]],[[0.710467,-0.661225,-0.240872],[-0.532484,-0.728895,0.430317],[0.460107,0.177466,0.869947]],[[0.710467,-0.661225,-0.240872],[-0.70373,-0.667146,-0.244295],[-0.00083715,-0.343072,0.939309]],[[0.710467,-0.661225,-0.240872],[-0.592948,-0.378124,-0.710939],[-0.379011,-0.647923,0.660716]]],"btipPosition":[31.7239,277.587,-31.9341],"carpPosition":[45.7925,259.585,58.981],"dipPosition":[22.8536,262.423,-16.471],"direction":[0.00083715,0.343072,-0.939309],"extended":false,"handId":687,"id":6870,"length":52.1164,"mcpPosition":[45.7925,259.585,58.981],"pipPosition":[22.8251,250.726,15.5553],"stabilizedTipPosition":[-38.8861,271.802,145.036],"timeVisible":5.63086,"tipPosition":[29.5038,275.936,-27.9765],"tipVelocity":[-40.0469,49.4566,-86.7329],"tool":false,"touchDistance":-0.464829,"touchZone":"hovering","type":0,"width":20.25},{"bases":[[[0.931534,0.363397,-0.0136589],[0.348388,-0.902569,-0.252974],[0.104258,-0.230895,0.967377]],[[0.917642,0.383459,-0.10437],[0.0653804,-0.404715,-0.912103],[0.391994,-0.83016,0.396454]],[[0.917642,0.383459,-0.10437],[0.0180239,-0.302513,-0.952975],[0.397,-0.872608,0.28451]],[[0.917642,0.383459,-0.10437],[-0.00899122,-0.242526,-0.970103],[0.397307,-0.891146,0.219104]]],"btipPosition":[20.5439,334.842,-51.2014],"carpPosition":[61.439,245.873,47.6209],"dipPosition":[27.3321,319.617,-47.4579],"direction":[-0.397,0.872608,-0.28451],"extended":false,"handId":687,"id":6871,"length":58.8075,"mcpPosition":[53.7688,262.86,-23.5486],"pipPosition":[36.9278,298.525,-40.5812],"stabilizedTipPosition":[-31.0729,295.835,86.0977],"timeVisible":5.63086,"tipPosition":[22.1484,331.814,-48.6417],"tipVelocity":[-68.2279,111.862,-121.782],"tool":false,"touchDistance":-0.474979,"touchZone":"hovering","type":1,"width":19.3428},{"bases":[[[0.863924,0.477367,0.16049],[0.503064,-0.832989,-0.230341],[-0.0237292,-0.279734,0.959784]],[[0.864148,0.480725,0.148835],[0.114581,0.100034,-0.988365],[0.49002,-0.871147,-0.0313626]],[[0.864148,0.480725,0.148835],[-0.401959,0.837303,-0.370612],[0.302783,-0.260438,-0.916785]],[[0.864148,0.480725,0.148835],[-0.498842,0.857283,0.127363],[0.0663673,0.184306,-0.980626]]],"btipPosition":[41.4967,314.347,25.5015],"carpPosition":[73.3175,248.899,46.4541],"dipPosition":[42.7438,317.811,7.07361],"direction":[-0.302783,0.260438,0.916785],"extended":false,"handId":687,"id":6872,"length":67.0064,"mcpPosition":[74.973,268.415,-20.5081],"pipPosition":[51.3539,310.405,-18.9965],"stabilizedTipPosition":[10.4934,288.193,97.6843],"timeVisible":5.63086,"tipPosition":[41.9493,314.716,21.9124],"tipVelocity":[-32.8261,123.604,-89.2088],"tool":false,"touchDistance":0.333333,"touchZone":"none","type":2,"width":18.9972},{"bases":[[[0.810618,0.492425,0.316886],[0.562489,-0.805247,-0.187573],[-0.162805,-0.330295,0.929731]],[[0.810264,0.491711,0.318891],[0.273264,0.164377,-0.947791],[0.518458,-0.855102,0.00117799]],[[0.810264,0.491711,0.318891],[-0.363856,0.848617,-0.384002],[0.459435,-0.195113,-0.866516]],[[0.810264,0.491711,0.318891],[-0.542382,0.835278,0.0901794],[0.22202,0.24603,-0.943491]]],"btipPosition":[54.5093,313.917,30.7627],"carpPosition":[84.3512,254.214,47.4212],"dipPosition":[58.6576,318.514,13.1345],"direction":[-0.459435,0.195113,0.866516],"extended":false,"handId":687,"id":6873,"length":64.4285,"mcpPosition":[94.5493,274.904,-10.8171],"pipPosition":[71.3848,313.109,-10.8697],"stabilizedTipPosition":[27.851,290.583,93.6393],"timeVisible":5.63086,"tipPosition":[55.4519,314.499,27.2298],"tipVelocity":[-26.6106,116.364,-89.556],"tool":false,"touchDistance":0.333333,"touchZone":"none","type":3,"width":18.077},{"bases":[[[0.682169,0.577123,0.448969],[0.665114,-0.74485,-0.0531211],[-0.303758,-0.334853,0.891967]],[[0.67716,0.571624,0.463357],[0.436293,0.19517,-0.878383],[0.592539,-0.796966,0.117234]],[[0.67716,0.571624,0.463357],[-0.365996,0.807932,-0.461837],[0.638358,-0.143151,-0.756311]],[[0.67716,0.571624,0.463357],[-0.631152,0.77493,-0.0336202],[0.378287,0.269682,-0.885534]]],"btipPosition":[70.0844,310.597,26.5306],"carpPosition":[92.4286,264.849,52.3405],"dipPosition":[76.6048,315.246,11.2669],"direction":[-0.638358,0.143151,0.756311],"extended":false,"handId":687,"id":6874,"length":50.5107,"mcpPosition":[110.042,284.266,0.619646],"pipPosition":[89.0904,312.446,-3.52567],"stabilizedTipPosition":[48.6205,289.841,76.7992],"timeVisible":5.63086,"tipPosition":[71.6222,311.527,23.2166],"tipVelocity":[-29.3888,112.517,-98.3781],"tool":false,"touchDistance":0.333333,"touchZone":"none","type":4,"width":16.0574}],"r":[[0.838061,0.212894,0.502325],[0.228749,0.698769,-0.677787],[-0.495306,0.682933,0.536912]],"s":1.12312,"t":[112.541,28.4128,-262.155],"timestamp":523590252579},false],[1,{"currentFrameRate":110.609,"devices":[],"gestures":[],"hands":[{"armBasis":[[0.887695,0.45993,-0.0214929],[0.361668,-0.725411,-0.585641],[0.284945,-0.512097,0.810286]],"armWidth":63.72,"confidence":0.501183,"direction":[0.100707,0.158309,-0.982241],"elbow":[153.141,122.275,276.844],"grabStrength":0.825887,"id":687,"palmNormal":[-0.359088,0.926498,0.112508],"palmPosition":[73.0203,270.491,4.36744],"palmVelocity":[-49.3236,109.431,-97.8881],"palmWidth":90.99,"pinchStrength":0.0618168,"r":[[0.840437,0.211138,0.499085],[0.226028,0.700462,-0.676952],[-0.49252,0.681743,0.540972]],"s":1.12735,"sphereCenter":[45.0303,309.016,-8.49763],"sphereRadius":44.4512,"stabilizedPalmPosition":[59.5039,254.837,39.3315],"t":[111.972,29.3947,-263.04],"timeVisible":5.63998,"type":"left","wrist":[76.2062,260.542,58.067]}],"id":4264343,"interactionBox":{"center":[0,200,0],"size":[235.247,235.247,147.751]},"pointables":[{"bases":[[[0.714195,-0.660423,-0.231877],[-0.625445,-0.750866,0.212178],[0.314235,0.00651011,0.949323]],[[0.71092,-0.660455,-0.241643],[-0.529943,-0.728973,0.433311],[0.462334,0.179993,0.868245]],[[0.71092,-0.660455,-0.241643],[-0.70327,-0.668483,-0.241953],[0.00173545,-0.341949,0.939717]],[[0.71092,-0.660455,-0.241643],[-0.590963,-0.37475,-0.71437],[-0.381254,-0.650663,0.656722]]],"btipPosition":[31.3171,278.176,-32.3879],"carpPosition":[45.5321,260.274,58.3627],"dipPosition":[22.3943,262.948,-17.0182],"direction":[-0.00173545,0.341949,-0.939717],"extended":false,"handId":687,"id":6870,"length":52.1164,"mcpPosition":[45.5321,260.274,58.3627],"pipPosition":[22.4535,251.289,15.022],"stabilizedTipPosition":[-38.7912,271.806,144.794],"timeVisible":5.63998,"tipPosition":[29.0135,276.465,-28.4841],"tipVelocity":[-41.6845,53.2118,-77.1257],"tool":false,"touchDistance":-0.453808,"touchZone":"hovering","type":0,"width":20.25},{"bases":[[[0.931591,0.363114,-0.0169004],[0.346732,-0.9016,-0.258641],[0.109153,-0.235087,0.965826]],[[0.917163,0.383648,-0.107822],[0.0634144,-0.407617,-0.910948],[0.393434,-0.828651,0.39818]],[[0.917163,0.383648,-0.107822],[0.0153281,-0.304323,-0.952446],[0.398217,-0.871896,0.284994]],[[0.917163,0.383648,-0.107822],[-0.0121917,-0.243422,-0.969844],[0.398325,-0.89082,0.218581]]],"btipPosition":[19.7507,335.796,-51.9218],"carpPosition":[61.1146,246.605,46.8634],"dipPosition":[26.5563,320.575,-48.1872],"direction":[-0.398217,0.871896,-0.284994],"extended":false,"handId":687,"id":6871,"length":58.8075,"mcpPosition":[53.0842,263.9,-24.192],"pipPosition":[36.1813,299.501,-41.2988],"stabilizedTipPosition":[-29.8741,296.669,82.9589],"timeVisible":5.63998,"tipPosition":[21.3617,332.777,-49.368],"tipVelocity":[-73.3197,109.875,-109.972],"tool":false,"touchDistance":-0.466651,"touchZone":"hovering","type":1,"width":19.3428},{"bases":[[[0.864923,0.476359,0.158083],[0.501549,-0.832174,-0.236507],[-0.01889,-0.283847,0.958684]],[[0.865089,0.479792,0.146357],[0.11017,0.102914,-0.98857],[0.48937,-0.871326,-0.0361712]],[[0.865089,0.479792,0.146357],[-0.403129,0.838614,-0.366352],[0.29851,-0.257926,-0.918894]],[[0.865089,0.479792,0.146357],[-0.497789,0.857115,0.132517],[0.0618638,0.187494,-0.980316]]],"btipPosition":[41.067,315.245,25.0585],"carpPosition":[72.9881,249.632,45.6483],"dipPosition":[42.2296,318.768,6.63638],"direction":[-0.29851,0.257926,0.918894],"extended":false,"handId":687,"id":6872,"length":67.0064,"mcpPosition":[74.306,269.435,-21.2371],"pipPosition":[50.7181,311.434,-19.4937],"stabilizedTipPosition":[12.5158,290.02,92.6438],"timeVisible":5.63998,"tipPosition":[41.5015,315.622,21.4685],"tipVelocity":[-37.3876,117.036,-77.894],"tool":false,"touchDistance":0.333333,"touchZone":"none","type":2,"width":18.9972},{"bases":[[[0.812429,0.490765,0.314814],[0.561205,-0.804638,-0.193927],[-0.158139,-0.334227,0.929131]],[[0.812118,0.490108,0.316637],[0.268859,0.167303,-0.948538],[0.517861,-0.855455,-0.00409962]],[[0.812118,0.490108,0.316637],[-0.365058,0.850109,-0.379536],[0.455189,-0.192637,-0.869306]],[[0.812118,0.490108,0.316637],[-0.541415,0.835288,0.0957267],[0.217567,0.249173,-0.943704]]],"btipPosition":[54.1219,314.777,30.2775],"carpPosition":[84.0286,254.939,46.5814],"dipPosition":[58.187,319.433,12.6453],"direction":[-0.455189,0.192637,0.869306],"extended":false,"handId":687,"id":6873,"length":64.4285,"mcpPosition":[93.9344,275.875,-11.6194],"pipPosition":[70.7966,314.096,-11.4362],"stabilizedTipPosition":[29.6881,292.289,89.0871],"timeVisible":5.63998,"tipPosition":[55.0488,315.37,26.7423],"tipVelocity":[-31.6019,110.651,-79.4963],"tool":false,"touchDistance":0.333333,"touchZone":"none","type":3,"width":18.077},{"bases":[[[0.684696,0.574942,0.447921],[0.664544,-0.744856,-0.0597477],[-0.299285,-0.338572,0.892075]],[[0.679778,0.569404,0.462256],[0.43286,0.197315,-0.879601],[0.592059,-0.798026,0.112342]],[[0.679778,0.569404,0.462256],[-0.366913,0.809761,-0.457888],[0.63504,-0.141655,-0.75938]],[[0.679778,0.569404,0.462256],[-0.630527,0.775655,-0.0282149],[0.374617,0.272285,-0.886298]]],"btipPosition":[69.677,311.477,25.9346],"carpPosition":[92.1354,265.55,51.5046],"dipPosition":[76.1341,316.171,10.6577],"direction":[-0.63504,0.141655,0.75938],"extended":false,"handId":687,"id":6874,"length":50.5107,"mcpPosition":[109.489,285.182,-0.22253],"pipPosition":[88.5548,313.4,-4.19486],"stabilizedTipPosition":[50.0656,291.298,73.3132],"timeVisible":5.63998,"tipPosition":[71.1984,312.401,22.6355],"tipVelocity":[-34.079,108.387,-89.3082],"tool":false,"touchDistance":0.333333,"touchZone":"none","type":4,"width":16.0574}],"r":[[0.840437,0.211138,0.499085],[0.226028,0.700462,-0.676952],[-0.49252,0.681743,0.540972]],"s":1.12735,"t":[111.972,29.3947,-263.04],"timestamp":523590261696},false],[2,{"currentFrameRate":110.628,"devices":[],"gestures":[],"hands":[{"armBasis":[[0.888485,0.45827,-0.024134],[0.359661,-0.72804,-0.583611],[0.285022,-0.50985,0.811675]],"armWidth":63.72,"confidence":0.504117,"direction":[0.0963475,0.161657,-0.982132],"elbow":[152.931,123.161,276.839],"grabStrength":0.812373,"id":687,"palmNormal":[-0.358447,0.926154,0.117279],"palmPosition":[72.5513,270.954,4.036],"palmVelocity":[-50.0803,93.5054,-81.1056],"palmWidth":90.99,"pinchStrength":0.0487876,"r":[[0.842776,0.209375,0.495874],[0.223271,0.702273,-0.67599],[-0.489774,0.680423,0.545111]],"s":1.13153,"sphereCenter":[44.1506,309.37,-8.68504],"sphereRadius":44.6102,"stabilizedPalmPosition":[60.9663,256.644,35.3755],"t":[111.454,30.1174,-263.649],"timeVisible":5.64898,"type":"left","wrist":[75.9753,260.821,57.6864]}],"id":4264344,"interactionBox":{"center":[0,200,0],"size":[235.247,235.247,147.751]},"pointables":[{"bases":[[[0.713057,-0.659719,-0.23732],[-0.624602,-0.751506,0.212394],[0.318468,0.00321891,0.947928]],[[0.711844,-0.659726,-0.240913],[-0.527434,-0.728647,0.436906],[0.463779,0.183944,0.866645]],[[0.711844,-0.659726,-0.240913],[-0.702325,-0.670653,-0.238669],[0.00411277,-0.339095,0.940743]],[[0.711844,-0.659726,-0.240913],[-0.589551,-0.374851,-0.715483],[-0.381716,-0.651343,0.655778]]],"btipPosition":[30.9453,278.18,-32.5655],"carpPosition":[45.3027,260.556,58.1181],"dipPosition":[22.0118,262.936,-17.218],"direction":[-0.00411277,0.339095,-0.940743],"extended":false,"handId":687,"id":6870,"length":52.1164,"mcpPosition":[45.3027,260.556,58.1181],"pipPosition":[22.152,251.374,14.8572],"stabilizedTipPosition":[-38.645,271.812,144.418],"timeVisible":5.64898,"tipPosition":[28.5941,276.45,-28.6779],"tipVelocity":[-41.6488,38.5929,-61.5113],"tool":false,"touchDistance":-0.439501,"touchZone":"hovering","type":0,"width":20.25},{"bases":[[[0.93156,0.363048,-0.0198132],[0.345443,-0.900754,-0.263269],[0.113426,-0.238407,0.964519]],[[0.916611,0.384014,-0.111163],[0.0620736,-0.411397,-0.90934],[0.394932,-0.826611,0.400928]],[[0.916611,0.384014,-0.111163],[0.0128779,-0.306278,-0.951855],[0.399573,-0.871049,0.285683]],[[0.916611,0.384014,-0.111163],[-0.0153721,-0.244,-0.969653],[0.399485,-0.890504,0.21775]]],"btipPosition":[19.0365,336.246,-52.3069],"carpPosition":[60.8317,246.925,46.5026],"dipPosition":[25.862,321.031,-48.5865],"direction":[-0.399573,0.871049,-0.285683],"extended":false,"handId":687,"id":6871,"length":58.8075,"mcpPosition":[52.487,264.464,-24.4566],"pipPosition":[35.5198,299.978,-41.6815],"stabilizedTipPosition":[-28.4735,297.67,79.2296],"timeVisible":5.64898,"tipPosition":[20.6565,333.238,-49.7623],"tipVelocity":[-74.8225,93.4662,-91.607],"tool":false,"touchDistance":-0.454145,"touchZone":"hovering","type":1,"width":19.3428},{"bases":[[[0.865689,0.475702,0.155852],[0.500367,-0.831425,-0.241589],[-0.0146549,-0.287125,0.957781]],[[0.865804,0.479182,0.144114],[0.106099,0.105656,-0.988726],[0.489006,-0.871333,-0.0406369]],[[0.865804,0.479182,0.144114],[-0.404438,0.839727,-0.362338],[0.294642,-0.255428,-0.920838]],[[0.865804,0.479182,0.144114],[-0.49704,0.856817,0.137172],[0.057749,0.190395,-0.980008]]],"btipPosition":[40.6885,315.671,24.9828],"carpPosition":[72.7001,249.954,45.245],"dipPosition":[41.7737,319.248,6.56652],"direction":[-0.294642,0.255428,0.920838],"extended":false,"handId":687,"id":6872,"length":67.0064,"mcpPosition":[73.7226,269.986,-21.5775],"pipPosition":[50.1523,311.985,-19.6188],"stabilizedTipPosition":[14.5945,291.956,87.3857],"timeVisible":5.64898,"tipPosition":[41.1055,316.062,21.3862],"tipVelocity":[-39.2061,98.2538,-58.7606],"tool":false,"touchDistance":0.333333,"touchZone":"none","type":2,"width":18.9972},{"bases":[[[0.813897,0.489578,0.312865],[0.560216,-0.804043,-0.199182],[-0.154041,-0.337385,0.928678]],[[0.81364,0.489015,0.314411],[0.264883,0.169596,-0.949249],[0.51752,-0.855629,-0.00845811]],[[0.81364,0.489015,0.314411],[-0.366343,0.85119,-0.375858],[0.451424,-0.190631,-0.871709]],[[0.81364,0.489015,0.314411],[-0.540742,0.83518,0.100357],[0.213514,0.25167,-0.943967]]],"btipPosition":[53.7774,315.198,30.1377],"carpPosition":[83.7455,255.257,46.147],"dipPosition":[57.7667,319.9,12.5006],"direction":[-0.451424,0.190631,0.871709],"extended":false,"handId":687,"id":6873,"length":64.4285,"mcpPosition":[93.3947,276.39,-12.0254],"pipPosition":[70.2721,314.62,-11.6475],"stabilizedTipPosition":[31.514,294.041,84.4865],"timeVisible":5.64898,"tipPosition":[54.6882,315.801,26.5982],"tipVelocity":[-33.9604,93.4216,-61.9566],"tool":false,"touchDistance":0.333333,"touchZone":"none","type":3,"width":18.077},{"bases":[[[0.686772,0.573315,0.446827],[0.664162,-0.744734,-0.0652609],[-0.295353,-0.341585,0.892237]],[[0.681945,0.567761,0.461084],[0.429804,0.198997,-0.88072],[0.591793,-0.798779,0.108321]],[[0.681945,0.567761,0.461084],[-0.367876,0.811122,-0.454696],[0.632154,-0.140456,-0.762006]],[[0.681945,0.567761,0.461084],[-0.630118,0.776136,-0.0237571],[0.371352,0.274336,-0.887039]]],"btipPosition":[69.3114,311.919,25.6972],"carpPosition":[91.8757,265.85,51.0702],"dipPosition":[75.7123,316.648,10.4075],"direction":[-0.632154,0.140456,0.762006],"extended":false,"handId":687,"id":6874,"length":50.5107,"mcpPosition":[109.002,285.657,-0.666305],"pipPosition":[88.0765,313.901,-4.49645],"stabilizedTipPosition":[51.4587,292.757,69.8748],"timeVisible":5.64898,"tipPosition":[70.8182,312.838,22.4089],"tipVelocity":[-36.2639,92.3452,-72.1053],"tool":false,"touchDistance":0.333333,"touchZone":"none","type":4,"width":16.0574}],"r":[[0.842776,0.209375,0.495874],[0.223271,0.702273,-0.67599],[-0.489774,0.680423,0.545111]],"s":1.13153,"t":[111.454,30.1174,-263.649],"timestamp":523590270702},false],[3,{"currentFrameRate":110.495,"devices":[],"gestures":[],"hands":[{"armBasis":[[0.889639,0.455987,-0.0248514],[0.358563,-0.731191,-0.580338],[0.282798,-0.507381,0.813997]],"armWidth":63.72,"confidence":0.510338,"direction":[0.0922187,0.165667,-0.98186],"elbow":[152.152,124,277.135],"grabStrength":0.797451,"id":687,"palmNormal":[-0.358476,0.925469,0.122484],"palmPosition":[72.1462,271.34,3.76167],"palmVelocity":[-48.2622,78.8667,-66.5699],"palmWidth":90.99,"pinchStrength":0.0355074,"r":[[0.845018,0.207667,0.492767],[0.220436,0.704289,-0.674822],[-0.487189,0.67886,0.54936]],"s":1.13582,"sphereCenter":[43.318,309.644,-8.80333],"sphereRadius":44.7841,"stabilizedPalmPosition":[62.3537,258.468,31.4522],"t":[110.991,30.6718,-264.09],"timeVisible":5.65827,"type":"left","wrist":[75.7963,260.993,57.3563]}],"id":4264345,"interactionBox":{"center":[0,200,0],"size":[235.247,235.247,147.751]},"pointables":[{"bases":[[[0.712442,-0.658349,-0.242905],[-0.623306,-0.752712,0.211928],[0.322361,-0.000417731,0.946617]],[[0.713301,-0.658348,-0.240373],[-0.524516,-0.728927,0.439941],[0.464848,0.187731,0.865259]],[[0.713301,-0.658348,-0.240373],[-0.700822,-0.673487,-0.235084],[0.00712073,-0.336144,0.941784]],[[0.713301,-0.658348,-0.240373],[-0.588832,-0.376932,-0.714982],[-0.380103,-0.651537,0.656523]]],"btipPosition":[30.5749,278.047,-32.7544],"carpPosition":[45.126,260.709,57.9129],"dipPosition":[21.6791,262.799,-17.3894],"direction":[-0.00712073,0.336144,-0.941784],"extended":false,"handId":687,"id":6870,"length":52.1164,"mcpPosition":[45.126,260.709,57.9129],"pipPosition":[21.9219,251.338,14.7213],"stabilizedTipPosition":[-38.4297,271.821,143.862],"timeVisible":5.65827,"tipPosition":[28.2147,276.309,-28.8579],"tipVelocity":[-40.8913,23.6613,-49.7833],"tool":false,"touchDistance":-0.426658,"touchZone":"hovering","type":0,"width":20.25},{"bases":[[[0.931269,0.363658,-0.0221776],[0.344858,-0.899489,-0.268315],[0.117523,-0.242226,0.963076]],[[0.915756,0.385161,-0.114204],[0.0615075,-0.415347,-0.907581],[0.397,-0.824098,0.404047]],[[0.915756,0.385161,-0.114204],[0.0108116,-0.307802,-0.951389],[0.40159,-0.870005,0.286036]],[[0.915756,0.385161,-0.114204],[-0.0184148,-0.243734,-0.969667],[0.401314,-0.890081,0.216108]]],"btipPosition":[18.3492,336.595,-52.6389],"carpPosition":[60.6147,247.133,46.1789],"dipPosition":[25.2059,321.387,-48.9466],"direction":[-0.40159,0.870005,-0.286036],"extended":false,"handId":687,"id":6871,"length":58.8075,"mcpPosition":[51.9685,264.954,-24.6742],"pipPosition":[34.9125,300.359,-42.033],"stabilizedTipPosition":[-26.7933,298.9,74.6814],"timeVisible":5.65827,"tipPosition":[19.9825,333.602,-50.1024],"tipVelocity":[-74.3801,77.764,-76.0581],"tool":false,"touchDistance":-0.442141,"touchZone":"hovering","type":1,"width":19.3428},{"bases":[[[0.866058,0.475565,0.15421],[0.499832,-0.830158,-0.246993],[-0.0105573,-0.290989,0.956668]],[[0.866123,0.479111,0.142422],[0.102601,0.108453,-0.988793],[0.489188,-0.871028,-0.0447768]],[[0.866123,0.479111,0.142422],[-0.406007,0.840569,-0.358611],[0.29153,-0.252777,-0.922558]],[[0.866123,0.479111,0.142422],[-0.496899,0.856169,0.141658],[0.0540674,0.193463,-0.979617]]],"btipPosition":[40.3275,316.013,24.9413],"carpPosition":[72.4761,250.175,44.8847],"dipPosition":[41.3435,319.648,6.53237],"direction":[-0.29153,0.252777,0.922558],"extended":false,"handId":687,"id":6872,"length":67.0064,"mcpPosition":[73.2127,270.476,-21.8601],"pipPosition":[49.6336,312.46,-19.7019],"stabilizedTipPosition":[16.8069,294.077,81.7045],"timeVisible":5.65827,"tipPosition":[40.7299,316.413,21.3451],"tipVelocity":[-39.5967,81.3466,-43.4036],"tool":false,"touchDistance":0.333333,"touchZone":"none","type":2,"width":18.9972},{"bases":[[[0.814905,0.488779,0.311488],[0.559839,-0.802913,-0.204722],[-0.150034,-0.341212,0.927935]],[[0.814707,0.488331,0.312705],[0.261068,0.172629,-0.949759],[0.517779,-0.855413,-0.0131541]],[[0.814707,0.488331,0.312705],[-0.368108,0.852212,-0.371795],[0.44805,-0.187795,-0.874062]],[[0.814707,0.488331,0.312705],[-0.540678,0.834614,0.105295],[0.209569,0.254857,-0.943996]]],"btipPosition":[53.4587,315.513,30.0754],"carpPosition":[83.5222,255.48,45.7626],"dipPosition":[57.3743,320.275,12.4378],"direction":[-0.44805,0.187795,0.874062],"extended":false,"handId":687,"id":6873,"length":64.4285,"mcpPosition":[92.9203,276.853,-12.3632],"pipPosition":[69.7862,315.073,-11.7755],"stabilizedTipPosition":[33.4079,295.911,79.6395],"timeVisible":5.65827,"tipPosition":[54.3536,316.128,26.532],"tipVelocity":[-34.5787,77.0614,-46.3843],"tool":false,"touchDistance":0.333333,"touchZone":"none","type":3,"width":18.077},{"bases":[[[0.688284,0.571903,0.446308],[0.664302,-0.744085,-0.070991],[-0.291492,-0.345346,0.892059]],[[0.683609,0.566394,0.460301],[0.426627,0.201606,-0.881671],[0.592173,-0.799095,0.103819]],[[0.683609,0.566394,0.460301],[-0.369456,0.812454,-0.451021],[0.629429,-0.138261,-0.764658]],[[0.683609,0.566394,0.460301],[-0.630292,0.776127,-0.0189455],[0.367983,0.277173,-0.887561]]],"btipPosition":[68.9764,312.265,25.5525],"carpPosition":[91.6667,266.058,50.6951],"dipPosition":[75.3192,317.042,10.2538],"direction":[-0.629429,0.138261,0.764658],"extended":false,"handId":687,"id":6874,"length":50.5107,"mcpPosition":[108.569,286.083,-1.03109],"pipPosition":[87.6301,314.338,-4.70203],"stabilizedTipPosition":[52.8684,294.288,66.3209],"timeVisible":5.65827,"tipPosition":[70.4676,313.182,22.2713],"tipVelocity":[-36.6172,77.1312,-56.234],"tool":false,"touchDistance":0.333333,"touchZone":"none","type":4,"width":16.0574}],"r":[[0.845018,0.207667,0.492767],[0.220436,0.704289,-0.674822],[-0.487189,0.67886,0.54936]],"s":1.13582,"t":[110.991,30.6718,-264.09],"timestamp":523590279987},false],[4,{"currentFrameRate":110.632,"devices":[],"gestures":[],"hands":[{"armBasis":[[0.890249,0.454762,-0.0254494],[0.357927,-0.73305,-0.578383],[0.281682,-0.505796,0.815369]],"armWidth":63.72,"confidence":0.497314,"direction":[0.0886828,0.168461,-0.981711],"elbow":[151.639,124.592,277.206],"grabStrength":0.786959,"id":687,"palmNormal":[-0.358999,0.924759,0.126258],"palmPosition":[71.7405,271.648,3.50355],"palmVelocity":[-47.6861,67.043,-56.5459],"palmWidth":90.99,"pinchStrength":0.0209055,"r":[[0.847094,0.206211,0.489804],[0.217566,0.706316,-0.673635],[-0.484867,0.677197,0.553451]],"s":1.14001,"sphereCenter":[42.4837,309.798,-8.97568],"sphereRadius":44.946,"stabilizedPalmPosition":[63.5326,260.123,27.942],"t":[110.558,31.1027,-264.44],"timeVisible":5.66707,"type":"left","wrist":[75.5849,261.157,57.0566]}],"id":4264346,"interactionBox":{"center":[0,200,0],"size":[235.247,235.247,147.751]},"pointables":[{"bases":[[[0.712276,-0.656945,-0.247156],[-0.621807,-0.753934,0.21199],[0.325604,-0.00268781,0.945502]],[[0.715247,-0.656942,-0.238431],[-0.521271,-0.728723,0.444116],[0.465508,0.193366,0.863662]],[[0.715247,-0.656942,-0.238431],[-0.698794,-0.677346,-0.229976],[0.010419,-0.331104,0.943537]],[[0.715247,-0.656942,-0.238431],[-0.588414,-0.381993,-0.712636],[-0.377081,-0.650007,0.659773]]],"btipPosition":[30.1497,277.689,-33.0059],"carpPosition":[44.917,260.84,57.7176],"dipPosition":[21.3247,262.477,-17.5648],"direction":[-0.010419,0.331104,-0.943537],"extended":false,"handId":687,"id":6870,"length":52.1164,"mcpPosition":[44.917,260.84,57.7176],"pipPosition":[21.6799,251.188,14.6056],"stabilizedTipPosition":[-38.1609,271.831,143.162],"timeVisible":5.66707,"tipPosition":[27.8151,275.972,-29.0801],"tipVelocity":[-42.3969,6.57789,-43.5403],"tool":false,"touchDistance":-0.415835,"touchZone":"hovering","type":0,"width":20.25},{"bases":[[[0.930815,0.364676,-0.0243665],[0.344854,-0.898392,-0.27197],[0.121072,-0.244751,0.961997]],[[0.914852,0.38653,-0.116795],[0.0609539,-0.418131,-0.90634],[0.399163,-0.822047,0.406088]],[[0.914852,0.38653,-0.116795],[0.00885437,-0.308381,-0.951222],[0.403693,-0.869193,0.285546]],[[0.914852,0.38653,-0.116795],[-0.0212661,-0.242724,-0.969862],[0.403229,-0.889764,0.213836]]],"btipPosition":[17.6762,336.847,-52.8823],"carpPosition":[60.3792,247.313,45.8933],"dipPosition":[24.5656,321.645,-49.2288],"direction":[-0.403693,0.869193,-0.285546],"extended":false,"handId":687,"id":6871,"length":58.8075,"mcpPosition":[51.472,265.319,-24.8805],"pipPosition":[34.323,300.636,-42.327],"stabilizedTipPosition":[-24.9879,300.251,69.7136],"timeVisible":5.66707,"tipPosition":[19.3199,333.856,-50.3844],"tipVelocity":[-74.7242,64.5685,-63.3],"tool":false,"touchDistance":-0.430044,"touchZone":"hovering","type":1,"width":19.3428},{"bases":[[[0.866096,0.476032,0.152551],[0.499829,-0.828961,-0.250988],[-0.00698036,-0.293628,0.955894]],[[0.866116,0.479634,0.140693],[0.099384,0.110606,-0.988883],[0.489863,-0.87047,-0.0481301]],[[0.866116,0.479634,0.140693],[-0.407919,0.840923,-0.355598],[0.288869,-0.250598,-0.923989]],[[0.866116,0.479634,0.140693],[-0.497265,0.855364,0.145189],[0.0507059,0.195712,-0.97935]]],"btipPosition":[39.9411,316.261,24.8747],"carpPosition":[72.233,250.369,44.5668],"dipPosition":[40.894,319.938,6.47077],"direction":[-0.288869,0.250598,0.923989],"extended":false,"handId":687,"id":6872,"length":67.0064,"mcpPosition":[72.72,270.855,-22.124],"pipPosition":[49.1084,312.812,-19.8041],"stabilizedTipPosition":[18.9112,296.152,76.2025],"timeVisible":5.66707,"tipPosition":[40.3288,316.672,21.2726],"tipVelocity":[-41.2073,67.3275,-33.7197],"tool":false,"touchDistance":0.333333,"touchZone":"none","type":2,"width":18.9972},{"bases":[[[0.815469,0.48876,0.310039],[0.559953,-0.80177,-0.208847],[-0.146504,-0.343916,0.927501]],[[0.81539,0.488576,0.310537],[0.258892,0.172042,-0.950461],[0.517798,-0.855392,-0.0137933]],[[0.81539,0.488576,0.310537],[-0.368978,0.851945,-0.371544],[0.446088,-0.188372,-0.874941]],[[0.81539,0.488576,0.310537],[-0.540693,0.834394,0.106947],[0.206859,0.255109,-0.944526]]],"btipPosition":[53.0961,315.897,29.8242],"carpPosition":[83.2766,255.683,45.4215],"dipPosition":[56.9611,320.663,12.1767],"direction":[-0.446088,0.188372,0.874941],"extended":false,"handId":687,"id":6873,"length":64.4285,"mcpPosition":[92.4536,277.226,-12.6772],"pipPosition":[69.3186,315.445,-12.0609],"stabilizedTipPosition":[35.1546,297.701,75.0665],"timeVisible":5.66707,"tipPosition":[53.982,316.484,26.308],"tipVelocity":[-36.7244,68.0842,-41.6521],"tool":false,"touchDistance":0.333333,"touchZone":"none","type":3,"width":18.077},{"bases":[[[0.689226,0.571383,0.445521],[0.664814,-0.743203,-0.075314],[-0.288079,-0.348097,0.892098]],[[0.684682,0.565923,0.459284],[0.423875,0.203445,-0.882576],[0.592909,-0.798963,0.100585]],[[0.684682,0.565923,0.459284],[-0.371199,0.813066,-0.44848],[0.627234,-0.13658,-0.766762]],[[0.684682,0.565923,0.459284],[-0.630847,0.775754,-0.0154321],[0.365025,0.279172,-0.888155]]],"btipPosition":[68.6069,312.551,25.3759],"carpPosition":[91.4271,266.256,50.3551],"dipPosition":[74.8987,317.363,10.067],"direction":[-0.627234,0.13658,0.766762],"extended":false,"handId":687,"id":6874,"length":50.5107,"mcpPosition":[108.131,286.441,-1.37335],"pipPosition":[87.1667,314.691,-4.92996],"stabilizedTipPosition":[54.1625,295.747,62.9726],"timeVisible":5.66707,"tipPosition":[70.0846,313.467,22.0997],"tipVelocity":[-38.4283,65.3629,-46.5679],"tool":false,"touchDistance":0.333333,"touchZone":"none","type":4,"width":16.0574}],"r":[[0.847094,0.206211,0.489804],[0.217566,0.706316,-0.673635],[-0.484867,0.677197,0.553451]],"s":1.14001,"t":[110.558,31.1027,-264.44],"timestamp":523590288783},false],[5,{"currentFrameRate":110.568,"devices":[],"gestures":[],"hands":[{"armBasis":[[0.890548,0.454077,-0.0271626],[0.357115,-0.734874,-0.576566],[0.281766,-0.50376,0.816599]],"armWidth":63.72,"confidence":0.498695,"direction":[0.0854254,0.171663,-0.981445],"elbow":[151.383,125.311,277.192],"grabStrength":0.77679,"id":687,"palmNormal":[-0.359127,0.924137,0.130381],"palmPosition":[71.2835,271.986,3.20423],"palmVelocity":[-48.3047,58.6608,-49.8966],"palmWidth":90.99,"pinchStrength":0.00424836,"r":[[0.849036,0.204839,0.48701],[0.214758,0.708391,-0.672355],[-0.482718,0.675443,0.557459]],"s":1.1442,"sphereCenter":[41.5667,309.971,-9.19307],"sphereRadius":45.127,"stabilizedPalmPosition":[64.6066,261.767,24.5142],"t":[110.112,31.4875,-264.764],"timeVisible":5.67622,"type":"left","wrist":[75.3063,261.326,56.7107]}],"id":4264347,"interactionBox":{"center":[0,200,0],"size":[235.247,235.247,147.751]},"pointables":[{"bases":[[[0.711858,-0.655728,-0.251553],[-0.620684,-0.754977,0.211566],[0.328647,-0.00552987,0.944437]],[[0.717134,-0.655731,-0.236084],[-0.518185,-0.728204,0.448558],[0.46605,0.199341,0.86201]],[[0.717134,-0.655731,-0.236084],[-0.696797,-0.68133,-0.224195],[0.0138397,-0.32528,0.945516]],[[0.717134,-0.655731,-0.236084],[-0.587849,-0.387162,-0.710309],[-0.374368,-0.648169,0.663118]]],"btipPosition":[29.6664,277.298,-33.3175],"carpPosition":[44.6408,260.989,57.4693],"dipPosition":[20.9048,262.129,-17.7981],"direction":[-0.0138397,0.32528,-0.945516],"extended":false,"handId":687,"id":6870,"length":52.1164,"mcpPosition":[44.6408,260.989,57.4693],"pipPosition":[21.3767,251.038,14.4398],"stabilizedTipPosition":[-37.7849,271.842,142.174],"timeVisible":5.67622,"tipPosition":[27.3659,275.612,-29.3634],"tipVelocity":[-44.8449,-6.85362,-40.3413],"tool":false,"touchDistance":-0.406989,"touchZone":"hovering","type":0,"width":20.25},{"bases":[[[0.930521,0.365302,-0.026189],[0.344498,-0.897311,-0.275961],[0.124309,-0.247765,0.960812]],[[0.914142,0.387546,-0.118963],[0.0603828,-0.420343,-0.905354],[0.400872,-0.820439,0.407654]],[[0.914142,0.387546,-0.118963],[0.00694465,-0.308378,-0.951238],[0.405334,-0.868741,0.284593]],[[0.914142,0.387546,-0.118963],[-0.024022,-0.241152,-0.97019],[0.404681,-0.889749,0.211137]]],"btipPosition":[16.9936,337.184,-53.1346],"carpPosition":[60.0727,247.508,45.5519],"dipPosition":[23.9079,321.982,-49.5272],"direction":[-0.405334,0.868741,-0.284593],"extended":false,"handId":687,"id":6871,"length":58.8075,"mcpPosition":[50.9274,265.736,-25.1347],"pipPosition":[33.705,300.984,-42.6485],"stabilizedTipPosition":[-22.871,301.875,63.7855],"timeVisible":5.67622,"tipPosition":[18.6452,334.193,-50.6744],"tipVelocity":[-74.4954,56.8438,-53.6613],"tool":false,"touchDistance":-0.419317,"touchZone":"hovering","type":1,"width":19.3428},{"bases":[[[0.866306,0.476051,0.151292],[0.499499,-0.827856,-0.255254],[-0.00373387,-0.296699,0.954964]],[[0.866286,0.479703,0.139406],[0.0963144,0.113442,-0.988865],[0.490176,-0.870067,-0.0520707]],[[0.866286,0.479703,0.139406],[-0.409442,0.841697,-0.351998],[0.286193,-0.247852,-0.925561]],[[0.866286,0.479703,0.139406],[-0.497279,0.854662,0.149219],[0.0475644,0.19859,-0.978928]]],"btipPosition":[39.5221,316.53,24.7967],"carpPosition":[71.9204,250.577,44.1971],"dipPosition":[40.416,320.262,6.40067],"direction":[-0.286193,0.247852,0.925561],"extended":false,"handId":687,"id":6872,"length":67.0064,"mcpPosition":[72.181,271.277,-22.4288],"pipPosition":[48.5543,313.214,-19.919],"stabilizedTipPosition":[21.0738,298.359,70.4223],"timeVisible":5.67622,"tipPosition":[39.8959,316.956,21.1877],"tipVelocity":[-42.8869,57.1517,-26.6422],"tool":false,"touchDistance":0.333333,"touchZone":"none","type":2,"width":18.9972},{"bases":[[[0.816179,0.488244,0.308983],[0.559743,-0.800765,-0.213221],[-0.143319,-0.346977,0.926859]],[[0.816223,0.488353,0.308693],[0.257329,0.171081,-0.951059],[0.517264,-0.855712,-0.0139729]],[[0.816223,0.488353,0.308693],[-0.369096,0.851838,-0.371672],[0.444463,-0.18943,-0.875539]],[[0.816223,0.488353,0.308693],[-0.540262,0.834492,0.108352],[0.204688,0.255214,-0.94497]]],"btipPosition":[52.6931,316.341,29.5093],"carpPosition":[82.9637,255.894,45.0334],"dipPosition":[56.5175,321.109,11.8534],"direction":[-0.444463,0.18943,0.875539],"extended":false,"handId":687,"id":6873,"length":64.4285,"mcpPosition":[91.9411,277.629,-13.025],"pipPosition":[68.83,315.862,-12.4007],"stabilizedTipPosition":[36.8819,299.552,70.4131],"timeVisible":5.67622,"tipPosition":[53.5728,316.896,26.0255],"tipVelocity":[-39.0377,62.6444,-39.6872],"tool":false,"touchDistance":0.333333,"touchZone":"none","type":3,"width":18.077},{"bases":[[[0.690325,0.570357,0.445134],[0.664999,-0.742565,-0.0798379],[-0.285005,-0.351128,0.891898]],[[0.685875,0.564907,0.458754],[0.422513,0.20414,-0.883069],[0.592502,-0.799504,0.0986664]],[[0.685875,0.564907,0.458754],[-0.371343,0.813835,-0.446964],[0.625843,-0.136207,-0.767963]],[[0.685875,0.564907,0.458754],[-0.630596,0.776006,-0.0127762],[0.363213,0.280526,-0.888472]]],"btipPosition":[68.1982,312.915,25.1039],"carpPosition":[91.1239,266.456,49.9747],"dipPosition":[74.4588,317.75,9.78952],"direction":[-0.625843,0.136207,0.767963],"extended":false,"handId":687,"id":6874,"length":50.5107,"mcpPosition":[107.65,286.816,-1.74216],"pipPosition":[86.6996,315.086,-5.23092],"stabilizedTipPosition":[55.4496,297.267,59.5301],"timeVisible":5.67622,"tipPosition":[69.6664,313.811,21.8549],"tipVelocity":[-40.3735,58.3898,-41.906],"tool":false,"touchDistance":0.333333,"touchZone":"none","type":4,"width":16.0574}],"r":[[0.849036,0.204839,0.48701],[0.214758,0.708391,-0.672355],[-0.482718,0.675443,0.557459]],"s":1.1442,"t":[110.112,31.4875,-264.764],"timestamp":523590297941},false],[6,{"currentFrameRate":110.623,"devices":[],"gestures":[],"hands":[{"armBasis":[[0.89053,0.454017,-0.0287253],[0.356699,-0.736047,-0.575327],[0.282351,-0.502099,0.817419]],"armWidth":63.72,"confidence":0.500636,"direction":[0.0818328,0.173404,-0.981445],"elbow":[151.138,125.929,277.122],"grabStrength":0.769013,"id":687,"palmNormal":[-0.360074,0.923377,0.133122],"palmPosition":[70.6827,272.238,2.94358],"palmVelocity":[-53.459,50.3344,-44.2308],"palmWidth":90.99,"pinchStrength":0,"r":[[0.850849,0.203846,0.484255],[0.211844,0.710334,-0.671229],[-0.48081,0.673701,0.561203]],"s":1.14872,"sphereCenter":[40.3113,309.9,-9.47491],"sphereRadius":45.3647,"stabilizedPalmPosition":[65.4864,263.283,21.391],"t":[109.589,31.8058,-265.057],"timeVisible":5.68516,"type":"left","wrist":[74.9033,261.496,56.4185]}],"id":4264348,"interactionBox":{"center":[0,200,0],"size":[235.247,235.247,147.751]},"pointables":[{"bases":[[[0.711987,-0.654236,-0.255048],[-0.618824,-0.756262,0.212427],[0.331861,-0.00658463,0.943305]],[[0.720582,-0.654179,-0.229806],[-0.513953,-0.726406,0.456274],[0.465418,0.210674,0.859653]],[[0.720582,-0.654179,-0.229806],[-0.693157,-0.687843,-0.215419],[0.0171475,-0.314519,0.949096]],[[0.720582,-0.654179,-0.229806],[-0.585817,-0.397098,-0.706492],[-0.370917,-0.64371,0.669371]]],"btipPosition":[29.1048,276.384,-33.657],"carpPosition":[44.2411,261.111,57.2805],"dipPosition":[20.424,261.318,-17.9913],"direction":[-0.0171475,0.314519,-0.949096],"extended":true,"handId":687,"id":6870,"length":52.1164,"mcpPosition":[44.2411,261.111,57.2805],"pipPosition":[21.0086,250.595,14.3687],"stabilizedTipPosition":[-37.259,271.851,140.778],"timeVisible":5.68516,"tipPosition":[26.8277,274.799,-29.6496],"tipVelocity":[-49.1836,-32.177,-38.6651],"tool":false,"touchDistance":-0.399211,"touchZone":"hovering","type":0,"width":20.25},{"bases":[[[0.929875,0.366751,-0.0287448],[0.34491,-0.896334,-0.278607],[0.127944,-0.249155,0.959975]],[[0.913082,0.389187,-0.121713],[0.0596145,-0.422676,-0.904318],[0.403394,-0.818461,0.409139]],[[0.913082,0.389187,-0.121713],[0.00493747,-0.30901,-0.951046],[0.407745,-0.867782,0.284073]],[[0.913082,0.389187,-0.121713],[-0.0268003,-0.240559,-0.970264],[0.406893,-0.889193,0.20922]]],"btipPosition":[16.1018,337.334,-53.3547],"carpPosition":[59.6528,247.674,45.2886],"dipPosition":[23.0538,322.142,-49.7801],"direction":[-0.407745,0.867782,-0.284073],"extended":false,"handId":687,"id":6871,"length":58.8075,"mcpPosition":[50.24,266.004,-25.3363],"pipPosition":[32.9092,301.167,-42.9139],"stabilizedTipPosition":[-20.5889,303.673,57.2428],"timeVisible":5.68516,"tipPosition":[17.7629,334.342,-50.9362],"tipVelocity":[-81.1222,45.9703,-45.9598],"tool":false,"touchDistance":-0.409134,"touchZone":"hovering","type":1,"width":19.3428},{"bases":[[[0.866097,0.477111,0.149135],[0.499876,-0.826679,-0.258312],[-0.0000434343,-0.298273,0.954481]],[[0.86603,0.48078,0.137264],[0.0938607,0.113324,-0.989115],[0.491102,-0.869487,-0.0530158]],[[0.86603,0.48078,0.137264],[-0.411268,0.841108,-0.351277],[0.284342,-0.247764,-0.926155]],[[0.86603,0.48078,0.137264],[-0.497986,0.85398,0.150758],[0.0447398,0.198916,-0.978995]]],"btipPosition":[38.8965,316.789,24.5957],"carpPosition":[71.4912,250.762,43.8987],"dipPosition":[39.7373,320.527,6.19842],"direction":[-0.284342,0.247764,0.926155],"extended":false,"handId":687,"id":6872,"length":67.0064,"mcpPosition":[71.4942,271.572,-22.6935],"pipPosition":[47.8229,313.482,-20.1381],"stabilizedTipPosition":[23.0642,300.49,64.892],"timeVisible":5.68516,"tipPosition":[39.2626,317.207,20.9969],"tipVelocity":[-50.6545,49.492,-25.5136],"tool":false,"touchDistance":0.333333,"touchZone":"none","type":2,"width":18.9972},{"bases":[[[0.816487,0.48897,0.307015],[0.560222,-0.799566,-0.216439],[-0.139647,-0.348716,0.926766]],[[0.816576,0.489193,0.306421],[0.254152,0.171925,-0.951761],[0.518276,-0.855062,-0.0160604]],[[0.816576,0.489193,0.306421],[-0.371291,0.851579,-0.370077],[0.44198,-0.188425,-0.877012]],[[0.816576,0.489193,0.306421],[-0.541011,0.83369,0.110766],[0.201273,0.256226,-0.94543]]],"btipPosition":[52.1159,316.575,29.3306],"carpPosition":[82.5292,256.095,44.7063],"dipPosition":[55.8765,321.362,11.6662],"direction":[-0.44198,0.188425,0.877012],"extended":false,"handId":687,"id":6873,"length":64.4285,"mcpPosition":[91.2766,277.939,-13.3464],"pipPosition":[68.1203,316.143,-12.6288],"stabilizedTipPosition":[38.4512,301.319,66.0124],"timeVisible":5.68516,"tipPosition":[52.983,317.138,25.84],"tipVelocity":[-46.4512,52.8168,-34.3668],"tool":false,"touchDistance":0.333333,"touchZone":"none","type":3,"width":18.077},{"bases":[[[0.690973,0.570668,0.443728],[0.665842,-0.741426,-0.0833181],[-0.281445,-0.353023,0.89228]],[[0.686591,0.565207,0.457311],[0.421422,0.203169,-0.883813],[0.592449,-0.799539,0.0986964]],[[0.686591,0.565207,0.457311],[-0.371692,0.813466,-0.447346],[0.62485,-0.137165,-0.768601]],[[0.686591,0.565207,0.457311],[-0.630814,0.775844,-0.0118104],[0.361477,0.280369,-0.889229]]],"btipPosition":[67.6093,313.252,24.7688],"carpPosition":[90.6902,266.661,49.6373],"dipPosition":[73.84,318.085,9.44135],"direction":[-0.62485,0.137165,0.768601],"extended":false,"handId":687,"id":6874,"length":50.5107,"mcpPosition":[107.01,287.131,-2.10175],"pipPosition":[86.0613,315.402,-5.59158],"stabilizedTipPosition":[56.6127,298.73,56.2539],"timeVisible":5.68516,"tipPosition":[69.0693,314.116,21.5551],"tipVelocity":[-47.543,52.7382,-40.7885],"tool":false,"touchDistance":0.333333,"touchZone":"none","type":4,"width":16.0574}],"r":[[0.850849,0.203846,0.484255],[0.211844,0.710334,-0.671229],[-0.48081,0.673701,0.561203]],"s":1.14872,"t":[109.589,31.8058,-265.057],"timestamp":523590306883},false],[7,{"currentFrameRate":110.593,"devices":[],"gestures":[],"hands":[{"armBasis":[[0.890294,0.454301,-0.0314144],[0.