{"sensorType":"Leap","data":[[0,{"currentFrameRate":110.501,"devices":[],"gestures":[],"hands":[{"armBasis":[[0.923539,0.350634,-0.155346],[0.204235,-0.792522,-0.574627],[0.324599,-0.498963,0.803537]],"armWidth":63.72,"confidence":0.289944,"direction":[-0.100459,0.0354299,-0.99431],"elbow":[156.476,123.011,266.396],"grabStrength":0.781089,"id":687,"palmNormal":[-0.301182,0.951394,0.0643304],"palmPosition":[54.8804,261.422,-3.32696],"palmVelocity":[10.8675,67.9918,-75.7864],"palmWidth":90.99,"pinchStrength":0.913552,"r":[[0.945745,0.205783,0.251435],[0.0665087,0.634863,-0.769757],[-0.31803,0.744717,0.586732]],"s":0.778269,"sphereCenter":[26.3719,303.087,-13.7107],"sphereRadius":42.5881,"stabilizedPalmPosition":[35.1842,254.288,51.8303],"t":[93.3138,20.8612,-270.966],"timeVisible":0.813425,"type":"left","wrist":[68.8346,257.731,49.4407]}],"id":4263824,"interactionBox":{"center":[0,200,0],"size":[235.247,235.247,147.751]},"pointables":[{"bases":[[[0.63136,-0.720933,-0.285727],[-0.589255,-0.685515,0.427606],[0.504146,0.101607,0.857621]],[[0.374599,-0.700732,-0.607165],[-0.896461,-0.44091,-0.0442283],[0.236713,-0.560868,0.793344]],[[0.374599,-0.700732,-0.607165],[-0.908331,-0.408745,-0.0886739],[0.186039,-0.584724,0.789612]],[[0.374599,-0.700732,-0.607165],[-0.914613,-0.386746,-0.117938],[0.152176,-0.599501,0.785774]]],"btipPosition":[17.1718,321.127,-28.9556],"carpPosition":[38.8926,259.163,55.9584],"dipPosition":[20.7333,307.097,-10.5657],"direction":[-0.186039,0.584724,-0.789612],"extended":false,"handId":687,"id":6870,"length":52.1164,"mcpPosition":[38.8926,259.163,55.9584],"pipPosition":[27.0764,287.16,16.3566],"stabilizedTipPosition":[-6.07715,308.306,60.9299],"timeVisible":0.813425,"tipPosition":[16.8728,317.791,-24.342],"tipVelocity":[24.1329,42.064,-151.341],"tool":false,"touchDistance":-0.518357,"touchZone":"hovering","type":0,"width":20.25},{"bases":[[[0.917931,0.307537,-0.250647],[0.259541,-0.943307,-0.206906],[0.300068,-0.124873,0.945709]],[[0.905699,0.312116,-0.286867],[-0.0882724,-0.523014,-0.847741],[0.414629,-0.793121,0.446142]],[[0.905699,0.312116,-0.286867],[-0.250467,-0.151971,-0.956123],[0.342017,-0.93781,0.0594657]],[[0.905699,0.312116,-0.286867],[-0.325082,0.0770266,-0.942544],[0.272086,-0.946916,-0.171226]]],"btipPosition":[-1.45003,325.514,-43.8784],"carpPosition":[51.3548,243.406,43.3762],"dipPosition":[3.19873,309.335,-46.8039],"direction":[-0.342017,0.93781,-0.0594657],"extended":false,"handId":687,"id":6871,"length":58.8075,"mcpPosition":[29.2789,252.593,-26.1993],"pipPosition":[11.4654,286.668,-45.3666],"stabilizedTipPosition":[-42.3196,309.614,130.919],"timeVisible":0.813425,"tipPosition":[0.0755826,321.671,-43.241],"tipVelocity":[-12.5345,21.3451,-274.442],"tool":false,"touchDistance":0.236672,"touchZone":"hovering","type":1,"width":19.3428},{"bases":[[[0.892247,0.444113,-0.0816042],[0.417517,-0.880247,-0.22549],[0.171975,-0.167121,0.970822]],[[0.90192,0.431643,-0.015014],[0.175846,-0.398738,-0.900048],[0.394486,-0.80913,0.435533]],[[0.90192,0.431643,-0.015014],[0.0248807,-0.0866301,-0.99593],[0.431187,-0.897875,0.0888729]],[[0.90192,0.431643,-0.015014],[-0.0635959,0.09834,-0.993119],[0.427196,-0.896668,-0.116146]]],"btipPosition":[11.499,338.663,-49.656],"carpPosition":[62.801,245.62,39.4138],"dipPosition":[19.5269,321.813,-51.8386],"direction":[-0.431187,0.897875,-0.0888729],"extended":false,"handId":687,"id":6872,"length":67.0064,"mcpPosition":[50.8027,257.28,-28.3185],"pipPosition":[31.7883,296.28,-49.3114],"stabilizedTipPosition":[0.817379,332.591,-16.6605],"timeVisible":0.813425,"tipPosition":[13.6481,333.875,-52.4326],"tipVelocity":[13.2387,81.7861,56.6244],"tool":false,"touchDistance":0.333333,"touchZone":"hovering","type":2,"width":18.9972},{"bases":[[[0.873799,0.479764,0.0793818],[0.485466,-0.851146,-0.199681],[0.0282341,-0.213018,0.97664]],[[0.873728,0.480281,0.0770059],[0.226341,-0.261311,-0.938342],[0.430545,-0.837286,0.337022]],[[0.873728,0.480281,0.0770059],[-0.304701,0.663823,-0.683006],[0.379153,-0.573297,-0.726342]],[[0.873728,0.480281,0.0770059],[-0.468225,0.873337,-0.134345],[0.131775,-0.0813247,-0.987938]]],"btipPosition":[39.9728,318.548,-0.238264],"carpPosition":[73.9433,250.394,37.4167],"dipPosition":[42.4349,317.029,-18.6969],"direction":[-0.379153,0.573297,0.726342],"extended":false,"handId":687,"id":6873,"length":64.4285,"mcpPosition":[72.1748,263.738,-23.76],"pipPosition":[52.9382,301.147,-38.818],"stabilizedTipPosition":[11.9288,310.04,93.4931],"timeVisible":0.813425,"tipPosition":[40.5815,318.266,-5.44418],"tipVelocity":[-2.15261,54.7119,-92.6338],"tool":false,"touchDistance":0.333333,"touchZone":"none","type":3,"width":18.077},{"bases":[[[0.778889,0.58588,0.223778],[0.616039,-0.781617,-0.0978297],[-0.117593,-0.214055,0.969718]],[[0.764702,0.563609,0.312373],[0.49136,-0.196391,-0.848526],[0.416889,-0.802356,0.427115]],[[0.764702,0.563609,0.312373],[-0.185748,0.656984,-0.730664],[0.617032,-0.500717,-0.607086]],[[0.764702,0.563609,0.312373],[-0.511948,0.825774,-0.236659],[0.391332,-0.0210545,-0.920009]]],"btipPosition":[56.46,311.997,-4.38514],"carpPosition":[83.196,261.058,39.2147],"dipPosition":[63.2054,311.634,-20.2431],"direction":[-0.617032,0.500717,0.607086],"extended":false,"handId":687,"id":6874,"length":50.5107,"mcpPosition":[90.0146,273.47,-17.0146],"pipPosition":[75.2738,301.84,-32.117],"stabilizedTipPosition":[41.3679,306.043,52.7683],"timeVisible":0.813425,"tipPosition":[58.2818,312.229,-9.06588],"tipVelocity":[0.303293,64.1361,-101.538],"tool":false,"touchDistance":0.333333,"touchZone":"none","type":4,"width":16.0574}],"r":[[0.945745,0.205783,0.251435],[0.0665087,0.634863,-0.769757],[-0.31803,0.744717,0.586732]],"s":0.778269,"t":[93.3138,20.8612,-270.966],"timestamp":523585435143},false],[1,{"currentFrameRate":110.483,"devices":[],"gestures":[],"hands":[{"armBasis":[[0.922193,0.353572,-0.156672],[0.20562,-0.791396,-0.575685],[0.327536,-0.498678,0.802522]],"armWidth":63.72,"confidence":0.292889,"direction":[-0.0944491,0.0269922,-0.995164],"elbow":[156.776,123.733,265.738],"grabStrength":0.78397,"id":687,"palmNormal":[-0.302217,0.95168,0.0544956],"palmPosition":[54.7051,261.614,-3.82331],"palmVelocity":[2.52022,55.0198,-69.9364],"palmWidth":90.99,"pinchStrength":0.914145,"r":[[0.943572,0.209354,0.256597],[0.0703479,0.630432,-0.77305],[-0.323608,0.74748,0.580131]],"s":0.773859,"sphereCenter":[26.2318,302.958,-14.7005],"sphereRadius":42.3817,"stabilizedPalmPosition":[36.8882,254.928,46.9723],"t":[93.2011,21.1804,-271.541],"timeVisible":0.822508,"type":"left","wrist":[68.3415,258.376,49.0571]}],"id":4263825,"interactionBox":{"center":[0,200,0],"size":[235.247,235.247,147.751]},"pointables":[{"bases":[[[0.633574,-0.722847,-0.275818],[-0.59137,-0.682327,0.42978],[0.498863,0.109187,0.859775]],[[0.379169,-0.70565,-0.598573],[-0.895819,-0.441989,-0.0464062],[0.231816,-0.553809,0.799723]],[[0.379169,-0.70565,-0.598573],[-0.907406,-0.410247,-0.0911658],[0.181232,-0.577716,0.795864]],[[0.379169,-0.70565,-0.598573],[-0.913522,-0.388464,-0.12072],[0.147338,-0.592583,0.79192]]],"btipPosition":[17.1603,321.053,-30.2085],"carpPosition":[38.3594,259.842,55.381],"dipPosition":[20.6085,307.184,-11.6747],"direction":[-0.181232,0.577716,-0.795864],"extended":false,"handId":687,"id":6870,"length":52.1164,"mcpPosition":[38.3594,259.842,55.381],"pipPosition":[26.7877,287.486,15.4607],"stabilizedTipPosition":[-5.44655,308.557,58.6501],"timeVisible":0.822508,"tipPosition":[16.8543,317.768,-25.5708],"tipVelocity":[16.3094,29.2892,-146.624],"tool":false,"touchDistance":-0.513152,"touchZone":"hovering","type":0,"width":20.25},{"bases":[[[0.919225,0.306092,-0.247657],[0.261436,-0.944823,-0.197384],[0.29441,-0.116694,0.948528]],[[0.907585,0.310237,-0.282918],[-0.0826914,-0.528554,-0.844862],[0.411645,-0.790179,0.454054]],[[0.907585,0.310237,-0.282918],[-0.243507,-0.160003,-0.95661],[0.342044,-0.937098,0.0696709]],[[0.907585,0.310237,-0.282918],[-0.317997,0.0679039,-0.945657],[0.274167,-0.948231,-0.160283]]],"btipPosition":[-1.38804,325.373,-45.228],"carpPosition":[50.9085,243.989,43.0075],"dipPosition":[3.29626,309.172,-47.9665],"direction":[-0.342044,0.937098,-0.0696709],"extended":false,"handId":687,"id":6871,"length":58.8075,"mcpPosition":[29.2489,252.574,-26.7753],"pipPosition":[11.5636,286.522,-46.2825],"stabilizedTipPosition":[-42.2718,309.628,130.718],"timeVisible":0.822508,"tipPosition":[0.108149,321.52,-44.6007],"tipVelocity":[-6.92811,11.0097,-238.303],"tool":false,"touchDistance":0.214896,"touchZone":"hovering","type":1,"width":19.3428},{"bases":[[[0.892422,0.444066,-0.0799287],[0.419479,-0.881805,-0.21554],[0.166195,-0.158824,0.973218]],[[0.901725,0.432117,-0.0129386],[0.172916,-0.387941,-0.905318],[0.396223,-0.814111,0.424536]],[[0.901725,0.432117,-0.0129386],[0.0250813,-0.0821703,-0.996303],[0.431583,-0.898066,0.0849331]],[[0.901725,0.432117,-0.0129386],[-0.0606511,0.096818,-0.993452],[0.428035,-0.896605,-0.113512]]],"btipPosition":[11.3675,338.886,-49.5483],"carpPosition":[62.377,246.178,39.0961],"dipPosition":[19.4112,322.037,-51.6814],"direction":[-0.431583,0.898066,-0.0849331],"extended":false,"handId":687,"id":6872,"length":67.0064,"mcpPosition":[50.7819,257.259,-28.8034],"pipPosition":[31.6838,296.499,-49.2662],"stabilizedTipPosition":[3.49538,333.114,-23.8691],"timeVisible":0.822508,"tipPosition":[13.5385,334.102,-52.3039],"tipVelocity":[5.67959,65.9578,44.5831],"tool":false,"touchDistance":0.333333,"touchZone":"hovering","type":2,"width":18.9972},{"bases":[[[0.872974,0.481056,0.0806368],[0.48725,-0.852439,-0.189565],[0.0224536,-0.204776,0.978551]],[[0.873,0.48081,0.0818091],[0.232148,-0.26213,-0.936694],[0.428927,-0.836725,0.340459]],[[0.873,0.48081,0.0818091],[-0.301008,0.663139,-0.685303],[0.383752,-0.573645,-0.723648]],[[0.873,0.48081,0.0818091],[-0.467639,0.872832,-0.139562],[0.138509,-0.0835808,-0.986828]]],"btipPosition":[39.7387,318.607,-0.897111],"carpPosition":[73.528,250.943,37.1265],"dipPosition":[42.3266,317.046,-19.335],"direction":[-0.383752,0.573645,0.723648],"extended":false,"handId":687,"id":6873,"length":64.4285,"mcpPosition":[72.1216,263.77,-24.17],"pipPosition":[52.9572,301.155,-39.3815],"stabilizedTipPosition":[12.8102,310.295,90.4327],"timeVisible":0.822508,"tipPosition":[40.3742,318.338,-6.14382],"tipVelocity":[-7.80872,41.0827,-86.927],"tool":false,"touchDistance":0.333333,"touchZone":"none","type":3,"width":18.077},{"bases":[[[0.777117,0.588313,0.223557],[0.617155,-0.78196,-0.0875133],[-0.123328,-0.205978,0.970754]],[[0.763061,0.567651,0.309047],[0.489562,-0.19544,-0.849784],[0.421981,-0.799734,0.427033]],[[0.763061,0.567651,0.309047],[-0.191137,0.654962,-0.731089],[0.617418,-0.498795,-0.608275]],[[0.763061,0.567651,0.309047],[-0.515175,0.822932,-0.239538],[0.390299,-0.0235685,-0.920387]]],"btipPosition":[56.1892,312.012,-4.7365],"carpPosition":[82.7624,261.628,38.8908],"dipPosition":[62.9167,311.605,-20.601],"direction":[-0.617418,0.498795,0.608275],"extended":false,"handId":687,"id":6874,"length":50.5107,"mcpPosition":[89.9135,273.572,-17.3986],"pipPosition":[74.9926,301.85,-32.4982],"stabilizedTipPosition":[42.2111,306.345,49.6183],"timeVisible":0.822508,"tipPosition":[58.0272,312.239,-9.50207],"tipVelocity":[-8.15795,46.5427,-84.1897],"tool":false,"touchDistance":0.333333,"touchZone":"none","type":4,"width":16.0574}],"r":[[0.943572,0.209354,0.256597],[0.0703479,0.630432,-0.77305],[-0.323608,0.74748,0.580131]],"s":0.773859,"t":[93.2011,21.1804,-271.541],"timestamp":523585444226},false],[2,{"currentFrameRate":110.515,"devices":[],"gestures":[],"hands":[{"armBasis":[[0.920009,0.358638,-0.157996],[0.208184,-0.788817,-0.578296],[0.332029,-0.499145,0.800382]],"armWidth":63.72,"confidence":0.280812,"direction":[-0.0846745,0.0125603,-0.996329],"elbow":[157.1,124.629,264.551],"grabStrength":0.786983,"id":687,"palmNormal":[-0.304571,0.951736,0.0378826],"palmPosition":[54.3319,261.85,-4.60516],"palmVelocity":[-9.55966,47.14,-74.6042],"palmWidth":90.99,"pinchStrength":0.914821,"r":[[0.941203,0.213353,0.261948],[0.0747248,0.624687,-0.777291],[-0.329473,0.751163,0.572015]],"s":0.769709,"sphereCenter":[25.9075,302.793,-16.3202],"sphereRadius":42.1837,"stabilizedPalmPosition":[38.1288,255.42,43.3041],"t":[92.9581,21.4583,-272.22],"timeVisible":0.8315,"type":"left","wrist":[67.4519,259.398,48.4478]}],"id":4263826,"interactionBox":{"center":[0,200,0],"size":[235.247,235.247,147.751]},"pointables":[{"bases":[[[0.637656,-0.725408,-0.259188],[-0.594269,-0.67733,0.433668],[0.490142,0.122503,0.862991]],[[0.386775,-0.713446,-0.584294],[-0.894413,-0.444519,-0.0492841],[0.224569,-0.541662,0.810044]],[[0.386775,-0.713446,-0.584294],[-0.905587,-0.41348,-0.0945817],[0.174115,-0.565711,0.806011]],[[0.386775,-0.713446,-0.584294],[-0.911449,-0.392103,-0.124563],[0.140235,-0.580732,0.801925]]],"btipPosition":[16.9776,320.809,-32.2301],"carpPosition":[37.4061,260.891,54.4547],"dipPosition":[20.2596,307.218,-13.4622],"direction":[-0.174115,0.565711,-0.806011],"extended":false,"handId":687,"id":6870,"length":52.1164,"mcpPosition":[37.4061,260.891,54.4547],"pipPosition":[26.1962,287.93,14.0193],"stabilizedTipPosition":[-5.03667,308.718,57.1194],"timeVisible":0.8315,"tipPosition":[16.6499,317.601,-27.5513],"tipVelocity":[5.09497,15.776,-166.437],"tool":false,"touchDistance":-0.519687,"touchZone":"hovering","type":0,"width":20.25},{"bases":[[[0.921033,0.304416,-0.242958],[0.26519,-0.947007,-0.181249],[0.285258,-0.102507,0.952953]],[[0.910114,0.307925,-0.277264],[-0.0732407,-0.539058,-0.839078],[0.407834,-0.783964,0.468051]],[[0.910114,0.307925,-0.277264],[-0.232647,-0.173977,-0.956874],[0.342883,-0.935369,0.0867014]],[[0.910114,0.307925,-0.277264],[-0.307296,0.0527103,-0.950153],[0.277961,-0.94995,-0.142596]]],"btipPosition":[-1.43743,324.95,-47.4426],"carpPosition":[50.1072,244.889,42.4337],"dipPosition":[3.3117,308.72,-49.8789],"direction":[-0.342883,0.935369,-0.0867014],"extended":false,"handId":687,"id":6871,"length":58.8075,"mcpPosition":[29.1208,252.431,-27.6747],"pipPosition":[11.5993,286.112,-47.7833],"stabilizedTipPosition":[-42.2399,309.636,130.582],"timeVisible":0.8315,"tipPosition":[0.0312697,321.091,-46.8005],"tipVelocity":[-6.07931,-5.12089,-238.372],"tool":false,"touchDistance":0.179144,"touchZone":"hovering","type":1,"width":19.3428},{"bases":[[[0.892311,0.44472,-0.0774946],[0.423282,-0.883929,-0.198749],[0.156888,-0.144544,0.976982]],[[0.90101,0.433685,-0.00989018],[0.171392,-0.376837,-0.910285],[0.398504,-0.818481,0.413864]],[[0.90101,0.433685,-0.00989018],[0.0314769,-0.0881004,-0.995614],[0.432654,-0.896747,0.0930304]],[[0.90101,0.433685,-0.00989018],[-0.0489128,0.0789131,-0.995681],[0.431032,-0.897602,-0.0923142]]],"btipPosition":[11.0527,338.949,-50.4168],"carpPosition":[61.6095,247.046,38.6044],"dipPosition":[19.1526,322.082,-52.1516],"direction":[-0.432654,0.896747,-0.0930304],"extended":false,"handId":687,"id":6872,"length":67.0064,"mcpPosition":[50.6638,257.13,-29.5577],"pipPosition":[31.4558,296.581,-49.5061],"stabilizedTipPosition":[5.69515,333.57,-30.1615],"timeVisible":0.8315,"tipPosition":[13.2873,334.093,-53.087],"tipVelocity":[-5.09061,49.6642,8.64483],"tool":false,"touchDistance":0.333333,"touchZone":"hovering","type":2,"width":18.9972},{"bases":[[[0.871208,0.483963,0.0823255],[0.490737,-0.854055,-0.172533],[0.0131888,-0.190712,0.981557]],[[0.871247,0.483324,0.0856001],[0.24172,-0.270695,-0.931824],[0.427201,-0.83254,0.352671]],[[0.871247,0.483324,0.0856001],[-0.29567,0.655974,-0.694462],[0.391801,-0.579739,-0.714419]],[[0.871247,0.483324,0.0856001],[-0.467778,0.870413,-0.15351],[0.148703,-0.0937036,-0.984432]]],"btipPosition":[39.2249,318.76,-2.38142],"carpPosition":[72.7702,251.805,36.6765],"dipPosition":[42.0033,317.009,-20.7746],"direction":[-0.391801,0.579739,0.714419],"extended":false,"handId":687,"id":6873,"length":64.4285,"mcpPosition":[71.9441,263.751,-24.8082],"pipPosition":[52.8569,300.949,-40.5654],"stabilizedTipPosition":[13.4325,310.48,88.2003],"timeVisible":0.8315,"tipPosition":[39.9095,318.45,-7.63542],"tipVelocity":[-20.0063,33.1268,-108.053],"tool":false,"touchDistance":0.333333,"touchZone":"none","type":3,"width":18.077},{"bases":[[[0.773739,0.593054,0.222745],[0.619492,-0.781855,-0.0702269],[-0.132506,-0.192326,0.972344]],[[0.759423,0.574251,0.305798],[0.493336,-0.201858,-0.846093],[0.424142,-0.793403,0.436595]],[[0.759423,0.574251,0.305798],[-0.191856,0.646793,-0.73814],[0.621666,-0.501891,-0.601362]],[[0.759423,0.574251,0.305798],[-0.517416,0.818032,-0.251206],[0.394408,-0.0325467,-0.918359]]],"btipPosition":[55.6948,312.117,-5.84934],"carpPosition":[81.9661,262.533,38.3784],"dipPosition":[62.4931,311.556,-21.6789],"direction":[-0.621666,0.501891,0.601362],"extended":false,"handId":687,"id":6874,"length":50.5107,"mcpPosition":[89.6495,273.686,-18.0032],"pipPosition":[74.6522,301.74,-33.4408],"stabilizedTipPosition":[42.7981,306.565,47.3124],"timeVisible":0.8315,"tipPosition":[57.5561,312.3,-10.6342],"tipVelocity":[-20.5076,35.8988,-94.8011],"tool":false,"touchDistance":0.333333,"touchZone":"none","type":4,"width":16.0574}],"r":[[0.941203,0.213353,0.261948],[0.0747248,0.624687,-0.777291],[-0.329473,0.751163,0.572015]],"s":0.769709,"t":[92.9581,21.4583,-272.22],"timestamp":523585453218},false],[3,{"currentFrameRate":110.525,"devices":[],"gestures":[],"hands":[{"armBasis":[[0.918063,0.363668,-0.157814],[0.211792,-0.786444,-0.580216],[0.335118,-0.499251,0.799027]],"armWidth":63.72,"confidence":0.284396,"direction":[-0.0764022,0.00301318,-0.997073],"elbow":[157.189,125.253,263.815],"grabStrength":0.809494,"id":687,"palmNormal":[-0.307266,0.951257,0.0264194],"palmPosition":[54.0232,261.973,-5.10298],"palmVelocity":[-16.3392,37.8992,-69.2418],"palmWidth":90.99,"pinchStrength":0.923226,"r":[[0.938719,0.217556,0.26735],[0.0792417,0.618651,-0.78166],[-0.335451,0.754944,0.5635]],"s":0.768412,"sphereCenter":[25.756,302.508,-17.3795],"sphereRadius":41.8902,"stabilizedPalmPosition":[39.0497,255.8,40.4995],"t":[92.6823,21.6585,-272.808],"timeVisible":0.84053,"type":"left","wrist":[66.7069,260.051,48.0779]}],"id":4263827,"interactionBox":{"center":[0,200,0],"size":[235.247,235.247,147.751]},"pointables":[{"bases":[[[0.641613,-0.726149,-0.247064],[-0.596158,-0.674777,0.435053],[0.482627,0.131846,0.865845]],[[0.393744,-0.71796,-0.574021],[-0.8928,-0.447335,-0.0528998],[0.2188,-0.533315,0.81713]],[[0.393744,-0.71796,-0.574021],[-0.903648,-0.416782,-0.0985558],[0.168482,-0.557519,0.812888]],[[0.393744,-0.71796,-0.574021],[-0.909309,-0.395675,-0.128838],[0.134625,-0.572691,0.808641]]],"btipPosition":[16.7913,320.557,-33.6095],"carpPosition":[36.6085,261.523,53.8206],"dipPosition":[19.942,307.154,-14.6844],"direction":[-0.168482,0.557519,-0.812888],"extended":false,"handId":687,"id":6870,"length":52.1164,"mcpPosition":[36.6085,261.523,53.8206],"pipPosition":[25.6865,288.145,13.0315],"stabilizedTipPosition":[-4.76712,308.823,56.087],"timeVisible":0.84053,"tipPosition":[16.4496,317.401,-28.9061],"tipVelocity":[-2.91127,5.05424,-161.568],"tool":false,"touchDistance":-0.5162,"touchZone":"hovering","type":0,"width":20.25},{"bases":[[[0.922258,0.304513,-0.238144],[0.269068,-0.947973,-0.170146],[0.277566,-0.0928419,0.95621]],[[0.913752,0.307096,-0.265989],[-0.0654624,-0.53486,-0.842401],[0.400965,-0.787158,0.468626]],[[0.913752,0.307096,-0.265989],[-0.218406,-0.180749,-0.958973],[0.342574,-0.934356,0.0980883]],[[0.913752,0.307096,-0.265989],[-0.291018,0.0379082,-0.955966],[0.28349,-0.950923,-0.124009]]],"btipPosition":[-1.32115,324.922,-48.6771],"carpPosition":[49.4494,245.442,42.0562],"dipPosition":[3.52245,308.675,-50.7959],"direction":[-0.342574,0.934356,-0.0980883],"extended":false,"handId":687,"id":6871,"length":58.8075,"mcpPosition":[29.029,252.273,-28.2918],"pipPosition":[11.8026,286.091,-48.4251],"stabilizedTipPosition":[-42.2183,309.642,130.489],"timeVisible":0.84053,"tipPosition":[0.0313296,320.926,-48.195],"tipVelocity":[-0.197037,-4.70536,-208.153],"tool":false,"touchDistance":0.159786,"touchZone":"hovering","type":1,"width":19.3428},{"bases":[[[0.891806,0.446284,-0.0742486],[0.427142,-0.884652,-0.186923],[0.149105,-0.134985,0.979565]],[[0.899935,0.435971,-0.006864],[0.171288,-0.367964,-0.913927],[0.400971,-0.821299,0.40582]],[[0.899935,0.435971,-0.006864],[0.0361592,-0.0903096,-0.995257],[0.434523,-0.895418,0.0970371]],[[0.899935,0.435971,-0.006864],[-0.040833,0.0685938,-0.996809],[0.434109,-0.897343,-0.0795319]]],"btipPosition":[10.734,338.922,-50.8653],"carpPosition":[60.9778,247.592,38.3025],"dipPosition":[18.8918,322.059,-52.3598],"direction":[-0.434523,0.895418,-0.0970371],"extended":false,"handId":687,"id":6872,"length":67.0064,"mcpPosition":[50.575,257.01,-30.0398],"pipPosition":[31.2481,296.597,-49.6004],"stabilizedTipPosition":[7.43086,333.94,-35.4445],"timeVisible":0.84053,"tipPosition":[13.0105,334.071,-53.4405],"tipVelocity":[-13.0008,35.1975,-5.72547],"tool":false,"touchDistance":0.333333,"touchZone":"hovering","type":2,"width":18.9972},{"bases":[[[0.869273,0.486966,0.0850154],[0.494301,-0.854359,-0.160429],[0.00548977,-0.18148,0.983379]],[[0.869289,0.485495,0.0928986],[0.240785,-0.25177,-0.937355],[0.431692,-0.837201,0.335761]],[[0.869289,0.485495,0.0928986],[-0.298689,0.665665,-0.683868],[0.393854,-0.566731,-0.723668]],[[0.869289,0.485495,0.0928986],[-0.469772,0.869898,-0.150307],[0.153785,-0.0870188,-0.984265]]],"btipPosition":[38.7266,318.462,-1.74061],"carpPosition":[72.1422,252.362,36.4229],"dipPosition":[41.5999,316.836,-20.1306],"direction":[-0.393854,0.566731,0.723668],"extended":false,"handId":687,"id":6873,"length":64.4285,"mcpPosition":[71.7983,263.73,-25.176],"pipPosition":[52.5105,301.136,-40.1777],"stabilizedTipPosition":[13.9421,310.63,86.3512],"timeVisible":0.84053,"tipPosition":[39.4549,318.215,-7.38615],"tipVelocity":[-29.0258,15.7956,-58.7374],"tool":false,"touchDistance":0.333333,"touchZone":"none","type":3,"width":18.077},{"bases":[[[0.770364,0.597115,0.22359],[0.622018,-0.780871,-0.057739],[-0.140119,-0.183557,0.972971]],[[0.757103,0.580996,0.298727],[0.491369,-0.205092,-0.846459],[0.430524,-0.787642,0.440759]],[[0.757103,0.580996,0.298727],[-0.198506,0.640231,-0.742091],[0.622407,-0.502541,-0.600052]],[[0.757103,0.580996,0.298727],[-0.522133,0.81296,-0.257823],[0.392647,-0.0392241,-0.918852]]],"btipPosition":[55.2569,312.129,-6.32814],"carpPosition":[81.2966,263.13,38.1003],"dipPosition":[62.0249,311.453,-22.1662],"direction":[-0.622407,0.502541,0.600052],"extended":false,"handId":687,"id":6874,"length":50.5107,"mcpPosition":[89.4214,273.774,-18.3176],"pipPosition":[74.1984,301.624,-33.9025],"stabilizedTipPosition":[43.2261,306.731,45.5631],"timeVisible":0.84053,"tipPosition":[57.1212,312.28,-11.1623],"tipVelocity":[-28.4261,25.5789,-83.3571],"tool":false,"touchDistance":0.333333,"touchZone":"none","type":4,"width":16.0574}],"r":[[0.938719,0.217556,0.26735],[0.0792417,0.618651,-0.78166],[-0.335451,0.754944,0.5635]],"s":0.768412,"t":[92.6823,21.6585,-272.808],"timestamp":523585462248},false],[4,{"currentFrameRate":110.555,"devices":[],"gestures":[],"hands":[{"armBasis":[[0.916323,0.367944,-0.158014],[0.214764,-0.784614,-0.581599],[0.337976,-0.498997,0.797981]],"armWidth":63.72,"confidence":0.288748,"direction":[-0.0702324,-0.00395022,-0.997523],"elbow":[157.33,125.728,263.318],"grabStrength":0.855817,"id":687,"palmNormal":[-0.309473,0.950737,0.0180241],"palmPosition":[53.7186,261.988,-5.4067],"palmVelocity":[-21.1498,27.9581,-59.5092],"palmWidth":90.99,"pinchStrength":0.9386,"r":[[0.936262,0.221724,0.27249],[0.083593,0.612768,-0.785829],[-0.341211,0.75852,0.555177]],"s":0.766696,"sphereCenter":[26.0952,302.437,-18.0985],"sphereRadius":41.4683,"stabilizedPalmPosition":[39.741,256.091,38.3362],"t":[92.3921,21.7661,-273.254],"timeVisible":0.849523,"type":"left","wrist":[66.0768,260.457,47.8634]}],"id":4263828,"interactionBox":{"center":[0,200,0],"size":[235.247,235.247,147.751]},"pointables":[{"bases":[[[0.644695,-0.726404,-0.238131],[-0.597385,-0.673105,0.435959],[0.47697,0.138804,0.86789]],[[0.399127,-0.721056,-0.566371],[-0.891441,-0.449703,-0.055682],[0.214549,-0.52711,0.822267]],[[0.399127,-0.721056,-0.566371],[-0.902046,-0.419513,-0.101591],[0.164347,-0.551441,0.817865]],[[0.399127,-0.721056,-0.566371],[-0.907561,-0.398601,-0.132101],[0.130504,-0.566741,0.813495]]],"btipPosition":[16.5728,320.279,-34.56],"carpPosition":[35.9403,261.901,53.4099],"dipPosition":[19.6271,307.015,-15.5213],"direction":[-0.164347,0.551441,-0.817865],"extended":false,"handId":687,"id":6870,"length":52.1164,"mcpPosition":[35.9403,261.901,53.4099],"pipPosition":[25.2306,288.213,12.3643],"stabilizedTipPosition":[-4.58933,308.891,55.3912],"timeVisible":0.849523,"tipPosition":[16.2251,317.163,-29.8399],"tipVelocity":[-9.45613,-3.83475,-145.438],"tool":false,"touchDistance":-0.506779,"touchZone":"hovering","type":0,"width":20.25},{"bases":[[[0.923056,0.304909,-0.234516],[0.27216,-0.948517,-0.162003],[0.271838,-0.0857125,0.958518]],[[0.920749,0.305616,-0.242529],[-0.05502,-0.5137,-0.856204],[0.386256,-0.801693,0.456173]],[[0.920749,0.305616,-0.242529],[-0.192676,-0.184351,-0.96379],[0.33926,-0.934138,0.110856]],[[0.920749,0.305616,-0.242529],[-0.259611,0.0158866,-0.965583],[0.291244,-0.952022,-0.0939688]]],"btipPosition":[-0.881154,325.362,-49.3549],"carpPosition":[48.8885,245.769,41.8351],"dipPosition":[4.09493,309.096,-50.9604],"direction":[-0.33926,0.934138,-0.110856],"extended":false,"handId":687,"id":6871,"length":58.8075,"mcpPosition":[28.8895,252.075,-28.6827],"pipPosition":[12.295,286.518,-48.281],"stabilizedTipPosition":[-42.2031,309.647,130.425],"timeVisible":0.849523,"tipPosition":[0.220115,321.068,-49.0182],"tipVelocity":[14.2123,9.88789,-168.115],"tool":false,"touchDistance":0.150457,"touchZone":"hovering","type":1,"width":19.3428},{"bases":[[[0.891284,0.447727,-0.0717835],[0.430197,-0.884965,-0.178235],[0.143327,-0.127977,0.981366]],[[0.899016,0.437894,-0.00430077],[0.172027,-0.362176,-0.916098],[0.402712,-0.822847,0.400932]],[[0.899016,0.437894,-0.00430077],[0.040787,-0.0935077,-0.994783],[0.436012,-0.89415,0.101925]],[[0.899016,0.437894,-0.00430077],[-0.0335817,0.059146,-0.997684],[0.436626,-0.897079,-0.0678785]]],"btipPosition":[10.4211,338.794,-51.2777],"carpPosition":[60.4353,247.919,38.1381],"dipPosition":[18.6262,321.936,-52.5533],"direction":[-0.436012,0.89415,-0.101925],"extended":false,"handId":687,"id":6872,"length":67.0064,"mcpPosition":[50.4356,256.848,-30.3298],"pipPosition":[31.0248,296.509,-49.6549],"stabilizedTipPosition":[8.61035,334.176,-39.3443],"timeVisible":0.849523,"tipPosition":[12.7157,333.964,-53.7213],"tipVelocity":[-18.6493,21.6446,-15.2028],"tool":false,"touchDistance":0.333333,"touchZone":"hovering","type":2,"width":18.9972},{"bases":[[[0.867678,0.489444,0.0870567],[0.497126,-0.854344,-0.151534],[-0.00020895,-0.174761,0.984611]],[[0.867632,0.487648,0.0970325],[0.246739,-0.252853,-0.935514],[0.431666,-0.835623,0.339704]],[[0.867632,0.487648,0.0970325],[-0.296089,0.663521,-0.687074],[0.399433,-0.567397,-0.720079]],[[0.867632,0.487648,0.0970325],[-0.470548,0.868367,-0.156597],[0.160624,-0.0902103,-0.982885]]],"btipPosition":[38.261,318.386,-2.24705],"carpPosition":[71.6008,252.701,36.295],"dipPosition":[41.2621,316.701,-20.6113],"direction":[-0.399433,0.567397,0.720079],"extended":false,"handId":687,"id":6873,"length":64.4285,"mcpPosition":[71.6139,263.648,-25.381],"pipPosition":[52.3272,300.983,-40.5589],"stabilizedTipPosition":[14.375,310.757,84.7446],"timeVisible":0.849523,"tipPosition":[39.0243,318.125,-7.83681],"tipVelocity":[-34.3713,8.74799,-57.8916],"tool":false,"touchDistance":0.333333,"touchZone":"none","type":3,"width":18.077},{"bases":[[[0.767676,0.600317,0.224263],[0.624045,-0.779878,-0.0485614],[-0.145745,-0.177229,0.973318]],[[0.756076,0.586972,0.289505],[0.481582,-0.199403,-0.853415],[0.443203,-0.784667,0.433439]],[[0.756076,0.586972,0.289505],[-0.213308,0.639188,-0.738877],[0.618748,-0.496893,-0.60848]],[[0.756076,0.586972,0.289505],[-0.529559,0.80859,-0.256416],[0.3846,-0.0405599,-0.922192]]],"btipPosition":[54.7699,311.939,-6.01195],"carpPosition":[80.7214,263.499,37.9554],"dipPosition":[61.3992,311.24,-21.9076],"direction":[-0.618748,0.496893,0.60848],"extended":false,"handId":687,"id":6874,"length":50.5107,"mcpPosition":[89.1724,273.776,-18.4827],"pipPosition":[73.5011,301.521,-33.8087],"stabilizedTipPosition":[43.593,306.872,44.0124],"timeVisible":0.849523,"tipPosition":[56.641,312.092,-11.0041],"tipVelocity":[-36.4602,12.595,-51.24],"tool":false,"touchDistance":0.333333,"touchZone":"none","type":4,"width":16.0574}],"r":[[0.936262,0.221724,0.27249],[0.083593,0.612768,-0.785829],[-0.341211,0.75852,0.555177]],"s":0.766696,"t":[92.3921,21.7661,-273.254],"timestamp":523585471241},false],[5,{"currentFrameRate":110.556,"devices":[],"gestures":[],"hands":[{"armBasis":[[0.914263,0.37337,-0.157218],[0.219184,-0.782252,-0.58313],[0.340707,-0.498675,0.797021]],"armWidth":63.72,"confidence":0.292894,"direction":[-0.0640094,-0.00820548,-0.997916],"elbow":[157.511,126.023,263.01],"grabStrength":0.888802,"id":687,"palmNormal":[-0.312645,0.949791,0.0122442],"palmPosition":[53.4887,261.941,-5.53725],"palmVelocity":[-22.327,18.8161,-47.0829],"palmWidth":90.99,"pinchStrength":0.949291,"r":[[0.933773,0.225915,0.277544],[0.0876912,0.607464,-0.789492],[-0.346956,0.761545,0.547422]],"s":0.767081,"sphereCenter":[26.104,302.186,-18.5312],"sphereRadius":41.2291,"stabilizedPalmPosition":[40.2852,256.323,36.5993],"t":[92.132,21.7964,-273.542],"timeVisible":0.858566,"type":"left","wrist":[65.52,260.665,47.8143]}],"id":4263829,"interactionBox":{"center":[0,200,0],"size":[235.247,235.247,147.751]},"pointables":[{"bases":[[[0.648504,-0.725259,-0.231174],[-0.597912,-0.673278,0.434968],[0.471109,0.143857,0.870265]],[[0.40523,-0.722096,-0.560684],[-0.889575,-0.452872,-0.0596873],[0.210818,-0.522957,0.825876]],[[0.40523,-0.722096,-0.560684],[-0.89997,-0.422928,-0.105765],[0.160756,-0.547458,0.821248]],[[0.40523,-0.722096,-0.560684],[-0.905357,-0.402135,-0.136438],[0.12695,-0.562908,0.816712]]],"btipPosition":[16.3694,319.979,-35.173],"carpPosition":[35.3451,262.034,53.1677],"dipPosition":[19.3405,306.805,-16.059],"direction":[-0.160756,0.547458,-0.821248],"extended":false,"handId":687,"id":6870,"length":52.1164,"mcpPosition":[35.3451,262.034,53.1677],"pipPosition":[24.8216,288.139,11.9419],"stabilizedTipPosition":[-4.46775,308.936,54.9071],"timeVisible":0.858566,"tipPosition":[16.0181,316.888,-30.4451],"tipVelocity":[-13.6333,-11.3007,-123.502],"tool":false,"touchDistance":-0.493369,"touchZone":"hovering","type":0,"width":20.25},{"bases":[[[0.92351,0.306959,-0.230013],[0.276221,-0.948273,-0.15646],[0.266142,-0.0809581,0.960528]],[[0.925103,0.306463,-0.224196],[-0.044964,-0.497865,-0.866088],[0.377044,-0.811302,0.446797]],[[0.925103,0.306463,-0.224196],[-0.172587,-0.18656,-0.967165],[0.338227,-0.933422,0.119695]],[[0.925103,0.306463,-0.224196],[-0.235663,0.000427348,-0.971835],[0.297736,-0.951882,-0.0726174]]],"btipPosition":[-0.623726,325.533,-49.7744],"carpPosition":[48.417,245.897,41.7391],"dipPosition":[4.46327,309.27,-51.0151],"direction":[-0.338227,0.933421,-0.119695],"extended":false,"handId":687,"id":6871,"length":58.8075,"mcpPosition":[28.837,251.853,-28.9266],"pipPosition":[12.6383,286.709,-48.1221],"stabilizedTipPosition":[-42.1915,309.65,130.376],"timeVisible":0.858566,"tipPosition":[0.343623,321.092,-49.5528],"tipVelocity":[18.92,12.4075,-131.998],"tool":false,"touchDistance":0.144863,"touchZone":"hovering","type":1,"width":19.3428},{"bases":[[[0.890265,0.450329,-0.0680624],[0.434151,-0.884274,-0.171968],[0.137628,-0.123548,0.982748]],[[0.897572,0.440867,-0.000962483],[0.175487,-0.359279,-0.916582],[0.404437,-0.82253,0.399845]],[[0.897572,0.440867,-0.000962483],[0.0465518,-0.0969465,-0.9942],[0.438403,-0.892321,0.10754]],[[0.897572,0.440867,-0.000962483],[-0.0263945,0.0515577,-0.998321],[0.440077,-0.89609,-0.0579132]]],"btipPosition":[10.147,338.549,-51.7017],"carpPosition":[59.9796,248.07,38.1051],"dipPosition":[18.4169,321.71,-52.79],"direction":[-0.438403,0.892321,-0.10754],"extended":false,"handId":687,"id":6872,"length":67.0064,"mcpPosition":[50.3776,256.689,-30.4592],"pipPosition":[30.8835,296.336,-49.7319],"stabilizedTipPosition":[9.32529,334.28,-41.9656],"timeVisible":0.858566,"tipPosition":[12.4661,333.755,-54.0037],"tipVelocity":[-21.4094,8.36463,-22.623],"tool":false,"touchDistance":0.333333,"touchZone":"hovering","type":2,"width":18.9972},{"bases":[[[0.865536,0.49261,0.0904576],[0.500813,-0.853328,-0.144976],[-0.00577339,-0.170784,0.985292]],[[0.865389,0.490352,0.103234],[0.247139,-0.238431,-0.939187],[0.435919,-0.838275,0.327521]],[[0.865389,0.490352,0.103234],[-0.300523,0.672715,-0.676121],[0.400985,-0.554084,-0.729522]],[[0.865389,0.490352,0.103234],[-0.474284,0.867997,-0.147091],[0.161733,-0.0783289,-0.983721]]],"btipPosition":[37.896,317.845,-1.45105],"carpPosition":[71.1409,252.88,36.312],"dipPosition":[40.9178,316.381,-19.8309],"direction":[-0.400985,0.554084,0.729522],"extended":false,"handId":687,"id":6873,"length":64.4285,"mcpPosition":[71.5025,263.578,-25.4066],"pipPosition":[52.0258,301.032,-40.0401],"stabilizedTipPosition":[14.9838,310.927,82.4713],"timeVisible":0.858566,"tipPosition":[38.6516,317.714,-7.24955],"tipVelocity":[-35.8795,-8.62546,-17.7732],"tool":false,"touchDistance":0.333333,"touchZone":"none","type":3,"width":18.077},{"bases":[[[0.764324,0.60371,0.226589],[0.626848,-0.778035,-0.0415201],[-0.151228,-0.173772,0.973105]],[[0.753289,0.591574,0.287396],[0.480887,-0.197315,-0.854292],[0.448669,-0.781734,0.433115]],[[0.753289,0.591574,0.287396],[-0.218183,0.637007,-0.739336],[0.620445,-0.494229,-0.608922]],[[0.753289,0.591574,0.287396],[-0.533457,0.805163,-0.259107],[0.384682,-0.0418694,-0.922099]]],"btipPosition":[54.3546,311.821,-5.95128],"carpPosition":[80.2161,263.715,37.9852],"dipPosition":[60.9853,311.099,-21.8453],"direction":[-0.620445,0.494229,0.608922],"extended":false,"handId":687,"id":6874,"length":50.5107,"mcpPosition":[88.985,273.791,-18.4405],"pipPosition":[73.1205,301.433,-33.7551],"stabilizedTipPosition":[43.9687,307.019,42.3728],"timeVisible":0.858566,"tipPosition":[56.2228,311.956,-10.9399],"tipVelocity":[-39.0588,5.36771,-35.2524],"tool":false,"touchDistance":0.333333,"touchZone":"none","type":4,"width":16.0574}],"r":[[0.933773,0.225915,0.277544],[0.0876912,0.607464,-0.789492],[-0.346956,0.761545,0.547422]],"s":0.767081,"t":[92.132,21.7964,-273.542],"timestamp":523585480284},false],[6,{"currentFrameRate":110.461,"devices":[],"gestures":[],"hands":[{"armBasis":[[0.911873,0.378217,-0.159496],[0.221425,-0.78043,-0.584722],[0.345628,-0.497876,0.7954]],"armWidth":63.72,"confidence":0.295852,"direction":[-0.0589214,-0.0138127,-0.998167],"elbow":[158.172,126.306,262.532],"grabStrength":0.911891,"id":687,"palmNormal":[-0.314247,0.949326,0.00541307],"palmPosition":[53.0902,261.694,-5.64394],"palmVelocity":[-28.1824,6.05866,-37.1293],"palmWidth":90.99,"pinchStrength":0.956688,"r":[[0.931387,0.229904,0.282246],[0.0916053,0.602364,-0.792948],[-0.352317,0.764396,0.539973]],"s":0.76899,"sphereCenter":[25.9291,301.765,-18.9784],"sphereRadius":41.0466,"stabilizedPalmPosition":[40.7543,256.52,35.0517],"t":[91.8027,21.6885,-273.74],"timeVisible":0.867787,"type":"left","wrist":[64.8522,260.733,47.7742]}],"id":4263830,"interactionBox":{"center":[0,200,0],"size":[235.247,235.247,147.751]},"pointables":[{"bases":[[[0.650849,-0.725449,-0.223871],[-0.599021,-0.671858,0.435638],[0.466443,0.149431,0.871838]],[[0.409489,-0.724558,-0.554377],[-0.888478,-0.454715,-0.0619702],[0.207182,-0.517928,0.829955]],[[0.409489,-0.724558,-0.554377],[-0.898667,-0.425065,-0.108247],[0.157215,-0.542526,0.825196]],[[0.409489,-0.724558,-0.554377],[-0.903928,-0.404431,-0.139102],[0.123419,-0.558078,0.820559]]],"btipPosition":[16.0574,319.494,-35.8022],"carpPosition":[34.6482,262.081,52.9667],"dipPosition":[18.9458,306.433,-16.5982],"direction":[-0.157215,0.542526,-0.825196],"extended":false,"handId":687,"id":6870,"length":52.1164,"mcpPosition":[34.6482,262.081,52.9667],"pipPosition":[24.3062,287.935,11.5374],"stabilizedTipPosition":[-4.37641,308.968,54.5352],"timeVisible":0.867787,"tipPosition":[15.7022,316.436,-31.0618],"tipVelocity":[-19.8745,-22.0783,-107.383],"tool":false,"touchDistance":-0.481493,"touchZone":"hovering","type":0,"width":20.25},{"bases":[[[0.924167,0.307213,-0.227015],[0.278554,-0.948663,-0.149818],[0.261387,-0.0752213,0.962299]],[[0.928592,0.305852,-0.210169],[-0.0363622,-0.488622,-0.871737],[0.369316,-0.817131,0.442609]],[[0.928592,0.305852,-0.210169],[-0.156563,-0.190589,-0.969105],[0.336459,-0.932808,0.129095]],[[0.928592,0.305852,-0.210169],[-0.216633,-0.0130646,-0.976166],[0.301308,-0.951989,-0.0541259]]],"btipPosition":[-0.57286,325.355,-50.3131],"carpPosition":[47.8043,245.904,41.6939],"dipPosition":[4.57517,309.09,-51.2379],"direction":[-0.336459,0.932808,-0.129095],"extended":false,"handId":687,"id":6871,"length":58.8075,"mcpPosition":[28.5742,251.438,-29.102],"pipPosition":[12.7075,286.543,-48.1176],"stabilizedTipPosition":[-42.1828,309.652,130.339],"timeVisible":0.867787,"tipPosition":[0.301684,320.836,-50.144],"tipVelocity":[15.5899,3.4965,-109.167],"tool":false,"touchDistance":0.137097,"touchZone":"hovering","type":1,"width":19.3428},{"bases":[[[0.889866,0.451418,-0.0660285],[0.436457,-0.884489,-0.164878],[0.13283,-0.1179,0.984101]],[[0.896833,0.442368,0.000968493],[0.17867,-0.360221,-0.915597],[0.404682,-0.821311,0.402096]],[[0.896833,0.442368,0.000968493],[0.0520985,-0.103447,-0.99327],[0.43929,-0.890848,0.115822]],[[0.896833,0.442368,0.000968493],[-0.0195014,0.0417232,-0.998939],[0.441939,-0.895863,-0.0460456]]],"btipPosition":[9.81178,338.056,-52.3615],"carpPosition":[59.3816,248.075,38.1068],"dipPosition":[18.1167,321.221,-53.2268],"direction":[-0.43929,0.890848,-0.115822],"extended":false,"handId":687,"id":6872,"length":67.0064,"mcpPosition":[50.1143,256.301,-30.552],"pipPosition":[30.6085,295.888,-49.9332],"stabilizedTipPosition":[9.73447,334.264,-43.7745],"timeVisible":0.867787,"tipPosition":[12.1455,333.272,-54.5257],"tipVelocity":[-25.3533,-8.95272,-34.7783],"tool":false,"touchDistance":0.333333,"touchZone":"hovering","type":2,"width":18.9972},{"bases":[[[0.864263,0.494532,0.0921281],[0.50293,-0.853285,-0.137719],[-0.0105052,-0.165359,0.986177]],[[0.864009,0.491997,0.1069],[0.247778,-0.23068,-0.940953],[0.438287,-0.839479,0.321216]],[[0.864009,0.491997,0.1069],[-0.302022,0.676357,-0.671807],[0.40283,-0.548161,-0.732972]],[[0.864009,0.491997,0.1069],[-0.475793,0.86732,-0.14621],[0.164652,-0.0754646,-0.983461]]],"btipPosition":[37.3841,317.355,-1.10239],"carpPosition":[70.5441,252.894,36.3438],"dipPosition":[40.4604,315.945,-19.4774],"direction":[-0.40283,0.548161,0.732972],"extended":false,"handId":687,"id":6873,"length":64.4285,"mcpPosition":[71.2021,263.252,-25.4304],"pipPosition":[51.6196,300.76,-39.7822],"stabilizedTipPosition":[15.8872,311.166,79.0387],"timeVisible":0.867787,"tipPosition":[38.1569,317.255,-6.95526],"tipVelocity":[-41.0008,-20.721,-2.16002],"tool":false,"touchDistance":0.333333,"touchZone":"none","type":3,"width":18.077},{"bases":[[[0.76218,0.606213,0.227128],[0.628315,-0.777214,-0.0340418],[-0.155891,-0.168654,0.97327]],[[0.751917,0.595474,0.282897],[0.475859,-0.193245,-0.858029],[0.456266,-0.779787,0.428666]],[[0.751917,0.595474,0.282897],[-0.227536,0.637155,-0.736384],[0.618747,-0.48933,-0.61458]],[[0.751917,0.595474,0.282897],[-0.538711,0.802336,-0.256997],[0.380014,-0.0408401,-0.924079]]],"btipPosition":[53.847,311.38,-5.64078],"carpPosition":[79.593,263.753,38.0031],"dipPosition":[60.3972,310.676,-21.5689],"direction":[-0.618747,0.48933,0.61458],"extended":false,"handId":687,"id":6874,"length":50.5107,"mcpPosition":[88.6324,273.533,-18.4321],"pipPosition":[72.4992,301.105,-33.5894],"stabilizedTipPosition":[44.4518,307.197,40.1801],"timeVisible":0.867787,"tipPosition":[55.6997,311.532,-10.7097],"tipVelocity":[-44.1029,-9.42428,-16.1728],"tool":false,"touchDistance":0.333333,"touchZone":"none","type":4,"width":16.0