{"sensorType":"Leap","data":[[0,{"currentFrameRate":108.867,"devices":[],"gestures":[],"hands":[{"armBasis":[[0.962168,0.0732288,-0.262433],[0.0573842,0.887133,0.457933],[0.266347,-0.455668,0.849368]],"armWidth":63.487,"confidence":0.691262,"direction":[-0.18709,0.691179,-0.698046],"elbow":[147.171,114.363,290.318],"grabStrength":0,"id":693,"palmNormal":[-0.114981,-0.721117,-0.683206],"palmPosition":[57.5495,270.666,22.9576],"palmVelocity":[129.59,220.897,-247.134],"palmWidth":90.6573,"pinchStrength":0.962565,"r":[[0.984157,0.0937481,0.150488],[-0.0973756,0.995104,0.0169031],[-0.148167,-0.0312892,0.988467]],"s":0.937337,"sphereCenter":[51.0726,250.416,-21.7962],"sphereRadius":46.1426,"stabilizedPalmPosition":[11.2891,254.132,132.631],"t":[41.142,27.7676,-100.739],"timeVisible":4.11232,"type":"right","wrist":[75.5198,236.944,61.8267]}],"id":4268807,"interactionBox":{"center":[0,200,0],"size":[235.247,235.247,147.751]},"pointables":[{"bases":[[[0.45891,0.798995,0.388598],[-0.660714,0.0144758,0.750498],[0.594019,-0.601163,0.53455]],[[0.220628,0.959397,0.175729],[-0.777415,0.0641706,0.625706],[0.589024,-0.274662,0.760007]],[[0.220628,0.959397,0.175729],[-0.95514,0.176026,0.238164],[0.197561,-0.220391,0.955195]],[[0.220628,0.959397,0.175729],[-0.773529,0.281856,-0.567635],[-0.594117,-0.0106951,0.804307]]],"btipPosition":[25.0571,246.873,-26.0583],"carpPosition":[47.2099,225.477,62.9444],"dipPosition":[11.2035,246.624,-7.30345],"direction":[-0.197561,0.220391,-0.955195],"extended":false,"handId":693,"id":6930,"length":51.9258,"mcpPosition":[47.2099,225.477,62.9444],"pipPosition":[17.9148,239.137,25.1454],"stabilizedTipPosition":[-47.6674,241.534,140.436],"timeVisible":4.11232,"tipPosition":[22.4854,246.988,-20.8034],"tipVelocity":[156.172,185.293,-290.925],"tool":false,"touchDistance":-0.707229,"touchZone":"hovering","type":0,"width":20.176},{"bases":[[[0.930328,0.162934,-0.328546],[0.062051,0.813028,0.578908],[0.361441,-0.558961,0.746273]],[[0.959554,0.110986,-0.258722],[0.00958316,0.9056,0.424025],[0.28136,-0.409355,0.867909]],[[0.959554,0.110986,-0.258722],[-0.043722,0.966609,0.252498],[0.278107,-0.230974,0.932367]],[[0.959554,0.110986,-0.258722],[-0.0828855,0.989651,0.117132],[0.269045,-0.0909502,0.958824]]],"btipPosition":[5.48019,312.882,-63.5391],"carpPosition":[55.2951,247.276,67.0896],"dipPosition":[10.0602,311.333,-47.2169],"direction":[-0.278107,0.230974,-0.932367],"extended":true,"handId":693,"id":6931,"length":58.5925,"mcpPosition":[28.8012,288.248,12.3874],"pipPosition":[16.7576,305.771,-24.7637],"stabilizedTipPosition":[-56.5499,309.228,82.3856],"timeVisible":4.11232,"tipPosition":[7.21821,312.057,-60.0745],"tipVelocity":[136.522,187.901,-278.839],"tool":false,"touchDistance":-0.757548,"touchZone":"hovering","type":1,"width":19.2721},{"bases":[[[0.946306,-0.0550867,-0.318544],[0.226361,0.8164,0.531273],[0.230794,-0.574853,0.785034]],[[0.947077,-0.0570214,-0.3159],[-0.106015,0.873319,-0.475474],[0.302994,0.483801,0.821055]],[[0.947077,-0.0570214,-0.3159],[-0.320427,-0.226985,-0.919676],[-0.0192635,0.972227,-0.233244]],[[0.947077,-0.0570214,-0.3159],[-0.241585,-0.774628,-0.584456],[-0.211378,0.629842,-0.747408]]],"btipPosition":[40.3882,228.348,-9.75198],"carpPosition":[66.4789,250.961,63.6462],"dipPosition":[36.4305,240.141,-23.7459],"direction":[0.0192635,-0.972227,0.233244],"extended":false,"handId":693,"id":6932,"length":66.7614,"mcpPosition":[50.4358,290.92,9.0762],"pipPosition":[35.8848,267.686,-30.3543],"stabilizedTipPosition":[-26.2985,220.157,148.975],"timeVisible":4.11232,"tipPosition":[40.0546,230.426,-11.1876],"tipVelocity":[145.592,239.709,-326.651],"tool":false,"touchDistance":0.333333,"touchZone":"none","type":2,"width":18.9277},{"bases":[[[0.95018,-0.200467,-0.238685],[0.300634,0.791637,0.531911],[0.0823218,-0.577168,0.812465]],[[0.951143,-0.207727,-0.228424],[0.0604496,0.8508,-0.522002],[0.302777,0.48269,0.821789]],[[0.951143,-0.207727,-0.228424],[-0.274782,-0.232146,-0.933061],[0.140794,0.950241,-0.277883]],[[0.951143,-0.207727,-0.228424],[-0.303929,-0.760184,-0.574237],[-0.0543597,0.615606,-0.786177]]],"btipPosition":[56.5291,228.339,-5.38347],"carpPosition":[78.0194,251.492,59.6012],"dipPosition":[55.5171,239.799,-20.0187],"direction":[-0.140794,-0.950241,0.277883],"extended":false,"handId":693,"id":6933,"length":64.1929,"mcpPosition":[72.8816,287.514,8.89446],"pipPosition":[59.4031,266.026,-27.6885],"stabilizedTipPosition":[0.974407,211.381,111.458],"timeVisible":4.11232,"tipPosition":[56.7381,230.257,-7.10941],"tipVelocity":[158.288,233.646,-280.799],"tool":false,"touchDistance":0.333333,"touchZone":"none","type":3,"width":18.0109},{"bases":[[[0.8905,-0.393947,-0.227631],[0.450846,0.696698,0.557987],[-0.0612275,-0.599514,0.798019]],[[0.859835,-0.5068,-0.0619477],[0.407138,0.753794,-0.515784],[0.308095,0.418268,0.854476]],[[0.859835,-0.5068,-0.0619477],[-0.184949,-0.196074,-0.96299],[0.475897,0.839469,-0.262324]],[[0.859835,-0.5068,-0.0619477],[-0.435986,-0.665662,-0.605649],[0.265707,0.547767,-0.793317]]],"btipPosition":[67.9964,239.208,-3.86881],"carpPosition":[89.1504,245.074,53.6022],"dipPosition":[72.5596,248.615,-17.493],"direction":[-0.475897,-0.839469,0.262324],"extended":false,"handId":693,"id":6934,"length":50.326,"mcpPosition":[92.6877,279.71,7.49808],"pipPosition":[81.8335,264.974,-22.605],"stabilizedTipPosition":[17.0494,220.4,90.2851],"timeVisible":4.11232,"tipPosition":[69.0991,240.714,-5.43846],"tipVelocity":[165.525,248.808,-295.635],"tool":false,"touchDistance":0.333333,"touchZone":"none","type":4,"width":15.9987}],"r":[[0.984157,0.0937481,0.150488],[-0.0973756,0.995104,0.0169031],[-0.148167,-0.0312892,0.988467]],"s":0.937337,"t":[41.142,27.7676,-100.739],"timestamp":523631844060},false],[1,{"currentFrameRate":108.926,"devices":[],"gestures":[],"hands":[{"armBasis":[[0.963625,0.0729423,-0.25711],[0.0508355,0.894444,0.444281],[0.262378,-0.441191,0.858201]],"armWidth":63.487,"confidence":0.695837,"direction":[-0.184704,0.690453,-0.699399],"elbow":[146.854,119.671,291.339],"grabStrength":0,"id":693,"palmNormal":[-0.110791,-0.721735,-0.683245],"palmPosition":[58.4403,272.029,21.4951],"palmVelocity":[120.893,201.34,-223.355],"palmWidth":90.6573,"pinchStrength":0.951939,"r":[[0.982863,0.0978721,0.156211],[-0.101306,0.994755,0.0141532],[-0.154006,-0.0297357,0.987622]],"s":0.935998,"sphereCenter":[52.1562,251.723,-23.3088],"sphereRadius":46.1792,"stabilizedPalmPosition":[14.7997,255.464,124.357],"t":[42.0398,29.475,-102.474],"timeVisible":4.12139,"type":"right","wrist":[76.2713,238.357,60.4719]}],"id":4268808,"interactionBox":{"center":[0,200,0],"size":[235.247,235.247,147.751]},"pointables":[{"bases":[[[0.456005,0.799871,0.390213],[-0.664274,0.0141086,0.747356],[0.592282,-0.600007,0.537767]],[[0.218916,0.959654,0.176464],[-0.782138,0.0644578,0.619762],[0.583383,-0.273695,0.764693]],[[0.218916,0.959654,0.176464],[-0.955591,0.174293,0.23763],[0.197286,-0.220648,0.955192]],[[0.218916,0.959654,0.176464],[-0.786022,0.280599,-0.550848],[-0.578139,-0.018115,0.815737]]],"btipPosition":[25.7361,248.383,-28.0386],"carpPosition":[47.9717,226.853,61.4636],"dipPosition":[12.2551,247.961,-9.01718],"direction":[-0.197286,0.220648,-0.955192],"extended":false,"handId":693,"id":6930,"length":51.9258,"mcpPosition":[47.9717,226.853,61.4636],"pipPosition":[18.9571,240.465,23.4316],"stabilizedTipPosition":[-44.7959,241.81,133.734],"timeVisible":4.12139,"tipPosition":[23.3061,248.376,-22.6872],"tipVelocity":[136.285,178.855,-268.942],"tool":false,"touchDistance":-0.693624,"touchZone":"hovering","type":0,"width":20.176},{"bases":[[[0.931654,0.163948,-0.324255],[0.0582329,0.813505,0.578635],[0.358649,-0.55797,0.748359]],[[0.959695,0.114016,-0.256878],[0.00624715,0.905132,0.425085],[0.280975,-0.409557,0.867938]],[[0.959695,0.114016,-0.256878],[-0.0470042,0.966254,0.253267],[0.277086,-0.230985,0.932668]],[[0.959695,0.114016,-0.256878],[-0.0860676,0.989328,0.117568],[0.267541,-0.0907204,0.959266]]],"btipPosition":[6.4646,314.204,-65.1657],"carpPosition":[56.0082,248.666,65.632],"dipPosition":[11.019,312.66,-48.836],"direction":[-0.277086,0.230985,-0.932668],"extended":true,"handId":693,"id":6931,"length":58.5925,"mcpPosition":[29.719,289.566,10.7769],"pipPosition":[17.6918,307.097,-26.3754],"stabilizedTipPosition":[-53.7391,309.431,76.0764],"timeVisible":4.12139,"tipPosition":[8.23534,313.385,-61.7102],"tipVelocity":[128.583,176.262,-251.235],"tool":false,"touchDistance":-0.734499,"touchZone":"hovering","type":1,"width":19.2721},{"bases":[[[0.947874,-0.0540443,-0.314028],[0.222762,0.817064,0.531775],[0.227842,-0.574009,0.786512]],[[0.948711,-0.0561691,-0.311114],[-0.104354,0.873295,-0.475884],[0.298425,0.483942,0.822644]],[[0.948711,-0.0561691,-0.311114],[-0.315574,-0.227322,-0.92127],[-0.0189764,0.972198,-0.233389]],[[0.948711,-0.0561691,-0.311114],[-0.237836,-0.775143,-0.58531],[-0.208282,0.629284,-0.748746]]],"btipPosition":[41.4711,229.697,-11.3091],"carpPosition":[67.2033,252.363,62.2389],"dipPosition":[37.5714,241.479,-25.3281],"direction":[0.0189764,-0.972198,0.233389],"extended":false,"handId":693,"id":6932,"length":66.7614,"mcpPosition":[51.3653,292.264,7.5662],"pipPosition":[37.0337,269.024,-31.9406],"stabilizedTipPosition":[-23.2894,220.708,141.617],"timeVisible":4.12139,"tipPosition":[41.1244,231.791,-12.8113],"tipVelocity":[138.731,214.435,-283.939],"tool":false,"touchDistance":0.333333,"touchZone":"none","type":2,"width":18.9277},{"bases":[[[0.951564,-0.199364,-0.234052],[0.297063,0.7924,0.532781],[0.079245,-0.576504,0.813243]],[[0.952598,-0.207573,-0.22242],[0.0651439,0.853299,-0.517336],[0.297176,0.478324,0.826373]],[[0.952598,-0.207573,-0.22242],[-0.268105,-0.227216,-0.936212],[0.143795,0.951465,-0.272097]],[[0.952598,-0.207573,-0.22242],[-0.30033,-0.758325,-0.578571],[-0.0485709,0.617945,-0.784719]]],"btipPosition":[57.5225,229.83,-7.17593],"carpPosition":[78.762,252.907,58.2482],"dipPosition":[56.6183,241.333,-21.784],"direction":[-0.143795,-0.951465,0.272097],"extended":false,"handId":693,"id":6933,"length":64.1929,"mcpPosition":[73.8163,288.887,7.49294],"pipPosition":[60.5872,267.594,-29.2941],"stabilizedTipPosition":[4.84506,212.83,103.077],"timeVisible":4.12139,"tipPosition":[57.7425,231.768,-8.91008],"tipVelocity":[145.539,214.762,-257.572],"tool":false,"touchDistance":0.333333,"touchZone":"none","type":3,"width":18.0109},{"bases":[[[0.892088,-0.392917,-0.223147],[0.447276,0.697678,0.559633],[-0.0642046,-0.59905,0.798133]],[[0.86005,-0.507234,-0.0550249],[0.413335,0.755913,-0.507691],[0.299112,0.413896,0.85978]],[[0.86005,-0.507234,-0.0550249],[-0.174819,-0.19165,-0.965768],[0.479325,0.840228,-0.253503]],[[0.86005,-0.507234,-0.0550249],[-0.430813,-0.6642,-0.610932],[0.273338,0.549138,-0.789768]]],"btipPosition":[69.0664,240.723,-5.591],"carpPosition":[89.9298,246.5,52.3063],"dipPosition":[73.7607,250.154,-19.1543],"direction":[-0.479325,-0.840228,0.253503],"extended":false,"handId":693,"id":6934,"length":50.326,"mcpPosition":[93.6391,281.109,6.1956],"pipPosition":[83.1014,266.527,-24.0944],"stabilizedTipPosition":[21.3275,222.212,82.309],"timeVisible":4.12139,"tipPosition":[70.1833,242.241,-7.17672],"tipVelocity":[153.272,226.325,-265.927],"tool":false,"touchDistance":0.333333,"touchZone":"none","type":4,"width":15.9987}],"r":[[0.982863,0.0978721,0.156211],[-0.101306,0.994755,0.0141532],[-0.154006,-0.0297357,0.987622]],"s":0.935998,"t":[42.0398,29.475,-102.474],"timestamp":523631853136},false],[2,{"currentFrameRate":109.02,"devices":[],"gestures":[],"hands":[{"armBasis":[[0.958589,0.0817008,-0.272821],[0.0485451,0.897071,0.439211],[0.280624,-0.434267,0.855957]],"armWidth":63.487,"confidence":0.693904,"direction":[-0.182337,0.68865,-0.701794],"elbow":[152.416,122.92,289.424],"grabStrength":0,"id":693,"palmNormal":[-0.108386,-0.723487,-0.681776],"palmPosition":[59.2253,273.314,20.037],"palmVelocity":[111.634,185.252,-206.482],"palmWidth":90.6573,"pinchStrength":0.947782,"r":[[0.981679,0.101272,0.161403],[-0.104458,0.994464,0.0113567],[-0.15936,-0.0280085,0.986823]],"s":0.935202,"sphereCenter":[52.8989,252.933,-24.6968],"sphereRadius":46.1606,"stabilizedPalmPosition":[18.3848,256.905,115.938],"t":[42.8812,30.9715,-104.07],"timeVisible":4.1304,"type":"right","wrist":[76.924,239.744,59.1611]}],"id":4268809,"interactionBox":{"center":[0,200,0],"size":[235.247,235.247,147.751]},"pointables":[{"bases":[[[0.454604,0.800899,0.389738],[-0.666849,0.0159679,0.745022],[0.590464,-0.598586,0.541338]],[[0.21773,0.960319,0.174302],[-0.786255,0.06677,0.614284],[0.578271,-0.270794,0.769593]],[[0.21773,0.960319,0.174302],[-0.956351,0.174253,0.234581],[0.1949,-0.217769,0.956342]],[[0.21773,0.960319,0.174302],[-0.792795,0.278178,-0.542303],[-0.569271,-0.0201099,0.821904]]],"btipPosition":[26.515,249.575,-29.8442],"carpPosition":[48.6219,228.24,60.0846],"dipPosition":[13.2407,249.106,-10.679],"direction":[-0.1949,0.217769,-0.956342],"extended":false,"handId":693,"id":6930,"length":51.9258,"mcpPosition":[48.6219,228.24,60.0846],"pipPosition":[19.8616,241.708,21.8088],"stabilizedTipPosition":[-41.8292,242.143,126.816],"timeVisible":4.1304,"tipPosition":[24.1152,249.548,-24.4342],"tipVelocity":[124.06,165.746,-249.143],"tool":false,"touchDistance":-0.679183,"touchZone":"hovering","type":0,"width":20.176},{"bases":[[[0.932756,0.163189,-0.321459],[0.0561829,0.814985,0.576751],[0.356104,-0.556029,0.751014]],[[0.959566,0.115508,-0.256694],[0.0047811,0.905107,0.425156],[0.281445,-0.409193,0.867958]],[[0.959566,0.115508,-0.256694],[-0.0485509,0.966176,0.253272],[0.277266,-0.230568,0.932717]],[[0.959566,0.115508,-0.256694],[-0.0876713,0.989208,0.117397],[0.267484,-0.0901454,0.959336]]],"btipPosition":[7.26207,315.425,-66.7707],"carpPosition":[56.6425,250.065,64.2249],"dipPosition":[11.8155,313.89,-50.4398],"direction":[-0.277266,0.230568,-0.932717],"extended":true,"handId":693,"id":6931,"length":58.5925,"mcpPosition":[30.5399,290.822,9.17513],"pipPosition":[18.4926,308.337,-27.9781],"stabilizedTipPosition":[-50.7983,309.698,69.4841],"timeVisible":4.1304,"tipPosition":[9.06943,314.589,-63.332],"tipVelocity":[117.585,165.148,-231.18],"tool":false,"touchDistance":-0.713453,"touchZone":"hovering","type":1,"width":19.2721},{"bases":[[[0.948955,-0.054775,-0.310619],[0.220872,0.818436,0.53045],[0.225166,-0.57198,0.788758]],[[0.949822,-0.0569944,-0.307555],[-0.102564,0.872148,-0.47837],[0.295498,0.485911,0.82254]],[[0.949822,-0.0569944,-0.307555],[-0.312271,-0.229466,-0.921863],[-0.0180324,0.971647,-0.23575]],[[0.949822,-0.0569944,-0.307555],[-0.235797,-0.776518,-0.584311],[-0.20552,0.627512,-0.750993]]],"btipPosition":[42.3649,230.9,-12.7292],"carpPosition":[67.849,253.754,60.861],"dipPosition":[38.5169,242.649,-26.7902],"direction":[0.0180324,-0.971647,0.23575],"extended":false,"handId":693,"id":6932,"length":66.7614,"mcpPosition":[52.1971,293.514,6.0322],"pipPosition":[38.006,270.178,-33.4696],"stabilizedTipPosition":[-20.0757,221.348,133.798],"timeVisible":4.1304,"tipPosition":[42.0173,233,-14.263],"tipVelocity":[128.254,192.018,-249.562],"tool":false,"touchDistance":0.333333,"touchZone":"none","type":2,"width":18.9277},{"bases":[[[0.952379,-0.19989,-0.230259],[0.295171,0.793781,0.531776],[0.0764785,-0.574418,0.814982]],[[0.953468,-0.208943,-0.217351],[0.0699945,0.854622,-0.514512],[0.293256,0.475358,0.829479]],[[0.953468,-0.208943,-0.217351],[-0.263044,-0.224222,-0.938367],[0.14733,0.951876,-0.268749]],[[0.953468,-0.208943,-0.217351],[-0.298362,-0.75755,-0.580602],[-0.0433413,0.618435,-0.78464]]],"btipPosition":[58.3341,231.192,-8.85602],"carpPosition":[79.4215,254.288,56.9088],"dipPosition":[57.5273,242.705,-23.4626],"direction":[-0.14733,-0.951876,0.268749],"extended":false,"handId":693,"id":6933,"length":64.1929,"mcpPosition":[74.6484,290.138,6.04498],"pipPosition":[61.5937,268.977,-30.8803],"stabilizedTipPosition":[8.77789,214.38,94.5706],"timeVisible":4.1304,"tipPosition":[58.5597,233.144,-10.6151],"tipVelocity":[131.005,197.398,-238.065],"tool":false,"touchDistance":0.333333,"touchZone":"none","type":3,"width":18.0109},{"bases":[[[0.892879,-0.393419,-0.219064],[0.445297,0.69914,0.559387],[-0.0669167,-0.597014,0.799435]],[[0.859531,-0.508795,-0.0483174],[0.419585,0.756468,-0.501701],[0.291814,0.410955,0.86369]],[[0.859531,-0.508795,-0.0483174],[-0.166213,-0.188882,-0.967831],[0.483301,0.839912,-0.246918]],[[0.859531,-0.508795,-0.0483174],[-0.427178,-0.6633,-0.614452],[0.280581,0.548781,-0.787473]]],"btipPosition":[69.9586,242.088,-7.25619],"carpPosition":[90.6101,247.867,51.0218],"dipPosition":[74.7773,251.513,-20.7801],"direction":[-0.483301,-0.839912,0.246918],"extended":false,"handId":693,"id":6934,"length":50.326,"mcpPosition":[94.4761,282.358,4.83589],"pipPosition":[84.1955,267.88,-25.5918],"stabilizedTipPosition":[25.5849,224.099,74.3765],"timeVisible":4.1304,"tipPosition":[71.0909,243.612,-8.84936],"tipVelocity":[139.262,205.755,-243.404],"tool":false,"touchDistance":0.333333,"touchZone":"none","type":4,"width":15.9987}],"r":[[0.981679,0.101272,0.161403],[-0.104458,0.994464,0.0113567],[-0.15936,-0.0280085,0.986823]],"s":0.935202,"t":[42.8812,30.9715,-104.07],"timestamp":523631862140},false],[3,{"currentFrameRate":108.997,"devices":[],"gestures":[],"hands":[{"armBasis":[[0.962037,0.0709836,-0.263528],[0.0514105,0.901165,0.430416],[0.268035,-0.427624,0.863305]],"armWidth":63.487,"confidence":0.696969,"direction":[-0.18058,0.684188,-0.706596],"elbow":[149.552,127.26,289.21],"grabStrength":0,"id":693,"palmNormal":[-0.111396,-0.728011,-0.676455],"palmPosition":[59.8304,275.643,17.6189],"palmVelocity":[98.7535,204.159,-222.144],"palmWidth":90.6573,"pinchStrength":0.94928,"r":[[0.9808,0.103566,0.165243],[-0.106287,0.994306,0.00768869],[-0.163506,-0.0251043,0.986223]],"s":0.934897,"sphereCenter":[53.0367,255.069,-26.8377],"sphereRadius":46.0946,"stabilizedPalmPosition":[22.0469,258.561,107.251],"t":[43.6045,32.8843,-106.078],"timeVisible":4.13961,"type":"right","wrist":[77.4474,242.296,56.9698]}],"id":4268810,"interactionBox":{"center":[0,200,0],"size":[235.247,235.247,147.751]},"pointables":[{"bases":[[[0.457634,0.802141,0.38359],[-0.666179,0.0236,0.745419],[0.588878,-0.596668,0.545169]],[[0.220023,0.961232,0.166201],[-0.787778,0.0746021,0.611424],[0.575322,-0.265457,0.773652]],[[0.220023,0.961232,0.166201],[-0.955999,0.178581,0.232757],[0.194053,-0.2101,0.958228]],[[0.220023,0.961232,0.166201],[-0.796814,0.27538,-0.537822],[-0.56274,-0.0140984,0.826513]]],"btipPosition":[27.0235,251.564,-32.3034],"carpPosition":[49.1073,230.895,57.9988],"dipPosition":[13.9015,251.235,-13.0307],"direction":[-0.194053,0.2101,-0.958228],"extended":false,"handId":693,"id":6930,"length":51.9258,"mcpPosition":[49.1073,230.895,57.9988],"pipPosition":[20.4937,244.098,19.5212],"stabilizedTipPosition":[-38.7206,242.584,119.512],"timeVisible":4.13961,"tipPosition":[24.5929,251.609,-26.8565],"tipVelocity":[105.828,180.761,-253.348],"tool":false,"touchDistance":-0.676115,"touchZone":"hovering","type":0,"width":20.176},{"bases":[[[0.933039,0.157702,-0.32337],[0.0594167,0.818926,0.570815],[0.354835,-0.551806,0.75472]],[[0.958617,0.112685,-0.261448],[0.00847584,0.906632,0.421838],[0.284572,-0.406597,0.868158]],[[0.958617,0.112685,-0.261448],[-0.0454148,0.967101,0.250306],[0.281052,-0.228074,0.932197]],[[0.958617,0.112685,-0.261448],[-0.0850805,0.989758,0.114634],[0.271688,-0.0876464,0.958386]]],"btipPosition":[7.62115,317.559,-69.2718],"carpPosition":[57.2052,252.722,61.9753],"dipPosition":[12.2461,316.067,-52.9571],"direction":[-0.281052,0.228074,-0.932197],"extended":true,"handId":693,"id":6931,"length":58.5925,"mcpPosition":[31.1956,293.17,6.65387],"pipPosition":[19.0144,310.574,-30.5079],"stabilizedTipPosition":[-47.7221,310.087,62.5023],"timeVisible":4.13961,"tipPosition":[9.47756,316.686,-65.8612],"tipVelocity":[96.0591,184.05,-242.558],"tool":false,"touchDistance":-0.708014,"touchZone":"hovering","type":1,"width":19.2721},{"bases":[[[0.948509,-0.0602319,-0.310972],[0.224079,0.821484,0.524359],[0.223875,-0.567041,0.792682]],[[0.94948,-0.062716,-0.307496],[-0.0993377,0.869383,-0.48405],[0.297689,0.490142,0.819232]],[[0.94948,-0.062716,-0.307496],[-0.313496,-0.234468,-0.920187],[-0.0143876,0.970099,-0.242284]],[[0.94948,-0.062716,-0.307496],[-0.238924,-0.779751,-0.578709],[-0.203476,0.622941,-0.755342]]],"btipPosition":[42.7802,233.078,-14.8616],"carpPosition":[68.4213,256.349,58.5759],"dipPosition":[38.9705,244.741,-29.0041],"direction":[0.0143876,-0.970099,0.242284],"extended":false,"handId":693,"id":6932,"length":66.7614,"mcpPosition":[52.8591,295.765,3.47435],"pipPosition":[38.5629,272.227,-35.8686],"stabilizedTipPosition":[-16.6052,222.155,125.292],"timeVisible":4.13961,"tipPosition":[42.4311,235.177,-16.4494],"tipVelocity":[105.216,203.825,-245.038],"tool":false,"touchDistance":0.333333,"touchZone":"none","type":2,"width":18.9277},{"bases":[[[0.951507,-0.204775,-0.229571],[0.298295,0.796587,0.525803],[0.0752018,-0.568785,0.819041]],[[0.952612,-0.214075,-0.216107],[0.0731866,0.850868,-0.520258],[0.295253,0.479788,0.826214]],[[0.952612,-0.214075,-0.216107],[-0.264113,-0.229623,-0.936759],[0.150914,0.949445,-0.275281]],[[0.952612,-0.214075,-0.216107],[-0.30138,-0.760536,-0.575113],[-0.0412397,0.61299,-0.789014]]],"btipPosition":[58.7577,233.339,-11.0003],"carpPosition":[79.9923,256.815,54.6107],"dipPosition":[57.99,244.75,-25.6884],"direction":[-0.150914,-0.949445,0.275281],"extended":false,"handId":693,"id":6933,"length":64.1929,"mcpPosition":[75.2989,292.314,3.49359],"pipPosition":[62.1553,270.955,-33.2863],"stabilizedTipPosition":[12.7884,216.118,85.7972],"timeVisible":4.13961,"tipPosition":[58.982,235.293,-12.8171],"tipVelocity":[107.454,206.647,-237.124],"tool":false,"touchDistance":0.333333,"touchZone":"none","type":3,"width":18.0109},{"bases":[[[0.891361,-0.398015,-0.216933],[0.448122,0.701639,0.553976],[-0.0682818,-0.591006,0.803772]],[[0.857035,-0.513466,-0.0429413],[0.42599,0.752973,-0.501562],[0.289869,0.411564,0.864055]],[[0.857035,-0.513466,-0.0429413],[-0.162739,-0.190671,-0.968071],[0.488884,0.836658,-0.246972]],[[0.857035,-0.513466,-0.0429413],[-0.428562,-0.664086,-0.612637],[0.286052,0.543454,-0.789197]]],"btipPosition":[70.4474,244.321,-9.74946],"carpPosition":[91.1542,250.314,48.7613],"dipPosition":[75.36,253.654,-23.3029],"direction":[-0.488884,-0.836658,0.246972],"extended":false,"handId":693,"id":6934,"length":50.326,"mcpPosition":[95.0991,284.458,2.32482],"pipPosition":[84.887,269.958,-28.1158],"stabilizedTipPosition":[29.7863,226.142,66.4067],"timeVisible":4.13961,"tipPosition":[71.5929,245.838,-11.3678],"tipVelocity":[115.763,215.359,-251.212],"tool":false,"touchDistance":0.333333,"touchZone":"none","type":4,"width":15.9987}],"r":[[0.9808,0.103566,0.165243],[-0.106287,0.994306,0.00768869],[-0.163506,-0.0251043,0.986223]],"s":0.934897,"t":[43.6045,32.8843,-106.078],"timestamp":523631871356},false],[4,{"currentFrameRate":99.8966,"devices":[],"gestures":[],"hands":[{"armBasis":[[0.952838,0.108202,-0.283536],[0.0269432,0.900431,0.434164],[0.302282,-0.421328,0.855049]],"armWidth":63.487,"confidence":0.67097,"direction":[-0.184345,0.689317,-0.700613],"elbow":[160.104,134.05,283.23],"grabStrength":0,"id":693,"palmNormal":[-0.0887916,-0.721595,-0.686598],"palmPosition":[61.0518,280.884,14.0359],"palmVelocity":[65.6105,197.797,-166.71],"palmWidth":90.6573,"pinchStrength":0.93883,"r":[[0.979232,0.108694,0.171144],[-0.111505,0.99374,0.00686669],[-0.169326,-0.0258074,0.985222]],"s":0.93533,"sphereCenter":[54.926,260.754,-30.7147],"sphereRadius":46.1044,"stabilizedPalmPosition":[34.5841,265.736,77.2893],"t":[44.5769,36.4612,-108.873],"timeVisible":4.16665,"type":"right","wrist":[78.7864,247.392,53.2108]}],"id":4268811,"interactionBox":{"center":[0,200,0],"size":[235.247,235.247,147.751]},"pointables":[{"bases":[[[0.43733,0.805821,0.399243],[-0.676115,0.0018929,0.736794],[0.592969,-0.592156,0.545655]],[[0.199284,0.963194,0.180397],[-0.797986,0.0526587,0.600371],[0.568774,-0.263599,0.779109]],[[0.199284,0.963194,0.180397],[-0.961115,0.156203,0.227724],[0.191164,-0.218764,0.956869]],[[0.199284,0.963194,0.180397],[-0.806395,0.265785,-0.528285],[-0.556788,-0.0401926,0.829682]]],"btipPosition":[28.8577,256.928,-36.8731],"carpPosition":[50.6566,235.449,53.7282],"dipPosition":[15.8745,255.991,-17.5266],"direction":[-0.191164,0.218764,-0.956869],"extended":false,"handId":693,"id":6930,"length":51.9258,"mcpPosition":[50.6566,235.449,53.7282],"pipPosition":[22.3686,248.559,14.9791],"stabilizedTipPosition":[-26.5116,245.254,90.7934],"timeVisible":4.16665,"tipPosition":[26.5224,256.784,-31.4322],"tipVelocity":[83.0641,188.487,-200.805],"tool":false,"touchDistance":-0.705129,"touchZone":"hovering","type":0,"width":20.176},{"bases":[[[0.933995,0.179186,-0.309105],[0.036472,0.81281,0.581385],[0.35542,-0.554285,0.752626]],[[0.958123,0.136906,-0.251509],[-0.0144738,0.900338,0.434952],[0.28599,-0.413097,0.864616]],[[0.958123,0.136906,-0.251509],[-0.0682322,0.962158,0.26381],[0.278108,-0.235602,0.931208]],[[0.958123,0.136906,-0.251509],[-0.107282,0.985954,0.128004],[0.265501,-0.0956618,0.959353]]],"btipPosition":[8.77545,322.988,-72.8605],"carpPosition":[58.2869,257.373,58.0741],"dipPosition":[13.2951,321.359,-56.5293],"direction":[-0.278108,0.235602,-0.931208],"extended":true,"handId":693,"id":6931,"length":58.5925,"mcpPosition":[32.2344,298.003,2.90621],"pipPosition":[19.9925,315.685,-34.1039],"stabilizedTipPosition":[-34.7561,312.91,32.8448],"timeVisible":4.16665,"tipPosition":[10.6667,322.124,-69.4554],"tipVelocity":[62.4922,193.716,-174.537],"tool":false,"touchDistance":-0.719319,"touchZone":"hovering","type":1,"width":19.2721},{"bases":[[[0.953432,-0.0385545,-0.299133],[0.201644,0.819036,0.53714],[0.224292,-0.572445,0.78867]],[[0.954475,-0.0412433,-0.295425],[-0.10926,0.873224,-0.474912],[0.277559,0.48557,0.828965]],[[0.954475,-0.0412433,-0.295425],[-0.296829,-0.229233,-0.927009],[-0.0294883,0.972497,-0.23104]],[[0.954475,-0.0412433,-0.295425],[-0.216479,-0.777146,-0.590916],[-0.205217,0.627968,-0.750695]]],"btipPosition":[45.2325,238.414,-19.1646],"carpPosition":[69.4754,261.252,54.867],"dipPosition":[41.3901,250.172,-33.2201],"direction":[0.0294883,-0.972497,0.23104],"extended":false,"handId":693,"id":6932,"length":66.7614,"mcpPosition":[53.8842,301.044,0.0443549],"pipPosition":[40.5547,277.725,-39.766],"stabilizedTipPosition":[-2.31151,226.602,90.6591],"timeVisible":4.16665,"tipPosition":[44.8557,240.534,-20.7689],"tipVelocity":[96.0738,200.35,-191.461],"tool":false,"touchDistance":0.333333,"touchZone":"none","type":2,"width":18.9277},{"bases":[[[0.958115,-0.184006,-0.219449],[0.276294,0.795523,0.539263],[0.0753486,-0.577309,0.813042]],[[0.959294,-0.19415,-0.205089],[0.066118,0.860426,-0.505267],[0.274562,0.471139,0.838238]],[[0.959294,-0.19415,-0.205089],[-0.246186,-0.219064,-0.944142],[0.138377,0.956199,-0.257943]],[[0.959294,-0.19415,-0.205089],[-0.279454,-0.757384,-0.590148],[-0.0407542,0.623439,-0.780809]]],"btipPosition":[61.1002,239.044,-15.3424],"carpPosition":[81.0858,261.985,51.0608],"dipPosition":[60.3415,250.65,-29.8777],"direction":[-0.138377,-0.956199,0.257943],"extended":false,"handId":693,"id":6933,"length":64.1929,"mcpPosition":[76.3832,298.015,0.318048],"pipPosition":[64.1608,277.042,-36.9972],"stabilizedTipPosition":[27.2188,223.791,54.4758],"timeVisible":4.16665,"tipPosition":[61.3021,241.046,-17.1784],"tipVelocity":[94.6331,210.402,-188.992],"tool":false,"touchDistance":0.333333,"touchZone":"none","type":3,"width":18.0109},{"bases":[[[0.901485,-0.378484,-0.209938],[0.427517,0.703069,0.568264],[-0.0674778,-0.602034,0.795614]],[[0.86615,-0.498573,-0.0347778],[0.424109,0.770034,-0.476634],[0.264417,0.398087,0.878414]],[[0.86615,-0.498573,-0.0347778],[-0.13893,-0.173346,-0.975013],[0.480086,0.849339,-0.219411]],[[0.86615,-0.498573,-0.0347778],[-0.405572,-0.66051,-0.631853],[0.292054,0.561384,-0.774308]]],"btipPosition":[72.6557,250.331,-14.057],"carpPosition":[92.4439,255.766,45.2811],"dipPosition":[77.6714,259.972,-27.3547],"direction":[-0.480086,-0.849339,0.219411],"extended":false,"handId":693,"id":6934,"length":50.326,"mcpPosition":[96.3424,290.548,-0.684026],"pipPosition":[87.027,276.523,-31.6305],"stabilizedTipPosition":[44.183,234.778,39.0927],"timeVisible":4.16665,"tipPosition":[73.7999,251.903,-15.6442],"tipVelocity":[95.2264,221.287,-193.03],"tool":false,"touchDistance":0.333333,"touchZone":"none","type":4,"width":15.9987}],"r":[[0.979232,0.108694,0.171144],[-0.111505,0.99374,0.00686669],[-0.169326,-0.0258074,0.985222]],"s":0.93533,"t":[44.5769,36.4612,-108.873],"timestamp":523631898388},false],[5,{"currentFrameRate":100.329,"devices":[],"gestures":[],"hands":[{"armBasis":[[0.954951,0.106732,-0.276904],[0.0246011,0.901401,0.432285],[0.295741,-0.419623,0.858169]],"armWidth":63.487,"confidence":0.675299,"direction":[-0.183881,0.688311,-0.701723],"elbow":[158.524,135.248,283.677],"grabStrength":0,"id":693,"palmNormal":[-0.0864078,-0.722451,-0.686001],"palmPosition":[61.2647,281.558,13.5718],"palmVelocity":[53.8638,163.356,-134.526],"palmWidth":90.6573,"pinchStrength":0.934717,"r":[[0.97783,0.113099,0.176227],[-0.115949,0.993237,0.00592573],[-0.174366,-0.0262278,0.984332]],"s":0.935688,"sphereCenter":[55.192,261.37,-31.1633],"sphereRadius":46.1024,"stabilizedPalmPosition":[38.1696,267.862,68.7264],"t":[45.1695,38.5864,-110.503],"timeVisible":4.17577,"type":"right","wrist":[78.9663,248.132,52.8183]}],"id":4268812,"interactionBox":{"center":[0,200,0],"size":[235.247,235.247,147.751]},"pointables":[{"bases":[[[0.435409,0.806852,0.39926],[-0.677603,0.00174597,0.735425],[0.592683,-0.59075,0.547486]],[[0.197713,0.963614,0.17988],[-0.799819,0.0524862,0.597943],[0.566745,-0.262092,0.781094]],[[0.197713,0.963614,0.17988],[-0.961554,0.154969,0.226711],[0.190586,-0.217788,0.957207]],[[0.197713,0.963614,0.17988],[-0.809267,0.264005,-0.524774],[-0.553169,-0.0418166,0.832019]]],"btipPosition":[29.0894,257.559,-37.4743],"carpPosition":[50.8521,236.151,53.2917],"dipPosition":[16.1906,256.584,-18.0732],"direction":[-0.190586,0.217788,-0.957207],"extended":false,"handId":693,"id":6930,"length":51.9258,"mcpPosition":[50.8521,236.151,53.2917],"pipPosition":[22.665,249.186,14.444],"stabilizedTipPosition":[-22.5461,246.165,81.4659],"timeVisible":4.17577,"tipPosition":[26.7784,257.387,-32.0249],"tipVelocity":[67.6319,155.087,-162.939],"tool":false,"touchDistance":-0.671778,"touchZone":"hovering","type":0,"width":20.176},{"bases":[[[0.934369,0.180147,-0.307411],[0.0341748,0.813482,0.580585],[0.354664,-0.552987,0.753936]],[[0.958,0.138835,-0.250918],[-0.0167613,0.900604,0.434318],[0.286277,-0.411871,0.865106]],[[0.958,0.138835,-0.250918],[-0.0705755,0.962224,0.262952],[0.277947,-0.234199,0.93161]],[[0.958,0.138835,-0.250918],[-0.109613,0.985832,0.126969],[0.264991,-0.0941327,0.959645]]],"btipPosition":[8.98752,323.497,-73.4367],"carpPosition":[58.4433,258.09,57.6295],"dipPosition":[13.4985,321.895,-57.1005],"direction":[-0.277947,0.234199,-0.93161],"extended":true,"handId":693,"id":6931,"length":58.5925,"mcpPosition":[32.4462,298.624,2.36562],"pipPosition":[20.192,316.255,-34.6655],"stabilizedTipPosition":[-30.6362,313.85,23.4125],"timeVisible":4.17577,"tipPosition":[10.8892,322.658,-70.0284],"tipVelocity":[51.5272,155.595,-143.557],"tool":false,"touchDistance":-0.684347,"touchZone":"hovering","type":1,"width":19.2721},{"bases":[[[0.954087,-0.0375555,-0.297167],[0.199427,0.819888,0.536667],[0.223489,-0.57129,0.789734]],[[0.955223,-0.040492,-0.293103],[-0.109379,0.8721,-0.476947],[0.274927,0.48765,0.828621]],[[0.955223,-0.040492,-0.293103],[-0.294314,-0.232028,-0.927115],[-0.0304673,0.971866,-0.233556]],[[0.955223,-0.040492,-0.293103],[-0.213903,-0.778932,-0.5895],[-0.204437,0.625799,-0.752715]]],"btipPosition":[45.5853,239.021,-19.5391],"carpPosition":[69.6329,261.981,54.4409],"dipPosition":[41.7576,250.739,-33.6324],"direction":[0.0304673,-0.971866,0.233556],"extended":false,"handId":693,"id":6932,"length":66.7614,"mcpPosition":[54.0975,301.693,-0.455799],"pipPosition":[40.8944,278.274,-40.2496],"stabilizedTipPosition":[2.27405,228.076,79.5952],"timeVisible":4.17577,"tipPosition":[45.1896,241.156,-21.2229],"tipVelocity":[80.2276,162.896,-149.938],"tool":false,"touchDistance":0.333333,"touchZone":"none","type":2,"width":18.9277},{"bases":[[[0.958809,-0.182915,-0.217317],[0.274106,0.796481,0.538966],[0.0745036,-0.576333,0.813811]],[[0.959995,-0.193257,-0.202637],[0.0672751,0.861641,-0.503039],[0.271816,0.469282,0.840173]],[[0.959995,-0.193257,-0.202637],[-0.243247,-0.217072,-0.945363],[0.138711,0.956834,-0.255397]],[[0.959995,-0.193257,-0.202637],[-0.277281,-0.75701,-0.591651],[-0.0390578,0.624169,-0.780312]]],"btipPosition":[61.3984,239.776,-15.9596],"carpPosition":[81.2499,262.726,50.6573],"dipPosition":[60.6714,251.395,-30.4856],"direction":[-0.138711,-0.956834,0.255397],"extended":false,"handId":693,"id":6933,"length":64.1929,"mcpPosition":[76.6001,298.695,-0.133446],"pipPosition":[64.4999,277.805,-37.5348],"stabilizedTipPosition":[31.4349,226.104,45.3307],"timeVisible":4.17577,"tipPosition":[61.5991,241.781,-17.7908],"tipVelocity":[77.6454,174.322,-155.212],"tool":false,"touchDistance":0.333333,"touchZone":"none","type":3,"width":18.0109},{"bases":[[[0.90243,-0.377461,-0.207712],[0.425397,0.704267,0.568371],[-0.068253,-0.601275,0.796122]],[[0.866684,-0.497844,-0.0317912],[0.425195,0.770533,-0.474855],[0.2609,0.398032,0.879489]],[[0.866684,-0.497844,-0.0317912],[-0.135303,-0.173249,-0.97554],[0.480159,0.849786,-0.217512]],[[0.866684,-0.497844,-0.0317912],[-0.402978,-0.66112,-0.632874],[0.294055,0.561312,-0.773602]]],"btipPosition":[72.973,251.032,-14.5472],"carpPosition":[92.6283,256.517,44.9073],"dipPosition":[78.023,260.672,-27.8328],"direction":[-0.480159,-0.849786,0.217512],"extended":false,"handId":693,"id":6934,"length":50.326,"mcpPosition":[96.5715,291.255,-1.08722],"pipPosition":[87.38,277.232,-32.0715],"stabilizedTipPosition":[48.2793,237.304,31.3388],"timeVisible":4.17577,"tipPosition":[74.1204,252.612,-16.151],"tipVelocity":[78.6705,181.149,-154.244],"tool":false,"touchDistance":0.333333,"touchZone":"none","type":4,"width":15.9987}],"r":[[0.97783,0.113099,0.176227],[-0.115949,0.993237,0.00592573],[-0.174366,-0.0262278,0.984332]],"s":0.935688,"t":[45.1695,38.5864,-110.503],"timestamp":523631907513},false],[6,{"currentFrameRate":100.842,"devices":[],"gestures":[],"hands":[{"armBasis":[[0.959323,0.09825,-0.264661],[0.0264704,0.902052,0.430816],[0.281066,-0.420297,0.862759]],"armWidth":63.487,"confidence":0.666909,"direction":[-0.183742,0.684559,-0.70542],"elbow":[154.698,136.229,284.402],"grabStrength":0,"id":693,"palmNormal":[-0.0874718,-0.726178,-0.681919],"palmPosition":[61.3891,282.516,12.8885],"palmVelocity":[42.9864,148.112,-118.737],"palmWidth":90.6573,"pinchStrength":0.935739,"r":[[0.976719,0.116648,0.180037],[-0.119323,0.992847,0.00406518],[-0.178275,-0.0254531,0.983651]],"s":0.935956,"sphereCenter":[55.0268,262.109,-31.6697],"sphereRadius":46.0695,"stabilizedPalmPosition":[41.4472,269.931,60.8444],"t":[45.528,40.1282,-111.659],"timeVisible":4.18469,"type":"right","wrist":[79.0874,249.294,52.3089]}],"id":4268813,"interactionBox":{"center":[0,200,0],"size":[235.247,235.247,147.751]},"pointables":[{"bases":[[[0.43636,0.808683,0.39449],[-0.677127,0.00641868,0.735838],[0.592528,-0.58821,0.550382]],[[0.198944,0.964321,0.174659],[-0.80047,0.0570752,0.596649],[0.565392,-0.258509,0.783265]],[[0.198944,0.964321,0.174659],[-0.961204,0.157255,0.226623],[0.191072,-0.212969,0.958194]],[[0.198944,0.964321,0.174659],[-0.812981,0.261916,-0.520059],[-0.54725,-0.0385318,0.836082]]],"btipPosition":[29.1132,258.33,-38.1354],"carpPosition":[50.9631,237.34,52.8669],"dipPosition":[16.3524,257.431,-18.6396],"direction":[-0.191072,0.212969,-0.958194],"extended":false,"handId":693,"id":6930,"length":51.9258,"mcpPosition":[50.9631,237.34,52.8669],"pipPosition":[22.8433,250.197,13.9111],"stabilizedTipPosition":[-18.6147,247.13,72.1775],"timeVisible":4.18469,"tipPosition":[26.807,258.155,-32.669],"tipVelocity":[50.8968,136.891,-138.063],"tool":false,"touchDistance":-0.642523,"touchZone":"hovering","type":0,"width":20.176},{"bases":[[[0.934325,0.177629,-0.309006],[0.0352491,0.816666,0.576033],[0.354675,-0.549094,0.756771]],[[0.957056,0.138376,-0.254746],[-0.0159814,0.902577,0.430231],[0.289462,-0.407684,0.866029]],[[0.957056,0.138376,-0.254746],[-0.0704188,0.963377,0.258741],[0.28122,-0.22969,0.93175]],[[0.957056,0.138376,-0.254746],[-0.109941,0.986332,0.122727],[0.268247,-0.0894499,0.959188]]],"btipPosition":[8.84886,324.05,-74.2313],"carpPosition":[58.576,259.296,57.0778],"dipPosition":[13.4153,322.527,-57.9029],"direction":[-0.28122,0.22969,-0.93175],"extended":true,"handId":693,"id":6931,"length":58.5925,"mcpPosition":[32.5781,299.545,1.60609],"pipPosition":[20.1876,316.996,-35.4645],"stabilizedTipPosition":[-26.7569,314.792,14.4273],"timeVisible":4.18469,"tipPosition":[10.7871,323.247,-70.8273],"tipVelocity":[33.6375,130.648,-128.764],"tool":false,"touchDistance":-0.656192,"touchZone":"hovering","type":1,"width":19.2721},{"bases":[[[0.953862,-0.0400306,-0.297564],[0.200479,0.822686,0.531974],[0.223507,-0.567085,0.792754]],[[0.9552,-0.0434685,-0.292752],[-0.107434,0.870758,-0.479832],[0.275774,0.489787,0.827078]],[[0.9552,-0.0434685,-0.292752],[-0.294598,-0.234475,-0.926409],[-0.0283734,0.97115,-0.236776]],[[0.9552,-0.0434685,-0.292752],[-0.215232,-0.780975,-0.586304],[-0.203146,0.623047,-0.755343]]],"btipPosition":[45.5939,239.877,-20.115],"carpPosition":[69.7669,263.159,53.8604],"dipPosition":[41.7903,251.542,-34.2575],"direction":[0.0283734,-0.97115,0.236776],"extended":false,"handId":693,"id":6932,"length":66.7614,"mcpPosition":[54.2303,302.579,-1.24621],"pipPosition":[40.9865,279.057,-40.9659],"stabilizedTipPosition":[6.78545,229.615,68.6515],"timeVisible":4.18469,"tipPosition":[45.1985,242.012,-21.8415],"tipVelocity":[58.7955,144.271,-127.013],"tool":false,"touchDistance":0.333333,"touchZone":"none","type":2,"width":18.9277},{"bases":[[[0.958511,-0.184948,-0.216911],[0.275138,0.799227,0.534355],[0.074533,-0.571865,0.816955]],[[0.95971,-0.195335,-0.201993],[0.0679486,0.85885,-0.507701],[0.272654,0.47352,0.837519]],[[0.95971,-0.195335,-0.201993],[-0.243901,-0.222121,-0.944021],[0.139533,0.955252,-0.260813]],[[0.95971,-0.195335,-0.201993],[-0.278293,-0.760157,-0.587124],[-0.0388608,0.619682,-0.78389]]],"btipPosition":[61.4652,240.583,-16.4135],"carpPosition":[81.3821,263.873,50.0653],"dipPosition":[60.7417,252.119,-31.0062],"direction":[-0.139533,-0.955252,0.260814],"extended":false,"handId":693,"id":6933,"length":64.1929,"mcpPosition":[76.7305,299.564,-0.921613],"pipPosition":[64.593,278.485,-38.2048],"stabilizedTipPosition":[35.3861,228.371,36.7173],"timeVisible":4.18469,"tipPosition":[61.661,242.585,-18.2834],"tipVelocity":[58.5484,150.885,-127.247],"tool":false,"touchDistance":0.333333,"touchZone":"none","type":3,"width":18.0109},{"bases":[[[0.90197,-0.379389,-0.206189],[0.426369,0.707048,0.564175],[-0.0682564,-0.596781,0.799496]],[[0.865838,-0.499522,-0.028325],[0.42767,0.768299,-0.47625],[0.25966,0.400242,0.878853]],[[0.865838,-0.499522,-0.028325],[-0.133502,-0.176102,-0.975277],[0.482185,0.848213,-0.219163]],[[0.865838,-0.499522,-0.028325],[-0.403197,-0.663113,-0.630645],[0.296239,0.557457,-0.775554]]],"btipPosition":[73.063,251.897,-15.2186],"carpPosition":[92.7514,257.623,44.3426],"dipPosition":[78.1506,261.471,-28.5378],"direction":[-0.482185,-0.848213,0.219163],"extended":false,"handId":693,"id":6934,"length":50.326,"mcpPosition":[96.6948,292.101,-1.8468],"pipPosition":[87.547,278,-32.8087],"stabilizedTipPosition":[52.0186,239.724,24.1898],"timeVisible":4.18469,"tipPosition":[74.2152,253.478,-16.8553],"tipVelocity":[60.2444,157.746,-132.956],"tool":false,"touchDistance":0.333333,"touchZone":"none","type":4,"width":15.9987}],"r":[[0.976719,0.116648,0.180037],[-0.119323,0.992847,0.00406518],[-0.178275,-0.0254531,0.983651]],"s":0.935956,"t":[45.528,40.1282,-111.659],"timestamp":523631916434},false],[7,{"currentFrameRate":101.252,"devices"