{"sensorType":"Leap","data":[[0,{"currentFrameRate":107.676,"devices":[],"gestures":[],"hands":[{"armBasis":[[0.975601,0.0369467,-0.216422],[0.0718489,0.877735,0.473728],[0.207464,-0.477719,0.853664]],"armWidth":63.487,"confidence":0.621034,"direction":[-0.0893349,0.673553,-0.733721],"elbow":[133.175,99.7792,299.825],"grabStrength":0,"id":693,"palmNormal":[-0.0957723,-0.739062,-0.666795],"palmPosition":[64.616,261.431,28.8234],"palmVelocity":[170.461,141.026,-321.65],"palmWidth":90.6573,"pinchStrength":0.867679,"r":[[0.972475,0.0715123,0.221764],[-0.068396,0.997422,-0.0217102],[-0.222745,0.00594483,0.974859]],"s":0.942597,"sphereCenter":[61.6959,238.435,-16.3797],"sphereRadius":47.0798,"stabilizedPalmPosition":[25.5379,244.181,105.166],"t":[47.8176,19.3122,-94.1845],"timeVisible":0.207853,"type":"right","wrist":[77.3641,228.292,70.1781]}],"id":4268389,"interactionBox":{"center":[0,200,0],"size":[235.247,235.247,147.751]},"pointables":[{"bases":[[[0.46716,0.788162,0.400701],[-0.720167,0.0762678,0.689596],[0.512953,-0.610724,0.603238]],[[0.241897,0.959173,0.146539],[-0.807784,0.115402,0.578072],[0.53756,-0.258206,0.80272]],[[0.241897,0.959173,0.146539],[-0.967443,0.226834,0.112252],[0.0744292,-0.168921,0.982815]],[[0.241897,0.959173,0.146539],[-0.841256,0.282576,-0.460911],[-0.483502,-0.0117834,0.875264]]],"btipPosition":[30.4892,237.202,-24.5077],"carpPosition":[48.479,218.347,69.2122],"dipPosition":[19.2149,236.927,-4.09823],"direction":[-0.0744292,0.168921,-0.982815],"extended":false,"handId":693,"id":6930,"length":51.9258,"mcpPosition":[48.479,218.347,69.2122],"pipPosition":[21.7434,231.188,29.2889],"stabilizedTipPosition":[-14.1127,222.316,57.9374],"timeVisible":0.207853,"tipPosition":[28.3706,236.583,-18.7543],"tipVelocity":[157.629,138.502,-370.941],"tool":false,"touchDistance":-0.297509,"touchZone":"hovering","type":0,"width":20.176},{"bases":[[[0.962313,0.102541,-0.251872],[0.0569567,0.829648,0.555374],[0.265913,-0.548789,0.792541]],[[0.978461,0.0641692,-0.196206],[0.00866181,0.936861,0.349596],[0.206251,-0.343765,0.916126]],[[0.978461,0.0641692,-0.196206],[-0.0189189,0.974334,0.224309],[0.205564,-0.215765,0.954562]],[[0.978461,0.0641692,-0.196206],[-0.0391456,0.990891,0.128855],[0.202687,-0.118399,0.972059]]],"btipPosition":[20.638,301.993,-63.5127],"carpPosition":[57.359,239.84,73.3313],"dipPosition":[24.0884,299.977,-46.9652],"direction":[-0.205564,0.215766,-0.954562],"extended":true,"handId":693,"id":6931,"length":58.5925,"mcpPosition":[37.8674,280.066,15.2376],"pipPosition":[29.0388,294.781,-23.9775],"stabilizedTipPosition":[-20.5386,292.219,13.1917],"timeVisible":0.207853,"tipPosition":[22.1484,301.805,-59.7951],"tipVelocity":[190.051,82.1076,-364.839],"tool":false,"touchDistance":-0.421341,"touchZone":"hovering","type":1,"width":19.2721},{"bases":[[[0.965487,-0.115493,-0.233443],[0.224651,0.82279,0.522062],[0.131781,-0.556487,0.820339]],[[0.966484,-0.11982,-0.227051],[-0.0352277,0.814143,-0.579595],[0.2543,0.568168,0.782635]],[[0.966484,-0.11982,-0.227051],[-0.227573,0.00949696,-0.973715],[0.118827,0.99275,-0.0180892]],[[0.966484,-0.11982,-0.227051],[-0.256689,-0.435577,-0.862777],[0.00447998,0.892141,-0.451734]]],"btipPosition":[44.1549,209.38,-14.8878],"carpPosition":[68.9784,242.814,70.7513],"dipPosition":[44.2388,226.084,-23.3457],"direction":[-0.118827,-0.99275,0.0180892],"extended":false,"handId":693,"id":6932,"length":66.7614,"mcpPosition":[59.818,281.497,13.7271],"pipPosition":[47.6055,254.211,-23.8582],"stabilizedTipPosition":[2.82824,197.195,58.6509],"timeVisible":0.207853,"tipPosition":[44.4685,212.624,-15.4751],"tipVelocity":[178.819,132.395,-339.924],"tool":false,"touchDistance":0.333333,"touchZone":"none","type":2,"width":18.9277},{"bases":[[[0.954656,-0.25782,-0.148866],[0.297143,0.794277,0.529934],[-0.0183868,-0.550139,0.834871]],[[0.954257,-0.266302,-0.135929],[0.133037,0.785332,-0.604611],[0.267759,0.558871,0.784837]],[[0.954257,-0.266302,-0.135929],[-0.141528,-0.00185298,-0.989933],[0.263369,0.963888,-0.0394574]],[[0.954257,-0.266302,-0.135929],[-0.243823,-0.429999,-0.869282],[0.173043,0.862661,-0.47526]]],"btipPosition":[59.5694,209.393,-9.40103],"carpPosition":[80.832,242.6,67.7057],"dipPosition":[62.7907,225.452,-18.2483],"direction":[-0.263369,-0.963888,0.0394574],"extended":false,"handId":693,"id":6933,"length":64.1929,"mcpPosition":[81.9795,276.934,15.6006],"pipPosition":[70.0599,252.056,-19.3374],"stabilizedTipPosition":[21.2092,196.966,57.4612],"timeVisible":0.207853,"tipPosition":[60.4668,212.484,-9.9383],"tipVelocity":[180.74,144.077,-353.871],"tool":false,"touchDistance":0.333333,"touchZone":"none","type":3,"width":18.0109},{"bases":[[[0.883804,-0.44743,-0.136738],[0.43921,0.692763,0.571991],[-0.161199,-0.565585,0.808782]],[[0.856127,-0.515725,-0.0327712],[0.403889,0.707338,-0.580126],[0.322366,0.483426,0.813867]],[[0.856127,-0.515725,-0.0327712],[-0.029853,0.0139522,-0.999457],[0.515902,0.856641,-0.00345107]],[[0.856127,-0.515725,-0.0327712],[-0.255303,-0.366974,-0.894511],[0.449296,0.774182,-0.445843]]],"btipPosition":[72.2516,221.055,-4.76945],"carpPosition":[92.0652,235.399,62.9049],"dipPosition":[79.9677,234.35,-12.4263],"direction":[-0.515902,-0.856641,0.00345107],"extended":false,"handId":693,"id":6934,"length":50.326,"mcpPosition":[101.378,268.075,16.179],"pipPosition":[90.0212,251.044,-12.4935],"stabilizedTipPosition":[35.9677,207.042,60.8996],"timeVisible":0.207853,"tipPosition":[74.1279,223.462,-5.11156],"tipVelocity":[185.97,143.518,-343.612],"tool":false,"touchDistance":0.333333,"touchZone":"none","type":4,"width":15.9987}],"r":[[0.972475,0.0715123,0.221764],[-0.068396,0.997422,-0.0217102],[-0.222745,0.00594483,0.974859]],"s":0.942597,"t":[47.8176,19.3122,-94.1845],"timestamp":523627939595},false],[1,{"currentFrameRate":107.808,"devices":[],"gestures":[],"hands":[{"armBasis":[[0.974771,0.0412271,-0.219369],[0.0679194,0.881407,0.467449],[0.212625,-0.470555,0.85637]],"armWidth":63.487,"confidence":0.633524,"direction":[-0.0892579,0.671949,-0.735199],"elbow":[135.453,102.529,299.428],"grabStrength":0,"id":693,"palmNormal":[-0.0923237,-0.740549,-0.66563],"palmPosition":[65.523,262.143,27.6062],"palmVelocity":[151.158,123.904,-270.154],"palmWidth":90.6573,"pinchStrength":0.862475,"r":[[0.971308,0.0733491,0.22623],[-0.0691191,0.997254,-0.0265735],[-0.227558,0.0101742,0.973711]],"s":0.94121,"sphereCenter":[62.9539,238.997,-17.6418],"sphereRadius":47.135,"stabilizedPalmPosition":[25.5379,244.181,105.166],"t":[48.919,20.3046,-96.1411],"timeVisible":0.216888,"type":"right","wrist":[78.2547,229.114,69.0536]}],"id":4268390,"interactionBox":{"center":[0,200,0],"size":[235.247,235.247,147.751]},"pointables":[{"bases":[[[0.464225,0.79008,0.400335],[-0.722008,0.075757,0.687725],[0.51303,-0.608304,0.605613]],[[0.240363,0.959542,0.146646],[-0.814345,0.117117,0.568442],[0.528269,-0.256053,0.809548]],[[0.240363,0.959542,0.146646],[-0.967481,0.22456,0.11642],[0.0787786,-0.16986,0.982314]],[[0.240363,0.959542,0.146646],[-0.851876,0.280946,-0.442014],[-0.465331,-0.0186803,0.88494]]],"btipPosition":[31.2978,238.035,-26.2308],"carpPosition":[49.3969,219.095,68.0373],"dipPosition":[20.4472,237.6,-5.59579],"direction":[-0.0787786,0.16986,-0.982314],"extended":false,"handId":693,"id":6930,"length":51.9258,"mcpPosition":[49.3969,219.095,68.0373],"pipPosition":[23.1234,231.83,27.7743],"stabilizedTipPosition":[-12.9006,222.757,55.6943],"timeVisible":0.216888,"tipPosition":[29.28,237.352,-20.3813],"tipVelocity":[141.83,124.643,-319.711],"tool":false,"touchDistance":-0.32116,"touchZone":"hovering","type":0,"width":20.176},{"bases":[[[0.962655,0.104478,-0.249759],[0.0535492,0.830829,0.553946],[0.265382,-0.546633,0.794207]],[[0.978214,0.0677801,-0.196222],[0.00553742,0.936343,0.351043],[0.207525,-0.344482,0.915569]],[[0.978214,0.0677801,-0.196222],[-0.0227839,0.974541,0.223049],[0.206344,-0.213719,0.954854]],[[0.978214,0.0677801,-0.196222],[-0.0435305,0.991156,0.125361],[0.202983,-0.114088,0.972513]]],"btipPosition":[21.4529,302.521,-64.8199],"carpPosition":[58.2133,240.618,72.1371],"dipPosition":[24.9083,300.579,-48.2647],"direction":[-0.206344,0.213719,-0.954854],"extended":true,"handId":693,"id":6931,"length":58.5925,"mcpPosition":[38.7606,280.686,13.9213],"pipPosition":[29.8775,295.432,-25.2699],"stabilizedTipPosition":[-19.2062,292.526,10.8809],"timeVisible":0.216888,"tipPosition":[22.985,302.29,-61.1236],"tipVelocity":[162.577,76.1026,-304.134],"tool":false,"touchDistance":-0.427121,"touchZone":"hovering","type":1,"width":19.2721},{"bases":[[[0.96633,-0.113512,-0.230913],[0.22134,0.824328,0.521049],[0.131203,-0.554616,0.821698]],[[0.967424,-0.118281,-0.223832],[-0.0342343,0.814902,-0.578587],[0.250837,0.567402,0.784306]],[[0.967424,-0.118281,-0.223832],[-0.224228,0.0101195,-0.974484],[0.117528,0.992929,-0.016732]],[[0.967424,-0.118281,-0.223832],[-0.253122,-0.436084,-0.863574],[0.00453486,0.892099,-0.451817]]],"btipPosition":[45.2501,210.085,-16.2713],"carpPosition":[69.8314,243.616,69.5793],"dipPosition":[45.335,226.788,-24.7308],"direction":[-0.117528,-0.992929,0.016732],"extended":false,"handId":693,"id":6932,"length":66.7614,"mcpPosition":[60.7111,282.169,12.4607],"pipPosition":[48.6649,254.92,-25.2049],"stabilizedTipPosition":[4.38624,197.809,55.8292],"timeVisible":0.216888,"tipPosition":[45.5562,213.332,-16.8849],"tipVelocity":[162.959,117.403,-288.476],"tool":false,"touchDistance":0.333333,"touchZone":"none","type":2,"width":18.9277},{"bases":[[[0.955652,-0.255707,-0.146094],[0.293884,0.796012,0.529148],[-0.0190144,-0.548616,0.835858]],[[0.955155,-0.265537,-0.13103],[0.138496,0.791751,-0.594937],[0.261721,0.55011,0.793021]],[[0.955155,-0.265537,-0.13103],[-0.133475,0.00889622,-0.991012],[0.264316,0.96406,-0.0269454]],[[0.955155,-0.265537,-0.13103],[-0.237662,-0.423537,-0.874147],[0.176623,0.866087,-0.467652]]],"btipPosition":[60.6453,210.445,-11.4571],"carpPosition":[81.6927,243.426,66.5626],"dipPosition":[63.9333,226.568,-20.1627],"direction":[-0.264316,-0.96406,0.0269454],"extended":false,"handId":693,"id":6933,"length":64.1929,"mcpPosition":[82.8794,277.666,14.3959],"pipPosition":[71.2286,253.177,-20.9064],"stabilizedTipPosition":[22.7931,197.644,54.6665],"timeVisible":0.216888,"tipPosition":[61.5544,213.506,-11.8758],"tipVelocity":[164.222,136.931,-318.081],"tool":false,"touchDistance":0.333333,"touchZone":"none","type":3,"width":18.0109},{"bases":[[[0.885245,-0.44547,-0.133779],[0.436103,0.694932,0.571737],[-0.161724,-0.564469,0.809457]],[[0.855791,-0.516732,-0.0246953],[0.412069,0.709758,-0.571352],[0.312764,0.478782,0.820333]],[[0.855791,-0.516732,-0.0246953],[-0.017314,0.0191007,-0.999668],[0.517032,0.855934,0.00739952]],[[0.855791,-0.516732,-0.0246953],[-0.245858,-0.364252,-0.898262],[0.455165,0.774796,-0.438766]]],"btipPosition":[73.3876,222.002,-6.47185],"carpPosition":[92.9554,236.245,61.8022],"dipPosition":[81.2045,235.309,-14.0071],"direction":[-0.517032,-0.855934,-0.00739952],"extended":false,"handId":693,"id":6934,"length":50.326,"mcpPosition":[102.299,268.856,15.0373],"pipPosition":[91.28,251.988,-13.8629],"stabilizedTipPosition":[37.6713,207.825,57.8977],"timeVisible":0.216888,"tipPosition":[75.2616,224.393,-6.74882],"tipVelocity":[170.083,132.954,-300.007],"tool":false,"touchDistance":0.333333,"touchZone":"none","type":4,"width":15.9987}],"r":[[0.971308,0.0733491,0.22623],[-0.0691191,0.997254,-0.0265735],[-0.227558,0.0101742,0.973711]],"s":0.94121,"t":[48.919,20.3046,-96.1411],"timestamp":523627948630},false],[2,{"currentFrameRate":107.982,"devices":[],"gestures":[],"hands":[{"armBasis":[[0.976663,0.049245,-0.209054],[0.0585584,0.875426,0.479792],[0.206638,-0.480837,0.852113]],"armWidth":63.487,"confidence":0.639205,"direction":[-0.0918423,0.669066,-0.737507],"elbow":[134.559,101.49,296.483],"grabStrength":0,"id":693,"palmNormal":[-0.081477,-0.743203,-0.664087],"palmPosition":[66.1411,263.633,25.648],"palmVelocity":[128.734,135.547,-256.142],"palmWidth":90.6573,"pinchStrength":0.874109,"r":[[0.969962,0.0768572,0.230797],[-0.0715986,0.996949,-0.031087],[-0.232482,0.0136285,0.972505]],"s":0.939547,"sphereCenter":[63.7288,240.388,-19.5073],"sphereRadius":47.0732,"stabilizedPalmPosition":[26.6398,244.709,103.008],"t":[49.7788,21.5458,-98.0985],"timeVisible":0.225835,"type":"right","wrist":[78.9706,230.842,67.2537]}],"id":4268391,"interactionBox":{"center":[0,200,0],"size":[235.247,235.247,147.751]},"pointables":[{"bases":[[[0.454307,0.79566,0.400663],[-0.726425,0.0705326,0.683617],[0.515667,-0.601623,0.610031]],[[0.230068,0.962283,0.145191],[-0.820725,0.111685,0.560301],[0.522952,-0.248069,0.815465]],[[0.230068,0.962283,0.145191],[-0.970115,0.214956,0.112567],[0.0771114,-0.16675,0.982979]],[[0.230068,0.962283,0.145191],[-0.853583,0.271192,-0.444804],[-0.467402,-0.0215971,0.883781]]],"btipPosition":[32.4883,239.044,-28.4485],"carpPosition":[50.218,220.538,66.1094],"dipPosition":[21.5894,238.54,-7.8405],"direction":[-0.0771114,0.16675,-0.982979],"extended":false,"handId":693,"id":6930,"length":51.9258,"mcpPosition":[50.218,220.538,66.1094],"pipPosition":[24.209,232.875,25.5522],"stabilizedTipPosition":[-11.7306,223.199,53.5278],"timeVisible":0.225835,"tipPosition":[30.4116,238.39,-22.6115],"tipVelocity":[139.095,120.895,-300.273],"tool":false,"touchDistance":-0.350736,"touchZone":"hovering","type":0,"width":20.176},{"bases":[[[0.962925,0.113226,-0.244857],[0.0424268,0.832798,0.551948],[0.266411,-0.541873,0.797119]],[[0.977978,0.0783777,-0.193434],[-0.00550258,0.936169,0.351508],[0.208637,-0.342702,0.915984]],[[0.977978,0.0783777,-0.193434],[-0.0344537,0.974721,0.220755],[0.205846,-0.209229,0.955955]],[[0.977978,0.0783777,-0.193434],[-0.055535,0.99112,0.120815],[0.201185,-0.107413,0.973646]]],"btipPosition":[21.9604,303.413,-67.0364],"carpPosition":[58.8012,242.157,70.1977],"dipPosition":[25.3852,301.585,-50.4619],"direction":[-0.205846,0.209229,-0.955955],"extended":true,"handId":693,"id":6931,"length":58.5925,"mcpPosition":[39.2731,281.877,11.7684],"pipPosition":[30.3424,296.546,-27.4405],"stabilizedTipPosition":[-18.014,292.824,8.77516],"timeVisible":0.225835,"tipPosition":[23.5064,303.164,-63.3539],"tipVelocity":[133.442,83.3539,-288.589],"tool":false,"touchDistance":-0.445923,"touchZone":"hovering","type":1,"width":19.2721},{"bases":[[[0.968629,-0.104666,-0.225394],[0.210449,0.827852,0.519973],[0.132169,-0.551095,0.823909]],[[0.970451,-0.112681,-0.213371],[-0.0312685,0.818087,-0.574244],[0.239262,0.563948,0.79039]],[[0.970451,-0.112681,-0.213371],[-0.213143,0.0142084,-0.976918],[0.113111,0.99353,-0.0102286]],[[0.970451,-0.112681,-0.213371],[-0.241247,-0.435188,-0.867416],[0.00488453,0.89326,-0.449513]]],"btipPosition":[46.4292,211.613,-18.8296],"carpPosition":[70.4032,245.262,67.6943],"dipPosition":[46.5206,228.338,-27.246],"direction":[-0.113111,-0.99353,0.0102286],"extended":false,"handId":693,"id":6932,"length":66.7614,"mcpPosition":[61.2157,283.57,10.422],"pipPosition":[49.7253,256.487,-27.5358],"stabilizedTipPosition":[5.93034,198.457,53.0175],"timeVisible":0.225835,"tipPosition":[46.7701,214.823,-19.3748],"tipVelocity":[154.486,132.143,-287.48],"tool":false,"touchDistance":0.333333,"touchZone":"none","type":2,"width":18.9277},{"bases":[[[0.958882,-0.246731,-0.140244],[0.283221,0.800269,0.52854],[-0.0181736,-0.546528,0.837244]],[[0.958378,-0.256861,-0.124635],[0.134628,0.791549,-0.596091],[0.251768,0.554501,0.793184]],[[0.958378,-0.256861,-0.124635],[-0.127627,0.00505777,-0.991809],[0.255388,0.966435,-0.0279352]],[[0.958378,-0.256861,-0.124635],[-0.228466,-0.428184,-0.874335],[0.171216,0.866418,-0.469046]]],"btipPosition":[61.9722,211.802,-13.3181],"carpPosition":[82.2819,245.18,64.742],"dipPosition":[65.1595,227.931,-22.0497],"direction":[-0.255388,-0.966435,0.0279352],"extended":false,"handId":693,"id":6933,"length":64.1929,"mcpPosition":[83.4162,279.289,12.4888],"pipPosition":[72.2084,254.605,-22.8207],"stabilizedTipPosition":[24.3828,198.355,51.8786],"timeVisible":0.225835,"tipPosition":[62.8519,214.891,-13.8006],"tipVelocity":[159.167,140.978,-288.19],"tool":false,"touchDistance":0.333333,"touchZone":"none","type":3,"width":18.0109},{"bases":[[[0.890269,-0.43714,-0.127789],[0.426189,0.700702,0.572171],[-0.160577,-0.563848,0.810117]],[[0.858952,-0.511893,-0.0129172],[0.419144,0.717362,-0.556516],[0.294143,0.472606,0.830737]],[[0.858952,-0.511893,-0.0129172],[0.00191539,0.0284379,-0.999594],[0.512053,0.858578,0.0254073]],[[0.858952,-0.511893,-0.0129172],[-0.228474,-0.360557,-0.904322],[0.458259,0.77972,-0.426655]]],"btipPosition":[74.7057,223.9,-9.17562],"carpPosition":[93.6398,238.096,60.062],"dipPosition":[82.5757,237.29,-16.5029],"direction":[-0.512053,-0.858578,-0.0254073],"extended":false,"handId":693,"id":6934,"length":50.326,"mcpPosition":[102.917,270.672,13.259],"pipPosition":[92.5542,254.022,-16.0078],"stabilizedTipPosition":[39.3755,208.665,54.8811],"timeVisible":0.225835,"tipPosition":[76.5485,226.272,-9.3115],"tipVelocity":[164.237,155.158,-299.145],"tool":false,"touchDistance":0.333333,"touchZone":"none","type":4,"width":15.9987}],"r":[[0.969962,0.0768572,0.230797],[-0.0715986,0.996949,-0.031087],[-0.232482,0.0136285,0.972505]],"s":0.939547,"t":[49.7788,21.5458,-98.0985],"timestamp":523627957577},false],[3,{"currentFrameRate":107.998,"devices":[],"gestures":[],"hands":[{"armBasis":[[0.974957,0.051005,-0.216464],[0.060513,0.875776,0.478909],[0.214001,-0.480015,0.850758]],"armWidth":63.487,"confidence":0.647682,"direction":[-0.0893602,0.669445,-0.737467],"elbow":[137.122,102.965,294.762],"grabStrength":0,"id":693,"palmNormal":[-0.0830414,-0.742859,-0.664278],"palmPosition":[66.8502,264.929,24.2869],"palmVelocity":[114.172,136.918,-225.656],"palmWidth":90.6573,"pinchStrength":0.881978,"r":[[0.968869,0.0791217,0.234592],[-0.0729986,0.996729,-0.0346846],[-0.236569,0.0164799,0.971475]],"s":0.938016,"sphereCenter":[64.1961,241.727,-20.8647],"sphereRadius":47.052,"stabilizedPalmPosition":[27.8179,245.302,100.702],"t":[50.5632,22.8145,-99.7578],"timeVisible":0.235065,"type":"right","wrist":[79.5536,232.095,65.8974]}],"id":4268392,"interactionBox":{"center":[0,200,0],"size":[235.247,235.247,147.751]},"pointables":[{"bases":[[[0.456229,0.794307,0.401162],[-0.726772,0.0724693,0.683045],[0.513476,-0.603179,0.610343]],[[0.233203,0.961385,0.146132],[-0.822329,0.114759,0.55732],[0.51903,-0.250137,0.817337]],[[0.233203,0.961385,0.146132],[-0.969166,0.217482,0.115844],[0.0795898,-0.168641,0.982459]],[[0.233203,0.961385,0.146132],[-0.854814,0.27431,-0.440509],[-0.463584,-0.0221873,0.885775]]],"btipPosition":[33.0651,240.559,-29.9516],"carpPosition":[50.773,221.872,64.7283],"dipPosition":[22.2552,240.042,-9.29708],"direction":[-0.0795898,0.168641,-0.982459],"extended":false,"handId":693,"id":6930,"length":51.9258,"mcpPosition":[50.773,221.872,64.7283],"pipPosition":[24.959,234.313,24.078],"stabilizedTipPosition":[-10.5099,223.696,51.2564],"timeVisible":0.235065,"tipPosition":[31.013,239.891,-24.1253],"tipVelocity":[118.229,132.942,-261.399],"tool":false,"touchDistance":-0.366382,"touchZone":"hovering","type":0,"width":20.176},{"bases":[[[0.963438,0.110548,-0.244064],[0.0443345,0.832583,0.552123],[0.26424,-0.542757,0.797241]],[[0.977841,0.0770233,-0.194667],[-0.00311685,0.935113,0.354336],[0.209328,-0.345877,0.914631]],[[0.977841,0.0770233,-0.194667],[-0.0327337,0.974674,0.22122],[0.206776,-0.209946,0.955597]],[[0.977841,0.0770233,-0.194667],[-0.0543372,0.991369,0.119308],[0.202177,-0.106087,0.973586]]],"btipPosition":[22.6634,304.918,-68.3484],"carpPosition":[59.4139,243.466,68.8271],"dipPosition":[26.1051,303.112,-51.7749],"direction":[-0.206776,0.209946,-0.955597],"extended":true,"handId":693,"id":6931,"length":58.5925,"mcpPosition":[40.045,283.251,10.3889],"pipPosition":[31.0846,298.056,-28.7622],"stabilizedTipPosition":[-16.8099,293.163,6.64645],"timeVisible":0.235065,"tipPosition":[24.229,304.63,-64.6829],"tipVelocity":[117.493,105.866,-247.518],"tool":false,"touchDistance":-0.449348,"touchZone":"hovering","type":1,"width":19.2721},{"bases":[[[0.968511,-0.107363,-0.224634],[0.212367,0.827168,0.520282],[0.129951,-0.551603,0.823921]],[[0.970923,-0.118406,-0.208061],[-0.0209937,0.823653,-0.566705],[0.238472,0.554594,0.797218]],[[0.970923,-0.118406,-0.208061],[-0.206585,0.0247441,-0.978116],[0.120963,0.992657,-0.000436357]],[[0.970923,-0.118406,-0.208061],[-0.238974,-0.427909,-0.871657],[0.0141786,0.896032,-0.443762]]],"btipPosition":[46.8483,213.347,-20.9043],"carpPosition":[71.0266,246.539,66.3335],"dipPosition":[47.1137,230.124,-29.2129],"direction":[-0.120963,-0.992657,0.000436357],"extended":false,"handId":693,"id":6932,"length":66.7614,"mcpPosition":[61.9933,284.882,9.0604],"pipPosition":[50.5409,258.248,-29.2253],"stabilizedTipPosition":[7.50824,199.179,50.0976],"timeVisible":0.235065,"tipPosition":[47.249,216.528,-21.3782],"tipVelocity":[125.105,148.156,-269.137],"tool":false,"touchDistance":0.333333,"touchZone":"none","type":2,"width":18.9277},{"bases":[[[0.958294,-0.249414,-0.139516],[0.285055,0.799378,0.528903],[-0.0203894,-0.546614,0.837136]],[[0.957727,-0.259853,-0.123433],[0.138139,0.791765,-0.595],[0.252342,0.552797,0.794191]],[[0.957727,-0.259853,-0.123433],[-0.126097,0.00645944,-0.991997],[0.25857,0.965627,-0.0265803]],[[0.957727,-0.259853,-0.123433],[-0.228583,-0.426867,-0.874948],[0.174668,0.866176,-0.46822]]],"btipPosition":[62.5583,213.154,-14.7602],"carpPosition":[82.9074,246.424,63.3908],"dipPosition":[65.8099,229.278,-23.4764],"direction":[-0.25857,-0.965627,0.0265803],"extended":false,"handId":693,"id":6933,"length":64.1929,"mcpPosition":[84.1799,280.539,11.1443],"pipPosition":[72.9466,255.93,-24.2101],"stabilizedTipPosition":[26.0485,199.147,48.9411],"timeVisible":0.235065,"tipPosition":[63.4466,216.252,-15.274],"tipVelocity":[132.78,142.498,-251.07],"tool":false,"touchDistance":0.333333,"touchZone":"none","type":3,"width":18.0109},{"bases":[[[0.889133,-0.439631,-0.127148],[0.427706,0.6994,0.572632],[-0.162819,-0.563528,0.809893]],[[0.856261,-0.516469,-0.0087483],[0.427347,0.717816,-0.549649],[0.290156,0.466905,0.83535]],[[0.856261,-0.516469,-0.0087483],[0.00977819,0.03314,-0.999403],[0.51645,0.855665,0.0334266]],[[0.856261,-0.516469,-0.0087483],[-0.224381,-0.356643,-0.906895],[0.465263,0.778503,-0.421265]]],"btipPosition":[75.3789,225.373,-10.9173],"carpPosition":[94.249,239.309,58.7187],"dipPosition":[83.3692,238.742,-18.152],"direction":[-0.51645,-0.855665,-0.0334266],"extended":false,"handId":693,"id":6934,"length":50.326,"mcpPosition":[103.656,271.866,11.9287],"pipPosition":[93.4334,255.417,-17.5006],"stabilizedTipPosition":[41.1456,209.59,51.7254],"timeVisible":0.235065,"tipPosition":[77.2264,227.746,-11.0641],"tipVelocity":[139.468,156.253,-267.517],"tool":false,"touchDistance":0.30466,"touchZone":"hovering","type":4,"width":15.9987}],"r":[[0.968869,0.0791217,0.234592],[-0.0729986,0.996729,-0.0346846],[-0.236569,0.0164799,0.971475]],"s":0.938016,"t":[50.5632,22.8145,-99.7578],"timestamp":523627966807},false],[4,{"currentFrameRate":108.222,"devices":[],"gestures":[],"hands":[{"armBasis":[[0.973896,0.0558772,-0.220009],[0.0561698,0.879764,0.472082],[0.219935,-0.472116,0.85366]],"armWidth":63.487,"confidence":0.657349,"direction":[-0.0922669,0.669127,-0.737398],"elbow":[139.354,106.12,294.438],"grabStrength":0,"id":693,"palmNormal":[-0.0801392,-0.743145,-0.664315],"palmPosition":[67.3415,265.91,23.1876],"palmVelocity":[98.3387,129.91,-198.289],"palmWidth":90.6573,"pinchStrength":0.882669,"r":[[0.967924,0.0817328,0.237578],[-0.0749279,0.996482,-0.0375489],[-0.239811,0.0185432,0.970642]],"s":0.936595,"sphereCenter":[64.5637,242.75,-21.9205],"sphereRadius":47.0003,"stabilizedPalmPosition":[28.9824,245.909,98.4177],"t":[51.201,23.9392,-101.137],"timeVisible":0.243901,"type":"right","wrist":[80.1885,233.125,64.7927]}],"id":4268393,"interactionBox":{"center":[0,200,0],"size":[235.247,235.247,147.751]},"pointables":[{"bases":[[[0.453055,0.796142,0.401121],[-0.726914,0.0694376,0.683209],[0.516079,-0.601112,0.610186]],[[0.229453,0.962257,0.146332],[-0.824363,0.112198,0.55483],[0.517471,-0.247938,0.818993]],[[0.229453,0.962257,0.146332],[-0.969879,0.213413,0.117425],[0.0817633,-0.168868,0.982241]],[[0.229453,0.962257,0.146332],[-0.856921,0.271011,-0.438451],[-0.46156,-0.0247912,0.886762]]],"btipPosition":[33.6985,241.43,-31.1487],"carpPosition":[51.4499,222.784,63.6292],"dipPosition":[22.9358,240.852,-10.4711],"direction":[-0.0817633,0.168868,-0.982242],"extended":false,"handId":693,"id":6930,"length":51.9258,"mcpPosition":[51.4499,222.784,63.6292],"pipPosition":[25.7134,235.116,22.8965],"stabilizedTipPosition":[-9.33295,224.192,49.0665],"timeVisible":0.243901,"tipPosition":[31.6158,240.769,-25.3297],"tipVelocity":[105.978,123.234,-227.197],"tool":false,"touchDistance":-0.375954,"touchZone":"hovering","type":0,"width":20.176},{"bases":[[[0.962923,0.114516,-0.244267],[0.04104,0.832717,0.552175],[0.266638,-0.541727,0.797143]],[[0.976992,0.0823139,-0.196749],[-0.00681979,0.934104,0.356936],[0.213165,-0.347382,0.913174]],[[0.976992,0.0823139,-0.196749],[-0.0375186,0.974465,0.221382],[0.209948,-0.208907,0.955133]],[[0.976992,0.0823139,-0.196749],[-0.0598676,0.991274,0.117436],[0.204699,-0.102955,0.973395]]],"btipPosition":[22.7931,305.776,-69.3637],"carpPosition":[60.003,244.414,67.7277],"dipPosition":[26.2778,304.023,-52.7935],"direction":[-0.209948,0.208907,-0.955133],"extended":true,"handId":693,"id":6931,"length":58.5925,"mcpPosition":[40.4583,284.122,9.2967],"pipPosition":[31.3337,298.992,-29.792],"stabilizedTipPosition":[-15.7044,293.497,4.67089],"timeVisible":0.243901,"tipPosition":[24.3808,305.471,-65.714],"tipVelocity":[90.0035,103.864,-211.694],"tool":false,"touchDistance":-0.447988,"touchZone":"hovering","type":1,"width":19.2721},{"bases":[[[0.968894,-0.103373,-0.224854],[0.209087,0.827994,0.520297],[0.132393,-0.551126,0.823852]],[[0.97149,-0.115068,-0.207286],[-0.0233444,0.823643,-0.566628],[0.23593,0.555312,0.797475]],[[0.97149,-0.115068,-0.207286],[-0.205916,0.0237986,-0.97828],[0.117502,0.993073,-0.000574166]],[[0.97149,-0.115068,-0.207286],[-0.236811,-0.429166,-0.871629],[0.0113367,0.895866,-0.444179]]],"btipPosition":[47.5278,214.266,-22.0017],"carpPosition":[71.6025,247.534,65.2319],"dipPosition":[47.74,231.04,-30.3182],"direction":[-0.117502,-0.993073,0.000574166],"extended":false,"handId":693,"id":6932,"length":66.7614,"mcpPosition":[62.3995,285.844,7.96356],"pipPosition":[51.0691,259.176,-30.3345],"stabilizedTipPosition":[9.04905,199.907,47.2515],"timeVisible":0.243901,"tipPosition":[47.9123,217.463,-22.5233],"tipVelocity":[111.699,136.188,-230.013],"tool":false,"touchDistance":0.333333,"touchZone":"none","type":2,"width":18.9277},{"bases":[[[0.959279,-0.245471,-0.139744],[0.281889,0.800502,0.5289],[-0.0179638,-0.546755,0.8371]],[[0.958709,-0.256629,-0.122552],[0.137399,0.795273,-0.590476],[0.248996,0.549256,0.797696]],[[0.958709,-0.256629,-0.122552],[-0.123909,0.0109423,-0.992233],[0.255977,0.966448,-0.021308]],[[0.958709,-0.256629,-0.122552],[-0.225754,-0.424682,-0.876744],[0.172952,0.868209,-0.465081]]],"btipPosition":[63.2351,214.304,-16.2222],"carpPosition":[83.483,247.468,62.2865],"dipPosition":[66.4547,230.466,-24.88],"direction":[-0.255977,-0.966448,0.021308],"extended":false,"handId":693,"id":6933,"length":64.1929,"mcpPosition":[84.6042,281.591,10.0423],"pipPosition":[73.5198,257.141,-25.4681],"stabilizedTipPosition":[27.6814,199.96,46.0498],"timeVisible":0.243901,"tipPosition":[64.1132,217.398,-16.7252],"tipVelocity":[117.366,139.419,-227.517],"tool":false,"touchDistance":0.333333,"touchZone":"none","type":3,"width":18.0109},{"bases":[[[0.890901,-0.435971,-0.127375],[0.424959,0.701107,0.57259],[-0.160329,-0.56425,0.809887]],[[0.857305,-0.514774,-0.00595051],[0.42863,0.720146,-0.545588],[0.28514,0.465185,0.838032]],[[0.857305,-0.514774,-0.00595051],[0.0145029,0.035704,-0.999257],[0.514605,0.856582,0.038075]],[[0.857305,-0.514774,-0.00595051],[-0.219952,-0.355809,-0.908307],[0.465456,0.780005,-0.418263]]],"btipPosition":[76.0481,226.522,-12.2609],"carpPosition":[94.8527,240.4,57.6115],"dipPosition":[84.0417,239.918,-19.444],"direction":[-0.514605,-0.856582,-0.038075],"extended":false,"handId":693,"id":6934,"length":50.326,"mcpPosition":[104.115,272.999,10.8217],"pipPosition":[94.0699,256.61,-18.7021],"stabilizedTipPosition":[42.8722,210.531,48.6408],"timeVisible":0.243901,"tipPosition":[77.8897,228.908,-12.4281],"tipVelocity":[122.262,149.363,-235.942],"tool":false,"touchDistance":0.282465,"touchZone":"hovering","type":4,"width":15.9987}],"r":[[0.967924,0.0817328,0.237578],[-0.0749279,0.996482,-0.0375489],[-0.239811,0.0185432,0.970642]],"s":0.936595,"t":[51.201,23.9392,-101.137],"timestamp":523627975643},false],[5,{"currentFrameRate":108.138,"devices":[],"gestures":[],"hands":[{"armBasis":[[0.97215,0.0592151,-0.226756],[0.0547514,0.883395,0.46542],[0.227875,-0.464873,0.85555]],"armWidth":63.487,"confidence":0.66222,"direction":[-0.0934049,0.666872,-0.739295],"elbow":[141.885,108.986,294.097],"grabStrength":0,"id":693,"palmNormal":[-0.0794818,-0.745166,-0.662125],"palmPosition":[67.6783,266.692,22.2481],"palmVelocity":[80.5361,116.597,-170.28],"palmWidth":90.6573,"pinchStrength":0.886556,"r":[[0.967156,0.084206,0.239832],[-0.0767154,0.996234,-0.0404162],[-0.242332,0.0206899,0.969973]],"s":0.934981,"sphereCenter":[64.7027,243.437,-22.7462],"sphereRadius":46.9406,"stabilizedPalmPosition":[30.2441,246.587,95.9341],"t":[51.6883,24.8924,-102.296],"timeVisible":0.2533,"type":"right","wrist":[80.5834,234.043,63.9428]}],"id":4268394,"interactionBox":{"center":[0,200,0],"size":[235.247,235.247,147.751]},"pointables":[{"bases":[[[0.452224,0.797867,0.398626],[-0.72672,0.0705094,0.683305],[0.51708,-0.598696,0.611712]],[[0.228543,0.962869,0.143706],[-0.8267,0.11399,0.550975],[0.514136,-0.244723,0.822055]],[[0.228543,0.962869,0.143706],[-0.969961,0.212575,0.118268],[0.0833283,-0.166419,0.982528]],[[0.228543,0.962869,0.143706],[-0.857533,0.268986,-0.438501],[-0.460874,-0.0230165,0.887167]]],"btipPosition":[34.2025,242.025,-32.1282],"carpPosition":[51.8572,223.664,62.8211],"dipPosition":[23.4558,241.488,-11.4413],"direction":[-0.0833283,0.166419,-0.982528],"extended":false,"handId":693,"id":6930,"length":51.9258,"mcpPosition":[51.8572,223.664,62.8211],"pipPosition":[26.2866,235.835,21.9361],"stabilizedTipPosition":[-8.08649,224.73,46.7463],"timeVisible":0.2533,"tipPosition":[32.0407,241.407,-26.3264],"tipVelocity":[91.1777,106.445,-192.103],"tool":false,"touchDistance":-0.381353,"touchZone":"hovering","type":0,"width":20.176},{"bases":[[[0.962679,0.11501,-0.244995],[0.0402248,0.834365,0.549743],[0.267641,-0.539081,0.798599]],[[0.97635,0.0841441,-0.199148],[-0.00782274,0.934298,0.356407],[0.216053,-0.34642,0.91286]],[[0.97635,0.0841441,-0.199148],[-0.0394622,0.975038,0.218504],[0.212563,-0.205478,0.955299]],[[0.97635,0.0841441,-0.199148],[-0.0624874,0.991668,0.112647],[0.206968,-0.0975387,0.973473]]],"btipPosition":[22.8763,306.268,-70.3367],"carpPosition":[60.385,245.315,66.8534],"dipPosition":[26.3995,304.607,-53.7652],"direction":[-0.212563,0.205478,-0.955299],"extended":true,"handId":693,"id":6931,"length":58.5925,"mcpPosition":[40.7667,284.83,8.31563],"pipPosition":[31.5185,299.659,-30.7596],"stabilizedTipPosition":[-14.6336,293.834,2.73554],"timeVisible":0.2533,"tipPosition":[24.4821,305.962,-66.6988],"tipVelocity":[67.1568,89.8277,-180.872],"tool":false,"touchDistance":-0.446112,"touchZone":"hovering","type":1,"width":19.2721},{"bases":[[[0.96893,-0.102814,-0.224953],[0.208264,0.829759,0.517809],[0.133419,-0.54857,0.825391]],[[0.971769,-0.115535,-0.205709],[-0.0223781,0.822828,-0.56785],[0.23487,0.556423,0.797013]],[[0.971769,-0.115535,-0.205709],[-0.204527,0.0221265,-0.978611],[0.117616,0.993057,-0.00212833]],[[0.971769,-0.115535,-0.205709],[-0.235633,-0.431207,-0.870941],[0.0119213,0.894825,-0.446257]]],"btipPosition":[47.8702,214.964,-22.8917],"carpPosition":[71.9795,248.443,64.3437],"dipPosition":[48.0934,231.718,-31.2471],"direction":[-0.117616,-0.993057,0.00212833],"extended":false,"handId":693,"id":6932,"length":66.7614,"mcpPosition":[62.7051,286.575,6.96844],"pipPosition":[51.4257,259.854,-31.3074],"stabilizedTipPosition":[10.7109,200.716,44.1706],"timeVisible":0.2533,"tipPosition":[48.2552,218.168,-23.4526],"tipVelocity":[90.3363,118.411,-191.74],"tool":false,"touchDistance":0.333333,"touchZone":"none","type":2,"width":18.9277},{"bases":[[[0.959528,-0.244676,-0.139428],[0.281105,0.802383,0.526462],[-0.0169379,-0.544348,0.838688]],[[0.958927,-0.256528,-0.121044],[0.13878,0.796476,-0.588529],[0.247383,0.547558,0.799363]],[[0.958927,-0.256528,-0.121044],[-0.121927,0.0125222,-0.99246],[0.25611,0.966456,-0.0192699]],[[0.958927,-0.256528,-0.121044],[-0.22433,-0.424704,-0.877099],[0.173592,0.868228,-0.464808]]],"btipPosition":[63.6031,215.144,-17.3498],"carpPosition":[83.8589,248.383,61.3936],"dipPosition":[66.8346,231.306,-26.0025],"direction":[-0.25611,-0.966456,0.0192699],"extended":false,"handId":693,"id":6933,"length":64.1929,"mcpPosition":[84.916,282.356,9.05031],"pipPosition":[73.9034,257.981,-26.5343],"stabilizedTipPosition":[29.4341,200.863,42.924],"timeVisible":0.2533,"tipPosition":[64.4787,218.237,-17.8675],"tipVelocity":[95.1721,125.169,-196.846],"tool":false,"touchDistance":0.333333,"touchZone":"none","type":3,"width":18.0109},{"bases":[[[0.891393,-0.435225,-0.126479],[0.424316,0.703294,0.570381],[-0.159292,-0.562101,0.811584]],[[0.856459,-0.516215,-0.000627869],[0.433738,0.720278,-0.541361],[0.279911,0.463381,0.84079]],[[0.856459,-0.516215,-0.000627869],[0.0215511,0.0369708,-0.999084],[0.515766,0.85566,0.0427889]],[[0.856459,-0.516215,-0.000627869],[-0.215174,-0.355892,-0.909418],[0.469232,0.779014,-0.415883]]],"btipPosition":[76.4677,227.412,-13.4659],"carpPosition":[95.2355,241.316,56.7344],"dipPosition":[84.5262,240.791,-20.6082],"direction":[-0.515766,-0.85566,-0.0427889],"extended":false,"handId":693,"id":6934,"length":50.326,"mcpPosition":[104.438,273.79,9.84662],"pipPosition":[94.577,257.466,-19.7743],"stabilizedTipPosition":[44.7194,211.571,45.3189],"timeVisible":0.2533,"tipPosition":[78.3095,229.792,-13.6307],"tipVelocity":[100.606,133.68,-204.971],"tool":false,"touchDistance":0.262538,"touchZone":"hovering","type":4,"width":15.9987}],"r":[[0.967156,0.084206,0.239832],[-0.0767154,0.996234,-0.0404162],[-0.242332,0.0206899,0.969973]],"s":0.934981,"t":[51.6883,24.8924,-102.296],"timestamp":523627985042},false],[6,{"currentFrameRate":108.438,"devices":[],"gestures":[],"hands":[{"armBasis":[[0.971034,0.0649038,-0.229957],[0.0496249,0.886636,0.459797],[0.233731,-0.45789,0.857733]],"armWidth":63.487,"confidence":0.663322,"direction":[-0.0955829,0.664879,-0.74081],"elbow":[143.761,112.304,293.398],"grabStrength":0,"id":693,"palmNormal":[-0.0752373,-0.746914,-0.66065],"palmPosition":[67.8798,267.983,20.8782],"palmVelocity":[65.2732,125.156,-166.958],"palmWidth":90.6573,"pinchStrength":0.892939,"r":[[0.966395,0.0871817,0.241825],[-0.0790489,0.995936,-0.043151],[-0.244605,0.0225849,0.96936]],"s":0.933414,"sphereCenter":[64.8094,244.662,-24.02],"sphereRadius":46.8845,"stabilizedPalmPosition":[31.4209,247.256,93.5873],"t":[52.0328,26.0146,-103.561],"timeVisible":0.261981,"type":"right","wrist":[80.8848,235.482,62.6571]}],"id":4268395,"interactionBox":{"center":[0,200,0],"size":[235.247,235.247,147.751]},"pointables":[{"bases":[[[0.448052,0.800781,0.39749],[-0.727868,0.0685877,0.682279],[0.519093,-0.595017,0.613594]],[[0.224026,0.964173,0.142069],[-0.829693,0.112206,0.546826],[0.511294,-0.240377,0.825104]],[[0.224026,0.964173,0.142069],[-0.970977,0.208284,0.117562],[0.0837595,-0.164283,0.982851]],[[0.224026,0.964173,0.142069],[-0.857761,0.264269,-0.440916],[-0.462664,-0.023085,0.886233]]],"btipPosition":[34.7219,243.042,-33.5676],"carpPosition":[52.2081,224.968,61.5226],"dipPosition":[23.9335,242.504,-12.9024],"direction":[-0.0837595,0.164283,-0.982851],"extended":false,"handId":693,"id":6930,"length":51.9258,"mcpPosition":[52.2081,224.968,61.5226],"pipPosition":[26.7789,236.923,20.486],"stabilizedTipPosition":[-6.94114,225.246,44.6003],"timeVisible":0.261981,"tipPosition":[32.4849,242.458,-27.7961],"tipVelocity":[82.5367,109.279,-185.253],"tool":false,"touchDistance":-0.393216,"touchZone":"hovering","type":0,"width":20.176},{"bases":[[[0.962435,0.11894,-0.244076],[0.0357057,0.835694,0.548033],[0.269156,-0.536161,0.800054]],[[0.975769,0.0893023,-0.199751],[-0.0125314,0.93423,0.35645],[0.218445,-0.34531,0.912712]],[[0.975769,0.0893023,-0.199751],[-0.0449737,0.975285,0.216326],[0.214132,-0.202101,0.955669]],[[0.975769,0.0893023,-0.199751],[-0.0685176,0.991715,0.108661],[0.207799,-0.0923417,0.973803]]],"btipPosition":[22.8571,307.188,-71.7854],"carpPosition":[60.6311,246.667,65.5196],"dipPosition":[26.3945,305.616,-55.2082],"direction":[-0.214132,0.202101,-0.955669],"extended":true,"handId":693,"id":6931,"length":58.5925,"mcpPosition":[40.9018,285.968,6.87515],"pipPosition":[31.5512,300.749,-32.1938],"stabilizedTipPosition":[-13.7392,294.137,1.08448],"timeVisible":0.261981,"tipPosition":[24.4738,306.885,-68.1554],"tipVelocity":[48.7844,94.7567,-177.106],"tool":false,"touchDistance":-0.451545,"touchZone":"hovering","type":1,"width":19.2721},{"bases":[[[0.969667,-0.0988111,-0.223568],[0.203803,0.831797,0.516312],[0.134946,-0.546214,0.826704]],[[0.972891,-0.113196,-0.201665],[-0.021648,0.823613,-0.566738],[0.230247,0.555741,0.798836]],[[0.972891,-0.113196,-0.201665],[-0.200449,0.0221393,-0.979454],[0.115335,0.993326,-0.00115099]],[[0.972891,-0.113196,-0.201665],[-0.230982,-0.432732,-0.87143],[0.0113759,0.894388,-0.447148]]],"btipPosition":[48.2954,216.233,-24.408],"carpPosition":[72.214,249.842,63.0173],"dipPosition":[48.5084,232.979,-32.7801],"direction":[-0.115335,-0.993326,0.00115099],"extended":false,"handId":693,"id":6932,"length":66.7614,"mcpPosition":[62.8336,287.811,5.55075],"pipPosition":[51.7762,261.122,-32.8127],"stabilizedTipPosition":[12.2298,201.497,41.325],"timeVisible":0.261981,"tipPosition":[48.68,219.428,-24.9887],"tipVelocity":[79.2544,125.755,-187.311],"tool":false,"touchDistance":0.333333,"touchZone":"none","type":2,"width":18.9277},{"bases":[[[0.960815,-0.240535,-0.137756],[0.276759,0.804776,0.52511],[-0.0154449,-0.542659,0.839811]],[[0.960233,-0.252569,-0.119007],[0.136266,0.795971,-0.589799],[0.24369,0.550127,0.798733]],[[0.960233,-0.252569,-0.119007],[-0.120404,0.00997394,-0.992675],[0.251905,0.967528,-0.020833]],[[0.960233,-0.252569,-0.119007],[-0.221103,-0.427608,-0.876507],[0.17049,0.867963,-0.466447]]],"btipPosition":[64.0864,216.348,-18.6301],"carpPosition":[84.0972,249.831,60.0817],"dipPosition":[67.2602,232.505,-27.3133],"direction":[-0.251905,-0.967528,0.020833],"extended":false,"handId":693,"id":6933,"length":64.1929,"mcpPosition":[85.0611,283.699,7.66826],"pipPosition":[74.2129,259.21,-27.8883],"stabilizedTipPosition":[31.0884,201.761,39.9527],"timeVisible":0.261981,"tipPosition":[64.9475,219.454,-19.1861],"tipVelocity":[84.2464,128.732,-183.918],"tool":false,"touchDistance":0.333333,"touchZone":"none","type":3,"width":18.0109},{"bases":[[[0.893545,-0.431369,-0.124488],[0.420372,0.706441,0.56941],[-0.157682,-0.561125,0.812573]],[[0.856989,-0.515292,0.00661999],[0.438941,0.723157,-0.533267],[0.270001,0.45991,0.845921]],[[0.856989,-0.515292,0.00661999],[0.0316521,0.0398105,-0.998706],[0.514362,0.856089,0.0504272]],[[0.856989,-0.515292,0.00661999],[-0.207266,-0.356411,-0.91105],[0.471817,0.779388,-0.412243]]],"btipPosition":[76.9832,228.955,-15.1985],"carpPosition":[95.5119,242.807,55.4511],"dipPosition":[85.0861,242.34,-22.2783],"direction":[-0.514362,-0.856089,-0.0504272],"extended":false,"handId":693,"id":6934,"length":50.326,"mcpPosition":[104.622,275.225,8.50615],"pipPosition":[95.1096,259.023,-21.2956],"stabilizedTipPosition":[46.4384,212.602,42.1886],"timeVisible":0.261981,"tipPosition":[78.8103,231.312,-15.3412],"tipVelocity":[89.9434,145.438,-203.095],"tool":false,"touchDistance":0.233901,"touchZone":"hovering","type":4,"width":15.9987}],"r":[[0.966395,0.0871817,0.241825],[-0.0790489,0.9959