{"sensorType":"Leap","data":[[0,{"currentFrameRate":110.411,"devices":[],"gestures":[],"hands":[{"armBasis":[[0.97063,0.0273225,-0.239022],[0.0895777,0.881046,0.464472],[0.22328,-0.472241,0.852722]],"armWidth":63.487,"confidence":0.715901,"direction":[-0.131984,0.681191,-0.72011],"elbow":[142.755,112.332,293.614],"grabStrength":0,"id":693,"palmNormal":[-0.127253,-0.732098,-0.669208],"palmPosition":[67.575,272.895,23.989],"palmVelocity":[21.8335,78.0851,-142.033],"palmWidth":90.6573,"pinchStrength":0.955125,"r":[[0.979786,0.0322262,0.197435],[-0.0347742,0.999351,0.00945113],[-0.197003,-0.0161257,0.98027]],"s":0.940203,"sphereCenter":[60.479,252.672,-20.5111],"sphereRadius":46.3374,"stabilizedPalmPosition":[35.707,263.535,111.907],"t":[52.0229,31.3128,-100.341],"timeVisible":8.33333,"type":"right","wrist":[82.6899,239.371,64.2209]}],"id":4269262,"interactionBox":{"center":[0,200,0],"size":[235.247,235.247,147.751]},"pointables":[{"bases":[[[0.483641,0.786398,0.384278],[-0.682734,0.0642246,0.727839],[0.547691,-0.614372,0.567963]],[[0.261032,0.951832,0.160866],[-0.800959,0.120541,0.58646],[0.53882,-0.281932,0.793843]],[[0.261032,0.951832,0.160866],[-0.947486,0.220731,0.231407],[0.184752,-0.212823,0.959465]],[[0.261032,0.951832,0.160866],[-0.810791,0.30662,-0.4986],[-0.523908,-0.000278256,0.851775]]],"btipPosition":[32.9903,250.523,-27.2556],"carpPosition":[53.8483,229.265,64.6818],"dipPosition":[20.7738,250.517,-7.39395],"direction":[-0.184752,0.212823,-0.959465],"extended":false,"handId":693,"id":6930,"length":51.9258,"mcpPosition":[53.8483,229.265,64.6818],"pipPosition":[27.05,243.287,25.2],"stabilizedTipPosition":[-9.99081,253,94.9176],"timeVisible":8.33333,"tipPosition":[31.0567,250.597,-21.8127],"tipVelocity":[-15.699,60.2207,-177.649],"tool":false,"touchDistance":-0.552974,"touchZone":"hovering","type":0,"width":20.176},{"bases":[[[0.946934,0.111109,-0.301615],[0.0820601,0.823695,0.561065],[0.310778,-0.556041,0.770867]],[[0.968709,0.0663944,-0.239154],[0.051616,0.888601,0.455768],[0.242773,-0.453851,0.857368]],[[0.968709,0.0663944,-0.239154],[-0.00131252,0.964914,0.262564],[0.248196,-0.254035,0.934807]],[[0.968709,0.0663944,-0.239154],[-0.042049,0.99353,0.105503],[0.244612,-0.0921457,0.965233]]],"btipPosition":[19.5066,318.635,-63.5794],"carpPosition":[62.8199,250.763,68.5688],"dipPosition":[23.6707,317.066,-47.1481],"direction":[-0.248196,0.254035,-0.934807],"extended":true,"handId":693,"id":6931,"length":58.5925,"mcpPosition":[40.0397,291.521,12.0639],"pipPosition":[29.6477,310.949,-24.6361],"stabilizedTipPosition":[-37.5408,320.923,83.5686],"timeVisible":8.33333,"tipPosition":[21.2329,318.934,-59.6599],"tipVelocity":[-1.09539,44.2286,-154.58],"tool":false,"touchDistance":-0.565989,"touchZone":"hovering","type":1,"width":19.2721},{"bases":[[[0.952258,-0.107094,-0.285894],[0.247772,0.818213,0.518784],[0.178363,-0.564853,0.805685]],[[0.956615,-0.121898,-0.264628],[-0.01479,0.886782,-0.461951],[0.290978,0.445824,0.846507]],[[0.956615,-0.121898,-0.264628],[-0.28631,-0.225033,-0.931336],[0.0539777,0.966696,-0.250171]],[[0.956615,-0.121898,-0.264628],[-0.254217,-0.792951,-0.553717],[-0.14234,0.596967,-0.789538]]],"btipPosition":[49.0322,233.123,-9.38006],"carpPosition":[74.2689,253.835,65.4075],"dipPosition":[46.3671,244.301,-24.1628],"direction":[-0.0539777,-0.966696,0.250171],"extended":false,"handId":693,"id":6932,"length":66.7614,"mcpPosition":[61.8704,293.1,9.40201],"pipPosition":[47.8965,271.689,-31.2507],"stabilizedTipPosition":[8.79881,233.009,103.049],"timeVisible":8.33333,"tipPosition":[48.8824,235.089,-11.3867],"tipVelocity":[11.9094,90.2861,-175.777],"tool":false,"touchDistance":0.333333,"touchZone":"none","type":2,"width":18.9277},{"bases":[[[0.946721,-0.250424,-0.202504],[0.320733,0.790047,0.522451],[0.0291534,-0.559565,0.828273]],[[0.947127,-0.272738,-0.169009],[0.162219,0.861493,-0.48116],[0.276831,0.428304,0.860187]],[[0.947127,-0.272738,-0.169009],[-0.231639,-0.216736,-0.948351],[0.222021,0.937358,-0.268454]],[[0.947127,-0.272738,-0.169009],[-0.320155,-0.768455,-0.554055],[0.0212366,0.57887,-0.815143]]],"btipPosition":[65.2778,232.935,-5.66953],"carpPosition":[85.944,253.726,61.7321],"dipPosition":[65.6731,243.711,-20.844],"direction":[-0.222021,-0.937358,0.268454],"extended":false,"handId":693,"id":6933,"length":64.1929,"mcpPosition":[84.1245,288.649,10.0388],"pipPosition":[71.8011,269.583,-28.2535],"stabilizedTipPosition":[34.877,228.956,74.5597],"timeVisible":8.33333,"tipPosition":[65.4835,234.833,-7.69138],"tipVelocity":[24.1947,87.4682,-166.928],"tool":false,"touchDistance":0.333333,"touchZone":"none","type":3,"width":18.0109},{"bases":[[[0.877637,-0.440577,-0.188801],[0.465386,0.688919,0.555704],[-0.114762,-0.575571,0.809659]],[[0.822382,-0.568702,0.0163125],[0.510879,0.72554,-0.46108],[0.250382,0.387517,0.887209]],[[0.822382,-0.568702,0.0163125],[-0.124068,-0.207246,-0.97039],[0.555243,0.796007,-0.240993]],[[0.822382,-0.568702,0.0163125],[-0.451593,-0.669938,-0.589277],[0.346051,0.477244,-0.807767]]],"btipPosition":[77.9896,242.54,-3.20743],"carpPosition":[96.9435,246.648,56.2567],"dipPosition":[83.9326,250.736,-17.0798],"direction":[-0.555243,-0.796007,0.240993],"extended":false,"handId":693,"id":6934,"length":50.326,"mcpPosition":[103.574,279.9,9.48015],"pipPosition":[94.7527,266.248,-21.7761],"stabilizedTipPosition":[56.0022,236.646,51.0307],"timeVisible":8.33333,"tipPosition":[79.2029,243.927,-5.12178],"tipVelocity":[33.5341,86.1739,-166.233],"tool":false,"touchDistance":0.333333,"touchZone":"none","type":4,"width":15.9987}],"r":[[0.979786,0.0322262,0.197435],[-0.0347742,0.999351,0.00945113],[-0.197003,-0.0161257,0.98027]],"s":0.940203,"t":[52.0229,31.3128,-100.341],"timestamp":523636065074},false],[1,{"currentFrameRate":110.395,"devices":[],"gestures":[],"hands":[{"armBasis":[[0.970582,0.023399,-0.23963],[0.0924075,0.882843,0.460487],[0.222331,-0.469084,0.85471]],"armWidth":63.487,"confidence":0.718352,"direction":[-0.132256,0.67794,-0.723122],"elbow":[142.524,113.884,292.847],"grabStrength":0,"id":693,"palmNormal":[-0.130153,-0.735092,-0.665357],"palmPosition":[67.5752,273.431,22.5585],"palmVelocity":[15.7962,72.8081,-146.292],"palmWidth":90.6573,"pinchStrength":0.955312,"r":[[0.97974,0.0332172,0.197499],[-0.0351169,0.999364,0.00612317],[-0.19717,-0.0129347,0.980284]],"s":0.940353,"sphereCenter":[60.3652,252.98,-21.8828],"sphereRadius":46.378,"stabilizedPalmPosition":[36.2308,263.698,110.439],"t":[52.0477,31.949,-101.743],"timeVisible":8.34242,"type":"right","wrist":[82.7141,240.074,62.9197]}],"id":4269263,"interactionBox":{"center":[0,200,0],"size":[235.247,235.247,147.751]},"pointables":[{"bases":[[[0.486014,0.787312,0.379381],[-0.680996,0.069092,0.72902],[0.547754,-0.612671,0.569736]],[[0.262147,0.952564,0.1546],[-0.800987,0.125424,0.585397],[0.538237,-0.277292,0.795871]],[[0.262147,0.952564,0.1546],[-0.946898,0.222992,0.231645],[0.186182,-0.207115,0.960437]],[[0.262147,0.952564,0.1546],[-0.826648,0.304316,-0.473335],[-0.497929,-0.00371629,0.86721]]],"btipPosition":[32.3707,250.94,-28.938],"carpPosition":[53.854,230.026,63.4932],"dipPosition":[20.76,250.853,-8.71639],"direction":[-0.186182,0.207115,-0.960437],"extended":false,"handId":693,"id":6930,"length":51.9258,"mcpPosition":[53.854,230.026,63.4932],"pipPosition":[27.0847,243.818,23.9106],"stabilizedTipPosition":[-9.78044,252.989,94.2858],"timeVisible":8.34242,"tipPosition":[30.5926,250.984,-23.356],"tipVelocity":[-25.9852,55.6894,-177.2],"tool":false,"touchDistance":-0.550004,"touchZone":"hovering","type":0,"width":20.176},{"bases":[[[0.946477,0.107795,-0.304238],[0.0848989,0.82625,0.556869],[0.311404,-0.552894,0.772875]],[[0.967686,0.0648065,-0.243687],[0.0540729,0.890595,0.451571],[0.246291,-0.450156,0.858312]],[[0.967686,0.0648065,-0.243687],[0.000345816,0.966067,0.258291],[0.252157,-0.250028,0.934828]],[[0.967686,0.0648065,-0.243687],[-0.0410597,0.994008,0.101299],[0.248792,-0.08802,0.964549]]],"btipPosition":[19.1996,318.842,-65.0688],"carpPosition":[62.8759,251.526,67.2559],"dipPosition":[23.4348,317.344,-48.6492],"direction":[-0.252157,0.250028,-0.934828],"extended":true,"handId":693,"id":6931,"length":58.5925,"mcpPosition":[40.0498,292.053,10.6037],"pipPosition":[29.5072,311.322,-26.1367],"stabilizedTipPosition":[-37.4587,320.919,83.3625],"timeVisible":8.34242,"tipPosition":[20.9654,319.111,-61.1848],"tipVelocity":[-9.64767,38.7816,-157.244],"tool":false,"touchDistance":-0.560105,"touchZone":"hovering","type":1,"width":19.2721},{"bases":[[[0.951414,-0.110339,-0.287467],[0.250506,0.82024,0.514251],[0.17905,-0.561277,0.808028]],[[0.95612,-0.126255,-0.264375],[-0.00992788,0.8879,-0.459929],[0.292807,0.442372,0.847686]],[[0.95612,-0.126255,-0.264375],[-0.286868,-0.220158,-0.932329],[0.0595065,0.967259,-0.246716]],[[0.95612,-0.126255,-0.264375],[-0.257902,-0.790832,-0.555042],[-0.139,0.598869,-0.788692]]],"btipPosition":[48.7323,233.714,-11.0664],"carpPosition":[74.3239,254.56,64.0544],"dipPosition":[46.1298,244.927,-25.8333],"direction":[-0.0595066,-0.967259,0.246716],"extended":false,"handId":693,"id":6932,"length":66.7614,"mcpPosition":[61.8776,293.576,7.88607],"pipPosition":[47.8158,272.331,-32.8233],"stabilizedTipPosition":[9.38508,233.058,101.298],"timeVisible":8.34242,"tipPosition":[48.5967,235.697,-13.0589],"tipVelocity":[-0.0845901,83.5301,-178.378],"tool":false,"touchDistance":0.333333,"touchZone":"none","type":2,"width":18.9277},{"bases":[[[0.945783,-0.25325,-0.203369],[0.32342,0.79195,0.517894],[0.0299013,-0.555589,0.830919]],[[0.946217,-0.275578,-0.169497],[0.163996,0.860144,-0.482967],[0.278887,0.429195,0.859077]],[[0.946217,-0.275578,-0.169497],[-0.233272,-0.218103,-0.947637],[0.22418,0.936209,-0.270657]],[[0.946217,-0.275578,-0.169497],[-0.32282,-0.769472,-0.551089],[0.0214449,0.576167,-0.81705]]],"btipPosition":[65.1226,233.414,-7.06718],"carpPosition":[85.9905,254.411,60.3539],"dipPosition":[65.5218,244.139,-22.2771],"direction":[-0.22418,-0.936209,0.270657],"extended":false,"handId":693,"id":6933,"length":64.1929,"mcpPosition":[84.1244,289.086,8.49542],"pipPosition":[71.7094,269.979,-29.7475],"stabilizedTipPosition":[35.4892,229.096,72.8421],"timeVisible":8.34242,"tipPosition":[65.3282,235.311,-9.12294],"tipVelocity":[12.7964,77.4759,-163.544],"tool":false,"touchDistance":0.333333,"touchZone":"none","type":3,"width":18.0109},{"bases":[[[0.87636,-0.4432,-0.188589],[0.467949,0.690702,0.55132],[-0.114086,-0.571405,0.812699]],[[0.821001,-0.570641,0.018059],[0.512929,0.72334,-0.462258],[0.250721,0.388777,0.886562]],[[0.821001,-0.570641,0.018059],[-0.124209,-0.209398,-0.96991],[0.557252,0.794054,-0.242794]],[[0.821001,-0.570641,0.018059],[-0.453555,-0.671104,-0.586436],[0.346764,0.473274,-0.809794]]],"btipPosition":[77.9078,242.997,-4.65837],"carpPosition":[96.9641,247.284,54.8887],"dipPosition":[83.863,251.125,-18.5656],"direction":[-0.557252,-0.794054,0.242794],"extended":false,"handId":693,"id":6934,"length":50.326,"mcpPosition":[103.555,280.296,7.9365],"pipPosition":[94.7223,266.599,-23.297],"stabilizedTipPosition":[56.6126,236.861,49.4864],"timeVisible":8.34242,"tipPosition":[79.1205,244.379,-6.60363],"tipVelocity":[21.845,75.775,-164.66],"tool":false,"touchDistance":0.333333,"touchZone":"none","type":4,"width":15.9987}],"r":[[0.97974,0.0332172,0.197499],[-0.0351169,0.999364,0.00612317],[-0.19717,-0.0129347,0.980284]],"s":0.940353,"t":[52.0477,31.949,-101.743],"timestamp":523636074161},false],[2,{"currentFrameRate":110.438,"devices":[],"gestures":[],"hands":[{"armBasis":[[0.970134,0.0243432,-0.241344],[0.091691,0.88433,0.45777],[0.224571,-0.466227,0.855687]],"armWidth":63.487,"confidence":0.724461,"direction":[-0.132333,0.6761,-0.724829],"elbow":[143.16,115.07,292.419],"grabStrength":0,"id":693,"palmNormal":[-0.129545,-0.736785,-0.663601],"palmPosition":[67.6063,273.742,21.7798],"palmVelocity":[12.4159,62.3302,-129.973],"palmWidth":90.6573,"pinchStrength":0.955029,"r":[[0.979685,0.034205,0.197602],[-0.0354909,0.999366,0.00296845],[-0.197375,-0.0099212,0.980278]],"s":0.940455,"sphereCenter":[60.2905,253.191,-22.5924],"sphereRadius":46.3636,"stabilizedPalmPosition":[36.6606,263.835,109.224],"t":[52.0757,32.4222,-102.834],"timeVisible":8.3514,"type":"right","wrist":[82.7472,240.491,62.228]}],"id":4269264,"interactionBox":{"center":[0,200,0],"size":[235.247,235.247,147.751]},"pointables":[{"bases":[[[0.485483,0.788482,0.377627],[-0.681295,0.0705373,0.728603],[0.547853,-0.611,0.571433]],[[0.260886,0.953384,0.151648],[-0.802323,0.126773,0.583272],[0.536857,-0.273839,0.797995]],[[0.260886,0.953384,0.151648],[-0.947455,0.222744,0.229596],[0.185115,-0.203579,0.961399]],[[0.260886,0.953384,0.151648],[-0.8322,0.301721,-0.465195],[-0.489265,-0.00483875,0.872122]]],"btipPosition":[32.3115,251.078,-29.8683],"carpPosition":[53.8919,230.43,62.8158],"dipPosition":[20.9028,250.965,-9.5322],"direction":[-0.185115,0.203579,-0.961399],"extended":false,"handId":693,"id":6930,"length":51.9258,"mcpPosition":[53.8919,230.43,62.8158],"pipPosition":[27.1913,244.05,23.1274],"stabilizedTipPosition":[-9.61741,252.981,93.7922],"timeVisible":8.3514,"tipPosition":[30.545,251.131,-24.2542],"tipVelocity":[-19.254,44.4649,-156.236],"tool":false,"touchDistance":-0.536896,"touchZone":"hovering","type":0,"width":20.176},{"bases":[[[0.946534,0.107523,-0.304159],[0.0842842,0.827654,0.554874],[0.3114,-0.550843,0.77434]],[[0.967125,0.0661341,-0.24555],[0.0531391,0.891718,0.44946],[0.248687,-0.447733,0.858889]],[[0.967125,0.0661341,-0.24555],[-0.00112707,0.966697,0.255921],[0.254298,-0.247231,0.934992]],[[0.967125,0.0661341,-0.24555],[-0.0429012,0.994183,0.0987927],[0.250656,-0.0850105,0.964337]]],"btipPosition":[19.0398,318.887,-65.9281],"carpPosition":[62.9017,251.943,66.529],"dipPosition":[23.3068,317.44,-49.5121],"direction":[-0.254298,0.247231,-0.934992],"extended":true,"handId":693,"id":6931,"length":58.5925,"mcpPosition":[40.0759,292.321,9.76939],"pipPosition":[29.4308,311.486,-26.9956],"stabilizedTipPosition":[-37.3968,320.917,83.2058],"timeVisible":8.3514,"tipPosition":[20.8329,319.137,-62.0691],"tipVelocity":[-11.6562,29.8859,-140.408],"tool":false,"touchDistance":-0.54533,"touchZone":"hovering","type":1,"width":19.2721},{"bases":[[[0.951573,-0.110567,-0.286852],[0.24991,0.821622,0.51233],[0.179037,-0.559206,0.809465]],[[0.956432,-0.126985,-0.262894],[-0.00890605,0.887348,-0.461014],[0.29182,0.44327,0.847557]],[[0.956432,-0.126985,-0.262894],[-0.28566,-0.221039,-0.932491],[0.0603025,0.966963,-0.247683]],[[0.956432,-0.126985,-0.262894],[-0.257424,-0.791599,-0.554169],[-0.137735,0.5977,-0.7898]]],"btipPosition":[48.7598,233.973,-11.8421],"carpPosition":[74.3493,254.975,63.3242],"dipPosition":[46.181,245.163,-26.6298],"direction":[-0.0603025,-0.966963,0.247683],"extended":false,"handId":693,"id":6932,"length":66.7614,"mcpPosition":[61.9039,293.848,7.05597],"pipPosition":[47.8895,272.56,-33.6472],"stabilizedTipPosition":[9.86475,233.101,99.8562],"timeVisible":8.3514,"tipPosition":[48.6168,235.969,-13.8805],"tipVelocity":[0.943746,68.3828,-153.322],"tool":false,"touchDistance":0.333333,"touchZone":"none","type":2,"width":18.9277},{"bases":[[[0.945983,-0.253275,-0.202406],[0.322837,0.793378,0.516069],[0.0298774,-0.553537,0.832289]],[[0.946415,-0.275632,-0.168305],[0.164591,0.86004,-0.48295],[0.277866,0.42937,0.859321]],[[0.946415,-0.275632,-0.168305],[-0.232224,-0.218644,-0.947769],[0.224436,0.936067,-0.270936]],[[0.946415,-0.275632,-0.168305],[-0.322206,-0.770394,-0.550161],[0.0219805,0.574909,-0.817922]]],"btipPosition":[65.1794,233.717,-7.86514],"carpPosition":[86.0174,254.823,59.6283],"dipPosition":[65.5886,244.42,-23.0913],"direction":[-0.224436,-0.936067,0.270936],"extended":false,"handId":693,"id":6933,"length":64.1929,"mcpPosition":[84.1527,289.37,7.68437],"pipPosition":[71.7832,270.256,-30.5693],"stabilizedTipPosition":[35.9861,229.214,71.4371],"timeVisible":8.3514,"tipPosition":[65.3824,235.617,-9.95751],"tipVelocity":[11.0929,65.3508,-143.199],"tool":false,"touchDistance":0.333333,"touchZone":"none","type":3,"width":18.0109},{"bases":[[[0.87665,-0.443222,-0.187186],[0.467404,0.692285,0.549795],[-0.114095,-0.569469,0.814056]],[[0.820948,-0.570632,0.0205993],[0.514354,0.723354,-0.460651],[0.247961,0.388765,0.887342]],[[0.820948,-0.570632,0.0205993],[-0.121401,-0.209679,-0.970204],[0.557949,0.793986,-0.24141]],[[0.820948,-0.570632,0.0205993],[-0.452355,-0.671955,-0.586389],[0.348454,0.472077,-0.809768]]],"btipPosition":[77.9953,243.312,-5.49579],"carpPosition":[96.9965,247.688,54.1846],"dipPosition":[83.9796,251.419,-19.4025],"direction":[-0.557949,-0.793986,0.24141],"extended":false,"handId":693,"id":6934,"length":50.326,"mcpPosition":[103.588,280.588,7.15401],"pipPosition":[94.8525,266.892,-24.107],"stabilizedTipPosition":[57.0984,237.039,48.2444],"timeVisible":8.3514,"tipPosition":[79.2108,244.694,-7.46077],"tipVelocity":[18.7347,64.4757,-145.097],"tool":false,"touchDistance":0.333333,"touchZone":"none","type":4,"width":15.9987}],"r":[[0.979685,0.034205,0.197602],[-0.0354909,0.999366,0.00296845],[-0.197375,-0.0099212,0.980278]],"s":0.940455,"t":[52.0757,32.4222,-102.834],"timestamp":523636083139},false],[3,{"currentFrameRate":110.264,"devices":[],"gestures":[],"hands":[{"armBasis":[[0.971651,0.0294837,-0.234575],[0.0831435,0.8862,0.455782],[0.221318,-0.462365,0.858625]],"armWidth":63.487,"confidence":0.727176,"direction":[-0.132632,0.675219,-0.725595],"elbow":[142.177,116.705,292.425],"grabStrength":0,"id":693,"palmNormal":[-0.121242,-0.737618,-0.664244],"palmPosition":[67.5105,274.24,20.9112],"palmVelocity":[5.98258,59.7061,-119.355],"palmWidth":90.6573,"pinchStrength":0.954406,"r":[[0.979379,0.0362376,0.198755],[-0.0370544,0.999313,0.000390367],[-0.198604,-0.00774705,0.980049]],"s":0.940507,"sphereCenter":[60.3644,253.68,-23.4535],"sphereRadius":46.3316,"stabilizedPalmPosition":[37.0372,263.962,108.146],"t":[52.0418,32.9078,-103.813],"timeVisible":8.36077,"type":"right","wrist":[82.6395,241.087,61.4443]}],"id":4269265,"interactionBox":{"center":[0,200,0],"size":[235.247,235.247,147.751]},"pointables":[{"bases":[[[0.478409,0.791553,0.380221],[-0.685711,0.0662568,0.724852],[0.548567,-0.607498,0.574474]],[[0.252699,0.955578,0.151706],[-0.807349,0.12184,0.577358],[0.533226,-0.268378,0.802274]],[[0.252699,0.955578,0.151706],[-0.950592,0.215977,0.223001],[0.18033,-0.200563,0.962941]],[[0.252699,0.955578,0.151706],[-0.835938,0.294577,-0.463068],[-0.487187,-0.00980031,0.873243]]],"btipPosition":[32.5599,251.234,-31.1008],"carpPosition":[53.8456,230.844,61.8747],"dipPosition":[21.1996,251.005,-10.7385],"direction":[-0.18033,0.200563,-0.962941],"extended":false,"handId":693,"id":6930,"length":51.9258,"mcpPosition":[53.8456,230.844,61.8747],"pipPosition":[27.3256,244.192,21.9735],"stabilizedTipPosition":[-9.49102,252.975,93.4082],"timeVisible":8.36077,"tipPosition":[30.7601,251.308,-25.477],"tipVelocity":[-5.91211,35.7291,-148.997],"tool":false,"touchDistance":-0.529936,"touchZone":"hovering","type":0,"width":20.176},{"bases":[[[0.947488,0.113496,-0.298974],[0.0760045,0.828194,0.555264],[0.310629,-0.548829,0.776077]],[[0.967272,0.0739654,-0.242722],[0.0446528,0.892025,0.449776],[0.249782,-0.445893,0.859528]],[[0.967272,0.0739654,-0.242722],[-0.00964931,0.966602,0.256102],[0.253558,-0.245378,0.93568]],[[0.967272,0.0739654,-0.242722],[-0.051183,0.993783,0.0988692],[0.248526,-0.0832102,0.965045]]],"btipPosition":[18.9005,319.056,-67.0049],"carpPosition":[62.6987,252.414,65.6355],"dipPosition":[23.1312,317.639,-50.5768],"direction":[-0.253558,0.245378,-0.93568],"extended":true,"handId":693,"id":6931,"length":58.5925,"mcpPosition":[39.9294,292.644,8.74862],"pipPosition":[29.2374,311.73,-28.0437],"stabilizedTipPosition":[-37.3478,320.915,83.0806],"timeVisible":8.36077,"tipPosition":[20.7087,319.281,-63.1649],"tipVelocity":[-12.8183,26.7244,-133.049],"tool":false,"touchDistance":-0.53524,"touchZone":"hovering","type":1,"width":19.2721},{"bases":[[[0.953811,-0.104558,-0.281624],[0.241896,0.823208,0.513629],[0.178131,-0.558028,0.810477]],[[0.958676,-0.121067,-0.257454],[-0.0118224,0.887203,-0.461228],[0.284254,0.445212,0.849109]],[[0.958676,-0.121067,-0.257454],[-0.279004,-0.223077,-0.93402],[0.0556472,0.967253,-0.247637]],[[0.958676,-0.121067,-0.257454],[-0.249328,-0.793371,-0.555336],[-0.137024,0.596578,-0.790771]]],"btipPosition":[49.0997,234.353,-12.801],"carpPosition":[74.1443,255.518,62.4934],"dipPosition":[46.5342,245.523,-27.6068],"direction":[-0.0556472,-0.967254,0.247637],"extended":false,"handId":693,"id":6932,"length":66.7614,"mcpPosition":[61.7618,294.308,6.15476],"pipPosition":[48.1108,272.927,-34.623],"stabilizedTipPosition":[10.2827,233.142,98.6011],"timeVisible":8.36077,"tipPosition":[48.9505,236.354,-14.8612],"tipVelocity":[11.0717,60.3267,-138.928],"tool":false,"touchDistance":0.333333,"touchZone":"none","type":2,"width":18.9277},{"bases":[[[0.948661,-0.247294,-0.197199],[0.314978,0.795426,0.51777],[0.0288156,-0.553302,0.832482]],[[0.949046,-0.269733,-0.162961],[0.163271,0.863148,-0.477827],[0.269545,0.426873,0.863206]],[[0.949046,-0.269733,-0.162961],[-0.224662,-0.216462,-0.95009],[0.220995,0.93829,-0.266031]],[[0.949046,-0.269733,-0.162961],[-0.31426,-0.771476,-0.553232],[0.0235041,0.576254,-0.816932]]],"btipPosition":[65.4985,234.344,-8.97084],"carpPosition":[85.8332,255.439,58.8614],"dipPosition":[65.936,245.071,-24.1786],"direction":[-0.220995,-0.93829,0.266031],"extended":false,"handId":693,"id":6933,"length":64.1929,"mcpPosition":[84.0347,289.971,6.90544],"pipPosition":[72.0356,270.969,-31.5212],"stabilizedTipPosition":[36.4327,229.329,70.1718],"timeVisible":8.36077,"tipPosition":[65.6964,236.239,-11.0799],"tipVelocity":[17.8096,65.9384,-135.879],"tool":false,"touchDistance":0.333333,"touchZone":"none","type":3,"width":18.0109},{"bases":[[[0.880449,-0.437676,-0.182344],[0.459995,0.695251,0.552295],[-0.114951,-0.570145,0.813462]],[[0.824144,-0.56579,0.0258263],[0.513502,0.727186,-0.45554],[0.238959,0.388692,0.889841]],[[0.824144,-0.56579,0.0258263],[-0.113107,-0.209093,-0.971333],[0.554971,0.797597,-0.236318]],[[0.824144,-0.56579,0.0258263],[-0.444499,-0.674382,-0.589601],[0.351008,0.474437,-0.807281]]],"btipPosition":[78.2664,243.929,-6.39747],"carpPosition":[96.8868,248.374,53.4786],"dipPosition":[84.2946,252.076,-20.2615],"direction":[-0.554971,-0.797597,0.236318],"extended":false,"handId":693,"id":6934,"length":50.326,"mcpPosition":[103.528,281.313,6.48229],"pipPosition":[95.1094,267.619,-24.8667],"stabilizedTipPosition":[57.533,237.208,47.1301],"timeVisible":8.36077,"tipPosition":[79.4861,245.323,-8.37936],"tipVelocity":[21.9339,65.1174,-130.883],"tool":false,"touchDistance":0.333333,"touchZone":"none","type":4,"width":15.9987}],"r":[[0.979379,0.0362376,0.198755],[-0.0370544,0.999313,0.000390367],[-0.198604,-0.00774705,0.980049]],"s":0.940507,"t":[52.0418,32.9078,-103.813],"timestamp":523636092517},false],[4,{"currentFrameRate":110.46,"devices":[],"gestures":[],"hands":[{"armBasis":[[0.974865,0.0310481,-0.220625],[0.073547,0.889888,0.450211],[0.210309,-0.455121,0.865237]],"armWidth":63.487,"confidence":0.689797,"direction":[-0.135025,0.674,-0.726287],"elbow":[139.067,119.312,293.096],"grabStrength":0,"id":693,"palmNormal":[-0.113016,-0.738692,-0.664501],"palmPosition":[67.2641,274.771,19.7364],"palmVelocity":[-3.17112,60.0463,-123.515],"palmWidth":90.6573,"pinchStrength":0.956589,"r":[[0.978918,0.0393811,0.200423],[-0.0398374,0.999205,-0.00175748],[-0.200333,-0.00626393,0.979708]],"s":0.940482,"sphereCenter":[60.2601,254.17,-24.6121],"sphereRadius":46.308,"stabilizedPalmPosition":[37.332,264.068,107.284],"t":[51.9016,33.416,-104.89],"timeVisible":8.36948,"type":"right","wrist":[82.4914,241.745,60.3366]}],"id":4269266,"interactionBox":{"center":[0,200,0],"size":[235.247,235.247,147.751]},"pointables":[{"bases":[[[0.470847,0.795301,0.381838],[-0.688982,0.0611648,0.722193],[0.551005,-0.603122,0.576747]],[[0.243577,0.958017,0.151239],[-0.811233,0.115777,0.573146],[0.531574,-0.262295,0.805376]],[[0.243577,0.958017,0.151239],[-0.95365,0.208163,0.217299],[0.176694,-0.197158,0.964317]],[[0.243577,0.958017,0.151239],[-0.838861,0.286363,-0.462934],[-0.486808,-0.0141081,0.873395]]],"btipPosition":[32.6867,251.353,-32.5209],"carpPosition":[53.7756,231.281,60.6591],"dipPosition":[21.3353,251.024,-12.1551],"direction":[-0.176694,0.197158,-0.964317],"extended":false,"handId":693,"id":6930,"length":51.9258,"mcpPosition":[53.7756,231.281,60.6591],"pipPosition":[27.3377,244.327,20.6036],"stabilizedTipPosition":[-9.40511,252.972,93.145],"timeVisible":8.36948,"tipPosition":[30.8313,251.455,-26.9072],"tipVelocity":[-0.383764,29.15,-152.744],"tool":false,"touchDistance":-0.526566,"touchZone":"hovering","type":0,"width":20.176},{"bases":[[[0.94773,0.120699,-0.295362],[0.0675025,0.828891,0.555322],[0.31185,-0.546234,0.777418]],[[0.96699,0.0827205,-0.241014],[0.0357446,0.892454,0.44972],[0.252295,-0.44349,0.860037]],[[0.96699,0.0827205,-0.241014],[-0.0189139,0.966533,0.255846],[0.254112,-0.242842,0.936192]],[[0.96699,0.0827205,-0.241014],[-0.0604314,0.993305,0.098459],[0.247545,-0.080644,0.965514]]],"btipPosition":[18.4562,319.164,-68.3328],"carpPosition":[62.4481,252.92,64.448],"dipPosition":[22.6702,317.791,-51.8967],"direction":[-0.254112,0.242842,-0.936192],"extended":true,"handId":693,"id":6931,"length":58.5925,"mcpPosition":[39.5893,292.959,7.4628],"pipPosition":[28.7898,311.943,-29.3514],"stabilizedTipPosition":[-37.312,320.914,82.9874],"timeVisible":8.36948,"tipPosition":[20.2726,319.378,-64.5072],"tipVelocity":[-23.1371,23.2017,-138.193],"tool":false,"touchDistance":-0.529941,"touchZone":"hovering","type":1,"width":19.2721},{"bases":[[[0.955662,-0.0972944,-0.277926],[0.233586,0.82517,0.514326],[0.179296,-0.556442,0.811311]],[[0.960655,-0.114105,-0.253223],[-0.0160425,0.887394,-0.460732],[0.277281,0.446667,0.850649]],[[0.960655,-0.114105,-0.253223],[-0.273251,-0.224958,-0.935269],[0.0497547,0.967664,-0.247287]],[[0.960655,-0.114105,-0.253223],[-0.241042,-0.795465,-0.555998],[-0.137988,0.595159,-0.791672]]],"btipPosition":[49.2759,234.78,-14.0704],"carpPosition":[73.8815,256.111,61.349],"dipPosition":[46.6923,245.924,-28.8931],"direction":[-0.0497547,-0.967664,0.247287],"extended":false,"handId":693,"id":6932,"length":66.7614,"mcpPosition":[61.4181,294.791,4.95242],"pipPosition":[48.102,273.34,-35.8993],"stabilizedTipPosition":[10.6058,233.178,97.6241],"timeVisible":8.36948,"tipPosition":[49.112,236.781,-16.1634],"tipVelocity":[13.391,57.145,-140.883],"tool":false,"touchDistance":0.333333,"touchZone":"none","type":2,"width":18.9277},{"bases":[[[0.951285,-0.240045,-0.193482],[0.306863,0.797952,0.518756],[0.0298645,-0.552858,0.83274]],[[0.951709,-0.262515,-0.15917],[0.15885,0.864751,-0.476415],[0.262709,0.428125,0.864693]],[[0.951709,-0.262515,-0.15917],[-0.219075,-0.217513,-0.951154],[0.215071,0.940093,-0.264519]],[[0.951709,-0.262515,-0.15917],[-0.30618,-0.773746,-0.55459],[0.0224313,0.576544,-0.816758]]],"btipPosition":[65.6722,234.887,-10.1975],"carpPosition":[85.5845,256.121,57.762],"dipPosition":[66.0898,245.62,-25.402],"direction":[-0.215071,-0.940093,0.264519],"extended":false,"handId":693,"id":6933,"length":64.1929,"mcpPosition":[83.7207,290.625,5.7899],"pipPosition":[72.0259,271.567,-32.7029],"stabilizedTipPosition":[36.7918,229.427,69.145],"timeVisible":8.36948,"tipPosition":[65.8611,236.794,-12.339],"tipVelocity":[18.2416,65.027,-137.197],"tool":false,"touchDistance":0.333333,"touchZone":"none","type":3,"width":18.0109},{"bases":[[[0.884481,-0.430942,-0.178837],[0.452512,0.698902,0.553867],[-0.113695,-0.57081,0.813172]],[[0.82797,-0.559962,0.0301375],[0.511904,0.732782,-0.448313],[0.228954,0.386617,0.893369]],[[0.82797,-0.559962,0.0301375],[-0.104215,-0.206455,-0.97289],[0.551004,0.802383,-0.229295]],[[0.82797,-0.559962,0.0301375],[-0.436051,-0.676683,-0.593261],[0.352597,0.478061,-0.804445]]],"btipPosition":[78.4223,244.65,-7.74551],"carpPosition":[96.7128,249.139,52.4236],"dipPosition":[84.4777,252.86,-21.5609],"direction":[-0.551004,-0.802383,0.229295],"extended":false,"handId":693,"id":6934,"length":50.326,"mcpPosition":[103.281,282.117,5.44409],"pipPosition":[95.2153,268.496,-26.0292],"stabilizedTipPosition":[57.887,237.356,46.2077],"timeVisible":8.36948,"tipPosition":[79.6349,246.05,-9.71967],"tipVelocity":[21.0503,70.2964,-136.935],"tool":false,"touchDistance":0.333333,"touchZone":"none","type":4,"width":15.9987}],"r":[[0.978918,0.0393811,0.200423],[-0.0398374,0.999205,-0.00175748],[-0.200333,-0.00626393,0.979708]],"s":0.940482,"t":[51.9016,33.416,-104.89],"timestamp":523636101223},false],[5,{"currentFrameRate":110.383,"devices":[],"gestures":[],"hands":[{"armBasis":[[0.973657,0.0370208,-0.224994],[0.069698,0.891185,0.448254],[0.217106,-0.452127,0.865128]],"armWidth":63.487,"confidence":0.691022,"direction":[-0.135886,0.671676,-0.728276],"elbow":[140.789,120.469,292.369],"grabStrength":0,"id":693,"palmNormal":[-0.109226,-0.74077,-0.662819],"palmPosition":[67.125,274.966,18.9242],"palmVelocity":[-6.51362,49.2081,-113.673],"palmWidth":90.6573,"pinchStrength":0.963346,"r":[[0.978433,0.0426626,0.202112],[-0.0427348,0.999078,-0.0040083],[-0.202096,-0.00471536,0.979354]],"s":0.940201,"sphereCenter":[60.0274,254.282,-25.3207],"sphereRadius":46.2591,"stabilizedPalmPosition":[37.5854,264.16,106.533],"t":[51.762,33.7681,-105.835],"timeVisible":8.37868,"type":"right","wrist":[82.3847,242.097,59.6385]}],"id":4269267,"interactionBox":{"center":[0,200,0],"size":[235.247,235.247,147.751]},"pointables":[{"bases":[[[0.467413,0.797864,0.380706],[-0.69059,0.0606839,0.720696],[0.551915,-0.599775,0.579362]],[[0.238739,0.959746,0.147954],[-0.813684,0.114549,0.569909],[0.53002,-0.256447,0.808278]],[[0.238739,0.959746,0.147954],[-0.955496,0.204975,0.212163],[0.173296,-0.192021,0.965969]],[[0.238739,0.959746,0.147954],[-0.839453,0.280563,-0.465406],[-0.488182,-0.0130898,0.872644]]],"btipPosition":[32.8396,251.12,-33.4307],"carpPosition":[53.7038,231.537,59.9323],"dipPosition":[21.4562,250.814,-13.0824],"direction":[-0.173296,0.192021,-0.965969],"extended":false,"handId":693,"id":6930,"length":51.9258,"mcpPosition":[53.7038,231.537,59.9323],"pipPosition":[27.3432,244.291,19.7325],"stabilizedTipPosition":[-9.34287,252.969,92.9535],"timeVisible":8.37868,"tipPosition":[30.8817,251.286,-27.8496],"tipVelocity":[4.15129,14.0577,-137.818],"tool":false,"touchDistance":-0.51595,"touchZone":"hovering","type":0,"width":20.176},{"bases":[[[0.947891,0.123148,-0.293833],[0.0636207,0.830535,0.553321],[0.312179,-0.543182,0.779422]],[[0.966547,0.0867657,-0.241368],[0.0315605,0.893662,0.44763],[0.254541,-0.440273,0.861028]],[[0.966547,0.0867657,-0.241368],[-0.0234539,0.967001,0.253692],[0.255415,-0.239544,0.936687]],[[0.966547,0.0867657,-0.241368],[-0.0651048,0.993218,0.0963276],[0.248089,-0.0773909,0.965641]]],"btipPosition":[18.1431,318.962,-69.3018],"carpPosition":[62.2958,253.214,63.6824],"dipPosition":[22.3663,317.644,-52.8635],"direction":[-0.255415,0.239544,-0.936687],"extended":true,"handId":693,"id":6931,"length":58.5925,"mcpPosition":[39.4129,293.029,6.55031],"pipPosition":[28.5172,311.875,-30.3062],"stabilizedTipPosition":[-37.2828,320.913,82.9106],"timeVisible":8.37868,"tipPosition":[19.9745,319.159,-65.4957],"tipVelocity":[-26.1258,10.9603,-128.999],"tool":false,"touchDistance":-0.519807,"touchZone":"hovering","type":1,"width":19.2721},{"bases":[[[0.956525,-0.0947728,-0.275822],[0.229795,0.827271,0.512657],[0.179594,-0.553752,0.813083]],[[0.961718,-0.112206,-0.250018],[-0.016249,0.88738,-0.460753],[0.27356,0.447177,0.851586]],[[0.961718,-0.112206,-0.250018],[-0.26973,-0.226362,-0.935952],[0.048425,0.967559,-0.247962]],[[0.961718,-0.112206,-0.250018],[-0.237281,-0.797388,-0.554861],[-0.137102,0.592944,-0.793486]]],"btipPosition":[49.2978,234.938,-14.9371],"carpPosition":[73.7243,256.436,60.5973],"dipPosition":[46.7308,246.04,-29.7938],"direction":[-0.048425,-0.967559,0.247962],"extended":false,"handId":693,"id":6932,"length":66.7614,"mcpPosition":[61.2403,294.929,4.07755],"pipPosition":[48.1028,273.454,-36.8191],"stabilizedTipPosition":[10.8769,233.208,96.799],"timeVisible":8.37868,"tipPosition":[49.1261,236.927,-17.0669],"tipVelocity":[10.4283,45.6767,-128.081],"tool":false,"touchDistance":0.333333,"touchZone":"none","type":2,"width":18.9277},{"bases":[[[0.952465,-0.237321,-0.19102],[0.303155,0.800312,0.517299],[0.03011,-0.550618,0.834214]],[[0.952897,-0.259787,-0.156516],[0.157258,0.864473,-0.477448],[0.259339,0.430346,0.864607]],[[0.952897,-0.259787,-0.156516],[-0.21622,-0.219996,-0.951236],[0.212686,0.940273,-0.265805]],[[0.952897,-0.259787,-0.156516],[-0.302472,-0.776047,-0.55341],[0.0223047,0.574684,-0.818071]]],"btipPosition":[65.7248,235.033,-10.9547],"carpPosition":[85.4342,256.476,57.0331],"dipPosition":[66.14,245.731,-26.1837],"direction":[-0.212686,-0.940273,0.265805],"extended":false,"handId":693,"id":6933,"length":64.1929,"mcpPosition":[83.5551,290.841,4.96897],"pipPosition":[72.0103,271.684,-33.5201],"stabilizedTipPosition":[37.1042,229.514,68.2454],"timeVisible":8.37868,"tipPosition":[65.9095,236.943,-13.1299],"tipVelocity":[14.7237,51.0505,-122.028],"tool":false,"touchDistance":0.333333,"touchZone":"none","type":3,"width":18.0109},{"bases":[[[0.886278,-0.428404,-0.176015],[0.449069,0.701846,0.552946],[-0.113349,-0.569107,0.814414]],[[0.829575,-0.557375,0.0337361],[0.511522,0.734321,-0.446226],[0.223942,0.387435,0.894284]],[[0.829575,-0.557375,0.0337361],[-0.0997136,-0.207313,-0.97318],[0.54942,0.803962,-0.22756]],[[0.829575,-0.557375,0.0337361],[-0.432099,-0.67904,-0.59346],[0.353688,0.477743,-0.804156]]],"btipPosition":[78.4747,244.877,-8.5777],"carpPosition":[96.5964,249.519,51.7342],"dipPosition":[84.5488,253.082,-22.3881],"direction":[-0.54942,-0.803962,0.22756],"extended":false,"handId":693,"id":6934,"length":50.326,"mcpPosition":[103.145,282.398,4.68294],"pipPosition":[95.2555,268.749,-26.8226],"stabilizedTipPosition":[58.2008,237.49,45.3805],"timeVisible":8.37868,"tipPosition":[79.6869,246.281,-10.5741],"tipVelocity":[16.8875,57.4981,-123.914],"tool":false,"touchDistance":0.333333,"touchZone":"none","type":4,"width":15.9987}],"r":[[0.978433,0.0426626,0.202112],[-0.0427348,0.999078,-0.0040083],[-0.202096,-0.00471536,0.979354]],"s":0.940201,"t":[51.762,33.7681,-105.835],"timestamp":523636110419},false],[6,{"currentFrameRate":110.492,"devices":[],"gestures":[],"hands":[{"armBasis":[[0.973152,0.0331556,-0.227762],[0.0721175,0.895814,0.438539],[0.218572,-0.443191,0.869372]],"armWidth":63.487,"confidence":0.672683,"direction":[-0.136801,0.670151,-0.729509],"elbow":[140.887,123.18,292.034],"grabStrength":0,"id":693,"palmNormal":[-0.113356,-0.742185,-0.660539],"palmPosition":[66.766,275.207,17.4179],"palmVelocity":[-15.7267,43.2385,-128.947],"palmWidth":90.6573,"pinchStrength":0.970167,"r":[[0.9782,0.0449144,0.202749],[-0.0445645,0.998987,-0.00629321],[-0.202826,-0.00287938,0.979211]],"s":0.939297,"sphereCenter":[59.3143,254.426,-26.7648],"sphereRadius":46.2528,"stabilizedPalmPosition":[37.7741,264.232,105.956],"t":[51.5127,34.0644,-107.061],"timeVisible":8.38754,"type":"right","wrist":[82.0882,242.404,58.1623]}],"id":4269268,"interactionBox":{"center":[0,200,0],"size":[235.247,235.247,147.751]},"pointables":[{"bases":[[[0.47069,0.797684,0.377029],[-0.687908,0.064208,0.722952],[0.552479,-0.599648,0.578955]],[[0.241064,0.959746,0.14414],[-0.81214,0.118178,0.571369],[0.531335,-0.254798,0.807937]],[[0.241064,0.959746,0.14414],[-0.954574,0.207672,0.213684],[0.175148,-0.189104,0.966211]],[[0.241064,0.959746,0.14414],[-0.840606,0.280709,-0.463232],[-0.485046,-0.00949653,0.874437]]],"btipPosition":[32.3173,251.233,-34.8126],"carpPosition":[53.3829,231.915,58.5834],"dipPosition":[21.007,251.011,-14.4225],"direction":[-0.175148,0.189104,-0.966211],"extended":false,"handId":693,"id":6930,"length":51.9258,"mcpPosition":[53.3829,231.915,58.5834],"pipPosition":[26.9569,244.587,18.4006],"stabilizedTipPosition":[-9.30107,252.967,92.8218],"timeVisible":8.38754,"tipPosition":[30.3162,251.437,-29.2496],"tipVelocity":[-12.4336,14.3023,-142.451],"tool":false,"touchDistance":-0.513272,"touchZone":"hovering","type":0,"width":20.176},{"bases":[[[0.947152,0.120079,-0.297463],[0.0675864,0.831782,0.550973],[0.313585,-0.541959,0.779708]],[[0.965306,0.0850895,-0.246868],[0.0350632,0.894616,0.445457],[0.258756,-0.438659,0.860595]],[[0.965306,0.0850895,-0.246868],[-0.0208561,0.967521,0.25193],[0.260286,-0.23804,0.935728]],[[0.965306,0.0850895,-0.246868],[-0.0632876,0.993468,0.0949567],[0.253335,-0.0760386,0.964386]]],"btipPosition":[17.398,319.11,-70.6941],"carpPosition":[62.0408,253.58,62.248],"dipPosition":[21.7105,317.816,-54.2773],"direction":[-0.260286,0.23804,-0.935728],"extended":true,"handId":693,"id":6931,"length":58.5925,"mcpPosition":[39.0549,293.306,5.09497],"pipPosition":[27.9787,312.083,-31.7431],"stabilizedTipPosition":[-37.2576,320.912,82.8427],"timeVisible":8.38754,"tipPosition":[19.2635,319.275,-66.9168],"tipVelocity":[-41.2067,12.6971,-136.786],"tool":false,"touchDistance":-0.517119,"touchZone":"hovering","type":1,"width":19.2721},{"bases":[[[0.955318,-0.0978155,-0.278927],[0.233609,0.828008,0.509735],[0.181093,-0.552119,0.813861]],[[0.960764,-0.115947,-0.25197],[-0.0136168,0.887622,-0.460372],[0.277033,0.44574,0.851216]],[[0.960764,-0.115947,-0.25197],[-0.272329,-0.221971,-0.936251],[0.0526257,0.968135,-0.244837]],[[0.960764,-0.115947,-0.25197],[-0.242037,-0.794143,-0.557454],[-0.135465,0.596567,-0.791048]]],"btipPosition":[48.6191,235.14,-16.5901],"carpPosition":[73.4663,256.767,59.1148],"dipPosition":[46.0827,246.31,-31.4011],"direction":[-0.0526257,-0.968135,0.244837],"extended":false,"handId":693,"id":6932,"length":66.7614,"mcpPosition":[60.878,295.146,2.54097],"pipPosition":[47.5737,273.74,-38.338],"stabilizedTipPosition":[11.0723,233.232,96.1847],"timeVisible":8.38754,"tipPosition":[48.4593,237.185,-18.7038],"tipVelocity":[-12.9382,39.959,-143.616],"tool":false,"touchDistance":0.333333,"touchZone":"none","type":2,"width":18.9277},{"bases":[[[0.951208,-0.240137,-0.193747],[0.306919,0.800881,0.514189],[0.0316926,-0.548565,0.835507]],[[0.951705,-0.262589,-0.159074],[0.16147,0.868793,-0.468108],[0.261122,0.419816,0.869235]],[[0.951705,-0.262589,-0.159074],[-0.217417,-0.21062,-0.953084],[0.216765,0.94164,-0.257539]],[[0.951705,-0.262589,-0.159074],[-0.306164,-0.773227,-0.555323],[0.0228217,0.577207,-0.816279]]],"btipPosition":[65.1538,235.582,-13.0265],"carpPosition":[85.1637,256.769,55.5095],"dipPosition":[65.5787,246.327,-28.2221],"direction":[-0.216765,-0.94164,0.257539],"extended":false,"handId":693,"id":6933,"length":64.1929,"mcpPosition":[83.1857,291.006,3.36469],"pipPosition":[71.5616,272.317,-35.3304],"stabilizedTipPosition":[37.3367,229.584,67.5451],"timeVisible":8.38754,"tipPosition":[65.3382,237.442,-15.1138],"tipVelocity":[-6.65792,54.3385,-152.096],"tool":false,"touchDistance":0.333333,"touchZone":"none","type":3,"width":18.0109},{"bases":[[[0.884608,-0.431019,-0.178022],[0.452716,0.702149,0.549576],[-0.11188,-0.566753,0.816256]],[[0.828184,-0.559507,0.0326165],[0.512461,0.732413,-0.448281],[0.226928,0.387974,0.893297]],[[0.828184,-0.559507,0.0326165],[-0.102599,-0.208566,-0.972612],[0.550986,0.802155,-0.230136]],[[0.828184,-0.559507,0.0326165],[-0.435597,-0.679206,-0.590706],[0.352658,0.475006,-0.806227]]],"btipPosition":[77.9655,245.056,-10.1085],"carpPosition":[96.2902,249.771,50.1893],"dipPosition":[84.022,253.214,-23.9544],"direction":[-0.550986,-0.802155,0.230136],"extended":false,"handId":693,"id":6934,"length":50.326,"mcpPosition":[102.754,282.514,3.03163],"pipPosition":[94.7592,268.846,-28.4391],"stabilizedTipPosition":[58.4269,237.591,44.7536],"timeVisible":8.38754,"tipPosition":[79.1758,246.459,-12.1351],"tipVelocity":[-3.3821,47.0796,-137.41],"tool":false,"touchDistance":0.333333,"touchZone":"none","type":4,"width":15.9987}],"r":[[0.9782,0.0449144,0.202749],[-0.0445645,0.998987,-0.00629321],[-0.202826,-0.00287938,0.979211]],"s":0.939297,"t":[51.5127,34.0644,-107.061],"timestamp":523636119277},false],[7,{"currentFrameRate":110.408,"