{"sensorType":"Leap","data":[[0,{"currentFrameRate":102.239,"devices":[],"gestures":[],"hands":[{"armBasis":[[-0.78823,-0.610434,-0.0778705],[-0.548895,0.640207,0.537448],[0.278223,-0.466375,0.839694]],"armWidth":63.487,"confidence":0.576739,"direction":[-0.631964,0.349613,-0.691659],"elbow":[148.902,114.569,295.555],"grabStrength":0,"id":688,"palmNormal":[0.431783,-0.582285,-0.688845],"palmPosition":[46.8011,261.908,27.8406],"palmVelocity":[29.1685,111.295,-204.64],"palmWidth":90.6573,"pinchStrength":1,"r":[[0.820178,0.405534,0.403547],[-0.361887,0.914071,-0.183064],[-0.443109,0.00410676,0.896458]],"s":1.04599,"sphereCenter":[56.442,257.446,-18.6134],"sphereRadius":47.2632,"stabilizedPalmPosition":[10.8628,261.335,141.96],"t":[40.0577,-2.16144,-125.215],"timeVisible":0.271312,"type":"left","wrist":[74.056,240.03,69.6668]}],"id":4264766,"interactionBox":{"center":[0,200,0],"size":[235.247,235.247,147.751]},"pointables":[{"bases":[[[-0.768487,0.293684,0.568487],[0.571477,0.71466,0.403329],[0.287824,-0.634831,0.717041]],[[-0.817743,0.53705,0.207058],[0.575286,0.751042,0.324009],[-0.0184992,-0.384074,0.923117]],[[-0.817743,0.53705,0.207058],[0.460005,0.826013,-0.325727],[0.345965,0.171113,0.922512]],[[-0.817743,0.53705,0.207058],[-0.0739482,0.258729,-0.963115],[0.570813,0.802893,0.17186]]],"btipPosition":[74.9938,247.987,-22.809],"carpPosition":[99.1368,253.42,58.4483],"dipPosition":[88.3041,266.709,-18.8016],"direction":[-0.345965,-0.171113,-0.922512],"extended":false,"handId":688,"id":6880,"length":51.9258,"mcpPosition":[99.1368,253.42,58.4483],"pipPosition":[100.057,272.521,12.537],"stabilizedTipPosition":[56.4757,246.706,11.4973],"timeVisible":0.271312,"tipPosition":[76.9594,251.897,-22.0404],"tipVelocity":[74.9568,154.176,-209.681],"tool":false,"touchDistance":-0.327673,"touchZone":"hovering","type":0,"width":20.176},{"bases":[[[-0.740544,-0.664851,0.0978146],[-0.503391,0.645249,0.574674],[0.445188,-0.376332,0.812516]],[[-0.73034,-0.67315,0.11607],[-0.47463,0.622288,0.622483],[0.491253,-0.399534,0.773979]],[[-0.73034,-0.67315,0.11607],[-0.549387,0.679829,0.485804],[0.405927,-0.291035,0.866327]],[[-0.73034,-0.67315,0.11607],[-0.599314,0.712989,0.363963],[0.327759,-0.196255,0.924153]]],"btipPosition":[9.79984,317.63,-63.0449],"carpPosition":[78.8156,262.593,66.2382],"dipPosition":[15.3793,314.289,-47.3129],"direction":[-0.405927,0.291035,-0.866327],"extended":true,"handId":688,"id":6881,"length":58.5925,"mcpPosition":[46.1831,290.178,6.68035],"pipPosition":[25.1549,307.28,-26.45],"stabilizedTipPosition":[-19.8705,338.151,59.6715],"timeVisible":0.271312,"tipPosition":[11.5439,317.881,-59.2541],"tipVelocity":[-9.00323,35.8053,-224.703],"tool":false,"touchDistance":-0.512742,"touchZone":"hovering","type":1,"width":19.2721},{"bases":[[[-0.57685,-0.809775,0.107278],[-0.611446,0.51514,0.600637],[0.541644,-0.280882,0.792292]],[[-0.591247,-0.801906,0.0858727],[-0.80633,0.589896,-0.0430709],[0.0161172,0.0947073,0.995375]],[[-0.591247,-0.801906,0.0858727],[-0.138978,-0.0035769,-0.990289],[-0.794426,0.59744,0.109333]],[[-0.591247,-0.801906,0.0858727],[0.523436,-0.462559,-0.715579],[-0.613548,0.378135,-0.693233]]],"btipPosition":[64.2835,246.809,-25.0714],"carpPosition":[68.7131,255.839,67.9231],"dipPosition":[52.7958,253.889,-38.051],"direction":[0.794426,-0.59744,-0.109333],"extended":false,"handId":688,"id":6882,"length":66.7614,"mcpPosition":[31.0618,275.364,12.8486],"pipPosition":[30.2878,270.816,-34.9534],"stabilizedTipPosition":[36.7505,245.782,14.0813],"timeVisible":0.271312,"tipPosition":[61.4179,248.487,-29.143],"tipVelocity":[44.9026,114.88,-187.531],"tool":false,"touchDistance":-0.34118,"touchZone":"hovering","type":2,"width":18.9277},{"bases":[[[-0.443109,-0.878797,0.177116],[-0.633519,0.446753,0.631717],[0.634278,-0.167713,0.754695]],[[-0.459204,-0.874215,0.157734],[-0.881866,0.470001,0.0375661],[0.106976,0.12185,0.986767]],[[-0.459204,-0.874215,0.157734],[-0.321111,-0.00220194,-0.947039],[-0.828263,0.485534,0.279709]],[[-0.459204,-0.874215,0.157734],[0.396017,-0.360402,-0.84456],[-0.795174,0.32536,-0.511702]]],"btipPosition":[54.0111,232.253,-20.1018],"carpPosition":[60.6958,246.668,69.121],"dipPosition":[39.2083,238.31,-29.6275],"direction":[0.828263,-0.485534,-0.279709],"extended":false,"handId":688,"id":6883,"length":64.1929,"mcpPosition":[21.1099,257.135,22.0198],"pipPosition":[16.3477,251.711,-21.9073],"stabilizedTipPosition":[19.6802,233.415,33.583],"timeVisible":0.271312,"tipPosition":[50.2888,233.847,-22.569],"tipVelocity":[48.8953,108.858,-200.637],"tool":false,"touchDistance":-0.379962,"touchZone":"hovering","type":3,"width":18.0109},{"bases":[[[-0.255913,-0.953957,0.156444],[-0.636184,0.288045,0.715752],[0.727859,-0.0836427,0.680606]],[[-0.380546,-0.924149,0.0336694],[-0.916322,0.381731,0.120978],[0.124654,-0.0151855,0.992084]],[[-0.380546,-0.924149,0.0336694],[-0.353073,0.111545,-0.928922],[-0.854707,0.365386,0.36874]],[[-0.380546,-0.924149,0.0336694],[0.384289,-0.191149,-0.903207],[-0.841134,0.330773,-0.427882]]],"btipPosition":[42.4233,225.393,-5.93613],"carpPosition":[57.7643,232.826,68.1731],"dipPosition":[27.9779,231.073,-13.2845],"direction":[0.854707,-0.365386,-0.36874],"extended":false,"handId":688,"id":6884,"length":50.326,"mcpPosition":[15.7135,237.659,28.8523],"pipPosition":[11.322,238.194,-6.09873],"stabilizedTipPosition":[1.52782,229.626,65.3621],"timeVisible":0.271312,"tipPosition":[39.1616,226.578,-8.01231],"tipVelocity":[55.4821,102.43,-195.525],"tool":false,"touchDistance":-0.351309,"touchZone":"hovering","type":4,"width":15.9987}],"r":[[0.820178,0.405534,0.403547],[-0.361887,0.914071,-0.183064],[-0.443109,0.00410676,0.896458]],"s":1.04599,"t":[40.0577,-2.16144,-125.215],"timestamp":523594415958},false],[1,{"currentFrameRate":102.719,"devices":[],"gestures":[],"hands":[{"armBasis":[[-0.781244,-0.619248,-0.0786712],[-0.560026,0.639636,0.526533],[0.275734,-0.455409,0.846507]],"armWidth":63.487,"confidence":0.582341,"direction":[-0.631948,0.348861,-0.692053],"elbow":[148.567,118.393,296.543],"grabStrength":0,"id":688,"palmNormal":[0.435598,-0.578684,-0.689478],"palmPosition":[47.1336,262.781,26.9963],"palmVelocity":[31.4686,107.969,-175.231],"palmWidth":90.6573,"pinchStrength":1,"r":[[0.816766,0.410669,0.40527],[-0.366969,0.911783,-0.184352],[-0.445226,0.00185099,0.895416]],"s":1.04509,"sphereCenter":[56.6586,257.973,-19.4433],"sphereRadius":47.1987,"stabilizedPalmPosition":[10.9559,261.339,141.665],"t":[40.2786,-1.08065,-126.689],"timeVisible":0.280134,"type":"left","wrist":[74.3907,240.903,68.8215]}],"id":4264767,"interactionBox":{"center":[0,200,0],"size":[235.247,235.247,147.751]},"pointables":[{"bases":[[[-0.770866,0.289029,0.567652],[0.567704,0.715918,0.406415],[0.288927,-0.63555,0.715959]],[[-0.820322,0.533433,0.206206],[0.571586,0.752729,0.326632],[-0.0190186,-0.385808,0.922383]],[[-0.820322,0.533433,0.206206],[0.457597,0.828489,-0.322817],[0.343041,0.170454,0.923725]],[[-0.820322,0.533433,0.206206],[-0.0735169,0.259213,-0.963018],[0.567157,0.805145,0.173422]]],"btipPosition":[75.5072,249.049,-23.6075],"carpPosition":[99.4397,254.426,57.691],"dipPosition":[88.7322,267.823,-19.5636],"direction":[-0.343041,-0.170454,-0.923725],"extended":false,"handId":688,"id":6880,"length":51.9258,"mcpPosition":[99.4397,254.426,57.691],"pipPosition":[100.386,273.614,11.8162],"stabilizedTipPosition":[58.2567,247.244,8.73993],"timeVisible":0.280134,"tipPosition":[77.4798,253.002,-22.8341],"tipVelocity":[69.8303,145.426,-177.251],"tool":false,"touchDistance":-0.335089,"touchZone":"hovering","type":0,"width":20.176},{"bases":[[[-0.738017,-0.668132,0.0945036],[-0.507226,0.641657,0.575324],[0.445031,-0.376664,0.812448]],[[-0.725643,-0.678127,0.116561],[-0.479108,0.619554,0.621778],[0.49386,-0.395343,0.774471]],[[-0.725643,-0.678127,0.116561],[-0.555416,0.677271,0.482511],[0.406147,-0.285391,0.868099]],[[-0.725643,-0.678127,0.116561],[-0.606059,0.710122,0.358356],[0.325783,-0.189396,0.92628]]],"btipPosition":[9.97739,318.124,-63.9155],"carpPosition":[79.0649,263.495,65.4626],"dipPosition":[15.5232,314.9,-48.1473],"direction":[-0.406147,0.285391,-0.868099],"extended":true,"handId":688,"id":6881,"length":58.5925,"mcpPosition":[46.4439,291.105,5.90972],"pipPosition":[25.3041,308.027,-27.2418],"stabilizedTipPosition":[-19.8635,338.146,59.6444],"timeVisible":0.280134,"tipPosition":[11.7095,318.458,-60.094],"tipVelocity":[-1.37604,42.0907,-190.429],"tool":false,"touchDistance":-0.502735,"touchZone":"hovering","type":1,"width":19.2721},{"bases":[[[-0.573751,-0.81241,0.103927],[-0.614801,0.511039,0.600716],[0.541138,-0.280767,0.792679]],[[-0.588125,-0.804548,0.0825273],[-0.808643,0.586769,-0.0424084],[0.0143048,0.0916766,0.995686]],[[-0.588125,-0.804548,0.0825273],[-0.135997,-0.00220893,-0.990707],[-0.797254,0.593883,0.108117]],[[-0.588125,-0.804548,0.0825273],[0.528443,-0.459517,-0.713858],[-0.612256,0.376227,-0.695411]]],"btipPosition":[64.7352,247.939,-25.8527],"carpPosition":[68.9867,256.696,67.1085],"dipPosition":[53.2718,254.984,-38.8731],"direction":[0.797254,-0.593883,-0.108117],"extended":false,"handId":688,"id":6882,"length":66.7614,"mcpPosition":[31.3706,276.213,12.0071],"pipPosition":[30.6836,271.81,-35.8099],"stabilizedTipPosition":[37.9407,245.959,12.0655],"timeVisible":0.280134,"tipPosition":[61.9039,249.594,-29.9113],"tipVelocity":[46.7748,118.208,-161.099],"tool":false,"touchDistance":-0.347255,"touchZone":"hovering","type":2,"width":18.9277},{"bases":[[[-0.439875,-0.881069,0.173861],[-0.636658,0.442479,0.631569],[0.633385,-0.167121,0.755575]],[[-0.455794,-0.876548,0.154646],[-0.883865,0.466229,0.037581],[0.105042,0.119557,0.987255]],[[-0.455794,-0.876548,0.154646],[-0.319345,-0.00113248,-0.947638],[-0.830825,0.481313,0.279405]],[[-0.455794,-0.876548,0.154646],[0.399496,-0.356722,-0.844483],[-0.795396,0.32313,-0.512769]]],"btipPosition":[54.5364,233.296,-21.006],"carpPosition":[61.0045,247.488,68.2653],"dipPosition":[39.7296,239.312,-30.5515],"direction":[0.830825,-0.481313,-0.279405],"extended":false,"handId":688,"id":6883,"length":64.1929,"mcpPosition":[21.4743,257.918,21.1091],"pipPosition":[16.7982,252.596,-22.8397],"stabilizedTipPosition":[20.6057,233.452,31.912],"timeVisible":0.280134,"tipPosition":[50.8318,234.871,-23.4716],"tipVelocity":[51.7435,111.116,-174.28],"tool":false,"touchDistance":-0.38393,"touchZone":"hovering","type":3,"width":18.0109},{"bases":[[[-0.252329,-0.955408,0.153383],[-0.638848,0.283539,0.715177],[0.726776,-0.082472,0.681905]],[[-0.377177,-0.925653,0.0300633],[-0.918033,0.377964,0.119831],[0.122285,-0.0175983,0.992339]],[[-0.377177,-0.925653,0.0300633],[-0.350243,0.112513,-0.929877],[-0.857361,0.361257,0.366641]],[[-0.377177,-0.925653,0.0300633],[0.388681,-0.187673,-0.902057],[-0.840634,0.32855,-0.43057]]],"btipPosition":[42.98,226.34,-6.8316],"carpPosition":[58.1317,233.638,67.2746],"dipPosition":[28.5431,231.982,-14.2261],"direction":[0.857361,-0.361257,-0.366641],"extended":false,"handId":688,"id":6884,"length":50.326,"mcpPosition":[16.1436,238.402,27.8787],"pipPosition":[11.8355,239.022,-7.08127],"stabilizedTipPosition":[2.40929,229.58,63.6539],"timeVisible":0.280134,"tipPosition":[39.716,227.521,-8.92452],"tipVelocity":[57.5973,103.496,-170.468],"tool":false,"touchDistance":-0.358103,"touchZone":"hovering","type":4,"width":15.9987}],"r":[[0.816766,0.410669,0.40527],[-0.366969,0.911783,-0.184352],[-0.445226,0.00185099,0.895416]],"s":1.04509,"t":[40.2786,-1.08065,-126.689],"timestamp":523594424780},false],[2,{"currentFrameRate":102.87,"devices":[],"gestures":[],"hands":[{"armBasis":[[-0.780263,-0.62145,-0.0706352],[-0.557688,0.64015,0.528386],[0.283149,-0.451673,0.846061]],"armWidth":63.487,"confidence":0.586217,"direction":[-0.631078,0.342255,-0.696133],"elbow":[150.416,120.801,295.029],"grabStrength":0,"id":688,"palmNormal":[0.438597,-0.582759,-0.684123],"palmPosition":[47.0394,263.811,25.3761],"palmVelocity":[19.6258,108.303,-174.233],"palmWidth":90.6573,"pinchStrength":1,"r":[[0.813622,0.415741,0.406422],[-0.371353,0.909482,-0.186919],[-0.447343,0.00115481,0.894362]],"s":1.04403,"sphereCenter":[56.4868,258.292,-20.9801],"sphereRadius":47.1409,"stabilizedPalmPosition":[11.0699,261.347,141.298],"t":[40.3419,-0.025456,-128.236],"timeVisible":0.289568,"type":"left","wrist":[74.2458,242.307,67.4275]}],"id":4264768,"interactionBox":{"center":[0,200,0],"size":[235.247,235.247,147.751]},"pointables":[{"bases":[[[-0.7729,0.29143,0.563644],[0.565066,0.720227,0.402459],[0.288663,-0.629556,0.721341]],[[-0.821998,0.533343,0.19966],[0.569129,0.756847,0.321365],[-0.0202854,-0.377794,0.925667]],[[-0.821998,0.533343,0.19966],[0.45659,0.826743,-0.328665],[0.340359,0.178999,0.923101]],[[-0.821998,0.533343,0.19966],[-0.0751762,0.245906,-0.966374],[0.564507,0.809367,0.162039]]],"btipPosition":[75.5738,249.64,-24.9179],"carpPosition":[99.2904,255.804,56.2572],"dipPosition":[88.737,268.513,-21.1395],"direction":[-0.340359,-0.178999,-0.923101],"extended":false,"handId":688,"id":6880,"length":51.9258,"mcpPosition":[99.2904,255.804,56.2572],"pipPosition":[100.299,274.594,10.2191],"stabilizedTipPosition":[59.9523,247.805,6.0072],"timeVisible":0.289568,"tipPosition":[77.5931,253.682,-24.234],"tipVelocity":[51.4651,122.477,-168.145],"tool":false,"touchDistance":-0.350486,"touchZone":"hovering","type":0,"width":20.176},{"bases":[[[-0.736699,-0.669129,0.0976825],[-0.510094,0.644719,0.569335],[0.443936,-0.369601,0.816282]],[[-0.722518,-0.680313,0.123053],[-0.48226,0.623486,0.615378],[0.495372,-0.385278,0.778567]],[[-0.722518,-0.680313,0.123053],[-0.559684,0.680063,0.47357],[0.40586,-0.273292,0.872118]],[[-0.722518,-0.680313,0.123053],[-0.610823,0.711535,0.347295],[0.323826,-0.175763,0.929647]]],"btipPosition":[9.84431,318.041,-66.0761],"carpPosition":[78.8761,264.884,63.9125],"dipPosition":[15.3568,315.049,-50.2506],"direction":[-0.40586,0.273292,-0.872118],"extended":true,"handId":688,"id":6881,"length":58.5925,"mcpPosition":[46.3353,291.976,4.0786],"pipPosition":[25.1308,308.468,-29.2482],"stabilizedTipPosition":[-19.8579,338.142,59.6227],"timeVisible":0.289568,"tipPosition":[11.5737,318.45,-62.2484],"tipVelocity":[-5.24552,29.1583,-201.055],"tool":false,"touchDistance":-0.513005,"touchZone":"hovering","type":1,"width":19.2721},{"bases":[[[-0.572123,-0.81295,0.108569],[-0.617428,0.514042,0.595436],[0.539868,-0.273629,0.796033]],[[-0.586411,-0.805311,0.0871584],[-0.809927,0.584521,-0.0485133],[0.0118776,0.0990406,0.995013]],[[-0.586411,-0.805311,0.0871584],[-0.132012,-0.0111469,-0.991185],[-0.799184,0.592748,0.0997743]],[[-0.586411,-0.805311,0.0871584],[0.533361,-0.464868,-0.7067],[-0.60963,0.367929,-0.702125]]],"btipPosition":[64.7684,248.655,-27.2154],"carpPosition":[68.8096,258.073,65.5846],"dipPosition":[53.3542,255.544,-40.3615],"direction":[0.799184,-0.592748,-0.0997743],"extended":false,"handId":688,"id":6882,"length":66.7614,"mcpPosition":[31.2818,277.094,10.25],"pipPosition":[30.7113,272.338,-37.5346],"stabilizedTipPosition":[39.1277,246.169,9.99082],"timeVisible":0.289568,"tipPosition":[61.9693,250.254,-31.2899],"tipVelocity":[34.7591,105.019,-157.216],"tool":false,"touchDistance":-0.361737,"touchZone":"hovering","type":2,"width":18.9277},{"bases":[[[-0.438258,-0.880778,0.179331],[-0.639201,0.445662,0.626743],[0.631943,-0.160047,0.758309]],[[-0.453992,-0.876481,0.160228],[-0.885034,0.464383,0.0326053],[0.102985,0.127004,0.986541]],[[-0.453992,-0.876481,0.160228],[-0.317265,-0.00902122,-0.948294],[-0.832607,0.481353,0.273981]],[[-0.453992,-0.876481,0.160228],[0.402598,-0.362214,-0.840664],[-0.794862,0.317147,-0.517312]]],"btipPosition":[54.5987,234.002,-22.3855],"carpPosition":[60.8459,248.856,66.7904],"dipPosition":[39.8018,239.906,-32.0156],"direction":[0.832607,-0.481353,-0.273981],"extended":false,"handId":688,"id":6883,"length":64.1929,"mcpPosition":[21.4058,258.845,19.4636],"pipPosition":[16.8212,253.191,-24.4535],"stabilizedTipPosition":[21.556,233.512,30.1564],"timeVisible":0.289568,"tipPosition":[50.9148,235.539,-24.8664],"tipVelocity":[38.9135,99.95,-166.853],"tool":false,"touchDistance":-0.394854,"touchZone":"hovering","type":3,"width":18.0109},{"bases":[[[-0.250493,-0.95483,0.159854],[-0.641226,0.287341,0.711522],[0.725315,-0.0757287,0.684239]],[[-0.375385,-0.92618,0.0357297],[-0.919198,0.376951,0.113943],[0.119,-0.0099299,0.992845]],[[-0.375385,-0.92618,0.0357297],[-0.346193,0.104346,-0.932342],[-0.859789,0.362357,0.359807]],[[-0.375385,-0.92618,0.0357297],[0.393662,-0.194215,-0.898505],[-0.839116,0.32322,-0.437507]]],"btipPosition":[43.0771,227.105,-8.11096],"carpPosition":[58.0075,234.992,65.8955],"dipPosition":[28.6663,232.655,-15.6246],"direction":[0.859789,-0.362357,-0.359807],"extended":false,"handId":688,"id":6884,"length":50.326,"mcpPosition":[16.1037,239.367,26.3649],"pipPosition":[11.9114,239.717,-8.61294],"stabilizedTipPosition":[3.30718,229.552,61.8873],"timeVisible":0.289568,"tipPosition":[39.8056,228.269,-10.2413],"tipVelocity":[44.2639,96.4479,-161.338],"tool":false,"touchDistance":-0.370227,"touchZone":"hovering","type":4,"width":15.9987}],"r":[[0.813622,0.415741,0.406422],[-0.371353,0.909482,-0.186919],[-0.447343,0.00115481,0.894362]],"s":1.04403,"t":[40.3419,-0.025456,-128.236],"timestamp":523594434214},false],[3,{"currentFrameRate":103.409,"devices":[],"gestures":[],"hands":[{"armBasis":[[-0.77697,-0.625499,-0.0711932],[-0.562688,0.639296,0.524103],[0.282312,-0.447271,0.848674]],"armWidth":63.487,"confidence":0.574438,"direction":[-0.630649,0.339105,-0.698062],"elbow":[150.24,122.789,295.05],"grabStrength":0,"id":688,"palmNormal":[0.442375,-0.581967,-0.682362],"palmPosition":[47.1106,264.464,24.6029],"palmVelocity":[16.6009,99.6198,-151.711],"palmWidth":90.6573,"pinchStrength":1,"r":[[0.810581,0.42048,0.407621],[-0.375421,0.907302,-0.189375],[-0.449463,0.00047391,0.893299]],"s":1.04307,"sphereCenter":[56.5376,258.678,-21.7012],"sphereRadius":47.1008,"stabilizedPalmPosition":[11.1893,261.357,140.911],"t":[40.4092,0.829089,-129.396],"timeVisible":0.298218,"type":"left","wrist":[74.2942,243.111,66.7455]}],"id":4264769,"interactionBox":{"center":[0,200,0],"size":[235.247,235.247,147.751]},"pointables":[{"bases":[[[-0.775317,0.289271,0.561432],[0.561454,0.722776,0.402946],[0.289228,-0.627629,0.722793]],[[-0.824303,0.531311,0.195533],[0.56571,0.759387,0.321408],[-0.0222826,-0.375552,0.926533]],[[-0.824303,0.531311,0.195533],[0.454382,0.826892,-0.331341],[0.33773,0.184279,0.923027]],[[-0.824303,0.531311,0.195533],[-0.083862,0.226975,-0.970283],[0.559903,0.816205,0.14254]]],"btipPosition":[75.8954,250.073,-25.1419],"carpPosition":[99.316,256.687,55.6191],"dipPosition":[88.9513,269.105,-21.8181],"direction":[-0.33773,-0.184279,-0.923028],"extended":false,"handId":688,"id":6880,"length":51.9258,"mcpPosition":[99.316,256.687,55.6191],"pipPosition":[100.424,275.365,9.53795],"stabilizedTipPosition":[61.4088,248.316,3.67128],"timeVisible":0.298218,"tipPosition":[77.9634,254.275,-24.6734],"tipVelocity":[46.9155,104.353,-133.59],"tool":false,"touchDistance":-0.348699,"touchZone":"hovering","type":0,"width":20.176},{"bases":[[[-0.734476,-0.671707,0.0967192],[-0.513822,0.643527,0.567327],[0.443319,-0.366992,0.817793]],[[-0.718763,-0.683955,0.124843],[-0.485996,0.62267,0.613262],[0.49718,-0.380117,0.779951]],[[-0.718763,-0.683955,0.124843],[-0.564311,0.678798,0.469879],[0.406119,-0.267281,0.873858]],[[-0.718763,-0.683955,0.124843],[-0.615849,0.709658,0.342221],[0.32266,-0.169091,0.931289]]],"btipPosition":[9.79989,318.187,-67.014],"carpPosition":[78.8502,265.7,63.2144],"dipPosition":[15.2926,315.309,-51.1606],"direction":[-0.406119,0.267281,-0.873858],"extended":true,"handId":688,"id":6881,"length":58.5925,"mcpPosition":[46.3547,292.601,3.2697],"pipPosition":[25.0727,308.872,-30.1163],"stabilizedTipPosition":[-19.8541,338.14,59.6072],"timeVisible":0.298218,"tipPosition":[11.5361,318.628,-63.1899],"tipVelocity":[-5.35647,26.709,-176.271],"tool":false,"touchDistance":-0.504011,"touchZone":"hovering","type":1,"width":19.2721},{"bases":[[[-0.569402,-0.814911,0.108175],[-0.620739,0.512489,0.593328],[0.538948,-0.270694,0.797659]],[[-0.58362,-0.807376,0.0867914],[-0.811975,0.581447,-0.0511404],[0.00917511,0.100319,0.994913]],[[-0.58362,-0.807376,0.0867914],[-0.128312,-0.0138477,-0.991637],[-0.801826,0.589875,0.0955139]],[[-0.58362,-0.807376,0.0867914],[0.538391,-0.464747,-0.702955],[-0.607885,0.363531,-0.705919]]],"btipPosition":[64.9995,249.335,-27.846],"carpPosition":[68.8047,258.855,64.8704],"dipPosition":[53.6179,256.142,-41.0631],"direction":[0.801826,-0.589875,-0.0955139],"extended":false,"handId":688,"id":6882,"length":66.7614,"mcpPosition":[31.3409,277.672,9.42286],"pipPosition":[30.9003,272.854,-38.357],"stabilizedTipPosition":[40.1889,246.385,8.1253],"timeVisible":0.298218,"tipPosition":[62.2228,250.906,-31.9239],"tipVelocity":[32.8542,97.435,-135.335],"tool":false,"touchDistance":-0.363601,"touchZone":"hovering","type":2,"width":18.9277},{"bases":[[[-0.43546,-0.882163,0.17934],[-0.642337,0.444067,0.624666],[0.630696,-0.15682,0.760019]],[[-0.451037,-0.877983,0.160351],[-0.886811,0.461129,0.030429],[0.100659,0.128477,0.986591]],[[-0.451037,-0.877983,0.160351],[-0.315127,-0.011431,-0.948981],[-0.835021,0.478556,0.27152]],[[-0.451037,-0.877983,0.160351],[0.406151,-0.361896,-0.839091],[-0.794737,0.313334,-0.519822]]],"btipPosition":[54.8704,234.637,-23.1019],"carpPosition":[60.872,249.611,66.0683],"dipPosition":[40.0759,240.47,-32.7787],"direction":[0.835021,-0.478556,-0.27152],"extended":false,"handId":688,"id":6883,"length":64.1929,"mcpPosition":[21.5096,259.398,18.6347],"pipPosition":[17.0287,253.679,-25.2846],"stabilizedTipPosition":[22.4257,233.583,28.5431],"timeVisible":0.298218,"tipPosition":[51.2025,236.149,-25.589],"tipVelocity":[36.9397,92.4198,-144.876],"tool":false,"touchDistance":-0.39461,"touchZone":"hovering","type":3,"width":18.0109},{"bases":[[[-0.247378,-0.955549,0.160404],[-0.643986,0.285842,0.709631],[0.723938,-0.0722493,0.686072]],[[-0.372265,-0.927438,0.0357464],[-0.920818,0.373884,0.110932],[0.116247,-0.00838009,0.993185]],[[-0.372265,-0.927438,0.0357464],[-0.343175,0.101758,-0.933743],[-0.862351,0.359867,0.356155]],[[-0.372265,-0.927438,0.0357464],[0.397948,-0.194291,-0.896598],[-0.838484,0.319547,-0.4414]]],"btipPosition":[43.3718,227.703,-8.80305],"carpPosition":[58.0865,235.735,65.1833],"dipPosition":[28.9719,233.191,-16.3835],"direction":[0.862351,-0.359867,-0.356155],"extended":false,"handId":688,"id":6884,"length":50.326,"mcpPosition":[16.2624,239.909,25.5468],"pipPosition":[12.167,240.204,-9.44306],"stabilizedTipPosition":[4.1182,229.539,60.2889],"timeVisible":0.298218,"tipPosition":[40.0981,228.857,-10.9524],"tipVelocity":[41.6342,88.778,-140.22],"tool":false,"touchDistance":-0.37215,"touchZone":"hovering","type":4,"width":15.9987}],"r":[[0.810581,0.42048,0.407621],[-0.375421,0.907302,-0.189375],[-0.449463,0.00047391,0.893299]],"s":1.04307,"t":[40.4092,0.829089,-129.396],"timestamp":523594442864},false],[4,{"currentFrameRate":103.597,"devices":[],"gestures":[],"hands":[{"armBasis":[[-0.773302,-0.629955,-0.0718373],[-0.567117,0.636563,0.522653],[0.283519,-0.444909,0.849514]],"armWidth":63.487,"confidence":0.533135,"direction":[-0.629802,0.338052,-0.699335],"elbow":[150.576,123.891,295.007],"grabStrength":0,"id":688,"palmNormal":[0.446497,-0.579162,-0.682064],"palmPosition":[47.1701,264.906,24.2909],"palmVelocity":[13.7212,84.8987,-118.359],"palmWidth":90.6573,"pinchStrength":1,"r":[[0.80758,0.424703,0.409196],[-0.379206,0.905332,-0.191249],[-0.451682,-0.000720367,0.892179]],"s":1.04235,"sphereCenter":[56.6045,258.915,-21.9938],"sphereRadius":47.0789,"stabilizedPalmPosition":[11.3408,261.372,140.42],"t":[40.4726,1.47702,-130.132],"timeVisible":0.307516,"type":"left","wrist":[74.3059,243.577,66.4766]}],"id":4264770,"interactionBox":{"center":[0,200,0],"size":[235.247,235.247,147.751]},"pointables":[{"bases":[[[-0.778018,0.285478,0.559634],[0.557638,0.724089,0.405875],[0.289356,-0.627851,0.722548]],[[-0.826669,0.528738,0.192495],[0.562054,0.759671,0.327102],[-0.026718,-0.378597,0.925176]],[[-0.826669,0.528738,0.192495],[0.453265,0.828443,-0.328988],[0.333419,0.184713,0.924507]],[[-0.826669,0.528738,0.192495],[-0.0895979,0.214044,-0.972706],[0.555509,0.821353,0.12957]]],"btipPosition":[76.3601,250.665,-24.993],"carpPosition":[99.3113,257.262,55.4484],"dipPosition":[89.3135,269.817,-21.9717],"direction":[-0.333419,-0.184713,-0.924507],"extended":false,"handId":688,"id":6880,"length":51.9258,"mcpPosition":[99.3113,257.262,55.4484],"pipPosition":[100.64,276.092,9.43469],"stabilizedTipPosition":[63.0516,248.935,1.10874],"timeVisible":0.307516,"tipPosition":[78.4255,254.924,-24.681],"tipVelocity":[47.0651,93.7108,-93.4753],"tool":false,"touchDistance":-0.340972,"touchZone":"hovering","type":0,"width":20.176},{"bases":[[[-0.732324,-0.674526,0.093363],[-0.517825,0.640665,0.566926],[0.442221,-0.366827,0.818461]],[[-0.714772,-0.688136,0.124775],[-0.490122,0.620157,0.612524],[0.49888,-0.37666,0.780542]],[[-0.714772,-0.688136,0.124775],[-0.569504,0.676271,0.467249],[0.405913,-0.262917,0.875277]],[[-0.714772,-0.688136,0.124775],[-0.621491,0.706813,0.337881],[0.320701,-0.163962,0.932881]]],"btipPosition":[9.78628,318.323,-67.3654],"carpPosition":[78.7905,266.188,62.9986],"dipPosition":[15.2456,315.532,-51.4848],"direction":[-0.405913,0.262917,-0.875277],"extended":true,"handId":688,"id":6881,"length":58.5925,"mcpPosition":[46.3755,293.077,3.00493],"pipPosition":[25.0208,309.2,-30.4064],"stabilizedTipPosition":[-19.8507,338.137,59.594],"timeVisible":0.307516,"tipPosition":[11.5255,318.8,-63.5377],"tipVelocity":[-4.49044,23.8955,-136.994],"tool":false,"touchDistance":-0.48712,"touchZone":"hovering","type":1,"width":19.2721},{"bases":[[[-0.566766,-0.817153,0.105058],[-0.624344,0.509196,0.59238],[0.53756,-0.270149,0.79878]],[[-0.580853,-0.809685,0.0837918],[-0.813998,0.578291,-0.0546576],[0.00420062,0.0999544,0.994983]],[[-0.580853,-0.809685,0.0837918],[-0.121034,-0.0158857,-0.992521],[-0.80496,0.58665,0.0887718]],[[-0.580853,-0.809685,0.0837918],[0.54619,-0.463999,-0.69741],[-0.603562,0.359326,-0.711757]]],"btipPosition":[65.3031,249.934,-27.8845],"carpPosition":[68.765,259.304,64.6129],"dipPosition":[54.0024,256.661,-41.211],"direction":[0.80496,-0.58665,-0.0887718],"extended":false,"handId":688,"id":6882,"length":66.7614,"mcpPosition":[31.3977,278.083,9.08736],"pipPosition":[31.196,273.283,-38.6959],"stabilizedTipPosition":[41.4196,246.664,5.98948],"timeVisible":0.307516,"tipPosition":[62.5379,251.494,-32.0007],"tipVelocity":[33.3619,87.5539,-99.0696],"tool":false,"touchDistance":-0.356529,"touchZone":"hovering","type":2,"width":18.9277},{"bases":[[[-0.432794,-0.884046,0.176503],[-0.645787,0.440642,0.623533],[0.629006,-0.155878,0.761612]],[[-0.448202,-0.879925,0.157632],[-0.888568,0.457821,0.0291167],[0.0977877,0.127016,0.987069]],[[-0.448202,-0.879925,0.157632],[-0.312454,-0.0110093,-0.949869],[-0.837549,0.474986,0.270001]],[[-0.448202,-0.879925,0.157632],[0.410147,-0.359098,-0.838349],[-0.794289,0.311097,-0.521847]]],"btipPosition":[55.1554,235.202,-23.4402],"carpPosition":[60.8623,250.029,65.771],"dipPosition":[40.3692,240.993,-33.1548],"direction":[0.837549,-0.474986,-0.270001],"extended":false,"handId":688,"id":6883,"length":64.1929,"mcpPosition":[21.6054,259.757,18.238],"pipPosition":[17.2523,254.103,-25.7026],"stabilizedTipPosition":[23.4237,233.684,26.6983],"timeVisible":0.307516,"tipPosition":[51.5049,236.695,-25.9309],"tipVelocity":[35.2231,83.18,-114.519],"tool":false,"touchDistance":-0.388688,"touchZone":"hovering","type":3,"width":18.0109},{"bases":[[[-0.244392,-0.956718,0.157996],[-0.647115,0.282262,0.708216],[0.722159,-0.0708406,0.68809]],[[-0.36923,-0.92876,0.0327862],[-0.922424,0.37055,0.108751],[0.113152,-0.00991118,0.993528]],[[-0.36923,-0.92876,0.0327862],[-0.339967,0.102153,-0.934873],[-0.864923,0.356329,0.353466]],[[-0.36923,-0.92876,0.0327862],[0.402353,-0.191558,-0.895219],[-0.837724,0.31735,-0.444418]]],"btipPosition":[43.6638,228.192,-9.15735],"carpPosition":[58.1297,236.145,64.8534],"dipPosition":[29.2769,233.643,-16.7897],"direction":[0.864923,-0.356329,-0.353466],"extended":false,"handId":688,"id":6884,"length":50.326,"mcpPosition":[16.4083,240.237,25.1003],"pipPosition":[12.4219,240.586,-9.9016],"stabilizedTipPosition":[5.02086,229.536,58.5153],"timeVisible":0.307516,"tipPosition":[40.3923,229.34,-11.3197],"tipVelocity":[38.8385,78.3009,-111.76],"tool":false,"touchDistance":-0.368761,"touchZone":"hovering","type":4,"width":15.9987}],"r":[[0.80758,0.424703,0.409196],[-0.379206,0.905332,-0.191249],[-0.451682,-0.000720367,0.892179]],"s":1.04235,"t":[40.4726,1.47702,-130.132],"timestamp":523594452162},false],[5,{"currentFrameRate":104.052,"devices":[],"gestures":[],"hands":[{"armBasis":[[-0.76922,-0.63504,-0.0708877],[-0.570453,0.632499,0.523954],[0.287896,-0.443474,0.848791]],"armWidth":63.487,"confidence":0.53836,"direction":[-0.629293,0.33872,-0.69947],"elbow":[151.774,124.548,294.664],"grabStrength":0,"id":688,"palmNormal":[0.450081,-0.574894,-0.683318],"palmPosition":[47.2184,265.254,24.1642],"palmVelocity":[11.5219,72.8066,-90.4937],"palmWidth":90.6573,"pinchStrength":1,"r":[[0.804677,0.428291,0.411172],[-0.382749,0.903637,-0.192209],[-0.453871,-0.00270965,0.891063]],"s":1.04177,"sphereCenter":[56.5872,259.052,-22.0989],"sphereRadius":47.0348,"stabilizedPalmPosition":[11.5133,261.391,139.861],"t":[40.5285,1.97532,-130.563],"timeVisible":0.316272,"type":"left","wrist":[74.3268,243.848,66.3284]}],"id":4264771,"interactionBox":{"center":[0,200,0],"size":[235.247,235.247,147.751]},"pointables":[{"bases":[[[-0.780309,0.28058,0.558921],[0.554205,0.724341,0.410105],[0.289783,-0.629765,0.720709]],[[-0.828744,0.526167,0.190608],[0.558813,0.759675,0.332599],[-0.0302022,-0.382154,0.923605]],[[-0.828744,0.526167,0.190608],[0.452149,0.830245,-0.325968],[0.329765,0.18396,0.925966]],[[-0.828744,0.526167,0.190608],[-0.0912046,0.209057,-0.973641],[0.552146,0.824283,0.125266]]],"btipPosition":[76.7362,251.199,-24.8977],"carpPosition":[99.3114,257.663,55.4147],"dipPosition":[89.6111,270.42,-21.9768],"direction":[-0.329765,-0.18396,-0.925966],"extended":false,"handId":688,"id":6880,"length":51.9258,"mcpPosition":[99.3114,257.663,55.4147],"pipPosition":[100.814,276.669,9.47917],"stabilizedTipPosition":[64.7621,249.622,-1.49464],"timeVisible":0.316272,"tipPosition":[78.7948,255.524,-24.641],"tipVelocity":[45.4071,85.4364,-66.1899],"tool":false,"touchDistance":-0.334126,"touchZone":"hovering","type":0,"width":20.176},{"bases":[[[-0.73024,-0.677381,0.0889107],[-0.521346,0.636617,0.568258],[0.441529,-0.368612,0.818033]],[[-0.71045,-0.692696,0.124225],[-0.493881,0.616506,0.613189],[0.50134,-0.374288,0.780107]],[[-0.71045,-0.692696,0.124225],[-0.574505,0.67282,0.466109],[0.406453,-0.25978,0.875963]],[[-0.71045,-0.692696,0.124225],[-0.627065,0.703225,0.335059],[0.319452,-0.160146,0.933972]]],"btipPosition":[9.69199,318.512,-67.3972],"carpPosition":[78.7426,266.489,62.9519],"dipPosition":[15.1301,315.786,-51.4981],"direction":[-0.406453,0.25978,-0.875963],"extended":true,"handId":688,"id":6881,"length":58.5925,"mcpPosition":[46.3783,293.508,2.98958],"pipPosition":[24.9183,309.53,-30.4031],"stabilizedTipPosition":[-19.8478,338.136,59.5823],"timeVisible":0.316272,"tipPosition":[11.4433,319.035,-63.5628],"tipVelocity":[-6.32431,23.7371,-101.09],"tool":false,"touchDistance":-0.467155,"touchZone":"hovering","type":1,"width":19.2721},{"bases":[[[-0.564226,-0.81949,0.100427],[-0.627476,0.504685,0.592931],[0.536584,-0.271531,0.798967]],[[-0.578122,-0.812077,0.0794116],[-0.81594,0.574891,-0.061167],[-0.00401928,0.100157,0.994964]],[[-0.578122,-0.812077,0.0794116],[-0.109227,-0.0194256,-0.993827],[-0.808606,0.583227,0.0774701]],[[-0.578122,-0.812077,0.0794116],[0.556746,-0.463744,-0.689185],[-0.596498,0.354221,-0.720221]]],"btipPosition":[65.7085,250.473,-27.5162],"carpPosition":[68.7368,259.564,64.5146],"dipPosition":[54.5401,257.105,-41.0011],"direction":[0.808607,-0.583227,-0.0774701],"extended":false,"handId":688,"id":6882,"length":66.7614,"mcpPosition":[31.4373,278.439,8.9761],"pipPosition":[31.6303,273.629,-38.8062],"stabilizedTipPosition":[42.8381,247.012,3.59876],"timeVisible":0.316272,"tipPosition":[62.9102,252.057,-31.7295],"tipVelocity":[37.7636,79.9033,-62.3269],"tool":false,"touchDistance":-0.344231,"touchZone":"hovering","type":2,"width":18.9277},{"bases":[[[-0.430195,-0.886214,0.171922],[-0.648759,0.435934,0.623758],[0.627729,-0.156802,0.762476]],[[-0.445443,-0.882107,0.153192],[-0.890139,0.454703,0.0299678],[0.0960919,0.123014,0.987742]],[[-0.445443,-0.882107,0.153192],[-0.311031,-0.00798338,-0.950366],[-0.839547,0.470982,0.270807]],[[-0.445443,-0.882107,0.153192],[0.412987,-0.354257,-0.839014],[-0.794369,0.310466,-0.5221]]],"btipPosition":[55.368,235.788,-23.696],"carpPosition":[60.863,250.257,65.6166],"dipPosition":[40.5803,241.568,-33.4152],"direction":[0.839548,-0.470982,-0.270807],"extended":false,"handId":688,"id":6883,"length":64.1929,"mcpPosition":[21.6859,260.043,18.0298],"pipPosition":[17.4082,254.567,-25.9408],"stabilizedTipPosition":[24.4846,233.811,24.7421],"timeVisible":0.316272,"tipPosition":[51.7453,237.267,-26.1679],"tipVelocity":[32.2773,78.7576,-91.6677],"tool":false,"touchDistance":-0.382005,"touchZone":"hovering","type":3,"width":18.0109},{"bases":[[[-0.241504,-0.958171,0.153572],[-0.649748,0.277211,0.7078],[0.720766,-0.0711534,0.689517]],[[-0.366257,-0.930091,0.0280536],[-0.923878,0.367074,0.108196],[0.11093,-0.0137096,0.993734]],[[-0.366257,-0.930091,0.0280536],[-0.337801,0.104809,-0.935364],[-0.867033,0.35206,0.352573]],[[-0.366257,-0.930091,0.0280536],[0.405644,-0.186725,-0.894755],[-0.837442,0.316331,-0.445675]]],"btipPosition":[43.9091,228.668,-9.42464],"carpPosition":[58.1799,236.368,64.6369],"dipPosition":[29.5271,234.101,-17.0786],"direction":[0.867033,-0.35206,-0.352573],"extended":false,"handId":688,"id":6884,"length":50.326,"mcpPosition":[16.539,240.478,24.8013],"pipPosition":[12.631,240.961,-10.2079],"stabilizedTipPosition":[5.94086,229.546,56.713],"timeVisible":0.316272,"tipPosition":[40.6418,229.813,-11.5902],"tipVelocity":[35.9695,71.7478,-90.1218],"tool":false,"touchDistance":-0.364302,"touchZone":"hovering","type":4,"width":15.9987}],"r":[[0.804677,0.428291,0.411172],[-0.382749,0.903637,-0.192209],[-0.453871,-0.00270965,0.891063]],"s":1.04177,"t":[40.5285,1.97532,-130.563],"timestamp":523594460918},false],[6,{"currentFrameRate":104.255,"devices":[],"gestures":[],"hands":[{"armBasis":[[-0.763498,-0.641397,-0.0753674],[-0.580669,0.630718,0.514799],[0.282655,-0.436812,0.853992]],"armWidth":63.487,"confidence":0.551443,"direction":[-0.631851,0.334486,-0.699202],"elbow":[150.312,127.477,294.655],"grabStrength":0,"id":688,"palmNormal":[0.453888,-0.571565,-0.683593],"palmPosition":[47.0045,266.212,22.7698],"palmVelocity":[1.79243,81.5241,-107.548],"palmWidth":90.6573,"pinchStrength":1,"r":[[0.801759,0.432254,0.412721],[-0.386848,0.901738,-0.192916],[-0.455555,-0.00498828,0.890194]],"s":1.04177,"sphereCenter":[56.2636,259.633,-23.5474],"sphereRadius":47.0658,"stabilizedPalmPosition":[11.7162,261.418,139.192],"t":[40.4495,2.70311,-131.476],"timeVisible":0.325482,"type":"left","wrist":[74.2743,244.985,64.9207]}],"id":4264772,"interactionBox":{"center":[0,200,0],"size":[235.247,235.247,147.751]},"pointables":[{"bases":[[[-0.782087,0.274981,0.559219],[0.549249,0.728097,0.410123],[0.294389,-0.627902,0.720468]],[[-0.832143,0.521508,0.188592],[0.55352,0.760255,0.34004],[-0.0339555,-0.387351,0.921307]],[[-0.832143,0.521508,0.188592],[0.450899,0.834246,-0.317371],[0.322844,0.179063,0.929359]],[[-0.832143,0.521508,0.188592],[-0.092427,0.204893,-0.974411],[0.546804,0.82828,0.122299]]],"btipPosition":[77.1296,252.845,-26.241],"carpPosition":[99.1585,258.977,54.0032],"dipPosition":[89.88,272.159,-23.3893],"direction":[-0.322844,-0.179063,-0.929359],"extended":false,"handId":688,"id":6880,"length":51.9258,"mcpPosition":[99.1585,258.977,54.0032],"pipPosition":[100.847,278.242,8.18193],"stabilizedTipPosition":[66.6388,250.562,-4.44955],"timeVisible":0.325482,"tipPosition":[79.0926,257.025,-25.9597],"tipVelocity":[43.7831,112.194,-88.9795],"tool":false,"touchDistance":-0.349435,"touchZone":"hovering","type":0,"width":20.176},{"bases":[[[-0.725461,-0.68249,0.0889559],[-0.525616,0.632817,0.568569],[0.444336,-0.365718,0.817812]],[[-0.703205,-0.699322,0.128265],[-0.498561,0.613631,0.612286],[0.506892,-0.366614,0.780163]],[[-0.703205,-0.699322,0.128265],[-0.581002,0.669196,0.463263],[0.409804,-0.251246,0.87689]],[[-0.703205,-0.699322,0.128265],[-0.634534,0.698673,0.330489],[0.320733,-0.151013,0.935054]]],"btipPosition":[8.93418,318.778,-68.8275],"carpPosition":[78.5307,267.657,61.5485],"dipPosition":[14.3941,316.208,-52.91],"direction":[-0.409804,0.251246,-0.87689],"extended":true,"handId":688,"id":6881,"length":58.5925,"mcpPosition":[45.9606,294.464,1.60243],"pipPosition":[24.263,310.157,-31.7927],"stabilizedTipPosition":[-19.8444,338.133,59.5679],"timeVisible":0.325482,"tipPosition":[10.6878,319.375,-64.9829],"tipVelocity":[-27.4396,26.2798,-116.139],"tool":false,"touchDistance":-0.470163,"touchZone":"hovering","type":1,"width":19.2721},{"bases":[[[-0.558455,-0.823438,0.100388],[-0.630814,0.500141,0.593239],[0.538704,-0.267971,0.798742]],[[-0.572347,-0.816151,0.0794725],[-0.819971,0.568657,-0.065402],[-0.00818536,0.102598,0.994689]],[[-0.572347,-0.816151,0.0794725],[-0.102067,-0.0252579,-0.994457],[-0.813635,0.577286,0.0688458]],[[-0.572347,-0.816151,0.0794725],[0.565764,-0.463183,-0.682182],[-0.593574,0.345482,-0.72685]]],"btipPosition":[65.6861,251.538,-28.5211],"carpPosition":[68.574,260.662,63.1124],"dipPosition":[54.5725,258.006,-42.1301],"direction":[0.813635,-0.577286,-0.0688458],"extended":false,"handId":688,"id":6882,"length":66.7614,"mcpPosition":[31.1271,279.289,7.58957],"pipPosition":[31.5202,274.362,-40.1795],"stabilizedTipPosition":[44.3936,247.473,0.896523],"timeVisible":0.325482,"tipPosition":[62.8709,253.101,-32.7885],"tipVelocity":[26.8929,88.7685,-76.2933],"tool":false,"touchDistance":-0.353643,"touchZone":"hovering","type":2,"width":18.9277},{"bases":[[[-0.42394,-0.889242,0.171827],[-0.651607,0.431235,0.624056],[0.629034,-0.152598,0.762253]],[[-0.439171,-0.885251,0.153166],[-0.893283,0.448452,0.0306117],[0.0957866,0.123377,0.987726]],[[-0.439171,-0.885251,0.153166],[-0.311477,-0.0098806,-0.950202],[-0.842681,0.465009,0.271396]],[[-0.439171,-0.885251,0.153166],[0.415097,-0.351141,-0.839282],[-0.796758,0.30501,-0.521676]]],"btipPosition":[55.3339,236.819,-25.1077],"carpPosition":[60.7658,251.3,64.2145],"dipPosition":[40.5017,242.497,-34.819],"direction":[0.842681,-0.465009,-0.271396],"extended":false,"handId":688,"id":6883,"length":64.1929,"mcpPosition":[21.5072,260.824,16.6415],"pipPosition":[17.2431,255.332,-27.3283],"stabilizedTipPosition":[25.5985,233.987,22.6277],"timeVisible":0.325482,"tipPosition":[51.7087,238.268,-27.5705],"tipVelocity":[21.8912,87.3313,-108.864],"tool":false,"touchDistance":-0.393286,"touchZone":"hovering","type":3,"width":18.0109},{"bases":[[[-0.234756,-0.959873,0.153405],[-0.651462,0.272488,0.708059],[0.721448,-0.0662835,0.689289]],[[-0.35985,-0.932595,0.027812],[-0.926331,0.360676,0.10874],[0.111442,-0.0133672,0.993681]],[[-0.35985,-0.932595,0.027812],[-0.338665,0.102785,-0.935276],[-0.869375,0.345978,0.352825]],[[-0.35985,-0.932595,0.027812],[0.40697,-0.183717,-0.894775],[-0.839573,0.310666,-0.44565]]],"btipPosition":[43.9335,229.615,-10.8197],"carpPosition":[58.1796,237.392,63.232],"dipPosition":[29.5149,234.95,-18.4732],"direction":[0.869375,-0.345978,-0.352825],"extended":false,"handId":688,"id":6884,"length":50.326,"mcpPosition":[16.4992,241.222,23.4096],"pipPosition":[12.5731,241.693,-11.5976],"stabilizedTipPosition":[6.90029,229.582,54.7958],"timeVisible":0.325482,"tipPosition":[40.6605,230.738,-12.9818],"tipVelocity":[26.3846,79.7698,-107.298],"tool":false,"touchDistance":-0.377131,"touchZone":"hovering","type":4,"width":15.9987}],"r":[[0.801759,0.432254,0.412721],[-0.386848,0.901738,-0