{"sensorType":"Leap","data":[[0,{"currentFrameRate":103.815,"devices":[],"gestures":[],"hands":[{"armBasis":[[0.931342,0.0375199,-0.362208],[0.16148,0.848977,0.503153],[0.326385,-0.527097,0.784629]],"armWidth":63.5437,"confidence":0.608809,"direction":[-0.0103509,0.763258,-0.646011],"elbow":[160.445,95.5881,261.914],"grabStrength":0.845221,"id":703,"palmNormal":[-0.174031,-0.637562,-0.750485],"palmPosition":[63.7724,276.661,13.6896],"palmVelocity":[62.8013,108.61,-166.22],"palmWidth":90.7382,"pinchStrength":0.645135,"r":[[0.942511,0.124942,0.309939],[-0.20316,0.950629,0.234585],[-0.265328,-0.284066,0.921362]],"s":0.842782,"sphereCenter":[36.5856,271.06,-22.1575],"sphereRadius":45.9508,"stabilizedPalmPosition":[13.7983,257.9,148.203],"t":[6.55831,33.673,-75.9391],"timeVisible":6.28157,"type":"right","wrist":[72.5648,237.51,50.6509]}],"id":4302960,"interactionBox":{"center":[0,200,0],"size":[235.247,235.247,147.751]},"pointables":[{"bases":[[[0.549873,0.677075,0.48909],[-0.7106,0.0714821,0.699955],[0.438961,-0.732435,0.520435]],[[0.341815,0.904614,0.254631],[-0.740054,0.09211,0.66621],[0.579209,-0.416161,0.700947]],[[0.341815,0.904614,0.254631],[-0.937375,0.30887,0.161019],[0.0670123,-0.293723,0.953539]],[[0.341815,0.904614,0.254631],[-0.667776,0.424446,-0.61149],[-0.661239,0.03898,0.749162]]],"btipPosition":[27.0534,260.808,-36.0623],"carpPosition":[42.732,231.014,48.7365],"dipPosition":[11.6208,261.718,-18.5778],"direction":[-0.0670123,0.293723,-0.953539],"extended":false,"handId":703,"id":7030,"length":51.9721,"mcpPosition":[42.732,231.014,48.7365],"pipPosition":[13.8993,251.731,13.8437],"stabilizedTipPosition":[-40.5515,257.313,125.655],"timeVisible":6.28157,"tipPosition":[23.4174,261.948,-30.5408],"tipVelocity":[60.3188,76.8583,-226.841],"tool":false,"touchDistance":-0.718405,"touchZone":"hovering","type":0,"width":20.194},{"bases":[[[0.968969,0.0249803,-0.245917],[0.146067,0.744729,0.651186],[0.199408,-0.666899,0.717971]],[[0.944396,0.0910412,-0.315956],[0.169155,0.689479,0.704276],[0.281963,-0.718561,0.635741]],[[0.944396,0.0910412,-0.315956],[-0.117913,0.990764,-0.0669604],[0.306941,0.100493,0.946408]],[[0.944396,0.0910412,-0.315956],[-0.294748,0.660301,-0.690743],[0.14574,0.745462,0.65042]]],"btipPosition":[17.3433,315.339,-58.4504],"carpPosition":[53.9349,250.749,55.3554],"dipPosition":[19.8264,328.04,-47.3683],"direction":[-0.306941,-0.100493,-0.946408],"extended":false,"handId":703,"id":7031,"length":58.6448,"mcpPosition":[39.3051,299.677,2.68082],"pipPosition":[27.2248,330.463,-24.5566],"stabilizedTipPosition":[-21.0411,276.22,51.4173],"timeVisible":6.28157,"tipPosition":[18.1529,316.884,-55.1316],"tipVelocity":[60.9918,111.427,-203.376],"tool":false,"touchDistance":-0.717264,"touchZone":"hovering","type":1,"width":19.2893},{"bases":[[[0.947808,-0.192677,-0.25404],[0.312122,0.723408,0.615841],[0.0651164,-0.66299,0.745791]],[[0.948919,-0.205872,-0.239102],[0.00239554,0.762481,-0.647006],[0.315512,0.613384,0.724026]],[[0.948919,-0.205872,-0.239102],[-0.282469,-0.216646,-0.934492],[0.140585,0.954296,-0.263732]],[[0.948919,-0.205872,-0.239102],[-0.315455,-0.634463,-0.705652],[-0.00642728,0.745032,-0.666997]]],"btipPosition":[42.2735,228.329,-13.6598],"carpPosition":[65.8359,252.709,53.0519],"dipPosition":[42.153,242.291,-26.1593],"direction":[-0.140585,-0.954296,0.263732],"extended":false,"handId":703,"id":7032,"length":66.821,"mcpPosition":[61.3054,298.836,1.1636],"pipPosition":[46.1397,269.353,-33.6381],"stabilizedTipPosition":[-13.3695,219.929,119.005],"timeVisible":6.28157,"tipPosition":[42.4007,231.749,-16.1718],"tipVelocity":[70.7026,102.889,-163.506],"tool":false,"touchDistance":0.333333,"touchZone":"none","type":2,"width":18.9446},{"bases":[[[0.920816,-0.342123,-0.187219],[0.380958,0.686291,0.619577],[-0.0834851,-0.641839,0.762281]],[[0.92122,-0.338924,-0.19101],[0.123348,0.720093,-0.682826],[0.368971,0.605472,0.705169]],[[0.92122,-0.338924,-0.19101],[-0.277972,-0.229918,-0.932668],[0.272187,0.912287,-0.306017]],[[0.92122,-0.338924,-0.19101],[-0.371386,-0.619888,-0.691239],[0.115873,0.707721,-0.696925]]],"btipPosition":[56.7145,226.279,-7.69979],"carpPosition":[77.6175,251.552,49.8977],"dipPosition":[58.8735,239.466,-20.6851],"direction":[-0.272187,-0.912287,0.306017],"extended":false,"handId":703,"id":7033,"length":64.2502,"mcpPosition":[82.8326,291.645,2.28057],"pipPosition":[66.3927,264.668,-29.1389],"stabilizedTipPosition":[1.10732,212.714,109.749],"timeVisible":6.28157,"tipPosition":[57.1991,229.486,-10.6767],"tipVelocity":[71.7279,102.591,-156.576],"tool":false,"touchDistance":0.333333,"touchZone":"none","type":3,"width":18.027},{"bases":[[[0.829276,-0.52277,-0.197516],[0.510658,0.565304,0.647811],[-0.226999,-0.638077,0.73575]],[[0.795639,-0.596271,-0.10686],[0.388647,0.637768,-0.664986],[0.464664,0.487558,0.739172]],[[0.795639,-0.596271,-0.10686],[-0.247766,-0.159348,-0.955626],[0.552784,0.786809,-0.274519]],[[0.795639,-0.596271,-0.10686],[-0.473208,-0.501648,-0.724171],[0.378197,0.626746,-0.681291]]],"btipPosition":[67.4726,237.364,-7.38481],"carpPosition":[88.0138,243.779,44.1588],"dipPosition":[73.9734,248.137,-19.0956],"direction":[-0.552784,-0.786809,0.274519],"extended":false,"handId":703,"id":7034,"length":50.3709,"mcpPosition":[101.14,280.675,1.61421],"pipPosition":[84.7553,263.483,-24.45],"stabilizedTipPosition":[15.3835,223.843,106.453],"timeVisible":6.28157,"tipPosition":[69.0003,240.006,-10.0568],"tipVelocity":[70.716,106.497,-165.944],"tool":false,"touchDistance":0.333333,"touchZone":"none","type":4,"width":16.013}],"r":[[0.942511,0.124942,0.309939],[-0.20316,0.950629,0.234585],[-0.265328,-0.284066,0.921362]],"s":0.842782,"t":[6.55831,33.673,-75.9391],"timestamp":523967713217},false],[1,{"currentFrameRate":103.977,"devices":[],"gestures":[],"hands":[{"armBasis":[[0.92713,0.0375394,-0.372854],[0.166537,0.850043,0.499691],[0.3357,-0.525373,0.781849]],"armWidth":63.5437,"confidence":0.618078,"direction":[-0.0103529,0.759649,-0.650251],"elbow":[163.394,97.0412,260.52],"grabStrength":0.822407,"id":703,"palmNormal":[-0.179209,-0.641167,-0.746183],"palmPosition":[64.1982,277.472,12.8588],"palmVelocity":[57.9713,102.52,-144.455],"palmWidth":90.7382,"pinchStrength":0.638927,"r":[[0.942269,0.125606,0.310407],[-0.203466,0.950998,0.23282],[-0.265953,-0.282536,0.921652]],"s":0.845879,"sphereCenter":[37.0117,271.661,-22.9332],"sphereRadius":45.9503,"stabilizedPalmPosition":[14.5068,258.175,146.301],"t":[7.00967,34.5262,-76.9168],"timeVisible":6.29088,"type":"right","wrist":[73.0059,238.499,50.0044]}],"id":4302961,"interactionBox":{"center":[0,200,0],"size":[235.247,235.247,147.751]},"pointables":[{"bases":[[[0.55413,0.677926,0.48307],[-0.707536,0.0778407,0.702377],[0.438557,-0.730997,0.522791]],[[0.344318,0.90593,0.246447],[-0.741255,0.101219,0.663547],[0.576182,-0.411151,0.706377]],[[0.344318,0.90593,0.246447],[-0.936394,0.312387,0.159939],[0.0679066,-0.285842,0.955868]],[[0.344318,0.90593,0.246447],[-0.681206,0.421704,-0.598436],[-0.646068,0.0381706,0.762324]]],"btipPosition":[27.2313,261.39,-37.2096],"carpPosition":[43.1437,232.095,48.2459],"dipPosition":[12.1528,262.281,-19.4179],"direction":[-0.0679066,0.285842,-0.955868],"extended":false,"handId":703,"id":7030,"length":51.9721,"mcpPosition":[43.1437,232.095,48.2459],"pipPosition":[14.4617,252.562,13.0828],"stabilizedTipPosition":[-40.2163,257.335,124.828],"timeVisible":6.29088,"tipPosition":[23.6686,262.478,-31.5936],"tipVelocity":[51.141,72.668,-195.402],"tool":false,"touchDistance":-0.691047,"touchZone":"hovering","type":0,"width":20.194},{"bases":[[[0.968053,0.0202856,-0.249925],[0.15121,0.74787,0.646395],[0.200024,-0.663535,0.72091]],[[0.943583,0.0856777,-0.319859],[0.173604,0.69456,0.698175],[0.281979,-0.714315,0.640501]],[[0.943583,0.0856777,-0.319859],[-0.110925,0.991922,-0.0615321],[0.312003,0.0935412,0.945465]],[[0.943583,0.0856777,-0.319859],[-0.291208,0.674533,-0.678383],[0.157633,0.733256,0.661428]]],"btipPosition":[17.4779,316.365,-59.6814],"carpPosition":[54.4401,251.828,54.7088],"dipPosition":[20.1637,328.858,-48.4118],"direction":[-0.312003,-0.0935412,-0.945465],"extended":false,"handId":703,"id":7031,"length":58.6448,"mcpPosition":[39.7651,300.509,1.81853],"pipPosition":[27.6841,331.113,-25.6228],"stabilizedTipPosition":[-19.9358,277.435,48.3529],"timeVisible":6.29088,"tipPosition":[18.35,317.876,-56.2728],"tipVelocity":[49.2548,109.612,-181.946],"tool":false,"touchDistance":-0.69169,"touchZone":"hovering","type":1,"width":19.2893},{"bases":[[[0.94612,-0.19734,-0.256738],[0.317049,0.725784,0.610507],[0.065859,-0.659011,0.749245]],[[0.947257,-0.210607,-0.241556],[0.00154003,0.756726,-0.653731],[0.320472,0.618879,0.717138]],[[0.947257,-0.210607,-0.241556],[-0.287379,-0.224625,-0.931105],[0.141838,0.951414,-0.273301]],[[0.947257,-0.210607,-0.241556],[-0.320391,-0.639646,-0.698715],[-0.0073563,0.739255,-0.673385]]],"btipPosition":[42.4677,229.003,-13.8831],"carpPosition":[66.3383,253.734,52.3467],"dipPosition":[42.3299,242.857,-26.5023],"direction":[-0.141838,-0.951414,0.273301],"extended":false,"handId":703,"id":7032,"length":66.821,"mcpPosition":[61.7562,299.585,0.218123],"pipPosition":[46.3521,269.837,-34.2525],"stabilizedTipPosition":[-12.3521,220.152,116.53],"timeVisible":6.29088,"tipPosition":[42.5679,232.412,-16.5383],"tipVelocity":[56.4925,93.5162,-124.907],"tool":false,"touchDistance":0.333333,"touchZone":"none","type":2,"width":18.9446},{"bases":[[[0.918889,-0.346315,-0.188969],[0.385773,0.688452,0.614177],[-0.0826023,-0.637259,0.76621]],[[0.919298,-0.343064,-0.19287],[0.12295,0.715875,-0.687318],[0.373865,0.608136,0.700282]],[[0.919298,-0.343064,-0.19287],[-0.282565,-0.234213,-0.930216],[0.273951,0.909643,-0.312249]],[[0.919298,-0.343064,-0.19287],[-0.376282,-0.622531,-0.686197],[0.115342,0.703393,-0.701381]]],"btipPosition":[56.8881,226.995,-8.21792],"carpPosition":[78.1032,252.519,49.152],"dipPosition":[59.0372,240.101,-21.2862],"direction":[-0.273951,-0.909643,0.312249],"extended":false,"handId":703,"id":7033,"length":64.2502,"mcpPosition":[83.2631,292.326,1.28949],"pipPosition":[66.6052,265.23,-29.9122],"stabilizedTipPosition":[2.20919,213.053,107.38],"timeVisible":6.29088,"tipPosition":[57.3695,230.182,-11.2151],"tipVelocity":[56.6555,94.7684,-128.626],"tool":false,"touchDistance":0.333333,"touchZone":"none","type":3,"width":18.027},{"bases":[[[0.826696,-0.526703,-0.197884],[0.515174,0.567183,0.642572],[-0.226209,-0.633156,0.740232]],[[0.793101,-0.599704,-0.106513],[0.38967,0.633977,-0.668005],[0.468132,0.48829,0.736495]],[[0.793101,-0.599704,-0.106513],[-0.250468,-0.161708,-0.954524],[0.555208,0.783712,-0.278457]],[[0.793101,-0.599704,-0.106513],[-0.477047,-0.502867,-0.720799],[0.378704,0.622478,-0.684912]]],"btipPosition":[67.6846,238.087,-8.15386],"carpPosition":[88.4498,244.678,43.4154],"dipPosition":[74.1942,248.787,-19.9269],"direction":[-0.555208,-0.783712,0.278457],"extended":false,"handId":703,"id":7034,"length":50.3709,"mcpPosition":[101.53,281.29,0.611704],"pipPosition":[85.0233,264.073,-25.3581],"stabilizedTipPosition":[16.4195,224.164,104.194],"timeVisible":6.29088,"tipPosition":[69.2107,240.686,-10.7893],"tipVelocity":[57.2244,97.8286,-142.817],"tool":false,"touchDistance":0.333333,"touchZone":"none","type":4,"width":16.013}],"r":[[0.942269,0.125606,0.310407],[-0.203466,0.950998,0.23282],[-0.265953,-0.282536,0.921652]],"s":0.845879,"t":[7.00967,34.5262,-76.9168],"timestamp":523967722530},false],[2,{"currentFrameRate":104.424,"devices":[],"gestures":[],"hands":[{"armBasis":[[0.929906,0.0390553,-0.365718],[0.162171,0.84893,0.503009],[0.330114,-0.527059,0.783092]],"armWidth":63.5437,"confidence":0.625599,"direction":[-0.010986,0.761601,-0.647954],"elbow":[162.108,98.1706,259.702],"grabStrength":0.807081,"id":703,"palmNormal":[-0.174797,-0.639478,-0.748675],"palmPosition":[64.3955,279.139,11.7993],"palmVelocity":[48.4941,126.157,-138.243],"palmWidth":90.7382,"pinchStrength":0.634184,"r":[[0.941802,0.126586,0.311424],[-0.204494,0.95101,0.231866],[-0.266816,-0.282057,0.921549]],"s":0.848741,"sphereCenter":[37.5166,273.235,-24.1981],"sphereRadius":45.9154,"stabilizedPalmPosition":[15.3014,258.509,144.158],"t":[7.33399,35.7863,-77.9354],"timeVisible":6.29962,"type":"right","wrist":[73.2242,240.083,48.8519]}],"id":4302962,"interactionBox":{"center":[0,200,0],"size":[235.247,235.247,147.751]},"pointables":[{"bases":[[[0.550377,0.678314,0.486802],[-0.709896,0.0732893,0.700483],[0.43947,-0.731108,0.521869]],[[0.339095,0.907276,0.248726],[-0.74715,0.0990709,0.65723],[0.571648,-0.408699,0.711466]],[[0.339095,0.907276,0.248726],[-0.938342,0.307276,0.158419],[0.0673025,-0.287109,0.955531]],[[0.339095,0.907276,0.248726],[-0.693528,0.419728,-0.585532],[-0.635636,0.0260525,0.771549]]],"btipPosition":[27.4797,263.082,-38.9286],"carpPosition":[43.3894,233.583,46.9841],"dipPosition":[12.6447,263.69,-20.9216],"direction":[-0.0673025,0.287109,-0.955531],"extended":false,"handId":703,"id":7030,"length":51.9721,"mcpPosition":[43.3894,233.583,46.9841],"pipPosition":[14.9331,253.928,11.5677],"stabilizedTipPosition":[-39.8812,257.366,123.996],"timeVisible":6.29962,"tipPosition":[24.0027,264.033,-33.2376],"tipVelocity":[46.777,103.055,-194.238],"tool":false,"touchDistance":-0.675318,"touchZone":"hovering","type":0,"width":20.194},{"bases":[[[0.968722,0.0243302,-0.246953],[0.146734,0.746391,0.649129],[0.200117,-0.665062,0.719476]],[[0.944322,0.0896705,-0.316568],[0.168219,0.695309,0.698747],[0.28277,-0.713095,0.641511]],[[0.944322,0.0896705,-0.316568],[-0.112076,0.992272,-0.0532543],[0.309346,0.085769,0.947074]],[[0.944322,0.0896705,-0.316568],[-0.288997,0.685977,-0.66777],[0.157279,0.722077,0.673697]]],"btipPosition":[17.6665,318.308,-61.0349],"carpPosition":[54.5993,253.334,53.5412],"dipPosition":[20.3463,330.611,-49.5562],"direction":[-0.309346,-0.085769,-0.947074],"extended":false,"handId":703,"id":7031,"length":58.6448,"mcpPosition":[39.9175,302.127,0.756146],"pipPosition":[27.8026,332.679,-26.7284],"stabilizedTipPosition":[-18.8375,278.691,45.2854],"timeVisible":6.29962,"tipPosition":[18.5488,319.827,-57.5566],"tipVelocity":[41.8017,138.479,-173.23],"tool":false,"touchDistance":-0.670435,"touchZone":"hovering","type":1,"width":19.2893},{"bases":[[[0.947549,-0.193346,-0.254497],[0.312754,0.724977,0.613672],[0.0658535,-0.661079,0.747421]],[[0.948686,-0.206666,-0.239342],[0.00095148,0.758746,-0.651386],[0.316219,0.617733,0.720008]],[[0.948686,-0.206666,-0.239342],[-0.283819,-0.222742,-0.932648],[0.139435,0.95272,-0.269968]],[[0.948686,-0.206666,-0.239342],[-0.316123,-0.6386,-0.70161],[-0.00784487,0.741269,-0.671162]]],"btipPosition":[42.9095,230.681,-15.1564],"carpPosition":[66.498,255.287,51.2207],"dipPosition":[42.7625,244.572,-27.734],"direction":[-0.139435,-0.95272,0.269968],"extended":false,"handId":703,"id":7032,"length":66.821,"mcpPosition":[61.9162,301.282,-0.78102],"pipPosition":[46.7166,271.589,-35.3896],"stabilizedTipPosition":[-11.2123,220.436,113.752],"timeVisible":6.29962,"tipPosition":[43.0054,234.096,-17.8022],"tipVelocity":[54.8399,120.154,-130.185],"tool":false,"touchDistance":0.333333,"touchZone":"none","type":2,"width":18.9446},{"bases":[[[0.920621,-0.34262,-0.187267],[0.381593,0.687867,0.617435],[-0.082731,-0.639883,0.764006]],[[0.921066,-0.339058,-0.19151],[0.122879,0.719742,-0.68328],[0.36951,0.605814,0.704594]],[[0.921066,-0.339058,-0.19151],[-0.278838,-0.230971,-0.932149],[0.27182,0.911971,-0.307282]],[[0.921066,-0.339058,-0.19151],[-0.372089,-0.621287,-0.689603],[0.114833,0.706429,-0.698406]]],"btipPosition":[57.3318,228.745,-9.55942],"carpPosition":[78.2765,254.122,48.0577],"dipPosition":[59.4714,241.907,-22.5723],"direction":[-0.27182,-0.911971,0.307282],"extended":false,"handId":703,"id":7033,"length":64.2502,"mcpPosition":[83.4444,294.093,0.332744],"pipPosition":[66.9805,267.101,-31.0611],"stabilizedTipPosition":[3.4178,213.46,104.774],"timeVisible":6.29962,"tipPosition":[57.8068,231.921,-12.5038],"tipVelocity":[55.0151,123.408,-134.903],"tool":false,"touchDistance":0.333333,"touchZone":"none","type":3,"width":18.027},{"bases":[[[0.829068,-0.523291,-0.197009],[0.511319,0.566951,0.645848],[-0.226272,-0.636186,0.73761]],[[0.795346,-0.596864,-0.105726],[0.391944,0.639444,-0.661432],[0.462391,0.484628,0.742516]],[[0.795346,-0.596864,-0.105726],[-0.244427,-0.156189,-0.957006],[0.55469,0.786993,-0.270114]],[[0.795346,-0.596864,-0.105726],[-0.471995,-0.500382,-0.725837],[0.380323,0.627193,-0.679693]]],"btipPosition":[68.0899,239.902,-9.55423],"carpPosition":[88.6668,246.334,42.3282],"dipPosition":[74.6273,250.683,-21.2375],"direction":[-0.55469,-0.786993,0.270114],"extended":false,"handId":703,"id":7034,"length":50.3709,"mcpPosition":[101.751,283.121,-0.323911],"pipPosition":[85.4464,266.033,-26.506],"stabilizedTipPosition":[17.5303,224.545,101.761],"timeVisible":6.29962,"tipPosition":[69.6151,242.484,-12.0901],"tipVelocity":[54.5194,127.83,-146.856],"tool":false,"touchDistance":0.333333,"touchZone":"none","type":4,"width":16.013}],"r":[[0.941802,0.126586,0.311424],[-0.204494,0.95101,0.231866],[-0.266816,-0.282057,0.921549]],"s":0.848741,"t":[7.33399,35.7863,-77.9354],"timestamp":523967731268},false],[3,{"currentFrameRate":104.593,"devices":[],"gestures":[],"hands":[{"armBasis":[[0.932382,0.0431061,-0.358895],[0.154487,0.850101,0.50345],[0.326799,-0.524852,0.78596]],"armWidth":63.5437,"confidence":0.628928,"direction":[-0.0115757,0.764128,-0.644961],"elbow":[161.278,100.347,259.251],"grabStrength":0.791422,"id":703,"palmNormal":[-0.167194,-0.637403,-0.752173],"palmPosition":[64.4486,280.821,10.6848],"palmVelocity":[36.4864,141.834,-133.267],"palmWidth":90.7382,"pinchStrength":0.631626,"r":[[0.940944,0.128143,0.313376],[-0.206604,0.95061,0.231636],[-0.268216,-0.282701,0.920946]],"s":0.850967,"sphereCenter":[37.9896,274.805,-25.6059],"sphereRadius":45.8653,"stabilizedPalmPosition":[16.3401,258.98,141.338],"t":[7.52273,37.2576,-79.0019],"timeVisible":6.30887,"type":"right","wrist":[73.2864,241.665,47.6295]}],"id":4302963,"interactionBox":{"center":[0,200,0],"size":[235.247,235.247,147.751]},"pointables":[{"bases":[[[0.54399,0.679328,0.492532],[-0.714122,0.0666202,0.696844],[0.440573,-0.730804,0.521364]],[[0.331448,0.908984,0.252764],[-0.754525,0.0945384,0.649426],[0.566422,-0.405968,0.717186]],[[0.331448,0.908984,0.252764],[-0.941277,0.300317,0.154295],[0.0643428,-0.289062,0.955146]],[[0.331448,0.908984,0.252764],[-0.701682,0.416587,-0.578011],[-0.630702,0.0142204,0.775895]]],"btipPosition":[27.834,264.716,-40.7145],"carpPosition":[43.4981,235.011,45.5712],"dipPosition":[13.1142,265.048,-22.606],"direction":[-0.0643428,0.289062,-0.955146],"extended":false,"handId":703,"id":7030,"length":51.9721,"mcpPosition":[43.4981,235.011,45.5712],"pipPosition":[15.3019,255.22,9.87009],"stabilizedTipPosition":[-39.4683,257.413,122.965],"timeVisible":6.30887,"tipPosition":[24.3835,265.556,-34.9992],"tipVelocity":[45.2059,121.84,-193.226],"tool":false,"touchDistance":-0.662558,"touchZone":"hovering","type":0,"width":20.194},{"bases":[[[0.969917,0.0305789,-0.241508],[0.139097,0.744562,0.652901],[0.199783,-0.666853,0.71791]],[[0.945606,0.095925,-0.310849],[0.159661,0.695689,0.700375],[0.283438,-0.71191,0.642532]],[[0.945606,0.095925,-0.310849],[-0.115163,0.992367,-0.0440935],[0.304247,0.0774935,0.949436]],[[0.945606,0.095925,-0.310849],[-0.286647,0.697515,-0.656739],[0.153824,0.71012,0.687072]]],"btipPosition":[17.809,320.254,-62.5209],"carpPosition":[54.564,254.796,52.2688],"dipPosition":[20.4299,332.353,-50.8144],"direction":[-0.304247,-0.0774935,-0.949436],"extended":false,"handId":703,"id":7031,"length":58.6448,"mcpPosition":[39.9068,303.721,-0.401333],"pipPosition":[27.7633,334.221,-27.9297],"stabilizedTipPosition":[-17.5334,280.244,41.6052],"timeVisible":6.30887,"tipPosition":[18.6903,321.768,-58.9709],"tipVelocity":[33.9771,157.275,-168.123],"tool":false,"touchDistance":-0.653229,"touchZone":"hovering","type":1,"width":19.2893},{"bases":[[[0.949972,-0.187177,-0.250037],[0.305423,0.724191,0.618275],[0.0653474,-0.663711,0.745129]],[[0.951099,-0.200559,-0.234919],[0.000416559,0.761366,-0.648322],[0.308886,0.616521,0.724218]],[[0.951099,-0.200559,-0.234919],[-0.277466,-0.220532,-0.935082],[0.135732,0.954537,-0.265396]],[[0.951099,-0.200559,-0.234919],[-0.308778,-0.637497,-0.705871],[-0.008191,0.743891,-0.668251]]],"btipPosition":[43.3751,232.358,-16.5824],"carpPosition":[66.4645,256.823,50.0218],"dipPosition":[43.2216,246.298,-29.1055],"direction":[-0.135732,-0.954537,0.265396],"extended":false,"handId":703,"id":7032,"length":66.821,"mcpPosition":[61.9179,303.001,-1.82051],"pipPosition":[47.0707,273.367,-36.6315],"stabilizedTipPosition":[-9.76088,220.838,110.208],"timeVisible":6.30887,"tipPosition":[43.4664,235.782,-19.2153],"tipVelocity":[53.5359,137.685,-136.56],"tool":false,"touchDistance":0.333333,"touchZone":"none","type":2,"width":18.9446},{"bases":[[[0.923489,-0.336864,-0.183551],[0.374441,0.687441,0.622269],[-0.0834392,-0.643388,0.76098]],[[0.924015,-0.332648,-0.188525],[0.124785,0.728419,-0.673672],[0.361421,0.598958,0.71458]],[[0.924015,-0.332648,-0.188525],[-0.270964,-0.221814,-0.936684],[0.269769,0.916594,-0.295095]],[[0.924015,-0.332648,-0.188525],[-0.364467,-0.617222,-0.697281],[0.115587,0.713009,-0.691561]]],"btipPosition":[57.7689,230.632,-11.418],"carpPosition":[78.2663,255.735,46.9191],"dipPosition":[59.9226,243.917,-24.3034],"direction":[-0.269769,-0.916594,0.295095],"extended":false,"handId":703,"id":7033,"length":64.2502,"mcpPosition":[83.4785,295.925,-0.61671],"pipPosition":[67.375,269.238,-32.4555],"stabilizedTipPosition":[4.90315,214.007,101.547],"timeVisible":6.30887,"tipPosition":[58.2508,233.766,-14.1595],"tipVelocity":[52.9386,146.92,-152.584],"tool":false,"touchDistance":0.333333,"touchZone":"none","type":3,"width":18.027},{"bases":[[[0.832977,-0.517989,-0.194519],[0.504667,0.567117,0.650914],[-0.226851,-0.640364,0.733807]],[[0.799023,-0.592341,-0.103414],[0.394586,0.646296,-0.653149],[0.453723,0.481075,0.750135]],[[0.799023,-0.592341,-0.103414],[-0.235732,-0.150362,-0.960116],[0.553166,0.791532,-0.259776]],[[0.799023,-0.592341,-0.103414],[-0.464183,-0.498304,-0.732275],[0.382225,0.633108,-0.673111]]],"btipPosition":[68.4895,241.771,-11.0299],"carpPosition":[88.7302,248.026,41.216],"dipPosition":[75.0596,252.653,-22.6001],"direction":[-0.553166,-0.791532,0.259776],"extended":false,"handId":703,"id":7034,"length":50.3709,"mcpPosition":[101.848,285.055,-1.21615],"pipPosition":[85.849,268.092,-27.6669],"stabilizedTipPosition":[18.9285,225.071,98.6847],"timeVisible":6.30887,"tipPosition":[70.0132,244.339,-13.4685],"tipVelocity":[51.573,149.411,-149.645],"tool":false,"touchDistance":0.333333,"touchZone":"none","type":4,"width":16.013}],"r":[[0.940944,0.128143,0.313376],[-0.206604,0.95061,0.231636],[-0.268216,-0.282701,0.920946]],"s":0.850967,"t":[7.52273,37.2576,-79.0019],"timestamp":523967740514},false],[4,{"currentFrameRate":104.958,"devices":[],"gestures":[],"hands":[{"armBasis":[[0.933733,0.0453443,-0.355088],[0.149787,0.851441,0.502605],[0.325127,-0.522486,0.788226]],"armWidth":63.5437,"confidence":0.615019,"direction":[-0.0138891,0.765051,-0.64382],"elbow":[160.914,101.876,259.2],"grabStrength":0.777169,"id":703,"palmNormal":[-0.163212,-0.636981,-0.753404],"palmPosition":[64.4231,281.73,10.0689],"palmVelocity":[25.8336,131.249,-116.044],"palmWidth":90.7382,"pinchStrength":0.632555,"r":[[0.940038,0.130113,0.315275],[-0.209195,0.950035,0.23167],[-0.269379,-0.283732,0.920288]],"s":0.852375,"sphereCenter":[38.2166,275.538,-26.3889],"sphereRadius":45.8157,"stabilizedPalmPosition":[17.5191,259.538,138.119],"t":[7.60437,38.4476,-79.8432],"timeVisible":6.31772,"type":"right","wrist":[73.3732,242.557,46.9682]}],"id":4302964,"interactionBox":{"center":[0,200,0],"size":[235.247,235.247,147.751]},"pointables":[{"bases":[[[0.540233,0.680946,0.494429],[-0.715513,0.06244,0.695804],[0.442933,-0.729667,0.520958]],[[0.325759,0.910906,0.253243],[-0.759139,0.0923482,0.644344],[0.56355,-0.402148,0.721587]],[[0.325759,0.910906,0.253243],[-0.943249,0.294847,0.152794],[0.064513,-0.288646,0.95526]],[[0.325759,0.910906,0.253243],[-0.706231,0.412526,-0.575379],[-0.628585,0.00858645,0.777694]]],"btipPosition":[28.0413,265.408,-41.6984],"carpPosition":[43.6176,235.775,44.8523],"dipPosition":[13.3708,265.608,-23.5479],"direction":[-0.064513,0.288646,-0.95526],"extended":false,"handId":703,"id":7030,"length":51.9721,"mcpPosition":[43.6176,235.775,44.8523],"pipPosition":[15.5644,255.794,8.93211],"stabilizedTipPosition":[-39.0238,257.469,121.853],"timeVisible":6.31772,"tipPosition":[24.5699,266.209,-35.9962],"tipVelocity":[39.6591,109.105,-170.735],"tool":false,"touchDistance":-0.639249,"touchZone":"hovering","type":0,"width":20.194},{"bases":[[[0.970157,0.0351816,-0.239913],[0.134805,0.744167,0.65425],[0.201553,-0.667066,0.717216]],[[0.945748,0.100356,-0.309015],[0.154422,0.697967,0.699283],[0.285859,-0.709064,0.644603]],[[0.945748,0.100356,-0.309015],[-0.117796,0.992301,-0.0382585],[0.302796,0.0725836,0.950287]],[[0.945748,0.100356,-0.309015],[-0.286492,0.706183,-0.647477],[0.153243,0.700881,0.696622]]],"btipPosition":[17.6425,321.226,-63.4133],"carpPosition":[54.5863,255.599,51.5976],"dipPosition":[20.2535,333.168,-51.544],"direction":[-0.302796,-0.0725836,-0.950287],"extended":false,"handId":703,"id":7031,"length":58.6448,"mcpPosition":[39.7991,304.539,-1.0217],"pipPosition":[27.5519,334.918,-28.6388],"stabilizedTipPosition":[-16.1895,281.886,37.7629],"timeVisible":6.31772,"tipPosition":[18.5325,322.757,-59.8017],"tipVelocity":[19.6191,143.34,-148.778],"tool":false,"touchDistance":-0.629064,"touchZone":"hovering","type":1,"width":19.2893},{"bases":[[[0.951177,-0.182646,-0.248804],[0.301273,0.724576,0.619858],[0.0670623,-0.664553,0.744226]],[[0.952339,-0.196054,-0.233695],[-0.00186034,0.762361,-0.647149],[0.305037,0.61674,0.725661]],[[0.952339,-0.196054,-0.233695],[-0.275007,-0.22032,-0.935858],[0.131991,0.955522,-0.263735]],[[0.952339,-0.196054,-0.233695],[-0.304866,-0.637779,-0.707315],[-0.0103739,0.744849,-0.667152]]],"btipPosition":[43.6047,233.218,-17.3058],"carpPosition":[66.4813,257.681,49.3726],"dipPosition":[43.4103,247.176,-29.8083],"direction":[-0.131991,-0.955522,0.263735],"extended":false,"handId":703,"id":7032,"length":66.821,"mcpPosition":[61.8155,303.918,-2.40683],"pipPosition":[47.1533,274.273,-37.2872],"stabilizedTipPosition":[-8.16561,221.305,106.307],"timeVisible":6.31772,"tipPosition":[43.6846,236.645,-19.9345],"tipVelocity":[45.7825,126.86,-121.587],"tool":false,"touchDistance":0.333333,"touchZone":"none","type":2,"width":18.9446},{"bases":[[[0.925242,-0.332548,-0.182588],[0.370445,0.688121,0.623907],[-0.0818367,-0.644904,0.75987]],[[0.925806,-0.327907,-0.188042],[0.124154,0.733654,-0.668084],[0.357027,0.595171,0.719933]],[[0.925806,-0.327907,-0.188042],[-0.267404,-0.216539,-0.938939],[0.267166,0.919559,-0.288157]],[[0.925806,-0.327907,-0.188042],[-0.360326,-0.615242,-0.701172],[0.114228,0.716906,-0.687748]]],"btipPosition":[57.9882,231.655,-12.4819],"carpPosition":[78.2927,256.649,46.2871],"dipPosition":[60.1165,245.012,-25.2962],"direction":[-0.267166,-0.919559,0.288157],"extended":false,"handId":703,"id":7033,"length":64.2502,"mcpPosition":[83.4048,296.934,-1.17936],"pipPosition":[67.4971,270.415,-33.2566],"stabilizedTipPosition":[6.47605,214.616,98.1124],"timeVisible":6.31772,"tipPosition":[58.468,234.759,-15.0991],"tipVelocity":[45.1425,138.968,-143.335],"tool":false,"touchDistance":0.333333,"touchZone":"none","type":3,"width":18.027},{"bases":[[[0.83554,-0.514049,-0.193975],[0.501149,0.568324,0.652578],[-0.225217,-0.642465,0.732472]],[[0.80158,-0.589017,-0.102607],[0.397345,0.653047,-0.644707],[0.446751,0.476014,0.757512]],[[0.80158,-0.589017,-0.102607],[-0.228641,-0.143417,-0.962889],[0.552442,0.795293,-0.249633]],[[0.80158,-0.589017,-0.102607],[-0.458695,-0.495766,-0.737438],[0.383494,0.638181,-0.667576]]],"btipPosition":[68.7022,242.879,-12.1328],"carpPosition":[88.7993,248.995,40.5891],"dipPosition":[75.2942,253.849,-23.6078],"direction":[-0.552442,-0.795293,0.249633],"extended":false,"handId":703,"id":7034,"length":50.3709,"mcpPosition":[101.822,286.145,-1.76596],"pipPosition":[86.0694,269.361,-28.4769],"stabilizedTipPosition":[20.4405,225.67,95.3402],"timeVisible":6.31772,"tipPosition":[70.2181,245.408,-14.4172],"tipVelocity":[44.2765,143.485,-142.216],"tool":false,"touchDistance":0.333333,"touchZone":"none","type":4,"width":16.013}],"r":[[0.940038,0.130113,0.315275],[-0.209195,0.950035,0.23167],[-0.269379,-0.283732,0.920288]],"s":0.852375,"t":[7.60437,38.4476,-79.8432],"timestamp":523967749361},false],[5,{"currentFrameRate":105.195,"devices":[],"gestures":[],"hands":[{"armBasis":[[0.933874,0.0431085,-0.354994],[0.151394,0.851694,0.501694],[0.323974,-0.522264,0.788848]],"armWidth":63.5437,"confidence":0.61572,"direction":[-0.0127757,0.764503,-0.644494],"elbow":[160.635,102.661,258.79],"grabStrength":0.759568,"id":703,"palmNormal":[-0.164537,-0.637367,-0.752788],"palmPosition":[64.5102,282.438,9.45904],"palmVelocity":[21.3502,116.554,-102.568],"palmWidth":90.7382,"pinchStrength":0.634641,"r":[[0.939373,0.13142,0.316713],[-0.210927,0.949684,0.231537],[-0.270349,-0.284303,0.919828]],"s":0.853922,"sphereCenter":[38.3952,276.167,-27.0632],"sphereRadius":45.8203,"stabilizedPalmPosition":[18.898,260.21,134.344],"t":[7.68873,39.3965,-80.5687],"timeVisible":6.32678,"type":"right","wrist":[73.4045,243.282,46.3903]}],"id":4302965,"interactionBox":{"center":[0,200,0],"size":[235.247,235.247,147.751]},"pointables":[{"bases":[[[0.541554,0.680456,0.493659],[-0.715189,0.0642843,0.695968],[0.441842,-0.729963,0.521469]],[[0.325546,0.91179,0.250318],[-0.762314,0.0964814,0.639976],[0.559372,-0.399162,0.726479]],[[0.325546,0.91179,0.250318],[-0.943275,0.294927,0.152479],[0.0652031,-0.285757,0.956081]],[[0.325546,0.91179,0.250318],[-0.708844,0.410552,-0.573575],[-0.625748,0.00928875,0.77997]]],"btipPosition":[28.1786,265.919,-42.5857],"carpPosition":[43.6366,236.55,44.2896],"dipPosition":[13.5744,266.136,-24.3821],"direction":[-0.065203,0.285757,-0.956081],"extended":false,"handId":703,"id":7030,"length":51.9721,"mcpPosition":[43.6366,236.55,44.2896],"pipPosition":[15.7914,256.42,8.12588],"stabilizedTipPosition":[-38.5304,257.535,120.614],"timeVisible":6.32678,"tipPosition":[24.6992,266.743,-36.8972],"tipVelocity":[33.3514,94.6519,-150.23],"tool":false,"touchDistance":-0.616783,"touchZone":"hovering","type":0,"width":20.194},{"bases":[[[0.970141,0.0333044,-0.240243],[0.136284,0.744514,0.653548],[0.20063,-0.666775,0.717745]],[[0.94599,0.0980832,-0.309002],[0.154961,0.700402,0.696724],[0.284762,-0.706977,0.647374]],[[0.94599,0.0980832,-0.309002],[-0.11341,0.993033,-0.0319905],[0.303711,0.0653066,0.950523]],[[0.94599,0.0980832,-0.309002],[-0.282293,0.717891,-0.636352],[0.159414,0.689212,0.706806]]],"btipPosition":[17.6851,322.251,-64.3337],"carpPosition":[54.6414,256.36,51.0139],"dipPosition":[20.4013,333.994,-52.2909],"direction":[-0.303711,-0.0653066,-0.950523],"extended":false,"handId":703,"id":7031,"length":58.6448,"mcpPosition":[39.922,305.279,-1.64421],"pipPosition":[27.7218,335.568,-29.38],"stabilizedTipPosition":[-14.7155,283.726,33.519],"timeVisible":6.32678,"tipPosition":[18.6012,323.755,-60.6603],"tipVelocity":[16.2345,133.578,-134.506],"tool":false,"touchDistance":-0.607698,"touchZone":"hovering","type":1,"width":19.2893},{"bases":[[[0.950785,-0.184498,-0.248934],[0.302707,0.724607,0.619123],[0.0661523,-0.664007,0.744794]],[[0.951929,-0.197903,-0.233805],[-0.000733031,0.761803,-0.647808],[0.306317,0.616839,0.725038]],[[0.951929,-0.197903,-0.233805],[-0.275668,-0.220679,-0.935579],[0.133558,0.955058,-0.264627]],[[0.951929,-0.197903,-0.233805],[-0.306177,-0.637898,-0.706642],[-0.00929723,0.744259,-0.667827]]],"btipPosition":[43.5999,233.938,-17.8667],"carpPosition":[66.5393,258.42,48.7834],"dipPosition":[43.4257,247.886,-30.3817],"direction":[-0.133558,-0.955058,0.264627],"extended":false,"handId":703,"id":7032,"length":66.821,"mcpPosition":[61.9368,304.619,-3.03556],"pipPosition":[47.213,274.969,-37.8859],"stabilizedTipPosition":[-6.35131,221.86,101.851],"timeVisible":6.32678,"tipPosition":[43.6843,237.361,-20.4995],"tipVelocity":[33.1276,113.692,-105.175],"tool":false,"touchDistance":0.333333,"touchZone":"none","type":2,"width":18.9446},{"bases":[[[0.924614,-0.334297,-0.182577],[0.371818,0.688037,0.623182],[-0.082708,-0.644089,0.760466]],[[0.925205,-0.329488,-0.18824],[0.123598,0.730671,-0.671448],[0.358775,0.597961,0.716745]],[[0.925205,-0.329488,-0.18824],[-0.269131,-0.220046,-0.937629],[0.267516,0.91816,-0.292263]],[[0.925205,-0.329488,-0.18824],[-0.361878,-0.616824,-0.69898],[0.114194,0.714819,-0.689923]]],"btipPosition":[58.011,232.273,-12.8151],"carpPosition":[78.348,257.365,45.6953],"dipPosition":[60.1387,245.592,-25.6699],"direction":[-0.267516,-0.91816,0.292263],"extended":false,"handId":703,"id":7033,"length":64.2502,"mcpPosition":[83.5145,297.599,-1.80853],"pipPosition":[67.5289,270.956,-33.7438],"stabilizedTipPosition":[8.2448,215.32,94.2405],"timeVisible":6.32678,"tipPosition":[58.4837,235.4,-15.5454],"tipVelocity":[33.3596,119.145,-114.171],"tool":false,"touchDistance":0.333333,"touchZone":"none","type":3,"width":18.027},{"bases":[[[0.834597,-0.515654,-0.193776],[0.502325,0.568041,0.651919],[-0.226092,-0.641428,0.733111]],[[0.800361,-0.59079,-0.101928],[0.402634,0.655662,-0.638743],[0.444193,0.470186,0.762639]],[[0.800361,-0.59079,-0.101928],[-0.224377,-0.137525,-0.96475],[0.555947,0.795018,-0.242629]],[[0.800361,-0.59079,-0.101928],[-0.457646,-0.492239,-0.740447],[0.387276,0.639271,-0.664342]]],"btipPosition":[68.75,243.704,-13.1311],"carpPosition":[88.8396,249.688,40.0007],"dipPosition":[75.4069,254.692,-24.5505],"direction":[-0.555947,-0.795018,0.242629],"extended":false,"handId":703,"id":7034,"length":50.3709,"mcpPosition":[101.913,286.778,-2.39123],"pipPosition":[86.2505,270.199,-29.2829],"stabilizedTipPosition":[22.0945,226.352,91.6531],"timeVisible":6.32678,"tipPosition":[70.2691,246.186,-15.2895],"tipVelocity":[33.955,129.121,-132.956],"tool":false,"touchDistance":0.333333,"touchZone":"none","type":4,"width":16.013}],"r":[[0.939373,0.13142,0.316713],[-0.210927,0.949684,0.231537],[-0.270349,-0.284303,0.919828]],"s":0.853922,"t":[7.68873,39.3965,-80.5687],"timestamp":523967758427},false],[6,{"currentFrameRate":105.455,"devices":[],"gestures":[],"hands":[{"armBasis":[[0.931627,0.0336582,-0.361854],[0.162276,0.852395,0.497081],[0.325173,-0.521814,0.788652]],"armWidth":63.5437,"confidence":0.59016,"direction":[-0.00673214,0.761479,-0.648155],"elbow":[160.466,104.581,256.726],"grabStrength":0.741604,"id":703,"palmNormal":[-0.173961,-0.639178,-0.749125],"palmPosition":[64.3147,284.152,7.28825],"palmVelocity":[9.52265,136.85,-140.629],"palmWidth":90.7382,"pinchStrength":0.63655,"r":[[0.939335,0.130746,0.317105],[-0.210105,0.950083,0.230647],[-0.271119,-0.28328,0.919917]],"s":0.855906,"sphereCenter":[38.0827,277.926,-29.1656],"sphereRadius":45.8477,"stabilizedPalmPosition":[20.3129,260.956,130.385],"t":[7.63316,40.7281,-82.0169],"timeVisible":6.33578,"type":"right","wrist":[72.9123,245.081,44.3793]}],"id":4302966,"interactionBox":{"center":[0,200,0],"size":[235.247,235.247,147.751]},"pointables":[{"bases":[[[0.550534,0.676945,0.488526],[-0.712079,0.0753559,0.698043],[0.435724,-0.732166,0.523525]],[[0.33466,0.910441,0.243104],[-0.761831,0.109558,0.638444],[0.554631,-0.398866,0.730267]],[[0.33466,0.910441,0.243104],[-0.940069,0.304658,0.153146],[0.0653667,-0.279787,0.957834]],[[0.33466,0.910441,0.243104],[-0.709241,0.413215,-0.571166],[-0.620467,0.0187267,0.784009]]],"btipPosition":[27.7158,267.592,-44.8064],"carpPosition":[43.0666,238.661,42.4113],"dipPosition":[13.2348,268.029,-26.5086],"direction":[-0.0653667,0.279787,-0.957834],"extended":false,"handId":703,"id":7030,"length":51.9721,"mcpPosition":[43.0666,238.661,42.4113],"pipPosition":[15.4574,258.516,6.05897],"stabilizedTipPosition":[-37.9997,257.621,119.255],"timeVisible":6.33578,"tipPosition":[24.255,268.484,-39.1325],"tipVelocity":[10.9379,121.241,-176.067],"tool":false,"touchDistance":-0.616425,"touchZone":"hovering","type":0,"width":20.194},{"bases":[[[0.96962,0.0216725,-0.243655],[0.146525,0.746144,0.649461],[0.195877,-0.665432,0.7203]],[[0.946037,0.0861408,-0.3124],[0.164243,0.703577,0.691378],[0.279353,-0.705379,0.651462]],[[0.946037,0.0861408,-0.3124],[-0.0999236,0.994591,-0.0283499],[0.308268,0.0580362,0.949527]],[[0.946037,0.0861408,-0.3124],[-0.273301,0.730089,-0.626319],[0.174128,0.677901,0.714234]]],"btipPosition":[17.5707,324.475,-66.8105],"carpPosition":[54.3071,258.383,49.0022],"dipPosition":[20.5375,336.025,-54.6412],"direction":[-0.308268,-0.0580362,-0.949527],"extended":false,"handId":703,"id":7031,"length":58.6448,"mcpPosition":[39.9363,307.203,-3.84331],"pipPosition":[27.9679,337.424,-31.7542],"stabilizedTipPosition":[-13.2127,285.705,29.0734],"timeVisible":6.33578,"tipPosition":[18.5408,325.939,-63.0959],"tipVelocity":[10.0441,163.397,-172.245],"tool":false,"touchDistance":-0.611977,"touchZone":"hovering","type":1,"width":19.2893},{"bases":[[[0.947888,-0.195948,-0.251223],[0.312607,0.724275,0.614575],[0.0615301,-0.661082,0.747786]],[[0.94894,-0.209299,-0.236024],[0.00528848,0.758647,-0.651481],[0.315413,0.616968,0.721017]],[[0.94894,-0.209299,-0.236024],[-0.28121,-0.222204,-0.933566],[0.142949,0.952271,-0.269715]],[[0.94894,-0.209299,-0.236024],[-0.315438,-0.637972,-0.702489],[-0.00354683,0.741071,-0.671418]]],"btipPosition":[42.7897,235.751,-19.7315],"carpPosition":[66.2188,260.304,46.7219],"dipPosition":[42.7232,249.639,-32.3139],"direction":[-0.142949,-0.952271,0.269715],"extended":false,"handId":703,"id":7032,"length":66.821,"mcpPosition":[61.9379,306.299,-5.30529],"pipPosition":[46.7769,276.643,-39.9624],"stabilizedTipPosition":[-4.49719,222.505,97.1525],"timeVisible":6.33578,"tipPosition":[42.9015,239.158,-22.3824],"tipVelocity":[0.0686643,137.361,-133.66],"tool":false,"touchDistance":0.333333,"touchZone":"none","type":2,"width":18.9446},{"bases":[[[0.92033,-0.345134,-0.184052],[0.381332,0.686982,0.61858],[-0.0870526,-0.639483,0.763861]],[[0.920979,-0.340155,-0.189981],[0.127352,0.723655,-0.678311],[0.368211,0.600515,0.70979]],[[0.920979,-0.340155,-0.189981],[-0.275967,-0.225324,-0.934383],[0.275028,0.912975,-0.30139]],[[0.920979,-0.340155,-0.189981],[-0.371251,-0.618247,-0.69278],[0.118197,0.708566,-0.695675]]],"btipPosition":[57.2367,233.873,-14.4539],"carpPosition":[78.0048,259.107,43.5993],"dipPosition":[59.439,247.075,-27.4159],"direction":[-0.275028,-0.912975,0.30139],"extended":false,"handId":703,"id":7033,"length":64.2502,"mcpPosition":[83.4427,299.053,-4.11657],"pipPosition":[67.0367,272.296,-35.7419],"stabilizedTipPosition":[10.0443,216.105,90.1805],"timeVisible":6.33578,"tipPosition":[57.7189,237.004,-17.3206],"tipVelocity":[1.10013,134.416,-133.57],"tool":false,"touchDistance":0.333333,"touchZone":"none","type":3,"width":18.027},{"bases":[[[0.828326,-0.52556,-0.194067],[0.510636,0.565724,0.647462],[-0.230492,-0.635407,0.736974]],[[0.793622,-0.599834,-0.101799],[0.407353,0.648149,-0.643403],[0.451916,0.469151,0.758729]],[[0.793622,-0.599834,-0.101799],[-0.229343,-0.139965,-0.96323],[0.56353,0.787787,-0.248647]],[[0.793622,-0.599834,-0.101799],[-0.465573,-0.491027,-0.736297],[0.39167,0.631737,-0.668957]]],"btipPosition":[68.0627,245.264,-15.1137],"carpPosition":[88.3937,251.289,37.9069],"dipPosition":[74.7952,256.123,-26.6124],"direction":[-0.56353,-0.787787,0.248647],"extended":false,"handId":703,"id":7034,"length":50.3709,"mcpPosition":[101.722,288.032,-4.7084],"pipPosition":[85.7867,271.489,-31.4622],"stabilizedTipPosition":[23.71,227.08,87.9334],"timeVisible":6.33578,"tipPosition":[69.5997,247.72,-17.3004],"tipVelocity":[4.19312,140.356,-157.488],"tool":false,"touchDistance":0.333333,"touchZone":"none","type":4,"width":16.013}],"r":[[0.939335,0.130746,0.317105],[-0.210105,0.950083,0.230647],[-0.271119,-0.28328,0.919917]],"s":0.855906,"t":[7.63316,40.7281,-82.0169],"timestamp":523967767428},fals