{"sensorType":"Leap","data":[[0,{"currentFrameRate":109.53,"devices":[],"gestures":[],"hands":[{"armBasis":[[0.935538,0.15248,-0.318619],[0.053115,0.831043,0.553667],[0.349209,-0.5349,0.769373]],"armWidth":63.5437,"confidence":0.645279,"direction":[-0.0265356,0.68546,-0.727626],"elbow":[156.941,104.168,278.144],"grabStrength":0,"id":703,"palmNormal":[-0.0583061,-0.727705,-0.683408],"palmPosition":[53.6491,282.153,29.3114],"palmVelocity":[-26.8187,30.0927,-77.9941],"palmWidth":90.7382,"pinchStrength":0.805963,"r":[[0.895074,0.2527,0.367403],[-0.310561,0.944517,0.106955],[-0.319991,-0.209834,0.923891]],"s":0.889748,"sphereCenter":[43.7587,263.833,-13.7937],"sphereRadius":45.3757,"stabilizedPalmPosition":[54.5314,260.419,64.8117],"t":[-2.84081,39.8367,-60.8987],"timeVisible":2.06069,"type":"right","wrist":[62.9153,248.191,70.988]}],"id":4302502,"interactionBox":{"center":[0,200,0],"size":[235.247,235.247,147.751]},"pointables":[{"bases":[[[0.448543,0.77486,0.445422],[-0.76671,0.0774775,0.637302],[0.459309,-0.627367,0.628845]],[[0.226838,0.961354,0.156026],[-0.859957,0.122503,0.495446],[0.457185,-0.246561,0.854511]],[[0.226838,0.961354,0.156026],[-0.970211,0.20906,0.122412],[0.0850625,-0.179145,0.980138]],[[0.226838,0.961354,0.156026],[-0.799573,0.275292,-0.533758],[-0.556083,-0.00367736,0.831119]]],"btipPosition":[21.3348,257.156,-27.4645],"carpPosition":[34.0071,238.705,67.7958],"dipPosition":[8.35648,257.07,-8.06721],"direction":[-0.0850625,0.179145,-0.980138],"extended":false,"handId":703,"id":7030,"length":51.9721,"mcpPosition":[34.0071,238.705,67.7958],"pipPosition":[11.2487,250.979,25.2587],"stabilizedTipPosition":[19.2881,244.054,16.5627],"timeVisible":2.06069,"tipPosition":[18.7274,257.453,-22.5244],"tipVelocity":[-30.5616,26.8156,-83.454],"tool":false,"touchDistance":-0.409656,"touchZone":"touching","type":0,"width":20.194},{"bases":[[[0.979324,0.0911445,-0.180605],[0.0289251,0.820497,0.570919],[0.200222,-0.564339,0.800895]],[[0.975283,0.102002,-0.196005],[-0.0142061,0.91418,0.405059],[0.220501,-0.392263,0.893034]],[[0.975283,0.102002,-0.196005],[-0.0560966,0.972308,0.22687],[0.213718,-0.210268,0.953998]],[[0.975283,0.102002,-0.196005],[-0.0862486,0.99244,0.0873162],[0.203429,-0.0682529,0.976708]]],"btipPosition":[10.1335,324.454,-63.7747],"carpPosition":[42.8874,260.014,72.8806],"dipPosition":[13.5995,323.291,-47.1333],"direction":[-0.213718,0.210268,-0.953998],"extended":true,"handId":703,"id":7031,"length":58.6448,"mcpPosition":[28.1979,301.417,14.1221],"pipPosition":[18.7509,318.223,-24.1386],"stabilizedTipPosition":[14.5472,306.285,-25.7078],"timeVisible":2.06069,"tipPosition":[11.2804,323.82,-60.0909],"tipVelocity":[-32.4269,29.3942,-77.4657],"tool":false,"touchDistance":-0.396736,"touchZone":"touching","type":1,"width":19.2893},{"bases":[[[0.977994,-0.127157,-0.165404],[0.198464,0.811504,0.549612],[0.0643396,-0.570344,0.818882]],[[0.979575,-0.145731,-0.13855],[0.0518501,0.848785,-0.52619],[0.194281,0.508259,0.839004]],[[0.979575,-0.145731,-0.13855],[-0.183216,-0.36294,-0.913623],[0.0828583,0.920346,-0.382227]],[[0.979575,-0.145731,-0.13855],[-0.193212,-0.873025,-0.447768],[-0.0557035,0.465392,-0.88335]]],"btipPosition":[39.5941,243.276,1.27642],"carpPosition":[54.7148,262.845,71.1855],"dipPosition":[38.5502,251.998,-15.2776],"direction":[-0.0828583,-0.920346,0.382227],"extended":false,"handId":703,"id":7032,"length":66.821,"mcpPosition":[50.2384,302.527,14.2118],"pipPosition":[40.8999,278.096,-26.1166],"stabilizedTipPosition":[42.0763,219.259,42.3529],"timeVisible":2.06069,"tipPosition":[39.4635,245.007,-2.11387],"tipVelocity":[-28.0696,34.594,-86.6496],"tool":false,"touchDistance":0.333333,"touchZone":"none","type":2,"width":18.9446},{"bases":[[[0.95904,-0.270512,-0.0840546],[0.26978,0.781751,0.562214],[-0.0863758,-0.561862,0.822709]],[[0.961092,-0.254582,-0.10719],[0.162948,0.835866,-0.524191],[0.223046,0.486329,0.844828]],[[0.961092,-0.254582,-0.10719],[-0.192957,-0.341078,-0.920018],[0.19766,0.904906,-0.37693]],[[0.961092,-0.254582,-0.10719],[-0.274949,-0.844396,-0.45978],[0.0265406,0.471363,-0.88154]]],"btipPosition":[56.2657,242.138,6.79648],"carpPosition":[66.7631,262.49,68.9926],"dipPosition":[56.7603,250.921,-9.62862],"direction":[-0.19766,-0.904906,0.37693],"extended":false,"handId":703,"id":7033,"length":64.2502,"mcpPosition":[72.1587,297.588,17.6007],"pipPosition":[62.2207,275.919,-20.0415],"stabilizedTipPosition":[56.8643,214.697,55.3963],"timeVisible":2.06069,"tipPosition":[56.3328,243.944,3.72342],"tipVelocity":[-24.2772,32.8149,-90.6335],"tool":false,"touchDistance":0.333333,"touchZone":"none","type":3,"width":18.027},{"bases":[[[0.88475,-0.459148,-0.0800008],[0.406963,0.677429,0.612757],[-0.227151,-0.574694,0.786212]],[[0.807126,-0.580781,0.106024],[0.555306,0.685859,-0.470354],[0.200455,0.43851,0.876086]],[[0.807126,-0.580781,0.106024],[-0.106417,-0.319765,-0.941502],[0.580709,0.748628,-0.319895]],[[0.807126,-0.580781,0.106024],[-0.45616,-0.727498,-0.512507],[0.374786,0.365294,-0.852112]]],"btipPosition":[66.5147,252.068,9.42588],"carpPosition":[78.2168,255.179,64.8938],"dipPosition":[72.9569,258.347,-5.22116],"direction":[-0.580709,-0.748628,0.319895],"extended":false,"handId":703,"id":7034,"length":50.3709,"mcpPosition":[91.3517,288.411,19.4314],"pipPosition":[84.2834,272.948,-11.4606],"stabilizedTipPosition":[67.7814,228.775,51.072],"timeVisible":2.06069,"tipPosition":[67.8675,253.295,6.5333],"tipVelocity":[-23.7457,32.7436,-86.0103],"tool":false,"touchDistance":0.333333,"touchZone":"none","type":4,"width":16.013}],"r":[[0.895074,0.2527,0.367403],[-0.310561,0.944517,0.106955],[-0.319991,-0.209834,0.923891]],"s":0.889748,"t":[-2.84081,39.8367,-60.8987],"timestamp":523963492335},false],[1,{"currentFrameRate":109.593,"devices":[],"gestures":[],"hands":[{"armBasis":[[0.935646,0.153489,-0.317816],[0.052313,0.830227,0.554966],[0.34904,-0.535878,0.768769]],"armWidth":63.5437,"confidence":0.584226,"direction":[-0.0271941,0.687139,-0.726017],"elbow":[156.733,104.031,277.605],"grabStrength":0,"id":703,"palmNormal":[-0.0576321,-0.726155,-0.685112],"palmPosition":[53.4542,282.369,29.0147],"palmVelocity":[-25.3908,28.3976,-65.6025],"palmWidth":90.7382,"pinchStrength":0.810884,"r":[[0.894999,0.252732,0.367563],[-0.310716,0.944439,0.107194],[-0.320049,-0.210146,0.9238]],"s":0.88949,"sphereCenter":[43.5942,264.109,-14.1855],"sphereRadius":45.4041,"stabilizedPalmPosition":[54.531,260.428,64.7965],"t":[-3.06186,40.0565,-61.3187],"timeVisible":2.0697,"type":"right","wrist":[62.7531,248.318,70.6114]}],"id":4302503,"interactionBox":{"center":[0,200,0],"size":[235.247,235.247,147.751]},"pointables":[{"bases":[[[0.447821,0.774236,0.447231],[-0.766771,0.0752603,0.637493],[0.459911,-0.628407,0.627365]],[[0.226147,0.961104,0.158543],[-0.860192,0.120667,0.495489],[0.457086,-0.248431,0.854023]],[[0.226147,0.961104,0.158543],[-0.970139,0.207574,0.125475],[0.0876854,-0.182184,0.979347]],[[0.226147,0.961104,0.158543],[-0.804201,0.276055,-0.52636],[-0.549653,-0.00846568,0.83535]]],"btipPosition":[20.9472,257.571,-27.9105],"carpPosition":[33.8538,238.812,67.3974],"dipPosition":[8.11895,257.373,-8.41437],"direction":[-0.0876854,0.182184,-0.979347],"extended":false,"handId":703,"id":7030,"length":51.9721,"mcpPosition":[33.8538,238.812,67.3974],"pipPosition":[11.1004,251.179,24.8846],"stabilizedTipPosition":[19.2875,244.06,16.5447],"timeVisible":2.0697,"tipPosition":[18.4152,257.789,-22.9495],"tipVelocity":[-32.9294,31.3235,-73.4197],"tool":false,"touchDistance":-0.403372,"touchZone":"touching","type":0,"width":20.194},{"bases":[[[0.979234,0.0924907,-0.180405],[0.0281618,0.819182,0.572841],[0.200767,-0.566026,0.799567]],[[0.975049,0.103725,-0.196266],[-0.0150311,0.912943,0.407811],[0.22148,-0.394685,0.891723]],[[0.975049,0.103725,-0.196266],[-0.0571351,0.971598,0.229636],[0.21451,-0.212693,0.953282]],[[0.975049,0.103725,-0.196266],[-0.0874271,0.992099,0.0899802],[0.204048,-0.0705762,0.976414]]],"btipPosition":[9.84855,324.883,-63.9474],"carpPosition":[42.7141,260.117,72.532],"dipPosition":[13.3252,323.681,-47.311],"direction":[-0.21451,0.212693,-0.953282],"extended":true,"handId":703,"id":7031,"length":58.6448,"mcpPosition":[27.9846,301.644,13.871],"pipPosition":[18.4956,318.554,-24.3335],"stabilizedTipPosition":[14.5387,306.325,-25.7822],"timeVisible":2.0697,"tipPosition":[11.0031,324.24,-60.2691],"tipVelocity":[-32.1282,34.1223,-61.472],"tool":false,"touchDistance":-0.388003,"touchZone":"touching","type":1,"width":19.2893},{"bases":[[[0.978111,-0.125847,-0.165717],[0.197708,0.8104,0.55151],[0.0648912,-0.572201,0.817542]],[[0.979759,-0.145363,-0.13763],[0.0538997,0.853701,-0.517967],[0.192788,0.500064,0.844256]],[[0.979759,-0.145363,-0.13763],[-0.181306,-0.352935,-0.917913],[0.0848561,0.924287,-0.372147]],[[0.979759,-0.145363,-0.13763],[-0.192938,-0.868992,-0.455663],[-0.0533629,0.472994,-0.879448]]],"btipPosition":[39.351,243.664,0.416158],"carpPosition":[54.5389,262.964,70.8433],"dipPosition":[38.351,252.527,-16.0647],"direction":[-0.0848561,-0.924287,0.372147],"extended":false,"handId":703,"id":7032,"length":66.821,"mcpPosition":[50.0241,302.775,13.9629],"pipPosition":[40.7573,278.738,-26.6179],"stabilizedTipPosition":[42.0757,219.265,42.3428],"timeVisible":2.0697,"tipPosition":[39.2494,245.409,-2.83294],"tipVelocity":[-27.4606,37.9017,-88.5552],"tool":false,"touchDistance":0.333333,"touchZone":"none","type":2,"width":18.9446},{"bases":[[[0.959293,-0.26941,-0.0847031],[0.269053,0.780684,0.564041],[-0.085832,-0.563871,0.821391]],[[0.96137,-0.253027,-0.108369],[0.1617,0.837752,-0.52156],[0.222755,0.483889,0.846305]],[[0.96137,-0.253027,-0.108369],[-0.192954,-0.338715,-0.920891],[0.196304,0.906228,-0.374454]],[[0.96137,-0.253027,-0.108369],[-0.274085,-0.843663,-0.461639],[0.0253802,0.473508,-0.880424]]],"btipPosition":[56.1281,242.431,6.38071],"carpPosition":[66.5874,262.625,68.6494],"dipPosition":[56.601,251.254,-10.0236],"direction":[-0.196304,-0.906228,0.374454],"extended":false,"handId":703,"id":7033,"length":64.2502,"mcpPosition":[71.949,297.849,17.3399],"pipPosition":[62.024,276.288,-20.368],"stabilizedTipPosition":[56.8643,214.7,55.3906],"timeVisible":2.0697,"tipPosition":[56.1849,244.242,3.3016],"tipVelocity":[-21.9535,33.0032,-78.2529],"tool":false,"touchDistance":0.333333,"touchZone":"none","type":3,"width":18.027},{"bases":[[[0.885181,-0.458125,-0.0810906],[0.406335,0.676373,0.614338],[-0.226596,-0.57675,0.784865]],[[0.807397,-0.580562,0.105158],[0.555804,0.688608,-0.465727],[0.19797,0.434474,0.878658]],[[0.807397,-0.580562,0.105158],[-0.103921,-0.315378,-0.943259],[0.580785,0.750656,-0.314968]],[[0.807397,-0.580562,0.105158],[-0.45478,-0.725926,-0.515953],[0.375879,0.368755,-0.850138]]],"btipPosition":[66.381,252.385,8.92255],"carpPosition":[78.0479,255.335,64.5334],"dipPosition":[72.842,258.724,-5.69055],"direction":[-0.580784,-0.750656,0.314968],"extended":false,"handId":703,"id":7034,"length":50.3709,"mcpPosition":[91.1507,288.685,19.1488],"pipPosition":[84.17,273.365,-11.8339],"stabilizedTipPosition":[67.7814,228.778,51.0664],"timeVisible":2.0697,"tipPosition":[67.7321,253.62,6.06108],"tipVelocity":[-21.1623,33.848,-77.479],"tool":false,"touchDistance":0.333333,"touchZone":"none","type":4,"width":16.013}],"r":[[0.894999,0.252732,0.367563],[-0.310716,0.944439,0.107194],[-0.320049,-0.210146,0.9238]],"s":0.88949,"t":[-3.06186,40.0565,-61.3187],"timestamp":523963501348},false],[2,{"currentFrameRate":109.679,"devices":[],"gestures":[],"hands":[{"armBasis":[[0.93572,0.155343,-0.316695],[0.0479141,0.833513,0.550418],[0.349474,-0.530212,0.772492]],"armWidth":63.5437,"confidence":0.621696,"direction":[-0.0302533,0.684053,-0.728804],"elbow":[156.522,106.275,277.713],"grabStrength":0,"id":703,"palmNormal":[-0.0537436,-0.729197,-0.682191],"palmPosition":[52.9777,282.872,27.9794],"palmVelocity":[-32.9904,35.9975,-79.2537],"palmWidth":90.7382,"pinchStrength":0.811016,"r":[[0.894658,0.253939,0.367563],[-0.311781,0.944156,0.106593],[-0.319969,-0.209963,0.92387]],"s":0.889362,"sphereCenter":[43.2001,264.389,-15.1571],"sphereRadius":45.4116,"stabilizedPalmPosition":[54.5302,260.44,64.7767],"t":[-3.41066,40.4181,-62.0463],"timeVisible":2.07867,"type":"right","wrist":[62.4256,249.036,69.7177]}],"id":4302504,"interactionBox":{"center":[0,200,0],"size":[235.247,235.247,147.751]},"pointables":[{"bases":[[[0.443798,0.778238,0.444286],[-0.76742,0.074058,0.636853],[0.46272,-0.623588,0.630102]],[[0.221466,0.962785,0.154911],[-0.86127,0.118613,0.49411],[0.457347,-0.242849,0.855487]],[[0.221466,0.962785,0.154911],[-0.971085,0.203217,0.125285],[0.0891425,-0.178178,0.979952]],[[0.221466,0.962785,0.154911],[-0.807169,0.270124,-0.524892],[-0.547203,-0.00879365,0.836954]]],"btipPosition":[20.5485,257.728,-28.909],"carpPosition":[33.5749,239.375,66.5298],"dipPosition":[7.77747,257.522,-9.37548],"direction":[-0.0891425,0.178178,-0.979952],"extended":false,"handId":703,"id":7030,"length":51.9721,"mcpPosition":[33.5749,239.375,66.5298],"pipPosition":[10.8084,251.464,23.9441],"stabilizedTipPosition":[19.2866,244.067,16.5239],"timeVisible":2.07867,"tipPosition":[18.0312,257.922,-23.9441],"tipVelocity":[-35.687,27.48,-83.5486],"tool":false,"touchDistance":-0.406217,"touchZone":"touching","type":0,"width":20.194},{"bases":[[[0.978848,0.0965869,-0.180357],[0.0238657,0.821623,0.569532],[0.203194,-0.561789,0.801938]],[[0.9745,0.108023,-0.196673],[-0.0197198,0.91433,0.404489],[0.223519,-0.390296,0.893145]],[[0.9745,0.108023,-0.196673],[-0.0621267,0.972119,0.226107],[0.215615,-0.208123,0.954042]],[[0.9745,0.108023,-0.196673],[-0.0925292,0.991958,0.0863617],[0.204421,-0.0659615,0.976658]]],"btipPosition":[9.16382,324.823,-65.1549],"carpPosition":[42.3278,260.744,71.5819],"dipPosition":[12.6468,323.699,-48.5143],"direction":[-0.215615,0.208123,-0.954042],"extended":true,"handId":703,"id":7031,"length":58.6448,"mcpPosition":[27.4202,301.961,12.7469],"pipPosition":[17.8439,318.682,-25.5186],"stabilizedTipPosition":[14.5285,306.366,-25.862],"timeVisible":2.07867,"tipPosition":[10.3251,324.2,-61.4757],"tipVelocity":[-44.195,23.4875,-81.4836],"tool":false,"touchDistance":-0.395635,"touchZone":"touching","type":1,"width":19.2893},{"bases":[[[0.978794,-0.121692,-0.164785],[0.193463,0.81359,0.548309],[0.0673422,-0.568561,0.81988]],[[0.98055,-0.141493,-0.136023],[0.0508609,0.852539,-0.520183],[0.189567,0.503147,0.843153]],[[0.98055,-0.141493,-0.136023],[-0.178617,-0.356037,-0.917242],[0.0813542,0.923697,-0.374385]],[[0.98055,-0.141493,-0.136023],[-0.188591,-0.871198,-0.453262],[-0.0543696,0.470099,-0.880938]]],"btipPosition":[39.0537,244.012,-0.558654],"carpPosition":[54.1391,263.642,69.8868],"dipPosition":[38.0348,252.821,-17.0674],"direction":[-0.0813542,-0.923697,0.374385],"extended":false,"handId":703,"id":7032,"length":66.821,"mcpPosition":[49.4538,303.2,12.8437],"pipPosition":[40.3418,279.015,-27.6841],"stabilizedTipPosition":[42.0749,219.271,42.3321],"timeVisible":2.07867,"tipPosition":[38.9506,245.75,-3.80747],"tipVelocity":[-29.1546,37.7746,-94.2768],"tool":false,"touchDistance":0.333333,"touchZone":"none","type":2,"width":18.9446},{"bases":[[[0.960648,-0.265018,-0.0831984],[0.264947,0.784278,0.560992],[-0.083422,-0.560958,0.82363]],[[0.962682,-0.248444,-0.107329],[0.157455,0.836709,-0.524525],[0.220118,0.488051,0.844603]],[[0.962682,-0.248444,-0.107329],[-0.191126,-0.343328,-0.919563],[0.191611,0.90576,-0.377999]],[[0.962682,-0.248444,-0.107329],[-0.269667,-0.847034,-0.458054],[0.0228899,0.469904,-0.882421]]],"btipPosition":[55.8738,242.873,5.50185],"carpPosition":[66.1901,263.354,67.6995],"dipPosition":[56.3003,251.628,-10.9397],"direction":[-0.191611,-0.90576,0.377999],"extended":false,"handId":703,"id":7033,"length":64.2502,"mcpPosition":[71.4012,298.396,16.2501],"pipPosition":[61.5937,276.65,-21.382],"stabilizedTipPosition":[56.8642,214.704,55.3839],"timeVisible":2.07867,"tipPosition":[55.9167,244.67,2.40322],"tipVelocity":[-24.0335,36.9864,-83.9298],"tool":false,"touchDistance":0.333333,"touchZone":"none","type":3,"width":18.027},{"bases":[[[0.887465,-0.454079,-0.0788537],[0.40272,0.680849,0.611769],[-0.224104,-0.57468,0.787096]],[[0.810079,-0.576273,0.10808],[0.553148,0.690025,-0.46679],[0.194421,0.437921,0.877739]],[[0.810079,-0.576273,0.10808],[-0.101021,-0.318761,-0.942436],[0.577552,0.75253,-0.316438]],[[0.810079,-0.576273,0.10808],[-0.45076,-0.729994,-0.513736],[0.37495,0.367449,-0.851113]]],"btipPosition":[66.0815,252.899,7.95592],"carpPosition":[77.6883,256.104,63.6179],"dipPosition":[72.5266,259.215,-6.67395],"direction":[-0.577552,-0.75253,0.316438],"extended":false,"handId":703,"id":7034,"length":50.3709,"mcpPosition":[90.6471,289.335,18.1043],"pipPosition":[83.7915,273.893,-12.846],"stabilizedTipPosition":[67.7814,228.782,51.0598],"timeVisible":2.07867,"tipPosition":[67.4267,254.128,5.09429],"tipVelocity":[-24.6266,40.1084,-85.9037],"tool":false,"touchDistance":0.333333,"touchZone":"none","type":4,"width":16.013}],"r":[[0.894658,0.253939,0.367563],[-0.311781,0.944156,0.106593],[-0.319969,-0.209963,0.92387]],"s":0.889362,"t":[-3.41066,40.4181,-62.0463],"timestamp":523963510312},false],[3,{"currentFrameRate":109.693,"devices":[],"gestures":[],"hands":[{"armBasis":[[0.936983,0.155291,-0.312966],[0.0456183,0.83374,0.550269],[0.346384,-0.52987,0.774116]],"armWidth":63.5437,"confidence":0.65625,"direction":[-0.0327406,0.680328,-0.732176],"elbow":[155.081,107.297,276.674],"grabStrength":0,"id":703,"palmNormal":[-0.0516386,-0.732742,-0.678544],"palmPosition":[52.2429,283.564,26.3389],"palmVelocity":[-46.239,47.104,-107.28],"palmWidth":90.7382,"pinchStrength":0.81215,"r":[[0.894247,0.255846,0.36724],[-0.313235,0.943831,0.1052],[-0.319697,-0.209107,0.924158]],"s":0.889217,"sphereCenter":[42.4417,264.853,-16.697],"sphereRadius":45.4119,"stabilizedPalmPosition":[54.5285,260.457,64.7489],"t":[-3.95248,40.9449,-63.2303],"timeVisible":2.08776,"type":"right","wrist":[61.8158,249.966,68.2408]}],"id":4302505,"interactionBox":{"center":[0,200,0],"size":[235.247,235.247,147.751]},"pointables":[{"bases":[[[0.441443,0.781864,0.440247],[-0.767417,0.0747334,0.636778],[0.464972,-0.618954,0.633006]],[[0.21833,0.964286,0.149951],[-0.861862,0.118457,0.493115],[0.457741,-0.236899,0.856943]],[[0.21833,0.964286,0.149951],[-0.971727,0.200667,0.124416],[0.0898819,-0.172876,0.980834]],[[0.21833,0.964286,0.149951],[-0.808758,0.264782,-0.525167],[-0.546116,-0.00661478,0.837684]]],"btipPosition":[19.899,258.021,-30.4462],"carpPosition":[32.9954,240.196,65.1121],"dipPosition":[7.15325,257.867,-10.8956],"direction":[-0.0898819,0.172876,-0.980834],"extended":false,"handId":703,"id":7030,"length":51.9721,"mcpPosition":[32.9954,240.196,65.1121],"pipPosition":[10.2093,251.989,22.4539],"stabilizedTipPosition":[19.2853,244.075,16.4993],"timeVisible":2.08776,"tipPosition":[17.3633,258.229,-25.4799],"tipVelocity":[-45.4146,29.1756,-107.118],"tool":false,"touchDistance":-0.416928,"touchZone":"touching","type":0,"width":20.194},{"bases":[[[0.978462,0.0988571,-0.181216],[0.0214194,0.824511,0.56544],[0.205312,-0.557143,0.804635]],[[0.973911,0.110593,-0.198156],[-0.0225082,0.91598,0.400591],[0.225809,-0.38568,0.894573]],[[0.973911,0.110593,-0.198156],[-0.0652504,0.972807,0.222235],[0.217345,-0.203507,0.954644]],[[0.973911,0.110593,-0.198156],[-0.0958394,0.991965,0.0825854],[0.205697,-0.0614397,0.976685]]],"btipPosition":[8.20003,324.97,-66.9561],"carpPosition":[41.681,261.618,70.0547],"dipPosition":[11.7048,323.923,-50.315],"direction":[-0.217345,0.203507,-0.954644],"extended":true,"handId":703,"id":7031,"length":58.6448,"mcpPosition":[26.618,302.494,11.0219],"pipPosition":[16.9435,319.018,-27.3048],"stabilizedTipPosition":[14.5152,306.41,-25.9512],"timeVisible":2.08776,"tipPosition":[9.37357,324.359,-63.2795],"tipVelocity":[-61.1631,22.007,-113.783],"tool":false,"touchDistance":-0.411421,"touchZone":"touching","type":1,"width":19.2893},{"bases":[[[0.979121,-0.119341,-0.164562],[0.191034,0.816922,0.544192],[0.0694896,-0.564266,0.822663]],[[0.980965,-0.139216,-0.135374],[0.0484258,0.850506,-0.523731],[0.188048,0.507206,0.841059]],[[0.980965,-0.139216,-0.135374],[-0.177531,-0.360513,-0.915704],[0.078676,0.922307,-0.378366]],[[0.980965,-0.139216,-0.135374],[-0.186002,-0.873879,-0.449153],[-0.0557717,0.465783,-0.88314]]],"btipPosition":[38.4226,244.542,-2.04361],"carpPosition":[53.4822,264.546,68.3407],"dipPosition":[37.3775,253.271,-18.5936],"direction":[-0.078676,-0.922307,0.378366],"extended":false,"handId":703,"id":7032,"length":66.821,"mcpPosition":[48.6475,303.805,11.104],"pipPosition":[39.6086,279.425,-29.3232],"stabilizedTipPosition":[42.0739,219.278,42.3199],"timeVisible":2.08776,"tipPosition":[38.3141,246.265,-5.30228],"tipVelocity":[-40.4878,42.8978,-113.693],"tool":false,"touchDistance":0.333333,"touchZone":"none","type":2,"width":18.9446},{"bases":[[[0.961469,-0.262318,-0.0822584],[0.262617,0.787904,0.556991],[-0.081297,-0.557132,0.826435]],[[0.963491,-0.245321,-0.107255],[0.154069,0.835619,-0.527261],[0.218972,0.491486,0.842907]],[[0.963491,-0.245321,-0.107255],[-0.190623,-0.347227,-0.918203],[0.188013,0.905125,-0.381314]],[[0.963491,-0.245321,-0.107255],[-0.266975,-0.849967,-0.454182],[0.0202577,0.466234,-0.884429]]],"btipPosition":[55.2838,243.499,3.98182],"carpPosition":[65.5333,264.286,66.1501],"dipPosition":[55.6612,252.186,-12.4971],"direction":[-0.188013,-0.905125,0.381314],"extended":false,"handId":703,"id":7033,"length":64.2502,"mcpPosition":[70.6116,299.089,14.5255],"pipPosition":[60.8551,277.19,-23.031],"stabilizedTipPosition":[56.8639,214.709,55.3757],"timeVisible":2.08776,"tipPosition":[55.3103,245.278,0.876411],"tipVelocity":[-35.6962,45.3295,-107.253],"tool":false,"touchDistance":0.333333,"touchZone":"none","type":3,"width":18.027},{"bases":[[[0.888901,-0.451591,-0.0769475],[0.400743,0.685175,0.608227],[-0.221948,-0.57149,0.790025]],[[0.811798,-0.573299,0.110958],[0.551481,0.690241,-0.468441],[0.191969,0.441471,0.8765]],[[0.811798,-0.573299,0.110958],[-0.0987977,-0.322125,-0.941528],[0.575519,0.753368,-0.318141]],[[0.811798,-0.573299,0.110958],[-0.448027,-0.733372,-0.511309],[0.374506,0.365368,-0.852204]]],"btipPosition":[65.4556,253.558,6.36441],"carpPosition":[77.0533,257.053,62.1001],"dipPosition":[71.893,259.838,-8.2842],"direction":[-0.575519,-0.753368,0.318141],"extended":false,"handId":703,"id":7034,"length":50.3709,"mcpPosition":[89.8874,290.099,16.4171],"pipPosition":[83.1183,274.532,-14.4894],"stabilizedTipPosition":[67.7812,228.786,51.0514],"timeVisible":2.08776,"tipPosition":[66.7978,254.781,3.51205],"tipVelocity":[-36.9272,48.8211,-110.726],"tool":false,"touchDistance":0.333333,"touchZone":"none","type":4,"width":16.013}],"r":[[0.894247,0.255846,0.36724],[-0.313235,0.943831,0.1052],[-0.319697,-0.209107,0.924158]],"s":0.889217,"t":[-3.95248,40.9449,-63.2303],"timestamp":523963519403},false],[4,{"currentFrameRate":109.756,"devices":[],"gestures":[],"hands":[{"armBasis":[[0.93598,0.158212,-0.314501],[0.0436788,0.834242,0.549665],[0.349334,-0.528212,0.773924]],"armWidth":63.5437,"confidence":0.623392,"direction":[-0.0333434,0.678401,-0.733935],"elbow":[155.365,108.324,275.792],"grabStrength":0,"id":703,"palmNormal":[-0.0496986,-0.73456,-0.676721],"palmPosition":[51.7082,284.021,25.415],"palmVelocity":[-49.8551,48.0961,-106.013],"palmWidth":90.7382,"pinchStrength":0.81219,"r":[[0.893757,0.257886,0.367005],[-0.314762,0.943505,0.103551],[-0.319567,-0.208068,0.924437]],"s":0.889165,"sphereCenter":[41.8714,265.214,-17.5668],"sphereRadius":45.4149,"stabilizedPalmPosition":[54.5258,260.48,64.7112],"t":[-4.4907,41.4364,-64.2843],"timeVisible":2.09676,"type":"right","wrist":[61.3059,250.547,67.4107]}],"id":4302506,"interactionBox":{"center":[0,200,0],"size":[235.247,235.247,147.751]},"pointables":[{"bases":[[[0.439621,0.783791,0.43864],[-0.768113,0.0749455,0.635914],[0.465549,-0.616486,0.634987]],[[0.216409,0.965072,0.147659],[-0.862743,0.118242,0.491623],[0.456992,-0.233783,0.858198]],[[0.216409,0.965072,0.147659],[-0.972208,0.199185,0.123029],[0.0893207,-0.17018,0.981357]],[[0.216409,0.965072,0.147659],[-0.808929,0.261926,-0.526336],[-0.546627,-0.00554211,0.837358]]],"btipPosition":[19.478,258.27,-31.3492],"carpPosition":[32.5062,240.716,64.2817],"dipPosition":[6.72038,258.14,-11.8063],"direction":[-0.0893207,0.17018,-0.981357],"extended":false,"handId":703,"id":7030,"length":51.9721,"mcpPosition":[32.5062,240.716,64.2817],"pipPosition":[9.7574,252.354,21.5611],"stabilizedTipPosition":[19.2835,244.084,16.4717],"timeVisible":2.09676,"tipPosition":[16.9229,258.482,-26.3894],"tipVelocity":[-45.8717,28.9132,-105.312],"tool":false,"touchDistance":-0.41714,"touchZone":"touching","type":0,"width":20.194},{"bases":[[[0.978438,0.100191,-0.180611],[0.0194108,0.825985,0.563357],[0.205625,-0.554716,0.806231]],[[0.973673,0.112382,-0.198321],[-0.0244682,0.916522,0.399234],[0.226633,-0.383871,0.895143]],[[0.973673,0.112382,-0.198321],[-0.0672519,0.97292,0.221143],[0.217803,-0.201984,0.954864]],[[0.973673,0.112382,-0.198321],[-0.097839,0.991843,0.0816965],[0.205885,-0.0601421,0.976726]]],"btipPosition":[7.59472,325.204,-67.981],"carpPosition":[41.1481,262.167,69.1774],"dipPosition":[11.1027,324.179,-51.3392],"direction":[-0.217803,0.201984,-0.954864],"extended":true,"handId":703,"id":7031,"length":58.6448,"mcpPosition":[26.0622,302.864,10.0274],"pipPosition":[16.3525,319.31,-28.3236],"stabilizedTipPosition":[14.4998,306.457,-26.0479],"timeVisible":2.09676,"tipPosition":[8.77874,324.583,-64.3104],"tipVelocity":[-62.8155,23.2577,-113.806],"tool":false,"touchDistance":-0.413982,"touchZone":"touching","type":1,"width":19.2893},{"bases":[[[0.979482,-0.117963,-0.1634],[0.189058,0.818654,0.542276],[0.0698,-0.562042,0.824158]],[[0.981342,-0.137829,-0.134057],[0.0474309,0.849221,-0.525903],[0.186329,0.509732,0.839913]],[[0.981342,-0.137829,-0.134057],[-0.176007,-0.363308,-0.914893],[0.0773945,0.921418,-0.380788]],[[0.981342,-0.137829,-0.134057],[-0.184008,-0.87544,-0.44693],[-0.0557594,0.463258,-0.884467]]],"btipPosition":[37.9831,244.904,-2.8735],"carpPosition":[52.9455,265.112,67.4662],"dipPosition":[36.9381,253.585,-19.4484],"direction":[-0.0773945,-0.921418,0.380788],"extended":false,"handId":703,"id":7032,"length":66.821,"mcpPosition":[48.0892,304.216,10.1254],"pipPosition":[39.1329,279.715,-30.2467],"stabilizedTipPosition":[42.0727,219.286,42.3061],"timeVisible":2.09676,"tipPosition":[37.8736,246.62,-6.14559],"tipVelocity":[-42.7811,41.8337,-107.972],"tool":false,"touchDistance":0.333333,"touchZone":"none","type":2,"width":18.9446},{"bases":[[[0.96202,-0.260762,-0.0807488],[0.260683,0.7898,0.555212],[-0.0810027,-0.555175,0.827779]],[[0.964085,-0.243247,-0.106633],[0.152441,0.835565,-0.527819],[0.217489,0.492607,0.842637]],[[0.964085,-0.243247,-0.106633],[-0.189493,-0.348653,-0.917896],[0.186097,0.905137,-0.382224]],[[0.964085,-0.243247,-0.106633],[-0.264889,-0.851413,-0.452692],[0.0193268,0.464679,-0.885268]]],"btipPosition":[54.8674,243.937,3.08735],"carpPosition":[64.999,264.869,65.2868],"dipPosition":[55.2275,252.595,-13.4072],"direction":[-0.186097,-0.905137,0.382224],"extended":false,"handId":703,"id":7033,"length":64.2502,"mcpPosition":[70.0589,299.549,13.5782],"pipPosition":[60.3685,277.6,-23.9663],"stabilizedTipPosition":[56.8636,214.714,55.3655],"timeVisible":2.09676,"tipPosition":[54.8835,245.707,-0.0214468],"tipVelocity":[-38.7214,46.065,-105.205],"tool":false,"touchDistance":0.333333,"touchZone":"none","type":3,"width":18.027},{"bases":[[[0.889794,-0.450154,-0.0750193],[0.398951,0.687455,0.606831],[-0.221595,-0.569883,0.791283]],[[0.812507,-0.57178,0.113577],[0.551471,0.690741,-0.467715],[0.188977,0.442656,0.876552]],[[0.812507,-0.57178,0.113577],[-0.0958743,-0.323246,-0.941446],[0.575013,0.754042,-0.317458]],[[0.812507,-0.57178,0.113577],[-0.445785,-0.734967,-0.510979],[0.375643,0.364543,-0.852057]]],"btipPosition":[65.0134,254.017,5.43918],"carpPosition":[76.5358,257.646,61.2653],"dipPosition":[71.4704,260.283,-9.20691],"direction":[-0.575013,-0.754042,0.317458],"extended":false,"handId":703,"id":7034,"length":50.3709,"mcpPosition":[89.3494,290.599,15.5096],"pipPosition":[82.6859,274.991,-15.3988],"stabilizedTipPosition":[67.7809,228.792,51.0409],"timeVisible":2.09676,"tipPosition":[66.3578,255.236,2.5981],"tipVelocity":[-40.1408,49.3349,-108.537],"tool":false,"touchDistance":0.333333,"touchZone":"none","type":4,"width":16.013}],"r":[[0.893757,0.257886,0.367005],[-0.314762,0.943505,0.103551],[-0.319567,-0.208068,0.924437]],"s":0.889165,"t":[-4.4907,41.4364,-64.2843],"timestamp":523963528402},false],[5,{"currentFrameRate":109.727,"devices":[],"gestures":[],"hands":[{"armBasis":[[0.934706,0.159909,-0.317417],[0.0431462,0.835416,0.547921],[0.352793,-0.525841,0.773969]],"armWidth":63.5437,"confidence":0.627182,"direction":[-0.0341613,0.676886,-0.735295],"elbow":[155.9,109.437,275.105],"grabStrength":0,"id":703,"palmNormal":[-0.0492944,-0.73597,-0.675217],"palmPosition":[51.2692,284.402,24.6519],"palmVelocity":[-49.31,46.2809,-99.6683],"palmWidth":90.7382,"pinchStrength":0.813406,"r":[[0.893343,0.259818,0.366652],[-0.316137,0.943228,0.10187],[-0.319369,-0.206917,0.924764]],"s":0.889146,"sphereCenter":[41.2594,265.568,-18.2618],"sphereRadius":45.4158,"stabilizedPalmPosition":[54.5216,260.51,64.6599],"t":[-4.97931,41.8728,-65.1928],"timeVisible":2.10592,"type":"right","wrist":[60.9092,251.021,66.7121]}],"id":4302507,"interactionBox":{"center":[0,200,0],"size":[235.247,235.247,147.751]},"pointables":[{"bases":[[[0.439097,0.785051,0.436909],[-0.767968,0.0755786,0.636013],[0.466282,-0.614804,0.63608]],[[0.215591,0.965571,0.14558],[-0.863067,0.118684,0.490947],[0.456766,-0.231489,0.85894]],[[0.215591,0.965571,0.14558],[-0.972372,0.198618,0.122648],[0.0895106,-0.168,0.981715]],[[0.215591,0.965571,0.14558],[-0.808781,0.26011,-0.527462],[-0.547169,-0.00402601,0.837013]]],"btipPosition":[19.1061,258.489,-32.0595],"carpPosition":[32.1168,241.16,63.6125],"dipPosition":[6.33581,258.395,-12.5246],"direction":[-0.0895106,0.168,-0.981715],"extended":false,"handId":703,"id":7030,"length":51.9721,"mcpPosition":[32.1168,241.16,63.6125],"pipPosition":[9.37928,252.683,20.8549],"stabilizedTipPosition":[19.2812,244.095,16.4394],"timeVisible":2.10592,"tipPosition":[16.5117,258.709,-27.1136],"tipVelocity":[-44.4853,27.7876,-97.6135],"tool":false,"touchDistance":-0.414441,"touchZone":"touching","type":0,"width":20.194},{"bases":[[[0.978293,0.100658,-0.181135],[0.0188917,0.82714,0.561678],[0.206362,-0.552908,0.807284]],[[0.973258,0.113421,-0.199761],[-0.0248054,0.916412,0.399468],[0.228371,-0.38383,0.894718]],[[0.973258,0.113421,-0.199761],[-0.0677455,0.972647,0.222188],[0.219497,-0.202713,0.954321]],[[0.973258,0.113421,-0.199761],[-0.0984728,0.99165,0.08327],[0.207537,-0.0613722,0.9763]]],"btipPosition":[6.99118,325.569,-68.7352],"carpPosition":[40.742,262.628,68.4619],"dipPosition":[10.5273,324.523,-52.1007],"direction":[-0.219497,0.202713,-0.954321],"extended":true,"handId":703,"id":7031,"length":58.6448,"mcpPosition":[25.6021,303.192,9.23468],"pipPosition":[15.8179,319.637,-29.0982],"stabilizedTipPosition":[14.4802,306.512,-26.1613],"timeVisible":2.10592,"tipPosition":[8.19026,324.896,-65.081],"tipVelocity":[-63.4655,27.7285,-105.07],"tool":false,"touchDistance":-0.412256,"touchZone":"touching","type":1,"width":19.2893},{"bases":[[[0.979529,-0.117459,-0.163484],[0.188538,0.81991,0.540556],[0.0705483,-0.560313,0.825271]],[[0.981412,-0.137226,-0.13416],[0.0465226,0.848341,-0.527403],[0.186186,0.511358,0.838956]],[[0.981412,-0.137226,-0.13416],[-0.176015,-0.365056,-0.914195],[0.0764751,0.920817,-0.382424]],[[0.981412,-0.137226,-0.13416],[-0.183411,-0.876421,-0.445249],[-0.0564808,0.461579,-0.885299]]],"btipPosition":[37.5683,245.221,-3.56822],"carpPosition":[52.5363,265.579,66.7409],"dipPosition":[36.5099,253.871,-20.1587],"direction":[-0.0764751,-0.920817,0.382424],"extended":false,"handId":703,"id":7032,"length":66.821,"mcpPosition":[47.6279,304.563,9.32271],"pipPosition":[38.6785,279.984,-31.0034],"stabilizedTipPosition":[42.0711,219.295,42.2896],"timeVisible":2.10592,"tipPosition":[37.4538,246.934,-6.84714],"tipVelocity":[-43.5652,39.6064,-99.1108],"tool":false,"touchDistance":0.333333,"touchZone":"none","type":2,"width":18.9446},{"bases":[[[0.962216,-0.260106,-0.0805374],[0.260192,0.791143,0.553527],[-0.080259,-0.553568,0.828928]],[[0.964341,-0.24169,-0.107857],[0.150943,0.83699,-0.525989],[0.217402,0.490952,0.843624]],[[0.964341,-0.24169,-0.107857],[-0.189533,-0.346201,-0.918816],[0.184728,0.906494,-0.379664]],[[0.964341,-0.24169,-0.107857],[-0.264055,-0.850958,-0.454032],[0.017953,0.466321,-0.884433]]],"btipPosition":[54.4786,244.316,2.15654],"carpPosition":[64.5893,265.342,64.558],"dipPosition":[54.8131,253.004,-14.3225],"direction":[-0.184729,-0.906494,0.379664],"extended":false,"handId":703,"id":7033,"length":64.2502,"mcpPosition":[69.6028,299.921,12.7777],"pipPosition":[59.9163,278.047,-24.8108],"stabilizedTipPosition":[56.8631,214.721,55.3527],"timeVisible":2.10592,"tipPosition":[54.4851,246.093,-0.907121],"tipVelocity":[-39.9323,44.9465,-104.081],"tool":false,"touchDistance":0.333333,"touchZone":"none","type":3,"width":18.027},{"bases":[[[0.890153,-0.449547,-0.0744009],[0.398564,0.689021,0.605307],[-0.22085,-0.568469,0.792507]],[[0.81285,-0.571047,0.114802],[0.551302,0.690648,-0.468052],[0.187992,0.443746,0.876212]],[[0.81285,-0.571047,0.114802],[-0.0950535,-0.324499,-0.941098],[0.574665,0.754059,-0.318049]],[[0.81285,-0.571047,0.114802],[-0.445163,-0.736153,-0.509812],[0.375639,0.363295,-0.852591]]],"btipPosition":[64.6072,254.393,4.68311],"carpPosition":[76.131,258.121,60.5473],"dipPosition":[71.0641,260.638,-9.97217],"direction":[-0.574665,-0.754059,0.318049],"extended":false,"handId":703,"id":7034,"length":50.3709,"mcpPosition":[88.9016,290.992,14.7208],"pipPosition":[82.2727,275.345,-16.1756],"stabilizedTipPosition":[67.7805,228.799,51.0275],"timeVisible":2.10592,"tipPosition":[65.9509,255.606,1.84071],"tipVelocity":[-41.308,46.8611,-101.34],"tool":false,"touchDistance":0.333333,"touchZone":"none","type":4,"width":16.013}],"r":[[0.893343,0.259818,0.366652],[-0.316137,0.943228,0.10187],[-0.319369,-0.206917,0.924764]],"s":0.889146,"t":[-4.97931,41.8728,-65.1928],"timestamp":523963537567},false],[6,{"currentFrameRate":109.834,"devices":[],"gestures":[],"hands":[{"armBasis":[[0.934501,0.161092,-0.317422],[0.0421966,0.835314,0.548152],[0.35345,-0.525643,0.773804]],"armWidth":63.5437,"confidence":0.660606,"direction":[-0.0352061,0.67546,-0.736555],"elbow":[155.731,109.884,274.596],"grabStrength":0,"id":703,"palmNormal":[-0.0484098,-0.7373,-0.673829],"palmPosition":[50.8711,284.704,24.126],"palmVelocity":[-48.0429,42.8981,-88.5894],"palmWidth":90.7382,"pinchStrength":0.813803,"r":[[0.892951,0.261742,0.366238],[-0.317489,0.942955,0.100183],[-0.319123,-0.205735,0.925113]],"s":0.889392,"sphereCenter":[40.696,265.854,-18.7138],"sphereRadius":45.4233,"stabilizedPalmPosition":[54.5158,260.549,64.5949],"t":[-5.42268,42.2419,-65.9101],"timeVisible":2.11484,"type":"right","wrist":[60.5635,251.415,66.2469]}],"id":4302508,"interactionBox":{"center":[0,200,0],"size":[235.247,235.247,147.751]},"pointables":[{"bases":[[[0.438105,0.786463,0.435362],[-0.767962,0.0757266,0.636003],[0.467225,-0.612977,0.63715]],[[0.21432,0.966127,0.143754],[-0.863175,0.118451,0.490815],[0.457161,-0.229277,0.859323]],[[0.21432,0.966127,0.143754],[-0.972611,0.197529,0.122513],[0.0899678,-0.166074,0.982001]],[[0.21432,0.966127,0.143754],[-0.809219,0.258047,-0.527803],[-0.54702,-0.00320993,0.837113]]],"btipPosition":[18.7346,258.644,-32.5323],"carpPosition":[31.7841,241.509,63.1708],"dipPosition":[5.96784,258.569,-12.9951],"direction":[-0.0899678,0.166074,-0.982001],"extended":false,"handId":703,"id":7030,"length":51.9721,"mcpPosition":[31.7841,241.509,63.1708],"pipPosition":[9.02685,252.922,20.3941],"stabilizedTipPosition":[19.2784,244.107,16.4025],"timeVisible":2.11484,"tipPosition":[16.1377,258.866,-27.5894],"tipVelocity":[-43.6928,25.0661,-85.4558],"tool":false,"touchDistance":-0.408415,"touchZone":"touching","type":0,"width":20.194},{"bases":[[[0.978125,0.101647,-0.181493],[0.0178639,0.828215,0.560125],[0.20725,-0.551114,0.808282]],[[0.972868,0.114847,-0.200843],[-0.0256401,0.916267,0.399745],[0.229936,-0.38375,0.894352]],[[0.972868,0.114847,-0.200843],[-0.068578,0.972229,0.223758],[0.220963,-0.203914,0.953727]],[[0.972868,0.114847,-0.200843],[-0.0993246,0.991353,0.0857593],[0.208955,-0.0634838,0.975862]]],"btipPosition":[6.43839,325.868,-69.2543],"carpPosition":[40.381,262.997,67.9785],"dipPosition":[9.99864,324.787,-52.6273],"direction":[-0.220963,0.203914,-0.953727],"extended":true,"handId":703,"id":7031,"length":58.6448,"mcpPosition":[25.1759,303.43,8.67803],"pipPosition":[15.3246,319.872,-29.6391],"stabilizedTipPosition":[14.4558,306.576,-26.2941],"timeVisible":2.11484,"tipPosition":[7.64468,325.138,-65.6143],"tipVelocity":[-62.8984,29.0759,-92.3654],"tool":false,"touchDistance":-0.407177,"touchZone":"touching","type":1,"width":19.2893},{"bases":[[[0.979659,-0.116435,-0.163433],[0.187516,0.821176,0.538987],[0.0714501,-0.55867,0.826306]],[[0.981575,-0.136148,-0.134065],[0.0453609,0.847615,-0.528669],[0.185613,0.512847,0.838174]],[[0.981575,-0.136148,-0.134065],[-0.175646,-0.36672,-0.9136],[0.0752207,0.920315,-0.383877]],[[0.981575,-0.136148,-0.134065],[-0.182304,-0.877443,-0.443687],[-0.0572274,0.459953,-0.886097]]],"btipPosition":[37.2173,245.463,-4.0375],"carpPosition":[52.171,265.962,66.2499],"dipPosition":[36.1449,254.082,-20.643],"direction":[-0.0752207,-0.920315,0.383877],"extended":false,"handId":703,"id":7032,"length":66.821,"mcpPosition":[47.1998,304.831,8.75969],"pipPosition":[38.278,280.18,-31.5288],"stabilizedTipPosition":[42.0692,219.306,42.2707],"timeVisible":2.11484,"tipPosition":[37.0978,247.171,-7.32321],"tipVelocity":[-42.5217,35.9758,-86.5578],"tool":false,"touchDistance":0.333333,"touchZone":"none","type":2,"width":18.9446},{"bases":[[[0.962554,-0.258949,-0.0802167],[0.259211,0.792531,0.552],[-0.0793656,-0.552123,0.829977]],[[0.964661,-0.240445,-0.107774],[0.149534,0.836335,-0.527431],[0.216953,0.492677,0.842734]],[[0.964661,-0.240445,-0.107774],[-0.18937,-0.348243,-0.918077],[0.183215,0.906042,-0.38147]],[[0.964661,-0.240445,-0.107774],[-0.262954,-0.852308,-0.452135],[0.016857,0.464496,-0.885415]]],"btipPosition":[54.1395,244.59,1.70624],"carpPosition":[64.2239,265.737,64.0654],"dipPosition":[54.4536,253.244,-14.7911],"direction":[-0.183215,-0.906043,0.38147],"extended":false,"handId":703,"id":7033,"length":64.2502,"mcpPosition":[69.1816,300.226,12.2195],"pipPosition":[59.515,278.274,-25.3293],"stabilizedTipPosition":[56.8624,214.73,55.3373],"timeVisible":2.11484,"tipPosition":[54.1402,246.36,-1.3737],"tipVelocity":[-39.5574,40.841,-89.6177],"tool":false,"touchDistance":0.333333,"touchZone":"none","type":3,"width":18.027},{"bases":[[[0.89075,-0.448477,-0.0737131],[0.397731,0.690694,0.603947],[-0.219943,-0.567283,0.793609]],[[0.813519,-0.569859,0.115964],[0.550723,0.690888,-0.468377],[0.186791,0.444898,0.875885]],[[0.813519,-0.569859,0.115964],[-0.0939584,-0.325589,-0.940831],[0.573898,0.754488,-0.318416]],[[0.813519,-0.569859,0.115964],[-0.443992,-0.737416,-0.509008],[0.375577,0.3626,-0.852914]]],"btipPosition":[64.2568,254.69,4.16259],"carpPosition":[75.7746,258.524,60.0663],"dipPosition":[70.7126,260.923,-10.4982],"direction":[-0.573898,-0.754488,0.318416],"extended":false,"handId":703,"id":7034,"length":50.3709,"mcpPosition":[88.4928,291.327,14.1761],"pipPosition":[81.9063,275.639,-16.7088],"stabilizedTipPosition":[67.7798,228.808,51.0112],"timeVisible":2.11484,"tipPosition":[65.6006,255.903,1.32046],"tipVelocity":[-40.7708,43.0973,-89.6791],"tool":false,"touchDistance":0.333333,"touchZone":"none","type":4,"width":16.013}],"r":[[0.892951,0.261742,0.366238],[-0.317489,0.942955,0.100183],[-0.319123,-0.205735,0.925113]],"s":0.889392,"t":[-5.42268,42.2419,-65.9101],"timestamp":523963546482},false],[7,{"currentFrameRate":109.824,"devices":[],"gestures":[],"hands":[{"armBasis":[[0.933635,0.164098,