{"sensorType":"Leap","data":[[0,{"currentFrameRate":110.39,"devices":[],"gestures":[],"hands":[{"armBasis":[[0.920173,0.0029806,-0.3915],[0.186335,0.876119,0.444628],[0.344326,-0.482085,0.805626]],"armWidth":63.5437,"confidence":0.713203,"direction":[-0.016852,0.76761,-0.640695],"elbow":[149.409,73.6694,274.02],"grabStrength":0,"id":703,"palmNormal":[-0.208873,-0.629351,-0.748525],"palmPosition":[47.4582,243.019,20.6759],"palmVelocity":[162.836,182.267,-322.701],"palmWidth":90.7382,"pinchStrength":0.869628,"r":[[0.97786,0.0478895,0.203706],[-0.102302,0.958605,0.265727],[-0.182549,-0.280683,0.942281]],"s":0.909864,"sphereCenter":[29.5058,232.706,-20.161],"sphereRadius":45.1516,"stabilizedPalmPosition":[-1.90995,259.923,168.215],"t":[-10.5704,-0.927052,-67.3457],"timeVisible":41.4957,"type":"right","wrist":[56.6984,203.472,57.1029]}],"id":4306763,"interactionBox":{"center":[0,200,0],"size":[235.247,235.247,147.751]},"pointables":[{"bases":[[[0.576996,0.66392,0.475695],[-0.686938,0.0794321,0.722362],[0.441805,-0.743573,0.501904]],[[0.348127,0.908501,0.231155],[-0.735322,0.111689,0.668451],[0.581471,-0.402679,0.706923]],[[0.348127,0.908501,0.231155],[-0.936151,0.323948,0.136671],[0.0492833,-0.263975,0.96327]],[[0.348127,0.908501,0.231155],[-0.379088,0.361949,-0.851637],[-0.85738,0.20885,0.470406]]],"btipPosition":[16.0975,221.667,-22.8341],"carpPosition":[26.7083,197.52,56.0872],"dipPosition":[-3.9127,226.541,-11.8554],"direction":[-0.0492833,0.263975,-0.96327],"extended":false,"handId":703,"id":7030,"length":51.9721,"mcpPosition":[26.7083,197.52,56.0872],"pipPosition":[-2.237,217.566,20.897],"stabilizedTipPosition":[-42.2894,251.324,114.534],"timeVisible":41.4957,"tipPosition":[11.6523,223.532,-19.7456],"tipVelocity":[200.487,142.627,-388.755],"tool":false,"touchDistance":-0.78059,"touchZone":"hovering","type":0,"width":20.194},{"bases":[[[0.961087,0.00939439,-0.276086],[0.179744,0.737658,0.650809],[0.209771,-0.675109,0.707265]],[[0.961888,0.00679263,-0.273358],[0.125675,0.876869,0.464011],[0.242851,-0.480681,0.842597]],[[0.961888,0.00679263,-0.273358],[0.0779228,0.951432,0.297835],[0.262105,-0.307785,0.914642]],[[0.961888,0.00679263,-0.273358],[0.0407716,0.984954,0.167941],[0.270386,-0.172686,0.947138]]],"btipPosition":[1.74658,297.494,-63.7014],"carpPosition":[38.4658,217.009,62.4713],"dipPosition":[6.3535,294.551,-47.5638],"direction":[-0.262105,0.307785,-0.914642],"extended":true,"handId":703,"id":7031,"length":58.6448,"mcpPosition":[23.0757,266.539,10.5821],"pipPosition":[12.6711,287.133,-25.5177],"stabilizedTipPosition":[-59.027,333.834,116.326],"timeVisible":41.4957,"tipPosition":[2.27917,297.13,-59.6826],"tipVelocity":[201.617,141.639,-372.718],"tool":false,"touchDistance":-0.853584,"touchZone":"hovering","type":1,"width":19.2893},{"bases":[[[0.935774,-0.207793,-0.284868],[0.344201,0.713626,0.610134],[0.0765078,-0.668999,0.739315]],[[0.936259,-0.21221,-0.279976],[0.0120889,0.815935,-0.578018],[0.351103,0.537789,0.766491]],[[0.936259,-0.21221,-0.279976],[-0.346844,-0.431676,-0.832679],[0.0558439,0.876711,-0.477764]],[[0.936259,-0.21221,-0.279976],[-0.309119,-0.876301,-0.369515],[-0.166929,0.432508,-0.886043]]],"btipPosition":[29.6673,206.5,1.67896],"carpPosition":[50.3221,218.771,59.8069],"dipPosition":[26.539,214.606,-14.9255],"direction":[-0.0558439,-0.876711,0.477764],"extended":false,"handId":703,"id":7032,"length":66.821,"mcpPosition":[44.9991,265.317,8.36918],"pipPosition":[28.1226,239.467,-28.4738],"stabilizedTipPosition":[-29.738,224.152,138.614],"timeVisible":41.4957,"tipPosition":[29.1324,208.057,-1.27427],"tipVelocity":[208.034,176.67,-380.486],"tool":false,"touchDistance":0.333333,"touchZone":"none","type":2,"width":18.9446},{"bases":[[[0.908205,-0.357178,-0.218146],[0.412442,0.675266,0.611479],[-0.0711005,-0.645321,0.760595]],[[0.910453,-0.32846,-0.251375],[0.115851,0.78594,-0.607353],[0.397057,0.523844,0.753613]],[[0.910453,-0.32846,-0.251375],[-0.379724,-0.422844,-0.822808],[0.163967,0.844581,-0.509704]],[[0.910453,-0.32846,-0.251375],[-0.401998,-0.845724,-0.350926],[-0.0973288,0.420554,-0.902032]]],"btipPosition":[46.0105,203.229,6.07494],"carpPosition":[61.9766,217.426,56.2771],"dipPosition":[44.1971,211.065,-10.732],"direction":[-0.163967,-0.844581,0.509704],"extended":false,"handId":703,"id":7033,"length":64.2502,"mcpPosition":[66.418,257.737,8.76525],"pipPosition":[48.7267,234.397,-24.8127],"stabilizedTipPosition":[-9.74479,216.347,121.999],"timeVisible":41.4957,"tipPosition":[45.6696,204.976,2.61613],"tipVelocity":[212.797,186.335,-352.482],"tool":false,"touchDistance":0.333333,"touchZone":"none","type":3,"width":18.027},{"bases":[[[0.813156,-0.536097,-0.226664],[0.540767,0.551809,0.634884],[-0.215284,-0.638833,0.73861]],[[0.761921,-0.641142,-0.0917237],[0.468527,0.6434,-0.605408],[0.447168,0.418298,0.790612]],[[0.761921,-0.641142,-0.0917237],[-0.384885,-0.334314,-0.86029],[0.520904,0.690775,-0.501486]],[[0.761921,-0.641142,-0.0917237],[-0.621783,-0.684456,-0.380665],[0.18128,0.347069,-0.920153]]],"btipPosition":[55.4516,212.26,5.17686],"carpPosition":[72.0467,209.508,50.1669],"dipPosition":[58.5676,218.225,-10.6397],"direction":[-0.520904,-0.690776,0.501486],"extended":false,"handId":703,"id":7034,"length":50.3709,"mcpPosition":[84.4954,246.448,7.45698],"pipPosition":[68.7277,231.699,-20.4211],"stabilizedTipPosition":[2.46712,222.967,116.066],"timeVisible":41.4957,"tipPosition":[56.2401,213.454,2.07505],"tipVelocity":[209.076,197.535,-338.853],"tool":false,"touchDistance":0.333333,"touchZone":"none","type":4,"width":16.013}],"r":[[0.97786,0.0478895,0.203706],[-0.102302,0.958605,0.265727],[-0.182549,-0.280683,0.942281]],"s":0.909864,"t":[-10.5704,-0.927052,-67.3457],"timestamp":524002927391},false],[1,{"currentFrameRate":110.565,"devices":[],"gestures":[],"hands":[{"armBasis":[[0.924474,0.00552936,-0.381205],[0.180416,0.874502,0.450217],[0.335854,-0.48499,0.807457]],"armWidth":63.5437,"confidence":0.655412,"direction":[-0.0170002,0.767308,-0.641054],"elbow":[148.13,74.7218,272.501],"grabStrength":0,"id":703,"palmNormal":[-0.201959,-0.630566,-0.749399],"palmPosition":[48.4708,244.797,18.6012],"palmVelocity":[150.283,187.993,-299.905],"palmWidth":90.7382,"pinchStrength":0.8657,"r":[[0.975529,0.0558001,0.212671],[-0.112383,0.957906,0.26417],[-0.188978,-0.281606,0.940737]],"s":0.909437,"sphereCenter":[30.8898,234.365,-22.3957],"sphereRadius":45.1487,"stabilizedPalmPosition":[-1.10704,259.681,165.83],"t":[-9.41838,0.888871,-69.7489],"timeVisible":41.5045,"type":"right","wrist":[57.7002,205.307,55.0913]}],"id":4306764,"interactionBox":{"center":[0,200,0],"size":[235.247,235.247,147.751]},"pointables":[{"bases":[[[0.571366,0.666752,0.478522],[-0.691138,0.0764856,0.718664],[0.44257,-0.741345,0.504519]],[[0.341801,0.910741,0.231782],[-0.740951,0.109453,0.66258],[0.578069,-0.39821,0.712225]],[[0.341801,0.910741,0.231782],[-0.93842,0.317538,0.136155],[0.0504024,-0.264047,0.963192]],[[0.341801,0.910741,0.231782],[-0.385934,0.36091,-0.848999],[-0.85687,0.200736,0.474845]]],"btipPosition":[17.2525,223.331,-25.3682],"carpPosition":[27.7439,199.215,53.918],"dipPosition":[-2.74581,228.016,-14.2859],"direction":[-0.0504024,0.264047,-0.963192],"extended":false,"handId":703,"id":7030,"length":51.9721,"mcpPosition":[27.7439,199.215,53.918],"pipPosition":[-1.03207,219.038,18.4639],"stabilizedTipPosition":[-41.2388,250.81,111.907],"timeVisible":41.5045,"tipPosition":[12.8499,225.086,-22.2035],"tipVelocity":[182.304,154.116,-361.629],"tool":false,"touchDistance":-0.768518,"touchZone":"hovering","type":0,"width":20.194},{"bases":[[[0.96249,0.0137631,-0.270966],[0.172849,0.738704,0.65149],[0.20913,-0.67389,0.708617]],[[0.963485,0.0105219,-0.267555],[0.11993,0.876436,0.466345],[0.239402,-0.481404,0.843171]],[[0.963485,0.0105219,-0.267555],[0.072888,0.951188,0.299881],[0.257651,-0.308433,0.915688]],[[0.963485,0.0105219,-0.267555],[0.0363428,0.984842,0.169603],[0.265284,-0.173134,0.948498]]],"btipPosition":[3.04649,299.21,-65.9873],"carpPosition":[39.3766,218.76,60.3576],"dipPosition":[7.56648,296.26,-49.8265],"direction":[-0.257651,0.308433,-0.915688],"extended":true,"handId":703,"id":7031,"length":58.6448,"mcpPosition":[24.0336,268.2,8.36921],"pipPosition":[13.7768,288.826,-27.7552],"stabilizedTipPosition":[-58.0742,333.301,113.63],"timeVisible":41.5045,"tipPosition":[3.55805,298.759,-62.0028],"tipVelocity":[186.876,156.266,-342.844],"tool":false,"touchDistance":-0.830767,"touchZone":"hovering","type":1,"width":19.2893},{"bases":[[[0.938232,-0.203542,-0.279805],[0.33763,0.715422,0.611701],[0.0756714,-0.668388,0.739954]],[[0.938718,-0.208017,-0.27484],[0.0122148,0.81694,-0.576593],[0.344469,0.537902,0.769417]],[[0.938718,-0.208017,-0.27484],[-0.340255,-0.431796,-0.835331],[0.055088,0.877656,-0.476114]],[[0.938718,-0.208017,-0.27484],[-0.303287,-0.877356,-0.371839],[-0.163784,0.432407,-0.886679]]],"btipPosition":[30.9234,208.233,-0.592173],"carpPosition":[51.2387,220.577,57.7558],"dipPosition":[27.8541,216.336,-17.2085],"direction":[-0.055088,-0.877656,0.476114],"extended":false,"handId":703,"id":7032,"length":66.821,"mcpPosition":[45.9739,267.08,6.27357],"pipPosition":[29.4163,241.225,-30.71],"stabilizedTipPosition":[-28.1784,223.786,134.894],"timeVisible":41.5045,"tipPosition":[30.3997,209.789,-3.54836],"tipVelocity":[191.261,182.467,-348.329],"tool":false,"touchDistance":0.333333,"touchZone":"none","type":2,"width":18.9446},{"bases":[[[0.911002,-0.353031,-0.213176],[0.40604,0.67738,0.613423],[-0.0721564,-0.645388,0.760439]],[[0.913305,-0.324081,-0.246669],[0.117376,0.789402,-0.602551],[0.389996,0.52136,0.759004]],[[0.913305,-0.324081,-0.246669],[-0.37251,-0.419853,-0.827623],[0.164652,0.847759,-0.504178]],[[0.913305,-0.324081,-0.246669],[-0.396449,-0.846144,-0.356186],[-0.093284,0.423098,-0.901269]]],"btipPosition":[47.2381,205.067,3.6891],"carpPosition":[62.9179,219.285,54.2885],"dipPosition":[45.5,212.951,-13.1036],"direction":[-0.164652,-0.847759,0.504178],"extended":false,"handId":703,"id":7033,"length":64.2502,"mcpPosition":[67.4253,259.6,6.78645],"pipPosition":[50.0486,236.37,-27.0317],"stabilizedTipPosition":[-7.65165,215.997,117.479],"timeVisible":41.5045,"tipPosition":[46.9232,206.803,0.315987],"tipVelocity":[193.991,193.124,-331.151],"tool":false,"touchDistance":0.333333,"touchZone":"none","type":3,"width":18.027},{"bases":[[[0.816832,-0.532392,-0.222136],[0.53481,0.554527,0.637556],[-0.21625,-0.639576,0.737684]],[[0.764551,-0.638841,-0.0856952],[0.473672,0.647029,-0.597485],[0.437145,0.416216,0.797288]],[[0.764551,-0.638841,-0.0856952],[-0.374455,-0.332005,-0.865769],[0.524637,0.694014,-0.493052]],[[0.764551,-0.638841,-0.0856952],[-0.616298,-0.685597,-0.38747],[0.18878,0.349055,-0.917891]]],"btipPosition":[56.6694,214.182,2.85966],"carpPosition":[73.057,211.411,48.235],"dipPosition":[59.9144,220.182,-12.918],"direction":[-0.524637,-0.694014,0.493052],"extended":false,"handId":703,"id":7034,"length":50.3709,"mcpPosition":[85.5616,248.395,5.57858],"pipPosition":[70.1473,233.718,-22.5349],"stabilizedTipPosition":[4.81322,222.651,111.077],"timeVisible":41.5045,"tipPosition":[57.4857,215.358,-0.169313],"tipVelocity":[191.346,203.815,-318.893],"tool":false,"touchDistance":0.333333,"touchZone":"none","type":4,"width":16.013}],"r":[[0.975529,0.0558001,0.212671],[-0.112383,0.957906,0.26417],[-0.188978,-0.281606,0.940737]],"s":0.909437,"t":[-9.41838,0.888871,-69.7489],"timestamp":524002936125},false],[2,{"currentFrameRate":110.492,"devices":[],"gestures":[],"hands":[{"armBasis":[[0.924056,-0.000887356,-0.382257],[0.181295,0.881392,0.436211],[0.336531,-0.472384,0.814616]],"armWidth":63.5437,"confidence":0.660237,"direction":[-0.0191429,0.76483,-0.643948],"elbow":[149.414,79.9898,272.567],"grabStrength":0,"id":703,"palmNormal":[-0.204964,-0.633389,-0.746196],"palmPosition":[49.4495,246.533,16.6212],"palmVelocity":[138.089,188.298,-276.389],"palmWidth":90.7382,"pinchStrength":0.860548,"r":[[0.973728,0.0622191,0.219051],[-0.120167,0.957503,0.262197],[-0.193429,-0.281631,0.939824]],"s":0.908752,"sphereCenter":[31.8476,235.907,-24.3896],"sphereRadius":45.1305,"stabilizedPalmPosition":[-0.0970861,259.419,162.85],"t":[-8.35303,2.66473,-71.9405],"timeVisible":41.5137,"type":"right","wrist":[58.8021,207.181,53.229]}],"id":4306765,"interactionBox":{"center":[0,200,0],"size":[235.247,235.247,147.751]},"pointables":[{"bases":[[[0.573369,0.6684,0.473803],[-0.688423,0.0795001,0.720939],[0.444208,-0.739541,0.505725]],[[0.342705,0.911676,0.226715],[-0.739925,0.113246,0.663088],[0.578847,-0.394996,0.713382]],[[0.342705,0.911676,0.226715],[-0.937572,0.316692,0.143751],[0.0592552,-0.261826,0.963294]],[[0.342705,0.911676,0.226715],[-0.399181,0.359775,-0.843336],[-0.850416,0.198515,0.48722]]],"btipPosition":[17.858,225.027,-27.4449],"carpPosition":[28.8397,201.095,52.1912],"dipPosition":[-1.98975,229.66,-16.0738],"direction":[-0.0592552,0.261826,-0.963294],"extended":false,"handId":703,"id":7030,"length":51.9721,"mcpPosition":[28.8397,201.095,52.1912],"pipPosition":[0.0249991,220.758,16.6794],"stabilizedTipPosition":[-40.0618,250.276,108.956],"timeVisible":41.5137,"tipPosition":[13.5368,226.681,-24.1741],"tipVelocity":[150.869,162.31,-321.8],"tool":false,"touchDistance":-0.750154,"touchZone":"hovering","type":0,"width":20.194},{"bases":[[[0.961476,0.0123855,-0.27461],[0.175524,0.741157,0.647979],[0.211555,-0.671217,0.710431]],[[0.96275,0.00828752,-0.270268],[0.123113,0.87648,0.465431],[0.240742,-0.481367,0.84281]],[[0.96275,0.00828752,-0.270268],[0.0758059,0.951173,0.299203],[0.259551,-0.308546,0.915114]],[[0.96275,0.00828752,-0.270268],[0.0389547,0.984852,0.168964],[0.267574,-0.173199,0.947843]]],"btipPosition":[3.85259,300.916,-67.9259],"carpPosition":[40.5028,220.66,58.5116],"dipPosition":[8.4116,297.965,-51.7763],"direction":[-0.259551,0.308546,-0.915114],"extended":true,"handId":703,"id":7031,"length":58.6448,"mcpPosition":[24.9819,269.905,6.39013],"pipPosition":[14.6677,290.528,-29.7188],"stabilizedTipPosition":[-56.9186,332.695,110.366],"timeVisible":41.5137,"tipPosition":[4.37449,300.349,-63.9919],"tipVelocity":[159.487,164.537,-306.157],"tool":false,"touchDistance":-0.805141,"touchZone":"hovering","type":1,"width":19.2893},{"bases":[[[0.937113,-0.204944,-0.282518],[0.340148,0.717665,0.607665],[0.0782156,-0.665549,0.742245]],[[0.937622,-0.209453,-0.277477],[0.0110672,0.815716,-0.578346],[0.347479,0.539199,0.767152]],[[0.937622,-0.209453,-0.277477],[-0.343392,-0.433355,-0.833238],[0.0542785,0.876546,-0.478248]],[[0.937622,-0.209453,-0.277477],[-0.30515,-0.878249,-0.368188],[-0.166576,0.429893,-0.887381]]],"btipPosition":[31.794,209.938,-2.46627],"carpPosition":[52.3557,222.463,55.8585],"dipPosition":[28.6724,217.994,-19.0958],"direction":[-0.0542785,-0.876546,0.478248],"extended":false,"handId":703,"id":7032,"length":66.821,"mcpPosition":[46.9138,268.769,4.21691],"pipPosition":[30.2116,242.851,-32.6578],"stabilizedTipPosition":[-26.3762,223.421,130.599],"timeVisible":41.5137,"tipPosition":[31.2612,211.487,-5.4294],"tipVelocity":[163.97,183.05,-308.163],"tool":false,"touchDistance":0.333333,"touchZone":"none","type":2,"width":18.9446},{"bases":[[[0.910083,-0.354165,-0.21521],[0.408551,0.679607,0.609279],[-0.069527,-0.642419,0.763193]],[[0.912282,-0.325086,-0.24912],[0.122197,0.796602,-0.592024],[0.390908,0.509651,0.76645]],[[0.912282,-0.325086,-0.24912],[-0.372866,-0.40758,-0.833576],[0.169447,0.853345,-0.493041]],[[0.912282,-0.325086,-0.24912],[-0.398987,-0.842748,-0.361366],[-0.0924708,0.429063,-0.898529]]],"btipPosition":[47.9892,207.007,0.890757],"carpPosition":[64.0214,221.154,52.3527],"dipPosition":[46.2662,215.002,-15.8509],"direction":[-0.169447,-0.853345,0.493041],"extended":false,"handId":703,"id":7033,"length":64.2502,"mcpPosition":[68.3645,261.283,4.6786],"pipPosition":[50.9473,238.575,-29.4713],"stabilizedTipPosition":[-5.37655,215.702,112.519],"timeVisible":41.5137,"tipPosition":[47.7229,208.697,-2.20783],"tipVelocity":[162.774,198.976,-323.445],"tool":false,"touchDistance":0.333333,"touchZone":"none","type":3,"width":18.027},{"bases":[[[0.815821,-0.533527,-0.223125],[0.537371,0.556804,0.633405],[-0.213702,-0.636646,0.740954]],[[0.763079,-0.640814,-0.0840667],[0.477105,0.646267,-0.595576],[0.435983,0.414363,0.798888]],[[0.763079,-0.640814,-0.0840667],[-0.37296,-0.330375,-0.867037],[0.527836,0.692971,-0.4911]],[[0.763079,-0.640814,-0.0840667],[-0.617648,-0.684745,-0.386827],[0.19032,0.347104,-0.918312]]],"btipPosition":[57.5525,215.974,0.640173],"carpPosition":[74.1353,213.254,46.2918],"dipPosition":[60.8239,221.94,-15.1448],"direction":[-0.527836,-0.692971,0.4911],"extended":false,"handId":703,"id":7034,"length":50.3709,"mcpPosition":[86.4926,250.067,3.44634],"pipPosition":[71.1192,235.456,-24.7235],"stabilizedTipPosition":[7.42097,222.393,105.516],"timeVisible":41.5137,"tipPosition":[58.3788,217.119,-2.32421],"tipVelocity":[164.962,201.175,-297.411],"tool":false,"touchDistance":0.333333,"touchZone":"none","type":4,"width":16.013}],"r":[[0.973728,0.0622191,0.219051],[-0.120167,0.957503,0.262197],[-0.193429,-0.281631,0.939824]],"s":0.908752,"t":[-8.35303,2.66473,-71.9405],"timestamp":524002945305},false],[3,{"currentFrameRate":110.565,"devices":[],"gestures":[],"hands":[{"armBasis":[[0.928609,0.00198054,-0.371054],[0.174386,0.880342,0.441121],[0.327528,-0.474335,0.817148]],"armWidth":63.5437,"confidence":0.690695,"direction":[-0.0208266,0.763345,-0.645655],"elbow":[147.698,81.2542,271.62],"grabStrength":0,"id":703,"palmNormal":[-0.197478,-0.636213,-0.745812],"palmPosition":[50.0872,248.187,14.8656],"palmVelocity":[119.966,187.552,-254.753],"palmWidth":90.7382,"pinchStrength":0.85607,"r":[[0.971929,0.0686536,0.225036],[-0.127818,0.957096,0.260056],[-0.197528,-0.28152,0.939005]],"s":0.908466,"sphereCenter":[32.8363,237.36,-26.2614],"sphereRadius":45.1416,"stabilizedPalmPosition":[1.04336,259.164,159.487],"t":[-7.50147,4.37969,-73.9141],"timeVisible":41.5226,"type":"right","wrist":[59.5098,208.97,51.6009]}],"id":4306766,"interactionBox":{"center":[0,200,0],"size":[235.247,235.247,147.751]},"pointables":[{"bases":[[[0.56695,0.672943,0.475095],[-0.692325,0.0767298,0.717495],[0.44638,-0.735704,0.509397]],[[0.336009,0.91423,0.226453],[-0.745684,0.111342,0.656931],[0.575373,-0.389597,0.719139]],[[0.336009,0.91423,0.226453],[-0.939856,0.309787,0.143888],[0.0613945,-0.261181,0.963336]],[[0.336009,0.91423,0.226453],[-0.405348,0.357393,-0.841406],[-0.850171,0.190928,0.490669]]],"btipPosition":[18.7037,226.515,-29.5706],"carpPosition":[29.591,202.697,50.4339],"dipPosition":[-1.13827,230.971,-18.119],"direction":[-0.0613945,0.261181,-0.963336],"extended":false,"handId":703,"id":7030,"length":51.9721,"mcpPosition":[29.591,202.697,50.4339],"pipPosition":[0.949221,222.09,14.6356],"stabilizedTipPosition":[-38.8361,249.762,105.883],"timeVisible":41.5226,"tipPosition":[14.3994,228.047,-26.244],"tipVelocity":[135.66,162.32,-298.538],"tool":false,"touchDistance":-0.73508,"touchZone":"hovering","type":0,"width":20.194},{"bases":[[[0.962676,0.0177867,-0.270073],[0.167837,0.743591,0.647228],[0.212335,-0.668398,0.712851]],[[0.964168,0.0130121,-0.264974],[0.116649,0.876271,0.467484],[0.238272,-0.481642,0.843355]],[[0.964168,0.0130121,-0.264974],[0.0700094,0.950911,0.301442],[0.255889,-0.309191,0.915927]],[[0.964168,0.0130121,-0.264974],[0.033743,0.984669,0.171136],[0.263139,-0.173945,0.948947]]],"btipPosition":[4.66436,302.436,-69.9088],"carpPosition":[41.1022,222.347,56.768],"dipPosition":[9.1478,299.473,-53.7404],"direction":[-0.255889,0.309191,-0.915927],"extended":true,"handId":703,"id":7031,"length":58.6448,"mcpPosition":[25.524,271.385,4.46895],"pipPosition":[15.3156,292.02,-31.6633],"stabilizedTipPosition":[-55.6512,332.068,106.793],"timeVisible":41.5226,"tipPosition":[5.17615,301.739,-66.0262],"tipVelocity":[140.322,166.079,-283.228],"tool":false,"touchDistance":-0.782639,"touchZone":"hovering","type":1,"width":19.2893},{"bases":[[[0.9397,-0.199706,-0.277634],[0.332793,0.721038,0.607744],[0.0788139,-0.663492,0.74402]],[[0.940218,-0.204246,-0.272532],[0.00934847,0.815392,-0.578834],[0.340444,0.541683,0.768555]],[[0.940218,-0.204246,-0.272532],[-0.336632,-0.435957,-0.834638],[0.0516593,0.876485,-0.47865]],[[0.940218,-0.204246,-0.272532],[-0.298092,-0.880545,-0.368485],[-0.164715,0.427696,-0.888789]]],"btipPosition":[32.7304,211.473,-4.31065],"carpPosition":[52.9562,224.218,54.1673],"dipPosition":[29.6436,219.488,-20.9665],"direction":[-0.0516593,-0.876485,0.47865],"extended":false,"handId":703,"id":7032,"length":66.821,"mcpPosition":[47.4727,270.381,2.40219],"pipPosition":[31.1086,244.344,-34.54],"stabilizedTipPosition":[-24.4514,223.088,126.027],"timeVisible":41.5226,"tipPosition":[32.2027,213.017,-7.28451],"tipVelocity":[148.167,179.818,-280.771],"tool":false,"touchDistance":0.333333,"touchZone":"none","type":2,"width":18.9446},{"bases":[[[0.913277,-0.348951,-0.210138],[0.401423,0.683409,0.609764],[-0.0691675,-0.641238,0.764219]],[[0.915459,-0.319868,-0.244169],[0.120856,0.797299,-0.591361],[0.383834,0.511858,0.768553]],[[0.915459,-0.319868,-0.244169],[-0.366039,-0.409828,-0.835498],[0.167182,0.85424,-0.492265]],[[0.915459,-0.319868,-0.244169],[-0.392107,-0.845475,-0.362525],[-0.0904788,0.427617,-0.89942]]],"btipPosition":[48.9323,208.657,-0.90483],"carpPosition":[64.6463,222.974,50.7197],"dipPosition":[47.2465,216.625,-17.6631],"direction":[-0.167182,-0.85424,0.492265],"extended":false,"handId":703,"id":7033,"length":64.2502,"mcpPosition":[68.967,263.03,2.98152],"pipPosition":[51.8649,240.223,-31.2621],"stabilizedTipPosition":[-3.04918,215.477,107.457],"timeVisible":41.5226,"tipPosition":[48.6686,210.338,-4.01322],"tipVelocity":[147.519,195.016,-290.332],"tool":false,"touchDistance":0.333333,"touchZone":"none","type":3,"width":18.027},{"bases":[[[0.820169,-0.528912,-0.218118],[0.530886,0.56146,0.634762],[-0.213268,-0.636408,0.741284]],[[0.766071,-0.638225,-0.0761841],[0.484049,0.650831,-0.584907],[0.422885,0.411204,0.807515]],[[0.766071,-0.638225,-0.0761841],[-0.359276,-0.326904,-0.874102],[0.532969,0.696995,-0.479731]],[[0.766071,-0.638225,-0.0761841],[-0.610922,-0.686158,-0.39492],[0.199773,0.349079,-0.915551]]],"btipPosition":[58.4291,217.829,-1.52045],"carpPosition":[74.8377,215.124,44.7236],"dipPosition":[61.8631,223.83,-17.258],"direction":[-0.532969,-0.696995,0.479731],"extended":false,"handId":703,"id":7034,"length":50.3709,"mcpPosition":[87.1699,251.924,1.8591],"pipPosition":[72.2584,237.424,-26.615],"stabilizedTipPosition":[10.0765,222.229,99.8433],"timeVisible":41.5226,"tipPosition":[59.2932,218.943,-4.3627],"tipVelocity":[147.96,203.318,-282.091],"tool":false,"touchDistance":0.333333,"touchZone":"none","type":4,"width":16.013}],"r":[[0.971929,0.0686536,0.225036],[-0.127818,0.957096,0.260056],[-0.197528,-0.28152,0.939005]],"s":0.908466,"t":[-7.50147,4.37969,-73.9141],"timestamp":524002954219},false],[4,{"currentFrameRate":110.378,"devices":[],"gestures":[],"hands":[{"armBasis":[[0.933424,0.00601966,-0.358723],[0.166402,0.878548,0.447732],[0.317851,-0.477616,0.819057]],"armWidth":63.5437,"confidence":0.594029,"direction":[-0.0210785,0.763397,-0.645586],"elbow":[145.696,81.9514,270.917],"grabStrength":0,"id":703,"palmNormal":[-0.188356,-0.637198,-0.747329],"palmPosition":[50.7031,249.72,13.5941],"palmVelocity":[104.488,180.616,-220.783],"palmWidth":90.7382,"pinchStrength":0.84613,"r":[[0.970022,0.0749889,0.231158],[-0.135472,0.956552,0.258177],[-0.201755,-0.281753,0.938035]],"s":0.908724,"sphereCenter":[33.9288,238.768,-27.7265],"sphereRadius":45.1602,"stabilizedPalmPosition":[2.4584,258.894,155.33],"t":[-6.76774,6.00341,-75.5366],"timeVisible":41.532,"type":"right","wrist":[60.1135,210.551,50.3836]}],"id":4306767,"interactionBox":{"center":[0,200,0],"size":[235.247,235.247,147.751]},"pointables":[{"bases":[[[0.559462,0.676298,0.479191],[-0.697745,0.0722226,0.712696],[0.447387,-0.733079,0.512289]],[[0.329406,0.915825,0.229688],[-0.752495,0.107707,0.649732],[0.570301,-0.386864,0.724633]],[[0.329406,0.915825,0.229688],[-0.941932,0.301938,0.146963],[0.0652405,-0.264761,0.962105]],[[0.329406,0.915825,0.229688],[-0.41519,0.358982,-0.835912],[-0.848003,0.17999,0.498493]]],"btipPosition":[19.4268,228.152,-31.4113],"carpPosition":[30.243,204.092,49.0075],"dipPosition":[-0.364572,232.352,-19.777],"direction":[-0.0652405,0.264761,-0.962105],"extended":false,"handId":703,"id":7030,"length":51.9721,"mcpPosition":[30.243,204.092,49.0075],"pipPosition":[1.85368,223.35,12.9357],"stabilizedTipPosition":[-37.4171,249.217,102.326],"timeVisible":41.532,"tipPosition":[15.2028,229.483,-28.0025],"tipVelocity":[119.316,163.942,-268.081],"tool":false,"touchDistance":-0.716885,"touchZone":"hovering","type":0,"width":20.194},{"bases":[[[0.964396,0.0238309,-0.263385],[0.158735,0.74442,0.64857],[0.211525,-0.667287,0.714133]],[[0.966056,0.0184984,-0.25767],[0.108861,0.875398,0.470987],[0.234277,-0.48305,0.843669]],[[0.966056,0.0184984,-0.25767],[0.0631567,0.950254,0.305006],[0.250494,-0.310926,0.91683]],[[0.966056,0.0184984,-0.25767],[0.0277046,0.984262,0.174531],[0.256844,-0.175745,0.950339]]],"btipPosition":[5.61815,303.952,-71.4034],"carpPosition":[41.5881,223.812,55.4264],"dipPosition":[9.99434,300.958,-55.2113],"direction":[-0.250495,0.310926,-0.91683],"extended":true,"handId":703,"id":7031,"length":58.6448,"mcpPosition":[26.0694,272.768,3.0333],"pipPosition":[16.0321,293.464,-33.1124],"stabilizedTipPosition":[-54.0899,331.346,102.418],"timeVisible":41.532,"tipPosition":[6.11531,303.162,-67.5572],"tipVelocity":[128.543,164.537,-247.747],"tool":false,"touchDistance":-0.755046,"touchZone":"hovering","type":1,"width":19.2893},{"bases":[[[0.942822,-0.193798,-0.271162],[0.324098,0.722901,0.610225],[0.0777626,-0.663217,0.744376]],[[0.943337,-0.198375,-0.266013],[0.00882918,0.816359,-0.577477],[0.331719,0.542407,0.771853]],[[0.943337,-0.198375,-0.266013],[-0.328044,-0.436641,-0.837694],[0.0500253,0.877492,-0.476976]],[[0.943337,-0.198375,-0.266013],[-0.290202,-0.881947,-0.371419],[-0.160929,0.427571,-0.889542]]],"btipPosition":[33.6901,212.932,-5.78618],"carpPosition":[53.4479,225.757,52.9085],"dipPosition":[30.6743,220.945,-22.4562],"direction":[-0.0500253,-0.877492,0.476976],"extended":false,"handId":703,"id":7032,"length":66.821,"mcpPosition":[48.0376,271.9,1.11856],"pipPosition":[32.0929,245.828,-35.9821],"stabilizedTipPosition":[-22.177,222.759,120.656],"timeVisible":41.532,"tipPosition":[33.1736,214.477,-8.76982],"tipVelocity":[135.577,172.828,-245.675],"tool":false,"touchDistance":0.333333,"touchZone":"none","type":2,"width":18.9446},{"bases":[[[0.916857,-0.343224,-0.20389],[0.392944,0.685697,0.612711],[-0.0704903,-0.641885,0.763554]],[[0.919097,-0.31407,-0.237953],[0.120814,0.799423,-0.588496],[0.375054,0.512136,0.772691]],[[0.919097,-0.31407,-0.237953],[-0.357298,-0.409672,-0.839349],[0.166131,0.856463,-0.488744]],[[0.919097,-0.31407,-0.237953],[-0.384469,-0.84704,-0.367023],[-0.0862852,0.428816,-0.899262]]],"btipPosition":[49.8799,210.214,-2.3259],"carpPosition":[65.1692,224.586,49.5417],"dipPosition":[48.2722,218.204,-19.0812],"direction":[-0.166131,-0.856463,0.488744],"extended":false,"handId":703,"id":7033,"length":64.2502,"mcpPosition":[69.5725,264.682,1.84503],"pipPosition":[52.8616,241.864,-32.5829],"stabilizedTipPosition":[-0.384892,215.304,101.697],"timeVisible":41.532,"tipPosition":[49.6313,211.898,-5.42423],"tipVelocity":[134.796,186.841,-250.745],"tool":false,"touchDistance":0.333333,"touchZone":"none","type":3,"width":18.027},{"bases":[[[0.824923,-0.523756,-0.212563],[0.522983,0.564545,0.638575],[-0.214456,-0.637941,0.739621]],[[0.769415,-0.635042,-0.0687183],[0.489806,0.655633,-0.574662],[0.409988,0.408495,0.815501]],[[0.769415,-0.635042,-0.0687183],[-0.345988,-0.323913,-0.880553],[0.536929,0.701286,-0.46894]],[[0.769415,-0.635042,-0.0687183],[-0.603583,-0.687632,-0.403546],[0.209016,0.351972,-0.912375]]],"btipPosition":[59.3291,219.558,-3.08025],"carpPosition":[75.4504,216.801,43.6144],"dipPosition":[62.9219,225.608,-18.7632],"direction":[-0.536929,-0.701286,0.46894],"extended":false,"handId":703,"id":7034,"length":50.3709,"mcpPosition":[87.8513,253.69,0.845984],"pipPosition":[73.3945,239.286,-27.9097],"stabilizedTipPosition":[13.0803,222.153,93.4535],"timeVisible":41.532,"tipPosition":[60.2241,220.658,-5.85995],"tipVelocity":[134.231,198.171,-248.695],"tool":false,"touchDistance":0.333333,"touchZone":"none","type":4,"width":16.013}],"r":[[0.970022,0.0749889,0.231158],[-0.135472,0.956552,0.258177],[-0.201755,-0.281753,0.938035]],"s":0.908724,"t":[-6.76774,6.00341,-75.5366],"timestamp":524002963610},false],[5,{"currentFrameRate":110.471,"devices":[],"gestures":[],"hands":[{"armBasis":[[0.936737,0.00727627,-0.349959],[0.160358,0.879778,0.447522],[0.311143,-0.475329,0.822954]],"armWidth":63.5437,"confidence":0.603598,"direction":[-0.0229437,0.765089,-0.643515],"elbow":[144.573,83.9863,270.68],"grabStrength":0,"id":703,"palmNormal":[-0.182941,-0.636029,-0.749666],"palmPosition":[51.3017,251.195,12.3893],"palmVelocity":[94.3978,176.629,-197.628],"palmWidth":90.7382,"pinchStrength":0.835411,"r":[[0.968218,0.0808873,0.236667],[-0.142691,0.955796,0.257087],[-0.20541,-0.282687,0.936961]],"s":0.908702,"sphereCenter":[34.8833,240.192,-29.1537],"sphereRadius":45.1509,"stabilizedPalmPosition":[4.01773,258.649,150.766],"t":[-6.10157,7.55271,-76.9503],"timeVisible":41.5409,"type":"right","wrist":[60.7967,211.97,49.0976]}],"id":4306768,"interactionBox":{"center":[0,200,0],"size":[235.247,235.247,147.751]},"pointables":[{"bases":[[[0.554649,0.677724,0.482757],[-0.700229,0.0667559,0.710791],[0.449493,-0.73228,0.511588]],[[0.324758,0.916428,0.233863],[-0.756788,0.103482,0.645418],[0.567278,-0.386589,0.727148]],[[0.324758,0.916428,0.233863],[-0.942952,0.294564,0.155154],[0.0733002,-0.27091,0.95981]],[[0.324758,0.916428,0.233863],[-0.428292,0.362956,-0.827544],[-0.843266,0.16859,0.510372]]],"btipPosition":[19.9127,229.888,-33.1296],"carpPosition":[30.9629,205.367,47.6136],"dipPosition":[0.231838,233.822,-21.2182],"direction":[-0.0733002,0.27091,-0.95981],"extended":false,"handId":703,"id":7030,"length":51.9721,"mcpPosition":[30.9629,205.367,47.6136],"pipPosition":[2.72414,224.611,11.4166],"stabilizedTipPosition":[-35.9281,248.697,98.5839],"timeVisible":41.5409,"tipPosition":[15.784,231.027,-29.618],"tipVelocity":[102.529,170.6,-245.825],"tool":false,"touchDistance":-0.698349,"touchZone":"hovering","type":0,"width":20.194},{"bases":[[[0.965051,0.0293618,-0.260412],[0.153082,0.743379,0.651118],[0.212703,-0.668226,0.712903]],[[0.966845,0.0236124,-0.25427],[0.103733,0.873547,0.475557],[0.233346,-0.486166,0.842136]],[[0.966845,0.0236124,-0.25427],[0.0582904,0.949022,0.309775],[0.248622,-0.314326,0.91618]],[[0.966845,0.0236124,-0.25427],[0.0231186,0.983533,0.179241],[0.254316,-0.179177,0.950378]]],"btipPosition":[6.26214,305.608,-72.5374],"carpPosition":[42.1904,225.125,54.1215],"dipPosition":[10.5953,302.555,-56.3445],"direction":[-0.248622,0.314326,-0.91618],"extended":true,"handId":703,"id":7031,"length":58.6448,"mcpPosition":[26.5853,274.15,1.81867],"pipPosition":[16.5879,294.979,-34.2614],"stabilizedTipPosition":[-52.3316,330.588,97.5108],"timeVisible":41.5409,"tipPosition":[6.76027,304.747,-68.7195],"tipVelocity":[113.002,170.031,-215.096],"tool":false,"touchDistance":-0.724881,"touchZone":"hovering","type":1,"width":19.2893},{"bases":[[[0.944584,-0.188349,-0.268861],[0.318664,0.722789,0.613212],[0.078832,-0.664906,0.742755]],[[0.945109,-0.19297,-0.263687],[0.00691952,0.818627,-0.574284],[0.326681,0.540937,0.775027]],[[0.945109,-0.19297,-0.263687],[-0.323287,-0.434973,-0.840407],[0.0474772,0.879523,-0.473481]],[[0.945109,-0.19297,-0.263687],[-0.284804,-0.882071,-0.375283],[-0.160172,0.429783,-0.888612]]],"btipPosition":[34.5159,214.4,-7.20613],"carpPosition":[54.048,227.136,51.6448],"dipPosition":[31.5143,222.454,-23.8587],"direction":[-0.0474772,-0.879523,0.473481],"extended":false,"handId":703,"id":7032,"length":66.821,"mcpPosition":[48.5632,273.396,-0.032331],"pipPosition":[32.8607,247.395,-37.2856],"stabilizedTipPosition":[-19.7988,222.483,115.064],"timeVisible":41.5409,"tipPosition":[34.0004,215.955,-10.1942],"tipVelocity":[124.087,171.034,-222.212],"tool":false,"touchDistance":0.333333,"touchZone":"none","type":2,"width":18.9446},{"bases":[[[0.919161,-0.33809,-0.202084],[0.387687,0.685922,0.615801],[-0.0695821,-0.644365,0.761545]],[[0.92137,-0.308546,-0.236383],[0.124694,0.810653,-0.572096],[0.368143,0.497637,0.785385]],[[0.92137,-0.308546,-0.236383],[-0.349949,-0.393835,-0.849959],[0.169155,0.865849,-0.470843]],[[0.92137,-0.308546,-0.236383],[-0.379959,-0.843128,-0.380481],[-0.0819057,0.44038,-0.894068]]],"btipPosition":[50.5817,211.987,-4.58898],"carpPosition":[65.785,226.032,48.31],"dipPosition":[49.0556,220.192,-21.2475],"direction":[-0.169155,-0.865849,0.470843],"extended":false,"handId":703,"id":7033,"length":64.2502,"mcpPosition":[70.1315,266.284,0.738855],"pipPosition":[53.7286,244.111,-34.2547],"stabilizedTipPosition":[2.25297,215.229,95.958],"timeVisible":41.5409,"tipPosition":[50.3842,213.657,-7.44244],"tipVelocity":[120.201,191.78,-251.118],"tool":false,"touchDistance":0.333333,"touchZone":"none","type":3,"width":18.027},{"bases":[[[0.828153,-0.519051,-0.211537],[0.51825,0.565345,0.641718],[-0.213493,-0.64107,0.737191]],[[0.771933,-0.632223,-0.0664315],[0.492898,0.661242,-0.565518],[0.401461,0.403798,0.822056]],[[0.771933,-0.632223,-0.0664315],[-0.337184,-0.31861,-0.885886],[0.538912,0.706245,-0.459121]],[[0.771933,-0.632223,-0.0664315],[-0.598477,-0.687515,-0.411276],[0.214346,0.357236,-0.909087]]],"btipPosition":[60.1159,221.231,-4.64121],"carpPosition":[76.1225,218.316,42.3921],"dipPosition":[63.8003,227.372,-20.2676],"direction":[-0.538912,-0.706245,0.459121],"extended":false,"handId":703,"id":7034,"length":50.3709,"mcpPosition":[88.4677,255.385,-0.235789],"pipPosition":[74.3116,241.147,-29.2226],"stabilizedTipPosition":[16.1117,222.184,87.0156],"timeVisible":41.5409,"tipPosition":[61.0281,222.334,-7.36844],"tipVelocity":[122.458,196.125,-228.446],"tool":false,"touchDistance":0.333333,"touchZone":"none","type":4,"width":16.013}],"r":[[0.968218,0.0808873,0.236667],[-0.142691,0.955796,0.257087],[-0.20541,-0.282687,0.936961]],"s":0.908702,"t":[-6.10157,7.55271,-76.9503],"timestamp":524002972498},false],[6,{"currentFrameRate":110.596,"devices":[],"gestures":[],"hands":[{"armBasis":[[0.937635,0.0147951,-0.347307],[0.15303,0.879509,0.450606],[0.312127,-0.475652,0.822394]],"armWidth":63.5437,"confidence":0.597819,"direction":[-0.0213775,0.774314,-0.632441],"elbow":[144.767,86.6912,267.376],"grabStrength":0,"id":703,"palmNormal":[-0.175532,-0.625666,-0.760086],"palmPosition":[51.3365,254.484,9.74679],"palmVelocity":[69.9818,229.617,-225.151],"palmWidth":90.7382,"pinchStrength":0.844185,"r":[[0.966338,0.0855955,0.24262],[-0.149499,0.9543,0.258771],[-0.209382,-0.286332,0.934972]],"s":0.908293,"sphereCenter":[35.307,243.986,-32.139],"sphereRadius":45.1474,"stabilizedPalmPosition":[5.81707,258.49,145.404],"t":[-5.75112,9.97205,-78.9784],"timeVisible":41.5497,"type":"right","wrist":[60.7257,214.762,45.9437]}],"id":4306769,"interactionBox":{"center":[0,200,0],"size":[235.247,235.247,147.751]},"pointables":[{"bases":[[[0.548885,0.672573,0.496357],[-0.705268,0.0538858,0.70689],[0.448688,-0.738066,0.503922]],[[0.319293,0.914397,0.248857],[-0.762702,0.0921019,0.640158],[0.562439,-0.394202,0.72682]],[[0.319293,0.914397,0.248857],[-0.944985,0.287517,0.156004],[0.0710992,-0.284977,0.955894]],[[0.319293,0.914397,0.248857],[-0.425771,0.373026,-0.824361],[-0.846623,0.157257,0.508428]]],"btipPosition":[20.2708,233.718,-36.3885],"carpPosition":[30.927,208.075,44.1599],"dipPosition":[0.511644,237.388,-24.5223],"direction":[-0.0710992,0.284977,-0.955894],"extended":false,"handId":703,"id":7030,"length":51.9721,"mcpPosition":[30.927,208.075,44.1599],"pipPosition":[2.92911,227.698,7.97924],"stabilizedTipPosition":[-34.2306,248.233,94.238],"timeVisible":41.5497,"tipPosition":[16.1211,234.782,-32.8857],"tipVelocity":[85.2643,239.895,-279.52],"tool":false,"touchDistance":-0.705886,"touchZone":"hovering","type":0,"width":20.194},{"bases":[[[0.96668,0.036589,-0.253361],[0.14595,0.734336,0.66291],[0.210307,-0.6778,0.704527]],[[0.968499,0.0306016,-0.247129],[0.0974738,0.866642,0.489316],[0.229146,-0.49799,0.83636]],[[0.968499,0.0306016,-0.247129],[0.0528717,0.944522,0.324163],[0.243339,-0.327018,0.913151]],[[0.968499,0.0306016,-0.247129],[0.0184406,0.980882,0.19373],[0.248333,-0.192185,0.949419]]],"btipPosition":[6.69461,309.995,-74.676],"carpPosition":[42.0379,227.775,51.0316],"dipPosition":[10.9258,306.721,-58.4995],"direction":[-0.243339,0.327018,-0.913151],"extended":true,"handId":703,"id":7031,"length":58.6448,"mcpPosition":[26.6085,277.503,-0.656752],"pipPosition":[16.7911,298.839,-36.4893],"stabilizedTipPosition":[-50.0102,329.762,90.9928],"timeVisible":41.5497,"tipPosition":[7.17594,309.076,-70.873],"tipVelocity":[95.0186,256.842,-222.6],"tool":false,"touchDistance":-0.712862,"touchZone":"hovering","type":1,"width":19.2893},{"bases":[[[0.947066,-0.181047,-0.26512],[0.311859,0.714891,0.62584],[0.0762257,-0.675391,0.733509]],[[0.94758,-0.185807,-0.259938],[0.0106849,0.831503,-0.555418],[0.31934,0.523526,0.7899]],[[0.94758,-0.185807,-0.259938],[-0.315534,-0.416085,-0.852826],[0.0503047,0.89014,-0.452902]],[[0.94758,-0.185807,-0.259938],[-0.279899,-0.875082,-0.394826],[-0.154106,0.446885,-0.881218]]],"btipPosition":[34.7128,218.074,-10.9793],"carpPosition":[53.9045,229.865,48.6655],"dipPosition":[31.8249,226.448,-27.4933],"direction":[-0.0503047,-0.89014,0.452902],"extended":false,"handId":703,"id":7032,"length":66.821,"mcpPosition":[48.6011,276.855,-2.3684],"pipPosition":[33.2514,251.691,-40.3365],"stabilizedTipPosition":[-17.2516,222.365,108.922],"timeVisible":41.5497,"tipPosition":[34.2393,219.666,-13.8505],"tipVelocity":[97.4194,239.551,-276.725],"tool":false,"touchDistance":0.333333,"touchZone":"none","type":2,"width":18.9446},{"bases":[[[0.921738,-0.331836,-0.200707],[0.380997,0.678234,0.628363],[-0.0723864,-0.655655,0.751583]],[[0.924082,-0.301554,-0.234814],[0.125366,0.81955,-0.559125],[0.361048,0.48724,0.795136]],[[0.924082,-0.301554,-0.234814],[-0.342838,-0.382487,-0.858001],[0.16892,0.873367,-0.456833]],[[0.924082,-0.301554,-0.234814],[-0.3742,-0.838855,-0.395344],[-0.0777573,0.453198,-0.888012]]],"btipPosition":[50.885,215.528,-7.81583],"carpPosition":[65.6678,228.852,45.3952],"dipPosition":[49.4362,223.972,-24.3615],"direction":[-0.16892,-0.873367,0.456833],"extended":false,"handId":703,"id":7033,"length":64.2502,"mcpPosition":[70.1895,269.809,-1.55366],"pipPosition":[54.1027,248.099,-36.9817],"stabilizedTipPosition":[4.99831,215.357,89.8431],"timeVisible":41.5497,"tipPosition":[50.6905,217.247,-10.6775],"tipVelocity":[97.5826,250.071,-281.293],"tool":false,"touchDistance":0.333333,"touchZone":"none","type":3,"width":18.027},{"bases":[[[0.831458,-0.512962,-0.213417],[0.511821,0.557757,0.653411],[-0.21614,-0.652516,0.726297]],[[0.773915,-0.629537,-0.0688337],[0.498565,0.672686,-0.546742],[0.390498,0.388814,0.834467]],[[0.773915,-0.629537,-0.0688337],[-0.325638,-0.302368,-0.895842],[0.543153,0.715721,-0.439009]],[[0.773915,-0.629537,-0.0688337],[-0.592635,-0.681627,-0.429149],[0.223246,0.372918,-0.900607]]],"btipPosition":[60.3706,224.91,-7.94286],"carpPosition":[76.0733,221.259,39.4361],"dipPosition":[64.208,231.321,-23.4235],"direction":[-0.543153,-0.715721,0.439009],"extended":false,"handId":703,"id":7034,"length":50.3709,"mcpPosition":[88.5715,258.991,-2.56177],"pipPosition":[74.8021,245.28,-31.9862],"stabilizedTipPosition":[19.2482,222.476,80.1704],"timeVisible":41.5497,"tipPosition":[61.3086,226.05,-10.6072],"tipVelocity":[98.2768,257.679,-266.797],"tool":false,"touchDistance":0.333333,"touchZone":"none","type":4,"width":16.013}],"r":[[0.966338,0.0855955,0.24262],[-0.149499,0.9543,0.258771],[-0.209382,-0.286332,0.934972]],"s":0.908293,"t":[-5.75112,9.97205,-78.9784],"timestamp":524002981318},false],[7,{"currentFrameRate":110.508,"devices":[],"gestures":[