{"sensorType":"Leap","data":[[0,{"currentFrameRate":109.837,"devices":[],"gestures":[],"hands":[{"armBasis":[[0.938758,0.0934385,-0.331666],[0.0901978,0.862335,0.49824],[0.332562,-0.497642,0.801096]],"armWidth":63.5437,"confidence":0.642588,"direction":[-0.0578667,0.73725,-0.673137],"elbow":[149.472,98.6269,270.47],"grabStrength":0,"id":703,"palmNormal":[-0.112279,-0.674796,-0.729414],"palmPosition":[48.7885,269.666,16.3071],"palmVelocity":[17.5104,147.404,-107.827],"palmWidth":90.7382,"pinchStrength":0.601827,"r":[[0.937273,0.195107,0.288882],[-0.258928,0.944497,0.20219],[-0.233399,-0.264307,0.935771]],"s":1.01019,"sphereCenter":[25.617,261.767,-20.518],"sphereRadius":47.6412,"stabilizedPalmPosition":[26.0487,259.314,75.2603],"t":[-7.99781,26.4335,-73.7234],"timeVisible":38.332,"type":"right","wrist":[59.9292,232.618,54.7722]}],"id":4306423,"interactionBox":{"center":[0,200,0],"size":[235.247,235.247,147.751]},"pointables":[{"bases":[[[0.488308,0.733988,0.472034],[-0.725552,0.040912,0.686951],[0.484902,-0.677929,0.552524]],[[0.312864,0.908714,0.276325],[-0.736686,0.0485344,0.674491],[0.599508,-0.414589,0.684621]],[[0.312864,0.908714,0.276325],[-0.942006,0.259685,0.212578],[0.121415,-0.326808,0.937259]],[[0.312864,0.908714,0.276325],[-0.529592,0.408409,-0.743461],[-0.788447,0.0862626,0.609024]]],"btipPosition":[15.1459,253.52,-27.4852],"carpPosition":[30.7159,223.784,52.6768],"dipPosition":[-3.25552,255.533,-13.2712],"direction":[-0.121415,0.326808,-0.937259],"extended":false,"handId":703,"id":7030,"length":51.9721,"mcpPosition":[30.7159,223.784,52.6768],"pipPosition":[0.872742,244.422,18.5967],"stabilizedTipPosition":[-37.8103,252.137,99.6331],"timeVisible":38.332,"tipPosition":[10.9451,255.329,-22.6526],"tipVelocity":[0.989728,122.147,-155.064],"tool":false,"touchDistance":-0.578714,"touchZone":"hovering","type":0,"width":20.194},{"bases":[[[0.968192,0.0908887,-0.233118],[0.0778679,0.775972,0.625942],[0.237784,-0.624184,0.744213]],[[0.962359,0.105477,-0.250478],[0.0953903,0.731898,0.674705],[0.25449,-0.673202,0.694287]],[[0.962359,0.105477,-0.250478],[-0.00216776,0.924568,0.381011],[0.271772,-0.366127,0.889995]],[[0.962359,0.105477,-0.250478],[-0.0823498,0.991461,0.101113],[0.259004,-0.0766805,0.962828]]],"btipPosition":[0.954243,329.308,-63.4655],"carpPosition":[40.2664,244.54,58.737],"dipPosition":[5.36723,328.001,-47.0606],"direction":[-0.271772,0.366127,-0.889995],"extended":true,"handId":703,"id":7031,"length":58.6448,"mcpPosition":[22.8211,290.334,4.13711],"pipPosition":[11.9179,319.176,-25.6086],"stabilizedTipPosition":[-47.5462,333.151,82.9638],"timeVisible":38.332,"tipPosition":[2.02935,330.799,-58.3923],"tipVelocity":[4.31383,85.2863,-133.017],"tool":false,"touchDistance":-0.584014,"touchZone":"hovering","type":1,"width":19.2893},{"bases":[[[0.96386,-0.127902,-0.233698],[0.245633,0.766275,0.593706],[0.103141,-0.629654,0.769999]],[[0.960972,-0.112081,-0.252922],[-0.0815575,0.75884,-0.646151],[0.264349,0.641561,0.720083]],[[0.960972,-0.112081,-0.252922],[-0.27363,-0.51967,-0.809364],[-0.0407219,0.846984,-0.530057]],[[0.960972,-0.112081,-0.252922],[-0.198702,-0.915757,-0.349152],[-0.192482,0.385782,-0.902288]]],"btipPosition":[36.8991,229.05,0.285953],"carpPosition":[52.0196,247.328,56.5307],"dipPosition":[33.292,236.28,-16.6229],"direction":[0.0407219,-0.846984,0.530057],"extended":false,"handId":703,"id":7032,"length":66.821,"mcpPosition":[44.8436,291.136,2.95812],"pipPosition":[32.1372,260.298,-31.6541],"stabilizedTipPosition":[9.50233,215.498,59.318],"timeVisible":38.332,"tipPosition":[36.2553,230.519,-2.96481],"tipVelocity":[-3.1963,158.346,-127.369],"tool":false,"touchDistance":0.333333,"touchZone":"none","type":2,"width":18.9446},{"bases":[[[0.947255,-0.276565,-0.161926],[0.317031,0.734716,0.599736],[-0.0468964,-0.619438,0.783643]],[[0.948311,-0.254929,-0.18899],[0.0539855,0.716456,-0.69554],[0.312716,0.649386,0.693186]],[[0.948311,-0.254929,-0.18899],[-0.301275,-0.536141,-0.788534],[0.0996948,0.804714,-0.585232]],[[0.948311,-0.254929,-0.18899],[-0.304611,-0.898232,-0.316845],[-0.0889841,0.358036,-0.929458]]],"btipPosition":[51.8062,227.831,7.23288],"carpPosition":[63.9062,246.972,53.5848],"dipPosition":[50.1482,234.502,-10.0851],"direction":[-0.0996948,-0.804714,0.585232],"extended":false,"handId":703,"id":7033,"length":64.2502,"mcpPosition":[66.8356,285.666,4.63326],"pipPosition":[52.9023,256.732,-26.2523],"stabilizedTipPosition":[34.4585,217.408,43.7393],"timeVisible":38.332,"tipPosition":[51.4297,229.486,3.06869],"tipVelocity":[0.595905,151.649,-133.188],"tool":false,"touchDistance":0.333333,"touchZone":"none","type":3,"width":18.027},{"bases":[[[0.869969,-0.463969,-0.166992],[0.455108,0.625124,0.634111],[-0.189817,-0.627656,0.754995]],[[0.852149,-0.512345,-0.106512],[0.322928,0.675015,-0.66338],[0.411776,0.530903,0.740664]],[[0.852149,-0.512345,-0.106512],[-0.359326,-0.424915,-0.830862],[0.380429,0.746291,-0.54619]],[[0.852149,-0.512345,-0.106512],[-0.512652,-0.776486,-0.366412],[0.105024,0.366841,-0.924336]]],"btipPosition":[62.191,236.539,5.0424],"carpPosition":[74.9601,239.827,48.2748],"dipPosition":[63.9963,242.845,-10.8461],"direction":[-0.380429,-0.746291,0.54619],"extended":false,"handId":703,"id":7034,"length":50.3709,"mcpPosition":[85.9362,276.121,4.61745],"pipPosition":[71.4164,257.401,-21.4994],"stabilizedTipPosition":[44.2997,225.074,43.7317],"timeVisible":38.332,"tipPosition":[62.4574,238.135,1.68971],"tipVelocity":[5.25452,149.543,-135.227],"tool":false,"touchDistance":0.333333,"touchZone":"none","type":4,"width":16.013}],"r":[[0.937273,0.195107,0.288882],[-0.258928,0.944497,0.20219],[-0.233399,-0.264307,0.935771]],"s":1.01019,"t":[-7.99781,26.4335,-73.7234],"timestamp":523999763650},false],[1,{"currentFrameRate":100.556,"devices":[],"gestures":[],"hands":[{"armBasis":[[0.930407,0.10723,-0.350491],[0.074901,0.880445,0.468195],[0.358793,-0.461864,0.811141]],"armWidth":63.5437,"confidence":0.658064,"direction":[-0.0622396,0.742201,-0.667281],"elbow":[155.719,112.153,269.733],"grabStrength":0,"id":703,"palmNormal":[-0.101768,-0.669812,-0.735524],"palmPosition":[47.7755,273.762,13.1201],"palmVelocity":[-16.4932,149.429,-113.666],"palmWidth":90.7382,"pinchStrength":0.604909,"r":[[0.937461,0.194899,0.288411],[-0.259354,0.943713,0.205284],[-0.232168,-0.267247,0.935242]],"s":1.00651,"sphereCenter":[25.4128,265.497,-24.2588],"sphereRadius":47.4187,"stabilizedPalmPosition":[34.9118,265.208,49.9111],"t":[-8.47974,29.0515,-75.6783],"timeVisible":38.3592,"type":"right","wrist":[59.1129,236.512,51.3312]}],"id":4306424,"interactionBox":{"center":[0,200,0],"size":[235.247,235.247,147.751]},"pointables":[{"bases":[[[0.478403,0.735021,0.480494],[-0.729245,0.0277043,0.683692],[0.489216,-0.677478,0.549264]],[[0.299405,0.911369,0.282424],[-0.743676,0.0374661,0.667489],[0.597748,-0.409882,0.688981]],[[0.299405,0.911369,0.282424],[-0.945972,0.244929,0.212476],[0.12447,-0.330782,0.935463]],[[0.299405,0.911369,0.282424],[-0.540303,0.405919,-0.737091],[-0.786403,0.0680945,0.613949]]],"btipPosition":[14.3691,257.455,-31.4137],"carpPosition":[30.0031,227.394,49.0191],"dipPosition":[-3.98459,259.045,-17.0849],"direction":[-0.12447,0.330782,-0.935463],"extended":false,"handId":703,"id":7030,"length":51.9721,"mcpPosition":[30.0031,227.394,49.0191],"pipPosition":[0.247529,247.798,14.722],"stabilizedTipPosition":[-34.7878,252.495,91.5817],"timeVisible":38.3592,"tipPosition":[10.1995,259.067,-26.5869],"tipVelocity":[-17.1118,133.957,-147.91],"tool":false,"touchDistance":-0.607708,"touchZone":"hovering","type":0,"width":20.194},{"bases":[[[0.968314,0.102802,-0.227595],[0.0668119,0.771488,0.632726],[0.240632,-0.627884,0.740175]],[[0.962363,0.117597,-0.245006],[0.080621,0.737414,0.670612],[0.259533,-0.665125,0.70018]],[[0.962363,0.117597,-0.245006],[-0.0182181,0.92742,0.373579],[0.271155,-0.355055,0.894657]],[[0.962363,0.117597,-0.245006],[-0.0974976,0.990914,0.0926512],[0.253676,-0.0652766,0.965084]]],"btipPosition":[-0.322599,332.429,-67.0116],"carpPosition":[39.3089,248.197,55.298],"dipPosition":[3.99961,331.316,-50.5682],"direction":[-0.271155,0.355055,-0.894657],"extended":true,"handId":703,"id":7031,"length":58.6448,"mcpPosition":[21.6547,294.262,0.994334],"pipPosition":[10.5354,322.758,-29.0038],"stabilizedTipPosition":[-46.0701,333.121,78.4882],"timeVisible":38.3592,"tipPosition":[0.717406,333.946,-61.9639],"tipVelocity":[-27.9978,104.624,-131.216],"tool":false,"touchDistance":-0.607004,"touchZone":"hovering","type":1,"width":19.2893},{"bases":[[[0.966249,-0.116009,-0.23001],[0.234822,0.763789,0.601236],[0.10593,-0.634955,0.765252]],[[0.963336,-0.100283,-0.24885],[-0.0843911,0.767183,-0.635852],[0.254679,0.633541,0.730592]],[[0.963336,-0.100283,-0.24885],[-0.264472,-0.510988,-0.817891],[-0.0451394,0.853718,-0.518775]],[[0.963336,-0.100283,-0.24885],[-0.188203,-0.91362,-0.360386],[-0.191214,0.394008,-0.898997]]],"btipPosition":[36.2949,233.255,-3.62862],"carpPosition":[51.0432,251.124,53.1726],"dipPosition":[32.7116,240.639,-20.4758],"direction":[0.0451394,-0.853718,0.518775],"extended":false,"handId":703,"id":7032,"length":66.821,"mcpPosition":[43.6731,295.301,-0.0697096],"pipPosition":[31.4315,264.849,-35.1871],"stabilizedTipPosition":[16.2937,220.586,41.8425],"timeVisible":38.3592,"tipPosition":[35.669,234.74,-6.80946],"tipVelocity":[-14.8833,156.879,-137.368],"tool":false,"touchDistance":0.333333,"touchZone":"none","type":2,"width":18.9446},{"bases":[[[0.950836,-0.265429,-0.159554],[0.306513,0.732919,0.607355],[-0.0442692,-0.626401,0.778243]],[[0.951801,-0.243485,-0.186522],[0.0535382,0.730676,-0.680622],[0.302008,0.63783,0.708494]],[[0.951801,-0.243485,-0.186522],[-0.290724,-0.522373,-0.801627],[0.09775,0.817216,-0.567982]],[[0.951801,-0.243485,-0.186522],[-0.294444,-0.895651,-0.333336],[-0.0858962,0.37219,-0.924174]]],"btipPosition":[51.1561,232.114,3.01066],"carpPosition":[62.9469,250.915,50.2824],"dipPosition":[49.5556,239.049,-14.2088],"direction":[-0.09775,-0.817216,0.567982],"extended":false,"handId":703,"id":7033,"length":64.2502,"mcpPosition":[65.7122,290.044,1.66811],"pipPosition":[52.256,261.625,-29.8995],"stabilizedTipPosition":[38.9491,221.891,31.4499],"timeVisible":38.3592,"tipPosition":[50.8311,233.783,-0.854082],"tipVelocity":[-14.317,156.709,-146.406],"tool":false,"touchDistance":0.333333,"touchZone":"none","type":3,"width":18.027},{"bases":[[[0.875519,-0.45357,-0.166553],[0.445548,0.624473,0.641498],[-0.186957,-0.635852,0.748826]],[[0.857569,-0.503422,-0.105557],[0.324807,0.689125,-0.647771],[0.398844,0.521222,0.754487]],[[0.857569,-0.503422,-0.105557],[-0.346353,-0.413437,-0.842086],[0.380284,0.758707,-0.528913]],[[0.857569,-0.503422,-0.105557],[-0.502428,-0.775869,-0.381566],[0.11019,0.380254,-0.918295]]],"btipPosition":[61.5352,240.983,1.16379],"carpPosition":[74.0997,243.929,44.9677],"dipPosition":[63.4293,247.519,-14.6209],"direction":[-0.380284,-0.758707,0.528913],"extended":false,"handId":703,"id":7034,"length":50.3709,"mcpPosition":[84.9104,280.697,1.66709],"pipPosition":[70.8466,262.318,-24.9371],"stabilizedTipPosition":[49.0962,229.8,31.1918],"timeVisible":38.3592,"tipPosition":[61.8504,242.567,-2.02746],"tipVelocity":[-12.5157,159.405,-139.305],"tool":false,"touchDistance":0.333333,"touchZone":"none","type":4,"width":16.013}],"r":[[0.937461,0.194899,0.288411],[-0.259354,0.943713,0.205284],[-0.232168,-0.267247,0.935242]],"s":1.00651,"t":[-8.47974,29.0515,-75.6783],"timestamp":523999790835},false],[2,{"currentFrameRate":101.032,"devices":[],"gestures":[],"hands":[{"armBasis":[[0.929107,0.10922,-0.353315],[0.0718568,0.883866,0.462188],[0.362763,-0.45481,0.813358]],"armWidth":63.5437,"confidence":0.658757,"direction":[-0.0633398,0.743268,-0.665989],"elbow":[156.576,114.816,269.682],"grabStrength":0,"id":703,"palmNormal":[-0.0997947,-0.668701,-0.736804],"palmPosition":[47.512,274.57,12.5306],"palmVelocity":[-20.0178,133.145,-100.518],"palmWidth":90.7382,"pinchStrength":0.608163,"r":[[0.937486,0.195031,0.288242],[-0.260126,0.942892,0.20806],[-0.231203,-0.270033,0.93468]],"s":1.00339,"sphereCenter":[25.3531,266.197,-24.9891],"sphereRadius":47.3548,"stabilizedPalmPosition":[37.0618,266.805,43.5327],"t":[-8.85247,30.7644,-76.9505],"timeVisible":38.3682,"type":"right","wrist":[58.9011,237.275,50.6828]}],"id":4306425,"interactionBox":{"center":[0,200,0],"size":[235.247,235.247,147.751]},"pointables":[{"bases":[[[0.476476,0.735175,0.48217],[-0.729803,0.0249106,0.683203],[0.490263,-0.677419,0.548403]],[[0.296247,0.912161,0.283195],[-0.745295,0.0353455,0.665798],[0.597305,-0.408305,0.6903]],[[0.296247,0.912161,0.283195],[-0.946838,0.241532,0.21251],[0.125442,-0.331096,0.935222]],[[0.296247,0.912161,0.283195],[-0.543092,0.404782,-0.735664],[-0.785677,0.0641374,0.615303]]],"btipPosition":[14.1506,258.185,-32.189],"carpPosition":[29.8126,228.099,48.3329],"dipPosition":[-4.18614,259.682,-17.8285],"direction":[-0.125442,0.331096,-0.935222],"extended":false,"handId":703,"id":7030,"length":51.9721,"mcpPosition":[29.8126,228.099,48.3329],"pipPosition":[0.0790604,248.424,13.9702],"stabilizedTipPosition":[-33.672,252.646,88.5761],"timeVisible":38.3682,"tipPosition":[9.98623,259.758,-27.3683],"tipVelocity":[-18.9736,118.881,-130.829],"tool":false,"touchDistance":-0.586791,"touchZone":"touching","type":0,"width":20.194},{"bases":[[[0.968258,0.105284,-0.226696],[0.0646961,0.770487,0.634164],[0.241434,-0.628701,0.739219]],[[0.962267,0.120148,-0.244144],[0.0773462,0.739453,0.668751],[0.260881,-0.6624,0.702258]],[[0.962267,0.120148,-0.244144],[-0.0219139,0.928542,0.370581],[0.271222,-0.351248,0.896138]],[[0.962267,0.120148,-0.244144],[-0.101055,0.990863,0.0893247],[0.252645,-0.0612824,0.965616]]],"btipPosition":[-0.662881,332.926,-67.7172],"carpPosition":[39.0693,248.91,54.6561],"dipPosition":[3.64176,331.882,-51.2647],"direction":[-0.271222,0.351248,-0.896138],"extended":true,"handId":703,"id":7031,"length":58.6448,"mcpPosition":[21.3562,295.036,0.422557],"pipPosition":[10.1792,323.415,-29.6646],"stabilizedTipPosition":[-45.5396,333.116,76.86],"timeVisible":38.3682,"tipPosition":[0.371103,334.452,-62.6816],"tipVelocity":[-30.8367,91.6118,-116.741],"tool":false,"touchDistance":-0.585189,"touchZone":"hovering","type":1,"width":19.2893},{"bases":[[[0.966664,-0.113526,-0.229506],[0.232745,0.763204,0.602784],[0.106729,-0.636106,0.764185]],[[0.963748,-0.0978549,-0.248222],[-0.0846131,0.77021,-0.632153],[0.253043,0.630239,0.734008]],[[0.963748,-0.0978549,-0.248222],[-0.262879,-0.50743,-0.820615],[-0.0456544,0.856118,-0.514759]],[[0.963748,-0.0978549,-0.248222],[-0.186362,-0.912652,-0.36378],[-0.190943,0.396851,-0.897803]]],"btipPosition":[36.0831,234.115,-4.48278],"carpPosition":[50.7988,251.867,52.5447],"dipPosition":[32.5048,241.552,-21.3076],"direction":[0.0456544,-0.856118,0.514759],"extended":false,"handId":703,"id":7032,"length":66.821,"mcpPosition":[43.3732,296.124,-0.623394],"pipPosition":[31.2102,265.83,-35.905],"stabilizedTipPosition":[18.12,222.053,37.0092],"timeVisible":38.3682,"tipPosition":[35.467,235.604,-7.6214],"tipVelocity":[-17.2347,140.524,-125.647],"tool":false,"touchDistance":0.333333,"touchZone":"none","type":2,"width":18.9446},{"bases":[[[0.951519,-0.263105,-0.159332],[0.304498,0.732477,0.6089],[-0.043498,-0.627896,0.777081]],[[0.952457,-0.241053,-0.186328],[0.0529206,0.733168,-0.677986],[0.300041,0.635892,0.711068]],[[0.952457,-0.241053,-0.186328],[-0.288872,-0.520111,-0.803764],[0.0968386,0.819376,-0.565018]],[[0.952457,-0.241053,-0.186328],[-0.292346,-0.89528,-0.336166],[-0.0857821,0.374656,-0.923187]]],"btipPosition":[50.9767,232.962,2.24878],"carpPosition":[62.705,251.688,49.6628],"dipPosition":[49.3784,239.943,-14.9523],"direction":[-0.0968386,-0.819376,0.565018],"extended":false,"handId":703,"id":7033,"length":64.2502,"mcpPosition":[65.4222,290.911,1.12119],"pipPosition":[52.0536,262.578,-30.5611],"stabilizedTipPosition":[40.1149,223.158,28.1347],"timeVisible":38.3682,"tipPosition":[50.655,234.632,-1.57722],"tipVelocity":[-15.8532,139.966,-129.421],"tool":false,"touchDistance":0.333333,"touchZone":"none","type":3,"width":18.027},{"bases":[[[0.87661,-0.451395,-0.166725],[0.44374,0.624267,0.642951],[-0.186143,-0.6376,0.747541]],[[0.858543,-0.501813,-0.105303],[0.325963,0.692693,-0.64337],[0.395794,0.518036,0.758278]],[[0.858543,-0.501813,-0.105303],[-0.343181,-0.409791,-0.845162],[0.380961,0.761745,-0.524035]],[[0.858543,-0.501813,-0.105303],[-0.500397,-0.775218,-0.385538],[0.111835,0.383694,-0.916664]]],"btipPosition":[61.3312,241.885,0.3573],"carpPosition":[73.8766,244.735,44.3438],"dipPosition":[63.2536,248.48,-15.3993],"direction":[-0.380961,-0.761745,0.524035],"extended":false,"handId":703,"id":7034,"length":50.3709,"mcpPosition":[84.6403,281.604,1.11746],"pipPosition":[70.6841,263.338,-25.6205],"stabilizedTipPosition":[50.3726,231.17,27.7224],"timeVisible":38.3682,"tipPosition":[61.6644,243.461,-2.78378],"tipVelocity":[-15.1145,143.675,-125.559],"tool":false,"touchDistance":0.333333,"touchZone":"none","type":4,"width":16.013}],"r":[[0.937486,0.195031,0.288242],[-0.260126,0.942892,0.20806],[-0.231203,-0.270033,0.93468]],"s":1.00339,"t":[-8.85247,30.7644,-76.9505],"timestamp":523999799811},false],[3,{"currentFrameRate":101.47,"devices":[],"gestures":[],"hands":[{"armBasis":[[0.928199,0.111309,-0.355045],[0.0693325,0.885754,0.458947],[0.365568,-0.450611,0.814439]],"armWidth":63.5437,"confidence":0.655118,"direction":[-0.0641009,0.744001,-0.665097],"elbow":[157.125,116.544,269.553],"grabStrength":0,"id":703,"palmNormal":[-0.0978902,-0.667941,-0.737748],"palmPosition":[47.2722,275.195,12.1484],"palmVelocity":[-21.829,115.607,-84.5491],"palmWidth":90.7382,"pinchStrength":0.615168,"r":[[0.93738,0.195408,0.288329],[-0.261127,0.942079,0.210473],[-0.230501,-0.272584,0.934113]],"s":1.00031,"sphereCenter":[25.3646,266.695,-25.5363],"sphereRadius":47.2597,"stabilizedPalmPosition":[38.9139,268.327,37.84],"t":[-9.15871,31.9333,-77.7777],"timeVisible":38.3772,"type":"right","wrist":[58.6952,237.872,50.2634]}],"id":4306426,"interactionBox":{"center":[0,200,0],"size":[235.247,235.247,147.751]},"pointables":[{"bases":[[[0.474681,0.735434,0.483544],[-0.730471,0.0226939,0.682566],[0.491009,-0.677216,0.547986]],[[0.291429,0.91424,0.281486],[-0.748619,0.0347836,0.662088],[0.595516,-0.403677,0.694554]],[[0.291429,0.91424,0.281486],[-0.948152,0.237063,0.211683],[0.126799,-0.328582,0.935925]],[[0.291429,0.91424,0.281486],[-0.546337,0.40062,-0.735541],[-0.78523,0.0605716,0.616235]]],"btipPosition":[13.9963,258.499,-32.9043],"carpPosition":[29.6258,228.646,47.8751],"dipPosition":[-4.33001,259.913,-18.522],"direction":[-0.126799,0.328582,-0.935925],"extended":false,"handId":703,"id":7030,"length":51.9721,"mcpPosition":[29.6258,228.646,47.8751],"pipPosition":[-0.0186829,248.741,13.3006],"stabilizedTipPosition":[-32.5112,252.811,85.4192],"timeVisible":38.3772,"tipPosition":[9.82448,260.06,-28.1092],"tipVelocity":[-18.392,95.1973,-116.534],"tool":false,"touchDistance":-0.567099,"touchZone":"touching","type":0,"width":20.194},{"bases":[[[0.968269,0.107356,-0.225675],[0.0626979,0.769794,0.635206],[0.241917,-0.6292,0.738637]],[[0.96222,0.122341,-0.243238],[0.0740374,0.742133,0.666151],[0.262012,-0.658993,0.705038]],[[0.96222,0.122341,-0.243238],[-0.0255582,0.930005,0.366656],[0.27107,-0.346587,0.897997]],[[0.96222,0.122341,-0.243238],[-0.104481,0.990882,0.0850674],[0.251427,-0.0564399,0.966229]]],"btipPosition":[-0.95326,333.177,-68.2716],"carpPosition":[38.8383,249.466,54.2333],"dipPosition":[3.33064,332.215,-51.8086],"direction":[-0.27107,0.346587,-0.897997],"extended":true,"handId":703,"id":7031,"length":58.6448,"mcpPosition":[21.0899,295.628,0.0425088],"pipPosition":[9.86437,323.861,-30.1638],"stabilizedTipPosition":[-44.9803,333.114,75.1251],"timeVisible":38.3772,"tipPosition":[0.0755204,334.682,-63.2752],"tipVelocity":[-31.3638,74.6736,-101.489],"tool":false,"touchDistance":-0.563283,"touchZone":"hovering","type":1,"width":19.2893},{"bases":[[[0.96708,-0.111453,-0.228766],[0.230789,0.76286,0.603971],[0.107203,-0.636885,0.763469]],[[0.964179,-0.0958919,-0.247313],[-0.083985,0.774035,-0.627547],[0.251605,0.625839,0.738255]],[[0.964179,-0.0958919,-0.247313],[-0.261351,-0.502756,-0.823973],[-0.0453255,0.859093,-0.509808]],[[0.964179,-0.0958919,-0.247313],[-0.184934,-0.91141,-0.367602],[-0.190153,0.40017,-0.896496]]],"btipPosition":[35.8606,234.814,-5.2103],"carpPosition":[50.5643,252.446,52.1364],"dipPosition":[32.2971,242.313,-22.0106],"direction":[0.0453255,-0.859093,0.509808],"extended":false,"handId":703,"id":7032,"length":66.821,"mcpPosition":[43.1057,296.758,-0.981903],"pipPosition":[31.0118,266.675,-36.4676],"stabilizedTipPosition":[19.7479,223.447,32.5758],"timeVisible":38.3772,"tipPosition":[35.2577,236.306,-8.29791],"tipVelocity":[-19.1804,123.654,-113.131],"tool":false,"touchDistance":0.333333,"touchZone":"none","type":2,"width":18.9446},{"bases":[[[0.952147,-0.261149,-0.158797],[0.302592,0.732257,0.610113],[-0.0430506,-0.628968,0.776238]],[[0.953073,-0.238845,-0.186025],[0.0535543,0.737791,-0.672902],[0.297967,0.631362,0.715959]],[[0.953073,-0.238845,-0.186025],[-0.286733,-0.514993,-0.807816],[0.0971412,0.823247,-0.559311]],[[0.953073,-0.238845,-0.186025],[-0.290586,-0.894098,-0.340806],[-0.0849248,0.378869,-0.921545]]],"btipPosition":[50.7853,233.651,1.49761],"carpPosition":[62.4735,252.294,49.2652],"dipPosition":[49.203,240.71,-15.6729],"direction":[-0.0971412,-0.823247,0.559311],"extended":false,"handId":703,"id":7033,"length":64.2502,"mcpPosition":[65.1627,291.583,0.776201],"pipPosition":[51.8865,263.452,-31.124],"stabilizedTipPosition":[41.1273,224.349,25.1303],"timeVisible":38.3772,"tipPosition":[50.4767,235.316,-2.21591],"tipVelocity":[-17.2226,123.053,-116.547],"tool":false,"touchDistance":0.333333,"touchZone":"none","type":3,"width":18.027},{"bases":[[[0.877592,-0.449567,-0.166499],[0.442002,0.624261,0.644153],[-0.185651,-0.638896,0.746556]],[[0.859152,-0.50105,-0.103953],[0.329275,0.69681,-0.637207],[0.391708,0.513229,0.76365]],[[0.859152,-0.50105,-0.103953],[-0.33865,-0.404425,-0.849563],[0.383632,0.765107,-0.517143]],[[0.859152,-0.50105,-0.103953],[-0.498539,-0.773761,-0.390837],[0.115394,0.387613,-0.914571]]],"btipPosition":[61.1196,242.629,-0.341767],"carpPosition":[73.6627,245.368,43.9476],"dipPosition":[63.1032,249.292,-16.0624],"direction":[-0.383632,-0.765107,0.517143],"extended":false,"handId":703,"id":7034,"length":50.3709,"mcpPosition":[84.3979,282.312,0.77818],"pipPosition":[70.5858,264.215,-26.1491],"stabilizedTipPosition":[51.5082,232.486,24.5113],"timeVisible":38.3772,"tipPosition":[61.4891,244.186,-3.40802],"tipVelocity":[-16.9851,127.359,-112.119],"tool":false,"touchDistance":0.333333,"touchZone":"none","type":4,"width":16.013}],"r":[[0.93738,0.195408,0.288329],[-0.261127,0.942079,0.210473],[-0.230501,-0.272584,0.934113]],"s":1.00031,"t":[-9.15871,31.9333,-77.7777],"timestamp":523999808822},false],[4,{"currentFrameRate":101.863,"devices":[],"gestures":[],"hands":[{"armBasis":[[0.924863,0.118539,-0.361354],[0.0641552,0.887931,0.45548],[0.37485,-0.444439,0.81361]],"armWidth":63.5437,"confidence":0.655615,"direction":[-0.0684546,0.743936,-0.664735],"elbow":[159.295,119.405,268.478],"grabStrength":0,"id":703,"palmNormal":[-0.094441,-0.668138,-0.738019],"palmPosition":[46.7231,276.348,11.3168],"palmVelocity":[-32.5351,118.81,-86.5401],"palmWidth":90.7382,"pinchStrength":0.618182,"r":[[0.937098,0.196723,0.288353],[-0.262956,0.941114,0.212506],[-0.229568,-0.274963,0.933646]],"s":0.996437,"sphereCenter":[25.2546,267.498,-26.6392],"sphereRadius":47.0737,"stabilizedPalmPosition":[40.4273,269.881,32.6998],"t":[-9.58639,33.0941,-78.6071],"timeVisible":38.3862,"type":"right","wrist":[58.366,239.071,49.4108]}],"id":4306427,"interactionBox":{"center":[0,200,0],"size":[235.247,235.247,147.751]},"pointables":[{"bases":[[[0.470763,0.737835,0.483716],[-0.73035,0.0183337,0.682827],[0.494945,-0.674732,0.547508]],[[0.282701,0.918122,0.277725],[-0.75195,0.0323658,0.658426],[0.595526,-0.394973,0.699532]],[[0.282701,0.918122,0.277725],[-0.95011,0.228243,0.212592],[0.131796,-0.32397,0.936842]],[[0.282701,0.918122,0.277725],[-0.558097,0.392922,-0.730849],[-0.780133,0.0516144,0.623481]]],"btipPosition":[13.4285,259.158,-34.1991],"carpPosition":[29.3474,229.685,47.0283],"dipPosition":[-4.77887,260.362,-19.6478],"direction":[-0.131796,0.32397,-0.936842],"extended":false,"handId":703,"id":7030,"length":51.9721,"mcpPosition":[29.3474,229.685,47.0283],"pipPosition":[-0.297625,249.347,12.206],"stabilizedTipPosition":[-31.3793,252.99,82.2672],"timeVisible":38.3862,"tipPosition":[9.30299,260.67,-29.3632],"tipVelocity":[-29.783,87.5054,-122.623],"tool":false,"touchDistance":-0.557561,"touchZone":"touching","type":0,"width":20.194},{"bases":[[[0.967581,0.112825,-0.225959],[0.0586491,0.769841,0.635536],[0.245657,-0.628184,0.738266]],[[0.961436,0.1278,-0.243532],[0.06807,0.747355,0.660929],[0.266471,-0.652018,0.709835]],[[0.961436,0.1278,-0.243532],[-0.0331694,0.932896,0.358614],[0.273021,-0.336707,0.901159]],[[0.961436,0.1278,-0.243532],[-0.112461,0.99075,0.0759403],[0.250984,-0.045624,0.966915]]],"btipPosition":[-1.84996,333.469,-69.3783],"carpPosition":[38.4465,250.553,53.3929],"dipPosition":[2.42639,332.691,-52.9037],"direction":[-0.273021,0.336707,-0.901159],"extended":true,"handId":703,"id":7031,"length":58.6448,"mcpPosition":[20.4237,296.641,-0.770772],"pipPosition":[9.00714,324.575,-31.1826],"stabilizedTipPosition":[-44.4195,333.117,73.3362],"timeVisible":38.3862,"tipPosition":[-0.832653,335.014,-64.4049],"tipVelocity":[-50.0821,64.2267,-107.105],"tool":false,"touchDistance":-0.551849,"touchZone":"hovering","type":1,"width":19.2893},{"bases":[[[0.967604,-0.105986,-0.229149],[0.226765,0.763854,0.604239],[0.110996,-0.636627,0.763142]],[[0.964632,-0.0905379,-0.247563],[-0.0873011,0.776432,-0.624125],[0.248723,0.623663,0.741068]],[[0.964632,-0.0905379,-0.247563],[-0.258986,-0.500452,-0.82612],[-0.0490981,0.861017,-0.5062]],[[0.964632,-0.0905379,-0.247563],[-0.180489,-0.911336,-0.369987],[-0.192115,0.401584,-0.895445]]],"btipPosition":[35.4698,235.973,-6.28781],"carpPosition":[50.1551,253.6,51.2933],"dipPosition":[31.8696,243.499,-23.0684],"direction":[0.0490981,-0.861017,0.5062],"extended":false,"handId":703,"id":7032,"length":66.821,"mcpPosition":[42.4326,297.893,-1.80223],"pipPosition":[30.4772,267.915,-37.4231],"stabilizedTipPosition":[21.1824,224.82,28.4607],"timeVisible":38.3862,"tipPosition":[34.8656,237.465,-9.34347],"tipVelocity":[-26.0514,125.004,-114.584],"tool":false,"touchDistance":0.333333,"touchZone":"none","type":2,"width":18.9446},{"bases":[[[0.953526,-0.255795,-0.159243],[0.298739,0.733646,0.610343],[-0.0392945,-0.62955,0.775966]],[[0.954322,-0.233019,-0.187009],[0.0563606,0.755064,-0.653224],[0.293417,0.612846,0.733707]],[[0.954322,-0.233019,-0.187009],[-0.281853,-0.494417,-0.82226],[0.0991423,0.837409,-0.53751]],[[0.954322,-0.233019,-0.187009],[-0.28692,-0.889335,-0.356034],[-0.0833504,0.393428,-0.915569]]],"btipPosition":[50.2592,235.07,-0.837051],"carpPosition":[62.0639,253.514,48.4179],"dipPosition":[48.7062,242.4,-17.8962],"direction":[-0.0991423,-0.837409,0.53751],"extended":false,"handId":703,"id":7033,"length":64.2502,"mcpPosition":[64.5185,292.84,-0.0540613],"pipPosition":[51.445,265.534,-32.7451],"stabilizedTipPosition":[41.9303,225.484,22.3948],"timeVisible":38.3862,"tipPosition":[50.018,236.727,-4.07548],"tipVelocity":[-28.2935,134.226,-154.727],"tool":false,"touchDistance":0.333333,"touchZone":"none","type":3,"width":18.027},{"bases":[[[0.880013,-0.444619,-0.167006],[0.438757,0.626409,0.644286],[-0.181848,-0.640255,0.746328]],[[0.861473,-0.497193,-0.103264],[0.328933,0.70129,-0.632452],[0.386869,0.510873,0.767686]],[[0.861473,-0.497193,-0.103264],[-0.33392,-0.401444,-0.852842],[0.382573,0.769182,-0.511856]],[[0.861473,-0.497193,-0.103264],[-0.494341,-0.774597,-0.394495],[0.116152,0.390894,-0.913077]]],"btipPosition":[60.7048,243.94,-1.45398],"carpPosition":[73.2896,246.653,43.0933],"dipPosition":[62.7014,250.659,-17.149],"direction":[-0.382573,-0.769182,0.511856],"extended":false,"handId":703,"id":7034,"length":50.3709,"mcpPosition":[83.8048,283.676,-0.0629177],"pipPosition":[70.1633,265.662,-27.1325],"stabilizedTipPosition":[52.501,233.823,21.4706],"timeVisible":38.3862,"tipPosition":[61.0975,245.479,-4.46179],"tipVelocity":[-24.8445,132.528,-114.867],"tool":false,"touchDistance":0.333333,"touchZone":"none","type":4,"width":16.013}],"r":[[0.937098,0.196723,0.288353],[-0.262956,0.941114,0.212506],[-0.229568,-0.274963,0.933646]],"s":0.996437,"t":[-9.58639,33.0941,-78.6071],"timestamp":523999817885},false],[5,{"currentFrameRate":102.267,"devices":[],"gestures":[],"hands":[{"armBasis":[[0.923315,0.115848,-0.366154],[0.0682562,0.888737,0.453308],[0.377929,-0.443539,0.812677]],"armWidth":63.5437,"confidence":0.658696,"direction":[-0.0677594,0.73942,-0.669826],"elbow":[159.062,121.899,266.291],"grabStrength":0,"id":703,"palmNormal":[-0.0980581,-0.673054,-0.733064],"palmPosition":[45.6848,278.363,9.14514],"palmVelocity":[-55.269,147.662,-129.009],"palmWidth":90.7382,"pinchStrength":0.622031,"r":[[0.937114,0.197629,0.28768],[-0.263768,0.940794,0.212917],[-0.228569,-0.275408,0.933759]],"s":0.992476,"sphereCenter":[24.3571,269.13,-28.8858],"sphereRadius":46.9575,"stabilizedPalmPosition":[41.4916,271.598,27.9314],"t":[-10.3194,34.6825,-80.1076],"timeVisible":38.3952,"type":"right","wrist":[57.3036,241.323,47.4759]}],"id":4306428,"interactionBox":{"center":[0,200,0],"size":[235.247,235.247,147.751]},"pointables":[{"bases":[[[0.474012,0.73984,0.477439],[-0.72876,0.0253145,0.684301],[0.494188,-0.672306,0.551165]],[[0.283378,0.920881,0.267723],[-0.753232,0.0409334,0.65648],[0.593581,-0.38769,0.705236]],[[0.283378,0.920881,0.267723],[-0.949566,0.230355,0.212747],[0.134243,-0.314508,0.939714]],[[0.283378,0.920881,0.267723],[-0.563554,0.385784,-0.730464],[-0.775953,0.0561212,0.628289]]],"btipPosition":[12.2494,260.689,-36.497],"carpPosition":[28.2522,232.006,45.2243],"dipPosition":[-5.8604,261.999,-21.8334],"direction":[-0.134243,0.314508,-0.939714],"extended":false,"handId":703,"id":7030,"length":51.9721,"mcpPosition":[28.2522,232.006,45.2243],"pipPosition":[-1.29595,251.305,10.118],"stabilizedTipPosition":[-30.2416,253.221,78.9405],"timeVisible":38.3952,"tipPosition":[8.14193,262.221,-31.6707],"tipVelocity":[-56.884,110.918,-158.241],"tool":false,"touchDistance":-0.56422,"touchZone":"touching","type":0,"width":20.194},{"bases":[[[0.967399,0.108367,-0.2289],[0.0623353,0.774135,0.629944],[0.245465,-0.623675,0.742143]],[[0.961237,0.123287,-0.246625],[0.0703044,0.755306,0.651591],[0.26661,-0.643672,0.71736]],[[0.961237,0.123287,-0.246625],[-0.0310495,0.937176,0.347473],[0.27397,-0.326346,0.904676]],[[0.961237,0.123287,-0.246625],[-0.110526,0.991746,0.0649882],[0.252601,-0.0352106,0.96693]]],"btipPosition":[-2.91191,334.691,-72.0421],"carpPosition":[37.4269,252.892,51.4209],"dipPosition":[1.39199,334.091,-55.5672],"direction":[-0.27397,0.326346,-0.904676],"extended":true,"handId":703,"id":7031,"length":58.6448,"mcpPosition":[19.4181,298.648,-3.02716],"pipPosition":[7.99562,326.225,-33.7614],"stabilizedTipPosition":[-43.8901,333.134,71.5725],"timeVisible":38.3952,"tipPosition":[-1.87908,336.239,-67.1219],"tipVelocity":[-68.5234,85.1286,-158.935],"tool":false,"touchDistance":-0.564954,"touchZone":"hovering","type":1,"width":19.2893},{"bases":[[[0.966772,-0.110459,-0.230543],[0.230362,0.767431,0.598317],[0.110836,-0.631545,0.767376]],[[0.963822,-0.0952147,-0.248961],[-0.0854782,0.774282,-0.627041],[0.252469,0.625637,0.738131]],[[0.963822,-0.0952147,-0.248961],[-0.262409,-0.502885,-0.823558],[-0.0467839,0.859093,-0.509677]],[[0.963822,-0.0952147,-0.248961],[-0.184372,-0.912681,-0.36472],[-0.192495,0.397426,-0.897217]]],"btipPosition":[34.2268,237.946,-8.32899],"carpPosition":[49.1396,255.889,49.2738],"dipPosition":[30.6194,245.394,-25.1428],"direction":[0.0467839,-0.859093,0.509677],"extended":false,"handId":703,"id":7032,"length":66.821,"mcpPosition":[41.4282,299.828,-4.11634],"pipPosition":[29.2928,269.756,-39.5961],"stabilizedTipPosition":[22.3553,226.245,24.5567],"timeVisible":38.3952,"tipPosition":[33.6246,239.422,-11.3765],"tipVelocity":[-56.8613,150.294,-145.601],"tool":false,"touchDistance":0.333333,"touchZone":"none","type":2,"width":18.9446},{"bases":[[[0.95241,-0.259728,-0.159548],[0.302261,0.737054,0.604474],[-0.0394035,-0.623933,0.780484]],[[0.953214,-0.236741,-0.187978],[0.0602994,0.758248,-0.649172],[0.29622,0.607465,0.737048]],[[0.953214,-0.236741,-0.187978],[-0.284059,-0.488757,-0.82488],[0.103408,0.839685,-0.533138]],[[0.953214,-0.236741,-0.187978],[-0.290802,-0.887959,-0.356319],[-0.0825617,0.394313,-0.91526]]],"btipPosition":[48.9864,237.113,-3.4399],"carpPosition":[61.0417,255.748,46.3727],"dipPosition":[47.448,244.46,-20.4933],"direction":[-0.103408,-0.839685,0.533139],"extended":false,"handId":703,"id":7033,"length":64.2502,"mcpPosition":[63.5031,294.723,-2.38156],"pipPosition":[50.3047,267.656,-35.2214],"stabilizedTipPosition":[42.5069,226.63,19.8349],"timeVisible":38.3952,"tipPosition":[48.7627,238.74,-6.52932],"tipVelocity":[-59.2456,159.781,-191.575],"tool":false,"touchDistance":0.333333,"touchZone":"none","type":3,"width":18.027},{"bases":[[[0.878327,-0.448385,-0.165812],[0.442039,0.629647,0.638863],[-0.182054,-0.634426,0.751239]],[[0.859175,-0.50184,-0.0998761],[0.337613,0.702661,-0.626326],[0.384495,0.504404,0.773136]],[[0.859175,-0.50184,-0.0998761],[-0.330253,-0.394776,-0.857371],[0.390834,0.769616,-0.504916]],[[0.859175,-0.50184,-0.0998761],[-0.496889,-0.77169,-0.396984],[0.122149,0.390706,-0.912375]]],"btipPosition":[59.4818,245.989,-4.09915],"carpPosition":[72.2351,248.816,41.0717],"dipPosition":[61.5814,252.705,-19.7821],"direction":[-0.390834,-0.769616,0.504916],"extended":false,"handId":703,"id":7034,"length":50.3709,"mcpPosition":[82.7623,285.502,-2.36845],"pipPosition":[69.2045,267.716,-29.6303],"stabilizedTipPosition":[53.2459,235.191,18.5586],"timeVisible":38.3952,"tipPosition":[59.9296,247.476,-6.94009],"tipVelocity":[-54.6041,158.587,-163.914],"tool":false,"touchDistance":0.333333,"touchZone":"none","type":4,"width":16.013}],"r":[[0.937114,0.197629,0.28768],[-0.263768,0.940794,0.212917],[-0.228569,-0.275408,0.933759]],"s":0.992476,"t":[-10.3194,34.6825,-80.1076],"timestamp":523999826892},false],[6,{"currentFrameRate":102.542,"devices":[],"gestures":[],"hands":[{"armBasis":[[0.922851,0.11301,-0.368206],[0.0697314,0.891166,0.448287],[0.378793,-0.439378,0.814532]],"armWidth":63.5437,"confidence":0.654584,"direction":[-0.068476,0.737925,-0.6714],"elbow":[158.482,124.579,265.285],"grabStrength":0,"id":703,"palmNormal":[-0.100235,-0.674663,-0.731288],"palmPosition":[44.8259,279.845,7.57806],"palmVelocity":[-65.872,151.276,-140.454],"palmWidth":90.7382,"pinchStrength":0.63644,"r":[[0.937284,0.198311,0.286655],[-0.264149,0.940686,0.21292],[-0.227428,-0.275286,0.934074]],"s":0.988633,"sphereCenter":[23.6073,270.39,-30.5424],"sphereRadius":46.8724,"stabilizedPalmPosition":[42.2011,273.353,23.6003],"t":[-11.1153,36.2175,-81.6414],"timeVisible":38.4045,"type":"right","wrist":[56.4906,242.883,45.9703]}],"id":4306429,"interactionBox":{"center":[0,200,0],"size":[235.247,235.247,147.751]},"pointables":[{"bases":[[[0.475712,0.7405,0.474718],[-0.727292,0.0275932,0.685773],[0.494716,-0.67149,0.551686]],[[0.282032,0.922946,0.261971],[-0.754506,0.0447095,0.654769],[0.592604,-0.382325,0.708977]],[[0.282032,0.922946,0.261971],[-0.949566,0.229527,0.21364],[0.137049,-0.309012,0.941132]],[[0.282032,0.922946,0.261971],[-0.566995,0.380612,-0.730514],[-0.773934,0.0574922,0.630651]]],"btipPosition":[11.3292,261.785,-38.2092],"carpPosition":[27.4258,233.588,43.8016],"dipPosition":[-6.7335,263.127,-23.4906],"direction":[-0.137049,0.309012,-0.941132],"extended":false,"handId":703,"id":7030,"length":51.9721,"mcpPosition":[27.4258,233.588,43.8016],"pipPosition":[-2.07366,252.62,8.50906],"stabilizedTipPosition":[-29.0441,253.505,75.2995],"timeVisible":38.4045,"tipPosition":[7.21652,263.333,-33.4129],"tipVelocity":[-68.5683,113.345,-165.515],"tool":false,"touchDistance":-0.561625,"touchZone":"touching","type":0,"width":20.194},{"bases":[[[0.967016,0.106921,-0.231188],[0.06439,0.775538,0.628008],[0.246442,-0.62218,0.743073]],[[0.960873,0.121707,-0.248817],[0.0709526,0.760172,0.645836],[0.267747,-0.63822,0.721794]],[[0.960873,0.121707,-0.248817],[-0.0306823,0.939534,0.341079],[0.275284,-0.3201,0.906507]],[[0.960873,0.121707,-0.248817],[-0.110305,0.992126,0.0593215],[0.254078,-0.0295547,0.966732]]],"btipPosition":[-3.88289,335.689,-73.8317],"carpPosition":[36.6332,254.479,49.9302],"dipPosition":[0.446168,335.185,-57.3602],"direction":[-0.275284,0.3201,-0.906507],"extended":true,"handId":703,"id":7031,"length":58.6448,"mcpPosition":[18.5527,300.126,-4.58607],"pipPosition":[7.08148,327.47,-35.5102],"stabilizedTipPosition":[-43.3609,333.166,69.7447],"timeVisible":38.4045,"tipPosition":[-2.84465,337.222,-68.9477],"tipVelocity":[-78.6397,92.2429,-168.775],"tool":false,"touchDistance":-0.563648,"touchZone":"hovering","type":1,"width":19.2893},{"bases":[[[0.96618,-0.111908,-0.23232],[0.232344,0.768601,0.596044],[0.11186,-0.629864,0.768608]],[[0.963232,-0.0968301,-0.250614],[-0.0830798,0.779729,-0.620581],[0.255502,0.618585,0.743015]],[[0.963232,-0.0968301,-0.250614],[-0.26504,-0.495286,-0.827312],[-0.0440169,0.863317,-0.50274]],[[0.963232,-0.0968301,-0.250614],[-0.187329,-0.91071,-0.368124],[-0.192591,0.401536,-0.895364]]],"btipPosition":[33.1377,239.543,-10.4032],"carpPosition":[48.3442,257.46,47.7515],"dipPosition":[29.5286,247.068,-27.1823],"direction":[0.0440169,-0.863317,0.50274],"extended":false,"handId":703,"id":7032,"length":66.821,"mcpPosition":[40.5615,301.283,-5.72432],"pipPosition":[28.2803,271.549,-41.4388],"stabilizedTipPosition":[23.321,227.703,20.7903],"timeVisible":38.4045,"tipPosition":[32.565,241.015,-13.3171],"tipVelocity":[-74.0264,157.213,-167.562],"tool":false,"touchDistance":0.333333,"touchZone":"none","type":2,"width":18.9446},{"bases":[[[0.951828,-0.260998,-0.160948],[0.304226,0.738172,0.60212],[-0.0383449,-0.622079,0.782015]],[[0.952594,-0.238019,-0.189505],[0.0595276,0.756642,-0.651114],[0.298365,0.608966,0.734941]],[[0.952594,-0.238019,-0.189505],[-0.286298,-0.490505,-0.823067],[0.102952,0.838303,-0.535396]],[[0.952594,-0.238019,-0.189505],[-0.292352,-0.888557,-0.353548],[-0.0842354,0.39219,-0.91602]]],"btipPosition":[48.0667,238.562,-4.9121],"carpPosition":[60.2399,257.301,44.8257],"dipPosition":[46.4972,245.869,-21.9796],"direction":[-0.102952,-0.838303,0.535396],"extended":false,"handId":703,"id":7033,"length":64.2502,"mcpPosition":[62.6352,296.16,-4.02414],"pipPosition":[49.3413,269.027,-36.7701],"stabilizedTipPosition":[42.9516,227.794,17.3822],"timeVisible":38.4045,"tipPosition":[47.8337,240.183,-8.0215],"tipVelocity":[-70.7989,158.722,-182.688],"tool":false,"touchDistance":0.333333,"touchZone":"none","type":3,"width":18.027},{"bases":[[[0.877554,-0.449598,-0.166617],[0.443976,0.630712,0.636465],[-0.181066,-0.632506,0.753094]],[[0.858038,-0.503921,-0.0991714],[0.343986,0.707261,-0.617621],[0.381372,0.495828,0.780198]],[[0.858038,-0.503921,-0.0991714],[-0.32627,-0.385708,-0.863005],[0.396635,0.772847,-0.495366]],[[0.858038,-0.503921,-0.0991714],[-0.497765,-0.768396,-0.40224],[0.126494,0.394501,-0.910147]]],"btipPosition":[58.5275,247.583,-6.23441],"carpPosition":[71.4157,250.347,39.5173],"dipPosition":[60.7018,254.364,-21.879],"direction":[-0.396635,-0.772847,0.495366],"extended":false,"handId":703,"id":7034,"length":50.3709,"mcpPosition":[81.8858,286.921,-4.03013],"pipPosition":[68.4381,269.438,-31.541],"stabilizedTipPosition":[53.815,236.565,15.764],"timeVisible":38.4045,"tipPosition":[59.0114,249.04,-8.94402],"tipVelocity":[-67.7704,163.007,-182.57],"tool":false,"touchDistance":0.333333,"touchZone":"none","type":4,"width":16.013}],"r":[[0.937284,0.198311,0.286655],[-0.264149,0.940686,0.21292],[-0.227428,-0.275286,0.934074]],"s":0.988633,"t":[-11.1153,36.2175,-81.6414],"times