{"sensorType":"Leap","data":[[0,{"currentFrameRate":110.425,"devices":[],"gestures":[],"hands":[{"armBasis":[[0.905565,-0.0243326,-0.423509],[0.227194,0.870919,0.435757],[0.358239,-0.490825,0.794202]],"armWidth":63.5437,"confidence":0.557846,"direction":[0.0554863,0.823998,-0.56387],"elbow":[156.271,107.551,260.409],"grabStrength":0.28295,"id":703,"palmNormal":[-0.228984,-0.539186,-0.810459],"palmPosition":[54.4279,283.08,13.9187],"palmVelocity":[57.2032,153.802,-160.805],"palmWidth":90.7382,"pinchStrength":0.656156,"r":[[0.967579,-0.0121003,0.252279],[-0.0783986,0.935124,0.345539],[-0.240093,-0.354114,0.903858]],"s":0.882636,"sphereCenter":[32.3058,279.774,-25.5065],"sphereRadius":44.8268,"stabilizedPalmPosition":[49.5453,273.918,24.1831],"t":[-2.65252,39.8128,-75.5582],"timeVisible":31.2369,"type":"right","wrist":[59.814,239.707,46.568]}],"id":4305656,"interactionBox":{"center":[0,200,0],"size":[235.247,235.247,147.751]},"pointables":[{"bases":[[[0.606705,0.573,0.550981],[-0.701387,0.0596582,0.71028],[0.37412,-0.817381,0.438089]],[[0.372226,0.880477,0.293612],[-0.739842,0.0904574,0.666672],[0.56043,-0.465379,0.685085]],[[0.372226,0.880477,0.293612],[-0.92768,0.342948,0.147639],[0.029299,-0.327333,0.944455]],[[0.372226,0.880477,0.293612],[-0.653098,0.473243,-0.591189],[-0.659478,0.0282984,0.751191]]],"btipPosition":[16.027,269.673,-39.4706],"carpPosition":[29.5297,236.037,44.277],"dipPosition":[0.635597,270.333,-21.9387],"direction":[-0.029299,0.327333,-0.944455],"extended":false,"handId":703,"id":7030,"length":51.9721,"mcpPosition":[29.5297,236.037,44.277],"pipPosition":[1.6318,259.203,10.1739],"stabilizedTipPosition":[-2.37207,252.763,-5.86686],"timeVisible":31.2369,"tipPosition":[12.855,269.523,-34.1628],"tipVelocity":[37.813,193.324,-257.02],"tool":false,"touchDistance":-0.669603,"touchZone":"hovering","type":0,"width":20.194},{"bases":[[[0.967367,-0.0332642,-0.251185],[0.210359,0.658054,0.72299],[0.141244,-0.752236,0.643577]],[[0.949383,0.0389639,-0.311694],[0.165344,0.7817,0.601337],[0.267081,-0.622436,0.735691]],[[0.949383,0.0389639,-0.311694],[-0.00485028,0.993977,0.109481],[0.314082,-0.102427,0.943854]],[[0.949383,0.0389639,-0.311694],[-0.135188,0.946363,-0.293464],[0.283541,0.320747,0.903729]]],"btipPosition":[8.19663,332.803,-64.098],"carpPosition":[42.4034,253.943,52.7865],"dipPosition":[13.0277,338.268,-48.7],"direction":[-0.314082,0.102427,-0.943854],"extended":true,"handId":703,"id":7031,"length":58.6448,"mcpPosition":[32.0409,309.132,5.56979],"pipPosition":[20.5982,335.799,-25.9498],"stabilizedTipPosition":[4.07082,325.967,-50.1566],"timeVisible":31.2369,"tipPosition":[9.1965,332.501,-60.2551],"tipVelocity":[90.9122,147.935,-200.287],"tool":false,"touchDistance":-0.627707,"touchZone":"hovering","type":1,"width":19.2893},{"bases":[[[0.927426,-0.24628,-0.281473],[0.373925,0.626282,0.68407],[0.00780924,-0.739674,0.67292]],[[0.927343,-0.240817,-0.286429],[0.0589835,0.849915,-0.523608],[0.369534,0.468669,0.802367]],[[0.927343,-0.240817,-0.286429],[-0.355553,-0.32834,-0.875085],[0.11669,0.913345,-0.390107]],[[0.927343,-0.240817,-0.286429],[-0.356569,-0.800891,-0.481074],[-0.113548,0.548252,-0.828569]]],"btipPosition":[34.9413,247.859,-8.21128],"carpPosition":[54.4282,255.098,50.5845],"dipPosition":[32.8134,258.133,-23.7387],"direction":[-0.11669,-0.913345,0.390107],"extended":false,"handId":703,"id":7032,"length":66.821,"mcpPosition":[53.8849,306.561,3.7662],"pipPosition":[36.1225,284.034,-34.8012],"stabilizedTipPosition":[26.3209,238.765,3.77268],"timeVisible":31.2369,"tipPosition":[34.5897,249.904,-11.0677],"tipVelocity":[87.2697,158.236,-208.076],"tool":false,"touchDistance":0.333333,"touchZone":"none","type":2,"width":18.9446},{"bases":[[[0.887622,-0.398951,-0.230142],[0.439288,0.583187,0.683314],[-0.138393,-0.707623,0.692904]],[[0.890778,-0.381302,-0.247233],[0.187476,0.803926,-0.564407],[0.413967,0.456411,0.787604]],[[0.890778,-0.381302,-0.247233],[-0.379027,-0.323247,-0.867093],[0.250707,0.866095,-0.432465]],[[0.890778,-0.381302,-0.247233],[-0.454242,-0.763145,-0.459645],[-0.0134108,0.521745,-0.852996]]],"btipPosition":[49.5881,243.483,-3.31883],"carpPosition":[66.0638,253.263,47.2168],"dipPosition":[49.3382,253.204,-19.2121],"direction":[-0.250707,-0.866095,0.432465],"extended":false,"handId":703,"id":7033,"length":64.2502,"mcpPosition":[74.7087,297.466,3.93338],"pipPosition":[56.2641,277.13,-31.1591],"stabilizedTipPosition":[43.1098,236.173,4.89158],"timeVisible":31.2369,"tipPosition":[49.5719,245.405,-6.22877],"tipVelocity":[91.0032,165.435,-199.486],"tool":false,"touchDistance":0.333333,"touchZone":"none","type":3,"width":18.027},{"bases":[[[0.780772,-0.569008,-0.258117],[0.558034,0.449213,0.697714],[-0.281055,-0.688794,0.668259]],[[0.729148,-0.666841,-0.153839],[0.48926,0.665118,-0.56413],[0.478506,0.336067,0.811228]],[[0.729148,-0.666841,-0.153839],[-0.39412,-0.225395,-0.890992],[0.559475,0.710296,-0.427162]],[[0.729148,-0.666841,-0.153839],[-0.645379,-0.59524,-0.478722],[0.22766,0.448344,-0.864383]]],"btipPosition":[60.2982,251.678,-3.44722],"carpPosition":[75.7447,245.259,40.61],"dipPosition":[64.2115,259.384,-18.3052],"direction":[-0.559475,-0.710296,0.427162],"extended":false,"handId":703,"id":7034,"length":50.3709,"mcpPosition":[91.9966,285.089,1.96814],"pipPosition":[75.1239,273.238,-26.6368],"stabilizedTipPosition":[56.282,245.469,1.95195],"timeVisible":31.2369,"tipPosition":[61.2372,253.105,-6.26046],"tipVelocity":[88.9166,168.334,-179.375],"tool":false,"touchDistance":0.333333,"touchZone":"none","type":4,"width":16.013}],"r":[[0.967579,-0.0121003,0.252279],[-0.0783986,0.935124,0.345539],[-0.240093,-0.354114,0.903858]],"s":0.882636,"t":[-2.65252,39.8128,-75.5582],"timestamp":523992668548},false],[1,{"currentFrameRate":110.502,"devices":[],"gestures":[],"hands":[{"armBasis":[[0.906515,-0.022348,-0.421581],[0.222536,0.873894,0.432188],[0.358759,-0.485602,0.797172]],"armWidth":63.5437,"confidence":0.597473,"direction":[0.0517561,0.821395,-0.568007],"elbow":[156.694,109.644,260.649],"grabStrength":0.27351,"id":703,"palmNormal":[-0.225667,-0.544438,-0.807875],"palmPosition":[54.5166,283.573,13.1354],"palmVelocity":[44.338,126.975,-140.95],"palmWidth":90.7382,"pinchStrength":0.642934,"r":[[0.966195,-0.00747301,0.257704],[-0.0846691,0.93494,0.344556],[-0.243513,-0.354728,0.902701]],"s":0.885883,"sphereCenter":[32.6691,279.834,-26.4218],"sphereRadius":44.8121,"stabilizedPalmPosition":[50.2691,275.324,22.5745],"t":[-2.43652,40.6466,-76.588],"timeVisible":31.2458,"type":"right","wrist":[60.0968,240.394,46.0084]}],"id":4305657,"interactionBox":{"center":[0,200,0],"size":[235.247,235.247,147.751]},"pointables":[{"bases":[[[0.603406,0.578836,0.548498],[-0.702204,0.0597286,0.709467],[0.377904,-0.813253,0.442501]],[[0.367988,0.883503,0.289841],[-0.742034,0.0911913,0.664131],[0.56033,-0.459464,0.689146]],[[0.367988,0.883503,0.289841],[-0.929291,0.338832,0.147008],[0.0316747,-0.323444,0.945717]],[[0.367988,0.883503,0.289841],[-0.673086,0.468167,-0.572516],[-0.641513,0.0155913,0.766953]]],"btipPosition":[15.8353,270.065,-40.6462],"carpPosition":[29.833,236.56,43.7145],"dipPosition":[0.863117,270.429,-22.7464],"direction":[-0.0316747,0.323444,-0.945717],"extended":false,"handId":703,"id":7030,"length":51.9721,"mcpPosition":[29.833,236.56,43.7145],"pipPosition":[1.9401,259.432,9.40914],"stabilizedTipPosition":[-1.29059,254.036,-8.11295],"timeVisible":31.2458,"tipPosition":[12.8052,269.787,-35.2645],"tipVelocity":[24.6039,150.589,-220.366],"tool":false,"touchDistance":-0.64734,"touchZone":"hovering","type":0,"width":20.194},{"bases":[[[0.967708,-0.0296661,-0.250322],[0.206509,0.662765,0.719789],[0.144551,-0.74824,0.647489]],[[0.949631,0.0414481,-0.310616],[0.160761,0.786406,0.596424],[0.268991,-0.616318,0.740132]],[[0.949631,0.0414481,-0.310616],[-0.00796489,0.994087,0.108298],[0.313268,-0.10037,0.944346]],[[0.949631,0.0414481,-0.310616],[-0.136426,0.947033,-0.290717],[0.282114,0.31845,0.904987]]],"btipPosition":[8.12285,332.867,-65.253],"carpPosition":[42.6101,254.574,52.142],"dipPosition":[12.9296,338.293,-49.8336],"direction":[-0.313268,0.10037,-0.944346],"extended":true,"handId":703,"id":7031,"length":58.6448,"mcpPosition":[32.005,309.469,4.63834],"pipPosition":[20.4805,335.874,-27.0715],"stabilizedTipPosition":[4.72859,327.006,-51.6296],"timeVisible":31.2458,"tipPosition":[9.12089,332.591,-61.3839],"tipVelocity":[63.7315,109.342,-180.889],"tool":false,"touchDistance":-0.610521,"touchZone":"hovering","type":1,"width":19.2893},{"bases":[[[0.928862,-0.243031,-0.279557],[0.370262,0.63162,0.681148],[0.0110336,-0.736201,0.676673]],[[0.928754,-0.237566,-0.284566],[0.0550302,0.847506,-0.527926],[0.366588,0.474653,0.800198]],[[0.928754,-0.237566,-0.284566],[-0.353274,-0.334663,-0.873612],[0.112307,0.911901,-0.394746]],[[0.928754,-0.237566,-0.284566],[-0.352157,-0.805164,-0.477175],[-0.115761,0.54339,-0.831461]]],"btipPosition":[35.2268,248.141,-8.82405],"carpPosition":[54.6306,255.778,49.9429],"dipPosition":[33.0574,258.324,-24.4056],"direction":[-0.112307,-0.911901,0.394745],"extended":false,"handId":703,"id":7032,"length":66.821,"mcpPosition":[53.863,306.999,2.86343],"pipPosition":[36.2422,284.184,-35.5997],"stabilizedTipPosition":[27.2249,240.025,2.03289],"timeVisible":31.2458,"tipPosition":[34.8646,250.173,-11.6986],"tipVelocity":[71.936,123.132,-170.521],"tool":false,"touchDistance":0.333333,"touchZone":"none","type":2,"width":18.9446},{"bases":[[[0.889789,-0.395638,-0.227479],[0.435842,0.588852,0.680658],[-0.135343,-0.704786,0.69639]],[[0.892933,-0.377649,-0.245055],[0.184644,0.803667,-0.565708],[0.410582,0.459892,0.787351]],[[0.892933,-0.377649,-0.245055],[-0.376327,-0.327403,-0.866709],[0.247081,0.866134,-0.434469]],[[0.892933,-0.377649,-0.245055],[-0.449923,-0.767348,-0.456888],[-0.0154984,0.518226,-0.855103]]],"btipPosition":[49.9014,243.936,-4.05464],"carpPosition":[66.2778,253.984,46.5928],"dipPosition":[49.6127,253.592,-19.9872],"direction":[-0.247081,-0.866134,0.434469],"extended":false,"handId":703,"id":7033,"length":64.2502,"mcpPosition":[74.7322,298.01,3.09167],"pipPosition":[56.4383,277.519,-31.9895],"stabilizedTipPosition":[44.0126,237.513,3.19859],"timeVisible":31.2458,"tipPosition":[49.8704,245.839,-6.96137],"tipVelocity":[75.5242,133.772,-167.924],"tool":false,"touchDistance":0.333333,"touchZone":"none","type":3,"width":18.027},{"bases":[[[0.783817,-0.566371,-0.254667],[0.55525,0.455552,0.695823],[-0.27808,-0.686801,0.671547]],[[0.732108,-0.664684,-0.14904],[0.489921,0.665801,-0.562749],[0.473281,0.338976,0.813081]],[[0.732108,-0.664684,-0.14904],[-0.389282,-0.228698,-0.892276],[0.558997,0.711261,-0.426181]],[[0.732108,-0.664684,-0.14904],[-0.641711,-0.599569,-0.478251],[0.228526,0.445772,-0.865484]]],"btipPosition":[60.5639,252.222,-4.27925],"carpPosition":[76.0037,245.996,40.0337],"dipPosition":[64.4921,259.884,-19.1561],"direction":[-0.558997,-0.711261,0.426181],"extended":false,"handId":703,"id":7034,"length":50.3709,"mcpPosition":[92.0836,285.71,1.20166],"pipPosition":[75.3951,273.757,-27.4687],"stabilizedTipPosition":[57.14,246.878,0.354741],"timeVisible":31.2458,"tipPosition":[61.5017,253.626,-7.05942],"tipVelocity":[72.9272,138.807,-156.086],"tool":false,"touchDistance":0.333333,"touchZone":"none","type":4,"width":16.013}],"r":[[0.966195,-0.00747301,0.257704],[-0.0846691,0.93494,0.344556],[-0.243513,-0.354728,0.902701]],"s":0.885883,"t":[-2.43652,40.6466,-76.588],"timestamp":523992677460},false],[2,{"currentFrameRate":110.475,"devices":[],"gestures":[],"hands":[{"armBasis":[[0.907529,-0.021128,-0.419457],[0.218899,0.876149,0.429473],[0.358433,-0.481578,0.799755]],"armWidth":63.5437,"confidence":0.598794,"direction":[0.0498974,0.822246,-0.566941],"elbow":[156.753,111.448,260.766],"grabStrength":0.264526,"id":703,"palmNormal":[-0.222878,-0.544167,-0.808831],"palmPosition":[54.5701,284.316,12.6022],"palmVelocity":[33.678,114.413,-118.121],"palmWidth":90.7382,"pinchStrength":0.647671,"r":[[0.964984,-0.00322388,0.26229],[-0.090365,0.934631,0.343948],[-0.246253,-0.355606,0.901612]],"s":0.888119,"sphereCenter":[32.9116,280.476,-27.1004],"sphereRadius":44.801,"stabilizedPalmPosition":[50.9034,276.65,21.1039],"t":[-2.30176,41.435,-77.3696],"timeVisible":31.2549,"type":"right","wrist":[60.244,241.115,45.4301]}],"id":4305658,"interactionBox":{"center":[0,200,0],"size":[235.247,235.247,147.751]},"pointables":[{"bases":[[[0.600846,0.580078,0.549995],[-0.703321,0.0566385,0.708612],[0.379899,-0.81259,0.442012]],[[0.364405,0.884614,0.290978],[-0.743996,0.0886342,0.662279],[0.560071,-0.457824,0.690448]],[[0.364405,0.884614,0.290978],[-0.930705,0.335358,0.146028],[0.0315963,-0.324028,0.94552]],[[0.364405,0.884614,0.290978],[-0.679382,0.466242,-0.566621],[-0.636906,0.00879425,0.770891]]],"btipPosition":[15.9059,270.79,-41.419],"carpPosition":[29.9956,237.188,43.0916],"dipPosition":[1.04127,270.995,-23.4273],"direction":[-0.0315963,0.324028,-0.94552],"extended":false,"handId":703,"id":7030,"length":51.9721,"mcpPosition":[29.9956,237.188,43.0916],"pipPosition":[2.11558,259.978,8.72151],"stabilizedTipPosition":[-0.31466,255.227,-10.179],"timeVisible":31.2549,"tipPosition":[12.8964,270.492,-36.0394],"tipVelocity":[20.6883,129.81,-182.177],"tool":false,"touchDistance":-0.622215,"touchZone":"hovering","type":0,"width":20.194},{"bases":[[[0.968125,-0.0262936,-0.249082],[0.20346,0.662539,0.720864],[0.146072,-0.748565,0.646771]],[[0.950107,0.0441903,-0.308778],[0.157248,0.787066,0.596491],[0.269387,-0.615285,0.740848]],[[0.950107,0.0441903,-0.308778],[-0.00946539,0.993543,0.113065],[0.31178,-0.104501,0.94439]],[[0.950107,0.0441903,-0.308778],[-0.135987,0.94957,-0.282534],[0.280721,0.310427,0.908202]]],"btipPosition":[8.14818,333.741,-65.871],"carpPosition":[42.7044,255.232,51.5579],"dipPosition":[12.9312,339.031,-50.3968],"direction":[-0.31178,0.104501,-0.94439],"extended":true,"handId":703,"id":7031,"length":58.6448,"mcpPosition":[31.9877,310.151,4.10687],"pipPosition":[20.4462,336.512,-27.6336],"stabilizedTipPosition":[5.27058,327.96,-52.9106],"timeVisible":31.2549,"tipPosition":[9.14268,333.469,-61.9797],"tipVelocity":[46.6708,104.695,-149.186],"tool":false,"touchDistance":-0.586883,"touchZone":"hovering","type":1,"width":19.2893},{"bases":[[[0.929994,-0.239745,-0.278627],[0.367362,0.631961,0.682401],[0.0124789,-0.736986,0.675793]],[[0.929866,-0.233877,-0.283991],[0.0549736,0.85159,-0.521318],[0.363768,0.469144,0.804722]],[[0.929866,-0.233877,-0.283991],[-0.350554,-0.329035,-0.876839],[0.11163,0.914897,-0.387945]],[[0.929866,-0.233877,-0.283991],[-0.349248,-0.803822,-0.481555],[-0.115653,0.546965,-0.829128]]],"btipPosition":[35.3722,249.008,-9.78367],"carpPosition":[54.7239,256.477,49.376],"dipPosition":[33.2049,259.258,-25.3215],"direction":[-0.11163,-0.914897,0.387945],"extended":false,"handId":703,"id":7032,"length":66.821,"mcpPosition":[53.8557,307.752,2.35779],"pipPosition":[36.3705,285.202,-36.3228],"stabilizedTipPosition":[28.0361,241.228,0.4007],"timeVisible":31.2549,"tipPosition":[35.0165,251.024,-12.5803],"tipVelocity":[56.4406,115.855,-152.175],"tool":false,"touchDistance":0.333333,"touchZone":"none","type":2,"width":18.9446},{"bases":[[[0.891337,-0.392538,-0.226785],[0.433077,0.589401,0.681946],[-0.134022,-0.706059,0.695355]],[[0.894496,-0.374209,-0.244633],[0.183063,0.805778,-0.563213],[0.40788,0.459008,0.789269]],[[0.894496,-0.374209,-0.244633],[-0.373988,-0.326481,-0.868069],[0.244971,0.867974,-0.431985]],[[0.894496,-0.374209,-0.244633],[-0.446784,-0.768012,-0.458847],[-0.0161765,0.519735,-0.854174]]],"btipPosition":[50.1135,244.716,-4.71505],"carpPosition":[66.3811,254.724,46.0391],"dipPosition":[49.8121,254.4,-20.6303],"direction":[-0.244971,-0.867974,0.431985],"extended":false,"handId":703,"id":7033,"length":64.2502,"mcpPosition":[74.753,298.829,2.60263],"pipPosition":[56.5796,278.378,-32.564],"stabilizedTipPosition":[44.8256,238.784,1.63852],"timeVisible":31.2549,"tipPosition":[50.0744,246.626,-7.62257],"tipVelocity":[60.9616,120.639,-141.37],"tool":false,"touchDistance":0.333333,"touchZone":"none","type":3,"width":18.027},{"bases":[[[0.785943,-0.563573,-0.25432],[0.552887,0.456463,0.697106],[-0.276783,-0.688497,0.670346]],[[0.733904,-0.662937,-0.147984],[0.492046,0.669056,-0.557004],[0.468268,0.335973,0.817219]],[[0.733904,-0.662937,-0.147984],[-0.384412,-0.225748,-0.895134],[0.560011,0.713829,-0.420518]],[[0.733904,-0.662937,-0.147984],[-0.638881,-0.599713,-0.481845],[0.230685,0.448172,-0.86367]]],"btipPosition":[60.746,253.113,-5.04789],"carpPosition":[76.1409,246.774,39.4831],"dipPosition":[64.7112,260.817,-19.8936],"direction":[-0.560011,-0.713829,0.420518],"extended":false,"handId":703,"id":7034,"length":50.3709,"mcpPosition":[92.1458,286.586,0.720569],"pipPosition":[75.6341,274.74,-28.0957],"stabilizedTipPosition":[57.8922,248.211,-1.11317],"timeVisible":31.2549,"tipPosition":[61.687,254.512,-7.79078],"tipVelocity":[58.5176,127.766,-136.012],"tool":false,"touchDistance":0.333333,"touchZone":"none","type":4,"width":16.013}],"r":[[0.964984,-0.00322388,0.26229],[-0.090365,0.934631,0.343948],[-0.246253,-0.355606,0.901612]],"s":0.888119,"t":[-2.30176,41.435,-77.3696],"timestamp":523992686561},false],[3,{"currentFrameRate":110.473,"devices":[],"gestures":[],"hands":[{"armBasis":[[0.907247,-0.0196045,-0.42014],[0.21617,0.878616,0.425798],[0.360795,-0.477126,0.80136]],"armWidth":63.5437,"confidence":0.604844,"direction":[0.0468149,0.822919,-0.566227],"elbow":[157.566,113.472,260.501],"grabStrength":0.257297,"id":703,"palmNormal":[-0.221849,-0.544126,-0.809141],"palmPosition":[54.5829,285.152,11.9495],"palmVelocity":[24.7701,108.326,-105.414],"palmWidth":90.7382,"pinchStrength":0.654992,"r":[[0.964031,0.000733863,0.265788],[-0.0954508,0.934243,0.343627],[-0.248058,-0.356637,0.900709]],"s":0.889117,"sphereCenter":[33.0305,281.194,-27.8673],"sphereRadius":44.7692,"stabilizedPalmPosition":[51.4476,277.907,19.7499],"t":[-2.22803,42.2474,-78.0867],"timeVisible":31.264,"type":"right","wrist":[60.4213,241.939,44.7328]}],"id":4305659,"interactionBox":{"center":[0,200,0],"size":[235.247,235.247,147.751]},"pointables":[{"bases":[[[0.599481,0.581469,0.550015],[-0.70289,0.0537662,0.709263],[0.382842,-0.81179,0.44094]],[[0.361579,0.885703,0.291189],[-0.74439,0.0861942,0.662159],[0.561377,-0.456181,0.690474]],[[0.361579,0.885703,0.291189],[-0.931755,0.332201,0.146544],[0.0330613,-0.324304,0.945375]],[[0.361579,0.885703,0.291189],[-0.683853,0.464232,-0.562881],[-0.633724,0.00439569,0.773547]]],"btipPosition":[15.9046,271.551,-42.1525],"carpPosition":[30.1834,237.919,42.4165],"dipPosition":[1.1142,271.654,-24.0989],"direction":[-0.0330613,0.324304,-0.945375],"extended":false,"handId":703,"id":7030,"length":51.9721,"mcpPosition":[30.1834,237.919,42.4165],"pipPosition":[2.23832,260.627,8.04507],"stabilizedTipPosition":[0.564522,256.348,-12.0874],"timeVisible":31.264,"tipPosition":[12.8948,271.25,-36.7785],"tipVelocity":[15.4581,116.465,-153.818],"tool":false,"touchDistance":-0.599115,"touchZone":"hovering","type":0,"width":20.194},{"bases":[[[0.96799,-0.0230063,-0.249931],[0.201983,0.662518,0.7213],[0.14899,-0.748693,0.645957]],[[0.949871,0.0469364,-0.3091],[0.155008,0.787893,0.595984],[0.271511,-0.614021,0.741121]],[[0.949871,0.0469364,-0.3091],[-0.0111351,0.993118,0.116585],[0.312445,-0.107299,0.943856]],[[0.949871,0.0469364,-0.3091],[-0.136812,0.951383,-0.275959],[0.28112,0.304414,0.910112]]],"btipPosition":[7.9583,334.63,-66.512],"carpPosition":[42.8424,255.995,50.8885],"dipPosition":[12.7481,339.817,-51.0053],"direction":[-0.312445,0.107299,-0.943856],"extended":true,"handId":703,"id":7031,"length":58.6448,"mcpPosition":[31.9116,310.923,3.4972],"pipPosition":[20.2791,337.23,-28.255],"stabilizedTipPosition":[5.70168,328.854,-54.0522],"timeVisible":31.264,"tipPosition":[8.95713,334.371,-62.6041],"tipVelocity":[28.0496,102.159,-127.322],"tool":false,"touchDistance":-0.566031,"touchZone":"touching","type":1,"width":19.2893},{"bases":[[[0.930508,-0.23655,-0.27964],[0.365947,0.632492,0.682669],[0.0153849,-0.737562,0.675104]],[[0.930345,-0.230292,-0.28535],[0.053918,0.855641,-0.514753],[0.362701,0.463512,0.808458]],[[0.930345,-0.230292,-0.28535],[-0.34975,-0.323534,-0.879204],[0.110153,0.917764,-0.381543]],[[0.930345,-0.230292,-0.28535],[-0.347386,-0.802673,-0.484808],[-0.117396,0.550165,-0.826763]]],"btipPosition":[35.428,249.98,-10.8197],"carpPosition":[54.856,257.28,48.6976],"dipPosition":[33.228,260.29,-26.3132],"direction":[-0.110153,-0.917764,0.381543],"extended":false,"handId":703,"id":7032,"length":66.821,"mcpPosition":[53.7856,308.596,1.72726],"pipPosition":[36.3517,286.316,-37.1329],"stabilizedTipPosition":[28.7449,242.373,-1.12111],"timeVisible":31.264,"tipPosition":[35.0707,251.979,-13.5476],"tipVelocity":[42.334,113.95,-141.442],"tool":false,"touchDistance":0.333333,"touchZone":"none","type":2,"width":18.9446},{"bases":[[[0.892378,-0.389512,-0.227906],[0.431797,0.590141,0.682118],[-0.131196,-0.707116,0.694819]],[[0.89558,-0.37038,-0.246486],[0.181981,0.810523,-0.556718],[0.405979,0.45373,0.793291]],[[0.89558,-0.37038,-0.246486],[-0.372467,-0.321186,-0.870694],[0.24332,0.871584,-0.425602]],[[0.89558,-0.37038,-0.246486],[-0.444538,-0.767328,-0.462162],[-0.0179601,0.523475,-0.851851]]],"btipPosition":[50.2353,245.691,-5.7704],"carpPosition":[66.5158,255.567,45.3491],"dipPosition":[49.9006,255.444,-21.6423],"direction":[-0.24332,-0.871584,0.425602],"extended":false,"handId":703,"id":7033,"length":64.2502,"mcpPosition":[74.7112,299.739,1.94608],"pipPosition":[56.6224,279.522,-33.3997],"stabilizedTipPosition":[45.5285,239.99,0.180732],"timeVisible":31.264,"tipPosition":[50.1879,247.595,-8.60015],"tipVelocity":[47.6131,117.548,-134.216],"tool":false,"touchDistance":0.333333,"touchZone":"none","type":3,"width":18.027},{"bases":[[[0.787502,-0.560853,-0.255508],[0.552039,0.457568,0.697054],[-0.274033,-0.689982,0.669948]],[[0.735391,-0.661201,-0.148368],[0.493098,0.672318,-0.552126],[0.464817,0.332869,0.820453]],[[0.735391,-0.661201,-0.148368],[-0.381155,-0.222572,-0.89732],[0.560286,0.716432,-0.415697]],[[0.735391,-0.661201,-0.148368],[-0.63696,-0.599748,-0.484339],[0.231262,0.450683,-0.862208]]],"btipPosition":[60.8476,254.094,-5.96373],"carpPosition":[76.2951,247.654,38.7775],"dipPosition":[64.8227,261.841,-20.7843],"direction":[-0.560286,-0.716432,0.415697],"extended":false,"handId":703,"id":7034,"length":50.3709,"mcpPosition":[92.141,287.552,0.0379334],"pipPosition":[75.7509,275.815,-28.8924],"stabilizedTipPosition":[58.5268,249.468,-2.46767],"timeVisible":31.264,"tipPosition":[61.7874,255.49,-8.66616],"tipVelocity":[45.5328,122.721,-126.212],"tool":false,"touchDistance":0.333333,"touchZone":"none","type":4,"width":16.013}],"r":[[0.964031,0.000733863,0.265788],[-0.0954508,0.934243,0.343627],[-0.248058,-0.356637,0.900709]],"s":0.889117,"t":[-2.22803,42.2474,-78.0867],"timestamp":523992695616},false],[4,{"currentFrameRate":110.518,"devices":[],"gestures":[],"hands":[{"armBasis":[[0.908202,-0.0226958,-0.417916],[0.216704,0.87976,0.423158],[0.358062,-0.474877,0.803918]],"armWidth":63.5437,"confidence":0.610568,"direction":[0.044687,0.821434,-0.56855],"elbow":[156.896,115.248,259.921],"grabStrength":0.248205,"id":703,"palmNormal":[-0.223639,-0.546449,-0.807081],"palmPosition":[54.529,286.231,10.5809],"palmVelocity":[16.3455,111.6,-118.335],"palmWidth":90.7382,"pinchStrength":0.64881,"r":[[0.963392,0.00417874,0.268063],[-0.0994657,0.934088,0.342909],[-0.248961,-0.357019,0.900309]],"s":0.890026,"sphereCenter":[33.0309,282.052,-29.2884],"sphereRadius":44.7557,"stabilizedPalmPosition":[51.8884,279.098,18.4384],"t":[-2.21808,43.193,-79.1295],"timeVisible":31.2729,"type":"right","wrist":[60.4874,243.11,43.4637]}],"id":4305660,"interactionBox":{"center":[0,200,0],"size":[235.247,235.247,147.751]},"pointables":[{"bases":[[[0.600541,0.58337,0.546836],[-0.701011,0.055158,0.711014],[0.384622,-0.810332,0.442073]],[[0.361604,0.886826,0.287719],[-0.743483,0.0880764,0.66293],[0.562562,-0.453632,0.691188]],[[0.361604,0.886826,0.287719],[-0.931608,0.331528,0.148983],[0.0367346,-0.321914,0.946056]],[[0.361604,0.886826,0.287719],[-0.693767,0.462104,-0.552401],[-0.62284,0.00014022,0.782349]]],"btipPosition":[15.5296,272.585,-43.5933],"carpPosition":[30.2463,239.061,41.2399],"dipPosition":[0.993212,272.589,-25.3342],"direction":[-0.0367346,0.321914,-0.946056],"extended":false,"handId":703,"id":7030,"length":51.9721,"mcpPosition":[30.2463,239.061,41.2399],"pipPosition":[2.24223,261.643,6.83289],"stabilizedTipPosition":[1.32949,257.417,-13.8847],"timeVisible":31.2729,"tipPosition":[12.6012,272.25,-38.1853],"tipVelocity":[1.56264,115.451,-154.248],"tool":false,"touchDistance":-0.58844,"touchZone":"hovering","type":0,"width":20.194},{"bases":[[[0.967328,-0.0229783,-0.252485],[0.203449,0.66459,0.718977],[0.151278,-0.746854,0.647552]],[[0.949167,0.0462666,-0.311353],[0.155752,0.79053,0.592287],[0.273537,-0.610674,0.743139]],[[0.949167,0.0462666,-0.311353],[-0.00985261,0.993021,0.117526],[0.314617,-0.108484,0.942999]],[[0.949167,0.0462666,-0.311353],[-0.135299,0.953069,-0.270838],[0.28421,0.299197,0.910882]]],"btipPosition":[7.6712,335.644,-67.9671],"carpPosition":[42.915,257.169,49.6293],"dipPosition":[12.5137,340.741,-52.4473],"direction":[-0.314617,0.108484,-0.942999],"extended":true,"handId":703,"id":7031,"length":58.6448,"mcpPosition":[31.8163,311.963,2.121],"pipPosition":[20.097,338.127,-29.7177],"stabilizedTipPosition":[6.02613,329.692,-55.1409],"timeVisible":31.2729,"tipPosition":[8.68499,335.395,-64.0417],"tipVelocity":[11.9766,104.513,-136.793],"tool":false,"touchDistance":-0.559543,"touchZone":"touching","type":1,"width":19.2893},{"bases":[[[0.929921,-0.236627,-0.281521],[0.36733,0.63458,0.679983],[0.0177446,-0.735742,0.67703]],[[0.929736,-0.230351,-0.287278],[0.0517921,0.854219,-0.517327],[0.364565,0.466099,0.806129]],[[0.929736,-0.230351,-0.287278],[-0.351936,-0.3264,-0.877271],[0.108312,0.916734,-0.384535]],[[0.929736,-0.230351,-0.287278],[-0.348068,-0.804363,-0.481506],[-0.120161,0.547666,-0.828023]]],"btipPosition":[35.3439,250.983,-12.0284],"carpPosition":[54.9217,258.457,47.4024],"dipPosition":[33.0921,261.246,-27.5455],"direction":[-0.108312,-0.916734,0.384535],"extended":false,"handId":703,"id":7032,"length":66.821,"mcpPosition":[53.6871,309.646,0.298167],"pipPosition":[36.1636,287.242,-38.45],"stabilizedTipPosition":[29.3449,243.455,-2.54947],"timeVisible":31.2729,"tipPosition":[34.9734,252.978,-14.7766],"tipVelocity":[27.8137,113.025,-139.783],"tool":false,"touchDistance":0.333333,"touchZone":"none","type":2,"width":18.9446},{"bases":[[[0.892042,-0.389478,-0.229275],[0.433209,0.592275,0.679368],[-0.128805,-0.705349,0.69706]],[[0.895279,-0.369715,-0.248569],[0.181878,0.812652,-0.55364],[0.406689,0.450453,0.794793]],[[0.895279,-0.369715,-0.248569],[-0.373375,-0.318301,-0.871364],[0.243037,0.872923,-0.42301]],[[0.895279,-0.369715,-0.248569],[-0.445057,-0.767278,-0.461746],[-0.0200069,0.524019,-0.851472]]],"btipPosition":[50.1581,246.856,-7.37798],"carpPosition":[66.5736,256.744,44.0271],"dipPosition":[49.7853,256.62,-23.2428],"direction":[-0.243037,-0.872923,0.42301],"extended":false,"handId":703,"id":7033,"length":64.2502,"mcpPosition":[74.6197,300.805,0.484101],"pipPosition":[56.4993,280.735,-34.9287],"stabilizedTipPosition":[46.0942,241.125,-1.21455],"timeVisible":31.2729,"tipPosition":[50.103,248.746,-10.1515],"tipVelocity":[31.9541,121.009,-146.496],"tool":false,"touchDistance":0.333333,"touchZone":"none","type":3,"width":18.027},{"bases":[[[0.787216,-0.560968,-0.256136],[0.553587,0.459828,0.694334],[-0.271721,-0.688384,0.672529]],[[0.735034,-0.661725,-0.147804],[0.495067,0.67273,-0.549857],[0.463286,0.33099,0.822078]],[[0.735034,-0.661725,-0.147804],[-0.379675,-0.221088,-0.898313],[0.561758,0.716408,-0.413748]],[[0.735034,-0.661725,-0.147804],[-0.637263,-0.599775,-0.483906],[0.231564,0.449878,-0.862548]]],"btipPosition":[60.7797,255.249,-7.52969],"carpPosition":[76.3409,248.821,37.4502],"dipPosition":[64.7601,262.982,-22.3561],"direction":[-0.561758,-0.716408,0.413748],"extended":false,"handId":703,"id":7034,"length":50.3709,"mcpPosition":[92.0531,288.626,-1.43856],"pipPosition":[75.717,276.955,-30.4261],"stabilizedTipPosition":[59.0187,250.642,-3.78293],"timeVisible":31.2729,"tipPosition":[61.7157,256.629,-10.1914],"tipVelocity":[31.0337,124.267,-139.504],"tool":false,"touchDistance":0.333333,"touchZone":"none","type":4,"width":16.013}],"r":[[0.963392,0.00417874,0.268063],[-0.0994657,0.934088,0.342909],[-0.248961,-0.357019,0.900309]],"s":0.890026,"t":[-2.21808,43.193,-79.1295],"timestamp":523992704584},false],[5,{"currentFrameRate":110.504,"devices":[],"gestures":[],"hands":[{"armBasis":[[0.908149,-0.0252746,-0.417884],[0.217698,0.881117,0.41981],[0.357594,-0.472222,0.805688]],"armWidth":63.5437,"confidence":0.60534,"direction":[0.0447341,0.820162,-0.570379],"elbow":[156.833,116.732,259.549],"grabStrength":0.236671,"id":703,"palmNormal":[-0.224865,-0.548032,-0.805665],"palmPosition":[54.5905,286.934,9.64452],"palmVelocity":[13.6998,102.149,-114.144],"palmWidth":90.7382,"pinchStrength":0.642701,"r":[[0.962924,0.00690502,0.269685],[-0.102465,0.934118,0.341941],[-0.249556,-0.356896,0.900193]],"s":0.891446,"sphereCenter":[33.1907,282.606,-30.2915],"sphereRadius":44.7692,"stabilizedPalmPosition":[52.264,280.187,17.216],"t":[-2.18236,44.017,-80.1192],"timeVisible":31.282,"type":"right","wrist":[60.5494,243.879,42.615]}],"id":4305661,"interactionBox":{"center":[0,200,0],"size":[235.247,235.247,147.751]},"pointables":[{"bases":[[[0.601533,0.584102,0.544962],[-0.700252,0.0572343,0.711598],[0.384455,-0.80966,0.443447]],[[0.362685,0.887085,0.285553],[-0.743538,0.0907338,0.662509],[0.561792,-0.452602,0.692489]],[[0.362685,0.887085,0.285553],[-0.931086,0.33204,0.151087],[0.0392117,-0.320672,0.946378]],[[0.362685,0.887085,0.285553],[-0.704695,0.461571,-0.538848],[-0.609807,-0.00579588,0.792529]]],"btipPosition":[15.2363,273.418,-44.716],"carpPosition":[30.3031,239.849,40.4304],"dipPosition":[1.00412,273.283,-26.2193],"direction":[-0.0392117,0.320672,-0.946378],"extended":false,"handId":703,"id":7030,"length":51.9721,"mcpPosition":[30.3031,239.849,40.4304],"pipPosition":[2.33736,262.379,5.95873],"stabilizedTipPosition":[2.01761,258.45,-15.6046],"timeVisible":31.282,"tipPosition":[12.4183,273.018,-39.273],"tipVelocity":[-5.67418,107.929,-144.14],"tool":false,"touchDistance":-0.57395,"touchZone":"hovering","type":0,"width":20.194},{"bases":[[[0.967055,-0.0242598,-0.253408],[0.204676,0.665997,0.717325],[0.151367,-0.745559,0.649022]],[[0.949055,0.044353,-0.311975],[0.156727,0.792463,0.589439],[0.273372,-0.608305,0.74514]],[[0.949055,0.044353,-0.311975],[-0.00675548,0.992681,0.120577],[0.315039,-0.112327,0.942408]],[[0.949055,0.044353,-0.311975],[-0.131094,0.955874,-0.262904],[0.286548,0.290408,0.912991]]],"btipPosition":[7.70067,336.486,-69.044],"carpPosition":[42.9939,257.966,48.7677],"dipPosition":[12.583,341.434,-53.4881],"direction":[-0.315039,0.112327,-0.942408],"extended":true,"handId":703,"id":7031,"length":58.6448,"mcpPosition":[31.8887,312.664,1.15158],"pipPosition":[20.1765,338.726,-30.7728],"stabilizedTipPosition":[6.30507,330.483,-56.1704],"timeVisible":31.282,"tipPosition":[8.72711,336.219,-65.102],"tipVelocity":[9.84193,100.227,-131.527],"tool":false,"touchDistance":-0.54795,"touchZone":"touching","type":1,"width":19.2893},{"bases":[[[0.929458,-0.237943,-0.281941],[0.368495,0.635778,0.678232],[0.0178715,-0.734282,0.67861]],[[0.929268,-0.231564,-0.287818],[0.052531,0.854055,-0.517524],[0.365652,0.465799,0.80581]],[[0.929268,-0.231564,-0.287818],[-0.352934,-0.326474,-0.876842],[0.10908,0.916402,-0.385108]],[[0.929268,-0.231564,-0.287818],[-0.349216,-0.804736,-0.480051],[-0.120455,0.546607,-0.828681]]],"btipPosition":[35.3442,251.707,-12.9708],"carpPosition":[54.9994,259.24,46.526],"dipPosition":[33.0869,261.951,-28.5003],"direction":[-0.10908,-0.916402,0.385108],"extended":false,"handId":703,"id":7032,"length":66.821,"mcpPosition":[53.756,310.327,-0.688226],"pipPosition":[36.1802,287.938,-39.4211],"stabilizedTipPosition":[29.871,244.474,-3.89288],"timeVisible":31.282,"tipPosition":[34.9704,253.695,-15.7219],"tipVelocity":[20.094,103.709,-129.934],"tool":false,"touchDistance":0.333333,"touchZone":"none","type":2,"width":18.9446},{"bases":[[[0.891516,-0.390651,-0.229326],[0.434341,0.593422,0.677642],[-0.128635,-0.703734,0.698721]],[[0.894763,-0.370833,-0.248761],[0.181909,0.811467,-0.555366],[0.40781,0.451669,0.793528]],[[0.894763,-0.370833,-0.248761],[-0.374607,-0.32015,-0.870157],[0.243043,0.871772,-0.425375]],[[0.894763,-0.370833,-0.248761],[-0.446054,-0.768277,-0.459114],[-0.0208627,0.52176,-0.852837]]],"btipPosition":[50.1862,247.541,-8.21909],"carpPosition":[66.6466,257.51,43.1426],"dipPosition":[49.7975,257.263,-24.1094],"direction":[-0.243043,-0.871772,0.425375],"extended":false,"handId":703,"id":7033,"length":64.2502,"mcpPosition":[74.682,301.47,-0.504142],"pipPosition":[56.5116,281.346,-35.8605],"stabilizedTipPosition":[46.5737,242.161,-2.49144],"timeVisible":31.282,"tipPosition":[50.1224,249.425,-11.0198],"tipVelocity":[23.8646,108.13,-131.795],"tool":false,"touchDistance":0.333333,"touchZone":"none","type":3,"width":18.027},{"bases":[[[0.786533,-0.56212,-0.255708],[0.554634,0.460917,0.692774],[-0.271562,-0.686715,0.674297]],[[0.734098,-0.663032,-0.146589],[0.496854,0.67162,-0.549602],[0.462856,0.330629,0.822465]],[[0.734098,-0.663032,-0.146589],[-0.379213,-0.221215,-0.898478],[0.563292,0.715159,-0.413823]],[[0.734098,-0.663032,-0.146589],[-0.638075,-0.599694,-0.482936],[0.232293,0.448057,-0.863299]]],"btipPosition":[60.8036,255.965,-8.50828],"carpPosition":[76.4012,249.565,36.5732],"dipPosition":[64.7965,263.667,-23.3476],"direction":[-0.563292,-0.715159,0.413823],"extended":false,"handId":703,"id":7034,"length":50.3709,"mcpPosition":[92.1043,289.274,-2.41787],"pipPosition":[75.7833,277.616,-31.4191],"stabilizedTipPosition":[59.4188,251.692,-4.98761],"timeVisible":31.282,"tipPosition":[61.7394,257.339,-11.1728],"tipVelocity":[23.2675,111.516,-130.837],"tool":false,"touchDistance":0.333333,"touchZone":"none","type":4,"width":16.013}],"r":[[0.962924,0.00690502,0.269685],[-0.102465,0.934118,0.341941],[-0.249556,-0.356896,0.900193]],"s":0.891446,"t":[-2.18236,44.017,-80.1192],"timestamp":523992713659},false],[6,{"currentFrameRate":110.534,"devices":[],"gestures":[],"hands":[{"armBasis":[[0.908688,-0.0264517,-0.416637],[0.217483,0.881867,0.418344],[0.356352,-0.470756,0.807095]],"armWidth":63.5437,"confidence":0.606349,"direction":[0.0445272,0.819547,-0.571279],"elbow":[156.529,117.571,259.477],"grabStrength":0.220561,"id":703,"palmNormal":[-0.224781,-0.548964,-0.805054],"palmPosition":[54.6098,287.34,9.14747],"palmVelocity":[10.5288,86.5124,-97.9891],"palmWidth":90.7382,"pinchStrength":0.640318,"r":[[0.962544,0.00918784,0.270969],[-0.104902,0.934207,0.340959],[-0.250009,-0.356613,0.900179]],"s":0.893072,"sphereCenter":[33.3521,282.884,-30.8925],"sphereRadius":44.7816,"stabilizedPalmPosition":[52.5746,281.134,16.1476],"t":[-2.15486,44.6322,-80.8625],"timeVisible":31.291,"type":"right","wrist":[60.5797,244.323,42.1648]}],"id":4305662,"interactionBox":{"center":[0,200,0],"size":[235.247,235.247,147.751]},"pointables":[{"bases":[[[0.601429,0.584831,0.544294],[-0.700232,0.0578595,0.711567],[0.384654,-0.809089,0.444315]],[[0.362636,0.887378,0.284704],[-0.744463,0.0920672,0.661286],[0.560598,-0.451757,0.694006]],[[0.362636,0.887378,0.284704],[-0.931065,0.331811,0.151721],[0.0401657,-0.320097,0.946533]],[[0.362636,0.887378,0.284704],[-0.712341,0.460915,-0.529271],[-0.600888,-0.0108732,0.799259]]],"btipPosition":[15.0862,273.909,-45.3983],"carpPosition":[30.3341,240.284,39.9861],"dipPosition":[1.06218,273.656,-26.7445],"direction":[-0.0401657,0.320097,-0.946533],"extended":false,"handId":703,"id":7030,"length":51.9721,"mcpPosition":[30.3341,240.284,39.9861],"pipPosition":[2.42787,262.772,5.43882],"stabilizedTipPosition":[2.63207,259.412,-17.1967],"timeVisible":31.291,"tipPosition":[12.3243,273.465,-39.9385],"tipVelocity":[-7.23588,92.4784,-124.303],"tool":false,"touchDistance":-0.55458,"touchZone":"touching","type":0,"width":20.194},{"bases":[[[0.967049,-0.0243243,-0.253426],[0.204562,0.666828,0.716586],[0.151561,-0.744815,0.649831]],[[0.949236,0.0435812,-0.311531],[0.156299,0.79411,0.587334],[0.272986,-0.60621,0.746986]],[[0.949236,0.0435812,-0.311531],[-0.00388311,0.991904,0.126929],[0.314541,-0.119276,0.94172]],[[0.949236,0.0435812,-0.311531],[-0.126125,0.959995,-0.250005],[0.288173,0.276606,0.916758]]],"btipPosition":[7.71475,337.191,-69.6949],"carpPosition":[43.0214,258.412,48.3029],"dipPosition":[12.6247,341.903,-54.0748],"direction":[-0.314541,0.119276,-0.94172],"extended":true,"handId":703,"id":7031,"length":58.6448,"mcpPosition":[31.902,313.056,0.627406],"pipPosition":[20.2063,339.029,-31.3761],"stabilizedTipPosition":[6.54623,331.223,-57.1138],"timeVisible":31.291,"tipPosition":[8.75416,336.869,-65.7276],"tipVelocity":[7.76531,92.5787,-114.846],"tool":false,"touchDistance":-0.53103,"touchZone":"touching","type":1,"width":19.2893},{"bases":[[[0.929497,-0.238047,-0.281724],[0.368386,0.636601,0.677518],[0.0180645,-0.733534,0.679413]],[[0.929302,-0.231583,-0.287691],[0.0532602,0.854869,-0.516103],[0.365459,0.464293,0.806766]],[[0.929302,-0.231583,-0.287691],[-0.35268,-0.325283,-0.877387],[0.109607,0.916821,-0.383961]],[[0.929302,-0.231583,-0.287691],[-0.34917,-0.804715,-0.480118],[-0.120322,0.546628,-0.828686]]],"btipPosition":[35.3497,252.162,-13.5719],"carpPosition":[55.0265,259.686,46.0592],"dipPosition":[33.0949,262.406,-29.1014],"direction":[-0.109607,-0.916821,0.383961],"extended":false,"handId":703,"id":7032,"length":66.821,"mcpPosition":[53.7696,310.722,-1.21085],"pipPosition":[36.2031,288.405,-39.9897],"stabilizedTipPosition":[30.3249,245.393,-5.10553],"timeVisible":31.291,"tipPosition":[34.9757,254.143,-16.3168],"tipVelocity":[14.7658,89.1302,-112.62],"tool":false,"touchDistance":0.333333,"touchZone":"none","type":2,"width":18.9446},{"bases":[[[0.891592,-0.390706,-0.228939],[0.434241,0.594259,0.676972],[-0.128448,-0.702997,0.699497]],[[0.894876,-0.370613,-0.248683],[0.182805,0.81267,-0.553308],[0.407161,0.449681,0.794989]],[[0.894876,-0.370613,-0.248683],[-0.374109,-0.319012,-0.87079],[0.243393,0.872283,-0.424125]],[[0.894876,-0.370613,-0.248683],[-0.445816,-0.76861,-0.458788],[-0.0211078,0.521425,-0.853036]]],"btipPosition":[50.2256,248.021,-8.8289],"carpPosition":[66.6739,257.956,42.6772],"dipPosition":[49.8324,257.737,-24.7229],"direction":[-0.243393,-0.872283,0.424125],"extended":false,"handId":703,"id":7033,"length":64.2502,"mcpPosition":[74.6976,301.87,-1.01803],"pipPosition":[56.5562,281.834,-36.4395],"stabilizedTipPosition":[46.9767,243.077,-3.62228],"timeVisible":31.291,"tipPosition":[50.1553,249.891,-11.6218],"tipVelocity":[18.487,93.0658,-114.263],"tool":false,"touchDistance":0.333333,"touchZone":"none","type":3,"width":18.027},{"bases":[[[0.786646,-0.562226,-0.255128],[0.554564,0.461798,0.692244],[-0.27138,-0.686035,0.675062]],[[0.734118,-0.66321,-0.145681],[0.497201,0.671144,-0.54987],[0.462452,0.331236,0.822448]],[[0.734118,-0.66321,-0.145681],[-0.378983,-0.222173,-0.898338],[0.56342,0.714697,-0.414446]],[[0.734118,-0.66321,-0.145681],[-0.638061,-0.600382,-0.482098],[0.232268,0.446871,-0.86392]]],"btipPosition":[60.834,256.374,-8.98617],"carpPosition":[76.43,250.006,36.1161],"dipPosition":[64.8264,264.056,-23.8362],"direction":[-0.56342,-0.714697,0.414446],"extended":false,"handId":703,"id":7034,"length":50.3709,"mcpPosition":[92.1225,289.675,-2.9192],"pipPosition":[75.8158,277.996,-31.9198],"stabilizedTipPosition":[59.7433,252.589,-6.01839],"timeVisible":31.291,"tipPosition":[61.7673,257.746,-11.6651],"tipVelocity":[17.8067,93.2585,-109.592],"tool":false,"touchDistance":0.333333,"touchZone":"none","type":4,"width":16.013}],"r":[[0.962544,0.00918784,0.270969],[-0.104902,0.934207,0.340959],[-0.250009,-0.356613,0.900179]],"s":0.893072,"t":[-2.15486,44.6322,-80.8625],"timestamp":523992722652},fal