{"sensorType":"Leap","data":[[0,{"currentFrameRate":110.618,"devices":[],"gestures":[],"hands":[{"armBasis":[[0.918291,0.0854908,-0.386566],[0.105034,0.888812,0.446073],[0.38172,-0.450227,0.807208]],"armWidth":63.5437,"confidence":0.55459,"direction":[-0.094366,0.784129,-0.613382],"elbow":[171.663,125.952,270.385],"grabStrength":0,"id":703,"palmNormal":[-0.158199,-0.620113,-0.768396],"palmPosition":[55.6494,286.918,18.0889],"palmVelocity":[-16.3369,131.076,-102.063],"palmWidth":90.7382,"pinchStrength":0.777633,"r":[[0.956886,0.159656,0.242649],[-0.229976,0.926719,0.297158],[-0.177424,-0.340149,0.923482]],"s":0.892774,"sphereCenter":[44.2911,274.391,-26.3974],"sphereRadius":45.3968,"stabilizedPalmPosition":[52.9381,280.563,28.1062],"t":[-0.886211,43.7683,-71.8298],"timeVisible":18.7908,"type":"right","wrist":[68.8842,247.177,53.0423]}],"id":4304311,"interactionBox":{"center":[0,200,0],"size":[235.247,235.247,147.751]},"pointables":[{"bases":[[[0.518595,0.697786,0.49412],[-0.683446,-0.00895635,0.729946],[0.513772,-0.71625,0.472254]],[[0.279698,0.920405,0.273174],[-0.777434,0.0501716,0.62696],[0.563351,-0.387734,0.729587]],[[0.279698,0.920405,0.273174],[-0.944855,0.213401,0.248412],[0.170344,-0.32759,0.929337]],[[0.279698,0.920405,0.273174],[-0.746847,0.38738,-0.540515],[-0.603315,-0.0528375,0.795751]]],"btipPosition":[19.8051,270.193,-34.439],"carpPosition":[39.5597,238.52,52.05],"dipPosition":[5.72447,268.959,-15.8671],"direction":[-0.170344,0.32759,-0.929337],"extended":false,"handId":703,"id":7030,"length":51.9721,"mcpPosition":[39.5597,238.52,52.05],"pipPosition":[11.5164,257.821,15.7315],"stabilizedTipPosition":[-13.9965,250.906,42.94],"timeVisible":18.7908,"tipPosition":[17.0772,270.423,-29.1],"tipVelocity":[-3.17001,95.5915,-132.262],"tool":false,"touchDistance":-0.518802,"touchZone":"hovering","type":0,"width":20.194},{"bases":[[[0.95309,0.107479,-0.282962],[0.118169,0.72853,0.674745],[0.278667,-0.67653,0.681654]],[[0.962474,0.0831381,-0.258324],[0.0663632,0.850905,0.521111],[0.263133,-0.518699,0.813457]],[[0.962474,0.0831381,-0.258324],[0.00776118,0.943093,0.332438],[0.271262,-0.321968,0.907058]],[[0.962474,0.0831381,-0.258324],[-0.0364705,0.982907,0.180452],[0.268911,-0.164259,0.949055]]],"btipPosition":[6.70447,341.198,-63.8757],"carpPosition":[49.5429,258.781,59.0194],"dipPosition":[11.2863,338.399,-47.7054],"direction":[-0.271262,0.321968,-0.907058],"extended":true,"handId":703,"id":7031,"length":58.6448,"mcpPosition":[29.0982,308.416,9.0092],"pipPosition":[17.8246,330.639,-25.8421],"stabilizedTipPosition":[-24.8734,320.242,21.5736],"timeVisible":18.7908,"tipPosition":[8.1222,341.517,-59.746],"tipVelocity":[-23.0555,77.9178,-136.825],"tool":false,"touchDistance":-0.521943,"touchZone":"hovering","type":1,"width":19.2893},{"bases":[[[0.947773,-0.110693,-0.29912],[0.283688,0.721183,0.631994],[0.145763,-0.683844,0.71492]],[[0.947284,-0.108419,-0.301495],[-0.0460981,0.885095,-0.463122],[0.317063,0.452606,0.833438]],[[0.947284,-0.108419,-0.301495],[-0.320315,-0.29924,-0.898807],[0.0072283,0.947998,-0.318193]],[[0.947284,-0.108419,-0.301495],[-0.254882,-0.825186,-0.504087],[-0.194137,0.554359,-0.809319]]],"btipPosition":[39.2085,250.272,-9.28423],"carpPosition":[61.1571,261.721,56.3272],"dipPosition":[35.5704,260.661,-24.4509],"direction":[-0.00722831,-0.947998,0.318193],"extended":false,"handId":703,"id":7032,"length":66.821,"mcpPosition":[51.0156,309.3,6.58677],"pipPosition":[35.7754,287.544,-33.4741],"stabilizedTipPosition":[26.9409,239.542,16.5354],"timeVisible":18.7908,"tipPosition":[38.6837,252.169,-11.5456],"tipVelocity":[6.09786,129.179,-127.618],"tool":false,"touchDistance":0.333333,"touchZone":"none","type":2,"width":18.9446},{"bases":[[[0.934793,-0.264168,-0.237439],[0.355179,0.689264,0.631477],[-0.00315753,-0.674633,0.738146]],[[0.934489,-0.244419,-0.258825],[0.0998192,0.877789,-0.468532],[0.341712,0.412002,0.844682]],[[0.934489,-0.244419,-0.258825],[-0.320523,-0.261308,-0.910485],[0.154906,0.933798,-0.322531]],[[0.934489,-0.244419,-0.258825],[-0.346745,-0.789579,-0.506293],[-0.0806154,0.562872,-0.822603]]],"btipPosition":[55.0415,249.08,-6.84487],"carpPosition":[72.8468,261.579,52.6632],"dipPosition":[53.5394,259.567,-22.1719],"direction":[-0.154906,-0.933798,0.322531],"extended":false,"handId":703,"id":7033,"length":64.2502,"mcpPosition":[73.0441,303.721,6.55371],"pipPosition":[57.8188,285.364,-31.0819],"stabilizedTipPosition":[47.2538,239.681,10.5375],"timeVisible":18.7908,"tipPosition":[54.9695,251.02,-8.96175],"tipVelocity":[7.38415,137.624,-123.573],"tool":false,"touchDistance":0.333333,"touchZone":"none","type":3,"width":18.027},{"bases":[[[0.856523,-0.450705,-0.251464],[0.494566,0.577457,0.649575],[-0.147557,-0.680741,0.717509]],[[0.807075,-0.582482,-0.0966681],[0.47952,0.742131,-0.468297],[0.344515,0.331596,0.878267]],[[0.807075,-0.582482,-0.0966681],[-0.259862,-0.203397,-0.943982],[0.530191,0.786984,-0.315522]],[[0.807075,-0.582482,-0.0966681],[-0.536578,-0.655219,-0.531763],[0.246404,0.481042,-0.841358]]],"btipPosition":[65.3435,258.889,-5.63884],"carpPosition":[83.5358,254.837,46.2034],"dipPosition":[69.579,267.158,-20.101],"direction":[-0.530191,-0.786984,0.315522],"extended":false,"handId":703,"id":7034,"length":50.3709,"mcpPosition":[92.0682,294.2,4.7137],"pipPosition":[79.9202,282.508,-26.2552],"stabilizedTipPosition":[62.5596,252.403,2.36808],"timeVisible":18.7908,"tipPosition":[66.3708,260.263,-7.70613],"tipVelocity":[8.13182,145.386,-122.888],"tool":false,"touchDistance":0.333333,"touchZone":"none","type":4,"width":16.013}],"r":[[0.956886,0.159656,0.242649],[-0.229976,0.926719,0.297158],[-0.177424,-0.340149,0.923482]],"s":0.892774,"t":[-0.886211,43.7683,-71.8298],"timestamp":523980222457},false],[1,{"currentFrameRate":110.625,"devices":[],"gestures":[],"hands":[{"armBasis":[[0.918666,0.109421,-0.379579],[0.0838676,0.884945,0.458081],[0.38603,-0.452658,0.803792]],"armWidth":63.5437,"confidence":0.559079,"direction":[-0.0994579,0.785663,-0.610608],"elbow":[172.403,127.723,268.125],"grabStrength":0,"id":703,"palmNormal":[-0.136171,-0.618624,-0.773797],"palmPosition":[55.0282,289.293,16.7672],"palmVelocity":[-30.7856,167.428,-114.274],"palmWidth":90.7382,"pinchStrength":0.777044,"r":[[0.954349,0.166372,0.24807],[-0.238084,0.925228,0.295413],[-0.180373,-0.340989,0.922601]],"s":0.891497,"sphereCenter":[44.4854,276.756,-27.9928],"sphereRadius":45.4119,"stabilizedPalmPosition":[53.4276,282.607,25.4507],"t":[-1.2976,45.4844,-72.9079],"timeVisible":18.7998,"type":"right","wrist":[68.4634,249.603,51.7014]}],"id":4304312,"interactionBox":{"center":[0,200,0],"size":[235.247,235.247,147.751]},"pointables":[{"bases":[[[0.499022,0.704133,0.505147],[-0.693557,-0.0249801,0.719968],[0.519572,-0.709629,0.475891]],[[0.258895,0.923989,0.281457],[-0.786815,0.0327224,0.61632],[0.560263,-0.381017,0.73548]],[[0.258895,0.923989,0.281457],[-0.951698,0.194222,0.2378],[0.165059,-0.329427,0.929642]],[[0.258895,0.923989,0.281457],[-0.747463,0.37621,-0.547508],[-0.611778,-0.0686313,0.788046]]],"btipPosition":[20.0906,272.204,-36.3711],"carpPosition":[39.3142,240.435,50.2418],"dipPosition":[5.81239,270.603,-17.979],"direction":[-0.165059,0.329427,-0.929642],"extended":false,"handId":703,"id":7030,"length":51.9721,"mcpPosition":[39.3142,240.435,50.2418],"pipPosition":[11.4246,259.402,13.63],"stabilizedTipPosition":[-13.0303,251.563,40.5849],"timeVisible":18.7998,"tipPosition":[17.3187,272.332,-31.1202],"tipVelocity":[5.02173,128.041,-156.033],"tool":false,"touchDistance":-0.524856,"touchZone":"hovering","type":0,"width":20.194},{"bases":[[[0.954988,0.125816,-0.268641],[0.0955699,0.726825,0.680141],[0.280827,-0.675201,0.682085]],[[0.964027,0.102669,-0.245176],[0.0429268,0.850147,0.524792],[0.262316,-0.516438,0.815157]],[[0.964027,0.102669,-0.245176],[-0.0148234,0.941721,0.336067],[0.265392,-0.320344,0.909366]],[[0.964027,0.102669,-0.245176],[-0.0576831,0.981217,0.184083],[0.259471,-0.163319,0.951841]]],"btipPosition":[6.17642,342.998,-65.6435],"carpPosition":[48.836,260.831,57.4592],"dipPosition":[10.5974,340.216,-49.4258],"direction":[-0.265392,0.320344,-0.909366],"extended":true,"handId":703,"id":7031,"length":58.6448,"mcpPosition":[28.2328,310.368,7.41737],"pipPosition":[16.9942,332.494,-27.5068],"stabilizedTipPosition":[-24.1395,320.749,19.6627],"timeVisible":18.7998,"tipPosition":[7.56064,343.316,-61.5068],"tipVelocity":[-33.94,111.485,-152.736],"tool":false,"touchDistance":-0.524435,"touchZone":"hovering","type":1,"width":19.2893},{"bases":[[[0.95377,-0.0923251,-0.286004],[0.261788,0.722632,0.639742],[0.147611,-0.68504,0.713394]],[[0.953252,-0.0899451,-0.28848],[-0.0548845,0.887258,-0.457997],[0.297151,0.45242,0.840843]],[[0.953252,-0.0899451,-0.28848],[-0.302139,-0.298944,-0.905176],[-0.00482339,0.950022,-0.312145]],[[0.953252,-0.0899451,-0.28848],[-0.233041,-0.826555,-0.512346],[-0.192362,0.555622,-0.808876]]],"btipPosition":[39.622,252.553,-11.0912],"carpPosition":[60.4336,263.99,54.9499],"dipPosition":[36.0172,262.965,-26.2495],"direction":[0.00482339,-0.950022,0.312145],"extended":false,"handId":703,"id":7032,"length":66.821,"mcpPosition":[50.1635,311.652,5.31556],"pipPosition":[35.8804,289.905,-35.1013],"stabilizedTipPosition":[28.197,241.175,13.2382],"timeVisible":18.7998,"tipPosition":[39.0886,254.457,-13.372],"tipVelocity":[17.2629,163.316,-147.533],"tool":false,"touchDistance":0.333333,"touchZone":"none","type":2,"width":18.9446},{"bases":[[[0.94263,-0.246339,-0.225312],[0.333834,0.691983,0.640089],[-0.00176648,-0.678585,0.73452]],[[0.94227,-0.226152,-0.246948],[0.0915294,0.883341,-0.459707],[0.322103,0.410565,0.853045]],[[0.94227,-0.226152,-0.246948],[-0.302629,-0.259469,-0.917111],[0.143331,0.938899,-0.312929]],[[0.94227,-0.226152,-0.246948],[-0.325439,-0.792148,-0.516324],[-0.0788518,0.566883,-0.820016]]],"btipPosition":[55.4436,251.67,-8.51371],"carpPosition":[72.1753,264.074,51.454],"dipPosition":[53.9744,262.232,-23.7925],"direction":[-0.143331,-0.938899,0.312929],"extended":false,"handId":703,"id":7033,"length":64.2502,"mcpPosition":[72.2856,306.463,5.57098],"pipPosition":[57.934,288.17,-32.4373],"stabilizedTipPosition":[48.2206,241.456,7.75896],"timeVisible":18.7998,"tipPosition":[55.3538,253.621,-10.6458],"tipVelocity":[17.846,179.257,-140.109],"tool":false,"touchDistance":0.333333,"touchZone":"none","type":3,"width":18.027},{"bases":[[[0.867887,-0.434148,-0.241429],[0.474907,0.582556,0.659615],[-0.145725,-0.687127,0.711773]],[[0.817983,-0.568673,-0.0866903],[0.477151,0.754923,-0.44991],[0.321296,0.326654,0.888857]],[[0.817983,-0.568673,-0.0866903],[-0.237341,-0.196363,-0.951373],[0.523997,0.798782,-0.295591]],[[0.817983,-0.568673,-0.0866903],[-0.51602,-0.65879,-0.547466],[0.254219,0.492552,-0.832325]]],"btipPosition":[65.5804,261.725,-7.314],"carpPosition":[83.0734,257.557,45.114],"dipPosition":[69.9501,270.191,-21.6209],"direction":[-0.523997,-0.798782,0.295591],"extended":false,"handId":703,"id":7034,"length":50.3709,"mcpPosition":[91.4999,297.29,3.95595],"pipPosition":[80.1705,285.771,-27.3863],"stabilizedTipPosition":[63.2244,254.264,0.225784],"timeVisible":18.7998,"tipPosition":[66.6164,263.128,-9.33279],"tipVelocity":[14.0588,193.224,-139.055],"tool":false,"touchDistance":0.333333,"touchZone":"none","type":4,"width":16.013}],"r":[[0.954349,0.166372,0.24807],[-0.238084,0.925228,0.295413],[-0.180373,-0.340989,0.922601]],"s":0.891497,"t":[-1.2976,45.4844,-72.9079],"timestamp":523980231484},false],[2,{"currentFrameRate":110.535,"devices":[],"gestures":[],"hands":[{"armBasis":[[0.919216,0.11477,-0.376656],[0.0771651,0.885523,0.458143],[0.386118,-0.450197,0.80513]],"armWidth":63.5437,"confidence":0.565814,"direction":[-0.0992557,0.785168,-0.611277],"elbow":[172.123,129.687,267.727],"grabStrength":0,"id":703,"palmNormal":[-0.128803,-0.61928,-0.774534],"palmPosition":[54.759,290.532,15.925],"palmVelocity":[-30.3514,158.241,-107.892],"palmWidth":90.7382,"pinchStrength":0.776582,"r":[[0.951808,0.172577,0.253533],[-0.245722,0.923784,0.293674],[-0.183528,-0.34182,0.92167]],"s":0.889998,"sphereCenter":[44.5243,277.879,-28.9704],"sphereRadius":45.4171,"stabilizedPalmPosition":[53.7602,284.587,23.0712],"t":[-1.63787,46.9621,-73.8681],"timeVisible":18.809,"type":"right","wrist":[68.1593,250.904,50.9433]}],"id":4304313,"interactionBox":{"center":[0,200,0],"size":[235.247,235.247,147.751]},"pointables":[{"bases":[[[0.492878,0.706365,0.508055],[-0.697744,-0.0279781,0.7158],[0.519831,-0.707295,0.479072]],[[0.252788,0.925336,0.28258],[-0.790465,0.0291071,0.611815],[0.557909,-0.378029,0.738804]],[[0.252788,0.925336,0.28258],[-0.953799,0.189321,0.233292],[0.162375,-0.328498,0.930442]],[[0.252788,0.925336,0.28258],[-0.74696,0.372283,-0.550868],[-0.614938,-0.0718228,0.785298]]],"btipPosition":[20.1186,273.272,-37.4314],"carpPosition":[39.06,241.608,49.31],"dipPosition":[5.76665,271.595,-19.1035],"direction":[-0.162375,0.328498,-0.930442],"extended":false,"handId":703,"id":7030,"length":51.9721,"mcpPosition":[39.06,241.608,49.31],"pipPosition":[11.2876,260.426,12.5327],"stabilizedTipPosition":[-12.061,252.255,38.1883],"timeVisible":18.809,"tipPosition":[17.3332,273.368,-32.2358],"tipVelocity":[3.9519,124.133,-145.042],"tool":false,"touchDistance":-0.51683,"touchZone":"hovering","type":0,"width":20.194},{"bases":[[[0.956018,0.13,-0.262925],[0.0882879,0.727293,0.680624],[0.279705,-0.673902,0.683828]],[[0.964571,0.108117,-0.240651],[0.03503,0.851607,0.523008],[0.261486,-0.512909,0.817649]],[[0.964571,0.108117,-0.240651],[-0.0221676,0.942159,0.334432],[0.262889,-0.317249,0.911176]],[[0.964571,0.108117,-0.240651],[-0.0643521,0.981039,0.182817],[0.255854,-0.160854,0.953239]]],"btipPosition":[6.02871,343.851,-66.8226],"carpPosition":[48.4484,262.047,56.5822],"dipPosition":[10.388,341.11,-50.581],"direction":[-0.262889,0.317249,-0.911176],"extended":true,"handId":703,"id":7031,"length":58.6448,"mcpPosition":[27.9276,311.488,6.41245],"pipPosition":[16.7246,333.463,-28.6185],"stabilizedTipPosition":[-23.4232,321.265,17.7612],"timeVisible":18.809,"tipPosition":[7.41844,344.174,-62.6898],"tipVelocity":[-29.3615,106.491,-145.663],"tool":false,"touchDistance":-0.517929,"touchZone":"hovering","type":1,"width":19.2893},{"bases":[[[0.955865,-0.0881447,-0.280272],[0.254762,0.723829,0.641223],[0.146348,-0.684326,0.714339]],[[0.955341,-0.0857232,-0.282797],[-0.0558551,0.887365,-0.457672],[0.290177,0.453029,0.842948]],[[0.955341,-0.0857232,-0.282797],[-0.29542,-0.299884,-0.907081],[-0.00704844,0.950116,-0.311816]],[[0.955341,-0.0857232,-0.282797],[-0.226309,-0.827623,-0.513639],[-0.190019,0.5547,-0.810062]]],"btipPosition":[39.6775,253.755,-12.053],"carpPosition":[60.0469,265.257,54.1421],"dipPosition":[36.1166,264.15,-27.2336],"direction":[0.00704844,-0.950116,0.311816],"extended":false,"handId":703,"id":7032,"length":66.821,"mcpPosition":[49.8647,312.869,4.44201],"pipPosition":[35.9167,291.093,-36.076],"stabilizedTipPosition":[29.3549,242.801,10.1121],"timeVisible":18.809,"tipPosition":[39.1419,255.659,-14.3626],"tipVelocity":[14.4254,154.027,-135.634],"tool":false,"touchDistance":0.333333,"touchZone":"none","type":2,"width":18.9446},{"bases":[[[0.94504,-0.242201,-0.219631],[0.326939,0.693498,0.642005],[-0.00318041,-0.678527,0.734569]],[[0.944688,-0.221135,-0.242208],[0.0928481,0.888613,-0.449162],[0.314554,0.401829,0.859994]],[[0.944688,-0.221135,-0.242208],[-0.295182,-0.251402,-0.921773],[0.142944,0.942283,-0.302772]],[[0.944688,-0.221135,-0.242208],[-0.319034,-0.790823,-0.522317],[-0.0760414,0.570699,-0.817631]]],"btipPosition":[55.4601,253.209,-9.88874],"carpPosition":[71.8088,265.392,50.7166],"dipPosition":[54.0433,263.842,-25.1231],"direction":[-0.142944,-0.942282,0.302772],"extended":false,"handId":703,"id":7033,"length":64.2502,"mcpPosition":[72.0074,307.777,4.83059],"pipPosition":[57.9922,289.873,-33.4872],"stabilizedTipPosition":[49.1149,243.293,5.02313],"timeVisible":18.809,"tipPosition":[55.3609,255.126,-11.9697],"tipVelocity":[13.7179,176.366,-142.384],"tool":false,"touchDistance":0.333333,"touchZone":"none","type":3,"width":18.027},{"bases":[[[0.871223,-0.43034,-0.236176],[0.468373,0.584696,0.662388],[-0.146961,-0.687705,0.71096]],[[0.820664,-0.565642,-0.0809931],[0.478963,0.758243,-0.442336],[0.311616,0.324217,0.893184]],[[0.820664,-0.565642,-0.0809931],[-0.227624,-0.193604,-0.954309],[0.524116,0.801603,-0.287637]],[[0.820664,-0.565642,-0.0809931],[-0.509136,-0.659495,-0.553035],[0.259405,0.495092,-0.829212]]],"btipPosition":[65.6016,263.111,-8.29946],"carpPosition":[82.7733,258.922,44.4428],"dipPosition":[70.0605,271.621,-22.5529],"direction":[-0.524116,-0.801603,0.287637],"extended":false,"handId":703,"id":7034,"length":50.3709,"mcpPosition":[91.2713,298.689,3.33175],"pipPosition":[80.2833,287.256,-28.1631],"stabilizedTipPosition":[63.8149,256.138,-1.82234],"timeVisible":18.809,"tipPosition":[66.6407,264.526,-10.3227],"tipVelocity":[11.3926,181.586,-129.717],"tool":false,"touchDistance":0.333333,"touchZone":"none","type":4,"width":16.013}],"r":[[0.951808,0.172577,0.253533],[-0.245722,0.923784,0.293674],[-0.183528,-0.34182,0.92167]],"s":0.889998,"t":[-1.63787,46.9621,-73.8681],"timestamp":523980240691},false],[3,{"currentFrameRate":110.541,"devices":[],"gestures":[],"hands":[{"armBasis":[[0.920294,0.110021,-0.375438],[0.0781541,0.888599,0.451977],[0.383341,-0.445294,0.809174]],"armWidth":63.5437,"confidence":0.569955,"direction":[-0.098168,0.78339,-0.613729],"elbow":[170.905,132.263,267.729],"grabStrength":0,"id":703,"palmNormal":[-0.129997,-0.621518,-0.772539],"palmPosition":[54.3426,291.698,14.7171],"palmVelocity":[-34.6867,150.197,-114.999],"palmWidth":90.7382,"pinchStrength":0.778336,"r":[[0.949794,0.177389,0.257731],[-0.251507,0.922859,0.291679],[-0.186109,-0.341855,0.92114]],"s":0.88853,"sphereCenter":[44.0355,278.881,-30.1687],"sphereRadius":45.4159,"stabilizedPalmPosition":[53.9056,286.363,20.9851],"t":[-2.01621,48.2838,-74.9522],"timeVisible":18.8181,"type":"right","wrist":[67.6891,252.16,49.8569]}],"id":4304314,"interactionBox":{"center":[0,200,0],"size":[235.247,235.247,147.751]},"pointables":[{"bases":[[[0.49414,0.70718,0.50569],[-0.697596,-0.0246034,0.716069],[0.518831,-0.706605,0.481169]],[[0.253948,0.92604,0.279214],[-0.790433,0.0323255,0.611695],[0.557428,-0.376039,0.740182]],[[0.253948,0.92604,0.279214],[-0.953572,0.191385,0.232535],[0.1619,-0.325303,0.931647]],[[0.253948,0.92604,0.279214],[-0.745867,0.371283,-0.55302],[-0.615787,-0.0678185,0.784989]]],"btipPosition":[19.6931,274.267,-38.583],"carpPosition":[38.5746,242.905,48.2607],"dipPosition":[5.32137,272.684,-20.2623],"direction":[-0.1619,0.325303,-0.931647],"extended":false,"handId":703,"id":7030,"length":51.9721,"mcpPosition":[38.5746,242.905,48.2607],"pipPosition":[10.8262,261.624,11.4149],"stabilizedTipPosition":[-11.1419,252.955,35.8443],"timeVisible":18.8181,"tipPosition":[16.8759,274.392,-33.4196],"tipVelocity":[-10.2489,120.946,-140.25],"tool":false,"touchDistance":-0.51078,"touchZone":"hovering","type":0,"width":20.194},{"bases":[[[0.956153,0.127644,-0.263586],[0.0896293,0.729299,0.678299],[0.278814,-0.672183,0.685881]],[[0.964354,0.106699,-0.24215],[0.0358633,0.853957,0.519106],[0.262174,-0.509287,0.81969]],[[0.964354,0.106699,-0.24215],[-0.0213341,0.943473,0.330763],[0.263754,-0.313806,0.912118]],[[0.964354,0.106699,-0.24215],[-0.0635266,0.981691,0.179573],[0.256876,-0.157789,0.953476]]],"btipPosition":[5.57549,344.739,-68.2038],"carpPosition":[47.9975,263.352,55.4658],"dipPosition":[9.95223,342.05,-51.9582],"direction":[-0.263754,0.313806,-0.912118],"extended":true,"handId":703,"id":7031,"length":58.6448,"mcpPosition":[27.5421,312.667,5.14544],"pipPosition":[16.3096,334.487,-29.973],"stabilizedTipPosition":[-22.7618,321.769,15.9487],"timeVisible":18.8181,"tipPosition":[6.98669,345.057,-64.087],"tipVelocity":[-34.9697,104.599,-147.622],"tool":false,"touchDistance":-0.515174,"touchZone":"hovering","type":1,"width":19.2893},{"bases":[[[0.955648,-0.0905541,-0.280243],[0.256088,0.725445,0.638866],[0.145449,-0.682298,0.71646]],[[0.95512,-0.0881017,-0.282816],[-0.0543976,0.886344,-0.459821],[0.291183,0.454568,0.841772]],[[0.95512,-0.0881017,-0.282816],[-0.296169,-0.301879,-0.906175],[-0.00554065,0.949267,-0.314424]],[[0.95512,-0.0881017,-0.282816],[-0.227754,-0.828886,-0.510956],[-0.189406,0.552436,-0.811751]]],"btipPosition":[39.1911,254.884,-13.168],"carpPosition":[59.6004,266.535,53.0125],"dipPosition":[35.6416,265.237,-28.3802],"direction":[0.00554065,-0.949267,0.314424],"extended":false,"handId":703,"id":7032,"length":66.821,"mcpPosition":[49.4808,314.006,3.16488],"pipPosition":[35.4845,292.156,-37.2966],"stabilizedTipPosition":[30.3064,244.327,7.28711],"timeVisible":18.8181,"tipPosition":[38.6512,256.786,-15.5064],"tipVelocity":[-4.30078,145.746,-132.488],"tool":false,"touchDistance":0.333333,"touchZone":"none","type":2,"width":18.9446},{"bases":[[[0.944594,-0.244401,-0.219113],[0.328216,0.695001,0.639725],[-0.004065,-0.676196,0.73671]],[[0.944245,-0.22277,-0.242434],[0.0948441,0.889168,-0.447644],[0.315286,0.399692,0.860721]],[[0.944245,-0.22277,-0.242434],[-0.295644,-0.249637,-0.922104],[0.144897,0.942367,-0.301579]],[[0.944245,-0.22277,-0.242434],[-0.320479,-0.790643,-0.521706],[-0.0754581,0.570313,-0.817954]]],"btipPosition":[54.9708,254.412,-11.2149],"carpPosition":[71.3616,266.641,49.5835],"dipPosition":[53.5648,265.039,-26.4553],"direction":[-0.144897,-0.942367,0.301579],"extended":false,"handId":703,"id":7033,"length":64.2502,"mcpPosition":[71.6155,308.88,3.56373],"pipPosition":[57.5677,291.072,-34.7865],"stabilizedTipPosition":[49.8155,245.01,2.52295],"timeVisible":18.8181,"tipPosition":[54.8578,256.33,-13.3251],"tipVelocity":[-4.90533,164.419,-143.638],"tool":false,"touchDistance":0.333333,"touchZone":"none","type":3,"width":18.027},{"bases":[[[0.870472,-0.432473,-0.235043],[0.469482,0.586038,0.660413],[-0.147866,-0.68522,0.713168]],[[0.819302,-0.567974,-0.0784256],[0.483076,0.757477,-0.439164],[0.308839,0.321923,0.894977]],[[0.819302,-0.567974,-0.0784256],[-0.224555,-0.192005,-0.955358],[0.52756,0.800337,-0.284851]],[[0.819302,-0.567974,-0.0784256],[-0.509673,-0.658792,-0.553377],[0.262638,0.493354,-0.82923]]],"btipPosition":[65.17,264.314,-9.6599],"carpPosition":[82.3141,260.134,43.3273],"dipPosition":[69.6845,272.795,-23.9136],"direction":[-0.52756,-0.800337,0.284851],"extended":false,"handId":703,"id":7034,"length":50.3709,"mcpPosition":[90.8644,299.756,2.08855],"pipPosition":[79.9743,288.405,-29.4695],"stabilizedTipPosition":[64.2188,257.847,-3.69814],"timeVisible":18.8181,"tipPosition":[66.2068,265.719,-11.6896],"tipVelocity":[-4.51755,168.041,-135.465],"tool":false,"touchDistance":0.333333,"touchZone":"none","type":4,"width":16.013}],"r":[[0.949794,0.177389,0.257731],[-0.251507,0.922859,0.291679],[-0.186109,-0.341855,0.92114]],"s":0.88853,"t":[-2.01621,48.2838,-74.9522],"timestamp":523980249726},false],[4,{"currentFrameRate":101.289,"devices":[],"gestures":[],"hands":[{"armBasis":[[0.925314,0.0976881,-0.366402],[0.0794249,0.894886,0.43917],[0.37079,-0.435472,0.820292]],"armWidth":63.5437,"confidence":0.576973,"direction":[-0.0943404,0.778339,-0.620716],"elbow":[166.114,138.577,268.219],"grabStrength":0,"id":703,"palmNormal":[-0.130571,-0.627785,-0.767357],"palmPosition":[53.1327,295.104,11.8437],"palmVelocity":[-40.9936,135.499,-109.833],"palmWidth":90.7382,"pinchStrength":0.793382,"r":[[0.948169,0.18105,0.261145],[-0.255619,0.922773,0.288355],[-0.188771,-0.340163,0.921225]],"s":0.886766,"sphereCenter":[42.7907,281.895,-32.9998],"sphereRadius":45.4176,"stabilizedPalmPosition":[53.4567,291.44,15.6756],"t":[-2.81032,50.6477,-76.9309],"timeVisible":18.845,"type":"right","wrist":[66.2779,255.829,47.3527]}],"id":4304315,"interactionBox":{"center":[0,200,0],"size":[235.247,235.247,147.751]},"pointables":[{"bases":[[[0.49552,0.709904,0.500496],[-0.699072,-0.0160384,0.714871],[0.515517,-0.704116,0.488327]],[[0.256511,0.927581,0.271653],[-0.791601,0.0403483,0.609705],[0.55459,-0.371437,0.744624]],[[0.256511,0.927581,0.271653],[-0.9534,0.196636,0.22883],[0.158841,-0.317692,0.934795]],[[0.256511,0.927581,0.271653],[-0.743207,0.368978,-0.558121],[-0.617936,-0.0587302,0.784032]]],"btipPosition":[18.5496,277.32,-41.3702],"carpPosition":[37.1357,246.657,45.7793],"dipPosition":[4.12767,275.949,-23.0718],"direction":[-0.158841,0.317692,-0.934795],"extended":false,"handId":703,"id":7030,"length":51.9721,"mcpPosition":[37.1357,246.657,45.7793],"pipPosition":[9.52847,265.147,8.71237],"stabilizedTipPosition":[-8.1602,255.674,27.5906],"timeVisible":18.845,"tipPosition":[15.7014,277.49,-36.2384],"tipVelocity":[-30.3909,117.337,-117.634],"tool":false,"touchDistance":-0.52992,"touchZone":"hovering","type":0,"width":20.194},{"bases":[[[0.957089,0.122152,-0.26279],[0.0907496,0.734875,0.672104],[0.275217,-0.667111,0.692256]],[[0.964822,0.102338,-0.242169],[0.0370674,0.858975,0.510673],[0.260279,-0.501685,0.824965]],[[0.964822,0.102338,-0.242169],[-0.0194615,0.946402,0.322403],[0.262184,-0.306349,0.915101]],[[0.964822,0.102338,-0.242169],[-0.0611976,0.983248,0.171694],[0.255683,-0.150834,0.954922]]],"btipPosition":[4.5942,347.526,-71.6349],"carpPosition":[46.613,267.135,52.8249],"dipPosition":[8.95061,344.956,-55.3647],"direction":[-0.262184,0.306349,-0.915101],"extended":true,"handId":703,"id":7031,"length":58.6448,"mcpPosition":[26.4214,316.078,2.03685],"pipPosition":[15.2702,337.572,-33.3075],"stabilizedTipPosition":[-20.8755,323.443,10.3716],"timeVisible":18.845,"tipPosition":[6.01895,347.836,-67.5413],"tipVelocity":[-35.9705,104.503,-134.963],"tool":false,"touchDistance":-0.543371,"touchZone":"hovering","type":1,"width":19.2893},{"bases":[[[0.955885,-0.0961798,-0.277549],[0.257271,0.730122,0.633035],[0.141759,-0.676514,0.722657]],[[0.955314,-0.0934907,-0.280418],[-0.047117,0.888374,-0.456697],[0.291813,0.449502,0.844271]],[[0.955314,-0.0934907,-0.280418],[-0.295591,-0.299133,-0.907274],[0.00093924,0.94962,-0.313401]],[[0.955314,-0.0934907,-0.280418],[-0.230236,-0.830301,-0.507535],[-0.185382,0.549418,-0.814723]]],"btipPosition":[37.7892,258.495,-16.3381],"carpPosition":[58.2313,270.258,50.367],"dipPosition":[34.3151,268.791,-31.606],"direction":[-0.00093924,-0.94962,0.313401],"extended":false,"handId":703,"id":7032,"length":66.821,"mcpPosition":[48.3684,317.326,0.0882232],"pipPosition":[34.3418,295.72,-40.4934],"stabilizedTipPosition":[32.183,248.969,-0.332077],"timeVisible":18.845,"tipPosition":[37.2686,260.32,-18.6391],"tipVelocity":[-33.3749,138.19,-123.616],"tool":false,"touchDistance":0.333333,"touchZone":"none","type":2,"width":18.9446},{"bases":[[[0.944195,-0.24945,-0.215105],[0.329295,0.699447,0.634302],[-0.00777258,-0.669738,0.742557]],[[0.943953,-0.227669,-0.238997],[0.0978463,0.884515,-0.456135],[0.315244,0.407185,0.857217]],[[0.943953,-0.227669,-0.238997],[-0.295161,-0.258079,-0.919932],[0.14776,0.938915,-0.310813]],[[0.943953,-0.227669,-0.238997],[-0.321944,-0.794807,-0.514426],[-0.0728373,0.562538,-0.823557]]],"btipPosition":[53.7141,257.569,-13.6875],"carpPosition":[69.9994,270.294,46.9606],"dipPosition":[52.357,268.05,-29.0323],"direction":[-0.14776,-0.938915,0.310813],"extended":false,"handId":703,"id":7033,"length":64.2502,"mcpPosition":[70.485,312.131,0.575544],"pipPosition":[56.4389,293.988,-37.6186],"stabilizedTipPosition":[51.0141,250.013,-4.07442],"timeVisible":18.845,"tipPosition":[53.5902,259.497,-15.905],"tipVelocity":[-30.4176,134.465,-112.153],"tool":false,"touchDistance":0.333333,"touchZone":"none","type":3,"width":18.027},{"bases":[[[0.869474,-0.437406,-0.229545],[0.470154,0.590197,0.656218],[-0.151557,-0.678486,0.718809]],[[0.817083,-0.572155,-0.0708153],[0.489566,0.753459,-0.43889],[0.30447,0.323941,0.895746]],[[0.817083,-0.572155,-0.0708153],[-0.219577,-0.195267,-0.955854],[0.533069,0.796561,-0.285181]],[[0.817083,-0.572155,-0.0708153],[-0.51012,-0.660269,-0.551201],[0.268615,0.486501,-0.831362]]],"btipPosition":[63.9554,267.608,-12.5145],"carpPosition":[80.9423,263.697,40.7829],"dipPosition":[68.5727,275.971,-26.8048],"direction":[-0.533069,-0.796561,0.285181],"extended":false,"handId":703,"id":7034,"length":50.3709,"mcpPosition":[89.706,302.93,-0.782008],"pipPosition":[78.97,291.507,-32.3672],"stabilizedTipPosition":[64.5354,262.481,-8.49753],"timeVisible":18.845,"tipPosition":[64.9959,268.997,-14.5795],"tipVelocity":[-29.0204,139.138,-117.424],"tool":false,"touchDistance":0.333333,"touchZone":"none","type":4,"width":16.013}],"r":[[0.948169,0.18105,0.261145],[-0.255619,0.922773,0.288355],[-0.188771,-0.340163,0.921225]],"s":0.886766,"t":[-2.81032,50.6477,-76.9309],"timestamp":523980276672},false],[5,{"currentFrameRate":101.54,"devices":[],"gestures":[],"hands":[{"armBasis":[[0.921121,0.102637,-0.375502],[0.0786168,0.895691,0.437673],[0.381255,-0.43267,0.816971]],"armWidth":63.5437,"confidence":0.57951,"direction":[-0.0928627,0.777625,-0.621832],"elbow":[168.614,140.153,266.897],"grabStrength":0,"id":703,"palmNormal":[-0.12911,-0.628662,-0.766886],"palmPosition":[52.8984,295.887,11.3426],"palmVelocity":[-36.4588,120.751,-93.8405],"palmWidth":90.7382,"pinchStrength":0.795996,"r":[[0.946748,0.184,0.264218],[-0.258977,0.922769,0.285357],[-0.191307,-0.338588,0.921282]],"s":0.885399,"sphereCenter":[42.6298,282.621,-33.5176],"sphereRadius":45.4184,"stabilizedPalmPosition":[53.3091,292.616,14.5299],"t":[-3.32455,52.2209,-78.1708],"timeVisible":18.8544,"type":"right","wrist":[65.9602,256.65,46.9254]}],"id":4304316,"interactionBox":{"center":[0,200,0],"size":[235.247,235.247,147.751]},"pointables":[{"bases":[[[0.494634,0.710383,0.500692],[-0.70057,-0.0150341,0.713425],[0.514332,-0.703655,0.490237]],[[0.256251,0.92779,0.271186],[-0.792818,0.041241,0.608062],[0.552969,-0.370817,0.746136]],[[0.256251,0.92779,0.271186],[-0.95379,0.197156,0.226747],[0.156907,-0.316758,0.935438]],[[0.256251,0.92779,0.271186],[-0.742291,0.368584,-0.559598],[-0.619144,-0.0579008,0.78314]]],"btipPosition":[18.4078,278.064,-41.924],"carpPosition":[36.8192,247.484,45.3019],"dipPosition":[3.95765,276.713,-23.6464],"direction":[-0.156907,0.316758,-0.935438],"extended":false,"handId":703,"id":7030,"length":51.9721,"mcpPosition":[36.8192,247.484,45.3019],"pipPosition":[9.2927,265.943,8.15962],"stabilizedTipPosition":[-7.15142,256.632,24.7562],"timeVisible":18.8544,"tipPosition":[15.5495,278.226,-36.8097],"tipVelocity":[-26.258,106.725,-101.167],"tool":false,"touchDistance":-0.51364,"touchZone":"hovering","type":0,"width":20.194},{"bases":[[[0.957665,0.121624,-0.260931],[0.0895117,0.735649,0.671423],[0.273615,-0.666355,0.693618]],[[0.965259,0.102079,-0.240529],[0.0360409,0.859719,0.509495],[0.258796,-0.500464,0.826172]],[[0.965259,0.102079,-0.240529],[-0.0200311,0.946731,0.321401],[0.260524,-0.305418,0.915886]],[[0.965259,0.102079,-0.240529],[-0.0614057,0.983371,0.170912],[0.253975,-0.150205,0.955476]]],"btipPosition":[4.51789,348.218,-72.2969],"carpPosition":[46.2865,267.967,52.343],"dipPosition":[8.8452,345.658,-56.0172],"direction":[-0.260524,0.305418,-0.915886],"extended":true,"handId":703,"id":7031,"length":58.6448,"mcpPosition":[26.2125,316.855,1.45502],"pipPosition":[15.1248,338.297,-33.9411],"stabilizedTipPosition":[-20.24,324.025,8.47097],"timeVisible":18.8544,"tipPosition":[5.93875,348.516,-68.2082],"tipVelocity":[-28.2729,95.8712,-116.643],"tool":false,"touchDistance":-0.527264,"touchZone":"hovering","type":1,"width":19.2893},{"bases":[[[0.956442,-0.0967251,-0.275434],[0.256113,0.730812,0.632708],[0.140092,-0.675691,0.723751]],[[0.955829,-0.0938138,-0.278549],[-0.045448,0.889124,-0.455405],[0.290388,0.447949,0.845587]],[[0.955829,-0.0938138,-0.278549],[-0.293915,-0.298243,-0.908111],[0.00211804,0.949868,-0.312643]],[[0.955829,-0.0938138,-0.278549],[-0.229417,-0.830542,-0.507512],[-0.183735,0.548998,-0.815379]]],"btipPosition":[37.5888,259.34,-16.948],"carpPosition":[57.9106,271.085,49.9058],"dipPosition":[34.1456,269.628,-32.2281],"direction":[-0.00211804,-0.949869,0.312643],"extended":false,"handId":703,"id":7032,"length":66.821,"mcpPosition":[48.1637,318.096,-0.449147],"pipPosition":[34.2057,296.565,-41.094],"stabilizedTipPosition":[32.6819,250.347,-2.50865],"timeVisible":18.8544,"tipPosition":[37.0667,261.155,-19.2595],"tipVelocity":[-29.759,124.522,-107.09],"tool":false,"touchDistance":0.333333,"touchZone":"none","type":2,"width":18.9446},{"bases":[[[0.944586,-0.249919,-0.212833],[0.328127,0.700122,0.634162],[-0.00948004,-0.668857,0.74333]],[[0.944397,-0.228098,-0.236826],[0.0989885,0.88407,-0.456751],[0.313555,0.407911,0.857492]],[[0.944397,-0.228098,-0.236826],[-0.293332,-0.259023,-0.920252],[0.148564,0.938551,-0.311529]],[[0.944397,-0.228098,-0.236826],[-0.321027,-0.7954,-0.514082],[-0.0711102,0.561525,-0.824399]]],"btipPosition":[53.5281,258.331,-14.1492],"carpPosition":[69.6859,271.115,46.524],"dipPosition":[52.2032,268.793,-29.5097],"direction":[-0.148564,-0.938551,0.311529],"extended":false,"handId":703,"id":7033,"length":64.2502,"mcpPosition":[70.2781,312.896,0.0906008],"pipPosition":[56.3073,294.721,-38.1158],"stabilizedTipPosition":[51.307,251.435,-5.87802],"timeVisible":18.8544,"tipPosition":[53.4055,260.258,-16.3807],"tipVelocity":[-27.1956,119.252,-94.4153],"tool":false,"touchDistance":0.333333,"touchZone":"none","type":3,"width":18.027},{"bases":[[[0.869852,-0.437874,-0.227207],[0.468915,0.590866,0.656502],[-0.153216,-0.677601,0.719292]],[[0.817057,-0.572493,-0.0683371],[0.490882,0.752909,-0.438364],[0.302412,0.324623,0.896196]],[[0.817057,-0.572493,-0.0683371],[-0.217398,-0.196132,-0.956175],[0.534,0.796105,-0.28471]],[[0.817057,-0.572493,-0.0683371],[-0.509105,-0.660751,-0.551561],[0.270611,0.485448,-0.83133]]],"btipPosition":[63.7693,268.371,-12.9739],"carpPosition":[80.6401,264.507,40.377],"dipPosition":[68.4208,276.715,-27.2637],"direction":[-0.534,-0.796105,0.28471],"extended":false,"handId":703,"id":7034,"length":50.3709,"mcpPosition":[89.4998,303.689,-1.21584],"pipPosition":[78.8363,292.243,-32.8169],"stabilizedTipPosition":[64.5835,263.715,-9.72506],"timeVisible":18.8544,"tipPosition":[64.8138,269.761,-15.0525],"tipVelocity":[-26.1843,122.616,-98.0069],"tool":false,"touchDistance":0.333333,"touchZone":"none","type":4,"width":16.013}],"r":[[0.946748,0.184,0.264218],[-0.258977,0.922769,0.285357],[-0.191307,-0.338588,0.921282]],"s":0.885399,"t":[-3.32455,52.2209,-78.1708],"timestamp":523980286037},false],[6,{"currentFrameRate":102.104,"devices":[],"gestures":[],"hands":[{"armBasis":[[0.922305,0.104041,-0.372194],[0.0760041,0.89544,0.438647],[0.378914,-0.432855,0.817961]],"armWidth":63.5437,"confidence":0.581087,"direction":[-0.0933824,0.776696,-0.622915],"elbow":[167.729,140.899,266.817],"grabStrength":0,"id":703,"palmNormal":[-0.126157,-0.629836,-0.766414],"palmPosition":[52.6258,296.612,10.9249],"palmVelocity":[-35.0774,110.723,-81.5822],"palmWidth":90.7382,"pinchStrength":0.794129,"r":[[0.945408,0.186853,0.267002],[-0.262186,0.922701,0.282632],[-0.193552,-0.337207,0.921319]],"s":0.884544,"sphereCenter":[42.4596,283.264,-33.9441],"sphereRadius":45.425,"stabilizedPalmPosition":[53.1351,293.633,13.6119],"t":[-3.71795,53.3699,-78.9996],"timeVisible":18.8631,"type":"right","wrist":[65.7054,257.446,46.579]}],"id":4304317,"interactionBox":{"center":[0,200,0],"size":[235.247,235.247,147.751]},"pointables":[{"bases":[[[0.492026,0.712078,0.500854],[-0.701956,-0.0157996,0.712045],[0.514945,-0.701922,0.492074]],[[0.254035,0.928443,0.271036],[-0.793959,0.0401425,0.606645],[0.552355,-0.3693,0.747343]],[[0.254035,0.928443,0.271036],[-0.954537,0.195476,0.225051],[0.155966,-0.315885,0.935891]],[[0.254035,0.928443,0.271036],[-0.743578,0.36668,-0.559139],[-0.618513,-0.059496,0.783519]]],"btipPosition":[18.2249,278.724,-42.4021],"carpPosition":[36.5886,248.212,44.908],"dipPosition":[3.78958,277.336,-24.1157],"direction":[-0.155966,0.315885,-0.935891],"extended":false,"handId":703,"id":7030,"length":51.9721,"mcpPosition":[36.5886,248.212,44.908],"pipPosition":[9.09261,266.595,7.70574],"stabilizedTipPosition":[-6.20513,257.566,22.0554],"timeVisible":18.8631,"tipPosition":[15.3661,278.835,-37.3195],"tipVelocity":[-24.7455,98.1839,-88.7425],"tool":false,"touchDistance":-0.497751,"touchZone":"hovering","type":0,"width":20.194},{"bases":[[[0.957906,0.123493,-0.259164],[0.0865072,0.736623,0.670749],[0.273739,-0.664933,0.694932]],[[0.965371,0.104351,-0.239104],[0.0328832,0.860538,0.508324],[0.258802,-0.498583,0.827307]],[[0.965371,0.104351,-0.239104],[-0.0229095,0.946887,0.320748],[0.259875,-0.304163,0.916488]],[[0.965371,0.104351,-0.239104],[-0.063988,0.983233,0.170758],[0.252913,-0.149545,0.955861]]],"btipPosition":[4.25119,348.748,-72.8616],"carpPosition":[45.9954,268.724,51.9443],"dipPosition":[8.56041,346.2,-56.5753],"direction":[-0.259875,0.304163,-0.916488],"extended":true,"handId":703,"id":7031,"length":58.6448,"mcpPosition":[25.9123,317.508,0.959955],"pipPosition":[14.8243,338.869,-34.4848],"stabilizedTipPosition":[-19.6551,324.579,6.69007],"timeVisible":18.8631,"tipPosition":[5.66887,349.022,-68.7846],"tipVelocity":[-29.0256,86.6214,-102.756],"tool":false,"touchDistance":-0.511319,"touchZone":"hovering","type":1,"width":19.2893},{"bases":[[[0.957205,-0.094875,-0.273417],[0.253196,0.732119,0.632372],[0.140177,-0.674538,0.72481]],[[0.956572,-0.0918714,-0.27664],[-0.0467049,0.888468,-0.456555],[0.28773,0.449648,0.845593]],[[0.956572,-0.0918714,-0.27664],[-0.291496,-0.30021,-0.908242],[0.000391262,0.949438,-0.313953]],[[0.956572,-0.0918714,-0.27664],[-0.226439,-0.831832,-0.506736],[-0.183563,0.547372,-0.81651]]],"btipPosition":[37.463,260.002,-17.3427],"carpPosition":[57.6172,271.866,49.5267],"dipPosition":[34.023,270.259,-32.6441],"direction":[-0.000391262,-0.949438,0.313953],"extended":false,"handId":703,"id":7032,"length":66.821,"mcpPosition":[47.8644,318.797,-0.901924],"pipPosition":[34.0341,297.183,-41.5471],"stabilizedTipPosition":[33.0871,251.567,-4.37272],"timeVisible":18.8631,"tipPosition":[36.934,261.818,-19.6797],"tipVelocity":[-25.6456,111.329,-90.7385],"tool":false,"touchDistance":0.333333,"touchZone":"none","type":2,"width":18.9446},{"bases":[[[0.945572,-0.248023,-0.210662],[0.325277,0.701593,0.634005],[-0.00944843,-0.66802,0.744083]],[[0.945378,-0.226133,-0.234786],[0.0978128,0.88385,-0.457429],[0.310956,0.409478,0.857691]],[[0.945378,-0.226133,-0.234786],[-0.290993,-0.260822,-0.920486],[0.146915,0.938528,-0.312378]],[[0.945378,-0.226133,-0.234786],[-0.318161,-0.796867,-0.513591],[-0.0709534,0.560237,-0.825288]]],"btipPosition":[53.3979,259.037,-14.5208],"carpPosition":[69.3991,271.918,46.1683],"dipPosition":[52.0758,269.475,-29.8978],"direction":[-0.146915,-0.938528,0.312378],"extended":false,"handId":703,"id":7033,"length":64.2502,"mcpPosition":[69.9893,313.647,-0.312121],"pipPosition":[56.1344,295.403,-38.5274],"stabilizedTipPosition":[51.5314,252.691,-7.40793],"timeVisible":18.8631,"tipPosition":[53.2697,260.964,-16.7737],"tipVelocity":[-23.9056,108.877,-80.7059],"tool":false,"touchDistance":0.333333,"touchZone":"none","type":3,"width":18.027},{"bases":[[[0.871293,-0.436164,-0.224968],[0.466266,0.592683,0.656751],[-0.153116,-0.677117,0.719769]],[[0.818412,-0.570842,-0.0658851],[0.490494,0.753705,-0.437429],[0.29936,0.325681,0.896836]],[[0.818412,-0.570842,-0.0658851],[-0.214628,-0.197308,-0.956559],[0.533044,0.797,-0.283998]],[[0.818412,-0.570842,-0.0658851],[-0.506503,-0.662473,-0.551891],[0.271395,0.485046,-0.831309]]],"btipPosition":[63.6167,269.116,-13.3645],"carpPosition":[80.3805,265.329,40.0508],"dipPosition":[68.2817,277.454,-27.654],"direction":[-0.533044,-0.797,0.283998],"extended":false,"handId":703,"id":7034,"length":50.3709,"mcpPosition":[89.2344,304.483,-1.56963],"pipPosition":[78.6786,292.999,-33.1933],"stabilizedTipPosition":[64.5991,264.794,-10.7458],"timeVisible":18.8631,"tipPosition":[64.66,270.511,-15.4644],"tipVelocity":[-23.7735,112.672,-83.8031],"tool":false,"touchDistance":0.333333,"touchZone":"none","type":4,"width":16.013}],"r":[[0.945408,0.186853,0.267002],[-0.262186,0.922701,0.282632],[-0.193552,-0.337207,0.921319]],"s":0.884544,"t":[-3.71795,53.3699,-78.9996],"timestamp":523980294749},fals