{"sensorType":"Leap","data":[[0,{"currentFrameRate":107.27,"devices":[],"gestures":[],"hands":[{"armBasis":[[0.919346,0.0467918,-0.390659],[0.158152,0.865209,0.475815],[0.360266,-0.499222,0.788026]],"armWidth":63.5437,"confidence":0.524248,"direction":[-0.0212014,0.722683,-0.690855],"elbow":[154.619,85.984,257.644],"grabStrength":1,"id":703,"palmNormal":[-0.171925,-0.683352,-0.709558],"palmPosition":[48.2477,257.163,6.26092],"palmVelocity":[139.9,174.92,-230.386],"palmWidth":90.7382,"pinchStrength":0.683996,"r":[[0.955464,0.141179,0.259145],[-0.185047,0.970675,0.153451],[-0.229882,-0.194571,0.95357]],"s":0.87049,"sphereCenter":[16.5518,257.854,-22.2716],"sphereRadius":47.885,"stabilizedPalmPosition":[-0.970297,242.326,103.127],"t":[-9.71795,13.4046,-82.705],"timeVisible":22.542,"type":"right","wrist":[57.6168,220.401,45.466]}],"id":4304714,"interactionBox":{"center":[0,200,0],"size":[235.247,235.247,147.751]},"pointables":[{"bases":[[[0.545951,0.710486,0.444013],[-0.707466,0.107049,0.698593],[0.448809,-0.695522,0.561088]],[[0.403728,0.872522,0.275154],[-0.741473,0.135876,0.657081],[0.535931,-0.469302,0.701808]],[[0.403728,0.872522,0.275154],[-0.914872,0.383854,0.125162],[0.00358772,-0.302263,0.953218]],[[0.403728,0.872522,0.275154],[-0.407419,0.440753,-0.799842],[-0.819154,0.210815,0.533426]]],"btipPosition":[20.1559,242.243,-35.6701],"carpPosition":[27.8381,213.524,44.1257],"dipPosition":[1.0378,247.163,-23.2206],"direction":[-0.00358772,0.302263,-0.953218],"extended":false,"handId":703,"id":7030,"length":51.9721,"mcpPosition":[27.8381,213.524,44.1257],"pipPosition":[1.15979,236.886,9.19003],"stabilizedTipPosition":[-40.4382,242.763,77.5126],"timeVisible":22.542,"tipPosition":[15.657,245.134,-31.6684],"tipVelocity":[135.764,130.529,-293.958],"tool":false,"touchDistance":-0.736627,"touchZone":"hovering","type":0,"width":20.194},{"bases":[[[0.967341,0.0190812,-0.252761],[0.142392,0.784056,0.604136],[0.209707,-0.620397,0.755732]],[[0.944885,0.0741225,-0.318902],[0.246404,0.480383,0.841735],[0.215587,-0.873921,0.435643]],[[0.944885,0.0741225,-0.318902],[-0.0599944,0.996742,0.0539137],[0.321859,-0.0318099,0.946253]],[[0.944885,0.0741225,-0.318902],[-0.294994,0.615273,-0.731039],[0.142025,0.784822,0.603228]]],"btipPosition":[4.08609,304.079,-57.7219],"carpPosition":[38.8857,233.726,49.4736],"dipPosition":[6.50597,317.451,-47.4439],"direction":[-0.321859,0.0318099,-0.946253],"extended":false,"handId":703,"id":7031,"length":58.6448,"mcpPosition":[23.5004,279.242,-5.97141],"pipPosition":[14.2639,316.684,-24.6359],"stabilizedTipPosition":[-40.7675,278.656,27.7245],"timeVisible":22.542,"tipPosition":[4.86654,306.601,-54.1674],"tipVelocity":[125.209,227.688,-222.238],"tool":false,"touchDistance":-0.706481,"touchZone":"hovering","type":1,"width":19.2893},{"bases":[[[0.948236,-0.198856,-0.247597],[0.308452,0.762183,0.569152],[0.0755353,-0.616062,0.784067]],[[0.946631,-0.187122,-0.262441],[-0.0406522,0.73841,-0.673125],[0.319746,0.64787,0.691395]],[[0.946631,-0.187122,-0.262441],[-0.322156,-0.575184,-0.751916],[-0.0102516,0.796334,-0.60477]],[[0.946631,-0.187122,-0.262441],[-0.251767,-0.937669,-0.239564],[-0.201255,0.292853,-0.934737]]],"btipPosition":[34.1923,219.305,-6.13293],"carpPosition":[50.7546,235.653,46.9849],"dipPosition":[30.4208,224.793,-23.6499],"direction":[0.0102516,-0.796334,0.60477],"extended":false,"handId":703,"id":7032,"length":66.821,"mcpPosition":[45.4993,278.516,-7.56649],"pipPosition":[30.1301,247.375,-40.7998],"stabilizedTipPosition":[-6.14024,204.02,65.5299],"timeVisible":22.542,"tipPosition":[33.0695,220.987,-11.3815],"tipVelocity":[149.547,183.759,-252.314],"tool":false,"touchDistance":0.333333,"touchZone":"none","type":2,"width":18.9446},{"bases":[[[0.923048,-0.344234,-0.171713],[0.377662,0.726001,0.574712],[-0.0731721,-0.595336,0.800138]],[[0.924865,-0.325715,-0.196301],[0.084593,0.67945,-0.728829],[0.370767,0.657463,0.655953]],[[0.924865,-0.325715,-0.196301],[-0.359205,-0.578689,-0.732182],[0.124886,0.747682,-0.652208]],[[0.924865,-0.325715,-0.196301],[-0.365715,-0.903318,-0.224209],[-0.104294,0.279153,-0.954566]]],"btipPosition":[49.0739,216.456,0.430731],"carpPosition":[62.5297,234.418,43.836],"dipPosition":[47.1306,221.657,-17.355],"direction":[-0.124886,-0.747682,0.652208],"extended":false,"handId":703,"id":7033,"length":64.2502,"mcpPosition":[67.1005,271.606,-6.1459],"pipPosition":[50.5806,242.312,-35.3725],"stabilizedTipPosition":[11.5045,202.511,66.4444],"timeVisible":22.542,"tipPosition":[48.4963,217.957,-4.86061],"tipVelocity":[146.743,183.854,-270.603],"tool":false,"touchDistance":0.333333,"touchZone":"none","type":3,"width":18.027},{"bases":[[[0.833201,-0.526017,-0.170534],[0.508674,0.608154,0.609426],[-0.216857,-0.59452,0.774286]],[[0.793142,-0.606371,-0.0569115],[0.392376,0.58022,-0.713713],[0.465796,0.543745,0.698123]],[[0.793142,-0.606371,-0.0569115],[-0.419813,-0.476628,-0.772387],[0.441228,0.636505,-0.632597]],[[0.793142,-0.606371,-0.0569115],[-0.597661,-0.756948,-0.264255],[0.117158,0.243606,-0.962772]]],"btipPosition":[58.4646,225.011,-1.98686],"carpPosition":[72.9693,226.409,38.515],"dipPosition":[60.4784,229.199,-18.536],"direction":[-0.441228,-0.636505,0.632597],"extended":false,"handId":703,"id":7034,"length":50.3709,"mcpPosition":[85.509,260.787,-6.25789],"pipPosition":[69.0844,241.614,-30.8746],"stabilizedTipPosition":[22.0946,211.081,62.5888],"timeVisible":22.542,"tipPosition":[58.9989,226.279,-6.79881],"tipVelocity":[145.868,187.8,-265.397],"tool":false,"touchDistance":0.333333,"touchZone":"none","type":4,"width":16.013}],"r":[[0.955464,0.141179,0.259145],[-0.185047,0.970675,0.153451],[-0.229882,-0.194571,0.95357]],"s":0.87049,"t":[-9.71795,13.4046,-82.705],"timestamp":523983973626},false],[1,{"currentFrameRate":107.538,"devices":[],"gestures":[],"hands":[{"armBasis":[[0.915854,0.0395126,-0.399562],[0.164945,0.870269,0.464139],[0.366066,-0.490989,0.790522]],"armWidth":63.5437,"confidence":0.566425,"direction":[-0.0211342,0.710981,-0.702893],"elbow":[156.904,90.6326,256.205],"grabStrength":1,"id":703,"palmNormal":[-0.178679,-0.694417,-0.697036],"palmPosition":[48.9544,258.971,3.57827],"palmVelocity":[123.802,183.089,-250.363],"palmWidth":90.7382,"pinchStrength":0.689928,"r":[[0.955407,0.14089,0.259514],[-0.185811,0.969877,0.157519],[-0.229504,-0.198716,0.952806]],"s":0.872181,"sphereCenter":[17.1961,259.309,-24.8598],"sphereRadius":47.8934,"stabilizedPalmPosition":[1.21285,243.054,98.7741],"t":[-8.75035,15.1413,-84.94],"timeVisible":22.5508,"type":"right","wrist":[58.3398,222.833,43.3551]}],"id":4304715,"interactionBox":{"center":[0,200,0],"size":[235.247,235.247,147.751]},"pointables":[{"bases":[[[0.551521,0.715231,0.429265],[-0.703505,0.122302,0.700088],[0.448225,-0.688104,0.570621]],[[0.400389,0.882078,0.248247],[-0.743785,0.1546,0.650294],[0.535232,-0.445013,0.717977]],[[0.400389,0.882078,0.248247],[-0.916324,0.383539,0.115102],[0.00631592,-0.27356,0.961834]],[[0.400389,0.882078,0.248247],[-0.417476,0.416753,-0.807485],[-0.815722,0.21967,0.535109]]],"btipPosition":[20.7021,242.406,-38.6575],"carpPosition":[28.5223,216.079,42.2753],"dipPosition":[1.66405,247.533,-26.1687],"direction":[-0.00631592,0.27356,-0.961834],"extended":false,"handId":703,"id":7030,"length":51.9721,"mcpPosition":[28.5223,216.079,42.2753],"pipPosition":[1.8788,238.232,6.53483],"stabilizedTipPosition":[-39.2644,242.78,75.1695],"timeVisible":22.5508,"tipPosition":[16.2419,245.456,-34.6085],"tipVelocity":[116.432,101.788,-305.844],"tool":false,"touchDistance":-0.735973,"touchZone":"hovering","type":0,"width":20.194},{"bases":[[[0.966167,0.0100883,-0.257718],[0.149111,0.793466,0.590066],[0.210443,-0.608531,0.765116]],[[0.943841,0.0637209,-0.324197],[0.251097,0.499405,0.829183],[0.214742,-0.864022,0.455359]],[[0.943841,0.0637209,-0.324197],[-0.0544113,0.997806,0.0377101],[0.325888,-0.0179524,0.945238]],[[0.943841,0.0637209,-0.324197],[-0.293635,0.611602,-0.734657],[0.151466,0.788596,0.595966]]],"btipPosition":[4.61722,304.975,-61.3538],"carpPosition":[39.6927,236.315,47.2267],"dipPosition":[7.19795,318.411,-51.1995],"direction":[-0.325888,0.0179524,-0.945238],"extended":false,"handId":703,"id":7031,"length":58.6448,"mcpPosition":[24.2533,280.96,-8.90683],"pipPosition":[15.053,317.978,-28.416],"stabilizedTipPosition":[-37.5786,280.696,21.7082],"timeVisible":22.5508,"tipPosition":[5.44742,307.597,-57.7947],"tipVelocity":[108.831,194.156,-274.338],"tool":false,"touchDistance":-0.719072,"touchZone":"hovering","type":1,"width":19.2893},{"bases":[[[0.946045,-0.207635,-0.248769],[0.31489,0.770195,0.554656],[0.0764354,-0.603065,0.794022]],[[0.944422,-0.196137,-0.263813],[-0.040644,0.726684,-0.685768],[0.326214,0.658377,0.678325]],[[0.944422,-0.196137,-0.263813],[-0.328599,-0.586401,-0.740376],[-0.00948512,0.785916,-0.61826]],[[0.944422,-0.196137,-0.263813],[-0.257473,-0.940283,-0.222654],[-0.204389,0.278204,-0.938524]]],"btipPosition":[34.6595,220.954,-8.08028],"carpPosition":[51.5583,238.142,44.6484],"dipPosition":[30.8292,226.167,-25.6682],"direction":[0.00948512,-0.785916,0.61826],"extended":false,"handId":703,"id":7032,"length":66.821,"mcpPosition":[46.2404,280.1,-10.5956],"pipPosition":[30.5602,248.454,-43.2007],"stabilizedTipPosition":[-3.87549,205.049,61.1242],"timeVisible":22.5508,"tipPosition":[33.525,222.552,-13.3284],"tipVelocity":[123.103,182.744,-244.372],"tool":false,"touchDistance":0.333333,"touchZone":"none","type":2,"width":18.9446},{"bases":[[[0.920534,-0.351583,-0.170311],[0.383953,0.733776,0.560494],[-0.0720903,-0.581345,0.810457]],[[0.922319,-0.333497,-0.195212],[0.0843933,0.66681,-0.740434],[0.377101,0.666442,0.643156]],[[0.922319,-0.333497,-0.195212],[-0.36553,-0.58905,-0.7207],[0.125362,0.736071,-0.665195]],[[0.922319,-0.333497,-0.195212],[-0.371148,-0.90516,-0.207205],[-0.107596,0.263561,-0.958623]]],"btipPosition":[49.5545,218.171,-1.58134],"carpPosition":[63.3117,236.796,41.464],"dipPosition":[47.5497,223.082,-19.4427],"direction":[-0.125362,-0.736071,0.665195],"extended":false,"handId":703,"id":7033,"length":64.2502,"mcpPosition":[67.815,273.11,-9.16249],"pipPosition":[51.0129,243.416,-37.8189],"stabilizedTipPosition":[13.2341,203.284,63.1253],"timeVisible":22.5508,"tipPosition":[48.9617,219.579,-6.86627],"tipVelocity":[121.447,184.727,-259.743],"tool":false,"touchDistance":0.333333,"touchZone":"none","type":3,"width":18.027},{"bases":[[[0.829825,-0.53288,-0.165618],[0.514568,0.615897,0.596566],[-0.215895,-0.580267,0.785289]],[[0.790077,-0.6109,-0.0507848],[0.391938,0.567113,-0.724408],[0.471342,0.552434,0.687498]],[[0.790077,-0.6109,-0.0507848],[-0.425381,-0.486717,-0.762992],[0.441395,0.624426,-0.64441]],[[0.790077,-0.6109,-0.0507848],[-0.602358,-0.758307,-0.24927],[0.113769,0.227533,-0.967102]]],"btipPosition":[58.9857,226.631,-4.22953],"carpPosition":[73.6866,228.647,36.2291],"dipPosition":[60.9412,230.542,-20.8531],"direction":[-0.441395,-0.624426,0.64441],"extended":false,"handId":703,"id":7034,"length":50.3709,"mcpPosition":[86.1707,262.201,-9.18003],"pipPosition":[69.5505,242.721,-33.4221],"stabilizedTipPosition":[23.9835,211.913,59.0153],"timeVisible":22.5508,"tipPosition":[59.4973,227.809,-9.00844],"tipVelocity":[122.07,184.783,-262.991],"tool":false,"touchDistance":0.333333,"touchZone":"none","type":4,"width":16.013}],"r":[[0.955407,0.14089,0.259514],[-0.185811,0.969877,0.157519],[-0.229504,-0.198716,0.952806]],"s":0.872181,"t":[-8.75035,15.1413,-84.94],"timestamp":523983982437},false],[2,{"currentFrameRate":107.657,"devices":[],"gestures":[],"hands":[{"armBasis":[[0.921363,0.0367907,-0.386958],[0.164463,0.865114,0.473846],[0.352196,-0.500224,0.791033]],"armWidth":63.5437,"confidence":0.568547,"direction":[-0.0240298,0.706952,-0.706853],"elbow":[154.018,90.0743,254.758],"grabStrength":1,"id":703,"palmNormal":[-0.177754,-0.698812,-0.692868],"palmPosition":[49.6502,260.649,1.80405],"palmVelocity":[110.78,183.616,-235.216],"palmWidth":90.7382,"pinchStrength":0.687622,"r":[[0.955357,0.141467,0.259385],[-0.186901,0.969306,0.159732],[-0.228826,-0.201081,0.952473]],"s":0.873913,"sphereCenter":[17.9473,260.63,-26.6748],"sphereRadius":47.8788,"stabilizedPalmPosition":[3.57127,243.91,94.0527],"t":[-7.91866,16.8489,-86.9446],"timeVisible":22.5599,"type":"right","wrist":[59.1883,224.761,41.7705]}],"id":4304716,"interactionBox":{"center":[0,200,0],"size":[235.247,235.247,147.751]},"pointables":[{"bases":[[[0.55017,0.719126,0.424466],[-0.70287,0.124339,0.700367],[0.450874,-0.683665,0.573859]],[[0.390912,0.890112,0.234283],[-0.75056,0.160934,0.640906],[0.532774,-0.426381,0.730993]],[[0.390912,0.890112,0.234283],[-0.920383,0.375505,0.109045],[0.00908758,-0.258257,0.966033]],[[0.390912,0.890112,0.234283],[-0.428327,0.401218,-0.809667],[-0.814693,0.216159,0.5381]]],"btipPosition":[21.5716,242.882,-41.0231],"carpPosition":[29.3878,217.921,40.7702],"dipPosition":[2.55762,247.927,-28.4645],"direction":[-0.00908757,0.258257,-0.966033],"extended":false,"handId":703,"id":7030,"length":51.9721,"mcpPosition":[29.3878,217.921,40.7702],"pipPosition":[2.86661,239.146,4.3818],"stabilizedTipPosition":[-38.1756,242.805,72.9846],"timeVisible":22.5599,"tipPosition":[17.0905,245.943,-36.9017],"tipVelocity":[110.91,87.5768,-292.892],"tool":false,"touchDistance":-0.725953,"touchZone":"hovering","type":0,"width":20.194},{"bases":[[[0.965781,0.01125,-0.259115],[0.14777,0.797176,0.585384],[0.213146,-0.603642,0.768235]],[[0.943455,0.0639675,-0.32527],[0.248365,0.513483,0.821371],[0.219562,-0.855712,0.468561]],[[0.943455,0.0639675,-0.32527],[-0.0572507,0.997903,0.0301901],[0.326519,-0.00986107,0.945139]],[[0.943455,0.0639675,-0.32527],[-0.294311,0.613181,-0.733069],[0.152557,0.787348,0.597335]]],"btipPosition":[4.99599,305.986,-63.8037],"carpPosition":[40.51,238.214,45.5921],"dipPosition":[7.59531,319.401,-53.6262],"direction":[-0.326519,0.00986107,-0.945139],"extended":false,"handId":703,"id":7031,"length":58.6448,"mcpPosition":[24.8724,282.501,-10.7702],"pipPosition":[15.4656,319.163,-30.845],"stabilizedTipPosition":[-34.6664,282.61,16.0979],"timeVisible":22.5599,"tipPosition":[5.84436,308.725,-60.1978],"tipVelocity":[90.4181,171.139,-272.991],"tool":false,"touchDistance":-0.712167,"touchZone":"hovering","type":1,"width":19.2893},{"bases":[[[0.946262,-0.206473,-0.248913],[0.313563,0.774155,0.549874],[0.0791634,-0.598375,0.797296]],[[0.944737,-0.196004,-0.262783],[-0.0438529,0.718823,-0.693809],[0.324883,0.666991,0.670503]],[[0.944737,-0.196004,-0.262783],[-0.32761,-0.5938,-0.734897],[-0.0119983,0.780374,-0.625198]],[[0.944737,-0.196004,-0.262783],[-0.255816,-0.942047,-0.21704],[-0.205013,0.272269,-0.940127]]],"btipPosition":[35.4254,222.399,-9.36665],"carpPosition":[52.3671,240.059,42.9871],"dipPosition":[31.5834,227.501,-26.9846],"direction":[0.0119983,-0.780374,0.625198],"extended":false,"handId":703,"id":7032,"length":66.821,"mcpPosition":[46.8593,281.691,-12.4847],"pipPosition":[31.2432,249.631,-44.7138],"stabilizedTipPosition":[-1.42673,206.23,56.3728],"timeVisible":22.5599,"tipPosition":[34.3079,223.986,-14.6236],"tipVelocity":[112.329,175.48,-216.226],"tool":false,"touchDistance":0.333333,"touchZone":"none","type":2,"width":18.9446},{"bases":[[[0.921249,-0.350046,-0.16961],[0.382732,0.737956,0.555821],[-0.0693978,-0.576965,0.813815]],[[0.922949,-0.332113,-0.19459],[0.0815565,0.66278,-0.74436],[0.376182,0.671136,0.638798]],[[0.922949,-0.332113,-0.19459],[-0.364932,-0.59418,-0.716781],[0.122431,0.732565,-0.669596]],[[0.922949,-0.332113,-0.19459],[-0.368976,-0.907335,-0.201493],[-0.10964,0.257767,-0.959966]]],"btipPosition":[50.3543,219.824,-3.12038],"carpPosition":[64.1197,238.727,39.794],"dipPosition":[48.3115,224.627,-21.0067],"direction":[-0.122431,-0.732565,0.669596],"extended":false,"handId":703,"id":7033,"length":64.2502,"mcpPosition":[68.4548,274.768,-11.0423],"pipPosition":[51.6936,244.864,-39.5046],"stabilizedTipPosition":[15.1396,204.201,59.4672],"timeVisible":22.5599,"tipPosition":[49.7517,221.197,-8.40189],"tipVelocity":[111.979,183.272,-235.012],"tool":false,"touchDistance":0.333333,"touchZone":"none","type":3,"width":18.027},{"bases":[[[0.831038,-0.531558,-0.163771],[0.513716,0.620635,0.592375],[-0.21324,-0.576418,0.788842]],[[0.791832,-0.608781,-0.0488634],[0.39005,0.56565,-0.726568],[0.469961,0.556261,0.685355]],[[0.791832,-0.608781,-0.0488634],[-0.424235,-0.490709,-0.761071],[0.439348,0.62337,-0.646825]],[[0.791832,-0.608781,-0.0488634],[-0.600337,-0.761147,-0.245461],[0.11224,0.223698,-0.968174]]],"btipPosition":[59.7699,228.29,-5.93236],"carpPosition":[74.5094,230.577,34.5906],"dipPosition":[61.6992,232.135,-22.5744],"direction":[-0.439348,-0.62337,0.646825],"extended":false,"handId":703,"id":7034,"length":50.3709,"mcpPosition":[86.84,263.908,-11.024],"pipPosition":[70.2685,244.294,-35.1905],"stabilizedTipPosition":[26.0033,212.876,55.1813],"timeVisible":22.5599,"tipPosition":[60.2662,229.435,-10.6378],"tipVelocity":[112.037,183.78,-242.307],"tool":false,"touchDistance":0.333333,"touchZone":"none","type":4,"width":16.013}],"r":[[0.955357,0.141467,0.259385],[-0.186901,0.969306,0.159732],[-0.228826,-0.201081,0.952473]],"s":0.873913,"t":[-7.91866,16.8489,-86.9446],"timestamp":523983991509},false],[3,{"currentFrameRate":107.8,"devices":[],"gestures":[],"hands":[{"armBasis":[[0.921157,0.0455018,-0.386522],[0.153916,0.869586,0.46918],[0.357463,-0.49168,0.794022]],"armWidth":63.5437,"confidence":0.572915,"direction":[-0.023599,0.710201,-0.703604],"elbow":[156.036,94.3305,254.355],"grabStrength":1,"id":703,"palmNormal":[-0.167502,-0.69666,-0.697573],"palmPosition":[50.3035,262.731,0.697267],"palmVelocity":[100.239,196.618,-204.284],"palmWidth":90.7382,"pinchStrength":0.684657,"r":[[0.954716,0.143019,0.260889],[-0.189381,0.968423,0.162148],[-0.229461,-0.204212,0.951654]],"s":0.875431,"sphereCenter":[18.9549,262.431,-28.2035],"sphereRadius":47.8112,"stabilizedPalmPosition":[6.17746,244.96,88.8464],"t":[-7.17617,18.7436,-88.5003],"timeVisible":22.5689,"type":"right","wrist":[59.788,226.717,40.5626]}],"id":4304717,"interactionBox":{"center":[0,200,0],"size":[235.247,235.247,147.751]},"pointables":[{"bases":[[[0.541812,0.720894,0.432148],[-0.709077,0.11599,0.695526],[0.451275,-0.68327,0.574014]],[[0.37883,0.8946,0.237021],[-0.758784,0.153614,0.632968],[0.529844,-0.419635,0.737002]],[[0.37883,0.8946,0.237021],[-0.925423,0.363704,0.106355],[0.00893985,-0.259636,0.965665]],[[0.37883,0.8946,0.237021],[-0.430795,0.397131,-0.810372],[-0.819087,0.204886,0.535834]]],"btipPosition":[22.4823,244.608,-42.7271],"carpPosition":[30.045,219.673,39.3001],"dipPosition":[3.36573,249.39,-30.2213],"direction":[-0.00893985,0.259636,-0.965665],"extended":false,"handId":703,"id":7030,"length":51.9721,"mcpPosition":[30.045,219.673,39.3001],"pipPosition":[3.6697,240.562,2.6125],"stabilizedTipPosition":[-37.0982,242.86,70.8239],"timeVisible":22.5689,"tipPosition":[18.0426,247.525,-38.6452],"tipVelocity":[107.464,114.28,-264.681],"tool":false,"touchDistance":-0.707432,"touchZone":"hovering","type":0,"width":20.194},{"bases":[[[0.967635,0.0192901,-0.251615],[0.137651,0.795333,0.590337],[0.211505,-0.605866,0.766937]],[[0.945594,0.0718677,-0.317311],[0.235705,0.520954,0.820396],[0.224265,-0.850554,0.475672]],[[0.945594,0.0718677,-0.317311],[-0.0651176,0.997369,0.0318422],[0.318765,-0.00944723,0.947787]],[[0.945594,0.0718677,-0.317311],[-0.291375,0.620979,-0.727658],[0.144748,0.780526,0.608134]]],"btipPosition":[5.71129,307.839,-65.548],"carpPosition":[40.9865,240.02,44.3051],"dipPosition":[8.17755,321.138,-55.1864],"direction":[-0.318765,0.00944723,-0.947787],"extended":false,"handId":703,"id":7031,"length":58.6448,"mcpPosition":[25.4692,284.47,-11.962],"pipPosition":[15.8609,320.91,-32.3414],"stabilizedTipPosition":[-31.9356,284.497,10.8115],"timeVisible":22.5689,"tipPosition":[6.53784,310.669,-61.8607],"tipVelocity":[86.4345,179.798,-249.822],"tool":false,"touchDistance":-0.694812,"touchZone":"hovering","type":1,"width":19.2893},{"bases":[[[0.949575,-0.198611,-0.242612],[0.303869,0.77365,0.555994],[0.0772703,-0.601681,0.79499]],[[0.948157,-0.188568,-0.255813],[-0.0432714,0.720846,-0.691743],[0.314842,0.666951,0.675316]],[[0.948157,-0.188568,-0.255813],[-0.31757,-0.592904,-0.74001],[-0.01213,0.782884,-0.622049]],[[0.948157,-0.188568,-0.255813],[-0.247851,-0.942585,-0.223837],[-0.198917,0.275636,-0.940456]]],"btipPosition":[36.412,224.398,-10.7075],"carpPosition":[52.8499,241.96,41.8003],"dipPosition":[32.6843,229.563,-28.3316],"direction":[0.01213,-0.782884,0.622049],"extended":false,"handId":703,"id":7032,"length":66.821,"mcpPosition":[47.4738,283.822,-13.5111],"pipPosition":[32.3403,251.764,-45.9715],"stabilizedTipPosition":[1.24917,207.63,51.2257],"timeVisible":22.5689,"tipPosition":[35.344,226.001,-15.9366],"tipVelocity":[112.33,188.628,-197.697],"tool":false,"touchDistance":0.333333,"touchZone":"none","type":2,"width":18.9446},{"bases":[[[0.924969,-0.342741,-0.164197],[0.373244,0.737908,0.562299],[-0.0715607,-0.581395,0.810468]],[[0.926724,-0.324812,-0.188891],[0.0846141,0.670204,-0.737337],[0.366091,0.667326,0.648578]],[[0.926724,-0.324812,-0.188891],[-0.354594,-0.589742,-0.725581],[0.12428,0.739393,-0.661704]],[[0.926724,-0.324812,-0.188891],[-0.361377,-0.908156,-0.211327],[-0.102901,0.264103,-0.95899]]],"btipPosition":[51.2784,221.963,-4.68584],"carpPosition":[64.6357,240.726,38.6915],"dipPosition":[49.3611,226.884,-22.554],"direction":[-0.12428,-0.739393,0.661704],"extended":false,"handId":703,"id":7033,"length":64.2502,"mcpPosition":[69.1059,277.044,-11.9358],"pipPosition":[52.7944,247.31,-40.8338],"stabilizedTipPosition":[17.2561,205.322,55.4199],"timeVisible":22.5689,"tipPosition":[50.7406,223.337,-9.77972],"tipVelocity":[110.248,198.94,-217.998],"tool":false,"touchDistance":0.333333,"touchZone":"none","type":3,"width":18.027},{"bases":[[[0.835999,-0.524908,-0.159926],[0.504768,0.621333,0.599294],[-0.215207,-0.581735,0.784391]],[[0.796568,-0.602799,-0.0459592],[0.391895,0.572762,-0.719974],[0.460323,0.555497,0.692478]],[[0.796568,-0.602799,-0.0459592],[-0.414486,-0.489215,-0.767379],[0.440092,0.630319,-0.639545]],[[0.796568,-0.602799,-0.0459592],[-0.592879,-0.764066,-0.254356],[0.118209,0.22986,-0.966018]]],"btipPosition":[60.7192,230.481,-7.16686],"carpPosition":[75.1223,232.675,33.529],"dipPosition":[62.7511,234.432,-23.7718],"direction":[-0.440092,-0.630319,0.639545],"extended":false,"handId":703,"id":7034,"length":50.3709,"mcpPosition":[87.5666,266.313,-11.8282],"pipPosition":[71.3349,246.726,-36.2459],"stabilizedTipPosition":[28.2462,214.056,50.9631],"timeVisible":22.5689,"tipPosition":[61.2387,231.645,-11.814],"tipVelocity":[110.898,200.801,-213.06],"tool":false,"touchDistance":0.333333,"touchZone":"none","type":4,"width":16.013}],"r":[[0.954716,0.143019,0.260889],[-0.189381,0.968423,0.162148],[-0.229461,-0.204212,0.951654]],"s":0.875431,"t":[-7.17617,18.7436,-88.5003],"timestamp":523984000526},false],[4,{"currentFrameRate":107.904,"devices":[],"gestures":[],"hands":[{"armBasis":[[0.922351,0.0460848,-0.383594],[0.149452,0.87301,0.464239],[0.356276,-0.48552,0.798334]],"armWidth":63.5437,"confidence":0.574708,"direction":[-0.0236841,0.711963,-0.701818],"elbow":[156.417,97.1372,254.732],"grabStrength":1,"id":703,"palmNormal":[-0.163508,-0.69532,-0.699854],"palmPosition":[51.0122,263.955,-0.0199654],"palmVelocity":[94.103,179.535,-169.627],"palmWidth":90.7382,"pinchStrength":0.67999,"r":[[0.953967,0.144674,0.262709],[-0.192021,0.967511,0.164472],[-0.230378,-0.207347,0.950754]],"s":0.8769,"sphereCenter":[19.9031,263.414,-29.2068],"sphereRadius":47.7348,"stabilizedPalmPosition":[9.11112,246.203,83.0316],"t":[-6.45058,20.3032,-89.6368],"timeVisible":22.578,"type":"right","wrist":[60.4891,227.865,39.7782]}],"id":4304718,"interactionBox":{"center":[0,200,0],"size":[235.247,235.247,147.751]},"pointables":[{"bases":[[[0.538492,0.721334,0.43555],[-0.711368,0.112116,0.69382],[0.451644,-0.683453,0.573507]],[[0.372588,0.897215,0.237029],[-0.763021,0.150813,0.628533],[0.528182,-0.415043,0.740785]],[[0.372588,0.897215,0.237029],[-0.927919,0.356895,0.107669],[0.0120077,-0.26006,0.965518]],[[0.372588,0.897215,0.237029],[-0.437635,0.395116,-0.807687],[-0.818323,0.197203,0.539869]]],"btipPosition":[23.1683,245.638,-43.8913],"carpPosition":[30.7705,220.738,38.4133],"dipPosition":[4.06957,250.241,-31.2914],"direction":[-0.0120077,0.26006,-0.965518],"extended":false,"handId":703,"id":7030,"length":51.9721,"mcpPosition":[30.7705,220.738,38.4133],"pipPosition":[4.47785,241.398,1.53742],"stabilizedTipPosition":[-35.9602,242.939,68.5464],"timeVisible":22.578,"tipPosition":[18.7972,248.426,-39.7904],"tipVelocity":[98.7634,112.803,-226.276],"tool":false,"touchDistance":-0.68216,"touchZone":"hovering","type":0,"width":20.194},{"bases":[[[0.96828,0.0227563,-0.24883],[0.133671,0.794186,0.59279],[0.211107,-0.607248,0.765953]],[[0.946484,0.0750048,-0.313915],[0.229029,0.529216,0.816992],[0.227407,-0.845165,0.483716]],[[0.946484,0.0750048,-0.313915],[-0.0682597,0.99714,0.0324407],[0.31545,-0.00927691,0.948897]],[[0.946484,0.0750048,-0.313915],[-0.289042,0.629746,-0.721023],[0.143606,0.773171,0.617724]]],"btipPosition":[6.35729,308.915,-66.8135],"carpPosition":[41.6385,241.104,43.5022],"dipPosition":[8.8041,322.088,-56.2886],"direction":[-0.31545,0.00927691,-0.948897],"extended":false,"handId":703,"id":7031,"length":58.6448,"mcpPosition":[26.1505,285.655,-12.6927],"pipPosition":[16.4076,321.865,-33.4168],"stabilizedTipPosition":[-29.297,286.361,5.70458],"timeVisible":22.578,"tipPosition":[7.18838,311.81,-63.0485],"tipVelocity":[82.0712,161.953,-218.13],"tool":false,"touchDistance":-0.672084,"touchZone":"hovering","type":1,"width":19.2893},{"bases":[[[0.950829,-0.195219,-0.240445],[0.300048,0.773075,0.558861],[0.0767816,-0.603526,0.793638]],[[0.949474,-0.185511,-0.253148],[-0.0431644,0.721751,-0.690805],[0.310862,0.666829,0.677277]],[[0.949474,-0.185511,-0.253148],[-0.313606,-0.592195,-0.742264],[-0.0122153,0.78415,-0.620452]],[[0.949474,-0.185511,-0.253148],[-0.244745,-0.942589,-0.227214],[-0.196464,0.277691,-0.940367]]],"btipPosition":[37.2471,225.582,-11.5189],"carpPosition":[53.5032,243.085,41.0359],"dipPosition":[33.5654,230.786,-29.1414],"direction":[0.0122153,-0.78415,0.620452],"extended":false,"handId":703,"id":7032,"length":66.821,"mcpPosition":[48.1612,285.075,-14.1813],"pipPosition":[33.219,253.023,-46.736],"stabilizedTipPosition":[4.21459,209.246,45.5905],"timeVisible":22.578,"tipPosition":[36.2044,227.194,-16.724],"tipVelocity":[107.024,172.811,-167.723],"tool":false,"touchDistance":0.333333,"touchZone":"none","type":2,"width":18.9446},{"bases":[[[0.926422,-0.339624,-0.162475],[0.369509,0.737519,0.565269],[-0.0721508,-0.583713,0.808748]],[[0.928181,-0.321806,-0.186873],[0.0861444,0.674339,-0.73338],[0.362021,0.664611,0.653631]],[[0.928181,-0.321806,-0.186873],[-0.350383,-0.586607,-0.730153],[0.125347,0.743191,-0.657233]],[[0.928181,-0.321806,-0.186873],[-0.358434,-0.908104,-0.216502],[-0.100028,0.267935,-0.95823]]],"btipPosition":[52.0792,223.22,-5.67543],"carpPosition":[65.3013,241.893,37.9572],"dipPosition":[50.2154,228.212,-23.5295],"direction":[-0.125347,-0.743191,0.657233],"extended":false,"handId":703,"id":7033,"length":64.2502,"mcpPosition":[69.8084,278.355,-12.5626],"pipPosition":[53.6782,248.743,-41.6857],"stabilizedTipPosition":[19.6298,206.636,50.9201],"timeVisible":22.578,"tipPosition":[51.5765,224.59,-10.6414],"tipVelocity":[104.525,182.693,-187.747],"tool":false,"touchDistance":0.333333,"touchZone":"none","type":3,"width":18.027},{"bases":[[[0.837971,-0.52206,-0.158929],[0.501267,0.62123,0.602332],[-0.215722,-0.584403,0.782264]],[[0.798534,-0.600228,-0.0454888],[0.394073,0.578399,-0.714256],[0.455027,0.552432,0.698405]],[[0.798534,-0.600228,-0.0454888],[-0.408988,-0.485557,-0.772634],[0.441669,0.635579,-0.63322]],[[0.798534,-0.600228,-0.0454888],[-0.589522,-0.764536,-0.260669],[0.121683,0.23497,-0.964356]]],"btipPosition":[61.5487,231.764,-8.13035],"carpPosition":[75.8258,233.886,32.8034],"dipPosition":[63.6403,235.802,-24.7068],"direction":[-0.441669,-0.635579,0.63322],"extended":false,"handId":703,"id":7034,"length":50.3709,"mcpPosition":[88.2998,267.679,-12.4308],"pipPosition":[72.2549,248.199,-37.0575],"stabilizedTipPosition":[30.7666,215.446,46.27],"timeVisible":22.578,"tipPosition":[62.0779,232.93,-12.6479],"tipVelocity":[105.914,184.959,-183.278],"tool":false,"touchDistance":0.333333,"touchZone":"none","type":4,"width":16.013}],"r":[[0.953967,0.144674,0.262709],[-0.192021,0.967511,0.164472],[-0.230378,-0.207347,0.950754]],"s":0.8769,"t":[-6.45058,20.3032,-89.6368],"timestamp":523984009605},false],[5,{"currentFrameRate":108.025,"devices":[],"gestures":[],"hands":[{"armBasis":[[0.922494,0.0518779,-0.382509],[0.140652,0.877629,0.45824],[0.359473,-0.476524,0.802311]],"armWidth":63.5437,"confidence":0.569116,"direction":[-0.0212223,0.710184,-0.703696],"elbow":[157.535,101.866,253.956],"grabStrength":0.98702,"id":703,"palmNormal":[-0.15396,-0.69778,-0.69957],"palmPosition":[51.4308,266.12,-2.0335],"palmVelocity":[80.9328,196.063,-184.27],"palmWidth":90.7382,"pinchStrength":0.676166,"r":[[0.952759,0.147083,0.26574],[-0.195398,0.966653,0.165533],[-0.232531,-0.209638,0.949727]],"s":0.878483,"sphereCenter":[20.7201,265.147,-31.6502],"sphereRadius":47.6794,"stabilizedPalmPosition":[12.2115,247.662,76.7997],"t":[-5.87847,22.1654,-91.2118],"timeVisible":22.587,"type":"right","wrist":[60.7462,230.172,37.931]}],"id":4304719,"interactionBox":{"center":[0,200,0],"size":[235.247,235.247,147.751]},"pointables":[{"bases":[[[0.531073,0.725072,0.438444],[-0.71788,0.110141,0.687399],[0.450123,-0.679809,0.579007]],[[0.363016,0.90176,0.234625],[-0.77191,0.150006,0.617781],[0.521895,-0.405374,0.750532]],[[0.363016,0.90176,0.234625],[-0.931748,0.349122,0.0998006],[0.00808362,-0.25484,0.966949]],[[0.363016,0.90176,0.234625],[-0.441067,0.388105,-0.809219],[-0.82078,0.190274,0.538624]]],"btipPosition":[23.9782,247.294,-46.4821],"carpPosition":[31.0767,222.891,36.3273],"dipPosition":[4.8222,251.735,-33.9112],"direction":[-0.00808362,0.25484,-0.966949],"extended":false,"handId":703,"id":7030,"length":51.9721,"mcpPosition":[31.0767,222.891,36.3273],"pipPosition":[5.09705,243.07,-1.03374],"stabilizedTipPosition":[-34.8037,243.05,66.2112],"timeVisible":22.587,"tipPosition":[19.6018,249.986,-42.3773],"tipVelocity":[95.838,131.078,-243.111],"tool":false,"touchDistance":-0.68124,"touchZone":"hovering","type":0,"width":20.194},{"bases":[[[0.970262,0.0270739,-0.240538],[0.124549,0.796242,0.592018],[0.207555,-0.604371,0.769192]],[[0.948959,0.0786569,-0.305433],[0.216617,0.54134,0.812421],[0.229246,-0.837117,0.496671]],[[0.948959,0.0786569,-0.305433],[-0.0734787,0.996891,0.028432],[0.30672,-0.00453796,0.951789]],[[0.948959,0.0786569,-0.305433],[-0.283913,0.634811,-0.718615],[0.137369,0.768653,0.624742]]],"btipPosition":[7.01492,310.542,-69.8368],"carpPosition":[41.7976,243.324,41.4608],"dipPosition":[9.35545,323.638,-59.1923],"direction":[-0.30672,0.00453796,-0.951789],"extended":false,"handId":703,"id":7031,"length":58.6448,"mcpPosition":[26.5702,287.664,-14.9717],"pipPosition":[16.7485,323.529,-36.2508],"stabilizedTipPosition":[-26.8937,288.134,0.937586],"timeVisible":22.587,"tipPosition":[7.82109,313.497,-66.0089],"tipVelocity":[78.7582,166.382,-249.353],"tool":false,"touchDistance":-0.678145,"touchZone":"hovering","type":1,"width":19.2893},{"bases":[[[0.953839,-0.190967,-0.231782],[0.291317,0.775895,0.559573],[0.0729787,-0.601265,0.79571]],[[0.952592,-0.181614,-0.244102],[-0.040611,0.719223,-0.693591],[0.30153,0.670623,0.67775]],[[0.952592,-0.181614,-0.244102],[-0.304073,-0.595784,-0.743358],[-0.0104274,0.782341,-0.622763]],[[0.952592,-0.181614,-0.244102],[-0.238257,-0.944239,-0.22726],[-0.189217,0.274645,-0.942745]]],"btipPosition":[37.9435,227.625,-13.5196],"carpPosition":[53.673,245.359,39.0921],"dipPosition":[34.3976,232.772,-31.1866],"direction":[0.0104274,-0.782341,0.622763],"extended":false,"handId":703,"id":7032,"length":66.821,"mcpPosition":[48.5955,287.192,-16.2693],"pipPosition":[34.1019,254.957,-48.8468],"stabilizedTipPosition":[7.29474,211.077,39.6785],"timeVisible":22.587,"tipPosition":[36.9508,229.217,-18.7158],"tipVelocity":[99.7147,187.072,-182.811],"tool":false,"touchDistance":0.333333,"touchZone":"none","type":2,"width":18.9446},{"bases":[[[0.929489,-0.33531,-0.15368],[0.360898,0.740706,0.566664],[-0.0761764,-0.58217,0.80949]],[[0.931363,-0.317612,-0.178007],[0.088824,0.672341,-0.734893],[0.353092,0.668641,0.654405]],[[0.931363,-0.317612,-0.178007],[-0.341185,-0.59066,-0.731241],[0.127109,0.741784,-0.658483]],[[0.931363,-0.317612,-0.178007],[-0.351986,-0.910474,-0.217122],[-0.0931103,0.264875,-0.959777]]],"btipPosition":[52.7527,225.367,-7.53221],"carpPosition":[65.5031,244.22,36.1179],"dipPosition":[51.0178,230.302,-25.415],"direction":[-0.127109,-0.741784,0.658483],"extended":false,"handId":703,"id":7033,"length":64.2502,"mcpPosition":[70.2616,280.586,-14.4482],"pipPosition":[54.5292,250.794,-43.6059],"stabilizedTipPosition":[22.1644,208.175,46.0741],"timeVisible":22.587,"tipPosition":[52.2877,226.72,-12.4999],"tipVelocity":[97.1566,197.397,-192.819],"tool":false,"touchDistance":0.333333,"touchZone":"none","type":3,"width":18.027},{"bases":[[[0.841932,-0.518182,-0.15046],[0.492917,0.625173,0.605138],[-0.219508,-0.583649,0.781774]],[[0.801993,-0.596164,-0.0373639],[0.399145,0.581387,-0.708994],[0.444399,0.553694,0.704224]],[[0.801993,-0.596164,-0.0373639],[-0.397881,-0.486503,-0.777821],[0.445531,0.638673,-0.627374]],[[0.801993,-0.596164,-0.0373639],[-0.582957,-0.767518,-0.266603],[0.130262,0.235596,-0.963082]]],"btipPosition":[62.2056,233.972,-10.1724],"carpPosition":[76.1118,236.254,31.0741],"dipPosition":[64.4447,238.022,-26.7269],"direction":[-0.445531,-0.638673,0.627374],"extended":false,"handId":703,"id":7034,"length":50.3709,"mcpPosition":[88.8048,270.003,-14.1317],"pipPosition":[73.1347,250.479,-38.9636],"stabilizedTipPosition":[33.4503,217.08,41.2099],"timeVisible":22.587,"tipPosition":[62.7673,235.12,-14.5669],"tipVelocity":[97.7889,201.408,-194.875],"tool":false,"touchDistance":0.333333,"touchZone":"none","type":4,"width":16.013}],"r":[[0.952759,0.147083,0.26574],[-0.195398,0.966653,0.165533],[-0.232531,-0.209638,0.949727]],"s":0.878483,"t":[-5.87847,22.1654,-91.2118],"timestamp":523984018644},false],[6,{"currentFrameRate":107.982,"devices":[],"gestures":[],"hands":[{"armBasis":[[0.917154,0.0542516,-0.394824],[0.140971,0.88248,0.448727],[0.372768,-0.46721,0.801722]],"armWidth":63.5437,"confidence":0.571997,"direction":[-0.0187486,0.708073,-0.70589],"elbow":[161.409,106.224,252.562],"grabStrength":0.969596,"id":703,"palmNormal":[-0.154062,-0.699628,-0.6977],"palmPosition":[51.857,267.865,-3.3929],"palmVelocity":[70.9338,193.438,-173.304],"palmWidth":90.7382,"pinchStrength":0.673411,"r":[[0.951744,0.148819,0.268396],[-0.197802,0.966133,0.165718],[-0.234644,-0.21081,0.948947]],"s":0.880142,"sphereCenter":[21.3146,266.673,-33.1945],"sphereRadius":47.6453,"stabilizedPalmPosition":[15.5626,249.37,70.0213],"t":[-5.3793,23.9688,-92.679],"timeVisible":22.5963,"type":"right","wrist":[61.0399,232.021,36.6965]}],"id":4304720,"interactionBox":{"center":[0,200,0],"size":[235.247,235.247,147.751]},"pointables":[{"bases":[[[0.53166,0.725437,0.437125],[-0.718827,0.113542,0.685854],[0.447912,-0.678858,0.58183]],[[0.361814,0.903527,0.229631],[-0.774458,0.154197,0.613545],[0.518946,-0.399829,0.755534]],[[0.361814,0.903527,0.229631],[-0.932226,0.348886,0.096087],[0.00670215,-0.248833,0.968523]],[[0.361814,0.903527,0.229631],[-0.441024,0.382904,-0.811716],[-0.821334,0.192418,0.537016]]],"btipPosition":[24.4681,248.663,-48.0092],"carpPosition":[31.3599,224.79,35.0652],"dipPosition":[5.29915,253.154,-35.4759],"direction":[-0.00670215,0.248833,-0.968523],"extended":false,"handId":703,"id":7030,"length":51.9721,"mcpPosition":[31.3599,224.79,35.0652],"pipPosition":[5.52704,244.693,-2.54491],"stabilizedTipPosition":[-33.5566,243.202,63.6802],"timeVisible":22.5963,"tipPosition":[20.0828,251.335,-43.9561],"tipVelocity":[83.4574,135.805,-220.826],"tool":false,"touchDistance":-0.664486,"touchZone":"hovering","type":0,"width":20.194},{"bases":[[[0.970711,0.0245751,-0.23899],[0.125011,0.797816,0.589799],[0.205164,-0.6024,0.771376]],[[0.949703,0.0758069,-0.303838],[0.213941,0.551459,0.806302],[0.228677,-0.830751,0.507504]],[[0.949703,0.0758069,-0.303838],[-0.0712819,0.997118,0.0259737],[0.304931,-0.00300924,0.95237]],[[0.949703,0.0758069,-0.303838],[-0.279499,0.642756,-0.713263],[0.141223,0.762311,0.631616]]],"btipPosition":[7.50398,312.09,-71.8987],"carpPosition":[42.1095,245.218,40.1544],"dipPosition":[9.91019,325.079,-61.1371],"direction":[-0.304931,0.00300924,-0.95237],"extended":false,"handId":703,"id":7031,"length":58.6448,"mcpPosition":[27.0574,289.414,-16.4384],"pipPosition":[17.2601,325.006,-38.1816],"stabilizedTipPosition":[-24.6046,289.899,-3.67059],"timeVisible":22.5963,"tipPosition":[8.33963,315.063,-68.0184],"tipVelocity":[71.7401,165.469,-240.443],"tool":false,"touchDistance":-0.669189,"touchZone":"hovering","type":1,"width":19.2893},{"bases":[[[0.953875,-0.193408,-0.229598],[0.291795,0.777065,0.557696],[0.0705496,-0.598968,0.797659]],[[0.952735,-0.184578,-0.241304],[-0.0383771,0.714793,-0.698282],[0.30137,0.674538,0.673925]],[[0.952735,-0.184578,-0.241304],[-0.303701,-0.599278,-0.740697],[-0.00789187,0.778972,-0.627009]],[[0.952735,-0.184578,-0.241304],[-0.23979,-0.944574,-0.224233],[-0.186541,0.271497,-0.944188]]],"btipPosition":[38.3177,229.297,-14.6165],"carpPosition":[53.9925,247.225,37.7995],"dipPosition":[34.8219,234.385,-32.3106],"direction":[0.00789187,-0.778972,0.627009],"extended":false,"handId":703,"id":7032,"length":66.821,"mcpPosition":[49.084,288.898,-17.6976],"pipPosition":[34.5981,256.475,-50.0911],"stabilizedTipPosition":[10.5128,213.142,33.4631],"timeVisible":22.5963,"tipPosition":[37.3487,230.874,-19.8135],"tipVelocity":[83.1645,184.397,-164.484],"tool":false,"touchDistance":0.333333,"touchZone":"none","type":2,"width":18.9446},{"bases":[[[0.929132,-0.337467,-0.151097],[0.3613,0.741772,0.565011],[-0.0785932,-0.57956,0.811131]],[[0.931073,-0.319906,-0.175393],[0.0912411,0.669651,-0.73705],[0.353239,0.670244,0.652683]],[[0.931073,-0.319906,-0.175393],[-0.341059,-0.592513,-0.729799],[0.129545,0.739316,-0.66078]],[[0.931073,-0.319906,-0.175393],[-0.353304,-0.91052,-0.214777],[-0.0909908,0.26194,-0.960785]]],"btipPosition":[53.1126,227.09,-8.74499],"carpPosition":[65.8255,246.055,34.8486],"dipPosition":[51.4173,231.971,-26.6466],"direction":[-0.129545,-0.739316,0.66078],"extended":false,"handId":703,"id":7033,"length":64.2502,"mcpPosition":[70.7349,282.258,-15.82],"pipPosition":[54.996,252.395,-44.9009],"stabilizedTipPosition":[24.9121,209.976,40.7747],"timeVisible":22.5963,"tipPosition":[52.6603,228.425,-13.7076],"tipVelocity":[80.8281,193.382,-175.114],"tool":false,"touchDistance":0.333333,"touchZone":"none","type":3,"width":18.027},{"bases":[[[0.841236,-0.520169,-0.147467],[0.493043,0.626117,0.604058],[-0.221881,-0.580863,0.783178]],[[0.801048,-0.597611,-0.0343959],[0.401764,0.579349,-0.709182],[0.443742,0.55427,0.704185]],[[0.801048,-0.597611,-0.0343959],[-0.39686,-0.487185,-0.777916],[0.448134,0.636799,-0.627426]],[[0.801048,-0.597611,-0.0343959],[-0.583698,-0.767074,-0.266258],[0.132734,0.233362,-0.963288]]],"btipPosition":[62.589,235.667,-11.4748],"carpPosition":[76.428,238.055,29.8469],"dipPosition":[64.8706,239.678,-28.0329],"direction":[-0.448134,-0.636799,0.627426],"extended":false,"handId":703,"id":7034,"length":50.3709,"mcpPosition":[89.2582,271.643,-15.4401],"pipPosition":[73.6113,252.098,-40.2706],"stabilizedTipPosition":[36.3021,218.956,35.7788],"timeVisible":22.5963,"tipPosition":[63.1587,236.797,-15.8265],"tipVelocity":[82.0103,195.476,-179.202],"tool":false,"touchDistance":0.333333,"touchZone":"none","type":4,"width":16.013}],"r":[[0.951744,0.148819,0.268396],[-0.197802,0.966133,0.165718],[-0.234644,-0.21081,0.948947]],"s":0.880142,"t":[-5.3793,23.9688,-92.679],"timestamp":523984027983},false],[7,{"currentFrameRate