{"sensorType":"Leap","data":[[0,{"currentFrameRate":108.149,"devices":[],"gestures":[],"hands":[{"armBasis":[[0.875643,0.4655,-0.128683],[0.299157,-0.731963,-0.612157],[0.37915,-0.497535,0.780195]],"armWidth":63.5437,"confidence":0.542493,"direction":[0.0729899,-0.0348718,-0.996723],"elbow":[156.554,136.005,270.606],"grabStrength":0.999404,"id":706,"palmNormal":[-0.333356,0.941056,-0.0573358],"palmPosition":[49.8164,269.586,6.18116],"palmVelocity":[-60.3118,-8.21681,-106.626],"palmWidth":90.7382,"pinchStrength":0.247164,"r":[[0.626631,-0.717629,0.303878],[0.778757,0.591381,-0.209298],[-0.0295093,0.367799,0.929437]],"s":1.02452,"sphereCenter":[28.2206,315.161,-12.2617],"sphereRadius":45.8057,"stabilizedPalmPosition":[52.0047,269.928,10.128],"t":[3.46688,19.4243,-32.7485],"timeVisible":2.50363,"type":"left","wrist":[54.4673,269.968,60.536]}],"id":4310185,"interactionBox":{"center":[0,200,0],"size":[235.247,235.247,147.751]},"pointables":[{"bases":[[[0.690647,-0.713125,-0.120248],[-0.635888,-0.678015,0.368703],[0.344462,0.178179,0.921737]],[[0.678872,-0.71863,-0.150678],[-0.615979,-0.669085,0.415806],[0.399627,0.189465,0.896884]],[[0.678872,-0.71863,-0.150678],[-0.734235,-0.662853,-0.14671],[-0.0055528,-0.210231,0.977636]],[[0.678872,-0.71863,-0.150678],[-0.48176,-0.281078,-0.830001],[-0.554111,-0.636056,0.537023]]],"btipPosition":[17.1332,283.218,-28.7232],"carpPosition":[23.9053,270.657,61.6976],"dipPosition":[4.20089,268.374,-16.1897],"direction":[0.0055528,0.210231,-0.977636],"extended":false,"handId":706,"id":7060,"length":51.9721,"mcpPosition":[23.9053,270.657,61.6976],"pipPosition":[4.01208,261.225,17.0512],"stabilizedTipPosition":[16.1624,280.361,-21.2224],"timeVisible":2.50363,"tipPosition":[14.2393,279.816,-25.6488],"tipVelocity":[-51.5198,-9.95571,-111.492],"tool":false,"touchDistance":-0.4146,"touchZone":"touching","type":0,"width":20.194},{"bases":[[[0.938883,0.325817,-0.111099],[0.316929,-0.944124,-0.0904751],[0.134369,-0.049735,0.989682]],[[0.948448,0.315341,0.0317273],[0.160885,-0.392794,-0.905444],[0.273061,-0.863871,0.423278]],[[0.948448,0.315341,0.0317273],[0.139849,-0.326574,-0.934768],[0.284409,-0.891016,0.353838]],[[0.948448,0.315341,0.0317273],[0.128366,-0.290688,-0.948168],[0.289773,-0.903361,0.316181]]],"btipPosition":[5.39502,332.17,-52.021],"carpPosition":[38.7446,254.641,52.6386],"dipPosition":[10.3323,316.778,-46.6339],"direction":[-0.284409,0.891016,-0.353838],"extended":false,"handId":706,"id":7061,"length":58.6448,"mcpPosition":[28.8864,258.29,-19.9704],"pipPosition":[17.1875,295.301,-38.1051],"stabilizedTipPosition":[12.2738,329.647,-40.6292],"timeVisible":2.50363,"tipPosition":[6.72257,328.498,-50.951],"tipVelocity":[-79.4623,-28.591,-97.4974],"tool":false,"touchDistance":-0.415599,"touchZone":"hovering","type":1,"width":19.2893},{"bases":[[[0.880527,0.472246,0.0406948],[0.473969,-0.876312,-0.0862049],[0.0050486,-0.0951938,0.995446]],[[0.873811,0.480168,-0.0767612],[0.164816,-0.440974,-0.882257],[0.457482,-0.758275,0.464467]],[[0.873811,0.480168,-0.0767612],[0.144869,-0.407754,-0.901526],[0.464184,-0.776643,0.425862]],[[0.873811,0.480168,-0.0767612],[0.133913,-0.389377,-0.911292],[0.467462,-0.786018,0.404543]]],"btipPosition":[6.34392,336.85,-60.6871],"carpPosition":[50.6084,257.025,50.5541],"dipPosition":[15.1042,322.12,-53.106],"direction":[-0.464184,0.776643,-0.425862],"extended":false,"handId":706,"id":7062,"length":66.821,"mcpPosition":[50.2571,263.648,-18.7039],"pipPosition":[28.2673,300.096,-41.0295],"stabilizedTipPosition":[12.5253,334.062,-51.5633],"timeVisible":2.50363,"tipPosition":[8.61214,333.113,-59.5956],"tipVelocity":[-71.13,-30.2301,-108.657],"tool":false,"touchDistance":-0.406449,"touchZone":"hovering","type":2,"width":18.9446},{"bases":[[[0.833421,0.517798,0.193121],[0.535587,-0.84292,-0.0513006],[-0.136223,-0.146188,0.979833]],[[0.835886,0.520514,0.17424],[0.353565,-0.267764,-0.896267],[0.419864,-0.810783,0.407855]],[[0.835886,0.520514,0.17424],[-0.360887,0.760327,-0.540058],[0.413587,-0.388547,-0.823394]],[[0.835886,0.520514,0.17424],[-0.54484,0.825335,0.148224],[0.0666533,0.218832,-0.973483]]],"btipPosition":[38.8988,313.987,11.664],"carpPosition":[61.7643,262.073,50.1584],"dipPosition":[40.1407,318.064,-6.47426],"direction":[-0.413587,0.388547,0.823394],"extended":false,"handId":706,"id":7063,"length":64.2502,"mcpPosition":[70.2736,271.205,-11.0484],"pipPosition":[51.5662,307.331,-29.2208],"stabilizedTipPosition":[45.6425,314.761,16.6574],"timeVisible":2.50363,"tipPosition":[39.1968,314.547,8.36888],"tipVelocity":[-77.8652,-11.8917,-121.938],"tool":false,"touchDistance":0.333333,"touchZone":"none","type":3,"width":18.027},{"bases":[[[0.712025,0.629507,0.311032],[0.644541,-0.761704,0.0661302],[-0.278544,-0.153387,0.948096]],[[0.715928,0.631632,0.29747],[0.542592,-0.235234,-0.806386],[0.439364,-0.738719,0.511129]],[[0.715928,0.631632,0.29747],[-0.351536,0.694238,-0.628057],[0.603216,-0.345072,-0.719066]],[[0.715928,0.631632,0.29747],[-0.665901,0.745797,0.0190536],[0.209817,0.211727,-0.954541]]],"btipPosition":[55.4907,311.165,10.3191],"carpPosition":[70.2486,273.156,52.7327],"dipPosition":[59.0972,314.804,-6.08864],"direction":[-0.603216,0.345072,0.719066],"extended":false,"handId":706,"id":7064,"length":50.3709,"mcpPosition":[86.3554,282.026,-2.09069],"pipPosition":[70.8628,308.074,-20.1138],"stabilizedTipPosition":[62.7355,311.837,15.2187],"timeVisible":2.50363,"tipPosition":[56.3388,311.761,7.46379],"tipVelocity":[-77.2589,-5.80699,-118.111],"tool":false,"touchDistance":0.333333,"touchZone":"none","type":4,"width":16.013}],"r":[[0.626631,-0.717629,0.303878],[0.778757,0.591381,-0.209298],[-0.0295093,0.367799,0.929437]],"s":1.02452,"t":[3.46688,19.4243,-32.7485],"timestamp":524039220546},false],[1,{"currentFrameRate":108.139,"devices":[],"gestures":[],"hands":[{"armBasis":[[0.872304,0.470864,-0.131807],[0.301779,-0.730539,-0.61257],[0.384727,-0.494571,0.779349]],"armWidth":63.5437,"confidence":0.544702,"direction":[0.073641,-0.0311695,-0.996798],"elbow":[157.614,136.748,269.386],"grabStrength":0.998677,"id":706,"palmNormal":[-0.335715,0.940403,-0.0542079],"palmPosition":[49.4056,269.712,5.18577],"palmVelocity":[-55.8168,-2.09786,-106.854],"palmWidth":90.7382,"pinchStrength":0.247336,"r":[[0.628206,-0.715178,0.306394],[0.77737,0.593367,-0.208833],[-0.0324513,0.369372,0.928715]],"s":1.02268,"sphereCenter":[27.7332,315.29,-13.0992],"sphereRadius":45.7813,"stabilizedPalmPosition":[51.7764,269.909,9.69397],"t":[3.04211,19.4497,-33.7097],"timeVisible":2.51289,"type":"left","wrist":[54.0248,269.913,59.5443]}],"id":4310186,"interactionBox":{"center":[0,200,0],"size":[235.247,235.247,147.751]},"pointables":[{"bases":[[[0.692526,-0.710939,-0.122366],[-0.63437,-0.680925,0.365945],[0.343487,0.175801,0.922557]],[[0.680637,-0.716427,-0.153186],[-0.614918,-0.672323,0.412138],[0.398257,0.186319,0.898152]],[[0.680637,-0.716427,-0.153186],[-0.732604,-0.664157,-0.148953],[-0.0049739,-0.213608,0.976907]],[[0.680637,-0.716427,-0.153186],[-0.479488,-0.277528,-0.832508],[-0.553917,-0.640087,0.532414]]],"btipPosition":[16.7324,283.448,-29.6607],"carpPosition":[23.4605,270.521,60.6907],"dipPosition":[3.80463,268.509,-17.2348],"direction":[0.0049739,0.213608,-0.976907],"extended":false,"handId":706,"id":7060,"length":51.9721,"mcpPosition":[23.4605,270.521,60.6907],"pipPosition":[3.63551,261.246,15.9812],"stabilizedTipPosition":[15.9991,280.337,-21.6015],"timeVisible":2.51289,"tipPosition":[13.8287,280,-26.6255],"tipVelocity":[-49.1631,-0.852152,-109.346],"tool":false,"touchDistance":-0.415908,"touchZone":"touching","type":0,"width":20.194},{"bases":[[[0.938114,0.328591,-0.109411],[0.31938,-0.942991,-0.0936224],[0.133937,-0.0528848,0.989578]],[[0.947626,0.317691,0.0328234],[0.161303,-0.38736,-0.907708],[0.275656,-0.865462,0.418317]],[[0.947626,0.317691,0.0328234],[0.139998,-0.32081,-0.93674],[0.287064,-0.892274,0.348484]],[[0.947626,0.317691,0.0328234],[0.128384,-0.284804,-0.94995],[0.292442,-0.904411,0.310674]]],"btipPosition":[4.80713,332.45,-52.6327],"carpPosition":[38.3456,254.574,51.5839],"dipPosition":[9.78985,317.041,-47.3393],"direction":[-0.287064,0.892274,-0.348484],"extended":false,"handId":706,"id":7061,"length":58.6448,"mcpPosition":[28.5192,258.454,-21.0175],"pipPosition":[16.7091,295.534,-38.9396],"stabilizedTipPosition":[11.9957,329.614,-41.1038],"timeVisible":2.51289,"tipPosition":[6.15187,328.761,-51.6393],"tipVelocity":[-74.6397,-12.1387,-89.2937],"tool":false,"touchDistance":-0.411871,"touchZone":"hovering","type":1,"width":19.2893},{"bases":[[[0.8793,0.474335,0.042865],[0.476244,-0.874795,-0.089023],[0.00472868,-0.0986921,0.995107]],[[0.872621,0.482658,-0.0746531],[0.166571,-0.437804,-0.883505],[0.459114,-0.75853,0.462434]],[[0.872621,0.482658,-0.0746531],[0.146354,-0.404247,-0.902865],[0.465953,-0.776933,0.423394]],[[0.872621,0.482658,-0.0746531],[0.135246,-0.38568,-0.912666],[0.469298,-0.786315,0.40183]]],"btipPosition":[5.7992,337.091,-61.4845],"carpPosition":[50.2045,256.996,49.5146],"dipPosition":[14.5938,322.355,-53.9542],"direction":[-0.465953,0.776933,-0.423394],"extended":false,"handId":706,"id":7062,"length":66.821,"mcpPosition":[49.8755,263.863,-19.7199],"pipPosition":[27.8072,300.323,-41.9477],"stabilizedTipPosition":[12.2456,334.04,-52.0502],"timeVisible":2.51289,"tipPosition":[8.07185,333.365,-60.3869],"tipVelocity":[-67.418,-14.4609,-102.654],"tool":false,"touchDistance":-0.406273,"touchZone":"hovering","type":2,"width":18.9446},{"bases":[[[0.831992,0.519229,0.195424],[0.537757,-0.841371,-0.0539658],[-0.136403,-0.14999,0.979233]],[[0.834512,0.522076,0.176144],[0.353522,-0.262127,-0.897949],[0.422625,-0.81162,0.403313]],[[0.834512,0.522076,0.176144],[-0.363736,0.762121,-0.5356],[0.413867,-0.382895,-0.825897]],[[0.834512,0.522076,0.176144],[-0.547104,0.823043,0.15257],[0.0653212,0.22369,-0.972469]]],"btipPosition":[38.3876,314.016,10.9387],"carpPosition":[61.3477,262.074,49.1431],"dipPosition":[39.6047,318.184,-7.18059],"direction":[-0.413867,0.382895,0.825897],"extended":false,"handId":706,"id":7063,"length":64.2502,"mcpPosition":[69.8684,271.443,-12.0263],"pipPosition":[51.0379,307.606,-29.9963],"stabilizedTipPosition":[45.3996,314.768,16.3131],"timeVisible":2.51289,"tipPosition":[38.6768,314.629,7.55612],"tipVelocity":[-71.6535,-7.04073,-109.52],"tool":false,"touchDistance":0.333333,"touchZone":"none","type":3,"width":18.027},{"bases":[[[0.710247,0.630213,0.313659],[0.646438,-0.760293,0.0638131],[-0.278688,-0.157438,0.947389]],[[0.714097,0.632365,0.300299],[0.544036,-0.231339,-0.806541],[0.440557,-0.739322,0.509228]],[[0.714097,0.632365,0.300299],[-0.352465,0.695409,-0.626238],[0.604842,-0.34135,-0.719476]],[[0.714097,0.632365,0.300299],[-0.667723,0.744118,0.0208609],[0.210266,0.215413,-0.953617]]],"btipPosition":[54.9713,311.298,9.4477],"carpPosition":[69.8024,273.169,51.7613],"dipPosition":[58.5856,315,-6.94411],"direction":[-0.604842,0.34135,0.719476],"extended":false,"handId":706,"id":7064,"length":50.3709,"mcpPosition":[85.9175,282.273,-3.0212],"pipPosition":[70.3828,308.342,-20.9773],"stabilizedTipPosition":[62.4926,311.848,14.8844],"timeVisible":2.51289,"tipPosition":[55.8205,311.908,6.58397],"tipVelocity":[-71.2389,0.294065,-111.228],"tool":false,"touchDistance":0.333333,"touchZone":"none","type":4,"width":16.013}],"r":[[0.628206,-0.715178,0.306394],[0.77737,0.593367,-0.208833],[-0.0324513,0.369372,0.928715]],"s":1.02268,"t":[3.04211,19.4497,-33.7097],"timestamp":524039229811},false],[2,{"currentFrameRate":108.362,"devices":[],"gestures":[],"hands":[{"armBasis":[[0.8717,0.472741,-0.129055],[0.306993,-0.732086,-0.608116],[0.381961,-0.490476,0.783287]],"armWidth":63.5437,"confidence":0.549977,"direction":[0.0743844,-0.0288535,-0.996812],"elbow":[156.448,137.834,269.272],"grabStrength":0.996763,"id":706,"palmNormal":[-0.340389,0.938814,-0.0525753],"palmPosition":[49.0174,269.777,4.00842],"palmVelocity":[-52.6182,0.476509,-114.018],"palmWidth":90.7382,"pinchStrength":0.250585,"r":[[0.630135,-0.712699,0.308203],[0.775683,0.595813,-0.208142],[-0.0352886,0.370226,0.928271]],"s":1.02111,"sphereCenter":[27.204,315.321,-14.1836],"sphereRadius":45.7614,"stabilizedPalmPosition":[51.5966,269.9,9.32349],"t":[2.63564,19.4952,-34.779],"timeVisible":2.52172,"type":"left","wrist":[53.6035,269.896,58.37]}],"id":4310187,"interactionBox":{"center":[0,200,0],"size":[235.247,235.247,147.751]},"pointables":[{"bases":[[[0.69615,-0.707222,-0.123337],[-0.631167,-0.684807,0.364236],[0.342058,0.175716,0.923104]],[[0.683732,-0.712947,-0.15562],[-0.612497,-0.67661,0.408713],[0.396684,0.184133,0.899298]],[[0.683732,-0.712947,-0.15562],[-0.729725,-0.666959,-0.150557],[-0.00354754,-0.216501,0.976276]],[[0.683732,-0.712947,-0.15562],[-0.476637,-0.274836,-0.835035],[-0.552566,-0.645114,0.527731]]],"btipPosition":[16.306,283.599,-30.7785],"carpPosition":[23.0359,270.348,59.4993],"dipPosition":[3.40979,268.543,-18.4619],"direction":[0.00354754,0.216501,-0.976276],"extended":false,"handId":706,"id":7060,"length":51.9721,"mcpPosition":[23.0359,270.348,59.4993],"pipPosition":[3.28916,261.182,14.7327],"stabilizedTipPosition":[15.8662,280.327,-21.9186],"timeVisible":2.52172,"tipPosition":[13.4064,280.058,-27.7911],"tipVelocity":[-48.7095,3.19662,-114.783],"tool":false,"touchDistance":-0.419794,"touchZone":"touching","type":0,"width":20.194},{"bases":[[[0.936521,0.333497,-0.108207],[0.324154,-0.941195,-0.0952695],[0.133616,-0.0541461,0.989553]],[[0.946004,0.322411,0.0335876],[0.162942,-0.38339,-0.9091],[0.280226,-0.865484,0.415223]],[[0.946004,0.322411,0.0335876],[0.141231,-0.316679,-0.93796],[0.291772,-0.892057,0.345114]],[[0.946004,0.322411,0.0335876],[0.129408,-0.280627,-0.951053],[0.297204,-0.904046,0.307197]]],"btipPosition":[4.10068,332.452,-53.5714],"carpPosition":[38.006,254.494,50.3703],"dipPosition":[9.16453,317.049,-48.3373],"direction":[-0.291772,0.892057,-0.345114],"extended":false,"handId":706,"id":7061,"length":58.6448,"mcpPosition":[28.2031,258.467,-22.2292],"pipPosition":[16.1973,295.547,-40.0188],"stabilizedTipPosition":[11.745,329.588,-41.5233],"timeVisible":2.52172,"tipPosition":[5.46833,328.756,-52.6298],"tipVelocity":[-75.5254,-8.75868,-94.3165],"tool":false,"touchDistance":-0.413302,"touchZone":"hovering","type":1,"width":19.2893},{"bases":[[[0.876888,0.478647,0.0443174],[0.480672,-0.872224,-0.0904431],[0.00463567,-0.100611,0.994915]],[[0.87022,0.487173,-0.0733439],[0.1697,-0.436172,-0.883717],[0.462514,-0.756582,0.462239]],[[0.87022,0.487173,-0.0733439],[0.149011,-0.402173,-0.903356],[0.469588,-0.77519,0.422573]],[[0.87022,0.487173,-0.0733439],[0.137636,-0.383349,-0.913291],[0.473047,-0.784669,0.400651]]],"btipPosition":[5.11828,337.033,-62.6181],"carpPosition":[49.8538,256.979,48.3129],"dipPosition":[13.9832,322.329,-55.1099],"direction":[-0.469588,0.77519,-0.422573],"extended":false,"handId":706,"id":7062,"length":66.821,"mcpPosition":[49.5313,263.979,-20.9083],"pipPosition":[27.2996,300.346,-43.1267],"stabilizedTipPosition":[12.0094,334.022,-52.4606],"timeVisible":2.52172,"tipPosition":[7.39794,333.343,-61.4789],"tipVelocity":[-69.5496,-12.09,-109.771],"tool":false,"touchDistance":-0.41106,"touchZone":"hovering","type":2,"width":18.9446},{"bases":[[[0.829266,0.523006,0.196935],[0.541997,-0.83856,-0.0552839],[-0.136228,-0.152583,0.978857]],[[0.831792,0.525914,0.177588],[0.35528,-0.258587,-0.898281],[0.426497,-0.810276,0.401937]],[[0.831792,0.525914,0.177588],[-0.367299,0.761338,-0.534282],[0.416191,-0.379183,-0.826442]],[[0.831792,0.525914,0.177588],[-0.551307,0.819985,0.153899],[0.0646821,0.225918,-0.971997]]],"btipPosition":[37.7759,314.013,9.84466],"carpPosition":[60.9717,262.114,47.958],"dipPosition":[38.9811,318.223,-8.26586],"direction":[-0.416191,0.379183,0.826442],"extended":false,"handId":706,"id":7063,"length":64.2502,"mcpPosition":[69.4814,271.645,-13.1879],"pipPosition":[50.4785,307.748,-31.0966],"stabilizedTipPosition":[45.1934,314.774,16.0147],"timeVisible":2.52172,"tipPosition":[38.063,314.639,6.45355],"tipVelocity":[-71.1017,-4.91502,-113.354],"tool":false,"touchDistance":0.333333,"touchZone":"none","type":3,"width":18.027},{"bases":[[[0.706896,0.633148,0.315313],[0.650201,-0.757169,0.0627181],[-0.278455,-0.160681,0.946913]],[[0.710714,0.635329,0.302065],[0.545636,-0.226815,-0.806744],[0.444035,-0.738182,0.507859]],[[0.710714,0.635329,0.302065],[-0.355668,0.694978,-0.624905],[0.606948,-0.336694,-0.719896]],[[0.710714,0.635329,0.302065],[-0.671494,0.740681,0.022063],[0.209717,0.218515,-0.953032]]],"btipPosition":[54.3704,311.378,8.36316],"carpPosition":[69.3692,273.246,50.6028],"dipPosition":[57.9752,315.134,-8.01859],"direction":[-0.606948,0.336694,0.719896],"extended":false,"handId":706,"id":7064,"length":50.3709,"mcpPosition":[85.4708,282.537,-4.15214],"pipPosition":[69.8135,308.567,-22.0599],"stabilizedTipPosition":[62.2876,311.859,14.5953],"timeVisible":2.52172,"tipPosition":[55.2186,312.003,5.48592],"tipVelocity":[-70.4522,3.03647,-114.301],"tool":false,"touchDistance":0.333333,"touchZone":"none","type":4,"width":16.013}],"r":[[0.630135,-0.712699,0.308203],[0.775683,0.595813,-0.208142],[-0.0352886,0.370226,0.928271]],"s":1.02111,"t":[2.63564,19.4952,-34.779],"timestamp":524039238638},false],[3,{"currentFrameRate":108.418,"devices":[],"gestures":[],"hands":[{"armBasis":[[0.872034,0.472371,-0.128149],[0.308877,-0.734225,-0.604573],[0.379673,-0.487626,0.786174]],"armWidth":63.5437,"confidence":0.552413,"direction":[0.0738928,-0.0274511,-0.996888],"elbow":[155.577,138.518,269.19],"grabStrength":0.991832,"id":706,"palmNormal":[-0.342013,0.9383,-0.0511889],"palmPosition":[48.7336,269.756,3.15105],"palmVelocity":[-46.6437,-0.302984,-108.452],"palmWidth":90.7382,"pinchStrength":0.255381,"r":[[0.631946,-0.710574,0.309401],[0.7741,0.598082,-0.207525],[-0.037585,0.370652,0.928011]],"s":1.01981,"sphereCenter":[26.8672,315.339,-14.9612],"sphereRadius":45.776,"stabilizedPalmPosition":[51.4494,269.893,9.00608],"t":[2.29051,19.5073,-35.7423],"timeVisible":2.53084,"type":"left","wrist":[53.349,269.813,57.5102]}],"id":4310188,"interactionBox":{"center":[0,200,0],"size":[235.247,235.247,147.751]},"pointables":[{"bases":[[[0.697285,-0.705878,-0.124619],[-0.629804,-0.686345,0.363699],[0.342259,0.175116,0.923143]],[[0.684218,-0.711844,-0.158503],[-0.611738,-0.678542,0.406641],[0.397016,0.181269,0.899733]],[[0.684218,-0.711844,-0.158503],[-0.729275,-0.667377,-0.150884],[-0.00162477,-0.21883,0.975762]],[[0.684218,-0.711844,-0.158503],[-0.474478,-0.269469,-0.838008],[-0.553819,-0.648586,0.52213]]],"btipPosition":[15.9988,283.766,-31.4946],"carpPosition":[22.7813,270.211,58.6566],"dipPosition":[3.07329,268.628,-19.3087],"direction":[0.00162477,0.21883,-0.975762],"extended":false,"handId":706,"id":7060,"length":51.9721,"mcpPosition":[22.7813,270.211,58.6566],"pipPosition":[3.01804,261.188,13.8684],"stabilizedTipPosition":[15.7531,280.325,-22.1882],"timeVisible":2.53084,"tipPosition":[13.0877,280.137,-28.5755],"tipVelocity":[-44.739,6.80575,-105.62],"tool":false,"touchDistance":-0.417341,"touchZone":"touching","type":0,"width":20.194},{"bases":[[[0.935893,0.335228,-0.108286],[0.325703,-0.940519,-0.09665],[0.134244,-0.0551852,0.98941]],[[0.945472,0.323979,0.0334656],[0.1631,-0.382015,-0.90965],[0.281923,-0.865507,0.414026]],[[0.945472,0.323979,0.0334656],[0.141259,-0.315303,-0.938419],[0.293476,-0.891976,0.343875]],[[0.945472,0.323979,0.0334656],[0.129367,-0.279253,-0.951463],[0.298908,-0.903911,0.305938]]],"btipPosition":[3.67911,332.426,-54.3294],"carpPosition":[37.7733,254.395,49.4993],"dipPosition":[8.77201,317.025,-49.1167],"direction":[-0.293476,0.891976,-0.343875],"extended":false,"handId":706,"id":7061,"length":58.6448,"mcpPosition":[27.9244,258.444,-23.0898],"pipPosition":[15.8458,295.525,-40.8281],"stabilizedTipPosition":[11.5158,329.565,-41.9093],"timeVisible":2.53084,"tipPosition":[5.05186,328.733,-53.3889],"tipVelocity":[-67.1793,-7.11181,-91.3474],"tool":false,"touchDistance":-0.411749,"touchZone":"hovering","type":1,"width":19.2893},{"bases":[[[0.876097,0.480081,0.0444567],[0.482106,-0.871288,-0.0918197],[0.00534633,-0.101876,0.994783]],[[0.869285,0.488773,-0.0737817],[0.1709,-0.437232,-0.882962],[0.463828,-0.754937,0.46361]],[[0.869285,0.488773,-0.0737817],[0.149781,-0.402696,-0.902996],[0.471072,-0.77391,0.423267]],[[0.869285,0.488773,-0.0737817],[0.138154,-0.383546,-0.91313],[0.474612,-0.783577,0.400937]]],"btipPosition":[4.69629,336.909,-63.5741],"carpPosition":[49.6158,256.903,47.4386],"dipPosition":[13.5905,322.225,-56.0605],"direction":[-0.471072,0.77391,-0.423267],"extended":false,"handId":706,"id":7062,"length":66.821,"mcpPosition":[49.2438,263.991,-21.7733],"pipPosition":[26.949,300.278,-44.0577],"stabilizedTipPosition":[11.8068,334.003,-52.8215],"timeVisible":2.53084,"tipPosition":[6.96187,333.285,-62.3181],"tipVelocity":[-62.8741,-12.3731,-108.35],"tool":false,"touchDistance":-0.412609,"touchZone":"hovering","type":2,"width":18.9446},{"bases":[[[0.828482,0.524163,0.197157],[0.543392,-0.837566,-0.0566506],[-0.135438,-0.154067,0.978734]],[[0.831029,0.527145,0.177509],[0.355567,-0.258042,-0.898324],[0.427742,-0.80965,0.401876]],[[0.831029,0.527145,0.177509],[-0.368479,0.760796,-0.534241],[0.416671,-0.378561,-0.826485]],[[0.831029,0.527145,0.177509],[-0.552536,0.819059,0.154421],[0.0639883,0.226409,-0.971928]]],"btipPosition":[37.4237,313.995,8.98128],"carpPosition":[60.7248,262.057,47.0843],"dipPosition":[38.616,318.213,-9.12797],"direction":[-0.416671,0.378561,0.826485],"extended":false,"handId":706,"id":7063,"length":64.2502,"mcpPosition":[69.1851,271.681,-14.0539],"pipPosition":[50.1267,307.755,-31.9599],"stabilizedTipPosition":[45.0144,314.779,15.7472],"timeVisible":2.53084,"tipPosition":[37.7068,314.624,5.58679],"tipVelocity":[-62.1648,-4.05435,-108.147],"tool":false,"touchDistance":0.333333,"touchZone":"none","type":3,"width":18.027},{"bases":[[[0.705989,0.633945,0.315742],[0.651521,-0.756142,0.0613971],[-0.277668,-0.162367,0.946857]],[[0.709788,0.636145,0.302524],[0.545536,-0.224725,-0.807397],[0.445637,-0.738118,0.506547]],[[0.709788,0.636145,0.302524],[-0.357275,0.695239,-0.623697],[0.607088,-0.334608,-0.720751]],[[0.709788,0.636145,0.302524],[-0.672767,0.739481,0.0234855],[0.208771,0.220198,-0.952852]]],"btipPosition":[54.0174,311.357,7.56231],"carpPosition":[69.1047,273.2,49.7389],"dipPosition":[57.606,315.142,-8.81636],"direction":[-0.607088,0.334608,0.720751],"extended":false,"handId":706,"id":7064,"length":50.3709,"mcpPosition":[85.1608,282.588,-5.01284],"pipPosition":[69.4471,308.615,-22.8744],"stabilizedTipPosition":[62.1092,311.868,14.3364],"timeVisible":2.53084,"tipPosition":[54.863,311.992,4.6725],"tipVelocity":[-61.7428,1.76612,-106.914],"tool":false,"touchDistance":0.333333,"touchZone":"none","type":4,"width":16.013}],"r":[[0.631946,-0.710574,0.309401],[0.7741,0.598082,-0.207525],[-0.037585,0.370652,0.928011]],"s":1.01981,"t":[2.29051,19.5073,-35.7423],"timestamp":524039247761},false],[4,{"currentFrameRate":108.533,"devices":[],"gestures":[],"hands":[{"armBasis":[[0.873454,0.470091,-0.126856],[0.308975,-0.736482,-0.601771],[0.376314,-0.486424,0.78853]],"armWidth":63.5437,"confidence":0.556484,"direction":[0.0720276,-0.0276523,-0.997019],"elbow":[154.55,138.826,269.145],"grabStrength":0.985253,"id":706,"palmNormal":[-0.342846,0.938018,-0.0507841],"palmPosition":[48.508,269.723,2.48037],"palmVelocity":[-40.7111,-1.2257,-99.116],"palmWidth":90.7382,"pinchStrength":0.257272,"r":[[0.633618,-0.708753,0.310157],[0.772656,0.600005,-0.207358],[-0.0391299,0.37103,0.927796]],"s":1.01907,"sphereCenter":[26.5386,315.321,-15.6048],"sphereRadius":45.8234,"stabilizedPalmPosition":[51.3352,269.886,8.75272],"t":[2.00514,19.4968,-36.5593],"timeVisible":2.53985,"type":"left","wrist":[53.2262,269.797,56.8307]}],"id":4310189,"interactionBox":{"center":[0,200,0],"size":[235.247,235.247,147.751]},"pointables":[{"bases":[[[0.697601,-0.705364,-0.125756],[-0.628576,-0.686745,0.365068],[0.343868,0.175625,0.922448]],[[0.684309,-0.711416,-0.160027],[-0.610676,-0.679048,0.407393],[0.398491,0.181058,0.899123]],[[0.684309,-0.711416,-0.160027],[-0.729191,-0.667847,-0.149199],[0.000730674,-0.218789,0.975772]],[[0.684309,-0.711416,-0.160027],[-0.474312,-0.26758,-0.838707],[-0.553849,-0.649838,0.52054]]],"btipPosition":[15.7251,283.765,-32.0493],"carpPosition":[22.6604,270.172,58.0348],"dipPosition":[2.79887,268.599,-19.9005],"direction":[-0.000730674,0.218789,-0.975772],"extended":false,"handId":706,"id":7060,"length":51.9721,"mcpPosition":[22.6604,270.172,58.0348],"pipPosition":[2.82372,261.159,13.277],"stabilizedTipPosition":[15.6608,280.324,-22.4057],"timeVisible":2.53985,"tipPosition":[12.8037,280.112,-29.1594],"tipVelocity":[-40.8024,4.71196,-93.7824],"tool":false,"touchDistance":-0.412388,"touchZone":"touching","type":0,"width":20.194},{"bases":[[[0.935423,0.335934,-0.110143],[0.326257,-0.940289,-0.0970231],[0.13616,-0.0548226,0.989169]],[[0.945279,0.324731,0.0315758],[0.162006,-0.383172,-0.909359],[0.283198,-0.864713,0.414813]],[[0.945279,0.324731,0.0315758],[0.140078,-0.316535,-0.938181],[0.294662,-0.891266,0.344701]],[[0.945279,0.324731,0.0315758],[0.128136,-0.280502,-0.951262],[0.300047,-0.903254,0.306763]]],"btipPosition":[3.31016,332.308,-55.0254],"carpPosition":[37.6475,254.365,48.8532],"dipPosition":[8.42246,316.918,-49.7987],"direction":[-0.294662,0.891266,-0.344701],"extended":false,"handId":706,"id":7061,"length":58.6448,"mcpPosition":[27.658,258.388,-23.7181],"pipPosition":[15.5248,295.435,-41.4902],"stabilizedTipPosition":[11.3187,329.542,-42.2433],"timeVisible":2.53985,"tipPosition":[4.673,328.636,-54.0362],"tipVelocity":[-59.8416,-8.69198,-87.3843],"tool":false,"touchDistance":-0.409299,"touchZone":"hovering","type":1,"width":19.2893},{"bases":[[[0.875802,0.48078,0.0426744],[0.482615,-0.870934,-0.0925068],[0.00730888,-0.101613,0.994797]],[[0.868684,0.489466,-0.076232],[0.17091,-0.440581,-0.881293],[0.464949,-0.752537,0.466381]],[[0.868684,0.489466,-0.076232],[0.149461,-0.405694,-0.901706],[0.472281,-0.771904,0.425576]],[[0.868684,0.489466,-0.076232],[0.137632,-0.38631,-0.912043],[0.475863,-0.781785,0.402947]]],"btipPosition":[4.3164,336.664,-64.4805],"carpPosition":[49.4841,256.882,46.7695],"dipPosition":[13.2341,322.013,-56.9293],"direction":[-0.472281,0.771904,-0.425576],"extended":false,"handId":706,"id":7062,"length":66.821,"mcpPosition":[48.9756,263.952,-22.4434],"pipPosition":[26.6269,300.124,-44.8609],"stabilizedTipPosition":[11.6416,333.982,-53.123],"timeVisible":2.53985,"tipPosition":[6.55999,333.122,-63.0697],"tipVelocity":[-57.0246,-16.2086,-105.969],"tool":false,"touchDistance":-0.413148,"touchZone":"hovering","type":2,"width":18.9446},{"bases":[[[0.828442,0.524864,0.195453],[0.543941,-0.837154,-0.0574624],[-0.133464,-0.153919,0.979028]],[[0.830962,0.527858,0.175691],[0.354054,-0.258174,-0.898884],[0.429124,-0.809143,0.401423]],[[0.830962,0.527858,0.175691],[-0.370091,0.760288,-0.53385],[0.415373,-0.378587,-0.827126]],[[0.830962,0.527858,0.175691],[-0.552874,0.818681,0.155214],[0.0619042,0.226112,-0.972132]]],"btipPosition":[37.1771,313.957,8.31311],"carpPosition":[60.5883,262.044,46.3928],"dipPosition":[38.3305,318.17,-9.79994],"direction":[-0.415373,0.378587,0.827126],"extended":false,"handId":706,"id":7063,"length":64.2502,"mcpPosition":[68.9254,271.659,-14.7638],"pipPosition":[49.8053,307.711,-32.6496],"stabilizedTipPosition":[44.8689,314.782,15.5243],"timeVisible":2.53985,"tipPosition":[37.4519,314.589,4.91002],"tipVelocity":[-52.8822,-4.13144,-98.8447],"tool":false,"touchDistance":0.333333,"touchZone":"none","type":3,"width":18.027},{"bases":[[[0.706087,0.634581,0.314241],[0.65223,-0.755614,0.0603594],[-0.275748,-0.162338,0.947422]],[[0.709895,0.636801,0.30089],[0.544488,-0.22522,-0.807966],[0.446747,-0.737401,0.506613]],[[0.709895,0.636801,0.30089],[-0.358521,0.694449,-0.623862],[0.606228,-0.335001,-0.721292]],[[0.709895,0.636801,0.30089],[-0.673175,0.739093,0.0240222],[0.207088,0.219605,-0.953356]]],"btipPosition":[53.7728,311.343,6.83628],"carpPosition":[68.9645,273.195,49.0287],"dipPosition":[57.3324,315.118,-9.55105],"direction":[-0.606228,0.335001,0.721292],"extended":false,"handId":706,"id":7064,"length":50.3709,"mcpPosition":[84.9096,282.582,-5.75577],"pipPosition":[69.1567,308.584,-23.6196],"stabilizedTipPosition":[61.9649,311.875,14.1201],"timeVisible":2.53985,"tipPosition":[54.6105,311.978,3.93433],"tipVelocity":[-52.4462,0.784496,-99.7499],"tool":false,"touchDistance":0.333333,"touchZone":"none","type":4,"width":16.013}],"r":[[0.633618,-0.708753,0.310157],[0.772656,0.600005,-0.207358],[-0.0391299,0.37103,0.927796]],"s":1.01907,"t":[2.00514,19.4968,-36.5593],"timestamp":524039256767},false],[5,{"currentFrameRate":108.661,"devices":[],"gestures":[],"hands":[{"armBasis":[[0.875187,0.466677,-0.127518],[0.307137,-0.739625,-0.59885],[0.373785,-0.484941,0.790644]],"armWidth":63.5437,"confidence":0.54345,"direction":[0.0702626,-0.0275969,-0.997147],"elbow":[153.708,139.226,268.994],"grabStrength":0.976595,"id":706,"palmNormal":[-0.340958,0.938748,-0.0500058],"palmPosition":[48.2545,269.744,1.76844],"palmVelocity":[-37.2994,-0.24405,-93.7032],"palmWidth":90.7382,"pinchStrength":0.258345,"r":[[0.63476,-0.707573,0.310516],[0.771679,0.601224,-0.207466],[-0.0398924,0.37131,0.927652]],"s":1.01892,"sphereCenter":[26.306,315.451,-16.2757],"sphereRadius":45.9035,"stabilizedPalmPosition":[51.2439,269.882,8.54578],"t":[1.73572,19.5022,-37.3238],"timeVisible":2.54882,"type":"left","wrist":[53.0659,269.797,56.1106]}],"id":4310190,"interactionBox":{"center":[0,200,0],"size":[235.247,235.247,147.751]},"pointables":[{"bases":[[[0.6959,-0.706803,-0.127094],[-0.629393,-0.685497,0.366004],[0.345815,0.17471,0.921894]],[[0.682368,-0.712887,-0.161759],[-0.611568,-0.677941,0.407899],[0.400449,0.17941,0.898584]],[[0.682368,-0.712887,-0.161759],[-0.731005,-0.666184,-0.147752],[0.00243101,-0.219068,0.975707]],[[0.682368,-0.712887,-0.161759],[-0.47546,-0.26474,-0.838958],[-0.555259,-0.649388,0.519599]]],"btipPosition":[15.4453,283.91,-32.6659],"carpPosition":[22.503,270.236,57.3672],"dipPosition":[2.48626,268.754,-20.5391],"direction":[-0.00243101,0.219068,-0.975707],"extended":false,"handId":706,"id":7060,"length":51.9721,"mcpPosition":[22.503,270.236,57.3672],"pipPosition":[2.56892,261.306,12.6362],"stabilizedTipPosition":[15.5827,280.326,-22.5882],"timeVisible":2.54882,"tipPosition":[12.5153,280.247,-29.7945],"tipVelocity":[-38.3974,7.92239,-87.0756],"tool":false,"touchDistance":-0.408808,"touchZone":"touching","type":0,"width":20.194},{"bases":[[[0.935938,0.333989,-0.111676],[0.324112,-0.940953,-0.0977732],[0.137737,-0.055314,0.988923]],[[0.946014,0.322715,0.0302215],[0.160606,-0.385721,-0.908529],[0.281539,-0.864334,0.416728]],[[0.946014,0.322715,0.0302215],[0.138912,-0.319427,-0.937374],[0.292851,-0.890966,0.347012]],[[0.946014,0.322715,0.0302215],[0.127087,-0.283533,-0.950504],[0.298173,-0.90303,0.309239]]],"btipPosition":[3.13472,332.351,-55.8838],"carpPosition":[37.4412,254.4,48.1567],"dipPosition":[8.21509,316.965,-50.6149],"direction":[-0.292851,0.890966,-0.347012],"extended":false,"handId":706,"id":7061,"length":58.6448,"mcpPosition":[27.3359,258.458,-24.3967],"pipPosition":[15.2738,295.489,-42.2507],"stabilizedTipPosition":[11.1608,329.526,-42.5229],"timeVisible":2.54882,"tipPosition":[4.4614,328.718,-54.7865],"tipVelocity":[-49.0328,-4.96637,-89.3601],"tool":false,"touchDistance":-0.409434,"touchZone":"hovering","type":1,"width":19.2893},{"bases":[[[0.876883,0.478928,0.0412728],[0.480623,-0.871927,-0.0935105],[0.00879788,-0.101834,0.994762]],[[0.869489,0.487688,-0.0784149],[0.170302,-0.444992,-0.879192],[0.463666,-0.751094,0.46997]],[[0.869489,0.487688,-0.0784149],[0.148588,-0.409635,-0.900067],[0.471074,-0.770947,0.428637]],[[0.869489,0.487688,-0.0784149],[0.136585,-0.389938,-0.910655],[0.474693,-0.781094,0.405658]]],"btipPosition":[4.12595,336.58,-65.5046],"carpPosition":[49.2794,256.892,46.0532],"dipPosition":[13.0217,321.942,-57.9025],"direction":[-0.471074,0.770947,-0.428637],"extended":false,"handId":706,"id":7062,"length":66.821,"mcpPosition":[48.6673,263.977,-23.1573],"pipPosition":[26.3803,300.08,-45.7474],"stabilizedTipPosition":[11.514,333.964,-53.3709],"timeVisible":2.54882,"tipPosition":[6.33287,333.127,-63.9104],"tipVelocity":[-47.3751,-14.2449,-107.849],"tool":false,"touchDistance":-0.415352,"touchZone":"hovering","type":2,"width":18.9446},{"bases":[[[0.829877,0.52308,0.194141],[0.542079,-0.838284,-0.0585642],[-0.132112,-0.153841,0.979224]],[[0.832372,0.526076,0.174359],[0.351957,-0.258738,-0.899545],[0.428115,-0.810123,0.400522]],[[0.832372,0.526076,0.174359],[-0.369414,0.761171,-0.533059],[0.413146,-0.379293,-0.827917]],[[0.832372,0.526076,0.174359],[-0.550883,0.81981,0.156331],[0.0606989,0.226177,-0.972193]]],"btipPosition":[37.027,314.001,7.62978],"carpPosition":[60.3938,262.031,45.6586],"dipPosition":[38.158,318.215,-10.4844],"direction":[-0.413146,0.379293,0.827917],"extended":false,"handId":706,"id":7063,"length":64.2502,"mcpPosition":[68.6464,271.641,-15.5103],"pipPosition":[49.5713,307.737,-33.3559],"stabilizedTipPosition":[44.7541,314.785,15.3417],"timeVisible":2.54882,"tipPosition":[37.2971,314.634,4.22431],"tipVelocity":[-43.1383,-1.65551,-92.6409],"tool":false,"touchDistance":0.333333,"touchZone":"none","type":3,"width":18.027},{"bases":[[[0.707958,0.633029,0.313161],[0.650741,-0.756997,0.0590886],[-0.274467,-0.161955,0.94786]],[[0.71182,0.635286,0.29954],[0.542984,-0.227227,-0.808416],[0.445511,-0.738092,0.506695]],[[0.71182,0.635286,0.29954],[-0.357541,0.694832,-0.623998],[0.604547,-0.337076,-0.721736]],[[0.71182,0.635286,0.29954],[-0.671411,0.740675,0.0246469],[0.206204,0.218658,-0.953765]]],"btipPosition":[53.6237,311.37,6.07743],"carpPosition":[68.798,273.163,48.2823],"dipPosition":[57.1681,315.129,-10.3169],"direction":[-0.604547,0.337076,0.721736],"extended":false,"handId":706,"id":7064,"length":50.3709,"mcpPosition":[84.6689,282.528,-6.5274],"pipPosition":[68.9596,308.554,-24.3942],"stabilizedTipPosition":[61.8521,311.88,13.9431],"timeVisible":2.54882,"tipPosition":[54.4544,312.002,3.16397],"tipVelocity":[-42.7417,1.29068,-95.6448],"tool":false,"touchDistance":0.333333,"touchZone":"none","type":4,"width":16.013}],"r":[[0.63476,-0.707573,0.310516],[0.771679,0.601224,-0.207466],[-0.0398924,0.37131,0.927652]],"s":1.01892,"t":[1.73572,19.5022,-37.3238],"timestamp":524039265739},false],[6,{"currentFrameRate":108.715,"devices":[],"gestures":[],"hands":[{"armBasis":[[0.87464,0.466185,-0.132953],[0.303843,-0.740884,-0.598974],[0.377735,-0.48349,0.789654]],"armWidth":63.5437,"confidence":0.544971,"direction":[0.0674213,-0.027122,-0.997356],"elbow":[154.547,139.816,267.795],"grabStrength":0.968567,"id":706,"palmNormal":[-0.338714,0.939641,-0.0484496],"palmPosition":[47.8781,269.992,0.849602],"palmVelocity":[-38.4253,7.36275,-95.7117],"palmWidth":90.7382,"pinchStrength":0.258639,"r":[[0.635487,-0.706989,0.310359],[0.771085,0.601834,-0.207904],[-0.0397985,0.371434,0.927606]],"s":1.01935,"sphereCenter":[25.9477,315.83,-17.1114],"sphereRadius":45.9958,"stabilizedPalmPosition":[51.1655,269.885,8.36636],"t":[1.41277,19.6287,-38.1654],"timeVisible":2.55792,"type":"left","wrist":[52.8405,269.997,55.1782]}],"id":4310191,"interactionBox":{"center":[0,200,0],"size":[235.247,235.247,147.751]},"pointables":[{"bases":[[[0.693749,-0.708481,-0.129486],[-0.63011,-0.684139,0.367308],[0.348817,0.17323,0.921042]],[[0.680071,-0.714522,-0.164202],[-0.612226,-0.676694,0.40898],[0.40334,0.177607,0.897649]],[[0.680071,-0.714522,-0.164202],[-0.733132,-0.664184,-0.146212],[0.00458867,-0.219816,0.97553]],[[0.680071,-0.714522,-0.164202],[-0.477785,-0.262061,-0.838478],[-0.55608,-0.648678,0.519608]]],"btipPosition":[15.0267,284.285,-33.4607],"carpPosition":[22.2825,270.513,56.52],"dipPosition":[2.04846,269.146,-21.3337],"direction":[-0.00458867,0.219816,-0.975531],"extended":false,"handId":706,"id":7060,"length":51.9721,"mcpPosition":[22.2825,270.513,56.52],"pipPosition":[2.20448,261.672,11.8356],"stabilizedTipPosition":[15.5096,280.336,-22.755],"timeVisible":2.55792,"tipPosition":[12.0852,280.622,-30.5982],"tipVelocity":[-40.6374,17.2651,-87.1425],"tool":false,"touchDistance":-0.408181,"touchZone":"touching","type":0,"width":20.194},{"bases":[[[0.936468,0.331689,-0.114062],[0.321452,-0.941707,-0.0992834],[0.140344,-0.0563103,0.9885]],[[0.946915,0.320185,0.0288814],[0.159186,-0.388927,-0.907411],[0.279307,-0.863839,0.41925]],[[0.946915,0.320185,0.0288814],[0.137825,-0.32315,-0.936258],[0.290443,-0.890537,0.350125]],[[0.946915,0.320185,0.0288814],[0.126161,-0.287465,-0.949446],[0.295696,-0.902688,0.3126]]],"btipPosition":[2.85297,332.631,-56.9921],"carpPosition":[37.1548,254.645,47.2578],"dipPosition":[7.89113,317.251,-51.6659],"direction":[-0.290443,0.890537,-0.350125],"extended":false,"handId":706,"id":7061,"length":58.6448,"mcpPosition":[26.8583,258.776,-25.2645],"pipPosition":[14.8918,295.786,-43.2267],"stabilizedTipPosition":[11.0347,329.518,-42.7566],"timeVisible":2.55792,"tipPosition":[4.1247,329.046,-55.7482],"tipVelocity":[-44.317,4.98758,-97.9399],"tool":false,"touchDistance":-0.413249,"touchZone":"hovering","type":1,"width":19.2893},{"bases":[[[0.878206,0.476678,0.0391447],[0.478149,-0.873081,-0.0954111],[0.0113038,-0.102508,0.994668]],[[0.87046,0.485551,-0.0808689],[0.168701,-0.44861,-0.877661],[0.462428,-0.750326,0.47241]],[[0.87046,0.485551,-0.0808689],[0.147122,-0.413408,-0.898581],[0.469739,-0.770282,0.431291]],[[0.87046,0.485551,-0.0808689],[0.135174,-0.393761,-0.909219],[0.473315,-0.780508,0.408387]]],"btipPosition":[3.7888,336.776,-66.6718],"carpPosition":[48.9934,257.108,45.123],"dipPosition":[12.6587,322.149,-59.0187],"direction":[-0.469739,0.770282,-0.431291],"extended":false,"handId":706,"id":7062,"length":66.821,"mcpPosition":[48.2069,264.24,-24.0809],"pipPosition":[25.9794,300.306,-46.7882],"stabilizedTipPosition":[11.413,333.954,-53.5761],"timeVisible":2.55792,"tipPosition":[5.95515,333.402,-64.9076],"tipVelocity":[-44.6915,-4.24707,-113.144],"tool":false,"touchDistance":-0.419482,"touchZone":"hovering","type":2,"width":18.9446},{"bases":[[[0.831737,0.520848,0.192172],[0.539787,-0.839616,-0.0606141],[-0.12978,-0.154147,0.979488]],[[0.834192,0.52386,0.172322],[0.348416,-0.25843,-0.901011],[0.42747,-0.811656,0.398101]],[[0.834192,0.52386,0.172322],[-0.369322,0.762738,-0.530878],[0.409542,-0.379211,-0.829743]],[[0.834192,0.52386,0.172322],[-0.548391,0.820986,0.1589],[0.0582331,0.227053,-0.97214]]],"btipPosition":[36.7815,314.258,6.81285],"carpPosition":[60.1196,262.219,44.7008],"dipPosition":[37.8665,318.488,-11.3003],"direction":[-0.409542,0.379211,0.829743],"extended":false,"handId":706,"id":7063,"length":64.2502,"mcpPosition":[68.2266,271.848,-16.4845],"pipPosition":[49.1802,308.012,-34.2223],"stabilizedTipPosition":[44.6616,314.79,15.1897],"timeVisible":2.55792,"tipPosition":[37.0417,314.909,3.36828],"tipVelocity":[-38.98,6.7418,-91.8332],"tool":false,"touchDistance":0.333333,"touchZone":"none","type":3,"width":18.027},{"bases":[[[0.710428,0.631028,0.311601],[0.648981,-0.758682,0.0567887],[-0.272242,-0.161879,0.948514]],[[0.714294,0.633305,0.297839],[0.540762,-0.229299,-0.80932],[0.444252,-0.739153,0.506254]],[[0.714294,0.633305,0.297839],[-0.356661,0.695579,-0.623668],[0.602143,-0.339255,-0.722724]],[[0.714294,0.633305,0.297839],[-0.669264,0.742565,0.0261242],[0.204621,0.217993,-0.954259]]],"btipPosition":[53.3748,311.622,5.10896],"carpPosition":[68.5593,273.328,47.3084],"dipPosition":[56.892,315.369,-11.2939],"direction":[-0.602143,0.339255,0.722724],"extended":false,"handId":706,"id":7064,"length":50.3709,"mcpPosition":[84.3016,282.689,-7.53916],"pipPosition":[68.6366,308.752,-25.3904],"stabilizedTipPosition":[61.7626,311.887,13.796],"timeVisible":2.55792,"tipPosition":[54.196,312.252,2.18552],"tipVelocity":[-38.6629,8.52755,-98.6862],"tool":false,"touchDistance":0.333333,"touchZone":"none","type":4,"width":16.013}],"r":[[0.635487,-0.706989,0.310359],[0.771085,0.601834,-0.207904],[-0.0397985,0.371434,0.927606]],"s