{"sensorType":"Leap","data":[[0,{"currentFrameRate":106.89,"devices":[],"gestures":[],"hands":[{"armBasis":[[0.911477,-0.0254441,-0.410562],[0.237202,0.847942,0.474056],[0.336071,-0.529478,0.778916]],"armWidth":63.5437,"confidence":0.626238,"direction":[0.0468282,0.792995,-0.607426],"elbow":[156.967,80.0145,262.329],"grabStrength":0,"id":703,"palmNormal":[-0.238099,-0.581704,-0.777772],"palmPosition":[60.6008,264.151,17.7709],"palmVelocity":[95.6469,105.466,-223.349],"palmWidth":90.7382,"pinchStrength":0.811538,"r":[[0.968052,-0.00741249,0.250638],[-0.0678822,0.95449,0.290413],[-0.241384,-0.298149,0.923494]],"s":0.879933,"sphereCenter":[38.027,257.796,-22.7939],"sphereRadius":45.1602,"stabilizedPalmPosition":[-4.96654,282.719,201.331],"t":[3.16978,21.088,-71.3346],"timeVisible":10.4573,"type":"right","wrist":[66.4793,222.578,52.6036]}],"id":4303413,"interactionBox":{"center":[0,200,0],"size":[235.247,235.247,147.751]},"pointables":[{"bases":[[[0.61247,0.602178,0.512116],[-0.692534,0.0963755,0.714918],[0.381152,-0.792524,0.476056]],[[0.372776,0.896272,0.240281],[-0.764611,0.149977,0.626799],[0.525745,-0.417378,0.741207]],[[0.372776,0.896272,0.240281],[-0.921542,0.327276,0.208927],[0.108617,-0.299313,0.947953]],[[0.372776,0.896272,0.240281],[-0.588743,0.428601,-0.685334],[-0.71723,0.114012,0.687446]]],"btipPosition":[23.0505,247.047,-34.2796],"carpPosition":[36.1757,218.754,50.893],"dipPosition":[6.31122,249.708,-18.2354],"direction":[-0.108617,0.299313,-0.947953],"extended":false,"handId":703,"id":7030,"length":51.9721,"mcpPosition":[36.1757,218.754,50.893],"pipPosition":[10.0043,239.531,13.9962],"stabilizedTipPosition":[-52.5184,280.429,155.373],"timeVisible":10.4573,"tipPosition":[18.6971,247.673,-30.0712],"tipVelocity":[132.493,102.633,-286.936],"tool":false,"touchDistance":-0.763458,"touchZone":"hovering","type":0,"width":20.194},{"bases":[[[0.964202,-0.0453333,-0.261265],[0.21815,0.695741,0.684364],[0.150748,-0.716861,0.680725]],[[0.946231,0.0208492,-0.322819],[0.165361,0.826516,0.538077],[0.278034,-0.562527,0.778627]],[[0.946231,0.0208492,-0.322819],[0.0538633,0.973836,0.220776],[0.318976,-0.226293,0.920351]],[[0.946231,0.0208492,-0.322819],[-0.0350868,0.998648,-0.038347],[0.321584,0.0476118,0.945683]]],"btipPosition":[12.9813,318.439,-63.32],"carpPosition":[49.1207,237.102,58.2777],"dipPosition":[18.4605,319.251,-47.2071],"direction":[-0.318976,0.226293,-0.920351],"extended":true,"handId":703,"id":7031,"length":58.6448,"mcpPosition":[38.0609,289.696,8.33569],"pipPosition":[26.149,313.796,-25.0234],"stabilizedTipPosition":[-75.7517,310.902,169.683],"timeVisible":10.4573,"tipPosition":[14.0665,316.933,-59.6777],"tipVelocity":[110.768,85.8221,-251.693],"tool":false,"touchDistance":-0.799466,"touchZone":"hovering","type":1,"width":19.2893},{"bases":[[[0.924292,-0.259705,-0.279709],[0.381276,0.662154,0.645121],[0.0176687,-0.702927,0.711043]],[[0.924443,-0.277437,-0.261598],[0.108302,0.848813,-0.517482],[0.365616,0.450051,0.814726]],[[0.924443,-0.277437,-0.261598],[-0.333548,-0.255864,-0.907347],[0.184798,0.926047,-0.32907]],[[0.924443,-0.277437,-0.261598],[-0.378584,-0.749796,-0.54266],[-0.0455916,0.600696,-0.798177]]],"btipPosition":[37.9253,227.91,-8.4767],"carpPosition":[61.1148,238.154,55.866],"dipPosition":[37.071,239.167,-23.4345],"direction":[-0.184798,-0.926047,0.32907],"extended":false,"handId":703,"id":7032,"length":66.821,"mcpPosition":[59.8855,287.06,6.39523],"pipPosition":[42.3114,265.427,-32.7662],"stabilizedTipPosition":[-34.8905,251.768,162.939],"timeVisible":10.4573,"tipPosition":[37.6966,230.029,-11.5033],"tipVelocity":[147.382,97.6998,-265.738],"tool":false,"touchDistance":0.333333,"touchZone":"none","type":2,"width":18.9446},{"bases":[[[0.885428,-0.409488,-0.219855],[0.446707,0.619162,0.645826],[-0.128333,-0.670044,0.731144]],[[0.887697,-0.396744,-0.233641],[0.224492,0.815991,-0.532693],[0.401992,0.420419,0.813419]],[[0.887697,-0.396744,-0.233641],[-0.343616,-0.233091,-0.909724],[0.306468,0.887842,-0.343242]],[[0.887697,-0.396744,-0.233641],[-0.457849,-0.706993,-0.539013],[0.0486677,0.585453,-0.809244]]],"btipPosition":[53.443,223.845,-4.90097],"carpPosition":[72.7107,236.157,52.4536],"dipPosition":[54.3498,234.754,-19.979],"direction":[-0.306468,-0.887842,0.343242],"extended":false,"handId":703,"id":7033,"length":64.2502,"mcpPosition":[80.7272,278.013,6.78143],"pipPosition":[62.816,259.281,-29.4612],"stabilizedTipPosition":[-4.64162,241.812,127.331],"timeVisible":10.4573,"tipPosition":[53.534,225.992,-7.92298],"tipVelocity":[152.775,117.426,-265.744],"tool":false,"touchDistance":0.333333,"touchZone":"none","type":3,"width":18.027},{"bases":[[[0.778562,-0.580923,-0.237422],[0.565881,0.486288,0.66581],[-0.271329,-0.652727,0.707339]],[[0.719681,-0.685358,-0.111101],[0.538029,0.651648,-0.534678],[0.438844,0.325022,0.837721]],[[0.719681,-0.685358,-0.111101],[-0.310586,-0.174674,-0.934358],[0.620964,0.706946,-0.338572]],[[0.719681,-0.685358,-0.111101],[-0.614603,-0.554416,-0.561148],[0.322991,0.47213,-0.820226]]],"btipPosition":[64.8749,232.205,-3.57937],"carpPosition":[82.3233,227.826,46.1588],"dipPosition":[70.4268,240.32,-17.6783],"direction":[-0.620964,-0.706946,0.338572],"extended":false,"handId":703,"id":7034,"length":50.3709,"mcpPosition":[98.0128,265.57,5.25713],"pipPosition":[82.5385,254.109,-24.282],"stabilizedTipPosition":[2.45973,247.916,131.133],"timeVisible":10.4573,"tipPosition":[66.1038,233.657,-6.36212],"tipVelocity":[144.695,125.132,-241.658],"tool":false,"touchDistance":0.333333,"touchZone":"none","type":4,"width":16.013}],"r":[[0.968052,-0.00741249,0.250638],[-0.0678822,0.95449,0.290413],[-0.241384,-0.298149,0.923494]],"s":0.879933,"t":[3.16978,21.088,-71.3346],"timestamp":523971888951},false],[1,{"currentFrameRate":106.959,"devices":[],"gestures":[],"hands":[{"armBasis":[[0.914584,-0.022306,-0.403781],[0.232092,0.846616,0.47893],[0.331165,-0.531736,0.779479]],"armWidth":63.5437,"confidence":0.629104,"direction":[0.0460419,0.7919,-0.608913],"elbow":[156.126,80.2529,261.312],"grabStrength":0,"id":703,"palmNormal":[-0.232521,-0.58432,-0.777498],"palmPosition":[61.0516,264.9,16.4902],"palmVelocity":[82.5346,98.6396,-199.657],"palmWidth":90.7382,"pinchStrength":0.797991,"r":[[0.966225,0.000479283,0.257701],[-0.0778266,0.953848,0.290029],[-0.245669,-0.300289,0.921669]],"s":0.880666,"sphereCenter":[38.8839,258.231,-24.2815],"sphereRadius":45.1458,"stabilizedPalmPosition":[-4.41932,282.572,199.799],"t":[3.74214,21.9475,-72.7988],"timeVisible":10.4665,"type":"right","wrist":[66.959,223.424,51.4348]}],"id":4303414,"interactionBox":{"center":[0,200,0],"size":[235.247,235.247,147.751]},"pointables":[{"bases":[[[0.607887,0.605779,0.513328],[-0.69584,0.0950224,0.711883],[0.382466,-0.789938,0.479288]],[[0.369992,0.896983,0.241924],[-0.767675,0.148521,0.623391],[0.52324,-0.416369,0.743543]],[[0.369992,0.896983,0.241924],[-0.922805,0.324727,0.207323],[0.107406,-0.299957,0.947887]],[[0.369992,0.896983,0.241924],[-0.611566,0.431181,-0.663378],[-0.699352,0.0974923,0.708097]]],"btipPosition":[23.3021,248.122,-36.1598],"carpPosition":[36.6786,219.472,49.6089],"dipPosition":[6.98005,250.397,-19.6336],"direction":[-0.107406,0.299957,-0.947887],"extended":false,"handId":703,"id":7030,"length":51.9721,"mcpPosition":[36.6786,219.472,49.6089],"pipPosition":[10.632,240.198,12.5957],"stabilizedTipPosition":[-51.3938,279.933,152.443],"timeVisible":10.4665,"tipPosition":[19.2161,248.486,-31.758],"tipVelocity":[105.911,103.836,-260.269],"tool":false,"touchDistance":-0.741986,"touchZone":"hovering","type":0,"width":20.194},{"bases":[[[0.96544,-0.0419031,-0.257236],[0.212485,0.698077,0.683768],[0.150918,-0.714796,0.682855]],[[0.947572,0.0237026,-0.318662],[0.159599,0.828843,0.536234],[0.276831,-0.558979,0.781606]],[[0.947572,0.0237026,-0.318662],[0.0494205,0.974375,0.219432],[0.315698,-0.223676,0.922119]],[[0.947572,0.0237026,-0.318662],[-0.0380714,0.998516,-0.0389376],[0.317266,0.049028,0.947068]]],"btipPosition":[13.5699,318.835,-64.9405],"carpPosition":[49.5177,237.889,57.0073],"dipPosition":[18.9756,319.671,-48.8041],"direction":[-0.315698,0.223676,-0.922119],"extended":true,"handId":703,"id":7031,"length":58.6448,"mcpPosition":[38.4454,290.331,6.90896],"pipPosition":[26.585,314.279,-26.5778],"stabilizedTipPosition":[-75.0215,310.968,167.821],"timeVisible":10.4665,"tipPosition":[14.6396,317.38,-61.2758],"tipVelocity":[97.0905,73.9592,-230.22],"tool":false,"touchDistance":-0.77208,"touchZone":"hovering","type":1,"width":19.2893},{"bases":[[[0.926489,-0.256476,-0.275386],[0.375907,0.66508,0.645262],[0.0176596,-0.701347,0.712601]],[[0.926641,-0.273995,-0.257418],[0.107872,0.849704,-0.516108],[0.36014,0.450478,0.816926]],[[0.926641,-0.273995,-0.257418],[-0.328418,-0.256714,-0.908977],[0.182972,0.926836,-0.327867]],[[0.926641,-0.273995,-0.257418],[-0.373292,-0.751826,-0.543517],[-0.0446133,0.599737,-0.798953]]],"btipPosition":[38.625,228.606,-9.93421],"carpPosition":[61.5171,238.985,54.6422],"dipPosition":[37.7889,239.845,-24.9066],"direction":[-0.182972,-0.926836,0.327867],"extended":false,"handId":703,"id":7032,"length":66.821,"mcpPosition":[60.2884,287.781,5.06307],"pipPosition":[42.9776,266.128,-34.2041],"stabilizedTipPosition":[-33.5978,251.406,159.83],"timeVisible":10.4665,"tipPosition":[38.4057,230.714,-12.9284],"tipVelocity":[127.456,91.3415,-235.638],"tool":false,"touchDistance":0.333333,"touchZone":"none","type":2,"width":18.9446},{"bases":[[[0.887998,-0.406292,-0.215373],[0.441511,0.62236,0.646325],[-0.128557,-0.669025,0.732037]],[[0.890301,-0.393382,-0.229378],[0.223195,0.816029,-0.53318],[0.396923,0.423495,0.814312]],[[0.890301,-0.393382,-0.229378],[-0.339033,-0.236331,-0.910607],[0.304007,0.888481,-0.343775]],[[0.890301,-0.393382,-0.229378],[-0.452703,-0.710138,-0.539226],[0.0492313,0.583914,-0.810321]]],"btipPosition":[54.1646,224.527,-6.13398],"carpPosition":[73.135,237.029,51.2813],"dipPosition":[55.0819,235.407,-21.2321],"direction":[-0.304007,-0.888481,0.343775],"extended":false,"handId":703,"id":7033,"length":64.2502,"mcpPosition":[81.1655,278.821,5.55344],"pipPosition":[63.4802,259.952,-30.729],"stabilizedTipPosition":[-2.99512,241.4,123.511],"timeVisible":10.4665,"tipPosition":[54.256,226.671,-9.16575],"tipVelocity":[131.951,105.032,-228.858],"tool":false,"touchDistance":0.333333,"touchZone":"none","type":3,"width":18.027},{"bases":[[[0.781912,-0.578203,-0.233012],[0.561149,0.490022,0.667076],[-0.271524,-0.652349,0.707612]],[[0.721864,-0.684064,-0.104735],[0.542067,0.653002,-0.528917],[0.430205,0.325032,0.842186]],[[0.721864,-0.684064,-0.104735],[-0.302021,-0.17524,-0.937056],[0.622652,0.708059,-0.333101]],[[0.721864,-0.684064,-0.104735],[-0.609535,-0.55682,-0.564286],[0.327689,0.471178,-0.818909]]],"btipPosition":[65.5613,233.075,-4.99725],"carpPosition":[82.8074,228.724,45.0435],"dipPosition":[71.194,241.175,-19.0736],"direction":[-0.622652,-0.708059,0.333101],"extended":false,"handId":703,"id":7034,"length":50.3709,"mcpPosition":[98.5082,266.446,4.12604],"pipPosition":[83.3386,254.985,-25.5706],"stabilizedTipPosition":[4.54809,247.495,126.613],"timeVisible":10.4665,"tipPosition":[66.8052,234.503,-7.72806],"tipVelocity":[125.557,116.396,-216.845],"tool":false,"touchDistance":0.333333,"touchZone":"none","type":4,"width":16.013}],"r":[[0.966225,0.000479283,0.257701],[-0.0778266,0.953848,0.290029],[-0.245669,-0.300289,0.921669]],"s":0.880666,"t":[3.74214,21.9475,-72.7988],"timestamp":523971898175},false],[2,{"currentFrameRate":107.222,"devices":[],"gestures":[],"hands":[{"armBasis":[[0.91948,-0.0218354,-0.392529],[0.226675,0.845224,0.483957],[0.321208,-0.533966,0.782117]],"armWidth":63.5437,"confidence":0.62915,"direction":[0.0421159,0.792847,-0.607964],"elbow":[154.062,80.4003,260.968],"grabStrength":0,"id":703,"palmNormal":[-0.228064,-0.584809,-0.77845],"palmPosition":[61.4667,265.651,15.4753],"palmVelocity":[72.899,94.9391,-176.675],"palmWidth":90.7382,"pinchStrength":0.781694,"r":[[0.964603,0.00786785,0.263589],[-0.0869812,0.953109,0.289859],[-0.248948,-0.302526,0.920056]],"s":0.881681,"sphereCenter":[39.6512,258.747,-25.4604],"sphereRadius":45.1163,"stabilizedPalmPosition":[-3.84031,282.423,198.179],"t":[4.23587,22.7531,-74.0384],"timeVisible":10.4754,"type":"right","wrist":[67.5757,224.172,50.3808]}],"id":4303415,"interactionBox":{"center":[0,200,0],"size":[235.247,235.247,147.751]},"pointables":[{"bases":[[[0.603631,0.608792,0.514783],[-0.697294,0.0900885,0.711101],[0.386537,-0.788198,0.478888]],[[0.365814,0.897872,0.244961],[-0.770165,0.144274,0.621314],[0.522519,-0.415946,0.744287]],[[0.365814,0.897872,0.244961],[-0.924395,0.319972,0.207635],[0.108049,-0.302396,0.947038]],[[0.365814,0.897872,0.244961],[-0.634618,0.43317,-0.640018],[-0.680764,0.0786711,0.728266]]],"btipPosition":[23.5254,249.193,-37.7357],"carpPosition":[37.3216,220.042,48.5119],"dipPosition":[7.63713,251.029,-20.7388],"direction":[-0.108049,0.302396,-0.947038],"extended":false,"handId":703,"id":7030,"length":51.9721,"mcpPosition":[37.3216,220.042,48.5119],"pipPosition":[11.3109,240.747,11.4616],"stabilizedTipPosition":[-50.3103,279.472,149.611],"timeVisible":10.4754,"tipPosition":[19.6496,249.333,-33.1409],"tipVelocity":[87.1344,105.425,-234.738],"tool":false,"touchDistance":-0.718135,"touchZone":"hovering","type":0,"width":20.194},{"bases":[[[0.965997,-0.0358855,-0.256051],[0.207472,0.698551,0.684823],[0.15429,-0.71466,0.682243]],[[0.948004,0.0291323,-0.316921],[0.153674,0.830119,0.535991],[0.278697,-0.556825,0.78248]],[[0.948004,0.0291323,-0.316921],[0.0438102,0.974376,0.220617],[0.315228,-0.22303,0.922437]],[[0.948004,0.0291323,-0.316921],[-0.0428596,0.998417,-0.0364286],[0.315358,0.0481176,0.947752]]],"btipPosition":[13.8106,319.371,-66.0124],"carpPosition":[50.0419,238.527,55.9473],"dipPosition":[19.1838,320.191,-49.8643],"direction":[-0.315228,0.22303,-0.922437],"extended":true,"handId":703,"id":7031,"length":58.6448,"mcpPosition":[38.7222,290.958,5.89386],"pipPosition":[26.7819,314.815,-27.6303],"stabilizedTipPosition":[-74.301,311.036,165.98],"timeVisible":10.4754,"tipPosition":[14.8737,317.987,-62.3227],"tipVelocity":[77.9532,70.2191,-200.63],"tool":false,"touchDistance":-0.739243,"touchZone":"hovering","type":1,"width":19.2893},{"bases":[[[0.928343,-0.250665,-0.274492],[0.371136,0.666568,0.646488],[0.0209156,-0.702036,0.711834]],[[0.928576,-0.268068,-0.256683],[0.102936,0.850486,-0.515828],[0.356582,0.452563,0.817335]],[[0.928576,-0.268068,-0.256683],[-0.326106,-0.259096,-0.909134],[0.177204,0.927906,-0.328009]],[[0.928576,-0.268068,-0.256683],[-0.368041,-0.754311,-0.543655],[-0.0478819,0.599295,-0.799095]]],"btipPosition":[39.3147,229.243,-10.9372],"carpPosition":[62.0375,239.696,53.5988],"dipPosition":[38.4174,240.474,-25.9123],"direction":[-0.177204,-0.927906,0.328009],"extended":false,"handId":703,"id":7032,"length":66.821,"mcpPosition":[60.5823,288.541,4.07298],"pipPosition":[43.4425,266.787,-35.2139],"stabilizedTipPosition":[-32.2406,251.04,156.578],"timeVisible":10.4754,"tipPosition":[39.0762,231.374,-13.9794],"tipVelocity":[113.634,86.0617,-202.578],"tool":false,"touchDistance":0.333333,"touchZone":"none","type":2,"width":18.9446},{"bases":[[[0.890666,-0.400774,-0.214697],[0.436991,0.624236,0.647587],[-0.125514,-0.670604,0.73112]],[[0.892977,-0.38741,-0.229139],[0.21946,0.819224,-0.52982],[0.392974,0.42283,0.81657]],[[0.892977,-0.38741,-0.229139],[-0.336214,-0.235658,-0.911825],[0.299252,0.891279,-0.34069]],[[0.892977,-0.38741,-0.229139],[-0.447696,-0.711936,-0.541032],[0.0464685,0.585714,-0.809185]]],"btipPosition":[54.8694,225.329,-7.3145],"carpPosition":[73.671,237.813,50.2505],"dipPosition":[55.7352,236.242,-22.3915],"direction":[-0.299252,-0.891279,0.34069],"extended":false,"handId":703,"id":7033,"length":64.2502,"mcpPosition":[81.5115,279.704,4.57991],"pipPosition":[64.0022,260.864,-31.8031],"stabilizedTipPosition":[-1.31008,241.006,119.614],"timeVisible":10.4754,"tipPosition":[54.9488,227.473,-10.3217],"tipVelocity":[117.443,101.373,-202.893],"tool":false,"touchDistance":0.333333,"touchZone":"none","type":3,"width":18.027},{"bases":[[[0.785624,-0.573292,-0.232664],[0.557385,0.492587,0.668341],[-0.268547,-0.654748,0.706532]],[[0.724967,-0.681095,-0.102623],[0.543746,0.65738,-0.52172],[0.422803,0.322429,0.846922]],[[0.724967,-0.681095,-0.102623],[-0.295003,-0.1724,-0.939815],[0.622411,0.711609,-0.325909]],[[0.724967,-0.681095,-0.102623],[-0.604677,-0.557993,-0.568339],[0.32983,0.474081,-0.81637]]],"btipPosition":[66.2111,234.036,-6.31345],"carpPosition":[83.4005,229.573,44.0157],"dipPosition":[71.8806,242.185,-20.3461],"direction":[-0.622411,-0.711609,0.325909],"extended":false,"handId":703,"id":7034,"length":50.3709,"mcpPosition":[98.9292,267.434,3.16073],"pipPosition":[84.0205,256.064,-26.7029],"stabilizedTipPosition":[6.68719,247.102,121.988],"timeVisible":10.4754,"tipPosition":[67.4617,235.453,-8.97648],"tipVelocity":[111.719,114.627,-198.123],"tool":false,"touchDistance":0.333333,"touchZone":"none","type":4,"width":16.013}],"r":[[0.964603,0.00786785,0.263589],[-0.0869812,0.953109,0.289859],[-0.248948,-0.302526,0.920056]],"s":0.881681,"t":[4.23587,22.7531,-74.0384],"timestamp":523971907021},false],[3,{"currentFrameRate":107.249,"devices":[],"gestures":[],"hands":[{"armBasis":[[0.920757,-0.0212024,-0.389559],[0.223537,0.847034,0.482249],[0.319745,-0.531115,0.784652]],"armWidth":63.5437,"confidence":0.663676,"direction":[0.0400915,0.792522,-0.608524],"elbow":[154.109,81.7381,260.942],"grabStrength":0,"id":703,"palmNormal":[-0.225589,-0.58611,-0.778193],"palmPosition":[61.8045,266.176,14.7302],"palmVelocity":[62.6218,84.1296,-149.541],"palmWidth":90.7382,"pinchStrength":0.772623,"r":[[0.963187,0.0144181,0.268446],[-0.0949487,0.952451,0.289521],[-0.251507,-0.304352,0.918757]],"s":0.882342,"sphereCenter":[40.2791,259.041,-26.3501],"sphereRadius":45.0769,"stabilizedPalmPosition":[-3.17107,282.257,196.309],"t":[4.65159,23.4181,-75.0307],"timeVisible":10.4847,"type":"right","wrist":[68.0168,224.742,49.6717]}],"id":4303416,"interactionBox":{"center":[0,200,0],"size":[235.247,235.247,147.751]},"pointables":[{"bases":[[[0.601288,0.611086,0.514807],[-0.698144,0.0884114,0.710477],[0.388648,-0.786611,0.479787]],[[0.363528,0.898684,0.245386],[-0.772337,0.143455,0.618802],[0.520906,-0.414473,0.746237]],[[0.363528,0.898684,0.245386],[-0.92541,0.318093,0.205993],[0.107067,-0.301967,0.947287]],[[0.363528,0.898684,0.245386],[-0.651373,0.43352,-0.622714],[-0.666003,0.0665362,0.742976]]],"btipPosition":[23.7504,249.862,-38.9147],"carpPosition":[37.7775,220.515,47.7817],"dipPosition":[8.20666,251.414,-21.5745],"direction":[-0.107067,0.301967,-0.947287],"extended":false,"handId":703,"id":7030,"length":51.9721,"mcpPosition":[37.7775,220.515,47.7817],"pipPosition":[11.8471,241.147,10.6344],"stabilizedTipPosition":[-49.1676,278.998,146.62],"timeVisible":10.4847,"tipPosition":[20.0097,249.877,-34.1759],"tipVelocity":[71.8316,94.0502,-202.027],"tool":false,"touchDistance":-0.691156,"touchZone":"hovering","type":0,"width":20.194},{"bases":[[[0.96631,-0.0330175,-0.255254],[0.204712,0.699716,0.684464],[0.156006,-0.713658,0.682902]],[[0.9483,0.0314861,-0.315808],[0.150396,0.831666,0.534521],[0.279477,-0.554382,0.783934]],[[0.9483,0.0314861,-0.315808],[0.0410438,0.974544,0.220407],[0.314709,-0.221974,0.922868]],[[0.9483,0.0314861,-0.315808],[-0.0449259,0.998364,-0.035365],[0.314178,0.0477246,0.948164]]],"btipPosition":[14.0752,319.693,-66.8743],"carpPosition":[50.4331,239.046,55.2134],"dipPosition":[19.4282,320.506,-50.7192],"direction":[-0.314709,0.221974,-0.922868],"extended":true,"handId":703,"id":7031,"length":58.6448,"mcpPosition":[38.9876,291.404,5.11162],"pipPosition":[27.0138,315.155,-28.4749],"stabilizedTipPosition":[-73.5632,311.109,164.094],"timeVisible":10.4847,"tipPosition":[15.1324,318.357,-63.1659],"tipVelocity":[63.8897,60.1695,-170.247],"tool":false,"touchDistance":-0.706557,"touchZone":"hovering","type":1,"width":19.2893},{"bases":[[[0.929351,-0.247929,-0.273564],[0.368506,0.668223,0.646283],[0.0225691,-0.701434,0.712377]],[[0.929625,-0.265275,-0.255786],[0.10089,0.85081,-0.515697],[0.354426,0.453599,0.817698]],[[0.929625,-0.265275,-0.255786],[-0.324497,-0.260338,-0.909355],[0.174638,0.928361,-0.328097]],[[0.929625,-0.265275,-0.255786],[-0.36521,-0.755846,-0.543431],[-0.0491764,0.598603,-0.799535]]],"btipPosition":[39.7897,229.707,-11.7069],"carpPosition":[62.4269,240.252,52.8736],"dipPosition":[38.8681,240.924,-26.6902],"direction":[-0.174638,-0.928361,0.328097],"extended":false,"handId":703,"id":7032,"length":66.821,"mcpPosition":[60.8567,289.054,3.30998],"pipPosition":[43.8204,267.251,-35.9943],"stabilizedTipPosition":[-30.6807,250.633,152.849],"timeVisible":10.4847,"tipPosition":[39.5475,231.836,-14.749],"tipVelocity":[95.883,75.805,-168.951],"tool":false,"touchDistance":0.333333,"touchZone":"none","type":2,"width":18.9446},{"bases":[[[0.892102,-0.398112,-0.213686],[0.434494,0.626101,0.647466],[-0.123975,-0.670451,0.731523]],[[0.894541,-0.383732,-0.229229],[0.219643,0.82401,-0.522268],[0.389298,0.416842,0.821395]],[[0.894541,-0.383732,-0.229229],[-0.333137,-0.23043,-0.914288],[0.29802,0.894233,-0.333964]],[[0.894541,-0.383732,-0.229229],[-0.444672,-0.711871,-0.543605],[0.0454172,0.588209,-0.807433]]],"btipPosition":[55.3886,226.048,-8.48763],"carpPosition":[74.069,238.403,49.536],"dipPosition":[56.2349,237.007,-23.532],"direction":[-0.29802,-0.894233,0.333964],"extended":false,"handId":703,"id":7033,"length":64.2502,"mcpPosition":[81.8133,280.284,3.84023],"pipPosition":[64.4678,261.711,-32.7578],"stabilizedTipPosition":[0.547642,240.6,115.318],"timeVisible":10.4847,"tipPosition":[55.4646,228.158,-11.3702],"tipVelocity":[99.9951,94.9678,-181.143],"tool":false,"touchDistance":0.333333,"touchZone":"none","type":3,"width":18.027},{"bases":[[[0.787621,-0.570975,-0.231607],[0.555288,0.494849,0.668416],[-0.267038,-0.655067,0.706809]],[[0.726295,-0.680087,-0.0998814],[0.546201,0.659215,-0.516817],[0.417324,0.320807,0.850249]],[[0.726295,-0.680087,-0.0998814],[-0.28973,-0.171114,-0.941688],[0.623339,0.712882,-0.321322]],[[0.726295,-0.680087,-0.0998814],[-0.601826,-0.55894,-0.570431],[0.332115,0.474412,-0.81525]]],"btipPosition":[66.6887,234.696,-7.2561],"carpPosition":[83.8295,230.189,43.3152],"dipPosition":[72.3975,242.851,-21.2695],"direction":[-0.623339,-0.712882,0.321322],"extended":false,"handId":703,"id":7034,"length":50.3709,"mcpPosition":[99.2709,268.068,2.44415],"pipPosition":[84.5555,256.756,-27.5368],"stabilizedTipPosition":[9.06457,246.694,116.852],"timeVisible":10.4847,"tipPosition":[67.9441,236.101,-9.8751],"tipVelocity":[95.0287,102.445,-170.811],"tool":false,"touchDistance":0.333333,"touchZone":"none","type":4,"width":16.013}],"r":[[0.963187,0.0144181,0.268446],[-0.0949487,0.952451,0.289521],[-0.251507,-0.304352,0.918757]],"s":0.882342,"t":[4.65159,23.4181,-75.0307],"timestamp":523971916296},false],[4,{"currentFrameRate":107.444,"devices":[],"gestures":[],"hands":[{"armBasis":[[0.921988,-0.0189446,-0.386755],[0.218595,0.849893,0.479478],[0.319617,-0.526615,0.787732]],"armWidth":63.5437,"confidence":0.658034,"direction":[0.0377671,0.791593,-0.60988],"elbow":[154.455,84.0093,261.02],"grabStrength":0,"id":703,"palmNormal":[-0.221312,-0.588534,-0.777592],"palmPosition":[62.0696,267.144,13.891],"palmVelocity":[53.604,90.6858,-134.293],"palmWidth":90.7382,"pinchStrength":0.772748,"r":[[0.961872,0.0206207,0.27272],[-0.1023,0.951898,0.288834],[-0.253646,-0.30572,0.917714]],"s":0.882719,"sphereCenter":[40.8113,259.74,-27.3263],"sphereRadius":45.0634,"stabilizedPalmPosition":[-2.43004,282.086,194.237],"t":[4.99205,24.2346,-75.9465],"timeVisible":10.4936,"type":"right","wrist":[68.3969,225.802,48.9205]}],"id":4303417,"interactionBox":{"center":[0,200,0],"size":[235.247,235.247,147.751]},"pointables":[{"bases":[[[0.597442,0.614736,0.51494],[-0.700014,0.0865304,0.708867],[0.391208,-0.783972,0.48202]],[[0.359459,0.900409,0.245058],[-0.775066,0.141834,0.615756],[0.519674,-0.411276,0.74886]],[[0.359459,0.900409,0.245058],[-0.9271,0.314707,0.203582],[0.106185,-0.300373,0.947893]],[[0.359459,0.900409,0.245058],[-0.662766,0.431209,-0.612209],[-0.656909,0.0576476,0.751763]]],"btipPosition":[24.033,250.775,-40.077],"carpPosition":[38.181,221.434,46.9756],"dipPosition":[8.70151,252.12,-22.5318],"direction":[-0.106185,0.300373,-0.947893],"extended":false,"handId":703,"id":7030,"length":51.9721,"mcpPosition":[38.181,221.434,46.9756],"pipPosition":[12.3119,241.907,9.69775],"stabilizedTipPosition":[-48.022,278.539,143.616],"timeVisible":10.4936,"tipPosition":[20.3884,250.707,-35.2635],"tipVelocity":[62.3191,94.774,-180.861],"tool":false,"touchDistance":-0.667101,"touchZone":"hovering","type":0,"width":20.194},{"bases":[[[0.966979,-0.029098,-0.25319],[0.200116,0.701874,0.683613],[0.157816,-0.711707,0.68452]],[[0.948921,0.0348684,-0.31358],[0.145321,0.833876,0.532478],[0.280053,-0.55085,0.786216]],[[0.948921,0.0348684,-0.31358],[0.036693,0.974935,0.219444],[0.313371,-0.219741,0.923857]],[[0.948921,0.0348684,-0.31358],[-0.048291,0.998215,-0.0351368],[0.311795,0.0484852,0.948912]]],"btipPosition":[14.2946,320.321,-67.941],"carpPosition":[50.7372,240.035,54.3998],"dipPosition":[19.607,321.147,-51.7731],"direction":[-0.313371,0.219741,-0.923857],"extended":true,"handId":703,"id":7031,"length":58.6448,"mcpPosition":[39.1588,292.25,4.17932],"pipPosition":[27.1604,315.851,-29.5049],"stabilizedTipPosition":[-72.8673,311.183,162.31],"timeVisible":10.4936,"tipPosition":[15.3446,319.026,-64.2143],"tipVelocity":[52.8416,63.0061,-156.196],"tool":false,"touchDistance":-0.68019,"touchZone":"hovering","type":1,"width":19.2893},{"bases":[[[0.931032,-0.244208,-0.271186],[0.36413,0.671054,0.645829],[0.0242641,-0.700035,0.713696]],[[0.931347,-0.261385,-0.253516],[0.100037,0.853098,-0.512071],[0.350121,0.451555,0.820678]],[[0.931347,-0.261385,-0.253516],[-0.320601,-0.258523,-0.911253],[0.172649,0.92997,-0.324575]],[[0.931347,-0.261385,-0.253516],[-0.360768,-0.756793,-0.545079],[-0.049383,0.599118,-0.799136]]],"btipPosition":[40.2422,230.692,-12.8403],"carpPosition":[62.7302,241.291,52.0826],"dipPosition":[39.3168,241.92,-27.8161],"direction":[-0.172649,-0.92997,0.324575],"extended":false,"handId":703,"id":7032,"length":66.821,"mcpPosition":[61.042,289.996,2.42728],"pipPosition":[44.2127,268.291,-37.0203],"stabilizedTipPosition":[-29.0435,250.231,148.932],"timeVisible":10.4936,"tipPosition":[40.0148,232.801,-15.7984],"tipVelocity":[83.468,85.2449,-157.327],"tool":false,"touchDistance":0.333333,"touchZone":"none","type":2,"width":18.9446},{"bases":[[[0.894338,-0.394449,-0.211113],[0.430306,0.629234,0.647226],[-0.122459,-0.669682,0.732482]],[[0.896755,-0.380024,-0.226744],[0.21689,0.824058,-0.523342],[0.385732,0.420131,0.821402]],[[0.896755,-0.380024,-0.226744],[-0.330287,-0.23376,-0.914476],[0.29452,0.894951,-0.335142]],[[0.896755,-0.380024,-0.226744],[-0.440311,-0.715012,-0.543032],[0.0442407,0.586804,-0.808519]]],"btipPosition":[55.8898,226.946,-9.25846],"carpPosition":[74.3874,239.49,48.7726],"dipPosition":[56.7141,237.88,-24.323],"direction":[-0.29452,-0.894951,0.335142],"extended":false,"handId":703,"id":7033,"length":64.2502,"mcpPosition":[82.037,281.322,3.0169],"pipPosition":[64.8503,262.603,-33.5814],"stabilizedTipPosition":[2.49561,240.209,110.826],"timeVisible":10.4936,"tipPosition":[55.9609,229.056,-12.1557],"tipVelocity":[87.8144,96.2592,-155.314],"tool":false,"touchDistance":0.333333,"touchZone":"none","type":3,"width":18.027},{"bases":[[[0.790679,-0.567816,-0.228936],[0.551649,0.49857,0.668664],[-0.265538,-0.654991,0.707443]],[[0.728573,-0.678304,-0.0953164],[0.549513,0.661883,-0.50985],[0.408921,0.319085,0.854967]],[[0.728573,-0.678304,-0.0953164],[-0.281367,-0.169495,-0.944513],[0.624511,0.714965,-0.314342]],[[0.728573,-0.678304,-0.0953164],[-0.596918,-0.560489,-0.574056],[0.335961,0.475138,-0.813249]]],"btipPosition":[67.1777,235.819,-8.35791],"carpPosition":[84.1979,231.308,42.5869],"dipPosition":[72.9526,243.987,-22.3369],"direction":[-0.624511,-0.714965,0.314342],"extended":false,"handId":703,"id":7034,"length":50.3709,"mcpPosition":[99.5526,269.183,1.6792],"pipPosition":[85.1335,257.932,-28.4681],"stabilizedTipPosition":[11.531,246.32,111.523],"timeVisible":10.4936,"tipPosition":[68.441,237.206,-10.9016],"tipVelocity":[84.453,108.822,-157.528],"tool":false,"touchDistance":0.333333,"touchZone":"none","type":4,"width":16.013}],"r":[[0.961872,0.0206207,0.27272],[-0.1023,0.951898,0.288834],[-0.253646,-0.30572,0.917714]],"s":0.882719,"t":[4.99205,24.2346,-75.9465],"timestamp":523971925247},false],[5,{"currentFrameRate":107.648,"devices":[],"gestures":[],"hands":[{"armBasis":[[0.924604,-0.0127337,-0.380717],[0.212365,0.84695,0.487419],[0.316241,-0.53152,0.785798]],"armWidth":63.5437,"confidence":0.586143,"direction":[0.0356638,0.788808,-0.613604],"elbow":[153.743,84.0164,259.534],"grabStrength":0,"id":703,"palmNormal":[-0.214742,-0.593604,-0.775577],"palmPosition":[62.1698,268.262,12.6986],"palmVelocity":[42.0568,100.145,-134.132],"palmWidth":90.7382,"pinchStrength":0.776189,"r":[[0.960524,0.0269602,0.276889],[-0.109511,0.951578,0.287239],[-0.255738,-0.306222,0.916966]],"s":0.882922,"sphereCenter":[41.2214,260.483,-28.6293],"sphereRadius":45.0543,"stabilizedPalmPosition":[-1.59401,281.907,191.888],"t":[5.21234,25.202,-77.0006],"timeVisible":10.5025,"type":"right","wrist":[68.5937,227.13,47.956]}],"id":4303418,"interactionBox":{"center":[0,200,0],"size":[235.247,235.247,147.751]},"pointables":[{"bases":[[[0.591778,0.620704,0.51432],[-0.703377,0.0859299,0.705604],[0.393776,-0.779322,0.48744]],[[0.353548,0.903462,0.242407],[-0.778847,0.14079,0.611209],[0.518075,-0.404889,0.753434]],[[0.353548,0.903462,0.242407],[-0.929673,0.310702,0.197919],[0.103496,-0.295333,0.949772]],[[0.353548,0.903462,0.242407],[-0.667344,0.425203,-0.611437],[-0.655482,0.0544037,0.753249]]],"btipPosition":[24.4015,251.504,-41.4683],"carpPosition":[38.4118,222.577,45.9106],"dipPosition":[9.10333,252.774,-23.8883],"direction":[-0.103496,0.295333,-0.949772],"extended":false,"handId":703,"id":7030,"length":51.9721,"mcpPosition":[38.4118,222.577,45.9106],"pipPosition":[12.6223,242.732,8.40511],"stabilizedTipPosition":[-46.8539,278.086,140.547],"timeVisible":10.5025,"tipPosition":[20.7761,251.413,-36.6469],"tipVelocity":[56.8303,90.6974,-173.839],"tool":false,"touchDistance":-0.649473,"touchZone":"hovering","type":0,"width":20.194},{"bases":[[[0.968152,-0.0247213,-0.249142],[0.193272,0.706358,0.680958],[0.159149,-0.707423,0.68864]],[[0.950132,0.0383748,-0.309477],[0.138208,0.837795,0.528202],[0.279548,-0.544634,0.790713]],[[0.950132,0.0383748,-0.309477],[0.0311053,0.975788,0.216494],[0.310292,-0.215324,0.925934]],[[0.950132,0.0383748,-0.309477],[-0.0521767,0.997973,-0.0364415],[0.307451,0.0507717,0.950208]]],"btipPosition":[14.4593,320.847,-69.6139],"carpPosition":[50.8298,241.287,53.294],"dipPosition":[19.6978,321.712,-53.4239],"direction":[-0.310292,0.215324,-0.925934],"extended":true,"handId":703,"id":7031,"length":58.6448,"mcpPosition":[39.1537,293.188,2.77127],"pipPosition":[27.1769,316.522,-31.1056],"stabilizedTipPosition":[-72.2377,311.253,160.687],"timeVisible":10.5025,"tipPosition":[15.4938,319.594,-65.8643],"tipVelocity":[42.9574,62.1658,-164.588],"tool":false,"touchDistance":-0.665522,"touchZone":"hovering","type":1,"width":19.2893},{"bases":[[[0.933523,-0.240122,-0.266225],[0.357615,0.676307,0.643988],[0.0254144,-0.696384,0.717219]],[[0.933866,-0.257094,-0.248591],[0.0988227,0.853567,-0.511524],[0.343699,0.453128,0.822524]],[[0.933866,-0.257094,-0.248591],[-0.314694,-0.260543,-0.912735],[0.16989,0.930602,-0.324218]],[[0.933866,-0.257094,-0.248591],[-0.354267,-0.760071,-0.544781],[-0.0488867,0.59682,-0.800884]]],"btipPosition":[40.6344,231.697,-14.215],"carpPosition":[62.8247,242.601,51.0191],"dipPosition":[39.7182,242.882,-29.2236],"direction":[-0.16989,-0.930602,0.324218],"extended":false,"handId":703,"id":7032,"length":66.821,"mcpPosition":[61.0565,291.052,1.11861],"pipPosition":[44.5359,269.272,-38.4177],"stabilizedTipPosition":[-27.3602,249.844,144.896],"timeVisible":10.5025,"tipPosition":[40.4211,233.785,-17.1192],"tipVelocity":[72.7698,92.4272,-156.688],"tool":false,"touchDistance":0.333333,"touchZone":"none","type":2,"width":18.9446},{"bases":[[[0.897456,-0.390278,-0.205563],[0.424025,0.634879,0.645857],[-0.121557,-0.666792,0.735264]],[[0.899873,-0.375778,-0.221403],[0.214029,0.822766,-0.526543],[0.380027,0.426435,0.820812]],[[0.899873,-0.375778,-0.221403],[-0.325426,-0.240502,-0.91447],[0.29039,0.894958,-0.33871]],[[0.899873,-0.375778,-0.221403],[-0.433957,-0.720543,-0.540832],[0.0437023,0.58276,-0.811468]]],"btipPosition":[56.3299,227.921,-10.26],"carpPosition":[74.5055,240.851,47.765],"dipPosition":[57.1442,238.779,-25.3796],"direction":[-0.29039,-0.894958,0.33871],"extended":false,"handId":703,"id":7033,"length":64.2502,"mcpPosition":[82.0988,282.503,1.83553],"pipPosition":[65.1663,263.503,-34.7365],"stabilizedTipPosition":[4.60565,239.827,105.961],"timeVisible":10.5025,"tipPosition":[56.3968,230.023,-13.1866],"tipVelocity":[77.262,99.289,-143.979],"tool":false,"touchDistance":0.333333,"touchZone":"none","type":3,"width":18.027},{"bases":[[[0.794875,-0.564329,-0.222952],[0.546034,0.505027,0.668427],[-0.264615,-0.653055,0.709576]],[[0.732477,-0.675036,-0.0883354],[0.549066,0.66247,-0.509568],[0.402496,0.324745,0.855884]],[[0.732477,-0.675036,-0.0883354],[-0.275432,-0.175177,-0.945225],[0.622587,0.716686,-0.31424]],[[0.732477,-0.675036,-0.0883354],[-0.591253,-0.56644,-0.574078],[0.337487,0.472728,-0.814022]]],"btipPosition":[67.5526,236.904,-9.43001],"carpPosition":[84.3883,232.697,41.6592],"dipPosition":[73.3537,245.03,-23.4223],"direction":[-0.622587,-0.716686,0.31424],"extended":false,"handId":703,"id":7034,"length":50.3709,"mcpPosition":[99.6896,270.459,0.628166],"pipPosition":[85.497,259.009,-29.5515],"stabilizedTipPosition":[14.1435,245.977,105.867],"timeVisible":10.5025,"tipPosition":[68.8226,238.289,-11.9828],"tipVelocity":[73.0776,112.013,-147.451],"tool":false,"touchDistance":0.333333,"touchZone":"none","type":4,"width":16.013}],"r":[[0.960524,0.0269602,0.276889],[-0.109511,0.951578,0.287239],[-0.255738,-0.306222,0.916966]],"s":0.882922,"t":[5.21234,25.202,-77.0006],"timestamp":523971934166},false],[6,{"currentFrameRate":107.68,"devices":[],"gestures":[],"hands":[{"armBasis":[[0.915574,-0.00974103,-0.402033],[0.213241,0.859352,0.464804],[0.34096,-0.511292,0.788877]],"armWidth":63.5437,"confidence":0.592414,"direction":[0.0397815,0.785758,-0.617253],"elbow":[160.066,91.185,258.379],"grabStrength":0,"id":703,"palmNormal":[-0.215117,-0.596521,-0.773232],"palmPosition":[62.0599,269.839,10.5057],"palmVelocity":[26.9213,119.973,-163.156],"palmWidth":90.7382,"pinchStrength":0.779731,"r":[[0.9593,0.0316207,0.280613],[-0.114733,0.95164,0.284988],[-0.258031,-0.305585,0.916536]],"s":0.883174,"sphereCenter":[41.239,261.916,-30.8719],"sphereRadius":45.0565,"stabilizedPalmPosition":[-0.673474,281.732,189.265],"t":[5.26755,26.474,-78.6241],"timeVisible":10.5118,"type":"right","wrist":[68.2619,228.852,45.9717]}],"id":4303419,"interactionBox":{"center":[0,200,0],"size":[235.247,235.247,147.751]},"pointables":[{"bases":[[[0.592819,0.621063,0.512685],[-0.704622,0.0917363,0.703628],[0.389965,-0.778373,0.491998]],[[0.356343,0.903249,0.239084],[-0.780262,0.1469,0.607957],[0.514015,-0.40319,0.757118]],[[0.356343,0.903249,0.239084],[-0.929036,0.315255,0.193664],[0.0995543,-0.291129,0.95149]],[[0.356343,0.903249,0.239084],[-0.667336,0.425131,-0.611495],[-0.653974,0.0583522,0.754263]]],"btipPosition":[24.3594,253.003,-43.7634],"carpPosition":[38.0688,224.395,43.881],"dipPosition":[9.09642,254.364,-26.1597],"direction":[-0.0995543,0.291129,-0.95149],"extended":false,"handId":703,"id":7030,"length":51.9721,"mcpPosition":[38.0688,224.395,43.881],"pipPosition":[12.4814,244.466,6.19209],"stabilizedTipPosition":[-45.6373,277.641,137.308],"timeVisible":10.5118,"tipPosition":[20.7344,252.94,-38.9366],"tipVelocity":[39.8572,111.442,-194.666],"tool":false,"touchDistance":-0.647204,"touchZone":"hovering","type":0,"width":20.194},{"bases":[[[0.968605,-0.0292895,-0.246874],[0.194251,0.7089,0.678032],[0.15515,-0.704701,0.692333]],[[0.951144,0.0329842,-0.306981],[0.139995,0.840118,0.524026],[0.275185,-0.5414,0.794455]],[[0.951144,0.0329842,-0.306981],[0.0358575,0.975748,0.215942],[0.306658,-0.216399,0.926894]],[[0.951144,0.0329842,-0.306981],[-0.0454754,0.998399,-0.033625],[0.30538,0.0459423,0.951122]]],"btipPosition":[14.7688,322.426,-72.1747],"carpPosition":[50.5361,243.096,51.2031],"dipPosition":[19.9719,323.209,-55.9692],"direction":[-0.306658,0.216399,-0.926894],"extended":true,"handId":703,"id":7031,"length":58.6448,"mcpPosition":[39.1533,294.797,0.409416],"pipPosition":[27.3635,317.993,-33.6278],"stabilizedTipPosition":[-71.6062,311.334,159.047],"timeVisible":10.5118,"tipPosition":[15.7833,321.175,-68.4091],"tipVelocity":[40.0656,92.1515,-196.144],"tool":false,"touchDistance":-0.665662,"touchZone":"hovering","type":1,"width":19.2893},{"bases":[[[0.933259,-0.244646,-0.263014],[0.358567,0.678099,0.641569],[0.0213924,-0.693058,0.720564]],[[0.933503,-0.261445,-0.245395],[0.10423,0.852672,-0.511944],[0.343087,0.452323,0.823222]],[[0.933503,-0.261445,-0.245395],[-0.313028,-0.260406,-0.913347],[0.174888,0.929427,-0.324929]],[[0.933503,-0.261445,-0.245395],[-0.355802,-0.760262,-0.543513],[-0.0444658,0.594683,-0.80273]]],"btipPosition":[40.4348,233.335,-16.497],"carpPosition":[62.5405,244.358,48.9486],"dipPosition":[39.6015,244.479,-31.5401],"direction":[-0.174888,-0.929427,0.324929],"extended":false,"handId":703,"id":7032,"length":66.821,"mcpPosition":[61.0521,292.577,-1.18454],"pipPosition":[44.5609,270.835,-40.7544],"stabilizedTipPosition":[-25.6742,249.496,140.784],"timeVisible":10.5118,"tipPosition":[40.2455,235.41,-19.3687],"tipVelocity":[46.8732,115.982,-182.334],"tool":false,"touchDistance":0.333333,"touchZone":"none","type":2,"width":18.9446},{"bases":[[[0.896531,-0.394386,-0.201722],[0.424827,0.636449,0.643782],[-0.125513,-0.662867,0.738142]],[[0.899056,-0.379833,-0.217774],[0.21803,0.81973,-0.529628],[0.379687,0.428684,0.819798]],[[0.899056,-0.379833,-0.217774],[-0.324311,-0.24357,-0.914055],[0.294145,0.892412,-0.342168]],[[0.899056,-0.379833,-0.217774],[-0.435273,-0.721666,-0.538271],[0.0472931,0.578727,-0.814149]]],"btipPosition":[56.1383,229.422,-12.2854],"carpPosition":[74.2222,242.551,45.7288],"dipPosition":[57.0195,240.205,-27.4548],"direction":[-0.294145,-0.892412,0.342168],"extended":false,"handId":703,"id":7033,"length":64.2502,"mcpPosition":[82.0626,283.958,-0.380482],"pipPosition":[65.1453,264.858,-36.9073],"stabilizedTipPosition":[6.70953,239.504,101.01],"timeVisible":10.5118,"tipPosition":[56.217,231.512,-15.2279],"tipVelocity":[50.2338,116.516,-165.497],"tool":false,"touchDistance":0.333333,"touchZone":"none","type":3,"width":18.027},{"bases":[[[0.793378,-0.568157,-0.218514],[0.54633,0.506279,0.667236],[-0.268466,-0.648752,0.712072]],[[0.730126,-0.678227,-0.0832052],[0.552952,0.657977,-0.511186],[0.401447,0.327222,0.855433]],[[0.730126,-0.678227,-0.0832052],[-0.27373,-0.178737,-0.945053],[0.626089,0.712784,-0.316152]],[[0.730126,-0.678227,-0.0832052],[-0.592048,-0.567106,-0.5726],[0.341167,0.467332,-0.815602]]],"btipPosition":[67.3821,238.374,-11.4696],"carpPosition":[84.0897,234.334,39.6836],"dipPosition":[73.2465,246.407,-25.4891],"direction":[-0.626089,-0.712784,0.316152],"extended":false,"handId":703,"id":7034,"length":50.3709,"mcpPosition":[99.6137,271.848,-1.49179],"pipPosition":[85.4581,260.309,-31.6555],"stabilizedTipPosition":[16.6983,245.707,100.224],"timeVisible":10.5118,"tipPosition":[68.6642,239.744,-14.0365],"tipVelocity":[47.841,124.612,-168.27],"tool":false,"touchDistance":0.333333,"touchZone":"none","type":4,"width":16.013}],"r":[[0.9593,0.0316207,0.280613],[-0.114733,0.95164,0.284988],[-0.258031,-0.305585,0.916536]],"s":0.883174,"t":[5.26755,26.474,-78.6241],"timestamp":523971943395},false],[7,{"currentFrameRate":107.923,"devices":[],"gestures