{"sensorType":"Leap","data":[[0,{"currentFrameRate":109.748,"devices":[],"gestures":[],"hands":[{"armBasis":[[0.94211,0.0262227,-0.334278],[0.143013,0.870285,0.471329],[0.303277,-0.491849,0.816154]],"armWidth":63.5437,"confidence":0.506467,"direction":[0.140438,0.804734,-0.576784],"elbow":[131.152,74.9141,267.116],"grabStrength":0.917095,"id":703,"palmNormal":[-0.0895281,-0.569849,-0.816858],"palmPosition":[49.1753,249.491,12.7248],"palmVelocity":[119.471,178.699,-270.766],"palmWidth":90.7382,"pinchStrength":0.567198,"r":[[0.916562,-0.00230828,0.399887],[-0.124355,0.948758,0.290506],[-0.380066,-0.315995,0.869308]],"s":0.861889,"sphereCenter":[26.9785,250.531,-25.1866],"sphereRadius":45.8725,"stabilizedPalmPosition":[-3.99746,262.486,171.933],"t":[-8.46556,5.67219,-75.957],"timeVisible":34.8432,"type":"right","wrist":[49.4938,207.346,47.3646]}],"id":4306047,"interactionBox":{"center":[0,200,0],"size":[235.247,235.247,147.751]},"pointables":[{"bases":[[[0.504258,0.599777,0.621282],[-0.808324,0.0746681,0.583984],[0.30387,-0.796676,0.522466]],[[0.424821,0.760717,0.490752],[-0.803659,0.0673658,0.591265],[0.416726,-0.645579,0.639975]],[[0.424821,0.760717,0.490752],[-0.889049,0.452769,0.0677686],[-0.170645,-0.465092,0.86866]],[[0.424821,0.760717,0.490752],[-0.403532,0.644391,-0.649555],[-0.810364,0.0779102,0.580724]]],"btipPosition":[23.9889,249.324,-34.6382],"carpPosition":[20.0182,203.192,40.3083],"dipPosition":[5.07593,251.142,-21.0848],"direction":[0.170645,0.465092,-0.86866],"extended":false,"handId":703,"id":7030,"length":51.9721,"mcpPosition":[20.0182,203.192,40.3083],"pipPosition":[-0.726195,235.328,8.45072],"stabilizedTipPosition":[-31.5371,268.516,113.567],"timeVisible":34.8432,"tipPosition":[19.2787,250.391,-30.6543],"tipVelocity":[136.532,164.358,-330.817],"tool":false,"touchDistance":-0.75509,"touchZone":"hovering","type":0,"width":20.194},{"bases":[[[0.995615,-0.0288785,-0.0889741],[0.0845158,0.685368,0.723276],[0.0400929,-0.727624,0.684804]],[[0.988817,0.0318207,-0.145698],[0.103059,0.560346,0.821822],[0.107792,-0.827647,0.550801]],[[0.988817,0.0318207,-0.145698],[-0.0277695,0.999171,0.029756],[0.146524,-0.0253773,0.988882]],[[0.988817,0.0318207,-0.145698],[-0.124468,0.714243,-0.688742],[0.0821472,0.699174,0.710216]]],"btipPosition":[18.7022,299.094,-59.6301],"carpPosition":[31.1932,221.553,50.1458],"dipPosition":[20.1018,311.006,-47.5292],"direction":[-0.146524,0.0253773,-0.988882],"extended":false,"handId":703,"id":7031,"length":58.6448,"mcpPosition":[28.2517,274.935,-0.0954503],"pipPosition":[23.6336,310.395,-23.6937],"stabilizedTipPosition":[-39.5473,286.014,66.5309],"timeVisible":34.8432,"tipPosition":[18.9859,300.615,-56.3275],"tipVelocity":[120.273,175.29,-308.406],"tool":false,"touchDistance":-0.767498,"touchZone":"hovering","type":1,"width":19.2893},{"bases":[[[0.962785,-0.24333,-0.117625],[0.252479,0.654478,0.71268],[-0.0964336,-0.715856,0.691557]],[[0.963565,-0.237279,-0.123458],[0.133008,0.825511,-0.548489],[0.232061,0.512084,0.826993]],[[0.963565,-0.237279,-0.123458],[-0.204855,-0.357884,-0.911018],[0.171982,0.903116,-0.393452]],[[0.963565,-0.237279,-0.123458],[-0.266481,-0.81183,-0.519539],[0.0230489,0.533508,-0.845481]]],"btipPosition":[33.6529,212.376,-10.9738],"carpPosition":[43.407,222.793,49.8906],"dipPosition":[34.0848,222.374,-26.8181],"direction":[-0.171982,-0.903116,0.393452],"extended":false,"handId":703,"id":7032,"length":66.821,"mcpPosition":[50.1163,272.598,1.77556],"pipPosition":[38.9619,247.984,-37.9755],"stabilizedTipPosition":[-17.8834,224.258,119.641],"timeVisible":34.8432,"tipPosition":[33.7749,215.302,-15.7299],"tipVelocity":[168.748,154.111,-253.108],"tool":false,"touchDistance":0.333333,"touchZone":"none","type":2,"width":18.9446},{"bases":[[[0.916309,-0.394662,-0.0679626],[0.317418,0.612267,0.724137],[-0.244179,-0.685106,0.686299]],[[0.923996,-0.371422,-0.0909819],[0.247432,0.762103,-0.598311],[0.291564,0.530325,0.796082]],[[0.923996,-0.371422,-0.0909819],[-0.24394,-0.389279,-0.888232],[0.294492,0.842916,-0.450297]],[[0.923996,-0.371422,-0.0909819],[-0.366232,-0.791054,-0.490009],[0.110028,0.486086,-0.866957]]],"btipPosition":[47.5265,207.824,-1.21724],"carpPosition":[55.4498,221,48.5307],"dipPosition":[49.5765,216.881,-17.3706],"direction":[-0.294492,-0.842916,0.450297],"extended":false,"handId":703,"id":7033,"length":64.2502,"mcpPosition":[70.7029,263.796,5.65995],"pipPosition":[57.712,240.167,-29.8102],"stabilizedTipPosition":[6.32629,217.483,102.296],"timeVisible":34.8432,"tipPosition":[48.0815,210.389,-6.08424],"tipVelocity":[165.661,177.974,-272.479],"tool":false,"touchDistance":0.333333,"touchZone":"none","type":3,"width":18.027},{"bases":[[[0.816763,-0.567006,-0.106782],[0.433245,0.48048,0.76252],[-0.381047,-0.669061,0.638091]],[[0.742107,-0.670281,0.000711483],[0.569546,0.630017,-0.527917],[0.353405,0.392176,0.849296]],[[0.742107,-0.670281,0.000711483],[-0.248884,-0.276539,-0.928215],[0.622362,0.688657,-0.372044]],[[0.742107,-0.670281,0.000711483],[-0.556876,-0.617139,-0.555904],[0.373051,0.412144,-0.831246]]],"btipPosition":[57.1611,217.246,-1.41729],"carpPosition":[66.1401,212.903,43.8825],"dipPosition":[63.5736,224.331,-15.7057],"direction":[-0.622362,-0.688657,0.372044],"extended":false,"handId":703,"id":7034,"length":50.3709,"mcpPosition":[88.174,251.592,6.98505],"pipPosition":[75.7125,237.763,-22.9623],"stabilizedTipPosition":[16.189,227.57,108.154],"timeVisible":34.8432,"tipPosition":[58.8955,219.303,-5.59211],"tipVelocity":[158.312,188.49,-269.176],"tool":false,"touchDistance":0.333333,"touchZone":"none","type":4,"width":16.013}],"r":[[0.916562,-0.00230828,0.399887],[-0.124355,0.948758,0.290506],[-0.380066,-0.315995,0.869308]],"s":0.861889,"t":[-8.46556,5.67219,-75.957],"timestamp":523996274820},false],[1,{"currentFrameRate":109.738,"devices":[],"gestures":[],"hands":[{"armBasis":[[0.944481,0.0239092,-0.327694],[0.139059,0.874531,0.464605],[0.297687,-0.48438,0.822654]],"armWidth":63.5437,"confidence":0.504353,"direction":[0.140728,0.810465,-0.568631],"elbow":[130.16,77.5892,267.086],"grabStrength":0.906226,"id":703,"palmNormal":[-0.0832502,-0.562626,-0.822509],"palmPosition":[49.7275,250.47,11.3311],"palmVelocity":[103.078,158.828,-237.938],"palmWidth":90.7382,"pinchStrength":0.550115,"r":[[0.914268,0.00173172,0.405105],[-0.131556,0.947063,0.292855],[-0.383153,-0.321042,0.866098]],"s":0.865695,"sphereCenter":[28.0539,251.578,-26.8077],"sphereRadius":45.776,"stabilizedPalmPosition":[-2.98697,262.26,168.912],"t":[-7.73758,7.02467,-77.6896],"timeVisible":34.8523,"type":"right","wrist":[50.0072,208.01,45.5845]}],"id":4306048,"interactionBox":{"center":[0,200,0],"size":[235.247,235.247,147.751]},"pointables":[{"bases":[[[0.498904,0.595749,0.629427],[-0.811654,0.0665712,0.580333],[0.303831,-0.800407,0.516755]],[[0.417725,0.760604,0.496979],[-0.808659,0.0618681,0.585015],[0.414217,-0.646262,0.640913]],[[0.417725,0.760604,0.496979],[-0.892032,0.447226,0.065319],[-0.17258,-0.470607,0.865301]],[[0.417725,0.760604,0.496979],[-0.435853,0.647694,-0.62492],[-0.797207,0.0444349,0.602069]]],"btipPosition":[24.4381,250.956,-37.0435],"carpPosition":[20.5838,203.821,38.3337],"dipPosition":[5.83228,251.993,-22.9919],"direction":[0.17258,0.470607,-0.865301],"extended":false,"handId":703,"id":7030,"length":51.9721,"mcpPosition":[20.5838,203.821,38.3337],"pipPosition":[-0.0356688,235.992,6.42939],"stabilizedTipPosition":[-30.4527,268.153,110.476],"timeVisible":34.8523,"tipPosition":[19.9053,251.689,-32.7776],"tipVelocity":[114.412,162.889,-308.604],"tool":false,"touchDistance":-0.742274,"touchZone":"hovering","type":0,"width":20.194},{"bases":[[[0.996165,-0.024695,-0.0839345],[0.0783371,0.678981,0.729964],[0.0389635,-0.73374,0.678312]],[[0.989547,0.0359716,-0.139654],[0.0957613,0.56017,0.822824],[0.107828,-0.827597,0.550869]],[[0.989547,0.0359716,-0.139654],[-0.0311248,0.99884,0.0367365],[0.140813,-0.0320058,0.989519]],[[0.989547,0.0359716,-0.139654],[-0.122135,0.723971,-0.678933],[0.076683,0.688892,0.720796]]],"btipPosition":[19.4646,300.451,-61.0999],"carpPosition":[31.6436,222.128,48.3984],"dipPosition":[20.7712,312.189,-48.8187],"direction":[-0.140813,0.0320058,-0.989519],"extended":false,"handId":703,"id":7031,"length":58.6448,"mcpPosition":[28.785,275.96,-1.36667],"pipPosition":[24.1653,311.417,-24.9678],"stabilizedTipPosition":[-37.2596,286.675,61.7171],"timeVisible":34.8523,"tipPosition":[19.733,302.108,-57.6818],"tipVelocity":[109.405,166.664,-266.169],"tool":false,"touchDistance":-0.740506,"touchZone":"hovering","type":1,"width":19.2893},{"bases":[[[0.964222,-0.238984,-0.114723],[0.246459,0.648757,0.71998],[-0.0976364,-0.722496,0.684446]],[[0.965005,-0.232934,-0.120444],[0.132295,0.829022,-0.543341],[0.226413,0.508393,0.830827]],[[0.965005,-0.232934,-0.120444],[-0.199415,-0.35359,-0.913897],[0.17029,0.905934,-0.387667]],[[0.965005,-0.232934,-0.120444],[-0.261021,-0.809185,-0.526391],[0.025153,0.539409,-0.841668]]],"btipPosition":[34.4639,213.444,-12.57],"carpPosition":[43.8543,223.412,48.2195],"dipPosition":[34.9353,223.553,-28.3428],"direction":[-0.17029,-0.905934,0.387667],"extended":false,"handId":703,"id":7032,"length":66.821,"mcpPosition":[50.6473,273.68,0.599197],"pipPosition":[39.7643,249.243,-39.3362],"stabilizedTipPosition":[-15.7549,223.913,114.129],"timeVisible":34.8523,"tipPosition":[34.5961,216.395,-17.3051],"tipVelocity":[146.812,144.573,-230.849],"tool":false,"touchDistance":0.333333,"touchZone":"none","type":2,"width":18.9446},{"bases":[[[0.918004,-0.390922,-0.0666977],[0.311481,0.606663,0.731396],[-0.245456,-0.692199,0.678684]],[[0.925718,-0.367491,-0.0894185],[0.247945,0.7682,-0.590248],[0.285602,0.524232,0.802254]],[[0.925718,-0.367491,-0.0894185],[-0.237986,-0.382231,-0.892896],[0.293953,0.84785,-0.441296]],[[0.925718,-0.367491,-0.0894185],[-0.360963,-0.787864,-0.498975],[0.112919,0.494187,-0.861991]]],"btipPosition":[48.2933,208.924,-2.9811],"carpPosition":[55.9102,221.672,46.9074],"dipPosition":[50.3972,218.132,-19.042],"direction":[-0.293953,-0.84785,0.441296],"extended":false,"handId":703,"id":7033,"length":64.2502,"mcpPosition":[71.243,264.912,4.51229],"pipPosition":[58.5178,241.554,-31.2329],"stabilizedTipPosition":[7.96095,217.235,98.0995],"timeVisible":34.8523,"tipPosition":[48.8643,211.527,-7.80683],"tipVelocity":[143.339,163.05,-249.795],"tool":false,"touchDistance":0.333333,"touchZone":"none","type":3,"width":18.027},{"bases":[[[0.819256,-0.563238,-0.107624],[0.427555,0.474922,0.769186],[-0.382122,-0.676175,0.629897]],[[0.744429,-0.6677,-0.00153273],[0.570259,0.636981,-0.518711],[0.34732,0.385269,0.854948]],[[0.744429,-0.6677,-0.00153273],[-0.242759,-0.268516,-0.932184],[0.622008,0.694317,-0.361981]],[[0.744429,-0.6677,-0.00153273],[-0.551678,-0.613778,-0.564737],[0.376134,0.421252,-0.825269]]],"btipPosition":[57.9043,218.386,-3.08218],"carpPosition":[66.6526,213.655,42.2421],"dipPosition":[64.3697,225.627,-17.2678],"direction":[-0.622008,-0.694317,0.361981],"extended":false,"handId":703,"id":7034,"length":50.3709,"mcpPosition":[88.7487,252.755,5.81849],"pipPosition":[76.5018,239.17,-24.3281],"stabilizedTipPosition":[17.8377,227.283,103.785],"timeVisible":34.8523,"tipPosition":[59.6464,220.478,-7.20293],"tipVelocity":[137.305,171.895,-244.325],"tool":false,"touchDistance":0.333333,"touchZone":"none","type":4,"width":16.013}],"r":[[0.914268,0.00173172,0.405105],[-0.131556,0.947063,0.292855],[-0.383153,-0.321042,0.866098]],"s":0.865695,"t":[-7.73758,7.02467,-77.6896],"timestamp":523996283950},false],[2,{"currentFrameRate":109.86,"devices":[],"gestures":[],"hands":[{"armBasis":[[0.946393,0.010151,-0.322859],[0.145568,0.878857,0.454334],[0.288359,-0.476977,0.830266]],"armWidth":63.5437,"confidence":0.467244,"direction":[0.144579,0.810283,-0.567925],"elbow":[128.002,81.1141,266.595],"grabStrength":0.894714,"id":703,"palmNormal":[-0.0873642,-0.56126,-0.823015],"palmPosition":[50.2776,252.039,8.83572],"palmVelocity":[91.8927,163.665,-249.584],"palmWidth":90.7382,"pinchStrength":0.533757,"r":[[0.912497,0.0038357,0.409064],[-0.136192,0.945762,0.294934],[-0.385746,-0.324837,0.863528]],"s":0.869584,"sphereCenter":[28.8717,253.095,-29.4218],"sphereRadius":45.6907,"stabilizedPalmPosition":[-1.93422,262.058,165.748],"t":[-7.09857,8.4857,-79.8036],"timeVisible":34.8612,"type":"right","wrist":[50.3607,209.541,43.0431]}],"id":4306049,"interactionBox":{"center":[0,200,0],"size":[235.247,235.247,147.751]},"pointables":[{"bases":[[[0.502967,0.592272,0.629474],[-0.810582,0.070473,0.58137],[0.299968,-0.80265,0.51553]],[[0.42132,0.759688,0.495342],[-0.8087,0.0674942,0.584337],[0.410481,-0.646776,0.642796]],[[0.42132,0.759688,0.495342],[-0.890328,0.450445,0.066449],[-0.172644,-0.469013,0.866153]],[[0.42132,0.759688,0.495342],[-0.465352,0.649893,-0.600905],[-0.77842,0.0226649,0.627335]]],"btipPosition":[24.5098,253.139,-40.2668],"carpPosition":[20.9058,205.525,35.8227],"dipPosition":[6.34235,253.668,-25.6256],"direction":[0.172644,0.469013,-0.866153],"extended":false,"handId":703,"id":7030,"length":51.9721,"mcpPosition":[20.9058,205.525,35.8227],"pipPosition":[0.472242,237.721,3.82471],"stabilizedTipPosition":[-29.392,267.842,107.398],"timeVisible":34.8612,"tipPosition":[20.1989,253.59,-35.7584],"tipVelocity":[88.6061,181.809,-319.164],"tool":false,"touchDistance":-0.742696,"touchZone":"hovering","type":0,"width":20.194},{"bases":[[[0.995912,-0.0301657,-0.0851457],[0.0829914,0.677742,0.730602],[0.0356677,-0.734681,0.677474]],[[0.98962,0.030259,-0.140484],[0.0988969,0.565861,0.818548],[0.104263,-0.823945,0.556996]],[[0.98962,0.030259,-0.140484],[-0.0254216,0.999025,0.0361018],[0.141439,-0.0321558,0.989425]],[[0.98962,0.030259,-0.140484],[-0.117938,0.729577,-0.673653],[0.0821098,0.683229,0.725573]]],"btipPosition":[20.1875,302.095,-63.8844],"carpPosition":[32.0795,223.759,45.894],"dipPosition":[21.5866,313.736,-51.5219],"direction":[-0.141439,0.0321558,-0.989425],"extended":false,"handId":703,"id":7031,"length":58.6448,"mcpPosition":[29.4627,277.66,-3.80962],"pipPosition":[24.9957,312.961,-27.6733],"stabilizedTipPosition":[-35.0668,287.362,57.0575],"timeVisible":34.8612,"tipPosition":[20.4829,303.892,-60.3695],"tipVelocity":[102.435,170.954,-278.416],"tool":false,"touchDistance":-0.736276,"touchZone":"hovering","type":1,"width":19.2893},{"bases":[[[0.962736,-0.24424,-0.116127],[0.25093,0.64659,0.720385],[-0.10086,-0.722681,0.683783]],[[0.963556,-0.23811,-0.121915],[0.135894,0.828257,-0.54362],[0.230418,0.507241,0.83043]],[[0.963556,-0.23811,-0.121915],[-0.202736,-0.352676,-0.91352],[0.174522,0.904944,-0.388096]],[[0.963556,-0.23811,-0.121915],[-0.266158,-0.807647,-0.526181],[0.0268252,0.539454,-0.841588]]],"btipPosition":[34.787,215.102,-15.0116],"carpPosition":[44.2969,224.975,45.702],"dipPosition":[35.2897,225.212,-30.783],"direction":[-0.174522,-0.904944,0.388096],"extended":false,"handId":703,"id":7032,"length":66.821,"mcpPosition":[51.3142,275.255,-1.87221],"pipPosition":[40.2387,250.874,-41.7885],"stabilizedTipPosition":[-13.6704,223.646,108.666],"timeVisible":34.8612,"tipPosition":[34.9252,218.038,-19.7264],"tipVelocity":[117.029,156,-242.771],"tool":false,"touchDistance":0.333333,"touchZone":"none","type":2,"width":18.9446},{"bases":[[[0.915727,-0.395969,-0.0682104],[0.315729,0.604121,0.731678],[-0.248515,-0.691553,0.678229]],[[0.923539,-0.372579,-0.0908944],[0.251579,0.767464,-0.589667],[0.289455,0.521713,0.802516]],[[0.923539,-0.372579,-0.0908944],[-0.241138,-0.379856,-0.893063],[0.298209,0.846696,-0.440655]],[[0.923539,-0.372579,-0.0908944],[-0.365948,-0.785253,-0.499459],[0.114713,0.494532,-0.861556]]],"btipPosition":[48.5928,210.518,-5.5239],"carpPosition":[56.3414,223.169,44.3736],"dipPosition":[50.7302,219.733,-21.5767],"direction":[-0.298209,-0.846696,0.440655],"extended":false,"handId":703,"id":7033,"length":64.2502,"mcpPosition":[71.8653,266.368,2.00694],"pipPosition":[58.9683,243.123,-33.7499],"stabilizedTipPosition":[9.58002,217.054,93.8744],"timeVisible":34.8612,"tipPosition":[49.1726,213.118,-10.3353],"tipVelocity":[113.796,167.542,-259.615],"tool":false,"touchDistance":0.333333,"touchZone":"none","type":3,"width":18.027},{"bases":[[[0.815969,-0.567687,-0.109205],[0.43111,0.471693,0.769188],[-0.385146,-0.674713,0.629623]],[[0.740709,-0.671819,-0.00316565],[0.573158,0.634376,-0.518707],[0.350485,0.382396,0.854946]],[[0.740709,-0.671819,-0.00316565],[-0.245373,-0.266142,-0.932181],[0.625414,0.691251,-0.36198]],[[0.740709,-0.671819,-0.00316565],[-0.555758,-0.610086,-0.564737],[0.377469,0.420065,-0.825265]]],"btipPosition":[58.2589,219.925,-5.62148],"carpPosition":[67.0333,215.097,39.687],"dipPosition":[64.7473,227.146,-19.807],"direction":[-0.625414,-0.691251,0.36198],"extended":false,"handId":703,"id":7034,"length":50.3709,"mcpPosition":[89.3043,254.112,3.27922],"pipPosition":[76.9458,240.629,-26.8673],"stabilizedTipPosition":[19.4661,227.062,99.4073],"timeVisible":34.8612,"tipPosition":[60.0061,222.01,-9.73803],"tipVelocity":[111.011,172.109,-255.581],"tool":false,"touchDistance":0.333333,"touchZone":"none","type":4,"width":16.013}],"r":[[0.912497,0.0038357,0.409064],[-0.136192,0.945762,0.294934],[-0.385746,-0.324837,0.863528]],"s":0.869584,"t":[-7.09857,8.4857,-79.8036],"timestamp":523996292836},false],[3,{"currentFrameRate":109.779,"devices":[],"gestures":[],"hands":[{"armBasis":[[0.949489,0.00405469,-0.313774],[0.14568,0.879938,0.452201],[0.277936,-0.47507,0.834901]],"armWidth":63.5437,"confidence":0.471562,"direction":[0.14456,0.807428,-0.571982],"elbow":[125.746,83.4077,265.722],"grabStrength":0.880839,"id":703,"palmNormal":[-0.0877497,-0.565315,-0.820194],"palmPosition":[50.8255,253.65,6.50449],"palmVelocity":[82.7036,166.572,-250.24],"palmWidth":90.7382,"pinchStrength":0.521775,"r":[[0.911089,0.00587374,0.412169],[-0.139842,0.945005,0.29565],[-0.387765,-0.327002,0.861805]],"s":0.873308,"sphereCenter":[29.6745,254.307,-31.9001],"sphereRadius":45.6255,"stabilizedPalmPosition":[-0.780855,261.874,162.267],"t":[-6.50513,10.0213,-82.0262],"timeVisible":34.8704,"type":"right","wrist":[50.911,211.322,40.9221]}],"id":4306050,"interactionBox":{"center":[0,200,0],"size":[235.247,235.247,147.751]},"pointables":[{"bases":[[[0.503296,0.595281,0.626366],[-0.810377,0.0735224,0.581278],[0.299972,-0.800147,0.519405]],[[0.420648,0.763609,0.489853],[-0.8094,0.071989,0.582829],[0.40979,-0.641653,0.648347]],[[0.420648,0.763609,0.489853],[-0.890811,0.449895,0.0636394],[-0.171787,-0.463137,0.869479]],[[0.420648,0.763609,0.489853],[-0.489272,0.645641,-0.586311],[-0.763982,0.00695892,0.6452]]],"btipPosition":[24.7252,254.801,-43.1646],"carpPosition":[21.4529,207.275,33.7314],"dipPosition":[6.89479,254.964,-28.1064],"direction":[0.171787,0.463137,-0.869479],"extended":false,"handId":703,"id":7030,"length":51.9721,"mcpPosition":[21.4529,207.275,33.7314],"pipPosition":[1.05382,239.217,1.457],"stabilizedTipPosition":[-28.2999,267.558,104.186],"timeVisible":34.8704,"tipPosition":[20.5744,255.067,-38.5111],"tipVelocity":[72.597,178.64,-314.556],"tool":false,"touchDistance":-0.738788,"touchZone":"hovering","type":0,"width":20.194},{"bases":[[[0.995878,-0.0307942,-0.0853207],[0.0833706,0.681338,0.727206],[0.0357385,-0.731321,0.681096]],[[0.989597,0.0292513,-0.140859],[0.0983629,0.576927,0.810851],[0.104984,-0.816272,0.568049]],[[0.989597,0.0292513,-0.140859],[-0.0251405,0.999207,0.0308761],[0.14165,-0.0270136,0.989548]],[[0.989597,0.0292513,-0.140859],[-0.117144,0.732203,-0.670936],[0.0835116,0.680458,0.728013]]],"btipPosition":[20.6767,303.241,-66.8538],"carpPosition":[32.6337,225.557,43.7084],"dipPosition":[22.0996,314.834,-54.4497],"direction":[-0.14165,0.0270136,-0.989548],"extended":false,"handId":703,"id":7031,"length":58.6448,"mcpPosition":[30.0117,279.211,-6.2609],"pipPosition":[25.5139,314.183,-30.5981],"stabilizedTipPosition":[-32.9608,288.058,52.5105],"timeVisible":34.8704,"tipPosition":[20.9958,305.158,-63.2481],"tipVelocity":[88.6649,157.381,-290.062],"tool":false,"touchDistance":-0.735379,"touchZone":"hovering","type":1,"width":19.2893},{"bases":[[[0.962648,-0.245012,-0.11523],[0.2513,0.650102,0.717089],[-0.100785,-0.719261,0.68739]],[[0.963475,-0.23885,-0.121107],[0.135573,0.825032,-0.548582],[0.230946,0.512126,0.827279]],[[0.963475,-0.23885,-0.121107],[-0.203325,-0.358123,-0.911267],[0.174285,0.902607,-0.393606]],[[0.963475,-0.23885,-0.121107],[-0.266496,-0.810594,-0.521457],[0.0263814,0.534686,-0.844639]]],"btipPosition":[35.3258,216.58,-17.0933],"carpPosition":[44.8513,226.769,43.5064],"dipPosition":[35.8202,226.6,-32.9218],"direction":[-0.174285,-0.902607,0.393606],"extended":false,"handId":703,"id":7032,"length":66.821,"mcpPosition":[51.8634,276.812,-4.31874],"pipPosition":[40.7625,252.196,-44.0836],"stabilizedTipPosition":[-11.5399,223.44,103.052],"timeVisible":34.8704,"tipPosition":[35.4592,219.476,-21.8067],"tipVelocity":[100.441,156.403,-238.159],"tool":false,"touchDistance":0.333333,"touchZone":"none","type":2,"width":18.9446},{"bases":[[[0.915623,-0.396493,-0.066546],[0.316094,0.607675,0.728571],[-0.248435,-0.688131,0.68173]],[[0.923429,-0.373227,-0.0893379],[0.25156,0.764478,-0.593541],[0.289822,0.525619,0.79983]],[[0.923429,-0.373227,-0.0893379],[-0.241499,-0.384213,-0.8911],[0.298258,0.844442,-0.444927]],[[0.923429,-0.373227,-0.0893379],[-0.366275,-0.787631,-0.49546],[0.114554,0.490244,-0.864024]]],"btipPosition":[49.1267,212.058,-7.64947],"carpPosition":[56.895,224.955,42.1831],"dipPosition":[51.2611,221.192,-23.7482],"direction":[-0.298258,-0.844442,0.444927],"extended":false,"handId":703,"id":7033,"length":64.2502,"mcpPosition":[72.4139,267.94,-0.402299],"pipPosition":[59.5006,244.52,-36.0395],"stabilizedTipPosition":[11.27,216.932,89.4329],"timeVisible":34.8704,"tipPosition":[49.7054,214.632,-12.4682],"tipVelocity":[98.0028,166.662,-251.524],"tool":false,"touchDistance":0.333333,"touchZone":"none","type":3,"width":18.027},{"bases":[[[0.815817,-0.56839,-0.106656],[0.43146,0.475411,0.766699],[-0.385079,-0.671504,0.633085]],[[0.740641,-0.671901,-0.000166709],[0.573228,0.632003,-0.521518],[0.350514,0.386162,0.85324]],[[0.740641,-0.671901,-0.000166709],[-0.245372,-0.270245,-0.931],[0.625494,0.689577,-0.36502]],[[0.740641,-0.671901,-0.000166709],[-0.555881,-0.612612,-0.561874],[0.377421,0.416239,-0.827223]]],"btipPosition":[58.8036,221.466,-7.82256],"carpPosition":[67.5837,216.857,37.533],"dipPosition":[65.2912,228.62,-22.0418],"direction":[-0.625494,-0.689577,0.36502],"extended":false,"handId":703,"id":7034,"length":50.3709,"mcpPosition":[89.8508,255.687,0.925017],"pipPosition":[77.4912,242.07,-29.1614],"stabilizedTipPosition":[21.1543,226.899,94.8383],"timeVisible":34.8704,"tipPosition":[60.5411,223.519,-11.9188],"tipVelocity":[96.3454,170.054,-250.832],"tool":false,"touchDistance":0.333333,"touchZone":"none","type":4,"width":16.013}],"r":[[0.911089,0.00587374,0.412169],[-0.139842,0.945005,0.29565],[-0.387765,-0.327002,0.861805]],"s":0.873308,"t":[-6.50513,10.0213,-82.0262],"timestamp":523996302090},false],[4,{"currentFrameRate":109.918,"devices":[],"gestures":[],"hands":[{"armBasis":[[0.950065,-0.0000262173,-0.312052],[0.147681,0.880962,0.449551],[0.274894,-0.473187,0.836975]],"armWidth":63.5437,"confidence":0.472779,"direction":[0.144097,0.80852,-0.570554],"elbow":[125.347,84.6313,265.207],"grabStrength":0.868215,"id":703,"palmNormal":[-0.0898168,-0.563506,-0.821215],"palmPosition":[51.2127,254.439,5.52126],"palmVelocity":[72.1619,145.63,-212.583],"palmWidth":90.7382,"pinchStrength":0.51081,"r":[[0.910114,0.0071769,0.414296],[-0.142493,0.94429,0.296667],[-0.389086,-0.329036,0.860434]],"s":0.87687,"sphereCenter":[30.2277,255.005,-32.9766],"sphereRadius":45.5717,"stabilizedPalmPosition":[0.366475,261.71,158.808],"t":[-6.0148,11.1838,-83.6291],"timeVisible":34.8793,"type":"right","wrist":[51.3312,212.038,39.849]}],"id":4306051,"interactionBox":{"center":[0,200,0],"size":[235.247,235.247,147.751]},"pointables":[{"bases":[[[0.505007,0.593545,0.626636],[-0.809176,0.0729481,0.58302],[0.300336,-0.801488,0.517121]],[[0.421304,0.763681,0.489177],[-0.808877,0.0724796,0.583494],[0.410148,-0.641512,0.64826]],[[0.421304,0.763681,0.489177],[-0.890886,0.449465,0.0655919],[-0.169777,-0.463436,0.869715]],[[0.421304,0.763681,0.489177],[-0.511945,0.645489,-0.566794],[-0.748609,-0.0116392,0.66291]]],"btipPosition":[24.6831,255.994,-44.6055],"carpPosition":[21.8557,208.031,32.7075],"dipPosition":[7.21144,255.723,-29.1339],"direction":[0.169777,0.463436,-0.869714],"extended":false,"handId":703,"id":7030,"length":51.9721,"mcpPosition":[21.8557,208.031,32.7075],"pipPosition":[1.43881,239.965,0.437451],"stabilizedTipPosition":[-27.2541,267.309,101.084],"timeVisible":34.8793,"tipPosition":[20.6966,256.066,-39.8181],"tipVelocity":[54.1825,163.72,-270.581],"tool":false,"touchDistance":-0.713429,"touchZone":"hovering","type":0,"width":20.194},{"bases":[[[0.995683,-0.0314207,-0.0873381],[0.0853501,0.679728,0.728481],[0.0364768,-0.732791,0.679476]],[[0.989362,0.0286327,-0.142632],[0.0996042,0.581273,0.807589],[0.106032,-0.813205,0.572237]],[[0.989362,0.0286327,-0.142632],[-0.02415,0.999161,0.0330619],[0.143459,-0.0292656,0.989223]],[[0.989362,0.0286327,-0.142632],[-0.117008,0.739211,-0.663232],[0.0864449,0.672865,0.734697]]],"btipPosition":[20.9213,304.126,-68.0276],"carpPosition":[33.071,226.283,42.7012],"dipPosition":[22.3942,315.591,-55.5096],"direction":[-0.143459,0.0292656,-0.989223],"extended":false,"handId":703,"id":7031,"length":58.6448,"mcpPosition":[30.3948,280.045,-7.14918],"pipPosition":[25.852,314.885,-31.6658],"stabilizedTipPosition":[-31.071,288.71,48.4097],"timeVisible":34.8793,"tipPosition":[21.2671,306.114,-64.3373],"tipVelocity":[72.4998,140.956,-246.654],"tool":false,"touchDistance":-0.707389,"touchZone":"hovering","type":1,"width":19.2893},{"bases":[[[0.96222,-0.245548,-0.117635],[0.253234,0.648378,0.717969],[-0.100024,-0.720634,0.686063]],[[0.963048,-0.239319,-0.123552],[0.134981,0.82584,-0.547512],[0.233065,0.510603,0.827627]],[[0.963048,-0.239319,-0.123552],[-0.205524,-0.356528,-0.911399],[0.174066,0.903114,-0.392539]],[[0.963048,-0.239319,-0.123552],[-0.268169,-0.80949,-0.522313],[0.0249855,0.536146,-0.843756]]],"btipPosition":[35.6412,217.423,-18.093],"carpPosition":[45.2891,227.485,42.4778],"dipPosition":[36.1094,227.47,-33.905],"direction":[-0.174066,-0.903113,0.392539],"extended":false,"handId":703,"id":7032,"length":66.821,"mcpPosition":[52.2483,277.623,-5.25495],"pipPosition":[41.0455,253.08,-45.0365],"stabilizedTipPosition":[-9.55535,223.284,97.8156],"timeVisible":34.8793,"tipPosition":[35.765,220.316,-22.7852],"tipVelocity":[82.718,140.043,-204.159],"tool":false,"touchDistance":0.333333,"touchZone":"none","type":2,"width":18.9446},{"bases":[[[0.915167,-0.397093,-0.06918],[0.318015,0.605875,0.729234],[-0.247659,-0.689371,0.680758]],[[0.922941,-0.373807,-0.0919169],[0.251008,0.765445,-0.592528],[0.291848,0.523796,0.800289]],[[0.922941,-0.373807,-0.0919169],[-0.243591,-0.38225,-0.891374],[0.298067,0.845076,-0.44385]],[[0.922941,-0.373807,-0.0919169],[-0.367905,-0.786323,-0.496328],[0.113255,0.491898,-0.863255]]],"btipPosition":[49.4512,212.877,-8.70929],"carpPosition":[57.3287,225.664,41.1271],"dipPosition":[51.5614,222.043,-24.7937],"direction":[-0.298067,-0.845076,0.44385],"extended":false,"handId":703,"id":7033,"length":64.2502,"mcpPosition":[72.7992,268.726,-1.39759],"pipPosition":[59.7956,245.388,-37.0552],"stabilizedTipPosition":[12.8443,216.853,85.2863],"timeVisible":34.8793,"tipPosition":[50.0219,215.455,-13.5129],"tipVelocity":[81.2313,146.83,-215.762],"tool":false,"touchDistance":0.333333,"touchZone":"none","type":3,"width":18.027},{"bases":[[[0.815143,-0.568824,-0.109458],[0.433348,0.473436,0.766856],[-0.384385,-0.67253,0.632417]],[[0.740115,-0.672474,-0.00306942],[0.572955,0.632962,-0.520655],[0.352069,0.383586,0.853762]],[[0.740115,-0.672474,-0.00306942],[-0.246918,-0.267503,-0.931383],[0.625509,0.690088,-0.364028]],[[0.740115,-0.672474,-0.00306942],[-0.557259,-0.610744,-0.562542],[0.37642,0.418056,-0.826763]]],"btipPosition":[59.1435,222.285,-8.92362],"carpPosition":[68.0017,217.568,36.4389],"dipPosition":[65.6139,229.471,-23.1349],"direction":[-0.625509,-0.690088,0.364028],"extended":false,"handId":703,"id":7034,"length":50.3709,"mcpPosition":[90.2287,256.456,-0.130393],"pipPosition":[77.8142,242.931,-30.2352],"stabilizedTipPosition":[22.734,226.78,90.5555],"timeVisible":34.8793,"tipPosition":[60.8663,224.334,-12.9831],"tipVelocity":[80.5439,149.303,-216.563],"tool":false,"touchDistance":0.333333,"touchZone":"none","type":4,"width":16.013}],"r":[[0.910114,0.0071769,0.414296],[-0.142493,0.94429,0.296667],[-0.389086,-0.329036,0.860434]],"s":0.87687,"t":[-6.0148,11.1838,-83.6291],"timestamp":523996310939},false],[5,{"currentFrameRate":109.925,"devices":[],"gestures":[],"hands":[{"armBasis":[[0.950221,-0.00278194,-0.311563],[0.149322,0.88171,0.447538],[0.273463,-0.471784,0.838235]],"armWidth":63.5437,"confidence":0.470884,"direction":[0.14328,0.809771,-0.568983],"elbow":[125.37,85.5398,264.698],"grabStrength":0.85582,"id":703,"palmNormal":[-0.0917386,-0.561572,-0.822326],"palmPosition":[51.5688,255.049,4.77119],"palmVelocity":[63.0395,123.903,-176.596],"palmWidth":90.7382,"pinchStrength":0.500754,"r":[[0.9095,0.00794727,0.415629],[-0.144413,0.943588,0.29797],[-0.389814,-0.331025,0.859341]],"s":0.88035,"sphereCenter":[30.6971,255.563,-33.7954],"sphereRadius":45.5427,"stabilizedPalmPosition":[1.5873,261.552,155.136],"t":[-5.59156,12.07,-84.8056],"timeVisible":34.8884,"type":"right","wrist":[51.7392,212.569,39.0008]}],"id":4306052,"interactionBox":{"center":[0,200,0],"size":[235.247,235.247,147.751]},"pointables":[{"bases":[[[0.506543,0.591882,0.626969],[-0.807951,0.0719495,0.58484],[0.301046,-0.802807,0.514658]],[[0.421486,0.764162,0.488269],[-0.807932,0.07192,0.58487],[0.411819,-0.641003,0.647704]],[[0.421486,0.764162,0.488269],[-0.891415,0.448004,0.0683472],[-0.166518,-0.464058,0.870013]],[[0.421486,0.764162,0.488269],[-0.53137,0.64443,-0.549868],[-0.734843,-0.0276897,0.677671]]],"btipPosition":[24.5595,256.924,-45.7296],"carpPosition":[22.2475,208.591,31.9103],"dipPosition":[7.40916,256.278,-29.9135],"direction":[0.166518,0.464058,-0.870013],"extended":false,"handId":703,"id":7030,"length":51.9721,"mcpPosition":[22.2475,208.591,31.9103],"pipPosition":[1.74735,240.5,-0.332017],"stabilizedTipPosition":[-26.1693,267.071,97.8393],"timeVisible":34.8884,"tipPosition":[20.7442,256.849,-40.8532],"tipVelocity":[37.6735,144.12,-227.523],"tool":false,"touchDistance":-0.686093,"touchZone":"hovering","type":0,"width":20.194},{"bases":[[[0.995489,-0.0316448,-0.0894461],[0.0871326,0.678011,0.72987],[0.0375488,-0.734371,0.677709]],[[0.989085,0.0285123,-0.144564],[0.100831,0.584453,0.805138],[0.107448,-0.810926,0.575199]],[[0.989085,0.0285123,-0.144564],[-0.0234538,0.999056,0.0365762],[0.145471,-0.0327864,0.988819]],[[0.989085,0.0285123,-0.144564],[-0.117225,0.746689,-0.654763],[0.0892758,0.664562,0.741881]]],"btipPosition":[21.1053,304.903,-68.9155],"carpPosition":[33.491,226.815,41.9232],"dipPosition":[22.6264,316.226,-56.2751],"direction":[-0.145471,0.0327864,-0.988819],"extended":false,"handId":703,"id":7031,"length":58.6448,"mcpPosition":[30.7362,280.692,-7.7976],"pipPosition":[26.1328,315.435,-32.4411],"stabilizedTipPosition":[-29.209,289.377,44.3537],"timeVisible":34.8884,"tipPosition":[21.4779,306.922,-65.1536],"tipVelocity":[58.3765,124.611,-204.58],"tool":false,"touchDistance":-0.67788,"touchZone":"hovering","type":1,"width":19.2893},{"bases":[[[0.961872,-0.245688,-0.120168],[0.254981,0.646612,0.718942],[-0.0989327,-0.722171,0.684604]],[[0.962697,-0.239391,-0.126124],[0.133889,0.826499,-0.546784],[0.235137,0.509501,0.82772]],[[0.962697,-0.239391,-0.126124],[-0.20777,-0.355399,-0.91133],[0.17334,0.903539,-0.39188]],[[0.962697,-0.239391,-0.126124],[-0.269587,-0.808612,-0.522943],[0.0232028,0.537437,-0.842985]]],"btipPosition":[35.9397,218.074,-18.8293],"carpPosition":[45.7092,228.013,41.6776],"dipPosition":[36.3746,228.145,-34.6268],"direction":[-0.17334,-0.903539,0.39188],"extended":false,"handId":703,"id":7032,"length":66.821,"mcpPosition":[52.5924,278.258,-5.95364],"pipPosition":[41.2901,253.767,-45.7396],"stabilizedTipPosition":[-7.56705,223.158,92.5705],"timeVisible":34.8884,"tipPosition":[36.0515,220.962,-23.5021],"tipVelocity":[68.6844,121.282,-169.983],"tool":false,"touchDistance":0.333333,"touchZone":"none","type":2,"width":18.9446},{"bases":[[[0.914852,-0.397324,-0.0719663],[0.319767,0.604056,0.729977],[-0.246565,-0.690833,0.679673]],[[0.922587,-0.373995,-0.0946587],[0.250158,0.766738,-0.591214],[0.29369,0.521767,0.800941]],[[0.922587,-0.373995,-0.0946587],[-0.245552,-0.380024,-0.891788],[0.297552,0.845996,-0.442441]],[[0.922587,-0.373995,-0.0946587],[-0.369255,-0.784993,-0.497431],[0.11173,0.493876,-0.862324]]],"btipPosition":[49.7599,213.522,-9.55586],"carpPosition":[57.7452,226.189,40.298],"dipPosition":[51.8417,222.724,-25.6229],"direction":[-0.297552,-0.845996,0.442441],"extended":false,"handId":703,"id":7033,"length":64.2502,"mcpPosition":[73.1473,269.343,-2.15883],"pipPosition":[60.0617,246.095,-37.8455],"stabilizedTipPosition":[14.4116,216.802,81.1565],"timeVisible":34.8884,"tipPosition":[50.3214,216.106,-14.3426],"tipVelocity":[67.9547,126.09,-181.713],"tool":false,"touchDistance":0.333333,"touchZone":"none","type":3,"width":18.027},{"bases":[[[0.814672,-0.568919,-0.112435],[0.435119,0.471481,0.767057],[-0.383382,-0.673822,0.63165]],[[0.739847,-0.672746,-0.00617173],[0.57224,0.634087,-0.520072],[0.35379,0.381242,0.8541]],[[0.739847,-0.672746,-0.00617173],[-0.248728,-0.264989,-0.93162],[0.625108,0.690791,-0.363382]],[[0.739847,-0.672746,-0.00617173],[-0.55857,-0.609118,-0.563005],[0.375001,0.419985,-0.82643]]],"btipPosition":[59.4605,222.927,-9.77905],"carpPosition":[68.4051,218.099,35.5694],"dipPosition":[65.9064,230.146,-23.9846],"direction":[-0.625108,-0.690791,0.363382],"extended":false,"handId":703,"id":7034,"length":50.3709,"mcpPosition":[90.5741,257.063,-0.955562],"pipPosition":[78.099,243.62,-31.0723],"stabilizedTipPosition":[24.3102,226.69,86.2819],"timeVisible":34.8884,"tipPosition":[61.1702,224.977,-13.8166],"tipVelocity":[67.7364,127.769,-182.644],"tool":false,"touchDistance":0.333333,"touchZone":"none","type":4,"width":16.013}],"r":[[0.9095,0.00794727,0.415629],[-0.144413,0.943588,0.29797],[-0.389814,-0.331025,0.859341]],"s":0.88035,"t":[-5.59156,12.07,-84.8056],"timestamp":523996320024},false],[6,{"currentFrameRate":100.694,"devices":[],"gestures":[],"hands":[{"armBasis":[[0.949543,0.00795216,-0.313536],[0.141525,0.881252,0.45096],[0.27989,-0.47258,0.835661]],"armWidth":63.5437,"confidence":0.453373,"direction":[0.141752,0.805249,-0.575743],"elbow":[127.014,91.9605,257.982],"grabStrength":0.834624,"id":703,"palmNormal":[-0.0848531,-0.569591,-0.817537],"palmPosition":[51.4236,261.365,-1.64288],"palmVelocity":[20.6902,191.711,-214.01],"palmWidth":90.7382,"pinchStrength":0.465027,"r":[[0.908599,0.0102889,0.417542],[-0.147228,0.943418,0.29713],[-0.39086,-0.331446,0.858704]],"s":0.885357,"sphereCenter":[31.0286,261.156,-40.4686],"sphereRadius":45.536,"stabilizedPalmPosition":[6.34881,261.534,140.156],"t":[-5.45256,15.6714,-88.6009],"timeVisible":34.9154,"type":"right","wrist":[51.6529,219.204,32.9775]}],"id":4306053,"interactionBox":{"center":[0,200,0],"size":[235.247,235.247,147.751]},"pointables":[{"bases":[[[0.500423,0.600297,0.623876],[-0.811108,0.0730511,0.580316],[0.302787,-0.796434,0.523462]],[[0.414598,0.771654,0.482347],[-0.810646,0.0723445,0.58105],[0.413474,-0.631915,0.655532]],[[0.414598,0.771654,0.482347],[-0.89509,0.441375,0.0632622],[-0.164079,-0.457973,0.873693]],[[0.414598,0.771654,0.482347],[-0.565333,0.633764,-0.52796],[-0.713097,-0.0537952,0.698998]]],"btipPosition":[23.856,263.288,-52.8681],"carpPosition":[22.2168,215.005,25.7844],"dipPosition":[7.2132,262.033,-36.5543],"direction":[0.164079,0.457973,-0.873693],"extended":false,"handId":703,"id":7030,"length":51.9721,"mcpPosition":[22.2168,215.005,25.7844],"pipPosition":[1.63429,246.461,-6.84763],"stabilizedTipPosition":[-21.9282,266.697,84.3483],"timeVisible":34.9154,"tipPosition":[20.3361,262.89,-47.9137],"tipVelocity":[0.926569,197.286,-247.363],"tool":false,"touchDistance":-0.751177,"touchZone":"hovering","type":0,"width":20.194},{"bases":[[[0.996058,-0.0271992,-0.0844319],[0.0800789,0.685148,0.723989],[0.0381564,-0.727896,0.684625]],[[0.989572,0.0325957,-0.140301],[0.0927968,0.600699,0.794071],[0.110162,-0.79881,0.59141]],[[0.989572,0.0325957,-0.140301],[-0.028719,0.99915,0.0295684],[0.141146,-0.0252308,0.989667]],[[0.989572,0.0325957,-0.140301],[-0.116985,0.750153,-0.650834],[0.0840332,0.660461,0.746144]]],"btipPosition":[20.9635,310.361,-76.4518],"carpPosition":[33.3165,233.379,35.6819],"dipPosition":[22.3952,321.614,-63.7388],"direction":[-0.141146,0.0252308,-0.989667],"extended":false,"handId":703,"id":7031,"length":58.6448,"mcpPosition":[30.5171,286.782,-14.5463],"pipPosition":[25.7974,321.006,-39.8844],"stabilizedTipPosition":[-24.0014,291.807,32.198],"timeVisible":34.9154,"tipPosition":[21.3424,312.465,-72.5928],"tipVelocity":[18.5219,171.97,-249.962],"tool":false,"touchDistance":-0.75122,"touchZone":"hovering","type":1,"width":19.2893},{"bases":[[[0.963712,-0.24169,-0.113337],[0.24814,0.654538,0.714147],[-0.0984187,-0.716355,0.690759]],[[0.964553,-0.23528,-0.119505],[0.128794,0.81498,-0.564995],[0.230326,0.529575,0.816394]],[[0.964553,-0.23528,-0.119505],[-0.203973,-0.37739,-0.903312],[0.167431,0.895667,-0.412003]],[[0.964553,-0.23528,-0.119505],[-0.262987,-0.819592,-0.509025],[0.0218181,0.522409,-0.852416]]],"btipPosition":[36.1488,223.836,-24.1603],"carpPosition":[45.5292,234.639,35.4832],"dipPosition":[36.5577,233.626,-40.1345],"direction":[-0.167431,-0.895667,0.412003],"extended":false,"handId":703,"id":7032,"length":66.821,"mcpPosition":[52.3767,284.48,-12.5764],"pipPosition":[41.3056,259.025,-51.818],"stabilizedTipPosition":[-0.860641,223.606,74.139],"timeVisible":34.9154,"tipPosition":[36.2451,226.674,-28.9926],"tipVelocity":[30.8093,176.542,-187.643],"tool":false,"touchDistance":0.333333,"touchZone":"none","type":2,"width":18.9446},{"bases":[[[0.917258,-0.393123,-0.063962],[0.313095,0.612429,0.725881],[-0.246188,-0.685846,0.68484]],[[0.924976,-0.369975,-0.0868209],[0.249096,0.762798,-0.596733],[0.287003,0.530337,0.797729]],[[0.924976,-0.369975,-0.0868209],[-0.239141,-0.389116,-0.889607],[0.295349,0.843627,-0.448399]],[[0.924976,-0.369975,-0.0868209],[-0.362713,-0.791317,-0.492196],[0.113398,0.486761,-0.866144]]],"btipPosition":[49.9,219.705,-15.6203],"carpPosition":[57.5811,232.867,34.1775],"dipPosition":[52.0129,228.774,-31.7585],"direction":[-0.295349,-0.843627,0.448399],"extended":false,"handId":703,"id":7033,"length":64.2502,"mcpPosition":[72.9597,275.709,-8.60213],"pipPosition":[60.172,252.08,-44.1457],"stabilizedTipPosition":[19.6601,217.53,66.4954],"timeVisible":34.9154,"tipPosition":[50.4693,222.234,-20.3871],"tipVelocity":[29.2541,188.775,-208.335],"tool":false,"touchDistance":0.333333,"touchZone":"none","type":3,"width":18.027},{"bases":[[[0.818174,-0.565611,-0.103321],[0.428962,0.480813,0.764729],[-0.382861,-0.670002,0.636015]],[[0.743384,-0.668856,0.00354544],[0.571569,0.632486,-0.522752],[0.347403,0.390632,0.852477]],[[0.743384,-0.668856,0.00354544],[-0.242551,-0.274509,-0.930491],[0.623338,0.690852,-0.366297]],[[0.743384,-0.668856,0.00354544],[-0.552541,-0.617079,-0.560279],[0.376933,0.414543,-0.828296]]],"btipPosition":[59.5576,229.158,-15.8804],"carpPosition":[68.3058,224.79,29.5743],"dipPosition":[66.0368,236.284,-30.1181],"direction":[-0.623338,-0.690852,0.366297],"extended":false,"handId":703,"id":7034,"length":50.3709,"mcpPosition":[90.4447,263.533,-7.20307],"pipPosition":[78.1948,249.759,-37.2626],"stabilizedTipPosition":[29.6181,227.283,71.048],"timeVisible":34.9154,"tipPosition":[61.2687,231.169,-19.8992],"tipVelocity":[28.1991,190.743,-209.328],"tool":false,"touchDistance":0.333333,"touchZone":"none","type":4,"width":16.013}],"r":[[0.908599,0.0102889,0.417542],[-0.147228,0.943418,0.29713],[-0.39086,-0.