{"sensorType":"Leap","data":[[0,{"currentFrameRate":103.139,"devices":[],"gestures":[],"hands":[{"armBasis":[[0.827405,-0.222527,-0.515638],[0.429097,0.842839,0.324806],[0.362322,-0.490005,0.792854]],"armWidth":63.5437,"confidence":0.57302,"direction":[0.0898907,0.740345,-0.666189],"elbow":[156.342,68.4709,268.168],"grabStrength":0,"id":701,"palmNormal":[-0.434652,-0.572674,-0.695069],"palmPosition":[54.9418,240.483,17.8759],"palmVelocity":[183.067,255.88,-201.606],"palmWidth":90.7382,"pinchStrength":0.75306,"r":[[0.948579,-0.198688,0.246415],[0.155435,0.970522,0.184195],[-0.275748,-0.136422,0.9515]],"s":0.894491,"sphereCenter":[35.3839,233.363,-21.0702],"sphereRadius":45.1993,"stabilizedPalmPosition":[47.3013,231.064,27.9323],"t":[50.0279,19.6487,-88.1877],"timeVisible":39.6156,"type":"right","wrist":[58.7855,200.406,54.6901]}],"id":4301225,"interactionBox":{"center":[0,200,0],"size":[235.247,235.247,147.751]},"pointables":[{"bases":[[[0.766894,0.51502,0.38292],[-0.561875,0.250498,0.788383],[0.310112,-0.819759,0.481482]],[[0.576513,0.802051,0.156036],[-0.618636,0.303705,0.724605],[0.533781,-0.514274,0.671268]],[[0.576513,0.802051,0.156036],[-0.816153,0.556122,0.156917],[0.0390803,-0.217814,0.975208]],[[0.576513,0.802051,0.156036],[-0.411388,0.449917,-0.792676],[-0.705969,0.392796,0.589337]]],"btipPosition":[16.8985,225.559,-23.1657],"carpPosition":[28.3221,201.72,57.1623],"dipPosition":[0.421973,234.726,-9.41127],"direction":[-0.0390803,0.217814,-0.975208],"extended":false,"handId":701,"id":7010,"length":51.9721,"mcpPosition":[28.3221,201.72,57.1623],"pipPosition":[1.75075,227.32,23.747],"stabilizedTipPosition":[-6.47009,213.597,7.71514],"timeVisible":39.6156,"tipPosition":[13.1459,227.996,-19.872],"tipVelocity":[211.149,236.618,-233.969],"tool":false,"touchDistance":-0.586959,"touchZone":"hovering","type":0,"width":20.194},{"bases":[[[0.898472,-0.222738,-0.378332],[0.42067,0.68337,0.596692],[0.125635,-0.695264,0.707689]],[[0.906298,-0.287003,-0.310248],[0.40914,0.779834,0.473776],[0.105967,-0.556317,0.824186]],[[0.906298,-0.287003,-0.310248],[0.380261,0.874116,0.302197],[0.184461,-0.391856,0.901345]],[[0.906298,-0.287003,-0.310248],[0.34826,0.923036,0.163459],[0.239457,-0.25619,0.936497]]],"btipPosition":[22.6806,306.609,-63.4805],"carpPosition":[44.964,217.955,61.4327],"dipPosition":[26.7606,302.244,-47.5242],"direction":[-0.184461,0.391856,-0.901345],"extended":true,"handId":701,"id":7011,"length":58.6448,"mcpPosition":[35.7467,268.964,9.51241],"pipPosition":[31.2067,292.799,-25.7986],"stabilizedTipPosition":[13.4264,294.474,-47.4487],"timeVisible":39.6156,"tipPosition":[23.1058,304.659,-60.1271],"tipVelocity":[209.011,251.419,-219.335],"tool":false,"touchDistance":-0.57442,"touchZone":"touching","type":1,"width":19.2893},{"bases":[[[0.822219,-0.427836,-0.375383],[0.569167,0.620446,0.539533],[0.00207361,-0.65727,0.753652]],[[0.822221,-0.428443,-0.374687],[0.0810856,0.739764,-0.667962],[0.563363,0.518831,0.64299]],[[0.822221,-0.428443,-0.374687],[-0.553216,-0.446815,-0.703071],[0.13381,0.785362,-0.604402]],[[0.822221,-0.428443,-0.374687],[-0.524994,-0.825172,-0.2085],[-0.219851,0.368141,-0.903403]]],"btipPosition":[29.6202,208.439,8.16158],"carpPosition":[56.5182,216.818,57.4342],"dipPosition":[25.5002,215.338,-8.7682],"direction":[-0.13381,-0.785362,0.604402],"extended":false,"handId":701,"id":7012,"length":66.821,"mcpPosition":[56.3739,262.548,4.99896],"pipPosition":[29.2947,237.609,-25.9076],"stabilizedTipPosition":[14.9588,197.513,22.1249],"timeVisible":39.6156,"tipPosition":[28.7288,210.074,4.52583],"tipVelocity":[213.702,236.802,-228.911],"tool":false,"touchDistance":0.333333,"touchZone":"none","type":2,"width":18.9446},{"bases":[[[0.768301,-0.565441,-0.299983],[0.626233,0.567025,0.535085],[-0.132461,-0.598965,0.789744]],[[0.77297,-0.54112,-0.33122],[0.228162,0.724228,-0.650719],[0.591996,0.427414,0.68327]],[[0.77297,-0.54112,-0.33122],[-0.568183,-0.358132,-0.740884],[0.282286,0.760875,-0.584281]],[[0.77297,-0.54112,-0.33122],[-0.62218,-0.748674,-0.228864],[-0.124133,0.382984,-0.915377]]],"btipPosition":[43.4633,202.914,6.14596],"carpPosition":[67.0512,212.697,52.7258],"dipPosition":[41.1504,210.049,-10.9096],"direction":[-0.282286,-0.760875,0.584281],"extended":false,"handId":701,"id":7013,"length":64.2502,"mcpPosition":[75.3256,250.113,3.39318],"pipPosition":[48.9487,231.069,-27.0506],"stabilizedTipPosition":[32.6233,193.961,15.5903],"timeVisible":39.6156,"tipPosition":[43.2153,204.358,3.11124],"tipVelocity":[212.924,254.331,-240.225],"tool":false,"touchDistance":0.333333,"touchZone":"none","type":3,"width":18.027},{"bases":[[[0.633702,-0.716829,-0.290822],[0.723929,0.417015,0.549568],[-0.272669,-0.558797,0.783197]],[[0.573358,-0.806705,-0.143134],[0.526953,0.496869,-0.689522],[0.62736,0.319918,0.70998]],[[0.573358,-0.806705,-0.143134],[-0.576041,-0.272688,-0.770596],[0.582613,0.524279,-0.621043]],[[0.573358,-0.806705,-0.143134],[-0.812289,-0.536893,-0.227887],[0.10699,0.246927,-0.96311]]],"btipPosition":[54.6639,209.091,4.24112],"carpPosition":[74.2212,202.53,45.8959],"dipPosition":[56.503,213.335,-12.3139],"direction":[-0.582613,-0.524279,0.621043],"extended":false,"handId":701,"id":7014,"length":50.3709,"mcpPosition":[89.9882,234.842,0.607743],"pipPosition":[67.8666,223.561,-24.4271],"stabilizedTipPosition":[47.896,202.209,8.6143],"timeVisible":39.6156,"tipPosition":[55.2274,209.886,1.12932],"tipVelocity":[216.143,260.94,-220.584],"tool":false,"touchDistance":0.333333,"touchZone":"none","type":4,"width":16.013}],"r":[[0.948579,-0.198688,0.246415],[0.155435,0.970522,0.184195],[-0.275748,-0.136422,0.9515]],"s":0.894491,"t":[50.0279,19.6487,-88.1877],"timestamp":523942759561},false],[1,{"currentFrameRate":103.374,"devices":[],"gestures":[],"hands":[{"armBasis":[[0.833847,-0.229145,-0.502187],[0.428096,0.842783,0.326269],[0.348472,-0.487042,0.800848]],"armWidth":63.5437,"confidence":0.580812,"direction":[0.0920442,0.743199,-0.662709],"elbow":[153.914,70.9258,268.786],"grabStrength":0,"id":701,"palmNormal":[-0.432929,-0.569471,-0.698767],"palmPosition":[56.3622,242.302,16.5056],"palmVelocity":[174.883,239.372,-186.698],"palmWidth":90.7382,"pinchStrength":0.752099,"r":[[0.947946,-0.193359,0.253003],[0.148437,0.971249,0.186124],[-0.281718,-0.13888,0.949393]],"s":0.894308,"sphereCenter":[36.877,235.389,-22.542],"sphereRadius":45.2086,"stabilizedPalmPosition":[49.9009,234.288,24.654],"t":[51.5665,21.6918,-89.7437],"timeVisible":39.6248,"type":"right","wrist":[60.0872,202.063,53.1558]}],"id":4301226,"interactionBox":{"center":[0,200,0],"size":[235.247,235.247,147.751]},"pointables":[{"bases":[[[0.766021,0.513041,0.3873],[-0.563981,0.247293,0.78789],[0.308443,-0.82197,0.478777]],[[0.576776,0.800773,0.161527],[-0.619647,0.300018,0.725277],[0.532322,-0.518412,0.66924]],[[0.576776,0.800773,0.161527],[-0.816015,0.55556,0.159604],[0.038069,-0.223864,0.973877]],[[0.576776,0.800773,0.161527],[-0.409325,0.454417,-0.791175],[-0.706953,0.390214,0.589874]]],"btipPosition":[18.3239,227.69,-24.6459],"carpPosition":[29.6175,203.379,55.5485],"dipPosition":[1.82442,236.797,-10.879],"direction":[-0.038069,0.223864,-0.973877],"extended":false,"handId":701,"id":7010,"length":51.9721,"mcpPosition":[29.6175,203.379,55.5485],"pipPosition":[3.11881,229.185,22.234],"stabilizedTipPosition":[-2.76211,216.456,2.56],"timeVisible":39.6248,"tipPosition":[14.6025,230.049,-21.379],"tipVelocity":[195.079,234.58,-213.237],"tool":false,"touchDistance":-0.578756,"touchZone":"hovering","type":0,"width":20.194},{"bases":[[[0.899441,-0.221453,-0.376783],[0.419265,0.6806,0.600833],[0.123382,-0.698386,0.705006]],[[0.90706,-0.286197,-0.308761],[0.408416,0.776163,0.480382],[0.102165,-0.561838,0.820914]],[[0.90706,-0.286197,-0.308761],[0.380204,0.871816,0.30884],[0.180793,-0.397529,0.899603]],[[0.90706,-0.286197,-0.308761],[0.348629,0.921754,0.169789],[0.236008,-0.261652,0.935862]]],"btipPosition":[24.4457,308.938,-64.5875],"carpPosition":[46.2538,219.589,59.9359],"dipPosition":[28.4669,304.48,-48.642],"direction":[-0.180793,0.397529,-0.899603],"extended":true,"handId":701,"id":7011,"length":58.6448,"mcpPosition":[37.2017,270.827,8.21243],"pipPosition":[32.8246,294.898,-26.9584],"stabilizedTipPosition":[16.1395,297.527,-50.5087],"timeVisible":39.6248,"tipPosition":[24.8572,306.974,-61.2451],"tipVelocity":[203.614,251.016,-191.528],"tool":false,"touchDistance":-0.561954,"touchZone":"touching","type":1,"width":19.2893},{"bases":[[[0.823099,-0.42653,-0.37494],[0.567898,0.617864,0.543816],[-0.000292597,-0.660542,0.750789]],[[0.823099,-0.427103,-0.374288],[0.0834134,0.742852,-0.664239],[0.561739,0.515513,0.647067]],[[0.823099,-0.427103,-0.374288],[-0.551362,-0.44312,-0.706855],[0.136045,0.78818,-0.60022]],[[0.823099,-0.427103,-0.374288],[-0.524804,-0.823899,-0.213942],[-0.217,0.372524,-0.902295]]],"btipPosition":[31.0465,210.31,6.55615],"carpPosition":[57.8187,218.464,55.9649],"dipPosition":[26.98,217.291,-10.3529],"direction":[-0.136045,-0.78818,0.60022],"extended":false,"handId":701,"id":7012,"length":66.821,"mcpPosition":[57.839,264.422,3.72883],"pipPosition":[30.8379,239.642,-27.3737],"stabilizedTipPosition":[18.2701,200.661,17.8727],"timeVisible":39.6248,"tipPosition":[30.1686,211.962,2.92907],"tipVelocity":[197.478,227.819,-213.345],"tool":false,"touchDistance":0.333333,"touchZone":"none","type":2,"width":18.9446},{"bases":[[[0.768916,-0.564441,-0.300289],[0.624954,0.56444,0.539295],[-0.134905,-0.60234,0.786757]],[[0.773663,-0.540099,-0.331267],[0.233622,0.729168,-0.643222],[0.588953,0.420246,0.69031]],[[0.773663,-0.540099,-0.331267],[-0.564629,-0.350492,-0.747228],[0.28747,0.765146,-0.576119]],[[0.773663,-0.540099,-0.331267],[-0.622293,-0.746051,-0.236981],[-0.119149,0.389488,-0.913292]]],"btipPosition":[44.8274,204.867,4.29677],"carpPosition":[68.3632,214.36,51.2681],"dipPosition":[42.6074,212.124,-12.72],"direction":[-0.28747,-0.765146,0.576119],"extended":false,"handId":701,"id":7013,"length":64.2502,"mcpPosition":[76.7902,251.986,2.12199],"pipPosition":[50.5489,233.262,-28.6354],"stabilizedTipPosition":[35.3872,196.933,11.9959],"timeVisible":39.6248,"tipPosition":[44.6009,206.322,1.30055],"tipVelocity":[195.304,243.203,-228.767],"tool":false,"touchDistance":0.333333,"touchZone":"none","type":3,"width":18.027},{"bases":[[[0.634234,-0.715813,-0.292164],[0.722551,0.41433,0.5534],[-0.275078,-0.562088,0.779993]],[[0.572847,-0.806954,-0.143776],[0.532764,0.499868,-0.682858],[0.622904,0.314574,0.716264]],[[0.572847,-0.806954,-0.143776],[-0.571,-0.26703,-0.776308],[0.588053,0.526802,-0.613738]],[[0.572847,-0.806954,-0.143776],[-0.811835,-0.534396,-0.235253],[0.113005,0.251486,-0.961241]]],"btipPosition":[56.0779,211.031,2.54837],"carpPosition":[75.5483,204.219,44.4141],"dipPosition":[58.0204,215.354,-13.9745],"direction":[-0.588053,-0.526802,0.613738],"extended":false,"handId":701,"id":7014,"length":50.3709,"mcpPosition":[91.4546,236.722,-0.688827],"pipPosition":[69.4902,225.629,-25.9452],"stabilizedTipPosition":[50.4013,205.059,5.74967],"timeVisible":39.6248,"tipPosition":[56.6641,211.83,-0.532943],"tipVelocity":[199.21,247.264,-209.928],"tool":false,"touchDistance":0.333333,"touchZone":"none","type":4,"width":16.013}],"r":[[0.947946,-0.193359,0.253003],[0.148437,0.971249,0.186124],[-0.281718,-0.13888,0.949393]],"s":0.894308,"t":[51.5665,21.6918,-89.7437],"timestamp":523942768791},false],[2,{"currentFrameRate":103.794,"devices":[],"gestures":[],"hands":[{"armBasis":[[0.838334,-0.232821,-0.492941],[0.427622,0.841682,0.329714],[0.338135,-0.487203,0.80517]],"armWidth":63.5437,"confidence":0.6181,"direction":[0.0947473,0.739246,-0.666737],"elbow":[152.306,72.7969,268.347],"grabStrength":0,"id":701,"palmNormal":[-0.430148,-0.573599,-0.697106],"palmPosition":[57.6864,243.997,14.6499],"palmVelocity":[168.088,226.502,-192.967],"palmWidth":90.7382,"pinchStrength":0.752238,"r":[[0.947171,-0.188809,0.259266],[0.142687,0.97202,0.186592],[-0.287242,-0.139741,0.94761]],"s":0.894161,"sphereCenter":[38.3071,236.89,-24.4329],"sphereRadius":45.2245,"stabilizedPalmPosition":[52.0981,237.028,21.8307],"t":[52.9979,23.5613,-91.4496],"timeVisible":39.6337,"type":"right","wrist":[61.2619,203.978,51.5531]}],"id":4301227,"interactionBox":{"center":[0,200,0],"size":[235.247,235.247,147.751]},"pointables":[{"bases":[[[0.764485,0.51531,0.387321],[-0.567131,0.251987,0.784134],[0.306472,-0.81912,0.484888]],[[0.576858,0.801063,0.159789],[-0.621459,0.303444,0.722295],[0.530117,-0.515964,0.672872]],[[0.576858,0.801063,0.159789],[-0.816092,0.556797,0.154823],[0.035053,-0.219714,0.974934]],[[0.576858,0.801063,0.159789],[-0.404857,0.450287,-0.795822],[-0.709455,0.394384,0.584068]]],"btipPosition":[19.7599,229.259,-26.4602],"carpPosition":[30.7829,205.308,53.8155],"dipPosition":[3.20209,238.463,-12.8287],"direction":[-0.035053,0.219714,-0.974934],"extended":false,"handId":701,"id":7010,"length":51.9721,"mcpPosition":[30.7829,205.308,53.8155],"pipPosition":[4.39394,230.993,20.3202],"stabilizedTipPosition":[0.661963,219.186,-2.1762],"timeVisible":39.6337,"tipPosition":[16.0422,231.581,-23.2691],"tipVelocity":[185.833,219.811,-212.013],"tool":false,"touchDistance":-0.576895,"touchZone":"hovering","type":0,"width":20.194},{"bases":[[[0.900936,-0.223714,-0.371842],[0.416883,0.684145,0.59846],[0.12051,-0.694189,0.709633]],[[0.908287,-0.288207,-0.303235],[0.406776,0.777729,0.479239],[0.0977149,-0.558635,0.823637]],[[0.908287,-0.288207,-0.303235],[0.379423,0.872835,0.306916],[0.176219,-0.393822,0.902137]],[[0.908287,-0.288207,-0.303235],[0.348466,0.922291,0.167185],[0.231487,-0.257519,0.938135]]],"btipPosition":[26.1829,310.287,-66.906],"carpPosition":[47.4023,221.543,58.1734],"dipPosition":[30.127,305.9,-50.9217],"direction":[-0.176219,0.393822,-0.902137],"extended":true,"handId":701,"id":7011,"length":58.6448,"mcpPosition":[38.561,272.473,6.11044],"pipPosition":[34.3745,296.407,-29.1771],"stabilizedTipPosition":[18.6392,300.209,-53.4124],"timeVisible":39.6337,"tipPosition":[26.5781,308.344,-63.5534],"tipVelocity":[201.139,224.903,-210.374],"tool":false,"touchDistance":-0.568735,"touchZone":"touching","type":1,"width":19.2893},{"bases":[[[0.824577,-0.428775,-0.369087],[0.56574,0.621067,0.542415],[-0.00334601,-0.65607,0.754693]],[[0.824574,-0.429311,-0.368471],[0.0862716,0.739088,-0.668062],[0.559138,0.519078,0.64647]],[[0.824574,-0.429311,-0.368471],[-0.548487,-0.446935,-0.70669],[0.138707,0.78482,-0.604002]],[[0.824574,-0.429311,-0.368471],[-0.524048,-0.825012,-0.211495],[-0.213196,0.367489,-0.905262]]],"btipPosition":[32.4015,211.948,4.76682],"carpPosition":[58.9829,220.395,54.2557],"dipPosition":[28.4062,218.835,-12.1978],"direction":[-0.138707,-0.78482,0.604002],"extended":false,"handId":701,"id":7012,"length":66.821,"mcpPosition":[59.2157,266.041,1.74797],"pipPosition":[32.3396,241.091,-29.3259],"stabilizedTipPosition":[21.1434,203.46,14.174],"timeVisible":39.6337,"tipPosition":[31.5404,213.578,1.12976],"tipVelocity":[186.014,215.635,-210.767],"tool":false,"touchDistance":0.333333,"touchZone":"none","type":2,"width":18.9446},{"bases":[[[0.770087,-0.566238,-0.293837],[0.622812,0.567615,0.53844],[-0.138099,-0.597651,0.789773]],[[0.774958,-0.542093,-0.324924],[0.236137,0.725227,-0.64675],[0.586242,0.424477,0.690028]],[[0.774958,-0.542093,-0.324924],[-0.5617,-0.355085,-0.747267],[0.289713,0.76161,-0.579669]],[[0.774958,-0.542093,-0.324924],[-0.621363,-0.747482,-0.234902],[-0.115536,0.383935,-0.916103]]],"btipPosition":[46.2013,206.489,2.62904],"carpPosition":[69.546,216.262,49.6257],"dipPosition":[44.0486,213.643,-14.4401],"direction":[-0.289713,-0.76161,0.579669],"extended":false,"handId":701,"id":7013,"length":64.2502,"mcpPosition":[78.1726,253.596,0.291234],"pipPosition":[52.052,234.683,-30.4536],"stabilizedTipPosition":[37.7883,199.54,8.90275],"timeVisible":39.6337,"tipPosition":[45.9826,207.929,-0.391644],"tipVelocity":[184.979,226.317,-218.275],"tool":false,"touchDistance":0.333333,"touchZone":"none","type":3,"width":18.027},{"bases":[[[0.635364,-0.717555,-0.285354],[0.720343,0.417589,0.553828],[-0.278241,-0.557436,0.782206]],[[0.572524,-0.808717,-0.134884],[0.541511,0.496509,-0.678414],[0.615616,0.315367,0.722192]],[[0.572524,-0.808717,-0.134884],[-0.562801,-0.268013,-0.781936],[0.596214,0.52359,-0.608591]],[[0.572524,-0.808717,-0.134884],[-0.810736,-0.533907,-0.240105],[0.122161,0.246821,-0.96133]]],"btipPosition":[57.4111,212.739,0.55943],"carpPosition":[76.7581,206.081,42.861],"dipPosition":[59.511,216.982,-15.965],"direction":[-0.596214,-0.52359,0.608591],"extended":false,"handId":701,"id":7014,"length":50.3709,"mcpPosition":[92.8473,238.314,-2.36988],"pipPosition":[71.1399,227.194,-27.8353],"stabilizedTipPosition":[52.5167,207.503,3.21134],"timeVisible":39.6337,"tipPosition":[58.0341,213.505,-2.46412],"tipVelocity":[187.217,232.055,-214],"tool":false,"touchDistance":0.333333,"touchZone":"none","type":4,"width":16.013}],"r":[[0.947171,-0.188809,0.259266],[0.142687,0.97202,0.186592],[-0.287242,-0.139741,0.94761]],"s":0.894161,"t":[52.9979,23.5613,-91.4496],"timestamp":523942777633},false],[3,{"currentFrameRate":104.099,"devices":[],"gestures":[],"hands":[{"armBasis":[[0.839449,-0.225648,-0.494377],[0.420762,0.845608,0.328491],[0.343925,-0.483767,0.804789]],"armWidth":63.5437,"confidence":0.65277,"direction":[0.0948953,0.74071,-0.665089],"elbow":[155.304,75.3927,266.632],"grabStrength":0,"id":701,"palmNormal":[-0.423056,-0.574764,-0.700478],"palmPosition":[59.1385,245.704,13.0747],"palmVelocity":[166.066,216.15,-187.848],"palmWidth":90.7382,"pinchStrength":0.752066,"r":[[0.946382,-0.184273,0.265338],[0.13686,0.972705,0.187388],[-0.292626,-0.141026,0.94577]],"s":0.894017,"sphereCenter":[39.9629,238.596,-26.1286],"sphereRadius":45.2372,"stabilizedPalmPosition":[54.1542,239.562,19.2736],"t":[54.4396,25.3493,-93.0902],"timeVisible":39.6427,"type":"right","wrist":[62.7008,205.648,49.9403]}],"id":4301228,"interactionBox":{"center":[0,200,0],"size":[235.247,235.247,147.751]},"pointables":[{"bases":[[[0.759518,0.518651,0.392598],[-0.573054,0.247911,0.78112],[0.3078,-0.818255,0.485508]],[[0.572476,0.803129,0.165091],[-0.625975,0.298067,0.720633],[0.529553,-0.515888,0.673375]],[[0.572476,0.803129,0.165091],[-0.819316,0.552606,0.152797],[0.0314849,-0.222734,0.974371]],[[0.572476,0.803129,0.165091],[-0.40153,0.450163,-0.797576],[-0.714874,0.390304,0.580188]]],"btipPosition":[21.4555,230.964,-28.1672],"carpPosition":[32.2025,206.819,52.0237],"dipPosition":[4.77117,240.073,-14.6263],"direction":[-0.0314849,0.222734,-0.974371],"extended":false,"handId":701,"id":7010,"length":51.9721,"mcpPosition":[32.2025,206.819,52.0237],"pipPosition":[5.84169,232.5,18.5035],"stabilizedTipPosition":[4.03601,221.946,-6.72834],"timeVisible":39.6427,"tipPosition":[17.732,233.203,-25.0403],"tipVelocity":[185.462,210.59,-206.303],"tool":false,"touchDistance":-0.573457,"touchZone":"hovering","type":0,"width":20.194},{"bases":[[[0.904261,-0.218537,-0.366815],[0.409808,0.685387,0.601916],[0.119869,-0.694613,0.709327]],[[0.911537,-0.283093,-0.29826],[0.4001,0.778081,0.484262],[0.094979,-0.560756,0.822515]],[[0.911537,-0.283093,-0.29826],[0.373335,0.873794,0.311618],[0.1724,-0.395402,0.902184]],[[0.911537,-0.283093,-0.29826],[0.342919,0.923597,0.17139],[0.226952,-0.258508,0.938971]]],"btipPosition":[27.8263,312.054,-68.5204],"carpPosition":[48.7122,223.133,56.5038],"dipPosition":[31.6931,307.649,-52.5219],"direction":[-0.1724,0.395402,-0.902184],"extended":true,"handId":701,"id":7011,"length":58.6448,"mcpPosition":[39.9178,274.094,4.4633],"pipPosition":[35.8486,298.119,-30.7761],"stabilizedTipPosition":[21.0793,302.832,-56.1799],"timeVisible":39.6427,"tipPosition":[28.2188,310.115,-65.1702],"tipVelocity":[195.307,216.699,-201.557],"tool":false,"touchDistance":-0.564362,"touchZone":"touching","type":1,"width":19.2893},{"bases":[[[0.828942,-0.423991,-0.364811],[0.559317,0.623157,0.546663],[-0.00444547,-0.657197,0.753706]],[[0.828938,-0.424496,-0.364232],[0.0865689,0.740701,-0.666235],[0.5526,0.520736,0.650743]],[[0.828938,-0.424496,-0.364232],[-0.541936,-0.448348,-0.710837],[0.138445,0.786631,-0.601702]],[[0.828938,-0.424496,-0.364232],[-0.518597,-0.827252,-0.216127],[-0.209567,0.368046,-0.905883]]],"btipPosition":[34.0703,213.54,2.97395],"carpPosition":[60.3216,222.05,52.6531],"dipPosition":[30.1431,220.437,-14.0023],"direction":[-0.138445,-0.786631,0.601702],"extended":false,"handId":701,"id":7012,"length":66.821,"mcpPosition":[60.6309,267.774,0.214097],"pipPosition":[34.069,242.744,-31.0652],"stabilizedTipPosition":[23.8798,206.115,10.7364],"timeVisible":39.6427,"tipPosition":[33.2245,215.171,-0.662881],"tipVelocity":[186.143,204.847,-207.464],"tool":false,"touchDistance":0.333333,"touchZone":"none","type":2,"width":18.9446},{"bases":[[[0.774715,-0.561843,-0.290086],[0.616685,0.570004,0.54295],[-0.139702,-0.599522,0.788071]],[[0.77963,-0.537713,-0.321001],[0.237672,0.728293,-0.64273],[0.579387,0.424799,0.695598]],[[0.77963,-0.537713,-0.321001],[-0.554721,-0.355091,-0.752459],[0.290623,0.764706,-0.575121]],[[0.77963,-0.537713,-0.321001],[-0.616311,-0.74972,-0.240997],[-0.111073,0.385725,-0.915903]]],"btipPosition":[47.8856,208.189,0.812016],"carpPosition":[70.933,217.978,48.0799],"dipPosition":[45.8161,215.376,-16.2534],"direction":[-0.290623,-0.764706,0.575121],"extended":false,"handId":701,"id":7013,"length":64.2502,"mcpPosition":[79.6598,255.428,-1.14822],"pipPosition":[53.8446,236.501,-32.1413],"stabilizedTipPosition":[40.1131,202.029,5.9994],"timeVisible":39.6427,"tipPosition":[47.6794,209.633,-2.2069],"tipVelocity":[185.971,216.038,-213.533],"tool":false,"touchDistance":0.333333,"touchZone":"none","type":3,"width":18.027},{"bases":[[[0.640724,-0.713861,-0.282622],[0.714893,0.420458,0.558698],[-0.280002,-0.560015,0.779732]],[[0.576924,-0.806135,-0.131544],[0.545831,0.500311,-0.672129],[0.60764,0.315967,0.728655]],[[0.576924,-0.806135,-0.131544],[-0.554408,-0.268213,-0.787841],[0.599825,0.527454,-0.601667]],[[0.576924,-0.806135,-0.131544],[-0.806524,-0.536769,-0.247786],[0.12914,0.249047,-0.959843]]],"btipPosition":[59.083,214.516,-1.20364],"carpPosition":[78.2373,207.844,41.3433],"dipPosition":[61.3028,218.797,-17.7025],"direction":[-0.599825,-0.527454,0.601667],"extended":false,"handId":701,"id":7014,"length":50.3709,"mcpPosition":[94.4283,240.227,-3.74442],"pipPosition":[73.0021,229.085,-29.4378],"stabilizedTipPosition":[54.5665,209.82,0.833438],"timeVisible":39.6427,"tipPosition":[59.7289,215.284,-4.21483],"tipVelocity":[187.47,222.605,-208.637],"tool":false,"touchDistance":0.333333,"touchZone":"none","type":4,"width":16.013}],"r":[[0.946382,-0.184273,0.265338],[0.13686,0.972705,0.187388],[-0.292626,-0.141026,0.94577]],"s":0.894017,"t":[54.4396,25.3493,-93.0902],"timestamp":523942786666},false],[4,{"currentFrameRate":104.336,"devices":[],"gestures":[],"hands":[{"armBasis":[[0.842015,-0.216901,-0.493928],[0.410861,0.851181,0.326625],[0.349576,-0.477959,0.805824]],"armWidth":63.5437,"confidence":0.634581,"direction":[0.0938511,0.740494,-0.665478],"elbow":[158.245,78.9734,265.534],"grabStrength":0,"id":701,"palmNormal":[-0.412976,-0.579254,-0.702791],"palmPosition":[60.5095,247.636,11.611],"palmVelocity":[161.592,214.822,-180.135],"palmWidth":90.7382,"pinchStrength":0.753192,"r":[[0.945592,-0.179009,0.271682],[0.130306,0.973505,0.187905],[-0.298121,-0.142279,0.943865]],"s":0.894006,"sphereCenter":[41.6106,240.392,-27.702],"sphereRadius":45.2584,"stabilizedPalmPosition":[56.0677,241.993,16.9665],"t":[55.846,27.2094,-94.6423],"timeVisible":39.6519,"type":"right","wrist":[64.1209,207.665,48.5636]}],"id":4301229,"interactionBox":{"center":[0,200,0],"size":[235.247,235.247,147.751]},"pointables":[{"bases":[[[0.752219,0.525464,0.397559],[-0.580996,0.244323,0.77637],[0.310822,-0.814981,0.489077]],[[0.565249,0.807444,0.168902],[-0.632435,0.292715,0.717177],[0.52964,-0.512203,0.676113]],[[0.565249,0.807444,0.168902],[-0.824446,0.546013,0.14886],[0.0279733,-0.223393,0.974327]],[[0.565249,0.807444,0.168902],[-0.395164,0.444764,-0.80376],[-0.724112,0.387581,0.570475]]],"btipPosition":[23.1827,232.635,-29.6854],"carpPosition":[33.5991,208.588,50.4137],"dipPosition":[6.28275,241.681,-16.3711],"direction":[-0.0279733,0.223393,-0.974327],"extended":false,"handId":701,"id":7010,"length":51.9721,"mcpPosition":[33.5991,208.588,50.4137],"pipPosition":[7.23388,234.085,16.7572],"stabilizedTipPosition":[7.29865,224.676,-10.982],"timeVisible":39.6519,"tipPosition":[19.4345,234.806,-26.6782],"tipVelocity":[184.923,202.418,-196.699],"tool":false,"touchDistance":-0.567999,"touchZone":"hovering","type":0,"width":20.194},{"bases":[[[0.908791,-0.211616,-0.359608],[0.399569,0.689619,0.603963],[0.120184,-0.692564,0.711274]],[[0.916076,-0.276015,-0.290895],[0.390252,0.780494,0.488398],[0.0922367,-0.560933,0.822707]],[[0.916076,-0.276015,-0.290895],[0.36417,0.876327,0.315328],[0.167884,-0.3948,0.903299]],[[0.916076,-0.276015,-0.290895],[0.334453,0.926116,0.174503],[0.221237,-0.257149,0.940706]]],"btipPosition":[29.3541,313.784,-70.2377],"carpPosition":[49.9394,225.044,54.9941],"dipPosition":[33.1236,309.402,-54.2096],"direction":[-0.167884,0.3948,-0.903298],"extended":true,"handId":701,"id":7011,"length":58.6448,"mcpPosition":[41.1219,275.854,2.8107],"pipPosition":[37.1702,299.886,-32.437],"stabilizedTipPosition":[23.3874,305.343,-58.7985],"timeVisible":39.6519,"tipPosition":[29.7372,311.842,-66.8905],"tipVelocity":[186.789,209.231,-197.54],"tool":false,"touchDistance":-0.561916,"touchZone":"touching","type":1,"width":19.2893},{"bases":[[[0.835151,-0.41768,-0.357863],[0.55,0.628542,0.549941],[-0.00476766,-0.656108,0.754652]],[[0.835148,-0.418155,-0.357317],[0.0856612,0.740591,-0.666473],[0.543315,0.525995,0.654323]],[[0.835148,-0.418155,-0.357317],[-0.532764,-0.453514,-0.714484],[0.136717,0.787065,-0.601529]],[[0.835148,-0.418155,-0.357317],[-0.51017,-0.831698,-0.219101],[-0.205561,0.365274,-0.907921]]],"btipPosition":[35.7777,215.252,1.34954],"carpPosition":[61.5863,224.051,51.2333],"dipPosition":[31.9255,222.097,-15.6649],"direction":[-0.136717,-0.787065,0.601529],"extended":false,"handId":701,"id":7012,"length":66.821,"mcpPosition":[61.918,269.699,-1.27155],"pipPosition":[35.8025,244.416,-32.7229],"stabilizedTipPosition":[26.4905,208.654,7.5833],"timeVisible":39.6519,"tipPosition":[34.948,216.87,-2.29362],"tipVelocity":[186.846,199.59,-199.452],"tool":false,"touchDistance":0.333333,"touchZone":"none","type":2,"width":18.9446},{"bases":[[[0.781493,-0.555865,-0.283341],[0.60783,0.575859,0.546744],[-0.140752,-0.5995,0.787901]],[[0.786431,-0.53182,-0.314156],[0.237857,0.730131,-0.640572],[0.570044,0.429042,0.700695]],[[0.786431,-0.53182,-0.314156],[-0.545392,-0.359119,-0.757352],[0.289955,0.766943,-0.572472]],[[0.786431,-0.53182,-0.314156],[-0.608452,-0.754581,-0.245751],[-0.106361,0.384415,-0.917013]]],"btipPosition":[49.6304,210.043,-0.789917],"carpPosition":[72.2653,220.06,46.747],"dipPosition":[47.6486,217.205,-17.876],"direction":[-0.289955,-0.766943,0.572472],"extended":false,"handId":701,"id":7013,"length":64.2502,"mcpPosition":[81.0576,257.508,-2.47059],"pipPosition":[55.6587,238.392,-33.6907],"stabilizedTipPosition":[42.3876,204.454,3.30885],"timeVisible":39.6519,"tipPosition":[49.4359,211.482,-3.81531],"tipVelocity":[187.949,212.181,-203.026],"tool":false,"touchDistance":0.333333,"touchZone":"none","type":3,"width":18.027},{"bases":[[[0.648705,-0.708971,-0.276662],[0.707142,0.427149,0.563466],[-0.281305,-0.561162,0.778437]],[[0.584331,-0.801745,-0.125544],[0.54764,0.503747,-0.668079],[0.598872,0.321626,0.733423]],[[0.584331,-0.801745,-0.125544],[-0.545546,-0.273561,-0.792177],[0.60078,0.531384,-0.597239]],[[0.584331,-0.801745,-0.125544],[-0.8002,-0.543502,-0.253546],[0.135046,0.248615,-0.959142]]],"btipPosition":[60.8137,216.446,-2.65719],"carpPosition":[79.7037,209.976,40.0815],"dipPosition":[63.135,220.72,-19.144],"direction":[-0.60078,-0.531384,0.597239],"extended":false,"handId":701,"id":7014,"length":50.3709,"mcpPosition":[95.9701,242.425,-4.93145],"pipPosition":[74.853,231.084,-30.7929],"stabilizedTipPosition":[56.5915,212.092,-1.34131],"timeVisible":39.6519,"tipPosition":[61.476,217.214,-5.67429],"tipVelocity":[188.701,219.355,-194.747],"tool":false,"touchDistance":0.333333,"touchZone":"none","type":4,"width":16.013}],"r":[[0.945592,-0.179009,0.271682],[0.130306,0.973505,0.187905],[-0.298121,-0.142279,0.943865]],"s":0.894006,"t":[55.846,27.2094,-94.6423],"timestamp":523942795807},false],[5,{"currentFrameRate":104.646,"devices":[],"gestures":[],"hands":[{"armBasis":[[0.849499,-0.218022,-0.480434],[0.405269,0.8527,0.329635],[0.337799,-0.47473,0.812726]],"armWidth":63.5437,"confidence":0.564441,"direction":[0.0927972,0.742003,-0.663943],"elbow":[156.242,81.3487,266.244],"grabStrength":0,"id":701,"palmNormal":[-0.407237,-0.580212,-0.705346],"palmPosition":[61.6248,249.182,10.5102],"palmVelocity":[151.364,203.143,-164.382],"palmWidth":90.7382,"pinchStrength":0.751978,"r":[[0.944862,-0.173936,0.277456],[0.123925,0.974186,0.18869],[-0.303114,-0.143903,0.942027]],"s":0.894207,"sphereCenter":[42.8609,241.971,-28.8729],"sphereRadius":45.2825,"stabilizedPalmPosition":[57.7565,244.178,15.0044],"t":[57.1068,28.9122,-95.9687],"timeVisible":39.6608,"type":"right","wrist":[65.2889,209.171,47.4149]}],"id":4301230,"interactionBox":{"center":[0,200,0],"size":[235.247,235.247,147.751]},"pointables":[{"bases":[[[0.747968,0.528606,0.401396],[-0.585326,0.24018,0.774408],[0.312949,-0.81418,0.489054]],[[0.561303,0.809271,0.17326],[-0.635454,0.287304,0.716697],[0.530224,-0.512383,0.67552]],[[0.561303,0.809271,0.17326],[-0.827148,0.541557,0.150142],[0.0276757,-0.227587,0.973364]],[[0.561303,0.809271,0.17326],[-0.393326,0.445047,-0.804505],[-0.728172,0.383423,0.568113]]],"btipPosition":[24.415,234.233,-30.838],"carpPosition":[34.7556,209.938,49.1437],"dipPosition":[7.42032,243.182,-17.5789],"direction":[-0.0276757,0.227587,-0.973364],"extended":false,"handId":701,"id":7010,"length":51.9721,"mcpPosition":[34.7556,209.938,49.1437],"pipPosition":[8.36133,235.444,15.5167],"stabilizedTipPosition":[10.2311,227.255,-14.7135],"timeVisible":39.6608,"tipPosition":[20.6825,236.312,-27.8813],"tipVelocity":[171.208,195.071,-178.377],"tool":false,"touchDistance":-0.557012,"touchZone":"hovering","type":0,"width":20.194},{"bases":[[[0.911278,-0.206485,-0.356281],[0.393672,0.690663,0.606636],[0.120809,-0.693072,0.710674]],[[0.918614,-0.271,-0.28759],[0.384634,0.780048,0.49354],[0.0905849,-0.56399,0.820798]],[[0.918614,-0.271,-0.28759],[0.358934,0.876634,0.320436],[0.165274,-0.397583,0.902559]],[[0.918614,-0.271,-0.28759],[0.329585,0.926948,0.179279],[0.217997,-0.259473,0.940825]]],"btipPosition":[30.5522,315.483,-71.2748],"carpPosition":[50.9945,226.468,53.8153],"dipPosition":[34.2665,311.062,-55.2447],"direction":[-0.165274,0.397583,-0.902559],"extended":true,"handId":701,"id":7011,"length":58.6448,"mcpPosition":[42.1312,277.316,1.67599],"pipPosition":[38.2502,301.479,-33.4899],"stabilizedTipPosition":[25.4673,307.709,-61.0781],"timeVisible":39.6608,"tipPosition":[30.9299,313.528,-67.9375],"tipVelocity":[171.797,203.502,-175.062],"tool":false,"touchDistance":-0.549608,"touchZone":"touching","type":1,"width":19.2893},{"bases":[[[0.838669,-0.412919,-0.355152],[0.544623,0.630428,0.553124],[-0.00449743,-0.657312,0.753605]],[[0.838665,-0.413367,-0.354638],[0.0847264,0.742225,-0.664774],[0.538017,0.527475,0.657501]],[[0.838665,-0.413367,-0.354638],[-0.527565,-0.45476,-0.717543],[0.135333,0.788873,-0.599469]],[[0.838665,-0.413367,-0.354638],[-0.505149,-0.833798,-0.222725],[-0.203629,0.365936,-0.908089]]],"btipPosition":[37.0915,216.689,0.0808418],"carpPosition":[62.6612,225.539,50.0998],"dipPosition":[33.2755,223.547,-16.9367],"direction":[-0.135333,-0.788873,0.599469],"extended":false,"handId":701,"id":7012,"length":66.821,"mcpPosition":[62.9741,271.272,-2.3322],"pipPosition":[37.1133,245.918,-33.9363],"stabilizedTipPosition":[28.8343,210.971,4.83131],"timeVisible":39.6608,"tipPosition":[36.2699,218.309,-3.56103],"tipVelocity":[176.011,188.882,-183.555],"tool":false,"touchDistance":0.333333,"touchZone":"none","type":2,"width":18.9446},{"bases":[[[0.785407,-0.551488,-0.281062],[0.60273,0.578041,0.550078],[-0.140897,-0.60144,0.786396]],[[0.790336,-0.527436,-0.311737],[0.237839,0.733034,-0.637255],[0.564625,0.429502,0.704788]],[[0.790336,-0.527436,-0.311737],[-0.53999,-0.359285,-0.761134],[0.289447,0.769886,-0.568767]],[[0.790336,-0.527436,-0.311737],[-0.603808,-0.75678,-0.250397],[-0.103848,0.386127,-0.916581]]],"btipPosition":[50.9608,211.58,-2.08539],"carpPosition":[73.3781,221.609,45.6502],"dipPosition":[49.0259,218.774,-19.1634],"direction":[-0.289447,-0.769886,0.568767],"extended":false,"handId":701,"id":7013,"length":64.2502,"mcpPosition":[82.1794,259.179,-3.47326],"pipPosition":[57.022,240.042,-34.8758],"stabilizedTipPosition":[44.4581,206.691,0.934222],"timeVisible":39.6608,"tipPosition":[50.771,213.025,-5.11455],"tipVelocity":[177.394,201.189,-186.888],"tool":false,"touchDistance":0.333333,"touchZone":"none","type":3,"width":18.027},{"bases":[[[0.653364,-0.705269,-0.275155],[0.70272,0.429805,0.566967],[-0.281601,-0.563793,0.776426]],[[0.588703,-0.79876,-0.124139],[0.548501,0.50753,-0.6645],[0.59378,0.323103,0.736905]],[[0.588703,-0.79876,-0.124139],[-0.540421,-0.274703,-0.795288],[0.601143,0.535276,-0.593386]],[[0.588703,-0.79876,-0.124139],[-0.796444,-0.546893,-0.258039],[0.138221,0.250778,-0.958126]]],"btipPosition":[62.1387,218.031,-3.83877],"carpPosition":[80.8937,211.574,38.999],"dipPosition":[64.5146,222.341,-20.3081],"direction":[-0.601143,-0.535276,0.593386],"extended":false,"handId":701,"id":7014,"length":50.3709,"mcpPosition":[97.1772,244.175,-5.89762],"pipPosition":[76.2397,232.782,-31.8819],"stabilizedTipPosition":[58.4303,214.183,-3.23797],"timeVisible":39.6608,"tipPosition":[62.8092,218.807,-6.85991],"tipVelocity":[177.829,207.884,-177.335],"tool":false,"touchDistance":0.333333,"touchZone":"none","type":4,"width":16.013}],"r":[[0.944862,-0.173936,0.277456],[0.123925,0.974186,0.18869],[-0.303114,-0.143903,0.942027]],"s":0.894207,"t":[57.1068,28.9122,-95.9687],"timestamp":523942804783},false],[6,{"currentFrameRate":104.847,"devices":[],"gestures":[],"hands":[{"armBasis":[[0.85711,-0.220128,-0.465732],[0.401757,0.851522,0.3369],[0.32242,-0.475871,0.818286]],"armWidth":63.5437,"confidence":0.604525,"direction":[0.0956768,0.736998,-0.669089],"elbow":[153.104,83.3927,265.998],"grabStrength":0,"id":701,"palmNormal":[-0.400578,-0.586835,-0.703677],"palmPosition":[62.7911,251.231,8.42758],"palmVelocity":[144.65,208.866,-181.92],"palmWidth":90.7382,"pinchStrength":0.752302,"r":[[0.94391,-0.168937,0.283713],[0.118027,0.975065,0.187928],[-0.308387,-0.143902,0.940314]],"s":0.894488,"sphereCenter":[44.2715,243.739,-31.0038],"sphereRadius":45.2996,"stabilizedPalmPosition":[59.3148,246.361,12.9688],"t":[58.3204,30.7884,-97.6733],"timeVisible":39.67,"type":"right","wrist":[66.2916,211.522,45.6724]}],"id":4301231,"interactionBox":{"center":[0,200,0],"size":[235.247,235.247,147.751]},"pointables":[{"bases":[[[0.743644,0.53375,0.402622],[-0.591566,0.244703,0.768225],[0.311518,-0.809464,0.49772]],[[0.558886,0.811217,0.171969],[-0.640346,0.290427,0.711062],[0.526881,-0.507523,0.681775]],[[0.558886,0.811217,0.171969],[-0.828952,0.541031,0.141863],[0.0220412,-0.22184,0.974834]],[[0.558886,0.811217,0.171969],[-0.386313,0.438206,-0.811627],[-0.733763,0.387173,0.558291]]],"btipPosition":[25.8925,235.992,-32.9399],"carpPosition":[35.7446,212.221,47.1738],"dipPosition":[8.76734,245.028,-19.9101],"direction":[-0.0220412,0.22184,-0.974834],"extended":false,"handId":701,"id":7010,"length":51.9721,"mcpPosition":[35.7446,212.221,47.1738],"pipPosition":[9.51676,237.485,13.2355],"stabilizedTipPosition":[12.9457,229.76,-18.2402],"timeVisible":39.67,"tipPosition":[22.1328,238.038,-30.0729],"tipVelocity":[167.518,194.795,-194.206],"tool":false,"touchDistance":-0.561964,"touchZone":"hovering","type":0,"width":20.194},{"bases":[[[0.914381,-0.206844,-0.348026],[0.387442,0.69647,0.604003],[0.117455,-0.687129,0.716979]],[[0.921388,-0.270821,-0.278749],[0.379269,0.783155,0.49277],[0.0848511,-0.559753,0.824304]],[[0.921388,-0.270821,-0.278749],[0.354787,0.878912,0.318811],[0.158655,-0.392645,0.905902]],[[0.921388,-0.270821,-0.278749],[0.326428,0.928527,0.176869],[0.210926,-0.253957,0.943937]]],"btipPosition":[32.2353,317.016,-74.0041],"carpPosition":[51.9058,228.831,51.8323],"dipPosition":[35.8291,312.689,-57.921],"direction":[-0.158655,0.392645,-0.905902],"extended":true,"handId":701,"id":7011,"length":58.6448,"mcpPosition":[43.2886,279.243,-0.769507],"pipPosition":[39.6532,303.224,-36.0856],"stabilizedTipPosition":[27.4564,309.886,-63.4948],"timeVisible":39.67,"tipPosition":[32.5907,315.07,-70.6593],"tipVelocity":[174.266,194.045,-208.925],"tool":false,"touchDistance":-0.563737,"touchZone":"touching","type":1,"width":19.2893},{"bases":[[[0.842307,-0.413456,-0.345794],[0.538935,0.636219,0.552064],[-0.00825322,-0.651368,0.758717]],[[0.842301,-0.413875,-0.345307],[0.08772,0.737349,-0.669792],[0.531821,0.533876,0.657375]],[[0.842301,-0.413875,-0.345307],[-0.521102,-0.461524,-0.717947],[0.137773,0.784668,-0.604413]],[[0.842301,-0.413875,-0.345307],[-0.501376,-0.836777,-0.220062],[-0.197867,0.358486,-0.912325]]],"btipPosition":[38.4139,218.592,-1.94004],"carpPosition":[63.6016,227.904,48.209],"dipPosition":[34.7058,225.31,-19.037],"direction":[-0.137773,-0.784668,0.604413],"extended":false,"handId":701,"id":7012,"length":66.821,"mcpPosition":[64.1758,273.223,-4.5787],"pipPosition":[38.6128,247.561,-36.1768],"stabilizedTipPosition":[31.0045,213.251,2.16951],"timeVisible":39.67,"tipPosition":[37.6159,220.181,-5.59864],"tipVelocity":[167.93,193.129,-194.423],"tool":false,"touchDistance":0.333333,"touchZone":"none","type":2,"width":18.9446},{"bases":[[[0.788871,-0.55158,-0.271],[0.5972,0.583965,0.549853],[-0.145033,-0.595604,0.790077]],[[0.793949,-0.527815,-0.301755],[0.241483,0.729256,-0.640212],[0.55797,0.435427,0.706451]],[[0.793949,-0.527815,-0.301755],[-0.533017,-0.365518,-0.763079],[0.292468,0.766687,-0.571537]],[[0.793949,-0.527815,-0.301755],[-0.60011,-0.75995,-0.249688],[-0.0975298,0.379326,-0.920109]]],"btipPosition":[52.2973,213.525,-4.029],"carpPosition":[74.3608,223.968,43.8684],"dipPosition":[50.4801,220.592,-21.1727],"direction":[-0.292468,-0.766687,0.571537],"extended":false,"handId":701,"id":7013,"length":64.2502,"mcpPosition":[83.4205,261.173,-5.48506],"pipPosition":[58.5596,241.772,-36.9616],"stabilizedTipPosition":[46.4117,208.918,-1.41035],"timeVisible":39.67,"tipPosition":[52.1249,214.948,-7.07781],"tipVelocity":[169.425,203.396,-194.381],"tool":false,"touchDistance":0.333333,"touchZone":"none","type":3,"width":18.027},{"bases":[[[0.657192,-0.705663,-0.264837],[0.697453,0.436135,0.568635],[-0.28576,-0.558414,0.778791]],[[0.591612,-0.798204,-0.113423],[0.552224,0.503697,-0.664332],[0.587404,0.330392,0.738781]],[[0.591612,-0.798204,-0.113423],[-0.533734,-0.282321,-0.797134],[0.604254,0.532132,-0.593054]],[[0.591612,-0.798204,-0.113423],[-0.793127,-0.55096,-0.2596],[0.144722,0.243542,-0.959032]]],"btipPosition":[63.4887,219.975,-5.68035],"carpPosition":[81.9508,213.9,37.3512],"dipPosition":[65.9764,224.161,-22.1652],"direction":[-0.604254,-0.532132,0.593054],"extended":false,"handId":701,"id":7014,"length":50.3709,"mcpPosition":[98.4748,246.191,-7.68215],"pipPosition":[77.7622,234.54,-33.7326],"stabilizedTipPosition":[60.1791,216.281,-5.17415],"timeVisible":39.67,"tipPosition":[64.1786,220.73,-8.71061],"tipVelocity":[170.109,208.215,-184.036],"tool":false,"touchDistance":0.333333,"touchZone":"none","type":4,"width":16.013}],"r":[[0.94391,-0.168937,0.283713],[0.118027,0.975065,0.187928],[-0.308387,-0.143902,0.940314]],"s":0.894488,"t":[58.3204,30.7884,-97.6733],"timestamp":523942813946},false],[7,{"currentFrameRate":105.173,"devices":[],"gestures":[],"hands":[{"armBasis":[[0.859266,-0.21468,-0.4643],[0.394812,0.855463,0.335123],[0.325247,-0.471271,0.819828]],"armWidth":63.5437,"confidence":0.59674,"direction":[0.