{"sensorType":"Leap","data":[[0,{"currentFrameRate":110.376,"devices":[],"gestures":[],"hands":[{"armBasis":[[0.891317,-0.168272,-0.420996],[0.352412,0.841334,0.409833],[0.285235,-0.513656,0.809196]],"armWidth":63.5437,"confidence":0.644229,"direction":[0.0896408,0.747895,-0.657737],"elbow":[142.159,58.6416,272.946],"grabStrength":0,"id":701,"palmNormal":[-0.344829,-0.596247,-0.724971],"palmPosition":[61.5979,236.869,18.0791],"palmVelocity":[6.73686,189.762,-153.892],"palmWidth":90.7382,"pinchStrength":0.868283,"r":[[0.924248,-0.135928,0.356777],[0.0711424,0.979425,0.188853],[-0.375106,-0.149165,0.914902]],"s":0.895715,"sphereCenter":[39.245,231.929,-20.1267],"sphereRadius":45.717,"stabilizedPalmPosition":[63.6063,212.39,50.3187],"t":[58.3324,16.6535,-88.5225],"timeVisible":20.8157,"type":"right","wrist":[65.3591,196.945,55.0676]}],"id":4299192,"interactionBox":{"center":[0,200,0],"size":[235.247,235.247,147.751]},"pointables":[{"bases":[[[0.701906,0.561821,0.437819],[-0.632751,0.209607,0.745447],[0.327038,-0.800264,0.502617]],[[0.511203,0.83615,0.198809],[-0.673423,0.245957,0.697142],[0.534017,-0.490264,0.688816]],[[0.511203,0.83615,0.198809],[-0.85919,0.502983,0.0938137],[-0.0215554,-0.218773,0.975538]],[[0.511203,0.83615,0.198809],[-0.377379,0.426202,-0.822154],[-0.772177,0.345261,0.533421]]],"btipPosition":[26.9474,220.052,-24.5914],"carpPosition":[34.7758,196.266,55.3164],"dipPosition":[8.92565,228.11,-12.142],"direction":[0.0215554,0.218773,-0.975538],"extended":false,"handId":701,"id":7010,"length":51.9721,"mcpPosition":[34.7758,196.266,55.3164],"pipPosition":[8.19274,220.671,21.0275],"stabilizedTipPosition":[21.9279,198.35,17.7679],"timeVisible":20.8157,"tipPosition":[23.2026,221.757,-21.2202],"tipVelocity":[18.8512,176.414,-174.07],"tool":false,"touchDistance":-0.454181,"touchZone":"hovering","type":0,"width":20.194},{"bases":[[[0.936162,-0.162078,-0.31198],[0.33085,0.706286,0.625858],[0.118909,-0.689123,0.714821]],[[0.938387,-0.176066,-0.297371],[0.317854,0.777454,0.54271],[0.13564,-0.603793,0.785517]],[[0.938387,-0.176066,-0.297371],[0.275941,0.899775,0.338026],[0.208052,-0.399256,0.892921]],[[0.938387,-0.176066,-0.297371],[0.232352,0.958402,0.165765],[0.255816,-0.224647,0.940262]]],"btipPosition":[26.0628,303.404,-62.851],"carpPosition":[49.9714,213.526,60.7898],"dipPosition":[30.4215,299.577,-46.8306],"direction":[-0.208052,0.399256,-0.892921],"extended":true,"handId":701,"id":7011,"length":58.6448,"mcpPosition":[41.2475,264.085,8.34624],"pipPosition":[35.4363,289.953,-25.308],"stabilizedTipPosition":[32.5035,280.69,-27.7474],"timeVisible":20.8157,"tipPosition":[26.8475,302.928,-58.8869],"tipVelocity":[-24.0475,167.7,-153.003],"tool":false,"touchDistance":-0.454229,"touchZone":"hovering","type":1,"width":19.2893},{"bases":[[[0.873409,-0.371705,-0.314629],[0.486887,0.653415,0.579646],[-0.009874,-0.659457,0.751677]],[[0.873254,-0.378729,-0.306581],[0.121569,0.77863,-0.615594],[0.471856,0.500299,0.725984]],[[0.873254,-0.378729,-0.306581],[-0.448703,-0.379711,-0.809003],[0.189981,0.844029,-0.501521]],[[0.873254,-0.378729,-0.306581],[-0.473856,-0.806653,-0.35323],[-0.113526,0.453734,-0.883876]]],"btipPosition":[36.5812,202.558,1.23474],"carpPosition":[61.8349,213.161,57.6427],"dipPosition":[34.4538,211.061,-15.3291],"direction":[-0.189981,-0.844029,0.501521],"extended":false,"handId":701,"id":7012,"length":66.821,"mcpPosition":[62.5219,259.043,5.34478],"pipPosition":[39.8412,234.995,-29.5511],"stabilizedTipPosition":[32.5959,180.562,35.4233],"timeVisible":20.8157,"tipPosition":[36.2412,204.484,-2.12068],"tipVelocity":[33.2735,177.191,-169.669],"tool":false,"touchDistance":0.333333,"touchZone":"none","type":2,"width":18.9446},{"bases":[[[0.823231,-0.512891,-0.243379],[0.547481,0.603834,0.579353],[-0.150184,-0.610187,0.777893]],[[0.829054,-0.485481,-0.277449],[0.204701,0.725243,-0.657359],[0.520353,0.488192,0.700644]],[[0.829054,-0.485481,-0.277449],[-0.483725,-0.373781,-0.79139],[0.280499,0.790314,-0.544724]],[[0.829054,-0.485481,-0.277449],[-0.556734,-0.762921,-0.328632],[-0.0521273,0.426919,-0.902786]]],"btipPosition":[52.3469,196.334,5.77148],"carpPosition":[72.9278,209.756,53.7125],"dipPosition":[51.3756,204.288,-11.0495],"direction":[-0.280499,-0.790314,0.544724],"extended":false,"handId":701,"id":7013,"length":64.2502,"mcpPosition":[82.3093,247.873,5.12017],"pipPosition":[59.1245,226.121,-26.0977],"stabilizedTipPosition":[48.4456,174.296,36.8401],"timeVisible":20.8157,"tipPosition":[52.2416,198.1,2.38342],"tipVelocity":[35.3858,190.007,-180.446],"tool":false,"touchDistance":0.333333,"touchZone":"none","type":3,"width":18.027},{"bases":[[[0.698464,-0.672739,-0.244069],[0.653425,0.460413,0.600879],[-0.291863,-0.579173,0.761167]],[[0.635007,-0.765473,-0.104006],[0.525147,0.526486,-0.668605],[0.566557,0.36995,0.736308]],[[0.635007,-0.765473,-0.104006],[-0.481095,-0.286525,-0.828523],[0.604412,0.576154,-0.550211]],[[0.635007,-0.765473,-0.104006],[-0.743622,-0.569226,-0.350727],[0.209269,0.300055,-0.930684]]],"btipPosition":[62.7348,204.16,4.17242],"carpPosition":[81.2215,200.109,47.4206],"dipPosition":[66.332,209.317,-11.8252],"direction":[-0.604412,-0.576154,0.550211],"extended":false,"handId":701,"id":7014,"length":50.3709,"mcpPosition":[98.0984,233.6,3.40632],"pipPosition":[78.1208,220.555,-22.5569],"stabilizedTipPosition":[60.7055,181.12,32.6931],"timeVisible":20.8157,"tipPosition":[63.6316,205.272,0.832598],"tipVelocity":[31.8748,199.988,-176.246],"tool":false,"touchDistance":0.333333,"touchZone":"none","type":4,"width":16.013}],"r":[[0.924248,-0.135928,0.356777],[0.0711424,0.979425,0.188853],[-0.375106,-0.149165,0.914902]],"s":0.895715,"t":[58.3324,16.6535,-88.5225],"timestamp":523923959668},false],[1,{"currentFrameRate":110.468,"devices":[],"gestures":[],"hands":[{"armBasis":[[0.893945,-0.159068,-0.418999],[0.341946,0.846424,0.408215],[0.289717,-0.508197,0.811049]],"armWidth":63.5437,"confidence":0.604422,"direction":[0.084681,0.752466,-0.653165],"elbow":[143.818,61.658,272.532],"grabStrength":0,"id":701,"palmNormal":[-0.336084,-0.595536,-0.729647],"palmPosition":[61.7926,238.585,17.3772],"palmVelocity":[10.8571,190.661,-133.532],"palmWidth":90.7382,"pinchStrength":0.867923,"r":[[0.924321,-0.130593,0.358576],[0.0638205,0.97929,0.192142],[-0.376243,-0.154716,0.913512]],"s":0.894801,"sphereCenter":[39.6935,233.556,-21.0106],"sphereRadius":45.7044,"stabilizedPalmPosition":[63.5065,213.831,48.5061],"t":[58.4339,18.3359,-89.4753],"timeVisible":20.8246,"type":"right","wrist":[65.8108,198.491,54.1548]}],"id":4299193,"interactionBox":{"center":[0,200,0],"size":[235.247,235.247,147.751]},"pointables":[{"bases":[[[0.694582,0.566297,0.443693],[-0.637657,0.199064,0.744155],[0.333089,-0.799801,0.49937]],[[0.501937,0.840171,0.205355],[-0.677995,0.234796,0.696559],[0.537012,-0.488859,0.687485]],[[0.501937,0.840171,0.205355],[-0.864652,0.493168,0.0957143],[-0.0208584,-0.225604,0.973996]],[[0.501937,0.840171,0.205355],[-0.380647,0.427788,-0.81982],[-0.776638,0.33333,0.534532]]],"btipPosition":[27.338,221.733,-25.5339],"carpPosition":[35.2351,197.507,54.2812],"dipPosition":[9.2122,229.513,-13.0585],"direction":[0.0208584,0.225604,-0.973996],"extended":false,"handId":701,"id":7010,"length":51.9721,"mcpPosition":[35.2351,197.507,54.2812],"pipPosition":[8.50299,221.842,20.0586],"stabilizedTipPosition":[21.9617,199.037,16.6649],"timeVisible":20.8246,"tipPosition":[23.5969,223.36,-22.1817],"tipVelocity":[24.9386,177.917,-155.4],"tool":false,"touchDistance":-0.451143,"touchZone":"hovering","type":0,"width":20.194},{"bases":[[[0.938919,-0.150972,-0.309255],[0.321386,0.70599,0.631102],[0.123052,-0.691944,0.711387]],[[0.941269,-0.165285,-0.294439],[0.30779,0.778569,0.546896],[0.138847,-0.605401,0.783716]],[[0.941269,-0.165285,-0.294439],[0.265279,0.901479,0.341999],[0.208903,-0.400021,0.89238]],[[0.941269,-0.165285,-0.294439],[0.221633,0.960294,0.169453],[0.25474,-0.224758,0.940527]]],"btipPosition":[25.8845,305.06,-63.3928],"carpPosition":[50.2366,214.886,59.9105],"dipPosition":[30.2248,301.231,-47.3678],"direction":[-0.208903,0.400021,-0.89238],"extended":true,"handId":701,"id":7011,"length":58.6448,"mcpPosition":[41.2088,265.651,7.71887],"pipPosition":[35.2601,291.589,-25.8583],"stabilizedTipPosition":[32.1685,282.09,-29.6519],"timeVisible":20.8246,"tipPosition":[26.6804,304.611,-59.4135],"tipVelocity":[-23.0934,172.741,-127.958],"tool":false,"touchDistance":-0.44525,"touchZone":"touching","type":1,"width":19.2893},{"bases":[[[0.878274,-0.361195,-0.313326],[0.478118,0.65494,0.585198],[-0.00616091,-0.663771,0.74791]],[[0.878158,-0.368258,-0.305327],[0.116839,0.784048,-0.609604],[0.463882,0.499655,0.731545]],[[0.878158,-0.368258,-0.305327],[-0.441491,-0.378157,-0.813685],[0.184185,0.849343,-0.494664]],[[0.878158,-0.368258,-0.305327],[-0.464553,-0.808791,-0.360622],[-0.114143,0.458524,-0.881321]]],"btipPosition":[37.1623,204.144,0.151924],"carpPosition":[62.1151,214.657,56.8074],"dipPosition":[35.0233,212.737,-16.364],"direction":[-0.184185,-0.849343,0.494664],"extended":false,"handId":701,"id":7012,"length":66.821,"mcpPosition":[62.5437,260.839,4.77162],"pipPosition":[40.2463,236.822,-30.3916],"stabilizedTipPosition":[32.7315,181.413,34.1232],"timeVisible":20.8246,"tipPosition":[36.8196,206.083,-3.17741],"tipVelocity":[41.913,178.176,-156.33],"tool":false,"touchDistance":0.333333,"touchZone":"none","type":2,"width":18.9446},{"bases":[[[0.829236,-0.503275,-0.243067],[0.539205,0.605967,0.584861],[-0.147055,-0.616051,0.773858]],[[0.834965,-0.475323,-0.27731],[0.200352,0.73191,-0.651281],[0.512535,0.488237,0.706352]],[[0.834965,-0.475323,-0.27731],[-0.476646,-0.372819,-0.796125],[0.27503,0.796916,-0.537851]],[[0.834965,-0.475323,-0.27731],[-0.547766,-0.766206,-0.335979],[-0.052778,0.432432,-0.900121]]],"btipPosition":[52.9916,198.042,4.71835],"carpPosition":[73.2564,211.385,52.9012],"dipPosition":[52.0082,206.099,-12.053],"direction":[-0.27503,-0.796916,0.537851],"extended":false,"handId":701,"id":7013,"length":64.2502,"mcpPosition":[82.4425,249.868,4.56089],"pipPosition":[59.606,228.114,-26.9113],"stabilizedTipPosition":[48.6292,175.384,35.3106],"timeVisible":20.8246,"tipPosition":[52.8782,199.828,1.35503],"tipVelocity":[45.3927,191.315,-163.259],"tool":false,"touchDistance":0.333333,"touchZone":"none","type":3,"width":18.027},{"bases":[[[0.706075,-0.664352,-0.24514],[0.646493,0.463489,0.605991],[-0.288971,-0.586356,0.756757]],[[0.642655,-0.758904,-0.105163],[0.524501,0.535842,-0.661643],[0.558474,0.37005,0.742408]],[[0.642655,-0.758904,-0.105163],[-0.473181,-0.285196,-0.833524],[0.602573,0.585429,-0.542382]],[[0.642655,-0.758904,-0.105163],[-0.736337,-0.573875,-0.358434],[0.211667,0.307784,-0.927613]]],"btipPosition":[63.2958,206.005,3.17349],"carpPosition":[81.67,201.857,46.5873],"dipPosition":[66.9342,211.296,-12.7713],"direction":[-0.602573,-0.585429,0.542382],"extended":false,"handId":701,"id":7014,"length":50.3709,"mcpPosition":[98.3797,235.763,2.82798],"pipPosition":[78.6872,222.715,-23.3503],"stabilizedTipPosition":[60.8976,182.583,30.8327],"timeVisible":20.8246,"tipPosition":[64.2015,207.136,-0.127994],"tipVelocity":[40.6509,203.009,-158.522],"tool":false,"touchDistance":0.333333,"touchZone":"none","type":4,"width":16.013}],"r":[[0.924321,-0.130593,0.358576],[0.0638205,0.97929,0.192142],[-0.376243,-0.154716,0.913512]],"s":0.894801,"t":[58.4339,18.3359,-89.4753],"timestamp":523923968557},false],[2,{"currentFrameRate":110.411,"devices":[],"gestures":[],"hands":[{"armBasis":[[0.900286,-0.150123,-0.408592],[0.328278,0.850569,0.410811],[0.285864,-0.50398,0.815038]],"armWidth":63.5437,"confidence":0.606659,"direction":[0.0803443,0.758061,-0.647216],"elbow":[143.143,64.6958,272.671],"grabStrength":0,"id":701,"palmNormal":[-0.323472,-0.594344,-0.736289],"palmPosition":[61.9396,240.696,16.6957],"palmVelocity":[12.3048,201.778,-117.058],"palmWidth":90.7382,"pinchStrength":0.865614,"r":[[0.924119,-0.124604,0.361217],[0.0553021,0.978998,0.196228],[-0.378081,-0.161362,0.911601]],"s":0.893997,"sphereCenter":[40.2523,235.554,-21.9919],"sphereRadius":45.6957,"stabilizedPalmPosition":[63.3707,216.16,45.7492],"t":[58.5582,20.2328,-90.2925],"timeVisible":20.8338,"type":"right","wrist":[66.1736,200.394,53.2196]}],"id":4299194,"interactionBox":{"center":[0,200,0],"size":[235.247,235.247,147.751]},"pointables":[{"bases":[[[0.684388,0.571471,0.452806],[-0.645471,0.186052,0.740778],[0.339087,-0.799253,0.4962]],[[0.490053,0.844807,0.214824],[-0.68486,0.220681,0.694454],[0.539272,-0.487444,0.68672]],[[0.490053,0.844807,0.214824],[-0.871473,0.480352,0.0989818],[-0.0195704,-0.235719,0.971624]],[[0.490053,0.844807,0.214824],[-0.384221,0.430554,-0.816699],[-0.782446,0.317687,0.535587]]],"btipPosition":[27.6941,223.904,-26.609],"carpPosition":[35.6119,199.039,53.112],"dipPosition":[9.4327,231.319,-14.109],"direction":[0.0195704,0.235719,-0.971624],"extended":false,"handId":701,"id":7010,"length":51.9721,"mcpPosition":[35.6119,199.039,53.112],"pipPosition":[8.76728,223.304,18.9274],"stabilizedTipPosition":[22.0146,199.954,15.2698],"timeVisible":20.8338,"tipPosition":[23.9938,225.404,-23.2872],"tipVelocity":[27.8745,191.842,-144.638],"tool":false,"touchDistance":-0.450404,"touchZone":"hovering","type":0,"width":20.194},{"bases":[[[0.942926,-0.137421,-0.303325],[0.30816,0.705311,0.638415],[0.126207,-0.695451,0.707404]],[[0.945361,-0.151948,-0.288451],[0.293917,0.780077,0.552352],[0.141085,-0.606953,0.782115]],[[0.945361,-0.151948,-0.288451],[0.25111,0.903634,0.346971],[0.207933,-0.400446,0.892417]],[[0.945361,-0.151948,-0.288451],[0.207788,0.962586,0.173933],[0.25123,-0.224366,0.941564]]],"btipPosition":[25.7636,307.059,-63.9865],"carpPosition":[50.3599,216.558,58.9745],"dipPosition":[30.0441,303.237,-47.9438],"direction":[-0.207933,0.400446,-0.892417],"extended":true,"handId":701,"id":7011,"length":58.6448,"mcpPosition":[41.1006,267.58,7.07512],"pipPosition":[35.056,293.584,-26.4334],"stabilizedTipPosition":[31.6968,284.186,-32.319],"timeVisible":20.8338,"tipPosition":[26.5749,306.66,-59.9799],"tipVelocity":[-20.7549,185.478,-110.242],"tool":false,"touchDistance":-0.437902,"touchZone":"touching","type":1,"width":19.2893},{"bases":[[[0.884866,-0.348327,-0.309324],[0.465832,0.656485,0.59332],[-0.00360316,-0.669101,0.743163]],[[0.884778,-0.3554,-0.301429],[0.112897,0.791026,-0.601275],[0.452131,0.497965,0.740006]],[[0.884778,-0.3554,-0.301429],[-0.430408,-0.375239,-0.820942],[0.178655,0.856088,-0.48497]],[[0.884778,-0.3554,-0.301429],[-0.452258,-0.810841,-0.371481],[-0.112386,0.465002,-0.878147]]],"btipPosition":[37.8207,206.121,-1.10809],"carpPosition":[62.2627,216.495,55.9582],"dipPosition":[35.7146,214.835,-17.5646],"direction":[-0.178655,-0.856088,0.48497],"extended":false,"handId":701,"id":7012,"length":66.821,"mcpPosition":[62.5134,263.047,4.25268],"pipPosition":[40.7808,239.112,-31.3172],"stabilizedTipPosition":[32.9186,182.498,32.5376],"timeVisible":20.8338,"tipPosition":[37.4864,208.073,-4.39306],"tipVelocity":[50.4969,189.518,-150.691],"tool":false,"touchDistance":0.333333,"touchZone":"none","type":2,"width":18.9446},{"bases":[[[0.83704,-0.491485,-0.24043],[0.527509,0.608257,0.593092],[-0.145252,-0.623271,0.768398]],[[0.842731,-0.462921,-0.274787],[0.196742,0.739974,-0.643219],[0.501095,0.487999,0.714675]],[[0.842731,-0.462921,-0.274787],[-0.465875,-0.371364,-0.803149],[0.269748,0.804856,-0.528624]],[[0.842731,-0.462921,-0.274787],[-0.535896,-0.769919,-0.346468],[-0.0511765,0.439237,-0.896912]]],"btipPosition":[53.7196,200.157,3.58459],"carpPosition":[73.4713,213.385,52.1119],"dipPosition":[52.766,208.341,-13.1269],"direction":[-0.269748,-0.804856,0.528624],"extended":false,"handId":701,"id":7013,"length":64.2502,"mcpPosition":[82.5447,252.319,4.11269],"pipPosition":[60.2179,230.575,-27.7303],"stabilizedTipPosition":[48.8828,176.772,33.4587],"timeVisible":20.8338,"tipPosition":[53.6065,201.966,0.250772],"tipVelocity":[55.1039,203.255,-151.845],"tool":false,"touchDistance":0.333333,"touchZone":"none","type":3,"width":18.027},{"bases":[[[0.715859,-0.654019,-0.24455],[0.636359,0.466938,0.614016],[-0.287389,-0.595171,0.750453]],[[0.652073,-0.750881,-0.104782],[0.525629,0.547341,-0.651254],[0.546366,0.369589,0.751591]],[[0.652073,-0.750881,-0.104782],[-0.461048,-0.283016,-0.841033],[0.60186,0.596724,-0.530739]],[[0.652073,-0.750881,-0.104782],[-0.726384,-0.579161,-0.370051],[0.217178,0.317412,-0.923083]]],"btipPosition":[63.9263,208.293,2.11593],"carpPosition":[82.0459,204.004,45.7939],"dipPosition":[67.6594,213.749,-13.751],"direction":[-0.60186,-0.596724,0.530739],"extended":false,"handId":701,"id":7014,"length":50.3709,"mcpPosition":[98.6641,238.42,2.39918],"pipPosition":[79.3985,225.388,-24.1029],"stabilizedTipPosition":[61.1647,184.436,28.609],"timeVisible":20.8338,"tipPosition":[64.8523,209.445,-1.13049],"tipVelocity":[49.1713,217.198,-145.983],"tool":false,"touchDistance":0.333333,"touchZone":"none","type":4,"width":16.013}],"r":[[0.924119,-0.124604,0.361217],[0.0553021,0.978998,0.196228],[-0.378081,-0.161362,0.911601]],"s":0.893997,"t":[58.5582,20.2328,-90.2925],"timestamp":523923977715},false],[3,{"currentFrameRate":110.494,"devices":[],"gestures":[],"hands":[{"armBasis":[[0.906217,-0.139664,-0.399081],[0.316064,0.850714,0.419987],[0.280847,-0.506734,0.815074]],"armWidth":63.5437,"confidence":0.615315,"direction":[0.0775368,0.760962,-0.644147],"elbow":[141.759,66.7515,270.994],"grabStrength":0,"id":701,"palmNormal":[-0.3111,-0.595365,-0.740782],"palmPosition":[61.7752,243.564,15.1024],"palmVelocity":[3.93137,234.508,-133.893],"palmWidth":90.7382,"pinchStrength":0.865821,"r":[[0.923574,-0.118088,0.364782],[0.0460695,0.978676,0.200179],[-0.380642,-0.168075,0.90932]],"s":0.89249,"sphereCenter":[40.5906,238.119,-23.9522],"sphereRadius":45.6354,"stabilizedPalmPosition":[63.1696,219.614,41.8866],"t":[58.5381,22.6152,-91.4977],"timeVisible":20.8427,"type":"right","wrist":[66.1404,203.191,51.5327]}],"id":4299195,"interactionBox":{"center":[0,200,0],"size":[235.247,235.247,147.751]},"pointables":[{"bases":[[[0.67454,0.577248,0.460195],[-0.65344,0.17678,0.736047],[0.343528,-0.797203,0.496443]],[[0.479078,0.849417,0.221302],[-0.692438,0.210771,0.690004],[0.539457,-0.483804,0.689144]],[[0.479078,0.849417,0.221302],[-0.87754,0.469277,0.0985011],[-0.0201834,-0.241391,0.970218]],[[0.479078,0.849417,0.221302],[-0.386743,0.430589,-0.81549],[-0.787981,0.305097,0.534792]]],"btipPosition":[27.8198,226.682,-28.6049],"carpPosition":[35.5968,201.512,51.1704],"dipPosition":[9.4292,233.803,-16.1235],"direction":[0.0201834,0.241391,-0.970218],"extended":false,"handId":701,"id":7010,"length":51.9721,"mcpPosition":[35.5968,201.512,51.1704],"pipPosition":[8.74294,225.595,16.8652],"stabilizedTipPosition":[22.0795,201.121,13.5826],"timeVisible":20.8427,"tipPosition":[24.1347,228.089,-25.2988],"tipVelocity":[23.2219,222.468,-166.4],"tool":false,"touchDistance":-0.4637,"touchZone":"hovering","type":0,"width":20.194},{"bases":[[[0.946781,-0.126404,-0.29602],[0.295405,0.706479,0.643136],[0.127837,-0.696354,0.706221]],[[0.949231,-0.140836,-0.281293],[0.280388,0.784195,0.553552],[0.142629,-0.60432,0.783871]],[[0.949231,-0.140836,-0.281293],[0.237265,0.907655,0.346219],[0.206557,-0.395383,0.89499]],[[0.949231,-0.140836,-0.281293],[0.1942,0.965804,0.171781],[0.247481,-0.217687,0.944122]]],"btipPosition":[25.4238,309.387,-65.8464],"carpPosition":[50.1088,219.168,57.2087],"dipPosition":[29.6405,305.678,-49.7601],"direction":[-0.206557,0.395383,-0.89499],"extended":true,"handId":701,"id":7011,"length":58.6448,"mcpPosition":[40.7299,270.256,5.39607],"pipPosition":[34.6192,296.147,-28.1877],"stabilizedTipPosition":[31.0905,286.97,-35.7292],"timeVisible":20.8427,"tipPosition":[26.2754,309.101,-61.792],"tipVelocity":[-25.9387,206.918,-136.772],"tool":false,"touchDistance":-0.450194,"touchZone":"touching","type":1,"width":19.2893},{"bases":[[[0.891023,-0.337895,-0.303158],[0.453951,0.659478,0.59918],[-0.00253375,-0.671502,0.740998]],[[0.890948,-0.344876,-0.295418],[0.111042,0.796259,-0.594677],[0.440319,0.497023,0.747721]],[[0.890948,-0.344876,-0.295418],[-0.418958,-0.373318,-0.827712],[0.175173,0.861216,-0.477096]],[[0.890948,-0.344876,-0.295418],[-0.440828,-0.81302,-0.380354],[-0.109006,0.469105,-0.87639]]],"btipPosition":[38.1226,208.857,-3.25295],"carpPosition":[62.0359,219.24,54.2898],"dipPosition":[36.0798,217.648,-19.6765],"direction":[-0.175173,-0.861216,0.477096],"extended":false,"handId":701,"id":7012,"length":66.821,"mcpPosition":[62.2122,265.96,2.7349],"pipPosition":[41.0473,242.07,-33.2058],"stabilizedTipPosition":[33.141,183.832,30.6784],"timeVisible":20.8427,"tipPosition":[37.8062,210.804,-6.47603],"tipVelocity":[46.4264,222.089,-174.996],"tool":false,"touchDistance":0.333333,"touchZone":"none","type":2,"width":18.9446},{"bases":[[[0.844165,-0.481776,-0.23511],[0.516139,0.61191,0.599306],[-0.144865,-0.627263,0.765216]],[[0.849928,-0.452459,-0.270007],[0.200078,0.751206,-0.629014],[0.487434,0.480594,0.728998]],[[0.849928,-0.452459,-0.270007],[-0.452007,-0.362776,-0.814913],[0.270762,0.814662,-0.512848]],[[0.849928,-0.452459,-0.270007],[-0.524966,-0.771029,-0.360451],[-0.0450942,0.448102,-0.892845]]],"btipPosition":[53.9994,203.178,1.04743],"carpPosition":[73.308,216.263,50.5258],"dipPosition":[53.1592,211.527,-15.5883],"direction":[-0.270762,-0.814662,0.512848],"extended":false,"handId":701,"id":7013,"length":64.2502,"mcpPosition":[82.3572,255.446,2.72527],"pipPosition":[60.6391,234.032,-29.7559],"stabilizedTipPosition":[49.1768,178.463,31.2948],"timeVisible":20.8427,"tipPosition":[53.9309,204.968,-2.0688],"tipVelocity":[49.4567,241.418,-187.523],"tool":false,"touchDistance":0.333333,"touchZone":"none","type":3,"width":18.027},{"bases":[[[0.724762,-0.645575,-0.240734],[0.626314,0.47169,0.620677],[-0.287141,-0.600618,0.746196]],[[0.660615,-0.743857,-0.101313],[0.526312,0.555136,-0.644065],[0.535335,0.372157,0.758232]],[[0.660615,-0.743857,-0.101313],[-0.450035,-0.284377,-0.846521],[0.60088,0.604819,-0.522626]],[[0.660615,-0.743857,-0.101313],[-0.717018,-0.585197,-0.378721],[0.222426,0.322832,-0.919949]]],"btipPosition":[64.2173,211.256,0.370594],"carpPosition":[82.0334,206.994,44.2487],"dipPosition":[68.0406,216.805,-15.4425],"direction":[-0.60088,-0.604819,0.522626],"extended":false,"handId":701,"id":7014,"length":50.3709,"mcpPosition":[98.6373,241.725,1.10013],"pipPosition":[79.7606,228.602,-25.6361],"stabilizedTipPosition":[61.4811,186.697,26.0439],"timeVisible":20.8427,"tipPosition":[65.1614,212.423,-2.85402],"tipVelocity":[45.318,249.299,-159.213],"tool":false,"touchDistance":0.333333,"touchZone":"none","type":4,"width":16.013}],"r":[[0.923574,-0.118088,0.364782],[0.0460695,0.978676,0.200179],[-0.380642,-0.168075,0.90932]],"s":0.89249,"t":[58.5381,22.6152,-91.4977],"timestamp":523923986620},false],[4,{"currentFrameRate":110.416,"devices":[],"gestures":[],"hands":[{"armBasis":[[0.909957,-0.129636,-0.39392],[0.30436,0.853958,0.422042],[0.281679,-0.503934,0.816522]],"armWidth":63.5437,"confidence":0.614989,"direction":[0.068853,0.759988,-0.646279],"elbow":[141.997,69.7318,270.188],"grabStrength":0,"id":701,"palmNormal":[-0.301844,-0.601583,-0.739586],"palmPosition":[61.3331,245.622,13.7776],"palmVelocity":[-10.611,231.505,-136.745],"palmWidth":90.7382,"pinchStrength":0.867436,"r":[[0.923234,-0.110259,0.368078],[0.03604,0.97857,0.202736],[-0.382543,-0.173908,0.907423]],"s":0.890829,"sphereCenter":[40.39,239.646,-25.4127],"sphereRadius":45.5995,"stabilizedPalmPosition":[62.8452,224.208,36.9215],"t":[58.307,24.835,-92.7628],"timeVisible":20.8519,"type":"right","wrist":[66.1538,205.417,50.3373]}],"id":4299196,"interactionBox":{"center":[0,200,0],"size":[235.247,235.247,147.751]},"pointables":[{"bases":[[[0.666039,0.587382,0.459754],[-0.657135,0.170418,0.734256],[0.352938,-0.791164,0.499494]],[[0.467635,0.856156,0.219807],[-0.696645,0.203919,0.687824],[0.544062,-0.474778,0.691797]],[[0.467635,0.856156,0.219807],[-0.883771,0.457463,0.0983698],[-0.0163339,-0.24026,0.970571]],[[0.467635,0.856156,0.219807],[-0.393164,0.424187,-0.815774],[-0.791669,0.295064,0.534974]]],"btipPosition":[27.5845,228.255,-30.0022],"carpPosition":[35.6356,203.338,49.9214],"dipPosition":[9.10789,235.142,-17.5165],"direction":[0.0163339,0.24026,-0.970571],"extended":false,"handId":701,"id":7010,"length":51.9721,"mcpPosition":[35.6356,203.338,49.9214],"pipPosition":[8.55252,226.973,15.4841],"stabilizedTipPosition":[22.1412,202.534,11.5793],"timeVisible":20.8519,"tipPosition":[23.887,229.599,-26.6997],"tipVelocity":[8.97389,206.461,-162.339],"tool":false,"touchDistance":-0.466608,"touchZone":"hovering","type":0,"width":20.194},{"bases":[[[0.94893,-0.114902,-0.29382],[0.28489,0.712191,0.641577],[0.135537,-0.692518,0.708554]],[[0.951515,-0.129115,-0.279192],[0.268546,0.791309,0.549285],[0.150006,-0.597629,0.787616]],[[0.951515,-0.129115,-0.279192],[0.223796,0.913271,0.340369],[0.211031,-0.386348,0.897887]],[[0.951515,-0.129115,-0.279192],[0.180009,0.969722,0.165032],[0.24943,-0.207287,0.945947]]],"btipPosition":[24.1968,310.456,-67.5531],"carpPosition":[49.9039,221.2,55.9345],"dipPosition":[28.4467,306.924,-51.4357],"direction":[-0.211031,0.386348,-0.897887],"extended":true,"handId":701,"id":7011,"length":58.6448,"mcpPosition":[39.9601,272.007,3.95072],"pipPosition":[33.5333,297.612,-29.7935],"stabilizedTipPosition":[30.2621,290.144,-39.6659],"timeVisible":20.8519,"tipPosition":[25.0894,310.254,-63.4794],"tipVelocity":[-55.7662,182.824,-150.215],"tool":false,"touchDistance":-0.459001,"touchZone":"touching","type":1,"width":19.2893},{"bases":[[[0.895953,-0.327124,-0.30043],[0.444123,0.667136,0.598068],[0.00478509,-0.669268,0.743006]],[[0.895955,-0.333982,-0.292781],[0.103207,0.797713,-0.59414],[0.431988,0.502106,0.749184]],[[0.895955,-0.333982,-0.292781],[-0.411846,-0.377947,-0.82918],[0.166275,0.863489,-0.476172]],[[0.895955,-0.333982,-0.292781],[-0.429677,-0.818663,-0.38101],[-0.112439,0.467169,-0.87699]]],"btipPosition":[38.1293,210.608,-4.72935],"carpPosition":[61.8347,221.42,53.0383],"dipPosition":[36.0222,219.363,-21.1641],"direction":[-0.166275,-0.863489,0.476172],"extended":false,"handId":701,"id":7012,"length":66.821,"mcpPosition":[61.5018,267.984,1.34375],"pipPosition":[40.7374,243.85,-34.6673],"stabilizedTipPosition":[33.3911,185.43,28.5026],"timeVisible":20.8519,"tipPosition":[37.8022,212.534,-7.91634],"tipVelocity":[33.2016,213.011,-171.045],"tool":false,"touchDistance":0.333333,"touchZone":"none","type":2,"width":18.9446},{"bases":[[[0.850845,-0.471401,-0.23204],[0.506926,0.620384,0.598455],[-0.138159,-0.62682,0.766817]],[[0.856355,-0.44171,-0.267486],[0.193206,0.75444,-0.627289],[0.478882,0.485502,0.731409]],[[0.856355,-0.44171,-0.267486],[-0.444605,-0.367223,-0.81699],[0.262646,0.818559,-0.51086]],[[0.856355,-0.44171,-0.267486],[-0.514129,-0.777712,-0.361711],[-0.0482554,0.447275,-0.893094]]],"btipPosition":[54.0887,205.155,-0.431188],"carpPosition":[73.1521,218.579,49.3049],"dipPosition":[53.1896,213.489,-17.0716],"direction":[-0.262646,-0.818559,0.51086],"extended":false,"handId":701,"id":7013,"length":64.2502,"mcpPosition":[81.7824,257.734,1.40439],"pipPosition":[60.4453,236.102,-31.1842],"stabilizedTipPosition":[49.5101,180.489,28.7765],"timeVisible":20.8519,"tipPosition":[54.0045,206.933,-3.51442],"tipVelocity":[37.934,233.946,-180.091],"tool":false,"touchDistance":0.333333,"touchZone":"none","type":3,"width":18.027},{"bases":[[[0.733603,-0.636763,-0.237401],[0.618882,0.48168,0.620459],[-0.280734,-0.602094,0.747443]],[[0.670005,-0.736003,-0.0969211],[0.52327,0.560837,-0.6416],[0.526576,0.379159,0.760891]],[[0.670005,-0.736003,-0.0969211],[-0.441782,-0.290389,-0.848824],[0.596592,0.611534,-0.519715]],[[0.670005,-0.736003,-0.0969211],[-0.708161,-0.594502,-0.380888],[0.222715,0.323832,-0.919528]]],"btipPosition":[64.2111,213.358,-1.03558],"carpPosition":[82.0101,209.406,43.0725],"dipPosition":[68.0393,218.925,-16.8414],"direction":[-0.596592,-0.611534,0.519715],"extended":false,"handId":701,"id":7014,"length":50.3709,"mcpPosition":[98.2434,244.222,-0.148245],"pipPosition":[79.6757,230.853,-26.9783],"stabilizedTipPosition":[61.8308,189.403,23.0691],"timeVisible":20.8519,"tipPosition":[65.1566,214.518,-4.21621],"tipVelocity":[32.4911,243.652,-157.41],"tool":false,"touchDistance":0.333333,"touchZone":"none","type":4,"width":16.013}],"r":[[0.923234,-0.110259,0.368078],[0.03604,0.97857,0.202736],[-0.382543,-0.173908,0.907423]],"s":0.890829,"t":[58.307,24.835,-92.7628],"timestamp":523923995814},false],[5,{"currentFrameRate":110.503,"devices":[],"gestures":[],"hands":[{"armBasis":[[0.912546,-0.124118,-0.389685],[0.297287,0.855657,0.42364],[0.280855,-0.50244,0.817725]],"armWidth":63.5437,"confidence":0.593708,"direction":[0.0611646,0.759013,-0.648196],"elbow":[141.86,71.5537,269.661],"grabStrength":0,"id":701,"palmNormal":[-0.297162,-0.606116,-0.737779],"palmPosition":[61.0087,246.906,12.8349],"palmVelocity":[-17.6425,207.834,-128.382],"palmWidth":90.7382,"pinchStrength":0.866265,"r":[[0.923171,-0.102136,0.370571],[0.026268,0.978562,0.204269],[-0.38349,-0.178842,0.906064]],"s":0.889474,"sphereCenter":[40.1372,240.557,-26.3894],"sphereRadius":45.5872,"stabilizedPalmPosition":[62.4619,228.945,31.8945],"t":[58.0293,26.5873,-93.8666],"timeVisible":20.8608,"type":"right","wrist":[66.2384,206.837,49.4863]}],"id":4299197,"interactionBox":{"center":[0,200,0],"size":[235.247,235.247,147.751]},"pointables":[{"bases":[[[0.661156,0.594566,0.457563],[-0.657836,0.166184,0.734598],[0.360728,-0.786685,0.501]],[[0.460884,0.860239,0.218118],[-0.697864,0.199471,0.687893],[0.548244,-0.469255,0.692263]],[[0.460884,0.860239,0.218118],[-0.88741,0.449333,0.102972],[-0.00942666,-0.241018,0.970475]],[[0.460884,0.860239,0.218118],[-0.400953,0.421103,-0.813578],[-0.791721,0.28751,0.538995]]],"btipPosition":[27.2471,229.322,-30.9268],"carpPosition":[35.7401,204.478,49.1105],"dipPosition":[8.76929,236.032,-18.3473],"direction":[0.00942666,0.241018,-0.970475],"extended":false,"handId":701,"id":7010,"length":51.9721,"mcpPosition":[35.7401,204.478,49.1105],"pipPosition":[8.44877,227.837,14.65],"stabilizedTipPosition":[22.1862,204.024,9.497],"timeVisible":20.8608,"tipPosition":[23.5566,230.577,-27.6131],"tipVelocity":[-3.78567,181.691,-145.805],"tool":false,"touchDistance":-0.461826,"touchZone":"hovering","type":0,"width":20.194},{"bases":[[[0.949608,-0.10693,-0.294635],[0.279086,0.716325,0.639522],[0.14267,-0.689524,0.710071]],[[0.952311,-0.120916,-0.280149],[0.261671,0.795881,0.545987],[0.156946,-0.593256,0.789566]],[[0.952311,-0.120916,-0.280149],[0.215414,0.916675,0.336607],[0.216104,-0.380903,0.899006]],[[0.952311,-0.120916,-0.280149],[0.170825,0.972035,0.161143],[0.252829,-0.201315,0.946335]]],"btipPosition":[23.1432,311.1,-68.6521],"carpPosition":[49.8511,222.484,55.0639],"dipPosition":[27.451,307.67,-52.5282],"direction":[-0.216104,0.380903,-0.899006],"extended":true,"handId":701,"id":7011,"length":58.6448,"mcpPosition":[39.384,273.071,2.96881],"pipPosition":[32.6599,298.489,-30.859],"stabilizedTipPosition":[29.3498,293.147,-43.4293],"timeVisible":20.8608,"tipPosition":[24.0653,310.926,-64.5808],"tipVelocity":[-72.401,153.514,-142.922],"tool":false,"touchDistance":-0.457897,"touchZone":"touching","type":1,"width":19.2893},{"bases":[[[0.898569,-0.319643,-0.30067],[0.438675,0.672623,0.595938],[0.0117495,-0.667388,0.744618]],[[0.898642,-0.326405,-0.293092],[0.0963085,0.798611,-0.594092],[0.427981,0.505648,0.749101]],[[0.898642,-0.326405,-0.293092],[-0.408883,-0.381175,-0.829168],[0.158925,0.864966,-0.476001]],[[0.898642,-0.326405,-0.293092],[-0.422802,-0.822576,-0.380273],[-0.116968,0.465649,-0.877206]]],"btipPosition":[38.0721,211.68,-5.72316],"carpPosition":[61.7761,222.806,52.1535],"dipPosition":[35.8801,220.406,-22.162],"direction":[-0.158925,-0.864966,0.476001],"extended":false,"handId":701,"id":7012,"length":66.821,"mcpPosition":[60.9586,269.239,0.346754],"pipPosition":[40.3868,244.934,-35.6603],"stabilizedTipPosition":[33.6353,187.082,26.2804],"timeVisible":20.8608,"tipPosition":[37.729,213.59,-8.88693],"tipVelocity":[21.8286,187.646,-154.947],"tool":false,"touchDistance":0.333333,"touchZone":"none","type":2,"width":18.9446},{"bases":[[[0.854861,-0.464161,-0.231879],[0.501904,0.626449,0.596367],[-0.13155,-0.626192,0.768491]],[[0.860075,-0.434388,-0.267542],[0.185745,0.755053,-0.628803],[0.475153,0.491123,0.730088]],[[0.860075,-0.434388,-0.267542],[-0.442027,-0.37267,-0.815922],[0.254722,0.820015,-0.512535]],[[0.860075,-0.434388,-0.267542],[-0.507378,-0.783081,-0.359654],[-0.0532779,0.445074,-0.893907]]],"btipPosition":[54.1173,206.347,-1.3064],"carpPosition":[73.1147,220.059,48.4139],"dipPosition":[53.1246,214.64,-17.9619],"direction":[-0.254722,-0.820015,0.512535],"extended":false,"handId":701,"id":7013,"length":64.2502,"mcpPosition":[81.3322,259.175,0.408833],"pipPosition":[60.1613,237.293,-32.1209],"stabilizedTipPosition":[49.8411,182.588,26.2131],"timeVisible":20.8608,"tipPosition":[54.0101,208.12,-4.40199],"tipVelocity":[27.8349,206.474,-157.987],"tool":false,"touchDistance":0.333333,"touchZone":"none","type":3,"width":18.027},{"bases":[[[0.739131,-0.6306,-0.236704],[0.615149,0.488829,0.618577],[-0.274367,-0.602818,0.749222]],[[0.676065,-0.730708,-0.0948778],[0.520714,0.56489,-0.640121],[0.521337,0.383359,0.762393]],[[0.676065,-0.730708,-0.0948778],[-0.43699,-0.293933,-0.850084],[0.593276,0.616173,-0.51803]],[[0.676065,-0.730708,-0.0948778],[-0.702719,-0.600658,-0.381307],[0.221635,0.324461,-0.919567]]],"btipPosition":[64.1501,214.698,-2.10254],"carpPosition":[82.0493,210.953,42.1935],"dipPosition":[67.9598,220.275,-17.9091],"direction":[-0.593276,-0.616173,0.51803],"extended":false,"handId":701,"id":7014,"length":50.3709,"mcpPosition":[97.9145,245.811,-1.13007],"pipPosition":[79.5314,232.293,-28.0131],"stabilizedTipPosition":[62.1624,192.161,20.0799],"timeVisible":20.8608,"tipPosition":[65.0924,215.845,-5.23981],"tipVelocity":[21.6636,218.42,-147.231],"tool":false,"touchDistance":0.333333,"touchZone":"none","type":4,"width":16.013}],"r":[[0.923171,-0.102136,0.370571],[0.026268,0.978562,0.204269],[-0.38349,-0.178842,0.906064]],"s":0.889474,"t":[58.0293,26.5873,-93.8666],"timestamp":523924004709},false],[6,{"currentFrameRate":110.411,"devices":[],"gestures":[],"hands":[{"armBasis":[[0.916184,-0.121287,-0.381963],[0.291674,0.855426,0.427987],[0.274832,-0.503523,0.819104]],"armWidth":63.5437,"confidence":0.63132,"direction":[0.056124,0.762597,-0.644434],"elbow":[140.143,72.7777,268.841],"grabStrength":0,"id":701,"palmNormal":[-0.293202,-0.604404,-0.740762],"palmPosition":[60.648,248.568,11.842],"palmVelocity":[-23.6605,200.083,-122.583],"palmWidth":90.7382,"pinchStrength":0.865757,"r":[[0.923191,-0.0947896,0.372469],[0.0171584,0.978308,0.206441],[-0.383958,-0.184194,0.904792]],"s":0.888269,"sphereCenter":[39.8902,242.203,-27.4773],"sphereRadius":45.5659,"stabilizedPalmPosition":[62.0064,233.872,26.8591],"t":[57.7101,28.2941,-94.915],"timeVisible":20.87,"type":"right","wrist":[66.1439,208.353,48.2945]}],"id":4299198,"interactionBox":{"center":[0,200,0],"size":[235.247,235.247,147.751]},"pointables":[{"bases":[[[0.657248,0.59664,0.460483],[-0.658876,0.158208,0.735427],[0.365934,-0.78676,0.497093]],[[0.456016,0.861525,0.223214],[-0.699902,0.192243,0.687881],[0.549715,-0.469913,0.690649]],[[0.456016,0.861525,0.223214],[-0.889957,0.44289,0.108745],[-0.00517321,-0.24824,0.968685]],[[0.456016,0.861525,0.223214],[-0.405792,0.424501,-0.809402],[-0.792075,0.278522,0.543179]]],"btipPosition":[26.9591,231.127,-32.0859],"carpPosition":[35.6617,205.794,47.9078],"dipPosition":[8.47305,237.627,-19.4088],"direction":[0.00517321,0.24824,-0.968685],"extended":false,"handId":701,"id":7010,"length":51.9721,"mcpPosition":[35.6617,205.794,47.9078],"pipPosition":[8.29716,229.186,13.5277],"stabilizedTipPosition":[22.2249,206.147,6.62626],"timeVisible":20.87,"tipPosition":[23.2474,232.298,-28.7497],"tipVelocity":[-11.5361,184.161,-139.493],"tool":false,"touchDistance":-0.461027,"touchZone":"touching","type":0,"width":20.194},{"bases":[[[0.950276,-0.0992101,-0.295183],[0.274395,0.714977,0.643052],[0.147252,-0.692074,0.706648]],[[0.953047,-0.113119,-0.280901],[0.25634,0.795208,0.549485],[0.161218,-0.595692,0.786867]],[[0.953047,-0.113119,-0.280901],[0.209179,0.916655,0.340571],[0.218965,-0.383338,0.897277]],[[0.953047,-0.113119,-0.280901],[0.164154,0.972482,0.165327],[0.25447,-0.203675,0.94539]]],"btipPosition":[22.3301,312.87,-69.3415],"carpPosition":[49.6541,223.863,53.9499],"dipPosition":[26.6658,309.399,-53.2337],"direction":[-0.218965,0.383338,-0.897277],"extended":true,"handId":701,"id":7011,"length":58.6448,"mcpPosition":[38.8508,274.638,2.10599],"pipPosition":[31.9437,300.16,-31.6062],"stabilizedTipPosition":[28.2674,296.548,-47.4205],"timeVisible":20.87,"tipPosition":[23.2666,312.679,-65.2769],"tipVelocity":[-76.6305,164.008,-123.936],"tool":false,"touchDistance":-0.450838,"touchZone":"touching","type":1,"width":19.2893},{"bases":[[[0.900639,-0.312222,-0.302269],[0.434266,0.672543,0.599248],[0.0161901,-0.670972,0.741306]],[[0.900756,-0.318955,-0.294798],[0.0919057,0.803354,-0.588367],[0.42449,0.502881,0.75294]],[[0.900756,-0.318955,-0.294798],[-0.406065,-0.377613,-0.832178],[0.154108,0.869296,-0.469654]],[[0.900756,-0.318955,-0.294798],[-0.417568,-0.822683,-0.385784],[-0.119477,0.470596,-0.874222]]],"btipPosition":[37.915,213.319,-7.02587],"carpPosition":[61.5765,224.279,51.0408],"dipPosition":[35.676,222.138,-23.4088],"direction":[-0.154108,-0.869296,0.469654],"extended":false,"handId":701,"id":7012,"length":66.821,"mcpPosition":[60.4501,270.961,-0.53551],"pipPosition":[40.0461,246.789,-36.7271],"stabilizedTipPosition":[33.8817,188.933,23.8536],"timeVisible":20.87,"tipPosition":[37.5626,215.239,-10.1613],"tipVelocity":[10.6073,185.538,-150.729],"tool":false,"touchDistance":0.333333,"touchZone":"none","type":2,"width":18.9446},{"bases":[[[0.857888,-0.457363,-0.234193],[0.497798,0.626786,0.599447],[-0.127376,-0.63084,0.765387]],[[0.862929,-0.427191,-0.269927],[0.182131,0.761194,-0.622424],[0.471361,0.487946,0.734661]],[[0.862929,-0.427191,-0.269927],[-0.438797,-0.368536,-0.819536],[0.25062,0.825645,-0.505471]],[[0.862929,-0.427191,-0.269927],[-0.502286,-0.783604,-0.365613],[-0.0553295,0.451079,-0.890767]]],"btipPosition":[53.9951,208.077,-2.69642],"carpPosition":[72.9328,221.625,47.2874],"dipPosition":[52.9641,216.482,-19.2934],"direction":[-0.25062,-0.825645,0.505471],"extended":false,"handId":701,"id":7013,"length":64.2502,"mcpPosition":[80.8896,261.031,-0.523714],"pipPosition":[59.8876,239.291,-33.2572],"stabilizedTipPosition":[50.1734,184.915,23.4363],"timeVisible":20.87,"tipPosition":[53.882,209.864,-5.75354],"tipVelocity":[16.0526,201.989,-155.553],"tool":false,"touchDistance":0.333333,"touchZone":"none","type":3,"width":18.027},{"bases":[[[0.743258,-0.624536,-0.239839],[0.611949,0.489807,0.620974],[-0.270346,-0.608313,0.746237]],[[0.680582,-0.726093,-0.097969],[0.518591,0.571851,-0.635649],[0.517564,0.381805,0.765737]],[[0.680582,-0.726093,-0.097969],[-0.433653,-0.291426,-0.852652],[0.590554,0.622784,-0.513212]],[[0.680582,-0.726093,-0.097969],[-0.698618,-0.602829,-0.385396],[0.220775,0.330736,-0.917536]]],"btipPosition":[63.996,216.489,-3.34838],"carpPosition":[81.9268,212.609,41.0218],"dipPosition":[67.7909,222.174,-19.12],"direction":[-0.590554,-0.622784,0.513212],"extended":false,"handId":701,"id":7014,"length":50.3709,"mcpPosition":[97.5595,247.785,-2.12912],"pipPosition":[79.3095,234.322,-29.13],"stabilizedTipPosition":[62.4788,195.158,16.9164],"timeVisible":20.87,"tipPosition":[64.9333,217.653,-6.4669],"tipVelocity":[10.8058,212.419,-143.594],"tool":false,"touchDistance":0.333333,"touchZone":"none","type":4,"width":16.013}],"r":[[0.923191,-0.0947896,0.372469],[0.0171584,0.978308,0.206441],[-0.383958,-0.184194,0.904792]],"s":0.888269,"t":[57.7101,28.2941,-94.915],"timestamp":523924013929},false],[7,{"currentFrameRate":110.508,"devices":[],"gestures":[],"hands":[{"armBasis":[[0.913446,-0.110197,-0.391757],[0.286131,0.858437,0.425694],