{"sensorType":"Leap","data":[[0,{"currentFrameRate":110.528,"devices":[],"gestures":[],"hands":[{"armBasis":[[0.895039,0.000658278,-0.445987],[0.194493,0.899324,0.39165],[0.401344,-0.437283,0.804802]],"armWidth":63.5437,"confidence":0.529119,"direction":[0.0168661,0.800605,-0.598954],"elbow":[164.355,118.4,263.007],"grabStrength":0,"id":701,"palmNormal":[-0.21348,-0.582343,-0.784413],"palmPosition":[48.8547,277.816,11.9026],"palmVelocity":[19.4896,94.3016,315.399],"palmWidth":90.7382,"pinchStrength":0.656283,"r":[[0.897186,0.0367673,0.44012],[-0.148214,0.963804,0.221619],[-0.416041,-0.264066,0.87016]],"s":0.946095,"sphereCenter":[21.0765,275.821,-24.3411],"sphereRadius":47.5676,"stabilizedPalmPosition":[46.8052,268.918,-10.9845],"t":[45.4225,58.3291,-99.1455],"timeVisible":10.7108,"type":"right","wrist":[56.2915,236.139,46.3114]}],"id":4298095,"interactionBox":{"center":[0,200,0],"size":[235.247,235.247,147.751]},"pointables":[{"bases":[[[0.587295,0.620311,0.519902],[-0.697236,0.0615359,0.714196],[0.411031,-0.781938,0.468643]],[[0.364097,0.888626,0.278886],[-0.759774,0.1102,0.640781],[0.538681,-0.445196,0.715278]],[[0.364097,0.888626,0.278886],[-0.929699,0.328893,0.165796],[0.0556074,-0.319646,0.945904]],[[0.364097,0.888626,0.278886],[-0.564155,0.44868,-0.69312],[-0.741055,0.0950284,0.664686]]],"btipPosition":[14.7544,261.959,-38.7943],"carpPosition":[26.1651,231.147,44.4868],"dipPosition":[-2.54091,264.177,-23.2813],"direction":[-0.0556074,0.319646,-0.945904],"extended":false,"handId":701,"id":7010,"length":51.9721,"mcpPosition":[26.1651,231.147,44.4868],"pipPosition":[-0.650192,253.308,8.8806],"stabilizedTipPosition":[10.8683,256.782,-44.3583],"timeVisible":10.7108,"tipPosition":[10.2707,262.2,-35.646],"tipVelocity":[-3.14867,205.192,318.734],"tool":false,"touchDistance":0.245382,"touchZone":"hovering","type":0,"width":20.194},{"bases":[[[0.965767,-0.00466827,-0.25937],[0.189255,0.69649,0.692159],[0.177417,-0.717551,0.673531]],[[0.941315,0.0719418,-0.329773],[0.156804,0.771983,0.615999],[0.298896,-0.631559,0.715398]],[[0.941315,0.0719418,-0.329773],[0.0942802,0.882091,0.461549],[0.324095,-0.465554,0.823542]],[[0.941315,0.0719418,-0.329773],[0.0433241,0.943187,0.329427],[0.334737,-0.324381,0.884719]]],"btipPosition":[-0.973146,346.361,-62.8936],"carpPosition":[38.3642,249.91,52.0952],"dipPosition":[4.73022,340.834,-47.8195],"direction":[-0.324095,0.465554,-0.823542],"extended":true,"handId":701,"id":7011,"length":58.6448,"mcpPosition":[25.3478,302.554,2.68093],"pipPosition":[12.542,329.612,-27.9692],"stabilizedTipPosition":[-1.24689,334.307,-79.0879],"timeVisible":10.7108,"tipPosition":[0.691416,345.108,-59.5592],"tipVelocity":[42.4521,236.241,425.794],"tool":false,"touchDistance":0.4227,"touchZone":"hovering","type":1,"width":19.2893},{"bases":[[[0.934349,-0.220235,-0.280159],[0.353654,0.669751,0.652964],[0.0438315,-0.709175,0.703668]],[[0.933091,-0.203843,-0.296291],[-0.00385439,0.81814,-0.575005],[0.359619,0.537675,0.762614]],[[0.933091,-0.203843,-0.296291],[-0.357102,-0.42746,-0.830515],[0.0426425,0.880753,-0.471652]],[[0.933091,-0.203843,-0.296291],[-0.313873,-0.863761,-0.394209],[-0.175568,0.460831,-0.869949]]],"btipPosition":[32.058,241.342,-6.21253],"carpPosition":[50.3125,251.457,49.7239],"dipPosition":[28.7679,249.978,-22.5154],"direction":[-0.0426425,-0.880753,0.471652],"extended":false,"handId":701,"id":7012,"length":66.821,"mcpPosition":[47.2629,300.798,0.76625],"pipPosition":[29.9771,274.954,-35.8903],"stabilizedTipPosition":[32.0534,230.578,-35.5498],"timeVisible":10.7108,"tipPosition":[31.0033,243.92,-11.0268],"tipVelocity":[-22.6682,134.812,289.636],"tool":false,"touchDistance":0.333333,"touchZone":"none","type":2,"width":18.9446},{"bases":[[[0.901279,-0.372053,-0.221976],[0.420723,0.629357,0.653378],[-0.103389,-0.682265,0.723757]],[[0.904914,-0.342122,-0.253147],[0.121479,0.777697,-0.616791],[0.407889,0.52739,0.745309]],[[0.904914,-0.342122,-0.253147],[-0.388808,-0.422649,-0.818655],[0.173087,0.839238,-0.515481]],[[0.904914,-0.342122,-0.253147],[-0.417333,-0.829941,-0.370178],[-0.0834512,0.440626,-0.893804]]],"btipPosition":[47.0426,237.68,-1.20559],"carpPosition":[61.9848,249.954,46.3191],"dipPosition":[45.4877,245.89,-17.8592],"direction":[-0.173087,-0.839238,0.515481],"extended":false,"handId":701,"id":7013,"length":64.2502,"mcpPosition":[68.4432,292.573,1.10842],"pipPosition":[50.2693,269.074,-32.0995],"stabilizedTipPosition":[47.9056,228.52,-28.4346],"timeVisible":10.7108,"tipPosition":[46.5732,240.037,-6.13431],"tipVelocity":[-25.1827,112.805,279.875],"tool":false,"touchDistance":0.333333,"touchZone":"none","type":3,"width":18.027},{"bases":[[[0.801267,-0.547357,-0.241602],[0.544984,0.501062,0.672257],[-0.246907,-0.670326,0.699785]],[[0.743627,-0.659234,-0.111487],[0.475534,0.63871,-0.60491],[0.469986,0.396812,0.78845]],[[0.743627,-0.659234,-0.111487],[-0.404831,-0.311252,-0.859788],[0.532101,0.684495,-0.498333]],[[0.743627,-0.659234,-0.111487],[-0.640516,-0.654607,-0.401533],[0.191724,0.37,-0.909033]]],"btipPosition":[55.9611,247.132,-2.96066],"carpPosition":[71.9301,242.074,39.9608],"dipPosition":[59.2566,253.492,-18.5861],"direction":[-0.532101,-0.684495,0.498333],"extended":false,"handId":701,"id":7014,"length":50.3709,"mcpPosition":[86.2074,280.835,-0.504135],"pipPosition":[69.6351,266.843,-28.306],"stabilizedTipPosition":[57.8601,238.957,-28.3402],"timeVisible":10.7108,"tipPosition":[56.8119,249.002,-7.44126],"tipVelocity":[-19.6196,100.71,296.211],"tool":false,"touchDistance":0.333333,"touchZone":"none","type":4,"width":16.013}],"r":[[0.897186,0.0367673,0.44012],[-0.148214,0.963804,0.221619],[-0.416041,-0.264066,0.87016]],"s":0.946095,"t":[45.4225,58.3291,-99.1455],"timestamp":523913854743},false],[1,{"currentFrameRate":110.562,"devices":[],"gestures":[],"hands":[{"armBasis":[[0.906563,-0.072376,-0.415819],[0.276131,0.846798,0.454626],[0.31921,-0.526968,0.787661]],"armWidth":63.5437,"confidence":0.649392,"direction":[0.0319068,0.764383,-0.643973],"elbow":[153.807,82.6572,267.684],"grabStrength":0,"id":701,"palmNormal":[-0.283942,-0.610823,-0.739102],"palmPosition":[61.0693,264.645,19.2439],"palmVelocity":[45.0031,210.921,-167.255],"palmWidth":90.7382,"pinchStrength":0.857953,"r":[[0.927971,-0.059514,0.367869],[-0.0226783,0.976316,0.215156],[-0.371962,-0.208001,0.904644]],"s":0.87303,"sphereCenter":[41.0588,256.542,-20.8443],"sphereRadius":45.2943,"stabilizedPalmPosition":[52.9836,257.733,45.3808],"t":[57.398,44.2547,-87.206],"timeVisible":11.7953,"type":"right","wrist":[67.8591,224.545,55.6046]}],"id":4298213,"interactionBox":{"center":[0,200,0],"size":[235.247,235.247,147.751]},"pointables":[{"bases":[[[0.645813,0.612424,0.455919],[-0.656712,0.140993,0.740844],[0.389429,-0.777854,0.493241]],[[0.430882,0.876383,0.215161],[-0.697592,0.172228,0.695488],[0.572457,-0.449767,0.685567]],[[0.430882,0.876383,0.215161],[-0.901997,0.411067,0.132002],[0.0272386,-0.250952,0.967616]],[[0.430882,0.876383,0.215161],[-0.466733,0.420491,-0.778041],[-0.772335,0.234821,0.590219]]],"btipPosition":[26.0508,246.668,-25.3442],"carpPosition":[37.4481,221.226,55.4581],"dipPosition":[8.0254,252.148,-11.5692],"direction":[-0.0272386,0.250952,-0.967616],"extended":false,"handId":701,"id":7010,"length":51.9721,"mcpPosition":[37.4481,221.226,55.4581],"pipPosition":[8.95154,243.616,21.331],"stabilizedTipPosition":[13.8143,238.358,30.4464],"timeVisible":11.7953,"tipPosition":[22.3658,248.122,-21.6254],"tipVelocity":[52.0732,203.854,-186.417],"tool":false,"touchDistance":-0.586599,"touchZone":"touching","type":0,"width":20.194},{"bases":[[[0.950063,-0.0751614,-0.302871],[0.261598,0.720986,0.641675],[0.170136,-0.688862,0.704644]],[[0.952441,-0.0851895,-0.292572],[0.23106,0.827855,0.511143],[0.198664,-0.554435,0.808167]],[[0.952441,-0.0851895,-0.292572],[0.17505,0.938857,0.296487],[0.249426,-0.333601,0.909119]],[[0.952441,-0.0851895,-0.292572],[0.125332,0.984672,0.121294],[0.277755,-0.152194,0.94852]]],"btipPosition":[19.2948,324.56,-62.9863],"carpPosition":[51.033,239.633,61.4094],"dipPosition":[24.0273,321.967,-46.8251],"direction":[-0.249426,0.333601,-0.909119],"extended":true,"handId":701,"id":7011,"length":58.6448,"mcpPosition":[38.5508,290.172,9.71251],"pipPosition":[30.0393,313.926,-24.9122],"stabilizedTipPosition":[20.6922,309.927,-4.3277],"timeVisible":11.7953,"tipPosition":[19.9676,324.026,-59.0427],"tipVelocity":[39.7507,198.444,-174.611],"tool":false,"touchDistance":-0.583332,"touchZone":"touching","type":1,"width":19.2893},{"bases":[[[0.905705,-0.28934,-0.309808],[0.422123,0.6826,0.596547],[0.0388704,-0.671073,0.740371]],[[0.904654,-0.274782,-0.325723],[0.0513425,0.829058,-0.5568],[0.423042,0.486988,0.764119]],[[0.904654,-0.274782,-0.325723],[-0.411923,-0.368032,-0.83359],[0.109178,0.888283,-0.446131]],[[0.904654,-0.274782,-0.325723],[-0.392831,-0.833993,-0.387478],[-0.165179,0.478488,-0.862418]]],"btipPosition":[39.8783,229.474,-1.02146],"carpPosition":[62.9176,240.349,58.4058],"dipPosition":[36.7828,238.441,-17.1832],"direction":[-0.109178,-0.888283,0.446131],"extended":false,"handId":701,"id":7012,"length":66.821,"mcpPosition":[60.2132,287.039,6.89449],"pipPosition":[39.8789,263.631,-29.8344],"stabilizedTipPosition":[28.7302,221.646,41.0296],"timeVisible":11.7953,"tipPosition":[39.4399,231.295,-3.80904],"tipVelocity":[56.478,214.433,-208.656],"tool":false,"touchDistance":0.333333,"touchZone":"none","type":2,"width":18.9446},{"bases":[[[0.867137,-0.435569,-0.241563],[0.486777,0.638444,0.596186],[-0.105456,-0.634562,0.765643]],[[0.870982,-0.406793,-0.275517],[0.170598,0.776285,-0.606859],[0.460746,0.48156,0.745529]],[[0.870982,-0.406793,-0.275517],[-0.43286,-0.370058,-0.822003],[0.232428,0.83521,-0.498399]],[[0.870982,-0.406793,-0.275517],[-0.485825,-0.796685,-0.359537],[-0.0732428,0.447003,-0.891529]]],"btipPosition":[55.3085,224.764,3.89357],"carpPosition":[74.3063,237.983,54.5588],"dipPosition":[53.9438,233.093,-12.7177],"direction":[-0.232428,-0.83521,0.498399],"extended":false,"handId":701,"id":7013,"length":64.2502,"mcpPosition":[80.8937,277.622,6.73164],"pipPosition":[60.3648,256.166,-26.4861],"stabilizedTipPosition":[44.8906,219.531,31.0875],"timeVisible":11.7953,"tipPosition":[55.1726,226.519,1.02798],"tipVelocity":[64.6996,213.11,-186.395],"tool":false,"touchDistance":0.333333,"touchZone":"none","type":3,"width":18.027},{"bases":[[[0.756675,-0.605547,-0.246489],[0.604481,0.504338,0.616641],[-0.249092,-0.615595,0.747661]],[[0.695379,-0.711712,-0.0995712],[0.513592,0.589085,-0.62386],[0.502665,0.38268,0.775167]],[[0.695379,-0.711712,-0.0995712],[-0.426935,-0.297676,-0.853883],[0.578079,0.636282,-0.510852]],[[0.695379,-0.711712,-0.0995712],[-0.688609,-0.620252,-0.37564],[0.205588,0.329778,-0.921401]]],"btipPosition":[65.342,233.225,3.4465],"carpPosition":[83.4721,229.201,48.2112],"dipPosition":[68.8759,238.893,-12.3916],"direction":[-0.578079,-0.636282,0.510852],"extended":false,"handId":701,"id":7014,"length":50.3709,"mcpPosition":[97.8758,264.798,4.97787],"pipPosition":[80.1511,251.304,-22.3556],"stabilizedTipPosition":[56.4101,225.808,32.5904],"timeVisible":11.7953,"tipPosition":[66.2766,234.303,0.591741],"tipVelocity":[62.6002,218.592,-182.719],"tool":false,"touchDistance":0.333333,"touchZone":"none","type":4,"width":16.013}],"r":[[0.927971,-0.059514,0.367869],[-0.0226783,0.976316,0.215156],[-0.371962,-0.208001,0.904644]],"s":0.87303,"t":[57.398,44.2547,-87.206],"timestamp":523914939220},false],[2,{"currentFrameRate":110.615,"devices":[],"gestures":[],"hands":[{"armBasis":[[0.90569,-0.0804573,-0.416235],[0.281017,0.849065,0.447345],[0.317419,-0.522126,0.7916]],"armWidth":63.5437,"confidence":0.653114,"direction":[0.0398201,0.766684,-0.640788],"elbow":[153.245,86.0583,266.853],"grabStrength":0,"id":701,"palmNormal":[-0.287072,-0.605482,-0.742281],"palmPosition":[61.411,266.943,17.4982],"palmVelocity":[43.142,223.463,-174.862],"palmWidth":90.7382,"pinchStrength":0.861978,"r":[[0.927105,-0.0578979,0.370304],[-0.025496,0.975966,0.216427],[-0.373934,-0.210092,0.903346]],"s":0.872019,"sphereCenter":[41.5027,259.104,-22.752],"sphereRadius":45.2785,"stabilizedPalmPosition":[53.4069,258.196,43.9805],"t":[57.7759,46.3155,-88.7566],"timeVisible":11.8042,"type":"right","wrist":[67.7788,226.642,53.713]}],"id":4298214,"interactionBox":{"center":[0,200,0],"size":[235.247,235.247,147.751]},"pointables":[{"bases":[[[0.649662,0.605249,0.460015],[-0.657411,0.143402,0.739761],[0.381773,-0.783013,0.49106]],[[0.437434,0.871999,0.219703],[-0.698932,0.175961,0.693204],[0.565814,-0.456788,0.686439]],[[0.437434,0.871999,0.219703],[-0.898904,0.417232,0.133748],[0.0249613,-0.255998,0.966355]],[[0.437434,0.871999,0.219703],[-0.464636,0.428347,-0.775004],[-0.769912,0.236931,0.592536]]],"btipPosition":[26.2963,249.488,-27.3801],"carpPosition":[37.3421,223.575,53.4769],"dipPosition":[8.32747,255.017,-13.551],"direction":[-0.0249613,0.255998,-0.966355],"extended":false,"handId":701,"id":7010,"length":51.9721,"mcpPosition":[37.3421,223.575,53.4769],"pipPosition":[9.17618,246.313,19.3063],"stabilizedTipPosition":[14.3503,239.154,26.9381],"timeVisible":11.8042,"tipPosition":[22.6198,250.921,-23.6315],"tipVelocity":[45.7394,234.609,-197.269],"tool":false,"touchDistance":-0.586624,"touchZone":"touching","type":0,"width":20.194},{"bases":[[[0.95018,-0.0817511,-0.300791],[0.265881,0.716217,0.645245],[0.162682,-0.693073,0.702271]],[[0.952445,-0.0918214,-0.290546],[0.236514,0.823961,0.514926],[0.192117,-0.559157,0.806495]],[[0.952445,-0.0918214,-0.290546],[0.182058,0.936092,0.300975],[0.244342,-0.339559,0.908293]],[[0.952445,-0.0918214,-0.290546],[0.133263,0.983014,0.126189],[0.274024,-0.158907,0.948504]]],"btipPosition":[20.3378,327.541,-64.5931],"carpPosition":[51.0625,241.845,59.5367],"dipPosition":[25.0067,324.834,-48.4322],"direction":[-0.244342,0.339559,-0.908293],"extended":true,"handId":701,"id":7011,"length":58.6448,"mcpPosition":[39.1272,292.693,8.01392],"pipPosition":[30.8962,316.649,-26.5391],"stabilizedTipPosition":[20.7497,311.285,-8.84822],"timeVisible":11.8042,"tipPosition":[21.0019,326.979,-60.6529],"tipVelocity":[60.2933,234.444,-175.968],"tool":false,"touchDistance":-0.577434,"touchZone":"touching","type":1,"width":19.2893},{"bases":[[[0.904081,-0.295528,-0.308707],[0.4262,0.676695,0.600365],[0.0314762,-0.67435,0.737741]],[[0.903198,-0.280989,-0.324467],[0.0620173,0.833437,-0.549124],[0.424721,0.475845,0.770184]],[[0.903198,-0.280989,-0.324467],[-0.412104,-0.356313,-0.838577],[0.120019,0.891115,-0.437617]],[[0.903198,-0.280989,-0.324467],[-0.39928,-0.827423,-0.394901],[-0.157509,0.486227,-0.85952]]],"btipPosition":[39.9035,232.138,-3.26572],"carpPosition":[62.9603,242.475,56.5658],"dipPosition":[36.9518,241.25,-19.3731],"direction":[-0.120019,-0.891115,0.437617],"extended":false,"handId":701,"id":7012,"length":66.821,"mcpPosition":[60.7703,289.393,5.23753],"pipPosition":[40.3553,266.52,-31.7829],"stabilizedTipPosition":[29.0755,222.061,39.4506],"timeVisible":11.8042,"tipPosition":[39.5004,233.966,-6.00699],"tipVelocity":[42.8263,238.216,-219.793],"tool":false,"touchDistance":0.333333,"touchZone":"none","type":2,"width":18.9446},{"bases":[[[0.864141,-0.441709,-0.241152],[0.490489,0.63201,0.599986],[-0.112609,-0.636755,0.762799]],[[0.868342,-0.412526,-0.275327],[0.180002,0.77941,-0.6001],[0.462149,0.471533,0.75105]],[[0.868342,-0.412526,-0.275327],[-0.432916,-0.359564,-0.826618],[0.242004,0.836981,-0.490813]],[[0.868342,-0.412526,-0.275327],[-0.491512,-0.790001,-0.366489],[-0.0663221,0.453564,-0.888753]]],"btipPosition":[55.3319,227.225,1.743],"carpPosition":[74.3388,240.031,52.7378],"dipPosition":[54.0962,235.676,-14.8165],"direction":[-0.242004,-0.836981,0.490813],"extended":false,"handId":701,"id":7013,"length":64.2502,"mcpPosition":[81.3731,279.807,5.08836],"pipPosition":[60.7816,258.798,-28.3754],"stabilizedTipPosition":[45.3647,219.981,29.54],"timeVisible":11.8042,"tipPosition":[55.2199,228.993,-1.09436],"tipVelocity":[48.6412,230.875,-200.771],"tool":false,"touchDistance":0.333333,"touchZone":"none","type":3,"width":18.027},{"bases":[[[0.752298,-0.610751,-0.247043],[0.607035,0.496859,0.620193],[-0.256038,-0.616534,0.744533]],[[0.68905,-0.717877,-0.0993143],[0.523937,0.588133,-0.616109],[0.500701,0.372495,0.781375]],[[0.68905,-0.717877,-0.0993143],[-0.423504,-0.287659,-0.859009],[0.588094,0.63396,-0.502235]],[[0.68905,-0.717877,-0.0993143],[-0.69231,-0.611511,-0.383094],[0.214282,0.332727,-0.918355]]],"btipPosition":[65.4444,235.631,1.3545],"carpPosition":[83.4483,231.199,46.3776],"dipPosition":[69.1277,241.35,-14.4312],"direction":[-0.588094,-0.63396,0.502235],"extended":false,"handId":701,"id":7014,"length":50.3709,"mcpPosition":[98.2536,266.85,3.32519],"pipPosition":[80.5983,253.716,-24.2271],"stabilizedTipPosition":[56.9794,226.45,30.5817],"timeVisible":11.8042,"tipPosition":[66.407,236.704,-1.46066],"tipVelocity":[49.6703,232.708,-196.307],"tool":false,"touchDistance":0.333333,"touchZone":"none","type":4,"width":16.013}],"r":[[0.927105,-0.0578979,0.370304],[-0.025496,0.975966,0.216427],[-0.373934,-0.210092,0.903346]],"s":0.872019,"t":[57.7759,46.3155,-88.7566],"timestamp":523914948168},false],[3,{"currentFrameRate":110.567,"devices":[],"gestures":[],"hands":[{"armBasis":[[0.906306,-0.0812498,-0.414738],[0.277194,0.855056,0.438227],[0.319018,-0.512131,0.797464]],"armWidth":63.5437,"confidence":0.628552,"direction":[0.0418714,0.77568,-0.629736],"elbow":[153.771,90.3134,266.523],"grabStrength":0,"id":701,"palmNormal":[-0.28407,-0.595034,-0.751824],"palmPosition":[61.6237,269.013,16.1384],"palmVelocity":[37.6275,224.36,-167.661],"palmWidth":90.7382,"pinchStrength":0.870149,"r":[[0.926135,-0.0575882,0.372771],[-0.0279911,0.975058,0.220176],[-0.376153,-0.214347,0.901423]],"s":0.87057,"sphereCenter":[41.9654,261.633,-24.4131],"sphereRadius":45.2479,"stabilizedPalmPosition":[53.9049,258.851,42.2929],"t":[58.0713,48.3807,-90.2118],"timeVisible":11.8133,"type":"right","wrist":[67.8743,228.206,51.8033]}],"id":4298215,"interactionBox":{"center":[0,200,0],"size":[235.247,235.247,147.751]},"pointables":[{"bases":[[[0.647702,0.598923,0.470928],[-0.660204,0.132691,0.739272],[0.380279,-0.789737,0.481356]],[[0.436061,0.869116,0.233426],[-0.702916,0.166979,0.691395],[0.561926,-0.46557,0.683728]],[[0.436061,0.869116,0.233426],[-0.899603,0.414133,0.138598],[0.0237881,-0.270428,0.962446]],[[0.436061,0.869116,0.233426],[-0.466103,0.440007,-0.767556],[-0.769804,0.2259,0.596968]]],"btipPosition":[26.6251,252.229,-29.2815],"carpPosition":[37.4399,225.131,51.4111],"dipPosition":[8.65875,257.502,-15.3489],"direction":[-0.023788,0.270428,-0.962446],"extended":false,"handId":701,"id":7010,"length":51.9721,"mcpPosition":[37.4399,225.131,51.4111],"pipPosition":[9.46757,248.307,17.3754],"stabilizedTipPosition":[14.9911,240.279,22.7656],"timeVisible":11.8133,"tipPosition":[22.9372,253.573,-25.4802],"tipVelocity":[43.0541,251.071,-199.605],"tool":false,"touchDistance":-0.584459,"touchZone":"touching","type":0,"width":20.194},{"bases":[[[0.951321,-0.0771442,-0.298392],[0.263192,0.707122,0.656284],[0.160371,-0.702871,0.693003]],[[0.953533,-0.087263,-0.288376],[0.233934,0.81761,0.526107],[0.18987,-0.569121,0.800032]],[[0.953533,-0.087263,-0.288376],[0.180363,0.932015,0.314351],[0.24134,-0.351757,0.904446]],[[0.953533,-0.087263,-0.288376],[0.132396,0.981133,0.140884],[0.270642,-0.172517,0.947096]]],"btipPosition":[20.8013,330.687,-65.2769],"carpPosition":[51.1302,243.319,57.7794],"dipPosition":[25.4126,327.747,-49.14],"direction":[-0.24134,0.351757,-0.904446],"extended":true,"handId":701,"id":7011,"length":58.6448,"mcpPosition":[39.3644,294.886,6.93649],"pipPosition":[31.2298,319.269,-27.3397],"stabilizedTipPosition":[20.8669,313.259,-14.4036],"timeVisible":11.8133,"tipPosition":[21.4784,330.09,-61.337],"tipVelocity":[57.244,263.427,-148.049],"tool":false,"touchDistance":-0.558364,"touchZone":"touching","type":1,"width":19.2893},{"bases":[[[0.905341,-0.290805,-0.3095],[0.423692,0.668296,0.611445],[0.029027,-0.684699,0.728248]],[[0.90453,-0.27633,-0.324758],[0.0678423,0.845167,-0.530179],[0.420979,0.457531,0.783225]],[[0.90453,-0.27633,-0.324758],[-0.407585,-0.336491,-0.84891],[0.125301,0.900231,-0.416995]],[[0.90453,-0.27633,-0.324758],[-0.398443,-0.819005,-0.412884],[-0.151886,0.502864,-0.850916]]],"btipPosition":[40.0769,234.689,-5.68216],"carpPosition":[63.0386,243.995,54.8618],"dipPosition":[37.2306,244.112,-21.6283],"direction":[-0.125301,-0.900231,0.416995],"extended":false,"handId":701,"id":7012,"length":66.821,"mcpPosition":[61.019,291.633,4.19397],"pipPosition":[40.7838,269.641,-33.4533],"stabilizedTipPosition":[29.4915,222.656,37.4883],"timeVisible":11.8133,"tipPosition":[39.7116,236.536,-8.31926],"tipVelocity":[36.9408,251.835,-231.144],"tool":false,"touchDistance":0.333333,"touchZone":"none","type":2,"width":18.9446},{"bases":[[[0.865212,-0.43794,-0.244166],[0.488001,0.623645,0.610673],[-0.115165,-0.647515,0.7533]],[[0.869572,-0.407883,-0.278345],[0.184394,0.791108,-0.583221],[0.458087,0.455827,0.763137]],[[0.869572,-0.407883,-0.278345],[-0.428244,-0.342246,-0.836346],[0.245869,0.846463,-0.472281]],[[0.869572,-0.407883,-0.278345],[-0.489952,-0.782951,-0.38332],[-0.0615807,0.4697,-0.880676]]],"btipPosition":[55.5709,229.613,-0.560637],"carpPosition":[74.4322,241.61,51.0418],"dipPosition":[54.4235,238.365,-16.9696],"direction":[-0.245869,-0.846462,0.472281],"extended":false,"handId":701,"id":7013,"length":64.2502,"mcpPosition":[81.6262,282.058,3.98571],"pipPosition":[61.2157,261.748,-30.0166],"stabilizedTipPosition":[45.9102,220.62,27.6815],"timeVisible":11.8133,"tipPosition":[55.4774,231.418,-3.32148],"tipVelocity":[43.0167,241.516,-214.05],"tool":false,"touchDistance":0.333333,"touchZone":"none","type":3,"width":18.027},{"bases":[[[0.753462,-0.606923,-0.252861],[0.604528,0.488264,0.6294],[-0.258534,-0.62709,0.734791]],[[0.688992,-0.717048,-0.105508],[0.529621,0.597491,-0.602084],[0.494763,0.358953,0.791431]],[[0.688992,-0.717048,-0.105508],[-0.416752,-0.272859,-0.867102],[0.592965,0.641397,-0.486829]],[[0.688992,-0.717048,-0.105508],[-0.690247,-0.604793,-0.397221],[0.221016,0.346508,-0.911638]]],"btipPosition":[65.7079,238.01,-0.639049],"carpPosition":[83.5689,232.872,44.5913],"dipPosition":[69.507,243.966,-16.3093],"direction":[-0.592965,-0.641397,0.486829],"extended":false,"handId":701,"id":7014,"length":50.3709,"mcpPosition":[98.5186,269.134,2.10218],"pipPosition":[81.0726,256.477,-25.8047],"stabilizedTipPosition":[57.6269,227.322,28.2335],"timeVisible":11.8133,"tipPosition":[66.6924,239.115,-3.41106],"tipVelocity":[44.7,242.114,-201.632],"tool":false,"touchDistance":0.333333,"touchZone":"none","type":4,"width":16.013}],"r":[[0.926135,-0.0575882,0.372771],[-0.0279911,0.975058,0.220176],[-0.376153,-0.214347,0.901423]],"s":0.87057,"t":[58.0713,48.3807,-90.2118],"timestamp":523914957297},false],[4,{"currentFrameRate":110.632,"devices":[],"gestures":[],"hands":[{"armBasis":[[0.906863,-0.0782421,-0.414099],[0.272534,0.85837,0.434655],[0.321442,-0.507029,0.799748]],"armWidth":63.5437,"confidence":0.63251,"direction":[0.0435443,0.777089,-0.627883],"elbow":[154.599,93.1241,266.135],"grabStrength":0,"id":701,"palmNormal":[-0.278873,-0.594043,-0.754548],"palmPosition":[61.9006,270.511,15.1885],"palmVelocity":[35.828,208.983,-150.972],"palmWidth":90.7382,"pinchStrength":0.873861,"r":[[0.924983,-0.0571194,0.375691],[-0.0306356,0.974212,0.223545],[-0.378772,-0.218285,0.89938]],"s":0.868089,"sphereCenter":[42.6226,263.006,-25.6834],"sphereRadius":45.1833,"stabilizedPalmPosition":[54.4514,259.648,40.4405],"t":[58.3574,50.1626,-91.4143],"timeVisible":11.8223,"type":"right","wrist":[68.0497,229.643,50.8003]}],"id":4298216,"interactionBox":{"center":[0,200,0],"size":[235.247,235.247,147.751]},"pointables":[{"bases":[[[0.643964,0.599283,0.475574],[-0.664349,0.129756,0.736073],[0.379408,-0.789951,0.481691]],[[0.432964,0.869564,0.237488],[-0.708233,0.165177,0.686384],[0.557627,-0.465376,0.68737]],[[0.432964,0.869564,0.237488],[-0.901143,0.411108,0.137596],[0.0220155,-0.273584,0.961596]],[[0.432964,0.869564,0.237488],[-0.467959,0.442006,-0.765275],[-0.770426,0.220201,0.598293]]],"btipPosition":[27.0983,253.834,-30.634],"carpPosition":[37.6244,226.505,50.2419],"dipPosition":[9.11743,258.974,-16.6705],"direction":[-0.0220155,0.273584,-0.961596],"extended":false,"handId":701,"id":7010,"length":51.9721,"mcpPosition":[37.6244,226.505,50.2419],"pipPosition":[9.86598,249.671,16.025],"stabilizedTipPosition":[15.7031,241.595,18.2829],"timeVisible":11.8223,"tipPosition":[23.3986,255.113,-26.7979],"tipVelocity":[45.6703,230.719,-186.289],"tool":false,"touchDistance":-0.574527,"touchZone":"touching","type":0,"width":20.194},{"bases":[[[0.953032,-0.0745287,-0.293555],[0.258261,0.706288,0.659135],[0.15821,-0.703991,0.692363]],[[0.955165,-0.084431,-0.28378],[0.22888,0.818572,0.526834],[0.187813,-0.568165,0.801196]],[[0.955165,-0.084431,-0.28378],[0.17627,0.932264,0.31593],[0.237884,-0.351787,0.905349]],[[0.955165,-0.084431,-0.28378],[0.12932,0.981187,0.143349],[0.266338,-0.173621,0.948114]]],"btipPosition":[21.3172,332.137,-66.3783],"carpPosition":[51.2428,244.708,56.72],"dipPosition":[25.8552,329.179,-50.2241],"direction":[-0.237884,0.351787,-0.905349],"extended":true,"handId":701,"id":7011,"length":58.6448,"mcpPosition":[39.6356,296.357,5.92406],"pipPosition":[31.589,320.699,-28.402],"stabilizedTipPosition":[21.0539,315.537,-20.4442],"timeVisible":11.8223,"tipPosition":[22.0202,331.58,-62.4228],"tipVelocity":[56.8829,235.78,-141.214],"tool":false,"touchDistance":-0.547323,"touchZone":"touching","type":1,"width":19.2893},{"bases":[[[0.907561,-0.288261,-0.305352],[0.419075,0.667893,0.615057],[0.0266452,-0.686167,0.726956]],[[0.906812,-0.273962,-0.320369],[0.0716508,0.849122,-0.523314],[0.415401,0.451593,0.789624]],[[0.906812,-0.273962,-0.320369],[-0.401525,-0.329997,-0.85433],[0.128333,0.903353,-0.409248]],[[0.906812,-0.273962,-0.320369],[-0.395201,-0.816947,-0.420016],[-0.146656,0.507486,-0.849088]]],"btipPosition":[40.4531,236.322,-7.14921],"carpPosition":[63.1649,245.416,53.8663],"dipPosition":[37.7048,245.832,-23.0611],"direction":[-0.128333,-0.903353,0.409248],"extended":false,"handId":701,"id":7012,"length":66.821,"mcpPosition":[61.3111,293.156,3.28844],"pipPosition":[41.344,271.449,-34.6664],"stabilizedTipPosition":[29.9611,223.376,35.2928],"timeVisible":11.8223,"tipPosition":[40.1103,238.167,-9.75306],"tipVelocity":[39.0509,233.671,-212.706],"tool":false,"touchDistance":0.333333,"touchZone":"none","type":2,"width":18.9446},{"bases":[[[0.867398,-0.435617,-0.240537],[0.483481,0.623377,0.61453],[-0.117754,-0.649337,0.751329]],[[0.871936,-0.404947,-0.275218],[0.196617,0.804385,-0.560631],[0.448407,0.434722,0.780992]],[[0.871936,-0.404947,-0.275218],[-0.416904,-0.319292,-0.851025],[0.256745,0.856779,-0.447227]],[[0.871936,-0.404947,-0.275218],[-0.486993,-0.775421,-0.401945],[-0.0506435,0.4845,-0.873324]]],"btipPosition":[55.8109,231.559,-3.0027],"carpPosition":[74.5834,243.062,50.1013],"dipPosition":[54.8672,240.586,-19.2747],"direction":[-0.256745,-0.856779,0.447227],"extended":false,"handId":701,"id":7013,"length":64.2502,"mcpPosition":[81.9391,283.624,3.16831],"pipPosition":[61.9599,264.255,-31.6295],"stabilizedTipPosition":[46.4776,221.382,25.6644],"timeVisible":11.8223,"tipPosition":[55.8057,233.333,-5.44336],"tipVelocity":[40.052,237.052,-229.336],"tool":false,"touchDistance":0.333333,"touchZone":"none","type":3,"width":18.027},{"bases":[[[0.756051,-0.604815,-0.250172],[0.600192,0.488201,0.633584],[-0.261067,-0.629173,0.73211]],[[0.690467,-0.716093,-0.1023],[0.534393,0.600279,-0.595054],[0.487523,0.356197,0.797148]],[[0.690467,-0.716093,-0.1023],[-0.408913,-0.269736,-0.871799],[0.596695,0.64378,-0.479064]],[[0.690467,-0.716093,-0.1023],[-0.686584,-0.604253,-0.404327],[0.227721,0.349412,-0.908875]]],"btipPosition":[66.1249,239.616,-1.79536],"carpPosition":[83.7721,234.357,43.6805],"dipPosition":[70.0392,245.622,-17.4181],"direction":[-0.596695,-0.64378,0.479064],"extended":false,"handId":701,"id":7014,"length":50.3709,"mcpPosition":[98.8682,270.739,1.34643],"pipPosition":[81.6775,258.179,-26.7621],"stabilizedTipPosition":[58.3254,228.338,25.7346],"timeVisible":11.8223,"tipPosition":[67.1285,240.723,-4.54707],"tipVelocity":[46.0615,225.527,-181.654],"tool":false,"touchDistance":0.333333,"touchZone":"none","type":4,"width":16.013}],"r":[[0.924983,-0.0571194,0.375691],[-0.0306356,0.974212,0.223545],[-0.378772,-0.218285,0.89938]],"s":0.868089,"t":[58.3574,50.1626,-91.4143],"timestamp":523914966221},false],[5,{"currentFrameRate":110.619,"devices":[],"gestures":[],"hands":[{"armBasis":[[0.909305,-0.060608,-0.411692],[0.255648,0.861985,0.437751],[0.328341,-0.503298,0.799302]],"armWidth":63.5437,"confidence":0.626178,"direction":[0.0381337,0.772873,-0.633415],"elbow":[156.915,95.9249,265.474],"grabStrength":0,"id":701,"palmNormal":[-0.262182,-0.60393,-0.752681],"palmPosition":[62.1019,271.938,14.273],"palmVelocity":[32.068,194.738,-137.178],"palmWidth":90.7382,"pinchStrength":0.874721,"r":[[0.923459,-0.0533626,0.379967],[-0.0361688,0.973766,0.224659],[-0.381987,-0.221207,0.897303]],"s":0.865793,"sphereCenter":[43.4507,263.674,-26.8854],"sphereRadius":45.1807,"stabilizedPalmPosition":[55.169,260.801,37.9861],"t":[58.6011,51.7668,-92.4733],"timeVisible":11.8313,"type":"right","wrist":[68.5079,231.439,50.2601]}],"id":4298217,"interactionBox":{"center":[0,200,0],"size":[235.247,235.247,147.751]},"pointables":[{"bases":[[[0.629961,0.612608,0.477347],[-0.673665,0.125213,0.728352],[0.386425,-0.780406,0.491572]],[[0.418826,0.876683,0.236666],[-0.717635,0.159859,0.677824],[0.556404,-0.45373,0.696092]],[[0.418826,0.876683,0.236666],[-0.907815,0.398101,0.131863],[0.0213849,-0.270077,0.962601]],[[0.418826,0.876683,0.236666],[-0.473135,0.433135,-0.767162],[-0.775067,0.209332,0.596198]]],"btipPosition":[27.8053,254.719,-31.8742],"carpPosition":[38.1408,227.835,49.4211],"dipPosition":[9.7162,259.604,-17.9596],"direction":[-0.0213849,0.270077,-0.962601],"extended":false,"handId":701,"id":7010,"length":51.9721,"mcpPosition":[38.1408,227.835,49.4211],"pipPosition":[10.4433,250.421,14.77],"stabilizedTipPosition":[16.4964,243.018,13.5924],"timeVisible":11.8313,"tipPosition":[24.1047,255.829,-28.0696],"tipVelocity":[53.8473,192.165,-172.98],"tool":false,"touchDistance":-0.564179,"touchZone":"touching","type":0,"width":20.194},{"bases":[[[0.956978,-0.0622406,-0.283405],[0.240841,0.71512,0.6562],[0.161826,-0.696225,0.699345]],[[0.959118,-0.0718301,-0.27374],[0.210591,0.827314,0.520771],[0.189062,-0.557128,0.808618]],[[0.959118,-0.0718301,-0.27374],[0.158628,0.937477,0.309797],[0.234372,-0.340555,0.910545]],[[0.959118,-0.0718301,-0.27374],[0.113004,0.984002,0.137734],[0.259467,-0.163037,0.951891]]],"btipPosition":[21.373,332.227,-68.2239],"carpPosition":[51.4157,246.292,55.8942],"dipPosition":[25.7939,329.449,-52.0053],"direction":[-0.234372,0.340555,-0.910545],"extended":true,"handId":701,"id":7011,"length":58.6448,"mcpPosition":[39.5431,297.371,4.58604],"pipPosition":[31.443,321.24,-30.058],"stabilizedTipPosition":[21.232,317.676,-26.3156],"timeVisible":11.8313,"tipPosition":[22.0798,331.736,-64.249],"tipVelocity":[42.0511,174.654,-158.011],"tool":false,"touchDistance":-0.548386,"touchZone":"touching","type":1,"width":19.2893},{"bases":[[[0.91487,-0.276723,-0.294001],[0.402657,0.678844,0.614035],[0.029663,-0.680144,0.732479]],[[0.914079,-0.262846,-0.308824],[0.0672708,0.849246,-0.523695],[0.399919,0.457924,0.793959]],[[0.914079,-0.262846,-0.308824],[-0.386788,-0.336189,-0.858704],[0.121883,0.904372,-0.408969]],[[0.914079,-0.262846,-0.308824],[-0.379253,-0.823751,-0.421429],[-0.143623,0.502342,-0.852658]]],"btipPosition":[41.3024,237.409,-8.3944],"carpPosition":[63.354,247.158,53.1547],"dipPosition":[38.6109,246.822,-24.3732],"direction":[-0.121883,-0.904372,0.408969],"extended":false,"handId":701,"id":7012,"length":66.821,"mcpPosition":[61.2902,294.479,2.19261],"pipPosition":[42.0673,272.468,-35.9706],"stabilizedTipPosition":[30.5078,224.202,32.8777],"timeVisible":11.8313,"tipPosition":[40.9751,239.22,-10.9735],"tipVelocity":[54.55,201.588,-192.379],"tool":false,"touchDistance":0.333333,"touchZone":"none","type":2,"width":18.9446},{"bases":[[[0.876289,-0.424178,-0.228453],[0.467732,0.635311,0.614497],[-0.115517,-0.645332,0.755117]],[[0.88074,-0.393472,-0.263586],[0.191496,0.804898,-0.561665],[0.433159,0.444205,0.784254]],[[0.88074,-0.393472,-0.263586],[-0.402579,-0.328845,-0.854278],[0.249456,0.858511,-0.448031]],[[0.88074,-0.393472,-0.263586],[-0.471117,-0.784815,-0.402635],[-0.0484402,0.478796,-0.876589]]],"btipPosition":[56.7718,232.833,-3.88034],"carpPosition":[74.8444,244.951,49.5226],"dipPosition":[55.8692,241.754,-20.2132],"direction":[-0.249456,-0.858511,0.448031],"extended":false,"handId":701,"id":7013,"length":64.2502,"mcpPosition":[82.0604,285.263,2.353],"pipPosition":[62.7605,265.471,-32.5902],"stabilizedTipPosition":[47.1334,222.26,23.4993],"timeVisible":11.8313,"tipPosition":[56.7542,234.594,-6.37525],"tipVelocity":[58.5651,209.67,-193.171],"tool":false,"touchDistance":0.333333,"touchZone":"none","type":3,"width":18.027},{"bases":[[[0.76762,-0.595119,-0.237892],[0.586277,0.502076,0.635767],[-0.258917,-0.627498,0.734308]],[[0.701234,-0.707487,-0.0879338],[0.539408,0.607156,-0.583439],[0.466166,0.361695,0.807382]],[[0.701234,-0.707487,-0.0879338],[-0.38699,-0.274145,-0.880388],[0.598757,0.651388,-0.46603]],[[0.701234,-0.707487,-0.0879338],[-0.671598,-0.614149,-0.414459],[0.23922,0.349689,-0.90581]]],"btipPosition":[66.9721,241.153,-3.00888],"carpPosition":[84.2285,236.338,43.2618],"dipPosition":[71.0841,247.164,-18.5789],"direction":[-0.598757,-0.651388,0.46603],"extended":false,"handId":701,"id":7014,"length":50.3709,"mcpPosition":[99.2002,272.623,0.800684],"pipPosition":[82.7626,259.869,-27.6687],"stabilizedTipPosition":[59.1305,229.53,23.0217],"timeVisible":11.8313,"tipPosition":[68.0048,242.238,-5.63299],"tipVelocity":[60.5465,210.115,-168.099],"tool":false,"touchDistance":0.333333,"touchZone":"none","type":4,"width":16.013}],"r":[[0.923459,-0.0533626,0.379967],[-0.0361688,0.973766,0.224659],[-0.381987,-0.221207,0.897303]],"s":0.865793,"t":[58.6011,51.7668,-92.4733],"timestamp":523914975283},false],[6,{"currentFrameRate":110.551,"devices":[],"gestures":[],"hands":[{"armBasis":[[0.909881,-0.0576231,-0.410849],[0.25296,0.861981,0.439318],[0.328829,-0.503655,0.798876]],"armWidth":63.5437,"confidence":0.633029,"direction":[0.0365309,0.772964,-0.633397],"elbow":[157.417,97.2379,264.641],"grabStrength":0,"id":701,"palmNormal":[-0.25983,-0.604675,-0.752899],"palmPosition":[62.3917,273.328,13.5482],"palmVelocity":[31.943,182.736,-120.977],"palmWidth":90.7382,"pinchStrength":0.874916,"r":[[0.922174,-0.0498492,0.383549],[-0.041181,0.973368,0.225519],[-0.384576,-0.223763,0.895562]],"s":0.863888,"sphereCenter":[43.9129,264.91,-27.7373],"sphereRadius":45.1756,"stabilizedPalmPosition":[56.0429,262.317,35.0291],"t":[58.8678,53.2642,-93.3653],"timeVisible":11.8405,"type":"right","wrist":[68.8792,232.848,49.5417]}],"id":4298218,"interactionBox":{"center":[0,200,0],"size":[235.247,235.247,147.751]},"pointables":[{"bases":[[[0.627826,0.614376,0.477888],[-0.674654,0.123343,0.727756],[0.388171,-0.779313,0.491929]],[[0.417003,0.877218,0.237901],[-0.719858,0.158957,0.675675],[0.554898,-0.453014,0.697758]],[[0.417003,0.877218,0.237901],[-0.908524,0.394721,0.137036],[0.0263062,-0.273284,0.961574]],[[0.417003,0.877218,0.237901],[-0.47903,0.434557,-0.762687],[-0.772424,0.204081,0.601425]]],"btipPosition":[28.0335,256.239,-32.7892],"carpPosition":[38.523,229.159,48.6761],"dipPosition":[10.0061,261.002,-18.7526],"direction":[-0.0263062,0.273284,-0.961574],"extended":false,"handId":701,"id":7010,"length":51.9721,"mcpPosition":[38.523,229.159,48.6761],"pipPosition":[10.9005,251.71,13.9421],"stabilizedTipPosition":[17.3312,244.635,8.71829],"timeVisible":11.8405,"tipPosition":[24.3569,257.245,-28.9521],"tipVelocity":[46.2051,183.972,-151.727],"tool":false,"touchDistance":-0.5494,"touchZone":"touching","type":0,"width":20.194},{"bases":[[[0.957398,-0.0595707,-0.282561],[0.238264,0.715803,0.656396],[0.163156,-0.695756,0.699502]],[[0.959545,-0.0691037,-0.272945],[0.207726,0.828147,0.520598],[0.190063,-0.556235,0.808999]],[[0.959545,-0.0691037,-0.272945],[0.155754,0.937854,0.310114],[0.234552,-0.34008,0.910676]],[[0.959545,-0.0691037,-0.272945],[0.110276,0.984204,0.138498],[0.259062,-0.162994,0.952008]]],"btipPosition":[21.56,333.503,-68.9907],"carpPosition":[51.7406,247.653,55.1604],"dipPosition":[25.974,330.726,-52.7701],"direction":[-0.234552,0.34008,-0.910676],"extended":true,"handId":701,"id":7011,"length":58.6448,"mcpPosition":[39.7705,298.698,3.84078],"pipPosition":[31.6275,322.529,-30.8196],"stabilizedTipPosition":[21.4255,319.865,-31.9272],"timeVisible":11.8405,"tipPosition":[22.272,333.01,-65.0169],"tipVelocity":[35.9656,164.796,-137.26],"tool":false,"touchDistance":-0.533374,"touchZone":"touching","type":1,"width":19.2893},{"bases":[[[0.915899,-0.274171,-0.29319],[0.400217,0.679978,0.614374],[0.0309192,-0.680044,0.732519]],[[0.915097,-0.26052,-0.307776],[0.0677827,0.851794,-0.519474],[0.397495,0.454507,0.797133]],[[0.915097,-0.26052,-0.307776],[-0.38431,-0.332407,-0.861285],[0.122075,0.906441,-0.404305]],[[0.915097,-0.26052,-0.307776],[-0.377144,-0.82306,-0.424659],[-0.142686,0.50468,-0.851433]]],"btipPosition":[41.6334,238.858,-9.42821],"carpPosition":[63.6788,248.553,52.4315],"dipPosition":[38.9595,248.316,-25.3841],"direction":[-0.122075,-0.906441,0.404305],"extended":false,"handId":701,"id":7012,"length":66.821,"mcpPosition":[61.5276,295.867,1.46656],"pipPosition":[42.4212,274.02,-36.8492],"stabilizedTipPosition":[31.1081,225.163,30.2518],"timeVisible":11.8405,"tipPosition":[41.3118,240.666,-11.9903],"tipVelocity":[49.5295,189.781,-170.023],"tool":false,"touchDistance":0.333333,"touchZone":"none","type":2,"width":18.9446},{"bases":[[[0.877672,-0.421731,-0.227672],[0.465413,0.636627,0.614895],[-0.114378,-0.645638,0.755029]],[[0.882082,-0.390881,-0.262951],[0.191227,0.807204,-0.558439],[0.430538,0.442306,0.786767]],[[0.882082,-0.390881,-0.262951],[-0.400076,-0.326841,-0.856221],[0.248737,0.860457,-0.444683]],[[0.882082,-0.390881,-0.262951],[-0.468623,-0.785159,-0.404869],[-0.0482027,0.480352,-0.87575]]],"btipPosition":[57.167,234.281,-4.80798],"carpPosition":[75.1786,246.378,48.8096],"dipPosition":[56.2689,243.231,-21.1252],"direction":[-0.248737,-0.860457,0.444683],"extended":false,"handId":701,"id":7013,"length":64.2502,"mcpPosition":[82.3234,286.709,1.64543],"pipPosition":[63.1403,267.001,-33.4097],"stabilizedTipPosition":[47.8433,223.277,21.1831],"timeVisible":11.8405,"tipPosition":[57.1442,236.041,-7.3112],"tipVelocity":[54.2886,195.451,-167.415],"tool":false,"touchDistance":0.333333,"touchZone":"none","type":3,"width":18.027},{"bases":[[[0.76949,-0.592975,-0.237204],[0.584312,0.503724,0.636272],[-0.257808,-0.628206,0.734093]],[[0.702679,-0.706271,-0.0861544],[0.542929,0.610508,-0.576635],[0.459859,0.358414,0.812447]],[[0.702679,-0.706271,-0.0861544],[-0.38037,-0.270555,-0.884375],[0.601299,0.654202,-0.458758]],[[0.702679,-0.706271,-0.0861544],[-0.668645,-0.614098,-0.419282],[0.243219,0.352227,-0.903759]]],"btipPosition":[67.3758,242.664,-4.05676],"carpPosition":[84.5922,237.791,42.5572],"dipPosition":[71.5565,248.719,-19.5916],"direction":[-0.601299,-0.654202,0.458758],"extended":false,"handId":701,"id":7014,"length":50.3709,"mcpPosition":[99.4999,274.117,0.108466],"pipPosition":[83.2846,261.479,-28.5395],"stabilizedTipPosition":[59.9908,230.887,20.1573],"timeVisible":11.8405,"tipPosition":[68.4106,243.747,-6.64167],"tipVelocity":[56.4246,197.8,-152.856],"tool":false,"touchDistance":0.333333,"touchZone":"none","type":4,"width":16.013}],"r":[[0.922174,-0.0498492,0.383549],[-0.041181,0.973368,0.225519],[-0.384576,-0.223763,0.895562]],"s":0.863888,"t":[58.8678,53.2642,-93.3653],"timestamp":523914984449},false],[7,{"currentFrameRate":110.621,"devices":[],"gestures":[],"hands":[{"armBasis":[[0.906238,