{"sensorType":"Leap","data":[[0,{"currentFrameRate":97.1855,"devices":[],"gestures":[],"hands":[{"armBasis":[[0.935082,0.0499051,-0.350901],[0.102757,0.909344,0.403155],[0.339209,-0.413041,0.845183]],"armWidth":63.5437,"confidence":0.680463,"direction":[-0.0563632,0.699528,-0.712379],"elbow":[184.379,136.164,291.885],"grabStrength":0,"id":701,"palmNormal":[-0.129988,-0.712582,-0.689442],"palmPosition":[81.9256,282.385,23.9812],"palmVelocity":[34.4447,61.3871,-57.8885],"palmWidth":90.7382,"pinchStrength":0.71378,"r":[[0.893999,0.149058,0.422549],[-0.219603,0.967775,0.123229],[-0.390564,-0.202959,0.897924]],"s":0.902092,"sphereCenter":[80.8674,264.183,-21.1292],"sphereRadius":47.8732,"stabilizedPalmPosition":[80.8384,280.566,25.7169],"t":[78.4721,63.3987,-83.4189],"timeVisible":0.325352,"type":"right","wrist":[93.0457,247.376,64.3168]}],"id":4296967,"interactionBox":{"center":[0,200,0],"size":[235.247,235.247,147.751]},"pointables":[{"bases":[[[0.503605,0.752227,0.424896],[-0.716546,0.0889264,0.691848],[0.482642,-0.652875,0.58379]],[[0.32646,0.919262,0.219958],[-0.790226,0.137756,0.597131],[0.518619,-0.368756,0.771397]],[[0.32646,0.919262,0.219958],[-0.929681,0.27027,0.250296],[0.170639,-0.286202,0.942852]],[[0.32646,0.919262,0.219958],[-0.774567,0.39355,-0.495141],[-0.541729,-0.00872806,0.840508]]],"btipPosition":[44.7205,267.134,-27.025],"carpPosition":[63.6957,238.842,63.0493],"dipPosition":[32.0772,266.93,-7.40856],"direction":[-0.170639,0.286202,-0.942852],"extended":false,"handId":701,"id":7010,"length":51.9721,"mcpPosition":[63.6957,238.842,63.0493],"pipPosition":[37.8791,257.199,24.6496],"stabilizedTipPosition":[37.6327,262.207,-14.1853],"timeVisible":0.325352,"tipPosition":[42.5907,267.889,-22.2337],"tipVelocity":[21.1982,40.0467,-71.6244],"tool":false,"touchDistance":-0.202556,"touchZone":"hovering","type":0,"width":20.194},{"bases":[[[0.966396,0.0644734,-0.248842],[0.0956523,0.808332,0.580905],[0.2386,-0.585186,0.775001]],[[0.989567,-0.0140559,-0.143384],[0.0875118,0.849234,0.520714],[0.114448,-0.527829,0.841605]],[[0.989567,-0.0140559,-0.143384],[0.0627076,0.938034,0.340822],[0.129709,-0.346258,0.929129]],[[0.989567,-0.0140559,-0.143384],[0.0414759,0.98089,0.19009],[0.137972,-0.194054,0.97124]]],"btipPosition":[45.7051,336.969,-64.0228],"carpPosition":[73.5908,259.77,67.8368],"dipPosition":[48.0559,333.662,-47.4745],"direction":[-0.129709,0.346258,-0.929129],"extended":true,"handId":701,"id":7011,"length":58.6448,"mcpPosition":[56.0857,302.702,10.9781],"pipPosition":[51.1823,325.316,-25.0792],"stabilizedTipPosition":[41.2213,332.451,-51.3438],"timeVisible":0.325352,"tipPosition":[46.8144,337.485,-59.5688],"tipVelocity":[30.8407,33.9042,-76.0084],"tool":false,"touchDistance":-0.309742,"touchZone":"hovering","type":1,"width":19.2893},{"bases":[[[0.959186,-0.153932,-0.237209],[0.262871,0.794551,0.547346],[0.10422,-0.587362,0.802586]],[[0.95405,-0.129488,-0.270226],[-0.0242747,0.865446,-0.500413],[0.298664,0.483979,0.822535]],[[0.95405,-0.129488,-0.270226],[-0.299565,-0.390869,-0.870335],[0.0070755,0.911293,-0.411698]],[[0.95405,-0.129488,-0.270226],[-0.227144,-0.900693,-0.370347],[-0.195435,0.41471,-0.888719]]],"btipPosition":[67.2068,246.257,-1.70232],"carpPosition":[85.352,262.269,65.3449],"dipPosition":[63.5443,254.029,-18.3569],"direction":[-0.0070755,-0.911293,0.411698],"extended":false,"handId":701,"id":7012,"length":66.821,"mcpPosition":[78.1008,303.134,9.5051],"pipPosition":[63.745,279.871,-30.0317],"stabilizedTipPosition":[64.3718,244.956,-1.98937],"timeVisible":0.325352,"tipPosition":[66.6401,247.564,-4.54724],"tipVelocity":[32.3379,69.9924,-76.7667],"tool":false,"touchDistance":0.333333,"touchZone":"none","type":2,"width":18.9446},{"bases":[[[0.941504,-0.298145,-0.157098],[0.333917,0.762394,0.554306],[-0.045493,-0.574339,0.817353]],[[0.942602,-0.270198,-0.196198],[0.125329,0.830885,-0.542147],[0.309505,0.48644,0.817058]],[[0.942602,-0.270198,-0.196198],[-0.295874,-0.40347,-0.865835],[0.154787,0.874188,-0.460256]],[[0.942602,-0.270198,-0.196198],[-0.324156,-0.881463,-0.343432],[-0.0801466,0.387318,-0.918456]]],"btipPosition":[83.4649,244.423,4.65359],"carpPosition":[97.1961,261.586,62.288],"dipPosition":[81.9716,251.64,-12.4593],"direction":[-0.154787,-0.874188,0.460256],"extended":false,"handId":701,"id":7013,"length":64.2502,"mcpPosition":[100.038,297.463,11.2307],"pipPosition":[86.2476,275.789,-25.1741],"stabilizedTipPosition":[81.7121,243.731,3.4862],"timeVisible":0.325352,"tipPosition":[83.3287,246.259,1.47973],"tipVelocity":[34.255,64.1216,-75.7443],"tool":false,"touchDistance":0.333333,"touchZone":"none","type":3,"width":18.027},{"bases":[[[0.861709,-0.484458,-0.150856],[0.470951,0.652984,0.593142],[-0.188846,-0.582162,0.790838]],[[0.854918,-0.503641,-0.124346],[0.380395,0.771591,-0.50985],[0.352725,0.388579,0.851229]],[[0.854918,-0.503641,-0.124346],[-0.311575,-0.306855,-0.899312],[0.414774,0.807581,-0.419257]],[[0.854918,-0.503641,-0.124346],[-0.508116,-0.764644,-0.396405],[0.104565,0.402076,-0.909616]]],"btipPosition":[96.6849,251.304,5.32509],"carpPosition":[108.09,254.006,57.2576],"dipPosition":[98.4823,258.216,-10.3104],"direction":[-0.414774,-0.807581,0.419257],"extended":false,"handId":701,"id":7014,"length":50.3709,"mcpPosition":[119.01,287.669,11.5276],"pipPosition":[106.572,273.967,-18.4879],"stabilizedTipPosition":[96.4914,251.065,3.4919],"timeVisible":0.325352,"tipPosition":[97.6238,252.443,2.3502],"tipVelocity":[24.3089,72.7062,-70.12],"tool":false,"touchDistance":0.333333,"touchZone":"none","type":4,"width":16.013}],"r":[[0.893999,0.149058,0.422549],[-0.219603,0.967775,0.123229],[-0.390564,-0.202959,0.897924]],"s":0.902092,"t":[78.4721,63.3987,-83.4189],"timestamp":523903469306},false],[1,{"currentFrameRate":97.7353,"devices":[],"gestures":[],"hands":[{"armBasis":[[0.935073,0.0491031,-0.351037],[0.103394,0.909502,0.402636],[0.33904,-0.412789,0.845374]],"armWidth":63.5437,"confidence":0.68358,"direction":[-0.0555906,0.699168,-0.712793],"elbow":[184.412,136.494,291.708],"grabStrength":0,"id":701,"palmNormal":[-0.130387,-0.712867,-0.689072],"palmPosition":[82.0449,282.634,23.7296],"palmVelocity":[28.5014,51.894,-49.4539],"palmWidth":90.7382,"pinchStrength":0.711641,"r":[[0.893329,0.14922,0.423906],[-0.21976,0.967842,0.122426],[-0.392006,-0.202525,0.897394]],"s":0.900761,"sphereCenter":[80.8751,264.383,-21.3852],"sphereRadius":47.8526,"stabilizedPalmPosition":[81.136,281.076,25.2267],"t":[78.6299,63.7329,-83.7473],"timeVisible":0.334484,"type":"right","wrist":[93.1251,247.639,64.0882]}],"id":4296968,"interactionBox":{"center":[0,200,0],"size":[235.247,235.247,147.751]},"pointables":[{"bases":[[[0.504109,0.752054,0.424605],[-0.716662,0.089912,0.6916],[0.481943,-0.65294,0.584294]],[[0.326421,0.919576,0.2187],[-0.790246,0.138549,0.596922],[0.518614,-0.367675,0.771916]],[[0.326421,0.919576,0.2187],[-0.929762,0.270691,0.249536],[0.170267,-0.284793,0.943346]],[[0.326421,0.919576,0.2187],[-0.777695,0.392789,-0.490823],[-0.537252,-0.00986692,0.843364]]],"btipPosition":[44.7016,267.345,-27.3661],"carpPosition":[63.7684,239.128,62.8175],"dipPosition":[32.1627,267.114,-7.68296],"direction":[-0.170267,0.284793,-0.943346],"extended":false,"handId":701,"id":7010,"length":51.9721,"mcpPosition":[63.7684,239.128,62.8175],"pipPosition":[37.952,257.431,24.392],"stabilizedTipPosition":[37.8915,262.521,-14.7205],"timeVisible":0.334484,"tipPosition":[42.5949,268.067,-22.5464],"tipVelocity":[15.4616,35.1498,-61.6287],"tool":false,"touchDistance":-0.207985,"touchZone":"hovering","type":0,"width":20.194},{"bases":[[[0.966517,0.0635343,-0.248614],[0.0961599,0.808583,0.580471],[0.237905,-0.584941,0.7754]],[[0.989396,-0.0138738,-0.144576],[0.0877101,0.850492,0.518623],[0.115765,-0.525805,0.842691]],[[0.989396,-0.0138738,-0.144576],[0.0627246,0.938628,0.339179],[0.130997,-0.344651,0.929546]],[[0.989396,-0.0138738,-0.144576],[0.0413752,0.981105,0.189],[0.139222,-0.192978,0.971276]]],"btipPosition":[45.7359,337.088,-64.3502],"carpPosition":[73.6794,260.05,67.5958],"dipPosition":[48.108,333.8,-47.8013],"direction":[-0.130997,0.344651,-0.929546],"extended":true,"handId":701,"id":7011,"length":58.6448,"mcpPosition":[56.2253,302.965,10.7078],"pipPosition":[51.2655,325.492,-25.396],"stabilizedTipPosition":[41.4815,332.651,-51.8169],"timeVisible":0.334484,"tipPosition":[46.872,337.566,-59.9239],"tipVelocity":[23.3549,28.2255,-64.8416],"tool":false,"touchDistance":-0.31201,"touchZone":"hovering","type":1,"width":19.2893},{"bases":[[[0.959123,-0.154858,-0.236857],[0.263376,0.794645,0.546966],[0.103515,-0.58699,0.802949]],[[0.954028,-0.130476,-0.269827],[-0.0233632,0.865157,-0.500957],[0.298806,0.484231,0.822336]],[[0.954028,-0.130476,-0.269827],[-0.299611,-0.391191,-0.870174],[0.00798306,0.911013,-0.4123]],[[0.954028,-0.130476,-0.269827],[-0.227784,-0.90075,-0.369815],[-0.194795,0.414276,-0.889062]]],"btipPosition":[67.3026,246.505,-1.93366],"carpPosition":[85.4433,262.538,65.1058],"dipPosition":[63.6522,254.268,-18.5947],"direction":[-0.00798306,-0.911013,0.4123],"extended":false,"handId":701,"id":7012,"length":66.821,"mcpPosition":[78.2412,303.378,9.24067],"pipPosition":[63.8785,280.102,-30.2865],"stabilizedTipPosition":[64.7611,245.577,-2.69232],"timeVisible":0.334484,"tipPosition":[66.7361,247.813,-4.78848],"tipVelocity":[26.3497,58.0147,-62.5136],"tool":false,"touchDistance":0.333333,"touchZone":"none","type":2,"width":18.9446},{"bases":[[[0.941301,-0.299011,-0.156669],[0.334394,0.762434,0.553963],[-0.0461911,-0.573835,0.817667]],[[0.942433,-0.270927,-0.196006],[0.127603,0.833168,-0.538096],[0.309091,0.482109,0.819777]],[[0.942433,-0.270927,-0.196006],[-0.295144,-0.398393,-0.868431],[0.157194,0.876289,-0.455421]],[[0.942433,-0.270927,-0.196006],[-0.325067,-0.879737,-0.346978],[-0.0784286,0.390719,-0.917163]]],"btipPosition":[83.5201,244.721,4.11962],"carpPosition":[97.2877,261.844,62.0524],"dipPosition":[82.0588,252.001,-12.9692],"direction":[-0.157194,-0.876288,0.455421],"extended":false,"handId":701,"id":7013,"length":64.2502,"mcpPosition":[100.173,297.69,10.9755],"pipPosition":[86.4013,276.209,-25.5504],"stabilizedTipPosition":[81.9744,244.206,2.89864],"timeVisible":0.334484,"tipPosition":[83.3875,246.533,0.999989],"tipVelocity":[26.6368,55.8143,-70.7743],"tool":false,"touchDistance":0.333333,"touchZone":"none","type":3,"width":18.027},{"bases":[[[0.86135,-0.485255,-0.150343],[0.471327,0.652933,0.5929],[-0.189544,-0.581555,0.791118]],[[0.85345,-0.507196,-0.119899],[0.385731,0.769418,-0.509125],[0.350479,0.388263,0.852301]],[[0.85345,-0.507196,-0.119899],[-0.30876,-0.30671,-0.900331],[0.41987,0.805407,-0.418363]],[[0.85345,-0.507196,-0.119899],[-0.509457,-0.763372,-0.397135],[0.109897,0.400018,-0.909895]]],"btipPosition":[96.7001,251.604,5.03029],"carpPosition":[108.177,254.252,57.0294],"dipPosition":[98.5892,258.48,-10.61],"direction":[-0.41987,-0.805407,0.418363],"extended":false,"handId":701,"id":7014,"length":50.3709,"mcpPosition":[119.137,287.88,11.2832],"pipPosition":[106.779,274.19,-18.77],"stabilizedTipPosition":[96.6459,251.574,2.99757],"timeVisible":0.334484,"tipPosition":[97.6607,252.731,2.04781],"tipVelocity":[18.6564,61.3773,-59.6349],"tool":false,"touchDistance":0.333333,"touchZone":"none","type":4,"width":16.013}],"r":[[0.893329,0.14922,0.423906],[-0.21976,0.967842,0.122426],[-0.392006,-0.202525,0.897394]],"s":0.900761,"t":[78.6299,63.7329,-83.7473],"timestamp":523903478438},false],[2,{"currentFrameRate":98.3565,"devices":[],"gestures":[],"hands":[{"armBasis":[[0.936279,0.0445693,-0.348417],[0.106688,0.908973,0.40297],[0.334662,-0.414465,0.846298]],"armWidth":63.5437,"confidence":0.679741,"direction":[-0.0525001,0.699149,-0.713046],"elbow":[183.033,136.901,290.809],"grabStrength":0,"id":701,"palmNormal":[-0.132702,-0.712582,-0.688924],"palmPosition":[82.0018,283.521,22.565],"palmVelocity":[19.4109,64.826,-71.5335],"palmWidth":90.7382,"pinchStrength":0.712145,"r":[[0.892855,0.148694,0.425088],[-0.21916,0.96807,0.121697],[-0.393419,-0.20182,0.896934]],"s":0.8997,"sphereCenter":[80.7128,265.277,-22.5342],"sphereRadius":47.8253,"stabilizedPalmPosition":[81.3307,281.626,24.628],"t":[78.6873,64.3434,-84.4939],"timeVisible":0.343416,"type":"right","wrist":[92.9245,248.497,62.9412]}],"id":4296969,"interactionBox":{"center":[0,200,0],"size":[235.247,235.247,147.751]},"pointables":[{"bases":[[[0.506727,0.750258,0.424666],[-0.716721,0.0928672,0.691149],[0.479102,-0.654591,0.584784]],[[0.328732,0.91906,0.217404],[-0.790497,0.141805,0.595823],[0.516768,-0.367723,0.77313]],[[0.328732,0.91906,0.217404],[-0.929415,0.273943,0.247271],[0.1677,-0.283344,0.944242]],[[0.328732,0.91906,0.217404],[-0.778562,0.394022,-0.488455],[-0.534581,-0.00869176,0.845072]]],"btipPosition":[44.5863,268.24,-28.6586],"carpPosition":[63.5363,240.098,61.6558],"dipPosition":[32.1098,268.037,-8.93556],"direction":[-0.1677,0.283344,-0.944242],"extended":false,"handId":701,"id":7010,"length":51.9721,"mcpPosition":[63.5363,240.098,61.6558],"pipPosition":[37.8118,258.403,23.1698],"stabilizedTipPosition":[38.1055,262.839,-15.2464],"timeVisible":0.343416,"tipPosition":[42.4626,268.968,-23.807],"tipVelocity":[8.16124,53.0931,-84.0125],"tool":false,"touchDistance":-0.229373,"touchZone":"hovering","type":0,"width":20.194},{"bases":[[[0.966899,0.0597642,-0.248063],[0.098905,0.808394,0.580273],[0.235212,-0.5856,0.775724]],[[0.989309,-0.0170777,-0.144832],[0.0905004,0.850652,0.51788],[0.114358,-0.525451,0.843104]],[[0.989309,-0.0170777,-0.144832],[0.0658722,0.938366,0.339309],[0.130111,-0.345222,0.929458]],[[0.989309,-0.0170777,-0.144832],[0.0447369,0.980776,0.189939],[0.138804,-0.194387,0.971055]]],"btipPosition":[45.8672,338.091,-65.5482],"carpPosition":[73.5244,260.983,66.4334],"dipPosition":[48.2322,334.779,-49.0031],"direction":[-0.130111,0.345222,-0.929458],"extended":true,"handId":701,"id":7011,"length":58.6448,"mcpPosition":[56.2678,303.946,9.5216],"pipPosition":[51.3683,326.458,-26.5999],"stabilizedTipPosition":[41.7169,332.874,-52.291],"timeVisible":0.343416,"tipPosition":[47.0123,338.509,-61.1501],"tipVelocity":[20.9428,51.0179,-83.7714],"tool":false,"touchDistance":-0.327126,"touchZone":"hovering","type":1,"width":19.2893},{"bases":[[[0.958664,-0.158595,-0.236242],[0.266087,0.793807,0.546871],[0.1008,-0.587127,0.803195]],[[0.953718,-0.134358,-0.269017],[-0.0194137,0.865249,-0.500966],[0.300075,0.483002,0.822596]],[[0.953718,-0.134358,-0.269017],[-0.300463,-0.390049,-0.870393],[0.0120142,0.910939,-0.412367]],[[0.953718,-0.134358,-0.269017],[-0.231078,-0.899938,-0.369751],[-0.19242,0.414802,-0.889334]]],"btipPosition":[67.1275,247.453,-3.11253],"carpPosition":[85.2991,263.425,63.9495],"dipPosition":[63.5216,255.226,-19.7786],"direction":[-0.0120142,-0.910939,0.412367],"extended":false,"handId":701,"id":7012,"length":66.821,"mcpPosition":[78.286,304.275,8.0673],"pipPosition":[63.8622,281.058,-31.4724],"stabilizedTipPosition":[65.0238,246.203,-3.41925],"timeVisible":0.343416,"tipPosition":[66.5665,248.768,-5.98222],"tipVelocity":[14.1249,71.2119,-81.502],"tool":false,"touchDistance":0.333333,"touchZone":"none","type":2,"width":18.9446},{"bases":[[[0.940244,-0.302653,-0.15602],[0.336977,0.761327,0.55392],[-0.048864,-0.573395,0.81782]],[[0.941508,-0.274465,-0.195532],[0.131588,0.833588,-0.536484],[0.310239,0.479374,0.820946]],[[0.941508,-0.274465,-0.195532],[-0.295836,-0.395299,-0.869609],[0.161383,0.876589,-0.453373]],[[0.941508,-0.274465,-0.195532],[-0.328319,-0.877867,-0.348649],[-0.075959,0.392452,-0.916631]]],"btipPosition":[83.329,245.616,2.84239],"carpPosition":[97.1426,262.685,60.9034],"dipPosition":[81.9137,252.928,-14.2365],"direction":[-0.161383,-0.876589,0.453373],"extended":false,"handId":701,"id":7013,"length":64.2502,"mcpPosition":[100.195,298.503,9.8169],"pipPosition":[86.372,277.144,-26.7611],"stabilizedTipPosition":[82.1364,244.693,2.2714],"timeVisible":0.343416,"tipPosition":[83.201,247.418,-0.272699],"tipVelocity":[13.8572,68.1444,-90.4079],"tool":false,"touchDistance":0.333333,"touchZone":"none","type":3,"width":18.027},{"bases":[[[0.859579,-0.488588,-0.149682],[0.473467,0.651316,0.592972],[-0.192229,-0.580576,0.791188]],[[0.85048,-0.513196,-0.115387],[0.393323,0.76611,-0.508303],[0.349258,0.386917,0.853413]],[[0.85048,-0.513196,-0.115387],[-0.30677,-0.305728,-0.901345],[0.42729,0.801973,-0.417448]],[[0.85048,-0.513196,-0.115387],[-0.512955,-0.760607,-0.397939],[0.116457,0.397627,-0.910127]]],"btipPosition":[96.4698,252.501,3.83286],"carpPosition":[108.005,255.05,55.8892],"dipPosition":[98.4715,259.336,-11.8114],"direction":[-0.42729,-0.801973,0.417448],"extended":false,"handId":701,"id":7014,"length":50.3709,"mcpPosition":[119.121,288.622,10.1389],"pipPosition":[106.806,274.978,-19.9536],"stabilizedTipPosition":[96.7075,252.116,2.39893],"timeVisible":0.343416,"tipPosition":[97.4553,253.613,0.83984],"tipVelocity":[7.32189,71.7367,-79.9679],"tool":false,"touchDistance":0.333333,"touchZone":"none","type":4,"width":16.013}],"r":[[0.892855,0.148694,0.425088],[-0.21916,0.96807,0.121697],[-0.393419,-0.20182,0.896934]],"s":0.8997,"t":[78.6873,64.3434,-84.4939],"timestamp":523903487370},false],[3,{"currentFrameRate":98.8744,"devices":[],"gestures":[],"hands":[{"armBasis":[[0.936186,0.0403513,-0.349182],[0.110558,0.909171,0.401478],[0.333667,-0.414463,0.846692]],"armWidth":63.5437,"confidence":0.68141,"direction":[-0.0510631,0.698227,-0.714053],"elbow":[182.672,137.456,290.184],"grabStrength":0,"id":701,"palmNormal":[-0.136289,-0.713168,-0.687616],"palmPosition":[81.9736,284.052,21.796],"palmVelocity":[13.1744,63.0719,-75.1508],"palmWidth":90.7382,"pinchStrength":0.718611,"r":[[0.892708,0.147766,0.425719],[-0.217948,0.968446,0.120879],[-0.394424,-0.200694,0.896745]],"s":0.898561,"sphereCenter":[80.4678,265.77,-23.254],"sphereRadius":47.7777,"stabilizedPalmPosition":[81.4643,282.13,24.0394],"t":[78.7019,64.9145,-85.2516],"timeVisible":0.352506,"type":"right","wrist":[92.8312,249.052,62.2102]}],"id":4296970,"interactionBox":{"center":[0,200,0],"size":[235.247,235.247,147.751]},"pointables":[{"bases":[[[0.510049,0.749092,0.422742],[-0.715346,0.0965081,0.692074],[0.477629,-0.655398,0.585084]],[[0.330882,0.919125,0.213839],[-0.789981,0.145837,0.595535],[0.516185,-0.36598,0.774346]],[[0.330882,0.919125,0.213839],[-0.92908,0.277596,0.24444],[0.16531,-0.279554,0.945792]],[[0.330882,0.919125,0.213839],[-0.779261,0.39393,-0.487413],[-0.532231,-0.00535998,0.846582]]],"btipPosition":[44.5166,268.605,-29.481],"carpPosition":[63.4111,240.757,60.9818],"dipPosition":[32.095,268.48,-9.72275],"direction":[-0.16531,0.279554,-0.945792],"extended":false,"handId":701,"id":7010,"length":51.9721,"mcpPosition":[63.4111,240.757,60.9818],"pipPosition":[37.7157,258.975,22.4353],"stabilizedTipPosition":[38.2878,263.133,-15.7433],"timeVisible":0.352506,"tipPosition":[42.3193,269.375,-24.5967],"tipVelocity":[4.16183,50.0675,-85.5556],"tool":false,"touchDistance":-0.242945,"touchZone":"hovering","type":0,"width":20.194},{"bases":[[[0.966734,0.0559111,-0.2496],[0.102672,0.808932,0.578867],[0.234275,-0.585237,0.776281]],[[0.98892,-0.0202831,-0.147058],[0.0941856,0.851435,0.515933],[0.114746,-0.524067,0.843912]],[[0.98892,-0.0202831,-0.147058],[0.0695115,0.93858,0.337988],[0.131171,-0.344465,0.92959]],[[0.98892,-0.0202831,-0.147058],[0.0482578,0.980743,0.189249],[0.140388,-0.194249,0.970855]]],"btipPosition":[45.8236,338.615,-66.3449],"carpPosition":[73.4812,261.613,65.712],"dipPosition":[48.2156,335.306,-49.8032],"direction":[-0.131171,0.344465,-0.92959],"extended":true,"handId":701,"id":7011,"length":58.6448,"mcpPosition":[56.2934,304.55,8.75935],"pipPosition":[51.3772,327.003,-27.3968],"stabilizedTipPosition":[41.9307,333.103,-52.7615],"timeVisible":0.352506,"tipPosition":[46.9849,338.986,-61.9743],"tipVelocity":[14.0046,52.8625,-84.8662],"tool":false,"touchDistance":-0.334708,"touchZone":"hovering","type":1,"width":19.2893},{"bases":[[[0.957734,-0.162399,-0.237428],[0.269751,0.793694,0.545238],[0.0998992,-0.586239,0.803955]],[[0.952929,-0.138635,-0.269643],[-0.0155006,0.865901,-0.499976],[0.302798,0.480621,0.822993]],[[0.952929,-0.138635,-0.269643],[-0.302766,-0.387819,-0.870591],[0.0161214,0.91125,-0.411538]],[[0.952929,-0.138635,-0.269643],[-0.235298,-0.899015,-0.369332],[-0.191211,0.415393,-0.889318]]],"btipPosition":[66.8819,248.07,-3.95107],"carpPosition":[85.2609,264.009,63.2067],"dipPosition":[63.2986,255.854,-20.6169],"direction":[-0.0161214,-0.91125,0.411538],"extended":false,"handId":701,"id":7012,"length":66.821,"mcpPosition":[78.3104,304.797,7.27164],"pipPosition":[63.7558,281.695,-32.2872],"stabilizedTipPosition":[65.1895,246.789,-4.11868],"timeVisible":0.352506,"tipPosition":[66.3282,249.388,-6.82122],"tipVelocity":[2.89096,70.365,-84.4758],"tool":false,"touchDistance":0.333333,"touchZone":"none","type":2,"width":18.9446},{"bases":[[[0.938918,-0.306265,-0.156954],[0.340534,0.760971,0.552232],[-0.0496923,-0.571949,0.818783]],[[0.940224,-0.278016,-0.196686],[0.134176,0.833242,-0.536381],[0.31301,0.477928,0.820738]],[[0.940224,-0.278016,-0.196686],[-0.298319,-0.393785,-0.869448],[0.164268,0.876151,-0.453183]],[[0.940224,-0.278016,-0.196686],[-0.332043,-0.876702,-0.348055],[-0.0756706,0.392558,-0.916609]]],"btipPosition":[83.1266,246.137,2.02659],"carpPosition":[97.097,263.222,60.1441],"dipPosition":[81.7167,253.451,-15.0519],"direction":[-0.164268,-0.876151,0.453183],"extended":false,"handId":701,"id":7013,"length":64.2502,"mcpPosition":[100.201,298.95,8.99746],"pipPosition":[86.2547,277.655,-27.5713],"stabilizedTipPosition":[82.2313,245.138,1.67659],"timeVisible":0.352506,"tipPosition":[82.9949,247.923,-1.08896],"tipVelocity":[3.89296,65.164,-90.2219],"tool":false,"touchDistance":0.333333,"touchZone":"none","type":3,"width":18.027},{"bases":[[[0.857597,-0.4919,-0.150206],[0.476688,0.650531,0.591251],[-0.193122,-0.578656,0.792376]],[[0.847484,-0.518762,-0.112498],[0.398944,0.762272,-0.509692],[0.350163,0.387076,0.85297]],[[0.847484,-0.518762,-0.112498],[-0.307095,-0.306293,-0.901042],[0.43297,0.798167,-0.418888]],[[0.847484,-0.518762,-0.112498],[-0.51701,-0.758656,-0.396411],[0.120296,0.394115,-0.911154]]],"btipPosition":[96.2322,253.01,3.06186],"carpPosition":[107.925,255.54,55.1255],"dipPosition":[98.3,259.784,-12.6001],"direction":[-0.43297,-0.798167,0.418888],"extended":false,"handId":701,"id":7014,"length":50.3709,"mcpPosition":[119.092,289.001,9.30655],"pipPosition":[106.745,275.352,-20.7703],"stabilizedTipPosition":[96.7075,252.602,1.81556],"timeVisible":0.352506,"tipPosition":[97.2326,254.107,0.0498723],"tipVelocity":[-1.48044,66.9325,-81.4349],"tool":false,"touchDistance":0.333333,"touchZone":"none","type":4,"width":16.013}],"r":[[0.892708,0.147766,0.425719],[-0.217948,0.968446,0.120879],[-0.394424,-0.200694,0.896745]],"s":0.898561,"t":[78.7019,64.9145,-85.2516],"timestamp":523903496460},false],[4,{"currentFrameRate":99.4274,"devices":[],"gestures":[],"hands":[{"armBasis":[[0.935935,0.0380442,-0.350113],[0.113057,0.90907,0.401011],[0.333533,-0.414903,0.846529]],"armWidth":63.5437,"confidence":0.674292,"direction":[-0.0500455,0.69851,-0.713849],"elbow":[182.577,137.708,289.688],"grabStrength":0,"id":701,"palmNormal":[-0.138641,-0.712683,-0.687649],"palmPosition":[81.9612,284.458,21.3614],"palmVelocity":[9.1895,58.1815,-67.8394],"palmWidth":90.7382,"pinchStrength":0.728945,"r":[[0.892739,0.146576,0.426066],[-0.21649,0.968844,0.120309],[-0.395157,-0.199643,0.896657]],"s":0.897236,"sphereCenter":[80.1923,266.247,-23.6531],"sphereRadius":47.704,"stabilizedPalmPosition":[81.556,282.56,23.5452],"t":[78.703,65.4028,-85.8478],"timeVisible":0.361476,"type":"right","wrist":[92.7721,249.422,61.7577]}],"id":4296971,"interactionBox":{"center":[0,200,0],"size":[235.247,235.247,147.751]},"pointables":[{"bases":[[[0.512241,0.747768,0.422436],[-0.71447,0.0980717,0.692758],[0.476594,-0.656677,0.584494]],[[0.33165,0.919296,0.211902],[-0.789825,0.147727,0.595276],[0.515931,-0.364789,0.775077]],[[0.33165,0.919296,0.211902],[-0.929305,0.279661,0.241208],[0.162481,-0.276919,0.947057]],[[0.33165,0.919296,0.211902],[-0.779475,0.39355,-0.487378],[-0.531439,-0.00353375,0.847089]]],"btipPosition":[44.5269,268.855,-29.9993],"carpPosition":[63.331,241.198,60.5548],"dipPosition":[32.1237,268.773,-10.2292],"direction":[-0.162481,0.276919,-0.947057],"extended":false,"handId":701,"id":7010,"length":51.9721,"mcpPosition":[63.331,241.198,60.5548],"pipPosition":[37.6483,259.357,21.9719],"stabilizedTipPosition":[38.4421,263.393,-16.186],"timeVisible":0.361476,"tipPosition":[42.2461,269.664,-25.0948],"tipVelocity":[3.4654,44.2871,-77.8681],"tool":false,"touchDistance":-0.251538,"touchZone":"hovering","type":0,"width":20.194},{"bases":[[[0.966633,0.0536425,-0.250484],[0.105154,0.808552,0.578953],[0.233586,-0.585974,0.775933]],[[0.988612,-0.0219708,-0.148876],[0.0965896,0.851262,0.515775],[0.115401,-0.524281,0.84369]],[[0.988612,-0.0219708,-0.148876],[0.071839,0.938187,0.338591],[0.132235,-0.34543,0.929081]],[[0.988612,-0.0219708,-0.148876],[0.0504786,0.980385,0.19052],[0.14177,-0.195866,0.970329]]],"btipPosition":[45.7713,339.145,-66.7203],"carpPosition":[73.4556,262.029,65.2803],"dipPosition":[48.1868,335.808,-50.1875],"direction":[-0.132235,0.34543,-0.929081],"extended":true,"handId":701,"id":7011,"length":58.6448,"mcpPosition":[56.3183,305.02,8.35319],"pipPosition":[51.3741,327.482,-27.7934],"stabilizedTipPosition":[42.1325,333.345,-53.2276],"timeVisible":0.361476,"tipPosition":[46.948,339.455,-62.3804],"tipVelocity":[8.73796,54.3775,-73.1519],"tool":false,"touchDistance":-0.335233,"touchZone":"hovering","type":1,"width":19.2893},{"bases":[[[0.95712,-0.164648,-0.238353],[0.272164,0.79292,0.545165],[0.0992342,-0.58666,0.803731]],[[0.952491,-0.141508,-0.269698],[-0.0111941,0.868647,-0.495305],[0.304361,0.474792,0.825794]],[[0.952491,-0.141508,-0.269698],[-0.303876,-0.381924,-0.872808],[0.0205048,0.913296,-0.40678]],[[0.952491,-0.141508,-0.269698],[-0.238632,-0.896976,-0.372141],[-0.189252,0.418819,-0.88813]]],"btipPosition":[66.6698,248.645,-4.66946],"carpPosition":[85.2387,264.398,62.7646],"dipPosition":[63.1232,256.494,-21.313],"direction":[-0.0205048,-0.913296,0.40678],"extended":false,"handId":701,"id":7012,"length":66.821,"mcpPosition":[78.3344,305.215,6.84511],"pipPosition":[63.7047,282.393,-32.8484],"stabilizedTipPosition":[65.2873,247.328,-4.76307],"timeVisible":0.361476,"tipPosition":[66.1344,249.968,-7.50793],"tipVelocity":[-4.11711,69.1169,-83.1181],"tool":false,"touchDistance":0.333333,"touchZone":"none","type":2,"width":18.9446},{"bases":[[[0.938033,-0.308487,-0.157893],[0.342875,0.760024,0.552086],[-0.0503087,-0.572013,0.8187]],[[0.939371,-0.280155,-0.197728],[0.135725,0.833309,-0.535887],[0.314899,0.47656,0.82081]],[[0.939371,-0.280155,-0.197728],[-0.300021,-0.392275,-0.869545],[0.166043,0.876147,-0.452544]],[[0.939371,-0.280155,-0.197728],[-0.334486,-0.875613,-0.348456],[-0.075511,0.393467,-0.916232]]],"btipPosition":[83.002,246.546,1.55054],"carpPosition":[97.0701,263.582,59.6908],"dipPosition":[81.595,253.877,-15.521],"direction":[-0.166043,-0.876147,0.452544],"extended":false,"handId":701,"id":7013,"length":64.2502,"mcpPosition":[100.213,299.314,8.54932],"pipPosition":[86.182,278.081,-28.0226],"stabilizedTipPosition":[82.2885,245.534,1.15789],"timeVisible":0.361476,"tipPosition":[82.8678,248.331,-1.57308],"tipVelocity":[-0.957514,59.9146,-80.0007],"tool":false,"touchDistance":0.333333,"touchZone":"none","type":3,"width":18.027},{"bases":[[[0.856272,-0.493927,-0.151112],[0.478799,0.649249,0.590954],[-0.193779,-0.57837,0.792426]],[[0.844235,-0.52518,-0.107023],[0.406978,0.758072,-0.509603],[0.348765,0.386668,0.853728]],[[0.844235,-0.52518,-0.107023],[-0.304924,-0.306409,-0.90174],[0.440783,0.793914,-0.418821]],[[0.844235,-0.52518,-0.107023],[-0.520637,-0.756135,-0.39648],[0.1273,0.390443,-0.911784]]],"btipPosition":[95.9965,253.489,2.57677],"carpPosition":[107.875,255.876,54.6604],"dipPosition":[98.1847,260.2,-13.096],"direction":[-0.440783,-0.793914,0.418821],"extended":false,"handId":701,"id":7014,"length":50.3709,"mcpPosition":[119.08,289.32,8.83865],"pipPosition":[106.782,275.685,-21.2649],"stabilizedTipPosition":[96.67,253.041,1.30249],"timeVisible":0.361476,"tipPosition":[97.0379,254.562,-0.460321],"tipVelocity":[-7.42329,62.7999,-74.0206],"tool":false,"touchDistance":0.333333,"touchZone":"none","type":4,"width":16.013}],"r":[[0.892739,0.146576,0.426066],[-0.21649,0.968844,0.120309],[-0.395157,-0.199643,0.896657]],"s":0.897236,"t":[78.703,65.4028,-85.8478],"timestamp":523903505430},false],[5,{"currentFrameRate":99.9196,"devices":[],"gestures":[],"hands":[{"armBasis":[[0.93612,0.0358996,-0.349842],[0.115002,0.908836,0.400988],[0.332345,-0.415606,0.846652]],"armWidth":63.5437,"confidence":0.658791,"direction":[-0.0496791,0.697499,-0.714862],"elbow":[182.243,137.779,289.45],"grabStrength":0,"id":701,"palmNormal":[-0.140414,-0.713514,-0.686426],"palmPosition":[81.9608,284.673,21.0479],"palmVelocity":[6.64445,48.6834,-58.6912],"palmWidth":90.7382,"pinchStrength":0.738138,"r":[[0.892891,0.145479,0.426123],[-0.215001,0.969263,0.119601],[-0.395626,-0.198407,0.896724]],"s":0.895345,"sphereCenter":[79.9415,266.456,-23.895],"sphereRadius":47.5976,"stabilizedPalmPosition":[81.6215,282.901,23.1414],"t":[78.7033,65.7543,-86.3026],"timeVisible":0.370521,"type":"right","wrist":[92.7578,249.682,61.4868]}],"id":4296972,"interactionBox":{"center":[0,200,0],"size":[235.247,235.247,147.751]},"pointables":[{"bases":[[[0.513805,0.747622,0.420792],[-0.713634,0.100222,0.693312],[0.476163,-0.656518,0.585023]],[[0.330467,0.920828,0.207043],[-0.790536,0.150217,0.593707],[0.515601,-0.359875,0.77759]],[[0.330467,0.920828,0.207043],[-0.930461,0.281081,0.235021],[0.158218,-0.270312,0.949683]],[[0.330467,0.920828,0.207043],[-0.778134,0.389965,-0.492377],[-0.534134,0.00160753,0.845399]]],"btipPosition":[44.7231,268.569,-30.4036],"carpPosition":[63.303,241.501,60.3254],"dipPosition":[32.2571,268.607,-10.673],"direction":[-0.158218,0.270312,-0.949683],"extended":false,"handId":701,"id":7010,"length":51.9721,"mcpPosition":[63.303,241.501,60.3254],"pipPosition":[37.6367,259.416,21.6174],"stabilizedTipPosition":[38.5681,263.584,-16.543],"timeVisible":0.370521,"tipPosition":[42.2833,269.488,-25.483],"tipVelocity":[8.05244,24.1909,-68.9981],"tool":false,"touchDistance":-0.258428,"touchZone":"hovering","type":0,"width":20.194},{"bases":[[[0.966467,0.0517769,-0.251518],[0.106967,0.809269,0.577617],[0.233453,-0.585151,0.776593]],[[0.988284,-0.0229267,-0.150895],[0.0982274,0.852237,0.513851],[0.116818,-0.522653,0.844505]],[[0.988284,-0.0229267,-0.150895],[0.0732731,0.938541,0.3373],[0.133888,-0.344405,0.929225]],[[0.988284,-0.0229267,-0.150895],[0.0517346,0.980446,0.189867],[0.143591,-0.195449,0.970145]]],"btipPosition":[45.6581,339.278,-67.0751],"carpPosition":[73.4642,262.324,65.0092],"dipPosition":[48.1046,335.948,-50.5455],"direction":[-0.133888,0.344405,-0.929225],"extended":true,"handId":701,"id":7011,"length":58.6448,"mcpPosition":[56.3367,305.254,8.03365],"pipPosition":[51.3318,327.646,-28.1479],"stabilizedTipPosition":[42.3161,333.577,-53.6789],"timeVisible":0.370521,"tipPosition":[46.8551,339.54,-62.7646],"tipVelocity":[3.09494,43.4771,-63.8187],"tool":false,"touchDistance":-0.335376,"touchZone":"hovering","type":1,"width":19.2893},{"bases":[[[0.956631,-0.16648,-0.239045],[0.273919,0.793329,0.543689],[0.0991281,-0.585588,0.804525]],[[0.952068,-0.143652,-0.270056],[-0.00971933,0.868213,-0.496097],[0.305731,0.474943,0.825202]],[[0.952068,-0.143652,-0.270056],[-0.305089,-0.382299,-0.87222],[0.0220539,0.912804,-0.407801]],[[0.952068,-0.143652,-0.270056],[-0.240498,-0.897085,-0.370674],[-0.189015,0.417855,-0.888634]]],"btipPosition":[66.5727,248.868,-4.94409],"carpPosition":[85.2484,264.671,62.4783],"dipPosition":[63.0306,256.699,-21.5971],"direction":[-0.0220539,-0.912804,0.407801],"extended":false,"handId":701,"id":7012,"length":66.821,"mcpPosition":[78.3516,305.413,6.50358],"pipPosition":[63.656,282.584,-33.1614],"stabilizedTipPosition":[65.3525,247.791,-5.31883],"timeVisible":0.370521,"tipPosition":[66.0346,250.195,-7.80646],"tipVelocity":[-5.90958,56.7268,-68.6373],"tool":false,"touchDistance":0.333333,"touchZone":"none","type":2,"width":18.9446},{"bases":[[[0.937402,-0.310167,-0.158348],[0.344586,0.760336,0.55059],[-0.0503773,-0.570689,0.81962]],[[0.938745,-0.281775,-0.198396],[0.139435,0.837048,-0.529064],[0.315144,0.468993,0.825063]],[[0.938745,-0.281775,-0.198396],[-0.299822,-0.383978,-0.873308],[0.169896,0.879297,-0.44494]],[[0.938745,-0.281775,-0.198396],[-0.336639,-0.872937,-0.353065],[-0.0737026,0.398226,-0.914321]]],"btipPosition":[82.8607,246.874,0.761223],"carpPosition":[97.0755,263.832,59.3941],"dipPosition":[81.4874,254.294,-16.2747],"direction":[-0.169896,-0.879297,0.444939],"extended":false,"handId":701,"id":7013,"length":64.2502,"mcpPosition":[100.222,299.481,8.1952],"pipPosition":[86.1809,278.585,-28.5663],"stabilizedTipPosition":[82.3177,245.881,0.666665],"timeVisible":0.370521,"tipPosition":[82.7376,248.618,-2.24821],"tipVelocity":[-4.76505,54.0327,-81.7542],"tool":false,"touchDistance":0.333333,"touchZone":"none","type":3,"width":18.027},{"bases":[[[0.855363,-0.495471,-0.151204],[0.480378,0.649412,0.589493],[-0.193883,-0.576865,0.793496]],[[0.841261,-0.531242,-0.100304],[0.414794,0.753239,-0.510468],[0.346735,0.387831,0.854027]],[[0.841261,-0.531242,-0.100304],[-0.302139,-0.308136,-0.902089],[0.44832,0.789198,-0.419732]],[[0.841261,-0.531242,-0.100304],[-0.523653,-0.754572,-0.395485],[0.134412,0.385231,-0.912979]]],"btipPosition":[95.7935,253.768,2.24704],"carpPosition":[107.863,256.101,54.3648],"dipPosition":[98.1039,260.39,-13.4462],"direction":[-0.44832,-0.789198,0.419732],"extended":false,"handId":701,"id":7014,"length":50.3709,"mcpPosition":[119.075,289.458,8.48116],"pipPosition":[106.848,275.783,-21.633],"stabilizedTipPosition":[96.612,253.419,0.85415],"timeVisible":0.370521,"tipPosition":[96.8756,254.811,-0.810701],"tipVelocity":[-10.7089,53.3668,-63.8059],"tool":false,"touchDistance":0.333333,"touchZone":"none","type":4,"width":16.013}],"r":[[0.892891,0.145479,0.426123],[-0.215001,0.969263,0.119601],[-0.395626,-0.198407,0.896724]],"s":0.895345,"t":[78.7033,65.7543,-86.3026],"timestamp":523903514475},false],[6,{"currentFrameRate":100.349,"devices":[],"gestures":[],"hands":[{"armBasis":[[0.935957,0.0348572,-0.350384],[0.116344,0.908584,0.401172],[0.332337,-0.416245,0.846341]],"armWidth":63.5437,"confidence":0.66081,"direction":[-0.0498393,0.696695,-0.715634],"elbow":[182.216,137.85,289.197],"grabStrength":0,"id":701,"palmNormal":[-0.141746,-0.714206,-0.685433],"palmPosition":[81.9234,284.877,20.849],"palmVelocity":[3.65947,41.3842,-48.4367],"palmWidth":90.7382,"pinchStrength":0.740489,"r":[[0.893126,0.14455,0.425947],[-0.213618,0.969661,0.11885],[-0.395845,-0.197138,0.896908]],"s":0.893685,"sphereCenter":[79.6141,266.661,-24.0284],"sphereRadius":47.529,"stabilizedPalmPosition":[81.6215,282.901,23.1414],"t":[78.6848,66.0324,-86.6295],"timeVisible":0.379649,"type":"right","wrist":[92.7333,249.925,61.3179]}],"id":4296973,"interactionBox":{"center":[0,200,0],"size":[235.247,235.247,147.751]},"pointables":[{"bases":[[[0.514885,0.747681,0.419364],[-0.712816,0.101651,0.693945],[0.47622,-0.656232,0.585298]],[[0.330126,0.921607,0.204103],[-0.789932,0.15136,0.59422],[0.516744,-0.357395,0.777975]],[[0.330126,0.921607,0.204103],[-0.930651,0.281629,0.233611],[0.157816,-0.26707,0.950667]],[[0.330126,0.921607,0.204103],[-0.779163,0.38811,-0.492216],[-0.532844,0.00346352,0.846206]]],"btipPosition":[44.6171,268.559,-30.6032],"carpPosition":[63.2703,241.768,60.1973],"dipPosition":[32.1812,268.64,-10.8538],"direction":[-0.157816,0.26707,-0.950667],"extended":false,"handId":701,"id":7010,"length":51.9721,"mcpPosition":[63.2703,241.768,60.1973],"pipPosition":[37.5471,259.559,21.4701],"stabilizedTipPosition":[38.6609,263.73,-16.8202],"timeVisible":0.379649,"tipPosition":[42.1558,269.492,-25.6838],"tipVelocity":[2.79804,17.468,-55.7704],"tool":false,"touchDistance":-0.261683,"touchZone":"hovering","type":0,"width":20.194},{"bases":[[[0.966244,0.0506548,-0.252598],[0.108265,0.809861,0.576545],[0.233774,-0.584431,0.777039]],[[0.987957,-0.0231624,-0.152986],[0.0993118,0.85312,0.512174],[0.118652,-0.5212,0.845147]],[[0.987957,-0.0231624,-0.152986],[0.074094,0.938819,0.336347],[0.135836,-0.343632,0.929229]],[[0.987957,-0.0231624,-0.152986],[0.0523492,0.980461,0.189618],[0.145605,-0.195343,0.969866]]],"btipPosition":[45.4646,339.406,-67.2942],"carpPosition":[73.4541,262.588,64.8457],"dipPosition":[47.9455,336.078,-50.7693],"direction":[-0.135835,0.343632,-0.929229],"extended":true,"handId":701,"id":7011,"length":58.6448,"mcpPosition":[56.3031,305.465,7.83742],"pipPosition":[51.2196,327.795,-28.3716],"stabilizedTipPosition":[42.4792,333.799,-54.1094],"timeVisible":0.379649,"tipPosition":[46.6811,339.623,-63.0119],"tipVelocity":[-3.41354,35.316,-52.787],"tool":false,"touchDistance":-0.333474,"touchZone":"hovering","type":1,"width":19.2893},{"bases":[[[0.956236,-0.167578,-0.239856],[0.275168,0.793738,0.54246],[0.0994782,-0.58472,0.805113]],[[0.951706,-0.144983,-0.27062],[-0.00903296,0.867864,-0.49672],[0.306877,0.475176,0.824642]],[[0.951706,-0.144983,-0.27062],[-0.306161,-0.382672,-0.871681],[0.0228202,0.912437,-0.40858]],[[0.951706,-0.144983,-0.27062],[-0.241754,-0.897229,-0.369506],[-0.189236,0.417085,-0.888949]]],"btipPosition":[66.465,249.072,-5.10884],"carpPosition":[85.2377,264.921,62.2996],"dipPosition":[62.9187,256.888,-21.7677],"direction":[-0.0228202,-0.912437,0.40858],"extended":false,"handId":701,"id":7012,"length":66.821,"mcpPosition":[78.3165,305.603,6.28395],"pipPosition":[63.5658,282.763,-33.3541],"stabilizedTipPosition":[65.3921,248.201,-5.80177],"timeVisible":0.379649,"tipPosition":[65.9237,250.402,-7.98785],"tipVelocity":[-7.57709,47.0763,-54.6209],"tool":false,"touchDistance":0.333333,"touchZone":"none","type":2,"width":18.9446},{"bases":[[[0.93697,-0.311154,-0.158969],[0.345815,0.760693,0.549326],[-0.0499985,-0.569676,0.820347]],[[0.938295,-0.282816,-0.199044],[0.139577,0.836267,-0.53026],[0.31642,0.469758,0.82414]],[[0.938295,-0.282816,-0.199044],[-0.30108,-0.38483,-0.8725],[0.170159,0.87859,-0.446234]],[[0.938295,-0.282816,-0.199044],[-0.337752,-0.873092,-0.351617],[-0.0743409,0.397148,-0.914739]]],"btipPosition":[82.7701,247.054,0.610262],"carpPosition":[97.0608,264.069,59.2039],"dipPosition":[81.385,254.453,-16.4334],"direction":[-0.170159,-0.87859,0.446234],"extended":false,"handId":701,"id":7013,"length":64.2502,"mcpPosition":[100.184,299.655,7.95954],"pipPosition":[86.0857,278.725,-28.7608],"stabilizedTipPosition":[82.3316,246.18,0.253137],"timeVisible":0.379649,"tipPosition":[82.6437,248.794,-2.40933],"tipVelocity":[-6.28104,44.3378,-63.6861],"tool":false,"touchDistance":0.333333,"touchZone":"none","type":3,"width":18.027},{"bases":[[[0.854781,-0.496379,-0.151519],[0.481553,0.649698,0.588217],[-0.193537,-0.57576,0.794382]],[[0.837458,-0.538995,-0.0902671],[0.427348,0.748829,-0.506586],[0.340642,0.385669,0.857451]],[[0.837458,-0.538995,-0.0902671],[-0.294838,-0.30653,-0.905047],[0.460146,0.784553,-0.415622]],[[0.837458,-0.538995,-0.0902671],[-0.526476,-0.751387,-0.397795],[0.146584,0.38066,-0.913023]]],"btipPosition":[95.5219,254.172,1.80321],"carpPosition":[107.837,256.323,54.1724],"dipPosition":[98.0415,260.715,-13.8908],"direction":[-0.460146,-0.784553,0.415622],"extended":false,"handId":701,"id":7014,"length":50.3709,"mcpPosition":[119.028,289.617,8.23748],"pipPosition":[107.016,276.017,-21.9974],"stabilizedTipPosition":[96.5306,253.779,0.430245],"timeVisible":0.379649,"tipPosition":[96.6681,255.158,-1.20908],"tipVelocity":[-14.5374,50.2701,-59.592],"tool":false,"touchDistance":0.333333,"touchZone":"none","type":4,"width":16.013}],"r":[[0.893126,0.14455,0.425947],[-0.213618,0.969661,0.11885],[-0.395845,-0.197138,0.896908]],"s":0.893685,"t":[78.6848,66.0324,-86.6295],"timestamp":523903523603},false],[7,{"currentFrameRate":100.803,"devices":[],"gestures":[],"hands":[{"armBasis