{"sensorType":"Leap","data":[[0,{"currentFrameRate":110.526,"devices":[],"gestures":[],"hands":[{"armBasis":[[0.909024,-0.0556258,-0.413015],[0.250095,0.865569,0.433869],[0.333359,-0.49769,0.800735]],"armWidth":63.5437,"confidence":0.628825,"direction":[0.0269492,0.752611,-0.657914],"elbow":[163.176,105.545,270.783],"grabStrength":0,"id":701,"palmNormal":[-0.258692,-0.630482,-0.731827],"palmPosition":[66.4148,278.806,17.9521],"palmVelocity":[30.1518,208.737,-210.053],"palmWidth":90.7382,"pinchStrength":0.821386,"r":[[0.926742,-0.0393217,0.373634],[-0.0353017,0.980994,0.190802],[-0.374035,-0.190014,0.90774]],"s":0.890947,"sphereCenter":[48.2227,270.208,-22.3164],"sphereRadius":45.3655,"stabilizedPalmPosition":[60.0344,246.322,47.4849],"t":[62.9195,58.4081,-88.0971],"timeVisible":4.87184,"type":"right","wrist":[73.4181,239.55,55.183]}],"id":4297461,"interactionBox":{"center":[0,200,0],"size":[235.247,235.247,147.751]},"pointables":[{"bases":[[[0.625188,0.634356,0.454678],[-0.671923,0.141089,0.727058],[0.397064,-0.760056,0.514446]],[[0.424314,0.877938,0.221769],[-0.72203,0.180231,0.667974],[0.546471,-0.443555,0.710372]],[[0.424314,0.877938,0.221769],[-0.904949,0.402478,0.138125],[0.0320076,-0.259298,0.965267]],[[0.424314,0.877938,0.221769],[-0.582387,0.452125,-0.67558],[-0.693385,0.157503,0.703143]]],"btipPosition":[30.9807,262.811,-29.9945],"carpPosition":[43.0893,235.59,54.5982],"dipPosition":[14.7979,266.487,-13.584],"direction":[-0.0320076,0.259298,-0.965267],"extended":false,"handId":701,"id":7010,"length":51.9721,"mcpPosition":[43.0893,235.59,54.5982],"pipPosition":[15.8862,257.67,19.2363],"stabilizedTipPosition":[21.4011,232.898,51.3472],"timeVisible":4.87184,"tipPosition":[28.0433,263.699,-25.7172],"tipVelocity":[54.9338,196.875,-256.084],"tool":false,"touchDistance":-0.661067,"touchZone":"hovering","type":0,"width":20.194},{"bases":[[[0.956401,-0.0608581,-0.285645],[0.235721,0.738295,0.631946],[0.172431,-0.671727,0.720452]],[[0.963477,-0.0925138,-0.251302],[0.221431,0.802977,0.553349],[0.150597,-0.588786,0.794136]],[[0.963477,-0.0925138,-0.251302],[0.176988,0.924239,0.338314],[0.200964,-0.370436,0.906858]],[[0.963477,-0.0925138,-0.251302],[0.134763,0.978446,0.15647],[0.23141,-0.184621,0.955178]]],"btipPosition":[28.2978,340.97,-64.5948],"carpPosition":[56.1873,254.388,60.4185],"dipPosition":[32.2407,337.824,-48.3201],"direction":[-0.200964,0.370436,-0.906858],"extended":true,"handId":701,"id":7011,"length":58.6448,"mcpPosition":[43.5367,303.669,7.56186],"pipPosition":[37.0846,328.895,-26.4617],"stabilizedTipPosition":[33.1639,312.539,28.728],"timeVisible":4.87184,"tipPosition":[29.1344,341.096,-60.3164],"tipVelocity":[41.5718,197.462,-224.073],"tool":false,"touchDistance":-0.661955,"touchZone":"touching","type":1,"width":19.2893},{"bases":[[[0.916612,-0.276015,-0.289202],[0.397747,0.702451,0.590221],[0.04024,-0.656033,0.753659]],[[0.917482,-0.30105,-0.259992],[0.108707,0.818493,-0.564138],[0.382635,0.489323,0.783679]],[[0.917482,-0.30105,-0.259992],[-0.364415,-0.374112,-0.852785],[0.159465,0.877159,-0.452948]],[[0.917482,-0.30105,-0.259992],[-0.384673,-0.837891,-0.387255],[-0.101262,0.455311,-0.884555]]],"btipPosition":[44.2875,244.013,-3.08543],"carpPosition":[68.1037,255.296,57.5983],"dipPosition":[42.3898,252.545,-19.662],"direction":[-0.159465,-0.877159,0.452948],"extended":false,"handId":701,"id":7012,"length":66.821,"mcpPosition":[65.304,300.94,5.16254],"pipPosition":[46.9119,277.419,-32.5066],"stabilizedTipPosition":[34.7675,215.455,52.4164],"timeVisible":4.87184,"tipPosition":[43.9991,245.759,-6.05301],"tipVelocity":[65.4604,211.231,-278.145],"tool":false,"touchDistance":0.333333,"touchZone":"none","type":2,"width":18.9446},{"bases":[[[0.879934,-0.42171,-0.218807],[0.463298,0.659665,0.591775],[-0.105218,-0.622096,0.775839]],[[0.879808,-0.42245,-0.217885],[0.208433,0.754846,-0.621903],[0.427192,0.501741,0.752172]],[[0.879808,-0.42245,-0.217885],[-0.395143,-0.395244,-0.829243],[0.264196,0.81567,-0.514667]],[[0.879808,-0.42245,-0.217885],[-0.47453,-0.807187,-0.351099],[-0.0275521,0.412292,-0.910635]]],"btipPosition":[60.3558,239.388,3.19326],"carpPosition":[79.6023,253.099,53.986],"dipPosition":[59.8425,247.07,-13.774],"direction":[-0.264196,-0.81567,0.514667],"extended":false,"handId":701,"id":7013,"length":64.2502,"mcpPosition":[86.1749,291.959,5.52195],"pipPosition":[67.141,269.603,-27.9918],"stabilizedTipPosition":[52.2567,210.326,27.3509],"timeVisible":4.87184,"tipPosition":[60.4091,240.981,-0.0225835],"tipVelocity":[69.4631,212.981,-244.855],"tool":false,"touchDistance":0.333333,"touchZone":"none","type":3,"width":18.027},{"bases":[[[0.773115,-0.594037,-0.222292],[0.583392,0.528473,0.616741],[-0.248892,-0.606495,0.755127]],[[0.71171,-0.69849,-0.0747043],[0.517876,0.593563,-0.616025],[0.474629,0.399744,0.784176]],[[0.71171,-0.69849,-0.0747043],[-0.399862,-0.315388,-0.860605],[0.577563,0.642373,-0.503764]],[[0.71171,-0.69849,-0.0747043],[-0.667977,-0.640008,-0.379732],[0.217427,0.32016,-0.922076]]],"btipPosition":[71.7076,247.335,2.31959],"carpPosition":[89.0541,244.393,47.9603],"dipPosition":[75.445,252.839,-13.5301],"direction":[-0.577563,-0.642373,0.503764],"extended":false,"handId":701,"id":7014,"length":50.3709,"mcpPosition":[103.446,279.463,4.29531],"pipPosition":[86.7102,265.368,-23.3558],"stabilizedTipPosition":[64.0471,217.861,31.4481],"timeVisible":4.87184,"tipPosition":[72.6412,248.359,-0.723565],"tipVelocity":[66.5739,223.419,-230.847],"tool":false,"touchDistance":0.333333,"touchZone":"none","type":4,"width":16.013}],"r":[[0.926742,-0.0393217,0.373634],[-0.0353017,0.980994,0.190802],[-0.374035,-0.190014,0.90774]],"s":0.890947,"t":[62.9195,58.4081,-88.0971],"timestamp":523908015791},false],[1,{"currentFrameRate":110.57,"devices":[],"gestures":[],"hands":[{"armBasis":[[0.905379,-0.0500334,-0.421646],[0.248322,0.867897,0.430223],[0.34442,-0.494219,0.7982]],"armWidth":63.5437,"confidence":0.622706,"direction":[0.0246376,0.742156,-0.669775],"elbow":[166.598,108.342,268.427],"grabStrength":0,"id":701,"palmNormal":[-0.256828,-0.642792,-0.721705],"palmPosition":[66.7381,280.05,15.6611],"palmVelocity":[31.7686,189.614,-222.504],"palmWidth":90.7382,"pinchStrength":0.822391,"r":[[0.924955,-0.0329075,0.378649],[-0.0425849,0.980999,0.189282],[-0.377683,-0.191202,0.905979]],"s":0.889942,"sphereCenter":[48.6472,270.708,-24.5153],"sphereRadius":45.3476,"stabilizedPalmPosition":[60.2169,247.241,46.6182],"t":[63.2002,59.946,-90.1207],"timeVisible":4.8808,"type":"right","wrist":[73.8621,241.411,53.5094]}],"id":4297462,"interactionBox":{"center":[0,200,0],"size":[235.247,235.247,147.751]},"pointables":[{"bases":[[[0.623295,0.643375,0.444491],[-0.672304,0.150577,0.724799],[0.399388,-0.750596,0.526398]],[[0.421341,0.882866,0.207409],[-0.72391,0.189649,0.663315],[0.546284,-0.429628,0.719023]],[[0.421341,0.882866,0.207409],[-0.90625,0.401209,0.133198],[0.0343817,-0.244087,0.969144]],[[0.421341,0.882866,0.207409],[-0.583366,0.438951,-0.683378],[-0.694374,0.16694,0.699982]]],"btipPosition":[31.3885,263.141,-32.0907],"carpPosition":[43.5453,237.352,52.9907],"dipPosition":[15.1826,267.038,-15.7539],"direction":[-0.0343817,0.244087,-0.969144],"extended":false,"handId":701,"id":7010,"length":51.9721,"mcpPosition":[43.5453,237.352,52.9907],"pipPosition":[16.3516,258.738,17.1981],"stabilizedTipPosition":[21.4498,233.14,50.7273],"timeVisible":4.8808,"tipPosition":[28.3989,264.107,-27.824],"tipVelocity":[52.1841,154.639,-250.509],"tool":false,"touchDistance":-0.654991,"touchZone":"hovering","type":0,"width":20.194},{"bases":[[[0.956564,-0.062494,-0.284745],[0.233526,0.748937,0.620129],[0.174501,-0.659688,0.731]],[[0.96373,-0.0935412,-0.249947],[0.218961,0.812584,0.540151],[0.152577,-0.575288,0.803594]],[[0.96373,-0.0935412,-0.249947],[0.174222,0.929976,0.323715],[0.202164,-0.355521,0.912543]],[[0.96373,-0.0935412,-0.249947],[0.131927,0.981107,0.141504],[0.231989,-0.169346,0.957864]]],"btipPosition":[28.4219,340.779,-67.8645],"carpPosition":[56.5869,256.278,58.5107],"dipPosition":[32.3746,337.894,-51.5442],"direction":[-0.202164,0.355521,-0.912543],"extended":true,"handId":701,"id":7011,"length":58.6448,"mcpPosition":[43.7844,304.677,4.88012],"pipPosition":[37.2475,329.325,-29.5487],"stabilizedTipPosition":[33.0914,313.06,26.9731],"timeVisible":4.8808,"tipPosition":[29.2621,340.962,-63.5943],"tipVelocity":[34.0512,139.439,-262.245],"tool":false,"touchDistance":-0.672981,"touchZone":"touching","type":1,"width":19.2893},{"bases":[[[0.917425,-0.277799,-0.284883],[0.395657,0.712924,0.57896],[0.0422651,-0.643868,0.763968]],[[0.918371,-0.302238,-0.255435],[0.106354,0.810257,-0.576344],[0.381161,0.502131,0.776261]],[[0.918371,-0.302238,-0.255435],[-0.363267,-0.38789,-0.8471],[0.156945,0.870743,-0.46602]],[[0.918371,-0.302238,-0.255435],[-0.382177,-0.844843,-0.374406],[-0.102643,0.441465,-0.891388]]],"btipPosition":[44.7113,244.874,-4.87055],"carpPosition":[68.5003,257.178,55.6751],"dipPosition":[42.7878,253.147,-21.5752],"direction":[-0.156945,-0.870743,0.46602],"extended":false,"handId":701,"id":7012,"length":66.821,"mcpPosition":[65.5597,301.975,2.52211],"pipPosition":[47.2384,277.839,-34.7904],"stabilizedTipPosition":[34.8934,215.869,51.6069],"timeVisible":4.8808,"tipPosition":[44.4128,246.578,-7.88019],"tipVelocity":[60.3032,177.901,-257.417],"tool":false,"touchDistance":0.333333,"touchZone":"none","type":2,"width":18.9446},{"bases":[[[0.881191,-0.42247,-0.212182],[0.461337,0.670366,0.581186],[-0.103294,-0.610023,0.785622]],[[0.881106,-0.42297,-0.211537],[0.207731,0.747991,-0.630363],[0.424852,0.511474,0.746924]],[[0.881106,-0.42297,-0.211537],[-0.392882,-0.405697,-0.82526],[0.263241,0.810251,-0.523639]],[[0.881106,-0.42297,-0.211537],[-0.472105,-0.812909,-0.341021],[-0.0277189,0.400343,-0.915946]]],"btipPosition":[60.7723,240.433,1.27373],"carpPosition":[80.0052,254.958,52.0969],"dipPosition":[60.2558,247.892,-15.7924],"direction":[-0.263241,-0.810251,0.523639],"extended":false,"handId":701,"id":7013,"length":64.2502,"mcpPosition":[86.4576,293.065,3.02175],"pipPosition":[67.5279,270.275,-30.2581],"stabilizedTipPosition":[52.4485,211.053,26.6653],"timeVisible":4.8808,"tipPosition":[60.8212,241.979,-1.91909],"tipVelocity":[63.1447,185.011,-237.137],"tool":false,"touchDistance":0.333333,"touchZone":"none","type":3,"width":18.027},{"bases":[[[0.774893,-0.595151,-0.212921],[0.581828,0.539951,0.608218],[-0.247015,-0.595187,0.76468]],[[0.713338,-0.698008,-0.0627247],[0.518621,0.585963,-0.622639],[0.471361,0.411622,0.779991]],[[0.713338,-0.698008,-0.0627247],[-0.39649,-0.328151,-0.857387],[0.577879,0.636476,-0.510836]],[[0.713338,-0.698008,-0.0627247],[-0.66578,-0.647005,-0.371647],[0.218829,0.306871,-0.926253]]],"btipPosition":[72.1129,248.4,0.373313],"carpPosition":[89.483,246.187,46.2091],"dipPosition":[75.8744,253.675,-15.5481],"direction":[-0.577879,-0.636476,0.510836],"extended":false,"handId":701,"id":7014,"length":50.3709,"mcpPosition":[103.767,280.603,1.9917],"pipPosition":[87.1457,266.089,-25.5118],"stabilizedTipPosition":[64.3531,218.949,30.2578],"timeVisible":4.8808,"tipPosition":[73.0513,249.376,-2.65964],"tipVelocity":[60.8949,193.169,-227.588],"tool":false,"touchDistance":0.333333,"touchZone":"none","type":4,"width":16.013}],"r":[[0.924955,-0.0329075,0.378649],[-0.0425849,0.980999,0.189282],[-0.377683,-0.191202,0.905979]],"s":0.889942,"t":[63.2002,59.946,-90.1207],"timestamp":523908024756},false],[2,{"currentFrameRate":110.601,"devices":[],"gestures":[],"hands":[{"armBasis":[[0.90944,-0.0443978,-0.413458],[0.238771,0.869791,0.431801],[0.340451,-0.491419,0.801624]],"armWidth":63.5437,"confidence":0.628191,"direction":[0.0245024,0.744532,-0.667137],"elbow":[165.832,110.862,267.805],"grabStrength":0,"id":701,"palmNormal":[-0.246888,-0.64216,-0.725725],"palmPosition":[67.057,281.892,14.1911],"palmVelocity":[32.7857,193.823,-206.341],"palmWidth":90.7382,"pinchStrength":0.82116,"r":[[0.922937,-0.0267448,0.384022],[-0.0500578,0.980775,0.188611],[-0.381683,-0.1933,0.903855]],"s":0.888025,"sphereCenter":[49.467,272.422,-26.316],"sphereRadius":45.3083,"stabilizedPalmPosition":[60.4241,248.29,45.6362],"t":[63.5,61.6359,-91.8675],"timeVisible":4.88979,"type":"right","wrist":[74.1651,243.178,51.9656]}],"id":4297463,"interactionBox":{"center":[0,200,0],"size":[235.247,235.247,147.751]},"pointables":[{"bases":[[[0.61542,0.646214,0.451292],[-0.678782,0.143486,0.720185],[0.40064,-0.749546,0.526943]],[[0.41356,0.885105,0.213442],[-0.730911,0.182961,0.657491],[0.542897,-0.427919,0.722598]],[[0.41356,0.885105,0.213442],[-0.90995,0.393832,0.129952],[0.0309609,-0.247964,0.968274]],[[0.41356,0.885105,0.213442],[-0.582429,0.437369,-0.68519],[-0.699818,0.159053,0.696389]]],"btipPosition":[32.1372,264.93,-33.9415],"carpPosition":[43.8821,238.909,51.2044],"dipPosition":[15.8043,268.642,-17.6886],"direction":[-0.0309609,0.247964,-0.968274],"extended":false,"handId":701,"id":7010,"length":51.9721,"mcpPosition":[43.8821,238.909,51.2044],"pipPosition":[16.857,260.211,15.2339],"stabilizedTipPosition":[21.5106,233.427,50.0174],"timeVisible":4.88979,"tipPosition":[29.1032,265.842,-29.6862],"tipVelocity":[59.8308,165.521,-238.876],"tool":false,"touchDistance":-0.645877,"touchZone":"hovering","type":0,"width":20.194},{"bases":[[[0.959096,-0.0548911,-0.277709],[0.223612,0.748477,0.624323],[0.173589,-0.660885,0.730136]],[[0.966204,-0.0859408,-0.243031],[0.209119,0.812584,0.544037],[0.150728,-0.576473,0.803094]],[[0.966204,-0.0859408,-0.243031],[0.165273,0.930044,0.328182],[0.197825,-0.357257,0.912816]],[[0.966204,-0.0859408,-0.243031],[0.124101,0.98142,0.146332],[0.225939,-0.171547,0.958918]]],"btipPosition":[28.9381,342.627,-69.4302],"carpPosition":[56.7493,257.908,56.8847],"dipPosition":[32.7878,339.704,-53.0919],"direction":[-0.197825,0.357257,-0.912816],"extended":true,"handId":701,"id":7011,"length":58.6448,"mcpPosition":[44.0138,306.395,3.31757],"pipPosition":[37.556,331.093,-31.0898],"stabilizedTipPosition":[33.025,313.647,25.0901],"timeVisible":4.88979,"tipPosition":[29.7502,342.787,-65.1591],"tipVelocity":[39.743,157.314,-237.977],"tool":false,"touchDistance":-0.657439,"touchZone":"touching","type":1,"width":19.2893},{"bases":[[[0.921463,-0.270462,-0.278847],[0.386296,0.713731,0.584264],[0.0410007,-0.646095,0.762155]],[[0.922357,-0.294918,-0.249563],[0.105118,0.813172,-0.572452],[0.371764,0.501771,0.781036]],[[0.922357,-0.294918,-0.249563],[-0.354121,-0.387123,-0.851313],[0.154455,0.87359,-0.461502]],[[0.922357,-0.294918,-0.249563],[-0.373445,-0.84609,-0.380355],[-0.0989795,0.444021,-0.890533]]],"btipPosition":[45.4298,246.64,-6.65094],"carpPosition":[68.6772,258.9,54.1423],"dipPosition":[43.575,254.961,-23.3395],"direction":[-0.154455,-0.87359,0.461502],"extended":false,"handId":701,"id":7012,"length":66.821,"mcpPosition":[65.8245,303.852,1.1154],"pipPosition":[47.955,279.734,-36.4267],"stabilizedTipPosition":[35.0447,216.359,50.6774],"timeVisible":4.88979,"tipPosition":[45.1393,248.354,-9.66632],"tipVelocity":[66.1729,183.324,-241.039],"tool":false,"touchDistance":0.333333,"touchZone":"none","type":2,"width":18.9446},{"bases":[[[0.885693,-0.415622,-0.206896],[0.452253,0.671624,0.586846],[-0.10495,-0.613335,0.782819]],[[0.885678,-0.415712,-0.206781],[0.217045,0.764402,-0.607109],[0.410446,0.492822,0.767242]],[[0.885678,-0.415712,-0.206781],[-0.377257,-0.384717,-0.842419],[0.270651,0.824122,-0.497565]],[[0.885678,-0.415712,-0.206781],[-0.464002,-0.808449,-0.362096],[-0.0166446,0.416647,-0.908916]]],"btipPosition":[61.3253,242.598,-1.76077],"carpPosition":[80.224,256.772,50.6439],"dipPosition":[61.0152,250.361,-18.696],"direction":[-0.270651,-0.824122,0.497565],"extended":false,"handId":701,"id":7013,"length":64.2502,"mcpPosition":[86.7798,295.085,1.74384],"pipPosition":[68.492,273.127,-32.4414],"stabilizedTipPosition":[52.6642,211.87,25.8736],"timeVisible":4.88979,"tipPosition":[61.4456,244.148,-4.58214],"tipVelocity":[64.1514,202.468,-263.784],"tool":false,"touchDistance":0.333333,"touchZone":"none","type":3,"width":18.027},{"bases":[[[0.780612,-0.589035,-0.209004],[0.573445,0.54196,0.614362],[-0.248609,-0.59943,0.76084]],[[0.717939,-0.693668,-0.0582029],[0.524503,0.594032,-0.609937],[0.457668,0.40737,0.79031]],[[0.717939,-0.693668,-0.0582029],[-0.382158,-0.322879,-0.865854],[0.581823,0.643874,-0.496899]],[[0.717939,-0.693668,-0.0582029],[-0.657541,-0.648347,-0.383779],[0.22848,0.313801,-0.921589]]],"btipPosition":[72.7689,250.431,-1.53037],"carpPosition":[89.8068,248.086,44.7992],"dipPosition":[76.6963,255.825,-17.3716],"direction":[-0.581823,-0.643874,0.496899],"extended":false,"handId":701,"id":7014,"length":50.3709,"mcpPosition":[104.183,282.748,0.803883],"pipPosition":[88.0446,268.384,-27.0635],"stabilizedTipPosition":[64.7057,220.187,28.9174],"timeVisible":4.88979,"tipPosition":[73.7349,251.417,-4.46654],"tipVelocity":[65.3794,203.023,-222.703],"tool":false,"touchDistance":0.333333,"touchZone":"none","type":4,"width":16.013}],"r":[[0.922937,-0.0267448,0.384022],[-0.0500578,0.980775,0.188611],[-0.381683,-0.1933,0.903855]],"s":0.888025,"t":[63.5,61.6359,-91.8675],"timestamp":523908033743},false],[3,{"currentFrameRate":110.597,"devices":[],"gestures":[],"hands":[{"armBasis":[[0.912012,-0.0439973,-0.407797],[0.235061,0.870829,0.431745],[0.336126,-0.489613,0.804548]],"armWidth":63.5437,"confidence":0.636742,"direction":[0.0265713,0.744669,-0.666905],"elbow":[164.936,112.468,267.688],"grabStrength":0,"id":701,"palmNormal":[-0.242195,-0.642468,-0.727033],"palmPosition":[67.4478,283.005,13.2572],"palmVelocity":[35.6559,174.285,-177.891],"palmWidth":90.7382,"pinchStrength":0.807155,"r":[[0.920891,-0.0215247,0.389225],[-0.0565487,0.980536,0.188017],[-0.385696,-0.195153,0.90175]],"s":0.886882,"sphereCenter":[50.278,273.353,-27.4987],"sphereRadius":45.3263,"stabilizedPalmPosition":[60.6607,249.46,44.5455],"t":[63.8453,63.0373,-93.2079],"timeVisible":4.89884,"type":"right","wrist":[74.4329,244.298,51.0612]}],"id":4297464,"interactionBox":{"center":[0,200,0],"size":[235.247,235.247,147.751]},"pointables":[{"bases":[[[0.612081,0.647181,0.454438],[-0.682597,0.142241,0.716818],[0.399271,-0.748949,0.528827]],[[0.411227,0.885605,0.215861],[-0.73543,0.182431,0.652581],[0.538549,-0.427109,0.726321]],[[0.411227,0.885605,0.215861],[-0.91082,0.389854,0.135722],[0.0360419,-0.252423,0.966945]],[[0.411227,0.885605,0.215861],[-0.595542,0.44031,-0.671905],[-0.690088,0.147751,0.708483]]],"btipPosition":[32.233,266.374,-35.4196],"carpPosition":[44.1613,239.978,50.1488],"dipPosition":[16.1272,269.822,-18.8844],"direction":[-0.0360419,0.252423,-0.966945],"extended":false,"handId":701,"id":7010,"length":51.9721,"mcpPosition":[44.1613,239.978,50.1488],"pipPosition":[17.3526,261.239,13.9929],"stabilizedTipPosition":[21.5812,233.766,49.197],"timeVisible":4.89884,"tipPosition":[29.3313,267.105,-31.0377],"tipVelocity":[47.8381,162.025,-216.059],"tool":false,"touchDistance":-0.630819,"touchZone":"hovering","type":0,"width":20.194},{"bases":[[[0.960557,-0.0532406,-0.27294],[0.219245,0.74876,0.625531],[0.171063,-0.660699,0.730899]],[[0.967522,-0.0841645,-0.238366],[0.204939,0.813196,0.544713],[0.147993,-0.575872,0.804033]],[[0.967522,-0.0841645,-0.238366],[0.162052,0.930209,0.329317],[0.194013,-0.357249,0.913637]],[[0.967522,-0.0841645,-0.238366],[0.121816,0.981472,0.147901],[0.221501,-0.172134,0.959847]]],"btipPosition":[29.6269,343.687,-70.5511],"carpPosition":[56.9681,258.998,55.8957],"dipPosition":[33.4009,340.754,-54.197],"direction":[-0.194013,0.357249,-0.913637],"extended":true,"handId":701,"id":7011,"length":58.6448,"mcpPosition":[44.4179,307.47,2.2725],"pipPosition":[38.0773,332.143,-32.1751],"stabilizedTipPosition":[32.9672,314.318,22.991],"timeVisible":4.89884,"tipPosition":[30.4257,343.83,-66.2835],"tipVelocity":[49.2464,146.159,-206.391],"tool":false,"touchDistance":-0.636788,"touchZone":"touching","type":1,"width":19.2893},{"bases":[[[0.923292,-0.268874,-0.274296],[0.382185,0.714293,0.586277],[0.0382928,-0.646137,0.76226]],[[0.924081,-0.293249,-0.245112],[0.106863,0.813987,-0.570969],[0.366954,0.501428,0.783527]],[[0.924081,-0.293249,-0.245112],[-0.349084,-0.386472,-0.853686],[0.155614,0.874439,-0.4595]],[[0.924081,-0.293249,-0.245112],[-0.370191,-0.846232,-0.383211],[-0.0950452,0.444856,-0.890545]]],"btipPosition":[45.9735,247.729,-7.76409],"carpPosition":[68.9078,260.01,53.2127],"dipPosition":[44.1923,256.066,-24.4529],"direction":[-0.155614,-0.874439,0.4595],"extended":false,"handId":701,"id":7012,"length":66.821,"mcpPosition":[66.2436,304.965,0.178535],"pipPosition":[48.6052,280.863,-37.4833],"stabilizedTipPosition":[35.2238,216.925,49.617],"timeVisible":4.89884,"tipPosition":[45.6949,249.45,-10.7842],"tipVelocity":[65.0084,166.077,-208.483],"tool":false,"touchDistance":0.333333,"touchZone":"none","type":2,"width":18.9446},{"bases":[[[0.887409,-0.414104,-0.202544],[0.448199,0.672296,0.589182],[-0.107813,-0.613625,0.782202]],[[0.887407,-0.414113,-0.202533],[0.221598,0.76846,-0.600303],[0.404231,0.487833,0.773703]],[[0.887407,-0.414113,-0.202533],[-0.370484,-0.379228,-0.847896],[0.274318,0.827464,-0.489951]],[[0.887407,-0.414113,-0.202533],[-0.460859,-0.807292,-0.368631],[-0.0108484,0.420465,-0.907244]]],"btipPosition":[61.8232,243.804,-3.12394],"carpPosition":[80.4754,257.902,49.7716],"dipPosition":[61.6211,251.638,-20.028],"direction":[-0.274318,-0.827464,0.489951],"extended":false,"handId":701,"id":7013,"length":64.2502,"mcpPosition":[87.2102,296.233,0.910031],"pipPosition":[69.1993,274.497,-33.563],"stabilizedTipPosition":[52.9041,212.758,25.008],"timeVisible":4.89884,"tipPosition":[61.9551,245.36,-5.91851],"tipVelocity":[62.3913,183.901,-232.356],"tool":false,"touchDistance":0.333333,"touchZone":"none","type":3,"width":18.027},{"bases":[[[0.78263,-0.587694,-0.205198],[0.56947,0.542832,0.617282],[-0.251385,-0.599958,0.759511]],[[0.718259,-0.693792,-0.0525106],[0.534965,0.598932,-0.595897],[0.444879,0.399917,0.801342]],[[0.718259,-0.693792,-0.0525106],[-0.367908,-0.314657,-0.875005],[0.590549,0.647799,-0.481257]],[[0.718259,-0.693792,-0.0525106],[-0.652831,-0.6459,-0.39576],[0.240658,0.318538,-0.916852]]],"btipPosition":[73.2959,251.713,-3.0548],"carpPosition":[90.1018,249.233,43.9735],"dipPosition":[77.4326,257.189,-18.8147],"direction":[-0.590549,-0.647799,0.481257],"extended":false,"handId":701,"id":7014,"length":50.3709,"mcpPosition":[104.638,283.926,0.054984],"pipPosition":[88.951,269.824,-28.2014],"stabilizedTipPosition":[65.0972,221.532,27.4569],"timeVisible":4.89884,"tipPosition":[74.2994,252.692,-5.83788],"tipVelocity":[64.8755,186.672,-207.17],"tool":false,"touchDistance":0.333333,"touchZone":"none","type":4,"width":16.013}],"r":[[0.920891,-0.0215247,0.389225],[-0.0565487,0.980536,0.188017],[-0.385696,-0.195153,0.90175]],"s":0.886882,"t":[63.8453,63.0373,-93.2079],"timestamp":523908042792},false],[4,{"currentFrameRate":110.616,"devices":[],"gestures":[],"hands":[{"armBasis":[[0.913305,-0.0393545,-0.40537],[0.229291,0.872282,0.431913],[0.336599,-0.487417,0.805684]],"armWidth":63.5437,"confidence":0.635277,"direction":[0.0287032,0.743981,-0.667583],"elbow":[165.152,114.523,266.616],"grabStrength":0,"id":701,"palmNormal":[-0.235181,-0.644084,-0.727905],"palmPosition":[67.669,284.403,11.7877],"palmVelocity":[32.608,169.034,-173.839],"palmWidth":90.7382,"pinchStrength":0.81545,"r":[[0.918688,-0.0166725,0.394631],[-0.0626243,0.980323,0.187204],[-0.389987,-0.196696,0.899567]],"s":0.885601,"sphereCenter":[50.9836,274.498,-29.2503],"sphereRadius":45.3319,"stabilizedPalmPosition":[60.9148,250.727,43.3574],"t":[64.1286,64.4368,-94.6128],"timeVisible":4.90785,"type":"right","wrist":[74.5217,245.762,49.6838]}],"id":4297465,"interactionBox":{"center":[0,200,0],"size":[235.247,235.247,147.751]},"pointables":[{"bases":[[[0.606893,0.649676,0.457822],[-0.687905,0.140864,0.712],[0.398079,-0.747046,0.532405]],[[0.406948,0.887139,0.217664],[-0.741555,0.181713,0.645815],[0.533375,-0.424223,0.73181]],[[0.406948,0.887139,0.217664],[-0.912708,0.385292,0.136071],[0.0368501,-0.254037,0.966492]],[[0.406948,0.887139,0.217664],[-0.602854,0.439861,-0.665649],[-0.686265,0.139666,0.713816]]],"btipPosition":[32.4837,267.839,-37.3797],"carpPosition":[44.2711,241.343,48.571],"dipPosition":[16.467,271.099,-20.72],"direction":[-0.0368501,0.254037,-0.966492],"extended":false,"handId":701,"id":7010,"length":51.9721,"mcpPosition":[44.2711,241.343,48.571],"pipPosition":[17.72,262.461,12.1419],"stabilizedTipPosition":[21.6612,234.152,48.279],"timeVisible":4.90785,"tipPosition":[29.6239,268.464,-32.936],"tipVelocity":[42.9666,160.879,-215.615],"tool":false,"touchDistance":-0.625043,"touchZone":"hovering","type":0,"width":20.194},{"bases":[[[0.962555,-0.0504548,-0.26635],[0.212579,0.750185,0.626125],[0.168221,-0.6593,0.73282]],[[0.969348,-0.0811205,-0.231914],[0.198452,0.815009,0.544405],[0.14485,-0.573742,0.806126]],[[0.969348,-0.0811205,-0.231914],[0.156745,0.931059,0.329485],[0.189198,-0.355737,0.915235]],[[0.969348,-0.0811205,-0.231914],[0.117722,0.981865,0.148605],[0.215654,-0.171352,0.961318]]],"btipPosition":[30.195,344.856,-72.3586],"carpPosition":[56.9773,260.411,54.3823],"dipPosition":[33.8694,341.937,-55.9794],"direction":[-0.189198,0.355737,-0.915235],"extended":true,"handId":701,"id":7011,"length":58.6448,"mcpPosition":[44.6356,308.781,0.618238],"pipPosition":[38.4297,333.362,-33.919],"stabilizedTipPosition":[32.9193,315.06,20.7159],"timeVisible":4.90785,"tipPosition":[30.9777,344.986,-68.0944],"tipVelocity":[52.346,141.769,-204.644],"tool":false,"touchDistance":-0.628469,"touchZone":"touching","type":1,"width":19.2893},{"bases":[[[0.925995,-0.266209,-0.267705],[0.375892,0.716198,0.588019],[0.0351941,-0.64513,0.763262]],[[0.926664,-0.290234,-0.238871],[0.113056,0.821251,-0.559254],[0.358487,0.491235,0.793836]],[[0.926664,-0.290234,-0.238871],[-0.339782,-0.374988,-0.862515],[0.160757,0.880425,-0.446103]],[[0.926664,-0.290234,-0.238871],[-0.365638,-0.843393,-0.393697],[-0.0871977,0.452165,-0.887662]]],"btipPosition":[46.327,249.291,-10.1966],"carpPosition":[68.9316,261.459,51.7793],"dipPosition":[44.6929,257.764,-26.8314],"direction":[-0.160757,-0.880425,0.446103],"extended":false,"handId":701,"id":7012,"length":66.821,"mcpPosition":[66.483,306.344,-1.32455],"pipPosition":[49.2516,282.731,-39.4819],"stabilizedTipPosition":[35.419,217.55,48.459],"timeVisible":4.90785,"tipPosition":[46.1044,250.984,-13.0137],"tipVelocity":[58.9618,169.05,-225.027],"tool":false,"touchDistance":0.333333,"touchZone":"none","type":2,"width":18.9446},{"bases":[[[0.890093,-0.411471,-0.196027],[0.442019,0.674418,0.591421],[-0.111148,-0.613067,0.782173]],[[0.89014,-0.411211,-0.196359],[0.224565,0.770798,-0.596189],[0.396513,0.486596,0.778461]],[[0.89014,-0.411211,-0.196359],[-0.362375,-0.377509,-0.852157],[0.27629,0.829694,-0.485048]],[[0.89014,-0.411211,-0.196359],[-0.45566,-0.807955,-0.373607],[-0.00501737,0.422035,-0.906566]]],"btipPosition":[62.266,245.216,-4.83452],"carpPosition":[80.5291,259.384,48.4192],"dipPosition":[62.1726,253.079,-21.7259],"direction":[-0.27629,-0.829694,0.485048],"extended":false,"handId":701,"id":7013,"length":64.2502,"mcpPosition":[87.4721,297.68,-0.440465],"pipPosition":[69.8051,276,-35.1255],"stabilizedTipPosition":[53.1632,213.708,24.0722],"timeVisible":4.90785,"tipPosition":[62.4082,246.778,-7.61767],"tipVelocity":[59.5183,176.631,-220.606],"tool":false,"touchDistance":0.333333,"touchZone":"none","type":3,"width":18.027},{"bases":[[[0.785894,-0.585401,-0.199189],[0.563513,0.545379,0.620496],[-0.254605,-0.59989,0.758491]],[[0.720161,-0.692312,-0.0455231],[0.542037,0.60237,-0.585957],[0.433087,0.397308,0.809062]],[[0.720161,-0.692312,-0.0455231],[-0.355145,-0.311475,-0.881394],[0.596021,0.650913,-0.470183]],[[0.720161,-0.692312,-0.0455231],[-0.646908,-0.646319,-0.4047],[0.250756,0.320898,-0.913316]]],"btipPosition":[73.7383,253.207,-4.82149],"carpPosition":[90.2225,250.74,42.6968],"dipPosition":[78.0485,258.723,-20.5206],"direction":[-0.596021,-0.650913,0.470183],"extended":false,"handId":701,"id":7014,"length":50.3709,"mcpPosition":[104.945,285.428,-1.16271],"pipPosition":[89.6737,271.418,-29.6913],"stabilizedTipPosition":[65.513,222.955,25.9074],"timeVisible":4.90785,"tipPosition":[74.7674,254.187,-7.53685],"tipVelocity":[61.7633,181.216,-203.715],"tool":false,"touchDistance":0.333333,"touchZone":"none","type":4,"width":16.013}],"r":[[0.918688,-0.0166725,0.394631],[-0.0626243,0.980323,0.187204],[-0.389987,-0.196696,0.899567]],"s":0.885601,"t":[64.1286,64.4368,-94.6128],"timestamp":523908051799},false],[5,{"currentFrameRate":110.587,"devices":[],"gestures":[],"hands":[{"armBasis":[[0.915019,-0.0427181,-0.401143],[0.229197,0.87335,0.429801],[0.331977,-0.485217,0.808922]],"armWidth":63.5437,"confidence":0.668597,"direction":[0.0305709,0.74155,-0.670201],"elbow":[164.089,116.092,266.39],"grabStrength":0,"id":701,"palmNormal":[-0.234301,-0.646516,-0.72603],"palmPosition":[67.9539,285.248,10.5371],"palmVelocity":[32.2534,147.954,-163.784],"palmWidth":90.7382,"pinchStrength":0.82524,"r":[[0.91673,-0.0126568,0.399307],[-0.0673945,0.980274,0.185796],[-0.393782,-0.197236,0.897794]],"s":0.884088,"sphereCenter":[51.4633,275.097,-30.6279],"sphereRadius":45.3275,"stabilizedPalmPosition":[61.1804,252.029,42.1194],"t":[64.4127,65.5591,-95.9405],"timeVisible":4.91694,"type":"right","wrist":[74.7034,246.738,48.5851]}],"id":4297466,"interactionBox":{"center":[0,200,0],"size":[235.247,235.247,147.751]},"pointables":[{"bases":[[[0.606533,0.650842,0.456642],[-0.689153,0.143969,0.71017],[0.396466,-0.745438,0.535852]],[[0.407379,0.887492,0.215406],[-0.743757,0.185534,0.642186],[0.52997,-0.421823,0.735661]],[[0.407379,0.887492,0.215406],[-0.912472,0.385752,0.136347],[0.0379137,-0.252097,0.966959]],[[0.407379,0.887492,0.215406],[-0.606134,0.439177,-0.663118],[-0.683114,0.139575,0.716851]]],"btipPosition":[32.7238,268.652,-38.7988],"carpPosition":[44.4515,242.34,47.4302],"dipPosition":[16.7808,271.909,-22.0684],"direction":[-0.0379137,0.252097,-0.966959],"extended":false,"handId":701,"id":7010,"length":51.9721,"mcpPosition":[44.4515,242.34,47.4302],"pipPosition":[18.0699,263.338,10.8094],"stabilizedTipPosition":[21.7486,234.568,47.2957],"timeVisible":4.91694,"tipPosition":[29.86,269.249,-34.3254],"tipVelocity":[38.8963,141.064,-198.625],"tool":false,"touchDistance":-0.611915,"touchZone":"hovering","type":0,"width":20.194},{"bases":[[[0.963022,-0.0521723,-0.264323],[0.211978,0.752267,0.623826],[0.166295,-0.656789,0.735509]],[[0.969693,-0.0825486,-0.22996],[0.197929,0.817223,0.541268],[0.143247,-0.57038,0.808794]],[[0.969693,-0.0825486,-0.22996],[0.156819,0.932026,0.326705],[0.187359,-0.352865,0.916724]],[[0.969693,-0.0825486,-0.22996],[0.11832,0.982127,0.146379],[0.213766,-0.169151,0.962129]]],"btipPosition":[30.6658,345.428,-73.905],"carpPosition":[57.1617,261.418,53.1972],"dipPosition":[34.308,342.546,-57.512],"direction":[-0.187359,0.352865,-0.916724],"extended":true,"handId":701,"id":7011,"length":58.6448,"mcpPosition":[44.9612,309.604,-0.76417],"pipPosition":[38.824,334.041,-35.4157],"stabilizedTipPosition":[32.8828,315.828,18.3682],"timeVisible":4.91694,"tipPosition":[31.4512,345.552,-69.6483],"tipVelocity":[51.9627,120.188,-194.97],"tool":false,"touchDistance":-0.617104,"touchZone":"touching","type":1,"width":19.2893},{"bases":[[[0.926293,-0.267901,-0.264972],[0.375336,0.718015,0.586155],[0.033222,-0.642405,0.765645]],[[0.926888,-0.291573,-0.236355],[0.118682,0.825078,-0.552413],[0.35608,0.483974,0.79936]],[[0.926888,-0.291573,-0.236355],[-0.336572,-0.366954,-0.867216],[0.166125,0.883363,-0.43826]],[[0.926888,-0.291573,-0.236355],[-0.366144,-0.840919,-0.398489],[-0.082567,0.455895,-0.886196]]],"btipPosition":[46.531,250.285,-12.0438],"carpPosition":[69.1218,262.447,50.6133],"dipPosition":[44.9837,258.829,-28.6511],"direction":[-0.166125,-0.883363,0.43826],"extended":false,"handId":701,"id":7012,"length":66.821,"mcpPosition":[66.8104,307.142,-2.65634],"pipPosition":[49.6946,283.879,-41.0792],"stabilizedTipPosition":[35.6196,218.197,47.259],"timeVisible":4.91694,"tipPosition":[46.339,251.958,-14.7498],"tipVelocity":[49.454,153.005,-218.773],"tool":false,"touchDistance":0.333333,"touchZone":"none","type":2,"width":18.9446},{"bases":[[[0.890138,-0.412876,-0.19284],[0.441424,0.676195,0.589835],[-0.113131,-0.610159,0.78416]],[[0.890256,-0.412239,-0.193658],[0.227495,0.770825,-0.595042],[0.394576,0.485683,0.780014]],[[0.890256,-0.412239,-0.193658],[-0.360033,-0.376523,-0.853585],[0.278964,0.829632,-0.483621]],[[0.890256,-0.412239,-0.193658],[-0.455456,-0.807804,-0.374183],[-0.00218527,0.421321,-0.906909]]],"btipPosition":[62.5444,246.057,-6.19715],"carpPosition":[80.724,260.351,47.283],"dipPosition":[62.5037,253.907,-23.0949],"direction":[-0.278964,-0.829632,0.483621],"extended":false,"handId":701,"id":7013,"length":64.2502,"mcpPosition":[87.7909,298.466,-1.70089],"pipPosition":[70.2102,276.826,-36.4551],"stabilizedTipPosition":[53.43,214.68,23.1002],"timeVisible":4.91694,"tipPosition":[62.6866,247.617,-8.97269],"tipVelocity":[51.8822,153.231,-201.054],"tool":false,"touchDistance":0.333333,"touchZone":"none","type":3,"width":18.027},{"bases":[[[0.785808,-0.586734,-0.195575],[0.562759,0.547166,0.619607],[-0.256532,-0.596953,0.760157]],[[0.719109,-0.693714,-0.0405231],[0.547473,0.601499,-0.581784],[0.427967,0.396181,0.812333]],[[0.719109,-0.693714,-0.0405231],[-0.349187,-0.310321,-0.884177],[0.600791,0.64997,-0.465391]],[[0.719109,-0.693714,-0.0405231],[-0.645758,-0.645582,-0.407701],[0.256667,0.31935,-0.912216]]],"btipPosition":[74.0345,254.06,-6.23206],"carpPosition":[90.4214,251.678,41.6103],"dipPosition":[78.4464,259.55,-21.9122],"direction":[-0.600791,-0.64997,0.465391],"extended":false,"handId":701,"id":7014,"length":50.3709,"mcpPosition":[105.255,286.197,-2.34557],"pipPosition":[90.1646,272.227,-30.9895],"stabilizedTipPosition":[65.9314,224.375,24.339],"timeVisible":4.91694,"tipPosition":[75.0788,255.033,-8.91197],"tipVelocity":[54.3922,156.84,-190.124],"tool":false,"touchDistance":0.333333,"touchZone":"none","type":4,"width":16.013}],"r":[[0.91673,-0.0126568,0.399307],[-0.0673945,0.980274,0.185796],[-0.393782,-0.197236,0.897794]],"s":0.884088,"t":[64.4127,65.5591,-95.9405],"timestamp":523908060892},false],[6,{"currentFrameRate":110.625,"devices":[],"gestures":[],"hands":[{"armBasis":[[0.914433,-0.0411956,-0.402634],[0.227219,0.875499,0.426465],[0.334938,-0.48146,0.809946]],"armWidth":63.5437,"confidence":0.698492,"direction":[0.032369,0.740121,-0.671695],"elbow":[164.968,118.024,265.718],"grabStrength":0,"id":701,"palmNormal":[-0.231612,-0.648199,-0.725393],"palmPosition":[68.1399,286.083,9.48485],"palmVelocity":[29.0959,132.913,-151.044],"palmWidth":90.7382,"pinchStrength":0.830661,"r":[[0.914873,-0.00917927,0.403637],[-0.0714252,0.980293,0.184184],[-0.397373,-0.197335,0.896188]],"s":0.882612,"sphereCenter":[51.9039,275.748,-31.8142],"sphereRadius":45.3224,"stabilizedPalmPosition":[61.4414,253.306,40.8955],"t":[64.6477,66.5377,-97.1305],"timeVisible":4.92591,"type":"right","wrist":[74.7854,247.658,47.6374]}],"id":4297467,"interactionBox":{"center":[0,200,0],"size":[235.247,235.247,147.751]},"pointables":[{"bases":[[[0.604715,0.652138,0.457205],[-0.691529,0.145141,0.707617],[0.395104,-0.744077,0.538741]],[[0.405835,0.888449,0.214376],[-0.747259,0.187509,0.63753],[0.526215,-0.418926,0.739999]],[[0.405835,0.888449,0.214376],[-0.913171,0.384516,0.135156],[0.0376482,-0.250613,0.967355]],[[0.405835,0.888449,0.214376],[-0.609546,0.43789,-0.660837],[-0.680993,0.137519,0.719261]]],"btipPosition":[32.9584,269.407,-40.1209],"carpPosition":[44.5396,243.242,46.3939],"dipPosition":[17.0649,272.617,-23.3341],"direction":[-0.0376482,0.250613,-0.967355],"extended":false,"handId":701,"id":7010,"length":51.9721,"mcpPosition":[44.5396,243.242,46.3939],"pipPosition":[18.3449,264.096,9.55714],"stabilizedTipPosition":[21.8381,234.99,46.3056],"timeVisible":4.92591,"tipPosition":[30.088,269.994,-35.6062],"tipVelocity":[35.7518,125.154,-184.183],"tool":false,"touchDistance":-0.598693,"touchZone":"hovering","type":0,"width":20.194},{"bases":[[[0.963902,-0.0522432,-0.261082],[0.209567,0.753718,0.622889],[0.164241,-0.655118,0.737459]],[[0.970444,-0.0823628,-0.226838],[0.195631,0.818869,0.539613],[0.141306,-0.56804,0.810779]],[[0.970444,-0.0823628,-0.226838],[0.1553,0.932606,0.325772],[0.184719,-0.351371,0.917833]],[[0.970444,-0.0823628,-0.226838],[0.117544,0.982243,0.146227],[0.210766,-0.168569,0.962893]]],"btipPosition":[31.0741,346.081,-75.2091],"carpPosition":[57.2213,262.339,52.1609],"dipPosition":[34.6652,343.208,-58.8031],"direction":[-0.184719,0.351371,-0.917833],"extended":true,"handId":701,"id":7011,"length":58.6448,"mcpPosition":[45.1716,310.402,-1.94345],"pipPosition":[39.1176,334.739,-36.6801],"stabilizedTipPosition":[32.8574,316.592,16.0487],"timeVisible":4.92591,"tipPosition":[31.8554,346.185,-70.9604],"tipVelocity":[49.8342,107.253,-181.284],"tool":false,"touchDistance":-0.603243,"touchZone":"touching","type":1,"width":19.2893},{"bases":[[[0.927285,-0.267992,-0.261385],[0.373064,0.719469,0.585822],[0.031063,-0.640738,0.767131]],[[0.9278,-0.291437,-0.232919],[0.122608,0.827827,-0.547421],[0.352355,0.479339,0.803791]],[[0.9278,-0.291437,-0.232919],[-0.332306,-0.361775,-0.871029],[0.169586,0.885541,-0.432501]],[[0.9278,-0.291437,-0.232919],[-0.364784,-0.839563,-0.402574],[-0.0782249,0.458473,-0.885259]]],"btipPosition":[46.7482,251.204,-13.5407],"carpPosition":[69.1892,263.369,49.6137],"dipPosition":[45.2823,259.796,-30.1304],"direction":[-0.169586,-0.885541,0.432501],"extended":false,"handId":701,"id":7012,"length":66.821,"mcpPosition":[67.028,307.948,-3.75937],"pipPosition":[50.0914,284.907,-42.3952],"stabilizedTipPosition":[35.8168,218.836,46.0786],"timeVisible":4.92591,"tipPosition":[46.5751,252.868,-16.2004],"tipVelocity":[43.1101,139.473,-204.421],"tool":false,"touchDistance":0.333333,"touchZone":"none","type":2,"width":18.9446},{"bases":[[[0.89097,-0.41283,-0.18906],[0.439161,0.677692,0.589806],[-0.115365,-0.608528,0.785102]],[[0.891172,-0.41176,-0.190439],[0.230505,0.772528,-0.591665],[0.390743,0.483378,0.783368]],[[0.891172,-0.41176,-0.190439],[-0.355791,-0.373902,-0.85651],[0.281471,0.831054,-0.479711]],[[0.891172,-0.41176,-0.190439],[-0.453664,-0.807432,-0.37715],[0.00152867,0.422501,-0.906361]]],"btipPosition":[62.7956,246.917,-7.48105],"carpPosition":[80.8033,261.272,46.3256],"dipPosition":[62.8241,254.789,-24.3686],"direction":[-0.281471,-0.831054,0.479711],"extended":false,"handId":701,"id":7013,"length":64.2502,"mcpPosition":[88.0098,299.284,-2.71712],"pipPosition":[70.5998,277.747,-37.6208],"stabilizedTipPosition":[53.6916,215.631,22.1379],"timeVisible":4.92591,"tipPosition":[62.941,248.479,-10.234],"tipVelocity":[45.8253,137.672,-185.106],"tool":false,"touchDistance":0.333333,"touchZone":"none","type":3,"width":18.027},{"bases":[[[0.786738,-0.586747,-0.191759],[0.560464,0.548789,0.62025],[-0.258695,-0.595448,0.760604]],[[0.719082,-0.694006,-0.0357218],[0.552022,0.601681,-0.577279],[0.422129,0.395392,0.815765]],[[0.719082,-0.694006,-0.0357218],[-0.34273,-0.309458,-0.887002],[0.604531,0.65007,-0.460382]],[[0.719082,-0.694006,-0.0357218],[-0.64347,-0.645546,-0.411359],[0.262426,0.318787,-0.910773]]],"btipPosition":[74.2956,254.922,-7.40866],"carpPosition":[90.5235,252.592,40.7031],"dipPosition":[78.8064,260.402,-23.064],"direction":[-0.604531,-0.65007,0.460382],"extended":false,"handId":701,"id":7014,"length":50.3709,"mcpPosition":[105.482,287.023,-3.27866],"pipPosition":[90.5976,273.081,-32.0436],"stabilizedTipPosition":[66.3336,225.735,22.827],"timeVisible":4.92591,"tipPosition":[75.3544,255.892,-10.069],"tipVelocity":[48.158,140.126,-173.792],"tool":false,"touchDistance":0.333333,"touchZone":"none","type":4,"width":16.013}],"r":[[0.914873,-0.00917927,0.403637],[-0.0714252,0.980293,0.184184],[-0.397373,-0.197335,0.896188]],"s":0.882612,"t":[64.6477,66.5377,-97.1305],"timestamp":523908069865},false],[7,{"currentFrameRate":110.598,"devices":[],"gestures":[],"hands":[{"armBasis":[[0.917788,-0.04925,-0.39400