{"sensorType":"Leap","data":[[0,{"currentFrameRate":109.385,"devices":[],"gestures":[],"hands":[{"armBasis":[[0.856641,-0.179768,-0.48358],[0.381082,0.852321,0.358225],[0.347767,-0.491154,0.79864]],"armWidth":63.5437,"confidence":0.707158,"direction":[0.0596594,0.713155,-0.698463],"elbow":[147.295,51.8262,274.895],"grabStrength":0,"id":701,"palmNormal":[-0.387517,-0.628286,-0.674602],"palmPosition":[48.2078,222.131,21.1562],"palmVelocity":[145.793,259.281,-242.855],"palmWidth":90.7382,"pinchStrength":0.880545,"r":[[0.948833,-0.136155,0.284919],[0.0982513,0.984776,0.143401],[-0.300106,-0.10807,0.947764]],"s":0.885554,"sphereCenter":[27.7799,213.073,-17.1852],"sphereRadius":45.1618,"stabilizedPalmPosition":[40.7076,207.327,49.1718],"t":[43.5947,1.02913,-84.4194],"timeVisible":36.5155,"type":"right","wrist":[53.6576,184.071,59.8592]}],"id":4300889,"interactionBox":{"center":[0,200,0],"size":[235.247,235.247,147.751]},"pointables":[{"bases":[[[0.728425,0.576005,0.370966],[-0.590334,0.25288,0.766523],[0.347711,-0.777348,0.524239]],[[0.52146,0.844358,0.123042],[-0.638077,0.290132,0.713219],[0.566513,-0.450426,0.690057]],[[0.52146,0.844358,0.123042],[-0.852965,0.511929,0.101885],[0.0230388,-0.15808,0.987158]],[[0.52146,0.844358,0.123042],[-0.407,0.372868,-0.833859],[-0.749954,0.384746,0.538089]]],"btipPosition":[11.6465,202.527,-18.7054],"carpPosition":[23.1275,183.709,61.7682],"dipPosition":[-5.85656,211.506,-6.14701],"direction":[-0.0230388,0.15808,-0.987158],"extended":false,"handId":701,"id":7010,"length":51.9721,"mcpPosition":[23.1275,183.709,61.7682],"pipPosition":[-5.07321,206.131,27.4176],"stabilizedTipPosition":[-5.72433,195.326,20.2358],"timeVisible":36.5155,"tipPosition":[7.861,204.887,-15.3442],"tipVelocity":[169.001,228.715,-281.18],"tool":false,"touchDistance":-0.544714,"touchZone":"touching","type":0,"width":20.194},{"bases":[[[0.916887,-0.186759,-0.352759],[0.369042,0.733366,0.570948],[0.152072,-0.653678,0.741336]],[[0.926149,-0.23874,-0.291977],[0.351049,0.828691,0.435931],[0.137885,-0.506235,0.851301]],[[0.926149,-0.23874,-0.291977],[0.318423,0.909837,0.26609],[0.202125,-0.339411,0.918665]],[[0.926149,-0.23874,-0.291977],[0.285886,0.949323,0.130598],[0.246002,-0.204425,0.947467]]],"btipPosition":[12.5917,282.381,-63.5999],"carpPosition":[38.7194,201.07,65.548],"dipPosition":[16.7831,278.898,-47.4566],"direction":[-0.202125,0.339411,-0.918665],"extended":true,"handId":701,"id":7011,"length":58.6448,"mcpPosition":[27.5625,249.028,11.1591],"pipPosition":[21.6551,270.716,-25.3136],"stabilizedTipPosition":[5.30375,266.15,-20.305],"timeVisible":36.5155,"tipPosition":[13.0067,280.623,-60.1241],"tipVelocity":[153.789,254.155,-253.934],"tool":false,"touchDistance":-0.569074,"touchZone":"touching","type":1,"width":19.2893},{"bases":[[[0.852566,-0.395622,-0.341488],[0.521989,0.676705,0.519228],[0.0256685,-0.620929,0.783446]],[[0.852917,-0.408605,-0.324921],[0.10673,0.745737,-0.657636],[0.511019,0.526231,0.679662]],[[0.852917,-0.408605,-0.324921],[-0.497688,-0.448532,-0.742378],[0.157602,0.794897,-0.585919]],[[0.852917,-0.408605,-0.324921],[-0.4898,-0.841698,-0.227245],[-0.180632,0.352968,-0.918034]]],"btipPosition":[22.9609,189.181,8.4384],"carpPosition":[50.3941,200.43,61.7967],"dipPosition":[19.5759,195.796,-8.76554],"direction":[-0.157602,-0.794897,0.585919],"extended":false,"handId":701,"id":7012,"length":66.821,"mcpPosition":[48.6082,243.631,7.28849],"pipPosition":[24.0451,218.337,-25.3808],"stabilizedTipPosition":[5.01487,174.274,46.2082],"timeVisible":36.5155,"tipPosition":[22.4318,190.539,5.33355],"tipVelocity":[176.722,241.092,-281.941],"tool":false,"touchDistance":0.333333,"touchZone":"none","type":2,"width":18.9446},{"bases":[[[0.805259,-0.532565,-0.260639],[0.582119,0.626572,0.518213],[-0.112673,-0.569019,0.814569]],[[0.807526,-0.520021,-0.278352],[0.198566,0.684048,-0.70189],[0.555404,0.511523,0.655645]],[[0.807526,-0.520021,-0.278352],[-0.532599,-0.44008,-0.722958],[0.253456,0.732057,-0.632338]],[[0.807526,-0.520021,-0.278352],[-0.57798,-0.791772,-0.197576],[-0.117647,0.32043,-0.939938]]],"btipPosition":[38.7174,183.282,12.3444],"carpPosition":[61.2354,196.723,57.4589],"dipPosition":[36.5254,189.253,-5.16884],"direction":[-0.253456,-0.732057,0.632338],"extended":false,"handId":701,"id":7013,"length":64.2502,"mcpPosition":[68.2737,232.267,6.5755],"pipPosition":[43.5272,209.476,-22.6374],"stabilizedTipPosition":[21.588,166.773,46.4709],"timeVisible":36.5155,"tipPosition":[38.5526,184.497,9.0592],"tipVelocity":[177.776,256.472,-275.175],"tool":false,"touchDistance":0.333333,"touchZone":"none","type":3,"width":18.027},{"bases":[[[0.67948,-0.691001,-0.246627],[0.688023,0.483361,0.541282],[-0.254817,-0.537475,0.803859]],[[0.622344,-0.776645,-0.0975222],[0.49236,0.48527,-0.722561],[0.608498,0.401666,0.684394]],[[0.622344,-0.776645,-0.0975222],[-0.555757,-0.350693,-0.753756],[0.5512,0.523294,-0.649878]],[[0.622344,-0.776645,-0.0975222],[-0.775547,-0.594961,-0.211066],[0.105901,0.206989,-0.972595]]],"btipPosition":[49.8166,189.843,10.0075],"carpPosition":[69.1097,186.691,51.2294],"dipPosition":[51.6369,193.401,-6.71057],"direction":[-0.5512,-0.523294,0.649878],"extended":false,"handId":701,"id":7014,"length":50.3709,"mcpPosition":[83.8444,217.771,4.74643],"pipPosition":[62.3879,203.608,-19.3862],"stabilizedTipPosition":[34.5286,172.299,40.595],"timeVisible":36.5155,"tipPosition":[50.3632,190.574,6.69413],"tipVelocity":[180.501,264.866,-262.667],"tool":false,"touchDistance":0.333333,"touchZone":"none","type":4,"width":16.013}],"r":[[0.948833,-0.136155,0.284919],[0.0982513,0.984776,0.143401],[-0.300106,-0.10807,0.947764]],"s":0.885554,"t":[43.5947,1.02913,-84.4194],"timestamp":523939659421},false],[1,{"currentFrameRate":109.49,"devices":[],"gestures":[],"hands":[{"armBasis":[[0.858788,-0.176803,-0.480857],[0.376255,0.854672,0.357725],[0.347728,-0.488135,0.800506]],"armWidth":63.5437,"confidence":0.733499,"direction":[0.0601079,0.713593,-0.697977],"elbow":[148.824,54.756,273.278],"grabStrength":0,"id":701,"palmNormal":[-0.382372,-0.629444,-0.676456],"palmPosition":[49.7779,224.241,19.0252],"palmVelocity":[153.909,252.877,-241.588],"palmWidth":90.7382,"pinchStrength":0.879946,"r":[[0.948396,-0.128847,0.28973],[0.0899455,0.985505,0.143842],[-0.304064,-0.110359,0.946238]],"s":0.885688,"sphereCenter":[29.5626,215.179,-19.4135],"sphereRadius":45.1729,"stabilizedPalmPosition":[41.7419,209.256,45.7342],"t":[45.0577,3.35183,-86.5998],"timeVisible":36.5244,"type":"right","wrist":[55.1974,186.188,57.7393]}],"id":4300890,"interactionBox":{"center":[0,200,0],"size":[235.247,235.247,147.751]},"pointables":[{"bases":[[[0.724764,0.578481,0.374269],[-0.594517,0.250518,0.764062],[0.348233,-0.776274,0.525483]],[[0.518047,0.846067,0.125687],[-0.642707,0.288072,0.709889],[0.564407,-0.448536,0.693008]],[[0.518047,0.846067,0.125687],[-0.855105,0.508745,0.0998701],[0.020554,-0.159213,0.98703]],[[0.518047,0.846067,0.125687],[-0.408087,0.373617,-0.832992],[-0.751726,0.380238,0.538821]]],"btipPosition":[13.4106,204.584,-21.1161],"carpPosition":[24.6609,185.717,59.5171],"dipPosition":[-4.13378,213.458,-8.5407],"direction":[-0.020554,0.159213,-0.98703],"extended":false,"handId":701,"id":7010,"length":51.9721,"mcpPosition":[24.6609,185.717,59.5171],"pipPosition":[-3.43492,208.045,25.0195],"stabilizedTipPosition":[-4.64245,196.136,17.4802],"timeVisible":36.5244,"tipPosition":[9.61398,206.885,-17.7359],"tipVelocity":[176.414,228.305,-277.864],"tool":false,"touchDistance":-0.554679,"touchZone":"touching","type":0,"width":20.194},{"bases":[[[0.919054,-0.183368,-0.348879],[0.363966,0.734492,0.572757],[0.151224,-0.653374,0.741777]],[[0.928302,-0.235846,-0.287458],[0.347035,0.827123,0.442079],[0.1335,-0.510141,0.849667]],[[0.928302,-0.235846,-0.287458],[0.315308,0.909053,0.272404],[0.197069,-0.343511,0.91824]],[[0.928302,-0.235846,-0.287458],[0.283465,0.949199,0.136633],[0.24063,-0.208321,0.947997]]],"btipPosition":[14.5101,284.752,-65.7398],"carpPosition":[40.1744,203.131,63.3692],"dipPosition":[18.61,281.203,-49.5875],"direction":[-0.197069,0.343511,-0.91824],"extended":true,"handId":701,"id":7011,"length":58.6448,"mcpPosition":[29.0797,251.067,8.94796],"pipPosition":[23.3601,272.923,-27.4547],"stabilizedTipPosition":[6.01127,267.39,-23.2133],"timeVisible":36.5244,"tipPosition":[14.892,282.941,-62.2829],"tipVelocity":[169.716,256.684,-249.847],"tool":false,"touchDistance":-0.572568,"touchZone":"touching","type":1,"width":19.2893},{"bases":[[[0.855431,-0.392463,-0.337949],[0.517335,0.678394,0.521676],[0.0245245,-0.621091,0.783355]],[[0.855758,-0.405488,-0.321337],[0.107778,0.74718,-0.655824],[0.506025,0.526594,0.683109]],[[0.855758,-0.405488,-0.321337],[-0.492605,-0.448706,-0.745656],[0.158169,0.796393,-0.58373]],[[0.855758,-0.405488,-0.321337],[-0.486024,-0.84297,-0.230615],[-0.177365,0.353528,-0.918455]]],"btipPosition":[24.6764,191.226,6.09608],"carpPosition":[51.8673,202.535,59.6678],"dipPosition":[21.3526,197.851,-11.1158],"direction":[-0.158169,-0.796393,0.58373],"extended":false,"handId":701,"id":7012,"length":66.821,"mcpPosition":[50.161,245.747,5.166],"pipPosition":[25.8379,220.435,-27.669],"stabilizedTipPosition":[5.83831,175.079,44.2878],"timeVisible":36.5244,"tipPosition":[24.1568,192.586,2.98651],"tipVelocity":[181.261,237.76,-276.502],"tool":false,"touchDistance":0.333333,"touchZone":"none","type":2,"width":18.9446},{"bases":[[[0.808267,-0.5296,-0.257347],[0.577648,0.628476,0.520903],[-0.114134,-0.569685,0.813899]],[[0.810521,-0.517309,-0.274676],[0.20033,0.685527,-0.699943],[0.550385,0.512293,0.659267]],[[0.810521,-0.517309,-0.274676],[-0.527343,-0.440452,-0.726576],[0.254882,0.733754,-0.629794]],[[0.810521,-0.517309,-0.274676],[-0.574588,-0.793228,-0.201591],[-0.113596,0.321219,-0.940167]]],"btipPosition":[40.4223,185.373,10.0753],"carpPosition":[62.7402,198.867,55.3754],"dipPosition":[38.3057,191.358,-7.44212],"direction":[-0.254882,-0.733754,0.629794],"extended":false,"handId":701,"id":7013,"length":64.2502,"mcpPosition":[69.8698,234.454,4.53386],"pipPosition":[45.3469,211.628,-24.8404],"stabilizedTipPosition":[22.7949,168.087,43.8115],"timeVisible":36.5244,"tipPosition":[40.2697,186.594,6.78485],"tipVelocity":[181.802,250.344,-269.32],"tool":false,"touchDistance":0.333333,"touchZone":"none","type":3,"width":18.027},{"bases":[[[0.682996,-0.688489,-0.243924],[0.683963,0.485637,0.544381],[-0.256342,-0.538645,0.80259]],[[0.62475,-0.775222,-0.0933701],[0.50017,0.489147,-0.714539],[0.599598,0.399707,0.693337]],[[0.62475,-0.775222,-0.0933701],[-0.546013,-0.348258,-0.761962],[0.558173,0.527017,-0.640855]],[[0.62475,-0.775222,-0.0933701],[-0.772331,-0.59593,-0.219935],[0.114857,0.209517,-0.971036]]],"btipPosition":[51.4959,192.038,7.51001],"carpPosition":[70.6769,188.866,49.1766],"dipPosition":[53.4702,195.64,-9.18122],"direction":[-0.558173,-0.527017,0.640855],"extended":false,"handId":701,"id":7014,"length":50.3709,"mcpPosition":[85.4998,220.013,2.7671],"pipPosition":[64.3572,205.919,-21.6809],"stabilizedTipPosition":[35.9745,174.006,37.5304],"timeVisible":36.5244,"tipPosition":[52.0829,192.759,4.28773],"tipVelocity":[183.555,259.857,-266.987],"tool":false,"touchDistance":0.333333,"touchZone":"none","type":4,"width":16.013}],"r":[[0.948396,-0.128847,0.28973],[0.0899455,0.985505,0.143842],[-0.304064,-0.110359,0.946238]],"s":0.885688,"t":[45.0577,3.35183,-86.5998],"timestamp":523939668367},false],[2,{"currentFrameRate":109.522,"devices":[],"gestures":[],"hands":[{"armBasis":[[0.86886,-0.173743,-0.463568],[0.365843,0.856204,0.364792],[0.333529,-0.486547,0.807484]],"armWidth":63.5437,"confidence":0.757798,"direction":[0.0621475,0.71728,-0.694008],"elbow":[146.413,57.8376,272.888],"grabStrength":0,"id":701,"palmNormal":[-0.370344,-0.629137,-0.683397],"palmPosition":[51.3153,227.034,16.8754],"palmVelocity":[158.202,268.05,-240.297],"palmWidth":90.7382,"pinchStrength":0.876641,"r":[[0.947544,-0.121845,0.295488],[0.0814964,0.986032,0.145257],[-0.30906,-0.113557,0.944239]],"s":0.886141,"sphereCenter":[31.5752,218.064,-21.8204],"sphereRadius":45.199,"stabilizedPalmPosition":[42.9671,211.531,42.0407],"t":[46.5579,5.90946,-88.7649],"timeVisible":36.5335,"type":"right","wrist":[56.6094,188.842,55.4701]}],"id":4300891,"interactionBox":{"center":[0,200,0],"size":[235.247,235.247,147.751]},"pointables":[{"bases":[[[0.71632,0.582167,0.384666],[-0.604525,0.242461,0.75879],[0.348476,-0.776077,0.525614]],[[0.511008,0.848764,0.135908],[-0.652112,0.279788,0.704605],[0.560018,-0.448686,0.696463]],[[0.511008,0.848764,0.135908],[-0.85945,0.501805,0.097655],[0.0146868,-0.166709,0.985897]],[[0.511008,0.848764,0.135908],[-0.406311,0.37784,-0.831955],[-0.757484,0.369915,0.537941]]],"btipPosition":[15.3622,207.503,-23.8276],"carpPosition":[26.0602,188.132,56.9185],"dipPosition":[-2.3166,216.136,-11.2727],"direction":[-0.0146868,0.166709,-0.985897],"extended":false,"handId":701,"id":7010,"length":51.9721,"mcpPosition":[26.0602,188.132,56.9185],"pipPosition":[-1.81724,210.468,22.249],"stabilizedTipPosition":[-3.34662,197.221,14.3566],"timeVisible":36.5335,"tipPosition":[11.5664,209.657,-20.4605],"tipVelocity":[186.161,252.435,-283.802],"tool":false,"touchDistance":-0.568287,"touchZone":"touching","type":0,"width":20.194},{"bases":[[[0.924091,-0.174809,-0.33985],[0.352251,0.734527,0.57999],[0.148242,-0.655676,0.740346]],[[0.933114,-0.227805,-0.278213],[0.336731,0.825003,0.453853],[0.126137,-0.51718,0.846531]],[[0.933114,-0.227805,-0.278213],[0.30657,0.908352,0.284448],[0.187917,-0.350715,0.917435]],[[0.933114,-0.227805,-0.278213],[0.276066,0.949621,0.148349],[0.230403,-0.215231,0.948994]]],"btipPosition":[16.664,288.028,-67.8507],"carpPosition":[41.3991,205.645,61.0165],"dipPosition":[20.5896,284.361,-51.6815],"direction":[-0.187917,0.350715,-0.917435],"extended":true,"handId":701,"id":7011,"length":58.6448,"mcpPosition":[30.5232,253.75,6.70026],"pipPosition":[25.1191,275.907,-29.5681],"stabilizedTipPosition":[7.0089,269.099,-26.7459],"timeVisible":36.5335,"tipPosition":[17.011,286.157,-64.4193],"tipVelocity":[187.199,284.7,-244.969],"tool":false,"touchDistance":-0.57525,"touchZone":"touching","type":1,"width":19.2893},{"bases":[[[0.861942,-0.384427,-0.330564],[0.506577,0.679826,0.530298],[0.0208648,-0.624542,0.780712]],[[0.86219,-0.397559,-0.313966],[0.109869,0.751767,-0.650211],[0.494526,0.526111,0.691846]],[[0.86219,-0.397559,-0.313966],[-0.480948,-0.447727,-0.75381],[0.159113,0.800929,-0.577231]],[[0.86219,-0.397559,-0.313966],[-0.477308,-0.845169,-0.240553],[-0.16972,0.357261,-0.918455]]],"btipPosition":[26.5815,193.91,3.44582],"carpPosition":[53.1351,205.154,57.438],"dipPosition":[23.4009,200.605,-13.766],"direction":[-0.159113,-0.800929,0.577231],"extended":false,"handId":701,"id":7012,"length":66.821,"mcpPosition":[51.6834,248.606,3.12],"pipPosition":[27.913,223.318,-30.135],"stabilizedTipPosition":[6.92664,176.187,41.8513],"timeVisible":36.5335,"tipPosition":[26.085,195.283,0.332278],"tipVelocity":[190.196,254.295,-280.807],"tool":false,"touchDistance":0.333333,"touchZone":"none","type":2,"width":18.9446},{"bases":[[[0.814961,-0.52229,-0.251102],[0.567272,0.630367,0.529943],[-0.118498,-0.574326,0.810005]],[[0.817288,-0.510007,-0.268204],[0.203523,0.690937,-0.693675],[0.539091,0.512346,0.668493]],[[0.817288,-0.510007,-0.268204],[-0.515728,-0.439797,-0.735257],[0.257031,0.739237,-0.622466]],[[0.817288,-0.510007,-0.268204],[-0.566554,-0.796153,-0.212502],[-0.105154,0.325627,-0.939633]]],"btipPosition":[42.3219,188.148,7.56521],"carpPosition":[64.0807,201.589,53.2455],"dipPosition":[40.3626,194.215,-9.9423],"direction":[-0.257031,-0.739237,0.622466],"extended":false,"handId":701,"id":7013,"length":64.2502,"mcpPosition":[71.4829,237.465,2.64721],"pipPosition":[47.4632,214.637,-27.1381],"stabilizedTipPosition":[24.3207,169.804,40.5903],"timeVisible":36.5335,"tipPosition":[42.1948,189.389,4.27907],"tipVelocity":[190.521,266.264,-271.272],"tool":false,"touchDistance":0.333333,"touchZone":"none","type":3,"width":18.027},{"bases":[[[0.690761,-0.682179,-0.239752],[0.67441,0.488225,0.553903],[-0.260808,-0.544305,0.797315]],[[0.63106,-0.770597,-0.0891282],[0.507824,0.497234,-0.703472],[0.586411,0.398672,0.705112]],[[0.63106,-0.770597,-0.0891282],[-0.531994,-0.346291,-0.7727],[0.564576,0.535036,-0.628483]],[[0.63106,-0.770597,-0.0891282],[-0.765261,-0.599602,-0.234207],[0.127038,0.216005,-0.968093]]],"btipPosition":[53.3667,194.945,5.01751],"carpPosition":[72.1588,191.677,47.0862],"dipPosition":[55.5504,198.658,-11.6231],"direction":[-0.564576,-0.535036,0.628483],"extended":false,"handId":701,"id":7014,"length":50.3709,"mcpPosition":[87.2399,223.151,0.981713],"pipPosition":[66.5623,209.093,-23.8815],"stabilizedTipPosition":[37.7595,176.18,33.9055],"timeVisible":36.5335,"tipPosition":[53.9972,195.679,1.84214],"tipVelocity":[191.275,277.348,-268.761],"tool":false,"touchDistance":0.333333,"touchZone":"none","type":4,"width":16.013}],"r":[[0.947544,-0.121845,0.295488],[0.0814964,0.986032,0.145257],[-0.30906,-0.113557,0.944239]],"s":0.886141,"t":[46.5579,5.90946,-88.7649],"timestamp":523939677441},false],[3,{"currentFrameRate":109.59,"devices":[],"gestures":[],"hands":[{"armBasis":[[0.873418,-0.165802,-0.457876],[0.353948,0.861921,0.36306],[0.334457,-0.479168,0.811503]],"armWidth":63.5437,"confidence":0.698347,"direction":[0.0649674,0.725048,-0.685627],"elbow":[148.009,62.5526,271.484],"grabStrength":0,"id":701,"palmNormal":[-0.357737,-0.624488,-0.694291],"palmPosition":[52.8313,230.131,14.7351],"palmVelocity":[160.998,288.917,-239.592],"palmWidth":90.7382,"pinchStrength":0.874736,"r":[[0.946266,-0.115515,0.302056],[0.0729503,0.9862,0.148617],[-0.315055,-0.118596,0.941634]],"s":0.886464,"sphereCenter":[33.6045,221.435,-24.3104],"sphereRadius":45.2108,"stabilizedPalmPosition":[44.3606,214.159,38.1833],"t":[48.066,8.7369,-90.9176],"timeVisible":36.5425,"type":"right","wrist":[57.9553,191.57,52.9842]}],"id":4300892,"interactionBox":{"center":[0,200,0],"size":[235.247,235.247,147.751]},"pointables":[{"bases":[[[0.707504,0.583191,0.399158],[-0.615083,0.230015,0.754165],[0.34801,-0.77909,0.521448]],[[0.50395,0.850312,0.151673],[-0.661499,0.267045,0.700789],[0.555386,-0.453494,0.697058]],[[0.50395,0.850312,0.151673],[-0.8637,0.494572,0.0970608],[0.00751886,-0.179914,0.983654]],[[0.50395,0.850312,0.151673],[-0.401134,0.385923,-0.830756],[-0.764935,0.357818,0.535574]]],"btipPosition":[17.3475,210.966,-26.5775],"carpPosition":[27.3972,190.625,54.0668],"dipPosition":[-0.505189,219.317,-14.0778],"direction":[-0.00751886,0.179914,-0.983654],"extended":false,"handId":701,"id":7010,"length":51.9721,"mcpPosition":[27.3972,190.625,54.0668],"pipPosition":[-0.249539,213.2,19.3676],"stabilizedTipPosition":[-1.83109,198.653,10.8794],"timeVisible":36.5425,"tipPosition":[13.5401,212.973,-23.2607],"tipVelocity":[194.377,286.777,-290.132],"tool":false,"touchDistance":-0.581231,"touchZone":"touching","type":0,"width":20.194},{"bases":[[[0.929243,-0.164521,-0.330817],[0.340077,0.730838,0.591796],[0.144411,-0.662426,0.735076]],[[0.937956,-0.218288,-0.269424],[0.325655,0.821427,0.468195],[0.119111,-0.526885,0.841549]],[[0.937956,-0.218288,-0.269424],[0.296946,0.906868,0.299021],[0.179059,-0.360473,0.915422]],[[0.937956,-0.218288,-0.269424],[0.267722,0.949677,0.1626],[0.220372,-0.224643,0.949195]]],"btipPosition":[18.79,291.893,-69.6932],"carpPosition":[42.5587,208.203,58.5289],"dipPosition":[22.5447,288.065,-53.5205],"direction":[-0.179059,0.360473,-0.915422],"extended":true,"handId":701,"id":7011,"length":58.6448,"mcpPosition":[31.9638,256.803,4.59925],"pipPosition":[26.8607,279.377,-31.4557],"stabilizedTipPosition":[8.34929,271.422,-30.9042],"timeVisible":36.5425,"tipPosition":[19.1168,290.001,-66.2782],"tipVelocity":[199.444,323.284,-233.871],"tool":false,"touchDistance":-0.573684,"touchZone":"touching","type":1,"width":19.2893},{"bases":[[[0.868529,-0.374668,-0.324471],[0.495369,0.677782,0.543343],[0.0163472,-0.632642,0.774272]],[[0.86868,-0.388003,-0.307975],[0.112558,0.76004,-0.640054],[0.482416,0.521337,0.703905]],[[0.86868,-0.388003,-0.307975],[-0.468622,-0.442113,-0.764807],[0.160588,0.808696,-0.565881]],[[0.86868,-0.388003,-0.307975],[-0.468411,-0.845675,-0.255784],[-0.161201,0.366453,-0.916366]]],"btipPosition":[28.4801,196.992,0.59846],"carpPosition":[54.3388,207.835,55.0832],"dipPosition":[25.4592,203.859,-16.5742],"direction":[-0.160588,-0.808697,0.565881],"extended":false,"handId":701,"id":7012,"length":66.821,"mcpPosition":[53.2014,251.851,1.21328],"pipPosition":[30.0131,226.792,-32.6213],"stabilizedTipPosition":[8.31974,177.682,38.8324],"timeVisible":36.5425,"tipPosition":[28.0096,198.396,-2.5121],"tipVelocity":[197.001,279.662,-290.272],"tool":false,"touchDistance":0.333333,"touchZone":"none","type":2,"width":18.9446},{"bases":[[[0.821637,-0.513704,-0.247024],[0.556424,0.628769,0.543178],[-0.123711,-0.583745,0.802457]],[[0.824052,-0.501341,-0.263808],[0.208687,0.701559,-0.68137],[0.526676,0.506431,0.682745]],[[0.824052,-0.501341,-0.263808],[-0.502853,-0.432835,-0.748193],[0.260915,0.749207,-0.608779]],[[0.824052,-0.501341,-0.263808],[-0.558472,-0.797085,-0.229707],[-0.0951161,0.33662,-0.936824]]],"btipPosition":[44.184,191.324,4.70777],"carpPosition":[65.3584,204.393,50.982],"dipPosition":[42.4118,197.596,-12.7474],"direction":[-0.260915,-0.749207,0.608779],"extended":false,"handId":701,"id":7013,"length":64.2502,"mcpPosition":[73.0862,240.858,0.855182],"pipPosition":[49.6197,218.293,-29.5651],"stabilizedTipPosition":[26.1769,171.994,36.7839],"timeVisible":36.5425,"tipPosition":[44.0887,192.601,1.4623],"tipVelocity":[196.315,291.472,-283.571],"tool":false,"touchDistance":0.333333,"touchZone":"none","type":3,"width":18.027},{"bases":[[[0.698489,-0.674595,-0.238818],[0.664315,0.487155,0.566891],[-0.26608,-0.554618,0.788416]],[[0.637434,-0.765311,-0.0893133],[0.514438,0.509017,-0.690113],[0.573613,0.393955,0.718169]],[[0.637434,-0.765311,-0.0893133],[-0.518486,-0.340304,-0.784452],[0.569957,0.546344,-0.613725]],[[0.637434,-0.765311,-0.0893133],[-0.757918,-0.601927,-0.251482],[0.138702,0.227995,-0.963732]]],"btipPosition":[55.2387,198.21,2.43623],"carpPosition":[73.58,194.606,44.8136],"dipPosition":[57.6229,202.129,-14.1295],"direction":[-0.569957,-0.546344,0.613725],"extended":false,"handId":701,"id":7014,"length":50.3709,"mcpPosition":[88.9661,226.677,-0.776335],"pipPosition":[68.7397,212.785,-26.1],"stabilizedTipPosition":[39.8975,178.899,29.7214],"timeVisible":36.5425,"tipPosition":[55.9068,198.983,-0.709069],"tipVelocity":[197.256,302.229,-273.166],"tool":false,"touchDistance":0.333333,"touchZone":"none","type":4,"width":16.013}],"r":[[0.946266,-0.115515,0.302056],[0.0729503,0.9862,0.148617],[-0.315055,-0.118596,0.941634]],"s":0.886464,"t":[48.066,8.7369,-90.9176],"timestamp":523939686444},false],[4,{"currentFrameRate":109.607,"devices":[],"gestures":[],"hands":[{"armBasis":[[0.875512,-0.158723,-0.456384],[0.343841,0.868251,0.357649],[0.339488,-0.47005,0.81474]],"armWidth":63.5437,"confidence":0.627173,"direction":[0.0685345,0.73447,-0.675172],"elbow":[150.732,67.4059,270.092],"grabStrength":0,"id":701,"palmNormal":[-0.347139,-0.616916,-0.706335],"palmPosition":[54.4095,233.012,12.9367],"palmVelocity":[164.48,296.639,-228.01],"palmWidth":90.7382,"pinchStrength":0.877868,"r":[[0.944631,-0.11034,0.309026],[0.064773,0.98594,0.154037],[-0.321678,-0.125492,0.938496]],"s":0.886367,"sphereCenter":[35.6354,224.698,-26.4965],"sphereRadius":45.2168,"stabilizedPalmPosition":[45.964,217.167,34.1549],"t":[49.6092,11.5909,-92.8932],"timeVisible":36.5516,"type":"right","wrist":[59.3243,193.968,50.7212]}],"id":4300893,"interactionBox":{"center":[0,200,0],"size":[235.247,235.247,147.751]},"pointables":[{"bases":[[[0.700229,0.581312,0.414434],[-0.62423,0.216841,0.750545],[0.346435,-0.784255,0.514711]],[[0.498808,0.850021,0.169279],[-0.669071,0.253493,0.698631],[0.55094,-0.461742,0.695168]],[[0.498808,0.850021,0.169279],[-0.86671,0.488755,0.0996604],[0.00197749,-0.196427,0.980516]],[[0.498808,0.850021,0.169279],[-0.395525,0.397036,-0.828205],[-0.771201,0.346161,0.534249]]],"btipPosition":[19.2679,214.442,-28.9483],"carpPosition":[28.7617,192.857,51.4643],"dipPosition":[1.26896,222.521,-16.4795],"direction":[-0.00197749,0.196427,-0.980516],"extended":false,"handId":701,"id":7010,"length":51.9721,"mcpPosition":[28.7617,192.857,51.4643],"pipPosition":[1.3362,215.842,16.8592],"stabilizedTipPosition":[-0.0352913,200.521,6.96576],"timeVisible":36.5516,"tipPosition":[15.47,216.299,-25.6915],"tipVelocity":[198.01,311.321,-282.203],"tool":false,"touchDistance":-0.587109,"touchZone":"touching","type":0,"width":20.194},{"bases":[[[0.933535,-0.155454,-0.323027],[0.330026,0.724539,0.605084],[0.139983,-0.671474,0.727686]],[[0.941879,-0.210086,-0.262159],[0.316528,0.816443,0.48294],[0.112579,-0.537852,0.835489]],[[0.941879,-0.210086,-0.262159],[0.289167,0.90421,0.314304],[0.171016,-0.371844,0.912406]],[[0.941879,-0.210086,-0.262159],[0.26113,0.948776,0.177862],[0.211364,-0.235982,0.948492]]],"btipPosition":[20.968,295.74,-71.0135],"carpPosition":[43.7847,210.449,56.3221],"dipPosition":[24.5693,291.719,-54.8528],"direction":[-0.171016,0.371844,-0.912406],"extended":true,"handId":701,"id":7011,"length":58.6448,"mcpPosition":[33.5147,259.713,2.93466],"pipPosition":[28.6914,282.756,-32.8606],"stabilizedTipPosition":[10.1468,274.549,-35.7688],"timeVisible":36.5516,"tipPosition":[21.274,293.823,-67.6155],"tipVelocity":[209.471,349.564,-209.394],"tool":false,"touchDistance":-0.564494,"touchZone":"touching","type":1,"width":19.2893},{"bases":[[[0.873833,-0.365966,-0.320131],[0.486093,0.672909,0.557591],[0.0113597,-0.642855,0.765904]],[[0.873875,-0.379714,-0.303577],[0.118193,0.771658,-0.62496],[0.471563,0.510256,0.719212]],[[0.873875,-0.379714,-0.303577],[-0.457207,-0.429674,-0.77868],[0.165237,0.819266,-0.54909]],[[0.873875,-0.379714,-0.303577],[-0.461979,-0.843066,-0.275344],[-0.151383,0.380863,-0.912155]]],"btipPosition":[30.2966,200.016,-2.19545],"carpPosition":[55.6024,210.185,52.9979],"dipPosition":[27.4597,207.153,-19.2892],"direction":[-0.165237,-0.819266,0.54909],"extended":false,"handId":701,"id":7012,"length":66.821,"mcpPosition":[54.8121,254.912,-0.289763],"pipPosition":[32.1454,230.385,-34.8601],"stabilizedTipPosition":[10.0871,179.669,35.1062],"timeVisible":36.5516,"tipPosition":[29.8727,201.459,-5.24671],"tipVelocity":[199.057,296.207,-294.424],"tool":false,"touchDistance":0.333333,"touchZone":"none","type":2,"width":18.9446},{"bases":[[[0.826834,-0.506257,-0.24505],[0.547397,0.624207,0.557425],[-0.129239,-0.595037,0.793239]],[[0.829361,-0.493676,-0.26162],[0.215023,0.714215,-0.666079],[0.51568,0.496166,0.698494]],[[0.829361,-0.493676,-0.26162],[-0.491269,-0.42133,-0.762323],[0.266113,0.760766,-0.591962]],[[0.829361,-0.493676,-0.26162],[-0.552198,-0.795575,-0.249275],[-0.0850769,0.351205,-0.932425]]],"btipPosition":[46.0127,194.357,2.02259],"carpPosition":[66.6825,206.854,48.9692],"dipPosition":[44.4275,200.9,-15.3506],"direction":[-0.266113,-0.760766,0.591962],"extended":false,"handId":701,"id":7013,"length":64.2502,"mcpPosition":[74.7556,244.024,-0.581719],"pipPosition":[51.779,221.917,-31.7038],"stabilizedTipPosition":[28.4175,174.741,32.324],"timeVisible":36.5516,"tipPosition":[45.9486,195.678,-1.16141],"tipVelocity":[198.952,305.011,-286.246],"tool":false,"touchDistance":0.333333,"touchZone":"none","type":3,"width":18.027},{"bases":[[[0.704431,-0.667855,-0.240306],[0.655753,0.482828,0.580401],[-0.271598,-0.566434,0.778066]],[[0.641962,-0.761187,-0.0920852],[0.521829,0.521741,-0.674893],[0.561764,0.385203,0.732148]],[[0.641962,-0.761187,-0.0920852],[-0.505843,-0.330204,-0.796924],[0.576201,0.558175,-0.59702]],[[0.641962,-0.761187,-0.0920852],[-0.75187,-0.601423,-0.270153],[0.150255,0.242664,-0.958404]]],"btipPosition":[57.0944,201.304,0.0700573],"carpPosition":[75.0192,197.191,42.7593],"dipPosition":[59.6771,205.475,-16.404],"direction":[-0.576201,-0.558175,0.59702],"extended":false,"handId":701,"id":7014,"length":50.3709,"mcpPosition":[90.7243,229.945,-2.23221],"pipPosition":[70.9157,216.362,-28.0487],"stabilizedTipPosition":[42.4469,182.247,24.9296],"timeVisible":36.5516,"tipPosition":[57.7993,202.121,-3.03163],"tipVelocity":[200.536,314.531,-268.938],"tool":false,"touchDistance":0.333333,"touchZone":"none","type":4,"width":16.013}],"r":[[0.944631,-0.11034,0.309026],[0.064773,0.98594,0.154037],[-0.321678,-0.125492,0.938496]],"s":0.886367,"t":[49.6092,11.5909,-92.8932],"timestamp":523939695537},false],[5,{"currentFrameRate":109.661,"devices":[],"gestures":[],"hands":[{"armBasis":[[0.882854,-0.153954,-0.443696],[0.334796,0.868858,0.364689],[0.329363,-0.470515,0.818618]],"armWidth":63.5437,"confidence":0.660984,"direction":[0.0692824,0.737085,-0.672239],"elbow":[149.432,70.1012,269.166],"grabStrength":0,"id":701,"palmNormal":[-0.336701,-0.61704,-0.711262],"palmPosition":[55.892,235.918,11.0483],"palmVelocity":[164.431,303.647,-222.859],"palmWidth":90.7382,"pinchStrength":0.877669,"r":[[0.942856,-0.105125,0.316183],[0.0565595,0.985649,0.159051],[-0.328366,-0.132079,0.935271]],"s":0.886112,"sphereCenter":[37.529,227.538,-28.6571],"sphereRadius":45.2327,"stabilizedPalmPosition":[47.7133,220.471,30.0837],"t":[51.1221,14.4711,-94.8251],"timeVisible":36.5606,"type":"right","wrist":[60.7501,196.789,48.7513]}],"id":4300894,"interactionBox":{"center":[0,200,0],"size":[235.247,235.247,147.751]},"pointables":[{"bases":[[[0.692549,0.584817,0.422333],[-0.63221,0.210109,0.745764],[0.3474,-0.783481,0.515238]],[[0.492806,0.851782,0.177791],[-0.675406,0.245625,0.695338],[0.548607,-0.462748,0.696344]],[[0.492806,0.851782,0.177791],[-0.870139,0.4824,0.100738],[0.0000402344,-0.204347,0.978899]],[[0.492806,0.851782,0.177791],[-0.394036,0.400629,-0.827183],[-0.775808,0.337585,0.533065]]],"btipPosition":[20.9864,217.568,-31.1635],"carpPosition":[30.1906,195.463,49.225],"dipPosition":[2.87993,225.447,-18.7224],"direction":[-0.0000402344,0.204347,-0.978899],"extended":false,"handId":701,"id":7010,"length":51.9721,"mcpPosition":[30.1906,195.463,49.225],"pipPosition":[2.8813,218.499,14.5614],"stabilizedTipPosition":[1.98804,202.785,2.73264],"timeVisible":36.5606,"tipPosition":[17.2202,219.268,-27.9628],"tipVelocity":[195.178,319.585,-272.299],"tool":false,"touchDistance":-0.590055,"touchZone":"touching","type":0,"width":20.194},{"bases":[[[0.937361,-0.147951,-0.315381],[0.319718,0.724865,0.610205],[0.138329,-0.672816,0.726763]],[[0.945568,-0.202851,-0.254466],[0.306743,0.816701,0.488782],[0.108673,-0.540232,0.83447]],[[0.945568,-0.202851,-0.254466],[0.280241,0.905074,0.319854],[0.165427,-0.373755,0.912656]],[[0.945568,-0.202851,-0.254466],[0.253043,0.949993,0.182984],[0.204622,-0.237414,0.949613]]],"btipPosition":[22.7699,298.705,-72.9808],"carpPosition":[45.0482,213.144,54.2685],"dipPosition":[26.2563,294.66,-56.801],"direction":[-0.165427,0.373755,-0.912656],"extended":true,"handId":701,"id":7011,"length":58.6448,"mcpPosition":[34.8996,262.506,0.948809],"pipPosition":[30.2437,285.651,-34.8028],"stabilizedTipPosition":[12.2759,278.232,-41.0804],"timeVisible":36.5606,"tipPosition":[23.0636,296.798,-69.5816],"tipVelocity":[205.977,343.636,-211.637],"tool":false,"touchDistance":-0.565822,"touchZone":"touching","type":1,"width":19.2893},{"bases":[[[0.879101,-0.35888,-0.313666],[0.476547,0.67447,0.563909],[0.00918278,-0.64521,0.76395]],[[0.879093,-0.372846,-0.296955],[0.120513,0.776621,-0.618334],[0.461165,0.507786,0.727654]],[[0.879093,-0.372846,-0.296955],[-0.446586,-0.426507,-0.786545],[0.166606,0.824062,-0.541447]],[[0.879093,-0.372846,-0.296955],[-0.454226,-0.844134,-0.284808],[-0.14448,0.385258,-0.911428]]],"btipPosition":[32.0732,202.867,-4.64711],"carpPosition":[56.896,212.972,51.0465],"dipPosition":[29.3657,210.087,-21.7273],"direction":[-0.166606,-0.824062,0.541447],"extended":false,"handId":701,"id":7012,"length":66.821,"mcpPosition":[56.2571,257.863,-2.1053],"pipPosition":[34.0903,233.455,-37.0815],"stabilizedTipPosition":[12.2156,182.146,30.754],"timeVisible":36.5606,"tipPosition":[31.6797,204.318,-7.66995],"tipVelocity":[199.37,302.231,-288.079],"tool":false,"touchDistance":0.333333,"touchZone":"none","type":2,"width":18.9446},{"bases":[[[0.832428,-0.499733,-0.239438],[0.538187,0.626194,0.564124],[-0.131977,-0.598455,0.790211]],[[0.835086,-0.486682,-0.256459],[0.217466,0.720265,-0.658731],[0.505311,0.494326,0.70732]],[[0.835086,-0.486682,-0.256459],[-0.480607,-0.418604,-0.770576],[0.267671,0.766754,-0.583473]],[[0.835086,-0.486682,-0.256459],[-0.544533,-0.797552,-0.259603],[-0.0781956,0.356442,-0.93104]]],"btipPosition":[47.8254,197.266,-0.307263],"carpPosition":[68.0334,209.731,47.1039],"dipPosition":[46.3684,203.907,-17.6547],"direction":[-0.267671,-0.766754,0.583473],"extended":false,"handId":701,"id":7013,"length":64.2502,"mcpPosition":[76.2775,247.114,-2.25798],"pipPosition":[53.7629,225.089,-33.7733],"stabilizedTipPosition":[30.9976,177.995,27.3701],"timeVisible":36.5606,"tipPosition":[47.7746,198.612,-3.45314],"tipVelocity":[200.387,310.487,-278.351],"tool":false,"touchDistance":0.333333,"touchZone":"none","type":3,"width":18.027},{"bases":[[[0.711115,-0.662188,-0.236266],[0.64732,0.485496,0.587598],[-0.274394,-0.570789,0.773891]],[[0.647553,-0.756926,-0.0879685],[0.528124,0.529011,-0.664253],[0.549326,0.383681,0.742314]],[[0.647553,-0.756926,-0.0879685],[-0.492896,-0.328016,-0.80589],[0.581143,0.565216,-0.585494]],[[0.647553,-0.756926,-0.0879685],[-0.744976,-0.604558,-0.281993],[0.160266,0.24814,-0.955375]]],"btipPosition":[58.8976,204.333,-2.1468],"carpPosition":[76.4907,200.146,40.9363],"dipPosition":[61.6524,208.598,-18.5688],"direction":[-0.581143,-0.565216,0.585494],"extended":false,"handId":701,"id":7014,"length":50.3709,"mcpPosition":[92.3574,233.151,-3.81373],"pipPosition":[72.9875,219.622,-29.9887],"stabilizedTipPosition":[45.3264,186.135,19.7294],"timeVisible":36.5606,"tipPosition":[59.6322,205.157,-5.19354],"tipVelocity":[201.555,321.006,-262.175],"tool":false,"touchDistance":0.333333,"touchZone":"none","type":4,"width":16.013}],"r":[[0.942856,-0.105125,0.316183],[0.0565595,0.985649,0.159051],[-0.328366,-0.132079,0.935271]],"s":0.886112,"t":[51.1221,14.4711,-94.8251],"timestamp":523939704560},false],[6,{"currentFrameRate":109.603,"devices":[],"gestures":[],"hands":[{"armBasis":[[0.885033,-0.139882,-0.444015],[0.322518,0.872045,0.36813],[0.335707,-0.46901,0.816903]],"armWidth":63.5437,"confidence":0.692391,"direction":[0.0707456,0.737404,-0.671737],"elbow":[152.313,73.5676,266.674],"grabStrength":0,"id":701,"palmNormal":[-0.322518,-0.620343,-0.714952],"palmPosition":[57.1681,238.918,8.94129],"palmVelocity":[157.103,309.682,-224.398],"palmWidth":90.7382,"pinchStrength":0.881245,"r":[[0.940767,-0.0992631,0.324199],[0.0477939,0.985461,0.163039],[-0.335669,-0.137887,0.931833]],"s":0.885401,"sphereCenter":[39.4128,230.297,-31.0659],"sphereRadius":45.2257,"stabilizedPalmPosition":[49.5789,224.111,25.9119],"t":[52.5165,17.4114,-96.8446],"timeVisible":36.5698,"type":"right","wrist":[61.9232,199.85,46.7205]}],"id":4300895,"interactionBox":{"center":[0,200,0],"size":[235.247,235.247,147.751]},"pointables":[{"bases":[[[0.682103,0.591211,0.430354],[-0.643032,0.204707,0.737973],[0.348202,-0.780105,0.519799]],[[0.483894,0.855492,0.184336],[-0.685561,0.239651,0.687439],[0.543923,-0.459022,0.702458]],[[0.483894,0.855492,0.184336],[-0.875101,0.47462,0.0945172],[-0.0066308,-0.207049,0.978308]],[[0.483894,0.855492,0.184336],[-0.384217,0.396935,-0.833559],[-0.786272,0.332529,0.520769]]],"btipPosition":[22.8734,220.378,-33.5596],"carpPosition":[31.3734,198.249,46.8262],"dipPosition":[4.52273,228.139,-21.4054],"direction":[0.0066308,0.207049,-0.978308],"extended":false,"handId":701,"id":7010,"length":51.9721,"mcpPosition":[31.3734,198.249,46.8262],"pipPosition":[4.29727,221.099,11.8583],"stabilizedTipPosition":[4.27796,205.448,-1.87019],"timeVisible":36.5698,"tipPosition":[19.0484,222.007,-30.4802],"tipVelocity":[196.088,314.55,-270.767],"tool":false,"touchDistance":-0.596314,"touchZone":"touching","type":0,"width":20.194},{"bases":[[[0.942394,-0.139622,-0.303972],[0.305786,0.727969,0.613641],[0.135605,-0.671242,0.728729]],[[0.950381,-0.194667,-0.242652],[0.293633,0.818946,0.493059],[0.102736,-0.539845,0.835472]],[[0.950381,-0.194667,-0.242652],[0.268441,0.907369,0.323452],[0.157209,-0.37254,0.914603]],[[0.950381,-0.194667,-0.242652],[0.242492,0.952182,0.185869],[0.194866,-0.235488,0.952141]]],"btipPosition":[24.5493,301.432,-75.4871],"carpPosition":[46.0092,216.065,52.0394],"dipPosition":[27.8695,297.42,-59.2642],"direction":[-0.157209,0.37254,-0.914603],"extended":true,"handId":701,"id":7011,"length":58.6448,"mcpPosition":[36.0604,265.311,-1.42452],"pipPosition":[31.6588,288.44,-37.219],"stabilizedTipPosition":[14.678,282.337,-46.7322],"timeVisible":36.5698,"tipPosition":[24.8192,299.544,-72.08],"tipVelocity":[201.133,330.383,-228.158],"tool":false,"touchDistance":-0.575018,"touchZone":"touching","type":1,"width":19.2893},{"bases":[[[0.886021,-0.351067,-0.302851],[0.46361,0.678971,0.569267],[0.00577593,-0.644787,0.76434]],[[0.885934,-0.365157,-0.285975],[0.122715,0.779145,-0.614714],[0.447284,0.509502,0.735082]],[[0.885934,-0.365157,-0.285975],[-0.432519,-0.427794,-0.793675],[0.167478,0.826833,-0.536934]],[[0.885934,-0.365157,-0.285975],[-0.443526,-0.84734,-0.29206],[-0.13567,0.385583,-0.912644]]],"btipPosition":[33.7877,205.697,-7.22233],"carpPosition":[57.896,215.999,48.9606],"dipPosition":[31.2453,212.923,-24.3253],"direction":[-0.167478,-0.826833,0.536934],"extended":false,"handId":701,"id":7012,"length":66.821,"mcpPosition":[57.4941,260.86,-4.21833],"pipPosition":[35.9945,236.37,-39.5515],"stabilizedTipPosition":[14.7495,185.19,25.694],"timeVisible":36.5698,"tipPosition":[33.4262,207.146,-10.2366],"tipVelocity":[196.722,303.533,-285.719],"tool":false,"touchDistance":0.333333,"touchZone":"none","type":2,"width":18.9446},{"bases":[[[0.839727,-0.492305,-0.229117],[0.525675,0.631253,0.57025],[-0.136106,-0.599296,0.788872]],[[0.842557,-0.478797,-0.246679],[0.223605,0.72761,-0.648524],[0.489998,0.49126,0.720115]],[[0.842557,-0.478797,-0.246679],[-0.464631,-0.414471,-0.782517],[0.272425,0.77393,-0.571679]],[[0.842557,-0.478797,-0.246679],[-0.534444,-0.800036,-0.2726],[-0.0668322,0.361518,-0.929967]]],"btipPosition":[49.4981,200.288,-3.08903],"carpPosition":[69.1089,212.856,45.1544],"dipPosition":[48.2529,207.024,-20.4164],"direction":[-0.272425,-0.77393,0.571679],"extended":false,"handId":701,"id":7013,"length":64.2502,"mcpPosition":[77.611,250.292,-4.12386],"pipPosition":[55.7787,228.404,-36.2093],"stabilizedTipPosition":[33.9115,181.809,21.8597],"timeVisible":36.5698,"tipPosition":[49.4876,201.644,-6.11119],"tipVelocity":[196.51,315.923,-284.697],"tool":false,"touchDistance":0.333333,"touchZone":"none","type":3,"width":18.027},{"bases":[[[0.719853,-0.655847,-0.227325],[0.63578,0.491554,0.595112],[-0.278559,-0.572922,0.770821]],[[0.655293,-0.751167,-0.0796196],[0.532338,0.534016,-0.656843],[0.535917,0.38804,0.749812]],[[0.655293,-0.751167,-0.0796196],[-0.479105,-0.331821,-0.812621],[0.583995,0.570651,-0.577328]],[[0.655293,-0.751167,-0.0796196],[-0.735889,-0.611046,-0.291702],[0.170466,0.249742,-0.95319]]],"btipPosition":[60.6157,207.368,-4.27256],"carpPosition":[77.7261,203.345,39.0943],"dipPosition":[63.5459,211.661,-20.657],"direction":[-0.583995,-0.570651,0.577328],"extended":false,"handId":701,"id":7014,"length":50.3709,"mcpPosition":[93.8337,236.474,-5.47824],"pipPosition":[74.9365,222.792,-31.9176],"stabilizedTipPosition":[48.5209,190.582,14.1721],"timeVisible":36.5698,"tipPosition":[61.3789,208.202,-7.31311],"tipVelocity":[198.476,323.447,-252.998],"tool":false,"touchDistance":0.333333,"touchZone":"none","type":4,"width":16.013}],"r":[[0.940767,-0.0992631,0.324199],[0.0477939,0.985461,0.163039],[-0.335669,-0.137887,0.931833]],"s":0.885401,"t":[52.5165,17.4114,-96.8446],"timestamp":523939713787},false],[7,{"currentFrameRate":109.736,"devices":[],"gestures":[],"hands":[{"armBasis":[[0.894335,-0.137201,-0.425842],[0.311709,0.873865