{"sensorType":"Leap","data":[[0,{"currentFrameRate":108.456,"devices":[],"gestures":[],"hands":[{"armBasis":[[0.896512,-0.119478,-0.426604],[0.312936,0.852401,0.418908],[0.313587,-0.509056,0.801576]],"armWidth":63.5437,"confidence":0.598897,"direction":[0.0931285,0.761615,-0.641303],"elbow":[153.24,79.6251,271.06],"grabStrength":0,"id":701,"palmNormal":[-0.301223,-0.592366,-0.74724],"palmPosition":[65.3092,257.149,18.8039],"palmVelocity":[44.5829,257.783,-194.794],"palmWidth":90.7382,"pinchStrength":0.855449,"r":[[0.917829,-0.116069,0.379628],[0.0391389,0.9781,0.204422],[-0.395041,-0.172766,0.902272]],"s":0.893349,"sphereCenter":[44.6313,251.909,-20.655],"sphereRadius":45.5779,"stabilizedPalmPosition":[66.0621,231.902,59.6236],"t":[61.695,36.06,-87.2498],"timeVisible":18.0862,"type":"right","wrist":[68.8058,216.69,55.233]}],"id":4298896,"interactionBox":{"center":[0,200,0],"size":[235.247,235.247,147.751]},"pointables":[{"bases":[[[0.669467,0.572709,0.473095],[-0.66538,0.179154,0.724689],[0.330278,-0.799943,0.501007]],[[0.465483,0.858508,0.21515],[-0.711214,0.218144,0.668272],[0.526783,-0.464087,0.712125]],[[0.465483,0.858508,0.21515],[-0.884613,0.458995,0.082366],[-0.0280409,-0.228665,0.973101]],[[0.465483,0.858508,0.21515],[-0.422821,0.429263,-0.798095],[-0.777527,0.280529,0.56281]]],"btipPosition":[31.1416,239.511,-27.3438],"carpPosition":[38.2646,215.181,54.3274],"dipPosition":[12.9951,246.058,-14.2085],"direction":[0.0280409,0.228665,-0.973101],"extended":false,"handId":701,"id":7010,"length":51.9721,"mcpPosition":[38.2646,215.181,54.3274],"pipPosition":[12.0416,238.283,18.8782],"stabilizedTipPosition":[24.9549,218.705,25.3959],"timeVisible":18.0862,"tipPosition":[27.4981,240.781,-23.6611],"tipVelocity":[74.6072,258.895,-234.448],"tool":false,"touchDistance":-0.555535,"touchZone":"hovering","type":0,"width":20.194},{"bases":[[[0.95116,-0.131157,-0.279452],[0.287872,0.703732,0.649532],[0.111468,-0.698255,0.707118]],[[0.95279,-0.14209,-0.26833],[0.271848,0.792833,0.545449],[0.135238,-0.592643,0.794031]],[[0.95279,-0.14209,-0.26833],[0.234844,0.905027,0.354647],[0.192454,-0.40092,0.89567]],[[0.95279,-0.14209,-0.26833],[0.198434,0.960298,0.196091],[0.229814,-0.240079,0.943158]]],"btipPosition":[30.2383,323.119,-62.9028],"carpPosition":[52.7648,232.746,60.6532],"dipPosition":[34.1539,319.028,-46.833],"direction":[-0.192454,0.40092,-0.89567],"extended":true,"handId":701,"id":7011,"length":58.6448,"mcpPosition":[44.5868,283.974,8.77484],"pipPosition":[38.7928,309.365,-25.2442],"stabilizedTipPosition":[30.3431,301.921,-32.6483],"timeVisible":18.0862,"tipPosition":[30.6697,322.055,-59.1528],"tipVelocity":[54.9955,262.638,-192.658],"tool":false,"touchDistance":-0.545548,"touchZone":"touching","type":1,"width":19.2893},{"bases":[[[0.894369,-0.342323,-0.287956],[0.44691,0.655926,0.608303],[-0.0193585,-0.672738,0.739628]],[[0.893685,-0.357743,-0.270825],[0.139442,0.795135,-0.590183],[0.426477,0.489673,0.760485]],[[0.893685,-0.357743,-0.270825],[-0.402544,-0.372622,-0.836129],[0.198204,0.856255,-0.477014]],[[0.893685,-0.357743,-0.270825],[-0.440921,-0.812054,-0.382304],[-0.083158,0.461072,-0.883457]]],"btipPosition":[41.527,223.104,0.0151772],"carpPosition":[64.7419,232.757,57.9459],"dipPosition":[39.9687,231.744,-16.5408],"direction":[-0.198204,-0.856255,0.477014],"extended":false,"handId":701,"id":7012,"length":66.821,"mcpPosition":[66.0887,279.563,6.48641],"pipPosition":[45.5893,256.026,-30.0678],"stabilizedTipPosition":[35.0897,202.175,41.2315],"timeVisible":18.0862,"tipPosition":[41.3661,225.069,-3.10746],"tipVelocity":[75.7568,256.027,-245.896],"tool":false,"touchDistance":0.333333,"touchZone":"none","type":2,"width":18.9446},{"bases":[[[0.845521,-0.486057,-0.221006],[0.508822,0.608013,0.609443],[-0.161849,-0.62775,0.761403]],[[0.851649,-0.458867,-0.253249],[0.223143,0.754669,-0.616994],[0.474237,0.468952,0.745106]],[[0.851649,-0.458867,-0.253249],[-0.437237,-0.355604,-0.826056],[0.288993,0.81424,-0.503484]],[[0.851649,-0.458867,-0.253249],[-0.523511,-0.767908,-0.369124],[-0.025093,0.446943,-0.89421]]],"btipPosition":[57.5263,217.221,4.18541],"carpPosition":[76.0622,229.723,54.3765],"dipPosition":[57.0587,225.549,-12.4758],"direction":[-0.288993,-0.81424,0.503484],"extended":false,"handId":701,"id":7013,"length":64.2502,"mcpPosition":[86.1724,268.937,6.81423],"pipPosition":[65.0423,248.042,-26.3847],"stabilizedTipPosition":[50.6638,195.057,42.3277],"timeVisible":18.0862,"tipPosition":[57.5981,219.026,1.16413],"tipVelocity":[79.976,263.35,-231.874],"tool":false,"touchDistance":0.333333,"touchZone":"none","type":3,"width":18.027},{"bases":[[[0.725333,-0.64918,-0.229036],[0.617826,0.467146,0.632507],[-0.303618,-0.600283,0.739917]],[[0.655053,-0.750744,-0.0853767],[0.555011,0.554759,-0.619842],[0.512706,0.358645,0.780068]],[[0.655053,-0.750744,-0.0853767],[-0.427088,-0.274681,-0.861479],[0.623299,0.600778,-0.500564]],[[0.655053,-0.750744,-0.0853767],[-0.713987,-0.578053,-0.395066],[0.247241,0.319747,-0.914677]]],"btipPosition":[67.9168,225.268,3.43223],"carpPosition":[84.846,220.417,48.2381],"dipPosition":[72.1667,230.764,-12.2902],"direction":[-0.623299,-0.600778,0.500564],"extended":false,"handId":701,"id":7014,"length":50.3709,"mcpPosition":[102.403,255.128,5.45266],"pipPosition":[84.3239,242.482,-22.0536],"stabilizedTipPosition":[63.3895,201.527,39.8952],"timeVisible":18.0862,"tipPosition":[68.9872,226.428,0.498834],"tipVelocity":[77.7459,270.912,-220.305],"tool":false,"touchDistance":0.333333,"touchZone":"none","type":4,"width":16.013}],"r":[[0.917829,-0.116069,0.379628],[0.0391389,0.9781,0.204422],[-0.395041,-0.172766,0.902272]],"s":0.893349,"t":[61.695,36.06,-87.2498],"timestamp":523921230118},false],[1,{"currentFrameRate":108.651,"devices":[],"gestures":[],"hands":[{"armBasis":[[0.900564,-0.118487,-0.418264],[0.306498,0.855372,0.41761],[0.30829,-0.504281,0.806633]],"armWidth":63.5437,"confidence":0.579222,"direction":[0.09101,0.761455,-0.641797],"elbow":[152.319,82.6787,271.303],"grabStrength":0,"id":701,"palmNormal":[-0.295185,-0.594881,-0.747651],"palmPosition":[65.7105,258.857,17.6293],"palmVelocity":[44.785,240.236,-177.976],"palmWidth":90.7382,"pinchStrength":0.861042,"r":[[0.916718,-0.111178,0.383756],[0.0319379,0.977822,0.206991],[-0.398257,-0.177495,0.899937]],"s":0.892392,"sphereCenter":[45.2741,253.375,-21.9774],"sphereRadius":45.5649,"stabilizedPalmPosition":[66.0379,233.754,56.7382],"t":[62.0742,38.1753,-88.7129],"timeVisible":18.095,"type":"right","wrist":[69.3111,218.458,54.1143]}],"id":4298897,"interactionBox":{"center":[0,200,0],"size":[235.247,235.247,147.751]},"pointables":[{"bases":[[[0.664499,0.577048,0.474823],[-0.668943,0.176099,0.722153],[0.333101,-0.797499,0.50303]],[[0.460888,0.860495,0.217095],[-0.714981,0.215119,0.665227],[0.525723,-0.461814,0.714383]],[[0.460888,0.860495,0.217095],[-0.887081,0.453827,0.0844312],[-0.0258711,-0.231494,0.972492]],[[0.460888,0.860495,0.217095],[-0.420217,0.427067,-0.800644],[-0.781664,0.27778,0.558425]]],"btipPosition":[31.7351,241.15,-28.5575],"carpPosition":[38.7825,216.773,53.103],"dipPosition":[13.492,247.633,-15.5246],"direction":[0.0258711,0.231494,-0.972492],"extended":false,"handId":701,"id":7010,"length":51.9721,"mcpPosition":[38.7825,216.773,53.103],"pipPosition":[12.6123,239.762,17.5414],"stabilizedTipPosition":[25.0487,219.574,23.5469],"timeVisible":18.095,"tipPosition":[28.0634,242.355,-24.955],"tipVelocity":[71.8771,238.465,-208.809],"tool":false,"touchDistance":-0.546874,"touchZone":"hovering","type":0,"width":20.194},{"bases":[[[0.952874,-0.125987,-0.275967],[0.28154,0.706064,0.649776],[0.112987,-0.696851,0.708261]],[[0.954545,-0.137016,-0.264707],[0.265342,0.795175,0.545243],[0.135781,-0.590697,0.795387]],[[0.954545,-0.137016,-0.264707],[0.228369,0.906904,0.354081],[0.191549,-0.398438,0.896971]],[[0.954545,-0.137016,-0.264707],[0.192201,0.96173,0.19528],[0.22782,-0.237281,0.944349]]],"btipPosition":[30.5539,324.506,-64.289],"carpPosition":[53.1592,234.427,59.4607],"dipPosition":[34.4355,320.463,-48.1989],"direction":[-0.191549,0.398438,-0.896971],"extended":true,"handId":701,"id":7011,"length":58.6448,"mcpPosition":[44.8699,285.552,7.49845],"pipPosition":[39.0525,310.86,-26.5787],"stabilizedTipPosition":[30.4645,304.303,-35.7213],"timeVisible":18.095,"tipPosition":[30.9887,323.466,-60.5306],"tipVelocity":[49.517,234.292,-182.745],"tool":false,"touchDistance":-0.540049,"touchZone":"touching","type":1,"width":19.2893},{"bases":[[[0.897328,-0.337485,-0.284441],[0.440993,0.659129,0.609158],[-0.018098,-0.672052,0.740283]],[[0.896673,-0.352879,-0.267309],[0.139439,0.79822,-0.586005],[0.420161,0.488181,0.764947]],[[0.896673,-0.352879,-0.267309],[-0.396208,-0.370343,-0.840158],[0.197478,0.859257,-0.47189]],[[0.896673,-0.352879,-0.267309],[-0.435256,-0.812971,-0.386822],[-0.0808133,0.463201,-0.882561]]],"btipPosition":[42.1232,224.75,-1.55747],"carpPosition":[65.1455,234.504,56.7955],"dipPosition":[40.6088,233.43,-18.0967],"direction":[-0.197478,-0.859257,0.47189],"extended":false,"handId":701,"id":7012,"length":66.821,"mcpPosition":[66.4046,281.262,5.29033],"pipPosition":[46.2088,257.797,-31.4784],"stabilizedTipPosition":[35.3652,203.187,39.3111],"timeVisible":18.095,"tipPosition":[41.9756,226.692,-4.61177],"tipVelocity":[73.7868,237.331,-227.296],"tool":false,"touchDistance":0.333333,"touchZone":"none","type":2,"width":18.9446},{"bases":[[[0.84907,-0.481425,-0.217509],[0.503175,0.611573,0.610568],[-0.16092,-0.62786,0.76151]],[[0.855163,-0.454196,-0.249804],[0.221209,0.755596,-0.616556],[0.468788,0.471997,0.74663]],[[0.855163,-0.454196,-0.249804],[-0.432092,-0.358396,-0.827556],[0.286344,0.815634,-0.502741]],[[0.855163,-0.454196,-0.249804],[-0.51779,-0.771063,-0.370615],[-0.0242828,0.446283,-0.894562]]],"btipPosition":[58.2025,218.874,2.98956],"carpPosition":[76.4955,231.532,53.2692],"dipPosition":[57.75,227.19,-13.6782],"direction":[-0.286344,-0.815634,0.502741],"extended":false,"handId":701,"id":7013,"length":64.2502,"mcpPosition":[86.5477,270.752,5.70021],"pipPosition":[65.6604,249.722,-27.5666],"stabilizedTipPosition":[51.0868,196.521,39.871],"timeVisible":18.095,"tipPosition":[58.2723,220.679,-0.0427345],"tipVelocity":[79.1092,242.527,-205.711],"tool":false,"touchDistance":0.333333,"touchZone":"none","type":3,"width":18.027},{"bases":[[[0.72985,-0.645245,-0.225784],[0.612904,0.47136,0.634167],[-0.302768,-0.601231,0.739495]],[[0.659345,-0.747386,-0.0817241],[0.556281,0.558078,-0.615711],[0.505782,0.360504,0.783722]],[[0.659345,-0.747386,-0.0817241],[-0.420053,-0.276041,-0.864498],[0.623554,0.604331,-0.495948]],[[0.659345,-0.747386,-0.0817241],[-0.70882,-0.581691,-0.399011],[0.250677,0.321013,-0.913297]]],"btipPosition":[68.556,227.019,2.14756],"carpPosition":[85.3542,222.27,47.1717],"dipPosition":[72.8649,232.537,-13.5512],"direction":[-0.623554,-0.604331,0.495948],"extended":false,"handId":701,"id":7014,"length":50.3709,"mcpPosition":[102.862,257.036,4.41061],"pipPosition":[85.0271,244.324,-23.2245],"stabilizedTipPosition":[63.833,203.455,36.9161],"timeVisible":18.095,"tipPosition":[69.6314,228.174,-0.761369],"tipVelocity":[76.6583,251.258,-199.778],"tool":false,"touchDistance":0.333333,"touchZone":"none","type":4,"width":16.013}],"r":[[0.916718,-0.111178,0.383756],[0.0319379,0.977822,0.206991],[-0.398257,-0.177495,0.899937]],"s":0.892392,"t":[62.0742,38.1753,-88.7129],"timestamp":523921238971},false],[2,{"currentFrameRate":108.737,"devices":[],"gestures":[],"hands":[{"armBasis":[[0.904765,-0.109639,-0.411557],[0.296735,0.855448,0.42445],[0.30553,-0.506151,0.806513]],"armWidth":63.5437,"confidence":0.585821,"direction":[0.084181,0.759169,-0.645427],"elbow":[152.29,83.9646,270.683],"grabStrength":0,"id":701,"palmNormal":[-0.287046,-0.601794,-0.745284],"palmPosition":[66.0678,260.421,16.8314],"palmVelocity":[43.3324,221.691,-153.234],"palmWidth":90.7382,"pinchStrength":0.860445,"r":[[0.915849,-0.104903,0.387576],[0.0239593,0.977826,0.208046],[-0.400806,-0.181252,0.898054]],"s":0.891293,"sphereCenter":[45.911,254.389,-22.9134],"sphereRadius":45.5357,"stabilizedPalmPosition":[66.0404,235.921,53.4951],"t":[62.4424,40.015,-89.8435],"timeVisible":18.1041,"type":"right","wrist":[70.0248,220.247,53.5273]}],"id":4298898,"interactionBox":{"center":[0,200,0],"size":[235.247,235.247,147.751]},"pointables":[{"bases":[[[0.65714,0.586602,0.473355],[-0.672425,0.172448,0.719796],[0.340605,-0.791302,0.507769]],[[0.45339,0.864643,0.216402],[-0.719044,0.211346,0.662048],[0.526699,-0.455769,0.717539]],[[0.45339,0.864643,0.216402],[-0.891111,0.444876,0.089475],[-0.0189082,-0.233406,0.972196]],[[0.45339,0.864643,0.216402],[-0.423853,0.422735,-0.801026],[-0.784083,0.271455,0.558146]]],"btipPosition":[32.2423,242.514,-29.343],"carpPosition":[39.5186,218.226,52.458],"dipPosition":[13.9427,248.85,-16.3165],"direction":[0.0189082,0.233406,-0.972196],"extended":false,"handId":701,"id":7010,"length":51.9721,"mcpPosition":[39.5186,218.226,52.458],"pipPosition":[13.2998,240.914,16.7393],"stabilizedTipPosition":[25.1822,220.665,21.3144],"timeVisible":18.1041,"tipPosition":[28.562,243.577,-25.7932],"tipVelocity":[67.1279,213.286,-175.233],"tool":false,"touchDistance":-0.532324,"touchZone":"hovering","type":0,"width":20.194},{"bases":[[[0.954799,-0.117019,-0.27325],[0.272414,0.71233,0.646821],[0.118954,-0.692021,0.712009]],[[0.956578,-0.128062,-0.261839],[0.255456,0.800923,0.541539],[0.140362,-0.584913,0.798859]],[[0.956578,-0.128062,-0.261839],[0.217702,0.911232,0.349661],[0.193818,-0.391481,0.899543]],[[0.956578,-0.128062,-0.261839],[0.181301,0.964806,0.190474],[0.228231,-0.229674,0.946129]]],"btipPosition":[30.3877,325.246,-65.5078],"carpPosition":[53.6888,236.066,58.758],"dipPosition":[34.2764,321.333,-49.3873],"direction":[-0.193818,0.391481,-0.899543],"extended":true,"handId":701,"id":7011,"length":58.6448,"mcpPosition":[44.9616,286.837,6.52072],"pipPosition":[38.948,311.897,-27.7052],"stabilizedTipPosition":[30.5628,306.712,-38.8565],"timeVisible":18.1041,"tipPosition":[30.8353,324.244,-61.7386],"tipVelocity":[30.8482,193.17,-169.308],"tool":false,"touchDistance":-0.532554,"touchZone":"touching","type":1,"width":19.2893},{"bases":[[[0.901568,-0.329147,-0.28078],[0.432458,0.666925,0.606788],[-0.0124631,-0.668486,0.743621]],[[0.901042,-0.344453,-0.263582],[0.133956,0.798998,-0.586224],[0.412528,0.492904,0.766072]],[[0.901042,-0.344453,-0.263582],[-0.389365,-0.374626,-0.841457],[0.191098,0.860818,-0.471672]],[[0.901042,-0.344453,-0.263582],[-0.425823,-0.818045,-0.386623],[-0.0824481,0.460603,-0.883769]]],"btipPosition":[42.8436,226.036,-2.50423],"carpPosition":[65.6794,236.261,56.1185],"dipPosition":[41.2985,234.667,-19.0661],"direction":[-0.191098,-0.860818,0.471672],"extended":false,"handId":701,"id":7012,"length":66.821,"mcpPosition":[66.5466,282.771,4.38121],"pipPosition":[46.7176,259.078,-32.4416],"stabilizedTipPosition":[35.7093,204.387,37.1074],"timeVisible":18.1041,"tipPosition":[42.6896,227.948,-5.5255],"tipVelocity":[75.1914,210.753,-193.655],"tool":false,"touchDistance":0.333333,"touchZone":"none","type":2,"width":18.9446},{"bases":[[[0.854725,-0.473265,-0.213227],[0.495148,0.620055,0.608572],[-0.155803,-0.625741,0.764313]],[[0.860607,-0.446067,-0.245725],[0.217694,0.758421,-0.614335],[0.460397,0.475208,0.749808]],[[0.860607,-0.446067,-0.245725],[-0.42425,-0.361039,-0.83046],[0.281724,0.818948,-0.499956]],[[0.860607,-0.446067,-0.245725],[-0.508669,-0.776343,-0.37222],[-0.024732,0.445328,-0.895026]]],"btipPosition":[58.9661,220.387,1.96739],"carpPosition":[77.0689,233.394,52.632],"dipPosition":[58.5053,228.685,-14.709],"direction":[-0.281724,-0.818948,0.499956],"extended":false,"handId":701,"id":7013,"length":64.2502,"mcpPosition":[86.8014,272.482,4.88797],"pipPosition":[66.288,251.308,-28.5204],"stabilizedTipPosition":[51.6113,198.26,37.0551],"timeVisible":18.1041,"tipPosition":[59.0386,222.166,-0.992103],"tipVelocity":[80.5202,221.661,-180.221],"tool":false,"touchDistance":0.333333,"touchZone":"none","type":3,"width":18.027},{"bases":[[[0.737307,-0.638409,-0.220937],[0.606338,0.481162,0.633118],[-0.297882,-0.600764,0.741855]],[[0.667415,-0.740777,-0.0762031],[0.553072,0.561604,-0.615396],[0.498667,0.368579,0.784526]],[[0.667415,-0.740777,-0.0762031],[-0.413452,-0.283497,-0.865267],[0.619366,0.608998,-0.495486]],[[0.667415,-0.740777,-0.0762031],[-0.701249,-0.590749,-0.399081],[0.250613,0.31979,-0.913744]]],"btipPosition":[69.294,228.565,1.41039],"carpPosition":[86.0411,224.198,46.6007],"dipPosition":[73.6018,234.062,-14.296],"direction":[-0.619366,-0.608998,0.495486],"extended":false,"handId":701,"id":7014,"length":50.3709,"mcpPosition":[103.266,258.937,3.7031],"pipPosition":[85.6824,245.941,-23.9603],"stabilizedTipPosition":[64.3861,205.716,33.563],"timeVisible":18.1041,"tipPosition":[70.3631,229.715,-1.49424],"tipVelocity":[78.0171,228.989,-167.229],"tool":false,"touchDistance":0.333333,"touchZone":"none","type":4,"width":16.013}],"r":[[0.915849,-0.104903,0.387576],[0.0239593,0.977826,0.208046],[-0.400806,-0.181252,0.898054]],"s":0.891293,"t":[62.4424,40.015,-89.8435],"timestamp":523921248014},false],[3,{"currentFrameRate":108.793,"devices":[],"gestures":[],"hands":[{"armBasis":[[0.908499,-0.103195,-0.404944],[0.287844,0.857024,0.427381],[0.302943,-0.504836,0.80831]],"armWidth":63.5437,"confidence":0.586642,"direction":[0.0768945,0.75479,-0.651444],"elbow":[152.228,85.7919,270.813],"grabStrength":0,"id":701,"palmNormal":[-0.280057,-0.610723,-0.740666],"palmPosition":[66.3205,261.555,16.1521],"palmVelocity":[39.0289,194.832,-131.492],"palmWidth":90.7382,"pinchStrength":0.855745,"r":[[0.915243,-0.0973604,0.390963],[0.015504,0.978156,0.207293],[-0.402605,-0.183661,0.89676]],"s":0.89017,"sphereCenter":[46.4507,254.835,-23.6942],"sphereRadius":45.4985,"stabilizedPalmPosition":[66.0661,238.275,50.0663],"t":[62.7529,41.5017,-90.7484],"timeVisible":18.1132,"type":"right","wrist":[70.6602,221.721,53.1737]}],"id":4298899,"interactionBox":{"center":[0,200,0],"size":[235.247,235.247,147.751]},"pointables":[{"bases":[[[0.650548,0.5972,0.46919],[-0.674871,0.171219,0.717798],[0.348334,-0.783605,0.514419]],[[0.447231,0.868615,0.21329],[-0.723224,0.210891,0.657626],[0.526243,-0.448367,0.72252]],[[0.447231,0.868615,0.21329],[-0.894367,0.43686,0.0962306],[-0.00959078,-0.233797,0.972238]],[[0.447231,0.868615,0.21329],[-0.430597,0.418111,-0.799856],[-0.783946,0.265878,0.561015]]],"btipPosition":[32.6041,243.437,-30.0233],"carpPosition":[40.1777,219.373,52.0941],"dipPosition":[14.3077,249.642,-16.9299],"direction":[0.00959078,0.233797,-0.972238],"extended":false,"handId":701,"id":7010,"length":51.9721,"mcpPosition":[40.1777,219.373,52.0941],"pipPosition":[13.9816,241.692,16.1274],"stabilizedTipPosition":[25.3494,221.924,18.7998],"timeVisible":18.1132,"tipPosition":[28.9102,244.338,-26.473],"tipVelocity":[59.5825,181.406,-146.961],"tool":false,"touchDistance":-0.517399,"touchZone":"hovering","type":0,"width":20.194},{"bases":[[[0.956225,-0.109265,-0.271467],[0.26437,0.720305,0.641303],[0.125467,-0.684998,0.71766]],[[0.958114,-0.120234,-0.259926],[0.246594,0.807886,0.535267],[0.145633,-0.576943,0.803696]],[[0.958114,-0.120234,-0.259926],[0.207901,0.916214,0.342533],[0.196963,-0.382225,0.902834]],[[0.958114,-0.120234,-0.259926],[0.17112,0.968117,0.182942],[0.229642,-0.219758,0.948141]]],"btipPosition":[30.0508,325.341,-66.7387],"carpPosition":[54.1555,237.41,58.2625],"dipPosition":[33.9635,321.597,-50.5839],"direction":[-0.196963,0.382225,-0.902834],"extended":true,"handId":701,"id":7011,"length":58.6448,"mcpPosition":[44.9505,287.666,5.61068],"pipPosition":[38.711,312.384,-28.8225],"stabilizedTipPosition":[30.6087,308.814,-41.7145],"timeVisible":18.1132,"tipPosition":[30.5076,324.375,-62.9613],"tipVelocity":[12.2124,143.761,-159.677],"tool":false,"touchDistance":-0.525977,"touchZone":"touching","type":1,"width":19.2893},{"bases":[[[0.905212,-0.321989,-0.277335],[0.424915,0.676249,0.601776],[-0.00621781,-0.662579,0.748967]],[[0.904829,-0.337155,-0.260022],[0.127595,0.797353,-0.589871],[0.406207,0.500555,0.764487]],[[0.904829,-0.337155,-0.260022],[-0.383964,-0.382219,-0.840524],[0.184001,0.860369,-0.475299]],[[0.904829,-0.337155,-0.260022],[-0.417135,-0.824366,-0.382648],[-0.0853414,0.454695,-0.886549]]],"btipPosition":[43.4348,226.828,-3.13152],"carpPosition":[66.146,237.708,55.6321],"dipPosition":[41.8355,235.349,-19.7454],"direction":[-0.184001,-0.860369,0.475299],"extended":false,"handId":701,"id":7012,"length":66.821,"mcpPosition":[66.5786,283.807,3.52279],"pipPosition":[47.0534,259.747,-33.2238],"stabilizedTipPosition":[36.1071,205.706,34.7252],"timeVisible":18.1132,"tipPosition":[43.268,228.707,-6.14337],"tipVelocity":[72.0004,175.748,-159.499],"tool":false,"touchDistance":0.333333,"touchZone":"none","type":2,"width":18.9446},{"bases":[[[0.859806,-0.46604,-0.208666],[0.488088,0.63005,0.603993],[-0.150015,-0.621164,0.769189]],[[0.865435,-0.439046,-0.241373],[0.213619,0.759128,-0.614892],[0.453199,0.480587,0.750764]],[[0.865435,-0.439046,-0.241373],[-0.41767,-0.366134,-0.831563],[0.276719,0.820479,-0.500241]],[[0.865435,-0.439046,-0.241373],[-0.500338,-0.782493,-0.370631],[-0.026149,0.441525,-0.896868]]],"btipPosition":[59.5889,221.429,1.20905],"carpPosition":[77.568,234.932,52.1787],"dipPosition":[59.1017,229.655,-15.5017],"direction":[-0.276719,-0.820478,0.500241],"extended":false,"handId":701,"id":7013,"length":64.2502,"mcpPosition":[86.9389,273.734,4.13002],"pipPosition":[66.7462,252.321,-29.321],"stabilizedTipPosition":[52.2122,200.175,34.0228],"timeVisible":18.1132,"tipPosition":[59.6598,223.175,-1.69947],"tipVelocity":[77.0102,191.502,-153.653],"tool":false,"touchDistance":0.333333,"touchZone":"none","type":3,"width":18.027},{"bases":[[[0.74412,-0.632454,-0.215147],[0.600694,0.492524,0.629752],[-0.292324,-0.597849,0.746407]],[[0.67489,-0.73467,-0.0691697],[0.550535,0.563711,-0.615745],[0.491361,0.37748,0.784904]],[[0.67489,-0.73467,-0.0691697],[-0.40657,-0.291981,-0.865706],[0.615812,0.612379,-0.49575]],[[0.67489,-0.73467,-0.0691697],[-0.694043,-0.600127,-0.397682],[0.250654,0.316398,-0.914912]]],"btipPosition":[69.8989,229.659,0.787776],"carpPosition":[86.6411,225.782,46.2294],"dipPosition":[74.2074,235.098,-14.9387],"direction":[-0.615812,-0.612379,0.49575],"extended":false,"handId":701,"id":7014,"length":50.3709,"mcpPosition":[103.545,260.353,3.06858],"pipPosition":[86.2186,247.042,-24.6082],"stabilizedTipPosition":[65.0224,208.181,30.0023],"timeVisible":18.1132,"tipPosition":[70.9599,230.79,-2.09193],"tipVelocity":[74.8418,198.493,-140.024],"tool":false,"touchDistance":0.333333,"touchZone":"none","type":4,"width":16.013}],"r":[[0.915243,-0.0973604,0.390963],[0.015504,0.978156,0.207293],[-0.402605,-0.183661,0.89676]],"s":0.89017,"t":[62.7529,41.5017,-90.7484],"timestamp":523921257105},false],[4,{"currentFrameRate":108.934,"devices":[],"gestures":[],"hands":[{"armBasis":[[0.910954,-0.0960136,-0.401178],[0.280058,0.858001,0.430582],[0.30287,-0.504594,0.808489]],"armWidth":63.5437,"confidence":0.530163,"direction":[0.0713074,0.751141,-0.65628],"elbow":[152.695,87.0107,270.573],"grabStrength":0,"id":701,"palmNormal":[-0.273559,-0.617999,-0.73705],"palmPosition":[66.5162,262.425,15.5953],"palmVelocity":[34.3635,168.283,-112.643],"palmWidth":90.7382,"pinchStrength":0.849038,"r":[[0.914742,-0.0892128,0.394067],[0.0069683,0.978657,0.205383],[-0.403979,-0.185126,0.89584]],"s":0.889406,"sphereCenter":[46.9657,255.122,-24.3513],"sphereRadius":45.48,"stabilizedPalmPosition":[66.1166,240.987,46.1944],"t":[63.006,42.6801,-91.4792],"timeVisible":18.1221,"type":"right","wrist":[71.1463,222.874,52.8846]}],"id":4298900,"interactionBox":{"center":[0,200,0],"size":[235.247,235.247,147.751]},"pointables":[{"bases":[[[0.644576,0.605935,0.466224],[-0.677454,0.170017,0.715646],[0.354369,-0.777134,0.520082]],[[0.441895,0.871854,0.211184],[-0.728196,0.211144,0.652034],[0.523888,-0.441914,0.728185]],[[0.441895,0.871854,0.211184],[-0.897067,0.42954,0.103763],[-0.000245622,-0.235299,0.971923]],[[0.441895,0.871854,0.211184],[-0.437959,0.415129,-0.797408],[-0.782893,0.259881,0.56528]]],"btipPosition":[32.8885,244.186,-30.7133],"carpPosition":[40.6872,220.253,51.7749],"dipPosition":[14.6167,250.252,-17.5204],"direction":[0.000245622,0.235299,-0.971923],"extended":false,"handId":701,"id":7010,"length":51.9721,"mcpPosition":[40.6872,220.253,51.7749],"pipPosition":[14.6084,242.251,15.5262],"stabilizedTipPosition":[25.5646,223.45,15.8031],"timeVisible":18.1221,"tipPosition":[29.192,244.948,-27.1234],"tipVelocity":[52.195,153.857,-127.264],"tool":false,"touchDistance":-0.503999,"touchZone":"touching","type":0,"width":20.194},{"bases":[[[0.957564,-0.102676,-0.269313],[0.25707,0.726785,0.636945],[0.130334,-0.679148,0.722338]],[[0.959561,-0.113735,-0.2575],[0.238771,0.813347,0.530523],[0.149098,-0.570553,0.807613]],[[0.959561,-0.113735,-0.2575],[0.199694,0.919751,0.337907],[0.198404,-0.375664,0.905269]],[[0.959561,-0.113735,-0.2575],[0.162952,0.970325,0.178652],[0.22954,-0.213388,0.949619]]],"btipPosition":[29.8541,325.413,-67.7506],"carpPosition":[54.4973,238.452,57.8455],"dipPosition":[33.7651,321.778,-51.5707],"direction":[-0.198404,0.375664,-0.905269],"extended":true,"handId":701,"id":7011,"length":58.6448,"mcpPosition":[44.9352,288.278,4.85045],"pipPosition":[38.5473,312.723,-29.7505],"stabilizedTipPosition":[30.6241,310.494,-44.0924],"timeVisible":18.1221,"tipPosition":[30.3153,324.449,-63.9753],"tipVelocity":[2.86046,107.52,-146.869],"tool":false,"touchDistance":-0.516805,"touchZone":"touching","type":1,"width":19.2893},{"bases":[[[0.90842,-0.315872,-0.273858],[0.418055,0.683876,0.597949],[-0.00159053,-0.657677,0.753299]],[[0.908143,-0.330921,-0.256451],[0.122615,0.795925,-0.592848],[0.400302,0.506946,0.76339]],[[0.908143,-0.330921,-0.256451],[-0.378792,-0.388581,-0.839953],[0.178306,0.859939,-0.478238]],[[0.908143,-0.330921,-0.256451],[-0.409493,-0.829589,-0.379602],[-0.0871307,0.449748,-0.888895]]],"btipPosition":[43.9345,227.414,-3.65395],"carpPosition":[66.4887,238.838,55.231],"dipPosition":[42.3017,235.842,-20.3118],"direction":[-0.178306,-0.859939,0.478238],"extended":false,"handId":701,"id":7012,"length":66.821,"mcpPosition":[66.5994,284.595,2.82031],"pipPosition":[47.3581,260.228,-33.8736],"stabilizedTipPosition":[36.5356,207.066,32.2982],"timeVisible":18.1221,"tipPosition":[43.7579,229.266,-6.66462],"tipVelocity":[67.3951,145.069,-132.272],"tool":false,"touchDistance":0.333333,"touchZone":"none","type":2,"width":18.9446},{"bases":[[[0.864168,-0.45986,-0.20431],[0.481626,0.638247,0.600564],[-0.145775,-0.617389,0.773033]],[[0.869613,-0.433026,-0.237194],[0.207909,0.756904,-0.619573],[0.447825,0.489474,0.748244]],[[0.869613,-0.433026,-0.237194],[-0.413176,-0.37525,-0.829743],[0.270293,0.819558,-0.505238]],[[0.869613,-0.433026,-0.237194],[-0.492903,-0.789267,-0.366203],[-0.0286342,0.435369,-0.899797]]],"btipPosition":[60.1593,222.144,0.90817],"carpPosition":[77.9399,236.139,51.813],"dipPosition":[59.6258,230.256,-15.8571],"direction":[-0.270293,-0.819558,0.505238],"extended":false,"handId":701,"id":7013,"length":64.2502,"mcpPosition":[87.046,274.705,3.52422],"pipPosition":[67.0927,252.896,-29.8145],"stabilizedTipPosition":[52.8654,202.165,30.9364],"timeVisible":18.1221,"tipPosition":[60.2186,223.872,-2.01477],"tipVelocity":[73.1083,160.317,-121.328],"tool":false,"touchDistance":0.333333,"touchZone":"none","type":3,"width":18.027},{"bases":[[[0.749951,-0.627319,-0.20987],[0.595389,0.501883,0.627396],[-0.288247,-0.59547,0.749886]],[[0.680619,-0.730016,-0.0619231],[0.552755,0.567145,-0.61058],[0.480853,0.381344,0.78953]],[[0.680619,-0.730016,-0.0619231],[-0.395846,-0.295302,-0.869542],[0.616493,0.616339,-0.489962]],[[0.680619,-0.730016,-0.0619231],[-0.686837,-0.606372,-0.40071],[0.254976,0.315262,-0.91411]]],"btipPosition":[70.4069,230.575,0.0050332],"carpPosition":[87.1019,227.03,45.9376],"dipPosition":[74.7897,235.994,-15.7077],"direction":[-0.616493,-0.616339,0.489962],"extended":false,"handId":701,"id":7014,"length":50.3709,"mcpPosition":[103.77,261.463,2.57565],"pipPosition":[86.8142,248.016,-25.2642],"stabilizedTipPosition":[65.6938,210.664,26.4723],"timeVisible":18.1221,"tipPosition":[71.4743,231.677,-2.78337],"tipVelocity":[70.4724,172.209,-125.654],"tool":false,"touchDistance":0.333333,"touchZone":"none","type":4,"width":16.013}],"r":[[0.914742,-0.0892128,0.394067],[0.0069683,0.978657,0.205383],[-0.403979,-0.185126,0.89584]],"s":0.889406,"t":[63.006,42.6801,-91.4792],"timestamp":523921266032},false],[5,{"currentFrameRate":108.985,"devices":[],"gestures":[],"hands":[{"armBasis":[[0.912107,-0.0926661,-0.399342],[0.276761,0.857817,0.433075],[0.302431,-0.505533,0.808067]],"armWidth":63.5437,"confidence":0.535632,"direction":[0.0806249,0.765302,-0.638602],"elbow":[152.317,88.9278,268.595],"grabStrength":0,"id":701,"palmNormal":[-0.266872,-0.600722,-0.753599],"palmPosition":[66.7783,265.425,14.5693],"palmVelocity":[32.8402,213.112,-112.728],"palmWidth":90.7382,"pinchStrength":0.854843,"r":[[0.913364,-0.084968,0.398178],[0.0002282,0.978088,0.208192],[-0.407143,-0.190065,0.89337]],"s":0.888554,"sphereCenter":[47.8764,258.896,-25.9143],"sphereRadius":45.4529,"stabilizedPalmPosition":[66.2208,244.833,41.2181],"t":[63.2636,44.7694,-92.3577],"timeVisible":18.1312,"type":"right","wrist":[70.8866,225.044,51.0205]}],"id":4298901,"interactionBox":{"center":[0,200,0],"size":[235.247,235.247,147.751]},"pointables":[{"bases":[[[0.640874,0.593609,0.486732],[-0.685003,0.156037,0.711635],[0.346485,-0.789481,0.506624]],[[0.443351,0.864385,0.237229],[-0.73663,0.200565,0.645872],[0.510702,-0.461098,0.725653]],[[0.443351,0.864385,0.237229],[-0.896347,0.428024,0.115576],[-0.00163738,-0.263881,0.964554]],[[0.443351,0.864385,0.237229],[-0.436473,0.439354,-0.78515],[-0.7829,0.244553,0.572068]]],"btipPosition":[33.3403,248.753,-32.7572],"carpPosition":[40.4352,222.535,49.5128],"dipPosition":[15.0684,254.46,-19.4058],"direction":[0.00163738,0.263881,-0.964554],"extended":false,"handId":701,"id":7010,"length":51.9721,"mcpPosition":[40.4352,222.535,49.5128],"pipPosition":[15.0127,245.488,13.3902],"stabilizedTipPosition":[25.9386,226.236,11.0413],"timeVisible":18.1312,"tipPosition":[29.6708,249.34,-29.1156],"tipVelocity":[51.5145,247.894,-153.202],"tool":false,"touchDistance":-0.512044,"touchZone":"touching","type":0,"width":20.194},{"bases":[[[0.960257,-0.0994065,-0.260815],[0.251791,0.711748,0.655757],[0.120448,-0.695366,0.70849]],[[0.962118,-0.110894,-0.249062],[0.23483,0.801184,0.550417],[0.138506,-0.588053,0.796875]],[[0.962118,-0.110894,-0.249062],[0.198271,0.911635,0.360015],[0.18713,-0.395758,0.899087]],[[0.962118,-0.110894,-0.249062],[0.163541,0.965678,0.201791],[0.218136,-0.234878,0.947232]]],"btipPosition":[31.2254,330.307,-67.7905],"carpPosition":[54.2235,240.556,56.1398],"dipPosition":[34.9421,326.305,-51.6513],"direction":[-0.18713,0.395758,-0.899087],"extended":true,"handId":701,"id":7011,"length":58.6448,"mcpPosition":[45.3867,291.572,4.16075],"pipPosition":[39.4526,316.766,-29.9801],"stabilizedTipPosition":[30.8241,313.088,-46.8374],"timeVisible":18.1312,"tipPosition":[31.6521,329.279,-64.0225],"tipVelocity":[42.4858,224.288,-107.724],"tool":false,"touchDistance":-0.494197,"touchZone":"touching","type":1,"width":19.2893},{"bases":[[[0.910613,-0.312308,-0.270641],[0.413092,0.669256,0.617618],[-0.011759,-0.674211,0.738445]],[[0.910104,-0.327701,-0.253621],[0.136697,0.815212,-0.562799],[0.391185,0.477537,0.786723]],[[0.910104,-0.327701,-0.253621],[-0.367714,-0.356499,-0.858892],[0.191044,0.87494,-0.444951]],[[0.910104,-0.327701,-0.253621],[-0.408019,-0.815516,-0.410433],[-0.0723324,0.477018,-0.875912]]],"btipPosition":[44.1975,231.169,-6.49164],"carpPosition":[66.2445,240.965,53.6687],"dipPosition":[42.842,240.108,-22.9062],"direction":[-0.191044,-0.87494,0.444951],"extended":false,"handId":701,"id":7012,"length":66.821,"mcpPosition":[67.0626,287.873,2.29141],"pipPosition":[48.2596,264.919,-35.524],"stabilizedTipPosition":[37.0271,208.815,29.4519],"timeVisible":18.1312,"tipPosition":[44.0951,233.047,-9.27872],"tipVelocity":[58.6978,222.894,-180.414],"tool":false,"touchDistance":0.333333,"touchZone":"none","type":2,"width":18.9446},{"bases":[[[0.865209,-0.457677,-0.204807],[0.47651,0.623399,0.619929],[-0.156051,-0.63396,0.757458]],[[0.871142,-0.429867,-0.237333],[0.217481,0.771115,-0.598401],[0.440243,0.469676,0.765238]],[[0.871142,-0.429867,-0.237333],[-0.4043,-0.353629,-0.843497],[0.278663,0.830759,-0.481856]],[[0.871142,-0.429867,-0.237333],[-0.490736,-0.77895,-0.390405],[-0.0170485,0.456565,-0.889526]]],"btipPosition":[60.4783,225.528,-1.20672],"carpPosition":[77.7263,238.31,50.3197],"dipPosition":[60.1606,234.034,-17.7806],"direction":[-0.278663,-0.830759,0.481856],"extended":false,"handId":701,"id":7013,"length":64.2502,"mcpPosition":[87.4743,277.911,3.00385],"pipPosition":[67.8588,256.984,-31.0921],"stabilizedTipPosition":[53.6016,204.637,27.4255],"timeVisible":18.1312,"tipPosition":[60.5688,227.321,-4.08638],"tipVelocity":[64.1055,221.811,-150.841],"tool":false,"touchDistance":0.333333,"touchZone":"none","type":3,"width":18.027},{"bases":[[[0.750626,-0.624645,-0.215359],[0.58961,0.48615,0.644995],[-0.298196,-0.611128,0.733214]],[[0.679236,-0.730547,-0.070277],[0.562536,0.57973,-0.589462],[0.471372,0.360851,0.804733]],[[0.679236,-0.730547,-0.070277],[-0.38511,-0.273264,-0.881486],[0.624763,0.625801,-0.466952]],[[0.679236,-0.730547,-0.070277],[-0.683505,-0.594794,-0.423132],[0.267318,0.335441,-0.903338]]],"btipPosition":[70.7711,233.95,-1.79235],"carpPosition":[86.9299,229.307,44.3462],"dipPosition":[75.366,239.715,-17.3199],"direction":[-0.624763,-0.625801,0.466952],"extended":false,"handId":701,"id":7014,"length":50.3709,"mcpPosition":[104.173,264.646,1.94831],"pipPosition":[87.5518,251.922,-26.4277],"stabilizedTipPosition":[66.4432,213.671,22.5826],"timeVisible":18.1312,"tipPosition":[71.8701,235.109,-4.54486],"tipVelocity":[63.5523,229.776,-144.341],"tool":false,"touchDistance":0.333333,"touchZone":"none","type":4,"width":16.013}],"r":[[0.913364,-0.084968,0.398178],[0.0002282,0.978088,0.208192],[-0.407143,-0.190065,0.89337]],"s":0.888554,"t":[63.2636,44.7694,-92.3577],"timestamp":523921275116},false],[6,{"currentFrameRate":109.049,"devices":[],"gestures":[],"hands":[{"armBasis":[[0.908022,-0.0963953,-0.407681],[0.279842,0.86376,0.419055],[0.311744,-0.494597,0.811289]],"armWidth":63.5437,"confidence":0.547584,"direction":[0.0836551,0.764357,-0.639343],"elbow":[155.139,94.4639,267.886],"grabStrength":0,"id":701,"palmNormal":[-0.269452,-0.60034,-0.752985],"palmPosition":[67.2525,267.999,12.9557],"palmVelocity":[38.2279,232.732,-130.797],"palmWidth":90.7382,"pinchStrength":0.85047,"r":[[0.912175,-0.082258,0.401461],[-0.00436219,0.977643,0.210227],[-0.409778,-0.193515,0.891422]],"s":0.887481,"sphereCenter":[48.5197,261.347,-27.6737],"sphereRadius":45.4146,"stabilizedPalmPosition":[66.4364,249.674,35.3115],"t":[63.6295,47.1008,-93.6037],"timeVisible":18.1402,"type":"right","wrist":[71.2012,227.636,49.4448]}],"id":4298902,"interactionBox":{"center":[0,200,0],"size":[235.247,235.247,147.751]},"pointables":[{"bases":[[[0.643379,0.591442,0.486066],[-0.684243,0.159518,0.711594],[0.343331,-0.790411,0.50732]],[[0.448282,0.861655,0.237895],[-0.737028,0.205697,0.6438],[0.505799,-0.46394,0.727274]],[[0.448282,0.861655,0.237895],[-0.893876,0.430534,0.125001],[0.00528607,-0.268685,0.963214]],[[0.448282,0.861655,0.237895],[-0.440437,0.444498,-0.780024],[-0.777855,0.244893,0.578765]]],"btipPosition":[33.5356,251.765,-34.5172],"carpPosition":[40.7395,225.25,47.9442],"dipPosition":[15.3814,257.48,-21.0095],"direction":[-0.00528607,0.268685,-0.963214],"extended":false,"handId":701,"id":7010,"length":51.9721,"mcpPosition":[40.7395,225.25,47.9442],"pipPosition":[15.5611,248.345,11.741],"stabilizedTipPosition":[26.4739,230.436,4.39923],"timeVisible":18.1402,"tipPosition":[29.9045,252.301,-30.838],"tipVelocity":[44.0733,271.331,-163.467],"tool":false,"touchDistance":-0.515034,"touchZone":"touching","type":0,"width":20.194},{"bases":[[[0.9598,-0.103587,-0.260872],[0.25481,0.711334,0.655039],[0.117714,-0.695179,0.709133]],[[0.96164,-0.11524,-0.248933],[0.238106,0.801276,0.548874],[0.136212,-0.587092,0.797978]],[[0.96164,-0.11524,-0.248933],[0.202056,0.911339,0.358658],[0.185531,-0.395198,0.899665]],[[0.96164,-0.11524,-0.248933],[0.167625,0.965202,0.200717],[0.21714,-0.234745,0.947494]]],"btipPosition":[31.9589,332.901,-69.4912],"carpPosition":[54.6026,243.22,54.5519],"dipPosition":[35.6586,328.901,-53.3475],"direction":[-0.185531,0.395198,-0.899665],"extended":true,"handId":701,"id":7011,"length":58.6448,"mcpPosition":[45.9664,294.223,2.52572],"pipPosition":[40.1306,319.376,-31.6625],"stabilizedTipPosition":[31.1482,316.172,-49.9285],"timeVisible":18.1402,"tipPosition":[32.3935,331.896,-65.7118],"tipVelocity":[52.9987,241.464,-129.799],"tool":false,"touchDistance":-0.498606,"touchZone":"touching","type":1,"width":19.2893},{"bases":[[[0.909283,-0.316293,-0.270488],[0.41593,0.668145,0.616915],[-0.0144006,-0.673454,0.739088]],[[0.908717,-0.331579,-0.253551],[0.141218,0.815834,-0.560779],[0.392798,0.473784,0.788187]],[[0.908717,-0.331579,-0.253551],[-0.368641,-0.352582,-0.860111],[0.195798,0.875066,-0.442631]],[[0.908717,-0.331579,-0.253551],[-0.411561,-0.813086,-0.411714],[-0.0696427,0.478483,-0.875331]]],"btipPosition":[44.4988,233.878,-8.27364],"carpPosition":[66.6248,243.578,52.0785],"dipPosition":[43.1937,242.845,-24.6773],"direction":[-0.195798,-0.875067,0.442631],"extended":false,"handId":701,"id":7012,"length":66.821,"mcpPosition":[67.6267,290.433,0.656477],"pipPosition":[48.7461,267.66,-37.2293],"stabilizedTipPosition":[37.5818,210.913,26.242],"timeVisible":18.1402,"tipPosition":[44.4011,235.752,-11.0614],"tipVelocity":[52.0353,244.162,-184.859],"tool":false,"touchDistance":0.333333,"touchZone":"none","type":2,"width":18.9446},{"bases":[[[0.863294,-0.461411,-0.204508],[0.47916,0.622031,0.61926],[-0.158523,-0.632595,0.758086]],[[0.869454,-0.433018,-0.237794],[0.225641,0.776297,-0.5886],[0.439473,0.458104,0.77266]],[[0.869454,-0.433018,-0.237794],[-0.402332,-0.341344,-0.849478],[0.28667,0.834254,-0.471]],[[0.869454,-0.433018,-0.237794],[-0.493872,-0.773462,-0.397301],[-0.0118865,0.462874,-0.886344]]],"btipPosition":[60.7185,228.307,-3.52531],"carpPosition":[78.0951,240.873,48.7302],"dipPosition":[60.497,236.931,-20.0399],"direction":[-0.28667,-0.834254,0.471],"extended":false,"handId":701,"id":7013,"length":64.2502,"mcpPosition":[87.9975,280.389,1.37516],"pipPosition":[68.4163,259.978,-33.0515],"stabilizedTipPosition":[54.3733,207.439,23.6306],"timeVisible":18.1402,"tipPosition":[60.8347,230.081,-6.24597],"tipVelocity":[54.4075,246.123,-179.465],"tool":false,"touchDistance":0.333333,"touchZone":"none","type":3,"width":18.027},{"bases":[[[0.748027,-0.627919,-0.214883],[0.5917,0.484344,0.644439],[-0.300578,-0.609203,0.733842]],[[0.676058,-0.733573,-0.0693963],[0.566248,0.577487,-0.588108],[0.471496,0.3583,0.805799]],[[0.676058,-0.733573,-0.0693963],[-0.384767,-0.271134,-0.882293],[0.628411,0.623183,-0.465557]],[[0.676058,-0.733573,-0.0693963],[-0.685691,-0.591845,-0.423729],[0.269764,0.33405,-0.903127]]],"btipPosition":[71.1221,236.523,-3.47949],"carpPosition":[87.2608,231.827,42.7638],"dipPosition":[75.7591,242.265,-19.0034],"direction":[-0.628411,-0.623183,0.465557],"extended":false,"handId":701,"id":7014,"length":50.3709,"mcpPosition":[104.642,267.054,0.329609],"pipPosition":[88.016,254.42,-28.084],"stabilizedTipPosition":[67.2328,216.992,18.5105],"timeVisible":18.1402,"tipPosition":[72.2241,237.673,-6.2314],"tipVelocity":[57.005,244.622,-155.902],"tool":false,"touchDistance":0.333333,"touchZone":"none","type":4,"width":16.013}],"r":[[0.912175,-0.082258,0.401461],[-0.00436219,0.977643,0.210227],[-0.409778,-0.193515,0.891422]],"s":0.887481,"t":[63.6295,47.1008,-93.6037],"timestamp":523921284171},false],[7,{"currentFrameRate":109.059,"devices":[],"gestures":[],"hands":[{"armBasis":[[0.906631,-0.104284,-0.408834],[0.286794,0.863026,0.41585