{"sensorType":"Leap","data":[[0,{"currentFrameRate":110.6,"devices":[],"gestures":[],"hands":[{"armBasis":[[0.856556,-0.213367,-0.469879],[0.404657,0.842762,0.354972],[0.320257,-0.494193,0.808213]],"armWidth":63.5437,"confidence":0.754054,"direction":[0.0976892,0.715476,-0.691774],"elbow":[149.977,54.252,275.835],"grabStrength":0,"id":701,"palmNormal":[-0.398631,-0.608772,-0.685923],"palmPosition":[60.3587,225.827,19.7302],"palmVelocity":[93.3021,232.493,-247.101],"palmWidth":90.7382,"pinchStrength":0.915739,"r":[[0.933482,-0.183808,0.307937],[0.140135,0.977351,0.158578],[-0.330111,-0.104877,0.938098]],"s":0.881163,"sphereCenter":[39.7563,218.651,-18.7142],"sphereRadius":45.1448,"stabilizedPalmPosition":[58.2759,208.65,63.4203],"t":[56.2587,5.05663,-85.8351],"timeVisible":33.5056,"type":"right","wrist":[63.7473,187.315,58.2216]}],"id":4300564,"interactionBox":{"center":[0,200,0],"size":[235.247,235.247,147.751]},"pointables":[{"bases":[[[0.742552,0.546185,0.387683],[-0.593738,0.268885,0.758403],[0.309986,-0.793336,0.523952]],[[0.547199,0.825953,0.135556],[-0.647229,0.314855,0.694234],[0.530724,-0.46762,0.706869]],[[0.547199,0.825953,0.135556],[-0.836955,0.541667,0.0781204],[-0.00890226,-0.156201,0.987685]],[[0.547199,0.825953,0.135556],[-0.389227,0.394479,-0.832399],[-0.740997,0.402726,0.537341]]],"btipPosition":[24.3738,207.251,-21.6986],"carpPosition":[33.1963,188.062,59.6124],"dipPosition":[7.07977,216.65,-9.15769],"direction":[0.00890226,0.156201,-0.987685],"extended":false,"handId":701,"id":7010,"length":51.9721,"mcpPosition":[33.1963,188.062,59.6124],"pipPosition":[6.77708,211.339,24.4248],"stabilizedTipPosition":[10.4568,199.438,23.5565],"timeVisible":33.5056,"tipPosition":[20.5792,209.553,-18.2557],"tipVelocity":[117.451,184.39,-273.388],"tool":false,"touchDistance":-0.504867,"touchZone":"hovering","type":0,"width":20.194},{"bases":[[[0.91535,-0.217774,-0.338686],[0.385794,0.715201,0.582795],[0.115311,-0.664125,0.738676]],[[0.921389,-0.266526,-0.282855],[0.37772,0.785453,0.490298],[0.0914924,-0.558594,0.824379]],[[0.921389,-0.266526,-0.282855],[0.34697,0.892001,0.289734],[0.175085,-0.3651,0.914356]],[[0.921389,-0.266526,-0.282855],[0.310726,0.942346,0.124234],[0.233436,-0.202358,0.951083]]],"btipPosition":[28.7688,289.714,-63.9671],"carpPosition":[49.3461,204.81,63.7899],"dipPosition":[32.7461,286.266,-47.7623],"direction":[-0.175085,0.3651,-0.914356],"extended":true,"handId":701,"id":7011,"length":58.6448,"mcpPosition":[40.8862,253.534,9.59622],"pipPosition":[36.9663,277.466,-25.7231],"stabilizedTipPosition":[31.9553,276.871,-16.4692],"timeVisible":33.5056,"tipPosition":[29.2071,288.251,-60.406],"tipVelocity":[57.4077,193.105,-268.207],"tool":false,"touchDistance":-0.554981,"touchZone":"touching","type":1,"width":19.2893},{"bases":[[[0.843244,-0.42421,-0.330131],[0.537429,0.653333,0.533222],[-0.0105125,-0.627058,0.778902]],[[0.842722,-0.439655,-0.310681],[0.159603,0.755192,-0.635776],[0.514146,0.486197,0.706588]],[[0.842722,-0.439655,-0.310681],[-0.493397,-0.399903,-0.772423],[0.215357,0.804227,-0.553932]],[[0.842722,-0.439655,-0.310681],[-0.521301,-0.810514,-0.267044],[-0.134404,0.387002,-0.912231]]],"btipPosition":[33.4817,193.968,4.8791],"carpPosition":[61.0521,203.769,60.2312],"dipPosition":[30.963,201.22,-12.2161],"direction":[-0.215357,-0.804227,0.553932],"extended":false,"handId":701,"id":7012,"length":66.821,"mcpPosition":[61.7835,247.396,6.03922],"pipPosition":[37.0701,224.026,-27.9243],"stabilizedTipPosition":[21.1957,184.296,37.3135],"timeVisible":33.5056,"tipPosition":[32.8095,195.854,0.359001],"tipVelocity":[136.394,193.365,-250.649],"tool":false,"touchDistance":0.333333,"touchZone":"none","type":2,"width":18.9446},{"bases":[[[0.789577,-0.559899,-0.251162],[0.595692,0.601034,0.532831],[-0.147375,-0.570326,0.80809]],[[0.793075,-0.545189,-0.271665],[0.244084,0.693059,-0.678301],[0.558082,0.471634,0.682719]],[[0.793075,-0.545189,-0.271665],[-0.526318,-0.388823,-0.756179],[0.306631,0.742688,-0.595308]],[[0.793075,-0.545189,-0.271665],[-0.604826,-0.757711,-0.245069],[-0.0722348,0.358668,-0.930666]]],"btipPosition":[49.0385,187.109,8.93634],"carpPosition":[71.8232,199.697,56.0481],"dipPosition":[47.6926,193.792,-8.40411],"direction":[-0.306631,-0.742688,0.595308],"extended":false,"handId":701,"id":7013,"length":64.2502,"mcpPosition":[81.0292,235.323,5.56951],"pipPosition":[56.1633,214.309,-24.8497],"stabilizedTipPosition":[37.744,173.522,45.6936],"timeVisible":33.5056,"tipPosition":[49.0158,188.476,5.61192],"tipVelocity":[135.579,222.664,-275.223],"tool":false,"touchDistance":0.333333,"touchZone":"none","type":3,"width":18.027},{"bases":[[[0.657861,-0.713705,-0.24051],[0.695872,0.453868,0.556565],[-0.288064,-0.533507,0.79523]],[[0.592732,-0.800549,-0.0882587],[0.538419,0.475359,-0.695801],[0.598977,0.364903,0.712791]],[[0.592732,-0.800549,-0.0882587],[-0.532771,-0.307548,-0.788397],[0.604007,0.51433,-0.608802]],[[0.592732,-0.800549,-0.0882587],[-0.789213,-0.555462,-0.261926],[0.16066,0.224907,-0.961044]]],"btipPosition":[60.4246,193.513,7.15037],"carpPosition":[79.4307,189.428,49.8743],"dipPosition":[63.1862,197.379,-9.3691],"direction":[-0.604007,-0.51433,0.608802],"extended":false,"handId":701,"id":7014,"length":50.3709,"mcpPosition":[96.0879,220.278,3.89039],"pipPosition":[74.9671,207.411,-21.2436],"stabilizedTipPosition":[50.6707,178.184,43.0689],"timeVisible":33.5056,"tipPosition":[61.1324,194.322,3.86303],"tipVelocity":[136.312,232.627,-259.228],"tool":false,"touchDistance":0.333333,"touchZone":"none","type":4,"width":16.013}],"r":[[0.933482,-0.183808,0.307937],[0.140135,0.977351,0.158578],[-0.330111,-0.104877,0.938098]],"s":0.881163,"t":[56.2587,5.05663,-85.8351],"timestamp":523936649522},false],[1,{"currentFrameRate":110.399,"devices":[],"gestures":[],"hands":[{"armBasis":[[0.86382,-0.213065,-0.456529],[0.397533,0.844929,0.357858],[0.309487,-0.490611,0.814567]],"armWidth":63.5437,"confidence":0.777278,"direction":[0.0949041,0.718144,-0.689393],"elbow":[148.113,57.2772,275.526],"grabStrength":0,"id":701,"palmNormal":[-0.392144,-0.609555,-0.68896],"palmPosition":[61.2481,227.974,17.81],"palmVelocity":[93.6367,231.238,-234.799],"palmWidth":90.7382,"pinchStrength":0.910463,"r":[[0.934124,-0.174185,0.311563],[0.129775,0.978849,0.158153],[-0.332521,-0.107302,0.936972]],"s":0.881335,"sphereCenter":[40.795,220.787,-20.7391],"sphereRadius":45.1697,"stabilizedPalmPosition":[58.3578,209.182,62.1631],"t":[57.1248,7.23197,-87.9153],"timeVisible":33.515,"type":"right","wrist":[64.7823,189.375,56.2013]}],"id":4300565,"interactionBox":{"center":[0,200,0],"size":[235.247,235.247,147.751]},"pointables":[{"bases":[[[0.737454,0.55024,0.391659],[-0.598048,0.262526,0.757244],[0.313846,-0.792664,0.522671]],[[0.541976,0.828515,0.140802],[-0.65055,0.307549,0.694405],[0.532022,-0.467949,0.705674]],[[0.541976,0.828515,0.140802],[-0.84036,0.535803,0.0819155],[-0.0075736,-0.16272,0.986643]],[[0.541976,0.828515,0.140802],[-0.392435,0.39766,-0.829374],[-0.74314,0.394245,0.54066]]],"btipPosition":[25.3402,209.53,-23.7984],"carpPosition":[34.2224,189.904,57.4951],"dipPosition":[7.9962,218.731,-11.1801],"direction":[0.0075736,0.16272,-0.986643],"extended":false,"handId":701,"id":7010,"length":51.9721,"mcpPosition":[34.2224,189.904,57.4951],"pipPosition":[7.73869,213.199,22.367],"stabilizedTipPosition":[10.6149,199.615,22.9115],"timeVisible":33.515,"tipPosition":[21.5828,211.684,-20.3831],"tipVelocity":[112.884,199.458,-258.492],"tool":false,"touchDistance":-0.513944,"touchZone":"hovering","type":0,"width":20.194},{"bases":[[[0.91794,-0.210382,-0.33634],[0.378894,0.71619,0.586098],[0.117579,-0.66544,0.737133]],[[0.924152,-0.259405,-0.280452],[0.370895,0.785159,0.495946],[0.0915488,-0.562347,0.821818]],[[0.924152,-0.259405,-0.280452],[0.340396,0.89239,0.296261],[0.173421,-0.369255,0.913004]],[[0.924152,-0.259405,-0.280452],[0.304596,0.943417,0.131096],[0.230576,-0.206577,0.950874]]],"btipPosition":[29.5837,292.087,-65.7248],"carpPosition":[50.241,206.753,61.7731],"dipPosition":[33.5124,288.567,-49.5235],"direction":[-0.173421,0.369255,-0.913004],"extended":true,"handId":701,"id":7011,"length":58.6448,"mcpPosition":[41.6147,255.574,7.69267],"pipPosition":[37.6924,279.667,-27.5169],"stabilizedTipPosition":[31.9024,277.391,-18.1117],"timeVisible":33.515,"tipPosition":[30.0136,290.58,-62.1838],"tipVelocity":[65.3854,209.405,-244.986],"tool":false,"touchDistance":-0.554193,"touchZone":"touching","type":1,"width":19.2893},{"bases":[[[0.847254,-0.417341,-0.328613],[0.531117,0.655529,0.536839],[-0.0086301,-0.629371,0.777057]],[[0.846779,-0.432846,-0.309209],[0.156199,0.757979,-0.6333],[0.508496,0.487967,0.709451]],[[0.846779,-0.432846,-0.309209],[-0.488155,-0.401347,-0.775],[0.211356,0.807195,-0.551148]],[[0.846779,-0.432846,-0.309209],[-0.514723,-0.813433,-0.2709],[-0.134263,0.38855,-0.911593]]],"btipPosition":[34.6465,195.966,2.79721],"carpPosition":[61.9655,205.804,58.2495],"dipPosition":[32.1305,203.247,-14.286],"direction":[-0.211356,-0.807195,0.551148],"extended":false,"handId":701,"id":7012,"length":66.821,"mcpPosition":[62.5659,249.593,4.18584],"pipPosition":[38.124,226.138,-29.9153],"stabilizedTipPosition":[21.5293,184.641,36.3172],"timeVisible":33.515,"tipPosition":[33.9758,197.858,-1.7149],"tipVelocity":[132.801,198.952,-242.152],"tool":false,"touchDistance":0.333333,"touchZone":"none","type":2,"width":18.9446},{"bases":[[[0.794285,-0.553631,-0.250209],[0.589747,0.603639,0.536487],[-0.14598,-0.573683,0.805964]],[[0.79775,-0.538818,-0.270684],[0.242081,0.697327,-0.674634],[0.552261,0.472662,0.68673]],[[0.79775,-0.538818,-0.270684],[-0.520649,-0.389068,-0.759967],[0.30417,0.747196,-0.590914]],[[0.79775,-0.538818,-0.270684],[-0.598797,-0.760733,-0.250453],[-0.07097,0.361884,-0.929518]]],"btipPosition":[50.2101,189.212,6.78915],"carpPosition":[72.7782,201.82,54.0897],"dipPosition":[48.8878,195.955,-10.5299],"direction":[-0.30417,-0.747196,0.590914],"extended":false,"handId":701,"id":7013,"length":64.2502,"mcpPosition":[81.8971,237.656,3.74383],"pipPosition":[57.2906,216.596,-26.8541],"stabilizedTipPosition":[38.1189,174.053,44.3716],"timeVisible":33.515,"tipPosition":[50.1855,190.598,3.4658],"tipVelocity":[132.572,223.272,-261.63],"tool":false,"touchDistance":0.333333,"touchZone":"none","type":3,"width":18.027},{"bases":[[[0.663616,-0.708385,-0.240426],[0.690878,0.45711,0.560122],[-0.286881,-0.537811,0.792754]],[[0.597798,-0.796912,-0.0869974],[0.543681,0.482787,-0.686533],[0.589108,0.363109,0.721875]],[[0.597798,-0.796912,-0.0869974],[-0.522275,-0.304836,-0.796432],[0.608166,0.521542,-0.598438]],[[0.597798,-0.796912,-0.0869974],[-0.783899,-0.558402,-0.271457],[0.167748,0.230474,-0.958511]]],"btipPosition":[61.5479,195.783,4.76428],"carpPosition":[80.4773,191.623,47.911],"dipPosition":[64.4313,199.745,-11.7117],"direction":[-0.608166,-0.521542,0.598438],"extended":false,"handId":701,"id":7014,"length":50.3709,"mcpPosition":[97.0661,222.721,2.0703],"pipPosition":[76.2934,209.918,-23.384],"stabilizedTipPosition":[51.1195,178.904,41.4315],"timeVisible":33.515,"tipPosition":[62.2869,196.589,1.5762],"tipVelocity":[132.316,235.725,-257.28],"tool":false,"touchDistance":0.333333,"touchZone":"none","type":4,"width":16.013}],"r":[[0.934124,-0.174185,0.311563],[0.129775,0.978849,0.158153],[-0.332521,-0.107302,0.936972]],"s":0.881335,"t":[57.1248,7.23197,-87.9153],"timestamp":523936658936},false],[2,{"currentFrameRate":110.595,"devices":[],"gestures":[],"hands":[{"armBasis":[[0.869093,-0.205044,-0.450149],[0.385711,0.850666,0.357204],[0.309683,-0.484071,0.818395]],"armWidth":63.5437,"confidence":0.584663,"direction":[0.0913983,0.721724,-0.68612],"elbow":[149.089,61.3119,274.743],"grabStrength":0,"id":701,"palmNormal":[-0.381297,-0.611131,-0.693636],"palmPosition":[61.9918,230.353,16.1194],"palmVelocity":[91.4773,242.528,-224.042],"palmWidth":90.7382,"pinchStrength":0.901281,"r":[[0.934528,-0.164702,0.315485],[0.119172,0.980113,0.158669],[-0.335345,-0.110683,0.935571]],"s":0.881879,"sphereCenter":[41.8545,223.084,-22.6129],"sphereRadius":45.2026,"stabilizedPalmPosition":[58.4735,209.856,60.6978],"t":[57.9297,9.50889,-89.8006],"timeVisible":33.5237,"type":"right","wrist":[65.7055,191.649,54.3883]}],"id":4300566,"interactionBox":{"center":[0,200,0],"size":[235.247,235.247,147.751]},"pointables":[{"bases":[[[0.729052,0.556659,0.398263],[-0.605497,0.253211,0.754492],[0.31915,-0.791211,0.52166]],[[0.533814,0.832362,0.149053],[-0.656407,0.296768,0.693584],[0.533079,-0.468084,0.704787]],[[0.533814,0.832362,0.149053],[-0.845577,0.526793,0.0865359],[-0.00649078,-0.17223,0.985035]],[[0.533814,0.832362,0.149053],[-0.398361,0.403024,-0.823942],[-0.74589,0.380455,0.54672]]],"btipPosition":[26.2268,212.122,-25.8415],"carpPosition":[35.1343,191.844,55.4946],"dipPosition":[8.81864,221.001,-13.0817],"direction":[0.00649078,0.17223,-0.985035],"extended":false,"handId":701,"id":7010,"length":51.9721,"mcpPosition":[35.1343,191.844,55.4946],"pipPosition":[8.59795,215.145,20.4107],"stabilizedTipPosition":[10.8128,199.863,22.1302],"timeVisible":33.5237,"tipPosition":[22.5332,214.055,-22.4321],"tipVelocity":[109.524,223.5,-251.23],"tool":false,"touchDistance":-0.521041,"touchZone":"hovering","type":0,"width":20.194},{"bases":[[[0.92221,-0.19922,-0.331422],[0.367532,0.718005,0.591091],[0.120206,-0.666918,0.735371]],[[0.928619,-0.24857,-0.275462],[0.359552,0.786128,0.502718],[0.0915874,-0.565876,0.819387]],[[0.928619,-0.24857,-0.275462],[0.329397,0.894014,0.303706],[0.170774,-0.372763,0.912077]],[[0.928619,-0.24857,-0.275462],[0.294265,0.945603,0.138718],[0.225996,-0.209875,0.951251]]],"btipPosition":[30.2338,294.582,-67.3142],"carpPosition":[50.9436,208.848,59.9344],"dipPosition":[34.0844,291.006,-51.1065],"direction":[-0.170774,0.372763,-0.912077],"extended":true,"handId":701,"id":7011,"length":58.6448,"mcpPosition":[42.1246,257.777,5.98315],"pipPosition":[38.2006,282.022,-29.1223],"stabilizedTipPosition":[31.8703,278.061,-19.9724],"timeVisible":33.5237,"tipPosition":[30.6535,293.048,-63.7861],"tipVelocity":[67.3369,229.712,-228.367],"tool":false,"touchDistance":-0.550927,"touchZone":"touching","type":1,"width":19.2893},{"bases":[[[0.853713,-0.406955,-0.324902],[0.520701,0.659172,0.542552],[-0.00662815,-0.63236,0.774646]],[[0.853285,-0.422537,-0.30556],[0.151778,0.761872,-0.629694],[0.498867,0.490931,0.714226]],[[0.853285,-0.422537,-0.30556],[-0.479071,-0.403858,-0.779352],[0.205903,0.811394,-0.547031]],[[0.853285,-0.422537,-0.30556],[-0.504222,-0.817956,-0.276962],[-0.132908,0.390397,-0.911002]]],"btipPosition":[35.833,198.113,0.838109],"carpPosition":[62.6991,208.039,56.48],"dipPosition":[33.3423,205.429,-16.2341],"direction":[-0.205903,-0.811394,0.547031],"extended":false,"handId":701,"id":7012,"length":66.821,"mcpPosition":[63.1602,252.035,2.58408],"pipPosition":[39.1812,228.438,-31.7466],"stabilizedTipPosition":[21.9262,185.079,35.1783],"timeVisible":33.5237,"tipPosition":[35.1699,200.012,-3.66667],"tipVelocity":[133.956,211.982,-237.591],"tool":false,"touchDistance":0.333333,"touchZone":"none","type":2,"width":18.9446},{"bases":[[[0.801735,-0.544102,-0.247334],[0.579888,0.607918,0.54237],[-0.144746,-0.578263,0.802907]],[[0.805179,-0.529113,-0.267817],[0.239039,0.702865,-0.669956],[0.542722,0.475416,0.692411]],[[0.805179,-0.529113,-0.267817],[-0.511463,-0.391008,-0.765191],[0.300154,0.753095,-0.585454]],[[0.805179,-0.529113,-0.267817],[-0.589032,-0.765911,-0.257723],[-0.0687595,0.365266,-0.92836]]],"btipPosition":[51.4292,191.516,4.8374],"carpPosition":[73.5796,204.187,52.3725],"dipPosition":[50.148,198.322,-12.4601],"direction":[-0.300154,-0.753095,0.585454],"extended":false,"handId":701,"id":7013,"length":64.2502,"mcpPosition":[82.6214,240.309,2.21758],"pipPosition":[58.4399,219.127,-28.6334],"stabilizedTipPosition":[38.5686,174.711,42.8683],"timeVisible":33.5237,"tipPosition":[51.4067,192.922,1.51764],"tipVelocity":[134.901,234.862,-251.576],"tool":false,"touchDistance":0.333333,"touchZone":"none","type":3,"width":18.027},{"bases":[[[0.672684,-0.700289,-0.238937],[0.682446,0.462397,0.566088],[-0.285942,-0.54386,0.788957]],[[0.60645,-0.790524,-0.0853816],[0.545915,0.492041,-0.678139],[0.578096,0.364646,0.729957]],[[0.60645,-0.790524,-0.0853816],[-0.510993,-0.305217,-0.803572],[0.609183,0.530956,-0.589051]],[[0.60645,-0.790524,-0.0853816],[-0.775825,-0.564798,-0.281245],[0.174108,0.236802,-0.95583]]],"btipPosition":[62.7015,198.261,2.7625],"carpPosition":[81.4261,194.097,46.2039],"dipPosition":[65.6942,202.331,-13.6674],"direction":[-0.609183,-0.530956,0.589051],"extended":false,"handId":701,"id":7014,"length":50.3709,"mcpPosition":[97.9606,225.545,0.582668],"pipPosition":[77.5761,212.687,-25.1566],"stabilizedTipPosition":[51.6541,179.788,39.5825],"timeVisible":33.5237,"tipPosition":[63.4627,199.08,-0.383664],"tipVelocity":[133.186,249.611,-249.748],"tool":false,"touchDistance":0.333333,"touchZone":"none","type":4,"width":16.013}],"r":[[0.934528,-0.164702,0.315485],[0.119172,0.980113,0.158669],[-0.335345,-0.110683,0.935571]],"s":0.881879,"t":[57.9297,9.50889,-89.8006],"timestamp":523936667630},false],[3,{"currentFrameRate":110.553,"devices":[],"gestures":[],"hands":[{"armBasis":[[0.873208,-0.190321,-0.448648],[0.370756,0.856919,0.358092],[0.316303,-0.479028,0.818832]],"armWidth":63.5437,"confidence":0.588156,"direction":[0.0878045,0.725391,-0.682714],"elbow":[151.898,65.4588,272.894],"grabStrength":0,"id":701,"palmNormal":[-0.366996,-0.613596,-0.699152],"palmPosition":[62.84,233.229,14.259],"palmVelocity":[91.9014,262.751,-218.469],"palmWidth":90.7382,"pinchStrength":0.893394,"r":[[0.934622,-0.154856,0.32016],[0.107784,0.981223,0.159952],[-0.338918,-0.114987,0.933763]],"s":0.882176,"sphereCenter":[43.1897,225.792,-24.7524],"sphereRadius":45.2043,"stabilizedPalmPosition":[58.6614,210.862,58.6987],"t":[58.7563,12.0855,-91.6735],"timeVisible":33.5328,"type":"right","wrist":[66.7324,194.438,52.4214]}],"id":4300567,"interactionBox":{"center":[0,200,0],"size":[235.247,235.247,147.751]},"pointables":[{"bases":[[[0.718032,0.56484,0.406677],[-0.615437,0.242363,0.749999],[0.325066,-0.788807,0.521647]],[[0.522554,0.837828,0.158054],[-0.665542,0.284967,0.689818],[0.532908,-0.465659,0.70652]],[[0.522554,0.837828,0.158054],[-0.852571,0.515151,0.0879857],[-0.00770501,-0.18073,0.983503]],[[0.522554,0.837828,0.158054],[-0.402038,0.405609,-0.820882],[-0.751866,0.365412,0.548791]]],"btipPosition":[27.4346,215.02,-28.1609],"carpPosition":[36.1528,194.223,53.2578],"dipPosition":[9.88691,223.548,-15.3527],"direction":[0.00770501,0.18073,-0.983503],"extended":false,"handId":701,"id":7010,"length":51.9721,"mcpPosition":[36.1528,194.223,53.2578],"pipPosition":[9.62493,217.403,18.0876],"stabilizedTipPosition":[11.1111,200.269,21.0081],"timeVisible":33.5328,"tipPosition":[23.7618,216.771,-24.7648],"tipVelocity":[114.904,247.195,-251.741],"tool":false,"touchDistance":-0.531894,"touchZone":"hovering","type":0,"width":20.194},{"bases":[[[0.927665,-0.185719,-0.323953],[0.35271,0.720654,0.59687],[0.122609,-0.667957,0.734031]],[[0.934252,-0.235344,-0.267928],[0.344785,0.787997,0.510082],[0.0910817,-0.568923,0.817332]],[[0.934252,-0.235344,-0.267928],[0.315218,0.896325,0.311831],[0.166763,-0.375784,0.911579]],[[0.934252,-0.235344,-0.267928],[0.281078,0.948345,0.147092],[0.219471,-0.21273,0.952144]]],"btipPosition":[31.0377,297.481,-69.1677],"carpPosition":[51.6943,211.419,57.8977],"dipPosition":[34.7772,293.857,-52.9447],"direction":[-0.166763,0.375784,-0.911579],"extended":true,"handId":701,"id":7011,"length":58.6448,"mcpPosition":[42.699,260.424,4.04485],"pipPosition":[38.7967,284.799,-30.9725],"stabilizedTipPosition":[31.8718,279.062,-22.4223],"timeVisible":33.5328,"tipPosition":[31.4444,295.921,-65.65],"tipVelocity":[72.3366,253.835,-221.273],"tool":false,"touchDistance":-0.551917,"touchZone":"touching","type":1,"width":19.2893},{"bases":[[[0.86189,-0.394369,-0.318778],[0.507071,0.664042,0.549479],[-0.00501576,-0.635234,0.772304]],[[0.861499,-0.410026,-0.299496],[0.147013,0.765996,-0.625809],[0.486011,0.495104,0.720184]],[[0.861499,-0.410026,-0.299496],[-0.466818,-0.407544,-0.78485],[0.199751,0.815957,-0.542506]],[[0.861499,-0.410026,-0.299496],[-0.490795,-0.823628,-0.284177],[-0.130154,0.391809,-0.910794]]],"btipPosition":[37.252,200.696,-1.35291],"carpPosition":[63.4895,210.779,54.5447],"dipPosition":[34.8129,208.038,-18.4212],"direction":[-0.199751,-0.815957,0.542506],"extended":false,"handId":701,"id":7012,"length":66.821,"mcpPosition":[63.8385,254.975,0.811688],"pipPosition":[40.4774,231.177,-33.8054],"stabilizedTipPosition":[22.484,185.733,33.6498],"timeVisible":33.5328,"tipPosition":[36.6035,202.6,-5.85203],"tipVelocity":[140.321,231.945,-238.293],"tool":false,"touchDistance":0.333333,"touchZone":"none","type":2,"width":18.9446},{"bases":[[[0.811063,-0.532479,-0.242162],[0.566935,0.61358,0.549639],[-0.144086,-0.583082,0.799534]],[[0.814539,-0.517123,-0.262888],[0.242114,0.714859,-0.656017],[0.52717,0.470702,0.707483]],[[0.814539,-0.517123,-0.262888],[-0.495676,-0.384982,-0.778521],[0.301384,0.764443,-0.569908]],[[0.814539,-0.517123,-0.262888],[-0.576879,-0.769812,-0.273129],[-0.0611334,0.374129,-0.92536]]],"btipPosition":[52.7814,194.449,2.03866],"carpPosition":[74.4561,207.087,50.52],"dipPosition":[51.6423,201.419,-15.2029],"direction":[-0.301384,-0.764443,0.569908],"extended":false,"handId":701,"id":7013,"length":64.2502,"mcpPosition":[83.4567,243.51,0.575764],"pipPosition":[59.9681,222.537,-30.9468],"stabilizedTipPosition":[39.1915,175.663,40.8681],"timeVisible":33.5328,"tipPosition":[52.7966,195.861,-1.09789],"tipVelocity":[139.603,260.072,-266.533],"tool":false,"touchDistance":0.333333,"touchZone":"none","type":3,"width":18.027},{"bases":[[[0.684038,-0.690398,-0.235462],[0.671212,0.46935,0.573746],[-0.285599,-0.550509,0.784457]],[[0.617502,-0.78223,-0.0825011],[0.546514,0.502113,-0.670227],[0.565697,0.368779,0.737556]],[[0.617502,-0.78223,-0.0825011],[-0.498524,-0.308081,-0.810284],[0.608412,0.541481,-0.580202]],[[0.617502,-0.78223,-0.0825011],[-0.765558,-0.573612,-0.291358],[0.180586,0.243074,-0.95305]]],"btipPosition":[64.087,201.214,0.715686],"carpPosition":[82.4905,197.124,44.3852],"dipPosition":[67.1911,205.392,-15.6664],"direction":[-0.608412,-0.541481,0.580202],"extended":false,"handId":701,"id":7014,"length":50.3709,"mcpPosition":[99.0052,228.957,-0.975807],"pipPosition":[79.0579,215.954,-26.983],"stabilizedTipPosition":[52.4095,181.074,37.1326],"timeVisible":33.5328,"tipPosition":[64.8686,202.055,-2.417],"tipVelocity":[139.163,270.969,-242.376],"tool":false,"touchDistance":0.333333,"touchZone":"none","type":4,"width":16.013}],"r":[[0.934622,-0.154856,0.32016],[0.107784,0.981223,0.159952],[-0.338918,-0.114987,0.933763]],"s":0.882176,"t":[58.7563,12.0855,-91.6735],"timestamp":523936676751},false],[4,{"currentFrameRate":110.605,"devices":[],"gestures":[],"hands":[{"armBasis":[[0.877976,-0.184392,-0.441766],[0.360804,0.86139,0.35753],[0.314607,-0.473294,0.822809]],"armWidth":63.5437,"confidence":0.625209,"direction":[0.0824916,0.726723,-0.68196],"elbow":[152.59,68.9326,272.596],"grabStrength":0,"id":701,"palmNormal":[-0.358668,-0.616791,-0.700661],"palmPosition":[63.7099,235.144,12.9044],"palmVelocity":[93.3533,249.446,-200.138],"palmWidth":90.7382,"pinchStrength":0.882944,"r":[[0.934705,-0.14513,0.324444],[0.0965749,0.982197,0.16113],[-0.342053,-0.119275,0.93208]],"s":0.882835,"sphereCenter":[44.2792,227.52,-26.2144],"sphereRadius":45.2347,"stabilizedPalmPosition":[58.9263,212.136,56.2962],"t":[59.6046,14.3315,-93.2872],"timeVisible":33.5417,"type":"right","wrist":[67.881,196.368,51.0522]}],"id":4300568,"interactionBox":{"center":[0,200,0],"size":[235.247,235.247,147.751]},"pointables":[{"bases":[[[0.711053,0.571798,0.409206],[-0.6201,0.23559,0.748314],[0.33148,-0.78584,0.522089]],[[0.515338,0.841515,0.16211],[-0.669527,0.277266,0.689099],[0.534939,-0.463656,0.706303]],[[0.515338,0.841515,0.16211],[-0.856984,0.506559,0.0947492],[-0.00238544,-0.187754,0.982213]],[[0.515338,0.841515,0.16211],[-0.411477,0.408901,-0.814547],[-0.75174,0.353062,0.556986]]],"btipPosition":[28.2996,217.067,-29.7584],"carpPosition":[37.3028,195.842,51.7968],"dipPosition":[10.7549,225.307,-16.759],"direction":[0.00238544,0.187754,-0.982213],"extended":false,"handId":701,"id":7010,"length":51.9721,"mcpPosition":[37.3028,195.842,51.7968],"pipPosition":[10.6738,218.923,16.6375],"stabilizedTipPosition":[11.5033,200.826,19.5837],"timeVisible":33.5417,"tipPosition":[24.6927,218.627,-26.332],"tipVelocity":[109.944,240.136,-230.396],"tool":false,"touchDistance":-0.530341,"touchZone":"hovering","type":0,"width":20.194},{"bases":[[[0.930464,-0.176085,-0.321297],[0.343604,0.72377,0.598408],[0.127174,-0.667196,0.733946]],[[0.937393,-0.225767,-0.265185],[0.335491,0.789749,0.513559],[0.0934849,-0.570374,0.816048]],[[0.937393,-0.225767,-0.265185],[0.305811,0.897933,0.316539],[0.166654,-0.377818,0.910758]],[[0.937393,-0.225767,-0.265185],[0.271998,0.950124,0.152582],[0.217511,-0.215159,0.952048]]],"btipPosition":[31.5968,299.351,-70.4879],"carpPosition":[52.6553,213.192,56.4949],"dipPosition":[35.3028,295.685,-54.2666],"direction":[-0.166654,0.377818,-0.910758],"extended":true,"handId":701,"id":7011,"length":58.6448,"mcpPosition":[43.325,262.141,2.64824],"pipPosition":[39.3198,286.578,-32.3141],"stabilizedTipPosition":[31.9093,280.324,-25.2991],"timeVisible":33.5417,"tipPosition":[32.0042,297.752,-66.9866],"tipVelocity":[69.4088,241.281,-201.138],"tool":false,"touchDistance":-0.544867,"touchZone":"touching","type":1,"width":19.2893},{"bases":[[[0.86679,-0.385394,-0.316459],[0.498672,0.668758,0.551443],[-0.000888778,-0.635794,0.771858]],[[0.866501,-0.401068,-0.297189],[0.140996,0.767762,-0.625029],[0.47885,0.499686,0.721815]],[[0.866501,-0.401068,-0.297189],[-0.460363,-0.411897,-0.786388],[0.192984,0.818221,-0.541546]],[[0.866501,-0.401068,-0.297189],[-0.481554,-0.828414,-0.28607],[-0.131462,0.390992,-0.910957]]],"btipPosition":[38.5023,202.36,-2.79237],"carpPosition":[64.4663,212.673,53.1768],"dipPosition":[36.0387,209.688,-19.8637],"direction":[-0.192984,-0.818221,0.541546],"extended":false,"handId":701,"id":7012,"length":66.821,"mcpPosition":[64.5282,256.909,-0.525209],"pipPosition":[41.5113,232.89,-35.2207],"stabilizedTipPosition":[23.179,186.557,31.8339],"timeVisible":33.5417,"tipPosition":[37.8483,204.259,-7.28777],"tipVelocity":[139.989,219.296,-217.16],"tool":false,"touchDistance":0.333333,"touchZone":"none","type":2,"width":18.9446},{"bases":[[[0.817137,-0.524066,-0.240088],[0.559044,0.618905,0.551748],[-0.140561,-0.585073,0.798706]],[[0.82053,-0.508603,-0.260871],[0.237915,0.718855,-0.65318],[0.519738,0.473889,0.710846]],[[0.82053,-0.508603,-0.260871],[-0.488791,-0.387717,-0.781511],[0.296335,0.768764,-0.566734]],[[0.82053,-0.508603,-0.260871],[-0.568289,-0.774936,-0.276624],[-0.0614664,0.375228,-0.924892]]],"btipPosition":[54.0637,196.3,0.50662],"carpPosition":[75.4818,209.096,49.1825],"dipPosition":[52.9184,203.291,-16.7262],"direction":[-0.296335,-0.768764,0.566734],"extended":false,"handId":701,"id":7013,"length":64.2502,"mcpPosition":[84.2622,245.643,-0.710045],"pipPosition":[61.1048,224.529,-32.3825],"stabilizedTipPosition":[39.9636,176.839,38.5257],"timeVisible":33.5417,"tipPosition":[54.0657,197.72,-2.63335],"tipVelocity":[140.571,245.69,-240.428],"tool":false,"touchDistance":0.333333,"touchZone":"none","type":3,"width":18.027},{"bases":[[[0.691698,-0.683269,-0.233875],[0.664704,0.475722,0.576071],[-0.282351,-0.553925,0.783227]],[[0.625154,-0.776369,-0.08021],[0.54786,0.509689,-0.663376],[0.555906,0.370768,0.743975]],[[0.625154,-0.776369,-0.08021],[-0.488622,-0.30916,-0.815885],[0.60863,0.549246,-0.572624]],[[0.625154,-0.776369,-0.08021],[-0.758293,-0.57981,-0.298015],[0.184863,0.247128,-0.951185]]],"btipPosition":[65.3111,203.215,-0.9395],"carpPosition":[83.635,199.219,43.0651],"dipPosition":[68.4887,207.463,-17.2895],"direction":[-0.60863,-0.549246,0.572624],"extended":false,"handId":701,"id":7014,"length":50.3709,"mcpPosition":[99.9619,231.25,-2.22479],"pipPosition":[80.3598,218.176,-28.4584],"stabilizedTipPosition":[53.343,182.657,34.2681],"timeVisible":33.5417,"tipPosition":[66.1064,204.058,-4.00912],"tipVelocity":[139.035,258.533,-226.468],"tool":false,"touchDistance":0.333333,"touchZone":"none","type":4,"width":16.013}],"r":[[0.934705,-0.14513,0.324444],[0.0965749,0.982197,0.16113],[-0.342053,-0.119275,0.93208]],"s":0.882835,"t":[59.6046,14.3315,-93.2872],"timestamp":523936685699},false],[5,{"currentFrameRate":110.587,"devices":[],"gestures":[],"hands":[{"armBasis":[[0.887778,-0.17871,-0.424162],[0.347822,0.864035,0.363957],[0.301448,-0.470645,0.82923]],"armWidth":63.5437,"confidence":0.60036,"direction":[0.0844526,0.735137,-0.672638],"elbow":[149.663,72.4242,271.834],"grabStrength":0,"id":701,"palmNormal":[-0.344159,-0.611985,-0.71206],"palmPosition":[64.4541,238.315,10.8027],"palmVelocity":[90.2161,277.083,-208.843],"palmWidth":90.7382,"pinchStrength":0.886502,"r":[[0.9341,-0.13641,0.329923],[0.0854084,0.982675,0.164483],[-0.346645,-0.125465,0.929568]],"s":0.883265,"sphereCenter":[45.6355,230.873,-28.7592],"sphereRadius":45.2557,"stabilizedPalmPosition":[59.295,213.882,53.2616],"t":[60.4007,17.0398,-95.145],"timeVisible":33.5508,"type":"right","wrist":[68.4972,199.147,48.5618]}],"id":4300569,"interactionBox":{"center":[0,200,0],"size":[235.247,235.247,147.751]},"pointables":[{"bases":[[[0.700589,0.573474,0.424621],[-0.631613,0.221492,0.742971],[0.332024,-0.788713,0.517389]],[[0.507537,0.842558,0.180286],[-0.679573,0.262803,0.68492],[0.529705,-0.47014,0.705962]],[[0.507537,0.842558,0.180286],[-0.861612,0.497634,0.0999248],[-0.00552404,-0.206052,0.978525]],[[0.507537,0.842558,0.180286],[-0.415267,0.422529,-0.805619],[-0.754956,0.334014,0.564336]]],"btipPosition":[29.3574,220.952,-32.6728],"carpPosition":[37.9181,198.338,48.9116],"dipPosition":[11.7376,228.747,-19.5019],"direction":[0.00552404,0.206052,-0.978525],"extended":false,"handId":701,"id":7010,"length":51.9721,"mcpPosition":[37.9181,198.338,48.9116],"pipPosition":[11.5497,221.741,13.7692],"stabilizedTipPosition":[12.058,201.707,17.6052],"timeVisible":33.5508,"tipPosition":[25.8048,222.275,-29.2127],"tipVelocity":[111.249,289.003,-254.295],"tool":false,"touchDistance":-0.548765,"touchZone":"hovering","type":0,"width":20.194},{"bases":[[[0.93601,-0.164059,-0.3114],[0.329411,0.71998,0.610833],[0.123989,-0.674324,0.727952]],[[0.942682,-0.21428,-0.255802],[0.32183,0.786398,0.52726],[0.0881813,-0.579363,0.810285]],[[0.942682,-0.21428,-0.255802],[0.293699,0.896685,0.331204],[0.158404,-0.387349,0.908223]],[[0.942682,-0.21428,-0.255802],[0.261506,0.950569,0.167431],[0.207281,-0.224729,0.95212]]],"btipPosition":[32.8269,303.23,-72.2369],"carpPosition":[53.0512,215.77,53.9994],"dipPosition":[36.3586,299.401,-56.0143],"direction":[-0.158404,0.387349,-0.908223],"extended":true,"handId":701,"id":7011,"length":58.6448,"mcpPosition":[43.9547,265.242,0.592472],"pipPosition":[40.1767,290.064,-34.123],"stabilizedTipPosition":[32.0545,282.173,-28.9259],"timeVisible":33.5508,"tipPosition":[33.215,301.601,-68.7499],"tipVelocity":[86.4768,291.624,-198.81],"tool":false,"touchDistance":-0.544945,"touchZone":"touching","type":1,"width":19.2893},{"bases":[[[0.874193,-0.373973,-0.309727],[0.485555,0.6669,0.565227],[-0.00482324,-0.644507,0.764583]],[[0.873801,-0.389921,-0.290574],[0.147696,0.782117,-0.605374],[0.463311,0.48606,0.741005]],[[0.873801,-0.389921,-0.290574],[-0.444167,-0.396715,-0.803326],[0.197958,0.831011,-0.51984]],[[0.873801,-0.389921,-0.290574],[-0.4713,-0.826246,-0.308535],[-0.119781,0.406546,-0.905744]]],"btipPosition":[39.6041,205.689,-6.27255],"carpPosition":[64.9074,215.395,50.8261],"dipPosition":[37.3594,213.308,-23.2462],"direction":[-0.197958,-0.831011,0.51984],"extended":false,"handId":701,"id":7012,"length":66.821,"mcpPosition":[65.243,260.237,-2.36977],"pipPosition":[42.973,236.873,-37.9877],"stabilizedTipPosition":[24.0498,187.7,29.5345],"timeVisible":33.5508,"tipPosition":[39.0661,207.565,-10.4347],"tipVelocity":[136.39,262.14,-262.476],"tool":false,"touchDistance":0.333333,"touchZone":"none","type":2,"width":18.9446},{"bases":[[[0.824848,-0.513944,-0.235558],[0.54637,0.617591,0.565739],[-0.14528,-0.595351,0.790222]],[[0.828365,-0.498199,-0.256143],[0.23949,0.728304,-0.642042],[0.506415,0.470501,0.722615]],[[0.828365,-0.498199,-0.256143],[-0.4754,-0.383326,-0.791869],[0.296322,0.777727,-0.554378]],[[0.828365,-0.498199,-0.256143],[-0.557643,-0.776891,-0.292359],[-0.0533425,0.385017,-0.921367]]],"btipPosition":[55.3239,199.53,-2.14515],"carpPosition":[76.0046,211.962,46.9322],"dipPosition":[54.33,206.703,-19.3123],"direction":[-0.296322,-0.777727,0.554378],"extended":false,"handId":701,"id":7013,"length":64.2502,"mcpPosition":[85.0797,249.152,-2.43038],"pipPosition":[62.5159,228.188,-34.6272],"stabilizedTipPosition":[40.9563,178.436,35.5984],"timeVisible":33.5508,"tipPosition":[55.3478,200.986,-5.2812],"tipVelocity":[141.164,277.447,-254.293],"tool":false,"touchDistance":0.333333,"touchZone":"none","type":3,"width":18.027},{"bases":[[[0.700799,-0.674327,-0.232732],[0.653016,0.475096,0.589791],[-0.287142,-0.565303,0.773293]],[[0.632816,-0.770128,-0.0802906],[0.554766,0.523289,-0.646841],[0.540166,0.364789,0.758386]],[[0.632816,-0.770128,-0.0802906],[-0.472222,-0.301676,-0.82825],[0.613637,0.562045,-0.554577]],[[0.632816,-0.770128,-0.0802906],[-0.748722,-0.582178,-0.316993],[0.197381,0.260713,-0.945023]]],"btipPosition":[66.5194,206.611,-3.58796],"carpPosition":[84.324,202.23,40.8083],"dipPosition":[69.9122,211.093,-19.8321],"direction":[-0.613637,-0.562045,0.554577],"extended":false,"handId":701,"id":7014,"length":50.3709,"mcpPosition":[100.928,234.918,-3.90719],"pipPosition":[81.881,222.055,-30.6489],"stabilizedTipPosition":[54.5293,184.781,30.7328],"timeVisible":33.5508,"tipPosition":[67.3518,207.491,-6.60456],"tipVelocity":[138.919,292.169,-243.81],"tool":false,"touchDistance":0.333333,"touchZone":"none","type":4,"width":16.013}],"r":[[0.9341,-0.13641,0.329923],[0.0854084,0.982675,0.164483],[-0.346645,-0.125465,0.929568]],"s":0.883265,"t":[60.4007,17.0398,-95.145],"timestamp":523936694773},false],[6,{"currentFrameRate":110.612,"devices":[],"gestures":[],"hands":[{"armBasis":[[0.889717,-0.162916,-0.426452],[0.332969,0.870654,0.362067],[0.312306,-0.464133,0.828882]],"armWidth":63.5437,"confidence":0.636506,"direction":[0.0871658,0.735987,-0.671361],"elbow":[153.097,76.8268,270.066],"grabStrength":0,"id":701,"palmNormal":[-0.327045,-0.615433,-0.717136],"palmPosition":[65.1399,240.922,9.06653],"palmVelocity":[86.3739,280.566,-204.48],"palmWidth":90.7382,"pinchStrength":0.887669,"r":[[0.932767,-0.127549,0.337159],[0.0739458,0.983122,0.167344],[-0.352813,-0.131162,0.926455]],"s":0.883783,"sphereCenter":[47.0478,233.234,-30.8609],"sphereRadius":45.2823,"stabilizedPalmPosition":[59.7689,216.075,49.6783],"t":[61.1417,19.6975,-96.9419],"timeVisible":33.5598,"type":"right","wrist":[69.0079,201.796,46.8872]}],"id":4300570,"interactionBox":{"center":[0,200,0],"size":[235.247,235.247,147.751]},"pointables":[{"bases":[[[0.688175,0.580568,0.435151],[-0.645053,0.215013,0.733264],[0.332146,-0.785309,0.522464]],[[0.49774,0.846328,0.189696],[-0.691735,0.255421,0.675472],[0.523218,-0.467429,0.712568]],[[0.49774,0.846328,0.189696],[-0.867266,0.488241,0.0973179],[-0.0102547,-0.212956,0.977008]],[[0.49774,0.846328,0.189696],[-0.416431,0.42505,-0.80369],[-0.760816,0.321033,0.564001]]],"btipPosition":[30.4966,223.692,-35.0814],"carpPosition":[38.4368,200.675,46.7725],"dipPosition":[12.74,231.184,-21.9183],"direction":[0.0102547,0.212956,-0.977008],"extended":false,"handId":701,"id":7010,"length":51.9721,"mcpPosition":[38.4368,200.675,46.7725],"pipPosition":[12.3913,223.944,11.3012],"stabilizedTipPosition":[12.7858,202.909,15.0873],"timeVisible":33.5598,"tipPosition":[26.9785,224.847,-31.6259],"tipVelocity":[114.505,291.14,-258.025],"tool":false,"touchDistance":-0.558377,"touchZone":"hovering","type":0,"width":20.194},{"bases":[[[0.942257,-0.154497,-0.297124],[0.312737,0.723276,0.615685],[0.119781,-0.673055,0.729829]],[[0.948587,-0.204542,-0.241549],[0.305806,0.789112,0.532714],[0.0816468,-0.579193,0.811091]],[[0.948587,-0.204542,-0.241549],[0.279608,0.899161,0.336643],[0.148334,-0.386874,0.910124]],[[0.948587,-0.204542,-0.241549],[0.249432,0.952877,0.172654],[0.194852,-0.224027,0.954906]]],"btipPosition":[34.1313,305.597,-74.4142],"carpPosition":[53.3124,218.26,52.0876],"dipPosition":[37.4512,301.78,-58.1442],"direction":[-0.148334,0.386874,-0.910124],"extended":true,"handId":701,"id":7011,"length":58.6448,"mcpPosition":[44.5246,267.64,-1.45704],"pipPosition":[41.0266,292.454,-36.207],"stabilizedTipPosition":[32.3377,284.421,-33.0886],"timeVisible":33.5598,"tipPosition":[34.4947,303.968,-70.9255],"tipVelocity":[101.048,283.857,-210.328],"tool":false,"touchDistance":-0.55128,"touchZone":"touching","type":1,"width":19.2893},{"bases":[[[0.882564,-0.365031,-0.296366],[0.470088,0.671791,0.572463],[-0.00987047,-0.644553,0.764496]],[[0.882042,-0.381026,-0.277167],[0.153464,0.788497,-0.595585],[0.445479,0.482795,0.753961]],[[0.882042,-0.381026,-0.277167],[-0.425795,-0.392721,-0.815149],[0.201744,0.837012,-0.508636]],[[0.882042,-0.381026,-0.277167],[-0.458819,-0.8284,-0.321306],[-0.107179,0.410575,-0.905506]]],"btipPosition":[40.7801,208.215,-8.94267],"carpPosition":[65.2187,218.007,49.0948],"dipPosition":[38.7716,215.909,-25.9118],"direction":[-0.201744,-0.837012,0.508636],"extended":false,"handId":701,"id":7012,"length":66.821,"mcpPosition":[65.9054,262.852,-4.09493],"pipPosition":[44.4926,239.645,-40.3356],"stabilizedTipPosition":[25.0808,189.112,26.8486],"timeVisible":33.5598,"tipPosition":[40.3381,210.033,-12.8771],"tipVelocity":[136.485,267.774,-271.853],"tool":false,"touchDistance":0.333333,"touchZone":"none","type":2,"width":18.9446},{"bases":[[[0.833527,-0.505501,-0.22294],[0.531388,0.623105,0.573904],[-0.151194,-0.596832,0.787992]],[[0.837208,-0.489661,-0.243545],[0.241487,0.730567,-0.638714],[0.49068,0.475924,0.729883]],[[0.837208,-0.489661,-0.243545],[-0.459586,-0.388572,-0.798619],[0.296418,0.780541,-0.550357]],[[0.837208,-0.489661,-0.243545],[-0.545143,-0.782729,-0.300256],[-0.0436063,0.384144,-0.922243]]],"btipPosition":[56.6138,202.044,-3.98622],"carpPosition":[76.4081,214.687,45.3704],"dipPosition":[55.8014,209.202,-21.1697],"direction":[-0.296418,-0.780541,0.550357],"extended":false,"handId":701,"id":7013,"length":64.2502,"mcpPosition":[85.8527,251.97,-3.85287],"pipPosition":[63.99,230.764,-36.3735],"stabilizedTipPosition":[42.1775,180.429,32.1617],"timeVisible":33.5598,"tipPosition":[56.6597,203.506,-7.15258],"tipVelocity":[143.041,277.882,-240.768],"tool":false,"touchDistance":0.333333,"touchZone":"none","type":3,"width":18.027},{"bases":[[[0.71109,-0.66714,-0.22198],[0.639104,0.481703,0.59959],[-0.293082,-0.568231,0.768906]],[[0.641746,-0.763669,-0.0705156],[0.559407,0.529018,-0.638125],[0.52462,0.370067,0.766697]],[[0.641746,-0.763669,-0.0705156],[-0.456293,-0.3063,-0.83545],[0.616408,0.568322,-0.545024]],[[0.641746,-0.763669,-0.0705156],[-0.73784,-0.58972,-0.328365],[0.209178,0.262756,-0.941915]]],"btipPosition":[67.7486,209.248,-5.30066],"carpPosition":[84.9184,205.04,39.3747],"dipPosition":[71.3441,213.764,-21.4913],"direction":[-0.616408,-0.568322,0.545024],"extended":false,"handId":701,"id":7014,"length":50.3709,"mcpPosition":[101.866,237.898,-5.08709],"pipPosition":[83.367,224.849,-32.1218],"stabilizedTipPosition":[55.9658,187.39,26.6669],"timeVisible":33.5598,"tipPosition":[68.6164,210.137,-8.31399],"tipVelocity":[139.706,292.637,-228.756],"tool":false,"touchDistance":0.333333,"touchZone":"none","type":4,"width":16.013}],"r":[[0.932767,-0.127549,0.337159],[0.0739458,0.983122,0.167344],[-0.352813,-0.131162,0.926455]],"s":0.883783,"t":[61.1417,19.6975,-96.9419],"timestamp":523936703771},false],[7,{"currentFrameRate":110.63,"devices":[],"gestures":[],"hands":[{"armBasis":[[0.897368,-0.160689,-0.410986],[0.323875,0.87241,0.366068],[0.299725,-0.4