{"sensorType":"Leap","data":[[0,{"currentFrameRate":108.573,"devices":[],"gestures":[],"hands":[{"armBasis":[[0.878378,-0.174577,-0.444943],[0.373888,0.830893,0.412097],[0.297758,-0.528336,0.795111]],"armWidth":63.5437,"confidence":0.610989,"direction":[0.0880545,0.774106,-0.626902],"elbow":[148.639,65.8797,265.063],"grabStrength":0,"id":701,"palmNormal":[-0.371032,-0.558571,-0.741845],"palmPosition":[64.5828,249.68,15.8321],"palmVelocity":[76.0981,244.773,-198.467],"palmWidth":90.7382,"pinchStrength":0.935756,"r":[[0.932803,-0.174815,0.315147],[0.10517,0.968452,0.225919],[-0.344699,-0.177594,0.921761]],"s":0.873995,"sphereCenter":[45.8626,244.494,-24.3675],"sphereRadius":45.1503,"stabilizedPalmPosition":[62.9007,237.362,28.6626],"t":[60.5897,28.7635,-90.2271],"timeVisible":27.1335,"type":"right","wrist":[68.4667,208.136,50.9776]}],"id":4299875,"interactionBox":{"center":[0,200,0],"size":[235.247,235.247,147.751]},"pointables":[{"bases":[[[0.721034,0.530771,0.445413],[-0.612414,0.187462,0.767989],[0.324128,-0.826523,0.460218]],[[0.535294,0.813212,0.228357],[-0.660489,0.234468,0.713287],[0.526512,-0.532646,0.662627]],[[0.535294,0.813212,0.228357],[-0.844534,0.510494,0.161736],[0.0149506,-0.279431,0.960049]],[[0.535294,0.813212,0.228357],[-0.400614,0.482438,-0.77895],[-0.743619,0.325484,0.58403]]],"btipPosition":[28.5266,236.367,-27.3644],"carpPosition":[37.8892,207.948,51.8942],"dipPosition":[11.1714,243.964,-13.7338],"direction":[-0.0149506,0.279431,-0.960049],"extended":false,"handId":701,"id":7010,"length":51.9721,"mcpPosition":[37.8892,207.948,51.8942],"pipPosition":[11.6797,234.463,18.909],"stabilizedTipPosition":[22.808,215.819,12.2755],"timeVisible":27.1335,"tipPosition":[24.8736,237.651,-23.5812],"tipVelocity":[100.134,248.701,-245.748],"tool":false,"touchDistance":-0.497255,"touchZone":"hovering","type":0,"width":20.194},{"bases":[[[0.926097,-0.16372,-0.339912],[0.356779,0.673013,0.647891],[0.122692,-0.721283,0.681687]],[[0.933132,-0.223769,-0.281409],[0.349431,0.748687,0.563353],[0.0846266,-0.624016,0.776816]],[[0.933132,-0.223769,-0.281409],[0.321508,0.869682,0.374548],[0.160925,-0.439978,0.883472]],[[0.933132,-0.223769,-0.281409],[0.288659,0.932897,0.215359],[0.214335,-0.28219,0.935109]]],"btipPosition":[33.341,319.769,-62.766],"carpPosition":[53.4989,224.704,57.7556],"dipPosition":[36.9929,314.961,-46.8333],"direction":[-0.160925,0.439978,-0.883472],"extended":true,"handId":701,"id":7011,"length":58.6448,"mcpPosition":[44.4975,277.621,7.74293],"pipPosition":[40.8718,304.356,-25.5386],"stabilizedTipPosition":[35.7722,297.185,-33.9913],"timeVisible":27.1335,"tipPosition":[33.625,318.096,-59.2615],"tipVelocity":[69.5615,264.966,-181.723],"tool":false,"touchDistance":-0.470143,"touchZone":"hovering","type":1,"width":19.2893},{"bases":[[[0.859676,-0.37198,-0.350125],[0.510817,0.619646,0.595907],[-0.00471236,-0.691137,0.722709]],[[0.8593,-0.388863,-0.332247],[0.177022,0.835557,-0.520103],[0.47986,0.38811,0.786832]],[[0.8593,-0.388863,-0.332247],[-0.465028,-0.323522,-0.824065],[0.21296,0.862623,-0.458835]],[[0.8593,-0.388863,-0.332247],[-0.492447,-0.804529,-0.332008],[-0.138196,0.448909,-0.882827]]],"btipPosition":[39.0951,220.837,-4.2214],"carpPosition":[65.2819,224.281,54.326],"dipPosition":[36.5053,229.25,-20.7656],"direction":[-0.21296,-0.862623,0.458835],"extended":false,"handId":701,"id":7012,"length":66.821,"mcpPosition":[65.6098,272.367,4.04359],"pipPosition":[42.5443,253.712,-33.7771],"stabilizedTipPosition":[33.2897,202.577,19.378],"timeVisible":27.1335,"tipPosition":[38.4929,222.765,-8.06931],"tipVelocity":[119.705,227.771,-230.04],"tool":false,"touchDistance":0.333333,"touchZone":"none","type":2,"width":18.9446},{"bases":[[[0.808643,-0.515278,-0.283875],[0.570522,0.569138,0.592104],[-0.143534,-0.640757,0.754207]],[[0.813728,-0.489287,-0.313758],[0.235802,0.771277,-0.59121],[0.531266,0.407099,0.742985]],[[0.813728,-0.489287,-0.313758],[-0.506696,-0.332648,-0.795364],[0.284791,0.80619,-0.518605]],[[0.813728,-0.489287,-0.313758],[-0.574482,-0.759127,-0.306098],[-0.0884124,0.429329,-0.89881]]],"btipPosition":[55.2996,212.485,0.857776],"carpPosition":[76.2247,220.868,50.0014],"dipPosition":[53.6523,220.484,-15.8891],"direction":[-0.284791,-0.80619,0.518605],"extended":false,"handId":701,"id":7013,"length":64.2502,"mcpPosition":[85.1908,260.894,2.88864],"pipPosition":[61.5197,242.755,-30.2158],"stabilizedTipPosition":[49.9563,192.753,25.5908],"timeVisible":27.1335,"tipPosition":[55.1338,213.99,-2.01646],"tipVelocity":[120.691,258.04,-257.62],"tool":false,"touchDistance":0.333333,"touchZone":"none","type":3,"width":18.027},{"bases":[[[0.681138,-0.672883,-0.28858],[0.674412,0.423205,0.605034],[-0.284989,-0.606734,0.742062]],[[0.612641,-0.778109,-0.138626],[0.557752,0.549905,-0.621705],[0.559985,0.303563,0.770887]],[[0.612641,-0.778109,-0.138626],[-0.503547,-0.249079,-0.827284],[0.609189,0.576633,-0.544411]],[[0.612641,-0.778109,-0.138626],[-0.772544,-0.552514,-0.312896],[0.166875,0.298788,-0.939616]]],"btipPosition":[66.1921,219.365,-0.208578],"carpPosition":[84.209,211.368,43.1137],"dipPosition":[69.0605,224.501,-16.3597],"direction":[-0.609189,-0.576633,0.544411],"extended":false,"handId":701,"id":7014,"length":50.3709,"mcpPosition":[100.688,246.452,0.204209],"pipPosition":[80.9426,235.748,-26.9783],"stabilizedTipPosition":[62.4034,199.206,22.4534],"timeVisible":27.1335,"tipPosition":[66.9271,220.293,-3.19707],"tipVelocity":[120.609,263.323,-230.45],"tool":false,"touchDistance":0.333333,"touchZone":"none","type":4,"width":16.013}],"r":[[0.932803,-0.174815,0.315147],[0.10517,0.968452,0.225919],[-0.344699,-0.177594,0.921761]],"s":0.873995,"t":[60.5897,28.7635,-90.2271],"timestamp":523930277416},false],[1,{"currentFrameRate":108.627,"devices":[],"gestures":[],"hands":[{"armBasis":[[0.879244,-0.164169,-0.44719],[0.365015,0.83537,0.410999],[0.306096,-0.524599,0.794418]],"armWidth":63.5437,"confidence":0.646584,"direction":[0.0851414,0.771086,-0.631012],"elbow":[151.82,69.0228,263.29],"grabStrength":0,"id":701,"palmNormal":[-0.362435,-0.565958,-0.740494],"palmPosition":[65.3713,251.576,13.9788],"palmVelocity":[79.0034,234.612,-199.858],"palmWidth":90.7382,"pinchStrength":0.920305,"r":[[0.932613,-0.167078,0.319871],[0.0955485,0.969059,0.227587],[-0.347999,-0.181687,0.919721]],"s":0.874245,"sphereCenter":[47.0359,245.869,-26.4385],"sphereRadius":45.164,"stabilizedPalmPosition":[63.3222,239.787,26.1579],"t":[61.352,30.8863,-92.0268],"timeVisible":27.1426,"type":"right","wrist":[69.403,210.273,49.3911]}],"id":4299876,"interactionBox":{"center":[0,200,0],"size":[235.247,235.247,147.751]},"pointables":[{"bases":[[[0.714256,0.539274,0.44612],[-0.61808,0.186974,0.763556],[0.328353,-0.821112,0.466862]],[[0.529713,0.816736,0.228794],[-0.665682,0.233165,0.708874],[0.525616,-0.527803,0.667197]],[[0.529713,0.816736,0.228794],[-0.847917,0.503244,0.166678],[0.0209927,-0.282289,0.9591]],[[0.529713,0.816736,0.228794],[-0.412936,0.483952,-0.771541],[-0.74087,0.314218,0.593615]]],"btipPosition":[29.2359,238.379,-29.5331],"carpPosition":[38.8235,209.84,50.1444],"dipPosition":[11.9448,245.712,-15.6788],"direction":[-0.0209927,0.28229,-0.9591],"extended":false,"handId":701,"id":7010,"length":51.9721,"mcpPosition":[38.8235,209.84,50.1444],"pipPosition":[12.6586,236.114,16.9317],"stabilizedTipPosition":[22.9101,216.829,10.6668],"timeVisible":27.1426,"tipPosition":[25.685,239.457,-25.7192],"tipVelocity":[94.4094,239.13,-242.063],"tool":false,"touchDistance":-0.507622,"touchZone":"hovering","type":0,"width":20.194},{"bases":[[[0.929231,-0.158139,-0.333947],[0.34776,0.679723,0.645786],[0.124867,-0.716218,0.686614]],[[0.936443,-0.217845,-0.274988],[0.34029,0.754643,0.560997],[0.0853071,-0.618917,0.78081]],[[0.936443,-0.217845,-0.274988],[0.312537,0.874097,0.371853],[0.15936,-0.434163,0.886627]],[[0.936443,-0.217845,-0.274988],[0.280185,0.936119,0.212551],[0.211118,-0.276089,0.937659]]],"btipPosition":[34.01,320.989,-65.1839],"carpPosition":[54.2641,226.757,55.9898],"dipPosition":[37.6071,316.285,-49.2078],"direction":[-0.15936,0.434163,-0.886627],"extended":true,"handId":701,"id":7011,"length":58.6448,"mcpPosition":[45.1031,279.304,5.61569],"pipPosition":[41.4482,305.82,-27.837],"stabilizedTipPosition":[35.6956,299.047,-36.2471],"timeVisible":27.1426,"tipPosition":[34.2961,319.336,-61.6701],"tipVelocity":[70.2556,229.341,-204.647],"tool":false,"touchDistance":-0.487581,"touchZone":"hovering","type":1,"width":19.2893},{"bases":[[[0.864567,-0.366993,-0.343278],[0.502508,0.627312,0.594949],[-0.00299953,-0.686874,0.726771]],[[0.864232,-0.383774,-0.325301],[0.173034,0.833899,-0.524091],[0.472401,0.396648,0.787088]],[[0.864232,-0.383774,-0.325301],[-0.457893,-0.332163,-0.824622],[0.208415,0.861618,-0.462793]],[[0.864232,-0.383774,-0.325301],[-0.484065,-0.810474,-0.329867],[-0.137054,0.442549,-0.886209]]],"btipPosition":[40.2286,222.408,-6.04042],"carpPosition":[66.0686,226.411,52.6263],"dipPosition":[37.6602,230.701,-22.648],"direction":[-0.208415,-0.861618,0.462793],"extended":false,"handId":701,"id":7012,"length":66.821,"mcpPosition":[66.2773,274.2,2.06125],"pipPosition":[43.5704,255.135,-35.7717],"stabilizedTipPosition":[33.6498,203.81,17.7196],"timeVisible":27.1426,"tipPosition":[39.6317,224.308,-9.90239],"tipVelocity":[121.172,211.592,-222.073],"tool":false,"touchDistance":0.333333,"touchZone":"none","type":2,"width":18.9446},{"bases":[[[0.814345,-0.51031,-0.276453],[0.562642,0.577274,0.591768],[-0.142396,-0.637447,0.757222]],[[0.81938,-0.48446,-0.306456],[0.240017,0.77541,-0.584065],[0.520585,0.405016,0.751634]],[[0.81938,-0.48446,-0.306456],[-0.496107,-0.331428,-0.802517],[0.287219,0.809601,-0.51191]],[[0.81938,-0.48446,-0.306456],[-0.56715,-0.762884,-0.310402],[-0.0834131,0.428143,-0.899853]]],"btipPosition":[56.3816,214.493,-1.50189],"carpPosition":[77.0621,223.062,48.381],"dipPosition":[54.8274,222.47,-18.2682],"direction":[-0.287219,-0.809601,0.51191],"extended":false,"handId":701,"id":7013,"length":64.2502,"mcpPosition":[85.9571,262.881,1.07987],"pipPosition":[62.762,244.836,-32.4099],"stabilizedTipPosition":[50.3904,194.44,23.3765],"timeVisible":27.1426,"tipPosition":[56.2404,215.951,-4.27102],"tipVelocity":[120.818,247.466,-258.16],"tool":false,"touchDistance":0.333333,"touchZone":"none","type":3,"width":18.027},{"bases":[[[0.688157,-0.668978,-0.280906],[0.667647,0.432274,0.606124],[-0.284055,-0.604654,0.744114]],[[0.619377,-0.774244,-0.130071],[0.559185,0.551347,-0.619135],[0.551076,0.310744,0.774438]],[[0.619377,-0.774244,-0.130071],[-0.495056,-0.256576,-0.830114],[0.609338,0.578545,-0.542211]],[[0.619377,-0.774244,-0.130071],[-0.766281,-0.560128,-0.314754],[0.17084,0.294622,-0.940219]]],"btipPosition":[67.3331,221.246,-2.00579],"carpPosition":[85.1608,213.588,41.5929],"dipPosition":[70.2696,226.31,-18.1673],"direction":[-0.609338,-0.578545,0.542211],"extended":false,"handId":701,"id":7014,"length":50.3709,"mcpPosition":[101.586,248.552,-1.43524],"pipPosition":[82.1546,237.594,-28.7429],"stabilizedTipPosition":[62.9108,201.307,19.903],"timeVisible":27.1426,"tipPosition":[68.0704,222.152,-4.9854],"tipVelocity":[122.379,247.042,-221.334],"tool":false,"touchDistance":0.333333,"touchZone":"none","type":4,"width":16.013}],"r":[[0.932613,-0.167078,0.319871],[0.0955485,0.969059,0.227587],[-0.347999,-0.181687,0.919721]],"s":0.874245,"t":[61.352,30.8863,-92.0268],"timestamp":523930286524},false],[2,{"currentFrameRate":108.747,"devices":[],"gestures":[],"hands":[{"armBasis":[[0.884613,-0.159008,-0.438379],[0.355978,0.83751,0.414556],[0.301229,-0.522775,0.797476]],"armWidth":63.5437,"confidence":0.678492,"direction":[0.0812405,0.769671,-0.633251],"elbow":[151.422,71.2868,262.886],"grabStrength":0,"id":701,"palmNormal":[-0.353858,-0.571688,-0.740242],"palmPosition":[66.083,253.19,12.5905],"palmVelocity":[79.0696,219.582,-187.449],"palmWidth":90.7382,"pinchStrength":0.904451,"r":[[0.932373,-0.159007,0.324648],[0.0858939,0.969793,0.228305],[-0.351144,-0.18498,0.917867]],"s":0.874811,"sphereCenter":[48.1309,247.065,-28.0259],"sphereRadius":45.1965,"stabilizedPalmPosition":[63.8061,242.136,23.7796],"t":[62.0889,32.7549,-93.6209],"timeVisible":27.1516,"type":"right","wrist":[70.3156,212.045,48.1631]}],"id":4299877,"interactionBox":{"center":[0,200,0],"size":[235.247,235.247,147.751]},"pointables":[{"bases":[[[0.707292,0.547152,0.447619],[-0.623334,0.184029,0.759993],[0.333457,-0.816552,0.47122]],[[0.523877,0.819829,0.231157],[-0.67079,0.229819,0.705141],[0.524971,-0.524465,0.67033]],[[0.523877,0.819829,0.231157],[-0.851272,0.494407,0.175777],[0.0298212,-0.288863,0.956906]],[[0.523877,0.819829,0.231157],[-0.424397,0.486515,-0.763669],[-0.73854,0.301966,0.602807]]],"btipPosition":[29.8279,240.224,-31.1994],"carpPosition":[39.7379,211.342,48.774],"dipPosition":[12.5912,247.271,-17.1306],"direction":[-0.0298212,0.288863,-0.956906],"extended":false,"handId":701,"id":7010,"length":51.9721,"mcpPosition":[39.7379,211.342,48.774],"pipPosition":[13.6052,237.449,15.4054],"stabilizedTipPosition":[23.0484,218,8.85801],"timeVisible":27.1516,"tipPosition":[26.3746,241.099,-27.371],"tipVelocity":[86.9813,227.889,-225.063],"tool":false,"touchDistance":-0.509447,"touchZone":"hovering","type":0,"width":20.194},{"bases":[[[0.932177,-0.150954,-0.329027],[0.338616,0.684994,0.645075],[0.128004,-0.712738,0.689652]],[[0.93965,-0.210503,-0.269716],[0.330972,0.759009,0.56068],[0.086692,-0.616112,0.782874]],[[0.93965,-0.210503,-0.269716],[0.303328,0.877227,0.37211],[0.158272,-0.431465,0.888137]],[[0.93965,-0.210503,-0.269716],[0.27148,0.938503,0.213332],[0.208222,-0.27368,0.939012]]],"btipPosition":[34.531,322.166,-66.9106],"carpPosition":[54.999,228.416,54.6338],"dipPosition":[38.0787,317.503,-50.9114],"direction":[-0.158272,0.431465,-0.888137],"extended":true,"handId":701,"id":7011,"length":58.6448,"mcpPosition":[45.6078,280.707,4.03686],"pipPosition":[41.8936,307.104,-29.5042],"stabilizedTipPosition":[35.6667,300.875,-38.4838],"timeVisible":27.1516,"tipPosition":[34.82,320.506,-63.4],"tipVelocity":[66.5534,202.701,-201.09],"tool":false,"touchDistance":-0.492977,"touchZone":"hovering","type":1,"width":19.2893},{"bases":[[[0.869425,-0.360408,-0.337943],[0.494065,0.633798,0.595147],[-0.000308041,-0.684402,0.729105]],[[0.869155,-0.377131,-0.31991],[0.16807,0.833636,-0.526121],[0.465105,0.403513,0.787943]],[[0.869155,-0.377131,-0.31991],[-0.450996,-0.33903,-0.825628],[0.202911,0.861876,-0.464754]],[[0.869155,-0.377131,-0.31991],[-0.475244,-0.815883,-0.329359],[-0.136797,0.438299,-0.888358]]],"btipPosition":[41.2966,223.731,-7.44725],"carpPosition":[66.8219,228.164,51.327],"dipPosition":[38.733,231.945,-24.0951],"direction":[-0.202911,-0.861876,0.464754],"extended":false,"handId":701,"id":7012,"length":66.821,"mcpPosition":[66.8433,275.781,0.599628],"pipPosition":[44.4871,256.386,-37.2744],"stabilizedTipPosition":[34.0811,205.143,15.9477],"timeVisible":27.1516,"tipPosition":[40.7012,225.613,-11.318],"tipVelocity":[120.589,193.429,-204.422],"tool":false,"touchDistance":0.333333,"touchZone":"none","type":2,"width":18.9446},{"bases":[[[0.820168,-0.503941,-0.270863],[0.554657,0.584289,0.592421],[-0.140283,-0.636121,0.75873]],[[0.825114,-0.478153,-0.300927],[0.240545,0.77928,-0.578672],[0.5112,0.405084,0.758012]],[[0.825114,-0.478153,-0.300927],[-0.487002,-0.331955,-0.807858],[0.286385,0.813127,-0.506762]],[[0.825114,-0.478153,-0.300927],[-0.559183,-0.767196,-0.314205],[-0.080632,0.427529,-0.900399]]],"btipPosition":[57.4418,216.158,-3.2482],"carpPosition":[77.8649,224.9,47.1451],"dipPosition":[55.9394,224.124,-20.0247],"direction":[-0.286385,-0.813127,0.506762],"extended":false,"handId":701,"id":7013,"length":64.2502,"mcpPosition":[86.6279,264.636,-0.25025],"pipPosition":[63.8509,246.587,-34.0242],"stabilizedTipPosition":[50.9033,196.241,21.0452],"timeVisible":27.1516,"tipPosition":[57.3082,217.595,-5.97551],"tipVelocity":[120.421,230.385,-240.768],"tool":false,"touchDistance":0.333333,"touchZone":"none","type":3,"width":18.027},{"bases":[[[0.695425,-0.663746,-0.275365],[0.660884,0.440284,0.607769],[-0.282166,-0.604641,0.744843]],[[0.626629,-0.769385,-0.124028],[0.55901,0.554645,-0.616342],[0.542996,0.316884,0.77765]],[[0.626629,-0.769385,-0.124028],[-0.487443,-0.262768,-0.832678],[0.608059,0.582236,-0.53969]],[[0.626629,-0.769385,-0.124028],[-0.759753,-0.567674,-0.317051],[0.173527,0.292904,-0.940263]]],"btipPosition":[68.4066,222.873,-3.37478],"carpPosition":[86.0799,215.475,40.4278],"dipPosition":[71.3893,227.908,-19.5371],"direction":[-0.608059,-0.582236,0.53969],"extended":false,"handId":701,"id":7014,"length":50.3709,"mcpPosition":[102.396,250.438,-2.64254],"pipPosition":[83.2493,239.264,-30.0635],"stabilizedTipPosition":[63.5232,203.558,17.2287],"timeVisible":27.1516,"tipPosition":[69.1442,223.77,-6.35273],"tipVelocity":[121.923,228.787,-202.454],"tool":false,"touchDistance":0.333333,"touchZone":"none","type":4,"width":16.013}],"r":[[0.932373,-0.159007,0.324648],[0.0858939,0.969793,0.228305],[-0.351144,-0.18498,0.917867]],"s":0.874811,"t":[62.0889,32.7549,-93.6209],"timestamp":523930295505},false],[3,{"currentFrameRate":108.775,"devices":[],"gestures":[],"hands":[{"armBasis":[[0.8912,-0.149415,-0.428296],[0.340499,0.844191,0.414007],[0.299705,-0.514798,0.803219]],"armWidth":63.5437,"confidence":0.615005,"direction":[0.0792786,0.771338,-0.631469],"elbow":[151.536,75.6495,262.975],"grabStrength":0,"id":701,"palmNormal":[-0.338229,-0.575072,-0.744912],"palmPosition":[66.5231,255.392,11.1282],"palmVelocity":[70.4644,225.5,-179.797],"palmWidth":90.7382,"pinchStrength":0.888919,"r":[[0.931711,-0.150365,0.330614],[0.0752741,0.970456,0.229237],[-0.355315,-0.188696,0.915503]],"s":0.87583,"sphereCenter":[49.2504,248.983,-29.8094],"sphereRadius":45.2426,"stabilizedPalmPosition":[64.3153,244.62,21.4088],"t":[62.6775,34.7902,-95.149],"timeVisible":27.1607,"type":"right","wrist":[70.8393,214.26,46.7057]}],"id":4299878,"interactionBox":{"center":[0,200,0],"size":[235.247,235.247,147.751]},"pointables":[{"bases":[[[0.695326,0.555165,0.456414],[-0.634349,0.175571,0.752845],[0.33782,-0.812999,0.474247]],[[0.513881,0.823316,0.240992],[-0.681473,0.221145,0.697632],[0.521077,-0.52273,0.674709]],[[0.513881,0.823316,0.240992],[-0.85725,0.482233,0.180482],[0.0323794,-0.299337,0.953598]],[[0.513881,0.823316,0.240992],[-0.432081,0.491092,-0.756395],[-0.741102,0.284569,0.608103]]],"btipPosition":[30.524,242.743,-33.244],"carpPosition":[40.2674,213.185,46.9585],"dipPosition":[13.2275,249.384,-19.0516],"direction":[-0.0323794,0.299337,-0.953598],"extended":false,"handId":701,"id":7010,"length":51.9721,"mcpPosition":[40.2674,213.185,46.9585],"pipPosition":[14.3285,239.206,13.3719],"stabilizedTipPosition":[23.2398,219.438,6.73204],"timeVisible":27.1607,"tipPosition":[27.1203,243.404,-29.4196],"tipVelocity":[83.5473,238.309,-223.805],"tool":false,"touchDistance":-0.517079,"touchZone":"hovering","type":0,"width":20.194},{"bases":[[[0.937717,-0.139257,-0.318266],[0.322725,0.688296,0.64969],[0.128587,-0.711938,0.690369]],[[0.945221,-0.198799,-0.258914],[0.315217,0.76198,0.565706],[0.0848255,-0.616332,0.782905]],[[0.945221,-0.198799,-0.258914],[0.288496,0.879861,0.377643],[0.152733,-0.431652,0.889016]],[[0.945221,-0.198799,-0.258914],[0.257929,0.940988,0.219119],[0.200074,-0.273898,0.940718]]],"btipPosition":[35.0922,324.146,-68.6349],"carpPosition":[55.2507,230.437,53.0138],"dipPosition":[38.5011,319.479,-52.6066],"direction":[-0.152733,0.431652,-0.889016],"extended":true,"handId":701,"id":7011,"length":58.6448,"mcpPosition":[45.8167,282.669,2.36417],"pipPosition":[42.1825,309.075,-31.1782],"stabilizedTipPosition":[35.685,302.813,-40.7942],"timeVisible":27.1607,"tipPosition":[35.3704,322.478,-65.1279],"tipVelocity":[64.1433,206.513,-197.414],"tool":false,"touchDistance":-0.497776,"touchZone":"hovering","type":1,"width":19.2893},{"bases":[[[0.877621,-0.349446,-0.328131],[0.479356,0.639047,0.601529],[-0.000511306,-0.685206,0.728349]],[[0.877343,-0.366193,-0.310117],[0.164078,0.836232,-0.523253],[0.450942,0.408189,0.793746]],[[0.877343,-0.366193,-0.310117],[-0.437177,-0.343497,-0.831195],[0.197854,0.864819,-0.461456]],[[0.877343,-0.366193,-0.310117],[-0.461431,-0.821197,-0.335733],[-0.131724,0.43765,-0.889444]]],"btipPosition":[42.3315,225.659,-9.22875],"carpPosition":[67.1135,230.332,49.8451],"dipPosition":[39.863,233.86,-25.8969],"direction":[-0.197854,-0.864819,0.461456],"extended":false,"handId":701,"id":7012,"length":66.821,"mcpPosition":[67.1491,278.005,-0.829733],"pipPosition":[45.4737,258.384,-38.9827],"stabilizedTipPosition":[34.6044,206.669,13.9716],"timeVisible":27.1607,"tipPosition":[41.7586,227.537,-13.1037],"tipVelocity":[119.2,198.185,-201.907],"tool":false,"touchDistance":0.333333,"touchZone":"none","type":2,"width":18.9446},{"bases":[[[0.82933,-0.493644,-0.261777],[0.540572,0.590279,0.59946],[-0.141398,-0.63866,0.756386]],[[0.834324,-0.46769,-0.291838],[0.237745,0.782887,-0.574948],[0.497373,0.41031,0.764373]],[[0.834324,-0.46769,-0.291838],[-0.473589,-0.337118,-0.813674],[0.282163,0.817079,-0.502758]],[[0.834324,-0.46769,-0.291838],[-0.546059,-0.773773,-0.321085],[-0.0756479,0.42725,-0.900963]]],"btipPosition":[58.5298,218.286,-4.84126],"carpPosition":[78.2434,227.206,45.7891],"dipPosition":[57.1203,226.247,-21.6283],"direction":[-0.282163,-0.817079,0.502758],"extended":false,"handId":701,"id":7013,"length":64.2502,"mcpPosition":[87.0761,267.101,-1.4598],"pipPosition":[64.9151,248.819,-35.5171],"stabilizedTipPosition":[51.5307,198.292,18.4892],"timeVisible":27.1607,"tipPosition":[58.4009,219.727,-7.59385],"tipVelocity":[120.68,231.02,-222.335],"tool":false,"touchDistance":0.333333,"touchZone":"none","type":3,"width":18.027},{"bases":[[[0.706596,-0.654944,-0.2679],[0.648352,0.447555,0.615901],[-0.283481,-0.608887,0.740875]],[[0.636816,-0.762158,-0.116534],[0.563375,0.563157,-0.604535],[0.526378,0.319325,0.788009]],[[0.636816,-0.762158,-0.116534],[-0.471006,-0.264893,-0.841418],[0.610425,0.590717,-0.527669]],[[0.636816,-0.762158,-0.116534],[-0.748851,-0.575422,-0.328804],[0.183544,0.296654,-0.937181]]],"btipPosition":[69.4204,225.217,-5.06716],"carpPosition":[86.6501,217.889,39.1586],"dipPosition":[72.5753,230.316,-21.1765],"direction":[-0.610425,-0.590717,0.527669],"extended":false,"handId":701,"id":7014,"length":50.3709,"mcpPosition":[103.042,253.098,-3.68223],"pipPosition":[84.4815,241.838,-31.4685],"stabilizedTipPosition":[64.2696,206.131,14.2982],"timeVisible":27.1607,"tipPosition":[70.1812,226.113,-8.00048],"tipVelocity":[120.06,236.927,-197.26],"tool":false,"touchDistance":0.333333,"touchZone":"none","type":4,"width":16.013}],"r":[[0.931711,-0.150365,0.330614],[0.0752741,0.970456,0.229237],[-0.355315,-0.188696,0.915503]],"s":0.87583,"t":[62.6775,34.7902,-95.149],"timestamp":523930304647},false],[4,{"currentFrameRate":108.906,"devices":[],"gestures":[],"hands":[{"armBasis":[[0.893259,-0.136932,-0.42818],[0.328921,0.848338,0.414889],[0.306429,-0.511441,0.802826]],"armWidth":63.5437,"confidence":0.618833,"direction":[0.0760308,0.772217,-0.630793],"elbow":[154.045,78.2744,261.845],"grabStrength":0,"id":701,"palmNormal":[-0.327119,-0.578293,-0.747375],"palmPosition":[67.063,257.075,10.0799],"palmVelocity":[67.6996,215.273,-162.687],"palmWidth":90.7382,"pinchStrength":0.880058,"r":[[0.930901,-0.1416,0.336709],[0.0644925,0.971038,0.230058],[-0.359533,-0.192446,0.913072]],"s":0.876813,"sphereCenter":[50.2814,250.404,-31.0646],"sphereRadius":45.2608,"stabilizedPalmPosition":[64.8502,247.045,19.2033],"t":[63.2417,36.6491,-96.4372],"timeVisible":27.1696,"type":"right","wrist":[71.5381,215.981,45.6822]}],"id":4299879,"interactionBox":{"center":[0,200,0],"size":[235.247,235.247,147.751]},"pointables":[{"bases":[[[0.686446,0.562028,0.461429],[-0.641431,0.169048,0.748324],[0.342575,-0.809659,0.476544]],[[0.505218,0.827128,0.246201],[-0.689633,0.215443,0.691368],[0.518808,-0.51908,0.67926]],[[0.505218,0.827128,0.246201],[-0.862274,0.472183,0.183104],[0.0351981,-0.3048,0.951766]],[[0.505218,0.827128,0.246201],[-0.437727,0.491473,-0.752894],[-0.743741,0.272606,0.610357]]],"btipPosition":[31.3129,244.44,-34.7026],"carpPosition":[40.9776,214.599,45.7169],"dipPosition":[13.9548,250.803,-20.4575],"direction":[-0.0351981,0.3048,-0.951766],"extended":false,"handId":701,"id":7010,"length":51.9721,"mcpPosition":[40.9776,214.599,45.7169],"pipPosition":[15.1516,240.439,11.9037],"stabilizedTipPosition":[23.4854,221.031,4.43611],"timeVisible":27.1696,"tipPosition":[27.9034,245.004,-30.8702],"tipVelocity":[84.3785,223.075,-206.828],"tool":false,"touchDistance":-0.5154,"touchZone":"hovering","type":0,"width":20.194},{"bases":[[[0.941313,-0.129775,-0.311588],[0.311158,0.691375,0.652059],[0.130803,-0.710746,0.691181]],[[0.948991,-0.189245,-0.252197],[0.303524,0.764895,0.568163],[0.0853821,-0.615729,0.783318]],[[0.948991,-0.189245,-0.252197],[0.277034,0.882387,0.380322],[0.150561,-0.43079,0.889804]],[[0.948991,-0.189245,-0.252197],[0.247074,0.943243,0.221919],[0.195886,-0.27291,0.941886]]],"btipPosition":[35.5221,325.557,-69.8839],"carpPosition":[55.7433,231.999,51.8809],"dipPosition":[38.8597,320.907,-53.8357],"direction":[-0.150561,0.43079,-0.889804],"extended":true,"handId":701,"id":7011,"length":58.6448,"mcpPosition":[46.1468,284.144,1.17177],"pipPosition":[42.4888,310.524,-32.3883],"stabilizedTipPosition":[35.7381,304.717,-43.0262],"timeVisible":27.1696,"tipPosition":[35.8013,323.893,-66.3758],"tipVelocity":[59.2478,193.319,-181.479],"tool":false,"touchDistance":-0.494998,"touchZone":"hovering","type":1,"width":19.2893},{"bases":[[[0.883402,-0.340555,-0.321907],[0.468615,0.643709,0.605011],[0.00117505,-0.685318,0.728243]],[[0.883163,-0.357308,-0.303897],[0.159409,0.837945,-0.521954],[0.441148,0.412527,0.797001]],[[0.883163,-0.357308,-0.303897],[-0.427766,-0.347694,-0.834341],[0.192454,0.866856,-0.459915]],[[0.883163,-0.357308,-0.303897],[-0.45076,-0.825719,-0.339122],[-0.129762,0.436484,-0.890305]]],"btipPosition":[43.3168,227.104,-10.4535],"carpPosition":[67.629,232.014,48.7969],"dipPosition":[40.885,235.284,-27.1378],"direction":[-0.192454,-0.866856,0.459915],"extended":false,"handId":701,"id":7012,"length":66.821,"mcpPosition":[67.5472,279.695,-1.87051],"pipPosition":[46.3426,259.866,-40.1799],"stabilizedTipPosition":[35.1977,208.293,11.9149],"timeVisible":27.1696,"tipPosition":[42.7528,228.978,-14.3317],"tipVelocity":[116.977,188.031,-184.257],"tool":false,"touchDistance":0.333333,"touchZone":"none","type":2,"width":18.9446},{"bases":[[[0.836089,-0.485243,-0.255917],[0.530331,0.595559,0.603373],[-0.140369,-0.640194,0.75528]],[[0.841054,-0.459131,-0.286055],[0.234398,0.785891,-0.572217],[0.487531,0.414215,0.768596]],[[0.841054,-0.459131,-0.286055],[-0.46424,-0.341163,-0.817367],[0.277687,0.820248,-0.500084]],[[0.841054,-0.459131,-0.286055],[-0.535913,-0.779201,-0.325028],[-0.0736638,0.426666,-0.901404]]],"btipPosition":[59.5656,219.927,-5.99513],"carpPosition":[78.8183,229.001,44.82],"dipPosition":[58.193,227.876,-22.7904],"direction":[-0.277687,-0.820248,0.500084],"extended":false,"handId":701,"id":7013,"length":64.2502,"mcpPosition":[87.5866,268.992,-2.3598],"pipPosition":[65.8642,250.536,-36.6053],"stabilizedTipPosition":[52.2488,200.475,15.8521],"timeVisible":27.1696,"tipPosition":[59.4318,221.367,-8.76758],"tipVelocity":[119.597,217.912,-196.884],"tool":false,"touchDistance":0.333333,"touchZone":"none","type":3,"width":18.027},{"bases":[[[0.715028,-0.647766,-0.262935],[0.639419,0.453921,0.620564],[-0.282628,-0.611846,0.73876]],[[0.644925,-0.756072,-0.11148],[0.564885,0.569842,-0.596813],[0.51476,0.321926,0.794598]],[[0.644925,-0.756072,-0.11148],[-0.459689,-0.267236,-0.846918],[0.610539,0.597445,-0.519905]],[[0.644925,-0.756072,-0.11148],[-0.740471,-0.582076,-0.335992],[0.189144,0.299237,-0.935244]]],"btipPosition":[70.3973,227.002,-6.27206],"carpPosition":[87.3651,219.77,38.2485],"dipPosition":[73.6485,232.146,-22.3481],"direction":[-0.610539,-0.597445,0.519905],"extended":false,"handId":701,"id":7014,"length":50.3709,"mcpPosition":[103.708,255.15,-4.47004],"pipPosition":[85.5569,243.799,-32.4886],"stabilizedTipPosition":[65.1126,208.835,11.3227],"timeVisible":27.1696,"tipPosition":[71.1678,227.9,-9.18182],"tipVelocity":[117.767,227.012,-179.926],"tool":false,"touchDistance":0.333333,"touchZone":"none","type":4,"width":16.013}],"r":[[0.930901,-0.1416,0.336709],[0.0644925,0.971038,0.230058],[-0.359533,-0.192446,0.913072]],"s":0.876813,"t":[63.2417,36.6491,-96.4372],"timestamp":523930313594},false],[5,{"currentFrameRate":108.874,"devices":[],"gestures":[],"hands":[{"armBasis":[[0.898118,-0.1346,-0.418648],[0.323335,0.847373,0.421206],[0.298057,-0.513656,0.804562]],"armWidth":63.5437,"confidence":0.558231,"direction":[0.0736578,0.769743,-0.63409],"elbow":[152.636,79.5485,261.412],"grabStrength":0,"id":701,"palmNormal":[-0.321312,-0.583596,-0.745771],"palmPosition":[67.789,258.755,8.97615],"palmVelocity":[70.7431,205.872,-150.535],"palmWidth":90.7382,"pinchStrength":0.865534,"r":[[0.930092,-0.13321,0.342322],[0.0545892,0.971704,0.229805],[-0.363248,-0.195053,0.911046]],"s":0.878272,"sphereCenter":[51.3286,251.712,-32.2719],"sphereRadius":45.3026,"stabilizedPalmPosition":[65.477,249.543,17.0219],"t":[63.8867,38.4188,-97.6332],"timeVisible":27.1789,"type":"right","wrist":[72.3834,217.852,44.7817]}],"id":4299880,"interactionBox":{"center":[0,200,0],"size":[235.247,235.247,147.751]},"pointables":[{"bases":[[[0.681668,0.568096,0.46108],[-0.64486,0.168767,0.745435],[0.345664,-0.805471,0.481386]],[[0.501466,0.829462,0.246017],[-0.693846,0.215696,0.687061],[0.516826,-0.515236,0.683683]],[[0.501466,0.829462,0.246017],[-0.864122,0.466141,0.189752],[0.0427135,-0.307743,0.95051]],[[0.501466,0.829462,0.246017],[-0.450609,0.493139,-0.744154],[-0.738568,0.262311,0.621056]]],"btipPosition":[31.8891,246.283,-36.1238],"carpPosition":[41.8314,216.294,44.7228],"dipPosition":[14.6518,252.405,-21.6291],"direction":[-0.0427135,0.307743,-0.95051],"extended":false,"handId":701,"id":7010,"length":51.9721,"mcpPosition":[41.8314,216.294,44.7228],"pipPosition":[16.1041,241.942,10.6894],"stabilizedTipPosition":[23.7937,222.883,1.85056],"timeVisible":27.1789,"tipPosition":[28.5514,246.72,-32.216],"tipVelocity":[79.0326,214.751,-190.181],"tool":false,"touchDistance":-0.512651,"touchZone":"hovering","type":0,"width":20.194},{"bases":[[[0.943069,-0.125759,-0.307906],[0.305014,0.696145,0.649884],[0.132618,-0.706801,0.694871]],[[0.950892,-0.184904,-0.248223],[0.297306,0.768709,0.5663],[0.0860999,-0.612288,0.785932]],[[0.950892,-0.184904,-0.248223],[0.270993,0.884826,0.379006],[0.149554,-0.427661,0.891482]],[[0.950892,-0.184904,-0.248223],[0.241467,0.944869,0.221169],[0.193643,-0.270246,0.943117]]],"btipPosition":[36.1536,326.807,-71.354],"carpPosition":[56.4762,233.807,50.8549],"dipPosition":[39.4529,322.202,-55.2849],"direction":[-0.149554,0.427661,-0.891482],"extended":true,"handId":701,"id":7011,"length":58.6448,"mcpPosition":[46.7465,285.662,-0.124946],"pipPosition":[43.0577,311.894,-33.797],"stabilizedTipPosition":[35.8451,306.633,-45.2695],"timeVisible":27.1789,"tipPosition":[36.4399,325.137,-67.8483],"tipVelocity":[61.5272,177.313,-175.035],"tool":false,"touchDistance":-0.495812,"touchZone":"hovering","type":1,"width":19.2893},{"bases":[[[0.886408,-0.336915,-0.317443],[0.462898,0.649175,0.603571],[0.00272394,-0.681953,0.731391]],[[0.886206,-0.353588,-0.299356],[0.156305,0.836457,-0.52527],[0.436127,0.418707,0.796541]],[[0.886206,-0.353588,-0.299356],[-0.422997,-0.353971,-0.834133],[0.188976,0.865841,-0.463258]],[[0.886206,-0.353588,-0.299356],[-0.444872,-0.829854,-0.336795],[-0.129335,0.431645,-0.892723]]],"btipPosition":[44.2836,228.554,-11.4974],"carpPosition":[68.3716,233.876,47.8098],"dipPosition":[41.8599,236.643,-28.2271],"direction":[-0.188976,-0.865841,0.463258],"extended":false,"handId":701,"id":7012,"length":66.821,"mcpPosition":[68.1821,281.323,-3.07666],"pipPosition":[47.2188,261.197,-41.364],"stabilizedTipPosition":[35.9005,210.116,9.66864],"timeVisible":27.1789,"tipPosition":[43.7217,230.407,-15.3856],"tipVelocity":[113.557,178.653,-164.546],"tool":false,"touchDistance":0.333333,"touchZone":"none","type":2,"width":18.9446},{"bases":[[[0.839713,-0.48157,-0.250943],[0.524895,0.601375,0.602356],[-0.139166,-0.637525,0.757756]],[[0.844652,-0.455408,-0.281366],[0.230693,0.783962,-0.576355],[0.483057,0.421909,0.767234]],[[0.844652,-0.455408,-0.281366],[-0.460399,-0.349833,-0.815874],[0.273124,0.81867,-0.505156]],[[0.844652,-0.455408,-0.281366],[-0.530079,-0.784883,-0.320898],[-0.0747,0.420194,-0.904355]]],"btipPosition":[60.608,221.49,-6.83062],"carpPosition":[79.5912,230.909,43.8834],"dipPosition":[59.2162,229.319,-23.6808],"direction":[-0.273124,-0.81867,0.505156],"extended":false,"handId":701,"id":7013,"length":64.2502,"mcpPosition":[88.2844,270.733,-3.45108],"pipPosition":[66.7613,251.935,-37.6359],"stabilizedTipPosition":[53.1119,202.924,13.0007],"timeVisible":27.1789,"tipPosition":[60.4439,222.932,-9.71259],"tipVelocity":[117.549,203.36,-167.36],"tool":false,"touchDistance":0.333333,"touchZone":"none","type":3,"width":18.027},{"bases":[[[0.719614,-0.644821,-0.257608],[0.634741,0.46045,0.620556],[-0.281532,-0.610075,0.74064]],[[0.649179,-0.753349,-0.105036],[0.566874,0.571248,-0.593574],[0.50717,0.325793,0.797896]],[[0.649179,-0.753349,-0.105036],[-0.452435,-0.271434,-0.849486],[0.611449,0.59899,-0.517051]],[[0.649179,-0.753349,-0.105036],[-0.735834,-0.587019,-0.337576],[0.192654,0.296436,-0.93542]]],"btipPosition":[71.3711,228.709,-7.41575],"carpPosition":[88.2127,221.698,37.3825],"dipPosition":[74.6826,233.805,-23.4948],"direction":[-0.611449,-0.59899,0.517051],"extended":false,"handId":701,"id":7014,"length":50.3709,"mcpPosition":[104.492,256.976,-5.4448],"pipPosition":[86.6087,245.488,-33.5797],"stabilizedTipPosition":[66.0913,211.769,8.19486],"timeVisible":27.1789,"tipPosition":[72.1448,229.588,-10.3067],"tipVelocity":[114.702,214.792,-164.167],"tool":false,"touchDistance":0.333333,"touchZone":"none","type":4,"width":16.013}],"r":[[0.930092,-0.13321,0.342322],[0.0545892,0.971704,0.229805],[-0.363248,-0.195053,0.911046]],"s":0.878272,"t":[63.8867,38.4188,-97.6332],"timestamp":523930322837},false],[6,{"currentFrameRate":109.071,"devices":[],"gestures":[],"hands":[{"armBasis":[[0.903284,-0.13576,-0.406998],[0.32032,0.844492,0.429218],[0.285436,-0.518075,0.806303]],"armWidth":63.5437,"confidence":0.597413,"direction":[0.0695829,0.762921,-0.642736],"elbow":[149.954,80.9783,259.777],"grabStrength":0,"id":701,"palmNormal":[-0.318444,-0.593601,-0.739074],"palmPosition":[68.2887,260.945,6.41471],"palmVelocity":[66.9515,217.346,-188.315],"palmWidth":90.7382,"pinchStrength":0.856117,"r":[[0.929506,-0.124772,0.34706],[0.0456815,0.972738,0.227365],[-0.365967,-0.195483,0.909865]],"s":0.879954,"sphereCenter":[51.948,253.329,-34.784],"sphereRadius":45.3368,"stabilizedPalmPosition":[66.0564,251.892,14.8363],"t":[64.4591,40.3984,-99.512],"timeVisible":27.1877,"type":"right","wrist":[73.0999,220.472,42.6775]}],"id":4299881,"interactionBox":{"center":[0,200,0],"size":[235.247,235.247,147.751]},"pointables":[{"bases":[[[0.678823,0.576749,0.454489],[-0.645583,0.173835,0.743642],[0.349889,-0.798212,0.490343]],[[0.498954,0.833195,0.238391],[-0.695339,0.220709,0.683953],[0.517251,-0.507023,0.689477]],[[0.498954,0.833195,0.238391],[-0.86519,0.463068,0.192389],[0.0499066,-0.302247,0.951922]],[[0.498954,0.833195,0.238391],[-0.460749,0.488019,-0.741315],[-0.733999,0.260044,0.627393]]],"btipPosition":[32.2416,248.203,-38.6875],"carpPosition":[42.5563,218.756,42.6435],"dipPosition":[15.111,254.272,-24.0448],"direction":[-0.0499066,0.302247,-0.951922],"extended":false,"handId":701,"id":7010,"length":51.9721,"mcpPosition":[42.5563,218.756,42.6435],"pipPosition":[16.8078,243.995,8.3217],"stabilizedTipPosition":[24.1077,224.743,-0.738366],"timeVisible":27.1877,"tipPosition":[28.9303,248.595,-34.7487],"tipVelocity":[69.252,215.182,-216.292],"tool":false,"touchDistance":-0.527664,"touchZone":"hovering","type":0,"width":20.194},{"bases":[[[0.943647,-0.12437,-0.306697],[0.30155,0.704978,0.64193],[0.136378,-0.698239,0.702754]],[[0.951795,-0.182915,-0.24623],[0.293633,0.775453,0.558975],[0.088695,-0.604331,0.791781]],[[0.951795,-0.182915,-0.24623],[0.267223,0.888581,0.372848],[0.150596,-0.420673,0.894625]],[[0.951795,-0.182915,-0.24623],[0.237933,0.946888,0.216315],[0.193585,-0.264473,0.944764]]],"btipPosition":[36.3783,328.176,-74.5672],"carpPosition":[57.112,236.412,48.5745],"dipPosition":[39.6766,323.67,-58.47],"direction":[-0.150596,0.420673,-0.894625],"extended":true,"handId":701,"id":7011,"length":58.6448,"mcpPosition":[47.1065,287.639,-2.98374],"pipPosition":[43.3065,313.53,-36.9064],"stabilizedTipPosition":[35.9479,308.265,-47.307],"timeVisible":27.1877,"tipPosition":[36.6714,326.484,-71.0682],"tipVelocity":[51.7974,172.075,-225.956],"tool":false,"touchDistance":-0.522665,"touchZone":"hovering","type":1,"width":19.2893},{"bases":[[[0.88807,-0.335909,-0.313842],[0.459664,0.658302,0.59611],[0.0063642,-0.67365,0.739023]],[[0.887958,-0.352379,-0.295567],[0.151914,0.831287,-0.534682],[0.434112,0.429874,0.791679]],[[0.887958,-0.352379,-0.295567],[-0.421321,-0.365501,-0.829999],[0.184444,0.861533,-0.473014]],[[0.887958,-0.352379,-0.295567],[-0.440662,-0.835867,-0.327327],[-0.131712,0.420898,-0.897495]]],"btipPosition":[44.935,230.395,-13.7126],"carpPosition":[69.0064,236.508,45.5259],"dipPosition":[42.4667,238.283,-30.5316],"direction":[-0.184444,-0.861533,0.473014],"extended":false,"handId":701,"id":7012,"length":66.821,"mcpPosition":[68.5636,283.377,-5.89157],"pipPosition":[47.6971,262.714,-43.9452],"stabilizedTipPosition":[36.5945,211.926,7.43509],"timeVisible":27.1877,"tipPosition":[44.3629,232.201,-17.6207],"tipVelocity":[102.544,185.381,-188.577],"tool":false,"touchDistance":0.333333,"touchZone":"none","type":2,"width":18.9446},{"bases":[[[0.842132,-0.480044,-0.245706],[0.521907,0.610811,0.595419],[-0.135747,-0.629657,0.764921]],[[0.846953,-0.454057,-0.276591],[0.225598,0.777997,-0.586367],[0.481431,0.434227,0.761361]],[[0.846953,-0.454057,-0.276591],[-0.459483,-0.363386,-0.810448],[0.267481,0.8135,-0.516402]],[[0.846953,-0.454057,-0.276591],[-0.525852,-0.792142,-0.309823],[-0.0784221,0.407851,-0.909674]]],"btipPosition":[61.3413,223.468,-8.85963],"carpPosition":[80.2403,233.555,41.6305],"dipPosition":[59.8801,231.067,-25.8089],"direction":[-0.267481,-0.8135,0.516402],"extended":false,"handId":701,"id":7013,"length":64.2502,"mcpPosition":[88.72,272.888,-6.15156],"pipPosition":[67.2694,253.54,-40.0747],"stabilizedTipPosition":[53.9775,205.369,10.176],"timeVisible":27.1877,"tipPosition":[61.1413,224.889,-11.85],"tipVelocity":[107.79,207.417,-185.005],"tool":false,"touchDistance":0.333333,"touchZone":"none","type":3,"width":18.027},{"bases":[[[0.722873,-0.643974,-0.250504],[0.632478,0.470666,0.615179],[-0.278255,-0.603134,0.747531]],[[0.652613,-0.751594,-0.0959294],[0.56676,0.56826,-0.596544],[0.502872,0.334943,0.796827]],[[0.652613,-0.751594,-0.0959294],[-0.448625,-0.28127,-0.848306],[0.6106,0.596652,-0.520744]],[[0.652613,-0.751594,-0.0959294],[-0.732743,-0.593824,-0.332358],[0.192833,0.287193,-0.938262]]],"btipPosition":[72.0419,230.807,-9.80649],"carpPosition":[88.9079,224.316,35.2317],"dipPosition":[75.3565,235.744,-25.9344],"direction":[-0.6106,-0.596652,0.520745],"extended":false,"handId":701,"id":7014,"length":50.3709,"mcpPosition":[104.998,259.192,-7.99413],"pipPosition":[87.266,247.381,-36.0913],"stabilizedTipPosition":[67.026,214.578,5.17188],"timeVisible":27.1877,"tipPosition":[72.8091,231.65,-12.6929],"tipVelocity":[104.308,219.932,-193.389],"tool":false,"touchDistance":0.333333,"touchZone":"none","type":4,"width":16.013}],"r":[[0.929506,-0.124772,0.34706],[0.0456815,0.972738,0.227365],[-0.365967,-0.195483,0.909865]],"s":0.879954,"t":[64.4591,40.3984,-99.512],"timestamp":523930331652},false],[7,{"currentFrameRate":109.116,"devices":[],"gestures":[],"hands":[{"armBasis":[[0.905323,-0.121693,-0.406917],[0.306262,0.850844,0.426928],[0.294269,-0.511131,0.8