{"sensorType":"Leap","data":[[0,{"currentFrameRate":101.624,"devices":[],"gestures":[],"hands":[{"armBasis":[[0.95309,0.0578719,-0.297104],[0.107117,0.853549,0.509883],[0.283101,-0.517789,0.80731]],"armWidth":63.5437,"confidence":0.67275,"direction":[-0.0667619,0.752554,-0.655137],"elbow":[154.814,83.7358,272.993],"grabStrength":0,"id":699,"palmNormal":[-0.133415,-0.657439,-0.741603],"palmPosition":[66.9022,261.133,18.245],"palmVelocity":[151.289,162.063,-270.49],"palmWidth":90.7382,"pinchStrength":0.558117,"r":[[0.973416,-0.0205852,0.228118],[0.00635174,0.997996,0.0629546],[-0.228957,-0.0598321,0.971596]],"s":1.06339,"sphereCenter":[52.726,248.479,-23.601],"sphereRadius":46.3719,"stabilizedPalmPosition":[34.9383,242.792,108.375],"t":[29.7638,-23.6144,-137.864],"timeVisible":4.54652,"type":"right","wrist":[78.5887,223.152,55.6225]}],"id":4278254,"interactionBox":{"center":[0,200,0],"size":[235.247,235.247,147.751]},"pointables":[{"bases":[[[0.504197,0.71963,0.477407],[-0.710067,0.0308178,0.703459],[0.491518,-0.693673,0.526524]],[[0.340114,0.889779,0.304329],[-0.766067,0.0744643,0.638432],[0.545402,-0.450276,0.706957]],[[0.340114,0.889779,0.304329],[-0.932684,0.277846,0.230004],[0.120097,-0.36207,0.924382]],[[0.340114,0.889779,0.304329],[-0.692882,0.455914,-0.55862],[-0.635796,-0.0208697,0.771575]]],"btipPosition":[32.8741,249.793,-30.6565],"carpPosition":[49.2686,214.58,53.9732],"dipPosition":[18.0354,249.306,-12.6489],"direction":[-0.120097,0.36207,-0.924382],"extended":false,"handId":699,"id":6990,"length":51.9721,"mcpPosition":[49.2686,214.58,53.9732],"pipPosition":[22.1188,236.995,18.7813],"stabilizedTipPosition":[-10.2583,237.65,94.0506],"timeVisible":4.54652,"tipPosition":[29.8853,250.748,-24.753],"tipVelocity":[140.537,114.786,-321.999],"tool":false,"touchDistance":-0.859879,"touchZone":"hovering","type":0,"width":20.194},{"bases":[[[0.963562,0.0889987,-0.252245],[0.0975486,0.761158,0.641188],[0.249063,-0.642431,0.724742]],[[0.972137,0.0651088,-0.225189],[0.0845538,0.798586,0.595912],[0.218632,-0.598348,0.77083]],[[0.972137,0.0651088,-0.225189],[0.015527,0.940658,0.339001],[0.233898,-0.333052,0.913437]],[[0.972137,0.0651088,-0.225189],[-0.0399592,0.99262,0.114492],[0.230982,-0.102304,0.967565]]],"btipPosition":[21.8977,317.664,-64.4167],"carpPosition":[59.1107,235.126,60.2825],"dipPosition":[25.8332,315.921,-47.9311],"direction":[-0.233898,0.333052,-0.913437],"extended":true,"handId":699,"id":6991,"length":58.6448,"mcpPosition":[40.838,282.258,7.11105],"pipPosition":[31.471,307.893,-25.914],"stabilizedTipPosition":[-20.4137,311.003,55.8611],"timeVisible":4.54652,"tipPosition":[23.069,319.079,-59.5422],"tipVelocity":[125.582,91.3176,-300.577],"tool":false,"touchDistance":-0.891698,"touchZone":"hovering","type":1,"width":19.2893},{"bases":[[[0.95751,-0.129686,-0.257596],[0.26449,0.750958,0.605068],[0.114975,-0.647491,0.75335]],[[0.960134,-0.146182,-0.23827],[-0.0402947,0.771091,-0.635449],[0.276619,0.619718,0.73446]],[[0.960134,-0.146182,-0.23827],[-0.274007,-0.323427,-0.905713],[0.0553364,0.934893,-0.350588]],[[0.960134,-0.146182,-0.23827],[-0.26352,-0.757714,-0.597015],[-0.0932671,0.636004,-0.766029]]],"btipPosition":[49.7175,214.707,-5.5392],"carpPosition":[70.8345,237.876,57.8811],"dipPosition":[47.9697,226.626,-19.8946],"direction":[-0.0553364,-0.934893,0.350589],"extended":false,"handId":699,"id":6992,"length":66.821,"mcpPosition":[62.8351,282.925,5.46685],"pipPosition":[49.5389,253.137,-29.8365],"stabilizedTipPosition":[15.0744,198.48,72.8673],"timeVisible":4.54652,"tipPosition":[49.3359,217.569,-8.71005],"tipVelocity":[156.857,154.389,-266.722],"tool":false,"touchDistance":0.333333,"touchZone":"none","type":2,"width":18.9446},{"bases":[[[0.941312,-0.279795,-0.188802],[0.335755,0.71875,0.608825],[-0.0346448,-0.636485,0.77051]],[[0.941603,-0.273622,-0.19625],[0.0741165,0.736945,-0.671878],[0.328466,0.618097,0.714189]],[[0.941603,-0.273622,-0.19625],[-0.283888,-0.331658,-0.899673],[0.181083,0.902848,-0.389968]],[[0.941603,-0.273622,-0.19625],[-0.336432,-0.740227,-0.582132],[0.0140148,0.614163,-0.789055]]],"btipPosition":[64.9163,213.334,0.190023],"carpPosition":[82.6509,237.499,54.6677],"dipPosition":[65.1775,224.777,-14.5119],"direction":[-0.181083,-0.902848,0.389968],"extended":false,"handId":699,"id":6993,"length":64.2502,"mcpPosition":[84.815,277.258,6.53651],"pipPosition":[70.1799,249.718,-25.2849],"stabilizedTipPosition":[30.181,196.124,79.164],"timeVisible":4.54652,"tipPosition":[65.0557,215.942,-2.56304],"tipVelocity":[155.005,167.067,-305.321],"tool":false,"touchDistance":0.333333,"touchZone":"none","type":3,"width":18.027},{"bases":[[[0.862473,-0.466467,-0.196337],[0.473687,0.607407,0.637713],[-0.178215,-0.643012,0.744832]],[[0.828585,-0.552746,-0.0889868],[0.365053,0.65391,-0.662675],[0.42448,0.516597,0.743602]],[[0.828585,-0.552746,-0.0889868],[-0.275774,-0.264626,-0.924079],[0.487233,0.790218,-0.371698]],[[0.828585,-0.552746,-0.0889868],[-0.483399,-0.626141,-0.611778],[0.282439,0.549926,-0.786008]]],"btipPosition":[74.5096,224.494,0.429127],"carpPosition":[93.5303,230.394,48.9586],"dipPosition":[79.3645,233.947,-13.0816],"direction":[-0.487233,-0.790218,0.371698],"extended":false,"handId":699,"id":6994,"length":50.3709,"mcpPosition":[103.836,267.576,5.8889],"pipPosition":[88.8678,249.36,-20.3315],"stabilizedTipPosition":[36.2747,208.25,89.2992],"timeVisible":4.54652,"tipPosition":[75.5947,226.71,-2.22002],"tipVelocity":[157.224,164.57,-284.67],"tool":false,"touchDistance":0.333333,"touchZone":"none","type":4,"width":16.013}],"r":[[0.973416,-0.0205852,0.228118],[0.00635174,0.997996,0.0629546],[-0.228957,-0.0598321,0.971596]],"s":1.06339,"t":[29.7638,-23.6144,-137.864],"timestamp":523722695204},false],[1,{"currentFrameRate":102.08,"devices":[],"gestures":[],"hands":[{"armBasis":[[0.95685,0.0582402,-0.284685],[0.0991232,0.855526,0.508183],[0.273152,-0.514474,0.812837]],"armWidth":63.5437,"confidence":0.676826,"direction":[-0.0692906,0.750682,-0.65702],"elbow":[153.039,86.6198,272.515],"grabStrength":0,"id":699,"palmNormal":[-0.125868,-0.659919,-0.740719],"palmPosition":[67.6955,262.963,16.15],"palmVelocity":[134.289,173.807,-260.767],"palmWidth":90.7382,"pinchStrength":0.569522,"r":[[0.973173,-0.0184518,0.229335],[0.00406795,0.998003,0.0630348],[-0.23004,-0.0604108,0.971304]],"s":1.05982,"sphereCenter":[54.1126,250.019,-25.8754],"sphereRadius":46.2754,"stabilizedPalmPosition":[35.6334,243.22,106.418],"t":[31.1241,-21.6133,-140.596],"timeVisible":4.55544,"type":"right","wrist":[79.4919,225.143,53.6561]}],"id":4278255,"interactionBox":{"center":[0,200,0],"size":[235.247,235.247,147.751]},"pointables":[{"bases":[[[0.497281,0.724107,0.477892],[-0.713112,0.0274093,0.700514],[0.494149,-0.689143,0.529999]],[[0.326784,0.897033,0.297562],[-0.776056,0.0749946,0.626189],[0.539397,-0.435554,0.720655]],[[0.326784,0.897033,0.297562],[-0.936134,0.26396,0.232331],[0.129864,-0.35448,0.926002]],[[0.326784,0.897033,0.297562],[-0.70509,0.441052,-0.555266],[-0.629333,-0.0283559,0.776618]]],"btipPosition":[33.66,250.762,-33.5777],"carpPosition":[50.2385,216.366,51.9067],"dipPosition":[18.9721,250.101,-15.4523],"direction":[-0.129864,0.35448,-0.926002],"extended":false,"handId":699,"id":6990,"length":51.9721,"mcpPosition":[50.2385,216.366,51.9067],"pipPosition":[23.3876,238.048,16.0329],"stabilizedTipPosition":[-10.0062,237.731,93.2827],"timeVisible":4.55544,"tipPosition":[30.7387,251.755,-27.6159],"tipVelocity":[127.3,111.891,-322.648],"tool":false,"touchDistance":-0.845636,"touchZone":"hovering","type":0,"width":20.194},{"bases":[[[0.963941,0.095113,-0.248538],[0.089695,0.763174,0.639937],[0.250544,-0.639154,0.727124]],[[0.972258,0.0722734,-0.222466],[0.0758316,0.802315,0.592064],[0.221278,-0.592509,0.774577]],[[0.972258,0.0722734,-0.222466],[0.00631088,0.942618,0.333814],[0.233826,-0.325957,0.916012]],[[0.972258,0.0722734,-0.222466],[-0.0489205,0.992864,0.108755],[0.228738,-0.0948552,0.968856]]],"btipPosition":[22.518,318.742,-66.9071],"carpPosition":[59.913,236.992,58.2114],"dipPosition":[26.4153,317.126,-50.3994],"direction":[-0.233826,0.325957,-0.916012],"extended":true,"handId":699,"id":6991,"length":58.6448,"mcpPosition":[41.5316,283.884,4.86527],"pipPosition":[32.0513,309.269,-28.3203],"stabilizedTipPosition":[-20.1565,311.046,55.163],"timeVisible":4.55544,"tipPosition":[23.6886,320.141,-62.0781],"tipVelocity":[110.034,100.255,-294.575],"tool":false,"touchDistance":-0.868141,"touchZone":"hovering","type":1,"width":19.2893},{"bases":[[[0.959419,-0.123619,-0.253443],[0.256848,0.75405,0.604515],[0.116379,-0.645079,0.755201]],[[0.962061,-0.139934,-0.234216],[-0.0406873,0.775271,-0.630317],[0.269783,0.615933,0.740165]],[[0.962061,-0.139934,-0.234216],[-0.267667,-0.317802,-0.909591],[0.0528483,0.937774,-0.3432]],[[0.962061,-0.139934,-0.234216],[-0.256556,-0.756077,-0.602102],[-0.0928306,0.639349,-0.763293]]],"btipPosition":[50.8035,216.519,-8.23244],"carpPosition":[71.6272,239.818,55.8516],"dipPosition":[49.0638,228.501,-22.5365],"direction":[-0.0528483,-0.937774,0.3432],"extended":false,"handId":699,"id":6992,"length":66.821,"mcpPosition":[63.5302,284.7,3.30858],"pipPosition":[50.5625,255.094,-32.2689],"stabilizedTipPosition":[15.9685,199.006,70.7316],"timeVisible":4.55544,"tipPosition":[50.4633,219.33,-11.188],"tipVelocity":[147.337,168.108,-275.94],"tool":false,"touchDistance":0.333333,"touchZone":"none","type":2,"width":18.9446},{"bases":[[[0.943978,-0.27369,-0.184392],[0.328317,0.722343,0.608629],[-0.0333814,-0.635071,0.771732]],[[0.9443,-0.266341,-0.193288],[0.074348,0.744825,-0.663105],[0.320578,0.6118,0.72314]],[[0.9443,-0.266341,-0.193288],[-0.276412,-0.323184,-0.905068],[0.178589,0.908083,-0.378803]],[[0.9443,-0.266341,-0.193288],[-0.32878,-0.738239,-0.588988],[0.0141787,0.619731,-0.784687]]],"btipPosition":[66.0627,215.295,-2.65582],"carpPosition":[83.4589,239.516,52.6868],"dipPosition":[66.3269,226.842,-17.2763],"direction":[-0.178589,-0.908083,0.378803],"extended":false,"handId":699,"id":6993,"length":64.2502,"mcpPosition":[85.5441,279.187,4.4793],"pipPosition":[71.2605,251.928,-27.7409],"stabilizedTipPosition":[30.9487,196.59,77.3447],"timeVisible":4.55544,"tipPosition":[66.2067,217.873,-5.18399],"tipVelocity":[147.799,182.166,-308.469],"tool":false,"touchDistance":0.333333,"touchZone":"none","type":3,"width":18.027},{"bases":[[[0.866459,-0.460917,-0.191844],[0.466896,0.612017,0.638313],[-0.176798,-0.642644,0.745488]],[[0.832256,-0.54811,-0.0832261],[0.370919,0.662087,-0.651198],[0.412031,0.511093,0.75433]],[[0.832256,-0.54811,-0.0832261],[-0.261868,-0.256344,-0.930437],[0.488647,0.796156,-0.356876]],[[0.832256,-0.54811,-0.0832261],[-0.473458,-0.624601,-0.621057],[0.288424,0.556282,-0.779334]]],"btipPosition":[75.616,226.522,-2.31247],"carpPosition":[94.4101,232.474,47.0371],"dipPosition":[80.5738,236.084,-15.7085],"direction":[-0.488647,-0.796156,0.356876],"extended":false,"handId":699,"id":6994,"length":50.3709,"mcpPosition":[104.633,269.635,3.92943],"pipPosition":[90.1047,251.613,-22.6693],"stabilizedTipPosition":[37.3219,208.78,86.8497],"timeVisible":4.55544,"tipPosition":[76.7333,228.698,-4.73391],"tipVelocity":[148.892,182.435,-290.028],"tool":false,"touchDistance":0.333333,"touchZone":"none","type":4,"width":16.013}],"r":[[0.973173,-0.0184518,0.229335],[0.00406795,0.998003,0.0630348],[-0.23004,-0.0604108,0.971304]],"s":1.05982,"t":[31.1241,-21.6133,-140.596],"timestamp":523722704126},false],[2,{"currentFrameRate":102.336,"devices":[],"gestures":[],"hands":[{"armBasis":[[0.955824,0.0569384,-0.288371],[0.100551,0.858536,0.502798],[0.276205,-0.509582,0.814884]],"armWidth":63.5437,"confidence":0.642263,"direction":[-0.0725803,0.74335,-0.664954],"elbow":[154.75,90.0777,271.154],"grabStrength":0,"id":699,"palmNormal":[-0.127825,-0.668147,-0.732967],"palmPosition":[68.4029,264.677,13.8698],"palmVelocity":[117.911,176.851,-256.493],"palmWidth":90.7382,"pinchStrength":0.579814,"r":[[0.973146,-0.0160235,0.22963],[0.00206364,0.998141,0.0609043],[-0.23018,-0.0587949,0.97137]],"s":1.05581,"sphereCenter":[55.016,251.164,-28.0922],"sphereRadius":46.1549,"stabilizedPalmPosition":[36.4435,243.751,104.131],"t":[32.158,-19.7558,-143.102],"timeVisible":4.56473,"type":"right","wrist":[80.3811,227.284,51.7446]}],"id":4278256,"interactionBox":{"center":[0,200,0],"size":[235.247,235.247,147.751]},"pointables":[{"bases":[[[0.498194,0.729864,0.468082],[-0.710561,0.034293,0.702799],[0.496896,-0.682731,0.535698]],[[0.320394,0.905028,0.279772],[-0.782175,0.0861452,0.617075],[0.534369,-0.416538,0.73549]],[[0.320394,0.905028,0.279772],[-0.936827,0.258961,0.235145],[0.140363,-0.337438,0.930824]],[[0.320394,0.905028,0.279772],[-0.723344,0.424439,-0.544633],[-0.611654,-0.0278745,0.790634]]],"btipPosition":[34.0339,251.314,-36.5143],"carpPosition":[51.1317,218.456,50.1996],"dipPosition":[19.7586,250.664,-18.0619],"direction":[-0.140363,0.337438,-0.930824],"extended":false,"handId":699,"id":6990,"length":51.9721,"mcpPosition":[51.1317,218.456,50.1996],"pipPosition":[24.5311,239.191,13.5873],"stabilizedTipPosition":[-9.76469,237.81,92.5388],"timeVisible":4.56473,"tipPosition":[31.1919,252.392,-30.4368],"tipVelocity":[105.65,97.1934,-318.578],"tool":false,"touchDistance":-0.832327,"touchZone":"hovering","type":0,"width":20.194},{"bases":[[[0.962909,0.0934625,-0.253123],[0.091161,0.77025,0.631193],[0.253961,-0.630856,0.733161]],[[0.970956,0.0720475,-0.228152],[0.0763244,0.810489,0.580759],[0.226757,-0.581305,0.781451]],[[0.970956,0.0720475,-0.228152],[0.00507833,0.947162,0.320714],[0.239204,-0.312558,0.919287]],[[0.970956,0.0720475,-0.228152],[-0.0513844,0.994126,0.0952539],[0.233675,-0.0807639,0.968955]]],"btipPosition":[22.7112,319.259,-69.6945],"carpPosition":[60.8054,239.16,56.242],"dipPosition":[26.6926,317.883,-53.1852],"direction":[-0.239204,0.312558,-0.919287],"extended":true,"handId":699,"id":6991,"length":58.6448,"mcpPosition":[42.1733,285.444,2.45296],"pipPosition":[32.4583,310.349,-31.0271],"stabilizedTipPosition":[-19.9212,311.089,54.5124],"timeVisible":4.56473,"tipPosition":[23.9343,320.666,-64.9375],"tipVelocity":[85.47,89.349,-296.161],"tool":false,"touchDistance":-0.851467,"touchZone":"hovering","type":1,"width":19.2893},{"bases":[[[0.958623,-0.125315,-0.255612],[0.258193,0.760925,0.595256],[0.119907,-0.636623,0.761796]],[[0.961304,-0.14108,-0.236623],[-0.0422524,0.773254,-0.632688],[0.272229,0.618203,0.737371]],[[0.961304,-0.14108,-0.236623],[-0.270461,-0.319973,-0.908002],[0.0523882,0.936864,-0.345748]],[[0.961304,-0.14108,-0.236623],[-0.258502,-0.758874,-0.597735],[-0.0952383,0.635772,-0.765979]]],"btipPosition":[51.3789,218.07,-10.4779],"carpPosition":[72.5075,241.974,53.8081],"dipPosition":[49.5942,229.984,-24.8324],"direction":[-0.0523882,-0.936864,0.345748],"extended":false,"handId":699,"id":6992,"length":66.821,"mcpPosition":[64.165,286.267,0.806226],"pipPosition":[51.0798,256.552,-34.637],"stabilizedTipPosition":[16.957,199.622,68.3448],"timeVisible":4.56473,"tipPosition":[51.0555,220.819,-13.2976],"tipVelocity":[122.962,167.336,-266.687],"tool":false,"touchDistance":0.333333,"touchZone":"none","type":2,"width":18.9446},{"bases":[[[0.94361,-0.274637,-0.184862],[0.329714,0.729345,0.599453],[-0.0298034,-0.626602,0.778769]],[[0.94392,-0.266384,-0.195074],[0.0749668,0.748306,-0.659104],[0.32155,0.607518,0.726311]],[[0.94392,-0.266384,-0.195074],[-0.27703,-0.317536,-0.906876],[0.179634,0.910061,-0.373525]],[[0.94392,-0.266384,-0.195074],[-0.329914,-0.73756,-0.589205],[0.0130759,0.62052,-0.784082]]],"btipPosition":[66.6565,217.021,-5.47742],"carpPosition":[84.3278,241.65,50.6032],"dipPosition":[66.9001,228.583,-20.0867],"direction":[-0.179634,-0.910061,0.373525],"extended":false,"handId":699,"id":6993,"length":64.2502,"mcpPosition":[86.1895,280.792,1.95607],"pipPosition":[71.8626,253.723,-30.4054],"stabilizedTipPosition":[31.7916,197.134,75.3134],"timeVisible":4.56473,"tipPosition":[66.8183,219.555,-7.77735],"tipVelocity":[124.021,183.334,-307.108],"tool":false,"touchDistance":0.333333,"touchZone":"none","type":3,"width":18.027},{"bases":[[[0.866283,-0.462022,-0.189975],[0.468529,0.619507,0.629835],[-0.173307,-0.634624,0.753139]],[[0.832021,-0.549115,-0.0788224],[0.37641,0.663197,-0.646904],[0.4075,0.508569,0.758487]],[[0.832021,-0.549115,-0.0788224],[-0.255623,-0.253397,-0.932977],[0.492339,0.796406,-0.351199]],[[0.832021,-0.549115,-0.0788224],[-0.471533,-0.625195,-0.621922],[0.292228,0.55462,-0.779102]]],"btipPosition":[76.2928,228.256,-5.06265],"carpPosition":[95.2664,234.559,44.9906],"dipPosition":[81.3159,237.789,-18.4547],"direction":[-0.492339,-0.796406,0.351199],"extended":false,"handId":699,"id":6994,"length":50.3709,"mcpPosition":[105.288,271.256,1.44054],"pipPosition":[90.9188,253.323,-25.3047],"stabilizedTipPosition":[38.4754,209.402,84.1189],"timeVisible":4.56473,"tipPosition":[77.4351,230.365,-7.29067],"tipVelocity":[127.925,183.446,-291.748],"tool":false,"touchDistance":0.333333,"touchZone":"none","type":4,"width":16.013}],"r":[[0.973146,-0.0160235,0.22963],[0.00206364,0.998141,0.0609043],[-0.23018,-0.0587949,0.97137]],"s":1.05581,"t":[32.158,-19.7558,-143.102],"timestamp":523722713410},false],[3,{"currentFrameRate":102.837,"devices":[],"gestures":[],"hands":[{"armBasis":[[0.957566,0.051124,-0.283643],[0.102548,0.859304,0.501079],[0.269352,-0.508903,0.817598]],"armWidth":63.5437,"confidence":0.646731,"direction":[-0.0733274,0.741036,-0.667449],"elbow":[153.652,91.4997,270.699],"grabStrength":0,"id":699,"palmNormal":[-0.129941,-0.670645,-0.730309],"palmPosition":[69.1029,265.792,12.5751],"palmVelocity":[107.676,163.471,-227.244],"palmWidth":90.7382,"pinchStrength":0.598788,"r":[[0.973215,-0.0140869,0.229467],[0.000659866,0.998288,0.0584859],[-0.229898,-0.0567679,0.971558]],"s":1.05125,"sphereCenter":[55.7833,252.075,-29.4105],"sphereRadius":46.0445,"stabilizedPalmPosition":[37.2892,244.322,101.76],"t":[33.025,-18.2699,-145.002],"timeVisible":4.5735,"type":"right","wrist":[81.128,228.523,50.558]}],"id":4278257,"interactionBox":{"center":[0,200,0],"size":[235.247,235.247,147.751]},"pointables":[{"bases":[[[0.499807,0.731093,0.464431],[-0.709057,0.0374223,0.704157],[0.497424,-0.681251,0.537091]],[[0.316758,0.909073,0.270649],[-0.787407,0.0929377,0.609387],[0.528823,-0.406139,0.745249]],[[0.316758,0.909073,0.270649],[-0.937218,0.256083,0.236738],[0.145903,-0.328646,0.933115]],[[0.316758,0.909073,0.270649],[-0.734032,0.415658,-0.537052],[-0.600717,-0.0285499,0.798952]]],"btipPosition":[34.6024,251.773,-38.3661],"carpPosition":[51.8678,219.715,49.1057],"dipPosition":[20.5823,251.107,-19.7195],"direction":[-0.145903,0.328646,-0.933115],"extended":false,"handId":699,"id":6990,"length":51.9721,"mcpPosition":[51.8678,219.715,49.1057],"pipPosition":[25.5432,239.932,12.0076],"stabilizedTipPosition":[-9.55358,237.881,91.8891],"timeVisible":4.5735,"tipPosition":[31.7674,252.889,-32.2554],"tipVelocity":[96.4778,85.0155,-288.344],"tool":false,"touchDistance":-0.804534,"touchZone":"hovering","type":0,"width":20.194},{"bases":[[[0.962457,0.0917153,-0.255468],[0.0931521,0.772417,0.628248],[0.254948,-0.628459,0.734875]],[[0.970128,0.0715439,-0.231805],[0.077597,0.813812,0.575924],[0.22985,-0.576708,0.78395]],[[0.970128,0.0715439,-0.231805],[0.00532682,0.949012,0.315194],[0.242536,-0.307014,0.920282]],[[0.970128,0.0715439,-0.231805],[-0.0519192,0.994616,0.089689],[0.236974,-0.0749746,0.968619]]],"btipPosition":[23.1364,319.926,-71.1337],"carpPosition":[61.572,240.433,55.0539],"dipPosition":[27.174,318.648,-54.6301],"direction":[-0.242536,0.307014,-0.920282],"extended":true,"handId":699,"id":6991,"length":58.6448,"mcpPosition":[42.8675,286.54,1.13911],"pipPosition":[33.02,311.248,-32.448],"stabilizedTipPosition":[-19.7174,311.128,53.9479],"timeVisible":4.5735,"tipPosition":[24.4081,321.303,-66.4334],"tipVelocity":[75.9281,86.4746,-260.721],"tool":false,"touchDistance":-0.816261,"touchZone":"hovering","type":1,"width":19.2893},{"bases":[[[0.957976,-0.127066,-0.257168],[0.260101,0.762817,0.591995],[0.12095,-0.634007,0.763811]],[[0.960668,-0.142663,-0.238253],[-0.0394175,0.779211,-0.625521],[0.274888,0.610309,0.74294]],[[0.960668,-0.142663,-0.238253],[-0.271967,-0.309918,-0.911035],[0.0561326,0.939999,-0.336528]],[[0.960668,-0.142663,-0.238253],[-0.261364,-0.754416,-0.602118],[-0.0938414,0.640706,-0.76203]]],"btipPosition":[51.8102,219.339,-12.4439],"carpPosition":[73.2715,243.227,52.5855],"dipPosition":[50.0516,231.346,-26.7243],"direction":[-0.0561326,-0.939999,0.336528],"extended":false,"handId":699,"id":6992,"length":66.821,"mcpPosition":[64.8564,287.338,-0.556552],"pipPosition":[51.6434,258.002,-36.2674],"stabilizedTipPosition":[17.9106,200.244,66.0173],"timeVisible":4.5735,"tipPosition":[51.5418,222.035,-15.0176],"tipVelocity":[103.323,161.912,-254.736],"tool":false,"touchDistance":0.333333,"touchZone":"none","type":2,"width":18.9446},{"bases":[[[0.942982,-0.276121,-0.185854],[0.331602,0.73119,0.596156],[-0.0287161,-0.623794,0.781061]],[[0.943296,-0.267205,-0.196964],[0.0771807,0.753627,-0.652756],[0.322857,0.60054,0.731516]],[[0.943296,-0.267205,-0.196964],[-0.277449,-0.308866,-0.909738],[0.182252,0.9128,-0.365488]],[[0.943296,-0.267205,-0.196964],[-0.331664,-0.733863,-0.592827],[0.0138625,0.624537,-0.780872]]],"btipPosition":[67.2003,218.237,-7.38048],"carpPosition":[85.0847,242.882,49.357],"dipPosition":[67.4586,229.874,-21.9299],"direction":[-0.182252,-0.9128,0.365488],"extended":false,"handId":699,"id":6993,"length":64.2502,"mcpPosition":[86.8785,281.848,0.566748],"pipPosition":[72.4933,255.09,-32.0266],"stabilizedTipPosition":[32.613,197.685,73.3208],"timeVisible":4.5735,"tipPosition":[67.3775,220.752,-9.54661],"tipVelocity":[107.463,171.87,-282.473],"tool":false,"touchDistance":0.333333,"touchZone":"none","type":3,"width":18.027},{"bases":[[[0.865481,-0.463455,-0.190136],[0.470385,0.621339,0.626638],[-0.17228,-0.631781,0.75576]],[[0.830714,-0.551367,-0.0768692],[0.384546,0.668171,-0.636923],[0.402541,0.499541,0.767085]],[[0.830714,-0.551367,-0.0768692],[-0.247998,-0.242898,-0.937815],[0.498409,0.79812,-0.338516]],[[0.830714,-0.551367,-0.0768692],[-0.469702,-0.620063,-0.628412],[0.298822,0.558136,-0.774073]]],"btipPosition":[76.9155,229.518,-7.09488],"carpPosition":[96.0054,235.761,43.7469],"dipPosition":[82.052,239.112,-20.4005],"direction":[-0.498409,-0.798119,0.338516],"extended":false,"handId":699,"id":6994,"length":50.3709,"mcpPosition":[105.967,272.293,0.0453054],"pipPosition":[91.7733,254.679,-27.0031],"stabilizedTipPosition":[39.5953,210.033,81.4542],"timeVisible":4.5735,"tipPosition":[78.0925,231.582,-9.13338],"tipVelocity":[113.431,173.245,-275.008],"tool":false,"touchDistance":0.333333,"touchZone":"none","type":4,"width":16.013}],"r":[[0.973215,-0.0140869,0.229467],[0.000659866,0.998288,0.0584859],[-0.229898,-0.0567679,0.971558]],"s":1.05125,"t":[33.025,-18.2699,-145.002],"timestamp":523722722181},false],[4,{"currentFrameRate":103.134,"devices":[],"gestures":[],"hands":[{"armBasis":[[0.955479,0.0516414,-0.290504],[0.104316,0.861857,0.496308],[0.276003,-0.504516,0.818099]],"armWidth":63.5437,"confidence":0.651903,"direction":[-0.0740011,0.7398,-0.668745],"elbow":[156.075,93.789,269.702],"grabStrength":0,"id":699,"palmNormal":[-0.132381,-0.671936,-0.728682],"palmPosition":[69.6914,266.838,11.3978],"palmVelocity":[95.6542,149.883,-199.906],"palmWidth":90.7382,"pinchStrength":0.64404,"r":[[0.973369,-0.0126715,0.228893],[-0.000207605,0.998422,0.0561557],[-0.229243,-0.0547078,0.971831]],"s":1.04498,"sphereCenter":[56.1689,253.117,-30.5217],"sphereRadius":45.871,"stabilizedPalmPosition":[38.2525,244.991,99.0731],"t":[33.7527,-17.0036,-146.541],"timeVisible":4.58263,"type":"right","wrist":[81.7604,229.631,49.4268]}],"id":4278258,"interactionBox":{"center":[0,200,0],"size":[235.247,235.247,147.751]},"pointables":[{"bases":[[[0.501707,0.731432,0.461841],[-0.707402,0.039632,0.705699],[0.497867,-0.680762,0.5373]],[[0.307802,0.916056,0.257099],[-0.793622,0.0981438,0.600443],[0.524806,-0.388856,0.757211]],[[0.307802,0.916056,0.257099],[-0.939671,0.250293,0.233178],[0.149254,-0.313361,0.937832]],[[0.307802,0.916056,0.257099],[-0.729884,0.400682,-0.553826],[-0.610351,-0.0171837,0.791945]]],"btipPosition":[35.5323,251.266,-40.0054],"carpPosition":[52.4868,220.854,48.0587],"dipPosition":[21.2875,250.865,-21.5223],"direction":[-0.149254,0.313361,-0.937832],"extended":false,"handId":699,"id":6990,"length":51.9721,"mcpPosition":[52.4868,220.854,48.0587],"pipPosition":[26.3623,240.211,10.3652],"stabilizedTipPosition":[-9.35628,237.944,91.2867],"timeVisible":4.58263,"tipPosition":[32.4794,252.737,-34.0245],"tipVelocity":[96.3897,47.8193,-259.226],"tool":false,"touchDistance":-0.777568,"touchZone":"hovering","type":0,"width":20.194},{"bases":[[[0.961976,0.0900995,-0.257847],[0.0954759,0.773549,0.626504],[0.255905,-0.6273,0.735533]],[[0.969182,0.0713454,-0.235789],[0.079048,0.816461,0.571963],[0.23332,-0.572975,0.78566]],[[0.969182,0.0713454,-0.235789],[0.00566472,0.950436,0.310869],[0.246281,-0.302624,0.920741]],[[0.969182,0.0713454,-0.235789],[-0.052427,0.994953,0.0855597],[0.240703,-0.0705612,0.968031]]],"btipPosition":[23.4202,320.639,-72.3665],"carpPosition":[62.2285,241.572,53.9437],"dipPosition":[27.5213,319.437,-55.8728],"direction":[-0.246281,0.302624,-0.920741],"extended":true,"handId":699,"id":6991,"length":58.6448,"mcpPosition":[43.4538,287.594,-0.0193361],"pipPosition":[33.4576,312.143,-33.6798],"stabilizedTipPosition":[-19.5177,311.17,53.3927],"timeVisible":4.58263,"tipPosition":[24.7479,321.982,-67.7207],"tipVelocity":[63.9027,84.674,-225.833],"tool":false,"touchDistance":-0.781494,"touchZone":"hovering","type":1,"width":19.2893},{"bases":[[[0.957239,-0.128679,-0.259103],[0.26233,0.763685,0.589889],[0.121967,-0.632635,0.764785]],[[0.959948,-0.144192,-0.240226],[-0.035232,0.788475,-0.614057],[0.277954,0.597927,0.751815]],[[0.959948,-0.144192,-0.240226],[-0.273394,-0.294541,-0.915697],[0.0612794,0.944698,-0.322165]],[[0.959948,-0.144192,-0.240226],[-0.26479,-0.747135,-0.609652],[-0.0915743,0.648844,-0.755391]]],"btipPosition":[52.0576,220.674,-14.6124],"carpPosition":[73.9255,244.348,51.4431],"dipPosition":[50.3415,232.834,-28.7684],"direction":[-0.0612794,-0.944698,0.322165],"extended":false,"handId":699,"id":6992,"length":66.821,"mcpPosition":[65.4397,288.364,-1.76678],"pipPosition":[52.0793,259.623,-37.9043],"stabilizedTipPosition":[18.8863,200.915,63.5926],"timeVisible":4.58263,"tipPosition":[51.8547,223.317,-16.9033],"tipVelocity":[82.4272,158.602,-249.055],"tool":false,"touchDistance":0.333333,"touchZone":"none","type":2,"width":18.9446},{"bases":[[[0.942237,-0.277576,-0.187461],[0.333804,0.731983,0.593949],[-0.0276476,-0.622216,0.782358]],[[0.942548,-0.268116,-0.199293],[0.080838,0.761875,-0.64266],[0.324144,0.589627,0.739777]],[[0.942548,-0.268116,-0.199293],[-0.277703,-0.297213,-0.913535],[0.185701,0.916394,-0.354594]],[[0.942548,-0.268116,-0.199293],[-0.333745,-0.72933,-0.597236],[0.0147786,0.629437,-0.776911]]],"btipPosition":[67.61,219.535,-9.37298],"carpPosition":[85.7309,243.983,48.1883],"dipPosition":[67.8854,231.263,-23.8486],"direction":[-0.185701,-0.916394,0.354594],"extended":false,"handId":699,"id":6993,"length":64.2502,"mcpPosition":[87.458,282.85,-0.682919],"pipPosition":[73.0154,256.579,-33.6444],"stabilizedTipPosition":[33.4774,198.29,71.2],"timeVisible":4.58263,"tipPosition":[67.8035,222.004,-11.3852],"tipVelocity":[90.1783,164.237,-264.078],"tool":false,"touchDistance":0.333333,"touchZone":"none","type":3,"width":18.027},{"bases":[[[0.864511,-0.464828,-0.191195],[0.47253,0.622033,0.624332],[-0.171278,-0.630087,0.7574]],[[0.829007,-0.55414,-0.0753402],[0.393249,0.673418,-0.62599],[0.397622,0.489322,0.776183]],[[0.829007,-0.55414,-0.0753402],[-0.240136,-0.231062,-0.942839],[0.505057,0.799712,-0.324621]],[[0.829007,-0.55414,-0.0753402],[-0.468018,-0.613716,-0.635855],[0.306115,0.562389,-0.768123]]],"btipPosition":[77.4011,230.754,-9.06335],"carpPosition":[96.6305,236.838,42.5674],"dipPosition":[82.6629,240.421,-22.2667],"direction":[-0.505057,-0.799712,0.324621],"extended":false,"handId":699,"id":6994,"length":50.3709,"mcpPosition":[106.535,273.273,-1.22905],"pipPosition":[92.5139,256.019,-28.5983],"stabilizedTipPosition":[40.7643,210.721,78.6511],"timeVisible":4.58263,"tipPosition":[78.6177,232.778,-10.9386],"tipVelocity":[97.5556,163.201,-257.757],"tool":false,"touchDistance":0.333333,"touchZone":"none","type":4,"width":16.013}],"r":[[0.973369,-0.0126715,0.228893],[-0.000207605,0.998422,0.0561557],[-0.229243,-0.0547078,0.971831]],"s":1.04498,"t":[33.7527,-17.0036,-146.541],"timestamp":523722731314},false],[5,{"currentFrameRate":103.536,"devices":[],"gestures":[],"hands":[{"armBasis":[[0.953677,0.0464629,-0.297221],[0.111013,0.863914,0.491252],[0.279599,-0.501492,0.818737]],"armWidth":63.5437,"confidence":0.652365,"direction":[-0.0758231,0.731158,-0.677981],"elbow":[157.943,97.1472,268.301],"grabStrength":0,"id":699,"palmNormal":[-0.138996,-0.68105,-0.718923],"palmPosition":[70.4728,268.916,9.41247],"palmVelocity":[93.5209,172.633,-206.211],"palmWidth":90.7382,"pinchStrength":0.677994,"r":[[0.973764,-0.011562,0.227264],[-0.000198285,0.998665,0.0516564],[-0.227558,-0.0503463,0.972462]],"s":1.03847,"sphereCenter":[56.4637,254.739,-32.1981],"sphereRadius":45.7601,"stabilizedPalmPosition":[39.3056,245.773,96.1426],"t":[34.5072,-15.3314,-148.303],"timeVisible":4.59153,"type":"right","wrist":[82.6605,232.175,47.8542]}],"id":4278259,"interactionBox":{"center":[0,200,0],"size":[235.247,235.247,147.751]},"pointables":[{"bases":[[[0.506848,0.735837,0.449054],[-0.70289,0.0512012,0.709453],[0.49905,-0.67522,0.543164]],[[0.305188,0.922643,0.235777],[-0.794794,0.110401,0.596754],[0.52456,-0.369516,0.767003]],[[0.305188,0.922643,0.235777],[-0.939698,0.251642,0.231611],[0.154362,-0.292244,0.943804]],[[0.305188,0.922643,0.235777],[-0.725291,0.385644,-0.570291],[-0.617101,0.00303867,0.786878]]],"btipPosition":[36.3932,251.735,-41.8541],"carpPosition":[53.3517,223.475,46.7822],"dipPosition":[21.9908,251.805,-23.4893],"direction":[-0.154362,0.292244,-0.943804],"extended":false,"handId":699,"id":6990,"length":51.9721,"mcpPosition":[53.3517,223.475,46.7822],"pipPosition":[27.2393,241.869,8.60118],"stabilizedTipPosition":[-9.17696,238.002,90.742],"timeVisible":4.59153,"tipPosition":[33.169,253.434,-36.0712],"tipVelocity":[95.3778,52.4374,-246.057],"tool":false,"touchDistance":-0.756284,"touchZone":"hovering","type":0,"width":20.194},{"bases":[[[0.960638,0.0836009,-0.264926],[0.101778,0.781425,0.615642],[0.258488,-0.618373,0.742158]],[[0.967429,0.0664409,-0.244268],[0.0843696,0.825144,0.558587],[0.238669,-0.561002,0.792662]],[[0.967429,0.0664409,-0.244268],[0.0092147,0.955059,0.296271],[0.252975,-0.288872,0.92334]],[[0.967429,0.0664409,-0.244268],[-0.050446,0.996188,0.0711706],[0.248065,-0.0565302,0.967093]]],"btipPosition":[23.6806,321.566,-74.8097],"carpPosition":[63.1944,244.237,52.3333],"dipPosition":[27.9072,320.603,-58.3321],"direction":[-0.252975,0.288872,-0.92334],"extended":true,"handId":699,"id":6991,"length":58.6448,"mcpPosition":[44.2302,289.605,-2.11589],"pipPosition":[34.0048,313.64,-36.0763],"stabilizedTipPosition":[-19.3378,311.212,52.886],"timeVisible":4.59153,"tipPosition":[25.0813,322.92,-70.2353],"tipVelocity":[55.3636,91.648,-239.194],"tool":false,"touchDistance":-0.768381,"touchZone":"hovering","type":1,"width":19.2893},{"bases":[[[0.955208,-0.135159,-0.263266],[0.26837,0.770544,0.578135],[0.124718,-0.622892,0.772302]],[[0.957992,-0.150473,-0.244148],[-0.0329812,0.787851,-0.614982],[0.284891,0.5972,0.749793]],[[0.957992,-0.150473,-0.244148],[-0.27914,-0.293867,-0.914179],[0.0658127,0.943928,-0.323525]],[[0.957992,-0.150473,-0.244148],[-0.271711,-0.748639,-0.604742],[-0.091781,0.645676,-0.758076]]],"btipPosition":[52.367,222.707,-16.6681],"carpPosition":[74.8844,246.942,49.7243],"dipPosition":[50.647,234.807,-30.8744],"direction":[-0.0658127,-0.943928,0.323525],"extended":false,"handId":699,"id":6992,"length":66.821,"mcpPosition":[66.2071,290.28,-4.00856],"pipPosition":[52.5133,261.574,-40.0489],"stabilizedTipPosition":[19.859,201.638,61.1368],"timeVisible":4.59153,"tipPosition":[52.1969,225.289,-18.8403],"tipVelocity":[69.4359,177.169,-244.5],"tool":false,"touchDistance":0.333333,"touchZone":"none","type":2,"width":18.9446},{"bases":[[[0.940183,-0.28305,-0.189575],[0.339769,0.738669,0.582173],[-0.024751,-0.611761,0.790655]],[[0.940459,-0.273242,-0.202179],[0.0801002,0.756208,-0.64941],[0.330336,0.594549,0.733069]],[[0.940459,-0.273242,-0.202179],[-0.283775,-0.303741,-0.909513],[0.187107,0.912732,-0.363195]],[[0.940459,-0.273242,-0.202179],[-0.339685,-0.733975,-0.588128],[0.0123072,0.621787,-0.783089]]],"btipPosition":[68.0977,221.42,-11.026],"carpPosition":[86.6682,246.496,46.4021],"dipPosition":[68.327,233.005,-25.6167],"direction":[-0.187107,-0.912732,0.363195],"extended":false,"handId":699,"id":6993,"length":64.2502,"mcpPosition":[88.2143,284.711,-2.98751],"pipPosition":[73.4959,258.22,-35.6501],"stabilizedTipPosition":[34.3751,198.958,68.9842],"timeVisible":4.59153,"tipPosition":[68.281,223.866,-13.0753],"tipVelocity":[80.2336,176.172,-243.584],"tool":false,"touchDistance":0.333333,"touchZone":"none","type":3,"width":18.027},{"bases":[[[0.861849,-0.470084,-0.190359],[0.478335,0.628683,0.61315],[-0.168557,-0.619498,0.766688]],[[0.825868,-0.559415,-0.0706955],[0.400321,0.670002,-0.625173],[0.397097,0.488009,0.777278]],[[0.825868,-0.559415,-0.0706955],[-0.237354,-0.231172,-0.943516],[0.511474,0.795999,-0.323697]],[[0.825868,-0.559415,-0.0706955],[-0.470597,-0.614759,-0.632937],[0.310614,0.555992,-0.770969]]],"btipPosition":[77.9396,232.775,-11.3666],"carpPosition":[97.5103,239.243,40.809],"dipPosition":[83.2788,242.332,-24.6188],"direction":[-0.511474,-0.795999,0.323697],"extended":false,"handId":699,"id":6994,"length":50.3709,"mcpPosition":[107.257,275.066,-3.52455],"pipPosition":[93.2549,257.858,-30.9324],"stabilizedTipPosition":[41.9327,211.459,75.8196],"timeVisible":4.59153,"tipPosition":[79.1823,234.735,-13.1497],"tipVelocity":[88.0248,179.821,-258.389],"tool":false,"touchDistance":0.333333,"touchZone":"none","type":4,"width":16.013}],"r":[[0.973764,-0.011562,0.227264],[-0.000198285,0.998665,0.0516564],[-0.227558,-0.0503463,0.972462]],"s":1.03847,"t":[34.5072,-15.3314,-148.303],"timestamp":523722740213},false],[6,{"currentFrameRate":103.851,"devices":[],"gestures":[],"hands":[{"armBasis":[[0.953456,0.0446713,-0.298204],[0.112193,0.865402,0.488357],[0.279882,-0.499083,0.820111]],"armWidth":63.5437,"confidence":0.653014,"direction":[-0.0774698,0.727487,-0.681734],"elbow":[158.692,99.3441,267.567],"grabStrength":0,"id":699,"palmNormal":[-0.140449,-0.684933,-0.714941],"palmPosition":[71.0531,270.255,8.13821],"palmVelocity":[85.4473,165.893,-188.25],"palmWidth":90.7382,"pinchStrength":0.706972,"r":[[0.974179,-0.0103989,0.225538],[-0.000214389,0.998896,0.046982],[-0.225777,-0.0458172,0.973101]],"s":1.0322,"sphereCenter":[56.8337,255.869,-33.3743],"sphereRadius":45.6778,"stabilizedPalmPosition":[40.49,246.686,92.8596],"t":[35.1747,-13.8258,-149.821],"timeVisible":4.60057,"type":"right","wrist":[83.3331,233.724,46.7499]}],"id":4278260,"interactionBox":{"center":[0,200,0],"size":[235.247,235.247,147.751]},"pointables":[{"bases":[[[0.507692,0.738337,0.443968],[-0.701329,0.0548825,0.710721],[0.500386,-0.672195,0.545681]],[[0.300454,0.9269,0.224907],[-0.797471,0.114771,0.592342],[0.523229,-0.357328,0.773659]],[[0.300454,0.9269,0.224907],[-0.940784,0.24918,0.229858],[0.157013,-0.280651,0.94688]],[[0.300454,0.9269,0.224907],[-0.726824,0.37519,-0.575291],[-0.617621,0.00938051,0.78642]]],"btipPosition":[37.0536,252.123,-43.272],"carpPosition":[54.0238,225.012,45.7896],"dipPosition":[22.6391,252.342,-24.9179],"direction":[-0.157013,0.280651,-0.94688],"extended":false,"handId":699,"id":6990,"length":51.9721,"mcpPosition":[54.0238,225.012,45.7896],"pipPosition":[27.9777,242.799,7.27723],"stabilizedTipPosition":[-9.00358,238.06,90.2176],"timeVisible":4.60057,"tipPosition":[33.7674,253.878,-37.5878],"tipVelocity":[89.1511,50.868,-221.572],"tool":false,"touchDistance":-0.730294,"touchZone":"hovering","type":0,"width":20.194},{"bases":[[[0.960033,0.0823571,-0.267497],[0.102982,0.784744,0.611205],[0.260254,-0.614324,0.744899]],[[0.966332,0.0667306,-0.248495],[0.0846245,0.829626,0.551869],[0.242984,-0.554317,0.796047]],[[0.966332,0.0667306,-0.248495],[0.00843731,0.957046,0.289814],[0.257161,-0.282154,0.924261]],[[0.966332,0.0667306,-0.248495],[-0.0519311,0.99649,0.06565],[0.252004,-0.0505351,0.966406]]],"btipPosition":[23.8784,322.287,-76.2924],"carpPosition":[63.8746,245.806,51.2071],"dipPosition":[28.1721,321.426,-59.8265],"direction":[-0.257161,0.282154,-0.924261],"extended":true,"handId":699,"id":6991,"length":58.6448,"mcpPosition":[44.7809,290.876,-3.44313],"pipPosition":[34.3706,314.625,-37.5486],"stabilizedTipPosition":[-19.1666,311.254,52.4004],"timeVisible":4.60057,"tipPosition":[25.3328,323.611,-71.7729],"tipVelocity":[46.6114,89.1004,-218.585],"tool":false,"touchDistance":-0.742158,"touchZone":"hovering","type":1,"width":19.2893},{"bases":[[[0.954651,-0.136392,-0.264649],[0.269493,0.773692,0.573388],[0.126551,-0.618706,0.775363]],[[0.95748,-0.151602,-0.245456],[-0.030107,0.793651,-0.607628],[0.286924,0.589182,0.755341]],[[0.95748,-0.151602,-0.245456],[-0.280129,-0.285097,-0.91665],[0.0689871,0.946434,-0.315443]],[[0.95748,-0.151602,-0.245456],[-0.273755,-0.74594,-0.607151],[-0.0910499,0.64853,-0.755724]]],"btipPosition":[52.7118,224.233,-18.5875],"carpPosition":[75.5582,248.499,48.5578],"dipPosition":[51.0055,236.387,-32.7498],"direction":[-0.0689871,-0.946434,0.315443],"extended":false,"handId":699,"id":6992,"length":66.821,"mcpPosition":[66.7534,291.546,-5.38804],"pipPosition":[52.9618,263.225,-41.695],"stabilizedTipPosition":[20.8679,202.427,58.5575],"timeVisible":4.60057,"tipPosition":[52.5771,226.756,-20.5978],"tipVelocity":[60.9161,175.273,-235.352],"tool":false,"touchDistance":0.333333,"touchZone":"none","type":2,"width":18.9446},{"bases":[[[0.939819,-0.283887,-0.19013],[0.340907,0.741853,0.577439],[-0.0228788,-0.607505,0.793987]],[[0.940073,-0.273442,-0.203699],[0.0796646,0.757004,-0.648536],[0.331537,0.593443,0.733422]],[[0.940073,-0.273442,-0.203699],[-0.285027,-0.302299,-0.909602],[0.187145,0.913151,-0.362121]],[[0.940073,-0.273442,-0.203699],[-0.340797,-0.734241,-0.587151],[0.0109878,0.621385,-0.783428]]],"btipPosition":[68.6173,222.741,-12.4633],"carpPosition":[87.3348,248.037,45.2119],"dipPosition":[68.822,234.318,-27.0604],"direction":[-0.187145,-0.913151,0.362121],"extended":false,"handId":699,"id":6993,"length":64.2502,"mcpPosition":[88.7639,285.986,-4.38576],"pipPosition":[73.992,259.545,-37.0641],"stabilizedTipPosition":[35.3539,199.713,66.5635],"timeVisible":4.60057,"tipPosition":[68.7934,225.178,-14.4883],"tipVelocity":[73.7984,167.844,-220.343],"tool":false,"touchDistance":0.333333,"touchZone":"none","type":3,"width":18.027},{"bases":[[[0.861521,-0.470938,-0.189735],[0.479563,0.632062,0.608701],[-0.166736,-0.615398,0.770379]],[[0.825186,-0.560775,-0.0678239],[0.404824,0.670853,-0.621348],[0.393936,0.485271,0.780594]],[[0.825186,-0.560775,-0.0678239],[-0.233046,-0.228609,-0.945213],[0.514547,0.795782,-0.319331]],[[0.825186,-0.560775,-0.0678239],[-0.469689,-0.614488,-0.633875],[0.313784,0.55492,-0.770456]]],"btipPosition":[78.4869,234.17,-12.966],"carpPosition":[98.1659,240.756,39.6339],"dipPosition":[83.8806,243.709,-26.2094],"direction":[-0.514547,-0.795782,0.319331],"extended":false,"handId":699,"id":6994,"length":50.3709,"mcpPosition":[107.807,276.342,-4.91307],"pipPosition":[93.9167,259.23,-32.4378],"stabilizedTipPosition":[43.1611,212.268,72.835],"timeVisible":4.60057,"tipPosition":[79.741,236.101,-14.7122],"tipVelocity":[80.8439,172.694,-235.904],"tool":false,"touchDistance":0.333333,"touchZone":"none","type":4,"width":16.013}],"r":[[0.974179,-0.0103989,0.225538],[-0.000214389,0.998896,0.046982],[-0.225777,-0.0458172,0.973101]],"s":1.0322,"t":[35.1747,-13.8258,-149.821],"timesta