{"sensorType":"Leap","data":[[0,{"currentFrameRate":109.309,"devices":[],"gestures":[],"hands":[{"armBasis":[[0.925114,0.176673,-0.336081],[-0.000526568,0.885744,0.464174],[0.379688,-0.429237,0.819507]],"armWidth":63.5437,"confidence":0.664144,"direction":[-0.187187,0.638549,-0.746469],"elbow":[176.074,149.025,287.312],"grabStrength":0,"id":699,"palmNormal":[-0.0415139,-0.764365,-0.643447],"palmPosition":[56.1219,295.012,24.977],"palmVelocity":[-5.9824,16.8564,-132.48],"palmWidth":90.7382,"pinchStrength":0.749174,"r":[[0.967036,0.153398,0.203249],[-0.14462,0.987818,-0.0574516],[-0.209586,0.0261638,0.97744]],"s":0.965847,"sphereCenter":[50.7,271.219,-18.902],"sphereRadius":47.3157,"stabilizedPalmPosition":[46.5418,263.65,121.967],"t":[20.9378,12.3231,-133.253],"timeVisible":1.48234,"type":"right","wrist":[73.8414,264.598,66.6576]}],"id":4277921,"interactionBox":{"center":[0,200,0],"size":[235.247,235.247,147.751]},"pointables":[{"bases":[[[0.395537,0.844267,0.361614],[-0.698245,0.0206381,0.715562],[0.596662,-0.535526,0.597668]],[[0.144344,0.983112,0.112496],[-0.807948,0.0514557,0.587003],[0.571302,-0.175621,0.801731]],[[0.144344,0.983112,0.112496],[-0.960682,0.111977,0.254071],[0.237183,-0.144746,0.960621]],[[0.144344,0.983112,0.112496],[-0.911939,0.176292,-0.370525],[-0.384099,-0.0491063,0.921985]]],"btipPosition":[18.5922,266.454,-26.9939],"carpPosition":[46.1314,251.644,67.0962],"dipPosition":[9.62779,265.308,-5.47581],"direction":[-0.237183,0.144746,-0.960621],"extended":false,"handId":699,"id":6990,"length":51.9721,"mcpPosition":[46.1314,251.644,67.0962],"pipPosition":[17.6923,260.386,27.1865],"stabilizedTipPosition":[9.00136,243.994,93.1011],"timeVisible":1.48234,"tipPosition":[17.481,266.485,-21.1023],"tipVelocity":[-51.9621,3.73068,-140.911],"tool":false,"touchDistance":-0.50348,"touchZone":"touching","type":0,"width":20.194},{"bases":[[[0.936085,0.195399,-0.292514],[-0.0107631,0.847058,0.531392],[0.35161,-0.49428,0.795021]],[[0.945792,0.18113,-0.269572],[-0.0541164,0.906322,0.419108],[0.320232,-0.381801,0.866995]],[[0.945792,0.18113,-0.269572],[-0.131391,0.972473,0.192438],[0.297007,-0.146587,0.943557]],[[0.945792,0.18113,-0.269572],[-0.185348,0.982623,0.00994877],[0.266689,0.0405551,0.962929]]],"btipPosition":[1.61835,329.545,-64.3088],"carpPosition":[52.8372,274.082,70.3135],"dipPosition":[6.16228,330.236,-47.9022],"direction":[-0.297007,0.146587,-0.943557],"extended":true,"handId":699,"id":6991,"length":58.6448,"mcpPosition":[27.0411,310.345,11.9859],"pipPosition":[13.3212,326.703,-25.1591],"stabilizedTipPosition":[5.80684,322.683,16.0981],"timeVisible":1.48234,"tipPosition":[3.23524,330.582,-60.3479],"tipVelocity":[-25.5171,-21.381,-141.346],"tool":false,"touchDistance":-0.499989,"touchZone":"touching","type":1,"width":19.2893},{"bases":[[[0.96301,-0.020461,-0.268689],[0.15537,0.85684,0.491614],[0.220164,-0.515176,0.828325]],[[0.964872,-0.0249006,-0.261539],[-0.156248,0.745921,-0.647448],[0.211209,0.665569,0.715827]],[[0.964872,-0.0249006,-0.261539],[-0.259327,0.0692572,-0.963303],[0.0421003,0.997288,0.060367]],[[0.964872,-0.0249006,-0.261539],[-0.257366,-0.289568,-0.921907],[-0.0527773,0.956834,-0.285804]]],"btipPosition":[38.3082,235.823,-21.1989],"carpPosition":[63.9832,278.184,67.1953],"dipPosition":[37.3192,253.754,-26.5548],"direction":[-0.0421003,-0.997288,-0.060367],"extended":false,"handId":699,"id":6992,"length":66.821,"mcpPosition":[48.6652,314.027,9.56469],"pipPosition":[38.513,282.035,-24.843],"stabilizedTipPosition":[32.5122,205.321,84.7979],"timeVisible":1.48234,"tipPosition":[38.4144,239.432,-21.2414],"tipVelocity":[-8.12492,12.3607,-136.434],"tool":false,"touchDistance":-0.427415,"touchZone":"touching","type":2,"width":18.9446},{"bases":[[[0.970442,-0.160584,-0.180156],[0.230715,0.83633,0.497316],[0.0708085,-0.524181,0.848658]],[[0.969373,-0.153343,-0.191837],[-0.0184704,0.733387,-0.679561],[0.244897,0.662291,0.708093]],[[0.969373,-0.153343,-0.191837],[-0.184238,0.0624485,-0.980896],[0.162394,0.986198,0.0322842]],[[0.969373,-0.153343,-0.191837],[-0.229457,-0.28704,-0.930031],[0.0875491,0.945565,-0.313435]]],"btipPosition":[54.2304,237.498,-15.931],"carpPosition":[75.6825,279.125,63.6835],"dipPosition":[55.8616,255.116,-21.771],"direction":[-0.162394,-0.986198,-0.0322842],"extended":false,"handId":699,"id":6993,"length":64.2502,"mcpPosition":[71.2594,311.869,10.6706],"pipPosition":[60.3478,282.36,-20.8791],"stabilizedTipPosition":[49.4078,207.926,91.0041],"timeVisible":1.48234,"tipPosition":[54.7836,240.996,-15.7541],"tipVelocity":[-6.30834,24.817,-159.905],"tool":false,"touchDistance":0.225424,"touchZone":"hovering","type":3,"width":18.027},{"bases":[[[0.920564,-0.356137,-0.1604],[0.384189,0.751554,0.536251],[-0.0704295,-0.555278,0.828677]],[[0.896244,-0.443057,-0.0211566],[0.318517,0.676044,-0.664463],[0.308698,0.588782,0.747021]],[[0.896244,-0.443057,-0.0211566],[0.0131215,0.0741588,-0.99716],[0.443368,0.893421,0.0722779]],[[0.896244,-0.443057,-0.0211566],[-0.143003,-0.243467,-0.959309],[0.419878,0.8628,-0.281564]]],"btipPosition":[64.7631,252.089,-12.2097],"carpPosition":[87.4407,272.998,58.6193],"dipPosition":[71.9804,266.92,-17.0495],"direction":[-0.443368,-0.893421,-0.0722779],"extended":false,"handId":699,"id":6994,"length":50.3709,"mcpPosition":[91.5133,305.107,10.7012],"pipPosition":[80.6281,284.346,-15.6397],"stabilizedTipPosition":[59.6894,222.984,92.0319],"timeVisible":1.48234,"tipPosition":[66.4291,255.007,-12.1797],"tipVelocity":[-0.656327,19.8938,-146.531],"tool":false,"touchDistance":-0.153466,"touchZone":"touching","type":4,"width":16.013}],"r":[[0.967036,0.153398,0.203249],[-0.14462,0.987818,-0.0574516],[-0.209586,0.0261638,0.97744]],"s":0.965847,"t":[20.9378,12.3231,-133.253],"timestamp":523719631020},false],[1,{"currentFrameRate":109.334,"devices":[],"gestures":[],"hands":[{"armBasis":[[0.921443,0.182251,-0.343113],[-0.00179863,0.885137,0.465328],[0.388508,-0.428156,0.815931]],"armWidth":63.5437,"confidence":0.669039,"direction":[-0.185325,0.636949,-0.748298],"elbow":[178.014,149.627,284.158],"grabStrength":0,"id":699,"palmNormal":[-0.0391394,-0.765669,-0.642042],"palmPosition":[55.7945,295.229,22.6718],"palmVelocity":[-14.2964,18.7956,-165.972],"palmWidth":90.7382,"pinchStrength":0.750578,"r":[[0.966848,0.154651,0.203192],[-0.145346,0.987558,-0.060035],[-0.209949,0.0285114,0.977297]],"s":0.966218,"sphereCenter":[50.2791,271.379,-21.1003],"sphereRadius":47.2658,"stabilizedPalmPosition":[46.542,263.651,121.964],"t":[20.7607,12.4881,-135.029],"timeVisible":1.49144,"type":"right","wrist":[73.407,264.909,64.4659]}],"id":4277922,"interactionBox":{"center":[0,200,0],"size":[235.247,235.247,147.751]},"pointables":[{"bases":[[[0.393957,0.845219,0.361112],[-0.700396,0.0216504,0.713426],[0.595184,-0.533981,0.600517]],[[0.143423,0.983421,0.11096],[-0.810261,0.0523068,0.583731],[0.56825,-0.173627,0.80433]],[[0.143423,0.983421,0.11096],[-0.961682,0.112019,0.250238],[0.233659,-0.142598,0.961805]],[[0.143423,0.983421,0.11096],[-0.911049,0.17499,-0.373319],[-0.386547,-0.0475472,0.921043]]],"btipPosition":[18.493,266.54,-29.3904],"carpPosition":[45.7033,251.939,64.8473],"dipPosition":[9.47149,265.431,-7.89431],"direction":[-0.233659,0.142598,-0.961805],"extended":false,"handId":699,"id":6990,"length":51.9721,"mcpPosition":[45.7033,251.939,64.8473],"pipPosition":[17.4162,260.582,24.8083],"stabilizedTipPosition":[9.00211,243.996,93.0891],"timeVisible":1.49144,"tipPosition":[17.3123,266.574,-23.5189],"tipVelocity":[-40.9809,5.58607,-175.002],"tool":false,"touchDistance":-0.517489,"touchZone":"touching","type":0,"width":20.194},{"bases":[[[0.936842,0.19537,-0.2901],[-0.0128503,0.848108,0.529667],[0.349517,-0.492486,0.797054]],[[0.945809,0.182199,-0.268793],[-0.0563123,0.907243,0.41682],[0.319805,-0.379096,0.868338]],[[0.945809,0.182199,-0.268793],[-0.132731,0.972365,0.192065],[0.296359,-0.14598,0.943855]],[[0.945809,0.182199,-0.268793],[-0.186064,0.982473,0.0112545],[0.266132,0.039368,0.963132]]],"btipPosition":[1.3644,329.609,-66.7998],"carpPosition":[52.3864,274.387,68.0399],"dipPosition":[5.89885,330.279,-50.3896],"direction":[-0.296359,0.14598,-0.943855],"extended":true,"handId":699,"id":6991,"length":58.6448,"mcpPosition":[26.7437,310.519,9.56325],"pipPosition":[13.0421,326.761,-27.6394],"stabilizedTipPosition":[5.80601,322.684,16.0788],"timeVisible":1.49144,"tipPosition":[3.00521,330.571,-62.8642],"tipVelocity":[-26.2458,-13.6583,-178.013],"tool":false,"touchDistance":-0.515675,"touchZone":"touching","type":1,"width":19.2893},{"bases":[[[0.963822,-0.0204262,-0.265764],[0.153396,0.85791,0.490367],[0.217986,-0.513394,0.830005]],[[0.965693,-0.0249203,-0.258487],[-0.154491,0.744946,-0.64899],[0.208732,0.66666,0.715539]],[[0.965693,-0.0249203,-0.258487],[-0.256405,0.0662203,-0.964298],[0.0411477,0.997494,0.0575588]],[[0.965693,-0.0249203,-0.258487],[-0.254251,-0.293314,-0.921587],[-0.0528517,0.955691,-0.289588]]],"btipPosition":[38.1633,235.968,-23.3998],"carpPosition":[63.5392,278.489,64.9469],"dipPosition":[37.1729,253.878,-28.8267],"direction":[-0.0411477,-0.997494,-0.0575588],"extended":false,"handId":699,"id":6992,"length":66.821,"mcpPosition":[48.3729,314.209,7.19938],"pipPosition":[38.3397,282.164,-27.1944],"stabilizedTipPosition":[32.5125,205.323,84.7935],"timeVisible":1.49144,"tipPosition":[38.2534,239.579,-23.5033],"tipVelocity":[-10.2956,13.203,-166.151],"tool":false,"touchDistance":-0.446265,"touchZone":"touching","type":2,"width":18.9446},{"bases":[[[0.97107,-0.160368,-0.17693],[0.228735,0.837455,0.496336],[0.0685747,-0.522447,0.84991]],[[0.97001,-0.153003,-0.188868],[-0.0170301,0.732335,-0.680732],[0.242469,0.663533,0.707766]],[[0.97001,-0.153003,-0.188868],[-0.181531,0.0607125,-0.981509],[0.16164,0.986359,0.0311169]],[[0.97001,-0.153003,-0.188868],[-0.226669,-0.28885,-0.930154],[0.0877616,0.945069,-0.314869]]],"btipPosition":[54.0608,237.645,-18.1508],"carpPosition":[75.2485,279.431,61.4683],"dipPosition":[55.696,255.253,-24.0176],"direction":[-0.16164,-0.986359,-0.0311169],"extended":false,"handId":699,"id":6993,"length":64.2502,"mcpPosition":[70.9649,312.066,8.37724],"pipPosition":[60.1614,282.502,-23.1579],"stabilizedTipPosition":[49.408,207.927,90.9999],"timeVisible":1.49144,"tipPosition":[54.6064,241.151,-18.0036],"tipVelocity":[-9.69505,22.3496,-183.384],"tool":false,"touchDistance":0.188324,"touchZone":"hovering","type":3,"width":18.027},{"bases":[[[0.921249,-0.35591,-0.156934],[0.382141,0.752848,0.535899],[-0.0725847,-0.553667,0.829569]],[[0.896456,-0.4428,-0.0171884],[0.320521,0.674709,-0.664857],[0.305996,0.590505,0.746773]],[[0.896456,-0.4428,-0.0171884],[0.0161676,0.0714448,-0.997314],[0.442839,0.893769,0.071206]],[[0.896456,-0.4428,-0.0171884],[-0.140087,-0.246382,-0.958995],[0.420408,0.862104,-0.282901]]],"btipPosition":[64.5688,252.243,-14.3763],"carpPosition":[87.0253,273.301,56.4515],"dipPosition":[71.7953,267.062,-19.2391],"direction":[-0.442839,-0.893769,-0.071206],"extended":false,"handId":699,"id":6994,"length":50.3709,"mcpPosition":[91.2225,305.316,8.48194],"pipPosition":[80.4327,284.494,-17.8503],"stabilizedTipPosition":[59.6894,222.984,92.0319],"timeVisible":1.49144,"tipPosition":[66.2347,255.168,-14.3808],"tipVelocity":[-6.32694,18.9855,-172.071],"tool":false,"touchDistance":-0.189666,"touchZone":"touching","type":4,"width":16.013}],"r":[[0.966848,0.154651,0.203192],[-0.145346,0.987558,-0.060035],[-0.209949,0.0285114,0.977297]],"s":0.966218,"t":[20.7607,12.4881,-135.029],"timestamp":523719640120},false],[2,{"currentFrameRate":109.397,"devices":[],"gestures":[],"hands":[{"armBasis":[[0.920704,0.181861,-0.345298],[-0.00100134,0.885884,0.463906],[0.390261,-0.426775,0.815819]],"armWidth":63.5437,"confidence":0.669688,"direction":[-0.185827,0.635366,-0.749519],"elbow":[178.236,150.216,282.623],"grabStrength":0,"id":699,"palmNormal":[-0.039952,-0.76706,-0.64033],"palmPosition":[55.5156,295.359,21.1177],"palmVelocity":[-18.8646,17.6106,-167.667],"palmWidth":90.7382,"pinchStrength":0.75053,"r":[[0.966744,0.155685,0.202899],[-0.14588,0.987326,-0.0625065],[-0.210059,0.0308288,0.977203]],"s":0.966408,"sphereCenter":[49.7591,271.442,-22.5422],"sphereRadius":47.2279,"stabilizedPalmPosition":[46.5422,263.652,121.962],"t":[20.5326,12.636,-136.695],"timeVisible":1.50047,"type":"right","wrist":[73.1577,265.126,62.9617]}],"id":4277923,"interactionBox":{"center":[0,200,0],"size":[235.247,235.247,147.751]},"pointables":[{"bases":[[[0.394535,0.845891,0.358901],[-0.699734,0.0234153,0.71402],[0.59558,-0.532841,0.601137]],[[0.143905,0.983596,0.10877],[-0.810045,0.0539459,0.58388],[0.568434,-0.172132,0.80452]],[[0.143905,0.983596,0.10877],[-0.96144,0.112934,0.250755],[0.234358,-0.140661,0.96192]],[[0.143905,0.983596,0.10877],[-0.91188,0.174497,-0.371518],[-0.384404,-0.0457221,0.922032]]],"btipPosition":[18.1573,266.584,-30.8772],"carpPosition":[45.4506,252.165,63.397],"dipPosition":[9.18581,265.516,-9.35809],"direction":[-0.234358,0.140661,-0.96192],"extended":false,"handId":699,"id":6990,"length":51.9721,"mcpPosition":[45.4506,252.165,63.397],"pipPosition":[17.1543,260.734,23.3484],"stabilizedTipPosition":[9.00273,243.998,93.0788],"timeVisible":1.50047,"tipPosition":[16.964,266.616,-25.0143],"tipVelocity":[-39.5835,5.66602,-171.997],"tool":false,"touchDistance":-0.516297,"touchZone":"touching","type":0,"width":20.194},{"bases":[[[0.936632,0.194461,-0.291386],[-0.0121169,0.849268,0.527823],[0.350106,-0.490845,0.797808]],[[0.945003,0.182264,-0.271569],[-0.0560148,0.908253,0.414656],[0.322231,-0.376639,0.868511]],[[0.945003,0.182264,-0.271569],[-0.132416,0.972444,0.19188],[0.299059,-0.145367,0.943097]],[[0.945003,0.182264,-0.271569],[-0.185827,0.982499,0.0127668],[0.269144,0.0384004,0.962334]]],"btipPosition":[0.857608,329.616,-68.3362],"carpPosition":[52.1431,274.618,66.5343],"dipPosition":[5.44336,330.27,-51.9396],"direction":[-0.299059,0.145367,-0.943097],"extended":true,"handId":699,"id":6991,"length":58.6448,"mcpPosition":[26.4572,310.63,8.00236],"pipPosition":[12.6517,326.766,-29.2077],"stabilizedTipPosition":[5.80526,322.686,16.0632],"timeVisible":1.50047,"tipPosition":[2.53115,330.51,-64.4293],"tipVelocity":[-34.1139,-9.79634,-175.948],"tool":false,"touchDistance":-0.515534,"touchZone":"touching","type":1,"width":19.2893},{"bases":[[[0.963571,-0.0212896,-0.266604],[0.154096,0.858935,0.488349],[0.218598,-0.511642,0.830926]],[[0.965456,-0.0257883,-0.259286],[-0.154804,0.743668,-0.65038],[0.209595,0.668052,0.713987]],[[0.965456,-0.0257883,-0.259286],[-0.257244,0.0640266,-0.964223],[0.0414669,0.997615,0.055181]],[[0.965456,-0.0257883,-0.259286],[-0.255139,-0.295574,-0.920619],[-0.0528968,0.954972,-0.291943]]],"btipPosition":[37.8261,236.01,-24.8024],"carpPosition":[63.2943,278.71,63.4221],"dipPosition":[36.8348,253.907,-30.2734],"direction":[-0.0414669,-0.997615,-0.055181],"extended":false,"handId":699,"id":6992,"length":66.821,"mcpPosition":[48.0853,314.308,5.61057],"pipPosition":[38.0107,282.197,-28.7086],"stabilizedTipPosition":[32.5126,205.324,84.7902],"timeVisible":1.50047,"tipPosition":[37.9123,239.625,-24.932],"tipVelocity":[-17.7511,10.7624,-163.486],"tool":false,"touchDistance":-0.451164,"touchZone":"touching","type":2,"width":18.9446},{"bases":[[[0.970861,-0.161039,-0.17747],[0.229435,0.838471,0.494293],[0.0692034,-0.520608,0.850987]],[[0.969725,-0.153281,-0.190104],[-0.0170645,0.734034,-0.678898],[0.243605,0.661588,0.709196]],[[0.969725,-0.153281,-0.190104],[-0.182673,0.0613189,-0.98126],[0.162065,0.986278,0.0314622]],[[0.969725,-0.153281,-0.190104],[-0.228051,-0.290021,-0.929452],[0.0873329,0.944666,-0.316196]]],"btipPosition":[53.7194,237.836,-19.8042],"carpPosition":[75.0006,279.641,59.9307],"dipPosition":[55.3466,255.437,-25.6957],"direction":[-0.162065,-0.986278,-0.0314622],"extended":false,"handId":699,"id":6993,"length":64.2502,"mcpPosition":[70.6777,312.161,6.77238],"pipPosition":[59.8237,282.684,-24.8265],"stabilizedTipPosition":[49.4081,207.928,90.9966],"timeVisible":1.50047,"tipPosition":[54.2553,241.33,-19.6859],"tipVelocity":[-17.4946,21.9836,-183.484],"tool":false,"touchDistance":0.160673,"touchZone":"hovering","type":3,"width":18.027},{"bases":[[[0.921001,-0.356523,-0.157001],[0.382852,0.753906,0.5339],[-0.0719837,-0.551831,0.830844]],[[0.896089,-0.443579,-0.0162068],[0.321225,0.673251,-0.665993],[0.306332,0.591583,0.745782]],[[0.896089,-0.443579,-0.0162068],[0.0162217,0.0692139,-0.99747],[0.443579,0.893559,0.0692175]],[[0.896089,-0.443579,-0.0162068],[-0.140463,-0.248741,-0.958331],[0.421064,0.861026,-0.2852]]],"btipPosition":[64.2423,252.317,-15.8717],"carpPosition":[86.7711,273.496,54.9165],"dipPosition":[71.48,267.117,-20.7741],"direction":[-0.443579,-0.893559,-0.0692175],"extended":false,"handId":699,"id":6994,"length":50.3709,"mcpPosition":[90.9335,305.406,6.87324],"pipPosition":[80.1318,284.546,-19.424],"stabilizedTipPosition":[59.6894,222.984,92.0319],"timeVisible":1.50047,"tipPosition":[65.9113,255.244,-15.9035],"tipVelocity":[-14.4641,15.8864,-170.573],"tool":false,"touchDistance":-0.214741,"touchZone":"touching","type":4,"width":16.013}],"r":[[0.966744,0.155685,0.202899],[-0.14588,0.987326,-0.0625065],[-0.210059,0.0308288,0.977203]],"s":0.966408,"t":[20.5326,12.636,-136.695],"timestamp":523719649149},false],[3,{"currentFrameRate":109.429,"devices":[],"gestures":[],"hands":[{"armBasis":[[0.919501,0.179221,-0.349854],[0.00405014,0.885649,0.464338],[0.393067,-0.428376,0.813629]],"armWidth":63.5437,"confidence":0.670489,"direction":[-0.185249,0.633859,-0.750936],"elbow":[178.879,149.82,281.047],"grabStrength":0,"id":699,"palmNormal":[-0.0443183,-0.768774,-0.637983],"palmPosition":[55.4151,295.338,20.0844],"palmVelocity":[-16.7072,12.0733,-152.753],"palmWidth":90.7382,"pinchStrength":0.749305,"r":[[0.966872,0.155911,0.202113],[-0.145604,0.987206,-0.064993],[-0.209661,0.0334114,0.977203]],"s":0.966852,"sphereCenter":[49.2665,271.339,-23.4279],"sphereRadius":47.1982,"stabilizedPalmPosition":[46.5424,263.652,121.961],"t":[20.3684,12.699,-138.044],"timeVisible":1.50955,"type":"right","wrist":[73.0442,265.161,61.9751]}],"id":4277924,"interactionBox":{"center":[0,200,0],"size":[235.247,235.247,147.751]},"pointables":[{"bases":[[[0.398521,0.845465,0.355486],[-0.697944,0.0281021,0.715601],[0.595026,-0.533292,0.601286]],[[0.14782,0.983365,0.105555],[-0.809381,0.0589454,0.584318],[0.568377,-0.171809,0.80463]],[[0.14782,0.983365,0.105555],[-0.960306,0.117181,0.253144],[0.236564,-0.138785,0.961653]],[[0.14782,0.983365,0.105555],[-0.914539,0.17654,-0.363941],[-0.376521,-0.0427367,0.925422]]],"btipPosition":[17.741,266.574,-31.8358],"carpPosition":[45.2904,252.305,62.5139],"dipPosition":[8.95347,265.576,-10.2376],"direction":[-0.236564,0.138785,-0.961653],"extended":false,"handId":699,"id":6990,"length":51.9721,"mcpPosition":[45.2904,252.305,62.5139],"pipPosition":[16.9969,260.857,22.4598],"stabilizedTipPosition":[9.00326,244,93.0693],"timeVisible":1.50955,"tipPosition":[16.5743,266.603,-25.9623],"tipVelocity":[-40.0252,4.28326,-153.056],"tool":false,"touchDistance":-0.507106,"touchZone":"touching","type":0,"width":20.194},{"bases":[[[0.936652,0.190127,-0.294169],[-0.00771256,0.850846,0.525359],[0.350177,-0.489809,0.798413]],[[0.944449,0.178824,-0.275749],[-0.0519559,0.909704,0.411993],[0.324524,-0.37478,0.868461]],[[0.944449,0.178824,-0.275749],[-0.128306,0.973055,0.191577],[0.302578,-0.145554,0.941945]],[[0.944449,0.178824,-0.275749],[-0.181935,0.983204,0.0144772],[0.273707,0.0364953,0.961121]]],"btipPosition":[0.522021,329.621,-69.2947],"carpPosition":[52.0736,274.742,65.5695],"dipPosition":[5.18552,330.243,-52.9189],"direction":[-0.302578,0.145554,-0.941945],"extended":true,"handId":699,"id":6991,"length":58.6448,"mcpPosition":[26.3825,310.677,6.9932],"pipPosition":[12.4787,326.734,-30.2147],"stabilizedTipPosition":[5.80457,322.687,16.0499],"timeVisible":1.50955,"tipPosition":[2.23296,330.434,-65.4188],"tipVelocity":[-34.3541,-7.16013,-156.612],"tool":false,"touchDistance":-0.506764,"touchZone":"touching","type":1,"width":19.2893},{"bases":[[[0.962849,-0.0256494,-0.268818],[0.158441,0.85978,0.485464],[0.218673,-0.51002,0.831902]],[[0.964751,-0.0301732,-0.261427],[-0.153527,0.742301,-0.652241],[0.213738,0.669387,0.711504]],[[0.964751,-0.0301732,-0.261427],[-0.259234,0.0620572,-0.963819],[0.0453049,0.997616,0.0520479]],[[0.964751,-0.0301732,-0.261427],[-0.258364,-0.297433,-0.91912],[-0.0500242,0.954266,-0.294744]]],"btipPosition":[37.3973,235.92,-25.6128],"carpPosition":[63.2324,278.784,62.419],"dipPosition":[36.4598,253.803,-31.1363],"direction":[-0.0453049,-0.997616,-0.0520479],"extended":false,"handId":699,"id":6992,"length":66.821,"mcpPosition":[48.0183,314.268,4.5395],"pipPosition":[37.7445,282.093,-29.6604],"stabilizedTipPosition":[32.5127,205.325,84.7875],"timeVisible":1.50955,"tipPosition":[37.4927,239.539,-25.769],"tipVelocity":[-25.5269,4.92852,-143.307],"tool":false,"touchDistance":-0.446718,"touchZone":"touching","type":2,"width":18.9446},{"bases":[[[0.969832,-0.165164,-0.179293],[0.233717,0.839054,0.491289],[0.0692934,-0.518372,0.852343]],[[0.968725,-0.157629,-0.191636],[-0.0159907,0.73104,-0.682147],[0.247619,0.663878,0.705656]],[[0.968725,-0.157629,-0.191636],[-0.185072,0.0554523,-0.981159],[0.165286,0.98594,0.0245454]],[[0.968725,-0.157629,-0.191636],[-0.231492,-0.296032,-0.926702],[0.0893446,0.942082,-0.323264]]],"btipPosition":[53.3416,237.671,-20.442],"carpPosition":[74.9338,279.66,58.8972],"dipPosition":[55.0063,255.224,-26.4651],"direction":[-0.165286,-0.98594,-0.0245454],"extended":false,"handId":699,"id":6993,"length":64.2502,"mcpPosition":[70.6053,312.041,5.65416],"pipPosition":[59.5724,282.461,-25.787],"stabilizedTipPosition":[49.4082,207.929,90.9941],"timeVisible":1.50955,"tipPosition":[53.8664,241.207,-20.5185],"tipVelocity":[-23.9002,10.5422,-153.068],"tool":false,"touchDistance":0.149539,"touchZone":"hovering","type":3,"width":18.027},{"bases":[[[0.919296,-0.3604,-0.158133],[0.386914,0.754035,0.530781],[-0.072056,-0.549129,0.832625]],[[0.893814,-0.448192,-0.014839],[0.325715,0.671596,-0.665484],[0.30823,0.589986,0.746265]],[[0.893814,-0.448192,-0.014839],[0.0174378,0.0678029,-0.997546],[0.448099,0.891362,0.0684187]],[[0.893814,-0.448192,-0.014839],[-0.141589,-0.250659,-0.957665],[0.425499,0.858076,-0.287501]]],"btipPosition":[63.9135,252.272,-16.98],"carpPosition":[86.6694,273.457,53.8732],"dipPosition":[71.2274,267.021,-21.9219],"direction":[-0.448099,-0.891362,-0.0684187],"extended":false,"handId":699,"id":6994,"length":50.3709,"mcpPosition":[90.8361,305.211,5.72692],"pipPosition":[79.9674,284.407,-20.5874],"stabilizedTipPosition":[59.6894,222.985,92.0316],"timeVisible":1.50955,"tipPosition":[65.5937,255.178,-17.0237],"tipVelocity":[-19.9443,9.75551,-157.417],"tool":false,"touchDistance":-0.233363,"touchZone":"touching","type":4,"width":16.013}],"r":[[0.966872,0.155911,0.202113],[-0.145604,0.987206,-0.064993],[-0.209661,0.0334114,0.977203]],"s":0.966852,"t":[20.3684,12.699,-138.044],"timestamp":523719658231},false],[4,{"currentFrameRate":109.539,"devices":[],"gestures":[],"hands":[{"armBasis":[[0.916642,0.180324,-0.356722],[0.00559288,0.886581,0.46254],[0.39967,-0.425979,0.811669]],"armWidth":63.5437,"confidence":0.659987,"direction":[-0.184751,0.630943,-0.753511],"elbow":[180.467,150.752,279.364],"grabStrength":0,"id":699,"palmNormal":[-0.0453671,-0.771367,-0.634771],"palmPosition":[55.2477,295.47,18.8096],"palmVelocity":[-17.261,12.8328,-150.016],"palmWidth":90.7382,"pinchStrength":0.752001,"r":[[0.967021,0.156041,0.2013],[-0.145165,0.987082,-0.067794],[-0.209278,0.0363364,0.977181]],"s":0.967181,"sphereCenter":[48.9203,271.304,-24.5773],"sphereRadius":47.1845,"stabilizedPalmPosition":[46.5425,263.652,121.959],"t":[20.2025,12.7969,-139.356],"timeVisible":1.51848,"type":"right","wrist":[72.8549,265.448,60.8203]}],"id":4277925,"interactionBox":{"center":[0,200,0],"size":[235.247,235.247,147.751]},"pointables":[{"bases":[[[0.399575,0.846484,0.351858],[-0.697706,0.0318612,0.715675],[0.594597,-0.53146,0.603328]],[[0.149532,0.983482,0.101994],[-0.809734,0.0626072,0.583448],[0.567425,-0.169832,0.80572]],[[0.149532,0.983482,0.101994],[-0.96,0.119712,0.25312],[0.236729,-0.135764,0.962043]],[[0.149532,0.983482,0.101994],[-0.917591,0.176456,-0.356217],[-0.368331,-0.0403229,0.92882]]],"btipPosition":[17.388,266.637,-33.0762],"carpPosition":[45.0868,252.626,61.4203],"dipPosition":[8.79157,265.696,-11.3986],"direction":[-0.236729,0.135764,-0.962043],"extended":false,"handId":699,"id":6990,"length":51.9721,"mcpPosition":[45.0868,252.626,61.4203],"pipPosition":[16.8407,261.08,21.312],"stabilizedTipPosition":[9.00372,244.001,93.0606],"timeVisible":1.51848,"tipPosition":[16.2527,266.632,-27.2021],"tipVelocity":[-38.5466,5.44492,-148.629],"tool":false,"touchDistance":-0.503061,"touchZone":"touching","type":0,"width":20.194},{"bases":[[[0.936781,0.187847,-0.295221],[-0.00660361,0.853029,0.521821],[0.349855,-0.486883,0.800342]],[[0.943965,0.177515,-0.278241],[-0.051228,0.911627,0.407813],[0.326045,-0.370708,0.869638]],[[0.943965,0.177515,-0.278241],[-0.12718,0.973578,0.189662],[0.304557,-0.143648,0.9416]],[[0.943965,0.177515,-0.278241],[-0.180639,0.983441,0.0145872],[0.276223,0.0364913,0.960401]]],"btipPosition":[0.21249,329.511,-70.6548],"carpPosition":[51.8961,275.068,64.3809],"dipPosition":[4.91886,330.133,-54.2912],"direction":[-0.304557,0.143648,-0.9416],"extended":true,"handId":699,"id":6991,"length":58.6448,"mcpPosition":[26.2286,310.788,5.66299],"pipPosition":[12.2597,326.671,-31.5954],"stabilizedTipPosition":[5.80396,322.688,16.0387],"timeVisible":1.51848,"tipPosition":[1.95207,330.265,-66.8039],"tipVelocity":[-34.1348,-8.55056,-155.514],"tool":false,"touchDistance":-0.504864,"touchZone":"touching","type":1,"width":19.2893},{"bases":[[[0.962743,-0.0278512,-0.268981],[0.159548,0.86161,0.481843],[0.218337,-0.506806,0.833952]],[[0.964774,-0.0326669,-0.261043],[-0.15089,0.744116,-0.650787],[0.215505,0.667251,0.712975]],[[0.964774,-0.0326669,-0.261043],[-0.258633,0.0638719,-0.963862],[0.0481597,0.997423,0.0531732]],[[0.964774,-0.0326669,-0.261043],[-0.258736,-0.297373,-0.919035],[-0.0476052,0.954202,-0.29535]]],"btipPosition":[37.0355,236.105,-27.0553],"carpPosition":[63.0586,279.083,61.2104],"dipPosition":[36.1434,253.987,-32.5902],"direction":[-0.0481597,-0.997423,-0.0531732],"extended":false,"handId":699,"id":6992,"length":66.821,"mcpPosition":[47.8678,314.344,3.18828],"pipPosition":[37.5091,282.272,-31.0823],"stabilizedTipPosition":[32.5128,205.325,84.7852],"timeVisible":1.51848,"tipPosition":[37.1525,239.698,-27.1699],"tipVelocity":[-29.2933,9.24485,-148.349],"tool":false,"touchDistance":-0.452056,"touchZone":"touching","type":2,"width":18.9446},{"bases":[[[0.969594,-0.167,-0.178879],[0.234803,0.840823,0.487733],[0.0689543,-0.514905,0.85447]],[[0.968497,-0.159548,-0.191199],[-0.0152581,0.728334,-0.685052],[0.248556,0.666389,0.702955]],[[0.968497,-0.159548,-0.191199],[-0.185232,0.0516128,-0.981339],[0.166439,0.98584,0.0204335]],[[0.968497,-0.159548,-0.191199],[-0.232058,-0.299691,-0.925383],[0.0903421,0.940601,-0.327274]]],"btipPosition":[53.0968,237.645,-21.4816],"carpPosition":[74.7599,279.932,57.6817],"dipPosition":[54.78,255.171,-27.5795],"direction":[-0.166439,-0.98584,-0.0204335],"extended":false,"handId":699,"id":6993,"length":64.2502,"mcpPosition":[70.4526,312.097,4.30581],"pipPosition":[59.378,282.405,-27.015],"stabilizedTipPosition":[49.4083,207.93,90.992],"timeVisible":1.51848,"tipPosition":[53.6244,241.183,-21.5856],"tipVelocity":[-24.7282,6.67704,-143.589],"tool":false,"touchDistance":0.131925,"touchZone":"hovering","type":3,"width":18.027},{"bases":[[[0.918844,-0.36209,-0.156894],[0.387915,0.755797,0.527535],[-0.0724353,-0.545584,0.83492]],[[0.89308,-0.449728,-0.0123892],[0.327435,0.668619,-0.667633],[0.308537,0.592193,0.744387]],[[0.89308,-0.449728,-0.0123892],[0.0180802,0.0633924,-0.997825],[0.449535,0.890913,0.0647456]],[[0.89308,-0.449728,-0.0123892],[-0.141745,-0.255131,-0.95646],[0.426986,0.855951,-0.291599]]],"btipPosition":[63.6887,252.272,-18.0974],"carpPosition":[86.4871,273.695,52.6802],"dipPosition":[71.0282,266.985,-23.1097],"direction":[-0.449535,-0.890913,-0.0647456],"extended":false,"handId":699,"id":6994,"length":50.3709,"mcpPosition":[90.6757,305.244,4.40123],"pipPosition":[79.7962,284.362,-21.8469],"stabilizedTipPosition":[59.6894,222.985,92.0313],"timeVisible":1.51848,"tipPosition":[65.3734,255.178,-18.1799],"tipVelocity":[-21.1899,6.85202,-149.095],"tool":false,"touchDistance":-0.252256,"touchZone":"touching","type":4,"width":16.013}],"r":[[0.967021,0.156041,0.2013],[-0.145165,0.987082,-0.067794],[-0.209278,0.0363364,0.977181]],"s":0.967181,"t":[20.2025,12.7969,-139.356],"timestamp":523719667163},false],[5,{"currentFrameRate":109.497,"devices":[],"gestures":[],"hands":[{"armBasis":[[0.916839,0.184463,-0.35409],[-0.000107449,0.886986,0.461796],[0.399257,-0.423354,0.813243]],"armWidth":63.5437,"confidence":0.660561,"direction":[-0.184721,0.632855,-0.751913],"elbow":[180.129,151.849,278.247],"grabStrength":0,"id":699,"palmNormal":[-0.0403822,-0.76932,-0.637586],"palmPosition":[55.0425,295.939,17.3156],"palmVelocity":[-18.667,23.4927,-153.448],"palmWidth":90.7382,"pinchStrength":0.747153,"r":[[0.966891,0.156737,0.201384],[-0.145519,0.986915,-0.0694442],[-0.209633,0.0378397,0.977048]],"s":0.967246,"sphereCenter":[48.7951,271.927,-26.1355],"sphereRadius":47.1499,"stabilizedPalmPosition":[46.5426,263.653,121.958],"t":[20.0171,13.0803,-140.759],"timeVisible":1.52769,"type":"right","wrist":[72.6283,265.838,59.2787]}],"id":4277926,"interactionBox":{"center":[0,200,0],"size":[235.247,235.247,147.751]},"pointables":[{"bases":[[[0.395212,0.846766,0.356083],[-0.700127,0.0267216,0.713518],[0.594668,-0.531295,0.603404]],[[0.145837,0.983585,0.106264],[-0.812005,0.0576489,0.580797],[0.565137,-0.170989,0.807083]],[[0.145837,0.983585,0.106264],[-0.9611,0.115392,0.250942],[0.234561,-0.138727,0.962152]],[[0.145837,0.983585,0.106264],[-0.919548,0.174389,-0.352164],[-0.364914,-0.0463567,0.929886]]],"btipPosition":[17.3166,267.219,-34.8486],"carpPosition":[44.9074,252.908,59.7443],"dipPosition":[8.79989,266.137,-13.1462],"direction":[-0.234561,0.138727,-0.962152],"extended":false,"handId":699,"id":6990,"length":51.9721,"mcpPosition":[44.9074,252.908,59.7443],"pipPosition":[16.7753,261.42,19.5682],"stabilizedTipPosition":[9.00412,244.003,93.0529],"timeVisible":1.52769,"tipPosition":[16.191,267.144,-28.9949],"tipVelocity":[-29.3704,20.6198,-160.738],"tool":false,"touchDistance":-0.507589,"touchZone":"touching","type":0,"width":20.194},{"bases":[[[0.937006,0.192428,-0.291533],[-0.0115345,0.851177,0.524752],[0.349123,-0.488333,0.799777]],[[0.943571,0.182965,-0.276038],[-0.0564754,0.910216,0.410265],[0.326318,-0.371525,0.869187]],[[0.943571,0.182965,-0.276038],[-0.131483,0.971988,0.194811],[0.303949,-0.147524,0.941197]],[[0.943571,0.182965,-0.276038],[-0.184154,0.982655,0.0218387],[0.275246,0.0302272,0.960899]]],"btipPosition":[0.0113273,330.151,-72.169],"carpPosition":[51.6217,275.365,62.8047],"dipPosition":[4.70105,330.666,-55.7969],"direction":[-0.303949,0.147524,-0.941197],"extended":true,"handId":699,"id":6991,"length":58.6448,"mcpPosition":[26.0079,311.192,4.12821],"pipPosition":[12.0273,327.11,-33.1108],"stabilizedTipPosition":[5.80341,322.689,16.0288],"timeVisible":1.52769,"tipPosition":[1.76131,330.826,-68.3294],"tipVelocity":[-30.8121,12.5336,-157.96],"tool":false,"touchDistance":-0.505395,"touchZone":"touching","type":1,"width":19.2893},{"bases":[[[0.963704,-0.0232599,-0.265957],[0.154711,0.860527,0.485342],[0.217574,-0.508873,0.832893]],[[0.96579,-0.0282454,-0.257782],[-0.151657,0.744825,-0.649797],[0.210357,0.666662,0.715061]],[[0.96579,-0.0282454,-0.257782],[-0.255801,0.0595563,-0.964893],[0.0426064,0.997825,0.0502937]],[[0.96579,-0.0282454,-0.257782],[-0.253991,-0.303613,-0.918318],[-0.0523279,0.952377,-0.300401]]],"btipPosition":[37.3024,236.651,-28.4316],"carpPosition":[62.7789,279.435,59.6844],"dipPosition":[36.3218,254.499,-34.0611],"direction":[-0.0426064,-0.997825,-0.0502937],"extended":false,"handId":699,"id":6992,"length":66.821,"mcpPosition":[47.6412,314.839,1.73594],"pipPosition":[37.53,282.795,-32.6349],"stabilizedTipPosition":[32.5129,205.326,84.7831],"timeVisible":1.52769,"tipPosition":[37.3393,240.289,-28.7865],"tipVelocity":[-13.5978,23.0176,-149.329],"tool":false,"touchDistance":-0.456154,"touchZone":"touching","type":2,"width":18.9446},{"bases":[[[0.970795,-0.162695,-0.176317],[0.230025,0.840006,0.491404],[0.0681582,-0.51761,0.852898]],[[0.96977,-0.155585,-0.18799],[-0.0121832,0.738548,-0.674091],[0.243718,0.656003,0.714326]],[[0.96977,-0.155585,-0.18799],[-0.179894,0.0647034,-0.981556],[0.164879,0.985701,0.0347586]],[[0.96977,-0.155585,-0.18799],[-0.226798,-0.290375,-0.929648],[0.090052,0.94418,-0.316884]]],"btipPosition":[53.1389,238.622,-23.9646],"carpPosition":[74.4883,280.34,56.1965],"dipPosition":[54.8168,256.214,-29.8689],"direction":[-0.164879,-0.985701,-0.0347586],"extended":false,"handId":699,"id":6993,"length":64.2502,"mcpPosition":[70.2307,312.673,2.91879],"pipPosition":[59.3716,283.444,-28.9087],"stabilizedTipPosition":[49.4084,207.93,90.9901],"timeVisible":1.52769,"tipPosition":[53.6822,242.111,-23.9239],"tipVelocity":[-16.5629,34.9667,-177.531],"tool":false,"touchDistance":0.0912838,"touchZone":"hovering","type":3,"width":18.027},{"bases":[[[0.920718,-0.358051,-0.155172],[0.383331,0.755424,0.531406],[-0.0730498,-0.548757,0.832784]],[[0.894643,-0.44666,-0.0104011],[0.327913,0.672253,-0.663738],[0.303457,0.590398,0.747893]],[[0.894643,-0.44666,-0.0104011],[0.0217208,0.0667351,-0.997534],[0.446252,0.892212,0.0694059]],[[0.894643,-0.44666,-0.0104011],[-0.137352,-0.25281,-0.957717],[0.425144,0.858244,-0.287524]]],"btipPosition":[63.7672,252.924,-19.7272],"carpPosition":[86.2552,274.165,51.2114],"dipPosition":[71.075,267.676,-24.6695],"direction":[-0.446252,-0.892212,-0.0694059],"extended":false,"handId":699,"id":6994,"length":50.3709,"mcpPosition":[90.4793,305.897,3.05593],"pipPosition":[79.779,285.079,-23.3158],"stabilizedTipPosition":[59.6895,222.985,92.0305],"timeVisible":1.52769,"tipPosition":[65.4425,255.838,-19.8144],"tipVelocity":[-13.094,25.0269,-156.423],"tool":false,"touchDistance":-0.279152,"touchZone":"touching","type":4,"width":16.013}],"r":[[0.966891,0.156737,0.201384],[-0.145519,0.986915,-0.0694442],[-0.209633,0.0378397,0.977048]],"s":0.967246,"t":[20.0171,13.0803,-140.759],"timestamp":523719676370},false],[6,{"currentFrameRate":109.621,"devices":[],"gestures":[],"hands":[{"armBasis":[[0.917164,0.183747,-0.35362],[0.000173182,0.887172,0.461439],[0.39851,-0.423277,0.81365]],"armWidth":63.5437,"confidence":0.661584,"direction":[-0.184575,0.631477,-0.753107],"elbow":[179.761,152.069,277.301],"grabStrength":0,"id":699,"palmNormal":[-0.0403524,-0.770495,-0.636167],"palmPosition":[54.8831,296.062,16.2023],"palmVelocity":[-18.4618,20.8566,-145.725],"palmWidth":90.7382,"pinchStrength":0.743108,"r":[[0.966783,0.157355,0.201418],[-0.145786,0.986756,-0.0711332],[-0.209943,0.0394065,0.976919]],"s":0.967881,"sphereCenter":[48.4432,271.99,-27.1462],"sphereRadius":47.1327,"stabilizedPalmPosition":[46.5427,263.653,121.957],"t":[19.8446,13.2833,-142.017],"timeVisible":1.53659,"type":"right","wrist":[72.4611,266.038,58.2234]}],"id":4277927,"interactionBox":{"center":[0,200,0],"size":[235.247,235.247,147.751]},"pointables":[{"bases":[[[0.395226,0.847394,0.354569],[-0.70022,0.0280914,0.713374],[0.594549,-0.53022,0.604465]],[[0.146295,0.983667,0.104863],[-0.812265,0.058941,0.580303],[0.564645,-0.170072,0.807621]],[[0.146295,0.983667,0.104863],[-0.960949,0.11614,0.251175],[0.234894,-0.137513,0.962245]],[[0.146295,0.983667,0.104863],[-0.922741,0.173901,-0.343959],[-0.356577,-0.0464414,0.933111]]],"btipPosition":[16.9669,267.336,-35.989],"carpPosition":[44.7392,253.11,58.7092],"dipPosition":[8.64485,266.252,-14.2112],"direction":[-0.234894,0.137513,-0.962245],"extended":false,"handId":699,"id":6990,"length":51.9721,"mcpPosition":[44.7392,253.11,58.7092],"pipPosition":[16.6315,261.576,18.5063],"stabilizedTipPosition":[9.00445,244.004,93.0462],"timeVisible":1.53659,"tipPosition":[15.8902,267.222,-30.1443],"tipVelocity":[-30.6969,18.5773,-151.329],"tool":false,"touchDistance":-0.502008,"touchZone":"touching","type":0,"width":20.194},{"bases":[[[0.937059,0.191821,-0.291763],[-0.0115434,0.852147,0.523175],[0.348981,-0.486878,0.800726]],[[0.94303,0.18326,-0.277687],[-0.0568882,0.911152,0.408124],[0.327808,-0.369076,0.869669]],[[0.94303,0.18326,-0.277687],[-0.131334,0.971892,0.195389],[0.305689,-0.147788,0.940592]],[[0.94303,0.18326,-0.277687],[-0.183688,0.982674,0.0247113],[0.277405,0.0277043,0.960354]]],"btipPosition":[-0.287833,330.196,-73.3112],"carpPosition":[51.4547,275.573,61.7289],"dipPosition":[4.43867,330.668,-56.9484],"direction":[-0.305689,0.147788,-0.940592],"extended":true,"handId":699,"id":6991,"length":58.6448,"mcpPosition":[25.8513,311.293,2.98287],"pipPosition":[11.8069,327.105,-34.2768],"stabilizedTipPosition":[5.80293,322.689,16.0206],"timeVisible":1.53659,"tipPosition":[1.48599,330.802,-69.4919],"tipVelocity":[-31.3137,10.1971,-149.956],"tool":false,"touchDistance":-0.500353,"touchZone":"touching","type":1,"width":19.2893},{"bases":[[[0.963738,-0.0238208,-0.265785],[0.154708,0.861413,0.48377],[0.217427,-0.507347,0.833861]],[[0.965857,-0.0288747,-0.257463],[-0.151379,0.743583,-0.651283],[0.210251,0.66802,0.713823]],[[0.965857,-0.0288747,-0.257463],[-0.2556,0.0560577,-0.965156],[0.0423014,0.99801,0.0467634]],[[0.965857,-0.0288747,-0.257463],[-0.253653,-0.307676,-0.917058],[-0.0527353,0.951053,-0.304495]]],"btipPosition":[37.1678,236.7,-29.3445],"carpPosition":[62.6126,279.635,58.6026],"dipPosition":[36.1795,254.523,-35.0507],"direction":[-0.0423014,-0.99801,-0.0467633],"extended":false,"handId":699,"id":6992,"length":66.821,"mcpPosition":[47.4852,314.934,0.586745],"pipPosition":[37.3791,282.824,-33.7246],"stabilizedTipPosition":[32.513,205.327,84.7815],"timeVisible":1.53659,"tipPosition":[37.1825,240.354,-29.7916],"tipVelocity":[-14.067,18.0734,-137.141],"tool":false,"touchDistance":-0.45283,"touchZone":"touching","type":2,"width":18.9446},{"bases":[[[0.970807,-0.16309,-0.175886],[0.23002,0.840897,0.48988],[0.0680071,-0.516036,0.853863]],[[0.969829,-0.15629,-0.187099],[-0.0123503,0.734982,-0.677975],[0.243475,0.65983,0.710876]],[[0.969829,-0.15629,-0.187099],[-0.180495,0.0555566,-0.982006],[0.163872,0.986147,0.0256709]],[[0.969829,-0.15629,-0.187099],[-0.227102,-0.300149,-0.926464],[0.0886396,0.941001,-0.326587]]],"btipPosition":[53.0475,238.593,-24.5212],"carpPosition":[74.3226,280.533,55.1146],"dipPosition":[54.6991,256.126,-30.6063],"direction":[-0.163872,-0.986147,-0.0256709],"extended":false,"handId":699,"id":6993,"length":64.2502,"mcpPosition":[70.0744,312.768,1.77662],"pipPosition":[59.2261,283.369,-29.8971],"stabilizedTipPosition":[49.4084,207.931,90.9885],"timeVisible":1.53659,"tipPosition":[53.5502,242.154,-24.7841],"tipVelocity":[-15.0343,24.1676,-147.516],"tool":false,"touchDistance":0.0813141,"touchZone":"hovering","type":3,"width":18.027},{"bases":[[[0.920713,-0.358403,-0.154387],[0.383314,0.756378,0.530059],[-0.0732004,-0.547211,0.833788]],[[0.893903,-0.448207,-0.00685163],[0.332061,0.672374,-0.66155],[0.301118,0.589086,0.74987]],[[0.893903,-0.448207,-0.00685163],[0.0257214,0.0665465,-0.997452],[0.447521,0.891449,0.0710147]],[[0.893903,-0.448207,-0.00685163],[-0.134722,-0.254047,-0.957763],[0.427536,0.857071,-0.287477]]],"btipPosition":[63.6269,253.099,-20.9561],"carpPosition":[86.0897,274.349,50.1426],"dipPosition":[70.9759,267.832,-25.8975],"direction":[-0.447521,-0.891449,-0.0710147],"extended":false,"handId":699,"id":6994,"length":50.3709,"mcpPosition":[90.3225,305.991,1.92901],"pipPosition":[79.7046,285.219,-24.5124],"stabilizedTipPosition":[59.6895,222.985,92.0296],"timeVisible":1.53659,"tipPosition":[65.306,255.998,-21.0394],"tipVelocity":[-13.5281,23.4321,-151.416],"tool":false,"touchDistance":-0.298,"touchZone":"touching","type":4,"width":16.013}],"r":[[0.966783,0