{"sensorType":"Leap","data":[[0,{"currentFrameRate":110.503,"devices":[],"gestures":[],"hands":[{"armBasis":[[0.925217,0.0925785,-0.36797],[0.0954386,0.88182,0.461828],[0.367239,-0.46241,0.807039]],"armWidth":63.5437,"confidence":0.674632,"direction":[-0.0374485,0.744184,-0.666924],"elbow":[169.647,111.452,279.747],"grabStrength":0,"id":699,"palmNormal":[-0.115417,-0.666146,-0.736836],"palmPosition":[60.7081,273.537,24.2031],"palmVelocity":[34.8037,162.562,-179.708],"palmWidth":90.7382,"pinchStrength":0.900582,"r":[[0.966888,-0.0245106,0.25402],[0.0111056,0.998475,0.054072],[-0.254959,-0.0494605,0.965686]],"s":0.967827,"sphereCenter":[43.458,260.088,-17.7559],"sphereRadius":44.8567,"stabilizedPalmPosition":[54.2484,235.045,46.571],"t":[25.2963,-10.3544,-133.849],"timeVisible":31.7522,"type":"right","wrist":[70.7675,235.957,62.4491]}],"id":4281196,"interactionBox":{"center":[0,200,0],"size":[235.247,235.247,147.751]},"pointables":[{"bases":[[[0.495349,0.721163,0.484307],[-0.732616,0.0472228,0.679002],[0.466801,-0.691154,0.551728]],[[0.22517,0.958235,0.176307],[-0.848119,0.1037,0.519559],[0.479576,-0.266519,0.836047]],[[0.22517,0.958235,0.176307],[-0.967388,0.198331,0.157561],[0.116013,-0.206035,0.971643]],[[0.22517,0.958235,0.176307],[-0.649513,0.282509,-0.705919],[-0.726245,0.0444383,0.685998]]],"btipPosition":[30.5652,246.882,-30.7252],"carpPosition":[41.4331,227.647,59.9402],"dipPosition":[13.6155,247.92,-14.7148],"direction":[-0.116013,0.206035,-0.971643],"extended":false,"handId":699,"id":6990,"length":51.9721,"mcpPosition":[41.4331,227.647,59.9402],"pipPosition":[17.5601,240.914,18.3222],"stabilizedTipPosition":[21.3287,207.061,-25.4136],"timeVisible":31.7522,"tipPosition":[26.2872,247.376,-26.5088],"tipVelocity":[68.9478,159.219,-183.906],"tool":false,"touchDistance":-0.516676,"touchZone":"hovering","type":0,"width":20.194},{"bases":[[[0.972232,0.0762699,-0.221242],[0.0839415,0.768832,0.633918],[0.218447,-0.634886,0.741081]],[[0.95381,0.122155,-0.274454],[0.00861769,0.902093,0.431457],[0.300287,-0.413893,0.859372]],[[0.95381,0.122155,-0.274454],[-0.0518427,0.966819,0.250147],[0.295904,-0.224364,0.928494]],[[0.95381,0.122155,-0.274454],[-0.0950618,0.989377,0.109988],[0.284973,-0.0788171,0.955289]]],"btipPosition":[10.3879,319.243,-63.5453],"carpPosition":[51.2676,248.18,66.2998],"dipPosition":[15.2434,317.9,-47.2688],"direction":[-0.295904,0.224364,-0.928494],"extended":true,"handId":699,"id":6991,"length":58.6448,"mcpPosition":[35.241,294.759,11.9297],"pipPosition":[22.3757,312.492,-24.8888],"stabilizedTipPosition":[6.21028,278.405,-39.6542],"timeVisible":31.7522,"tipPosition":[11.4384,317.94,-60.036],"tipVelocity":[56.2423,170.297,-190.655],"tool":false,"touchDistance":-0.522848,"touchZone":"hovering","type":1,"width":19.2893},{"bases":[[[0.964156,-0.142399,-0.22389],[0.251876,0.756532,0.603504],[0.0834414,-0.638264,0.765282]],[[0.965715,-0.155971,-0.207527],[0.0262468,0.853961,-0.519674],[0.258274,0.49641,0.828777]],[[0.965715,-0.155971,-0.207527],[-0.24586,-0.292827,-0.924016],[0.0833503,0.943359,-0.321134]],[[0.965715,-0.155971,-0.207527],[-0.246356,-0.802706,-0.543113],[-0.0818731,0.575618,-0.81361]]],"btipPosition":[44.0424,233.792,-4.47444],"carpPosition":[63.0916,250.785,64.2531],"dipPosition":[42.5081,244.579,-19.7215],"direction":[-0.0833503,-0.943359,0.321134],"extended":false,"handId":699,"id":6992,"length":66.821,"mcpPosition":[57.2862,295.192,11.0087],"pipPosition":[44.8717,271.331,-28.8281],"stabilizedTipPosition":[37.9985,192.791,2.71854],"timeVisible":31.7522,"tipPosition":[43.9716,235.983,-6.78022],"tipVelocity":[30.0916,170.39,-199.238],"tool":false,"touchDistance":0.333333,"touchZone":"none","type":2,"width":18.9446},{"bases":[[[0.944177,-0.291395,-0.153685],[0.322648,0.723693,0.610054],[-0.066546,-0.625585,0.777313]],[[0.946145,-0.264697,-0.186398],[0.132384,0.841756,-0.523375],[0.295437,0.470512,0.831466]],[[0.946145,-0.264697,-0.186398],[-0.258404,-0.27061,-0.927361],[0.195029,0.925584,-0.324435]],[[0.946145,-0.264697,-0.186398],[-0.323742,-0.772979,-0.545614],[0.000340688,0.576575,-0.817044]]],"btipPosition":[60.6028,232.052,0.0226711],"carpPosition":[75.0035,250.25,61.4395],"dipPosition":[60.6092,242.795,-15.2007],"direction":[-0.195029,-0.925584,0.324435],"extended":false,"handId":699,"id":6993,"length":64.2502,"mcpPosition":[79.1604,289.328,12.8834],"pipPosition":[65.9969,268.364,-24.1634],"stabilizedTipPosition":[54.2966,190.995,9.47091],"timeVisible":31.7522,"tipPosition":[60.7455,234.266,-2.46021],"tipVelocity":[35.1681,161.476,-173.169],"tool":false,"touchDistance":0.333333,"touchZone":"none","type":3,"width":18.027},{"bases":[[[0.863752,-0.477384,-0.161359],[0.458419,0.61143,0.644985],[-0.209246,-0.631077,0.746966]],[[0.801047,-0.598599,-0.00188244],[0.516954,0.693367,-0.501997],[0.3018,0.40115,0.864868]],[[0.801047,-0.598599,-0.00188244],[-0.176868,-0.233678,-0.956092],[0.571876,0.766207,-0.29306]],[[0.801047,-0.598599,-0.00188244],[-0.485364,-0.647668,-0.587323],[0.350352,0.471387,-0.80935]]],"btipPosition":[70.275,242.263,2.12844],"carpPosition":[85.9937,242.964,56.1899],"dipPosition":[76.2972,250.366,-11.7836],"direction":[-0.571876,-0.766207,0.29306],"extended":false,"handId":699,"id":6994,"length":50.3709,"mcpPosition":[98.0933,279.456,12.9968],"pipPosition":[87.4515,265.31,-17.4996],"stabilizedTipPosition":[64.611,201.889,16.1038],"timeVisible":31.7522,"tipPosition":[71.6958,243.817,-0.0845585],"tipVelocity":[35.446,160.825,-179.99],"tool":false,"touchDistance":0.333333,"touchZone":"none","type":4,"width":16.013}],"r":[[0.966888,-0.0245106,0.25402],[0.0111056,0.998475,0.054072],[-0.254959,-0.0494605,0.965686]],"s":0.967827,"t":[25.2963,-10.3544,-133.849],"timestamp":523749900886},false],[1,{"currentFrameRate":110.513,"devices":[],"gestures":[],"hands":[{"armBasis":[[0.924315,0.0943634,-0.369781],[0.0941087,0.882666,0.460482],[0.369846,-0.46043,0.806981]],"armWidth":63.5437,"confidence":0.609141,"direction":[-0.0370897,0.743874,-0.66729],"elbow":[170.363,112.637,279.175],"grabStrength":0,"id":699,"palmNormal":[-0.113967,-0.666541,-0.736705],"palmPosition":[60.7454,274.166,23.618],"palmVelocity":[26.3573,136.98,-148.068],"palmWidth":90.7382,"pinchStrength":0.903783,"r":[[0.966451,-0.0250995,0.255621],[0.0119584,0.998532,0.0528338],[-0.256571,-0.0480045,0.965332]],"s":0.966494,"sphereCenter":[43.5131,260.706,-18.3357],"sphereRadius":44.836,"stabilizedPalmPosition":[54.4237,236.101,45.9518],"t":[25.4154,-9.3818,-134.854],"timeVisible":31.7612,"type":"right","wrist":[70.7806,236.609,61.8933]}],"id":4281197,"interactionBox":{"center":[0,200,0],"size":[235.247,235.247,147.751]},"pointables":[{"bases":[[[0.494195,0.72172,0.484657],[-0.73355,0.0469924,0.678009],[0.466557,-0.690589,0.552641]],[[0.224863,0.958203,0.176871],[-0.850837,0.104623,0.514908],[0.474881,-0.266272,0.838801]],[[0.224863,0.958203,0.176871],[-0.967541,0.198088,0.156925],[0.11533,-0.206417,0.971644]],[[0.224863,0.958203,0.176871],[-0.648538,0.282651,-0.706758],[-0.72721,0.044216,0.684989]]],"btipPosition":[30.867,247.519,-31.43],"carpPosition":[41.4554,228.277,59.349],"dipPosition":[13.8947,248.551,-15.4432],"direction":[-0.11533,0.206417,-0.971644],"extended":false,"handId":699,"id":6990,"length":51.9721,"mcpPosition":[41.4554,228.277,59.349],"pipPosition":[17.8161,241.532,17.5939],"stabilizedTipPosition":[21.4251,207.757,-25.4536],"timeVisible":31.7612,"tipPosition":[26.5467,247.972,-27.2218],"tipVelocity":[59.0072,134.748,-154.922],"tool":false,"touchDistance":-0.503994,"touchZone":"hovering","type":0,"width":20.194},{"bases":[[[0.972471,0.0768646,-0.219984],[0.0825555,0.769161,0.633701],[0.217912,-0.634416,0.74164]],[[0.95409,0.122706,-0.27323],[0.00760142,0.902017,0.431634],[0.299423,-0.413895,0.859673]],[[0.95409,0.122706,-0.27323],[-0.0527384,0.966801,0.250029],[0.29484,-0.22414,0.928887]],[[0.95409,0.122706,-0.27323],[-0.0958517,0.989343,0.109605],[0.283768,-0.0783837,0.955684]]],"btipPosition":[10.5097,319.836,-64.2023],"carpPosition":[51.267,248.82,65.7129],"dipPosition":[15.3447,318.5,-47.9191],"direction":[-0.29484,0.22414,-0.928887],"extended":true,"handId":699,"id":6991,"length":58.6448,"mcpPosition":[35.2796,295.365,11.3017],"pipPosition":[22.4513,313.098,-25.5297],"stabilizedTipPosition":[6.35322,279.491,-40.2037],"timeVisible":31.7612,"tipPosition":[11.5583,318.549,-60.6898],"tipVelocity":[44.3261,141.541,-158.145],"tool":false,"touchDistance":-0.508729,"touchZone":"hovering","type":1,"width":19.2893},{"bases":[[[0.964553,-0.141811,-0.222549],[0.250539,0.756967,0.603516],[0.082877,-0.63788,0.765664]],[[0.966155,-0.155937,-0.205497],[0.0276363,0.854596,-0.518557],[0.256479,0.495327,0.829982]],[[0.966155,-0.155937,-0.205497],[-0.243818,-0.291837,-0.92487],[0.0842496,0.943671,-0.319979]],[[0.966155,-0.155937,-0.205497],[-0.245206,-0.802562,-0.543846],[-0.0801184,0.575828,-0.813636]]],"btipPosition":[44.1098,234.453,-5.1635],"carpPosition":[63.0918,251.432,63.6808],"dipPosition":[42.6084,245.244,-20.411],"direction":[-0.0842496,-0.943671,0.319979],"extended":false,"handId":699,"id":6992,"length":66.821,"mcpPosition":[57.3257,295.813,10.4098],"pipPosition":[44.9975,272.004,-29.4849],"stabilizedTipPosition":[38.1224,193.739,2.47377],"timeVisible":31.7612,"tipPosition":[44.0407,236.641,-7.50495],"tipVelocity":[24.0913,143.631,-165.392],"tool":false,"touchDistance":0.333333,"touchZone":"none","type":2,"width":18.9446},{"bases":[[[0.944586,-0.290792,-0.152308],[0.321326,0.724181,0.610173],[-0.0671352,-0.625302,0.77749]],[[0.946585,-0.263971,-0.185192],[0.132763,0.842431,-0.522192],[0.293855,0.469712,0.832478]],[[0.946585,-0.263971,-0.185192],[-0.256817,-0.269869,-0.928017],[0.194992,0.926007,-0.323246]],[[0.946585,-0.263971,-0.185192],[-0.322453,-0.773024,-0.546314],[0.00105337,0.576848,-0.816851]]],"btipPosition":[60.7022,232.708,-0.626273],"carpPosition":[75.0078,250.905,60.8832],"dipPosition":[60.7218,243.456,-15.8461],"direction":[-0.194992,-0.926007,0.323246],"extended":false,"handId":699,"id":6993,"length":64.2502,"mcpPosition":[79.2015,289.966,12.316],"pipPosition":[66.1085,269.037,-24.7759],"stabilizedTipPosition":[54.4524,192.069,9.14036],"timeVisible":31.7612,"tipPosition":[60.8413,234.919,-3.11486],"tipVelocity":[28.607,137.056,-145.249],"tool":false,"touchDistance":0.333333,"touchZone":"none","type":3,"width":18.027},{"bases":[[[0.864303,-0.476841,-0.160008],[0.45713,0.612028,0.645332],[-0.209791,-0.630907,0.746956]],[[0.801418,-0.598104,-0.000457938],[0.517236,0.693445,-0.501597],[0.300325,0.401752,0.865101]],[[0.801418,-0.598104,-0.000457938],[-0.175432,-0.234334,-0.956196],[0.571798,0.766394,-0.292726]],[[0.801418,-0.598104,-0.000457938],[-0.48419,-0.648331,-0.58756],[0.351125,0.471103,-0.80918]]],"btipPosition":[70.3632,242.894,1.57272],"carpPosition":[86.0102,243.624,55.6513],"dipPosition":[76.3987,250.992,-12.3364],"direction":[-0.571797,-0.766394,0.292726],"extended":false,"handId":699,"id":6994,"length":50.3709,"mcpPosition":[98.1413,280.106,12.4587],"pipPosition":[87.5514,265.94,-18.0459],"stabilizedTipPosition":[64.7855,202.937,15.6705],"timeVisible":31.7612,"tipPosition":[71.7858,244.448,-0.650118],"tipVelocity":[28.468,135.739,-147.354],"tool":false,"touchDistance":0.333333,"touchZone":"none","type":4,"width":16.013}],"r":[[0.966451,-0.0250995,0.255621],[0.0119584,0.998532,0.0528338],[-0.256571,-0.0480045,0.965332]],"s":0.966494,"t":[25.4154,-9.3818,-134.854],"timestamp":523749909916},false],[2,{"currentFrameRate":110.487,"devices":[],"gestures":[],"hands":[{"armBasis":[[0.921237,0.0921541,-0.377929],[0.0950225,0.888793,0.448349],[0.377218,-0.448947,0.810032]],"armWidth":63.5437,"confidence":0.644864,"direction":[-0.0362914,0.741111,-0.670401],"elbow":[172.306,117.378,278.718],"grabStrength":0,"id":699,"palmNormal":[-0.115396,-0.669463,-0.733828],"palmPosition":[60.7421,275.669,22.1863],"palmVelocity":[18.9531,144.791,-150.648],"palmWidth":90.7382,"pinchStrength":0.895676,"r":[[0.966119,-0.0256536,0.256819],[0.0129591,0.998615,0.051001],[-0.257772,-0.0459449,0.965113]],"s":0.965795,"sphereCenter":[43.4111,262.09,-19.6504],"sphereRadius":44.8233,"stabilizedPalmPosition":[54.6046,237.234,45.2713],"t":[25.4732,-8.14423,-136.073],"timeVisible":31.7703,"type":"right","wrist":[70.7394,238.258,60.6143]}],"id":4281198,"interactionBox":{"center":[0,200,0],"size":[235.247,235.247,147.751]},"pointables":[{"bases":[[[0.495574,0.722987,0.481348],[-0.733114,0.0509907,0.678192],[0.465779,-0.688977,0.555302]],[[0.226962,0.958363,0.173286],[-0.852111,0.109252,0.511831],[0.471588,-0.263826,0.841428]],[[0.226962,0.958363,0.173286],[-0.966924,0.200476,0.157696],[0.11639,-0.203346,0.972165]],[[0.226962,0.958363,0.173286],[-0.650559,0.281599,-0.705319],[-0.724749,0.0473475,0.687384]]],"btipPosition":[30.882,248.903,-32.8627],"carpPosition":[41.4,229.961,58.1206],"dipPosition":[13.9672,250.008,-16.82],"direction":[-0.11639,0.203346,-0.972165],"extended":false,"handId":699,"id":6990,"length":51.9721,"mcpPosition":[41.4,229.961,58.1206],"pipPosition":[17.9246,243.094,16.2348],"stabilizedTipPosition":[21.5303,208.539,-25.5239],"timeVisible":31.7703,"tipPosition":[26.5634,249.338,-28.6278],"tipVelocity":[43.5167,140.09,-155.243],"tool":false,"touchDistance":-0.503226,"touchZone":"hovering","type":0,"width":20.194},{"bases":[[[0.972471,0.0744244,-0.22082],[0.0840884,0.771696,0.630408],[0.217323,-0.631622,0.744194]],[[0.954133,0.120071,-0.274251],[0.00942479,0.903551,0.428378],[0.299235,-0.411314,0.860976]],[[0.954133,0.120071,-0.274251],[-0.0510125,0.967858,0.246268],[0.295006,-0.220983,0.92959]],[[0.954133,0.120071,-0.274251],[-0.0942486,0.989941,0.105516],[0.284162,-0.0748284,0.955852]]],"btipPosition":[10.5301,321.079,-65.7855],"carpPosition":[51.2468,250.515,64.3927],"dipPosition":[15.3717,319.804,-49.4994],"direction":[-0.295006,0.220983,-0.92959],"extended":true,"handId":699,"id":6991,"length":58.6448,"mcpPosition":[35.3027,296.855,9.79422],"pipPosition":[22.4824,314.477,-27.093],"stabilizedTipPosition":[6.4975,280.617,-40.7992],"timeVisible":31.7703,"tipPosition":[11.5805,319.819,-62.2671],"tipVelocity":[32.7115,140.6,-162.526],"tool":false,"touchDistance":-0.509927,"touchZone":"hovering","type":1,"width":19.2893},{"bases":[[[0.964212,-0.144247,-0.222458],[0.252036,0.759114,0.600186],[0.0822958,-0.634774,0.768303]],[[0.965871,-0.15903,-0.204457],[0.0284427,0.84968,-0.52653],[0.257458,0.502745,0.825205]],[[0.965871,-0.15903,-0.204457],[-0.244699,-0.301343,-0.921583],[0.0849477,0.94016,-0.329973]],[[0.965871,-0.15903,-0.204457],[-0.246422,-0.807363,-0.536135],[-0.0798096,0.56822,-0.818997]]],"btipPosition":[44.0604,235.79,-6.07104],"carpPosition":[63.0746,253.1,62.3434],"dipPosition":[42.5648,246.439,-21.419],"direction":[-0.0849477,-0.94016,0.329973],"extended":false,"handId":699,"id":6992,"length":66.821,"mcpPosition":[57.3489,297.265,8.8888],"pipPosition":[44.9737,273.099,-30.7763],"stabilizedTipPosition":[38.2536,194.783,2.19062],"timeVisible":31.7703,"tipPosition":[43.9587,238.01,-8.65006],"tipVelocity":[15.9517,143.576,-147.91],"tool":false,"touchDistance":0.333333,"touchZone":"none","type":2,"width":18.9446},{"bases":[[[0.944052,-0.2929,-0.151579],[0.322776,0.726246,0.606945],[-0.0676903,-0.621913,0.780155]],[[0.94608,-0.266113,-0.184709],[0.133813,0.840335,-0.525292],[0.295004,0.472252,0.830633]],[[0.94608,-0.266113,-0.184709],[-0.257742,-0.272996,-0.926845],[0.196221,0.924477,-0.326864]],[[0.94608,-0.266113,-0.184709],[-0.323932,-0.774772,-0.542952],[0.00137891,0.573508,-0.819199]]],"btipPosition":[60.6261,234.125,-1.90829],"carpPosition":[74.9883,252.543,59.5417],"dipPosition":[60.6518,244.811,-17.1718],"direction":[-0.196221,-0.924477,0.326864],"extended":false,"handId":699,"id":6993,"length":64.2502,"mcpPosition":[79.2167,291.392,10.8081],"pipPosition":[66.0725,270.35,-26.2016],"stabilizedTipPosition":[54.6147,193.238,8.75808],"timeVisible":31.7703,"tipPosition":[60.7617,236.326,-4.42253],"tipVelocity":[18.4059,141.817,-144.358],"tool":false,"touchDistance":0.333333,"touchZone":"none","type":3,"width":18.027},{"bases":[[[0.863476,-0.478854,-0.158453],[0.458424,0.614032,0.642505],[-0.210371,-0.627426,0.74972]],[[0.800355,-0.599523,0.00190481],[0.518512,0.690605,-0.504192],[0.300959,0.404521,0.863589]],[[0.800355,-0.599523,0.00190481],[-0.175927,-0.237896,-0.955225],[0.573133,0.764184,-0.295874]],[[0.800355,-0.599523,0.00190481],[-0.485524,-0.650026,-0.584579],[0.351706,0.466946,-0.811335]]],"btipPosition":[70.3047,244.308,0.248087],"carpPosition":[85.9765,245.223,54.3348],"dipPosition":[76.3502,252.334,-13.698],"direction":[-0.573133,-0.764184,0.295874],"extended":false,"handId":699,"id":6994,"length":50.3709,"mcpPosition":[98.1412,281.504,10.9824],"pipPosition":[87.5289,267.24,-19.4689],"stabilizedTipPosition":[64.9658,204.065,15.1842],"timeVisible":31.7703,"tipPosition":[71.7265,245.85,-1.99715],"tipVelocity":[18.8678,140.704,-147.131],"tool":false,"touchDistance":0.333333,"touchZone":"none","type":4,"width":16.013}],"r":[[0.966119,-0.0256536,0.256819],[0.0129591,0.998615,0.051001],[-0.257772,-0.0459449,0.965113]],"s":0.965795,"t":[25.4732,-8.14423,-136.073],"timestamp":523749919013},false],[3,{"currentFrameRate":110.51,"devices":[],"gestures":[],"hands":[{"armBasis":[[0.921542,0.0884606,-0.378068],[0.0967401,0.890686,0.444208],[0.376034,-0.44593,0.812246]],"armWidth":63.5437,"confidence":0.677023,"direction":[-0.0369927,0.738327,-0.673428],"elbow":[171.839,120.307,277.659],"grabStrength":0,"id":699,"palmNormal":[-0.117519,-0.672427,-0.730775],"palmPosition":[60.5487,277.634,20.3953],"palmVelocity":[7.84513,164.929,-163.881],"palmWidth":90.7382,"pinchStrength":0.896311,"r":[[0.965953,-0.026058,0.257404],[0.0139665,0.998716,0.0486925],[-0.258342,-0.0434396,0.965076]],"s":0.965295,"sphereCenter":[43.0648,263.918,-21.3111],"sphereRadius":44.8106,"stabilizedPalmPosition":[54.7863,238.468,44.5111],"t":[25.4055,-6.54316,-137.577],"timeVisible":31.7793,"type":"right","wrist":[70.5908,240.375,58.9593]}],"id":4281199,"interactionBox":{"center":[0,200,0],"size":[235.247,235.247,147.751]},"pointables":[{"bases":[[[0.497225,0.724541,0.477292],[-0.73167,0.0545111,0.679476],[0.466291,-0.687073,0.557229]],[[0.228955,0.958541,0.169643],[-0.85274,0.113447,0.509866],[0.469482,-0.261398,0.843361]],[[0.228955,0.958541,0.169643],[-0.966223,0.202603,0.159265],[0.118291,-0.200378,0.972551]],[[0.228955,0.958541,0.169643],[-0.652912,0.280475,-0.703591],[-0.722001,0.0503287,0.690059]]],"btipPosition":[30.6968,250.745,-34.5945],"carpPosition":[41.2388,232.095,56.5607],"dipPosition":[13.8462,251.92,-18.4893],"direction":[-0.118291,0.200378,-0.972551],"extended":false,"handId":699,"id":6990,"length":51.9721,"mcpPosition":[41.2388,232.095,56.5607],"pipPosition":[17.8682,245.107,14.5787],"stabilizedTipPosition":[21.64,209.421,-25.6352],"timeVisible":31.7793,"tipPosition":[26.3656,251.156,-30.3385],"tipVelocity":[26.3593,158.274,-164.968],"tool":false,"touchDistance":-0.506998,"touchZone":"hovering","type":0,"width":20.194},{"bases":[[[0.972082,0.0725994,-0.223127],[0.0860919,0.774254,0.626992],[0.218276,-0.628697,0.746388]],[[0.953664,0.118065,-0.276742],[0.0113249,0.905055,0.425144],[0.300661,-0.408579,0.861781]],[[0.953664,0.118065,-0.276742],[-0.0495549,0.968866,0.242574],[0.296765,-0.21762,0.929823]],[[0.953664,0.118065,-0.276742],[-0.0931609,0.990462,0.101519],[0.286088,-0.0710336,0.955567]]],"btipPosition":[10.1943,322.752,-67.6482],"carpPosition":[51.1173,252.666,62.7263],"dipPosition":[15.0688,321.541,-51.367],"direction":[-0.296765,0.21762,-0.929824],"extended":true,"handId":699,"id":6991,"length":58.6448,"mcpPosition":[35.1033,298.791,7.96673],"pipPosition":[22.2219,316.296,-28.955],"stabilizedTipPosition":[6.63097,281.777,-41.4392],"timeVisible":31.7793,"tipPosition":[11.2538,321.519,-64.1264],"tipVelocity":[13.7094,153.449,-174.718],"tool":false,"touchDistance":-0.515225,"touchZone":"hovering","type":1,"width":19.2893},{"bases":[[[0.96362,-0.14607,-0.223831],[0.253966,0.761391,0.596478],[0.0832958,-0.631623,0.770788]],[[0.965325,-0.161011,-0.205484],[0.0286582,0.847742,-0.529635],[0.259475,0.505381,0.82296]],[[0.965325,-0.161011,-0.205484],[-0.246624,-0.304421,-0.920057],[0.0855859,0.938831,-0.333575]],[[0.965325,-0.161011,-0.205484],[-0.24832,-0.80918,-0.532507],[-0.0805341,0.565068,-0.821104]]],"btipPosition":[43.7579,237.672,-7.69601],"carpPosition":[62.9432,255.231,60.6418],"dipPosition":[42.2487,248.261,-23.0835],"direction":[-0.0855859,-0.938831,0.333575],"extended":false,"handId":699,"id":6992,"length":66.821,"mcpPosition":[57.1479,299.177,7.01432],"pipPosition":[44.6757,274.884,-32.5429],"stabilizedTipPosition":[38.3861,195.948,1.84558],"timeVisible":31.7793,"tipPosition":[43.6541,239.88,-10.293],"tipVelocity":[2.2462,161.109,-157.108],"tool":false,"touchDistance":0.333333,"touchZone":"none","type":2,"width":18.9446},{"bases":[[[0.943469,-0.294405,-0.152288],[0.324689,0.728486,0.603229],[-0.0666538,-0.618574,0.782894]],[[0.945456,-0.267689,-0.185621],[0.132699,0.836904,-0.53102],[0.297495,0.477425,0.826778]],[[0.945456,-0.267689,-0.185621],[-0.260589,-0.279612,-0.924073],[0.195462,0.922041,-0.334118]],[[0.945456,-0.267689,-0.185621],[-0.325748,-0.778355,-0.536704],[-0.000808951,0.567896,-0.8231]]],"btipPosition":[60.3744,235.966,-3.35825],"carpPosition":[74.8506,254.651,57.8181],"dipPosition":[60.3593,246.548,-18.6945],"direction":[-0.195462,-0.922041,0.334118],"extended":false,"handId":699,"id":6993,"length":64.2502,"mcpPosition":[79.0142,293.291,8.91327],"pipPosition":[65.759,272.019,-27.9246],"stabilizedTipPosition":[54.7797,194.533,8.30954],"timeVisible":31.7793,"tipPosition":[60.4862,238.175,-6.0046],"tipVelocity":[5.38363,158.269,-149.427],"tool":false,"touchDistance":0.333333,"touchZone":"none","type":3,"width":18.027},{"bases":[[[0.86271,-0.480312,-0.158216],[0.460307,0.616297,0.63898],[-0.209402,-0.624082,0.752776]],[[0.799639,-0.600474,0.00311459],[0.518735,0.688157,-0.5073],[0.302477,0.407273,0.861764]],[[0.799639,-0.600474,0.00311459],[-0.177545,-0.241382,-0.954051],[0.573634,0.762343,-0.299629]],[[0.799639,-0.600474,0.00311459],[-0.487295,-0.651935,-0.580968],[0.350887,0.463047,-0.81392]]],"btipPosition":[70.0443,246.197,-1.46203],"carpPosition":[85.8214,247.299,52.6193],"dipPosition":[76.0757,254.156,-15.4526],"direction":[-0.573634,-0.762343,0.299629],"extended":false,"handId":699,"id":6994,"length":50.3709,"mcpPosition":[97.93,283.387,9.09019],"pipPosition":[87.2642,269.026,-21.2968],"stabilizedTipPosition":[65.1465,205.294,14.6291],"timeVisible":31.7793,"tipPosition":[71.4605,247.727,-3.73166],"tipVelocity":[5.64002,159.186,-159.175],"tool":false,"touchDistance":0.333333,"touchZone":"none","type":4,"width":16.013}],"r":[[0.965953,-0.026058,0.257404],[0.0139665,0.998716,0.0486925],[-0.258342,-0.0434396,0.965076]],"s":0.965295,"t":[25.4055,-6.54316,-137.577],"timestamp":523749928022},false],[4,{"currentFrameRate":110.465,"devices":[],"gestures":[],"hands":[{"armBasis":[[0.921368,0.087095,-0.378808],[0.0975522,0.891565,0.442262],[0.376251,-0.44444,0.812963]],"armWidth":63.5437,"confidence":0.601627,"direction":[-0.0379189,0.736778,-0.675071],"elbow":[171.866,121.967,276.873],"grabStrength":0,"id":699,"palmNormal":[-0.118715,-0.674094,-0.729043],"palmPosition":[60.4635,278.804,19.3462],"palmVelocity":[3.07095,154.723,-150.26],"palmWidth":90.7382,"pinchStrength":0.902293,"r":[[0.965897,-0.0262875,0.25759],[0.0148142,0.998814,0.0463812],[-0.258504,-0.0409835,0.96514]],"s":0.9648,"sphereCenter":[42.8579,265.011,-22.2919],"sphereRadius":44.806,"stabilizedPalmPosition":[54.9743,239.804,43.6777],"t":[25.329,-5.15718,-138.854],"timeVisible":31.7885,"type":"right","wrist":[70.5593,241.633,57.9806]}],"id":4281200,"interactionBox":{"center":[0,200,0],"size":[235.247,235.247,147.751]},"pointables":[{"bases":[[[0.498043,0.725573,0.474866],[-0.73063,0.0561746,0.680458],[0.467046,-0.685849,0.558103]],[[0.230363,0.958454,0.168224],[-0.853412,0.115922,0.508184],[0.46757,-0.26063,0.84466]],[[0.230363,0.958454,0.168224],[-0.96555,0.203633,0.162011],[0.121024,-0.199749,0.972344]],[[0.230363,0.958454,0.168224],[-0.657503,0.280749,-0.699192],[-0.717372,0.0504601,0.694861]]],"btipPosition":[30.5548,251.94,-35.6791],"carpPosition":[41.2026,233.352,55.6457],"dipPosition":[13.8122,253.117,-19.4619],"direction":[-0.121024,0.199749,-0.972344],"extended":false,"handId":699,"id":6990,"length":51.9721,"mcpPosition":[41.2026,233.352,55.6457],"pipPosition":[17.9272,246.326,13.599],"stabilizedTipPosition":[21.7572,210.411,-25.7813],"timeVisible":31.7885,"tipPosition":[26.2594,252.291,-31.3834],"tipVelocity":[15.4664,150.653,-151.343],"tool":false,"touchDistance":-0.500515,"touchZone":"hovering","type":0,"width":20.194},{"bases":[[[0.971752,0.0719552,-0.224768],[0.087144,0.775686,0.625074],[0.219327,-0.627004,0.747504]],[[0.953241,0.117335,-0.278502],[0.0124824,0.905478,0.42421],[0.301953,-0.40785,0.861674]],[[0.953241,0.117335,-0.278502],[-0.0488741,0.969274,0.24108],[0.298232,-0.216196,0.929686]],[[0.953241,0.117335,-0.278502],[-0.0928638,0.990691,0.0995377],[0.287589,-0.0690206,0.955264]]],"btipPosition":[9.97679,323.797,-68.6944],"carpPosition":[51.0931,253.936,61.7488],"dipPosition":[14.8768,322.621,-52.4183],"direction":[-0.298232,0.216196,-0.929686],"extended":true,"handId":699,"id":6991,"length":58.6448,"mcpPosition":[35.002,299.936,6.9075],"pipPosition":[22.0653,317.41,-30.0096],"stabilizedTipPosition":[6.75969,282.978,-42.1159],"timeVisible":31.7885,"tipPosition":[11.046,322.583,-65.1739],"tipVelocity":[3.45546,142.865,-158.032],"tool":false,"touchDistance":-0.507747,"touchZone":"hovering","type":1,"width":19.2893},{"bases":[[[0.96326,-0.146714,-0.224956],[0.25497,0.76273,0.594335],[0.0843835,-0.629856,0.772114]],[[0.965049,-0.162212,-0.205834],[0.0302861,0.849187,-0.527224],[0.260314,0.502563,0.82442]],[[0.965049,-0.162212,-0.205834],[-0.246919,-0.299618,-0.921553],[0.0878153,0.940168,-0.329199]],[[0.965049,-0.162212,-0.205834],[-0.249816,-0.806757,-0.535476],[-0.0791976,0.568181,-0.819083]]],"btipPosition":[43.5267,238.852,-9.02168],"carpPosition":[62.9162,256.495,59.6405],"dipPosition":[42.0425,249.499,-24.3713],"direction":[-0.0878153,-0.940168,0.329199],"extended":false,"handId":699,"id":6992,"length":66.821,"mcpPosition":[57.0452,300.317,5.92075],"pipPosition":[44.5327,276.16,-33.7066],"stabilizedTipPosition":[38.5204,197.217,1.4428],"timeVisible":31.7885,"tipPosition":[43.4422,241.066,-11.5553],"tipVelocity":[-5.24334,152.64,-153.524],"tool":false,"touchDistance":0.333333,"touchZone":"none","type":2,"width":18.9446},{"bases":[[[0.943199,-0.294881,-0.15304],[0.325699,0.729831,0.601055],[-0.0655458,-0.616759,0.784418]],[[0.945137,-0.268283,-0.186386],[0.131737,0.835124,-0.534053],[0.298933,0.4802,0.82465]],[[0.945137,-0.268283,-0.186386],[-0.262356,-0.283425,-0.922409],[0.194641,0.920703,-0.338262]],[[0.945137,-0.268283,-0.186386],[-0.326664,-0.780591,-0.532887],[-0.00252652,0.564537,-0.825404]]],"btipPosition":[60.2644,237.084,-4.21921],"carpPosition":[74.8192,255.906,56.8001],"dipPosition":[60.2173,247.603,-19.5984],"direction":[-0.194641,-0.920703,0.338262],"extended":false,"handId":699,"id":6993,"length":64.2502,"mcpPosition":[78.9136,294.433,7.80009],"pipPosition":[65.5943,273.038,-28.943],"stabilizedTipPosition":[54.9542,195.966,7.79761],"timeVisible":31.7885,"tipPosition":[60.3595,239.293,-6.94784],"tipVelocity":[0.314256,147.862,-134.397],"tool":false,"touchDistance":0.333333,"touchZone":"none","type":3,"width":18.027},{"bases":[[[0.862406,-0.480791,-0.158418],[0.461357,0.617706,0.636859],[-0.20834,-0.622318,0.75453]],[[0.799512,-0.600641,0.00339064],[0.518189,0.686884,-0.509578],[0.303744,0.40917,0.860418]],[[0.799512,-0.600641,0.00339064],[-0.17902,-0.243674,-0.953192],[0.573352,0.761481,-0.302347]],[[0.799512,-0.600641,0.00339064],[-0.488351,-0.653309,-0.578533],[0.349706,0.460888,-0.815652]]],"btipPosition":[69.9237,247.324,-2.45086],"carpPosition":[85.7811,248.541,51.6016],"dipPosition":[75.9348,255.246,-16.4712],"direction":[-0.573352,-0.761481,0.302347],"extended":false,"handId":699,"id":6994,"length":50.3709,"mcpPosition":[97.8283,284.526,7.97113],"pipPosition":[87.1179,270.098,-22.3684],"stabilizedTipPosition":[65.3338,206.627,14.0119],"timeVisible":31.7885,"tipPosition":[71.3356,248.848,-4.73891],"tipVelocity":[0.260978,148.975,-145.236],"tool":false,"touchDistance":0.333333,"touchZone":"none","type":4,"width":16.013}],"r":[[0.965897,-0.0262875,0.25759],[0.0148142,0.998814,0.0463812],[-0.258504,-0.0409835,0.96514]],"s":0.9648,"t":[25.329,-5.15718,-138.854],"timestamp":523749937154},false],[5,{"currentFrameRate":110.531,"devices":[],"gestures":[],"hands":[{"armBasis":[[0.922655,0.0852769,-0.376079],[0.0954426,0.894402,0.436962],[0.373629,-0.439059,0.817085]],"armWidth":63.5437,"confidence":0.604096,"direction":[-0.0406715,0.739317,-0.672128],"elbow":[171.153,124.26,276.824],"grabStrength":0,"id":699,"palmNormal":[-0.118336,-0.671515,-0.731481],"palmPosition":[60.3104,279.776,18.3485],"palmVelocity":[-2.44387,142.196,-139.749],"palmWidth":90.7382,"pinchStrength":0.900139,"r":[[0.965945,-0.0262303,0.257414],[0.0150501,0.99886,0.0453074],[-0.258309,-0.0398903,0.965238]],"s":0.964492,"sphereCenter":[42.6073,266.141,-23.2815],"sphereRadius":44.7982,"stabilizedPalmPosition":[55.1818,241.359,42.6925],"t":[25.2142,-3.97842,-139.992],"timeVisible":31.7974,"type":"right","wrist":[70.5523,242.478,56.8216]}],"id":4281201,"interactionBox":{"center":[0,200,0],"size":[235.247,235.247,147.751]},"pointables":[{"bases":[[[0.497141,0.724852,0.476907],[-0.729674,0.0518497,0.681826],[0.469495,-0.686951,0.554682]],[[0.229471,0.957865,0.172733],[-0.85448,0.113279,0.506982],[0.466054,-0.263935,0.844472]],[[0.229471,0.957865,0.172733],[-0.96552,0.201604,0.164702],[0.122938,-0.204572,0.971101]],[[0.229471,0.957865,0.172733],[-0.662888,0.283751,-0.692868],[-0.712687,0.0444903,0.70007]]],"btipPosition":[30.4642,253.194,-36.8941],"carpPosition":[41.2108,234.138,54.5007],"dipPosition":[13.8309,254.232,-20.5552],"direction":[-0.122938,0.204572,-0.971101],"extended":false,"handId":699,"id":6990,"length":51.9721,"mcpPosition":[41.2108,234.138,54.5007],"pipPosition":[18.011,247.277,12.4634],"stabilizedTipPosition":[21.877,211.467,-25.9618],"timeVisible":31.7974,"tipPosition":[26.1837,253.455,-32.5528],"tipVelocity":[9.24637,146.89,-146.317],"tool":false,"touchDistance":-0.496601,"touchZone":"hovering","type":0,"width":20.194},{"bases":[[[0.971227,0.0750527,-0.226021],[0.0863686,0.773439,0.627959],[0.221944,-0.629412,0.744702]],[[0.952567,0.120516,-0.27945],[0.0117259,0.903033,0.429412],[0.304104,-0.41232,0.858786]],[[0.952567,0.120516,-0.27945],[-0.0502179,0.967907,0.246241],[0.300158,-0.220527,0.928048]],[[0.952567,0.120516,-0.27945],[-0.0946296,0.990024,0.104392],[0.289243,-0.0729959,0.954468]]],"btipPosition":[9.58906,325.123,-69.3925],"carpPosition":[51.0641,254.721,60.6685],"dipPosition":[14.5173,323.879,-53.1299],"direction":[-0.300158,0.220527,-0.928048],"extended":true,"handId":699,"id":6991,"length":58.6448,"mcpPosition":[34.781,300.898,6.03267],"pipPosition":[21.7521,318.563,-30.7607],"stabilizedTipPosition":[6.88066,284.256,-42.8343],"timeVisible":31.7974,"tipPosition":[10.6669,323.895,-65.8827],"tipVelocity":[-9.13226,143.901,-136.343],"tool":false,"touchDistance":-0.495823,"touchZone":"hovering","type":1,"width":19.2893},{"bases":[[[0.963233,-0.143633,-0.227049],[0.254174,0.760987,0.596904],[0.0870464,-0.632668,0.769515]],[[0.965092,-0.159243,-0.20794],[0.0275472,0.851247,-0.524042],[0.260458,0.500021,0.825918]],[[0.965092,-0.159243,-0.20794],[-0.247673,-0.296686,-0.922299],[0.0851766,0.941605,-0.325769]],[[0.965092,-0.159243,-0.20794],[-0.248826,-0.805272,-0.538166],[-0.0817491,0.571121,-0.816785]]],"btipPosition":[43.4189,239.894,-10.1422],"carpPosition":[62.878,257.315,58.5515],"dipPosition":[41.8869,250.597,-25.4488],"direction":[-0.0851766,-0.941605,0.325769],"extended":false,"handId":699,"id":6992,"length":66.821,"mcpPosition":[56.8217,301.333,5.01258],"pipPosition":[44.3023,277.298,-34.6868],"stabilizedTipPosition":[38.6513,198.516,1.00781],"timeVisible":31.7974,"tipPosition":[43.324,242.12,-12.6764],"tipVelocity":[-7.44149,143.227,-145.572],"tool":false,"touchDistance":0.333333,"touchZone":"none","type":2,"width":18.9446},{"bases":[[[0.943624,-0.292125,-0.155681],[0.324989,0.728224,0.603384],[-0.0628927,-0.619962,0.782107]],[[0.945452,-0.265304,-0.189035],[0.129315,0.838265,-0.529707],[0.298995,0.476367,0.826847]],[[0.945452,-0.265304,-0.189035],[-0.262963,-0.279042,-0.923572],[0.192278,0.922903,-0.333586]],[[0.945452,-0.265304,-0.189035],[-0.325723,-0.778735,-0.536168],[-0.00496143,0.568494,-0.822672]]],"btipPosition":[60.1651,238.179,-5.46291],"carpPosition":[74.7777,256.765,55.69],"dipPosition":[60.0727,248.771,-20.7912],"direction":[-0.192278,-0.922903,0.333586],"extended":false,"handId":699,"id":6993,"length":64.2502,"mcpPosition":[78.7064,295.492,6.83436],"pipPosition":[65.3844,274.267,-30.0066],"stabilizedTipPosition":[55.1252,197.437,7.24435],"timeVisible":31.7974,"tipPosition":[60.2485,240.397,-8.18186],"tipVelocity":[-3.123,141.491,-135.369],"tool":false,"touchDistance":0.333333,"touchZone":"none","type":3,"width":18.027},{"bases":[[[0.863247,-0.478196,-0.161656],[0.460959,0.616271,0.638535],[-0.205721,-0.625731,0.752423]],[[0.800794,-0.59894,-0.0000370003],[0.516041,0.689988,-0.507561],[0.304024,0.406432,0.861616]],[[0.800794,-0.59894,-0.0000370003],[-0.179963,-0.240555,-0.953807],[0.571264,0.763809,-0.300422]],[[0.800794,-0.59894,-0.0000370003],[-0.487921,-0.652324,-0.580006],[0.347365,0.464483,-0.814612]]],"btipPosition":[69.8104,248.414,-3.58283],"carpPosition":[85.7482,249.445,50.4455],"dipPosition":[75.7813,256.398,-17.5853],"direction":[-0.571264,-0.763809,0.300422],"extended":false,"handId":699,"id":6994,"length":50.3709,"mcpPosition":[97.6439,285.628,6.93683],"pipPosition":[86.9236,271.296,-23.4449],"stabilizedTipPosition":[65.517,207.993,13.36],"timeVisible":31.7974,"tipPosition":[71.2137,249.95,-5.88304],"tipVelocity":[-3.55381,142.087,-140.071],"tool":false,"touchDistance":0.333333,"touchZone":"none","type":4,"width":16.013}],"r":[[0.965945,-0.0262303,0.257414],[0.0150501,0.99886,0.0453074],[-0.258309,-0.0398903,0.965238]],"s":0.964492,"t":[25.2142,-3.97842,-139.992],"timestamp":523749946084},false],[6,{"currentFrameRate":110.452,"devices":[],"gestures":[],"hands":[{"armBasis":[[0.924872,0.0845304,-0.370765],[0.0923787,0.895835,0.434679],[0.368888,-0.436273,0.820724]],"armWidth":63.5437,"confidence":0.640644,"direction":[-0.0418827,0.739971,-0.671334],"elbow":[169.658,126.095,276.696],"grabStrength":0,"id":699,"palmNormal":[-0.115852,-0.670988,-0.732362],"palmPosition":[60.036,280.878,17.2726],"palmVelocity":[-10.1046,135.958,-133.398],"palmWidth":90.7382,"pinchStrength":0.895271,"r":[[0.965944,-0.0257454,0.257468],[0.0147151,0.998893,0.0446772],[-0.258333,-0.039367,0.965253]],"s":0.96439,"sphereCenter":[42.3599,267.27,-24.3544],"sphereRadius":44.7885,"stabilizedPalmPosition":[55.407,243.192,41.5134],"t":[25.0196,-2.83799,-141.098],"timeVisible":31.8066,"type":"right","wrist":[70.3343,243.563,55.714]}],"id":4281202,"interactionBox":{"center":[0,200,0],"size":[235.247,235.247,147.751]},"pointables":[{"bases":[[[0.494781,0.725588,0.47824],[-0.730508,0.0491981,0.68113],[0.470691,-0.686368,0.55439]],[[0.22834,0.957591,0.175727],[-0.856795,0.111933,0.503362],[0.462346,-0.2655,0.846018]],[[0.22834,0.957591,0.175727],[-0.965966,0.200302,0.163674],[0.121534,-0.207119,0.970737]],[[0.22834,0.957591,0.175727],[-0.667428,0.285372,-0.687824],[-0.708802,0.039773,0.704285]]],"btipPosition":[30.4118,254.481,-38.2043],"carpPosition":[41.0168,235.15,53.3534],"dipPosition":[13.8692,255.409,-21.7672],"direction":[-0.121534,0.207119,-0.970737],"extended":false,"handId":699,"id":6990,"length":51.9721,"mcpPosition":[41.0168,235.15,53.3534],"pipPosition":[18.0015,248.367,11.2391],"stabilizedTipPosition":[22.0269,212.837,-26.23],"timeVisible":31.8066,"tipPosition":[26.1404,254.642,-33.8274],"tipVelocity":[5.7036,144.185,-144.571],"tool":false,"touchDistance":-0.494589,"touchZone":"touching","type":0,"width":20.194},{"bases":[[[0.971263,0.0778092,-0.224932],[0.0837285,0.772947,0.628922],[0.222796,-0.629682,0.744219]],[[0.952567,0.123229,-0.278265],[0.00949184,0.901877,0.431889],[0.304182,-0.414044,0.857928]],[[0.952567,0.123229,-0.278265],[-0.0525984,0.967256,0.248292],[0.29975,-0.221879,0.927858]],[[0.952567,0.123229,-0.278265],[-0.0970742,0.989622,0.105946],[0.288432,-0.0739079,0.954644]]],"btipPosition":[9.29336,326.295,-70.4325],"carpPosition":[50.8107,255.751,59.5547],"dipPosition":[14.2078,325.035,-54.167],"direction":[-0.29975,0.221879,-0.927858],"extended":true,"handId":699,"id":6991,"length":58.6448,"mcpPosition":[34.465,301.948,4.9543],"pipPosition":[21.4328,319.687,-31.8024],"stabilizedTipPosition":[7.01795,285.874,-43.7588],"timeVisible":31.8066,"tipPosition":[10.3717,325.072,-66.9255],"tipVelocity":[-15.6682,139.21,-129.833],"tool":false,"touchDistance":-0.490164,"touchZone":"touching","type":1,"width":19.2893},{"bases":[[[0.963834,-0.140895,-0.226215],[0.251598,0.760961,0.598027],[0.0878824,-0.633314,0.768889]],[[0.965743,-0.156814,-0.206762],[0.0259244,0.851079,-0.524397],[0.258203,0.501073,0.825989]],[[0.965743,-0.156814,-0.206762],[-0.245891,-0.298329,-0.922246],[0.0829385,0.941493,-0.326668]],[[0.965743,-0.156814,-0.206762],[-0.246072,-0.806381,-0.537771],[-0.0823983,0.570227,-0.817344]]],"btipPosition":[43.2867,240.971,-11.1647],"carpPosition":[62.62,258.378,57.4529],"dipPosition":[41.7426,251.657,-26.4818],"direction":[-0.0829386,-0.941493,0.326668],"extended":false,"handId":699,"id":6992,"length":66.821,"mcpPosition":[56.5056,302.441,3.95748],"pipPosition":[44.0945,278.356,-35.7453],"stabilizedTipPosition":[38.7841,199.911,0.520557],"timeVisible":31.8066,"tipPosition":[43.1724,243.213,-13.7904],"tipVelocity":[-9.46488,135.836,-136.044],"tool":false,"touchDistance":0.333333,"touchZone":"none","type":2,"width":18.9446},{"bases":[[[0.944534,-0.289517,-0.155035],[0.32249,0.728374,0.604542],[-0.0621018,-0.621008,0.78134]],[[0.946328,-0.262609,-0.188413],[0.127682,0.839282,-0.528492],[0.296918,0.47607,0.827766]],[[0.946328,-0.262609,-0.188413],[-0.261306,-0.278561,-0.924188],[0.190216,0.923818,-0.332232]],[[0.946328,-0.262609,-0.188413],[-0.323158,-0.778942,-0.537418],[-0.0056317,0.56946,-0.821999]]],"btipPosition":[60.024,239.311,-6.59289],"carpPosition":[74.5241,257.862,54.603],"dipPosition":[59.9191,249.922,-21.9086],"direction":[-0.190216,-0.923818,0.332232],"extended":false,"handId":699,"id":6993,"length":64.2502,"mcpPosition":[78.4034,296.654,5.79529],"pipPosition":[65.1739,275.443,-31.0866],"stabilizedTipPosition":[55.2979,199.007,6.6294],"timeVisible":31.8066,"tipPosition":[60.1023,241.535,-9.31779],"tipVelocity":[-6.62693,136.498,-131.8],"tool":false,"touchDistance":0.333333,"touchZone":"none","type":3,"width":18.027},{"bases":[[[0.864642,-0.475788,-0.161304],[0.458711,0.616731,0.639708],[-0.204884,-0.627111,0.751502]],[[0.802097,-0.597193,0.000589173],[0.515544,0.691934,-0.505414],[0.301422,0.405694,0.862877]],[[0.802097,-0.597193,0.000589173],[-0.177782,-0.239723,-0.954425],[0.570117,0.765436,-0.298451]],[[0.802097,-0.597193,0.000589173],[-0.48568,-0.652896,-0.581242],[0.347499,0.465926,-0.813731]]],"btipPosition":[69.6444,249.595,-4.71153],"carpPosition":[85.5187,250.576,49.3616],"dipPosition":[75.6176,257.604,-18.6988],"direction":[-0.570117,-0.765436,0.298451],"extended":false,"handId":699,"id":6994,"length":50.3709,"mcpPosition":[97.3661,286.839,5.90618],"pipPosition":[86.7375,272.533,-24.52],"stabilizedTipPosition":[65.703,209.462,12.6401],"timeVisible":31.8066,"tipPosition":[71.0448,251.133,-7.0238],"tipVelocity":[-7.59238,138.441,-135.13],"tool":false,"touchDistance":0.333333,"touchZone":"none","type":4,"width":16.013}],"r":[[0.965944,-0.0257454,0.257468],[0.0147151,0.998893,0.0446772],[-0.258333,-0.039367,0.965253]],"s":0.96439,"t":[25.0196,-2.83799,-141.098],"timestamp":5237499