{"sensorType":"Leap","data":[[0,{"currentFrameRate":110.239,"devices":[],"gestures":[],"hands":[{"armBasis":[[0.932222,0.063761,-0.356227],[0.112403,0.884655,0.452495],[0.343989,-0.461866,0.817527]],"armWidth":63.5437,"confidence":0.766598,"direction":[-0.077387,0.740132,-0.667993],"elbow":[166.609,113.251,278.073],"grabStrength":0,"id":699,"palmNormal":[-0.148032,-0.671106,-0.726432],"palmPosition":[61.6885,274.9,20.0777],"palmVelocity":[54.8308,151.536,-275.424],"palmWidth":90.7382,"pinchStrength":0.864406,"r":[[0.97714,-0.0277789,0.210776],[0.0119139,0.997024,0.076169],[-0.212265,-0.0719166,0.974562]],"s":0.964823,"sphereCenter":[45.2073,260.319,-21.5285],"sphereRadius":44.6631,"stabilizedPalmPosition":[46.9451,234.981,90.2642],"t":[25.976,-9.08346,-136.779],"timeVisible":16.6762,"type":"right","wrist":[73.9885,237.61,57.9514]}],"id":4279566,"interactionBox":{"center":[0,200,0],"size":[235.247,235.247,147.751]},"pointables":[{"bases":[[[0.514047,0.72751,0.454407],[-0.697083,0.0456195,0.715537],[0.499831,-0.684579,0.530586]],[[0.249626,0.950978,0.182558],[-0.817756,0.106058,0.56571],[0.518616,-0.290504,0.804142]],[[0.249626,0.950978,0.182558],[-0.95644,0.21267,0.199983],[0.151355,-0.224527,0.962642]],[[0.249626,0.950978,0.182558],[-0.690064,0.30696,-0.655429],[-0.679336,0.0376353,0.732861]]],"btipPosition":[29.5207,250.286,-32.8665],"carpPosition":[44.6285,229.069,56.9984],"dipPosition":[13.6658,251.165,-15.7623],"direction":[-0.151355,0.224527,-0.962642],"extended":false,"handId":699,"id":6990,"length":51.9721,"mcpPosition":[44.6285,229.069,56.9984],"pipPosition":[18.8121,243.53,16.9687],"stabilizedTipPosition":[7.13808,220.787,64.4837],"timeVisible":16.6762,"tipPosition":[25.6951,251.375,-27.8124],"tipVelocity":[76.0694,87.1589,-281.706],"tool":false,"touchDistance":-0.650333,"touchZone":"hovering","type":0,"width":20.194},{"bases":[[[0.95896,0.0822074,-0.271363],[0.110521,0.772977,0.624733],[0.261115,-0.629086,0.732168]],[[0.947105,0.108643,-0.301974],[0.0410807,0.892171,0.449826],[0.318283,-0.438438,0.840516]],[[0.947105,0.108643,-0.301974],[-0.0466873,0.977588,0.205284],[0.317509,-0.180327,0.930951]],[[0.947105,0.108643,-0.301974],[-0.10998,0.993854,0.0126249],[0.30149,0.0212542,0.953232]]],"btipPosition":[9.03593,318.632,-65.6713],"carpPosition":[54.6192,249.71,62.7363],"dipPosition":[14.1728,318.994,-49.4298],"direction":[-0.317509,0.180327,-0.930951],"extended":true,"handId":699,"id":6991,"length":58.6448,"mcpPosition":[35.4623,295.864,9.02005],"pipPosition":[21.8259,314.648,-26.9906],"stabilizedTipPosition":[-5.44044,297.492,46.3846],"timeVisible":16.6762,"tipPosition":[10.2529,319.738,-61.5336],"tipVelocity":[58.0967,74.8368,-321.453],"tool":false,"touchDistance":-0.671729,"touchZone":"touching","type":1,"width":19.2893},{"bases":[[[0.952435,-0.136527,-0.272448],[0.276759,0.761748,0.585785],[0.127562,-0.633325,0.7633]],[[0.954641,-0.148271,-0.258218],[-0.0191033,0.834918,-0.550042],[0.297146,0.530026,0.794215]],[[0.954641,-0.148271,-0.258218],[-0.29161,-0.290207,-0.911451],[0.0602051,0.945408,-0.32028]],[[0.954641,-0.148271,-0.258218],[-0.272739,-0.783386,-0.558497],[-0.119476,0.60359,-0.788292]]],"btipPosition":[43.6757,232.856,-7.35662],"carpPosition":[66.302,252.39,60.0704],"dipPosition":[41.4367,244.168,-22.1292],"direction":[-0.0602051,-0.945408,0.32028],"extended":false,"handId":699,"id":6992,"length":66.821,"mcpPosition":[57.4269,296.454,6.9639],"pipPosition":[43.144,270.977,-31.2116],"stabilizedTipPosition":[24.559,196.055,61.3491],"timeVisible":16.6762,"tipPosition":[43.5024,235.089,-9.39284],"tipVelocity":[49.6773,138.869,-278.264],"tool":false,"touchDistance":0.333333,"touchZone":"none","type":2,"width":18.9446},{"bases":[[[0.937234,-0.28527,-0.200532],[0.348024,0.72947,0.588857],[-0.0217016,-0.621687,0.782965]],[[0.937315,-0.258767,-0.23341],[0.0851036,0.819481,-0.566753],[0.337933,0.511362,0.790133]],[[0.937315,-0.258767,-0.23341],[-0.3033,-0.275925,-0.912072],[0.171611,0.925692,-0.337112]],[[0.937315,-0.258767,-0.23341],[-0.346875,-0.757079,-0.553632],[-0.0334482,0.599892,-0.799382]]],"btipPosition":[60.2384,231.229,-3.25667],"carpPosition":[78.0573,251.928,56.6505],"dipPosition":[59.6152,242.406,-18.151],"direction":[-0.171611,-0.925692,0.337112],"extended":false,"handId":699,"id":6993,"length":64.2502,"mcpPosition":[79.4129,290.763,7.74132],"pipPosition":[64.356,267.979,-27.4638],"stabilizedTipPosition":[44.0615,192.867,52.6595],"timeVisible":16.6762,"tipPosition":[60.3327,233.45,-5.22911],"tipVelocity":[53.8405,139.801,-270.009],"tool":false,"touchDistance":0.333333,"touchZone":"none","type":3,"width":18.027},{"bases":[[[0.85795,-0.471888,-0.203085],[0.486268,0.61841,0.617343],[-0.165727,-0.628403,0.760029]],[[0.812653,-0.579713,-0.0593941],[0.45791,0.698278,-0.550205],[0.360435,0.419929,0.832914]],[[0.812653,-0.579713,-0.0593941],[-0.225593,-0.218981,-0.949292],[0.537311,0.784844,-0.308735]],[[0.812653,-0.579713,-0.0593941],[-0.49519,-0.633225,-0.594822],[0.307216,0.512795,-0.801661]]],"btipPosition":[69.9315,242.101,-2.63596],"carpPosition":[88.8187,244.694,50.8806],"dipPosition":[75.2123,250.915,-16.4158],"direction":[-0.537311,-0.784844,0.308735],"extended":false,"handId":699,"id":6994,"length":50.3709,"mcpPosition":[98.4018,281.031,6.93212],"pipPosition":[85.6924,266.224,-22.4376],"stabilizedTipPosition":[53.5512,202.91,57.8896],"timeVisible":16.6762,"tipPosition":[71.2199,243.72,-4.48042],"tipVelocity":[58.3147,144.195,-281.633],"tool":false,"touchDistance":0.333333,"touchZone":"none","type":4,"width":16.013}],"r":[[0.97714,-0.0277789,0.210776],[0.0119139,0.997024,0.076169],[-0.212265,-0.0719166,0.974562]],"s":0.964823,"t":[25.976,-9.08346,-136.779],"timestamp":523734824841},false],[1,{"currentFrameRate":110.342,"devices":[],"gestures":[],"hands":[{"armBasis":[[0.931769,0.0625563,-0.357622],[0.11319,0.88589,0.449875],[0.344956,-0.459659,0.818364]],"armWidth":63.5437,"confidence":0.69363,"direction":[-0.0781185,0.736977,-0.671388],"elbow":[167.347,114.777,276.889],"grabStrength":0,"id":699,"palmNormal":[-0.148884,-0.674518,-0.72309],"palmPosition":[62.1251,275.653,18.5069],"palmVelocity":[53.2911,133.433,-248.677],"palmWidth":90.7382,"pinchStrength":0.871621,"r":[[0.977085,-0.0261589,0.211235],[0.0117012,0.99752,0.0694061],[-0.212527,-0.065344,0.974968]],"s":0.962277,"sphereCenter":[45.5391,260.887,-23.0007],"sphereRadius":44.6308,"stabilizedPalmPosition":[47.0628,235.296,89.7078],"t":[26.4451,-8.00298,-138.875],"timeVisible":16.685,"type":"right","wrist":[74.4666,238.542,56.542]}],"id":4279567,"interactionBox":{"center":[0,200,0],"size":[235.247,235.247,147.751]},"pointables":[{"bases":[[[0.514591,0.729622,0.450385],[-0.696267,0.049024,0.716107],[0.500408,-0.682091,0.533239]],[[0.249188,0.952124,0.177103],[-0.819745,0.109993,0.562067],[0.515678,-0.285239,0.807908]],[[0.249188,0.952124,0.177103],[-0.956425,0.213207,0.199486],[0.152176,-0.219095,0.963763]],[[0.249188,0.952124,0.177103],[-0.689151,0.302814,-0.658311],[-0.680423,0.0419927,0.731615]]],"btipPosition":[30.1412,250.667,-34.3987],"carpPosition":[45.1053,229.998,55.6627],"dipPosition":[14.2609,251.647,-17.3237],"direction":[-0.152176,0.219095,-0.963763],"extended":false,"handId":699,"id":6990,"length":51.9721,"mcpPosition":[45.1053,229.998,55.6627],"pipPosition":[19.4351,244.197,15.4455],"stabilizedTipPosition":[7.15095,220.807,64.4205],"timeVisible":16.685,"tipPosition":[26.2409,251.762,-29.3935],"tipVelocity":[74.2098,75.8404,-252.278],"tool":false,"touchDistance":-0.636717,"touchZone":"hovering","type":0,"width":20.194},{"bases":[[[0.958654,0.0808847,-0.272838],[0.111261,0.77591,0.620955],[0.261924,-0.625637,0.734829]],[[0.946633,0.107448,-0.303877],[0.0413765,0.894486,0.445178],[0.319647,-0.433994,0.842304]],[[0.946633,0.107448,-0.303877],[-0.0465096,0.978468,0.201092],[0.318941,-0.176227,0.931247]],[[0.946633,0.107448,-0.303877],[-0.109901,0.993901,0.00907284],[0.302998,0.0248077,0.952668]]],"btipPosition":[9.34207,318.985,-67.3851],"carpPosition":[55.1033,250.665,61.2918],"dipPosition":[14.5047,319.407,-51.1533],"direction":[-0.318941,0.176227,-0.931247],"extended":true,"handId":699,"id":6991,"length":58.6448,"mcpPosition":[35.887,296.566,7.3803],"pipPosition":[22.1922,315.16,-28.7069],"stabilizedTipPosition":[-5.42592,297.512,46.2845],"timeVisible":16.685,"tipPosition":[10.5775,320.081,-63.2653],"tipVelocity":[51.865,65.721,-286.65],"tool":false,"touchDistance":-0.65863,"touchZone":"touching","type":1,"width":19.2893},{"bases":[[[0.952119,-0.137852,-0.272885],[0.277455,0.76449,0.581871],[0.128406,-0.629724,0.766133]],[[0.95437,-0.149696,-0.258396],[-0.0185591,0.833878,-0.551637],[0.298049,0.531262,0.79305]],[[0.95437,-0.149696,-0.258396],[-0.292324,-0.291493,-0.910812],[0.0610247,0.944787,-0.321952]],[[0.95437,-0.149696,-0.258396],[-0.273685,-0.784635,-0.556277],[-0.119474,0.601613,-0.789802]]],"btipPosition":[44.0315,233.543,-8.89243],"carpPosition":[66.7832,253.333,58.6],"dipPosition":[41.7926,244.817,-23.6933],"direction":[-0.0610247,-0.944787,0.321952],"extended":false,"handId":699,"id":6992,"length":66.821,"mcpPosition":[57.8494,297.145,5.29639],"pipPosition":[43.5231,271.609,-32.8231],"stabilizedTipPosition":[24.6534,196.255,60.9821],"timeVisible":16.685,"tipPosition":[43.8554,235.772,-10.9518],"tipVelocity":[47.0686,121.905,-249.874],"tool":false,"touchDistance":0.333333,"touchZone":"none","type":2,"width":18.9446},{"bases":[[[0.936994,-0.286254,-0.20025],[0.348722,0.732224,0.585014],[-0.0208346,-0.617987,0.785913]],[[0.937036,-0.259832,-0.233346],[0.0857796,0.81894,-0.567432],[0.338533,0.511689,0.789665]],[[0.937036,-0.259832,-0.233346],[-0.303722,-0.276504,-0.911755],[0.172382,0.92522,-0.338011]],[[0.937036,-0.259832,-0.233346],[-0.347615,-0.758157,-0.551689],[-0.0335664,0.598067,-0.800743]]],"btipPosition":[60.6156,231.955,-4.85127],"carpPosition":[78.5345,252.854,55.1689],"dipPosition":[59.9902,243.099,-19.7709],"direction":[-0.172382,-0.92522,0.338011],"extended":false,"handId":699,"id":6993,"length":64.2502,"mcpPosition":[79.836,291.457,6.07563],"pipPosition":[64.7523,268.658,-29.1086],"stabilizedTipPosition":[44.1596,193.116,52.2951],"timeVisible":16.685,"tipPosition":[60.7055,234.168,-6.84459],"tipVelocity":[50.7414,123.828,-245.636],"tool":false,"touchDistance":0.333333,"touchZone":"none","type":3,"width":18.027},{"bases":[[[0.8577,-0.472878,-0.201833],[0.486994,0.621293,0.613866],[-0.164886,-0.624805,0.763172]],[[0.811992,-0.580958,-0.0561847],[0.460117,0.696363,-0.550791],[0.359112,0.421387,0.83275]],[[0.811992,-0.580958,-0.0561847],[-0.223757,-0.220935,-0.949274],[0.539075,0.783374,-0.309391]],[[0.811992,-0.580958,-0.0561847],[-0.495142,-0.634668,-0.593322],[0.309037,0.509592,-0.803002]]],"btipPosition":[70.3343,242.823,-4.23568],"carpPosition":[89.2891,245.591,49.421],"dipPosition":[75.6463,251.582,-18.0386],"direction":[-0.539075,-0.783374,0.309391],"extended":false,"handId":699,"id":6994,"length":50.3709,"mcpPosition":[98.8236,281.721,5.29074],"pipPosition":[86.1608,266.862,-24.0731],"stabilizedTipPosition":[53.6737,203.195,57.445],"timeVisible":16.685,"tipPosition":[71.6272,244.433,-6.10619],"tipVelocity":[55.0165,126.738,-254.245],"tool":false,"touchDistance":0.333333,"touchZone":"none","type":4,"width":16.013}],"r":[[0.977085,-0.0261589,0.211235],[0.0117012,0.99752,0.0694061],[-0.212527,-0.065344,0.974968]],"s":0.962277,"t":[26.4451,-8.00298,-138.875],"timestamp":523734833721},false],[2,{"currentFrameRate":110.244,"devices":[],"gestures":[],"hands":[{"armBasis":[[0.933619,0.062226,-0.352821],[0.108994,0.888789,0.445167],[0.341285,-0.454072,0.823009]],"armWidth":63.5437,"confidence":0.681576,"direction":[-0.07824,0.734729,-0.673834],"elbow":[166.788,117.759,276.473],"grabStrength":0,"id":699,"palmNormal":[-0.144815,-0.677113,-0.72149],"palmPosition":[62.5607,276.981,16.6927],"palmVelocity":[51.5553,136.281,-233.94],"palmWidth":90.7382,"pinchStrength":0.876163,"r":[[0.97693,-0.0241726,0.212186],[0.0109222,0.997929,0.0633988],[-0.213279,-0.0596187,0.975171]],"s":0.959161,"sphereCenter":[46.1046,262.016,-24.8745],"sphereRadius":44.5979,"stabilizedPalmPosition":[47.188,235.633,89.1178],"t":[26.8974,-6.79899,-140.83],"timeVisible":16.6943,"type":"right","wrist":[74.8958,240.019,54.8756]}],"id":4279568,"interactionBox":{"center":[0,200,0],"size":[235.247,235.247,147.751]},"pointables":[{"bases":[[[0.511168,0.732446,0.4497],[-0.698519,0.0491782,0.713899],[0.500777,-0.679047,0.536766]],[[0.245776,0.953435,0.174803],[-0.822696,0.109812,0.557775],[0.512607,-0.280897,0.811376]],[[0.245776,0.953435,0.174803],[-0.957505,0.210721,0.196926],[0.150921,-0.215774,0.964709]],[[0.245776,0.953435,0.174803],[-0.683041,0.298304,-0.666685],[-0.687786,0.0444583,0.724551]]],"btipPosition":[30.965,251.671,-36.1658],"carpPosition":[45.5617,231.389,53.9355],"dipPosition":[14.9129,252.708,-19.2556],"direction":[-0.150921,0.215774,-0.964709],"extended":false,"handId":699,"id":6990,"length":51.9721,"mcpPosition":[45.5617,231.389,53.9355],"pipPosition":[20.0444,245.372,13.5457],"stabilizedTipPosition":[7.16639,220.831,64.3463],"timeVisible":16.6943,"tipPosition":[26.9828,252.754,-31.2766],"tipVelocity":[77.1911,85.4453,-236.25],"tool":false,"touchDistance":-0.628454,"touchZone":"hovering","type":0,"width":20.194},{"bases":[[[0.959221,0.0828144,-0.270253],[0.107205,0.778088,0.618939],[0.261537,-0.622672,0.737481]],[[0.947023,0.109646,-0.30187],[0.0372071,0.896134,0.442221],[0.319004,-0.430025,0.84458]],[[0.947023,0.109646,-0.30187],[-0.0500303,0.978809,0.198571],[0.317246,-0.172948,0.93244]],[[0.947023,0.109646,-0.30187],[-0.112772,0.993596,0.00711059],[0.300717,0.0273085,0.953322]]],"btipPosition":[9.85825,319.911,-69.4771],"carpPosition":[55.4839,252.101,59.5318],"dipPosition":[14.982,320.377,-53.2341],"direction":[-0.317246,0.172948,-0.93244],"extended":true,"handId":699,"id":6991,"length":58.6448,"mcpPosition":[36.296,297.784,5.42576],"pipPosition":[22.6287,316.208,-30.759],"stabilizedTipPosition":[-5.41081,297.533,46.1817],"timeVisible":16.6943,"tipPosition":[11.0979,320.985,-65.3722],"tipVelocity":[52.7064,75.7182,-269.606],"tool":false,"touchDistance":-0.652441,"touchZone":"touching","type":1,"width":19.2893},{"bases":[[[0.953312,-0.135939,-0.269659],[0.273545,0.767028,0.58038],[0.12794,-0.627048,0.768403]],[[0.955571,-0.147827,-0.255013],[-0.0189008,0.832641,-0.553491],[0.294155,0.53372,0.792853]],[[0.955571,-0.147827,-0.255013],[-0.288665,-0.294265,-0.911088],[0.0596416,0.944222,-0.323863]],[[0.955571,-0.147827,-0.255013],[-0.269858,-0.786782,-0.555113],[-0.118579,0.599267,-0.791719]]],"btipPosition":[44.6544,234.76,-10.6844],"carpPosition":[67.164,254.794,56.8665],"dipPosition":[42.4322,245.991,-25.5212],"direction":[-0.0596416,-0.944222,0.323863],"extended":false,"handId":699,"id":6992,"length":66.821,"mcpPosition":[58.2626,298.421,3.4049],"pipPosition":[44.1235,272.767,-34.7052],"stabilizedTipPosition":[24.755,196.469,60.5909],"timeVisible":16.6943,"tipPosition":[44.4718,236.988,-12.7809],"tipVelocity":[52.8875,124.333,-234.375],"tool":false,"touchDistance":0.333333,"touchZone":"none","type":2,"width":18.9446},{"bases":[[[0.938398,-0.284165,-0.196622],[0.344895,0.734976,0.58383],[-0.0213913,-0.615679,0.787707]],[[0.938465,-0.257949,-0.229665],[0.0921028,0.827807,-0.553401],[0.332868,0.498195,0.800626]],[[0.938465,-0.257949,-0.229665],[-0.296814,-0.262353,-0.91819],[0.176593,0.929856,-0.322772]],[[0.938465,-0.257949,-0.229665],[-0.344175,-0.753846,-0.559696],[-0.0287587,0.6043,-0.796237]]],"btipPosition":[61.0892,233.653,-7.6541],"carpPosition":[78.9268,254.339,53.4715],"dipPosition":[60.5533,244.913,-22.4898],"direction":[-0.176593,-0.929856,0.322772],"extended":false,"handId":699,"id":6993,"length":64.2502,"mcpPosition":[80.263,292.798,4.26611],"pipPosition":[65.4318,270.6,-31.4065],"stabilizedTipPosition":[44.2642,193.385,51.9007],"timeVisible":16.6943,"tipPosition":[61.2166,235.81,-9.47083],"tipVelocity":[51.5006,141.439,-261.203],"tool":false,"touchDistance":0.333333,"touchZone":"none","type":3,"width":18.027},{"bases":[[[0.859642,-0.47102,-0.197877],[0.483397,0.62453,0.613424],[-0.165355,-0.622979,0.764562]],[[0.813179,-0.579819,-0.050494],[0.463019,0.697049,-0.547482],[0.352637,0.421821,0.835293]],[[0.813179,-0.579819,-0.050494],[-0.216797,-0.221249,-0.950814],[0.540129,0.784129,-0.305618]],[[0.813179,-0.579819,-0.050494],[-0.490628,-0.636242,-0.595382],[0.313088,0.508926,-0.801854]]],"btipPosition":[70.9294,244.197,-6.14285],"carpPosition":[89.719,247.09,47.7772],"dipPosition":[76.3111,252.945,-19.926],"direction":[-0.540129,-0.784129,0.305618],"extended":false,"handId":699,"id":6994,"length":50.3709,"mcpPosition":[99.2806,283.114,3.56657],"pipPosition":[86.8461,268.24,-25.887],"stabilizedTipPosition":[53.8054,203.501,56.9696],"timeVisible":16.6943,"tipPosition":[72.2297,245.803,-8.0208],"tipVelocity":[58.1301,132.813,-240.63],"tool":false,"touchDistance":0.333333,"touchZone":"none","type":4,"width":16.013}],"r":[[0.97693,-0.0241726,0.212186],[0.0109222,0.997929,0.0633988],[-0.213279,-0.0596187,0.975171]],"s":0.959161,"t":[26.8974,-6.79899,-140.83],"timestamp":523734842967},false],[3,{"currentFrameRate":110.348,"devices":[],"gestures":[],"hands":[{"armBasis":[[0.929431,0.0776953,-0.360723],[0.100922,0.886782,0.451036],[0.354926,-0.455612,0.816361]],"armWidth":63.5437,"confidence":0.670156,"direction":[-0.0789451,0.728246,-0.680753],"elbow":[170.801,119.527,272.893],"grabStrength":0,"id":699,"palmNormal":[-0.134614,-0.684417,-0.716556],"palmPosition":[62.8969,278.736,14.4956],"palmVelocity":[47.842,152.959,-237.613],"palmWidth":90.7382,"pinchStrength":0.879849,"r":[[0.976536,-0.0207354,0.214352],[0.0087167,0.998344,0.0568638],[-0.215176,-0.0536612,0.9751]],"s":0.956726,"sphereCenter":[46.7509,263.287,-27.0509],"sphereRadius":44.6034,"stabilizedPalmPosition":[47.3161,235.985,88.5091],"t":[27.2917,-5.31928,-142.906],"timeVisible":16.7032,"type":"right","wrist":[75.2366,242.201,53.0856]}],"id":4279569,"interactionBox":{"center":[0,200,0],"size":[235.247,235.247,147.751]},"pointables":[{"bases":[[[0.502465,0.740154,0.44688],[-0.703923,0.0500966,0.708507],[0.502017,-0.670569,0.546183]],[[0.237245,0.956803,0.168057],[-0.828276,0.108833,0.549649],[0.507615,-0.269598,0.818317]],[[0.237245,0.956803,0.168057],[-0.960389,0.204975,0.188783],[0.146181,-0.206187,0.967532]],[[0.237245,0.956803,0.168057],[-0.6794,0.28707,-0.675283],[-0.694356,0.0460294,0.718158]]],"btipPosition":[31.9416,252.699,-38.3793],"carpPosition":[45.9753,233.342,52.0143],"dipPosition":[15.7362,253.773,-21.6184],"direction":[-0.146181,0.206187,-0.967532],"extended":false,"handId":699,"id":6990,"length":51.9721,"mcpPosition":[45.9753,233.342,52.0143],"pipPosition":[20.7065,246.763,11.2789],"stabilizedTipPosition":[7.18437,220.858,64.2619],"timeVisible":16.7032,"tipPosition":[27.8976,253.774,-33.5642],"tipVelocity":[85.0198,93.9435,-240.849],"tool":false,"touchDistance":-0.62766,"touchZone":"hovering","type":0,"width":20.194},{"bases":[[[0.960471,0.0877016,-0.264204],[0.0969785,0.784214,0.612866],[0.260942,-0.614262,0.744709]],[[0.947991,0.114782,-0.296881],[0.0269768,0.900387,0.434254],[0.317152,-0.419678,0.850462]],[[0.947991,0.114782,-0.296881],[-0.0588021,0.979816,0.191057],[0.312818,-0.163663,0.935606]],[[0.947991,0.114782,-0.296881],[-0.12006,0.992766,0.000455553],[0.294786,0.0352118,0.954914]]],"btipPosition":[10.4074,320.568,-72.3953],"carpPosition":[55.7023,254.177,57.4993],"dipPosition":[15.4301,321.168,-56.1252],"direction":[-0.312818,0.163663,-0.935606],"extended":true,"handId":699,"id":6991,"length":58.6448,"mcpPosition":[36.558,299.243,2.86297],"pipPosition":[22.9701,317.223,-33.5738],"stabilizedTipPosition":[-5.39654,297.552,46.0852],"timeVisible":16.7032,"tipPosition":[11.6413,321.621,-68.3134],"tipVelocity":[54.4797,76.1819,-285.456],"tool":false,"touchDistance":-0.659211,"touchZone":"touching","type":1,"width":19.2893},{"bases":[[[0.956195,-0.131077,-0.261744],[0.263667,0.774074,0.575577],[0.127165,-0.619377,0.774727]],[[0.958465,-0.142969,-0.24679],[-0.0204099,0.828689,-0.559337],[0.28448,0.541142,0.791351]],[[0.958465,-0.142969,-0.24679],[-0.279738,-0.302531,-0.911165],[0.0556068,0.942356,-0.329959]],[[0.958465,-0.142969,-0.24679],[-0.260162,-0.792859,-0.551081],[-0.116882,0.592397,-0.797122]]],"btipPosition":[45.4725,236.192,-12.7516],"carpPosition":[67.3806,256.934,54.8929],"dipPosition":[43.2821,247.293,-27.6897],"direction":[-0.0556068,-0.942356,0.329959],"extended":false,"handId":699,"id":6992,"length":66.821,"mcpPosition":[58.5331,300.027,0.99134],"pipPosition":[44.859,274.016,-37.0465],"stabilizedTipPosition":[24.8621,196.693,60.184],"timeVisible":16.7032,"tipPosition":[45.2851,238.402,-14.8895],"tipVelocity":[63.7682,133.437,-234.672],"tool":false,"touchDistance":0.333333,"touchZone":"none","type":2,"width":18.9446},{"bases":[[[0.941871,-0.278772,-0.187523],[0.335228,0.742593,0.579809],[-0.0223809,-0.608968,0.792879]],[[0.941976,-0.252798,-0.22085],[0.0898432,0.823779,-0.559747],[0.323434,0.507426,0.798692]],[[0.941976,-0.252798,-0.22085],[-0.288384,-0.27272,-0.917855],[0.171802,0.928287,-0.329798]],[[0.941976,-0.252798,-0.22085],[-0.334523,-0.761538,-0.555116],[-0.0278529,0.596785,-0.801917]]],"btipPosition":[61.9302,235.205,-9.47766],"carpPosition":[79.1702,256.538,51.5849],"dipPosition":[61.4112,246.325,-24.4192],"direction":[-0.171802,-0.928287,0.329798],"extended":false,"handId":699,"id":6993,"length":64.2502,"mcpPosition":[80.5683,294.578,2.05647],"pipPosition":[66.1573,271.969,-33.53],"stabilizedTipPosition":[44.3773,193.67,51.4831],"timeVisible":16.7032,"tipPosition":[62.0413,237.357,-11.3776],"tipVelocity":[63.3527,149.52,-246.802],"tool":false,"touchDistance":0.333333,"touchZone":"none","type":3,"width":18.027},{"bases":[[[0.864527,-0.46622,-0.187702],[0.47434,0.633456,0.61134],[-0.166118,-0.617554,0.768786]],[[0.816838,-0.57566,-0.0373004],[0.467026,0.697875,-0.543007],[0.338619,0.426129,0.838899]],[[0.816838,-0.57566,-0.0373004],[-0.202471,-0.225551,-0.95296],[0.540168,0.785966,-0.300793]],[[0.816838,-0.57566,-0.0373004],[-0.480033,-0.64244,-0.59736],[0.319913,0.505852,-0.801105]]],"btipPosition":[71.6873,245.981,-8.3682],"carpPosition":[90.0566,249.322,46.0302],"dipPosition":[77.1863,254.676,-22.1385],"direction":[-0.540168,-0.785966,0.300793],"extended":false,"handId":699,"id":6994,"length":50.3709,"mcpPosition":[99.6623,285.032,1.57537],"pipPosition":[87.7221,270.006,-28.0053],"stabilizedTipPosition":[53.9468,203.83,56.4638],"timeVisible":16.7032,"tipPosition":[72.9977,247.564,-10.222],"tipVelocity":[66.3477,150.914,-243.262],"tool":false,"touchDistance":0.333333,"touchZone":"none","type":4,"width":16.013}],"r":[[0.976536,-0.0207354,0.214352],[0.0087167,0.998344,0.0568638],[-0.215176,-0.0536612,0.9751]],"s":0.956726,"t":[27.2917,-5.31928,-142.906],"timestamp":523734851845},false],[4,{"currentFrameRate":110.344,"devices":[],"gestures":[],"hands":[{"armBasis":[[0.929431,0.0791129,-0.360416],[0.0993696,0.886999,0.450952],[0.355365,-0.454943,0.816543]],"armWidth":63.5437,"confidence":0.620321,"direction":[-0.0791187,0.722116,-0.687233],"elbow":[171.34,121.217,271.558],"grabStrength":0,"id":699,"palmNormal":[-0.131967,-0.690914,-0.71079],"palmPosition":[63.3173,279.884,12.7718],"palmVelocity":[47.4321,145.66,-224.481],"palmWidth":90.7382,"pinchStrength":0.896924,"r":[[0.976141,-0.0172164,0.216456],[0.00655233,0.998733,0.0498881],[-0.21704,-0.0472795,0.975017]],"s":0.954414,"sphereCenter":[47.0611,264.09,-28.6451],"sphereRadius":44.6041,"stabilizedPalmPosition":[47.4557,236.368,87.8487],"t":[27.699,-4.00568,-144.806],"timeVisible":16.7122,"type":"right","wrist":[75.6575,243.712,51.7019]}],"id":4279570,"interactionBox":{"center":[0,200,0],"size":[235.247,235.247,147.751]},"pointables":[{"bases":[[[0.500202,0.745015,0.441305],[-0.705315,0.0548993,0.706765],[0.502323,-0.664784,0.552932]],[[0.234859,0.958787,0.159902],[-0.830777,0.112594,0.545099],[0.504629,-0.260864,0.822982]],[[0.234859,0.958787,0.159902],[-0.961176,0.204558,0.185195],[0.144853,-0.197189,0.969605]],[[0.234859,0.958787,0.159902],[-0.677189,0.279404,-0.680697],[-0.69732,0.051584,0.714901]]],"btipPosition":[32.6449,253.272,-39.9653],"carpPosition":[46.4156,234.786,50.655],"dipPosition":[16.3703,254.476,-23.2803],"direction":[-0.144853,0.197189,-0.969605],"extended":false,"handId":699,"id":6990,"length":51.9721,"mcpPosition":[46.4156,234.786,50.655],"pipPosition":[21.2954,247.772,9.68743],"stabilizedTipPosition":[7.20604,220.891,64.1617],"timeVisible":16.7122,"tipPosition":[28.5517,254.359,-35.2094],"tipVelocity":[82.4715,86.3651,-223.156],"tool":false,"touchDistance":-0.617279,"touchZone":"hovering","type":0,"width":20.194},{"bases":[[[0.96078,0.0872786,-0.263218],[0.0943269,0.789726,0.606164],[0.260776,-0.607219,0.75052]],[[0.947784,0.115085,-0.297423],[0.0241684,0.904015,0.426816],[0.317995,-0.411718,0.85403]],[[0.947784,0.115085,-0.297423],[-0.0607065,0.980671,0.18601],[0.313081,-0.158242,0.936451]],[[0.947784,0.115085,-0.297423],[-0.121266,0.992617,-0.0023488],[0.294957,0.0382933,0.954743]]],"btipPosition":[10.7639,321.037,-74.5159],"carpPosition":[56.0918,255.687,55.9754],"dipPosition":[15.7894,321.689,-58.2487],"direction":[-0.313081,0.158242,-0.936451],"extended":true,"handId":699,"id":6991,"length":58.6448,"mcpPosition":[36.9598,300.236,0.912706],"pipPosition":[23.3358,317.875,-35.6769],"stabilizedTipPosition":[-5.38266,297.571,45.9915],"timeVisible":16.7122,"tipPosition":[12.0406,321.982,-70.484],"tipVelocity":[50.3074,69.7935,-271.216],"tool":false,"touchDistance":-0.653442,"touchZone":"touching","type":1,"width":19.2893},{"bases":[[[0.956926,-0.131478,-0.258854],[0.261103,0.779589,0.569268],[0.126954,-0.612335,0.780339]],[[0.959231,-0.143458,-0.243505],[-0.0174171,0.829951,-0.557564],[0.282084,0.539074,0.793617]],[[0.959231,-0.143458,-0.243505],[-0.27668,-0.300933,-0.912627],[0.0576446,0.942793,-0.328356]],[[0.959231,-0.143458,-0.243505],[-0.258363,-0.79435,-0.549779],[-0.114558,0.590278,-0.799029]]],"btipPosition":[45.8899,237.338,-14.7874],"carpPosition":[67.7695,258.444,53.3662],"dipPosition":[43.7431,248.4,-29.7612],"direction":[-0.0576446,-0.942793,0.328356],"extended":false,"handId":699,"id":6992,"length":66.821,"mcpPosition":[58.9367,301.047,-0.925849],"pipPosition":[45.3777,275.136,-39.0726],"stabilizedTipPosition":[24.9779,196.937,59.7418],"timeVisible":16.7122,"tipPosition":[45.7216,239.499,-16.8556],"tipVelocity":[59.1722,131.233,-232.113],"tool":false,"touchDistance":0.333333,"touchZone":"none","type":2,"width":18.9446},{"bases":[[[0.942755,-0.278547,-0.183372],[0.332717,0.748286,0.573905],[-0.0226448,-0.602062,0.798128]],[[0.94287,-0.252864,-0.216925],[0.089779,0.819867,-0.565472],[0.320837,0.513691,0.795729]],[[0.94287,-0.252864,-0.216925],[-0.28589,-0.279763,-0.916515],[0.171066,0.926171,-0.336072]],[[0.94287,-0.252864,-0.216925],[-0.332051,-0.766353,-0.54995],[-0.0271785,0.590561,-0.806535]]],"btipPosition":[62.4659,236.174,-10.916],"carpPosition":[79.5659,258.042,50.0832],"dipPosition":[61.9595,247.177,-25.9436],"direction":[-0.171066,-0.926171,0.336072],"extended":false,"handId":699,"id":6993,"length":64.2502,"mcpPosition":[80.9805,295.651,0.226814],"pipPosition":[66.6853,272.763,-35.2277],"stabilizedTipPosition":[44.5043,193.989,51.0175],"timeVisible":16.7122,"tipPosition":[62.5725,238.317,-12.8648],"tipVelocity":[62.2586,136.895,-223.035],"tool":false,"touchDistance":0.333333,"touchZone":"none","type":3,"width":18.027},{"bases":[[[0.865777,-0.466141,-0.182053],[0.471983,0.639703,0.60664],[-0.16632,-0.611141,0.77385]],[[0.817509,-0.575157,-0.029542],[0.468824,0.694411,-0.545891],[0.334488,0.432421,0.837335]],[[0.817509,-0.575157,-0.029542],[-0.198326,-0.232994,-0.95204],[0.540689,0.784161,-0.304544]],[[0.817509,-0.575157,-0.029542],[-0.477378,-0.64805,-0.593416],[0.322162,0.499226,-0.804354]]],"btipPosition":[72.2158,247.015,-9.89563],"carpPosition":[90.4765,250.799,44.6115],"dipPosition":[77.7535,255.596,-23.7218],"direction":[-0.540689,-0.784161,0.304544],"extended":false,"handId":699,"id":6994,"length":50.3709,"mcpPosition":[100.094,286.138,-0.136219],"pipPosition":[88.2994,270.891,-29.6618],"stabilizedTipPosition":[54.105,204.195,55.9009],"timeVisible":16.7122,"tipPosition":[73.5287,248.581,-11.7928],"tipVelocity":[64.3888,139.919,-222.977],"tool":false,"touchDistance":0.333333,"touchZone":"none","type":4,"width":16.013}],"r":[[0.976141,-0.0172164,0.216456],[0.00655233,0.998733,0.0498881],[-0.21704,-0.0472795,0.975017]],"s":0.954414,"t":[27.699,-4.00568,-144.806],"timestamp":523734860913},false],[5,{"currentFrameRate":110.398,"devices":[],"gestures":[],"hands":[{"armBasis":[[0.935728,0.0729885,-0.345089],[0.0977644,0.886356,0.452564],[0.338903,-0.457214,0.822253]],"armWidth":63.5437,"confidence":0.622807,"direction":[-0.0782434,0.715524,-0.694193],"elbow":[167.09,122.239,271.809],"grabStrength":0,"id":699,"palmNormal":[-0.128645,-0.697752,-0.704693],"palmPosition":[63.5569,281.13,11.1113],"palmVelocity":[41.7668,143.853,-213.746],"palmWidth":90.7382,"pinchStrength":0.898347,"r":[[0.975688,-0.0136517,0.218738],[0.00446516,0.999089,0.0424373],[-0.219118,-0.0404288,0.97486]],"s":0.952857,"sphereCenter":[47.2011,264.996,-30.1361],"sphereRadius":44.6137,"stabilizedPalmPosition":[47.6016,236.773,87.1531],"t":[28.0225,-2.72562,-146.586],"timeVisible":16.7212,"type":"right","wrist":[75.8396,245.345,50.415]}],"id":4279571,"interactionBox":{"center":[0,200,0],"size":[235.247,235.247,147.751]},"pointables":[{"bases":[[[0.497606,0.749962,0.435828],[-0.707551,0.0602985,0.704085],[0.501757,-0.658727,0.560641]],[[0.232895,0.960585,0.151776],[-0.833724,0.116867,0.539672],[0.500664,-0.252226,0.828081]],[[0.232895,0.960585,0.151776],[-0.962073,0.204779,0.180224],[0.14204,-0.187992,0.971845]],[[0.232895,0.960585,0.151776],[-0.674919,0.272013,-0.685925],[-0.700175,0.057312,0.711668]]],"btipPosition":[33.2049,253.97,-41.5116],"carpPosition":[46.616,236.36,49.3633],"dipPosition":[16.8637,255.307,-24.9021],"direction":[-0.14204,0.187992,-0.971845],"extended":false,"handId":699,"id":6990,"length":51.9721,"mcpPosition":[46.616,236.36,49.3633],"pipPosition":[21.6932,248.915,8.14188],"stabilizedTipPosition":[7.23082,220.928,64.0482],"timeVisible":16.7212,"tipPosition":[29.0683,255.054,-36.8092],"tipVelocity":[76.5326,84.9595,-209.823],"tool":false,"touchDistance":-0.607338,"touchZone":"hovering","type":0,"width":20.194},{"bases":[[[0.961428,0.0864557,-0.261118],[0.0911575,0.795518,0.599034],[0.259514,-0.59973,0.756952]],[[0.947906,0.115059,-0.297046],[0.0211249,0.907732,0.419018],[0.31785,-0.403464,0.858014]],[[0.947906,0.115059,-0.297046],[-0.0623233,0.981454,0.181282],[0.312395,-0.153325,0.937497]],[[0.947906,0.115059,-0.297046],[-0.121836,0.992541,-0.00433549],[0.294331,0.0403005,0.954853]]],"btipPosition":[11.0388,321.62,-76.6437],"carpPosition":[56.2409,257.326,54.5172],"dipPosition":[16.0538,322.307,-60.3746],"direction":[-0.312395,0.153325,-0.937497],"extended":true,"handId":699,"id":6991,"length":58.6448,"mcpPosition":[37.2014,301.326,-1.01734],"pipPosition":[23.5836,318.611,-37.7777],"stabilizedTipPosition":[-5.36971,297.589,45.904],"timeVisible":16.7212,"tipPosition":[12.3578,322.436,-72.6624],"tipVelocity":[44.8605,68.7431,-261.942],"tool":false,"touchDistance":-0.648342,"touchZone":"touching","type":1,"width":19.2893},{"bases":[[[0.957928,-0.132257,-0.254719],[0.258061,0.785322,0.562738],[0.125611,-0.604796,0.786412]],[[0.960235,-0.144247,-0.239044],[-0.0167651,0.824859,-0.56509],[0.27869,0.546627,0.78964]],[[0.960235,-0.144247,-0.239044],[-0.273246,-0.30975,-0.910709],[0.0573228,0.939813,-0.336848]],[[0.960235,-0.144247,-0.239044],[-0.255359,-0.79991,-0.54308],[-0.112876,0.582526,-0.804936]]],"btipPosition":[46.2763,238.315,-16.1158],"carpPosition":[67.9217,260.079,51.9176],"dipPosition":[44.161,249.232,-31.2003],"direction":[-0.0573228,-0.939813,0.336848],"extended":false,"handId":699,"id":6992,"length":66.821,"mcpPosition":[59.1824,302.157,-2.79696],"pipPosition":[45.7866,275.883,-40.7526],"stabilizedTipPosition":[25.1,197.194,59.2764],"timeVisible":16.7212,"tipPosition":[46.1035,240.463,-18.2474],"tipVelocity":[54.9982,124.121,-209.927],"tool":false,"touchDistance":0.333333,"touchZone":"none","type":2,"width":18.9446},{"bases":[[[0.943774,-0.278638,-0.177908],[0.329714,0.754186,0.567884],[-0.0240582,-0.594613,0.803652]],[[0.943949,-0.253322,-0.21163],[0.0911032,0.816162,-0.570596],[0.317269,0.519333,0.793494]],[[0.943949,-0.253322,-0.21163],[-0.282184,-0.286639,-0.915538],[0.171265,0.92394,-0.342056]],[[0.943949,-0.253322,-0.21163],[-0.329122,-0.771353,-0.544695],[-0.0252583,0.583817,-0.811493]]],"btipPosition":[62.8347,237.268,-12.3128],"carpPosition":[79.7288,259.666,48.6742],"dipPosition":[62.3641,248.146,-27.4327],"direction":[-0.171265,-0.92394,0.342056],"extended":false,"handId":699,"id":6993,"length":64.2502,"mcpPosition":[81.2316,296.81,-1.52725],"pipPosition":[67.0954,273.67,-36.8821],"stabilizedTipPosition":[44.6418,194.334,50.5134],"timeVisible":16.7212,"tipPosition":[62.939,239.392,-14.3113],"tipVelocity":[56.7323,131.967,-205.291],"tool":false,"touchDistance":0.333333,"touchZone":"none","type":3,"width":18.027},{"bases":[[[0.867108,-0.466342,-0.175067],[0.469062,0.646151,0.602054],[-0.167644,-0.604163,0.779026]],[[0.818142,-0.574644,-0.020684],[0.471095,0.690474,-0.548921],[0.329716,0.439352,0.835618]],[[0.818142,-0.574644,-0.020684],[-0.193298,-0.240971,-0.951088],[0.541553,0.782124,-0.308226]],[[0.818142,-0.574644,-0.020684],[-0.474128,-0.653809,-0.589691],[0.325339,0.492258,-0.807364]]],"btipPosition":[72.5807,248.118,-11.3188],"carpPosition":[90.668,252.391,43.3035],"dipPosition":[78.173,256.58,-25.1967],"direction":[-0.541553,-0.782124,0.308226],"extended":false,"handId":699,"id":6994,"length":50.3709,"mcpPosition":[100.362,287.327,-1.74352],"pipPosition":[88.7358,271.835,-31.2085],"stabilizedTipPosition":[54.2749,204.59,55.2955],"timeVisible":16.7212,"tipPosition":[73.8995,249.669,-13.2493],"tipVelocity":[58.2916,134.477,-205.77],"tool":false,"touchDistance":0.333333,"touchZone":"none","type":4,"width":16.013}],"r":[[0.975688,-0.0136517,0.218738],[0.00446516,0.999089,0.0424373],[-0.219118,-0.0404288,0.97486]],"s":0.952857,"t":[28.0225,-2.72562,-146.586],"timestamp":523734869877},false],[6,{"currentFrameRate":110.293,"devices":[],"gestures":[],"hands":[{"armBasis":[[0.935464,0.0743334,-0.345517],[0.0973029,0.885681,0.453983],[0.339764,-0.458305,0.82129]],"armWidth":63.5437,"confidence":0.627473,"direction":[-0.0782821,0.710925,-0.698897],"elbow":[167.603,123.146,270.459],"grabStrength":0,"id":699,"palmNormal":[-0.12721,-0.702441,-0.700282],"palmPosition":[63.8405,282.063,9.7774],"palmVelocity":[38.6411,131.744,-194.184],"palmWidth":90.7382,"pinchStrength":0.903472,"r":[[0.975275,-0.0103001,0.220755],[0.00259252,0.999378,0.0351758],[-0.22098,-0.0337337,0.974695]],"s":0.952017,"sphereCenter":[47.29,265.71,-31.3344],"sphereRadius":44.643,"stabilizedPalmPosition":[47.7599,237.215,86.3989],"t":[28.326,-1.61936,-148.143],"timeVisible":16.7304,"type":"right","wrist":[76.1204,246.546,49.3248]}],"id":4279572,"interactionBox":{"center":[0,200,0],"size":[235.247,235.247,147.751]},"pointables":[{"bases":[[[0.496388,0.75329,0.431455],[-0.708325,0.0641256,0.702968],[0.501872,-0.654555,0.565405]],[[0.232287,0.961575,0.146341],[-0.835385,0.120174,0.536367],[0.498171,-0.246842,0.831201]],[[0.232287,0.961575,0.146341],[-0.961989,0.204914,0.180519],[0.143596,-0.18271,0.972624]],[[0.232287,0.961575,0.146341],[-0.678525,0.267999,-0.683945],[-0.696883,0.0595755,0.714706]]],"btipPosition":[33.4906,254.633,-42.8256],"carpPosition":[46.9072,237.523,48.302],"dipPosition":[17.2261,256.023,-26.1452],"direction":[-0.143596,0.18271,-0.972624],"extended":false,"handId":699,"id":6990,"length":51.9721,"mcpPosition":[46.9072,237.523,48.302],"pipPosition":[22.1086,249.811,6.92524],"stabilizedTipPosition":[7.25942,220.972,63.9173],"timeVisible":16.7304,"tipPosition":[29.4114,255.657,-38.1175],"tipVelocity":[64.2328,81.6001,-190.265],"tool":false,"touchDistance":-0.594404,"touchZone":"hovering","type":0,"width":20.194},{"bases":[[[0.961601,0.0857623,-0.260707],[0.0897281,0.79948,0.593953],[0.259369,-0.594539,0.761086]],[[0.947507,0.115234,-0.298247],[0.0197165,0.909964,0.414219],[0.319126,-0.398356,0.859925]],[[0.947507,0.115234,-0.298247],[-0.0625892,0.981597,0.180418],[0.313549,-0.15228,0.937282]],[[0.947507,0.115234,-0.298247],[-0.121342,0.992609,-0.00198089],[0.295815,0.0380669,0.954487]]],"btipPosition":[11.2061,322.24,-78.2052],"carpPosition":[56.5052,258.533,53.3294],"dipPosition":[16.2462,322.889,-61.9424],"direction":[-0.313549,0.15228,-0.937282],"extended":true,"handId":699,"id":6991,"length":58.6448,"mcpPosition":[37.4763,302.151,-2.50838],"pipPosition":[23.8039,319.218,-39.3506],"stabilizedTipPosition":[-5.35685,297.607,45.8166],"timeVisible":16.7304,"tipPosition":[12.572,322.891,-74.2756],"tipVelocity":[37.5065,67.9875,-235.791],"tool":false,"touchDistance":-0.635285,"touchZone":"touching","type":1,"width":19.2893},{"bases":[[[0.958322,-0.132907,-0.252894],[0.256679,0.789223,0.557892],[0.125442,-0.599553,0.790444]],[[0.960727,-0.14537,-0.23637],[-0.0145952,0.824151,-0.566183],[0.277111,0.547397,0.789662]],[[0.960727,-0.14537,-0.23637],[-0.271053,-0.309142,-0.911571],[0.0594431,0.93984,-0.336404]],[[0.960727,-0.14537,-0.23637],[-0.254691,-0.800089,-0.54313],[-0.110162,0.582001,-0.805691]]],"btipPosition":[46.5172,239.124,-17.5897],"carpPosition":[68.1859,261.281,50.7238],"dipPosition":[44.4527,250.031,-32.6883],"direction":[-0.0594431,-0.93984,0.336404],"extended":false,"handId":699,"id":6992,"length":66.821,"mcpPosition":[59.4583,302.995,-4.27129],"pipPosition":[46.1384,276.683,-42.228],"stabilizedTipPosition":[25.2297,197.469,58.779],"timeVisible":16.7304,"tipPosition":[46.3668,241.282,-19.7019],"tipVelocity":[47.2092,113.749,-195.789],"tool":false,"touchDistance":0.333333,"touchZone":"none","type":2,"width":18.9446},{"bases":[[[0.944242,-0.278802,-0.175149],[0.328359,0.758196,0.563312],[-0.0242552,-0.589414,0.807467]],[[0.944425,-0.253712,-0.209026],[0.0908441,0.812536,-0.575788],[0.315926,0.5248,0.790428]],[[0.944425,-0.253712,-0.209026],[-0.280962,-0.292897,-0.913932],[0.170652,0.921869,-0.347903]],[[0.944425,-0.253712,-0.209026],[-0.327772,-0.77524,-0.53997],[-0.0250487,0.578474,-0.815316]]],"btipPosition":[63.1877,238.05,-13.3609],"carpPosition":[79.9966,260.86,47.495],"dipPosition":[62.721,248.828,-28.5521],"direction":[-0.170652,-0.921869,0.347903],"extended":false,"handId":699,"id":6993,"length":64.2502,"mcpPosition":[81.5117,297.678,-2.94478],"pipPosition":[67.4353,274.295,-38.163],"stabilizedTipPosition":[44.7958,194.72,49.9508],"timeVisible":16.7304,"tipPosition":[63.2904,240.163,-15.3819],"tipVelocity":[51.5353,117.926,-179.924],"tool":false,"touchDistance":0.333333,"touchZone":"none","type":3,"width":18.027},{"bases":[[[0.867767,-0.466564,-0.171168],[0.467784,0.65053,0.598322],[-0.167806,-0.599274,0.782759]],[[0.818349,-0.574521,-0.0151554],[0.472811,0.687996,-0.550555],[0.326732,0.443381,0.834661]],[[0.818349,-0.574521,-0.0151554],[-0.190169,-0.245804,-0.950482],[0.542347,0.780709,-0.310409]],[[0.818349,-0.574521,-0.0151554],[-0.472435,-0.657454,-0.586991],[0.327275,0.487524,-0.809451]]],"btipPosition":[72.9272,248.972,-12.5434],"carpPosition":[90.9488,253.561,42.1825],"dipPosition":[78.5528,257.353,-26.4572],"direction":[-0.542347,-0.780709,0.310409],"extended":false,"handId":699,"id":6994,"length":50.3709,"mcpPosition":[100.652,288.214,-3.08033],"pipPosition":[89.1311,272.58,-32.5116],"stabilizedTipPosition":[54.4626,205.025,54.627],"timeVisible":16.7304,"tipPosition":[74.2477,250.511,-14.5023],"tipVelocity":[52.6671,122.059,-185.381],"tool":false,"touchDistance":0.333333,"touchZone":"none","type":4,"width":16.013}],"r":[[0.975275,-0.0103001,0.220755],[0.00259252,0.999378,0.0351758],[-0.22098,-0.0337337,0.974695]],"s":0.952017,"t":[28.326,-1.61936,-148.143],"timestamp":523734879130},false],[7,{"currentFrameRate":110.431,"device