{"sensorType":"Leap","data":[[0,{"currentFrameRate":107.78,"devices":[],"gestures":[],"hands":[{"armBasis":[[0.933943,0.0290663,-0.356238],[0.149155,0.87406,0.462355],[0.324812,-0.484948,0.811987]],"armWidth":63.5437,"confidence":0.756726,"direction":[0.00969694,0.756289,-0.654166],"elbow":[154.149,104.508,278.619],"grabStrength":0,"id":699,"palmNormal":[-0.156134,-0.645028,-0.748038],"palmPosition":[59.0343,273.861,22.3897],"palmVelocity":[-20.4849,94.4355,-182.415],"palmWidth":90.7382,"pinchStrength":0.87336,"r":[[0.961652,-0.103664,0.253928],[0.0867411,0.993252,0.0769887],[-0.260196,-0.0520103,0.964154]],"s":0.981692,"sphereCenter":[41.1558,262.706,-19.586],"sphereRadius":44.9976,"stabilizedPalmPosition":[64.5888,239.879,50.0402],"t":[23.9753,-9.39826,-135.744],"timeVisible":28.887,"type":"right","wrist":[66.6928,235.081,59.9894]}],"id":4280889,"interactionBox":{"center":[0,200,0],"size":[235.247,235.247,147.751]},"pointables":[{"bases":[[[0.538986,0.680488,0.496417],[-0.728844,0.0813505,0.679829],[0.422232,-0.728229,0.539817]],[[0.285874,0.938384,0.194196],[-0.83365,0.143604,0.533296],[0.472549,-0.314347,0.823337]],[[0.285874,0.938384,0.194196],[-0.955597,0.264044,0.130828],[0.0714904,-0.222973,0.9722]],[[0.285874,0.938384,0.194196],[-0.671454,0.340739,-0.658063],[-0.683685,0.0577298,0.72749]]],"btipPosition":[26.9014,250.546,-33.6755],"carpPosition":[36.899,228.664,57.3445],"dipPosition":[10.9449,251.893,-16.6968],"direction":[-0.0714904,0.222973,-0.9722],"extended":false,"handId":699,"id":6990,"length":51.9721,"mcpPosition":[36.899,228.664,57.3445],"pipPosition":[13.3757,244.312,16.3592],"stabilizedTipPosition":[32.8847,223.168,9.56345],"timeVisible":28.887,"tipPosition":[23.1166,251.546,-29.1694],"tipVelocity":[0.271049,62.5335,-187.402],"tool":false,"touchDistance":-0.509481,"touchZone":"hovering","type":0,"width":20.194},{"bases":[[[0.975295,0.0191437,-0.220076],[0.131225,0.751212,0.646886],[0.177708,-0.659784,0.730141]],[[0.962496,0.0597501,-0.264635],[0.0758766,0.877232,0.474033],[0.26047,-0.476334,0.839798]],[[0.962496,0.0597501,-0.264635],[0.0172043,0.96004,0.279334],[0.27075,-0.273411,0.923006]],[[0.962496,0.0597501,-0.264635],[-0.0271162,0.991749,0.125296],[0.269938,-0.113421,0.956174]]],"btipPosition":[12.6685,325.768,-64.036],"carpPosition":[47.9909,248.432,64.0507],"dipPosition":[17.2678,323.835,-47.7444],"direction":[-0.27075,0.273411,-0.923006],"extended":true,"handId":699,"id":6991,"length":58.6448,"mcpPosition":[34.9532,296.837,10.4832],"pipPosition":[23.7938,317.245,-25.4967],"stabilizedTipPosition":[25.6096,297.859,-20.4063],"timeVisible":28.887,"tipPosition":[13.4135,325.501,-60.1275],"tipVelocity":[-17.1229,56.9943,-207.909],"tool":false,"touchDistance":-0.532701,"touchZone":"hovering","type":1,"width":19.2893},{"bases":[[[0.953581,-0.198517,-0.22644],[0.298091,0.728966,0.616239],[0.042733,-0.655134,0.754304]],[[0.954438,-0.218297,-0.203457],[0.0874635,0.856504,-0.508676],[0.285304,0.467705,0.836573]],[[0.954438,-0.218297,-0.203457],[-0.261501,-0.283396,-0.922661],[0.143755,0.933827,-0.327569]],[[0.954438,-0.218297,-0.203457],[-0.294872,-0.794593,-0.530729],[-0.0458088,0.566541,-0.822759]]],"btipPosition":[40.0514,236.328,-5.93793],"carpPosition":[59.9563,250.327,62.0466],"dipPosition":[39.1929,246.945,-21.3564],"direction":[-0.143755,-0.933827,0.327569],"extended":false,"handId":699,"id":6992,"length":66.821,"mcpPosition":[56.9832,295.908,9.566],"pipPosition":[43.2695,273.427,-30.6455],"stabilizedTipPosition":[43.325,202.386,5.76535],"timeVisible":28.887,"tipPosition":[40.0961,238.414,-8.29485],"tipVelocity":[-8.09237,85.7161,-188.314],"tool":false,"touchDistance":0.333333,"touchZone":"none","type":2,"width":18.9446},{"bases":[[[0.924273,-0.347146,-0.158776],[0.366668,0.691664,0.622218],[-0.10618,-0.633317,0.766574]],[[0.928304,-0.316347,-0.195387],[0.177396,0.838637,-0.514994],[0.326776,0.44341,0.834629]],[[0.928304,-0.316347,-0.195387],[-0.284005,-0.264102,-0.921733],[0.239986,0.911139,-0.335011]],[[0.928304,-0.316347,-0.195387],[-0.371376,-0.763117,-0.528897],[0.0182118,0.563539,-0.825889]]],"btipPosition":[56.918,233.231,-1.20769],"carpPosition":[71.8141,249.097,59.2223],"dipPosition":[57.2573,243.731,-16.5959],"direction":[-0.239986,-0.911139,0.335011],"extended":false,"handId":699,"id":6993,"length":64.2502,"mcpPosition":[78.4468,288.658,11.337],"pipPosition":[63.887,268.902,-25.8507],"stabilizedTipPosition":[58.8659,197.322,3.67943],"timeVisible":28.887,"tipPosition":[57.1283,235.282,-3.48684],"tipVelocity":[-6.3604,93.5756,-186.596],"tool":false,"touchDistance":0.333333,"touchZone":"none","type":3,"width":18.027},{"bases":[[[0.832397,-0.527591,-0.169598],[0.495132,0.570563,0.655212],[-0.248918,-0.62937,0.736162]],[[0.765988,-0.642565,-0.0192938],[0.550805,0.671486,-0.495702],[0.331476,0.369075,0.868278]],[[0.765988,-0.642565,-0.0192938],[-0.213515,-0.225988,-0.950442],[0.606361,0.732147,-0.310301]],[[0.765988,-0.642565,-0.0192938],[-0.538875,-0.625438,-0.564306],[0.350536,0.442648,-0.825341]]],"btipPosition":[67.1856,242.719,0.901851],"carpPosition":[82.3325,241.229,53.8477],"dipPosition":[73.211,250.327,-13.285],"direction":[-0.606361,-0.732147,0.310301],"extended":false,"handId":699,"id":6994,"length":50.3709,"mcpPosition":[96.7261,277.622,11.2793],"pipPosition":[85.0378,264.608,-19.3373],"stabilizedTipPosition":[70.7612,207.444,14.4523],"timeVisible":28.887,"tipPosition":[68.4937,244.15,-1.29018],"tipVelocity":[-5.83428,95.4181,-185.54],"tool":false,"touchDistance":0.333333,"touchZone":"none","type":4,"width":16.013}],"r":[[0.961652,-0.103664,0.253928],[0.0867411,0.993252,0.0769887],[-0.260196,-0.0520103,0.964154]],"s":0.981692,"t":[23.9753,-9.39826,-135.744],"timestamp":523747035683},false],[1,{"currentFrameRate":107.917,"devices":[],"gestures":[],"hands":[{"armBasis":[[0.936125,0.031686,-0.350237],[0.14389,0.874237,0.463687],[0.320882,-0.484465,0.813836]],"armWidth":63.5437,"confidence":0.649049,"direction":[0.00619136,0.752579,-0.658472],"elbow":[152.791,106.019,276.873],"grabStrength":0,"id":699,"palmNormal":[-0.151482,-0.65018,-0.744526],"palmPosition":[58.5597,274.981,19.9145],"palmVelocity":[-29.3248,102.638,-207.735],"palmWidth":90.7382,"pinchStrength":0.872069,"r":[[0.961588,-0.100124,0.255583],[0.0839028,0.99375,0.073629],[-0.261358,-0.0493566,0.963979]],"s":0.980968,"sphereCenter":[40.8204,263.478,-22.0334],"sphereRadius":44.997,"stabilizedPalmPosition":[64.5681,240,49.937],"t":[23.662,-8.49625,-137.653],"timeVisible":28.896,"type":"right","wrist":[66.3927,236.462,57.745]}],"id":4280890,"interactionBox":{"center":[0,200,0],"size":[235.247,235.247,147.751]},"pointables":[{"bases":[[[0.534444,0.686399,0.493181],[-0.730162,0.0810498,0.678449],[0.425715,-0.722695,0.544499]],[[0.28033,0.941058,0.189275],[-0.835565,0.142169,0.530679],[0.47249,-0.306917,0.826169]],[[0.28033,0.941058,0.189275],[-0.957247,0.259406,0.12801],[0.0713662,-0.217068,0.973544]],[[0.28033,0.941058,0.189275],[-0.675031,0.333454,-0.658135],[-0.682458,0.0567281,0.728721]]],"btipPosition":[26.6204,251.193,-36.1354],"carpPosition":[36.6395,229.858,55.1],"dipPosition":[10.6927,252.517,-19.128],"direction":[-0.0713662,0.217068,-0.973544],"extended":false,"handId":699,"id":6990,"length":51.9721,"mcpPosition":[36.6395,229.858,55.1],"pipPosition":[13.1192,245.136,13.9738],"stabilizedTipPosition":[32.8815,223.177,9.54985],"timeVisible":28.896,"tipPosition":[22.8407,252.155,-31.6225],"tipVelocity":[-8.17059,64.9195,-210.683],"tool":false,"touchDistance":-0.523665,"touchZone":"hovering","type":0,"width":20.194},{"bases":[[[0.975448,0.0234847,-0.218974],[0.126093,0.755639,0.642737],[0.18056,-0.654567,0.734125]],[[0.96254,0.0635786,-0.263579],[0.0704494,0.880087,0.469556],[0.261826,-0.470536,0.84264]],[[0.96254,0.0635786,-0.263579],[0.0116581,0.961515,0.274503],[0.270888,-0.267293,0.924756]],[[0.96254,0.0635786,-0.263579],[-0.0325865,0.992199,0.120332],[0.269173,-0.107235,0.957103]]],"btipPosition":[12.0293,326.18,-66.8521],"carpPosition":[47.6094,249.728,61.7067],"dipPosition":[16.6156,324.353,-50.5447],"direction":[-0.270888,0.267293,-0.924756],"extended":true,"handId":699,"id":6991,"length":58.6448,"mcpPosition":[34.3625,297.751,7.84684],"pipPosition":[23.1449,317.91,-28.2548],"stabilizedTipPosition":[25.606,297.867,-20.4187],"timeVisible":28.896,"tipPosition":[12.7725,325.911,-62.9512],"tipVelocity":[-31.9994,54.6296,-236.504],"tool":false,"touchDistance":-0.549951,"touchZone":"hovering","type":1,"width":19.2893},{"bases":[[[0.95499,-0.19433,-0.224119],[0.293122,0.734177,0.612425],[0.0455303,-0.650554,0.758094]],[[0.955934,-0.214054,-0.200926],[0.0833499,0.854111,-0.513368],[0.281501,0.473999,0.834315]],[[0.955934,-0.214054,-0.200926],[-0.258648,-0.290264,-0.921329],[0.138893,0.932699,-0.332838]],[[0.955934,-0.214054,-0.200926],[-0.289637,-0.799435,-0.526321],[-0.0479659,0.561324,-0.826205]]],"btipPosition":[39.8278,237.19,-8.21918],"carpPosition":[59.5663,251.68,59.7066],"dipPosition":[38.9289,247.71,-23.7023],"direction":[-0.138893,-0.932699,0.332837],"extended":false,"handId":699,"id":6992,"length":66.821,"mcpPosition":[56.3985,296.942,6.96228],"pipPosition":[42.8676,274.159,-33.1408],"stabilizedTipPosition":[43.3171,202.465,5.72786],"timeVisible":28.896,"tipPosition":[39.8604,239.263,-10.6064],"tipVelocity":[-12.9689,87.7444,-206.549],"tool":false,"touchDistance":0.333333,"touchZone":"none","type":2,"width":18.9446},{"bases":[[[0.926449,-0.342735,-0.155642],[0.361905,0.697304,0.618702],[-0.103521,-0.629523,0.770054]],[[0.930348,-0.312155,-0.192387],[0.173831,0.837435,-0.518157],[0.322857,0.448623,0.833367]],[[0.930348,-0.312155,-0.192387],[-0.281004,-0.269891,-0.920975],[0.235564,0.910889,-0.338809]],[[0.930348,-0.312155,-0.192387],[-0.36632,-0.768036,-0.525291],[0.0162121,0.559179,-0.828889]]],"btipPosition":[56.7063,234.256,-3.52633],"carpPosition":[71.4345,250.503,56.904],"dipPosition":[57.0084,244.674,-18.9704],"direction":[-0.235564,-0.910889,0.338809],"extended":false,"handId":699,"id":6993,"length":64.2502,"mcpPosition":[77.9011,289.827,8.80133],"pipPosition":[63.5159,269.838,-28.3301],"stabilizedTipPosition":[58.8603,197.426,3.65084],"timeVisible":28.896,"tipPosition":[56.9027,236.292,-5.84282],"tipVelocity":[-11.3281,98.5071,-206.383],"tool":false,"touchDistance":0.333333,"touchZone":"none","type":3,"width":18.027},{"bases":[[[0.835623,-0.523764,-0.165544],[0.491019,0.577133,0.652548],[-0.24624,-0.626569,0.739444]],[[0.769257,-0.638789,-0.0138738],[0.549418,0.672405,-0.495994],[0.326165,0.373925,0.868215]],[[0.769257,-0.638789,-0.0138738],[-0.208776,-0.230776,-0.950345],[0.603868,0.733956,-0.31089]],[[0.769257,-0.638789,-0.0138738],[-0.534066,-0.630922,-0.56277],[0.350738,0.440324,-0.826497]]],"btipPosition":[66.9353,243.826,-1.51441],"carpPosition":[82.0047,242.664,51.5876],"dipPosition":[72.9642,251.395,-15.7211],"direction":[-0.603868,-0.733956,0.31089],"extended":false,"handId":699,"id":6994,"length":50.3709,"mcpPosition":[96.2435,278.895,8.82947],"pipPosition":[84.7425,265.71,-21.7849],"stabilizedTipPosition":[70.7543,207.551,14.3981],"timeVisible":28.896,"tipPosition":[68.2408,245.247,-3.71854],"tipVelocity":[-11.8369,102.656,-208.342],"tool":false,"touchDistance":0.333333,"touchZone":"none","type":4,"width":16.013}],"r":[[0.961588,-0.100124,0.255583],[0.0839028,0.99375,0.073629],[-0.261358,-0.0493566,0.963979]],"s":0.980968,"t":[23.662,-8.49625,-137.653],"timestamp":523747044701},false],[2,{"currentFrameRate":107.966,"devices":[],"gestures":[],"hands":[{"armBasis":[[0.934924,0.0330766,-0.353303],[0.142241,0.877222,0.458529],[0.325092,-0.478944,0.815431]],"armWidth":63.5437,"confidence":0.68138,"direction":[0.00519348,0.748966,-0.662589],"elbow":[153.739,108.652,275.583],"grabStrength":0,"id":699,"palmNormal":[-0.15012,-0.654505,-0.741005],"palmPosition":[58.3242,275.907,17.982],"palmVelocity":[-28.307,102.156,-208.553],"palmWidth":90.7382,"pinchStrength":0.871649,"r":[[0.961542,-0.0966877,0.257078],[0.0812997,0.994239,0.0698526],[-0.262351,-0.0462658,0.963863]],"s":0.980428,"sphereCenter":[40.6279,264.15,-23.9217],"sphereRadius":44.9987,"stabilizedPalmPosition":[64.5477,240.117,49.8325],"t":[23.3876,-7.58243,-139.574],"timeVisible":28.9052,"type":"right","wrist":[66.2066,237.609,56.0262]}],"id":4280891,"interactionBox":{"center":[0,200,0],"size":[235.247,235.247,147.751]},"pointables":[{"bases":[[[0.533116,0.68998,0.489606],[-0.730554,0.083557,0.677723],[0.426706,-0.718989,0.548613]],[[0.278877,0.942453,0.18442],[-0.836329,0.143961,0.528988],[0.471997,-0.301759,0.828348]],[[0.278877,0.942453,0.18442],[-0.957661,0.258626,0.126486],[0.0715116,-0.211886,0.974674]],[[0.278877,0.942453,0.18442],[-0.677331,0.32917,-0.657928],[-0.680772,0.0585671,0.730151]]],"btipPosition":[26.4267,251.8,-38.0093],"carpPosition":[36.4655,230.941,53.4064],"dipPosition":[10.5383,253.167,-20.9685],"direction":[-0.0715116,0.211886,-0.974674],"extended":false,"handId":699,"id":6990,"length":51.9721,"mcpPosition":[36.4655,230.941,53.4064],"pipPosition":[12.9697,245.963,12.1717],"stabilizedTipPosition":[32.8786,223.185,9.5372],"timeVisible":28.9052,"tipPosition":[22.6616,252.737,-33.4939],"tipVelocity":[-11.5095,65.5718,-208.663],"tool":false,"touchDistance":-0.527625,"touchZone":"hovering","type":0,"width":20.194},{"bases":[[[0.975491,0.0239034,-0.218737],[0.124594,0.759361,0.638629],[0.181366,-0.65023,0.737772]],[[0.962626,0.0634826,-0.263289],[0.0691532,0.882305,0.465571],[0.261857,-0.466378,0.844939]],[[0.962626,0.0634826,-0.263289],[0.0105294,0.962634,0.270601],[0.27063,-0.26326,0.925988]],[[0.962626,0.0634826,-0.263289],[-0.033566,0.99261,0.116609],[0.268746,-0.103414,0.957644]]],"btipPosition":[11.7728,326.658,-69.0557],"carpPosition":[47.3999,250.865,59.9081],"dipPosition":[16.3518,324.896,-52.739],"direction":[-0.270629,0.26326,-0.925988],"extended":true,"handId":699,"id":6991,"length":58.6448,"mcpPosition":[34.0938,298.57,5.7807],"pipPosition":[22.8749,318.551,-30.4195],"stabilizedTipPosition":[25.6029,297.874,-20.4297],"timeVisible":28.9052,"tipPosition":[12.5176,326.36,-65.1697],"tipVelocity":[-30.924,54.3942,-237.476],"tool":false,"touchDistance":-0.556311,"touchZone":"hovering","type":1,"width":19.2893},{"bases":[[[0.955397,-0.19397,-0.222695],[0.291671,0.73801,0.608497],[0.046321,-0.64631,0.761668]],[[0.956369,-0.213751,-0.19917],[0.0826371,0.851783,-0.517335],[0.280231,0.478305,0.832283]],[[0.956369,-0.213751,-0.19917],[-0.257622,-0.295444,-0.91997],[0.137801,0.931141,-0.33762]],[[0.956369,-0.213751,-0.19917],[-0.288129,-0.802903,-0.52185],[-0.0483685,0.556468,-0.82946]]],"btipPosition":[39.6604,237.969,-9.9784],"carpPosition":[59.3543,252.826,57.9018],"dipPosition":[38.7539,248.397,-25.5225],"direction":[-0.137801,-0.931141,0.33762],"extended":false,"handId":699,"id":6992,"length":66.821,"mcpPosition":[56.1315,297.793,4.90877],"pipPosition":[42.6616,274.802,-35.0966],"stabilizedTipPosition":[43.3095,202.539,5.69034],"timeVisible":28.9052,"tipPosition":[39.6859,240.024,-12.4027],"tipVelocity":[-14.4964,86.3157,-202.855],"tool":false,"touchDistance":0.333333,"touchZone":"none","type":2,"width":18.9446},{"bases":[[[0.927076,-0.342044,-0.153415],[0.360512,0.701287,0.615002],[-0.10277,-0.625461,0.773457]],[[0.930932,-0.311714,-0.190262],[0.173588,0.836075,-0.520429],[0.321298,0.451457,0.832439]],[[0.930932,-0.311714,-0.190262],[-0.279558,-0.273061,-0.920481],[0.234973,0.910095,-0.341344]],[[0.930932,-0.311714,-0.190262],[-0.36483,-0.770646,-0.522497],[0.016245,0.555823,-0.831142]]],"btipPosition":[56.5355,235.11,-5.37948],"carpPosition":[71.2254,251.653,55.1101],"dipPosition":[56.8382,245.467,-20.8656],"direction":[-0.234973,-0.910094,0.341344],"extended":false,"handId":699,"id":6993,"length":64.2502,"mcpPosition":[77.6451,290.723,6.79481],"pipPosition":[63.3294,270.608,-30.2953],"stabilizedTipPosition":[58.8547,197.526,3.61933],"timeVisible":28.9052,"tipPosition":[56.7289,237.136,-7.72036],"tipVelocity":[-13.3591,96.5837,-205.46],"tool":false,"touchDistance":0.333333,"touchZone":"none","type":3,"width":18.027},{"bases":[[[0.836554,-0.523275,-0.162358],[0.489812,0.581518,0.649554],[-0.245482,-0.622912,0.742778]],[[0.76999,-0.637986,-0.00946816],[0.549801,0.670943,-0.497549],[0.323782,0.377902,0.867384]],[[0.76999,-0.637986,-0.00946816],[-0.206554,-0.235197,-0.949746],[0.603698,0.733251,-0.312878]],[[0.76999,-0.637986,-0.00946816],[-0.532536,-0.634406,-0.560298],[0.351456,0.436466,-0.828237]]],"btipPosition":[66.7725,244.693,-3.35617],"carpPosition":[81.8107,243.803,49.8407],"dipPosition":[72.8137,252.195,-17.5928],"direction":[-0.603698,-0.733251,0.312878],"extended":false,"handId":699,"id":6994,"length":50.3709,"mcpPosition":[96.0056,279.823,6.88973],"pipPosition":[84.5886,266.497,-23.6954],"stabilizedTipPosition":[70.7474,207.655,14.3418],"timeVisible":28.9052,"tipPosition":[68.0788,246.102,-5.58259],"tipVelocity":[-13.4018,99.9262,-206.442],"tool":false,"touchDistance":0.333333,"touchZone":"none","type":4,"width":16.013}],"r":[[0.961542,-0.0966877,0.257078],[0.0812997,0.994239,0.0698526],[-0.262351,-0.0462658,0.963863]],"s":0.980428,"t":[23.3876,-7.58243,-139.574],"timestamp":523747053874},false],[3,{"currentFrameRate":108.138,"devices":[],"gestures":[],"hands":[{"armBasis":[[0.933595,0.0343937,-0.356676],[0.141072,0.879719,0.454086],[0.329392,-0.474249,0.816449]],"armWidth":63.5437,"confidence":0.710012,"direction":[0.00426841,0.746875,-0.664951],"elbow":[154.837,110.538,274.975],"grabStrength":0,"id":699,"palmNormal":[-0.149319,-0.657026,-0.738932],"palmPosition":[58.2173,276.398,16.9792],"palmVelocity":[-23.8448,89.2763,-182.256],"palmWidth":90.7382,"pinchStrength":0.870636,"r":[[0.96152,-0.0935349,0.258322],[0.0789752,0.994676,0.0661992],[-0.263138,-0.0432509,0.963788]],"s":0.980137,"sphereCenter":[40.5403,264.495,-24.8884],"sphereRadius":45.002,"stabilizedPalmPosition":[64.5289,240.225,49.735],"t":[23.197,-6.87988,-141.036],"timeVisible":28.9141,"type":"right","wrist":[66.1471,238.23,55.1441]}],"id":4280892,"interactionBox":{"center":[0,200,0],"size":[235.247,235.247,147.751]},"pointables":[{"bases":[[[0.532271,0.692178,0.487419],[-0.730652,0.084799,0.677463],[0.427593,-0.716728,0.550877]],[[0.277945,0.943256,0.181698],[-0.83683,0.144888,0.527941],[0.471658,-0.298789,0.829617]],[[0.277945,0.943256,0.181698],[-0.957895,0.257981,0.126032],[0.0720063,-0.209077,0.975244]],[[0.277945,0.943256,0.181698],[-0.679232,0.326737,-0.657181],[-0.679257,0.0592448,0.731505]]],"btipPosition":[26.34,252.118,-38.9842],"carpPosition":[36.4141,231.518,52.5457],"dipPosition":[10.4869,253.5,-21.9117],"direction":[-0.0720063,0.209077,-0.975244],"extended":false,"handId":699,"id":6990,"length":51.9721,"mcpPosition":[36.4141,231.518,52.5457],"pipPosition":[12.9352,246.391,11.2478],"stabilizedTipPosition":[32.876,223.193,9.52606],"timeVisible":28.9141,"tipPosition":[22.586,253.025,-34.4672],"tipVelocity":[-10.7669,57.4784,-181.261],"tool":false,"touchDistance":-0.51771,"touchZone":"hovering","type":0,"width":20.194},{"bases":[[[0.975459,0.0244119,-0.218822],[0.123664,0.761528,0.636226],[0.18217,-0.647673,0.73982]],[[0.962631,0.0636056,-0.263241],[0.0683736,0.883457,0.463497],[0.262043,-0.464175,0.846094]],[[0.962631,0.0636056,-0.263241],[0.00982432,0.963186,0.268656],[0.270638,-0.261203,0.926568]],[[0.962631,0.0636056,-0.263241],[-0.0342041,0.992799,0.114806],[0.268648,-0.101512,0.957875]]],"btipPosition":[11.6315,326.905,-70.1972],"carpPosition":[47.3241,251.475,58.9842],"dipPosition":[16.2088,325.175,-53.8766],"direction":[-0.270638,0.261203,-0.926568],"extended":true,"handId":699,"id":6991,"length":58.6448,"mcpPosition":[33.959,298.992,4.70658],"pipPosition":[22.7321,318.879,-31.543],"stabilizedTipPosition":[25.6003,297.88,-20.4387],"timeVisible":28.9141,"tipPosition":[12.3789,326.578,-66.3238],"tipVelocity":[-26.8105,47.3014,-207.492],"tool":false,"touchDistance":-0.546122,"touchZone":"hovering","type":1,"width":19.2893},{"bases":[[[0.955633,-0.193498,-0.222091],[0.290767,0.740287,0.60616],[0.0471204,-0.643843,0.763705]],[[0.956632,-0.213258,-0.198437],[0.0816917,0.850275,-0.51996],[0.279611,0.4812,0.830822]],[[0.956632,-0.213258,-0.198437],[-0.257226,-0.298708,-0.919026],[0.136715,0.930212,-0.340609]],[[0.956632,-0.213258,-0.198437],[-0.287148,-0.804974,-0.519194],[-0.0490142,0.553658,-0.8313]]],"btipPosition":[39.5991,238.356,-10.8608],"carpPosition":[59.276,253.445,56.9716],"dipPosition":[38.6806,248.732,-26.4393],"direction":[-0.136715,-0.930212,0.340609],"extended":false,"handId":699,"id":6992,"length":66.821,"mcpPosition":[55.9976,298.24,3.83689],"pipPosition":[42.5575,275.11,-36.0982],"stabilizedTipPosition":[43.3029,202.604,5.65614],"timeVisible":28.9141,"tipPosition":[39.6199,240.404,-13.3054],"tipVelocity":[-12.4944,74.206,-174.677],"tool":false,"touchDistance":0.333333,"touchZone":"none","type":2,"width":18.9446},{"bases":[[[0.927495,-0.341387,-0.152343],[0.359653,0.703669,0.61278],[-0.101996,-0.623141,0.77543]],[[0.931311,-0.311196,-0.189252],[0.172698,0.834773,-0.52281],[0.320679,0.454215,0.831176]],[[0.931311,-0.311196,-0.189252],[-0.27923,-0.276409,-0.919581],[0.233859,0.909261,-0.344318]],[[0.931311,-0.311196,-0.189252],[-0.363897,-0.77297,-0.519708],[0.0154451,0.552878,-0.833119]]],"btipPosition":[56.4836,235.545,-6.25399],"carpPosition":[71.1486,252.277,54.1836],"dipPosition":[56.7714,245.846,-21.7769],"direction":[-0.233859,-0.909261,0.344318],"extended":false,"handId":699,"id":6993,"length":64.2502,"mcpPosition":[77.52,291.203,5.74504],"pipPosition":[63.2318,270.965,-31.2888],"stabilizedTipPosition":[58.8495,197.617,3.58904],"timeVisible":28.9141,"tipPosition":[56.6698,237.563,-8.62653],"tipVelocity":[-11.4027,83.1093,-176.348],"tool":false,"touchDistance":0.333333,"touchZone":"none","type":3,"width":18.027},{"bases":[[[0.837196,-0.522757,-0.160712],[0.489101,0.584169,0.647709],[-0.244711,-0.620864,0.744744]],[[0.77047,-0.637438,-0.00689498],[0.550102,0.670295,-0.498088],[0.322122,0.379969,0.867099]],[[0.77047,-0.637438,-0.00689498],[-0.204961,-0.237465,-0.949527],[0.603628,0.732996,-0.313609]],[[0.77047,-0.637438,-0.00689498],[-0.531488,-0.636361,-0.559075],[0.351988,0.434415,-0.829089]]],"btipPosition":[66.7114,245.163,-4.33273],"carpPosition":[81.7434,244.424,48.9388],"dipPosition":[72.7618,252.63,-18.584],"direction":[-0.603628,-0.732996,0.313609],"extended":false,"handId":699,"id":6994,"length":50.3709,"mcpPosition":[95.8938,280.325,5.87421],"pipPosition":[84.5353,266.927,-24.7009],"stabilizedTipPosition":[70.741,207.751,14.2885],"timeVisible":28.9141,"tipPosition":[68.0198,246.566,-6.5772],"tipVelocity":[-11.5441,86.7547,-180.022],"tool":false,"touchDistance":0.333333,"touchZone":"none","type":4,"width":16.013}],"r":[[0.96152,-0.0935349,0.258322],[0.0789752,0.994676,0.0661992],[-0.263138,-0.0432509,0.963788]],"s":0.980137,"t":[23.197,-6.87988,-141.036],"timestamp":523747062811},false],[4,{"currentFrameRate":108.072,"devices":[],"gestures":[],"hands":[{"armBasis":[[0.933823,0.0347258,-0.356045],[0.137544,0.883919,0.446955],[0.330236,-0.466349,0.820648]],"armWidth":63.5437,"confidence":0.696648,"direction":[0.0024585,0.746546,-0.665329],"elbow":[154.976,113.662,274.511],"grabStrength":0,"id":699,"palmNormal":[-0.146646,-0.657869,-0.738717],"palmPosition":[58.0398,277.352,15.3588],"palmVelocity":[-22.4505,92.8112,-179.598],"palmWidth":90.7382,"pinchStrength":0.871091,"r":[[0.961512,-0.090377,0.259474],[0.07648,0.995067,0.0631847],[-0.263904,-0.0409083,0.963681]],"s":0.980003,"sphereCenter":[40.4213,265.387,-26.5178],"sphereRadius":45.0115,"stabilizedPalmPosition":[64.5095,240.336,49.6323],"t":[23.0129,-6.05197,-142.578],"timeVisible":28.9235,"type":"right","wrist":[66.0586,239.228,53.5496]}],"id":4280893,"interactionBox":{"center":[0,200,0],"size":[235.247,235.247,147.751]},"pointables":[{"bases":[[[0.52969,0.694099,0.487498],[-0.731468,0.0828415,0.676825],[0.429399,-0.715097,0.551592]],[[0.274832,0.944215,0.181452],[-0.837846,0.142606,0.526952],[0.47168,-0.296852,0.830299]],[[0.274832,0.944215,0.181452],[-0.958788,0.25499,0.125326],[0.0720663,-0.208417,0.975381]],[[0.274832,0.944215,0.181452],[-0.679938,0.324293,-0.657661],[-0.679817,0.0573706,0.731134]]],"btipPosition":[26.2849,252.945,-40.6294],"carpPosition":[36.3491,232.421,50.9304],"dipPosition":[10.4188,254.284,-23.5656],"direction":[-0.0720663,0.208417,-0.975381],"extended":false,"handId":699,"id":6990,"length":51.9721,"mcpPosition":[36.3491,232.421,50.9304],"pipPosition":[12.8691,247.198,9.59856],"stabilizedTipPosition":[32.8735,223.2,9.51446],"timeVisible":28.9235,"tipPosition":[22.5268,253.832,-36.1199],"tipVelocity":[-9.46851,65.939,-179.698],"tool":false,"touchDistance":-0.518981,"touchZone":"hovering","type":0,"width":20.194},{"bases":[[[0.975556,0.0273733,-0.21804],[0.120746,0.762237,0.635937],[0.183605,-0.646719,0.7403]],[[0.962723,0.0662849,-0.262243],[0.0655661,0.883409,0.463993],[0.262423,-0.463891,0.846132]],[[0.962723,0.0662849,-0.262243],[0.00711852,0.962965,0.269534],[0.270396,-0.261353,0.926596]],[[0.962723,0.0662849,-0.262243],[-0.0367636,0.992578,0.115922],[0.26798,-0.10196,0.958014]]],"btipPosition":[11.3939,327.774,-71.8536],"carpPosition":[47.1909,252.416,57.3677],"dipPosition":[15.9598,326.037,-55.5306],"direction":[-0.270396,0.261353,-0.926596],"extended":true,"handId":699,"id":6991,"length":58.6448,"mcpPosition":[33.7205,299.863,3.05486],"pipPosition":[22.4773,319.738,-33.1964],"stabilizedTipPosition":[25.5978,297.885,-20.4478],"timeVisible":28.9235,"tipPosition":[12.1432,327.403,-67.9956],"tipVelocity":[-26.4753,60.1721,-198.738],"tool":false,"touchDistance":-0.544681,"touchZone":"hovering","type":1,"width":19.2893},{"bases":[[[0.956419,-0.190599,-0.221213],[0.287939,0.741508,0.606018],[0.0485249,-0.643303,0.764073]],[[0.957463,-0.210442,-0.19743],[0.0797163,0.850479,-0.519934],[0.277326,0.482079,0.831077]],[[0.957463,-0.210442,-0.19743],[-0.255403,-0.299627,-0.919235],[0.13429,0.930558,-0.340629]],[[0.957463,-0.210442,-0.19743],[-0.284211,-0.806043,-0.519153],[-0.0498859,0.553181,-0.831566]]],"btipPosition":[39.5585,239.253,-12.5009],"carpPosition":[59.1382,254.422,55.3638],"dipPosition":[38.6237,249.619,-28.0844],"direction":[-0.13429,-0.930558,0.340629],"extended":false,"handId":699,"id":6992,"length":66.821,"mcpPosition":[55.7621,299.18,2.2035],"pipPosition":[42.4318,276.008,-37.7439],"stabilizedTipPosition":[43.2963,202.669,5.62],"timeVisible":28.9235,"tipPosition":[39.572,241.302,-14.9648],"tipVelocity":[-10.2891,80.2342,-174.805],"tool":false,"touchDistance":0.333333,"touchZone":"none","type":2,"width":18.9446},{"bases":[[[0.928689,-0.338541,-0.151413],[0.356935,0.70511,0.612713],[-0.100665,-0.623065,0.775666]],[[0.932443,-0.308331,-0.188366],[0.170534,0.835167,-0.52289],[0.31854,0.455443,0.831327]],[[0.932443,-0.308331,-0.188366],[-0.277616,-0.277704,-0.919679],[0.231255,0.909842,-0.344541]],[[0.932443,-0.308331,-0.188366],[-0.361033,-0.774449,-0.519503],[0.0142991,0.552414,-0.833447]]],"btipPosition":[56.4571,236.491,-7.86067],"carpPosition":[71.0167,253.291,52.586],"dipPosition":[56.7235,246.784,-23.3897],"direction":[-0.231255,-0.909842,0.344541],"extended":false,"handId":699,"id":6993,"length":64.2502,"mcpPosition":[77.3049,292.211,4.13277],"pipPosition":[63.112,271.919,-32.9078],"stabilizedTipPosition":[58.8442,197.711,3.55503],"timeVisible":28.9235,"tipPosition":[56.6354,238.509,-10.2508],"tipVelocity":[-9.11462,88.1211,-174.994],"tool":false,"touchDistance":0.333333,"touchZone":"none","type":3,"width":18.027},{"bases":[[[0.838969,-0.520198,-0.159763],[0.48673,0.586036,0.647809],[-0.243362,-0.621253,0.744862]],[[0.772159,-0.635406,-0.00534375],[0.549777,0.67227,-0.495781],[0.318615,0.379884,0.868431]],[[0.772159,-0.635406,-0.00534375],[-0.201873,-0.23733,-0.950222],[0.602509,0.734802,-0.311528]],[[0.772159,-0.635406,-0.00534375],[-0.528763,-0.637854,-0.559957],[0.352392,0.435202,-0.828504]]],"btipPosition":[66.669,246.183,-6.02208],"carpPosition":[81.6405,245.468,47.3539],"dipPosition":[72.7263,253.664,-20.2633],"direction":[-0.602509,-0.734802,0.311528],"extended":false,"handId":699,"id":6994,"length":50.3709,"mcpPosition":[95.7128,281.391,4.28247],"pipPosition":[84.478,267.996,-26.3396],"stabilizedTipPosition":[70.7344,207.85,14.2304],"timeVisible":28.9235,"tipPosition":[67.9749,247.586,-8.27847],"tipVelocity":[-9.50214,93.14,-180.018],"tool":false,"touchDistance":0.333333,"touchZone":"none","type":4,"width":16.013}],"r":[[0.961512,-0.090377,0.259474],[0.07648,0.995067,0.0631847],[-0.263904,-0.0409083,0.963681]],"s":0.980003,"t":[23.0129,-6.05197,-142.578],"timestamp":523747072183},false],[5,{"currentFrameRate":108.359,"devices":[],"gestures":[],"hands":[{"armBasis":[[0.933926,0.034517,-0.355795],[0.135972,0.886206,0.442888],[0.330595,-0.462003,0.822958]],"armWidth":63.5437,"confidence":0.667937,"direction":[0.0012735,0.744804,-0.667282],"elbow":[154.981,115.467,274.064],"grabStrength":0,"id":699,"palmNormal":[-0.145531,-0.660041,-0.736999],"palmPosition":[57.8884,277.873,14.1887],"palmVelocity":[-21.0958,83.9973,-167.507],"palmWidth":90.7382,"pinchStrength":0.871327,"r":[[0.961525,-0.0873974,0.260444],[0.0741591,0.995425,0.0602498],[-0.264518,-0.0386174,0.963607]],"s":0.980044,"sphereCenter":[40.2675,265.796,-27.6509],"sphereRadius":45.0217,"stabilizedPalmPosition":[64.4921,240.434,49.5393],"t":[22.8452,-5.37751,-143.933],"timeVisible":28.9322,"type":"right","wrist":[65.9675,239.863,52.4797]}],"id":4280894,"interactionBox":{"center":[0,200,0],"size":[235.247,235.247,147.751]},"pointables":[{"bases":[[[0.528528,0.696239,0.485705],[-0.731639,0.0834178,0.676569],[0.430538,-0.712946,0.553484]],[[0.273376,0.945086,0.179103],[-0.838252,0.14274,0.526268],[0.471803,-0.294003,0.831242]],[[0.273376,0.945086,0.179103],[-0.959151,0.253742,0.125075],[0.0727612,-0.205979,0.975847]],[[0.273376,0.945086,0.179103],[-0.680887,0.321647,-0.657979],[-0.679455,0.0579268,0.731427]]],"btipPosition":[26.1669,253.287,-41.7527],"carpPosition":[36.2693,233,49.8768],"dipPosition":[10.3092,254.639,-24.682],"direction":[-0.0727612,0.205979,-0.975847],"extended":false,"handId":699,"id":6990,"length":51.9721,"mcpPosition":[36.2693,233,49.8768],"pipPosition":[12.7832,247.635,8.49802],"stabilizedTipPosition":[32.8712,223.207,9.50405],"timeVisible":28.9322,"tipPosition":[22.4147,254.159,-37.25],"tipVelocity":[-10.4987,58.8814,-166.095],"tool":false,"touchDistance":-0.512241,"touchZone":"hovering","type":0,"width":20.194},{"bases":[[[0.975522,0.0283973,-0.218062],[0.119465,0.764096,0.633944],[0.184623,-0.644477,0.742]],[[0.962709,0.0669563,-0.262123],[0.064509,0.884131,0.462765],[0.262736,-0.462417,0.846841]],[[0.962709,0.0669563,-0.262123],[0.00622485,0.963151,0.268888],[0.270468,-0.260492,0.926818]],[[0.962709,0.0669563,-0.262123],[-0.037525,0.992573,0.115721],[0.267925,-0.10157,0.958071]]],"btipPosition":[11.1922,328.133,-73.1205],"carpPosition":[47.078,253.029,56.2622],"dipPosition":[15.7572,326.402,-56.7965],"direction":[-0.270468,0.260492,-0.926818],"extended":true,"handId":699,"id":6991,"length":58.6448,"mcpPosition":[33.533,300.312,1.82465],"pipPosition":[22.2764,320.123,-34.457],"stabilizedTipPosition":[25.5956,297.89,-20.4559],"timeVisible":28.9322,"tipPosition":[11.9476,327.711,-69.2808],"tipVelocity":[-25.5951,55.1364,-184.496],"tool":false,"touchDistance":-0.537546,"touchZone":"hovering","type":1,"width":19.2893},{"bases":[[[0.956741,-0.189614,-0.220666],[0.286693,0.743562,0.604088],[0.0495357,-0.641219,0.765757]],[[0.95782,-0.209497,-0.196705],[0.0785851,0.849357,-0.521936],[0.276416,0.484462,0.829994]],[[0.95782,-0.209497,-0.196705],[-0.254674,-0.301719,-0.918753],[0.133126,0.930095,-0.342346]],[[0.95782,-0.209497,-0.196705],[-0.282929,-0.807342,-0.517833],[-0.0503235,0.551644,-0.83256]]],"btipPosition":[39.4571,239.663,-13.6089],"carpPosition":[59.0221,255.05,54.2537],"dipPosition":[38.5141,250,-29.211],"direction":[-0.133126,-0.930095,0.342346],"extended":false,"handId":699,"id":6992,"length":66.821,"mcpPosition":[55.5757,299.662,0.976165],"pipPosition":[42.2892,276.376,-38.9192],"stabilizedTipPosition":[43.2905,202.724,5.58762],"timeVisible":28.9322,"tipPosition":[39.4678,241.719,-16.093],"tipVelocity":[-10.7081,71.1765,-162.22],"tool":false,"touchDistance":0.333333,"touchZone":"none","type":2,"width":18.9446},{"bases":[[[0.92925,-0.337417,-0.15048],[0.355749,0.707295,0.610881],[-0.0996881,-0.621194,0.77729]],[[0.932965,-0.307194,-0.187638],[0.169329,0.83452,-0.524313],[0.317653,0.457393,0.830595]],[[0.932965,-0.307194,-0.187638],[-0.277051,-0.279988,-0.919157],[0.229823,0.909527,-0.346328]],[[0.932965,-0.307194,-0.187638],[-0.359719,-0.776311,-0.517632],[0.0133482,0.55043,-0.834775]]],"btipPosition":[56.3788,236.973,-8.96201],"carpPosition":[70.9026,253.93,51.4794],"dipPosition":[56.6275,247.229,-24.5158],"direction":[-0.229823,-0.909527,0.346328],"extended":false,"handId":699,"id":6993,"length":64.2502,"mcpPosition":[77.1298,292.734,2.92475],"pipPosition":[62.9765,272.355,-34.0832],"stabilizedTipPosition":[58.8394,197.794,3.52304],"timeVisible":28.9322,"tipPosition":[56.5483,238.987,-11.3771],"tipVelocity":[-9.20514,79.0977,-162.199],"tool":false,"touchDistance":0.333333,"touchZone":"none","type":3,"width":18.027},{"bases":[[[0.839827,-0.519242,-0.158359],[0.485736,0.588526,0.646295],[-0.242386,-0.619697,0.746475]],[[0.773054,-0.634331,-0.00337305],[0.549219,0.671971,-0.496802],[0.317404,0.382203,0.867857]],[[0.773054,-0.634331,-0.00337305],[-0.200985,-0.239889,-0.949767],[0.601658,0.7349,-0.312939]],[[0.773054,-0.634331,-0.00337305],[-0.527696,-0.640129,-0.558365],[0.352029,0.433427,-0.829588]]],"btipPosition":[66.5771,246.684,-7.13448],"carpPosition":[81.5395,246.111,46.2684],"dipPosition":[72.6282,254.134,-21.3943],"direction":[-0.601658,-0.7349,0.312939],"extended":false,"handId":699,"id":6994,"length":50.3709,"mcpPosition":[95.5554,281.945,3.10369],"pipPosition":[84.3633,268.468,-27.4981],"stabilizedTipPosition":[70.7283,207.938,14.1767],"timeVisible":28.9322,"tipPosition":[67.8812,248.082,-9.41201],"tipVelocity":[-9.82592,83.3921,-166.177],"tool":false,"touchDistance":0.333333,"touchZone":"none","type":4,"width":16.013}],"r":[[0.961525,-0.0873974,0.260444],[0.0741591,0.995425,0.0602498],[-0.264518,-0.0386174,0.963607]],"s":0.980044,"t":[22.8452,-5.37751,-143.933],"timestamp":523747080894},false],[6,{"currentFrameRate":108.41,"devices":[],"gestures":[],"hands":[{"armBasis":[[0.928142,0.0392262,-0.370155],[0.136091,0.889824,0.435536],[0.346457,-0.454614,0.820545]],"armWidth":63.5437,"confidence":0.698398,"direction":[0.00143675,0.740617,-0.671926],"elbow":[158.832,119.009,271.388],"grabStrength":0,"id":699,"palmNormal":[-0.145706,-0.664601,-0.732854],"palmPosition":[57.4771,279.187,11.9264],"palmVelocity":[-27.7533,100.647,-189.809],"palmWidth":90.7382,"pinchStrength":0.869918,"r":[[0.961527,-0.0847315,0.261318],[0.0723518,0.995769,0.0566544],[-0.265012,-0.0355679,0.963589]],"s":0.980363,"sphereCenter":[39.8031,266.906,-29.8098],"sphereRadius":45.0358,"stabilizedPalmPosition":[64.473,240.54,49.4366],"t":[22.5556,-4.38329,-145.742],"timeVisible":28.9413,"type":"right","wrist":[65.5479,241.415,50.4541]}],"id":4280895,"interactionBox":{"center":[0,200,0],"size":[235.247,235.247,147.751]},"pointables":[{"bases":[[[0.528706,0.699135,0.481331],[-0.731603,0.0878221,0.67605],[0.430379,-0.709575,0.557922]],[[0.273725,0.946063,0.17332],[-0.838437,0.146412,0.524964],[0.471272,-0.289014,0.833291]],[[0.273725,0.946063,0.17332],[-0.959053,0.254843,0.123585],[0.07275,-0.200052,0.977081]],[[0.273725,0.946063,0.17332],[-0.681213,0.31791,-0.659456],[-0.678987,0.062442,0.73149]]],"btipPosition":[25.7615,254.275,-43.88],"carpPosition":[35.848,234.543,47.8949],"dipPosition":[9.91474,255.732,-26.8078],"direction":[-0.07275,0.200052,-0.977081],"extended":false,"handId":699,"id":6990,"length":51.9721,"mcpPosition":[35.848,234.543,47.8949],"pipPosition":[12.3883,248.93,6.41411],"stabilizedTipPosition":[32.8686,223.214,9.49219],"timeVisible":28.9413,"tipPosition":[22.0084,255.155,-39.387],"tipVelocity":[-19.8443,73.3252,-184.67],"tool":false,"touchDistance":-0.521255,"touchZone":"hovering","type":0,"width":20.194},{"bases":[[[0.975523,0.0267991,-0.218257],[0.119663,0.768016,0.629151],[0.184486,-0.639869,0.746011]],[[0.962839,0.0647686,-0.262194],[0.0653235,0.886144,0.458783],[0.262057,-0.458861,0.848983]],[[0.962839,0.0647686,-0.262194],[0.0075306,0.964002,0.265787],[0.269971,-0.257884,0.927691]],[[0.962839,0.0647686,-0.262194],[-0.035914,0.992902,0.113387],[0.267677,-0.0997568,0.958331]]],"btipPosition":[10.8313,329.129,-75.6395],"carpPosition":[46.6617,254.609,54.1547],"dipPosition":[15.3921,327.429,-59.3112],"direction":[-0.269971,0.257884,-0.927691],"extended":true,"handId":699,"id":6991,"length":58.6448,"mcpPosition":[33.1267,301.554,-0.577182],"pipPosition":[21.8993,321.213,-36.9506],"stabilizedTipPosition":[25.5932,297.896,-20.4649],"timeVisible":28.9413,"tipPosition":[11.5916,328.641,-71.8229],"tipVelocity":[-29.4966,70.3447,-209.861],"tool":false,"touchDistance":-0.549896,"touchZone":"hovering","type":1,"width":19.2893},{"bases":[[[0.95669,-0.191219,-0.219497],[0.286886,0.747256,0.599421],[0.0493996,-0.63643,0.769751]],[[0.957766,-0.211,-0.195353],[0.078646,0.845692,-0.527844],[0.276584,0.490187,0.82657]],[[0.957766,-0.211,-0.195353],[-0.254885,-0.308479,-0.916447],[0.133107,0.927534,-0.349231]],[[0.957766,-0.211,-0.195353],[-0.283087,-0.811103,-0.511834],[-0.0504551,0.545519,-0.836578]]],"btipPosition":[39.0456,240.806,-15.5719],"carpPosition":[58.6063,256.614,52.1333],"dipPosition":[38.1001,251.029,-31.2494],"direction":[-0.133107,-0.927534,0.349231],"extended":false,"handId":699,"id":6992,"length":66.821,"mcpPosition":[55.1693,300.894,-1.42207],"pipPosition":[41.8747,277.332,-41.1528],"stabilizedTipPosition":[43.284,202.784,5.55137],"timeVisible":28.9413,"tipPosition":[39.0447,242.857,-18.1305],"tipVelocity":[-20.2748,85.4025,-177.41],"tool":false,"touchDistance":0.333333,"touchZone":"none","type":2,"width":18.9446},{"bases":[[[0.929165,-0.338575,-0.148388],[0.355932,0.711016,0.606439],[-0.0998191,-0.616298,0.781161]],[[0.932889,-0.308564,-0.185759],[0.169494,0.831201,-0.529506],[0.317789,0.462486,0.827718]],[[0.932889,-0.308564,-0.185759],[-0.277149,-0.285633,-0.917389],[0.230015,0.907305,-0.351982]],[[0.932889,-0.308564,-0.185759],[-0.359913,-0.779432,-0.512785],[0.0134412,0.545229,-0.83818]]],"btipPosition":[55.9577,238.143,-10.9696],"carpPosition":[70.4864,255.475,49.3658],"dipPosition":[56.2081,248.302,-26.5868],"direction":[-0.230015,-0.907305,0.351982],"extended":false,"handId":699,"id":6993,"length":64.2502,"mcpPosition":[76.7218,293.973,0.569328],"pipPosition":[62.5624,273.366,-36.3104],"stabilizedTipPosition":[58.8336,197.882,3.48572],"timeVisible":28.9413,"tipPosition":[56.1266,240.144,-13.4038],"tipVelocity":[-19.4548,92.0484,-178.667],"tool":false,"touchDistance":0.333333,"touchZone":"none","type":3,"width":18.027},{"bases":[[[0.839699,-0.520424,-0.155127],[0.485892,0.592439,0.642592],[-0.242517,-0.614959,0.75034]],[[0.772809,-0.634638,0.000750435],[0.549674,0.668756,-0.500624],[0.317213,0.387299,0.865665]],[[0.772809,-0.634638,0.000750435],[-0.200826,-0.24567,-0.948322],[0.602026,0.732722,-0.317308]],[[0.772809,-0.634638,0.000750435],[-0.527884,-0.643468,-0.554335],[0.352285,0.427999,-0.832293]]],"btipPosition":[66.1616,247.875,-9.21381],"carpPosition":[81.1213,247.621,44.2036],"dipPosition":[72.2171,255.232,-23.5202],"direction":[-0.602026,-0.732722,0.317308],"extended":false,"handId":699,"id":6994,"length":50.3709,"mcpPosition":[95.1447,283.18,0.815333],"pipPosition":[83.9594,269.524,-29.7092],"stabilizedTipPosition":[70.7212,208.032,14.1163],"timeVisible":28.9413,"tipPosition":[67.4667,249.26,-11.5148],"tipVelocity":[-19.7113,95.8315,-183.605],"tool":false,"touchDistance":0.333333,"touchZone":"none","type":4,"width":16.013}],"r":[[0.961527,-0.0847315,0.261318],[0.0723518,0.995769,0.0566544],[-0.265012,-0.0355679,0.963589]],"s":0.980363,"t":[22.5556,-4.38329,-145.742],"timestamp":523747090026},false],[7,{"currentFrameRa