{"sensorType":"Leap","data":[[0,{"currentFrameRate":110.188,"devices":[],"gestures":[],"hands":[{"armBasis":[[0.946198,0.0408258,-0.321002],[0.128804,0.862515,0.489365],[0.296847,-0.504383,0.810851]],"armWidth":63.5437,"confidence":0.652187,"direction":[-0.111258,0.744046,-0.6588],"elbow":[166.87,101.014,275.904],"grabStrength":0,"id":699,"palmNormal":[-0.170884,-0.667365,-0.72486],"palmPosition":[72.7734,274.255,20.5118],"palmVelocity":[29.3659,180.296,-276.628],"palmWidth":90.7382,"pinchStrength":0.953195,"r":[[0.985236,-0.0314576,0.168286],[0.0189748,0.996982,0.0752761],[-0.170147,-0.0709716,0.98286]],"s":0.930428,"sphereCenter":[66.8239,257.032,-25.6045],"sphereRadius":46.3793,"stabilizedPalmPosition":[46.6867,250.062,81.1708],"t":[37.4511,-9.94224,-136.37],"timeVisible":10.8733,"type":"right","wrist":[86.9428,236.821,57.5803]}],"id":4278940,"interactionBox":{"center":[0,200,0],"size":[235.247,235.247,147.751]},"pointables":[{"bases":[[[0.525076,0.729247,0.43874],[-0.668043,0.0337789,0.743356],[0.52727,-0.683416,0.504905]],[[0.294634,0.929334,0.222553],[-0.798547,0.111516,0.591513],[0.524894,-0.351999,0.774973]],[[0.294634,0.929334,0.222553],[-0.940596,0.240909,0.239252],[0.16873,-0.279824,0.945108]],[[0.294634,0.929334,0.222553],[-0.745203,0.369234,-0.555282],[-0.598217,-0.00224236,0.801331]]],"btipPosition":[39.7459,255.091,-31.6675],"carpPosition":[57.6502,228.002,57.7472],"dipPosition":[25.7842,255.038,-12.9654],"direction":[-0.16873,0.279824,-0.945108],"extended":false,"handId":699,"id":6990,"length":51.9721,"mcpPosition":[57.6502,228.002,57.7472],"pipPosition":[31.5212,245.524,19.1694],"stabilizedTipPosition":[-1.53259,245.156,67.4178],"timeVisible":10.8733,"tipPosition":[37.0801,255.269,-26.9771],"tipVelocity":[23.0095,139.477,-287.452],"tool":false,"touchDistance":-0.685391,"touchZone":"hovering","type":0,"width":20.194},{"bases":[[[0.946411,0.093448,-0.30915],[0.128341,0.769582,0.625517],[0.29637,-0.631673,0.716348]],[[0.973255,0.0234414,-0.228528],[0.0912206,0.873558,0.478096],[0.21084,-0.486156,0.848056]],[[0.973255,0.0234414,-0.228528],[0.0542709,0.943161,0.327874],[0.223225,-0.331508,0.916664]],[[0.973255,0.0234414,-0.228528],[0.0253327,0.977762,0.208181],[0.228326,-0.208403,0.951018]]],"btipPosition":[27.6217,327.411,-63.9562],"carpPosition":[67.6691,248.698,63.2316],"dipPosition":[31.512,323.86,-47.7525],"direction":[-0.223225,0.331508,-0.916664],"extended":true,"handId":699,"id":6991,"length":58.6448,"mcpPosition":[45.9256,295.041,10.676],"pipPosition":[36.8925,315.869,-25.6577],"stabilizedTipPosition":[-15.1976,321.384,57.2643],"timeVisible":10.8733,"tipPosition":[29.0737,326.392,-60.4321],"tipVelocity":[4.42065,128.773,-307.717],"tool":false,"touchDistance":-0.736927,"touchZone":"hovering","type":1,"width":19.2893},{"bases":[[[0.941912,-0.125326,-0.311602],[0.292971,0.760246,0.579822],[0.164228,-0.637432,0.752802]],[[0.945766,-0.141418,-0.292451],[-0.0151989,0.880019,-0.474695],[0.324492,0.453395,0.830143]],[[0.945766,-0.141418,-0.292451],[-0.306379,-0.0890817,-0.947732],[0.107974,0.985934,-0.127578]],[[0.945766,-0.141418,-0.292451],[-0.314875,-0.620452,-0.718257],[-0.0798772,0.771389,-0.631331]]],"btipPosition":[50.6205,231.651,-16.7123],"carpPosition":[79.2091,251.51,60.1174],"dipPosition":[49.1236,246.107,-28.5434],"direction":[-0.107974,-0.985934,0.127578],"extended":false,"handId":699,"id":6992,"length":66.821,"mcpPosition":[67.7829,295.859,7.74125],"pipPosition":[52.1855,274.066,-32.1612],"stabilizedTipPosition":[22.3693,220.972,55.6559],"timeVisible":10.8733,"tipPosition":[50.5667,234.821,-18.6762],"tipVelocity":[41.7913,157.928,-272.97],"tool":false,"touchDistance":0.333333,"touchZone":"none","type":2,"width":18.9446},{"bases":[[[0.931029,-0.274715,-0.240242],[0.364603,0.728642,0.57978],[0.0157763,-0.627385,0.778549]],[[0.930841,-0.301581,-0.206359],[0.161232,0.845719,-0.508688],[0.327932,0.440236,0.835855]],[[0.930841,-0.301581,-0.206359],[-0.243313,-0.0901758,-0.965747],[0.272643,0.949167,-0.157318]],[[0.930841,-0.301581,-0.206359],[-0.353364,-0.598971,-0.718587],[0.0931096,0.74181,-0.664115]]],"btipPosition":[65.957,230.719,-12.9324],"carpPosition":[90.8206,251.186,56.2233],"dipPosition":[67.6919,244.541,-25.3063],"direction":[-0.272643,-0.949167,0.157318],"extended":false,"handId":699,"id":6993,"length":64.2502,"mcpPosition":[89.8351,290.377,7.58999],"pipPosition":[75.2237,270.762,-29.6523],"stabilizedTipPosition":[43.124,217.449,45.0409],"timeVisible":10.8733,"tipPosition":[66.4477,233.615,-15.1173],"tipVelocity":[47.1358,164.99,-269.717],"tool":false,"touchDistance":0.333333,"touchZone":"none","type":3,"width":18.027},{"bases":[[[0.853471,-0.462073,-0.240991],[0.504926,0.618734,0.601846],[-0.128987,-0.63534,0.761384]],[[0.829281,-0.541171,-0.139379],[0.420686,0.768727,-0.481749],[0.367852,0.34087,0.865154]],[[0.829281,-0.541171,-0.139379],[-0.182819,-0.0270354,-0.982775],[0.528081,0.840478,-0.121356]],[[0.829281,-0.541171,-0.139379],[-0.445877,-0.490402,-0.748799],[0.336876,0.683111,-0.647977]]],"btipPosition":[79.8052,240.681,-11.0573],"carpPosition":[101.408,244.098,49.9709],"dipPosition":[85.5958,252.423,-22.1954],"direction":[-0.528081,-0.840478,0.121356],"extended":false,"handId":699,"id":6994,"length":50.3709,"mcpPosition":[108.867,280.836,5.94406],"pipPosition":[95.8958,268.817,-24.5624],"stabilizedTipPosition":[54.1416,227.588,51.9063],"timeVisible":10.8733,"tipPosition":[81.4569,242.808,-12.6],"tipVelocity":[41.6232,177.581,-276.606],"tool":false,"touchDistance":0.333333,"touchZone":"none","type":4,"width":16.013}],"r":[[0.985236,-0.0314576,0.168286],[0.0189748,0.996982,0.0752761],[-0.170147,-0.0709716,0.98286]],"s":0.930428,"t":[37.4511,-9.94224,-136.37],"timestamp":523729021966},false],[1,{"currentFrameRate":110.193,"devices":[],"gestures":[],"hands":[{"armBasis":[[0.943336,0.0424684,-0.329111],[0.128875,0.867043,0.481277],[0.305793,-0.49642,0.812439]],"armWidth":63.5437,"confidence":0.655872,"direction":[-0.11283,0.739571,-0.663554],"elbow":[169.374,104.422,274.417],"grabStrength":0,"id":699,"palmNormal":[-0.171871,-0.672279,-0.720071],"palmPosition":[72.7828,275.264,18.3738],"palmVelocity":[21.5369,161.226,-265.347],"palmWidth":90.7382,"pinchStrength":0.946099,"r":[[0.985038,-0.0278481,0.170075],[0.0162167,0.997457,0.0694002],[-0.171575,-0.0656038,0.982984]],"s":0.931359,"sphereCenter":[66.6317,257.791,-27.5846],"sphereRadius":46.382,"stabilizedPalmPosition":[47.2605,250.616,79.7901],"t":[37.5114,-8.6267,-138.737],"timeVisible":10.8824,"type":"right","wrist":[87.0384,238.085,55.6658]}],"id":4278941,"interactionBox":{"center":[0,200,0],"size":[235.247,235.247,147.751]},"pointables":[{"bases":[[[0.52551,0.73242,0.432897],[-0.666704,0.0384212,0.744332],[0.528531,-0.679768,0.508498]],[[0.294133,0.931178,0.215391],[-0.798774,0.115746,0.590393],[0.52483,-0.345703,0.777845]],[[0.294133,0.931178,0.215391],[-0.939681,0.240576,0.243151],[0.174599,-0.273918,0.945772]],[[0.294133,0.931178,0.215391],[-0.759301,0.364531,-0.539054],[-0.580472,-0.00499333,0.814265]]],"btipPosition":[39.2357,255.892,-33.9371],"carpPosition":[57.7505,229.253,55.945],"dipPosition":[25.6882,255.776,-14.9331],"direction":[-0.174599,0.273918,-0.945772],"extended":false,"handId":699,"id":6990,"length":51.9721,"mcpPosition":[57.7505,229.253,55.945],"pipPosition":[31.6248,246.462,17.2243],"stabilizedTipPosition":[-1.14814,245.266,66.4276],"timeVisible":10.8824,"tipPosition":[36.7293,255.998,-29.1108],"tipVelocity":[4.00834,124.913,-275.073],"tool":false,"touchDistance":-0.678187,"touchZone":"hovering","type":0,"width":20.194},{"bases":[[[0.945799,0.091841,-0.311495],[0.129096,0.773808,0.620125],[0.29799,-0.626726,0.720011]],[[0.97226,0.0242354,-0.232644],[0.0917029,0.875495,0.474447],[0.215177,-0.48262,0.848986]],[[0.97226,0.0242354,-0.232644],[0.0539278,0.944595,0.323776],[0.227601,-0.327341,0.917085]],[[0.97226,0.0242354,-0.232644],[0.0243424,0.978733,0.20369],[0.232633,-0.203702,0.950993]]],"btipPosition":[27.2382,328.008,-66.2334],"carpPosition":[67.7691,249.99,61.2727],"dipPosition":[31.2018,324.538,-50.0301],"direction":[-0.227601,0.327341,-0.917085],"extended":true,"handId":699,"id":6991,"length":58.6448,"mcpPosition":[45.9067,295.971,8.44839],"pipPosition":[36.6878,316.648,-27.9251],"stabilizedTipPosition":[-14.9947,321.411,56.7036],"timeVisible":10.8824,"tipPosition":[28.7348,326.96,-62.7371],"tipVelocity":[-7.97587,111.965,-292.091],"tool":false,"touchDistance":-0.725727,"touchZone":"hovering","type":1,"width":19.2893},{"bases":[[[0.941405,-0.126947,-0.312477],[0.293647,0.764248,0.574192],[0.165918,-0.632305,0.756744]],[[0.945429,-0.14347,-0.292542],[-0.0153156,0.877279,-0.479737],[0.325469,0.458038,0.827207]],[[0.945429,-0.14347,-0.292542],[-0.307364,-0.0947471,-0.946864],[0.108129,0.985109,-0.133674]],[[0.945429,-0.14347,-0.292542],[-0.315735,-0.625144,-0.713797],[-0.0804719,0.76721,-0.636327]]],"btipPosition":[50.5557,232.451,-18.5776],"carpPosition":[79.3019,252.788,58.1187],"dipPosition":[49.0476,246.828,-30.5024],"direction":[-0.108129,-0.985109,0.133674],"extended":false,"handId":699,"id":6992,"length":66.821,"mcpPosition":[67.7582,296.78,5.4683],"pipPosition":[52.1139,274.764,-34.2931],"stabilizedTipPosition":[23.0409,221.329,53.7988],"timeVisible":10.8824,"tipPosition":[50.4975,235.595,-20.5756],"tipVelocity":[28.1887,138.098,-255.046],"tool":false,"touchDistance":0.333333,"touchZone":"none","type":2,"width":18.9446},{"bases":[[[0.930727,-0.27586,-0.2401],[0.365295,0.732679,0.574231],[0.0175085,-0.622159,0.782695]],[[0.930611,-0.302569,-0.205948],[0.160781,0.843433,-0.512611],[0.328804,0.443929,0.833556]],[[0.930611,-0.302569,-0.205948],[-0.244343,-0.0946422,-0.965059],[0.272505,0.948417,-0.162006]],[[0.930611,-0.302569,-0.205948],[-0.354224,-0.602903,-0.714866],[0.0921289,0.738214,-0.668246]]],"btipPosition":[65.918,231.573,-14.9],"carpPosition":[90.9065,252.443,54.2057],"dipPosition":[67.6346,245.328,-27.351],"direction":[-0.272505,-0.948417,0.162006],"extended":false,"handId":699,"id":6993,"length":64.2502,"mcpPosition":[89.8128,291.308,5.31342],"pipPosition":[75.1626,271.528,-31.8264],"stabilizedTipPosition":[43.9703,218.08,42.7486],"timeVisible":10.8824,"tipPosition":[66.4038,234.446,-17.0875],"tipVelocity":[32.7939,144.947,-255.694],"tool":false,"touchDistance":0.333333,"touchZone":"none","type":3,"width":18.027},{"bases":[[[0.853261,-0.463257,-0.239455],[0.505712,0.622989,0.596774],[-0.127282,-0.630299,0.765847]],[[0.828479,-0.543612,-0.134568],[0.422805,0.76473,-0.486235],[0.367232,0.345939,0.863404]],[[0.828479,-0.543612,-0.134568],[-0.18162,-0.0335067,-0.982798],[0.529752,0.838667,-0.12649]],[[0.828479,-0.543612,-0.134568],[-0.446089,-0.495324,-0.745425],[0.338568,0.677599,-0.652865]]],"btipPosition":[79.7449,241.562,-13.0589],"carpPosition":[101.486,245.318,47.9815],"dipPosition":[85.5645,253.209,-24.2811],"direction":[-0.529752,-0.838667,0.12649],"extended":false,"handId":699,"id":6994,"length":50.3709,"mcpPosition":[108.846,281.765,3.69655],"pipPosition":[95.8972,269.567,-26.7482],"stabilizedTipPosition":[55.2753,228.289,49.0639],"timeVisible":10.8824,"tipPosition":[81.3984,243.673,-14.6385],"tipVelocity":[28.4873,154.678,-261.764],"tool":false,"touchDistance":0.333333,"touchZone":"none","type":4,"width":16.013}],"r":[[0.985038,-0.0278481,0.170075],[0.0162167,0.997457,0.0694002],[-0.171575,-0.0656038,0.982984]],"s":0.931359,"t":[37.5114,-8.6267,-138.737],"timestamp":523729031033},false],[2,{"currentFrameRate":110.207,"devices":[],"gestures":[],"hands":[{"armBasis":[[0.943674,0.0500919,-0.327063],[0.120324,0.868845,0.48024],[0.308224,-0.492543,0.813879]],"armWidth":63.5437,"confidence":0.659679,"direction":[-0.116543,0.737896,-0.664776],"elbow":[170.137,106.492,273.809],"grabStrength":0,"id":699,"palmNormal":[-0.164174,-0.674442,-0.719844],"palmPosition":[72.7179,276.134,17.2883],"palmVelocity":[13.6197,143.251,-225.25],"palmWidth":90.7382,"pinchStrength":0.931636,"r":[[0.984797,-0.0233467,0.172135],[0.0123867,0.997843,0.0644724],[-0.173269,-0.06136,0.982961]],"s":0.932899,"sphereCenter":[66.8205,258.586,-28.685],"sphereRadius":46.4238,"stabilizedPalmPosition":[47.7934,251.15,78.4816],"t":[37.5092,-7.53435,-140.463],"timeVisible":10.8914,"type":"right","wrist":[87.147,239.111,54.6696]}],"id":4278942,"interactionBox":{"center":[0,200,0],"size":[235.247,235.247,147.751]},"pointables":[{"bases":[[[0.518257,0.737068,0.433752],[-0.669411,0.0339632,0.742116],[0.532258,-0.674965,0.511003]],[[0.285813,0.933838,0.215074],[-0.80285,0.110807,0.585793],[0.523204,-0.3401,0.781402]],[[0.285813,0.933838,0.215074],[-0.941068,0.231164,0.246891],[0.180839,-0.272964,0.944875]],[[0.285813,0.933838,0.215074],[-0.776644,0.357204,-0.518873],[-0.561369,-0.0187355,0.827353]]],"btipPosition":[38.8377,256.695,-35.4703],"carpPosition":[57.9296,230.047,54.8639],"dipPosition":[25.736,256.258,-16.1608],"direction":[-0.180839,0.272964,-0.944875],"extended":false,"handId":699,"id":6990,"length":51.9721,"mcpPosition":[57.9296,230.047,54.8639],"pipPosition":[31.8847,246.977,15.9661],"stabilizedTipPosition":[-0.812684,245.369,65.5434],"timeVisible":10.8914,"tipPosition":[36.54,256.643,-30.506],"tipVelocity":[-6.10587,112.693,-243.798],"tool":false,"touchDistance":-0.660646,"touchZone":"hovering","type":0,"width":20.194},{"bases":[[[0.946049,0.0990063,-0.308526],[0.120918,0.775515,0.619641],[0.300615,-0.623518,0.721704]],[[0.972225,0.0334914,-0.231638],[0.0832176,0.875569,0.475872],[0.218753,-0.481931,0.848463]],[[0.972225,0.0334914,-0.231638],[0.044881,0.944663,0.324957],[0.229704,-0.326328,0.916922]],[[0.972225,0.0334914,-0.231638],[0.0150169,0.978743,0.20454],[0.233565,-0.202337,0.951056]]],"btipPosition":[26.8223,328.575,-67.4051],"carpPosition":[67.7655,250.869,60.2],"dipPosition":[30.8018,325.127,-51.2007],"direction":[-0.229704,0.326328,-0.916922],"extended":true,"handId":699,"id":6991,"length":58.6448,"mcpPosition":[45.7106,296.614,7.25148],"pipPosition":[36.3385,317.262,-29.0996],"stabilizedTipPosition":[-14.817,321.438,56.2031],"timeVisible":10.8914,"tipPosition":[28.3516,327.498,-63.93],"tipVelocity":[-18.3428,98.5086,-247.235],"tool":false,"touchDistance":-0.699059,"touchZone":"hovering","type":1,"width":19.2893},{"bases":[[[0.943398,-0.11981,-0.309267],[0.285689,0.767211,0.574255],[0.168472,-0.630105,0.758014]],[[0.947598,-0.136762,-0.28871],[-0.0203233,0.876095,-0.48171],[0.318817,0.462335,0.827407]],[[0.947598,-0.136762,-0.28871],[-0.303146,-0.0997985,-0.947704],[0.100797,0.985564,-0.136028]],[[0.947598,-0.136762,-0.28871],[-0.308154,-0.629643,-0.713155],[-0.084252,0.764752,-0.638792]]],"btipPosition":[50.9605,233.091,-19.6011],"carpPosition":[79.286,253.754,57.0802],"dipPosition":[49.3816,247.423,-31.5721],"direction":[-0.100797,-0.985564,0.136028],"extended":false,"handId":699,"id":6992,"length":66.821,"mcpPosition":[67.5646,297.594,4.34149],"pipPosition":[52.24,275.371,-35.4295],"stabilizedTipPosition":[23.6443,221.659,52.1312],"timeVisible":10.8914,"tipPosition":[50.8698,236.241,-21.6676],"tipVelocity":[32.259,119.208,-216.223],"tool":false,"touchDistance":0.333333,"touchZone":"none","type":2,"width":18.9446},{"bases":[[[0.933668,-0.268722,-0.236753],[0.357585,0.736213,0.574563],[0.0199026,-0.621111,0.78347]],[[0.933651,-0.295468,-0.202471],[0.157469,0.846307,-0.508889],[0.321713,0.443242,0.836682]],[[0.933651,-0.295468,-0.202471],[-0.239122,-0.0933075,-0.966496],[0.266676,0.950785,-0.15777]],[[0.933651,-0.295468,-0.202471],[-0.346809,-0.604388,-0.717244],[0.0895515,0.739874,-0.666759]]],"btipPosition":[66.2925,232.496,-16.2328],"carpPosition":[90.9056,253.498,53.2054],"dipPosition":[67.9611,246.282,-28.6561],"direction":[-0.266676,-0.950785,0.15777],"extended":false,"handId":699,"id":6993,"length":64.2502,"mcpPosition":[89.6623,292.297,4.26466],"pipPosition":[75.3281,272.548,-33.0145],"stabilizedTipPosition":[44.7248,218.665,40.6939],"timeVisible":10.8914,"tipPosition":[66.7658,235.348,-18.3674],"tipVelocity":[34.8294,133.337,-225.604],"tool":false,"touchDistance":0.333333,"touchZone":"none","type":3,"width":18.027},{"bases":[[[0.857693,-0.456728,-0.236141],[0.498796,0.62767,0.59769],[-0.124763,-0.630421,0.766162]],[[0.832157,-0.539616,-0.127785],[0.423006,0.766696,-0.482953],[0.358581,0.347839,0.866272]],[[0.832157,-0.539616,-0.127785],[-0.173701,-0.0348078,-0.984183],[0.526633,0.841191,-0.122698]],[[0.832157,-0.539616,-0.127785],[-0.438234,-0.498726,-0.747813],[0.339802,0.678297,-0.651496]]],"btipPosition":[80.0195,242.573,-14.2334],"carpPosition":[101.562,246.45,47.0238],"dipPosition":[85.8604,254.232,-25.432],"direction":[-0.526633,-0.841191,0.122698],"extended":false,"handId":699,"id":6994,"length":50.3709,"mcpPosition":[108.776,282.904,2.72076],"pipPosition":[96.1322,270.639,-27.8252],"stabilizedTipPosition":[56.2869,228.947,46.5096],"timeVisible":10.8914,"tipPosition":[81.6685,244.681,-15.813],"tipVelocity":[29.1508,142.914,-225.2],"tool":false,"touchDistance":0.333333,"touchZone":"none","type":4,"width":16.013}],"r":[[0.984797,-0.0233467,0.172135],[0.0123867,0.997843,0.0644724],[-0.173269,-0.06136,0.982961]],"s":0.932899,"t":[37.5092,-7.53435,-140.463],"timestamp":523729040081},false],[3,{"currentFrameRate":110.17,"devices":[],"gestures":[],"hands":[{"armBasis":[[0.94585,0.0538449,-0.320106],[0.113189,0.86954,0.480717],[0.304229,-0.490919,0.81636]],"armWidth":63.5437,"confidence":0.651864,"direction":[-0.123011,0.729694,-0.672618],"elbow":[169.05,108.428,273.103],"grabStrength":0,"id":699,"palmNormal":[-0.156841,-0.683542,-0.712861],"palmPosition":[72.3862,277.094,15.5134],"palmVelocity":[-0.26605,132.63,-216.589],"palmWidth":90.7382,"pinchStrength":0.924248,"r":[[0.984591,-0.0174576,0.174002],[0.00737511,0.998265,0.0584237],[-0.174719,-0.0562401,0.983011]],"s":0.934805,"sphereCenter":[66.5695,259.056,-30.261],"sphereRadius":46.4422,"stabilizedPalmPosition":[48.2797,251.663,77.2365],"t":[37.3422,-6.50779,-142.214],"timeVisible":10.9005,"type":"right","wrist":[87.1352,240.609,53.2961]}],"id":4278943,"interactionBox":{"center":[0,200,0],"size":[235.247,235.247,147.751]},"pointables":[{"bases":[[[0.510602,0.746601,0.426465],[-0.670496,0.0352448,0.741076],[0.538258,-0.664337,0.518589]],[[0.276608,0.938727,0.205619],[-0.805705,0.109924,0.582028],[0.523763,-0.326662,0.786743]],[[0.276608,0.938727,0.205619],[-0.942413,0.22312,0.249149],[0.188005,-0.262694,0.946386]],[[0.276608,0.938727,0.205619],[-0.793827,0.343791,-0.501644],[-0.541597,-0.0244671,0.840282]]],"btipPosition":[38.1823,257.028,-37.3952],"carpPosition":[58.0071,231.264,53.5579],"dipPosition":[25.542,256.457,-17.784],"direction":[-0.188005,0.262694,-0.946386],"extended":false,"handId":699,"id":6990,"length":51.9721,"mcpPosition":[58.0071,231.264,53.5579],"pipPosition":[31.9345,247.525,14.3942],"stabilizedTipPosition":[-0.534521,245.457,64.7847],"timeVisible":10.9005,"tipPosition":[36.062,256.877,-32.3136],"tipVelocity":[-21.1241,90.5112,-232.432],"tool":false,"touchDistance":-0.650748,"touchZone":"hovering","type":0,"width":20.194},{"bases":[[[0.945368,0.104966,-0.308645],[0.112711,0.78313,0.611559],[0.305902,-0.612936,0.728515]],[[0.971441,0.0424891,-0.233446],[0.0742313,0.880035,0.469072],[0.225371,-0.473005,0.851748]],[[0.971441,0.0424891,-0.233446],[0.0349133,0.947534,0.317744],[0.234699,-0.31682,0.918989]],[[0.971441,0.0424891,-0.233446],[0.00447466,0.980382,0.197058],[0.237239,-0.192475,0.952193]]],"btipPosition":[25.8367,328.385,-69.6308],"carpPosition":[67.6344,252.235,58.6839],"dipPosition":[29.8788,325.106,-53.407],"direction":[-0.234699,0.31682,-0.918989],"extended":true,"handId":699,"id":6991,"length":58.6448,"mcpPosition":[45.1916,297.204,5.23568],"pipPosition":[35.5359,317.469,-31.2562],"stabilizedTipPosition":[-14.6749,321.459,55.7859],"timeVisible":10.9005,"tipPosition":[27.4128,327.306,-66.1739],"tipVelocity":[-42.7979,66.5018,-246.042],"tool":false,"touchDistance":-0.690805,"touchZone":"hovering","type":1,"width":19.2893},{"bases":[[[0.944846,-0.113862,-0.307086],[0.277602,0.775954,0.56642],[0.173791,-0.620428,0.764766]],[[0.949397,-0.13142,-0.285263],[-0.0259528,0.872318,-0.48825],[0.313006,0.470947,0.824765]],[[0.949397,-0.13142,-0.285263],[-0.299871,-0.109197,-0.947709],[0.0933983,0.985294,-0.14308]],[[0.949397,-0.13142,-0.285263],[-0.301225,-0.638183,-0.70851],[-0.0889371,0.758585,-0.645475]]],"btipPosition":[51.0109,233.573,-21.1539],"carpPosition":[79.1295,255.2,55.545],"dipPosition":[49.3442,247.788,-33.2501],"direction":[-0.0933983,-0.985294,0.14308],"extended":false,"handId":699,"id":6992,"length":66.821,"mcpPosition":[67.0381,298.366,2.33646],"pipPosition":[51.9928,275.729,-37.3075],"stabilizedTipPosition":[24.1604,221.949,50.6765],"timeVisible":10.9005,"tipPosition":[50.9094,236.672,-23.2176],"tipVelocity":[24.2014,99.8805,-204.19],"tool":false,"touchDistance":0.333333,"touchZone":"none","type":2,"width":18.9446},{"bases":[[[0.936489,-0.262091,-0.233017],[0.349797,0.745663,0.567123],[0.0251141,-0.612613,0.789984]],[[0.936696,-0.288473,-0.198456],[0.149744,0.84237,-0.517677],[0.316509,0.455188,0.832241]],[[0.936696,-0.288473,-0.198456],[-0.23723,-0.105979,-0.965655],[0.257533,0.951605,-0.167705]],[[0.936696,-0.288473,-0.198456],[-0.340172,-0.615421,-0.711013],[0.0829739,0.733512,-0.674592]]],"btipPosition":[66.4236,233.047,-17.5426],"carpPosition":[90.7552,255.016,51.6842],"dipPosition":[67.9696,246.714,-30.1118],"direction":[-0.257533,-0.951605,0.167705],"extended":false,"handId":699,"id":6993,"length":64.2502,"mcpPosition":[89.1864,293.284,2.33656],"pipPosition":[75.084,273.003,-34.7447],"stabilizedTipPosition":[45.3803,219.186,38.877],"timeVisible":10.9005,"tipPosition":[66.8693,235.883,-19.7188],"tipVelocity":[28.267,112.166,-203.71],"tool":false,"touchDistance":0.333333,"touchZone":"none","type":3,"width":18.027},{"bases":[[[0.862346,-0.450811,-0.230499],[0.492032,0.638749,0.591527],[-0.119436,-0.623514,0.772636]],[[0.836421,-0.535301,-0.1177],[0.420936,0.764925,-0.487548],[0.351017,0.358251,0.865126]],[[0.836421,-0.535301,-0.1177],[-0.167621,-0.0453757,-0.984807],[0.521827,0.843442,-0.127681]],[[0.836421,-0.535301,-0.1177],[-0.430986,-0.509702,-0.744618],[0.338602,0.673541,-0.657032]]],"btipPosition":[80.0167,243.401,-15.8114],"carpPosition":[101.486,248.008,45.5874],"dipPosition":[85.837,254.979,-27.1052],"direction":[-0.521827,-0.843442,0.127681],"extended":false,"handId":699,"id":6994,"length":50.3709,"mcpPosition":[108.392,284.062,0.90991],"pipPosition":[96.0151,271.43,-29.5956],"stabilizedTipPosition":[57.1737,229.553,44.2129],"timeVisible":10.9005,"tipPosition":[81.6541,245.496,-17.4124],"tipVelocity":[20.8106,127.797,-211.23],"tool":false,"touchDistance":0.333333,"touchZone":"none","type":4,"width":16.013}],"r":[[0.984591,-0.0174576,0.174002],[0.00737511,0.998265,0.0584237],[-0.174719,-0.0562401,0.983011]],"s":0.934805,"t":[37.3422,-6.50779,-142.214],"timestamp":523729049224},false],[4,{"currentFrameRate":110.248,"devices":[],"gestures":[],"hands":[{"armBasis":[[0.946659,0.0551269,-0.317488],[0.110801,0.869495,0.481353],[0.302589,-0.490855,0.817007]],"armWidth":63.5437,"confidence":0.653583,"direction":[-0.129682,0.72412,-0.677372],"elbow":[168.848,109.562,272.024],"grabStrength":0,"id":699,"palmNormal":[-0.154924,-0.689548,-0.707476],"palmPosition":[72.2795,277.85,14.0505],"palmVelocity":[-3.4516,119.515,-202.181],"palmWidth":90.7382,"pinchStrength":0.918426,"r":[[0.984531,-0.0112806,0.174845],[0.00218008,0.998637,0.0521541],[-0.175195,-0.0509662,0.983214]],"s":0.936709,"sphereCenter":[66.3164,259.483,-31.5908],"sphereRadius":46.4731,"stabilizedPalmPosition":[48.7075,252.13,76.1103],"t":[37.2054,-5.61688,-143.82],"timeVisible":10.9095,"type":"right","wrist":[87.3753,241.726,52.0427]}],"id":4278944,"interactionBox":{"center":[0,200,0],"size":[235.247,235.247,147.751]},"pointables":[{"bases":[[[0.507363,0.75274,0.419483],[-0.668303,0.0363962,0.742998],[0.544017,-0.657311,0.521524]],[[0.271948,0.941621,0.198482],[-0.805434,0.10985,0.582417],[0.526612,-0.318251,0.788287]],[[0.271948,0.941621,0.198482],[-0.941759,0.218017,0.256043],[0.197823,-0.256553,0.946069]],[[0.271948,0.941621,0.198482],[-0.812227,0.33521,-0.477411],[-0.516074,-0.0313817,0.855969]]],"btipPosition":[37.4102,257.501,-38.9192],"carpPosition":[58.3064,232.203,52.4661],"dipPosition":[25.3657,256.769,-18.9419],"direction":[-0.197823,0.256553,-0.946069],"extended":false,"handId":699,"id":6990,"length":51.9721,"mcpPosition":[58.3064,232.203,52.4661],"pipPosition":[32.0919,248.046,13.2256],"stabilizedTipPosition":[-0.307902,245.534,64.1461],"timeVisible":10.9095,"tipPosition":[35.5032,257.234,-33.7153],"tipVelocity":[-34.7586,79.1474,-212.996],"tool":false,"touchDistance":-0.635603,"touchZone":"hovering","type":0,"width":20.194},{"bases":[[[0.943701,0.108574,-0.312476],[0.109853,0.788139,0.605615],[0.312028,-0.605845,0.73184]],[[0.96968,0.0488375,-0.239448],[0.0703788,0.882507,0.465004],[0.234025,-0.467757,0.852312]],[[0.96968,0.0488375,-0.239448],[0.0296284,0.949105,0.313562],[0.242575,-0.31115,0.918881]],[[0.96968,0.0488375,-0.239448],[-0.0018222,0.981245,0.192754],[0.244371,-0.186473,0.951583]]],"btipPosition":[24.8913,328.436,-71.1582],"carpPosition":[67.8206,253.27,57.4117],"dipPosition":[29.055,325.258,-54.9448],"direction":[-0.242575,0.31115,-0.918881],"extended":true,"handId":699,"id":6991,"length":58.6448,"mcpPosition":[44.9284,297.718,3.7195],"pipPosition":[34.9019,317.759,-32.7965],"stabilizedTipPosition":[-14.5604,321.476,55.4377],"timeVisible":10.9095,"tipPosition":[26.527,327.342,-67.7284],"tipVelocity":[-59.1423,50.6167,-225.642],"tool":false,"touchDistance":-0.673004,"touchZone":"hovering","type":1,"width":19.2893},{"bases":[[[0.944533,-0.110237,-0.309362],[0.27464,0.781656,0.559989],[0.180083,-0.613891,0.768575]],[[0.949502,-0.128567,-0.286212],[-0.0296524,0.871341,-0.489781],[0.312358,0.473535,0.823527]],[[0.949502,-0.128567,-0.286212],[-0.30065,-0.111861,-0.947152],[0.0897567,0.985372,-0.144866]],[[0.949502,-0.128567,-0.286212],[-0.29968,-0.64182,-0.705874],[-0.092944,0.756001,-0.647938]]],"btipPosition":[50.9401,234.122,-22.5935],"carpPosition":[79.287,256.282,54.2141],"dipPosition":[49.1983,248.29,-34.7358],"direction":[-0.0897567,-0.985372,0.144866],"extended":false,"handId":699,"id":6992,"length":66.821,"mcpPosition":[66.7578,298.994,0.740598],"pipPosition":[51.7436,276.232,-38.8439],"stabilizedTipPosition":[24.5792,222.194,49.4688],"timeVisible":10.9095,"tipPosition":[50.8391,237.165,-24.6075],"tipVelocity":[14.9085,89.0767,-192.778],"tool":false,"touchDistance":0.333333,"touchZone":"none","type":2,"width":18.9446},{"bases":[[[0.93733,-0.257983,-0.234216],[0.347021,0.751815,0.56067],[0.0314438,-0.606811,0.794224]],[[0.937809,-0.28421,-0.199344],[0.144612,0.841867,-0.519949],[0.315596,0.458785,0.830611]],[[0.937809,-0.28421,-0.199344],[-0.238359,-0.109695,-0.964962],[0.252385,0.952466,-0.170617]],[[0.937809,-0.28421,-0.199344],[-0.338389,-0.620205,-0.7077],[0.0775014,0.731143,-0.677807]]],"btipPosition":[66.459,233.671,-18.962],"carpPosition":[90.9011,256.143,50.3167],"dipPosition":[67.903,247.294,-31.5911],"direction":[-0.252385,-0.952466,0.170617],"extended":false,"handId":699,"id":6993,"length":64.2502,"mcpPosition":[88.9369,294.048,0.704235],"pipPosition":[74.8752,273.606,-36.3044],"stabilizedTipPosition":[45.9222,219.632,37.3397],"timeVisible":10.9095,"tipPosition":[66.886,236.475,-21.1013],"tipVelocity":[20.9198,100.318,-191.908],"tool":false,"touchDistance":0.333333,"touchZone":"none","type":3,"width":18.027},{"bases":[[[0.86436,-0.447132,-0.230117],[0.489991,0.645953,0.585366],[-0.113091,-0.618723,0.777427]],[[0.838575,-0.532702,-0.114106],[0.41779,0.763251,-0.492848],[0.349633,0.365618,0.862601]],[[0.838575,-0.532702,-0.114106],[-0.16768,-0.0530971,-0.984411],[0.518339,0.844635,-0.133849]],[[0.838575,-0.532702,-0.114106],[-0.429354,-0.517312,-0.7403],[0.335331,0.669789,-0.662523]]],"btipPosition":[79.9921,244.055,-17.1374],"carpPosition":[101.655,249.157,44.2347],"dipPosition":[85.7561,255.568,-28.5256],"direction":[-0.518339,-0.844635,0.133849],"extended":false,"handId":699,"id":6994,"length":50.3709,"mcpPosition":[108.195,284.935,-0.719824],"pipPosition":[95.8662,272.043,-31.1363],"stabilizedTipPosition":[57.916,230.08,42.2463],"timeVisible":10.9095,"tipPosition":[81.6154,246.144,-18.776],"tipVelocity":[13.9851,112.446,-194.766],"tool":false,"touchDistance":0.333333,"touchZone":"none","type":4,"width":16.013}],"r":[[0.984531,-0.0112806,0.174845],[0.00218008,0.998637,0.0521541],[-0.175195,-0.0509662,0.983214]],"s":0.936709,"t":[37.2054,-5.61688,-143.82],"timestamp":523729058156},false],[5,{"currentFrameRate":110.27,"devices":[],"gestures":[],"hands":[{"armBasis":[[0.948304,0.0561019,-0.312367],[0.106658,0.870665,0.480173],[0.298906,-0.488667,0.819671]],"armWidth":63.5437,"confidence":0.657831,"direction":[-0.135336,0.721057,-0.67953],"elbow":[167.992,111.053,271.817],"grabStrength":0,"id":699,"palmNormal":[-0.151903,-0.692832,-0.704918],"palmPosition":[72.126,278.532,13.034],"palmVelocity":[-7.1817,107.421,-177.513],"palmWidth":90.7382,"pinchStrength":0.907298,"r":[[0.98453,-0.00500479,0.175147],[-0.00318956,0.998914,0.0464728],[-0.175189,-0.0463125,0.983445]],"s":0.93837,"sphereCenter":[66.0957,259.982,-32.5586],"sphereRadius":46.4986,"stabilizedPalmPosition":[49.101,252.574,75.0503],"t":[37.0602,-4.83018,-145.132],"timeVisible":10.9185,"type":"right","wrist":[87.511,242.628,51.1185]}],"id":4278945,"interactionBox":{"center":[0,200,0],"size":[235.247,235.247,147.751]},"pointables":[{"bases":[[[0.503439,0.757242,0.416094],[-0.667213,0.0347363,0.744057],[0.548977,-0.652211,0.522729]],[[0.267427,0.943483,0.195761],[-0.805821,0.107586,0.582304],[0.528333,-0.313472,0.78905]],[[0.267427,0.943483,0.195761],[-0.941549,0.21267,0.261261],[0.204863,-0.254187,0.945209]],[[0.267427,0.943483,0.195761],[-0.826559,0.329036,-0.456657],[-0.495261,-0.0396858,0.867838]]],"btipPosition":[36.7954,258.101,-40.0462],"carpPosition":[58.5022,232.928,51.6249],"dipPosition":[25.2366,257.175,-19.7919],"direction":[-0.204863,0.254187,-0.945209],"extended":false,"handId":699,"id":6990,"length":51.9721,"mcpPosition":[58.5022,232.928,51.6249],"pipPosition":[32.2021,248.532,12.3464],"stabilizedTipPosition":[-0.105477,245.607,63.5612],"timeVisible":10.9185,"tipPosition":[35.041,257.713,-34.7655],"tipVelocity":[-40.5309,74.2998,-186.775],"tool":false,"touchDistance":-0.616326,"touchZone":"hovering","type":0,"width":20.194},{"bases":[[[0.942464,0.113356,-0.314504],[0.106046,0.790805,0.602812],[0.317044,-0.60148,0.733284]],[[0.968208,0.0560043,-0.243796],[0.065644,0.883573,0.46367],[0.241379,-0.464933,0.851806]],[[0.968208,0.0560043,-0.243796],[0.0237142,0.949676,0.312336],[0.249019,-0.308188,0.918156]],[[0.968208,0.0560043,-0.243796],[-0.00853624,0.981445,0.191555],[0.25,-0.183384,0.950721]]],"btipPosition":[24.0313,328.67,-72.138],"carpPosition":[67.8949,254.069,56.4839],"dipPosition":[28.2909,325.545,-55.9393],"direction":[-0.249019,0.308188,-0.918156],"extended":true,"handId":699,"id":6991,"length":58.6448,"mcpPosition":[44.6347,298.197,2.68584],"pipPosition":[34.2932,318.117,-33.8085],"stabilizedTipPosition":[-14.4549,321.494,55.1074],"timeVisible":10.9185,"tipPosition":[25.7214,327.574,-68.7275],"tipVelocity":[-68.4106,44.1862,-193.496],"tool":false,"touchDistance":-0.648785,"touchZone":"hovering","type":1,"width":19.2893},{"bases":[[[0.944653,-0.105433,-0.310669],[0.270789,0.785187,0.556915],[0.185216,-0.610217,0.770279]],[[0.949874,-0.124042,-0.286972],[-0.0352287,0.869605,-0.492489],[0.310642,0.477912,0.821646]],[[0.949874,-0.124042,-0.286972],[-0.301072,-0.115625,-0.946566],[0.0842327,0.985517,-0.147175]],[[0.949874,-0.124042,-0.286972],[-0.296989,-0.64475,-0.704341],[-0.0976571,0.754262,-0.64927]]],"btipPosition":[50.9604,234.544,-23.4891],"carpPosition":[79.3369,257.142,53.2562],"dipPosition":[49.1303,248.679,-35.6564],"direction":[-0.0842327,-0.985517,0.147175],"extended":false,"handId":699,"id":6992,"length":66.821,"mcpPosition":[66.4505,299.598,-0.335934],"pipPosition":[51.5189,276.626,-39.83],"stabilizedTipPosition":[24.9342,222.407,48.4328],"timeVisible":10.9185,"tipPosition":[50.8399,237.595,-25.5196],"tipVelocity":[10.8018,77.1858,-167.188],"tool":false,"touchDistance":0.333333,"touchZone":"none","type":2,"width":18.9446},{"bases":[[[0.938493,-0.252971,-0.235023],[0.343354,0.755795,0.557567],[0.0365804,-0.603969,0.796168]],[[0.939195,-0.279154,-0.199963],[0.141797,0.845651,-0.514556],[0.31274,0.454915,0.833814]],[[0.939195,-0.279154,-0.199963],[-0.237105,-0.105983,-0.965686],[0.248383,0.95438,-0.165728]],[[0.939195,-0.279154,-0.199963],[-0.335406,-0.620983,-0.708437],[0.0735893,0.732429,-0.676854]]],"btipPosition":[66.4925,234.508,-20.357],"carpPosition":[90.9447,257.061,49.3387],"dipPosition":[67.8636,248.154,-32.9684],"direction":[-0.248383,-0.95438,0.165728],"extended":false,"handId":699,"id":6993,"length":64.2502,"mcpPosition":[88.6597,294.789,-0.395249],"pipPosition":[74.7253,274.519,-37.5466],"stabilizedTipPosition":[46.3954,220.04,35.9667],"timeVisible":10.9185,"tipPosition":[66.9056,237.253,-22.3888],"tipVelocity":[15.6706,98.3652,-181.485],"tool":false,"touchDistance":0.333333,"touchZone":"none","type":3,"width":18.027},{"bases":[[[0.8667,-0.442553,-0.230169],[0.487018,0.6509,0.58236],[-0.107908,-0.616828,0.779666]],[[0.840513,-0.530518,-0.109951],[0.417922,0.764003,-0.49157],[0.34479,0.36722,0.863869]],[[0.840513,-0.530518,-0.109951],[-0.163424,-0.0547663,-0.985035],[0.516557,0.845903,-0.132731]],[[0.840513,-0.530518,-0.109951],[-0.42553,-0.520799,-0.740063],[0.335354,0.66882,-0.663489]]],"btipPosition":[79.9734,244.845,-18.2908],"carpPosition":[101.731,250.122,43.2607],"dipPosition":[85.7378,256.342,-29.6956],"direction":[-0.516557,-0.845903,0.132731],"extended":false,"handId":699,"id":6994,"length":50.3709,"mcpPosition":[107.971,285.79,-1.8233],"pipPosition":[95.8131,272.841,-32.2845],"stabilizedTipPosition":[58.5727,230.569,40.4725],"timeVisible":10.9185,"tipPosition":[81.5848,246.918,-19.9206],"tipVelocity":[9.56752,105.47,-176.429],"tool":false,"touchDistance":0.333333,"touchZone":"none","type":4,"width":16.013}],"r":[[0.98453,-0.00500479,0.175147],[-0.00318956,0.998914,0.0464728],[-0.175189,-0.0463125,0.983445]],"s":0.93837,"t":[37.0602,-4.83018,-145.132],"timestamp":523729067185},false],[6,{"currentFrameRate":110.281,"devices":[],"gestures":[],"hands":[{"armBasis":[[0.942866,0.0658422,-0.326602],[0.104682,0.87209,0.478018],[0.3163,-0.484896,0.815371]],"armWidth":63.5437,"confidence":0.652576,"direction":[-0.141741,0.714735,-0.684882],"elbow":[172.416,114.029,268.467],"grabStrength":0,"id":699,"palmNormal":[-0.150596,-0.699383,-0.698702],"palmPosition":[71.5328,280.095,10.6071],"palmVelocity":[-23.2857,125.447,-202.527],"palmWidth":90.7382,"pinchStrength":0.90234,"r":[[0.984629,0.00138369,0.174655],[-0.00855286,0.999151,0.0403017],[-0.174451,-0.041176,0.983805]],"s":0.939939,"sphereCenter":[65.1454,261.204,-34.7368],"sphereRadius":46.4651,"stabilizedPalmPosition":[49.4632,253.018,74.01],"t":[36.691,-3.65514,-147.001],"timeVisible":10.9276,"type":"right","wrist":[87.2517,244.588,48.9266]}],"id":4278946,"interactionBox":{"center":[0,200,0],"size":[235.247,235.247,147.751]},"pointables":[{"bases":[[[0.500737,0.763363,0.408092],[-0.66473,0.0371424,0.74616],[0.554433,-0.644901,0.526029]],[[0.263703,0.94614,0.187828],[-0.804725,0.10842,0.583663],[0.531863,-0.305064,0.789973]],[[0.263703,0.94614,0.187828],[-0.941169,0.20971,0.264996],[0.211334,-0.246658,0.945779]],[[0.263703,0.94614,0.187828],[-0.835332,0.321366,-0.446031],[-0.48237,-0.0392788,0.875087]]],"btipPosition":[35.8953,259.223,-42.2887],"carpPosition":[58.2989,234.734,49.6169],"dipPosition":[24.6374,258.306,-21.8652],"direction":[-0.211334,0.246658,-0.945779],"extended":false,"handId":699,"id":6990,"length":51.9721,"mcpPosition":[58.2989,234.734,49.6169],"pipPosition":[31.823,249.92,10.2925],"stabilizedTipPosition":[0.0851154,245.683,62.9842],"timeVisible":10.9276,"tipPosition":[34.2059,258.801,-36.9834],"tipVelocity":[-54.6773,88.0613,-202.427],"tool":false,"touchDistance":-0.61608,"touchZone":"hovering","type":0,"width":20.194},{"bases":[[[0.940694,0.115958,-0.318825],[0.103834,0.796267,0.595968],[0.322977,-0.593728,0.737002]],[[0.96623,0.0613229,-0.250277],[0.0623877,0.886701,0.458116],[0.250014,-0.458259,0.852931]],[[0.96623,0.0613229,-0.250277],[0.0191188,0.951532,0.306955],[0.25697,-0.301374,0.918226]],[[0.96623,0.0613229,-0.250277],[-0.0140791,0.982383,0.186349],[0.257296,-0.176532,0.950071]]],"btipPosition":[22.6073,329.43,-74.6638],"carpPosition":[67.592,255.965,54.2697],"dipPosition":[26.9911,326.422,-58.4762],"direction":[-0.25697,0.301374,-0.918226],"extended":true,"handId":699,"id":6991,"length":58.6448,"mcpPosition":[43.8965,299.524,0.198824],"pipPosition":[33.185,319.158,-36.3437],"stabilizedTipPosition":[-14.3494,321.514,54.7581],"timeVisible":10.9276,"tipPosition":[24.3551,328.337,-71.2734],"tipVelocity":[-92.08,55.9901,-217.196],"tool":false,"touchDistance":-0.650166,"touchZone":"hovering","type":1,"width":19.2893},{"bases":[[[0.944104,-0.102778,-0.313218],[0.268441,0.791179,0.549523],[0.191332,-0.602887,0.774544]],[[0.949611,-0.121527,-0.288913],[-0.040965,0.865743,-0.498809],[0.310743,0.48551,0.817141]],[[0.949611,-0.121527,-0.288913],[-0.303334,-0.124242,-0.94475],[0.0789178,0.984782,-0.154845]],[[0.949611,-0.121527,-0.288913],[-0.295872,-0.651765,-0.698328],[-0.103437,0.748621,-0.65488]]],"btipPosition":[50.4573,235.727,-25.5272],"carpPosition":[79.0053,259.074,50.9757],"dipPosition":[48.5189,249.757,-37.7996],"direction":[-0.0789178,-0.984782,0.154845],"extended":false,"handId":699,"id":6992,"length":66.821,"mcpPosition":[65.6934,301.02,-2.91318],"pipPosition":[50.7569,277.683,-42.1907],"stabilizedTipPosition":[25.2383,222.608,47.5018],"timeVisible":10.9276,"tipPosition":[50.3129,238.756,-27.5905],"tipVelocity":[-8.27153,91.2312,-183.934],"tool":false,"touchDistance":0.333333,"touchZone":"none","type":2,"width":18.9446},{"bases":[[[0.939029,-0.249725,-0.236351],[0.341169,0.762192,0.550152],[0.0427582,-0.597244,0.800919]],[[0.94,-0.275544,-0.201184],[0.13537,0.842501,-0.521409],[0.313168,0.46289,0.829252]],[[0.94,-0.275544,-0.201184],[-0.239849,-0.114343,-0.964053],[0.242635,0.954464,-0.173571]],[[0.94,-0.275544,-0.201184],[-0.334477,-0.628016,-0.702653],[0.0672656,0.727785,-0.682498]]],"btipPosition":[66.0186,235.78,-22.4504],"carpPosition":[90.5993,259.025,47.017],"dipPosition":[67.2719,249.341,-35.1669],"direction":[-0.242635,-0.954464,0.173571],"extended":false,"handId":699,"id":6993,"length":64.2502,"mcpPosition":[87.9283,296.332,-3.01374],"pipPosition":[73.9748,275.708,-39.9618],"stabilizedTipPosition":[46.8025,220.425,34.7126],"timeVisible":10.9276,"tipPosition":[66.4071,238.525,-24.5225],"tipVelocity":[-3.92249,109.42,-195.973],"tool":false,"touchDistance":0.333333,"touchZone":"none","type":3,"width":18.027},{"bases":[[[0.868301,-0.439652,-0.229695],[0.485497,0.658292,0.575277],[-0.101715,-0.61103,0.785046]],[[0.841864,-0.529452,-0.104625],[0.417965,0.762258,-0.494235],[0.341425,0.372349,0.86301]],[[0.841864,-0.529452,-0.104625],[-0.160711,-0.0608713,-0.985123],[0.515206,0.846153,-0.136334]],[[0.841864,-0.529452,-0.104625],[-0.423334,-0.527588,-0.736505],[0.334745,0.664328,-0.668292]]],"btipPosition":[79.4417,246.376,-20.7228],"carpPosition":[101.402,252.096,40.9567],"dipPosition":[85.1956,257.795,-32.2101],"direction":[-0.515206,-0.846153,0.136334],"extended":false,"handId":699,"id":6994,"length":50.3709,"mcpPosition":[107.284,287.428,-4.43839],"pipPosition":[95.2446,274.299,-34.8693],"stabilizedTipPosition":[59.1453,231.044,38.8253],"timeVisible":10.9276,"tipPosition":[81.0371,248.422,-22.3572],"tipVelocity":[-9.35462,122.477,-202.475],"tool":false,"touchDistance":0.333333,"touchZone":"none","type":4,"width":16.013}],"r":[[0.984629,0.00138369,0.174655],[-0.00855286,0.999151,0.0403017],[-0.174451,-0.041176,0.983805]],"s":0.939939,"t":[36.691,-3.65514,-147.001],"timestamp":523729076234},false],[7,{"currentFrameRate":110.087,"