{"sensorType":"Leap","data":[[0,{"currentFrameRate":103.187,"devices":[],"gestures":[],"hands":[{"armBasis":[[0.960177,0.128814,-0.247924],[0.0324798,0.829893,0.556977],[0.277496,-0.542849,0.79266]],"armWidth":63.5437,"confidence":0.661909,"direction":[-0.133408,0.704332,-0.697222],"elbow":[160.197,95.0621,271.556],"grabStrength":0,"id":699,"palmNormal":[-0.0591734,-0.707917,-0.703813],"palmPosition":[70.5211,275.704,18.5871],"palmVelocity":[77.4019,161.287,-261.89],"palmWidth":90.7382,"pinchStrength":0.636609,"r":[[0.965238,0.100539,0.241263],[-0.108237,0.993947,0.0188317],[-0.237909,-0.0442906,0.970277]],"s":1.04871,"sphereCenter":[58.4304,261.063,-22.1994],"sphereRadius":45.877,"stabilizedPalmPosition":[44.568,250.623,86.7459],"t":[34.7514,-8.26396,-138.694],"timeVisible":13.7747,"type":"right","wrist":[85.4804,241.226,58.1302]}],"id":4279252,"interactionBox":{"center":[0,200,0],"size":[235.247,235.247,147.751]},"pointables":[{"bases":[[[0.424983,0.791799,0.438684],[-0.717649,-0.000648074,0.696404],[0.551697,-0.610781,0.567958]],[[0.24471,0.935994,0.253046],[-0.796537,0.0452575,0.602893],[0.552852,-0.349095,0.756629]],[[0.24471,0.935994,0.253046],[-0.954346,0.186408,0.2334],[0.171291,-0.298609,0.938878]],[[0.24471,0.935994,0.253046],[-0.731566,0.349517,-0.585363],[-0.63634,-0.0418757,0.770271]]],"btipPosition":[38.6802,258.21,-30.7657],"carpPosition":[57.1735,229.701,56.7991],"dipPosition":[23.8287,257.232,-12.7884],"direction":[-0.171292,0.298609,-0.938878],"extended":false,"handId":699,"id":6990,"length":51.9721,"mcpPosition":[57.1735,229.701,56.7991],"pipPosition":[29.6529,247.079,19.1346],"stabilizedTipPosition":[-9.47587,252.007,107.461],"timeVisible":13.7747,"tipPosition":[34.933,259.645,-25.2181],"tipVelocity":[102.524,103.519,-300.254],"tool":false,"touchDistance":-0.759702,"touchZone":"hovering","type":0,"width":20.194},{"bases":[[[0.952849,0.170149,-0.251252],[0.0143698,0.801771,0.597459],[0.303104,-0.572898,0.761522]],[[0.968974,0.136284,-0.206194],[0.02859,0.766843,0.641198],[0.245503,-0.627199,0.739154]],[[0.968974,0.136284,-0.206194],[-0.0680328,0.949084,0.307588],[0.237615,-0.284017,0.92891]],[[0.968974,0.136284,-0.206194],[-0.139732,0.990187,-0.00218298],[0.203873,0.0309271,0.978509]]],"btipPosition":[22.904,326.666,-64.6117],"carpPosition":[64.8607,251.444,61.9882],"dipPosition":[26.3776,327.193,-47.9396],"direction":[-0.237615,0.284017,-0.92891],"extended":true,"handId":699,"id":6991,"length":58.6448,"mcpPosition":[42.6232,293.476,6.11838],"pipPosition":[32.105,320.347,-25.5496],"stabilizedTipPosition":[-14.6151,322.515,56.2106],"timeVisible":13.7747,"tipPosition":[23.9611,328.312,-59.9306],"tipVelocity":[82.7878,120.083,-292.027],"tool":false,"touchDistance":-0.750283,"touchZone":"hovering","type":1,"width":19.2893},{"bases":[[[0.968535,-0.0480081,-0.244204],[0.181905,0.806222,0.562954],[0.169856,-0.589662,0.789587]],[[0.972842,-0.0642159,-0.222384],[-0.0921785,0.7738,-0.626687],[0.212324,0.630167,0.746866]],[[0.972842,-0.0642159,-0.222384],[-0.230428,-0.359733,-0.904154],[-0.021938,0.930843,-0.364761]],[[0.972842,-0.0642159,-0.222384],[-0.181316,-0.808628,-0.559683],[-0.143886,0.584805,-0.79831]]],"btipPosition":[57.5764,228.589,-6.02784],"carpPosition":[76.2814,255.209,59.5031],"dipPosition":[54.88,239.548,-20.9882],"direction":[0.021938,-0.930843,0.364761],"extended":false,"handId":699,"id":6992,"length":66.821,"mcpPosition":[64.4637,296.235,4.56765],"pipPosition":[54.2579,265.944,-31.3319],"stabilizedTipPosition":[17.4922,206.078,85.5658],"timeVisible":13.7747,"tipPosition":[57.1799,230.78,-8.33983],"tipVelocity":[50.1629,169.621,-282.336],"tool":false,"touchDistance":0.333333,"touchZone":"none","type":2,"width":18.9446},{"bases":[[[0.966487,-0.194897,-0.167087],[0.255959,0.781523,0.568952],[0.0196948,-0.592652,0.805218]],[[0.965704,-0.180179,-0.186952],[0.019465,0.768242,-0.639863],[0.258914,0.614279,0.745402]],[[0.965704,-0.180179,-0.186952],[-0.240285,-0.347354,-0.906426],[0.0983805,0.920261,-0.378735]],[[0.965704,-0.180179,-0.186952],[-0.255291,-0.790213,-0.557127],[-0.0473494,0.585747,-0.80911]]],"btipPosition":[73.5111,229.145,-1.58764],"carpPosition":[88.1132,255.83,56.3855],"dipPosition":[72.6289,240.059,-16.6632],"direction":[-0.0983805,-0.920261,0.378735],"extended":false,"handId":699,"id":6993,"length":64.2502,"mcpPosition":[86.8829,292.851,6.0862],"pipPosition":[75.3467,265.481,-27.1259],"stabilizedTipPosition":[32.1378,204.553,93.3227],"timeVisible":13.7747,"tipPosition":[73.4074,231.376,-3.56308],"tipVelocity":[53.4344,167.268,-303.055],"tool":false,"touchDistance":0.333333,"touchZone":"none","type":3,"width":18.027},{"bases":[[[0.906604,-0.388614,-0.164463],[0.403895,0.686246,0.604926],[-0.12222,-0.614855,0.779112]],[[0.875675,-0.481355,-0.038604],[0.35796,0.700691,-0.617169],[0.324127,0.52662,0.785883]],[[0.875675,-0.481355,-0.038604],[-0.197906,-0.284807,-0.937933],[0.440485,0.828964,-0.344661]],[[0.875675,-0.481355,-0.038604],[-0.405799,-0.690173,-0.599156],[0.261763,0.540331,-0.799701]]],"btipPosition":[82.2544,241.062,-1.14153],"carpPosition":[99.7072,249.534,51.1531],"dipPosition":[86.7539,250.35,-14.8877],"direction":[-0.440485,-0.828964,0.344661],"extended":false,"handId":699,"id":6994,"length":50.3709,"mcpPosition":[106.775,285.088,6.10112],"pipPosition":[95.3454,266.518,-21.6102],"stabilizedTipPosition":[43.3208,217.039,88.8335],"timeVisible":13.7747,"tipPosition":[83.2752,242.893,-3.08449],"tipVelocity":[64.2228,162.842,-294.321],"tool":false,"touchDistance":0.333333,"touchZone":"none","type":4,"width":16.013}],"r":[[0.965238,0.100539,0.241263],[-0.108237,0.993947,0.0188317],[-0.237909,-0.0442906,0.970277]],"s":1.04871,"t":[34.7514,-8.26396,-138.694],"timestamp":523731923333},false],[1,{"currentFrameRate":103.524,"devices":[],"gestures":[],"hands":[{"armBasis":[[0.958542,0.125324,-0.255911],[0.0350225,0.839466,0.542282],[0.28279,-0.528763,0.800275]],"armWidth":63.5437,"confidence":0.666051,"direction":[-0.133194,0.70217,-0.69944],"elbow":[162.074,99.7238,272.492],"grabStrength":0,"id":699,"palmNormal":[-0.063753,-0.710337,-0.700968],"palmPosition":[70.9668,276.476,17.39],"palmVelocity":[69.6931,140.425,-226.326],"palmWidth":90.7382,"pinchStrength":0.644552,"r":[[0.96584,0.0972943,0.240183],[-0.104231,0.994419,0.0163154],[-0.237255,-0.0407924,0.970591]],"s":1.04344,"sphereCenter":[58.7469,261.648,-23.3637],"sphereRadius":45.8092,"stabilizedPalmPosition":[45.0681,251.112,85.4318],"t":[35.2536,-7.18184,-140.391],"timeVisible":13.7837,"type":"right","wrist":[85.9323,242.095,57.0155]}],"id":4279253,"interactionBox":{"center":[0,200,0],"size":[235.247,235.247,147.751]},"pointables":[{"bases":[[[0.429018,0.791987,0.434396],[-0.715479,0.00438816,0.69862],[0.551392,-0.610522,0.568533]],[[0.246475,0.937268,0.246536],[-0.797124,0.0513714,0.601626],[0.55122,-0.344805,0.75978]],[[0.246475,0.937268,0.246536],[-0.954189,0.190163,0.231001],[0.169628,-0.292177,0.941201]],[[0.246475,0.937268,0.246536],[-0.732519,0.346726,-0.58583],[-0.63456,-0.0361994,0.772025]]],"btipPosition":[39.1856,258.605,-32.0263],"carpPosition":[57.5827,230.661,55.8153],"dipPosition":[24.3757,257.76,-14.0082],"direction":[-0.169628,0.292177,-0.941201],"extended":false,"handId":699,"id":6990,"length":51.9721,"mcpPosition":[57.5827,230.661,55.8153],"pipPosition":[30.1433,247.826,17.9938],"stabilizedTipPosition":[-9.35041,252.025,107.086],"timeVisible":13.7837,"tipPosition":[35.4008,260.011,-26.5383],"tipVelocity":[90.0137,88.0155,-255.782],"tool":false,"touchDistance":-0.730834,"touchZone":"hovering","type":0,"width":20.194},{"bases":[[[0.952633,0.165977,-0.254837],[0.0189365,0.803945,0.594402],[0.303532,-0.571073,0.762722]],[[0.968378,0.133174,-0.210972],[0.0322767,0.771639,0.635242],[0.247392,-0.621964,0.742939]],[[0.968378,0.133174,-0.210972],[-0.0650895,0.95119,0.301663],[0.240848,-0.278392,0.92978]],[[0.968378,0.133174,-0.210972],[-0.137692,0.990452,-0.00680632],[0.208051,0.0356403,0.977468]]],"btipPosition":[23.1413,327.045,-65.9543],"carpPosition":[65.3594,252.397,60.899],"dipPosition":[26.6861,327.652,-49.2999],"direction":[-0.240848,0.278392,-0.92978],"extended":true,"handId":699,"id":6991,"length":58.6448,"mcpPosition":[43.0905,294.295,4.94115],"pipPosition":[32.4914,320.942,-26.889],"stabilizedTipPosition":[-14.3508,322.547,55.3998],"timeVisible":13.7837,"tipPosition":[24.2456,328.676,-61.3105],"tipVelocity":[67.7401,99.156,-252.73],"tool":false,"touchDistance":-0.723788,"touchZone":"hovering","type":1,"width":19.2893},{"bases":[[[0.967603,-0.0522046,-0.24702],[0.186377,0.807698,0.559363],[0.170316,-0.58728,0.791261]],[[0.971956,-0.068476,-0.224974],[-0.0909909,0.772648,-0.62828],[0.216848,0.631131,0.744749]],[[0.971956,-0.068476,-0.224974],[-0.234364,-0.360954,-0.902655],[-0.0193952,0.930066,-0.366879]],[[0.971956,-0.068476,-0.224974],[-0.185938,-0.809484,-0.556922],[-0.143978,0.583135,-0.799515]]],"btipPosition":[57.7602,229.335,-7.09859],"carpPosition":[76.785,256.114,58.3644],"dipPosition":[55.062,240.263,-22.0815],"direction":[0.0193952,-0.930066,0.366879],"extended":false,"handId":699,"id":6992,"length":66.821,"mcpPosition":[64.9353,296.974,3.31248],"pipPosition":[54.512,266.637,-32.4854],"stabilizedTipPosition":[18.0892,206.466,84.1185],"timeVisible":13.7837,"tipPosition":[57.3642,231.529,-9.43645],"tipVelocity":[41.949,145.479,-237.449],"tool":false,"touchDistance":0.333333,"touchZone":"none","type":2,"width":18.9446},{"bases":[[[0.965299,-0.198797,-0.169346],[0.260366,0.782772,0.565224],[0.0201947,-0.589702,0.807369]],[[0.964452,-0.183454,-0.190204],[0.0224535,0.77405,-0.632726],[0.263304,0.605963,0.750653]],[[0.964452,-0.183454,-0.190204],[-0.243532,-0.337596,-0.909242],[0.102592,0.923241,-0.370272]],[[0.964452,-0.183454,-0.190204],[-0.260104,-0.786156,-0.560629],[-0.0466808,0.590172,-0.805927]]],"btipPosition":[73.6514,230.019,-3.42664],"carpPosition":[88.609,256.683,55.2079],"dipPosition":[72.7816,241.016,-18.4429],"direction":[-0.102592,-0.923241,0.370272],"extended":false,"handId":699,"id":6993,"length":64.2502,"mcpPosition":[87.3475,293.52,4.77429],"pipPosition":[75.6158,266.521,-28.6718],"stabilizedTipPosition":[32.6226,204.881,92.1469],"timeVisible":13.7837,"tipPosition":[73.5692,232.249,-5.31032],"tipVelocity":[43.0934,148.49,-275.321],"tool":false,"touchDistance":0.333333,"touchZone":"none","type":3,"width":18.027},{"bases":[[[0.90477,-0.392298,-0.165812],[0.40809,0.687128,0.601097],[-0.121875,-0.611521,0.781786]],[[0.873483,-0.485354,-0.0381958],[0.362167,0.700205,-0.615263],[0.325365,0.523588,0.787396]],[[0.873483,-0.485354,-0.0381958],[-0.197748,-0.282001,-0.938814],[0.444886,0.827591,-0.342301]],[[0.873483,-0.485354,-0.0381958],[-0.40868,-0.688328,-0.599321],[0.264591,0.539106,-0.799597]]],"btipPosition":[82.5145,241.818,-2.58709],"carpPosition":[100.165,250.328,49.9633],"dipPosition":[87.0626,251.085,-16.3315],"direction":[-0.444886,-0.827591,0.342301],"extended":false,"handId":699,"id":6994,"length":50.3709,"mcpPosition":[107.213,285.689,4.75673],"pipPosition":[95.7399,267.227,-23.0079],"stabilizedTipPosition":[43.8567,217.398,87.5738],"timeVisible":13.7837,"tipPosition":[83.5518,243.639,-4.51019],"tipVelocity":[54.8214,140.948,-257.396],"tool":false,"touchDistance":0.333333,"touchZone":"none","type":4,"width":16.013}],"r":[[0.96584,0.0972943,0.240183],[-0.104231,0.994419,0.0163154],[-0.237255,-0.0407924,0.970591]],"s":1.04344,"t":[35.2536,-7.18184,-140.391],"timestamp":523731932357},false],[2,{"currentFrameRate":103.778,"devices":[],"gestures":[],"hands":[{"armBasis":[[0.956235,0.12754,-0.26334],[0.0344926,0.844592,0.534298],[0.290559,-0.519998,0.803229]],"armWidth":63.5437,"confidence":0.652497,"direction":[-0.132998,0.701993,-0.699655],"elbow":[164.506,102.957,272.419],"grabStrength":0,"id":699,"palmNormal":[-0.0645204,-0.710561,-0.700671],"palmPosition":[71.3145,277.344,16.5149],"palmVelocity":[60.8545,127.724,-189.885],"palmWidth":90.7382,"pinchStrength":0.663589,"r":[[0.966343,0.0945809,0.23924],[-0.100889,0.994796,0.014231],[-0.236649,-0.0378887,0.970856]],"s":1.03858,"sphereCenter":[59.0042,262.433,-24.2882],"sphereRadius":45.7732,"stabilizedPalmPosition":[45.5799,251.624,84.0882],"t":[35.6786,-6.20647,-141.677],"timeVisible":13.7928,"type":"right","wrist":[86.2727,242.968,56.1476]}],"id":4279254,"interactionBox":{"center":[0,200,0],"size":[235.247,235.247,147.751]},"pointables":[{"bases":[[[0.429733,0.791861,0.43392],[-0.715193,0.00514274,0.698908],[0.551206,-0.61068,0.568543]],[[0.245841,0.937923,0.244668],[-0.798414,0.0528123,0.599788],[0.549634,-0.342799,0.761834]],[[0.245841,0.937923,0.244668],[-0.95467,0.190584,0.228653],[0.167829,-0.28979,0.942261]],[[0.245841,0.937923,0.244668],[-0.733734,0.345009,-0.585323],[-0.633401,-0.035625,0.773004]]],"btipPosition":[39.6308,259.303,-33.0396],"carpPosition":[57.9148,231.554,54.9631],"dipPosition":[24.8479,258.471,-14.9986],"direction":[-0.167829,0.28979,-0.942261],"extended":false,"handId":699,"id":6990,"length":51.9721,"mcpPosition":[57.9148,231.554,54.9631],"pipPosition":[30.5543,248.618,17.0394],"stabilizedTipPosition":[-9.21685,252.046,106.687],"timeVisible":13.7928,"tipPosition":[35.8364,260.653,-27.5941],"tipVelocity":[78.6658,84.8207,-215.178],"tool":false,"touchDistance":-0.701204,"touchZone":"hovering","type":0,"width":20.194},{"bases":[[[0.952643,0.16523,-0.255285],[0.0197245,0.804159,0.594087],[0.303451,-0.570988,0.762817]],[[0.967877,0.133606,-0.212985],[0.0322399,0.774174,0.632151],[0.249347,-0.618712,0.744998]],[[0.967877,0.133606,-0.212985],[-0.0654984,0.951859,0.299458],[0.242741,-0.275888,0.930034]],[[0.967877,0.133606,-0.212985],[-0.138336,0.990358,-0.0073927],[0.209944,0.0366188,0.977027]]],"btipPosition":[23.3345,327.711,-66.9118],"carpPosition":[65.7084,253.287,60.0354],"dipPosition":[26.9116,328.335,-50.2649],"direction":[-0.242741,0.275888,-0.930034],"extended":true,"handId":699,"id":6991,"length":58.6448,"mcpPosition":[43.4454,295.178,4.07053],"pipPosition":[32.7625,321.685,-27.8478],"stabilizedTipPosition":[-14.1032,322.581,54.6381],"timeVisible":13.7928,"tipPosition":[24.4813,329.305,-62.2996],"tipVelocity":[54.9686,91.9222,-211.49],"tool":false,"touchDistance":-0.69413,"touchZone":"hovering","type":1,"width":19.2893},{"bases":[[[0.967467,-0.0529583,-0.247391],[0.187154,0.807785,0.558979],[0.170236,-0.587094,0.791417]],[[0.971933,-0.069696,-0.224698],[-0.0870528,0.78077,-0.618724],[0.21856,0.620919,0.752789]],[[0.971933,-0.069696,-0.224698],[-0.234772,-0.348775,-0.907325],[-0.015132,0.934611,-0.355348]],[[0.971933,-0.069696,-0.224698],[-0.187986,-0.80434,-0.563648],[-0.14145,0.590068,-0.794866]]],"btipPosition":[57.8656,230.434,-8.77964],"carpPosition":[77.1355,256.994,57.4948],"dipPosition":[55.2149,241.492,-23.6754],"direction":[0.015132,-0.934611,0.355348],"extended":false,"handId":699,"id":6992,"length":66.821,"mcpPosition":[65.2913,297.841,2.43202],"pipPosition":[54.7858,267.995,-33.7523],"stabilizedTipPosition":[18.6771,206.864,82.6727],"timeVisible":13.7928,"tipPosition":[57.5212,232.623,-10.9569],"tipVelocity":[33.801,139.301,-221.823],"tool":false,"touchDistance":0.333333,"touchZone":"none","type":2,"width":18.9446},{"bases":[[[0.965095,-0.199519,-0.16966],[0.261128,0.78281,0.564819],[0.0201195,-0.589407,0.807586]],[[0.964246,-0.184145,-0.190576],[0.0226275,0.773721,-0.633122],[0.264039,0.606174,0.750225]],[[0.964246,-0.184145,-0.190576],[-0.244181,-0.337928,-0.908944],[0.102976,0.922982,-0.370811]],[[0.964246,-0.184145,-0.190576],[-0.260859,-0.786276,-0.56011],[-0.0467043,0.589798,-0.806199]]],"btipPosition":[73.9627,230.877,-4.27576],"carpPosition":[88.9586,257.554,54.3333],"dipPosition":[73.0925,241.866,-19.2971],"direction":[-0.102976,-0.922982,0.370811],"extended":false,"handId":699,"id":6993,"length":64.2502,"mcpPosition":[87.7018,294.372,3.88609],"pipPosition":[75.9373,267.364,-29.5409],"stabilizedTipPosition":[33.1057,205.216,90.974],"timeVisible":13.7928,"tipPosition":[73.8783,233.109,-6.1818],"tipVelocity":[40.555,133.151,-224.473],"tool":false,"touchDistance":0.333333,"touchZone":"none","type":3,"width":18.027},{"bases":[[[0.904435,-0.392978,-0.166027],[0.408801,0.687079,0.600669],[-0.121976,-0.611139,0.782069]],[[0.872523,-0.487205,-0.0365256],[0.367962,0.704472,-0.606897],[0.321415,0.516091,0.793941]],[[0.872523,-0.487205,-0.0365256],[-0.19215,-0.273458,-0.942496],[0.449201,0.829368,-0.332215]],[[0.872523,-0.487205,-0.0365256],[-0.407325,-0.684107,-0.605049],[0.269796,0.542797,-0.79535]]],"btipPosition":[82.8291,242.824,-3.98084],"carpPosition":[100.508,251.19,49.0864],"dipPosition":[87.4667,252.154,-17.6522],"direction":[-0.449201,-0.829368,0.332215],"extended":false,"handId":699,"id":6994,"length":50.3709,"mcpPosition":[107.562,286.529,3.86349],"pipPosition":[96.2282,268.33,-24.1319],"stabilizedTipPosition":[44.3846,217.761,86.3253],"timeVisible":13.7928,"tipPosition":[83.8889,244.638,-5.83502],"tipVelocity":[49.7442,132.705,-227.568],"tool":false,"touchDistance":0.333333,"touchZone":"none","type":4,"width":16.013}],"r":[[0.966343,0.0945809,0.23924],[-0.100889,0.994796,0.014231],[-0.236649,-0.0378887,0.970856]],"s":1.03858,"t":[35.6786,-6.20647,-141.677],"timestamp":523731941515},false],[3,{"currentFrameRate":104.136,"devices":[],"gestures":[],"hands":[{"armBasis":[[0.956033,0.126319,-0.26466],[0.0336275,0.849302,0.526835],[0.291326,-0.512571,0.807713]],"armWidth":63.5437,"confidence":0.619862,"direction":[-0.13335,0.702044,-0.699537],"elbow":[165.072,105.66,272.836],"grabStrength":0,"id":699,"palmNormal":[-0.0650352,-0.710518,-0.700667],"palmPosition":[71.6532,278.052,15.736],"palmVelocity":[54.6004,114.489,-161.888],"palmWidth":90.7382,"pinchStrength":0.676622,"r":[[0.96677,0.0923826,0.238372],[-0.0981913,0.995088,0.0125834],[-0.236039,-0.0355713,0.971092]],"s":1.03349,"sphereCenter":[59.3175,263.053,-25.1683],"sphereRadius":45.7143,"stabilizedPalmPosition":[46.0889,252.14,82.7538],"t":[36.0604,-5.36521,-142.709],"timeVisible":13.8018,"type":"right","wrist":[86.6318,243.672,55.3576]}],"id":4279255,"interactionBox":{"center":[0,200,0],"size":[235.247,235.247,147.751]},"pointables":[{"bases":[[[0.430092,0.791789,0.433695],[-0.714761,0.00518936,0.69935],[0.551486,-0.610773,0.568172]],[[0.244967,0.938481,0.243401],[-0.799472,0.0535049,0.598315],[0.548485,-0.34116,0.763397]],[[0.244967,0.938481,0.243401],[-0.955002,0.190267,0.227531],[0.167222,-0.288186,0.94286]],[[0.244967,0.938481,0.243401],[-0.73578,0.343437,-0.583677],[-0.631363,-0.0361082,0.774646]]],"btipPosition":[40.0181,259.885,-33.9491],"carpPosition":[58.2719,232.261,54.1901],"dipPosition":[25.2829,259.042,-15.8698],"direction":[-0.167222,0.288186,-0.94286],"extended":false,"handId":699,"id":6990,"length":51.9721,"mcpPosition":[58.2719,232.261,54.1901],"pipPosition":[30.9686,249.243,16.1886],"stabilizedTipPosition":[-9.0771,252.069,106.271],"timeVisible":13.8018,"tipPosition":[36.2306,261.18,-28.5275],"tipVelocity":[69.3769,79.3808,-184.003],"tool":false,"touchDistance":-0.672928,"touchZone":"hovering","type":0,"width":20.194},{"bases":[[[0.952504,0.165133,-0.255865],[0.0201843,0.804126,0.594116],[0.303856,-0.571062,0.7626]],[[0.967204,0.134785,-0.215289],[0.0318697,0.776496,0.629315],[0.251993,-0.615538,0.746735]],[[0.967204,0.134785,-0.215289],[-0.066521,0.952424,0.297429],[0.245135,-0.273353,0.930154]],[[0.967204,0.134785,-0.215289],[-0.139744,0.990156,-0.00790982],[0.212103,0.0377357,0.976518]]],"btipPosition":[23.4596,328.206,-67.7412],"carpPosition":[66.0711,253.992,59.2587],"dipPosition":[27.0735,328.849,-51.103],"direction":[-0.245135,0.273353,-0.930154],"extended":true,"handId":699,"id":6991,"length":58.6448,"mcpPosition":[43.7784,295.889,3.30972],"pipPosition":[32.9821,322.26,-28.683],"stabilizedTipPosition":[-13.8776,322.615,53.9415],"timeVisible":13.8018,"tipPosition":[24.6506,329.77,-63.1591],"tipVelocity":[44.0575,82.1017,-179.205],"tool":false,"touchDistance":-0.665522,"touchZone":"hovering","type":1,"width":19.2893},{"bases":[[[0.967308,-0.0530573,-0.247991],[0.187592,0.807735,0.558904],[0.170657,-0.587154,0.791282]],[[0.971844,-0.0700367,-0.224975],[-0.0849191,0.786529,-0.611687],[0.219789,0.613569,0.758436]],[[0.971844,-0.0700367,-0.224975],[-0.235279,-0.340088,-0.910485],[-0.0127438,0.937782,-0.346991]],[[0.971844,-0.0700367,-0.224975],[-0.189289,-0.800653,-0.568441],[-0.140315,0.595021,-0.791367]]],"btipPosition":[58.0499,231.313,-10.1278],"carpPosition":[77.497,257.699,56.7112],"dipPosition":[55.4204,242.464,-24.958],"direction":[0.0127438,-0.937782,0.346991],"extended":false,"handId":699,"id":6992,"length":66.821,"mcpPosition":[65.6236,298.55,1.65785],"pipPosition":[55.059,269.057,-34.7979],"stabilizedTipPosition":[19.2357,207.253,81.2865],"timeVisible":13.8018,"tipPosition":[57.7253,233.507,-12.2409],"tipVelocity":[30.3581,128.813,-202.043],"tool":false,"touchDistance":0.333333,"touchZone":"none","type":2,"width":18.9446},{"bases":[[[0.964966,-0.199622,-0.170267],[0.261567,0.782751,0.564698],[0.0205502,-0.589451,0.807543]],[[0.964079,-0.183876,-0.191682],[0.0267945,0.785291,-0.618547],[0.264262,0.591192,0.762009]],[[0.964079,-0.183876,-0.191682],[-0.243014,-0.319292,-0.915968],[0.107222,0.929646,-0.352507]],[[0.964079,-0.183876,-0.191682],[-0.261942,-0.77779,-0.57134],[-0.0440323,0.601026,-0.798016]]],"btipPosition":[74.1185,231.857,-6.24712],"carpPosition":[89.3183,258.257,53.5424],"dipPosition":[73.2981,243.055,-21.116],"direction":[-0.107222,-0.929646,0.352508],"extended":false,"handId":699,"id":6993,"length":64.2502,"mcpPosition":[88.0346,295.078,3.0979],"pipPosition":[76.2601,268.737,-30.8541],"stabilizedTipPosition":[33.5575,205.54,89.8603],"timeVisible":13.8018,"tipPosition":[74.0848,234.098,-7.95142],"tipVelocity":[34.6026,128.243,-222.395],"tool":false,"touchDistance":0.333333,"touchZone":"none","type":3,"width":18.027},{"bases":[[[0.904287,-0.393074,-0.166606],[0.409252,0.687001,0.600452],[-0.121563,-0.611165,0.782113]],[[0.872014,-0.488169,-0.0358069],[0.370579,0.706213,-0.603269],[0.319785,0.51279,0.796733]],[[0.872014,-0.488169,-0.0358069],[-0.189824,-0.26984,-0.944009],[0.451174,0.829986,-0.32797]],[[0.872014,-0.488169,-0.0358069],[-0.406908,-0.682309,-0.607355],[0.272061,0.544193,-0.793623]]],"btipPosition":[83.141,243.608,-4.99263],"carpPosition":[100.864,251.892,48.2881],"dipPosition":[87.8175,252.962,-18.6343],"direction":[-0.451174,-0.829986,0.32797],"extended":false,"handId":699,"id":6994,"length":50.3709,"mcpPosition":[107.894,287.232,3.06263],"pipPosition":[96.6175,269.15,-25.0312],"stabilizedTipPosition":[44.8951,218.12,85.1147],"timeVisible":13.8018,"tipPosition":[84.2132,245.424,-6.85635],"tipVelocity":[45.9779,120.626,-196.198],"tool":false,"touchDistance":0.333333,"touchZone":"none","type":4,"width":16.013}],"r":[[0.96677,0.0923826,0.238372],[-0.0981913,0.995088,0.0125834],[-0.236039,-0.0355713,0.971092]],"s":1.03349,"t":[36.0604,-5.36521,-142.709],"timestamp":523731950444},false],[4,{"currentFrameRate":104.38,"devices":[],"gestures":[],"hands":[{"armBasis":[[0.955646,0.120761,-0.268622],[0.0373969,0.854936,0.517384],[0.292135,-0.504481,0.8125]],"armWidth":63.5437,"confidence":0.621425,"direction":[-0.134606,0.701039,-0.700304],"elbow":[165.574,108.895,272.892],"grabStrength":0,"id":699,"palmNormal":[-0.0705479,-0.711722,-0.698909],"palmPosition":[71.8501,279.073,14.5061],"palmVelocity":[45.4287,113.788,-154.357],"palmWidth":90.7382,"pinchStrength":0.678569,"r":[[0.96739,0.0901338,0.236712],[-0.0954222,0.995377,0.0109558],[-0.23463,-0.0331862,0.971518]],"s":1.02847,"sphereCenter":[59.2963,263.917,-26.4186],"sphereRadius":45.6703,"stabilizedPalmPosition":[46.6157,252.691,81.3581],"t":[36.3498,-4.43374,-143.84],"timeVisible":13.8109,"type":"right","wrist":[86.916,244.728,54.1246]}],"id":4279256,"interactionBox":{"center":[0,200,0],"size":[235.247,235.247,147.751]},"pointables":[{"bases":[[[0.434557,0.791355,0.43002],[-0.711364,0.00874926,0.702769],[0.552378,-0.611294,0.566744]],[[0.247761,0.938852,0.239103],[-0.798021,0.0578291,0.599849],[0.549343,-0.339429,0.763551]],[[0.247761,0.938852,0.239103],[-0.953507,0.192594,0.231802],[0.171578,-0.285418,0.94292]],[[0.247761,0.938852,0.239103],[-0.740407,0.34266,-0.578257],[-0.624829,-0.0337638,0.780031]]],"btipPosition":[39.9195,260.789,-35.158],"carpPosition":[58.5166,233.4,53.1166],"dipPosition":[25.3368,260.001,-16.953],"direction":[-0.171578,0.285418,-0.94292],"extended":false,"handId":699,"id":6990,"length":51.9721,"mcpPosition":[58.5166,233.4,53.1166],"pipPosition":[31.1706,250.297,15.1075],"stabilizedTipPosition":[-8.92643,252.097,105.818],"timeVisible":13.8109,"tipPosition":[36.1992,262.051,-29.7291],"tipVelocity":[48.1695,85.2489,-168.809],"tool":false,"touchDistance":-0.651668,"touchZone":"hovering","type":0,"width":20.194},{"bases":[[[0.951753,0.161744,-0.260779],[0.025466,0.805252,0.592386],[0.305808,-0.570446,0.762281]],[[0.966021,0.132642,-0.221833],[0.0362905,0.780163,0.624523],[0.255903,-0.611352,0.74884]],[[0.966021,0.132642,-0.221833],[-0.0635913,0.953864,0.293427],[0.250519,-0.26935,0.929888]],[[0.966021,0.132642,-0.221833],[-0.138322,0.990335,-0.0101959],[0.218336,0.0405337,0.975031]]],"btipPosition":[23.2473,328.964,-68.9312],"carpPosition":[66.4055,255.118,58.1037],"dipPosition":[26.9674,329.654,-52.3183],"direction":[-0.250519,0.26935,-0.929888],"extended":true,"handId":699,"id":6991,"length":58.6448,"mcpPosition":[43.9696,296.969,2.17814],"pipPosition":[33.0058,323.162,-29.9048],"stabilizedTipPosition":[-13.6634,322.652,53.2699],"timeVisible":13.8109,"tipPosition":[24.498,330.509,-64.3839],"tipVelocity":[26.0982,82.6826,-165.827],"tool":false,"touchDistance":-0.645241,"touchZone":"hovering","type":1,"width":19.2893},{"bases":[[[0.965938,-0.0564738,-0.252535],[0.192712,0.808284,0.556362],[0.172701,-0.586078,0.791636]],[[0.97056,-0.0735275,-0.229361],[-0.0850836,0.786207,-0.612078],[0.22533,0.613573,0.756805]],[[0.97056,-0.0735275,-0.229361],[-0.240606,-0.339507,-0.909309],[-0.0110105,0.937725,-0.347204]],[[0.97056,-0.0735275,-0.229361],[-0.194688,-0.800146,-0.56733],[-0.141808,0.595282,-0.790905]]],"btipPosition":[57.9533,232.321,-11.2941],"carpPosition":[77.8301,258.785,55.4938],"dipPosition":[55.2958,243.477,-26.1157],"direction":[0.0110105,-0.937725,0.347204],"extended":false,"handId":699,"id":6992,"length":66.821,"mcpPosition":[65.8145,299.561,0.415788],"pipPosition":[54.9836,270.069,-35.9616],"stabilizedTipPosition":[19.7996,207.662,79.8658],"timeVisible":13.8109,"tipPosition":[57.622,234.537,-13.4411],"tipVelocity":[18.7883,123.752,-181.361],"tool":false,"touchDistance":0.333333,"touchZone":"none","type":2,"width":18.9446},{"bases":[[[0.96353,-0.202875,-0.174505],[0.266639,0.783089,0.56185],[0.0226677,-0.587889,0.808624]],[[0.962583,-0.187132,-0.195997],[0.031261,0.795128,-0.605635],[0.269177,0.576847,0.771227]],[[0.962583,-0.187132,-0.195997],[-0.24646,-0.303884,-0.920278],[0.112653,0.93415,-0.338634]],[[0.962583,-0.187132,-0.195997],[-0.267514,-0.771609,-0.57711],[-0.0432373,0.607949,-0.792798]]],"btipPosition":[73.9217,233.189,-8.48126],"carpPosition":[89.6376,259.302,52.267],"dipPosition":[73.1161,244.517,-23.2529],"direction":[-0.112653,-0.93415,0.338634],"extended":false,"handId":699,"id":6993,"length":64.2502,"mcpPosition":[88.2216,296.025,1.75498],"pipPosition":[76.2282,270.323,-32.6078],"stabilizedTipPosition":[33.9964,205.87,88.749],"timeVisible":13.8109,"tipPosition":[73.9229,235.404,-10.0832],"tipVelocity":[19.1018,134.088,-227.949],"tool":false,"touchDistance":0.333333,"touchZone":"none","type":3,"width":18.027},{"bases":[[[0.902287,-0.396134,-0.170162],[0.414205,0.686966,0.597086],[-0.119631,-0.609225,0.783922]],[[0.868941,-0.493691,-0.0347867],[0.379194,0.709288,-0.594241],[0.318045,0.50317,0.803534]],[[0.868941,-0.493691,-0.0347867],[-0.185545,-0.259801,-0.947669],[0.458818,0.829923,-0.317353]],[[0.868941,-0.493691,-0.0347867],[-0.408977,-0.676697,-0.612225],[0.27871,0.546214,-0.789918]]],"btipPosition":[83.1019,244.8,-6.92585],"carpPosition":[101.139,252.891,46.97],"dipPosition":[87.8927,254.189,-20.5038],"direction":[-0.458818,-0.829923,0.317353],"extended":false,"handId":699,"id":6994,"length":50.3709,"mcpPosition":[108.056,288.119,1.63999],"pipPosition":[96.8418,270.377,-26.6937],"stabilizedTipPosition":[45.4001,218.49,83.8923],"timeVisible":13.8109,"tipPosition":[84.2194,246.584,-8.68285],"tipVelocity":[32.814,123.666,-200.103],"tool":false,"touchDistance":0.333333,"touchZone":"none","type":4,"width":16.013}],"r":[[0.96739,0.0901338,0.236712],[-0.0954222,0.995377,0.0109558],[-0.23463,-0.0331862,0.971518]],"s":1.02847,"t":[36.3498,-4.43374,-143.84],"timestamp":523731959569},false],[5,{"currentFrameRate":104.656,"devices":[],"gestures":[],"hands":[{"armBasis":[[0.95214,0.125957,-0.278505],[0.036171,0.858317,0.511844],[0.303515,-0.497421,0.812681]],"armWidth":63.5437,"confidence":0.625606,"direction":[-0.135678,0.701247,-0.699889],"elbow":[168.548,112.614,270.976],"grabStrength":0,"id":699,"palmNormal":[-0.0706061,-0.711468,-0.699162],"palmPosition":[71.7027,280.898,12.5682],"palmVelocity":[28.4159,138.056,-170.907],"palmWidth":90.7382,"pinchStrength":0.712503,"r":[[0.967905,0.0884493,0.235237],[-0.093349,0.995586,0.00975227],[-0.233336,-0.0313984,0.971889]],"s":1.02302,"sphereCenter":[59.1708,265.598,-28.5098],"sphereRadius":45.6265,"stabilizedPalmPosition":[47.1474,253.288,79.9002],"t":[36.4208,-3.05582,-145.375],"timeVisible":13.8199,"type":"right","wrist":[86.8254,246.546,52.1595]}],"id":4279257,"interactionBox":{"center":[0,200,0],"size":[235.247,235.247,147.751]},"pointables":[{"bases":[[[0.43434,0.791479,0.430011],[-0.710799,0.00793333,0.703351],[0.553276,-0.611145,0.566028]],[[0.245412,0.939899,0.237409],[-0.80009,0.0580959,0.59706],[0.547383,-0.336475,0.766261]],[[0.245412,0.939899,0.237409],[-0.954092,0.1908,0.230878],[0.171704,-0.28317,0.943574]],[[0.245412,0.939899,0.237409],[-0.745105,0.339548,-0.574043],[-0.620154,-0.036018,0.783653]]],"btipPosition":[39.8204,262.416,-37.3466],"carpPosition":[58.4333,235.198,51.1697],"dipPosition":[25.3467,261.576,-19.0571],"direction":[-0.171704,0.28317,-0.943574],"extended":false,"handId":699,"id":6990,"length":51.9721,"mcpPosition":[58.4333,235.198,51.1697],"pipPosition":[31.1849,251.948,13.0256],"stabilizedTipPosition":[-8.764,252.134,105.321],"timeVisible":13.8199,"tipPosition":[36.1229,263.627,-31.9025],"tipVelocity":[32.6382,110.999,-188.429],"tool":false,"touchDistance":-0.647372,"touchZone":"hovering","type":0,"width":20.194},{"bases":[[[0.951424,0.16254,-0.261482],[0.0253706,0.805012,0.592716],[0.306836,-0.570559,0.761784]],[[0.965154,0.134747,-0.224323],[0.034791,0.783549,0.620356],[0.259359,-0.606543,0.751557]],[[0.965154,0.134747,-0.224323],[-0.0659565,0.954822,0.289768],[0.253233,-0.264875,0.930438]],[[0.965154,0.134747,-0.224323],[-0.141045,0.989928,-0.0122169],[0.220417,0.0434309,0.974438]]],"btipPosition":[22.8282,330.41,-70.9582],"carpPosition":[66.3107,256.92,56.1598],"dipPosition":[26.5837,331.15,-54.3554],"direction":[-0.253233,0.264875,-0.930438],"extended":true,"handId":699,"id":6991,"length":58.6448,"mcpPosition":[43.7994,298.779,0.270737],"pipPosition":[32.6875,324.766,-31.9286],"stabilizedTipPosition":[-13.4556,322.696,52.6001],"timeVisible":13.8199,"tipPosition":[24.1094,331.965,-66.4235],"tipVelocity":[6.37522,104.347,-182.003],"tool":false,"touchDistance":-0.63949,"touchZone":"hovering","type":1,"width":19.2893},{"bases":[[[0.965773,-0.0556714,-0.253345],[0.192585,0.80818,0.556558],[0.173764,-0.586299,0.791239]],[[0.970467,-0.0728963,-0.229957],[-0.0797997,0.802576,-0.591188],[0.227653,0.592079,0.773056]],[[0.970467,-0.0728963,-0.229957],[-0.241182,-0.312972,-0.918629],[-0.00500523,0.946961,-0.32131]],[[0.970467,-0.0728963,-0.229957],[-0.197343,-0.788153,-0.582984],[-0.138744,0.611147,-0.779262]]],"btipPosition":[57.4403,234.621,-14.9518],"carpPosition":[77.7306,260.596,53.5422],"dipPosition":[54.8403,246.074,-29.5551],"direction":[0.00500523,-0.946961,0.32131],"extended":false,"handId":699,"id":6992,"length":66.821,"mcpPosition":[65.641,301.387,-1.50824],"pipPosition":[54.6984,272.928,-38.6667],"stabilizedTipPosition":[20.346,208.098,78.4179],"timeVisible":13.8199,"tipPosition":[57.1969,236.834,-16.7238],"tipVelocity":[-1.62557,161.864,-241.374],"tool":false,"touchDistance":0.333333,"touchZone":"none","type":2,"width":18.9446},{"bases":[[[0.963533,-0.202108,-0.175376],[0.266534,0.783035,0.561974],[0.0237463,-0.588225,0.808349]],[[0.962558,-0.186359,-0.196858],[0.0302333,0.79548,-0.605225],[0.269386,0.576613,0.771329]],[[0.962558,-0.186359,-0.196858],[-0.246978,-0.303577,-0.920241],[0.111733,0.934404,-0.338237]],[[0.962558,-0.186359,-0.196858],[-0.267432,-0.771526,-0.577258],[-0.0443039,0.608291,-0.792477]]],"btipPosition":[73.7878,235.028,-10.4465],"carpPosition":[89.535,261.122,50.306],"dipPosition":[72.9623,246.362,-25.2122],"direction":[-0.111733,-0.934404,0.338237],"extended":false,"handId":699,"id":6993,"length":64.2502,"mcpPosition":[88.0517,297.867,-0.188796],"pipPosition":[76.049,272.175,-34.5561],"stabilizedTipPosition":[34.4444,206.229,87.5885],"timeVisible":13.8199,"tipPosition":[73.7789,237.258,-12.116],"tipVelocity":[9.61448,153.243,-225.013],"tool":false,"touchDistance":0.333333,"touchZone":"none","type":3,"width":18.027},{"bases":[[[0.902432,-0.395413,-0.171067],[0.414198,0.687003,0.597049],[-0.118557,-0.609652,0.783753]],[[0.868159,-0.495225,-0.0324408],[0.38548,0.714053,-0.584408],[0.312578,0.494854,0.810811]],[[0.868159,-0.495225,-0.0324408],[-0.178716,-0.250979,-0.951352],[0.462991,0.831722,-0.306394]],[[0.868159,-0.495225,-0.0324408],[-0.406855,-0.67276,-0.61795],[0.2842,0.549678,-0.785548]]],"btipPosition":[82.9546,246.855,-9.43466],"carpPosition":[101.037,254.722,44.9969],"dipPosition":[87.8397,256.303,-22.9375],"direction":[-0.462991,-0.831722,0.306394],"extended":false,"handId":699,"id":6994,"length":50.3709,"mcpPosition":[107.892,289.975,-0.323348],"pipPosition":[96.8702,272.526,-28.9136],"stabilizedTipPosition":[45.9096,218.893,82.622],"timeVisible":13.8199,"tipPosition":[84.0962,248.621,-11.142],"tipVelocity":[19.9415,152.646,-220.927],"tool":false,"touchDistance":0.333333,"touchZone":"none","type":4,"width":16.013}],"r":[[0.967905,0.0884493,0.235237],[-0.093349,0.995586,0.00975227],[-0.233336,-0.0313984,0.971889]],"s":1.02302,"t":[36.4208,-3.05582,-145.375],"timestamp":523731968607},false],[6,{"currentFrameRate":104.959,"devices":[],"gestures":[],"hands":[{"armBasis":[[0.954074,0.119046,-0.274903],[0.0382694,0.8617,0.505973],[0.297117,-0.493256,0.817569]],"armWidth":63.5437,"confidence":0.627652,"direction":[-0.136339,0.699392,-0.701614],"elbow":[166.678,115.002,270.802],"grabStrength":0,"id":699,"palmNormal":[-0.0735184,-0.713418,-0.696872],"palmPosition":[71.5102,282.072,11.015],"palmVelocity":[14.7616,136.133,-171.559],"palmWidth":90.7382,"pinchStrength":0.728352,"r":[[0.96846,0.0869282,0.233515],[-0.0913688,0.995783,0.00824495],[-0.231813,-0.0293209,0.972318]],"s":1.0177,"sphereCenter":[58.852,266.6,-30.0428],"sphereRadius":45.5624,"stabilizedPalmPosition":[47.6704,253.906,78.4213],"t":[36.36,-1.77965,-146.919],"timeVisible":13.8289,"type":"right","wrist":[86.6787,247.813,50.6692]}],"id":4279258,"interactionBox":{"center":[0,200,0],"size":[235.247,235.247,147.751]},"pointables":[{"bases":[[[0.436693,0.79205,0.426563],[-0.708994,0.0111505,0.705127],[0.553739,-0.610354,0.566428]],[[0.245458,0.941257,0.231919],[-0.801551,0.0625081,0.59465],[0.545221,-0.331857,0.769808]],[[0.245458,0.941257,0.231919],[-0.954201,0.192384,0.229105],[0.171029,-0.277533,0.94537]],[[0.245458,0.941257,0.231919],[-0.747167,0.336121,-0.57338],[-0.61765,-0.032542,0.785779]]],"btipPosition":[39.7254,263.224,-39.0185],"carpPosition":[58.2661,236.508,49.7851],"dipPosition":[25.3101,262.464,-20.6793],"direction":[-0.171029,0.277533,-0.94537],"extended":false,"handId":699,"id":6990,"length":51.9721,"mcpPosition":[58.2661,236.508,49.7851],"pipPosition":[31.1253,253.028,11.4645],"stabilizedTipPosition":[-8.59839,252.174,104.808],"timeVisible":13.8289,"tipPosition":[35.9944,264.426,-33.5889],"tipVelocity":[21.2167,105.844,-187.56],"tool":false,"touchDistance":-0.635874,"touchZone":"hovering","type":0,"width":20.194},{"bases":[[[0.951014,0.160242,-0.264377],[0.0281615,0.806718,0.590265],[0.307863,-0.568795,0.762688]],[[0.964319,0.133579,-0.228571],[0.0365276,0.787983,0.614612],[0.262209,-0.601032,0.754988]],[[0.964319,0.133579,-0.228571],[-0.0650652,0.956475,0.284469],[0.256621,-0.259447,0.931038]],[[0.964319,0.133579,-0.228571],[-0.14089,0.989898,-0.0158968],[0.224138,0.047533,0.973397]]],"btipPosition":[22.3658,331.156,-72.6371],"carpPosition":[66.1908,258.232,54.6909],"dipPosition":[26.1847,331.966,-56.0521],"direction":[-0.256621,0.259447,-0.931038],"extended":true,"handId":699,"id":6991,"length":58.6448,"mcpPosition":[43.6041,299.962,-1.26445],"pipPosition":[32.3702,325.712,-33.6108],"stabilizedTipPosition":[-13.2608,322.742,51.9557],"timeVisible":13.8289,"tipPosition":[23.6796,332.704,-68.1304],"tipVelocity":[-9.04055,99.0538,-183.582],"tool":false,"touchDistance":-0.629119,"touchZone":"hovering","type":1,"width":19.2893},{"bases":[[[0.965035,-0.0579667,-0.25563],[0.195288,0.809512,0.553673],[0.174841,-0.584235,0.792527]],[[0.969838,-0.0754336,-0.231786],[-0.0775394,0.80604,-0.58676],[0.23109,0.587035,0.775879]],[[0.969838,-0.0754336,-0.231786],[-0.243743,-0.30824,-0.919553],[-0.00208062,0.948313,-0.317329]],[[0.969838,-0.0754336,-0.231786],[-0.200629,-0.787075,-0.583319],[-0.138431,0.612228,-0.778469]]],"btipPosition":[56.9907,235.948,-16.8135],"carpPosition":[77.6098,261.882,52.0334],"dipPosition":[54.3965,247.421,-31.402],"direction":[0.00208062,-0.948313,0.317329],"extended":false,"handId":699,"id":6992,"length":66.821,"mcpPosition":[65.4453,302.53,-3.10659],"pipPosition":[54.3374,274.313,-40.4007],"stabilizedTipPosition":[20.88,208.55,76.9575],"timeVisible":13.8289,"tipPosition":[56.745,238.15,-18.6198],"tipVelocity":[-14.868,158.205,-232.06],"tool":false,"touchDistance":0.333333,"touchZone":"none","type":2,"width":18.9446},{"bases":[[[0.96276,-0.204168,-0.177223],[0.269211,0.784265,0.558976],[0.0248646,-0.58587,0.810023]],[[0.961766,-0.188609,-0.198575],[0.0326891,0.798941,-0.60052],[0.271913,0.571069,0.77456]],[[0.961766,-0.188609,-0.198575],[-0.248586,-0.296906,-0.921983],[0.114936,0.936095,-0.33244]],[[0.961766,-0.188609,-0.198575],[-0.270425,-0.768673,-0.579665],[-0.043309,0.611202,-0.790289]]],"btipPosition":[73.3701,236.285,-12.4362],"carpPosition":[89.4068,262.38,48.7658],"dipPosition":[72.5631,247.673,-27.1611],"direction":[-0.114936,-0.936095,0.33244],"extended":false,"handId":699,"id":6993,"length":64.2502,"mcpPosition":[87.8536,298.977,-1.83364],"pipPosition":[75.7383,273.533,-36.3449],"stabilizedTipPosition":[34.8909,206.606,86.3965],"timeVisible":13.8289,"tipPosition":[73.3825,238.517,-14.0793],"tipVelocity":[-5.63719,150.051,-223.9],"tool":false,"touchDistance":0.333333,"touchZone":"none","type":3,"width":18.027},{"bases":[[[0.901363,-0.397362,-0.172187],[0.41681,0.6881,0.59396],[-0.117535,-0.607142,0.785852]],[[0.86676,-0.497722,-0.0316381],[0.388007,0.712833,-0.584226],[0.313335,0.494108,0.810974]],[[0.86676,-0.497722,-0.0316381],[-0.178764,-0.250833,-0.951381],[0.465587,0.830274,-0.306387]],[[0.86676,-0.497722,-0.0316381],[-0.408759,-0.672625,-0.61684],[0.285734,0.547584,-0.786453]]],"btipPosition":[82.6398,248.024,-11.0968],"carpPosition":[100.885,255.945,43.4465],"dipPosition":[87.5513,257.436,-24.6153],"direction":[-0.465587,-0.830274,0.306387],"extended":false,"handId":699,"id":6994,"length":50.3709,"mcpPosition":[107.681,291.053,-1.9952],"pipPosition":[96.6325,273.63,-30.5912],"stabilizedTipPosition":[46.4154,219.311,81.3283],"timeVisible":13.8289,"tipPosition":[83.7915,249.786,-12.8396],"tipVelocity":[5.0612,146.308,-211.329],"tool":false,"touchDistance":0.333333,"touchZone":"none","type":4,"width":16.013}],"r":[[0.96846,0.0869282,0.233515],[-0.0913688,0.995783,0.00824495],[-0.231813,-0.0293209,0.972318]],"s":1.0177,"t":[36.36,-1.77965,-146.919],"timestamp":523731977570},false]