{"sensorType":"Leap","data":[[0,{"currentFrameRate":110.477,"devices":[],"gestures":[],"hands":[{"armBasis":[[0.956063,0.0725568,-0.28404],[0.0784956,0.870153,0.486489],[0.282456,-0.48741,0.826226]],"armWidth":63.5437,"confidence":0.706751,"direction":[-0.0510909,0.707729,-0.704634],"elbow":[147.12,96.8987,285.615],"grabStrength":0,"id":699,"palmNormal":[-0.0957712,-0.705776,-0.701932],"palmPosition":[60.3472,263.447,22.9714],"palmVelocity":[8.29211,164.3,-270.173],"palmWidth":90.7382,"pinchStrength":0.674686,"r":[[0.964968,-0.00175414,0.262363],[-0.00116926,0.999939,0.010986],[-0.262366,-0.0109079,0.964907]],"s":1.06296,"sphereCenter":[49.3918,249.567,-17.7797],"sphereRadius":45.7938,"stabilizedPalmPosition":[47.9746,238.867,76.5263],"t":[25.1599,-20.6236,-134.178],"timeVisible":26.0309,"type":"right","wrist":[71.0678,228.135,63.1509]}],"id":4280581,"interactionBox":{"center":[0,200,0],"size":[235.247,235.247,147.751]},"pointables":[{"bases":[[[0.475711,0.756642,0.448546],[-0.73727,0.0648797,0.672476],[0.479722,-0.650603,0.588713]],[[0.280229,0.935081,0.217013],[-0.817212,0.113781,0.564995],[0.503624,-0.335673,0.796044]],[[0.280229,0.935081,0.217013],[-0.954287,0.246884,0.168476],[0.103962,-0.254305,0.96152]],[[0.280229,0.935081,0.217013],[-0.65554,0.351561,-0.668335],[-0.701241,0.0450258,0.711501]]],"btipPosition":[29.7107,243.323,-27.9775],"carpPosition":[41.9495,219.018,60.9476],"dipPosition":[13.3446,244.374,-11.3719],"direction":[-0.103962,0.254305,-0.96152],"extended":false,"handId":699,"id":6990,"length":51.9721,"mcpPosition":[41.9495,219.018,60.9476],"pipPosition":[16.8794,235.727,21.321],"stabilizedTipPosition":[12.9804,232.39,73.5748],"timeVisible":26.0309,"tipPosition":[26.0065,244.798,-22.8801],"tipVelocity":[18.9358,103.576,-308.321],"tool":false,"touchDistance":-0.709823,"touchZone":"hovering","type":0,"width":20.194},{"bases":[[[0.971401,0.0876567,-0.220674],[0.0624809,0.802249,0.59371],[0.229078,-0.590519,0.773829]],[[0.984073,0.0496735,-0.170683],[0.056404,0.823298,0.5648],[0.168579,-0.565431,0.807384]],[[0.984073,0.0496735,-0.170683],[0.00697465,0.948636,0.316292],[0.177627,-0.312445,0.933181]],[[0.984073,0.0496735,-0.170683],[-0.0327408,0.994385,0.100626],[0.174723,-0.0934354,0.980174]]],"btipPosition":[19.9798,316.75,-64.2768],"carpPosition":[51.2673,240.078,66.2806],"dipPosition":[22.9568,315.158,-47.5762],"direction":[-0.177627,0.312445,-0.933181],"extended":true,"handId":699,"id":6991,"length":58.6448,"mcpPosition":[34.4608,283.402,9.50784],"pipPosition":[27.2383,307.627,-25.0833],"stabilizedTipPosition":[5.829,299.837,28.2726],"timeVisible":26.0309,"tipPosition":[20.9284,317.071,-60.1012],"tipVelocity":[-6.27821,109.23,-302.409],"tool":false,"touchDistance":-0.725221,"touchZone":"hovering","type":1,"width":19.2893},{"bases":[[[0.968439,-0.130987,-0.212056],[0.230822,0.79236,0.564701],[0.0940562,-0.595826,0.797587]],[[0.970855,-0.149077,-0.187661],[-0.00737166,0.764061,-0.645102],[0.239555,0.627684,0.740693]],[[0.970855,-0.149077,-0.187661],[-0.236389,-0.466558,-0.852317],[0.039506,0.871837,-0.4882]],[[0.970855,-0.149077,-0.187661],[-0.214863,-0.888287,-0.405932],[-0.106182,0.434423,-0.894429]]],"btipPosition":[45.8495,221.27,3.66414],"carpPosition":[63.0385,242.851,64.1533],"dipPosition":[43.8596,229.412,-13.0974],"direction":[-0.039506,-0.871837,0.4882],"extended":false,"handId":699,"id":6992,"length":66.821,"mcpPosition":[56.4946,284.306,8.66123],"pipPosition":[44.9799,254.135,-26.9417],"stabilizedTipPosition":[27.9265,201.683,90.7017],"timeVisible":26.0309,"tipPosition":[45.5872,223.14,0.962914],"tipVelocity":[10.4343,162.221,-303.455],"tool":false,"touchDistance":0.333333,"touchZone":"none","type":2,"width":18.9446},{"bases":[[[0.95155,-0.276597,-0.134336],[0.302304,0.761579,0.573245],[-0.0562504,-0.586082,0.808297]],[[0.952359,-0.266738,-0.14786],[0.0946074,0.719293,-0.688235],[0.289933,0.641458,0.710261]],[[0.952359,-0.266738,-0.14786],[-0.265855,-0.488531,-0.831059],[0.149441,0.830776,-0.536171]],[[0.952359,-0.266738,-0.14786],[-0.303708,-0.873682,-0.380054],[-0.0278078,0.406854,-0.91307]]],"btipPosition":[61.9604,219.952,11.1091],"carpPosition":[74.975,242.453,61.4226],"dipPosition":[61.4422,227.533,-5.90344],"direction":[-0.149441,-0.830776,0.536171],"extended":false,"handId":699,"id":6993,"length":64.2502,"mcpPosition":[78.4888,279.064,10.931],"pipPosition":[65.5706,250.483,-20.7153],"stabilizedTipPosition":[44.1907,198.287,96.8782],"timeVisible":26.0309,"tipPosition":[62.015,221.715,8.27849],"tipVelocity":[13.4292,163.563,-291.446],"tool":false,"touchDistance":0.333333,"touchZone":"none","type":3,"width":18.027},{"bases":[[[0.875527,-0.464577,-0.132739],[0.440459,0.654496,0.614516],[-0.198613,-0.596492,0.777657]],[[0.84352,-0.53604,-0.0336861],[0.38819,0.651804,-0.651505],[0.371189,0.536482,0.757896]],[[0.84352,-0.53604,-0.0336861],[-0.288545,-0.399374,-0.870197],[0.453007,0.743749,-0.491551]],[[0.84352,-0.53604,-0.0336861],[-0.49588,-0.75316,-0.432265],[0.20634,0.381329,-0.901117]]],"btipPosition":[72.1747,229.68,9.98881],"carpPosition":[86.1611,235.167,56.6041],"dipPosition":[75.7215,236.235,-5.50058],"direction":[-0.453007,-0.743749,0.491551],"extended":false,"handId":699,"id":6994,"length":50.3709,"mcpPosition":[97.6459,269.659,11.6363],"pipPosition":[84.5572,250.742,-15.0881],"stabilizedTipPosition":[56.492,207.614,89.4308],"timeVisible":26.0309,"tipPosition":[73.1108,231.189,7.4007],"tipVelocity":[13.0742,167.867,-288.372],"tool":false,"touchDistance":0.333333,"touchZone":"none","type":4,"width":16.013}],"r":[[0.964968,-0.00175414,0.262363],[-0.00116926,0.999939,0.010986],[-0.262366,-0.0109079,0.964907]],"s":1.06296,"t":[25.1599,-20.6236,-134.178],"timestamp":523744179558},false],[1,{"currentFrameRate":110.506,"devices":[],"gestures":[],"hands":[{"armBasis":[[0.951045,0.0779252,-0.299066],[0.0796276,0.873234,0.480752],[0.298617,-0.48103,0.82428]],"armWidth":63.5437,"confidence":0.710271,"direction":[-0.0513261,0.704873,-0.707474],"elbow":[151.369,99.9962,283.079],"grabStrength":0,"id":699,"palmNormal":[-0.0971988,-0.70857,-0.698914],"palmPosition":[60.2268,264.67,20.8283],"palmVelocity":[2.34087,156.525,-261.39],"palmWidth":90.7382,"pinchStrength":0.678189,"r":[[0.964762,0.000164821,0.263122],[-0.00222078,0.999969,0.00751632],[-0.263113,-0.0078358,0.964733]],"s":1.06077,"sphereCenter":[49.173,250.602,-19.856],"sphereRadius":45.7297,"stabilizedPalmPosition":[48.003,238.927,76.3971],"t":[25.0879,-19.2644,-136.413],"timeVisible":26.0399,"type":"right","wrist":[70.9651,229.515,61.1398]}],"id":4280582,"interactionBox":{"center":[0,200,0],"size":[235.247,235.247,147.751]},"pointables":[{"bases":[[[0.476881,0.758072,0.444873],[-0.736418,0.0682675,0.673074],[0.479868,-0.648588,0.590813]],[[0.277947,0.937582,0.20901],[-0.82041,0.118517,0.559357],[0.499672,-0.326946,0.802144]],[[0.277947,0.937582,0.20901],[-0.954761,0.245693,0.167532],[0.105723,-0.24612,0.963456]],[[0.277947,0.937582,0.20901],[-0.660051,0.344492,-0.667576],[-0.69791,0.0475938,0.714603]]],"btipPosition":[29.6568,243.946,-30.3586],"carpPosition":[41.8365,220.413,59.0083],"dipPosition":[13.3684,245.057,-13.6806],"direction":[-0.105723,0.24612,-0.963456],"extended":false,"handId":699,"id":6990,"length":51.9721,"mcpPosition":[41.8365,220.413,59.0083],"pipPosition":[16.9631,236.689,19.0781],"stabilizedTipPosition":[12.9815,232.391,73.566],"timeVisible":26.0399,"tipPosition":[25.9194,245.471,-25.2536],"tipVelocity":[12.6367,94.5649,-295.819],"tool":false,"touchDistance":-0.702642,"touchZone":"hovering","type":0,"width":20.194},{"bases":[[[0.971213,0.0859234,-0.222178],[0.0638621,0.804627,0.590337],[0.229494,-0.587531,0.775977]],[[0.983515,0.0495323,-0.173908],[0.0570424,0.827657,0.558328],[0.171592,-0.559044,0.811188]],[[0.983515,0.0495323,-0.173908],[0.00693774,0.950707,0.310014],[0.180691,-0.30611,0.934691]],[[0.983515,0.0495323,-0.173908],[-0.0332634,0.994898,0.0952482],[0.177739,-0.0878933,0.980145]]],"btipPosition":[19.606,317.419,-66.6701],"carpPosition":[51.1784,241.487,64.2437],"dipPosition":[22.6344,315.922,-49.97],"direction":[-0.180691,0.30611,-0.934691],"extended":true,"handId":699,"id":6991,"length":58.6448,"mcpPosition":[34.3413,284.592,7.31343],"pipPosition":[26.9897,308.543,-27.4407],"stabilizedTipPosition":[5.83164,299.84,28.256],"timeVisible":26.0399,"tipPosition":[20.6165,317.788,-62.4934],"tipVelocity":[-15.5986,100.328,-292.411],"tool":false,"touchDistance":-0.716933,"touchZone":"hovering","type":1,"width":19.2893},{"bases":[[[0.968076,-0.132681,-0.212659],[0.232161,0.794475,0.561169],[0.094496,-0.592626,0.799916]],[[0.970518,-0.150782,-0.188042],[-0.00706837,0.762023,-0.647512],[0.240926,0.629751,0.738491]],[[0.970518,-0.150782,-0.188042],[-0.237671,-0.468886,-0.850681],[0.0400974,0.870294,-0.490899]],[[0.970518,-0.150782,-0.188042],[-0.216215,-0.889408,-0.402746],[-0.106519,0.43153,-0.895788]]],"btipPosition":[45.6534,222.437,1.64788],"carpPosition":[62.9494,244.242,62.0912],"dipPosition":[43.6572,230.524,-15.1392],"direction":[-0.0400974,-0.870294,0.490899],"extended":false,"handId":699,"id":6992,"length":66.821,"mcpPosition":[56.3748,285.474,6.43711],"pipPosition":[44.7943,255.203,-29.0599],"stabilizedTipPosition":[27.9557,201.721,90.5447],"timeVisible":26.0399,"tipPosition":[45.3879,224.294,-1.08968],"tipVelocity":[1.54274,152.897,-281.843],"tool":false,"touchDistance":0.333333,"touchZone":"none","type":2,"width":18.9446},{"bases":[[[0.951156,-0.277955,-0.134321],[0.303626,0.763669,0.569755],[-0.0557895,-0.58271,0.810763]],[[0.951989,-0.267681,-0.148536],[0.0955958,0.720882,-0.686434],[0.290822,0.639278,0.711861]],[[0.951989,-0.267681,-0.148536],[-0.266513,-0.485963,-0.832353],[0.150622,0.831978,-0.533972]],[[0.951989,-0.267681,-0.148536],[-0.304855,-0.8732,-0.380243],[-0.027918,0.407269,-0.912881]]],"btipPosition":[61.7686,221.167,8.74502],"carpPosition":[74.8823,243.822,59.3481],"dipPosition":[61.2485,228.755,-8.26405],"direction":[-0.150622,-0.831978,0.533972],"extended":false,"handId":699,"id":6993,"length":64.2502,"mcpPosition":[78.3673,280.222,8.70244],"pipPosition":[65.4094,251.739,-23.0152],"stabilizedTipPosition":[44.2251,198.335,96.6971],"timeVisible":26.0399,"tipPosition":[61.815,222.917,5.95847],"tipVelocity":[3.87874,155.776,-283.54],"tool":false,"touchDistance":0.333333,"touchZone":"none","type":3,"width":18.027},{"bases":[[[0.874976,-0.465863,-0.131863],[0.44174,0.656639,0.611303],[-0.198197,-0.593125,0.780334]],[[0.842593,-0.537636,-0.0313657],[0.390637,0.650229,-0.651617],[0.370728,0.536796,0.757899]],[[0.842593,-0.537636,-0.0313657],[-0.287476,-0.399759,-0.870374],[0.455406,0.742388,-0.491392]],[[0.842593,-0.537636,-0.0313657],[-0.49665,-0.753195,-0.431319],[0.208268,0.379004,-0.901654]]],"btipPosition":[71.9823,230.881,7.78226],"carpPosition":[86.0565,236.507,54.5463],"dipPosition":[75.5623,237.396,-7.71636],"direction":[-0.455406,-0.742388,0.491392],"extended":false,"handId":699,"id":6994,"length":50.3709,"mcpPosition":[97.5172,270.804,9.42374],"pipPosition":[84.4448,251.876,-17.3008],"stabilizedTipPosition":[56.5305,207.673,89.2298],"timeVisible":26.0399,"tipPosition":[72.9278,232.368,5.19794],"tipVelocity":[3.84971,158.134,-276.592],"tool":false,"touchDistance":0.333333,"touchZone":"none","type":4,"width":16.013}],"r":[[0.964762,0.000164821,0.263122],[-0.00222078,0.999969,0.00751632],[-0.263113,-0.0078358,0.964733]],"s":1.06077,"t":[25.0879,-19.2644,-136.413],"timestamp":523744188556},false],[2,{"currentFrameRate":110.441,"devices":[],"gestures":[],"hands":[{"armBasis":[[0.954484,0.0820015,-0.286768],[0.0734147,0.867291,0.492357],[0.289085,-0.491,0.821796]],"armWidth":63.5437,"confidence":0.711588,"direction":[-0.0504522,0.710466,-0.70192],"elbow":[148.6,98.8973,280.165],"grabStrength":0,"id":699,"palmNormal":[-0.0901492,-0.703186,-0.705268],"palmPosition":[60.0964,266.541,18.8136],"palmVelocity":[-2.28009,169.766,-249.766],"palmWidth":90.7382,"pinchStrength":0.682227,"r":[[0.964297,0.00210814,0.264816],[-0.00393969,0.999972,0.00638536],[-0.264795,-0.00720068,0.964278]],"s":1.05846,"sphereCenter":[49.2403,252.674,-22.0978],"sphereRadius":45.6916,"stabilizedPalmPosition":[48.0388,239.009,76.2263],"t":[24.9866,-17.6497,-138.539],"timeVisible":26.049,"type":"right","wrist":[70.7626,231.101,58.8942]}],"id":4280583,"interactionBox":{"center":[0,200,0],"size":[235.247,235.247,147.751]},"pointables":[{"bases":[[[0.471031,0.756439,0.453794],[-0.740482,0.0594937,0.669438],[0.479391,-0.651353,0.588153]],[[0.270964,0.937958,0.216363],[-0.825164,0.110594,0.553962],[0.495665,-0.328639,0.803936]],[[0.270964,0.937958,0.216363],[-0.957004,0.238319,0.165373],[0.103549,-0.251871,0.962205]],[[0.270964,0.937958,0.216363],[-0.660931,0.344702,-0.666596],[-0.69982,0.0376225,0.713328]]],"btipPosition":[29.825,245.935,-32.8608],"carpPosition":[41.6868,221.89,56.5231],"dipPosition":[13.4921,246.813,-16.2125],"direction":[-0.103549,0.251871,-0.962205],"extended":false,"handId":699,"id":6990,"length":51.9721,"mcpPosition":[41.6868,221.89,56.5231],"pipPosition":[17.0129,238.25,16.5036],"stabilizedTipPosition":[12.9831,232.393,73.553],"timeVisible":26.049,"tipPosition":[26.0916,247.369,-27.7962],"tipVelocity":[13.9191,127.075,-289.632],"tool":false,"touchDistance":-0.698346,"touchZone":"hovering","type":0,"width":20.194},{"bases":[[[0.972058,0.0919865,-0.215966],[0.0570006,0.799991,0.597299],[0.227714,-0.592919,0.772394]],[[0.983756,0.0569983,-0.170221],[0.049281,0.826065,0.561416],[0.172613,-0.560685,0.809838]],[[0.983756,0.0569983,-0.170221],[-0.000757737,0.949561,0.31358],[0.179509,-0.308357,0.93418]],[[0.983756,0.0569983,-0.170221],[-0.040405,0.994227,0.0994035],[0.174904,-0.090911,0.980379]]],"btipPosition":[19.4975,319.463,-68.6001],"carpPosition":[50.9062,242.96,61.9847],"dipPosition":[22.4776,317.914,-51.896],"direction":[-0.179509,0.308357,-0.93418],"extended":true,"handId":699,"id":6991,"length":58.6448,"mcpPosition":[34.1998,286.46,5.31724],"pipPosition":[26.8044,310.482,-29.379],"stabilizedTipPosition":[5.83544,299.845,28.2313],"timeVisible":26.049,"tipPosition":[20.5477,319.875,-64.3998],"tipVelocity":[-14.8865,134.177,-269.533],"tool":false,"touchDistance":-0.70251,"touchZone":"hovering","type":1,"width":19.2893},{"bases":[[[0.969831,-0.1267,-0.208267],[0.225504,0.790814,0.569001],[0.0926074,-0.5988,0.795527]],[[0.97223,-0.145145,-0.183583],[-0.00569155,0.769548,-0.638564],[0.23396,0.621875,0.747351]],[[0.97223,-0.145145,-0.183583],[-0.230566,-0.459607,-0.857672],[0.0401106,0.876182,-0.480309]],[[0.97223,-0.145145,-0.183583],[-0.210331,-0.885884,-0.413485],[-0.102618,0.440615,-0.891812]]],"btipPosition":[45.7737,224.45,-1.01707],"carpPosition":[62.6769,245.784,59.9216],"dipPosition":[43.8506,232.707,-17.7296],"direction":[-0.0401106,-0.876182,0.480309],"extended":false,"handId":699,"id":6992,"length":66.821,"mcpPosition":[56.2338,287.445,4.57285],"pipPosition":[44.988,257.554,-31.3501],"stabilizedTipPosition":[27.9925,201.773,90.3424],"timeVisible":26.049,"tipPosition":[45.5215,226.32,-3.73168],"tipVelocity":[5.28351,172.678,-283.777],"tool":false,"touchDistance":0.333333,"touchZone":"none","type":2,"width":18.9446},{"bases":[[[0.953111,-0.27269,-0.131225],[0.297055,0.760249,0.577737],[-0.0577789,-0.589628,0.805605]],[[0.953999,-0.261995,-0.145755],[0.097281,0.730361,-0.676098],[0.283589,0.630818,0.722251]],[[0.953999,-0.261995,-0.145755],[-0.259073,-0.475722,-0.840577],[0.150888,0.839671,-0.521714]],[[0.953999,-0.261995,-0.145755],[-0.298847,-0.869921,-0.392336],[-0.0240055,0.417847,-0.9082]]],"btipPosition":[61.8795,223.183,6.07298],"carpPosition":[74.6268,245.439,57.2426],"dipPosition":[61.4322,230.968,-10.8489],"direction":[-0.150888,-0.839671,0.521714],"extended":false,"handId":699,"id":6993,"length":64.2502,"mcpPosition":[78.2361,282.271,6.91918],"pipPosition":[65.6005,254.165,-25.2614],"stabilizedTipPosition":[44.2679,198.4,96.4665],"timeVisible":26.049,"tipPosition":[61.9291,224.955,3.3243],"tipVelocity":[6.67898,175.043,-285.128],"tool":false,"touchDistance":0.333333,"touchZone":"none","type":3,"width":18.027},{"bases":[[[0.877746,-0.460942,-0.130746],[0.435402,0.653482,0.619182],[-0.199966,-0.600412,0.774286]],[[0.844377,-0.534955,-0.0291682],[0.39628,0.660276,-0.637963],[0.360541,0.527123,0.769514]],[[0.844377,-0.534955,-0.0291682],[-0.276317,-0.388204,-0.879174],[0.458995,0.750414,-0.475608]],[[0.844377,-0.534955,-0.0291682],[-0.490172,-0.749423,-0.44508],[0.216238,0.390113,-0.895016]]],"btipPosition":[72.0403,233.002,5.19813],"carpPosition":[85.8599,238.212,52.444],"dipPosition":[75.7572,239.707,-10.1864],"direction":[-0.458995,-0.750414,0.475608],"extended":false,"handId":699,"id":6994,"length":50.3709,"mcpPosition":[97.4229,272.931,7.67115],"pipPosition":[84.7098,254.344,-19.463],"stabilizedTipPosition":[56.5791,207.753,88.9699],"timeVisible":26.049,"tipPosition":[73.0121,234.494,2.68366],"tipVelocity":[5.49677,179.869,-277.256],"tool":false,"touchDistance":0.333333,"touchZone":"none","type":4,"width":16.013}],"r":[[0.964297,0.00210814,0.264816],[-0.00393969,0.999972,0.00638536],[-0.264795,-0.00720068,0.964278]],"s":1.05846,"t":[24.9866,-17.6497,-138.539],"timestamp":523744197725},false],[3,{"currentFrameRate":110.502,"devices":[],"gestures":[],"hands":[{"armBasis":[[0.956287,0.0795648,-0.281398],[0.0719665,0.868648,0.490176],[0.283436,-0.489,0.82495]],"armWidth":63.5437,"confidence":0.714493,"direction":[-0.0508685,0.709838,-0.702526],"elbow":[147.083,100.695,279.487],"grabStrength":0,"id":699,"palmNormal":[-0.0888948,-0.703863,-0.704752],"palmPosition":[60.0831,267.755,17.2513],"palmVelocity":[-2.06242,160.489,-229.272],"palmWidth":90.7382,"pinchStrength":0.688801,"r":[[0.963886,0.00393434,0.266285],[-0.00555014,0.99997,0.00531569],[-0.266256,-0.00660163,0.96388]],"s":1.05606,"sphereCenter":[49.1731,253.752,-23.7023],"sphereRadius":45.6558,"stabilizedPalmPosition":[48.0813,239.111,76.0182],"t":[24.9294,-16.2351,-140.382],"timeVisible":26.058,"type":"right","wrist":[70.767,232.36,57.367]}],"id":4280584,"interactionBox":{"center":[0,200,0],"size":[235.247,235.247,147.751]},"pointables":[{"bases":[[[0.469865,0.757362,0.453464],[-0.740955,0.059161,0.668944],[0.479805,-0.65031,0.588968]],[[0.268621,0.939062,0.214487],[-0.826593,0.110399,0.551866],[0.494557,-0.325536,0.805878]],[[0.268621,0.939062,0.214487],[-0.957596,0.236259,0.164899],[0.104176,-0.249687,0.962706]],[[0.268621,0.939062,0.214487],[-0.663087,0.341786,-0.665956],[-0.698683,0.0366661,0.714491]]],"btipPosition":[29.8491,246.952,-34.5389],"carpPosition":[41.7036,223.113,54.9859],"dipPosition":[13.5427,247.808,-17.8635],"direction":[-0.104176,0.249687,-0.962706],"extended":false,"handId":699,"id":6990,"length":51.9721,"mcpPosition":[41.7036,223.113,54.9859],"pipPosition":[17.0848,239.318,14.8697],"stabilizedTipPosition":[12.9854,232.396,73.5349],"timeVisible":26.058,"tipPosition":[26.1229,248.357,-29.5007],"tipVelocity":[11.0392,123.265,-261.596],"tool":false,"touchDistance":-0.681922,"touchZone":"hovering","type":0,"width":20.194},{"bases":[[[0.972079,0.0929596,-0.215457],[0.0556969,0.800541,0.596685],[0.227949,-0.592025,0.773011]],[[0.983293,0.0597486,-0.171946],[0.0469472,0.829401,0.556677],[0.175873,-0.555449,0.812739]],[[0.983293,0.0597486,-0.171946],[-0.00383604,0.951188,0.308587],[0.181991,-0.302771,0.935526]],[[0.983293,0.0597486,-0.171946],[-0.0438327,0.99452,0.0949181],[0.176675,-0.0857954,0.980523]]],"btipPosition":[19.2393,320.19,-70.3533],"carpPosition":[50.8949,244.199,60.436],"dipPosition":[22.2495,318.728,-53.6468],"direction":[-0.181991,0.302771,-0.935526],"extended":true,"handId":699,"id":6991,"length":58.6448,"mcpPosition":[34.1711,287.633,3.72323],"pipPosition":[26.6361,311.43,-31.0974],"stabilizedTipPosition":[5.84011,299.852,28.2],"timeVisible":26.058,"tipPosition":[20.3442,320.672,-66.14],"tipVelocity":[-18.4967,120.338,-249.453],"tool":false,"touchDistance":-0.686882,"touchZone":"hovering","type":1,"width":19.2893},{"bases":[[[0.970105,-0.125724,-0.207581],[0.224228,0.79154,0.568495],[0.0928356,-0.598046,0.796067]],[[0.97253,-0.144333,-0.182627],[-0.00469331,0.772242,-0.635311],[0.232729,0.618716,0.750351]],[[0.97253,-0.144333,-0.182627],[-0.229162,-0.455952,-0.859996],[0.0408572,0.878223,-0.476503]],[[0.97253,-0.144333,-0.182627],[-0.209442,-0.884947,-0.415937],[-0.101581,0.442761,-0.890867]]],"btipPosition":[45.7629,225.702,-2.86851],"carpPosition":[62.6635,247.034,58.3776],"dipPosition":[43.8592,233.999,-19.5634],"direction":[-0.0408572,-0.878223,0.476503],"extended":false,"handId":699,"id":6992,"length":66.821,"mcpPosition":[56.2044,288.643,2.99128],"pipPosition":[45.0179,258.904,-33.0759],"stabilizedTipPosition":[28.0356,201.837,90.1014],"timeVisible":26.058,"tipPosition":[45.5201,227.557,-5.5579],"tipVelocity":[3.64781,164.037,-262.7],"tool":false,"touchDistance":0.333333,"touchZone":"none","type":2,"width":18.9446},{"bases":[[[0.953511,-0.27167,-0.130432],[0.295809,0.761067,0.577299],[-0.0575675,-0.589044,0.806048]],[[0.954419,-0.260624,-0.145459],[0.097042,0.731841,-0.67453],[0.282252,0.629669,0.723775]],[[0.954419,-0.260624,-0.145459],[-0.257762,-0.47404,-0.841929],[0.150474,0.841047,-0.519612]],[[0.954419,-0.260624,-0.145459],[-0.297514,-0.869685,-0.39387],[-0.0238519,0.419193,-0.907584]]],"btipPosition":[61.9229,224.397,4.37136],"carpPosition":[74.6153,246.702,55.7061],"dipPosition":[61.4785,232.208,-12.539],"direction":[-0.150474,-0.841047,0.519612],"extended":false,"handId":699,"id":6993,"length":64.2502,"mcpPosition":[78.2114,283.497,5.35501],"pipPosition":[65.6354,255.442,-26.8935],"stabilizedTipPosition":[44.3177,198.479,96.1942],"timeVisible":26.058,"tipPosition":[61.9636,226.172,1.6182],"tipVelocity":[6.20159,164.496,-259.151],"tool":false,"touchDistance":0.333333,"touchZone":"none","type":3,"width":18.027},{"bases":[[[0.878368,-0.46001,-0.129846],[0.434258,0.654497,0.618914],[-0.199723,-0.600021,0.774652]],[[0.844293,-0.535231,-0.0263914],[0.400088,0.662346,-0.633425],[0.356509,0.524237,0.773354]],[[0.844293,-0.535231,-0.0263914],[-0.271611,-0.384955,-0.882064],[0.461949,0.751889,-0.470389]],[[0.844293,-0.535231,-0.0263914],[-0.488524,-0.748504,-0.448426],[0.220258,0.391496,-0.89343]]],"btipPosition":[72.0416,234.3,3.38862],"carpPosition":[85.8598,239.484,50.9201],"dipPosition":[75.8276,241.03,-11.9686],"direction":[-0.461949,-0.751889,0.470389],"extended":false,"handId":699,"id":6994,"length":50.3709,"mcpPosition":[97.4088,274.18,6.12607],"pipPosition":[84.8378,255.695,-21.1434],"stabilizedTipPosition":[56.6359,207.85,88.6602],"timeVisible":26.058,"tipPosition":[73.0296,235.773,0.900214],"tipVelocity":[4.52127,170.572,-256.612],"tool":false,"touchDistance":0.333333,"touchZone":"none","type":4,"width":16.013}],"r":[[0.963886,0.00393434,0.266285],[-0.00555014,0.99997,0.00531569],[-0.266256,-0.00660163,0.96388]],"s":1.05606,"t":[24.9294,-16.2351,-140.382],"timestamp":523744206667},false],[4,{"currentFrameRate":110.477,"devices":[],"gestures":[],"hands":[{"armBasis":[[0.956824,0.0781007,-0.279979],[0.0702419,0.87255,0.483449],[0.282054,-0.482242,0.82939]],"armWidth":63.5437,"confidence":0.709404,"direction":[-0.0523346,0.710664,-0.701583],"elbow":[146.768,103.531,279.422],"grabStrength":0,"id":699,"palmNormal":[-0.0882084,-0.703089,-0.70561],"palmPosition":[60.064,268.806,16.042],"palmVelocity":[-2.07413,148.041,-202.586],"palmWidth":90.7382,"pinchStrength":0.693606,"r":[[0.963582,0.00562125,0.267353],[-0.00714206,0.999963,0.00471632],[-0.267317,-0.00645401,0.963587]],"s":1.05361,"sphereCenter":[49.0671,254.782,-24.9579],"sphereRadius":45.6175,"stabilizedPalmPosition":[48.1333,239.239,75.7583],"t":[24.8912,-15.0023,-141.909],"timeVisible":26.0671,"type":"right","wrist":[70.8238,233.376,56.1061]}],"id":4280585,"interactionBox":{"center":[0,200,0],"size":[235.247,235.247,147.751]},"pointables":[{"bases":[[[0.468959,0.757493,0.454183],[-0.740677,0.0571701,0.669424],[0.481118,-0.650336,0.587868]],[[0.265979,0.939921,0.214019],[-0.827626,0.108825,0.550629],[0.494257,-0.323584,0.806848]],[[0.265979,0.939921,0.214019],[-0.958228,0.233579,0.165048],[0.105142,-0.248978,0.962785]],[[0.265979,0.939921,0.214019],[-0.665573,0.339664,-0.66456],[-0.697329,0.034314,0.71593]]],"btipPosition":[29.8692,247.86,-35.8803],"carpPosition":[41.7731,224.088,53.729],"dipPosition":[13.5943,248.661,-19.1714],"direction":[-0.105142,0.248978,-0.962785],"extended":false,"handId":699,"id":6990,"length":51.9721,"mcpPosition":[41.7731,224.088,53.729],"pipPosition":[17.1693,240.196,13.5645],"stabilizedTipPosition":[12.9887,232.4,73.5085],"timeVisible":26.0671,"tipPosition":[26.1338,249.236,-30.8664],"tipVelocity":[8.81345,116.394,-229.742],"tool":false,"touchDistance":-0.662069,"touchZone":"hovering","type":0,"width":20.194},{"bases":[[[0.971818,0.0947185,-0.215867],[0.054804,0.799856,0.597685],[0.229274,-0.592672,0.772123]],[[0.982707,0.0628254,-0.174185],[0.0452472,0.830692,0.55489],[0.179555,-0.553176,0.813484]],[[0.982707,0.0628254,-0.174185],[-0.00634627,0.951557,0.307406],[0.185059,-0.300985,0.9355]],[[0.982707,0.0628254,-0.174185],[-0.0468006,0.994412,0.0946298],[0.179156,-0.0848414,0.980156]]],"btipPosition":[18.9085,321.062,-71.5479],"carpPosition":[50.9353,245.18,59.2012],"dipPosition":[21.961,319.617,-54.8477],"direction":[-0.185059,0.300985,-0.935501],"extended":true,"handId":699,"id":6991,"length":58.6448,"mcpPosition":[34.1143,288.662,2.55365],"pipPosition":[26.4216,312.362,-32.2989],"stabilizedTipPosition":[5.84625,299.861,28.1572],"timeVisible":26.0671,"tipPosition":[20.0546,321.561,-67.3364],"tipVelocity":[-23.1519,113.682,-216.771],"tool":false,"touchDistance":-0.664468,"touchZone":"hovering","type":1,"width":19.2893},{"bases":[[[0.970181,-0.123977,-0.208273],[0.223333,0.791148,0.569393],[0.0941825,-0.598928,0.795245]],[[0.972664,-0.142754,-0.183156],[-0.00527834,0.774932,-0.632023],[0.232158,0.615712,0.752995]],[[0.972664,-0.142754,-0.183156],[-0.228721,-0.452566,-0.8619],[0.0401496,0.88023,-0.472845]],[[0.972664,-0.142754,-0.183156],[-0.208551,-0.883902,-0.418598],[-0.102136,0.445352,-0.889511]]],"btipPosition":[45.762,226.804,-4.305],"carpPosition":[62.6984,248.037,57.1401],"dipPosition":[43.848,235.15,-20.9744],"direction":[-0.0401496,-0.88023,0.472845],"extended":false,"handId":699,"id":6992,"length":66.821,"mcpPosition":[56.1457,289.707,1.81097],"pipPosition":[44.9865,260.112,-34.3832],"stabilizedTipPosition":[28.0878,201.919,89.8046],"timeVisible":26.0671,"tipPosition":[45.5171,228.655,-6.99815],"tipVelocity":[2.53771,152.511,-233.493],"tool":false,"touchDistance":0.333333,"touchZone":"none","type":2,"width":18.9446},{"bases":[[[0.953852,-0.270048,-0.131302],[0.294966,0.760773,0.578118],[-0.0562286,-0.590169,0.805319]],[[0.954761,-0.258583,-0.146853],[0.0962395,0.735942,-0.670169],[0.28137,0.625718,0.727535]],[[0.954761,-0.258583,-0.146853],[-0.257052,-0.469352,-0.844768],[0.149517,0.844301,-0.514588]],[[0.954761,-0.258583,-0.146853],[-0.296345,-0.8684,-0.397569],[-0.0247228,0.423103,-0.905744]]],"btipPosition":[61.9552,225.504,2.83182],"carpPosition":[74.6493,247.726,54.4617],"dipPosition":[61.4946,233.388,-14.0443],"direction":[-0.149517,-0.844301,0.514588],"extended":false,"handId":699,"id":6993,"length":64.2502,"mcpPosition":[78.1617,284.591,4.15606],"pipPosition":[65.625,256.712,-28.2599],"stabilizedTipPosition":[44.3773,198.577,95.8635],"timeVisible":26.0671,"tipPosition":[61.9844,227.282,0.0999244],"tipVelocity":[5.35309,153.162,-234.004],"tool":false,"touchDistance":0.333333,"touchZone":"none","type":3,"width":18.027},{"bases":[[[0.878997,-0.458504,-0.130918],[0.433599,0.65436,0.619519],[-0.198385,-0.601321,0.773987]],[[0.844069,-0.535653,-0.0249836],[0.404492,0.666592,-0.626133],[0.352044,0.518393,0.779316]],[[0.844069,-0.535653,-0.0249836],[-0.266234,-0.378172,-0.886626],[0.465475,0.755024,-0.461813]],[[0.844069,-0.535653,-0.0249836],[-0.486842,-0.745956,-0.454461],[0.224796,0.395759,-0.890416]]],"btipPosition":[72.0172,235.494,1.73785],"carpPosition":[85.9022,240.531,49.6602],"dipPosition":[75.8812,242.297,-13.5676],"direction":[-0.465475,-0.755024,0.461813],"extended":false,"handId":699,"id":6994,"length":50.3709,"mcpPosition":[97.3737,275.303,4.90463],"pipPosition":[84.9602,257.023,-22.5751],"stabilizedTipPosition":[56.7037,207.972,88.2829],"timeVisible":26.0671,"tipPosition":[73.0285,236.951,-0.696104],"tipVelocity":[3.07158,160.195,-235.434],"tool":false,"touchDistance":0.333333,"touchZone":"none","type":4,"width":16.013}],"r":[[0.963582,0.00562125,0.267353],[-0.00714206,0.999963,0.00471632],[-0.267317,-0.00645401,0.963587]],"s":1.05361,"t":[24.8912,-15.0023,-141.909],"timestamp":523744215763},false],[5,{"currentFrameRate":110.517,"devices":[],"gestures":[],"hands":[{"armBasis":[[0.955424,0.0794898,-0.284336],[0.0696019,0.875285,0.478573],[0.286916,-0.477031,0.830735]],"armWidth":63.5437,"confidence":0.713119,"direction":[-0.0533775,0.710332,-0.70184],"elbow":[148.091,105.553,278.996],"grabStrength":0,"id":699,"palmNormal":[-0.0882475,-0.703447,-0.705248],"palmPosition":[60.0228,269.401,15.2472],"palmVelocity":[-2.76264,125.635,-171.336],"palmWidth":90.7382,"pinchStrength":0.696365,"r":[[0.963376,0.00713054,0.268059],[-0.00855681,0.999955,0.00415286],[-0.268017,-0.0062945,0.963394]],"s":1.05084,"sphereCenter":[48.9877,255.258,-25.8164],"sphereRadius":45.5638,"stabilizedPalmPosition":[48.1919,239.388,75.4599],"t":[24.8515,-14.0885,-143.07],"timeVisible":26.0761,"type":"right","wrist":[70.8385,233.995,55.318]}],"id":4280586,"interactionBox":{"center":[0,200,0],"size":[235.247,235.247,147.751]},"pointables":[{"bases":[[[0.468767,0.758016,0.453507],[-0.740205,0.0569232,0.669967],[0.482031,-0.649747,0.587771]],[[0.264061,0.940964,0.211797],[-0.828857,0.109092,0.548721],[0.493222,-0.320445,0.808732]],[[0.264061,0.940964,0.211797],[-0.958537,0.231629,0.165999],[0.107141,-0.246849,0.963113]],[[0.264061,0.940964,0.211797],[-0.671021,0.336963,-0.660444],[-0.692822,0.0322777,0.720386]]],"btipPosition":[29.7671,248.277,-36.8513],"carpPosition":[41.7926,224.685,52.967],"dipPosition":[13.5974,249.03,-20.0383],"direction":[-0.107141,0.246849,-0.963113],"extended":false,"handId":699,"id":6990,"length":51.9721,"mcpPosition":[41.7926,224.685,52.967],"pipPosition":[17.2403,240.637,12.7087],"stabilizedTipPosition":[12.9928,232.405,73.4753],"timeVisible":26.0761,"tipPosition":[26.0619,249.616,-31.8226],"tipVelocity":[4.02091,96.8817,-195.7],"tool":false,"touchDistance":-0.638401,"touchZone":"hovering","type":0,"width":20.194},{"bases":[[[0.971585,0.0953198,-0.216651],[0.0546917,0.800145,0.597309],[0.230287,-0.592185,0.772195]],[[0.982067,0.0649873,-0.176977],[0.0441686,0.833281,0.551083],[0.183285,-0.549017,0.815467]],[[0.982067,0.0649873,-0.176977],[-0.00824431,0.952617,0.304059],[0.188352,-0.297147,0.93607]],[[0.982067,0.0649873,-0.176977],[-0.049187,0.99452,0.0922506],[0.182003,-0.0818913,0.979882]]],"btipPosition":[18.5552,321.312,-72.4251],"carpPosition":[50.9439,245.787,58.4234],"dipPosition":[21.6562,319.917,-55.7295],"direction":[-0.188352,0.297147,-0.93607],"extended":true,"handId":699,"id":6991,"length":58.6448,"mcpPosition":[34.0487,289.233,1.7705],"pipPosition":[26.1961,312.755,-33.167],"stabilizedTipPosition":[5.85329,299.872,28.1064],"timeVisible":26.0761,"tipPosition":[19.7491,321.848,-68.211],"tipVelocity":[-27.2513,90.5111,-184.184],"tool":false,"touchDistance":-0.639528,"touchZone":"hovering","type":1,"width":19.2893},{"bases":[[[0.97011,-0.123374,-0.208963],[0.223205,0.791545,0.56889],[0.0952175,-0.598528,0.795423]],[[0.972644,-0.142315,-0.183603],[-0.00531497,0.776527,-0.630062],[0.23224,0.613802,0.754528]],[[0.972644,-0.142315,-0.183603],[-0.2288,-0.450192,-0.863121],[0.0401786,0.881518,-0.470438]],[[0.972644,-0.142315,-0.183603],[-0.208529,-0.883192,-0.420104],[-0.102369,0.446898,-0.888708]]],"btipPosition":[45.6947,227.417,-5.26243],"carpPosition":[62.7035,248.651,56.352],"dipPosition":[43.7763,235.792,-21.9168],"direction":[-0.0401786,-0.881518,0.470438],"extended":false,"handId":699,"id":6992,"length":66.821,"mcpPosition":[56.0787,290.293,1.01052],"pipPosition":[44.9156,260.79,-35.2574],"stabilizedTipPosition":[28.1462,202.012,89.4682],"timeVisible":26.0761,"tipPosition":[45.4515,229.264,-7.95576],"tipVelocity":[-0.243757,129.621,-198.635],"tool":false,"touchDistance":0.333333,"touchZone":"none","type":2,"width":18.9446},{"bases":[[[0.953943,-0.269424,-0.131919],[0.294866,0.761224,0.577574],[-0.0551921,-0.589871,0.805609]],[[0.954876,-0.257254,-0.148435],[0.098106,0.744916,-0.659906],[0.280335,0.615566,0.73654]],[[0.954876,-0.257254,-0.148435],[-0.255743,-0.458039,-0.85135],[0.151024,0.850894,-0.503161]],[[0.954876,-0.257254,-0.148435],[-0.296009,-0.865213,-0.404703],[-0.0243168,0.430379,-0.90232]]],"btipPosition":[61.8906,226.242,1.23595],"carpPosition":[74.6525,248.347,53.6646],"dipPosition":[61.4375,234.261,-15.5763],"direction":[-0.151024,-0.850894,0.503161],"extended":false,"handId":699,"id":6993,"length":64.2502,"mcpPosition":[78.1002,285.194,3.3409],"pipPosition":[65.6096,257.767,-29.4763],"stabilizedTipPosition":[44.4412,198.685,95.5021],"timeVisible":26.0761,"tipPosition":[61.9204,228.008,-1.34589],"tipVelocity":[1.96779,134.655,-218.149],"tool":false,"touchDistance":0.333333,"touchZone":"none","type":3,"width":18.027},{"bases":[[[0.879222,-0.457933,-0.131399],[0.433607,0.654928,0.618914],[-0.197364,-0.601138,0.77439]],[[0.843493,-0.536645,-0.0230743],[0.408281,0.668462,-0.621663],[0.349036,0.514948,0.782945]],[[0.843493,-0.536645,-0.0230743],[-0.262448,-0.374271,-0.889405],[0.468659,0.756263,-0.456537]],[[0.843493,-0.536645,-0.0230743],[-0.48612,-0.744395,-0.457781],[0.228489,0.397352,-0.888766]]],"btipPosition":[71.9433,236.181,0.652641],"carpPosition":[85.9068,241.159,48.8576],"dipPosition":[75.8708,243.011,-14.6244],"direction":[-0.468659,-0.756263,0.456537],"extended":false,"handId":699,"id":6994,"length":50.3709,"mcpPosition":[97.3194,275.919,4.07865],"pipPosition":[85.0119,257.762,-23.529],"stabilizedTipPosition":[56.7785,208.11,87.861],"timeVisible":26.0761,"tipPosition":[72.974,237.62,-1.75881],"tipVelocity":[0.420941,137.455,-203.85],"tool":false,"touchDistance":0.333333,"touchZone":"none","type":4,"width":16.013}],"r":[[0.963376,0.00713054,0.268059],[-0.00855681,0.999955,0.00415286],[-0.268017,-0.0062945,0.963394]],"s":1.05084,"t":[24.8515,-14.0885,-143.07],"timestamp":523744224740},false],[6,{"currentFrameRate":110.361,"devices":[],"gestures":[],"hands":[{"armBasis":[[0.953988,0.071657,-0.291158],[0.0734096,0.885658,0.458498],[0.290721,-0.458776,0.839646]],"armWidth":63.5437,"confidence":0.713225,"direction":[-0.0516895,0.70818,-0.704137],"elbow":[148.672,112.244,278.896],"grabStrength":0,"id":699,"palmNormal":[-0.0932578,-0.705422,-0.702626],"palmPosition":[59.6512,271.091,12.6526],"palmVelocity":[-13.2513,141.299,-201.511],"palmWidth":90.7382,"pinchStrength":0.698911,"r":[[0.963344,0.00760829,0.268161],[-0.00873844,0.999957,0.00302115],[-0.268127,-0.00525372,0.963369]],"s":1.04826,"sphereCenter":[48.3963,256.812,-28.3752],"sphereRadius":45.5299,"stabilizedPalmPosition":[48.2578,239.57,75.0987],"t":[24.6459,-12.7868,-144.947],"timeVisible":26.0854,"type":"right","wrist":[70.3948,235.771,52.8185]}],"id":4280587,"interactionBox":{"center":[0,200,0],"size":[235.247,235.247,147.751]},"pointables":[{"bases":[[[0.473429,0.757327,0.4498],[-0.738327,0.0627157,0.67152],[0.480351,-0.650017,0.588847]],[[0.267753,0.941099,0.206498],[-0.82859,0.115543,0.547803],[0.491678,-0.317778,0.810722]],[[0.267753,0.941099,0.206498],[-0.9573,0.235601,0.167536],[0.109017,-0.242539,0.963997]],[[0.267753,0.941099,0.206498],[-0.675173,0.336168,-0.656607],[-0.68735,0.0363867,0.725414]]],"btipPosition":[29.1595,249.807,-39.4966],"carpPosition":[41.2997,226.591,50.5682],"dipPosition":[13.1175,250.656,-22.5662],"direction":[-0.109017,0.242539,-0.963997],"extended":false,"handId":699,"id":6990,"length":51.9721,"mcpPosition":[41.2997,226.591,50.5682],"pipPosition":[16.8243,242.41,10.2108],"stabilizedTipPosition":[12.9982,232.412,73.4281],"timeVisible":26.0854,"tipPosition":[25.4889,251.143,-34.4564],"tipVelocity":[-14.6583,116.523,-219.692],"tool":false,"touchDistance":-0.642169,"touchZone":"hovering","type":0,"width":20.194},{"bases":[[[0.971505,0.0899736,-0.219277],[0.0599026,0.801908,0.594436],[0.229324,-0.590633,0.773668]],[[0.981583,0.0608992,-0.181071],[0.0488174,0.836398,0.545944],[0.184695,-0.544728,0.818021]],[[0.981583,0.0608992,-0.181071],[-0.00384847,0.953939,0.299975],[0.190999,-0.293753,0.936605]],[[0.981583,0.0608992,-0.181071],[-0.0451993,0.994951,0.0896056],[0.185613,-0.079771,0.97938]]],"btipPosition":[18.06,322.777,-75.1397],"carpPosition":[50.5638,247.667,55.9306],"dipPosition":[21.2225,321.418,-58.4527],"direction":[-0.190999,0.293753,-0.936605],"extended":true,"handId":699,"id":6991,"length":58.6448,"mcpPosition":[33.7392,290.999,-0.830333],"pipPosition":[25.8262,314.337,-35.8772],"stabilizedTipPosition":[5.86196,299.888,28.0398],"timeVisible":26.0854,"tipPosition":[19.2982,323.306,-70.9401],"tipVelocity":[-34.124,109.556,-214.418],"tool":false,"touchDistance":-0.644657,"touchZone":"hovering","type":1,"width":19.2893},{"bases":[[[0.969014,-0.128683,-0.210838],[0.228305,0.792413,0.565649],[0.0942813,-0.596257,0.797238]],[[0.971536,-0.147707,-0.185206],[-0.00225171,0.776019,-0.630706],[0.236883,0.61317,0.753597]],[[0.971536,-0.147707,-0.185206],[-0.232748,-0.449547,-0.862401],[0.0441235,0.88096,-0.471129]],[[0.971536,-0.147707,-0.185206],[-0.213951,-0.882746,-0.418311],[-0.101703,0.446029,-0.889221]]],"btipPosition":[45.0405,229.139,-7.84514],"carpPosition":[62.3317,250.468,53.8217],"dipPosition":[43.1346,237.497,-24.5091],"direction":[-0.0441235,-0.88096,0.471129],"extended":false,"handId":699,"id":6992,"length":66.821,"mcpPosition":[55.7721,291.952,-1.64613],"pipPosition":[44.3859,262.479,-37.8693],"stabilizedTipPosition":[28.2132,202.13,89.0566],"timeVisible":26.0854,"tipPosition":[44.8028,230.975,-10.5496],"tipVelocity":[-19.9309,145.02,-220.782],"tool":false,"touchDistance":0.333333,"touchZone":"none","type":2,"width":18.9446},{"bases":[[[0.95234,-0.274392,-0.133257],[0.299842,0.761783,0.574266],[-0.0560609,-0.586852,0.807751]],[[0.953321,-0.261777,-0.150503],[0.10115,0.746477,-0.657678],[0.284512,0.611755,0.738111]],[[0.953321,-0.261777,-0.150503],[-0.259197,-0.453739,-0.852606],[0.154904,0.851818,-0.500411]],[[0.953321,-0.261777,-0.150503],[-0.301017,-0.863201,-0.405305],[-0.0238149,0.43169,-0.901708]]],"btipPosition":[61.2625,227.925,-1.61284],"carpPosition":[74.2728,250.098,51.107],"dipPosition":[60.8188,235.968,-18.4137],"direction":[-0.154904,-0.851818,0.500411],"extended":false,"handId":699,"id":6993,"length":64.2502,"mcpPosition":[77.7747,286.757,0.64949],"pipPosition":[65.098,259.5,-32.2378],"stabilizedTipPosition":[44.5108,198.815,95.0819],"timeVisible":26.0854,"tipPosition":[61.2894,229.688,-4.18186],"tipVelocity":[-17.5783,147.73,-242.694],"tool":false,"touchDistance":0.333333,"touchZone":"none","type":3,"width":18.027},{"bases":[[[0.87673,-0.462541,-0.131914],[0.438177,0.654972,0.61564],[-0.198359,-0.597552,0.776908]],[[0.839695,-0.542679,-0.0202967],[0.416009,0.666821,-0.618292],[0.349069,0.510733,0.785686]],[[0.839695,-0.542679,-0.0202967],[-0.260898,-0.370348,-0.891501],[0.476282,0.753884,-0.452563]],[[0.839695,-0.542679,-0.0202967],[-0.489998,-0.741007,-0.459141],[0.234126,0.395483,-0.888132]]],"btipPosition":[71.3287,237.882,-2.23764],"carpPosition":[85.4815,242.841,46.2979],"dipPosition":[75.3531,244.68,-17.5038],"direction":[-0.476283,-0.753884,0.452563],"extended":false,"handId":699,"id":6994,"length":50.3709,"mcpPosition":[96.9515,277.394,1.37342],"pipPosition":[84.6429,259.385,-26.3309],"stabilizedTipPosition":[56.86,208.275,87.368],"timeVisible":26.0854,"tipPosition":[72.388,239.287,-4.61276],"tipVelocity":[-17.6668,149.914,-233.708],"tool":false,"touchDistance":0.333333,"touchZone":"none","type":4,"width":16.013}],"r":[[0.963344,0.00760829,0.268161],[-0.00873844,0.999957,0.00302115],[-0.268127,-0.00525372,0.963369]],"s":1.04826,"t":[24.6459,-1