{"sensorType":"Leap","data":[[0,{"currentFrameRate":110.196,"devices":[],"gestures":[],"hands":[{"armBasis":[[0.946409,0.0471656,-0.319509],[0.129914,0.850123,0.510307],[0.295691,-0.524468,0.798436]],"armWidth":63.5437,"confidence":0.664042,"direction":[-0.0737797,0.745506,-0.662403],"elbow":[163.695,101.403,270.565],"grabStrength":0,"id":699,"palmNormal":[-0.157617,-0.664582,-0.730402],"palmPosition":[71.9415,280.284,18.032],"palmVelocity":[51.7547,144.063,-254.166],"palmWidth":90.7382,"pinchStrength":0.698397,"r":[[0.978326,-0.0376706,0.203618],[0.0241587,0.997363,0.0684426],[-0.205659,-0.06204,0.976655]],"s":1.02186,"sphereCenter":[55.0473,268.151,-22.4489],"sphereRadius":45.1024,"stabilizedPalmPosition":[50.004,244.392,72.6049],"t":[36.4299,-3.55639,-139.327],"timeVisible":7.76416,"type":"right","wrist":[84.0792,242.617,55.5834]}],"id":4278605,"interactionBox":{"center":[0,200,0],"size":[235.247,235.247,147.751]},"pointables":[{"bases":[[[0.522837,0.719564,0.457021],[-0.693231,0.046922,0.719187],[0.496057,-0.692839,0.523357]],[[0.301247,0.925392,0.23],[-0.800774,0.114559,0.587909],[0.517698,-0.361284,0.77554]],[[0.301247,0.925392,0.23],[-0.936433,0.241614,0.254394],[0.179843,-0.292015,0.939353]],[[0.301247,0.925392,0.23],[-0.703893,0.378527,-0.601043],[-0.643261,0.0191674,0.765407]]],"btipPosition":[37.7655,261.818,-33.6969],"carpPosition":[54.6381,234.351,54.7119],"dipPosition":[22.7525,262.265,-15.8332],"direction":[-0.179843,0.292015,-0.939353],"extended":false,"handId":699,"id":6990,"length":51.9721,"mcpPosition":[54.6381,234.351,54.7119],"pipPosition":[28.8674,252.336,16.1059],"stabilizedTipPosition":[0.203227,241.18,81.0525],"timeVisible":7.76416,"tipPosition":[34.7416,262.781,-28.083],"tipVelocity":[42.4292,94.3183,-300.775],"tool":false,"touchDistance":-0.712013,"touchZone":"hovering","type":0,"width":20.194},{"bases":[[[0.958373,0.0753716,-0.275392],[0.120558,0.767506,0.629603],[0.258819,-0.636595,0.726471]],[[0.958176,0.0758555,-0.275944],[0.0879413,0.839532,0.536146],[0.272333,-0.537989,0.797748]],[[0.958176,0.0758555,-0.275944],[0.00923064,0.955538,0.294724],[0.286031,-0.284945,0.914873]],[[0.958176,0.0758555,-0.275944],[-0.0521041,0.994356,0.0924188],[0.281397,-0.0741756,0.95672]]],"btipPosition":[22.4994,332.745,-65.2828],"carpPosition":[64.8445,254.859,60.5463],"dipPosition":[27.2939,331.481,-48.9819],"direction":[-0.286031,0.284945,-0.914873],"extended":true,"handId":699,"id":6991,"length":58.6448,"mcpPosition":[45.856,301.564,7.24807],"pipPosition":[34.1883,324.613,-26.9303],"stabilizedTipPosition":[-7.94407,310.351,32.3023],"timeVisible":7.76416,"tipPosition":[23.9159,333.85,-60.8887],"tipVelocity":[41.1036,62.4849,-301.519],"tool":false,"touchDistance":-0.731777,"touchZone":"hovering","type":1,"width":19.2893},{"bases":[[[0.949841,-0.143281,-0.277981],[0.2865,0.755037,0.589777],[0.125382,-0.639836,0.758215]],[[0.953083,-0.161812,-0.255831],[-0.0174462,0.814372,-0.580082],[0.302206,0.557329,0.773341]],[[0.953083,-0.161812,-0.255831],[-0.3015,-0.431957,-0.850006],[0.0270333,0.88726,-0.460478]],[[0.953083,-0.161812,-0.255831],[-0.255108,-0.884297,-0.391074],[-0.16295,0.43799,-0.884088]]],"btipPosition":[55.5761,241.81,-2.45587],"carpPosition":[76.5386,257.452,57.8431],"dipPosition":[52.5224,250.018,-19.0237],"direction":[-0.0270333,-0.88726,0.460478],"extended":false,"handId":699,"id":6992,"length":66.821,"mcpPosition":[67.8152,301.968,5.09041],"pipPosition":[53.289,275.179,-32.0818],"stabilizedTipPosition":[20.1879,213.588,86.1886],"timeVisible":7.76416,"tipPosition":[55.1095,243.435,-5.1442],"tipVelocity":[58.6603,137.67,-267.816],"tool":false,"touchDistance":0.333333,"touchZone":"none","type":2,"width":18.9446},{"bases":[[[0.933621,-0.292383,-0.207037],[0.35748,0.722089,0.592279],[-0.0236733,-0.626976,0.778679]],[[0.933908,-0.273027,-0.23081],[0.0885641,0.802149,-0.590519],[0.346371,0.531049,0.773313]],[[0.933908,-0.273027,-0.23081],[-0.329794,-0.408654,-0.851022],[0.138031,0.870895,-0.471687]],[[0.933908,-0.273027,-0.23081],[-0.345552,-0.854948,-0.386855],[-0.0917084,0.441044,-0.892788]]],"btipPosition":[72.2142,240.134,0.931534],"carpPosition":[88.2728,256.906,54.3635],"dipPosition":[70.5055,248.351,-15.7031],"direction":[-0.138031,-0.870895,0.471687],"extended":false,"handId":699,"id":6993,"length":64.2502,"mcpPosition":[89.7515,296.071,5.72205],"pipPosition":[74.3186,272.41,-28.7337],"stabilizedTipPosition":[37.9624,208.319,85.222],"timeVisible":7.76416,"tipPosition":[72.0163,241.754,-1.41624],"tipVelocity":[60.7386,148.145,-285.556],"tool":false,"touchDistance":0.333333,"touchZone":"none","type":3,"width":18.027},{"bases":[[[0.85262,-0.478248,-0.210519],[0.494835,0.609575,0.619319],[-0.167861,-0.632216,0.75639]],[[0.809292,-0.582861,-0.0729327],[0.446268,0.690817,-0.568873],[0.381957,0.427837,0.819185]],[[0.809292,-0.582861,-0.0729327],[-0.312469,-0.322033,-0.893677],[0.497403,0.746035,-0.442745]],[[0.809292,-0.582861,-0.0729327],[-0.553075,-0.714272,-0.428863],[0.197874,0.387413,-0.90042]]],"btipPosition":[82.0752,249.876,-0.0193627],"carpPosition":[98.9399,249.615,48.4912],"dipPosition":[85.4765,256.535,-15.4968],"direction":[-0.497403,-0.746035,0.442745],"extended":false,"handId":699,"id":6994,"length":50.3709,"mcpPosition":[108.646,286.173,4.75319],"pipPosition":[95.1782,271.086,-24.1324],"stabilizedTipPosition":[48.9497,217.786,82.9136],"timeVisible":7.76416,"tipPosition":[82.9369,251.066,-2.259],"tipVelocity":[62.7458,155.25,-291.419],"tool":false,"touchDistance":0.333333,"touchZone":"none","type":4,"width":16.013}],"r":[[0.978326,-0.0376706,0.203618],[0.0241587,0.997363,0.0684426],[-0.205659,-0.06204,0.976655]],"s":1.02186,"t":[36.4299,-3.55639,-139.327],"timestamp":523725912846},false],[1,{"currentFrameRate":110.275,"devices":[],"gestures":[],"hands":[{"armBasis":[[0.945051,0.0567094,-0.321967],[0.12298,0.850835,0.510839],[0.30291,-0.522364,0.797108]],"armWidth":63.5437,"confidence":0.694201,"direction":[-0.0754498,0.736803,-0.671884],"elbow":[165.612,104.284,267.873],"grabStrength":0,"id":699,"palmNormal":[-0.149418,-0.674551,-0.722949],"palmPosition":[71.8513,282.052,15.1779],"palmVelocity":[34.8865,158.788,-272.043],"palmWidth":90.7382,"pinchStrength":0.710692,"r":[[0.977965,-0.0340849,0.205969],[0.0216178,0.997812,0.0624797],[-0.207648,-0.0566504,0.976562]],"s":1.01993,"sphereCenter":[55.2103,269.3,-25.2632],"sphereRadius":45.0775,"stabilizedPalmPosition":[50.1905,244.714,72.1145],"t":[36.5351,-2.04002,-141.813],"timeVisible":7.77309,"type":"right","wrist":[84.0524,244.932,53.2499]}],"id":4278606,"interactionBox":{"center":[0,200,0],"size":[235.247,235.247,147.751]},"pointables":[{"bases":[[[0.515641,0.728663,0.450738],[-0.697172,0.0510164,0.715087],[0.498062,-0.68297,0.534309]],[[0.292067,0.931146,0.218319],[-0.806013,0.116766,0.580266],[0.51482,-0.345445,0.78462]],[[0.292067,0.931146,0.218319],[-0.940422,0.238056,0.242769],[0.174081,-0.276217,0.945198]],[[0.292067,0.931146,0.218319],[-0.707484,0.363952,-0.60581],[-0.643555,0.0224797,0.765069]]],"btipPosition":[38.146,262.519,-36.7185],"carpPosition":[54.6726,236.456,52.3332],"dipPosition":[23.1261,263.044,-18.8627],"direction":[-0.174081,0.276217,-0.945198],"extended":false,"handId":699,"id":6990,"length":51.9721,"mcpPosition":[54.6726,236.456,52.3332],"pipPosition":[29.0451,253.652,13.2752],"stabilizedTipPosition":[0.228946,241.196,80.9678],"timeVisible":7.77309,"tipPosition":[35.0379,263.53,-31.1542],"tipVelocity":[42.4343,90.5792,-311.111],"tool":false,"touchDistance":-0.714496,"touchZone":"hovering","type":0,"width":20.194},{"bases":[[[0.959227,0.0785161,-0.271512],[0.112177,0.775976,0.620707],[0.259422,-0.625857,0.735529]],[[0.958736,0.0796966,-0.272899],[0.0792206,0.846993,0.525667],[0.273038,-0.525595,0.805729]],[[0.958736,0.0796966,-0.272899],[0.000809533,0.959135,0.282947],[0.284297,-0.271492,0.919493]],[[0.958736,0.0796966,-0.272899],[-0.0598304,0.994968,0.0803739],[0.277931,-0.0607297,0.958679]]],"btipPosition":[22.3919,333.117,-69.0147],"carpPosition":[64.7105,257.103,57.9657],"dipPosition":[27.1273,332.082,-52.6804],"direction":[-0.284297,0.271492,-0.919493],"extended":true,"handId":699,"id":6991,"length":58.6448,"mcpPosition":[45.6778,303.02,4.0029],"pipPosition":[33.9799,325.538,-30.5174],"stabilizedTipPosition":[-7.92889,310.362,32.2552],"timeVisible":7.77309,"tipPosition":[23.801,334.233,-64.6587],"tipVelocity":[26.1949,58.4079,-333.059],"tool":false,"touchDistance":-0.742796,"touchZone":"hovering","type":1,"width":19.2893},{"bases":[[[0.952185,-0.140204,-0.271454],[0.278399,0.76415,0.581867],[0.125851,-0.629617,0.766644]],[[0.955441,-0.158447,-0.249054],[-0.0172635,0.812287,-0.583003],[0.294678,0.561324,0.773356]],[[0.955441,-0.158447,-0.249054],[-0.294032,-0.436404,-0.850351],[0.026048,0.88569,-0.463546]],[[0.955441,-0.158447,-0.249054],[-0.248033,-0.888382,-0.386338],[-0.160041,0.430896,-0.888097]]],"btipPosition":[55.7406,243.375,-5.43485],"carpPosition":[76.4004,259.742,55.2893],"dipPosition":[52.7414,251.45,-22.0778],"direction":[-0.026048,-0.88569,0.463546],"extended":false,"handId":699,"id":6992,"length":66.821,"mcpPosition":[67.6444,303.547,1.95004],"pipPosition":[53.4801,276.566,-35.2229],"stabilizedTipPosition":[20.4256,213.804,85.5376],"timeVisible":7.77309,"tipPosition":[55.2973,244.955,-8.0697],"tipVelocity":[48.071,146.986,-286.311],"tool":false,"touchDistance":0.333333,"touchZone":"none","type":2,"width":18.9446},{"bases":[[[0.936612,-0.288533,-0.198763],[0.349587,0.73172,0.585128],[-0.02339,-0.617523,0.786205]],[[0.936884,-0.268887,-0.223493],[0.0862874,0.797246,-0.597456],[0.338827,0.540462,0.770128]],[[0.936884,-0.268887,-0.223493],[-0.322668,-0.418718,-0.848859],[0.134666,0.867396,-0.479051]],[[0.936884,-0.268887,-0.223493],[-0.337753,-0.861265,-0.379665],[-0.0904002,0.431188,-0.897722]]],"btipPosition":[72.484,241.731,-1.5896],"carpPosition":[88.1555,259.234,51.8752],"dipPosition":[70.7996,249.765,-18.3162],"direction":[-0.134666,-0.867396,0.479051],"extended":false,"handId":699,"id":6993,"length":64.2502,"mcpPosition":[89.6166,297.808,2.76363],"pipPosition":[74.5198,273.727,-31.5502],"stabilizedTipPosition":[38.1836,208.548,84.6345],"timeVisible":7.77309,"tipPosition":[72.2743,243.329,-3.97933],"tipVelocity":[52.5868,155.266,-285.346],"tool":false,"touchDistance":0.333333,"touchZone":"none","type":3,"width":18.027},{"bases":[[[0.856887,-0.474974,-0.200362],[0.487559,0.620484,0.614236],[-0.167424,-0.624019,0.763263]],[[0.813063,-0.579028,-0.0604632],[0.447062,0.687513,-0.572243],[0.372914,0.438238,0.817852]],[[0.813063,-0.579028,-0.0604632],[-0.303387,-0.332776,-0.89287],[0.496876,0.744303,-0.446237]],[[0.813063,-0.579028,-0.0604632],[-0.545877,-0.722145,-0.424882],[0.202355,0.378461,-0.903227]]],"btipPosition":[82.2635,251.552,-2.59826],"carpPosition":[98.9013,251.944,46.1464],"dipPosition":[85.7418,258.057,-18.1239],"direction":[-0.496876,-0.744303,0.446237],"extended":false,"handId":699,"id":6994,"length":50.3709,"mcpPosition":[108.583,288.027,2.01093],"pipPosition":[95.4332,272.574,-26.8276],"stabilizedTipPosition":[49.2107,218.055,82.232],"timeVisible":7.77309,"tipPosition":[83.1381,252.723,-4.87706],"tipVelocity":[51.9273,163.019,-291.068],"tool":false,"touchDistance":0.333333,"touchZone":"none","type":4,"width":16.013}],"r":[[0.977965,-0.0340849,0.205969],[0.0216178,0.997812,0.0624797],[-0.207648,-0.0566504,0.976562]],"s":1.01993,"t":[36.5351,-2.04002,-141.813],"timestamp":523725921773},false],[2,{"currentFrameRate":110.206,"devices":[],"gestures":[],"hands":[{"armBasis":[[0.94545,0.0619415,-0.319823],[0.117068,0.851572,0.510999],[0.304004,-0.520566,0.797868]],"armWidth":63.5437,"confidence":0.602815,"direction":[-0.0782898,0.734776,-0.673777],"elbow":[165.983,106.251,266.466],"grabStrength":0,"id":699,"palmNormal":[-0.143815,-0.677106,-0.721696],"palmPosition":[71.7949,283.372,13.4516],"palmVelocity":[23.4146,154.539,-248.464],"palmWidth":90.7382,"pinchStrength":0.70978,"r":[[0.97761,-0.0299544,0.208284],[0.0183889,0.998191,0.0572446],[-0.209622,-0.0521327,0.976392]],"s":1.01847,"sphereCenter":[55.2713,270.436,-26.9894],"sphereRadius":45.0627,"stabilizedPalmPosition":[50.3849,245.061,71.5868],"t":[36.5595,-0.621598,-143.92],"timeVisible":7.78229,"type":"right","wrist":[84.1294,246.414,51.6377]}],"id":4278607,"interactionBox":{"center":[0,200,0],"size":[235.247,235.247,147.751]},"pointables":[{"bases":[[[0.510321,0.732744,0.450176],[-0.699062,0.0485656,0.71341],[0.500884,-0.678769,0.537018]],[[0.283145,0.934942,0.213804],[-0.80973,0.113571,0.575707],[0.51397,-0.336132,0.789208]],[[0.283145,0.934942,0.213804],[-0.943539,0.231583,0.236861],[0.171938,-0.268798,0.947726]],[[0.283145,0.934942,0.213804],[-0.715408,0.354366,-0.602176],[-0.638765,0.0175462,0.769202]]],"btipPosition":[38.279,263.225,-38.7871],"carpPosition":[54.8022,237.763,50.6754],"dipPosition":[23.3709,263.635,-20.8349],"direction":[-0.171938,0.268798,-0.947726],"extended":false,"handId":699,"id":6990,"length":51.9721,"mcpPosition":[54.8022,237.763,50.6754],"pipPosition":[29.2171,254.495,11.389],"stabilizedTipPosition":[0.252535,241.211,80.889],"timeVisible":7.78229,"tipPosition":[35.1606,264.245,-33.2309],"tipVelocity":[35.3941,85.9103,-286.342],"tool":false,"touchDistance":-0.702076,"touchZone":"hovering","type":0,"width":20.194},{"bases":[[[0.959353,0.0835464,-0.269558],[0.106204,0.77807,0.619134],[0.261461,-0.622597,0.737571]],[[0.958478,0.0856182,-0.272011],[0.0725388,0.849287,0.522925],[0.275787,-0.520943,0.807812]],[[0.958478,0.0856182,-0.272011],[-0.00626269,0.959954,0.280087],[0.285099,-0.266754,0.920631]],[[0.958478,0.0856182,-0.272011],[-0.0668065,0.994736,0.0776989],[0.277232,-0.0563006,0.959152]]],"btipPosition":[22.1121,333.867,-70.9731],"carpPosition":[64.7055,258.482,56.2818],"dipPosition":[26.8356,332.908,-54.6307],"direction":[-0.285099,0.266754,-0.920631],"extended":true,"handId":699,"id":6991,"length":58.6448,"mcpPosition":[45.5232,304.159,2.16918],"pipPosition":[33.7075,326.478,-32.4403],"stabilizedTipPosition":[-7.91675,310.371,32.2164],"timeVisible":7.78229,"tipPosition":[23.5341,334.962,-66.6473],"tipVelocity":[10.2781,65.422,-299.42],"tool":false,"touchDistance":-0.726198,"touchZone":"hovering","type":1,"width":19.2893},{"bases":[[[0.953602,-0.135211,-0.269002],[0.27258,0.767136,0.580692],[0.127845,-0.627073,0.768397]],[[0.956912,-0.153365,-0.246574],[-0.0207289,0.810903,-0.584813],[0.289637,0.564726,0.772784]],[[0.956912,-0.153365,-0.246574],[-0.289556,-0.440133,-0.849965],[0.021829,0.884738,-0.465577]],[[0.956912,-0.153365,-0.246574],[-0.241886,-0.890803,-0.384657],[-0.160656,0.427726,-0.889517]]],"btipPosition":[55.9605,244.562,-7.10916],"carpPosition":[76.3856,261.183,53.6252],"dipPosition":[52.9498,252.578,-23.7787],"direction":[-0.021829,-0.884738,0.465577],"extended":false,"handId":699,"id":6992,"length":66.821,"mcpPosition":[67.4908,304.812,0.164037],"pipPosition":[53.5688,277.667,-36.9814],"stabilizedTipPosition":[20.6706,214.033,84.8594],"timeVisible":7.78229,"tipPosition":[55.5072,246.136,-9.7759],"tipVelocity":[41.2358,141.57,-257.348],"tool":false,"touchDistance":0.333333,"touchZone":"none","type":2,"width":18.9446},{"bases":[[[0.938741,-0.283459,-0.195999],[0.34395,0.735134,0.584188],[-0.0215082,-0.615815,0.787597]],[[0.938941,-0.263054,-0.221794],[0.0828949,0.798557,-0.596184],[0.333943,0.541396,0.771603]],[[0.938941,-0.263054,-0.221794],[-0.318368,-0.419707,-0.849993],[0.130505,0.868705,-0.477828]],[[0.938941,-0.263054,-0.221794],[-0.331678,-0.863459,-0.380036],[-0.0915398,0.430396,-0.897987]]],"btipPosition":[72.7158,243.064,-3.40778],"carpPosition":[88.1511,260.736,50.2386],"dipPosition":[71.0102,251.084,-20.1393],"direction":[-0.130505,-0.868705,0.477828],"extended":false,"handId":699,"id":6993,"length":64.2502,"mcpPosition":[89.4946,299.204,1.04004],"pipPosition":[74.6155,275.082,-33.3395],"stabilizedTipPosition":[38.4221,208.802,83.9926],"timeVisible":7.78229,"tipPosition":[72.4838,244.661,-5.82186],"tipVelocity":[44.7825,152.281,-260.875],"tool":false,"touchDistance":0.333333,"touchZone":"none","type":3,"width":18.027},{"bases":[[[0.860122,-0.470371,-0.197338],[0.482511,0.624784,0.613863],[-0.16545,-0.623215,0.764349]],[[0.816078,-0.575222,-0.0560015],[0.44759,0.690342,-0.56841],[0.365623,0.438801,0.820837]],[[0.816078,-0.575222,-0.0560015],[-0.296089,-0.332907,-0.895267],[0.496335,0.747189,-0.441995]],[[0.816078,-0.575222,-0.0560015],[-0.540232,-0.724811,-0.42755],[0.205346,0.379168,-0.902256]]],"btipPosition":[82.4168,252.97,-4.46135],"carpPosition":[98.9526,253.497,44.5508],"dipPosition":[85.9465,259.487,-19.9703],"direction":[-0.496335,-0.747189,0.441996],"extended":false,"handId":699,"id":6994,"length":50.3709,"mcpPosition":[108.52,289.534,0.352533],"pipPosition":[95.6273,274.061,-28.5913],"stabilizedTipPosition":[49.491,218.356,81.4882],"timeVisible":7.78229,"tipPosition":[83.299,254.141,-6.74297],"tipVelocity":[42.4285,160.646,-266.212],"tool":false,"touchDistance":0.333333,"touchZone":"none","type":4,"width":16.013}],"r":[[0.97761,-0.0299544,0.208284],[0.0183889,0.998191,0.0572446],[-0.209622,-0.0521327,0.976392]],"s":1.01847,"t":[36.5595,-0.621598,-143.92],"timestamp":523725930969},false],[3,{"currentFrameRate":110.31,"devices":[],"gestures":[],"hands":[{"armBasis":[[0.941604,0.0654539,-0.330299],[0.119259,0.852514,0.508918],[0.314895,-0.51859,0.794925]],"armWidth":63.5437,"confidence":0.608113,"direction":[-0.0802062,0.72986,-0.678875],"elbow":[168.964,108.012,264.135],"grabStrength":0,"id":699,"palmNormal":[-0.145993,-0.682327,-0.716322],"palmPosition":[71.7344,284.324,11.6814],"palmVelocity":[15.2077,141.677,-235.115],"palmWidth":90.7382,"pinchStrength":0.715975,"r":[[0.977435,-0.0263583,0.209586],[0.0158665,0.998543,0.0515847],[-0.21064,-0.0470953,0.976429]],"s":1.01714,"sphereCenter":[54.9977,271.126,-28.5812],"sphereRadius":45.0395,"stabilizedPalmPosition":[50.5691,245.4,71.0699],"t":[36.5414,0.563553,-145.858],"timeVisible":7.79117,"type":"right","wrist":[84.1779,247.644,50.0991]}],"id":4278608,"interactionBox":{"center":[0,200,0],"size":[235.247,235.247,147.751]},"pointables":[{"bases":[[[0.511705,0.735948,0.443328],[-0.696958,0.0538335,0.715088],[0.502402,-0.674895,0.540472]],[[0.281572,0.937638,0.203845],[-0.809962,0.118351,0.574416],[0.514469,-0.326846,0.792775]],[[0.281572,0.937638,0.203845],[-0.944285,0.233039,0.232419],[0.170421,-0.257931,0.951014]],[[0.281572,0.937638,0.203845],[-0.719985,0.346886,-0.601076],[-0.634303,0.0224804,0.772758]]],"btipPosition":[38.2466,263.504,-40.5488],"carpPosition":[54.8473,238.989,49.286],"dipPosition":[23.4427,264.029,-22.5136],"direction":[-0.170421,0.257931,-0.951015],"extended":false,"handId":699,"id":6990,"length":51.9721,"mcpPosition":[54.8473,238.989,49.286],"pipPosition":[29.2373,255.259,9.8221],"stabilizedTipPosition":[0.271925,241.223,80.8232],"timeVisible":7.79117,"tipPosition":[35.06,264.585,-35.0279],"tipVelocity":[25.5273,71.9225,-261.866],"tool":false,"touchDistance":-0.686341,"touchZone":"hovering","type":0,"width":20.194},{"bases":[[[0.958564,0.0814785,-0.272976],[0.10809,0.782546,0.613138],[0.263574,-0.617238,0.741313]],[[0.957352,0.0842924,-0.276354],[0.073744,0.853526,0.515805],[0.279354,-0.514186,0.810909]],[[0.957352,0.0842924,-0.276354],[-0.00584765,0.961953,0.273153],[0.288864,-0.259888,0.92142]],[[0.957352,0.0842924,-0.276354],[-0.0670073,0.995193,0.0714213],[0.281046,-0.0498576,0.958398]]],"btipPosition":[21.7118,334.174,-72.956],"carpPosition":[64.7688,259.747,54.7124],"dipPosition":[26.5003,333.325,-56.6265],"direction":[-0.288864,0.259888,-0.92142],"extended":true,"handId":699,"id":6991,"length":58.6448,"mcpPosition":[45.4314,305.031,0.325191],"pipPosition":[33.4629,327.061,-34.417],"stabilizedTipPosition":[-7.9077,310.378,32.1866],"timeVisible":7.79117,"tipPosition":[23.1707,335.252,-68.6707],"tipVelocity":[-4.29283,57.8235,-278.828],"tool":false,"touchDistance":-0.711699,"touchZone":"hovering","type":1,"width":19.2893},{"bases":[[[0.952795,-0.137269,-0.270811],[0.274351,0.771314,0.574288],[0.130049,-0.621476,0.772564]],[[0.956172,-0.15527,-0.248248],[-0.0214933,0.808316,-0.588357],[0.292016,0.567906,0.769552]],[[0.956172,-0.15527,-0.248248],[-0.292025,-0.443782,-0.847218],[0.0213794,0.882581,-0.469674]],[[0.956172,-0.15527,-0.248248],[-0.243368,-0.892851,-0.378932],[-0.162811,0.42274,-0.891506]]],"btipPosition":[55.8016,245.419,-8.71352],"carpPosition":[76.4413,262.427,52.0019],"dipPosition":[52.7505,253.341,-25.4203],"direction":[-0.0213794,-0.882581,0.469674],"extended":false,"handId":699,"id":6992,"length":66.821,"mcpPosition":[67.3931,305.667,-1.74918],"pipPosition":[53.3568,278.369,-38.7392],"stabilizedTipPosition":[20.8984,214.253,84.2146],"timeVisible":7.79117,"tipPosition":[55.3411,246.974,-11.3942],"tipVelocity":[24.8982,128.666,-236.779],"tool":false,"touchDistance":0.333333,"touchZone":"none","type":2,"width":18.9446},{"bases":[[[0.938137,-0.28498,-0.196687],[0.345729,0.739331,0.577807],[-0.0192466,-0.610063,0.792119]],[[0.938257,-0.264474,-0.222996],[0.0809205,0.794516,-0.601827],[0.336342,0.546624,0.766862]],[[0.938257,-0.264474,-0.222996],[-0.321037,-0.425532,-0.846083],[0.128875,0.865434,-0.484165]],[[0.938257,-0.264474,-0.222996],[-0.332775,-0.866141,-0.372907],[-0.0945217,0.42409,-0.900674]]],"btipPosition":[72.6139,243.899,-4.90845],"carpPosition":[88.1967,261.955,48.584],"dipPosition":[70.8527,251.8,-21.6901],"direction":[-0.128875,-0.865434,0.484165],"extended":false,"handId":699,"id":6993,"length":64.2502,"mcpPosition":[89.3989,300.064,-0.897036],"pipPosition":[74.4129,275.708,-35.0653],"stabilizedTipPosition":[38.6521,209.053,83.3613],"timeVisible":7.79117,"tipPosition":[72.3652,245.482,-7.35987],"tipVelocity":[29.1158,135.607,-236.27],"tool":false,"touchDistance":0.333333,"touchZone":"none","type":3,"width":18.027},{"bases":[[[0.859497,-0.471888,-0.196434],[0.484367,0.629184,0.607878],[-0.163257,-0.617616,0.769349]],[[0.815503,-0.576291,-0.0533161],[0.447904,0.686785,-0.572459],[0.36652,0.442961,0.818198]],[[0.815503,-0.576291,-0.0533161],[-0.297002,-0.337651,-0.893186],[0.496733,0.744231,-0.446515]],[[0.815503,-0.576291,-0.0533161],[-0.541425,-0.727114,-0.422094],[0.204482,0.373086,-0.904983]]],"btipPosition":[82.2936,253.838,-6.15582],"carpPosition":[98.9808,254.673,42.9174],"dipPosition":[85.8085,260.251,-21.7117],"direction":[-0.496733,-0.744231,0.446515],"extended":false,"handId":699,"id":6994,"length":50.3709,"mcpPosition":[108.421,290.386,-1.57001],"pipPosition":[95.4971,274.767,-30.4208],"stabilizedTipPosition":[49.7582,218.649,80.763],"timeVisible":7.79117,"tipPosition":[83.1737,254.993,-8.47065],"tipVelocity":[27.0382,142.825,-246.059],"tool":false,"touchDistance":0.333333,"touchZone":"none","type":4,"width":16.013}],"r":[[0.977435,-0.0263583,0.209586],[0.0158665,0.998543,0.0515847],[-0.21064,-0.0470953,0.976429]],"s":1.01714,"t":[36.5414,0.563553,-145.858],"timestamp":523725939851},false],[4,{"currentFrameRate":110.273,"devices":[],"gestures":[],"hands":[{"armBasis":[[0.942355,0.0634037,-0.328553],[0.118209,0.855494,0.50414],[0.313039,-0.513916,0.798684]],"armWidth":63.5437,"confidence":0.61658,"direction":[-0.0817897,0.724575,-0.684325],"elbow":[168.441,110.312,263.996],"grabStrength":0,"id":699,"palmNormal":[-0.145096,-0.687967,-0.71109],"palmPosition":[71.6293,285.053,10.2604],"palmVelocity":[7.78158,124.465,-213.005],"palmWidth":90.7382,"pinchStrength":0.730003,"r":[[0.977314,-0.0228146,0.210563],[0.0135051,0.998871,0.0455451],[-0.211364,-0.0416681,0.976519]],"s":1.01552,"sphereCenter":[54.6915,271.606,-29.799],"sphereRadius":45.0005,"stabilizedPalmPosition":[50.7498,245.74,70.5482],"t":[36.4799,1.52039,-147.537],"timeVisible":7.8003,"type":"right","wrist":[84.1543,248.685,48.9482]}],"id":4278609,"interactionBox":{"center":[0,200,0],"size":[235.247,235.247,147.751]},"pointables":[{"bases":[[[0.510594,0.740173,0.437536],[-0.696743,0.0579959,0.714972],[0.503827,-0.669911,0.545323]],[[0.277131,0.941099,0.193727],[-0.812578,0.12196,0.569949],[0.512752,-0.315369,0.798516]],[[0.277131,0.941099,0.193727],[-0.946722,0.233027,0.222297],[0.16406,-0.245011,0.955539]],[[0.277131,0.941099,0.193727],[-0.714516,0.336656,-0.613294],[-0.64239,0.0315417,0.765729]]],"btipPosition":[38.7285,263.266,-41.897],"carpPosition":[54.8386,239.972,48.2134],"dipPosition":[23.7359,264.002,-24.0257],"direction":[-0.16406,0.245011,-0.955539],"extended":false,"handId":699,"id":6990,"length":51.9721,"mcpPosition":[54.8386,239.972,48.2134],"pipPosition":[29.3141,255.671,8.46375],"stabilizedTipPosition":[0.287984,241.233,80.7688],"timeVisible":7.8003,"tipPosition":[35.2902,264.466,-36.531],"tipVelocity":[31.7777,46.1526,-231.249],"tool":false,"touchDistance":-0.666828,"touchZone":"hovering","type":0,"width":20.194},{"bases":[[[0.958301,0.0811085,-0.27401],[0.106971,0.787338,0.60717],[0.264985,-0.611163,0.74583]],[[0.95672,0.0847142,-0.278407],[0.0720696,0.857917,0.508709],[0.281945,-0.506757,0.814681]],[[0.95672,0.0847142,-0.278407],[-0.00775771,0.963776,0.266601],[0.290907,-0.252903,0.922721]],[[0.95672,0.0847142,-0.278407],[-0.0689868,0.995443,0.0658286],[0.282715,-0.0437732,0.958205]]],"btipPosition":[21.3765,334.18,-74.7107],"carpPosition":[64.7258,260.788,53.4787],"dipPosition":[26.1935,333.434,-58.3845],"direction":[-0.290907,0.252903,-0.922721],"extended":true,"handId":699,"id":6991,"length":58.6448,"mcpPosition":[45.2849,305.627,-1.23992],"pipPosition":[33.2054,327.338,-36.1437],"stabilizedTipPosition":[-7.90079,310.383,32.1631],"timeVisible":7.8003,"tipPosition":[22.8622,335.226,-70.4656],"tipVelocity":[-13.1045,42.6402,-254.748],"tool":false,"touchDistance":-0.695195,"touchZone":"hovering","type":1,"width":19.2893},{"bases":[[[0.952919,-0.137626,-0.270192],[0.273235,0.776106,0.568332],[0.131481,-0.615401,0.777171]],[[0.956339,-0.15546,-0.247482],[-0.022354,0.805401,-0.592308],[0.291403,0.57198,0.766762]],[[0.956339,-0.15546,-0.247482],[-0.291546,-0.448354,-0.844973],[0.0203999,0.880233,-0.474102]],[[0.956339,-0.15546,-0.247482],[-0.24221,-0.895465,-0.373465],[-0.163553,0.417102,-0.894023]]],"btipPosition":[55.7242,246.014,-9.98631],"carpPosition":[76.3923,263.469,50.7428],"dipPosition":[52.6592,253.831,-26.7403],"direction":[-0.0203999,-0.880233,0.474102],"extended":false,"handId":699,"id":6992,"length":66.821,"mcpPosition":[67.2446,306.286,-3.32881],"pipPosition":[53.2377,278.792,-40.1847],"stabilizedTipPosition":[21.1181,214.469,83.5833],"timeVisible":7.8003,"tipPosition":[55.2589,247.551,-12.6884],"tipVelocity":[15.5217,110.276,-210.026],"tool":false,"touchDistance":0.333333,"touchZone":"none","type":2,"width":18.9446},{"bases":[[[0.938554,-0.284799,-0.19495],[0.344671,0.744277,0.572061],[-0.0178258,-0.604103,0.796707]],[[0.938622,-0.26428,-0.221686],[0.0790302,0.790328,-0.607565],[0.335772,0.552754,0.762705]],[[0.938622,-0.26428,-0.221686],[-0.320759,-0.432282,-0.842761],[0.126894,0.862142,-0.49052]],[[0.938622,-0.26428,-0.221686],[-0.33133,-0.869522,-0.366266],[-0.095964,0.417237,-0.903717]]],"btipPosition":[72.5825,244.508,-6.0382],"carpPosition":[88.1471,262.992,47.3234],"dipPosition":[70.7944,252.282,-22.8765],"direction":[-0.126894,-0.862142,0.49052],"extended":false,"handId":699,"id":6993,"length":64.2502,"mcpPosition":[89.2606,300.728,-2.44422],"pipPosition":[74.2999,276.099,-36.4273],"stabilizedTipPosition":[38.8824,209.309,82.7204],"timeVisible":7.8003,"tipPosition":[72.3225,246.076,-8.52172],"tipVelocity":[19.8778,115.576,-205.37],"tool":false,"touchDistance":0.333333,"touchZone":"none","type":3,"width":18.027},{"bases":[[[0.860245,-0.471838,-0.193252],[0.483517,0.634605,0.602899],[-0.161832,-0.612082,0.774058]],[[0.816333,-0.575507,-0.0489145],[0.44716,0.683332,-0.577153],[0.365581,0.449276,0.81517]],[[0.816333,-0.575507,-0.0489145],[-0.29623,-0.344475,-0.890833],[0.495831,0.741707,-0.451689]],[[0.816333,-0.575507,-0.0489145],[-0.540333,-0.731023,-0.416707],[0.20406,0.366602,-0.907724]]],"btipPosition":[82.23,254.469,-7.38363],"carpPosition":[98.9416,255.686,41.707],"dipPosition":[85.7376,260.771,-22.9866],"direction":[-0.495831,-0.741706,0.451689],"extended":false,"handId":699,"id":6994,"length":50.3709,"mcpPosition":[108.299,291.079,-3.05266],"pipPosition":[95.4086,275.237,-31.7966],"stabilizedTipPosition":[50.0219,218.945,80.0362],"timeVisible":7.8003,"tipPosition":[83.1085,255.61,-9.73137],"tipVelocity":[17.5344,121.55,-215.356],"tool":false,"touchDistance":0.333333,"touchZone":"none","type":4,"width":16.013}],"r":[[0.977314,-0.0228146,0.210563],[0.0135051,0.998871,0.0455451],[-0.211364,-0.0416681,0.976519]],"s":1.01552,"t":[36.4799,1.52039,-147.537],"timestamp":523725948984},false],[5,{"currentFrameRate":110.328,"devices":[],"gestures":[],"hands":[{"armBasis":[[0.947064,0.0512812,-0.316923],[0.121295,0.856839,0.501113],[0.297249,-0.513027,0.805262]],"armWidth":63.5437,"confidence":0.608972,"direction":[-0.0838627,0.718868,-0.69007],"elbow":[164.021,112.209,263.967],"grabStrength":0,"id":699,"palmNormal":[-0.148193,-0.693805,-0.70475],"palmPosition":[71.3407,286.394,8.20339],"palmVelocity":[-3.15813,131.323,-217.492],"palmWidth":90.7382,"pinchStrength":0.737298,"r":[[0.977365,-0.0197555,0.210637],[0.0117859,0.999169,0.0390243],[-0.211233,-0.0356584,0.976785]],"s":1.0142,"sphereCenter":[54.0275,272.696,-31.6035],"sphereRadius":44.9987,"stabilizedPalmPosition":[50.921,246.078,70.0299],"t":[36.3048,2.66918,-149.406],"timeVisible":7.80927,"type":"right","wrist":[83.9858,250.343,47.148]}],"id":4278610,"interactionBox":{"center":[0,200,0],"size":[235.247,235.247,147.751]},"pointables":[{"bases":[[[0.512705,0.743465,0.429411],[-0.694038,0.0644669,0.717046],[0.505416,-0.665661,0.549045]],[[0.276821,0.94331,0.18313],[-0.811363,0.127346,0.570503],[0.51484,-0.306512,0.800619]],[[0.276821,0.94331,0.18313],[-0.946677,0.235027,0.220375],[0.164842,-0.234369,0.95807]],[[0.276821,0.94331,0.18313],[-0.714017,0.329464,-0.617764],[-0.643078,0.0402527,0.764742]]],"btipPosition":[38.4374,263.932,-43.6828],"carpPosition":[54.6619,241.645,46.5954],"dipPosition":[23.4287,264.871,-25.8346],"direction":[-0.164842,0.234369,-0.95807],"extended":false,"handId":699,"id":6990,"length":51.9721,"mcpPosition":[54.6619,241.645,46.5954],"pipPosition":[29.0335,256.903,6.74099],"stabilizedTipPosition":[0.300838,241.242,80.7243],"timeVisible":7.80927,"tipPosition":[34.9329,265.19,-38.4199],"tipVelocity":[14.0789,55.2777,-222.626],"tool":false,"touchDistance":-0.655345,"touchZone":"hovering","type":0,"width":20.194},{"bases":[[[0.957327,0.0781506,-0.278242],[0.109747,0.792328,0.600143],[0.26736,-0.60507,0.74994]],[[0.955256,0.0827702,-0.283962],[0.0741873,0.86231,0.500917],[0.286324,-0.499571,0.817586]],[[0.955256,0.0827702,-0.283962],[-0.00627882,0.965506,0.260307],[0.295712,-0.246877,0.922825]],[[0.955256,0.0827702,-0.283962],[-0.0680687,0.995797,0.0612734],[0.28784,-0.0392029,0.956876]]],"btipPosition":[20.668,334.91,-76.9462],"carpPosition":[64.5823,262.497,51.649],"dipPosition":[25.5723,334.242,-60.6427],"direction":[-0.295713,0.246877,-0.922825],"extended":true,"handId":699,"id":6991,"length":58.6448,"mcpPosition":[44.9671,306.889,-3.37107],"pipPosition":[32.7,328.292,-38.3993],"stabilizedTipPosition":[-7.8952,310.388,32.1433],"timeVisible":7.80927,"tipPosition":[22.2046,335.89,-72.7583],"tipVelocity":[-30.5333,53.8197,-253.417],"tool":false,"touchDistance":-0.687619,"touchZone":"hovering","type":1,"width":19.2893},{"bases":[[[0.951816,-0.14054,-0.27257],[0.275858,0.780657,0.560783],[0.133971,-0.608953,0.781811]],[[0.95531,-0.158194,-0.249713],[-0.023358,0.801716,-0.597249],[0.29468,0.576391,0.762193]],[[0.95531,-0.158194,-0.249713],[-0.294937,-0.453349,-0.841123],[0.0198534,0.877183,-0.479746]],[[0.95531,-0.158194,-0.249713],[-0.244398,-0.897883,-0.366165],[-0.166288,0.41083,-0.896419]]],"btipPosition":[55.3081,247.235,-11.78],"carpPosition":[76.2403,265.147,48.8474],"dipPosition":[52.1919,254.934,-28.5789],"direction":[-0.0198534,-0.877183,0.479746],"extended":false,"handId":699,"id":6992,"length":66.821,"mcpPosition":[66.9193,307.515,-5.54705],"pipPosition":[52.7549,279.809,-42.1834],"stabilizedTipPosition":[21.3253,214.683,82.9692],"timeVisible":7.80927,"tipPosition":[54.832,248.753,-14.5059],"tipVelocity":[-1.78675,116.541,-207.605],"tool":false,"touchDistance":0.333333,"touchZone":"none","type":2,"width":18.9446},{"bases":[[[0.937635,-0.287068,-0.196042],[0.347286,0.748811,0.564512],[-0.0152547,-0.597389,0.801806]],[[0.937612,-0.26661,-0.223164],[0.0769911,0.785138,-0.614517],[0.339051,0.558997,0.756681]],[[0.937612,-0.26661,-0.223164],[-0.324312,-0.439298,-0.837759],[0.12532,0.857867,-0.498356]],[[0.937612,-0.26661,-0.223164],[-0.333177,-0.872451,-0.357522],[-0.0993806,0.40957,-0.906849]]],"btipPosition":[72.2178,245.713,-7.74847],"carpPosition":[87.9819,264.633,45.3884],"dipPosition":[70.3661,253.344,-24.6452],"direction":[-0.12532,-0.857867,0.498356],"extended":false,"handId":699,"id":6993,"length":64.2502,"mcpPosition":[88.9348,301.949,-4.69774],"pipPosition":[73.8281,277.043,-38.4124],"stabilizedTipPosition":[39.1049,209.567,82.0824],"timeVisible":7.80927,"tipPosition":[71.9419,247.263,-10.2706],"tipVelocity":[2.8571,119.7,-201.773],"tool":false,"touchDistance":0.333333,"touchZone":"none","type":3,"width":18.027},{"bases":[[[0.859211,-0.474032,-0.192485],[0.486174,0.639306,0.595754],[-0.15935,-0.605459,0.779761]],[[0.815608,-0.576717,-0.0467113],[0.446049,0.678124,-0.584113],[0.368544,0.455571,0.810327]],[[0.815608,-0.576717,-0.0467113],[-0.299363,-0.351522,-0.887026],[0.495142,0.737449,-0.459351]],[[0.815608,-0.576717,-0.0467113],[-0.542405,-0.733978,-0.408746],[0.201446,0.358713,-0.911452]]],"btipPosition":[81.8494,255.669,-9.2427],"carpPosition":[98.7507,257.273,39.7934],"dipPosition":[85.3121,261.835,-24.9097],"direction":[-0.495142,-0.737449,0.459351],"extended":false,"handId":699,"id":6994,"length":50.3709,"mcpPosition":[107.965,292.283,-5.29601],"pipPosition":[94.9697,276.219,-33.8692],"stabilizedTipPosition":[50.2705,219.235,79.3283],"timeVisible":7.80927,"tipPosition":[82.722,256.791,-11.623],"tipVelocity":[0.801366,123.97,-213.607],"tool":false,"touchDistance":0.333333,"touchZone":"none","type":4,"width":16.013}],"r":[[0.977365,-0.0197555,0.210637],[0.0117859,0.999169,0.0390243],[-0.211233,-0.0356584,0.976785]],"s":1.0142,"t":[36.3048,2.66918,-149.406],"timestamp":523725957951},false],[6,{"currentFrameRate":110.306,"devices":[],"gestures":[],"hands":[{"armBasis":[[0.944501,0.0558776,-0.323721],[0.121911,0.85544,0.503349],[0.30505,-0.514879,0.801152]],"armWidth":63.5437,"confidence":0.609974,"direction":[-0.0868293,0.71384,-0.694905],"elbow":[165.945,113.403,261.349],"grabStrength":0,"id":699,"palmNormal":[-0.148365,-0.699026,-0.699536],"palmPosition":[71.0065,287.787,6.46849],"palmVelocity":[-12.4623,137.342,-210.026],"palmWidth":90.7382,"pinchStrength":0.739864,"r":[[0.977502,-0.016624,0.210272],[0.0100273,0.999425,0.0323996],[-0.21069,-0.0295622,0.977106]],"s":1.01323,"sphereCenter":[53.4181,273.842,-33.1335],"sphereRadius":45.0015,"stabilizedPalmPosition":[51.0961,246.442,69.4758],"t":[36.0501,3.94016,-151.207],"timeVisible":7.81837,"type":"right","wrist":[83.8099,252.035,45.6367]}],"id":4278611,"interactionBox":{"center":[0,200,0],"size":[235.247,235.247,147.751]},"pointables":[{"bases":[[[0.512165,0.747476,0.423044],[-0.692576,0.0681181,0.718121],[0.507962,-0.660787,0.552572]],[[0.27438,0.945577,0.174926],[-0.811179,0.1299,0.570188],[0.516434,-0.298345,0.802674]],[[0.27438,0.945577,0.174926],[-0.947316,0.234528,0.21815],[0.165253,-0.225566,0.96011]],[[0.27438,0.945577,0.174926],[-0.716079,0.322324,-0.619143],[-0.64183,0.0446194,0.765548]]],"btipPosition":[38.1553,264.755,-45.2582],"carpPosition":[54.5024,243.275,45.2104],"dipPosition":[23.1758,265.796,-27.3912],"direction":[-0.165253,0.225566,-0.96011],"extended":false,"handId":699,"id":6990,"length":51.9721,"mcpPosition":[54.5024,243.275,45.2104],"pipPosition":[28.7945,258.127,5.25369],"stabilizedTipPosition":[0.312602,241.25,80.6826],"timeVisible":7.81837,"tipPosition":[34.6179,266.027,-40.0465],"tipVelocity":[1.78981,65.726,-208.749],"tool":false,"touchDistance":-0.641711,"touchZone":"hovering","type":0,"width":20.194},{"bases":[[[0.95655,0.0780974,-0.280915],[0.10949,0.796736,0.594327],[0.270231,-0.59926,0.753567]],[[0.95388,0.083915,-0.288222],[0.0732232,0.866091,0.494494],[0.291122,-0.492792,0.820002]],[[0.95388,0.083915,-0.288222],[-0.00769712,0.966655,0.255965],[0.300091,-0.241941,0.922719]],[[0.95388,0.083915,-0.288222],[-0.0697609,0.995814,0.0590524],[0.291971,-0.0362222,0.955741]]],"btipPosition":[19.8857,335.709,-78.8473],"carpPosition":[64.3921,264.182,50.0956],"dipPosition":[24.8604,335.092,-62.5631],"direction":[-0.300091,0.241941,-0.922719],"extended":true,"handId":699,"id":6991,"length":58.6448,"mcpPosition":[44.5664,308.148,-5.1906],"pipPosition":[32.0937,329.26,-40.3224],"stabilizedTipPosition":[-7.88972,310.393,32.123],"timeVisible":7.81837,"tipPosition":[21.4696,336.599,-74.7188],"tipVelocity":[-45.3988,63.583,-241.188],"tool":false,"touchDistance":-0.675775,"touchZone":"hovering","type":1,"width":19.2893},{"bases":[[[0.95149,-0.140559,-0.273698],[0.275536,0.785119,0.554679],[0.13692,-0.603184,0.785762]],[[0.955074,-0.158066,-0.250698],[-0.02609,0.797773,-0.602393],[0.295218,0.581871,0.757808]],[[0.955074,-0.158066,-0.250698],[-0.295869,-0.459435,-0.837485],[0.0171986,0.874034,-0.485561]],[[0.955074,-0.158066,-0.250698],[-0.243451,-0.900833,-0.359488],[-0.169014,0.40437,-0.898843]]],"btipPosition":[55.0017,248.47,-13.2317],"carpPosition":[76.0386,266.835,47.2495],"dipPosition":[51.8344,256.048,-30.076],"direction":[-0.0171986,-0.874034,0.485561],"extended":false,"handId":699,"id":6992,"length":66.821,"mcpPosition":[66.5123,308.802,-7.41982],"pipPosition":[52.3221,280.833,-43.8454],"stabilizedTipPosition":[21.5401,214.914,82.3168],"timeVisible":7.81837,"tipPosition":[54.5126,249.969,-15.9869],"tipVelocity":[-10.9815,120.971,-194.573],"tool":false,"touchDistance":0.333333,"touchZone":"none","type":2,"width":18.9446},{"bases":[[[0.937771,-0.286573,-0.196113],[0.347036,0.753442,0.558472],[-0.0122834,-0.591778,0.806008]],[[0.937627,-0.265689,-0.224199],[0.074028,0.782713,-0.617964],[0.33967,0.562823,0.753561]],[[0.937627,-0.265689,-0.224199],[-0.325354,-0.44344,-0.835168],[0.122476,0.85602,-0.502224]],[[0.937627,-0.265689,-0.224199],[-0.33216,-0.874995,-0.352214],[-0.102594,0.404715,-0.908669]]],"btipPosition":[71.9346,247.021,-9.3515],"carpPosition":[87.7735,266.32,43.768],"dipPosition":[70.0231,254.562,-26.2821],"direction":[-0.122476,-0.85602,0.502224],"extended":false,"handId":699,"id":6993,"length":64.2502,"mcpPosition":[88.5408,303.287,-6.58057],"pipPosition":[73.4065,278.21,-40.1562],"stabilizedTipPosition":[39.3382,209.849,81.3958],"timeVisible":7.81837,"tipPosition":[71.6383,248.56,-11.8984],"tipVelocity":[-6.97818,125.72,-194.886],"tool":false,"touchDistance":0.333333,"touchZone":"none","type":3,"width":18.027},{"bases":[[[0.859729,-0.473664,-0.19107],[0.486211,0.644435,0.590171],[-0.15641,-0.600288,0.784341]],[[0.816617,-0.57547,-0.0443856],[0.443494,0.674832,-0.589843],[0.36939,0.461992,0.806297]],[[0.816617,-0.57547,-0.0443856],[-0.300599,-0.358393,-0.883852],[0.492723,0.735111,-0.465656]],[[0.816617,-0.57547,-0.0443856],[-0.541874,-0.737913,-0.402314],[0.198767,0.352588,-0.914425]]],"btipPosition":[81.5367,256.965,-10.7839],"carpPosition":[98.5445,258.943,38.2008],"dipPosition":[84.9533,263.026,-26.5021],"direction":[-0.492723,-0.735111,0.465656],"extended":false,"handId":699,"id":6994,"length":50.3709,"mcpPosition":[107.589,293.654,-7.15345],"pipPosition":[94.5637,277.364,-35.5846],"stabilizedTipPosition":[50.5262,219.547,78.5807],"timeVisible":7.81837,"tipPosition":[82.4018,258.073,-13.1842],"tipVelocity":[-9.26738,128.316,-201.678],"tool":false,"touchDistance":0.333333,"touchZone":"none","type":4,"width":16.013}],"r":[[0.977502,-0.016624,0.210272],[0.0100273,0.999425,0.0323996],[-0.21069,-0.0295622,0.977106]],"s":1.01323,"t":[36.0501,3.94016,-151.207],"timestamp":523725967055},false],[7,{"