{"sensorType":"Leap","data":[[0,{"currentFrameRate":106.775,"devices":[],"gestures":[],"hands":[{"armBasis":[[0.903719,0.116873,-0.411865],[0.077038,0.901923,0.424971],[0.421138,-0.415784,0.806081]],"armWidth":63.5437,"confidence":0.580973,"direction":[-0.0418957,0.75173,-0.658139],"elbow":[179.238,134.499,276.818],"grabStrength":0,"id":699,"palmNormal":[-0.101879,-0.658498,-0.745655],"palmPosition":[55.5952,284.366,21.9169],"palmVelocity":[-55.0655,6.07753,-58.8441],"palmWidth":90.7382,"pinchStrength":0.765582,"r":[[0.963788,-0.0287252,0.265117],[0.0147845,0.998408,0.0544301],[-0.266259,-0.0485394,0.962679]],"s":1.01204,"sphereCenter":[30.4602,274.434,-16.4338],"sphereRadius":46.4012,"stabilizedPalmPosition":[71.0939,277.74,37.3474],"t":[20.9214,1.60434,-136.916],"timeVisible":34.5722,"type":"right","wrist":[65.8456,246.45,59.7785]}],"id":4281495,"interactionBox":{"center":[0,200,0],"size":[235.247,235.247,147.751]},"pointables":[{"bases":[[[0.482896,0.721255,0.49659],[-0.737984,0.0299362,0.674154],[0.471371,-0.692022,0.546731]],[[0.215798,0.957026,0.193733],[-0.870083,0.0984232,0.482978],[0.443155,-0.27279,0.853932]],[[0.215798,0.957026,0.193733],[-0.967349,0.18253,0.175839],[0.13292,-0.225353,0.965167]],[[0.215798,0.957026,0.193733],[-0.552869,0.283298,-0.783631],[-0.80484,0.0619971,0.590245]]],"btipPosition":[28.8397,257.605,-32.1456],"carpPosition":[36.6351,237.811,56.9552],"dipPosition":[10.0557,259.052,-18.37],"direction":[-0.13292,0.225353,-0.965167],"extended":false,"handId":699,"id":6990,"length":51.9721,"mcpPosition":[36.6351,237.811,56.9552],"pipPosition":[14.5751,251.39,14.4469],"stabilizedTipPosition":[41.524,256.291,-11.1451],"timeVisible":34.5722,"tipPosition":[24.9424,258.118,-28.6728],"tipVelocity":[-46.058,6.15037,-71.6026],"tool":false,"touchDistance":-0.19179,"touchZone":"touching","type":0,"width":20.194},{"bases":[[[0.97277,0.0909146,-0.213197],[0.0698699,0.762034,0.643757],[0.220991,-0.641124,0.734931]],[[0.937344,0.170657,-0.303746],[0.0041563,0.866281,0.499539],[0.34838,-0.469503,0.811295]],[[0.937344,0.170657,-0.303746],[-0.088026,0.959538,0.267465],[0.337101,-0.223969,0.91444]],[[0.937344,0.170657,-0.303746],[-0.15351,0.984932,0.0796514],[0.312762,-0.0280326,0.949418]]],"btipPosition":[1.57543,331.412,-63.2613],"carpPosition":[46.1687,258.384,63.6341],"dipPosition":[6.90437,330.935,-47.0848],"direction":[-0.337101,0.223969,-0.91444],"extended":true,"handId":699,"id":6991,"length":58.6448,"mcpPosition":[29.9555,305.421,9.71512],"pipPosition":[15.0297,325.536,-25.0436],"stabilizedTipPosition":[14.7916,330.483,-47.8433],"timeVisible":34.5722,"tipPosition":[2.87732,331.261,-59.5867],"tipVelocity":[-57.7449,-11.5825,-63.6207],"tool":false,"touchDistance":-0.221005,"touchZone":"touching","type":1,"width":19.2893},{"bases":[[[0.967423,-0.127789,-0.218546],[0.238157,0.752173,0.614425],[0.0858676,-0.646457,0.758103]],[[0.968727,-0.138605,-0.205809],[-0.0161757,0.792397,-0.609791],[0.247603,0.59405,0.765374]],[[0.968727,-0.138605,-0.205809],[-0.245627,-0.418134,-0.874546],[0.0351612,0.897749,-0.439103]],[[0.968727,-0.138605,-0.205809],[-0.221292,-0.857801,-0.463904],[-0.112243,0.49494,-0.861647]]],"btipPosition":[41.2044,242.849,0.770436],"carpPosition":[57.9738,261.159,61.7054],"dipPosition":[39.101,252.124,-15.3768],"direction":[-0.0351612,-0.897749,0.439103],"extended":false,"handId":699,"id":6992,"length":66.821,"mcpPosition":[51.9996,306.136,8.96048],"pipPosition":[40.0981,277.582,-27.8288],"stabilizedTipPosition":[54.5618,236.446,13.0903],"timeVisible":34.5722,"tipPosition":[40.6796,245.056,-2.69304],"tipVelocity":[-40.1029,4.27852,-68.2333],"tool":false,"touchDistance":0.333333,"touchZone":"none","type":2,"width":18.9446},{"bases":[[[0.948791,-0.277863,-0.150294],[0.309283,0.72013,0.621094],[-0.0643476,-0.635772,0.76919]],[[0.950076,-0.262295,-0.168985],[0.105719,0.780165,-0.616577],[0.293561,0.56793,0.768946]],[[0.950076,-0.262295,-0.168985],[-0.265362,-0.394363,-0.879807],[0.164127,0.880727,-0.444278]],[[0.950076,-0.262295,-0.168985],[-0.311543,-0.827313,-0.467433],[-0.0171985,0.496743,-0.867727]]],"btipPosition":[56.6373,241.629,5.10383],"carpPosition":[69.9112,260.805,58.9726],"dipPosition":[56.3168,250.885,-11.0639],"direction":[-0.164127,-0.880727,0.444278],"extended":false,"handId":699,"id":6993,"length":64.2502,"mcpPosition":[73.9308,300.52,10.9239],"pipPosition":[60.8509,275.215,-23.3372],"stabilizedTipPosition":[68.9895,232.391,14.8746],"timeVisible":34.5722,"tipPosition":[56.5675,243.858,1.5791],"tipVelocity":[-39.3553,9.21526,-69.3577],"tool":false,"touchDistance":0.333333,"touchZone":"none","type":3,"width":18.027},{"bases":[[[0.870734,-0.46472,-0.160802],[0.446181,0.609128,0.655657],[-0.206748,-0.642649,0.737738]],[[0.816143,-0.577544,-0.0188348],[0.464083,0.674532,-0.574137],[0.344294,0.459837,0.818543]],[[0.816143,-0.577544,-0.0188348],[-0.242733,-0.313069,-0.918187],[0.524397,0.753944,-0.395698]],[[0.816143,-0.577544,-0.0188348],[-0.50269,-0.693536,-0.516053],[0.284981,0.430641,-0.856349]]],"btipPosition":[65.7164,252.558,4.63117],"carpPosition":[81.0282,253.719,53.7157],"dipPosition":[70.6149,259.96,-10.0887],"direction":[-0.524397,-0.753944,0.395698],"extended":false,"handId":699,"id":6994,"length":50.3709,"mcpPosition":[92.9834,290.88,11.0562],"pipPosition":[80.8431,274.666,-17.8067],"stabilizedTipPosition":[80.5156,242.904,15.6843],"timeVisible":34.5722,"tipPosition":[66.9009,254.205,1.67872],"tipVelocity":[-43.1759,13.0514,-66.0981],"tool":false,"touchDistance":0.333333,"touchZone":"none","type":4,"width":16.013}],"r":[[0.963788,-0.0287252,0.265117],[0.0147845,0.998408,0.0544301],[-0.266259,-0.0485394,0.962679]],"s":1.01204,"t":[20.9214,1.60434,-136.916],"timestamp":523752720909},false],[1,{"currentFrameRate":106.942,"devices":[],"gestures":[],"hands":[{"armBasis":[[0.89844,0.117129,-0.423186],[0.0785642,0.905333,0.417371],[0.43201,-0.408231,0.804186]],"armWidth":63.5437,"confidence":0.585477,"direction":[-0.0408418,0.750667,-0.659417],"elbow":[181.021,136.76,274.179],"grabStrength":0,"id":699,"palmNormal":[-0.103656,-0.65959,-0.744444],"palmPosition":[54.501,284.548,19.7291],"palmVelocity":[-73.2381,9.94875,-109.314],"palmWidth":90.7382,"pinchStrength":0.770562,"r":[[0.963668,-0.0273267,0.265703],[0.0131395,0.998398,0.0550269],[-0.266781,-0.0495365,0.962483]],"s":1.01125,"sphereCenter":[29.4386,274.529,-18.648],"sphereRadius":46.3525,"stabilizedPalmPosition":[70.6863,277.907,36.9145],"t":[20.1057,1.78852,-138.332],"timeVisible":34.5813,"type":"right","wrist":[64.7012,246.678,57.6499]}],"id":4281496,"interactionBox":{"center":[0,200,0],"size":[235.247,235.247,147.751]},"pointables":[{"bases":[[[0.484635,0.721164,0.495026],[-0.737488,0.0325592,0.674575],[0.470362,-0.691998,0.54763]],[[0.217848,0.956915,0.191978],[-0.869532,0.100964,0.483447],[0.443235,-0.272249,0.854063]],[[0.217848,0.956915,0.191978],[-0.966946,0.184908,0.175568],[0.132505,-0.22388,0.965567]],[[0.217848,0.956915,0.191978],[-0.5523,0.283047,-0.784123],[-0.804679,0.0647899,0.590165]]],"btipPosition":[27.683,257.743,-34.2586],"carpPosition":[35.472,238.091,54.8604],"dipPosition":[8.90271,259.255,-20.4849],"direction":[-0.132505,0.22388,-0.965567],"extended":false,"handId":699,"id":6990,"length":51.9721,"mcpPosition":[35.472,238.091,54.8604],"pipPosition":[13.4081,251.643,12.3456],"stabilizedTipPosition":[41.1891,256.324,-11.5129],"timeVisible":34.5813,"tipPosition":[23.7687,258.268,-30.7967],"tipVelocity":[-68.5947,9.1202,-116.289],"tool":false,"touchDistance":-0.227014,"touchZone":"touching","type":0,"width":20.194},{"bases":[[[0.972809,0.0886293,-0.21398],[0.0717848,0.763011,0.642387],[0.220203,-0.64028,0.735902]],[[0.9375,0.168251,-0.304607],[0.00560074,0.867935,0.496645],[0.34794,-0.467311,0.812747]],[[0.9375,0.168251,-0.304607],[-0.0869256,0.960823,0.26318],[0.336954,-0.220253,0.915396]],[[0.9375,0.168251,-0.304607],[-0.152648,0.985467,0.0745155],[0.312718,-0.0233605,0.949559]]],"btipPosition":[0.538006,331.36,-65.5568],"carpPosition":[45.0504,258.657,61.4974],"dipPosition":[5.86619,330.962,-49.3779],"direction":[-0.336954,0.220253,-0.915397],"extended":true,"handId":699,"id":6991,"length":58.6448,"mcpPosition":[28.8949,305.632,7.50726],"pipPosition":[13.9879,325.653,-27.3137],"stabilizedTipPosition":[14.0478,330.527,-48.6422],"timeVisible":34.5813,"tipPosition":[1.82902,331.296,-61.8551],"tipVelocity":[-73.4543,-9.41275,-116.043],"tool":false,"touchDistance":-0.259255,"touchZone":"touching","type":1,"width":19.2893},{"bases":[[[0.967029,-0.130072,-0.218945],[0.240033,0.752768,0.612964],[0.0850853,-0.645308,0.75917]],[[0.968359,-0.141249,-0.205739],[-0.0137416,0.79298,-0.609093],[0.249181,0.592648,0.765948]],[[0.968359,-0.141249,-0.205739],[-0.246643,-0.416011,-0.875273],[0.0380416,0.898323,-0.437686]],[[0.968359,-0.141249,-0.205739],[-0.223702,-0.856736,-0.464716],[-0.110624,0.496037,-0.861226]]],"btipPosition":[39.9568,243.046,-1.52848],"carpPosition":[56.8597,261.405,59.5564],"dipPosition":[37.8837,252.341,-17.6678],"direction":[-0.0380416,-0.898323,0.437686],"extended":false,"handId":699,"id":6992,"length":66.821,"mcpPosition":[50.9399,306.303,6.73722],"pipPosition":[38.9625,277.816,-30.0796],"stabilizedTipPosition":[54.5015,236.481,13.0169],"timeVisible":34.5813,"tipPosition":[39.4624,245.243,-4.93598],"tipVelocity":[-66.8662,9.24882,-119.448],"tool":false,"touchDistance":0.333333,"touchZone":"none","type":2,"width":18.9446},{"bases":[[[0.948145,-0.279991,-0.150421],[0.3111,0.720597,0.619643],[-0.0651014,-0.634307,0.770335]],[[0.949461,-0.264277,-0.169356],[0.10676,0.779278,-0.617518],[0.295171,0.568229,0.768108]],[[0.949461,-0.264277,-0.169356],[-0.266678,-0.39461,-0.879298],[0.165549,0.880023,-0.445144]],[[0.949461,-0.264277,-0.169356],[-0.313434,-0.827156,-0.466446],[-0.016813,0.495954,-0.868186]]],"btipPosition":[55.4496,241.777,2.946],"carpPosition":[68.7946,261.023,56.8165],"dipPosition":[55.1363,251.018,-13.2303],"direction":[-0.165549,-0.880023,0.445144],"extended":false,"handId":699,"id":6993,"length":64.2502,"mcpPosition":[72.8613,300.647,8.69626],"pipPosition":[59.7097,275.329,-25.5275],"stabilizedTipPosition":[68.9301,232.442,14.8062],"timeVisible":34.5813,"tipPosition":[55.3811,244,-0.570514],"tipVelocity":[-64.6608,11.0693,-116.076],"tool":false,"touchDistance":0.333333,"touchZone":"none","type":3,"width":18.027},{"bases":[[[0.869714,-0.466712,-0.160554],[0.447802,0.609386,0.65431],[-0.207535,-0.640959,0.738986]],[[0.814862,-0.579373,-0.0180873],[0.46586,0.673141,-0.574331],[0.344927,0.459574,0.818424]],[[0.814862,-0.579373,-0.0180873],[-0.242696,-0.312671,-0.918333],[0.526402,0.752704,-0.395395]],[[0.814862,-0.579373,-0.0180873],[-0.503912,-0.692618,-0.516094],[0.286483,0.42966,-0.856341]]],"btipPosition":[64.5406,252.698,2.40621],"carpPosition":[79.8942,253.906,51.5648],"dipPosition":[69.465,260.083,-12.3135],"direction":[-0.526402,-0.752704,0.395395],"extended":false,"handId":699,"id":6994,"length":50.3709,"mcpPosition":[91.8949,290.969,8.83315],"pipPosition":[79.7323,274.764,-20.0256],"stabilizedTipPosition":[80.4377,242.964,15.5968],"timeVisible":34.5813,"tipPosition":[65.7305,254.34,-0.533394],"tipVelocity":[-66.9323,13.596,-115.701],"tool":false,"touchDistance":0.333333,"touchZone":"none","type":4,"width":16.013}],"r":[[0.963668,-0.0273267,0.265703],[0.0131395,0.998398,0.0550269],[-0.266781,-0.0495365,0.962483]],"s":1.01125,"t":[20.1057,1.78852,-138.332],"timestamp":523752729954},false],[2,{"currentFrameRate":107.044,"devices":[],"gestures":[],"hands":[{"armBasis":[[0.899622,0.117854,-0.420465],[0.0740379,0.907782,0.412857],[0.430347,-0.402546,0.807935]],"armWidth":63.5437,"confidence":0.588835,"direction":[-0.0408215,0.7526,-0.657211],"elbow":[179.876,138.384,273.822],"grabStrength":0,"id":699,"palmNormal":[-0.0994157,-0.657555,-0.746819],"palmPosition":[53.82,284.73,18.4481],"palmVelocity":[-73.5561,12.7187,-117.842],"palmWidth":90.7382,"pinchStrength":0.773023,"r":[[0.963412,-0.0258363,0.266776],[0.0112302,0.99836,0.056132],[-0.267789,-0.0510823,0.962123]],"s":1.009,"sphereCenter":[29.2167,274.6,-20.222],"sphereRadius":46.2028,"stabilizedPalmPosition":[70.3008,278.063,36.4925],"t":[19.3574,1.97166,-139.681],"timeVisible":34.5904,"type":"right","wrist":[64.0042,246.77,56.2838]}],"id":4281497,"interactionBox":{"center":[0,200,0],"size":[235.247,235.247,147.751]},"pointables":[{"bases":[[[0.481021,0.720968,0.498823],[-0.739742,0.0284023,0.672291],[0.470533,-0.692386,0.546992]],[[0.214677,0.956859,0.195791],[-0.871341,0.0970733,0.48098],[0.441224,-0.273856,0.85459]],[[0.214677,0.956859,0.195791],[-0.968123,0.18199,0.172099],[0.129042,-0.226495,0.965426]],[[0.214677,0.956859,0.195791],[-0.550015,0.284096,-0.785349],[-0.807092,0.0609085,0.587276]]],"btipPosition":[27.2934,258.023,-35.6996],"carpPosition":[34.8083,238.111,53.3734],"dipPosition":[8.4568,259.444,-21.9933],"direction":[-0.129042,0.226495,-0.965426],"extended":false,"handId":699,"id":6990,"length":51.9721,"mcpPosition":[34.8083,238.111,53.3734],"pipPosition":[12.8444,251.743,10.8324],"stabilizedTipPosition":[40.9002,256.356,-11.8463],"timeVisible":34.5904,"tipPosition":[23.3371,258.519,-32.2623],"tipVelocity":[-61.7347,14.4537,-128.213],"tool":false,"touchDistance":-0.251289,"touchZone":"touching","type":0,"width":20.194},{"bases":[[[0.97324,0.0920069,-0.210566],[0.0675838,0.761204,0.644981],[0.219627,-0.641952,0.734616]],[[0.938076,0.171672,-0.300902],[0.000630565,0.867734,0.497029],[0.346429,-0.466441,0.813892]],[[0.938076,0.171672,-0.300902],[-0.0919958,0.960841,0.261382],[0.333991,-0.217515,0.917135]],[[0.938076,0.171672,-0.300902],[-0.15743,0.984964,0.0711514],[0.308592,-0.0193744,0.950997]]],"btipPosition":[0.0440337,331.338,-66.9703],"carpPosition":[44.3077,258.683,60.1051],"dipPosition":[5.30193,331.008,-50.7669],"direction":[-0.333991,0.217515,-0.917135],"extended":true,"handId":699,"id":6991,"length":58.6448,"mcpPosition":[28.1945,305.781,6.20927],"pipPosition":[13.3523,325.765,-28.6607],"stabilizedTipPosition":[13.44,330.562,-49.3358],"timeVisible":34.5904,"tipPosition":[1.30021,331.394,-63.2207],"tipVelocity":[-68.5145,-7.0034,-126.554],"tool":false,"touchDistance":-0.282718,"touchZone":"touching","type":1,"width":19.2893},{"bases":[[[0.968088,-0.126693,-0.216229],[0.235954,0.751522,0.616069],[0.084449,-0.647429,0.757433]],[[0.969425,-0.138079,-0.202852],[-0.0134624,0.795491,-0.605816],[0.245017,0.590024,0.76931]],[[0.969425,-0.138079,-0.202852],[-0.242499,-0.412618,-0.878032],[0.0375372,0.900378,-0.433486]],[[0.969425,-0.138079,-0.202852],[-0.219992,-0.855272,-0.469162],[-0.108712,0.499443,-0.859499]]],"btipPosition":[39.4355,243.262,-3.06636],"carpPosition":[56.1154,261.47,58.2107],"dipPosition":[37.3982,252.622,-19.1734],"direction":[-0.0375372,-0.900378,0.433486],"extended":false,"handId":699,"id":6992,"length":66.821,"mcpPosition":[50.2399,306.515,5.51239],"pipPosition":[38.4627,278.154,-31.466],"stabilizedTipPosition":[54.4476,236.512,12.9483],"timeVisible":34.5904,"tipPosition":[38.9578,245.466,-6.44952],"tipVelocity":[-63.8529,13.7053,-132.742],"tool":false,"touchDistance":0.333333,"touchZone":"none","type":2,"width":18.9446},{"bases":[[[0.949403,-0.276877,-0.148232],[0.307089,0.719528,0.622877],[-0.065803,-0.636882,0.768148]],[[0.950774,-0.260525,-0.167796],[0.112874,0.795432,-0.595439],[0.288597,0.547188,0.785683]],[[0.950774,-0.260525,-0.167796],[-0.258781,-0.369632,-0.892415],[0.170474,0.891907,-0.418855]],[[0.950774,-0.260525,-0.167796],[-0.309698,-0.817692,-0.48525],[-0.0107855,0.513329,-0.858124]]],"btipPosition":[54.8034,242.33,0.0775226],"carpPosition":[68.0601,261.13,55.5081],"dipPosition":[54.6025,251.894,-15.9113],"direction":[-0.170474,-0.891908,0.418855],"extended":false,"handId":699,"id":6993,"length":64.2502,"mcpPosition":[72.1706,300.914,7.52453],"pipPosition":[59.3119,276.534,-27.4823],"stabilizedTipPosition":[68.878,232.486,14.7386],"timeVisible":34.5904,"tipPosition":[54.8076,244.519,-2.94815],"tipVelocity":[-65.5237,27.0779,-169.713],"tool":false,"touchDistance":0.333333,"touchZone":"none","type":3,"width":18.027},{"bases":[[[0.871528,-0.463783,-0.159197],[0.443989,0.608592,0.65764],[-0.208116,-0.643833,0.736319]],[[0.816511,-0.577073,-0.0172134],[0.466022,0.676397,-0.57036],[0.340782,0.457683,0.821215]],[[0.816511,-0.577073,-0.0172134],[-0.238431,-0.309906,-0.920385],[0.525795,0.755609,-0.390634]],[[0.816511,-0.577073,-0.0172134],[-0.500095,-0.692068,-0.520526],[0.288468,0.433623,-0.853673]]],"btipPosition":[64.0003,252.96,1.02865],"carpPosition":[79.1964,254.06,50.2702],"dipPosition":[68.9588,260.413,-13.6452],"direction":[-0.525795,-0.755609,0.390634],"extended":false,"handId":699,"id":6994,"length":50.3709,"mcpPosition":[91.2307,291.29,7.69274],"pipPosition":[79.2143,275.151,-21.2644],"stabilizedTipPosition":[80.3675,243.018,15.5145],"timeVisible":34.5904,"tipPosition":[65.1963,254.618,-1.90059],"tipVelocity":[-64.4893,18.2612,-125.066],"tool":false,"touchDistance":0.333333,"touchZone":"none","type":4,"width":16.013}],"r":[[0.963412,-0.0258363,0.266776],[0.0112302,0.99836,0.056132],[-0.267789,-0.0510823,0.962123]],"s":1.009,"t":[19.3574,1.97166,-139.681],"timestamp":523752739109},false],[3,{"currentFrameRate":107.287,"devices":[],"gestures":[],"hands":[{"armBasis":[[0.901079,0.114595,-0.41824],[0.0739919,0.909683,0.40866],[0.427296,-0.399181,0.811217]],"armWidth":63.5437,"confidence":0.625555,"direction":[-0.0401202,0.752973,-0.656827],"elbow":[178.735,139.137,274.033],"grabStrength":0,"id":699,"palmNormal":[-0.0994925,-0.6571,-0.747209],"palmPosition":[53.5377,284.604,17.7913],"palmVelocity":[-62.2223,5.39636,-105.934],"palmWidth":90.7382,"pinchStrength":0.774282,"r":[[0.96318,-0.024785,0.267711],[0.00981258,0.998319,0.0571215],[-0.268677,-0.0523914,0.961805]],"s":1.00679,"sphereCenter":[29.1243,274.395,-20.9848],"sphereRadius":46.1402,"stabilizedPalmPosition":[69.9749,278.19,36.1288],"t":[18.842,1.99994,-140.684],"timeVisible":34.5993,"type":"right","wrist":[63.6846,246.618,55.6109]}],"id":4281498,"interactionBox":{"center":[0,200,0],"size":[235.247,235.247,147.751]},"pointables":[{"bases":[[[0.481235,0.720424,0.499402],[-0.739998,0.0284719,0.672007],[0.469911,-0.692949,0.546814]],[[0.215209,0.956604,0.196453],[-0.871447,0.0973243,0.480737],[0.440755,-0.274657,0.854575]],[[0.215209,0.956604,0.196453],[-0.96811,0.182564,0.171563],[0.128252,-0.22711,0.965387]],[[0.215209,0.956604,0.196453],[-0.548996,0.284879,-0.785778],[-0.807644,0.0612546,0.58648]]],"btipPosition":[27.033,257.941,-36.3683],"carpPosition":[34.4848,237.977,52.6841],"dipPosition":[8.18353,259.371,-22.6806],"direction":[-0.128252,0.22711,-0.965387],"extended":false,"handId":699,"id":6990,"length":51.9721,"mcpPosition":[34.4848,237.977,52.6841],"pipPosition":[12.5443,251.649,10.1438],"stabilizedTipPosition":[40.6679,256.38,-12.119],"timeVisible":34.5993,"tipPosition":[23.0613,258.435,-32.9444],"tipVelocity":[-53.028,8.09517,-113.984],"tool":false,"touchDistance":-0.262505,"touchZone":"touching","type":0,"width":20.194},{"bases":[[[0.973379,0.0915566,-0.210123],[0.0677619,0.760822,0.645414],[0.218958,-0.64247,0.734363]],[[0.938358,0.171178,-0.300304],[0.0000969006,0.868642,0.495441],[0.345665,-0.46493,0.81508]],[[0.938358,0.171178,-0.300304],[-0.0928595,0.96167,0.258008],[0.332959,-0.214218,0.918286]],[[0.938358,0.171178,-0.300304],[-0.158397,0.985127,0.0665945],[0.307238,-0.0149221,0.951516]]],"btipPosition":[-0.140525,331.012,-67.7137],"carpPosition":[43.9933,258.54,59.4306],"dipPosition":[5.09429,330.758,-51.5015],"direction":[-0.332959,0.214218,-0.918286],"extended":true,"handId":699,"id":6991,"length":58.6448,"mcpPosition":[27.9293,305.676,5.55328],"pipPosition":[13.1198,325.595,-29.3676],"stabilizedTipPosition":[12.9812,330.577,-49.8789],"timeVisible":34.5993,"tipPosition":[1.09555,331.17,-63.9292],"tipVelocity":[-55.7211,-14.5146,-114.869],"tool":false,"touchDistance":-0.293901,"touchZone":"touching","type":1,"width":19.2893},{"bases":[[[0.968102,-0.127137,-0.215904],[0.236138,0.751057,0.616565],[0.0837678,-0.647881,0.757122]],[[0.969436,-0.138617,-0.202431],[-0.0125075,0.7961,-0.605036],[0.245024,0.589076,0.770034]],[[0.969436,-0.138617,-0.202431],[-0.242294,-0.411258,-0.878726],[0.0385548,0.900917,-0.432275]],[[0.969436,-0.138617,-0.202431],[-0.220407,-0.854483,-0.470403],[-0.107768,0.500643,-0.858919]]],"btipPosition":[39.1241,243.152,-3.79306],"carpPosition":[55.8035,261.321,57.5424],"dipPosition":[37.1045,252.534,-19.8892],"direction":[-0.0385548,-0.900917,0.432275],"extended":false,"handId":699,"id":6992,"length":66.821,"mcpPosition":[49.9754,306.397,4.86573],"pipPosition":[38.1978,278.082,-32.1475],"stabilizedTipPosition":[54.4029,236.537,12.8904],"timeVisible":34.5993,"tipPosition":[38.6556,245.36,-7.16777],"tipVelocity":[-55.916,6.78576,-118.85],"tool":false,"touchDistance":0.333333,"touchZone":"none","type":2,"width":18.9446},{"bases":[[[0.949303,-0.277346,-0.147995],[0.307251,0.719019,0.623385],[-0.0664825,-0.637253,0.767782]],[[0.950699,-0.260859,-0.167699],[0.113568,0.796062,-0.594464],[0.28857,0.546111,0.786441]],[[0.950699,-0.260859,-0.167699],[-0.258585,-0.368315,-0.893016],[0.171185,0.892355,-0.417611]],[[0.950699,-0.260859,-0.167699],[-0.309948,-0.816954,-0.486331],[-0.0101387,0.514333,-0.857531]]],"btipPosition":[54.5044,242.215,-0.642459],"carpPosition":[67.7491,260.976,54.8445],"dipPosition":[54.3154,251.799,-16.6202],"direction":[-0.171185,-0.892355,0.417611],"extended":false,"handId":699,"id":6993,"length":64.2502,"mcpPosition":[71.902,300.783,6.88377],"pipPosition":[59.0445,276.45,-28.1569],"stabilizedTipPosition":[68.8361,232.521,14.6832],"timeVisible":34.5993,"tipPosition":[54.5079,244.408,-3.6888],"tipVelocity":[-56.7966,16.3599,-145.579],"tool":false,"touchDistance":0.333333,"touchZone":"none","type":3,"width":18.027},{"bases":[[[0.871325,-0.464202,-0.159091],[0.444074,0.607985,0.658144],[-0.208787,-0.644105,0.735892]],[[0.815703,-0.578244,-0.0162096],[0.470522,0.679524,-0.5629],[0.336508,0.451532,0.826366]],[[0.815703,-0.578244,-0.0162096],[-0.23272,-0.302376,-0.924343],[0.529595,0.757761,-0.381218]],[[0.815703,-0.578244,-0.0162096],[-0.498388,-0.688275,-0.527149],[0.293664,0.438076,-0.849618]]],"btipPosition":[63.7133,252.916,-0.0444999],"carpPosition":[78.8834,253.902,49.6073],"dipPosition":[68.7612,260.446,-14.6487],"direction":[-0.529595,-0.757761,0.381218],"extended":false,"handId":699,"id":6994,"length":50.3709,"mcpPosition":[90.9565,291.147,7.05458],"pipPosition":[79.0907,275.226,-22.0842],"stabilizedTipPosition":[80.3107,243.061,15.4452],"timeVisible":34.5993,"tipPosition":[64.9213,254.566,-2.85399],"tipVelocity":[-55.1289,12.4947,-123.435],"tool":false,"touchDistance":0.333333,"touchZone":"none","type":4,"width":16.013}],"r":[[0.96318,-0.024785,0.267711],[0.00981258,0.998319,0.0571215],[-0.268677,-0.0523914,0.961805]],"s":1.00679,"t":[18.842,1.99994,-140.684],"timestamp":523752747988},false],[4,{"currentFrameRate":107.242,"devices":[],"gestures":[],"hands":[{"armBasis":[[0.902192,0.112652,-0.416364],[0.0739349,0.910617,0.406584],[0.424951,-0.3976,0.813223]],"armWidth":63.5437,"confidence":0.540875,"direction":[-0.039852,0.754192,-0.655444],"elbow":[177.973,139.48,274.135],"grabStrength":0,"id":699,"palmNormal":[-0.0996609,-0.655694,-0.74842],"palmPosition":[53.4208,284.594,17.4221],"palmVelocity":[-48.0297,3.56075,-86.9299],"palmWidth":90.7382,"pinchStrength":0.802029,"r":[[0.962989,-0.0241035,0.26846],[0.00873952,0.998262,0.0582791],[-0.269398,-0.0537759,0.961526]],"s":1.00384,"sphereCenter":[29.1341,274.368,-21.4916],"sphereRadius":46.0681,"stabilizedPalmPosition":[69.6904,278.3,35.8074],"t":[18.5259,2.00917,-141.369],"timeVisible":34.6087,"type":"right","wrist":[63.5539,246.535,55.1723]}],"id":4281499,"interactionBox":{"center":[0,200,0],"size":[235.247,235.247,147.751]},"pointables":[{"bases":[[[0.481436,0.719354,0.500749],[-0.740022,0.0274681,0.672021],[0.469667,-0.6941,0.545562]],[[0.215756,0.956056,0.19851],[-0.871501,0.0968576,0.480733],[0.44038,-0.276723,0.854102]],[[0.215756,0.956056,0.19851],[-0.968197,0.183094,0.170502],[0.126663,-0.228984,0.965154]],[[0.215756,0.956056,0.19851],[-0.546943,0.286742,-0.786532],[-0.80889,0.0611253,0.584774]]],"btipPosition":[27.0016,258.043,-36.753],"carpPosition":[34.3516,237.909,52.2281],"dipPosition":[8.12304,259.47,-23.105],"direction":[-0.126663,0.228984,-0.965154],"extended":false,"handId":699,"id":6990,"length":51.9721,"mcpPosition":[34.3516,237.909,52.2281],"pipPosition":[12.4298,251.684,9.71142],"stabilizedTipPosition":[40.4764,256.402,-12.3476],"timeVisible":34.6087,"tipPosition":[22.9751,258.526,-33.3588],"tipVelocity":[-39.0688,8.84825,-93.4299],"tool":false,"touchDistance":-0.269068,"touchZone":"touching","type":0,"width":20.194},{"bases":[[[0.973418,0.0916382,-0.209906],[0.0679677,0.759613,0.646814],[0.21872,-0.643887,0.733192]],[[0.938394,0.171495,-0.30001],[-0.000336861,0.86862,0.495478],[0.345567,-0.464853,0.815166]],[[0.938394,0.171495,-0.30001],[-0.0937483,0.961948,0.256647],[0.332607,-0.212711,0.918764]],[[0.938394,0.171495,-0.30001],[-0.159496,0.985107,0.0642358],[0.306558,-0.0124283,0.951771]]],"btipPosition":[-0.22591,330.951,-68.065],"carpPosition":[43.8662,258.457,59.0129],"dipPosition":[4.99731,330.739,-51.8484],"direction":[-0.332607,0.212711,-0.918764],"extended":true,"handId":699,"id":6991,"length":58.6448,"mcpPosition":[27.8196,305.696,5.22155],"pipPosition":[13.0143,325.612,-29.703],"stabilizedTipPosition":[12.6152,330.587,-50.3196],"timeVisible":34.6087,"tipPosition":[1.00215,331.18,-64.2578],"tipVelocity":[-42.508,-11.9444,-92.7435],"tool":false,"touchDistance":-0.298099,"touchZone":"touching","type":1,"width":19.2893},{"bases":[[[0.968073,-0.127043,-0.21609],[0.236343,0.749849,0.617956],[0.0835275,-0.649297,0.755934]],[[0.969491,-0.139414,-0.20162],[-0.00652995,0.807534,-0.589785],[0.24504,0.573108,0.781986]],[[0.969491,-0.139414,-0.20162],[-0.241021,-0.392246,-0.887723],[0.0446766,0.909234,-0.413881]],[[0.969491,-0.139414,-0.20162],[-0.22228,-0.846746,-0.483336],[-0.103337,0.513406,-0.851901]]],"btipPosition":[38.7572,243.46,-5.34999],"carpPosition":[55.6774,261.238,57.1304],"dipPosition":[36.8207,253.081,-21.3146],"direction":[-0.0446766,-0.909234,0.413881],"extended":false,"handId":699,"id":6992,"length":66.821,"mcpPosition":[49.8659,306.412,4.5364],"pipPosition":[38.0876,278.865,-33.0513],"stabilizedTipPosition":[54.3642,236.559,12.8377],"timeVisible":34.6087,"tipPosition":[38.3907,245.628,-8.3697],"tipVelocity":[-50.5158,15.8369,-131.236],"tool":false,"touchDistance":0.333333,"touchZone":"none","type":2,"width":18.9446},{"bases":[[[0.949224,-0.277371,-0.148458],[0.307445,0.717776,0.62472],[-0.0667199,-0.638642,0.766606]],[[0.950628,-0.260815,-0.16817],[0.113579,0.796714,-0.593587],[0.2888,0.54518,0.787002]],[[0.950628,-0.260815,-0.16817],[-0.258791,-0.367182,-0.893423],[0.171269,0.892834,-0.41655]],[[0.950628,-0.260815,-0.16817],[-0.310168,-0.816147,-0.487545],[-0.0100928,0.515635,-0.856749]]],"btipPosition":[54.3797,242.224,-1.04991],"carpPosition":[67.623,260.893,54.4325],"dipPosition":[54.1916,251.831,-17.0131],"direction":[-0.171269,-0.892834,0.41655],"extended":false,"handId":699,"id":6993,"length":64.2502,"mcpPosition":[71.7907,300.787,6.5452],"pipPosition":[58.923,276.496,-28.5204],"stabilizedTipPosition":[68.8009,232.55,14.6362],"timeVisible":34.6087,"tipPosition":[54.3806,244.427,-4.12604],"tipVelocity":[-44.3813,12.1214,-116.332],"tool":false,"touchDistance":0.333333,"touchZone":"none","type":3,"width":18.027},{"bases":[[[0.871187,-0.464181,-0.159901],[0.444231,0.606635,0.659282],[-0.209025,-0.645391,0.734697]],[[0.815412,-0.578631,-0.017009],[0.47172,0.68121,-0.559851],[0.335534,0.448486,0.828419]],[[0.815412,-0.578631,-0.017009],[-0.231272,-0.298694,-0.925902],[0.530675,0.758926,-0.37738]],[[0.815412,-0.578631,-0.017009],[-0.498005,-0.686209,-0.530196],[0.295116,0.440799,-0.847704]]],"btipPosition":[63.5874,252.952,-0.579976],"carpPosition":[78.7554,253.826,49.1829],"dipPosition":[68.6602,260.529,-15.1512],"direction":[-0.530675,-0.758926,0.37738],"extended":false,"handId":699,"id":6994,"length":50.3709,"mcpPosition":[90.8422,291.145,6.69923],"pipPosition":[79.0108,275.331,-22.5119],"stabilizedTipPosition":[80.263,243.096,15.3858],"timeVisible":34.6087,"tipPosition":[64.7973,254.609,-3.37181],"tipVelocity":[-43.0595,10.3524,-104.251],"tool":false,"touchDistance":0.333333,"touchZone":"none","type":4,"width":16.013}],"r":[[0.962989,-0.0241035,0.26846],[0.00873952,0.998262,0.0582791],[-0.269398,-0.0537759,0.961526]],"s":1.00384,"t":[18.5259,2.00917,-141.369],"timestamp":523752757394},false],[5,{"currentFrameRate":107.575,"devices":[],"gestures":[],"hands":[{"armBasis":[[0.903239,0.111216,-0.414475],[0.0738455,0.911145,0.405415],[0.422736,-0.396794,0.814769]],"armWidth":63.5437,"confidence":0.54465,"direction":[-0.0396837,0.754884,-0.654657],"elbow":[177.299,139.666,274.246],"grabStrength":0,"id":699,"palmNormal":[-0.0996857,-0.654895,-0.749116],"palmPosition":[53.3526,284.604,17.1556],"palmVelocity":[-37.3216,2.90912,-71.9343],"palmWidth":90.7382,"pinchStrength":0.808289,"r":[[0.96283,-0.023643,0.269072],[0.00790788,0.998202,0.0594137],[-0.269993,-0.0550775,0.961286]],"s":1.00084,"sphereCenter":[29.2234,274.331,-21.8639],"sphereRadius":45.9974,"stabilizedPalmPosition":[69.4761,278.383,35.5628],"t":[18.3338,2.01863,-141.846],"timeVisible":34.6174,"type":"right","wrist":[63.4768,246.504,54.8669]}],"id":4281500,"interactionBox":{"center":[0,200,0],"size":[235.247,235.247,147.751]},"pointables":[{"bases":[[[0.481492,0.71876,0.501546],[-0.74008,0.02687,0.671982],[0.469517,-0.694739,0.544878]],[[0.216095,0.955715,0.199779],[-0.871415,0.0964958,0.480962],[0.440385,-0.278024,0.853676]],[[0.216095,0.955715,0.199779],[-0.968291,0.183501,0.169529],[0.125362,-0.230079,0.965064]],[[0.216095,0.955715,0.199779],[-0.544663,0.287815,-0.787721],[-0.810337,0.0614108,0.582738]]],"btipPosition":[27.0012,258.114,-36.9984],"carpPosition":[34.2735,237.885,51.911],"dipPosition":[8.08892,259.548,-23.3979],"direction":[-0.125362,0.230079,-0.965064],"extended":false,"handId":699,"id":6990,"length":51.9721,"mcpPosition":[34.2735,237.885,51.911],"pipPosition":[12.3514,251.725,9.41542],"stabilizedTipPosition":[40.339,256.417,-12.5135],"timeVisible":34.6174,"tipPosition":[22.9318,258.59,-33.6397],"tipVelocity":[-28.9057,8.72378,-76.3905],"tool":false,"touchDistance":-0.273341,"touchZone":"touching","type":0,"width":20.194},{"bases":[[[0.97345,0.0917187,-0.209721],[0.0680168,0.758925,0.647616],[0.218561,-0.644687,0.732537]],[[0.938467,0.171636,-0.2997],[-0.000893162,0.868973,0.494858],[0.345367,-0.464141,0.815656]],[[0.938467,0.171636,-0.2997],[-0.0946605,0.962369,0.254726],[0.332142,-0.210683,0.919399]],[[0.938467,0.171636,-0.2997],[-0.160549,0.985114,0.0614326],[0.305783,-0.00953609,0.952054]]],"btipPosition":[-0.257009,330.848,-68.3529],"carpPosition":[43.7904,258.424,58.7181],"dipPosition":[4.95301,330.686,-52.1315],"direction":[-0.332142,0.210683,-0.919399],"extended":true,"handId":699,"id":6991,"length":58.6448,"mcpPosition":[27.7555,305.722,4.97483],"pipPosition":[12.9588,325.608,-29.9707],"stabilizedTipPosition":[12.3583,330.592,-50.6343],"timeVisible":34.6174,"tipPosition":[0.959398,331.142,-64.5241],"tipVelocity":[-32.2258,-11.5583,-76.8202],"tool":false,"touchDistance":-0.300923,"touchZone":"touching","type":1,"width":19.2893},{"bases":[[[0.968075,-0.126955,-0.216134],[0.236393,0.749167,0.618763],[0.083365,-0.650101,0.755261]],[[0.969544,-0.139884,-0.201042],[-0.00484495,0.809736,-0.586775],[0.244871,0.569878,0.784396]],[[0.969544,-0.139884,-0.201042],[-0.240464,-0.387832,-0.889811],[0.0464995,0.911054,-0.409657]],[[0.969544,-0.139884,-0.201042],[-0.222817,-0.844542,-0.48693],[-0.101675,0.516896,-0.849989]]],"btipPosition":[38.6186,243.522,-5.86539],"carpPosition":[55.6021,261.205,56.8397],"dipPosition":[36.7132,253.208,-21.7942],"direction":[-0.0464995,-0.911054,0.409657],"extended":false,"handId":699,"id":6992,"length":66.821,"mcpPosition":[49.802,306.436,4.29247],"pipPosition":[38.0318,279.044,-33.4111],"stabilizedTipPosition":[54.3353,236.575,12.7978],"timeVisible":34.6174,"tipPosition":[38.2755,245.696,-8.85763],"tipVelocity":[-41.0852,13.9778,-111.814],"tool":false,"touchDistance":0.333333,"touchZone":"none","type":2,"width":18.9446},{"bases":[[[0.949198,-0.277351,-0.148661],[0.30749,0.717077,0.6255],[-0.0668819,-0.639435,0.76593]],[[0.950612,-0.26069,-0.168456],[0.115853,0.80153,-0.586625],[0.28795,0.538136,0.792145]],[[0.950612,-0.26069,-0.168456],[-0.257453,-0.359124,-0.897077],[0.173363,0.896142,-0.408503]],[[0.950612,-0.26069,-0.168456],[-0.310267,-0.812873,-0.492921],[-0.00843323,0.520843,-0.853611]]],"btipPosition":[54.2639,242.368,-1.80763],"carpPosition":[67.5479,260.862,54.1425],"dipPosition":[54.1068,252.072,-17.7124],"direction":[-0.173363,-0.896142,0.408503],"extended":false,"handId":699,"id":6993,"length":64.2502,"mcpPosition":[71.7258,300.806,6.29738],"pipPosition":[58.896,276.828,-28.9974],"stabilizedTipPosition":[68.7754,232.571,14.6009],"timeVisible":34.6174,"tipPosition":[54.283,244.552,-4.76514],"tipVelocity":[-35.8856,13.988,-108.154],"tool":false,"touchDistance":0.333333,"touchZone":"none","type":3,"width":18.027},{"bases":[[[0.871136,-0.464138,-0.160307],[0.444257,0.60588,0.659958],[-0.209185,-0.64613,0.734001]],[[0.815289,-0.578792,-0.0174546],[0.47247,0.682347,-0.55783],[0.334778,0.446546,0.829771]],[[0.815289,-0.578792,-0.0174546],[-0.230214,-0.296327,-0.926926],[0.531325,0.759731,-0.374838]],[[0.815289,-0.578792,-0.0174546],[-0.497645,-0.684937,-0.532175],[0.296063,0.442563,-0.846454]]],"btipPosition":[63.5188,252.99,-0.954905],"carpPosition":[78.6798,253.799,48.8865],"dipPosition":[68.6079,260.597,-15.5047],"direction":[-0.531325,-0.759731,0.374838],"extended":false,"handId":699,"id":6994,"length":50.3709,"mcpPosition":[90.7759,291.161,6.44307],"pipPosition":[78.9712,275.415,-22.8158],"stabilizedTipPosition":[80.2281,243.122,15.3417],"timeVisible":34.6174,"tipPosition":[64.7289,254.651,-3.73572],"tipVelocity":[-33.5721,8.97181,-87.8138],"tool":false,"touchDistance":0.333333,"touchZone":"none","type":4,"width":16.013}],"r":[[0.96283,-0.023643,0.269072],[0.00790788,0.998202,0.0594137],[-0.269993,-0.0550775,0.961286]],"s":1.00084,"t":[18.3338,2.01863,-141.846],"timestamp":523752766084},false],[6,{"currentFrameRate":107.703,"devices":[],"gestures":[],"hands":[{"armBasis":[[0.905958,0.103965,-0.410404],[0.0788535,0.910981,0.404841],[0.415959,-0.399131,0.817112]],"armWidth":63.5437,"confidence":0.549766,"direction":[-0.0344267,0.755322,-0.654449],"elbow":[174.873,139.33,273.272],"grabStrength":0,"id":699,"palmNormal":[-0.102859,-0.654037,-0.749437],"palmPosition":[53.0214,284.97,15.5534],"palmVelocity":[-37.1172,13.2708,-100.922],"palmWidth":90.7382,"pinchStrength":0.808495,"r":[[0.962616,-0.0244582,0.269763],[0.00843751,0.998139,0.0603885],[-0.270738,-0.0558549,0.961031]],"s":0.998366,"sphereCenter":[28.9392,274.805,-23.5381],"sphereRadius":45.9715,"stabilizedPalmPosition":[69.3015,278.453,35.3504],"t":[18.0721,2.2065,-142.885],"timeVisible":34.6265,"type":"right","wrist":[62.8752,246.797,53.2627]}],"id":4281501,"interactionBox":{"center":[0,200,0],"size":[235.247,235.247,147.751]},"pointables":[{"bases":[[[0.485306,0.715671,0.502289],[-0.74061,0.0311304,0.671214],[0.464731,-0.697744,0.545141]],[[0.221727,0.954296,0.200392],[-0.871283,0.101614,0.480146],[0.437838,-0.28106,0.853992]],[[0.221727,0.954296,0.200392],[-0.967408,0.189505,0.167954],[0.122303,-0.231101,0.965212]],[[0.221727,0.954296,0.200392],[-0.541726,0.291428,-0.788418],[-0.810783,0.0662561,0.581585]]],"btipPosition":[26.5924,258.659,-38.6299],"carpPosition":[33.6235,238.356,50.2733],"dipPosition":[7.66965,260.205,-25.0564],"direction":[-0.122303,0.231101,-0.965212],"extended":false,"handId":699,"id":6990,"length":51.9721,"mcpPosition":[33.6235,238.356,50.2733],"pipPosition":[11.8281,252.347,7.762],"stabilizedTipPosition":[40.2235,256.434,-12.6602],"timeVisible":34.6265,"tipPosition":[22.5052,259.155,-35.2844],"tipVelocity":[-33.4642,23.6944,-105.232],"tool":false,"touchDistance":-0.298906,"touchZone":"touching","type":0,"width":20.194},{"bases":[[[0.974207,0.0858939,-0.208669],[0.0719273,0.758289,0.647938],[0.213885,-0.646235,0.732553]],[[0.939748,0.166156,-0.298775],[0.00344977,0.869293,0.494285],[0.341851,-0.465534,0.816343]],[[0.939748,0.166156,-0.298775],[-0.0896725,0.963149,0.253579],[0.329898,-0.211509,0.920017]],[[0.939748,0.166156,-0.298775],[-0.155286,0.98605,0.0599369],[0.304566,-0.00992987,0.95244]]],"btipPosition":[-0.221659,331.459,-70.0258],"carpPosition":[43.2573,258.835,57.0972],"dipPosition":[4.96763,331.29,-53.7979],"direction":[-0.329898,0.211509,-0.920017],"extended":true,"handId":699,"id":6991,"length":58.6448,"mcpPosition":[27.5654,306.247,3.35276],"pipPosition":[12.9193,326.192,-31.6222],"stabilizedTipPosition":[12.174,330.605,-50.8877],"timeVisible":34.6265,"tipPosition":[0.992999,331.773,-66.1885],"tipVelocity":[-22.4009,10.21,-106.571],"tool":false,"touchDistance":-0.324236,"touchZone":"touching","type":1,"width":19.2893},{"bases":[[[0.967515,-0.132741,-0.21516],[0.240271,0.747522,0.619258],[0.0786355,-0.650838,0.755133]],[[0.968898,-0.145768,-0.199971],[0.000747912,0.809813,-0.586688],[0.247459,0.568291,0.784735]],[[0.968898,-0.145768,-0.199971],[-0.241819,-0.386152,-0.890174],[0.0525401,0.910845,-0.409391]],[[0.968898,-0.145768,-0.199971],[-0.227438,-0.842989,-0.487485],[-0.0975133,0.517804,-0.849924]]],"btipPosition":[38.0594,243.978,-7.48914],"carpPosition":[55.0876,261.546,55.2321],"dipPosition":[36.232,253.682,-23.4167],"direction":[-0.0525401,-0.910845,0.409391],"extended":false,"handId":699,"id":6992,"length":66.821,"mcpPosition":[49.6166,306.828,2.69376],"pipPosition":[37.7219,279.512,-35.0261],"stabilizedTipPosition":[54.3098,236.59,12.7612],"timeVisible":34.6265,"tipPosition":[37.7333,246.159,-10.4926],"tipVelocity":[-46.2455,24.1607,-130.445],"tool":false,"touchDistance":0.333333,"touchZone":"none","type":2,"width":18.9446},{"bases":[[[0.947658,-0.283042,-0.147756],[0.311166,0.715,0.62606],[-0.0715553,-0.639267,0.765648]],[[0.949201,-0.266287,-0.167659],[0.121875,0.802326,-0.584311],[0.290111,0.534194,0.794023]],[[0.949201,-0.266287,-0.167659],[-0.258276,-0.354929,-0.898509],[0.179754,0.896168,-0.405675]],[[0.949201,-0.266287,-0.167659],[-0.314647,-0.809873,-0.495079],[-0.00394913,0.522683,-0.852518]]],"btipPosition":[53.6854,242.767,-3.56735],"carpPosition":[67.034,261.131,52.5473],"dipPosition":[53.6118,252.505,-19.4517],"direction":[-0.179754,-0.896168,0.405675],"extended":false,"handId":699,"id":6993,"length":64.2502,"mcpPosition":[71.5038,301.064,4.71982],"pipPosition":[58.5776,277.262,-30.6586],"stabilizedTipPosition":[68.7532,232.589,14.5689],"timeVisible":34.6265,"tipPosition":[53.7232,244.948,-6.51046],"tipVelocity":[-43.03,22.5289,-131.805],"tool":false,"touchDistance":0.333333,"touchZone":"none","type":3,"width":18.027},{"bases":[[[0.868479,-0.46935,-0.159546],[0.447221,0.602967,0.660624],[-0.213862,-0.645091,0.733567]],[[0.811424,-0.584237,-0.0160621],[0.479363,0.680988,-0.553594],[0.334368,0.4415,0.832632]],[[0.811424,-0.584237,-0.0160621],[-0.228219,-0.291425,-0.928971],[0.538058,0.757456,-0.369803]],[[0.811424,-0.584237,-0.0160621],[-0.500379,-0.680231,-0.535636],[0.302012,0.442665,-0.844296]]],"btipPosition":[63.0187,253.353,-2.75183],"carpPosition":[78.1284,254.002,47.3006],"dipPosition":[68.21,260.962,-17.2645],"direction":[-0.538058,-0.757456,0.369803],"extended":false,"handId":699,"id":6994,"length":50.3709,"mcpPosition":[90.4949,291.304,4.8823],"pipPosition":[78.7047,275.736,-24.4774],"stabilizedTipPosition":[80.1989,243.144,15.3025],"timeVisible":34.6265,"tipPosition":[64.2459,255,-5.48928],"tipVelocity":[-38.8345,17.5938,-118.095],"tool":false,"touchDistance":0.333333,"touchZone":"none","type":4,"width":16.013}],"r":[[0.962616,-0.0244582,0.269763],[0.00843751,0.998139,0.0603885],[-0.270738,-0.0558549,0.961031]],"s":0.998366,"t":[18.0721,2.2065,-142.88