{"sensorType":"Leap","data":[[0,{"currentFrameRate":110.598,"devices":[],"gestures":[],"hands":[{"armBasis":[[0.933829,0.0877595,-0.346789],[0.0455336,0.932393,0.358567],[0.354811,-0.35063,0.866699]],"armWidth":63.5437,"confidence":0.784114,"direction":[-0.0933579,0.67996,-0.727282],"elbow":[177.505,164.26,302.374],"grabStrength":0,"id":698,"palmNormal":[-0.0860502,-0.733249,-0.674493],"palmPosition":[69.0331,292.122,27.9074],"palmVelocity":[-17.8701,-14.2611,-119.582],"palmWidth":90.7382,"pinchStrength":0.956093,"r":[[0.989262,-0.0858526,0.118277],[0.0076286,0.838508,0.544836],[-0.145952,-0.538084,0.830159]],"s":0.860114,"sphereCenter":[57.4799,271.679,-15.3809],"sphereRadius":45.5489,"stabilizedPalmPosition":[72.3286,300.2,54.3219],"t":[-0.0459687,-42.1072,-2.81694],"timeVisible":4.81735,"type":"right","wrist":[81.9713,258.668,69.0125]}],"id":4273144,"interactionBox":{"center":[0,200,0],"size":[235.247,235.247,147.751]},"pointables":[{"bases":[[[0.457889,0.788676,0.410278],[-0.723364,0.0622441,0.687656],[0.5168,-0.61165,0.599]],[[0.196836,0.973192,0.118967],[-0.788937,0.0851781,0.608541],[0.582094,-0.21364,0.784553]],[[0.196836,0.973192,0.118967],[-0.970226,0.17588,0.166519],[0.141132,-0.148202,0.978835]],[[0.196836,0.973192,0.118967],[-0.736866,0.226886,-0.636829],[-0.646749,0.0376879,0.761771]]],"btipPosition":[34.4834,263.234,-22.2756],"carpPosition":[53.164,248.439,67.8395],"dipPosition":[19.389,264.113,-4.49674],"direction":[-0.141132,0.148202,-0.978835],"extended":false,"handId":698,"id":6980,"length":51.9721,"mcpPosition":[53.164,248.439,67.8395],"pipPosition":[24.1877,259.074,28.7849],"stabilizedTipPosition":[35.3251,278.997,12.4848],"timeVisible":4.81735,"tipPosition":[31.1367,264.154,-17.8021],"tipVelocity":[-20.4047,-28.6061,-116.921],"tool":false,"touchDistance":-0.430184,"touchZone":"touching","type":0,"width":20.194},{"bases":[[[0.962151,0.114548,-0.247275],[0.0467409,0.824561,0.563839],[0.26848,-0.554056,0.787998]],[[0.956969,0.124875,-0.261948],[-0.030265,0.940702,0.337881],[0.288607,-0.315414,0.904002]],[[0.956969,0.124875,-0.261948],[-0.0840269,0.983247,0.161755],[0.277758,-0.132784,0.95143]],[[0.956969,0.124875,-0.261948],[-0.121586,0.992163,0.028791],[0.26349,0.00429713,0.964653]]],"btipPosition":[18.577,327.286,-63.702],"carpPosition":[61.8236,269.996,72.2097],"dipPosition":[23.0665,327.359,-47.266],"direction":[-0.277758,0.132784,-0.95143],"extended":true,"handId":698,"id":6981,"length":58.6448,"mcpPosition":[42.1264,310.645,14.3975],"pipPosition":[29.7614,324.158,-24.3332],"stabilizedTipPosition":[25.8819,344.1,-24.9615],"timeVisible":4.81735,"tipPosition":[20.2414,327.55,-59.9328],"tipVelocity":[-31.702,-23.4248,-117.588],"tool":false,"touchDistance":-0.436387,"touchZone":"touching","type":1,"width":19.2893},{"bases":[[[0.967417,-0.103618,-0.231014],[0.214614,0.819692,0.531081],[0.13433,-0.563355,0.815222]],[[0.96975,-0.114087,-0.215798],[-0.00650997,0.871656,-0.490075],[0.244013,0.476655,0.844546]],[[0.96975,-0.114087,-0.215798],[-0.238236,-0.249746,-0.938547],[0.0531808,0.961567,-0.269371]],[[0.96975,-0.114087,-0.215798],[-0.218634,-0.799103,-0.560031],[-0.108553,0.590271,-0.799873]]],"btipPosition":[52.8838,251.067,-4.98511],"carpPosition":[73.4326,273.113,69.7003],"dipPosition":[50.8496,262.129,-19.9747],"direction":[-0.0531808,-0.961567,0.269371],"extended":false,"handId":698,"id":6982,"length":66.821,"mcpPosition":[64.0866,312.308,12.9813],"pipPosition":[52.3576,289.397,-27.6135],"stabilizedTipPosition":[44.2312,266.991,88.3839],"timeVisible":4.81735,"tipPosition":[52.6333,253.277,-7.4557],"tipVelocity":[-25.4079,-11.712,-124.821],"tool":false,"touchDistance":0.333333,"touchZone":"none","type":2,"width":18.9446},{"bases":[[[0.957691,-0.246886,-0.147902],[0.287356,0.791818,0.538935],[-0.0159437,-0.558634,0.829261]],[[0.957759,-0.230973,-0.171317],[0.10776,0.840584,-0.530854],[0.26662,0.489969,0.829967]],[[0.957759,-0.230973,-0.171317],[-0.231896,-0.268009,-0.935091],[0.170066,0.935319,-0.31025]],[[0.957759,-0.230973,-0.171317],[-0.287441,-0.786968,-0.545948],[-0.00872182,0.572131,-0.820116]]],"btipPosition":[69.89,249.613,1.76421],"carpPosition":[85.3092,273.046,66.6939],"dipPosition":[69.7275,260.273,-13.5164],"direction":[-0.170066,-0.935319,0.31025],"extended":false,"handId":698,"id":6983,"length":64.2502,"mcpPosition":[86.3051,307.942,14.8928],"pipPosition":[74.4256,286.111,-22.0872],"stabilizedTipPosition":[62.0931,268.952,87.5969],"timeVisible":4.81735,"tipPosition":[69.993,251.802,-0.76497],"tipVelocity":[-23.2839,-15.2431,-118.607],"tool":false,"touchDistance":0.333333,"touchZone":"none","type":3,"width":18.027},{"bases":[[[0.888677,-0.437297,-0.137931],[0.430269,0.691293,0.580502],[-0.158501,-0.575226,0.802491]],[[0.827618,-0.558869,0.0520995],[0.503421,0.698034,-0.50923],[0.248226,0.447676,0.859052]],[[0.827618,-0.558869,0.0520995],[-0.116044,-0.261183,-0.958289],[0.549165,0.787051,-0.281013]],[[0.827618,-0.558869,0.0520995],[-0.428348,-0.68885,-0.584811],[0.362721,0.461683,-0.809495]]],"btipPosition":[80.1068,260.189,4.55904],"carpPosition":[96.6404,265.999,61.8587],"dipPosition":[86.3416,268.125,-9.35544],"direction":[-0.549165,-0.787051,0.281013],"extended":false,"handId":698,"id":6984,"length":50.3709,"mcpPosition":[105.806,299.261,15.4548],"pipPosition":[97.0529,283.476,-14.8365],"stabilizedTipPosition":[76.6865,281.464,84.3892],"timeVisible":4.81735,"tipPosition":[81.4641,261.835,2.08713],"tipVelocity":[-20.4436,-15.3117,-123.136],"tool":false,"touchDistance":0.333333,"touchZone":"none","type":4,"width":16.013}],"r":[[0.989262,-0.0858526,0.118277],[0.0076286,0.838508,0.544836],[-0.145952,-0.538084,0.830159]],"s":0.860114,"t":[-0.0459687,-42.1072,-2.81694],"timestamp":523675329995},false],[1,{"currentFrameRate":110.592,"devices":[],"gestures":[],"hands":[{"armBasis":[[0.934325,0.0849825,-0.346143],[0.0463834,0.93391,0.354486],[0.353392,-0.347261,0.868633]],"armWidth":63.5437,"confidence":0.803756,"direction":[-0.0931941,0.678887,-0.728305],"elbow":[176.98,165.017,302.13],"grabStrength":0,"id":698,"palmNormal":[-0.0872523,-0.734243,-0.673257],"palmPosition":[68.894,291.919,27.0987],"palmVelocity":[-17.178,-16.5155,-111.23],"palmWidth":90.7382,"pinchStrength":0.951552,"r":[[0.989315,-0.0862229,0.117563],[0.00851516,0.839168,0.543805],[-0.145544,-0.536994,0.830936]],"s":0.860044,"sphereCenter":[57.2266,271.444,-16.1094],"sphereRadius":45.5354,"stabilizedPalmPosition":[72.3286,300.2,54.3217],"t":[-0.175179,-42.2815,-3.71826],"timeVisible":4.82641,"type":"right","wrist":[81.8279,258.518,68.2483]}],"id":4273145,"interactionBox":{"center":[0,200,0],"size":[235.247,235.247,147.751]},"pointables":[{"bases":[[[0.45896,0.788876,0.408693],[-0.722818,0.064064,0.688063],[0.516614,-0.611204,0.599617]],[[0.197347,0.973364,0.116688],[-0.789005,0.0870588,0.608188],[0.581829,-0.212092,0.78517]],[[0.197347,0.973364,0.116688],[-0.970075,0.17672,0.166504],[0.141448,-0.146055,0.979112]],[[0.197347,0.973364,0.116688],[-0.738464,0.225886,-0.635331],[-0.644767,0.0392111,0.763373]]],"btipPosition":[34.2852,262.925,-23.0807],"carpPosition":[53.0096,248.316,67.1119],"dipPosition":[19.2371,263.84,-5.26448],"direction":[-0.141448,0.146055,-0.979112],"extended":false,"handId":698,"id":6980,"length":51.9721,"mcpPosition":[53.0096,248.316,67.1119],"pipPosition":[24.0465,258.874,28.0265],"stabilizedTipPosition":[35.3241,278.993,12.4773],"timeVisible":4.82641,"tipPosition":[30.9402,263.847,-18.5924],"tipVelocity":[-20.491,-29.8777,-108.933],"tool":false,"touchDistance":-0.427447,"touchZone":"touching","type":0,"width":20.194},{"bases":[[[0.96209,0.113195,-0.248133],[0.0479559,0.825416,0.562485],[0.268483,-0.55306,0.788696]],[[0.956625,0.124048,-0.263593],[-0.0293985,0.9413,0.336288],[0.289836,-0.313952,0.904118]],[[0.956625,0.124048,-0.263593],[-0.0832528,0.983487,0.160694],[0.279174,-0.131779,0.951155]],[[0.956625,0.124048,-0.263593],[-0.120905,0.992264,0.0281795],[0.265049,0.00491237,0.964222]]],"btipPosition":[18.3335,326.99,-64.5125],"carpPosition":[61.6937,269.871,71.4414],"dipPosition":[22.8495,327.074,-48.0838],"direction":[-0.279174,0.131779,-0.951155],"extended":true,"handId":698,"id":6981,"length":58.6448,"mcpPosition":[41.9962,310.447,13.578],"pipPosition":[29.5786,323.898,-25.1576],"stabilizedTipPosition":[25.8798,344.094,-24.9727],"timeVisible":4.82641,"tipPosition":[20.007,327.246,-60.7519],"tipVelocity":[-30.1889,-25.8887,-109.893],"tool":false,"touchDistance":-0.433264,"touchZone":"touching","type":1,"width":19.2893},{"bases":[[[0.967151,-0.104949,-0.231526],[0.215801,0.820327,0.529616],[0.134344,-0.562182,0.816029]],[[0.969623,-0.116065,-0.215316],[-0.00622623,0.868261,-0.496068],[0.244526,0.48234,0.841163]],[[0.969623,-0.116065,-0.215316],[-0.238678,-0.256321,-0.93666],[0.0535231,0.959598,-0.276237]],[[0.969623,-0.116065,-0.215316],[-0.219373,-0.802001,-0.555581],[-0.1082,0.585938,-0.8031]]],"btipPosition":[52.7133,250.709,-5.4049],"carpPosition":[73.3041,272.972,68.9189],"dipPosition":[50.6856,261.689,-20.455],"direction":[-0.0535231,-0.959598,0.276237],"extended":false,"handId":698,"id":6982,"length":66.821,"mcpPosition":[63.9571,312.086,12.1438],"pipPosition":[52.2034,288.901,-28.2884],"stabilizedTipPosition":[44.2312,266.991,88.3832],"timeVisible":4.82641,"tipPosition":[52.434,252.98,-8.07562],"tipVelocity":[-23.5477,-19.9709,-103.593],"tool":false,"touchDistance":0.333333,"touchZone":"none","type":2,"width":18.9446},{"bases":[[[0.957341,-0.248074,-0.148178],[0.288521,0.792394,0.537465],[-0.0159153,-0.55729,0.830166]],[[0.957413,-0.232436,-0.171273],[0.108759,0.839852,-0.531809],[0.267455,0.490533,0.829364]],[[0.957413,-0.232436,-0.171273],[-0.232491,-0.268907,-0.934686],[0.171198,0.934699,-0.311494]],[[0.957413,-0.232436,-0.171273],[-0.288604,-0.787473,-0.544605],[-0.00828712,0.570842,-0.821018]]],"btipPosition":[69.6809,249.388,0.996074],"carpPosition":[85.1784,272.889,65.9043],"dipPosition":[69.5265,260.024,-14.3014],"direction":[-0.171198,-0.934699,0.311494],"extended":false,"handId":698,"id":6983,"length":64.2502,"mcpPosition":[86.1726,307.701,14.0466],"pipPosition":[74.2559,285.845,-22.9065],"stabilizedTipPosition":[62.0932,268.952,87.5964],"timeVisible":4.82641,"tipPosition":[69.7857,251.571,-1.55202],"tipVelocity":[-23.1754,-18.0663,-109.406],"tool":false,"touchDistance":0.333333,"touchZone":"none","type":3,"width":18.027},{"bases":[[[0.888145,-0.4384,-0.137854],[0.431363,0.691794,0.579092],[-0.158508,-0.573783,0.803523]],[[0.827005,-0.559726,0.0526258],[0.504084,0.696822,-0.510234],[0.24892,0.448494,0.858424]],[[0.827005,-0.559726,0.0526258],[-0.116662,-0.26243,-0.957873],[0.549957,0.786027,-0.28233]],[[0.827005,-0.559726,0.0526258],[-0.429423,-0.689337,-0.583447],[0.362847,0.459915,-0.810444]]],"btipPosition":[79.9239,259.951,3.77727],"carpPosition":[96.4992,265.823,61.0724],"dipPosition":[86.1609,267.856,-10.1535],"direction":[-0.549957,-0.786027,0.28233],"extended":false,"handId":698,"id":6984,"length":50.3709,"mcpPosition":[105.665,299.002,14.6089],"pipPosition":[96.8876,283.187,-15.6603],"stabilizedTipPosition":[76.6865,281.464,84.3889],"timeVisible":4.82641,"tipPosition":[81.2817,261.59,1.29261],"tipVelocity":[-20.3608,-18.555,-113.097],"tool":false,"touchDistance":0.333333,"touchZone":"none","type":4,"width":16.013}],"r":[[0.989315,-0.0862229,0.117563],[0.00851516,0.839168,0.543805],[-0.145544,-0.536994,0.830936]],"s":0.860044,"t":[-0.175179,-42.2815,-3.71826],"timestamp":523675339049},false],[2,{"currentFrameRate":110.519,"devices":[],"gestures":[],"hands":[{"armBasis":[[0.934032,0.0840789,-0.347154],[0.0475262,0.934006,0.354083],[0.354014,-0.347224,0.868395]],"armWidth":63.5437,"confidence":0.821842,"direction":[-0.0924653,0.678033,-0.729192],"elbow":[176.868,164.97,301.068],"grabStrength":0,"id":698,"palmNormal":[-0.0880782,-0.735028,-0.672291],"palmPosition":[68.6508,291.822,26.0568],"palmVelocity":[-19.7796,-14.8531,-111.874],"palmWidth":90.7382,"pinchStrength":0.951144,"r":[[0.989338,-0.0867069,0.11701],[0.00941161,0.839835,0.542759],[-0.14533,-0.535871,0.831698]],"s":0.860083,"sphereCenter":[56.9043,271.319,-17.1073],"sphereRadius":45.5314,"stabilizedPalmPosition":[72.3285,300.2,54.3214],"t":[-0.36137,-42.4171,-4.68988],"timeVisible":4.83558,"type":"right","wrist":[81.549,258.461,67.2498]}],"id":4273146,"interactionBox":{"center":[0,200,0],"size":[235.247,235.247,147.751]},"pointables":[{"bases":[[[0.459839,0.788906,0.407647],[-0.722729,0.0657622,0.687996],[0.515956,-0.610985,0.600405]],[[0.197988,0.973443,0.114937],[-0.789472,0.0888625,0.60732],[0.580978,-0.210981,0.786099]],[[0.197988,0.973443,0.114937],[-0.969981,0.17768,0.166033],[0.141202,-0.144359,0.979399]],[[0.197988,0.973443,0.114937],[-0.740532,0.225368,-0.633104],[-0.642194,0.0402327,0.765486]]],"btipPosition":[33.9858,262.761,-24.1704],"carpPosition":[52.7195,248.289,66.1275],"dipPosition":[18.9977,263.7,-6.3049],"direction":[-0.141202,0.144359,-0.979399],"extended":false,"handId":698,"id":6980,"length":51.9721,"mcpPosition":[52.7195,248.289,66.1275],"pipPosition":[23.7987,258.792,26.9959],"stabilizedTipPosition":[35.323,278.99,12.4702],"timeVisible":4.83558,"tipPosition":[30.6538,263.676,-19.6586],"tipVelocity":[-23.4586,-26.3501,-111.327],"tool":false,"touchDistance":-0.429212,"touchZone":"touching","type":0,"width":20.194},{"bases":[[[0.962208,0.11181,-0.248305],[0.0488794,0.826099,0.5614],[0.267895,-0.552321,0.789414]],[[0.956421,0.123285,-0.264686],[-0.0286972,0.941791,0.334971],[0.290576,-0.312778,0.904287]],[[0.956421,0.123285,-0.264686],[-0.0825029,0.983655,0.160048],[0.280092,-0.131236,0.95096]],[[0.956421,0.123285,-0.264686],[-0.120146,0.992359,0.0280819],[0.266126,0.00494296,0.963926]]],"btipPosition":[18.0382,326.841,-65.5756],"carpPosition":[61.4274,269.84,70.4286],"dipPosition":[22.5726,326.925,-49.1519],"direction":[-0.280092,0.131236,-0.95096],"extended":true,"handId":698,"id":6981,"length":58.6448,"mcpPosition":[41.7731,310.362,12.5124],"pipPosition":[29.3238,323.762,-26.2304],"stabilizedTipPosition":[25.8778,344.089,-24.9837],"timeVisible":4.83558,"tipPosition":[19.7213,327.083,-61.8238],"tipVelocity":[-30.6159,-23.1897,-111.588],"tool":false,"touchDistance":-0.434234,"touchZone":"touching","type":1,"width":19.2893},{"bases":[[[0.967029,-0.106317,-0.231412],[0.216718,0.820783,0.528535],[0.133746,-0.561259,0.816762]],[[0.9695,-0.11747,-0.215106],[-0.00517324,0.867654,-0.497142],[0.245037,0.483092,0.840582]],[[0.9695,-0.11747,-0.215106],[-0.238918,-0.257229,-0.93635],[0.0546611,0.959184,-0.277449]],[[0.9695,-0.11747,-0.215106],[-0.220269,-0.802478,-0.554537],[-0.107477,0.585005,-0.803877]]],"btipPosition":[52.4216,250.591,-6.39627],"carpPosition":[73.0411,272.925,67.9017],"dipPosition":[50.4075,261.554,-21.4609],"direction":[-0.0546611,-0.959184,0.277449],"extended":false,"handId":698,"id":6982,"length":66.821,"mcpPosition":[63.7357,311.975,11.0755],"pipPosition":[51.9575,288.754,-29.3287],"stabilizedTipPosition":[44.2313,266.991,88.3825],"timeVisible":4.83558,"tipPosition":[52.1446,252.859,-9.0741],"tipVelocity":[-25.753,-18.1095,-104.933],"tool":false,"touchDistance":0.333333,"touchZone":"none","type":2,"width":18.9446},{"bases":[[[0.957064,-0.249322,-0.147876],[0.289407,0.792779,0.536418],[-0.0165075,-0.556183,0.830896]],[[0.957154,-0.233835,-0.170814],[0.109846,0.838968,-0.53298],[0.267937,0.49138,0.828707]],[[0.957154,-0.233835,-0.170814],[-0.232727,-0.270144,-0.93427],[0.172321,0.933993,-0.312989]],[[0.957154,-0.233835,-0.170814],[-0.28948,-0.788066,-0.54328],[-0.00757451,0.56945,-0.821991]]],"btipPosition":[69.389,249.262,0.0217617],"carpPosition":[84.9153,272.825,64.8869],"dipPosition":[69.2479,259.872,-15.2938],"direction":[-0.172321,-0.933993,0.312989],"extended":false,"handId":698,"id":6983,"length":64.2502,"mcpPosition":[85.9464,307.568,12.9836],"pipPosition":[74.0083,285.674,-23.9402],"stabilizedTipPosition":[62.0932,268.952,87.5959],"timeVisible":4.83558,"tipPosition":[69.4947,251.443,-2.54933],"tipVelocity":[-25.4921,-17.019,-108.629],"tool":false,"touchDistance":0.333333,"touchZone":"none","type":3,"width":18.027},{"bases":[[[0.887658,-0.439559,-0.137301],[0.432139,0.692077,0.578174],[-0.159119,-0.572554,0.804278]],[[0.826311,-0.560666,0.0535173],[0.505128,0.695709,-0.51072],[0.249111,0.449046,0.85808]],[[0.826311,-0.560666,0.0535173],[-0.116684,-0.263376,-0.957611],[0.550995,0.78504,-0.283051]],[[0.826311,-0.560666,0.0535173],[-0.430171,-0.689598,-0.582587],[0.363542,0.458377,-0.811004]]],"btipPosition":[79.6493,259.823,2.761],"carpPosition":[96.2282,265.74,60.064],"dipPosition":[85.8982,267.702,-11.1794],"direction":[-0.550995,-0.78504,0.283051],"extended":false,"handId":698,"id":6984,"length":50.3709,"mcpPosition":[105.429,298.848,13.5568],"pipPosition":[96.6452,283.014,-16.7002],"stabilizedTipPosition":[76.6865,281.464,84.3886],"timeVisible":4.83558,"tipPosition":[81.0093,261.456,0.265847],"tipVelocity":[-22.9469,-17.4409,-112.507],"tool":false,"touchDistance":0.333333,"touchZone":"none","type":4,"width":16.013}],"r":[[0.989338,-0.0867069,0.11701],[0.00941161,0.839835,0.542759],[-0.14533,-0.535871,0.831698]],"s":0.860083,"t":[-0.36137,-42.4171,-4.68988],"timestamp":523675348226},false],[3,{"currentFrameRate":110.602,"devices":[],"gestures":[],"hands":[{"armBasis":[[0.933692,0.0832822,-0.348259],[0.0476395,0.93504,0.351327],[0.354895,-0.344622,0.869071]],"armWidth":63.5437,"confidence":0.83778,"direction":[-0.0920964,0.677186,-0.730025],"elbow":[176.946,165.583,300.589],"grabStrength":0,"id":698,"palmNormal":[-0.088277,-0.735807,-0.671413],"palmPosition":[68.5098,291.69,25.3539],"palmVelocity":[-18.7131,-14.8499,-102.942],"palmWidth":90.7382,"pinchStrength":0.952073,"r":[[0.989346,-0.0871446,0.116616],[0.0101802,0.840498,0.541718],[-0.145224,-0.53476,0.832431]],"s":0.860141,"sphereCenter":[56.6856,271.158,-17.7673],"sphereRadius":45.5265,"stabilizedPalmPosition":[72.3285,300.2,54.3212],"t":[-0.524987,-42.5509,-5.52713],"timeVisible":4.84448,"type":"right","wrist":[81.3891,258.373,66.5891]}],"id":4273147,"interactionBox":{"center":[0,200,0],"size":[235.247,235.247,147.751]},"pointables":[{"bases":[[[0.460096,0.789217,0.406754],[-0.722798,0.0668817,0.687816],[0.515631,-0.610462,0.601216]],[[0.197954,0.973636,0.113347],[-0.790093,0.0900493,0.606337],[0.580144,-0.209582,0.787088]],[[0.197954,0.973636,0.113347],[-0.970009,0.177939,0.165587],[0.141053,-0.142727,0.97966]],[[0.197954,0.973636,0.113347],[-0.741596,0.224377,-0.63221],[-0.640975,0.0410904,0.766461]]],"btipPosition":[33.8401,262.539,-24.9037],"carpPosition":[52.5557,248.212,65.4751],"dipPosition":[18.8805,263.498,-7.01538],"direction":[-0.141053,0.142727,-0.97966],"extended":false,"handId":698,"id":6980,"length":51.9721,"mcpPosition":[52.5557,248.212,65.4751],"pipPosition":[23.6764,258.645,26.2943],"stabilizedTipPosition":[35.322,278.987,12.4636],"timeVisible":4.84448,"tipPosition":[30.508,263.45,-20.3812],"tipVelocity":[-21.3339,-25.8407,-103.312],"tool":false,"touchDistance":-0.425544,"touchZone":"touching","type":0,"width":20.194},{"bases":[[[0.962286,0.111128,-0.248307],[0.0491295,0.826759,0.560406],[0.267567,-0.55147,0.790119]],[[0.956146,0.123273,-0.265686],[-0.028714,0.942198,0.333825],[0.29148,-0.311557,0.904418]],[[0.956146,0.123273,-0.265686],[-0.0824963,0.983737,0.159548],[0.281033,-0.130633,0.950766]],[[0.956146,0.123273,-0.265686],[-0.120133,0.99236,0.0281027],[0.26712,0.00504734,0.96365]]],"btipPosition":[17.8281,326.635,-66.3008],"carpPosition":[61.2716,269.765,69.7513],"dipPosition":[22.3793,326.721,-49.8818],"direction":[-0.281033,0.130633,-0.950766],"extended":true,"handId":698,"id":6981,"length":58.6448,"mcpPosition":[41.6413,310.224,11.7834],"pipPosition":[29.1532,323.572,-26.965],"stabilizedTipPosition":[25.8759,344.084,-24.9941],"timeVisible":4.84448,"tipPosition":[19.5215,326.862,-62.5585],"tipVelocity":[-28.5974,-23.1814,-103.45],"tool":false,"touchDistance":-0.430039,"touchZone":"touching","type":1,"width":19.2893},{"bases":[[[0.967019,-0.106981,-0.231149],[0.216971,0.821336,0.52757],[0.133411,-0.560323,0.817459]],[[0.969536,-0.118374,-0.214447],[-0.00416483,0.867384,-0.497623],[0.244913,0.483356,0.840467]],[[0.969536,-0.118374,-0.214447],[-0.238552,-0.257536,-0.936359],[0.0556129,0.958991,-0.277929]],[[0.969536,-0.118374,-0.214447],[-0.220554,-0.802749,-0.554031],[-0.106564,0.58445,-0.804402]]],"btipPosition":[52.2524,250.446,-7.09523],"carpPosition":[72.8868,272.842,67.2223],"dipPosition":[50.2554,261.398,-22.1697],"direction":[-0.0556129,-0.958991,0.277929],"extended":false,"handId":698,"id":6982,"length":66.821,"mcpPosition":[63.6047,311.827,10.3476],"pipPosition":[51.8325,288.593,-30.0511],"stabilizedTipPosition":[44.2313,266.991,88.3818],"timeVisible":4.84448,"tipPosition":[51.979,252.712,-9.78296],"tipVelocity":[-23.8016,-17.6918,-97.8374],"tool":false,"touchDistance":0.333333,"touchZone":"none","type":2,"width":18.9446},{"bases":[[[0.956985,-0.24988,-0.147442],[0.289647,0.793314,0.535497],[-0.0168421,-0.555169,0.831567]],[[0.957087,-0.234536,-0.170228],[0.110433,0.838238,-0.534005],[0.267936,0.492291,0.828167]],[[0.957087,-0.234536,-0.170228],[-0.23262,-0.271415,-0.933928],[0.172837,0.933449,-0.314326]],[[0.957087,-0.234536,-0.170228],[-0.289714,-0.788798,-0.542092],[-0.00713566,0.568146,-0.822897]]],"btipPosition":[69.2336,249.106,-0.61991],"carpPosition":[84.7614,272.734,64.2092],"dipPosition":[69.1006,259.692,-15.9524],"direction":[-0.172837,-0.933449,0.314326],"extended":false,"handId":698,"id":6983,"length":64.2502,"mcpPosition":[85.8134,307.413,12.264],"pipPosition":[73.8753,285.479,-24.6357],"stabilizedTipPosition":[62.0933,268.952,87.5953],"timeVisible":4.84448,"tipPosition":[69.3391,251.284,-3.21201],"tipVelocity":[-23.2542,-17.3288,-98.8275],"tool":false,"touchDistance":0.333333,"touchZone":"none","type":3,"width":18.027},{"bases":[[[0.887503,-0.440076,-0.136646],[0.432334,0.692606,0.577395],[-0.159456,-0.571516,0.804949]],[[0.826006,-0.561022,0.0544802],[0.50572,0.694944,-0.511175],[0.24892,0.449785,0.857748]],[[0.826006,-0.561022,0.0544802],[-0.116466,-0.264443,-0.957343],[0.551498,0.784426,-0.283772]],[[0.826006,-0.561022,0.0544802],[-0.430391,-0.690168,-0.581749],[0.363975,0.457081,-0.811541]]],"btipPosition":[79.5022,259.67,2.0897],"carpPosition":[96.0721,265.639,59.3965],"dipPosition":[85.7586,267.526,-11.86],"direction":[-0.551498,-0.784426,0.283772],"extended":false,"handId":698,"id":6984,"length":50.3709,"mcpPosition":[105.293,298.686,12.8505],"pipPosition":[96.5154,282.826,-17.3948],"stabilizedTipPosition":[76.6866,281.464,84.3883],"timeVisible":4.84448,"tipPosition":[80.8636,261.297,-0.415934],"tipVelocity":[-21.1514,-17.5489,-102.503],"tool":false,"touchDistance":0.333333,"touchZone":"none","type":4,"width":16.013}],"r":[[0.989346,-0.0871446,0.116616],[0.0101802,0.840498,0.541718],[-0.145224,-0.53476,0.832431]],"s":0.860141,"t":[-0.524987,-42.5509,-5.52713],"timestamp":523675357121},false],[4,{"currentFrameRate":110.564,"devices":[],"gestures":[],"hands":[{"armBasis":[[0.930563,0.0873607,-0.355557],[0.0468577,0.934715,0.352296],[0.363121,-0.344494,0.865717]],"armWidth":63.5437,"confidence":0.812321,"direction":[-0.0931106,0.677039,-0.730033],"elbow":[178.815,165.694,298.106],"grabStrength":0,"id":698,"palmNormal":[-0.0876973,-0.735945,-0.671337],"palmPosition":[68.1128,291.75,23.777],"palmVelocity":[-25.6103,-8.8937,-122.397],"palmWidth":90.7382,"pinchStrength":0.952115,"r":[[0.98938,-0.0872736,0.116232],[0.0106463,0.841037,0.540874],[-0.14496,-0.533892,0.833034]],"s":0.859522,"sphereCenter":[56.2826,271.185,-19.3826],"sphereRadius":45.5222,"stabilizedPalmPosition":[72.3285,300.199,54.3209],"t":[-0.805301,-42.5876,-6.7342],"timeVisible":4.85359,"type":"right","wrist":[81.0438,258.451,65.0096]}],"id":4273148,"interactionBox":{"center":[0,200,0],"size":[235.247,235.247,147.751]},"pointables":[{"bases":[[[0.459362,0.789753,0.406543],[-0.722626,0.0661185,0.68807],[0.516525,-0.609851,0.601068]],[[0.196287,0.974066,0.112545],[-0.790926,0.0894407,0.605339],[0.579574,-0.207835,0.787971]],[[0.196287,0.974066,0.112545],[-0.970196,0.176299,0.16625],[0.142097,-0.141823,0.97964]],[[0.196287,0.974066,0.112545],[-0.743627,0.22269,-0.630419],[-0.639132,0.0400519,0.768053]]],"btipPosition":[33.4556,262.49,-26.5527],"carpPosition":[52.2214,248.257,63.9065],"dipPosition":[18.539,263.425,-8.62724],"direction":[-0.142097,0.141823,-0.97964],"extended":false,"handId":698,"id":6980,"length":51.9721,"mcpPosition":[52.2214,248.257,63.9065],"pipPosition":[23.3705,258.603,24.6817],"stabilizedTipPosition":[35.3211,278.984,12.4575],"timeVisible":4.85359,"tipPosition":[30.1258,263.391,-22.0097],"tipVelocity":[-26.8199,-20.3153,-124.601],"tool":false,"touchDistance":-0.43593,"touchZone":"touching","type":0,"width":20.194},{"bases":[[[0.962073,0.112184,-0.248657],[0.048409,0.826847,0.560339],[0.268463,-0.551124,0.790057]],[[0.955546,0.125016,-0.267028],[-0.0300086,0.942192,0.333727],[0.293313,-0.310878,0.904059]],[[0.955546,0.125016,-0.267028],[-0.0839083,0.983513,0.160195],[0.282652,-0.130668,0.950281]],[[0.955546,0.125016,-0.267028],[-0.121612,0.992145,0.0293151],[0.268595,0.00446186,0.963243]]],"btipPosition":[17.263,326.646,-67.8352],"carpPosition":[60.9148,269.82,68.1783],"dipPosition":[21.8394,326.722,-51.4232],"direction":[-0.282652,0.130668,-0.950281],"extended":true,"handId":698,"id":6981,"length":58.6448,"mcpPosition":[41.2188,310.254,10.215],"pipPosition":[28.6523,323.573,-28.5181],"stabilizedTipPosition":[25.8738,344.08,-25.0046],"timeVisible":4.85359,"tipPosition":[18.9678,326.858,-64.1024],"tipVelocity":[-37.695,-16.4752,-121.519],"tool":false,"touchDistance":-0.438408,"touchZone":"touching","type":1,"width":19.2893},{"bases":[[[0.967055,-0.105918,-0.231488],[0.216244,0.821609,0.527443],[0.134327,-0.560125,0.817445]],[[0.969608,-0.117391,-0.214663],[-0.00516705,0.867355,-0.497663],[0.24461,0.483647,0.840387]],[[0.969608,-0.117391,-0.214663],[-0.238509,-0.257948,-0.936257],[0.0545364,0.959001,-0.278107]],[[0.969608,-0.117391,-0.214663],[-0.219835,-0.803124,-0.553773],[-0.107393,0.584133,-0.804522]]],"btipPosition":[51.8883,250.491,-8.66048],"carpPosition":[72.5257,272.91,65.6449],"dipPosition":[49.8757,261.438,-23.7372],"direction":[-0.0545364,-0.959001,0.278107],"extended":false,"handId":698,"id":6982,"length":66.821,"mcpPosition":[63.1799,311.88,8.77122],"pipPosition":[51.4223,288.633,-31.6237],"stabilizedTipPosition":[44.2314,266.991,88.3811],"timeVisible":4.85359,"tipPosition":[51.6102,252.757,-11.3582],"tipVelocity":[-28.3948,-11.4371,-118.37],"tool":false,"touchDistance":0.333333,"touchZone":"none","type":2,"width":18.9446},{"bases":[[[0.95721,-0.248824,-0.147769],[0.288955,0.793668,0.535346],[-0.0159274,-0.555138,0.831606]],[[0.9573,-0.234293,-0.169359],[0.115203,0.846468,-0.519827],[0.265149,0.47812,0.837316]],[[0.9573,-0.234293,-0.169359],[-0.229167,-0.257885,-0.938604],[0.176233,0.937338,-0.300566]],[[0.9573,-0.234293,-0.169359],[-0.289061,-0.784711,-0.548336],[-0.00442674,0.573878,-0.818929]]],"btipPosition":[68.7943,249.602,-3.06562],"carpPosition":[84.3993,272.815,62.6277],"dipPosition":[68.7118,260.295,-18.3241],"direction":[-0.176233,-0.937338,0.300566],"extended":false,"handId":698,"id":6983,"length":64.2502,"mcpPosition":[85.3942,307.492,10.68],"pipPosition":[73.5803,286.189,-26.6274],"stabilizedTipPosition":[62.0933,268.952,87.5948],"timeVisible":4.85359,"tipPosition":[68.925,251.696,-5.46361],"tipVelocity":[-29.8266,3.32866,-145.363],"tool":false,"touchDistance":0.333333,"touchZone":"none","type":3,"width":18.027},{"bases":[[[0.887943,-0.439096,-0.136936],[0.431769,0.693121,0.577199],[-0.158532,-0.571645,0.80504]],[[0.826568,-0.560201,0.0544024],[0.505019,0.695514,-0.511093],[0.248477,0.449927,0.857802]],[[0.826568,-0.560201,0.0544024],[-0.116304,-0.264573,-0.957327],[0.550689,0.784969,-0.283841]],[[0.826568,-0.560201,0.0544024],[-0.42984,-0.690696,-0.581529],[0.363349,0.457289,-0.811705]]],"btipPosition":[79.1351,259.751,0.501498],"carpPosition":[95.7163,265.732,57.8113],"dipPosition":[85.3807,267.611,-13.451],"direction":[-0.550689,-0.784969,0.283841],"extended":false,"handId":698,"id":6984,"length":50.3709,"mcpPosition":[104.883,298.787,11.2601],"pipPosition":[96.1217,282.922,-18.9872],"stabilizedTipPosition":[76.6866,281.463,84.3879],"timeVisible":4.85359,"tipPosition":[80.4945,261.379,-2.0129],"tipVelocity":[-26.5375,-10.1783,-122.444],"tool":false,"touchDistance":0.333333,"touchZone":"none","type":4,"width":16.013}],"r":[[0.98938,-0.0872736,0.116232],[0.0106463,0.841037,0.540874],[-0.14496,-0.533892,0.833034]],"s":0.859522,"t":[-0.805301,-42.5876,-6.7342],"timestamp":523675366233},false],[5,{"currentFrameRate":110.604,"devices":[],"gestures":[],"hands":[{"armBasis":[[0.931462,0.0855823,-0.353629],[0.0466327,0.935844,0.349316],[0.360837,-0.341866,0.867712]],"armWidth":63.5437,"confidence":0.785486,"direction":[-0.0939414,0.677836,-0.729187],"elbow":[177.971,166.433,297.416],"grabStrength":0,"id":698,"palmNormal":[-0.0883399,-0.735212,-0.672056],"palmPosition":[67.8368,291.825,22.5998],"palmVelocity":[-27.0219,-4.17662,-124.82],"palmWidth":90.7382,"pinchStrength":0.956378,"r":[[0.989433,-0.0873848,0.115697],[0.0111179,0.841347,0.540381],[-0.144563,-0.533384,0.833428]],"s":0.858908,"sphereCenter":[55.9001,271.298,-20.5725],"sphereRadius":45.5271,"stabilizedPalmPosition":[72.3284,300.199,54.3207],"t":[-1.08343,-42.5686,-7.92632],"timeVisible":4.86256,"type":"right","wrist":[80.8144,258.481,63.782]}],"id":4273149,"interactionBox":{"center":[0,200,0],"size":[235.247,235.247,147.751]},"pointables":[{"bases":[[[0.45972,0.789345,0.406929],[-0.721906,0.0652938,0.688904],[0.517213,-0.610468,0.59985]],[[0.195721,0.974154,0.112767],[-0.790941,0.088829,0.605411],[0.579747,-0.207684,0.787884]],[[0.195721,0.974154,0.112767],[-0.970085,0.175485,0.167747],[0.143623,-0.142225,0.979359]],[[0.195721,0.974154,0.112767],[-0.743292,0.222373,-0.630925],[-0.639695,0.0396663,0.767604]]],"btipPosition":[33.1786,262.534,-27.7368],"carpPosition":[51.9917,248.286,62.6981],"dipPosition":[18.2489,263.46,-9.82181],"direction":[-0.143623,0.142225,-0.979359],"extended":false,"handId":698,"id":6980,"length":51.9721,"mcpPosition":[51.9917,248.286,62.6981],"pipPosition":[23.1322,258.624,23.4776],"stabilizedTipPosition":[35.3203,278.981,12.4523],"timeVisible":4.86256,"tipPosition":[29.8261,263.435,-23.2063],"tipVelocity":[-28.0251,-13.4674,-126.706],"tool":false,"touchDistance":-0.438468,"touchZone":"touching","type":0,"width":20.194},{"bases":[[[0.9618,0.112546,-0.249548],[0.0489264,0.826233,0.5612],[0.269346,-0.551972,0.789164]],[[0.954907,0.126046,-0.268822],[-0.0302264,0.94198,0.334306],[0.295363,-0.311106,0.903313]],[[0.954907,0.126046,-0.268822],[-0.0843626,0.983282,0.16137],[0.284668,-0.131415,0.949576]],[[0.954907,0.126046,-0.268822],[-0.122231,0.992019,0.0309523],[0.270578,0.00330176,0.962692]]],"btipPosition":[16.8008,326.781,-68.9052],"carpPosition":[60.6877,269.845,66.9845],"dipPosition":[21.411,326.837,-52.5026],"direction":[-0.284668,0.131415,-0.949576],"extended":true,"handId":698,"id":6981,"length":58.6448,"mcpPosition":[40.9269,310.341,9.08664],"pipPosition":[28.2725,323.67,-29.6144],"stabilizedTipPosition":[25.8718,344.075,-25.0148],"timeVisible":4.86256,"tipPosition":[18.517,326.994,-65.1781],"tipVelocity":[-41.2442,-7.98916,-120.978],"tool":false,"touchDistance":-0.438983,"touchZone":"touching","type":1,"width":19.2893},{"bases":[[[0.966819,-0.105575,-0.232625],[0.216727,0.821046,0.528121],[0.135239,-0.561014,0.816684]],[[0.969479,-0.117494,-0.215186],[-0.00438189,0.869246,-0.494361],[0.245134,0.480216,0.842201]],[[0.969479,-0.117494,-0.215186],[-0.238862,-0.254782,-0.937033],[0.0552705,0.959834,-0.275071]],[[0.969479,-0.117494,-0.215186],[-0.220426,-0.80198,-0.555194],[-0.107343,0.585681,-0.803402]]],"btipPosition":[51.5478,250.694,-10.0044],"carpPosition":[72.2956,272.939,64.4423],"dipPosition":[49.5362,261.67,-25.0602],"direction":[-0.0552705,-0.959834,0.275071],"extended":false,"handId":698,"id":6982,"length":66.821,"mcpPosition":[62.8864,311.971,7.62151],"pipPosition":[51.1035,288.889,-32.8606],"stabilizedTipPosition":[44.2314,266.991,88.3803],"timeVisible":4.86256,"tipPosition":[51.2725,252.945,-12.6898],"tipVelocity":[-31.0086,-1.90021,-126.839],"tool":false,"touchDistance":0.333333,"touchZone":"none","type":2,"width":18.9446},{"bases":[[[0.957076,-0.248574,-0.149053],[0.289449,0.793103,0.535917],[-0.0150003,-0.556056,0.831009]],[[0.957144,-0.234113,-0.170491],[0.114441,0.846512,-0.519924],[0.266043,0.478131,0.837026]],[[0.957144,-0.234113,-0.170491],[-0.230383,-0.258757,-0.938066],[0.175497,0.937143,-0.301603]],[[0.957144,-0.234113,-0.170491],[-0.289555,-0.785331,-0.547187],[-0.00578845,0.573103,-0.819463]]],"btipPosition":[68.5089,249.712,-4.1921],"carpPosition":[84.166,272.848,61.4124],"dipPosition":[68.4011,260.39,-19.4606],"direction":[-0.175497,-0.937143,0.301603],"extended":false,"handId":698,"id":6983,"length":64.2502,"mcpPosition":[85.1031,307.583,9.50202],"pipPosition":[73.2492,286.279,-27.7925],"stabilizedTipPosition":[62.0933,268.952,87.5943],"timeVisible":4.86256,"tipPosition":[68.6251,251.815,-6.66519],"tipVelocity":[-30.5483,5.67704,-140.021],"tool":false,"touchDistance":0.333333,"touchZone":"none","type":3,"width":18.027},{"bases":[[[0.887837,-0.438864,-0.138357],[0.432316,0.692523,0.577508],[-0.157632,-0.572547,0.804576]],[[0.826116,-0.56089,0.0541749],[0.50698,0.697846,-0.505947],[0.245975,0.445437,0.860861]],[[0.826116,-0.56089,0.0541749],[-0.114023,-0.260539,-0.958707],[0.551844,0.785826,-0.279189]],[[0.826116,-0.56089,0.0541749],[-0.429667,-0.689195,-0.583435],[0.36458,0.458708,-0.810351]]],"btipPosition":[78.8898,259.96,-0.928537],"carpPosition":[95.4785,265.771,56.5763],"dipPosition":[85.1566,267.845,-14.8577],"direction":[-0.551844,-0.785826,0.279189],"extended":false,"handId":698,"id":6984,"length":50.3709,"mcpPosition":[104.594,298.879,10.0519],"pipPosition":[95.9201,283.172,-20.3032],"stabilizedTipPosition":[76.6866,281.463,84.3876],"timeVisible":4.86256,"tipPosition":[80.2402,261.565,-3.40786],"tipVelocity":[-26.6105,-0.836715,-132.41],"tool":false,"touchDistance":0.333333,"touchZone":"none","type":4,"width":16.013}],"r":[[0.989433,-0.0873848,0.115697],[0.0111179,0.841347,0.540381],[-0.144563,-0.533384,0.833428]],"s":0.858908,"t":[-1.08343,-42.5686,-7.92632],"timestamp":523675375202},false],[6,{"currentFrameRate":110.608,"devices":[],"gestures":[],"hands":[{"armBasis":[[0.930674,0.0790442,-0.357209],[0.0486647,0.940957,0.335009],[0.362599,-0.329168,0.871878]],"armWidth":63.5437,"confidence":0.761076,"direction":[-0.0919434,0.679146,-0.728222],"elbow":[177.837,169.907,296.586],"grabStrength":0,"id":698,"palmNormal":[-0.091878,-0.733986,-0.672921],"palmPosition":[67.3219,291.985,20.7042],"palmVelocity":[-35.28,1.85968,-148.239],"palmWidth":90.7382,"pinchStrength":0.966124,"r":[[0.989427,-0.0882865,0.11506],[0.0122625,0.841447,0.540201],[-0.144509,-0.533079,0.833633]],"s":0.858183,"sphereCenter":[55.1669,271.602,-22.4538],"sphereRadius":45.5081,"stabilizedPalmPosition":[72.3284,300.199,54.3204],"t":[-1.47997,-42.479,-9.47021],"timeVisible":4.87159,"type":"right","wrist":[80.206,258.537,61.831]}],"id":4273150,"interactionBox":{"center":[0,200,0],"size":[235.247,235.247,147.751]},"pointables":[{"bases":[[[0.463221,0.786994,0.407514],[-0.720995,0.0672561,0.689669],[0.515357,-0.613284,0.598573]],[[0.198513,0.97361,0.112584],[-0.791227,0.0914068,0.604653],[0.578405,-0.209111,0.788492]],[[0.198513,0.97361,0.112584],[-0.969604,0.178323,0.16754],[0.143042,-0.142421,0.979416]],[[0.198513,0.97361,0.112584],[-0.740536,0.224246,-0.633499],[-0.642028,0.0423852,0.765509]]],"btipPosition":[32.6701,262.72,-29.6571],"carpPosition":[51.3423,248.457,60.7611],"dipPosition":[17.686,263.709,-11.791],"direction":[-0.143042,0.142421,-0.979416],"extended":false,"handId":698,"id":6980,"length":51.9721,"mcpPosition":[51.3423,248.457,60.7611],"pipPosition":[22.5496,258.867,21.5104],"stabilizedTipPosition":[35.3196,278.979,12.4477],"timeVisible":4.87159,"tipPosition":[29.2468,263.654,-25.1502],"tipVelocity":[-36.1912,-3.65264,-150.698],"tool":false,"touchDistance":-0.451927,"touchZone":"touching","type":0,"width":20.194},{"bases":[[[0.962003,0.109064,-0.25031],[0.0527208,0.825306,0.56222],[0.2679,-0.554054,0.788197]],[[0.954856,0.123163,-0.270336],[-0.026531,0.941726,0.335333],[0.295883,-0.313023,0.90248]],[[0.954856,0.123163,-0.270336],[-0.0805795,0.983271,0.163356],[0.285932,-0.134198,0.948806]],[[0.954856,0.123163,-0.270336],[-0.118477,0.992386,0.0336511],[0.272422,-0.000103497,0.962178]]],"btipPosition":[16.2625,327.272,-70.6886],"carpPosition":[60.1275,269.976,65.0671],"dipPosition":[20.9041,327.27,-54.2947],"direction":[-0.285932,0.134198,-0.948806],"extended":true,"handId":698,"id":6981,"length":58.6448,"mcpPosition":[40.4727,310.625,7.24027],"pipPosition":[27.7961,324.036,-31.4251],"stabilizedTipPosition":[25.8697,344.071,-25.025],"timeVisible":4.87159,"tipPosition":[17.9884,327.459,-66.9685],"tipVelocity":[-46.0768,8.7828,-142.093],"tool":false,"touchDistance":-0.450199,"touchZone":"touching","type":1,"width":19.2893},{"bases":[[[0.966175,-0.109096,-0.233673],[0.220469,0.819498,0.528976],[0.133785,-0.562601,0.815832]],[[0.968897,-0.12151,-0.215576],[0.000832661,0.872743,-0.488179],[0.247461,0.472816,0.8457]],[[0.968897,-0.12151,-0.215576],[-0.239976,-0.248692,-0.938384],[0.0604105,0.960931,-0.270116]],[[0.968897,-0.12151,-0.215576],[-0.224192,-0.799818,-0.556802],[-0.104765,0.587815,-0.802183]]],"btipPosition":[50.7926,251.178,-12.2009],"carpPosition":[71.7452,273.027,62.5179],"dipPosition":[48.8293,262.194,-27.2338],"direction":[-0.0604105,-0.960931,0.270116],"extended":false,"handId":698,"id":6982,"length":66.821,"mcpPosition":[62.4371,312.17,5.75654],"pipPosition":[50.5424,289.443,-34.8937],"stabilizedTipPosition":[44.2315,266.991,88.3795],"timeVisible":4.87159,"tipPosition":[50.53,253.382,-14.8489],"tipVelocity":[-45.1551,13.6506,-158.715],"tool":false,"touchDistance":0.333333,"touchZone":"none","type":2,"width":18.9446},{"bases":[[[0.955945,-0.252163,-0.150277],[0.293087,0.791258,0.536667],[-0.0164201,-0.557068,0.830304]],[[0.956051,-0.237788,-0.17153],[0.11662,0.845163,-0.521631],[0.269008,0.478702,0.83575]],[[0.956051,-0.237788,-0.17153],[-0.233029,-0.261195,-0.936736],[0.177942,0.935539,-0.305128]],[[0.956051,-0.237788,-0.17153],[-0.293148,-0.786091,-0.544174],[-0.00543986,0.570542,-0.82125]]],"btipPosition":[67.8378,249.888,-5.8962],"carpPosition":[83.6123,272.893,59.4767],"dipPosition":[67.7364,260.518,-21.198],"direction":[-0.177942,-0.935539,0.305128],"extended":false,"handId":698,"id":6983,"length":64.2502,"mcpPosition":[84.638,307.692,7.61042],"pipPosition":[72.6521,286.363,-29.6272],"stabilizedTipPosition":[62.0934,268.952,87.5938],"timeVisible":4.87159,"tipPosition":[67.9342,252.017,-8.5375],"tipVelocity":[-42.5531,9.12431,-153.645],"tool":false,"touchDistance":0.333333,"touchZone":"none","type":3,"width":18.027},{"bases":[[[0.885964,-0.442192,-0.139761],[0.435593,0.69006,0.577993],[-0.159141,-0.572961,0.803984]],[[0.823911,-0.564259,0.052738],[0.509384,0.696556,-0.505309],[0.24839,0.443194,0.861326]],[[0.823911,-0.564259,0.052738],[-0.116078,-0.259111,-0.958847],[0.554703,0.783883,-0.278983]],[[0.823911,-0.564259,0.052738],[-0.43318,-0.687039,-0.58338],[0.365411,0.457809,-0.810485]]],"btipPosition":[78.2355,260.124,-2.86785],"carpPosition":[94.8922,265.779,54.6208],"dipPosition":[84.5166,267.993,-16.7994],"direction":[-0.554703,-0.783883,0.278983],"extended":false,"handId":698,"id":6984,"length":50.3709,"mcpPosition":[104.094,298.91,8.13067],"pipPosition":[95.3359,283.282,-22.2408],"stabilizedTipPosition":[76.6866,281.463,84.3873],"timeVisible":4.87159,"tipPosition":[79.5878,261.723,-5.36508],"tipVelocity":[-39.1318,4.27087,-155.085],"tool":false,"touchDistance":0.333333,"touchZone":"none","type":4,"width":16.013}],"r":[[0.989427,-0.0882865,0.11506],[0.0122625,0.841447,0.540201],[-0.144509,-0.533079,0.833633]],"s":0.858183,"t":[-1.47997,-42.479,-9.