{"sensorType":"Leap","data":[[0,{"currentFrameRate":105.145,"devices":[],"gestures":[],"hands":[{"armBasis":[[0.92553,0.0765631,-0.370854],[0.0893379,0.907554,0.410323],[0.367985,-0.412898,0.833128]],"armWidth":63.5437,"confidence":0.5895,"direction":[-0.00856753,0.779646,-0.626162],"elbow":[187.287,109.548,283.953],"grabStrength":0,"id":698,"palmNormal":[-0.104348,-0.623463,-0.774858],"palmPosition":[79.7347,260.467,23.2326],"palmVelocity":[-148.419,120.468,332.935],"palmWidth":90.7382,"pinchStrength":0.821118,"r":[[0.9765,-0.149307,0.155416],[0.0191245,0.778326,0.627569],[-0.214665,-0.609849,0.762891]],"s":0.867589,"sphereCenter":[60.3426,249.424,-18.7182],"sphereRadius":45.3732,"stabilizedPalmPosition":[91.549,247.813,-3.98523],"t":[12.0735,-75.0151,-12.0798],"timeVisible":9.93312,"type":"right","wrist":[88.2055,220.722,59.6309]}],"id":4273693,"interactionBox":{"center":[0,200,0],"size":[235.247,235.247,147.751]},"pointables":[{"bases":[[[0.491846,0.686156,0.535983],[-0.750361,0.0217946,0.660669],[0.44164,-0.727128,0.525584]],[[0.302006,0.900351,0.313305],[-0.830381,0.0870212,0.550359],[0.468252,-0.426374,0.773915]],[[0.302006,0.900351,0.313305],[-0.952904,0.294652,0.0717908],[-0.0276791,-0.320231,0.946935]],[[0.302006,0.900351,0.313305],[-0.351245,0.410623,-0.841437],[-0.886239,0.144072,0.440254]]],"btipPosition":[57.1536,241.766,-25.11],"carpPosition":[58.838,213.016,55.8871],"dipPosition":[36.4698,245.129,-14.835],"direction":[0.0276791,0.320231,-0.946935],"extended":false,"handId":698,"id":6980,"length":51.9721,"mcpPosition":[58.838,213.016,55.8871],"pipPosition":[35.5287,234.24,17.362],"stabilizedTipPosition":[60.6842,234.942,-33.2338],"timeVisible":9.93312,"tipPosition":[53.2057,242.102,-22.7959],"tipVelocity":[-233.987,205.179,288.21],"tool":false,"touchDistance":0.336043,"touchZone":"hovering","type":0,"width":20.194},{"bases":[[[0.978947,0.0730373,-0.190599],[0.0771709,0.732039,0.676878],[0.188963,-0.677337,0.710991]],[[0.955602,0.139333,-0.259636],[0.00402029,0.87489,0.484305],[0.294633,-0.463847,0.835487]],[[0.955602,0.139333,-0.259636],[-0.0554825,0.95046,0.305857],[0.289389,-0.277872,0.915992]],[[0.955602,0.139333,-0.259636],[-0.0979252,0.981225,0.166155],[0.277912,-0.133353,0.951305]]],"btipPosition":[30.5831,311.556,-62.6277],"carpPosition":[68.7801,233.02,63.6172],"dipPosition":[35.3182,309.284,-46.4191],"direction":[-0.289389,0.277872,-0.915992],"extended":true,"handId":698,"id":6981,"length":58.6448,"mcpPosition":[54.9166,282.714,11.4547],"pipPosition":[42.2935,302.586,-24.3405],"stabilizedTipPosition":[41.1312,291.535,-86.0743],"timeVisible":9.93312,"tipPosition":[31.2893,311.252,-58.6729],"tipVelocity":[-109.472,244.836,384.831],"tool":false,"touchDistance":0.686117,"touchZone":"hovering","type":1,"width":19.2893},{"bases":[[[0.967881,-0.145017,-0.205369],[0.245692,0.718799,0.650356],[0.0533065,-0.679925,0.731342]],[[0.96926,-0.173118,-0.174831],[0.029183,0.786454,-0.616959],[0.244304,0.592891,0.767331]],[[0.96926,-0.173118,-0.174831],[-0.214289,-0.24482,-0.945591],[0.120897,0.953988,-0.274392]],[[0.96926,-0.173118,-0.174831],[-0.24604,-0.681585,-0.689135],[0.000139352,0.710966,-0.703227]]],"btipPosition":[61.8088,213.979,-4.77336],"carpPosition":[80.6915,235.548,62.0334],"dipPosition":[61.8114,227.302,-17.9518],"direction":[-0.120897,-0.953988,0.274392],"extended":false,"handId":698,"id":6982,"length":66.821,"mcpPosition":[76.9827,282.854,11.1503],"pipPosition":[65.2398,254.355,-25.7329],"stabilizedTipPosition":[75.1438,203.899,-31.203],"timeVisible":9.93312,"tipPosition":[61.6268,217.32,-9.02169],"tipVelocity":[-177.406,153.367,325.256],"tool":false,"touchDistance":0.333333,"touchZone":"none","type":2,"width":18.9446},{"bases":[[[0.943882,-0.297264,-0.143946],[0.315789,0.684561,0.657004],[-0.0967634,-0.665591,0.740017]],[[0.940875,-0.3154,-0.123603],[0.179504,0.773629,-0.607681],[0.287286,0.549564,0.784504]],[[0.940875,-0.3154,-0.123603],[-0.198176,-0.216553,-0.955945],[0.274738,0.92392,-0.266254]],[[0.940875,-0.3154,-0.123603],[-0.308652,-0.647794,-0.696489],[0.139603,0.693459,-0.706842]]],"btipPosition":[75.7212,213.628,-1.13995],"carpPosition":[92.6679,234.982,59.5153],"dipPosition":[78.3223,226.549,-14.31],"direction":[-0.274738,-0.92392,0.266254],"extended":false,"handId":698,"id":6983,"length":64.2502,"mcpPosition":[98.7124,276.559,13.2889],"pipPosition":[85.9121,252.073,-21.6654],"stabilizedTipPosition":[90.1709,204.004,-27.0968],"timeVisible":9.93312,"tipPosition":[76.2761,216.771,-5.37764],"tipVelocity":[-182.123,147.919,300.626],"tool":false,"touchDistance":0.333333,"touchZone":"none","type":3,"width":18.027},{"bases":[[[0.8611,-0.481296,-0.163894],[0.448956,0.568481,0.689397],[-0.238634,-0.667221,0.705599]],[[0.801155,-0.597763,-0.0288163],[0.472027,0.660769,-0.583588],[0.367888,0.453942,0.811538]],[[0.801155,-0.597763,-0.0288163],[-0.161861,-0.170076,-0.972047],[0.576153,0.783424,-0.233012]],[[0.801155,-0.597763,-0.0288163],[-0.426839,-0.536996,-0.727628],[0.419475,0.595243,-0.685366]]],"btipPosition":[86.0743,224.883,1.08193],"carpPosition":[103.696,227.82,54.1733],"dipPosition":[93.2847,235.115,-10.6989],"direction":[-0.576153,-0.783424,0.233012],"extended":false,"handId":698,"id":6984,"length":50.3709,"mcpPosition":[117.495,266.402,13.3722],"pipPosition":[104.522,250.395,-15.2437],"stabilizedTipPosition":[101.882,214.858,-27.2431],"timeVisible":9.93312,"tipPosition":[87.8081,227.442,-2.84003],"tipVelocity":[-179.143,126.941,355.725],"tool":false,"touchDistance":0.333333,"touchZone":"none","type":4,"width":16.013}],"r":[[0.9765,-0.149307,0.155416],[0.0191245,0.778326,0.627569],[-0.214665,-0.609849,0.762891]],"s":0.867589,"t":[12.0735,-75.0151,-12.0798],"timestamp":523680445762},false],[1,{"currentFrameRate":106.411,"devices":[],"gestures":[],"hands":[{"armBasis":[[0.937509,0.129266,-0.32306],[0.0343845,0.889475,0.455688],[0.346259,-0.43832,0.829446]],"armWidth":63.5437,"confidence":0.696626,"direction":[-0.129648,0.700411,-0.701866],"elbow":[176.769,124.78,284.802],"grabStrength":0.202073,"id":698,"palmNormal":[-0.0766091,-0.7128,-0.697171],"palmPosition":[68.7108,277.167,21.7822],"palmVelocity":[70.6963,137.019,-233.449],"palmWidth":90.7382,"pinchStrength":0.837841,"r":[[0.99234,-0.0924797,0.081909],[0.0276701,0.812569,0.582208],[-0.120399,-0.575481,0.808904]],"s":0.880702,"sphereCenter":[50.412,261.556,-17.4811],"sphereRadius":45.4159,"stabilizedPalmPosition":[33.0632,250.276,129.023],"t":[-0.919589,-58.4427,-8.09706],"timeVisible":10.9546,"type":"right","wrist":[83.5374,242.799,61.4711]}],"id":4273803,"interactionBox":{"center":[0,200,0],"size":[235.247,235.247,147.751]},"pointables":[{"bases":[[[0.441031,0.788955,0.427833],[-0.710759,0.0159587,0.703255],[0.548009,-0.614244,0.567795]],[[0.176531,0.971796,0.156362],[-0.769901,0.0373512,0.63707],[0.613262,-0.232845,0.75478]],[[0.176531,0.971796,0.156362],[-0.977954,0.155164,0.139748],[0.111544,-0.177584,0.977764]],[[0.176531,0.971796,0.156362],[-0.575249,0.230763,-0.784753],[-0.798702,0.0485861,0.599761]]],"btipPosition":[39.37,248.186,-24.3052],"carpPosition":[55.0497,231.691,60.5103],"dipPosition":[20.7293,249.32,-10.3074],"direction":[-0.111544,0.177584,-0.977764],"extended":false,"handId":698,"id":6980,"length":51.9721,"mcpPosition":[55.0497,231.691,60.5103],"pipPosition":[24.5219,243.282,22.9377],"stabilizedTipPosition":[-20.3067,247.342,127.751],"timeVisible":10.9546,"tipPosition":[35.1121,249.401,-19.7878],"tipVelocity":[88.0936,77.0857,-269.634],"tool":false,"touchDistance":-0.69551,"touchZone":"hovering","type":0,"width":20.194},{"bases":[[[0.952794,0.153698,-0.261842],[0.0321798,0.806426,0.590459],[0.301908,-0.571012,0.763411]],[[0.94676,0.164742,-0.276596],[0.0171972,0.832049,0.554436],[0.321481,-0.529675,0.784917]],[[0.94676,0.164742,-0.276596],[-0.145171,0.985309,0.0899505],[0.287352,-0.0450079,0.956767]],[[0.94676,0.164742,-0.276596],[-0.247849,0.921299,-0.299632],[0.205466,0.352234,0.91308]]],"btipPosition":[16.7613,313.028,-62.8156],"carpPosition":[63.1114,253.358,65.4402],"dipPosition":[20.2621,319.029,-47.2582],"direction":[-0.287352,0.0450079,-0.956767],"extended":true,"handId":698,"id":6981,"length":58.6448,"mcpPosition":[40.9616,295.251,9.4318],"pipPosition":[27.1882,317.944,-24.1968],"stabilizedTipPosition":[-28.9822,282.429,69.1793],"timeVisible":10.9546,"tipPosition":[18.0823,312.665,-58.947],"tipVelocity":[36.8141,104.595,-266.598],"tool":false,"touchDistance":-0.755788,"touchZone":"hovering","type":1,"width":19.2893},{"bases":[[[0.965283,-0.0646038,-0.253091],[0.199418,0.808068,0.554308],[0.168705,-0.585535,0.792898]],[[0.969369,-0.0799121,-0.232245],[-0.0972828,0.743327,-0.661817],[0.225521,0.664138,0.712784]],[[0.969369,-0.0799121,-0.232245],[-0.245608,-0.317309,-0.915965],[-0.000496827,0.944949,-0.327217]],[[0.969369,-0.0799121,-0.232245],[-0.212666,-0.74614,-0.630911],[-0.12287,0.660976,-0.740279]]],"btipPosition":[54.3013,226.562,-3.46174],"carpPosition":[74.5624,256.93,62.8135],"dipPosition":[51.9987,238.949,-17.3346],"direction":[0.000496827,-0.944949,0.327217],"extended":false,"handId":698,"id":6982,"length":66.821,"mcpPosition":[62.8248,297.668,7.6477],"pipPosition":[51.9846,265.745,-26.6137],"stabilizedTipPosition":[-6.21773,210.247,121.566],"timeVisible":10.9546,"tipPosition":[53.9013,229.338,-5.96194],"tipVelocity":[103.993,112.981,-231.057],"tool":false,"touchDistance":0.333333,"touchZone":"none","type":2,"width":18.9446},{"bases":[[[0.96179,-0.210797,-0.174713],[0.27315,0.78231,0.559803],[0.018675,-0.586136,0.809998]],[[0.961869,-0.213615,-0.170812],[0.0403635,0.728543,-0.68381],[0.270516,0.650841,0.709385]],[[0.961869,-0.213615,-0.170812],[-0.232498,-0.309647,-0.921989],[0.144059,0.926546,-0.347504]],[[0.961869,-0.213615,-0.170812],[-0.273308,-0.726651,-0.630302],[0.0105211,0.652953,-0.757326]]],"btipPosition":[68.9758,227.2,1.08257],"carpPosition":[86.3711,257.347,59.5771],"dipPosition":[69.1718,239.366,-13.0281],"direction":[-0.144059,-0.926546,0.347504],"extended":false,"handId":698,"id":6983,"length":64.2502,"mcpPosition":[85.2046,293.961,8.97924],"pipPosition":[73.1515,264.962,-22.6281],"stabilizedTipPosition":[10.0144,206.081,122.927],"timeVisible":10.9546,"tipPosition":[69.1207,229.903,-1.13372],"tipVelocity":[106.511,126.744,-227.4],"tool":false,"touchDistance":0.333333,"touchZone":"none","type":3,"width":18.027},{"bases":[[[0.899045,-0.403562,-0.169868],[0.419988,0.685123,0.595161],[-0.123804,-0.60642,0.785448]],[[0.869825,-0.490956,-0.0486442],[0.342486,0.671852,-0.656748],[0.355116,0.554596,0.75254]],[[0.869825,-0.490956,-0.0486442],[-0.190573,-0.24341,-0.951017],[0.455067,0.836489,-0.305287]],[[0.869825,-0.490956,-0.0486442],[-0.391731,-0.627344,-0.673043],[0.299918,0.604485,-0.738002]]],"btipPosition":[78.424,239.638,0.97336],"carpPosition":[97.8182,250.834,54.2871],"dipPosition":[83.5793,250.029,-11.7122],"direction":[-0.455067,-0.836489,0.305287],"extended":false,"handId":698,"id":6984,"length":50.3709,"mcpPosition":[104.977,285.9,8.8688],"pipPosition":[92.4553,266.344,-17.6668],"stabilizedTipPosition":[23.3486,215.588,118.171],"timeVisible":10.9546,"tipPosition":[79.6668,241.825,-0.970484],"tipVelocity":[98.8645,143.079,-250.14],"tool":false,"touchDistance":0.333333,"touchZone":"none","type":4,"width":16.013}],"r":[[0.99234,-0.0924797,0.081909],[0.0276701,0.812569,0.582208],[-0.120399,-0.575481,0.808904]],"s":0.880702,"t":[-0.919589,-58.4427,-8.09706],"timestamp":523681467246},false],[2,{"currentFrameRate":106.672,"devices":[],"gestures":[],"hands":[{"armBasis":[[0.933594,0.13861,-0.330439],[0.0283663,0.890674,0.453757],[0.357209,-0.432998,0.827596]],"armWidth":63.5437,"confidence":0.697982,"direction":[-0.132494,0.695728,-0.70598],"elbow":[180.042,127.47,282.934],"grabStrength":0.191599,"id":698,"palmNormal":[-0.0706848,-0.717079,-0.693399],"palmPosition":[68.9077,278.113,20.1927],"palmVelocity":[57.4909,128.664,-218.55],"palmWidth":90.7382,"pinchStrength":0.831924,"r":[[0.992748,-0.0858475,0.0841469],[0.0216316,0.816149,0.577437],[-0.118248,-0.571429,0.812087]],"s":0.882073,"sphereCenter":[50.9822,262.125,-19.1487],"sphereRadius":45.3665,"stabilizedPalmPosition":[33.4375,250.567,127.887],"t":[-0.605147,-57.3523,-9.81131],"timeVisible":10.9635,"type":"right","wrist":[83.8625,244.056,60.1013]}],"id":4273804,"interactionBox":{"center":[0,200,0],"size":[235.247,235.247,147.751]},"pointables":[{"bases":[[[0.435203,0.794022,0.424415],[-0.712349,0.0153932,0.701657],[0.550598,-0.607694,0.57232]],[[0.171458,0.973283,0.152719],[-0.775982,0.0379074,0.629615],[0.607004,-0.22646,0.76175]],[[0.171458,0.973283,0.152719],[-0.978158,0.149687,0.144221],[0.117508,-0.174111,0.97769]],[[0.171458,0.973283,0.152719],[-0.5956,0.225881,-0.770868],[-0.784769,0.0412124,0.618417]]],"btipPosition":[39.5504,248.997,-26.4537],"carpPosition":[55.4466,232.766,59.1415],"dipPosition":[21.2348,249.959,-12.0206],"direction":[-0.117508,0.174111,-0.97769],"extended":false,"handId":698,"id":6980,"length":51.9721,"mcpPosition":[55.4466,232.766,59.1415],"pipPosition":[25.2303,244.039,21.2221],"stabilizedTipPosition":[-20.1454,247.347,127.314],"timeVisible":10.9635,"tipPosition":[35.4193,249.971,-21.7802],"tipVelocity":[71.9388,79.6987,-258.922],"tool":false,"touchDistance":-0.685019,"touchZone":"hovering","type":0,"width":20.194},{"bases":[[[0.952379,0.158187,-0.260675],[0.0259033,0.809839,0.58608],[0.303815,-0.564922,0.767176]],[[0.945987,0.169672,-0.276261],[0.0110098,0.834815,0.55042],[0.324017,-0.523732,0.787856]],[[0.945987,0.169672,-0.276261],[-0.149996,0.984488,0.0910186],[0.287419,-0.0446643,0.956763]],[[0.945987,0.169672,-0.276261],[-0.251306,0.922112,-0.294202],[0.204826,0.347738,0.914945]]],"btipPosition":[16.7735,313.546,-64.7205],"carpPosition":[63.3629,254.51,63.9692],"dipPosition":[20.2634,319.471,-49.1313],"direction":[-0.287419,0.0446643,-0.956763],"extended":true,"handId":698,"id":6981,"length":58.6448,"mcpPosition":[41.0732,295.956,7.68453],"pipPosition":[27.1912,318.394,-26.07],"stabilizedTipPosition":[-28.7124,282.617,68.4242],"timeVisible":10.9635,"tipPosition":[18.1041,313.208,-60.8555],"tipVelocity":[27.0999,91.4547,-252.1],"tool":false,"touchDistance":-0.737006,"touchZone":"hovering","type":1,"width":19.2893},{"bases":[[[0.966206,-0.0599812,-0.250697],[0.193205,0.812325,0.550273],[0.170641,-0.580113,0.796461]],[[0.970391,-0.0753451,-0.229486],[-0.0988319,0.743067,-0.661879],[0.220393,0.664962,0.713619]],[[0.970391,-0.0753451,-0.229486],[-0.241508,-0.317634,-0.916942],[-0.00380541,0.945215,-0.326425]],[[0.970391,-0.0753451,-0.229486],[-0.207267,-0.747593,-0.630987],[-0.12402,0.659869,-0.741074]]],"btipPosition":[54.7631,227.366,-5.22388],"carpPosition":[74.797,258.138,61.347],"dipPosition":[52.439,239.732,-19.1116],"direction":[0.00380541,-0.945215,0.326425],"extended":false,"handId":698,"id":6982,"length":66.821,"mcpPosition":[62.9247,298.499,5.93325],"pipPosition":[52.3311,266.536,-28.3683],"stabilizedTipPosition":[-5.25254,210.566,119.49],"timeVisible":10.9635,"tipPosition":[54.3814,230.117,-7.64401],"tipVelocity":[89.6782,106.697,-222.19],"tool":false,"touchDistance":0.333333,"touchZone":"none","type":2,"width":18.9446},{"bases":[[[0.963453,-0.205761,-0.171523],[0.267084,0.787057,0.556065],[0.0205818,-0.581553,0.813248]],[[0.963525,-0.207967,-0.168433],[0.0417047,0.73837,-0.673105],[0.26435,0.641529,0.720111]],[[0.963525,-0.207967,-0.168433],[-0.226257,-0.296899,-0.927717],[0.142927,0.931988,-0.333123]],[[0.963525,-0.207967,-0.168433],[-0.267393,-0.722212,-0.637896],[0.0110168,0.659666,-0.751478]]],"btipPosition":[69.3922,228.317,-1.54851],"carpPosition":[86.6099,258.611,58.1332],"dipPosition":[69.5974,240.608,-15.5503],"direction":[-0.142927,-0.931988,0.333123],"extended":false,"handId":698,"id":6983,"length":64.2502,"mcpPosition":[85.3242,294.938,7.33234],"pipPosition":[73.5458,266.354,-24.7529],"stabilizedTipPosition":[11.0657,206.525,120.668],"timeVisible":10.9635,"tipPosition":[69.5674,230.986,-3.4682],"tipVelocity":[90.3406,127.299,-245.213],"tool":false,"touchDistance":0.333333,"touchZone":"none","type":3,"width":18.027},{"bases":[[[0.901898,-0.398883,-0.16575],[0.414447,0.69098,0.592267],[-0.121716,-0.602858,0.788509]],[[0.87243,-0.486892,-0.0424515],[0.343451,0.672561,-0.655517],[0.347717,0.557313,0.753986]],[[0.87243,-0.486892,-0.0424515],[-0.183349,-0.245536,-0.95189],[0.453045,0.838241,-0.303484]],[[0.87243,-0.486892,-0.0424515],[-0.384964,-0.631073,-0.67346],[0.301113,0.603889,-0.738003]]],"btipPosition":[78.8733,240.619,-0.673661],"carpPosition":[98.1085,252.14,52.9033],"dipPosition":[84.0492,250.999,-13.3593],"direction":[-0.453045,-0.838241,0.303484],"extended":false,"handId":698,"id":6984,"length":50.3709,"mcpPosition":[105.147,287,7.30793],"pipPosition":[92.8857,267.348,-19.2786],"stabilizedTipPosition":[24.4027,216.098,115.908],"timeVisible":10.9635,"tipPosition":[80.1229,242.793,-2.59565],"tipVelocity":[85.858,134.071,-232.46],"tool":false,"touchDistance":0.333333,"touchZone":"none","type":4,"width":16.013}],"r":[[0.992748,-0.0858475,0.0841469],[0.0216316,0.816149,0.577437],[-0.118248,-0.571429,0.812087]],"s":0.882073,"t":[-0.605147,-57.3523,-9.81131],"timestamp":523681476143},false],[3,{"currentFrameRate":106.797,"devices":[],"gestures":[],"hands":[{"armBasis":[[0.936489,0.136252,-0.323147],[0.025831,0.892139,0.451021],[0.349745,-0.430724,0.831959]],"armWidth":63.5437,"confidence":0.698671,"direction":[-0.133526,0.690002,-0.711385],"elbow":[178.091,129.622,282.173],"grabStrength":0.177666,"id":698,"palmNormal":[-0.0676581,-0.722485,-0.688069],"palmPosition":[68.9234,279.307,17.9815],"palmVelocity":[41.9846,129.24,-225.086],"palmWidth":90.7382,"pinchStrength":0.821085,"r":[[0.993065,-0.0798271,0.0863051],[0.0161591,0.819838,0.572367],[-0.116447,-0.567004,0.815443]],"s":0.883934,"sphereCenter":[51.1273,262.948,-21.2999],"sphereRadius":45.3888,"stabilizedPalmPosition":[33.8143,250.872,126.72],"t":[-0.44004,-56.2099,-11.774],"timeVisible":10.9726,"type":"right","wrist":[83.9214,245.595,58.166]}],"id":4273805,"interactionBox":{"center":[0,200,0],"size":[235.247,235.247,147.751]},"pointables":[{"bases":[[[0.432324,0.798454,0.419008],[-0.713358,0.0186168,0.700552],[0.551558,-0.601768,0.577632]],[[0.170145,0.974338,0.147363],[-0.780504,0.0419595,0.623741],[0.601551,-0.221144,0.767614]],[[0.170145,0.974338,0.147363],[-0.977809,0.148384,0.147889],[0.122227,-0.169255,0.977964]],[[0.170145,0.974338,0.147363],[-0.61332,0.221755,-0.758065],[-0.77129,0.0386006,0.635312]]],"btipPosition":[39.4397,250.078,-29.0381],"carpPosition":[55.5395,234.216,57.2528],"dipPosition":[21.4387,250.979,-14.2106],"direction":[-0.122227,0.169255,-0.977964],"extended":false,"handId":698,"id":6980,"length":51.9721,"mcpPosition":[55.5395,234.216,57.2528],"pipPosition":[25.5946,245.224,19.0414],"stabilizedTipPosition":[-19.9969,247.355,126.904],"timeVisible":10.9726,"tipPosition":[35.4281,250.856,-24.2586],"tipVelocity":[50.7676,90.0304,-262.83],"tool":false,"touchDistance":-0.682255,"touchZone":"hovering","type":0,"width":20.194},{"bases":[[[0.952277,0.158976,-0.260565],[0.0227574,0.814304,0.579993],[0.304384,-0.558244,0.771825]],[[0.94548,0.170997,-0.277177],[0.00806269,0.838522,0.544808],[0.325579,-0.51734,0.791427]],[[0.94548,0.170997,-0.277177],[-0.150923,0.98422,0.0923741],[0.288599,-0.0455056,0.956368]],[[0.94548,0.170997,-0.277177],[-0.251286,0.924427,-0.286862],[0.207177,0.340873,0.916997]]],"btipPosition":[16.6197,314.428,-67.2821],"carpPosition":[63.3863,256.018,61.9271],"dipPosition":[20.1497,320.236,-51.658],"direction":[-0.288599,0.0455056,-0.956368],"extended":true,"handId":698,"id":6981,"length":58.6448,"mcpPosition":[41.0549,296.975,5.30137],"pipPosition":[27.1059,319.139,-28.6061],"stabilizedTipPosition":[-28.4821,282.783,67.7648],"timeVisible":10.9726,"tipPosition":[17.9719,314.085,-63.4164],"tipVelocity":[15.1655,92.0603,-259.729],"tool":false,"touchDistance":-0.729942,"touchZone":"hovering","type":1,"width":19.2893},{"bases":[[[0.96672,-0.0590705,-0.248925],[0.190101,0.817004,0.544396],[0.171215,-0.573599,0.801043]],[[0.970978,-0.0744861,-0.227276],[-0.0993705,0.738726,-0.66664],[0.21755,0.669877,0.709885]],[[0.970978,-0.0744861,-0.227276],[-0.239111,-0.323638,-0.91547],[-0.00536536,0.943245,-0.332055]],[[0.970978,-0.0744861,-0.227276],[-0.204369,-0.752031,-0.626644],[-0.124242,0.654906,-0.745428]]],"btipPosition":[54.9248,228.348,-7.17575],"carpPosition":[74.8136,259.66,59.2932],"dipPosition":[52.5965,240.621,-21.1451],"direction":[0.00536536,-0.943245,0.332055],"extended":false,"handId":698,"id":6982,"length":66.821,"mcpPosition":[62.9014,299.568,3.56065],"pipPosition":[52.4444,267.369,-30.5614],"stabilizedTipPosition":[-4.33491,210.883,117.492],"timeVisible":10.9726,"tipPosition":[54.5459,231.08,-9.61717],"tipVelocity":[69.6346,106.254,-220.392],"tool":false,"touchDistance":0.333333,"touchZone":"none","type":2,"width":18.9446},{"bases":[[[0.964279,-0.204256,-0.168657],[0.264044,0.791994,0.550478],[0.0211368,-0.575347,0.817636]],[[0.964346,-0.206245,-0.165828],[0.0404734,0.734178,-0.67775],[0.26153,0.646874,0.716349]],[[0.964346,-0.206245,-0.165828],[-0.224122,-0.303255,-0.926178],[0.140731,0.930322,-0.338667]],[[0.964346,-0.206245,-0.165828],[-0.26445,-0.727044,-0.633619],[0.0101164,0.654882,-0.755664]]],"btipPosition":[69.5801,229.358,-3.4651],"carpPosition":[86.6294,260.143,56.092],"dipPosition":[69.7686,241.56,-17.5448],"direction":[-0.140731,-0.930322,0.338667],"extended":false,"handId":698,"id":6983,"length":64.2502,"mcpPosition":[85.3091,296.083,5.01699],"pipPosition":[73.6564,267.26,-26.9006],"stabilizedTipPosition":[12.0808,206.969,118.46],"timeVisible":10.9726,"tipPosition":[69.7424,232.023,-5.45734],"tipVelocity":[70.8243,122.975,-235.914],"tool":false,"touchDistance":0.333333,"touchZone":"none","type":3,"width":18.027},{"bases":[[[0.903273,-0.397508,-0.161512],[0.411633,0.696621,0.587604],[-0.121064,-0.59725,0.792866]],[[0.873068,-0.486337,-0.0350434],[0.348905,0.673321,-0.651846],[0.340612,0.55688,0.757541]],[[0.873068,-0.486337,-0.0350434],[-0.174573,-0.244668,-0.953762],[0.455276,0.838817,-0.298514]],[[0.873068,-0.486337,-0.0350434],[-0.379475,-0.632581,-0.675159],[0.306187,0.602758,-0.736839]]],"btipPosition":[79.0008,241.844,-3.14454],"carpPosition":[98.1539,253.666,50.9266],"dipPosition":[84.2639,252.205,-15.8101],"direction":[-0.455276,-0.838817,0.298514],"extended":false,"handId":698,"id":6984,"length":50.3709,"mcpPosition":[105.154,288.202,5.07936],"pipPosition":[93.1439,268.566,-21.6325],"stabilizedTipPosition":[25.4273,216.614,113.668],"timeVisible":10.9726,"tipPosition":[80.2727,243.988,-4.97579],"tipVelocity":[66.4765,133.952,-242.894],"tool":false,"touchDistance":0.333333,"touchZone":"none","type":4,"width":16.013}],"r":[[0.993065,-0.0798271,0.0863051],[0.0161591,0.819838,0.572367],[-0.116447,-0.567004,0.815443]],"s":0.883934,"t":[-0.44004,-56.2099,-11.774],"timestamp":523681485278},false],[4,{"currentFrameRate":107.027,"devices":[],"gestures":[],"hands":[{"armBasis":[[0.931239,0.140287,-0.336323],[0.0236601,0.897704,0.439964],[0.36364,-0.417669,0.832658]],"armWidth":63.5437,"confidence":0.682714,"direction":[-0.13758,0.686901,-0.71361],"elbow":[181.558,133.871,279.855],"grabStrength":0.167347,"id":698,"palmNormal":[-0.0679723,-0.72531,-0.685059],"palmPosition":[68.434,279.847,15.3936],"palmVelocity":[15.5893,110.508,-242.795],"palmWidth":90.7382,"pinchStrength":0.833237,"r":[[0.993387,-0.0744186,0.0874293],[0.0117095,0.823191,0.567644],[-0.114214,-0.562866,0.818619]],"s":0.884377,"sphereCenter":[50.6533,263.206,-23.8792],"sphereRadius":45.3539,"stabilizedPalmPosition":[34.1271,251.134,125.714],"t":[-0.602205,-55.3688,-14.0493],"timeVisible":10.9816,"type":"right","wrist":[83.6472,246.33,55.6597]}],"id":4273806,"interactionBox":{"center":[0,200,0],"size":[235.247,235.247,147.751]},"pointables":[{"bases":[[[0.431581,0.801181,0.414544],[-0.711171,0.0194802,0.702749],[0.554954,-0.598105,0.578184]],[[0.171013,0.974383,0.146053],[-0.782048,0.0440751,0.621657],[0.599295,-0.220532,0.769552]],[[0.171013,0.974383,0.146053],[-0.97737,0.149036,0.150118],[0.124506,-0.16842,0.977821]],[[0.171013,0.974383,0.146053],[-0.623139,0.221787,-0.750006],[-0.763186,0.0372498,0.645105]]],"btipPosition":[39.0381,250.708,-31.73],"carpPosition":[55.2922,234.873,54.881],"dipPosition":[21.2263,251.578,-16.6741],"direction":[-0.124506,0.16842,-0.977821],"extended":false,"handId":698,"id":6980,"length":51.9721,"mcpPosition":[55.2922,234.873,54.881],"pipPosition":[25.4596,245.851,16.5731],"stabilizedTipPosition":[-19.8767,247.363,126.565],"timeVisible":10.9816,"tipPosition":[34.9897,251.297,-26.935],"tipVelocity":[25.9911,84.5218,-271.825],"tool":false,"touchDistance":-0.681954,"touchZone":"hovering","type":0,"width":20.194},{"bases":[[[0.951027,0.160428,-0.264216],[0.0224896,0.816595,0.576773],[0.308287,-0.554469,0.772996]],[[0.943842,0.172877,-0.281561],[0.00757604,0.840639,0.541543],[0.330312,-0.513264,0.79212]],[[0.943842,0.172877,-0.281561],[-0.151831,0.983821,0.0950965],[0.293446,-0.0470063,0.954819]],[[0.943842,0.172877,-0.281561],[-0.252979,0.926279,-0.2793],[0.21252,0.334844,0.917995]]],"btipPosition":[15.6337,314.811,-69.8583],"carpPosition":[63.0973,256.714,59.4461],"dipPosition":[19.2547,320.516,-54.2172],"direction":[-0.293446,0.0470063,-0.954819],"extended":true,"handId":698,"id":6981,"length":58.6448,"mcpPosition":[40.4795,297.393,2.73452],"pipPosition":[26.3278,319.383,-31.2027],"stabilizedTipPosition":[-28.3071,282.913,67.2431],"timeVisible":10.9816,"tipPosition":[17.0122,314.488,-65.998],"tipVelocity":[-18.451,77.9464,-267.519],"tool":false,"touchDistance":-0.723865,"touchZone":"hovering","type":1,"width":19.2893},{"bases":[[[0.966073,-0.057534,-0.25178],[0.189711,0.819589,0.540632],[0.175252,-0.570055,0.802698]],[[0.970537,-0.073227,-0.229557],[-0.10012,0.744008,-0.660627],[0.219168,0.664146,0.714756]],[[0.970537,-0.073227,-0.229557],[-0.240928,-0.308772,-0.920116],[-0.00350347,0.948313,-0.317317]],[[0.970537,-0.073227,-0.229557],[-0.206869,-0.741716,-0.638014],[-0.123546,0.666705,-0.735011]]],"btipPosition":[54.1933,228.727,-10.6696],"carpPosition":[74.5066,260.375,56.7617],"dipPosition":[51.8781,241.221,-24.4437],"direction":[0.00350347,-0.948313,0.317317],"extended":false,"handId":698,"id":6982,"length":66.821,"mcpPosition":[62.3135,300.036,0.914067],"pipPosition":[51.7787,268.113,-33.4421],"stabilizedTipPosition":[-3.64599,211.129,115.932],"timeVisible":10.9816,"tipPosition":[53.892,231.536,-12.812],"tipVelocity":[28.4006,90.4263,-265.685],"tool":false,"touchDistance":0.333333,"touchZone":"none","type":2,"width":18.9446},{"bases":[[[0.964264,-0.202415,-0.170947],[0.263738,0.794795,0.546575],[0.0252327,-0.572128,0.819776]],[[0.964343,-0.204321,-0.168213],[0.0386697,0.737551,-0.674183],[0.261815,0.643639,0.719153]],[[0.964343,-0.204321,-0.168213],[-0.22503,-0.298493,-0.927504],[0.139298,0.932285,-0.333828]],[[0.964343,-0.204321,-0.168213],[-0.264542,-0.725557,-0.635283],[0.00775356,0.65713,-0.753738]]],"btipPosition":[69.0767,229.938,-6.4643],"carpPosition":[86.3109,260.876,53.521],"dipPosition":[69.2211,242.182,-20.5082],"direction":[-0.139298,-0.932285,0.333828],"extended":false,"handId":698,"id":6983,"length":64.2502,"mcpPosition":[84.7347,296.615,2.31227],"pipPosition":[73.0693,267.937,-29.7303],"stabilizedTipPosition":[12.8863,207.333,116.65],"timeVisible":10.9816,"tipPosition":[69.2459,232.59,-8.37364],"tipVelocity":[35.8305,107.469,-262.984],"tool":false,"touchDistance":0.333333,"touchZone":"none","type":3,"width":18.027},{"bases":[[[0.903783,-0.395794,-0.162862],[0.411692,0.699947,0.583596],[-0.116989,-0.594493,0.795545]],[[0.873619,-0.485414,-0.0340959],[0.349823,0.675205,-0.649402],[0.33825,0.555402,0.759681]],[[0.873619,-0.485414,-0.0340959],[-0.172021,-0.24253,-0.954771],[0.45519,0.839972,-0.295381]],[[0.873619,-0.485414,-0.0340959],[-0.377983,-0.632804,-0.675787],[0.30646,0.603268,-0.736308]]],"btipPosition":[78.5272,242.448,-6.02794],"carpPosition":[97.8356,254.409,48.3438],"dipPosition":[83.795,252.818,-18.6844],"direction":[-0.45519,-0.839972,0.295381],"extended":false,"handId":698,"id":6984,"length":50.3709,"mcpPosition":[104.6,288.785,2.34165],"pipPosition":[92.6733,269.201,-24.4457],"stabilizedTipPosition":[26.2542,217.044,111.802],"timeVisible":10.9816,"tipPosition":[79.8021,244.579,-7.81872],"tipVelocity":[33.9216,115.966,-264.712],"tool":false,"touchDistance":0.333333,"touchZone":"none","type":4,"width":16.013}],"r":[[0.993387,-0.0744186,0.0874293],[0.0117095,0.823191,0.567644],[-0.114214,-0.562866,0.818619]],"s":0.884377,"t":[-0.602205,-55.3688,-14.0493],"timestamp":523681494200},false],[5,{"currentFrameRate":107.035,"devices":[],"gestures":[],"hands":[{"armBasis":[[0.931012,0.14019,-0.336992],[0.0211273,0.901047,0.433208],[0.364377,-0.410441,0.835923]],"armWidth":63.5437,"confidence":0.686005,"direction":[-0.138929,0.685611,-0.714589],"elbow":[181.633,136.337,279.491],"grabStrength":0.155795,"id":698,"palmNormal":[-0.0667225,-0.726427,-0.683997],"palmPosition":[68.2437,280.281,14.1034],"palmVelocity":[5.4043,92.3907,-213.225],"palmWidth":90.7382,"pinchStrength":0.838038,"r":[[0.993653,-0.0696953,0.0883011],[0.00785124,0.826005,0.563608],[-0.112218,-0.559338,0.821309]],"s":0.884168,"sphereCenter":[50.5688,263.484,-25.225],"sphereRadius":45.3259,"stabilizedPalmPosition":[34.4007,251.368,124.819],"t":[-0.778422,-54.7314,-15.8321],"timeVisible":10.9909,"type":"right","wrist":[83.5234,246.85,54.4162]}],"id":4273807,"interactionBox":{"center":[0,200,0],"size":[235.247,235.247,147.751]},"pointables":[{"bases":[[[0.430158,0.802573,0.413328],[-0.71112,0.0191935,0.702808],[0.556122,-0.596245,0.578982]],[[0.172469,0.973846,0.147913],[-0.786196,0.0456304,0.61629],[0.593422,-0.22258,0.773504]],[[0.172469,0.973846,0.147913],[-0.977142,0.150203,0.150439],[0.124288,-0.170478,0.977492]],[[0.172469,0.973846,0.147913],[-0.632805,0.22462,-0.741015],[-0.754859,0.0342019,0.654995]]],"btipPosition":[39.0407,251.418,-33.3697],"carpPosition":[55.1894,235.34,53.6576],"dipPosition":[21.4232,252.217,-18.0829],"direction":[-0.124288,0.170478,-0.977492],"extended":false,"handId":698,"id":6980,"length":51.9721,"mcpPosition":[55.1894,235.34,53.6576],"pipPosition":[25.6491,246.42,15.153],"stabilizedTipPosition":[-19.7689,247.371,126.258],"timeVisible":10.9909,"tipPosition":[34.9627,251.803,-28.5392],"tipVelocity":[20.0695,81.6474,-243.032],"tool":false,"touchDistance":-0.665891,"touchZone":"hovering","type":0,"width":20.194},{"bases":[[[0.950699,0.161791,-0.264566],[0.0210591,0.817471,0.575585],[0.309399,-0.55278,0.773761]],[[0.943129,0.174797,-0.28276],[0.00614621,0.841281,0.540563],[0.332369,-0.511559,0.792362]],[[0.943129,0.174797,-0.28276],[-0.152027,0.98323,0.100734],[0.295626,-0.0520179,0.953886]],[[0.943129,0.174797,-0.28276],[-0.252831,0.929436,-0.268746],[0.215832,0.324953,0.920773]]],"btipPosition":[15.2126,315.391,-71.2057],"carpPosition":[62.9549,257.202,58.1901],"dipPosition":[18.89,320.928,-55.5173],"direction":[-0.295626,0.0520179,-0.953886],"extended":true,"handId":698,"id":6981,"length":58.6448,"mcpPosition":[40.2555,297.757,1.42231],"pipPosition":[26.0156,319.674,-32.5253],"stabilizedTipPosition":[-28.1581,283.026,66.7902],"timeVisible":10.9909,"tipPosition":[16.6111,315.058,-67.3489],"tipVelocity":[-25.6128,72.3132,-232.358],"tool":false,"touchDistance":-0.69986,"touchZone":"hovering","type":1,"width":19.2893},{"bases":[[[0.966146,-0.0561244,-0.251816],[0.188271,0.82072,0.539419],[0.176396,-0.568567,0.803502]],[[0.970695,-0.0719769,-0.229284],[-0.0993049,0.748687,-0.655443],[0.218839,0.659004,0.719599]],[[0.970695,-0.0719769,-0.229284],[-0.240307,-0.299277,-0.92341],[-0.00215548,0.951447,-0.307804]],[[0.970695,-0.0719769,-0.229284],[-0.206851,-0.735914,-0.644704],[-0.12233,0.673238,-0.729237]]],"btipPosition":[53.919,229.164,-12.5992],"carpPosition":[74.3571,260.88,55.4989],"dipPosition":[51.6265,241.78,-26.265],"direction":[0.00215548,-0.951447,0.307804],"extended":false,"handId":698,"id":6982,"length":66.821,"mcpPosition":[62.0844,300.438,-0.404673],"pipPosition":[51.5654,268.761,-34.9936],"stabilizedTipPosition":[-3.10309,211.328,114.679],"timeVisible":10.9909,"tipPosition":[53.6498,231.987,-14.6182],"tipVelocity":[12.1984,78.9534,-248.28],"tool":false,"touchDistance":0.333333,"touchZone":"none","type":2,"width":18.9446},{"bases":[[[0.964614,-0.200891,-0.170772],[0.262343,0.79607,0.545388],[0.0263831,-0.57089,0.820603]],[[0.964686,-0.202539,-0.168401],[0.0386676,0.741296,-0.670064],[0.260549,0.63989,0.722949]],[[0.964686,-0.202539,-0.168401],[-0.223455,-0.290787,-0.930328],[0.139459,0.935105,-0.325776]],[[0.964686,-0.202539,-0.168401],[-0.263266,-0.720822,-0.641176],[0.00847622,0.662868,-0.748689]]],"btipPosition":[68.8925,230.365,-8.26651],"carpPosition":[86.1601,261.398,52.256],"dipPosition":[69.0504,242.716,-22.2163],"direction":[-0.139459,-0.935105,0.325776],"extended":false,"handId":698,"id":6983,"length":64.2502,"mcpPosition":[84.512,297.059,0.995721],"pipPosition":[72.903,268.548,-31.216],"stabilizedTipPosition":[13.5487,207.639,115.136],"timeVisible":10.9909,"tipPosition":[69.0767,233.051,-10.1082],"tipVelocity":[20.1955,90.7513,-242.579],"tool":false,"touchDistance":0.333333,"touchZone":"none","type":3,"width":18.027},{"bases":[[[0.904489,-0.394369,-0.162399],[0.410476,0.701548,0.582529],[-0.1158,-0.593552,0.796421]],[[0.873848,-0.485181,-0.0314418],[0.353502,0.67842,-0.644036],[0.333805,0.551675,0.764349]],[[0.873848,-0.485181,-0.0314418],[-0.166412,-0.237705,-0.956976],[0.456833,0.841484,-0.288458]],[[0.873848,-0.485181,-0.0314418],[-0.374742,-0.630915,-0.679349],[0.30977,0.60543,-0.733142]]],"btipPosition":[78.3867,242.994,-7.68963],"carpPosition":[97.696,254.945,47.0868],"dipPosition":[83.7114,253.401,-20.2917],"direction":[-0.456833,-0.841484,0.288458],"extended":false,"handId":698,"id":6984,"length":50.3709,"mcpPosition":[104.392,289.267,1.034],"pipPosition":[92.6217,269.814,-25.918],"stabilizedTipPosition":[26.9554,217.416,110.193],"timeVisible":10.9909,"tipPosition":[79.6741,245.115,-9.42909],"tipVelocity":[20.4548,99.9692,-239.831],"tool":false,"touchDistance":0.333333,"touchZone":"none","type":4,"width":16.013}],"r":[[0.993653,-0.0696953,0.0883011],[0.00785124,0.826005,0.563608],[-0.112218,-0.559338,0.821309]],"s":0.884168,"t":[-0.778422,-54.7314,-15.8321],"timestamp":523681503528},false],[6,{"currentFrameRate":107.319,"devices":[],"gestures":[],"hands":[{"armBasis":[[0.933758,0.142313,-0.328395],[0.0175992,0.898179,0.439277],[0.357472,-0.415958,0.836177]],"armWidth":63.5437,"confidence":0.625454,"direction":[-0.141594,0.684401,-0.715225],"elbow":[179.725,135.679,278.805],"grabStrength":0.145111,"id":698,"palmNormal":[-0.0626471,-0.727251,-0.683506],"palmPosition":[68.0698,281.004,13.3109],"palmVelocity":[-1.37549,89.6504,-180.04],"palmWidth":90.7382,"pinchStrength":0.836701,"r":[[0.993897,-0.0649464,0.0891622],[0.00386715,0.828318,0.560245],[-0.110241,-0.556481,0.823514]],"s":0.8835,"sphereCenter":[50.6287,264.024,-26.1262],"sphereRadius":45.2928,"stabilizedPalmPosition":[34.6334,251.572,124.049],"t":[-0.953487,-54.0509,-17.1197],"timeVisible":10.9997,"type":"right","wrist":[83.4746,247.677,53.662]}],"id":4273808,"interactionBox":{"center":[0,200,0],"size":[235.247,235.247,147.751]},"pointables":[{"bases":[[[0.425948,0.804936,0.413093],[-0.711813,0.0163115,0.70218],[0.558472,-0.593137,0.579912]],[[0.170634,0.973795,0.150354],[-0.790168,0.0440727,0.611303],[0.588658,-0.223114,0.776983]],[[0.170634,0.973795,0.150354],[-0.97701,0.147418,0.154013],[0.127813,-0.173177,0.976562]],[[0.170634,0.973795,0.150354],[-0.643908,0.225704,-0.731054],[-0.745832,0.0279286,0.665548]]],"btipPosition":[38.9547,252.374,-34.5275],"carpPosition":[55.1967,236.032,52.8877],"dipPosition":[21.5479,253.026,-18.9944],"direction":[-0.127813,0.173177,-0.976562],"extended":false,"handId":698,"id":6980,"length":51.9721,"mcpPosition":[55.1967,236.032,52.8877],"pipPosition":[25.8937,247.138,14.2099],"stabilizedTipPosition":[-19.6717,247.381,125.978],"timeVisible":10.9997,"tipPosition":[34.9374,252.561,-29.6581],"tipVelocity":[13.5136,87.8849,-211.263],"tool":false,"touchDistance":-0.644152,"touchZone":"hovering","type":0,"width":20.194},{"bases":[[[0.950142,0.166148,-0.263867],[0.0166417,0.817994,0.574986],[0.311374,-0.55071,0.774445]],[[0.942233,0.179582,-0.28275],[0.0015042,0.841857,0.539698],[0.334955,-0.508947,0.792956]],[[0.942233,0.179582,-0.28275],[-0.155441,0.982163,0.105805],[0.296707,-0.0557421,0.95334]],[[0.942233,0.179582,-0.28275],[-0.255302,0.931482,-0.259158],[0.216836,0.316374,0.92352]]],"btipPosition":[14.8123,316.095,-72.0946],"carpPosition":[62.8534,257.934,57.4104],"dipPosition":[18.5068,321.486,-56.3594],"direction":[-0.296707,0.0557421,-0.95334],"extended":true,"handId":698,"id":6981,"length":58.6448,"mcpPosition":[40.0091,298.337,0.592471],"pipPosition":[25.6585,320.142,-33.3805],"stabilizedTipPosition":[-28.0305,283.126,66.3965],"timeVisible":10.9997,"tipPosition":[16.2228,315.763,-68.2345],"tipVelocity":[-30.8454,73.3453,-196.638],"tool":false,"touchDistance":-0.67138,"touchZone":"hovering","type":1,"width":19.2893},{"bases":[[[0.966622,-0.0516812,-0.25094],[0.183867,0.822018,0.538962],[0.178423,-0.567112,0.804083]],[[0.971275,-0.0676755,-0.228133],[-0.100488,0.75238,-0.651019],[0.215701,0.655244,0.723968]],[[0.971275,-0.0676755,-0.228133],[-0.237913,-0.295053,-0.925387],[-0.00468536,0.953081,-0.302679]],[[0.971275,-0.0676755,-0.228133],[-0.203202,-0.734771,-0.647164],[-0.123828,0.674931,-0.727416]]],"btipPosition":[53.9118,229.95,-13.8016],"carpPosition":[74.2402,261.664,54.7263],"dipPosition":[51.5913,242.598,-27.4334],"direction":[0.00468536,-0.953081,0.302679],"extended":false,"handId":698,"id":6982,"length":66.821,"mcpPosition":[61.8265,301.121,-1.2177],"pipPosition":[51.4584,269.625,-36.0166],"stabilizedTipPosition":[-2.68616,211.487,113.707],"timeVisible":10.9997,"tipPosition":[53.6447,232.737,-15.7752],"tipVelocity":[8.4936,81.9566,-217.958],"tool":false,"touchDistance":0.333333,"touchZone":"none","type":2,"width":18.9446},{"bases":[[[0.965713,-0.196392,-0.169788],[0.258052,0.797727,0.545014],[0.0284079,-0.570141,0.821055]],[[0.965782,-0.197836,-0.167707],[0.0388812,0.749767,-0.660559],[0.256424,0.631435,0.731804]],[[0.965782,-0.197836,-0.167707],[-0.21927,-0.277495,-0.93537],[0.138512,0.940137,-0.31138]],[[0.965782,-0.197836,-0.167707],[-0.2592,-0.713918,-0.65049],[0.00896143,0.671701,-0.740768]]],"btipPosition":[68.8503,231.23,-9.99742],"carpPosition":[86.0434,262.236,51.4932],"dipPosition":[69.0172,243.745,-23.7996],"direction":[-0.138512,-0.940137,0.31138],"extended":false,"handId":698,"id":6983,"length":64.2502,"mcpPosition":[84.2689,297.851,0.204604],"pipPosition":[72.8437,269.716,-32.4016],"stabilizedTipPosition":[14.0669,207.887,113.934],"timeVisible":10.9997,"tipPosition":[69.0574,233.927,-11.6738],"tipVelocity":[13.5251,93.9295,-229.172],"tool":false,"touchDistance":0.333333,"touchZone":"none","type":3,"width":18.027},{"bases":[[[0.906509,-0.39015,-0.161321],[0.406603,0.703944,0.582354],[-0.113644,-0.593503,0.796768]],[[0.875651,-0.482094,-0.0286344],[0.3549,0.682569,-0.638863],[0.327537,0.549259,0.768787]],[[0.875651,-0.482094,-0.0286344],[-0.159694,-0.233084,-0.959255],[0.455777,0.844546,-0.281088]],[[0.875651,-0.482094,-0.0286344],[-0.368952,-0.629531,-0.683787],[0.311624,0.609324,-0.729119]]],"btipPosition":[78.3904,243.84,-8.82713],"carpPosition":[97.6146,255.834,46.3388],"dipPosition":[83.7469,254.313,-21.36],"direction":[-0.455777,-0.844546,0.281088],"extended":false,"handId":698,"id":6984,"length":50.3709,"mcpPosition":[104.186,290.154,0.265923],"pipPosition":[92.6367,270.786,-26.8426],"stabilizedTipPosition":[27.5302,217.731,108.863],"timeVisible":10.9997,"tipPosition":[79.6856,245.969,-10.5223],"tipVelocity":[15.2801,99.3908,-209.551],"tool":false,"touchDistance":0.333333,"touchZone":"none","type":4,"width":16.013}],"r":[[0.993897,-0.0649464,0.0891622],[0.00386715,0.828318,0.560245],[-0.110241,-0.556481,0.823514]],"s":0