{"sensorType":"Leap","data":[[0,{"currentFrameRate":106.241,"devices":[],"gestures":[],"hands":[{"armBasis":[[0.927271,0.133369,-0.349831],[0.0135886,0.921794,0.387441],[0.374145,-0.364017,0.85294]],"armWidth":63.5437,"confidence":0.716223,"direction":[-0.124618,0.691661,-0.71139],"elbow":[177.66,150.757,297.407],"grabStrength":0,"id":698,"palmNormal":[-0.0626924,-0.721035,-0.690057],"palmPosition":[62.4126,282.595,27.4815],"palmVelocity":[39.2265,96.8803,-154.506],"palmWidth":90.7382,"pinchStrength":1,"r":[[0.994026,-0.0430473,0.100298],[-0.0199896,0.831592,0.555027],[-0.107299,-0.553716,0.825763]],"s":0.809592,"sphereCenter":[54.5917,261.197,-16.7543],"sphereRadius":45.3355,"stabilizedPalmPosition":[40.8982,254.752,184.391],"t":[-7.20952,-52.7257,-2.75106],"timeVisible":7.69195,"type":"right","wrist":[76.9208,248.769,67.7504]}],"id":4273452,"interactionBox":{"center":[0,200,0],"size":[235.247,235.247,147.751]},"pointables":[{"bases":[[[0.430219,0.796536,0.424784],[-0.720254,0.0192117,0.693445],[0.544193,-0.604286,0.581973]],[[0.13772,0.98368,0.115792],[-0.812507,0.0453419,0.581186],[0.56645,-0.174123,0.805491]],[[0.13772,0.98368,0.115792],[-0.980918,0.119259,0.153551],[0.137236,-0.134729,0.981333]],[[0.13772,0.98368,0.115792],[-0.591625,0.175458,-0.786889],[-0.794363,0.039865,0.606134]]],"btipPosition":[34.1954,249.785,-21.0766],"carpPosition":[48.5197,237.466,66.5333],"dipPosition":[15.6559,250.715,-6.93016],"direction":[-0.137236,0.134729,-0.981333],"extended":false,"handId":698,"id":6980,"length":51.9721,"mcpPosition":[48.5197,237.466,66.5333],"pipPosition":[20.3221,246.134,26.4364],"stabilizedTipPosition":[-4.69283,250.167,150.859],"timeVisible":7.69195,"tipPosition":[29.6913,250.738,-17.1612],"tipVelocity":[33.0148,118.827,-172.011],"tool":false,"touchDistance":-0.522675,"touchZone":"hovering","type":0,"width":20.194},{"bases":[[[0.955241,0.156939,-0.250769],[0.0191122,0.813172,0.58171],[0.295211,-0.560466,0.773775]],[[0.957912,0.151785,-0.243652],[-0.0729218,0.949598,0.30487],[0.277647,-0.274271,0.9207]],[[0.957912,0.151785,-0.243652],[-0.122035,0.983581,0.132954],[0.259832,-0.0976242,0.960706]],[[0.957912,0.151785,-0.243652],[-0.154843,0.987917,0.00666946],[0.241721,0.0313391,0.96984]]],"btipPosition":[12.4416,313.929,-64.5694],"carpPosition":[56.3767,259.24,71.3262],"dipPosition":[16.5601,314.463,-48.0449],"direction":[-0.259832,0.0976242,-0.960706],"extended":true,"handId":698,"id":6981,"length":58.6448,"mcpPosition":[34.7183,300.359,14.5574],"pipPosition":[22.8229,312.109,-24.8886],"stabilizedTipPosition":[-9.7736,317.716,115.979],"timeVisible":7.69195,"tipPosition":[14.1565,314.083,-60.9148],"tipVelocity":[54.1768,141.407,-154.011],"tool":false,"touchDistance":-0.512559,"touchZone":"hovering","type":1,"width":19.2893},{"bases":[[[0.968994,-0.0611661,-0.239392],[0.186809,0.815495,0.547787],[0.161717,-0.575523,0.801636]],[[0.971633,-0.0710588,-0.225565],[-0.0742543,0.813892,-0.576252],[0.224533,0.576655,0.785528]],[[0.971633,-0.0710588,-0.225565],[-0.225361,0.0109692,-0.974214],[0.0717007,0.997412,-0.00535589]],[[0.971633,-0.0710588,-0.225565],[-0.234012,-0.426659,-0.873613],[-0.0341614,0.901617,-0.431185]]],"btipPosition":[44.402,229.999,-16.4864],"carpPosition":[67.8392,262.856,68.8131],"dipPosition":[43.7619,246.895,-24.5668],"direction":[-0.0717007,-0.997412,0.00535589],"extended":false,"handId":698,"id":6982,"length":66.821,"mcpPosition":[56.5877,302.898,13.0393],"pipPosition":[45.7951,275.179,-24.7187],"stabilizedTipPosition":[5.72323,220.113,124.973],"timeVisible":7.69195,"tipPosition":[44.4202,233.659,-17.7781],"tipVelocity":[22.3473,108.516,-153.005],"tool":false,"touchDistance":0.333333,"touchZone":"none","type":2,"width":18.9446},{"bases":[[[0.965373,-0.206493,-0.159424],[0.260621,0.790279,0.554559],[0.011477,-0.576906,0.81673]],[[0.965396,-0.207798,-0.157575],[0.067612,0.783002,-0.618334],[0.25187,0.586283,0.769957]],[[0.965396,-0.207798,-0.157575],[-0.164083,-0.0143514,-0.986342],[0.202699,0.978066,-0.0479509]],[[0.965396,-0.207798,-0.157575],[-0.235044,-0.431542,-0.870934],[0.112978,0.877833,-0.465451]]],"btipPosition":[60.0437,229.852,-9.59683],"carpPosition":[79.6876,263.313,65.7307],"dipPosition":[62.1487,246.208,-18.2692],"direction":[-0.202698,-0.978066,0.0479509],"extended":false,"handId":698,"id":6983,"length":64.2502,"mcpPosition":[78.9706,299.35,14.7123],"pipPosition":[67.7483,273.228,-19.5939],"stabilizedTipPosition":[25.7013,216.325,117.951],"timeVisible":7.69195,"tipPosition":[60.6498,233.248,-10.6305],"tipVelocity":[18.5232,107.999,-171.079],"tool":false,"touchDistance":0.333333,"touchZone":"none","type":3,"width":18.027},{"bases":[[[0.903791,-0.399595,-0.153248],[0.407583,0.694447,0.592975],[-0.130527,-0.598387,0.790504]],[[0.86847,-0.495459,-0.0167006],[0.389102,0.702141,-0.59632],[0.307178,0.511388,0.802573]],[[0.86847,-0.495459,-0.0167006],[-0.0193438,-0.000205993,-0.999813],[0.495363,0.868631,-0.00976296]],[[0.86847,-0.495459,-0.0167006],[-0.229117,-0.37128,-0.899809],[0.439618,0.785284,-0.435964]]],"btipPosition":[70.7435,242.944,-5.65796],"carpPosition":[91.2459,256.816,60.6683],"dipPosition":[78.3001,256.443,-13.1518],"direction":[-0.495363,-0.868631,0.00976296],"extended":false,"handId":698,"id":6984,"length":50.3709,"mcpPosition":[98.7936,291.417,14.9576],"pipPosition":[87.9621,273.385,-13.3422],"stabilizedTipPosition":[37.3074,223.688,128.113],"timeVisible":7.69195,"tipPosition":[72.6436,245.606,-6.53463],"tipVelocity":[25.2832,102.915,-168.526],"tool":false,"touchDistance":0.333333,"touchZone":"none","type":4,"width":16.013}],"r":[[0.994026,-0.0430473,0.100298],[-0.0199896,0.831592,0.555027],[-0.107299,-0.553716,0.825763]],"s":0.809592,"t":[-7.20952,-52.7257,-2.75106],"timestamp":523678204593},false],[1,{"currentFrameRate":106.628,"devices":[],"gestures":[],"hands":[{"armBasis":[[0.924452,0.133687,-0.357095],[0.0136943,0.924277,0.381477],[0.381053,-0.357547,0.852619]],"armWidth":63.5437,"confidence":0.721282,"direction":[-0.120965,0.693749,-0.709985],"elbow":[179.767,153.169,295.871],"grabStrength":0,"id":698,"palmNormal":[-0.0627148,-0.71915,-0.692019],"palmPosition":[62.8526,283.402,26.0786],"palmVelocity":[42.2938,95.8907,-156.459],"palmWidth":90.7382,"pinchStrength":1,"r":[[0.993675,-0.0469701,0.101998],[-0.0177934,0.830984,0.556012],[-0.110875,-0.55431,0.824892]],"s":0.809844,"sphereCenter":[54.9408,262.175,-18.1897],"sphereRadius":45.326,"stabilizedPalmPosition":[40.9305,254.794,184.159],"t":[-6.77763,-51.8493,-4.19534],"timeVisible":7.70062,"type":"right","wrist":[77.1676,249.439,66.301]}],"id":4273453,"interactionBox":{"center":[0,200,0],"size":[235.247,235.247,147.751]},"pointables":[{"bases":[[[0.431134,0.794367,0.427906],[-0.722033,0.0193337,0.691588],[0.541102,-0.60713,0.581895]],[[0.139704,0.983093,0.118371],[-0.814789,0.0462022,0.577914],[0.562673,-0.177185,0.807468]],[[0.139704,0.983093,0.118371],[-0.980885,0.121046,0.152358],[0.135453,-0.137394,0.981211]],[[0.139704,0.983093,0.118371],[-0.591227,0.178712,-0.786455],[-0.794313,0.0398867,0.606198]]],"btipPosition":[34.6641,250.773,-22.725],"carpPosition":[48.7409,238.213,64.9807],"dipPosition":[16.1257,251.704,-8.57701],"direction":[-0.135453,0.137394,-0.981211],"extended":false,"handId":698,"id":6980,"length":51.9721,"mcpPosition":[48.7409,238.213,64.9807],"pipPosition":[20.7313,247.033,24.7854],"stabilizedTipPosition":[-4.64288,250.169,150.617],"timeVisible":7.70062,"tipPosition":[30.1726,251.703,-18.803],"tipVelocity":[38.6215,117.563,-176.828],"tool":false,"touchDistance":-0.523461,"touchZone":"hovering","type":0,"width":20.194},{"bases":[[[0.9563,0.155109,-0.247855],[0.0196574,0.811668,0.583789],[0.291727,-0.563149,0.773148]],[[0.958378,0.151044,-0.242274],[-0.0714663,0.948494,0.308629],[0.276412,-0.278469,0.91981]],[[0.958378,0.151044,-0.242274],[-0.120401,0.983264,0.136733],[0.258872,-0.101872,0.960525]],[[0.958378,0.151044,-0.242274],[-0.15313,0.988152,0.010311],[0.240961,0.0272177,0.970153]]],"btipPosition":[13.0504,315.192,-65.9637],"carpPosition":[56.641,259.953,69.8488],"dipPosition":[17.156,315.655,-49.434],"direction":[-0.258872,0.101872,-0.960524],"extended":true,"handId":698,"id":6981,"length":58.6448,"mcpPosition":[35.2382,301.269,13.126],"pipPosition":[23.3957,313.2,-26.2819],"stabilizedTipPosition":[-9.64802,317.703,115.038],"timeVisible":7.70062,"tipPosition":[14.769,315.291,-62.3177],"tipVelocity":[58.3571,142.062,-155.795],"tool":false,"touchDistance":-0.510533,"touchZone":"hovering","type":1,"width":19.2893},{"bases":[[[0.969464,-0.0630582,-0.236987],[0.187448,0.813645,0.550314],[0.158122,-0.577932,0.80062]],[[0.972064,-0.0730841,-0.223049],[-0.0704663,0.815585,-0.574331],[0.22389,0.574004,0.78765]],[[0.972064,-0.0730841,-0.223049],[-0.222629,0.0139531,-0.974803],[0.0743549,0.997228,-0.00270738]],[[0.972064,-0.0730841,-0.223049],[-0.232714,-0.423997,-0.875255],[-0.030605,0.90271,-0.42916]]],"btipPosition":[44.8213,230.969,-18.0689],"carpPosition":[68.1193,263.546,67.3749],"dipPosition":[44.2477,247.886,-26.1114],"direction":[-0.0743549,-0.997228,0.00270738],"extended":false,"handId":698,"id":6982,"length":66.821,"mcpPosition":[57.118,303.756,11.6718],"pipPosition":[46.3563,276.165,-26.1882],"stabilizedTipPosition":[5.7848,220.136,124.744],"timeVisible":7.70062,"tipPosition":[44.8513,234.632,-19.3589],"tipVelocity":[29.7365,109.577,-160.6],"tool":false,"touchDistance":0.333333,"touchZone":"none","type":2,"width":18.9446},{"bases":[[[0.965259,-0.208574,-0.157393],[0.261178,0.788222,0.557218],[0.0078393,-0.578967,0.815314]],[[0.965275,-0.209961,-0.155438],[0.0713661,0.784314,-0.616245],[0.251299,0.583753,0.772063]],[[0.965275,-0.209961,-0.155438],[-0.161477,-0.0118259,-0.986806],[0.205353,0.977638,-0.0453191]],[[0.965275,-0.209961,-0.155438],[-0.23384,-0.42919,-0.872419],[0.116462,0.878472,-0.463384]]],"btipPosition":[60.4474,230.762,-11.1192],"carpPosition":[79.9769,263.981,64.3249],"dipPosition":[62.6174,247.13,-19.7531],"direction":[-0.205353,-0.977638,0.0453191],"extended":false,"handId":698,"id":6983,"length":64.2502,"mcpPosition":[79.4872,300.147,13.395],"pipPosition":[68.2903,274.137,-21.005],"stabilizedTipPosition":[25.7431,216.346,117.795],"timeVisible":7.70062,"tipPosition":[61.0626,234.163,-12.1672],"tipVelocity":[26.4428,107.261,-172.016],"tool":false,"touchDistance":0.333333,"touchZone":"none","type":3,"width":18.027},{"bases":[[[0.903167,-0.401532,-0.151861],[0.407791,0.691918,0.595781],[-0.13415,-0.600018,0.788659]],[[0.866733,-0.498569,-0.0142285],[0.394454,0.702635,-0.592208],[0.305254,0.507674,0.80566]],[[0.866733,-0.498569,-0.0142285],[-0.0149432,0.00255762,-0.999885],[0.498548,0.866846,-0.00523342]],[[0.866733,-0.498569,-0.0142285],[-0.226811,-0.368569,-0.901506],[0.444219,0.784592,-0.432532]]],"btipPosition":[71.1656,243.867,-7.19895],"carpPosition":[91.5319,257.466,59.2768],"dipPosition":[78.8014,257.354,-14.6338],"direction":[-0.498548,-0.866846,0.00523342],"extended":false,"handId":698,"id":6984,"length":50.3709,"mcpPosition":[99.289,292.162,13.6728],"pipPosition":[88.5254,274.261,-14.7359],"stabilizedTipPosition":[37.3459,223.713,127.965],"timeVisible":7.70062,"tipPosition":[73.0748,246.521,-8.07241],"tipVelocity":[32.0684,103.776,-170.571],"tool":false,"touchDistance":0.333333,"touchZone":"none","type":4,"width":16.013}],"r":[[0.993675,-0.0469701,0.101998],[-0.0177934,0.830984,0.556012],[-0.110875,-0.55431,0.824892]],"s":0.809844,"t":[-6.77763,-51.8493,-4.19534],"timestamp":523678213261},false],[2,{"currentFrameRate":106.784,"devices":[],"gestures":[],"hands":[{"armBasis":[[0.923066,0.131685,-0.361397],[0.0136539,0.92776,0.372928],[0.384399,-0.349171,0.854586]],"armWidth":63.5437,"confidence":0.724954,"direction":[-0.117115,0.693295,-0.711074],"elbow":[180.939,155.94,295.242],"grabStrength":0,"id":698,"palmNormal":[-0.0623243,-0.719721,-0.69146],"palmPosition":[63.329,283.91,24.8408],"palmVelocity":[45.1078,84.8417,-150.893],"palmWidth":90.7382,"pinchStrength":1,"r":[[0.993294,-0.0505655,0.103974],[-0.0159805,0.830615,0.556618],[-0.114508,-0.554547,0.824236]],"s":0.810374,"sphereCenter":[55.2618,262.722,-19.3679],"sphereRadius":45.3165,"stabilizedPalmPosition":[40.9753,254.852,183.84],"t":[-6.32352,-51.1571,-5.53638],"timeVisible":7.7097,"type":"right","wrist":[77.4386,249.955,65.1422]}],"id":4273454,"interactionBox":{"center":[0,200,0],"size":[235.247,235.247,147.751]},"pointables":[{"bases":[[[0.431732,0.793775,0.428402],[-0.724102,0.0217944,0.689348],[0.537851,-0.60782,0.584184]],[[0.14163,0.982898,0.117696],[-0.817187,0.0489854,0.574287],[0.5587,-0.177516,0.81015]],[[0.14163,0.982898,0.117696],[-0.9809,0.123331,0.150414],[0.133327,-0.136751,0.981592]],[[0.14163,0.982898,0.117696],[-0.589869,0.179277,-0.787347],[-0.794982,0.0420874,0.605172]]],"btipPosition":[35.1981,251.299,-24.0818],"carpPosition":[48.9892,238.795,63.7463],"dipPosition":[16.6441,252.282,-9.95783],"direction":[-0.133327,0.136751,-0.981592],"extended":false,"handId":698,"id":6980,"length":51.9721,"mcpPosition":[48.9892,238.795,63.7463],"pipPosition":[21.1774,247.632,23.4175],"stabilizedTipPosition":[-4.58087,250.171,150.318],"timeVisible":7.7097,"tipPosition":[30.7139,252.217,-20.167],"tipVelocity":[44.0993,101.43,-169.423],"tool":false,"touchDistance":-0.519883,"touchZone":"hovering","type":0,"width":20.194},{"bases":[[[0.957426,0.152548,-0.24508],[0.019822,0.812229,0.583002],[0.287997,-0.56304,0.774625]],[[0.95874,0.149959,-0.241517],[-0.0701796,0.948111,0.310097],[0.275486,-0.280352,0.919516]],[[0.95874,0.149959,-0.241517],[-0.118926,0.983212,0.138383],[0.258214,-0.10395,0.960479]],[[0.95874,0.149959,-0.241517],[-0.151586,0.988372,0.01194],[0.240499,0.0251631,0.970323]]],"btipPosition":[13.6731,315.918,-67.294],"carpPosition":[56.9267,260.522,68.616],"dipPosition":[17.7708,316.347,-50.7613],"direction":[-0.258214,0.10395,-0.960479],"extended":true,"handId":698,"id":6981,"length":58.6448,"mcpPosition":[35.7975,301.83,11.7849],"pipPosition":[23.9947,313.841,-27.6104],"stabilizedTipPosition":[-9.4853,317.692,113.84],"timeVisible":7.7097,"tipPosition":[15.4025,315.939,-63.6635],"tipVelocity":[61.1324,124.656,-153.209],"tool":false,"touchDistance":-0.507757,"touchZone":"hovering","type":1,"width":19.2893},{"bases":[[[0.970032,-0.0656382,-0.233945],[0.187719,0.813767,0.550041],[0.154273,-0.577473,0.801701]],[[0.972578,-0.0757131,-0.219908],[-0.0666413,0.815162,-0.575387],[0.222825,0.574264,0.787763]],[[0.972578,-0.0757131,-0.219908],[-0.219528,0.0134121,-0.975514],[0.0768087,0.997039,-0.00357681]],[[0.972578,-0.0757131,-0.219908],[-0.230998,-0.424444,-0.875492],[-0.0270524,0.902283,-0.430294]]],"btipPosition":[45.3059,231.477,-19.3049],"carpPosition":[68.4211,264.085,66.1737],"dipPosition":[44.7989,248.386,-27.3686],"direction":[-0.0768087,-0.997039,0.00357681],"extended":false,"handId":698,"id":6982,"length":66.821,"mcpPosition":[57.6876,304.262,10.3954],"pipPosition":[46.977,276.659,-27.47],"stabilizedTipPosition":[5.86048,220.165,124.463],"timeVisible":7.7097,"tipPosition":[45.348,235.139,-20.6042],"tipVelocity":[36.743,94.6707,-153.982],"tool":false,"touchDistance":0.333333,"touchZone":"none","type":2,"width":18.9446},{"bases":[[[0.965232,-0.21106,-0.154212],[0.261366,0.788175,0.557197],[0.00394423,-0.57813,0.815935]],[[0.965239,-0.212595,-0.152043],[0.0753829,0.783438,-0.616881],[0.250263,0.583976,0.772231]],[[0.965239,-0.212595,-0.152043],[-0.158351,-0.0128595,-0.987299],[0.20794,0.977056,-0.0460771]],[[0.965239,-0.212595,-0.152043],[-0.232141,-0.430015,-0.872466],[0.120101,0.877434,-0.464419]]],"btipPosition":[60.9098,231.242,-12.2905],"carpPosition":[80.2891,264.488,63.1596],"dipPosition":[63.1476,247.59,-20.9437],"direction":[-0.20794,-0.977056,0.0460771],"extended":false,"handId":698,"id":6983,"length":64.2502,"mcpPosition":[80.0427,300.602,12.1909],"pipPosition":[68.892,274.582,-22.2166],"stabilizedTipPosition":[25.7941,216.373,117.606],"timeVisible":7.7097,"tipPosition":[61.535,234.645,-13.3668],"tipVelocity":[33.6904,92.0818,-160.256],"tool":false,"touchDistance":0.333333,"touchZone":"none","type":3,"width":18.027},{"bases":[[[0.902658,-0.403862,-0.148671],[0.407628,0.691559,0.596311],[-0.138012,-0.598867,0.788867]],[[0.865098,-0.501507,-0.0097539],[0.399643,0.700873,-0.590815],[0.303135,0.507215,0.806748]],[[0.865098,-0.501507,-0.0097539],[-0.0104566,0.00141041,-0.999944],[0.501493,0.865152,-0.00402393]],[[0.865098,-0.501507,-0.0097539],[-0.22426,-0.369307,-0.901842],[0.448678,0.78237,-0.431955]]],"btipPosition":[71.6415,244.362,-8.40583],"carpPosition":[91.8437,257.94,58.1538],"dipPosition":[79.3539,257.81,-15.8307],"direction":[-0.501493,-0.865152,0.00402393],"extended":false,"handId":698,"id":6984,"length":50.3709,"mcpPosition":[99.8242,292.57,12.5378],"pipPosition":[89.1353,274.685,-15.9092],"stabilizedTipPosition":[37.3931,223.744,127.785],"timeVisible":7.7097,"tipPosition":[73.5611,247.008,-9.29062],"tipVelocity":[38.2333,89.8741,-160.089],"tool":false,"touchDistance":0.333333,"touchZone":"none","type":4,"width":16.013}],"r":[[0.993294,-0.0505655,0.103974],[-0.0159805,0.830615,0.556618],[-0.114508,-0.554547,0.824236]],"s":0.810374,"t":[-6.32352,-51.1571,-5.53638],"timestamp":523678222340},false],[3,{"currentFrameRate":106.827,"devices":[],"gestures":[],"hands":[{"armBasis":[[0.922673,0.131014,-0.362643],[0.01271,0.929659,0.368201],[0.385374,-0.344338,0.856106]],"armWidth":63.5437,"confidence":0.727327,"direction":[-0.114898,0.692172,-0.712528],"elbow":[181.543,157.646,294.861],"grabStrength":0,"id":698,"palmNormal":[-0.0608928,-0.720837,-0.690425],"palmPosition":[63.7932,284.255,23.9572],"palmVelocity":[46.4895,71.4108,-135.19],"palmWidth":90.7382,"pinchStrength":1,"r":[[0.992916,-0.0535099,0.106087],[-0.014736,0.830501,0.556822],[-0.117901,-0.55444,0.82383]],"s":0.811391,"sphereCenter":[55.5207,263.089,-20.1425],"sphereRadius":45.2998,"stabilizedPalmPosition":[41.0319,254.925,183.443],"t":[-5.86435,-50.6384,-6.6487],"timeVisible":7.71898,"type":"right","wrist":[77.7799,250.36,64.3517]}],"id":4273455,"interactionBox":{"center":[0,200,0],"size":[235.247,235.247,147.751]},"pointables":[{"bases":[[[0.431025,0.794264,0.428209],[-0.725888,0.0233135,0.687418],[0.536008,-0.607126,0.586595]],[[0.142005,0.982973,0.116615],[-0.819044,0.0505231,0.571501],[0.555878,-0.176669,0.812273]],[[0.142005,0.982973,0.116615],[-0.981094,0.124118,0.14849],[0.131488,-0.135497,0.982014]],[[0.142005,0.982973,0.116615],[-0.588008,0.178539,-0.788904],[-0.796292,0.0434578,0.60335]]],"btipPosition":[35.7709,251.6,-25.0056],"carpPosition":[49.3284,239.213,62.9],"dipPosition":[17.1864,252.614,-10.9242],"direction":[-0.131488,0.135497,-0.982014],"extended":false,"handId":698,"id":6980,"length":51.9721,"mcpPosition":[49.3284,239.213,62.9],"pipPosition":[21.6571,248.007,22.4655],"stabilizedTipPosition":[-4.50944,250.174,149.977],"timeVisible":7.71898,"tipPosition":[31.2842,252.5,-21.1108],"tipVelocity":[48.8483,82.1917,-150.016],"tool":false,"touchDistance":-0.510232,"touchZone":"hovering","type":0,"width":20.194},{"bases":[[[0.958142,0.151647,-0.242832],[0.0187219,0.813186,0.581702],[0.285681,-0.5619,0.776309]],[[0.958664,0.150617,-0.241408],[-0.0704373,0.947626,0.311517],[0.275684,-0.281636,0.919065]],[[0.958664,0.150617,-0.241408],[-0.11907,0.982909,0.140401],[0.258428,-0.105853,0.960214]],[[0.958664,0.150617,-0.241408],[-0.151697,0.988325,0.0142161],[0.24073,0.0229922,0.97032]]],"btipPosition":[14.1633,316.394,-68.2534],"carpPosition":[57.2645,260.944,67.7543],"dipPosition":[18.2649,316.786,-51.7208],"direction":[-0.258428,0.105853,-0.960214],"extended":true,"handId":698,"id":6981,"length":58.6448,"mcpPosition":[36.3052,302.168,10.7997],"pipPosition":[24.494,314.234,-28.5763],"stabilizedTipPosition":[-9.29546,317.682,112.464],"timeVisible":7.71898,"tipPosition":[15.9045,316.322,-64.6406],"tipVelocity":[58.8125,103.701,-139.156],"tool":false,"touchDistance":-0.499706,"touchZone":"hovering","type":1,"width":19.2893},{"bases":[[[0.970605,-0.066527,-0.231301],[0.186705,0.814583,0.549177],[0.151879,-0.576219,0.803059]],[[0.973289,-0.077349,-0.216162],[-0.0646633,0.811062,-0.581375],[0.220289,0.579824,0.784396]],[[0.973289,-0.077349,-0.216162],[-0.216448,0.0047575,-0.976282],[0.0765429,0.996993,-0.0121116]],[[0.973289,-0.077349,-0.216162],[-0.228126,-0.431774,-0.872657],[-0.0258339,0.898659,-0.437887]]],"btipPosition":[45.925,231.603,-19.6908],"carpPosition":[68.7671,264.496,65.3361],"dipPosition":[45.4409,248.444,-27.8968],"direction":[-0.0765428,-0.996993,0.0121116],"extended":false,"handId":698,"id":6982,"length":66.821,"mcpPosition":[58.2001,304.587,9.46329],"pipPosition":[47.6115,276.716,-28.2403],"stabilizedTipPosition":[5.95047,220.2,124.134],"timeVisible":7.71898,"tipPosition":[45.931,235.338,-21.2288],"tipVelocity":[45.3458,71.3409,-123.291],"tool":false,"touchDistance":0.333333,"touchZone":"none","type":2,"width":18.9446},{"bases":[[[0.965521,-0.211813,-0.15134],[0.26032,0.788965,0.556568],[0.00151326,-0.576775,0.816902]],[[0.965522,-0.213499,-0.148951],[0.0777592,0.782584,-0.61767],[0.248438,0.584791,0.772203]],[[0.965522,-0.213499,-0.148951],[-0.155573,-0.0144596,-0.987719],[0.208723,0.976836,-0.0471757]],[[0.965522,-0.213499,-0.148951],[-0.230006,-0.43165,-0.872224],[0.121924,0.876411,-0.465873]]],"btipPosition":[61.4414,231.546,-13.0994],"carpPosition":[80.6431,264.888,62.3524],"dipPosition":[63.7131,247.876,-21.7797],"direction":[-0.208723,-0.976836,0.0471757],"extended":false,"handId":698,"id":6983,"length":64.2502,"mcpPosition":[80.5486,300.917,11.3233],"pipPosition":[69.4791,274.861,-23.083],"stabilizedTipPosition":[25.8532,216.404,117.39],"timeVisible":7.71898,"tipPosition":[62.0703,234.946,-14.1964],"tipVelocity":[40.5722,75.2367,-139.837],"tool":false,"touchDistance":0.333333,"touchZone":"none","type":3,"width":18.027},{"bases":[[[0.902833,-0.404574,-0.145642],[0.406429,0.692339,0.596224],[-0.140383,-0.597484,0.789497]],[[0.864395,-0.502785,-0.00539707],[0.403219,0.699552,-0.58995],[0.300393,0.507774,0.807422]],[[0.864395,-0.502785,-0.00539707],[-0.0063985,-0.000266263,-0.999979],[0.502773,0.864412,-0.00344722]],[[0.864395,-0.502785,-0.00539707],[-0.221388,-0.370932,-0.901885],[0.451452,0.78078,-0.431942]]],"btipPosition":[72.1662,244.69,-9.24366],"carpPosition":[92.2074,258.326,57.3876],"dipPosition":[79.9263,258.111,-16.6684],"direction":[-0.502773,-0.864412,0.00344722],"extended":false,"handId":698,"id":6984,"length":50.3709,"mcpPosition":[100.325,292.876,11.7352],"pipPosition":[89.7327,274.971,-16.7356],"stabilizedTipPosition":[37.4482,223.78,127.576],"timeVisible":7.71898,"tipPosition":[74.0906,247.331,-10.1398],"tipVelocity":[43.7231,74.3119,-140.403],"tool":false,"touchDistance":0.333333,"touchZone":"none","type":4,"width":16.013}],"r":[[0.992916,-0.0535099,0.106087],[-0.014736,0.830501,0.556822],[-0.117901,-0.55444,0.82383]],"s":0.811391,"t":[-5.86435,-50.6384,-6.6487],"timestamp":523678231623},false],[4,{"currentFrameRate":107.141,"devices":[],"gestures":[],"hands":[{"armBasis":[[0.919498,0.132519,-0.370084],[0.0126316,0.931016,0.36476],[0.392891,-0.340071,0.854393]],"armWidth":63.5437,"confidence":0.729306,"direction":[-0.113194,0.691423,-0.713527],"elbow":[183.806,159.486,293.079],"grabStrength":0,"id":698,"palmNormal":[-0.0604612,-0.721605,-0.68966],"palmPosition":[64.1243,284.911,22.5745],"palmVelocity":[44.1574,72.3316,-141.273],"palmWidth":90.7382,"pinchStrength":1,"r":[[0.992561,-0.0560133,0.108095],[-0.0137667,0.830543,0.556784],[-0.120965,-0.554131,0.823594]],"s":0.812747,"sphereCenter":[55.554,263.799,-21.4222],"sphereRadius":45.2931,"stabilizedPalmPosition":[41.0933,255.005,183.015],"t":[-5.46922,-50.0512,-7.89621],"timeVisible":7.72774,"type":"right","wrist":[78.0191,251.051,63.0307]}],"id":4273456,"interactionBox":{"center":[0,200,0],"size":[235.247,235.247,147.751]},"pointables":[{"bases":[[[0.43106,0.794396,0.427927],[-0.726925,0.0247666,0.68627],[0.534572,-0.606895,0.588142]],[[0.142873,0.982936,0.115864],[-0.820258,0.0520834,0.569618],[0.553863,-0.176422,0.813702]],[[0.142873,0.982936,0.115864],[-0.981082,0.125198,0.147663],[0.130637,-0.134769,0.982228]],[[0.142873,0.982936,0.115864],[-0.587032,0.178409,-0.78966],[-0.796857,0.0448054,0.602505]]],"btipPosition":[36.145,252.246,-26.4158],"carpPosition":[49.5601,239.927,61.5485],"dipPosition":[17.5473,253.292,-12.354],"direction":[-0.130637,0.134769,-0.982228],"extended":false,"handId":698,"id":6980,"length":51.9721,"mcpPosition":[49.5601,239.927,61.5485],"pipPosition":[21.9891,248.709,21.0429],"stabilizedTipPosition":[-4.43754,250.179,149.635],"timeVisible":7.72774,"tipPosition":[31.661,253.128,-22.5345],"tipVelocity":[47.1082,80.1517,-153.101],"tool":false,"touchDistance":-0.508763,"touchZone":"hovering","type":0,"width":20.194},{"bases":[[[0.958647,0.15052,-0.241535],[0.0185386,0.813862,0.580763],[0.283993,-0.561224,0.777416]],[[0.958338,0.15113,-0.24238],[-0.0698337,0.946776,0.314226],[0.276968,-0.284208,0.917886]],[[0.958338,0.15113,-0.24238],[-0.118507,0.982453,0.144024],[0.259893,-0.1093,0.959432]],[[0.958338,0.15113,-0.24238],[-0.151238,0.988328,0.0182734],[0.242313,0.0191449,0.970009]]],"btipPosition":[14.413,317.317,-69.6251],"carpPosition":[57.5077,261.657,66.3892],"dipPosition":[18.5416,317.643,-53.0978],"direction":[-0.259893,0.1093,-0.959432],"extended":true,"handId":698,"id":6981,"length":58.6448,"mcpPosition":[36.6723,302.832,9.35335],"pipPosition":[24.806,315.008,-29.9721],"stabilizedTipPosition":[-9.10386,317.68,111.079],"timeVisible":7.72774,"tipPosition":[16.1707,317.129,-66.0343],"tipVelocity":[50.8728,103.681,-143.875],"tool":false,"touchDistance":-0.498662,"touchZone":"hovering","type":1,"width":19.2893},{"bases":[[[0.970901,-0.0676508,-0.229726],[0.186573,0.815073,0.548494],[0.150138,-0.575395,0.803977]],[[0.973676,-0.0789958,-0.213811],[-0.0625767,0.809343,-0.583993],[0.21918,0.581999,0.783095]],[[0.973676,-0.0789958,-0.213811],[-0.214376,0.00135513,-0.97675],[0.0774489,0.996874,-0.0156154]],[[0.973676,-0.0789958,-0.213811],[-0.226662,-0.43467,-0.8716],[-0.0240845,0.897119,-0.441133]]],"btipPosition":[46.2911,232.174,-20.8836],"carpPosition":[69.0172,265.197,63.9845],"dipPosition":[45.8398,248.986,-29.1504],"direction":[-0.0774489,-0.996874,0.0156154],"extended":false,"handId":698,"id":6982,"length":66.821,"mcpPosition":[58.5713,305.23,8.04781],"pipPosition":[48.036,277.255,-29.5932],"stabilizedTipPosition":[6.04274,220.236,123.798],"timeVisible":7.72774,"tipPosition":[46.2904,235.932,-22.5108],"tipVelocity":[44.6234,69.4812,-127.176],"tool":false,"touchDistance":0.333333,"touchZone":"none","type":2,"width":18.9446},{"bases":[[[0.965567,-0.212837,-0.1496],[0.260154,0.789399,0.556029],[-0.000249528,-0.575803,0.817589]],[[0.965561,-0.214693,-0.146963],[0.0796495,0.781662,-0.618596],[0.247684,0.585587,0.771843]],[[0.965561,-0.214693,-0.146963],[-0.153946,-0.0160783,-0.987948],[0.209743,0.976549,-0.0485756]],[[0.965561,-0.214693,-0.146963],[-0.228995,-0.433151,-0.871746],[0.123501,0.875378,-0.467397]]],"btipPosition":[61.7826,232.164,-14.393],"carpPosition":[80.8981,265.575,61.0186],"dipPosition":[64.0837,248.474,-23.1017],"direction":[-0.209743,-0.976549,0.0485756],"extended":false,"handId":698,"id":6983,"length":64.2502,"mcpPosition":[80.9136,301.543,9.9466],"pipPosition":[69.8779,275.452,-24.4436],"stabilizedTipPosition":[25.9133,216.436,117.169],"timeVisible":7.72774,"tipPosition":[62.4143,235.568,-15.5271],"tipVelocity":[40.3444,73.832,-142.143],"tool":false,"touchDistance":0.333333,"touchZone":"none","type":3,"width":18.027},{"bases":[[[0.902702,-0.405536,-0.14377],[0.406117,0.692693,0.596025],[-0.142122,-0.59642,0.78999]],[[0.86333,-0.504637,-0.00176846],[0.407151,0.698613,-0.58836],[0.298144,0.507228,0.808597]],[[0.86333,-0.504637,-0.00176846],[-0.0026915,-0.00110019,-0.999996],[0.504633,0.863331,-0.00230806]],[[0.86333,-0.504637,-0.00176846],[-0.219268,-0.371961,-0.901979],[0.454515,0.779093,-0.431776]]],"btipPosition":[72.514,245.368,-10.6469],"carpPosition":[92.4642,258.997,56.0795],"dipPosition":[80.3267,258.76,-18.0687],"direction":[-0.504633,-0.863331,0.00230806],"extended":false,"handId":698,"id":6984,"length":50.3709,"mcpPosition":[100.682,293.485,10.3985],"pipPosition":[90.1694,275.599,-18.1137],"stabilizedTipPosition":[37.5046,223.818,127.361],"timeVisible":7.72774,"tipPosition":[74.4414,247.998,-11.5479],"tipVelocity":[43.0161,74.9488,-145.696],"tool":false,"touchDistance":0.333333,"touchZone":"none","type":4,"width":16.013}],"r":[[0.992561,-0.0560133,0.108095],[-0.0137667,0.830543,0.556784],[-0.120965,-0.554131,0.823594]],"s":0.812747,"t":[-5.46922,-50.0512,-7.89621],"timestamp":523678240382},false],[5,{"currentFrameRate":107.282,"devices":[],"gestures":[],"hands":[{"armBasis":[[0.921174,0.130095,-0.366762],[0.0127617,0.93186,0.362594],[0.388942,-0.338693,0.856745]],"armWidth":63.5437,"confidence":0.732664,"direction":[-0.111283,0.689137,-0.716035],"elbow":[183.011,160.561,292.32],"grabStrength":0,"id":698,"palmNormal":[-0.0596794,-0.723845,-0.687377],"palmPosition":[64.4971,285.491,21.0441],"palmVelocity":[43.32,70.0159,-148.881],"palmWidth":90.7382,"pinchStrength":1,"r":[[0.992219,-0.0580944,0.110123],[-0.0130787,0.830946,0.556199],[-0.123818,-0.553311,0.823721]],"s":0.814495,"sphereCenter":[55.6137,264.36,-22.8052],"sphereRadius":45.2964,"stabilizedPalmPosition":[41.1622,255.094,182.539],"t":[-5.08523,-49.4678,-9.28517],"timeVisible":7.73681,"type":"right","wrist":[78.2877,251.755,61.6393]}],"id":4273457,"interactionBox":{"center":[0,200,0],"size":[235.247,235.247,147.751]},"pointables":[{"bases":[[[0.43084,0.795484,0.426124],[-0.728232,0.0275971,0.684774],[0.532968,-0.605345,0.591187]],[[0.143734,0.983117,0.113235],[-0.821741,0.0548081,0.56722],[0.551437,-0.174579,0.815745]],[[0.143734,0.983117,0.113235],[-0.98107,0.126552,0.14658],[0.129775,-0.13216,0.982696]],[[0.143734,0.983117,0.113235],[-0.586541,0.17679,-0.790389],[-0.797063,0.0471885,0.602049]]],"btipPosition":[36.5629,252.73,-27.9325],"carpPosition":[49.8231,240.648,60.1389],"dipPosition":[17.9603,253.832,-13.8813],"direction":[-0.129775,0.13216,-0.982696],"extended":false,"handId":698,"id":6980,"length":51.9721,"mcpPosition":[49.8231,240.648,60.1389],"pipPosition":[22.3729,249.338,19.5316],"stabilizedTipPosition":[-4.36277,250.185,149.28],"timeVisible":7.73681,"tipPosition":[32.0919,253.588,-24.0648],"tipVelocity":[46.7943,73.1587,-157.095],"tool":false,"touchDistance":-0.509006,"touchZone":"hovering","type":0,"width":20.194},{"bases":[[[0.959228,0.148989,-0.240175],[0.0180384,0.815771,0.578094],[0.282058,-0.558856,0.779823]],[[0.958056,0.151293,-0.24339],[-0.0691513,0.946239,0.31599],[0.278113,-0.285905,0.917012]],[[0.958056,0.151293,-0.24339],[-0.117663,0.982068,0.147303],[0.261312,-0.112487,0.958678]],[[0.958056,0.151293,-0.24339],[-0.150392,0.988373,0.0223917],[0.243948,0.0151516,0.96967]]],"btipPosition":[14.7142,318.091,-71.2067],"carpPosition":[57.778,262.387,64.9228],"dipPosition":[18.8707,318.349,-54.6851],"direction":[-0.261312,0.112487,-0.958678],"extended":true,"handId":698,"id":6981,"length":58.6448,"mcpPosition":[37.0845,303.388,7.71038],"pipPosition":[25.1692,315.638,-31.5776],"stabilizedTipPosition":[-8.90485,317.684,109.645],"timeVisible":7.73681,"tipPosition":[16.4821,317.758,-67.6389],"tipVelocity":[46.19,98.1515,-152.364],"tool":false,"touchDistance":-0.500873,"touchZone":"hovering","type":1,"width":19.2893},{"bases":[[[0.971292,-0.0691509,-0.227619],[0.186136,0.816748,0.546147],[0.14814,-0.572836,0.806172]],[[0.97409,-0.0807231,-0.211266],[-0.0604844,0.807126,-0.587273],[0.217925,0.584835,0.78133]],[[0.97409,-0.0807231,-0.211266],[-0.212157,-0.0025284,-0.977232],[0.078351,0.996733,-0.0195889]],[[0.97409,-0.0807231,-0.211266],[-0.22506,-0.438118,-0.870288],[-0.0223072,0.895286,-0.444934]]],"btipPosition":[46.7091,232.611,-22.2233],"carpPosition":[69.2947,265.91,62.5287],"dipPosition":[46.291,249.389,-30.5614],"direction":[-0.0783511,-0.996733,0.0195889],"extended":false,"handId":698,"id":6982,"length":66.821,"mcpPosition":[58.9879,305.765,6.43933],"pipPosition":[48.5129,277.654,-31.1169],"stabilizedTipPosition":[6.13949,220.275,123.445],"timeVisible":7.73681,"tipPosition":[46.7108,236.371,-23.8936],"tipVelocity":[45.2658,63.3823,-133.367],"tool":false,"touchDistance":0.333333,"touchZone":"none","type":2,"width":18.9446},{"bases":[[[0.965692,-0.214067,-0.147022],[0.259682,0.791043,0.55391],[-0.00227312,-0.573085,0.819493]],[[0.965678,-0.216064,-0.144163],[0.0817776,0.779701,-0.620789],[0.246534,0.587693,0.770609]],[[0.965678,-0.216064,-0.144163],[-0.15183,-0.01923,-0.988219],[0.210747,0.97619,-0.051375]],[[0.965678,-0.216064,-0.144163],[-0.227543,-0.436045,-0.870683],[0.125262,0.873602,-0.470243]]],"btipPosition":[62.1832,232.638,-15.7606],"carpPosition":[81.1817,266.269,59.5846],"dipPosition":[64.5172,248.915,-24.5223],"direction":[-0.210747,-0.97619,0.051375],"extended":false,"handId":698,"id":6983,"length":64.2502,"mcpPosition":[81.3236,302.068,8.39363],"pipPosition":[70.3391,275.883,-25.9416],"stabilizedTipPosition":[25.9769,216.471,116.936],"timeVisible":7.73681,"tipPosition":[62.8198,236.038,-16.9181],"tipVelocity":[41.6385,67.6515,-144.921],"tool":false,"touchDistance":0.333333,"touchZone":"none","type":3,"width":18.027},{"bases":[[[0.902667,-0.406697,-0.140674],[0.405493,0.694359,0.594509],[-0.144107,-0.593686,0.791688]],[[0.862447,-0.506139,0.00290235],[0.410565,0.696215,-0.588831],[0.296009,0.509027,0.808251]],[[0.862447,-0.506139,0.00290235],[0.000758726,-0.00444139,-0.99999],[0.506147,0.862441,-0.00344644]],[[0.862447,-0.506139,0.00290235],[-0.217069,-0.375047,-0.901233],[0.457238,0.776636,-0.433325]]],"btipPosition":[72.9159,245.876,-12.0737],"carpPosition":[92.7523,259.666,54.6897],"dipPosition":[80.7754,259.226,-19.5222],"direction":[-0.506147,-0.862441,0.00344644],"extended":false,"handId":698,"id":6984,"length":50.3709,"mcpPosition":[101.085,293.996,8.91059],"pipPosition":[90.6476,276.047,-19.5894],"stabilizedTipPosition":[37.5648,223.859,127.133],"timeVisible":7.73681,"tipPosition":[74.8482,248.499,-12.9918],"tipVelocity":[43.7055,69.4177,-149.113],"tool":false,"touchDistance":0.333333,"touchZone":"none","type":4,"width":16.013}],"r":[[0.992219,-0.0580944,0.110123],[-0.0130787,0.830946,0.556199],[-0.123818,-0.553311,0.823721]],"s":0.814495,"t":[-5.08523,-49.4678,-9.28517],"timestamp":523678249448},false],[6,{"currentFrameRate":107.445,"devices":[],"gestures":[],"hands":[{"armBasis":[[0.921606,0.12943,-0.36591],[0.0127405,0.932164,0.361813],[0.387918,-0.338111,0.857438]],"armWidth":63.5437,"confidence":0.73286,"direction":[-0.110798,0.686555,-0.718587],"elbow":[182.978,161.338,291.526],"grabStrength":0,"id":698,"palmNormal":[-0.0590833,-0.72631,-0.684824],"palmPosition":[64.7678,285.964,19.9317],"palmVelocity":[39.6715,65.2005,-141.897],"palmWidth":90.7382,"pinchStrength":1,"r":[[0.991923,-0.0596595,0.11194],[-0.0126267,0.831665,0.555134],[-0.126215,-0.552063,0.824194]],"s":0.816437,"sphereCenter":[55.6093,264.779,-23.7689],"sphereRadius":45.3009,"stabilizedPalmPosition":[41.2336,255.188,182.047],"t":[-4.75789,-48.9396,-10.5359],"timeVisible":7.74582,"type":"right","wrist":[78.5304,252.375,60.6581]}],"id":4273458,"interactionBox":{"center":[0,200,0],"size":[235.247,235.247,147.751]},"pointables":[{"bases":[[[0.430438,0.797048,0.4236],[-0.728761,0.0299813,0.684112],[0.53257,-0.603171,0.593763]],[[0.144011,0.983408,0.110312],[-0.822793,0.0570599,0.56547],[0.549793,-0.172198,0.817359]],[[0.144011,0.983408,0.110312],[-0.98099,0.127219,0.146542],[0.130077,-0.129319,0.983034]],[[0.144011,0.983408,0.110312],[-0.588137,0.174707,-0.789666],[-0.795836,0.048842,0.603539]]],"btipPosition":[36.8507,253.089,-29.0223],"carpPosition":[50.068,241.26,59.1756],"dipPosition":[18.2768,254.229,-14.9364],"direction":[-0.130077,0.129319,-0.983034],"extended":false,"handId":698,"id":6980,"length":51.9721,"mcpPosition":[50.068,241.26,59.1756],"pipPosition":[22.6996,249.832,18.488],"stabilizedTipPosition":[-4.29084,250.191,148.939],"timeVisible":7.74582,"tipPosition":[32.3991,253.908,-25.1513],"tipVelocity":[42.9134,64.2519,-146.92],"tool":false,"touchDistance":-0.502667,"touchZone":"hovering","type":0,"width":20.194},{"bases":[[[0.959398,0.14822,-0.239971],[0.0175176,0.81784,0.575179],[0.281511,-0.55603,0.782037]],[[0.957519,0.151887,-0.245129],[-0.0689345,0.945961,0.316868],[0.28001,-0.28651,0.916246]],[[0.957519,0.151887,-0.245129],[-0.117374,0.981723,0.149813],[0.263403,-0.114677,0.957846]],[[0.957519,0.151887,-0.245129],[-0.150144,0.988325,0.0258973],[0.2462,0.0120074,0.969145]]],"btipPosition":[14.8234,318.645,-72.3424],"carpPosition":[58.0171,263.017,63.8877],"dipPosition":[19.0182,318.85,-55.8298],"direction":[-0.263403,0.114677,-0.957846],"extended":true,"handId":698,"id":6981,"length":58.6448,"mcpPosition":[37.3638,303.811,6.51278],"pipPosition":[25.3672,316.086,-32.7424],"stabilizedTipPosition":[-8.71682,317.692,108.288],"timeVisible":7.74582,"tipPosition":[16.5935,318.199,-68.7919],"tipVelocity":[37.0953,87.7196,-145.196],"tool":false,"touchDistance":-0.496186,"touchZone":"hovering","type":1,"width":19.2893},{"bases":[[[0.971473,-0.0698726,-0.226623],[0.185639,0.818718,0.543359],[0.147575,-0.569929,0.808334]],[[0.974327,-0.0816886,-0.209794],[-0.0597668,0.804567,-0.590847],[0.217059,0.588217,0.779029]],[[0.974327,-0.0816886,-0.209794],[-0.211062,-0.00711618,-0.977447],[0.0783533,0.996632,-0.0241749]],[[0.974327,-0.0816886,-0.209794],[-0.224076,-0.442199,-0.868476],[-0.0218262,0.893189,-0.449151]]],"btipPosition":[47.0217,232.911,-23.0929],"carpPosition":[69.5354,266.533,61.4898],"dipPosition":[46.6126,249.649,-31.51],"direction":[-0.0783533,-0.996633,0.0241749],"extended":false,"handId":698,"id":6982,"length":66.821,"mcpPosition":[59.2679,306.185,5.25005],"pipPosition":[48.8345,277.911,-32.1955],"stabilizedTipPosition":[6.23373,220.313,123.102],"timeVisible":7.74582,"tipPosition":[47.0196,236.674,-24.8139],"tipVelocity":[42.4228,54.8233,-123.793],"tool":false,"touchDistance":0.333333,"touchZone":"none","type":2,"width":18.9446},{"bases":[[[0.965824,-0.214499,-0.145512],[0.259182,0.793048,0.55127],[-0.00284914,-0.570144,0.82154]],[[0.965808,-0.21657,-0.142525],[0.0823991,0.777646,-0.623279],[0.245817,0.590224,0.768902]],[[0.965808,-0.21657,-0.142525],[-0.150937,-0.0227212,-0.988282],[0.210794,0.976003,-0.0546326]],[[0.965808,-0.21657,-0.142525],[-0.226781,-0.43929,-0.86925],[0.125643,0.87185,-0.473383]]],"btipPosition":[62.4856,232.992,-16.6949],"carpPosition":[81.4245,266.882,58.5536],"dipPosition":[64.8266,249.237,-25.5152],"direction":[-0.210794,-0.976003,0.0546326],"extended":false,"handId":698,"id":6983,"length":64.2502,"mcpPosition":[81.6025,302.497,7.23475],"pipPosition":[70.6499,276.199,-27.0244],"stabilizedTipPosition":[26.0398,216.505,116.705],"timeVisible":7.74582,"tipPosition":[63.1218,236.389,-17.8763],"tipVelocity":[39.4685,59.6341,-134.002],"tool":false,"touchDistance":0.333333,"touchZone":"none","type":3,"width":18.027},{"bases":[[[0.902813,-0.407112,-0.138522],[0.404971,0.696524,0.592328],[-0.14466,-0.590859,0.7937]],[[0.862123,-0.506659,0.00635666],[0.412214,0.694011,-0.590278],[0.294658,0.511513,0.807175]],[[0.862123,-0.506659,0.00635666],[0.00249575,-0.00829903,-0.999962],[0.506693,0.862107,-0.0058903]],[[0.862123,-0.506659,0.00635666],[-0.215975,-0.378791,-0.899929],[0.458365,0.774477,-0.435991]]],"btipPosition":[73.2127,246.265,-13.0571],"carpPosition":[92.9996,260.263,53.6913],"dipPosition":[81.0916,259.577,-20.5514],"direction":[-0.506693,-0.862107,0.0058903],"extended":false,"handId":698,"id":6984,"length":50.3709,"mcpPosition":[101.364,294.429,7.79582],"pipPosition":[90.9744,276.393,-20.6662],"stabilizedTipPosition":[37.6246,223.899,126.907],"timeVisible":7.74582,"tipPosition":[75.1457,248.883,-13.9983],"tipVelocity":[40.8843,61.9422,-138.447],"tool":false,"touchDistance":0.333333,"touchZone":"none","type":4,"width":16.013}],"r":[[0.991923,-0.0596595,0.11194],[-0.0126267,0.831665,0.555134],[-0.126215,-0.552063,0.824194]],"s":0.816437,"t":[-4.75789,-48.9396,-10.5359],"times