{"sensorType":"Leap","data":[[0,{"currentFrameRate":104.962,"devices":[],"gestures":[],"hands":[{"armBasis":[[0.915675,0.213946,-0.340245],[-0.035172,0.885956,0.462434],[0.400378,-0.411472,0.818772]],"armWidth":63.5437,"confidence":0.670365,"direction":[-0.22943,0.655446,-0.71955],"elbow":[183.08,147.035,283.932],"grabStrength":0,"id":698,"palmNormal":[-0.0243795,-0.742908,-0.668949],"palmPosition":[55.4202,288.887,23.2626],"palmVelocity":[4.26919,143.328,-163.481],"palmWidth":90.7382,"pinchStrength":0.824514,"r":[[0.997036,0.0104726,0.0762255],[-0.0462311,0.873457,0.484702],[-0.0615036,-0.48679,0.871351]],"s":0.914618,"sphereCenter":[45.3681,268.481,-18.1371],"sphereRadius":45.3098,"stabilizedPalmPosition":[33.9486,249.088,145.103],"t":[-13.7544,-46.7234,-7.09751],"timeVisible":32.6559,"type":"right","wrist":[75.2767,257.825,63.4755]}],"id":4276143,"interactionBox":{"center":[0,200,0],"size":[235.247,235.247,147.751]},"pointables":[{"bases":[[[0.368577,0.847076,0.382902],[-0.682639,-0.0329579,0.730012],[0.630995,-0.530449,0.5661]],[[0.128967,0.977868,0.164746],[-0.778734,-0.00298774,0.627347],[0.613955,-0.209201,0.761114]],[[0.128967,0.977868,0.164746],[-0.972221,0.0919594,0.215244],[0.195331,-0.187929,0.962564]],[[0.128967,0.977868,0.164746],[-0.736568,0.205696,-0.644327],[-0.663954,-0.0382495,0.746794]]],"btipPosition":[26.427,261.419,-24.0193],"carpPosition":[48.1349,243.722,64.0262],"dipPosition":[10.9311,260.526,-6.58999],"direction":[-0.195331,0.187929,-0.962564],"extended":false,"handId":698,"id":6980,"length":51.9721,"mcpPosition":[48.1349,243.722,64.0262],"pipPosition":[17.5726,254.136,26.1384],"stabilizedTipPosition":[-15.3289,236.449,153.228],"timeVisible":32.6559,"tipPosition":[22.5155,261.866,-18.7585],"tipVelocity":[31.0441,127.62,-185.4],"tool":false,"touchDistance":-0.610009,"touchZone":"hovering","type":0,"width":20.194},{"bases":[[[0.920685,0.244056,-0.304592],[-0.0336755,0.827152,0.560968],[0.388852,-0.506218,0.769765]],[[0.936193,0.222596,-0.272019],[-0.0711203,0.877866,0.473596],[0.344216,-0.424031,0.837683]],[[0.936193,0.222596,-0.272019],[-0.179741,0.968252,0.173727],[0.302054,-0.113749,0.94648]],[[0.936193,0.222596,-0.272019],[-0.250722,0.965305,-0.0729771],[0.246337,0.136522,0.959521]]],"btipPosition":[-0.765544,322.018,-63.6334],"carpPosition":[53.9881,266.296,67.8926],"dipPosition":[3.43162,324.344,-47.2848],"direction":[-0.302054,0.113749,-0.94648],"extended":true,"handId":698,"id":6981,"length":58.6448,"mcpPosition":[25.4596,303.435,11.418],"pipPosition":[10.7122,321.602,-24.4713],"stabilizedTipPosition":[-31.4067,303.897,113.803],"timeVisible":32.6559,"tipPosition":[0.444324,323.762,-59.403],"tipVelocity":[-16.6879,92.5521,-176.208],"tool":false,"touchDistance":-0.612553,"touchZone":"hovering","type":1,"width":19.2893},{"bases":[[[0.956916,0.0288108,-0.288932],[0.131007,0.84519,0.518161],[0.259131,-0.533689,0.805001]],[[0.961845,0.0182695,-0.272984],[-0.186569,0.773596,-0.605592],[0.200116,0.633416,0.747488]],[[0.961845,0.0182695,-0.272984],[-0.251542,-0.333404,-0.908608],[-0.107614,0.942607,-0.316088]],[[0.961845,0.0182695,-0.272984],[-0.151029,-0.796517,-0.585449],[-0.228133,0.60434,-0.763366]]],"btipPosition":[44.565,239.592,-3.97564],"carpPosition":[64.8862,270.962,64.6927],"dipPosition":[40.2898,250.917,-18.2811],"direction":[0.107614,-0.942607,0.316088],"extended":false,"handId":698,"id":6982,"length":66.821,"mcpPosition":[46.8571,308.094,8.68485],"pipPosition":[37.2382,277.647,-27.2446],"stabilizedTipPosition":[11.4051,202.084,120.367],"timeVisible":32.6559,"tipPosition":[43.9638,242.02,-5.85979],"tipVelocity":[-1.67214,148.308,-217.348],"tool":false,"touchDistance":0.333333,"touchZone":"none","type":2,"width":18.9446},{"bases":[[[0.972002,-0.113837,-0.205554],[0.207234,0.827645,0.521592],[0.11075,-0.549586,0.828064]],[[0.973781,-0.123377,-0.191123],[-0.0279535,0.768889,-0.63877],[0.225762,0.627365,0.745281]],[[0.973781,-0.123377,-0.191123],[-0.22178,-0.327899,-0.918311],[0.0506293,0.936622,-0.346664]],[[0.973781,-0.123377,-0.191123],[-0.213651,-0.784533,-0.582118],[-0.0781224,0.607689,-0.790323]]],"btipPosition":[59.5373,241.69,0.346201],"carpPosition":[76.4575,272.509,60.977],"dipPosition":[58.0817,253.012,-14.3793],"direction":[-0.0506293,-0.936622,0.346664],"extended":false,"handId":698,"id":6983,"length":64.2502,"mcpPosition":[69.5394,306.84,9.25067],"pipPosition":[59.4803,278.887,-23.9561],"stabilizedTipPosition":[27.7502,201.527,124.409],"timeVisible":32.6559,"tipPosition":[59.451,244.09,-1.30852],"tipVelocity":[7.02,154.177,-218.108],"tool":false,"touchDistance":0.333333,"touchZone":"none","type":3,"width":18.027},{"bases":[[[0.930596,-0.311856,-0.191671],[0.364858,0.748036,0.554366],[-0.0295054,-0.585823,0.809902]],[[0.910751,-0.410432,-0.0455953],[0.288953,0.712251,-0.639691],[0.295025,0.569425,0.767278]],[[0.910751,-0.410432,-0.0455953],[-0.179349,-0.293669,-0.938932],[0.371978,0.86331,-0.34107]],[[0.910751,-0.410432,-0.0455953],[-0.351917,-0.713615,-0.60573],[0.216073,0.567714,-0.794363]]],"btipPosition":[68.6758,254.253,1.87965],"carpPosition":[88.342,267.053,55.4604],"dipPosition":[72.3899,264.011,-11.7747],"direction":[-0.371978,-0.86331,0.34107],"extended":false,"handId":698,"id":6984,"length":50.3709,"mcpPosition":[90.0482,300.928,8.62807],"pipPosition":[79.6452,280.85,-18.4272],"stabilizedTipPosition":[44.9383,213.939,101.877],"timeVisible":32.6559,"tipPosition":[69.7643,256.229,0.0931772],"tipVelocity":[8.24458,157.448,-212.119],"tool":false,"touchDistance":0.333333,"touchZone":"none","type":4,"width":16.013}],"r":[[0.997036,0.0104726,0.0762255],[-0.0462311,0.873457,0.484702],[-0.0615036,-0.48679,0.871351]],"s":0.914618,"t":[-13.7544,-46.7234,-7.09751],"timestamp":523703168528},false],[1,{"currentFrameRate":105.086,"devices":[],"gestures":[],"hands":[{"armBasis":[[0.914298,0.22409,-0.337406],[-0.0434942,0.882516,0.468267],[0.4027,-0.413461,0.816629]],"armWidth":63.5437,"confidence":0.677529,"direction":[-0.233896,0.654201,-0.719245],"elbow":[183.876,147.794,282.463],"grabStrength":0,"id":698,"palmNormal":[-0.0156474,-0.742202,-0.669994],"palmPosition":[55.3957,290.046,22.363],"palmVelocity":[2.32145,138.096,-144.702],"palmWidth":90.7382,"pinchStrength":0.824531,"r":[[0.996959,0.0146524,0.0765418],[-0.0499426,0.874099,0.483174],[-0.0598255,-0.485527,0.872172]],"s":0.909505,"sphereCenter":[45.8517,269.473,-19.2733],"sphereRadius":45.2957,"stabilizedPalmPosition":[34.5207,250.181,141.829],"t":[-13.7785,-45.5262,-8.22639],"timeVisible":32.6652,"type":"right","wrist":[75.4483,259.12,62.5836]}],"id":4276144,"interactionBox":{"center":[0,200,0],"size":[235.247,235.247,147.751]},"pointables":[{"bases":[[[0.359539,0.850032,0.384938],[-0.68409,-0.0404497,0.728275],[0.634628,-0.525176,0.566955]],[[0.122595,0.97788,0.169471],[-0.782592,-0.00976198,0.622458],[0.610344,-0.208937,0.764085]],[[0.122595,0.97788,0.169471],[-0.972693,0.0844812,0.216174],[0.197076,-0.191345,0.961534]],[[0.122595,0.97788,0.169471],[-0.740797,0.203799,-0.640067],[-0.660447,-0.047074,0.749396]]],"btipPosition":[26.7716,262.764,-25.1707],"carpPosition":[48.441,244.759,63.0484],"dipPosition":[11.3576,261.665,-7.68067],"direction":[-0.197076,0.191345,-0.961534],"extended":false,"handId":698,"id":6980,"length":51.9721,"mcpPosition":[48.441,244.759,63.0484],"pipPosition":[18.0584,255.159,25.0127],"stabilizedTipPosition":[-15.1818,236.548,152.563],"timeVisible":32.6652,"tipPosition":[22.9,262.95,-19.9697],"tipVelocity":[33.3272,131.041,-167.662],"tool":false,"touchDistance":-0.594403,"touchZone":"hovering","type":0,"width":20.194},{"bases":[[[0.919063,0.253232,-0.301988],[-0.0429421,0.826034,0.561981],[0.391764,-0.503528,0.770052]],[[0.934366,0.232354,-0.270131],[-0.081307,0.877163,0.473258],[0.346913,-0.420233,0.838484]],[[0.934366,0.232354,-0.270131],[-0.189423,0.966041,0.17574],[0.301792,-0.113037,0.946649]],[[0.934366,0.232354,-0.270131],[-0.259471,0.963288,-0.0689198],[0.244201,0.134488,0.960354]]],"btipPosition":[-0.970951,322.761,-64.6404],"carpPosition":[54.0691,267.382,66.9592],"dipPosition":[3.18981,325.052,-48.2776],"direction":[-0.301792,0.113037,-0.946649],"extended":true,"handId":698,"id":6981,"length":58.6448,"mcpPosition":[25.327,304.324,10.4636],"pipPosition":[10.4641,322.328,-25.46],"stabilizedTipPosition":[-31.3529,303.93,113.504],"timeVisible":32.6652,"tipPosition":[0.238075,324.452,-60.4175],"tipVelocity":[-18.4736,88.7794,-157.002],"tool":false,"touchDistance":-0.594687,"touchZone":"hovering","type":1,"width":19.2893},{"bases":[[[0.957306,0.0383208,-0.286524],[0.121666,0.845699,0.519606],[0.262225,-0.532283,0.804931]],[[0.962321,0.0277523,-0.270497],[-0.191269,0.776158,-0.600828],[0.193274,0.629927,0.752221]],[[0.962321,0.0277523,-0.270497],[-0.246742,-0.328916,-0.911555],[-0.114269,0.943951,-0.309675]],[[0.962321,0.0277523,-0.270497],[-0.142986,-0.794494,-0.590199],[-0.231288,0.606638,-0.760589]]],"btipPosition":[44.9704,240.774,-5.3323],"carpPosition":[64.9301,272.156,63.7926],"dipPosition":[40.6361,252.142,-19.5857],"direction":[0.114269,-0.943951,0.309675],"extended":false,"handId":698,"id":6982,"length":66.821,"mcpPosition":[46.6858,309.189,7.78962],"pipPosition":[37.3957,278.911,-28.3674],"stabilizedTipPosition":[11.8966,202.707,118.421],"timeVisible":32.6652,"tipPosition":[44.3558,243.197,-7.20856],"tipVelocity":[10.6941,142.693,-196.896],"tool":false,"touchDistance":0.333333,"touchZone":"none","type":2,"width":18.9446},{"bases":[[[0.973547,-0.104289,-0.203298],[0.198048,0.828877,0.523202],[0.113945,-0.549625,0.827605]],[[0.975349,-0.113647,-0.189155],[-0.0281476,0.78611,-0.617446],[0.218867,0.607549,0.763532]],[[0.975349,-0.113647,-0.189155],[-0.215379,-0.303689,-0.928108],[0.0480325,0.945969,-0.32068]],[[0.975349,-0.113647,-0.189155],[-0.20619,-0.774746,-0.597708],[-0.078619,0.621976,-0.77908]]],"btipPosition":[59.7636,243.36,-2.23503],"carpPosition":[76.4953,273.818,60.1076],"dipPosition":[58.2987,254.948,-16.7511],"direction":[-0.0480325,-0.945969,0.32068],"extended":false,"handId":698,"id":6983,"length":64.2502,"mcpPosition":[69.3775,308.151,8.40992],"pipPosition":[59.6257,281.081,-25.61],"stabilizedTipPosition":[28.2451,202.222,122.378],"timeVisible":32.6652,"tipPosition":[59.7094,245.735,-3.6471],"tipVelocity":[11.848,163.266,-233.523],"tool":false,"touchDistance":0.333333,"touchZone":"none","type":3,"width":18.027},{"bases":[[[0.933996,-0.302712,-0.189781],[0.356342,0.750729,0.55626],[-0.0259129,-0.587172,0.809047]],[[0.91382,-0.40415,-0.0399542],[0.291428,0.721085,-0.628575],[0.282849,0.56276,0.776722]],[[0.91382,-0.40415,-0.0399542],[-0.16687,-0.283965,-0.944202],[0.370254,0.869498,-0.326934]],[[0.91382,-0.40415,-0.0399542],[-0.341312,-0.710952,-0.61486],[0.220091,0.575508,-0.787623]]],"btipPosition":[68.9647,255.741,0.357255],"carpPosition":[88.4448,268.483,54.6132],"dipPosition":[72.7479,265.633,-13.1813],"direction":[-0.370254,-0.869498,0.326934],"extended":false,"handId":698,"id":6984,"length":50.3709,"mcpPosition":[89.9432,302.436,7.83025],"pipPosition":[79.9696,282.593,-19.558],"stabilizedTipPosition":[45.4863,214.909,99.574],"timeVisible":32.6652,"tipPosition":[70.0659,257.72,-1.35001],"tipVelocity":[15.1755,159.178,-197.727],"tool":false,"touchDistance":0.333333,"touchZone":"none","type":4,"width":16.013}],"r":[[0.996959,0.0146524,0.0765418],[-0.0499426,0.874099,0.483174],[-0.0598255,-0.485527,0.872172]],"s":0.909505,"t":[-13.7785,-45.5262,-8.22639],"timestamp":523703177814},false],[2,{"currentFrameRate":105.451,"devices":[],"gestures":[],"hands":[{"armBasis":[[0.915993,0.226127,-0.331396],[-0.0461063,0.879885,0.472945],[0.398536,-0.417935,0.816394]],"armWidth":63.5437,"confidence":0.682872,"direction":[-0.236779,0.652461,-0.719882],"elbow":[182.937,147.386,281.885],"grabStrength":0,"id":698,"palmNormal":[-0.0121657,-0.742885,-0.669308],"palmPosition":[55.4419,290.714,21.8165],"palmVelocity":[3.11278,121.316,-122.43],"palmWidth":90.7382,"pinchStrength":0.833304,"r":[[0.996866,0.0189207,0.0768135],[-0.0537248,0.874641,0.481786],[-0.0580685,-0.484402,0.872916]],"s":0.904849,"sphereCenter":[46.0705,269.938,-19.9132],"sphereRadius":45.3022,"stabilizedPalmPosition":[35.1392,251.379,138.281],"t":[-13.7675,-44.5938,-9.06408],"timeVisible":32.674,"type":"right","wrist":[75.6299,259.917,62.0685]}],"id":4276145,"interactionBox":{"center":[0,200,0],"size":[235.247,235.247,147.751]},"pointables":[{"bases":[[[0.355602,0.85202,0.3842],[-0.684,-0.0428979,0.72822],[0.636939,-0.521749,0.567527]],[[0.121479,0.977632,0.171692],[-0.785051,-0.0112182,0.619329],[0.607402,-0.210023,0.766128]],[[0.121479,0.977632,0.171692],[-0.972361,0.0824616,0.218437],[0.199393,-0.193482,0.960628]],[[0.121479,0.977632,0.171692],[-0.744434,0.204148,-0.635722],[-0.656553,-0.0505871,0.752582]]],"btipPosition":[26.9957,263.647,-25.8215],"carpPosition":[48.6883,245.433,62.5429],"dipPosition":[11.6726,262.466,-8.25713],"direction":[-0.199393,0.193482,-0.960628],"extended":false,"handId":698,"id":6980,"length":51.9721,"mcpPosition":[48.6883,245.433,62.5429],"pipPosition":[18.4522,255.888,24.4054],"stabilizedTipPosition":[-14.9947,236.678,151.719],"timeVisible":32.674,"tipPosition":[23.151,263.629,-20.6697],"tipVelocity":[31.8444,122.169,-141.872],"tool":false,"touchDistance":-0.572802,"touchZone":"hovering","type":0,"width":20.194},{"bases":[[[0.91794,0.257144,-0.302097],[-0.0467907,0.826349,0.561211],[0.39395,-0.501022,0.770571]],[[0.932997,0.23685,-0.270959],[-0.0860102,0.877838,0.471172],[0.349455,-0.416297,0.839392]],[[0.932997,0.23685,-0.270959],[-0.193824,0.965084,0.176197],[0.30323,-0.111873,0.946328]],[[0.932997,0.23685,-0.270959],[-0.263519,0.962384,-0.0661432],[0.2451,0.133114,0.960316]]],"btipPosition":[-1.14675,323.107,-65.2346],"carpPosition":[54.2126,268.085,66.4335],"dipPosition":[3.02935,325.375,-48.8725],"direction":[-0.30323,0.111873,-0.946328],"extended":true,"handId":698,"id":6981,"length":58.6448,"mcpPosition":[25.3101,304.843,9.8998],"pipPosition":[10.3383,322.679,-26.0627],"stabilizedTipPosition":[-31.2973,303.965,113.191],"timeVisible":32.674,"tipPosition":[0.0814591,324.746,-61.0261],"tipVelocity":[-18.7679,75.2793,-132.883],"tool":false,"touchDistance":-0.572468,"touchZone":"hovering","type":1,"width":19.2893},{"bases":[[[0.957162,0.0424248,-0.286429],[0.117732,0.846726,0.51884],[0.264539,-0.530335,0.805459]],[[0.962349,0.0316199,-0.269973],[-0.191962,0.78225,-0.592651],[0.192447,0.622161,0.758867]],[[0.962349,0.0316199,-0.269973],[-0.246333,-0.318443,-0.915377],[-0.114915,0.947414,-0.298664]],[[0.962349,0.0316199,-0.269973],[-0.141534,-0.789657,-0.597001],[-0.232063,0.612733,-0.75545]]],"btipPosition":[45.0041,241.549,-6.62569],"carpPosition":[65.0521,272.906,63.2639],"dipPosition":[40.6552,253.032,-20.7828],"direction":[0.114915,-0.947414,0.298664],"extended":false,"handId":698,"id":6982,"length":66.821,"mcpPosition":[46.6469,309.804,7.22422],"pipPosition":[37.3965,279.898,-29.2523],"stabilizedTipPosition":[12.3609,203.307,116.565],"timeVisible":32.674,"tipPosition":[44.4198,243.965,-8.39189],"tipVelocity":[8.74084,128.765,-182.741],"tool":false,"touchDistance":0.333333,"touchZone":"none","type":2,"width":18.9446},{"bases":[[[0.974041,-0.100032,-0.203069],[0.194189,0.830256,0.522462],[0.116336,-0.548333,0.828128]],[[0.97587,-0.109295,-0.18903],[-0.0315035,0.786179,-0.617196],[0.216067,0.608258,0.763765]],[[0.97587,-0.109295,-0.18903],[-0.213881,-0.304166,-0.928299],[0.0439616,0.946329,-0.320202]],[[0.97587,-0.109295,-0.18903],[-0.20267,-0.77554,-0.597881],[-0.0812551,0.621765,-0.778977]]],"btipPosition":[60.0154,244.04,-2.82189],"carpPosition":[76.6101,274.617,59.579],"dipPosition":[58.5014,255.625,-17.336],"direction":[-0.0439616,-0.946329,0.320202],"extended":false,"handId":698,"id":6983,"length":64.2502,"mcpPosition":[69.343,308.869,7.84857],"pipPosition":[59.7159,281.768,-26.1817],"stabilizedTipPosition":[28.7328,202.912,120.383],"timeVisible":32.674,"tipPosition":[59.9344,246.432,-4.34231],"tipVelocity":[16.0163,140.076,-188.534],"tool":false,"touchDistance":0.333333,"touchZone":"none","type":3,"width":18.027},{"bases":[[[0.935395,-0.298621,-0.189373],[0.352834,0.752862,0.555614],[-0.0233461,-0.586535,0.809587]],[[0.914455,-0.403228,-0.0343322],[0.298986,0.730344,-0.61417],[0.272725,0.551366,0.788427]],[[0.914455,-0.403228,-0.0343322],[-0.154645,-0.269788,-0.950421],[0.373974,0.874426,-0.309066]],[[0.914455,-0.403228,-0.0343322],[-0.334454,-0.705263,-0.625096],[0.227843,0.583104,-0.779793]]],"btipPosition":[69.1073,256.728,-1.09182],"carpPosition":[88.5847,269.332,54.0911],"dipPosition":[73.0238,266.751,-14.4958],"direction":[-0.373974,-0.874426,0.309066],"extended":false,"handId":698,"id":6984,"length":50.3709,"mcpPosition":[89.9347,303.248,7.27699],"pipPosition":[80.318,283.806,-20.524],"stabilizedTipPosition":[46.0171,215.864,97.3285],"timeVisible":32.674,"tipPosition":[70.2351,258.69,-2.65081],"tipVelocity":[16.3882,147.405,-187.844],"tool":false,"touchDistance":0.333333,"touchZone":"none","type":4,"width":16.013}],"r":[[0.996866,0.0189207,0.0768135],[-0.0537248,0.874641,0.481786],[-0.0580685,-0.484402,0.872916]],"s":0.904849,"t":[-13.7675,-44.5938,-9.06408],"timestamp":523703186619},false],[3,{"currentFrameRate":105.688,"devices":[],"gestures":[],"hands":[{"armBasis":[[0.921566,0.223606,-0.317359],[-0.0424727,0.870632,0.490098],[0.385891,-0.438179,0.811842]],"armWidth":63.5437,"confidence":0.685676,"direction":[-0.238368,0.647677,-0.723668],"elbow":[179.239,143.554,279.181],"grabStrength":0,"id":698,"palmNormal":[-0.0100566,-0.746753,-0.665025],"palmPosition":[55.0748,292.046,20.1576],"palmVelocity":[-8.94112,128.57,-139.329],"palmWidth":90.7382,"pinchStrength":0.8562,"r":[[0.996764,0.0229537,0.0770405],[-0.0572367,0.875583,0.479664],[-0.0564453,-0.482521,0.874064]],"s":0.899882,"sphereCenter":[45.8515,270.851,-21.5993],"sphereRadius":45.3036,"stabilizedPalmPosition":[35.8229,252.774,134.229],"t":[-13.9455,-43.4612,-10.3124],"timeVisible":32.683,"type":"right","wrist":[75.3365,261.535,60.5899]}],"id":4276146,"interactionBox":{"center":[0,200,0],"size":[235.247,235.247,147.751]},"pointables":[{"bases":[[[0.353259,0.855159,0.379357],[-0.68403,-0.0405259,0.728327],[0.638209,-0.516779,0.570638]],[[0.124334,0.977367,0.171155],[-0.788483,-0.00739436,0.615011],[0.602358,-0.21142,0.769719]],[[0.124334,0.977367,0.171155],[-0.972044,0.0853519,0.218737],[0.199178,-0.193567,0.960656]],[[0.124334,0.977367,0.171155],[-0.745752,0.20583,-0.633631],[-0.654519,-0.0488574,0.754465]]],"btipPosition":[26.9518,265.229,-27.4454],"carpPosition":[48.4334,246.983,61.1426],"dipPosition":[11.6761,264.089,-9.83708],"direction":[-0.199178,0.193567,-0.960656],"extended":false,"handId":698,"id":6980,"length":51.9721,"mcpPosition":[48.4334,246.983,61.1426],"pipPosition":[18.4483,257.507,22.8264],"stabilizedTipPosition":[-14.7459,236.861,150.585],"timeVisible":32.683,"tipPosition":[23.0702,264.973,-22.3727],"tipVelocity":[22.0721,137.076,-152.044],"tool":false,"touchDistance":-0.568062,"touchZone":"hovering","type":0,"width":20.194},{"bases":[[[0.917314,0.257842,-0.303401],[-0.0490997,0.829437,0.556438],[0.395125,-0.495531,0.773515]],[[0.932024,0.238324,-0.273009],[-0.0891716,0.880996,0.464644],[0.351255,-0.408715,0.842361]],[[0.932024,0.238324,-0.273009],[-0.196404,0.965293,0.17215],[0.304561,-0.106828,0.946483]],[[0.932024,0.238324,-0.273009],[-0.265696,0.961687,-0.0675519],[0.24645,0.135497,0.959637]]],"btipPosition":[-1.68119,323.804,-67.0997],"carpPosition":[53.8967,269.672,64.9038],"dipPosition":[2.51791,326.112,-50.7491],"direction":[-0.304561,0.106828,-0.946483],"extended":true,"handId":698,"id":6981,"length":58.6448,"mcpPosition":[24.9079,306.027,8.15418],"pipPosition":[9.85889,323.537,-27.9355],"stabilizedTipPosition":[-31.2398,304.003,112.86],"timeVisible":32.683,"tipPosition":[-0.426696,325.406,-62.9136],"tipVelocity":[-29.7402,76.0916,-153.271],"tool":false,"touchDistance":-0.571569,"touchZone":"hovering","type":1,"width":19.2893},{"bases":[[[0.957103,0.0433211,-0.286491],[0.115377,0.850007,0.513981],[0.265786,-0.524987,0.808546]],[[0.962422,0.032396,-0.269617],[-0.188872,0.793235,-0.578883],[0.195116,0.608053,0.769546]],[[0.962422,0.032396,-0.269617],[-0.248351,-0.296589,-0.922148],[-0.109839,0.954456,-0.277398]],[[0.962422,0.032396,-0.269617],[-0.144843,-0.778594,-0.610583],[-0.229703,0.626691,-0.744644]]],"btipPosition":[44.2727,242.991,-9.7147],"carpPosition":[64.7239,274.503,61.7086],"dipPosition":[39.968,254.735,-23.6693],"direction":[0.109839,-0.954456,0.277398],"extended":false,"handId":698,"id":6982,"length":66.821,"mcpPosition":[46.2319,311.029,5.45406],"pipPosition":[36.8532,281.801,-31.5357],"stabilizedTipPosition":[12.7989,203.907,114.731],"timeVisible":32.683,"tipPosition":[43.7763,245.435,-11.1826],"tipVelocity":[-15.6605,139.134,-225.235],"tool":false,"touchDistance":0.333333,"touchZone":"none","type":2,"width":18.9446},{"bases":[[[0.974345,-0.0986085,-0.20231],[0.191877,0.833761,0.517711],[0.117627,-0.543248,0.831292]],[[0.97619,-0.10776,-0.188255],[-0.0331557,0.78355,-0.620443],[0.214366,0.611913,0.761321]],[[0.97619,-0.10776,-0.188255],[-0.212839,-0.308383,-0.927146],[0.0418546,0.945139,-0.323976]],[[0.97619,-0.10776,-0.188255],[-0.200601,-0.778694,-0.594471],[-0.0825329,0.618081,-0.78177]]],"btipPosition":[59.7605,245.268,-4.31728],"carpPosition":[76.2781,276.223,58.016],"dipPosition":[58.2228,256.784,-18.8834],"direction":[-0.0418546,-0.945139,0.323976],"extended":false,"handId":698,"id":6983,"length":64.2502,"mcpPosition":[68.9303,310.158,6.088],"pipPosition":[59.379,282.894,-27.8334],"stabilizedTipPosition":[29.2431,203.661,118.253],"timeVisible":32.683,"tipPosition":[59.6677,247.658,-5.89549],"tipVelocity":[3.66914,138.481,-182.619],"tool":false,"touchDistance":0.333333,"touchZone":"none","type":3,"width":18.027},{"bases":[[[0.936223,-0.297218,-0.187478],[0.35072,0.756982,0.551338],[-0.0219497,-0.581927,0.812944]],[[0.914852,-0.402747,-0.0289921],[0.30317,0.732534,-0.609492],[0.266709,0.548806,0.792262]],[[0.914852,-0.402747,-0.0289921],[-0.147475,-0.266426,-0.952507],[0.375895,0.875678,-0.303135]],[[0.914852,-0.402747,-0.0289921],[-0.330324,-0.705178,-0.627384],[0.232233,0.58354,-0.77817]]],"btipPosition":[68.8089,258.127,-3.09503],"carpPosition":[88.2677,270.939,52.5609],"dipPosition":[72.8007,268.157,-16.4711],"direction":[-0.375895,-0.875678,0.303135],"extended":false,"handId":698,"id":6984,"length":50.3709,"mcpPosition":[89.537,304.589,5.55259],"pipPosition":[80.1324,285.237,-22.3836],"stabilizedTipPosition":[46.5498,216.866,95.0028],"timeVisible":32.683,"tipPosition":[69.9367,260.083,-4.63932],"tipVelocity":[3.30507,149.551,-197.045],"tool":false,"touchDistance":0.333333,"touchZone":"none","type":4,"width":16.013}],"r":[[0.996764,0.0229537,0.0770405],[-0.0572367,0.875583,0.479664],[-0.0564453,-0.482521,0.874064]],"s":0.899882,"t":[-13.9455,-43.4612,-10.3124],"timestamp":523703195643},false],[4,{"currentFrameRate":105.912,"devices":[],"gestures":[],"hands":[{"armBasis":[[0.91931,0.215018,-0.329601],[-0.0377219,0.88183,0.470056],[0.391722,-0.419694,0.818786]],"armWidth":63.5437,"confidence":0.688488,"direction":[-0.239165,0.638128,-0.731842],"elbow":[180.369,150.372,279.055],"grabStrength":0,"id":698,"palmNormal":[-0.0171961,-0.756381,-0.653905],"palmPosition":[54.5632,293.387,17.8256],"palmVelocity":[-22.0803,134.071,-172.079],"palmWidth":90.7382,"pinchStrength":0.857168,"r":[[0.996777,0.0254404,0.0760877],[-0.0586959,0.877786,0.475444],[-0.0546932,-0.478378,0.876449]],"s":0.894954,"sphereCenter":[45.0944,271.506,-23.653],"sphereRadius":45.2775,"stabilizedPalmPosition":[36.5051,254.252,129.992],"t":[-14.2904,-42.2243,-12.1025],"timeVisible":32.692,"type":"right","wrist":[74.8963,263.376,58.5942]}],"id":4276147,"interactionBox":{"center":[0,200,0],"size":[235.247,235.247,147.751]},"pointables":[{"bases":[[[0.35937,0.858915,0.364855],[-0.680288,-0.0265088,0.732466],[0.638797,-0.511432,0.574782]],[[0.135887,0.977459,0.161583],[-0.789066,0.00815504,0.614255],[0.599091,-0.210969,0.772387]],[[0.135887,0.977459,0.161583],[-0.97031,0.098367,0.220959],[0.200084,-0.186811,0.961805]],[[0.135887,0.977459,0.161583],[-0.746481,0.208248,-0.631979],[-0.651383,-0.0347404,0.757953]]],"btipPosition":[26.5045,266.628,-29.3375],"carpPosition":[47.9274,248.963,59.5038],"dipPosition":[11.3019,265.817,-11.6478],"direction":[-0.200084,0.186811,-0.961805],"extended":false,"handId":698,"id":6980,"length":51.9721,"mcpPosition":[47.9274,248.963,59.5038],"pipPosition":[18.105,259.465,21.0548],"stabilizedTipPosition":[-14.4496,237.093,149.205],"timeVisible":32.692,"tipPosition":[22.5427,266.231,-24.3323],"tipVelocity":[2.86818,144.309,-167.309],"tool":false,"touchDistance":-0.56769,"touchZone":"hovering","type":0,"width":20.194},{"bases":[[[0.916888,0.248908,-0.312027],[-0.0421484,0.837748,0.544429],[0.396912,-0.486029,0.778612]],[[0.931287,0.230288,-0.282262],[-0.0830635,0.888663,0.450975],[0.35469,-0.396541,0.846729]],[[0.931287,0.230288,-0.282262],[-0.190358,0.96827,0.161919],[0.310593,-0.0970626,0.945574]],[[0.931287,0.230288,-0.282262],[-0.260451,0.962653,-0.073927],[0.254695,0.142363,0.956485]]],"btipPosition":[-2.62292,324.239,-69.5872],"carpPosition":[53.5191,271.678,62.9018],"dipPosition":[1.71666,326.665,-53.2903],"direction":[-0.310593,0.0970626,-0.945574],"extended":true,"handId":698,"id":6981,"length":58.6448,"mcpPosition":[24.3992,307.336,5.77815],"pipPosition":[9.20305,324.325,-30.4987],"stabilizedTipPosition":[-31.1876,304.04,112.545],"timeVisible":32.692,"tipPosition":[-1.30398,325.787,-65.4492],"tipVelocity":[-49.284,69.247,-187.304],"tool":false,"touchDistance":-0.580245,"touchZone":"hovering","type":1,"width":19.2893},{"bases":[[[0.955744,0.0344678,-0.292174],[0.122194,0.856894,0.500801],[0.267624,-0.514339,0.814759]],[[0.96116,0.0236446,-0.274977],[-0.187251,0.787796,-0.586783],[0.202751,0.615482,0.761626]],[[0.96116,0.0236446,-0.274977],[-0.255509,-0.300427,-0.918945],[-0.104338,0.953512,-0.282717]],[[0.96116,0.0236446,-0.274977],[-0.154175,-0.780374,-0.606009],[-0.228913,0.624866,-0.746419]]],"btipPosition":[43.235,243.861,-11.7124],"carpPosition":[64.3519,276.409,59.5784],"dipPosition":[38.9451,255.571,-25.7003],"direction":[0.104338,-0.953512,0.282717],"extended":false,"handId":698,"id":6982,"length":66.821,"mcpPosition":[45.732,312.195,2.89158],"pipPosition":[35.9863,282.61,-33.7175],"stabilizedTipPosition":[13.1914,204.476,113.003],"timeVisible":32.692,"tipPosition":[42.7328,246.373,-13.2507],"tipVelocity":[-42.8885,127.11,-224.372],"tool":false,"touchDistance":0.333333,"touchZone":"none","type":2,"width":18.9446},{"bases":[[[0.972761,-0.106292,-0.206007],[0.198634,0.840334,0.504364],[0.119504,-0.531546,0.838557]],[[0.974666,-0.115389,-0.191601],[-0.028708,0.785021,-0.618803],[0.221814,0.608627,0.761821]],[[0.974666,-0.115389,-0.191601],[-0.218246,-0.303254,-0.92758],[0.0489286,0.945898,-0.320755]],[[0.974666,-0.115389,-0.191601],[-0.208642,-0.777709,-0.59299],[-0.0805856,0.617943,-0.782082]]],"btipPosition":[58.6958,246.461,-7.09298],"carpPosition":[75.8941,278.02,55.7996],"dipPosition":[57.1943,257.975,-21.665],"direction":[-0.0489286,-0.945898,0.320755],"extended":false,"handId":698,"id":6983,"length":64.2502,"mcpPosition":[68.4291,311.224,3.41774],"pipPosition":[58.5459,284.106,-30.5259],"stabilizedTipPosition":[29.7099,204.39,116.189],"timeVisible":32.692,"tipPosition":[58.6471,248.838,-8.56041],"tipVelocity":[-29.5562,136.723,-217.022],"tool":false,"touchDistance":0.333333,"touchZone":"none","type":3,"width":18.027},{"bases":[[[0.933772,-0.304475,-0.188053],[0.357288,0.763287,0.538273],[-0.0203521,-0.569813,0.821522]],[[0.912488,-0.408225,-0.0268044],[0.305126,0.722753,-0.620102],[0.272514,0.557657,0.784063]],[[0.912488,-0.408225,-0.0268044],[-0.152273,-0.278095,-0.948407],[0.379709,0.869492,-0.31592]],[[0.912488,-0.408225,-0.0268044],[-0.336597,-0.711911,-0.616349],[0.232527,0.571433,-0.787017]]],"btipPosition":[67.9935,259.102,-5.10215],"carpPosition":[87.8289,272.598,50.3592],"dipPosition":[71.9904,268.924,-18.6303],"direction":[-0.379709,-0.869492,0.31592],"extended":false,"handId":698,"id":6984,"length":50.3709,"mcpPosition":[89.0057,305.547,2.85494],"pipPosition":[79.3965,285.883,-24.7922],"stabilizedTipPosition":[47.0303,217.822,92.7854],"timeVisible":32.692,"tipPosition":[69.1217,261.035,-6.72478],"tipVelocity":[-22.4331,136.642,-205.064],"tool":false,"touchDistance":0.333333,"touchZone":"none","type":4,"width":16.013}],"r":[[0.996777,0.0254404,0.0760877],[-0.0586959,0.877786,0.475444],[-0.0546932,-0.478378,0.876449]],"s":0.894954,"t":[-14.2904,-42.2243,-12.1025],"timestamp":523703204672},false],[5,{"currentFrameRate":106.111,"devices":[],"gestures":[],"hands":[{"armBasis":[[0.912358,0.227465,-0.340386],[-0.0469383,0.884077,0.464979],[0.406694,-0.40825,0.817271]],"armWidth":63.5437,"confidence":0.693044,"direction":[-0.240293,0.638019,-0.731567],"elbow":[184.135,154.906,277.358],"grabStrength":0,"id":698,"palmNormal":[-0.00984834,-0.755213,-0.655406],"palmPosition":[54.2709,294.79,16.5136],"palmVelocity":[-24.8941,139.828,-164.572],"palmWidth":90.7382,"pinchStrength":0.851177,"r":[[0.996687,0.0286519,0.0761147],[-0.0613489,0.879274,0.47235],[-0.0533919,-0.475455,0.878119]],"s":0.891119,"sphereCenter":[45.0689,272.827,-25.0705],"sphereRadius":45.28,"stabilizedPalmPosition":[37.2203,255.884,125.424],"t":[-14.6089,-40.9044,-13.6536],"timeVisible":32.7011,"type":"right","wrist":[74.6318,264.829,57.3051]}],"id":4276148,"interactionBox":{"center":[0,200,0],"size":[235.247,235.247,147.751]},"pointables":[{"bases":[[[0.352507,0.860455,0.367908],[-0.682992,-0.0322028,0.729716],[0.639735,-0.508508,0.576332]],[[0.13558,0.976077,0.169974],[-0.793595,0.00428081,0.608431],[0.593148,-0.217382,0.77519]],[[0.13558,0.976077,0.169974],[-0.97127,0.0970754,0.217281],[0.195582,-0.194549,0.961196]],[[0.13558,0.976077,0.169974],[-0.744531,0.213562,-0.632507],[-0.653675,-0.0407954,0.755675]]],"btipPosition":[26.8303,268.633,-30.8264],"carpPosition":[47.7509,250.245,58.0805],"dipPosition":[11.5743,267.681,-13.1899],"direction":[-0.195582,0.194549,-0.961196],"extended":false,"handId":698,"id":6980,"length":51.9721,"mcpPosition":[47.7509,250.245,58.0805],"pipPosition":[18.2243,261.066,19.492],"stabilizedTipPosition":[-14.0671,237.411,147.423],"timeVisible":32.7011,"tipPosition":[22.8269,267.978,-25.9461],"tipVelocity":[11.6328,164.614,-166.882],"tool":false,"touchDistance":-0.561771,"touchZone":"hovering","type":0,"width":20.194},{"bases":[[[0.916525,0.255276,-0.307922],[-0.0495754,0.836415,0.545851],[0.396893,-0.485021,0.77925]],[[0.930513,0.23725,-0.279031],[-0.0910782,0.887796,0.451135],[0.354754,-0.394373,0.847714]],[[0.930513,0.23725,-0.279031],[-0.196276,0.966222,0.167003],[0.309227,-0.100631,0.945649]],[[0.930513,0.23725,-0.279031],[-0.264751,0.962136,-0.0648213],[0.253086,0.134191,0.958092]]],"btipPosition":[-2.89716,325.608,-71.0634],"carpPosition":[53.1858,272.988,61.5439],"dipPosition":[1.415,327.894,-54.7391],"direction":[-0.309227,0.100631,-0.945649],"extended":true,"handId":698,"id":6981,"length":58.6448,"mcpPosition":[24.0674,308.572,4.37339],"pipPosition":[8.86846,325.469,-31.9456],"stabilizedTipPosition":[-31.1322,304.082,112.204],"timeVisible":32.7011,"tipPosition":[-1.56463,327.017,-66.9369],"tipVelocity":[-44.2312,90.867,-180.403],"tool":false,"touchDistance":-0.572601,"touchZone":"hovering","type":1,"width":19.2893},{"bases":[[[0.956653,0.041047,-0.288323],[0.114814,0.856679,0.50291],[0.267644,-0.514214,0.814832]],[[0.9621,0.0301616,-0.271024],[-0.189579,0.788385,-0.585242],[0.19602,0.614442,0.764223]],[[0.9621,0.0301616,-0.271024],[-0.250081,-0.298705,-0.920996],[-0.108735,0.953869,-0.279842]],[[0.9621,0.0301616,-0.271024],[-0.147203,-0.779183,-0.609266],[-0.229554,0.62607,-0.745212]]],"btipPosition":[43.3436,245.254,-13.2525],"carpPosition":[64.0016,277.794,58.2724],"dipPosition":[39.0417,256.986,-27.2177],"direction":[0.108735,-0.953869,0.279842],"extended":false,"handId":698,"id":6982,"length":66.821,"mcpPosition":[45.3803,313.57,1.58052],"pipPosition":[35.9583,284.036,-35.1534],"stabilizedTipPosition":[13.5759,205.049,111.296],"timeVisible":32.7011,"tipPosition":[42.8196,247.778,-14.8348],"tipVelocity":[-27.8237,134.645,-209.221],"tool":false,"touchDistance":0.333333,"touchZone":"none","type":2,"width":18.9446},{"bases":[[[0.974216,-0.099769,-0.202357],[0.191342,0.840594,0.506745],[0.119543,-0.532398,0.83801]],[[0.976147,-0.109005,-0.187765],[-0.0306178,0.787072,-0.616101],[0.214943,0.607154,0.76496]],[[0.976147,-0.109005,-0.187765],[-0.212408,-0.30041,-0.929859],[0.0449529,0.947561,-0.316397]],[[0.976147,-0.109005,-0.187765],[-0.201564,-0.77638,-0.597165],[-0.0806831,0.620767,-0.779832]]],"btipPosition":[58.7653,247.946,-8.61822],"carpPosition":[75.5483,279.484,54.5423],"dipPosition":[57.262,259.512,-23.1483],"direction":[-0.0449529,-0.947561,0.316397],"extended":false,"handId":698,"id":6983,"length":64.2502,"mcpPosition":[68.0808,312.741,2.19465],"pipPosition":[58.5038,285.689,-31.8889],"stabilizedTipPosition":[30.1796,205.146,114.092],"timeVisible":32.7011,"tipPosition":[58.7005,250.348,-10.1613],"tipVelocity":[-19.2901,144.609,-203.313],"tool":false,"touchDistance":0.333333,"touchZone":"none","type":3,"width":18.027},{"bases":[[[0.936408,-0.298228,-0.184935],[0.350344,0.764482,0.541134],[-0.0200014,-0.571513,0.820349]],[[0.91464,-0.403676,-0.0218709],[0.307201,0.729179,-0.611495],[0.262794,0.552579,0.790946]],[[0.91464,-0.403676,-0.0218709],[-0.142329,-0.270906,-0.952025],[0.378385,0.873874,-0.305237]],[[0.91464,-0.403676,-0.0218709],[-0.328125,-0.709681,-0.623448],[0.23615,0.577407,-0.781559]]],"btipPosition":[67.989,260.741,-6.79949],"carpPosition":[87.5384,274.148,49.139],"dipPosition":[72.0482,270.666,-20.2338],"direction":[-0.378385,-0.873874,0.305237],"extended":false,"handId":698,"id":6984,"length":50.3709,"mcpPosition":[88.6949,307.195,1.70249],"pipPosition":[79.4285,287.711,-26.1873],"stabilizedTipPosition":[47.5072,218.806,90.5486],"timeVisible":32.7011,"tipPosition":[69.1157,262.686,-8.3975],"tipVelocity":[-15.9415,149.612,-199.538],"tool":false,"touchDistance":0.333333,"touchZone":"none","type":4,"width":16.013}],"r":[[0.996687,0.0286519,0.0761147],[-0.0613489,0.879274,0.47235],[-0.0533919,-0.475455,0.878119]],"s":0.891119,"t":[-14.6089,-40.9044,-13.6536],"timestamp":523703213728},false],[6,{"currentFrameRate":106.284,"devices":[],"gestures":[],"hands":[{"armBasis":[[0.910176,0.232768,-0.342635],[-0.0531224,0.88594,0.460748],[0.410801,-0.40116,0.818727]],"armWidth":63.5437,"confidence":0.698246,"direction":[-0.241381,0.638107,-0.731133],"elbow":[185.111,157.581,277.108],"grabStrength":0,"id":698,"palmNormal":[-0.00527356,-0.754262,-0.656552],"palmPosition":[54.1041,295.532,15.8725],"palmVelocity":[-23.0806,123.7,-138.52],"palmWidth":90.7382,"pinchStrength":0.845602,"r":[[0.99655,0.0320316,0.0765674],[-0.0644131,0.880256,0.470107],[-0.0523406,-0.473417,0.879282]],"s":0.887927,"sphereCenter":[45.0276,273.489,-25.796],"sphereRadius":45.2825,"stabilizedPalmPosition":[37.9614,257.624,120.615],"t":[-14.8516,-39.8734,-14.7497],"timeVisible":32.7102,"type":"right","wrist":[74.5021,265.595,56.6633]}],"id":4276149,"interactionBox":{"center":[0,200,0],"size":[235.247,235.247,147.751]},"pointables":[{"bases":[[[0.348108,0.861368,0.369954],[-0.684424,-0.0361537,0.728187],[0.640612,-0.506693,0.576956]],[[0.138253,0.974213,0.178313],[-0.796967,0.00254445,0.604018],[0.587988,-0.225617,0.776767]],[[0.138253,0.974213,0.178313],[-0.971702,0.0986103,0.214642],[0.191523,-0.202942,0.960278]],[[0.138253,0.974213,0.178313],[-0.743538,0.221031,-0.631107],[-0.654245,-0.04533,0.754923]]],"btipPosition":[27.1684,270.087,-31.5779],"carpPosition":[47.6809,250.898,57.3587],"dipPosition":[11.8991,269.029,-13.9589],"direction":[-0.191523,0.202942,-0.960278],"extended":false,"handId":698,"id":6980,"length":51.9721,"mcpPosition":[47.6809,250.898,57.3587],"pipPosition":[18.4111,262.129,18.6917],"stabilizedTipPosition":[-13.5596,237.847,145.07],"timeVisible":32.7102,"tipPosition":[23.1313,269.191,-26.8048],"tipVelocity":[18.6177,162.566,-143.677],"tool":false,"touchDistance":-0.54526,"touchZone":"hovering","type":0,"width":20.194},{"bases":[[[0.916112,0.259568,-0.305556],[-0.0542528,0.83538,0.54699],[0.397236,-0.484526,0.779383]],[[0.929647,0.242189,-0.277672],[-0.0964019,0.887245,0.451112],[0.355618,-0.392607,0.848172]],[[0.929647,0.242189,-0.277672],[-0.199545,0.96447,0.173146],[0.30974,-0.105556,0.944944]],[[0.929647,0.242189,-0.277672],[-0.266718,0.962279,-0.0536615],[0.254202,0.123947,0.959176]]],"btipPosition":[-3.16348,326.459,-71.7703],"carpPosition":[53.013,273.658,60.8678],"dipPosition":[1.1677,328.571,-55.4276],"direction":[-0.30974,0.105556,-0.944944],"extended":true,"handId":698,"id":6981,"length":58.6448,"mcpPosition":[23.8694,309.206,3.68756],"pipPosition":[8.63353,326.027,-32.6511],"stabilizedTipPosition":[-31.0682,304.132,111.806],"timeVisible":32.7102,"tipPosition":[-1.79935,327.701,-67.6627],"tipVelocity":[-39.9602,90.4083,-151.844],"tool":false,"touchDistance":-0.554215,"touchZone":"hovering","type":1,"width":19.2893},{"bases":[[[0.957093,0.0454794,-0.28619],[0.110142,0.856396,0.504436],[0.268034,-0.514313,0.814641]],[[0.962577,0.0345303,-0.268799],[-0.19107,0.789863,-0.58276],[0.192192,0.612311,0.766901]],[[0.962577,0.0345303,-0.268799],[-0.247017,-0.296219,-0.922625],[-0.111482,0.954496,-0.276604]],[[0.962577,0.0345303,-0.268799],[-0.142958,-0.777932,-0.61187],[-0.230236,0.627399,-0.743883]]],"btipPosition":[43.4052,246.041,-14.1302],"carpPosition":[63.8157,278.514,57.6269],"dipPosition":[39.0906,257.798,-28.0705],"direction":[0.111482,-0.954496,0.276604],"extended":false,"handId":698,"id":6982,"length":66.821,"mcpPosition":[45.1673,314.297,0.948295],"pipPosition":[35.9292,284.865,-35.9144],"stabilizedTipPosition":[13.9587,205.629,109.588],"timeVisible":32.7102,"tipPosition":[42.8657,248.561,-15.7454],"tipVelocity":[-18.3305,121.492,-177.837],"tool":false,"touchDistance":0.333333,"touchZone":"none","type":2,"width":18.9446},{"bases":[[[0.97506,-0.0953908,-0.200397],[0.186729,0.840625,0.508411],[0.119961,-0.533151,0.837472]],[[0.977031,-0.104818,-0.185534],[-0.0311764,0.790982,-0.611044],[0.210802,0.602794,0.769547]],[[0.977031,-0.104818,-0.185534],[-0.208671,-0.294125,-0.932709],[0.0431946,0.950002,-0.309242]],[[0.977031,-0.104818,-0.185534],[-0.197383,-0.773274,-0.602567],[-0.0803086,0.625348,-0.776202]]],"btipPosition":[58.7802,248.808,-9.67223],"carpPosition":[75.3632,280.258,53.9244],"dipPosition":[57.2839,260.46,-24.1347],"direction":[-0.0431946,-0.950002,0.309242],"extended":false,"handId":698,"id":6983,"length":64.2502,"mcpPosition":[67.8697,313.562,1.61032],"pipPosition":[58.4772,286.704,-32.6776],"stabilizedTipPosition":[30.6536,205.924,111.961],"timeVisible":32.7102,"tipPosition":[58.7146,251.225,-11.2277],"tipVelocity":[-13.4444,131.427,-178.637],"tool":false,"touchDistance":0.333333,"touchZone":"none","type":3,"width":18.027},{"bases":[[[0.938044,-0.294032,-0.183353],[0.345973,0.765127,0.543031],[-0.0193803,-0.572822,0.81945]],[[0.916008,-0.400711,-0.0190025],[0.308374,0.733645,-0.605533],[0.256585,0.548813,0.795593]],[[0.916008,-0.400711,-0.0190025],[-0.135929,-0.265464,-0.95449],[0.37743,0.876903,-0.297636]],[[0.916008,-0.400711,-0.0190025],[-0.322623,-0.707696,-0.628554],[0.238421,0.581891,-0.777533]]],"btipPosition":[68.0004,261.645,-7.72881],"carpPosition":[87.3872,274.98,48.539],"dipPosition":[72.0986,271.648,-21.0939],"direction":[-0.37743,-0.876903,0.297636],"extended":false,"handId":698,"id":6984,"length":50.3709,"mcpPosition":[88.5078,308.103,1.1545],"pipPosition":[79.4603,288.751,-26.8992],"stabilizedTipPosition":[47.9879,219.819,88.2758],"timeVisible":32.7102,"tipPosition":[69.1232,263.606,-9.33252],"tipVelocity":[-10.9055,136.27,-172.098],"tool":false,"touchDistance":0.333333,"touchZone":"none","type":4,"width":16.013}],"r":[[0.99655,0.0320316,0.0765674],[-0.0644131,0.880256,0.470107],[-0.0523406,-0.473417,0.879282]],"s":0.887927,