{"sensorType":"Leap","data":[[0,{"currentFrameRate":110.143,"devices":[],"gestures":[],"hands":[{"armBasis":[[0.955893,-0.0604501,-0.287426],[0.0763857,0.996083,0.0445447],[0.283608,-0.0645353,0.956766]],"armWidth":63.5437,"confidence":0,"direction":[-0.224913,0.180774,-0.957463],"elbow":[165.485,311.009,339.762],"grabStrength":0,"id":698,"palmNormal":[-0.104184,-0.981467,-0.160833],"palmPosition":[69.1984,334.375,31.7183],"palmVelocity":[1.19209e-7,1.19209e-7,1.19209e-7],"palmWidth":90.7382,"pinchStrength":0.946778,"r":[[1,7.35523e-17,-6.10623e-17],[-7.35523e-17,1,-2.77556e-17],[6.10623e-17,2.77556e-17,1]],"s":1,"sphereCenter":[62.2503,300.71,5.75377],"sphereRadius":46.8762,"stabilizedPalmPosition":[69.1984,334.375,31.7183],"t":[0,0,0],"timeVisible":0,"type":"right","wrist":[89.1233,328.385,82.1498]}],"id":4272620,"interactionBox":{"center":[0,200,0],"size":[235.247,235.247,147.751]},"pointables":[{"bases":[[[0.439137,0.887542,-0.139384],[-0.645311,0.419544,0.638402],[0.625086,-0.1904,0.756978]],[[0.130985,0.884083,-0.448598],[-0.782763,0.36991,0.50045],[0.60838,0.285594,0.74048]],[[0.130985,0.884083,-0.448598],[-0.989493,0.0886442,-0.114222],[-0.0612162,0.458846,0.886405]],[[0.130985,0.884083,-0.448598],[-0.811546,-0.16428,-0.560719],[-0.569418,0.437503,0.695956]]],"btipPosition":[46.3129,278.976,7.25368],"carpPosition":[61.2268,319.005,90.496],"dipPosition":[33.0234,289.187,23.4965],"direction":[0.0612162,-0.458846,-0.886405],"extended":false,"handId":698,"id":6980,"length":51.9721,"mcpPosition":[61.2268,319.005,90.496],"pipPosition":[30.942,304.788,53.6353],"stabilizedTipPosition":[43.2563,281.325,10.9895],"timeVisible":0,"tipPosition":[43.2563,281.325,10.9895],"tipVelocity":[1.19209e-7,1.19209e-7,1.19209e-7],"tool":false,"touchDistance":1,"touchZone":"none","type":0,"width":20.194},{"bases":[[[0.917276,-0.0323241,-0.396937],[0.0460122,0.998628,0.0250069],[0.395584,-0.0412022,0.917505]],[[0.977352,-0.0398274,-0.207839],[0.0664671,0.990202,0.12281],[0.200911,-0.133843,0.970423]],[[0.977352,-0.0398274,-0.207839],[0.035952,0.999103,-0.0223919],[0.208544,0.0144126,0.977907]],[[0.977352,-0.0398274,-0.207839],[0.0101327,0.989811,-0.142025],[0.211377,0.136703,0.967797]]],"btipPosition":[22.392,345.641,-67.4624],"carpPosition":[68.6503,339.561,81.4882],"dipPosition":[25.9935,347.97,-50.9727],"direction":[-0.208544,-0.0144126,-0.977907],"extended":true,"handId":698,"id":6981,"length":58.6448,"mcpPosition":[39.6279,342.583,14.1746],"pipPosition":[31.0201,348.318,-27.4017],"stabilizedTipPosition":[23.2203,346.177,-63.6698],"timeVisible":0,"tipPosition":[23.2203,346.177,-63.6698],"tipVelocity":[1.19209e-7,1.19209e-7,1.19209e-7],"tool":false,"touchDistance":0.578287,"touchZone":"hovering","type":1,"width":19.2893},{"bases":[[[0.940914,-0.207358,-0.267738],[0.2091,0.977639,-0.0223225],[0.26638,-0.0349804,0.963233]],[[0.940914,-0.207358,-0.267738],[-0.20307,0.287214,-0.936093],[0.271005,0.935153,0.228135]],[[0.940914,-0.207358,-0.267738],[-0.326717,-0.763838,-0.556604],[-0.0890918,0.611191,-0.786453]],[[0.940914,-0.207358,-0.267738],[-0.232293,-0.97049,-0.0647229],[-0.246416,0.123092,-0.961315]]],"btipPosition":[55.2228,278.732,38.5044],"carpPosition":[79.6383,340.887,76.1701],"dipPosition":[50.605,281.039,20.4894],"direction":[0.0890918,-0.611191,0.786453],"extended":false,"handId":698,"id":6982,"length":66.821,"mcpPosition":[61.105,343.321,9.15319],"pipPosition":[48.0786,298.371,-1.81259],"stabilizedTipPosition":[54.1607,279.263,34.361],"timeVisible":0,"tipPosition":[54.1607,279.263,34.361],"tipVelocity":[1.19209e-7,1.19209e-7,1.19209e-7],"tool":false,"touchDistance":0.333333,"touchZone":"none","type":2,"width":18.9446},{"bases":[[[0.9514,-0.283351,-0.120622],[0.284175,0.958713,-0.010677],[0.118667,-0.0241197,0.992641]],[[0.949185,-0.282887,-0.137924],[-0.0831328,0.197313,-0.976809],[0.30354,0.938639,0.163769]],[[0.949185,-0.282887,-0.137924],[-0.311902,-0.787036,-0.532252],[0.0420158,0.548224,-0.835275]],[[0.949185,-0.282887,-0.137924],[-0.292515,-0.954678,-0.0549936],[-0.116116,0.092544,-0.988915]]],"btipPosition":[71.1443,282.081,44.2947],"carpPosition":[91.0788,339.266,72.098],"dipPosition":[68.9808,283.806,25.8689],"direction":[-0.0420158,-0.548224,0.835275],"extended":false,"handId":698,"id":6983,"length":64.2502,"mcpPosition":[83.666,340.773,10.091],"pipPosition":[70.1415,298.951,2.79415],"stabilizedTipPosition":[70.6467,282.478,40.0567],"timeVisible":0,"tipPosition":[70.6467,282.478,40.0567],"tipVelocity":[1.19209e-7,1.19209e-7,1.19209e-7],"tool":false,"touchDistance":0.333333,"touchZone":"none","type":3,"width":18.027},{"bases":[[[0.898621,-0.438724,-0.00149053],[0.438053,0.897048,0.0584317],[-0.0242983,-0.0531608,0.99829]],[[0.898287,-0.439299,0.00983638],[0.0744243,0.130046,-0.988711],[0.43306,0.888878,0.149513]],[[0.898287,-0.439299,0.00983638],[-0.369481,-0.767259,-0.524212],[0.237833,0.467258,-0.851531]],[[0.898287,-0.439299,0.00983638],[-0.437751,-0.896616,-0.066733],[0.0381352,0.0556395,-0.997722]]],"btipPosition":[83.1482,292.436,41.0547],"carpPosition":[102.308,330.775,70.2938],"dipPosition":[83.8037,293.393,23.9048],"direction":[-0.237833,-0.467258,0.851531],"extended":false,"handId":698,"id":6984,"length":50.3709,"mcpPosition":[103.713,333.849,12.568],"pipPosition":[88.4426,302.506,7.29592],"stabilizedTipPosition":[83.299,292.656,37.1102],"timeVisible":0,"tipPosition":[83.299,292.656,37.1102],"tipVelocity":[1.19209e-7,1.19209e-7,1.19209e-7],"tool":false,"touchDistance":0.333333,"touchZone":"none","type":4,"width":16.013}],"r":[[1,7.35523e-17,-6.10623e-17],[-7.35523e-17,1,-2.77556e-17],[6.10623e-17,2.77556e-17,1]],"s":1,"t":[0,0,0],"timestamp":523670512642},false],[1,{"currentFrameRate":110.242,"devices":[],"gestures":[],"hands":[{"armBasis":[[0.950768,-0.0333899,-0.308099],[0.0407347,0.999018,0.0174364],[0.307215,-0.0291284,0.951194]],"armWidth":63.5437,"confidence":0.0380472,"direction":[-0.22297,0.195503,-0.95502],"elbow":[171.432,319.481,338.192],"grabStrength":0,"id":698,"palmNormal":[-0.0796995,-0.980059,-0.182021],"palmPosition":[68.9772,333.9,31.6475],"palmVelocity":[-24.8655,-53.405,-7.9515],"palmWidth":90.7382,"pinchStrength":0.922721,"r":[[0.999988,0.00474326,0.00139209],[-0.00474904,0.99998,0.00417815],[-0.00137225,-0.00418471,0.99999]],"s":1.00137,"sphereCenter":[63.3889,300.423,4.80255],"sphereRadius":47.062,"stabilizedPalmPosition":[69.1978,334.374,31.7181],"t":[-0.110589,-0.237519,-0.0353643],"timeVisible":0.008895,"type":"right","wrist":[88.7131,327.324,82.0804]}],"id":4272621,"interactionBox":{"center":[0,200,0],"size":[235.247,235.247,147.751]},"pointables":[{"bases":[[[0.41873,0.900444,-0.117754],[-0.659247,0.390592,0.64252],[0.624546,-0.191414,0.757167]],[[0.114327,0.896631,-0.427765],[-0.788705,0.343733,0.509699],[0.604048,0.279108,0.746475]],[[0.114327,0.896631,-0.427765],[-0.99217,0.0812565,-0.0948527],[-0.0502892,0.435259,0.8989]],[[0.114327,0.896631,-0.427765],[-0.8177,-0.1596,-0.553078],[-0.564178,0.413015,0.714928]]],"btipPosition":[45.8029,278.779,5.62608],"carpPosition":[60.9949,317.112,90.0345],"dipPosition":[32.6356,288.418,22.3117],"direction":[0.0502892,-0.435259,-0.8989],"extended":false,"handId":698,"id":6980,"length":51.9721,"mcpPosition":[60.9949,317.112,90.0345],"pipPosition":[30.9257,303.218,52.8754],"stabilizedTipPosition":[43.2555,281.324,10.9868],"timeVisible":0.008895,"tipPosition":[43.2694,280.925,9.53506],"tipVelocity":[-54.1816,-36.9404,-171.53],"tool":false,"touchDistance":1,"touchZone":"none","type":0,"width":20.194},{"bases":[[[0.920332,-0.00219953,-0.391132],[0.0220134,0.99869,0.0461813],[0.390518,-0.0511123,0.919175]],[[0.979346,-0.0122545,-0.20182],[0.0420315,0.988695,0.143928],[0.197775,-0.149438,0.96879]],[[0.979346,-0.0122545,-0.20182],[0.0122523,0.999924,-0.00125989],[0.20182,-0.0012389,0.979422]],[[0.979346,-0.0122545,-0.20182],[-0.0125641,0.992544,-0.121235],[0.201801,0.121267,0.97189]]],"btipPosition":[22.557,346.138,-67.5995],"carpPosition":[67.984,338.022,81.51],"dipPosition":[25.9953,348.205,-51.0401],"direction":[-0.20182,0.0012389,-0.979422],"extended":true,"handId":698,"id":6981,"length":58.6448,"mcpPosition":[39.3333,341.772,14.0737],"pipPosition":[30.8599,348.175,-27.4326],"stabilizedTipPosition":[23.2206,346.178,-63.67],"timeVisible":0.008895,"tipPosition":[23.3479,346.613,-63.7908],"tipVelocity":[14.3275,49.0993,-13.6095],"tool":false,"touchDistance":0.551976,"touchZone":"hovering","type":1,"width":19.2893},{"bases":[[[0.947303,-0.179305,-0.265455],[0.185858,0.982577,-0.000439895],[0.260909,-0.0489203,0.964123]],[[0.947299,-0.179304,-0.265471],[-0.20419,0.300581,-0.931643],[0.246843,0.93675,0.248128]],[[0.947299,-0.179304,-0.265471],[-0.3048,-0.759533,-0.574637],[-0.0985991,0.625268,-0.774156]],[[0.947299,-0.179304,-0.265471],[-0.208894,-0.974012,-0.0875477],[-0.242874,0.138389,-0.960136]]],"btipPosition":[56.3011,277.773,37.238],"carpPosition":[78.9714,339.721,76.2973],"dipPosition":[51.7497,280.367,19.245],"direction":[0.0985991,-0.625268,0.774156],"extended":false,"handId":698,"id":6982,"length":66.821,"mcpPosition":[60.8186,343.125,9.21848],"pipPosition":[48.9536,298.098,-2.70827],"stabilizedTipPosition":[54.169,279.256,34.3515],"timeVisible":0.008895,"tipPosition":[55.2497,278.383,33.0748],"tipVelocity":[122.943,-100.419,-141.81],"tool":false,"touchDistance":0.333333,"touchZone":"none","type":2,"width":18.9446},{"bases":[[[0.958649,-0.258107,-0.11989],[0.261286,0.965195,0.01133],[0.112793,-0.042187,0.992723]],[[0.956537,-0.257332,-0.137176],[-0.0816101,0.215382,-0.973114],[0.279959,0.942014,0.18502]],[[0.956537,-0.257332,-0.137176],[-0.289684,-0.784531,-0.548265],[0.0334676,0.564174,-0.824978]],[[0.956537,-0.257332,-0.137176],[-0.268848,-0.960409,-0.0730385],[-0.11295,0.106743,-0.98785]]],"btipPosition":[72.1337,281.546,43.2124],"carpPosition":[90.4733,338.457,72.2719],"dipPosition":[70.0292,283.535,24.8064],"direction":[-0.0334676,-0.564174,0.824978],"extended":false,"handId":698,"id":6983,"length":64.2502,"mcpPosition":[83.4275,341.093,10.2599],"pipPosition":[70.9537,299.12,2.01617],"stabilizedTipPosition":[70.6516,282.476,40.0514],"timeVisible":0.008895,"tipPosition":[71.6347,281.961,38.9525],"tipVelocity":[112.755,-53.3616,-121.162],"tool":false,"touchDistance":0.333333,"touchZone":"none","type":3,"width":18.027},{"bases":[[[0.908822,-0.417161,-0.00440012],[0.416142,0.905756,0.0802048],[-0.0294729,-0.0747229,0.996769]],[[0.908429,-0.417982,0.00691186],[0.0791709,0.155786,-0.984613],[0.410474,0.894998,0.174612]],[[0.908429,-0.417982,0.00691186],[-0.346831,-0.762816,-0.545729],[0.233377,0.493358,-0.837934]],[[0.908429,-0.417982,0.00691186],[-0.415689,-0.904948,-0.0909486],[0.0442698,0.0797472,-0.995832]]],"btipPosition":[83.8307,292.044,40.0351],"carpPosition":[101.913,330.275,70.369],"dipPosition":[84.5916,293.414,22.9177],"direction":[-0.233377,-0.493358,0.837934],"extended":false,"handId":698,"id":6984,"length":50.3709,"mcpPosition":[103.617,334.596,12.7311],"pipPosition":[89.1436,303.037,6.57406],"stabilizedTipPosition":[83.3009,292.655,37.1075],"timeVisible":0.008895,"tipPosition":[84.0165,292.383,36.1585],"tipVelocity":[79.4475,-33.4033,-113.784],"tool":false,"touchDistance":0.333333,"touchZone":"none","type":4,"width":16.013}],"r":[[0.999988,0.00474326,0.00139209],[-0.00474904,0.99998,0.00417815],[-0.00137225,-0.00418471,0.99999]],"s":1.00137,"t":[-0.110589,-0.237519,-0.0353643],"timestamp":523670521537},false],[2,{"currentFrameRate":110.214,"devices":[],"gestures":[],"hands":[{"armBasis":[[0.947118,-0.00873753,-0.320766],[0.00822321,0.999962,-0.00295807],[0.32078,0.000163913,0.947154]],"armWidth":63.5437,"confidence":0.0703377,"direction":[-0.220839,0.206758,-0.953143],"elbow":[174.572,326.42,337.107],"grabStrength":0,"id":698,"palmNormal":[-0.0553102,-0.978354,-0.199412],"palmPosition":[68.669,333.361,31.6261],"palmVelocity":[-27.3438,-54.9831,-6.3943],"palmWidth":90.7382,"pinchStrength":0.889242,"r":[[0.999905,0.0132162,0.00401601],[-0.0132595,0.999852,0.0109437],[-0.00387078,-0.0109959,0.999932]],"s":1.0044,"sphereCenter":[64.6538,299.93,3.95644],"sphereRadius":47.3535,"stabilizedPalmPosition":[69.1956,334.37,31.7177],"t":[-0.320008,-0.625801,-0.0637439],"timeVisible":0.018018,"type":"right","wrist":[88.2016,326.376,82.0831]}],"id":4272622,"interactionBox":{"center":[0,200,0],"size":[235.247,235.247,147.751]},"pointables":[{"bases":[[[0.398209,0.911918,-0.0991727],[-0.672739,0.363829,0.644244],[0.62358,-0.189826,0.758363]],[[0.0979033,0.906859,-0.409904],[-0.792921,0.319986,0.518542],[0.601408,0.274255,0.750395]],[[0.0979033,0.906859,-0.409904],[-0.994785,0.0773443,-0.0664847],[-0.0285885,0.414275,0.909702]],[[0.0979033,0.906859,-0.409904],[-0.831583,-0.151718,-0.534276],[-0.546703,0.393177,0.739275]]],"btipPosition":[44.4706,278.465,4.11642],"carpPosition":[60.6769,315.38,89.6555],"dipPosition":[31.7112,287.642,21.3702],"direction":[0.0285885,-0.414275,-0.909702],"extended":false,"handId":698,"id":6980,"length":51.9721,"mcpPosition":[60.6769,315.38,89.6555],"pipPosition":[30.7391,301.728,52.3012],"stabilizedTipPosition":[43.2509,281.322,10.979],"timeVisible":0.018018,"tipPosition":[42.6248,280.465,8.2665],"tipVelocity":[-76.8391,-39.4726,-165.87],"tool":false,"touchDistance":1,"touchZone":"none","type":0,"width":20.194},{"bases":[[[0.922838,0.0261578,-0.3843],[-0.00184862,0.997981,0.0634896],[0.385184,-0.0578802,0.921023]],[[0.98074,0.0142096,-0.194802],[0.0177309,0.986755,0.161245],[0.194513,-0.161594,0.967498]],[[0.98074,0.0142096,-0.194802],[-0.0112825,0.999806,0.0161272],[0.194993,-0.0136187,0.98071]],[[0.98074,0.0142096,-0.194802],[-0.0350753,0.99395,-0.104086],[0.192144,0.108914,0.975304]]],"btipPosition":[22.6638,346.236,-67.7355],"carpPosition":[67.2306,336.593,81.5433],"dipPosition":[25.9376,348.091,-51.118],"direction":[-0.194993,0.0136187,-0.98071],"extended":true,"handId":698,"id":6981,"length":58.6448,"mcpPosition":[38.9712,340.84,13.9716],"pipPosition":[30.6376,347.763,-27.4794],"stabilizedTipPosition":[23.2212,346.179,-63.6707],"timeVisible":0.018018,"tipPosition":[23.4183,346.659,-63.9138],"tipVelocity":[12.4476,36.9484,-13.5646],"tool":false,"touchDistance":0.528271,"touchZone":"hovering","type":1,"width":19.2893},{"bases":[[[0.953096,-0.15242,-0.261488],[0.162652,0.986523,0.0178107],[0.255249,-0.0595067,0.965042]],[[0.953109,-0.152423,-0.261439],[-0.204568,0.312128,-0.927754],[0.223013,0.937733,0.266311]],[[0.953109,-0.152423,-0.261439],[-0.282897,-0.755576,-0.590825],[-0.107482,0.637081,-0.763266]],[[0.953109,-0.152423,-0.261439],[-0.185647,-0.976735,-0.107348],[-0.238995,0.150849,-0.959232]]],"btipPosition":[57.2592,276.812,36.1188],"carpPosition":[78.2111,338.639,76.4419],"dipPosition":[52.7805,279.639,18.1428],"direction":[0.107482,-0.637081,0.763266],"extended":false,"handId":698,"id":6982,"length":66.821,"mcpPosition":[60.4521,342.779,9.29916],"pipPosition":[49.7325,297.705,-3.50163],"stabilizedTipPosition":[54.1961,279.233,34.3203],"timeVisible":0.018018,"tipPosition":[56.232,277.493,31.975],"tipVelocity":[118.474,-100.147,-136.375],"tool":false,"touchDistance":0.333333,"touchZone":"none","type":2,"width":18.9446},{"bases":[[[0.965279,-0.233447,-0.117217],[0.238384,0.970712,0.0298374],[0.106819,-0.0567442,0.992658]],[[0.963271,-0.232423,-0.134494],[-0.0799097,0.230055,-0.969891],[0.256366,0.945015,0.203033]],[[0.963271,-0.232423,-0.134494],[-0.267313,-0.782305,-0.562621],[0.0255506,0.577909,-0.815701]],[[0.963271,-0.232423,-0.134494],[-0.24542,-0.965263,-0.0896421],[-0.108987,0.119357,-0.986851]]],"btipPosition":[72.997,280.965,42.3476],"carpPosition":[89.7674,337.716,72.4806],"dipPosition":[70.9663,283.189,23.9603],"direction":[-0.0255506,-0.577909,0.815701],"extended":false,"handId":698,"id":6983,"length":64.2502,"mcpPosition":[83.0948,341.26,10.4726],"pipPosition":[71.6722,299.154,1.42627],"stabilizedTipPosition":[70.6671,282.467,40.0355],"timeVisible":0.018018,"tipPosition":[72.5099,281.415,38.0789],"tipVelocity":[108.239,-54.5713,-113.706],"tool":false,"touchDistance":0.333333,"touchZone":"none","type":3,"width":18.027},{"bases":[[[0.918408,-0.395605,-0.00484802],[0.394113,0.913733,0.0988236],[-0.0346653,-0.0926711,0.995093]],[[0.917963,-0.396617,0.00628969],[0.0831884,0.176986,-0.980691],[0.387846,0.900761,0.19546]],[[0.917963,-0.396617,0.00628969],[-0.324428,-0.759817,-0.563405],[0.228235,0.515144,-0.826157]],[[0.917963,-0.396617,0.00628969],[-0.393519,-0.912556,-0.111285],[0.0498774,0.0996808,-0.993769]]],"btipPosition":[84.4295,291.674,39.2847],"carpPosition":[101.41,329.838,70.522],"dipPosition":[85.2868,293.387,22.2027],"direction":[-0.228235,-0.515144,0.826157],"extended":false,"handId":698,"id":6984,"length":50.3709,"mcpPosition":[103.414,335.197,12.981],"pipPosition":[89.7385,303.435,6.0888],"stabilizedTipPosition":[83.306,292.653,37.1008],"timeVisible":0.018018,"tipPosition":[84.6416,292.108,35.4576],"tipVelocity":[76.2862,-32.9928,-104.778],"tool":false,"touchDistance":0.333333,"touchZone":"none","type":4,"width":16.013}],"r":[[0.999905,0.0132162,0.00401601],[-0.0132595,0.999852,0.0109437],[-0.00387078,-0.0109959,0.999932]],"s":1.0044,"t":[-0.320008,-0.625801,-0.0637439],"timestamp":523670530660},false],[3,{"currentFrameRate":110.253,"devices":[],"gestures":[],"hands":[{"armBasis":[[0.942484,0.0130846,-0.333996],[-0.0211422,0.999566,-0.020501],[0.333583,0.0263832,0.942351]],"armWidth":63.5437,"confidence":0.104409,"direction":[-0.220057,0.21649,-0.951161],"elbow":[177.604,332.498,335.798],"grabStrength":0,"id":698,"palmNormal":[-0.0327539,-0.976152,-0.214601],"palmPosition":[68.3834,332.725,31.6087],"palmVelocity":[-28.5481,-59.2797,-5.16879],"palmWidth":90.7382,"pinchStrength":0.84447,"r":[[0.999677,0.024332,0.00737098],[-0.0244709,0.999513,0.0193658],[-0.00689618,-0.0195399,0.999785]],"s":1.00913,"sphereCenter":[65.9893,299.254,3.14896],"sphereRadius":47.7393,"stabilizedPalmPosition":[69.1906,334.359,31.717],"t":[-0.567515,-1.13781,-0.0866267],"timeVisible":0.027019,"type":"right","wrist":[87.7858,325.394,82.067]}],"id":4272623,"interactionBox":{"center":[0,200,0],"size":[235.247,235.247,147.751]},"pointables":[{"bases":[[[0.378668,0.921808,-0.0829496],[-0.684095,0.339127,0.645761],[0.623398,-0.187783,0.759021]],[[0.0849469,0.916358,-0.391244],[-0.793336,0.299771,0.529863],[0.602828,0.265378,0.752445]],[[0.0849469,0.916358,-0.391244],[-0.996385,0.0786163,-0.0322026],[0.00124906,0.392566,0.919723]],[[0.0849469,0.916358,-0.391244],[-0.852397,-0.136495,-0.504766],[-0.51595,0.376374,0.769506]]],"btipPosition":[42.4581,278.343,2.6226],"carpPosition":[60.4673,313.685,89.31],"dipPosition":[30.4164,287.127,20.582],"direction":[-0.00124906,-0.392566,-0.919723],"extended":false,"handId":698,"id":6980,"length":51.9721,"mcpPosition":[60.4673,313.685,89.31],"pipPosition":[30.4589,300.475,51.8537],"stabilizedTipPosition":[43.2355,281.318,10.9608],"timeVisible":0.027019,"tipPosition":[41.3319,280.172,7.0513],"tipVelocity":[-112.101,-35.11,-160.944],"tool":false,"touchDistance":1,"touchZone":"none","type":0,"width":20.194},{"bases":[[[0.924149,0.0521911,-0.378452],[-0.0240708,0.996611,0.0786607],[0.381274,-0.0635845,0.922273]],[[0.981226,0.0386134,-0.188959],[-0.00477815,0.984319,0.176332],[0.192804,-0.172119,0.966024]],[[0.981226,0.0386134,-0.188959],[-0.033287,0.998956,0.0312818],[0.189969,-0.0244047,0.981487]],[[0.981226,0.0386134,-0.188959],[-0.0562976,0.994427,-0.0891329],[0.184464,0.0980974,0.977931]]],"btipPosition":[22.6444,346.115,-67.8108],"carpPosition":[66.5992,335.159,81.5601],"dipPosition":[25.7873,347.786,-51.1485],"direction":[-0.189969,0.0244047,-0.981487],"extended":true,"handId":698,"id":6981,"length":58.6448,"mcpPosition":[38.6267,339.824,13.8966],"pipPosition":[30.3663,347.198,-27.4912],"stabilizedTipPosition":[23.2216,346.18,-63.6716],"timeVisible":0.027019,"tipPosition":[23.3731,346.497,-63.9796],"tipVelocity":[7.51933,21.8303,-11.8214],"tool":false,"touchDistance":0.507803,"touchZone":"hovering","type":1,"width":19.2893},{"bases":[[[0.957636,-0.127547,-0.258197],[0.140891,0.989449,0.0337757],[0.251165,-0.0687224,0.965502]],[[0.957673,-0.127557,-0.258055],[-0.205881,0.323028,-0.923724],[0.201186,0.937754,0.283094]],[[0.957673,-0.127557,-0.258055],[-0.263288,-0.750553,-0.606094],[-0.116372,0.648382,-0.752368]],[[0.957673,-0.127557,-0.258055],[-0.164343,-0.97828,-0.126332],[-0.236335,0.163395,-0.957835]]],"btipPosition":[58.1439,275.78,35.0578],"carpPosition":[77.5601,337.522,76.5547],"dipPosition":[53.715,278.842,17.108],"direction":[0.116372,-0.648382,0.752368],"extended":false,"handId":698,"id":6982,"length":66.821,"mcpPosition":[60.0854,342.304,9.38004],"pipPosition":[50.4149,297.229,-4.22742],"stabilizedTipPosition":[54.2476,279.184,34.2607],"timeVisible":0.027019,"tipPosition":[57.1441,276.546,30.963],"tipVelocity":[113.279,-102.494,-131.112],"tool":false,"touchDistance":0.333333,"touchZone":"none","type":2,"width":18.9446},{"bases":[[[0.970795,-0.210493,-0.115108],[0.216884,0.975113,0.0460033],[0.10256,-0.0696248,0.992287]],[[0.968868,-0.209253,-0.132317],[-0.0801947,0.24038,-0.967361],[0.234229,0.947856,0.216115]],[[0.968868,-0.209253,-0.132317],[-0.247012,-0.780926,-0.573706],[0.0167198,0.58853,-0.808303]],[[0.968868,-0.209253,-0.132317],[-0.223492,-0.969164,-0.103793],[-0.106518,0.130134,-0.985758]]],"btipPosition":[73.8355,280.346,41.73],"carpPosition":[89.1557,336.912,72.6475],"dipPosition":[71.8509,282.77,23.363],"direction":[-0.0167198,-0.58853,0.808303],"extended":false,"handId":698,"id":6983,"length":64.2502,"mcpPosition":[82.7491,341.261,10.6626],"pipPosition":[72.3128,299.029,1.03341],"stabilizedTipPosition":[70.6964,282.451,40.0081],"timeVisible":0.027019,"tipPosition":[73.349,280.825,37.4023],"tipVelocity":[104.421,-57.0852,-101.181],"tool":false,"touchDistance":0.333333,"touchZone":"none","type":3,"width":18.027},{"bases":[[[0.926871,-0.375341,-0.0054961],[0.373441,0.920495,0.115024],[-0.0381141,-0.108665,0.993347]],[[0.926378,-0.376551,0.0057855],[0.0864791,0.197751,-0.97643],[0.366531,0.905044,0.215756]],[[0.926378,-0.376551,0.0057855],[-0.303598,-0.755814,-0.580149],[0.222828,0.535681,-0.81449]],[[0.926378,-0.376551,0.0057855],[-0.372664,-0.918813,-0.130015],[0.0542732,0.118287,-0.991495]]],"btipPosition":[84.9791,291.21,38.5187],"carpPosition":[100.979,329.322,70.6373],"dipPosition":[85.912,293.244,21.4758],"direction":[-0.222828,-0.535681,0.81449],"extended":false,"handId":698,"id":6984,"length":50.3709,"mcpPosition":[103.183,335.605,13.1973],"pipPosition":[90.2582,303.692,5.58946],"stabilizedTipPosition":[83.3144,292.649,37.0896],"timeVisible":0.027019,"tipPosition":[85.2176,291.739,34.7699],"tipVelocity":[72.6355,-35.8196,-99.1003],"tool":false,"touchDistance":0.333333,"touchZone":"none","type":4,"width":16.013}],"r":[[0.999677,0.024332,0.00737098],[-0.0244709,0.999513,0.0193658],[-0.00689618,-0.0195399,0.999785]],"s":1.00913,"t":[-0.567515,-1.13781,-0.0866267],"timestamp":523670539661},false],[4,{"currentFrameRate":110.286,"devices":[],"gestures":[],"hands":[{"armBasis":[[0.937206,0.0383967,-0.346656],[-0.0548856,0.997774,-0.03787],[0.34443,0.0545184,0.937228]],"armWidth":63.5437,"confidence":0.140643,"direction":[-0.21989,0.227426,-0.948644],"elbow":[179.887,338.383,333.719],"grabStrength":0,"id":698,"palmNormal":[-0.00578828,-0.972732,-0.231859],"palmPosition":[67.8667,331.415,30.9195],"palmVelocity":[-36.4653,-82.9613,-24.7735],"palmWidth":90.7382,"pinchStrength":0.808331,"r":[[0.999196,0.0384031,0.0115208],[-0.0387289,0.998813,0.0295378],[-0.0103728,-0.0299602,0.999497]],"s":1.01456,"sphereCenter":[67.0159,298.117,1.69184],"sphereRadius":48.0441,"stabilizedPalmPosition":[69.1773,334.33,31.709],"t":[-0.949619,-2.04897,-0.442685],"timeVisible":0.036027,"type":"right","wrist":[87.1483,323.704,81.3674]}],"id":4272624,"interactionBox":{"center":[0,200,0],"size":[235.247,235.247,147.751]},"pointables":[{"bases":[[[0.354811,0.932722,-0.0643303],[-0.696679,0.309651,0.647113],[0.623497,-0.184785,0.759675]],[[0.0694799,0.92693,-0.368745],[-0.796633,0.274044,0.538772],[0.600456,0.256321,0.757464]],[[0.0694799,0.92693,-0.368745],[-0.997442,0.0707823,-0.0100122],[0.01682,0.368497,0.929477]],[[0.0694799,0.92693,-0.368745],[-0.863285,-0.129366,-0.487857],[-0.499912,0.352228,0.791216]]],"btipPosition":[41.3085,277.649,0.450209],"carpPosition":[60.1034,311.158,88.2258],"dipPosition":[29.6411,285.869,18.9163],"direction":[-0.01682,-0.368497,-0.929477],"extended":false,"handId":698,"id":6980,"length":51.9721,"mcpPosition":[60.1034,311.158,88.2258],"pipPosition":[30.213,298.399,50.5196],"stabilizedTipPosition":[43.2096,281.308,10.9256],"timeVisible":0.036027,"tipPosition":[40.507,279.242,5.03741],"tipVelocity":[-113.738,-50.5999,-179.432],"tool":false,"touchDistance":1,"touchZone":"none","type":0,"width":20.194},{"bases":[[[0.924739,0.083032,-0.371435],[-0.0507279,0.994095,0.0959296],[0.377206,-0.0698678,0.92349]],[[0.980947,0.0676318,-0.182124],[-0.0316884,0.980595,0.193466],[0.191674,-0.184009,0.964055]],[[0.980947,0.0676318,-0.182124],[-0.0597473,0.997037,0.0484425],[0.18486,-0.0366381,0.982082]],[[0.980947,0.0676318,-0.182124],[-0.0819459,0.994015,-0.0722449],[0.176147,0.0857927,0.980618]]],"btipPosition":[22.3728,345.349,-68.5429],"carpPosition":[65.7159,332.919,80.8931],"dipPosition":[25.374,346.811,-51.8348],"direction":[-0.18486,0.0366381,-0.982082],"extended":true,"handId":698,"id":6981,"length":58.6448,"mcpPosition":[38.0418,338.044,13.1403],"pipPosition":[29.8298,345.928,-28.1632],"stabilizedTipPosition":[23.2213,346.179,-63.6739],"timeVisible":0.036027,"tipPosition":[23.0776,345.686,-64.7027],"tipVelocity":[-3.82623,-8.99537,-30.5842],"tool":false,"touchDistance":0.479533,"touchZone":"hovering","type":1,"width":19.2893},{"bases":[[[0.962207,-0.0978644,-0.254128],[0.114634,0.992046,0.0520049],[0.247017,-0.0791712,0.965772]],[[0.962267,-0.0978839,-0.25389],[-0.208387,0.3349,-0.918921],[0.174976,0.937156,0.301866]],[[0.962267,-0.0978839,-0.25389],[-0.239994,-0.745028,-0.622363],[-0.128236,0.659812,-0.740408]],[[0.962267,-0.0978839,-0.25389],[-0.138279,-0.979505,-0.146456],[-0.234351,0.176038,-0.956081]]],"btipPosition":[59.0726,274.108,33.2115],"carpPosition":[76.6411,335.656,76.0016],"dipPosition":[54.6809,277.407,15.2946],"direction":[0.128236,-0.659812,0.740408],"extended":false,"handId":698,"id":6982,"length":66.821,"mcpPosition":[59.455,341.164,8.80808],"pipPosition":[51.0444,296.118,-5.7017],"stabilizedTipPosition":[54.3327,279.088,34.1454],"timeVisible":0.036027,"tipPosition":[58.0909,274.946,29.1581],"tipVelocity":[110.743,-123.667,-151.175],"tool":false,"touchDistance":0.333333,"touchZone":"none","type":2,"width":18.9446},{"bases":[[[0.976672,-0.182953,-0.112429],[0.190903,0.979489,0.0644759],[0.0983269,-0.0844348,0.991566]],[[0.974819,-0.18146,-0.129616],[-0.0819796,0.248928,-0.965046],[0.207383,0.951371,0.227784]],[[0.974819,-0.18146,-0.129616],[-0.222947,-0.780649,-0.58385],[0.00476077,0.598046,-0.801448]],[[0.974819,-0.18146,-0.129616],[-0.196882,-0.973284,-0.118137],[-0.104716,0.140681,-0.984502]]],"btipPosition":[74.7095,279.161,40.555],"carpPosition":[88.2722,335.418,72.1601],"dipPosition":[72.7584,281.782,22.2114],"direction":[-0.00476077,-0.598046,0.801448],"extended":false,"handId":698,"id":6983,"length":64.2502,"mcpPosition":[82.13,340.693,10.2203],"pipPosition":[72.8899,298.303,0.0711786],"stabilizedTipPosition":[70.7455,282.414,39.9576],"timeVisible":0.036027,"tipPosition":[74.2098,279.656,36.097],"tipVelocity":[102.622,-76.1593,-109.058],"tool":false,"touchDistance":0.333333,"touchZone":"none","type":3,"width":18.027},{"bases":[[[0.93643,-0.350804,-0.00600784],[0.348419,0.927776,0.133552],[-0.0412765,-0.127155,0.991024]],[[0.935894,-0.352241,0.00537111],[0.0875541,0.217807,-0.972057],[0.341228,0.910213,0.234684]],[[0.935894,-0.352241,0.00537111],[-0.279889,-0.752743,-0.595852],[0.213926,0.556151,-0.803076]],[[0.935894,-0.352241,0.00537111],[-0.347565,-0.925744,-0.148983],[0.0574501,0.137566,-0.988825]]],"btipPosition":[85.4971,290.222,37.1745],"carpPosition":[100.303,328.176,70.0947],"dipPosition":[86.4846,292.586,20.1775],"direction":[-0.213926,-0.556151,0.803076],"extended":false,"handId":698,"id":6984,"length":50.3709,"mcpPosition":[102.689,335.529,12.789],"pipPosition":[90.6572,303.434,4.51375],"stabilizedTipPosition":[83.3266,292.639,37.0702],"timeVisible":0.036027,"tipPosition":[85.7477,290.826,33.4457],"tipVelocity":[68.8612,-53.8162,-112.552],"tool":false,"touchDistance":0.333333,"touchZone":"none","type":4,"width":16.013}],"r":[[0.999196,0.0384031,0.0115208],[-0.0387289,0.998813,0.0295378],[-0.0103728,-0.0299602,0.999497]],"s":1.01456,"t":[-0.949619,-2.04897,-0.442685],"timestamp":523670548669},false],[5,{"currentFrameRate":110.254,"devices":[],"gestures":[],"hands":[{"armBasis":[[0.933898,0.0567728,-0.353004],[-0.0806875,0.995308,-0.0533916],[0.348316,0.0783453,0.934097]],"armWidth":63.5437,"confidence":0.181392,"direction":[-0.221103,0.233698,-0.946836],"elbow":[180.499,343.525,332.231],"grabStrength":0,"id":698,"palmNormal":[0.0148241,-0.969947,-0.242864],"palmPosition":[67.459,330.322,30.2928],"palmVelocity":[-38.7431,-93.1878,-36.9686],"palmWidth":90.7382,"pinchStrength":0.779285,"r":[[0.998435,0.0536473,0.0157967],[-0.0542401,0.997732,0.0398538],[-0.0136228,-0.0406482,0.999081]],"s":1.01987,"sphereCenter":[67.6959,297.158,0.57096],"sphereRadius":48.2592,"stabilizedPalmPosition":[69.1517,334.27,31.6879],"t":[-1.34449,-3.0511,-0.934056],"timeVisible":0.045154,"type":"right","wrist":[86.7143,322.43,80.7228]}],"id":4272625,"interactionBox":{"center":[0,200,0],"size":[235.247,235.247,147.751]},"pointables":[{"bases":[[[0.335989,0.940405,-0.0524375],[-0.705126,0.288058,0.647935],[0.624427,-0.180724,0.759888]],[[0.0572343,0.933906,-0.352908],[-0.79826,0.255103,0.545622],[0.599588,0.250484,0.7601]],[[0.0572343,0.933906,-0.352908],[-0.997955,0.0635981,0.00645334],[0.0284711,0.351817,0.935636]],[[0.0572343,0.933906,-0.352908],[-0.870604,-0.126325,-0.47549],[-0.488644,0.334457,0.805832]]],"btipPosition":[40.4953,277.024,-1.1207],"carpPosition":[59.9061,309.261,87.3366],"dipPosition":[29.0909,284.83,17.6865],"direction":[-0.0284711,-0.351817,-0.935636],"extended":false,"handId":698,"id":6980,"length":51.9721,"mcpPosition":[59.9061,309.261,87.3366],"pipPosition":[30.059,296.792,49.4993],"stabilizedTipPosition":[43.1751,281.292,10.8756],"timeVisible":0.045154,"tipPosition":[39.8469,278.44,3.54752],"tipVelocity":[-105.05,-58.4735,-175.011],"tool":false,"touchDistance":1,"touchZone":"none","type":0,"width":20.194},{"bases":[[[0.924171,0.106011,-0.366974],[-0.0712804,0.991704,0.106972],[0.37527,-0.0727025,0.92406]],[[0.97993,0.0896398,-0.17805],[-0.0522443,0.977457,0.204569],[0.192373,-0.191161,0.962523]],[[0.97993,0.0896398,-0.17805],[-0.0801918,0.994997,0.0595843],[0.1825,-0.0441103,0.982216]],[[0.97993,0.0896398,-0.17805],[-0.101959,0.9929,-0.0612712],[0.171293,0.0781952,0.982112]]],"btipPosition":[22.0094,344.467,-69.1691],"carpPosition":[65.1008,331.213,80.2717],"dipPosition":[24.9279,345.8,-52.4356],"direction":[-0.1825,0.0441103,-0.982216],"extended":true,"handId":698,"id":6981,"length":58.6448,"mcpPosition":[37.5687,336.546,12.4771],"pipPosition":[29.3268,344.736,-28.7607],"stabilizedTipPosition":[23.22,346.176,-63.6777],"timeVisible":0.045154,"tipPosition":[22.7078,344.772,-65.3257],"tipVelocity":[-14.4057,-34.2555,-40.9728],"tool":false,"touchDistance":0.455607,"touchZone":"hovering","type":1,"width":19.2893},{"bases":[[[0.964894,-0.0754113,-0.251579],[0.0942442,0.993512,0.0636524],[0.245147,-0.0851277,0.965741]],[[0.964959,-0.0754337,-0.251325],[-0.211939,0.340665,-0.915986],[0.154714,0.937154,0.31274]],[[0.964959,-0.0754337,-0.251325],[-0.222564,-0.742632,-0.631635],[-0.138995,0.665438,-0.733398]],[[0.964959,-0.0754337,-0.251325],[-0.117864,-0.980332,-0.158296],[-0.234441,0.182371,-0.954871]]],"btipPosition":[59.8276,272.815,31.9207],"carpPosition":[75.9853,334.226,75.4528],"dipPosition":[55.4342,276.233,14.0264],"direction":[0.138995,-0.665438,0.733398],"extended":false,"handId":698,"id":6982,"length":66.821,"mcpPosition":[58.9293,340.149,8.26142],"pipPosition":[51.4926,295.103,-6.77106],"stabilizedTipPosition":[54.4523,278.942,33.9763],"timeVisible":0.045154,"tipPosition":[58.8418,273.683,27.8654],"tipVelocity":[102.945,-127.837,-148.308],"tool":false,"touchDistance":0.333333,"touchZone":"none","type":2,"width":18.9446},{"bases":[[[0.980584,-0.161796,-0.110798],[0.170707,0.982366,0.0762688],[0.0965044,-0.0937021,0.990912]],[[0.978771,-0.160153,-0.127902],[-0.084144,0.255041,-0.963262],[0.186889,0.953575,0.23615]],[[0.978771,-0.160153,-0.127902],[-0.204893,-0.780236,-0.590974],[-0.00514762,0.604635,-0.796486]],[[0.978771,-0.160153,-0.127902],[-0.176399,-0.975985,-0.127813],[-0.104361,0.147661,-0.983517]]],"btipPosition":[75.3637,278.18,39.5604],"carpPosition":[87.6324,334.269,71.6529],"dipPosition":[73.4193,280.931,21.2352],"direction":[0.00514761,-0.604635,0.796486],"extended":false,"handId":698,"id":6983,"length":64.2502,"mcpPosition":[81.6041,340.122,9.7539],"pipPosition":[73.2771,297.635,-0.768005],"stabilizedTipPosition":[70.8142,282.354,39.8816],"timeVisible":0.045154,"tipPosition":[74.8598,278.694,35.0489],"tipVelocity":[94.0718,-83.9435,-108.906],"tool":false,"touchDistance":0.333333,"touchZone":"none","type":3,"width":18.027},{"bases":[[[0.943388,-0.33163,-0.00643477],[0.328997,0.933078,0.14535],[-0.0421983,-0.139239,0.989359]],[[0.942835,-0.333221,0.00502976],[0.0869384,0.231363,-0.968975],[0.321719,0.914021,0.247107]],[[0.942835,-0.333221,0.00502976],[-0.26218,-0.750978,-0.606048],[0.205725,0.570085,-0.795412]],[[0.942835,-0.333221,0.00502976],[-0.328098,-0.930774,-0.16128],[0.0584235,0.15041,-0.986896]]],"btipPosition":[85.8938,289.414,36.1066],"carpPosition":[99.8148,327.297,69.5512],"dipPosition":[86.8981,291.999,19.1427],"direction":[-0.205725,-0.570085,0.795412],"extended":false,"handId":698,"id":6984,"length":50.3709,"mcpPosition":[102.255,335.348,12.3418],"pipPosition":[90.9107,303.119,3.62846],"stabilizedTipPosition":[83.3421,292.625,37.0433],"timeVisible":0.045154,"tipPosition":[86.1484,290.07,32.3967],"tipVelocity":[61.9228,-61.9086,-113.558],"tool":false,"touchDistance":0.333333,"touchZone":"none","type":4,"width":16.013}],"r":[[0.998435,0.0536473,0.0157967],[-0.0542401,0.997732,0.0398538],[-0.0136228,-0.0406482,0.999081]],"s":1.01987,"t":[-1.34449,-3.0511,-0.934056],"timestamp":523670557796},false],[6,{"currentFrameRate":110.323,"devices":[],"gestures":[],"hands":[{"armBasis":[[0.925538,0.0774142,-0.370656],[-0.106349,0.992622,-0.0582388],[0.363413,0.093321,0.926942]],"armWidth":63.5437,"confidence":0.219733,"direction":[-0.221205,0.240966,-0.944989],"elbow":[184.031,346.59,329.781],"grabStrength":0,"id":698,"palmNormal":[0.0380321,-0.966125,-0.255259],"palmPosition":[67.0256,329.574,29.7667],"palmVelocity":[-41.3988,-90.5598,-42.9404],"palmWidth":90.7382,"pinchStrength":0.746296,"r":[[0.997317,0.070245,0.0206177],[-0.0712101,0.996179,0.0505587],[-0.0169874,-0.0518912,0.998508]],"s":1.02529,"sphereCenter":[68.4263,296.606,-0.495257],"sphereRadius":48.4957,"stabilizedPalmPosition":[69.1117,334.182,31.6517],"t":[-1.75862,-3.92578,-1.4428],"timeVisible":0.054096,"type":"right","wrist":[86.1815,321.463,80.1996]}],"id":4272626,"interactionBox":{"center":[0,200,0],"size":[235.247,235.247,147.751]},"pointables":[{"bases":[[[0.314949,0.948332,-0.0383969],[-0.71494,0.263657,0.647569],[0.624234,-0.1765,0.761039]],[[0.0447082,0.941519,-0.33398],[-0.799472,0.234187,0.553174],[0.599038,0.242276,0.763188]],[[0.0447082,0.941519,-0.33398],[-0.998176,0.055678,0.0233406],[0.040571,0.332327,0.942291]],[[0.0447082,0.941519,-0.33398],[-0.876642,-0.123342,-0.465064],[-0.479061,0.313573,0.819862]]],"btipPosition":[39.6236,276.93,-2.67443],"carpPosition":[59.6421,307.608,86.4903],"dipPosition":[28.4429,284.248,16.4602],"direction":[-0.040571,-0.332327,-0.942291],"extended":false,"handId":698,"id":6980,"length":51.9721,"mcpPosition":[59.6421,307.608,86.4903],"pipPosition":[29.8224,295.548,48.4992],"stabilizedTipPosition":[43.135,281.274,10.8158],"timeVisible":0.054096,"tipPosition":[39.1633,278.135,2.05961],"tipVelocity":[-101.412,-48.7953,-172.369],"tool":false,"touchDistance":0.949718,"touchZone":"hovering","type":0,"width":20.194},{"bases":[[[0.923511,0.131551,-0.360309],[-0.0942303,0.988372,0.119339],[0.371818,-0.0762589,0.925168]],[[0.978498,0.11404,-0.171863],[-0.0753445,0.973291,0.216858],[0.192004,-0.199246,0.960956]],[[0.978498,0.11404,-0.171863],[-0.103034,0.992092,0.0716818],[0.178679,-0.0524326,0.982509]],[[0.978498,0.11404,-0.171863],[-0.124203,0.991019,-0.0495507],[0.164669,0.0698311,0.983874]]],"btipPosition":[21.7605,343.967,-69.7534],"carpPosition":[64.3779,329.761,79.7387],"dipPosition":[24.5662,345.156,-52.9898],"direction":[-0.178679,0.0524326,-0.982509],"extended":true,"handId":698,"id":6981,"length":58.6448,"mcpPosition":[37.0991,335.356,11.8628],"pipPosition":[28.873,343.893,-29.3079],"stabilizedTipPosition":[23.218,346.171,-63.6831],"timeVisible":0.054096,"tipPosition":[22.4491,344.246,-65.9057],"tipVelocity":[-18.8641,-41.1924,-47.4159],"tool":false,"touchDistance":0.434719,"touchZone":"hovering","type":1,"width":19.2893},{"bases":[[[0.967696,-0.0503948,-0.247032],[0.0714428,0.994469,0.0769895],[0.241786,-0.0921511,0.965944]],[[0.967763,-0.0504204,-0.246764],[-0.214651,0.347422,-0.91281],[0.131756,0.936352,0.325399]],[[0.967763,-0.0504204,-0.246764],[-0.202331,-0.739104,-0.642485],[-0.14999,0.671701,-0.725479]],[[0.967763,-0.0504204,-0.246764],[-0.0949262,-0.980524,-0.171936],[-0.233289,0.189818,-0.953701]]],"btipPosition":[60.6874,271.881,30.6199],"carpPosition":[75.2175,333.082,75.0211],"dipPosition":[56.3156,275.438,12.7476],"direction":[0.14999,-0.671701,0.725479],"extended":false,"handId":698,"id":6982,"length":66.821,"mcpPosition":[58.3953,339.493,7.8156],"pipPosition":[52.0622,294.486,-7.82536],"stabilizedTipPosition":[54.6032,278.762,33.7609],"timeVisible":0.054096,"tipPosition":[59.7033,272.783,26.5656],"tipVelocity":[101.241,-120.483,-147.379],"tool":false,"touchDistance":0.333333,"touchZone":"none","type":2,"width":18.9446},{"bases":[[[0.984572,-0.138229,-0.107289],[0.148069,0.984883,0.0898964],[0.0932409,-0.104396,0.990155]],[[0.982812,-0.136403,-0.124395],[-0.0853121,0.261978,-0.961296],[0.163713,0.955386,0.245839]],[[0.982812,-0.136403,-0.124395],[-0.183983,-0.779127,-0.599259],[-0.0151787,0.611846,-0.790832]],[[0.982812,-0.136403,-0.124395],[-0.153376,-0.978343,-0.138998],[-0.102741,0.155688,-0.982449]]],"btipPosition":[76.0958,277.586,38.6354],"carpPosition":[86.881,333.436,71.2884],"dipPosition":[74.1815,280.487,20.3301],"direction":[0.0151787,-0.611846,0.790832],"extended":false,"handId":698,"id":6983,"length":64.2502,"mcpPosition":[81.0565,339.957,9.4367],"pipPosition":[73.7622,297.389,-1.51688],"stabilizedTipPosition":[70.9008,282.281,39.784],"timeVisible":0.054096,"tipPosition":[75.5928,278.122,34.0632],"tipVelocity":[90.9506,-78.1189,-107.274],"tool":false,"touchDistance":0.333333,"touchZone":"none","type":3,"width":18.027},{"bases":[[[0.950656,-0.310201,-0.00533705],[0.307055,0.938275,0.159237],[-0.0443879,-0.153018,0.987226]],[[0.950076,-0.311958,0.00612966],[0.0869515,0.245844,-0.965401],[0.299657,0.917738,0.260696]],[[0.950076,-0.311958,0.00612966],[-0.24187,-0.748748,-0.617151],[0.197115,0.584858,-0.786821]],[[0.950076,-0.311958,0.00612966],[-0.306123,-0.935748,-0.175111],[0.0603629,0.164492,-0.98453]]],"btipPosition":[86.3471,289.02,35.1577],"carpPosition":[99.2289,326.768,69.1664],"dipPosition":[87.3846,291.848,18.2346],"direction":[-0.197115,-0.584858,0.786821],"extended":false,"handId":698,"id":6984,"length":50.3709,"mcpPosition":[101.796,335.616,12.0804],"pipPosition":[91.2293,303.255,2.88788],"stabilizedTipPosition":[83.3598,292.608,37.0118],"timeVisible":0.054096,"tipPosition":[86.607,289.73,31.4573],"tipVelocity":[59.0883,-55.3165,-111.238],"tool":false,"touchDistance":0.333333,"touchZone":"none","type":4,"width":16.013}],"r":[[0.997317,0.070245,0.0206177],[-0.0712