{"sensorType":"Leap","data":[[0,{"currentFrameRate":108.775,"devices":[],"gestures":[],"hands":[{"armBasis":[[0.912599,0.0657325,-0.403536],[-0.124902,0.98463,-0.122079],[0.38931,0.161811,0.906783]],"armWidth":63.5437,"confidence":0.853868,"direction":[-0.199614,0.18627,-0.962007],"elbow":[183.891,368.87,330.997],"grabStrength":0,"id":697,"palmNormal":[0.0633264,-0.977261,-0.202363],"palmPosition":[61.1583,330.352,35.5601],"palmVelocity":[-9.89712,-61.7536,-70.9344],"palmWidth":90.7382,"pinchStrength":0.767919,"r":[[0.941004,0.338386,-0.00261888],[-0.337734,0.939618,0.0552628],[0.0211609,-0.051118,0.998468]],"s":0.935429,"sphereCenter":[55.8298,290.514,7.70503],"sphereRadius":47.6916,"stabilizedPalmPosition":[65.3049,345.027,51.0552],"t":[1.08408,16.8921,-72.7514],"timeVisible":1.18403,"type":"right","wrist":[79.0679,325.302,86.8433]}],"id":4271878,"interactionBox":{"center":[0,200,0],"size":[235.247,235.247,147.751]},"pointables":[{"bases":[[[0.297883,0.951205,-0.0804707],[-0.737367,0.282812,0.613439],[0.606264,-0.123396,0.785632]],[[0.0986456,0.943484,-0.316398],[-0.803058,0.263243,0.534603],[0.587679,0.20135,0.78364]],[[0.0986456,0.943484,-0.316398],[-0.97768,0.151156,0.145922],[0.1855,0.294942,0.937336]],[[0.0986456,0.943484,-0.316398],[-0.761876,-0.132933,-0.633935],[-0.640167,0.303591,0.705704]]],"btipPosition":[32.0116,284.124,5.80703],"carpPosition":[52.6324,311.261,93.1571],"dipPosition":[17.0708,291.209,22.2773],"direction":[-0.1855,-0.294942,-0.937336],"extended":false,"handId":697,"id":6970,"length":51.9721,"mcpPosition":[52.6324,311.261,93.1571],"pipPosition":[23.378,301.238,54.1479],"stabilizedTipPosition":[28.6832,299.549,21.8193],"timeVisible":1.18403,"tipPosition":[27.9876,286.164,9.42822],"tipVelocity":[4.46587,-72.8569,-79.791],"tool":false,"touchDistance":-0.215145,"touchZone":"touching","type":0,"width":20.194},{"bases":[[[0.930429,0.131152,-0.3422],[-0.116171,0.991164,0.0640106],[0.347572,-0.0198037,0.937444]],[[0.952862,0.129404,-0.274425],[-0.116933,0.99124,0.0613988],[0.279966,-0.0264152,0.959646]],[[0.952862,0.129404,-0.274425],[-0.157615,0.983983,-0.0832802],[0.259253,0.122608,0.957995]],[[0.952862,0.129404,-0.274425],[-0.187657,0.962089,-0.197914],[0.23841,0.240082,0.941021]]],"btipPosition":[9.32647,328.658,-63.6521],"carpPosition":[57.1322,333.119,85.3635],"dipPosition":[13.3886,332.749,-47.6187],"direction":[-0.259253,-0.122608,-0.957995],"extended":true,"handId":697,"id":6971,"length":58.6448,"mcpPosition":[31.6322,334.572,16.5869],"pipPosition":[19.6375,335.704,-24.5277],"stabilizedTipPosition":[14.0148,335.481,-54.2439],"timeVisible":1.18403,"tipPosition":[10.2479,330.259,-59.9505],"tipVelocity":[-22.1991,-59.2005,-63.911],"tool":false,"touchDistance":-0.33928,"touchZone":"touching","type":1,"width":19.2893},{"bases":[[[0.974913,-0.0436335,-0.218267],[0.0504609,0.998393,0.0258019],[0.21679,-0.0361686,0.975548]],[[0.983415,-0.0451643,-0.175659],[-0.132964,0.479172,-0.867591],[0.123355,0.876558,0.46522]],[[0.983415,-0.0451643,-0.175659],[-0.180861,-0.316887,-0.931059],[-0.0136135,0.947387,-0.3198]],[[0.983415,-0.0451643,-0.175659],[-0.159423,-0.67708,-0.718434],[-0.0864876,0.734522,-0.673051]]],"btipPosition":[49.0272,256.159,12.2111],"carpPosition":[68.0328,336.407,80.7647],"dipPosition":[47.4064,269.924,-0.401902],"direction":[0.0136135,-0.947387,0.3198],"extended":false,"handId":697,"id":6972,"length":66.821,"mcpPosition":[52.9497,338.923,12.891],"pipPosition":[47.0204,296.789,-9.4707],"stabilizedTipPosition":[51.2805,281.036,39.376],"timeVisible":1.18403,"tipPosition":[48.8788,259.625,10.4463],"tipVelocity":[-6.0613,-59.0437,-115.498],"tool":false,"touchDistance":0.333333,"touchZone":"none","type":2,"width":18.9446},{"bases":[[[0.989593,-0.123619,-0.0736475],[0.12687,0.991062,0.041227],[0.0678928,-0.0501416,0.996432]],[[0.987313,-0.122171,-0.101431],[-0.0418222,0.416149,-0.908334],[0.153182,0.901052,0.405759]],[[0.987313,-0.122171,-0.101431],[-0.140555,-0.375198,-0.916226],[0.0738796,0.918858,-0.38761]],[[0.987313,-0.122171,-0.101431],[-0.158255,-0.704756,-0.691574],[0.0130064,0.698852,-0.715148]]],"btipPosition":[66.4364,261.381,21.0388],"carpPosition":[79.7859,336.801,77.3289],"dipPosition":[66.6787,274.402,7.71397],"direction":[-0.0738796,-0.918858,0.38761],"extended":false,"handId":697,"id":6973,"length":64.2502,"mcpPosition":[75.5449,339.933,15.0851],"pipPosition":[68.7197,299.786,-2.99388],"stabilizedTipPosition":[68.2383,286.907,46.1777],"timeVisible":1.18403,"tipPosition":[66.6121,264.699,18.7775],"tipVelocity":[-2.34232,-58.6667,-99.7907],"tool":false,"touchDistance":0.333333,"touchZone":"none","type":3,"width":18.027},{"bases":[[[0.956143,-0.290633,0.0363809],[0.28474,0.951421,0.11714],[-0.0686582,-0.101643,0.992449]],[[0.930716,-0.303645,0.203881],[0.314238,0.37865,-0.870562],[0.187143,0.874313,0.447833]],[[0.930716,-0.303645,0.203881],[0.0754375,-0.386082,-0.919375],[0.357879,0.871057,-0.336426]],[[0.930716,-0.303645,0.203881],[-0.069755,-0.69458,-0.716026],[0.35903,0.652195,-0.667637]]],"btipPosition":[76.5311,277.13,20.7516],"carpPosition":[92.3115,330.283,75.8929],"dipPosition":[82.7025,288.341,9.27554],"direction":[-0.357879,-0.871057,0.336426],"extended":false,"handId":697,"id":6974,"length":50.3709,"mcpPosition":[96.2817,336.16,18.5048],"pipPosition":[89.6828,305.331,2.71365],"stabilizedTipPosition":[81.0299,297.66,43.9974],"timeVisible":1.18403,"tipPosition":[78.1441,280.085,18.8962],"tipVelocity":[-3.83659,-57.4019,-101.849],"tool":false,"touchDistance":0.333333,"touchZone":"none","type":4,"width":16.013}],"r":[[0.941004,0.338386,-0.00261888],[-0.337734,0.939618,0.0552628],[0.0211609,-0.051118,0.998468]],"s":0.935429,"t":[1.08408,16.8921,-72.7514],"timestamp":523662976152},false],[1,{"currentFrameRate":108.813,"devices":[],"gestures":[],"hands":[{"armBasis":[[0.911324,0.0695896,-0.405766],[-0.126393,0.985305,-0.11489],[0.391808,0.155988,0.906727]],"armWidth":63.5437,"confidence":0.859585,"direction":[-0.20204,0.187448,-0.961271],"elbow":[184.738,366.796,330.097],"grabStrength":0,"id":697,"palmNormal":[0.0650397,-0.976778,-0.204142],"palmPosition":[61.2139,329.894,34.7216],"palmVelocity":[-5.45561,-58.5764,-76.7641],"palmWidth":90.7382,"pinchStrength":0.769898,"r":[[0.940468,0.339868,-0.00315244],[-0.339121,0.938941,0.0582005],[0.0227405,-0.0536667,0.9983]],"s":0.934132,"sphereCenter":[55.9222,290.073,6.81457],"sphereRadius":47.6854,"stabilizedPalmPosition":[65.1934,344.615,50.6101],"t":[1.09075,16.42,-73.5255],"timeVisible":1.19315,"type":"right","wrist":[79.2422,324.796,85.9586]}],"id":4271879,"interactionBox":{"center":[0,200,0],"size":[235.247,235.247,147.751]},"pointables":[{"bases":[[[0.295631,0.951989,-0.0794916],[-0.736694,0.280164,0.615459],[0.608181,-0.123388,0.78415]],[[0.0953645,0.944085,-0.315609],[-0.803174,0.260276,0.53588],[0.588062,0.202385,0.783086]],[[0.0953645,0.944085,-0.315609],[-0.977757,0.148337,0.148284],[0.186809,0.294448,0.937231]],[[0.0953645,0.944085,-0.315609],[-0.763171,-0.134223,-0.632103],[-0.639121,0.301144,0.707698]]],"btipPosition":[32.1419,283.572,4.93868],"carpPosition":[52.8507,310.687,92.3041],"dipPosition":[17.2255,290.6,21.4555],"direction":[-0.186809,-0.294448,-0.937231],"extended":false,"handId":697,"id":6970,"length":51.9721,"mcpPosition":[52.8507,310.687,92.3041],"pipPosition":[23.5773,300.612,53.3226],"stabilizedTipPosition":[28.6842,299.028,21.3446],"timeVisible":1.19315,"tipPosition":[28.1338,285.611,8.58433],"tipVelocity":[7.36518,-69.8293,-83.7453],"tool":false,"touchDistance":-0.229439,"touchZone":"touching","type":0,"width":20.194},{"bases":[[[0.929419,0.133766,-0.343928],[-0.118205,0.990799,0.0659242],[0.349582,-0.0206174,0.936679]],[[0.951884,0.131965,-0.276588],[-0.11933,0.99091,0.0621055],[0.28227,-0.026112,0.95898]],[[0.951884,0.131965,-0.276588],[-0.16012,0.98371,-0.0817119],[0.2613,0.122068,0.957508]],[[0.951884,0.131965,-0.276588],[-0.190224,0.962048,-0.195651],[0.240272,0.238851,0.940861]]],"btipPosition":[9.15339,328.187,-64.3785],"carpPosition":[57.2863,332.568,84.5379],"dipPosition":[13.2472,332.257,-48.3478],"direction":[-0.2613,-0.122068,-0.957508],"extended":true,"handId":697,"id":6971,"length":58.6448,"mcpPosition":[31.6389,334.08,15.8175],"pipPosition":[19.5455,335.199,-25.2685],"stabilizedTipPosition":[13.6877,334.95,-54.7818],"timeVisible":1.19315,"tipPosition":[10.0902,329.783,-60.6787],"tipVelocity":[-21.082,-57.2391,-68.2972],"tool":false,"touchDistance":-0.344591,"touchZone":"touching","type":1,"width":19.2893},{"bases":[[[0.974546,-0.0411298,-0.220382],[0.0483303,0.998456,0.0273787],[0.218916,-0.0373329,0.975029]],[[0.983141,-0.0427138,-0.177787],[-0.135838,0.48025,-0.86655],[0.122396,0.876091,0.466351]],[[0.983141,-0.0427138,-0.177787],[-0.182115,-0.315618,-0.931246],[-0.0163358,0.947924,-0.318076]],[[0.983141,-0.0427138,-0.177787],[-0.159464,-0.676051,-0.719393],[-0.0894652,0.735616,-0.671465]]],"btipPosition":[49.1956,255.707,11.2713],"carpPosition":[68.17,335.887,79.9219],"dipPosition":[47.519,269.492,-1.31192],"direction":[0.0163358,-0.947924,0.318076],"extended":false,"handId":697,"id":6972,"length":66.821,"mcpPosition":[52.939,338.484,12.0843],"pipPosition":[47.0558,296.373,-10.3318],"stabilizedTipPosition":[51.2774,281.009,39.3373],"timeVisible":1.19315,"tipPosition":[49.0337,259.175,9.50106],"tipVelocity":[0.358347,-56.2689,-111.827],"tool":false,"touchDistance":0.333333,"touchZone":"none","type":2,"width":18.9446},{"bases":[[[0.989704,-0.121325,-0.0759294],[0.124788,0.991267,0.0426312],[0.0700941,-0.0516674,0.996201]],[[0.987365,-0.119837,-0.103684],[-0.0444508,0.418581,-0.907091],[0.152103,0.900238,0.407965]],[[0.987365,-0.119837,-0.103684],[-0.141436,-0.371362,-0.917652],[0.0714646,0.920722,-0.383619]],[[0.987365,-0.119837,-0.103684],[-0.158115,-0.70153,-0.694878],[0.0105348,0.702491,-0.711614]]],"btipPosition":[66.5888,260.905,19.9121],"carpPosition":[79.915,336.312,76.4621],"dipPosition":[66.7851,273.994,6.65308],"direction":[-0.0714646,-0.920722,0.383619],"extended":false,"handId":697,"id":6973,"length":64.2502,"mcpPosition":[75.5364,339.54,14.2327],"pipPosition":[68.7593,299.429,-3.94454],"stabilizedTipPosition":[68.236,286.874,46.1354],"timeVisible":1.19315,"tipPosition":[66.7564,264.237,17.6773],"tipVelocity":[2.62655,-56.3941,-105.923],"tool":false,"touchDistance":0.333333,"touchZone":"none","type":3,"width":18.027},{"bases":[[[0.956851,-0.288597,0.0338872],[0.282903,0.951844,0.118146],[-0.0663519,-0.103461,0.992418]],[[0.931446,-0.30203,0.202944],[0.313043,0.38079,-0.870059],[0.185505,0.873943,0.449233]],[[0.931446,-0.30203,0.202944],[0.076255,-0.383321,-0.920462],[0.3558,0.872836,-0.334012]],[[0.931446,-0.30203,0.202944],[-0.0680259,-0.692422,-0.718278],[0.357464,0.655232,-0.6655]]],"btipPosition":[76.6632,276.703,19.7162],"carpPosition":[92.4518,329.824,74.9889],"dipPosition":[82.8077,287.966,8.27683],"direction":[-0.3558,-0.872836,0.334012],"extended":false,"handId":697,"id":6974,"length":50.3709,"mcpPosition":[96.2886,335.807,17.6026],"pipPosition":[89.7475,304.99,1.76205],"stabilizedTipPosition":[81.0255,297.633,43.958],"timeVisible":1.19315,"tipPosition":[78.266,279.664,17.8658],"tipVelocity":[1.06301,-54.101,-104.833],"tool":false,"touchDistance":0.333333,"touchZone":"none","type":4,"width":16.013}],"r":[[0.940468,0.339868,-0.00315244],[-0.339121,0.938941,0.0582005],[0.0227405,-0.0536667,0.9983]],"s":0.934132,"t":[1.09075,16.42,-73.5255],"timestamp":523662985273},false],[2,{"currentFrameRate":108.928,"devices":[],"gestures":[],"hands":[{"armBasis":[[0.910426,0.0752011,-0.406778],[-0.127854,0.986345,-0.103809],[0.393417,0.146518,0.90761]],"armWidth":63.5437,"confidence":0.862706,"direction":[-0.203614,0.188181,-0.960796],"elbow":[185.249,363.926,329.688],"grabStrength":0,"id":697,"palmNormal":[0.0678235,-0.976286,-0.205588],"palmPosition":[61.2229,329.589,34.1003],"palmVelocity":[-3.68628,-51.8159,-74.6979],"palmWidth":90.7382,"pinchStrength":0.772914,"r":[[0.939827,0.341632,-0.00367446],[-0.34079,0.938166,0.0608862],[0.0242479,-0.0559703,0.998138]],"s":0.932997,"sphereCenter":[56.0365,289.778,6.14669],"sphereRadius":47.6801,"stabilizedPalmPosition":[65.0991,344.258,50.2178],"t":[1.09859,16.0318,-74.2233],"timeVisible":1.20213,"type":"right","wrist":[79.32,324.475,85.3114]}],"id":4271880,"interactionBox":{"center":[0,200,0],"size":[235.247,235.247,147.751]},"pointables":[{"bases":[[[0.292626,0.953003,-0.0784542],[-0.73691,0.277035,0.616616],[0.609372,-0.122624,0.783345]],[[0.0911222,0.94455,-0.315471],[-0.804358,0.256579,0.535888],[0.587116,0.20492,0.783136]],[[0.0911222,0.94455,-0.315471],[-0.978078,0.144452,0.149991],[0.187245,0.294888,0.937006]],[[0.0911222,0.94455,-0.315471],[-0.764,-0.136887,-0.630528],[-0.638749,0.298475,0.709163]]],"btipPosition":[32.2933,283.082,4.26984],"carpPosition":[52.9785,310.276,91.6643],"dipPosition":[17.3857,290.048,20.8209],"direction":[-0.187245,-0.294888,-0.937006],"extended":false,"handId":697,"id":6970,"length":51.9721,"mcpPosition":[52.9785,310.276,91.6643],"pipPosition":[23.7522,300.075,52.6802],"stabilizedTipPosition":[28.6903,298.546,20.8987],"timeVisible":1.20213,"tipPosition":[28.3045,285.137,7.93662],"tipVelocity":[10.031,-66.0857,-80.9788],"tool":false,"touchDistance":-0.240455,"touchZone":"touching","type":0,"width":20.194},{"bases":[[[0.928646,0.137102,-0.344701],[-0.121175,0.990337,0.0674448],[0.350617,-0.0208633,0.936286]],[[0.951079,0.135287,-0.277751],[-0.122691,0.990486,0.0623273],[0.283541,-0.0252007,0.958629]],[[0.951079,0.135287,-0.277751],[-0.16341,0.983258,-0.0806248],[0.262194,0.122068,0.957264]],[[0.951079,0.135287,-0.277751],[-0.193421,0.961774,-0.193854],[0.240908,0.238093,0.94089]]],"btipPosition":[9.0432,327.793,-64.9428],"carpPosition":[57.3389,332.181,83.9244],"dipPosition":[13.1479,331.849,-48.9116],"direction":[-0.262194,-0.122068,-0.957264],"extended":true,"handId":697,"id":6971,"length":58.6448,"mcpPosition":[31.6156,333.712,15.2328],"pipPosition":[19.4677,334.792,-25.8382],"stabilizedTipPosition":[13.4205,334.501,-55.2494],"timeVisible":1.20213,"tipPosition":[9.98877,329.387,-61.2441],"tipVelocity":[-18.5941,-53.6923,-66.8076],"tool":false,"touchDistance":-0.346927,"touchZone":"touching","type":1,"width":19.2893},{"bases":[[[0.974438,-0.0378282,-0.221449],[0.0452955,0.99856,0.0287376],[0.220044,-0.0380337,0.974748]],[[0.983094,-0.0394481,-0.178803],[-0.138111,0.481381,-0.865562],[0.120217,0.875624,0.467794]],[[0.983094,-0.0394481,-0.178803],[-0.182079,-0.313783,-0.931873],[-0.0193448,0.948675,-0.315661]],[[0.983094,-0.0394481,-0.178803],[-0.158227,-0.674458,-0.721159],[-0.092147,0.737259,-0.669297]]],"btipPosition":[49.3951,255.379,10.4923],"carpPosition":[68.2076,335.54,79.3018],"dipPosition":[47.6682,269.195,-2.05028],"direction":[0.0193448,-0.948675,0.315661],"extended":false,"handId":697,"id":6972,"length":66.821,"mcpPosition":[52.8981,338.186,11.4838],"pipPosition":[47.1196,296.098,-11.0017],"stabilizedTipPosition":[51.2749,280.984,39.3022],"timeVisible":1.20213,"tipPosition":[49.2184,258.85,8.71508],"tipVelocity":[5.9953,-50.6314,-104.685],"tool":false,"touchDistance":0.333333,"touchZone":"none","type":2,"width":18.9446},{"bases":[[[0.989992,-0.11818,-0.0771256],[0.12179,0.991585,0.0439008],[0.0712883,-0.0528546,0.996054]],[[0.987623,-0.116663,-0.104832],[-0.0466721,0.419512,-0.906549],[0.149739,0.900222,0.408875]],[[0.987623,-0.116663,-0.104832],[-0.141212,-0.370511,-0.918031],[0.0682583,0.921473,-0.382399]],[[0.987623,-0.116663,-0.104832],[-0.156655,-0.700931,-0.695812],[0.00769498,0.703623,-0.710532]]],"btipPosition":[66.7937,260.632,19.1952],"carpPosition":[79.9476,336.007,75.8304],"dipPosition":[66.9371,273.742,5.95638],"direction":[-0.0682583,-0.921473,0.382399],"extended":false,"handId":697,"id":6973,"length":64.2502,"mcpPosition":[75.4945,339.308,13.6103],"pipPosition":[68.8227,299.198,-4.60752],"stabilizedTipPosition":[68.2342,286.845,46.0972],"timeVisible":1.20213,"tipPosition":[66.9475,263.966,16.9521],"tipVelocity":[7.78865,-49.1171,-98.6454],"tool":false,"touchDistance":0.333333,"touchZone":"none","type":3,"width":18.027},{"bases":[[[0.957766,-0.285706,0.0324888],[0.280104,0.952541,0.119196],[-0.065002,-0.105062,0.992339]],[[0.931971,-0.299599,0.204131],[0.313591,0.383686,-0.868588],[0.181906,0.873513,0.451536]],[[0.931971,-0.299599,0.204131],[0.0799947,-0.379245,-0.921832],[0.353596,0.87545,-0.329479]],[[0.931971,-0.299599,0.204131],[-0.063496,-0.689262,-0.721724],[0.356928,0.659665,-0.661396]]],"btipPosition":[76.8152,276.419,18.8268],"carpPosition":[92.5028,329.559,74.3351],"dipPosition":[82.9505,287.758,7.45801],"direction":[-0.353596,-0.87545,0.329479],"extended":false,"handId":697,"id":6974,"length":50.3709,"mcpPosition":[96.2615,335.634,16.9534],"pipPosition":[89.8472,304.833,1.03163],"stabilizedTipPosition":[81.022,297.61,43.9234],"timeVisible":1.20213,"tipPosition":[78.406,279.39,17.0085],"tipVelocity":[5.34598,-47.43,-102.766],"tool":false,"touchDistance":0.333333,"touchZone":"none","type":4,"width":16.013}],"r":[[0.939827,0.341632,-0.00367446],[-0.34079,0.938166,0.0608862],[0.0242479,-0.0559703,0.998138]],"s":0.932997,"t":[1.09859,16.0318,-74.2233],"timestamp":523662994248},false],[3,{"currentFrameRate":108.977,"devices":[],"gestures":[],"hands":[{"armBasis":[[0.910268,0.0794903,-0.406318],[-0.129053,0.986977,-0.0960282],[0.393393,0.139848,0.908672]],"armWidth":63.5437,"confidence":0.8644,"direction":[-0.204898,0.188034,-0.960552],"elbow":[185.385,361.974,329.473],"grabStrength":0,"id":697,"palmNormal":[0.0700299,-0.976042,-0.206004],"palmPosition":[61.3098,329.408,33.6174],"palmVelocity":[-0.0201177,-43.0028,-68.7287],"palmWidth":90.7382,"pinchStrength":0.776112,"r":[[0.939142,0.343502,-0.00422417],[-0.342569,0.937367,0.0631625],[0.0256561,-0.0578715,0.997994]],"s":0.932024,"sphereCenter":[56.2203,289.582,5.65136],"sphereRadius":47.6787,"stabilizedPalmPosition":[65.0214,343.953,49.8775],"t":[1.14593,15.747,-74.8136],"timeVisible":1.21122,"type":"right","wrist":[79.4632,324.319,84.811]}],"id":4271881,"interactionBox":{"center":[0,200,0],"size":[235.247,235.247,147.751]},"pointables":[{"bases":[[[0.290232,0.953743,-0.0783553],[-0.737054,0.27501,0.61735],[0.610341,-0.121422,0.782777]],[[0.0874154,0.944584,-0.316418],[-0.805495,0.253909,0.535451],[0.58612,0.208066,0.783053]],[[0.0874154,0.944584,-0.316418],[-0.978352,0.141217,0.151281],[0.187581,0.296343,0.93648]],[[0.0874154,0.944584,-0.316418],[-0.765865,-0.139395,-0.62771],[-0.637032,0.297205,0.711238]]],"btipPosition":[32.4749,282.683,3.76048],"carpPosition":[53.162,310.053,91.1814],"dipPosition":[17.6073,289.62,20.3599],"direction":[-0.187581,-0.296343,-0.93648],"extended":false,"handId":697,"id":6970,"length":51.9721,"mcpPosition":[53.162,310.053,91.1814],"pipPosition":[23.9853,299.696,52.2014],"stabilizedTipPosition":[28.7019,298.09,20.4731],"timeVisible":1.21122,"tipPosition":[28.5207,284.765,7.45742],"tipVelocity":[13.0648,-60.1557,-73.7371],"tool":false,"touchDistance":-0.248759,"touchZone":"touching","type":0,"width":20.194},{"bases":[[[0.928013,0.139494,-0.345447],[-0.123534,0.990014,0.0679122],[0.351471,-0.0203489,0.935978]],[[0.950396,0.137722,-0.278891],[-0.125396,0.990189,0.0616518],[0.284646,-0.0236217,0.958342]],[[0.950396,0.137722,-0.278891],[-0.165974,0.98286,-0.080245],[0.26306,0.122553,0.956964]],[[0.950396,0.137722,-0.278891],[-0.195857,0.96153,-0.192612],[0.241636,0.237681,0.940808]]],"btipPosition":[9.02329,327.473,-65.3778],"carpPosition":[57.4622,331.972,83.4458],"dipPosition":[13.1403,331.523,-49.348],"direction":[-0.26306,-0.122553,-0.956964],"extended":true,"handId":697,"id":6971,"length":58.6448,"mcpPosition":[31.6762,333.465,14.7769],"pipPosition":[19.481,334.477,-26.2819],"stabilizedTipPosition":[13.201,334.113,-55.6591],"timeVisible":1.21122,"tipPosition":[9.97973,329.062,-61.6807],"tipVelocity":[-13.966,-48.6046,-61.5752],"tool":false,"touchDistance":-0.347099,"touchZone":"touching","type":1,"width":19.2893},{"bases":[[[0.974337,-0.0353683,-0.222299],[0.0428825,0.998657,0.0290653],[0.220973,-0.0378521,0.974545]],[[0.983072,-0.0369907,-0.179444],[-0.13967,0.482571,-0.864649],[0.118578,0.875075,0.469236]],[[0.983072,-0.0369907,-0.179444],[-0.181968,-0.311281,-0.932733],[-0.0213551,0.949598,-0.312743]],[[0.983072,-0.0369907,-0.179444],[-0.157341,-0.672259,-0.723403],[-0.0938737,0.739391,-0.666699]]],"btipPosition":[49.6097,255.146,9.81899],"carpPosition":[68.3187,335.359,78.815],"dipPosition":[47.8505,269.002,-2.67495],"direction":[0.0213551,-0.949598,0.312743],"extended":false,"handId":697,"id":6972,"length":66.821,"mcpPosition":[52.9446,337.993,11.0111],"pipPosition":[47.2449,295.93,-11.5436],"stabilizedTipPosition":[51.2728,280.961,39.2702],"timeVisible":1.21122,"tipPosition":[49.4245,258.618,8.04909],"tipVelocity":[10.6465,-43.4465,-95.8739],"tool":false,"touchDistance":0.333333,"touchZone":"none","type":2,"width":18.9446},{"bases":[[[0.990211,-0.115735,-0.078018],[0.119407,0.991863,0.0441603],[0.0722722,-0.0530439,0.995973]],[[0.987822,-0.114217,-0.105654],[-0.0484339,0.419585,-0.906423],[0.14786,0.900502,0.408943]],[[0.987822,-0.114217,-0.105654],[-0.141026,-0.370419,-0.918097],[0.0657255,0.921816,-0.382015]],[[0.987822,-0.114217,-0.105654],[-0.155494,-0.700867,-0.696137],[0.00546072,0.704088,-0.710092]]],"btipPosition":[67.0345,260.462,18.6818],"carpPosition":[80.0546,335.856,75.3338],"dipPosition":[67.1362,273.581,5.45116],"direction":[-0.0657255,-0.921816,0.382015],"extended":false,"handId":697,"id":6973,"length":64.2502,"mcpPosition":[75.54,339.169,13.1187],"pipPosition":[68.9519,299.046,-5.10214],"stabilizedTipPosition":[68.2329,286.818,46.0623],"timeVisible":1.21122,"tipPosition":[67.1777,263.797,16.431],"tipVelocity":[12.6766,-40.6341,-86.9179],"tool":false,"touchDistance":0.333333,"touchZone":"none","type":3,"width":18.027},{"bases":[[[0.958488,-0.283379,0.0315626],[0.27788,0.953178,0.119305],[-0.0638934,-0.105582,0.992356]],[[0.932463,-0.297496,0.204963],[0.313566,0.384713,-0.868143],[0.179417,0.87378,0.452015]],[[0.932463,-0.297496,0.204963],[0.0822852,-0.377539,-0.92233],[0.351771,0.876904,-0.327562]],[[0.932463,-0.297496,0.204963],[-0.0604792,-0.687887,-0.723294],[0.356168,0.662048,-0.659421]]],"btipPosition":[77.0089,276.25,18.2278],"carpPosition":[92.6241,329.439,73.8254],"dipPosition":[83.1311,287.63,6.89298],"direction":[-0.351771,-0.876904,0.327562],"extended":false,"handId":697,"id":6974,"length":50.3709,"mcpPosition":[96.3187,335.544,16.4427],"pipPosition":[89.9923,304.734,0.504004],"stabilizedTipPosition":[81.0192,297.59,43.8931],"timeVisible":1.21122,"tipPosition":[78.5916,279.226,16.4121],"tipVelocity":[9.67523,-39.1469,-92.3237],"tool":false,"touchDistance":0.333333,"touchZone":"none","type":4,"width":16.013}],"r":[[0.939142,0.343502,-0.00422417],[-0.342569,0.937367,0.0631625],[0.0256561,-0.0578715,0.997994]],"s":0.932024,"t":[1.14593,15.747,-74.8136],"timestamp":523663003336},false],[4,{"currentFrameRate":109.086,"devices":[],"gestures":[],"hands":[{"armBasis":[[0.910894,0.0873166,-0.403297],[-0.131356,0.987871,-0.0828028],[0.391175,0.1284,0.911315]],"armWidth":63.5437,"confidence":0.864682,"direction":[-0.206772,0.19029,-0.959706],"elbow":[184.894,358.429,329.468],"grabStrength":0,"id":697,"palmNormal":[0.0737108,-0.975086,-0.209221],"palmPosition":[61.335,329.037,32.9375],"palmVelocity":[0.755248,-42.5359,-70.6639],"palmWidth":90.7382,"pinchStrength":0.778074,"r":[[0.938313,0.345755,-0.00465617],[-0.344726,0.936404,0.0656658],[0.0270643,-0.0600099,0.997831]],"s":0.931109,"sphereCenter":[56.418,289.251,4.84364],"sphereRadius":47.6805,"stabilizedPalmPosition":[64.9579,343.696,49.5855],"t":[1.18221,15.4193,-75.4487],"timeVisible":1.22019,"type":"right","wrist":[79.5685,323.857,84.0935]}],"id":4271882,"interactionBox":{"center":[0,200,0],"size":[235.247,235.247,147.751]},"pointables":[{"bases":[[[0.286305,0.955149,-0.075624],[-0.737433,0.270061,0.61908],[0.611737,-0.121478,0.781678]],[[0.082538,0.945747,-0.314245],[-0.806654,0.248567,0.536212],[0.585232,0.209229,0.783407]],[[0.082538,0.945747,-0.314245],[-0.978792,0.136251,0.152975],[0.187492,0.294954,0.936936]],[[0.082538,0.945747,-0.314245],[-0.768466,-0.140372,-0.624304],[-0.634545,0.293015,0.715188]]],"btipPosition":[32.6342,282.182,2.90206],"carpPosition":[53.3322,309.465,90.4483],"dipPosition":[17.8247,289.021,19.5937],"direction":[-0.187492,-0.294954,-0.936936],"extended":false,"handId":697,"id":6970,"length":51.9721,"mcpPosition":[53.3322,309.465,90.4483],"pipPosition":[24.1997,299.05,51.4507],"stabilizedTipPosition":[28.7173,297.672,20.0728],"timeVisible":1.22019,"tipPosition":[28.7194,284.258,6.64786],"tipVelocity":[14.7595,-59.6514,-79.1009],"tool":false,"touchDistance":-0.262713,"touchZone":"touching","type":0,"width":20.194},{"bases":[[[0.927041,0.144333,-0.346067],[-0.127432,0.989286,0.0712366],[0.352641,-0.0219394,0.935501]],[[0.949374,0.142452,-0.279994],[-0.129765,0.989513,0.0634417],[0.286096,-0.0238966,0.957903]],[[0.949374,0.142452,-0.279994],[-0.170217,0.982366,-0.0773566],[0.264037,0.1211,0.95688]],[[0.949374,0.142452,-0.279994],[-0.199959,0.961432,-0.188854],[0.242293,0.23528,0.941243]]],"btipPosition":[8.91362,327.132,-65.997],"carpPosition":[57.5353,331.426,82.7782],"dipPosition":[13.0419,331.141,-49.9599],"direction":[-0.264037,-0.1211,-0.95688],"extended":true,"handId":697,"id":6971,"length":58.6448,"mcpPosition":[31.6634,333.036,14.1442],"pipPosition":[19.4061,334.06,-26.8957],"stabilizedTipPosition":[13.0213,333.787,-56.0172],"timeVisible":1.22019,"tipPosition":[9.87986,328.715,-62.2984],"tipVelocity":[-13.4106,-46.0075,-63.5626],"tool":false,"touchDistance":-0.349985,"touchZone":"touching","type":1,"width":19.2893},{"bases":[[[0.974211,-0.0307357,-0.223536],[0.0389033,0.998723,0.0322257],[0.22226,-0.0400909,0.974163]],[[0.98303,-0.0324662,-0.180551],[-0.142365,0.485692,-0.862459],[0.115693,0.873527,0.472827]],[[0.98303,-0.0324662,-0.180551],[-0.181722,-0.306978,-0.934206],[-0.025095,0.951163,-0.307668]],[[0.98303,-0.0324662,-0.180551],[-0.15562,-0.668722,-0.727044],[-0.097134,0.742803,-0.662426]]],"btipPosition":[49.8799,254.78,8.7798],"carpPosition":[68.3727,334.872,78.1459],"dipPosition":[48.0597,268.7,-3.63406],"direction":[0.025095,-0.951163,0.307668],"extended":false,"handId":697,"id":6972,"length":66.821,"mcpPosition":[52.909,337.661,10.3686],"pipPosition":[47.348,295.673,-12.3588],"stabilizedTipPosition":[51.2713,280.942,39.2416],"timeVisible":1.22019,"tipPosition":[49.6782,258.257,7.01792],"tipVelocity":[15.5523,-42.2598,-100.779],"tool":false,"touchDistance":0.333333,"touchZone":"none","type":2,"width":18.9446},{"bases":[[[0.990577,-0.1115,-0.079532],[0.115472,0.992188,0.0472105],[0.0736468,-0.0559494,0.995714]],[[0.988147,-0.109902,-0.10718],[-0.0510099,0.423445,-0.904485],[0.14479,0.899231,0.412819]],[[0.988147,-0.109902,-0.10718],[-0.140408,-0.36479,-0.920442],[0.0620603,0.924581,-0.375897]],[[0.988147,-0.109902,-0.10718],[-0.153493,-0.696181,-0.701265],[0.00245378,0.709404,-0.704798]]],"btipPosition":[67.2905,260.096,17.5765],"carpPosition":[80.1024,335.426,74.6527],"dipPosition":[67.3363,273.313,4.44453],"direction":[-0.0620603,-0.924581,0.375897],"extended":false,"handId":697,"id":6973,"length":64.2502,"mcpPosition":[75.5019,338.921,12.4538],"pipPosition":[69.0507,298.855,-5.93975],"stabilizedTipPosition":[68.2319,286.795,46.0315],"timeVisible":1.22019,"tipPosition":[67.4233,263.454,15.3686],"tipVelocity":[16.627,-39.9961,-96.162],"tool":false,"touchDistance":0.333333,"touchZone":"none","type":3,"width":18.027},{"bases":[[[0.959656,-0.279622,0.0295456],[0.274187,0.9539,0.122048],[-0.0623108,-0.109023,0.992084]],[[0.933626,-0.294466,0.204039],[0.312009,0.388473,-0.867029],[0.176047,0.873143,0.454565]],[[0.933626,-0.294466,0.204039],[0.0839897,-0.373758,-0.923716],[0.348264,0.879542,-0.324218]],[[0.933626,-0.294466,0.204039],[-0.0574057,-0.685155,-0.726132],[0.353619,0.666223,-0.656583]]],"btipPosition":[77.2202,275.975,17.3234],"carpPosition":[92.6959,329.066,73.1091],"dipPosition":[83.2986,287.427,6.03733],"direction":[-0.348264,-0.879542,0.324218],"extended":false,"handId":697,"id":6974,"length":50.3709,"mcpPosition":[96.299,335.37,15.7421],"pipPosition":[90.0913,304.582,-0.286438],"stabilizedTipPosition":[81.0171,297.573,43.8673],"timeVisible":1.22019,"tipPosition":[78.7903,278.961,15.5099],"tipVelocity":[13.1671,-36.329,-94.3074],"tool":false,"touchDistance":0.333333,"touchZone":"none","type":4,"width":16.013}],"r":[[0.938313,0.345755,-0.00465617],[-0.344726,0.936404,0.0656658],[0.0270643,-0.0600099,0.997831]],"s":0.931109,"t":[1.18221,15.4193,-75.4487],"timestamp":523663012307},false],[5,{"currentFrameRate":109.106,"devices":[],"gestures":[],"hands":[{"armBasis":[[0.908248,0.0856193,-0.409578],[-0.13722,0.985657,-0.0982437],[0.395292,0.145432,0.90697]],"armWidth":63.5437,"confidence":0.866207,"direction":[-0.20712,0.195085,-0.958668],"elbow":[185.957,362.228,327.251],"grabStrength":0,"id":697,"palmNormal":[0.0758589,-0.973764,-0.214546],"palmPosition":[61.2829,328.49,31.9185],"palmVelocity":[-1.04174,-47.3868,-82.041],"palmWidth":90.7382,"pinchStrength":0.780508,"r":[[0.937494,0.347972,-0.00460306],[-0.346857,0.935399,0.0686875],[0.028207,-0.0627974,0.997628]],"s":0.930269,"sphereCenter":[56.4884,288.834,3.61002],"sphereRadius":47.6731,"stabilizedPalmPosition":[64.9028,343.468,49.3206],"t":[1.17428,14.9816,-76.2758],"timeVisible":1.22932,"type":"right","wrist":[79.524,323.07,83.0469]}],"id":4271883,"interactionBox":{"center":[0,200,0],"size":[235.247,235.247,147.751]},"pointables":[{"bases":[[[0.28422,0.956173,-0.0703741],[-0.738066,0.265056,0.620487],[0.611946,-0.124414,0.781053]],[[0.0799212,0.947478,-0.309673],[-0.808166,0.243448,0.536284],[0.583507,0.207406,0.785177]],[[0.0799212,0.947478,-0.309673],[-0.979327,0.13255,0.152804],[0.185826,0.291058,0.938485]],[[0.0799212,0.947478,-0.309673],[-0.770292,-0.138474,-0.622475],[-0.632663,0.288287,0.718768]]],"btipPosition":[32.7195,281.636,1.55019],"carpPosition":[53.3188,308.586,89.3207],"dipPosition":[17.9539,288.365,18.3254],"direction":[-0.185826,-0.291058,-0.938485],"extended":false,"handId":697,"id":6970,"length":51.9721,"mcpPosition":[53.3188,308.586,89.3207],"pipPosition":[24.2722,298.261,50.2351],"stabilizedTipPosition":[28.733,297.296,19.6924],"timeVisible":1.22932,"tipPosition":[28.8222,283.698,5.34738],"tipVelocity":[13.5588,-60.4639,-97.6819],"tool":false,"touchDistance":-0.284765,"touchZone":"touching","type":0,"width":20.194},{"bases":[[[0.926748,0.148252,-0.345196],[-0.129601,0.9886,0.0766367],[0.352622,-0.0262853,0.935397]],[[0.94897,0.146072,-0.279496],[-0.132306,0.988901,0.0676074],[0.28627,-0.0271783,0.957764]],[[0.94897,0.146072,-0.279496],[-0.172486,0.98236,-0.0722318],[0.264015,0.116755,0.957426]],[[0.94897,0.146072,-0.279496],[-0.202,0.962134,-0.183012],[0.24218,0.230131,0.942544]]],"btipPosition":[8.84914,326.955,-67.0257],"carpPosition":[57.4744,330.597,81.7713],"dipPosition":[12.9755,330.876,-50.9663],"direction":[-0.264015,-0.116755,-0.957426],"extended":true,"handId":697,"id":6971,"length":58.6448,"mcpPosition":[31.604,332.526,13.145],"pipPosition":[19.3392,333.69,-27.889],"stabilizedTipPosition":[12.8824,333.531,-56.3323],"timeVisible":1.22932,"tipPosition":[9.8216,328.516,-63.3198],"tipVelocity":[-11.6591,-39.2169,-77.0526],"tool":false,"touchDistance":-0.358672,"touchZone":"touching","type":1,"width":19.2893},{"bases":[[[0.974292,-0.0273813,-0.223619],[0.0367158,0.998615,0.0376918],[0.222278,-0.0449332,0.973947]],[[0.983123,-0.0293305,-0.180577],[-0.143315,0.490021,-0.859849],[0.113707,0.871217,0.477548]],[[0.983123,-0.0293305,-0.180577],[-0.180931,-0.301897,-0.936014],[-0.027062,0.952889,-0.302109]],[[0.983123,-0.0293305,-0.180577],[-0.15412,-0.664604,-0.731128],[-0.0985681,0.74662,-0.657908]]],"btipPosition":[49.9887,254.328,7.33843],"carpPosition":[68.3046,334.092,77.1587],"dipPosition":[48.1415,268.32,-4.99077],"direction":[0.027062,-0.952889,0.302109],"extended":false,"handId":697,"id":6972,"length":66.821,"mcpPosition":[52.8396,337.218,9.39641],"pipPosition":[47.3741,295.341,-13.5579],"stabilizedTipPosition":[51.27,280.924,39.2159],"timeVisible":1.22932,"tipPosition":[49.7767,257.815,5.57997],"tipVelocity":[14.3517,-43.7809,-116.051],"tool":false,"touchDistance":0.333333,"touchZone":"none","type":2,"width":18.9446},{"bases":[[[0.990824,-0.108897,-0.0800585],[0.113298,0.992165,0.052647],[0.0736982,-0.0612344,0.995399]],[[0.988381,-0.107145,-0.107814],[-0.0520027,0.428139,-0.902215],[0.142827,0.897339,0.417592]],[[0.988381,-0.107145,-0.107814],[-0.13962,-0.359587,-0.922607],[0.060084,0.92694,-0.370368]],[[0.988381,-0.107145,-0.107814],[-0.151996,-0.692056,-0.70566],[0.000994587,0.713848,-0.7003]]],"btipPosition":[67.3874,259.627,16.1639],"carpPosition":[80.0333,334.691,73.6696],"dipPosition":[67.406,272.928,3.11571],"direction":[-0.060084,-0.92694,0.370368],"extended":false,"handId":697,"id":6973,"length":64.2502,"mcpPosition":[75.4296,338.517,11.4904],"pipPosition":[69.0658,298.535,-7.11583],"stabilizedTipPosition":[68.2312,286.774,46.0038],"timeVisible":1.22932,"tipPosition":[67.5113,263,13.9631],"tipVelocity":[14.7645,-42.562,-111.849],"tool":false,"touchDistance":0.333333,"touchZone":"none","type":3,"width":18.027},{"bases":[[[0.960263,-0.277679,0.0280952],[0.272091,0.953816,0.127287],[-0.0621427,-0.114585,0.991468]],[[0.933902,-0.293631,0.203979],[0.312603,0.393739,-0.864435],[0.173511,0.871063,0.459504]],[[0.933902,-0.293631,0.203979],[0.0867045,-0.367489,-0.925977],[0.346856,0.882458,-0.31774]],[[0.933902,-0.293631,0.203979],[-0.0541565,-0.680122,-0.731096],[0.353403,0.671725,-0.651069]]],"btipPosition":[77.2759,275.519,15.9469],"carpPosition":[92.6407,328.367,72.0923],"dipPosition":[83.3506,287.066,4.75565],"direction":[-0.346856,-0.882458,0.31774],"extended":false,"handId":697,"id":6974,"length":50.3709,"mcpPosition":[96.2341,334.993,14.761],"pipPosition":[90.1159,304.278,-1.44176],"stabilizedTipPosition":[81.0154,297.559,43.8447],"timeVisible":1.22932,"tipPosition":[78.8408,278.52,14.1518],"tipVelocity":[11.178,-39.4322,-109.332],"tool":false,"touchDistance":0.333333,"touchZone":"none","type":4,"width":16.013}],"r":[[0.937494,0.347972,-0.00460306],[-0.346857,0.935399,0.0686875],[0.028207,-0.0627974,0.997628]],"s":0.930269,"t":[1.17428,14.9816,-76.2758],"timestamp":523663021438},false],[6,{"currentFrameRate":109.215,"devices":[],"gestures":[],"hands":[{"armBasis":[[0.906043,0.0857518,-0.414407],[-0.142924,0.983722,-0.108925],[0.398321,0.157919,0.90355]],"armWidth":63.5437,"confidence":0.871908,"direction":[-0.208549,0.197955,-0.957769],"elbow":[186.855,365.185,325.415],"grabStrength":0,"id":697,"palmNormal":[0.0787181,-0.972727,-0.218187],"palmPosition":[61.3045,328.215,31.0391],"palmVelocity":[-0.0966791,-42.7898,-86.4457],"palmWidth":90.7382,"pinchStrength":0.782086,"r":[[0.936615,0.350333,-0.00445749],[-0.349131,0.934315,0.0718503],[0.0293362,-0.0657398,0.997405]],"s":0.929614,"sphereCenter":[56.6267,288.643,2.59524],"sphereRadius":47.6681,"stabilizedPalmPosition":[64.8592,343.283,49.0991],"t":[1.18113,14.6257,-77.129],"timeVisible":1.23828,"type":"right","wrist":[79.6062,322.665,82.1319]}],"id":4271884,"interactionBox":{"center":[0,200,0],"size":[235.247,235.247,147.751]},"pointables":[{"bases":[[[0.28117,0.957309,-0.0670996],[-0.738359,0.260465,0.62208],[0.613,-0.125367,0.780073]],[[0.0764411,0.948787,-0.306528],[-0.80925,0.23863,0.536815],[0.58247,0.207023,0.786047]],[[0.0764411,0.948787,-0.306528],[-0.979828,0.128413,0.153126],[0.184646,0.28864,0.939464]],[[0.0764411,0.948787,-0.306528],[-0.772321,-0.138095,-0.62004],[-0.630617,0.284135,0.722212]]],"btipPosition":[32.8965,281.325,0.44698],"carpPosition":[53.4519,308.076,88.3745],"dipPosition":[18.1786,287.957,17.3026],"direction":[-0.184646,-0.28864,-0.939464],"extended":false,"handId":697,"id":6970,"length":51.9721,"mcpPosition":[53.4519,308.076,88.3745],"pipPosition":[24.4568,297.771,49.2455],"stabilizedTipPosition":[28.7496,296.988,19.3643],"timeVisible":1.23828,"tipPosition":[29.0133,283.363,4.29354],"tipVelocity":[15.5896,-54.1084,-104.078],"tool":false,"touchDistance":-0.300892,"touchZone":"touching","type":0,"width":20.194},{"bases":[[[0.925984,0.152417,-0.345431],[-0.132624,0.987902,0.0803789],[0.353503,-0.028617,0.934995]],[[0.948176,0.150078,-0.280069],[-0.135583,0.988251,0.0705506],[0.287367,-0.0289218,0.957384]],[[0.948176,0.150078,-0.280069],[-0.175649,0.982073,-0.0684046],[0.264783,0.114053,0.95754]],[[0.948176,0.150078,-0.280069],[-0.20505,0.962333,-0.17852],[0.242728,0.226696,0.943235]]],"btipPosition":[8.76737,326.855,-67.8632],"carpPosition":[57.5322,330.128,80.9025],"dipPosition":[12.903,330.718,-51.7921],"direction":[-0.264783,-0.114053,-0.957539],"extended":true,"handId":697,"id":6971,"length":58.6448,"mcpPosition":[31.597,332.228,12.3056],"pipPosition":[19.2852,333.467,-28.712],"stabilizedTipPosition":[12.7814,333.347,-56.5824],"timeVisible":1.23828,"tipPosition":[9.74803,328.396,-64.1535],"tipVelocity":[-10.9008,-31.9418,-81.463],"tool":false,"touchDistance":-0.363661,"touchZone":"touching","type":1,"width":19.2893},{"bases":[[[0.974181,-0.0235117,-0.224542],[0.0336269,0.998579,0.0413306],[0.223251,-0.0478142,0.973588]],[[0.983084,-0.0255989,-0.181356],[-0.145437,0.49275,-0.857931],[0.111325,0.869794,0.480692]],[[0.983084,-0.0255989,-0.181356],[-0.180667,-0.29817,-0.937259],[-0.0300821,0.95417,-0.297751]],[[0.983084,-0.0255989,-0.181356],[-0.152689,-0.661399,-0.734328],[-0.101151,0.749597,-0.654119]]],"btipPosition":[50.2123,254.086,6.15272],"carpPosition":[68.3474,333.674,76.2937],"dipPosition":[48.3167,268.134,-6.10547],"direction":[0.0300821,-0.95417,0.297751],"extended":false,"handId":697,"id":6972,"length":66.821,"mcpPosition":[52.8147,337,8.55642],"pipPosition":[47.4637,295.192,-14.549],"stabilizedTipPosition":[51.2691,280.91,39.1944],"timeVisible":1.23828,"tipPosition":[49.9858,257.582,4.39432],"tipVelocity":[16.9124,-38.7873,-120.006],"tool":false,"touchDistance":0.333333,"touchZone":"none","type":2,"width":18.9446},{"bases":[[[0.991091,-0.105501,-0.0812952],[0.110241,0.992315,0.0561973],[0.0747416,-0.0646587,0.995104]],[[0.988599,-0.103643,-0.109226],[-0.0545893,0.429349,-0.901487],[0.140329,0.897172,0.418796]],[[0.988599,-0.103643,-0.109226],[-0.139521,-0.357745,-0.923338],[0.0566224,0.92805,-0.368126]],[[0.988599,-0.103643,-0.109226],[-0.150559,-0.690132,-0.707849],[-0.00201684,0.716224,-0.697868]]],"btipPosition":[67.6232,259.405,15.1487],"carpPosition":[80.0712,334.323,72.7969],"dipPosition":[67.5856,272.75,2.14583],"direction":[-0.0566224,-0.92805,0.368126],"extended":false,"handId":697,"id":6973,"length":64.2502,"mcpPosition":[75.4023,338.362,10.6361],"pipPosition":[69.1498,298.387,-8.02378],"stabilizedTipPosition":[68.2308,286.758,45.9807],"timeVisible":1.23828,"tipPosition":[67.7239,262.781,12.8741],"tipVelocity":[17.5294,-37.3966,-111.928],"tool":false,"touchDistance":0.333333,"touchZone":"none","type":3,"width":18.027},{"bases":[[[0.96115,-0.274775,0.0262632],[0.269217,0.954188,0.130562],[-0.0609352,-0.118419,0.991092]],[[0.934648,-0.291555,0.203541],[0.311962,0.397687,-0.862859],[0.170625,0.869966,0.462651]],[[0.934648,-0.291555,0.203541],[0.0887943,-0.362914,-0.927582],[0.344309,0.885036,-0.313308]],[[0.934648,-0.291555,0.203541],[-0.0510546,-0.676535,-0.734639],[0.35189,0.676237,-0.647207]]],"btipPosition":[77.4398,275.328,14.7983],"carpPosition":[92.697,328.043,71.1857],"dipPosition":[83.4884,286.952,3.67339],"direction":[-0.344309,-0.885036,0.313308],"extended":false,"handId":697,"id":6974,"length":50.3709,"mcpPosition":[96.2205,334.891,13.8761],"pipPosition":[90.2041,304.215,-2.43759],"stabilizedTipPosition":[81.0141,297.547,43.8265],"timeVisible":1.23828,"tipPosition":[78.9952,278.342,13.013],"tipVelocity":[12.9403,-33.9295,-114.026],"tool":false,"touchDistance":0.333333,"touchZone":"none","type":4,"width":16.013}],"r":[[0.936615,0.350333,-0.00445749],[-0.349131,0.934315,0.0718503],[0.0293362,-0.0657398,0.997405]],"s":0.929614,"t":[1.18113,14.6257,-77.129],"timestam