{"sensorType":"Leap","data":[[0,{"currentFrameRate":106.708,"devices":[],"gestures":[],"hands":[{"armBasis":[[0.935778,0.171113,-0.308286],[-0.00444621,0.880003,0.474948],[0.352562,-0.443075,0.824248]],"armWidth":63.5437,"confidence":0.660682,"direction":[-0.230465,0.653905,-0.720621],"elbow":[176.767,134.82,285.976],"grabStrength":0,"id":698,"palmNormal":[-0.0509468,-0.747649,-0.662137],"palmPosition":[61.8216,285.231,23.9499],"palmVelocity":[-4.85666,250.356,-178.651],"palmWidth":90.7382,"pinchStrength":0.883709,"r":[[0.999689,0.0102956,0.0227092],[-0.0203162,0.864353,0.502475],[-0.0144555,-0.50278,0.864293]],"s":0.865214,"sphereCenter":[63.3968,263.046,-22.8247],"sphereRadius":48.5018,"stabilizedPalmPosition":[58.6676,271.418,39.674],"t":[-7.24499,-51.4569,-6.16943],"timeVisible":20.1556,"type":"right","wrist":[81.8386,254.119,64.0452]}],"id":4274797,"interactionBox":{"center":[0,200,0],"size":[235.247,235.247,147.751]},"pointables":[{"bases":[[[0.391625,0.842948,0.368875],[-0.669329,-0.014101,0.742832],[0.63137,-0.537811,0.558687]],[[0.163463,0.972526,0.16575],[-0.812853,0.0375601,0.581257],[0.559062,-0.229744,0.79666]],[[0.163463,0.972526,0.16575],[-0.95483,0.113698,0.274539],[0.248151,-0.20314,0.947183]],[[0.163463,0.972526,0.16575],[-0.939713,0.204642,-0.273974],[-0.300366,-0.110972,0.947346]]],"btipPosition":[25.1934,261.475,-28.754],"carpPosition":[54.4504,240.541,65.2187],"dipPosition":[18.1832,258.885,-6.64402],"direction":[-0.248151,0.20314,-0.947183],"extended":false,"handId":698,"id":6980,"length":51.9721,"mcpPosition":[54.4504,240.541,65.2187],"pipPosition":[26.6206,251.978,25.5614],"stabilizedTipPosition":[16.7963,247.285,1.31739],"timeVisible":20.1556,"tipPosition":[24.6399,259.737,-23.7491],"tipVelocity":[-18.5692,231.06,-155.992],"tool":false,"touchDistance":-0.555404,"touchZone":"hovering","type":0,"width":20.194},{"bases":[[[0.919255,0.224033,-0.323696],[-0.00752169,0.832114,0.554553],[0.39359,-0.507341,0.766611]],[[0.959502,0.162177,-0.230334],[-0.0424113,0.891502,0.451028],[0.278489,-0.422993,0.862276]],[[0.959502,0.162177,-0.230334],[-0.0963695,0.957295,0.272579],[0.264704,-0.239343,0.934156]],[[0.959502,0.162177,-0.230334],[-0.135371,0.98251,0.127864],[0.247042,-0.0915055,0.964675]]],"btipPosition":[9.40335,325.702,-63.3526],"carpPosition":[60.8004,263.029,68.7864],"dipPosition":[13.6125,324.143,-46.9162],"direction":[-0.264704,0.239343,-0.934156],"extended":true,"handId":698,"id":6981,"length":58.6448,"mcpPosition":[31.9243,300.251,12.5432],"pipPosition":[19.9928,318.374,-24.3997],"stabilizedTipPosition":[8.72393,312.348,-41.4461],"timeVisible":20.1556,"tipPosition":[11.1017,323.978,-59.9675],"tipVelocity":[-53.9764,171.407,-202.496],"tool":false,"touchDistance":-0.602587,"touchZone":"hovering","type":1,"width":19.2893},{"bases":[[[0.951702,0.0082694,-0.306911],[0.156641,0.84667,0.508541],[0.264057,-0.532054,0.804482]],[[0.959814,-0.00910192,-0.280488],[-0.122486,0.885663,-0.447882],[0.252494,0.464239,0.848957]],[[0.959814,-0.00910192,-0.280488],[-0.275865,-0.214107,-0.937047],[-0.0515256,0.976768,-0.208014]],[[0.959814,-0.00910192,-0.280488],[-0.180143,-0.786359,-0.590921],[-0.215186,0.617703,-0.756398]]],"btipPosition":[46.708,242.89,-11.3595],"carpPosition":[71.7227,267.461,65.3455],"dipPosition":[42.6754,254.466,-25.5344],"direction":[0.0515256,-0.976768,0.208014],"extended":false,"handId":698,"id":6982,"length":66.821,"mcpPosition":[53.3509,304.479,9.37366],"pipPosition":[41.2143,282.164,-31.4332],"stabilizedTipPosition":[40.4418,235.706,1.05348],"timeVisible":20.1556,"tipPosition":[45.5074,246.093,-15.5973],"tipVelocity":[41.6201,192.066,-124.779],"tool":false,"touchDistance":0.333333,"touchZone":"none","type":2,"width":18.9446},{"bases":[[[0.965653,-0.133966,-0.222636],[0.232573,0.827705,0.5107],[0.115861,-0.544938,0.830433]],[[0.966632,-0.138739,-0.215347],[0.0223516,0.883116,-0.468623],[0.255192,0.448172,0.856749]],[[0.966632,-0.138739,-0.215347],[-0.240117,-0.197814,-0.950375],[0.0892553,0.970372,-0.224526]],[[0.966632,-0.138739,-0.215347],[-0.242341,-0.76772,-0.593192],[-0.0830275,0.625586,-0.775725]]],"btipPosition":[63.723,244.366,-7.98911],"carpPosition":[83.2495,268.758,61.4023],"dipPosition":[62.176,256.023,-22.4426],"direction":[-0.0892553,-0.970372,0.224526],"extended":false,"handId":698,"id":6983,"length":64.2502,"mcpPosition":[76.0121,302.798,9.528],"pipPosition":[64.6417,282.829,-28.6453],"stabilizedTipPosition":[60.3727,239.356,-3.35567],"timeVisible":20.1556,"tipPosition":[63.2153,247.496,-12.4001],"tipVelocity":[36.2681,215.307,-127.211],"tool":false,"touchDistance":0.333333,"touchZone":"none","type":3,"width":18.027},{"bases":[[[0.920782,-0.331043,-0.206328],[0.389252,0.745374,0.541202],[-0.0253698,-0.578642,0.815187]],[[0.884171,-0.467105,0.00739645],[0.422554,0.792888,-0.439063],[0.199224,0.391332,0.898426]],[[0.884171,-0.467105,0.00739645],[-0.0761155,-0.159662,-0.984233],[0.460921,0.869667,-0.176722]],[[0.884171,-0.467105,0.00739645],[-0.352017,-0.676566,-0.646794],[0.307125,0.569273,-0.762629]]],"btipPosition":[75.0961,255.946,-6.5503],"carpPosition":[94.9233,263.033,55.7115],"dipPosition":[80.3753,265.731,-19.6592],"direction":[-0.460921,-0.869667,0.176722],"extended":false,"handId":698,"id":6984,"length":50.3709,"mcpPosition":[96.3903,296.493,8.57359],"pipPosition":[89.3654,282.694,-23.1061],"stabilizedTipPosition":[74.6642,250.874,-3.47976],"timeVisible":20.1556,"tipPosition":[76.4364,258.401,-10.294],"tipVelocity":[24.4147,235.477,-150.787],"tool":false,"touchDistance":0.333333,"touchZone":"none","type":4,"width":16.013}],"r":[[0.999689,0.0102956,0.0227092],[-0.0203162,0.864353,0.502475],[-0.0144555,-0.50278,0.864293]],"s":0.865214,"t":[-7.24499,-51.4569,-6.16943],"timestamp":523690668285},false],[1,{"currentFrameRate":106.804,"devices":[],"gestures":[],"hands":[{"armBasis":[[0.939411,0.17027,-0.297515],[-0.00804948,0.878633,0.477431],[0.342699,-0.446109,0.826768]],"armWidth":63.5437,"confidence":0.663728,"direction":[-0.233356,0.649114,-0.724014],"elbow":[174.012,135.703,285.661],"grabStrength":0,"id":698,"palmNormal":[-0.0460124,-0.751108,-0.658574],"palmPosition":[61.591,286.624,22.7853],"palmVelocity":[-10.5143,222.774,-164.153],"palmWidth":90.7382,"pinchStrength":0.867944,"r":[[0.999544,0.0180453,0.024211],[-0.0277012,0.867107,0.497351],[-0.0120187,-0.497795,0.867212]],"s":0.870256,"sphereCenter":[63.0581,264.286,-23.8009],"sphereRadius":48.4901,"stabilizedPalmPosition":[59.281,274.609,36.1299],"t":[-7.42621,-49.604,-7.55117],"timeVisible":20.1648,"type":"right","wrist":[81.739,255.819,63.0516]}],"id":4274798,"interactionBox":{"center":[0,200,0],"size":[235.247,235.247,147.751]},"pointables":[{"bases":[[[0.386469,0.84691,0.365219],[-0.67005,-0.0142924,0.742178],[0.633778,-0.531544,0.561949]],[[0.161875,0.972939,0.16488],[-0.81206,0.0364055,0.582437],[0.560674,-0.228174,0.795978]],[[0.161875,0.972939,0.16488],[-0.954232,0.111752,0.277403],[0.251471,-0.202238,0.9465]],[[0.161875,0.972939,0.16488],[-0.945225,0.200867,-0.257296],[-0.283453,-0.114198,0.952162]]],"btipPosition":[24.5816,262.993,-29.7664],"carpPosition":[54.4265,242.093,64.2615],"dipPosition":[17.9662,260.327,-7.54409],"direction":[-0.251471,0.202238,-0.9465],"extended":false,"handId":698,"id":6980,"length":51.9721,"mcpPosition":[54.4265,242.093,64.2615],"pipPosition":[26.5165,253.451,24.6381],"stabilizedTipPosition":[18.0983,250.423,-4.08145],"timeVisible":20.1648,"tipPosition":[24.1523,261.212,-24.7411],"tipVelocity":[-29.2246,212.147,-142.413],"tool":false,"touchDistance":-0.542996,"touchZone":"hovering","type":0,"width":20.194},{"bases":[[[0.918332,0.227647,-0.323794],[-0.0128133,0.834723,0.550522],[0.395603,-0.501413,0.76947]],[[0.958149,0.167715,-0.231996],[-0.047079,0.891692,0.450188],[0.282372,-0.420425,0.86227]],[[0.958149,0.167715,-0.231996],[-0.100979,0.956327,0.274304],[0.267869,-0.239397,0.933239]],[[0.958149,0.167715,-0.231996],[-0.139936,0.981386,0.131528],[0.249737,-0.0935593,0.963783]]],"btipPosition":[8.81251,326.797,-64.5838],"carpPosition":[60.6458,264.634,67.7273],"dipPosition":[13.0676,325.203,-48.1625],"direction":[-0.267869,0.239397,-0.933239],"extended":true,"handId":698,"id":6981,"length":58.6448,"mcpPosition":[31.622,301.42,11.2744],"pipPosition":[19.5242,319.433,-25.6682],"stabilizedTipPosition":[8.86864,314.257,-44.0714],"timeVisible":20.1648,"tipPosition":[10.5311,325.066,-61.2133],"tipVelocity":[-56.5431,156.586,-183.468],"tool":false,"touchDistance":-0.589182,"touchZone":"hovering","type":1,"width":19.2893},{"bases":[[[0.951975,0.0121541,-0.305933],[0.151315,0.849981,0.504615],[0.266171,-0.526673,0.807322]],[[0.960227,-0.00520269,-0.279172],[-0.126769,0.882719,-0.452479],[0.248784,0.469873,0.846951]],[[0.960227,-0.00520269,-0.279172],[-0.273412,-0.220393,-0.936308],[-0.0566562,0.975397,-0.21305]],[[0.960227,-0.00520269,-0.279172],[-0.174989,-0.790334,-0.587155],[-0.217584,0.612654,-0.759811]]],"btipPosition":[46.7538,244.027,-12.3226],"carpPosition":[71.5467,269.11,64.2767],"dipPosition":[42.6763,255.508,-26.5614],"direction":[0.0566562,-0.975397,0.21305],"extended":false,"handId":698,"id":6982,"length":66.821,"mcpPosition":[53.0279,305.754,8.10735],"pipPosition":[41.0696,283.168,-32.6031],"stabilizedTipPosition":[41.6493,238.169,-2.68773],"timeVisible":20.1648,"tipPosition":[45.5473,247.19,-16.5592],"tipVelocity":[31.0695,172.327,-119.654],"tool":false,"touchDistance":0.333333,"touchZone":"none","type":2,"width":18.9446},{"bases":[[[0.966635,-0.129593,-0.220959],[0.22735,0.831455,0.506946],[0.118021,-0.540267,0.833176]],[[0.967944,-0.135876,-0.21124],[0.0181327,0.876643,-0.480799],[0.250511,0.461556,0.851005]],[[0.967944,-0.135876,-0.21124],[-0.236897,-0.214443,-0.947573],[0.0834539,0.967239,-0.239758]],[[0.967944,-0.135876,-0.21124],[-0.236333,-0.777459,-0.582841],[-0.0850358,0.61408,-0.784649]]],"btipPosition":[63.8152,245.474,-8.38022],"carpPosition":[83.0703,270.453,60.3397],"dipPosition":[62.2308,256.916,-23],"direction":[-0.0834539,-0.967239,0.239758],"extended":false,"handId":698,"id":6983,"length":64.2502,"mcpPosition":[75.698,304.201,8.29394],"pipPosition":[64.5362,283.636,-29.6234],"stabilizedTipPosition":[61.2316,241.797,-5.6958],"timeVisible":20.1648,"tipPosition":[63.2901,248.57,-12.9011],"tipVelocity":[28.6775,187.337,-104.726],"tool":false,"touchDistance":0.333333,"touchZone":"none","type":3,"width":18.027},{"bases":[[[0.922856,-0.326839,-0.203747],[0.384457,0.750157,0.538012],[-0.0230011,-0.57484,0.817943]],[[0.886895,-0.461859,0.0102114],[0.417898,0.792663,-0.443899],[0.196924,0.397959,0.896019]],[[0.886895,-0.461859,0.0102114],[-0.0757283,-0.167153,-0.983018],[0.455723,0.87106,-0.183223]],[[0.886895,-0.461859,0.0102114],[-0.34844,-0.683285,-0.641647],[0.303328,0.565515,-0.766932]]],"btipPosition":[75.066,257.263,-7.44658],"carpPosition":[94.7824,264.766,54.689],"dipPosition":[80.2799,266.984,-20.6294],"direction":[-0.455723,-0.87106,0.183223],"extended":false,"handId":698,"id":6984,"length":50.3709,"mcpPosition":[96.1125,298.006,7.39168],"pipPosition":[89.1686,283.974,-24.2031],"stabilizedTipPosition":[75.1101,253.276,-5.42895],"timeVisible":20.1648,"tipPosition":[76.387,259.696,-11.2146],"tipVelocity":[16.2216,209.293,-136.432],"tool":false,"touchDistance":0.333333,"touchZone":"none","type":4,"width":16.013}],"r":[[0.999544,0.0180453,0.024211],[-0.0277012,0.867107,0.497351],[-0.0120187,-0.497795,0.867212]],"s":0.870256,"t":[-7.42621,-49.604,-7.55117],"timestamp":523690677472},false],[2,{"currentFrameRate":107.056,"devices":[],"gestures":[],"hands":[{"armBasis":[[0.937697,0.174831,-0.300265],[-0.0103164,0.877812,0.478894],[0.347302,-0.44596,0.824925]],"armWidth":63.5437,"confidence":0.663742,"direction":[-0.234694,0.644577,-0.727626],"elbow":[175.08,137.323,284.066],"grabStrength":0,"id":698,"palmNormal":[-0.0422997,-0.754596,-0.654825],"palmPosition":[61.3653,287.925,21.5018],"palmVelocity":[-14.5582,202.068,-158.829],"palmWidth":90.7382,"pinchStrength":0.854796,"r":[[0.999358,0.0250116,0.0256426],[-0.0344001,0.869722,0.492342],[-0.00998767,-0.492908,0.870024]],"s":0.875017,"sphereCenter":[62.7045,265.425,-24.8921],"sphereRadius":48.4598,"stabilizedPalmPosition":[59.7153,277.383,33.0823],"t":[-7.62964,-48.0271,-8.88381],"timeVisible":20.1737,"type":"right","wrist":[81.5683,257.399,61.9524]}],"id":4274799,"interactionBox":{"center":[0,200,0],"size":[235.247,235.247,147.751]},"pointables":[{"bases":[[[0.382825,0.850165,0.361474],[-0.671065,-0.0130034,0.741285],[0.634915,-0.526355,0.565538]],[[0.161375,0.973312,0.163162],[-0.81174,0.0368791,0.582854],[0.561282,-0.226503,0.796027]],[[0.161375,0.973312,0.163162],[-0.953981,0.111506,0.278365],[0.252743,-0.200574,0.946515]],[[0.161375,0.973312,0.163162],[-0.948647,0.198566,-0.246252],[-0.272079,-0.115044,0.955373]]],"btipPosition":[24.1208,264.358,-30.913],"carpPosition":[54.3047,243.578,63.1928],"dipPosition":[17.7708,261.673,-8.61574],"direction":[-0.252743,0.200574,-0.946515],"extended":false,"handId":698,"id":6980,"length":51.9721,"mcpPosition":[54.3047,243.578,63.1928],"pipPosition":[26.3644,254.853,23.5669],"stabilizedTipPosition":[19.0693,253.258,-8.70079],"timeVisible":20.1737,"tipPosition":[23.7511,262.559,-25.8759],"tipVelocity":[-33.5124,196.155,-138.278],"tool":false,"touchDistance":-0.53397,"touchZone":"hovering","type":0,"width":20.194},{"bases":[[[0.917956,0.229386,-0.323633],[-0.0166767,0.837445,0.546267],[0.396331,-0.496052,0.772564]],[[0.957237,0.171191,-0.233219],[-0.0501227,0.892079,0.449092],[0.28493,-0.418198,0.862511]],[[0.957237,0.171191,-0.233219],[-0.10387,0.955752,0.275226],[0.270015,-0.239232,0.932663]],[[0.957237,0.171191,-0.233219],[-0.142741,0.980653,0.133961],[0.251639,-0.0949429,0.963153]]],"btipPosition":[8.35562,327.853,-65.9706],"carpPosition":[60.4361,266.159,66.5533],"dipPosition":[12.6431,326.236,-49.5601],"direction":[-0.270015,0.239232,-0.932663],"extended":true,"handId":698,"id":6981,"length":58.6448,"mcpPosition":[31.3588,302.552,9.87336],"pipPosition":[19.1514,320.469,-27.0796],"stabilizedTipPosition":[8.92852,315.931,-46.3654],"timeVisible":20.1737,"tipPosition":[10.0839,326.121,-62.6107],"tipVelocity":[-54.9331,146.2,-176.134],"tool":false,"touchDistance":-0.579436,"touchZone":"hovering","type":1,"width":19.2893},{"bases":[[[0.952365,0.0141114,-0.304633],[0.14746,0.853076,0.500517],[0.266938,-0.521596,0.810359]],[[0.960761,-0.00334392,-0.277356],[-0.129319,0.879203,-0.458562],[0.245386,0.476436,0.844272]],[[0.960761,-0.00334392,-0.277356],[-0.270793,-0.227858,-0.935282],[-0.0600702,0.973689,-0.219823]],[[0.960761,-0.00334392,-0.277356],[-0.170887,-0.794758,-0.582372],[-0.218484,0.606917,-0.764144]]],"btipPosition":[46.7561,245.062,-13.313],"carpPosition":[71.3254,270.658,63.0955],"dipPosition":[42.6618,256.436,-27.6331],"direction":[0.0600702,-0.973689,0.219823],"extended":false,"handId":698,"id":6982,"length":66.821,"mcpPosition":[52.7533,306.948,6.71488],"pipPosition":[40.9583,284.047,-33.8667],"stabilizedTipPosition":[42.5827,240.3,-5.80702],"timeVisible":20.1737,"tipPosition":[45.5487,248.187,-17.5634],"tipVelocity":[22.5883,156.437,-118.021],"tool":false,"touchDistance":0.333333,"touchZone":"none","type":2,"width":18.9446},{"bases":[[[0.967423,-0.127149,-0.21892],[0.22356,0.834842,0.503051],[0.118802,-0.535605,0.83607]],[[0.968853,-0.133937,-0.20829],[0.0162867,0.873755,-0.486093],[0.247101,0.46756,0.848722]],[[0.968853,-0.133937,-0.20829],[-0.234119,-0.221313,-0.946683],[0.0806984,0.965962,-0.245776]],[[0.968853,-0.133937,-0.20829],[-0.232448,-0.781914,-0.578428],[-0.0853923,0.608828,-0.788693]]],"btipPosition":[63.7805,246.619,-9.38914],"carpPosition":[82.8497,272.023,59.1682],"dipPosition":[62.1895,257.963,-24.0843],"direction":[-0.0806984,-0.965962,0.245776],"extended":false,"handId":698,"id":6983,"length":64.2502,"mcpPosition":[75.4286,305.48,6.94167],"pipPosition":[64.4188,284.648,-30.8739],"stabilizedTipPosition":[61.848,243.895,-7.69303],"timeVisible":20.1737,"tipPosition":[63.2613,249.67,-13.901],"tipVelocity":[19.7847,170.791,-107.669],"tool":false,"touchDistance":0.333333,"touchZone":"none","type":3,"width":18.027},{"bases":[[[0.924345,-0.324465,-0.200772],[0.38092,0.754281,0.534752],[-0.0220699,-0.570773,0.820811]],[[0.888851,-0.458014,0.0128862],[0.414005,0.790758,-0.450889],[0.196324,0.406108,0.892487]],[[0.888851,-0.458014,0.0128862],[-0.0771619,-0.177349,-0.981118],[0.451652,0.871074,-0.192978]],[[0.888851,-0.458014,0.0128862],[-0.346884,-0.691027,-0.634155],[0.299357,0.5592,-0.773099]]],"btipPosition":[74.9893,258.434,-8.31753],"carpPosition":[94.5908,266.351,53.5631],"dipPosition":[80.135,268.046,-21.6064],"direction":[-0.451652,-0.871074,0.192978],"extended":false,"handId":698,"id":6984,"length":50.3709,"mcpPosition":[95.867,299.356,6.09993],"pipPosition":[88.9443,285.036,-25.3704],"stabilizedTipPosition":[75.4051,255.322,-7.07917],"timeVisible":20.1737,"tipPosition":[76.2945,260.843,-12.1456],"tipVelocity":[8.99399,187.508,-126.766],"tool":false,"touchDistance":0.333333,"touchZone":"none","type":4,"width":16.013}],"r":[[0.999358,0.0250116,0.0256426],[-0.0344001,0.869722,0.492342],[-0.00998767,-0.492908,0.870024]],"s":0.875017,"t":[-7.62964,-48.0271,-8.88381],"timestamp":523690686352},false],[3,{"currentFrameRate":107.067,"devices":[],"gestures":[],"hands":[{"armBasis":[[0.937158,0.180398,-0.298651],[-0.0176772,0.879413,0.475731],[0.348458,-0.440556,0.827338]],"armWidth":63.5437,"confidence":0.667449,"direction":[-0.236127,0.643715,-0.727925],"elbow":[175.176,140.295,283.587],"grabStrength":0,"id":698,"palmNormal":[-0.0361256,-0.754406,-0.655413],"palmPosition":[61.1,289.353,20.3327],"palmVelocity":[-18.4904,188.277,-149.385],"palmWidth":90.7382,"pinchStrength":0.84092,"r":[[0.999123,0.0317046,0.0273552],[-0.0410317,0.871654,0.488402],[-0.00835965,-0.489096,0.87219]],"s":0.879611,"sphereCenter":[62.3809,266.971,-25.9741],"sphereRadius":48.413,"stabilizedPalmPosition":[60.0222,280.037,30.256],"t":[-7.86398,-46.5243,-10.1347],"timeVisible":20.183,"type":"right","wrist":[81.3529,258.916,60.8246]}],"id":4274800,"interactionBox":{"center":[0,200,0],"size":[235.247,235.247,147.751]},"pointables":[{"bases":[[[0.376984,0.852064,0.363139],[-0.673187,-0.0172255,0.739271],[0.636162,-0.523153,0.567105]],[[0.158597,0.973101,0.167094],[-0.812155,0.0323356,0.582545],[0.561472,-0.228096,0.795438]],[[0.158597,0.973101,0.167094],[-0.954299,0.107662,0.278787],[0.253298,-0.203673,0.945705]],[[0.158597,0.973101,0.167094],[-0.95079,0.196145,-0.239846],[-0.266169,-0.120832,0.956323]]],"btipPosition":[23.8133,266.041,-32.0959],"carpPosition":[54.1634,244.942,61.9751],"dipPosition":[17.6012,263.221,-9.77648],"direction":[-0.253298,0.203673,-0.945705],"extended":false,"handId":698,"id":6980,"length":51.9721,"mcpPosition":[54.1634,244.942,61.9751],"pipPosition":[26.2136,256.296,22.3787],"stabilizedTipPosition":[19.8422,256.087,-12.9585],"timeVisible":20.183,"tipPosition":[23.4665,264.207,-27.0786],"tipVelocity":[-32.4042,190.819,-134.911],"tool":false,"touchDistance":-0.526573,"touchZone":"hovering","type":0,"width":20.194},{"bases":[[[0.917619,0.234722,-0.320752],[-0.0229897,0.836993,0.54673],[0.396796,-0.494316,0.773437]],[[0.956339,0.177788,-0.231964],[-0.0554935,0.889714,0.453132],[0.286943,-0.420475,0.860735]],[[0.956339,0.177788,-0.231964],[-0.108876,0.953284,0.281772],[0.271224,-0.244214,0.931019]],[[0.956339,0.177788,-0.231964],[-0.147454,0.978784,0.142264],[0.252336,-0.101849,0.962265]]],"btipPosition":[7.9165,329.457,-67.0893],"carpPosition":[60.1583,267.554,65.3678],"dipPosition":[12.2159,327.721,-50.6939],"direction":[-0.271224,0.244214,-0.931019],"extended":true,"handId":698,"id":6981,"length":58.6448,"mcpPosition":[31.047,303.82,8.62383],"pipPosition":[18.7533,321.835,-28.2531],"stabilizedTipPosition":[8.92543,317.682,-48.6272],"timeVisible":20.183,"tipPosition":[9.65012,327.701,-63.7472],"tipVelocity":[-52.6393,152.687,-160.372],"tool":false,"touchDistance":-0.566658,"touchZone":"hovering","type":1,"width":19.2893},{"bases":[[[0.953175,0.0196305,-0.301781],[0.141193,0.85357,0.50148],[0.267436,-0.520608,0.81083]],[[0.961781,0.00177478,-0.273812],[-0.133066,0.876989,-0.461719],[0.239311,0.480508,0.843708]],[[0.961781,0.00177478,-0.273812],[-0.265907,-0.232588,-0.935519],[-0.0653458,0.972574,-0.223227]],[[0.961781,0.00177478,-0.273812],[-0.16401,-0.797018,-0.581259],[-0.219265,0.603952,-0.766266]]],"btipPosition":[46.8849,246.343,-14.3326],"carpPosition":[71.0326,272.117,61.9453],"dipPosition":[42.7759,257.661,-28.6924],"direction":[0.0653458,-0.972574,0.223227],"extended":false,"handId":698,"id":6982,"length":66.821,"mcpPosition":[52.4258,308.338,5.53191],"pipPosition":[40.9228,285.241,-35.0226],"stabilizedTipPosition":[43.3834,242.362,-8.62824],"timeVisible":20.183,"tipPosition":[45.6731,249.457,-18.6022],"tipVelocity":[20.0055,150.683,-115.859],"tool":false,"touchDistance":0.333333,"touchZone":"none","type":2,"width":18.9446},{"bases":[[[0.968767,-0.121597,-0.216111],[0.217385,0.835761,0.50423],[0.119304,-0.535461,0.836091]],[[0.970255,-0.128639,-0.205081],[0.0131838,0.873957,-0.485825],[0.241728,0.46867,0.849656]],[[0.970255,-0.128639,-0.205081],[-0.229761,-0.222449,-0.947484],[0.0762636,0.966421,-0.245388]],[[0.970255,-0.128639,-0.205081],[-0.22627,-0.783067,-0.579316],[-0.0860692,0.608488,-0.788882]]],"btipPosition":[63.8347,248.08,-10.5542],"carpPosition":[82.5607,273.548,58.0532],"dipPosition":[62.231,259.417,-25.2529],"direction":[-0.0762636,-0.966421,0.245388],"extended":false,"handId":698,"id":6983,"length":64.2502,"mcpPosition":[75.1082,306.997,5.82544],"pipPosition":[64.3378,286.115,-32.0318],"stabilizedTipPosition":[62.3345,245.938,-9.57023],"timeVisible":20.183,"tipPosition":[63.3174,251.121,-15.0505],"tipVelocity":[15.7441,166.766,-112.598],"tool":false,"touchDistance":0.333333,"touchZone":"none","type":3,"width":18.027},{"bases":[[[0.92674,-0.319163,-0.198213],[0.375098,0.756062,0.536351],[-0.021322,-0.571407,0.82039]],[[0.891666,-0.452469,0.0142301],[0.409349,0.792471,-0.452132],[0.193299,0.408976,0.891838]],[[0.891666,-0.452469,0.0142301],[-0.0763,-0.181198,-0.980482],[0.446217,0.873177,-0.196091]],[[0.891666,-0.452469,0.0142301],[-0.342709,-0.695236,-0.631821],[0.295773,0.558497,-0.774984]]],"btipPosition":[74.9796,259.935,-9.26051],"carpPosition":[94.35,267.946,52.4797],"dipPosition":[80.0637,269.535,-22.5818],"direction":[-0.446217,-0.873177,0.196091],"extended":false,"handId":698,"id":6984,"length":50.3709,"mcpPosition":[95.5829,300.987,5.04091],"pipPosition":[88.767,286.566,-26.4065],"stabilizedTipPosition":[75.626,257.347,-8.63679],"timeVisible":20.183,"tipPosition":[76.269,262.344,-13.1159],"tipVelocity":[5.72465,179.949,-119.756],"tool":false,"touchDistance":0.333333,"touchZone":"none","type":4,"width":16.013}],"r":[[0.999123,0.0317046,0.0273552],[-0.0410317,0.871654,0.488402],[-0.00835965,-0.489096,0.87219]],"s":0.879611,"t":[-7.86398,-46.5243,-10.1347],"timestamp":523690695672},false],[4,{"currentFrameRate":107.351,"devices":[],"gestures":[],"hands":[{"armBasis":[[0.932542,0.187308,-0.308676],[-0.0193095,0.879563,0.475391],[0.360544,-0.437362,0.823846]],"armWidth":63.5437,"confidence":0.674585,"direction":[-0.237199,0.64122,-0.729776],"elbow":[178.13,142.611,281.389],"grabStrength":0,"id":698,"palmNormal":[-0.0341127,-0.75625,-0.653393],"palmPosition":[60.7517,290.655,18.9826],"palmVelocity":[-24.1757,177.429,-150.486],"palmWidth":90.7382,"pinchStrength":0.838266,"r":[[0.998881,0.0375249,0.0287829],[-0.0467792,0.873396,0.484759],[-0.00694834,-0.485563,0.874174]],"s":0.883406,"sphereCenter":[61.7532,268.221,-27.1326],"sphereRadius":48.3117,"stabilizedPalmPosition":[60.176,282.274,27.8805],"t":[-8.15534,-45.1219,-11.4351],"timeVisible":20.1918,"type":"right","wrist":[81.0521,260.372,59.5665]}],"id":4274801,"interactionBox":{"center":[0,200,0],"size":[235.247,235.247,147.751]},"pointables":[{"bases":[[[0.374898,0.853881,0.361025],[-0.673518,-0.0167354,0.738982],[0.637044,-0.5202,0.56883]],[[0.158638,0.973175,0.166624],[-0.812098,0.0326284,0.582608],[0.561544,-0.227739,0.79549]],[[0.158638,0.973175,0.166624],[-0.954561,0.108051,0.277737],[0.252283,-0.203112,0.946097]],[[0.158638,0.973175,0.166624],[-0.950693,0.196109,-0.240257],[-0.266489,-0.120294,0.956302]]],"btipPosition":[23.5816,267.391,-33.3452],"carpPosition":[53.8933,246.341,60.7412],"dipPosition":[17.3621,264.584,-11.0263],"direction":[-0.252283,0.203112,-0.946097],"extended":false,"handId":698,"id":6980,"length":51.9721,"mcpPosition":[53.8933,246.341,60.7412],"pipPosition":[25.94,257.677,21.1422],"stabilizedTipPosition":[20.3667,258.508,-16.4235],"timeVisible":20.1918,"tipPosition":[23.139,265.557,-28.3342],"tipVelocity":[-30.8217,180.835,-136.827],"tool":false,"touchDistance":-0.52099,"touchZone":"hovering","type":0,"width":20.194},{"bases":[[[0.917253,0.235905,-0.320929],[-0.0251323,0.838411,0.544458],[0.397511,-0.49134,0.774964]],[[0.955575,0.180143,-0.233293],[-0.0570687,0.889596,0.45317],[0.289172,-0.419724,0.860356]],[[0.955575,0.180143,-0.233293],[-0.110479,0.952698,0.283127],[0.273261,-0.244775,0.930276]],[[0.955575,0.180143,-0.233293],[-0.149112,0.978195,0.144572],[0.25425,-0.103362,0.961599]]],"btipPosition":[7.36457,330.667,-68.4477],"carpPosition":[59.8361,268.976,64.0759],"dipPosition":[11.6966,328.906,-52.0637],"direction":[-0.273261,0.244775,-0.930276],"extended":true,"handId":698,"id":6981,"length":58.6448,"mcpPosition":[30.6723,305.023,7.21985],"pipPosition":[18.2831,323.006,-29.6408],"stabilizedTipPosition":[8.85384,319.278,-50.6629],"timeVisible":20.1918,"tipPosition":[9.10043,328.929,-65.1103],"tipVelocity":[-55.1303,148.435,-158.85],"tool":false,"touchDistance":-0.558742,"touchZone":"hovering","type":1,"width":19.2893},{"bases":[[[0.95328,0.0209458,-0.301361],[0.139035,0.855233,0.499245],[0.268191,-0.51782,0.812364]],[[0.96197,0.00305654,-0.273136],[-0.134656,0.8753,-0.464454],[0.237657,0.48357,0.842424]],[[0.96197,0.00305654,-0.273136],[-0.264733,-0.235936,-0.935014],[-0.0673005,0.971764,-0.226154]],[[0.96197,0.00305654,-0.273136],[-0.161889,-0.799017,-0.579106],[-0.220011,0.601301,-0.768136]]],"btipPosition":[46.6505,247.511,-15.5584],"carpPosition":[70.7019,273.553,60.6465],"dipPosition":[42.5275,258.78,-29.9533],"direction":[0.0673005,-0.971764,0.226154],"extended":false,"handId":698,"id":6982,"length":66.821,"mcpPosition":[52.0425,309.581,4.12634],"pipPosition":[40.619,286.337,-36.3665],"stabilizedTipPosition":[43.9054,244.105,-10.9336],"timeVisible":20.1918,"tipPosition":[45.4402,250.602,-19.8216],"tipVelocity":[7.34364,145.508,-122.431],"tool":false,"touchDistance":0.333333,"touchZone":"none","type":2,"width":18.9446},{"bases":[[[0.969145,-0.120015,-0.215303],[0.215266,0.837601,0.502081],[0.12008,-0.532936,0.837592]],[[0.970822,-0.127923,-0.202829],[0.0117159,0.87012,-0.492701],[0.239514,0.475949,0.84623]],[[0.970822,-0.127923,-0.202829],[-0.228009,-0.230466,-0.94599],[0.0742687,0.964635,-0.252909]],[[0.970822,-0.127923,-0.202829],[-0.223798,-0.787133,-0.574749],[-0.0861302,0.603372,-0.792795]]],"btipPosition":[63.609,249.194,-11.5116],"carpPosition":[82.2287,275,56.7563],"dipPosition":[62.0042,260.436,-26.2832],"direction":[-0.0742687,-0.964635,0.252909],"extended":false,"handId":698,"id":6983,"length":64.2502,"mcpPosition":[74.7277,308.291,4.43472],"pipPosition":[64.0559,287.084,-33.2699],"stabilizedTipPosition":[62.595,247.619,-11.1063],"timeVisible":20.1918,"tipPosition":[63.0937,252.226,-16.0396],"tipVelocity":[4.58824,155.296,-112.096],"tool":false,"touchDistance":0.333333,"touchZone":"none","type":3,"width":18.027},{"bases":[[[0.927549,-0.317625,-0.196892],[0.37314,0.758341,0.534495],[-0.0204574,-0.569239,0.821918]],[[0.892973,-0.449865,0.0148683],[0.406404,0.791623,-0.456255],[0.193483,0.413466,0.889725]],[[0.892973,-0.449865,0.0148683],[-0.0777905,-0.18678,-0.979317],[0.443338,0.873347,-0.201784]],[[0.892973,-0.449865,0.0148683],[-0.341969,-0.699539,-0.627457],[0.292672,0.555218,-0.778509]]],"btipPosition":[74.7158,261.168,-10.3787],"carpPosition":[94.0332,269.409,51.2037],"dipPosition":[79.7465,270.711,-23.7606],"direction":[-0.443338,-0.873347,0.201784],"extended":false,"handId":698,"id":6984,"length":50.3709,"mcpPosition":[95.2162,302.325,3.67655],"pipPosition":[88.3937,287.746,-27.6963],"stabilizedTipPosition":[75.6961,259.057,-10.007],"timeVisible":20.1918,"tipPosition":[75.9896,263.562,-14.2569],"tipVelocity":[-4.26845,168.818,-122.164],"tool":false,"touchDistance":0.333333,"touchZone":"none","type":4,"width":16.013}],"r":[[0.998881,0.0375249,0.0287829],[-0.0467792,0.873396,0.484759],[-0.00694834,-0.485563,0.874174]],"s":0.883406,"t":[-8.15534,-45.1219,-11.4351],"timestamp":523690704469},false],[5,{"currentFrameRate":107.483,"devices":[],"gestures":[],"hands":[{"armBasis":[[0.933783,0.185187,-0.306194],[-0.0199865,0.88133,0.472078],[0.357281,-0.434699,0.826673]],"armWidth":63.5437,"confidence":0.679888,"direction":[-0.238934,0.640381,-0.729947],"elbow":[177.029,144.5,281.141],"grabStrength":0,"id":698,"palmNormal":[-0.0345536,-0.756851,-0.652674],"palmPosition":[60.4378,291.775,17.9801],"palmVelocity":[-27.0633,162.53,-139.469],"palmWidth":90.7382,"pinchStrength":0.836279,"r":[[0.998665,0.0423565,0.0295708],[-0.0513675,0.874833,0.481694],[-0.00546661,-0.48257,0.87584]],"s":0.88634,"sphereCenter":[61.0625,269.352,-28.0074],"sphereRadius":48.2197,"stabilizedPalmPosition":[60.2325,284.326,25.7419],"t":[-8.45796,-43.861,-12.5866],"timeVisible":20.2009,"type":"right","wrist":[80.8302,261.544,58.5571]}],"id":4274802,"interactionBox":{"center":[0,200,0],"size":[235.247,235.247,147.751]},"pointables":[{"bases":[[[0.374777,0.85451,0.35966],[-0.672289,-0.0166492,0.740102],[0.638412,-0.519168,0.568238]],[[0.160634,0.972647,0.167796],[-0.810627,0.0330184,0.584632],[0.5631,-0.229931,0.793757]],[[0.160634,0.972647,0.167796],[-0.954158,0.109527,0.278543],[0.252546,-0.204847,0.945652]],[[0.160634,0.972647,0.167796],[-0.950465,0.198268,-0.239387],[-0.266107,-0.12103,0.956315]]],"btipPosition":[23.2781,268.727,-34.1967],"carpPosition":[53.6851,247.491,59.7888],"dipPosition":[17.0674,265.902,-11.8774],"direction":[-0.252546,0.204847,-0.945652],"extended":false,"handId":698,"id":6980,"length":51.9721,"mcpPosition":[53.6851,247.491,59.7888],"pipPosition":[25.6543,258.937,20.276],"stabilizedTipPosition":[20.7237,260.812,-19.4664],"timeVisible":20.2009,"tipPosition":[22.7341,266.882,-29.1987],"tipVelocity":[-31.4954,171.465,-124.977],"tool":false,"touchDistance":-0.509995,"touchZone":"hovering","type":0,"width":20.194},{"bases":[[[0.916527,0.236389,-0.322643],[-0.0249389,0.838867,0.543764],[0.399194,-0.490328,0.77474]],[[0.954555,0.181575,-0.236337],[-0.0565658,0.888948,0.454501],[0.292617,-0.420478,0.858821]],[[0.954555,0.181575,-0.236337],[-0.110384,0.951983,0.28556],[0.276839,-0.246495,0.928763]],[[0.954555,0.181575,-0.236337],[-0.14939,0.977676,0.147755],[0.257889,-0.105734,0.960371]]],"btipPosition":[6.72358,331.865,-69.2902],"carpPosition":[59.6144,270.134,63.0938],"dipPosition":[11.1176,330.063,-52.9271],"direction":[-0.276839,0.246495,-0.928763],"extended":true,"handId":698,"id":6981,"length":58.6448,"mcpPosition":[30.3271,306.107,6.25422],"pipPosition":[17.7904,324.122,-30.5407],"stabilizedTipPosition":[8.70253,320.923,-52.6716],"timeVisible":20.2009,"tipPosition":[8.46982,330.15,-65.961],"tipVelocity":[-59.0014,143.661,-140.793],"tool":false,"touchDistance":-0.543911,"touchZone":"hovering","type":1,"width":19.2893},{"bases":[[[0.952766,0.021477,-0.302946],[0.13914,0.855786,0.498267],[0.269958,-0.516883,0.812376]],[[0.961535,0.0035826,-0.27466],[-0.136083,0.874795,-0.464989],[0.238606,0.48448,0.841633]],[[0.961535,0.0035826,-0.27466],[-0.266025,-0.236938,-0.934394],[-0.068425,0.971518,-0.226871]],[[0.961535,0.0035826,-0.27466],[-0.162173,-0.79964,-0.578167],[-0.221701,0.60047,-0.7683]]],"btipPosition":[46.3144,248.589,-16.5017],"carpPosition":[70.4707,274.717,59.6426],"dipPosition":[42.1597,259.842,-30.8996],"direction":[0.068425,-0.971518,0.226871],"extended":false,"handId":698,"id":6982,"length":66.821,"mcpPosition":[51.6884,310.68,3.12161],"pipPosition":[40.2193,287.392,-37.3332],"stabilizedTipPosition":[44.2366,245.716,-12.9569],"timeVisible":20.2009,"tipPosition":[45.0971,251.672,-20.7585],"tipVelocity":[-5.15122,138.053,-117.381],"tool":false,"touchDistance":0.333333,"touchZone":"none","type":2,"width":18.9446},{"bases":[[[0.96889,-0.119395,-0.21679],[0.21539,0.838221,0.500992],[0.121902,-0.532101,0.83786]],[[0.970673,-0.127679,-0.203696],[0.0105693,0.869152,-0.494432],[0.240171,0.477779,0.845012]],[[0.970673,-0.127679,-0.203696],[-0.228954,-0.2326,-0.945239],[0.073308,0.964155,-0.255012]],[[0.970673,-0.127679,-0.203696],[-0.223949,-0.788329,-0.573049],[-0.0874124,0.601861,-0.793803]]],"btipPosition":[63.2776,250.272,-12.4213],"carpPosition":[81.9899,276.17,55.7321],"dipPosition":[61.6489,261.486,-27.2117],"direction":[-0.073308,-0.964155,0.255012],"extended":false,"handId":698,"id":6983,"length":64.2502,"mcpPosition":[74.3751,309.409,3.39384],"pipPosition":[63.6741,288.121,-34.2565],"stabilizedTipPosition":[62.6854,249.154,-12.4906],"timeVisible":20.2009,"tipPosition":[62.7602,253.286,-16.9305],"tipVelocity":[-6.94665,145.058,-108.988],"tool":false,"touchDistance":0.333333,"touchZone":"none","type":3,"width":18.027},{"bases":[[[0.92749,-0.317024,-0.198138],[0.373384,0.759121,0.533216],[-0.0186315,-0.568534,0.822449]],[[0.893769,-0.448355,0.0124474],[0.4029,0.790342,-0.461553],[0.197102,0.417536,0.887025]],[[0.893769,-0.448355,0.0124474],[-0.0827985,-0.192201,-0.977856],[0.440819,0.872947,-0.208907]],[[0.893769,-0.448355,0.0124474],[-0.344005,-0.703032,-0.62242],[0.287816,0.552018,-0.782584]]],"btipPosition":[74.3719,262.222,-11.1439],"carpPosition":[93.79,270.584,50.1651],"dipPosition":[79.3192,271.71,-24.5958],"direction":[-0.440819,-0.872947,0.208907],"extended":false,"handId":698,"id":6984,"length":50.3709,"mcpPosition":[94.8673,303.46,2.60722],"pipPosition":[87.9173,288.737,-28.6705],"stabilizedTipPosition":[75.6416,260.622,-11.2447],"timeVisible":20.2009,"tipPosition":[75.6268,264.614,-15.0646],"tipVelocity":[-14.1536,153.919,-112.229],"tool":false,"touchDistance":0.333333,"touchZone":"none","type":4,"width":16.013}],"r":[[0.998665,0.0423565,0.0295708],[-0.0513675,0.874833,0.481694],[-0.00546661,-0.48257,0.87584]],"s":0.88634,"t":[-8.45796,-43.861,-12.5866],"timestamp":523690713533},false],[6,{"currentFrameRate":107.642,"devices":[],"gestures":[],"hands":[{"armBasis":[[0.934836,0.18423,-0.303548],[-0.0212136,0.882321,0.470169],[0.354446,-0.433092,0.828734]],"armWidth":63.5437,"confidence":0.680357,"direction":[-0.241584,0.639444,-0.729896],"elbow":[176.137,145.631,281.101],"grabStrength":0,"id":698,"palmNormal":[-0.0343082,-0.757334,-0.652126],"palmPosition":[60.1719,292.406,17.4054],"palmVelocity":[-27.7433,137.168,-118.699],"palmWidth":90.7382,"pinchStrength":0.837224,"r":[[0.998468,0.0466197,0.0298014],[-0.0552025,0.875998,0.479144],[-0.00376844,-0.480056,0.87723]],"s":0.887885,"sphereCenter":[60.4382,269.937,-28.462],"sphereRadius":48.1076,"stabilizedPalmPosition":[60.2197,286.04,23.9737],"t":[-8.74223,-42.9147,-13.4497],"timeVisible":20.2099,"type":"right","wrist":[80.701,262.242,57.9626]}],"id":4274803,"interactionBox":{"center":[0,200,0],"size":[235.247,235.247,147.751]},"pointables":[{"bases":[[[0.37378,0.855474,0.358403],[-0.670843,-0.0174986,0.741393],[0.640514,-0.517549,0.567349]],[[0.164998,0.971142,0.172219],[-0.809171,0.0334503,0.58662],[0.56393,-0.236146,0.791339]],[[0.164998,0.971142,0.172219],[-0.954195,0.112992,0.277027],[0.249573,-0.210039,0.945303]],[[0.164998,0.971142,0.172219],[-0.946627,0.204951,-0.248783],[-0.2769,-0.121978,0.953125]]],"btipPosition":[23.4906,269.88,-34.5238],"carpPosition":[53.586,248.136,59.2549],"dipPosition":[17.0281,267.033,-12.2789],"direction":[-0.249573,0.210039,-0.945303],"extended":false,"handId":698,"id":6980,"length":51.9721,"mcpPosition":[53.586,248.136,59.2549],"pipPosition":[25.5139,259.892,19.8625],"stabilizedTipPosition":[21.048,262.942,-21.9837],"timeVisible":20.2099,"tipPosition":[22.6222,267.957,-29.5673],"tipVelocity":[-18.1297,159.405,-101.156],"tool":false,"touchDistance":-0.492493,"touchZone":"hovering","type":0,"width":20.194},{"bases":[[[0.915444,0.237984,-0.32454],[-0.0255531,0.839164,0.543278],[0.401634,-0.489048,0.774288]],[[0.953434,0.183829,-0.239104],[-0.0572278,0.888643,0.455015],[0.296123,-0.420144,0.857782]],[[0.953434,0.183829,-0.239104],[-0.111612,0.951551,0.28652],[0.28019,-0.246491,0.927758]],[[0.953434,0.183829,-0.239104],[-0.151051,0.977232,0.149001],[0.26105,-0.105946,0.959494]]],"btipPosition":[6.12239,332.419,-69.7329],"carpPosition":[59.477,270.793,62.5343],"dipPosition":[10.5702,330.614,-53.3848],"direction":[-0.28019,0.246491,-0.927758],"extended":true,"handId":698,"id":6981,"length":58.6448,"mcpPosition":[30.0108,306.672,5.72786],"pipPosition":[17.3238,324.673,-31.0225],"stabilizedTipPosition":[8.48277,322.487,-54.5489],"timeVisible":20.2099,"tipPosition":[7.87502,330.745,-66.4035],"tipVelocity":[-60.761,121.092,-115.737],"tool":false,"touchDistance":-0.524545,"touchZone":"hovering","type":1,"width":19.2893},{"bases":[[[0.952143,0.023157,-0.304775],[0.138405,0.856376,0.497457],[0.272522,-0.515833,0.812187]],[[0.961042,0.00520965,-0.276355],[-0.138604,0.874113,-0.465526],[0.23914,0.485694,0.840781]],[[0.961042,0.00520965,-0.276355],[-0.267216,-0.238128,-0.933751],[-0.0706724,0.97122,-0.227459]],[[0.961042,0.00520965,-0.276355],[-0.161705,-0.80027,-0.577425],[-0.224167,0.599617,-0.76825]]],"btipPosition":[46.0672,249.16,-17.015],"carpPosition":[70.3177,275.396,59.0595],"dipPosition":[41.8664,260.397,-31.412],"direction":[0.0706724,-0.97122,0.227459],"extended":false,"handId":698,"id":6982,"length":66.821,"mcpPosition":[51.357,311.285,2.55162],"pipPosition":[39.8622,287.939,-37.8622],"stabilizedTipPosition":[44.4224,247.013,-14.5413],"timeVisible":20.2099,"tipPosition":[44.8406,252.235,-21.2591],"tipVelocity":[-11.6008,117.451,-100.797],"tool":false,"touchDistance":0.333333,"touchZone":"none","type":2,"width":18.9446},{"bases":[[[0.968708,-0.117628,-0.218561],[0.214695,0.838962,0.500049],[0.124545,-0.531325,0.837963]],[[0.970597,-0.126215,-0.204965],[0.00822355,0.868395,-0.495805],[0.240569,0.479541,0.8439]],[[0.970597,-0.126215,-0.204965],[-0.229974,-0.234776,-0.944453],[0.0710833,0.96382,-0.256899]],[[0.970597,-0.126215,-0.204965],[-0.22335,-0.789729,-0.571351],[-0.0897539,0.600331,-0.794699]]],"btipPosition":[63.0365,250.881,-12.9154],"carpPosition":[81.8265,276.869,55.1262],"dipPosition":[61.3642,262.067,-27.7224],"direction":[-0.0710833,-0.96382,0.256899],"extended":false,"handId":698,"id":6983,"length":64.2502,"mcpPosition":[74.0467,310.059,2.7814],"pipPosition":[63.3279,288.692,-34.8194],"stabilizedTipPosition":[62.6757,250.4,-13.6006],"timeVisible":20.2099,"tipPosition":[62.5099,253.878,-17.4116],"tipVelocity":[-12.7002,123.601,-94.2453],"tool":false,"touchDistance":0.333333,"touchZone":"none","type":3,"width":18.027},{"bases":[[[0.927733,-0.315326,-0.199705],[0.372905,0.760194,0.532021],[-0.0159456,-0.568045,0.822843]],[[0.894962,-0.44603,0.0100251],[0.399056,0.790256,-0.465028],[0.199494,0.420183,0.885239]],[[0.894962,-0.44603,0.0100251],[-0.0864884,-0.195496,-0.976883],[0.437679,0.873406,-0.213538]],[[0.894962,-0.44603,0.0100251],[-0.344746,-0.705648,-0.619041],[0.283185,0.550562,-0.785295]]],"btipPosition":[74.1101,262.834,-11.5917],"carpPosition":[93.627,271.302,49.5402],"dipPosition":[78.9778,272.298,-25.0903],"direction":[-0.437679,-0.873406,0.213538],"extended":false,"handId":698,"id":6984,"length":50.3709,"mcpPosition":[94.549,304.149,1.95948],"pipPosition":[87.5146,289.333,-29.2552],"stabilizedTipPosition":[75.5214,261.903,-12.2521],"timeVisible":20.2099,"tipPosition":[75.3422,265.223,-15.5263],"tipVelocity":[-18.8125,130.155,-95.3961],"tool":false,"touchDistance":0.333333,"touchZone":"none","type":4,"width":16.013}],"r":[[0.998468,0.0466197,0.0298014],[-0.0552025,0.875998,0.479144],[-0.00376844,-0.480056,0.87723]],"s":0.8