{"sensorType":"Leap","data":[[0,{"currentFrameRate":110.019,"devices":[],"gestures":[],"hands":[{"armBasis":[[0.921254,0.00934945,-0.388849],[0.152082,0.911468,0.382226],[0.357997,-0.411265,0.838272]],"armWidth":63.5437,"confidence":0.598558,"direction":[-0.228306,0.656741,-0.718726],"elbow":[179.786,140.87,286.1],"grabStrength":0,"id":698,"palmNormal":[-0.227833,-0.753764,-0.616386],"palmPosition":[62.9232,283.898,21.4797],"palmVelocity":[24.0561,205.002,-190.901],"palmWidth":90.7382,"pinchStrength":1,"r":[[0.984452,-0.140665,-0.1052],[0.173466,0.872746,0.456315],[0.0276251,-0.467469,0.883578]],"s":0.815601,"sphereCenter":[63.6032,259.223,-25.7756],"sphereRadius":49.3565,"stabilizedPalmPosition":[46.1531,266.133,69.3302],"t":[-6.33777,-52.0577,-8.79113],"timeVisible":17.0102,"type":"right","wrist":[83.3945,251.605,60.3933]}],"id":4274458,"interactionBox":{"center":[0,200,0],"size":[235.247,235.247,147.751]},"pointables":[{"bases":[[[0.540121,0.793074,0.281608],[-0.570793,0.099321,0.815065],[0.618437,-0.600974,0.506326]],[[0.250504,0.966397,0.057667],[-0.790571,0.169819,0.588352],[0.558789,-0.192974,0.806546]],[[0.250504,0.966397,0.057667],[-0.940551,0.228827,0.251002],[0.229371,-0.117116,0.966267]],[[0.250504,0.966397,0.057667],[-0.838115,0.246295,-0.486725],[-0.484573,0.0735949,0.87165]]],"btipPosition":[30.5043,253.77,-27.9934],"carpPosition":[54.81,241.9,65.3536],"dipPosition":[19.1949,255.488,-7.65012],"direction":[-0.229371,0.117116,-0.966267],"extended":false,"handId":698,"id":6980,"length":51.9721,"mcpPosition":[54.81,241.9,65.3536],"pipPosition":[26.9938,251.506,25.2042],"stabilizedTipPosition":[-13.09,245.835,91.13],"timeVisible":17.0102,"tipPosition":[28.1633,254.121,-22.2032],"tipVelocity":[62.012,187.345,-226.27],"tool":false,"touchDistance":-0.657069,"touchZone":"hovering","type":0,"width":20.194},{"bases":[[[0.894785,0.0875705,-0.437825],[0.16835,0.842037,0.512477],[0.413542,-0.532265,0.7387]],[[0.96135,-0.0253466,-0.27416],[0.134156,0.912673,0.386044],[0.240434,-0.407903,0.880799]],[[0.96135,-0.0253466,-0.27416],[0.0871574,0.972561,0.215705],[0.26117,-0.231263,0.937181]],[[0.96135,-0.0253466,-0.27416],[0.0492556,0.995522,0.0806782],[0.270888,-0.0910639,0.958294]]],"btipPosition":[12.878,327.072,-63.7334],"carpPosition":[64.4295,263.42,67.1156],"dipPosition":[17.4935,325.521,-47.4056],"direction":[-0.26117,0.231263,-0.937181],"extended":true,"handId":698,"id":6981,"length":58.6448,"mcpPosition":[34.0896,302.471,12.9202],"pipPosition":[23.7886,319.947,-24.8163],"stabilizedTipPosition":[-8.16012,308.472,-4.06141],"timeVisible":17.0102,"tipPosition":[14.5703,326.505,-60.155],"tipVelocity":[-8.88579,157.567,-202.736],"tool":false,"touchDistance":-0.655658,"touchZone":"hovering","type":1,"width":19.2893},{"bases":[[[0.900532,-0.129984,-0.414905],[0.326239,0.832829,0.447173],[0.28742,-0.538052,0.792395]],[[0.911649,-0.152126,-0.381778],[-0.0738819,0.853166,-0.516381],[0.404275,0.498965,0.766548]],[[0.911649,-0.152126,-0.381778],[-0.402523,-0.14314,-0.90415],[0.0828968,0.977941,-0.191727]],[[0.911649,-0.152126,-0.381778],[-0.377276,-0.678172,-0.630671],[-0.16297,0.718986,-0.675648]]],"btipPosition":[36.6153,238.472,-11.6446],"carpPosition":[75.3415,266.226,62.2333],"dipPosition":[33.5612,251.945,-24.3062],"direction":[-0.0828968,-0.977941,0.191727],"extended":false,"handId":698,"id":6982,"length":66.821,"mcpPosition":[55.3443,303.661,7.10252],"pipPosition":[35.912,279.677,-29.7432],"stabilizedTipPosition":[1.44824,223.704,59.2067],"timeVisible":17.0102,"tipPosition":[36.282,241.178,-13.465],"tipVelocity":[67.9153,182.388,-224.673],"tool":false,"touchDistance":0.333333,"touchZone":"none","type":2,"width":18.9446},{"bases":[[[0.90584,-0.270156,-0.326297],[0.39874,0.803838,0.441419],[0.143038,-0.529963,0.835871]],[[0.898795,-0.246949,-0.362193],[0.0388214,0.867822,-0.495357],[0.436647,0.431164,0.78958]],[[0.898795,-0.246949,-0.362193],[-0.388883,-0.0678174,-0.918788],[0.202331,0.966653,-0.156988]],[[0.898795,-0.246949,-0.362193],[-0.434036,-0.617205,-0.656255],[-0.0614863,0.747043,-0.661926]]],"btipPosition":[53.5435,239.101,-13.796],"carpPosition":[86.3776,265.83,56.9285],"dipPosition":[52.3978,253.02,-26.1292],"direction":[-0.202331,-0.966653,0.156988],"extended":false,"handId":698,"id":6983,"length":64.2502,"mcpPosition":[77.4425,298.935,4.71445],"pipPosition":[57.9873,279.724,-30.4661],"stabilizedTipPosition":[28.8935,223.905,30.5945],"timeVisible":17.0102,"tipPosition":[53.4588,242.002,-15.9884],"tipVelocity":[79.6939,189.249,-187.256],"tool":false,"touchDistance":0.333333,"touchZone":"none","type":3,"width":18.027},{"bases":[[[0.837888,-0.458756,-0.29578],[0.545838,0.702033,0.457396],[-0.00218567,-0.544695,0.838632]],[[0.836414,-0.424128,-0.34717],[0.21325,0.83532,-0.50672],[0.504912,0.349794,0.789119]],[[0.836414,-0.424128,-0.34717],[-0.384846,-0.00344628,-0.922974],[0.390263,0.905595,-0.166107]],[[0.836414,-0.424128,-0.34717],[-0.539167,-0.522804,-0.660284],[0.0985436,0.739453,-0.665957]]],"btipPosition":[69.4461,247.195,-11.4335],"carpPosition":[96.4294,258.406,50.1984],"dipPosition":[71.14,259.906,-22.8807],"direction":[-0.390263,-0.905595,0.166107],"extended":false,"handId":698,"id":6984,"length":50.3709,"mcpPosition":[96.5558,289.903,1.70481],"pipPosition":[78.7519,277.569,-26.1206],"stabilizedTipPosition":[54.4122,234.853,15.7029],"timeVisible":17.0102,"tipPosition":[70.0555,249.6,-13.2793],"tipVelocity":[68.3998,214.274,-194.927],"tool":false,"touchDistance":0.333333,"touchZone":"none","type":4,"width":16.013}],"r":[[0.984452,-0.140665,-0.1052],[0.173466,0.872746,0.456315],[0.0276251,-0.467469,0.883578]],"s":0.815601,"t":[-6.33777,-52.0577,-8.79113],"timestamp":523687522886},false],[1,{"currentFrameRate":109.978,"devices":[],"gestures":[],"hands":[{"armBasis":[[0.924659,0.0131141,-0.38057],[0.148747,0.907567,0.392679],[0.350542,-0.419703,0.837239]],"armWidth":63.5437,"confidence":0.606996,"direction":[-0.233102,0.65558,-0.718247],"elbow":[177.927,139.589,284.958],"grabStrength":0,"id":698,"palmNormal":[-0.222396,-0.754958,-0.616911],"palmPosition":[62.8356,284.767,20.639],"palmVelocity":[14.6828,174.273,-163.25],"palmWidth":90.7382,"pinchStrength":1,"r":[[0.985999,-0.131904,-0.102016],[0.164248,0.873843,0.457625],[0.0287835,-0.467973,0.883274]],"s":0.815297,"sphereCenter":[63.6033,260.1,-26.6387],"sphereRadius":49.3569,"stabilizedPalmPosition":[48.3914,268.633,62.7972],"t":[-6.35029,-50.8328,-9.93521],"timeVisible":17.0194,"type":"right","wrist":[83.5427,252.595,59.5286]}],"id":4274459,"interactionBox":{"center":[0,200,0],"size":[235.247,235.247,147.751]},"pointables":[{"bases":[[[0.534373,0.796769,0.282145],[-0.571453,0.0946002,0.815164],[0.622806,-0.596834,0.505867]],[[0.247422,0.966971,0.0612319],[-0.793625,0.166003,0.585322],[0.555825,-0.193416,0.808485]],[[0.247422,0.966971,0.0612319],[-0.940648,0.224573,0.254458],[0.232302,-0.120556,0.965144]],[[0.247422,0.966971,0.0612319],[-0.845677,0.246365,-0.473429],[-0.472878,0.0653543,0.878701]]],"btipPosition":[30.4988,254.882,-29.0865],"carpPosition":[55.0296,242.68,64.4833],"dipPosition":[19.4623,256.407,-8.57869],"direction":[-0.232302,0.120556,-0.965144],"extended":false,"handId":698,"id":6980,"length":51.9721,"mcpPosition":[55.0296,242.68,64.4833],"pipPosition":[27.3609,252.308,24.2374],"stabilizedTipPosition":[-10.2098,246.494,83.0264],"timeVisible":17.0194,"tipPosition":[28.2205,255.048,-23.2939],"tipVelocity":[46.4635,167.569,-195.284],"tool":false,"touchDistance":-0.635525,"touchZone":"hovering","type":0,"width":20.194},{"bases":[[[0.894103,0.0943673,-0.437807],[0.162269,0.842871,0.513067],[0.417432,-0.529777,0.7383]],[[0.960888,-0.0167219,-0.276431],[0.127354,0.913049,0.387456],[0.245917,-0.407506,0.879468]],[[0.960888,-0.0167219,-0.276431],[0.0796169,0.972716,0.21791],[0.265245,-0.231396,0.936003]],[[0.960888,-0.0167219,-0.276431],[0.0413229,0.995658,0.083411],[0.273836,-0.0915716,0.957407]]],"btipPosition":[12.2726,327.733,-64.4589],"carpPosition":[64.4929,264.268,66.2602],"dipPosition":[16.9383,326.172,-48.1463],"direction":[-0.265245,0.231396,-0.936003],"extended":true,"handId":698,"id":6981,"length":58.6448,"mcpPosition":[33.8676,303.136,12.0941],"pipPosition":[23.3317,320.595,-25.5854],"stabilizedTipPosition":[-6.43984,309.984,-8.59254],"timeVisible":17.0194,"tipPosition":[14.005,327.149,-60.8995],"tipVelocity":[-24.4743,133.657,-168.385],"tool":false,"touchDistance":-0.629361,"touchZone":"hovering","type":1,"width":19.2893},{"bases":[[[0.901428,-0.123156,-0.415043],[0.320217,0.834855,0.447749],[0.291357,-0.536517,0.791998]],[[0.912781,-0.145395,-0.381695],[-0.0752263,0.858669,-0.506979],[0.401463,0.491475,0.772839]],[[0.912781,-0.145395,-0.381695],[-0.399861,-0.127454,-0.907671],[0.0833225,0.98113,-0.174476]],[[0.912781,-0.145395,-0.381695],[-0.375347,-0.667117,-0.643483],[-0.161076,0.730627,-0.663505]]],"btipPosition":[36.4714,239.347,-13.49],"carpPosition":[75.3839,267.157,61.3794],"dipPosition":[33.4528,253.038,-25.9241],"direction":[-0.0833225,-0.98113,0.174476],"extended":false,"handId":698,"id":6982,"length":66.821,"mcpPosition":[55.1128,304.485,6.27622],"pipPosition":[35.8157,280.861,-30.8719],"stabilizedTipPosition":[4.40123,225.321,52.7073],"timeVisible":17.0194,"tipPosition":[36.2163,242.106,-15.1105],"tipVelocity":[44.8483,159.679,-216.58],"tool":false,"touchDistance":0.333333,"touchZone":"none","type":2,"width":18.9446},{"bases":[[[0.907757,-0.263349,-0.326534],[0.392926,0.806394,0.441971],[0.146923,-0.529506,0.835486]],[[0.9005,-0.240045,-0.3626],[0.0317365,0.867892,-0.495738],[0.433697,0.434904,0.789155]],[[0.9005,-0.240045,-0.3626],[-0.388911,-0.0715194,-0.918495],[0.194548,0.968124,-0.157759]],[[0.9005,-0.240045,-0.3626],[-0.429551,-0.620878,-0.655741],[-0.0677226,0.74625,-0.662212]]],"btipPosition":[53.8081,239.894,-14.5812],"carpPosition":[86.4223,266.844,56.0737],"dipPosition":[52.5463,253.798,-26.9197],"direction":[-0.194548,-0.968124,0.157759],"extended":false,"handId":698,"id":6983,"length":64.2502,"mcpPosition":[77.2446,299.92,3.88368],"pipPosition":[57.9208,280.543,-31.2778],"stabilizedTipPosition":[32.2201,226.497,24.1081],"timeVisible":17.0194,"tipPosition":[53.6813,242.821,-16.8359],"tipVelocity":[64.7119,160.505,-158.967],"tool":false,"touchDistance":0.333333,"touchZone":"none","type":3,"width":18.027},{"bases":[[[0.841176,-0.452459,-0.296149],[0.540758,0.705647,0.457868],[0.00181029,-0.545292,0.838244]],[[0.839546,-0.418862,-0.346001],[0.206307,0.834952,-0.510189],[0.502593,0.356945,0.787395]],[[0.839546,-0.418862,-0.346001],[-0.385616,-0.0107983,-0.922596],[0.382704,0.907986,-0.170586]],[[0.839546,-0.418862,-0.346001],[-0.535363,-0.529443,-0.658086],[0.0924593,0.737729,-0.668735]]],"btipPosition":[69.6468,248.053,-12.0758],"carpPosition":[96.5274,259.498,49.3379],"dipPosition":[71.236,260.733,-23.5707],"direction":[-0.382704,-0.907986,0.170586],"extended":false,"handId":698,"id":6984,"length":50.3709,"mcpPosition":[96.4227,291.03,0.866646],"pipPosition":[78.7006,278.443,-26.898],"stabilizedTipPosition":[56.9827,237.509,10.69],"timeVisible":17.0194,"tipPosition":[70.2125,250.525,-14.064],"tipVelocity":[54.7001,180.405,-160.448],"tool":false,"touchDistance":0.333333,"touchZone":"none","type":4,"width":16.013}],"r":[[0.985999,-0.131904,-0.102016],[0.164248,0.873843,0.457625],[0.0287835,-0.467973,0.883274]],"s":0.815297,"t":[-6.35029,-50.8328,-9.93521],"timestamp":523687532051},false],[2,{"currentFrameRate":109.995,"devices":[],"gestures":[],"hands":[{"armBasis":[[0.924234,0.0232657,-0.381117],[0.13974,0.908284,0.394326],[0.355336,-0.417707,0.836216]],"armWidth":63.5437,"confidence":0.612627,"direction":[-0.24117,0.653588,-0.717398],"elbow":[179.278,141.861,283.245],"grabStrength":0,"id":698,"palmNormal":[-0.214972,-0.756831,-0.617247],"palmPosition":[62.4958,286.306,19.2553],"palmVelocity":[0.27333,173.066,-160.337],"palmWidth":90.7382,"pinchStrength":1,"r":[[0.987417,-0.12272,-0.0997381],[0.155078,0.874927,0.458751],[0.0309654,-0.468446,0.882949]],"s":0.815121,"sphereCenter":[63.3241,261.689,-27.9761],"sphereRadius":49.2901,"stabilizedPalmPosition":[50.3143,271.042,56.861],"t":[-6.52642,-49.4506,-11.1991],"timeVisible":17.0285,"type":"right","wrist":[83.6031,254.33,58.0912]}],"id":4274460,"interactionBox":{"center":[0,200,0],"size":[235.247,235.247,147.751]},"pointables":[{"bases":[[[0.526035,0.80231,0.282109],[-0.571378,0.0877062,0.815987],[0.629932,-0.590429,0.504559]],[[0.241446,0.968235,0.064997],[-0.796332,0.159411,0.583475],[0.554579,-0.192637,0.809526]],[[0.241446,0.968235,0.064997],[-0.941211,0.217347,0.258616],[0.236274,-0.123618,0.963791]],[[0.241446,0.968235,0.064997],[-0.852331,0.243611,-0.462801],[-0.463934,0.0563426,0.884076]]],"btipPosition":[30.3936,256.578,-30.6263],"carpPosition":[55.2062,244.101,63.0749],"dipPosition":[19.5659,257.893,-9.99297],"direction":[-0.236274,0.123618,-0.963791],"extended":false,"handId":698,"id":6980,"length":51.9721,"mcpPosition":[55.2062,244.101,63.0749],"pipPosition":[27.5995,253.69,22.7771],"stabilizedTipPosition":[-7.42496,247.253,75.0687],"timeVisible":17.0285,"tipPosition":[28.1371,256.559,-24.8551],"tipVelocity":[31.8888,171.534,-187.402],"tool":false,"touchDistance":-0.622969,"touchZone":"hovering","type":0,"width":20.194},{"bases":[[[0.892446,0.104456,-0.438895],[0.153755,0.844169,0.513555],[0.424145,-0.525803,0.737315]],[[0.960032,-0.00460957,-0.279851],[0.117652,0.913884,0.388554],[0.25396,-0.40595,0.8779]],[[0.960032,-0.00460957,-0.279851],[0.068693,0.973163,0.219623],[0.271329,-0.230069,0.934585]],[[0.960032,-0.00460957,-0.279851],[0.0297126,0.995893,0.0855255],[0.278308,-0.0904223,0.956226]]],"btipPosition":[11.1559,328.844,-65.668],"carpPosition":[64.4362,265.79,64.8574],"dipPosition":[15.8978,327.304,-49.3755],"direction":[-0.271329,0.230069,-0.934585],"extended":true,"handId":698,"id":6981,"length":58.6448,"mcpPosition":[33.3184,304.366,10.7635],"pipPosition":[22.4378,321.758,-26.8488],"stabilizedTipPosition":[-4.93757,311.471,-12.8798],"timeVisible":17.0285,"tipPosition":[12.9346,328.267,-62.1258],"tipVelocity":[-51.2154,130.764,-158.876],"tool":false,"touchDistance":-0.612964,"touchZone":"hovering","type":1,"width":19.2893},{"bases":[[[0.902169,-0.112994,-0.416321],[0.311695,0.837926,0.448024],[0.298222,-0.533959,0.791171]],[[0.91378,-0.135079,-0.383092],[-0.0853203,0.858229,-0.506126],[0.397148,0.495173,0.772707]],[[0.91378,-0.135079,-0.383092],[-0.399733,-0.13129,-0.90718],[0.0722451,0.982098,-0.173966]],[[0.91378,-0.135079,-0.383092],[-0.368867,-0.670911,-0.643285],[-0.170126,0.729131,-0.662891]]],"btipPosition":[36.5897,240.635,-14.8668],"carpPosition":[75.2887,268.801,59.9647],"dipPosition":[33.4015,254.299,-27.2894],"direction":[-0.0722451,-0.982098,0.173966],"extended":false,"handId":698,"id":6982,"length":66.821,"mcpPosition":[54.5399,305.951,4.91906],"pipPosition":[35.4502,282.149,-32.2227],"stabilizedTipPosition":[6.99934,226.845,46.8899],"timeVisible":17.0285,"tipPosition":[36.2875,243.4,-16.5217],"tipVelocity":[34.8789,154.663,-198.65],"tool":false,"touchDistance":0.333333,"touchZone":"none","type":2,"width":18.9446},{"bases":[[[0.910141,-0.253181,-0.327937],[0.384703,0.810264,0.442127],[0.153777,-0.528557,0.834854]],[[0.902554,-0.229848,-0.364097],[0.0211716,0.868269,-0.495642],[0.430056,0.439635,0.788526]],[[0.902554,-0.229848,-0.364097],[-0.389544,-0.0756173,-0.917898],[0.183445,0.970284,-0.157785]],[[0.902554,-0.229848,-0.364097],[-0.423637,-0.625236,-0.655447],[-0.0769929,0.745821,-0.661681]]],"btipPosition":[53.9222,241.34,-15.9522],"carpPosition":[86.3229,268.612,54.6444],"dipPosition":[52.4876,255.237,-28.2808],"direction":[-0.183445,-0.970284,0.157785],"extended":false,"handId":698,"id":6983,"length":64.2502,"mcpPosition":[76.7169,301.629,2.49385],"pipPosition":[57.5554,282.041,-32.6397],"stabilizedTipPosition":[35.1423,228.963,18.243],"timeVisible":17.0285,"tipPosition":[53.7503,244.286,-18.238],"tipVelocity":[49.1061,160.215,-156.783],"tool":false,"touchDistance":0.333333,"touchZone":"none","type":3,"width":18.027},{"bases":[[[0.845663,-0.44303,-0.297622],[0.533644,0.71112,0.457748],[0.00884884,-0.545924,0.837788]],[[0.843664,-0.410007,-0.346592],[0.196612,0.836682,-0.511181],[0.499575,0.363121,0.786491]],[[0.843664,-0.410007,-0.346592],[-0.386698,-0.0162512,-0.922063],[0.37242,0.911937,-0.172259]],[[0.843664,-0.410007,-0.346592],[-0.530336,-0.536028,-0.656824],[0.0835196,0.737948,-0.669669]]],"btipPosition":[69.6715,249.675,-13.4174],"carpPosition":[96.4984,261.383,47.8893],"dipPosition":[71.1071,262.36,-24.9284],"direction":[-0.37242,-0.911937,0.172259],"extended":false,"handId":698,"id":6984,"length":50.3709,"mcpPosition":[95.9867,292.951,-0.555583],"pipPosition":[78.3711,280.147,-28.2883],"stabilizedTipPosition":[59.166,240.038,6.20322],"timeVisible":17.0285,"tipPosition":[70.1954,252.18,-15.467],"tipVelocity":[39.2711,180.058,-157.142],"tool":false,"touchDistance":0.333333,"touchZone":"none","type":4,"width":16.013}],"r":[[0.987417,-0.12272,-0.0997381],[0.155078,0.874927,0.458751],[0.0309654,-0.468446,0.882949]],"s":0.815121,"t":[-6.52642,-49.4506,-11.1991],"timestamp":523687541112},false],[3,{"currentFrameRate":110.102,"devices":[],"gestures":[],"hands":[{"armBasis":[[0.92698,0.0219183,-0.374469],[0.141856,0.903671,0.40405],[0.347253,-0.427667,0.834576]],"armWidth":63.5437,"confidence":0.617368,"direction":[-0.248023,0.648698,-0.719497],"elbow":[177.07,140.844,281.502],"grabStrength":0,"id":698,"palmNormal":[-0.21379,-0.761044,-0.612459],"palmPosition":[62.1109,287.663,17.896],"palmVelocity":[-11.5655,167.49,-158.309],"palmWidth":90.7382,"pinchStrength":1,"r":[[0.988517,-0.11441,-0.0987132],[0.147226,0.876351,0.458621],[0.0340367,-0.467888,0.883132]],"s":0.81492,"sphereCenter":[62.7281,262.802,-29.1556],"sphereRadius":49.2275,"stabilizedPalmPosition":[51.9227,273.309,51.5483],"t":[-6.80693,-48.0812,-12.5107],"timeVisible":17.0374,"type":"right","wrist":[83.5707,255.994,56.7907]}],"id":4274461,"interactionBox":{"center":[0,200,0],"size":[235.247,235.247,147.751]},"pointables":[{"bases":[[[0.523035,0.806509,0.275641],[-0.568021,0.0887284,0.818217],[0.635442,-0.584526,0.504522]],[[0.241516,0.968372,0.0626536],[-0.796393,0.160905,0.582982],[0.554462,-0.190696,0.810066]],[[0.241516,0.968372,0.0626536],[-0.939646,0.21725,0.264325],[0.242354,-0.122711,0.962396]],[[0.241516,0.968372,0.0626536],[-0.859206,0.243406,-0.450021],[-0.451038,0.0548552,0.890817]]],"btipPosition":[29.9383,258.023,-31.8794],"carpPosition":[55.2527,245.639,61.9586],"dipPosition":[19.4116,259.304,-11.0887],"direction":[-0.242354,0.122711,-0.962396],"extended":false,"handId":698,"id":6980,"length":51.9721,"mcpPosition":[55.2527,245.639,61.9586],"pipPosition":[27.6519,255.131,21.6339],"stabilizedTipPosition":[-4.75739,248.098,67.2691],"timeVisible":17.0374,"tipPosition":[27.7183,257.865,-26.1136],"tipVelocity":[11.4218,168.833,-173.664],"tool":false,"touchDistance":-0.607259,"touchZone":"hovering","type":0,"width":20.194},{"bases":[[[0.889812,0.107028,-0.443598],[0.151622,0.847534,0.508623],[0.430401,-0.519838,0.737918]],[[0.958162,0.000357583,-0.286226],[0.114286,0.916347,0.383727],[0.262419,-0.400385,0.877968]],[[0.958162,0.000357583,-0.286226],[0.0639424,0.974459,0.215269],[0.278992,-0.224565,0.933667]],[[0.958162,0.000357583,-0.286226],[0.0240143,0.996373,0.0816346],[0.285217,-0.0850927,0.954678]]],"btipPosition":[9.97035,329.54,-66.9343],"carpPosition":[64.3744,267.385,63.5898],"dipPosition":[14.83,328.09,-50.6682],"direction":[-0.278992,0.224565,-0.933667],"extended":true,"handId":698,"id":6981,"length":58.6448,"mcpPosition":[32.7976,305.524,9.45172],"pipPosition":[21.5547,322.677,-28.1635],"stabilizedTipPosition":[-3.65027,312.896,-16.9213],"timeVisible":17.0374,"tipPosition":[11.7964,328.986,-63.4081],"tipVelocity":[-72.7058,117.129,-154.584],"tool":false,"touchDistance":-0.599086,"touchZone":"hovering","type":1,"width":19.2893},{"bases":[[[0.900807,-0.110251,-0.419989],[0.309285,0.841808,0.442383],[0.304777,-0.528398,0.792406]],[[0.912678,-0.132081,-0.386747],[-0.0923862,0.855155,-0.510073],[0.3981,0.501263,0.768279]],[[0.912678,-0.132081,-0.386747],[-0.40333,-0.138508,-0.904511],[0.0659015,0.981514,-0.179686]],[[0.912678,-0.132081,-0.386747],[-0.368144,-0.676615,-0.6377],[-0.17745,0.724394,-0.666157]]],"btipPosition":[36.3039,241.69,-15.8498],"carpPosition":[75.1876,270.429,58.6313],"dipPosition":[32.9785,255.265,-28.3336],"direction":[-0.0659015,-0.981514,0.179686],"extended":false,"handId":698,"id":6982,"length":66.821,"mcpPosition":[53.9828,307.193,3.49976],"pipPosition":[34.8473,283.098,-33.4291],"stabilizedTipPosition":[9.28507,228.284,41.6351],"timeVisible":17.0374,"tipPosition":[35.9631,244.45,-17.5568],"tipVelocity":[15.7019,144.233,-175.137],"tool":false,"touchDistance":0.333333,"touchZone":"none","type":2,"width":18.9446},{"bases":[[[0.909944,-0.24995,-0.330948],[0.382411,0.814506,0.436281],[0.160511,-0.523549,0.836739]],[[0.90202,-0.226724,-0.367365],[0.0137884,0.865679,-0.500409],[0.431475,0.446314,0.783986]],[[0.90202,-0.226724,-0.367365],[-0.393685,-0.0828707,-0.915502],[0.177122,0.970427,-0.164009]],[[0.90202,-0.226724,-0.367365],[-0.423345,-0.631138,-0.649957],[-0.0844972,0.741796,-0.665281]]],"btipPosition":[53.6277,242.462,-17.0128],"carpPosition":[86.1977,270.273,53.2602],"dipPosition":[52.0533,256.283,-29.4086],"direction":[-0.177122,-0.970427,0.164009],"extended":false,"handId":698,"id":6983,"length":64.2502,"mcpPosition":[76.1711,302.978,0.991874],"pipPosition":[56.9464,283.092,-33.9394],"stabilizedTipPosition":[37.603,231.228,13.0691],"timeVisible":17.0374,"tipPosition":[53.4187,245.407,-19.3418],"tipVelocity":[25.7752,150.431,-147.063],"tool":false,"touchDistance":0.333333,"touchZone":"none","type":3,"width":18.027},{"bases":[[[0.846628,-0.439987,-0.299387],[0.531953,0.716239,0.451694],[0.0156929,-0.541676,0.840441]],[[0.844259,-0.407533,-0.348057],[0.189965,0.834827,-0.516699],[0.501139,0.370109,0.782227]],[[0.844259,-0.407533,-0.348057],[-0.390726,-0.023531,-0.920206],[0.366825,0.912887,-0.1791]],[[0.844259,-0.407533,-0.348057],[-0.530426,-0.542503,-0.651413],[0.0766506,0.734579,-0.67418]]],"btipPosition":[69.3296,250.904,-14.6054],"carpPosition":[96.3802,263.065,46.4933],"dipPosition":[70.6471,263.531,-26.194],"direction":[-0.366825,-0.912887,0.1791],"extended":false,"handId":698,"id":6984,"length":50.3709,"mcpPosition":[95.4728,294.387,-2.1049],"pipPosition":[77.8019,281.336,-29.6873],"stabilizedTipPosition":[60.9098,242.333,2.29225],"timeVisible":17.0374,"tipPosition":[69.8269,253.411,-16.6926],"tipVelocity":[17.3172,168.284,-151.29],"tool":false,"touchDistance":0.333333,"touchZone":"none","type":4,"width":16.013}],"r":[[0.988517,-0.11441,-0.0987132],[0.147226,0.876351,0.458621],[0.0340367,-0.467888,0.883132]],"s":0.81492,"t":[-6.80693,-48.0812,-12.5107],"timestamp":523687550004},false],[4,{"currentFrameRate":110.022,"devices":[],"gestures":[],"hands":[{"armBasis":[[0.923523,0.0405329,-0.381394],[0.125316,0.907935,0.399937],[0.362492,-0.417146,0.83342]],"armWidth":63.5437,"confidence":0.62488,"direction":[-0.257089,0.642798,-0.721606],"elbow":[180.883,145.899,279.532],"grabStrength":0,"id":698,"palmNormal":[-0.199907,-0.765928,-0.611058],"palmPosition":[61.3878,289.434,16.1137],"palmVelocity":[-30.2955,174.329,-168.057],"palmWidth":90.7382,"pinchStrength":1,"r":[[0.989737,-0.104546,-0.0974154],[0.13785,0.878123,0.458145],[0.0376453,-0.466872,0.883523]],"s":0.815212,"sphereCenter":[62.4883,264.351,-30.8845],"sphereRadius":49.2696,"stabilizedPalmPosition":[53.2775,275.617,46.4763],"t":[-7.30874,-46.5109,-14.0576],"timeVisible":17.0466,"type":"right","wrist":[83.2807,258.217,55.1314]}],"id":4274462,"interactionBox":{"center":[0,200,0],"size":[235.247,235.247,147.751]},"pointables":[{"bases":[[[0.509097,0.815665,0.274793],[-0.571187,0.0813372,0.81678],[0.643868,-0.572778,0.507306]],[[0.237437,0.96891,0.0695564],[-0.799138,0.15412,0.581056],[0.55227,-0.193549,0.810886]],[[0.237437,0.96891,0.0695564],[-0.940225,0.211231,0.267131],[0.244133,-0.128825,0.961147]],[[0.237437,0.96891,0.0695564],[-0.863532,0.243323,-0.441708],[-0.4449,0.0448135,0.894459]]],"btipPosition":[29.7165,260.378,-33.6574],"carpPosition":[55.1256,247.409,60.2639],"dipPosition":[19.3331,261.424,-12.7818],"direction":[-0.244133,0.128825,-0.961147],"extended":false,"handId":698,"id":6980,"length":51.9721,"mcpPosition":[55.1256,247.409,60.2639],"pipPosition":[27.6339,257.044,19.8984],"stabilizedTipPosition":[-1.96966,249.186,58.9174],"timeVisible":17.0466,"tipPosition":[27.5357,259.845,-28.0208],"tipVelocity":[2.48018,191.379,-178.381],"tool":false,"touchDistance":-0.601243,"touchZone":"hovering","type":0,"width":20.194},{"bases":[[[0.888897,0.120587,-0.441951],[0.136551,0.851134,0.506878],[0.437282,-0.510912,0.740104]],[[0.958085,0.0166145,-0.286003],[0.0981142,0.918917,0.382055],[0.269161,-0.394102,0.87877]],[[0.958085,0.0166145,-0.286003],[0.0470302,0.975652,0.214224],[0.282599,-0.218696,0.933975]],[[0.958085,0.0166145,-0.286003],[0.0069295,0.996681,0.0811122],[0.286402,-0.0796942,0.954789]]],"btipPosition":[8.57999,330.304,-68.8665],"carpPosition":[63.8849,269.306,61.8616],"dipPosition":[13.4598,328.946,-52.5985],"direction":[-0.282599,0.218696,-0.933975],"extended":true,"handId":698,"id":6981,"length":58.6448,"mcpPosition":[31.8032,306.79,7.56314],"pipPosition":[20.2714,323.674,-30.0864],"stabilizedTipPosition":[-2.54377,314.313,-20.9159],"timeVisible":17.0466,"tipPosition":[10.4306,329.775,-65.3459],"tipVelocity":[-94.4194,108.117,-169.922],"tool":false,"touchDistance":-0.596488,"touchZone":"hovering","type":1,"width":19.2893},{"bases":[[[0.903413,-0.0964242,-0.417789],[0.294431,0.847843,0.44099],[0.311697,-0.521406,0.794343]],[[0.915572,-0.117983,-0.384458],[-0.104672,0.853133,-0.511085],[0.388293,0.508177,0.768755]],[[0.915572,-0.117983,-0.384458],[-0.398917,-0.145409,-0.905385],[0.0509168,0.982312,-0.180198]],[[0.915572,-0.117983,-0.384458],[-0.355862,-0.682991,-0.637876],[-0.187322,0.720836,-0.667313]]],"btipPosition":[36.3735,243.002,-17.6838],"carpPosition":[74.6573,272.516,56.9188],"dipPosition":[32.863,256.51,-30.1893],"direction":[-0.0509168,-0.982312,0.180198],"extended":false,"handId":698,"id":6982,"length":66.821,"mcpPosition":[52.971,308.793,1.6525],"pipPosition":[34.3069,284.366,-35.2993],"stabilizedTipPosition":[11.4031,229.721,36.6228],"timeVisible":17.0466,"tipPosition":[35.9874,245.758,-19.4108],"tipVelocity":[12.1162,143.172,-181.886],"tool":false,"touchDistance":0.333333,"touchZone":"none","type":2,"width":18.9446},{"bases":[[[0.914652,-0.23574,-0.328388],[0.36801,0.821734,0.435111],[0.167275,-0.518825,0.838356]],[[0.906231,-0.212239,-0.36565],[-0.00480414,0.85964,-0.510878],[0.422755,0.464731,0.778013]],[[0.906231,-0.212239,-0.36565],[-0.392849,-0.103087,-0.913807],[0.156252,0.971765,-0.176798]],[[0.906231,-0.212239,-0.36565],[-0.410835,-0.64623,-0.643118],[-0.0997993,0.733035,-0.672829]]],"btipPosition":[53.9378,243.728,-18.0422],"carpPosition":[85.6802,272.528,51.5717],"dipPosition":[52.0783,257.386,-30.5786],"direction":[-0.156252,-0.971765,0.176798],"extended":false,"handId":698,"id":6983,"length":64.2502,"mcpPosition":[75.2311,304.938,-0.797581],"pipPosition":[56.3948,284.231,-35.4627],"stabilizedTipPosition":[39.8839,233.47,8.19473],"timeVisible":17.0466,"tipPosition":[53.5855,246.787,-20.6852],"tipVelocity":[25.9755,145.546,-138.068],"tool":false,"touchDistance":0.333333,"touchZone":"none","type":3,"width":18.027},{"bases":[[[0.854401,-0.426716,-0.296499],[0.519115,0.725978,0.451084],[0.0227669,-0.539323,0.841791]],[[0.851686,-0.395056,-0.344327],[0.176124,0.834608,-0.521929],[0.49357,0.383875,0.780403]],[[0.851686,-0.395056,-0.344327],[-0.389116,-0.0366151,-0.920461],[0.351026,0.917927,-0.184907]],[[0.851686,-0.395056,-0.344327],[-0.519979,-0.555283,-0.649063],[0.0652173,0.731841,-0.678348]]],"btipPosition":[69.3065,252.639,-16.0834],"carpPosition":[95.9946,265.472,44.8443],"dipPosition":[70.4275,265.218,-27.7436],"direction":[-0.351026,-0.917927,0.184907],"extended":false,"handId":698,"id":6984,"length":50.3709,"mcpPosition":[94.6781,296.658,-3.83206],"pipPosition":[77.2742,283.122,-31.3501],"stabilizedTipPosition":[62.4198,244.635,-1.38171],"timeVisible":17.0466,"tipPosition":[69.7428,255.201,-18.2927],"tipVelocity":[10.3837,173.455,-154.259],"tool":false,"touchDistance":0.333333,"touchZone":"none","type":4,"width":16.013}],"r":[[0.989737,-0.104546,-0.0974154],[0.13785,0.878123,0.458145],[0.0376453,-0.466872,0.883523]],"s":0.815212,"t":[-7.30874,-46.5109,-14.0576],"timestamp":523687559236},false],[5,{"currentFrameRate":110.15,"devices":[],"gestures":[],"hands":[{"armBasis":[[0.926604,0.064799,-0.370414],[0.102079,0.904709,0.41362],[0.361919,-0.421073,0.831692]],"armWidth":63.5437,"confidence":0.634564,"direction":[-0.266948,0.63596,-0.724081],"elbow":[180.504,147.242,277.71],"grabStrength":0,"id":698,"palmNormal":[-0.173906,-0.770801,-0.61288],"palmPosition":[60.7265,291.257,14.547],"palmVelocity":[-42.319,182.887,-170.473],"palmWidth":90.7382,"pinchStrength":1,"r":[[0.991317,-0.0914485,-0.094488],[0.124847,0.88014,0.458002],[0.041279,-0.465822,0.883915]],"s":0.816435,"sphereCenter":[62.7262,266.205,-32.3484],"sphereRadius":49.226,"stabilizedPalmPosition":[54.3297,277.826,41.9664],"t":[-7.89029,-44.8143,-15.6144],"timeVisible":17.0554,"type":"right","wrist":[83.0566,260.618,53.7746]}],"id":4274463,"interactionBox":{"center":[0,200,0],"size":[235.247,235.247,147.751]},"pointables":[{"bases":[[[0.484885,0.828686,0.279582],[-0.580902,0.0661916,0.811278],[0.653789,-0.555786,0.513481]],[[0.21986,0.972401,0.0780898],[-0.805859,0.135925,0.576294],[0.549775,-0.189633,0.813503]],[[0.21986,0.972401,0.0780898],[-0.945747,0.192834,0.261492],[0.239217,-0.131345,0.962042]],[[0.21986,0.972401,0.0780898],[-0.861019,0.23106,-0.453054],[-0.458593,0.0323716,0.888056]]],"btipPosition":[30.3487,262.225,-35.2939],"carpPosition":[55.1468,249.074,58.6387],"dipPosition":[19.6457,262.98,-14.5677],"direction":[-0.239217,0.131345,-0.962041],"extended":false,"handId":698,"id":6980,"length":51.9721,"mcpPosition":[55.1468,249.074,58.6387],"pipPosition":[27.7793,258.514,18.1429],"stabilizedTipPosition":[0.726049,250.379,50.8416],"timeVisible":17.0554,"tipPosition":[28.0776,261.458,-29.8752],"tipVelocity":[18.8962,194.005,-181.189],"tool":false,"touchDistance":-0.594515,"touchZone":"hovering","type":0,"width":20.194},{"bases":[[[0.889612,0.143929,-0.433445],[0.109336,0.854334,0.508093],[0.443436,-0.499397,0.744289]],[[0.959422,0.0429534,-0.278682],[0.0702038,0.920819,0.383618],[0.273093,-0.387616,0.880439]],[[0.959422,0.0429534,-0.278682],[0.0192838,0.97602,0.216823],[0.281313,-0.213399,0.935588]],[[0.959422,0.0429534,-0.278682],[-0.0200608,0.996223,0.084485],[0.281258,-0.0754662,0.95666]]],"btipPosition":[7.507,330.869,-70.8591],"carpPosition":[63.3132,271.194,60.3183],"dipPosition":[12.2992,329.583,-54.5593],"direction":[-0.281313,0.213399,-0.935588],"extended":true,"handId":698,"id":6981,"length":58.6448,"mcpPosition":[30.7801,307.833,5.71277],"pipPosition":[19.0798,324.439,-32.0083],"stabilizedTipPosition":[-1.69187,315.555,-24.4443],"timeVisible":17.0554,"tipPosition":[9.357,330.346,-67.336],"tipVelocity":[-102.29,96.638,-184.638],"tool":false,"touchDistance":-0.594952,"touchZone":"hovering","type":1,"width":19.2893},{"bases":[[[0.909582,-0.0726308,-0.409128],[0.267871,0.855196,0.443717],[0.317657,-0.51319,0.797327]],[[0.921987,-0.0938769,-0.375668],[-0.122092,0.850201,-0.512105],[0.367469,0.51802,0.772413]],[[0.921987,-0.0938769,-0.375668],[-0.386286,-0.15564,-0.909153],[0.0268794,0.983343,-0.179762]],[[0.921987,-0.0938769,-0.375668],[-0.331717,-0.691973,-0.641199],[-0.199759,0.715793,-0.669131]]],"btipPosition":[37.2617,244.192,-19.4859],"carpPosition":[74.0445,274.686,55.4785],"dipPosition":[33.5182,257.606,-32.0254],"direction":[-0.0268794,-0.983343,0.179762],"extended":false,"handId":698,"id":6982,"length":66.821,"mcpPosition":[51.9436,310.391,0.00456077],"pipPosition":[34.2805,285.491,-37.123],"stabilizedTipPosition":[13.2695,231.032,32.2182],"timeVisible":17.0554,"tipPosition":[36.8167,246.939,-21.2261],"tipVelocity":[34.3638,140.149,-187.999],"tool":false,"touchDistance":0.333333,"touchZone":"none","type":2,"width":18.9446},{"bases":[[[0.923615,-0.21162,-0.319613],[0.342162,0.831026,0.438544],[0.172802,-0.514405,0.839957]],[[0.914815,-0.188042,-0.357426],[-0.0267394,0.854855,-0.518177],[0.402987,0.483594,0.777006]],[[0.914815,-0.188042,-0.357426],[-0.383046,-0.123441,-0.915444],[0.128021,0.974373,-0.184954]],[[0.914815,-0.188042,-0.357426],[-0.386778,-0.662661,-0.641314],[-0.116258,0.724928,-0.678942]]],"btipPosition":[54.9936,245.15,-19.0929],"carpPosition":[85.1139,274.988,50.2369],"dipPosition":[52.8274,258.657,-31.7432],"direction":[-0.128021,-0.974373,0.184954],"extended":false,"handId":698,"id":6983,"length":64.2502,"mcpPosition":[74.3195,307.121,-2.23236],"pipPosition":[56.364,285.574,-36.8526],"stabilizedTipPosition":[41.9897,235.601,3.84257],"timeVisible":17.0554,"tipPosition":[54.5046,248.281,-21.9837],"tipVelocity":[49.077,148.573,-133.626],"tool":false,"touchDistance":0.333333,"touchZone":"none","type":3,"width":18.027},{"bases":[[[0.868091,-0.404115,-0.288286],[0.495566,0.739262,0.455967],[0.0288555,-0.538686,0.842012]],[[0.865048,-0.37285,-0.33567],[0.150213,0.830878,-0.535796],[0.478672,0.413067,0.774757]],[[0.865048,-0.37285,-0.33567],[-0.386091,-0.067522,-0.919986],[0.320351,0.925432,-0.202364]],[[0.865048,-0.37285,-0.33567],[-0.499743,-0.581529,-0.641936],[0.0441436,0.723054,-0.689379]]],"btipPosition":[70.1193,254.311,-16.6023],"carpPosition":[95.6736,268.206,43.609],"dipPosition":[70.8781,266.74,-28.4521],"direction":[-0.320351,-0.925432,0.202364],"extended":false,"handId":698,"id":6984,"length":50.3709,"mcpPosition":[94.005,299.355,-5.08018],"pipPosition":[77.1264,284.79,-32.3991],"stabilizedTipPosition":[63.8322,246.884,-4.60072],"timeVisible":17.0554,"tipPosition":[70.4029,257.054,-19.227],"tipVelocity":[29.8833,176.573,-129.7],"tool":false,"touchDistance":0.333333,"touchZone":"none","type":4,"width":16.013}],"r":[[0.991317,-0.0914485,-0.094488],[0.124847,0.88014,0.458002],[0.041279,-0.465822,0.883915]],"s":0.816435,"t":[-7.89029,-44.8143,-15.6144],"timestamp":523687568088},false],[6,{"currentFrameRate":110.024,"devices":[],"gestures":[],"hands":[{"armBasis":[[0.927596,0.0784815,-0.365249],[0.0889918,0.903122,0.420061],[0.362832,-0.422151,0.830748]],"armWidth":63.5437,"confidence":0.645296,"direction":[-0.274738,0.631297,-0.725247],"elbow":[180.668,148.434,276.63],"grabStrength":0,"id":698,"palmNormal":[-0.159931,-0.773768,-0.612948],"palmPosition":[60.283,292.363,13.6368],"palmVelocity":[-43.8196,164.749,-149.92],"palmWidth":90.7382,"pinchStrength":1,"r":[[0.992754,-0.0778442,-0.0915452],[0.11138,0.882036,0.457829],[0.0451068,-0.464708,0.884315]],"s":0.818575,"sphereCenter":[62.7851,267.222,-33.278],"sphereRadius":49.3308,"stabilizedPalmPosition":[55.2412,280.052,37.6287],"t":[-8.40282,-43.4132,-16.8479],"timeVisible":17.0648,"type":"right","wrist":[82.9741,262.099,52.9489]}],"id":4274464,"interactionBox":{"center":[0,200,0],"size":[235.247,235.247,147.751]},"pointables":[{"bases":[[[0.470959,0.836356,0.280547],[-0.584301,0.0574868,0.809498],[0.660901,-0.545165,0.515758]],[[0.214089,0.973071,0.085428],[-0.805005,0.12622,0.579685],[0.553292,-0.192874,0.81035]],[[0.214089,0.973071,0.085428],[-0.946152,0.184834,0.265767],[0.242821,-0.137726,0.960245]],[[0.214089,0.973071,0.085428],[-0.861063,0.229292,-0.453868],[-0.461234,0.0236094,0.886964]]],"btipPosition":[30.2007,263.854,-35.9528],"carpPosition":[55.2348,250.121,57.7362],"dipPosition":[19.436,264.405,-15.2521],"direction":[-0.242821,0.137726,-0.960245],"extended":false,"handId":698,"id":6980,"length":51.9721,"mcpPosition":[55.2348,250.121,57.7362],"pipPosition":[27.6922,259.722,17.3974],"stabilizedTipPosition":[3.62344,251.838,42.0381],"timeVisible":17.0648,"tipPosition":[28.0157,262.866,-30.739],"tipVelocity":[8.63329,187.198,-150.16],"tool":false,"touchDistance":-0.573369,"touchZone":"hovering","type":0,"width":20.194},{"bases":[[[0.888536,0.157663,-0.430867],[0.0943705,0.856219,0.50792],[0.448997,-0.491966,0.745903]],[[0.958858,0.0590397,-0.277679],[0.0543458,0.92187,0.383669],[0.278636,-0.382974,0.880734]],[[0.958858,0.0590397,-0.277679],[0.00299844,0.975975,0.217864],[0.283871,-0.209733,0.935644]],[[0.958858,0.0590397,-0.277679],[-0.0363126,0.995608,0.0862932],[0.281554,-0.0726597,0.95679]]],"btipPosition":[6.52912,331.162,-71.8847],"carpPosition":[63.0474,272.367,59.4273],"dipPosition":[11.3263,329.924,-55.5826],"direction":[-0.283871,0.209733,-0.935644],"extended":true,"handId":698,"id":6981,"length":58.6448,"mcpPosition":[30.1064,308.46,4.70339],"pipPosition":[18.1686,324.868,-33.0303],"stabilizedTipPosition":[-0.962286,316.754,-27.8629],"timeVisible":17.0648,"tipPosition":[8.39759,330.65,-68.3665],"tipVelocity":[-103.025,78.5475,-163.567],"tool":false,"touchDistance":-0.579166,"touchZone":"hovering","type":1,"width":19.2893},{"bases":[[[0.911834,-0.058543,-0.406364],[0.253064,0.859539,0.444017],[0.323291,-0.507706,0.798572]],[[0.924478,-0.0795853,-0.372836],[-0.133944,0.847813,-0.5131],[0.35693,0.524289,0.773125]],[[0.924478,-0.0795853,-0.372836],[-0.381047,-0.16216,-0.910224],[0.0119813,0.98355,-0.180239]],[[0.924478,-0.0795853,-0.372836],[-0.318905,-0.697325,-0.641901],[-0.208902,0.712323,-0.670042]]],"btipPosition":[37.6625,244.907,-20.437],"carpPosition":[73.737,276.024,54.6176],"dipPosition":[33.7477,258.256,-32.9936],"direction":[-0.0119813,-0.98355,0.180239],"extended":false,"handId":698,"id":6982,"length":66.821,"mcpPosition":[51.2441,311.348,-0.942999],"pipPosition":[34.0875,286.147,-38.1048],"stabilizedTipPosition":[15.0552,232.32,27.9963],"timeVisible":17.0648,"tipPosition":[37.1744,247.654,-22.1958],"tipVelocity":[35.6212,121.787,-163.854],"tool":false,"touchDistance":0.333333,"touchZone":"none","type":2,"width":18.9446},{"bases":[[[0.927782,-0.197246,-0.316726],[0.327741,0.836537,0.43908],[0.178346,-0.511175,0.840769]],[[0.918634,-0.173614,-0.354922],[-0.0416644,0.850715,-0.523974],[0.392907,0.496128,0.774262]],[[0.918634,-0.173614,-0.354922],[-0.379465,-0.137402,-0.914946],[0.11008,0.975181,-0.192103]],[[0.918634,-0.173614,-0.354922],[-0.373726,-0.673321,-0.637941],[-0.128221,0.718678,-0.683419]]],"btipPosition":[55.5169,245.993,-19.5685],"carpPosition":[84.8159,276.498,49.409],"dipPosition":[53.1279,259.384,-32.3022],"direction":[-0.11008,-0.975182,0.192103],"extended":false,"handId":698,"id":6983,"length":64.2502,"mcpPosition":[73.6752,308.429,-3.11109],"pipPosition":[56.1689,286.324,-37.6091],"stabilizedTipPosition":[44.0797,237.771,-0.399368],"timeVisible":17.0648,"tipPosition":[54.9314,249.163,-22.6248],"tipVelocity":[49.5344,131.379,-110.877],"tool":false,"touchDistance":0.333333,"touchZone":"none","type":3,"width":18.027},{"bases":[[[0.875196,-0.390574,-0.285453],[0.482515,0.747205,0.457016],[0.0347934,-0.537714,0.842409]],[[0.87176,-0.359093,-0.333296],[0.129784,0.825246,-0.549659],[0.47243,0.435914,0.766022]],[[0.87176,-0.359093,-0.333296],[-0.388717,-0.0928644,-0.916665],[0.298217,0.92867,-0.220541]],[[0.87176,-0.359093,-0.333296],[-0.489208,-0.601032,-0.632009],[0.0266285,0.714012,-0.699627]]],"btipPosition":[70.556,255.214,-16.5789],"carpPosition":[95.5008,269.879,42.8166],"dipPosition":[71.0137,267.488,-28.6049],"direction":[-0.298217,-0.92867,0.220541],"extended":false,"handId":698,"id":6984,"length":50.3709,"mcpPosition":[93.4888,300.972,-5.89551],"pipPosition":[76.8303,285.601,-32.9065],"stabilizedTipPosition":[65.2588,249.214,-7.68086],"timeVisible":17.0648,"tipPosition":[70.7057,258.084,-19.5396],"tipVelocity":[32.5906,153.012,-93.5656],"tool":false,"touchDistance":0.333333,"touchZone":"none","type":4,"width":16.013}],"r":[[0.992754,-0.0778442,-0.0915452],[0.11138,0.882036,0.457829],[0.0451068,-0.464708,0.884315]],"s":0.818575,"t":[-8.40282,-43.4132,-16.8479],"timestamp":523687577400},false],[7,{"currentFrameRate":110.2,"devices