{"sensorType":"Leap","data":[[0,{"currentFrameRate":110.426,"devices":[],"gestures":[],"hands":[{"armBasis":[[0.912278,0.112997,-0.393675],[0.084107,0.889019,0.45008],[0.400842,-0.443709,0.801529]],"armWidth":63.5437,"confidence":0.641589,"direction":[-0.129752,0.745029,-0.654291],"elbow":[179.345,128.573,274.627],"grabStrength":0,"id":698,"palmNormal":[-0.139619,-0.667022,-0.731839],"palmPosition":[56.3666,285.262,21.8751],"palmVelocity":[25.4164,171.382,-190.853],"palmWidth":90.7382,"pinchStrength":0.859225,"r":[[0.987682,-0.153882,0.0283643],[0.104944,0.785904,0.609378],[-0.116064,-0.598895,0.792372]],"s":0.893683,"sphereCenter":[41.685,270.008,-20.2431],"sphereRadius":44.9755,"stabilizedPalmPosition":[27.0668,264.709,143.23],"t":[-13.1003,-50.5199,-8.41338],"timeVisible":14.0098,"type":"right","wrist":[71.4176,248.043,58.8132]}],"id":4274133,"interactionBox":{"center":[0,200,0],"size":[235.247,235.247,147.751]},"pointables":[{"bases":[[[0.494581,0.743433,0.450219],[-0.676963,0.00464111,0.736003],[0.545079,-0.668794,0.505572]],[[0.228602,0.95185,0.204262],[-0.749578,0.0382165,0.660812],[0.621187,-0.304173,0.722222]],[[0.228602,0.95185,0.204262],[-0.963012,0.190357,0.190713],[0.142648,-0.240304,0.960159]],[[0.228602,0.95185,0.204262],[-0.598724,0.302909,-0.741469],[-0.76764,0.0472048,0.639141]]],"btipPosition":[24.5919,260.425,-24.9336],"carpPosition":[42.4486,238.214,58.5817],"dipPosition":[6.67607,261.526,-10.0168],"direction":[-0.142648,0.240304,-0.960159],"extended":false,"handId":698,"id":6980,"length":51.9721,"mcpPosition":[42.4486,238.214,58.5817],"pipPosition":[11.5263,253.356,22.6298],"stabilizedTipPosition":[-30.479,257.476,150.029],"timeVisible":14.0098,"tipPosition":[20.7941,261.173,-20.533],"tipVelocity":[46.5902,118.368,-233.891],"tool":false,"touchDistance":-0.652368,"touchZone":"hovering","type":0,"width":20.194},{"bases":[[[0.945946,0.128647,-0.297719],[0.0946503,0.768502,0.632808],[0.310207,-0.626781,0.714784]],[[0.94996,0.120357,-0.288252],[0.0199271,0.897561,0.440439],[0.311734,-0.424144,0.850249]],[[0.94996,0.120357,-0.288252],[-0.0570197,0.9741,0.218812],[0.307122,-0.191427,0.932219]],[[0.94996,0.120357,-0.288252],[-0.111795,0.992664,0.0460468],[0.29168,-0.0115175,0.956447]]],"btipPosition":[3.19529,328.166,-63.2971],"carpPosition":[51.6821,259.2,64.3374],"dipPosition":[8.16502,327.97,-47.0009],"direction":[-0.307122,0.191427,-0.932219],"extended":true,"handId":698,"id":6981,"length":58.6448,"mcpPosition":[28.9235,305.184,11.8965],"pipPosition":[15.5677,323.356,-24.5312],"stabilizedTipPosition":[-33.4066,321.55,91.9731],"timeVisible":14.0098,"tipPosition":[4.23895,327.366,-59.6547],"tipVelocity":[-9.70588,99.3614,-210.125],"tool":false,"touchDistance":-0.651971,"touchZone":"hovering","type":1,"width":19.2893},{"bases":[[[0.94907,-0.090125,-0.301899],[0.259999,0.76524,0.588904],[0.17795,-0.637405,0.749699]],[[0.952393,-0.102671,-0.287064],[-0.0862916,0.812303,-0.576817],[0.292405,0.574128,0.764772]],[[0.952393,-0.102671,-0.287064],[-0.304814,-0.339079,-0.890008],[-0.00595938,0.935139,-0.354232]],[[0.952393,-0.102671,-0.287064],[-0.248332,-0.807469,-0.535094],[-0.176857,0.580907,-0.794524]]],"btipPosition":[40.1985,241.781,-2.6107],"carpPosition":[63.1511,262.435,61.3753],"dipPosition":[36.8842,252.668,-17.5001],"direction":[0.00595938,-0.935139,0.354232],"extended":false,"handId":698,"id":6982,"length":66.821,"mcpPosition":[50.7702,306.783,9.21504],"pipPosition":[36.7152,279.186,-27.5453],"stabilizedTipPosition":[-6.90683,227.45,125.898],"timeVisible":14.0098,"tipPosition":[39.6808,244.117,-5.09625],"tipVelocity":[64.9617,152.25,-209.563],"tool":false,"touchDistance":0.333333,"touchZone":"none","type":2,"width":18.9446},{"bases":[[[0.942594,-0.240371,-0.231814],[0.332681,0.736136,0.589429],[0.0289648,-0.632712,0.773845]],[[0.942314,-0.234978,-0.23839],[0.0469064,0.797854,-0.601023],[0.331428,0.555171,0.762851]],[[0.942314,-0.234978,-0.23839],[-0.306916,-0.322294,-0.895505],[0.133593,0.917012,-0.375821]],[[0.942314,-0.234978,-0.23839],[-0.329091,-0.780531,-0.531479],[-0.0611846,0.579272,-0.812835]]],"btipPosition":[55.6821,241.206,0.808368],"carpPosition":[74.809,262.545,57.6102],"dipPosition":[54.5421,252,-14.3366],"direction":[-0.133593,-0.917012,0.375821],"extended":false,"handId":698,"id":6983,"length":64.2502,"mcpPosition":[72.9997,302.068,9.27075],"pipPosition":[58.2326,277.332,-24.7188],"stabilizedTipPosition":[13.7456,221.14,111.654],"timeVisible":14.0098,"tipPosition":[55.6719,243.465,-1.32245],"tipVelocity":[63.8033,178.557,-239.746],"tool":false,"touchDistance":0.333333,"touchZone":"none","type":3,"width":18.027},{"bases":[[[0.871599,-0.43029,-0.234874],[0.476482,0.630978,0.612234],[-0.115238,-0.645536,0.754986]],[[0.837645,-0.537326,-0.0981356],[0.381343,0.703922,-0.599225],[0.391059,0.464515,0.794543]],[[0.837645,-0.537326,-0.0981356],[-0.274184,-0.258243,-0.926355],[0.472412,0.802864,-0.363643]],[[0.837645,-0.537326,-0.0981356],[-0.492326,-0.664905,-0.561709],[0.23657,0.518828,-0.821494]]],"btipPosition":[65.2982,252.249,0.963534],"carpPosition":[85.7045,255.878,51.4235],"dipPosition":[69.3646,261.167,-13.1572],"direction":[-0.472412,-0.802864,0.363643],"extended":false,"handId":698,"id":6984,"length":50.3709,"mcpPosition":[92.3681,293.206,7.76671],"pipPosition":[78.5788,276.826,-20.2499],"stabilizedTipPosition":[31.598,231.945,91.1976],"timeVisible":14.0098,"tipPosition":[66.3387,254.041,-1.13125],"tipVelocity":[61.4897,190.887,-232.958],"tool":false,"touchDistance":0.333333,"touchZone":"none","type":4,"width":16.013}],"r":[[0.987682,-0.153882,0.0283643],[0.104944,0.785904,0.609378],[-0.116064,-0.598895,0.792372]],"s":0.893683,"t":[-13.1003,-50.5199,-8.41338],"timestamp":523684522418},false],[1,{"currentFrameRate":110.575,"devices":[],"gestures":[],"hands":[{"armBasis":[[0.911718,0.11331,-0.394881],[0.0810751,0.892678,0.443343],[0.402737,-0.436219,0.804684]],"armWidth":63.5437,"confidence":0.644923,"direction":[-0.132102,0.743241,-0.655852],"elbow":[180.339,131.903,274.289],"grabStrength":0,"id":698,"palmNormal":[-0.138274,-0.668998,-0.730289],"palmPosition":[56.7299,286.453,20.6148],"palmVelocity":[29.7082,161.775,-178.126],"palmWidth":90.7382,"pinchStrength":0.858347,"r":[[0.98893,-0.145288,0.0301358],[0.0971928,0.787735,0.608298],[-0.112117,-0.598636,0.793136]],"s":0.892088,"sphereCenter":[42.2519,271.018,-21.5468],"sphereRadius":44.9513,"stabilizedPalmPosition":[28.1768,265.523,138.642],"t":[-12.7844,-49.2206,-9.75839],"timeVisible":14.0186,"type":"right","wrist":[71.9007,249.356,57.6259]}],"id":4274134,"interactionBox":{"center":[0,200,0],"size":[235.247,235.247,147.751]},"pointables":[{"bases":[[[0.492869,0.745729,0.448295],[-0.676548,0.00446836,0.736385],[0.54714,-0.666235,0.506724]],[[0.225225,0.953319,0.20114],[-0.753869,0.0397336,0.655822],[0.617215,-0.299341,0.727627]],[[0.225225,0.953319,0.20114],[-0.963109,0.186632,0.193879],[0.14729,-0.237386,0.960184]],[[0.225225,0.953319,0.20114],[-0.609941,0.298945,-0.733896],[-0.759767,0.0426089,0.648798]]],"btipPosition":[24.9572,261.428,-26.5777],"carpPosition":[42.9578,239.45,57.4328],"dipPosition":[7.22513,262.422,-11.4355],"direction":[-0.14729,0.237386,-0.960184],"extended":false,"handId":698,"id":6980,"length":51.9721,"mcpPosition":[42.9578,239.45,57.4328],"pipPosition":[12.2332,254.351,21.212],"stabilizedTipPosition":[-30.1148,257.506,148.801],"timeVisible":14.0186,"tipPosition":[21.17,262.119,-22.0597],"tipVelocity":[46.5432,116.493,-219.757],"tool":false,"touchDistance":-0.639348,"touchZone":"hovering","type":0,"width":20.194},{"bases":[[[0.94543,0.130495,-0.298552],[0.092979,0.77014,0.631062],[0.312277,-0.624384,0.71598]],[[0.949308,0.122579,-0.289463],[0.0177022,0.898529,0.438557],[0.313849,-0.42145,0.850811]],[[0.949308,0.122579,-0.289463],[-0.0594667,0.974239,0.217539],[0.308672,-0.189298,0.932142]],[[0.949308,0.122579,-0.289463],[-0.114326,0.992409,0.0453195],[0.292821,-0.00992898,0.956116]]],"btipPosition":[3.35279,329.069,-64.6018],"carpPosition":[52.139,260.472,63.137],"dipPosition":[8.34196,328.9,-48.3112],"direction":[-0.308672,0.189298,-0.932142],"extended":true,"handId":698,"id":6981,"length":58.6448,"mcpPosition":[29.2284,306.281,10.6084],"pipPosition":[15.782,324.337,-25.8433],"stabilizedTipPosition":[-33.0707,321.616,90.6186],"timeVisible":14.0186,"tipPosition":[4.42198,328.286,-60.9621],"tipVelocity":[-2.13601,100.475,-193.614],"tool":false,"touchDistance":-0.634697,"touchZone":"hovering","type":1,"width":19.2893},{"bases":[[[0.949132,-0.0882761,-0.302252],[0.25831,0.76722,0.587069],[0.18007,-0.635281,0.750995]],[[0.952499,-0.10079,-0.28738],[-0.0878959,0.812506,-0.576288],[0.291582,0.574173,0.765052]],[[0.952499,-0.10079,-0.28738],[-0.304449,-0.338488,-0.890358],[-0.00753539,0.935557,-0.353095]],[[0.952499,-0.10079,-0.28738],[-0.247013,-0.807636,-0.535451],[-0.17813,0.581004,-0.794169]]],"btipPosition":[40.6056,242.914,-3.96735],"carpPosition":[63.5976,263.731,60.1611],"dipPosition":[37.2675,253.802,-18.8501],"direction":[0.00753539,-0.935557,0.353095],"extended":false,"handId":698,"id":6982,"length":66.821,"mcpPosition":[51.0693,307.931,7.91073],"pipPosition":[37.0538,280.332,-28.863],"stabilizedTipPosition":[-5.56806,227.965,122.08],"timeVisible":14.0186,"tipPosition":[40.0873,245.247,-6.44177],"tipVelocity":[59.7943,146.004,-194.71],"tool":false,"touchDistance":0.333333,"touchZone":"none","type":2,"width":18.9446},{"bases":[[[0.943094,-0.238384,-0.231833],[0.33107,0.73831,0.587615],[0.0310864,-0.630929,0.775217]],[[0.942787,-0.232873,-0.238585],[0.04641,0.800324,-0.597769],[0.330149,0.552497,0.765342]],[[0.942787,-0.232873,-0.238585],[-0.305798,-0.318931,-0.89709],[0.132816,0.918724,-0.371896]],[[0.942787,-0.232873,-0.238585],[-0.327597,-0.779953,-0.533247],[-0.0619063,0.580899,-0.811618]]],"btipPosition":[56.0854,242.455,-0.740625],"carpPosition":[75.253,263.864,56.3891],"dipPosition":[54.932,253.279,-15.8629],"direction":[-0.132816,-0.918724,0.371896],"extended":false,"handId":698,"id":6983,"length":64.2502,"mcpPosition":[73.3112,303.276,7.96387],"pipPosition":[58.6011,278.659,-26.1367],"stabilizedTipPosition":[15.354,222.05,107.224],"timeVisible":14.0186,"tipPosition":[56.0727,244.706,-2.85337],"tipVelocity":[58.9045,169.002,-222.554],"tool":false,"touchDistance":0.333333,"touchZone":"none","type":3,"width":18.027},{"bases":[[[0.8726,-0.428496,-0.234435],[0.475162,0.633583,0.610568],[-0.113092,-0.644176,0.75647]],[[0.838597,-0.536187,-0.0962218],[0.383718,0.706788,-0.594316],[0.386673,0.46147,0.798455]],[[0.838597,-0.536187,-0.0962218],[-0.269221,-0.254368,-0.928879],[0.473578,0.80486,-0.357665]],[[0.838597,-0.536187,-0.0962218],[-0.489547,-0.664283,-0.564865],[0.238955,0.520799,-0.819554]]],"btipPosition":[65.7231,253.539,-0.622994],"carpPosition":[86.1626,257.212,50.2107],"dipPosition":[69.8306,262.491,-14.7104],"direction":[-0.473578,-0.80486,0.357665],"extended":false,"handId":698,"id":6984,"length":50.3709,"mcpPosition":[92.7022,294.461,6.46805],"pipPosition":[79.0675,278.189,-21.6865],"stabilizedTipPosition":[33.541,233.255,85.9309],"timeVisible":14.0186,"tipPosition":[66.7681,255.322,-2.68224],"tipVelocity":[58.2576,179.299,-218.665],"tool":false,"touchDistance":0.333333,"touchZone":"none","type":4,"width":16.013}],"r":[[0.98893,-0.145288,0.0301358],[0.0971928,0.787735,0.608298],[-0.112117,-0.598636,0.793136]],"s":0.892088,"t":[-12.7844,-49.2206,-9.75839],"timestamp":523684531199},false],[2,{"currentFrameRate":110.516,"devices":[],"gestures":[],"hands":[{"armBasis":[[0.910503,0.129383,-0.39274],[0.0654782,0.892691,0.445886],[0.408285,-0.431697,0.804326]],"armWidth":63.5437,"confidence":0.647668,"direction":[-0.140469,0.740502,-0.657211],"elbow":[182.242,135.634,272.061],"grabStrength":0,"id":698,"palmNormal":[-0.124145,-0.671727,-0.730323],"palmPosition":[56.7443,288.692,18.3724],"palmVelocity":[21.872,184.846,-196.757],"palmWidth":90.7382,"pinchStrength":0.852383,"r":[[0.990271,-0.135295,0.0325515],[0.0879055,0.789543,0.607366],[-0.107874,-0.598596,0.793755]],"s":0.890388,"sphereCenter":[42.9975,272.943,-23.9807],"sphereRadius":44.9174,"stabilizedPalmPosition":[29.3794,266.498,133.579],"t":[-12.6192,-47.4517,-11.5521],"timeVisible":14.0277,"type":"right","wrist":[72.3103,251.869,55.4937]}],"id":4274135,"interactionBox":{"center":[0,200,0],"size":[235.247,235.247,147.751]},"pointables":[{"bases":[[[0.478892,0.753756,0.450016],[-0.680186,-0.00548554,0.733019],[0.554986,-0.657131,0.510067]],[[0.206145,0.958185,0.198457],[-0.763208,0.0305166,0.645432],[0.612387,-0.284516,0.737585]],[[0.206145,0.958185,0.198457],[-0.966422,0.167568,0.194807],[0.153406,-0.231952,0.960554]],[[0.206145,0.958185,0.198457],[-0.626036,0.28502,-0.725839],[-0.752053,0.0253866,0.658614]]],"btipPosition":[25.3792,262.968,-29.5811],"carpPosition":[43.5275,241.511,55.1668],"dipPosition":[7.82717,263.56,-14.2099],"direction":[-0.153406,0.231952,-0.960554],"extended":false,"handId":698,"id":6980,"length":51.9721,"mcpPosition":[43.5275,241.511,55.1668],"pipPosition":[13.0432,255.674,18.4502],"stabilizedTipPosition":[-29.7411,257.546,147.531],"timeVisible":14.0277,"tipPosition":[21.647,263.595,-24.9132],"tipVelocity":[47.683,128.111,-248.349],"tool":false,"touchDistance":-0.648008,"touchZone":"hovering","type":0,"width":20.194},{"bases":[[[0.944741,0.145032,-0.293989],[0.0777649,0.772059,0.630776],[0.318459,-0.618782,0.718117]],[[0.948564,0.137457,-0.285188],[0.00128249,0.899148,0.437643],[0.316584,-0.415498,0.852723]],[[0.948564,0.137457,-0.285188],[-0.0759092,0.973297,0.216635],[0.307351,-0.183844,0.933668]],[[0.948564,0.137457,-0.285188],[-0.130152,0.990495,0.0445064],[0.288595,-0.00509922,0.957438]]],"btipPosition":[3.09665,330.397,-67.1406],"carpPosition":[52.3497,262.68,60.8962],"dipPosition":[8.01382,330.31,-50.8275],"direction":[-0.307351,0.183844,-0.933668],"extended":true,"handId":698,"id":6981,"length":58.6448,"mcpPosition":[28.9856,308.077,8.21081],"pipPosition":[15.4221,325.878,-28.3228],"stabilizedTipPosition":[-32.7481,321.692,89.2866],"timeVisible":14.0277,"tipPosition":[4.1757,329.65,-63.4953],"tipVelocity":[-9.83968,113.473,-216.793],"tool":false,"touchDistance":-0.637565,"touchZone":"hovering","type":1,"width":19.2893},{"bases":[[[0.951888,-0.0736575,-0.297461],[0.243338,0.771691,0.587605],[0.186266,-0.631718,0.752487]],[[0.955385,-0.0861344,-0.282524],[-0.0974228,0.811104,-0.576731],[0.278832,0.578525,0.766525]],[[0.955385,-0.0861344,-0.282524],[-0.294683,-0.342793,-0.891995],[-0.0200157,0.935454,-0.352882]],[[0.955385,-0.0861344,-0.282524],[-0.231867,-0.811256,-0.536751],[-0.182966,0.578312,-0.795034]]],"btipPosition":[41.4048,244.894,-6.31893],"carpPosition":[63.7705,266.115,57.974],"dipPosition":[37.976,255.732,-21.2179],"direction":[0.0200157,-0.935454,0.352882],"extended":false,"handId":698,"id":6982,"length":66.821,"mcpPosition":[50.8111,310.067,5.6198],"pipPosition":[37.4084,282.259,-31.2248],"stabilizedTipPosition":[-4.09114,228.586,117.864],"timeVisible":14.0277,"tipPosition":[40.861,247.223,-8.80912],"tipVelocity":[66.8266,165.252,-212.157],"tool":false,"touchDistance":0.333333,"touchZone":"none","type":2,"width":18.9446},{"bases":[[[0.947853,-0.22378,-0.226928],[0.316538,0.743925,0.58854],[0.0371146,-0.629681,0.775967]],[[0.947485,-0.218159,-0.233835],[0.0431781,0.811764,-0.582388],[0.316872,0.541707,0.778554]],[[0.947485,-0.218159,-0.233835],[-0.293826,-0.305201,-0.905825],[0.126247,0.926962,-0.353275]],[[0.947485,-0.218159,-0.233835],[-0.313583,-0.777262,-0.545463],[-0.0627535,0.590145,-0.804855]]],"btipPosition":[56.6857,245.022,-4.14596],"carpPosition":[75.4411,266.427,54.2596],"dipPosition":[55.5165,256.017,-19.1422],"direction":[-0.126247,-0.926962,0.353275],"extended":false,"handId":698,"id":6983,"length":64.2502,"mcpPosition":[73.1226,305.761,5.78761],"pipPosition":[59.0041,281.625,-28.9016],"stabilizedTipPosition":[17.0434,223.1,102.5],"timeVisible":14.0277,"tipPosition":[56.6978,247.245,-6.04663],"tipVelocity":[60.6565,201.232,-263.317],"tool":false,"touchDistance":0.333333,"touchZone":"none","type":3,"width":18.027},{"bases":[[[0.88036,-0.414975,-0.229697],[0.462138,0.64149,0.612307],[-0.106744,-0.645202,0.756518]],[[0.847016,-0.523805,-0.0905142],[0.378386,0.713722,-0.589427],[0.373347,0.465005,0.802734]],[[0.847016,-0.523805,-0.0905142],[-0.257766,-0.255815,-0.931727],[0.464888,0.812519,-0.351698]],[[0.847016,-0.523805,-0.0905142],[-0.475552,-0.670609,-0.569327],[0.237516,0.525273,-0.817113]]],"btipPosition":[66.3416,255.977,-3.00394],"carpPosition":[86.4841,259.942,48.1418],"dipPosition":[70.4243,265.006,-17.0494],"direction":[-0.464888,-0.812519,0.351698],"extended":false,"handId":698,"id":6984,"length":50.3709,"mcpPosition":[92.6565,297.25,4.39635],"pipPosition":[79.4918,280.854,-23.9091],"stabilizedTipPosition":[35.6011,234.769,80.3034],"timeVisible":14.0277,"tipPosition":[67.3763,257.773,-5.06149],"tipVelocity":[60.6808,204.094,-229.927],"tool":false,"touchDistance":0.333333,"touchZone":"none","type":4,"width":16.013}],"r":[[0.990271,-0.135295,0.0325515],[0.0879055,0.789543,0.607366],[-0.107874,-0.598596,0.793755]],"s":0.890388,"t":[-12.6192,-47.4517,-11.5521],"timestamp":523684540351},false],[3,{"currentFrameRate":110.577,"devices":[],"gestures":[],"hands":[{"armBasis":[[0.91137,0.137511,-0.387938],[0.0556882,0.892674,0.447249],[0.407804,-0.429213,0.805899]],"armWidth":63.5437,"confidence":0.640665,"direction":[-0.147746,0.737866,-0.658577],"elbow":[182.702,137.916,271.242],"grabStrength":0,"id":698,"palmNormal":[-0.115857,-0.674213,-0.729393],"palmPosition":[56.9784,290.074,17.0518],"palmVelocity":[23.0511,176.583,-183.385],"palmWidth":90.7382,"pinchStrength":0.859701,"r":[[0.991534,-0.125104,0.0347646],[0.0785787,0.791291,0.60637],[-0.103368,-0.598505,0.794423]],"s":0.888662,"sphereCenter":[43.668,274.051,-25.4073],"sphereRadius":44.8997,"stabilizedPalmPosition":[30.5984,267.539,128.432],"t":[-12.4196,-45.8765,-13.1093],"timeVisible":14.0366,"type":"right","wrist":[72.9001,253.483,54.2518]}],"id":4274136,"interactionBox":{"center":[0,200,0],"size":[235.247,235.247,147.751]},"pointables":[{"bases":[[[0.470036,0.759677,0.449396],[-0.681009,-0.0117681,0.732181],[0.56151,-0.650194,0.511815]],[[0.192644,0.961771,0.194639],[-0.770112,0.0252588,0.637409],[0.608125,-0.272687,0.745537]],[[0.192644,0.961771,0.194639],[-0.967894,0.153605,0.198966],[0.161462,-0.226719,0.960483]],[[0.192644,0.961771,0.194639],[-0.640254,0.273513,-0.71782],[-0.743615,0.0136658,0.668469]]],"btipPosition":[25.826,263.773,-31.4656],"carpPosition":[44.2329,242.809,53.9057],"dipPosition":[8.47089,264.092,-15.8643],"direction":[-0.161462,0.226719,-0.960483],"extended":false,"handId":698,"id":6980,"length":51.9721,"mcpPosition":[44.2329,242.809,53.9057],"pipPosition":[13.9608,256.383,16.7933],"stabilizedTipPosition":[-29.3887,257.589,146.333],"timeVisible":14.0366,"tipPosition":[22.1314,264.36,-26.6727],"tipVelocity":[49.6969,115.808,-236.501],"tool":false,"touchDistance":-0.639014,"touchZone":"hovering","type":0,"width":20.194},{"bases":[[[0.943465,0.154907,-0.293048],[0.0685055,0.773872,0.629627],[0.324315,-0.614106,0.719509]],[[0.947205,0.147693,-0.284587],[-0.00932146,0.8999,0.435997],[0.320494,-0.410326,0.853766]],[[0.947205,0.147693,-0.284587],[-0.0870165,0.972691,0.215177],[0.308596,-0.179053,0.934189]],[[0.947205,0.147693,-0.284587],[-0.141207,0.989033,0.0432929],[0.28786,-0.000821443,0.957672]]],"btipPosition":[2.94783,331.046,-68.5882],"carpPosition":[52.8155,264.082,59.612],"dipPosition":[7.85248,331.032,-52.2711],"direction":[-0.308596,0.179053,-0.934189],"extended":true,"handId":698,"id":6981,"length":58.6448,"mcpPosition":[29.0218,309.137,6.82449],"pipPosition":[15.2907,326.717,-29.7538],"stabilizedTipPosition":[-32.4595,321.765,88.0788],"timeVisible":14.0366,"tipPosition":[4.04709,330.338,-64.9403],"tipVelocity":[-11.7871,102.858,-201.802],"tool":false,"touchDistance":-0.623842,"touchZone":"hovering","type":1,"width":19.2893},{"bases":[[[0.953013,-0.0636964,-0.296159],[0.234127,0.775249,0.586663],[0.192228,-0.628436,0.753735]],[[0.956689,-0.0763358,-0.280924],[-0.102544,0.814788,-0.570618],[0.272452,0.574712,0.771671]],[[0.956689,-0.0763358,-0.280924],[-0.289897,-0.337819,-0.895454],[-0.0265461,0.93811,-0.345317]],[[0.956689,-0.0763358,-0.280924],[-0.223632,-0.810519,-0.541339],[-0.18637,0.580717,-0.792486]]],"btipPosition":[41.9768,246.252,-8.19094],"carpPosition":[64.2016,267.638,56.6985],"dipPosition":[38.4842,257.135,-23.0421],"direction":[0.0265461,-0.93811,0.345317],"extended":false,"handId":698,"id":6982,"length":66.821,"mcpPosition":[50.8274,311.362,4.25741],"pipPosition":[37.7314,283.737,-32.8345],"stabilizedTipPosition":[-2.60632,229.247,113.617],"timeVisible":14.0366,"tipPosition":[41.4526,248.549,-10.5631],"tipVelocity":[65.6074,161.926,-211.087],"tool":false,"touchDistance":0.333333,"touchZone":"none","type":2,"width":18.9446},{"bases":[[[0.950534,-0.213741,-0.225389],[0.307626,0.748289,0.587733],[0.0430337,-0.627996,0.777026]],[[0.950093,-0.2079,-0.232595],[0.0355203,0.812822,-0.581429],[0.309937,0.544149,0.779641]],[[0.950093,-0.2079,-0.232595],[-0.289153,-0.306984,-0.906726],[0.117105,0.92873,-0.351778]],[[0.950093,-0.2079,-0.232595],[-0.304494,-0.780194,-0.546425],[-0.0678682,0.589979,-0.804561]]],"btipPosition":[57.4045,246.407,-5.56895],"carpPosition":[75.8727,268.072,52.9981],"dipPosition":[56.1399,257.399,-20.5598],"direction":[-0.117105,-0.92873,0.351778],"extended":false,"handId":698,"id":6983,"length":64.2502,"mcpPosition":[73.1846,307.301,4.45989],"pipPosition":[59.375,283.056,-30.2778],"stabilizedTipPosition":[18.7377,224.192,97.7851],"timeVisible":14.0366,"tipPosition":[57.3812,248.644,-7.52928],"tipVelocity":[65.3822,188.59,-234.867],"tool":false,"touchDistance":0.333333,"touchZone":"none","type":3,"width":18.027},{"bases":[[[0.885143,-0.405669,-0.227933],[0.454309,0.647494,0.611846],[-0.100622,-0.645124,0.757424]],[[0.852074,-0.516249,-0.0863557],[0.379026,0.72234,-0.578415],[0.360984,0.460121,0.811159]],[[0.852074,-0.516249,-0.0863557],[-0.245655,-0.248735,-0.936902],[0.462195,0.819523,-0.338759]],[[0.852074,-0.516249,-0.0863557],[-0.465239,-0.671383,-0.576886],[0.239839,0.531725,-0.812247]]],"btipPosition":[66.9459,257.654,-4.92674],"carpPosition":[86.9938,261.698,46.9044],"dipPosition":[71.0685,266.793,-18.8885],"direction":[-0.462195,-0.819523,0.338759],"extended":false,"handId":698,"id":6984,"length":50.3709,"mcpPosition":[92.8123,299.002,3.10663],"pipPosition":[80.0835,282.778,-25.4959],"stabilizedTipPosition":[37.6247,236.335,74.7614],"timeVisible":14.0366,"tipPosition":[67.9873,259.434,-6.86995],"tipVelocity":[62.8532,200.378,-225.306],"tool":false,"touchDistance":0.333333,"touchZone":"none","type":4,"width":16.013}],"r":[[0.991534,-0.125104,0.0347646],[0.0785787,0.791291,0.60637],[-0.103368,-0.598505,0.794423]],"s":0.888662,"t":[-12.4196,-45.8765,-13.1093],"timestamp":523684549288},false],[4,{"currentFrameRate":110.549,"devices":[],"gestures":[],"hands":[{"armBasis":[[0.91783,0.134542,-0.373479],[0.0606511,0.882243,0.46687],[0.392313,-0.45116,0.801589]],"armWidth":63.5437,"confidence":0.640911,"direction":[-0.150856,0.729943,-0.666653],"elbow":[178.849,133.425,268.84],"grabStrength":0,"id":698,"palmNormal":[-0.115692,-0.682773,-0.721413],"palmPosition":[57.1327,291.026,15.4271],"palmVelocity":[21.3665,156.678,-182.076],"palmWidth":90.7382,"pinchStrength":0.873216,"r":[[0.992537,-0.116384,0.036406],[0.0709641,0.794036,0.603714],[-0.0991705,-0.596625,0.796369]],"s":0.886688,"sphereCenter":[43.9188,274.448,-26.9168],"sphereRadius":44.8757,"stabilizedPalmPosition":[31.8001,268.603,123.314],"t":[-12.2427,-44.6127,-14.7002],"timeVisible":14.0457,"type":"right","wrist":[73.2178,254.901,53.0097]}],"id":4274137,"interactionBox":{"center":[0,200,0],"size":[235.247,235.247,147.751]},"pointables":[{"bases":[[[0.4691,0.765883,0.439736],[-0.679504,-0.00503922,0.733655],[0.56411,-0.64296,0.518056]],[[0.189074,0.964997,0.181747],[-0.773772,0.0324577,0.632632],[0.604589,-0.260245,0.752825]],[[0.189074,0.964997,0.181747],[-0.967442,0.151348,0.202856],[0.168248,-0.214184,0.962194]],[[0.189074,0.964997,0.181747],[-0.651984,0.26177,-0.711613],[-0.734281,0.0160518,0.678656]]],"btipPosition":[25.8964,264.018,-33.1861],"carpPosition":[44.5758,244.155,52.844],"dipPosition":[8.75912,264.392,-17.347],"direction":[-0.168248,0.214184,-0.962194],"extended":false,"handId":698,"id":6980,"length":51.9721,"mcpPosition":[44.5758,244.155,52.844],"pipPosition":[14.4798,257.11,15.3687],"stabilizedTipPosition":[-29.0733,257.629,145.252],"timeVisible":14.0457,"tipPosition":[22.2281,264.621,-28.3024],"tipVelocity":[39.6005,91.5704,-221.729],"tool":false,"touchDistance":-0.628433,"touchZone":"hovering","type":0,"width":20.194},{"bases":[[[0.942496,0.153811,-0.29672],[0.0678996,0.781172,0.620612],[0.327247,-0.605072,0.725808]],[[0.946035,0.147154,-0.288728],[-0.0107637,0.904734,0.425842],[0.323886,-0.399753,0.857494]],[[0.946035,0.147154,-0.288728],[-0.0889728,0.974662,0.205225],[0.311612,-0.168461,0.935157]],[[0.946035,0.147154,-0.288728],[-0.143492,0.98907,0.0339314],[0.290565,0.00932984,0.95681]]],"btipPosition":[2.77146,330.933,-70.5411],"carpPosition":[53.1183,265.512,58.2895],"dipPosition":[7.7222,331.092,-54.2387],"direction":[-0.311612,0.168461,-0.935157],"extended":true,"handId":698,"id":6981,"length":58.6448,"mcpPosition":[29.1095,309.904,5.0399],"pipPosition":[15.2331,327.031,-31.6981],"stabilizedTipPosition":[-32.2265,321.824,87.0866],"timeVisible":14.0457,"tipPosition":[3.9055,330.275,-66.893],"tipVelocity":[-13.5713,72.1076,-205.492],"tool":false,"touchDistance":-0.619135,"touchZone":"hovering","type":1,"width":19.2893},{"bases":[[[0.952566,-0.0647898,-0.297356],[0.23343,0.782456,0.577298],[0.195265,-0.619326,0.760465]],[[0.956382,-0.07752,-0.281644],[-0.101532,0.815822,-0.569321],[0.273905,0.573085,0.772366]],[[0.956382,-0.07752,-0.281644],[-0.291041,-0.335561,-0.895932],[-0.0250563,0.938823,-0.343486]],[[0.956382,-0.07752,-0.281644],[-0.224598,-0.811624,-0.539279],[-0.186785,0.579013,-0.793634]]],"btipPosition":[41.9495,247.132,-10.109],"carpPosition":[64.49,269.062,55.3124],"dipPosition":[38.4492,257.983,-24.9817],"direction":[0.0250563,-0.938823,0.343486],"extended":false,"handId":698,"id":6982,"length":66.821,"mcpPosition":[50.9045,312.152,2.40312],"pipPosition":[37.7387,284.605,-34.7222],"stabilizedTipPosition":[-1.19212,229.906,109.508],"timeVisible":14.0457,"tipPosition":[41.4678,249.378,-12.3496],"tipVelocity":[46.549,143.654,-211.191],"tool":false,"touchDistance":0.333333,"touchZone":"none","type":2,"width":18.9446},{"bases":[[[0.950593,-0.214022,-0.224873],[0.306996,0.755686,0.578526],[0.0461164,-0.618978,0.784054]],[[0.950106,-0.208069,-0.23239],[0.0335115,0.808792,-0.587139],[0.310121,0.550057,0.775411]],[[0.950106,-0.208069,-0.23239],[-0.289843,-0.313556,-0.904253],[0.11528,0.926493,-0.358219]],[[0.950106,-0.208069,-0.23239],[-0.303924,-0.785177,-0.539562],[-0.0702011,0.583271,-0.809239]]],"btipPosition":[57.5774,247.177,-6.96895],"carpPosition":[76.1525,269.482,51.5835],"dipPosition":[56.2694,258.044,-22.0469],"direction":[-0.11528,-0.926493,0.358219],"extended":false,"handId":698,"id":6983,"length":64.2502,"mcpPosition":[73.2718,308.147,2.60634],"pipPosition":[59.454,283.639,-31.9428],"stabilizedTipPosition":[20.3908,225.285,93.1429],"timeVisible":14.0457,"tipPosition":[57.5416,249.396,-8.96236],"tipVelocity":[52.2333,158.924,-213.062],"tool":false,"touchDistance":0.333333,"touchZone":"none","type":3,"width":18.027},{"bases":[[[0.885662,-0.406123,-0.225094],[0.453971,0.655524,0.603488],[-0.097536,-0.636673,0.764941]],[[0.852644,-0.516229,-0.0806555],[0.380302,0.719021,-0.581704],[0.358286,0.465313,0.809392]],[[0.852644,-0.516229,-0.0806555],[-0.24269,-0.25459,-0.936101],[0.462709,0.817735,-0.342358]],[[0.852644,-0.516229,-0.0806555],[-0.463681,-0.676451,-0.572201],[0.240827,0.525282,-0.816138]]],"btipPosition":[67.1185,258.494,-6.52613],"carpPosition":[87.2767,263.065,45.5403],"dipPosition":[71.2581,267.524,-20.5548],"direction":[-0.462709,-0.817735,0.342358],"extended":false,"handId":698,"id":6984,"length":50.3709,"mcpPosition":[92.9167,299.881,1.30784],"pipPosition":[80.2831,283.473,-27.2324],"stabilizedTipPosition":[39.5393,237.859,69.4467],"timeVisible":14.0457,"tipPosition":[68.1624,260.251,-8.48291],"tipVelocity":[50.8197,169.712,-212.081],"tool":false,"touchDistance":0.333333,"touchZone":"none","type":4,"width":16.013}],"r":[[0.992537,-0.116384,0.036406],[0.0709641,0.794036,0.603714],[-0.0991705,-0.596625,0.796369]],"s":0.886688,"t":[-12.2427,-44.6127,-14.7002],"timestamp":523684558382},false],[5,{"currentFrameRate":110.6,"devices":[],"gestures":[],"hands":[{"armBasis":[[0.919016,0.132882,-0.37115],[0.0592893,0.88418,0.463369],[0.389736,-0.447849,0.804697]],"armWidth":63.5437,"confidence":0.640342,"direction":[-0.154099,0.724405,-0.671931],"elbow":[178.524,135.361,268.577],"grabStrength":0,"id":698,"palmNormal":[-0.114632,-0.688569,-0.716053],"palmPosition":[57.3345,291.735,14.079],"palmVelocity":[21.6887,135.504,-173.468],"palmWidth":90.7382,"pinchStrength":0.874353,"r":[[0.993361,-0.108728,0.0375758],[0.06454,0.797129,0.600349],[-0.0952275,-0.593939,0.798855]],"s":0.884983,"sphereCenter":[44.1766,274.793,-28.1415],"sphereRadius":44.8454,"stabilizedPalmPosition":[32.8952,269.595,118.63],"t":[-12.0533,-43.6262,-16.1697],"timeVisible":14.0547,"type":"right","wrist":[73.5868,255.945,51.9098]}],"id":4274138,"interactionBox":{"center":[0,200,0],"size":[235.247,235.247,147.751]},"pointables":[{"bases":[[[0.467366,0.770637,0.43323],[-0.678407,-0.00158645,0.734684],[0.566862,-0.637273,0.522064]],[[0.185503,0.967227,0.173382],[-0.777828,0.0367122,0.627404],[0.600476,-0.251247,0.759147]],[[0.185503,0.967227,0.173382],[-0.967295,0.148676,0.205516],[0.173003,-0.205835,0.963173]],[[0.185503,0.967227,0.173382],[-0.659476,0.253349,-0.707747],[-0.728478,0.016948,0.684859]]],"btipPosition":[26.2063,264.22,-34.6547],"carpPosition":[44.9781,245.11,51.8681],"dipPosition":[9.20443,264.616,-18.6708],"direction":[-0.173003,0.205835,-0.963173],"extended":false,"handId":698,"id":6980,"length":51.9721,"mcpPosition":[44.9781,245.11,51.8681],"pipPosition":[15.0867,257.617,14.0782],"stabilizedTipPosition":[-28.809,257.664,144.346],"timeVisible":14.0547,"tipPosition":[22.5045,264.814,-29.7196],"tipVelocity":[39.1891,72.8665,-204.947],"tool":false,"touchDistance":-0.615452,"touchZone":"hovering","type":0,"width":20.194},{"bases":[[[0.941578,0.154474,-0.29928],[0.0663858,0.786054,0.614583],[0.330188,-0.598546,0.729876]],[[0.944796,0.14855,-0.29205],[-0.0130145,0.907634,0.41956],[0.3274,-0.392598,0.859463]],[[0.944796,0.14855,-0.29205],[-0.0916372,0.975551,0.199758],[0.314584,-0.161968,0.935309]],[[0.944796,0.14855,-0.29205],[-0.146402,0.98879,0.0293245],[0.293133,0.0150511,0.955953]]],"btipPosition":[2.63368,330.915,-72.0633],"carpPosition":[53.4623,266.534,57.1392],"dipPosition":[7.62816,331.172,-55.7755],"direction":[-0.314584,0.161968,-0.935309],"extended":true,"handId":698,"id":6981,"length":58.6448,"mcpPosition":[29.2377,310.447,3.59113],"pipPosition":[15.2107,327.268,-33.2313],"stabilizedTipPosition":[-32.0539,321.868,86.3416],"timeVisible":14.0547,"tipPosition":[3.81201,330.282,-68.4237],"tipVelocity":[-13.7616,52.5528,-195.904],"tool":false,"touchDistance":-0.608439,"touchZone":"hovering","type":1,"width":19.2893},{"bases":[[[0.952325,-0.0640932,-0.298277],[0.231848,0.787522,0.571013],[0.198301,-0.612945,0.764836]],[[0.956242,-0.0768239,-0.28231],[-0.104061,0.812512,-0.573582],[0.273445,0.577861,0.768964]],[[0.956242,-0.0768239,-0.28231],[-0.291278,-0.340766,-0.893888],[-0.0275295,0.937004,-0.348232]],[[0.956242,-0.0768239,-0.28231],[-0.223256,-0.815235,-0.534367],[-0.189097,0.574012,-0.796714]]],"btipPosition":[42.2023,247.638,-11.2514],"carpPosition":[64.8185,270.097,54.1184],"dipPosition":[38.6587,258.395,-26.1818],"direction":[0.0275295,-0.937004,0.348232],"extended":false,"handId":698,"id":6982,"length":66.821,"mcpPosition":[51.0217,312.743,0.904933],"pipPosition":[37.878,284.966,-36.0568],"stabilizedTipPosition":[0.0759684,230.508,105.809],"timeVisible":14.0547,"tipPosition":[41.7072,249.875,-13.5329],"tipVelocity":[41.2399,119.189,-188.75],"tool":false,"touchDistance":0.333333,"touchZone":"none","type":2,"width":18.9446},{"bases":[[[0.950921,-0.212778,-0.224665],[0.305498,0.760989,0.572334],[0.0491876,-0.612879,0.788644]],[[0.950384,-0.206664,-0.232507],[0.0315731,0.807646,-0.588821],[0.309472,0.552266,0.774099]],[[0.950384,-0.206664,-0.232507],[-0.289754,-0.316145,-0.90338],[0.11319,0.925928,-0.360341]],[[0.950384,-0.206664,-0.232507],[-0.302518,-0.788146,-0.536012],[-0.0724747,0.579755,-0.811561]]],"btipPosition":[57.8362,247.821,-8.30985],"carpPosition":[76.4742,270.524,50.369],"dipPosition":[56.4858,258.623,-23.4311],"direction":[-0.11319,-0.925928,0.360341],"extended":false,"handId":698,"id":6983,"length":64.2502,"mcpPosition":[73.4016,308.809,1.10509],"pipPosition":[59.6128,284.202,-33.3856],"stabilizedTipPosition":[21.8897,226.295,88.9075],"timeVisible":14.0547,"tipPosition":[57.7873,250.021,-10.3201],"tipVelocity":[45.561,134.69,-196.071],"tool":false,"touchDistance":0.333333,"touchZone":"none","type":3,"width":18.027},{"bases":[[[0.886587,-0.405075,-0.223335],[0.45282,0.661475,0.597834],[-0.0944371,-0.631162,0.76988]],[[0.853775,-0.514927,-0.0769362],[0.380197,0.717576,-0.583553],[0.355695,0.468972,0.808422]],[[0.853775,-0.514927,-0.0769362],[-0.240282,-0.258606,-0.935621],[0.46188,0.817296,-0.344519]],[[0.853775,-0.514927,-0.0769362],[-0.461675,-0.680456,-0.569066],[0.240676,0.521374,-0.818685]]],"btipPosition":[67.3821,259.154,-7.874],"carpPosition":[87.6094,264.097,44.358],"dipPosition":[71.5191,268.116,-21.9464],"direction":[-0.46188,-0.817296,0.344519],"extended":false,"handId":698,"id":6984,"length":50.3709,"mcpPosition":[93.0702,300.593,-0.160118],"pipPosition":[80.5279,284.057,-28.6662],"stabilizedTipPosition":[41.2267,239.228,64.7259],"timeVisible":14.0547,"tipPosition":[68.4225,260.896,-9.84822],"tipVelocity":[44.9577,142.983,-195.574],"tool":false,"touchDistance":0.333333,"touchZone":"none","type":4,"width":16.013}],"r":[[0.993361,-0.108728,0.0375758],[0.06454,0.797129,0.600349],[-0.0952275,-0.593939,0.798855]],"s":0.884983,"t":[-12.0533,-43.6262,-16.1697],"timestamp":523684567334},false],[6,{"currentFrameRate":110.521,"devices":[],"gestures":[],"hands":[{"armBasis":[[0.920009,0.132435,-0.368842],[0.056741,0.88624,0.459739],[0.387768,-0.443892,0.807834]],"armWidth":63.5437,"confidence":0.642947,"direction":[-0.156733,0.722027,-0.673878],"elbow":[178.223,137.195,268.608],"grabStrength":0,"id":698,"palmNormal":[-0.113073,-0.690943,-0.714012],"palmPosition":[57.4301,292.348,13.1751],"palmVelocity":[18.5355,116.269,-152.488],"palmWidth":90.7382,"pinchStrength":0.858943,"r":[[0.994045,-0.101979,0.0384071],[0.0589918,0.799934,0.597181],[-0.0916231,-0.591359,0.801186]],"s":0.883575,"sphereCenter":[44.6152,275.168,-29.1378],"sphereRadius":44.8262,"stabilizedPalmPosition":[33.9168,270.543,114.239],"t":[-11.9108,-42.8267,-17.3564],"timeVisible":14.0639,"type":"right","wrist":[73.8157,256.714,51.096]}],"id":4274139,"interactionBox":{"center":[0,200,0],"size":[235.247,235.247,147.751]},"pointables":[{"bases":[[[0.465363,0.773259,0.430706],[-0.677886,-0.00152313,0.735166],[0.569129,-0.634088,0.523473]],[[0.183225,0.968092,0.170955],[-0.78381,0.0389003,0.619781],[0.593355,-0.247556,0.765928]],[[0.183225,0.968092,0.170955],[-0.966324,0.145398,0.212315],[0.180684,-0.204099,0.962131]],[[0.183225,0.968092,0.170955],[-0.689172,0.250502,-0.67992],[-0.70105,0.00676087,0.713081]]],"btipPosition":[25.9209,264.898,-36.3783],"carpPosition":[45.2396,245.793,51.1053],"dipPosition":[9.55921,265.056,-19.7359],"direction":[-0.180684,0.204099,-0.962131],"extended":false,"handId":698,"id":6980,"length":51.9721,"mcpPosition":[45.2396,245.793,51.1053],"pipPosition":[15.7027,258.117,12.9778],"stabilizedTipPosition":[-28.5833,257.696,143.563],"timeVisible":14.0639,"tipPosition":[22.417,265.292,-31.1516],"tipVelocity":[24.0375,71.4775,-195.492],"tool":false,"touchDistance":-0.605823,"touchZone":"hovering","type":0,"width":20.194},{"bases":[[[0.940902,0.156435,-0.300384],[0.0644651,0.787994,0.612299],[0.332486,-0.595478,0.731341]],[[0.943747,0.151271,-0.294038],[-0.0155642,0.908561,0.417463],[0.330301,-0.389403,0.859806]],[[0.943747,0.151271,-0.294038],[-0.0944172,0.975481,0.198803],[0.316902,-0.159858,0.93489]],[[0.943747,0.151271,-0.294038],[-0.149289,0.988359,0.0293112],[0.295049,0.0162344,0.955344]]],"btipPosition":[2.45331,331.206,-72.9948],"carpPosition":[53.6633,267.258,56.3095],"dipPosition":[7.48045,331.483,-56.7173],"direction":[-0.316902,0.159858,-0.93489],"extended":true,"handId":698,"id":6981,"length":58.6448,"mcpPosition":[29.2702,310.946,2.6539],"pipPosition":[15.1189,327.629,-34.1832],"stabilizedTipPosition":[-31.9189,321.903,85.7526],"timeVisible":14.0639,"tipPosition":[3.67478,330.584,-69.3655],"tipVelocity":[-15.1732,46.85,-169.563],"tool":false,"touchDistance":-0.589936,"touchZone":"hovering","type":1,"width":19.2893},{"bases":[[[0.952304,-0.062096,-0.298767],[0.229892,0.789832,0.568608],[0.200668,-0.610172,0.766435]],[[0.956308,-0.0748977,-0.282604],[-0.10614,0.811734,-0.574302],[0.272413,0.579205,0.768318]],[[0.956308,-0.0748977,-0.282604],[-0.290843,-0.342063,-0.893534],[-0.0297445,0.936688,-0.348901]],[[0.956308,-0.0748977,-0.282604],[-0.22152,-0.816457,-0.533223],[-0.190797,0.572528,-0.797376]]],"btipPosition":[42.3702,248.166,-12.1481],"carpPosition":[65.0067,270.846,53.2705],"dipPosition":[38.7947,258.896,-27.0909],"direction":[0.0297445,-0.936688,0.348901],"extended":false,"handId":698,"id":6982,"length":66.821,"mcpPosition":[51.0453,313.299,-0.0542206],"pipPosition":[37.9512,285.458,-36.985],"stabilizedTipPosition":[1.25003,231.078,102.372],"timeVisible":14.0639,"tipPosition":[41.8669,250.4,-14.4476],"tipVelocity":[34.5989,101.753,-163.367],"tool":false,"touchDistance":0.333333,"touchZone":"none","type":2,"width":18.9446},{"bases":[[[0.951396,-0.210574,-0.224732],[0.303622,0.763524,0.569952],[0.0515709,-0.610483,0.790348]],[[0.950809,-0.204219,-0.232932],[0.0344676,0.817004,-0.5756],[0.307855,0.539257,0.783854]],[[0.950809,-0.204219,-0.232932],[-0.287481,-0.301579,-0.909068],[0.115401,0.931313,-0.345453]],[[0.950809,-0.204219,-0.232932],[-0.301423,-0.783368,-0.543579],[-0.0714623,0.587051,-0.80639]]],"btipPosition":[57.8637,248.739,-10.2159],"carpPosition":[76.6584,271.297,49.5117],"dipPosition":[56.5322,259.677,-25.2408],"direction":[-0.115401,-0.931313,0.345453],"extended":false,"handId":698,"id":6983,"length":64.2502,"mcpPosition":[73.437,309.432,0.141286],"pipPosition":[59.7202,285.405,-34.7841],"stabilizedTipPosition":[23.2415,227.241,85.0198],"timeVisible":14.0639,"tipPosition":[57.8435,250.904,-12.0507],"tipVelocity":[33.7977,125.935,-198.577],"tool":false,"touchDistance":0.333333,"touchZone":"none","type":3,"width":18.027},{"bases":[[[0.887637,-0.403058,-0.22281],[0.451258,0.664523,0.595631],[-0.0920116,-0.629249,0.771738]],[[0.854863,-0.513428,-0.0748438],[0.380941,0.719008,-0.581301],[0.352269,0.468422,0.810239]],[[0.854863,-0.513428,-0.0748438],[-0.236836,-0.257786,-0.936726],[0.461647,0.818498,-0.34197]],[[0.854863,-0.513428,-0.0748438],[-0.459204,-0.68152,-0.569792],[0.241539,0.521462,-0.818374]]],"btipPosition":[67.5515,259.827,-8.94748],"carpPosition":[87.8086,264.886,43.5111],"dipPosition":[71.7034,268.79,-23.0146],"direction":[-0.461647,-0.818498,0.34197],"extended":false,"handId":698,"id":6984,"length":50.3709,"mcpPosition":[93.1291,301.272,-1.11448],"pipPosition":[80.7076,284.755,-29.6846],"stabilizedTipPosition":[42.7539,240.497,60.4204],"timeVisible":14.0639,"tipPosition":[68.592,261.562,-10.9235],"tipVelocity":[37.653,123.513,-173.535],"tool":false,"touchDistance":0.333333,"touchZone":"none","type":4,"width":16.013}],"r":[[0.994045,-0.101979,0.0384071],[0.0589918,0.799934,0.597181],[-0.0916231,-0.591359,0.801186]],"s":0.883575,"t":[-11.9108,-42.8267,-17.