{"sensorType":"Leap","data":[[0,{"currentFrameRate":109.145,"devices":[],"gestures":[],"hands":[{"armBasis":[[0.944286,0.0691544,-0.32178],[0.0997527,0.871557,0.48004],[0.313646,-0.485393,0.8161]],"armWidth":63.72,"confidence":0.638564,"direction":[-0.0320457,0.728694,-0.684089],"elbow":[159.838,121.521,283.082],"grabStrength":0.336002,"id":685,"palmNormal":[-0.114899,-0.682589,-0.721714],"palmPosition":[65.3586,289.401,23.4811],"palmVelocity":[43.3397,52.1468,-71.9814],"palmWidth":90.99,"pinchStrength":0.605064,"r":[[0.987323,-0.137235,-0.0797506],[0.14985,0.971574,0.183275],[0.0523318,-0.192902,0.979821]],"s":0.761919,"sphereCenter":[52.1017,273.723,-19.4668],"sphereRadius":45.8087,"stabilizedPalmPosition":[37.8854,274.89,116.272],"t":[14.9649,-20.0706,-44.3156],"timeVisible":4.65477,"type":"right","wrist":[75.1538,252.577,62.7347]}],"id":4258704,"interactionBox":{"center":[0,200,0],"size":[235.247,235.247,147.751]},"pointables":[{"bases":[[[0.49604,0.730395,0.469539],[-0.735157,0.0655242,0.674723],[0.462048,-0.679874,0.569458]],[[0.303055,0.922086,0.240653],[-0.747164,0.0731559,0.660601],[0.591526,-0.380006,0.71112]],[[0.303055,0.922086,0.240653],[-0.951071,0.2767,0.137481],[0.0601807,-0.270543,0.960825]],[[0.303055,0.922086,0.240653],[-0.773959,0.385487,-0.502382],[-0.556008,-0.0340063,0.830481]]],"btipPosition":[27.1511,273.282,-27.4019],"carpPosition":[45.718,244.293,60.2916],"dipPosition":[14.1385,272.486,-7.9657],"direction":[-0.0601807,0.270543,-0.960825],"extended":false,"handId":685,"id":6850,"length":52.1164,"mcpPosition":[45.718,244.293,60.2916],"pipPosition":[16.1904,263.262,24.7942],"stabilizedTipPosition":[-6.66164,266.156,77.2548],"timeVisible":4.65477,"tipPosition":[23.4839,273.099,-22.481],"tipVelocity":[65.1296,85.7278,-105.926],"tool":false,"touchDistance":-0.484619,"touchZone":"hovering","type":0,"width":20.25},{"bases":[[[0.973385,0.0676634,-0.218961],[0.0842128,0.782979,0.616322],[0.213144,-0.618358,0.756441]],[[0.976015,0.0597977,-0.209328],[0.0690546,0.826844,0.558176],[0.206459,-0.559243,0.802883]],[[0.976015,0.0597977,-0.209328],[-0.0599177,0.998187,0.00577443],[0.209294,0.0069065,0.977828]],[[0.976015,0.0597977,-0.209328],[-0.148289,0.886589,-0.438145],[0.159388,0.458677,0.874192]]],"btipPosition":[23.2967,326.505,-62.4837],"carpPosition":[55.6295,264.99,66.2318],"dipPosition":[26.0199,334.342,-47.5476],"direction":[-0.209294,-0.0069065,-0.977828],"extended":true,"handId":685,"id":6851,"length":58.8075,"mcpPosition":[39.9486,310.482,10.5807],"pipPosition":[31.0786,334.509,-23.9131],"stabilizedTipPosition":[10.8061,312.566,-20.6703],"timeVisible":4.65477,"tipPosition":[24.1958,328.026,-58.1914],"tipVelocity":[59.1118,64.9145,-95.6217],"tool":false,"touchDistance":-0.485877,"touchZone":"hovering","type":1,"width":19.3428},{"bases":[[[0.964518,-0.150978,-0.216588],[0.252222,0.76938,0.586889],[0.0780312,-0.620693,0.780161]],[[0.966312,-0.168142,-0.194857],[-0.000735877,0.755291,-0.655389],[0.257373,0.633454,0.729723]],[[0.966312,-0.168142,-0.194857],[-0.21246,-0.0938117,-0.972656],[0.145265,0.981289,-0.126375]],[[0.966312,-0.168142,-0.194857],[-0.253627,-0.493385,-0.832013],[0.0437567,0.853405,-0.519409]]],"btipPosition":[44.7013,236.342,-12.0806],"carpPosition":[67.504,267.511,64.1682],"dipPosition":[45.5236,252.379,-21.8414],"direction":[-0.145265,-0.981289,0.126375],"extended":false,"handId":685,"id":6852,"length":67.0064,"mcpPosition":[62.0599,310.816,9.73794],"pipPosition":[49.6544,280.283,-25.435],"stabilizedTipPosition":[11.2757,225.223,77.8555],"timeVisible":4.65477,"tipPosition":[44.9659,239.906,-13.7758],"tipVelocity":[56.7413,69.0219,-107.988],"tool":false,"touchDistance":0.333333,"touchZone":"none","type":2,"width":18.9972},{"bases":[[[0.943712,-0.298239,-0.143042],[0.322847,0.736449,0.594486],[-0.0719558,-0.607204,0.791281]],[[0.944402,-0.291978,-0.151173],[0.107722,0.709173,-0.696757],[0.310645,0.641734,0.701197]],[[0.944402,-0.291978,-0.151173],[-0.194827,-0.126583,-0.972635],[0.264852,0.948011,-0.176431]],[[0.944402,-0.291978,-0.151173],[-0.285102,-0.498199,-0.818849],[0.163772,0.816423,-0.553744]]],"btipPosition":[59.689,234.715,-4.25257],"carpPosition":[79.4581,266.868,61.4088],"dipPosition":[62.7489,249.969,-14.5987],"direction":[-0.264852,-0.948011,0.176431],"extended":false,"handId":685,"id":6853,"length":64.4285,"mcpPosition":[83.9654,304.903,11.843],"pipPosition":[70.0859,276.23,-19.4862],"stabilizedTipPosition":[31.6574,223.768,69.4943],"timeVisible":4.65477,"tipPosition":[60.3711,238.198,-6.26405],"tipVelocity":[54.7525,70.5198,-115.682],"tool":false,"touchDistance":0.333333,"touchZone":"none","type":3,"width":18.077},{"bases":[[[0.862638,-0.484067,-0.146745],[0.458064,0.624539,0.632557],[-0.214552,-0.612887,0.760485]],[[0.827051,-0.560263,-0.0457447],[0.392513,0.633837,-0.666471],[0.402394,0.53325,0.744126]],[[0.827051,-0.560263,-0.0457447],[-0.10817,-0.0787643,-0.991007],[0.551622,0.824561,-0.125746]],[[0.827051,-0.560263,-0.0457447],[-0.322499,-0.406261,-0.854954],[0.460415,0.721843,-0.516683]]],"btipPosition":[69.9604,247.515,-2.6831],"carpPosition":[90.473,259.402,56.3601],"dipPosition":[77.8965,259.957,-11.5891],"direction":[-0.551622,-0.824561,0.125746],"extended":false,"handId":685,"id":6854,"length":50.5107,"mcpPosition":[102.914,294.94,12.2632],"pipPosition":[88.6855,276.085,-14.0485],"stabilizedTipPosition":[45.5856,236.351,64.0375],"timeVisible":4.65477,"tipPosition":[71.8535,250.319,-4.59009],"tipVelocity":[54.1652,66.0971,-91.0714],"tool":false,"touchDistance":0.333333,"touchZone":"none","type":4,"width":16.0574}],"r":[[0.987323,-0.137235,-0.0797506],[0.14985,0.971574,0.183275],[0.0523318,-0.192902,0.979821]],"s":0.761919,"t":[14.9649,-20.0706,-44.3156],"timestamp":523532088276},false],[1,{"currentFrameRate":109.296,"devices":[],"gestures":[],"hands":[{"armBasis":[[0.944656,0.0692311,-0.320674],[0.098336,0.872778,0.478109],[0.312977,-0.483183,0.817667]],"armWidth":63.72,"confidence":0.645999,"direction":[-0.0319134,0.728878,-0.683899],"elbow":[159.881,122.317,283.224],"grabStrength":0.323111,"id":685,"palmNormal":[-0.113551,-0.682462,-0.722047],"palmPosition":[65.5938,289.604,23.2007],"palmVelocity":[38.7649,44.1928,-61.0141],"palmWidth":90.99,"pinchStrength":0.614217,"r":[[0.98759,-0.136668,-0.0773861],[0.148997,0.971096,0.186472],[0.0496647,-0.195688,0.979408]],"s":0.760902,"sphereCenter":[52.6037,273.787,-19.8706],"sphereRadius":45.7913,"stabilizedPalmPosition":[39.0549,275.511,112.344],"t":[15.242,-19.8259,-44.6866],"timeVisible":4.66365,"type":"right","wrist":[75.3772,252.776,62.4536]}],"id":4258705,"interactionBox":{"center":[0,200,0],"size":[235.247,235.247,147.751]},"pointables":[{"bases":[[[0.494924,0.730663,0.470299],[-0.73594,0.0647042,0.673948],[0.461999,-0.679665,0.569748]],[[0.301934,0.922323,0.241157],[-0.749931,0.0736091,0.657408],[0.588591,-0.379344,0.713904]],[[0.301934,0.922323,0.241157],[-0.951637,0.276529,0.133865],[0.0567798,-0.269912,0.96121]],[[0.301934,0.922323,0.241157],[-0.776028,0.384716,-0.499774],[-0.553729,-0.0362458,0.831907]]],"btipPosition":[27.5933,273.455,-27.9029],"carpPosition":[45.951,244.468,59.9761],"dipPosition":[14.634,272.607,-8.43326],"direction":[-0.0567798,0.269912,-0.96121],"extended":false,"handId":685,"id":6850,"length":52.1164,"mcpPosition":[45.951,244.468,59.9761],"pipPosition":[16.57,263.404,24.3398],"stabilizedTipPosition":[-4.88059,266.56,71.5211],"timeVisible":4.66365,"tipPosition":[23.9265,273.266,-22.9427],"tipVelocity":[61.3423,67.3778,-92.2527],"tool":false,"touchDistance":-0.47189,"touchZone":"hovering","type":0,"width":20.25},{"bases":[[[0.973564,0.0685412,-0.217888],[0.0828947,0.782859,0.616653],[0.212842,-0.618413,0.756481]],[[0.976007,0.0612427,-0.208951],[0.066382,0.830256,0.553415],[0.207375,-0.554007,0.80627]],[[0.976007,0.0612427,-0.208951],[-0.0610247,0.998108,0.00749635],[0.209015,0.00543466,0.977897]],[[0.976007,0.0612427,-0.208951],[-0.148038,0.890358,-0.430521],[0.159675,0.451124,0.878061]]],"btipPosition":[23.4907,326.63,-62.9984],"carpPosition":[55.8388,265.172,65.9333],"dipPosition":[26.2189,334.338,-47.9962],"direction":[-0.209015,-0.00543466,-0.977897],"extended":true,"handId":685,"id":6851,"length":58.8075,"mcpPosition":[40.1802,310.668,10.2793],"pipPosition":[31.2708,334.469,-24.36],"stabilizedTipPosition":[11.9047,313.873,-23.8786],"timeVisible":4.66365,"tipPosition":[24.4089,328.176,-58.6756],"tipVelocity":[49.0334,50.2172,-84.9346],"tool":false,"touchDistance":-0.473115,"touchZone":"hovering","type":1,"width":19.3428},{"bases":[[[0.964877,-0.150108,-0.215592],[0.250947,0.769409,0.587398],[0.0777051,-0.620868,0.780054]],[[0.966645,-0.167082,-0.194114],[0.000949393,0.760241,-0.64964],[0.256117,0.627788,0.735042]],[[0.966645,-0.167082,-0.194114],[-0.210537,-0.0867874,-0.973726],[0.145845,0.982116,-0.119069]],[[0.966645,-0.167082,-0.194114],[-0.252213,-0.489125,-0.834952],[0.0445588,0.856061,-0.514951]]],"btipPosition":[44.9625,236.746,-12.9059],"carpPosition":[67.7134,267.703,63.8834],"dipPosition":[45.7998,252.833,-22.5828],"direction":[-0.145845,-0.982116,0.119069],"extended":false,"handId":685,"id":6852,"length":67.0064,"mcpPosition":[62.2921,311.02,9.46058],"pipPosition":[49.9471,280.761,-25.9688],"stabilizedTipPosition":[12.4654,225.757,74.5901],"timeVisible":4.66365,"tipPosition":[45.2422,240.262,-14.4606],"tipVelocity":[49.4289,62.9876,-103.316],"tool":false,"touchDistance":0.333333,"touchZone":"none","type":2,"width":18.9972},{"bases":[[[0.944114,-0.297409,-0.142114],[0.321591,0.736534,0.595061],[-0.072305,-0.607507,0.791016]],[[0.944807,-0.291154,-0.15023],[0.107885,0.709448,-0.696451],[0.309355,0.641805,0.701702]],[[0.944807,-0.291154,-0.15023],[-0.193684,-0.126528,-0.972871],[0.264247,0.948272,-0.175936]],[[0.944807,-0.291154,-0.15023],[-0.283813,-0.498261,-0.819259],[0.163677,0.816679,-0.553394]]],"btipPosition":[60,234.921,-4.55091],"carpPosition":[79.671,267.07,61.1367],"dipPosition":[63.0582,250.18,-14.8905],"direction":[-0.264247,-0.948272,0.175936],"extended":false,"handId":685,"id":6853,"length":64.4285,"mcpPosition":[84.2002,305.125,11.5875],"pipPosition":[70.3783,276.449,-19.7643],"stabilizedTipPosition":[32.7836,224.337,66.531],"timeVisible":4.66365,"tipPosition":[60.6814,238.406,-6.56628],"tipVelocity":[49.3858,57.7316,-93.3552],"tool":false,"touchDistance":0.333333,"touchZone":"none","type":3,"width":18.077},{"bases":[[[0.863199,-0.483304,-0.145962],[0.45686,0.624725,0.633244],[-0.214863,-0.613299,0.760064]],[[0.826964,-0.560563,-0.0435997],[0.396141,0.635918,-0.662329],[0.399003,0.530451,0.747943]],[[0.826964,-0.560563,-0.0435997],[-0.103477,-0.075515,-0.991761],[0.552652,0.824662,-0.120453]],[[0.826964,-0.560563,-0.0435997],[-0.319247,-0.404301,-0.857101],[0.462831,0.72271,-0.5133]]],"btipPosition":[70.2612,247.835,-3.21798],"carpPosition":[90.6976,259.615,56.0976],"dipPosition":[78.2389,260.292,-12.0656],"direction":[-0.552652,-0.824662,0.120453],"extended":false,"handId":685,"id":6854,"length":50.5107,"mcpPosition":[103.157,295.178,12.0251],"pipPosition":[89.0481,276.421,-14.4216],"stabilizedTipPosition":[46.9271,237.077,60.531],"timeVisible":4.66365,"tipPosition":[72.1573,250.608,-5.03351],"tipVelocity":[48.9498,58.0318,-82.2926],"tool":false,"touchDistance":0.333333,"touchZone":"none","type":4,"width":16.0574}],"r":[[0.98759,-0.136668,-0.0773861],[0.148997,0.971096,0.186472],[0.0496647,-0.195688,0.979408]],"s":0.760902,"t":[15.242,-19.8259,-44.6866],"timestamp":523532097155},false],[2,{"currentFrameRate":109.313,"devices":[],"gestures":[],"hands":[{"armBasis":[[0.94417,0.0692085,-0.322107],[0.0982198,0.874098,0.475715],[0.314477,-0.480793,0.8185]],"armWidth":63.72,"confidence":0.649875,"direction":[-0.0308629,0.727699,-0.685201],"elbow":[160.481,123.175,283.249],"grabStrength":0.311167,"id":685,"palmNormal":[-0.113166,-0.683664,-0.720969],"palmPosition":[65.8468,289.753,22.9274],"palmVelocity":[35.7075,36.4867,-52.398],"palmWidth":90.99,"pinchStrength":0.620396,"r":[[0.9878,-0.136344,-0.0752465],[0.148368,0.970759,0.188718],[0.0473156,-0.19758,0.979144]],"s":0.759803,"sphereCenter":[53.0563,273.752,-20.2079],"sphereRadius":45.7836,"stabilizedPalmPosition":[40.168,276.103,108.629],"t":[15.507,-19.6287,-45.0088],"timeVisible":4.67277,"type":"right","wrist":[75.5724,252.99,62.2543]}],"id":4258706,"interactionBox":{"center":[0,200,0],"size":[235.247,235.247,147.751]},"pointables":[{"bases":[[[0.494815,0.731237,0.469521],[-0.736584,0.0662458,0.673094],[0.461087,-0.678899,0.571397]],[[0.301627,0.922921,0.239244],[-0.752257,0.0762015,0.654448],[0.585773,-0.377372,0.717259]],[[0.301627,0.922921,0.239244],[-0.951908,0.277356,0.130173],[0.0537837,-0.267002,0.962194]],[[0.301627,0.922921,0.239244],[-0.776817,0.383379,-0.499575],[-0.55279,-0.0351639,0.832579]]],"btipPosition":[28.0076,273.456,-28.334],"carpPosition":[46.1446,244.692,59.7617],"dipPosition":[15.0704,272.633,-8.84866],"direction":[-0.0537837,0.267002,-0.962194],"extended":false,"handId":685,"id":6850,"length":52.1164,"mcpPosition":[46.1446,244.692,59.7617],"pipPosition":[16.9042,263.53,23.9579],"stabilizedTipPosition":[-3.22951,266.93,66.2568],"timeVisible":4.67277,"tipPosition":[24.3453,273.305,-23.3487],"tipVelocity":[57.0848,48.8772,-79.6601],"tool":false,"touchDistance":-0.459447,"touchZone":"hovering","type":0,"width":20.25},{"bases":[[[0.973816,0.0676771,-0.217028],[0.0826656,0.783892,0.615369],[0.211773,-0.617198,0.757773]],[[0.976072,0.0609307,-0.208737],[0.065005,0.83428,0.547496],[0.207505,-0.547964,0.810356]],[[0.976072,0.0609307,-0.208737],[-0.0607436,0.998127,0.00731277],[0.208792,0.00554167,0.977944]],[[0.976072,0.0609307,-0.208737],[-0.146658,0.893206,-0.425058],[0.160546,0.4455,0.880769]]],"btipPosition":[23.7522,326.604,-63.5569],"carpPosition":[56.0368,265.401,65.6928],"dipPosition":[26.4952,334.216,-48.5084],"direction":[-0.208792,-0.00554167,-0.977944],"extended":true,"handId":685,"id":6851,"length":58.8075,"mcpPosition":[40.4567,310.808,9.94376],"pipPosition":[31.5418,334.35,-24.8711],"stabilizedTipPosition":[12.807,314.92,-26.4975],"timeVisible":4.67277,"tipPosition":[24.6889,328.17,-59.2136],"tipVelocity":[43.4863,34.8049,-78.0384],"tool":false,"touchDistance":-0.462354,"touchZone":"hovering","type":1,"width":19.3428},{"bases":[[[0.965018,-0.150964,-0.214359],[0.25074,0.770308,0.586306],[0.0766118,-0.619545,0.781214]],[[0.966744,-0.167749,-0.193044],[0.00266712,0.761401,-0.648276],[0.255732,0.626202,0.736527]],[[0.966744,-0.167749,-0.193044],[-0.209275,-0.0850124,-0.974154],[0.147002,0.982157,-0.117291]],[[0.966744,-0.167749,-0.193044],[-0.251595,-0.48838,-0.835574],[0.0458879,0.856356,-0.514344]]],"btipPosition":[45.2006,236.943,-13.3534],"carpPosition":[67.9146,267.923,63.6503],"dipPosition":[46.063,253.035,-23.0189],"direction":[-0.147002,-0.982157,0.117291],"extended":false,"handId":685,"id":6852,"length":67.0064,"mcpPosition":[62.5696,311.148,9.14663],"pipPosition":[50.2432,280.964,-26.3543],"stabilizedTipPosition":[13.5578,226.251,71.5992],"timeVisible":4.67277,"tipPosition":[45.487,240.44,-14.8713],"tipVelocity":[43.134,51.5441,-88.1813],"tool":false,"touchDistance":0.333333,"touchZone":"none","type":2,"width":18.9972},{"bases":[[[0.944108,-0.298126,-0.140645],[0.32136,0.737411,0.594098],[-0.0734025,-0.60609,0.792002]],[[0.944812,-0.29189,-0.148766],[0.108948,0.70818,-0.697575],[0.308968,0.642869,0.700898]],[[0.944812,-0.29189,-0.148766],[-0.192765,-0.128132,-0.972843],[0.264901,0.94783,-0.177327]],[[0.944812,-0.29189,-0.148766],[-0.283237,-0.499556,-0.81867],[0.164645,0.815625,-0.554661]]],"btipPosition":[60.2535,235.026,-4.73441],"carpPosition":[79.8747,267.28,60.9168],"dipPosition":[63.3297,250.265,-15.0977],"direction":[-0.264901,-0.94783,0.177327],"extended":false,"handId":685,"id":6853,"length":64.4285,"mcpPosition":[84.4726,305.245,11.3058],"pipPosition":[70.668,276.522,-20.01],"stabilizedTipPosition":[33.8463,224.872,63.7536],"timeVisible":4.67277,"tipPosition":[60.9388,238.507,-6.7562],"tipVelocity":[43.5211,44.7541,-73.1927],"tool":false,"touchDistance":0.333333,"touchZone":"none","type":3,"width":18.077},{"bases":[[[0.863104,-0.483987,-0.14425],[0.456535,0.625602,0.632612],[-0.215933,-0.611865,0.760917]],[[0.826403,-0.561582,-0.0410295],[0.398948,0.635382,-0.661159],[0.397364,0.530015,0.749123]],[[0.826403,-0.561582,-0.0410295],[-0.100508,-0.0754226,-0.992073],[0.554036,0.823977,-0.118773]],[[0.826403,-0.561582,-0.0410295],[-0.317388,-0.40439,-0.857749],[0.465104,0.721869,-0.512429]]],"btipPosition":[70.5199,247.99,-3.55282],"carpPosition":[90.9026,259.81,55.9018],"dipPosition":[78.5368,260.432,-12.3855],"direction":[-0.554036,-0.823977,0.118773],"extended":false,"handId":685,"id":6854,"length":50.5107,"mcpPosition":[103.424,295.289,11.7799],"pipPosition":[89.373,276.548,-14.7085],"stabilizedTipPosition":[48.1738,237.752,57.2906],"timeVisible":4.67277,"tipPosition":[72.4202,250.746,-5.32715],"tipVelocity":[43.5125,46.5382,-69.5384],"tool":false,"touchDistance":0.333333,"touchZone":"none","type":4,"width":16.0574}],"r":[[0.9878,-0.136344,-0.0752465],[0.148368,0.970759,0.188718],[0.0473156,-0.19758,0.979144]],"s":0.759803,"t":[15.507,-19.6287,-45.0088],"timestamp":523532106272},false],[3,{"currentFrameRate":109.422,"devices":[],"gestures":[],"hands":[{"armBasis":[[0.944306,0.0703425,-0.321463],[0.0968134,0.874265,0.475698],[0.314506,-0.480326,0.818763]],"armWidth":63.72,"confidence":0.651224,"direction":[-0.0318418,0.723953,-0.689114],"elbow":[160.739,123.631,283.236],"grabStrength":0.298193,"id":685,"palmNormal":[-0.111645,-0.687725,-0.717335],"palmPosition":[66.0499,289.854,22.6418],"palmVelocity":[32.1561,29.5968,-46.8098],"palmWidth":90.99,"pinchStrength":0.620436,"r":[[0.988018,-0.135822,-0.0733024],[0.147505,0.970741,0.189484],[0.0454217,-0.198026,0.979144]],"s":0.758865,"sphereCenter":[53.4291,273.477,-20.4895],"sphereRadius":45.7884,"stabilizedPalmPosition":[41.1645,276.632,105.319],"t":[15.7411,-19.4797,-45.3128],"timeVisible":4.68171,"type":"right","wrist":[75.8229,253.319,62.1698]}],"id":4258707,"interactionBox":{"center":[0,200,0],"size":[235.247,235.247,147.751]},"pointables":[{"bases":[[[0.493321,0.734619,0.465799],[-0.736996,0.0685624,0.672411],[0.462029,-0.675007,0.575235]],[[0.299938,0.924698,0.23446],[-0.753167,0.0787025,0.653105],[0.585472,-0.372478,0.720057]],[[0.299938,0.924698,0.23446],[-0.952459,0.276504,0.127935],[0.0534717,-0.261686,0.963671]],[[0.299938,0.924698,0.23446],[-0.777798,0.37935,-0.501123],[-0.55233,-0.0320567,0.833009]]],"btipPosition":[28.2887,273.223,-28.5867],"carpPosition":[46.4108,244.957,59.7092],"dipPosition":[15.3622,272.472,-9.0913],"direction":[-0.0534717,0.261686,-0.963671],"extended":false,"handId":685,"id":6850,"length":52.1164,"mcpPosition":[46.4108,244.957,59.7092],"pipPosition":[17.1854,263.55,23.7656],"stabilizedTipPosition":[-1.80251,267.236,61.7397],"timeVisible":4.68171,"tipPosition":[24.6398,273.086,-23.6023],"tipVelocity":[50.153,28.9019,-65.5489],"tool":false,"touchDistance":-0.445591,"touchZone":"hovering","type":0,"width":20.25},{"bases":[[[0.973791,0.0682263,-0.216969],[0.081015,0.787331,0.611185],[0.212525,-0.612744,0.761169]],[[0.975912,0.0619626,-0.209182],[0.0619147,0.840736,0.537894],[0.209196,-0.537888,0.816648]],[[0.975912,0.0619626,-0.209182],[-0.0626284,0.998031,0.00344611],[0.208983,0.00973761,0.977871]],[[0.975912,0.0619626,-0.209182],[-0.147317,0.894376,-0.422361],[0.160916,0.443003,0.88196]]],"btipPosition":[23.8403,326.098,-64.2552],"carpPosition":[56.2639,265.714,65.5331],"dipPosition":[26.5897,333.667,-49.1864],"direction":[-0.208983,-0.00973761,-0.977871],"extended":true,"handId":685,"id":6851,"length":58.8075,"mcpPosition":[40.6285,310.794,9.53424],"pipPosition":[31.6409,333.903,-25.5509],"stabilizedTipPosition":[13.4426,315.624,-28.366],"timeVisible":4.68171,"tipPosition":[24.79,327.707,-59.8916],"tipVelocity":[34.3462,9.55474,-77.9079],"tool":false,"touchDistance":-0.454858,"touchZone":"hovering","type":1,"width":19.3428},{"bases":[[[0.965377,-0.150412,-0.21313],[0.249126,0.773887,0.582268],[0.0773581,-0.615204,0.784564]],[[0.967122,-0.167071,-0.191735],[0.00158767,0.757886,-0.652385],[0.254308,0.630631,0.733234]],[[0.967122,-0.167071,-0.191735],[-0.208716,-0.0906711,-0.973764],[0.145303,0.981767,-0.12256]],[[0.967122,-0.167071,-0.191735],[-0.250375,-0.493353,-0.833015],[0.0445793,0.853633,-0.518963]]],"btipPosition":[45.5137,236.812,-13.3598],"carpPosition":[68.1382,268.247,63.4823],"dipPosition":[46.3514,252.854,-23.1122],"direction":[-0.145303,-0.981767,0.12256],"extended":false,"handId":685,"id":6852,"length":67.0064,"mcpPosition":[62.7411,311.168,8.74482],"pipPosition":[50.4833,280.772,-26.5973],"stabilizedTipPosition":[14.5445,226.689,68.9229],"timeVisible":4.68171,"tipPosition":[45.7936,240.303,-14.902],"tipVelocity":[40.7396,33.1166,-64.9016],"tool":false,"touchDistance":0.333333,"touchZone":"none","type":2,"width":18.9972},{"bases":[[[0.944693,-0.297213,-0.138635],[0.3198,0.741157,0.590266],[-0.0726845,-0.601956,0.795215]],[[0.945381,-0.291095,-0.14669],[0.108465,0.705294,-0.700569],[0.307391,0.646394,0.698345]],[[0.945381,-0.291095,-0.14669],[-0.191755,-0.132729,-0.972426],[0.263598,0.947442,-0.181298]],[[0.945381,-0.291095,-0.14669],[-0.281837,-0.503852,-0.816518],[0.163774,0.813263,-0.558374]]],"btipPosition":[60.5572,234.994,-4.80166],"carpPosition":[80.1005,267.609,60.7574],"dipPosition":[63.6172,250.189,-15.2343],"direction":[-0.263598,-0.947442,0.181298],"extended":false,"handId":685,"id":6853,"length":64.4285,"mcpPosition":[84.6535,305.316,10.9451],"pipPosition":[70.9194,276.435,-20.2566],"stabilizedTipPosition":[34.8352,225.363,61.1941],"timeVisible":4.68171,"tipPosition":[61.2422,238.458,-6.82585],"tipVelocity":[40.7949,31.2511,-55.7423],"tool":false,"touchDistance":0.333333,"touchZone":"none","type":3,"width":18.077},{"bases":[[[0.864018,-0.483233,-0.141276],[0.455155,0.629795,0.629438],[-0.21519,-0.608149,0.7641]],[[0.826922,-0.56113,-0.0365103],[0.401168,0.634196,-0.660954],[0.394036,0.53191,0.749538]],[[0.826922,-0.56113,-0.0365103],[-0.0965785,-0.0777615,-0.992283],[0.553961,0.824067,-0.118496]],[[0.826922,-0.56113,-0.0365103],[-0.314343,-0.40745,-0.857422],[0.466249,0.720498,-0.513316]]],"btipPosition":[70.8174,248.051,-3.85666],"carpPosition":[91.1438,260.133,55.7873],"dipPosition":[78.8541,260.471,-12.7046],"direction":[-0.553961,-0.824067,0.118496],"extended":false,"handId":685,"id":6854,"length":50.5107,"mcpPosition":[103.622,295.396,11.4808],"pipPosition":[89.6889,276.588,-15.0222],"stabilizedTipPosition":[49.2809,238.347,54.4346],"timeVisible":4.68171,"tipPosition":[72.7143,250.777,-5.56503],"tipVelocity":[40.8543,35.5494,-59.9313],"tool":false,"touchDistance":0.333333,"touchZone":"none","type":4,"width":16.0574}],"r":[[0.988018,-0.135822,-0.0733024],[0.147505,0.970741,0.189484],[0.0454217,-0.198026,0.979144]],"s":0.758865,"t":[15.7411,-19.4797,-45.3128],"timestamp":523532115216},false],[4,{"currentFrameRate":109.391,"devices":[],"gestures":[],"hands":[{"armBasis":[[0.941576,0.0688323,-0.329693],[0.100223,0.877287,0.469385],[0.321544,-0.475004,0.819134]],"armWidth":63.72,"confidence":0.657661,"direction":[-0.0297599,0.722759,-0.69046],"elbow":[162.758,125.519,282.654],"grabStrength":0.285774,"id":685,"palmNormal":[-0.114907,-0.68866,-0.715922],"palmPosition":[66.269,290.267,21.8997],"palmVelocity":[29.8274,33.87,-56.2845],"palmWidth":90.99,"pinchStrength":0.616461,"r":[[0.988074,-0.136177,-0.0718788],[0.147581,0.970688,0.189698],[0.0439394,-0.198043,0.979208]],"s":0.75842,"sphereCenter":[53.7121,273.731,-21.2765],"sphereRadius":45.81,"stabilizedPalmPosition":[42.0549,277.116,102.36],"t":[15.9677,-19.1988,-45.8358],"timeVisible":4.69091,"type":"right","wrist":[75.9413,253.771,61.488]}],"id":4258708,"interactionBox":{"center":[0,200,0],"size":[235.247,235.247,147.751]},"pointables":[{"bases":[[[0.496522,0.733637,0.463943],[-0.736102,0.072616,0.672964],[0.460022,-0.67565,0.576087]],[[0.303958,0.923806,0.232792],[-0.752721,0.0830961,0.653075],[0.58397,-0.373734,0.720626]],[[0.303958,0.923806,0.232792],[-0.951152,0.280409,0.129155],[0.0540369,-0.260678,0.963912]],[[0.303958,0.923806,0.232792],[-0.780589,0.381584,-0.49505],[-0.54616,-0.0312405,0.837098]]],"btipPosition":[28.2849,273.789,-29.3576],"carpPosition":[46.4956,245.514,59.0706],"dipPosition":[15.5028,273.058,-9.76646],"direction":[-0.0540369,0.260678,-0.963912],"extended":false,"handId":685,"id":6850,"length":52.1164,"mcpPosition":[46.4956,245.514,59.0706],"pipPosition":[17.3453,264.17,23.0987],"stabilizedTipPosition":[-0.578101,267.524,57.8342],"timeVisible":4.69091,"tipPosition":[24.736,273.623,-24.3458],"tipVelocity":[37.0213,38.1858,-69.9883],"tool":false,"touchDistance":-0.440598,"touchZone":"hovering","type":0,"width":20.25},{"bases":[[[0.973838,0.0641432,-0.218004],[0.0845537,0.788178,0.609611],[0.210929,-0.612095,0.762134]],[[0.975823,0.0582476,-0.210657],[0.0643999,0.844416,0.531803],[0.208859,-0.532512,0.820249]],[[0.975823,0.0582476,-0.210657],[-0.0587967,0.998263,0.00366093],[0.210505,0.00881353,0.977553]],[[0.975823,0.0582476,-0.210657],[-0.143449,0.897872,-0.416231],[0.164899,0.436387,0.88452]]],"btipPosition":[24.036,326.486,-65.2043],"carpPosition":[56.4324,266.246,64.8459],"dipPosition":[26.8534,333.942,-50.0917],"direction":[-0.210505,-0.00881353,-0.977553],"extended":true,"handId":685,"id":6851,"length":58.8075,"mcpPosition":[40.9144,311.277,8.77601],"pipPosition":[31.9413,334.155,-26.4639],"stabilizedTipPosition":[13.919,316.157,-29.7797],"timeVisible":4.69091,"tipPosition":[25.0104,328.095,-60.8201],"tipVelocity":[31.1655,17.8871,-84.6722],"tool":false,"touchDistance":-0.45179,"touchZone":"hovering","type":1,"width":19.3428},{"bases":[[[0.964603,-0.154454,-0.213741],[0.252586,0.774046,0.580563],[0.075775,-0.614001,0.78566]],[[0.966309,-0.171126,-0.192255],[0.00374429,0.756227,-0.654299],[0.257356,0.631535,0.73139]],[[0.966309,-0.171126,-0.192255],[-0.210021,-0.0924483,-0.973316],[0.148787,0.980902,-0.125274]],[[0.966309,-0.171126,-0.192255],[-0.253014,-0.494506,-0.831533],[0.0472261,0.852162,-0.521143]]],"btipPosition":[45.5044,237.219,-13.9323],"carpPosition":[68.3142,268.729,62.7792],"dipPosition":[46.3919,253.233,-23.7256],"direction":[-0.148787,-0.980902,0.125274],"extended":false,"handId":685,"id":6852,"length":67.0064,"mcpPosition":[63.0275,311.567,7.96531],"pipPosition":[50.6228,281.127,-27.288],"stabilizedTipPosition":[15.4308,227.093,66.5025],"timeVisible":4.69091,"tipPosition":[45.7911,240.718,-15.5242],"tipVelocity":[29.4124,36.0469,-64.4463],"tool":false,"touchDistance":0.333333,"touchZone":"none","type":2,"width":18.9972},{"bases":[[[0.943436,-0.301034,-0.138948],[0.323144,0.741065,0.588558],[-0.0742065,-0.600167,0.796425]],[[0.944156,-0.294787,-0.147209],[0.110664,0.704508,-0.701015],[0.31036,0.645576,0.697788]],[[0.944156,-0.294787,-0.147209],[-0.19294,-0.13245,-0.97223],[0.267103,0.946339,-0.18193]],[[0.944156,-0.294787,-0.147209],[-0.28439,-0.503414,-0.815903],[0.166411,0.812204,-0.559135]]],"btipPosition":[60.5445,235.401,-5.53379],"carpPosition":[80.2715,268.042,60.0444],"dipPosition":[63.6537,250.577,-15.9807],"direction":[-0.267103,-0.946339,0.18193],"extended":false,"handId":685,"id":6853,"length":64.4285,"mcpPosition":[84.9198,305.636,10.1564],"pipPosition":[71.053,276.792,-21.0205],"stabilizedTipPosition":[35.7066,225.81,58.9144],"timeVisible":4.69091,"tipPosition":[61.2416,238.853,-7.54181],"tipVelocity":[29.3443,34.7534,-62.5156],"tool":false,"touchDistance":0.333333,"touchZone":"none","type":3,"width":18.077},{"bases":[[[0.862058,-0.486754,-0.141161],[0.458114,0.629268,0.627816],[-0.216764,-0.605882,0.765454]],[[0.824436,-0.564845,-0.0354355],[0.40472,0.632172,-0.660727],[0.39561,0.530385,0.749789]],[[0.824436,-0.564845,-0.0354355],[-0.0959585,-0.0778047,-0.99234],[0.557761,0.821521,-0.118347]],[[0.824436,-0.564845,-0.0354355],[-0.315656,-0.40695,-0.857177],[0.469752,0.717873,-0.513801]]],"btipPosition":[70.8564,248.45,-4.64767],"carpPosition":[91.2819,260.514,55.0783],"dipPosition":[78.9534,260.824,-13.504],"direction":[-0.557761,-0.821521,0.118347],"extended":false,"handId":685,"id":6854,"length":50.5107,"mcpPosition":[103.851,295.646,10.6933],"pipPosition":[89.8625,276.892,-15.8187],"stabilizedTipPosition":[50.2279,238.87,51.9653],"timeVisible":4.69091,"tipPosition":[72.7626,251.153,-6.33063],"tipVelocity":[31.0347,37.4189,-67.2822],"tool":false,"touchDistance":0.333333,"touchZone":"none","type":4,"width":16.0574}],"r":[[0.988074,-0.136177,-0.0718788],[0.147581,0.970688,0.189698],[0.0439394,-0.198043,0.979208]],"s":0.75842,"t":[15.9677,-19.1988,-45.8358],"timestamp":523532124413},false],[5,{"currentFrameRate":109.533,"devices":[],"gestures":[],"hands":[{"armBasis":[[0.940027,0.0674131,-0.334372],[0.102384,0.879311,0.465112],[0.325372,-0.471452,0.819674]],"armWidth":63.72,"confidence":0.66041,"direction":[-0.028594,0.721841,-0.691467],"elbow":[163.889,126.769,282.308],"grabStrength":0.273491,"id":685,"palmNormal":[-0.117025,-0.689411,-0.714855],"palmPosition":[66.422,290.523,21.3625],"palmVelocity":[26.4092,32.5151,-57.4343],"palmWidth":90.99,"pinchStrength":0.610246,"r":[[0.988043,-0.136939,-0.0708453],[0.148119,0.970631,0.189571],[0.0428049,-0.197798,0.979308]],"s":0.758468,"sphereCenter":[54.0169,273.817,-21.8876],"sphereRadius":45.8395,"stabilizedPalmPosition":[42.7866,277.518,99.9276],"t":[16.1575,-18.9302,-46.3659],"timeVisible":4.69979,"type":"right","wrist":[76.0388,254.061,60.9957]}],"id":4258709,"interactionBox":{"center":[0,200,0],"size":[235.247,235.247,147.751]},"pointables":[{"bases":[[[0.498558,0.733146,0.462534],[-0.735438,0.0752777,0.673397],[0.45888,-0.675892,0.576714]],[[0.306792,0.923102,0.231865],[-0.752614,0.0861597,0.6528],[0.582624,-0.374779,0.721173]],[[0.306792,0.923102,0.231865],[-0.950167,0.282882,0.131],[0.0553361,-0.2605,0.963887]],[[0.306792,0.923102,0.231865],[-0.786745,0.383056,-0.484045],[-0.535641,-0.0339176,0.843765]]],"btipPosition":[28.1384,274.253,-29.999],"carpPosition":[46.5724,245.869,58.6116],"dipPosition":[15.6025,273.459,-10.2519],"direction":[-0.0553361,0.2605,-0.963887],"extended":false,"handId":685,"id":6850,"length":52.1164,"mcpPosition":[46.5724,245.869,58.6116],"pipPosition":[17.4892,264.577,22.6124],"stabilizedTipPosition":[0.391201,267.77,54.709],"timeVisible":4.69979,"tipPosition":[24.7505,274.014,-24.9365],"tipVelocity":[24.2255,41.5663,-69.51],"tool":false,"touchDistance":-0.433955,"touchZone":"hovering","type":0,"width":20.25},{"bases":[[[0.973823,0.0615786,-0.218806],[0.0868238,0.788848,0.608425],[0.210071,-0.611496,0.762852]],[[0.975681,0.0560525,-0.211907],[0.0655727,0.84784,0.526183],[0.209157,-0.527282,0.823546]],[[0.975681,0.0560525,-0.211907],[-0.0564121,0.998398,0.00435307],[0.211811,0.00770689,0.97728]],[[0.975681,0.0560525,-0.211907],[-0.140773,0.901263,-0.409766],[0.168015,0.429631,0.887236]]],"btipPosition":[24.1303,326.7,-65.9343],"carpPosition":[56.5612,266.586,64.3501],"dipPosition":[27.001,334.04,-50.7754],"direction":[-0.211811,-0.00770689,-0.97728],"extended":true,"handId":685,"id":6851,"length":58.8075,"mcpPosition":[41.1064,311.573,8.22739],"pipPosition":[32.1205,334.227,-27.1541],"stabilizedTipPosition":[14.2549,316.535,-30.7891],"timeVisible":4.69979,"tipPosition":[25.1265,328.306,-61.5292],"tipVelocity":[25.9678,18.7547,-83.6886],"tool":false,"touchDistance":-0.445735,"touchZone":"hovering","type":1,"width":19.3428},{"bases":[[[0.964086,-0.156991,-0.214225],[0.254801,0.774285,0.579274],[0.0749304,-0.613055,0.786479]],[[0.965771,-0.173648,-0.192701],[0.00500859,0.755224,-0.655448],[0.259349,0.632047,0.730242]],[[0.965771,-0.173648,-0.192701],[-0.210954,-0.0934788,-0.973016],[0.150948,0.980361,-0.126911]],[[0.965771,-0.173648,-0.192701],[-0.254766,-0.495212,-0.830578],[0.0487999,0.851241,-0.522501]]],"btipPosition":[45.5093,237.471,-14.3701],"carpPosition":[68.4473,269.039,62.2712],"dipPosition":[46.4264,253.468,-24.189],"direction":[-0.150948,-0.980361,0.126911],"extended":false,"handId":685,"id":6852,"length":67.0064,"mcpPosition":[63.2195,311.811,7.40014],"pipPosition":[50.7188,281.346,-27.7978],"stabilizedTipPosition":[16.1644,227.433,64.4889],"timeVisible":4.69979,"tipPosition":[45.8014,240.969,-15.9798],"tipVelocity":[21.7884,33.8446,-60.5224],"tool":false,"touchDistance":0.333333,"touchZone":"none","type":2,"width":18.9972},{"bases":[[[0.942635,-0.303415,-0.139207],[0.325288,0.741153,0.587265],[-0.0750108,-0.598859,0.797334]],[[0.943389,-0.29694,-0.147797],[0.112173,0.704954,-0.700326],[0.312145,0.644101,0.698355]],[[0.943389,-0.29694,-0.147797],[-0.193628,-0.131239,-0.972257],[0.269305,0.945835,-0.181305]],[[0.943389,-0.29694,-0.147797],[-0.286032,-0.502699,-0.815769],[0.167937,0.811862,-0.559175]]],"btipPosition":[60.5551,235.684,-6.1484],"carpPosition":[80.401,268.32,59.5287],"dipPosition":[63.6929,250.853,-16.596],"direction":[-0.269305,-0.945835,0.181305],"extended":false,"handId":685,"id":6853,"length":64.4285,"mcpPosition":[85.0996,305.833,9.58367],"pipPosition":[71.1531,277.054,-21.6185],"stabilizedTipPosition":[36.4022,226.173,57.079],"timeVisible":4.69979,"tipPosition":[61.2581,239.117,-8.12075],"tipVelocity":[21.9062,33.9185,-64.3466],"tool":false,"touchDistance":0.333333,"touchZone":"none","type":3,"width":18.077},{"bases":[[[0.860826,-0.488948,-0.141096],[0.460029,0.629099,0.626584],[-0.217604,-0.604288,0.766476]],[[0.822809,-0.567267,-0.0345501],[0.406916,0.630481,-0.660994],[0.396744,0.529813,0.749595]],[[0.822809,-0.567267,-0.0345501],[-0.0957038,-0.0783779,-0.992319],[0.560202,0.819796,-0.11878]],[[0.822809,-0.567267,-0.0345501],[-0.316595,-0.40703,-0.856793],[0.471968,0.715915,-0.514502]]],"btipPosition":[70.8874,248.691,-5.19252],"carpPosition":[91.3903,260.76,54.5652],"dipPosition":[79.0226,261.032,-14.0609],"direction":[-0.560202,-0.819796,0.11878],"extended":false,"handId":685,"id":6854,"length":50.5107,"mcpPosition":[104.008,295.799,10.121],"pipPosition":[89.9795,277.066,-16.3841],"stabilizedTipPosition":[50.9706,239.287,50.0137],"timeVisible":4.69979,"tipPosition":[72.8019,251.379,-6.86818],"tipVelocity":[23.8304,34.3982,-65.7667],"tool":false,"touchDistance":0.333333,"touchZone":"none","type":4,"width":16.0574}],"r":[[0.988043,-0.136939,-0.0708453],[0.148119,0.970631,0.189571],[0.0428049,-0.197798,0.979308]],"s":0.758468,"t":[16.1575,-18.9302,-46.3659],"timestamp":523532133289},false],[6,{"currentFrameRate":109.342,"devices":[],"gestures":[],"hands":[{"armBasis":[[0.939968,0.0653187,-0.334954],[0.103707,0.880419,0.462718],[0.325124,-0.469677,0.820791]],"armWidth":63.72,"confidence":0.664686,"direction":[-0.0281788,0.720205,-0.693189],"elbow":[163.911,127.418,282.309],"grabStrength":0.260748,"id":685,"palmNormal":[-0.118297,-0.690994,-0.713115],"palmPosition":[66.5283,290.609,20.98],"palmVelocity":[22.0444,25.7728,-52.5196],"palmWidth":90.99,"pinchStrength":0.60353,"r":[[0.987975,-0.137817,-0.0700775],[0.148804,0.97064,0.188983],[0.041975,-0.197138,0.979477]],"s":0.758955,"sphereCenter":[54.3267,273.667,-22.3347],"sphereRadius":45.8757,"stabilizedPalmPosition":[43.4252,277.871,97.8039],"t":[16.3055,-18.7531,-46.8222],"timeVisible":4.70927,"type":"right","wrist":[76.1272,254.231,60.695]}],"id":4258710,"interactionBox":{"center":[0,200,0],"size":[235.247,235.247,147.751]},"pointables":[{"bases":[[[0.499721,0.733667,0.460447],[-0.73492,0.0777745,0.67368],[0.458446,-0.675043,0.578052]],[[0.308587,0.922949,0.230086],[-0.75296,0.0892134,0.651991],[0.581227,-0.374441,0.722474]],[[0.308587,0.922949,0.230086],[-0.949504,0.284466,0.132371],[0.0567205,-0.259316,0.964126]],[[0.308587,0.922949,0.230086],[-0.794269,0.383117,-0.471548],[-0.523365,-0.0372369,0.851295]]],"btipPosition":[27.9507,274.473,-30.5106],"carpPosition":[46.6495,246.069,58.3494],"dipPosition":[15.7021,273.601,-10.5872],"direction":[-0.0567205,0.259316,-0.964126],"extended":false,"handId":685,"id":6850,"length":52.1164,"mcpPosition":[46.6495,246.069,58.3494],"pipPosition":[17.636,264.76,22.2852],"stabilizedTipPosition":[1.20335,267.983,52.0621],"timeVisible":4.70927,"tipPosition":[24.7314,274.155,-25.3847],"tipVelocity":[13.5915,35.7402,-63.809],"tool":false,"touchDistance":-0.425959,"touchZone":"hovering","type":0,"width":20.25},{"bases":[[[0.973756,0.0598949,-0.219572],[0.0881461,0.79021,0.606464],[0.209832,-0.609903,0.764192]],[[0.975505,0.0547057,-0.213064],[0.0657921,0.851688,0.519903],[0.209906,-0.521186,0.827227]],[[0.975505,0.0547057,-0.213064],[-0.0550005,0.998476,0.00454841],[0.212989,0.00728165,0.977028]],[[0.975505,0.0547057,-0.213064],[-0.138866,0.904338,-0.403594],[0.170603,0.423296,0.889784]]],"btipPosition":[24.1484,326.641,-66.5471],"carpPosition":[56.6666,266.787,64.0315],"dipPosition":[27.0632,333.873,-51.3446],"direction":[-0.212989,-0.00728165,-0.977028],"extended":true,"handId":685,"id":6851,"length":58.8075,"mcpPosition":[41.2293,311.657,7.81022],"pipPosition":[32.2113,334.049,-27.7294],"stabilizedTipPosition":[14.5023,316.81,-31.5446],"timeVisible":4.70927,"tipPosition":[25.1626,328.234,-62.1226],"tipVelocity":[19.3664,10.8191,-77.9024],"tool":false,"touchDistance":-0.438536,"touchZone":"hovering","type":1,"width":19.3428},{"bases":[[[0.963763,-0.158651,-0.214456],[0.256088,0.775377,0.577243],[0.0747046,-0.611245,0.787908]],[[0.965441,-0.175256,-0.192896],[0.00548486,0.753636,-0.657269],[0.260564,0.633496,0.728553]],[[0.965441,-0.175256,-0.192896],[-0.211686,-0.0955722,-0.972654],[0.152028,0.979873,-0.129369]],[[0.965441,-0.175256,-0.192896],[-0.255882,-0.496909,-0.82922],[0.0494744,0.849921,-0.524582]]],"btipPosition":[45.53,237.496,-14.6114],"carpPosition":[68.5542,269.221,61.9392],"dipPosition":[46.4598,253.468,-24.4694],"direction":[-0.152028,-0.979873,0.129369],"extended":false,"handId":685,"id":6852,"length":67.0064,"mcpPosition":[63.3422,311.866,6.96838],"pipPosition":[50.7829,281.332,-28.1481],"stabilizedTipPosition":[16.8059,227.731,62.7244],"timeVisible":4.70927,"tipPosition":[45.8251,240.99,-16.2309],"tipVelocity":[16.2487,24.6987,-50.7217],"tool":false,"touchDistance":0.333333,"touchZone":"none","type":2,"width":18.9972},{"bases":[[[0.942186,-0.304868,-0.139072],[0.326541,0.742181,0.585268],[-0.0752128,-0.596844,0.798824]],[[0.942979,-0.298069,-0.148137],[0.112534,0.704345,-0.700881],[0.31325,0.644245,0.697726]],[[0.942979,-0.298069,-0.148137],[-0.19437,-0.131826,-0.97203],[0.270204,0.945398,-0.182245]],[[0.942979,-0.298069,-0.148137],[-0.287152,-0.503436,-0.814921],[0.168326,0.810992,-0.560321]]],"btipPosition":[60.5905,235.741,-6.50409],"carpPosition":[80.5052,268.481,59.1908],"dipPosition":[63.7355,250.894,-16.9731],"direction":[-0.270204,-0.945398,0.182245],"extended":false,"handId":685,"id":6853,"length":64.4285,"mcpPosition":[85.2166,305.868,9.15247],"pipPosition":[71.2207,277.083,-22.0217],"stabilizedTipPosition":[36.9892,226.481,55.5239],"timeVisible":4.70927,"tipPosition":[61.292,239.162,-8.46258],"tipVelocity":[16.7378,25.7915,-56.7863],"tool":false,"touchDistance":0.333333,"touchZone":"none","type":3,"width":18.077},{"bases":[[[0.860156,-0.490308,-0.140461],[0.461173,0.630062,0.624772],[-0.217832,-0.602179,0.768069]],[[0.821642,-0.56907,-0.0326034],[0.409137,0.628618,-0.661398],[0.396877,0.530093,0.749326]],[[0.821642,-0.56907,-0.0326034],[-0.0946388,-0.0797908,-0.992309],[0.562092,0.818408,-0.119416]],[[0.821642,-0.56907,-0.0326034],[-0.316654,-0.40814,-0.856243],[0.473956,0.713849,-0.515543]]],"btipPosition":[70.9168,248.758,-5.57162],"carpPosition":[91.4824,260.896,54.2387],"dipPosition":[79.0863,261.063,-14.4579],"direction":[-0.562092,-0.818408,0.119416],"extended":false,"handId":685,"id":6854,"length":50.5107,"mcpPosition":[104.113,295.813,9.70202],"pipPosition":[90.0801,277.07,-16.7936],"stabilizedTipPosition":[51.5872,239.635,48.3856],"timeVisible":4.70927,"tipPosition":[72.84,251.427,-7.23341],"tipVelocity":[18.118,26.2952,-58.4831],"tool":false,"touchDistance":0.333333,"touchZone":"none","type":4,"width":16.0574}],"r":[[0.987975,-0.137817,-0.0700775],[0.148804,0.97064,0.188983],[0.041975,-0.197138,0.979477]],"s":0.758955,"t":[