{"sensorType":"Leap","data":[[0,{"currentFrameRate":107.844,"devices":[],"gestures":[],"hands":[{"armBasis":[[0.959588,0.0117079,-0.281164],[0.154088,0.814179,0.559794],[0.235472,-0.580495,0.779473]],"armWidth":63.72,"confidence":0.67048,"direction":[0.00366439,0.705042,-0.709156],"elbow":[144.683,88.073,271.992],"grabStrength":0,"id":685,"palmNormal":[-0.155916,-0.700085,-0.696829],"palmPosition":[73.1008,280.717,21.048],"palmVelocity":[1.17308,11.3995,-335.241],"palmWidth":90.99,"pinchStrength":0.631972,"r":[[0.979153,-0.190716,-0.0699065],[0.20058,0.962121,0.184636],[0.0320455,-0.194809,0.980318]],"s":0.845839,"sphereCenter":[62.1584,265.144,-21.9112],"sphereRadius":47.1829,"stabilizedPalmPosition":[74.6618,278.243,65.0757],"t":[22.9408,-28.4402,-44.3988],"timeVisible":11.1443,"type":"right","wrist":[81.1059,244.807,61.5343]}],"id":4259404,"interactionBox":{"center":[0,200,0],"size":[235.247,235.247,147.751]},"pointables":[{"bases":[[[0.537644,0.718231,0.441681],[-0.726648,0.128975,0.674795],[0.427693,-0.683746,0.591244]],[[0.382098,0.89216,0.240939],[-0.743558,0.141989,0.653423],[0.548747,-0.428824,0.717626]],[[0.382098,0.89216,0.240939],[-0.922553,0.353069,0.155687],[0.0538299,-0.281767,0.957972]],[[0.382098,0.89216,0.240939],[-0.616488,0.440312,-0.652739],[-0.688436,0.100874,0.718248]]],"btipPosition":[38.1346,266.71,-25.7984],"carpPosition":[51.2502,238.058,59.496],"dipPosition":[22.0228,269.071,-8.98881],"direction":[-0.0538299,0.281767,-0.957972],"extended":false,"handId":685,"id":6850,"length":52.1164,"mcpPosition":[51.2502,238.058,59.496],"pipPosition":[23.8581,259.464,23.6738],"stabilizedTipPosition":[37.5308,269.026,20.5519],"timeVisible":11.1443,"tipPosition":[34.5527,267.682,-21.1457],"tipVelocity":[4.51115,-44.8496,-346.447],"tool":false,"touchDistance":-0.670736,"touchZone":"touching","type":0,"width":20.25},{"bases":[[[0.974356,0.00686132,-0.224907],[0.130125,0.798259,0.588091],[0.183569,-0.602276,0.776895]],[[0.987396,-0.0504363,-0.150018],[0.12645,0.821435,0.556107],[0.0951818,-0.568068,0.817459]],[[0.987396,-0.0504363,-0.150018],[0.0994664,0.935037,0.340313],[0.123108,-0.350945,0.928268]],[[0.987396,-0.0504363,-0.150018],[0.0738049,0.985226,0.154539],[0.140007,-0.163663,0.976531]]],"btipPosition":[39.3428,338.373,-66.73],"carpPosition":[62.3048,258.379,64.6671],"dipPosition":[41.7349,335.576,-50.0454],"direction":[-0.123108,0.350945,-0.928268],"extended":true,"handId":685,"id":6851,"length":58.8075,"mcpPosition":[48.7997,302.688,7.51123],"pipPosition":[44.7105,327.094,-27.6088],"stabilizedTipPosition":[45.4008,342.235,-6.26061],"timeVisible":11.1443,"tipPosition":[39.4497,337.576,-62.8911],"tipVelocity":[-9.9078,-41.5814,-368.343],"tool":false,"touchDistance":-0.698689,"touchZone":"touching","type":1,"width":19.3428},{"bases":[[[0.953644,-0.210756,-0.214815],[0.296977,0.77451,0.558515],[0.048666,-0.596419,0.801196]],[[0.954409,-0.222294,-0.199222],[0.0366774,0.749677,-0.660787],[0.296241,0.623354,0.723651]],[[0.954409,-0.222294,-0.199222],[-0.253414,-0.250677,-0.934314],[0.157752,0.942203,-0.295581]],[[0.954409,-0.222294,-0.199222],[-0.298198,-0.679867,-0.669969],[0.0134856,0.698832,-0.715158]]],"btipPosition":[51.873,231.816,-6.46263],"carpPosition":[74.2866,260.176,62.471],"dipPosition":[52.1265,244.948,-19.9019],"direction":[-0.157752,-0.942203,0.295581],"extended":false,"handId":685,"id":6852,"length":67.0064,"mcpPosition":[70.8913,301.787,6.57314],"pipPosition":[56.6124,271.741,-28.3071],"stabilizedTipPosition":[50.4693,239.249,29.4951],"timeVisible":11.1443,"tipPosition":[52.1275,234.675,-8.42694],"tipVelocity":[-9.55593,3.50605,-341.257],"tool":false,"touchDistance":0.333333,"touchZone":"none","type":2,"width":18.9972},{"bases":[[[0.925292,-0.354009,-0.136059],[0.365752,0.738066,0.566996],[-0.100301,-0.574401,0.812406]],[[0.928661,-0.329835,-0.169701],[0.129936,0.71778,-0.684038],[0.347427,0.613189,0.709432]],[[0.928661,-0.329835,-0.169701],[-0.260212,-0.253248,-0.931749],[0.264347,0.909437,-0.321008]],[[0.928661,-0.329835,-0.169701],[-0.355185,-0.65884,-0.663154],[0.106926,0.676121,-0.728991]]],"btipPosition":[67.6114,229.544,-0.382704],"carpPosition":[86.1722,258.786,59.6905],"dipPosition":[69.6092,242.177,-14.0032],"direction":[-0.264347,-0.909437,0.321008],"extended":false,"handId":685,"id":6853,"length":64.4285,"mcpPosition":[92.4551,294.767,8.80138],"pipPosition":[76.9321,267.37,-22.8957],"stabilizedTipPosition":[65.9066,233.788,39.1632],"timeVisible":11.1443,"tipPosition":[68.1755,232.336,-2.38574],"tipVelocity":[-5.64367,5.82669,-339.22],"tool":false,"touchDistance":0.333333,"touchZone":"none","type":3,"width":18.077},{"bases":[[[0.834227,-0.535162,-0.132919],[0.494908,0.620354,0.608463],[-0.243169,-0.573379,0.782372]],[[0.780855,-0.624709,0.00178996],[0.471242,0.587143,-0.658175],[0.410117,0.514783,0.752863]],[[0.780855,-0.624709,0.00178996],[-0.172927,-0.218902,-0.960301],[0.600301,0.749547,-0.27896]],[[0.780855,-0.624709,0.00178996],[-0.440889,-0.553115,-0.706881],[0.442585,0.551183,-0.70733]]],"btipPosition":[76.9654,241.444,0.527085],"carpPosition":[96.7365,250.56,54.8654],"dipPosition":[84.5941,250.945,-11.665],"direction":[-0.600301,-0.749547,0.27896],"extended":false,"handId":685,"id":6854,"length":50.5107,"mcpPosition":[110.837,283.808,9.49947],"pipPosition":[96.3353,265.605,-17.1212],"stabilizedTipPosition":[77.423,242.541,43.6358],"timeVisible":11.1443,"tipPosition":[78.7655,243.547,-1.53665],"tipVelocity":[-1.90404,1.00552,-327.09],"tool":false,"touchDistance":0.333333,"touchZone":"none","type":4,"width":16.0574}],"r":[[0.979153,-0.190716,-0.0699065],[0.20058,0.962121,0.184636],[0.0320455,-0.194809,0.980318]],"s":0.845839,"t":[22.9408,-28.4402,-44.3988],"timestamp":523538577800},false],[1,{"currentFrameRate":108.015,"devices":[],"gestures":[],"hands":[{"armBasis":[[0.960167,0.0142135,-0.279066],[0.148938,0.818981,0.554154],[0.236427,-0.573644,0.784242]],"armWidth":63.72,"confidence":0.663588,"direction":[0.00757514,0.711501,-0.702645],"elbow":[144.785,90.1431,270.633],"grabStrength":0,"id":685,"palmNormal":[-0.150335,-0.693868,-0.704234],"palmPosition":[73.1738,281.296,18.6783],"palmVelocity":[3.08223,25.9767,-315.992],"palmWidth":90.99,"pinchStrength":0.646916,"r":[[0.979281,-0.190424,-0.0688976],[0.200023,0.962672,0.182352],[0.0316016,-0.192355,0.980816]],"s":0.84314,"sphereCenter":[62.7672,265.999,-24.5862],"sphereRadius":47.1508,"stabilizedPalmPosition":[74.6618,278.243,65.0756],"t":[23.0199,-28.1643,-46.9895],"timeVisible":11.1532,"type":"right","wrist":[80.9501,245.027,58.8881]}],"id":4259405,"interactionBox":{"center":[0,200,0],"size":[235.247,235.247,147.751]},"pointables":[{"bases":[[[0.533754,0.714799,0.451851],[-0.731349,0.121939,0.671014],[0.424542,-0.688617,0.587853]],[[0.377415,0.891862,0.249278],[-0.750713,0.137054,0.646256],[0.542207,-0.431043,0.721258]],[[0.377415,0.891862,0.249278],[-0.924768,0.348856,0.152001],[0.048602,-0.287892,0.956429]],[[0.377415,0.891862,0.249278],[-0.614289,0.442551,-0.653297],[-0.69297,0.0934357,0.714887]]],"btipPosition":[38.6125,267.408,-28.7581],"carpPosition":[51.1173,238.262,56.5863],"dipPosition":[22.3945,269.594,-12.0272],"direction":[-0.048602,0.287892,-0.956429],"extended":false,"handId":685,"id":6850,"length":52.1164,"mcpPosition":[51.1173,238.262,56.5863],"pipPosition":[24.0516,259.779,20.5828],"stabilizedTipPosition":[37.5308,269.026,20.5517],"timeVisible":11.1532,"tipPosition":[34.9688,268.398,-24.1024],"tipVelocity":[17.1243,-12.5171,-342.705],"tool":false,"touchDistance":-0.676663,"touchZone":"touching","type":0,"width":20.25},{"bases":[[[0.975843,0.0100711,-0.218239],[0.125156,0.793001,0.596225],[0.179068,-0.609137,0.772585]],[[0.98845,-0.0479057,-0.143774],[0.121425,0.818012,0.562238],[0.0906743,-0.573202,0.814382]],[[0.98845,-0.0479057,-0.143774],[0.0958468,0.932492,0.348242],[0.117385,-0.358,0.926313]],[[0.98845,-0.0479057,-0.143774],[0.0715223,0.983883,0.163887],[0.133605,-0.172277,0.975946]]],"btipPosition":[39.9218,339.584,-68.873],"carpPosition":[62.1113,258.548,62.0175],"dipPosition":[42.2045,336.641,-52.1984],"direction":[-0.117385,0.358,-0.926313],"extended":true,"handId":685,"id":6851,"length":58.8075,"mcpPosition":[48.9373,303.362,5.17876],"pipPosition":[45.0418,327.988,-29.809],"stabilizedTipPosition":[45.4007,342.234,-6.26208],"timeVisible":11.1532,"tipPosition":[40.0336,338.809,-65.0105],"tipVelocity":[9.71133,5.74909,-333.197],"tool":false,"touchDistance":-0.689333,"touchZone":"touching","type":1,"width":19.3428},{"bases":[[[0.955334,-0.207654,-0.210276],[0.292234,0.769722,0.567563],[0.0439972,-0.603662,0.796025]],[[0.956004,-0.21922,-0.194935],[0.0429176,0.76187,-0.646306],[0.290198,0.609505,0.737759]],[[0.956004,-0.21922,-0.194935],[-0.24529,-0.232879,-0.941063],[0.160904,0.947476,-0.276405]],[[0.956004,-0.21922,-0.194935],[-0.292715,-0.668988,-0.683208],[0.0193636,0.71021,-0.703724]]],"btipPosition":[52.1088,232.828,-10.094],"carpPosition":[74.1055,260.379,59.919],"dipPosition":[52.4727,246.174,-23.3184],"direction":[-0.160904,-0.947476,0.276405],"extended":false,"handId":685,"id":6852,"length":67.0064,"mcpPosition":[71.0359,302.495,4.38194],"pipPosition":[57.0482,273.117,-31.1783],"stabilizedTipPosition":[50.4693,239.249,29.4951],"timeVisible":11.1532,"tipPosition":[52.3888,235.676,-11.9063],"tipVelocity":[1.03011,34.952,-357.381],"tool":false,"touchDistance":0.333333,"touchZone":"none","type":2,"width":18.9972},{"bases":[[[0.92663,-0.351655,-0.133025],[0.360995,0.733283,0.576176],[-0.10507,-0.581923,0.806428]],[[0.930217,-0.326976,-0.16668],[0.134507,0.726291,-0.674098],[0.341473,0.604638,0.719589]],[[0.930217,-0.326976,-0.16668],[-0.25288,-0.241888,-0.936772],[0.265984,0.913552,-0.307695]],[[0.930217,-0.326976,-0.16668],[-0.34965,-0.651525,-0.673246],[0.111539,0.684545,-0.720387]]],"btipPosition":[67.8837,230.368,-3.47574],"carpPosition":[86.0113,259.029,57.2064],"dipPosition":[69.9677,243.158,-16.9354],"direction":[-0.265984,-0.913552,0.307695],"extended":false,"handId":685,"id":6853,"length":64.4285,"mcpPosition":[92.5928,295.481,6.69177],"pipPosition":[77.336,268.466,-25.4592],"stabilizedTipPosition":[65.9066,233.788,39.1631],"timeVisible":11.1532,"tipPosition":[68.4559,233.175,-5.44571],"tipVelocity":[4.81697,30.5123,-339.842],"tool":false,"touchDistance":0.333333,"touchZone":"none","type":3,"width":18.077},{"bases":[[[0.835772,-0.532936,-0.132156],[0.490015,0.61535,0.617439],[-0.247733,-0.580796,0.775438]],[[0.781073,-0.624435,0.00244383],[0.478522,0.596035,-0.644794],[0.401175,0.5048,0.764353]],[[0.781073,-0.624435,0.00244383],[-0.161903,-0.206293,-0.965003],[0.603086,0.753342,-0.262228]],[[0.781073,-0.624435,0.00244383],[-0.433461,-0.545002,-0.717694],[0.449485,0.559512,-0.696355]]],"btipPosition":[77.2544,242.309,-2.48107],"carpPosition":[96.6181,250.86,52.378],"dipPosition":[85.0021,251.953,-14.484],"direction":[-0.603086,-0.753342,0.262228],"extended":false,"handId":685,"id":6854,"length":50.5107,"mcpPosition":[110.983,284.537,7.41403],"pipPosition":[96.7977,266.688,-19.6129],"stabilizedTipPosition":[77.423,242.541,43.6357],"timeVisible":11.1532,"tipPosition":[79.0627,244.412,-4.45242],"tipVelocity":[8.27747,28.1438,-328.236],"tool":false,"touchDistance":0.333333,"touchZone":"none","type":4,"width":16.0574}],"r":[[0.979281,-0.190424,-0.0688976],[0.200023,0.962672,0.182352],[0.0316016,-0.192355,0.980816]],"s":0.84314,"t":[23.0199,-28.1643,-46.9895],"timestamp":523538586749},false],[2,{"currentFrameRate":107.975,"devices":[],"gestures":[],"hands":[{"armBasis":[[0.959547,0.015517,-0.281121],[0.144578,0.829625,0.539277],[0.241593,-0.558106,0.79382]],"armWidth":63.72,"confidence":0.616625,"direction":[0.0144735,0.722537,-0.691181],"elbow":[145.851,94.4615,269.879],"grabStrength":0,"id":685,"palmNormal":[-0.145115,-0.682417,-0.716414],"palmPosition":[73.2345,282.063,15.8529],"palmVelocity":[4.05067,41.8661,-312.238],"palmWidth":90.99,"pinchStrength":0.661925,"r":[[0.979449,-0.190233,-0.0670157],[0.199521,0.962478,0.18392],[0.0295134,-0.193511,0.980654]],"s":0.84013,"sphereCenter":[63.4446,267.265,-27.8845],"sphereRadius":47.1302,"stabilizedPalmPosition":[74.6618,278.243,65.0755],"t":[23.0898,-27.6433,-49.6975],"timeVisible":11.1626,"type":"right","wrist":[80.621,245.15,55.5476]}],"id":4259406,"interactionBox":{"center":[0,200,0],"size":[235.247,235.247,147.751]},"pointables":[{"bases":[[[0.530715,0.706829,0.467691],[-0.736941,0.112272,0.666568],[0.418641,-0.698418,0.580476]],[[0.375046,0.888316,0.265019],[-0.757833,0.129157,0.639537],[0.533882,-0.440697,0.721635]],[[0.375046,0.888316,0.265019],[-0.926057,0.346095,0.150452],[0.0419267,-0.30185,0.952433]],[[0.375046,0.888316,0.265019],[-0.612217,0.452023,-0.648742],[-0.696082,0.0810587,0.713372]]],"btipPosition":[39.0122,268.856,-32.3084],"carpPosition":[50.801,238.462,52.8831],"dipPosition":[22.7214,270.753,-15.613],"direction":[-0.0419267,0.30185,-0.952433],"extended":false,"handId":685,"id":6850,"length":52.1164,"mcpPosition":[50.801,238.462,52.8831],"pipPosition":[24.1509,260.461,16.8608],"stabilizedTipPosition":[37.5308,269.026,20.5516],"timeVisible":11.1626,"tipPosition":[35.3553,269.782,-27.6354],"tipVelocity":[23.894,32.9327,-353.627],"tool":false,"touchDistance":-0.690707,"touchZone":"touching","type":0,"width":20.25},{"bases":[[[0.977694,0.0122164,-0.209677],[0.120986,0.783283,0.609779],[0.171685,-0.621545,0.764334]],[[0.989557,-0.0466814,-0.136374],[0.116988,0.812809,0.570663],[0.0842064,-0.580658,0.809782]],[[0.989557,-0.0466814,-0.136374],[0.0932256,0.928859,0.358512],[0.109936,-0.367481,0.92351]],[[0.989557,-0.0466814,-0.136374],[0.0705382,0.981908,0.175728],[0.125703,-0.183512,0.974947]]],"btipPosition":[40.719,341.336,-71.2716],"carpPosition":[61.7725,258.645,58.7294],"dipPosition":[42.8667,338.2,-54.6141],"direction":[-0.109936,0.367481,-0.92351],"extended":true,"handId":685,"id":6851,"length":58.8075,"mcpPosition":[49.1416,304.372,2.4977],"pipPosition":[45.5239,329.318,-32.2925],"stabilizedTipPosition":[45.4006,342.234,-6.26362],"timeVisible":11.1626,"tipPosition":[40.872,340.675,-67.3355],"tipVelocity":[30.2058,55.9148,-311.742],"tool":false,"touchDistance":-0.684771,"touchZone":"touching","type":1,"width":19.3428},{"bases":[[[0.956855,-0.20558,-0.205344],[0.288275,0.760236,0.582184],[0.0364247,-0.616262,0.786699]],[[0.957371,-0.217143,-0.1905],[0.0529157,0.780158,-0.623341],[0.283974,0.586688,0.75839]],[[0.957371,-0.217143,-0.1905],[-0.235405,-0.204292,-0.950184],[0.167409,0.954523,-0.2467]],[[0.957371,-0.217143,-0.1905],[-0.287428,-0.650457,-0.703058],[0.0287528,0.727842,-0.685141]]],"btipPosition":[52.2567,234.389,-14.7876],"carpPosition":[73.7864,260.493,56.7631],"dipPosition":[52.797,248.067,-27.6627],"direction":[-0.167409,-0.954523,0.2467],"extended":false,"handId":685,"id":6852,"length":67.0064,"mcpPosition":[71.2451,303.488,1.87674],"pipPosition":[57.5575,275.21,-34.678],"stabilizedTipPosition":[50.4693,239.249,29.4951],"timeVisible":11.1626,"tipPosition":[52.5738,237.229,-16.3909],"tipVelocity":[6.45522,74.7257,-396.147],"tool":false,"touchDistance":0.333333,"touchZone":"none","type":2,"width":18.9972},{"bases":[[[0.927313,-0.350748,-0.130636],[0.356916,0.723573,0.590807],[-0.1127,-0.59449,0.796166]],[[0.931243,-0.325346,-0.16412],[0.141378,0.73769,-0.660171],[0.335854,0.591577,0.732966]],[[0.931243,-0.325346,-0.16412],[-0.24491,-0.225312,-0.943003],[0.269824,0.91836,-0.289501]],[[0.931243,-0.325346,-0.16412],[-0.344566,-0.639638,-0.687122],[0.118575,0.696428,-0.707762]]],"btipPosition":[68.077,231.525,-7.24528],"carpPosition":[85.7134,259.17,54.1316],"dipPosition":[70.2924,244.537,-20.4691],"direction":[-0.269824,-0.91836,0.289501],"extended":false,"handId":685,"id":6853,"length":64.4285,"mcpPosition":[92.7729,296.409,4.25976],"pipPosition":[77.7671,269.977,-28.4889],"stabilizedTipPosition":[65.9066,233.788,39.1631],"timeVisible":11.1626,"tipPosition":[68.6643,234.362,-9.18098],"tipVelocity":[10.2357,58.5118,-356.332],"tool":false,"touchDistance":0.333333,"touchZone":"none","type":3,"width":18.077},{"bases":[[[0.836232,-0.531898,-0.133421],[0.485433,0.604827,0.631299],[-0.25509,-0.59268,0.763976]],[[0.779848,-0.625969,0.0000604657],[0.48716,0.606856,-0.628014],[0.39308,0.489785,0.778202]],[[0.779848,-0.625969,0.0000604657],[-0.150989,-0.1882,-0.970455],[0.607486,0.756799,-0.241281]],[[0.779848,-0.625969,0.0000604657],[-0.426605,-0.531546,-0.731756],[0.458088,0.570633,-0.681567]]],"btipPosition":[77.4663,243.474,-6.08339],"carpPosition":[96.3515,251.064,49.2653],"dipPosition":[85.3623,253.31,-17.8314],"direction":[-0.607486,-0.756799,0.241281],"extended":false,"handId":685,"id":6854,"length":50.5107,"mcpPosition":[111.143,285.431,4.96602],"pipPosition":[97.2439,268.112,-22.5506],"stabilizedTipPosition":[77.423,242.541,43.6356],"timeVisible":11.1626,"tipPosition":[79.2932,245.594,-7.98069],"tipVelocity":[13.3966,56.8594,-342.806],"tool":false,"touchDistance":0.333333,"touchZone":"none","type":4,"width":16.0574}],"r":[[0.979449,-0.190233,-0.0670157],[0.199521,0.962478,0.18392],[0.0295134,-0.193511,0.980654]],"s":0.84013,"t":[23.0898,-27.6433,-49.6975],"timestamp":523538596082},false],[3,{"currentFrameRate":108.247,"devices":[],"gestures":[],"hands":[{"armBasis":[[0.962374,0.00977151,-0.271554],[0.143624,0.830058,0.538865],[0.230671,-0.557591,0.797423]],"armWidth":63.72,"confidence":0.6075,"direction":[0.0137067,0.715006,-0.698983],"elbow":[142.873,94.5771,268.46],"grabStrength":0,"id":685,"palmNormal":[-0.144117,-0.690337,-0.708988],"palmPosition":[73.1667,281.597,13.0616],"palmVelocity":[0.889045,16.3749,-314.08],"palmWidth":90.99,"pinchStrength":0.668559,"r":[[0.979629,-0.189983,-0.06506],[0.198873,0.962771,0.183091],[0.0278538,-0.1923,0.980941]],"s":0.837476,"sphereCenter":[63.5247,266.219,-30.5809],"sphereRadius":47.1182,"stabilizedPalmPosition":[74.6618,278.243,65.0755],"t":[23.0909,-27.6157,-52.4472],"timeVisible":11.1713,"type":"right","wrist":[80.5916,245.127,53.1562]}],"id":4259407,"interactionBox":{"center":[0,200,0],"size":[235.247,235.247,147.751]},"pointables":[{"bases":[[[0.529735,0.712531,0.460087],[-0.737214,0.118579,0.665173],[0.4194,-0.691548,0.588104]],[[0.373251,0.892099,0.254643],[-0.7592,0.135963,0.636497],[0.533197,-0.430898,0.72803]],[[0.373251,0.892099,0.254643],[-0.926735,0.345818,0.146875],[0.0429667,-0.290807,0.955816]],[[0.373251,0.892099,0.254643],[-0.614306,0.443344,-0.652744],[-0.695207,0.0872088,0.7135]]],"btipPosition":[38.9699,267.757,-35.0702],"carpPosition":[50.7804,238.373,50.5589],"dipPosition":[22.6996,269.798,-18.3718],"direction":[-0.0429667,0.290807,-0.955816],"extended":false,"handId":685,"id":6850,"length":52.1164,"mcpPosition":[50.7804,238.373,50.5589],"pipPosition":[24.1645,259.883,14.2174],"stabilizedTipPosition":[37.5308,269.026,20.5514],"timeVisible":11.1713,"tipPosition":[35.3114,268.727,-30.4044],"tipVelocity":[16.3392,-8.54468,-343.452],"tool":false,"touchDistance":-0.691386,"touchZone":"touching","type":0,"width":20.25},{"bases":[[[0.97772,0.0111655,-0.209615],[0.119883,0.790009,0.60126],[0.172311,-0.612993,0.77107]],[[0.989605,-0.046631,-0.136044],[0.115529,0.821133,0.558921],[0.0856472,-0.568828,0.817985]],[[0.989605,-0.046631,-0.136044],[0.091633,0.933538,0.346569],[0.110841,-0.355433,0.928106]],[[0.989605,-0.046631,-0.136044],[0.0689831,0.983957,0.164529],[0.126189,-0.172203,0.976945]]],"btipPosition":[40.5339,339.701,-74.8065],"carpPosition":[61.7255,258.632,56.1878],"dipPosition":[42.6899,336.758,-58.1148],"direction":[-0.110841,0.355433,-0.928106],"extended":true,"handId":685,"id":6851,"length":58.8075,"mcpPosition":[49.0486,303.729,-0.539527],"pipPosition":[45.369,328.168,-35.6821],"stabilizedTipPosition":[45.4005,342.234,-6.26468],"timeVisible":11.1713,"tipPosition":[40.7349,339.146,-70.8327],"tipVelocity":[16.4978,-7.80505,-336.261],"tool":false,"touchDistance":-0.697533,"touchZone":"touching","type":1,"width":19.3428},{"bases":[[[0.957152,-0.206597,-0.202921],[0.287206,0.766874,0.573949],[0.0370392,-0.607636,0.793351]],[[0.957677,-0.217915,-0.188061],[0.0535367,0.776792,-0.627477],[0.282821,0.590852,0.755583]],[[0.957677,-0.217915,-0.188061],[-0.234072,-0.209335,-0.949415],[0.167524,0.953253,-0.251483]],[[0.957677,-0.217915,-0.188061],[-0.286373,-0.655367,-0.698917],[0.0290557,0.723193,-0.690035]]],"btipPosition":[52.2114,233.691,-17.4477],"carpPosition":[73.7375,260.474,54.2038],"dipPosition":[52.7575,247.281,-30.4149],"direction":[-0.167524,-0.953253,0.251483],"extended":false,"handId":685,"id":6852,"length":67.0064,"mcpPosition":[71.1533,302.867,-1.14674],"pipPosition":[57.5213,274.388,-37.5661],"stabilizedTipPosition":[50.4693,239.249,29.495],"timeVisible":11.1713,"tipPosition":[52.5253,236.51,-19.0718],"tipVelocity":[3.38018,32.6794,-372.133],"tool":false,"touchDistance":0.333333,"touchZone":"none","type":2,"width":18.9972},{"bases":[[[0.927778,-0.350982,-0.126647],[0.355891,0.730393,0.582982],[-0.112114,-0.58595,0.802554]],[[0.931712,-0.325702,-0.16072],[0.140776,0.731771,-0.666853],[0.334806,0.598689,0.727651]],[[0.931712,-0.325702,-0.16072],[-0.244245,-0.234366,-0.940966],[0.268808,0.915964,-0.297913]],[[0.931712,-0.325702,-0.16072],[-0.343558,-0.646794,-0.680901],[0.117818,0.68962,-0.714523]]],"btipPosition":[68.0827,230.833,-9.5912],"carpPosition":[85.6667,259.137,51.589],"dipPosition":[70.284,243.718,-22.9413],"direction":[-0.268808,-0.915964,0.297913],"extended":false,"handId":685,"id":6853,"length":64.4285,"mcpPosition":[92.6895,295.841,1.31704],"pipPosition":[77.7305,269.092,-31.1941],"stabilizedTipPosition":[65.9066,233.788,39.1631],"timeVisible":11.1713,"tipPosition":[68.661,233.648,-11.567],"tipVelocity":[7.56756,20.7244,-333.602],"tool":false,"touchDistance":0.333333,"touchZone":"none","type":3,"width":18.077},{"bases":[[[0.836924,-0.532266,-0.127482],[0.484549,0.612255,0.624785],[-0.2545,-0.584669,0.77032]],[[0.780306,-0.625351,0.0076465],[0.488101,0.601312,-0.632599],[0.390999,0.497353,0.774442]],[[0.780306,-0.625351,0.0076465],[-0.148777,-0.19749,-0.96895],[0.607444,0.75494,-0.24714]],[[0.780306,-0.625351,0.0076465],[-0.425002,-0.539204,-0.727071],[0.458798,0.564088,-0.68652]]],"btipPosition":[77.4587,242.819,-8.57058],"carpPosition":[96.3159,250.992,46.813],"dipPosition":[85.3669,252.542,-20.404],"direction":[-0.607444,-0.75494,0.24714],"extended":false,"handId":685,"id":6854,"length":50.5107,"mcpPosition":[111.073,284.894,2.14589],"pipPosition":[97.2477,267.308,-25.2377],"stabilizedTipPosition":[77.423,242.541,43.6356],"timeVisible":11.1713,"tipPosition":[79.2841,244.912,-10.4842],"tipVelocity":[9.65877,20.7546,-327.741],"tool":false,"touchDistance":0.333333,"touchZone":"none","type":4,"width":16.0574}],"r":[[0.979629,-0.189983,-0.06506],[0.198873,0.962771,0.183091],[0.0278538,-0.1923,0.980941]],"s":0.837476,"t":[23.0909,-27.6157,-52.4472],"timestamp":523538604829},false],[4,{"currentFrameRate":108.334,"devices":[],"gestures":[],"hands":[{"armBasis":[[0.958498,0.00926237,-0.284947],[0.14493,0.844864,0.514976],[0.245511,-0.534901,0.808458]],"armWidth":63.72,"confidence":0.613766,"direction":[0.0166495,0.721779,-0.691923],"elbow":[146.638,100.45,268.277],"grabStrength":0,"id":685,"palmNormal":[-0.145515,-0.682902,-0.71587],"palmPosition":[73.0799,281.758,10.2505],"palmVelocity":[-2.00252,16.7561,-312.897],"palmWidth":90.99,"pinchStrength":0.67835,"r":[[0.979667,-0.190261,-0.0636698],[0.198913,0.962521,0.184354],[0.026208,-0.193271,0.980795]],"s":0.834819,"sphereCenter":[63.6734,266.698,-33.6306],"sphereRadius":47.0943,"stabilizedPalmPosition":[74.6618,278.243,65.0754],"t":[23.048,-27.5213,-55.2276],"timeVisible":11.1804,"type":"right","wrist":[80.35,244.874,49.993]}],"id":4259408,"interactionBox":{"center":[0,200,0],"size":[235.247,235.247,147.751]},"pointables":[{"bases":[[[0.531459,0.706337,0.467589],[-0.737537,0.114342,0.665557],[0.416643,-0.69858,0.581717]],[[0.374109,0.889688,0.261722],[-0.762189,0.1342,0.633291],[0.528308,-0.436402,0.728316]],[[0.374109,0.889688,0.261722],[-0.926472,0.346029,0.148034],[0.0411406,-0.297859,0.953723]],[[0.374109,0.889688,0.261722],[-0.615023,0.449243,-0.648018],[-0.69411,0.0814644,0.715244]]],"btipPosition":[38.9909,268.272,-38.3135],"carpPosition":[50.5208,238.238,47.2994],"dipPosition":[22.7462,270.178,-21.5742],"direction":[-0.0411406,0.297859,-0.953723],"extended":false,"handId":685,"id":6850,"length":52.1164,"mcpPosition":[50.5208,238.238,47.2994],"pipPosition":[24.1489,260.023,10.9436],"stabilizedTipPosition":[37.5308,269.026,20.5514],"timeVisible":11.1804,"tipPosition":[35.2971,269.25,-33.6057],"tipVelocity":[12.6404,8.56487,-347.029],"tool":false,"touchDistance":-0.699089,"touchZone":"touching","type":0,"width":20.25},{"bases":[[[0.977968,0.0101827,-0.208505],[0.121701,0.783701,0.6091],[0.169608,-0.621055,0.765195]],[[0.989557,-0.0480493,-0.135896],[0.117063,0.817987,0.563199],[0.0841,-0.573226,0.81507]],[[0.989557,-0.0480493,-0.135896],[0.0936382,0.931059,0.352649],[0.109583,-0.361691,0.925835]],[[0.989557,-0.0480493,-0.135896],[0.0713577,0.982468,0.172232],[0.125238,-0.18013,0.975637]]],"btipPosition":[40.6431,340.544,-77.2219],"carpPosition":[61.5226,258.407,53.1377],"dipPosition":[42.7828,337.467,-60.5525],"direction":[-0.109583,0.361691,-0.925835],"extended":true,"handId":685,"id":6851,"length":58.8075,"mcpPosition":[49.0446,304.097,-3.15737],"pipPosition":[45.4315,328.725,-38.1747],"stabilizedTipPosition":[45.4004,342.234,-6.2655],"timeVisible":11.1804,"tipPosition":[40.8921,340.045,-73.2083],"tipVelocity":[15.1485,19.1168,-317.042],"tool":false,"touchDistance":-0.692421,"touchZone":"touching","type":1,"width":19.3428},{"bases":[[[0.956719,-0.20757,-0.203969],[0.288981,0.760314,0.581732],[0.0343302,-0.615497,0.787391]],[[0.957191,-0.218948,-0.189332],[0.0580012,0.785911,-0.615613],[0.283585,0.578278,0.764967]],[[0.957191,-0.218948,-0.189332],[-0.232864,-0.193963,-0.95297],[0.171927,0.956264,-0.236645]],[[0.957191,-0.218948,-0.189332],[-0.287565,-0.644653,-0.708328],[0.0330334,0.732451,-0.680018]]],"btipPosition":[51.9685,234.343,-21.1141],"carpPosition":[73.5424,260.231,51.1841],"dipPosition":[52.5893,248.107,-33.893],"direction":[-0.171927,-0.956264,0.236645],"extended":false,"handId":685,"id":6852,"length":67.0064,"mcpPosition":[71.1472,303.173,-3.75063],"pipPosition":[57.4783,275.299,-40.6223],"stabilizedTipPosition":[50.4693,239.249,29.495],"timeVisible":11.1804,"tipPosition":[52.2936,237.172,-22.6941],"tipVelocity":[-4.43285,44.7315,-379.639],"tool":false,"touchDistance":0.333333,"touchZone":"none","type":2,"width":18.9972},{"bases":[[[0.926818,-0.352604,-0.129144],[0.357543,0.723533,0.590477],[-0.114765,-0.593439,0.796655]],[[0.930887,-0.326837,-0.16318],[0.143799,0.738471,-0.658773],[0.335815,0.589778,0.734432]],[[0.930887,-0.326837,-0.16318],[-0.243889,-0.223472,-0.943705],[0.271971,0.91828,-0.287739]],[[0.930887,-0.326837,-0.16318],[-0.344805,-0.638561,-0.688004],[0.120665,0.696719,-0.707123]]],"btipPosition":[67.8662,231.249,-12.9654],"carpPosition":[85.4701,258.883,48.5684],"dipPosition":[70.1207,244.266,-26.1772],"direction":[-0.271971,-0.91828,0.287739],"extended":false,"handId":685,"id":6853,"length":64.4285,"mcpPosition":[92.6589,296.056,-1.33408],"pipPosition":[77.6548,269.705,-34.1482],"stabilizedTipPosition":[65.9066,233.788,39.163],"timeVisible":11.1804,"tipPosition":[68.4511,234.083,-14.9283],"tipVelocity":[-0.749081,28.6062,-343.208],"tool":false,"touchDistance":0.333333,"touchZone":"none","type":3,"width":18.077},{"bases":[[[0.835404,-0.533587,-0.131848],[0.485791,0.604592,0.63125],[-0.257112,-0.591399,0.764291]],[[0.778023,-0.628229,0.0029553],[0.492106,0.606506,-0.624486],[0.390527,0.487319,0.781031]],[[0.778023,-0.628229,0.0029553],[-0.146752,-0.186313,-0.971469],[0.610855,0.755391,-0.23715]],[[0.778023,-0.628229,0.0029553],[-0.425216,-0.530055,-0.733644],[0.462463,0.569535,-0.679528]]],"btipPosition":[77.28,243.221,-11.8594],"carpPosition":[96.099,250.752,43.7235],"dipPosition":[85.2514,253.038,-23.5723],"direction":[-0.610855,-0.755391,0.23715],"extended":false,"handId":685,"id":6854,"length":50.5107,"mcpPosition":[111.008,285.044,-0.594013],"pipPosition":[97.1989,267.813,-28.2106],"stabilizedTipPosition":[77.423,242.541,43.6356],"timeVisible":11.1804,"tipPosition":[79.1153,245.32,-13.7478],"tipVelocity":[1.9863,27.9322,-336.491],"tool":false,"touchDistance":0.333333,"touchZone":"none","type":4,"width":16.0574}],"r":[[0.979667,-0.190261,-0.0636698],[0.198913,0.962521,0.184354],[0.026208,-0.193271,0.980795]],"s":0.834819,"t":[23.048,-27.5213,-55.2276],"timestamp":523538613903},false],[5,{"currentFrameRate":108.45,"devices":[],"gestures":[],"hands":[{"armBasis":[[0.958106,0.00671804,-0.286335],[0.145755,0.849155,0.507634],[0.246553,-0.528102,0.812601]],"armWidth":63.72,"confidence":0.617995,"direction":[0.0175694,0.72431,-0.68925],"elbow":[146.846,102.661,267.013],"grabStrength":0,"id":685,"palmNormal":[-0.146395,-0.680064,-0.718388],"palmPosition":[73.0532,282.288,8.0048],"palmVelocity":[-2.26505,28.3276,-295.394],"palmWidth":90.99,"pinchStrength":0.679654,"r":[[0.979646,-0.190689,-0.0627008],[0.199189,0.962133,0.186076],[0.0248438,-0.194778,0.980533]],"s":0.83202,"sphereCenter":[63.8799,267.224,-36.0507],"sphereRadius":47.0704,"stabilizedPalmPosition":[74.6618,278.243,65.0754],"t":[23.0132,-27.209,-57.7406],"timeVisible":11.1894,"type":"right","wrist":[80.2763,245.248,47.6105]}],"id":4259409,"interactionBox":{"center":[0,200,0],"size":[235.247,235.247,147.751]},"pointables":[{"bases":[[[0.532367,0.703922,0.47019],[-0.737384,0.112825,0.665984],[0.415751,-0.701259,0.579126]],[[0.37438,0.888923,0.263923],[-0.76359,0.134062,0.631631],[0.526089,-0.437999,0.728963]],[[0.37438,0.888923,0.263923],[-0.926292,0.345406,0.150593],[0.0427046,-0.300848,0.952715]],[[0.37438,0.888923,0.263923],[-0.619339,0.451538,-0.642287],[-0.690115,0.0770013,0.719592]]],"btipPosition":[38.8727,268.98,-40.8197],"carpPosition":[50.4387,238.661,44.8928],"dipPosition":[22.7215,270.783,-23.9787],"direction":[-0.0427046,0.300848,-0.952715],"extended":false,"handId":685,"id":6850,"length":52.1164,"mcpPosition":[50.4387,238.661,44.8928],"pipPosition":[24.1775,260.525,8.50471],"stabilizedTipPosition":[37.5308,269.026,20.5513],"timeVisible":11.1894,"tipPosition":[35.2183,269.919,-36.0702],"tipVelocity":[6.21655,27.0962,-327.378],"tool":false,"touchDistance":-0.694756,"touchZone":"touching","type":0,"width":20.25},{"bases":[[[0.977979,0.00970005,-0.208478],[0.12271,0.781287,0.611991],[0.168818,-0.624097,0.762892]],[[0.98944,-0.048378,-0.136632],[0.117544,0.819363,0.561095],[0.0848066,-0.57123,0.816397]],[[0.98944,-0.048378,-0.136632],[0.094071,0.931482,0.351414],[0.110269,-0.360557,0.926196]],[[0.98944,-0.048378,-0.136632],[0.0718229,0.982429,0.172262],[0.125898,-0.180256,0.975529]]],"btipPosition":[40.5868,341.044,-79.4485],"carpPosition":[61.4664,258.793,50.8055],"dipPosition":[42.7378,337.964,-62.781],"direction":[-0.110269,0.360557,-0.926196],"extended":true,"handId":685,"id":6851,"length":58.8075,"mcpPosition":[49.0465,304.708,-5.32009],"pipPosition":[45.403,329.249,-40.3945],"stabilizedTipPosition":[45.4004,342.234,-6.26613],"timeVisible":11.1894,"tipPosition":[40.8993,340.658,-75.3773],"tipVelocity":[9.34569,29.0836,-297.83],"tool":false,"touchDistance":-0.684917,"touchZone":"touching","type":1,"width":19.3428},{"bases":[[[0.956451,-0.20804,-0.204746],[0.289959,0.757787,0.584536],[0.0335472,-0.618448,0.78511]],[[0.956907,-0.219424,-0.190215],[0.0594685,0.789212,-0.611235],[0.28424,0.573583,0.768251]],[[0.956907,-0.219424,-0.190215],[-0.232834,-0.188281,-0.954117],[0.173542,0.95729,-0.231257]],[[0.956907,-0.219424,-0.190215],[-0.288362,-0.640639,-0.711638],[0.0342912,0.735823,-0.676305]]],"btipPosition":[51.8681,235.061,-23.6618],"carpPosition":[73.4884,260.609,48.8585],"dipPosition":[52.5125,248.888,-36.3709],"direction":[-0.173542,-0.95729,0.231257],"extended":false,"handId":685,"id":6852,"length":67.0064,"mcpPosition":[71.1479,303.757,-5.91703],"pipPosition":[57.4474,276.11,-42.9471],"stabilizedTipPosition":[50.4693,239.249,29.495],"timeVisible":11.1894,"tipPosition":[52.1923,237.902,-25.2581],"tipVelocity":[-6.11106,54.7872,-352.513],"tool":false,"touchDistance":0.333333,"touchZone":"none","type":2,"width":18.9972},{"bases":[[[0.926365,-0.353312,-0.130458],[0.358474,0.720886,0.593143],[-0.115519,-0.596233,0.794457]],[[0.930532,-0.326884,-0.165096],[0.147705,0.747537,-0.647589],[0.335102,0.578217,0.743889]],[[0.930532,-0.326884,-0.165096],[-0.241666,-0.209402,-0.947496],[0.27515,0.921573,-0.273852]],[[0.930532,-0.326884,-0.165096],[-0.344815,-0.630244,-0.695626],[0.123339,0.70423,-0.699177]]],"btipPosition":[67.7516,232.082,-16.1141],"carpPosition":[85.4144,259.256,46.2377],"dipPosition":[70.0561,245.24,-29.1775],"direction":[-0.27515,-0.921573,0.273852],"extended":false,"handId":685,"id":6853,"length":64.4285,"mcpPosition":[92.6505,296.604,-3.52708],"pipPosition":[77.6783,270.769,-36.7638],"stabilizedTipPosition":[65.9066,233.788,39.163],"timeVisible":11.1894,"tipPosition":[68.3479,234.893,-17.9234],"tipVelocity":[-3.6873,47.1348,-343.877],"tool":false,"touchDistance":0.333333,"touchZone":"none","type":3,"width":18.077},{"bases":[[[0.834719,-0.534167,-0.13383],[0.48657,0.601631,0.633474],[-0.257864,-0.593891,0.762102]],[[0.776942,-0.629571,0.00115576],[0.494009,0.608508,-0.621025],[0.390276,0.483072,0.78379]],[[0.776942,-0.629571,0.00115576],[-0.145751,-0.181655,-0.972501],[0.612468,0.755409,-0.232896]],[[0.776942,-0.629571,0.00115576],[-0.425349,-0.526268,-0.736288],[0.464154,0.571562,-0.676667]]],"btipPosition":[77.2056,243.858,-14.3234],"carpPosition":[96.0328,251.129,41.3627],"dipPosition":[85.2061,253.71,-25.987],"direction":[-0.612468,-0.755409,0.232896],"extended":false,"handId":685,"id":6854,"length":50.5107,"mcpPosition":[110.985,285.566,-2.82796],"pipPosition":[97.1853,268.485,-30.5421],"stabilizedTipPosition":[77.423,242.541,43.6355],"timeVisible":11.1894,"tipPosition":[79.0458,245.957,-16.2061],"tipVelocity":[-0.623148,39.9208,-318.816],"tool":false,"touchDistance":0.333333,"touchZone":"none","type":4,"width":16.0574}],"r":[[0.979646,-0.190689,-0.0627008],[0.199189,0.962133,0.186076],[0.0248438,-0.194778,0.980533]],"s":0.83202,"t":[23.0132,-27.209,-57.7406],"timestamp":523538622914},false],[6,{"currentFrameRate":108.559,"devices":[],"gestures":[],"hands":[{"armBasis":[[0.960463,0.00276145,-0.278396],[0.143984,0.850916,0.505184],[0.238286,-0.525295,0.816875]],"armWidth":63.72,"confidence":0.556224,"direction":[0.0184646,0.726127,-0.687313],"elbow":[144.223,104.09,264.926],"grabStrength":0,"id":685,"palmNormal":[-0.144437,-0.678282,-0.720466],"palmPosition":[72.7173,283.058,4.84683],"palmVelocity":[-11.889,44.0175,-310.482],"palmWidth":90.99,"pinchStrength":0.687173,"r":[[0.979681,-0.19086,-0.0616241],[0.199195,0.96175,0.18804],[0.0233776,-0.196494,0.980226]],"s":0.829126,"sphereCenter":[63.8428,267.931,-39.3531],"sphereRadius":47.0429,"stabilizedPalmPosition":[74.6618,278.243,65.0753],"t":[22.8279,-26.6679,-60.5761],"timeVisible":11.1984,"type":"right","wrist":[79.8857,245.919,44.3702]}],"id":4259410,"interactionBox":{"center":[0,200,0],"size":[235.247,235.247,147.751]},"pointables":[{"bases":[[[0.5309,0.703064,0.473124],[-0.738828,0.110557,0.664763],[0.415064,-0.70248,0.578138]],[[0.371714,0.889671,0.265168],[-0.767155,0.133525,0.62741],[0.522782,-0.436642,0.732149]],[[0.371714,0.889671,0.265168],[-0.927428,0.34317,0.148698],[0.0412944,-0.301197,0.952667]],[[0.371714,0.889671,0.265168],[-0.620223,0.450528,-0.642143],[-0.690762,0.0742305,0.719262]]],"btipPosition":[38.7206,269.647,-44.2883],"carpPosition":[50.0583,239.318,41.5739],"dipPosition":[22.5543,271.384,-27.4549],"direction":[-0.0412944,0.301197,-0.952667],"extended":false,"handId":685,"id":6850,"length":52.1164,"mcpPosition":[50.0583,239.318,41.5739],"pipPosition":[23.9623,261.114,5.02682],"stabilizedTipPosition":[37.5308,269.026,20.5512],"timeVisible":11.1984,"tipPosition":[35.0311,270.609,-39.5295],"tipVelocity":[-0.236505,39.5123,-343.198],"tool":false,"touchDistance":-0.705668,"touchZone":"touching","type":0,"width":20.25},{"bases":[[[0.978397,0.0109398,-0.206445],[0.120898,0.779767,0.614286],[0.167699,-0.625975,0.761599]],[[0.989671,-0.0466546,-0.135554],[0.115132,0.822064,0.557633],[0.0854183,-0.56748,0.818944]],[[0.989671,-0.0466546,-0.135554],[0.0917338,0.932728,0.348718],[0.110166,-0.357551,0.927373]],[[0.989671,-0.0466546,-0.135554],[0.069735,0.982824,0.170865],[0.125254,-0.178553,0.975925]]],"btipPosition":[40.2494,341.569,-82.7416],"carpPosition":[61.0595,259.443,47.562],"dipPosition":[42.3894,338.518,-66.0673],"direction":[-0.110166,0.357551,-0.927373],"extended":true,"handId":685,"id":6851,"length":58.8075,"mcpPosition":[48.7219,305.496,-8.4685],"pipPosition":[45.0522,329.876,-43.6523],"stabilizedTipPosition":[45.4004,342.234,-6.26666],"timeVisible":11.1984,"tipPosition":[40.627,341.307,-78.6103],"tipVelocity":[-3.59219,37.2963,-316.322],"tool":false,"touchDistance":-0.694131,"touchZone":"touching","type":1,"width":19.3428},{"bases":[[[0.957017,-0.206825,-0.203328],[0.288219,0.756458,0.587112],[0.0323798,-0.62048,0.783554]],[[0.95745,-0.218185,-0.188904],[0.0610681,0.792901,-0.606282],[0.282064,0.568949,0.772488]],[[0.95745,-0.218185,-0.188904],[-0.230191,-0.182541,-0.955872],[0.174074,0.958684,-0.224998]],[[0.95745,-0.218185,-0.188904],[-0.286374,-0.637143,-0.715569],[0.0357671,0.739219,-0.672515]]],"btipPosition":[51.6074,235.985,-27.2208],"carpPosition":[73.0842,261.272,45.6444],"dipPosition":[52.2795,249.877,-39.8587],"direction":[-0.174074,-0.958684,0.224998],"extended":false,"handId":685,"id":6852,"length":67.0064,"mcpPosition":[70.8251,304.562,-9.02259],"pipPosition":[57.2295,277.138,-46.2568],"stabilizedTipPosition":[50.4693,239.249,29.4949],"timeVisible":11.1984,"tipPosition":[51.9313,238.829,-28.811],"tipVelocity":[-12.1887,68.3755,-363.625],"tool":false,"touchDistance":0.333333,"touchZone":"none","type":2,"width":18.9972},{"bases":[[[0.926882,-0.352312,-0.129482],[0.356743,0.719583,0.595764],[-0.116722,-0.598395,0.792654]],[[0.931122,-0.325625,-0.164255],[0.148641,0.750096,-0.644408],[0.333042,0.575608,0.746832]],[[0.931122,-0.325625,-0.164255],[-0.239451,-0.206117,-0.948778],[0.27509,0.922759,-0.269891]],[[0.931122,-0.325625,-0.164255],[-0.342902,-0.628246,-0.698374],[0.124216,0.706594,-0.696631]]],"btipPosition":[67.5064,232.935,-19.4831],"carpPosition":[85.0165,259.934,43.0445],"dipPosition":[69.8272,246.137,-32.4989],"direction":[-0.27509,-0.922759,0.269891],"extended":false,"handId":685,"id":6853,"length":64.4285,"mcpPosition":[92.3279,297.418,-6.60728],"pipPosition":[77.4477,271.7,-39.9755],"stabilizedTipPosition":[65.9066,233.788,39.163],"timeVisible":11.1984,"tipPosition":[68.0989,235.755,-21.3171],"tipVelocity":[-10.0395,60.5137,-351.735],"tool":false,"touchDistance":0.333333,"touchZone":"none","type":3,"width":18.077},{"bases":[[[0.835373,-0.533222,-0.133517],[0.484841,0.600313,0.636045],[-0.259002,-0.596069,0.760013]],[[0.776927,-0.629587,0.00198592],[0.49712,0.611518,-0.615563],[0.386336,0.479235,0.788085]],[[0.776927,-0.629587,0.00198592],[-0.140948,-0.177006,-0.974065],[0.61361,0.756498,-0.22626]],[[0.776927,-0.629587,0.00198592],[-0.422237,-0.523387,-0.740123],[0.467011,0.574184,-0.672468]]],"btipPosition":[76.9572,244.752,-17.7489],"carpPosition":[95.6507,251.828,38.1701],"dipPosition":[85.0069,254.649,-29.3402],"direction":[-0.61361,-0.756498,0.22626],"extended":false,"handId":685,"id":6854,"length":50.5107,"mcpPosition":[110.669,286.391,-5.89946],"pipPosition":[97.0084,269.446,-33.7655],"stabilizedTipPosition":[77.423,242.541,43.6355],"timeVisible":11.1984,"tipPosition":[78.8009,246.847,-19.6002],"tipVelocity":[-7.68451,56.5354,-335.117],"tool":false,"touchDistance":0.333333,"touchZone":"none","type":4,"width":16.0574}],"r":[[0.979681,-0.19086,-0.0616241],[0.199195,0.96175,0.18804],[0.0233776,-0.196494,0.980226]],"s":0.829126,"t":[22.8279,-26.6679,-60.5761],"timestamp":523538631930},false],[7,{"currentFrameRate":108.638,"devices":[],"gestures":[],"hands":[{"armBasis":[[0.