{"sensorType":"Leap","data":[[0,{"currentFrameRate":109.473,"devices":[],"gestures":[{"center":[57.1925,342.758,11.9825],"duration":81288,"handIds":[685],"id":8,"normal":[0.873872,-0.406037,-0.267361],"pointableIds":[6851],"progress":0.861668,"radius":20.0224,"state":"update","type":"circle"}],"hands":[{"armBasis":[[0.949593,-0.0310226,-0.311947],[0.210375,0.800805,0.560762],[0.232412,-0.598121,0.766965]],"armWidth":63.72,"confidence":0.720883,"direction":[0.033871,0.728956,-0.683722],"elbow":[137.18,74.8325,267.469],"grabStrength":0,"id":685,"palmNormal":[-0.207871,-0.664015,-0.718243],"palmPosition":[67.9078,274.089,21.348],"palmVelocity":[-45.1235,26.8657,-300.946],"palmWidth":90.99,"pinchStrength":0.707529,"r":[[0.960543,-0.259447,-0.100225],[0.275078,0.93943,0.204457],[0.0411083,-0.22396,0.973731]],"s":0.818066,"sphereCenter":[53.8306,261.078,-21.5423],"sphereRadius":46.689,"stabilizedPalmPosition":[76.0027,276.435,55.5925],"t":[18.2319,-35.2406,-44.333],"timeVisible":13.6481,"type":"right","wrist":[74.4286,236.325,60.3882]}],"id":4259673,"interactionBox":{"center":[0,200,0],"size":[235.247,235.247,147.751]},"pointables":[{"bases":[[[0.585906,0.669176,0.457075],[-0.706998,0.146432,0.69189],[0.396065,-0.728534,0.558901]],[[0.424718,0.870173,0.249828],[-0.722936,0.159875,0.672163],[0.544957,-0.46609,0.696981]],[[0.424718,0.870173,0.249828],[-0.905024,0.400971,0.141964],[0.0233594,-0.286395,0.957827]],[[0.424718,0.870173,0.249828],[-0.576912,0.472807,-0.666053],[-0.697702,0.138756,0.702822]]],"btipPosition":[32.5284,261.188,-25.2484],"carpPosition":[44.199,231.405,58.6494],"dipPosition":[16.1996,264.436,-8.79984],"direction":[-0.0233594,0.286395,-0.957827],"extended":false,"handId":685,"id":6850,"length":52.1164,"mcpPosition":[44.199,231.405,58.6494],"pipPosition":[16.9961,254.671,23.8578],"stabilizedTipPosition":[38.9693,270.897,-3.42729],"timeVisible":13.6481,"tipPosition":[29.3317,261.76,-20.7991],"tipVelocity":[-44.8519,-4.23591,-312.682],"tool":false,"touchDistance":-0.655049,"touchZone":"touching","type":0,"width":20.25},{"bases":[[[0.969379,-0.0416975,-0.242004],[0.186176,0.767413,0.613527],[0.160135,-0.639795,0.751677]],[[0.978131,-0.0858363,-0.18945],[0.178609,0.813387,0.553625],[0.106575,-0.575355,0.81093]],[[0.978131,-0.0858363,-0.18945],[0.148748,0.925343,0.348732],[0.145373,-0.369286,0.917875]],[[0.978131,-0.0858363,-0.18945],[0.119588,0.977348,0.174615],[0.170171,-0.193452,0.966239]]],"btipPosition":[33.7295,334.865,-64.4977],"carpPosition":[56.5105,250.846,64.3366],"dipPosition":[36.637,331.56,-47.9889],"direction":[-0.145373,0.369286,-0.917875],"extended":true,"handId":685,"id":6851,"length":58.8075,"mcpPosition":[44.7294,297.916,9.03602],"pipPosition":[40.1507,322.634,-25.8035],"stabilizedTipPosition":[46.3041,343.958,-21.2321],"timeVisible":13.6481,"tipPosition":[33.8092,334.119,-60.5465],"tipVelocity":[-59.7868,-10.8259,-324.155],"tool":false,"touchDistance":-0.666038,"touchZone":"touching","type":1,"width":19.3428},{"bases":[[[0.936064,-0.257963,-0.239247],[0.350852,0.735083,0.580135],[0.026213,-0.626983,0.778592]],[[0.935316,-0.244862,-0.255394],[0.0431406,0.795374,-0.604582],[0.351173,0.554457,0.75449]],[[0.935316,-0.244862,-0.255394],[-0.30824,-0.209546,-0.927943],[0.173701,0.946643,-0.271468]],[[0.935316,-0.244862,-0.255394],[-0.353693,-0.665866,-0.656905],[-0.0092073,0.704745,-0.709401]]],"btipPosition":[45.019,228.877,-7.64644],"carpPosition":[68.5409,252.021,61.9904],"dipPosition":[44.8459,242.121,-20.9775],"direction":[-0.173701,-0.946643,0.271468],"extended":false,"handId":685,"id":6852,"length":67.0064,"mcpPosition":[66.7121,295.765,7.66963],"pipPosition":[49.7854,269.04,-28.6971],"stabilizedTipPosition":[52.9974,241.251,17.1581],"timeVisible":13.6481,"tipPosition":[45.2436,231.801,-9.74525],"tipVelocity":[-26.7423,6.83716,-294.087],"tool":false,"touchDistance":0.333333,"touchZone":"none","type":2,"width":18.9972},{"bases":[[[0.900589,-0.402092,-0.165111],[0.417489,0.694413,0.586083],[-0.121004,-0.596752,0.79325]],[[0.905205,-0.374189,-0.20146],[0.165599,0.747158,-0.643686],[0.391382,0.549307,0.738296]],[[0.905205,-0.374189,-0.20146],[-0.297947,-0.220761,-0.928705],[0.303036,0.900693,-0.311322]],[[0.905205,-0.374189,-0.20146],[-0.409811,-0.64309,-0.646909],[0.112509,0.668146,-0.735475]]],"btipPosition":[59.8745,225.447,-1.36085],"carpPosition":[80.2785,250.044,58.9492],"dipPosition":[61.9767,237.931,-15.1025],"direction":[-0.303036,-0.900693,0.311322],"extended":false,"handId":685,"id":6853,"length":64.4285,"mcpPosition":[87.8582,287.425,9.26008],"pipPosition":[70.3714,262.882,-23.7267],"stabilizedTipPosition":[66.1406,231.396,39.0299],"timeVisible":13.6481,"tipPosition":[60.5429,228.265,-3.48809],"tipVelocity":[-25.3158,17.0475,-295.484],"tool":false,"touchDistance":0.333333,"touchZone":"none","type":3,"width":18.077},{"bases":[[[0.799087,-0.57763,-0.166744],[0.54014,0.567951,0.621031],[-0.264024,-0.586323,0.765844]],[[0.737438,-0.674984,-0.0240915],[0.514288,0.58428,-0.627794],[0.437827,0.450569,0.778007]],[[0.737438,-0.674984,-0.0240915],[-0.206896,-0.191797,-0.959379],[0.642945,0.712467,-0.28109]],[[0.737438,-0.674984,-0.0240915],[-0.502901,-0.524923,-0.686693],[0.450861,0.518509,-0.726549]]],"btipPosition":[69.7442,236.592,-0.249091],"carpPosition":[90.2626,241.398,53.647],"dipPosition":[77.5156,245.529,-12.7725],"direction":[-0.642945,-0.712467,0.28109],"extended":false,"handId":685,"id":6854,"length":50.5107,"mcpPosition":[105.572,275.396,9.23946],"pipPosition":[90.0909,259.464,-18.2702],"stabilizedTipPosition":[77.9953,240.253,39.4287],"timeVisible":13.6481,"tipPosition":[71.6652,238.517,-2.23684],"tipVelocity":[-28.6385,22.4766,-297.987],"tool":false,"touchDistance":0.333333,"touchZone":"none","type":4,"width":16.0574}],"r":[[0.960543,-0.259447,-0.100225],[0.275078,0.93943,0.204457],[0.0411083,-0.22396,0.973731]],"s":0.818066,"t":[18.2319,-35.2406,-44.333],"timestamp":523541081625},false],[1,{"currentFrameRate":109.664,"devices":[],"gestures":[{"center":[57.1925,342.758,11.9825],"duration":81288,"handIds":[685],"id":8,"normal":[0.873872,-0.406037,-0.267361],"pointableIds":[6851],"progress":0.861668,"radius":20.0224,"state":"update","type":"circle"}],"hands":[{"armBasis":[[0.950325,-0.0324648,-0.309563],[0.209306,0.802763,0.558358],[0.230379,-0.595414,0.76968]],"armWidth":63.72,"confidence":0.673661,"direction":[0.0288335,0.724737,-0.688422],"elbow":[136.706,75.7808,266.673],"grabStrength":0,"id":685,"palmNormal":[-0.207785,-0.669319,-0.713329],"palmPosition":[67.7096,274.034,19.6038],"palmVelocity":[-39.0635,17.9596,-273.462],"palmWidth":90.99,"pinchStrength":0.705623,"r":[[0.961573,-0.255959,-0.0993137],[0.271308,0.941302,0.200853],[0.0420742,-0.220079,0.974574]],"s":0.818294,"sphereCenter":[53.6807,260.653,-23.2016],"sphereRadius":46.7001,"stabilizedPalmPosition":[76.0026,276.435,55.5921],"t":[17.9334,-35.1956,-46.4939],"timeVisible":13.6569,"type":"right","wrist":[74.5034,236.543,58.8594]}],"id":4259674,"interactionBox":{"center":[0,200,0],"size":[235.247,235.247,147.751]},"pointables":[{"bases":[[[0.584919,0.67424,0.450856],[-0.705215,0.148163,0.693339],[0.400677,-0.723498,0.562147]],[[0.422225,0.873363,0.242824],[-0.722553,0.162493,0.671948],[0.547397,-0.459166,0.699659]],[[0.422225,0.873363,0.242824],[-0.90596,0.397392,0.145999],[0.0310139,-0.281633,0.959021]],[[0.422225,0.873363,0.242824],[-0.58368,0.466885,-0.664331],[-0.693573,0.138766,0.706895]]],"btipPosition":[32.1368,260.774,-26.9136],"carpPosition":[44.2869,231.498,57.254],"dipPosition":[15.9047,264.021,-10.3697],"direction":[-0.0310139,0.281633,-0.959021],"extended":false,"handId":685,"id":6850,"length":52.1164,"mcpPosition":[44.2869,231.498,57.254],"pipPosition":[16.9621,254.419,22.3287],"stabilizedTipPosition":[38.9692,270.897,-3.42745],"timeVisible":13.6569,"tipPosition":[28.9637,261.338,-22.4336],"tipVelocity":[-44.1059,-15.7937,-278.95],"tool":false,"touchDistance":-0.642526,"touchZone":"touching","type":0,"width":20.25},{"bases":[[[0.96871,-0.0396043,-0.245014],[0.18535,0.77197,0.608036],[0.165063,-0.634424,0.755156]],[[0.977845,-0.0836365,-0.191895],[0.177462,0.817414,0.548034],[0.111022,-0.569947,0.814147]],[[0.977845,-0.0836365,-0.191895],[0.146822,0.927439,0.343947],[0.149205,-0.364502,0.919172]],[[0.977845,-0.0836365,-0.191895],[0.117197,0.978309,0.170811],[0.173447,-0.189516,0.966437]]],"btipPosition":[33.061,334.23,-66.4865],"carpPosition":[56.5442,251.021,62.7766],"dipPosition":[36.0245,330.992,-49.9743],"direction":[-0.149205,0.364502,-0.919172],"extended":true,"handId":685,"id":6851,"length":58.8075,"mcpPosition":[44.4006,297.695,7.2201],"pipPosition":[39.6308,322.182,-27.7576],"stabilizedTipPosition":[46.3035,343.957,-21.234],"timeVisible":13.6569,"tipPosition":[33.1635,333.466,-62.5462],"tipVelocity":[-63.7919,-26.9008,-297.898],"tool":false,"touchDistance":-0.657588,"touchZone":"touching","type":1,"width":19.3428},{"bases":[[[0.936218,-0.255971,-0.240779],[0.350033,0.740045,0.574291],[0.0311851,-0.621942,0.782442]],[[0.935368,-0.242993,-0.256984],[0.0384228,0.792125,-0.609148],[0.351582,0.559904,0.750265]],[[0.935368,-0.242993,-0.256984],[-0.310382,-0.21563,-0.925833],[0.169558,0.945758,-0.277114]],[[0.935368,-0.242993,-0.256984],[-0.353402,-0.670739,-0.652086],[-0.0139171,0.700759,-0.713262]]],"btipPosition":[44.88,228.568,-9.08639],"carpPosition":[68.5622,252.227,60.3824],"dipPosition":[44.6184,241.737,-22.49],"direction":[-0.169558,-0.945758,0.277114],"extended":false,"handId":685,"id":6852,"length":67.0064,"mcpPosition":[66.3865,295.618,5.79295],"pipPosition":[49.44,268.631,-30.3701],"stabilizedTipPosition":[52.9974,241.251,17.158],"timeVisible":13.6569,"tipPosition":[45.0833,231.48,-11.2141],"tipVelocity":[-24.4338,-4.99215,-259.64],"tool":false,"touchDistance":0.333333,"touchZone":"none","type":2,"width":18.9972},{"bases":[[[0.901534,-0.39976,-0.165614],[0.416843,0.699663,0.580271],[-0.116095,-0.592169,0.797407]],[[0.905934,-0.371989,-0.202259],[0.16087,0.744245,-0.648244],[0.39167,0.554729,0.734078]],[[0.905934,-0.371989,-0.202259],[-0.299973,-0.226727,-0.926613],[0.298832,0.900122,-0.316986]],[[0.905934,-0.371989,-0.202259],[-0.409475,-0.648099,-0.642105],[0.107772,0.664524,-0.739454]]],"btipPosition":[59.7775,225.231,-2.83672],"carpPosition":[80.2968,250.274,57.314],"dipPosition":[61.7911,237.647,-16.6527],"direction":[-0.298832,-0.900122,0.316986],"extended":false,"handId":685,"id":6853,"length":64.4285,"mcpPosition":[87.569,287.367,7.36448],"pipPosition":[70.0693,262.582,-25.4338],"stabilizedTipPosition":[66.1406,231.396,39.0298],"timeVisible":13.6569,"tipPosition":[60.4243,228.037,-4.99331],"tipVelocity":[-22.1065,5.37212,-261.774],"tool":false,"touchDistance":0.333333,"touchZone":"none","type":3,"width":18.077},{"bases":[[[0.800688,-0.575682,-0.165796],[0.540084,0.573884,0.615602],[-0.259244,-0.582449,0.770419]],[[0.739622,-0.672669,-0.021807],[0.511012,0.58237,-0.632228],[0.43798,0.456466,0.774476]],[[0.739622,-0.672669,-0.021807],[-0.208099,-0.197758,-0.957907],[0.640042,0.713028,-0.286248]],[[0.739622,-0.672669,-0.021807],[-0.502591,-0.530486,-0.682632],[0.447617,0.51585,-0.730437]]],"btipPosition":[69.6073,236.427,-1.8359],"carpPosition":[90.2955,241.631,52.0328],"dipPosition":[77.3228,245.319,-14.4263],"direction":[-0.640042,-0.713028,0.286248],"extended":false,"handId":685,"id":6854,"length":50.5107,"mcpPosition":[105.328,275.405,7.35988],"pipPosition":[89.8412,259.265,-20.025],"stabilizedTipPosition":[77.9953,240.253,39.4286],"timeVisible":13.6569,"tipPosition":[71.5151,238.345,-3.84662],"tipVelocity":[-25.5282,11.0747,-266.95],"tool":false,"touchDistance":0.333333,"touchZone":"none","type":4,"width":16.0574}],"r":[[0.961573,-0.255959,-0.0993137],[0.271308,0.941302,0.200853],[0.0420742,-0.220079,0.974574]],"s":0.818294,"t":[17.9334,-35.1956,-46.4939],"timestamp":523541090403},false],[2,{"currentFrameRate":109.672,"devices":[],"gestures":[{"center":[57.1925,342.758,11.9825],"duration":81288,"handIds":[685],"id":8,"normal":[0.873872,-0.406037,-0.267361],"pointableIds":[6851],"progress":0.861668,"radius":20.0224,"state":"update","type":"circle"}],"hands":[{"armBasis":[[0.947541,-0.0288886,-0.318325],[0.208028,0.811851,0.545548],[0.242672,-0.58315,0.775272]],"armWidth":63.72,"confidence":0.640145,"direction":[0.0274113,0.728135,-0.684886],"elbow":[139.46,79.8444,264.701],"grabStrength":0,"id":685,"palmNormal":[-0.207135,-0.666135,-0.716491],"palmPosition":[67.0692,274.968,16.3094],"palmVelocity":[-47.7367,41.4054,-297.964],"palmWidth":90.99,"pinchStrength":0.706263,"r":[[0.962452,-0.252779,-0.0989393],[0.268024,0.942666,0.198858],[0.0429996,-0.217909,0.975021]],"s":0.818433,"sphereCenter":[53.1761,261.72,-26.6011],"sphereRadius":46.7032,"stabilizedPalmPosition":[76.0025,276.435,55.5917],"t":[17.4639,-34.7065,-49.2215],"timeVisible":13.666,"type":"right","wrist":[73.9383,237.295,55.3779]}],"id":4259675,"interactionBox":{"center":[0,200,0],"size":[235.247,235.247,147.751]},"pointables":[{"bases":[[[0.584132,0.672903,0.453863],[-0.705095,0.143717,0.694397],[0.402034,-0.725635,0.55841]],[[0.420807,0.872986,0.246612],[-0.723958,0.159367,0.671184],[0.546632,-0.460975,0.699067]],[[0.420807,0.872986,0.246612],[-0.906491,0.394302,0.150997],[0.0345791,-0.287092,0.957279]],[[0.420807,0.872986,0.246612],[-0.586998,0.469308,-0.659685],[-0.691632,0.13284,0.709929]]],"btipPosition":[31.4497,261.904,-30.3871],"carpPosition":[43.7286,232.213,53.7626],"dipPosition":[15.263,265.012,-13.7722],"direction":[-0.0345791,0.287092,-0.957279],"extended":false,"handId":685,"id":6850,"length":52.1164,"mcpPosition":[43.7286,232.213,53.7626],"pipPosition":[16.442,255.224,18.8668],"stabilizedTipPosition":[38.9691,270.897,-3.42765],"timeVisible":13.666,"tipPosition":[28.2721,262.437,-25.8786],"tipVelocity":[-52.4832,22.0271,-306.887],"tool":false,"touchDistance":-0.658464,"touchZone":"touching","type":0,"width":20.25},{"bases":[[[0.968648,-0.0369556,-0.245674],[0.184495,0.769266,0.611712],[0.166383,-0.637859,0.751966]],[[0.977892,-0.0813458,-0.192639],[0.176499,0.815112,0.551762],[0.112139,-0.573564,0.811449]],[[0.977892,-0.0813458,-0.192639],[0.145714,0.925824,0.348737],[0.149981,-0.369098,0.917209]],[[0.977892,-0.0813458,-0.192639],[0.116047,0.977466,0.176333],[0.173954,-0.19479,0.965296]]],"btipPosition":[32.3037,335.545,-69.471],"carpPosition":[55.9594,251.727,59.3746],"dipPosition":[35.2758,332.217,-52.9783],"direction":[-0.149981,0.369098,-0.917209],"extended":true,"handId":685,"id":6851,"length":58.8075,"mcpPosition":[43.7187,298.654,4.05278],"pipPosition":[38.9009,323.296,-30.809],"stabilizedTipPosition":[46.3028,343.957,-21.2361],"timeVisible":13.666,"tipPosition":[32.4146,334.755,-65.5368],"tipVelocity":[-69.1059,19.9846,-306.322],"tool":false,"touchDistance":-0.664997,"touchZone":"touching","type":1,"width":19.3428},{"bases":[[[0.936481,-0.253389,-0.24248],[0.349208,0.737753,0.577732],[0.0324998,-0.625711,0.779378]],[[0.935609,-0.240398,-0.258542],[0.037718,0.796211,-0.603842],[0.351017,0.555209,0.75401]],[[0.935609,-0.240398,-0.258542],[-0.31005,-0.2093,-0.927395],[0.168831,0.947841,-0.270359]],[[0.935609,-0.240398,-0.258542],[-0.352739,-0.666654,-0.656618],[-0.0145083,0.705536,-0.708526]]],"btipPosition":[44.2595,229.644,-12.7361],"carpPosition":[67.9744,252.962,56.9805],"dipPosition":[43.9868,242.902,-26.0507],"direction":[-0.168831,-0.947841,0.270359],"extended":false,"handId":685,"id":6852,"length":67.0064,"mcpPosition":[65.7069,296.617,2.60484],"pipPosition":[48.7878,269.856,-33.7387],"stabilizedTipPosition":[52.9974,241.251,17.158],"timeVisible":13.666,"tipPosition":[44.4581,232.564,-14.8444],"tipVelocity":[-36.6333,29.7877,-298.172],"tool":false,"touchDistance":0.333333,"touchZone":"none","type":2,"width":18.9972},{"bases":[[[0.90205,-0.397595,-0.168003],[0.416081,0.697442,0.583482],[-0.114817,-0.596232,0.794559]],[[0.906394,-0.3696,-0.204563],[0.159469,0.747788,-0.644502],[0.391178,0.551551,0.73673]],[[0.906394,-0.3696,-0.204563],[-0.300011,-0.222296,-0.927673],[0.297395,0.902208,-0.312372]],[[0.906394,-0.3696,-0.204563],[-0.408786,-0.645316,-0.645338],[0.10651,0.668553,-0.735998]]],"btipPosition":[59.1964,226.263,-6.38632],"carpPosition":[79.7104,251.042,53.8969],"dipPosition":[61.1865,238.754,-20.1377],"direction":[-0.297395,-0.902208,0.312372],"extended":false,"handId":685,"id":6853,"length":64.4285,"mcpPosition":[86.9026,288.39,4.12577],"pipPosition":[69.4249,263.747,-28.791],"stabilizedTipPosition":[66.1406,231.396,39.0298],"timeVisible":13.666,"tipPosition":[59.8353,229.082,-8.54228],"tipVelocity":[-33.8379,35.8289,-296.837],"tool":false,"touchDistance":0.333333,"touchZone":"none","type":3,"width":18.077},{"bases":[[[0.801466,-0.573666,-0.168995],[0.539528,0.571677,0.618138],[-0.257994,-0.586595,0.767689]],[[0.740365,-0.671742,-0.024959],[0.510844,0.586388,-0.628639],[0.436919,0.452672,0.777296]],[[0.740365,-0.671742,-0.024959],[-0.20702,-0.192528,-0.959206],[0.639534,0.715329,-0.281605]],[[0.740365,-0.671742,-0.024959],[-0.501529,-0.527278,-0.685891],[0.447582,0.520327,-0.727276]]],"btipPosition":[69.0067,237.489,-5.38672],"carpPosition":[89.7194,242.441,48.5687],"dipPosition":[76.7216,246.457,-17.9226],"direction":[-0.639534,-0.715329,0.281605],"extended":false,"handId":685,"id":6854,"length":50.5107,"mcpPosition":[104.679,276.454,4.0541],"pipPosition":[89.2301,260.448,-23.4305],"stabilizedTipPosition":[77.9953,240.253,39.4285],"timeVisible":13.666,"tipPosition":[70.9109,239.417,-7.39386],"tipVelocity":[-36.7427,40.8719,-300.685],"tool":false,"touchDistance":0.333333,"touchZone":"none","type":4,"width":16.0574}],"r":[[0.962452,-0.252779,-0.0989393],[0.268024,0.942666,0.198858],[0.0429996,-0.217909,0.975021]],"s":0.818433,"t":[17.4639,-34.7065,-49.2215],"timestamp":523541099508},false],[3,{"currentFrameRate":109.736,"devices":[],"gestures":[{"center":[57.1925,342.758,11.9825],"duration":81288,"handIds":[685],"id":8,"normal":[0.873872,-0.406037,-0.267361],"pointableIds":[6851],"progress":0.861668,"radius":20.0224,"state":"update","type":"circle"}],"hands":[{"armBasis":[[0.948996,-0.0270639,-0.314124],[0.202078,0.816974,0.540109],[0.242014,-0.576039,0.780774]],"armWidth":63.72,"confidence":0.640412,"direction":[0.0189779,0.724491,-0.689023],"elbow":[139.067,82.3276,263.761],"grabStrength":0,"id":685,"palmNormal":[-0.202973,-0.672005,-0.712188],"palmPosition":[66.4089,275.247,13.6922],"palmVelocity":[-54.7751,38.5537,-296.014],"palmWidth":90.99,"pinchStrength":0.707503,"r":[[0.963547,-0.248594,-0.0988822],[0.263786,0.944446,0.19606],[0.0446496,-0.214996,0.975594]],"s":0.817879,"sphereCenter":[52.6911,261.561,-29.1868],"sphereRadius":46.6786,"stabilizedPalmPosition":[76.0024,276.435,55.5912],"t":[16.899,-34.3223,-51.8939],"timeVisible":13.675,"type":"right","wrist":[73.7236,237.858,52.9524]}],"id":4259676,"interactionBox":{"center":[0,200,0],"size":[235.247,235.247,147.751]},"pointables":[{"bases":[[[0.579195,0.680716,0.448507],[-0.704527,0.141217,0.695485],[0.41009,-0.718807,0.561375]],[[0.413288,0.878316,0.24032],[-0.725357,0.157992,0.669997],[0.5505,-0.451219,0.702389]],[[0.413288,0.878316,0.24032],[-0.909621,0.385967,0.153686],[0.0422291,-0.282117,0.95845]],[[0.413288,0.878316,0.24032],[-0.594084,0.460085,-0.659838],[-0.690114,0.129932,0.711941]]],"btipPosition":[30.7888,261.595,-32.9553],"carpPosition":[43.5572,232.494,51.4472],"dipPosition":[14.6377,264.636,-16.2934],"direction":[-0.0422291,0.282117,-0.95845],"extended":false,"handId":685,"id":6850,"length":52.1164,"mcpPosition":[43.5572,232.494,51.4472],"pipPosition":[16.0775,255.017,16.3856],"stabilizedTipPosition":[38.969,270.897,-3.42787],"timeVisible":13.675,"tipPosition":[27.5944,262.132,-28.4235],"tipVelocity":[-57.9881,6.10004,-300.666],"tool":false,"touchDistance":-0.659313,"touchZone":"touching","type":0,"width":20.25},{"bases":[[[0.968289,-0.0295484,-0.248081],[0.179119,0.774336,0.606894],[0.174165,-0.632085,0.755073]],[[0.978092,-0.073647,-0.194709],[0.17053,0.819907,0.546509],[0.119395,-0.56774,0.814504]],[[0.978092,-0.073647,-0.194709],[0.138306,0.928952,0.343393],[0.155586,-0.3628,0.918787]],[[0.978092,-0.073647,-0.194709],[0.10782,0.979319,0.171197],[0.178074,-0.18844,0.965805]]],"btipPosition":[30.8792,335.031,-72.3355],"carpPosition":[55.625,252.149,56.9168],"dipPosition":[33.9217,331.812,-55.8341],"direction":[-0.155586,0.3628,-0.918787],"extended":true,"handId":685,"id":6851,"length":58.8075,"mcpPosition":[42.8118,298.651,1.36635],"pipPosition":[37.6823,323.043,-33.6267],"stabilizedTipPosition":[46.302,343.956,-21.2388],"timeVisible":13.675,"tipPosition":[31.0119,334.26,-68.3982],"tipVelocity":[-93.1018,-0.420428,-309.564],"tool":false,"touchDistance":-0.669768,"touchZone":"touching","type":1,"width":19.3428},{"bases":[[[0.938099,-0.246243,-0.243588],[0.344022,0.744127,0.572646],[0.0402505,-0.620998,0.782778]],[[0.937071,-0.233407,-0.259651],[0.0295474,0.794039,-0.607148],[0.347886,0.561269,0.750968]],[[0.937071,-0.233407,-0.259651],[-0.310212,-0.215358,-0.925953],[0.160206,0.948231,-0.274212]],[[0.937071,-0.233407,-0.259651],[-0.348438,-0.672289,-0.65316],[-0.022108,0.70253,-0.711311]]],"btipPosition":[43.9052,229.586,-15.162],"carpPosition":[67.6219,253.479,54.4832],"dipPosition":[43.4898,242.788,-28.5289],"direction":[-0.160206,-0.948231,0.274212],"extended":false,"handId":685,"id":6852,"length":67.0064,"mcpPosition":[64.8137,296.805,-0.129591],"pipPosition":[48.0455,269.752,-36.3265],"stabilizedTipPosition":[52.9974,241.251,17.158],"timeVisible":13.675,"tipPosition":[44.0713,232.494,-17.2868],"tipVelocity":[-38.3861,19.4356,-290.696],"tool":false,"touchDistance":0.333333,"touchZone":"none","type":2,"width":18.9972},{"bases":[[[0.905176,-0.390334,-0.168212],[0.411273,0.704457,0.578441],[-0.107287,-0.592772,0.798192]],[[0.909186,-0.362351,-0.205143],[0.155178,0.752034,-0.640597],[0.386395,0.550588,0.739967]],[[0.909186,-0.362351,-0.205143],[-0.297071,-0.219246,-0.929344],[0.291771,0.905888,-0.306979]],[[0.909186,-0.362351,-0.205143],[-0.403752,-0.646711,-0.647108],[0.101812,0.671168,-0.734281]]],"btipPosition":[58.8383,226.545,-9.45813],"carpPosition":[79.3667,251.649,51.3788],"dipPosition":[60.7405,239.085,-23.1774],"direction":[-0.291771,-0.905888,0.306979],"extended":false,"handId":685,"id":6853,"length":64.4285,"mcpPosition":[86.0872,288.78,1.38007],"pipPosition":[68.8232,264.18,-31.6814],"stabilizedTipPosition":[66.1406,231.396,39.0297],"timeVisible":13.675,"tipPosition":[59.4659,229.321,-11.4708],"tipVelocity":[-36.0913,34.939,-308.842],"tool":false,"touchDistance":0.333333,"touchZone":"none","type":3,"width":18.077},{"bases":[[[0.806195,-0.567313,-0.167947],[0.535949,0.580014,0.613467],[-0.250616,-0.584585,0.771655]],[[0.745866,-0.665726,-0.0221957],[0.506271,0.588241,-0.630604],[0.432866,0.45911,0.775787]],[[0.745866,-0.665726,-0.0221957],[-0.204813,-0.197506,-0.958667],[0.633826,0.719584,-0.283662]],[[0.745866,-0.665726,-0.0221957],[-0.497149,-0.534201,-0.68372],[0.443313,0.520998,-0.729407]]],"btipPosition":[68.6274,237.717,-7.9833],"carpPosition":[89.4393,243.108,46.0718],"dipPosition":[76.2687,246.698,-20.5559],"direction":[-0.633826,-0.719584,0.283662],"extended":false,"handId":685,"id":6854,"length":50.5107,"mcpPosition":[103.971,277.006,1.32717],"pipPosition":[88.6655,260.772,-26.104],"stabilizedTipPosition":[77.9953,240.253,39.4283],"timeVisible":13.675,"tipPosition":[70.5092,239.643,-9.98548],"tipVelocity":[-38.747,36.715,-297.618],"tool":false,"touchDistance":0.333333,"touchZone":"none","type":4,"width":16.0574}],"r":[[0.963547,-0.248594,-0.0988822],[0.263786,0.944446,0.19606],[0.0446496,-0.214996,0.975594]],"s":0.817879,"t":[16.899,-34.3223,-51.8939],"timestamp":523541108506},false],[4,{"currentFrameRate":109.669,"devices":[],"gestures":[{"center":[57.1925,342.758,11.9825],"duration":81288,"handIds":[685],"id":8,"normal":[0.873872,-0.406037,-0.267361],"pointableIds":[6851],"progress":0.861668,"radius":20.0224,"state":"update","type":"circle"}],"hands":[{"armBasis":[[0.948515,-0.0273618,-0.315548],[0.202144,0.819273,0.536591],[0.243838,-0.572751,0.782624]],"armWidth":63.72,"confidence":0.638633,"direction":[0.0219687,0.729373,-0.683764],"elbow":[138.839,83.4454,261.77],"grabStrength":0,"id":685,"palmNormal":[-0.202659,-0.666481,-0.717448],"palmPosition":[65.8508,275.771,11.4544],"palmVelocity":[-56.3584,43.6766,-280.918],"palmWidth":90.99,"pinchStrength":0.71142,"r":[[0.964357,-0.245482,-0.0987657],[0.260675,0.945467,0.195294],[0.0454385,-0.214079,0.975759]],"s":0.817195,"sphereCenter":[52.3697,262.343,-31.6189],"sphereRadius":46.6751,"stabilizedPalmPosition":[76.0023,276.435,55.5907],"t":[16.3376,-33.8679,-54.349],"timeVisible":13.6842,"type":"right","wrist":[73.0027,238.088,50.4619]}],"id":4259677,"interactionBox":{"center":[0,200,0],"size":[235.247,235.247,147.751]},"pointables":[{"bases":[[[0.579499,0.67634,0.454693],[-0.705837,0.137617,0.694878],[0.4074,-0.72362,0.557135]],[[0.413935,0.876172,0.246942],[-0.728665,0.156317,0.666793],[0.545624,-0.455947,0.703141]],[[0.413935,0.876172,0.246942],[-0.909321,0.385362,0.156946],[0.0423497,-0.289515,0.956236]],[[0.413935,0.876172,0.246942],[-0.593535,0.465453,-0.656559],[-0.690198,0.125204,0.712706]]],"btipPosition":[30.3023,262.495,-35.5327],"carpPosition":[42.8293,232.794,48.8498],"dipPosition":[14.1491,265.425,-18.8528],"direction":[-0.0423497,0.289515,-0.956236],"extended":false,"handId":685,"id":6850,"length":52.1164,"mcpPosition":[42.8293,232.794,48.8498],"pipPosition":[15.5931,255.554,13.7507],"stabilizedTipPosition":[38.9689,270.897,-3.42815],"timeVisible":13.6842,"tipPosition":[27.0785,263.023,-30.9753],"tipVelocity":[-56.5095,30.9394,-294.457],"tool":false,"touchDistance":-0.660313,"touchZone":"touching","type":0,"width":20.25},{"bases":[[[0.968793,-0.0296786,-0.246087],[0.179246,0.769611,0.612838],[0.171203,-0.637823,0.750913]],[[0.978407,-0.0742892,-0.192876],[0.170828,0.81597,0.552278],[0.116353,-0.573301,0.811041]],[[0.978407,-0.0742892,-0.192876],[0.139389,0.926192,0.350342],[0.152614,-0.369661,0.916548]],[[0.978407,-0.0742892,-0.192876],[0.109508,0.977753,0.178906],[0.175295,-0.196164,0.964775]]],"btipPosition":[30.6451,336.227,-74.2381],"carpPosition":[54.923,252.386,54.4876],"dipPosition":[33.6402,332.875,-57.7544],"direction":[-0.152614,0.369661,-0.916548],"extended":true,"handId":685,"id":6851,"length":58.8075,"mcpPosition":[42.3277,299.31,-0.756785],"pipPosition":[37.3289,323.94,-35.6011],"stabilizedTipPosition":[46.301,343.956,-21.2422],"timeVisible":13.6842,"tipPosition":[30.7752,335.432,-70.3032],"tipVelocity":[-74.4116,35.11,-280.603],"tool":false,"touchDistance":-0.659725,"touchZone":"touching","type":1,"width":19.3428},{"bases":[[[0.938169,-0.24634,-0.243218],[0.344167,0.739323,0.578749],[0.0372475,-0.626672,0.778393]],[[0.937214,-0.233503,-0.259049],[0.0339894,0.800401,-0.5985],[0.347094,0.552118,0.758084]],[[0.937214,-0.233503,-0.259049],[-0.307694,-0.203949,-0.92937],[0.164178,0.950727,-0.262992]],[[0.937214,-0.233503,-0.259049],[-0.348304,-0.664448,-0.661206],[-0.0177307,0.709919,-0.70406]]],"btipPosition":[43.2638,230.443,-18.0467],"carpPosition":[66.928,253.71,52.0909],"dipPosition":[42.9306,243.784,-31.2774],"direction":[-0.164178,-0.950727,0.262992],"extended":false,"handId":685,"id":6852,"length":67.0064,"mcpPosition":[64.3293,297.432,-2.21596],"pipPosition":[47.5993,270.819,-38.7559],"stabilizedTipPosition":[52.9974,241.251,17.158],"timeVisible":13.6842,"tipPosition":[43.4476,233.356,-20.1166],"tipVelocity":[-46.5262,41.0112,-295.799],"tool":false,"touchDistance":0.333333,"touchZone":"none","type":2,"width":18.9972},{"bases":[[[0.904793,-0.390903,-0.168952],[0.411327,0.699481,0.584411],[-0.11027,-0.598266,0.793674]],[[0.908944,-0.362643,-0.205697],[0.158013,0.75621,-0.634964],[0.385815,0.544644,0.744654]],[[0.908944,-0.362643,-0.205697],[-0.295419,-0.21207,-0.931533],[0.294192,0.907478,-0.299891]],[[0.908944,-0.362643,-0.205697],[-0.403539,-0.641254,-0.652648],[0.104775,0.676227,-0.729205]]],"btipPosition":[58.2382,227.246,-12.0544],"carpPosition":[78.6763,251.878,49.0001],"dipPosition":[60.1958,239.88,-25.6789],"direction":[-0.294192,-0.907478,0.299891],"extended":false,"handId":685,"id":6853,"length":64.4285,"mcpPosition":[85.5836,289.354,-0.715601],"pipPosition":[68.3455,265.019,-33.9865],"stabilizedTipPosition":[66.1406,231.396,39.0297],"timeVisible":13.6842,"tipPosition":[58.8733,230.039,-14.0625],"tipVelocity":[-43.8087,47.0887,-300.376],"tool":false,"touchDistance":0.333333,"touchZone":"none","type":3,"width":18.077},{"bases":[[[0.805465,-0.567683,-0.170181],[0.53568,0.574544,0.618827],[-0.253521,-0.589606,0.766871]],[[0.743781,-0.668005,-0.0236418],[0.512989,0.593142,-0.620504],[0.428523,0.449391,0.783847]],[[0.743781,-0.668005,-0.0236418],[-0.198009,-0.186412,-0.962311],[0.638422,0.72043,-0.270921]],[[0.743781,-0.668005,-0.0236418],[-0.494374,-0.525961,-0.692069],[0.449871,0.526436,-0.721444]]],"btipPosition":[68.0514,238.49,-10.7943],"carpPosition":[88.7442,243.357,43.6549],"dipPosition":[75.8057,247.564,-23.2297],"direction":[-0.638422,-0.72043,0.270921],"extended":false,"handId":685,"id":6854,"length":50.5107,"mcpPosition":[103.445,277.545,-0.812344],"pipPosition":[88.2925,261.655,-28.5285],"stabilizedTipPosition":[77.9952,240.253,39.4282],"timeVisible":13.6842,"tipPosition":[69.9434,240.407,-12.728],"tipVelocity":[-44.5814,50.5413,-298.53],"tool":false,"touchDistance":0.333333,"touchZone":"none","type":4,"width":16.0574}],"r":[[0.964357,-0.245482,-0.0987657],[0.260675,0.945467,0.195294],[0.0454385,-0.214079,0.975759]],"s":0.817195,"t":[16.3376,-33.8679,-54.349],"timestamp":523541117744},false],[5,{"currentFrameRate":109.825,"devices":[],"gestures":[{"center":[57.1925,342.758,11.9825],"duration":81288,"handIds":[685],"id":8,"normal":[0.873872,-0.406037,-0.267361],"pointableIds":[6851],"progress":0.861668,"radius":20.0224,"state":"update","type":"circle"}],"hands":[{"armBasis":[[0.946107,-0.031967,-0.322274],[0.204193,0.831275,0.516998],[0.251371,-0.554942,0.793002]],"armWidth":63.72,"confidence":0.644054,"direction":[0.0230466,0.728993,-0.684133],"elbow":[140.014,88.7545,261.501],"grabStrength":0,"id":685,"palmNormal":[-0.205161,-0.666301,-0.716904],"palmPosition":[65.0439,276.272,8.37314],"palmVelocity":[-65.825,47.1925,-299.317],"palmWidth":90.99,"pinchStrength":0.724379,"r":[[0.964851,-0.243489,-0.0988692],[0.258707,0.946164,0.194534],[0.0461797,-0.213274,0.9759]],"s":0.815968,"sphereCenter":[51.6943,262.774,-34.7628],"sphereRadius":46.6494,"stabilizedPalmPosition":[76.0021,276.435,55.5901],"t":[15.6534,-33.3904,-57.1171],"timeVisible":13.6931,"type":"right","wrist":[72.1442,238.589,47.3903]}],"id":4259678,"interactionBox":{"center":[0,200,0],"size":[235.247,235.247,147.751]},"pointables":[{"bases":[[[0.581727,0.67508,0.453718],[-0.704699,0.139735,0.69561],[0.406192,-0.72439,0.557016]],[[0.415634,0.87588,0.245118],[-0.73069,0.161072,0.663437],[0.541609,-0.454852,0.706943]],[[0.415634,0.87588,0.245118],[-0.908446,0.386613,0.158922],[0.0444308,-0.28873,0.956379]],[[0.415634,0.87588,0.245118],[-0.593345,0.465367,-0.656791],[-0.68934,0.127545,0.713122]]],"btipPosition":[29.538,262.935,-38.7721],"carpPosition":[41.9557,233.371,45.8148],"dipPosition":[13.4049,265.92,-22.0825],"direction":[-0.0444308,0.28873,-0.956379],"extended":false,"handId":685,"id":6850,"length":52.1164,"mcpPosition":[41.9557,233.371,45.8148],"pipPosition":[14.9198,256.076,10.5259],"stabilizedTipPosition":[38.9687,270.896,-3.42851],"timeVisible":13.6931,"tipPosition":[26.2402,263.535,-34.1855],"tipVelocity":[-64.4891,36.4437,-313.969],"tool":false,"touchDistance":-0.671173,"touchZone":"touching","type":0,"width":20.25},{"bases":[[[0.968436,-0.0322533,-0.247167],[0.181892,0.769441,0.612271],[0.170433,-0.637903,0.751021]],[[0.978023,-0.0770293,-0.193745],[0.173483,0.816087,0.551276],[0.115649,-0.572772,0.811515]],[[0.978023,-0.0770293,-0.193745],[0.142287,0.925815,0.350174],[0.152399,-0.370046,0.916428]],[[0.978023,-0.0770293,-0.193745],[0.112538,0.977293,0.179536],[0.175517,-0.197394,0.964484]]],"btipPosition":[29.9159,336.789,-77.3165],"carpPosition":[54.1055,252.934,51.4297],"dipPosition":[32.9147,333.416,-60.8377],"direction":[-0.152399,0.370046,-0.916428],"extended":true,"handId":685,"id":6851,"length":58.8075,"mcpPosition":[41.5668,299.864,-3.82261],"pipPosition":[36.5982,324.472,-38.6873],"stabilizedTipPosition":[46.2998,343.955,-21.2462],"timeVisible":13.6931,"tipPosition":[30.0511,335.988,-73.3812],"tipVelocity":[-76.5981,42.6734,-299.033],"tool":false,"touchDistance":-0.668278,"touchZone":"touching","type":1,"width":19.3428},{"bases":[[[0.937266,-0.248835,-0.244161],[0.346696,0.738719,0.57801],[0.0365371,-0.626398,0.778646]],[[0.936336,-0.236132,-0.259838],[0.0387959,0.805111,-0.591854],[0.348954,0.544094,0.763015]],[[0.936336,-0.236132,-0.259838],[-0.307449,-0.194037,-0.931571],[0.169556,0.952151,-0.254282]],[[0.936336,-0.236132,-0.259838],[-0.35083,-0.658492,-0.665813],[-0.0138817,0.714584,-0.699412]]],"btipPosition":[42.1815,231.2,-21.7092],"carpPosition":[66.1111,254.227,49.0188],"dipPosition":[41.9207,244.628,-34.8525],"direction":[-0.169556,-0.952151,0.254282],"extended":false,"handId":685,"id":6852,"length":67.0064,"mcpPosition":[63.5619,297.93,-5.30575],"pipPosition":[46.7422,271.704,-42.0834],"stabilizedTipPosition":[52.9974,241.251,17.1579],"timeVisible":13.6931,"tipPosition":[42.3963,234.076,-23.6548],"tipVelocity":[-66.5661,53.6959,-327.348],"tool":false,"touchDistance":0.333333,"touchZone":"none","type":2,"width":18.9972},{"bases":[[[0.903606,-0.393278,-0.169789],[0.413762,0.698709,0.583616],[-0.11089,-0.597611,0.794081]],[[0.907797,-0.364959,-0.206663],[0.160418,0.757419,-0.632917],[0.387519,0.541407,0.746128]],[[0.907797,-0.364959,-0.206663],[-0.295984,-0.208365,-0.932189],[0.29715,0.907408,-0.297176]],[[0.907797,-0.364959,-0.206663],[-0.405619,-0.638649,-0.653912],[0.106666,0.677446,-0.727798]]],"btipPosition":[57.2585,227.814,-15.3317],"carpPosition":[77.8511,252.364,45.9156],"dipPosition":[59.2514,240.471,-28.9299],"direction":[-0.29715,-0.907408,0.297176],"extended":false,"handId":685,"id":6853,"length":64.4285,"mcpPosition":[84.7973,289.798,-3.82558],"pipPosition":[67.4831,265.608,-37.1623],"stabilizedTipPosition":[66.1406,231.396,39.0296],"timeVisible":13.6931,"tipPosition":[57.8982,230.597,-17.326],"tipVelocity":[-61.7024,51.921,-319.333],"tool":false,"touchDistance":0.333333,"touchZone":"none","type":3,"width":18.077},{"bases":[[[0.803829,-0.569806,-0.170822],[0.537835,0.573473,0.61795],[-0.25415,-0.5886,0.767436]],[[0.741717,-0.670302,-0.0234996],[0.51491,0.591522,-0.620459],[0.429795,0.448105,0.783887]],[[0.741717,-0.670302,-0.0234996],[-0.198213,-0.185589,-0.962428],[0.640756,0.718507,-0.270517]],[[0.741717,-0.670302,-0.0234996],[-0.495824,-0.524382,-0.69223],[0.45168,0.52509,-0.721295]]],"btipPosition":[67.1131,238.996,-13.9307],"carpPosition":[87.8914,243.814,40.563],"dipPosition":[74.8987,248.046,-26.3635],"direction":[-0.640756,-0.718507,0.270517],"extended":false,"handId":685,"id":6854,"length":50.5107,"mcpPosition":[102.628,277.944,-3.93692],"pipPosition":[87.4311,262.1,-31.6545],"stabilizedTipPosition":[77.9952,240.253,39.4279],"timeVisible":13.6931,"tipPosition":[69.0113,240.907,-15.8773],"tipVelocity":[-61.029,52.1958,-313.842],"tool":false,"touchDistance":0.333333,"touchZone":"none","type":4,"width":16.0574}],"r":[[0.964851,-0.243489,-0.0988692],[0.258707,0.946164,0.194534],[0.0461797,-0.213274,0.9759]],"s":0.815968,"t":[15.6534,-33.3904,-57.1171],"timestamp":523541126572},false],[6,{"currentFrameRate":109.863,"devices":[],"gestures":[{"center":[57.1925,342.758,11.9825],"duration":81288,"handIds":[685],"id":8,"normal":[0.873872,-0.406037,-0.267361],"pointableIds":[6851],"progress":0.861668,"radius":20.0224,"state":"stop","type":"circle"}],"hands":[{"armBasis":[[0.944592,-0.0336959,-0.326512],[0.206208,0.834847,0.510401],[0.255389,-0.54945,0.795538]],"armWidth":63.72,"confidence":0.6456,"direction":[0.0237743,0.733594,-0.679172],"elbow":[140.432,90.5432,259.834],"grabStrength":0,"id":685,"palmNormal":[-0.20752,-0.660945,-0.721171],"palmPosition":[64.4093,276.859,6.28897],"palmVelocity":[-67.0426,52.082,-280.417],"palmWidth":90.99,"pinchStrength":0.732838,"r":[[0.965113,-0.242179,-0.099532],[0.257595,0.946341,0.19515],[0.04693,-0.213981,0.97571]],"s":0.814424,"sphereCenter":[51.1904,263.607,-36.9927],"sphereRadius":46.6227,"stabilizedPalmPosition":[76.002,276.435,55.5893],"t":[14.994,-32.8584,-59.5433],"timeVisible":13.7021,"type":"right","wrist":[71.4766,238.895,45.039]}],"id":4259679,"interactionBox":{"center":[0,200,0],"size":[235.247,235.247,147.751]},"pointables":[{"bases":[[[0.583772,0.670701,0.45757],[-0.703514,0.136515,0.697447],[0.405313,-0.729057,0.551541]],[[0.416728,0.874195,0.249242],[-0.732698,0.160733,0.661301],[0.538045,-0.458201,0.707502]],[[0.416728,0.874195,0.249242],[-0.907829,0.386129,0.163558],[0.0467419,-0.294428,0.95453]],[[0.416728,0.874195,0.249242],[-0.592986,0.469239,-0.654356],[-0.688989,0.124892,0.71393]]],"btipPosition":[28.948,263.741,-41.1042],"carpPosition":[41.2748,233.753,43.4665],"dipPosition":[12.8232,266.664,-24.3956],"direction":[-0.0467419,0.294428,-0.95453],"extended":false,"handId":685,"id":6850,"length":52.1164,"mcpPosition":[41.2748,233.753,43.4665],"pipPosition":[14.4169,256.625,8.14964],"stabilizedTipPosition":[38.9685,270.896,-3.42905],"timeVisible":13.7021,"tipPosition":[25.5774,264.396,-36.4934],"tipVelocity":[-64.657,50.5454,-298.459],"tool":false,"touchDistance":-0.667305,"touchZone":"touching","type":0,"width":20.25},{"bases":[[[0.96805,-0.0326711,-0.248618],[0.184344,0.764846,0.617274],[0.169988,-0.643384,0.746433]],[[0.97763,-0.0779778,-0.195341],[0.175917,0.812225,0.556186],[0.115291,-0.578108,0.807774]],[[0.97763,-0.0779778,-0.195341],[0.144875,0.922942,0.356636],[0.152479,-0.376958,0.913593]],[[0.97763,-0.0779778,-0.195341],[0.115199,0.975561,0.187108],[0.175977,-0.205425,0.962721]]],"btipPosition":[29.3231,338.043,-78.95],"carpPosition":[53.4743,253.251,49.1992],"dipPosition":[32.3297,334.533,-62.5014],"direction":[-0.152479,0.376958,-0.913593],"extended":true,"handId":685,"id":6851,"length":58.8075,"mcpPosition":[40.9684,300.585,-5.71553],"pipPosition":[36.0152,325.422,-40.4194],"stabilizedTipPosition":[46.2979,343.954,-21.2522],"timeVisible":13.7021,"tipPosition":[29.4649,337.21,-75.0199],"tipVelocity":[-73.5199,68.1902,-266.681],"tool":false,"touchDistance":-0.654391,"touchZone":"touching","type":1,"width":19.3428},{"bases":[[[0.936411,-0.2492,-0.24705],[0.349038,0.734001,0.582594],[0.0361525,-0.631777,0.774307]],[[0.935498,-0.236479,-0.26253],[0.0414526,0.811333,-0.583113],[0.350893,0.534618,0.768803]],[[0.935498,-0.236479,-0.26253],[-0.308124,-0.18236,-0.933705],[0.172927,0.95437,-0.243462]],[[0.935498,-0.236479,-0.26253],[-0.353138,-0.650414,-0.672499],[-0.0117209,0.721831,-0.691971]]],"btipPosition":[41.347,232.14,-24.3698],"carpPosition":[65.4797,254.534,46.7819],"dipPosition":[41.1268,245.705,-37.3733],"direction":[-0.172927,-0.95437,0.243462],"extended":false,"handId":685,"id":6852,"length":67.0064,"mcpPosition":[62.9574,298.612,-7.23993],"pipPosition":[46.0442,272.843,-44.2965],"stabilizedTipPosition":[52.9974,241.251,17.1578],"timeVisible":13.7021,"tipPosition":[41.5693,235.023,-26.2754],"tipVelocity":[-73.3897,68.5273,-317.323],"tool":false,"touchDistance":0.333333,"touchZone":"none","type":2,"width":18.9972},{"bases":[[[0.902531,-0.394073,-0.173622],[0.416023,0.693807,0.587841],[-0.111192,-0.602775,0.790126]],[[0.906771,-0.365198,-0.210704],[0.162965,0.764486,-0.623702],[0.388855,0.531218,0.752728]],[[0.906771,-0.365198,-0.210704],[-0.296059,-0.1957,-0.934907],[0.300191,0.910128,-0.285575]],[[0.906771,-0.365198,-0.210704],[-0.407376,-0.630066,-0.661107],[0.108677,0.685308,-0.720099]]],"btipPosition":[56.4564,228.674,-18.1087],"carpPosition":[77.2117,252.667,43.6511],"dipPosition":[58.487,241.478,-31.563],"direction":[-0.300191,-0.910128,0.285575],"extended":false,"handId":685,"id":6853,"length":64.4285,"mcpPosition":[84.