{"sensorType":"Leap","data":[[0,{"currentFrameRate":110.382,"devices":[],"gestures":[],"hands":[{"armBasis":[[0.929019,0.038311,-0.368042],[0.144454,0.878155,0.456044],[0.34067,-0.476839,0.810289]],"armWidth":63.72,"confidence":0.487856,"direction":[0.00949791,0.756188,-0.654286],"elbow":[161.005,123.241,240.592],"grabStrength":0,"id":685,"palmNormal":[-0.151545,-0.645669,-0.748429],"palmPosition":[61.3485,290.842,-15.9235],"palmVelocity":[-12.6234,-12.6366,58.6706],"palmWidth":90.99,"pinchStrength":0.814725,"r":[[0.980086,-0.185039,-0.0720546],[0.196524,0.955853,0.218456],[0.0284508,-0.228266,0.973183]],"s":0.812149,"sphereCenter":[42.3647,281.587,-57.0085],"sphereRadius":46.2143,"stabilizedPalmPosition":[61.6516,291.209,-17.6229],"t":[11.3817,-18.1948,-84.9635],"timeVisible":17.4984,"type":"right","wrist":[69.0246,251.988,21.8144]}],"id":4260090,"interactionBox":{"center":[0,200,0],"size":[235.247,235.247,147.751]},"pointables":[{"bases":[[[0.535131,0.682301,0.498097],[-0.731396,0.0791583,0.677343],[0.422724,-0.726773,0.541392]],[[0.319189,0.917464,0.237441],[-0.7946,0.122552,0.594637],[0.516459,-0.378472,0.768134]],[[0.319189,0.917464,0.237441],[-0.946349,0.295242,0.131362],[0.0504178,-0.266631,0.962479]],[[0.319189,0.917464,0.237441],[-0.558958,0.384583,-0.734617],[-0.7653,0.101763,0.635579]]],"btipPosition":[29.5893,271.058,-66.9721],"carpPosition":[39.1779,245.456,19.0624],"dipPosition":[11.6785,273.439,-52.0973],"direction":[-0.0504178,0.266631,-0.962479],"extended":false,"handId":685,"id":6850,"length":52.1164,"mcpPosition":[39.1779,245.456,19.0624],"pipPosition":[13.3976,264.348,-19.281],"stabilizedTipPosition":[26.0404,271.219,-66.0434],"timeVisible":17.4984,"tipPosition":[25.0521,271.778,-64.1119],"tipVelocity":[-14.1438,13.6488,59.6417],"tool":false,"touchDistance":-0.231132,"touchZone":"touching","type":0,"width":20.25},{"bases":[[[0.975968,0.0222116,-0.21678],[0.126639,0.751753,0.647171],[0.17734,-0.65907,0.730874]],[[0.971697,0.0371462,-0.233292],[0.105044,0.81661,0.56755],[0.211591,-0.575993,0.789596]],[[0.971697,0.0371462,-0.233292],[0.0610566,0.914512,0.399924],[0.228204,-0.402849,0.886361]],[[0.971697,0.0371462,-0.233292],[0.0252712,0.965547,0.258998],[0.234876,-0.257563,0.93728]]],"btipPosition":[18.5485,352.687,-99.31],"carpPosition":[50.2146,265.316,25.8207],"dipPosition":[22.5615,348.286,-83.296],"direction":[-0.228204,0.402849,-0.886361],"extended":true,"handId":685,"id":6851,"length":58.8075,"mcpPosition":[37.1678,313.803,-27.9494],"pipPosition":[28.0773,338.549,-61.8723],"stabilizedTipPosition":[20.3498,351.158,-98.3426],"timeVisible":17.4984,"tipPosition":[19.8173,351.739,-95.639],"tipVelocity":[-30.5865,19.1204,93.5694],"tool":false,"touchDistance":-0.211115,"touchZone":"touching","type":1,"width":19.3428},{"bases":[[[0.954969,-0.195519,-0.223172],[0.293678,0.730033,0.617093],[0.0422701,-0.654846,0.754579]],[[0.955328,-0.201729,-0.215996],[0.0449772,0.821551,-0.568358],[0.292106,0.533253,0.793924]],[[0.955328,-0.201729,-0.215996],[-0.269385,-0.29371,-0.917151],[0.121576,0.934366,-0.334933]],[[0.955328,-0.201729,-0.215996],[-0.291054,-0.769116,-0.568989],[-0.0513441,0.606437,-0.793472]]],"btipPosition":[42.6928,249.272,-42.6265],"carpPosition":[62.2138,267.254,23.8513],"dipPosition":[41.7279,260.668,-57.5374],"direction":[-0.121576,-0.934366,0.334933],"extended":false,"handId":685,"id":6852,"length":67.0064,"mcpPosition":[59.2647,312.941,-28.7942],"pipPosition":[45.1851,287.238,-67.0617],"stabilizedTipPosition":[43.797,252.287,-50.135],"timeVisible":17.4984,"tipPosition":[42.3153,252.343,-47.1512],"tipVelocity":[-15.5994,-1.99549,59.084],"tool":false,"touchDistance":0.333333,"touchZone":"none","type":2,"width":18.9972},{"bases":[[[0.925907,-0.344227,-0.155577],[0.362354,0.692952,0.623312],[-0.106753,-0.633503,0.766341]],[[0.929206,-0.320701,-0.18365],[0.158656,0.794987,-0.585511],[0.333773,0.514923,0.789588]],[[0.929206,-0.320701,-0.18365],[-0.279641,-0.285264,-0.916747],[0.241613,0.903203,-0.35475]],[[0.929206,-0.320701,-0.18365],[-0.366926,-0.74135,-0.56193],[0.0440625,0.589534,-0.806541]]],"btipPosition":[58.3756,246.699,-37.3258],"carpPosition":[74.1179,266.058,21.0596],"dipPosition":[59.1989,257.714,-52.3952],"direction":[-0.241613,-0.903203,0.35475],"extended":false,"handId":685,"id":6853,"length":64.4285,"mcpPosition":[80.8049,305.741,-26.944],"pipPosition":[65.892,282.734,-62.2225],"stabilizedTipPosition":[59.954,250.192,-45.5769],"timeVisible":17.4984,"tipPosition":[58.442,249.702,-41.8921],"tipVelocity":[-14.6418,-8.43213,63.678],"tool":false,"touchDistance":0.333333,"touchZone":"none","type":3,"width":18.077},{"bases":[[[0.834644,-0.524966,-0.166672],[0.49109,0.572267,0.656765],[-0.249398,-0.630016,0.735445]],[[0.766456,-0.642154,-0.0135746],[0.530299,0.644591,-0.550713],[0.362393,0.414899,0.834584]],[[0.766456,-0.642154,-0.0135746],[-0.207689,-0.227782,-0.951305],[0.607792,0.731952,-0.307953]],[[0.766456,-0.642154,-0.0135746],[-0.514939,-0.601709,-0.610561],[0.383906,0.474958,-0.791853]]],"btipPosition":[67.8513,257.559,-36.7756],"carpPosition":[84.7088,258.201,15.7074],"dipPosition":[74.4686,265.746,-50.4246],"direction":[-0.607792,-0.731952,0.307953],"extended":false,"handId":685,"id":6854,"length":50.5107,"mcpPosition":[99.1702,294.732,-26.9376],"pipPosition":[86.3563,280.062,-56.4478],"stabilizedTipPosition":[71.115,259.879,-43.3686],"timeVisible":17.4984,"tipPosition":[69.5112,259.688,-40.7107],"tipVelocity":[-20.9034,-5.80672,60.8698],"tool":false,"touchDistance":0.333333,"touchZone":"none","type":4,"width":16.0574}],"r":[[0.980086,-0.185039,-0.0720546],[0.196524,0.955853,0.218456],[0.0284508,-0.228266,0.973183]],"s":0.812149,"t":[11.3817,-18.1948,-84.9635],"timestamp":523544931915},true],[1,{"currentFrameRate":110.391,"devices":[],"gestures":[],"hands":[{"armBasis":[[0.927546,0.0428399,-0.371244],[0.143011,0.8771,0.458523],[0.345262,-0.478393,0.807425]],"armWidth":63.72,"confidence":0.442885,"direction":[0.0120618,0.766233,-0.642449],"elbow":[161.99,122.443,240.398],"grabStrength":0,"id":685,"palmNormal":[-0.149611,-0.633881,-0.758823],"palmPosition":[61.2382,291.05,-14.7615],"palmVelocity":[-12.5069,-2.82754,77.9202],"palmWidth":90.99,"pinchStrength":0.810442,"r":[[0.980008,-0.184932,-0.0733737],[0.19691,0.954318,0.224729],[0.0284623,-0.234684,0.971655]],"s":0.812243,"sphereCenter":[42.4076,282.373,-56.066],"sphereRadius":46.1934,"stabilizedPalmPosition":[61.613,291.194,-17.3558],"t":[11.2726,-18.1649,-83.9917],"timeVisible":17.5075,"type":"right","wrist":[68.7695,251.609,22.3933]}],"id":4260091,"interactionBox":{"center":[0,200,0],"size":[235.247,235.247,147.751]},"pointables":[{"bases":[[[0.534009,0.674117,0.510296],[-0.733476,0.0691675,0.676187],[0.420533,-0.735379,0.531384]],[[0.318887,0.913552,0.252457],[-0.796727,0.114105,0.59347],[0.513359,-0.390389,0.764238]],[[0.318887,0.913552,0.252457],[-0.946567,0.293428,0.133831],[0.0481834,-0.281644,0.958308]],[[0.318887,0.913552,0.252457],[-0.557033,0.39615,-0.729917],[-0.766828,0.0921345,0.635206]]],"btipPosition":[29.6054,272.076,-66.2426],"carpPosition":[38.9273,245.142,19.4465],"dipPosition":[11.6589,274.232,-51.3765],"direction":[-0.0481834,0.281644,-0.958308],"extended":false,"handId":685,"id":6850,"length":52.1164,"mcpPosition":[38.9273,245.142,19.4465],"pipPosition":[13.3017,264.63,-18.7024],"stabilizedTipPosition":[26.0226,271.262,-65.9415],"timeVisible":17.5075,"tipPosition":[25.0805,272.751,-63.3563],"tipVelocity":[-10.0043,39.3534,65.3801],"tool":false,"touchDistance":-0.219006,"touchZone":"touching","type":0,"width":20.25},{"bases":[[[0.976661,0.0248762,-0.213341],[0.125095,0.741539,0.659144],[0.174598,-0.670448,0.721121]],[[0.972238,0.0407963,-0.230412],[0.103056,0.809387,0.578162],[0.210079,-0.585857,0.782713]],[[0.972238,0.0407963,-0.230412],[0.0588911,0.910328,0.409676],[0.226463,-0.411872,0.882653]],[[0.972238,0.0407963,-0.230412],[0.0230235,0.963228,0.267697],[0.23286,-0.26557,0.935547]]],"btipPosition":[18.633,353.874,-97.4516],"carpPosition":[49.9558,264.887,26.5466],"dipPosition":[22.6115,349.336,-81.4672],"direction":[-0.226463,0.411872,-0.882653],"extended":true,"handId":685,"id":6851,"length":58.8075,"mcpPosition":[37.1107,314.211,-26.5059],"pipPosition":[28.0852,339.381,-60.1331],"stabilizedTipPosition":[20.2674,351.33,-97.8732],"timeVisible":17.5075,"tipPosition":[19.9035,353,-93.7336],"tipVelocity":[-19.8221,49.0773,124.223],"tool":false,"touchDistance":-0.180254,"touchZone":"touching","type":1,"width":19.3428},{"bases":[[[0.955539,-0.192714,-0.223174],[0.292213,0.72017,0.629259],[0.0394567,-0.666496,0.744464]],[[0.955887,-0.199393,-0.215692],[0.046931,0.828546,-0.557951],[0.289962,0.523215,0.801354]],[[0.955887,-0.199393,-0.215692],[-0.266816,-0.282316,-0.92147],[0.122841,0.938371,-0.323064]],[[0.955887,-0.199393,-0.215692],[-0.289691,-0.761375,-0.579989],[-0.0485766,0.616888,-0.78555]]],"btipPosition":[42.653,249.852,-41.9713],"carpPosition":[61.9624,266.847,24.6452],"dipPosition":[41.7402,261.444,-56.7333],"direction":[-0.122841,-0.938371,0.323064],"extended":false,"handId":685,"id":6852,"length":67.0064,"mcpPosition":[59.2096,313.347,-27.2945],"pipPosition":[45.2333,288.128,-65.9201],"stabilizedTipPosition":[43.7874,252.289,-50.1012],"timeVisible":17.5075,"tipPosition":[42.2963,252.981,-46.4522],"tipVelocity":[-12.1461,17.5956,63.8132],"tool":false,"touchDistance":0.333333,"touchZone":"none","type":2,"width":18.9972},{"bases":[[[0.926165,-0.342431,-0.157985],[0.360844,0.682948,0.635117],[-0.109588,-0.645231,0.756087]],[[0.92957,-0.318455,-0.185701],[0.161046,0.803935,-0.572497],[0.331607,0.50227,0.7986]],[[0.92957,-0.318455,-0.185701],[-0.276934,-0.270747,-0.921957],[0.243324,0.908451,-0.339869]],[[0.92957,-0.318455,-0.185701],[-0.36564,-0.732292,-0.574505],[0.0469665,0.601943,-0.797157]]],"btipPosition":[58.3049,247.25,-36.8605],"carpPosition":[73.8744,265.686,21.8728],"dipPosition":[59.1824,258.497,-51.7546],"direction":[-0.243324,-0.908451,0.339869],"extended":false,"handId":685,"id":6853,"length":64.4285,"mcpPosition":[80.7391,306.104,-25.4885],"pipPosition":[65.923,283.663,-61.1696],"stabilizedTipPosition":[59.9463,250.19,-45.5486],"timeVisible":17.5075,"tipPosition":[58.3883,250.316,-41.3659],"tipVelocity":[-12.3793,12.312,61.5374],"tool":false,"touchDistance":0.333333,"touchZone":"none","type":3,"width":18.077},{"bases":[[[0.834818,-0.522912,-0.172168],[0.489395,0.561667,0.6671],[-0.252134,-0.641165,0.724801]],[[0.766161,-0.642296,-0.0212848],[0.532056,0.652542,-0.539543],[0.360435,0.402052,0.841689]],[[0.766161,-0.642296,-0.0212848],[-0.205365,-0.213317,-0.955155],[0.608951,0.736174,-0.295341]],[[0.766161,-0.642296,-0.0212848],[-0.5136,-0.592067,-0.621025],[0.38628,0.486737,-0.783501]]],"btipPosition":[67.7837,258.078,-36.0749],"carpPosition":[84.477,257.905,16.4327],"dipPosition":[74.4419,266.468,-49.58],"direction":[-0.608951,-0.736174,0.295341],"extended":false,"handId":685,"id":6854,"length":50.5107,"mcpPosition":[99.097,295.083,-25.595],"pipPosition":[86.3523,280.867,-55.3565],"stabilizedTipPosition":[71.0895,259.881,-43.3094],"timeVisible":17.5075,"tipPosition":[69.4531,260.264,-39.9629],"tipVelocity":[-16.9142,13.0563,66.4589],"tool":false,"touchDistance":0.333333,"touchZone":"none","type":4,"width":16.0574}],"r":[[0.980008,-0.184932,-0.0733737],[0.19691,0.954318,0.224729],[0.0284623,-0.234684,0.971655]],"s":0.812243,"t":[11.2726,-18.1649,-83.9917],"timestamp":523544940958},true],[2,{"currentFrameRate":110.372,"devices":[],"gestures":[],"hands":[{"armBasis":[[0.925775,0.0425539,-0.375671],[0.145677,0.876772,0.458311],[0.348881,-0.47902,0.805495]],"armWidth":63.72,"confidence":0.446983,"direction":[0.0142532,0.767543,-0.640839],"elbow":[162.84,121.995,240.643],"grabStrength":0,"id":685,"palmNormal":[-0.151705,-0.631825,-0.76012],"palmPosition":[61.2232,290.872,-13.9103],"palmVelocity":[-9.49915,-7.46618,82.2669],"palmWidth":90.99,"pinchStrength":0.807407,"r":[[0.97983,-0.185405,-0.0745503],[0.197809,0.952844,0.230131],[0.0283672,-0.240236,0.9703]],"s":0.811899,"sphereCenter":[42.4137,282.229,-55.2732],"sphereRadius":46.1634,"stabilizedPalmPosition":[61.5881,291.173,-17.1357],"t":[11.2105,-18.2389,-83.0802],"timeVisible":17.5165,"type":"right","wrist":[68.6426,251.33,23.1598]}],"id":4260092,"interactionBox":{"center":[0,200,0],"size":[235.247,235.247,147.751]},"pointables":[{"bases":[[[0.536169,0.671414,0.511592],[-0.733114,0.0699765,0.676496],[0.418409,-0.737772,0.529742]],[[0.32172,0.912044,0.254305],[-0.796272,0.115299,0.593849],[0.512296,-0.393549,0.76333]],[[0.32172,0.912044,0.254305],[-0.945637,0.296003,0.134732],[0.0476068,-0.283826,0.957693]],[[0.32172,0.912044,0.254305],[-0.555931,0.39937,-0.729002],[-0.766444,0.0931588,0.63552]]],"btipPosition":[29.522,272.103,-65.424],"carpPosition":[38.7802,244.961,20.2062],"dipPosition":[11.5845,274.283,-50.5505],"direction":[-0.0476068,0.283826,-0.957693],"extended":false,"handId":685,"id":6850,"length":52.1164,"mcpPosition":[38.7802,244.961,20.2062],"pipPosition":[13.2077,264.606,-17.8974],"stabilizedTipPosition":[26.0071,271.296,-65.844],"timeVisible":17.5165,"tipPosition":[25.0006,272.785,-62.534],"tipVelocity":[-9.71045,29.4263,72.2578],"tool":false,"touchDistance":-0.205334,"touchZone":"touching","type":0,"width":20.25},{"bases":[[[0.976686,0.0223531,-0.213508],[0.127495,0.739767,0.660673],[0.172714,-0.672491,0.71967]],[[0.972062,0.039161,-0.231435],[0.104657,0.810244,0.576673],[0.210102,-0.584783,0.783508]],[[0.972062,0.039161,-0.231435],[0.059756,0.912212,0.405338],[0.226991,-0.407844,0.884386]],[[0.972062,0.039161,-0.231435],[0.0232924,0.965025,0.261122],[0.233567,-0.259218,0.937151]]],"btipPosition":[18.6602,353.542,-96.6497],"carpPosition":[49.8703,264.656,27.3453],"dipPosition":[22.6508,349.113,-80.6379],"direction":[-0.226991,0.407844,-0.884386],"extended":true,"handId":685,"id":6851,"length":58.8075,"mcpPosition":[37.1638,314.131,-25.6006],"pipPosition":[28.1373,339.255,-59.262],"stabilizedTipPosition":[20.2173,351.417,-97.517],"timeVisible":17.5165,"tipPosition":[19.9455,352.824,-92.8595],"tipVelocity":[-13.4181,26.1298,114.434],"tool":false,"touchDistance":-0.166785,"touchZone":"touching","type":1,"width":19.3428},{"bases":[[[0.954899,-0.195151,-0.223794],[0.294541,0.717952,0.630706],[0.0375908,-0.668177,0.743052]],[[0.955241,-0.202137,-0.216001],[0.0490166,0.828206,-0.558277],[0.291741,0.522701,0.801044]],[[0.955241,-0.202137,-0.216001],[-0.267988,-0.282034,-0.921216],[0.125292,0.937869,-0.32358]],[[0.955241,-0.202137,-0.216001],[-0.292075,-0.760385,-0.580092],[-0.0469859,0.617216,-0.78539]]],"btipPosition":[42.5178,249.739,-41.0461],"carpPosition":[61.8824,266.584,25.4453],"dipPosition":[41.6349,261.338,-55.8051],"direction":[-0.125292,-0.937869,0.323581],"extended":false,"handId":685,"id":6852,"length":67.0064,"mcpPosition":[59.2598,313.202,-26.396],"pipPosition":[45.1977,288.007,-65.0066],"stabilizedTipPosition":[43.7801,252.289,-50.073],"timeVisible":17.5165,"tipPosition":[42.1738,252.866,-45.5172],"tipVelocity":[-12.6905,9.33233,74.3422],"tool":false,"touchDistance":0.333333,"touchZone":"none","type":2,"width":18.9972},{"bases":[[[0.925084,-0.344915,-0.158913],[0.36306,0.680509,0.636471],[-0.111386,-0.646484,0.754753]],[[0.928559,-0.320868,-0.186605],[0.163318,0.804628,-0.570877],[0.333324,0.499617,0.799548]],[[0.928559,-0.320868,-0.186605],[-0.277991,-0.268023,-0.922434],[0.245965,0.908409,-0.338074]],[[0.928559,-0.320868,-0.186605],[-0.367993,-0.730005,-0.575912],[0.0485689,0.603437,-0.79593]]],"btipPosition":[58.1535,247.127,-36.097],"carpPosition":[73.7902,265.393,22.6677],"dipPosition":[59.0609,258.401,-50.9682],"direction":[-0.245965,-0.908409,0.338074],"extended":false,"handId":685,"id":6853,"length":64.4285,"mcpPosition":[80.7674,305.889,-24.61],"pipPosition":[65.8746,283.566,-60.3335],"stabilizedTipPosition":[59.9403,250.188,-45.5258],"timeVisible":17.5165,"tipPosition":[58.2455,250.198,-40.5881],"tipVelocity":[-13.3544,5.3467,67.91],"tool":false,"touchDistance":0.333333,"touchZone":"none","type":3,"width":18.077},{"bases":[[[0.833185,-0.525087,-0.173455],[0.491248,0.558771,0.668169],[-0.253925,-0.641918,0.723508]],[[0.764218,-0.644553,-0.0228427],[0.533881,0.652077,-0.538299],[0.361857,0.399183,0.842444]],[[0.764218,-0.644553,-0.0228427],[-0.206272,-0.210704,-0.95554],[0.611083,0.734953,-0.293977]],[[0.764218,-0.644553,-0.0228427],[-0.515557,-0.589227,-0.622103],[0.387519,0.4872,-0.782602]]],"btipPosition":[67.6651,257.925,-35.2926],"carpPosition":[84.3678,257.591,17.2089],"dipPosition":[74.3447,266.323,-48.7821],"direction":[-0.611083,-0.734953,0.293977],"extended":false,"handId":685,"id":6854,"length":50.5107,"mcpPosition":[99.0917,294.813,-24.7438],"pipPosition":[86.2967,280.698,-54.532],"stabilizedTipPosition":[71.0707,259.88,-43.2606],"timeVisible":17.5165,"tipPosition":[69.3386,260.112,-39.1718],"tipVelocity":[-15.6922,4.83355,71.9904],"tool":false,"touchDistance":0.333333,"touchZone":"none","type":4,"width":16.0574}],"r":[[0.97983,-0.185405,-0.0745503],[0.197809,0.952844,0.230131],[0.0283672,-0.240236,0.9703]],"s":0.811899,"t":[11.2105,-18.2389,-83.0802],"timestamp":523544950051},true],[3,{"currentFrameRate":110.497,"devices":[],"gestures":[],"hands":[{"armBasis":[[0.924899,0.0411439,-0.37798],[0.148098,0.876628,0.457811],[0.350184,-0.479407,0.804699]],"armWidth":63.72,"confidence":0.456764,"direction":[0.0150222,0.770022,-0.637841],"elbow":[163.08,121.648,241.133],"grabStrength":0,"id":685,"palmNormal":[-0.154213,-0.628496,-0.762372],"palmPosition":[61.145,290.791,-13.0392],"palmVelocity":[-9.32642,-7.91122,86.6992],"palmWidth":90.99,"pinchStrength":0.815336,"r":[[0.979583,-0.186153,-0.0759264],[0.199017,0.951369,0.235137],[0.0284625,-0.245447,0.968992]],"s":0.811038,"sphereCenter":[42.2221,282.312,-54.4045],"sphereRadius":46.1459,"stabilizedPalmPosition":[61.5692,291.157,-16.9607],"t":[11.1404,-18.3161,-82.189],"timeVisible":17.5254,"type":"right","wrist":[68.5307,251.088,23.8644]}],"id":4260093,"interactionBox":{"center":[0,200,0],"size":[235.247,235.247,147.751]},"pointables":[{"bases":[[[0.538401,0.66821,0.513439],[-0.731971,0.0689388,0.677839],[0.417543,-0.740772,0.526227]],[[0.324326,0.910178,0.257658],[-0.795056,0.114701,0.595592],[0.512541,-0.398019,0.760843]],[[0.324326,0.910178,0.257658],[-0.944898,0.298903,0.133512],[0.0445051,-0.286762,0.956967]],[[0.324326,0.910178,0.257658],[-0.545358,0.40247,-0.735257],[-0.772915,0.0979474,0.626904]]],"btipPosition":[29.6367,272.149,-64.3501],"carpPosition":[38.65,244.796,20.9296],"dipPosition":[11.5477,274.442,-49.6783],"direction":[-0.0445051,0.286762,-0.956967],"extended":false,"handId":685,"id":6850,"length":52.1164,"mcpPosition":[38.65,244.796,20.9296],"pipPosition":[13.0651,264.664,-17.0499],"stabilizedTipPosition":[25.9978,271.32,-65.7584],"timeVisible":17.5254,"tipPosition":[25.0076,272.888,-61.5212],"tipVelocity":[-4.644,23.6967,84.1794],"tool":false,"touchDistance":-0.188209,"touchZone":"touching","type":0,"width":20.25},{"bases":[[[0.976421,0.0210313,-0.214849],[0.130098,0.736881,0.663386],[0.17227,-0.675695,0.71677]],[[0.971631,0.0385251,-0.233342],[0.106691,0.809139,0.57785],[0.211068,-0.586353,0.782075]],[[0.971631,0.0385251,-0.233342],[0.0611778,0.912118,0.405336],[0.228451,-0.408112,0.883886]],[[0.971631,0.0385251,-0.233342],[0.0242028,0.965266,0.260147],[0.235259,-0.258415,0.93695]]],"btipPosition":[18.5109,353.62,-95.5748],"carpPosition":[49.794,264.439,28.1297],"dipPosition":[22.5305,349.205,-79.5664],"direction":[-0.228451,0.408112,-0.883886],"extended":true,"handId":685,"id":6851,"length":58.8075,"mcpPosition":[37.1202,314.15,-24.6028],"pipPosition":[28.0522,339.341,-58.2026],"stabilizedTipPosition":[20.1785,351.476,-97.2374],"timeVisible":17.5254,"tipPosition":[19.8071,352.967,-91.7545],"tipVelocity":[-14.1562,21.5759,116.389],"tool":false,"touchDistance":-0.148882,"touchZone":"touching","type":1,"width":19.3428},{"bases":[[[0.954137,-0.196381,-0.225957],[0.297051,0.714815,0.633088],[0.0371909,-0.671174,0.740367]],[[0.954477,-0.203478,-0.218105],[0.0502204,0.830386,-0.55492],[0.294025,0.518706,0.802804]],[[0.954477,-0.203478,-0.218105],[-0.269893,-0.277795,-0.921948],[0.127007,0.938843,-0.320066]],[[0.954477,-0.203478,-0.218105],[-0.294606,-0.757538,-0.582532],[-0.0466903,0.620269,-0.782998]]],"btipPosition":[42.3065,249.819,-40.314],"carpPosition":[61.8076,266.348,26.2197],"dipPosition":[41.4291,261.475,-55.0281],"direction":[-0.127007,-0.938843,0.320066],"extended":false,"handId":685,"id":6852,"length":67.0064,"mcpPosition":[59.2129,313.174,-25.4342],"pipPosition":[45.0408,288.173,-64.1296],"stabilizedTipPosition":[43.7742,252.29,-50.0508],"timeVisible":17.5254,"tipPosition":[41.9662,252.953,-44.755],"tipVelocity":[-15.6884,9.6693,76.9771],"tool":false,"touchDistance":0.333333,"touchZone":"none","type":2,"width":18.9972},{"bases":[[[0.924084,-0.346333,-0.161621],[0.365495,0.677198,0.638605],[-0.111721,-0.649197,0.752371]],[[0.927587,-0.322058,-0.189369],[0.16294,0.804851,-0.570671],[0.336202,0.498491,0.799046]],[[0.927587,-0.322058,-0.189369],[-0.28087,-0.26689,-0.92189],[0.246361,0.908322,-0.33802]],[[0.927587,-0.322058,-0.189369],[-0.370546,-0.728317,-0.576411],[0.0477172,0.604841,-0.794915]]],"btipPosition":[57.9693,247.072,-35.1935],"carpPosition":[73.7087,265.141,23.4201],"dipPosition":[58.8608,258.372,-50.0457],"direction":[-0.246361,-0.908322,0.33802],"extended":false,"handId":685,"id":6853,"length":64.4285,"mcpPosition":[80.7069,305.807,-23.7085],"pipPosition":[65.6855,283.535,-59.4095],"stabilizedTipPosition":[59.9357,250.187,-45.5078],"timeVisible":17.5254,"tipPosition":[58.0584,250.153,-39.682],"tipVelocity":[-15.4955,2.39578,77.346],"tool":false,"touchDistance":0.333333,"touchZone":"none","type":3,"width":18.077},{"bases":[[[0.831765,-0.526243,-0.176736],[0.493459,0.555053,0.669638],[-0.254294,-0.644193,0.721353]],[[0.76279,-0.646101,-0.0265591],[0.534439,0.653019,-0.536601],[0.364042,0.39512,0.843418]],[[0.76279,-0.646101,-0.0265591],[-0.208275,-0.206592,-0.956003],[0.612187,0.734761,-0.292153]],[[0.76279,-0.646101,-0.0265591],[-0.517834,-0.585727,-0.623516],[0.387298,0.489365,-0.78136]]],"btipPosition":[67.4847,257.914,-34.5529],"carpPosition":[84.261,257.337,17.9152],"dipPosition":[74.1605,266.349,-48.021],"direction":[-0.612187,-0.734761,0.292153],"extended":false,"handId":685,"id":6854,"length":50.5107,"mcpPosition":[99.0063,294.691,-23.9126],"pipPosition":[86.1341,280.72,-53.7352],"stabilizedTipPosition":[71.0567,259.88,-43.2222],"timeVisible":17.5254,"tipPosition":[69.1546,260.109,-38.4199],"tipVelocity":[-17.0007,3.43587,75.3283],"tool":false,"touchDistance":0.333333,"touchZone":"none","type":4,"width":16.0574}],"r":[[0.979583,-0.186153,-0.0759264],[0.199017,0.951369,0.235137],[0.0284625,-0.245447,0.968992]],"s":0.811038,"t":[11.1404,-18.3161,-82.189],"timestamp":523544958879},true],[4,{"currentFrameRate":110.504,"devices":[],"gestures":[],"hands":[{"armBasis":[[0.925905,0.0367462,-0.375964],[0.150285,0.877273,0.455857],[0.346574,-0.478583,0.80675]],"armWidth":63.72,"confidence":0.46019,"direction":[0.0170238,0.776003,-0.6305],"elbow":[161.975,121.522,242.463],"grabStrength":0,"id":685,"palmNormal":[-0.156318,-0.620771,-0.76825],"palmPosition":[61.1162,290.813,-11.8807],"palmVelocity":[-7.6321,-5.0793,98.1324],"palmWidth":90.99,"pinchStrength":0.82132,"r":[[0.979269,-0.187168,-0.077461],[0.200554,0.949596,0.240925],[0.0284632,-0.251466,0.967448]],"s":0.809987,"sphereCenter":[42.1166,282.744,-53.3195],"sphereRadius":46.1395,"stabilizedPalmPosition":[61.5558,291.147,-16.8104],"t":[11.0909,-18.3441,-81.1641],"timeVisible":17.5344,"type":"right","wrist":[68.4002,250.739,24.641]}],"id":4260094,"interactionBox":{"center":[0,200,0],"size":[235.247,235.247,147.751]},"pointables":[{"bases":[[[0.540528,0.661736,0.519553],[-0.731519,0.0646159,0.678753],[0.415583,-0.746948,0.518999]],[[0.327478,0.906454,0.266644],[-0.793584,0.110703,0.598305],[0.512818,-0.407536,0.755601]],[[0.327478,0.906454,0.266644],[-0.943967,0.301615,0.133992],[0.0410336,-0.295582,0.954436]],[[0.327478,0.906454,0.266644],[-0.535327,0.410538,-0.738162],[-0.778578,0.0989904,0.619692]]],"btipPosition":[29.7241,272.667,-63.1046],"carpPosition":[38.5003,244.562,21.6583],"dipPosition":[11.5026,274.984,-48.6015],"direction":[-0.0410336,0.295582,-0.954436],"extended":false,"handId":685,"id":6850,"length":52.1164,"mcpPosition":[38.5003,244.562,21.6583],"pipPosition":[12.9016,264.905,-16.0595],"stabilizedTipPosition":[25.9915,271.345,-65.6769],"timeVisible":17.5344,"tipPosition":[25.0397,273.422,-60.3412],"tipVelocity":[-1.62959,33.1145,97.7775],"tool":false,"touchDistance":-0.168097,"touchZone":"touching","type":0,"width":20.25},{"bases":[[[0.976399,0.0202404,-0.215025],[0.132481,0.730162,0.670307],[0.170571,-0.682974,0.710248]],[[0.971503,0.0384442,-0.233887],[0.108713,0.804576,0.583815],[0.210624,-0.592605,0.777468]],[[0.971503,0.0384442,-0.233887],[0.0629209,0.909526,0.410856],[0.228521,-0.413865,0.881189]],[[0.971503,0.0384442,-0.233887],[0.0256828,0.963875,0.265112],[0.23563,-0.263565,0.935421]]],"btipPosition":[18.5569,354.316,-93.8951],"carpPosition":[49.704,264.104,29.0404],"dipPosition":[22.5828,349.813,-77.9129],"direction":[-0.228521,0.413864,-0.881189],"extended":true,"handId":685,"id":6851,"length":58.8075,"mcpPosition":[37.1552,314.35,-23.2123],"pipPosition":[28.1063,339.809,-56.6142],"stabilizedTipPosition":[20.1531,351.542,-96.981],"timeVisible":17.5344,"tipPosition":[19.8566,353.692,-90.0523],"tipVelocity":[-8.80944,36.2174,135.35],"tool":false,"touchDistance":-0.120988,"touchZone":"touching","type":1,"width":19.3428},{"bases":[[[0.95348,-0.196991,-0.228191],[0.299358,0.707901,0.639735],[0.0355139,-0.678285,0.73394]],[[0.953806,-0.20426,-0.2203],[0.0526483,0.835597,-0.546814],[0.295774,0.509956,0.807752]],[[0.953806,-0.20426,-0.2203],[-0.270962,-0.268207,-0.92447],[0.129746,0.941458,-0.311164]],[[0.953806,-0.20426,-0.2203],[-0.29702,-0.751216,-0.589452],[-0.0450911,0.627657,-0.777183]]],"btipPosition":[42.146,250.171,-39.5424],"carpPosition":[61.7224,265.995,27.1439],"dipPosition":[41.2987,261.966,-54.1472],"direction":[-0.129746,-0.941458,0.311164],"extended":false,"handId":685,"id":6852,"length":67.0064,"mcpPosition":[59.2446,313.318,-24.0616],"pipPosition":[44.9882,288.738,-62.9956],"stabilizedTipPosition":[43.7694,252.292,-50.0317],"timeVisible":17.5344,"tipPosition":[41.817,253.333,-43.932],"tipVelocity":[-16.0488,18.7195,80.06],"tool":false,"touchDistance":0.333333,"touchZone":"none","type":2,"width":18.9972},{"bases":[[[0.923015,-0.34746,-0.16527],[0.367695,0.670035,0.644868],[-0.113329,-0.655992,0.746211]],[[0.926593,-0.322813,-0.192919],[0.163836,0.808263,-0.565569],[0.338502,0.492445,0.801819]],[[0.926593,-0.322813,-0.192919],[-0.282852,-0.260167,-0.923205],[0.247832,0.910003,-0.332378]],[[0.926593,-0.322813,-0.192919],[-0.372961,-0.723026,-0.581492],[0.0482281,0.610758,-0.790347]]],"btipPosition":[57.8271,247.25,-34.2651],"carpPosition":[73.6189,264.781,24.3282],"dipPosition":[58.7282,258.661,-49.0319],"direction":[-0.247832,-0.910003,0.332377],"extended":false,"handId":685,"id":6853,"length":64.4285,"mcpPosition":[80.7178,305.872,-22.4145],"pipPosition":[65.5936,283.87,-58.2395],"stabilizedTipPosition":[59.9321,250.186,-45.4929],"timeVisible":17.5344,"tipPosition":[57.9211,250.363,-38.7257],"tipVelocity":[-15.4934,7.94826,84.9391],"tool":false,"touchDistance":0.333333,"touchZone":"none","type":3,"width":18.077},{"bases":[[[0.830168,-0.526949,-0.182058],[0.495314,0.54723,0.674687],[-0.255899,-0.65028,0.715298]],[[0.761073,-0.64781,-0.0333036],[0.535489,0.656431,-0.531365],[0.366085,0.386574,0.846488]],[[0.761073,-0.64781,-0.0333036],[-0.210062,-0.197564,-0.957519],[0.613711,0.735738,-0.286441]],[[0.761073,-0.64781,-0.0333036],[-0.520075,-0.57871,-0.628185],[0.387671,0.495415,-0.777351]]],"btipPosition":[67.3546,258.107,-33.6612],"carpPosition":[84.1464,256.999,18.7452],"dipPosition":[74.0368,266.647,-47.0602],"direction":[-0.613711,-0.735738,0.286441],"extended":false,"handId":685,"id":6854,"length":50.5107,"mcpPosition":[98.9848,294.706,-22.7315],"pipPosition":[86.0403,281.037,-52.6627],"stabilizedTipPosition":[71.046,259.881,-43.1902],"timeVisible":17.5344,"tipPosition":[69.0229,260.332,-37.5035],"tipVelocity":[-16.2362,9.12001,82.2449],"tool":false,"touchDistance":0.333333,"touchZone":"none","type":4,"width":16.0574}],"r":[[0.979269,-0.187168,-0.077461],[0.200554,0.949596,0.240925],[0.0284632,-0.251466,0.967448]],"s":0.809987,"t":[11.0909,-18.3441,-81.1641],"timestamp":523544967916},true],[5,{"currentFrameRate":110.51,"devices":[],"gestures":[],"hands":[{"armBasis":[[0.925686,0.038344,-0.376344],[0.1512,0.874426,0.460996],[0.346761,-0.48364,0.803647]],"armWidth":63.72,"confidence":0.460487,"direction":[0.0155334,0.773065,-0.634137],"elbow":[162.059,120.196,242.534],"grabStrength":0,"id":685,"palmNormal":[-0.157403,-0.624415,-0.765068],"palmPosition":[61.0658,290.678,-11.1452],"palmVelocity":[-7.06624,-7.78088,93.5138],"palmWidth":90.99,"pinchStrength":0.826311,"r":[[0.979006,-0.187955,-0.0788708],[0.201784,0.948398,0.244592],[0.0288285,-0.255372,0.966413]],"s":0.808928,"sphereCenter":[41.9286,282.406,-52.4967],"sphereRadius":46.1382,"stabilizedPalmPosition":[61.5459,291.137,-16.6964],"t":[11.041,-18.4253,-80.2839],"timeVisible":17.5435,"type":"right","wrist":[68.4338,250.779,25.5497]}],"id":4260095,"interactionBox":{"center":[0,200,0],"size":[235.247,235.247,147.751]},"pointables":[{"bases":[[[0.541149,0.664396,0.515495],[-0.730333,0.0674425,0.679754],[0.41686,-0.744331,0.521727]],[[0.328223,0.907359,0.262621],[-0.79119,0.112196,0.601191],[0.516031,-0.405108,0.754718]],[[0.328223,0.907359,0.262621],[-0.943764,0.303306,0.13159],[0.0397446,-0.291043,0.955884]],[[0.328223,0.907359,0.262621],[-0.528579,0.406845,-0.745037],[-0.782862,0.105723,0.613147]]],"btipPosition":[29.7391,272.245,-61.9656],"carpPosition":[38.5315,244.574,22.6494],"dipPosition":[11.4173,274.719,-47.6158],"direction":[-0.0397446,0.291043,-0.955884],"extended":false,"handId":685,"id":6850,"length":52.1164,"mcpPosition":[38.5315,244.574,22.6494],"pipPosition":[12.7724,264.796,-15.0243],"stabilizedTipPosition":[25.9871,271.359,-65.6117],"timeVisible":17.5435,"tipPosition":[25.0206,273.022,-59.2725],"tipVelocity":[-1.42523,12.2378,104.481],"tool":false,"touchDistance":-0.149702,"touchZone":"touching","type":0,"width":20.25},{"bases":[[[0.976003,0.0196854,-0.216867],[0.13334,0.733338,0.66666],[0.17216,-0.679579,0.713115]],[[0.970929,0.038264,-0.236289],[0.109048,0.808045,0.57894],[0.213085,-0.587876,0.780382]],[[0.970929,0.038264,-0.236289],[0.0625865,0.912219,0.404895],[0.23104,-0.407913,0.883305]],[[0.970929,0.038264,-0.236289],[0.0248456,0.965698,0.258475],[0.238074,-0.256832,0.936674]]],"btipPosition":[18.2669,353.655,-93.4239],"carpPosition":[49.7393,264.155,29.9203],"dipPosition":[22.3346,349.267,-77.4202],"direction":[-0.23104,0.407913,-0.883305],"extended":true,"handId":685,"id":6851,"length":58.8075,"mcpPosition":[37.0735,314.151,-22.5433],"pipPosition":[27.9189,339.408,-56.0704],"stabilizedTipPosition":[20.1292,351.569,-96.7996],"timeVisible":17.5435,"tipPosition":[19.5789,353.079,-89.5707],"tipVelocity":[-14.93,6.90327,112.567],"tool":false,"touchDistance":-0.113051,"touchZone":"touching","type":1,"width":19.3428},{"bases":[[[0.953161,-0.197616,-0.228979],[0.300173,0.71101,0.635893],[0.0371438,-0.674842,0.737027]],[[0.953509,-0.204938,-0.220956],[0.0514869,0.833182,-0.550598],[0.296935,0.513623,0.804998]],[[0.953509,-0.204938,-0.220956],[-0.27242,-0.272609,-0.922752],[0.128873,0.940045,-0.315765]],[[0.953509,-0.204938,-0.220956],[-0.297726,-0.754189,-0.585285],[-0.0466948,0.623859,-0.780141]]],"btipPosition":[42.0624,249.914,-38.589],"carpPosition":[61.7534,266.043,27.9934],"dipPosition":[41.1849,261.637,-53.2494],"direction":[-0.128873,-0.940045,0.315765],"extended":false,"handId":685,"id":6852,"length":67.0064,"mcpPosition":[59.1619,313.126,-23.4274],"pipPosition":[44.8495,288.369,-62.2286],"stabilizedTipPosition":[43.7658,252.292,-50.0167],"timeVisible":17.5435,"tipPosition":[41.7277,253.042,-42.9727],"tipVelocity":[-14.3882,5.20593,86.6733],"tool":false,"touchDistance":0.333333,"touchZone":"none","type":2,"width":18.9972},{"bases":[[[0.92288,-0.347803,-0.165304],[0.368536,0.6732,0.64108],[-0.111687,-0.65256,0.749461]],[[0.926402,-0.323231,-0.193133],[0.162311,0.805627,-0.569755],[0.339755,0.496475,0.798798]],[[0.926402,-0.323231,-0.193133],[-0.284464,-0.264745,-0.921407],[0.246696,0.908533,-0.337208]],[[0.926402,-0.323231,-0.193133],[-0.373663,-0.725969,-0.577361],[0.0464122,0.607035,-0.793319]]],"btipPosition":[57.7602,247.005,-33.3104],"carpPosition":[73.6454,264.821,25.1621],"dipPosition":[58.6273,258.347,-48.1328],"direction":[-0.246696,-0.908533,0.337208],"extended":false,"handId":685,"id":6853,"length":64.4285,"mcpPosition":[80.6414,305.698,-21.7841],"pipPosition":[65.4613,283.515,-57.4741],"stabilizedTipPosition":[59.9295,250.186,-45.4813],"timeVisible":17.5435,"tipPosition":[57.8453,250.091,-37.7701],"tipVelocity":[-13.5025,-2.18624,90.2484],"tool":false,"touchDistance":0.333333,"touchZone":"none","type":3,"width":18.077},{"bases":[[[0.830087,-0.527412,-0.181089],[0.496266,0.550594,0.671242],[-0.254315,-0.647057,0.718777]],[[0.761805,-0.64699,-0.032521],[0.531336,0.652769,-0.539977],[0.370588,0.394077,0.841051]],[[0.761805,-0.64699,-0.032521],[-0.215781,-0.206098,-0.954443],[0.610812,0.734117,-0.296615]],[[0.761805,-0.64699,-0.032521],[-0.522521,-0.584023,-0.6212],[0.382917,0.490226,-0.782977]]],"btipPosition":[67.2623,257.795,-32.5233],"carpPosition":[84.1666,257.018,19.5966],"dipPosition":[73.8626,266.245,-46.0193],"direction":[-0.610812,-0.734117,0.296615],"extended":false,"handId":685,"id":6854,"length":50.5107,"mcpPosition":[98.9131,294.538,-22.0819],"pipPosition":[85.8094,280.604,-51.8208],"stabilizedTipPosition":[71.0383,259.881,-43.1643],"timeVisible":17.5435,"tipPosition":[68.9153,260.011,-36.4254],"tipVelocity":[-15.1504,-3.53115,93.5912],"tool":false,"touchDistance":0.333333,"touchZone":"none","type":4,"width":16.0574}],"r":[[0.979006,-0.187955,-0.0788708],[0.201784,0.948398,0.244592],[0.0288285,-0.255372,0.966413]],"s":0.808928,"t":[11.041,-18.4253,-80.2839],"timestamp":523544976955},false],[6,{"currentFrameRate":110.484,"devices":[],"gestures":[],"hands":[{"armBasis":[[0.92647,0.0411233,-0.374116],[0.14999,0.871327,0.467217],[0.345191,-0.488976,0.80109]],"armWidth":63.72,"confidence":0.469008,"direction":[0.0205364,0.782583,-0.622208],"elbow":[161.708,118.333,244.123],"grabStrength":0,"id":685,"palmNormal":[-0.1544,-0.612391,-0.775331],"palmPosition":[61.4192,290.824,-8.2945],"palmVelocity":[5.65444,-1.18753,154.432],"palmWidth":90.99,"pinchStrength":0.827323,"r":[[0.978805,-0.188736,-0.0794983],[0.20288,0.946587,0.250624],[0.0279501,-0.261441,0.964815]],"s":0.807904,"sphereCenter":[42.5086,283.17,-49.8907],"sphereRadius":46.1177,"stabilizedPalmPosition":[61.5442,291.133,-16.5821],"t":[11.1927,-18.3931,-78.4184],"timeVisible":17.5525,"type":"right","wrist":[68.5069,250.356,27.829]}],"id":4260096,"interactionBox":{"center":[0,200,0],"size":[235.247,235.247,147.751]},"pointables":[{"bases":[[[0.539593,0.655381,0.528503],[-0.733936,0.0585856,0.676687],[0.412525,-0.753023,0.51262]],[[0.328689,0.902485,0.278362],[-0.79419,0.104617,0.598596],[0.511103,-0.417824,0.751131]],[[0.328689,0.902485,0.278362],[-0.943822,0.303233,0.13134],[0.0341242,-0.305894,0.951454]],[[0.328689,0.902485,0.278362],[-0.521666,0.419184,-0.743067],[-0.787292,0.0990257,0.608577]]],"btipPosition":[30.358,273.226,-59.5072],"carpPosition":[38.609,244.257,24.6707],"dipPosition":[11.9325,275.544,-45.2643],"direction":[-0.0341242,0.305894,-0.951454],"extended":false,"handId":685,"id":6850,"length":52.1164,"mcpPosition":[38.609,244.257,24.6707],"pipPosition":[13.096,265.114,-12.8239],"stabilizedTipPosition":[25.9881,271.376,-65.5462],"timeVisible":17.5525,"tipPosition":[25.6308,273.969,-56.8337],"tipVelocity":[17.0928,37.6299,149.663],"tool":false,"touchDistance":-0.109139,"touchZone":"touching","type":0,"width":20.25},{"bases":[[[0.97722,0.0209955,-0.211188],[0.131092,0.722846,0.678461],[0.166901,-0.690691,0.703627]],[[0.972114,0.0405036,-0.230985],[0.106773,0.800511,0.58973],[0.208792,-0.597948,0.773863]],[[0.972114,0.0405036,-0.230985],[0.061004,0.907385,0.41585],[0.226436,-0.418344,0.87961]],[[0.972114,0.0405036,-0.230985],[0.0238586,0.962779,0.269235],[0.233293,-0.267238,0.934964]]],"btipPosition":[19.1067,354.883,-89.9475],"carpPosition":[49.8147,263.702,32.3],"dipPosition":[23.0926,350.317,-73.9731],"direction":[-0.226436,0.418344,-0.87961],"extended":true,"handId":685,"id":6851,"length":58.8075,"mcpPosition":[37.5359,314.516,-19.4656],"pipPosition":[28.5657,340.205,-52.7126],"stabilizedTipPosition":[20.1273,351.61,-96.6096],"timeVisible":17.5525,"tipPosition":[20.4051,354.314,-86.0656],"tipVelocity":[14.2121,41.1368,187.058],"tool":false,"touchDistance":-0.0552246,"touchZone":"touching","type":1,"width":19.3428},{"bases":[[[0.954022,-0.19605,-0.226729],[0.298048,0.700649,0.648273],[0.0317641,-0.686043,0.726867]],[[0.954314,-0.203581,-0.218723],[0.0563411,0.841456,-0.53738],[0.293447,0.500506,0.814483]],[[0.954314,-0.203581,-0.218723],[-0.267793,-0.25797,-0.928299],[0.13256,0.944461,-0.300702]],[[0.954314,-0.203581,-0.218723],[-0.295966,-0.744693,-0.598195],[-0.0411006,0.6356,-0.770923]]],"btipPosition":[42.4854,250.533,-36.4644],"carpPosition":[61.8429,265.595,30.468],"dipPosition":[41.713,262.478,-50.9516],"direction":[-0.13256,-0.944461,0.300702],"extended":false,"handId":685,"id":6852,"length":67.0064,"mcpPosition":[59.6268,313.459,-20.2441],"pipPosition":[45.4825,289.335,-59.5025],"stabilizedTipPosition":[43.7639,252.294,-50.0031],"timeVisible":17.5525,"tipPosition":[42.1844,253.715,-40.7828],"tipVelocity":[3.21945,24.1844,128.584],"tool":false,"touchDistance":0.333333,"touchZone":"none","type":2,"width":18.9972},{"bases":[[[0.923097,-0.347126,-0.165514],[0.366308,0.662625,0.653258],[-0.117089,-0.66365,0.738823]],[[0.926833,-0.322044,-0.19305],[0.167163,0.814298,-0.555855],[0.33621,0.482914,0.808552]],[[0.926833,-0.322044,-0.19305],[-0.279782,-0.24946,-0.927088],[0.250405,0.913267,-0.32131]],[[0.926833,-0.322044,-0.19305],[-0.371858,-0.71611,-0.590684],[0.0519809,0.619253,-0.783469]]],"btipPosition":[58.1527,247.518,-31.1827],"carpPosition":[73.7479,264.392,27.6836],"dipPosition":[59.1239,259.088,-45.8211],"direction":[-0.250405,-0.913267,0.32131],"extended":false,"handId":685,"id":6853,"length":64.4285,"mcpPosition":[81.0824,305.963,-18.5962],"pipPosition":[66.0606,284.387,-54.722],"stabilizedTipPosition":[59.9281,250.186,-45.4713],"timeVisible":17.5525,"tipPosition":[58.271,250.649,-35.5453],"tipVelocity":[2.92496,15.6229,131.339],"tool":false,"touchDistance":0.333333,"touchZone":"none","type":3,"width":18.077},{"bases":[[[0.830043,-0.526284,-0.184537],[0.493631,0.539315,0.682252],[-0.259535,-0.657391,0.707445]],[[0.761101,-0.647468,-0.038861],[0.533319,0.658768,-0.530655],[0.369183,0.383157,0.846696]],[[0.761101,-0.647468,-0.038861],[-0.214091,-0.194207,-0.957313],[0.612283,0.736932,-0.286429]],[[0.761101,-0.647468,-0.038861],[-0.521452,-0.575136,-0.630323],[0.385764,0.500003,-0.77536]]],"btipPosition":[67.6547,258.192,-29.9351],"carpPosition":[84.2844,256.654,22.0578],"dipPosition":[74.3041,266.811,-43.2998],"direction":[-0.612283,-0.736932,0.286429],"extended":false,"handId":685,"id":6854,"length":50.5107,"mcpPosition":[99.3336,294.773,-18.9635],"pipPosition":[86.2796,281.224,-48.902],"stabilizedTipPosition":[71.034,259.881,-43.1407],"timeVisible":17.5525,"tipPosition":[69.3255,260.466,-33.8192],"tipVelocity":[1.343,10.7231,147.414],"tool":false,"touchDistance":0.333333,"touchZone":"none","type":4,"width":16.0574}],"r":[[0.978805,-0.188736,-0.0794983],[0.20288,0.946587,0.250624],[0.0279501,-0.261441,0.964815]],"s":0.807904,"t":[11.1927,-18.3931,-78.4184],"timestamp":523544986052},false],[7,{"currentFrameRate":110.524,"devices":[],"gestures":[],"hands":