{"sensorType":"Leap","data":[[0,{"currentFrameRate":110.063,"devices":[],"gestures":[],"hands":[{"armBasis":[[0.941729,-0.0179799,-0.335892],[0.217227,0.794929,0.56648],[0.256825,-0.606436,0.752514]],"armWidth":63.72,"confidence":0.544467,"direction":[0.0643904,0.730012,-0.680394],"elbow":[146.815,75.0522,264.371],"grabStrength":0,"id":685,"palmNormal":[-0.208374,-0.656944,-0.724572],"palmPosition":[72.6096,276.809,22.1583],"palmVelocity":[-25.0165,32.1645,-190.732],"palmWidth":90.99,"pinchStrength":0.869875,"r":[[0.964697,-0.252066,-0.0763109],[0.262794,0.940363,0.216004],[0.0173128,-0.228432,0.973406]],"s":0.808803,"sphereCenter":[57.0284,266.103,-19.6829],"sphereRadius":45.9644,"stabilizedPalmPosition":[73.5546,269.988,50.9179],"t":[22.8224,-32.6229,-44.1342],"timeVisible":28.6608,"type":"right","wrist":[77.472,238.79,61.1926]}],"id":4261302,"interactionBox":{"center":[0,200,0],"size":[235.247,235.247,147.751]},"pointables":[{"bases":[[[0.59165,0.654213,0.471121],[-0.717362,0.160545,0.67795],[0.367888,-0.739074,0.564295]],[[0.413478,0.881294,0.228816],[-0.769456,0.203851,0.605295],[0.486798,-0.42634,0.762405]],[[0.413478,0.881294,0.228816],[-0.910416,0.396473,0.118122],[0.0133812,-0.257159,0.966277]],[[0.413478,0.881294,0.228816],[-0.426039,0.409359,-0.806794],[-0.80469,0.236107,0.544726]]],"btipPosition":[41.256,259.093,-24.9257],"carpPosition":[47.1794,234.568,58.8261],"dipPosition":[22.4233,264.618,-12.1771],"direction":[-0.0133812,0.257159,-0.966277],"extended":false,"handId":685,"id":6850,"length":52.1164,"mcpPosition":[47.1794,234.568,58.8261],"pipPosition":[22.8796,255.85,20.7687],"stabilizedTipPosition":[37.1756,259.055,5.21264],"timeVisible":28.6608,"tipPosition":[36.7264,261.131,-21.5535],"tipVelocity":[-31.5874,-11.6785,-183.325],"tool":false,"touchDistance":-0.308138,"touchZone":"touching","type":0,"width":20.25},{"bases":[[[0.972884,-0.0631863,-0.222495],[0.191177,0.761122,0.619794],[0.130183,-0.645523,0.752564]],[[0.977241,-0.0884547,-0.192809],[0.182537,0.8137,0.551881],[0.108072,-0.574516,0.811328]],[[0.977241,-0.0884547,-0.192809],[0.157287,0.912018,0.378793],[0.142339,-0.400499,0.905174]],[[0.977241,-0.0884547,-0.192809],[0.133179,0.963294,0.233082],[0.165115,-0.253455,0.953151]]],"btipPosition":[39.3319,339.89,-63.5583],"carpPosition":[59.814,253.706,64.8277],"dipPosition":[42.153,335.559,-47.2731],"direction":[-0.142339,0.400499,-0.905174],"extended":true,"handId":685,"id":6851,"length":58.8075,"mcpPosition":[50.2364,301.197,9.46189],"pipPosition":[45.5934,325.879,-25.3947],"stabilizedTipPosition":[37.9923,337.509,-29.9465],"timeVisible":28.6608,"tipPosition":[39.6513,339.26,-59.5237],"tipVelocity":[-26.1227,-20.184,-228.54],"tool":false,"touchDistance":-0.349212,"touchZone":"touching","type":1,"width":19.3428},{"bases":[[[0.934586,-0.278639,-0.221153],[0.355715,0.725125,0.589627],[-0.0039292,-0.629725,0.776808]],[[0.934489,-0.285456,-0.21271],[0.112861,0.804251,-0.583475],[0.337629,0.521244,0.78378]],[[0.934489,-0.285456,-0.21271],[-0.294106,-0.282401,-0.9131],[0.200581,0.915841,-0.347855]],[[0.934489,-0.285456,-0.21271],[-0.35599,-0.751564,-0.555358],[-0.00133442,0.594699,-0.803948]]],"btipPosition":[50.2348,236.204,-4.24608],"carpPosition":[71.9133,254.612,62.7293],"dipPosition":[50.2098,247.379,-19.3539],"direction":[-0.200581,-0.915841,0.347855],"extended":false,"handId":685,"id":6852,"length":67.0064,"mcpPosition":[72.1874,298.547,8.53292],"pipPosition":[55.9136,273.422,-29.2456],"stabilizedTipPosition":[51.5597,233.045,17.3559],"timeVisible":28.6608,"tipPosition":[50.4267,238.577,-6.67102],"tipVelocity":[-53.3791,26.3091,-178.549],"tool":false,"touchDistance":0.333333,"touchZone":"none","type":2,"width":18.9972},{"bases":[[[0.894329,-0.422136,-0.148244],[0.421271,0.682921,0.596783],[-0.150684,-0.596171,0.78859]],[[0.90038,-0.393892,-0.184837],[0.207373,0.761938,-0.613553],[0.382507,0.514101,0.767717]],[[0.90038,-0.393892,-0.184837],[-0.312173,-0.288888,-0.905037],[0.303089,0.872578,-0.383072]],[[0.90038,-0.393892,-0.184837],[-0.42803,-0.725559,-0.538846],[0.078137,0.564282,-0.821876]]],"btipPosition":[66.1544,232.034,2.18855],"carpPosition":[83.6619,252.375,59.9193],"dipPosition":[67.6143,242.577,-13.1674],"direction":[-0.303089,-0.872578,0.383072],"extended":false,"handId":685,"id":6853,"length":64.4285,"mcpPosition":[93.1008,289.719,10.522],"pipPosition":[76.0105,266.749,-23.7792],"stabilizedTipPosition":[67.6956,228.705,26.3817],"timeVisible":28.6608,"tipPosition":[66.59,234.321,-0.170846],"tipVelocity":[-50.8504,24.1277,-182.838],"tool":false,"touchDistance":0.333333,"touchZone":"none","type":3,"width":18.077},{"bases":[[[0.788896,-0.595296,-0.152531],[0.540265,0.553579,0.63377],[-0.292842,-0.582386,0.758333]],[[0.719345,-0.694623,-0.0064822],[0.558154,0.583524,-0.589885],[0.41353,0.420713,0.807461]],[[0.719345,-0.694623,-0.0064822],[-0.248131,-0.248224,-0.936385],[0.648825,0.675192,-0.350916]],[[0.719345,-0.694623,-0.0064822],[-0.568749,-0.583582,-0.579617],[0.398832,0.420631,-0.814863]]],"btipPosition":[76.3449,241.955,3.17628],"carpPosition":[93.5514,243.518,54.7905],"dipPosition":[83.2195,249.206,-10.8694],"direction":[-0.648825,-0.675192,0.350916],"extended":false,"handId":685,"id":6854,"length":50.5107,"mcpPosition":[110.532,277.288,10.8183],"pipPosition":[95.9098,262.412,-17.7328],"stabilizedTipPosition":[79.0702,237.286,29.4923],"timeVisible":28.6608,"tipPosition":[77.955,243.432,0.817493],"tipVelocity":[-45.0558,20.9425,-190.15],"tool":false,"touchDistance":0.333333,"touchZone":"none","type":4,"width":16.0574}],"r":[[0.964697,-0.252066,-0.0763109],[0.262794,0.940363,0.216004],[0.0173128,-0.228432,0.973406]],"s":0.808803,"t":[22.8224,-32.6229,-44.1342],"timestamp":523556094288},false],[1,{"currentFrameRate":110.086,"devices":[],"gestures":[],"hands":[{"armBasis":[[0.945408,-0.0190091,-0.325335],[0.2111,0.796263,0.566923],[0.248275,-0.604652,0.756806]],"armWidth":63.72,"confidence":0.553114,"direction":[0.0601184,0.724259,-0.686903],"elbow":[144.335,76.3658,263.755],"grabStrength":0,"id":685,"palmNormal":[-0.203182,-0.664862,-0.718802],"palmPosition":[72.2195,277.253,20.0366],"palmVelocity":[-30.0128,36.8321,-202.832],"palmWidth":90.99,"pinchStrength":0.873967,"r":[[0.964295,-0.253495,-0.0766478],[0.264159,0.941264,0.210339],[0.018826,-0.223076,0.974619]],"s":0.807063,"sphereCenter":[56.8177,266.041,-21.7388],"sphereRadius":45.9471,"stabilizedPalmPosition":[73.5545,269.988,50.9157],"t":[22.4836,-32.2775,-46.1781],"timeVisible":28.6698,"type":"right","wrist":[77.3005,239.622,59.4175]}],"id":4261303,"interactionBox":{"center":[0,200,0],"size":[235.247,235.247,147.751]},"pointables":[{"bases":[[[0.586723,0.662447,0.465747],[-0.719116,0.161783,0.675795],[0.372328,-0.731431,0.571298]],[[0.406393,0.886779,0.220153],[-0.772789,0.205041,0.600629],[0.487485,-0.414223,0.768621]],[[0.406393,0.886779,0.220153],[-0.913602,0.390872,0.112033],[0.0132966,-0.246661,0.969011]],[[0.406393,0.886779,0.220153],[-0.430222,0.398282,-0.810111],[-0.806073,0.234509,0.543371]]],"btipPosition":[41.1173,258.772,-27.0629],"carpPosition":[47.0397,235.173,57.0606],"dipPosition":[22.2523,264.261,-14.3461],"direction":[-0.0132966,0.246661,-0.969011],"extended":false,"handId":685,"id":6850,"length":52.1164,"mcpPosition":[47.0397,235.173,57.0606],"pipPosition":[22.7056,255.851,18.6929],"stabilizedTipPosition":[37.1756,259.055,5.21205],"timeVisible":28.6698,"tipPosition":[36.5579,260.803,-23.681],"tipVelocity":[-27.335,-18.4882,-198.164],"tool":false,"touchDistance":-0.337826,"touchZone":"touching","type":0,"width":20.25},{"bases":[[[0.973514,-0.0585805,-0.220997],[0.185385,0.76797,0.61307],[0.133805,-0.637801,0.758489]],[[0.978037,-0.0837147,-0.19088],[0.176453,0.819998,0.544488],[0.110939,-0.566211,0.816761]],[[0.978037,-0.0837147,-0.19088],[0.150844,0.916282,0.371043],[0.143838,-0.391687,0.908786]],[[0.978037,-0.0837147,-0.19088],[0.126666,0.966009,0.225348],[0.165527,-0.244577,0.955397]]],"btipPosition":[38.6231,339.344,-66.28],"carpPosition":[59.5381,254.449,62.901],"dipPosition":[41.4513,335.165,-49.9565],"direction":[-0.143838,0.391687,-0.908786],"extended":true,"handId":685,"id":6851,"length":58.8075,"mcpPosition":[49.6941,301.372,7.09921],"pipPosition":[44.9279,325.698,-27.9908],"stabilizedTipPosition":[37.9924,337.509,-29.9484],"timeVisible":28.6698,"tipPosition":[38.9405,338.737,-62.2454],"tipVelocity":[-40.4803,-30.1948,-248.243],"tool":false,"touchDistance":-0.383318,"touchZone":"touching","type":1,"width":19.3428},{"bases":[[[0.936678,-0.274267,-0.217744],[0.350192,0.732821,0.583385],[-0.000436188,-0.622696,0.782463]],[[0.936618,-0.281011,-0.209237],[0.108659,0.800761,-0.589046],[0.333077,0.528975,0.780541]],[[0.936618,-0.281011,-0.209237],[-0.290863,-0.290752,-0.911516],[0.19531,0.914601,-0.35406]],[[0.936618,-0.281011,-0.209237],[-0.350329,-0.758132,-0.550004],[-0.0040722,0.588445,-0.808527]]],"btipPosition":[50.1316,236.3,-6.14546],"carpPosition":[71.633,255.419,60.8058],"dipPosition":[50.0551,247.358,-21.3393],"direction":[-0.19531,-0.914602,0.35406],"extended":false,"handId":685,"id":6852,"length":67.0064,"mcpPosition":[71.6635,298.863,6.21493],"pipPosition":[55.609,273.366,-31.4075],"stabilizedTipPosition":[51.5596,233.045,17.354],"timeVisible":28.6698,"tipPosition":[50.3069,238.651,-8.59767],"tipVelocity":[-42.1698,21.1817,-187.834],"tool":false,"touchDistance":0.333333,"touchZone":"none","type":2,"width":18.9972},{"bases":[[[0.897322,-0.41737,-0.143579],[0.416027,0.69113,0.590984],[-0.147427,-0.590035,0.793803]],[[0.90322,-0.389407,-0.180432],[0.202808,0.757776,-0.620197],[0.378237,0.523581,0.763413]],[[0.90322,-0.389407,-0.180432],[-0.309286,-0.299111,-0.902704],[0.29755,0.871146,-0.390601]],[[0.90322,-0.389407,-0.180432],[-0.422548,-0.733251,-0.532724],[0.0751446,0.557409,-0.826831]]],"btipPosition":[66.088,232.256,0.463408],"carpPosition":[83.3994,253.237,58.0273],"dipPosition":[67.492,242.671,-14.9851],"direction":[-0.29755,-0.871146,0.390601],"extended":false,"handId":685,"id":6853,"length":64.4285,"mcpPosition":[92.6342,290.197,8.30347],"pipPosition":[75.7348,266.803,-25.8055],"stabilizedTipPosition":[67.6956,228.705,26.3801],"timeVisible":28.6698,"tipPosition":[66.5098,234.526,-1.92566],"tipVelocity":[-39.2462,23.3377,-185.674],"tool":false,"touchDistance":0.333333,"touchZone":"none","type":3,"width":18.077},{"bases":[[[0.793071,-0.591274,-0.146401],[0.535858,0.562938,0.629251],[-0.289645,-0.577491,0.763289]],[[0.723551,-0.690269,0.00136346],[0.557573,0.58329,-0.590665],[0.406922,0.428136,0.806916]],[[0.723551,-0.690269,0.00136346],[-0.241531,-0.255026,-0.936282],[0.646635,0.677119,-0.351245]],[[0.723551,-0.690269,0.00136346],[-0.562603,-0.590872,-0.578228],[0.399939,0.417611,-0.815874]]],"btipPosition":[76.2195,242.306,1.12967],"carpPosition":[93.3539,244.401,52.988],"dipPosition":[83.1132,249.505,-12.9334],"direction":[-0.646635,-0.677119,0.351245],"extended":false,"handId":685,"id":6854,"length":50.5107,"mcpPosition":[110.149,277.887,8.72858],"pipPosition":[95.7606,262.748,-19.8033],"stabilizedTipPosition":[79.0702,237.286,29.4912],"timeVisible":28.6698,"tipPosition":[77.8271,243.772,-1.20586],"tipVelocity":[-36.3244,25.5076,-200.244],"tool":false,"touchDistance":0.333333,"touchZone":"none","type":4,"width":16.0574}],"r":[[0.964295,-0.253495,-0.0766478],[0.264159,0.941264,0.210339],[0.018826,-0.223076,0.974619]],"s":0.807063,"t":[22.4836,-32.2775,-46.1781],"timestamp":523556103331},false],[2,{"currentFrameRate":110.046,"devices":[],"gestures":[],"hands":[{"armBasis":[[0.944732,-0.0209862,-0.327171],[0.212725,0.798586,0.563035],[0.249458,-0.601514,0.758914]],"armWidth":63.72,"confidence":0.556969,"direction":[0.0593281,0.727208,-0.683849],"elbow":[144.289,77.5676,262.073],"grabStrength":0,"id":685,"palmNormal":[-0.20486,-0.661605,-0.721326],"palmPosition":[71.8069,277.782,17.9585],"palmVelocity":[-34.2053,42.6625,-209.55],"palmWidth":90.99,"pinchStrength":0.879603,"r":[[0.963915,-0.254688,-0.0774755],[0.265431,0.94175,0.206527],[0.0203625,-0.219639,0.975369]],"s":0.805271,"sphereCenter":[56.3924,266.726,-23.8832],"sphereRadius":45.9192,"stabilizedPalmPosition":[73.5544,269.989,50.9133],"t":[22.1079,-31.8404,-48.239],"timeVisible":28.679,"type":"right","wrist":[76.9355,239.976,57.166]}],"id":4261304,"interactionBox":{"center":[0,200,0],"size":[235.247,235.247,147.751]},"pointables":[{"bases":[[[0.587948,0.660065,0.46758],[-0.717815,0.159263,0.677774],[0.372907,-0.734131,0.567443]],[[0.406851,0.88593,0.222711],[-0.772522,0.203568,0.601473],[0.487526,-0.416759,0.767222]],[[0.406851,0.88593,0.222711],[-0.913381,0.390681,0.114469],[0.0144023,-0.249992,0.968141]],[[0.406851,0.88593,0.222711],[-0.432544,0.401571,-0.807246],[-0.804598,0.232096,0.546584]]],"btipPosition":[40.6712,259.452,-29.2554],"carpPosition":[46.6679,235.556,54.8438],"dipPosition":[21.8407,264.884,-16.4634],"direction":[-0.0144023,0.249992,-0.968141],"extended":false,"handId":685,"id":6850,"length":52.1164,"mcpPosition":[46.6679,235.556,54.8438],"pipPosition":[22.3318,256.36,16.5459],"stabilizedTipPosition":[37.1756,259.055,5.21152],"timeVisible":28.679,"tipPosition":[36.1098,261.456,-25.8441],"tipVelocity":[-33.0507,6.94434,-209.138],"tool":false,"touchDistance":-0.365005,"touchZone":"touching","type":0,"width":20.25},{"bases":[[[0.973083,-0.0581921,-0.222986],[0.186935,0.765183,0.616076],[0.134774,-0.641177,0.755465]],[[0.977668,-0.0836108,-0.192806],[0.177897,0.817697,0.547471],[0.111883,-0.569544,0.81431]],[[0.977668,-0.0836108,-0.192806],[0.152131,0.914527,0.374829],[0.144987,-0.39579,0.906824]],[[0.977668,-0.0836108,-0.192806],[0.127815,0.964829,0.229713],[0.166818,-0.249227,0.953969]]],"btipPosition":[38.1116,340.264,-68.0357],"carpPosition":[59.1882,254.799,60.7457],"dipPosition":[40.9618,336.006,-51.7366],"direction":[-0.144987,0.39579,-0.906824],"extended":true,"handId":685,"id":6851,"length":58.8075,"mcpPosition":[49.2729,301.971,5.16645],"pipPosition":[44.4662,326.44,-29.8183],"stabilizedTipPosition":[37.9925,337.509,-29.95],"timeVisible":28.679,"tipPosition":[38.4349,339.633,-64.0065],"tipVelocity":[-44.6119,5.66089,-232.667],"tool":false,"touchDistance":-0.399739,"touchZone":"touching","type":1,"width":19.3428},{"bases":[[[0.936124,-0.273869,-0.220606],[0.351669,0.730066,0.585945],[0.00058493,-0.626098,0.779744]],[[0.936075,-0.280653,-0.212125],[0.109363,0.805242,-0.582774],[0.334369,0.522322,0.78446]],[[0.936075,-0.280653,-0.212125],[-0.29191,-0.283108,-0.913585],[0.196346,0.917106,-0.346936]],[[0.936075,-0.280653,-0.212125],[-0.351774,-0.754015,-0.554723],[-0.00426089,0.593882,-0.804541]]],"btipPosition":[49.6192,237.037,-8.59467],"carpPosition":[71.28,255.771,58.6333],"dipPosition":[49.5391,248.197,-23.7136],"direction":[-0.196346,-0.917106,0.346936],"extended":false,"handId":685,"id":6852,"length":67.0064,"mcpPosition":[71.2392,299.452,4.23208],"pipPosition":[55.1225,274.276,-33.5792],"stabilizedTipPosition":[51.5595,233.045,17.3521],"timeVisible":28.679,"tipPosition":[49.7915,239.39,-11.0203],"tipVelocity":[-46.0389,38.4062,-209.498],"tool":false,"touchDistance":0.333333,"touchZone":"none","type":2,"width":18.9972},{"bases":[[[0.896815,-0.417271,-0.146995],[0.417492,0.688303,0.593244],[-0.146366,-0.5934,0.791488]],[[0.902654,-0.389211,-0.18366],[0.204819,0.76383,-0.612056],[0.378504,0.514857,0.769192]],[[0.902654,-0.389211,-0.18366],[-0.308876,-0.288717,-0.906222],[0.299686,0.874733,-0.380829]],[[0.902654,-0.389211,-0.18366],[-0.423558,-0.727804,-0.539351],[0.0762527,0.564638,-0.821809]]],"btipPosition":[65.5704,232.979,-2.21734],"carpPosition":[83.0401,253.594,55.8243],"dipPosition":[66.9951,243.529,-17.572],"direction":[-0.299686,-0.874733,0.380829],"extended":false,"handId":685,"id":6853,"length":64.4285,"mcpPosition":[92.2084,290.764,6.24546],"pipPosition":[75.297,267.761,-28.1217],"stabilizedTipPosition":[67.6955,228.705,26.3784],"timeVisible":28.679,"tipPosition":[66.0045,235.248,-4.54257],"tipVelocity":[-43.9156,39.7846,-214.854],"tool":false,"touchDistance":0.333333,"touchZone":"none","type":3,"width":18.077},{"bases":[[[0.792455,-0.591099,-0.150388],[0.537315,0.559876,0.630739],[-0.288631,-0.580638,0.761283]],[[0.722813,-0.69104,-0.00234824],[0.558034,0.585689,-0.587848],[0.407602,0.423594,0.808968]],[[0.722813,-0.69104,-0.00234824],[-0.241876,-0.24981,-0.937598],[0.647332,0.678276,-0.347712]],[[0.722813,-0.69104,-0.00234824],[-0.563439,-0.587371,-0.580975],[0.400097,0.421259,-0.813918]]],"btipPosition":[75.7467,242.937,-1.18856],"carpPosition":[92.9803,244.774,50.7289],"dipPosition":[82.6431,250.198,-15.2179],"direction":[-0.647332,-0.678276,0.347712],"extended":false,"handId":685,"id":6854,"length":50.5107,"mcpPosition":[109.717,278.443,6.58572],"pipPosition":[95.3041,263.465,-22.0187],"stabilizedTipPosition":[79.0701,237.287,29.4901],"timeVisible":28.679,"tipPosition":[77.356,244.413,-3.52709],"tipVelocity":[-40.5719,38.0361,-214.754],"tool":false,"touchDistance":0.333333,"touchZone":"none","type":4,"width":16.0574}],"r":[[0.963915,-0.254688,-0.0774755],[0.265431,0.94175,0.206527],[0.0203625,-0.219639,0.975369]],"s":0.805271,"t":[22.1079,-31.8404,-48.239],"timestamp":523556112488},false],[3,{"currentFrameRate":110.15,"devices":[],"gestures":[],"hands":[{"armBasis":[[0.9459,-0.0221912,-0.3237],[0.210951,0.800079,0.56158],[0.246523,-0.599483,0.761476]],"armWidth":63.72,"confidence":0.568944,"direction":[0.0602309,0.728914,-0.681951],"elbow":[143.286,78.2527,261.463],"grabStrength":0,"id":685,"palmNormal":[-0.202776,-0.660011,-0.723373],"palmPosition":[71.6505,278.01,16.7376],"palmVelocity":[-29.6871,38.0319,-189.895],"palmWidth":90.99,"pinchStrength":0.882143,"r":[[0.963682,-0.255456,-0.0778406],[0.266209,0.942071,0.204048],[0.021206,-0.217359,0.975861]],"s":0.803607,"sphereCenter":[56.4508,266.952,-25.2409],"sphereRadius":45.903,"stabilizedPalmPosition":[73.5542,269.989,50.9111],"t":[21.8418,-31.5078,-49.8799],"timeVisible":28.6879,"type":"right","wrist":[76.7243,240.113,55.8642]}],"id":4261305,"interactionBox":{"center":[0,200,0],"size":[235.247,235.247,147.751]},"pointables":[{"bases":[[[0.586413,0.659389,0.470453],[-0.719404,0.15705,0.676604],[0.37226,-0.735215,0.566463]],[[0.405365,0.88594,0.225366],[-0.77445,0.201831,0.599576],[0.485703,-0.417582,0.767931]],[[0.405365,0.88594,0.225366],[-0.914054,0.389147,0.114322],[0.0135817,-0.252339,0.967544]],[[0.405365,0.88594,0.225366],[-0.437269,0.404411,-0.803273],[-0.802792,0.227073,0.551328]]],"btipPosition":[40.5452,259.809,-30.7595],"carpPosition":[46.4652,235.675,53.4658],"dipPosition":[21.757,265.123,-17.8564],"direction":[-0.0135817,0.252339,-0.967544],"extended":false,"handId":685,"id":6850,"length":52.1164,"mcpPosition":[46.4652,235.675,53.4658],"pipPosition":[22.2201,256.52,15.1325],"stabilizedTipPosition":[37.1756,259.055,5.21107],"timeVisible":28.6879,"tipPosition":[36.0284,261.735,-27.2928],"tipVelocity":[-27.6181,15.1523,-197.47],"tool":false,"touchDistance":-0.379016,"touchZone":"touching","type":0,"width":20.25},{"bases":[[[0.973609,-0.0568849,-0.22102],[0.184997,0.76383,0.618336],[0.133648,-0.642906,0.754195]],[[0.97818,-0.0825826,-0.190643],[0.175879,0.817606,0.548257],[0.110595,-0.569824,0.81429]],[[0.97818,-0.0825826,-0.190643],[0.150481,0.914296,0.376055],[0.143249,-0.396538,0.906773]],[[0.97818,-0.0825826,-0.190643],[0.126534,0.964596,0.231396],[0.164784,-0.25047,0.953997]]],"btipPosition":[38.0958,340.557,-69.2449],"carpPosition":[58.9575,254.914,59.4415],"dipPosition":[40.9113,336.277,-52.9453],"direction":[-0.143249,0.396538,-0.906773],"extended":true,"handId":685,"id":6851,"length":58.8075,"mcpPosition":[49.1251,302.212,3.95565],"pipPosition":[44.3737,326.693,-31.0282],"stabilizedTipPosition":[37.9925,337.509,-29.9514],"timeVisible":28.6879,"tipPosition":[38.4257,339.945,-65.2038],"tipVelocity":[-33.2097,12.9163,-206.368],"tool":false,"touchDistance":-0.406235,"touchZone":"touching","type":1,"width":19.3428},{"bases":[[[0.936815,-0.272596,-0.219245],[0.349824,0.728916,0.588476],[-0.000605374,-0.627991,0.778221]],[[0.936754,-0.279397,-0.210784],[0.11146,0.809054,-0.577068],[0.331767,0.517077,0.789026]],[[0.936754,-0.279397,-0.210784],[-0.288821,-0.276958,-0.916448],[0.197675,0.919365,-0.340137]],[[0.936754,-0.279397,-0.210784],[-0.349984,-0.751117,-0.559762],[-0.0019275,0.598131,-0.801396]]],"btipPosition":[49.5191,237.406,-10.2366],"carpPosition":[71.053,255.9,57.3576],"dipPosition":[49.4828,248.647,-25.2964],"direction":[-0.197675,-0.919365,0.340137],"extended":false,"handId":685,"id":6852,"length":67.0064,"mcpPosition":[71.0953,299.713,3.0627],"pipPosition":[55.104,274.79,-34.9687],"stabilizedTipPosition":[51.5593,233.046,17.3503],"timeVisible":28.6879,"tipPosition":[49.6963,239.756,-12.6316],"tipVelocity":[-36.2742,39.8208,-202.31],"tool":false,"touchDistance":0.333333,"touchZone":"none","type":2,"width":18.9972},{"bases":[[[0.897461,-0.416207,-0.146067],[0.415663,0.687188,0.595817],[-0.147607,-0.595437,0.789726]],[[0.903342,-0.38814,-0.182541],[0.206911,0.767126,-0.607211],[0.375715,0.510749,0.773288]],[[0.903342,-0.38814,-0.182541],[-0.305575,-0.283725,-0.908914],[0.300994,0.876839,-0.374907]],[[0.903342,-0.38814,-0.182541],[-0.421633,-0.725436,-0.544029],[0.0787378,0.568409,-0.81897]]],"btipPosition":[65.4709,233.306,-3.76256],"carpPosition":[82.8209,253.739,54.5688],"dipPosition":[66.9421,243.927,-19.0642],"direction":[-0.300994,-0.876839,0.374907],"extended":false,"handId":685,"id":6853,"length":64.4285,"mcpPosition":[92.067,291.037,5.10034],"pipPosition":[75.2802,268.217,-29.4498],"stabilizedTipPosition":[67.6954,228.706,26.3769],"timeVisible":28.6879,"tipPosition":[65.9131,235.578,-6.08657],"tipVelocity":[-34.6915,39.4636,-203.298],"tool":false,"touchDistance":0.333333,"touchZone":"none","type":3,"width":18.077},{"bases":[[[0.793246,-0.590109,-0.150108],[0.535506,0.558763,0.633259],[-0.289816,-0.582714,0.759244]],[[0.722732,-0.691127,-0.00134353],[0.561345,0.588146,-0.582217],[0.403176,0.420033,0.813032]],[[0.722732,-0.691127,-0.00134353],[-0.236411,-0.245394,-0.940155],[0.649437,0.679797,-0.340744]],[[0.722732,-0.691127,-0.00134353],[-0.560513,-0.585005,-0.586169],[0.404331,0.424396,-0.810188]]],"btipPosition":[75.6565,243.265,-2.67002],"carpPosition":[92.7791,244.939,49.4735],"dipPosition":[82.6259,250.58,-16.6351],"direction":[-0.649437,-0.679797,0.340744],"extended":false,"handId":685,"id":6854,"length":50.5107,"mcpPosition":[109.584,278.728,5.44856],"pipPosition":[95.3281,263.876,-23.2996],"stabilizedTipPosition":[79.0701,237.287,29.489],"timeVisible":28.6879,"tipPosition":[77.2787,244.744,-4.98151],"tipVelocity":[-31.7837,38.0855,-201.197],"tool":false,"touchDistance":0.333333,"touchZone":"none","type":4,"width":16.0574}],"r":[[0.963682,-0.255456,-0.0778406],[0.266209,0.942071,0.204048],[0.021206,-0.217359,0.975861]],"s":0.803607,"t":[21.8418,-31.5078,-49.8799],"timestamp":523556121383},false],[4,{"currentFrameRate":110.096,"devices":[],"gestures":[],"hands":[{"armBasis":[[0.94315,-0.0168064,-0.331943],[0.209571,0.805236,0.554685],[0.257971,-0.592716,0.76298]],"armWidth":63.72,"confidence":0.57702,"direction":[0.0591849,0.727902,-0.683122],"elbow":[146.208,80.0566,260.748],"grabStrength":0,"id":685,"palmNormal":[-0.201492,-0.661525,-0.722347],"palmPosition":[71.4285,277.914,15.5541],"palmVelocity":[-28.15,24.5064,-172.876],"palmWidth":90.99,"pinchStrength":0.888448,"r":[[0.963585,-0.255775,-0.078],[0.266505,0.942478,0.20177],[0.0219057,-0.21521,0.976322]],"s":0.802091,"sphereCenter":[56.318,266.709,-26.4636],"sphereRadius":45.895,"stabilizedPalmPosition":[73.5541,269.99,50.9091],"t":[21.5978,-31.3893,-51.2921],"timeVisible":28.6971,"type":"right","wrist":[76.5557,240.09,54.7437]}],"id":4261306,"interactionBox":{"center":[0,200,0],"size":[235.247,235.247,147.751]},"pointables":[{"bases":[[[0.585193,0.661133,0.469524],[-0.719835,0.15695,0.676169],[0.373345,-0.733669,0.567753]],[[0.403542,0.887202,0.223667],[-0.77525,0.201717,0.59858],[0.485944,-0.41495,0.769204]],[[0.403542,0.887202,0.223667],[-0.914857,0.387565,0.113271],[0.0138091,-0.250333,0.968061]],[[0.403542,0.887202,0.223667],[-0.441275,0.402865,-0.801858],[-0.801518,0.224885,0.554072]]],"btipPosition":[40.3352,259.583,-32.0258],"carpPosition":[46.3047,235.597,52.345],"dipPosition":[21.5768,264.846,-19.0585],"direction":[-0.0138091,0.250333,-0.968061],"extended":false,"handId":685,"id":6850,"length":52.1164,"mcpPosition":[46.3047,235.597,52.345],"pipPosition":[22.0476,256.311,13.9481],"stabilizedTipPosition":[37.1756,259.055,5.21068],"timeVisible":28.6971,"tipPosition":[35.8398,261.47,-28.5338],"tipVelocity":[-26.0876,3.68098,-180.405],"tool":false,"touchDistance":-0.388221,"touchZone":"touching","type":0,"width":20.25},{"bases":[[[0.973758,-0.0556188,-0.220686],[0.183567,0.765144,0.617137],[0.134532,-0.641453,0.755275]],[[0.978381,-0.0813729,-0.19013],[0.174268,0.819422,0.546057],[0.111363,-0.567386,0.815887]],[[0.978381,-0.0813729,-0.19013],[0.148846,0.915327,0.374194],[0.143582,-0.394405,0.90765]],[[0.978381,-0.0813729,-0.19013],[0.124962,0.965142,0.229969],[0.164789,-0.248756,0.954445]]],"btipPosition":[37.7956,340.217,-70.5709],"carpPosition":[58.7634,254.866,58.2924],"dipPosition":[40.6111,335.967,-54.2636],"direction":[-0.143582,0.394405,-0.90765],"extended":true,"handId":685,"id":6851,"length":58.8075,"mcpPosition":[48.8659,302.058,2.72714],"pipPosition":[44.0815,326.434,-32.3253],"stabilizedTipPosition":[37.9925,337.509,-29.9526],"timeVisible":28.6971,"tipPosition":[38.1348,339.617,-66.5266],"tipVelocity":[-33.0701,-0.817657,-189.029],"tool":false,"touchDistance":-0.413808,"touchZone":"touching","type":1,"width":19.3428},{"bases":[[[0.937324,-0.271388,-0.218568],[0.348459,0.730457,0.587375],[0.000247998,-0.626723,0.779242]],[[0.937272,-0.278176,-0.210095],[0.112264,0.811437,-0.573556],[0.330029,0.513992,0.791766]],[[0.937272,-0.278176,-0.210095],[-0.286889,-0.273155,-0.918194],[0.198031,0.920871,-0.335827]],[[0.937272,-0.278176,-0.210095],[-0.348598,-0.750024,-0.562089],[-0.00121634,0.600069,-0.799948]]],"btipPosition":[49.3246,237.357,-11.7374],"carpPosition":[70.8578,255.869,56.2099],"dipPosition":[49.3017,248.634,-26.77],"direction":[-0.198031,-0.920871,0.335827],"extended":false,"handId":685,"id":6852,"length":67.0064,"mcpPosition":[70.8405,299.594,1.84371],"pipPosition":[54.933,274.82,-36.3197],"stabilizedTipPosition":[51.5592,233.046,17.3488],"timeVisible":28.6971,"tipPosition":[49.504,239.692,-14.0901],"tipVelocity":[-31.9688,27.4558,-191.287],"tool":false,"touchDistance":0.333333,"touchZone":"none","type":2,"width":18.9972},{"bases":[[[0.898191,-0.414945,-0.145167],[0.414366,0.68885,0.594799],[-0.146811,-0.594396,0.790658]],[[0.904032,-0.386941,-0.181668],[0.205912,0.766624,-0.608184],[0.374602,0.51241,0.772729]],[[0.904032,-0.386941,-0.181668],[-0.304731,-0.28533,-0.908695],[0.299776,0.876849,-0.37586]],[[0.904032,-0.386941,-0.181668],[-0.420254,-0.726792,-0.543287],[0.0781854,0.567495,-0.819656]]],"btipPosition":[65.3239,233.169,-4.898],"carpPosition":[82.6299,253.723,53.4275],"dipPosition":[66.7847,243.772,-20.2125],"direction":[-0.299776,-0.876849,0.37586],"extended":false,"handId":685,"id":6853,"length":64.4285,"mcpPosition":[91.8262,290.956,3.90068],"pipPosition":[75.0891,268.062,-30.6245],"stabilizedTipPosition":[67.6953,228.706,26.3756],"timeVisible":28.6971,"tipPosition":[65.7627,235.442,-7.24593],"tipVelocity":[-29.55,24.1332,-181.164],"tool":false,"touchDistance":0.333333,"touchZone":"none","type":3,"width":18.077},{"bases":[[[0.794268,-0.589027,-0.14895],[0.534414,0.560687,0.63248],[-0.289033,-0.58196,0.76012]],[[0.723362,-0.690468,0.000888517],[0.56292,0.588991,-0.579837],[0.399836,0.419933,0.814732]],[[0.723362,-0.690468,0.000888517],[-0.232499,-0.244786,-0.941288],[0.650147,0.680686,-0.337602]],[[0.723362,-0.690468,0.000888517],[-0.558138,-0.585484,-0.587955],[0.406484,0.424808,-0.808893]]],"btipPosition":[75.5033,243.193,-3.98914],"carpPosition":[92.6041,244.932,48.349],"dipPosition":[82.5098,250.516,-17.9319],"direction":[-0.650147,-0.680686,0.337602],"extended":false,"handId":685,"id":6854,"length":50.5107,"mcpPosition":[109.364,278.677,4.27329],"pipPosition":[95.2259,263.829,-24.535],"stabilizedTipPosition":[79.07,237.287,29.4882],"timeVisible":28.6971,"tipPosition":[77.1288,244.67,-6.28383],"tipVelocity":[-27.3123,25.3252,-184.991],"tool":false,"touchDistance":0.333333,"touchZone":"none","type":4,"width":16.0574}],"r":[[0.963585,-0.255775,-0.078],[0.266505,0.942478,0.20177],[0.0219057,-0.21521,0.976322]],"s":0.802091,"t":[21.5978,-31.3893,-51.2921],"timestamp":523556130562},false],[5,{"currentFrameRate":110.179,"devices":[],"gestures":[],"hands":[{"armBasis":[[0.946073,-0.0246691,-0.323014],[0.208676,0.809083,0.549399],[0.247792,-0.587177,0.770599]],"armWidth":63.72,"confidence":0.571854,"direction":[0.0649049,0.738585,-0.671029],"elbow":[142.682,81.9436,259.897],"grabStrength":0,"id":685,"palmNormal":[-0.198874,-0.649384,-0.733996],"palmPosition":[70.9696,278.94,13.2271],"palmVelocity":[-34.4913,49.1639,-196.81],"palmWidth":90.99,"pinchStrength":0.896567,"r":[[0.963469,-0.256261,-0.0778322],[0.266977,0.942021,0.203272],[0.021229,-0.216625,0.976024]],"s":0.800066,"sphereCenter":[56.3146,268.21,-29.2188],"sphereRadius":45.8617,"stabilizedPalmPosition":[73.554,269.99,50.9067],"t":[21.2463,-30.8171,-53.1617],"timeVisible":28.706,"type":"right","wrist":[75.7779,240.481,51.8352]}],"id":4261307,"interactionBox":{"center":[0,200,0],"size":[235.247,235.247,147.751]},"pointables":[{"bases":[[[0.584037,0.652078,0.48342],[-0.723378,0.14791,0.674424],[0.368274,-0.743584,0.558084]],[[0.404086,0.882722,0.239825],[-0.778332,0.194073,0.597105],[0.480534,-0.427945,0.765474]],[[0.404086,0.882722,0.239825],[-0.914679,0.387421,0.115185],[0.00876372,-0.265907,0.963959]],[[0.404086,0.882722,0.239825],[-0.443446,0.418357,-0.792675],[-0.800044,0.21396,0.560492]]],"btipPosition":[39.9687,261.524,-35.0048],"carpPosition":[45.5307,236.103,49.1901],"dipPosition":[21.2448,266.531,-21.8873],"direction":[-0.00876372,0.265907,-0.963959],"extended":false,"handId":685,"id":6850,"length":52.1164,"mcpPosition":[45.5307,236.103,49.1901],"pipPosition":[21.5436,257.465,10.9795],"stabilizedTipPosition":[37.1756,259.055,5.21008],"timeVisible":28.706,"tipPosition":[35.5318,263.284,-31.444],"tipVelocity":[-29.9251,60.1764,-221.147],"tool":false,"touchDistance":-0.421898,"touchZone":"touching","type":0,"width":20.25},{"bases":[[[0.974889,-0.0545093,-0.215917],[0.181809,0.754716,0.630356],[0.128596,-0.653783,0.745675]],[[0.979306,-0.0810053,-0.185468],[0.172364,0.814108,0.554544],[0.10607,-0.575036,0.811223]],[[0.979306,-0.0810053,-0.185468],[0.148048,0.91156,0.383588],[0.137992,-0.403108,0.904689]],[[0.979306,-0.0810053,-0.185468],[0.125112,0.962634,0.240173],[0.159082,-0.258407,0.952848]]],"btipPosition":[37.9297,342.205,-72.3406],"carpPosition":[58.0008,255.243,55.5171],"dipPosition":[40.6477,337.79,-56.0607],"direction":[-0.137992,0.403108,-0.904689],"extended":true,"handId":685,"id":6851,"length":58.8075,"mcpPosition":[48.54,303.342,0.658117],"pipPosition":[43.983,328.047,-34.194],"stabilizedTipPosition":[37.9925,337.509,-29.9541],"timeVisible":28.706,"tipPosition":[38.2975,341.689,-68.233],"tipVelocity":[-20.6398,58.9786,-191.729],"tool":false,"touchDistance":-0.427401,"touchZone":"touching","type":1,"width":19.3428},{"bases":[[[0.937926,-0.270193,-0.217464],[0.346787,0.720099,0.600996],[-0.00578962,-0.639104,0.769099]],[[0.937807,-0.277129,-0.209085],[0.120836,0.825198,-0.551767],[0.325447,0.492186,0.807364]],[[0.937807,-0.277129,-0.209085],[-0.28011,-0.248271,-0.927308],[0.205075,0.928203,-0.310457]],[[0.937807,-0.277129,-0.209085],[-0.347079,-0.735827,-0.581459],[0.00728901,0.617865,-0.78625]]],"btipPosition":[48.8582,239.109,-15.4494],"carpPosition":[70.1095,256.249,53.5209],"dipPosition":[48.9951,250.72,-30.2246],"direction":[-0.205075,-0.928203,0.310457],"extended":false,"handId":685,"id":6852,"length":67.0064,"mcpPosition":[70.5134,300.838,-0.137635],"pipPosition":[54.8267,277.115,-39.0529],"stabilizedTipPosition":[51.5591,233.047,17.347],"timeVisible":28.706,"tipPosition":[49.0707,241.455,-17.6612],"tipVelocity":[-36.3745,75.8353,-250.698],"tool":false,"touchDistance":0.333333,"touchZone":"none","type":2,"width":18.9972},{"bases":[[[0.898022,-0.414808,-0.146597],[0.41255,0.678214,0.608134],[-0.152835,-0.606597,0.780181]],[[0.904124,-0.38634,-0.182486],[0.213048,0.77785,-0.591236],[0.370365,0.495673,0.785582]],[[0.904124,-0.38634,-0.182486],[-0.298756,-0.266289,-0.916425],[0.305457,0.883081,-0.35618]],[[0.904124,-0.38634,-0.182486],[-0.418609,-0.715387,-0.559454],[0.0855912,0.582206,-0.808524]]],"btipPosition":[64.8573,234.629,-8.22407],"carpPosition":[81.8924,254.119,50.7725],"dipPosition":[66.4565,245.507,-23.3305],"direction":[-0.305457,-0.883081,0.35618],"extended":false,"handId":685,"id":6853,"length":64.4285,"mcpPosition":[91.466,292.116,1.90204],"pipPosition":[74.9182,269.97,-33.1974],"stabilizedTipPosition":[67.6952,228.706,26.3741],"timeVisible":28.706,"tipPosition":[65.3204,236.927,-10.5184],"tipVelocity":[-34.7735,64.0841,-231.895],"tool":false,"touchDistance":0.333333,"touchZone":"none","type":3,"width":18.077},{"bases":[[[0.793705,-0.588547,-0.153767],[0.532069,0.549166,0.644452],[-0.294847,-0.59332,0.749024]],[[0.721561,-0.692327,-0.00576931],[0.568004,0.596713,-0.566838],[0.39588,0.405731,0.823809]],[[0.721561,-0.692327,-0.00576931],[-0.227227,-0.228934,-0.94655],[0.654001,0.684305,-0.322505]],[[0.721561,-0.692327,-0.00576931],[-0.555965,-0.574435,-0.600773],[0.412617,0.436702,-0.799399]]],"btipPosition":[75.0699,244.531,-6.86294],"carpPosition":[91.8748,245.385,45.6117],"dipPosition":[82.1821,252.059,-20.642],"direction":[-0.654001,-0.684305,0.322505],"extended":false,"handId":685,"id":6854,"length":50.5107,"mcpPosition":[108.972,279.789,2.17939],"pipPosition":[94.9735,265.443,-26.9498],"stabilizedTipPosition":[79.07,237.287,29.4872],"timeVisible":28.706,"tipPosition":[76.715,246.043,-9.13678],"tipVelocity":[-32.3597,60.7334,-221.175],"tool":false,"touchDistance":0.333333,"touchZone":"none","type":4,"width":16.0574}],"r":[[0.963469,-0.256261,-0.0778322],[0.266977,0.942021,0.203272],[0.021229,-0.216625,0.976024]],"s":0.800066,"t":[21.2463,-30.8171,-53.1617],"timestamp":523556139490},false],[6,{"currentFrameRate":110.207,"devices":[],"gestures":[],"hands":[{"armBasis":[[0.946728,-0.0243528,-0.321112],[0.206777,0.810398,0.548177],[0.246879,-0.585373,0.772262]],"armWidth":63.72,"confidence":0.577849,"direction":[0.0642825,0.74131,-0.668077],"elbow":[141.899,82.7135,258.028],"grabStrength":0,"id":685,"palmNormal":[-0.196992,-0.646862,-0.736725],"palmPosition":[70.4042,279.365,11.0544],"palmVelocity":[-42.2421,48.5836,-208.903],"palmWidth":90.99,"pinchStrength":0.903484,"r":[[0.963482,-0.256251,-0.0777029],[0.266982,0.941588,0.205262],[0.0205656,-0.218511,0.975618]],"s":0.797736,"sphereCenter":[56.038,268.564,-31.5961],"sphereRadius":45.8323,"stabilizedPalmPosition":[73.5537,269.991,50.904],"t":[20.7879,-30.3186,-55.1829],"timeVisible":28.715,"type":"right","wrist":[75.2412,240.764,49.517]}],"id":4261308,"interactionBox":{"center":[0,200,0],"size":[235.247,235.247,147.751]},"pointables":[{"bases":[[[0.582402,0.65121,0.486553],[-0.724316,0.144008,0.674261],[0.369018,-0.745109,0.555552]],[[0.402086,0.882651,0.24342],[-0.779546,0.190572,0.596649],[0.480244,-0.429662,0.764694]],[[0.402086,0.882651,0.24342],[-0.915558,0.384992,0.116339],[0.0089716,-0.269643,0.962918]],[[0.402086,0.882651,0.24342],[-0.44832,0.421602,-0.788202],[-0.798333,0.207795,0.56523]]],"btipPosition":[39.4098,262.121,-37.4072],"carpPosition":[45.0044,236.343,46.8241],"dipPosition":[20.7259,266.985,-24.1788],"direction":[-0.0089716,0.269643,-0.962918],"extended":false,"handId":685,"id":6850,"length":52.1164,"mcpPosition":[45.0044,236.343,46.8241],"pipPosition":[21.0318,257.791,8.65246],"stabilizedTipPosition":[37.1755,259.055,5.20917],"timeVisible":28.715,"tipPosition":[35.0078,263.805,-33.8061],"tipVelocity":[-38.4537,60.8215,-232.769],"tool":false,"touchDistance":-0.443696,"touchZone":"touching","type":0,"width":20.25},{"bases":[[[0.9752,-0.051956,-0.215139],[0.179846,0.752568,0.63348],[0.128993,-0.656462,0.743249]],[[0.979685,-0.0789462,-0.184348],[0.169813,0.815571,0.553179],[0.106677,-0.573246,0.812409]],[[0.979685,-0.0789462,-0.184348],[0.14545,0.912577,0.382163],[0.138061,-0.401213,0.905521]],[[0.979685,-0.0789462,-0.184348],[0.122602,0.963237,0.239048],[0.158699,-0.256793,0.953348]]],"btipPosition":[37.3128,342.489,-74.5205],"carpPosition":[57.4344,255.481,53.2384],"dipPosition":[40.0243,338.102,-58.2319],"direction":[-0.138061,0.401213,-0.905521],"extended":true,"handId":685,"id":6851,"length":58.8075,"mcpPosition":[47.9444,303.776,-1.44209],"pipPosition":[43.3613,328.404,-36.3451],"stabilizedTipPosition":[37.9925,337.509,-29.956],"timeVisible":28.715,"tipPosition":[37.7133,342.067,-70.3652],"tipVelocity":[-33.8167,51.5961,-205.376],"tool":false,"touchDistance":-0.445662,"touchZone":"touching","type":1,"width":19.3428},{"bases":[[[0.938618,-0.267697,-0.217565],[0.344915,0.718355,0.604152],[-0.00544107,-0.64211,0.766594]],[[0.938503,-0.274676,-0.2092],[0.122444,0.831297,-0.542175],[0.32283,0.483217,0.813807]],[[0.938503,-0.274676,-0.2092],[-0.277127,-0.237861,-0.930926],[0.205942,0.931652,-0.299354]],[[0.938503,-0.274676,-0.2092],[-0.345157,-0.730867,-0.588813],[0.00883518,0.62481,-0.780727]]],"btipPosition":[48.3401,239.789,-18.2672],"carpPosition":[69.5433,256.515,51.2584],"dipPosition":[48.5061,251.53,-32.9386],"direction":[-0.205942,-0.931652,0.299354],"extended":false,"handId":685,"id":6852,"length":67.0064,"mcpPosition":[69.9229,301.314,-2.22531],"pipPosition":[54.3624,278.023,-41.4511],"stabilizedTipPosition":[51.5589,233.047,17.3449],"timeVisible":28.715,"tipPosition":[48.5569,242.13,-20.4203],"tipVelocity":[-41.9578,76.6029,-266.902],"tool":false,"touchDistance":0.333333,"touchZone":"none","type":2,"width":18.9972},{"bases":[[[0.898897,-0.412657,-0.147303],[0.410744,0.676558,0.611194],[-0.152554,-0.609904,0.777653]],[[0.904984,-0.384046,-0.183064],[0.21382,0.782564,-0.584701],[0.367811,0.490002,0.790325]],[[0.904984,-0.384046,-0.183064],[-0.296049,-0.259436,-0.919265],[0.305547,0.886116,-0.348482]],[[0.904984,-0.384046,-0.183064],[-0.416534,-0.712203,-0.565037],[0.0866219,0.587602,-0.804501]]],"btipPosition":[64.3724,235.202,-10.8249],"carpPosition":[81.3327,254.416,48.5138],"dipPosition":[65.9908,246.181,-25.8562],"direction":[-0.305547,-0.886116,0.348482],"extended":false,"handId":685,"id":6853,"length":64.4285,"mcpPosition":[90.8887,292.621,-0.198418],"pipPosition":[74.4551,270.728,-35.5098],"stabilizedTipPosition":[67.6951,228.706,26.3725],"timeVisible":28.715,"tipPosition":[64.8381,237.505,-13.1009],"tipVelocity":[-39.8552,64.6336,-246.858],"tool":false,"touchDistance":0.333333,"touchZone":"none","type":3,"width":18.077},{"bases":[[[0.794893,-0.586549,-0.155257],[0.530453,0.54758,0.647129],[-0.294558,-0.596755,0.746404]],[[0.722564,-0.691265,-0.00736181],[0.568541,0.600275,-0.562522],[0.393271,0.402273,0.826749]],[[0.722564,-0.691265,-0.00736181],[-0.224396,-0.224458,-0.948296],[0.653871,0.686857,-0.317302]],[[0.722564,-0.691265,-0.00736181],[-0.55374,-0.572372,-0.604782],[0.413851,0.44107,-0.796357]]],"btipPosition":[74.5875,245.063,-9.25189],"carpPosition":[91.3357,245.721,43.329],"dipPosition":[81.721,252.665,-22.9785],"direction":[-0.653871,-0.686857,0.317302],"extended":false,"handId":685,"id":6854,"length":50.5107,"mcpPosition":[108.416,280.324,0.0486071],"pipPosition":[94.5099,266.1,-29.1846],"stabilizedTipPosition":[79.0699,237.287,29.486],"timeVisible":28.715,"tipPosition":[76.2346,246.589,-11.5199],"tipVelocity":[-38.0144,60.7554,-232.787],"tool":false,"touchDistance":0.333333,"touchZone":"none","type":4,"width":16.0574}],"r":[[0.963482,-0.256251,-0.0777029],[0.266982,0.941588,0.205262],[0.0205656,-0.218511,0.975618]],"s":0.797736,"t":[20.7879,-30.3186,-55.1829],"timestamp":523556148515},false],[7,{"currentFrameRate":110.21,"devices":[],"gestu