{"sensorType":"Leap","data":[[0,{"currentFrameRate":102.487,"devices":[],"gestures":[],"hands":[{"armBasis":[[0.963754,0.0168622,-0.26626],[0.159809,0.762662,0.626743],[0.213635,-0.646577,0.732324]],"armWidth":63.72,"confidence":0.591352,"direction":[0.0232141,0.720988,-0.692558],"elbow":[128.976,61.967,255.86],"grabStrength":0,"id":685,"palmNormal":[-0.158168,-0.681371,-0.714644],"palmPosition":[64.34,273.494,18.3962],"palmVelocity":[-54.867,135.316,-298.976],"palmWidth":90.99,"pinchStrength":0.606155,"r":[[0.966952,-0.240176,-0.0855476],[0.252746,0.947087,0.197853],[0.0335012,-0.212937,0.976491]],"s":0.872719,"sphereCenter":[49.5951,263.265,-22.2697],"sphereRadius":46.9292,"stabilizedPalmPosition":[75.0726,264.789,54.4923],"t":[14.8577,-37.1555,-46.8115],"timeVisible":23.5541,"type":"right","wrist":[71.2945,236.543,58.1329]}],"id":4260748,"interactionBox":{"center":[0,200,0],"size":[235.247,235.247,147.751]},"pointables":[{"bases":[[[0.543222,0.699371,0.464533],[-0.732768,0.124852,0.668927],[0.40983,-0.703771,0.580299]],[[0.413787,0.862151,0.292362],[-0.750805,0.141563,0.645176],[0.514852,-0.486472,0.705884]],[[0.413787,0.862151,0.292362],[-0.909156,0.374741,0.181671],[0.047068,-0.340976,0.938893]],[[0.413787,0.862151,0.292362],[-0.543893,0.491648,-0.680046],[-0.730042,0.12238,0.672355]]],"btipPosition":[31.146,263.358,-27.399],"carpPosition":[41.3654,230.312,55.5847],"dipPosition":[14.0604,266.222,-11.6634],"direction":[-0.047068,0.340976,-0.938893],"extended":false,"handId":685,"id":6850,"length":52.1164,"mcpPosition":[41.3654,230.312,55.5847],"pipPosition":[15.6652,254.596,20.3487],"stabilizedTipPosition":[34.6876,262.078,-45.6897],"timeVisible":23.5541,"tipPosition":[28.0513,263.645,-23.0782],"tipVelocity":[-50.0568,87.3475,-318.127],"tool":false,"touchDistance":-0.727734,"touchZone":"hovering","type":0,"width":20.25},{"bases":[[[0.977023,-0.0032847,-0.213108],[0.135227,0.782408,0.607908],[0.16474,-0.622758,0.764875]],[[0.986856,-0.0515632,-0.153158],[0.139001,0.754252,0.641703],[0.0824313,-0.654558,0.751505]],[[0.986856,-0.0515632,-0.153158],[0.117531,0.879472,0.46121],[0.110917,-0.473149,0.873972]],[[0.986856,-0.0515632,-0.153158],[0.095813,0.949881,0.297567],[0.130138,-0.30833,0.942336]]],"btipPosition":[32.1024,340.975,-64.4271],"carpPosition":[52.6681,250.333,61.3555],"dipPosition":[34.3259,335.707,-48.3267],"direction":[-0.110917,0.473149,-0.873972],"extended":true,"handId":685,"id":6851,"length":58.8075,"mcpPosition":[40.5482,296.149,5.08402],"pipPosition":[37.0068,324.271,-27.2024],"stabilizedTipPosition":[36.8273,339.224,-49.6624],"timeVisible":23.5541,"tipPosition":[31.9586,339.601,-60.6932],"tipVelocity":[-87.8213,74.6599,-338.424],"tool":false,"touchDistance":-0.760496,"touchZone":"touching","type":1,"width":19.3428},{"bases":[[[0.952833,-0.220724,-0.208301],[0.302041,0.756726,0.579773],[0.0296568,-0.615342,0.787702]],[[0.953158,-0.229427,-0.197112],[0.0508783,0.763993,-0.643215],[0.298163,0.603057,0.739879]],[[0.953158,-0.229427,-0.197112],[-0.275986,-0.392985,-0.877151],[0.12378,0.890464,-0.437895]],[[0.953158,-0.229427,-0.197112],[-0.298073,-0.823202,-0.483209],[-0.0514017,0.519329,-0.853027]]],"btipPosition":[45.7076,230.775,-2.7926],"carpPosition":[64.7022,251.992,59.344],"dipPosition":[44.7417,240.534,-18.8227],"direction":[-0.12378,-0.890464,0.437895],"extended":false,"handId":685,"id":6852,"length":67.0064,"mcpPosition":[62.6331,294.923,4.3876],"pipPosition":[48.2616,265.856,-31.2749],"stabilizedTipPosition":[51.6866,236.451,8.83637],"timeVisible":23.5541,"tipPosition":[45.6804,233.089,-5.57329],"tipVelocity":[-15.6387,111.35,-311.229],"tool":false,"touchDistance":0.333333,"touchZone":"none","type":2,"width":18.9972},{"bases":[[[0.921314,-0.365284,-0.133223],[0.370137,0.719021,0.588224],[-0.119079,-0.591249,0.797649]],[[0.924088,-0.349856,-0.153827],[0.163255,0.725281,-0.668816],[0.345557,0.592931,0.727339]],[[0.924088,-0.349856,-0.153827],[-0.293049,-0.390276,-0.872815],[0.245325,0.851637,-0.463174]],[[0.924088,-0.349856,-0.153827],[-0.379561,-0.793081,-0.4764],[0.0446739,0.498622,-0.865667]]],"btipPosition":[60.9871,228.115,3.21634],"carpPosition":[76.598,250.48,56.6733],"dipPosition":[61.8218,237.432,-12.9578],"direction":[-0.245325,-0.851637,0.463174],"extended":false,"handId":685,"id":6853,"length":64.4285,"mcpPosition":[84.0571,287.516,6.70858],"pipPosition":[68.6178,261.024,-25.7887],"stabilizedTipPosition":[67.5308,226.529,31.7192],"timeVisible":23.5541,"tipPosition":[61.3319,230.278,0.425352],"tipVelocity":[-12.7697,127.929,-304.28],"tool":false,"touchDistance":0.333333,"touchZone":"none","type":3,"width":18.077},{"bases":[[[0.827433,-0.545008,-0.135356],[0.496945,0.598374,0.628486],[-0.261536,-0.587295,0.765953]],[[0.775047,-0.631802,-0.0112994],[0.483672,0.60465,-0.632819],[0.406649,0.484999,0.774217]],[[0.775047,-0.631802,-0.0112994],[-0.270873,-0.316025,-0.909261],[0.570902,0.707781,-0.416073]],[[0.775047,-0.631802,-0.0112994],[-0.541135,-0.654378,-0.528169],[0.326304,0.41547,-0.849064]]],"btipPosition":[71.0882,238.102,2.76833],"carpPosition":[87.0923,242.201,51.7849],"dipPosition":[76.7126,245.263,-11.8668],"direction":[-0.570902,-0.707781,0.416073],"extended":false,"handId":685,"id":6854,"length":50.5107,"mcpPosition":[102.258,276.256,7.371],"pipPosition":[87.8788,259.107,-20.0047],"stabilizedTipPosition":[80.4806,227.729,52.0062],"timeVisible":23.5541,"tipPosition":[72.5362,239.682,0.239452],"tipVelocity":[-18.1413,139.278,-305.079],"tool":false,"touchDistance":0.333333,"touchZone":"none","type":4,"width":16.0574}],"r":[[0.966952,-0.240176,-0.0855476],[0.252746,0.947087,0.197853],[0.0335012,-0.212937,0.976491]],"s":0.872719,"t":[14.8577,-37.1555,-46.8115],"timestamp":523550987575},false],[1,{"currentFrameRate":102.694,"devices":[],"gestures":[],"hands":[{"armBasis":[[0.959405,0.0239106,-0.281015],[0.163342,0.765168,0.622766],[0.229914,-0.643386,0.730201]],"armWidth":63.72,"confidence":0.629666,"direction":[0.0232969,0.713713,-0.700051],"elbow":[133.01,63.8121,253.576],"grabStrength":0,"id":685,"palmNormal":[-0.161741,-0.688326,-0.707141],"palmPosition":[63.9723,274.082,16.3222],"palmVelocity":[-50.4697,114.797,-277.147],"palmWidth":90.99,"pinchStrength":0.611378,"r":[[0.968905,-0.233536,-0.0817601],[0.245275,0.950058,0.192951],[0.0326158,-0.207005,0.977796]],"s":0.872209,"sphereCenter":[49.1809,263.441,-24.2339],"sphereRadius":46.913,"stabilizedPalmPosition":[75.066,264.794,54.4697],"t":[14.3776,-36.1292,-49.3739],"timeVisible":23.5634,"type":"right","wrist":[70.9333,237.526,56.4221]}],"id":4260749,"interactionBox":{"center":[0,200,0],"size":[235.247,235.247,147.751]},"pointables":[{"bases":[[[0.546199,0.702734,0.455885],[-0.730735,0.133674,0.669445],[0.409502,-0.698782,0.586526]],[[0.415593,0.865088,0.280902],[-0.750018,0.151234,0.643895],[0.514543,-0.47828,0.711683]],[[0.415593,0.865088,0.280902],[-0.908157,0.377582,0.180784],[0.0503301,-0.330236,0.942556]],[[0.415593,0.865088,0.280902],[-0.543995,0.483922,-0.685484],[-0.728939,0.132073,0.671718]]],"btipPosition":[30.6409,263.391,-29.3689],"carpPosition":[40.9819,231.348,54.0143],"dipPosition":[13.5811,266.482,-13.6482],"direction":[-0.0503301,0.330236,-0.942556],"extended":false,"handId":685,"id":6850,"length":52.1164,"mcpPosition":[40.9819,231.348,54.0143],"pipPosition":[15.2971,255.222,18.4888],"stabilizedTipPosition":[34.6871,262.079,-45.6885],"timeVisible":23.5634,"tipPosition":[27.5037,263.822,-25.0556],"tipVelocity":[-51.0114,65.182,-287.817],"tool":false,"touchDistance":-0.712894,"touchZone":"hovering","type":0,"width":20.25},{"bases":[[[0.976464,-0.00802583,-0.215529],[0.138786,0.78831,0.599421],[0.165093,-0.615226,0.770871]],[[0.986351,-0.0558784,-0.154886],[0.142545,0.760624,0.633349],[0.0824198,-0.646783,0.758208]],[[0.986351,-0.0558784,-0.154886],[0.121081,0.883615,0.452288],[0.111587,-0.464868,0.87832]],[[0.986351,-0.0558784,-0.154886],[0.0992718,0.95228,0.288631],[0.131367,-0.300067,0.944829]]],"btipPosition":[31.7223,340.81,-67.1107],"carpPosition":[52.3507,251.398,59.5487],"dipPosition":[33.9668,335.683,-50.9677],"direction":[-0.111587,0.464868,-0.87832],"extended":true,"handId":685,"id":6851,"length":58.8075,"mcpPosition":[40.2049,296.66,2.83605],"pipPosition":[36.6639,324.447,-29.7384],"stabilizedTipPosition":[36.8254,339.224,-49.6681],"timeVisible":23.5634,"tipPosition":[31.5904,339.467,-63.3653],"tipVelocity":[-74.3123,49.482,-323.61],"tool":false,"touchDistance":-0.752887,"touchZone":"touching","type":1,"width":19.3428},{"bases":[[[0.951729,-0.225341,-0.208408],[0.305462,0.761906,0.571133],[0.0300877,-0.607224,0.793961]],[[0.952058,-0.233863,-0.197215],[0.0520042,0.759007,-0.649002],[0.301465,0.607631,0.734781]],[[0.952058,-0.233863,-0.197215],[-0.27884,-0.398226,-0.873879],[0.125832,0.886975,-0.444344]],[[0.952058,-0.233863,-0.197215],[-0.301545,-0.826018,-0.476198],[-0.0515378,0.512838,-0.856937]]],"btipPosition":[45.1442,231.221,-4.58102],"carpPosition":[64.3838,253.004,57.4896],"dipPosition":[44.1757,240.859,-20.6846],"direction":[-0.125832,-0.886975,0.444344],"extended":false,"handId":685,"id":6852,"length":67.0064,"mcpPosition":[62.2847,295.369,2.0966],"pipPosition":[47.7539,266.081,-33.3201],"stabilizedTipPosition":[51.6862,236.451,8.83539],"timeVisible":23.5634,"tipPosition":[45.1166,233.499,-7.36693],"tipVelocity":[-28.3137,92.4904,-277.778],"tool":false,"touchDistance":0.333333,"touchZone":"none","type":2,"width":18.9972},{"bases":[[[0.92003,-0.369033,-0.131756],[0.373481,0.724114,0.579802],[-0.11856,-0.582644,0.804033]],[[0.922809,-0.353711,-0.152681],[0.163375,0.7182,-0.676386],[0.348901,0.599231,0.720549]],[[0.922809,-0.353711,-0.152681],[-0.296253,-0.398157,-0.868162],[0.246287,0.84638,-0.472211]],[[0.922809,-0.353711,-0.152681],[-0.382774,-0.796862,-0.467435],[0.0436712,0.489796,-0.870743]]],"btipPosition":[60.4681,228.559,1.59642],"carpPosition":[76.2689,251.434,54.8048],"dipPosition":[61.284,237.711,-14.6725],"direction":[-0.246287,-0.84638,0.472211],"extended":false,"handId":685,"id":6853,"length":64.4285,"mcpPosition":[83.6954,287.931,4.44011],"pipPosition":[68.1067,261.157,-27.7537],"stabilizedTipPosition":[67.5295,226.53,31.7128],"timeVisible":23.5634,"tipPosition":[60.8052,230.692,-1.23358],"tipVelocity":[-25.0238,103.988,-267.837],"tool":false,"touchDistance":0.333333,"touchZone":"none","type":3,"width":18.077},{"bases":[[[0.825683,-0.548525,-0.131789],[0.500082,0.603562,0.620992],[-0.261087,-0.578648,0.772658]],[[0.772897,-0.634506,-0.0057126],[0.48723,0.599217,-0.635253],[0.406495,0.488201,0.772283]],[[0.772897,-0.634506,-0.0057126],[-0.269644,-0.320279,-0.908137],[0.574389,0.703436,-0.418634]],[[0.772897,-0.634506,-0.0057126],[-0.542726,-0.65638,-0.524036],[0.328754,0.408126,-0.851677]]],"btipPosition":[70.5942,238.575,0.734091],"carpPosition":[86.7293,243.078,49.976],"dipPosition":[76.2608,245.61,-13.9461],"direction":[-0.574389,-0.703436,0.418634],"extended":false,"handId":685,"id":6854,"length":50.5107,"mcpPosition":[101.869,276.631,5.17324],"pipPosition":[87.4952,259.369,-22.1341],"stabilizedTipPosition":[80.4773,227.734,51.9852],"timeVisible":23.5634,"tipPosition":[72.0372,240.116,-1.76571],"tipVelocity":[-27.6897,113.285,-280.629],"tool":false,"touchDistance":0.333333,"touchZone":"none","type":4,"width":16.0574}],"r":[[0.968905,-0.233536,-0.0817601],[0.245275,0.950058,0.192951],[0.0326158,-0.207005,0.977796]],"s":0.872209,"t":[14.3776,-36.1292,-49.3739],"timestamp":523550996919},false],[2,{"currentFrameRate":103.117,"devices":[],"gestures":[],"hands":[{"armBasis":[[0.959864,0.0243709,-0.279406],[0.161522,0.766391,0.621735],[0.229286,-0.641911,0.731695]],"armWidth":63.72,"confidence":0.630801,"direction":[0.0222432,0.714973,-0.698798],"elbow":[132.624,65.1277,252.441],"grabStrength":0,"id":685,"palmNormal":[-0.160018,-0.687414,-0.708418],"palmPosition":[63.7038,275.055,14.843],"palmVelocity":[-44.9547,113.332,-247.013],"palmWidth":90.99,"pinchStrength":0.620462,"r":[[0.970523,-0.227785,-0.0787392],[0.238895,0.952404,0.189357],[0.0318588,-0.202585,0.978746]],"s":0.871369,"sphereCenter":[49.0346,264.409,-25.8184],"sphereRadius":46.8939,"stabilizedPalmPosition":[75.0587,264.801,54.4443],"t":[14.0034,-35.1294,-51.3947],"timeVisible":23.5723,"type":"right","wrist":[70.7166,238.444,54.8829]}],"id":4260750,"interactionBox":{"center":[0,200,0],"size":[235.247,235.247,147.751]},"pointables":[{"bases":[[[0.544576,0.703019,0.457386],[-0.73134,0.131066,0.669301],[0.410583,-0.698989,0.585521]],[[0.413157,0.865935,0.281882],[-0.751115,0.149019,0.643133],[0.514905,-0.47744,0.711985]],[[0.413157,0.865935,0.281882],[-0.909122,0.374225,0.182899],[0.0528917,-0.331831,0.941855]],[[0.413157,0.865935,0.281882],[-0.546018,0.483282,-0.684327],[-0.728811,0.128822,0.672487]]],"btipPosition":[30.3293,264.342,-30.9434],"carpPosition":[40.7787,232.21,52.4489],"dipPosition":[13.2725,267.357,-15.2048],"direction":[-0.0528917,0.331831,-0.941855],"extended":false,"handId":685,"id":6850,"length":52.1164,"mcpPosition":[40.7787,232.21,52.4489],"pipPosition":[15.0759,256.043,16.9083],"stabilizedTipPosition":[34.6865,262.079,-45.6872],"timeVisible":23.5723,"tipPosition":[27.1884,264.784,-26.6368],"tipVelocity":[-46.6455,75.9912,-257.568],"tool":false,"touchDistance":-0.693494,"touchZone":"hovering","type":0,"width":20.25},{"bases":[[[0.976588,-0.00572131,-0.215041],[0.136921,0.78754,0.600861],[0.165915,-0.616237,0.769885]],[[0.986548,-0.0537285,-0.154388],[0.140693,0.759959,0.634562],[0.0832344,-0.647747,0.757295]],[[0.986548,-0.0537285,-0.154388],[0.119141,0.882986,0.454027],[0.111928,-0.466314,0.87751]],[[0.986548,-0.0537285,-0.154388],[0.0973469,0.951815,0.290811],[0.131324,-0.301928,0.944242]]],"btipPosition":[31.3736,341.868,-68.4941],"carpPosition":[52.105,252.273,58.024],"dipPosition":[33.6174,336.709,-52.3612],"direction":[-0.111928,0.466314,-0.87751],"extended":true,"handId":685,"id":6851,"length":58.8075,"mcpPosition":[39.8987,297.609,1.38381],"pipPosition":[36.3227,325.438,-31.1514],"stabilizedTipPosition":[36.8233,339.225,-49.6745],"timeVisible":23.5723,"tipPosition":[31.2476,340.517,-64.7504],"tipVelocity":[-64.7724,68.1342,-277.985],"tool":false,"touchDistance":-0.726718,"touchZone":"touching","type":1,"width":19.3428},{"bases":[[[0.952279,-0.223097,-0.20831],[0.303663,0.761514,0.572613],[0.0308828,-0.608543,0.79292]],[[0.952612,-0.231406,-0.197435],[0.0532897,0.765978,-0.640654],[0.299483,0.599773,0.742012]],[[0.952612,-0.231406,-0.197435],[-0.276504,-0.388204,-0.879115],[0.126787,0.892047,-0.433793]],[[0.952612,-0.231406,-0.197435],[-0.299999,-0.822042,-0.483992],[-0.0503015,0.520287,-0.852509]]],"btipPosition":[44.8861,232.31,-6.75595],"carpPosition":[64.136,253.907,55.9739],"dipPosition":[43.9408,242.088,-22.7763],"direction":[-0.126787,-0.892047,0.433793],"extended":false,"handId":685,"id":6852,"length":67.0064,"mcpPosition":[61.9814,296.364,0.653471],"pipPosition":[47.5462,267.454,-35.1118],"stabilizedTipPosition":[51.6857,236.451,8.83405],"timeVisible":23.5723,"tipPosition":[44.871,234.571,-9.41063],"tipVelocity":[-28.343,101.614,-268.149],"tool":false,"touchDistance":0.333333,"touchZone":"none","type":2,"width":18.9972},{"bases":[[[0.920825,-0.366984,-0.131924],[0.371753,0.723842,0.581251],[-0.117818,-0.584274,0.802959]],[[0.923634,-0.351308,-0.153242],[0.16365,0.723019,-0.671164],[0.346582,0.594832,0.725297]],[[0.923634,-0.351308,-0.153242],[-0.29392,-0.392614,-0.871473],[0.245991,0.849963,-0.465888]],[[0.923634,-0.351308,-0.153242],[-0.380739,-0.795063,-0.472137],[0.044029,0.494427,-0.868103]]],"btipPosition":[60.2834,229.603,-0.285237],"carpPosition":[76.0255,252.364,53.2924],"dipPosition":[61.106,238.841,-16.5049],"direction":[-0.245991,-0.849963,0.465888],"extended":false,"handId":685,"id":6853,"length":64.4285,"mcpPosition":[83.4056,288.963,2.99506],"pipPosition":[67.9205,262.386,-29.4109],"stabilizedTipPosition":[67.528,226.531,31.7052],"timeVisible":23.5723,"tipPosition":[60.6143,231.732,-3.05887],"tipVelocity":[-23.8196,108.219,-252.185],"tool":false,"touchDistance":0.333333,"touchZone":"none","type":3,"width":18.077},{"bases":[[[0.826833,-0.546662,-0.132317],[0.49857,0.603469,0.622297],[-0.260337,-0.580505,0.771517]],[[0.77388,-0.633305,-0.00587067],[0.487865,0.602016,-0.632111],[0.403853,0.486314,0.774856]],[[0.77388,-0.633305,-0.00587067],[-0.266879,-0.317683,-0.909864],[0.574357,0.705692,-0.414864]],[[0.77388,-0.633305,-0.00587067],[-0.540664,-0.655791,-0.526897],[0.329836,0.410929,-0.849909]]],"btipPosition":[70.4016,239.617,-0.916405],"carpPosition":[86.5049,244.038,48.4545],"dipPosition":[76.087,246.7,-15.5661],"direction":[-0.574357,-0.705692,0.414864],"extended":false,"handId":685,"id":6854,"length":50.5107,"mcpPosition":[101.601,277.698,3.71791],"pipPosition":[87.3207,260.503,-23.6804],"stabilizedTipPosition":[80.4737,227.74,51.9618],"timeVisible":23.5723,"tipPosition":[71.841,241.16,-3.41289],"tipVelocity":[-25.9151,114.666,-254.567],"tool":false,"touchDistance":0.333333,"touchZone":"none","type":4,"width":16.0574}],"r":[[0.970523,-0.227785,-0.0787392],[0.238895,0.952404,0.189357],[0.0318588,-0.202585,0.978746]],"s":0.871369,"t":[14.0034,-35.1294,-51.3947],"timestamp":523551005814},false],[3,{"currentFrameRate":103.538,"devices":[],"gestures":[],"hands":[{"armBasis":[[0.962241,0.0258932,-0.270966],[0.155279,0.765384,0.62456],[0.223565,-0.643053,0.732463]],"armWidth":63.72,"confidence":0.599414,"direction":[0.0227183,0.713673,-0.700111],"elbow":[130.645,66.4273,249.851],"grabStrength":0,"id":685,"palmNormal":[-0.153699,-0.689473,-0.707816],"palmPosition":[63.3155,276.554,11.939],"palmVelocity":[-44.6466,128.454,-268.869],"palmWidth":90.99,"pinchStrength":0.625032,"r":[[0.972045,-0.222393,-0.0752975],[0.232813,0.954508,0.186315],[0.0304368,-0.198637,0.9796]],"s":0.870413,"sphereCenter":[48.9551,265.738,-28.8216],"sphereRadius":46.8766,"stabilizedPalmPosition":[75.05,264.81,54.4127],"t":[13.622,-33.8801,-53.8571],"timeVisible":23.5812,"type":"right","wrist":[70.2828,240.052,52.086]}],"id":4260751,"interactionBox":{"center":[0,200,0],"size":[235.247,235.247,147.751]},"pointables":[{"bases":[[[0.539417,0.706173,0.458639],[-0.735151,0.129363,0.665446],[0.410589,-0.696122,0.588924]],[[0.407546,0.868763,0.281348],[-0.755416,0.147629,0.638398],[0.513082,-0.472711,0.716444]],[[0.407546,0.868763,0.281348],[-0.911746,0.369824,0.178742],[0.0512354,-0.329363,0.942812]],[[0.407546,0.868763,0.281348],[-0.544801,0.478572,-0.688593],[-0.73287,0.127355,0.668343]]],"btipPosition":[30.1764,265.535,-34.0327],"carpPosition":[40.3833,233.689,49.5178],"dipPosition":[13.0246,268.516,-18.3911],"direction":[-0.0512354,0.329363,-0.942812],"extended":false,"handId":685,"id":6850,"length":52.1164,"mcpPosition":[40.3833,233.689,49.5178],"pipPosition":[14.7715,257.286,13.7547],"stabilizedTipPosition":[34.6859,262.079,-45.6861],"timeVisible":23.5812,"tipPosition":[26.9912,266.014,-29.7562],"tipVelocity":[-39.3479,91.6404,-282.911],"tool":false,"touchDistance":-0.699152,"touchZone":"hovering","type":0,"width":20.25},{"bases":[[[0.977647,-0.00210393,-0.210242],[0.130717,0.789289,0.599947],[0.16468,-0.614018,0.771921]],[[0.987518,-0.0500249,-0.149348],[0.134414,0.761928,0.63356],[0.0820991,-0.645727,0.759142]],[[0.987518,-0.0500249,-0.149348],[0.113329,0.884181,0.453189],[0.10938,-0.464458,0.878814]],[[0.987518,-0.0500249,-0.149348],[0.0921461,0.952507,0.29024],[0.127736,-0.300379,0.945228]]],"btipPosition":[31.1303,343.083,-71.6874],"carpPosition":[51.5991,253.81,55.1081],"dipPosition":[33.3127,337.951,-55.5376],"direction":[-0.10938,0.464458,-0.878814],"extended":true,"handId":685,"id":6851,"length":58.8075,"mcpPosition":[39.4837,298.983,-1.68178],"pipPosition":[35.9565,326.725,-34.2963],"stabilizedTipPosition":[36.821,339.226,-49.6826],"timeVisible":23.5812,"tipPosition":[30.9982,341.734,-67.9433],"tipVelocity":[-55.0896,87.0204,-300.176],"tool":false,"touchDistance":-0.730221,"touchZone":"touching","type":1,"width":19.3428},{"bases":[[[0.954203,-0.219564,-0.203195],[0.297702,0.763898,0.572567],[0.0295052,-0.606837,0.794278]],[[0.954514,-0.227734,-0.192457],[0.0542171,0.767276,-0.639021],[0.293195,0.599521,0.744723]],[[0.954514,-0.227734,-0.192457],[-0.270126,-0.387214,-0.881532],[0.126233,0.893422,-0.431118]],[[0.954514,-0.227734,-0.192457],[-0.294357,-0.822572,-0.486549],[-0.0475056,0.521069,-0.852191]]],"btipPosition":[44.7457,233.732,-9.92356],"carpPosition":[63.6332,255.489,53.1138],"dipPosition":[43.8529,243.524,-25.9379],"direction":[-0.126233,-0.893422,0.431118],"extended":false,"handId":685,"id":6852,"length":67.0064,"mcpPosition":[61.5747,297.827,-2.30144],"pipPosition":[47.4426,268.93,-38.1974],"stabilizedTipPosition":[51.685,236.451,8.832],"timeVisible":23.5812,"tipPosition":[44.7336,235.98,-12.567],"tipVelocity":[-24.5855,117.659,-292.296],"tool":false,"touchDistance":0.333333,"touchZone":"none","type":2,"width":18.9972},{"bases":[[[0.922969,-0.363429,-0.126676],[0.365903,0.726525,0.581615],[-0.119342,-0.583164,0.80354]],[[0.925862,-0.34751,-0.148382],[0.165337,0.725676,-0.667876],[0.339771,0.593828,0.729331]],[[0.925862,-0.34751,-0.148382],[-0.286865,-0.390839,-0.874616],[0.245944,0.852339,-0.461551]],[[0.925862,-0.34751,-0.148382],[-0.374902,-0.795754,-0.475631],[0.0472112,0.495997,-0.86704]]],"btipPosition":[60.1415,231.11,-3.44069],"carpPosition":[75.5419,253.991,50.4936],"dipPosition":[61.0236,240.377,-19.6405],"direction":[-0.245944,-0.852339,0.461551],"extended":false,"handId":685,"id":6853,"length":64.4285,"mcpPosition":[83.0175,290.52,0.159882],"pipPosition":[67.8367,263.988,-32.4263],"stabilizedTipPosition":[67.5262,226.533,31.6951],"timeVisible":23.5812,"tipPosition":[60.4748,233.227,-6.17282],"tipVelocity":[-21.2849,125.168,-280.189],"tool":false,"touchDistance":0.333333,"touchZone":"none","type":3,"width":18.077},{"bases":[[[0.829723,-0.543495,-0.127171],[0.493013,0.60676,0.623523],[-0.261719,-0.580048,0.771393]],[[0.77612,-0.630585,-0.0000383616],[0.490225,0.603404,-0.628954],[0.396632,0.488125,0.777443]],[[0.77612,-0.630585,-0.0000383616],[-0.259213,-0.318982,-0.911625],[0.574845,0.70754,-0.411024]],[[0.77612,-0.630585,-0.0000383616],[-0.534825,-0.658227,-0.529811],[0.334066,0.411217,-0.848116]]],"btipPosition":[70.2291,241.146,-3.83741],"carpPosition":[86.0793,245.698,45.7238],"dipPosition":[75.9873,248.234,-18.4562],"direction":[-0.574845,-0.70754,0.411024],"extended":false,"handId":685,"id":6854,"length":50.5107,"mcpPosition":[101.255,279.332,0.994396],"pipPosition":[87.2306,262.073,-26.4954],"stabilizedTipPosition":[80.4693,227.747,51.9328],"timeVisible":23.5812,"tipPosition":[71.6762,242.684,-6.32576],"tipVelocity":[-23.6557,130.37,-274.679],"tool":false,"touchDistance":0.333333,"touchZone":"none","type":4,"width":16.0574}],"r":[[0.972045,-0.222393,-0.0752975],[0.232813,0.954508,0.186315],[0.0304368,-0.198637,0.9796]],"s":0.870413,"t":[13.622,-33.8801,-53.8571],"timestamp":523551014677},false],[4,{"currentFrameRate":103.817,"devices":[],"gestures":[],"hands":[{"armBasis":[[0.961826,0.0220171,-0.272776],[0.158533,0.767645,0.620958],[0.223067,-0.640497,0.73485]],"armWidth":63.72,"confidence":0.60167,"direction":[0.0239875,0.710331,-0.703459],"elbow":[130.01,68.4053,248.556],"grabStrength":0,"id":685,"palmNormal":[-0.156831,-0.692275,-0.704385],"palmPosition":[62.8737,277.676,9.83957],"palmVelocity":[-45.716,127.003,-258.227],"palmWidth":90.99,"pinchStrength":0.628407,"r":[[0.973077,-0.218743,-0.0726151],[0.228595,0.956184,0.182909],[0.0294233,-0.194584,0.980444]],"s":0.869616,"sphereCenter":[48.4564,266.7,-30.8745],"sphereRadius":46.872,"stabilizedPalmPosition":[75.0392,264.821,54.3731],"t":[13.2105,-32.6942,-56.138],"timeVisible":23.5903,"type":"right","wrist":[69.7821,241.339,50.1467]}],"id":4260752,"interactionBox":{"center":[0,200,0],"size":[235.247,235.247,147.751]},"pointables":[{"bases":[[[0.542255,0.706605,0.454608],[-0.733825,0.134765,0.665837],[0.409219,-0.694657,0.591601]],[[0.41018,0.869195,0.276139],[-0.754524,0.153343,0.638106],[0.512294,-0.470092,0.718727]],[[0.41018,0.869195,0.276139],[-0.910465,0.372682,0.179336],[0.0529662,-0.324975,0.944238]],[[0.41018,0.869195,0.276139],[-0.544447,0.476284,-0.690457],[-0.731662,0.132869,0.668593]]],"btipPosition":[29.6044,266.495,-36.07],"carpPosition":[39.8592,235.059,47.649],"dipPosition":[12.4808,269.605,-20.4225],"direction":[-0.0529662,0.324975,-0.944238],"extended":false,"handId":685,"id":6850,"length":52.1164,"mcpPosition":[39.8592,235.059,47.649],"pipPosition":[14.2867,258.525,11.7719],"stabilizedTipPosition":[34.685,262.08,-45.6848],"timeVisible":23.5903,"tipPosition":[26.4098,267.033,-31.8041],"tipVelocity":[-45.655,96.3739,-266.441],"tool":false,"touchDistance":-0.688109,"touchZone":"hovering","type":0,"width":20.25},{"bases":[[[0.977345,-0.00614883,-0.211562],[0.134013,0.79166,0.596083],[0.16382,-0.610931,0.774549]],[[0.987155,-0.0538483,-0.150418],[0.13765,0.764591,0.629645],[0.0811032,-0.642262,0.762182]],[[0.987155,-0.0538483,-0.150418],[0.116763,0.885777,0.449183],[0.109049,-0.460977,0.880686]],[[0.987155,-0.0538483,-0.150418],[0.0956425,0.953326,0.286395],[0.127976,-0.297103,0.946231]]],"btipPosition":[30.7868,343.927,-74.0517],"carpPosition":[51.1457,255.17,53.1302],"dipPosition":[32.9734,338.851,-57.8848],"direction":[-0.109049,0.460977,-0.880686],"extended":true,"handId":685,"id":6851,"length":58.8075,"mcpPosition":[39.0935,300.116,-3.85305],"pipPosition":[35.6091,327.709,-36.5982],"stabilizedTipPosition":[36.8182,339.228,-49.6929],"timeVisible":23.5903,"tipPosition":[30.6625,342.592,-70.3021],"tipVelocity":[-50.2408,88.9876,-288.796],"tool":false,"touchDistance":-0.720937,"touchZone":"touching","type":1,"width":19.3428},{"bases":[[[0.95323,-0.223499,-0.20347],[0.300879,0.765618,0.568595],[0.0286998,-0.603222,0.797057]],[[0.953528,-0.231532,-0.192812],[0.0564963,0.765969,-0.640391],[0.295959,0.599738,0.743453]],[[0.953528,-0.231532,-0.192812],[-0.27219,-0.387495,-0.880773],[0.129213,0.892323,-0.432508]],[[0.953528,-0.231532,-0.192812],[-0.297698,-0.822658,-0.484366],[-0.0464723,0.519257,-0.853354]]],"btipPosition":[44.1135,234.848,-11.997],"carpPosition":[63.1822,256.803,51.1116],"dipPosition":[43.2402,244.606,-28.0332],"direction":[-0.129213,-0.892323,0.432508],"extended":false,"handId":685,"id":6852,"length":67.0064,"mcpPosition":[61.1799,298.888,-4.49743],"pipPosition":[46.9145,269.981,-40.3322],"stabilizedTipPosition":[51.684,236.451,8.8288],"timeVisible":23.5903,"tipPosition":[44.1035,237.077,-14.6429],"tipVelocity":[-36.8823,118.77,-274.518],"tool":false,"touchDistance":0.333333,"touchZone":"none","type":2,"width":18.9972},{"bases":[[[0.921652,-0.366908,-0.126239],[0.368976,0.728074,0.577724],[-0.12006,-0.57904,0.806411]],[[0.924572,-0.351052,-0.148086],[0.166625,0.722082,-0.671441],[0.342641,0.596121,0.726111]],[[0.924572,-0.351052,-0.148086],[-0.289302,-0.393917,-0.87243],[0.247934,0.849466,-0.465765]],[[0.924572,-0.351052,-0.148086],[-0.378031,-0.796732,-0.471498],[0.047535,0.491915,-0.869345]]],"btipPosition":[59.5376,232.168,-5.3282],"carpPosition":[75.0826,255.255,48.4823],"dipPosition":[60.4258,241.359,-21.571],"direction":[-0.247934,-0.849466,0.465765],"extended":false,"handId":685,"id":6853,"length":64.4285,"mcpPosition":[82.6031,291.526,-2.03131],"pipPosition":[67.2941,264.891,-34.4737],"stabilizedTipPosition":[67.5235,226.535,31.6815],"timeVisible":23.5903,"tipPosition":[59.8711,234.273,-8.08451],"tipVelocity":[-33.7273,122.162,-260.256],"tool":false,"touchDistance":0.333333,"touchZone":"none","type":3,"width":18.077},{"bases":[[[0.827842,-0.546681,-0.125767],[0.495768,0.608107,0.620016],[-0.262471,-0.575627,0.774444]],[[0.773768,-0.633464,0.00258753],[0.492916,0.599515,-0.630568],[0.397891,0.489189,0.77613]],[[0.773768,-0.633464,0.00258753],[-0.259685,-0.320922,-0.910809],[0.577795,0.704083,-0.41282]],[[0.773768,-0.633464,0.00258753],[-0.537116,-0.658234,-0.52748],[0.335843,0.406757,-0.849564]]],"btipPosition":[69.6479,242.205,-5.89483],"carpPosition":[85.5874,246.907,43.7368],"dipPosition":[75.4367,249.216,-20.5386],"direction":[-0.577795,-0.704083,0.41282],"extended":false,"handId":685,"id":6854,"length":50.5107,"mcpPosition":[100.807,280.285,-1.16952],"pipPosition":[86.7377,262.987,-28.6129],"stabilizedTipPosition":[80.4637,227.757,51.8962],"timeVisible":23.5903,"tipPosition":[71.0979,243.721,-8.39025],"tipVelocity":[-34.5795,125.927,-261.321],"tool":false,"touchDistance":0.333333,"touchZone":"none","type":4,"width":16.0574}],"r":[[0.973077,-0.218743,-0.0726151],[0.228595,0.956184,0.182909],[0.0294233,-0.194584,0.980444]],"s":0.869616,"t":[13.2105,-32.6942,-56.138],"timestamp":523551023785},false],[5,{"currentFrameRate":104.152,"devices":[],"gestures":[],"hands":[{"armBasis":[[0.960199,0.0116497,-0.279073],[0.166816,0.777453,0.606415],[0.22403,-0.628833,0.744567]],"armWidth":63.72,"confidence":0.603275,"direction":[0.0265895,0.717693,-0.695852],"elbow":[129.774,72.1795,248.641],"grabStrength":0,"id":685,"palmNormal":[-0.164714,-0.683438,-0.711183],"palmPosition":[62.4939,278.785,7.72196],"palmVelocity":[-44.7904,126.067,-252.154],"palmWidth":90.99,"pinchStrength":0.639853,"r":[[0.97351,-0.217104,-0.0717164],[0.226784,0.956778,0.182055],[0.0290918,-0.193497,0.980669]],"s":0.868592,"sphereCenter":[47.8948,268.333,-33.096],"sphereRadius":46.8504,"stabilizedPalmPosition":[75.0266,264.835,54.3262],"t":[12.8148,-31.547,-58.3372],"timeVisible":23.5993,"type":"right","wrist":[69.2856,241.964,47.6077]}],"id":4260753,"interactionBox":{"center":[0,200,0],"size":[235.247,235.247,147.751]},"pointables":[{"bases":[[[0.54927,0.6976,0.460061],[-0.730227,0.133015,0.670131],[0.406288,-0.704032,0.582468]],[[0.416771,0.863948,0.282661],[-0.75193,0.15293,0.64126],[0.510788,-0.479799,0.713364]],[[0.416771,0.863948,0.282661],[-0.907319,0.376401,0.187336],[0.0554549,-0.334539,0.940749]],[[0.416771,0.863948,0.282661],[-0.542198,0.48585,-0.685545],[-0.729605,0.132457,0.670918]]],"btipPosition":[28.9945,268.191,-38.2266],"carpPosition":[39.3072,235.934,45.1601],"dipPosition":[11.9191,271.291,-22.5247],"direction":[-0.0554549,0.334539,-0.940749],"extended":false,"handId":685,"id":6850,"length":52.1164,"mcpPosition":[39.3072,235.934,45.1601],"pipPosition":[13.8099,259.884,9.55068],"stabilizedTipPosition":[34.6835,262.081,-45.6831],"timeVisible":23.5993,"tipPosition":[25.764,268.783,-33.9647],"tipVelocity":[-51.431,121.662,-258.929],"tool":false,"touchDistance":-0.679793,"touchZone":"hovering","type":0,"width":20.25},{"bases":[[[0.97645,-0.0111293,-0.215457],[0.142223,0.784154,0.604049],[0.162229,-0.620466,0.76727]],[[0.986141,-0.0595789,-0.154843],[0.145762,0.756888,0.637083],[0.0792419,-0.650824,0.755082]],[[0.986141,-0.0595789,-0.154843],[0.125126,0.879939,0.458312],[0.108947,-0.471335,0.875199]],[[0.986141,-0.0595789,-0.154843],[0.103934,0.949313,0.296652],[0.12932,-0.308634,0.942349]]],"btipPosition":[30.5824,346.174,-75.3291],"carpPosition":[50.7647,255.9,50.8133],"dipPosition":[32.7919,340.901,-59.2285],"direction":[-0.108947,0.471335,-0.875199],"extended":true,"handId":685,"id":6851,"length":58.8075,"mcpPosition":[38.8296,301.548,-5.63446],"pipPosition":[35.4252,329.509,-38.0746],"stabilizedTipPosition":[36.8135,339.233,-49.7108],"timeVisible":23.5993,"tipPosition":[30.4688,344.801,-71.5921],"tipVelocity":[-42.5616,131.817,-249.172],"tool":false,"touchDistance":-0.696567,"touchZone":"touching","type":1,"width":19.3428},{"bases":[[[0.950742,-0.228369,-0.209612],[0.308783,0.757171,0.575626],[0.0272572,-0.611996,0.790391]],[[0.951019,-0.236429,-0.199159],[0.0621987,0.777421,-0.625897],[0.302811,0.582853,0.754048]],[[0.951019,-0.236429,-0.199159],[-0.277329,-0.367898,-0.887547],[0.136572,0.899307,-0.415446]],[[0.951019,-0.236429,-0.199159],[-0.305969,-0.811851,-0.497274],[-0.0441173,0.533853,-0.844426]]],"btipPosition":[43.2534,236.464,-15.042],"carpPosition":[62.8052,257.465,48.7651],"dipPosition":[42.4243,246.496,-30.9105],"direction":[-0.136572,-0.899307,0.415446],"extended":false,"handId":685,"id":6852,"length":67.0064,"mcpPosition":[60.9035,300.163,-6.37885],"pipPosition":[46.3079,272.069,-42.7243],"stabilizedTipPosition":[51.6823,236.451,8.82345],"timeVisible":23.5993,"tipPosition":[43.2635,238.7,-17.5702],"tipVelocity":[-52.7263,137.48,-291.115],"tool":false,"touchDistance":0.333333,"touchZone":"none","type":2,"width":18.9972},{"bases":[[[0.91839,-0.372365,-0.133808],[0.376632,0.719025,0.584082],[-0.12128,-0.586811,0.80059]],[[0.921363,-0.356175,-0.155656],[0.169853,0.729117,-0.662977],[0.349627,0.584404,0.732279]],[[0.921363,-0.356175,-0.155656],[-0.295231,-0.380761,-0.876276],[0.25284,0.853323,-0.455973]],[[0.921363,-0.356175,-0.155656],[-0.385709,-0.788164,-0.47961],[0.048142,0.501933,-0.863566]]],"btipPosition":[58.7556,233.487,-8.02817],"carpPosition":[74.6835,255.857,46.0725],"dipPosition":[59.6551,242.865,-24.163],"direction":[-0.25284,-0.853323,0.455973],"extended":false,"handId":685,"id":6853,"length":64.4285,"mcpPosition":[82.2805,292.615,-4.07644],"pipPosition":[66.6593,266.504,-36.7944],"stabilizedTipPosition":[67.5199,226.539,31.663],"timeVisible":23.5993,"tipPosition":[59.0905,235.617,-10.7652],"tipVelocity":[-48.2818,130.272,-270.646],"tool":false,"touchDistance":0.333333,"touchZone":"none","type":3,"width":18.077},{"bases":[[[0.823241,-0.55143,-0.134904],[0.502685,0.597669,0.624579],[-0.263784,-0.581994,0.769221]],[[0.768856,-0.639383,-0.00697019],[0.495468,0.602618,-0.62559],[0.404192,0.477536,0.780121]],[[0.768856,-0.639383,-0.00697019],[-0.265095,-0.308819,-0.913431],[0.58188,0.704145,-0.406935]],[[0.768856,-0.639383,-0.00697019],[-0.543936,-0.648273,-0.532799],[0.336144,0.413437,-0.846213]]],"btipPosition":[68.9359,243.446,-8.44669],"carpPosition":[85.1072,247.483,41.196],"dipPosition":[74.73,250.572,-23.0327],"direction":[-0.58188,-0.704145,0.406935],"extended":false,"handId":685,"id":6854,"length":50.5107,"mcpPosition":[100.403,281.23,-3.40741],"pipPosition":[86.1108,264.345,-30.9919],"stabilizedTipPosition":[80.4565,227.769,51.8515],"timeVisible":23.5993,"tipPosition":[70.3884,244.977,-10.9424],"tipVelocity":[-46.8052,130.135,-267.251],"tool":false,"touchDistance":0.333333,"touchZone":"none","type":4,"width":16.0574}],"r":[[0.97351,-0.217104,-0.0717164],[0.226784,0.956778,0.182055],[0.0290918,-0.193497,0.980669]],"s":0.868592,"t":[12.8148,-31.547,-58.3372],"timestamp":523551032756},false],[6,{"currentFrameRate":104.374,"devices":[],"gestures":[],"hands":[{"armBasis":[[0.958139,0.00994391,-0.28613],[0.170674,0.782564,0.598719],[0.229868,-0.622491,0.748108]],"armWidth":63.72,"confidence":0.607187,"direction":[0.0250524,0.719316,-0.694231],"elbow":[131.122,74.6527,247.837],"grabStrength":0,"id":685,"palmNormal":[-0.168827,-0.68143,-0.712145],"palmPosition":[62.17,279.654,6.07859],"palmVelocity":[-42.1543,117.342,-231.835],"palmWidth":90.99,"pinchStrength":0.650636,"r":[[0.97372,-0.216105,-0.0718942],[0.225825,0.957083,0.181645],[0.0295542,-0.193107,0.980732]],"s":0.867262,"sphereCenter":[47.4666,269.307,-34.7149],"sphereRadius":46.8102,"stabilizedPalmPosition":[75.0116,264.852,54.27],"t":[12.4551,-30.539,-60.2586],"timeVisible":23.6084,"type":"right","wrist":[69.0574,242.725,45.8479]}],"id":4260754,"interactionBox":{"center":[0,200,0],"size":[235.247,235.247,147.751]},"pointables":[{"bases":[[[0.552385,0.695509,0.459497],[-0.727261,0.132705,0.67341],[0.407385,-0.706156,0.579121]],[[0.417181,0.864562,0.280167],[-0.75158,0.154877,0.641203],[0.510968,-0.478065,0.714399]],[[0.417181,0.864562,0.280167],[-0.906904,0.376,0.190129],[0.0590357,-0.333403,0.940934]],[[0.417181,0.864562,0.280167],[-0.537389,0.483274,-0.691129],[-0.732921,0.137767,0.666218]]],"btipPosition":[28.6924,268.761,-39.827],"carpPosition":[39.0586,236.754,43.5078],"dipPosition":[11.5394,271.986,-24.235],"direction":[-0.0590357,0.333403,-0.940934],"extended":false,"handId":685,"id":6850,"length":52.1164,"mcpPosition":[39.0586,236.754,43.5078],"pipPosition":[13.5523,260.618,7.84668],"stabilizedTipPosition":[34.6814,262.082,-45.6811],"timeVisible":23.6084,"tipPosition":[25.3127,269.559,-35.6079],"tipVelocity":[-46.8216,105.966,-236.181],"tool":false,"touchDistance":-0.664532,"touchZone":"hovering","type":0,"width":20.25},{"bases":[[[0.975546,-0.0123542,-0.21945],[0.146082,0.782443,0.605345],[0.164228,-0.622599,0.765114]],[[0.985397,-0.0609744,-0.158983],[0.149619,0.755785,0.637497],[0.0812857,-0.651975,0.753871]],[[0.985397,-0.0609744,-0.158983],[0.128552,0.878677,0.459784],[0.111659,-0.473508,0.873683]],[[0.985397,-0.0609744,-0.158983],[0.106933,0.948204,0.299123],[0.132509,-0.311755,0.940877]]],"btipPosition":[30.0375,347.272,-76.7077],"carpPosition":[50.5748,256.686,49.1622],"dipPosition":[32.3015,341.946,-60.6323],"direction":[-0.111659,0.473508,-0.873683],"extended":true,"handId":685,"id":6851,"length":58.8075,"mcpPosition":[38.4926,302.491,-7.12689],"pipPosition":[35.0004,330.501,-39.515],"stabilizedTipPosition":[36.8048,339.242,-49.7433],"timeVisible":23.6084,"tipPosition":[29.9563,345.904,-72.9641],"tipVelocity":[-46.8891,128.099,-221.806],"tool":false,"touchDistance":-0.67601,"touchZone":"touching","type":1,"width":19.3428},{"bases":[[[0.949471,-0.229561,-0.214022],[0.312476,0.755231,0.576181],[0.0293673,-0.613944,0.788803]],[[0.949776,-0.23762,-0.203624],[0.0614039,0.779564,-0.623305],[0.306848,0.579497,0.755002]],[[0.949776,-0.23762,-0.203624],[-0.281405,-0.363908,-0.887909],[0.136884,0.900615,-0.412498]],[[0.949776,-0.23762,-0.203624],[-0.309492,-0.80948,-0.498955],[-0.0462682,0.536915,-0.842366]]],"btipPosition":[42.7476,237.436,-16.796],"carpPosition":[62.6097,258.234,47.0689],"dipPosition":[41.8781,247.526,-32.6257],"direction":[-0.136884,-0.900615,0.412498],"extended":false,"handId":685,"id":6852,"length":67.0064,"mcpPosition":[60.5608,301.068,-7.96431],"pipPosition":[45.7706,273.136,-44.3557],"stabilizedTipPosition":[51.6797,236.452,8.81496],"timeVisible":23.6084,"tipPosition":[42.747,239.68,-19.3416],"tipVelocity":[-53.6944,129.129,-263.025],"tool":false,"touchDistance":0.333333,"touchZone":"none","type":2,"width":18.9972},{"bases":[[[0.917169,-0.373681,-0.138432],[0.38029,0.716944,0.584269],[-0.119082,-0.588518,0.799666]],[[0.920103,-0.357319,-0.16042],[0.168674,0.731126,-0.661063],[0.353497,0.581187,0.732981]],[[0.920103,-0.357319,-0.16042],[-0.299257,-0.377085,-0.8765],[0.252698,0.854477,-0.453887]],[[0.920103,-0.357319,-0.16042],[-0.389006,-0.785912,-0.480643],[0.0456667,0.504645,-0.862118]]],"btipPosition":[58.2857,234.41,-9.83481],"carpPosition":[74.474,256.612,44.3242],"dipPosition":[59.139,243.839,-25.9426],"direction":[-0.252698,-0.854477,0.453887],"extended":false,"handId":685,"id":6853,"length":64.4285,"mcpPosition":[81.9333,293.477,-5.76692],"pipPosition":[66.1392,267.509,-38.5162],"stabilizedTipPosition":[67.5149,226.545,31.6381],"timeVisible":23.6084,"tipPosition":[58.6088,236.545,-12.5779],"tipVelocity":[-49.4381,122.374,-249.948],"tool":false,"touchDistance":0.333333,"touchZone":"none","type":3,"width":18.077},{"bases":[[[0.821695,-0.552573,-0.139572],[0.506289,0.595266,0.623963],[-0.261703,-0.583371,0.768889]],[[0.767348,-0.641137,-0.0109838],[0.496222,0.604581,-0.623093],[0.406129,0.472679,0.782071]],[[0.767348,-0.641137,-0.0109838],[-0.266704,-0.303535,-0.914732],[0.583135,0.704847,-0.403911]],[[0.767348,-0.641137,-0.0109838],[-0.546404,-0.64481,-0.534474],[0.335588,0.416129,-0.845114]]],"btipPosition":[68.4874,244.386,-10.3852],"carpPosition":[84.8628,248.231,39.3853],"dipPosition":[74.2719,251.558,-24.9522],"direction":[-0.583135,-0.704847,0.403911],"extended":false,"handId":685,"id":6854,"length":50.5107,"mcpPosition":[100.038,282.058,-5.19887],"pipPosition":[85.6773,265.344,-32.8523],"stabilizedTipPosition":[80.4475,227.784,51.7963],"timeVisible":23.6084,"tipPosition":[69.9305,245.915,-12.8621],"tipVelocity":[-47.4646,122.75,-251.568],"tool":false,"touchDistance":0.333333,"touchZone":"none","type":4,"width":16.0574}],"r":[[0.97372,-0.216105,-0.0718942],[0.225825,0.957083,0.181645],[0.0295542,-0.193107,0.980732]],"s":0.867262,"t":[12.4551,-30.539,-60.2586],"timestamp":523551041922