{"sensorType":"Leap","data":[[0,{"currentFrameRate":109.093,"devices":[],"gestures":[],"hands":[{"armBasis":[[0.919301,0.241615,-0.310658],[-0.0515023,0.856431,0.513687],[0.390171,-0.456233,0.799761]],"armWidth":63.72,"confidence":0.707008,"direction":[-0.0562738,0.520592,-0.851949],"elbow":[170.541,151.694,296.344],"grabStrength":0,"id":685,"palmNormal":[0.05088,-0.850697,-0.523187],"palmPosition":[54.7747,298.759,32.3059],"palmVelocity":[29.3843,2.37793,-120.101],"palmWidth":90.99,"pinchStrength":0.554183,"r":[[0.999486,0.00883117,0.0308117],[-0.00731792,0.998778,-0.0488846],[-0.0312058,0.048634,0.998329]],"s":0.868309,"sphereCenter":[53.8128,272.605,-7.84499],"sphereRadius":48.5055,"stabilizedPalmPosition":[50.2083,305.366,69.2914],"t":[4.41985,-10.4777,-34.7084],"timeVisible":0.948986,"type":"right","wrist":[65.1944,274.877,80.4084]}],"id":4258318,"interactionBox":{"center":[0,200,0],"size":[235.247,235.247,147.751]},"pointables":[{"bases":[[[0.344748,0.891761,0.293105],[-0.803267,0.118695,0.583672],[0.485706,-0.436662,0.757242]],[[0.196929,0.977757,0.0721839],[-0.848427,0.133059,0.512315],[0.491315,-0.162133,0.855759]],[[0.196929,0.977757,0.0721839],[-0.979867,0.193818,0.0479061],[0.03285,-0.0801647,0.99624]],[[0.196929,0.977757,0.0721839],[-0.866668,0.208031,-0.453443],[-0.458373,0.0267366,0.888358]]],"btipPosition":[22.5929,272.034,-19.1927],"carpPosition":[37.5106,261.833,78.2829],"dipPosition":[11.8653,272.659,1.59809],"direction":[-0.03285,0.0801647,-0.99624],"extended":false,"handId":685,"id":6850,"length":52.1164,"mcpPosition":[37.5106,261.833,78.2829],"pipPosition":[12.9853,269.926,35.5655],"stabilizedTipPosition":[3.59603,268.938,25.25],"timeVisible":0.948986,"tipPosition":[19.9408,271.785,-14.7431],"tipVelocity":[27.57,2.88445,-127.174],"tool":false,"touchDistance":-0.4137,"touchZone":"touching","type":0,"width":20.25},{"bases":[[[0.973514,0.159164,-0.164125],[-0.0833811,0.915601,0.393347],[0.212879,-0.369244,0.904622]],[[0.989159,0.123927,-0.0787864],[-0.0718842,0.876447,0.476103],[0.128054,-0.465277,0.875853]],[[0.989159,0.123927,-0.0787864],[-0.098079,0.956817,0.273646],[0.109296,-0.262952,0.958598]],[[0.989159,0.123927,-0.0787864],[-0.116183,0.988552,0.0962647],[0.0898143,-0.0860674,0.992233]]],"btipPosition":[18.6164,339.605,-65.0798],"carpPosition":[43.9557,284.624,79.2242],"dipPosition":[20.151,338.135,-48.1269],"direction":[-0.109296,0.262952,-0.958598],"extended":true,"handId":685,"id":6851,"length":58.8075,"mcpPosition":[28.2942,311.79,12.6716],"pipPosition":[22.7927,331.779,-24.9572],"stabilizedTipPosition":[11.6586,351.032,-20.2515],"timeVisible":0.948986,"tipPosition":[19.0866,340.695,-60.5172],"tipVelocity":[49.9282,-14.2468,-134.801],"tool":false,"touchDistance":-0.38782,"touchZone":"touching","type":1,"width":19.3428},{"bases":[[[0.99318,-0.0506211,-0.105033],[0.0870974,0.920999,0.379703],[0.0775145,-0.386261,0.919127]],[[0.995278,-0.0640528,-0.0729346],[-0.0137206,0.650998,-0.758955],[0.0960935,0.756372,0.647045]],[[0.995278,-0.0640528,-0.0729346],[-0.0795846,-0.10828,-0.99093],[0.0555745,0.992055,-0.112866]],[[0.995278,-0.0640528,-0.0729346],[-0.0946959,-0.47561,-0.874544],[0.0213286,0.877321,-0.47943]]],"btipPosition":[43.5256,234.134,-5.73275],"carpPosition":[55.5465,288.339,77.3618],"dipPosition":[43.9264,250.62,-14.7422],"direction":[-0.0555745,-0.992055,0.112866],"extended":false,"handId":685,"id":6852,"length":67.0064,"mcpPosition":[50.1385,315.288,13.2361],"pipPosition":[45.5067,278.831,-17.9517],"stabilizedTipPosition":[37.1097,244.461,5.27468],"timeVisible":0.948986,"tipPosition":[43.558,238.564,-9.34689],"tipVelocity":[22.8318,2.54163,-109.203],"tool":false,"touchDistance":0.333333,"touchZone":"none","type":2,"width":18.9972},{"bases":[[[0.984351,-0.176195,0.003046],[0.16026,0.902247,0.400334],[-0.073285,-0.393581,0.916364]],[[0.986259,-0.162851,-0.0277917],[0.0752421,0.592552,-0.802011],[0.147076,0.788899,0.596663]],[[0.986259,-0.162851,-0.0277917],[-0.056078,-0.171772,-0.983539],[0.155396,0.971583,-0.178544]],[[0.986259,-0.162851,-0.0277917],[-0.108385,-0.510865,-0.852801],[0.124681,0.844095,-0.521496]]],"btipPosition":[59.0877,235.587,6.29554],"carpPosition":[67.7028,288.867,75.6656],"dipPosition":[61.4173,251.358,-3.44809],"direction":[-0.155396,-0.971583,0.178544],"extended":false,"handId":685,"id":6853,"length":64.4285,"mcpPosition":[72.2933,313.521,18.2645],"pipPosition":[65.722,278.273,-8.39412],"stabilizedTipPosition":[54.9524,246.183,16.3137],"timeVisible":0.948986,"tipPosition":[59.6633,239.679,2.6375],"tipVelocity":[20.1672,1.73866,-116.15],"tool":false,"touchDistance":0.333333,"touchZone":"none","type":3,"width":18.077},{"bases":[[[0.929151,-0.367202,0.0428957],[0.304303,0.825518,0.47531],[-0.209946,-0.428582,0.878772]],[[0.872199,-0.44207,0.209387],[0.443894,0.535493,-0.718474],[0.20549,0.719599,0.663288]],[[0.872199,-0.44207,0.209387],[0.152844,-0.160327,-0.975159],[0.464658,0.882536,-0.0722694]],[[0.872199,-0.44207,0.209387],[-0.0262955,-0.469818,-0.882372],[0.488443,0.764098,-0.421399]]],"btipPosition":[67.4645,251.13,7.76211],"carpPosition":[80.0641,282.155,73.4942],"dipPosition":[75.8837,264.301,0.498537],"direction":[-0.464658,-0.882536,0.0722694],"extended":false,"handId":685,"id":6854,"length":50.5107,"mcpPosition":[92.2378,307.007,22.5384],"pipPosition":[84.9719,281.562,-0.914966],"stabilizedTipPosition":[71.3843,261.499,25.7838],"timeVisible":0.948986,"tipPosition":[69.917,254.572,4.82087],"tipVelocity":[21.5636,-0.189486,-116.44],"tool":false,"touchDistance":0.333333,"touchZone":"none","type":4,"width":16.0574}],"r":[[0.999486,0.00883117,0.0308117],[-0.00731792,0.998778,-0.0488846],[-0.0312058,0.048634,0.998329]],"s":0.868309,"t":[4.41985,-10.4777,-34.7084],"timestamp":523528382489},false],[1,{"currentFrameRate":109.242,"devices":[],"gestures":[],"hands":[{"armBasis":[[0.925197,0.227585,-0.30367],[-0.0468189,0.862554,0.503794],[0.376588,-0.451892,0.808688]],"armWidth":63.72,"confidence":0.711606,"direction":[-0.0523503,0.518805,-0.853288],"elbow":[166.966,153.08,297.094],"grabStrength":0,"id":685,"palmNormal":[0.0457776,-0.852315,-0.521022],"palmPosition":[55.0535,298.918,30.5787],"palmVelocity":[29.9264,6.60222,-140.274],"palmWidth":90.99,"pinchStrength":0.561297,"r":[[0.999462,0.00622118,0.0321945],[-0.00466016,0.99882,-0.0483372],[-0.0324572,0.0481611,0.998312]],"s":0.866784,"sphereCenter":[54.0129,272.61,-9.5245],"sphereRadius":48.4655,"stabilizedPalmPosition":[50.2084,305.365,69.29],"t":[4.69932,-10.3721,-36.1941],"timeVisible":0.957873,"type":"right","wrist":[65.287,275.091,78.748]}],"id":4258319,"interactionBox":{"center":[0,200,0],"size":[235.247,235.247,147.751]},"pointables":[{"bases":[[[0.350263,0.890263,0.291114],[-0.802887,0.125308,0.582812],[0.482377,-0.437869,0.758672]],[[0.201419,0.977185,0.0673768],[-0.849019,0.139871,0.509513],[0.488464,-0.15983,0.857821]],[[0.201419,0.977185,0.0673768],[-0.978934,0.198477,0.0479094],[0.0334437,-0.0756073,0.996577]],[[0.201419,0.977185,0.0673768],[-0.862372,0.209532,-0.46088],[-0.464483,0.0347264,0.884901]]],"btipPosition":[22.8688,271.963,-20.8733],"carpPosition":[37.5215,262.219,76.6358],"dipPosition":[11.9982,272.775,-0.163456],"direction":[-0.0334437,0.0756073,-0.996577],"extended":false,"handId":685,"id":6850,"length":52.1164,"mcpPosition":[37.5215,262.219,76.6358],"pipPosition":[13.1385,270.197,33.8154],"stabilizedTipPosition":[3.59802,268.939,25.2451],"timeVisible":0.957873,"tipPosition":[20.1604,271.901,-16.406],"tipVelocity":[27.5099,1.24108,-144.568],"tool":false,"touchDistance":-0.426152,"touchZone":"touching","type":0,"width":20.25},{"bases":[[[0.974627,0.152504,-0.163842],[-0.0777729,0.9171,0.390997],[0.209888,-0.368334,0.905692]],[[0.989863,0.117781,-0.0793667],[-0.0670422,0.880132,0.469971],[0.125207,-0.459886,0.879107]],[[0.989863,0.117781,-0.0793667],[-0.0926609,0.959066,0.267592],[0.107635,-0.257525,0.960258]],[[0.989863,0.117781,-0.0793667],[-0.110484,0.989722,0.0907908],[0.0892444,-0.0811016,0.992702]]],"btipPosition":[19.1651,339.437,-67.046],"carpPosition":[44.112,284.971,77.5246],"dipPosition":[20.6899,338.052,-50.0851],"direction":[-0.107635,0.257525,-0.960258],"extended":true,"handId":685,"id":6851,"length":58.8075,"mcpPosition":[28.6707,312.069,10.8933],"pipPosition":[23.2915,331.827,-26.8753],"stabilizedTipPosition":[11.6643,351.023,-20.2822],"timeVisible":0.957873,"tipPosition":[19.6525,340.538,-62.4965],"tipVelocity":[53.0679,-14.9142,-158.228],"tool":false,"touchDistance":-0.406837,"touchZone":"touching","type":1,"width":19.3428},{"bases":[[[0.992906,-0.0572543,-0.104212],[0.092746,0.921371,0.377458],[0.0744066,-0.384445,0.920144]],[[0.994895,-0.0706086,-0.0721029],[-0.00905519,0.649131,-0.760623],[0.100511,0.757393,0.645177]],[[0.994895,-0.0706086,-0.0721029],[-0.0796265,-0.110288,-0.990705],[0.0620002,0.991388,-0.115347]],[[0.994895,-0.0706086,-0.0721029],[-0.0971657,-0.477201,-0.873406],[0.0272623,0.875953,-0.481626]]],"btipPosition":[43.4165,234.27,-7.30268],"carpPosition":[55.7278,288.607,75.661],"dipPosition":[43.9288,250.731,-16.3534],"direction":[-0.0620002,-0.991388,0.115347],"extended":false,"handId":685,"id":6852,"length":67.0064,"mcpPosition":[50.5366,315.429,11.4643],"pipPosition":[45.6919,278.922,-19.6335],"stabilizedTipPosition":[37.117,244.454,5.25797],"timeVisible":0.957873,"tipPosition":[43.4801,238.686,-10.9148],"tipVelocity":[14.079,5.83761,-127.817],"tool":false,"touchDistance":0.333333,"touchZone":"none","type":2,"width":18.9972},{"bases":[[[0.983197,-0.182497,0.00417492],[0.165772,0.902201,0.398188],[-0.0764349,-0.390805,0.917294]],[[0.985217,-0.169204,-0.0267851],[0.0810756,0.598269,-0.797183],[0.150911,0.783227,0.603143]],[[0.985217,-0.169204,-0.0267851],[-0.0549099,-0.163801,-0.984964],[0.162273,0.971874,-0.170671]],[[0.985217,-0.169204,-0.0267851],[-0.110074,-0.505449,-0.855807],[0.131268,0.846104,-0.516602]]],"btipPosition":[58.9856,235.806,3.94454],"carpPosition":[67.8883,289.052,73.972],"dipPosition":[61.4382,251.615,-5.70765],"direction":[-0.162273,-0.971874,0.170671],"extended":false,"handId":685,"id":6853,"length":64.4285,"mcpPosition":[72.6762,313.532,16.5126],"pipPosition":[65.9335,278.538,-10.4356],"stabilizedTipPosition":[54.9547,246.179,16.3063],"timeVisible":0.957873,"tipPosition":[59.5863,239.799,0.743163],"tipVelocity":[12.4333,8.233,-155.819],"tool":false,"touchDistance":0.333333,"touchZone":"none","type":3,"width":18.077},{"bases":[[[0.926747,-0.373046,0.0444638],[0.309269,0.824738,0.473456],[-0.213292,-0.425022,0.879695]],[[0.869225,-0.447108,0.211049],[0.447688,0.530613,-0.719739],[0.209816,0.7201,0.661387]],[[0.869225,-0.447108,0.211049],[0.152297,-0.163979,-0.974637],[0.470375,0.879321,-0.0744415]],[[0.869225,-0.447108,0.211049],[-0.0288339,-0.471981,-0.881137],[0.493575,0.759821,-0.42315]]],"btipPosition":[67.449,251.144,6.18031],"carpPosition":[80.2077,282.256,71.826],"dipPosition":[75.9566,264.241,-1.11344],"direction":[-0.470375,-0.879321,0.0744415],"extended":false,"handId":685,"id":6854,"length":50.5107,"mcpPosition":[92.5755,306.901,20.8167],"pipPosition":[85.1566,281.439,-2.56942],"stabilizedTipPosition":[71.3841,261.499,25.7822],"timeVisible":0.957873,"tipPosition":[69.9179,254.557,3.24843],"tipVelocity":[15.8532,-0.252977,-133.373],"tool":false,"touchDistance":0.333333,"touchZone":"none","type":4,"width":16.0574}],"r":[[0.999462,0.00622118,0.0321945],[-0.00466016,0.99882,-0.0483372],[-0.0324572,0.0481611,0.998312]],"s":0.866784,"t":[4.69932,-10.3721,-36.1941],"timestamp":523528391376},false],[2,{"currentFrameRate":109.291,"devices":[],"gestures":[],"hands":[{"armBasis":[[0.922668,0.227597,-0.311262],[-0.0440827,0.864192,0.501228],[0.383068,-0.448746,0.807395]],"armWidth":63.72,"confidence":0.703491,"direction":[-0.0500108,0.515799,-0.855248],"elbow":[168.864,153.986,296.063],"grabStrength":0,"id":685,"palmNormal":[0.0431266,-0.854406,-0.517813],"palmPosition":[55.3154,298.831,29.8023],"palmVelocity":[29.6422,2.11018,-125.194],"palmWidth":90.99,"pinchStrength":0.571107,"r":[[0.999435,0.00345967,0.0334213],[-0.00183095,0.998815,-0.0486412],[-0.03355,0.0485526,0.998257]],"s":0.865031,"sphereCenter":[54.2868,272.337,-10.2014],"sphereRadius":48.4397,"stabilizedPalmPosition":[50.2086,305.365,69.2887],"t":[4.96999,-10.3631,-37.3251],"timeVisible":0.966935,"type":"right","wrist":[65.4358,275.147,78.0665]}],"id":4258320,"interactionBox":{"center":[0,200,0],"size":[235.247,235.247,147.751]},"pointables":[{"bases":[[[0.353187,0.890116,0.288016],[-0.802807,0.130279,0.581833],[0.480376,-0.436717,0.760603]],[[0.201197,0.977792,0.0586713],[-0.850675,0.144716,0.50538],[0.485666,-0.151591,0.8609]],[[0.201197,0.977792,0.0586713],[-0.978945,0.198606,0.0471435],[0.0344441,-0.0669212,0.997164]],[[0.201197,0.977792,0.0586713],[-0.861382,0.205128,-0.464697],[-0.466412,0.0429574,0.883524]]],"btipPosition":[23.1249,271.208,-21.6659],"carpPosition":[37.6269,262.365,75.9847],"dipPosition":[12.2092,272.214,-0.988228],"direction":[-0.0344441,0.0669212,-0.997164],"extended":false,"handId":685,"id":6850,"length":52.1164,"mcpPosition":[37.6269,262.365,75.9847],"pipPosition":[13.3836,269.932,33.0107],"stabilizedTipPosition":[3.59983,268.939,25.2406],"timeVisible":0.966935,"tipPosition":[20.4168,271.43,-17.131],"tipVelocity":[27.4014,-20.7397,-129.021],"tool":false,"touchDistance":-0.42387,"touchZone":"touching","type":0,"width":20.25},{"bases":[[[0.975255,0.148493,-0.163792],[-0.074815,0.918817,0.387528],[0.20804,-0.365684,0.90719]],[[0.990213,0.114367,-0.0799933],[-0.064689,0.883968,0.46305],[0.123669,-0.453344,0.882715]],[[0.990213,0.114367,-0.0799933],[-0.089938,0.961173,0.26088],[0.106723,-0.251132,0.962051]],[[0.990213,0.114367,-0.0799933],[-0.107559,0.990576,0.0847936],[0.0889371,-0.0753597,0.993182]]],"btipPosition":[19.5786,338.834,-68.0945],"carpPosition":[44.2962,285.097,76.7929],"dipPosition":[21.0981,337.547,-51.1254],"direction":[-0.106723,0.251132,-0.962051],"extended":true,"handId":685,"id":6851,"length":58.8075,"mcpPosition":[28.9908,312,10.0513],"pipPosition":[23.6776,331.477,-27.8722],"stabilizedTipPosition":[11.6701,351.014,-20.3135],"timeVisible":0.966935,"tipPosition":[20.0759,339.943,-63.5617],"tipVelocity":[50.9756,-28.4801,-146.426],"tool":false,"touchDistance":-0.410186,"touchZone":"touching","type":1,"width":19.3428},{"bases":[[[0.992764,-0.0611041,-0.103369],[0.0957261,0.922442,0.374081],[0.0724944,-0.381269,0.921617]],[[0.994683,-0.0743038,-0.0713111],[-0.00664342,0.644692,-0.764414],[0.102773,0.760823,0.64077]],[[0.994683,-0.0743038,-0.0713111],[-0.0796333,-0.115832,-0.990071],[0.065306,0.990486,-0.121133]],[[0.994683,-0.0743038,-0.0713111],[-0.098409,-0.481595,-0.870851],[0.0303645,0.873238,-0.486347]]],"btipPosition":[43.4865,234.038,-7.67768],"carpPosition":[55.9257,288.685,74.9231],"dipPosition":[44.0572,250.448,-16.8171],"direction":[-0.065306,-0.990486,0.121133],"extended":false,"handId":685,"id":6852,"length":67.0064,"mcpPosition":[50.8679,315.286,10.6237],"pipPosition":[45.9142,278.614,-20.2617],"stabilizedTipPosition":[37.1222,244.449,5.24589],"timeVisible":0.966935,"tipPosition":[43.5664,238.419,-11.2843],"tipVelocity":[12.7336,-3.20073,-104.566],"tool":false,"touchDistance":0.333333,"touchZone":"none","type":2,"width":18.9972},{"bases":[[[0.982552,-0.185908,0.00547722],[0.168672,0.903096,0.394928],[-0.0783666,-0.387114,0.918696]],[[0.984632,-0.172777,-0.0254364],[0.0841371,0.596945,-0.797858],[0.153036,0.783456,0.602309]],[[0.984632,-0.172777,-0.0254364],[-0.0543728,-0.164877,-0.984814],[0.16596,0.971063,-0.171738]],[[0.984632,-0.172777,-0.0254364],[-0.110984,-0.506609,-0.855003],[0.134839,0.844687,-0.517999]]],"btipPosition":[59.0433,235.643,3.2179],"carpPosition":[68.0887,289.082,73.2401],"dipPosition":[61.5626,251.425,-6.46039],"direction":[-0.16596,-0.971063,0.171738],"extended":false,"handId":685,"id":6853,"length":64.4285,"mcpPosition":[72.9976,313.33,15.693],"pipPosition":[66.16,278.326,-11.2179],"stabilizedTipPosition":[54.9563,246.177,16.301],"timeVisible":0.966935,"tipPosition":[59.6584,239.586,0.148493],"tipVelocity":[11.2247,0.806542,-135.113],"tool":false,"touchDistance":0.333333,"touchZone":"none","type":3,"width":18.077},{"bases":[[[0.925412,-0.376107,0.0464401],[0.311851,0.825414,0.470575],[-0.215319,-0.420993,0.881137]],[[0.867449,-0.449416,0.21344],[0.450559,0.527645,-0.72013],[0.211018,0.720844,0.660194]],[[0.867449,-0.449416,0.21344],[0.153368,-0.166568,-0.97403],[0.473297,0.877656,-0.0755632]],[[0.867449,-0.449416,0.21344],[-0.0291026,-0.474103,-0.879988],[0.496674,0.757133,-0.42434]]],"btipPosition":[67.5915,250.941,5.48265],"carpPosition":[80.3857,282.235,71.1273],"dipPosition":[76.1525,263.992,-1.83161],"direction":[-0.473297,-0.877656,0.0755632],"extended":false,"handId":685,"id":6854,"length":50.5107,"mcpPosition":[92.8711,306.646,20.0344],"pipPosition":[85.4096,281.158,-3.30954],"stabilizedTipPosition":[71.384,261.498,25.781],"timeVisible":0.966935,"tipPosition":[70.0389,254.311,2.64213],"tipVelocity":[16.1915,-6.6732,-117.944],"tool":false,"touchDistance":0.333333,"touchZone":"none","type":4,"width":16.0574}],"r":[[0.999435,0.00345967,0.0334213],[-0.00183095,0.998815,-0.0486412],[-0.03355,0.0485526,0.998257]],"s":0.865031,"t":[4.96999,-10.3631,-37.3251],"timestamp":523528400438},false],[3,{"currentFrameRate":109.337,"devices":[],"gestures":[],"hands":[{"armBasis":[[0.925006,0.223826,-0.307028],[-0.0446607,0.866516,0.497147],[0.377319,-0.446151,0.811529]],"armWidth":63.72,"confidence":0.707557,"direction":[-0.0472159,0.517655,-0.854286],"elbow":[167.45,154.881,296.198],"grabStrength":0,"id":685,"palmNormal":[0.0434497,-0.853366,-0.519499],"palmPosition":[55.6044,299.139,28.8454],"palmVelocity":[30.261,10.9235,-119.772],"palmWidth":90.99,"pinchStrength":0.581175,"r":[[0.99939,0.00100119,0.0349162],[0.000692522,0.998825,-0.048462],[-0.0349236,0.0484566,0.998215]],"s":0.863219,"sphereCenter":[54.6868,272.665,-11.2418],"sphereRadius":48.4343,"stabilizedPalmPosition":[50.2088,305.365,69.2874],"t":[5.24982,-10.2044,-38.3691],"timeVisible":0.975999,"type":"right","wrist":[65.5734,275.342,77.0854]}],"id":4258321,"interactionBox":{"center":[0,200,0],"size":[235.247,235.247,147.751]},"pointables":[{"bases":[[[0.353492,0.889091,0.290792],[-0.80414,0.130002,0.58005],[0.477914,-0.438881,0.760908]],[[0.199644,0.978178,0.0575413],[-0.85232,0.144385,0.502696],[0.483417,-0.149404,0.862546]],[[0.199644,0.978178,0.0575413],[-0.979224,0.197038,0.0479173],[0.0355338,-0.0659123,0.997193]],[[0.199644,0.978178,0.0575413],[-0.858602,0.202931,-0.470766],[-0.47217,0.0445804,0.880379]]],"btipPosition":[23.4628,271.259,-22.7545],"carpPosition":[37.7549,262.597,74.9056],"dipPosition":[12.4123,272.302,-2.1505],"direction":[-0.0355338,0.0659123,-0.997193],"extended":false,"handId":685,"id":6850,"length":52.1164,"mcpPosition":[37.7549,262.597,74.9056],"pipPosition":[13.6238,270.055,31.8494],"stabilizedTipPosition":[3.60143,268.939,25.2366],"timeVisible":0.975999,"tipPosition":[20.7702,271.633,-18.2111],"tipVelocity":[29.1841,-13.2026,-127.076],"tool":false,"touchDistance":-0.4264,"touchZone":"touching","type":0,"width":20.25},{"bases":[[[0.975845,0.147687,-0.160984],[-0.0747289,0.918088,0.389269],[0.205287,-0.367835,0.906948]],[[0.990438,0.11373,-0.0780954],[-0.0652936,0.885073,0.46085],[0.121533,-0.451344,0.884035]],[[0.990438,0.11373,-0.0780954],[-0.0899876,0.961632,0.259165],[0.104574,-0.249659,0.962671]],[[0.990438,0.11373,-0.0780954],[-0.10715,0.990702,0.0838415],[0.0869046,-0.0746719,0.993414]]],"btipPosition":[20.1121,339.082,-69.1665],"carpPosition":[44.4488,285.319,75.7787],"dipPosition":[21.5969,337.806,-52.1935],"direction":[-0.104574,0.249659,-0.962671],"extended":true,"handId":685,"id":6851,"length":58.8075,"mcpPosition":[29.3459,312.381,9.05496],"pipPosition":[24.1245,331.772,-28.9253],"stabilizedTipPosition":[11.6761,351.006,-20.3442],"timeVisible":0.975999,"tipPosition":[20.6081,340.182,-64.6402],"tipVelocity":[52.9122,-12.9863,-138.621],"tool":false,"touchDistance":-0.413567,"touchZone":"touching","type":1,"width":19.3428},{"bases":[[[0.992953,-0.0620567,-0.100958],[0.0958503,0.921541,0.376266],[0.0696873,-0.383291,0.920995]],[[0.994769,-0.0752655,-0.0690699],[-0.00365269,0.649492,-0.760359],[0.102089,0.756634,0.64582]],[[0.994769,-0.0752655,-0.0690699],[-0.0771009,-0.109622,-0.990978],[0.0670149,0.99112,-0.114852]],[[0.994769,-0.0752655,-0.0690699],[-0.0967418,-0.476924,-0.873605],[0.0328112,0.875716,-0.48171]]],"btipPosition":[43.7823,234.529,-9.12026],"carpPosition":[56.0872,288.898,73.9462],"dipPosition":[44.3989,250.986,-18.1726],"direction":[-0.0670149,-0.99112,0.114852],"extended":false,"handId":685,"id":6852,"length":67.0064,"mcpPosition":[51.2253,315.639,9.69023],"pipPosition":[46.3046,279.169,-21.4385],"stabilizedTipPosition":[37.1261,244.445,5.23638],"timeVisible":0.975999,"tipPosition":[43.8855,238.845,-12.4765],"tipVelocity":[18.5523,12.9778,-119.035],"tool":false,"touchDistance":0.333333,"touchZone":"none","type":2,"width":18.9972},{"bases":[[[0.982316,-0.187077,0.00759886],[0.16872,0.902064,0.397259],[-0.0811725,-0.388951,0.917675]],[[0.984488,-0.173907,-0.0232273],[0.0869932,0.598804,-0.796157],[0.152366,0.781787,0.604644]],[[0.984488,-0.173907,-0.0232273],[-0.051927,-0.162351,-0.985366],[0.167591,0.971287,-0.168863]],[[0.984488,-0.173907,-0.0232273],[-0.109308,-0.504389,-0.85653],[0.137241,0.845782,-0.515575]]],"btipPosition":[59.3252,236.008,2.10763],"carpPosition":[68.255,289.284,72.2952],"dipPosition":[61.8894,251.811,-7.52537],"direction":[-0.167591,-0.971287,0.168863],"extended":false,"handId":685,"id":6853,"length":64.4285,"mcpPosition":[73.3397,313.647,14.812],"pipPosition":[66.532,278.718,-12.2032],"stabilizedTipPosition":[54.9576,246.175,16.2969],"timeVisible":0.975999,"tipPosition":[59.9523,239.947,-0.916398],"tipVelocity":[17.0295,11.852,-131.309],"tool":false,"touchDistance":0.333333,"touchZone":"none","type":3,"width":18.077},{"bases":[[[0.924848,-0.377294,0.0480149],[0.311613,0.824055,0.473108],[-0.218068,-0.422591,0.879695]],[[0.866267,-0.450979,0.214942],[0.453574,0.529631,-0.716772],[0.209409,0.718408,0.663354]],[[0.866267,-0.450979,0.214942],[0.156612,-0.163413,-0.974048],[0.474399,0.877448,-0.0709303]],[[0.866267,-0.450979,0.214942],[-0.0266413,-0.471333,-0.881553],[0.49887,0.757934,-0.420315]]],"btipPosition":[67.9119,251.302,4.36664],"carpPosition":[80.5494,282.427,70.1994],"dipPosition":[76.5109,264.367,-2.87824],"direction":[-0.474399,-0.877448,0.0709303],"extended":false,"handId":685,"id":6854,"length":50.5107,"mcpPosition":[93.1941,306.931,19.1901],"pipPosition":[85.7895,281.528,-4.26555],"stabilizedTipPosition":[71.384,261.498,25.78],"timeVisible":0.975999,"tipPosition":[70.3406,254.655,1.6278],"tipVelocity":[21.7511,6.26791,-118.889],"tool":false,"touchDistance":0.333333,"touchZone":"none","type":4,"width":16.0574}],"r":[[0.99939,0.00100119,0.0349162],[0.000692522,0.998825,-0.048462],[-0.0349236,0.0484566,0.998215]],"s":0.863219,"t":[5.24982,-10.2044,-38.3691],"timestamp":523528409502},false],[4,{"currentFrameRate":109.332,"devices":[],"gestures":[],"hands":[{"armBasis":[[0.925608,0.221487,-0.306909],[-0.0439421,0.868295,0.494097],[0.375923,-0.443854,0.813434]],"armWidth":63.72,"confidence":0.707558,"direction":[-0.0458461,0.518958,-0.85357],"elbow":[167.294,155.59,296.006],"grabStrength":0,"id":685,"palmNormal":[0.0425468,-0.852678,-0.520701],"palmPosition":[55.8946,299.312,28.166],"palmVelocity":[30.6613,13.1481,-107.081],"palmWidth":90.99,"pinchStrength":0.589166,"r":[[0.999342,-0.00127301,0.036252],[0.00301459,0.998841,-0.0480269],[-0.0361488,0.0481045,0.998188]],"s":0.861475,"sphereCenter":[54.9613,272.849,-11.9748],"sphereRadius":48.4241,"stabilizedPalmPosition":[50.209,305.365,69.2861],"t":[5.53483,-10.0385,-39.2308],"timeVisible":0.985154,"type":"right","wrist":[65.7943,275.431,76.3785]}],"id":4258322,"interactionBox":{"center":[0,200,0],"size":[235.247,235.247,147.751]},"pointables":[{"bases":[[[0.354608,0.888144,0.292324],[-0.804354,0.130359,0.579674],[0.476727,-0.440689,0.760608]],[[0.199027,0.978384,0.0561459],[-0.852748,0.144668,0.501889],[0.482918,-0.147768,0.863108]],[[0.199027,0.978384,0.0561459],[-0.979287,0.19638,0.0493133],[0.0372214,-0.0647976,0.997204]],[[0.199027,0.978384,0.0561459],[-0.856351,0.201487,-0.475463],[-0.476499,0.0465493,0.877942]]],"btipPosition":[23.735,271.226,-23.4707],"carpPosition":[37.9584,262.73,74.1608],"dipPosition":[12.5833,272.316,-2.92374],"direction":[-0.0372214,0.0647976,-0.997204],"extended":false,"handId":685,"id":6850,"length":52.1164,"mcpPosition":[37.9584,262.73,74.1608],"pipPosition":[13.8523,270.106,31.0765],"stabilizedTipPosition":[3.6029,268.939,25.233],"timeVisible":0.985154,"tipPosition":[21.0455,271.716,-18.9261],"tipVelocity":[28.6296,-10.192,-113.867],"tool":false,"touchDistance":-0.423033,"touchZone":"touching","type":0,"width":20.25},{"bases":[[[0.976176,0.146468,-0.160086],[-0.0736382,0.917635,0.390542],[0.204103,-0.36945,0.906559]],[[0.990556,0.112715,-0.0780678],[-0.0646816,0.886189,0.458786],[0.120895,-0.449404,0.885111]],[[0.990556,0.112715,-0.0780678],[-0.0891648,0.962095,0.257727],[0.104158,-0.248332,0.963059]],[[0.990556,0.112715,-0.0780678],[-0.106189,0.990855,0.0832472],[0.0867371,-0.0741711,0.993466]]],"btipPosition":[20.4762,339.199,-69.9017],"carpPosition":[44.6855,285.441,75.0714],"dipPosition":[21.9582,337.931,-52.9277],"direction":[-0.104158,0.248332,-0.963059],"extended":true,"handId":685,"id":6851,"length":58.8075,"mcpPosition":[29.6697,312.622,8.37628],"pipPosition":[24.4758,331.929,-29.6502],"stabilizedTipPosition":[11.6822,350.998,-20.3746],"timeVisible":0.985154,"tipPosition":[20.9806,340.281,-65.3865],"tipVelocity":[49.2316,-5.75706,-122.367],"tool":false,"touchDistance":-0.411568,"touchZone":"touching","type":1,"width":19.3428},{"bases":[[[0.992931,-0.0633872,-0.100352],[0.096955,0.920853,0.377664],[0.0684702,-0.384724,0.920489]],[[0.9947,-0.0766057,-0.0685756],[-0.00196629,0.652681,-0.75763],[0.102797,0.75375,0.649071]],[[0.9947,-0.0766057,-0.0685756],[-0.0764724,-0.105417,-0.991483],[0.0687243,0.991473,-0.110716]],[[0.9947,-0.0766057,-0.0685756],[-0.0968293,-0.473714,-0.87534],[0.0345708,0.877341,-0.478621]]],"btipPosition":[43.9947,234.835,-10.1113],"carpPosition":[56.3305,289.005,73.2523],"dipPosition":[44.6444,251.322,-19.1055],"direction":[-0.0687243,-0.991473,0.110716],"extended":false,"handId":685,"id":6852,"length":67.0064,"mcpPosition":[51.5535,315.847,9.03159],"pipPosition":[46.5986,279.516,-22.2539],"stabilizedTipPosition":[37.1292,244.442,5.22873],"timeVisible":0.985154,"tipPosition":[44.1128,239.1,-13.2893],"tipVelocity":[20.0786,18.8774,-115.624],"tool":false,"touchDistance":0.333333,"touchZone":"none","type":2,"width":18.9972},{"bases":[[[0.982031,-0.188548,0.00801693],[0.169781,0.901237,0.39868],[-0.0823954,-0.390155,0.917055]],[[0.984244,-0.175338,-0.0227861],[0.0884565,0.59988,-0.795185],[0.153095,0.780641,0.605938]],[[0.984244,-0.175338,-0.0227861],[-0.051461,-0.160781,-0.985648],[0.169158,0.971291,-0.167271]],[[0.984244,-0.175338,-0.0227861],[-0.109445,-0.502942,-0.857363],[0.138869,0.846349,-0.514208]]],"btipPosition":[59.5404,236.216,1.33412],"carpPosition":[68.5,289.375,71.6103],"dipPosition":[62.135,252.029,-8.27334],"direction":[-0.169158,-0.971291,0.167271],"extended":false,"handId":685,"id":6853,"length":64.4285,"mcpPosition":[73.6613,313.814,14.166],"pipPosition":[66.821,278.936,-12.9071],"stabilizedTipPosition":[54.9585,246.174,16.2936],"timeVisible":0.985154,"tipPosition":[60.1751,240.154,-1.67265],"tipVelocity":[19.0466,14.9372,-118.088],"tool":false,"touchDistance":0.333333,"touchZone":"none","type":3,"width":18.077},{"bases":[[[0.924252,-0.378738,0.0481178],[0.312505,0.822906,0.474516],[-0.219314,-0.423536,0.878931]],[[0.865331,-0.452675,0.215144],[0.455384,0.530808,-0.714751],[0.20935,0.716469,0.665466]],[[0.865331,-0.452675,0.215144],[0.157953,-0.161077,-0.97422],[0.47566,0.877006,-0.0678835]],[[0.865331,-0.452675,0.215144],[-0.0259618,-0.469165,-0.882729],[0.500528,0.758267,-0.417735]]],"btipPosition":[68.1693,251.505,3.54608],"carpPosition":[80.7856,282.503,69.5132],"dipPosition":[76.7968,264.575,-3.65433],"direction":[-0.47566,-0.877006,0.0678835],"extended":false,"handId":685,"id":6854,"length":50.5107,"mcpPosition":[93.5026,307.062,18.5483],"pipPosition":[86.1001,281.728,-4.98205],"stabilizedTipPosition":[71.3839,261.498,25.7792],"timeVisible":0.985154,"tipPosition":[70.579,254.84,0.891963],"tipVelocity":[23.7228,10.7268,-110.426],"tool":false,"touchDistance":0.333333,"touchZone":"none","type":4,"width":16.0574}],"r":[[0.999342,-0.00127301,0.036252],[0.00301459,0.998841,-0.0480269],[-0.0361488,0.0481045,0.998188]],"s":0.861475,"t":[5.53483,-10.0385,-39.2308],"timestamp":523528418657},false],[5,{"currentFrameRate":109.464,"devices":[],"gestures":[],"hands":[{"armBasis":[[0.928541,0.211307,-0.305222],[-0.0390289,0.873203,0.485791],[0.369172,-0.439165,0.819052]],"armWidth":63.72,"confidence":0.709139,"direction":[-0.0421839,0.51941,-0.853483],"elbow":[165.553,156.985,296.114],"grabStrength":0,"id":685,"palmNormal":[0.0373478,-0.852827,-0.520856],"palmPosition":[56.1494,299.513,26.7579],"palmVelocity":[30.1098,15.7117,-120.993],"palmWidth":90.99,"pinchStrength":0.595917,"r":[[0.999291,-0.00436452,0.0374044],[0.00614561,0.998846,-0.0476353],[-0.0371534,0.0478314,0.998164]],"s":0.859743,"sphereCenter":[55.0663,273,-13.3985],"sphereRadius":48.4081,"stabilizedPalmPosition":[50.2091,305.365,69.2847],"t":[5.80474,-9.85516,-40.3657],"timeVisible":0.994053,"type":"right","wrist":[65.8766,275.56,74.9697]}],"id":4258323,"interactionBox":{"center":[0,200,0],"size":[235.247,235.247,147.751]},"pointables":[{"bases":[[[0.360122,0.885813,0.292655],[-0.803755,0.135353,0.579359],[0.473593,-0.443863,0.76072]],[[0.203645,0.977547,0.0541411],[-0.852369,0.149819,0.50102],[0.481659,-0.148178,0.863741]],[[0.203645,0.977547,0.0541411],[-0.978336,0.201082,0.0492412],[0.0372488,-0.0629959,0.997318]],[[0.203645,0.977547,0.0541411],[-0.853138,0.204313,-0.480012],[-0.480295,0.0515621,0.87559]]],"btipPosition":[23.8889,271.374,-24.8744],"carpPosition":[37.9615,263.037,72.7376],"dipPosition":[12.6483,272.581,-4.38241],"direction":[-0.0372488,0.0629959,-0.997318],"extended":false,"handId":685,"id":6850,"length":52.1164,"mcpPosition":[37.9615,263.037,72.7376],"pipPosition":[13.9183,270.433,29.6218],"stabilizedTipPosition":[3.60405,268.939,25.23],"timeVisible":0.994053,"tipPosition":[21.1778,271.97,-20.331],"tipVelocity":[24.9214,-2.06824,-126.183],"tool":false,"touchDistance":-0.430308,"touchZone":"touching","type":0,"width":20.25},{"bases":[[[0.977155,0.140293,-0.159643],[-0.0679704,0.918006,0.390698],[0.201365,-0.370922,0.90657]],[[0.99117,0.106819,-0.0785535],[-0.0596924,0.888486,0.455005],[0.118397,-0.446299,0.887017]],[[0.99117,0.106819,-0.0785535],[-0.0836528,0.963426,0.254584],[0.102875,-0.245765,0.963855]],[[0.99117,0.106819,-0.0785535],[-0.100445,0.991635,0.0810594],[0.0865551,-0.0724534,0.993609]]],"btipPosition":[20.966,339.345,-71.4218],"carpPosition":[44.8324,285.704,73.6557],"dipPosition":[22.4449,338.107,-54.4454],"direction":[-0.102875,0.245765,-0.963855],"extended":true,"handId":685,"id":6851,"length":58.8075,"mcpPosition":[30.018,312.993,6.95975],"pipPosition":[24.9314,332.167,-31.1486],"stabilizedTipPosition":[11.6881,350.991,-20.4032],"timeVisible":0.994053,"tipPosition":[21.4858,340.426,-66.9146],"tipVelocity":[50.7895,0.492523,-135.527],"tool":false,"touchDistance":-0.421538,"touchZone":"touching","type":1,"width":19.3428},{"bases":[[[0.99255,-0.0696768,-0.099944],[0.102645,0.920142,0.377893],[0.0656323,-0.385336,0.920439]],[[0.994219,-0.0828754,-0.0682596],[0.00257026,0.653948,-0.756535],[0.107336,0.751987,0.650381]],[[0.994219,-0.0828754,-0.0682596],[-0.0766907,-0.103222,-0.991697],[0.0751414,0.9912,-0.108981]],[[0.994219,-0.0828754,-0.0682596],[-0.0994779,-0.471837,-0.876056],[0.0403961,0.877782,-0.477353]]],"btipPosition":[43.8521,235.151,-11.6542],"carpPosition":[56.5006,289.195,71.8422],"dipPosition":[44.6112,251.646,-20.6246],"direction":[-0.0751414,-0.9912,0.108981],"extended":false,"handId":685,"id":6852,"length":67.0064,"mcpPosition":[51.9216,316.079,7.62499],"pipPosition":[46.748,279.833,-23.7236],"stabilizedTipPosition":[37.1314,244.441,5.22276],"timeVisible":0.994053,"tipPosition":[44.0017,239.383,-14.7276],"tipVelocity":[11.0284,23.4733,-131.163],"tool":false,"touchDistance":0.333333,"touchZone":"none","type":2,"width":18.9972},{"bases":[[[0.98081,-0.194787,0.00839473],[0.175336,0.90006,0.398935],[-0.0852633,-0.389808,0.916941]],[[0.983121,-0.181573,-0.0224342],[0.0925275,0.599238,-0.795206],[0.157832,0.779708,0.605924]],[[0.983121,-0.181573,-0.0224342],[-0.05213,-0.160472,-0.985663],[0.17537,0.970196,-0.167229]],[[0.983121,-0.181573,-0.0224342],[-0.112314,-0.502177,-0.85744],[0.144422,0.845488,-0.514094]]],"btipPosition":[59.4055,236.394,-0.0661738],"carpPosition":[68.673,289.487,70.2055],"dipPosition":[62.1039,252.191,-9.67151],"direction":[-0.17537,-0.970196,0.167229],"extended":false,"handId":685,"id":6853,"length":64.4285,"mcpPosition":[74.0138,313.905,12.7684],"pipPosition":[66.962,279.068,-14.3041],"stabilizedTipPosition":[54.9592,246.173,16.2912],"timeVisible":0.994053,"tipPosition":[60.0657,240.326,-3.06411],"tipVelocity":[10.474,16.2197,-128.752],"tool":false,"touchDistance":0.333333,"touchZone":"none","type":3,"width":18.077},{"bases":[[[0.921806,-0.384615,0.0484324],[0.317527,0.820808,0.474816],[-0.222375,-0.42231,0.878751]],[[0.862309,-0.458241,0.215497],[0.459201,0.528244,-0.714207],[0.213444,0.714824,0.665935]],[[0.862309,-0.458241,0.215497],[0.157575,-0.161613,-0.974193],[0.481242,0.874012,-0.0671527]],[[0.862309,-0.458241,0.215497],[-0.028378,-0.468623,-0.882942],[0.505587,0.755253,-0.417102]]],"btipPosition":[68.1355,251.637,2.11369],"carpPosition":[80.9155,282.538,68.1122],"dipPosition":[76.8503,264.655,-5.07581],"direction":[-0.481242,-0.874012,0.0671527],"extended":false,"handId":685,"id":6854,"length":50.5107,"mcpPosition":[93.81,307.026,17.1577],"pipPosition":[86.2628,281.75,-6.38924],"stabilizedTipPosition":[71.3839,261.498,25.7786],"timeVisible":0.994053,"tipPosition":[70.5567,254.949,-0.509368],"tipVelocity":[16.8525,11.4884,-124.093],"tool":false,"touchDistance":0.333333,"touchZone":"none","type":4,"width":16.0574}],"r":[[0.999291,-0.00436452,0.0374044],[0.00614561,0.998846,-0.0476353],[-0.0371534,0.0478314,0.998164]],"s":0.859743,"t":[5.80474,-9.85516,-40.3657],"timestamp":523528427556},false],[6,{"currentFrameRate":109.508,"devices":[],"gestures":[],"hands":[{"armBasis":[[0.925267,0.213468,-0.313549],[-0.0370662,0.873541,0.485337],[0.377502,-0.437444,0.816171]],"armWidth":63.72,"confidence":0.709567,"direction":[-0.0412862,0.516026,-0.855577],"elbow":[168.031,157.585,294.746],"grabStrength":0,"id":685,"palmNormal":[0.0355607,-0.855006,-0.517397],"palmPosition":[56.4183,299.472,26.0729],"palmVelocity":[29.9961,10.1164,-108.479],"palmWidth":90.99,"pinchStrength":0.606514,"r":[[0.99924,-0.00720662,0.038298],[0.00904813,0.9988,-0.04813],[-0.0379052,0.04844,0.998107]],"s":0.857863,"sphereCenter":[55.1596,272.788,-13.9565],"sphereRadius":48.3635,"stabilizedPalmPosition":[50.2093,305.364,69.2833],"t":[6.07413,-9.78412,-41.2756],"timeVisible":1.00311,"type":"right","wrist":[66.1055,275.695,74.3801]}],"id":4258324,"interactionBox":{"center":[0,200,0],"size":[235.247,235.247,147.751]},"pointables":[{"bases":[[[0.361937,0.886273,0.289003],[-0.803389,0.139307,0.57893],[0.47283,-0.441718,0.762442]],[[0.203395,0.977972,0.0469268],[-0.85265,0.153365,0.499467],[0.481267,-0.141601,0.865061]],[[0.203395,0.977972,0.0469268],[-0.978339,0.201119,0.0490208],[0.0385031,-0.055881,0.997695]],[[0.203395,0.977972,0.0469268],[-0.846075,0.19968,-0.494252],[-0.492735,0.0608249,0.868051]]],"btipPosition":[24.3604,270.769,-25.3112],"carpPosition":[38.1651,263.219,72.2031],"dipPosition":[12.8286,272.192,-4.99564],"direction":[-0.0385031,0.055881,-0.997695],"extended":false,"handId":685,"id":6850,"length":52.1164,"mcpPosition":[38.1651,263.219,72.2031],"pipPosition":[14.1414,270.287,29.0214],"stabilizedTipPosition":[3.60532,268.94,25.2268],"timeVisible":1.00311,"tipPosition":[21.5222,271.531,-20.8162],"tipVelocity":[30.3749,-18.4414,-105.91],"tool":false,"touchDistance":-0.422771,"touchZone":"touching","type":0,"width":20.25},{"bases":[[[0.977407,0.137693,-0.160362],[-0.0660744,0.919718,0.38698],[0.200772,-0.367641,0.908037]],[[0.991259,0.104886,-0.0800272],[-0.0582079,0.892055,0.448163],[0.118395,-0.439587,0.890363]],[[0.991259,0.104886,-0.0800272],[-0.082036,0.96509,0.248738],[0.103323,-0.239999,0.965259]],[[0.991259,0.104886,-0.0800272],[-0.0987999,0.992157,0.0765667],[0.0874303,-0.0679908,0.993848]]],"btipPosition":[21.233,338.772,-72.339],"carpPosition":[45.0814,285.876,73.0282],"dipPosition":[22.7268,337.61,-55.3585],"direction":[-0.103323,0.239999,-0.965259],"extended":true,"handId":685,"id":6851,"length":58.8075,"mcpPosition":[30.3107,312.923,6.22432],"pipPosition":[25.2241,331.809,-32.0278],"stabilizedTipPosition":[11.6938,350.983,-20.4312],"timeVisible":1.00311,"tipPosition":[21.7692,339.849,-67.8488],"tipVelocity":[45.0143,-16.5927,-126.053],"tool":false,"touchDistance":-0.421461,"touchZone":"touching","type":1,"width":19.3428},{"bases":[[[0.992393,-0.0720632,-0.0998141],[0.104543,0.921461,0.37414],[0.065013,-0.381729,0.921985]],[[0.99404,-0.0851244,-0.068106],[0.00368672,0.650623,-0.759392],[0.108954,0.754615,0.647059]],[[0.99404,-0.0851244,-0.068106],[-0.0771096,-0.107394,-0.991222],[0.077063,0.990566,-0.113318]],[[0.99404,-0.0851244,-0.068106],[-0.100592,-0.475387,-0.874007],[0.0420226,0.875649,-0.481117]]],"btipPosition":[43.9877,234.972,-12.0514],"carpPosition":[56.7563,289.336,71.1987],"dipPosition":[44.7774,251.427,-21.0925],"direction":[-0.077063,-0.990566,0.113318],"extended":false,"handId":685,"id":6852,"length":67.0064,"mcpPosition":[52.2205,315.968,6.87365],"pipPosition":[46.9688,279.595,-24.3149],"stabilizedTipPosition":[37.133,244.439,5.21833],"timeVisible":1.00311,"tipPosition":[44.1451,239.184,-15.1313],"tipVelocity":[12.3339,11.2509,-107.568],"tool":false,"touchDistance":0.333333,"touchZone":"none","type":2,"width":18.9972},{"bases":[[[0.98042,-0.19671,0.00903325],[0.177197,0.901319,0.395253],[-0.0858918,-0.385913,0.918528]],[[0.982753,-0.183632,-0.0218335],[0.093609,0.595811,-0.797651],[0.159483,0.78185,0.602724]],[[0.982753,-0.183632,-0.0218335],[-0.0525944,-0.164358,-0.984998],[0.177289,0.969157,-0.171181]],[[0.982753,-0.183632,-0.0218335],[-0.113442,-0.50541,-0.85539],[0.146042,0.843113,-0.517525]]],"btipPosition":[59.5436,236.238,-0.495606],"carpPosition":[68.9289,289.597,69.559],"dipPosition":[62.2722,251.991,-10.165],"direction":[-0.177289,-0.969157,0.171181],"extended":false,"handId":685,"id":6853,"length":64.4285,"mcpPosition":[74.3091,313.771,12.0224],"pipPosition":[67.1835,278.838,-14.9071],"stabilizedTipPosition":[54.9597,246.173,16.2894],"timeVisible":1.00311,"tipPosition":[60.2112,240.155,-3.50669],"tipVelocity":[12.0049,6.66401,-106.758],"tool":false,"touchDistance":0.333333,"touchZone":"none","type":3,"width":18.077},{"bases":[[[0.921044,-0.386255,0.04985],[0.319242,0.822092,0.471433],[-0.223074,-0.418296,0.880492]],[[0.86141,-0.459099,0.21726],[0.460214,0.524533,-0.716288],[0.214887,0.717003,0.663122]],[[0.86141,-0.459099,0.21726],[0.157225,-0.165717,-0.97356],[0.482964,0.872792,-0.0705688]],[[0.86141,-0.459099,0.21726],[-0.0293445,-0.472022,-0.881098],[0.507062,0.752611,-0.420077]]],"btipPosition":[68.3077,251.474,1.61007],"carpPosition":[81.1572,282.615,67.492],"dipPosition":[77.0478,264.447,-5.6307],"direction":[-0.482964,-0.872792,0.0705688],"extended":false,"handId":685,"id":6854,"length":50.5107,"mcpPosition":[94.0922,306.87,16.4365],"pipPosition":[86.494,281.517,-7.01094],"stabilizedTipPosition":[71.3839,261.497,25.778],"timeVisible":1.00311,"tipPosition":[70.7276,254.765,-1.00704],"tipVelocity":[17.6266,3.0239,-105.557],"tool":false,"touchDistance":0.333333,"touchZone":"none","type"