{"sensorType":"Leap","data":[[0,{"currentFrameRate":110.497,"devices":[],"gestures":[],"hands":[{"armBasis":[[0.90679,-0.0128592,-0.421387],[0.221126,0.865513,0.449433],[0.358936,-0.500721,0.787682]],"armWidth":63.72,"confidence":0.454618,"direction":[0.0448384,0.82805,-0.558859],"elbow":[168.246,116.372,252.2],"grabStrength":0,"id":685,"palmNormal":[-0.227119,-0.536323,-0.812881],"palmPosition":[65.3571,295.21,7.08652],"palmVelocity":[78.7399,53.3571,251.672],"palmWidth":90.99,"pinchStrength":0.830006,"r":[[0.966789,-0.224417,-0.122297],[0.252143,0.915685,0.312961],[0.041752,-0.333404,0.941859]],"s":0.785631,"sphereCenter":[46.4265,290.117,-35.5879],"sphereRadius":45.6411,"stabilizedPalmPosition":[59.6898,290.469,-15.2681],"t":[14.4728,-14.4202,-63.5383],"timeVisible":15.1302,"type":"right","wrist":[71.3327,251.567,39.5263]}],"id":4259834,"interactionBox":{"center":[0,200,0],"size":[235.247,235.247,147.751]},"pointables":[{"bases":[[[0.603357,0.575539,0.552011],[-0.698859,0.0481761,0.713635],[0.384131,-0.816354,0.431288]],[[0.395444,0.857401,0.329375],[-0.777659,0.121723,0.616791],[0.488745,-0.500047,0.7149]],[[0.395444,0.857401,0.329375],[-0.913764,0.330913,0.235652],[0.093054,-0.394158,0.91432]],[[0.395444,0.857401,0.329375],[-0.521311,0.504763,-0.688076],[-0.756214,0.100389,0.646578]]],"btipPosition":[31.1212,283.649,-44.6572],"carpPosition":[40.9927,247.599,37.3354],"dipPosition":[13.423,285.999,-29.525],"direction":[-0.093054,0.394158,-0.91432],"extended":false,"handId":685,"id":6850,"length":52.1164,"mcpPosition":[40.9927,247.599,37.3354],"pipPosition":[16.5958,272.56,1.64931],"stabilizedTipPosition":[23.0616,274.337,-60.9376],"timeVisible":15.1302,"tipPosition":[26.7724,284.182,-41.7541],"tipVelocity":[56.4666,118.29,267.386],"tool":false,"touchDistance":0.203588,"touchZone":"hovering","type":0,"width":20.25},{"bases":[[[0.966552,-0.0220252,-0.255523],[0.206933,0.655547,0.726248],[0.151512,-0.754833,0.638179]],[[0.961149,0.00238844,-0.27602],[0.17065,0.780827,0.600988],[0.21696,-0.624742,0.750084]],[[0.961149,0.00238844,-0.27602],[0.121033,0.895062,0.429204],[0.24808,-0.445936,0.859998]],[[0.961149,0.00238844,-0.27602],[0.0799019,0.954745,0.286493],[0.264213,-0.297417,0.917461]]],"btipPosition":[22.7815,363.862,-69.7108],"carpPosition":[53.7597,265.628,45.927],"dipPosition":[27.2957,358.78,-54.0354],"direction":[-0.24808,0.445936,-0.859998],"extended":true,"handId":685,"id":6851,"length":58.8075,"mcpPosition":[42.6131,321.161,-1.02353],"pipPosition":[33.2919,348.002,-33.2489],"stabilizedTipPosition":[17.8069,350.812,-93.2467],"timeVisible":15.1302,"tipPosition":[24.1516,363.409,-65.6892],"tipVelocity":[94.0114,123.271,311.848],"tool":false,"touchDistance":0.331189,"touchZone":"hovering","type":1,"width":19.3428},{"bases":[[[0.928602,-0.235233,-0.286992],[0.370637,0.625655,0.686428],[0.0180872,-0.743788,0.66817]],[[0.928441,-0.229677,-0.291969],[0.0705683,0.880696,-0.468397],[0.364716,0.414275,0.833882]],[[0.928441,-0.229677,-0.291969],[-0.322566,-0.108614,-0.940295],[0.184253,0.967187,-0.174928]],[[0.928441,-0.229677,-0.291969],[-0.370992,-0.613564,-0.697068],[-0.0190412,0.755504,-0.654867]]],"btipPosition":[42.0731,257.144,-25.8549],"carpPosition":[65.7961,266.921,43.6749],"dipPosition":[41.7153,271.342,-38.1612],"direction":[-0.184253,-0.967187,0.174928],"extended":false,"handId":685,"id":6852,"length":67.0064,"mcpPosition":[64.5342,318.813,-2.94205],"pipPosition":[46.9548,298.845,-43.1355],"stabilizedTipPosition":[38.6465,251.812,-53.6789],"timeVisible":15.1302,"tipPosition":[41.8335,260.892,-29.5423],"tipVelocity":[33.6614,95.796,251.186],"tool":false,"touchDistance":0.333333,"touchZone":"none","type":2,"width":18.9972},{"bases":[[[0.890542,-0.388615,-0.236461],[0.436422,0.583221,0.68512],[-0.128339,-0.713325,0.688983]],[[0.895088,-0.358781,-0.264753],[0.190025,0.844081,-0.501415],[0.403371,0.398501,0.823704]],[[0.895088,-0.358781,-0.264753],[-0.320522,-0.10495,-0.941409],[0.309974,0.927503,-0.208936]],[[0.895088,-0.358781,-0.264753],[-0.436404,-0.583072,-0.685258],[0.0914878,0.728905,-0.678474]]],"btipPosition":[57.1874,252.784,-21.2598],"carpPosition":[77.467,265.219,40.2363],"dipPosition":[58.8967,266.403,-33.9364],"direction":[-0.309974,-0.927503,0.208936],"extended":false,"handId":685,"id":6853,"length":64.4285,"mcpPosition":[85.5061,309.901,-2.92155],"pipPosition":[67.4836,292.096,-39.7243],"stabilizedTipPosition":[54.4482,248.818,-48.2783],"timeVisible":15.1302,"tipPosition":[57.514,256.39,-25.05],"tipVelocity":[28.5666,83.6632,228.127],"tool":false,"touchDistance":0.333333,"touchZone":"none","type":3,"width":18.077},{"bases":[[[0.785269,-0.55955,-0.265059],[0.556557,0.45035,0.698162],[-0.271287,-0.695765,0.665067]],[[0.715097,-0.687463,-0.126609],[0.552689,0.666939,-0.499727],[0.427984,0.287378,0.85688]],[[0.715097,-0.687463,-0.126609],[-0.22587,-0.0558353,-0.972556],[0.661527,0.724069,-0.195205]],[[0.715097,-0.687463,-0.126609],[-0.547339,-0.438002,-0.713144],[0.434805,0.579265,-0.68949]]],"btipPosition":[67.3894,263.367,-19.6411],"carpPosition":[87.2253,257.331,33.519],"dipPosition":[74.8841,273.352,-31.5257],"direction":[-0.661527,-0.724069,0.195205],"extended":false,"handId":685,"id":6854,"length":50.5107,"mcpPosition":[102.956,297.675,-5.04507],"pipPosition":[87.8227,287.514,-35.3437],"stabilizedTipPosition":[66.1465,258.6,-45.2872],"timeVisible":15.1302,"tipPosition":[69.2236,265.947,-23.0212],"tipVelocity":[36.8874,71.2883,231.552],"tool":false,"touchDistance":0.333333,"touchZone":"none","type":4,"width":16.0574}],"r":[[0.966789,-0.224417,-0.122297],[0.252143,0.915685,0.312961],[0.041752,-0.333404,0.941859]],"s":0.785631,"t":[14.4728,-14.4202,-63.5383],"timestamp":523542563704},false],[1,{"currentFrameRate":110.517,"devices":[],"gestures":[],"hands":[{"armBasis":[[0.902642,-0.0101717,-0.430272],[0.225243,0.863048,0.452121],[0.366747,-0.505019,0.781315]],"armWidth":63.72,"confidence":0.463271,"direction":[0.0497087,0.829727,-0.555952],"elbow":[170.569,115.894,252.456],"grabStrength":0,"id":685,"palmNormal":[-0.229209,-0.532306,-0.814932],"palmPosition":[65.8309,296.035,9.20762],"palmVelocity":[71.5422,63.84,247.174],"palmWidth":90.99,"pinchStrength":0.840662,"r":[[0.965014,-0.229761,-0.126325],[0.258824,0.911794,0.318814],[0.0419317,-0.340356,0.939361]],"s":0.783457,"sphereCenter":[46.8958,291.178,-33.4472],"sphereRadius":45.5802,"stabilizedPalmPosition":[59.715,290.491,-15.1674],"t":[15.1145,-13.7851,-61.2946],"timeVisible":15.1392,"type":"right","wrist":[71.547,252.249,41.5015]}],"id":4259835,"interactionBox":{"center":[0,200,0],"size":[235.247,235.247,147.751]},"pointables":[{"bases":[[[0.605884,0.570438,0.554532],[-0.69924,0.0493974,0.713178],[0.379431,-0.819854,0.428802]],[[0.397365,0.856156,0.330299],[-0.779601,0.125089,0.613657],[0.48407,-0.501347,0.717166]],[[0.397365,0.856156,0.330299],[-0.913914,0.336727,0.226663],[0.0828385,-0.391933,0.916257]],[[0.397365,0.856156,0.330299],[-0.500073,0.503825,-0.704335],[-0.769434,0.114705,0.628343]]],"btipPosition":[32.208,284.153,-42.475],"carpPosition":[41.1885,248.448,39.2701],"dipPosition":[14.2005,286.838,-27.7695],"direction":[-0.0828385,0.391933,-0.916257],"extended":false,"handId":685,"id":6850,"length":52.1164,"mcpPosition":[41.1885,248.448,39.2701],"pipPosition":[17.0249,273.474,3.47084],"stabilizedTipPosition":[23.1622,274.547,-60.4984],"timeVisible":15.1392,"tipPosition":[27.626,284.988,-39.5893],"tipVelocity":[71.9208,103.478,257.439],"tool":false,"touchDistance":0.238323,"touchZone":"hovering","type":0,"width":20.25},{"bases":[[[0.966653,-0.0262414,-0.254742],[0.20973,0.651934,0.728694],[0.146953,-0.757821,0.635698]],[[0.961299,-0.00131402,-0.275502],[0.173428,0.779886,0.601416],[0.21407,-0.625921,0.749932]],[[0.961299,-0.00131402,-0.275502],[0.123939,0.895152,0.428185],[0.246054,-0.445759,0.860672]],[[0.961299,-0.00131402,-0.275502],[0.0828027,0.955134,0.284364],[0.262768,-0.296172,0.918278]]],"btipPosition":[23.5976,364.859,-67.5438],"carpPosition":[54.0426,266.381,47.9353],"dipPosition":[28.0871,359.799,-51.8544],"direction":[-0.246054,0.445759,-0.860672],"extended":true,"handId":685,"id":6851,"length":58.8075,"mcpPosition":[43.2313,322.133,1.16724],"pipPosition":[34.0344,349.024,-31.0516],"stabilizedTipPosition":[17.8995,350.987,-92.8488],"timeVisible":15.1392,"tipPosition":[24.9688,364.452,-63.4963],"tipVelocity":[92.8822,119.944,292.305],"tool":false,"touchDistance":0.363958,"touchZone":"hovering","type":1,"width":19.3428},{"bases":[[[0.927607,-0.239136,-0.286982],[0.373311,0.621317,0.688916],[0.0135615,-0.746177,0.66561]],[[0.927483,-0.233651,-0.291861],[0.0736529,0.879549,-0.470073],[0.366539,0.414489,0.832976]],[[0.927483,-0.233651,-0.291861],[-0.32351,-0.110275,-0.939777],[0.187395,0.966047,-0.177867]],[[0.927483,-0.233651,-0.291861],[-0.373506,-0.61335,-0.695914],[-0.0164116,0.75446,-0.656141]]],"btipPosition":[42.4537,258.049,-23.5016],"carpPosition":[66.0877,267.617,45.6983],"dipPosition":[42.1453,272.227,-35.8318],"direction":[-0.187395,-0.966047,0.177867],"extended":false,"handId":685,"id":6852,"length":67.0064,"mcpPosition":[65.1415,319.677,-0.739979],"pipPosition":[47.4742,299.698,-40.8897],"stabilizedTipPosition":[38.6519,251.825,-53.6392],"timeVisible":15.1392,"tipPosition":[42.2193,261.818,-27.2461],"tipVelocity":[36.3637,96.9215,253.735],"tool":false,"touchDistance":0.333333,"touchZone":"none","type":2,"width":18.9972},{"bases":[[[0.888694,-0.392489,-0.237015],[0.438872,0.57854,0.687519],[-0.132721,-0.715013,0.686398]],[[0.893413,-0.362651,-0.265136],[0.195103,0.844852,-0.498157],[0.404657,0.393331,0.825556]],[[0.893413,-0.362651,-0.265136],[-0.320129,-0.0998902,-0.942093],[0.315167,0.926556,-0.205338]],[[0.893413,-0.362651,-0.265136],[-0.43885,-0.578371,-0.687676],[0.0960397,0.730733,-0.675874]]],"btipPosition":[57.461,253.759,-19.3009],"carpPosition":[77.7525,265.865,42.2642],"dipPosition":[59.2554,267.413,-31.929],"direction":[-0.315167,-0.926556,0.205338],"extended":false,"handId":685,"id":6853,"length":64.4285,"mcpPosition":[86.0661,310.654,-0.731732],"pipPosition":[67.9862,293.08,-37.6172],"stabilizedTipPosition":[54.4532,248.83,-48.2399],"timeVisible":15.1392,"tipPosition":[57.8122,257.366,-23.061],"tipVelocity":[29.656,90.6599,225.493],"tool":false,"touchDistance":0.333333,"touchZone":"none","type":3,"width":18.077},{"bases":[[[0.782547,-0.562766,-0.266297],[0.558292,0.444993,0.700207],[-0.275552,-0.696617,0.662416]],[[0.711593,-0.690763,-0.128379],[0.556622,0.665761,-0.496925],[0.428727,0.28215,0.858245]],[[0.711593,-0.690763,-0.128379],[-0.225382,-0.0513607,-0.972916],[0.665461,0.721254,-0.192233]],[[0.711593,-0.690763,-0.128379],[-0.549078,-0.432749,-0.715012],[0.438348,0.579287,-0.687224]]],"btipPosition":[67.7223,264.275,-17.6235],"carpPosition":[87.4752,257.95,35.5283],"dipPosition":[75.2781,274.26,-29.4691],"direction":[-0.665461,-0.721254,0.192233],"extended":false,"handId":685,"id":6854,"length":50.5107,"mcpPosition":[103.453,298.343,-2.88208],"pipPosition":[88.2937,288.367,-33.2289],"stabilizedTipPosition":[66.1524,258.614,-45.2433],"timeVisible":15.1392,"tipPosition":[69.5706,266.853,-20.9889],"tipVelocity":[37.3291,79.377,229.702],"tool":false,"touchDistance":0.333333,"touchZone":"none","type":4,"width":16.0574}],"r":[[0.965014,-0.229761,-0.126325],[0.258824,0.911794,0.318814],[0.0419317,-0.340356,0.939361]],"s":0.783457,"t":[15.1145,-13.7851,-61.2946],"timestamp":523542572718},false],[2,{"currentFrameRate":110.508,"devices":[],"gestures":[],"hands":[{"armBasis":[[0.902782,-0.0170733,-0.42976],[0.234246,0.857532,0.458004],[0.360713,-0.514147,0.778164]],"armWidth":63.72,"confidence":0.470827,"direction":[0.053316,0.827692,-0.558644],"elbow":[169.833,113.554,254.727],"grabStrength":0,"id":685,"palmNormal":[-0.2367,-0.533021,-0.812319],"palmPosition":[66.9021,296.105,12.2234],"palmVelocity":[84.4228,48.3297,270.796],"palmWidth":90.99,"pinchStrength":0.844582,"r":[[0.963103,-0.235493,-0.130287],[0.265776,0.908424,0.322689],[0.0423653,-0.34541,0.937495]],"s":0.781458,"sphereCenter":[47.7236,291.255,-30.2911],"sphereRadius":45.5544,"stabilizedPalmPosition":[59.7394,290.51,-15.0744],"t":[15.9709,-13.4327,-58.6648],"timeVisible":15.1483,"type":"right","wrist":[72.4406,252.374,44.6226]}],"id":4259836,"interactionBox":{"center":[0,200,0],"size":[235.247,235.247,147.751]},"pointables":[{"bases":[[[0.612488,0.567621,0.55015],[-0.695697,0.0566298,0.716099],[0.375318,-0.82134,0.429577]],[[0.404369,0.854809,0.325249],[-0.776653,0.133127,0.6157],[0.483007,-0.501576,0.717723]],[[0.404369,0.854809,0.325249],[-0.911148,0.345659,0.224344],[0.0793455,-0.387068,0.918631]],[[0.404369,0.854809,0.325249],[-0.487607,0.502358,-0.714056],[-0.773773,0.130148,0.619949]]],"btipPosition":[33.3387,283.978,-39.1211],"carpPosition":[42.0455,248.789,42.5362],"dipPosition":[15.2297,287.024,-24.6121],"direction":[-0.0793455,0.387068,-0.918631],"extended":false,"handId":685,"id":6850,"length":52.1164,"mcpPosition":[42.0455,248.789,42.5362],"pipPosition":[17.935,273.827,6.70921],"stabilizedTipPosition":[23.2582,274.709,-60.1037],"timeVisible":15.1483,"tipPosition":[28.6567,284.982,-36.2527],"tipVelocity":[85.8007,72.0886,287.153],"tool":false,"touchDistance":0.293467,"touchZone":"hovering","type":0,"width":20.25},{"bases":[[[0.965298,-0.0340778,-0.258916],[0.217716,0.652533,0.72581],[0.144217,-0.756994,0.637308]],[[0.959983,-0.00894509,-0.279917],[0.181349,0.781499,0.596968],[0.213415,-0.623842,0.751848]],[[0.959983,-0.00894509,-0.279917],[0.131582,0.896709,0.42261],[0.247224,-0.44253,0.862002]],[[0.959983,-0.00894509,-0.279917],[0.0899967,0.956331,0.278085],[0.265206,-0.292149,0.918866]]],"btipPosition":[24.7831,364.833,-64.631],"carpPosition":[55.0687,266.652,51.0911],"dipPosition":[29.3143,359.842,-48.9316],"direction":[-0.247224,0.44253,-0.862002],"extended":true,"handId":685,"id":6851,"length":58.8075,"mcpPosition":[44.4587,322.344,4.20455],"pipPosition":[35.2898,349.146,-28.0966],"stabilizedTipPosition":[17.9915,351.134,-92.4794],"timeVisible":15.1483,"tipPosition":[26.1672,364.451,-60.5826],"tipVelocity":[103.645,86.5182,300.392],"tool":false,"touchDistance":0.404622,"touchZone":"hovering","type":1,"width":19.3428},{"bases":[[[0.924554,-0.246775,-0.290347],[0.38089,0.6206,0.685404],[0.0110483,-0.744283,0.667772]],[[0.92445,-0.241376,-0.295177],[0.076352,0.87563,-0.476909],[0.373581,0.418342,0.827906]],[[0.92445,-0.241376,-0.295177],[-0.32949,-0.11607,-0.936997],[0.191908,0.963465,-0.186832]],[[0.92445,-0.241376,-0.295177],[-0.380991,-0.616031,-0.689457],[-0.0154196,0.749829,-0.661452]]],"btipPosition":[43.1675,258.069,-19.9543],"carpPosition":[67.1125,267.794,48.7974],"dipPosition":[42.8777,272.159,-32.3843],"direction":[-0.191908,-0.963465,0.186832],"extended":false,"handId":685,"id":6852,"length":67.0064,"mcpPosition":[66.3417,319.721,2.20823],"pipPosition":[48.3349,299.557,-37.6972],"stabilizedTipPosition":[38.6571,251.836,-53.6031],"timeVisible":15.1483,"tipPosition":[42.9315,261.825,-23.7517],"tipVelocity":[48.2004,70.126,291.045],"tool":false,"touchDistance":0.333333,"touchZone":"none","type":2,"width":18.9972},{"bases":[[[0.884742,-0.39969,-0.239751],[0.44613,0.57734,0.683846],[-0.134908,-0.711987,0.689111]],[[0.889531,-0.370144,-0.26782],[0.198341,0.840941,-0.503467],[0.411576,0.39473,0.821458]],[[0.889531,-0.370144,-0.26782],[-0.325758,-0.102833,-0.939844],[0.320337,0.923265,-0.212051]],[[0.889531,-0.370144,-0.26782],[-0.446313,-0.5787,-0.682577],[0.0976641,0.726705,-0.679972]]],"btipPosition":[58.1117,253.755,-15.9723],"carpPosition":[78.7488,265.947,45.3172],"dipPosition":[59.9365,267.333,-28.6769],"direction":[-0.320337,-0.923265,0.212051],"extended":false,"handId":685,"id":6853,"length":64.4285,"mcpPosition":[87.1995,310.545,2.15133],"pipPosition":[68.8104,292.909,-34.5511],"stabilizedTipPosition":[54.458,248.839,-48.2054],"timeVisible":15.1483,"tipPosition":[58.4689,257.339,-19.7575],"tipVelocity":[41.5065,64.9507,264.105],"tool":false,"touchDistance":0.333333,"touchZone":"none","type":3,"width":18.077},{"bases":[[[0.777224,-0.569271,-0.268056],[0.564625,0.44296,0.696408],[-0.277707,-0.692616,0.665704]],[[0.706014,-0.696247,-0.129556],[0.559022,0.660205,-0.501621],[0.434786,0.281727,0.855331]],[[0.706014,-0.696247,-0.129556],[-0.230452,-0.0528836,-0.971646],[0.669654,0.715852,-0.197788]],[[0.706014,-0.696247,-0.129556],[-0.555598,-0.431099,-0.71096],[0.439152,0.573929,-0.691195]]],"btipPosition":[68.4454,264.246,-14.5001],"carpPosition":[88.3834,257.94,38.5622],"dipPosition":[76.015,274.139,-26.4141],"direction":[-0.669654,-0.715852,0.197788],"extended":false,"handId":685,"id":6854,"length":50.5107,"mcpPosition":[104.486,298.102,-0.038728],"pipPosition":[89.1127,288.14,-30.2826],"stabilizedTipPosition":[66.158,258.625,-45.2045],"timeVisible":15.1483,"tipPosition":[70.2934,266.797,-17.8771],"tipVelocity":[49.151,55.9241,260.954],"tool":false,"touchDistance":0.333333,"touchZone":"none","type":4,"width":16.0574}],"r":[[0.963103,-0.235493,-0.130287],[0.265776,0.908424,0.322689],[0.0423653,-0.34541,0.937495]],"s":0.781458,"t":[15.9709,-13.4327,-58.6648],"timestamp":523542581783},false],[3,{"currentFrameRate":110.154,"devices":[],"gestures":[],"hands":[{"armBasis":[[0.950928,-0.0237173,-0.308502],[0.207059,0.789674,0.57753],[0.229919,-0.613067,0.755834]],"armWidth":63.72,"confidence":0.67383,"direction":[0.0274812,0.739178,-0.672949],"elbow":[132.703,70.6812,263.185],"grabStrength":0,"id":685,"palmNormal":[-0.20573,-0.654609,-0.727435],"palmPosition":[63.763,274.505,20.65],"palmVelocity":[-50.9453,47.8641,-303.479],"palmWidth":90.99,"pinchStrength":0.635513,"r":[[0.957959,-0.261254,-0.118583],[0.281677,0.934959,0.215662],[0.0545278,-0.239997,0.969241]],"s":0.83369,"sphereCenter":[49.9433,262.06,-22.1933],"sphereRadius":46.9229,"stabilizedPalmPosition":[68.9979,284.659,35.8098],"t":[14.093,-35.1946,-44.9648],"timeVisible":16.0611,"type":"right","wrist":[70.6246,236.209,59.1097]}],"id":4259935,"interactionBox":{"center":[0,200,0],"size":[235.247,235.247,147.751]},"pointables":[{"bases":[[[0.583008,0.665983,0.465369],[-0.705987,0.131784,0.695856],[0.4021,-0.734234,0.547007]],[[0.424971,0.864818,0.267376],[-0.726314,0.149485,0.670911],[0.540247,-0.479316,0.691657]],[[0.424971,0.864818,0.267376],[-0.904262,0.392095,0.169031],[0.0413449,-0.313611,0.948651]],[[0.424971,0.864818,0.267376],[-0.563051,0.483824,-0.669991],[-0.708783,0.134181,0.692547]]],"btipPosition":[28.6319,262.606,-25.7001],"carpPosition":[40.4214,231.127,57.3786],"dipPosition":[12.0439,265.746,-9.49201],"direction":[-0.0413449,0.313611,-0.948651],"extended":false,"handId":685,"id":6850,"length":52.1164,"mcpPosition":[40.4214,231.127,57.3786],"pipPosition":[13.4536,255.053,22.8528],"stabilizedTipPosition":[35.0793,276.046,8.51118],"timeVisible":16.0611,"tipPosition":[25.4349,263.002,-21.1859],"tipVelocity":[-50.8855,21.41,-339.455],"tool":false,"touchDistance":-0.700647,"touchZone":"hovering","type":0,"width":20.25},{"bases":[[[0.96895,-0.0320782,-0.245168],[0.183109,0.759406,0.624318],[0.166155,-0.649825,0.741701]],[[0.978637,-0.0804102,-0.189219],[0.175613,0.805512,0.56596],[0.106909,-0.587099,0.802425]],[[0.978637,-0.0804102,-0.189219],[0.148802,0.912108,0.381991],[0.141872,-0.401987,0.904588]],[[0.978637,-0.0804102,-0.189219],[0.123017,0.966435,0.225545],[0.164732,-0.244004,0.955681]]],"btipPosition":[29.5672,337.474,-63.9132],"carpPosition":[52.6279,250.558,63.3202],"dipPosition":[32.3817,333.305,-47.5848],"direction":[-0.141872,0.401987,-0.904588],"extended":true,"handId":685,"id":6851,"length":58.8075,"mcpPosition":[40.4039,298.366,8.75354],"pipPosition":[35.8108,323.589,-25.7206],"stabilizedTipPosition":[45.7921,353.807,-7.04949],"timeVisible":16.0611,"tipPosition":[29.5755,336.191,-60.1947],"tipVelocity":[-59.5046,-0.69561,-338.627],"tool":false,"touchDistance":-0.719895,"touchZone":"hovering","type":1,"width":19.3428},{"bases":[[[0.936982,-0.248564,-0.245522],[0.347889,0.728599,0.590014],[0.032231,-0.638247,0.769157]],[[0.936629,-0.242418,-0.252903],[0.0250744,0.766452,-0.641812],[0.349425,0.594798,0.723959]],[[0.936629,-0.242418,-0.252903],[-0.312271,-0.250515,-0.916367],[0.158788,0.93727,-0.31034]],[[0.936629,-0.242418,-0.252903],[-0.349949,-0.680837,-0.643426],[-0.016208,0.691154,-0.722526]]],"btipPosition":[41.3424,228.062,-5.19535],"carpPosition":[64.6443,251.843,60.9597],"dipPosition":[41.0378,241.05,-18.7731],"direction":[-0.158788,-0.93727,0.31034],"extended":false,"handId":685,"id":6852,"length":67.0064,"mcpPosition":[62.3956,296.372,7.29711],"pipPosition":[45.5532,267.703,-27.598],"stabilizedTipPosition":[45.218,247.259,9.34578],"timeVisible":16.0611,"tipPosition":[41.4567,231.195,-7.75228],"tipVelocity":[-5.83625,19.9367,-307.089],"tool":false,"touchDistance":0.333333,"touchZone":"none","type":2,"width":18.9972},{"bases":[[[0.902603,-0.393991,-0.173433],[0.414793,0.688262,0.595183],[-0.11513,-0.609153,0.784652]],[[0.906236,-0.371246,-0.202267],[0.154041,0.735498,-0.659784],[0.393709,0.566762,0.723722]],[[0.906236,-0.371246,-0.202267],[-0.301224,-0.231295,-0.925077],[0.296647,0.899266,-0.321436]],[[0.906236,-0.371246,-0.202267],[-0.407778,-0.641284,-0.649978],[0.111591,0.671514,-0.732541]]],"btipPosition":[55.7038,225.361,-1.03656],"carpPosition":[76.3855,249.984,57.8584],"dipPosition":[57.7887,237.907,-14.7234],"direction":[-0.296647,-0.899266,0.321436],"extended":false,"handId":685,"id":6853,"length":64.4285,"mcpPosition":[83.5972,288.142,8.70783],"pipPosition":[66.0065,262.819,-23.6278],"stabilizedTipPosition":[59.512,243.132,7.79387],"timeVisible":16.0611,"tipPosition":[56.3545,228.232,-3.31907],"tipVelocity":[-3.63446,34.9605,-302.043],"tool":false,"touchDistance":0.333333,"touchZone":"none","type":3,"width":18.077},{"bases":[[[0.802185,-0.570114,-0.177394],[0.538319,0.562064,0.627931],[-0.258286,-0.599211,0.757783]],[[0.746213,-0.664169,-0.045221],[0.489044,0.593008,-0.63967],[0.451666,0.455215,0.767318]],[[0.746213,-0.664169,-0.045221],[-0.221458,-0.183607,-0.957729],[0.627791,0.724685,-0.284096]],[[0.746213,-0.664169,-0.045221],[-0.502054,-0.516862,-0.693394],[0.437158,0.540124,-0.719138]]],"btipPosition":[65.6005,236.645,-0.717367],"carpPosition":[86.4084,241.479,52.4024],"dipPosition":[73.1357,245.955,-13.113],"direction":[-0.627791,-0.724685,0.284096],"extended":false,"handId":685,"id":6854,"length":50.5107,"mcpPosition":[101.385,276.225,8.46219],"pipPosition":[85.4146,260.129,-18.6696],"stabilizedTipPosition":[72.0106,251.579,13.8969],"timeVisible":16.0611,"tipPosition":[67.4176,238.727,-2.86175],"tipVelocity":[-11.0758,44.8147,-298.744],"tool":false,"touchDistance":0.333333,"touchZone":"none","type":4,"width":16.0574}],"r":[[0.957959,-0.261254,-0.118583],[0.281677,0.934959,0.215662],[0.0545278,-0.239997,0.969241]],"s":0.83369,"t":[14.093,-35.1946,-44.9648],"timestamp":523543494651},false],[4,{"currentFrameRate":110.171,"devices":[],"gestures":[],"hands":[{"armBasis":[[0.9504,-0.0147922,-0.310678],[0.199938,0.794202,0.573819],[0.238253,-0.607474,0.757767]],"armWidth":63.72,"confidence":0.703482,"direction":[0.0236623,0.736118,-0.67644],"elbow":[134.558,72.9852,260.996],"grabStrength":0,"id":685,"palmNormal":[-0.199252,-0.659581,-0.724742],"palmPosition":[63.1791,275.062,17.7389],"palmVelocity":[-54.6983,51.6531,-308.537],"palmWidth":90.99,"pinchStrength":0.635555,"r":[[0.960134,-0.254952,-0.114639],[0.27443,0.937733,0.212946],[0.05321,-0.235917,0.970315]],"s":0.834714,"sphereCenter":[49.669,262.28,-25.1138],"sphereRadius":46.9305,"stabilizedPalmPosition":[68.9978,284.659,35.8096],"t":[13.5987,-34.6587,-47.7422],"timeVisible":16.0702,"type":"right","wrist":[70.2298,237.003,56.3984]}],"id":4259936,"interactionBox":{"center":[0,200,0],"size":[235.247,235.247,147.751]},"pointables":[{"bases":[[[0.577047,0.672451,0.463493],[-0.708553,0.129966,0.693586],[0.406164,-0.728641,0.551464]],[[0.417871,0.869304,0.263996],[-0.729931,0.14824,0.667253],[0.540911,-0.471524,0.696477]],[[0.417871,0.869304,0.263996],[-0.907454,0.385398,0.167318],[0.0437073,-0.309482,0.9499]],[[0.417871,0.869304,0.263996],[-0.566719,0.476533,-0.67212],[-0.71008,0.131248,0.691781]]],"btipPosition":[28.1959,262.709,-28.7217],"carpPosition":[40.0686,231.692,54.6224],"dipPosition":[11.5774,265.781,-12.5315],"direction":[-0.0437073,0.309482,-0.9499],"extended":false,"handId":685,"id":6850,"length":52.1164,"mcpPosition":[40.0686,231.692,54.6224],"pipPosition":[13.0677,255.229,19.8559],"stabilizedTipPosition":[35.0791,276.046,8.51063],"timeVisible":16.0702,"tipPosition":[24.9785,263.106,-24.215],"tipVelocity":[-50.3597,18.1883,-338.082],"tool":false,"touchDistance":-0.704301,"touchZone":"hovering","type":0,"width":20.25},{"bases":[[[0.969728,-0.0261784,-0.24278],[0.176107,0.763714,0.62107],[0.169156,-0.645024,0.745205]],[[0.979707,-0.0746373,-0.186021],[0.168553,0.809012,0.563107],[0.108465,-0.583034,0.805175]],[[0.979707,-0.0746373,-0.186021],[0.141668,0.914391,0.379234],[0.141791,-0.397892,0.906409]],[[0.979707,-0.0746373,-0.186021],[0.116075,0.967887,0.222982],[0.163405,-0.240049,0.956909]]],"btipPosition":[28.7955,337.462,-67.1761],"carpPosition":[52.1192,251.24,60.4982],"dipPosition":[31.5874,333.36,-50.8268],"direction":[-0.141791,0.397892,-0.906409],"extended":true,"handId":685,"id":6851,"length":58.8075,"mcpPosition":[39.6744,298.694,5.67377],"pipPosition":[35.0145,323.743,-28.9185],"stabilizedTipPosition":[45.7902,353.805,-7.05585],"timeVisible":16.0702,"tipPosition":[28.8052,336.174,-63.4611],"tipVelocity":[-66.7787,-0.41275,-344.569],"tool":false,"touchDistance":-0.725111,"touchZone":"hovering","type":1,"width":19.3428},{"bases":[[[0.93934,-0.242891,-0.242165],[0.341187,0.733947,0.587294],[0.0350874,-0.634292,0.772297]],[[0.938958,-0.236761,-0.249603],[0.0214156,0.764342,-0.644456],[0.343364,0.599771,0.722755]],[[0.938958,-0.236761,-0.249603],[-0.308007,-0.255308,-0.916488],[0.153263,0.937423,-0.312647]],[[0.938958,-0.236761,-0.249603],[-0.343509,-0.685166,-0.6423],[-0.0189479,0.688834,-0.724672]]],"btipPosition":[41.131,228.344,-8.05094],"carpPosition":[64.1314,252.601,58.1592],"dipPosition":[40.7749,241.289,-21.669],"direction":[-0.153263,-0.937423,0.312647],"extended":false,"handId":685,"id":6852,"length":67.0064,"mcpPosition":[61.6834,296.855,4.27756],"pipPosition":[45.1331,267.945,-30.5595],"stabilizedTipPosition":[45.218,247.259,9.34577],"timeVisible":16.0702,"tipPosition":[41.2313,231.458,-10.6034],"tipVelocity":[-11.0338,22.7256,-309.739],"tool":false,"touchDistance":0.333333,"touchZone":"none","type":2,"width":18.9972},{"bases":[[[0.905855,-0.388217,-0.169454],[0.408372,0.694124,0.592811],[-0.112517,-0.606201,0.787312]],[[0.909395,-0.365537,-0.19845],[0.150154,0.733465,-0.662935],[0.387883,0.573072,0.721896]],[[0.909395,-0.365537,-0.19845],[-0.297386,-0.237852,-0.924656],[0.290795,0.899894,-0.325007]],[[0.909395,-0.365537,-0.19845],[-0.401568,-0.647302,-0.647876],[0.108366,0.668866,-0.735442]]],"btipPosition":[55.5304,225.755,-3.73297],"carpPosition":[75.8931,250.813,55.094],"dipPosition":[57.5551,238.252,-17.474],"direction":[-0.290795,-0.899894,0.325007],"extended":false,"handId":685,"id":6853,"length":64.4285,"mcpPosition":[82.9412,288.786,5.77672],"pipPosition":[65.6107,263.181,-26.4773],"stabilizedTipPosition":[59.512,243.132,7.79386],"timeVisible":16.0702,"tipPosition":[56.1631,228.621,-6.03496],"tipVelocity":[-8.34116,36.9953,-301.33],"tool":false,"touchDistance":0.333333,"touchZone":"none","type":3,"width":18.077},{"bases":[[[0.806733,-0.565086,-0.172797],[0.532738,0.56899,0.626451],[-0.255679,-0.597434,0.760066]],[[0.750847,-0.659281,-0.0397158],[0.488555,0.594862,-0.638321],[0.444458,0.459877,0.768745]],[[0.750847,-0.659281,-0.0397158],[-0.214968,-0.187081,-0.958535],[0.624514,0.728251,-0.282193]],[[0.750847,-0.659281,-0.0397158],[-0.495308,-0.522281,-0.694185],[0.43692,0.540898,-0.7187]]],"btipPosition":[65.3544,237.17,-3.64531],"carpPosition":[85.9904,242.356,49.702],"dipPosition":[72.8855,246.494,-16.0334],"direction":[-0.624514,-0.728251,0.282193],"extended":false,"handId":685,"id":6854,"length":50.5107,"mcpPosition":[100.816,276.998,5.62946],"pipPosition":[85.1003,260.737,-21.5528],"stabilizedTipPosition":[72.0106,251.579,13.8969],"timeVisible":16.0702,"tipPosition":[67.1585,239.242,-5.75942],"tipVelocity":[-15.5526,48.569,-305.566],"tool":false,"touchDistance":0.333333,"touchZone":"none","type":4,"width":16.0574}],"r":[[0.960134,-0.254952,-0.114639],[0.27443,0.937733,0.212946],[0.05321,-0.235917,0.970315]],"s":0.834714,"t":[13.5987,-34.6587,-47.7422],"timestamp":523543503697},false],[5,{"currentFrameRate":110.168,"devices":[],"gestures":[],"hands":[{"armBasis":[[0.94585,-0.0128224,-0.324351],[0.202759,0.803646,0.559501],[0.25349,-0.594969,0.762728]],"armWidth":63.72,"confidence":0.659914,"direction":[0.0244347,0.735166,-0.677447],"elbow":[138.134,77.2547,258.995],"grabStrength":0,"id":685,"palmNormal":[-0.202271,-0.659998,-0.723526],"palmPosition":[62.6743,275.924,14.361],"palmVelocity":[-54.9413,63.6024,-326.068],"palmWidth":90.99,"pinchStrength":0.636121,"r":[[0.961661,-0.250431,-0.111767],[0.269197,0.93982,0.210406],[0.0523489,-0.232426,0.971204]],"s":0.835622,"sphereCenter":[49.1667,263.115,-28.4737],"sphereRadius":46.9439,"stabilizedPalmPosition":[68.9977,284.659,35.8092],"t":[13.0991,-33.96,-50.8198],"timeVisible":16.0793,"type":"right","wrist":[69.6915,237.896,53.0582]}],"id":4259937,"interactionBox":{"center":[0,200,0],"size":[235.247,235.247,147.751]},"pointables":[{"bases":[[[0.579642,0.671521,0.461601],[-0.706991,0.132758,0.694651],[0.405191,-0.728996,0.551711]],[[0.420477,0.868672,0.26193],[-0.729098,0.15168,0.66739],[0.540014,-0.471595,0.697125]],[[0.420477,0.868672,0.26193],[-0.906134,0.387408,0.169811],[0.0460364,-0.308745,0.95003]],[[0.420477,0.868672,0.26193],[-0.56764,0.477076,-0.670956],[-0.707802,0.13344,0.693693]]],"btipPosition":[27.5525,263.608,-32.0838],"carpPosition":[39.5132,232.663,51.3418],"dipPosition":[10.9874,266.731,-15.8489],"direction":[-0.0460364,0.308745,-0.95003],"extended":false,"handId":685,"id":6850,"length":52.1164,"mcpPosition":[39.5132,232.663,51.3418],"pipPosition":[12.5571,256.204,16.543],"stabilizedTipPosition":[35.0789,276.046,8.51008],"timeVisible":16.0793,"tipPosition":[24.3347,264.026,-27.5725],"tipVelocity":[-55.6506,40.8868,-346.644],"tool":false,"touchDistance":-0.712481,"touchZone":"hovering","type":0,"width":20.25},{"bases":[[[0.969229,-0.0290751,-0.244439],[0.179222,0.764056,0.619757],[0.168745,-0.644495,0.745756]],[[0.979289,-0.0782368,-0.18674],[0.171927,0.808444,0.562903],[0.106929,-0.58335,0.805151]],[[0.979289,-0.0782368,-0.18674],[0.145506,0.913296,0.380419],[0.140786,-0.399712,0.905765]],[[0.979289,-0.0782368,-0.18674],[0.120209,0.96684,0.225322],[0.162919,-0.243103,0.956221]]],"btipPosition":[28.4311,338.479,-70.5156],"carpPosition":[51.626,252.187,57.1709],"dipPosition":[31.2147,334.326,-54.178],"direction":[-0.140786,0.399712,-0.905765],"extended":true,"handId":685,"id":6851,"length":58.8075,"mcpPosition":[39.2114,299.602,2.30591],"pipPosition":[34.6175,324.665,-32.2853],"stabilizedTipPosition":[45.7887,353.804,-7.06123],"timeVisible":16.0793,"tipPosition":[28.4365,337.143,-66.8189],"tipVelocity":[-59.4598,30.3429,-351.042],"tool":false,"touchDistance":-0.731066,"touchZone":"hovering","type":1,"width":19.3428},{"bases":[[[0.938266,-0.245705,-0.243485],[0.344163,0.733805,0.585732],[0.034753,-0.633371,0.773068]],[[0.937886,-0.239565,-0.250954],[0.0226848,0.764125,-0.644669],[0.3462,0.598934,0.722097]],[[0.937886,-0.239565,-0.250954],[-0.310041,-0.254108,-0.916135],[0.155705,0.937037,-0.3126]],[[0.937886,-0.239565,-0.250954],[-0.346482,-0.684004,-0.641941],[-0.0178666,0.689019,-0.724523]]],"btipPosition":[40.4341,229.24,-11.4272],"carpPosition":[63.6377,253.513,54.8091],"dipPosition":[40.0983,242.188,-25.0425],"direction":[-0.155705,-0.937037,0.3126],"extended":false,"handId":685,"id":6852,"length":67.0064,"mcpPosition":[61.213,297.702,0.873699],"pipPosition":[44.526,268.833,-33.9317],"stabilizedTipPosition":[45.218,247.259,9.34575],"timeVisible":16.0793,"tipPosition":[40.5401,232.344,-13.9702],"tipVelocity":[-29.07,43.7446,-326.869],"tool":false,"touchDistance":0.333333,"touchZone":"none","type":2,"width":18.9972},{"bases":[[[0.904522,-0.390847,-0.170525],[0.411251,0.693811,0.591184],[-0.11275,-0.604868,0.788304]],[[0.908086,-0.368105,-0.199694],[0.150692,0.732121,-0.664297],[0.390731,0.573147,0.7203]],[[0.908086,-0.368105,-0.199694],[-0.299769,-0.238379,-0.92375],[0.292434,0.898707,-0.326815]],[[0.908086,-0.368105,-0.199694],[-0.404437,-0.647112,-0.646279],[0.108674,0.667641,-0.736509]]],"btipPosition":[54.8626,226.601,-7.02198],"carpPosition":[75.3891,251.69,51.7257],"dipPosition":[56.8931,239.075,-20.7829],"direction":[-0.292434,-0.898707,0.326815],"extended":false,"handId":685,"id":6853,"length":64.4285,"mcpPosition":[82.4518,289.579,2.34635],"pipPosition":[64.9941,263.971,-29.8363],"stabilizedTipPosition":[59.512,243.132,7.79385],"timeVisible":16.0793,"tipPosition":[55.4934,229.466,-9.34745],"tipVelocity":[-26.3376,52.3574,-318.288],"tool":false,"touchDistance":0.333333,"touchZone":"none","type":3,"width":18.077},{"bases":[[[0.804925,-0.567456,-0.173462],[0.535343,0.568392,0.624771],[-0.255935,-0.595756,0.761296]],[[0.748964,-0.661399,-0.040045],[0.489412,0.592923,-0.639467],[0.446687,0.459339,0.767775]],[[0.748964,-0.661399,-0.040045],[-0.216625,-0.187294,-0.95812],[0.6262,0.726272,-0.283553]],[[0.748964,-0.661399,-0.040045],[-0.497651,-0.521576,-0.693038],[0.437488,0.538989,-0.719788]]],"btipPosition":[64.7118,238.006,-7.01175],"carpPosition":[85.4545,243.199,46.3273],"dipPosition":[72.2527,247.297,-19.4186],"direction":[-0.6262,-0.726272,0.283553],"extended":false,"handId":685,"id":6854,"length":50.5107,"mcpPosition":[100.295,277.744,2.18337],"pipPosition":[84.5005,261.502,-24.9645],"stabilizedTipPosition":[72.0106,251.579,13.8968],"timeVisible":16.0793,"tipPosition":[66.5165,240.07,-9.13913],"tipVelocity":[-30.7577,60.369,-323.702],"tool":false,"touchDistance":0.333333,"touchZone":"none","type":4,"width":16.0574}],"r":[[0.961661,-0.250431,-0.111767],[0.269197,0.93982,0.210406],[0.0523489,-0.232426,0.971204]],"s":0.835622,"t":[13.0991,-33.96,-50.8198],"timestamp":523543512780},false],[6,{"currentFrameRate":110.224,"devices":[],"gestures":[],"hands":[{"armBasis":[[0.946753,-0.0130925,-0.321694],[0.200775,0.805105,0.558118],[0.251691,-0.592988,0.764864]],"armWidth":63.72,"confidence":0.662981,"direction":[0.0202055,0.735622,-0.677091],"elbow":[137.563,78.3093,257.488],"grabStrength":0,"id":685,"palmNormal":[-0.20122,-0.66038,-0.72347],"palmPosition":[62.3627,276.437,12.3129],"palmVelocity":[-49.4038,61.8467,-299.278],"palmWidth":90.99,"pinchStrength":0.638913,"r":[[0.963007,-0.246046,-0.109903],[0.264367,0.941647,0.208352],[0.0522253,-0.229699,0.97186]],"s":0.835922,"sphereCenter":[48.9588,263.575,-30.5477],"sphereRadius":46.9298,"stabilizedPalmPosition":[68.9976,284.659,35.8088],"t":[12.6935,-33.3541,-53.3827],"timeVisible":16.0882,"type":"right","wrist":[69.6061,238.416,50.9746]}],"id":4259938,"interactionBox":{"center":[0,200,0],"size":[235.247,235.247,147.751]},"pointables":[{"bases":[[[0.578002,0.673499,0.460775],[-0.706062,0.129657,0.696179],[0.409133,-0.727728,0.550474]],[[0.4169,0.870781,0.260644],[-0.729535,0.149508,0.667403],[0.542193,-0.468389,0.697595]],[[0.4169,0.870781,0.260644],[-0.907542,0.382804,0.172711],[0.0506178,-0.308548,0.949861]],[[0.4169,0.870781,0.260644],[-0.570362,0.473887,-0.670908],[-0.70773,0.13104,0.694224]]],"btipPosition":[27.2174,263.902,-34.1382],"carpPosition":[39.4448,233.067,49.3175],"dipPosition":[10.654,266.968,-17.8908],"direction":[-0.0506178,0.308548,-0.949861],"extended":false,"handId":685,"id":6850,"length":52.1164,"mcpPosition":[39.4448,233.067,49.3175],"pipPosition":[12.3798,256.448,14.4953],"stabilizedTipPosition":[35.0788,276.046,8.50955],"timeVisible":16.0882,"tipPosition":[23.9669,264.366,-29.6334],"tipVelocity":[-50.6264,38.2571,-314.323],"tool":false,"touchDistance":-0.700339,"touchZone":"hovering","type":0,"width":20.25},{"bases":[[[0.968827,-0.0252083,-0.246451],[0.177556,0.764404,0.619806],[0.172764,-0.644244,0.745052]],[[0.979284,-0.074939,-0.188114],[0.170111,0.808399,0.563519],[0.109842,-0.583845,0.8044]],[[0.979284,-0.074939,-0.188114],[0.143326,0.91277,0.382503],[0.143041,-0.401541,0.904602]],[[0.979284,-0.074939,-0.188114],[0.117868,0.966351,0.228632],[0.164651,-0.246068,0.955165]]],"btipPosition":[27.7944,339.025,-72.4239],"carpPosition":[51.4942,252.635,55.1324],"dipPosition":[30.6076,334.82,-56.1044],"direction":[-0.143041,0.401541,-0.904602],"extended":true,"handId":685,"id":6851,"length":58.8075,"mcpPosition":[38.784,300.032,0.319197],"pipPosition":[34.065,325.115,-34.2398],"stabilizedTipPosition":[45.7874,353.802,-7.06603],"timeVisible":16.0882,"tipPosition":[27.8113,337.655,-68.7382],"tipVelocity":[-62.3995,38.3197,-313.272],"tool":false,"touchDistance":-0.71498,"touchZone":"hovering","type":1,"width":19.3428},{"bases":[[[0.938702,-0.241957,-0.245553],[0.342542,0.734808,0.585425],[0.0387868,-0.633651,0.772646]],[[0.938281,-0.235798,-0.253037],[0.0187221,0.765141,-0.643591],[0.345366,0.599131,0.722332]],[[0.938281,-0.235798,-0.253037],[-0.310745,-0.253459,-0.916076],[0.151875,0.938167,-0.311089]],[[0.938281,-0.235798,-0.253037],[-0.3452,-0.68406,-0.642572],[-0.0215754,0.690261,-0.723239]]],"btipPosition":[40.2296,229.689,-13.5387],"carpPosition":[63.4958,254.008,52.7466],"dipPosition":[39.8242,242.661,-27.1298],"direction":[-0.151875,-0.938167,0.311089],"extended":false,"handId":685,"id":6852,"length":67.0064,"mcpPosition":[60.7897,298.217,-1.1594],"pipPosition":[44.1429,269.339,-35.9761],"stabilizedTipPosition":[45.218,247.259,9.34573],"timeVisible":16.0882,"tipPosition":[40.3196,232.79,-16.0705],"tipVelocity":[-27.8378,45.6526,-301.626],"tool":false,"touchDistance":0.333333,"touchZone":"none","type":2,"width":18.9972},{"bases":[[[0.905667,-0.387266,-0.172604],[0.409794,0.69507,0.590717],[-0.108793,-0.605725,0.788201]],[[0.90914,-0.364024,-0.202362],[0.14876,0.737642,-0.6586],[0.389017,0.568656,0.724773]],[[0.90914,-0.364024,-0.202362],[-0.298941,-0.232037,-0.925631],[0.289996,0.902023,-0.319776]],[[0.90914,-0.364024,-0.202362],[-0.402766,-0.644731,-0.649694],[0.106035,0.672168,-0.732767]]],"btipPosition":[54.6669,227.221,-9.56809],"carpPosition":[75.2478,252.232,49.6379],"dipPosition":[56.6481,239.779,-23.2591],"direction":[-0.289996,-0.902023,0.319776],"extended":false,"handId":685,"id":6853,"length":64.4285,"mcpPosition":[82.0627,290.175,0.265013],"pipPosition":[64.6815,264.767,-32.1175],"stabilizedTipPosition":[59.512,243.132,7.79384],"timeVisible":16.0882,"tipPosition":[55.2823,230.061,-11.7873],"tipVelocity":[-25.4435,57.5355,-308.339],"tool":false,"touchDistance":0.333333,"touchZone":"none","type":3,"width":18.077},{"bases":[[[0.806745,-0.564256,-0.175433],[0.534438,0.570111,0.623979],[-0.252068,-0.59715,0.761494]],[[0.751302,-0.658639,-0.0417106],[0.486888,0.595834,-0.638687],[0.445517,0.459538,0.768335]],[[0.751302,-0.658639,-0.0417106],[-0.216486,-0.186252,-0.958355],[0.623442,0.729044,-0.282517]],[[0.751302,-0.658639,-0.0417106],[-0.496401,-0.522329,-0.693367],[0.434892,0.541633,-0.719376]]],"btipPosition":[64.5078,238.564,-9.18353],"carpPosition":[85.3347,243.782,44.2141],"dipPosition":[72.004,247.9,-21.5833],"direction":[-0.623442,-0.729044,0.282517],"extended":false,"handId":685,"id":6854,"length":50.5107,"mcpPosition":[99.9509,278.408,0.0587526],"pipPosition":[84.1978,262.159,-27.109],"stabilizedTipPosition":[72.0105,251.579,13.8968],"timeVisible":16.0882,"tipPosition":[66.2978,240.631,-11.3055],"tipVelocity":[-28.8744,61.1838,-301.285],"tool":false,"touchDistance":0.333333,"touchZone":"none","type":4,"width":16.0574}],"r":[[0.963007,-0.246046,-0.109903],[0.264367,0.941647,0.208352],[0.0522253,-0.229699,0.97186]],"s":0.835922,"t":[12.6935,-33.3541,-53.3827],"timestamp":523543521753},false],[7,{"currentFrameRate":110.165,"devices":[],"gestures":[],"hands":[{"armBasis":[[0.943077,-0.00788