{"sensorType":"Leap","data":[[0,{"currentFrameRate":109.261,"devices":[],"gestures":[],"hands":[{"armBasis":[[0.942429,-0.0856149,-0.32326],[0.258638,0.799375,0.542316],[0.211976,-0.594702,0.775497]],"armWidth":63.72,"confidence":0.591116,"direction":[0.0543177,0.741196,-0.669088],"elbow":[122.907,52.0996,265.444],"grabStrength":0,"id":685,"palmNormal":[-0.253029,-0.637989,-0.727287],"palmPosition":[60.1508,251.529,17.953],"palmVelocity":[6.64327,156.284,-238.799],"palmWidth":90.99,"pinchStrength":0.76433,"r":[[0.944032,-0.305107,-0.125355],[0.325334,0.923939,0.201232],[0.0544234,-0.230752,0.971489]],"s":0.826466,"sphereCenter":[43.9485,242.074,-23.4012],"sphereRadius":46.3702,"stabilizedPalmPosition":[61.9666,231.824,67.4458],"t":[10.0117,-58.9884,-48.268],"timeVisible":26.2749,"type":"right","wrist":[65.6738,212.669,56.0601]}],"id":4261043,"interactionBox":{"center":[0,200,0],"size":[235.247,235.247,147.751]},"pointables":[{"bases":[[[0.625604,0.631244,0.458422],[-0.685417,0.164099,0.709419],[0.37259,-0.758025,0.535326]],[[0.467601,0.846033,0.256081],[-0.709152,0.186106,0.68005],[0.527687,-0.499592,0.68699]],[[0.467601,0.846033,0.256081],[-0.883935,0.448494,0.132332],[-0.00289325,-0.288237,0.957555]],[[0.467601,0.846033,0.256081],[-0.505447,0.493582,-0.707743],[-0.725171,0.201506,0.658424]]],"btipPosition":[25.9478,239.245,-27.4971],"carpPosition":[35.2183,209.195,54.8536],"dipPosition":[8.97614,243.961,-12.0876],"direction":[0.00289325,0.288237,-0.957555],"extended":false,"handId":685,"id":6850,"length":52.1164,"mcpPosition":[35.2183,209.195,54.8536],"pipPosition":[8.87749,234.133,20.5608],"stabilizedTipPosition":[26.3311,219.713,32.2277],"timeVisible":26.2749,"tipPosition":[22.6911,239.7,-23.476],"tipVelocity":[-5.04395,163.667,-253.087],"tool":false,"touchDistance":-0.538626,"touchZone":"hovering","type":0,"width":20.25},{"bases":[[[0.96134,-0.0813907,-0.263061],[0.234114,0.74452,0.625205],[0.144968,-0.662621,0.734791]],[[0.969994,-0.135492,-0.201875],[0.232066,0.763581,0.60257],[0.072505,-0.631337,0.772112]],[[0.969994,-0.135492,-0.201875],[0.208141,0.891901,0.401485],[0.125655,-0.431457,0.89334]],[[0.969994,-0.135492,-0.201875],[0.180563,0.957493,0.224952],[0.162815,-0.254654,0.953228]]],"btipPosition":[28.9386,318.569,-64.4271],"carpPosition":[48.5377,227.917,60.6819],"dipPosition":[31.7204,314.218,-48.1406],"direction":[-0.125655,0.431457,-0.89334],"extended":true,"handId":685,"id":6851,"length":58.8075,"mcpPosition":[37.8725,276.666,6.62355],"pipPosition":[34.7575,303.789,-26.5482],"stabilizedTipPosition":[37.9802,301.291,-17.557],"timeVisible":26.2749,"tipPosition":[29.1708,317.938,-60.4081],"tipVelocity":[-25.2442,137.717,-241.151],"tool":false,"touchDistance":-0.531905,"touchZone":"touching","type":1,"width":19.3428},{"bases":[[[0.917996,-0.295887,-0.264071],[0.396396,0.705313,0.587711],[0.0123567,-0.644193,0.764763]],[[0.918067,-0.307878,-0.249728],[0.0991015,0.78819,-0.6074],[0.383838,0.532886,0.754123]],[[0.918067,-0.307878,-0.249728],[-0.338949,-0.282933,-0.897253],[0.205588,0.908383,-0.364107]],[[0.918067,-0.307878,-0.249728],[-0.396179,-0.734759,-0.55061],[-0.013969,0.604434,-0.796533]]],"btipPosition":[35.6138,210.652,-6.27367],"carpPosition":[60.5608,228.583,58.109],"dipPosition":[35.3513,222.011,-21.2421],"direction":[-0.205588,-0.908383,0.364107],"extended":false,"handId":685,"id":6852,"length":67.0064,"mcpPosition":[59.6987,273.527,4.753],"pipPosition":[41.1975,247.842,-31.596],"stabilizedTipPosition":[33.5346,193.139,48.8203],"timeVisible":26.2749,"tipPosition":[35.7537,213.186,-8.88955],"tipVelocity":[23.7265,149.776,-260.579],"tool":false,"touchDistance":0.333333,"touchZone":"none","type":2,"width":18.9972},{"bases":[[[0.877298,-0.439782,-0.192199],[0.461162,0.661476,0.591422],[-0.132962,-0.607488,0.783122]],[[0.881932,-0.415012,-0.223517],[0.189774,0.74666,-0.637562],[0.431487,0.519869,0.737262]],[[0.881932,-0.415012,-0.223517],[-0.357835,-0.280785,-0.89057],[0.306837,0.865404,-0.396139]],[[0.881932,-0.415012,-0.223517],[-0.466714,-0.70228,-0.537569],[0.0661264,0.578418,-0.813056]]],"btipPosition":[51.4444,206.174,-1.04782],"carpPosition":[72.1298,226.13,54.7825],"dipPosition":[52.6799,216.982,-16.239],"direction":[-0.306837,-0.865404,0.396139],"extended":false,"handId":685,"id":6853,"length":64.4285,"mcpPosition":[80.4586,264.183,5.72777],"pipPosition":[61.1799,240.955,-27.2128],"stabilizedTipPosition":[48.6839,185.57,54.4386],"timeVisible":26.2749,"tipPosition":[51.8909,208.528,-3.63053],"tipVelocity":[27.393,159.176,-265.925],"tool":false,"touchDistance":0.333333,"touchZone":"none","type":3,"width":18.077},{"bases":[[[0.767675,-0.610345,-0.19533],[0.578429,0.528735,0.621176],[-0.275854,-0.589846,0.758938]],[[0.706732,-0.705107,-0.0579214],[0.519482,0.572768,-0.634094],[0.48028,0.418045,0.771083]],[[0.706732,-0.705107,-0.0579214],[-0.308907,-0.23389,-0.921885],[0.63648,0.669418,-0.38311]],[[0.706732,-0.705107,-0.0579214],[-0.603476,-0.558082,-0.569527],[0.369253,0.437457,-0.819929]]],"btipPosition":[61.79,215.933,-0.550877],"carpPosition":[81.5903,217.146,49.095],"dipPosition":[68.1547,223.473,-14.6838],"direction":[-0.63648,-0.669418,0.38311],"extended":false,"handId":685,"id":6854,"length":50.5107,"mcpPosition":[97.5858,251.348,5.08789],"pipPosition":[80.6035,236.566,-22.177],"stabilizedTipPosition":[61.1082,195.058,56.4979],"timeVisible":26.2749,"tipPosition":[63.3692,217.552,-3.0194],"tipVelocity":[24.7683,164.514,-259.766],"tool":false,"touchDistance":0.333333,"touchZone":"none","type":4,"width":16.0574}],"r":[[0.944032,-0.305107,-0.125355],[0.325334,0.923939,0.201232],[0.0544234,-0.230752,0.971489]],"s":0.826466,"t":[10.0117,-58.9884,-48.268],"timestamp":523553708442},false],[1,{"currentFrameRate":109.423,"devices":[],"gestures":[],"hands":[{"armBasis":[[0.943112,-0.0860539,-0.321145],[0.257597,0.799807,0.542174],[0.210198,-0.594057,0.776475]],"armWidth":63.72,"confidence":0.596719,"direction":[0.0510338,0.736807,-0.674175],"elbow":[122.809,53.3532,264.56],"grabStrength":0,"id":685,"palmNormal":[-0.252701,-0.64356,-0.722477],"palmPosition":[60.3546,252.336,16.5541],"palmVelocity":[11.0779,138.659,-216.957],"palmWidth":90.99,"pinchStrength":0.761688,"r":[[0.945402,-0.300927,-0.12513],[0.321128,0.925644,0.200149],[0.0555952,-0.229404,0.971742]],"s":0.826254,"sphereCenter":[44.2514,242.486,-24.7745],"sphereRadius":46.3621,"stabilizedPalmPosition":[61.927,232.327,66.1979],"t":[10.1458,-57.9188,-49.9862],"timeVisible":26.2838,"type":"right","wrist":[66.0555,213.749,54.9117]}],"id":4261044,"interactionBox":{"center":[0,200,0],"size":[235.247,235.247,147.751]},"pointables":[{"bases":[[[0.624776,0.636001,0.452942],[-0.684495,0.167041,0.709622],[0.375661,-0.753392,0.539703]],[[0.465996,0.848825,0.249687],[-0.709793,0.190155,0.678258],[0.528244,-0.493291,0.691102]],[[0.465996,0.848825,0.249687],[-0.88478,0.44594,0.135284],[0.00348733,-0.283959,0.95883]],[[0.465996,0.848825,0.249687],[-0.512163,0.488894,-0.706167],[-0.721483,0.20119,0.66256]]],"btipPosition":[26.005,239.782,-28.9087],"carpPosition":[35.6073,210.185,53.7877],"dipPosition":[9.1197,244.49,-13.4024],"direction":[-0.00348733,0.283959,-0.95883],"extended":false,"handId":685,"id":6850,"length":52.1164,"mcpPosition":[35.6073,210.185,53.7877],"pipPosition":[9.2386,234.809,19.2895],"stabilizedTipPosition":[26.308,219.83,31.9117],"timeVisible":26.2838,"tipPosition":[22.7569,240.236,-24.8372],"tipVelocity":[-1.32086,135.739,-227.086],"tool":false,"touchDistance":-0.533936,"touchZone":"hovering","type":0,"width":20.25},{"bases":[[[0.96105,-0.080582,-0.264367],[0.233303,0.749348,0.619715],[0.148165,-0.657255,0.738961]],[[0.969977,-0.134336,-0.202729],[0.231166,0.768237,0.596971],[0.0755493,-0.625912,0.776226]],[[0.969977,-0.134336,-0.202729],[0.206659,0.894741,0.395893],[0.128207,-0.425903,0.895639]],[[0.969977,-0.134336,-0.202729],[0.178745,0.959048,0.219722],[0.16491,-0.249362,0.954266]]],"btipPosition":[28.8246,318.781,-66.202],"carpPosition":[48.8872,228.981,59.4637],"dipPosition":[31.6422,314.52,-49.8978],"direction":[-0.128207,0.425903,-0.895639],"extended":true,"handId":685,"id":6851,"length":58.8075,"mcpPosition":[37.9868,277.335,5.09865],"pipPosition":[34.741,304.226,-28.2499],"stabilizedTipPosition":[37.8224,301.597,-18.3894],"timeVisible":26.2838,"tipPosition":[29.0697,318.144,-62.1934],"tipVelocity":[-21.6461,107.563,-230.053],"tool":false,"touchDistance":-0.533611,"touchZone":"touching","type":1,"width":19.3428},{"bases":[[[0.918283,-0.295196,-0.263847],[0.395618,0.710325,0.582173],[0.015562,-0.638982,0.769064]],[[0.918414,-0.307095,-0.249417],[0.096412,0.78517,-0.611729],[0.383693,0.537774,0.750719]],[[0.918414,-0.307095,-0.249417],[-0.339554,-0.288339,-0.895301],[0.203026,0.906947,-0.36909]],[[0.918414,-0.307095,-0.249417],[-0.395272,-0.738759,-0.545889],[-0.0166194,0.599939,-0.799873]]],"btipPosition":[35.8626,211.258,-7.4511],"carpPosition":[60.9035,229.662,56.8631],"dipPosition":[35.5503,222.532,-22.4823],"direction":[-0.203026,-0.906947,0.36909],"extended":false,"handId":685,"id":6852,"length":67.0064,"mcpPosition":[59.8177,274.243,3.20705],"pipPosition":[41.3236,248.322,-32.9779],"stabilizedTipPosition":[33.5431,193.217,48.5948],"timeVisible":26.2838,"tipPosition":[35.9897,213.77,-10.0828],"tipVelocity":[24.563,127.165,-226.512],"tool":false,"touchDistance":0.333333,"touchZone":"none","type":2,"width":18.9972},{"bases":[[[0.878111,-0.438711,-0.190927],[0.460508,0.666688,0.586054],[-0.129819,-0.602544,0.787456]],[[0.882652,-0.413922,-0.222696],[0.188343,0.745561,-0.63927],[0.430641,0.52231,0.73603]],[[0.882652,-0.413922,-0.222696],[-0.357435,-0.283423,-0.889894],[0.30523,0.865067,-0.398114]],[[0.882652,-0.413922,-0.222696],[-0.465617,-0.705256,-0.534616],[0.0642318,0.575571,-0.815225]]],"btipPosition":[51.7081,206.906,-2.42071],"carpPosition":[72.4727,227.218,53.5309],"dipPosition":[52.9083,217.66,-17.6524],"direction":[-0.30523,-0.865067,0.398114],"extended":false,"handId":685,"id":6853,"length":64.4285,"mcpPosition":[80.6046,264.961,4.20462],"pipPosition":[61.3637,241.624,-28.6809],"stabilizedTipPosition":[48.7014,185.696,54.1186],"timeVisible":26.2838,"tipPosition":[52.1438,209.236,-4.98019],"tipVelocity":[27.7986,138.106,-236.234],"tool":false,"touchDistance":0.333333,"touchZone":"none","type":3,"width":18.077},{"bases":[[[0.768943,-0.609586,-0.192696],[0.57819,0.534466,0.616475],[-0.272805,-0.585449,0.763431]],[[0.708219,-0.703928,-0.0539514],[0.518289,0.570293,-0.637292],[0.479376,0.42338,0.768731]],[[0.708219,-0.703928,-0.0539514],[-0.308397,-0.239723,-0.920556],[0.635072,0.668594,-0.386866]],[[0.708219,-0.703928,-0.0539514],[-0.602559,-0.56287,-0.565774],[0.367896,0.433201,-0.822794]]],"btipPosition":[62.0522,216.654,-1.81462],"carpPosition":[81.9465,218.221,47.8858],"dipPosition":[68.3936,224.121,-15.997],"direction":[-0.635072,-0.668594,0.386866],"extended":false,"handId":685,"id":6854,"length":50.5107,"mcpPosition":[97.7652,252.168,3.61813],"pipPosition":[80.8148,237.198,-23.5636],"stabilizedTipPosition":[61.1249,195.22,56.069],"timeVisible":26.2838,"tipPosition":[63.6218,218.254,-4.29328],"tipVelocity":[25.9218,141.531,-228.466],"tool":false,"touchDistance":0.333333,"touchZone":"none","type":4,"width":16.0574}],"r":[[0.945402,-0.300927,-0.12513],[0.321128,0.925644,0.200149],[0.0555952,-0.229404,0.971742]],"s":0.826254,"t":[10.1458,-57.9188,-49.9862],"timestamp":523553717290},false],[2,{"currentFrameRate":109.524,"devices":[],"gestures":[],"hands":[{"armBasis":[[0.945133,-0.0828314,-0.31601],[0.251857,0.800836,0.543351],[0.208065,-0.593128,0.777758]],"armWidth":63.72,"confidence":0.633013,"direction":[0.0480006,0.736983,-0.674204],"elbow":[122.394,55.4888,262.856],"grabStrength":0,"id":685,"palmNormal":[-0.24752,-0.645153,-0.722849],"palmPosition":[60.3624,254.18,14.4855],"palmVelocity":[8.28787,157.073,-220.824],"palmWidth":90.99,"pinchStrength":0.757102,"r":[[0.946883,-0.296469,-0.124578],[0.316591,0.927373,0.199373],[0.0564224,-0.228223,0.971973]],"s":0.826249,"sphereCenter":[44.5403,244.15,-26.9362],"sphereRadius":46.367,"stabilizedPalmPosition":[61.8847,232.919,64.7991],"t":[10.2167,-56.4619,-51.8796],"timeVisible":26.2927,"type":"right","wrist":[66.2161,215.633,52.8608]}],"id":4261045,"interactionBox":{"center":[0,200,0],"size":[235.247,235.247,147.751]},"pointables":[{"bases":[[[0.620152,0.639738,0.454034],[-0.686832,0.16313,0.708273],[0.379042,-0.751082,0.540558]],[[0.460966,0.851192,0.250964],[-0.713501,0.18734,0.675145],[0.527662,-0.490282,0.693683]],[[0.460966,0.851192,0.250964],[-0.887384,0.439663,0.138731],[0.00774688,-0.286652,0.958004]],[[0.460966,0.851192,0.250964],[-0.518502,0.487848,-0.702253],[-0.720184,0.193589,0.666226]]],"btipPosition":[26.0427,241.607,-31.2041],"carpPosition":[35.7916,211.89,51.6787],"dipPosition":[9.18781,246.138,-15.612],"direction":[-0.00774688,0.286652,-0.958004],"extended":false,"handId":685,"id":6850,"length":52.1164,"mcpPosition":[35.7916,211.89,51.6787],"pipPosition":[9.45195,236.364,17.0517],"stabilizedTipPosition":[26.2836,219.964,31.5621],"timeVisible":26.2927,"tipPosition":[22.7985,242.005,-27.0935],"tipVelocity":[0.405582,153.116,-234.509],"tool":false,"touchDistance":-0.543012,"touchZone":"hovering","type":0,"width":20.25},{"bases":[[[0.962015,-0.0749738,-0.262501],[0.227699,0.750808,0.620032],[0.150602,-0.656251,0.73936]],[[0.971144,-0.128717,-0.200775],[0.225486,0.769767,0.597172],[0.0776843,-0.625213,0.776579]],[[0.971144,-0.128717,-0.200775],[0.200697,0.895859,0.396431],[0.128839,-0.425287,0.895841]],[[0.971144,-0.128717,-0.200775],[0.172834,0.959933,0.220582],[0.164338,-0.248917,0.954481]]],"btipPosition":[28.6107,320.439,-68.3418],"carpPosition":[48.9498,230.765,57.377],"dipPosition":[31.4185,316.186,-52.034],"direction":[-0.128839,0.425287,-0.895841],"extended":true,"handId":685,"id":6851,"length":58.8075,"mcpPosition":[37.8701,279.046,2.98256],"pipPosition":[34.5326,305.906,-30.3811],"stabilizedTipPosition":[37.6657,301.924,-19.2349],"timeVisible":26.2927,"tipPosition":[28.8549,319.791,-64.3378],"tipVelocity":[-22.33,128.839,-232.488],"tool":false,"touchDistance":-0.540667,"touchZone":"touching","type":1,"width":19.3428},{"bases":[[[0.92051,-0.289835,-0.262025],[0.390312,0.712734,0.582809],[0.017836,-0.638753,0.769205]],[[0.920682,-0.301741,-0.247581],[0.0934112,0.786221,-0.610844],[0.37897,0.539267,0.752046]],[[0.920682,-0.301741,-0.247581],[-0.335875,-0.289367,-0.896356],[0.198826,0.908416,-0.367762]],[[0.920682,-0.301741,-0.247581],[-0.389886,-0.740618,-0.547241],[-0.0182376,0.600364,-0.799519]]],"btipPosition":[36.1448,212.974,-9.63296],"carpPosition":[60.9669,231.517,54.7995],"dipPosition":[35.8021,224.256,-24.6575],"direction":[-0.198826,-0.908416,0.367762],"extended":false,"handId":685,"id":6852,"length":67.0064,"mcpPosition":[59.7225,276.081,1.13356],"pipPosition":[41.456,250.089,-35.1154],"stabilizedTipPosition":[33.5535,193.309,48.3401],"timeVisible":26.2927,"tipPosition":[36.2607,215.485,-12.2688],"tipVelocity":[26.2538,144.885,-231.178],"tool":false,"touchDistance":0.333333,"touchZone":"none","type":2,"width":18.9972},{"bases":[[[0.881041,-0.433573,-0.189159],[0.455451,0.66948,0.586823],[-0.127792,-0.603168,0.787311]],[[0.885502,-0.408733,-0.220959],[0.185177,0.746606,-0.638975],[0.42614,0.524898,0.736809]],[[0.885502,-0.408733,-0.220959],[-0.354043,-0.285586,-0.890558],[0.300898,0.866821,-0.397596]],[[0.885502,-0.408733,-0.220959],[-0.460425,-0.708034,-0.53544],[0.0624052,0.575869,-0.815157]]],"btipPosition":[52.0204,208.697,-4.50294],"carpPosition":[72.5567,229.139,51.4899],"dipPosition":[53.1864,219.457,-19.7333],"direction":[-0.300898,-0.866821,0.397596],"extended":false,"handId":685,"id":6853,"length":64.4285,"mcpPosition":[80.5616,266.922,2.17279],"pipPosition":[61.5218,243.47,-30.7475],"stabilizedTipPosition":[48.7222,185.844,53.7575],"timeVisible":26.2927,"tipPosition":[52.4445,211.032,-7.07493],"tipVelocity":[29.4951,155.093,-235.239],"tool":false,"touchDistance":0.333333,"touchZone":"none","type":3,"width":18.077},{"bases":[[[0.772883,-0.605086,-0.191107],[0.573849,0.537958,0.617494],[-0.27083,-0.586918,0.763007]],[[0.711838,-0.700469,-0.0512801],[0.519172,0.573959,-0.63327],[0.473019,0.424163,0.77223]],[[0.711838,-0.700469,-0.0512801],[-0.302088,-0.239441,-0.922719],[0.634057,0.672318,-0.382047]],[[0.711838,-0.700469,-0.0512801],[-0.597221,-0.565256,-0.569046],[0.369612,0.435694,-0.820705]]],"btipPosition":[62.3003,218.573,-4.06512],"carpPosition":[82.094,220.198,45.8647],"dipPosition":[68.6712,226.083,-18.2115],"direction":[-0.634057,-0.672318,0.382047],"extended":false,"handId":685,"id":6854,"length":50.5107,"mcpPosition":[97.7982,254.23,1.62161],"pipPosition":[81.0726,239.232,-25.6838],"stabilizedTipPosition":[61.145,195.411,55.5868],"timeVisible":26.2927,"tipPosition":[63.869,220.166,-6.5155],"tipVelocity":[26.6183,161.732,-234.488],"tool":false,"touchDistance":0.333333,"touchZone":"none","type":4,"width":16.0574}],"r":[[0.946883,-0.296469,-0.124578],[0.316591,0.927373,0.199373],[0.0564224,-0.228223,0.971973]],"s":0.826249,"t":[10.2167,-56.4619,-51.8796],"timestamp":523553726241},false],[3,{"currentFrameRate":109.576,"devices":[],"gestures":[],"hands":[{"armBasis":[[0.945938,-0.0832398,-0.313485],[0.250026,0.802807,0.541283],[0.206611,-0.5904,0.780218]],"armWidth":63.72,"confidence":0.666333,"direction":[0.0476084,0.733732,-0.677769],"elbow":[122.132,57.9974,261.338],"grabStrength":0,"id":685,"palmNormal":[-0.245709,-0.649087,-0.71994],"palmPosition":[60.4759,255.754,12.108],"palmVelocity":[9.4684,161.788,-232.489],"palmWidth":90.99,"pinchStrength":0.746466,"r":[[0.94817,-0.292723,-0.123638],[0.312621,0.929032,0.197907],[0.0569313,-0.226302,0.972392]],"s":0.826665,"sphereCenter":[44.8658,245.402,-29.3667],"sphereRadius":46.3894,"stabilizedPalmPosition":[61.8442,233.575,63.2849],"t":[10.3089,-54.9466,-54.015],"timeVisible":26.3018,"type":"right","wrist":[66.3467,217.405,50.679]}],"id":4261046,"interactionBox":{"center":[0,200,0],"size":[235.247,235.247,147.751]},"pointables":[{"bases":[[[0.618649,0.642931,0.451568],[-0.687876,0.165541,0.706699],[0.379605,-0.747821,0.544668]],[[0.460776,0.851884,0.248954],[-0.714936,0.190067,0.67286],[0.525881,-0.488024,0.696621]],[[0.460776,0.851884,0.248954],[-0.887411,0.437899,0.144037],[0.0136864,-0.287293,0.957745]],[[0.460776,0.851884,0.248954],[-0.527282,0.488396,-0.695301],[-0.713904,0.189109,0.674225]]],"btipPosition":[25.9199,243.34,-33.7263],"carpPosition":[35.9294,213.609,49.4816],"dipPosition":[9.21199,247.766,-17.947],"direction":[-0.0136864,0.287293,-0.957745],"extended":false,"handId":685,"id":6850,"length":52.1164,"mcpPosition":[35.9294,213.609,49.4816],"pipPosition":[9.67864,237.97,14.7079],"stabilizedTipPosition":[26.2569,220.119,31.1703],"timeVisible":26.3018,"tipPosition":[22.7391,243.64,-29.5713],"tipVelocity":[-2.41987,163.04,-245.502],"tool":false,"touchDistance":-0.55423,"touchZone":"hovering","type":0,"width":20.25},{"bases":[[[0.962423,-0.0747633,-0.26106],[0.225838,0.754204,0.616582],[0.150795,-0.65237,0.742748]],[[0.97157,-0.128217,-0.199026],[0.223612,0.77313,0.593522],[0.0777737,-0.621153,0.779821]],[[0.97157,-0.128217,-0.199026],[0.198943,0.897878,0.39273],[0.128347,-0.42116,0.897859]],[[0.97157,-0.128217,-0.199026],[0.171293,0.961005,0.217088],[0.163431,-0.245008,0.955647]]],"btipPosition":[28.7221,321.579,-71.0745],"carpPosition":[49.0519,232.533,55.1015],"dipPosition":[31.5144,317.393,-54.7467],"direction":[-0.128347,0.42116,-0.897859],"extended":true,"handId":685,"id":6851,"length":58.8075,"mcpPosition":[37.958,280.527,0.457903],"pipPosition":[34.6166,307.213,-33.0451],"stabilizedTipPosition":[37.5216,302.248,-20.0696],"timeVisible":26.3018,"tipPosition":[28.9677,320.933,-67.0747],"tipVelocity":[-12.8911,128.598,-251.63],"tool":false,"touchDistance":-0.555855,"touchZone":"touching","type":1,"width":19.3428},{"bases":[[[0.921252,-0.289684,-0.259574],[0.388552,0.716201,0.579727],[0.0179691,-0.634933,0.772358]],[[0.921427,-0.301528,-0.24506],[0.0932467,0.783869,-0.613884],[0.377198,0.542798,0.750395]],[[0.921427,-0.301528,-0.24506],[-0.334207,-0.293342,-0.895687],[0.198188,0.907211,-0.371066]],[[0.921427,-0.301528,-0.24506],[-0.388137,-0.743445,-0.544646],[-0.0179628,0.596968,-0.802064]]],"btipPosition":[36.3377,214.409,-11.8974],"carpPosition":[61.0706,233.29,52.5337],"dipPosition":[36.0001,225.627,-26.9698],"direction":[-0.198188,-0.907211,0.371066],"extended":false,"handId":685,"id":6852,"length":67.0064,"mcpPosition":[59.8169,277.588,-1.35223],"pipPosition":[41.6359,251.425,-37.5215],"stabilizedTipPosition":[33.5656,193.415,48.0548],"timeVisible":26.3018,"tipPosition":[36.4509,216.905,-14.5504],"tipVelocity":[24.9388,148.269,-236.879],"tool":false,"touchDistance":0.333333,"touchZone":"none","type":2,"width":18.9972},{"bases":[[[0.881925,-0.433123,-0.186045],[0.453753,0.673069,0.584026],[-0.127734,-0.599486,0.790127]],[[0.886408,-0.408265,-0.218176],[0.185387,0.744962,-0.64083],[0.424161,0.52759,0.736028]],[[0.886408,-0.408265,-0.218176],[-0.352117,-0.288722,-0.890311],[0.30049,0.866002,-0.399682]],[[0.886408,-0.408265,-0.218176],[-0.45863,-0.710659,-0.5335],[0.0627604,0.57296,-0.817177]]],"btipPosition":[52.221,210.199,-6.7901],"carpPosition":[72.6678,230.915,49.2488],"dipPosition":[53.3936,220.904,-22.0582],"direction":[-0.30049,-0.866002,0.399682],"extended":false,"handId":685,"id":6853,"length":64.4285,"mcpPosition":[80.6691,268.466,-0.244798],"pipPosition":[61.7178,244.894,-33.1302],"stabilizedTipPosition":[48.746,186.013,53.3541],"timeVisible":26.3018,"tipPosition":[52.6395,212.519,-9.37027],"tipVelocity":[27.5329,157.762,-240.443],"tool":false,"touchDistance":0.333333,"touchZone":"none","type":3,"width":18.077},{"bases":[[[0.774036,-0.604812,-0.187269],[0.572321,0.541883,0.615476],[-0.27077,-0.583579,0.765584]],[[0.712499,-0.700156,-0.0461033],[0.521087,0.571987,-0.633482],[0.469907,0.427332,0.772383]],[[0.712499,-0.700156,-0.0461033],[-0.29857,-0.243062,-0.922917],[0.634981,0.671343,-0.382227]],[[0.712499,-0.700156,-0.0461033],[-0.595101,-0.568167,-0.568368],[0.371752,0.432398,-0.821482]]],"btipPosition":[62.4832,220.105,-6.38959],"carpPosition":[82.2253,221.96,43.6782],"dipPosition":[68.891,227.558,-20.5493],"direction":[-0.634981,-0.671343,0.382227],"extended":false,"handId":685,"id":6854,"length":50.5107,"mcpPosition":[97.926,255.799,-0.714382],"pipPosition":[81.3104,240.689,-28.0252],"stabilizedTipPosition":[61.168,195.627,55.0542],"timeVisible":26.3018,"tipPosition":[64.0552,221.679,-8.8396],"tipVelocity":[25.122,163.514,-240.866],"tool":false,"touchDistance":0.333333,"touchZone":"none","type":4,"width":16.0574}],"r":[[0.94817,-0.292723,-0.123638],[0.312621,0.929032,0.197907],[0.0569313,-0.226302,0.972392]],"s":0.826665,"t":[10.3089,-54.9466,-54.015],"timestamp":523553735275},false],[4,{"currentFrameRate":109.491,"devices":[],"gestures":[],"hands":[{"armBasis":[[0.945433,-0.0682463,-0.318588],[0.24027,0.806466,0.540261],[0.22006,-0.587328,0.778858]],"armWidth":63.72,"confidence":0.628031,"direction":[0.0450039,0.735745,-0.675762],"elbow":[125.953,60.5675,259.142],"grabStrength":0,"id":685,"palmNormal":[-0.236365,-0.649398,-0.722782],"palmPosition":[60.547,257.536,10.3401],"palmVelocity":[8.95615,170.316,-220.633],"palmWidth":90.99,"pinchStrength":0.744651,"r":[[0.949808,-0.288057,-0.122015],[0.307656,0.930773,0.197506],[0.0566752,-0.225132,0.972679]],"s":0.826367,"sphereCenter":[45.3453,247.082,-31.3261],"sphereRadius":46.366,"stabilizedPalmPosition":[61.8026,234.343,61.5864],"t":[10.3906,-53.2975,-55.9667],"timeVisible":26.3111,"type":"right","wrist":[66.5367,219.146,48.8508]}],"id":4261047,"interactionBox":{"center":[0,200,0],"size":[235.247,235.247,147.751]},"pointables":[{"bases":[[[0.610769,0.647044,0.456394],[-0.693008,0.15801,0.703401],[0.383017,-0.7459,0.544914]],[[0.452701,0.854716,0.254011],[-0.720622,0.18293,0.668761],[0.525134,-0.485795,0.69874]],[[0.452701,0.854716,0.254011],[-0.891567,0.429736,0.142951],[0.0130251,-0.291182,0.956579]],[[0.452701,0.854716,0.254011],[-0.529067,0.486788,-0.695073],[-0.71774,0.180271,0.672571]]],"btipPosition":[26.2995,245.054,-35.7534],"carpPosition":[36.1594,215.096,47.4817],"dipPosition":[9.50183,249.273,-20.0128],"direction":[-0.0130251,0.291182,-0.956579],"extended":false,"handId":685,"id":6850,"length":52.1164,"mcpPosition":[36.1594,215.096,47.4817],"pipPosition":[9.94593,239.345,12.6023],"stabilizedTipPosition":[26.2294,220.305,30.7136],"timeVisible":26.3111,"tipPosition":[23.0769,245.311,-31.6205],"tipVelocity":[9.16155,167.702,-238.118],"tool":false,"touchDistance":-0.557682,"touchZone":"hovering","type":0,"width":20.25},{"bases":[[[0.964399,-0.0659923,-0.256087],[0.216156,0.754593,0.619569],[0.152355,-0.652866,0.741993]],[[0.97367,-0.119539,-0.194105],[0.213871,0.773736,0.596315],[0.0789029,-0.622128,0.778929]],[[0.97367,-0.119539,-0.194105],[0.18925,0.898563,0.395941],[0.127085,-0.42225,0.897527]],[[0.97367,-0.119539,-0.194105],[0.162053,0.961817,0.22056],[0.160328,-0.246208,0.955864]]],"btipPosition":[28.6816,323.288,-72.8613],"carpPosition":[49.0911,234.116,53.2167],"dipPosition":[31.4209,319.081,-56.5297],"direction":[-0.127085,0.42225,-0.897527],"extended":true,"handId":685,"id":6851,"length":58.8075,"mcpPosition":[37.8824,282.147,-1.37149],"pipPosition":[34.4925,308.875,-34.8362],"stabilizedTipPosition":[37.3688,302.622,-20.9819],"timeVisible":26.3111,"tipPosition":[28.9159,322.63,-68.8625],"tipVelocity":[-10.8585,144.079,-234.924],"tool":false,"touchDistance":-0.555392,"touchZone":"touching","type":1,"width":19.3428},{"bases":[[[0.925041,-0.281257,-0.25533],[0.37938,0.718056,0.583495],[0.0192299,-0.636624,0.770935]],[[0.925239,-0.293141,-0.240834],[0.0902016,0.786573,-0.610873],[0.368506,0.54348,0.75421]],[[0.925239,-0.293141,-0.240834],[-0.326749,-0.293138,-0.898502],[0.19279,0.910021,-0.367006]],[[0.925239,-0.293141,-0.240834],[-0.378935,-0.744967,-0.549029],[-0.0184703,0.599243,-0.800354]]],"btipPosition":[36.8776,216.062,-13.9483],"carpPosition":[61.1165,234.981,50.7149],"dipPosition":[36.5305,227.323,-28.9886],"direction":[-0.19279,-0.910021,0.367007],"extended":false,"handId":685,"id":6852,"length":67.0064,"mcpPosition":[59.7748,279.397,-3.07167],"pipPosition":[42.0127,253.201,-39.4249],"stabilizedTipPosition":[33.5825,193.547,47.7138],"timeVisible":26.3111,"tipPosition":[36.982,218.565,-16.6006],"tipVelocity":[34.2353,156.977,-232.153],"tool":false,"touchDistance":0.333333,"touchZone":"none","type":2,"width":18.9972},{"bases":[[[0.88654,-0.4252,-0.182353],[0.44492,0.675467,0.58804],[-0.126861,-0.602453,0.788008]],[[0.891026,-0.399931,-0.214774],[0.187159,0.754681,-0.628831],[0.413574,0.520108,0.747291]],[[0.891026,-0.399931,-0.214774],[-0.341544,-0.278952,-0.897515],[0.299032,0.873064,-0.385147]],[[0.891026,-0.399931,-0.214774],[-0.449222,-0.708692,-0.544017],[0.0653606,0.581215,-0.811121]]],"btipPosition":[52.7139,212.166,-9.43875],"carpPosition":[72.7507,232.712,47.4864],"dipPosition":[53.9351,223.025,-24.5937],"direction":[-0.299032,-0.873064,0.385147],"extended":false,"handId":685,"id":6853,"length":64.4285,"mcpPosition":[80.6973,270.449,-1.8744],"pipPosition":[62.2189,247.211,-35.2631],"stabilizedTipPosition":[48.7767,186.22,52.8745],"timeVisible":26.3111,"tipPosition":[53.1452,214.468,-11.8533],"tipVelocity":[35.0795,174.105,-252.296],"tool":false,"touchDistance":0.333333,"touchZone":"none","type":3,"width":18.077},{"bases":[[[0.780116,-0.597792,-0.184562],[0.564426,0.545213,0.619812],[-0.269893,-0.587697,0.762739]],[[0.717922,-0.694821,-0.042574],[0.523352,0.579056,-0.625138],[0.459011,0.426519,0.779353]],[[0.717922,-0.694821,-0.042574],[-0.287549,-0.2403,-0.927131],[0.633959,0.677849,-0.372312]],[[0.717922,-0.694821,-0.042574],[-0.585988,-0.570192,-0.575759],[0.375774,0.438298,-0.81651]]],"btipPosition":[62.9562,222.036,-8.48304],"carpPosition":[82.4133,223.852,41.9458],"dipPosition":[69.4333,229.59,-22.5571],"direction":[-0.633959,-0.677849,0.372312],"extended":false,"handId":685,"id":6854,"length":50.5107,"mcpPosition":[98.0631,257.93,-2.28175],"pipPosition":[81.8328,242.848,-29.839],"stabilizedTipPosition":[61.1991,195.894,54.4203],"timeVisible":26.3111,"tipPosition":[64.5319,223.611,-10.8812],"tipVelocity":[32.8857,176.742,-235.933],"tool":false,"touchDistance":0.333333,"touchZone":"none","type":4,"width":16.0574}],"r":[[0.949808,-0.288057,-0.122015],[0.307656,0.930773,0.197506],[0.0566752,-0.225132,0.972679]],"s":0.826367,"t":[10.3906,-53.2975,-55.9667],"timestamp":523553744559},false],[5,{"currentFrameRate":109.69,"devices":[],"gestures":[],"hands":[{"armBasis":[[0.946992,-0.0649601,-0.31462],[0.235521,0.80643,0.542402],[0.218485,-0.58775,0.778983]],"armWidth":63.72,"confidence":0.598805,"direction":[0.041134,0.727986,-0.684357],"elbow":[125.828,61.9073,258.102],"grabStrength":0,"id":685,"palmNormal":[-0.232227,-0.659214,-0.715198],"palmPosition":[60.6476,258.499,8.81395],"palmVelocity":[9.63608,154.092,-208.171],"palmWidth":90.99,"pinchStrength":0.743877,"r":[[0.951439,-0.283506,-0.119949],[0.302585,0.932959,0.195015],[0.0566193,-0.221839,0.973438]],"s":0.825948,"sphereCenter":[45.6178,247.409,-32.7802],"sphereRadius":46.3597,"stabilizedPalmPosition":[61.7659,235.112,59.9071],"t":[10.4817,-51.9917,-57.7056],"timeVisible":26.3198,"type":"right","wrist":[66.8373,220.6,47.7769]}],"id":4261048,"interactionBox":{"center":[0,200,0],"size":[235.247,235.247,147.751]},"pointables":[{"bases":[[[0.606783,0.655883,0.449035],[-0.69429,0.162282,0.701161],[0.387009,-0.737213,0.553842]],[[0.448081,0.859858,0.244679],[-0.723068,0.187623,0.664808],[0.525733,-0.474808,0.705806]],[[0.448081,0.859858,0.244679],[-0.893856,0.426126,0.139417],[0.0156151,-0.281178,0.959529]],[[0.448081,0.859858,0.244679],[-0.531867,0.476387,-0.700124],[-0.718569,0.183576,0.67079]]],"btipPosition":[26.526,245.35,-37.2056],"carpPosition":[36.4846,216.359,46.4411],"dipPosition":[9.70889,249.647,-21.5068],"direction":[-0.0156151,0.281178,-0.959529],"extended":false,"handId":685,"id":6850,"length":52.1164,"mcpPosition":[36.4846,216.359,46.4411],"pipPosition":[10.2413,240.06,11.209],"stabilizedTipPosition":[26.2054,220.48,30.2827],"timeVisible":26.3198,"tipPosition":[23.2627,245.636,-33.0739],"tipVelocity":[13.5031,132.305,-218.993],"tool":false,"touchDistance":-0.552174,"touchZone":"hovering","type":0,"width":20.25},{"bases":[[[0.964902,-0.0634412,-0.254832],[0.211469,0.763068,0.610744],[0.155708,-0.643197,0.749702]],[[0.974453,-0.116243,-0.192168],[0.20907,0.782055,0.587094],[0.0820408,-0.612272,0.786379]],[[0.974453,-0.116243,-0.192168],[0.183925,0.904073,0.385777],[0.12889,-0.411266,0.902357]],[[0.974453,-0.116243,-0.192168],[0.156564,0.965052,0.210149],[0.161024,-0.234867,0.958597]]],"btipPosition":[28.4569,323.097,-75.1707],"carpPosition":[49.3034,235.519,51.9579],"dipPosition":[31.2081,319.084,-58.7925],"direction":[-0.12889,0.411266,-0.902357],"extended":true,"handId":685,"id":6851,"length":58.8075,"mcpPosition":[37.8481,282.839,-3.19741],"pipPosition":[34.3234,309.143,-36.9822],"stabilizedTipPosition":[37.244,302.917,-21.7422],"timeVisible":26.3198,"tipPosition":[28.6959,322.475,-71.1686],"tipVelocity":[-14.7422,100.932,-242.291],"tool":false,"touchDistance":-0.562666,"touchZone":"touching","type":1,"width":19.3428},{"bases":[[[0.926785,-0.278905,-0.25156],[0.37492,0.727051,0.57518],[0.022476,-0.627383,0.778386]],[[0.927043,-0.290623,-0.236916],[0.0862785,0.780236,-0.619507],[0.364893,0.553869,0.748387]],[[0.927043,-0.290623,-0.236916],[-0.32441,-0.30485,-0.895447],[0.188014,0.906975,-0.37689]],[[0.927043,-0.290623,-0.236916],[-0.374352,-0.753203,-0.540875],[-0.0212547,0.590104,-0.807047]]],"btipPosition":[37.2219,216.618,-15.0438],"carpPosition":[61.325,236.424,49.4518],"dipPosition":[36.8225,227.708,-30.2098],"direction":[-0.188014,-0.906975,0.37689],"extended":false,"handId":685,"id":6852,"length":67.0064,"mcpPosition":[59.7569,280.195,-4.85465],"pipPosition":[42.1689,253.499,-40.9272],"stabilizedTipPosition":[33.6009,193.68,47.369],"timeVisible":26.3198,"tipPosition":[37.3116,219.089,-17.7315],"tipVelocity":[35.227,130.668,-204.292],"tool":false,"touchDistance":0.333333,"touchZone":"none","type":2,"width":18.9972},{"bases":[[[0.889073,-0.422199,-0.176911],[0.440702,0.684896,0.580258],[-0.123819,-0.593856,0.794987]],[[0.893448,-0.397175,-0.20977],[0.183455,0.748963,-0.636709],[0.409995,0.530383,0.742023]],[[0.893448,-0.397175,-0.20977],[-0.339217,-0.290519,-0.894724],[0.29442,0.870546,-0.394292]],[[0.893448,-0.397175,-0.20977],[-0.444788,-0.71727,-0.536364],[0.062569,0.572517,-0.817502]]],"btipPosition":[53.0864,212.873,-10.4985],"carpPosition":[72.9739,234.184,46.2558],"dipPosition":[54.2555,223.57,-25.7727],"direction":[-0.29442,-0.870546,0.394292],"extended":false,"handId":685,"id":6853,"length":64.4285,"mcpPosition":[80.7299,271.383,-3.54212],"pipPosition":[62.4115,247.686,-36.6954],"stabilizedTipPosition":[48.8102,186.433,52.3858],"timeVisible":26.3198,"tipPosition":[53.4988,215.152,-12.9665],"tipVelocity":[36.7079,147.891,-217.89],"tool":false,"touchDistance":0.333333,"touchZone":"none","type":3,"width":18.077},{"bases":[[[0.783647,-0.595416,-0.177138],[0.560938,0.555717,0.613618],[-0.266919,-0.580223,0.769477]],[[0.721163,-0.692,-0.0325484],[0.524865,0.576442,-0.626284],[0.452151,0.43457,0.778915]],[[0.721163,-0.692,-0.0325484],[-0.280594,-0.248817,-0.927015],[0.633396,0.677662,-0.373609]],[[0.721163,-0.692,-0.0325484],[-0.580739,-0.578262,-0.573023],[0.37771,0.432145,-0.818893]]],"btipPosition":[63.281,222.891,-9.91313],"carpPosition":[82.6903,225.315,40.8245],"dipPosition":[69.7916,230.34,-24.0282],"direction":[-0.633396,-0.677662,0.373609],"extended":false,"handId":685,"id":6854,"length":50.5107,"mcpPosition":[98.1677,258.96,-3.79374],"pipPosition":[82.18,243.594,-31.3356],"stabilizedTipPosition":[61.2333,196.168,53.7744],"timeVisible":26.3198,"tipPosition":[64.8532,224.429,-12.2722],"tipVelocity":[34.2473,154.76,-216.712],"tool":false,"touchDistance":0.333333,"touchZone":"none","type":4,"width":16.0574}],"r":[[0.951439,-0.283506,-0.119949],[0.302585,0.932959,0.195015],[0.0566193,-0.221839,0.973438]],"s":0.825948,"t":[10.4817,-51.9917,-57.7056],"timestamp":523553753320},false],[6,{"currentFrameRate":109.561,"devices":[],"gestures":[],"hands":[{"armBasis":[[0.948514,-0.0645031,-0.310098],[0.232316,0.807157,0.542703],[0.215292,-0.586802,0.780585]],"armWidth":63.72,"confidence":0.605058,"direction":[0.0422996,0.733932,-0.677904],"elbow":[124.971,63.8123,256.709],"grabStrength":0,"id":685,"palmNormal":[-0.228774,-0.653369,-0.721645],"palmPosition":[60.7245,260.473,7.2956],"palmVelocity":[9.23242,170.234,-195.133],"palmWidth":90.99,"pinchStrength":0.76129,"r":[[0.952891,-0.279354,-0.11815],[0.298101,0.93444,0.194828],[0.0559783,-0.22087,0.973695]],"s":0.824912,"sphereCenter":[45.9586,249.635,-34.5608],"sphereRadius":46.348,"stabilizedPalmPosition":[61.7257,236.09,57.8784],"t":[10.5658,-50.3516,-59.3342],"timeVisible":26.3292,"type":"right","wrist":[66.8422,222.249,45.9507]}],"id":4261049,"interactionBox":{"center":[0,200,0],"size":[235.247,235.247,147.751]},"pointables":[{"bases":[[[0.604231,0.652915,0.456734],[-0.696908,0.155148,0.700178],[0.386296,-0.741371,0.548767]],[[0.446205,0.858137,0.253972],[-0.726608,0.181716,0.662586],[0.522439,-0.480187,0.704612]],[[0.446205,0.858137,0.253972],[-0.894791,0.422771,0.143578],[0.0158377,-0.291317,0.956495]],[[0.446205,0.858137,0.253972],[-0.531254,0.482366,-0.696486],[-0.720188,0.175852,0.671123]]],"btipPosition":[26.737,247.759,-39.016],"carpPosition":[36.5009,217.972,44.4755],"dipPosition":[9.882,251.875,-23.3093],"direction":[-0.0158377,0.291317,-0.956495],"extended":false,"handId":685,"id":6850,"length":52.1164,"mcpPosition":[36.5009,217.972,44.4755],"pipPosition":[10.422,241.942,9.30295],"stabilizedTipPosition":[26.1776,220.715,29.7364],"timeVisible":26.3292,"tipPosition":[23.4497,248,-34.8869],"tipVelocity":[15.8051,166.541,-211.685],"tool":false,"touchDistance":-0.552418,"touchZone":"hovering","type":0,"width":20.25},{"bases":[[[0.965856,-0.0597485,-0.252097],[0.208205,0.75809,0.618021],[0.154187,-0.649407,0.744645]],[[0.975278,-0.113076,-0.189858],[0.205829,0.777491,0.594258],[0.0804169,-0.618645,0.781544]],[[0.975278,-0.113076,-0.189858],[0.181204,0.900976,0.394218],[0.126481,-0.418875,0.899192]],[[0.975278,-0.113076,-0.189858],[0.154392,0.963355,0.21934],[0.158099,-0.24323,0.956997]]],"btipPosition":[28.7142,325.739,-76.2441],"carpPosition":[49.2709,237.104,50.2008],"dipPosition":[31.4154,321.584,-59.8933],"direction":[-0.126481,0.418875,-0.899192],"extended":true,"handId":685,"id":6851,"length":58.8075,"mcpPosition":[37.9274,284.881,-4.58243],"pipPosition":[34.4725,311.459,-38.1594],"stabilizedTipPosition":[37.0943,303.33,-22.7025],"timeVisible":26.3292,"tipPosition":[28.9469,325.08,-72.2474],"tipVelocity":[-3.10477,151.428,-206.269],"tool":false,"touchDistance":-0.550929,"touchZone":"touching","type":1,"width":19.3428},{"bases":[[[0.928066,-0.275291,-0.250814],[0.371832,0.722633,0.582702],[0.0208342,-0.634047,0.773014]],[[0.928293,-0.287071,-0.23635],[0.0933421,0.795153,-0.599182],[0.359942,0.534155,0.764931]],[[0.928293,-0.287071,-0.23635],[-0.317554,-0.281308,-0.905553],[0.193471,0.915672,-0.352297]],[[0.928293,-0.287071,-0.23635],[-0.371545,-0.741727,-0.558386],[-0.0150109,0.60616,-0.795201]]],"btipPosition":[37.2769,219.11,-18.0967],"carpPosition":[61.2994,238.05,47.7435],"dipPosition":[36.9948,230.501,-33.0401],"direction":[-0.193471,-0.915672,0.352297],"extended":false,"handId":685,"id":6852,"length":67.0064,"mcpPosition":[59.8458,282.286,-6.18814],"pipPosition":[42.4965,256.539,-43.0581],"stabilizedTipPosition":[33.6242,193.861,46.9255],"timeVisible":26.3292,"tipPosition":[37.4226,221.545,-20.4843],"tipVelocity":[27.716,171.24,-237.339],"tool":false,"touchDistance":0.333333,"touchZone":"none","type":2,"width":18.9972},{"bases":[[[0.890328,-0.419282,-0.177533],[0.437662,0.680538,0.587639],[-0.125568,-0.600891,0.789407]],[[0.894799,-0.3938,-0.210374],[0.184431,0.755136,-0.62909],[0.406597,0.52411,0.748324]],[[0.894799,-0.3938,-0.210374],[-0.335695,-0.282763,-0.898529],[0.294355,0.874624,-0.385213]],[[0.894799,-0.3938,-0.210374],[-0.441811,-0.713106,-0.544318],[0.0643337,0.580001,-0.812072]]],"btipPosition":[53.3053,215.012,-12.4715],"carpPosition":[72.9625,235.855,44.5678],"dipPosition":[54.5073,225.849,-27.6443],"direction":[-0.294355,-0.874624,0.385213],"extended":false,"handId":685,"id":6853,"length":64.4285,"mcpPosition":[80.8281,273.495,-4.88063],"pipPosition":[62.6615,250.078,-38.3154],"stabilizedTipPosition":[48.854,186.719,51.7572],"timeVisible":26.3292,"tipPosition":[53.7162,217.317,-14.9333],"tipVelocity":[33.1565,171.763,-215.175],"tool":false,"touchDistance":0.333333,"touchZone":"none","type":3,"width":18.077},{"bases":[[[0.785176,-0.592653,-0.179613],[0.557988,0.551261,0.62029],[-0.268603,-0.587259,0.763531]],[[0.721718,-0.691309,-0.0348519],[0.529552,0.583869,-0.615363],[0.445755,0.425663,0.787473]],[[0.721718,-0.691309,-0.0348519],[-0.273189,-0.23822,-0.931997],[0.635996,0.68216,-0.360785]],[[0.721718,-0.691309,-0.0348519],[-0.576653,-0.572641,-0.582713],[0.382877,0.440652,-0.811931]]],"btipPosition":[63.4857,225.112,-11.9732],"carpPosition":[82.7111,227.049,39.0931],"dipPosition":[70.0853,232.708,-25.9682],"direction":[-0.635996,-0.68216,0.360785],"extended":false,"handId":685,"id":6854,"length":50.5107,"mcpPosition":[98.2862,261.101,-5.18037],"pipPosition":[82.5246,246.05,-33.0248],"stabilizedTipPosition":[61.2781,196.533,52.9547],"timeVisible":26.3292,"tipPosition":[65.0654,226.661,-14.2855],"tipVelocity":[31.3555,179.228,-216.84],"tool":false,"touchDistance":0.333333,"touchZone":"none","type":4,"width":16.0574}],"r":[[0.952891,-0.279354,-0.11815],[0.298101,0.93444,0.194828],[0.0559783,-0.22087,0.973695]],"s":0.824912,"t":[10.5658,-50.3516,-59.3342],"timestamp":523553762679},false],[7,{"currentFrameRate":109.78,"devices":[],"gestures":[],"hands":[{"armBasis":[[0.949221,-0.0560033,-0.309585],[0.226416,0.804827,0.548625],