{"sensorType":"Leap","data":[[0,{"currentFrameRate":110.061,"devices":[],"gestures":[],"hands":[{"armBasis":[[0.713291,-0.313945,-0.626622],[0.572033,0.777369,0.26168],[0.404963,-0.545102,0.734076]],"armWidth":58.4334,"confidence":0.576355,"direction":[0.174776,0.441285,-0.880182],"elbow":[80.6276,143.207,210.58],"grabStrength":0,"id":279,"palmNormal":[-0.547384,-0.699516,-0.4594],"palmPosition":[-18.8756,301.184,-15.7495],"palmVelocity":[-32.3356,34.5853,-141.554],"palmWidth":83.4409,"pinchStrength":0.927458,"r":[[0.693356,-0.551362,0.463958],[0.545928,0.822176,0.16121],[-0.47034,0.141511,0.871065]],"s":0.922987,"sphereCenter":[-37.319,278.989,-49.9654],"sphereRadius":42.608,"stabilizedPalmPosition":[-31.2393,258.745,99.4071],"t":[61.5483,106.532,-187.392],"timeVisible":4.31145,"type":"right","wrist":[-19.6408,278.173,28.823]}],"id":312642,"interactionBox":{"center":[0,200,0],"size":[235.247,235.247,147.751]},"pointables":[{"bases":[[[0.853033,0.485592,0.191144],[-0.482077,0.592981,0.644961],[0.199843,-0.642319,0.739925]],[[0.739612,0.670057,-0.0632302],[-0.558892,0.663807,0.496992],[0.374985,-0.332242,0.865448]],[[0.739612,0.670057,-0.0632302],[-0.673032,0.736159,-0.0713952],[-0.00129135,0.0953607,0.995442]],[[0.739612,0.670057,-0.0632302],[-0.540086,0.53483,-0.649819],[-0.401598,0.514763,0.757455]]],"btipPosition":[-55.5126,285.735,-56.8437],"carpPosition":[-47.0066,284.555,30.1539],"dipPosition":[-64.1316,296.782,-40.5872],"direction":[0.00129135,-0.0953607,-0.995442],"extended":false,"handId":279,"id":2790,"length":47.7925,"mcpPosition":[-47.0066,284.555,30.1539],"pipPosition":[-64.172,299.764,-9.46296],"stabilizedTipPosition":[-72.0603,244.364,54.6974],"timeVisible":4.31145,"tipPosition":[-57.8059,287.386,-53.1251],"tipVelocity":[-12.648,32.1312,-138.363],"tool":false,"touchDistance":-0.482927,"touchZone":"touching","type":0,"width":18.5699},{"bases":[[[0.836155,-0.480017,-0.265385],[0.546502,0.770308,0.328576],[0.046706,-0.419773,0.906427]],[[0.836429,-0.521505,-0.168579],[0.547004,0.813545,0.197311],[0.0342479,-0.25725,0.965738]],[[0.836429,-0.521505,-0.168579],[0.539737,0.83722,0.0880176],[0.0952358,-0.164609,0.981751]],[[0.836429,-0.521505,-0.168579],[0.529579,0.848253,0.00348338],[0.141181,-0.0921894,0.985682]]],"btipPosition":[-38.2465,340.82,-107.533],"carpPosition":[-29.4232,297.271,28.8722],"dipPosition":[-36.0344,339.375,-92.0893],"direction":[-0.0952358,0.164609,-0.981751],"extended":true,"handId":279,"id":2791,"length":53.9285,"mcpPosition":[-32.5742,325.591,-32.2806],"pipPosition":[-33.9235,335.727,-70.3287],"stabilizedTipPosition":[-53.0542,307.598,-24.8479],"timeVisible":4.31145,"tipPosition":[-38.3541,338.974,-104.102],"tipVelocity":[-12.5042,43.7812,-150.768],"tool":false,"touchDistance":-0.500372,"touchZone":"touching","type":1,"width":17.738},{"bases":[[[0.729278,-0.656555,-0.192583],[0.680889,0.668662,0.298799],[-0.0674054,-0.349036,0.934682]],[[0.72906,-0.657665,-0.189602],[0.310246,0.564456,-0.764943],[0.610098,0.498866,0.61556]],[[0.72906,-0.657665,-0.189602],[-0.359236,-0.131884,-0.923881],[0.582598,0.741676,-0.332409]],[[0.72906,-0.657665,-0.189602],[-0.59407,-0.470448,-0.652502],[0.33993,0.58835,-0.733684]]],"btipPosition":[-62.9603,264.139,-39.7664],"carpPosition":[-19.2552,293.339,25.931],"dipPosition":[-57.1023,274.278,-52.4099],"direction":[-0.582598,-0.741676,0.332409],"extended":false,"handId":279,"id":2792,"length":61.4471,"mcpPosition":[-14.9427,315.67,-33.8696],"pipPosition":[-41.9098,293.619,-61.0782],"stabilizedTipPosition":[-70.1956,219.528,80.8133],"timeVisible":4.31145,"tipPosition":[-61.517,266.314,-41.9018],"tipVelocity":[-20.6873,14.8488,-116.387],"tool":false,"touchDistance":0.333333,"touchZone":"none","type":2,"width":17.4211},{"bases":[[[0.657993,-0.749289,-0.0749109],[0.728757,0.608579,0.31392],[-0.189628,-0.261149,0.94649]],[[0.653778,-0.754713,-0.0546108],[0.431527,0.431153,-0.792396],[0.621577,0.494486,0.607557]],[[0.653778,-0.754713,-0.0546108],[-0.301517,-0.193638,-0.933591],[0.694018,0.626828,-0.354155]],[[0.653778,-0.754713,-0.0546108],[-0.591007,-0.464231,-0.659698],[0.47253,0.463572,-0.749544]]],"btipPosition":[-50.7685,257.667,-34.1074],"carpPosition":[-10.4667,286.793,23.3156],"dipPosition":[-42.6723,265.61,-46.95],"direction":[-0.694018,-0.626828,0.354155],"extended":false,"handId":279,"id":2793,"length":59.0831,"mcpPosition":[0.426038,301.794,-31.0536],"pipPosition":[-25.0417,281.534,-55.9468],"stabilizedTipPosition":[-56.7137,215.304,84.1385],"timeVisible":4.31145,"tipPosition":[-48.8373,259.421,-36.0837],"tipVelocity":[-22.296,21.2128,-130.276],"tool":false,"touchDistance":0.333333,"touchZone":"none","type":3,"width":16.5772},{"bases":[[[0.502106,-0.864664,-0.0156936],[0.802592,0.459149,0.380826],[-0.322081,-0.203811,0.924514]],[[0.484489,-0.874178,0.0329071],[0.52902,0.26282,-0.806885],[0.696713,0.408335,0.589791]],[[0.484489,-0.874178,0.0329071],[-0.314591,-0.209207,-0.925886],[0.816274,0.438229,-0.376367]],[[0.484489,-0.874178,0.0329071],[-0.645379,-0.382571,-0.661154],[0.590556,0.299084,-0.749528]]],"btipPosition":[-35.115,259.935,-28.9315],"carpPosition":[-5.67458,274.926,20.7551],"dipPosition":[-25.7802,264.663,-40.7791],"direction":[-0.816274,-0.438229,0.376367],"extended":false,"handId":279,"id":2794,"length":46.32,"mcpPosition":[11.4519,285.764,-28.4053],"pipPosition":[-11.1395,272.523,-47.5296],"stabilizedTipPosition":[-42.3564,218.851,83.1144],"timeVisible":4.31145,"tipPosition":[-32.9673,261.012,-30.7478],"tipVelocity":[-23.3855,25.9809,-132.523],"tool":false,"touchDistance":0.333333,"touchZone":"none","type":4,"width":14.7252}],"r":[[0.693356,-0.551362,0.463958],[0.545928,0.822176,0.16121],[-0.47034,0.141511,0.871065]],"s":0.922987,"t":[61.5483,106.532,-187.392],"timestamp":3211420390},false],[1,{"currentFrameRate":110.156,"devices":[],"gestures":[],"hands":[{"armBasis":[[0.719054,-0.308672,-0.622642],[0.566776,0.778931,0.268386],[0.402152,-0.545883,0.735041]],"armWidth":58.4334,"confidence":0.577739,"direction":[0.176052,0.439035,-0.881053],"elbow":[79.6459,143.532,209.456],"grabStrength":0,"id":279,"palmNormal":[-0.542182,-0.703789,-0.459042],"palmPosition":[-19.0996,301.549,-17.1903],"palmVelocity":[-30.3809,36.3224,-147.051],"palmWidth":83.4409,"pinchStrength":0.914338,"r":[[0.6939,-0.548142,0.466951],[0.543739,0.824004,0.159268],[-0.472071,0.143383,0.869822]],"s":0.925916,"sphereCenter":[-37.446,279.348,-51.3893],"sphereRadius":42.6354,"stabilizedPalmPosition":[-31.2379,258.75,99.3945],"t":[61.2884,106.841,-188.698],"timeVisible":4.32036,"type":"right","wrist":[-19.9265,278.692,27.4599]}],"id":312643,"interactionBox":{"center":[0,200,0],"size":[235.247,235.247,147.751]},"pointables":[{"bases":[[[0.849909,0.490417,0.192731],[-0.487463,0.592887,0.640987],[0.200083,-0.63873,0.74296]],[[0.739196,0.670949,-0.0584497],[-0.561661,0.662023,0.496248],[0.371652,-0.333996,0.866211]],[[0.739196,0.670949,-0.0584497],[-0.673472,0.73576,-0.0713591],[-0.00487329,0.0921126,0.995737]],[[0.739196,0.670949,-0.0584497],[-0.537874,0.535893,-0.650777],[-0.405315,0.51249,0.757016]]],"btipPosition":[-55.4895,286.355,-58.3701],"carpPosition":[-47.3279,284.945,28.6622],"dipPosition":[-64.1884,297.354,-42.1231],"direction":[0.00487329,-0.0921126,-0.995737],"extended":false,"handId":279,"id":2790,"length":47.7925,"mcpPosition":[-47.3279,284.945,28.6622],"pipPosition":[-64.3407,300.234,-10.9896],"stabilizedTipPosition":[-72.0585,244.37,54.6832],"timeVisible":4.32036,"tipPosition":[-57.7585,287.898,-54.6501],"tipVelocity":[-9.06257,41.9886,-147.41],"tool":false,"touchDistance":-0.485896,"touchZone":"touching","type":0,"width":18.5699},{"bases":[[[0.839507,-0.476862,-0.260443],[0.541464,0.774116,0.327966],[0.0452187,-0.41635,0.908079]],[[0.839663,-0.517524,-0.164726],[0.542296,0.81549,0.202215],[0.0296813,-0.259123,0.965388]],[[0.839663,-0.517524,-0.164726],[0.535578,0.839346,0.0930265],[0.0901188,-0.166335,0.981943]],[[0.839663,-0.517524,-0.164726],[0.52586,0.85053,0.00835215],[0.135782,-0.0936359,0.986304]]],"btipPosition":[-38.1467,341.194,-109.113],"carpPosition":[-29.8017,297.742,27.4036],"dipPosition":[-36.0193,339.727,-93.6598],"direction":[-0.0901188,0.166335,-0.981943],"extended":true,"handId":279,"id":2791,"length":53.9285,"mcpPosition":[-32.8524,325.831,-33.8606],"pipPosition":[-34.0218,336.04,-71.895],"stabilizedTipPosition":[-53.0482,307.611,-24.8797],"timeVisible":4.32036,"tipPosition":[-38.2614,339.343,-105.687],"tipVelocity":[-6.64785,43.1407,-157.948],"tool":false,"touchDistance":-0.502338,"touchZone":"touching","type":1,"width":17.738},{"bases":[[[0.733208,-0.653663,-0.187433],[0.676459,0.673023,0.29907],[-0.0693446,-0.346071,0.935642]],[[0.732977,-0.654792,-0.18437],[0.310596,0.563273,-0.765672],[0.605206,0.503956,0.616242]],[[0.732977,-0.654792,-0.18437],[-0.35502,-0.137027,-0.924762],[0.580263,0.743284,-0.332902]],[[0.732977,-0.654792,-0.18437],[-0.589301,-0.475821,-0.652931],[0.339807,0.587233,-0.734635]]],"btipPosition":[-62.9051,264.212,-41.2439],"carpPosition":[-19.6034,293.848,24.5159],"dipPosition":[-57.0493,274.332,-53.9037],"direction":[-0.580263,-0.743284,0.332902],"extended":false,"handId":279,"id":2792,"length":61.4471,"mcpPosition":[-15.1668,315.99,-35.3461],"pipPosition":[-41.9177,293.714,-62.5849],"stabilizedTipPosition":[-70.1955,219.528,80.8124],"timeVisible":4.32036,"tipPosition":[-61.4674,266.385,-43.3928],"tipVelocity":[-13.386,12.8856,-129.968],"tool":false,"touchDistance":0.333333,"touchZone":"none","type":2,"width":17.4211},{"bases":[[[0.661917,-0.746328,-0.0697104],[0.72456,0.613227,0.314589],[-0.192038,-0.258741,0.946665]],[[0.657672,-0.751676,-0.049507],[0.43093,0.429314,-0.793718],[0.617873,0.500672,0.606268]],[[0.657672,-0.751676,-0.049507],[-0.299561,-0.200666,-0.932736],[0.691181,0.628264,-0.357145]],[[0.657672,-0.751676,-0.049507],[-0.587932,-0.471096,-0.657575],[0.470961,0.461575,-0.75176]]],"btipPosition":[-50.6856,257.817,-35.3087],"carpPosition":[-10.773,287.336,21.9577],"dipPosition":[-42.6162,265.725,-48.1892],"direction":[-0.691181,-0.628264,0.357145],"extended":false,"handId":279,"id":2793,"length":59.0831,"mcpPosition":[0.258195,302.199,-32.4216],"pipPosition":[-25.0577,281.685,-57.262],"stabilizedTipPosition":[-56.7136,215.304,84.1374],"timeVisible":4.32036,"tipPosition":[-48.7721,259.573,-37.4287],"tipVelocity":[-13.883,19.7671,-131.788],"tool":false,"touchDistance":0.333333,"touchZone":"none","type":3,"width":16.5772},{"bases":[[[0.506364,-0.862253,-0.0106902],[0.79886,0.464396,0.382308],[-0.324682,-0.202127,0.923973]],[[0.488515,-0.871723,0.0381093],[0.531755,0.2628,-0.805091],[0.691801,0.413564,0.591925]],[[0.488515,-0.871723,0.0381093],[-0.30926,-0.21382,-0.926628],[0.815911,0.440886,-0.374043]],[[0.488515,-0.871723,0.0381093],[-0.640714,-0.388021,-0.662515],[0.592316,0.299231,-0.748079]]],"btipPosition":[-35.0774,260.185,-30.3339],"carpPosition":[-5.91327,275.484,19.4577],"dipPosition":[-25.7148,264.914,-42.1586],"direction":[-0.815911,-0.440886,0.374043],"extended":false,"handId":279,"id":2794,"length":46.32,"mcpPosition":[11.3515,286.232,-29.674],"pipPosition":[-11.0806,272.822,-48.8675],"stabilizedTipPosition":[-42.3563,218.851,83.1128],"timeVisible":4.32036,"tipPosition":[-32.9305,261.262,-32.1549],"tipVelocity":[-15.6769,26.5379,-139.142],"tool":false,"touchDistance":0.333333,"touchZone":"none","type":4,"width":14.7252}],"r":[[0.6939,-0.548142,0.466951],[0.543739,0.824004,0.159268],[-0.472071,0.143383,0.869822]],"s":0.925916,"t":[61.2884,106.841,-188.698],"timestamp":3211429298},false],[2,{"currentFrameRate":110.106,"devices":[],"gestures":[],"hands":[{"armBasis":[[0.718774,-0.313081,-0.620761],[0.569286,0.777576,0.267001],[0.399096,-0.545304,0.737134]],"armWidth":58.4334,"confidence":0.58209,"direction":[0.174991,0.435207,-0.883161],"elbow":[78.7888,143.666,208.579],"grabStrength":0,"id":279,"palmNormal":[-0.545162,-0.704115,-0.454995],"palmPosition":[-19.2523,301.367,-18.6738],"palmVelocity":[-26.5481,20.651,-151.154],"palmWidth":83.4409,"pinchStrength":0.901647,"r":[[0.694274,-0.545562,0.46941],[0.542497,0.825293,0.156806],[-0.472948,0.145787,0.868945]],"s":0.929791,"sphereCenter":[-37.913,279.339,-52.6979],"sphereRadius":42.6591,"stabilizedPalmPosition":[-31.2368,258.754,99.3835],"t":[61.0821,106.905,-190.092],"timeVisible":4.32953,"type":"right","wrist":[-20.027,278.682,26.0654]}],"id":312644,"interactionBox":{"center":[0,200,0],"size":[235.247,235.247,147.751]},"pointables":[{"bases":[[[0.851665,0.488923,0.188735],[-0.48431,0.596603,0.639929],[0.200276,-0.636412,0.744896]],[[0.743262,0.666413,-0.0587787],[-0.556575,0.664716,0.498374],[0.371194,-0.337708,0.864967]],[[0.743262,0.666413,-0.0587787],[-0.668998,0.740152,-0.0679463],[-0.00177505,0.0898247,0.995956]],[[0.743262,0.666413,-0.0587787],[-0.535476,0.539948,-0.649402],[-0.401032,0.51415,0.758171]]],"btipPosition":[-55.7384,286.627,-59.6949],"carpPosition":[-47.4089,285.012,27.3121],"dipPosition":[-64.3453,297.662,-43.4231],"direction":[0.00177505,-0.0898247,-0.995956],"extended":false,"handId":279,"id":2790,"length":47.7925,"mcpPosition":[-47.4089,285.012,27.3121],"pipPosition":[-64.4008,300.471,-12.2828],"stabilizedTipPosition":[-72.0567,244.376,54.6695],"timeVisible":4.32953,"tipPosition":[-57.9676,288.113,-55.9662],"tipVelocity":[-13.4604,38.8236,-146.413],"tool":false,"touchDistance":-0.485427,"touchZone":"touching","type":0,"width":18.5699},{"bases":[[[0.837606,-0.480048,-0.26071],[0.5443,0.773942,0.323653],[0.0464053,-0.412999,0.909549]],[[0.837951,-0.519847,-0.166121],[0.544954,0.813412,0.203434],[0.0293707,-0.260996,0.964893]],[[0.837951,-0.519847,-0.166121],[0.538258,0.837485,0.0943238],[0.0900902,-0.168455,0.981584]],[[0.837951,-0.519847,-0.166121],[0.528512,0.848873,0.00952846],[0.136063,-0.0957815,0.986059]]],"btipPosition":[-38.2692,341.138,-110.624],"carpPosition":[-29.8526,297.758,25.9609],"dipPosition":[-36.1374,339.638,-95.1742],"direction":[-0.0900902,0.168455,-0.981584],"extended":true,"handId":279,"id":2791,"length":53.9285,"mcpPosition":[-32.9834,325.621,-35.4025],"pipPosition":[-34.1405,335.904,-73.4173],"stabilizedTipPosition":[-53.0434,307.621,-24.9051],"timeVisible":4.32953,"tipPosition":[-38.3812,339.285,-107.201],"tipVelocity":[-8.48791,29.1811,-159.861],"tool":false,"touchDistance":-0.503109,"touchZone":"touching","type":1,"width":17.738},{"bases":[[[0.73103,-0.65629,-0.186759],[0.678958,0.672387,0.294808],[-0.067905,-0.342315,0.937128]],[[0.730786,-0.65749,-0.183461],[0.309915,0.55905,-0.769035],[0.608197,0.505143,0.612312]],[[0.730786,-0.65749,-0.183461],[-0.358593,-0.141085,-0.922771],[0.580829,0.740136,-0.338874]],[[0.730786,-0.65749,-0.183461],[-0.592839,-0.478102,-0.648044],[0.338369,0.582344,-0.739176]]],"btipPosition":[-63.1878,264.064,-42.3845],"carpPosition":[-19.6717,293.827,23.0626],"dipPosition":[-57.3567,274.099,-55.1226],"direction":[-0.580829,-0.740136,0.338874],"extended":false,"handId":279,"id":2792,"length":61.4471,"mcpPosition":[-15.3272,315.728,-36.8944],"pipPosition":[-42.2104,293.4,-63.9595],"stabilizedTipPosition":[-70.1954,219.529,80.8115],"timeVisible":4.32953,"tipPosition":[-61.7666,266.225,-44.6158],"tipVelocity":[-18.4234,4.20165,-128.954],"tool":false,"touchDistance":0.333333,"touchZone":"none","type":2,"width":17.4211},{"bases":[[[0.659792,-0.748319,-0.0685066],[0.726941,0.612525,0.310435],[-0.190342,-0.254623,0.948123]],[[0.655895,-0.753212,-0.0497261],[0.419526,0.418502,-0.805515],[0.627534,0.507472,0.590486]],[[0.655895,-0.753212,-0.0497261],[-0.313429,-0.211821,-0.925686],[0.686705,0.622739,-0.375011]],[[0.655895,-0.753212,-0.0497261],[-0.596119,-0.476433,-0.646261],[0.463081,0.453523,-0.761494]]],"btipPosition":[-51.0219,257.526,-35.5755],"carpPosition":[-10.8648,287.282,20.5073],"dipPosition":[-43.0876,265.296,-48.6228],"direction":[-0.686705,-0.622739,0.375011],"extended":false,"handId":279,"id":2793,"length":59.0831,"mcpPosition":[0.0690132,301.908,-33.9557],"pipPosition":[-25.6427,281.116,-58.1494],"stabilizedTipPosition":[-56.7135,215.305,84.1362],"timeVisible":4.32953,"tipPosition":[-49.1121,259.318,-38.1707],"tipVelocity":[-21.1845,4.43091,-104.303],"tool":false,"touchDistance":0.333333,"touchZone":"none","type":3,"width":16.5772},{"bases":[[[0.504086,-0.86361,-0.00865612],[0.801022,0.463759,0.378537],[-0.322894,-0.197749,0.925546]],[[0.486275,-0.872872,0.0403801],[0.531144,0.258572,-0.806862],[0.693847,0.413805,0.589358]],[[0.486275,-0.872872,0.0403801],[-0.311626,-0.216408,-0.925233],[0.816349,0.437334,-0.377243]],[[0.486275,-0.872872,0.0403801],[-0.643274,-0.388877,-0.659526],[0.591385,0.294735,-0.750597]]],"btipPosition":[-35.3609,260.002,-31.6542],"carpPosition":[-6.04224,275.408,18.0406],"dipPosition":[-26.013,264.661,-43.5187],"direction":[-0.816349,-0.437334,0.377243],"extended":false,"handId":279,"id":2794,"length":46.32,"mcpPosition":[11.1275,285.923,-31.1747],"pipPosition":[-11.3709,272.505,-50.2849],"stabilizedTipPosition":[-42.3562,218.852,83.1115],"timeVisible":4.32953,"tipPosition":[-33.2189,261.064,-33.4959],"tipVelocity":[-20.0294,13.093,-140.765],"tool":false,"touchDistance":0.333333,"touchZone":"none","type":4,"width":14.7252}],"r":[[0.694274,-0.545562,0.46941],[0.542497,0.825293,0.156806],[-0.472948,0.145787,0.868945]],"s":0.929791,"t":[61.0821,106.905,-190.092],"timestamp":3211438469},false],[3,{"currentFrameRate":110.073,"devices":[],"gestures":[],"hands":[{"armBasis":[[0.720645,-0.312982,-0.618638],[0.568341,0.777719,0.268591],[0.397063,-0.545156,0.73834]],"armWidth":58.4334,"confidence":0.588708,"direction":[0.174044,0.434506,-0.883693],"elbow":[78.2187,143.683,208.229],"grabStrength":0,"id":279,"palmNormal":[-0.544567,-0.705215,-0.454003],"palmPosition":[-19.3677,301.302,-19.3463],"palmVelocity":[-22.672,12.9433,-129.556],"palmWidth":83.4409,"pinchStrength":0.890819,"r":[[0.694744,-0.543232,0.471413],[0.541327,0.826475,0.154609],[-0.473599,0.147775,0.868255]],"s":0.93372,"sphereCenter":[-38.1719,279.496,-53.3073],"sphereRadius":42.664,"stabilizedPalmPosition":[-31.2359,258.757,99.3746],"t":[60.9213,106.904,-191.126],"timeVisible":4.33867,"type":"right","wrist":[-20.0937,278.663,25.4165]}],"id":312645,"interactionBox":{"center":[0,200,0],"size":[235.247,235.247,147.751]},"pointables":[{"bases":[[[0.851188,0.490108,0.187811],[-0.484687,0.596693,0.63956],[0.201388,-0.635415,0.745447]],[[0.744361,0.665369,-0.0566619],[-0.555606,0.664163,0.50019],[0.370444,-0.340841,0.86406]],[[0.744361,0.665369,-0.0566619],[-0.667775,0.741448,-0.0658167],[-0.00178053,0.0868287,0.996222]],[[0.744361,0.665369,-0.0566619],[-0.534754,0.543113,-0.647354],[-0.399955,0.512165,0.760081]]],"btipPosition":[-55.8004,286.857,-60.3444],"carpPosition":[-47.4824,284.962,26.6703],"dipPosition":[-64.3842,297.849,-44.0317],"direction":[0.00178053,-0.0868287,-0.996222],"extended":false,"handId":279,"id":2790,"length":47.7925,"mcpPosition":[-47.4824,284.962,26.6703],"pipPosition":[-64.4399,300.564,-12.883],"stabilizedTipPosition":[-72.055,244.381,54.6564],"timeVisible":4.33867,"tipPosition":[-58.0164,288.302,-56.6015],"tipVelocity":[-11.4408,34.7071,-125.148],"tool":false,"touchDistance":-0.474819,"touchZone":"touching","type":0,"width":18.5699},{"bases":[[[0.838035,-0.479339,-0.260636],[0.543559,0.774906,0.32259],[0.0473387,-0.412013,0.909948]],[[0.838527,-0.518536,-0.167308],[0.544165,0.8125,0.209113],[0.0275053,-0.266391,0.963473]],[[0.838527,-0.518536,-0.167308],[0.537675,0.837196,0.100046],[0.0881926,-0.173848,0.980815]],[[0.838527,-0.518536,-0.167308],[0.528059,0.849075,0.015037],[0.13426,-0.100958,0.98579]]],"btipPosition":[-38.2774,341.454,-111.237],"carpPosition":[-29.9416,297.727,25.2974],"dipPosition":[-36.1738,339.872,-95.7916],"direction":[-0.0881926,0.173848,-0.980815],"extended":true,"handId":279,"id":2791,"length":53.9285,"mcpPosition":[-33.1353,325.524,-36.0929],"pipPosition":[-34.219,336.019,-74.0518],"stabilizedTipPosition":[-53.0396,307.63,-24.9258],"timeVisible":4.33867,"tipPosition":[-38.3992,339.572,-107.826],"tipVelocity":[-6.57233,30.0977,-134.066],"tool":false,"touchDistance":-0.490345,"touchZone":"touching","type":1,"width":17.738},{"bases":[[[0.731701,-0.655629,-0.186452],[0.678321,0.673479,0.293782],[-0.0670402,-0.341435,0.937512]],[[0.731449,-0.656883,-0.182994],[0.307963,0.557658,-0.770828],[0.608392,0.507466,0.610194]],[[0.731449,-0.656883,-0.182994],[-0.360359,-0.144542,-0.921547],[0.578898,0.740008,-0.342439]],[[0.731449,-0.656883,-0.182994],[-0.593479,-0.481099,-0.645234],[0.335805,0.580559,-0.741746]]],"btipPosition":[-63.2431,263.917,-42.8427],"carpPosition":[-19.7576,293.805,22.398],"dipPosition":[-57.4562,273.922,-55.6252],"direction":[-0.578898,-0.740008,0.342439],"extended":false,"handId":279,"id":2792,"length":61.4471,"mcpPosition":[-15.4684,315.65,-37.5836],"pipPosition":[-42.3602,293.219,-64.555],"stabilizedTipPosition":[-70.1954,219.529,80.8108],"timeVisible":4.33867,"tipPosition":[-61.8438,266.085,-45.1783],"tipVelocity":[-15.2876,-1.65994,-107.323],"tool":false,"touchDistance":0.333333,"touchZone":"none","type":2,"width":17.4211},{"bases":[[[0.66063,-0.747619,-0.0680696],[0.726381,0.613689,0.309446],[-0.189574,-0.253874,0.948478]],[[0.656792,-0.752446,-0.0494869],[0.418827,0.418582,-0.805837],[0.627064,0.508541,0.590066]],[[0.656792,-0.752446,-0.0494869],[-0.313563,-0.212839,-0.925407],[0.685786,0.623317,-0.375731]],[[0.656792,-0.752446,-0.0494869],[-0.595928,-0.477719,-0.645487],[0.462054,0.453442,-0.762166]]],"btipPosition":[-51.0854,257.411,-36.2111],"carpPosition":[-10.9443,287.268,19.8451],"dipPosition":[-43.1686,265.18,-49.27],"direction":[-0.685786,-0.623317,0.375731],"extended":false,"handId":279,"id":2793,"length":59.0831,"mcpPosition":[-0.0546277,301.851,-34.6383],"pipPosition":[-25.7471,281.015,-58.8149],"stabilizedTipPosition":[-56.7135,215.305,84.1352],"timeVisible":4.33867,"tipPosition":[-49.1839,259.202,-38.8049],"tipVelocity":[-17.343,-0.301112,-94.7024],"tool":false,"touchDistance":0.333333,"touchZone":"none","type":3,"width":16.5772},{"bases":[[[0.505087,-0.863031,-0.00802357],[0.800669,0.465079,0.377663],[-0.322204,-0.197177,0.925908]],[[0.487497,-0.872183,0.040541],[0.527447,0.257172,-0.80973],[0.695807,0.416124,0.585401]],[[0.487497,-0.872183,0.040541],[-0.315516,-0.219268,-0.923239],[0.814123,0.437285,-0.382081]],[[0.487497,-0.872183,0.040541],[-0.64524,-0.391153,-0.65625],[0.588228,0.293761,-0.753454]]],"btipPosition":[-35.4382,259.902,-32.0658],"carpPosition":[-6.10915,275.396,17.3881],"dipPosition":[-26.1403,264.545,-43.9754],"direction":[-0.814123,-0.437285,0.382081],"extended":false,"handId":279,"id":2794,"length":46.32,"mcpPosition":[11.0238,285.881,-31.8465],"pipPosition":[-11.5381,272.388,-50.8284],"stabilizedTipPosition":[-42.3561,218.852,83.1104],"timeVisible":4.33867,"tipPosition":[-33.2999,260.965,-34.0487],"tipVelocity":[-17.1591,6.27634,-114.433],"tool":false,"touchDistance":0.333333,"touchZone":"none","type":4,"width":14.7252}],"r":[[0.694744,-0.543232,0.471413],[0.541327,0.826475,0.154609],[-0.473599,0.147775,0.868255]],"s":0.93372,"t":[60.9213,106.904,-191.126],"timestamp":3211447613},false],[4,{"currentFrameRate":110.246,"devices":[],"gestures":[],"hands":[{"armBasis":[[0.717327,-0.320959,-0.618408],[0.572764,0.777026,0.261099],[0.396717,-0.541494,0.741215]],"armWidth":58.4334,"confidence":0.575446,"direction":[0.174418,0.437291,-0.882244],"elbow":[77.7989,144.846,207.59],"grabStrength":0,"id":279,"palmNormal":[-0.548402,-0.701018,-0.455883],"palmPosition":[-19.6801,301.735,-20.607],"palmVelocity":[-26.1546,22.7288,-133.395],"palmWidth":83.4409,"pinchStrength":0.877073,"r":[[0.69481,-0.542345,0.472335],[0.541161,0.826823,0.153323],[-0.473692,0.149079,0.867981]],"s":0.937823,"sphereCenter":[-38.7889,280.458,-54.5813],"sphereRadius":42.6675,"stabilizedPalmPosition":[-31.2352,258.76,99.3666],"t":[60.6847,107.121,-192.273],"timeVisible":4.34744,"type":"right","wrist":[-20.4278,278.92,24.0659]}],"id":312646,"interactionBox":{"center":[0,200,0],"size":[235.247,235.247,147.751]},"pointables":[{"bases":[[[0.85363,0.485653,0.188301],[-0.480994,0.596217,0.642783],[0.199901,-0.63927,0.742545]],[[0.748747,0.660765,-0.0526093],[-0.550457,0.66404,0.506012],[0.36929,-0.349916,0.860921]],[[0.748747,0.660765,-0.0526093],[-0.662856,0.746467,-0.058389],[0.000689724,0.078591,0.996907]],[[0.748747,0.660765,-0.0526093],[-0.53235,0.552144,-0.64167],[-0.394945,0.508455,0.765174]]],"btipPosition":[-56.2366,287.98,-61.6095],"carpPosition":[-47.7867,285.332,25.3922],"dipPosition":[-64.7129,298.892,-45.1875],"direction":[-0.000689724,-0.078591,-0.996907],"extended":false,"handId":279,"id":2790,"length":47.7925,"mcpPosition":[-47.7867,285.332,25.3922],"pipPosition":[-64.6914,301.35,-14.0174],"stabilizedTipPosition":[-72.0527,244.389,54.6375],"timeVisible":4.34744,"tipPosition":[-58.4109,289.378,-57.8423],"tipVelocity":[-20.9746,59.2278,-129.533],"tool":false,"touchDistance":-0.47427,"touchZone":"touching","type":0,"width":18.5699},{"bases":[[[0.835497,-0.481919,-0.264004],[0.547472,0.77124,0.324752],[0.0471056,-0.415864,0.908206]],[[0.83603,-0.520991,-0.172112],[0.548119,0.807249,0.218895],[0.0248953,-0.277341,0.960449]],[[0.83603,-0.520991,-0.172112],[0.541932,0.833124,0.110516],[0.0858134,-0.185668,0.978858]],[[0.83603,-0.520991,-0.172112],[0.532519,0.846026,0.0257408],[0.132201,-0.113173,0.984741]]],"btipPosition":[-38.3252,342.898,-112.198],"carpPosition":[-30.193,298.026,24.0402],"dipPosition":[-36.2539,341.125,-96.7689],"direction":[-0.0858134,0.185668,-0.978858],"extended":true,"handId":279,"id":2791,"length":53.9285,"mcpPosition":[-33.371,326.083,-37.2327],"pipPosition":[-34.3518,337.01,-75.0724],"stabilizedTipPosition":[-53.0344,307.642,-24.9546],"timeVisible":4.34744,"tipPosition":[-38.4761,340.958,-108.808],"tipVelocity":[-6.5009,64.9072,-127.622],"tool":false,"touchDistance":-0.484112,"touchZone":"touching","type":1,"width":17.738},{"bases":[[[0.728526,-0.658043,-0.190343],[0.681742,0.669345,0.295305],[-0.0669182,-0.344902,0.93625]],[[0.728258,-0.659389,-0.186672],[0.306265,0.556832,-0.772101],[0.61306,0.505118,0.607465]],[[0.728258,-0.659389,-0.186672],[-0.365377,-0.143148,-0.919787],[0.579776,0.738048,-0.345175]],[[0.728258,-0.659389,-0.186672],[-0.597916,-0.478264,-0.643241],[0.334868,0.58006,-0.742559]]],"btipPosition":[-63.7374,264.569,-43.8466],"carpPosition":[-20.0311,294.072,21.1075],"dipPosition":[-57.9667,274.565,-56.643],"direction":[-0.579776,-0.738048,0.345175],"extended":false,"handId":279,"id":2792,"length":61.4471,"mcpPosition":[-15.7497,316.138,-38.7934],"pipPosition":[-42.8478,293.812,-65.6442],"stabilizedTipPosition":[-70.1953,219.529,80.8099],"timeVisible":4.34744,"tipPosition":[-62.3491,266.774,-46.3516],"tipVelocity":[-26.4405,18.7118,-109.36],"tool":false,"touchDistance":0.333333,"touchZone":"none","type":2,"width":17.4211},{"bases":[[[0.657258,-0.750199,-0.0722071],[0.729569,0.609285,0.310646],[-0.189052,-0.256855,0.947779]],[[0.653515,-0.754983,-0.0540322],[0.41949,0.42068,-0.804398],[0.630037,0.50302,0.591628]],[[0.653515,-0.754983,-0.0540322],[-0.316153,-0.207408,-0.925759],[0.687725,0.62208,-0.374234]],[[0.653515,-0.754983,-0.0540322],[-0.599348,-0.472556,-0.646122],[0.462277,0.454634,-0.761319]]],"btipPosition":[-51.5967,258.059,-37.6195],"carpPosition":[-11.2507,287.507,18.5131],"dipPosition":[-43.6761,265.848,-50.6638],"direction":[-0.687725,-0.62208,0.374234],"extended":false,"handId":279,"id":2793,"length":59.0831,"mcpPosition":[-0.39102,302.261,-35.9301],"pipPosition":[-26.2053,281.651,-60.1707],"stabilizedTipPosition":[-56.7134,215.306,84.1339],"timeVisible":4.34744,"tipPosition":[-49.703,259.849,-40.21],"tipVelocity":[-28.3224,19.7633,-112.316],"tool":false,"touchDistance":0.333333,"touchZone":"none","type":3,"width":16.5772},{"bases":[[[0.501319,-0.865175,-0.0123552],[0.803328,0.460082,0.378139],[-0.321472,-0.199493,0.925666]],[[0.483768,-0.874447,0.0362127],[0.527135,0.258096,-0.809639],[0.69864,0.410766,0.58581]],[[0.483768,-0.874447,0.0362127],[-0.318214,-0.214288,-0.923483],[0.815297,0.435228,-0.381927]],[[0.483768,-0.874447,0.0362127],[-0.648209,-0.385794,-0.656497],[0.588042,0.294118,-0.753459]]],"btipPosition":[-35.9493,260.458,-33.4567],"carpPosition":[-6.47136,275.625,16.0003],"dipPosition":[-26.6543,265.107,-45.3664],"direction":[-0.815297,-0.435228,0.381927],"extended":false,"handId":279,"id":2794,"length":46.32,"mcpPosition":[10.6227,286.233,-33.2215],"pipPosition":[-12.0311,272.913,-52.2167],"stabilizedTipPosition":[-42.356,218.852,83.1091],"timeVisible":4.34744,"tipPosition":[-33.8113,261.519,-35.4543],"tipVelocity":[-28.2294,21.6771,-126.319],"tool":false,"touchDistance":0.333333,"touchZone":"none","type":4,"width":14.7252}],"r":[[0.69481,-0.542345,0.472335],[0.541161,0.826823,0.153323],[-0.473692,0.149079,0.867981]],"s":0.937823,"t":[60.6847,107.121,-192.273],"timestamp":3211456377},false],[5,{"currentFrameRate":110.268,"devices":[],"gestures":[],"hands":[{"armBasis":[[0.71454,-0.325014,-0.619515],[0.57568,0.776339,0.256692],[0.397525,-0.540059,0.741829]],"armWidth":58.4334,"confidence":0.578498,"direction":[0.174641,0.437485,-0.882104],"elbow":[77.8018,145.297,206.974],"grabStrength":0,"id":279,"palmNormal":[-0.551087,-0.698983,-0.45577],"palmPosition":[-19.8639,301.864,-21.3572],"palmVelocity":[-24.5573,20.4102,-119.539],"palmWidth":83.4409,"pinchStrength":0.864827,"r":[[0.694653,-0.542132,0.472811],[0.541566,0.826748,0.152294],[-0.473459,0.150267,0.867904]],"s":0.94195,"sphereCenter":[-39.2326,280.949,-55.298],"sphereRadius":42.682,"stabilizedPalmPosition":[-31.2344,258.763,99.3588],"t":[60.4744,107.293,-193.221],"timeVisible":4.35647,"type":"right","wrist":[-20.625,279.015,23.298]}],"id":312647,"interactionBox":{"center":[0,200,0],"size":[235.247,235.247,147.751]},"pointables":[{"bases":[[[0.855328,0.482915,0.187632],[-0.478389,0.597142,0.643868],[0.198891,-0.64048,0.741774]],[[0.752649,0.656545,-0.0496868],[-0.54604,0.664571,0.510085],[0.367914,-0.356784,0.858688]],[[0.752649,0.656545,-0.0496868],[-0.658417,0.7508,-0.0527907],[0.00264543,0.0724475,0.997369]],[[0.752649,0.656545,-0.0496868],[-0.530091,0.559463,-0.637185],[-0.390543,0.505915,0.769108]]],"btipPosition":[-56.5053,288.718,-62.3347],"carpPosition":[-47.9627,285.508,24.6637],"dipPosition":[-64.8871,299.575,-45.8282],"direction":[-0.00264543,-0.0724475,-0.997369],"extended":false,"handId":279,"id":2790,"length":47.7925,"mcpPosition":[-47.9627,285.508,24.6637],"pipPosition":[-64.8044,301.841,-14.6437],"stabilizedTipPosition":[-72.0485,244.403,54.6031],"timeVisible":4.35647,"tipPosition":[-58.6364,290.059,-58.5459],"tipVelocity":[-22.7288,65.0277,-115.387],"tool":false,"touchDistance":-0.465763,"touchZone":"touching","type":0,"width":18.5699},{"bases":[[[0.833707,-0.484227,-0.265438],[0.550205,0.769315,0.324698],[0.0469781,-0.416749,0.907807]],[[0.834288,-0.522837,-0.174942],[0.550864,0.803529,0.225588],[0.022625,-0.284574,0.958387]],[[0.834288,-0.522837,-0.174942],[0.544937,0.830178,0.117678],[0.0837062,-0.19351,0.977521]],[[0.834288,-0.522837,-0.174942],[0.535699,0.843763,0.0330209],[0.130345,-0.121265,0.984025]]],"btipPosition":[-38.2908,343.668,-112.789],"carpPosition":[-30.3324,298.151,23.3],"dipPosition":[-36.2485,341.768,-97.3712],"direction":[-0.0837062,0.19351,-0.977521],"extended":true,"handId":279,"id":2791,"length":53.9285,"mcpPosition":[-33.5018,326.267,-37.9459],"pipPosition":[-34.3932,337.479,-75.7044],"stabilizedTipPosition":[-53.0254,307.663,-25.0047],"timeVisible":4.35647,"tipPosition":[-38.4541,341.698,-109.414],"tipVelocity":[-3.86418,69.616,-110.584],"tool":false,"touchDistance":-0.47294,"touchZone":"touching","type":1,"width":17.738},{"bases":[[[0.726295,-0.660086,-0.191788],[0.68413,0.667039,0.295],[-0.0667955,-0.345465,0.936052]],[[0.726024,-0.661451,-0.188074],[0.306133,0.555785,-0.772907],[0.615769,0.503573,0.606005]],[[0.726024,-0.661451,-0.188074],[-0.36822,-0.142952,-0.918683],[0.580778,0.736239,-0.347346]],[[0.726024,-0.661451,-0.188074],[-0.600892,-0.477228,-0.641235],[0.334391,0.578564,-0.74394]]],"btipPosition":[-64.038,264.843,-44.445],"carpPosition":[-20.1862,294.168,20.3515],"dipPosition":[-58.2755,274.813,-57.2652],"direction":[-0.580778,-0.736239,0.347346],"extended":false,"handId":279,"id":2792,"length":61.4471,"mcpPosition":[-15.9126,316.271,-39.5367],"pipPosition":[-43.1304,294.012,-66.323],"stabilizedTipPosition":[-70.1952,219.53,80.8082],"timeVisible":4.35647,"tipPosition":[-62.6614,267.051,-47.0256],"tipVelocity":[-28.3822,21.7137,-97.6607],"tool":false,"touchDistance":0.333333,"touchZone":"none","type":2,"width":17.4211},{"bases":[[[0.654896,-0.752123,-0.0736385],[0.731795,0.606821,0.310233],[-0.188648,-0.257058,0.947804]],[[0.651256,-0.756796,-0.0559114],[0.419953,0.420794,-0.804097],[0.632064,0.500192,0.591863]],[[0.651256,-0.756796,-0.0559114],[-0.317966,-0.20524,-0.925621],[0.689031,0.620594,-0.374299]],[[0.651256,-0.756796,-0.0559114],[-0.601761,-0.470143,-0.645639],[0.46233,0.454121,-0.761593]]],"btipPosition":[-51.9152,258.304,-38.3965],"carpPosition":[-11.4289,287.579,17.7408],"dipPosition":[-43.9937,266.085,-51.4456],"direction":[-0.689031,-0.620594,0.374299],"extended":false,"handId":279,"id":2793,"length":59.0831,"mcpPosition":[-0.592401,302.345,-36.7039],"pipPosition":[-26.4898,281.851,-60.9541],"stabilizedTipPosition":[-56.7133,215.306,84.1319],"timeVisible":4.35647,"tipPosition":[-50.0294,260.089,-40.9873],"tipVelocity":[-30.2297,21.756,-105.118],"tool":false,"touchDistance":0.333333,"touchZone":"none","type":3,"width":16.5772},{"bases":[[[0.498684,-0.866676,-0.0136859],[0.805186,0.457341,0.377512],[-0.320921,-0.199279,0.925904]],[[0.481128,-0.875951,0.0349957],[0.52664,0.25689,-0.810344],[0.700832,0.40831,0.584908]],[[0.481128,-0.875951,0.0349957],[-0.320657,-0.212998,-0.922936],[0.815901,0.432829,-0.38336]],[[0.481128,-0.875951,0.0349957],[-0.6507,-0.383587,-0.655325],[0.587456,0.292523,-0.754536]]],"btipPosition":[-36.2685,260.654,-34.1853],"carpPosition":[-6.68863,275.684,15.2123],"dipPosition":[-26.9828,265.278,-46.1121],"direction":[-0.815901,-0.432829,0.38336],"extended":false,"handId":279,"id":2794,"length":46.32,"mcpPosition":[10.3762,286.281,-34.022],"pipPosition":[-12.3487,273.041,-52.988],"stabilizedTipPosition":[-42.3559,218.853,83.1073],"timeVisible":4.35647,"tipPosition":[-34.1329,261.707,-36.219],"tipVelocity":[-30.2545,21.5049,-113.874],"tool":false,"touchDistance":0.333333,"touchZone":"none","type":4,"width":14.7252}],"r":[[0.694653,-0.542132,0.472811],[0.541566,0.826748,0.152294],[-0.473459,0.150267,0.867904]],"s":0.94195,"t":[60.4744,107.293,-193.221],"timestamp":3211465407},false],[6,{"currentFrameRate":110.236,"devices":[],"gestures":[],"hands":[{"armBasis":[[0.723984,-0.312112,-0.61517],[0.565374,0.779414,0.269937],[0.395222,-0.54323,0.740743]],"armWidth":58.4334,"confidence":0.536427,"direction":[0.175888,0.437562,-0.881818],"elbow":[76.915,145.24,205.271],"grabStrength":0,"id":279,"palmNormal":[-0.540967,-0.705438,-0.457943],"palmPosition":[-20.1238,302.514,-22.8311],"palmVelocity":[-25.6475,34.5223,-131.19],"palmWidth":83.4409,"pinchStrength":0.862473,"r":[[0.69502,-0.540356,0.474302],[0.540005,0.827851,0.151845],[-0.474702,0.150591,0.867168]],"s":0.945637,"sphereCenter":[-39.2562,281.752,-56.7831],"sphereRadius":42.6437,"stabilizedPalmPosition":[-31.2336,258.766,99.35],"t":[60.2394,107.705,-194.433],"timeVisible":4.3656,"type":"right","wrist":[-20.9415,279.743,21.8632]}],"id":312648,"interactionBox":{"center":[0,200,0],"size":[235.247,235.247,147.751]},"pointables":[{"bases":[[[0.849127,0.491976,0.192204],[-0.488614,0.593455,0.639583],[0.200596,-0.637001,0.744306]],[[0.746763,0.663553,-0.0452012],[-0.555902,0.660033,0.505301],[0.365128,-0.352212,0.861759]],[[0.746763,0.663553,-0.0452012],[-0.665068,0.744454,-0.0589241],[-0.005449,0.0740642,0.997239]],[[0.746763,0.663553,-0.0452012],[-0.529399,0.551895,-0.644321],[-0.402594,0.505084,0.763419]]],"btipPosition":[-56.2556,288.927,-63.9734],"carpPosition":[-48.3523,285.96,23.0394],"dipPosition":[-64.896,299.767,-47.589],"direction":[0.005449,-0.0740642,-0.997239],"extended":false,"handId":279,"id":2790,"length":47.7925,"mcpPosition":[-48.3523,285.96,23.0394],"pipPosition":[-65.0664,302.083,-16.4085],"stabilizedTipPosition":[-72.0439,244.419,54.565],"timeVisible":4.3656,"tipPosition":[-58.4627,290.311,-60.2236],"tipVelocity":[-10.6221,53.2185,-134.064],"tool":false,"touchDistance":-0.472521,"touchZone":"touching","type":0,"width":18.5699},{"bases":[[[0.840302,-0.476198,-0.259089],[0.540219,0.775507,0.326729],[0.0453372,-0.414516,0.908912]],[[0.840743,-0.514104,-0.169846],[0.541196,0.807255,0.235469],[0.0160535,-0.289889,0.956926]],[[0.840743,-0.514104,-0.169846],[0.536097,0.834373,0.128145],[0.0758347,-0.198791,0.977103]],[[0.840743,-0.514104,-0.169846],[0.52759,0.848377,0.043645],[0.121655,-0.126303,0.984504]]],"btipPosition":[-38.1214,344.551,-114.339],"carpPosition":[-30.8432,298.779,21.7648],"dipPosition":[-36.2153,342.572,-98.9142],"direction":[-0.0758347,0.198791,-0.977103],"extended":true,"handId":279,"id":2791,"length":53.9285,"mcpPosition":[-33.902,326.745,-39.5557],"pipPosition":[-34.5344,338.166,-77.2566],"stabilizedTipPosition":[-53.012,307.695,-25.0794],"timeVisible":4.3656,"tipPosition":[-38.3148,342.537,-110.978],"tipVelocity":[1.41222,76.6025,-127.003],"tool":false,"touchDistance":-0.47721,"touchZone":"touching","type":1,"width":17.738},{"bases":[[[0.734213,-0.653004,-0.185787],[0.675369,0.674547,0.298099],[-0.0693378,-0.344343,0.93628]],[[0.733931,-0.654373,-0.18205],[0.304429,0.55651,-0.773059],[0.607181,0.51195,0.60765]],[[0.733931,-0.654373,-0.18205],[-0.362631,-0.150871,-0.919639],[0.574321,0.740969,-0.348025]],[[0.733931,-0.654373,-0.18205],[-0.592992,-0.486607,-0.64154],[0.331219,0.5788,-0.745174]]],"btipPosition":[-63.7246,265,-45.955],"carpPosition":[-20.638,294.894,18.8898],"dipPosition":[-58.0167,274.974,-58.7965],"direction":[-0.574321,-0.740969,0.348025],"extended":false,"handId":279,"id":2792,"length":61.4471,"mcpPosition":[-16.2018,316.925,-41.013],"pipPosition":[-43.0401,294.296,-67.872],"stabilizedTipPosition":[-70.1951,219.531,80.8066],"timeVisible":4.3656,"tipPosition":[-62.3773,267.219,-48.625],"tipVelocity":[-11.337,20.4904,-116.642],"tool":false,"touchDistance":0.333333,"touchZone":"none","type":2,"width":17.4211},{"bases":[[[0.662992,-0.745539,-0.0679204],[0.723545,0.614848,0.313758],[-0.192158,-0.257163,0.947071]],[[0.659371,-0.750112,-0.0506114],[0.420456,0.423726,-0.802292],[0.623254,0.507729,0.594782]],[[0.659371,-0.750112,-0.0506114],[-0.310539,-0.210429,-0.926976],[0.684686,0.626939,-0.37169]],[[0.659371,-0.750112,-0.0506114],[-0.593249,-0.477769,-0.647914],[0.461827,0.457241,-0.76003]]],"btipPosition":[-51.602,258.598,-39.9591],"carpPosition":[-11.7973,288.39,16.3487],"dipPosition":[-43.6891,266.433,-52.9813],"direction":[-0.684686,-0.626939,0.37169],"extended":false,"handId":279,"id":2793,"length":59.0831,"mcpPosition":[-0.759182,303.162,-38.0538],"pipPosition":[-26.2956,282.359,-62.4236],"stabilizedTipPosition":[-56.7132,215.307,84.13],"timeVisible":4.3656,"tipPosition":[-49.7273,260.397,-42.5654],"tipVelocity":[-12.3556,25.0293,-123.289],"tool":false,"touchDistance":0.333333,"touchZone":"none","type":3,"width":16.5772},{"bases":[[[0.50757,-0.861566,-0.0087528],[0.798018,0.466254,0.381805],[-0.324869,-0.200778,0.924201]],[[0.489759,-0.870943,0.0399263],[0.529403,0.260691,-0.807324],[0.692725,0.416531,0.588756]],[[0.489759,-0.870943,0.0399263],[-0.312437,-0.218078,-0.924568],[0.813953,0.440341,-0.37892]],[[0.489759,-0.870943,0.0399263],[-0.642543,-0.391518,-0.658674],[0.5893,0.296937,-0.751368]]],"btipPosition":[-36.0211,261.118,-35.6872],"carpPosition":[-6.91979,276.54,13.8744],"dipPosition":[-26.7062,265.812,-47.5638],"direction":[-0.813953,-0.440341,0.37892],"extended":false,"handId":279,"id":2794,"length":46.32,"mcpPosition":[10.3549,287.216,-35.2694],"pipPosition":[-12.1071,273.71,-54.3602],"stabilizedTipPosition":[-42.3558,218.854,83.1055],"timeVisible":4.3656,"tipPosition":[-33.8843,262.187,-37.7153],"tipVelocity":[-14.