{"sensorType":"Leap","data":[[0,{"currentFrameRate":110.395,"devices":[],"gestures":[],"hands":[{"armBasis":[[-0.903605,-0.382778,0.192299],[-0.147197,0.699032,0.699777],[0.402283,-0.604016,0.687992]],"armWidth":58.4334,"confidence":0.58548,"direction":[-0.356995,0.480981,-0.800757],"elbow":[80.1513,148.644,199.695],"grabStrength":0,"id":278,"palmNormal":[0.211588,-0.793325,-0.570847],"palmPosition":[-29.9337,321.482,-13.834],"palmVelocity":[-46.4038,49.4361,-190.064],"palmWidth":83.4409,"pinchStrength":0.892823,"r":[[0.60368,-0.580981,0.545923],[0.551962,0.798697,0.239629],[-0.575247,0.156669,0.802836]],"s":1.27195,"sphereCenter":[-27.5119,295.416,-53.1201],"sphereRadius":43.7748,"stabilizedPalmPosition":[-35.6427,270.199,88.2743],"t":[53.1375,107.329,-222.593],"timeVisible":3.9317,"type":"left","wrist":[-19.4536,298.198,29.3491]}],"id":311908,"interactionBox":{"center":[0,200,0],"size":[235.247,235.247,147.751]},"pointables":[{"bases":[[[-0.625024,0.653243,0.427339],[0.77692,0.467441,0.421774],[-0.0757649,-0.595627,0.79968]],[[-0.530364,0.846903,0.0383452],[0.84727,0.531062,-0.010327],[0.0291097,-0.0270117,0.999211]],[[-0.530364,0.846903,0.0383452],[0.624082,0.420638,-0.658472],[0.573791,0.325299,0.751628]],[[-0.530364,0.846903,0.0383452],[-0.0789339,-0.00429615,-0.996871],[0.844088,0.531731,-0.0691278]]],"btipPosition":[-29.8411,278.242,-46.2925],"carpPosition":[7.54775,298.588,21.4649],"dipPosition":[-11.7254,289.654,-47.7761],"direction":[-0.573791,-0.325299,-0.751628],"extended":false,"handId":278,"id":2780,"length":47.7925,"mcpPosition":[7.54775,298.588,21.4649],"pipPosition":[6.21522,299.825,-24.2751],"stabilizedTipPosition":[-27.3667,236.754,47.6696],"timeVisible":3.9317,"tipPosition":[-24.8489,281.354,-46.3342],"tipVelocity":[-49.3122,44.8224,-194.707],"tool":false,"touchDistance":-0.551053,"touchZone":"hovering","type":0,"width":18.5699},{"bases":[[[-0.956851,-0.287164,0.0444182],[-0.238792,0.864179,0.442914],[0.165574,-0.413196,0.895463]],[[-0.922279,-0.344589,0.1751],[-0.282493,0.910115,0.30313],[0.263816,-0.230106,0.936724]],[[-0.922279,-0.344589,0.1751],[-0.315164,0.932678,0.17545],[0.22377,-0.106628,0.968792]],[[-0.922279,-0.344589,0.1751],[-0.336285,0.938686,0.0760297],[0.190563,-0.0112372,0.981611]]],"btipPosition":[-35.9886,354.255,-108.986],"carpPosition":[-6.47859,314.773,25.1852],"dipPosition":[-33.0029,354.078,-93.6063],"direction":[-0.22377,0.106628,-0.968792],"extended":true,"handId":278,"id":2781,"length":53.9285,"mcpPosition":[-17.6492,342.649,-35.228],"pipPosition":[-28.043,351.715,-72.133],"stabilizedTipPosition":[-42.6333,323.969,-54.4642],"timeVisible":3.9317,"tipPosition":[-34.838,352.896,-105.641],"tipVelocity":[-18.3875,75.8254,-186.131],"tool":false,"touchDistance":-0.557235,"touchZone":"hovering","type":1,"width":17.738},{"bases":[[[-0.870862,-0.483434,0.088829],[-0.393428,0.793908,0.463599],[0.294642,-0.368783,0.881581]],[[-0.858414,-0.497762,0.12393],[-0.512104,0.817667,-0.263001],[-0.0295786,0.289229,0.956803]],[[-0.858414,-0.497762,0.12393],[-0.254867,0.204208,-0.945167],[-0.445161,0.84293,0.302159]],[[-0.858414,-0.497762,0.12393],[0.0408489,-0.307165,-0.950779],[-0.511329,0.811099,-0.284008]]],"btipPosition":[-14.7525,287.989,-75.7914],"carpPosition":[-17.629,313.137,25.889],"dipPosition":[-23.5642,301.966,-80.6856],"direction":[0.445161,-0.84293,-0.302159],"extended":false,"handId":278,"id":2782,"length":61.4471,"mcpPosition":[-36.4801,336.732,-30.5142],"pipPosition":[-35.1727,323.948,-72.8062],"stabilizedTipPosition":[-23.5746,237.451,28.9691],"timeVisible":3.9317,"tipPosition":[-16.3023,290.644,-75.8411],"tipVelocity":[-30.2316,50.5305,-194.615],"tool":false,"touchDistance":-0.569081,"touchZone":"hovering","type":2,"width":17.4211},{"bases":[[[-0.785858,-0.590898,0.18239],[-0.445049,0.74518,0.496627],[0.42937,-0.309106,0.848584]],[[-0.752155,-0.612029,0.244301],[-0.652515,0.743526,-0.146264],[0.0921261,0.269423,0.958605]],[[-0.752155,-0.612029,0.244301],[-0.442769,0.194784,-0.875223],[-0.488076,0.766472,0.417495]],[[-0.752155,-0.612029,0.244301],[-0.0866626,-0.275636,-0.957348],[-0.653263,0.741246,-0.154281]]],"btipPosition":[-32.7855,283.196,-69.38],"carpPosition":[-27.9384,308.651,26.6044],"dipPosition":[-43.9784,295.897,-72.0234],"direction":[0.488076,-0.766472,-0.417495],"extended":false,"handId":278,"id":2783,"length":59.0831,"mcpPosition":[-52.6027,326.407,-22.1408],"pipPosition":[-56.3773,315.368,-61.4175],"stabilizedTipPosition":[-39.4133,230.821,40.9828],"timeVisible":3.9317,"tipPosition":[-34.8599,285.871,-69.4135],"tipVelocity":[-22.4179,42.6805,-183.608],"tool":false,"touchDistance":-0.558144,"touchZone":"hovering","type":3,"width":16.5772},{"bases":[[[-0.646472,-0.73765,0.194798],[-0.522166,0.613946,0.591956],[0.556252,-0.280966,0.782075]],[[-0.714224,-0.694121,0.0898872],[-0.698515,0.715015,-0.0288008],[0.0442795,0.0833579,0.995535]],[[-0.714224,-0.694121,0.0898872],[-0.433868,0.338296,-0.835053],[-0.54922,0.635414,0.542777]],[[-0.714224,-0.694121,0.0898872],[-0.0442505,-0.0833875,-0.995534],[-0.698517,0.715012,-0.0288421]]],"btipPosition":[-45.7593,287.652,-56.7596],"carpPosition":[-35.6372,298.114,26.3869],"dipPosition":[-56.8005,298.954,-57.2155],"direction":[0.54922,-0.635414,-0.542777],"extended":false,"handId":278,"id":2784,"length":46.32,"mcpPosition":[-65.2156,313.054,-15.1994],"pipPosition":[-66.6514,310.351,-47.4802],"stabilizedTipPosition":[-51.4703,231.122,59.6988],"timeVisible":3.9317,"tipPosition":[-47.7413,289.585,-56.0858],"tipVelocity":[-33.9471,56.1001,-199.344],"tool":false,"touchDistance":-0.569247,"touchZone":"hovering","type":4,"width":14.7252}],"r":[[0.60368,-0.580981,0.545923],[0.551962,0.798697,0.239629],[-0.575247,0.156669,0.802836]],"s":1.27195,"t":[53.1375,107.329,-222.593],"timestamp":3204668503},false],[1,{"currentFrameRate":110.276,"devices":[],"gestures":[],"hands":[{"armBasis":[[-0.902021,-0.386113,0.193068],[-0.153065,0.704239,0.693267],[0.403646,-0.595789,0.694338]],"armWidth":58.4334,"confidence":0.595493,"direction":[-0.355787,0.478341,-0.802874],"elbow":[80.0964,151.027,200.063],"grabStrength":0,"id":278,"palmNormal":[0.214824,-0.794223,-0.568384],"palmPosition":[-30.2554,321.704,-15.1215],"palmVelocity":[-43.0995,42.2591,-175.61],"palmWidth":83.4409,"pinchStrength":0.898538,"r":[[0.601806,-0.580678,0.548308],[0.551356,0.79877,0.240774],[-0.577785,0.157414,0.800866]],"s":1.27354,"sphereCenter":[-27.6134,295.721,-54.3358],"sphereRadius":43.7494,"stabilizedPalmPosition":[-35.6272,270.348,87.9763],"t":[52.7649,107.651,-224.153],"timeVisible":3.94098,"type":"left","wrist":[-19.8459,298.544,28.1453]}],"id":311909,"interactionBox":{"center":[0,200,0],"size":[235.247,235.247,147.751]},"pointables":[{"bases":[[[-0.627568,0.652936,0.424069],[0.774772,0.470065,0.422809],[-0.0767271,-0.593898,0.800874]],[[-0.532394,0.84576,0.0352933],[0.846048,0.533007,-0.0103382],[0.0275551,-0.0243558,0.999324]],[[-0.532394,0.84576,0.0352933],[0.624207,0.420409,-0.6585],[0.571771,0.328551,0.751753]],[[-0.532394,0.84576,0.0352933],[-0.0706093,-0.00282228,-0.9975],[0.843546,0.533556,-0.0612211]]],"btipPosition":[-30.0667,278.364,-47.6015],"carpPosition":[7.1762,298.973,20.3347],"dipPosition":[-11.9626,289.815,-48.9154],"direction":[-0.571771,-0.328551,-0.751753],"extended":false,"handId":278,"id":2780,"length":47.7925,"mcpPosition":[7.1762,298.973,20.3347],"pipPosition":[5.91483,300.088,-25.4105],"stabilizedTipPosition":[-27.3624,236.884,47.3888],"timeVisible":3.94098,"tipPosition":[-25.0883,281.473,-47.5841],"tipVelocity":[-42.3508,36.1704,-178.413],"tool":false,"touchDistance":-0.543329,"touchZone":"hovering","type":0,"width":18.5699},{"bases":[[[-0.956367,-0.289067,0.042458],[-0.241822,0.864718,0.440209],[0.163964,-0.410734,0.896891]],[[-0.921974,-0.346185,0.173551],[-0.283886,0.909018,0.305114],[0.263387,-0.232039,0.936368]],[[-0.921974,-0.346185,0.173551],[-0.316352,0.931782,0.178054],[0.223351,-0.109258,0.968595]],[[-0.921974,-0.346185,0.173551],[-0.337368,0.938058,0.0789244],[0.190123,-0.0142158,0.981657]]],"btipPosition":[-36.2625,354.633,-110.272],"carpPosition":[-6.8942,315.136,23.978],"dipPosition":[-33.2837,354.41,-94.8914],"direction":[-0.223351,0.109258,-0.968595],"extended":true,"handId":278,"id":2781,"length":53.9285,"mcpPosition":[-17.9562,342.847,-36.5314],"pipPosition":[-28.3331,351.989,-73.4224],"stabilizedTipPosition":[-42.5615,324.281,-54.9961],"timeVisible":3.94098,"tipPosition":[-35.1038,353.255,-106.934],"tipVelocity":[-21.5722,65.6355,-172.73],"tool":false,"touchDistance":-0.549129,"touchZone":"hovering","type":1,"width":17.738},{"bases":[[[-0.870091,-0.485051,0.0875696],[-0.396368,0.794172,0.460634],[0.292976,-0.366084,0.88326]],[[-0.85773,-0.499248,0.122683],[-0.513037,0.815885,-0.266693],[-0.0330507,0.291692,0.955941]],[[-0.85773,-0.499248,0.122683],[-0.252564,0.201352,-0.946398],[-0.447785,0.842739,0.298798]],[[-0.85773,-0.499248,0.122683],[0.044119,-0.309238,-0.949961],[-0.512204,0.809397,-0.287269]]],"btipPosition":[-14.823,288.083,-76.9509],"carpPosition":[-18.0431,313.479,24.655],"dipPosition":[-23.6498,302.032,-81.9013],"direction":[0.447785,-0.842739,-0.298798],"extended":false,"handId":278,"id":2782,"length":61.4471,"mcpPosition":[-36.7876,336.901,-31.8556],"pipPosition":[-35.3267,324.008,-74.1095],"stabilizedTipPosition":[-23.5519,237.632,28.6077],"timeVisible":3.94098,"tipPosition":[-16.3914,290.752,-77.0345],"tipVelocity":[-23.9619,38.9633,-175.387],"tool":false,"touchDistance":-0.558093,"touchZone":"hovering","type":2,"width":17.4211},{"bases":[[[-0.785121,-0.592115,0.181619],[-0.447977,0.745413,0.493635],[0.42767,-0.306202,0.850493]],[[-0.751529,-0.613037,0.243698],[-0.653828,0.741332,-0.151446],[0.087819,0.273152,0.957954]],[[-0.751529,-0.613037,0.243698],[-0.439795,0.190234,-0.87772],[-0.491715,0.766809,0.412577]],[[-0.751529,-0.613037,0.243698],[-0.082303,-0.279393,-0.956643],[-0.654545,0.739002,-0.159518]]],"btipPosition":[-32.8035,283.228,-70.5001],"carpPosition":[-28.345,308.973,25.3525],"dipPosition":[-44.0184,295.89,-73.2333],"direction":[0.491715,-0.766809,-0.412577],"extended":false,"handId":278,"id":2783,"length":59.0831,"mcpPosition":[-52.9116,326.562,-23.5024],"pipPosition":[-56.5098,315.37,-62.7523],"stabilizedTipPosition":[-39.4022,230.973,40.674],"timeVisible":3.94098,"tipPosition":[-34.936,285.931,-70.6107],"tipVelocity":[-16.8033,31.3651,-166.521],"tool":false,"touchDistance":-0.547775,"touchZone":"hovering","type":3,"width":16.5772},{"bases":[[[-0.645462,-0.738544,0.194757],[-0.525084,0.614243,0.589061],[0.554676,-0.277953,0.784268]],[[-0.71359,-0.694943,0.0885644],[-0.699413,0.713945,-0.0332212],[0.0401432,0.0856494,0.995516]],[[-0.71359,-0.694943,0.0885644],[-0.430812,0.335612,-0.837715],[-0.552441,0.635939,0.538879]],[[-0.71359,-0.694943,0.0885644],[-0.0399013,-0.0858964,-0.995505],[-0.699427,0.713916,-0.0335656]]],"btipPosition":[-45.8531,287.731,-57.9792],"carpPosition":[-36.0211,298.419,25.1388],"dipPosition":[-56.9087,299.016,-58.5098],"direction":[0.552441,-0.635939,-0.538879],"extended":false,"handId":278,"id":2784,"length":46.32,"mcpPosition":[-65.5157,313.199,-16.5642],"pipPosition":[-66.8173,310.422,-48.8444],"stabilizedTipPosition":[-51.4604,231.311,59.3224],"timeVisible":3.94098,"tipPosition":[-47.8734,289.687,-57.3551],"tipVelocity":[-27.3321,42.563,-180.738],"tool":false,"touchDistance":-0.559208,"touchZone":"hovering","type":4,"width":14.7252}],"r":[[0.601806,-0.580678,0.548308],[0.551356,0.79877,0.240774],[-0.577785,0.157414,0.800866]],"s":1.27354,"t":[52.7649,107.651,-224.153],"timestamp":3204677781},false],[2,{"currentFrameRate":110.454,"devices":[],"gestures":[],"hands":[{"armBasis":[[-0.900332,-0.390239,0.192652],[-0.159141,0.707225,0.688845],[0.405063,-0.589531,0.69884]],"armWidth":58.4334,"confidence":0.596815,"direction":[-0.353429,0.477408,-0.804468],"elbow":[80.0708,152.682,200.364],"grabStrength":0,"id":278,"palmNormal":[0.218612,-0.794005,-0.567243],"palmPosition":[-30.4999,321.775,-15.9843],"palmVelocity":[-39.0498,33.1212,-155.023],"palmWidth":83.4409,"pinchStrength":0.900823,"r":[[0.600074,-0.580172,0.550738],[0.550374,0.799053,0.24208],[-0.580517,0.157846,0.798802]],"s":1.27546,"sphereCenter":[-27.5816,295.988,-55.1756],"sphereRadius":43.7232,"stabilizedPalmPosition":[-35.6157,270.463,87.7433],"t":[52.4564,107.848,-225.364],"timeVisible":3.94972,"type":"left","wrist":[-20.2223,298.649,27.3321]}],"id":311910,"interactionBox":{"center":[0,200,0],"size":[235.247,235.247,147.751]},"pointables":[{"bases":[[[-0.630502,0.651897,0.421305],[0.772171,0.471656,0.425784],[-0.0788562,-0.593777,0.800756]],[[-0.534234,0.844686,0.0331603],[0.844956,0.53476,-0.00904387],[0.025372,-0.0231874,0.999409]],[[-0.534234,0.844686,0.0331603],[0.624832,0.420997,-0.65753],[0.569367,0.330556,0.752698]],[[-0.534234,0.844686,0.0331603],[-0.062096,-0.0000918095,-0.99807],[0.843053,0.535262,-0.0525007]]],"btipPosition":[-30.2269,278.364,-48.526],"carpPosition":[6.83037,299.126,19.6308],"dipPosition":[-12.1334,289.852,-49.6528],"direction":[-0.569367,-0.330556,-0.752698],"extended":false,"handId":278,"id":2780,"length":47.7925,"mcpPosition":[6.83037,299.126,19.6308],"pipPosition":[5.66894,300.187,-26.1183],"stabilizedTipPosition":[-27.3595,236.982,47.1741],"timeVisible":3.94972,"tipPosition":[-25.248,281.481,-48.4602],"tipVelocity":[-35.9917,26.7495,-157.647],"tool":false,"touchDistance":-0.530552,"touchZone":"hovering","type":0,"width":18.5699},{"bases":[[[-0.955988,-0.290846,0.038683],[-0.245223,0.864408,0.438936],[0.161101,-0.410131,0.897685]],[[-0.921952,-0.347937,0.170129],[-0.285268,0.907153,0.309346],[0.261966,-0.23667,0.935607]],[[-0.921952,-0.347937,0.170129],[-0.317338,0.930449,0.183199],[0.222038,-0.114912,0.968243]],[[-0.921952,-0.347937,0.170129],[-0.338131,0.937296,0.0845223],[0.188869,-0.0203999,0.98179]]],"btipPosition":[-36.3553,355.125,-111.056],"carpPosition":[-7.28494,315.264,23.2117],"dipPosition":[-33.3961,354.805,-95.6736],"direction":[-0.222038,0.114912,-0.968243],"extended":true,"handId":278,"id":2781,"length":53.9285,"mcpPosition":[-18.1537,342.934,-37.3514],"pipPosition":[-28.4746,352.258,-74.2124],"stabilizedTipPosition":[-42.5044,324.536,-55.4312],"timeVisible":3.94972,"tipPosition":[-35.1865,353.701,-107.73],"tipVelocity":[-18.7773,62.4457,-150.492],"tool":false,"touchDistance":-0.534307,"touchZone":"hovering","type":1,"width":17.738},{"bases":[[[-0.869527,-0.486653,0.0842095],[-0.399717,0.793578,0.458758],[0.290083,-0.365243,0.884562]],[[-0.857346,-0.500747,0.119205],[-0.513306,0.81444,-0.270561],[-0.0383978,0.293153,0.955294]],[[-0.857346,-0.500747,0.119205],[-0.248283,0.199433,-0.947936],[-0.450903,0.842305,0.29531]],[[-0.857346,-0.500747,0.119205],[0.0491732,-0.310199,-0.949399],[-0.512386,0.808102,-0.290571]]],"btipPosition":[-14.7074,288.106,-77.6686],"carpPosition":[-18.4334,313.586,23.844],"dipPosition":[-23.5373,302.032,-82.676],"direction":[0.450903,-0.842305,-0.29531],"extended":false,"handId":278,"id":2782,"length":61.4471,"mcpPosition":[-36.9928,336.954,-32.7499],"pipPosition":[-35.2955,323.997,-74.9752],"stabilizedTipPosition":[-23.5357,237.76,28.3521],"timeVisible":3.94972,"tipPosition":[-16.3184,290.816,-77.8349],"tipVelocity":[-14.0228,29.0562,-150.815],"tool":false,"touchDistance":-0.54158,"touchZone":"hovering","type":2,"width":17.4211},{"bases":[[[-0.784739,-0.593526,0.178638],[-0.451369,0.744734,0.491567],[0.424795,-0.30512,0.852321]],[[-0.751345,-0.614374,0.240885],[-0.654613,0.74004,-0.154345],[0.0834388,0.273653,0.958202]],[[-0.751345,-0.614374,0.240885],[-0.43655,0.188999,-0.879604],[-0.494879,0.766045,0.410208]],[[-0.751345,-0.614374,0.240885],[-0.0777849,-0.280031,-0.956834],[-0.655309,0.73765,-0.162611]]],"btipPosition":[-32.75,283.276,-71.3533],"carpPosition":[-28.7295,309.061,24.5014],"dipPosition":[-43.978,295.915,-74.1394],"direction":[0.494879,-0.766045,-0.410208],"extended":false,"handId":278,"id":2783,"length":59.0831,"mcpPosition":[-53.131,326.588,-24.4585],"pipPosition":[-56.5497,315.375,-63.7186],"stabilizedTipPosition":[-39.3944,231.078,40.4596],"timeVisible":3.94972,"tipPosition":[-34.8934,285.978,-71.483],"tipVelocity":[-10.7569,24.2708,-148.443],"tool":false,"touchDistance":-0.534311,"touchZone":"hovering","type":3,"width":16.5772},{"bases":[[[-0.64486,-0.73969,0.192391],[-0.528615,0.613451,0.586724],[0.552016,-0.276654,0.786601]],[[-0.71309,-0.695886,0.0851199],[-0.700205,0.712978,-0.0370938],[0.0348755,0.0860526,0.99568]],[[-0.71309,-0.695886,0.0851199],[-0.426701,0.334469,-0.840272],[-0.556264,0.63551,0.535441]],[[-0.71309,-0.695886,0.0851199],[-0.0342967,-0.0866419,-0.995649],[-0.700233,0.712907,-0.0379169]]],"btipPosition":[-45.8233,287.746,-58.8568],"carpPosition":[-36.3849,298.493,24.2601],"dipPosition":[-56.8917,299.015,-59.4561],"direction":[0.556264,-0.63551,-0.535441],"extended":false,"handId":278,"id":2784,"length":46.32,"mcpPosition":[-65.738,313.204,-17.5669],"pipPosition":[-66.8689,310.414,-49.8524],"stabilizedTipPosition":[-51.4534,231.445,59.053],"timeVisible":3.94972,"tipPosition":[-47.8804,289.724,-58.2822],"tipVelocity":[-19.1906,31.5145,-159.714],"tool":false,"touchDistance":-0.545021,"touchZone":"hovering","type":4,"width":14.7252}],"r":[[0.600074,-0.580172,0.550738],[0.550374,0.799053,0.24208],[-0.580517,0.157846,0.798802]],"s":1.27546,"t":[52.4564,107.848,-225.364],"timestamp":3204686520},false],[3,{"currentFrameRate":110.414,"devices":[],"gestures":[],"hands":[{"armBasis":[[-0.899271,-0.394029,0.189876],[-0.166542,0.709871,0.684359],[0.404445,-0.583802,0.703989]],"armWidth":58.4334,"confidence":0.605284,"direction":[-0.353417,0.476817,-0.804824],"elbow":[79.6697,154.175,200.288],"grabStrength":0,"id":278,"palmNormal":[0.22342,-0.792425,-0.567579],"palmPosition":[-30.7365,321.855,-17.3347],"palmVelocity":[-35.4049,26.3582,-153.06],"palmWidth":83.4409,"pinchStrength":0.902987,"r":[[0.598894,-0.579381,0.55285],[0.548782,0.799691,0.243582],[-0.583236,0.157514,0.796885]],"s":1.27728,"sphereCenter":[-27.5741,296.248,-56.5376],"sphereRadius":43.6997,"stabilizedPalmPosition":[-35.6067,270.558,87.5491],"t":[52.1838,107.987,-226.645],"timeVisible":3.95885,"type":"left","wrist":[-20.4705,298.724,25.9816]}],"id":311911,"interactionBox":{"center":[0,200,0],"size":[235.247,235.247,147.751]},"pointables":[{"bases":[[[-0.634331,0.648734,0.420437],[0.76908,0.474447,0.428272],[-0.0783592,-0.595016,0.799885]],[[-0.538054,0.842258,0.0331547],[0.842574,0.538534,-0.00709492],[0.0238307,-0.0241178,0.999425]],[[-0.538054,0.842258,0.0331547],[0.624109,0.424516,-0.655952],[0.566556,0.332245,0.754074]],[[-0.538054,0.842258,0.0331547],[-0.0559911,0.00353369,-0.998425],[0.841049,0.539063,-0.0452576]]],"btipPosition":[-30.2564,278.471,-50.0066],"carpPosition":[6.59931,299.324,18.3494],"dipPosition":[-12.206,290.04,-50.9779],"direction":[-0.566556,-0.332245,-0.754074],"extended":false,"handId":278,"id":2780,"length":47.7925,"mcpPosition":[6.59931,299.324,18.3494],"pipPosition":[5.50844,300.428,-27.4004],"stabilizedTipPosition":[-27.3573,237.06,47.0023],"timeVisible":3.95885,"tipPosition":[-25.3018,281.594,-49.8935],"tipVelocity":[-27.1932,23.1342,-157.828],"tool":false,"touchDistance":-0.527502,"touchZone":"hovering","type":0,"width":18.5699},{"bases":[[[-0.954838,-0.294947,0.0359306],[-0.250005,0.862859,0.439285],[0.160569,-0.410463,0.897629]],[[-0.920857,-0.352086,0.167505],[-0.288908,0.904654,0.313264],[0.26183,-0.240078,0.934777]],[[-0.920857,-0.352086,0.167505],[-0.320886,0.928398,0.187377],[0.221484,-0.118798,0.967901]],[[-0.920857,-0.352086,0.167505],[-0.341604,0.935647,0.0887151],[0.187961,-0.0244735,0.981872]]],"btipPosition":[-36.5961,355.566,-112.313],"carpPosition":[-7.59347,315.398,21.9126],"dipPosition":[-33.6511,355.182,-96.9285],"direction":[-0.221484,0.118798,-0.967901],"extended":true,"handId":278,"id":2781,"length":53.9285,"mcpPosition":[-18.4264,343.091,-38.6466],"pipPosition":[-28.7419,352.549,-75.4749],"stabilizedTipPosition":[-42.4557,324.764,-55.8257],"timeVisible":3.95885,"tipPosition":[-35.4293,354.145,-108.992],"tipVelocity":[-20.9905,58.0685,-146.91],"tool":false,"touchDistance":-0.528048,"touchZone":"hovering","type":1,"width":17.738},{"bases":[[[-0.867662,-0.490436,0.0814559],[-0.404246,0.791352,0.458636],[0.289392,-0.365013,0.884883]],[[-0.855584,-0.504439,0.116263],[-0.515808,0.811737,-0.273906],[-0.0437941,0.294318,0.954704]],[[-0.855584,-0.504439,0.116263],[-0.244728,0.19624,-0.949525],[-0.456162,0.840851,0.29135]],[[-0.855584,-0.504439,0.116263],[0.0549397,-0.311806,-0.948556],[-0.51474,0.805182,-0.29449]]],"btipPosition":[-14.5498,288.214,-78.8215],"carpPosition":[-18.7362,313.673,22.5148],"dipPosition":[-23.4203,302.09,-83.8964],"direction":[0.456162,-0.840851,-0.29135],"extended":false,"handId":278,"id":2782,"length":61.4471,"mcpPosition":[-37.2514,337.026,-34.0996],"pipPosition":[-35.3157,324.017,-76.2988],"stabilizedTipPosition":[-23.5233,237.856,28.159],"timeVisible":3.95885,"tipPosition":[-16.2366,290.992,-79.1376],"tipVelocity":[-5.61313,23.9248,-144.479],"tool":false,"touchDistance":-0.533281,"touchZone":"hovering","type":2,"width":17.4211},{"bases":[[[-0.782659,-0.597056,0.175979],[-0.455773,0.742251,0.491258],[0.423929,-0.304281,0.853052]],[[-0.749308,-0.617847,0.238334],[-0.657394,0.737381,-0.15525],[0.0798223,0.27301,0.958694]],[[-0.749308,-0.617847,0.238334],[-0.435085,0.187989,-0.880546],[-0.499238,0.763496,0.409677]],[[-0.749308,-0.617847,0.238334],[-0.0740891,-0.279427,-0.957304],[-0.658065,0.734973,-0.163601]]],"btipPosition":[-32.6793,283.407,-72.7453],"carpPosition":[-29.0147,309.102,23.141],"dipPosition":[-43.9545,296,-75.5484],"direction":[0.499238,-0.763496,-0.409677],"extended":false,"handId":278,"id":2783,"length":59.0831,"mcpPosition":[-53.3664,326.581,-25.8609],"pipPosition":[-56.637,315.395,-65.1411],"stabilizedTipPosition":[-39.3886,231.156,40.299],"timeVisible":3.95885,"tipPosition":[-34.841,286.103,-72.8873],"tipVelocity":[-5.94478,21.1815,-149.695],"tool":false,"touchDistance":-0.530152,"touchZone":"hovering","type":3,"width":16.5772},{"bases":[[[-0.642196,-0.74264,0.189922],[-0.532701,0.610533,0.586071],[0.551193,-0.275201,0.787687]],[[-0.710599,-0.698794,0.0820734],[-0.702885,0.710282,-0.0381119],[0.0316629,0.0847704,0.995897]],[[-0.710599,-0.698794,0.0820734],[-0.425415,0.333803,-0.841188],[-0.560421,0.632662,0.534477]],[[-0.710599,-0.698794,0.0820734],[-0.0307447,-0.0856982,-0.995847],[-0.702926,0.71017,-0.0394128]]],"btipPosition":[-45.7978,287.815,-60.2723],"carpPosition":[-36.6245,298.503,22.8684],"dipPosition":[-56.9088,299.04,-60.8953],"direction":[0.560421,-0.632662,-0.534477],"extended":false,"handId":278,"id":2784,"length":46.32,"mcpPosition":[-65.9339,313.136,-19.0164],"pipPosition":[-66.9605,310.387,-51.3089],"stabilizedTipPosition":[-51.4481,231.546,58.849],"timeVisible":3.95885,"tipPosition":[-47.8766,289.793,-59.7193],"tipVelocity":[-13.3804,24.5338,-158.596],"tool":false,"touchDistance":-0.540167,"touchZone":"hovering","type":4,"width":14.7252}],"r":[[0.598894,-0.579381,0.55285],[0.548782,0.799691,0.243582],[-0.583236,0.157514,0.796885]],"s":1.27728,"t":[52.1838,107.987,-226.645],"timestamp":3204695647},false],[4,{"currentFrameRate":110.415,"devices":[],"gestures":[],"hands":[{"armBasis":[[-0.898929,-0.396214,0.186924],[-0.171278,0.710566,0.682466],[0.403224,-0.581473,0.706611]],"armWidth":58.4334,"confidence":0.609275,"direction":[-0.351428,0.47513,-0.80669],"elbow":[78.9519,154.933,199.881],"grabStrength":0,"id":278,"palmNormal":[0.227624,-0.792433,-0.565896],"palmPosition":[-31.0389,321.968,-18.4547],"palmVelocity":[-34.8487,22.5134,-144.947],"palmWidth":83.4409,"pinchStrength":0.902987,"r":[[0.597796,-0.57834,0.555124],[0.546913,0.800523,0.245049],[-0.586111,0.157115,0.794851]],"s":1.27908,"sphereCenter":[-27.6387,296.464,-57.6095],"sphereRadius":43.6773,"stabilizedPalmPosition":[-35.6,270.633,87.3942],"t":[51.8963,108.112,-227.846],"timeVisible":3.9679,"type":"left","wrist":[-20.8861,298.905,24.925]}],"id":311912,"interactionBox":{"center":[0,200,0],"size":[235.247,235.247,147.751]},"pointables":[{"bases":[[[-0.637594,0.647572,0.417282],[0.766204,0.476789,0.430817],[-0.0800293,-0.594409,0.80017]],[[-0.540342,0.840897,0.0303651],[0.8412,0.540704,-0.00463299],[0.0203144,-0.0230397,0.999528]],[[-0.540342,0.840897,0.0303651],[0.625377,0.425474,-0.654121],[0.562969,0.33446,0.75578]],[[-0.540342,0.840897,0.0303651],[-0.0486608,0.00479879,-0.998804],[0.840037,0.541173,-0.0383258]]],"btipPosition":[-30.3489,278.548,-51.1639],"carpPosition":[6.212,299.565,17.3989],"dipPosition":[-12.3201,290.163,-51.9865],"direction":[-0.562968,-0.33446,-0.75578],"extended":false,"handId":278,"id":2780,"length":47.7925,"mcpPosition":[6.212,299.565,17.3989],"pipPosition":[5.28209,300.62,-28.3556],"stabilizedTipPosition":[-27.3558,237.118,46.8741],"timeVisible":3.9679,"tipPosition":[-25.4209,281.669,-51.0026],"tipVelocity":[-22.6578,19.4258,-148.497],"tool":false,"touchDistance":-0.519933,"touchZone":"hovering","type":0,"width":18.5699},{"bases":[[[-0.954235,-0.297289,0.0324692],[-0.253879,0.862673,0.437426],[0.158052,-0.409164,0.898668]],[[-0.920618,-0.354228,0.164274],[-0.29131,0.903236,0.315124],[0.260004,-0.242255,0.934725]],[[-0.920618,-0.354228,0.164274],[-0.322871,0.927194,0.189908],[0.219584,-0.121794,0.967961]],[[-0.920618,-0.354228,0.164274],[-0.343314,0.934741,0.0916214],[0.186008,-0.0279509,0.982151]]],"btipPosition":[-36.7229,355.894,-113.409],"carpPosition":[-8.03464,315.608,20.89],"dipPosition":[-33.8085,355.456,-98.0205],"direction":[-0.219584,0.121794,-0.967961],"extended":true,"handId":278,"id":2781,"length":53.9285,"mcpPosition":[-18.6978,343.212,-39.7393],"pipPosition":[-28.9414,352.757,-76.5656],"stabilizedTipPosition":[-42.4162,324.956,-56.1594],"timeVisible":3.9679,"tipPosition":[-35.5606,354.462,-110.091],"tipVelocity":[-19.2741,51.6711,-139.747],"tool":false,"touchDistance":-0.520007,"touchZone":"hovering","type":1,"width":17.738},{"bases":[[[-0.866754,-0.492515,0.0785345],[-0.408017,0.7908,0.456242],[0.286811,-0.363406,0.886383]],[[-0.854881,-0.506342,0.11312],[-0.516409,0.809417,-0.279582],[-0.0500034,0.297426,0.953435]],[[-0.854881,-0.506342,0.11312],[-0.238743,0.190344,-0.952245],[-0.46063,0.841063,0.283607]],[[-0.854881,-0.506342,0.11312],[0.0627552,-0.317346,-0.946231],[-0.515015,0.801816,-0.303068]]],"btipPosition":[-14.4281,288.209,-79.5764],"carpPosition":[-19.1754,313.855,21.4501],"dipPosition":[-23.3033,302.026,-84.7992],"direction":[0.46063,-0.841063,-0.283607],"extended":false,"handId":278,"id":2782,"length":61.4471,"mcpPosition":[-37.5254,337.105,-35.2604],"pipPosition":[-35.3152,323.959,-77.4035],"stabilizedTipPosition":[-23.5146,237.922,28.0239],"timeVisible":3.9679,"tipPosition":[-16.1842,291.047,-80.0796],"tipVelocity":[-0.387268,16.7516,-128.646],"tool":false,"touchDistance":-0.52012,"touchZone":"hovering","type":2,"width":17.4211},{"bases":[[[-0.781859,-0.598828,0.173499],[-0.459549,0.741604,0.488711],[0.421321,-0.302372,0.855021]],[[-0.748481,-0.619592,0.236394],[-0.65876,0.735653,-0.157636],[0.0762341,0.273715,0.958785]],[[-0.748481,-0.619592,0.236394],[-0.433069,0.186719,-0.881809],[-0.502223,0.762392,0.408081]],[[-0.748481,-0.619592,0.236394],[-0.0707327,-0.279846,-0.957436],[-0.659373,0.733343,-0.165634]]],"btipPosition":[-32.7144,283.482,-73.8874],"carpPosition":[-29.4448,309.26,22.0403],"dipPosition":[-44.012,296.047,-76.7254],"direction":[0.502223,-0.762392,-0.408081],"extended":false,"handId":278,"id":2783,"length":59.0831,"mcpPosition":[-53.6467,326.629,-27.0746],"pipPosition":[-56.7703,315.414,-66.3586],"stabilizedTipPosition":[-39.3846,231.21,40.1859],"timeVisible":3.9679,"tipPosition":[-34.8812,286.172,-74.0353],"tipVelocity":[-5.52948,17.4167,-143.431],"tool":false,"touchDistance":-0.522722,"touchZone":"hovering","type":3,"width":16.5772},{"bases":[[[-0.64109,-0.744047,0.188142],[-0.536522,0.60979,0.583353],[0.548769,-0.27304,0.790128]],[[-0.709305,-0.700376,0.0797537],[-0.704377,0.708591,-0.0418505],[0.0272017,0.0858614,0.995936]],[[-0.709305,-0.700376,0.0797537],[-0.42237,0.331697,-0.843553],[-0.56435,0.632021,0.531092]],[[-0.709305,-0.700376,0.0797537],[-0.0258745,-0.0871964,-0.995855],[-0.704427,0.708428,-0.043727]]],"btipPosition":[-45.8327,287.841,-61.3944],"carpPosition":[-37.0271,298.641,21.7485],"dipPosition":[-56.9674,299.039,-62.0855],"direction":[0.56435,-0.632021,-0.531092],"extended":false,"handId":278,"id":2784,"length":46.32,"mcpPosition":[-66.2075,313.159,-20.2661],"pipPosition":[-67.0896,310.375,-52.5598],"stabilizedTipPosition":[-51.4445,231.617,58.7048],"timeVisible":3.9679,"tipPosition":[-47.9343,289.83,-60.8776],"tipVelocity":[-10.9153,18.3886,-149.497],"tool":false,"touchDistance":-0.531549,"touchZone":"hovering","type":4,"width":14.7252}],"r":[[0.597796,-0.57834,0.555124],[0.546913,0.800523,0.245049],[-0.586111,0.157115,0.794851]],"s":1.27908,"t":[51.8963,108.112,-227.846],"timestamp":3204704703},false],[5,{"currentFrameRate":110.43,"devices":[],"gestures":[],"hands":[{"armBasis":[[-0.898602,-0.39676,0.187337],[-0.172862,0.712569,0.679974],[0.403277,-0.578642,0.708901]],"armWidth":58.4334,"confidence":0.609955,"direction":[-0.3477,0.466959,-0.813052],"elbow":[78.4959,156.117,199.162],"grabStrength":0,"id":278,"palmNormal":[0.23148,-0.797563,-0.557055],"palmPosition":[-31.3048,322.022,-20.0131],"palmVelocity":[-33.3618,17.9693,-152.562],"palmWidth":83.4409,"pinchStrength":0.902121,"r":[[0.596454,-0.576302,0.558676],[0.544974,0.801782,0.245253],[-0.589276,0.158181,0.792295]],"s":1.28105,"sphereCenter":[-27.6705,296.307,-58.8947],"sphereRadius":43.659,"stabilizedPalmPosition":[-35.5952,270.691,87.2731],"t":[51.6196,108.202,-229.225],"timeVisible":3.97693,"type":"left","wrist":[-21.3551,299.389,23.6388]}],"id":311913,"interactionBox":{"center":[0,200,0],"size":[235.247,235.247,147.751]},"pointables":[{"bases":[[[-0.6405,0.650808,0.407686],[0.763396,0.481789,0.430241],[-0.0835852,-0.586795,0.80541]],[[-0.541346,0.84058,0.0192431],[0.840668,0.541525,-0.0053213],[0.0148936,-0.0132964,0.999801]],[[-0.541346,0.84058,0.0192431],[0.628365,0.419671,-0.655006],[0.558661,0.342493,0.755378]],[[-0.541346,0.84058,0.0192431],[-0.0408812,-0.00345467,-0.999158],[0.839806,0.541677,-0.036234]]],"btipPosition":[-30.3916,278.283,-52.3584],"carpPosition":[5.7815,300.008,16.2492],"dipPosition":[-12.3678,289.908,-53.136],"direction":[-0.558661,-0.342493,-0.755378],"extended":false,"handId":278,"id":2780,"length":47.7925,"mcpPosition":[5.7815,300.008,16.2492],"pipPosition":[5.09973,300.617,-29.5177],"stabilizedTipPosition":[-27.3547,237.158,46.7828],"timeVisible":3.97693,"tipPosition":[-25.4919,281.4,-52.1806],"tipVelocity":[-17.7564,6.05774,-143.72],"tool":false,"touchDistance":-0.514034,"touchZone":"hovering","type":0,"width":18.5699},{"bases":[[[-0.954063,-0.298068,0.0303054],[-0.257135,0.866536,0.427781],[0.153769,-0.400338,0.903374]],[[-0.921017,-0.353773,0.163008],[-0.292592,0.904586,0.310024],[0.257133,-0.237843,0.93665]],[[-0.921017,-0.353773,0.163008],[-0.323602,0.927865,0.185332],[0.216815,-0.117944,0.969062]],[[-0.921017,-0.353773,0.163008],[-0.343691,0.935012,0.0873409],[0.183314,-0.024418,0.982751]]],"btipPosition":[-36.6837,355.443,-115.215],"carpPosition":[-8.5011,316.067,19.5112],"dipPosition":[-33.8115,355.061,-99.8171],"direction":[-0.216815,0.117944,-0.969062],"extended":true,"handId":278,"id":2781,"length":53.9285,"mcpPosition":[-18.8752,343.076,-41.4356],"pipPosition":[-29.0058,352.446,-78.3377],"stabilizedTipPosition":[-42.3883,325.089,-56.4017],"timeVisible":3.97693,"tipPosition":[-35.5213,354.009,-111.891],"tipVelocity":[-13.0677,24.0732,-156.275],"tool":false,"touchDistance":-0.523396,"touchZone":"hovering","type":1,"width":17.738},{"bases":[[[-0.866609,-0.492742,0.0787026],[-0.41129,0.79467,0.446476],[0.28254,-0.35455,0.891328]],[[-0.854985,-0.506136,0.113251],[-0.515539,0.805457,-0.292332],[-0.0567407,0.308325,0.949587]],[[-0.854985,-0.506136,0.113251],[-0.231712,0.177399,-0.956472],[-0.464015,0.844011,0.268952]],[[-0.854985,-0.506136,0.113251],[0.070755,-0.330139,-0.941277],[-0.513803,0.796765,-0.318076]]],"btipPosition":[-14.2569,287.622,-80.5025],"carpPosition":[-19.6427,314.306,20.0295],"dipPosition":[-23.1113,301.352,-85.9838],"direction":[0.464015,-0.844011,-0.268952],"extended":false,"handId":278,"id":2782,"length":61.4471,"mcpPosition":[-37.7194,336.99,-36.9973],"pipPosition":[-35.2114,323.362,-78.9704],"stabilizedTipPosition":[-23.5085,237.967,27.9314],"timeVisible":3.97693,"tipPosition":[-16.0625,290.503,-81.1833],"tipVelocity":[5.08451,-6.36672,-123.279],"tool":false,"touchDistance":-0.511225,"touchZone":"hovering","type":2,"width":17.4211},{"bases":[[[-0.782098,-0.59804,0.175128],[-0.462938,0.745727,0.479144],[0.417145,-0.293664,0.860088]],[[-0.748827,-0.618267,0.238756],[-0.658843,0.733551,-0.166818],[0.0720015,0.28222,0.956644]],[[-0.748827,-0.618267,0.238756],[-0.429582,0.178453,-0.88522],[-0.504696,0.765441,0.399227]],[[-0.748827,-0.618267,0.238756],[-0.066208,-0.288657,-0.955141],[-0.659451,0.731042,-0.17522]]],"btipPosition":[-32.7021,283.04,-75.132],"carpPosition":[-29.91,309.705,20.6099],"dipPosition":[-44.001,295.566,-78.1342],"direction":[0.504696,-0.765441,-0.399227],"extended":false,"handId":278,"id":2783,"length":59.0831,"mcpPosition":[-53.872,326.574,-28.7961],"pipPosition":[-56.8221,315.011,-67.9924],"stabilizedTipPosition":[-39.3819,231.247,40.1091],"timeVisible":3.97693,"tipPosition":[-34.8679,285.72,-75.3163],"tipVelocity":[-3.64253,-1.11508,-143.046],"tool":false,"touchDistance":-0.518019,"touchZone":"hovering","type":3,"width":16.5772},{"bases":[[[-0.641248,-0.742949,0.191905],[-0.540263,0.614738,0.574642],[0.544901,-0.264809,0.795588]],[[-0.708973,-0.700372,0.0826838],[-0.704902,0.707357,-0.0525274],[0.0216983,0.0955245,0.995191]],[[-0.708973,-0.700372,0.0826838],[-0.418045,0.322939,-0.849087],[-0.567975,0.636545,0.521742]],[[-0.708973,-0.700372,0.0826838],[-0.0202133,-0.0970144,-0.995078],[-0.704946,0.707155,-0.0546238]]],"btipPosition":[-45.8271,287.464,-62.6889],"carpPosition":[-37.4789,299.075,20.3802],"dipPosition":[-56.97,298.641,-63.5523],"direction":[0.567975,-0.636545,-0.521742],"extended":false,"handId":278,"id":2784,"length":46.32,"mcpPosition":[-66.4536,313.156,-21.9247],"pipPosition":[-67.1572,310.059,-54.1943],"stabilizedTipPosition":[-51.442,231.664,58.6065],"timeVisible":3.97693,"tipPosition":[-47.944,289.466,-62.219],"tipVelocity":[-7.79719,1.66404,-149.02],"tool":false,"touchDistance":-0.52674,"touchZone":"hovering","type":4,"width":14.7252}],"r":[[0.596454,-0.576302,0.558676],[0.544974,0.801782,0.245253],[-0.589276,0.158181,0.792295]],"s":1.28105,"t":[51.6196,108.202,-229.225],"timestamp":3204713732},false],[6,{"currentFrameRate":110.407,"devices":[],"gestures":[],"hands":[{"armBasis":[[-0.898711,-0.396896,0.186526],[-0.174123,0.713317,0.678867],[0.402491,-0.577627,0.710174]],"armWidth":58.4334,"confidence":0.591538,"direction":[-0.344995,0.462898,-0.816519],"elbow":[77.9175,156.706,198.647],"grabStrength":0,"id":278,"palmNormal":[0.233886,-0.800091,-0.552406],"palmPosition":[-31.5423,322.146,-20.9869],"palmVelocity":[-31.3516,16.755,-139.945],"palmWidth":83.4409,"pinchStrength":0.897654,"r":[[0.59502,-0.574071,0.562489],[0.543163,0.803076,0.245036],[-0.592389,0.159721,0.789661]],"s":1.28289,"sphereCenter":[-27.7857,296.33,-59.7387],"sphereRadius":43.6736,"stabilizedPalmPosition":[-35.5916,270.737,87.1768],"t":[51.3625,108.309,-230.402],"timeVisible":3.98603,"type":"left","wrist":[-21.739,299.726,22.8081]}],"id":311914,"interactionBox":{"center":[0,200,0],"size":[235.247,235.247,147.751]},"pointables":[{"bases":[[[-0.642291,0.652415,0.402264],[0.761598,0.484228,0.430688],[-0.0861996,-0.582991,0.807893]],[[-0.541782,0.840416,0.0131588],[0.840444,0.541876,-0.00485499],[0.0112107,-0.0084289,0.999902]],[[-0.541782,0.840416,0.0131588],[0.630515,0.416721,-0.654824],[0.555808,0.346475,0.755667]],[[-0.541782,0.840416,0.0131588],[-0.0351696,-0.00702498,-0.999357],[0.839783,0.541896,-0.0333631]]],"btipPosition":[-30.491,278.246,-53.1692],"carpPosition":[5.42381,300.324,15.5136],"dipPosition":[-12.4677,289.877,-53.8853],"direction":[-0.555808,-0.346475,-0.755667],"extended":false,"handId":278,"id":2780,"length":47.7925,"mcpPosition":[5.42381,300.324,15.5136],"pipPosition":[4.91063,300.71,-30.258],"stabilizedTipPosition":[-27.3541,237.186,46.7175],"timeVisible":3.98603,"tipPosition":[-25.6138,281.358,-52.9722],"tipVelocity":[-15.8674,3.3113,-128.16],"tool":false,"touchDistance":-0.502915,"touchZone":"hovering","type":0,"width":18.5699},{"bases":[[[-0.954018,-0.298411,0.0282857],[-0.259108,0.868434,0.422712],[0.150706,-0.395946,0.905822]],[[-0.921315,-0.353597,0.161706],[-0.293159,0.904924,0.308498],[0.255416,-0.236818,0.937379]],[[-0.921315,-0.353597,0.161706],[-0.323901,0.928045,0.183905],[0.215099,-0.117057,0.969552]],[[-0.921315,-0.353597,0.161706],[-0.343816,0.935102,0.0858747],[0.181577,-0.0235204,0.983095]]],"btipPosition":[-36.7215,355.397,-116.289],"carpPosition":[-8.87846,316.391,18.6474],"dipPosition":[-33.8765,355.028,-100.886],"direction":[-0.215099,0.117057,-0.969552],"extended":true,"handId":278,"id":2781,"length":53.9285,"mcpPosition":[-19.046,343.103,-42.4646],"pipPosition":[-29.1088,352.434,-79.3955],"stabilizedTipPosition":[-42.369,325.181,-56.5735],"timeVisible":3.98603,"tipPosition":[-35.5617,353.978,-112.963],"tipVelocity":[-10.7891,16.0852,-145.643],"tool":false,"touchDistance":-0.515481,"touchZone":"hovering","type":1,"width":17.738},{"bases":[[[-0.866642,-0.492807,0.0779262],[-0.413294,0.796578,0.441193],[0.279497,-0.35015,0.894022]],[[-0.855175,-0.505991,0.112472],[-0.514802,0.80379,-0.298161],[-0.0604626,0.312881,0.947866]],[[-0.855175,-0.505991,0.112472],[-0.228097,0.172508,-0.958234],[-0.465455,0.845112,0.26294]],[[-0.855175,-0.505991,0.112472],[0.0745925,-0.33486,-0.939311],[-0.512945,0.794885,-0.324107]]],"btipPosition":[-14.2533,287.463,-81.2337],"carpPosition":[-20.021,314.627,19.1339],"dipPosition":[-23.0928,301.161,-86.819],"direction":[0.465455,-0.845112,-0.26294],"extended":false,"handId":278,"id":2782,"length":61.4471,"mcpPosition":[-37.9031,337.029,-38.0653],"pipPosition":[-35.2306,323.2,-79.9623],"stabilizedTipPosition":[-23.5043,237.997,27.8668],"timeVisible":3.98603,"tipPosition":[-16.0649,290.347,-81.9546],"tipVelocity":[3.89047,-9.65803,-112.116],"tool":false,"touchDistance":-0.499762,"touchZone":"hovering","type":2,"width":17.4211},{"bases":[[[-0.782428,-0.597601,0.175157],[-0.465036,0.747765,0.473908],[0.414184,-0.289344,0.862978]],[[-0.748985,-0.617709,0.239702],[-0.658734,0.733149,-0.168999],[0.0713448,0.284478,0.956024]],[[-0.748985,-0.617709,0.239702],[-0.428933,0.176292,-0.885967],[-0.505012,0.766392,0.396996]],[[-0.748985,-0.617709,0.239702],[-0.0648313,-0.291709,-0.954307],[-0.659407,0.730302,-0.178439]]],"btipPosition":[-32.8758,283.006,-76.0715],"carpPosition":[-30.288,310.023,19.6992],"dipPosition":[-44.174,295.519,-79.1289],"direction":[0.505012,-0.766392,-0.396996],"extended":false,"handId":278,"id":2783,"length":59.0831,"mcpPosition":[-54.08,326.644,-29.8729],"pipPosition":[-57.0032,314.988,-69.0437],"stabilizedTipPosition":[-39.3801,231.271,40.0562],"timeVisible":3.98603,"tipPosition":[-35.0165,285.66,-76.248],"tipVelocity":[-7.91986,-1.92774,-132.408],"tool":false,"touchDistance":-0.508834,"touchZone":"hovering","type":3,"width":16.5772},{"bases":[[[-0.641567,-0.742355,0.193133],[-0.542639,0.617193,0.56975],[0.542158,-0.260731,0.798802]],[[-0.708966,-0.700296,0.0833795],[-0.704993,0.706889,-0.0573811],[0.0187563,0.0994632,0.994864]],[[-0.708966,-0.700296,0.0833795],[-0.415466,0.319196,-0.851764],[-0.569873,0.638513,0.517249]],[[-0.708966,-0.700296,0.0833795],[-0.016657,-0.101568,-0.994689],[-0.705046,0.70659,-0.0603432]]],"btipPosition":[-45.9221,287.406,-63.5655],"carpPosition":[-37.8507,299.388,19.4929],"dipPosition":[-57.0665,298.575,-64.5194],"direction":[0.569873,-0.638513,-0.517249],"extended":false,"handId":278,"id":2784,"length":46.32,"mcpPosition":[-66.6796,313.253,-22.9829],"pipPosi