{"sensorType":"Leap","data":[[0,{"currentFrameRate":109.686,"devices":[],"gestures":[],"hands":[{"armBasis":[[0.726193,-0.303735,-0.616757],[0.58259,0.748185,0.317504],[0.365011,-0.589885,0.720279]],"armWidth":58.4334,"confidence":0.678506,"direction":[0.109788,0.355926,-0.928043],"elbow":[80.1177,154.459,208.535],"grabStrength":0,"id":279,"palmNormal":[-0.579048,-0.735979,-0.350767],"palmPosition":[-12.7632,319.249,-16.276],"palmVelocity":[-10.4564,79.1868,-153.631],"palmWidth":83.4409,"pinchStrength":1,"r":[[0.731712,-0.51873,0.442172],[0.548269,0.833338,0.0703399],[-0.404967,0.190961,0.894168]],"s":0.922277,"sphereCenter":[-34.7949,296.562,-46.8693],"sphereRadius":42.4182,"stabilizedPalmPosition":[-15.6768,271.981,65.6893],"t":[67.5014,124.132,-187.594],"timeVisible":0.795583,"type":"right","wrist":[-10.2587,300.514,30.1943]}],"id":312259,"interactionBox":{"center":[0,200,0],"size":[235.247,235.247,147.751]},"pointables":[{"bases":[[[0.864423,0.495996,0.0822255],[-0.434055,0.653709,0.619888],[0.25371,-0.571536,0.78037]],[[0.735124,0.654759,-0.175737],[-0.521034,0.711522,0.471444],[0.433723,-0.255005,0.864209]],[[0.735124,0.654759,-0.175737],[-0.676578,0.724955,-0.129161],[0.0428322,0.213849,0.975927]],[[0.735124,0.654759,-0.175737],[-0.606011,0.518476,-0.603269],[-0.303881,0.549976,0.777935]]],"btipPosition":[-52.1295,300.346,-53.8621],"carpPosition":[-37.458,307.163,32.9081],"dipPosition":[-58.6514,312.15,-37.1661],"direction":[-0.0428322,-0.213849,-0.975927],"extended":false,"handId":279,"id":2790,"length":47.7925,"mcpPosition":[-37.458,307.163,32.9081],"pipPosition":[-57.3122,318.836,-6.65199],"stabilizedTipPosition":[-59.1782,258.197,19.6724],"timeVisible":0.795583,"tipPosition":[-53.9846,302.406,-50.2278],"tipVelocity":[0.141054,86.9304,-141.622],"tool":false,"touchDistance":-0.50373,"touchZone":"touching","type":0,"width":18.5699},{"bases":[[[0.814832,-0.507955,-0.279338],[0.568575,0.794229,0.214295],[0.113006,-0.333439,0.935974]],[[0.821973,-0.53809,-0.186599],[0.564999,0.811657,0.148285],[0.0716641,-0.227314,0.971181]],[[0.821973,-0.53809,-0.186599],[0.553342,0.832085,0.0380307],[0.134802,-0.134513,0.9817]],[[0.821973,-0.53809,-0.186599],[0.539275,0.840713,-0.0488174],[0.183145,-0.0605017,0.981223]]],"btipPosition":[-36.3275,354.974,-109.378],"carpPosition":[-20.0226,319.593,29.1645],"dipPosition":[-33.458,354.026,-94.0038],"direction":[-0.134802,0.134513,-0.9817],"extended":true,"handId":279,"id":2791,"length":53.9285,"mcpPosition":[-27.6466,342.089,-33.9818],"pipPosition":[-30.4701,351.045,-72.2443],"stabilizedTipPosition":[-40.9871,320.156,-44.2409],"timeVisible":0.795583,"tipPosition":[-36.1451,353.417,-105.912],"tipVelocity":[16.3232,66.1458,-171.122],"tool":false,"touchDistance":-0.534799,"touchZone":"touching","type":1,"width":17.738},{"bases":[[[0.713661,-0.676238,-0.182728],[0.70049,0.689406,0.184482],[0.00122002,-0.259657,0.9657]],[[0.713383,-0.683648,-0.15398],[0.321534,0.514554,-0.79489],[0.622656,0.517551,0.58689]],[[0.713383,-0.683648,-0.15398],[-0.365705,-0.175751,-0.913987],[0.597783,0.708334,-0.375391]],[[0.713383,-0.683648,-0.15398],[-0.614797,-0.50511,-0.605713],[0.336318,0.526772,-0.780642]]],"btipPosition":[-59.0787,281.526,-38.6115],"carpPosition":[-10.0942,315.339,25.8731],"dipPosition":[-53.283,290.604,-52.0642],"direction":[-0.597783,-0.708334,0.375391],"extended":false,"handId":279,"id":2792,"length":61.4471,"mcpPosition":[-10.1723,331.952,-35.912],"pipPosition":[-37.6945,309.075,-61.8534],"stabilizedTipPosition":[-60.0991,231.987,39.3069],"timeVisible":0.795583,"tipPosition":[-57.6954,283.937,-42.9302],"tipVelocity":[-14.5464,71.3984,-109.931],"tool":false,"touchDistance":0.333333,"touchZone":"none","type":2,"width":17.4211},{"bases":[[[0.651212,-0.757111,-0.0520093],[0.74937,0.630701,0.201646],[-0.119866,-0.170288,0.978077]],[[0.647494,-0.761698,-0.0238453],[0.419874,0.382684,-0.822957],[0.63597,0.522848,0.567602]],[[0.647494,-0.761698,-0.0238453],[-0.325714,-0.248319,-0.912276],[0.688958,0.59846,-0.40888]],[[0.647494,-0.761698,-0.0238453],[-0.619816,-0.508164,-0.597995],[0.443374,0.401978,-0.801145]]],"btipPosition":[-45.7869,274.792,-32.0757],"carpPosition":[-1.51624,308.523,23.2504],"dipPosition":[-38.1902,281.679,-45.8024],"direction":[-0.688958,-0.59846,0.40888],"extended":false,"handId":279,"id":2793,"length":59.0831,"mcpPosition":[5.36922,318.305,-32.9332],"pipPosition":[-20.6882,296.882,-56.1894],"stabilizedTipPosition":[-46.996,221.856,50.0108],"timeVisible":0.795583,"tipPosition":[-43.8769,276.484,-35.8308],"tipVelocity":[-20.0702,75.9831,-132.599],"tool":false,"touchDistance":0.333333,"touchZone":"none","type":3,"width":16.5772},{"bases":[[[0.500133,-0.865465,0.028944],[0.827981,0.487726,0.276715],[-0.253604,-0.114429,0.960516]],[[0.511943,-0.858829,-0.0180892],[0.487479,0.307793,-0.817085],[0.707304,0.409482,0.576234]],[[0.511943,-0.858829,-0.0180892],[-0.352753,-0.19098,-0.916019],[0.783249,0.475331,-0.400726]],[[0.511943,-0.858829,-0.0180892],[-0.680455,-0.392582,-0.618757],[0.524305,0.329077,-0.785374]]],"btipPosition":[-28.7022,275.519,-28.6861],"carpPosition":[3.08323,296.439,21.4718],"dipPosition":[-20.4147,280.72,-41.1003],"direction":[-0.783249,-0.475331,0.400726],"extended":false,"handId":279,"id":2794,"length":46.32,"mcpPosition":[16.5685,302.523,-29.6031],"pipPosition":[-6.36627,289.246,-48.2878],"stabilizedTipPosition":[-27.9426,225.964,49.4084],"timeVisible":0.795583,"tipPosition":[-26.6184,276.744,-32.0889],"tipVelocity":[-21.6436,73.8856,-125.688],"tool":false,"touchDistance":0.333333,"touchZone":"none","type":4,"width":14.7252}],"r":[[0.731712,-0.51873,0.442172],[0.548269,0.833338,0.0703399],[-0.404967,0.190961,0.894168]],"s":0.922277,"t":[67.5014,124.132,-187.594],"timestamp":3207904522},false],[1,{"currentFrameRate":109.629,"devices":[],"gestures":[],"hands":[{"armBasis":[[0.723163,-0.313958,-0.615196],[0.586611,0.749374,0.307127],[0.364587,-0.582983,0.72609]],"armWidth":58.4334,"confidence":0.683412,"direction":[0.110417,0.356792,-0.927635],"elbow":[79.7379,157.097,207.765],"grabStrength":0,"id":279,"palmNormal":[-0.582045,-0.733337,-0.351341],"palmPosition":[-13.003,320.251,-18.4566],"palmVelocity":[-14.8142,87.4556,-176.843],"palmWidth":83.4409,"pinchStrength":1,"r":[[0.730461,-0.518849,0.444097],[0.550059,0.832375,0.0677326],[-0.404798,0.194804,0.893415]],"s":0.924026,"sphereCenter":[-35.4328,298.273,-48.9367],"sphereRadius":42.324,"stabilizedPalmPosition":[-15.664,272.212,65.2864],"t":[67.3132,124.993,-189.432],"timeVisible":0.804806,"type":"right","wrist":[-10.5334,301.443,27.9859]}],"id":312260,"interactionBox":{"center":[0,200,0],"size":[235.247,235.247,147.751]},"pointables":[{"bases":[[[0.866324,0.492663,0.0822552],[-0.431156,0.654465,0.621112],[0.252166,-0.573549,0.779393]],[[0.738268,0.651639,-0.174149],[-0.518521,0.71342,0.471348],[0.43139,-0.257681,0.864583]],[[0.738268,0.651639,-0.174149],[-0.673285,0.727484,-0.132114],[0.0406006,0.214787,0.975817]],[[0.738268,0.651639,-0.174149],[-0.596784,0.510726,-0.618876],[-0.314341,0.560826,0.76594]]],"btipPosition":[-51.9763,301.233,-55.797],"carpPosition":[-37.7058,308.19,30.7294],"dipPosition":[-58.7226,313.27,-39.3585],"direction":[-0.0406006,-0.214787,-0.975817],"extended":false,"handId":279,"id":2790,"length":47.7925,"mcpPosition":[-37.7058,308.19,30.7294],"pipPosition":[-57.4532,319.985,-8.84781],"stabilizedTipPosition":[-59.0939,258.881,18.6025],"timeVisible":0.804806,"tipPosition":[-54.0041,303.517,-52.2525],"tipVelocity":[3.19056,91.1464,-162.532],"tool":false,"touchDistance":-0.511603,"touchZone":"touching","type":0,"width":18.5699},{"bases":[[[0.812728,-0.510598,-0.280649],[0.571686,0.791813,0.214957],[0.112465,-0.335145,0.93543]],[[0.819782,-0.540507,-0.189236],[0.568557,0.80773,0.155935],[0.0685676,-0.235424,0.969471]],[[0.819782,-0.540507,-0.189236],[0.557201,0.829123,0.0456369],[0.132233,-0.142855,0.980871]],[[0.819782,-0.540507,-0.189236],[0.54328,0.838524,-0.0415213],[0.181122,-0.0687697,0.981053]]],"btipPosition":[-36.2848,356.69,-111.427],"carpPosition":[-20.2271,320.56,26.9897],"dipPosition":[-33.447,355.612,-96.0561],"direction":[-0.132233,0.142855,-0.980871],"extended":true,"handId":279,"id":2791,"length":53.9285,"mcpPosition":[-27.8146,343.171,-36.1198],"pipPosition":[-30.5161,352.446,-74.315],"stabilizedTipPosition":[-40.9503,320.405,-44.6784],"timeVisible":0.804806,"tipPosition":[-36.138,355.08,-107.973],"tipVelocity":[12.8226,98.8507,-185.468],"tool":false,"touchDistance":-0.540407,"touchZone":"touching","type":1,"width":17.738},{"bases":[[[0.711003,-0.678636,-0.184194],[0.703188,0.686541,0.184901],[0.00097668,-0.260988,0.965341]],[[0.710724,-0.686029,-0.155681],[0.317605,0.510388,-0.799144],[0.627694,0.518526,0.580631]],[[0.710724,-0.686029,-0.155681],[-0.374224,-0.181315,-0.90944],[0.595674,0.70462,-0.385593]],[[0.710724,-0.686029,-0.155681],[-0.621014,-0.507895,-0.596979],[0.330475,0.520968,-0.787006]]],"btipPosition":[-59.353,282.7,-40.1243],"carpPosition":[-10.3171,316.274,23.685],"dipPosition":[-53.6579,291.677,-53.6866],"direction":[-0.595674,-0.70462,0.385594],"extended":false,"handId":279,"id":2792,"length":61.4471,"mcpPosition":[-10.3795,332.972,-38.0771],"pipPosition":[-38.1245,310.052,-63.7418],"stabilizedTipPosition":[-60.0847,232.358,38.7268],"timeVisible":0.804806,"tipPosition":[-58.0246,285.076,-44.5536],"tipVelocity":[-19.5082,86.3514,-125.859],"tool":false,"touchDistance":0.333333,"touchZone":"none","type":2,"width":17.4211},{"bases":[[[0.648352,-0.759456,-0.0535397],[0.751862,0.627631,0.201947],[-0.119767,-0.171187,0.977932]],[[0.644403,-0.764318,-0.023727],[0.416522,0.376856,-0.827339],[0.641292,0.523256,0.561202]],[[0.644403,-0.764318,-0.023727],[-0.332184,-0.251849,-0.90897],[0.688766,0.593624,-0.416186]],[[0.644403,-0.764318,-0.023727],[-0.624488,-0.508096,-0.593172],[0.441317,0.397059,-0.804726]]],"btipPosition":[-46.2208,275.94,-33.7621],"carpPosition":[-1.76646,309.429,21.0465],"dipPosition":[-38.6593,282.743,-47.5501],"direction":[-0.688766,-0.593624,0.416186],"extended":false,"handId":279,"id":2793,"length":59.0831,"mcpPosition":[5.1133,319.262,-35.1288],"pipPosition":[-21.1621,297.823,-58.1228],"stabilizedTipPosition":[-46.981,222.189,49.4913],"timeVisible":0.804806,"tipPosition":[-44.3215,277.615,-37.6552],"tipVelocity":[-27.8774,88.9941,-147.114],"tool":false,"touchDistance":0.333333,"touchZone":"none","type":3,"width":16.5772},{"bases":[[[0.496931,-0.867358,0.0273785],[0.829997,0.484262,0.276761],[-0.253309,-0.114807,0.960549]],[[0.508334,-0.860972,-0.0179916],[0.486975,0.304624,-0.818571],[0.710248,0.407346,0.574123]],[[0.508334,-0.860972,-0.0179916],[-0.354975,-0.190458,-0.91527],[0.784595,0.471649,-0.40244]],[[0.508334,-0.860972,-0.0179916],[-0.682504,-0.390046,-0.618104],[0.525153,0.326482,-0.785891]]],"btipPosition":[-29.1475,276.607,-30.8045],"carpPosition":[2.78668,297.33,19.2478],"dipPosition":[-20.8465,281.767,-43.2268],"direction":[-0.784595,-0.471649,0.40244],"extended":false,"handId":279,"id":2794,"length":46.32,"mcpPosition":[16.2562,303.435,-31.8288],"pipPosition":[-6.77397,290.227,-50.445],"stabilizedTipPosition":[-27.9388,226.247,48.9541],"timeVisible":0.804806,"tipPosition":[-27.057,277.821,-34.2229],"tipVelocity":[-29.0155,85.9586,-154.898],"tool":false,"touchDistance":0.333333,"touchZone":"none","type":4,"width":14.7252}],"r":[[0.730461,-0.518849,0.444097],[0.550059,0.832375,0.0677326],[-0.404798,0.194804,0.893415]],"s":0.924026,"t":[67.3132,124.993,-189.432],"timestamp":3207913745},false],[2,{"currentFrameRate":109.916,"devices":[],"gestures":[],"hands":[{"armBasis":[[0.716968,-0.327665,-0.615299],[0.59476,0.747922,0.294744],[0.363618,-0.577277,0.731118]],"armWidth":58.4334,"confidence":0.688249,"direction":[0.110788,0.356746,-0.927609],"elbow":[79.2506,158.745,207.651],"grabStrength":0,"id":279,"palmNormal":[-0.589227,-0.728047,-0.350371],"palmPosition":[-13.2235,320.552,-19.7903],"palmVelocity":[-17.6791,73.6051,-171.159],"palmWidth":83.4409,"pinchStrength":0.992571,"r":[[0.728835,-0.520256,0.445122],[0.552933,0.830648,0.0654929],[-0.403813,0.198389,0.893072]],"s":0.926063,"sphereCenter":[-36.1159,299.282,-50.1186],"sphereRadius":42.2576,"stabilizedPalmPosition":[-15.654,272.409,64.9393],"t":[67.1089,125.573,-191.017],"timeVisible":0.813394,"type":"right","wrist":[-10.7808,301.678,26.6272]}],"id":312261,"interactionBox":{"center":[0,200,0],"size":[235.247,235.247,147.751]},"pointables":[{"bases":[[[0.870692,0.485239,0.0802455],[-0.423832,0.657485,0.622961],[0.249524,-0.576417,0.778126]],[[0.743986,0.64499,-0.174563],[-0.51127,0.717696,0.472773],[0.430217,-0.262488,0.863721]],[[0.743986,0.64499,-0.174563],[-0.666794,0.733549,-0.131495],[0.0432379,0.214228,0.975826]],[[0.743986,0.64499,-0.174563],[-0.589056,0.509769,-0.627016],[-0.315432,0.569319,0.759196]]],"btipPosition":[-52.163,301.75,-56.8878],"carpPosition":[-37.8872,308.652,29.4547],"dipPosition":[-58.9328,313.969,-40.5941],"direction":[-0.0432379,-0.214228,-0.975826],"extended":false,"handId":279,"id":2790,"length":47.7925,"mcpPosition":[-37.8872,308.652,29.4547],"pipPosition":[-57.5809,320.667,-10.0831],"stabilizedTipPosition":[-59.025,259.466,17.6829],"timeVisible":0.813394,"tipPosition":[-54.2589,304.165,-53.3905],"tipVelocity":[-3.55354,84.2734,-154.185],"tool":false,"touchDistance":-0.505638,"touchZone":"touching","type":0,"width":18.5699},{"bases":[[[0.807576,-0.51718,-0.283454],[0.578975,0.786741,0.214072],[0.112291,-0.336992,0.934787]],[[0.8146,-0.546927,-0.193128],[0.576244,0.801062,0.161995],[0.0661079,-0.243249,0.967708]],[[0.8146,-0.546927,-0.193128],[0.565096,0.823403,0.0517079],[0.130741,-0.151257,0.97981]],[[0.8146,-0.546927,-0.193128],[0.551218,0.833597,-0.0357009],[0.180516,-0.0773734,0.980524]]],"btipPosition":[-36.2217,357.761,-112.596],"carpPosition":[-20.3152,320.877,25.6767],"dipPosition":[-33.3933,356.549,-97.2327],"direction":[-0.130741,0.151257,-0.97981],"extended":true,"handId":279,"id":2791,"length":53.9285,"mcpPosition":[-27.8909,343.613,-37.3894],"pipPosition":[-30.4955,353.196,-75.5152],"stabilizedTipPosition":[-40.9133,320.66,-45.1207],"timeVisible":0.813394,"tipPosition":[-36.1158,356.103,-109.151],"tipVelocity":[11.3121,104.726,-172.487],"tool":false,"touchDistance":-0.532253,"touchZone":"touching","type":1,"width":17.738},{"bases":[[[0.704709,-0.684446,-0.186867],[0.709495,0.68039,0.18354],[0.00151935,-0.261924,0.965087]],[[0.704453,-0.691804,-0.1586],[0.310157,0.50105,-0.80793],[0.638396,0.519958,0.567534]],[[0.704453,-0.691804,-0.1586],[-0.390815,-0.191558,-0.900316],[0.592461,0.696213,-0.405311]],[[0.704453,-0.691804,-0.1586],[-0.633502,-0.512114,-0.580013],[0.320034,0.509065,-0.799019]]],"btipPosition":[-59.7312,283.357,-40.1532],"carpPosition":[-10.4512,316.51,22.3397],"dipPosition":[-54.2161,292.13,-53.9226],"direction":[-0.592461,-0.696213,0.405311],"extended":false,"handId":279,"id":2792,"length":61.4471,"mcpPosition":[-10.5484,333.268,-39.4062],"pipPosition":[-38.7664,310.285,-64.492],"stabilizedTipPosition":[-60.0724,232.757,38.1083],"timeVisible":0.813394,"tipPosition":[-58.4886,285.688,-44.8204],"tipVelocity":[-27.2517,82.324,-95.005],"tool":false,"touchDistance":0.333333,"touchZone":"none","type":2,"width":17.4211},{"bases":[[[0.641748,-0.76486,-0.0561109],[0.757717,0.621054,0.200392],[-0.118424,-0.171117,0.978108]],[[0.637743,-0.769824,-0.0255848],[0.416711,0.37277,-0.829093],[0.647793,0.518087,0.558525]],[[0.637743,-0.769824,-0.0255848],[-0.338136,-0.249968,-0.907293],[0.69206,0.587271,-0.419721]],[[0.637743,-0.769824,-0.0255848],[-0.631255,-0.503339,-0.590056],[0.441361,0.392455,-0.806957]]],"btipPosition":[-46.8487,276.555,-34.9107],"carpPosition":[-1.96638,309.596,19.6703],"dipPosition":[-39.2864,283.279,-48.737],"direction":[-0.69206,-0.587271,0.419721],"extended":false,"handId":279,"id":2793,"length":59.0831,"mcpPosition":[4.83623,319.426,-36.5151],"pipPosition":[-21.7056,298.198,-59.3994],"stabilizedTipPosition":[-46.9706,222.499,49.0059],"timeVisible":0.813394,"tipPosition":[-44.9613,278.202,-38.8193],"tipVelocity":[-39.8064,83.8603,-143.858],"tool":false,"touchDistance":0.333333,"touchZone":"none","type":3,"width":16.5772},{"bases":[[[0.489651,-0.871556,0.0251375],[0.834849,0.476956,0.274846],[-0.251533,-0.113593,0.96116]],[[0.500661,-0.865436,-0.0189254],[0.486344,0.299305,-0.820906],[0.716106,0.401791,0.57075]],[[0.500661,-0.865436,-0.0189254],[-0.359862,-0.188199,-0.913827],[0.787298,0.464328,-0.405662]],[[0.500661,-0.865436,-0.0189254],[-0.687648,-0.384339,-0.615973],[0.525812,0.321408,-0.78754]]],"btipPosition":[-29.7983,277.065,-32.0444],"carpPosition":[2.4791,297.461,17.8471],"dipPosition":[-21.487,282.145,-44.4928],"direction":[-0.787298,-0.464328,0.405662],"extended":false,"handId":279,"id":2794,"length":46.32,"mcpPosition":[15.8542,303.502,-33.2619],"pipPosition":[-7.36594,290.473,-51.7688],"stabilizedTipPosition":[-27.9385,226.499,48.5489],"timeVisible":0.813394,"tipPosition":[-27.7045,278.259,-35.478],"tipVelocity":[-41.2823,76.7827,-152.307],"tool":false,"touchDistance":0.333333,"touchZone":"none","type":4,"width":14.7252}],"r":[[0.728835,-0.520256,0.445122],[0.552933,0.830648,0.0654929],[-0.403813,0.198389,0.893072]],"s":0.926063,"t":[67.1089,125.573,-191.017],"timestamp":3207922333},false],[3,{"currentFrameRate":109.78,"devices":[],"gestures":[],"hands":[{"armBasis":[[0.717924,-0.328401,-0.61379],[0.59357,0.749433,0.293298],[0.363675,-0.574893,0.732965]],"armWidth":58.4334,"confidence":0.661162,"direction":[0.111732,0.359562,-0.926408],"elbow":[79.128,159.369,207.525],"grabStrength":0,"id":279,"palmNormal":[-0.587619,-0.72789,-0.353384],"palmPosition":[-13.3145,320.715,-20.3238],"palmVelocity":[-15.4254,57.6834,-138.803],"palmWidth":83.4409,"pinchStrength":0.983414,"r":[[0.72754,-0.52142,0.445878],[0.554967,0.829379,0.0643542],[-0.403358,0.200628,0.892777]],"s":0.928179,"sphereCenter":[-36.2703,299.807,-50.6908],"sphereRadius":42.2389,"stabilizedPalmPosition":[-15.6448,272.599,64.6045],"t":[66.9613,125.945,-192.077],"timeVisible":0.822744,"type":"right","wrist":[-10.9176,301.712,26.0432]}],"id":312262,"interactionBox":{"center":[0,200,0],"size":[235.247,235.247,147.751]},"pointables":[{"bases":[[[0.86986,0.486264,0.0830094],[-0.425765,0.655084,0.62417],[0.249133,-0.578284,0.776866]],[[0.744195,0.645901,-0.170254],[-0.512198,0.715411,0.475226],[0.428751,-0.266457,0.863234]],[[0.744195,0.645901,-0.170254],[-0.666744,0.733693,-0.13095],[0.0403336,0.210968,0.97666]],[[0.744195,0.645901,-0.170254],[-0.585281,0.507707,-0.632202],[-0.3219,0.570128,0.755867]]],"btipPosition":[-52.0175,302.003,-57.427],"carpPosition":[-38.0385,308.638,28.8479],"dipPosition":[-58.9261,314.239,-41.2047],"direction":[-0.0403336,-0.210968,-0.97666],"extended":false,"handId":279,"id":2790,"length":47.7925,"mcpPosition":[-38.0385,308.638,28.8479],"pipPosition":[-57.665,320.836,-10.6676],"stabilizedTipPosition":[-58.9573,260.033,16.7914],"timeVisible":0.822744,"tipPosition":[-54.159,304.426,-53.9627],"tipVelocity":[0.898509,68.1652,-127.312],"tool":false,"touchDistance":-0.491742,"touchZone":"touching","type":0,"width":18.5699},{"bases":[[[0.80877,-0.515199,-0.283657],[0.577497,0.78696,0.217238],[0.111306,-0.339506,0.933995]],[[0.815668,-0.544969,-0.194152],[0.575125,0.800161,0.170216],[0.0625909,-0.250502,0.966091]],[[0.815668,-0.544969,-0.194152],[0.564298,0.82343,0.0594184],[0.12749,-0.158026,0.97917]],[[0.815668,-0.544969,-0.194152],[0.550594,0.834283,-0.0286183],[0.177574,-0.083556,0.980554]]],"btipPosition":[-36.0616,358.486,-113.009],"carpPosition":[-20.4782,320.9,25.1327],"dipPosition":[-33.2794,357.177,-97.6454],"direction":[-0.12749,0.158026,-0.97917],"extended":true,"handId":279,"id":2791,"length":53.9285,"mcpPosition":[-27.9876,343.805,-37.88],"pipPosition":[-30.4535,353.674,-75.942],"stabilizedTipPosition":[-40.8659,320.984,-45.6765],"timeVisible":0.822744,"tipPosition":[-35.9695,356.819,-109.575],"tipVelocity":[12.6379,96.3401,-136.099],"tool":false,"touchDistance":-0.513557,"touchZone":"touching","type":1,"width":17.738},{"bases":[[[0.705993,-0.682889,-0.187713],[0.708218,0.680885,0.186608],[0.000378588,-0.264686,0.964335]],[[0.705703,-0.690331,-0.159459],[0.305662,0.499682,-0.810487],[0.639183,0.523223,0.563634]],[[0.705703,-0.690331,-0.159459],[-0.394223,-0.195582,-0.897962],[0.588704,0.696557,-0.410167]],[[0.705703,-0.690331,-0.159459],[-0.634039,-0.514886,-0.576963],[0.316192,0.508267,-0.801054]]],"btipPosition":[-59.6803,283.441,-40.312],"carpPosition":[-10.6027,316.557,21.7987],"dipPosition":[-54.2314,292.2,-54.1164],"direction":[-0.588704,-0.696557,0.410167],"extended":false,"handId":279,"id":2792,"length":61.4471,"mcpPosition":[-10.6269,333.491,-39.899],"pipPosition":[-38.8797,310.364,-64.8124],"stabilizedTipPosition":[-60.0576,233.232,37.3735],"timeVisible":0.822744,"tipPosition":[-58.4572,285.768,-44.9894],"tipVelocity":[-18.442,61.4217,-73.1225],"tool":false,"touchDistance":0.333333,"touchZone":"none","type":2,"width":17.4211},{"bases":[[[0.642943,-0.763768,-0.0572868],[0.7565,0.621571,0.203365],[-0.119716,-0.17409,0.977426]],[[0.638838,-0.768889,-0.0263649],[0.417414,0.375191,-0.827646],[0.64626,0.517727,0.560631]],[[0.638838,-0.768889,-0.0263649],[-0.337075,-0.248927,-0.907973],[0.691568,0.588935,-0.418198]],[[0.638838,-0.768889,-0.0263649],[-0.630225,-0.503358,-0.59114],[0.441251,0.394259,-0.806138]]],"btipPosition":[-46.8345,276.734,-35.5579],"carpPosition":[-2.10369,309.663,19.123],"dipPosition":[-39.2742,283.489,-49.3701],"direction":[-0.691568,-0.588935,0.418198],"extended":false,"handId":279,"id":2793,"length":59.0831,"mcpPosition":[4.77317,319.663,-37.0233],"pipPosition":[-21.7058,298.45,-59.9938],"stabilizedTipPosition":[-46.9601,222.813,48.511],"timeVisible":0.822744,"tipPosition":[-44.9577,278.38,-39.4583],"tipVelocity":[-28.1022,65.7192,-122.592],"tool":false,"touchDistance":0.333333,"touchZone":"none","type":3,"width":16.5772},{"bases":[[[0.490873,-0.870916,0.0234156],[0.833723,0.477372,0.277528],[-0.252882,-0.116709,0.960432]],[[0.501648,-0.864855,-0.0193791],[0.486408,0.300518,-0.820424],[0.715372,0.402138,0.571427]],[[0.501648,-0.864855,-0.0193791],[-0.358783,-0.187619,-0.914371],[0.787162,0.465645,-0.404413]],[[0.501648,-0.864855,-0.0193791],[-0.686224,-0.384195,-0.61765],[0.526732,0.323141,-0.786215]]],"btipPosition":[-29.8318,277.246,-32.646],"carpPosition":[2.36224,297.54,17.2721],"dipPosition":[-21.5059,282.354,-45.0735],"direction":[-0.787162,-0.465645,0.404413],"extended":false,"handId":279,"id":2794,"length":46.32,"mcpPosition":[15.8091,303.745,-33.7983],"pipPosition":[-7.38726,290.706,-52.3271],"stabilizedTipPosition":[-27.9384,226.746,48.1476],"timeVisible":0.822744,"tipPosition":[-27.7322,278.447,-36.0806],"tipVelocity":[-30.4879,60.71,-127.216],"tool":false,"touchDistance":0.333333,"touchZone":"none","type":4,"width":14.7252}],"r":[[0.72754,-0.52142,0.445878],[0.554967,0.829379,0.0643542],[-0.403358,0.200628,0.892777]],"s":0.928179,"t":[66.9613,125.945,-192.077],"timestamp":3207931683},false],[4,{"currentFrameRate":109.968,"devices":[],"gestures":[],"hands":[{"armBasis":[[0.715922,-0.3346,-0.61278],[0.59667,0.748976,0.288133],[0.362548,-0.571908,0.735854]],"armWidth":58.4334,"confidence":0.664843,"direction":[0.113823,0.359992,-0.925986],"elbow":[78.6992,160.023,207.454],"grabStrength":0,"id":279,"palmNormal":[-0.590097,-0.725329,-0.354519],"palmPosition":[-13.3557,320.682,-21.0941],"palmVelocity":[-12.549,41.1893,-125.156],"palmWidth":83.4409,"pinchStrength":0.979648,"r":[[0.726035,-0.522982,0.446501],[0.557211,0.827925,0.0636855],[-0.402976,0.202558,0.892514]],"s":0.930032,"sphereCenter":[-36.4671,300.09,-51.4675],"sphereRadius":42.2322,"stabilizedPalmPosition":[-15.6379,272.744,64.3463],"t":[66.8668,126.114,-192.992],"timeVisible":0.831503,"type":"right","wrist":[-11.0673,301.627,25.2571]}],"id":312263,"interactionBox":{"center":[0,200,0],"size":[235.247,235.247,147.751]},"pointables":[{"bases":[[[0.871633,0.482884,0.0841411],[-0.423768,0.656117,0.624445],[0.246328,-0.579943,0.776524]],[[0.747752,0.642474,-0.167612],[-0.508947,0.71672,0.476744],[0.426427,-0.271181,0.862914]],[[0.747752,0.642474,-0.167612],[-0.662803,0.737263,-0.130902],[0.039473,0.208976,0.977124]],[[0.747752,0.642474,-0.167612],[-0.579335,0.507967,-0.637448],[-0.324403,0.573757,0.752041]]],"btipPosition":[-51.956,302.219,-58.1456],"carpPosition":[-38.1639,308.653,28.047],"dipPosition":[-58.9183,314.533,-42.0054],"direction":[-0.039473,-0.208976,-0.977124],"extended":false,"handId":279,"id":2790,"length":47.7925,"mcpPosition":[-38.1639,308.653,28.047],"pipPosition":[-57.6841,321.067,-11.4539],"stabilizedTipPosition":[-58.9022,260.492,16.0642],"timeVisible":0.831503,"tipPosition":[-54.1241,304.656,-54.7124],"tipVelocity":[2.16351,57.0352,-115.744],"tool":false,"touchDistance":-0.481963,"touchZone":"touching","type":0,"width":18.5699},{"bases":[[[0.807033,-0.518,-0.283503],[0.580306,0.784562,0.21842],[0.109284,-0.34079,0.933766]],[[0.813734,-0.547757,-0.19442],[0.578224,0.796903,0.174935],[0.0591121,-0.254769,0.965194]],[[0.813734,-0.547757,-0.19442],[0.567706,0.820764,0.0636867],[0.124688,-0.162197,0.978849]],[[0.813734,-0.547757,-0.19442],[0.554146,0.832048,-0.0248589],[0.175383,-0.0875084,0.980603]]],"btipPosition":[-35.7679,358.847,-113.727],"carpPosition":[-20.5544,320.852,24.3569],"dipPosition":[-33.02,357.476,-98.3632],"direction":[-0.124688,0.162197,-0.978849],"extended":true,"handId":279,"id":2791,"length":53.9285,"mcpPosition":[-27.9273,343.844,-38.6403],"pipPosition":[-30.2562,353.881,-76.667],"stabilizedTipPosition":[-40.8158,321.312,-46.24],"timeVisible":0.831503,"tipPosition":[-35.6906,357.188,-110.298],"tipVelocity":[18.0031,81.1139,-121.59],"tool":false,"touchDistance":-0.501311,"touchZone":"touching","type":1,"width":17.738},{"bases":[[[0.703546,-0.685388,-0.187794],[0.710649,0.678021,0.187793],[-0.00138288,-0.265577,0.964089]],[[0.703205,-0.692853,-0.159552],[0.306868,0.498199,-0.810944],[0.641354,0.521298,0.562951]],[[0.703205,-0.692853,-0.159552],[-0.395993,-0.195289,-0.897247],[0.590501,0.69413,-0.411693]],[[0.703205,-0.692853,-0.159552],[-0.636432,-0.513372,-0.575677],[0.31695,0.506363,-0.80196]]],"btipPosition":[-59.8136,283.597,-40.9827],"carpPosition":[-10.6928,316.475,21.0267],"dipPosition":[-54.3516,292.323,-54.8027],"direction":[-0.590501,-0.69413,0.411693],"extended":false,"handId":279,"id":2792,"length":61.4471,"mcpPosition":[-10.6043,333.466,-40.6553],"pipPosition":[-38.9531,310.424,-65.5385],"stabilizedTipPosition":[-60.0453,233.66,36.7069],"timeVisible":0.831503,"tipPosition":[-58.5922,285.903,-45.6275],"tipVelocity":[-17.4853,49.4825,-74.1577],"tool":false,"touchDistance":0.333333,"touchZone":"none","type":2,"width":17.4211},{"bases":[[[0.640087,-0.766148,-0.0574926],[0.758691,0.618509,0.204534],[-0.121144,-0.174539,0.97717]],[[0.635887,-0.771337,-0.0262207],[0.41919,0.373706,-0.82742],[0.648018,0.515154,0.560971]],[[0.635887,-0.771337,-0.0262207],[-0.338149,-0.247907,-0.907853],[0.693761,0.586158,-0.418467]],[[0.635887,-0.771337,-0.0262207],[-0.632288,-0.501172,-0.590795],[0.442561,0.392257,-0.806396]]],"btipPosition":[-47.0169,276.858,-36.3176],"carpPosition":[-2.21789,309.551,18.3511],"dipPosition":[-39.4342,283.579,-50.1343],"direction":[-0.693761,-0.586158,0.418467],"extended":false,"handId":279,"id":2793,"length":59.0831,"mcpPosition":[4.74095,319.577,-37.7804],"pipPosition":[-21.8101,298.469,-60.7649],"stabilizedTipPosition":[-46.9522,223.074,48.0984],"timeVisible":0.831503,"tipPosition":[-45.1432,278.489,-40.2193],"tipVelocity":[-25.9919,51.6398,-113.004],"tool":false,"touchDistance":0.333333,"touchZone":"none","type":3,"width":16.5772},{"bases":[[[0.487548,-0.872793,0.0229912],[0.835309,0.473949,0.278623],[-0.254077,-0.116638,0.960125]],[[0.498139,-0.866893,-0.0187947],[0.487539,0.297945,-0.820691],[0.717052,0.399655,0.571063]],[[0.498139,-0.866893,-0.0187947],[-0.359292,-0.186634,-0.914372],[0.789156,0.462237,-0.404438]],[[0.498139,-0.866893,-0.0187947],[-0.687277,-0.381526,-0.618133],[0.528685,0.320833,-0.785849]]],"btipPosition":[-30.0481,277.293,-33.4028],"carpPosition":[2.20348,297.412,16.4925],"dipPosition":[-21.6913,282.365,-45.8245],"direction":[-0.789156,-0.462237,0.404438],"extended":false,"handId":279,"id":2794,"length":46.32,"mcpPosition":[15.7139,303.614,-34.5615],"pipPosition":[-7.53693,290.655,-53.0786],"stabilizedTipPosition":[-27.9392,226.946,47.8214],"timeVisible":0.831503,"tipPosition":[-27.9401,278.485,-36.8393],"tipVelocity":[-28.7158,45.6049,-116.224],"tool":false,"touchDistance":0.333333,"touchZone":"none","type":4,"width":14.7252}],"r":[[0.726035,-0.522982,0.446501],[0.557211,0.827925,0.0636855],[-0.402976,0.202558,0.892514]],"s":0.930032,"t":[66.8668,126.114,-192.992],"timestamp":3207940442},false],[5,{"currentFrameRate":109.789,"devices":[],"gestures":[],"hands":[{"armBasis":[[0.719198,-0.330076,-0.611395],[0.593985,0.748607,0.294566],[0.360466,-0.575011,0.734457]],"armWidth":58.4334,"confidence":0.666565,"direction":[0.116608,0.355284,-0.927457],"elbow":[77.9785,160.024,206.4],"grabStrength":0,"id":279,"palmNormal":[-0.587884,-0.727969,-0.35278],"palmPosition":[-13.4228,321.205,-21.9089],"palmVelocity":[-10.9994,45.2743,-114.097],"palmWidth":83.4409,"pinchStrength":0.977727,"r":[[0.724654,-0.523564,0.44806],[0.558737,0.826973,0.0626747],[-0.403348,0.20493,0.891804]],"s":0.931896,"sphereCenter":[-36.4971,300.647,-52.2291],"sphereRadius":42.2323,"stabilizedPalmPosition":[-15.6317,272.881,64.1025],"t":[66.7861,126.46,-193.857],"timeVisible":0.84093,"type":"right","wrist":[-11.2726,302.396,24.5495]}],"id":312264,"interactionBox":{"center":[0,200,0],"size":[235.247,235.247,147.751]},"pointables":[{"bases":[[[0.870691,0.484487,0.0846704],[-0.426833,0.658813,0.619499],[0.244357,-0.575532,0.780418]],[[0.748301,0.641962,-0.167125],[-0.51089,0.718418,0.472089],[0.423129,-0.267882,0.865564]],[[0.748301,0.641962,-0.167125],[-0.662422,0.736529,-0.136827],[0.0352546,0.213095,0.976395]],[[0.748301,0.641962,-0.167125],[-0.575162,0.502358,-0.64562],[-0.330507,0.579242,0.745147]]],"btipPosition":[-51.7663,302.569,-58.936],"carpPosition":[-38.3881,309.401,27.2072],"dipPosition":[-58.8596,315.001,-42.9438],"direction":[-0.0352546,-0.213095,-0.976395],"extended":false,"handId":279,"id":2790,"length":47.7925,"mcpPosition":[-38.3881,309.401,27.2072],"pipPosition":[-57.7573,321.664,-12.415],"stabilizedTipPosition":[-58.8499,260.919,15.3869],"timeVisible":0.84093,"tipPosition":[-53.9648,305.022,-55.5387],"tipVelocity":[6.37817,52.1775,-107.666],"tool":false,"touchDistance":-0.474467,"touchZone":"touching","type":0,"width":18.5699},{"bases":[[[0.808711,-0.518397,-0.27794],[0.578494,0.786475,0.216338],[0.106444,-0.335742,0.93592]],[[0.815121,-0.547519,-0.189208],[0.576768,0.797509,0.176969],[0.0540009,-0.25338,0.965858]],[[0.815121,-0.547519,-0.189208],[0.566771,0.821304,0.0650466],[0.119783,-0.160258,0.97978]],[[0.815121,-0.547519,-0.189208],[0.553555,0.832462,-0.0241758],[0.170745,-0.0850306,0.981639]]],"btipPosition":[-35.4209,359.122,-114.778],"carpPosition":[-20.7819,321.604,23.5151],"dipPosition":[-32.7457,357.79,-99.3973],"direction":[-0.119783,0.160258,-0.97978],"extended":true,"handId":279,"id":2791,"length":53.9285,"mcpPosition":[-27.9632,344.255,-39.6275],"pipPosition":[-30.0907,354.237,-77.6804],"stabilizedTipPosition":[-40.7604,321.658,-46.8398],"timeVisible":0.84093,"tipPosition":[-35.3628,357.484,-111.344],"tipVelocity":[22.8645,66.5447,-118.57],"tool":false,"touchDistance":-0.495211,"touchZone":"touching","type":1,"width":17.738},{"bases":[[[0.705109,-0.685419,-0.181719],[0.709085,0.679949,0.18673],[-0.00442873,-0.26052,0.965458]],[[0.704679,-0.692732,-0.153456],[0.30898,0.494301,-0.812526],[0.638716,0.525156,0.562364]],[[0.704679,-0.692732,-0.153456],[-0.392818,-0.200793,-0.897427],[0.590864,0.692679,-0.413613]],[[0.704679,-0.692732,-0.153456],[-0.63389,-0.517493,-0.57479],[0.318764,0.502317,-0.803783]]],"btipPosition":[-59.7529,283.958,-41.747],"carpPosition":[-10.9028,317.222,20.2426],"dipPosition":[-54.2597,292.614,-55.5985],"direction":[-0.590864,-0.692679,0.413613],"extended":false,"handId":279,"id":2792,"length":61.4471,"mcpPosition":[-10.6195,333.89,-41.5271],"pipPosition":[-38.8516,310.678,-66.3843],"stabilizedTipPosition":[-60.033,234.077,36.0566],"timeVisible":0.84093,"tipPosition":[-58.5216,286.232,-46.3743],"tipVelocity":[-10.4357,45.8066,-76.3534],"tool":false,"touchDistance":0.333333,"touchZone":"none","type":2,"width":17.4211},{"bases":[[[0.641299,-0.76558,-0.0512194],[0.757147,0.62059,0.203952],[-0.124355,-0.169575,0.97764]],[[0.636967,-0.770638,-0.0197468],[0.421706,0.369774,-0.827908],[0.645319,0.519023,0.560517]],[[0.636967,-0.770638,-0.0197468],[-0.334853,-0.253516,-0.907526],[0.694368,0.584676,-0.419532]],[[0.636967,-0.770638,-0.0197468],[-0.629797,-0.505442,-0.589816],[0.444554,0.38813,-0.807296]]],"btipPosition":[-46.9629,277.268,-37.0015],"carpPosition":[-2.40938,310.296,17.6332],"dipPosition":[-39.346,283.918,-50.8336],"direction":[-0.694368,-0.584676,0.419532],"extended":false,"handId":279,"id":2793,"length":59.0831,"mcpPosition":[4.73394,320.037,-38.5253],"pipPosition":[-21.7065,298.771,-61.4912],"stabilizedTipPosition":[-46.9444,223.322,47.706],"timeVisible":0.84093,"tipPosition":[-45.0849,278.874,-40.8975],"tipVelocity":[-16.6961,48.8145,-101.558],"tool":false,"touchDistance":0.333333,"touchZone":"none","type":3,"width":16.5772},{"bases":[[[0.488619,-0.872006,0.0292861],[0.833694,0.476524,0.279068],[-0.257304,-0.111942,0.959825]],[[0.498703,-0.866717,-0.00987058],[0.485229,0.288597,-0.825387],[0.718226,0.406833,0.564481]],[[0.498703,-0.866717,-0.00987058],[-0.361771,-0.197785,-0.911045],[0.787666,0.457912,-0.412189]],[[0.498703,-0.866717,-0.00987058],[-0.687655,-0.388688,-0.613232],[0.527662,0.312608,-0.789842]]],"btipPosition":[-30.0405,277.76,-33.6099],"carpPosition":[2.03456,298.154,15.8539],"dipPosition":[-21.6999,282.701,-46.0947],"direction":[-0.787666,-0.457911,0.412189],"extended":false,"handId":279,"id":2794,"length":46.32,"mcpPosition":[15.7166,304.106,-35.1842],"pipPosition":[-7.57231,290.914,-53.4878],"stabilizedTipPosition":[-27.9399,227.148,47.4937],"timeVisible":0.84093,"tipPosition":[-27.9337,278.918,-37.1592],"tipVelocity":[-20.4011,45.8109,-89.7492],"tool":false,"touchDistance":0.333333,"touchZone":"none","type":4,"width":14.7252}],"r":[[0.724654,-0.523564,0.44806],[0.558737,0.826973,0.0626747],[-0.403348,0.20493,0.891804]],"s":0.931896,"t":[66.7861,126.46,-193.857],"timestamp":3207949869},false],[6,{"currentFrameRate":110.069,"devices":[],"gestures":[],"hands":[{"armBasis":[[0.722619,-0.325966,-0.609564],[0.590474,0.749562,0.29916],[0.35939,-0.57611,0.734122]],"armWidth":58.4334,"confidence":0.668118,"direction":[0.118655,0.35289,-0.928111],"elbow":[77.5768,160.274,205.788],"grabStrength":0,"id":279,"palmNormal":[-0.584668,-0.730659,-0.352562],"palmPosition":[-13.4584,321.584,-22.5],"palmVelocity":[-9.19058,44.9823,-102.156],"palmWidth":83.4409,"pinchStrength":0.979193,"r":[[0.723548,-0.523352,0.450089],[0.559451,0.82656,0.0617481],[-0.404342,0.207125,0.890846]],"s":0.933446,"sphereCenter":[-36.5342,301.184,-52.7923],"sphereRadius":42.2135,"stabilizedPalmPosition":[-15.6265,272.997,63.8961],"t":[66.7279,126.823,-194.585],"timeVisible":0.849517,"type":"right","wrist":[-11.4079,302.918,24.0204]}],"id":312265,"interactionBox":{"center":[0,200,0],"size":[235.247,235.247,147.751]},"pointables":[{"bases":[[[0.86904,0.487193,0.0860986],[-0.430721,0.659419,0.616154],[0.243411,-0.572547,0.782905]],[[0.747512,0.643215,-0.165832],[-0.51434,0.718465,0.468256],[0.420333,-0.264733,0.867892]],[[0.747512,0.643215,-0.165832],[-0.663585,0.734272,-0.143176],[0.0296727,0.21707,0.975705]],[[0.747512,0.643215,-0.165832],[-0.571255,0.495111,-0.654625],[-0.338959,0.584072,0.737541]]],"btipPosition":[-51.446,302.65,-59.4964],"carpPosition":[-38.5517,309.854,26.5685],"dipPosition":[-58.7207,315.185,-43.6674],"direction":[-0.0296727,-0.21707,-0.975705],"extended":false,"handId":279,"id":2790,"length":47.7925,"mcpPosition":[-38.5517,309.854,26.5685],"pipPosition":[-57.7929,321.972,-13.1602],"stabilizedTipPosition":[-58.8077,261.248,14.8621],"timeVisible":0.849517,"tipPosition":[-53.7114,305.174,-56.1468],"tipVelocity":[13.2557,41.6264,-97.6327],"tool":false,"touchDistance":-0.464323,"touchZone":"touching","type":0,"width":18.5699},{"bases":[[[0.811078,-0.516922,-0.27376],[0.575562,0.788738,0.215919],[0.104312,-0.332693,0.937248]],[[0.81725,-0.545483,-0.185882],[0.57415,0.798435,0.181252],[0.0495448,-0.254852,0.96571]],[[0.81725,-0.545483,-0.185882],[0.564639,0.822452,0.0689557],[0.115265,-0.16131,0.98015]],[[0.81725,-0.545483,-0.185882],[0.551769,0.833739,-0.0207508],[0.166296,-0.0856052,0.982353]]],"btipPosition":[-35.1177,359.498,-115.498],"carpPosition":[-20.9678,322.095,22.8982],"dipPosition":[-32.5121,358.157,-100.106],"direction":[-0.115265,0.16131,-0.98015],"extended":true,"handId":279,"id":2791,"length":53.9285,"mcpPosition":[-28.0053,344.541,-40.3339],"pipPosition":[-29.9573,354.581,-78.3809],"stabilizedTipPosition":[-40.7086,321.969,-47.3794],"timeVisible":0.849517,"tipPosition":[-35.0742,357.854,-112.067],"tipVelocity":[25.6574,60.4873,-109.329],"tool":false,"touchDistance":-0.484784,"touchZone":"touching","type":1,"width":17.738},{"bases":[[[0.707631,-0.683953,-0.177389],[0.706549,0.682495,0.187053],[-0.00686829,-0.257698,0.966201]],[[0.707129,-0.691183,-0.149113],[0.310267,0.492805,-0.812944],[0.635377,0.528591,0.562928]],[[0.707129,-0.691183,-0.149113],[-0.38933,-0.204561,-0.898096],[0.590247,0.693124,-0.413749]],[[0.707129,-0.691183,-0.149113],[-0.630568,-0.521009,-0.575269],[0.319927,0.500815,-0.804258]]],"btipPosition":[-59.6161,284.15,-42.3792],"carpPosition":[-11.0658,317.732,19.671],"dipPosition":[-54.1028,292.781,-56.2389],"direction":[-0.590247,-0.693124,0.413749],"extended":false,"handId":279,"id":2792,"length":61.4471,"mcpPosition":[-10.6263,334.22,-42.1461],"pipPosition":[-38.7109,310.855,-67.0283],"stabilizedTipPosition":[-60.0224,234.403,35.5455],"timeVisible":0.849517,"tipPosition":[-58.3766,286.411,-46.9999],"tipVelocity":[-3.33717,39.437,-75.692],"tool":false,"touchDistance":0.333333,"touchZone":"none","type":2,"width":17.4211},{"bases":[[[0.643618,-0.763911,-0.0468635],[0.754722,0.623323,0.204606],[-0.12709,-0.167057,0.977722]],[[0.639178,-0.768907,-0.0152699],[0.42368,0.368629,-0.82741],[0.64183,0.522393,0.56139]],[[0.639178,-0.768907,-0.0152699],[-0.331104,-0.257211,-0.907862],[0.694133,0.585341,-0.418992]],[[0.639178,-0.768907,-0.0152699],[-0.626531,-0.509104,-0.590146],[0.445994,0.386776,-0.807152]]],"btipPosition":[-46.8165,277.518,-37.5814],"carpPosition":[-2.54431,310.822,17.11],"dipPosition":[-39.1749,284.145,-51.411],"direction":[-0.694133,-0.585341,0.418992],"extended":false,"handId":279,"id":2793,"length":59.0831,"mcpPosition":[4.7561,320.418,-39.0533],"pipPosition":[-21.5414,299.015,-62.055],"stabilizedTipPosition":[-46.9378,223.519,47.3933],"timeVisible":0.849517,"tipPosition":[-44.9359,279.112,-41.4612],"tipVelocity":[-7.61935,43.4547,-92.565],"tool":false,"touchDistance":0.333333,"touchZone":"none","type":3,"width":16.5772},{"bases":[[[0.490974,-0.870532,0.0334538],[0.831427,0.479695,0.280397],[-0.260142,-0.109853,0.959301]],[[0.500864,-0.865515,-0.00445273],[0.486716,0.285903,-0.82545],[0.715712,0.41127,0.564458]],[[0.500864,-0.865515,-0.00445273],[-0.359426,-0.20331,-0.910757],[0.787368,0.457765,-0.412919]],[[0.500864,-0.865515,-0.00445273],[-0.685425,-0.393496,-0.612661],[0.528515,0.309912,-0.790333]]],"btipPosition":[-29.9112,278.084,-34.0334],"carpPosition":[1.93965,298.688,15.381],"dipPosition":[-21.5571,282.983,-46.526],"direction":[-0.787368,-0.457765,0.412919],"extended":false,"handId":279,"id":2794,"length":46.32,"mcpPosition":[15.7725,304.529,-35.6293],"pipPosition":[-7.43485,291.193,-53.9322],"stabilizedTipPosition":[-27.94,227.323,47.2109],"timeVisible":0.849517,"tipPosition":[-27.8083,279.224,-37.5855],"tipVelocity":[-10.9511,43.3844,-79.1382],"tool":false,"touchDist