{"sensorType":"Leap","data":[[0,{"currentFrameRate":109.396,"devices":[],"gestures":[],"hands":[{"armBasis":[[0.859725,0.0435538,-0.508897],[0.244412,0.839792,0.48478],[0.448482,-0.541158,0.711346]],"armWidth":58.4334,"confidence":0.557547,"direction":[0.129206,0.507523,-0.851896],"elbow":[90.1627,145.267,205.995],"grabStrength":0,"id":279,"palmNormal":[-0.238862,-0.817871,-0.52348],"palmPosition":[-22.1566,303.045,-14.2842],"palmVelocity":[1.71963,77.9402,-199.989],"palmWidth":83.4409,"pinchStrength":0.575217,"r":[[0.612343,-0.380616,0.692941],[0.314145,0.921459,0.22853],[-0.725499,0.0777456,0.683817]],"s":1.09712,"sphereCenter":[-27.3667,276.574,-50.1878],"sphereRadius":44.2746,"stabilizedPalmPosition":[-25.6404,262.577,59.7723],"t":[57.9191,107.887,-185.135],"timeVisible":21.3579,"type":"right","wrist":[-20.881,279.257,29.8666]}],"id":314494,"interactionBox":{"center":[0,200,0],"size":[235.247,235.247,147.751]},"pointables":[{"bases":[[[0.626132,0.721462,0.295724],[-0.718151,0.385892,0.57909],[0.303674,-0.574961,0.759738]],[[0.51501,0.854375,0.069347],[-0.769973,0.425542,0.475453],[0.376705,-0.298258,0.877003]],[[0.51501,0.854375,0.069347],[-0.85432,0.518214,-0.0398924],[-0.0700197,-0.0386995,0.996795]],[[0.51501,0.854375,0.069347],[-0.59283,0.413447,-0.691096],[-0.619126,0.31481,0.719429]]],"btipPosition":[-50.5797,284.759,-58.9907],"carpPosition":[-48.8125,276.652,27.762],"dipPosition":[-63.8673,291.515,-43.5504],"direction":[0.0700197,0.0386995,-0.996795],"extended":false,"handId":279,"id":2790,"length":47.7925,"mcpPosition":[-48.8125,276.652,27.762],"pipPosition":[-66.0566,290.305,-12.3838],"stabilizedTipPosition":[-62.4176,244.489,28.8983],"timeVisible":21.3579,"tipPosition":[-53.1798,286.137,-55.3701],"tipVelocity":[14.2021,93.0414,-214.664],"tool":false,"touchDistance":-0.567227,"touchZone":"hovering","type":0,"width":18.5699},{"bases":[[[0.97045,-0.182059,-0.158368],[0.231143,0.889793,0.3935],[0.0692748,-0.418478,0.905581]],[[0.972229,-0.226483,-0.0589598],[0.234023,0.938619,0.253431],[-0.00205713,-0.260191,0.965555]],[[0.972229,-0.226483,-0.0589598],[0.232363,0.964192,0.127834],[0.0278962,-0.137984,0.990041]],[[0.972229,-0.226483,-0.0589598],[0.228526,0.97306,0.0304922],[0.0504655,-0.0431192,0.997795]]],"btipPosition":[-42.145,336.51,-108.04],"carpPosition":[-36.1433,294.292,28.6742],"dipPosition":[-41.3543,335.835,-92.4068],"direction":[-0.0278962,0.137984,-0.990041],"extended":true,"handId":279,"id":2791,"length":53.9285,"mcpPosition":[-40.817,322.525,-32.4216],"pipPosition":[-40.736,332.776,-70.4625],"stabilizedTipPosition":[-55.6744,301.055,-46.2551],"timeVisible":21.3579,"tipPosition":[-41.9243,334.91,-104.603],"tipVelocity":[67.1347,126.056,-205.444],"tool":false,"touchDistance":-0.555159,"touchZone":"hovering","type":1,"width":17.738},{"bases":[[[0.917169,-0.385925,-0.099311],[0.393346,0.8368,0.380847],[-0.0638751,-0.388365,0.919289]],[[0.91703,-0.386754,-0.0973482],[0.1393,0.539332,-0.830492],[0.373699,0.748026,0.548459]],[[0.91703,-0.386754,-0.0973482],[-0.259822,-0.394173,-0.881544],[0.302569,0.833696,-0.461955]],[[0.91703,-0.386754,-0.0973482],[-0.368748,-0.729263,-0.576368],[0.15192,0.564444,-0.811371]]],"btipPosition":[-47.9192,254.19,-29.9994],"carpPosition":[-24.9798,293.874,27.0302],"dipPosition":[-45.3012,263.917,-43.9817],"direction":[-0.302569,-0.833696,0.461955],"extended":false,"handId":279,"id":2792,"length":61.4471,"mcpPosition":[-20.8931,318.721,-31.7855],"pipPosition":[-37.4111,285.657,-56.0282],"stabilizedTipPosition":[-53.1259,217.981,39.9376],"timeVisible":21.3579,"tipPosition":[-47.3769,256.429,-33.8234],"tipVelocity":[-5.80049,91.1934,-191.911],"tool":false,"touchDistance":0.333333,"touchZone":"none","type":2,"width":17.4211},{"bases":[[[0.865493,-0.500846,0.00862706],[0.455632,0.794283,0.401889],[-0.208137,-0.343902,0.915648]],[[0.870012,-0.492879,-0.0122427],[0.234791,0.436025,-0.868767],[0.433535,0.752963,0.49507]],[[0.870012,-0.492879,-0.0122427],[-0.269315,-0.454292,-0.849169],[0.412976,0.742085,-0.527979]],[[0.870012,-0.492879,-0.0122427],[-0.422059,-0.731709,-0.535227],[0.254844,0.470821,-0.844619]]],"btipPosition":[-34.9896,252.516,-19.458],"carpPosition":[-14.325,290.53,25.5397],"dipPosition":[-30.6231,260.583,-33.9295],"direction":[-0.412976,-0.742085,0.527979],"extended":false,"handId":279,"id":2793,"length":59.0831,"mcpPosition":[-2.36898,310.285,-27.0578],"pipPosition":[-20.1321,279.434,-47.3421],"stabilizedTipPosition":[-37.7365,217.115,44.2667],"timeVisible":21.3579,"tipPosition":[-34.0447,254.238,-23.5065],"tipVelocity":[-12.5372,89.0051,-185.521],"tool":false,"touchDistance":0.333333,"touchZone":"none","type":3,"width":16.5772},{"bases":[[[0.748326,-0.66159,0.0480222],[0.564511,0.673189,0.477645],[-0.348333,-0.330325,0.87724]],[[0.748028,-0.661873,0.048772],[0.407664,0.40025,-0.820737],[0.523703,0.633817,0.56922]],[[0.748028,-0.661873,0.048772],[-0.265709,-0.366016,-0.891869],[0.608155,0.654184,-0.449656]],[[0.748028,-0.661873,0.048772],[-0.504107,-0.614448,-0.606902],[0.431659,0.429393,-0.793279]]],"btipPosition":[-21.9412,259.373,-20.8898],"carpPosition":[-5.75125,280.881,23.6099],"dipPosition":[-15.1181,266.161,-33.429],"direction":[-0.608155,-0.654184,0.449656],"extended":false,"handId":279,"id":2794,"length":46.32,"mcpPosition":[12.7711,298.446,-23.0368],"pipPosition":[-4.21021,277.894,-41.4941],"stabilizedTipPosition":[-24.4242,223.784,41.8044],"timeVisible":21.3579,"tipPosition":[-20.2279,260.963,-24.3103],"tipVelocity":[-10.561,80.4388,-192.737],"tool":false,"touchDistance":0.333333,"touchZone":"none","type":4,"width":14.7252}],"r":[[0.612343,-0.380616,0.692941],[0.314145,0.921459,0.22853],[-0.725499,0.0777456,0.683817]],"s":1.09712,"t":[57.9191,107.887,-185.135],"timestamp":3228466819},false],[1,{"currentFrameRate":109.422,"devices":[],"gestures":[],"hands":[{"armBasis":[[0.860589,0.0400311,-0.507724],[0.247271,0.838684,0.485249],[0.445245,-0.543145,0.711864]],"armWidth":58.4334,"confidence":0.568724,"direction":[0.137652,0.504538,-0.852346],"elbow":[89.135,145.279,204.644],"grabStrength":0,"id":279,"palmNormal":[-0.241501,-0.81747,-0.522896],"palmPosition":[-21.9623,303.449,-15.8271],"palmVelocity":[7.16132,68.6833,-191.595],"palmWidth":83.4409,"pinchStrength":0.572223,"r":[[0.607263,-0.382976,0.696104],[0.316644,0.920225,0.230049],[-0.728676,0.0807168,0.680086]],"s":1.09922,"sphereCenter":[-27.3746,277.131,-51.6609],"sphereRadius":44.2418,"stabilizedPalmPosition":[-25.6372,262.613,59.7056],"t":[58.0424,108.469,-186.888],"timeVisible":21.367,"type":"right","wrist":[-21.1073,279.761,28.3872]}],"id":314495,"interactionBox":{"center":[0,200,0],"size":[235.247,235.247,147.751]},"pointables":[{"bases":[[[0.629403,0.717825,0.297621],[-0.718793,0.392269,0.573987],[0.295275,-0.575198,0.762863]],[[0.520555,0.850925,0.0703507],[-0.769308,0.431688,0.470967],[0.370388,-0.299286,0.879341]],[[0.520555,0.850925,0.0703507],[-0.850428,0.524065,-0.0461308],[-0.0761222,-0.0358146,0.996455]],[[0.520555,0.850925,0.0703507],[-0.585673,0.41581,-0.695765],[-0.621296,0.320981,0.714816]]],"btipPosition":[-50.2842,285.276,-60.6232],"carpPosition":[-49.0436,277.345,26.1269],"dipPosition":[-63.6184,292.165,-45.2819],"direction":[0.0761222,0.0358146,-0.996455],"extended":false,"handId":279,"id":2790,"length":47.7925,"mcpPosition":[-49.0436,277.345,26.1269],"pipPosition":[-65.9985,291.045,-14.1259],"stabilizedTipPosition":[-62.4082,244.533,28.8087],"timeVisible":21.367,"tipPosition":[-52.8985,286.678,-57.0358],"tipVelocity":[18.9423,83.9482,-205.629],"tool":false,"touchDistance":-0.563667,"touchZone":"hovering","type":0,"width":18.5699},{"bases":[[[0.970063,-0.189163,-0.152298],[0.235034,0.889126,0.3927],[0.0611281,-0.416739,0.906968]],[[0.971019,-0.232811,-0.0540453],[0.238829,0.936591,0.256434],[-0.00908247,-0.26191,0.965049]],[[0.971019,-0.232811,-0.0540453],[0.238031,0.962384,0.130989],[0.0215165,-0.140058,0.98991]],[[0.971019,-0.232811,-0.0540453],[0.234789,0.971465,0.0336039],[0.0446798,-0.0453192,0.997973]]],"btipPosition":[-41.2009,337.148,-109.718],"carpPosition":[-36.2578,294.899,27.0702],"dipPosition":[-40.5009,336.438,-94.0815],"direction":[-0.0215165,0.140058,-0.98991],"extended":true,"handId":279,"id":2791,"length":53.9285,"mcpPosition":[-40.3818,323.015,-34.1191],"pipPosition":[-40.024,333.333,-72.1401],"stabilizedTipPosition":[-55.4535,301.597,-47.1592],"timeVisible":21.367,"tipPosition":[-41.0048,335.547,-106.282],"tipVelocity":[76.661,110.318,-199.618],"tool":false,"touchDistance":-0.553129,"touchZone":"hovering","type":1,"width":17.738},{"bases":[[[0.915027,-0.392511,-0.0930628],[0.396936,0.834981,0.381116],[-0.0718866,-0.385671,0.919832]],[[0.914878,-0.393298,-0.0911842],[0.14692,0.534698,-0.832174],[0.376048,0.747941,0.546967]],[[0.914878,-0.393298,-0.0911842],[-0.25877,-0.397875,-0.88019],[0.309897,0.828862,-0.465781]],[[0.914878,-0.393298,-0.0911842],[-0.371164,-0.730481,-0.573267],[0.158856,0.558314,-0.814279]]],"btipPosition":[-47.9294,254.778,-31.3564],"carpPosition":[-25.0881,294.399,25.4921],"dipPosition":[-45.1918,264.4,-45.3888],"direction":[-0.309897,-0.828862,0.465781],"extended":false,"handId":279,"id":2792,"length":61.4471,"mcpPosition":[-20.4888,319.074,-33.3584],"pipPosition":[-37.1106,286.014,-57.535],"stabilizedTipPosition":[-53.119,218.027,39.8501],"timeVisible":21.367,"tipPosition":[-47.365,256.982,-35.2293],"tipVelocity":[-3.66642,83.1189,-180.442],"tool":false,"touchDistance":0.333333,"touchZone":"none","type":2,"width":17.4211},{"bases":[[[0.861931,-0.506808,0.0148488],[0.458802,0.792084,0.402621],[-0.215813,-0.340219,0.915246]],[[0.866642,-0.498894,-0.00608869],[0.242036,0.431057,-0.869257],[0.436292,0.751861,0.494322]],[[0.866642,-0.498894,-0.00608869],[-0.269353,-0.457558,-0.847402],[0.419977,0.736034,-0.530918]],[[0.866642,-0.498894,-0.00608869],[-0.425293,-0.732297,-0.531853],[0.260879,0.463516,-0.846815]]],"btipPosition":[-35.0662,253.076,-20.7603],"carpPosition":[-14.4483,290.978,24.0715],"dipPosition":[-30.5963,261.018,-35.2695],"direction":[-0.419977,-0.736034,0.530918],"extended":false,"handId":279,"id":2793,"length":59.0831,"mcpPosition":[-2.05135,310.522,-28.503],"pipPosition":[-19.9274,279.716,-48.7567],"stabilizedTipPosition":[-37.7309,217.172,44.1635],"timeVisible":21.367,"tipPosition":[-34.1049,254.755,-24.8383],"tipVelocity":[-10.6735,80.5467,-174.068],"tool":false,"touchDistance":0.333333,"touchZone":"none","type":3,"width":16.5772},{"bases":[[[0.743425,-0.66664,0.0539487],[0.566397,0.670424,0.479297],[-0.355687,-0.325765,0.875993]],[[0.743173,-0.66687,0.0545678],[0.414923,0.395343,-0.819477],[0.524912,0.631655,0.570508]],[[0.743173,-0.66687,0.0545678],[-0.264717,-0.367944,-0.891371],[0.614506,0.647998,-0.449979]],[[0.743173,-0.66687,0.0545678],[-0.506358,-0.613852,-0.60563],[0.437373,0.422457,-0.793873]]],"btipPosition":[-21.9731,259.806,-22.2455],"carpPosition":[-5.93071,281.265,22.2145],"dipPosition":[-15.0597,266.483,-34.7941],"direction":[-0.614506,-0.647998,0.449979],"extended":false,"handId":279,"id":2794,"length":46.32,"mcpPosition":[12.9827,298.588,-24.3659],"pipPosition":[-4.03785,278.106,-42.8649],"stabilizedTipPosition":[-24.4194,223.829,41.7258],"timeVisible":21.367,"tipPosition":[-20.2537,261.353,-25.6733],"tipVelocity":[-7.97375,70.56,-180.714],"tool":false,"touchDistance":0.333333,"touchZone":"none","type":4,"width":14.7252}],"r":[[0.607263,-0.382976,0.696104],[0.316644,0.920225,0.230049],[-0.728676,0.0807168,0.680086]],"s":1.09922,"t":[58.0424,108.469,-186.888],"timestamp":3228475912},false],[2,{"currentFrameRate":109.387,"devices":[],"gestures":[],"hands":[{"armBasis":[[0.861538,0.0393462,-0.506167],[0.247599,0.837826,0.486562],[0.443224,-0.544518,0.712076]],"armWidth":58.4334,"confidence":0.575174,"direction":[0.144829,0.503362,-0.851852],"elbow":[88.3705,145.313,203.589],"grabStrength":0,"id":279,"palmNormal":[-0.24158,-0.816885,-0.523773],"palmPosition":[-21.8638,303.794,-16.9561],"palmVelocity":[8.15363,59.9432,-172.312],"palmWidth":83.4409,"pinchStrength":0.567366,"r":[[0.602026,-0.385228,0.699403],[0.319085,0.91901,0.231528],[-0.731949,0.083783,0.676189]],"s":1.10142,"sphereCenter":[-27.4521,277.732,-52.766],"sphereRadius":44.2022,"stabilizedPalmPosition":[-25.6342,262.645,59.646],"t":[58.1534,108.933,-188.328],"timeVisible":21.3762,"type":"right","wrist":[-21.3713,280.135,27.2793]}],"id":314496,"interactionBox":{"center":[0,200,0],"size":[235.247,235.247,147.751]},"pointables":[{"bases":[[[0.630442,0.715532,0.300927],[-0.720693,0.395546,0.569337],[0.288348,-0.57581,0.765048]],[[0.523601,0.848823,0.0730791],[-0.769634,0.434472,0.467865],[0.365384,-0.301219,0.880773]],[[0.523601,0.848823,0.0730791],[-0.848002,0.527508,-0.0512676],[-0.082067,-0.0351274,0.996008]],[[0.523601,0.848823,0.0730791],[-0.579198,0.417558,-0.700125],[-0.624797,0.324259,0.710271]]],"btipPosition":[-50.0534,285.756,-61.853],"carpPosition":[-49.3028,277.828,24.8512],"dipPosition":[-63.4627,292.715,-46.6092],"direction":[0.082067,0.0351274,-0.996008],"extended":false,"handId":279,"id":2790,"length":47.7925,"mcpPosition":[-49.3028,277.828,24.8512],"pipPosition":[-66.0287,291.617,-15.4672],"stabilizedTipPosition":[-62.3989,244.576,28.7218],"timeVisible":21.3762,"tipPosition":[-52.6797,287.16,-58.308],"tipVelocity":[20.135,75.5445,-186.163],"tool":false,"touchDistance":-0.554417,"touchZone":"hovering","type":0,"width":18.5699},{"bases":[[[0.970208,-0.193134,-0.146275],[0.236188,0.888471,0.39349],[0.0539644,-0.416315,0.907617]],[[0.970473,-0.236089,-0.0494449],[0.240701,0.934532,0.262133],[-0.0156789,-0.266294,0.963764]],[[0.970473,-0.236089,-0.0494449],[0.24074,0.960814,0.137407],[0.0150671,-0.145253,0.98928]],[[0.970473,-0.236089,-0.0494449],[0.238126,0.970395,0.0403603],[0.0384524,-0.0509427,0.997961]]],"btipPosition":[-40.4126,337.928,-110.907],"carpPosition":[-36.4531,295.332,25.8597],"dipPosition":[-39.8101,337.13,-95.2713],"direction":[-0.0150671,0.145253,-0.98928],"extended":true,"handId":279,"id":2791,"length":53.9285,"mcpPosition":[-40.0939,323.419,-35.3735],"pipPosition":[-39.4762,333.911,-73.3438],"stabilizedTipPosition":[-55.2228,302.146,-48.0732],"timeVisible":21.3762,"tipPosition":[-40.2428,336.295,-107.479],"tipVelocity":[78.4975,102.561,-179.931],"tool":false,"touchDistance":-0.543993,"touchZone":"hovering","type":1,"width":17.738},{"bases":[[[0.914003,-0.396218,-0.0872302],[0.397941,0.833673,0.382927],[-0.0790011,-0.384709,0.919651]],[[0.91384,-0.397005,-0.0853472],[0.152812,0.530936,-0.83352],[0.376225,0.748661,0.545857]],[[0.91384,-0.397005,-0.0853472],[-0.256925,-0.402517,-0.878618],[0.314462,0.824844,-0.469836]],[[0.91384,-0.397005,-0.0853472],[-0.371625,-0.732914,-0.569852],[0.163682,0.552471,-0.817303]]],"btipPosition":[-47.8723,255.278,-32.2804],"carpPosition":[-25.2761,294.786,24.3497],"dipPosition":[-45.0516,264.799,-46.3649],"direction":[-0.314462,-0.824844,0.469836],"extended":false,"handId":279,"id":2792,"length":61.4471,"mcpPosition":[-20.2217,319.4,-34.4892],"pipPosition":[-36.8514,286.308,-58.6168],"stabilizedTipPosition":[-53.1121,218.073,39.7617],"timeVisible":21.3762,"tipPosition":[-47.2963,257.446,-36.2286],"tipVelocity":[-0.32414,74.3418,-158.408],"tool":false,"touchDistance":0.333333,"touchZone":"none","type":2,"width":17.4211},{"bases":[[[0.859799,-0.510224,0.020438],[0.459504,0.790546,0.404837],[-0.222715,-0.338687,0.91416]],[[0.86467,-0.50234,-0.000484334],[0.248891,0.429249,-0.868216],[0.436348,0.750599,0.496187]],[[0.86467,-0.50234,-0.000484334],[-0.266891,-0.458578,-0.847629],[0.425576,0.733049,-0.530589]],[[0.86467,-0.50234,-0.000484334],[-0.425688,-0.732216,-0.531648],[0.266714,0.459906,-0.846965]]],"btipPosition":[-35.1076,253.521,-21.8554],"carpPosition":[-14.6417,291.322,22.9961],"dipPosition":[-30.5378,261.401,-36.3672],"direction":[-0.425576,-0.733049,0.530589],"extended":false,"handId":279,"id":2793,"length":59.0831,"mcpPosition":[-1.84826,310.778,-29.516],"pipPosition":[-19.7266,280.024,-49.8461],"stabilizedTipPosition":[-37.7257,217.227,44.064],"timeVisible":21.3762,"tipPosition":[-34.1262,255.176,-25.929],"tipVelocity":[-8.24695,71.1189,-158.678],"tool":false,"touchDistance":0.333333,"touchZone":"none","type":3,"width":16.5772},{"bases":[[[0.740422,-0.669554,0.058931],[0.566147,0.668515,0.482251],[-0.362289,-0.323705,0.874049]],[[0.740228,-0.669727,0.0593986],[0.421109,0.392936,-0.817477],[0.524147,0.630132,0.572891]],[[0.740228,-0.669727,0.0593986],[-0.262279,-0.368971,-0.891667],[0.61909,0.644458,-0.448778]],[[0.740228,-0.669727,0.0593986],[-0.506453,-0.613504,-0.605903],[0.442231,0.418424,-0.793318]]],"btipPosition":[-21.9773,260.182,-23.2665],"carpPosition":[-6.15175,281.574,21.1977],"dipPosition":[-14.987,266.796,-35.8062],"direction":[-0.61909,-0.644458,0.448778],"extended":false,"handId":279,"id":2794,"length":46.32,"mcpPosition":[13.1128,298.787,-25.2793],"pipPosition":[-3.88299,278.355,-43.8556],"stabilizedTipPosition":[-24.4152,223.868,41.6545],"timeVisible":21.3762,"tipPosition":[-20.2519,261.702,-26.6966],"tipVelocity":[-5.33163,61.8013,-161.127],"tool":false,"touchDistance":0.333333,"touchZone":"none","type":4,"width":14.7252}],"r":[[0.602026,-0.385228,0.699403],[0.319085,0.91901,0.231528],[-0.731949,0.083783,0.676189]],"s":1.10142,"t":[58.1534,108.933,-188.328],"timestamp":3228485115},false],[3,{"currentFrameRate":109.545,"devices":[],"gestures":[],"hands":[{"armBasis":[[0.864591,0.0469372,-0.500279],[0.241259,0.834578,0.495251],[0.440767,-0.548887,0.710245]],"armWidth":58.4334,"confidence":0.584063,"direction":[0.151803,0.498103,-0.853727],"elbow":[87.4464,145.082,202.115],"grabStrength":0,"id":279,"palmNormal":[-0.236881,-0.820231,-0.520681],"palmPosition":[-21.8162,304.368,-18.1252],"palmVelocity":[7.40205,61.2788,-161.436],"palmWidth":83.4409,"pinchStrength":0.564931,"r":[[0.596669,-0.38609,0.703506],[0.32057,0.918346,0.23211],[-0.735677,0.0870303,0.671718]],"s":1.10368,"sphereCenter":[-27.38,278.341,-53.785],"sphereRadius":44.1663,"stabilizedPalmPosition":[-25.6316,262.673,59.5927],"t":[58.2326,109.451,-189.633],"timeVisible":21.385,"type":"right","wrist":[-21.6871,280.985,26.2595]}],"id":314497,"interactionBox":{"center":[0,200,0],"size":[235.247,235.247,147.751]},"pointables":[{"bases":[[[0.627637,0.71765,0.301745],[-0.725592,0.398793,0.560786],[0.282114,-0.570914,0.771018]],[[0.5227,0.849451,0.0722402],[-0.773016,0.436519,0.460322],[0.359487,-0.296453,0.884808]],[[0.5227,0.849451,0.0722402],[-0.847731,0.526862,-0.061384],[-0.0902033,-0.0291549,0.995497]],[[0.5227,0.849451,0.0722402],[-0.573142,0.412873,-0.707845],[-0.631105,0.328586,0.702664]]],"btipPosition":[-49.6872,286.082,-63.0983],"carpPosition":[-49.5963,278.652,23.6112],"dipPosition":[-63.2319,293.134,-48.0178],"direction":[0.0902033,0.0291549,-0.995497],"extended":false,"handId":279,"id":2790,"length":47.7925,"mcpPosition":[-49.5963,278.652,23.6112],"pipPosition":[-66.0522,292.223,-16.8918],"stabilizedTipPosition":[-62.3904,244.614,28.6433],"timeVisible":21.385,"tipPosition":[-52.3388,287.5,-59.604],"tipVelocity":[24.9348,65.7278,-175.022],"tool":false,"touchDistance":-0.546552,"touchZone":"hovering","type":0,"width":18.5699},{"bases":[[[0.971471,-0.193647,-0.136913],[0.232559,0.891002,0.389913],[0.0464842,-0.41063,0.910617]],[[0.971027,-0.235372,-0.0413023],[0.237819,0.93489,0.263482],[-0.023403,-0.26567,0.96378]],[[0.971027,-0.235372,-0.0413023],[0.238865,0.961068,0.138897],[0.0070018,-0.144739,0.989445]],[[0.971027,-0.235372,-0.0413023],[0.237045,0.9706,0.0417734],[0.0302557,-0.0503536,0.998273]]],"btipPosition":[-39.6051,338.335,-112.36],"carpPosition":[-36.7618,296.167,24.6185],"dipPosition":[-39.131,337.546,-96.7191],"direction":[-0.0070018,0.144739,-0.989445],"extended":true,"handId":279,"id":2791,"length":53.9285,"mcpPosition":[-39.8979,323.871,-36.817],"pipPosition":[-38.9758,334.337,-74.7879],"stabilizedTipPosition":[-55.001,302.654,-48.929],"timeVisible":21.385,"tipPosition":[-39.4613,336.693,-108.93],"tipVelocity":[81.0493,87.2959,-175.635],"tool":false,"touchDistance":-0.539701,"touchZone":"hovering","type":1,"width":17.738},{"bases":[[[0.914844,-0.396382,-0.0770778],[0.394413,0.836205,0.381051],[-0.0865889,-0.379003,0.921336]],[[0.914671,-0.397133,-0.0752494],[0.159006,0.524686,-0.836314],[0.371611,0.752987,0.543062]],[[0.914671,-0.397133,-0.0752494],[-0.250577,-0.411045,-0.8765],[0.317157,0.820565,-0.475483]],[[0.914671,-0.397133,-0.0752494],[-0.367276,-0.738851,-0.564985],[0.168776,0.544412,-0.821663]]],"btipPosition":[-47.6371,255.802,-33.186],"carpPosition":[-25.5723,295.617,23.2059],"dipPosition":[-44.7286,265.184,-47.3456],"direction":[-0.317157,-0.820565,0.475483],"extended":false,"handId":279,"id":2792,"length":61.4471,"mcpPosition":[-20.0324,319.865,-35.7408],"pipPosition":[-36.4581,286.582,-59.7449],"stabilizedTipPosition":[-53.1052,218.118,39.6757],"timeVisible":21.385,"tipPosition":[-47.043,257.921,-37.1711],"tipVelocity":[7.5763,69.2851,-143.766],"tool":false,"touchDistance":0.333333,"touchZone":"none","type":2,"width":17.4211},{"bases":[[[0.859778,-0.509736,0.03084],[0.455806,0.79324,0.403746],[-0.230268,-0.333075,0.914351]],[[0.864851,-0.501934,0.00978282],[0.255432,0.423176,-0.869297],[0.432189,0.754311,0.494194]],[[0.864851,-0.501934,0.00978282],[-0.261128,-0.466405,-0.84515],[0.428772,0.728374,-0.53444]],[[0.864851,-0.501934,0.00978282],[-0.422073,-0.737523,-0.527176],[0.271823,0.4518,-0.8497]]],"btipPosition":[-34.956,254.131,-22.6729],"carpPosition":[-14.9256,292.149,21.9633],"dipPosition":[-30.2987,261.872,-37.2315],"direction":[-0.428772,-0.728374,0.53444],"extended":false,"handId":279,"id":2793,"length":59.0831,"mcpPosition":[-1.69834,311.281,-30.5598],"pipPosition":[-19.4063,280.375,-50.8082],"stabilizedTipPosition":[-37.7204,217.28,43.9686],"timeVisible":21.385,"tipPosition":[-33.958,255.737,-26.7694],"tipVelocity":[-0.762515,69.5333,-141.066],"tool":false,"touchDistance":0.333333,"touchZone":"none","type":3,"width":16.5772},{"bases":[[[0.740138,-0.668872,0.0693215],[0.561838,0.671737,0.482812],[-0.369505,-0.3184,0.872976]],[[0.740027,-0.668968,0.0695831],[0.427272,0.387701,-0.816778],[0.519421,0.634169,0.57274]],[[0.740027,-0.668968,0.0695831],[-0.256666,-0.376519,-0.890144],[0.621677,0.640871,-0.450335]],[[0.740027,-0.668968,0.0695831],[-0.502874,-0.619037,-0.60325],[0.446629,0.41143,-0.794511]]],"btipPosition":[-21.8219,260.762,-24.0584],"carpPosition":[-6.41742,282.393,20.2971],"dipPosition":[-14.7622,267.266,-36.617],"direction":[-0.621677,-0.640871,0.450335],"extended":false,"handId":279,"id":2794,"length":46.32,"mcpPosition":[13.2308,299.324,-26.1228],"pipPosition":[-3.61172,278.76,-44.6943],"stabilizedTipPosition":[-24.4111,223.905,41.5886],"timeVisible":21.385,"tipPosition":[-20.093,262.241,-27.5041],"tipVelocity":[1.35203,62.0538,-141.876],"tool":false,"touchDistance":0.333333,"touchZone":"none","type":4,"width":14.7252}],"r":[[0.596669,-0.38609,0.703506],[0.32057,0.918346,0.23211],[-0.735677,0.0870303,0.671718]],"s":1.10368,"t":[58.2326,109.451,-189.633],"timestamp":3228493963},false],[4,{"currentFrameRate":109.571,"devices":[],"gestures":[],"hands":[{"armBasis":[[0.864145,0.0406598,-0.501598],[0.246847,0.834338,0.492896],[0.438543,-0.549752,0.710952]],"armWidth":58.4334,"confidence":0.587448,"direction":[0.160035,0.496837,-0.85296],"elbow":[86.5794,145.261,200.717],"grabStrength":0,"id":279,"palmNormal":[-0.241605,-0.8181,-0.521862],"palmPosition":[-21.7261,304.765,-19.696],"palmVelocity":[8.10002,56.4244,-164.634],"palmWidth":83.4409,"pinchStrength":0.559599,"r":[[0.591043,-0.387807,0.707301],[0.323133,0.917247,0.232899],[-0.73909,0.0908991,0.667446]],"s":1.10627,"sphereCenter":[-27.6816,279.091,-55.3594],"sphereRadius":44.143,"stabilizedPalmPosition":[-25.6292,262.699,59.5439],"t":[58.3173,109.909,-191.071],"timeVisible":21.3941,"type":"right","wrist":[-22.0035,281.379,24.6859]}],"id":314498,"interactionBox":{"center":[0,200,0],"size":[235.247,235.247,147.751]},"pointables":[{"bases":[[[0.632455,0.712147,0.304708],[-0.724665,0.405032,0.557503],[0.273608,-0.573407,0.772233]],[[0.529867,0.844757,0.0750173],[-0.770129,0.442233,0.459707],[0.355166,-0.301357,0.884896]],[[0.529867,0.844757,0.0750173],[-0.842924,0.53432,-0.0630961],[-0.0933841,-0.0298013,0.995184]],[[0.529867,0.844757,0.0750173],[-0.568455,0.419412,-0.70778],[-0.629365,0.332385,0.702439]]],"btipPosition":[-49.7505,286.881,-64.7895],"carpPosition":[-49.9195,279.288,21.9095],"dipPosition":[-63.2578,294.015,-49.7139],"direction":[0.0933841,0.0298013,-0.995184],"extended":false,"handId":279,"id":2790,"length":47.7925,"mcpPosition":[-49.9195,279.288,21.9095],"pipPosition":[-66.1776,293.083,-18.5976],"stabilizedTipPosition":[-62.3821,244.652,28.5655],"timeVisible":21.3941,"tipPosition":[-52.3562,288.275,-61.3024],"tipVelocity":[16.3699,72.4582,-178.163],"tool":false,"touchDistance":-0.545615,"touchZone":"hovering","type":0,"width":18.5699},{"bases":[[[0.97037,-0.202064,-0.132482],[0.238496,0.888916,0.391085],[0.0387413,-0.411094,0.910769]],[[0.969249,-0.243019,-0.0387088],[0.244273,0.931096,0.270906],[-0.0297939,-0.272031,0.961827]],[[0.969249,-0.243019,-0.0387088],[0.246079,0.958046,0.146947],[0.00137386,-0.151953,0.988387]],[[0.969249,-0.243019,-0.0387088],[0.244776,0.968289,0.0500153],[0.0253266,-0.0579523,0.997998]]],"btipPosition":[-38.8053,339.419,-113.906],"carpPosition":[-36.9381,296.691,22.9777],"dipPosition":[-38.4085,338.511,-98.2697],"direction":[-0.00137386,0.151953,-0.988387],"extended":true,"handId":279,"id":2791,"length":53.9285,"mcpPosition":[-39.5518,324.425,-38.4681],"pipPosition":[-38.378,335.143,-76.3621],"stabilizedTipPosition":[-54.7658,303.182,-49.8153],"timeVisible":21.3941,"tipPosition":[-38.6894,337.726,-110.489],"tipVelocity":[82.454,95.3533,-174.191],"tool":false,"touchDistance":-0.537275,"touchZone":"hovering","type":1,"width":17.738},{"bases":[[[0.911712,-0.404305,-0.0729321],[0.399908,0.832716,0.382958],[-0.0940998,-0.378313,0.920882]],[[0.911525,-0.405049,-0.0711175],[0.166833,0.522277,-0.836298],[0.375885,0.750441,0.543644]],[[0.911525,-0.405049,-0.0711175],[-0.25132,-0.411776,-0.875945],[0.325516,0.816318,-0.477141]],[[0.911525,-0.405049,-0.0711175],[-0.371835,-0.737882,-0.563266],[0.175674,0.539875,-0.823209]]],"btipPosition":[-47.8575,256.486,-34.7024],"carpPosition":[-25.7475,296.043,21.6164],"dipPosition":[-44.8302,265.79,-48.8886],"direction":[-0.325516,-0.816318,0.477141],"extended":false,"handId":279,"id":2792,"length":61.4471,"mcpPosition":[-19.727,320.248,-37.3013],"pipPosition":[-36.3416,287.077,-61.3311],"stabilizedTipPosition":[-53.0984,218.164,39.5876],"timeVisible":21.3941,"tipPosition":[-47.241,258.574,-38.7127],"tipVelocity":[-0.402862,70.4081,-150.381],"tool":false,"touchDistance":0.333333,"touchZone":"none","type":2,"width":17.4211},{"bases":[[[0.855169,-0.517185,0.0347181],[0.46082,0.789219,0.405929],[-0.237341,-0.331139,0.913245]],[[0.860433,-0.509382,0.0135709],[0.262543,0.42034,-0.868554],[0.436721,0.750895,0.495409]],[[0.860433,-0.509382,0.0135709],[-0.262687,-0.46623,-0.844763],[0.436635,0.723298,-0.534968]],[[0.860433,-0.509382,0.0135709],[-0.427073,-0.735414,-0.526094],[0.277963,0.446873,-0.850318]]],"btipPosition":[-35.2405,254.707,-24.1762],"carpPosition":[-15.1257,292.483,20.4221],"dipPosition":[-30.4779,262.364,-38.7455],"direction":[-0.436635,-0.723298,0.534968],"extended":false,"handId":279,"id":2793,"length":59.0831,"mcpPosition":[-1.49215,311.505,-32.0374],"pipPosition":[-19.3858,280.738,-52.3356],"stabilizedTipPosition":[-37.7157,217.332,43.874],"timeVisible":21.3941,"tipPosition":[-34.2245,256.285,-28.2826],"tipVelocity":[-8.48133,67.2697,-147.919],"tool":false,"touchDistance":0.333333,"touchZone":"none","type":3,"width":16.5772},{"bases":[[[0.733977,-0.67528,0.0726312],[0.56543,0.666793,0.485465],[-0.376255,-0.315252,0.871234]],[[0.733954,-0.675299,0.0726826],[0.434033,0.38402,-0.81495],[0.522423,0.629683,0.574955]],[[0.733954,-0.675299,0.0726826],[-0.257443,-0.375627,-0.890296],[0.628517,0.634725,-0.449545]],[[0.733954,-0.675299,0.0726826],[-0.506916,-0.61586,-0.603119],[0.452048,0.405818,-0.794333]]],"btipPosition":[-22.0463,261.2,-25.5579],"carpPosition":[-6.69502,282.654,18.7938],"dipPosition":[-14.9009,267.615,-38.1137],"direction":[-0.628517,-0.634725,0.449545],"extended":false,"handId":279,"id":2794,"length":46.32,"mcpPosition":[13.3121,299.417,-27.5335],"pipPosition":[-3.62777,278.999,-46.1768],"stabilizedTipPosition":[-24.4076,223.94,41.5267],"timeVisible":21.3941,"tipPosition":[-20.3109,262.647,-29.0061],"tipVelocity":[-5.25828,57.6105,-148.293],"tool":false,"touchDistance":0.333333,"touchZone":"none","type":4,"width":14.7252}],"r":[[0.591043,-0.387807,0.707301],[0.323133,0.917247,0.232899],[-0.73909,0.0908991,0.667446]],"s":1.10627,"t":[58.3173,109.909,-191.071],"timestamp":3228503043},false],[5,{"currentFrameRate":109.614,"devices":[],"gestures":[],"hands":[{"armBasis":[[0.864227,0.0348336,-0.501895],[0.25313,0.832026,0.493617],[0.434785,-0.553641,0.710242]],"armWidth":58.4334,"confidence":0.593002,"direction":[0.169532,0.490757,-0.854644],"elbow":[85.244,144.924,198.81],"grabStrength":0,"id":279,"palmNormal":[-0.248258,-0.817966,-0.518941],"palmPosition":[-21.6635,305.165,-21.5407],"palmVelocity":[7.7731,53.0572,-175.469],"palmWidth":83.4409,"pinchStrength":0.558234,"r":[[0.584986,-0.389759,0.711252],[0.326997,0.915867,0.232939],[-0.742202,0.096311,0.66322]],"s":1.10896,"sphereCenter":[-28.1202,279.767,-57.0549],"sphereRadius":44.0892,"stabilizedPalmPosition":[-25.6272,262.721,59.5021],"t":[58.3909,110.338,-192.712],"timeVisible":21.4032,"type":"right","wrist":[-22.4083,282.005,22.9547]}],"id":314499,"interactionBox":{"center":[0,200,0],"size":[235.247,235.247,147.751]},"pointables":[{"bases":[[[0.638914,0.706594,0.304161],[-0.722705,0.415839,0.552064],[0.263603,-0.57254,0.776344]],[[0.538922,0.83915,0.0734167],[-0.766946,0.452765,0.454751],[0.348363,-0.301382,0.887588]],[[0.538922,0.83915,0.0734167],[-0.836513,0.543395,-0.0704829],[-0.09904,-0.0234292,0.994808]],[[0.538922,0.83915,0.0734167],[-0.559337,0.42166,-0.713684],[-0.629845,0.343556,0.696609]]],"btipPosition":[-49.665,287.366,-66.6285],"carpPosition":[-50.3326,280.211,20.0568],"dipPosition":[-63.1826,294.74,-51.6779],"direction":[0.09904,0.0234292,-0.994808],"extended":false,"handId":279,"id":2790,"length":47.7925,"mcpPosition":[-50.3326,280.211,20.0568],"pipPosition":[-66.2793,294.007,-20.5735],"stabilizedTipPosition":[-62.3746,244.687,28.4939],"timeVisible":21.4032,"tipPosition":[-52.2928,288.817,-63.1832],"tipVelocity":[14.3889,68.9507,-185.97],"tool":false,"touchDistance":-0.547403,"touchZone":"hovering","type":0,"width":18.5699},{"bases":[[[0.968669,-0.213489,-0.126898],[0.246548,0.888158,0.387802],[0.0299139,-0.406938,0.912966]],[[0.966797,-0.253157,-0.0348597],[0.252799,0.927515,0.275335],[-0.03737,-0.275006,0.960716]],[[0.966797,-0.253157,-0.0348597],[0.25549,0.954715,0.152458],[-0.00531461,-0.156302,0.987695]],[[0.966797,-0.253157,-0.0348597],[0.254804,0.965366,0.056066],[0.0194589,-0.0630868,0.997818]]],"btipPosition":[-37.8964,340.216,-115.87],"carpPosition":[-37.1634,297.474,21.1002],"dipPosition":[-37.5915,339.227,-100.236],"direction":[0.00531461,0.156302,-0.987695],"extended":true,"handId":279,"id":2791,"length":53.9285,"mcpPosition":[-39.1816,324.928,-40.4938],"pipPosition":[-37.7093,335.763,-78.344],"stabilizedTipPosition":[-54.5288,303.697,-50.6894],"timeVisible":21.4032,"tipPosition":[-37.8272,338.453,-112.462],"tipVelocity":[86.7795,92.7787,-186.041],"tool":false,"touchDistance":-0.541347,"touchZone":"hovering","type":1,"width":17.738},{"bases":[[[0.907486,-0.414765,-0.0666253],[0.407361,0.830129,0.380715],[-0.1026,-0.372634,0.922289]],[[0.907287,-0.415481,-0.0648515],[0.175893,0.515043,-0.838923],[0.381958,0.749737,0.540372]],[[0.907287,-0.415481,-0.0648515],[-0.253089,-0.416365,-0.873262],[0.335822,0.808712,-0.482917]],[[0.907287,-0.415481,-0.0648515],[-0.378191,-0.738787,-0.557822],[0.183853,0.530631,-0.827423]]],"btipPosition":[-48.2188,257.164,-36.246],"carpPosition":[-25.9745,296.695,19.7949],"dipPosition":[-45.0505,266.308,-50.5049],"direction":[-0.335822,-0.808712,0.482917],"extended":false,"handId":279,"id":2792,"length":61.4471,"mcpPosition":[-19.4102,320.536,-39.2128],"pipPosition":[-36.2932,287.397,-63.098],"stabilizedTipPosition":[-53.0923,218.209,39.5013],"timeVisible":21.4032,"tipPosition":[-47.5746,259.199,-40.2928],"tipVelocity":[-10.3177,70.5233,-156.478],"tool":false,"touchDistance":0.333333,"touchZone":"none","type":2,"width":17.4211},{"bases":[[[0.849188,-0.526471,0.0413142],[0.467677,0.786072,0.404189],[-0.24527,-0.323911,0.913742]],[[0.854668,-0.518788,0.020031],[0.27028,0.411664,-0.870334],[0.443273,0.749261,0.492054]],[[0.854668,-0.518788,0.020031],[-0.265981,-0.470668,-0.841265],[0.445866,0.713674,-0.540253]],[[0.854668,-0.518788,0.020031],[-0.434215,-0.735424,-0.520201],[0.284605,0.435901,-0.853809]]],"btipPosition":[-35.6636,255.32,-25.6269],"carpPosition":[-15.3875,293.011,18.6685],"dipPosition":[-30.7872,262.788,-40.256],"direction":[-0.445866,-0.713674,0.540253],"extended":false,"handId":279,"id":2793,"length":59.0831,"mcpPosition":[-1.29849,311.618,-33.8196],"pipPosition":[-19.4606,280.918,-53.9804],"stabilizedTipPosition":[-37.7118,217.381,43.7833],"timeVisible":21.4032,"tipPosition":[-34.6287,256.841,-29.7717],"tipVelocity":[-18.2425,66.0706,-151.772],"tool":false,"touchDistance":0.333333,"touchZone":"none","type":3,"width":16.5772},{"bases":[[[0.726068,-0.683019,0.0794368],[0.570545,0.662892,0.484823],[-0.383801,-0.306692,0.870998]],[[0.726112,-0.682984,0.0793389],[0.441766,0.374987,-0.815002],[0.526882,0.626832,0.574001]],[[0.726112,-0.682984,0.0793389],[-0.258977,-0.378555,-0.88861],[0.63694,0.624683,-0.45175]],[[0.726112,-0.682984,0.0793389],[-0.512301,-0.61436,-0.600091],[0.458595,0.395087,-0.795988]]],"btipPosition":[-22.4084,261.614,-27.1139],"carpPosition":[-7.05924,283.081,17.1286],"dipPosition":[-15.1595,267.859,-39.6958],"direction":[-0.63694,-0.624683,0.45175],"extended":false,"handId":279,"id":2794,"length":46.32,"mcpPosition":[13.3491,299.389,-29.1861],"pipPosition":[-3.73533,279.064,-47.7985],"stabilizedTipPosition":[-24.4048,223.969,41.4722],"timeVisible":21.4032,"tipPosition":[-20.6606,263.008,-30.5713],"tipVelocity":[-14.1222,53.1608,-155.016],"tool":false,"touchDistance":0.333333,"touchZone":"none","type":4,"width":14.7252}],"r":[[0.584986,-0.389759,0.711252],[0.326997,0.915867,0.232939],[-0.742202,0.096311,0.66322]],"s":1.10896,"t":[58.3909,110.338,-192.712],"timestamp":3228512089},false],[6,{"currentFrameRate":109.572,"devices":[],"gestures":[],"hands":[{"armBasis":[[0.866581,0.0357403,-0.497755],[0.246825,0.83619,0.489758],[0.433722,-0.547274,0.715805]],"armWidth":58.4334,"confidence":0.598283,"direction":[0.178693,0.487483,-0.854652],"elbow":[84.4826,147.454,198.317],"grabStrength":0,"id":279,"palmNormal":[-0.241032,-0.820476,-0.518385],"palmPosition":[-21.6808,305.936,-23.495],"palmVelocity":[5.07317,61.6492,-185.803],"palmWidth":83.4409,"pinchStrength":0.555884,"r":[[0.578582,-0.390519,0.716057],[0.32927,0.91504,0.232986],[-0.746207,0.100975,0.658012]],"s":1.11184,"sphereCenter":[-28.1602,280.82,-58.9382],"sphereRadius":44.0383,"stabilizedPalmPosition":[-25.6254,262.741,59.4639],"t":[58.4191,110.938,-194.51],"timeVisible":21.4124,"type":"right","wrist":[-22.9066,282.959,21.0843]}],"id":314500,"interactionBox":{"center":[0,200,0],"size":[235.247,235.247,147.751]},"pointables":[{"bases":[[[0.634311,0.708812,0.308603],[-0.729658,0.417017,0.541938],[0.25544,-0.568932,0.781708]],[[0.537015,0.840089,0.0765887],[-0.771626,0.452496,0.447036],[0.340894,-0.299163,0.891231]],[[0.537015,0.840089,0.0765887],[-0.836249,0.542092,-0.082609],[-0.110917,-0.0196849,0.993635]],[[0.537015,0.840089,0.0765887],[-0.55069,0.417896,-0.722567],[-0.639026,0.345853,0.687045]]],"btipPosition":[-49.2149,287.997,-68.7391],"carpPosition":[-50.7928,281.11,17.871],"dipPosition":[-62.9296,295.42,-53.9938],"direction":[0.110917,0.0196849,-0.993635],"extended":false,"handId":279,"id":2790,"length":47.7925,"mcpPosition":[-50.7928,281.11,17.871],"pipPosition":[-66.3976,294.805,-22.9261],"stabilizedTipPosition":[-62.3675,244.719,28.4271],"timeVisible":21.4124,"tipPosition":[-51.8804,289.44,-65.3661],"tipVelocity":[22.6719,69.1978,-199.553],"tool":false,"touchDistance":-0.553364,"touchZone":"hovering","type":0,"width":18.5699},{"bases":[[[0.970385,-0.212541,-0.114797],[0.240737,0.890123,0.386945],[0.0199413,-0.403122,0.914929]],[[0.967689,-0.250922,-0.0248283],[0.247554,0.926736,0.282626],[-0.0479078,-0.279641,0.958909]],[[0.967689,-0.250922,-0.0248283],[0.251594,0.954356,0.160952],[-0.0166914,-0.161999,0.98665]],[[0.967689,-0.250922,-0.0248283],[0.252032,0.965523,0.0651547],[0.00762361,-0.069307,0.997566]]],"btipPosition":[-36.8693,341.288,-118.009],"carpPosition":[-37.662,298.397,18.9951],"dipPosition":[-36.7499,340.202,-102.379],"direction":[0.0166914,0.161999,-0.98665],"extended":true,"handId":279,"id":2791,"length":53.9285,"mcpPosition":[-39.0073,325.594,-42.7313],"pipPosition":[-37.1198,336.611,-80.5103],"stabilizedTipPosition":[-54.2828,304.216,-51.5756],"timeVisible":21.4124,"tipPosition":[-36.8422,339.457,-114.613],"tipVelocity":[92.4333,98.7396,-199.064],"tool":false,"touchDistance":-0.547647,"touchZone":"hovering","type":1,"width":17.738},{"bases":[[[0.908805,-0.41366,-0.0544023],[0.401706,0.832309,0.38196],[-0.112722,-0.368981,0.922576]],[[0.908583,-0.41438,-0.0525985],[0.184402,0.510902,-0.839628],[0.374798,0.753172,0.54061]],[[0.908583,-0.41438,-0.0525985],[-0.243478,-0.423073,-0.87277],[0.339406,0.80579,-0.485289]],[[0.908583,-0.41438,-0.0525985],[-0.371376,-0.74374,-0.555816],[0.191199,0.524538,-0.82964]]],"btipPosition":[-47.9578,257.894,-38.1471],"carpPosition":[-26.4575,297.63,17.8226],"dipPosition":[-44.6629,266.933,-52.4442],"direction":[-0.339406,-0.80579,0.485289],"extended":false,"handId":279,"id":2792,"length":61.4471,"mcpPosition":[-19.2456,321.237,-41.2034],"pipPosition":[-35.8122,287.946,-65.0991],"stabilizedTipPosition":[-53.0862,218.252,39.4178],"timeVisible":21.4124,"tipPosition":[-47.2818,259.889,-42.2155],"tipVelocity":[1.39053,72.2696,-170.772],"tool":false,"touchDistance":0.333333,"touchZone":"none","type":2,"width":17.4211},{"bases":[[[0.849426,-0.525008,0.0533175],[0.461811,0.788442,0.406312],[-0.255355,-0.320509,0.912177]],[[0.855166,-0.517368,0.0319694],[0.279012,0.40745,-0.869561],[0.436857,0.752539,0.492789]],[[0.855166,-0.517368,0.0319694],[-0.257281,-0.477188,-0.840296],[0.449998,0.710367,-0.541184]],[[0.855166,-0.517368,0.0319694],[-0.428363,-0.740084,-0.51844],[0.291884,0.429658,-0.854516]]],"btipPosition":[-35.5164,256.127,-27.3659],"carpPosition":[-15.8528,293.958,16.834],"dipPosition":[-30.5153,263.489,-42.007],"direction":[-0.449998,-0.710368,0.541184],"extended":false,"handId":279,"id":2793,"length":59.0831,"mcpPosition":[-1.18449,312.369,-35.5642],"pipPosition":[-19.0837,281.535,-55.7551],"stabilizedTipPosition":[-37.7078,217.429,43.6949],"timeVisible":21.4124,"tipPosition":[-34.4511,257.611,-31.5264],"tipVelocity":[-7.79157,71.3942,-162.269],"tool":false,"touchDistance":0.333333,"touchZone":"none","type":3,"width":16.5772},{"bases":[[[0.726103,-0.681583,0.0906614],[0.56392,0.665751,0.48864],[-0.393407,-0.303678,0.867762]],[[0.726275,-0.681449,0.090281],[0.450233,0.372328,-0.81158],[0.519437,0.630078,0.577224]],[[0.726275,-0.681449,0.090281],[-0.249843,-0.384039,-0.888871],[0.640392,0.623009,-0.449173]],[[0.726275,-0.681449,0.090281],[-0.505992,-0.618874,-0.600805],[0.465291,0.390669,-0.794281]]],"btipPosition":[-22.2574,262.401,-28.8163],"carpPosition":[-7.49269,284.034,15.4318],"dipPosition":[-14.9027,268.577,-41.3713],"direction":[-0.640392,-0.623009,0.449173],"extended":false,"handId":279,"id":2794,"length":46.32,"mcpPosition":[13.4265,300.182,-30.7109],"pipPosition":[-3.41657,279.751,-49.4277],"stabilizedTipPosition":[-24.4021,223.997,41.421],"timeVisible":21.4124,"tipPosition":[-20.4943,263.766,-32.2707],"tipVelocity":[-4.83972,61.7285,-163.224],"tool":false,"