{"sensorType":"Leap","data":[[0,{"currentFrameRate":110.516,"devices":[],"gestures":[],"hands":[{"armBasis":[[-0.902635,-0.375444,0.210454],[-0.153702,0.737903,0.657172],[0.402026,-0.56084,0.723764]],"armWidth":58.4334,"confidence":0.564057,"direction":[-0.398262,0.445689,-0.801716],"elbow":[91.0402,157.202,209.065],"grabStrength":0,"id":278,"palmNormal":[0.21015,-0.806442,-0.55271],"palmPosition":[-21.149,317.658,-13.6193],"palmVelocity":[26.345,35.9671,-148.966],"palmWidth":83.4409,"pinchStrength":0.983819,"r":[[0.668378,-0.480703,0.567623],[0.515468,0.849499,0.112449],[-0.53625,0.217433,0.815573]],"s":1.24463,"sphereCenter":[-16.8461,290.643,-52.2596],"sphereRadius":44.6562,"stabilizedPalmPosition":[-50.1758,262.835,129.83],"t":[61.319,103.559,-222.839],"timeVisible":0.669003,"type":"left","wrist":[-8.50118,296.066,29.8615]}],"id":311554,"interactionBox":{"center":[0,200,0],"size":[235.247,235.247,147.751]},"pointables":[{"bases":[[[-0.624968,0.651899,0.429469],[0.780025,0.499462,0.376959],[-0.0312362,-0.570584,0.820645]],[[-0.558416,0.827449,0.0591562],[0.827973,0.560338,-0.0219418],[0.0513032,-0.036727,0.998008]],[[-0.558416,0.827449,0.0591562],[0.592556,0.447767,-0.669613],[0.580559,0.338869,0.74035]],[[-0.558416,0.827449,0.0591562],[0.474773,0.377255,-0.795153],[0.680266,0.415941,0.603516]]],"btipPosition":[-16.9283,278.998,-60.8304],"carpPosition":[18.1722,296.84,20.9555],"dipPosition":[-2.32851,287.925,-47.8778],"direction":[-0.580559,-0.338869,-0.74035],"extended":false,"handId":278,"id":2780,"length":47.7925,"mcpPosition":[18.1722,296.84,20.9555],"pipPosition":[15.8237,298.521,-24.7294],"stabilizedTipPosition":[-43.2759,233.58,70.6862],"timeVisible":0.669003,"tipPosition":[-12.7789,281.583,-58.3432],"tipVelocity":[26.8928,45.3026,-152.584],"tool":false,"touchDistance":-0.525836,"touchZone":"touching","type":0,"width":18.5699},{"bases":[[[-0.947068,-0.308255,0.0896741],[-0.243826,0.872374,0.42369],[0.208834,-0.379398,0.901358]],[[-0.904075,-0.362571,0.226252],[-0.268097,0.893425,0.360439],[0.332824,-0.265206,0.904927]],[[-0.904075,-0.362571,0.226252],[-0.312437,0.921935,0.228952],[0.291601,-0.1363,0.946779]],[[-0.904075,-0.362571,0.226252],[-0.342832,0.931362,0.122603],[0.255175,-0.0332755,0.966322]]],"btipPosition":[-33.7711,352.387,-107.907],"carpPosition":[3.89208,312.799,24.6819],"dipPosition":[-29.773,351.865,-92.7666],"direction":[-0.291601,0.1363,-0.946779],"extended":true,"handId":278,"id":2781,"length":53.9285,"mcpPosition":[-10.1971,338.395,-36.1289],"pipPosition":[-23.3097,348.844,-71.7812],"stabilizedTipPosition":[-53.9801,315.54,-40.6744],"timeVisible":0.669003,"tipPosition":[-32.3532,351.148,-104.719],"tipVelocity":[44.7871,85.0446,-133.425],"tool":false,"touchDistance":-0.511392,"touchZone":"hovering","type":1,"width":17.738},{"bases":[[[-0.85461,-0.500851,0.137075],[-0.395785,0.799159,0.452437],[0.336148,-0.332405,0.881199]],[[-0.865626,-0.489168,0.106802],[-0.479147,0.747415,-0.460206],[-0.145293,0.44954,0.881365]],[[-0.865626,-0.489168,0.106802],[-0.323646,0.383907,-0.864794],[-0.382027,0.783154,0.490637]],[[-0.865626,-0.489168,0.106802],[-0.188634,0.121024,-0.974562],[-0.463798,0.863752,0.197035]]],"btipPosition":[-4.31004,277.012,-85.6681],"carpPosition":[-7.18032,310.923,25.8581],"dipPosition":[-12.3026,291.897,-82.2726],"direction":[0.382027,-0.783154,-0.490637],"extended":false,"handId":278,"id":2782,"length":61.4471,"mcpPosition":[-28.6869,332.19,-30.5206],"pipPosition":[-22.2648,312.319,-69.4782],"stabilizedTipPosition":[-51.5267,222.368,60.4056],"timeVisible":0.669003,"tipPosition":[-6.57475,281.199,-85.515],"tipVelocity":[59.8736,60.2373,-148.198],"tool":false,"touchDistance":-0.513454,"touchZone":"hovering","type":2,"width":17.4211},{"bases":[[[-0.763545,-0.603117,0.230757],[-0.444914,0.75033,0.488934],[0.468029,-0.270656,0.841246]],[[-0.722967,-0.623125,0.298385],[-0.6905,0.637331,-0.34208],[-0.0229882,0.453348,0.891037]],[[-0.722967,-0.623125,0.298385],[-0.563402,0.281776,-0.776647],[-0.39987,0.729601,0.554785]],[[-0.722967,-0.623125,0.298385],[-0.403535,0.0302995,-0.914462],[-0.560783,0.781535,0.273358]]],"btipPosition":[-23.5172,271.265,-76.5037],"carpPosition":[-17.3406,306.218,27.1054],"dipPosition":[-33.1256,284.656,-71.82],"direction":[0.39987,-0.729601,-0.554785],"extended":false,"handId":278,"id":2783,"length":59.0831,"mcpPosition":[-44.2256,321.765,-21.2183],"pipPosition":[-43.2837,303.19,-57.7265],"stabilizedTipPosition":[-69.1029,217.334,67.24],"timeVisible":0.669003,"tipPosition":[-26.4915,274.686,-75.8217],"tipVelocity":[51.5505,73.9291,-178.867],"tool":false,"touchDistance":-0.536578,"touchZone":"hovering","type":3,"width":16.5772},{"bases":[[[-0.620165,-0.746019,0.242592],[-0.515148,0.62051,0.591262],[0.591623,-0.241709,0.769129]],[[-0.687515,-0.711085,0.147249],[-0.723122,0.651844,-0.228462],[-0.0664724,0.26355,0.962353]],[[-0.687515,-0.711085,0.147249],[-0.57009,0.402927,-0.715994],[-0.449802,0.576202,0.6824]],[[-0.687515,-0.711085,0.147249],[-0.393495,0.194385,-0.898541],[-0.610316,0.675702,0.41345]]],"btipPosition":[-36.3651,278.791,-63.3612],"carpPosition":[-24.7761,295.499,27.5164],"dipPosition":[-46.0122,289.471,-56.8259],"direction":[0.449802,-0.576202,-0.6824],"extended":false,"handId":278,"id":2784,"length":46.32,"mcpPosition":[-56.2353,308.352,-13.3815],"pipPosition":[-54.0799,299.806,-44.5864],"stabilizedTipPosition":[-74.4484,216.694,95.6116],"timeVisible":0.669003,"tipPosition":[-39.0304,281.819,-62.1884],"tipVelocity":[49.1546,52.1894,-167.472],"tool":false,"touchDistance":-0.539353,"touchZone":"hovering","type":4,"width":14.7252}],"r":[[0.668378,-0.480703,0.567623],[0.515468,0.849499,0.112449],[-0.53625,0.217433,0.815573]],"s":1.24463,"t":[61.319,103.559,-222.839],"timestamp":3201405804},false],[1,{"currentFrameRate":110.595,"devices":[],"gestures":[],"hands":[{"armBasis":[[-0.900955,-0.379959,0.209552],[-0.159438,0.739038,0.654525],[0.403559,-0.556286,0.72642]],"armWidth":58.4334,"confidence":0.473005,"direction":[-0.396205,0.453481,-0.798359],"elbow":[91.5228,158.396,208.221],"grabStrength":0,"id":278,"palmNormal":[0.21029,-0.801586,-0.559676],"palmPosition":[-20.9374,318.137,-14.9453],"palmVelocity":[25.6433,40.8147,-148.96],"palmWidth":83.4409,"pinchStrength":0.980344,"r":[[0.666977,-0.483451,0.566936],[0.515107,0.848971,0.117954],[-0.538337,0.21336,0.815273]],"s":1.24479,"sphereCenter":[-16.5515,291.532,-53.8359],"sphereRadius":44.659,"stabilizedPalmPosition":[-50.1692,262.848,129.798],"t":[61.5146,103.983,-224.188],"timeVisible":0.677906,"type":"left","wrist":[-8.39815,296.132,28.3599]}],"id":311555,"interactionBox":{"center":[0,200,0],"size":[235.247,235.247,147.751]},"pointables":[{"bases":[[[-0.625047,0.648662,0.434229],[0.779869,0.495078,0.383017],[-0.0334713,-0.578045,0.815318]],[[-0.557281,0.827799,0.0647013],[0.828802,0.559284,-0.0169862],[0.0502476,-0.0441585,0.99776]],[[-0.557281,0.827799,0.0647013],[0.593098,0.451388,-0.666696],[0.581096,0.333163,0.742516]],[[-0.557281,0.827799,0.0647013],[0.475209,0.381872,-0.792685],[0.680892,0.411002,0.606188]]],"btipPosition":[-16.7892,279.74,-62.3872],"carpPosition":[18.2932,296.957,19.5124],"dipPosition":[-2.17595,288.561,-49.3772],"direction":[-0.581096,-0.333163,-0.742516],"extended":false,"handId":278,"id":2780,"length":47.7925,"mcpPosition":[18.2932,296.957,19.5124],"pipPosition":[15.9931,298.978,-26.1611],"stabilizedTipPosition":[-43.2689,233.591,70.6557],"timeVisible":0.677906,"tipPosition":[-12.648,282.327,-59.8832],"tipVelocity":[23.9219,54.8973,-158.242],"tool":false,"touchDistance":-0.52474,"touchZone":"touching","type":0,"width":18.5699},{"bases":[[[-0.947591,-0.307962,0.0850293],[-0.243642,0.868737,0.431201],[0.206662,-0.387886,0.89824]],[[-0.904822,-0.363677,0.221443],[-0.267262,0.889953,0.369534],[0.331465,-0.275179,0.902445]],[[-0.904822,-0.363677,0.221443],[-0.311727,0.920063,0.237299],[0.290042,-0.145683,0.945861]],[[-0.904822,-0.363677,0.221443],[-0.34218,0.930579,0.130137],[0.253398,-0.0419774,0.966451]]],"btipPosition":[-33.3765,353.795,-108.905],"carpPosition":[4.02424,312.898,23.3576],"dipPosition":[-29.4062,353.138,-93.7624],"direction":[-0.290042,0.145683,-0.945861],"extended":true,"handId":278,"id":2781,"length":53.9285,"mcpPosition":[-9.91836,339.067,-37.2428],"pipPosition":[-22.9774,349.908,-72.7973],"stabilizedTipPosition":[-53.5119,316.369,-42.0834],"timeVisible":0.677906,"tipPosition":[-31.9701,352.549,-105.725],"tipVelocity":[44.4668,103.999,-127.603],"tool":false,"touchDistance":-0.503547,"touchZone":"hovering","type":1,"width":17.738},{"bases":[[[-0.855446,-0.501091,0.13084],[-0.39574,0.795439,0.458985],[0.334068,-0.340859,0.878757]],[[-0.866366,-0.489147,0.100724],[-0.477459,0.752127,-0.454243],[-0.146434,0.441633,0.885165]],[[-0.866366,-0.489147,0.100724],[-0.321556,0.392047,-0.861917],[-0.382115,0.779124,0.496944]],[[-0.866366,-0.489147,0.100724],[-0.186584,0.129948,-0.973807],[-0.463246,0.862467,0.20385]]],"btipPosition":[-4.00597,278.131,-87.3245],"carpPosition":[-7.05256,311.024,24.4953],"dipPosition":[-11.989,292.994,-83.8116],"direction":[0.382115,-0.779124,-0.496944],"extended":false,"handId":278,"id":2782,"length":61.4471,"mcpPosition":[-28.4261,332.832,-31.7272],"pipPosition":[-21.9535,313.311,-70.8527],"stabilizedTipPosition":[-51.3825,222.555,59.9418],"timeVisible":0.677906,"tipPosition":[-6.26005,282.308,-87.1312],"tipVelocity":[52.9429,77.879,-157.672],"tool":false,"touchDistance":-0.514884,"touchZone":"hovering","type":2,"width":17.4211},{"bases":[[[-0.764679,-0.604318,0.223755],[-0.444995,0.746334,0.494939],[0.466096,-0.278899,0.839624]],[[-0.727406,-0.623606,0.28635],[-0.685786,0.64603,-0.335175],[-0.0240264,0.440183,0.897586]],[[-0.727406,-0.623606,0.28635],[-0.55886,0.296223,-0.77455],[-0.39819,0.723442,0.563982]],[[-0.727406,-0.623606,0.28635],[-0.399394,0.0454203,-0.915654],[-0.558,0.780419,0.282103]]],"btipPosition":[-23.334,272.555,-78.4878],"carpPosition":[-17.2206,306.319,25.68],"dipPosition":[-32.8947,285.927,-73.6543],"direction":[0.39819,-0.723442,-0.563982],"extended":false,"handId":278,"id":2783,"length":59.0831,"mcpPosition":[-43.9946,322.34,-22.5506],"pipPosition":[-43.0102,304.305,-59.3271],"stabilizedTipPosition":[-68.9469,217.543,66.7222],"timeVisible":0.677906,"tipPosition":[-26.1931,275.869,-77.6555],"tipVelocity":[43.4581,93.1067,-189.783],"tool":false,"touchDistance":-0.540499,"touchZone":"hovering","type":3,"width":16.5772},{"bases":[[[-0.621486,-0.747489,0.234554],[-0.515575,0.615663,0.595937],[0.589863,-0.249436,0.768013]],[[-0.688385,-0.711754,0.139757],[-0.722171,0.654526,-0.22375],[-0.0677808,0.254955,0.964574]],[[-0.688385,-0.711754,0.139757],[-0.568517,0.409781,-0.71335],[-0.45046,0.570514,0.686731]],[[-0.688385,-0.711754,0.139757],[-0.391739,0.202652,-0.897482],[-0.610464,0.672561,0.418324]]],"btipPosition":[-36.108,279.739,-65.0666],"carpPosition":[-24.6691,295.606,25.9785],"dipPosition":[-45.7574,290.37,-58.4543],"direction":[0.45046,-0.570514,-0.686731],"extended":false,"handId":278,"id":2784,"length":46.32,"mcpPosition":[-56.0347,308.87,-14.8601],"pipPosition":[-53.8369,300.603,-46.137],"stabilizedTipPosition":[-74.4122,216.76,95.4517],"timeVisible":0.677906,"tipPosition":[-38.7639,282.754,-63.8685],"tipVelocity":[43.6225,66.6194,-173.481],"tool":false,"touchDistance":-0.539066,"touchZone":"hovering","type":4,"width":14.7252}],"r":[[0.666977,-0.483451,0.566936],[0.515107,0.848971,0.117954],[-0.538337,0.21336,0.815273]],"s":1.24479,"t":[61.5146,103.983,-224.188],"timestamp":3201414707},false],[2,{"currentFrameRate":110.463,"devices":[],"gestures":[],"hands":[{"armBasis":[[-0.899578,-0.382968,0.209989],[-0.162149,0.739265,0.653602],[0.405546,-0.553916,0.727124]],"armWidth":58.4334,"confidence":0.492093,"direction":[-0.392681,0.452431,-0.800692],"elbow":[92.004,159.268,207.028],"grabStrength":0,"id":278,"palmNormal":[0.212986,-0.802218,-0.557748],"palmPosition":[-20.7564,318.367,-16.3958],"palmVelocity":[23.9095,36.2959,-151.004],"palmWidth":83.4409,"pinchStrength":0.975079,"r":[[0.665365,-0.485484,0.567094],[0.514662,0.84858,0.122615],[-0.540752,0.210278,0.814475]],"s":1.24478,"sphereCenter":[-16.1814,291.738,-55.2495],"sphereRadius":44.6791,"stabilizedPalmPosition":[-50.1631,262.859,129.767],"t":[61.703,104.31,-225.588],"timeVisible":0.687191,"type":"left","wrist":[-8.40875,296.418,26.9924]}],"id":311556,"interactionBox":{"center":[0,200,0],"size":[235.247,235.247,147.751]},"pointables":[{"bases":[[[-0.627139,0.649054,0.43061],[0.778026,0.495706,0.385942],[-0.0370419,-0.577065,0.815858]],[[-0.557401,0.828065,0.0601007],[0.828968,0.559095,-0.0149778],[0.0460046,-0.041473,0.99808]],[[-0.557401,0.828065,0.0601007],[0.595543,0.449218,-0.665981],[0.578474,0.335426,0.743544]],[[-0.557401,0.828065,0.0601007],[0.478795,0.379745,-0.791549],[0.678277,0.412434,0.608144]]],"btipPosition":[-16.4279,279.796,-63.7235],"carpPosition":[18.3222,297.237,18.2648],"dipPosition":[-1.87076,288.647,-50.6716],"direction":[-0.578474,-0.335426,-0.743544],"extended":false,"handId":278,"id":2780,"length":47.7925,"mcpPosition":[18.3222,297.237,18.2648],"pipPosition":[16.2163,299.135,-27.4234],"stabilizedTipPosition":[-43.2617,233.603,70.6247],"timeVisible":0.687191,"tipPosition":[-12.3248,282.403,-61.1969],"tipVelocity":[27.7565,41.3276,-153.913],"tool":false,"touchDistance":-0.520499,"touchZone":"touching","type":0,"width":18.5699},{"bases":[[[-0.947903,-0.308059,0.0811128],[-0.24577,0.869206,0.429042],[0.202674,-0.386755,0.899635]],[[-0.905632,-0.363704,0.21806],[-0.268636,0.889917,0.368621],[0.328124,-0.275256,0.903642]],[[-0.905632,-0.363704,0.21806],[-0.312922,0.920197,0.235197],[0.2862,-0.144767,0.947171]],[[-0.905632,-0.363704,0.21806],[-0.343165,0.930646,0.127025],[0.249136,-0.0402073,0.967634]]],"btipPosition":[-32.8154,353.956,-110.425],"carpPosition":[4.0327,313.18,22.0261],"dipPosition":[-28.9119,353.326,-95.2642],"direction":[-0.2862,0.144767,-0.947171],"extended":true,"handId":278,"id":2781,"length":53.9285,"mcpPosition":[-9.64087,339.272,-38.6685],"pipPosition":[-22.5683,350.117,-74.2701],"stabilizedTipPosition":[-53.0531,317.164,-43.4612],"timeVisible":0.687191,"tipPosition":[-31.4272,352.739,-107.236],"tipVelocity":[48.4989,79.7461,-137.662],"tool":false,"touchDistance":-0.504267,"touchZone":"hovering","type":1,"width":17.738},{"bases":[[[-0.855927,-0.501114,0.127573],[-0.397977,0.79591,0.456226],[0.330158,-0.339725,0.880672]],[[-0.866642,-0.489291,0.0975997],[-0.475834,0.751729,-0.456602],[-0.150042,0.442152,0.884302]],[[-0.866642,-0.489291,0.0975997],[-0.318265,0.391496,-0.863388],[-0.384237,0.779311,0.495011]],[[-0.866642,-0.489291,0.0975997],[-0.182762,0.129304,-0.974617],[-0.464251,0.862482,0.201485]]],"btipPosition":[-3.51983,278.311,-88.6971],"carpPosition":[-7.04874,311.304,23.1159],"dipPosition":[-11.5202,293.174,-85.2249],"direction":[0.384237,-0.779311,-0.495011],"extended":false,"handId":278,"id":2782,"length":61.4471,"mcpPosition":[-28.1721,333.04,-33.2291],"pipPosition":[-21.54,313.496,-72.3164],"stabilizedTipPosition":[-51.2377,222.741,59.4767],"timeVisible":0.687191,"tipPosition":[-5.74907,282.448,-88.4764],"tipVelocity":[52.6569,61.3955,-155.181],"tool":false,"touchDistance":-0.512457,"touchZone":"hovering","type":2,"width":17.4211},{"bases":[[[-0.765559,-0.604209,0.221023],[-0.447384,0.746838,0.492016],[0.462349,-0.277785,0.842062]],[[-0.732273,-0.621734,0.277891],[-0.680465,0.651662,-0.335118],[-0.0272632,0.434493,0.900262]],[[-0.732273,-0.621734,0.277891],[-0.552245,0.303349,-0.776534],[-0.398499,0.722099,0.565483]],[[-0.732273,-0.621734,0.277891],[-0.392198,0.0514185,-0.918443],[-0.556738,0.781539,0.281495]]],"btipPosition":[-23.0004,273.019,-80.1849],"carpPosition":[-17.2211,306.599,24.2602],"dipPosition":[-32.5394,286.41,-75.3618],"direction":[0.398499,-0.722099,-0.565483],"extended":false,"handId":278,"id":2783,"length":59.0831,"mcpPosition":[-43.7798,322.556,-24.1103],"pipPosition":[-42.6628,304.754,-60.9965],"stabilizedTipPosition":[-68.7963,217.744,66.2206],"timeVisible":0.687191,"tipPosition":[-25.7301,276.21,-79.228],"tipVelocity":[41.4872,81.0842,-187.881],"tool":false,"touchDistance":-0.540275,"touchZone":"hovering","type":3,"width":16.5772},{"bases":[[[-0.622387,-0.747336,0.232644],[-0.518394,0.616275,0.592852],[0.586432,-0.248382,0.770976]],[[-0.688631,-0.711885,0.137867],[-0.721568,0.653991,-0.227235],[-0.0716012,0.255961,0.964032]],[[-0.688631,-0.711885,0.137867],[-0.565816,0.408642,-0.716145],[-0.453475,0.571167,0.684199]],[[-0.688631,-0.711885,0.137867],[-0.388068,0.20121,-0.899398],[-0.612528,0.672855,0.41482]]],"btipPosition":[-35.7145,279.913,-66.5462],"carpPosition":[-24.6687,295.885,24.538],"dipPosition":[-45.3966,290.548,-59.9893],"direction":[0.453475,-0.571167,-0.684199],"extended":false,"handId":278,"id":2784,"length":46.32,"mcpPosition":[-55.8518,309.093,-16.4582],"pipPosition":[-53.5301,300.793,-47.7174],"stabilizedTipPosition":[-74.3766,216.824,95.2953],"timeVisible":0.687191,"tipPosition":[-38.3582,282.913,-65.3532],"tipVelocity":[43.0429,53.1486,-169.886],"tool":false,"touchDistance":-0.535878,"touchZone":"hovering","type":4,"width":14.7252}],"r":[[0.665365,-0.485484,0.567094],[0.514662,0.84858,0.122615],[-0.540752,0.210278,0.814475]],"s":1.24478,"t":[61.703,104.31,-225.588],"timestamp":3201423992},false],[3,{"currentFrameRate":110.609,"devices":[],"gestures":[],"hands":[{"armBasis":[[-0.899697,-0.384054,0.207478],[-0.164374,0.738395,0.654029],[0.404383,-0.554325,0.72746]],"armWidth":58.4334,"confidence":0.504916,"direction":[-0.391387,0.448651,-0.803448],"elbow":[91.7742,159.409,206.156],"grabStrength":0,"id":278,"palmNormal":[0.217039,-0.803462,-0.554386],"palmPosition":[-20.6211,318.429,-17.4631],"palmVelocity":[21.6238,28.449,-143.076],"palmWidth":83.4409,"pinchStrength":0.974183,"r":[[0.663986,-0.486357,0.567961],[0.513737,0.848629,0.126106],[-0.543321,0.20805,0.813338]],"s":1.24484,"sphereCenter":[-15.8179,291.736,-56.2236],"sphereRadius":44.6828,"stabilizedPalmPosition":[-50.1582,262.868,129.743],"t":[61.8648,104.505,-226.821],"timeVisible":0.695974,"type":"left","wrist":[-8.35068,296.66,26.0372]}],"id":311557,"interactionBox":{"center":[0,200,0],"size":[235.247,235.247,147.751]},"pointables":[{"bases":[[[-0.630348,0.648702,0.426435],[0.775381,0.49919,0.386773],[-0.0380287,-0.574452,0.817655]],[[-0.559647,0.826925,0.0546754],[0.827609,0.561104,-0.0150319],[0.0431088,-0.0368373,0.998391]],[[-0.559647,0.826925,0.0546754],[0.596173,0.447549,-0.666541],[0.57565,0.340432,0.74346]],[[-0.559647,0.826925,0.0546754],[0.479535,0.376935,-0.792443],[0.675901,0.41727,0.60749]]],"btipPosition":[-16.0725,279.612,-64.5934],"carpPosition":[18.4057,297.525,17.3925],"dipPosition":[-1.5664,288.568,-51.5555],"direction":[-0.57565,-0.340432,-0.74346],"extended":false,"handId":278,"id":2780,"length":47.7925,"mcpPosition":[18.4057,297.525,17.3925],"pipPosition":[16.4323,299.212,-28.3099],"stabilizedTipPosition":[-43.2556,233.612,70.598],"timeVisible":0.695974,"tipPosition":[-12.004,282.253,-62.0638],"tipVelocity":[30.8139,25.3168,-139.255],"tool":false,"touchDistance":-0.50988,"touchZone":"touching","type":0,"width":18.5699},{"bases":[[[-0.947285,-0.310474,0.0791078],[-0.249599,0.869928,0.425353],[0.200879,-0.383186,0.901563]],[[-0.905244,-0.365593,0.216506],[-0.271859,0.88997,0.366123],[0.326536,-0.272571,0.90503]],[[-0.905244,-0.365593,0.216506],[-0.316166,0.920004,0.231584],[0.283852,-0.141189,0.948416]],[[-0.905244,-0.365593,0.216506],[-0.34633,0.930083,0.122483],[0.246147,-0.0358943,0.968568]]],"btipPosition":[-32.5063,353.723,-111.623],"carpPosition":[4.05924,313.44,21.0549],"dipPosition":[-28.6497,353.16,-96.4478],"direction":[-0.283852,0.141189,-0.948416],"extended":true,"handId":278,"id":2781,"length":53.9285,"mcpPosition":[-9.49322,339.292,-39.7697],"pipPosition":[-22.3581,350.031,-75.4261],"stabilizedTipPosition":[-52.6925,317.777,-44.5494],"timeVisible":0.695974,"tipPosition":[-31.1322,352.54,-108.425],"tipVelocity":[44.5912,51.6433,-137.226],"tool":false,"touchDistance":-0.500096,"touchZone":"hovering","type":1,"width":17.738},{"bases":[[[-0.854913,-0.503111,0.126506],[-0.401684,0.796291,0.452294],[0.32829,-0.335857,0.882851]],[[-0.865503,-0.491492,0.0966444],[-0.476744,0.749084,-0.459987],[-0.153685,0.444195,0.88265]],[[-0.865503,-0.491492,0.0966444],[-0.317082,0.388224,-0.865298],[-0.387768,0.779563,0.491852]],[[-0.865503,-0.491492,0.0966444],[-0.180508,0.12606,-0.975462],[-0.467248,0.86171,0.197824]]],"btipPosition":[-3.06712,278.213,-89.6184],"carpPosition":[-7.0203,311.537,22.1156],"dipPosition":[-11.1192,293.062,-86.2093],"direction":[0.387768,-0.779563,-0.491852],"extended":false,"handId":278,"id":2782,"length":61.4471,"mcpPosition":[-28.0241,333.025,-34.3689],"pipPosition":[-21.231,313.391,-73.3832],"stabilizedTipPosition":[-51.1125,222.9,59.0759],"timeVisible":0.695974,"tipPosition":[-5.28483,282.308,-89.3802],"tipVelocity":[51.9937,41.7827,-142.103],"tool":false,"touchDistance":-0.503583,"touchZone":"hovering","type":2,"width":17.4211},{"bases":[[[-0.764555,-0.605638,0.220587],[-0.451068,0.747199,0.48809],[0.460428,-0.273671,0.844458]],[[-0.733261,-0.622031,0.274603],[-0.679203,0.651179,-0.338599],[-0.0318035,0.434792,0.899969]],[[-0.733261,-0.622031,0.274603],[-0.548434,0.302328,-0.779627],[-0.401932,0.722271,0.562828]],[[-0.733261,-0.622031,0.274603],[-0.387117,0.0498952,-0.92068],[-0.55899,0.781401,0.277385]]],"btipPosition":[-22.5401,272.976,-81.1899],"carpPosition":[-17.183,306.807,23.243],"dipPosition":[-32.1177,286.365,-76.4372],"direction":[0.401932,-0.722271,-0.562828],"extended":false,"handId":278,"id":2783,"length":59.0831,"mcpPosition":[-43.6314,322.528,-25.2652],"pipPosition":[-42.3283,304.713,-62.1393],"stabilizedTipPosition":[-68.6703,217.911,65.8022],"timeVisible":0.695974,"tipPosition":[-25.2428,276.117,-80.2111],"tipVelocity":[44.152,57.9533,-168.621],"tool":false,"touchDistance":-0.529898,"touchZone":"hovering","type":3,"width":16.5772},{"bases":[[[-0.621017,-0.74832,0.233143],[-0.522031,0.616771,0.589133],[0.584655,-0.244154,0.773671]],[[-0.686723,-0.713591,0.138562],[-0.723085,0.651023,-0.230905],[-0.0745644,0.25876,0.963059]],[[-0.686723,-0.713591,0.138562],[-0.565288,0.404398,-0.718965],[-0.457013,0.572058,0.681094]],[[-0.686723,-0.713591,0.138562],[-0.386206,0.196674,-0.901201],[-0.615838,0.672389,0.410654]]],"btipPosition":[-35.3406,279.776,-67.5418],"carpPosition":[-24.6011,296.073,23.5327],"dipPosition":[-45.075,290.405,-61.0507],"direction":[0.457013,-0.572058,-0.681094],"extended":false,"handId":278,"id":2784,"length":46.32,"mcpPosition":[-55.6898,309.056,-17.6068],"pipPosition":[-53.272,300.665,-48.8346],"stabilizedTipPosition":[-74.3469,216.877,95.1649],"timeVisible":0.695974,"tipPosition":[-37.974,282.754,-66.3551],"tipVelocity":[42.5482,34.6254,-155.146],"tool":false,"touchDistance":-0.525785,"touchZone":"hovering","type":4,"width":14.7252}],"r":[[0.663986,-0.486357,0.567961],[0.513737,0.848629,0.126106],[-0.543321,0.20805,0.813338]],"s":1.24484,"t":[61.8648,104.505,-226.821],"timestamp":3201432775},false],[4,{"currentFrameRate":110.511,"devices":[],"gestures":[],"hands":[{"armBasis":[[-0.899468,-0.385857,0.205112],[-0.166791,0.736988,0.655003],[0.403903,-0.554943,0.727255]],"armWidth":58.4334,"confidence":0.517595,"direction":[-0.389291,0.44383,-0.807136],"elbow":[91.6152,159.561,205.226],"grabStrength":0,"id":278,"palmNormal":[0.22207,-0.80519,-0.549867],"palmPosition":[-20.5396,318.502,-18.4915],"palmVelocity":[18.0398,22.6944,-134.228],"palmWidth":83.4409,"pinchStrength":0.96403,"r":[[0.662696,-0.486126,0.569663],[0.512327,0.849108,0.128596],[-0.546219,0.206633,0.811756]],"s":1.24469,"sphereCenter":[-15.4589,291.631,-57.1488],"sphereRadius":44.7396,"stabilizedPalmPosition":[-50.1542,262.876,129.723],"t":[61.9865,104.638,-227.952],"timeVisible":0.705196,"type":"left","wrist":[-8.39071,296.965,25.1582]}],"id":311558,"interactionBox":{"center":[0,200,0],"size":[235.247,235.247,147.751]},"pointables":[{"bases":[[[-0.63431,0.648527,0.420789],[0.772055,0.503406,0.387961],[-0.0397756,-0.57096,0.820014]],[[-0.562401,0.825464,0.0480998],[0.825946,0.563566,-0.0143568],[0.0389585,-0.0316536,0.998739]],[[-0.562401,0.825464,0.0480998],[0.597536,0.445941,-0.666399],[0.571538,0.346042,0.744042]],[[-0.562401,0.825464,0.0480998],[0.480987,0.373911,-0.792996],[0.672575,0.422846,0.607325]]],"btipPosition":[-15.6877,279.434,-65.3892],"carpPosition":[18.4006,297.879,16.6273],"dipPosition":[-1.25298,288.509,-52.3549],"direction":[-0.571538,-0.346042,-0.744043],"extended":false,"handId":278,"id":2780,"length":47.7925,"mcpPosition":[18.4006,297.879,16.6273],"pipPosition":[16.6172,299.328,-29.0911],"stabilizedTipPosition":[-43.2497,233.622,70.5725],"timeVisible":0.705196,"tipPosition":[-11.6543,282.101,-62.8539],"tipVelocity":[33.3734,13.629,-124.434],"tool":false,"touchDistance":-0.499174,"touchZone":"touching","type":0,"width":18.5699},{"bases":[[[-0.946617,-0.313196,0.0763212],[-0.254276,0.870981,0.4204],[0.198142,-0.378551,0.904123]],[[-0.904987,-0.367588,0.214189],[-0.276028,0.890427,0.361867],[0.323738,-0.268363,0.90729]],[[-0.904987,-0.367588,0.214189],[-0.320107,0.919956,0.226302],[0.280231,-0.136237,0.950216]],[[-0.904987,-0.367588,0.214189],[-0.349993,0.929493,0.116398],[0.241874,-0.0303737,0.969832]]],"btipPosition":[-32.1366,353.371,-112.843],"carpPosition":[3.98682,313.763,20.1563],"dipPosition":[-28.3469,352.895,-97.6481],"direction":[-0.280231,0.136237,-0.950216],"extended":true,"handId":278,"id":2781,"length":53.9285,"mcpPosition":[-9.38097,339.303,-40.8411],"pipPosition":[-22.1356,349.876,-76.5865],"stabilizedTipPosition":[-52.4017,318.259,-45.4288],"timeVisible":0.705196,"tipPosition":[-30.782,352.227,-109.631],"tipVelocity":[42.8613,27.0861,-135.708],"tool":false,"touchDistance":-0.496653,"touchZone":"hovering","type":1,"width":17.738},{"bases":[[[-0.853833,-0.505321,0.124976],[-0.40624,0.79697,0.446999],[0.32548,-0.330892,0.885761]],[[-0.864193,-0.494028,0.0954271],[-0.477902,0.746579,-0.46285],[-0.157417,0.445596,0.881285]],[[-0.864193,-0.494028,0.0954271],[-0.316147,0.385594,-0.866815],[-0.391435,0.779264,0.489414]],[[-0.864193,-0.494028,0.0954271],[-0.178357,0.123433,-0.976193],[-0.470488,0.860639,0.194784]]],"btipPosition":[-2.64174,278.151,-90.5672],"carpPosition":[-7.09108,311.829,21.1766],"dipPosition":[-10.7496,292.983,-87.2105],"direction":[0.391435,-0.779264,-0.489414],"extended":false,"handId":278,"id":2782,"length":61.4471,"mcpPosition":[-27.9152,332.999,-35.494],"pipPosition":[-20.9571,313.303,-74.448],"stabilizedTipPosition":[-50.9966,223.046,58.7056],"timeVisible":0.705196,"tipPosition":[-4.81028,282.146,-90.245],"tipVelocity":[49.9591,28.073,-131.476],"tool":false,"touchDistance":-0.495971,"touchZone":"hovering","type":2,"width":17.4211},{"bases":[[[-0.76356,-0.607138,0.219906],[-0.455622,0.747876,0.482794],[0.457585,-0.268448,0.847674]],[[-0.735176,-0.621945,0.26963],[-0.677015,0.653613,-0.338292],[-0.0341655,0.431248,0.901586]],[[-0.735176,-0.621945,0.26963],[-0.545345,0.306388,-0.780208],[-0.402635,0.720632,0.564424]],[[-0.735176,-0.621945,0.26963],[-0.383306,0.0533443,-0.922079],[-0.5591,0.781242,0.277613]]],"btipPosition":[-22.3206,273.13,-82.448],"carpPosition":[-17.2433,307.071,22.2804],"dipPosition":[-31.9001,286.516,-77.6914],"direction":[0.402635,-0.720632,-0.564424],"extended":false,"handId":278,"id":2783,"length":59.0831,"mcpPosition":[-43.5284,322.492,-26.4125],"pipPosition":[-42.1285,304.822,-63.353],"stabilizedTipPosition":[-68.5602,218.057,65.4351],"timeVisible":0.705196,"tipPosition":[-24.8617,276.143,-81.3133],"tipVelocity":[38.4354,46.3538,-159.568],"tool":false,"touchDistance":-0.524099,"touchZone":"hovering","type":3,"width":16.5772},{"bases":[[[-0.619619,-0.749297,0.233723],[-0.526608,0.617665,0.5841],[0.582027,-0.23884,0.777303]],[[-0.684527,-0.715519,0.139485],[-0.724762,0.647412,-0.235749],[-0.0783785,0.26247,0.961752]],[[-0.684527,-0.715519,0.139485],[-0.56431,0.398971,-0.722756],[-0.461495,0.573459,0.67688]],[[-0.684527,-0.715519,0.139485],[-0.383483,0.190714,-0.903642],[-0.619971,0.672057,0.404938]]],"btipPosition":[-34.9583,279.595,-68.4743],"carpPosition":[-24.6279,296.314,22.585],"dipPosition":[-44.758,290.218,-62.0736],"direction":[0.461495,-0.573459,-0.67688],"extended":false,"handId":278,"id":2784,"length":46.32,"mcpPosition":[-55.5769,309.014,-18.7476],"pipPosition":[-53.0354,300.503,-49.933],"stabilizedTipPosition":[-74.3201,216.924,95.0481],"timeVisible":0.705196,"tipPosition":[-37.5773,282.547,-67.2976],"tipVelocity":[41.7856,19.3656,-140.633],"tool":false,"touchDistance":-0.515839,"touchZone":"hovering","type":4,"width":14.7252}],"r":[[0.662696,-0.486126,0.569663],[0.512327,0.849108,0.128596],[-0.546219,0.206633,0.811756]],"s":1.24469,"t":[61.9865,104.638,-227.952],"timestamp":3201441997},false],[5,{"currentFrameRate":110.592,"devices":[],"gestures":[],"hands":[{"armBasis":[[-0.901183,-0.385008,0.199095],[-0.168376,0.734224,0.657696],[0.399399,-0.559182,0.726496]],"armWidth":58.4334,"confidence":0.528395,"direction":[-0.387943,0.44106,-0.8093],"elbow":[90.4191,158.857,203.725],"grabStrength":0,"id":278,"palmNormal":[0.226226,-0.80564,-0.547508],"palmPosition":[-20.5404,318.724,-19.8877],"palmVelocity":[13.1076,23.2849,-140.393],"palmWidth":83.4409,"pinchStrength":0.964414,"r":[[0.66157,-0.485326,0.57165],[0.510611,0.849839,0.130576],[-0.549183,0.205505,0.81004]],"s":1.24464,"sphereCenter":[-15.1969,291.823,-58.4913],"sphereRadius":44.7503,"stabilizedPalmPosition":[-50.1512,262.882,129.708],"t":[62.0469,104.816,-229.215],"timeVisible":0.714095,"type":"left","wrist":[-8.47158,297.31,23.845]}],"id":311559,"interactionBox":{"center":[0,200,0],"size":[235.247,235.247,147.751]},"pointables":[{"bases":[[[-0.637581,0.647509,0.417401],[0.769303,0.506449,0.389464],[-0.0407893,-0.569422,0.821033]],[[-0.564886,0.823977,0.0443342],[0.824369,0.565889,-0.0136394],[0.0363267,-0.0288431,0.998924]],[[-0.564886,0.823977,0.0443342],[0.598,0.445804,-0.666074],[0.568594,0.349744,0.744567]],[[-0.564886,0.823977,0.0443342],[0.480436,0.372099,-0.794181],[0.670883,0.427322,0.606062]]],"btipPosition":[-15.4947,279.499,-66.6144],"carpPosition":[18.3447,298.286,15.3999],"dipPosition":[-1.09633,288.671,-53.6072],"direction":[-0.568594,-0.349744,-0.744567],"extended":false,"handId":278,"id":2780,"length":47.7925,"mcpPosition":[18.3447,298.286,15.3999],"pipPosition":[16.6818,299.606,-30.327],"stabilizedTipPosition":[-43.2447,233.629,70.5513],"timeVisible":0.714095,"tipPosition":[-11.4786,282.189,-64.0853],"tipVelocity":[29.9389,12.6114,-128.226],"tool":false,"touchDistance":-0.496061,"touchZone":"touching","type":0,"width":18.5699},{"bases":[[[-0.945941,-0.315818,0.0738595],[-0.2582,0.871076,0.417804],[0.196287,-0.376147,0.90553]],[[-0.904606,-0.369808,0.211968],[-0.279702,0.890245,0.359486],[0.321645,-0.265905,0.908757]],[[-0.904606,-0.369808,0.211968],[-0.323556,0.919476,0.22333],[0.277489,-0.133442,0.951416]],[[-0.904606,-0.369808,0.211968],[-0.353189,0.928706,0.112971],[0.238634,-0.0273296,0.970725]]],"btipPosition":[-31.9313,353.374,-114.344],"carpPosition":[3.87303,314.135,18.8495],"dipPosition":[-28.1923,352.945,-99.1342],"direction":[-0.277489,0.133442,-0.951416],"extended":true,"handId":278,"id":2781,"length":53.9285,"mcpPosition":[-9.36962,339.512,-42.2428],"pipPosition":[-22.0418,349.988,-78.0459],"stabilizedTipPosition":[-52.1939,318.6,-46.0661],"timeVisible":0.714095,"tipPosition":[-30.5902,352.252,-111.122],"tipVelocity":[37.123,20.1278,-144.545],"tool":false,"touchDistance":-0.497774,"touchZone":"hovering","type":1,"width":17.738},{"bases":[[[-0.852755,-0.507572,0.123206],[-0.410034,0.796673,0.444055],[0.323545,-0.328152,0.887488]],[[-0.862932,-0.496508,0.0939606],[-0.479043,0.74461,-0.464838],[-0.160832,0.446134,0.880396]],[[-0.862932,-0.496508,0.0939606],[-0.315277,0.383694,-0.867974],[-0.394904,0.778626,0.48764]],[[-0.862932,-0.496508,0.0939606],[-0.176379,0.1217,-0.97677],[-0.473539,0.859458,0.192593]]],"btipPosition":[-2.33531,278.33,-91.8934],"carpPosition":[-7.20245,312.17,19.8376],"dipPosition":[-10.4958,293.141,-88.5745],"direction":[0.394904,-0.778626,-0.48764],"extended":false,"handId":278,"id":2782,"length":61.4471,"mcpPosition":[-27.9027,333.165,-36.9435],"pipPosition":[-20.7937,313.445,-75.8583],"stabilizedTipPosition":[-50.9021,223.165,58.4028],"timeVisible":0.714095,"tipPosition":[-4.4849,282.273,-91.5355],"tipVelocity":[45.3673,25.7515,-136.516],"tool":false,"touchDistance":-0.494731,"touchZone":"hovering","type":2,"width":17.4211},{"bases":[[[-0.762496,-0.608932,0.218637],[-0.459388,0.747507,0.479788],[0.455591,-0.265397,0.849707]],[[-0.73518,-0.623119,0.266895],[-0.676754,0.652082,-0.34175],[-0.0389137,0.43187,0.901096]],[[-0.73518,-0.623119,0.266895],[-0.542228,0.304281,-0.783199],[-0.406816,0.72051,0.561574]],[[-0.73518,-0.623119,0.266895],[-0.378727,0.0510259,-0.924101],[-0.562206,0.78046,0.273506]]],"btipPosition":[-21.953,273.259,-83.7645],"carpPosition":[-17.3443,307.384,20.9178],"dipPosition":[-31.5857,286.631,-79.0783],"direction":[0.406816,-0.72051,-0.561574],"extended":false,"handId":278,"id":2783,"length":59.0831,"mcpPosition":[-43.5147,322.629,-27.8919],"pipPosition":[-41.9203,304.935,-64.8123],"stabilizedTipPosition":[-68.4729,218.171,65.1437],"timeVisible":0.714095,"tipPosition":[-24.5035,276.254,-82.6444],"tipVelocity":[38.8426,37.5907,-156.901],"tool":false,"touchDistance":-0.520014,"touchZone":"hovering","type":3,"width":16.5772},{"bases":[[[-0.618185,-0.750639,0.233211],[-0.530325,0.617292,0.581125],[0.580175,-0.235565,0.779683]],[[-0.682108,-0.717739,0.139928],[-0.72685,0.64451,-0.237268],[-0.0801111,0.263549,0.961314]],[[-0.682108,-0.717739,0.139928],[-0.564791,0.395554,-0.724257],[-0.464478,0.573051,0.675183]],[[-0.682108,-0.717739,0.139928],[-0.382524,0.187138,-0.904796],[-0.623221,0.670694,0.4022]]],"btipPosition":[-34.7691,279.707,-69.878],"carpPosition":[-24.6983,296.606,21.2199],"dipPosition":[-44.6202,290.308,-63.5205],"direction":[0.464478,-0.573051,-0.675183],"extended":false,"handId":278,"id":2784,"length":46.32,"mcpPosition":[-55.5488,309.132,-20.2392],"pipPosition":[-52.9511,300.586,-51.4104],"stabilizedTipPosition":[-74.2993,216.96,94.9567],"timeVisible":0.714095,"tipPosition":[-37.3516,282.616,-68.685],"tipVelocity":[35.841,17.3672,-145.588],"tool":false,"touchDistance":-0.513792,"touchZone":"hovering","type":4,"width":14.7252}],"r":[[0.66157,-0.485326,0.57165],[0.510611,0.849839,0.130576],[-0.549183,0.205505,0.81004]],"s":1.24464,"t":[62.0469,104.816,-229.215],"timestamp":3201450896},false],[6,{"currentFrameRate":110.438,"devices":[],"gestures":[],"hands":[{"armBasis":[[-0.902717,-0.382253,0.197445],[-0.167444,0.734889,0.657191],[0.396313,-0.560196,0.727403]],"armWidth":58.4334,"confidence":0.535632,"direction":[-0.383972,0.443535,-0.809841],"elbow":[89.5322,158.67,202.385],"grabStrength":0,"id":278,"palmNormal":[0.224231,-0.806026,-0.547761],"palmPosition":[-20.4593,318.884,-21.4605],"palmVelocity":[11.8615,21.5704,-148.385],"palmWidth":83.4409,"pinchStrength":0.957513,"r":[[0.659956,-0.485366,0.573479],[0.509883,0.849963,0.132598],[-0.551794,0.204898,0.808418]],"s":1.24473,"sphereCenter":[-14.9433,292.094,-60.1308],"sphereRadius":44.7774,"stabilizedPalmPosition":[-50.1488,262.886,129.696],"t":[62.1177,104.985,-230.634],"timeVisible":0.723422,"type":"left","wrist":[-8.59458,297.374,22.2808]}],"id":311560,"interactionBox":{"center":[0,200,0],"size":[235.247,235.247,147.751]},"pointables":[{"bases":[[[-0.635913,0.649773,0.416425],[0.770429,0.502782,0.391982],[-0.0453282,-0.570091,0.82033]],[[-0.561461,0.826354,0.0435987],[0.826676,0.562476,-0.0150827],[0.0369869,-0.0275736,0.998935]],[[-0.561461,0.826354,0.0435987],[0.597292,0.441165,-0.669788],[0.572716,0.350019,0.741272]],[[-0.561461,0.826354,0.0435987],[0.473877,0.364272,-0.801715],[0.678381,0.429471,0.596115]]],"btipPosition":[-15.9121,279.346,-67.7921],"carpPosition":[18.2474,298.245,13.9062],"dipPosition":[-1.35273,288.564,-54.9984],"direction":[-0.572716,-0.350019,-0.741272],"extended":false,"handId":278,"id":2780,"length":47.7925,"mcpPosition":[18.2474,298.245,13.9062],"pipPosition":[16.5543,299.508,-31.8212],"stabilizedTipPosition":[-43.2413,233.635,70.5359],"timeVisible":0.723422,"tipPosition":[-11.7824,282.094,-65.3793],"tipVelocity":[9.92719,4.71771,-129.162],"tool":false,"touchDistance":-0.493191,"touchZone":"touching","type":0,"width":18.5699},{"bases":[[[-0.947458,-0.311883,0.071082],[-0.255591,0.87173,0.418043],[0.192345,-0.37791,0.905642]],[[-0.906703,-0.366197,0.20926],[-0.276756,0.890961,0.359992],[0.318271,-0.268492,0.909184]],[[-0.906703,-0.366197,0.20926],[-0.320265,0.920617,0.223371],[0.274446,-0.135512,0.952006]],[[-0.906703,-0.366197,0.20926],[-0.349651,0.930087,0.112615],[0.235869,-0.0289399,0.971354]]],"btipPosition":[-31.4606,353.683,-115.905],"carpPosition":[3.83407,314.152,17.3349],"dipPosition":[-27.7649,353.229,-100.686],"direction":[-0.274446,0.135512,-0.952006],"extended":true,"handId":278,"id":2781,"length":53.9285,"mcpPosition":[-9.1426,339.648,-43.765],"pipPosition":[-21.6818,350.226,-79.585],"stabilizedTipPosition":[-52.0287,318.868,-46.5737],"timeVisible":0.723422,"tipPosition":[-30.1377,352.564,-112.679],"tipVelocity":[40.5972,23.6384,-150.963],"tool":false,"touchDistance":-0.499725,"touchZone":"hovering","type":1,"width":17.738},{"bases":[[[-0.855213,-0.504081,0.120469],[-0.407806,0.797944,0.443823],[0.319851,-0.330435,0.88798]],[[-0.865127,-0.493111,0.0916383],[-0.47538,0.747927,-0.463269],[-0.159904,0.44435,0.881467]],[[-0.865127,-0.493111,0.0916383],[-0.312741,0.387526,-0.867189],[-0.392108,0.778887,0.489475]],[[-0.865127,-0.493111,0.0916383],[-0.174708,0.125014,-0.976652],[-0.470142,0.860937,0.194303]]],"btipPosition":[-2.32112,278.586,-93.5949],"carpPosition":[-7.25215,312.233,18.2922],"dipPosition":[-10.423,293.422,-90.2465],"direction":[0.392108,-0.778887,-0.489475],"extended":false,"handId":278,"id":2782,"length":61.4471,"mcpPosition":[-27.7161,333.374,-38.5203],"pipPosition":[-20.6481,313.733,-77.4824],"stabilizedTipPosition":[-50.8262,223.26,58.1573],"timeVisible":0.723422,"tipPosition":[-4.40786,282.468,-93.1575],"tipVelocity":[33.3676,26.4066,-149.301],"tool":false,"touchDistance":-0.499011,"touchZone":"hovering","type":2,"width":17.4211},{"bases":[[[-0.765631,-0.605921,0.216028],[-0.457461,0.748951,0.479377],[0.452259,-0.268202,0.850606]],[[-0.740217,-0.619461,0.261434],[-0.671333,0.659356,-0.338469],[-0.0372904,0.42605,0.903931]],[[-0.740217,-0.619461,0.261434],[-0.538298,0.313002,-0.782474],[-0.402883,0.719929,0.565144]],[[-0.740217,-0.619461,0.261434],[-0.375576,0.0584302,-0.924948],[-0.557693,0.78285,0.275906]]],"btipPosition":[-22.078,273.737,-85.6407],"carpPosition":[-17.4169,307.489,19.3412],"dipPosition":[-31.6334,287.15,-80.9133],"direction":[0.402883,-0.719929,-0.565144],"extended":false,"handId":278,"id":2783,"length":59.0831,"mcpPosition":[-43.396,322.896,-29.5201],"pipPosition":[-41.8681,305.439,-66.5566],"stabilizedTipPosition":[-68.4025,218.265,64.9053],"timeVisible":0.723422,"tipPosition":[-24.5147,276.667,-84.4263],"tipVelocity":[24.5973,41.7575,-169.137],"tool":false,"touchDistance":-0.524346,"touchZone":"hovering","type":3,"width":16.5772},{"bases":[[[-0.621961,-0.748254,0.230828],[-0.529211,0.618933,0.580394],[0.577149,-0.238826,0.780936]],[[-0.684931,-0.715356,0.138329],[-0.72426,0.64775,-0.236364],[-0.0794823,0.262079,0.961768]],[[-0.684931,-0.715356,0.138329],[-0.562551,0.398556,-0.724355],[-0.46304,0.57395,0.675408]],[[-0.684931,-0.715356,0.138329],[-0.380357,0.189123,-0.905296],[-0.621448,0.67268,0.401627]]],"btipPosition":[-34.8014,280.016,-71.5611],"carpPosition":[-24.8173,296.742,19.6131],"dipPosition":[-44.6245,290.649,-65.2127],"direction":[0.46304,-0.57395,-0.675408],"extended":false,"handId":278,"id":2784,"length":46.32,"mcpPosition":[-55.5068,309.442,-21.9127],"pipPosition":[-52.9296,300.944,-53.0985],"stabilizedTipPosition":[-74.2829,216.989,94.884],"timeVisible":0.723422,"tipPosition":[-37.3317,282.899,-70.3456]