{"sensorType":"Leap","data":[[0,{"currentFrameRate":109.144,"devices":[],"gestures":[],"hands":[{"armBasis":[[0.792201,-0.146868,-0.592323],[0.437682,0.813118,0.383762],[0.425266,-0.563266,0.708435]],"armWidth":58.4334,"confidence":0.574752,"direction":[0.223749,0.478495,-0.849105],"elbow":[81.9633,143.646,203.437],"grabStrength":0,"id":279,"palmNormal":[-0.406944,-0.745756,-0.527489],"palmPosition":[-20.0552,307.091,-15.9129],"palmVelocity":[-0.224523,80.4415,-192.561],"palmWidth":83.4409,"pinchStrength":0.620103,"r":[[0.679189,-0.482585,0.553004],[0.418198,0.87363,0.24876],[-0.603169,0.0623103,0.795176]],"s":1.07271,"sphereCenter":[-32.9858,288.819,-50.0675],"sphereRadius":42.2123,"stabilizedPalmPosition":[-40.6511,244.874,122.028],"t":[60.1192,111.948,-186.981],"timeVisible":14.5971,"type":"right","wrist":[-23.3322,283.11,28.0296]}],"id":313758,"interactionBox":{"center":[0,200,0],"size":[235.247,235.247,147.751]},"pointables":[{"bases":[[[0.764016,0.573858,0.294902],[-0.618077,0.519846,0.589696],[0.185098,-0.63281,0.751858]],[[0.661384,0.749337,0.0326374],[-0.674314,0.574986,0.463348],[0.328438,-0.328459,0.885575]],[[0.661384,0.749337,0.0326374],[-0.746274,0.661792,-0.0714557],[-0.0751436,0.0229032,0.99691]],[[0.661384,0.749337,0.0326374],[-0.551997,0.515744,-0.655216],[-0.50781,0.415333,0.754736]]],"btipPosition":[-53.0041,291.747,-61.7083],"carpPosition":[-51.2175,286.341,26.1982],"dipPosition":[-63.9026,300.661,-45.5102],"direction":[0.0751436,-0.0229032,-0.99691],"extended":false,"handId":279,"id":2790,"length":47.7925,"mcpPosition":[-51.2175,286.341,26.1982],"pipPosition":[-66.2521,301.377,-14.34],"stabilizedTipPosition":[-84.4395,226.948,81.6604],"timeVisible":14.5971,"tipPosition":[-55.3667,292.725,-58.0403],"tipVelocity":[11.8451,86.6648,-196.06],"tool":false,"touchDistance":-0.582175,"touchZone":"hovering","type":0,"width":18.5699},{"bases":[[[0.910621,-0.376642,-0.170029],[0.413103,0.819023,0.398179],[-0.0107128,-0.432829,0.901412]],[[0.90708,-0.408914,-0.0999755],[0.420444,0.868323,0.263139],[-0.0207899,-0.280722,0.959564]],[[0.90708,-0.408914,-0.0999755],[0.420237,0.89351,0.158242],[0.0246217,-0.185552,0.982326]],[[0.90708,-0.408914,-0.0999755],[0.41678,0.90576,0.0767715],[0.0591609,-0.111306,0.992024]]],"btipPosition":[-35.1056,347.098,-108.817],"carpPosition":[-35.1747,300.98,27.1186],"dipPosition":[-34.1786,345.354,-93.2741],"direction":[-0.0246217,0.185552,-0.982326],"extended":true,"handId":279,"id":2791,"length":53.9285,"mcpPosition":[-34.452,330.181,-33.6959],"pipPosition":[-33.6329,341.241,-71.5008],"stabilizedTipPosition":[-59.3476,307.167,-32.6133],"timeVisible":14.5971,"tipPosition":[-35.3869,344.953,-105.457],"tipVelocity":[62.2419,97.3389,-209.56],"tool":false,"touchDistance":-0.595343,"touchZone":"hovering","type":1,"width":17.738},{"bases":[[[0.816946,-0.565724,-0.112054],[0.560772,0.733855,0.383394],[-0.134664,-0.376049,0.916762]],[[0.816343,-0.567379,-0.108005],[0.268222,0.538034,-0.79911],[0.511508,0.623378,0.591404]],[[0.816343,-0.567379,-0.108005],[-0.480038,-0.562541,-0.673135],[0.321166,0.601356,-0.73159]],[[0.816343,-0.567379,-0.108005],[-0.575921,-0.813767,-0.0780979],[-0.0435798,0.125957,-0.991078]]],"btipPosition":[-45.9699,276.938,-23.2841],"carpPosition":[-24.3522,298.285,25.3539],"dipPosition":[-46.7209,279.109,-40.3632],"direction":[-0.321166,-0.601356,0.73159],"extended":false,"handId":279,"id":2792,"length":61.4471,"mcpPosition":[-15.7365,322.345,-33.3001],"pipPosition":[-38.3458,294.791,-59.441],"stabilizedTipPosition":[-75.7341,202.778,133.171],"timeVisible":14.5971,"tipPosition":[-46.0607,277.502,-27.2737],"tipVelocity":[0.100398,75.2763,-180.014],"tool":false,"touchDistance":0.333333,"touchZone":"none","type":2,"width":17.4211},{"bases":[[[0.743611,-0.668597,-0.00450418],[0.613128,0.6792,0.403438],[-0.266678,-0.302763,0.914996]],[[0.741897,-0.670512,0.00132401],[0.377857,0.416452,-0.826917],[0.553907,0.613988,0.562322]],[[0.741897,-0.670512,0.00132401],[-0.510125,-0.565714,-0.647874],[0.435156,0.479981,-0.761746]],[[0.741897,-0.670512,0.00132401],[-0.669138,-0.7405,-0.0625616],[0.0429288,0.0455283,-0.99804]]],"btipPosition":[-33.7959,272.094,-15.4239],"carpPosition":[-14.6295,292.832,23.7246],"dipPosition":[-33.0603,272.874,-32.5242],"direction":[-0.435156,-0.479981,0.761746],"extended":false,"handId":279,"id":2793,"length":59.0831,"mcpPosition":[0.689289,310.224,-28.8355],"pipPosition":[-22.0058,285.067,-51.8754],"stabilizedTipPosition":[-57.3761,203.071,127.335],"timeVisible":14.5971,"tipPosition":[-33.4707,272.318,-19.3328],"tipVelocity":[-5.72384,79.0929,-185.607],"tool":false,"touchDistance":0.333333,"touchZone":"none","type":3,"width":16.5772},{"bases":[[[0.596151,-0.802116,0.0348296],[0.695337,0.537506,0.477068],[-0.401385,-0.260187,0.878176]],[[0.603038,-0.797473,0.0195601],[0.478056,0.341653,-0.809158],[0.638598,0.497304,0.587266]],[[0.603038,-0.797473,0.0195601],[-0.584337,-0.458294,-0.669714],[0.543043,0.392434,-0.742361]],[[0.603038,-0.797473,0.0195601],[-0.791428,-0.601179,-0.110571],[0.0999367,0.0511983,-0.993676]]],"btipPosition":[-18.9307,271.504,-15.0899],"carpPosition":[-8.24752,281.642,21.6272],"dipPosition":[-17.3511,272.314,-30.7966],"direction":[-0.543043,-0.392433,0.742361],"extended":false,"handId":279,"id":2794,"length":46.32,"mcpPosition":[13.0959,295.478,-25.0693],"pipPosition":[-7.61102,279.352,-44.1117],"stabilizedTipPosition":[-33.9697,216.203,101.297],"timeVisible":14.5971,"tipPosition":[-18.5372,271.673,-19.4605],"tipVelocity":[-4.05944,78.1116,-168.072],"tool":false,"touchDistance":0.333333,"touchZone":"none","type":4,"width":14.7252}],"r":[[0.679189,-0.482585,0.553004],[0.418198,0.87363,0.24876],[-0.603169,0.0623103,0.795176]],"s":1.07271,"t":[60.1192,111.948,-186.981],"timestamp":3221705999},false],[1,{"currentFrameRate":109.183,"devices":[],"gestures":[],"hands":[{"armBasis":[[0.793127,-0.144497,-0.591667],[0.437671,0.810781,0.388687],[0.423549,-0.567234,0.706295]],"armWidth":58.4334,"confidence":0.577557,"direction":[0.228379,0.476131,-0.849201],"elbow":[81.2319,143.075,201.791],"grabStrength":0,"id":279,"palmNormal":[-0.40704,-0.745663,-0.527546],"palmPosition":[-20.1239,307.404,-17.0646],"palmVelocity":[-2.25471,67.6916,-174.33],"palmWidth":83.4409,"pinchStrength":0.612986,"r":[[0.676415,-0.480877,0.55787],[0.418213,0.874258,0.246518],[-0.606268,0.0665598,0.79247]],"s":1.07536,"sphereCenter":[-33.2218,289.487,-51.1932],"sphereRadius":42.2155,"stabilizedPalmPosition":[-40.6307,244.936,121.89],"t":[60.0617,112.477,-188.429],"timeVisible":14.6061,"type":"right","wrist":[-23.6384,283.521,26.9132]}],"id":313759,"interactionBox":{"center":[0,200,0],"size":[235.247,235.247,147.751]},"pointables":[{"bases":[[[0.764512,0.572276,0.296684],[-0.618853,0.5228,0.586261],[0.180396,-0.631807,0.753842]],[[0.664652,0.74628,0.0361049],[-0.673627,0.577641,0.46104],[0.323209,-0.330753,0.886644]],[[0.664652,0.74628,0.0361049],[-0.742972,0.665266,-0.0735803],[-0.0789309,0.0220804,0.996636]],[[0.664652,0.74628,0.0361049],[-0.551218,0.522401,-0.650581],[-0.504377,0.412509,0.758578]]],"btipPosition":[-53.0095,292.425,-63.0614],"carpPosition":[-51.5071,286.828,24.9679],"dipPosition":[-63.8344,301.278,-46.7809],"direction":[0.0789309,-0.0220804,-0.996635],"extended":false,"handId":279,"id":2790,"length":47.7925,"mcpPosition":[-51.5071,286.828,24.9679],"pipPosition":[-66.3023,301.969,-15.6193],"stabilizedTipPosition":[-84.3616,227.129,81.2812],"timeVisible":14.6061,"tipPosition":[-55.3514,293.361,-59.3358],"tipVelocity":[8.91511,82.9079,-182.418],"tool":false,"touchDistance":-0.572303,"touchZone":"hovering","type":0,"width":18.5699},{"bases":[[[0.910189,-0.379579,-0.16576],[0.413907,0.81865,0.398113],[-0.015416,-0.430967,0.902236]],[[0.906439,-0.410979,-0.0972924],[0.42143,0.86507,0.272123],[-0.0276722,-0.287665,0.957331]],[[0.906439,-0.410979,-0.0972924],[0.421972,0.890886,0.168115],[0.0175846,-0.193441,0.980954]],[[0.906439,-0.410979,-0.0972924],[0.419103,0.903761,0.087003],[0.0521726,-0.119638,0.991446]]],"btipPosition":[-34.5031,347.994,-109.943],"carpPosition":[-35.4262,301.423,25.9205],"dipPosition":[-33.6857,346.12,-94.4094],"direction":[-0.0175846,0.193441,-0.980954],"extended":true,"handId":279,"id":2791,"length":53.9285,"mcpPosition":[-34.3862,330.499,-34.9496],"pipPosition":[-33.2959,341.832,-72.6665],"stabilizedTipPosition":[-59.0325,307.675,-33.5417],"timeVisible":14.6061,"tipPosition":[-34.8159,345.808,-106.601],"tipVelocity":[62.5937,96.7781,-185.908],"tool":false,"touchDistance":-0.581066,"touchZone":"hovering","type":1,"width":17.738},{"bases":[[[0.815751,-0.568275,-0.107764],[0.561387,0.733031,0.384069],[-0.139263,-0.373802,0.916994]],[[0.815115,-0.569954,-0.10363],[0.272432,0.535021,-0.799708],[0.511241,0.623622,0.591378]],[[0.815115,-0.569954,-0.10363],[-0.479247,-0.562962,-0.673347],[0.325437,0.59852,-0.732028]],[[0.815115,-0.569954,-0.10363],[-0.577953,-0.812291,-0.0784474],[-0.0394663,0.123837,-0.991517]]],"btipPosition":[-46.0987,277.303,-24.4297],"carpPosition":[-24.6047,298.694,24.203],"dipPosition":[-46.7788,279.437,-41.5164],"direction":[-0.325437,-0.59852,0.732028],"extended":false,"handId":279,"id":2792,"length":61.4471,"mcpPosition":[-15.6948,322.61,-34.4659],"pipPosition":[-38.2923,295.045,-60.6056],"stabilizedTipPosition":[-75.7108,202.837,133.043],"timeVisible":14.6061,"tipPosition":[-46.1741,277.859,-28.4363],"tipVelocity":[-3.35309,65.2855,-165.123],"tool":false,"touchDistance":0.333333,"touchZone":"none","type":2,"width":17.4211},{"bases":[[[0.74171,-0.670721,-0.000290186],[0.613509,0.678268,0.404425],[-0.271059,-0.300144,0.914571]],[[0.739877,-0.672717,0.00583893],[0.383839,0.414999,-0.82489],[0.552494,0.612558,0.565264]],[[0.739877,-0.672717,0.00583893],[-0.507934,-0.564292,-0.650828],[0.441118,0.478567,-0.759203]],[[0.739877,-0.672717,0.00583893],[-0.670993,-0.738551,-0.065652],[0.0484776,0.0446565,-0.997825]]],"btipPosition":[-33.9948,272.43,-16.6908],"carpPosition":[-14.8914,293.21,22.6222],"dipPosition":[-33.1642,273.195,-33.7874],"direction":[-0.441118,-0.478567,0.759203],"extended":false,"handId":279,"id":2793,"length":59.0831,"mcpPosition":[0.679017,310.451,-29.9135],"pipPosition":[-21.9582,285.353,-53.0739],"stabilizedTipPosition":[-57.3515,203.144,127.18],"timeVisible":14.6061,"tipPosition":[-33.647,272.653,-20.55],"tipVelocity":[-9.53247,67.3459,-172.782],"tool":false,"touchDistance":0.333333,"touchZone":"none","type":3,"width":16.5772},{"bases":[[[0.593719,-0.803739,0.0387448],[0.695029,0.53649,0.478657],[-0.405502,-0.257259,0.877147]],[[0.600623,-0.799184,0.0236153],[0.482215,0.338531,-0.808001],[0.637747,0.496691,0.588708]],[[0.600623,-0.799184,0.0236153],[-0.582998,-0.457979,-0.671095],[0.547144,0.389307,-0.740995]],[[0.600623,-0.799184,0.0236153],[-0.792729,-0.599097,-0.112533],[0.104082,0.0488692,-0.993367]]],"btipPosition":[-19.1092,271.817,-16.1665],"carpPosition":[-8.53342,281.998,20.5719],"dipPosition":[-17.464,272.589,-31.8684],"direction":[-0.547144,-0.389307,0.740995],"extended":false,"handId":279,"id":2794,"length":46.32,"mcpPosition":[13.0289,295.677,-26.0698],"pipPosition":[-7.65043,279.572,-45.159],"stabilizedTipPosition":[-33.9472,216.285,101.118],"timeVisible":14.6061,"tipPosition":[-18.6964,271.975,-20.5282],"tipVelocity":[-7.91356,65.7426,-154.3],"tool":false,"touchDistance":0.333333,"touchZone":"none","type":4,"width":14.7252}],"r":[[0.676415,-0.480877,0.55787],[0.418213,0.874258,0.246518],[-0.606268,0.0665598,0.79247]],"s":1.07536,"t":[60.0617,112.477,-188.429],"timestamp":3221715088},false],[2,{"currentFrameRate":109.228,"devices":[],"gestures":[],"hands":[{"armBasis":[[0.793718,-0.144632,-0.590842],[0.437815,0.810154,0.38983],[0.422291,-0.568095,0.706356]],"armWidth":58.4334,"confidence":0.587285,"direction":[0.22919,0.472058,-0.851254],"elbow":[80.8738,143.223,200.939],"grabStrength":0,"id":279,"palmNormal":[-0.407895,-0.747466,-0.524324],"palmPosition":[-20.1295,307.565,-18.0371],"palmVelocity":[-1.80232,53.9039,-155.76],"palmWidth":83.4409,"pinchStrength":0.605883,"r":[[0.674033,-0.479171,0.562206],[0.41845,0.87486,0.243965],[-0.608753,0.0708142,0.790193]],"s":1.0778,"sphereCenter":[-33.4133,289.74,-52.084],"sphereRadius":42.2306,"stabilizedPalmPosition":[-40.6131,244.99,121.769],"t":[60.0302,112.822,-189.64],"timeVisible":14.6152,"type":"right","wrist":[-23.685,283.883,26.0455]}],"id":313760,"interactionBox":{"center":[0,200,0],"size":[235.247,235.247,147.751]},"pointables":[{"bases":[[[0.765192,0.572591,0.294316],[-0.618301,0.526204,0.583792],[0.179403,-0.628688,0.756681]],[[0.667217,0.74399,0.0360579],[-0.671881,0.580239,0.460324],[0.321554,-0.331363,0.887018]],[[0.667217,0.74399,0.0360579],[-0.740727,0.667829,-0.0730018],[-0.0783931,0.021999,0.99668]],[[0.667217,0.74399,0.0360579],[-0.553454,0.527578,-0.644477],[-0.498508,0.41005,0.763773]]],"btipPosition":[-53.1184,292.898,-64.0801],"carpPosition":[-51.5489,287.218,24.0792],"dipPosition":[-63.8173,301.698,-47.6881],"direction":[0.0783931,-0.021999,-0.99668],"extended":false,"handId":279,"id":2790,"length":47.7925,"mcpPosition":[-51.5489,287.218,24.0792],"pipPosition":[-66.2684,302.386,-16.5251],"stabilizedTipPosition":[-84.2901,227.298,80.9294],"timeVisible":14.6152,"tipPosition":[-55.4191,293.779,-60.2916],"tipVelocity":[4.01614,74.02,-162.24],"tool":false,"touchDistance":-0.558302,"touchZone":"hovering","type":0,"width":18.5699},{"bases":[[[0.90973,-0.381498,-0.163864],[0.414885,0.819869,0.394569],[-0.0161801,-0.426936,0.904137]],[[0.906054,-0.411967,-0.0966875],[0.422133,0.864025,0.274344],[-0.0294804,-0.289386,0.956758]],[[0.906054,-0.411967,-0.0966875],[0.42287,0.889956,0.170762],[0.0156995,-0.195605,0.980557]],[[0.906054,-0.411967,-0.0966875],[0.420159,0.902996,0.0897993],[0.0503141,-0.121987,0.991256]]],"btipPosition":[-34.3325,348.248,-110.987],"carpPosition":[-35.4492,301.796,24.9707],"dipPosition":[-33.5441,346.336,-95.4561],"direction":[-0.0156995,0.195606,-0.980557],"extended":true,"handId":279,"id":2791,"length":53.9285,"mcpPosition":[-34.3576,330.599,-36.0276],"pipPosition":[-33.1962,342.001,-73.7219],"stabilizedTipPosition":[-58.7452,308.139,-34.3948],"timeVisible":14.6152,"tipPosition":[-34.6359,346.076,-107.647],"tipVelocity":[50.2836,77.4788,-166.33],"tool":false,"touchDistance":-0.566959,"touchZone":"hovering","type":1,"width":17.738},{"bases":[[[0.815033,-0.569811,-0.105053],[0.562257,0.733997,0.38094],[-0.139956,-0.369545,0.918612]],[[0.814389,-0.571484,-0.10088],[0.273446,0.531224,-0.80189],[0.511857,0.625466,0.588893]],[[0.814389,-0.571484,-0.10088],[-0.479704,-0.565115,-0.671215],[0.32658,0.595023,-0.734366]],[[0.814389,-0.571484,-0.10088],[-0.579017,-0.81183,-0.0753113],[-0.0388581,0.119744,-0.992044]]],"btipPosition":[-46.148,277.462,-25.2886],"carpPosition":[-24.6309,299.045,23.2678],"dipPosition":[-46.8177,279.525,-42.3843],"direction":[-0.32658,-0.595023,0.734366],"extended":false,"handId":279,"id":2792,"length":61.4471,"mcpPosition":[-15.6766,322.688,-35.5046],"pipPosition":[-38.3014,295.042,-61.5345],"stabilizedTipPosition":[-75.69,202.89,132.929],"timeVisible":14.6152,"tipPosition":[-46.2202,278.001,-29.2907],"tipVelocity":[-3.85715,51.579,-145.702],"tool":false,"touchDistance":0.333333,"touchZone":"none","type":2,"width":17.4211},{"bases":[[[0.740834,-0.671682,0.00285786],[0.614303,0.679256,0.40155],[-0.271655,-0.295727,0.915833]],[[0.738856,-0.673797,0.00946353],[0.387358,0.413184,-0.824156],[0.551404,0.612598,0.566284]],[[0.738856,-0.673797,0.00946353],[-0.506307,-0.564351,-0.652044],[0.444686,0.476975,-0.758122]],[[0.738856,-0.673797,0.00946353],[-0.671908,-0.737708,-0.065776],[0.051301,0.0422404,-0.99779]]],"btipPosition":[-34.0879,272.588,-17.7417],"carpPosition":[-14.9244,293.541,21.7136],"dipPosition":[-33.2089,273.312,-34.8377],"direction":[-0.444686,-0.476975,0.758122],"extended":false,"handId":279,"id":2793,"length":59.0831,"mcpPosition":[0.680237,310.529,-30.8946],"pipPosition":[-21.9123,285.429,-54.0968],"stabilizedTipPosition":[-57.3305,203.206,127.047],"timeVisible":14.6152,"tipPosition":[-33.7259,272.805,-21.5211],"tipVelocity":[-9.39609,53.2413,-157.028],"tool":false,"touchDistance":0.333333,"touchZone":"none","type":3,"width":16.5772},{"bases":[[[0.592661,-0.804332,0.042449],[0.695622,0.537703,0.47643],[-0.406033,-0.252833,0.878187]],[[0.59942,-0.799957,0.0276419],[0.482485,0.333548,-0.80991],[0.638673,0.498814,0.585902]],[[0.59942,-0.799957,0.0276419],[-0.583731,-0.460506,-0.668724],[0.54768,0.384712,-0.742997]],[[0.59942,-0.799957,0.0276419],[-0.793588,-0.598446,-0.109906],[0.104462,0.0439437,-0.993558]]],"btipPosition":[-19.1738,271.987,-16.9493],"carpPosition":[-8.58061,282.312,19.7146],"dipPosition":[-17.5226,272.681,-32.6542],"direction":[-0.54768,-0.384712,0.742997],"extended":false,"handId":279,"id":2794,"length":46.32,"mcpPosition":[13.0099,295.756,-26.9824],"pipPosition":[-7.6994,279.582,-45.9807],"stabilizedTipPosition":[-33.9275,216.358,100.96],"timeVisible":14.6152,"tipPosition":[-18.7555,272.123,-21.3043],"tipVelocity":[-7.65183,52.2037,-135.511],"tool":false,"touchDistance":0.333333,"touchZone":"none","type":4,"width":14.7252}],"r":[[0.674033,-0.479171,0.562206],[0.41845,0.87486,0.243965],[-0.608753,0.0708142,0.790193]],"s":1.0778,"t":[60.0302,112.822,-189.64],"timestamp":3221724162},false],[3,{"currentFrameRate":109.193,"devices":[],"gestures":[],"hands":[{"armBasis":[[0.799726,-0.1355,-0.584874],[0.42973,0.809501,0.40005],[0.419249,-0.571269,0.705608]],"armWidth":58.4334,"confidence":0.591938,"direction":[0.230981,0.47089,-0.851417],"elbow":[79.8727,143.129,198.99],"grabStrength":0,"id":279,"palmNormal":[-0.401374,-0.751033,-0.52426],"palmPosition":[-20.2805,308.153,-19.8481],"palmVelocity":[-5.88782,56.6619,-167.146],"palmWidth":83.4409,"pinchStrength":0.601509,"r":[[0.672051,-0.476772,0.5666],[0.417491,0.875905,0.241849],[-0.611595,0.0740152,0.787701]],"s":1.08014,"sphereCenter":[-33.5351,290.478,-53.875],"sphereRadius":42.2282,"stabilizedPalmPosition":[-40.5978,245.038,121.662],"t":[59.9389,113.288,-191.15],"timeVisible":14.6244,"type":"right","wrist":[-23.933,284.575,24.2822]}],"id":313761,"interactionBox":{"center":[0,200,0],"size":[235.247,235.247,147.751]},"pointables":[{"bases":[[[0.760721,0.577388,0.296524],[-0.623941,0.524584,0.579232],[0.17889,-0.625647,0.759318]],[[0.664395,0.746323,0.0397675],[-0.67653,0.577946,0.456383],[0.317626,-0.330123,0.888894]],[[0.664395,0.746323,0.0397675],[-0.742696,0.665244,-0.0765138],[-0.083559,0.0213002,0.996275]],[[0.664395,0.746323,0.0397675],[-0.554517,0.527922,-0.643279],[-0.501088,0.40534,0.764598]]],"btipPosition":[-52.9764,293.505,-66.0824],"carpPosition":[-51.8037,287.759,22.1677],"dipPosition":[-63.7307,302.204,-49.6727],"direction":[0.083559,-0.0213002,-0.996275],"extended":false,"handId":279,"id":2790,"length":47.7925,"mcpPosition":[-51.8037,287.759,22.1677],"pipPosition":[-66.3433,302.87,-18.5224],"stabilizedTipPosition":[-84.2265,227.448,80.6133],"timeVisible":14.6244,"tipPosition":[-55.2966,294.353,-62.2678],"tipVelocity":[6.81875,71.013,-177.501],"tool":false,"touchDistance":-0.560779,"touchZone":"hovering","type":0,"width":18.5699},{"bases":[[[0.91251,-0.377197,-0.158263],[0.408636,0.823112,0.39434],[-0.0184754,-0.424511,0.905234]],[[0.908804,-0.40682,-0.0925892],[0.415846,0.865203,0.28017],[-0.0338702,-0.293122,0.955475]],[[0.908804,-0.40682,-0.0925892],[0.417097,0.89133,0.177654],[0.0102541,-0.200072,0.979728]],[[0.908804,-0.40682,-0.0925892],[0.414879,0.904657,0.0973237],[0.0441682,-0.126861,0.990937]]],"btipPosition":[-34.1232,349.034,-112.859],"carpPosition":[-35.7847,302.423,23.0987],"dipPosition":[-33.4311,347.046,-97.3331],"direction":[-0.0102541,0.200072,-0.979728],"extended":true,"handId":279,"id":2791,"length":53.9285,"mcpPosition":[-34.5383,331.063,-37.9736],"pipPosition":[-33.2039,342.611,-75.6173],"stabilizedTipPosition":[-58.4877,308.559,-35.1732],"timeVisible":14.6244,"tipPosition":[-34.4247,346.85,-109.529],"tipVelocity":[41.8771,79.1174,-176.641],"tool":false,"touchDistance":-0.566694,"touchZone":"hovering","type":1,"width":17.738},{"bases":[[[0.818503,-0.565839,-0.0993988],[0.556519,0.737972,0.381685],[-0.142619,-0.367728,0.918932]],[[0.817841,-0.567516,-0.0951913],[0.274823,0.530545,-0.801869],[0.505577,0.629641,0.589868]],[[0.817841,-0.567516,-0.0951913],[-0.473263,-0.569249,-0.672293],[0.327349,0.594879,-0.73414]],[[0.817841,-0.567516,-0.0951913],[-0.574422,-0.814997,-0.0762834],[-0.0342886,0.117068,-0.992532]]],"btipPosition":[-46.1119,277.89,-27.16],"carpPosition":[-24.9439,299.724,21.4575],"dipPosition":[-46.7027,279.907,-44.2642],"direction":[-0.327349,-0.594879,0.73414],"extended":false,"handId":279,"id":2792,"length":61.4471,"mcpPosition":[-15.8192,323.251,-37.3354],"pipPosition":[-38.1664,295.42,-63.4084],"stabilizedTipPosition":[-75.6722,202.936,132.83],"timeVisible":14.6244,"tipPosition":[-46.1653,278.419,-31.1567],"tipVelocity":[-1.12552,49.8015,-161.801],"tool":false,"touchDistance":0.333333,"touchZone":"none","type":2,"width":17.4211},{"bases":[[[0.744297,-0.667796,0.00842476],[0.608745,0.683561,0.402707],[-0.274685,-0.294605,0.91529]],[[0.742303,-0.669897,0.0150039],[0.387641,0.41106,-0.825084],[0.546554,0.618279,0.56481]],[[0.742303,-0.669897,0.0150039],[-0.501301,-0.570063,-0.650942],[0.444617,0.475674,-0.758979]],[[0.742303,-0.669897,0.0150039],[-0.667793,-0.741443,-0.0656789],[0.0551226,0.0387341,-0.997728]]],"btipPosition":[-34.0556,273.109,-19.376],"carpPosition":[-15.2012,294.266,19.967],"dipPosition":[-33.1112,273.773,-36.4709],"direction":[-0.444617,-0.475674,0.758979],"extended":false,"handId":279,"id":2793,"length":59.0831,"mcpPosition":[0.577484,311.189,-32.61],"pipPosition":[-21.8163,285.857,-55.7518],"stabilizedTipPosition":[-57.3122,203.261,126.93],"timeVisible":14.6244,"tipPosition":[-33.6861,273.312,-23.2183],"tipVelocity":[-5.32387,53.7388,-162.68],"tool":false,"touchDistance":0.333333,"touchZone":"none","type":3,"width":16.5772},{"bases":[[[0.59662,-0.801108,0.0476475],[0.690425,0.542642,0.478386],[-0.409095,-0.252518,0.876856]],[[0.603039,-0.796999,0.0337222],[0.488498,0.335535,-0.805472],[0.630645,0.502204,0.591674]],[[0.603039,-0.796999,0.0337222],[-0.574985,-0.463579,-0.674157],[0.552935,0.387153,-0.737818]],[[0.603039,-0.796999,0.0337222],[-0.789751,-0.602445,-0.11556],[0.112417,0.043055,-0.992728]]],"btipPosition":[-19.1792,272.583,-18.8553],"carpPosition":[-8.78914,283.065,18.031],"dipPosition":[-17.4023,273.264,-34.547],"direction":[-0.552935,-0.387153,0.737818],"extended":false,"handId":279,"id":2794,"length":46.32,"mcpPosition":[12.9642,296.492,-28.5952],"pipPosition":[-7.48482,280.208,-47.7806],"stabilizedTipPosition":[-33.9103,216.422,100.82],"timeVisible":14.6244,"tipPosition":[-18.72,272.716,-23.0871],"tipVelocity":[-4.79228,55.6047,-155.366],"tool":false,"touchDistance":0.333333,"touchZone":"none","type":4,"width":14.7252}],"r":[[0.672051,-0.476772,0.5666],[0.417491,0.875905,0.241849],[-0.611595,0.0740152,0.787701]],"s":1.08014,"t":[59.9389,113.288,-191.15],"timestamp":3221733384},false],[4,{"currentFrameRate":109.142,"devices":[],"gestures":[],"hands":[{"armBasis":[[0.801937,-0.13525,-0.581897],[0.428899,0.808382,0.403192],[0.415864,-0.572909,0.70628]],"armWidth":58.4334,"confidence":0.593604,"direction":[0.232256,0.468667,-0.852296],"elbow":[78.7852,143.131,197.974],"grabStrength":0,"id":279,"palmNormal":[-0.401246,-0.752057,-0.522888],"palmPosition":[-20.4642,308.451,-21.0841],"palmVelocity":[-9.81298,49.7935,-157.712],"palmWidth":83.4409,"pinchStrength":0.594415,"r":[[0.670264,-0.474647,0.570488],[0.416785,0.876799,0.239819],[-0.614033,0.077029,0.785512]],"s":1.08251,"sphereCenter":[-33.9207,291.005,-55.0592],"sphereRadius":42.2406,"stabilizedPalmPosition":[-40.5848,245.079,121.57],"t":[59.8014,113.671,-192.524],"timeVisible":14.6337,"type":"right","wrist":[-24.1823,284.983,23.0993]}],"id":313762,"interactionBox":{"center":[0,200,0],"size":[235.247,235.247,147.751]},"pointables":[{"bases":[[[0.760744,0.577631,0.295991],[-0.624274,0.526388,0.577233],[0.177622,-0.623906,0.761047]],[[0.666403,0.744415,0.0418673],[-0.675715,0.57926,0.455923],[0.315144,-0.332119,0.889034]],[[0.666403,0.744415,0.0418673],[-0.74083,0.667438,-0.0754757],[-0.0841291,0.0192806,0.996268]],[[0.666403,0.744415,0.0418673],[-0.556503,0.533983,-0.636527],[-0.496197,0.400884,0.770117]]],"btipPosition":[-53.1948,294.176,-67.4298],"carpPosition":[-52.0485,288.179,20.945],"dipPosition":[-63.8441,302.779,-50.9016],"direction":[0.0841291,-0.0192806,-0.996268],"extended":false,"handId":279,"id":2790,"length":47.7925,"mcpPosition":[-52.0485,288.179,20.945],"pipPosition":[-66.4746,303.382,-19.7515],"stabilizedTipPosition":[-84.1695,227.585,80.3258],"timeVisible":14.6337,"tipPosition":[-55.4843,294.965,-63.5566],"tipVelocity":[-0.999068,70.7598,-167.71],"tool":false,"touchDistance":-0.552836,"touchZone":"hovering","type":0,"width":18.5699},{"bases":[[[0.912453,-0.378156,-0.156293],[0.408703,0.823814,0.392802],[-0.019784,-0.42229,0.906245]],[[0.908823,-0.40682,-0.0924003],[0.415604,0.863662,0.285238],[-0.0362377,-0.297633,0.953992]],[[0.908823,-0.40682,-0.0924003],[0.417108,0.890227,0.183073],[0.00777961,-0.204922,0.978747]],[[0.908823,-0.40682,-0.0924003],[0.415091,0.903955,0.102787],[0.0417099,-0.13177,0.990402]]],"btipPosition":[-34.0849,349.659,-114.079],"carpPosition":[-36.0214,302.836,21.8587],"dipPosition":[-33.4314,347.594,-98.5612],"direction":[-0.00777961,0.204922,-0.978747],"extended":true,"handId":279,"id":2791,"length":53.9285,"mcpPosition":[-34.6866,331.326,-39.2818],"pipPosition":[-33.259,343.052,-76.8672],"stabilizedTipPosition":[-58.2618,308.933,-35.866],"timeVisible":14.6337,"tipPosition":[-34.3774,347.462,-110.76],"tipVelocity":[30.999,75.3274,-164.101],"tool":false,"touchDistance":-0.556683,"touchZone":"hovering","type":1,"width":17.738},{"bases":[[[0.818259,-0.566594,-0.0970767],[0.556546,0.738551,0.380525],[-0.143907,-0.365395,0.919661]],[[0.817586,-0.568273,-0.0928346],[0.276214,0.528529,-0.802722],[0.505231,0.630653,0.589083]],[[0.817586,-0.568273,-0.0928346],[-0.472725,-0.570387,-0.671707],[0.328762,0.593064,-0.734977]],[[0.817586,-0.568273,-0.0928346],[-0.574868,-0.814775,-0.0752907],[-0.0328536,0.114924,-0.992831]]],"btipPosition":[-46.3122,278.182,-28.3659],"carpPosition":[-25.1804,300.126,20.2365],"dipPosition":[-46.8784,280.162,-45.4753],"direction":[-0.328762,-0.593064,0.734977],"extended":false,"handId":279,"id":2792,"length":61.4471,"mcpPosition":[-15.9733,323.503,-38.6031],"pipPosition":[-38.3052,295.628,-64.6413],"stabilizedTipPosition":[-75.6575,202.974,132.746],"timeVisible":14.6337,"tipPosition":[-46.3592,278.703,-32.3574],"tipVelocity":[-6.72253,44.4226,-152.991],"tool":false,"touchDistance":0.333333,"touchZone":"none","type":2,"width":17.4211},{"bases":[[[0.743864,-0.668242,0.0109097],[0.608714,0.684159,0.401739],[-0.275923,-0.292199,0.915689]],[[0.741879,-0.670307,0.0174357],[0.389098,0.409175,-0.825335],[0.546094,0.619083,0.564374]],[[0.741879,-0.670307,0.0174357],[-0.500683,-0.571065,-0.650539],[0.446018,0.473891,-0.759272]],[[0.741879,-0.670307,0.0174357],[-0.668151,-0.741183,-0.0649794],[0.0564792,0.0365571,-0.997734]]],"btipPosition":[-34.2628,273.413,-20.57],"carpPosition":[-15.4395,294.659,18.7705],"dipPosition":[-33.2951,274.039,-37.665],"direction":[-0.446018,-0.473891,0.759272],"extended":false,"handId":279,"id":2793,"length":59.0831,"mcpPosition":[0.410365,311.443,-33.8294],"pipPosition":[-21.9646,286.078,-56.9533],"stabilizedTipPosition":[-57.2969,203.307,126.831],"timeVisible":14.6337,"tipPosition":[-33.8911,273.608,-24.4034],"tipVelocity":[-9.95717,47.5949,-153.223],"tool":false,"touchDistance":0.333333,"touchZone":"none","type":3,"width":16.5772},{"bases":[[[0.596059,-0.801365,0.0502875],[0.690217,0.543373,0.477856],[-0.410262,-0.250121,0.876998]],[[0.602159,-0.797514,0.0370968],[0.490858,0.333174,-0.805018],[0.629653,0.502958,0.592089]],[[0.602159,-0.797514,0.0370968],[-0.573653,-0.464516,-0.674646],[0.555271,0.384963,-0.737209]],[[0.602159,-0.797514,0.0370968],[-0.790079,-0.601939,-0.115952],[0.114803,0.040512,-0.992562]]],"btipPosition":[-19.4077,272.894,-20.0516],"carpPosition":[-9.03222,283.448,16.8692],"dipPosition":[-17.5931,273.535,-35.7408],"direction":[-0.555272,-0.384963,0.737209],"extended":false,"handId":279,"id":2794,"length":46.32,"mcpPosition":[12.7832,296.748,-29.7646],"pipPosition":[-7.63369,280.439,-48.9634],"stabilizedTipPosition":[-33.8959,216.476,100.7],"timeVisible":14.6337,"tipPosition":[-18.9342,273.013,-24.2424],"tipVelocity":[-10.1232,49.1416,-148.019],"tool":false,"touchDistance":0.333333,"touchZone":"none","type":4,"width":14.7252}],"r":[[0.670264,-0.474647,0.570488],[0.416785,0.876799,0.239819],[-0.614033,0.077029,0.785512]],"s":1.08251,"t":[59.8014,113.671,-192.524],"timestamp":3221742637},false],[5,{"currentFrameRate":109.288,"devices":[],"gestures":[],"hands":[{"armBasis":[[0.803278,-0.133345,-0.580486],[0.425429,0.81055,0.402515],[0.41684,-0.570287,0.707826]],"armWidth":58.4334,"confidence":0.601418,"direction":[0.237301,0.463383,-0.853794],"elbow":[78.5597,144.35,197.346],"grabStrength":0,"id":279,"palmNormal":[-0.39742,-0.755676,-0.520588],"palmPosition":[-20.6691,308.741,-22.219],"palmVelocity":[-13.4102,45.1311,-149.553],"palmWidth":83.4409,"pinchStrength":0.583259,"r":[[0.668169,-0.472106,0.575036],[0.415799,0.877873,0.237593],[-0.616978,0.080347,0.782869]],"s":1.08498,"sphereCenter":[-34.0359,291.217,-56.1714],"sphereRadius":42.2807,"stabilizedPalmPosition":[-40.5742,245.112,121.494],"t":[59.6302,114.007,-193.778],"timeVisible":14.6426,"type":"right","wrist":[-24.6494,285.553,22.0893]}],"id":313763,"interactionBox":{"center":[0,200,0],"size":[235.247,235.247,147.751]},"pointables":[{"bases":[[[0.758462,0.580068,0.29708],[-0.628267,0.529606,0.569911],[0.173252,-0.618901,0.766123]],[[0.668019,0.742707,0.0462384],[-0.677428,0.581237,0.450837],[0.307964,-0.332491,0.891408]],[[0.668019,0.742707,0.0462384],[-0.738771,0.669367,-0.0785161],[-0.0892649,0.0182906,0.99584]],[[0.668019,0.742707,0.0462384],[-0.55716,0.540385,-0.630522],[-0.493279,0.395438,0.774793]]],"btipPosition":[-53.2234,294.876,-68.8314],"carpPosition":[-52.5037,288.715,19.7391],"dipPosition":[-63.8101,303.363,-52.2028],"direction":[0.0892649,-0.0182906,-0.99584],"extended":false,"handId":279,"id":2790,"length":47.7925,"mcpPosition":[-52.5037,288.715,19.7391],"pipPosition":[-66.6011,303.935,-21.0661],"stabilizedTipPosition":[-84.1189,227.708,80.0678],"timeVisible":14.6426,"tipPosition":[-55.4793,295.556,-64.8894],"tipVelocity":[-1.16181,72.1301,-164.283],"tool":false,"touchDistance":-0.546563,"touchZone":"hovering","type":0,"width":18.5699},{"bases":[[[0.913682,-0.378477,-0.14812],[0.405646,0.826606,0.390095],[-0.0252051,-0.416507,0.908783]],[[0.909814,-0.4061,-0.0855644],[0.412822,0.864385,0.287082],[-0.0426233,-0.296514,0.954077]],[[0.909814,-0.4061,-0.0855644],[0.415014,0.890898,0.184562],[0.00127837,-0.203428,0.979089]],[[0.909814,-0.4061,-0.0855644],[0.413519,0.904554,0.103847],[0.0352256,-0.129863,0.990906]]],"btipPosition":[-33.6933,349.714,-115.468],"carpPosition":[-36.4929,303.389,20.66],"dipPosition":[-33.1414,347.68,-99.942],"direction":[-0.00127837,0.203428,-0.979089],"extended":true,"handId":279,"id":2791,"length":53.9285,"mcpPosition":[-34.7924,331.489,-40.6517],"pipPosition":[-33.1131,343.171,-78.2404],"stabilizedTipPosition":[-58.0812,309.228,-36.4222],"timeVisible":14.6426,"tipPosition":[-33.9809,347.552,-112.146],"tipVelocity":[33.8315,56.7787,-161.912],"tool":false,"touchDistance":-0.550151,"touchZone":"hovering","type":1,"width":17.738},{"bases":[[[0.819247,-0.566602,-0.0882951],[0.553624,0.741375,0.379295],[-0.14945,-0.359618,0.921053]],[[0.818544,-0.568266,-0.0840178],[0.281026,0.523699,-0.804216],[0.501009,0.634676,0.588368]],[[0.818544,-0.568266,-0.0840178],[-0.467967,-0.574827,-0.671253],[0.333155,0.588768,-0.736451]],[[0.818544,-0.568266,-0.0840178],[-0.573833,-0.815621,-0.0740097],[-0.0264695,0.108792,-0.993712]]],"btipPosition":[-46.4551,278.403,-29.4827],"carpPosition":[-25.64,300.676,19.1235],"dipPosition":[-46.9112,280.278,-46.6073],"direction":[-0.333155,-0.588768,0.736451],"extended":false,"handId":279,"id":2792,"length":61.4471,"mcpPosition":[-16.0782,323.685,-39.8051],"pipPosition":[-38.2235,295.631,-65.8118],"stabilizedTipPosition":[-75.646,203.004,132.681],"timeVisible":14.6426,"tipPosition":[-46.4761,278.899,-33.4716],"tipVelocity":[-8.49027,38.3658,-145.671],"tool":false,"touchDistance":0.333333,"touchZone":"none","type":2,"width":17.4211},{"bases":[[[0.744244,-0.667613,0.0198679],[0.605694,0.687157,0.401185],[-0.281489,-0.286546,0.915781]],[[0.742236,-0.66962,0.0263376],[0.394228,0.404523,-0.825194],[0.541913,0.622872,0.564235]],[[0.742236,-0.66962,0.0263376],[-0.495952,-0.575317,-0.650417],[0.450685,0.469701,-0.759121]],[[0.742236,-0.66962,0.0263376],[-0.667176,-0.742076,-0.064807],[0.0629406,0.0305303,-0.99755]]],"btipPosition":[-34.4477,273.691,-21.5932],"carpPosition":[-15.8862,295.207,17.7539],"dipPosition":[-33.3693,274.214,-38.6851],"direction":[-0.450685,-0.469701,0.759121],"extended":false,"handId":279,"id":2793,"length":59.0831,"mcpPosition":[0.283336,311.667,-34.8513],"pipPosition":[-21.9203,286.146,-57.9695],"stabilizedTipPosition":[-57.2846,203.344,126.749],"timeVisible":14.6426,"tipPosition":[-34.0543,273.864,-25.4177],"tipVelocity":[-12.1275,42.4462,-142.851],"tool":false,"touchDistance":0.333333,"touchZone":"none","type":3,"width":16.5772},{"bases":[[[0.596285,-0.80059,0.0591638],[0.686813,0.546921,0.478712],[-0.41561,-0.244814,0.875976]],[[0.602204,-0.796984,0.0465523],[0.495614,0.3275,-0.804432],[0.625873,0.507504,0.592218]],[[0.602204,-0.796984,0.0465523],[-0.569341,-0.46961,-0.674772],[0.559644,0.379846,-0.736557]],[[0.602204,-0.796984,0.0465523],[-0.789101,-0.603067,-0.116749],[0.121121,0.0335722,-0.99207]]],"btipPosition":[-19.6062,273.208,-20.9254],"carpPosition":[-9.45933,283.989,15.9648],"dipPosition":[-17.6917,273.738,-36.6068],"direction":[-0.559644,-0.379846,0.736557],"extended":false,"handId":279,"id":2794,"length":46.32,"mcpPosition":[12.6405,297.007,-30.6147],"pipPosition":[-7.65384,280.551,-49.8177],"stabilizedTipPosition":[-33.8842,216.522,100.601],"timeVisible":14.6426,"tipPosition":[-19.1029,273.293,-25.1103],"tipVelocity":[-12.7367,44.5962,-134.46],"tool":false,"touchDistance":0.333333,"touchZone":"none","type":4,"width":14.7252}],"r":[[0.668169,-0.472106,0.575036],[0.415799,0.877873,0.237593],[-0.616978,0.080347,0.782869]],"s":1.08498,"t":[59.6302,114.007,-193.778],"timestamp":3221751525},false],[6,{"currentFrameRate":109.308,"devices":[],"gestures":[],"hands":[{"armBasis":[[0.805108,-0.132443,-0.578152],[0.422189,0.812613,0.401767],[0.416602,-0.567555,0.710158]],"armWidth":58.4334,"confidence":0.601849,"direction":[0.240223,0.460597,-0.854484],"elbow":[78.2311,145.318,197.063],"grabStrength":0,"id":279,"palmNormal":[-0.39385,-0.758305,-0.519477],"palmPosition":[-20.7856,308.874,-23.1489],"palmVelocity":[-13.2366,36.64,-136.369],"palmWidth":83.4409,"pinchStrength":0.571181,"r":[[0.666139,-0.469395,0.579592],[0.414508,0.879044,0.235509],[-0.620034,0.0833637,0.780133]],"s":1.08762,"sphereCenter":[-34.0895,291.332,-57.0994],"sphereRadius":42.3249,"stabilizedPalmPosition":[-40.5652,245.141,121.428],"t":[59.4863,114.241,-194.87],"timeVisible":14.6517,"type":"right","wrist":[-24.9191,285.844,21.2282]}],"id":313764,"interactionBox":{"center":[0,200,0],"size":[235.247,235.247,147.751]},"pointables":[{"bases":[[[0.756164,0.582488,0.298201],[-0.631652,0.530645,0.565183],[0.170974,-0.61573,0.769184]],[[0.668801,0.741683,0.0510968],[-0.679042,0.581442,0.448137],[0.302666,-0.334412,0.892503]],[[0.668801,0.741683,0.0510968],[-0.737693,0.670591,-0.0782106],[-0.0922725,0.0146136,0.995627]],[[0.668801,0.741683,0.0510968],[-0.56083,0.548449,-0.62022],[-0.488031,0.386147,0.782762]]],"btipPosition":[-53.2641,295.513,-70.0399],"carpPosition":[-52.7683,288.949,18.745],"dipPosition":[-63.7382,303.8,-53.2404],"direction":[0.0922725,-0.0146136,-0.995627],"extended":false,"handId":279,"id":2790,"length":47.7925,"mcpPosition":[-52.7683,288.949,18.745],"pipPosition":[-66.6232,304.257,-22.1103],"stabilizedTipPosition":[-84.0699,227.828,79.8162],"timeVisible":14.6517,"tipPosition":[-55.4731,296.084,-66.0113],"tipVelocity":[-1.28932,70.1046,-154.299],"tool":false,"touchDistance":-0.537779,"touchZone":"hovering","type":0,"width":18.5699},{"bases":[[[0.914967,-0.377445,-0.142724],[0.402524,0.82876,0.388755],[-0.0284499,-0.413148,0.910219]],[[0.911017,-0.404229,-0.0815335],[0.409702,0.8648,0.290285],[-0.0468315,-0.297859,0.95346]],[[0.911017,-0.404229,-0.0815335],[0.412359,0.891597,0.18712],[-0.00294439,-0.204091,0.978948]],[[0.911017,-0.404229,-0.0815335],[0.411197,0.905395,0.105723],[0.0310837,-0.129842,0.991047]]],"btipPosition":[-33.4441,349.821,-116.519],"carpPosition":[-36.7868,303.654,19.6806],"dipPosition":[-32.9571,347.786,-100.991],"direction":[0.00294439,0.204091,-0.978948],"extended":true,"handId":279,"id":2791,"length":53.9285,"mcpPosition":[-34.8674,331.527,-41.7281],"pipPosition":[-33.0224,343.263,-79.2925],"stabilizedTipPosition":[-57.9326,309.469,-36.8815],"timeVisible":14.6517,"tipPosition":[-33.7186,347.685,-113.198],"tipVelocity":[31.5775,44.2582,-148.973],"tool":false,"touchDistance":-0.539229,"touchZone":"hovering","type":1,"width":17.738},{"bases":[[[0.820595,-0.565508,-0.0826057],[0.550692,0.743746,0.378919],[-0.152844,-0.356429,0.921736]],[[0.819872,-0.567168,-0.0782972],[0.283747,0.521278,-0.804834],[0.497291,0.637644,0.588313]],[[0.819872,-0.567168,-0.0782972],[-0.463936,-0.577963,-0.671359],[0.33552,0.586753,-0.736985]],[[0.819872,-0.567168,-0.0782972],[-0.572119,-0.816848,-0.0737495],[-0.0221285,0.10526,-0.994198]]],"btipPosition":[-46.4928,278.46,-30.4237],"carpPosition":[-25.9227,300.955,18.2015],"dipPosition":[-46.8741,280.273,-47.5566],"direction":[-0.33552,-0.586753,0.736985],"extended":false,"handId":279,"id":2792,"length":61.4471,"mcpPosition":[-16.1438,323.759,-40.7708],"pipPosition":[-38.1247,295.574,-66.775],"stabilizedTipPosition":[-75.6368,203.028,132.628],"timeVisible":14.6517,"tipPosition":[-46.4961,278.942,-34.4086],"tipVelocity":[-6.75875,29.0194,-133.959],"tool":false,"touchDistance":0.333333,"touchZone":"none","type":2,"width":17.4211},{"bases":[[[0.745295,-0.666243,0.0256077],[0.60276,0.689701,0.401239],[-0.284984,-0.283606,0.915616]],[[0.74328,-0.668214,0.0320217],[0.397332,0.402446,-0.824721],[0.538203,0.625722,0.564633]],[[0.74328,-0.668214,0.0320217],[-0.49191,-0.578357,-0.65079],[0.453387,0.467968,-0.758582]],[[0.74328,-0.668214,0.0320217],[-0.665574,-0.743472,-0.0652704],[0.0674218,0.0272014,-0.997354]]],"btipPosition":[-34.5079,273.797,-22.4761],"carpPosition":[-16.1537,295.497,16.8948],"dipPosition":[-33.3527,274.263,-39.5646],"direction":[-0.453387,-0.467968,0.758582],"extended":false,"handId":279,"id":2793,"length":59.0831,"mcpPosition":[0.216621,311.789,-35.7008],"pipPosition":[-21.835,286.151,-58.8354],"stabilizedTipPosition":[-57.2745,203.376,126.682],"timeVisible":14.6517,"tipPosition":[-34.1004,273.958,-26.2923],"tipVelocity":[-10.0557,33.4887,-130.07],"tool":false,"touchDistance":0.333333,"touchZone":"none","type":3,"width":16.5772},{"bases":[[[0.597395,-0.799328,0.0647575],[0.683781,0.549896,0.479643],[-0.419002,-0.242256,0.875071]],[[0.6029,-0.796045,0.0531454],[0.49742,0.322977,-0.805146],[0.623767,0.511857,0.590691]],[[0.6029,-0.796045,0.0531454],[-0.567052,-0.474421,-0.673332],[0.561216,0.375816,-0.737427]],[[0.6029,-0.796045,0.0531454],[-0.788026,-0.604582,-0.116167],[0.124605,0.0281572,-0.991807]]],"btipPosition":[-19.6813,273.383,-21.6054],"carpPosition":[-9.69986,284.284,15.1757],"dipPosition":[-17.7117,273.828,-37.2826],"direction":[-0.561216,-0.375816,0.737427],"extended":false,"handId":279,"id":2794,"length":46.32,"mcpPosition":[12.5803,297.166,-31.3556],"pipPosition":[-7.64571,280.569,-50.5091],"stabilizedTipPosition":[-33.8742,216.561,100.514],"timeVisible":14.6517,"tipPosition":[-19.1587,273.439,-25.8032