{"sensorType":"Leap","data":[[0,{"currentFrameRate":110.17,"devices":[],"gestures":[],"hands":[{"armBasis":[[0.901022,-0.0932301,-0.423637],[0.267103,0.888762,0.372503],[0.341784,-0.448788,0.825696]],"armWidth":58.4334,"confidence":0.553798,"direction":[0.101738,0.393951,-0.913483],"elbow":[76.0132,183.634,237.665],"grabStrength":0,"id":277,"palmNormal":[-0.263516,-0.874775,-0.406606],"palmPosition":[-11.3237,312.769,-13.5191],"palmVelocity":[-16.7139,77.3467,-221.55],"palmWidth":83.4409,"pinchStrength":0.831578,"r":[[0.912462,-0.247806,0.325585],[-0.079144,0.673814,0.73465],[-0.401435,-0.696108,0.595217]],"s":1.10328,"sphereCenter":[-16.4306,282.219,-46.0146],"sphereRadius":43.4106,"stabilizedPalmPosition":[-8.71758,269.629,79.3629],"t":[24.311,100.154,-128.979],"timeVisible":9.15616,"type":"right","wrist":[-8.61219,294.754,33.2237]}],"id":311148,"interactionBox":{"center":[0,200,0],"size":[235.247,235.247,147.751]},"pointables":[{"bases":[[[0.641558,0.745784,0.179468],[-0.693875,0.464487,0.550263],[0.327017,-0.477554,0.815476]],[[0.512152,0.855497,-0.0763221],[-0.780206,0.500546,0.375142],[0.359135,-0.132583,0.92382]],[[0.512152,0.855497,-0.0763221],[-0.852894,0.496076,-0.162728],[-0.101352,0.148436,0.983715]],[[0.512152,0.855497,-0.0763221],[-0.70086,0.364898,-0.612898],[-0.496483,0.367388,0.786467]]],"btipPosition":[-39.2349,285.771,-57.475],"carpPosition":[-36.6195,292.228,32.4505],"dipPosition":[-49.8904,293.656,-40.596],"direction":[0.101351,-0.148436,-0.983715],"extended":false,"handId":277,"id":2770,"length":47.7925,"mcpPosition":[-36.6195,292.228,32.4505],"pipPosition":[-53.0593,298.297,-9.83836],"stabilizedTipPosition":[-48.7053,230.882,56.0489],"timeVisible":9.15616,"tipPosition":[-42.0457,286.662,-53.531],"tipVelocity":[-16.8593,111.276,-218.539],"tool":false,"touchDistance":-0.59353,"touchZone":"hovering","type":0,"width":18.5699},{"bases":[[[0.962739,-0.211935,-0.16798],[0.251586,0.929731,0.268894],[0.0991886,-0.301136,0.948409]],[[0.967661,-0.246909,-0.0516611],[0.252167,0.952247,0.172153],[0.00668803,-0.179613,0.983715]],[[0.967661,-0.246909,-0.0516611],[0.249688,0.966655,0.0568735],[0.0358959,-0.0679334,0.997044]],[[0.967661,-0.246909,-0.0516611],[0.24544,0.968844,-0.0331725],[0.0582421,0.01942,0.998114]]],"btipPosition":[-32.4646,338.288,-109.811],"carpPosition":[-23.8011,309.693,30.6681],"dipPosition":[-31.552,338.592,-94.1729],"direction":[-0.0358959,0.0679334,-0.997044],"extended":true,"handId":277,"id":2771,"length":53.9285,"mcpPosition":[-30.4929,330.01,-33.317],"pipPosition":[-30.7564,337.086,-72.0734],"stabilizedTipPosition":[-40.8385,301.352,-36.5333],"timeVisible":9.15616,"tipPosition":[-31.9386,336.802,-106.257],"tipVelocity":[5.49837,137.17,-221.557],"tool":false,"touchDistance":-0.596343,"touchZone":"hovering","type":1,"width":17.738},{"bases":[[[0.910198,-0.406042,-0.0816646],[0.412843,0.873679,0.25738],[-0.0331585,-0.267982,0.962853]],[[0.910177,-0.406209,-0.0810644],[0.180952,0.565967,-0.804325],[0.372603,0.717409,0.588634]],[[0.910177,-0.406209,-0.0810644],[-0.242656,-0.364278,-0.899122],[0.335701,0.838031,-0.430126]],[[0.910177,-0.406209,-0.0810644],[-0.378413,-0.735828,-0.56157],[0.168465,0.541804,-0.823449]]],"btipPosition":[-38.7133,263.185,-33.5154],"carpPosition":[-12.7079,308.94,28.6992],"dipPosition":[-35.8101,272.521,-47.7058],"direction":[-0.335701,-0.838031,0.430126],"extended":false,"handId":277,"id":2772,"length":61.4471,"mcpPosition":[-10.5864,326.085,-32.9038],"pipPosition":[-27.056,294.375,-58.9222],"stabilizedTipPosition":[-39.4179,211.85,95.4568],"timeVisible":9.15616,"tipPosition":[-37.8755,265.36,-35.507],"tipVelocity":[-57.2755,101.035,-245.726],"tool":false,"touchDistance":0.333333,"touchZone":"none","type":2,"width":17.4211},{"bases":[[[0.861669,-0.50575,0.0417488],[0.47555,0.833449,0.281451],[-0.177139,-0.222664,0.958667]],[[0.862812,-0.50428,0.0354622],[0.306143,0.465404,-0.830467],[0.402283,0.727393,0.555938]],[[0.862812,-0.50428,0.0354622],[-0.210485,-0.422143,-0.881755],[0.459621,0.753324,-0.470374]],[[0.862812,-0.50428,0.0354622],[-0.407595,-0.73545,-0.541276],[0.299035,0.452565,-0.840097]]],"btipPosition":[-25.2452,261.407,-24.2319],"carpPosition":[-2.13826,305.311,27.2718],"dipPosition":[-20.1215,269.161,-38.626],"direction":[-0.459621,-0.753324,0.470374],"extended":false,"handId":277,"id":2773,"length":59.0831,"mcpPosition":[8.03715,318.101,-27.7969],"pipPosition":[-8.44548,288.298,-50.5752],"stabilizedTipPosition":[-20.2887,223.178,80.312],"timeVisible":9.15616,"tipPosition":[-23.9931,263.327,-26.5476],"tipVelocity":[-59.0536,87.557,-220.266],"tool":false,"touchDistance":0.333333,"touchZone":"none","type":3,"width":16.5772},{"bases":[[[0.744877,-0.658833,0.105342],[0.586252,0.721672,0.368101],[-0.318539,-0.212433,0.923799]],[[0.738436,-0.662903,0.123578],[0.457964,0.358497,-0.81348],[0.494956,0.657297,0.568313]],[[0.738436,-0.662903,0.123578],[-0.223484,-0.413493,-0.882655],[0.636213,0.624166,-0.453486]],[[0.738436,-0.662903,0.123578],[-0.496035,-0.658142,-0.566391],[0.456794,0.356944,-0.814819]]],"btipPosition":[-11.4515,268.542,-20.2538],"carpPosition":[6.29116,295.396,26.2832],"dipPosition":[-4.23109,274.184,-33.1334],"direction":[-0.636213,-0.624166,0.453486],"extended":false,"handId":277,"id":2774,"length":46.32,"mcpPosition":[23.2293,306.692,-22.8393],"pipPosition":[7.18007,285.379,-41.2671],"stabilizedTipPosition":[-5.6602,234.116,67.0066],"timeVisible":9.15616,"tipPosition":[-9.65962,270.08,-22.1997],"tipVelocity":[-50.3643,74.538,-241.718],"tool":false,"touchDistance":0.333333,"touchZone":"none","type":4,"width":14.7252}],"r":[[0.912462,-0.247806,0.325585],[-0.079144,0.673814,0.73465],[-0.401435,-0.696108,0.595217]],"s":1.10328,"t":[24.311,100.154,-128.979],"timestamp":3197672862},false],[1,{"currentFrameRate":110.252,"devices":[],"gestures":[],"hands":[{"armBasis":[[0.89985,-0.100127,-0.424553],[0.273647,0.88753,0.370686],[0.339688,-0.44974,0.826043]],"armWidth":58.4334,"confidence":0.566215,"direction":[0.104665,0.392167,-0.91392],"elbow":[75.2082,183.81,236.382],"grabStrength":0,"id":277,"palmNormal":[-0.269872,-0.873286,-0.405637],"palmPosition":[-11.4754,313.147,-14.9083],"palmVelocity":[-16.7905,67.8155,-203.589],"palmWidth":83.4409,"pinchStrength":0.826364,"r":[[0.91032,-0.253813,0.326951],[-0.0753992,0.675011,0.733945],[-0.40698,-0.692777,0.595339]],"s":1.10401,"sphereCenter":[-17.185,282.856,-47.3618],"sphereRadius":43.3417,"stabilizedPalmPosition":[-8.71849,269.643,79.3319],"t":[24.1468,100.715,-130.761],"timeVisible":9.16508,"type":"right","wrist":[-8.8982,295.165,31.855]}],"id":311149,"interactionBox":{"center":[0,200,0],"size":[235.247,235.247,147.751]},"pointables":[{"bases":[[[0.646976,0.741283,0.178669],[-0.690498,0.470161,0.549693],[0.323474,-0.479009,0.816036]],[[0.520418,0.850708,-0.0738992],[-0.775288,0.507001,0.376668],[0.357902,-0.138732,0.923396]],[[0.520418,0.850708,-0.0738992],[-0.847931,0.504609,-0.162428],[-0.100889,0.147192,0.983949]],[[0.520418,0.850708,-0.0738992],[-0.694317,0.371188,-0.616558],[-0.49708,0.372177,0.783834]]],"btipPosition":[-39.4838,286.604,-58.7742],"carpPosition":[-36.9231,292.844,31.0828],"dipPosition":[-50.152,294.592,-41.9516],"direction":[0.100889,-0.147192,-0.983949],"extended":false,"handId":277,"id":2770,"length":47.7925,"mcpPosition":[-36.9231,292.844,31.0828],"pipPosition":[-53.3065,299.194,-11.1867],"stabilizedTipPosition":[-48.6905,231.008,55.8063],"timeVisible":9.16508,"tipPosition":[-42.3002,287.489,-54.8629],"tipVelocity":[-19.9549,107.108,-199.045],"tool":false,"touchDistance":-0.582192,"touchZone":"hovering","type":0,"width":18.5699},{"bases":[[[0.961176,-0.219148,-0.167677],[0.258352,0.928173,0.267862],[0.0969317,-0.300782,0.948754]],[[0.965884,-0.253338,-0.0537445],[0.258892,0.949848,0.175398],[0.00661398,-0.183328,0.983029]],[[0.965884,-0.253338,-0.0537445],[0.25637,0.964714,0.0600048],[0.0366466,-0.0717362,0.99675]],[[0.965884,-0.253338,-0.0537445],[0.252011,0.96725,-0.0302915],[0.0596584,0.0157139,0.998095]]],"btipPosition":[-32.5246,339.072,-111.188],"carpPosition":[-23.9774,310.213,29.2815],"dipPosition":[-31.5899,339.318,-95.5493],"direction":[-0.0366466,0.0717362,-0.99675],"extended":true,"handId":277,"id":2771,"length":53.9285,"mcpPosition":[-30.517,330.505,-34.7269],"pipPosition":[-30.7776,337.728,-73.4562],"stabilizedTipPosition":[-40.7827,301.599,-36.9982],"timeVisible":9.16508,"tipPosition":[-31.9998,337.588,-107.64],"tipVelocity":[2.32176,123.321,-203.197],"tool":false,"touchDistance":-0.585684,"touchZone":"hovering","type":1,"width":17.738},{"bases":[[[0.907214,-0.412768,-0.0811458],[0.419196,0.870932,0.256422],[-0.0351706,-0.266646,0.963153]],[[0.907191,-0.412941,-0.0805212],[0.185172,0.563759,-0.804914],[0.377777,0.715301,0.587902]],[[0.907191,-0.412941,-0.0805212],[-0.24523,-0.363497,-0.898739],[0.341857,0.835075,-0.431027]],[[0.907191,-0.412941,-0.0805212],[-0.383737,-0.733688,-0.560757],[0.172482,0.539613,-0.824056]]],"btipPosition":[-39.225,263.743,-34.8532],"carpPosition":[-12.8899,309.376,27.3142],"dipPosition":[-36.2526,273.042,-49.0541],"direction":[-0.341857,-0.835075,0.431027],"extended":false,"handId":277,"id":2772,"length":61.4471,"mcpPosition":[-10.6397,326.436,-34.3079],"pipPosition":[-27.338,294.819,-60.294],"stabilizedTipPosition":[-39.4175,211.874,95.3965],"timeVisible":9.16508,"tipPosition":[-38.3725,265.91,-36.8563],"tipVelocity":[-56.808,90.2929,-219.679],"tool":false,"touchDistance":0.333333,"touchZone":"none","type":2,"width":17.4211},{"bases":[[[0.857951,-0.511981,0.0423767],[0.481606,0.830272,0.280542],[-0.178816,-0.220283,0.958906]],[[0.859051,-0.510595,0.0363879],[0.309818,0.462033,-0.830986],[0.407485,0.725133,0.555102]],[[0.859051,-0.510595,0.0363879],[-0.21346,-0.421931,-0.881141],[0.465259,0.749177,-0.471452]],[[0.859051,-0.510595,0.0363879],[-0.41297,-0.733294,-0.540126],[0.302469,0.448968,-0.840797]]],"btipPosition":[-25.7728,261.887,-25.5521],"carpPosition":[-2.347,305.668,25.8916],"dipPosition":[-20.5903,269.58,-39.9582],"direction":[-0.465259,-0.749177,0.471452],"extended":false,"handId":277,"id":2773,"length":59.0831,"mcpPosition":[7.92474,318.322,-29.1908],"pipPosition":[-8.77102,288.611,-51.9348],"stabilizedTipPosition":[-20.2902,223.192,80.2739],"timeVisible":9.16508,"tipPosition":[-24.5075,263.786,-27.9001],"tipVelocity":[-58.6587,77.9241,-200.633],"tool":false,"touchDistance":0.333333,"touchZone":"none","type":3,"width":16.5772},{"bases":[[[0.740041,-0.664135,0.106135],[0.591483,0.717788,0.367326],[-0.320136,-0.209059,0.924017]],[[0.733428,-0.668219,0.124763],[0.459493,0.352088,-0.815414],[0.500948,0.655375,0.565274]],[[0.733428,-0.668219,0.124763],[-0.22858,-0.415285,-0.880505],[0.640183,0.617269,-0.457324]],[[0.733428,-0.668219,0.124763],[-0.502224,-0.656352,-0.563003],[0.458098,0.350264,-0.816983]]],"btipPosition":[-11.934,268.949,-21.4322],"carpPosition":[6.00986,295.691,24.9148],"dipPosition":[-4.69298,274.485,-34.346],"direction":[-0.640182,-0.617269,0.457324],"extended":false,"handId":277,"id":2774,"length":46.32,"mcpPosition":[23.0329,306.808,-24.2193],"pipPosition":[6.78938,285.557,-42.5486],"stabilizedTipPosition":[-5.66138,234.125,66.9831],"timeVisible":9.16508,"tipPosition":[-10.1371,270.441,-23.5007],"tipVelocity":[-51.229,65.9164,-212.061],"tool":false,"touchDistance":0.333333,"touchZone":"none","type":4,"width":14.7252}],"r":[[0.91032,-0.253813,0.326951],[-0.0753992,0.675011,0.733945],[-0.40698,-0.692777,0.595339]],"s":1.10401,"t":[24.1468,100.715,-130.761],"timestamp":3197681786},false],[2,{"currentFrameRate":110.297,"devices":[],"gestures":[],"hands":[{"armBasis":[[0.90101,-0.104268,-0.421081],[0.273693,0.889739,0.365318],[0.336561,-0.444402,0.830201]],"armWidth":58.4334,"confidence":0.575094,"direction":[0.106283,0.396539,-0.911845],"elbow":[74.0992,185.583,235.503],"grabStrength":0,"id":277,"palmNormal":[-0.268827,-0.871429,-0.410298],"palmPosition":[-11.7268,313.82,-16.7356],"palmVelocity":[-19.8562,69.7531,-203.524],"palmWidth":83.4409,"pinchStrength":0.825404,"r":[[0.908465,-0.258862,0.328151],[-0.0727225,0.675248,0.733997],[-0.411587,-0.690674,0.594614]],"s":1.10537,"sphereCenter":[-17.9699,284.122,-49.2882],"sphereRadius":43.2071,"stabilizedPalmPosition":[-8.71945,269.658,79.3011],"t":[23.939,101.332,-132.565],"timeVisible":9.17407,"type":"right","wrist":[-9.23301,295.617,29.9465]}],"id":311150,"interactionBox":{"center":[0,200,0],"size":[235.247,235.247,147.751]},"pointables":[{"bases":[[[0.646403,0.74062,0.183424],[-0.69169,0.467333,0.550604],[0.322069,-0.482785,0.814365]],[[0.521948,0.850411,-0.0661072],[-0.77518,0.505254,0.37923],[0.355902,-0.146693,0.922938]],[[0.521948,0.850411,-0.0661072],[-0.846347,0.50669,-0.164199],[-0.106141,0.141653,0.98421]],[[0.521948,0.850411,-0.0661072],[-0.685785,0.372293,-0.625377],[-0.507216,0.37175,0.777518]]],"btipPosition":[-39.343,287.598,-60.5987],"carpPosition":[-37.2557,293.29,29.1099],"dipPosition":[-50.2288,295.576,-43.9117],"direction":[0.106141,-0.141653,-0.98421],"extended":false,"handId":277,"id":2770,"length":47.7925,"mcpPosition":[-37.2557,293.29,29.1099],"pipPosition":[-53.5475,300.005,-13.1387],"stabilizedTipPosition":[-48.6749,231.141,55.5495],"timeVisible":9.17407,"tipPosition":[-42.2749,288.511,-56.7747],"tipVelocity":[-11.715,107.992,-201.094],"tool":false,"touchDistance":-0.580143,"touchZone":"hovering","type":0,"width":18.5699},{"bases":[[[0.961561,-0.218058,-0.166885],[0.257552,0.926967,0.272763],[0.0952183,-0.30526,0.947497]],[[0.966117,-0.251968,-0.0559427],[0.258029,0.948099,0.18582],[0.00621847,-0.193959,0.98099]],[[0.966117,-0.251968,-0.0559427],[0.25557,0.964189,0.0708813],[0.0360795,-0.0827769,0.995915]],[[0.966117,-0.251968,-0.0559427],[0.251268,0.967724,-0.0193354],[0.059009,0.00462369,0.998247]]],"btipPosition":[-32.7052,340.67,-112.872],"carpPosition":[-24.312,310.672,27.4159],"dipPosition":[-31.7807,340.743,-97.2312],"direction":[-0.0360795,0.0827769,-0.995915],"extended":true,"handId":277,"id":2771,"length":53.9285,"mcpPosition":[-30.736,331.266,-36.5077],"pipPosition":[-30.981,338.908,-75.1567],"stabilizedTipPosition":[-40.7231,301.88,-37.5176],"timeVisible":9.17407,"tipPosition":[-32.1799,339.14,-109.34],"tipVelocity":[-3.8989,137.063,-198.859],"tool":false,"touchDistance":-0.580706,"touchZone":"hovering","type":1,"width":17.738},{"bases":[[[0.907496,-0.412103,-0.0813778],[0.418436,0.86983,0.261358],[-0.0369218,-0.271233,0.961805]],[[0.907468,-0.412303,-0.0806685],[0.186258,0.566945,-0.802422],[0.376576,0.713147,0.59128]],[[0.907468,-0.412303,-0.0806685],[-0.243754,-0.360327,-0.900415],[0.342177,0.836762,-0.427486]],[[0.907468,-0.412303,-0.0806685],[-0.3826,-0.731726,-0.564088],[0.173548,0.542756,-0.821765]]],"btipPosition":[-39.4172,264.506,-36.8966],"carpPosition":[-13.2205,309.848,25.4657],"dipPosition":[-36.4264,273.859,-51.058],"direction":[-0.342177,-0.836762,0.427486],"extended":false,"handId":277,"id":2772,"length":61.4471,"mcpPosition":[-10.8583,327.201,-36.0702],"pipPosition":[-27.5034,295.679,-62.2056],"stabilizedTipPosition":[-39.4172,211.901,95.3284],"timeVisible":9.17407,"tipPosition":[-38.5706,266.678,-38.9634],"tipVelocity":[-46.9654,89.1745,-221.519],"tool":false,"touchDistance":0.333333,"touchZone":"none","type":2,"width":17.4211},{"bases":[[[0.858028,-0.511917,0.0415775],[0.480813,0.829074,0.285404],[-0.180574,-0.224893,0.957505]],[[0.85892,-0.510786,0.0367889],[0.307585,0.457119,-0.834526],[0.409447,0.728107,0.549739]],[[0.85892,-0.510786,0.0367889],[-0.217063,-0.428187,-0.877234],[0.463831,0.745489,-0.478652]],[[0.85892,-0.510786,0.0367889],[-0.414692,-0.735884,-0.535261],[0.300476,0.444491,-0.843885]]],"btipPosition":[-26.0085,262.682,-26.8621],"carpPosition":[-2.67374,306.15,24.0456],"dipPosition":[-20.8602,270.298,-41.3211],"direction":[-0.463831,-0.745489,0.478652],"extended":false,"handId":277,"id":2773,"length":59.0831,"mcpPosition":[7.69895,319.069,-30.9563],"pipPosition":[-9.0772,289.236,-53.4806],"stabilizedTipPosition":[-20.2922,223.21,80.2256],"timeVisible":9.17407,"tipPosition":[-24.7451,264.542,-29.6066],"tipVelocity":[-50.0076,80.2829,-185.964],"tool":false,"touchDistance":0.333333,"touchZone":"none","type":3,"width":16.5772},{"bases":[[[0.740044,-0.664408,0.104387],[0.590559,0.716212,0.371861],[-0.32183,-0.213547,0.922401]],[[0.733295,-0.668644,0.123264],[0.460816,0.35546,-0.813201],[0.499927,0.653118,0.568779]],[[0.733295,-0.668644,0.123264],[-0.227342,-0.411988,-0.882373],[0.640776,0.619016,-0.45412]],[[0.733295,-0.668644,0.123264],[-0.501427,-0.654274,-0.566124],[0.459184,0.353328,-0.815052]]],"btipPosition":[-12.1604,269.67,-23.4254],"carpPosition":[5.68808,296.18,23.0373],"dipPosition":[-4.90224,275.255,-36.3087],"direction":[-0.640776,-0.619016,0.45412],"extended":false,"handId":277,"id":2774,"length":46.32,"mcpPosition":[22.8012,307.535,-26.0108],"pipPosition":[6.59077,286.357,-44.4538],"stabilizedTipPosition":[-5.6627,234.135,66.9577],"timeVisible":9.17407,"tipPosition":[-10.3645,271.157,-25.5315],"tipVelocity":[-43.9701,70.1853,-214.521],"tool":false,"touchDistance":0.333333,"touchZone":"none","type":4,"width":14.7252}],"r":[[0.908465,-0.258862,0.328151],[-0.0727225,0.675248,0.733997],[-0.411587,-0.690674,0.594614]],"s":1.10537,"t":[23.939,101.332,-132.565],"timestamp":3197690772},false],[3,{"currentFrameRate":110.301,"devices":[],"gestures":[],"hands":[{"armBasis":[[0.902759,-0.100821,-0.418165],[0.270711,0.888645,0.370171],[0.334279,-0.447377,0.829525]],"armWidth":58.4334,"confidence":0.58376,"direction":[0.107639,0.395777,-0.912017],"elbow":[73.1767,185.278,234.063],"grabStrength":0,"id":277,"palmNormal":[-0.266305,-0.872346,-0.409992],"palmPosition":[-12.011,314.197,-18.0328],"palmVelocity":[-23.0371,62.0074,-186.863],"palmWidth":83.4409,"pinchStrength":0.821195,"r":[[0.906905,-0.262494,0.329576],[-0.0711597,0.675557,0.733866],[-0.415282,-0.689,0.593987]],"s":1.10776,"sphereCenter":[-18.669,284.842,-50.5224],"sphereRadius":43.1313,"stabilizedPalmPosition":[-8.72048,269.671,79.2708],"t":[23.693,101.829,-134.116],"timeVisible":9.18313,"type":"right","wrist":[-9.59053,296.048,28.6739]}],"id":311151,"interactionBox":{"center":[0,200,0],"size":[235.247,235.247,147.751]},"pointables":[{"bases":[[[0.644635,0.741989,0.184117],[-0.693792,0.466648,0.548537],[0.32109,-0.481344,0.815603]],[[0.522534,0.850326,-0.0624801],[-0.775348,0.504384,0.380042],[0.354674,-0.150141,0.922857]],[[0.522534,0.850326,-0.0624801],[-0.845468,0.507289,-0.166859],[-0.110189,0.140015,0.983999]],[[0.522534,0.850326,-0.0624801],[-0.679085,0.370753,-0.63355],[-0.515559,0.373481,0.771175]]],"btipPosition":[-39.3324,288.149,-61.7863],"carpPosition":[-37.607,293.67,27.7759],"dipPosition":[-50.3973,296.165,-45.2354],"direction":[0.110189,-0.140015,-0.983999],"extended":false,"handId":277,"id":2770,"length":47.7925,"mcpPosition":[-37.607,293.67,27.7759],"pipPosition":[-53.8425,300.543,-14.4689],"stabilizedTipPosition":[-48.6592,231.277,55.2872],"timeVisible":9.18313,"tipPosition":[-42.307,289.052,-58.0322],"tipVelocity":[-9.41199,95.2338,-182.713],"tool":false,"touchDistance":-0.568744,"touchZone":"hovering","type":0,"width":18.5699},{"bases":[[[0.962334,-0.21648,-0.164465],[0.255242,0.92772,0.272374],[0.0936143,-0.304094,0.948031]],[[0.966745,-0.249521,-0.0560589],[0.255679,0.947803,0.190521],[0.00559391,-0.198518,0.980081]],[[0.966745,-0.249521,-0.0560589],[0.253308,0.964424,0.0756391],[0.035191,-0.0873239,0.995558]],[[0.966745,-0.249521,-0.0560589],[0.249086,0.968369,-0.0147315],[0.0579615,0.000278092,0.998319]]],"btipPosition":[-32.9154,341.341,-114.188],"carpPosition":[-24.6911,311.073,26.0931],"dipPosition":[-32.0073,341.345,-98.5464],"direction":[-0.035191,0.0873239,-0.995558],"extended":true,"handId":277,"id":2771,"length":53.9285,"mcpPosition":[-31.0069,331.589,-37.8666],"pipPosition":[-31.2272,339.41,-76.4798],"stabilizedTipPosition":[-40.6631,302.176,-38.0646],"timeVisible":9.18313,"tipPosition":[-32.3908,339.799,-110.664],"tipVelocity":[-9.34278,119.187,-184.057],"tool":false,"touchDistance":-0.570708,"touchZone":"hovering","type":1,"width":17.738},{"bases":[[[0.908427,-0.410534,-0.0788782],[0.416255,0.870864,0.261396],[-0.0386198,-0.270293,0.962003]],[[0.908396,-0.41075,-0.0781093],[0.186962,0.566143,-0.802824],[0.373981,0.714679,0.591077]],[[0.908396,-0.41075,-0.0781093],[-0.241216,-0.362253,-0.900326],[0.341514,0.836694,-0.428149]],[[0.908396,-0.41075,-0.0781093],[-0.380072,-0.733359,-0.563675],[0.174247,0.541727,-0.822295]]],"btipPosition":[-39.5618,264.816,-38.1705],"carpPosition":[-13.5937,310.267,24.1691],"dipPosition":[-36.559,274.152,-52.341],"direction":[-0.341514,-0.836694,0.428149],"extended":false,"handId":277,"id":2772,"length":61.4471,"mcpPosition":[-11.1228,327.56,-37.3795],"pipPosition":[-27.6533,295.971,-63.5059],"stabilizedTipPosition":[-39.4169,211.93,95.258],"timeVisible":9.18313,"tipPosition":[-38.7206,266.985,-40.284],"tipVelocity":[-38.3197,73.9023,-199.241],"tool":false,"touchDistance":0.333333,"touchZone":"none","type":2,"width":17.4211},{"bases":[[[0.858861,-0.510309,0.0440691],[0.478651,0.830247,0.285626],[-0.182346,-0.224219,0.957327]],[[0.859512,-0.509498,0.0406231],[0.303489,0.444794,-0.842646],[0.411258,0.736593,0.536933]],[[0.859512,-0.509498,0.0406231],[-0.221556,-0.443024,-0.868702],[0.460599,0.737659,-0.493667]],[[0.859512,-0.509498,0.0406231],[-0.416051,-0.743601,-0.52341],[0.296884,0.432976,-0.851112]]],"btipPosition":[-26.2005,263.129,-27.0907],"carpPosition":[-3.03701,306.587,22.7769],"dipPosition":[-21.1138,270.548,-41.6735],"direction":[-0.460599,-0.737659,0.493667],"extended":false,"handId":277,"id":2773,"length":59.0831,"mcpPosition":[7.43746,319.467,-32.2149],"pipPosition":[-9.41287,289.287,-54.2145],"stabilizedTipPosition":[-20.2949,223.234,80.1613],"timeVisible":9.18313,"tipPosition":[-24.9431,264.925,-30.2954],"tipVelocity":[-42.4828,70.349,-142.447],"tool":false,"touchDistance":0.333333,"touchZone":"none","type":3,"width":16.5772},{"bases":[[[0.741012,-0.662949,0.10677],[0.588406,0.717676,0.372451],[-0.323542,-0.213167,0.92189]],[[0.734032,-0.667292,0.126167],[0.459786,0.35159,-0.815464],[0.499794,0.656586,0.56489]],[[0.734032,-0.667292,0.126167],[-0.228152,-0.417292,-0.879667],[0.639644,0.616918,-0.45855]],[[0.734032,-0.667292,0.126167],[-0.501096,-0.657581,-0.562574],[0.458366,0.349725,-0.817063]]],"btipPosition":[-12.3747,270.083,-24.4001],"carpPosition":[5.34521,296.631,21.7981],"dipPosition":[-5.12943,275.611,-37.3151],"direction":[-0.639644,-0.616918,0.45855],"extended":false,"handId":277,"id":2774,"length":46.32,"mcpPosition":[22.5494,307.966,-27.2228],"pipPosition":[6.34326,286.676,-45.5397],"stabilizedTipPosition":[-5.66417,234.146,66.9303],"timeVisible":9.18313,"tipPosition":[-10.5789,271.535,-26.6752],"tipVelocity":[-38.4497,62.9986,-185.214],"tool":false,"touchDistance":0.333333,"touchZone":"none","type":4,"width":14.7252}],"r":[[0.906905,-0.262494,0.329576],[-0.0711597,0.675557,0.733866],[-0.415282,-0.689,0.593987]],"s":1.10776,"t":[23.693,101.829,-134.116],"timestamp":3197699832},false],[4,{"currentFrameRate":110.317,"devices":[],"gestures":[],"hands":[{"armBasis":[[0.904177,-0.0981994,-0.415718],[0.266317,0.890506,0.368882],[0.333976,-0.444247,0.831327]],"armWidth":58.4334,"confidence":0.596054,"direction":[0.109024,0.396657,-0.91147],"elbow":[72.7152,186.461,233.171],"grabStrength":0,"id":277,"palmNormal":[-0.261576,-0.873171,-0.411279],"palmPosition":[-12.318,314.62,-19.3703],"palmVelocity":[-26.0514,57.7973,-176.161],"palmWidth":83.4409,"pinchStrength":0.813264,"r":[[0.90564,-0.264719,0.331271],[-0.0709087,0.675672,0.733784],[-0.418077,-0.688034,0.593145]],"s":1.11114,"sphereCenter":[-19.3561,285.69,-51.8332],"sphereRadius":43.0541,"stabilizedPalmPosition":[-8.72156,269.685,79.241],"t":[23.4165,102.289,-135.56],"timeVisible":9.19217,"type":"right","wrist":[-9.97687,296.456,27.3349]}],"id":311152,"interactionBox":{"center":[0,200,0],"size":[235.247,235.247,147.751]},"pointables":[{"bases":[[[0.641136,0.744407,0.186557],[-0.69737,0.463657,0.546532],[0.320344,-0.480501,0.816394]],[[0.521413,0.8514,-0.0569765],[-0.776834,0.501254,0.381148],[0.353069,-0.154474,0.922757]],[[0.521413,0.8514,-0.0569765],[-0.845332,0.506283,-0.170558],[-0.116367,0.137095,0.983699]],[[0.521413,0.8514,-0.0569765],[-0.671788,0.36841,-0.642631],[-0.526145,0.373352,0.764055]]],"btipPosition":[-39.2124,288.741,-63.0497],"carpPosition":[-37.9808,293.969,26.3457],"dipPosition":[-50.5045,296.754,-46.6517],"direction":[0.116367,-0.137095,-0.983699],"extended":false,"handId":277,"id":2770,"length":47.7925,"mcpPosition":[-37.9808,293.969,26.3457],"pipPosition":[-54.1429,301.04,-15.8946],"stabilizedTipPosition":[-48.6437,231.411,55.0286],"timeVisible":9.19217,"tipPosition":[-42.2502,289.632,-59.3762],"tipVelocity":[-4.7525,87.0133,-171.969],"tool":false,"touchDistance":-0.559683,"touchZone":"hovering","type":0,"width":18.5699},{"bases":[[[0.963697,-0.212637,-0.161475],[0.250739,0.928571,0.273653],[0.0917527,-0.304207,0.948177]],[[0.967937,-0.244899,-0.0558846],[0.25115,0.947691,0.196992],[0.00471806,-0.204711,0.978811]],[[0.967937,-0.244899,-0.0558846],[0.248923,0.964997,0.0825693],[0.0337073,-0.0938328,0.995017]],[[0.967937,-0.244899,-0.0558846],[0.24486,0.969528,-0.00765481],[0.0560564,-0.00627455,0.998408]]],"btipPosition":[-33.1291,342.19,-115.517],"carpPosition":[-25.1276,311.423,24.7131],"dipPosition":[-32.2508,342.092,-99.8742],"direction":[-0.0337073,0.0938328,-0.995017],"extended":true,"handId":277,"id":2771,"length":53.9285,"mcpPosition":[-31.3178,331.947,-39.2565],"pipPosition":[-31.5037,340.012,-77.8196],"stabilizedTipPosition":[-40.6042,302.48,-38.627],"timeVisible":9.19217,"tipPosition":[-32.6017,340.623,-112.002],"tipVelocity":[-13.494,111.514,-173.867],"tool":false,"touchDistance":-0.561905,"touchZone":"hovering","type":1,"width":17.738},{"bases":[[[0.910273,-0.406943,-0.076158],[0.412007,0.87235,0.263165],[-0.0406567,-0.270929,0.96174]],[[0.910234,-0.407201,-0.0752443],[0.18592,0.564238,-0.804406],[0.37001,0.718208,0.589296]],[[0.910234,-0.407201,-0.0752443],[-0.238494,-0.366969,-0.899141],[0.338518,0.836374,-0.431142]],[[0.910234,-0.407201,-0.0752443],[-0.376081,-0.736862,-0.561781],[0.173313,0.539651,-0.823857]]],"btipPosition":[-39.5891,265.14,-39.3147],"carpPosition":[-14.0211,310.662,22.8243],"dipPosition":[-36.6024,274.44,-53.5122],"direction":[-0.338518,-0.836374,0.431142],"extended":false,"handId":277,"id":2772,"length":61.4471,"mcpPosition":[-11.4199,327.996,-38.7074],"pipPosition":[-27.7748,296.25,-64.7551],"stabilizedTipPosition":[-39.4166,211.957,95.1901],"timeVisible":9.19217,"tipPosition":[-38.7714,267.307,-41.6307],"tipVelocity":[-28.7077,63.1552,-179.424],"tool":false,"touchDistance":0.333333,"touchZone":"none","type":2,"width":17.4211},{"bases":[[[0.860702,-0.506973,0.0465798],[0.474483,0.831965,0.287575],[-0.184546,-0.225415,0.956625]],[[0.861133,-0.506443,0.0443348],[0.29887,0.433775,-0.85001],[0.41125,0.745222,0.524898]],[[0.861133,-0.506443,0.0443348],[-0.22471,-0.457408,-0.860397],[0.456021,0.730954,-0.507692]],[[0.861133,-0.506443,0.0443348],[-0.415563,-0.751466,-0.512451],[0.292843,0.422864,-0.857571]]],"btipPosition":[-26.2969,263.624,-27.4028],"carpPosition":[-3.44564,307.024,21.4643],"dipPosition":[-21.2794,270.87,-42.0964],"direction":[-0.456021,-0.730954,0.507692],"extended":false,"handId":277,"id":2773,"length":59.0831,"mcpPosition":[7.15521,319.972,-33.4871],"pipPosition":[-9.69481,289.439,-54.9936],"stabilizedTipPosition":[-20.2988,223.267,80.0739],"timeVisible":9.19217,"tipPosition":[-25.0493,265.359,-31.0148],"tipVelocity":[-34.203,64.8566,-113.495],"tool":false,"touchDistance":0.333333,"touchZone":"none","type":3,"width":16.5772},{"bases":[[[0.743249,-0.660104,0.108825],[0.584397,0.719779,0.374697],[-0.32567,-0.214896,0.920738]],[[0.735948,-0.664647,0.12894],[0.457117,0.347311,-0.818791],[0.499425,0.661528,0.559424]],[[0.735948,-0.664647,0.12894],[-0.229611,-0.424182,-0.875984],[0.636914,0.615072,-0.464786]],[[0.735948,-0.664647,0.12894],[-0.500149,-0.662078,-0.558124],[0.456324,0.346261,-0.819678]]],"btipPosition":[-12.5351,270.573,-25.299],"carpPosition":[4.97851,297.101,20.5075],"dipPosition":[-5.32209,276.046,-38.2554],"direction":[-0.636914,-0.615072,0.464786],"extended":false,"handId":277,"id":2774,"length":46.32,"mcpPosition":[22.2958,308.528,-28.4522],"pipPosition":[6.10165,287.078,-46.5918],"stabilizedTipPosition":[-5.66581,234.158,66.9002],"timeVisible":9.19217,"tipPosition":[-10.7365,271.985,-27.811],"tipVelocity":[-32.9726,60.1833,-161.883],"tool":false,"touchDistance":0.333333,"touchZone":"none","type":4,"width":14.7252}],"r":[[0.90564,-0.264719,0.331271],[-0.0709087,0.675672,0.733784],[-0.418077,-0.688034,0.593145]],"s":1.11114,"t":[23.4165,102.289,-135.56],"timestamp":3197708868},false],[5,{"currentFrameRate":110.119,"devices":[],"gestures":[],"hands":[{"armBasis":[[0.906468,-0.0923654,-0.412049],[0.259375,0.891803,0.370692],[0.333227,-0.442896,0.832348]],"armWidth":58.4334,"confidence":0.606394,"direction":[0.110774,0.397784,-0.910767],"elbow":[72.0006,187.324,232.075],"grabStrength":0,"id":277,"palmNormal":[-0.254563,-0.874479,-0.412897],"palmPosition":[-12.7447,315.158,-20.7193],"palmVelocity":[-31.5325,57.6034,-166.692],"palmWidth":83.4409,"pinchStrength":0.793241,"r":[[0.904636,-0.265463,0.333412],[-0.0721656,0.675606,0.733723],[-0.420032,-0.687812,0.59202]],"s":1.11596,"sphereCenter":[-20.1102,286.712,-53.1553],"sphereRadius":42.9962,"stabilizedPalmPosition":[-8.72287,269.7,79.2086],"t":[23.0649,102.789,-136.957],"timeVisible":9.2016,"type":"right","wrist":[-10.5062,296.984,25.9868]}],"id":311153,"interactionBox":{"center":[0,200,0],"size":[235.247,235.247,147.751]},"pointables":[{"bases":[[[0.635883,0.748079,0.189818],[-0.702545,0.459237,0.543628],[0.319505,-0.479039,0.817581]],[[0.518621,0.853495,-0.0507742],[-0.779486,0.496381,0.382109],[0.351332,-0.158592,0.922721]],[[0.518621,0.853495,-0.0507742],[-0.846182,0.503855,-0.173511],[-0.122508,0.132951,0.983522]],[[0.518621,0.853495,-0.0507742],[-0.666285,0.366221,-0.649574],[-0.535814,0.370713,0.758601]]],"btipPosition":[-39.2428,289.479,-64.4009],"carpPosition":[-38.4902,294.332,24.8703],"dipPosition":[-50.7424,297.435,-48.1199],"direction":[0.122508,-0.132951,-0.983522],"extended":false,"handId":277,"id":2770,"length":47.7925,"mcpPosition":[-38.4902,294.332,24.8703],"pipPosition":[-54.5728,301.592,-17.3683],"stabilizedTipPosition":[-48.6281,231.549,54.761],"timeVisible":9.2016,"tipPosition":[-42.2862,290.325,-60.7854],"tipVelocity":[-5.76128,84.1064,-164.581],"tool":false,"touchDistance":-0.552719,"touchZone":"hovering","type":0,"width":18.5699},{"bases":[[[0.965652,-0.206856,-0.157249],[0.244017,0.929888,0.275252],[0.0892862,-0.304169,0.948425]],[[0.969661,-0.238218,-0.0548517],[0.244433,0.947668,0.205375],[0.00305713,-0.212552,0.977145]],[[0.969661,-0.238218,-0.0548517],[0.242464,0.965807,0.0918035],[0.0311069,-0.102318,0.994265]],[[0.969661,-0.238218,-0.0548517],[0.238682,0.971096,0.00197026],[0.0527969,-0.0150026,0.998493]]],"btipPosition":[-33.3941,343.261,-116.862],"carpPosition":[-25.7332,311.863,23.3044],"dipPosition":[-32.5669,343.026,-101.217],"direction":[-0.0311069,0.102318,-0.994265],"extended":true,"handId":277,"id":2771,"length":53.9285,"mcpPosition":[-31.7569,332.384,-40.6818],"pipPosition":[-31.8774,340.758,-79.1793],"stabilizedTipPosition":[-40.5426,302.819,-39.2477],"timeVisible":9.2016,"tipPosition":[-32.8733,341.637,-113.358],"tipVelocity":[-18.021,111.132,-164.905],"tool":false,"touchDistance":-0.554208,"touchZone":"hovering","type":1,"width":17.738},{"bases":[[[0.912994,-0.401521,-0.0722717],[0.40566,0.874626,0.26546],[-0.0433771,-0.271682,0.961409]],[[0.912948,-0.401805,-0.0712654],[0.181763,0.556749,-0.810551],[0.36536,0.727038,0.581316]],[[0.912948,-0.401805,-0.0712654],[-0.236935,-0.37974,-0.894237],[0.332246,0.833277,-0.441885]],[[0.912948,-0.401805,-0.0712654],[-0.371135,-0.744939,-0.554368],[0.169659,0.532558,-0.829215]]],"btipPosition":[-39.5759,265.507,-39.9274],"carpPosition":[-14.6139,311.168,21.4653],"dipPosition":[-36.6521,274.684,-54.2172],"direction":[-0.332246,-0.833277,0.441885],"extended":false,"handId":277,"id":2772,"length":61.4471,"mcpPosition":[-11.8387,328.55,-40.0453],"pipPosition":[-27.9881,296.414,-65.7402],"stabilizedTipPosition":[-39.4164,211.985,95.1209],"timeVisible":9.2016,"tipPosition":[-38.8024,267.675,-42.6869],"tipVelocity":[-20.5442,55.3749,-147.367],"tool":false,"touchDistance":0.333333,"touchZone":"none","type":2,"width":17.4211},{"bases":[[[0.863464,-0.501907,0.0501908],[0.468264,0.834598,0.290131],[-0.187508,-0.227015,0.95567]],[[0.863412,-0.50197,0.0504564],[0.297251,0.425362,-0.854815],[0.40763,0.753056,0.516474]],[[0.863412,-0.50197,0.0504564],[-0.222855,-0.469213,-0.854503],[0.45261,0.726543,-0.51699]],[[0.863412,-0.50197,0.0504564],[-0.41145,-0.758509,-0.505345],[0.29194,0.41556,-0.861441]]],"btipPosition":[-26.4419,264.202,-28.0136],"carpPosition":[-4.01121,307.593,20.151],"dipPosition":[-21.4398,271.322,-42.7734],"direction":[-0.45261,-0.726543,0.51699],"extended":false,"handId":277,"id":2773,"length":59.0831,"mcpPosition":[6.75981,320.634,-34.7456],"pipPosition":[-9.94187,289.779,-55.9069],"stabilizedTipPosition":[-20.3043,223.315,79.9492],"timeVisible":9.2016,"tipPosition":[-25.186,265.885,-31.8844],"tipVelocity":[-28.9297,62.9459,-100.034],"tool":false,"touchDistance":0.333333,"touchZone":"none","type":3,"width":16.5772},{"bases":[[[0.746639,-0.655763,0.111829],[0.578446,0.723016,0.377689],[-0.328529,-0.21731,0.919155]],[[0.738993,-0.660524,0.132656],[0.451152,0.338943,-0.825578],[0.500352,0.669944,0.548473]],[[0.738993,-0.660524,0.132656],[-0.234057,-0.436347,-0.868803],[0.63175,0.61099,-0.477057]],[[0.738993,-0.660524,0.132656],[-0.499877,-0.669587,-0.549342],[0.451678,0.339648,-0.825001]]],"btipPosition":[-12.7499,271.225,-25.8359],"carpPosition":[4.47563,297.721,19.227],"dipPosition":[-5.61037,276.594,-38.8765],"direction":[-0.63175,-0.61099,0.477057],"extended":false,"handId":277,"id":2774,"length":46.32,"mcpPosition":[21.9449,309.276,-29.6485],"pipPosition":[5.72074,287.553,-47.433],"stabilizedTipPosition":[-5.66811,234.174,66.8598],"timeVisible":9.2016,"tipPosition":[-10.9442,272.581,-28.7081],"tipVelocity":[-30.5719,62.0388,-132.487],"tool":false,"touchDistance":0.333333,"touchZone":"none","type":4,"width":14.7252}],"r":[[0.904636,-0.265463,0.333412],[-0.0721656,0.675606,0.733723],[-0.420032,-0.687812,0.59202]],"s":1.11596,"t":[23.0649,102.789,-136.957],"timestamp":3197718300},false],[6,{"currentFrameRate":110.358,"devices":[],"gestures":[],"hands":[{"armBasis":[[0.910158,-0.0776355,-0.406922],[0.243516,0.894916,0.373932],[0.33513,-0.439429,0.83342]],"armWidth":58.4334,"confidence":0.620038,"direction":[0.110595,0.401094,-0.909336],"elbow":[72.2218,188.457,231.794],"grabStrength":0,"id":277,"palmNormal":[-0.238697,-0.87745,-0.41606],"palmPosition":[-12.9692,315.484,-21.2479],"palmVelocity":[-30.0629,52.3336,-138.723],"palmWidth":83.4409,"pinchStrength":0.764259,"r":[[0.904194,-0.263451,0.336193],[-0.0761506,0.67507,0.733813],[-0.420278,-0.689111,0.590332]],"s":1.12216,"sphereCenter":[-20.2338,287.349,-53.7539],"sphereRadius":43.0286,"stabilizedPalmPosition":[-8.72424,269.715,79.1762],"t":[22.7768,103.201,-137.919],"timeVisible":9.21024,"type":"right","wrist":[-10.7561,297.259,25.4397]}],"id":311154,"interactionBox":{"center":[0,200,0],"size":[235.247,235.247,147.751]},"pointables":[{"bases":[[[0.623301,0.757222,0.195218],[-0.712859,0.447592,0.539902],[0.321448,-0.475684,0.818777]],[[0.509121,0.85974,-0.0405288],[-0.785188,0.483229,0.387259],[0.352527,-0.165339,0.92108]],[[0.509121,0.85974,-0.0405288],[-0.851443,0.496204,-0.169784],[-0.12586,0.120949,0.984647]],[[0.509121,0.85974,-0.0405288],[-0.663888,0.362301,-0.65421],[-0.547767,0.359979,0.755226]]],"btipPosition":[-39.1352,290.249,-65.0203],"carpPosition":[-38.6892,294.188,24.1385],"dipPosition":[-50.8913,297.975,-48.8117],"direction":[0.12586,-0.120949,-0.984647],"extended":false,"handId":277,"id":2770,"length":47.7925,"mcpPosition":[-38.6892,294.188,24.1385],"pipPosition":[-54.8265,301.756,-18.0249],"stabilizedTipPosition":[-48.6127,231.686,54.4983],"timeVisible":9.21024,"tipPosition":[-42.0331,290.929,-61.4386],"tipVelocity":[-2.74166,83.8289,-140.47],"tool":false,"touchDistance":-0.535321,"touchZone":"hovering","type":0,"width":18.5699},{"bases":[[[0.969649,-0.191991,-0.151396],[0.2282,0.932948,0.278448],[0.0877851,-0.304545,0.948444]],[[0.973522,-0.222597,-0.0520237],[0.22859,0.949588,0.214544],[0.0016442,-0.220756,0.975328]],[[0.973522,-0.222597,-0.0520237],[0.226894,0.968635,0.101314],[0.0278398,-0.110436,0.993493]],[[0.973522,-0.222597,-0.0520237],[0.223467,0.974644,0.0114824],[0.0481487,-0.022804,0.99858]]],"btipPosition":[-33.547,343.96,-117.395],"carpPosition":[-26.1882,311.912,22.6855],"dipPosition":[-32.7926,343.603,-101.749],"direction":[-0.0278398,0.110436,-0.993493],"extended":true,"handId":277,"id":2771,"length":53.9285,"mcpPosition":[-32.1107,332.458,-41.302],"pipPosition":[-32.1755,341.155,-79.7279],"stabilizedTipPosition":[-40.4834,303.158,-39.8636],"timeVisible":9.21024,"tipPosition":[-33.0166,342.305,-113.902],"tipVelocity":[-18.4499,102.285,-137.532],"tool":false,"touchDistance":-0.535109,"touchZone":"hovering","type":1,"width":17.738},{"bases":[[[0.919389,-0.387584,-0.0671014],[0.390717,0.880146,0.269599],[-0.0454334,-0.274084,0.960632]],[[0.919341,-0.387868,-0.0661043],[0.174402,0.552309,-0.815193],[0.352697,0.737912,0.575405]],[[0.919341,-0.387868,-0.0661043],[-0.229778,-0.392874,-0.890422],[0.319396,0.833791,-0.450309]],[[0.919341,-0.387868,-0.0661043],[-0.358116,-0.755266,-0.548933],[0.162987,0.528329,-0.833249]]],"btipPosition":[-38.8688,265.459,-39.8758],"carpPosition":[-15.0482,311.388,20.9167],"dipPosition":[-36.06,274.564,-54.235],"direction":[-0.319396,-0.833791,0.450309],"extended":false,"handId":277,"id":2772,"length":61.4471,"mcpPosition":[-12.1414,328.924,-40.5441],"pipPosition":[-27.7311,296.307,-65.9778],"stabilizedTipPosition":[-39.4159,212.008,95.0626],"timeVisible":9.21024,"tipPosition":[-38.1478,267.63,-43.0007],"tipVelocity":[5.7959,38.723,-107.201],"tool":false,"touchDistance":0.333333,"touchZone":"none","type":2,"width":17.4211},{"bases":[[[0.870595,-0.488932,0.0548635],[0.453757,0.84102,0.294602],[-0.190182,-0.231584,0.954044]],[[0.870145,-0.489475,0.0571062],[0.29276,0.420236,-0.858891],[0.396408,0.764078,0.508965]],[[0.870145,-0.489475,0.0571062],[-0.2154,-0.482003,-0.84928],[0.443227,0.726696,-0.524846]],[[0.870145,-0.489475,0.0571062],[-0.399458,-0.768446,-0.499923],[0.288583,0.412194,-0.864185]]],"btipPosition":[-25.906,264.449,-27.8526],"carpPosition":[-4.38459,307.976,19.6644],"dipPosition":[-20.9615,271.512,-42.6594],"direction":[-0.443227,-0.726696,0.524846],"extended":false,"handId":277,"id":2773,"length":59.0831,"mcpPosition":[6.54001,321.279,-35.1388],"pipPosition":[-9.70188,289.972,-55.9924],"stabilizedTipPosition":[-20.3105,223.374,79.7955],"timeVisible":9.21024,"tipPosition":[-24.6492,266.105,-31.9597],"tipVelocity":[-5.2159,53.4398,-68.9009],"tool":false,"touchDistance":0.333333,"touchZone":"none","type":3,"width":16.5772},{"bases":[[[0.755711,-0.644644,0.115479],[0.565046,0.730949,0.382671],[-0.331096,-0.223938,0.916639]],[[0.747889,-0.649628,0.136548],[0.446886,0.340606,-0.827212],[0.490871,0.679685,0.545045]],[[0.747889,-0.649628,0.136548],[-0.228373,-0.444935,-0.865955],[0.623304,0.616454,-0.48112]],[[0.747889,-0.649628,0.136548],[-0.489988,-0.67901,-0.546678],[0.447855,0.341948,-0.826134]]],"btipPosition":[-12.3138,271.641,-25.9495],"carpPosition":[4.25589,298.234,18.7777],"dipPosition":[-5.2347,277.046,-39.008],"direction":[-0.623304,-0.616454,0.48112],"extended":false,"handId":277,"id":2774,"length":46.32,"mcpPosition":[21.8617,310.142,-29.964],"pipPosition":[5.94493,288.103,-47.6374],"stabilizedTipPosition":[-5.67064,234.194,66.8114],"timeVisible":9.21024,"tipPosition":[-10.5194,272.981,-29.007],"tipVelocity":[-9.5062,58.6035,-100.974],"tool":false,"touch