{"sensorType":"Leap","data":[[0,{"currentFrameRate":109.379,"devices":[],"gestures":[],"hands":[{"armBasis":[[0.892531,-0.115093,-0.436053],[0.297405,0.877061,0.377246],[0.339027,-0.466388,0.817033]],"armWidth":58.4334,"confidence":0.731535,"direction":[0.0728175,0.361635,-0.929472],"elbow":[82.9359,190.032,237.139],"grabStrength":0,"id":277,"palmNormal":[-0.298285,-0.881392,-0.366297],"palmPosition":[-5.23524,322.05,-12.3309],"palmVelocity":[-13.5946,16.1892,-161.737],"palmWidth":83.4409,"pinchStrength":0.63155,"r":[[0.903246,-0.312016,0.294607],[0.012112,0.704795,0.709308],[-0.428953,-0.637111,0.640382]],"s":1.17368,"sphereCenter":[-17.2337,296.854,-42.4359],"sphereRadius":42.2769,"stabilizedPalmPosition":[-3.16613,303.489,49.3963],"t":[30.3742,110.113,-128.699],"timeVisible":5.49545,"type":"right","wrist":[-1.00681,305.509,34.8421]}],"id":310749,"interactionBox":{"center":[0,200,0],"size":[235.247,235.247,147.751]},"pointables":[{"bases":[[[0.663963,0.736611,0.128675],[-0.660939,0.497631,0.561714],[0.349732,-0.458004,0.817264]],[[0.516664,0.844611,-0.140322],[-0.73833,0.522501,0.426453],[0.433506,-0.116729,0.893559]],[[0.516664,0.844611,-0.140322],[-0.855024,0.50044,-0.135993],[-0.0446385,0.190242,0.980722]],[[0.516664,0.844611,-0.140322],[-0.79273,0.409983,-0.451102],[-0.323476,0.344306,0.881372]]],"btipPosition":[-40.5756,295.596,-55.2104],"carpPosition":[-29.0695,303.59,35.2732],"dipPosition":[-47.518,302.985,-36.2945],"direction":[0.0446385,-0.190242,-0.980722],"extended":false,"handId":277,"id":2770,"length":47.7925,"mcpPosition":[-29.0695,303.59,35.2732],"pipPosition":[-48.9137,308.934,-5.63044],"stabilizedTipPosition":[-49.1107,274.154,24.6],"timeVisible":5.49545,"tipPosition":[-41.9012,296.543,-51.0445],"tipVelocity":[8.25148,16.7769,-166.269],"tool":false,"touchDistance":-0.543756,"touchZone":"hovering","type":0,"width":18.5699},{"bases":[[[0.950411,-0.238887,-0.199129],[0.28193,0.932094,0.227411],[0.131282,-0.272275,0.953222]],[[0.95843,-0.262765,-0.111203],[0.278448,0.946427,0.163532],[0.0622747,-0.187698,0.980251]],[[0.95843,-0.262765,-0.111203],[0.268978,0.9621,0.0448787],[0.0951954,-0.0729242,0.992784]],[[0.95843,-0.262765,-0.111203],[0.258821,0.964692,-0.0487933],[0.120097,0.0179835,0.992599]]],"btipPosition":[-31.2697,347.794,-108.089],"carpPosition":[-15.9675,320.695,32.3975],"dipPosition":[-29.3881,348.076,-92.5373],"direction":[-0.0951954,0.0729242,-0.992784],"extended":true,"handId":277,"id":2771,"length":53.9285,"mcpPosition":[-24.8245,339.065,-31.9123],"pipPosition":[-27.278,346.46,-70.5322],"stabilizedTipPosition":[-39.4694,323.932,-44.609],"timeVisible":5.49545,"tipPosition":[-30.7552,346.222,-104.569],"tipVelocity":[4.22717,58.3562,-164.452],"tool":false,"touchDistance":-0.543657,"touchZone":"hovering","type":1,"width":17.738},{"bases":[[[0.897328,-0.428852,-0.104346],[0.441363,0.872085,0.211345],[0.00036278,-0.2357,0.971826]],[[0.897303,-0.427162,-0.111266],[0.125529,0.488593,-0.863435],[0.42319,0.760795,0.492037]],[[0.897303,-0.427162,-0.111266],[-0.389372,-0.647212,-0.655367],[0.207935,0.631387,-0.74707]],[[0.897303,-0.427162,-0.111266],[-0.436224,-0.896661,-0.0755448],[-0.0674981,0.116323,-0.990915]]],"btipPosition":[-27.97,282.612,-17.3547],"carpPosition":[-4.98202,319.629,30.0133],"dipPosition":[-29.1332,284.616,-34.431],"direction":[-0.207935,-0.631387,0.74707],"extended":false,"handId":277,"id":2772,"length":61.4471,"mcpPosition":[-5.00523,334.709,-32.1637],"pipPosition":[-23.7108,301.081,-53.9124],"stabilizedTipPosition":[-31.3541,266.441,43.0744],"timeVisible":5.49545,"tipPosition":[-28.217,283.182,-21.8441],"tipVelocity":[8.28683,6.15311,-125.411],"tool":false,"touchDistance":0.333333,"touchZone":"none","type":2,"width":17.4211},{"bases":[[[0.851759,-0.523376,0.0241705],[0.504132,0.831259,0.234222],[-0.142678,-0.187315,0.971883]],[[0.84742,-0.528426,0.0514357],[0.263019,0.33368,-0.90525],[0.461195,0.780656,0.421753]],[[0.84742,-0.528426,0.0514357],[-0.397954,-0.696325,-0.597297],[0.351444,0.485692,-0.800369]],[[0.84742,-0.528426,0.0514357],[-0.527241,-0.848974,-0.0354963],[0.0624247,0.00296124,-0.998045]]],"btipPosition":[-15.2564,282.104,-7.38865],"carpPosition":[5.44166,315.719,28.2869],"dipPosition":[-14.1869,282.155,-24.489],"direction":[-0.351444,-0.485692,0.800369],"extended":false,"handId":277,"id":2773,"length":59.0831,"mcpPosition":[13.6375,326.479,-27.5409],"pipPosition":[-5.2589,294.493,-44.8213],"stabilizedTipPosition":[-16.8375,263.385,47.3746],"timeVisible":5.49545,"tipPosition":[-14.9017,282.047,-12.2041],"tipVelocity":[1.82321,18.692,-122.3],"tool":false,"touchDistance":0.333333,"touchZone":"none","type":3,"width":16.5772},{"bases":[[[0.734437,-0.671643,0.0974582],[0.615876,0.719899,0.320067],[-0.285131,-0.175047,0.942369]],[[0.699177,-0.686667,0.199098],[0.469768,0.231304,-0.851949],[0.538953,0.689193,0.484297]],[[0.699177,-0.686667,0.199098],[-0.432641,-0.628063,-0.646807],[0.569187,0.366094,-0.736207]],[[0.699177,-0.686667,0.199098],[-0.678674,-0.725025,-0.117216],[0.22484,-0.053168,-0.972944]]],"btipPosition":[-2.46496,286.824,-9.93552],"carpPosition":[13.6122,305.59,27.2942],"dipPosition":[1.08902,285.984,-25.3146],"direction":[-0.569187,-0.366094,0.736207],"extended":false,"handId":277,"id":2774,"length":46.32,"mcpPosition":[28.7739,314.898,-22.8157],"pipPosition":[11.298,292.55,-38.5192],"stabilizedTipPosition":[-3.0505,268.249,45.3093],"timeVisible":5.49545,"tipPosition":[-1.5447,286.641,-13.7965],"tipVelocity":[-1.28527,19.298,-141.382],"tool":false,"touchDistance":0.333333,"touchZone":"none","type":4,"width":14.7252}],"r":[[0.903246,-0.312016,0.294607],[0.012112,0.704795,0.709308],[-0.428953,-0.637111,0.640382]],"s":1.17368,"t":[30.3742,110.113,-128.699],"timestamp":3194012148},false],[1,{"currentFrameRate":109.456,"devices":[],"gestures":[],"hands":[{"armBasis":[[0.893086,-0.114742,-0.435008],[0.295907,0.878155,0.375876],[0.338876,-0.464411,0.818221]],"armWidth":58.4334,"confidence":0.733366,"direction":[0.0729016,0.35932,-0.930363],"elbow":[82.7809,190.637,236.759],"grabStrength":0,"id":277,"palmNormal":[-0.296848,-0.882749,-0.364191],"palmPosition":[-5.34623,322.038,-13.0505],"palmVelocity":[-13.2486,11.3701,-139.287],"palmWidth":83.4409,"pinchStrength":0.626895,"r":[[0.903412,-0.308897,0.29737],[0.00776361,0.705208,0.708958],[-0.428703,-0.638172,0.639492]],"s":1.17726,"sphereCenter":[-17.6883,297.155,-43.0373],"sphereRadius":42.2517,"stabilizedPalmPosition":[-3.16626,303.49,49.3928],"t":[30.243,110.14,-129.692],"timeVisible":5.50445,"type":"right","wrist":[-1.12457,305.625,34.1679]}],"id":310750,"interactionBox":{"center":[0,200,0],"size":[235.247,235.247,147.751]},"pointables":[{"bases":[[[0.662872,0.737853,0.127173],[-0.661971,0.49818,0.560009],[0.34985,-0.4554,0.818667]],[[0.51553,0.844975,-0.14229],[-0.73873,0.522421,0.425857],[0.434174,-0.114428,0.893532]],[[0.51553,0.844975,-0.14229],[-0.855565,0.498431,-0.139913],[-0.047301,0.193868,0.979887]],[[0.51553,0.844975,-0.14229],[-0.790783,0.405214,-0.458764],[-0.329986,0.349027,0.877092]]],"btipPosition":[-40.4986,295.355,-55.7778],"carpPosition":[-29.1849,303.669,34.5866],"dipPosition":[-47.5807,302.845,-36.9538],"direction":[0.047301,-0.193868,-0.979887],"extended":false,"handId":277,"id":2770,"length":47.7925,"mcpPosition":[-29.1849,303.669,34.5866],"pipPosition":[-49.0597,308.907,-6.31585],"stabilizedTipPosition":[-49.1097,274.158,24.589],"timeVisible":5.50445,"tipPosition":[-41.9079,296.389,-51.6515],"tipVelocity":[7.35534,5.51927,-138.576],"tool":false,"touchDistance":-0.526542,"touchZone":"hovering","type":0,"width":18.5699},{"bases":[[[0.950861,-0.238099,-0.197919],[0.28051,0.933067,0.225165],[0.13106,-0.269618,0.954007]],[[0.958772,-0.261256,-0.111809],[0.277303,0.946135,0.167128],[0.0621236,-0.191243,0.979575]],[[0.958772,-0.261256,-0.111809],[0.267884,0.962215,0.0487894],[0.0948382,-0.0767299,0.992531]],[[0.958772,-0.261256,-0.111809],[0.257768,0.965165,-0.0448494],[0.119632,0.0141795,0.992717]]],"btipPosition":[-31.3707,347.988,-108.835],"carpPosition":[-16.1045,320.785,31.6746],"dipPosition":[-29.4963,348.21,-93.281],"direction":[-0.0948381,0.0767299,-0.992531],"extended":true,"handId":277,"id":2771,"length":53.9285,"mcpPosition":[-24.9466,338.975,-32.6882],"pipPosition":[-27.3942,346.509,-71.2814],"stabilizedTipPosition":[-39.4492,323.989,-44.7523],"timeVisible":5.50445,"tipPosition":[-30.8605,346.404,-105.32],"tipVelocity":[-0.0634757,47.8206,-142.033],"tool":false,"touchDistance":-0.528801,"touchZone":"hovering","type":1,"width":17.738},{"bases":[[[0.89798,-0.427889,-0.102675],[0.440036,0.873235,0.209353],[0.0000795818,-0.233175,0.972435]],[[0.89796,-0.426337,-0.109109],[0.123029,0.481244,-0.86791],[0.42253,0.765925,0.484589]],[[0.89796,-0.426337,-0.109109],[-0.389058,-0.653199,-0.649589],[0.205674,0.625754,-0.752416]],[[0.89796,-0.426337,-0.109109],[-0.434803,-0.897767,-0.0704305],[-0.0679273,0.110685,-0.991532]]],"btipPosition":[-27.9904,282.565,-17.6277],"carpPosition":[-5.11611,319.727,29.3],"dipPosition":[-29.161,284.473,-34.7147],"direction":[-0.205674,-0.625754,0.752416],"extended":false,"handId":277,"id":2772,"length":61.4471,"mcpPosition":[-5.12121,334.646,-32.916],"pipPosition":[-23.7976,300.791,-54.3355],"stabilizedTipPosition":[-31.3539,266.442,43.0715],"timeVisible":5.50445,"tipPosition":[-28.2503,283.107,-22.1977],"tipVelocity":[5.33654,2.37208,-99.3843],"tool":false,"touchDistance":0.333333,"touchZone":"none","type":2,"width":17.4211},{"bases":[[[0.852461,-0.522142,0.0260581],[0.502846,0.832555,0.232375],[-0.143027,-0.184987,0.972277]],[[0.848086,-0.527153,0.0534789],[0.26245,0.33025,-0.906672],[0.460294,0.782972,0.418432]],[[0.848086,-0.527153,0.0534789],[-0.397103,-0.699175,-0.594528],[0.350799,0.482975,-0.802294]],[[0.848086,-0.527153,0.0534789],[-0.526129,-0.84977,-0.032847],[0.0627602,-0.00027968,-0.998029]]],"btipPosition":[-15.3164,282.108,-7.92332],"carpPosition":[5.31399,315.827,27.5902],"dipPosition":[-14.2411,282.103,-25.0234],"direction":[-0.350799,-0.482975,0.802294],"extended":false,"handId":277,"id":2773,"length":59.0831,"mcpPosition":[13.5299,326.453,-28.2603],"pipPosition":[-5.32956,294.372,-45.4046],"stabilizedTipPosition":[-16.8373,263.387,47.3665],"timeVisible":5.50445,"tipPosition":[-14.9638,282.035,-12.7316],"tipVelocity":[-0.468083,13.2862,-105.032],"tool":false,"touchDistance":0.333333,"touchZone":"none","type":3,"width":16.5772},{"bases":[[[0.735296,-0.670379,0.0996579],[0.614689,0.721572,0.318578],[-0.285479,-0.172991,0.942643]],[[0.700516,-0.685044,0.19998],[0.465621,0.226386,-0.855539],[0.540809,0.692433,0.477558]],[[0.700516,-0.685044,0.19998],[-0.43479,-0.631907,-0.6416],[0.565893,0.362502,-0.740512]],[[0.700516,-0.685044,0.19998],[-0.678002,-0.726315,-0.113044],[0.222689,-0.0563972,-0.973257]]],"btipPosition":[-2.52674,286.842,-10.3148],"carpPosition":[13.499,305.706,26.6289],"dipPosition":[0.993239,285.951,-25.6988],"direction":[-0.565893,-0.362502,0.740512],"extended":false,"handId":277,"id":2774,"length":46.32,"mcpPosition":[28.6792,314.905,-23.4956],"pipPosition":[11.1431,292.452,-38.9807],"stabilizedTipPosition":[-3.05037,268.251,45.3033],"timeVisible":5.50445,"tipPosition":[-1.61541,286.641,-14.2437],"tipVelocity":[-3.05601,14.1784,-114.171],"tool":false,"touchDistance":0.333333,"touchZone":"none","type":4,"width":14.7252}],"r":[[0.903412,-0.308897,0.29737],[0.00776361,0.705208,0.708958],[-0.428703,-0.638172,0.639492]],"s":1.17726,"t":[30.243,110.14,-129.692],"timestamp":3194021147},false],[2,{"currentFrameRate":109.506,"devices":[],"gestures":[],"hands":[{"armBasis":[[0.89446,-0.112414,-0.432787],[0.294321,0.876662,0.380577],[0.336625,-0.467789,0.817225]],"armWidth":58.4334,"confidence":0.685921,"direction":[0.0716601,0.359015,-0.930577],"elbow":[82.124,190.077,235.509],"grabStrength":0,"id":277,"palmNormal":[-0.295684,-0.883391,-0.36358],"palmPosition":[-5.50581,322.286,-14.0579],"palmVelocity":[-14.4611,15.7945,-131.598],"palmWidth":83.4409,"pinchStrength":0.615608,"r":[[0.903673,-0.306082,0.29948],[0.00415817,0.705595,0.708603],[-0.428202,-0.639101,0.6389]],"s":1.18085,"sphereCenter":[-18.2507,297.813,-43.9519],"sphereRadius":42.2388,"stabilizedPalmPosition":[-3.16636,303.491,49.3899],"t":[30.0976,110.278,-130.692],"timeVisible":5.51349,"type":"right","wrist":[-1.2241,305.901,33.1649]}],"id":310751,"interactionBox":{"center":[0,200,0],"size":[235.247,235.247,147.751]},"pointables":[{"bases":[[[0.661772,0.738978,0.126367],[-0.662375,0.497367,0.560256],[0.351166,-0.454464,0.818624]],[[0.514039,0.845749,-0.14308],[-0.738638,0.521251,0.427448],[0.436094,-0.114041,0.892646]],[[0.514039,0.845749,-0.14308],[-0.856414,0.496672,-0.140968],[-0.0481602,0.194999,0.97962]],[[0.514039,0.845749,-0.14308],[-0.790407,0.402241,-0.462017],[-0.333198,0.350586,0.875253]]],"btipPosition":[-40.5868,295.499,-56.6716],"carpPosition":[-29.2809,303.9,33.6045],"dipPosition":[-47.7378,303.024,-37.887],"direction":[0.0481602,-0.194999,-0.97962],"extended":false,"handId":277,"id":2770,"length":47.7925,"mcpPosition":[-29.2809,303.9,33.6045],"pipPosition":[-49.2436,309.121,-7.25738],"stabilizedTipPosition":[-49.109,274.16,24.5813],"timeVisible":5.51349,"tipPosition":[-42.0368,296.579,-52.5695],"tipVelocity":[2.15715,8.64009,-127.896],"tool":false,"touchDistance":-0.515764,"touchZone":"hovering","type":0,"width":18.5699},{"bases":[[[0.951103,-0.236655,-0.198488],[0.279166,0.93362,0.224543],[0.132173,-0.268974,0.954035]],[[0.959011,-0.259237,-0.114427],[0.276198,0.94541,0.172961],[0.0633423,-0.197476,0.978259]],[[0.959011,-0.259237,-0.114427],[0.266692,0.962196,0.0552633],[0.0957748,-0.0835149,0.991893]],[[0.959011,-0.259237,-0.114427],[0.256519,0.965787,-0.0381328],[0.120397,0.00721711,0.9927]]],"btipPosition":[-31.6523,348.7,-109.77],"carpPosition":[-16.2303,321.035,30.6755],"dipPosition":[-29.7659,348.813,-94.216],"direction":[-0.0957748,0.0835149,-0.991893],"extended":true,"handId":277,"id":2771,"length":53.9285,"mcpPosition":[-25.1475,339.182,-33.6893],"pipPosition":[-27.643,346.962,-72.2307],"stabilizedTipPosition":[-39.4291,324.05,-44.9025],"timeVisible":5.51349,"tipPosition":[-31.1427,347.081,-106.264],"tipVelocity":[-8.54701,55.5934,-131.377],"tool":false,"touchDistance":-0.518277,"touchZone":"hovering","type":1,"width":17.738},{"bases":[[[0.898596,-0.426488,-0.103121],[0.438776,0.874038,0.208644],[0.00114747,-0.232734,0.97254]],[[0.898573,-0.42508,-0.10897],[0.117647,0.472589,-0.873395],[0.422761,0.771989,0.474665]],[[0.898573,-0.42508,-0.10897],[-0.390185,-0.660315,-0.64167],[0.200806,0.619105,-0.759201]],[[0.898573,-0.42508,-0.10897],[-0.433096,-0.899058,-0.0642038],[-0.0706787,0.104886,-0.991969]]],"btipPosition":[-28.0203,282.81,-18.0178],"carpPosition":[-5.24183,319.995,28.2935],"dipPosition":[-29.2383,284.617,-35.1123],"direction":[-0.200806,-0.619105,0.759201],"extended":false,"handId":277,"id":2772,"length":61.4471,"mcpPosition":[-5.31525,334.885,-33.9292],"pipPosition":[-24.0019,300.762,-54.9101],"stabilizedTipPosition":[-31.3538,266.442,43.0693],"timeVisible":5.51349,"tipPosition":[-28.3115,283.321,-22.7238],"tipVelocity":[2.621,8.47392,-83.9293],"tool":false,"touchDistance":0.333333,"touchZone":"none","type":2,"width":17.4211},{"bases":[[[0.85332,-0.520755,0.025687],[0.501668,0.83347,0.23164],[-0.142037,-0.184776,0.972462]],[[0.848912,-0.525823,0.053465],[0.26019,0.327714,-0.908243],[0.460053,0.784929,0.415014]],[[0.848912,-0.525823,0.053465],[-0.397133,-0.701338,-0.591955],[0.34876,0.481285,-0.804196]],[[0.848912,-0.525823,0.053465],[-0.524913,-0.850592,-0.0309596],[0.0617562,-0.0017825,-0.99809]]],"btipPosition":[-15.4152,282.368,-8.75672],"carpPosition":[5.19333,316.11,26.578],"dipPosition":[-14.357,282.337,-25.8578],"direction":[-0.34876,-0.481285,0.804196],"extended":false,"handId":277,"id":2773,"length":59.0831,"mcpPosition":[13.3524,326.724,-29.2831],"pipPosition":[-5.49726,294.564,-46.2874],"stabilizedTipPosition":[-16.8371,263.389,47.3599],"timeVisible":5.51349,"tipPosition":[-15.0693,282.286,-13.5724],"tipVelocity":[-3.46927,17.367,-101.491],"tool":false,"touchDistance":0.333333,"touchZone":"none","type":3,"width":16.5772},{"bases":[[[0.736446,-0.669148,0.0994373],[0.613751,0.722706,0.317814],[-0.284528,-0.173023,0.942924]],[[0.702131,-0.68372,0.198843],[0.461882,0.224798,-0.857981],[0.541919,0.694257,0.473636]],[[0.702131,-0.68372,0.198843],[-0.436373,-0.633846,-0.638606],[0.562664,0.361616,-0.7434]],[[0.702131,-0.68372,0.198843],[-0.677146,-0.727509,-0.110474],[0.220193,-0.0570786,-0.973785]]],"btipPosition":[-2.62093,287.108,-11.1558],"carpPosition":[13.394,306.003,25.6155],"dipPosition":[0.859596,286.205,-26.5482],"direction":[-0.562664,-0.361616,0.7434],"extended":false,"handId":277,"id":2774,"length":46.32,"mcpPosition":[28.5236,315.203,-24.5239],"pipPosition":[10.9516,292.691,-39.8819],"stabilizedTipPosition":[-3.05027,268.253,45.2984],"timeVisible":5.51349,"tipPosition":[-1.7233,286.901,-15.1205],"tipVelocity":[-5.36181,18.2915,-108.394],"tool":false,"touchDistance":0.333333,"touchZone":"none","type":4,"width":14.7252}],"r":[[0.903673,-0.306082,0.29948],[0.00415817,0.705595,0.708603],[-0.428202,-0.639101,0.6389]],"s":1.18085,"t":[30.0976,110.278,-130.692],"timestamp":3194030190},false],[3,{"currentFrameRate":109.368,"devices":[],"gestures":[],"hands":[{"armBasis":[[0.895903,-0.114121,-0.429341],[0.293406,0.877669,0.378959],[0.333572,-0.465482,0.819791]],"armWidth":58.4334,"confidence":0.692106,"direction":[0.071498,0.354792,-0.932207],"elbow":[81.1336,190.965,234.7],"grabStrength":0,"id":277,"palmNormal":[-0.294965,-0.885278,-0.359554],"palmPosition":[-5.7471,322.381,-15.577],"palmVelocity":[-17.6587,14.1981,-140.187],"palmWidth":83.4409,"pinchStrength":0.612896,"r":[[0.903912,-0.303415,0.301468],[0.00114854,0.706547,0.707665],[-0.427718,-0.63932,0.639005]],"s":1.18438,"sphereCenter":[-18.9828,298.286,-45.2739],"sphereRadius":42.2217,"stabilizedPalmPosition":[-3.16646,303.491,49.3874],"t":[29.9042,110.394,-131.951],"timeVisible":5.52288,"type":"right","wrist":[-1.45856,306.217,31.7211]}],"id":310752,"interactionBox":{"center":[0,200,0],"size":[235.247,235.247,147.751]},"pointables":[{"bases":[[[0.661192,0.740057,0.12305],[-0.662822,0.499428,0.557888],[0.351414,-0.450431,0.820744]],[[0.512921,0.845645,-0.147634],[-0.739005,0.522488,0.425297],[0.436788,-0.109042,0.892931]],[[0.512921,0.845645,-0.147634],[-0.856904,0.494107,-0.146882],[-0.0512628,0.201847,0.978075]],[[0.512921,0.845645,-0.147634],[-0.788528,0.396152,-0.470411],[-0.339316,0.357698,0.87001]]],"btipPosition":[-40.6232,295.2,-57.9617],"carpPosition":[-29.5139,304.197,32.1665],"dipPosition":[-47.9055,302.877,-39.2897],"direction":[0.0512628,-0.201847,-0.978075],"extended":false,"handId":277,"id":2770,"length":47.7925,"mcpPosition":[-29.5139,304.197,32.1665],"pipPosition":[-49.5084,309.188,-8.7084],"stabilizedTipPosition":[-49.1085,274.161,24.5759],"timeVisible":5.52288,"tipPosition":[-42.1729,296.419,-53.8986],"tipVelocity":[-0.476002,-1.81842,-131.384],"tool":false,"touchDistance":-0.512261,"touchZone":"hovering","type":0,"width":18.5699},{"bases":[[[0.951307,-0.236837,-0.197288],[0.278425,0.934855,0.220285],[0.132264,-0.264489,0.955276]],[[0.959111,-0.258481,-0.115296],[0.275783,0.945088,0.175365],[0.0636366,-0.199991,0.977729]],[[0.959111,-0.258481,-0.115296],[0.266358,0.962074,0.0588848],[0.095703,-0.0871872,0.991584]],[[0.959111,-0.258481,-0.115296],[0.256282,0.966012,-0.0337629],[0.120105,0.00283393,0.992757]]],"btipPosition":[-31.9095,348.94,-111.342],"carpPosition":[-16.476,321.328,29.1604],"dipPosition":[-30.0277,348.984,-95.7871],"direction":[-0.095703,0.0871872,-0.991584],"extended":true,"handId":277,"id":2771,"length":53.9285,"mcpPosition":[-25.3993,339.172,-35.288],"pipPosition":[-27.9064,347.052,-73.8086],"stabilizedTipPosition":[-39.4113,324.105,-45.0432],"timeVisible":5.52288,"tipPosition":[-31.407,347.29,-107.839],"tipVelocity":[-13.9433,46.5501,-141.625],"tool":false,"touchDistance":-0.518359,"touchZone":"hovering","type":1,"width":17.738},{"bases":[[[0.898934,-0.42627,-0.101056],[0.438083,0.875323,0.204679],[0.00120806,-0.228264,0.973599]],[[0.898913,-0.424996,-0.106457],[0.115137,0.46359,-0.878537],[0.422728,0.777472,0.46566]],[[0.898913,-0.424996,-0.106457],[-0.390534,-0.667117,-0.63438],[0.19859,0.611828,-0.765656]],[[0.898913,-0.424996,-0.106457],[-0.432241,-0.899954,-0.0570158],[-0.0715747,0.0972672,-0.992681]]],"btipPosition":[-28.1941,282.893,-19.0159],"carpPosition":[-5.48648,320.285,26.7845],"dipPosition":[-29.4276,284.569,-36.1227],"direction":[-0.19859,-0.611828,0.765656],"extended":false,"handId":277,"id":2772,"length":61.4471,"mcpPosition":[-5.56377,334.889,-35.506],"pipPosition":[-24.2489,300.524,-56.0888],"stabilizedTipPosition":[-31.3538,266.443,43.0677],"timeVisible":5.52288,"tipPosition":[-28.4986,283.362,-23.7778],"tipVelocity":[-3.501,7.66557,-90.3802],"tool":false,"touchDistance":0.333333,"touchZone":"none","type":2,"width":17.4211},{"bases":[[[0.853714,-0.519979,0.0281783],[0.501003,0.834908,0.227868],[-0.142013,-0.180417,0.973284]],[[0.849199,-0.525029,0.0566091],[0.256459,0.31633,-0.913326],[0.461616,0.790114,0.403276]],[[0.849199,-0.525029,0.0566091],[-0.399029,-0.708201,-0.582433],[0.345885,0.472013,-0.810905]],[[0.849199,-0.525029,0.0566091],[-0.524625,-0.851023,-0.0229814],[0.0602415,-0.0101827,-0.998132]]],"btipPosition":[-15.623,282.575,-9.64173],"carpPosition":[4.95186,316.401,25.0881],"dipPosition":[-14.5909,282.401,-26.7436],"direction":[-0.345885,-0.472013,0.810905],"extended":false,"handId":277,"id":2773,"length":59.0831,"mcpPosition":[13.1095,326.764,-30.8202],"pipPosition":[-5.80413,294.391,-47.3435],"stabilizedTipPosition":[-16.8369,263.391,47.3539],"timeVisible":5.52288,"tipPosition":[-15.289,282.441,-14.5346],"tipVelocity":[-8.96331,17.6993,-99.4349],"tool":false,"touchDistance":0.333333,"touchZone":"none","type":3,"width":16.5772},{"bases":[[[0.736946,-0.668121,0.102596],[0.61316,0.724627,0.314563],[-0.28451,-0.168908,0.943676]],[[0.703045,-0.68215,0.200995],[0.459374,0.21987,-0.8606],[0.542866,0.697372,0.467941]],[[0.703045,-0.68215,0.200995],[-0.437416,-0.637649,-0.634091],[0.560709,0.357876,-0.746679]],[[0.703045,-0.68215,0.200995],[-0.676606,-0.728639,-0.106253],[0.218933,-0.0612936,-0.973813]]],"btipPosition":[-2.83128,287.214,-12.3944],"carpPosition":[13.1604,306.295,24.1729],"dipPosition":[0.629328,286.245,-27.7872],"direction":[-0.560709,-0.357876,0.746679],"extended":false,"handId":277,"id":2774,"length":46.32,"mcpPosition":[28.289,315.277,-26.0064],"pipPosition":[10.6862,292.664,-41.1797],"stabilizedTipPosition":[-3.0502,268.254,45.2943],"timeVisible":5.52288,"tipPosition":[-1.94172,286.993,-16.3818],"tipVelocity":[-10.3502,15.8448,-115.087],"tool":false,"touchDistance":0.333333,"touchZone":"none","type":4,"width":14.7252}],"r":[[0.903912,-0.303415,0.301468],[0.00114854,0.706547,0.707665],[-0.427718,-0.63932,0.639005]],"s":1.18438,"t":[29.9042,110.394,-131.951],"timestamp":3194039580},false],[4,{"currentFrameRate":109.465,"devices":[],"gestures":[],"hands":[{"armBasis":[[0.895881,-0.116392,-0.428778],[0.294182,0.878613,0.376159],[0.332949,-0.463132,0.821373]],"armWidth":58.4334,"confidence":0.694297,"direction":[0.0721023,0.348665,-0.93447],"elbow":[80.7811,191.715,234.134],"grabStrength":0,"id":277,"palmNormal":[-0.295994,-0.887221,-0.353874],"palmPosition":[-5.91681,322.249,-16.6398],"palmVelocity":[-18.0089,6.27952,-134.283],"palmWidth":83.4409,"pinchStrength":0.612224,"r":[[0.904008,-0.301111,0.303483],[-0.00111166,0.708217,0.705994],[-0.427514,-0.638561,0.6399]],"s":1.18736,"sphereCenter":[-19.6475,298.453,-46.1007],"sphereRadius":42.1921,"stabilizedPalmPosition":[-3.16654,303.492,49.3854],"t":[29.7227,110.386,-133.113],"timeVisible":5.53184,"type":"right","wrist":[-1.65667,306.386,30.7626]}],"id":310753,"interactionBox":{"center":[0,200,0],"size":[235.247,235.247,147.751]},"pointables":[{"bases":[[[0.662084,0.740021,0.118382],[-0.662304,0.503844,0.554522],[0.350711,-0.445545,0.823706]],[[0.513157,0.844319,-0.154258],[-0.738887,0.526019,0.42113],[0.436711,-0.102127,0.893786]],[[0.513157,0.844319,-0.154258],[-0.856501,0.492131,-0.155608],[-0.0554676,0.211974,0.9757]],[[0.513157,0.844319,-0.154258],[-0.784033,0.387996,-0.484511],[-0.34923,0.369574,0.861077]]],"btipPosition":[-40.4761,294.519,-58.6855],"carpPosition":[-29.7146,304.403,31.2159],"dipPosition":[-47.9712,302.45,-40.2052],"direction":[0.0554676,-0.211974,-0.9757],"extended":false,"handId":277,"id":2770,"length":47.7925,"mcpPosition":[-29.7146,304.403,31.2159],"pipPosition":[-49.7055,309.078,-9.69813],"stabilizedTipPosition":[-49.1082,274.163,24.5716],"timeVisible":5.53184,"tipPosition":[-42.1933,295.955,-54.6843],"tipVelocity":[2.65093,-20.3397,-118.883],"tool":false,"touchDistance":-0.500886,"touchZone":"hovering","type":0,"width":18.5699},{"bases":[[[0.951049,-0.239282,-0.195575],[0.279541,0.935916,0.214284],[0.131767,-0.258466,0.956992]],[[0.958705,-0.259913,-0.115456],[0.277183,0.944798,0.174718],[0.0636716,-0.199505,0.977826]],[[0.958705,-0.259913,-0.115456],[0.267814,0.961666,0.0589413],[0.095711,-0.0874281,0.991562]],[[0.958705,-0.259913,-0.115456],[0.257779,0.96563,-0.0333019],[0.120144,0.00216445,0.992754]]],"btipPosition":[-32.0571,348.701,-112.52],"carpPosition":[-16.655,321.499,28.1014],"dipPosition":[-30.1747,348.734,-96.9651],"direction":[-0.095711,0.0874281,-0.991562],"extended":true,"handId":277,"id":2771,"length":53.9285,"mcpPosition":[-25.5447,338.936,-36.4627],"pipPosition":[-28.0533,346.797,-74.9871],"stabilizedTipPosition":[-39.3986,324.145,-45.1473],"timeVisible":5.53184,"tipPosition":[-31.5548,347.053,-109.016],"tipVelocity":[-14.6309,26.4422,-138.844],"tool":false,"touchDistance":-0.512526,"touchZone":"hovering","type":1,"width":17.738},{"bases":[[[0.898424,-0.428024,-0.0981288],[0.439127,0.876087,0.199094],[0.000752624,-0.221962,0.975055]],[[0.89841,-0.426922,-0.102946],[0.113187,0.451596,-0.885014],[0.424321,0.783453,0.45404]],[[0.89841,-0.426922,-0.102946],[-0.392357,-0.675,-0.624845],[0.197271,0.601758,-0.773932]],[[0.89841,-0.426922,-0.102946],[-0.433146,-0.900076,-0.047406],[-0.0724203,0.0871805,-0.993557]]],"btipPosition":[-28.3663,282.803,-19.4147],"carpPosition":[-5.66633,320.427,25.7344],"dipPosition":[-29.6143,284.306,-36.5365],"direction":[-0.197271,-0.601758,0.773932],"extended":false,"handId":277,"id":2772,"length":61.4471,"mcpPosition":[-5.71448,334.628,-36.6493],"pipPosition":[-24.4701,299.998,-56.7185],"stabilizedTipPosition":[-31.3537,266.443,43.0665],"timeVisible":5.53184,"tipPosition":[-28.6852,283.218,-24.2517],"tipVelocity":[-7.90258,1.61435,-77.9354],"tool":false,"touchDistance":0.333333,"touchZone":"none","type":2,"width":17.4211},{"bases":[[[0.853066,-0.520839,0.0317007],[0.501994,0.835746,0.222555],[-0.142409,-0.173941,0.974405]],[[0.848451,-0.525784,0.0606828],[0.255457,0.306395,-0.916986],[0.463544,0.793519,0.394276]],[[0.848451,-0.525784,0.0606828],[-0.400968,-0.713369,-0.574743],[0.34548,0.463309,-0.816081]],[[0.848451,-0.525784,0.0606828],[-0.525894,-0.85041,-0.015438],[0.0597223,-0.0188144,-0.998038]]],"btipPosition":[-15.8445,282.55,-10.2305],"carpPosition":[4.76751,316.519,24.0651],"dipPosition":[-14.8212,282.228,-27.3307],"direction":[-0.34548,-0.463309,0.816081],"extended":false,"handId":277,"id":2773,"length":59.0831,"mcpPosition":[12.9479,326.51,-31.9076],"pipPosition":[-6.04474,293.998,-48.0621],"stabilizedTipPosition":[-16.8368,263.393,47.349],"timeVisible":5.53184,"tipPosition":[-15.5171,282.368,-15.1339],"tipVelocity":[-13.3341,11.0656,-90.1949],"tool":false,"touchDistance":0.333333,"touchZone":"none","type":3,"width":16.5772},{"bases":[[[0.736101,-0.668352,0.107053],[0.613999,0.72589,0.309983],[-0.284886,-0.162448,0.944696]],[[0.702517,-0.681613,0.20463],[0.4578,0.212681,-0.863242],[0.544876,0.700121,0.461455]],[[0.702517,-0.681613,0.20463],[-0.439364,-0.641595,-0.628741],[0.559848,0.351794,-0.750208]],[[0.702517,-0.681613,0.20463],[-0.677488,-0.728573,-0.100954],[0.2179,-0.0677131,-0.973619]]],"btipPosition":[-3.04134,287.094,-13.1342],"carpPosition":[12.9637,306.397,23.2169],"dipPosition":[0.402942,286.024,-28.5239],"direction":[-0.559848,-0.351794,0.750208],"extended":false,"handId":277,"id":2774,"length":46.32,"mcpPosition":[28.1123,315.035,-27.0167],"pipPosition":[10.4444,292.333,-41.9797],"stabilizedTipPosition":[-3.05016,268.255,45.2912],"timeVisible":5.53184,"tipPosition":[-2.15859,286.849,-17.1367],"tipVelocity":[-14.0461,7.1326,-106.166],"tool":false,"touchDistance":0.333333,"touchZone":"none","type":4,"width":14.7252}],"r":[[0.904008,-0.301111,0.303483],[-0.00111166,0.708217,0.705994],[-0.427514,-0.638561,0.6399]],"s":1.18736,"t":[29.7227,110.386,-133.113],"timestamp":3194048541},false],[5,{"currentFrameRate":109.55,"devices":[],"gestures":[],"hands":[{"armBasis":[[0.896003,-0.118672,-0.427896],[0.294751,0.879669,0.373234],[0.332115,-0.460542,0.823165]],"armWidth":58.4334,"confidence":0.634956,"direction":[0.0735363,0.346767,-0.935064],"elbow":[80.2999,192.442,233.603],"grabStrength":0,"id":277,"palmNormal":[-0.296463,-0.887617,-0.352486],"palmPosition":[-6.12059,322.246,-17.6504],"palmVelocity":[-19.2941,4.45647,-128.336],"palmWidth":83.4409,"pinchStrength":0.605773,"r":[[0.90395,-0.299324,0.305418],[-0.00294379,0.709823,0.704374],[-0.427629,-0.637617,0.640763]],"s":1.19028,"sphereCenter":[-20.3065,298.906,-46.9984],"sphereRadius":42.1865,"stabilizedPalmPosition":[-3.16661,303.492,49.3839],"t":[29.53,110.381,-134.198],"timeVisible":5.54082,"type":"right","wrist":[-1.93139,306.471,29.7878]}],"id":310754,"interactionBox":{"center":[0,200,0],"size":[235.247,235.247,147.751]},"pointables":[{"bases":[[[0.66268,0.739594,0.117709],[-0.662448,0.505583,0.552764],[0.349309,-0.444282,0.824983]],[[0.513232,0.843819,-0.156723],[-0.73923,0.527401,0.418792],[0.436041,-0.0990829,0.894456]],[[0.513232,0.843819,-0.156723],[-0.856238,0.490921,-0.160792],[-0.0587409,0.216716,0.974466]],[[0.513232,0.843819,-0.156723],[-0.780037,0.382455,-0.495247],[-0.35796,0.376427,0.854499]]],"btipPosition":[-40.4329,294.198,-59.54],"carpPosition":[-29.9918,304.517,30.2123],"dipPosition":[-48.1154,302.277,-41.2008],"direction":[0.0587409,-0.216716,-0.974466],"extended":false,"handId":277,"id":2770,"length":47.7925,"mcpPosition":[-29.9918,304.517,30.2123],"pipPosition":[-49.952,309.053,-10.7324],"stabilizedTipPosition":[-49.1078,274.164,24.5677],"timeVisible":5.54082,"tipPosition":[-42.2615,295.794,-55.5868],"tipVelocity":[1.92749,-23.5294,-113.382],"tool":false,"touchDistance":-0.492436,"touchZone":"hovering","type":0,"width":18.5699},{"bases":[[[0.951038,-0.240606,-0.193998],[0.28022,0.936056,0.212782],[0.130396,-0.256726,0.957647]],[[0.958467,-0.260575,-0.115937],[0.278242,0.943593,0.179482],[0.0626287,-0.204286,0.976906]],[[0.958467,-0.260575,-0.115937],[0.269104,0.960915,0.0650048],[0.0944668,-0.093504,0.991127]],[[0.958467,-0.260575,-0.115937],[0.259274,0.965442,-0.0264342],[0.118818,-0.00472309,0.992905]]],"btipPosition":[-32.1318,349.109,-113.542],"carpPosition":[-16.9116,321.594,27.0797],"dipPosition":[-30.2701,349.035,-97.9852],"direction":[-0.0944668,0.093504,-0.991127],"extended":true,"handId":277,"id":2771,"length":53.9285,"mcpPosition":[-25.7088,338.914,-37.5288],"pipPosition":[-28.1763,346.962,-76.0169],"stabilizedTipPosition":[-39.3885,324.178,-45.2324],"timeVisible":5.54082,"tipPosition":[-31.6411,347.425,-110.045],"tipVelocity":[-13.047,30.9002,-131.993],"tool":false,"touchDistance":-0.504936,"touchZone":"hovering","type":1,"width":17.738},{"bases":[[[0.898113,-0.429105,-0.0962453],[0.439765,0.876039,0.197895],[-0.000602889,-0.220057,0.975487]],[[0.898106,-0.428123,-0.100578],[0.11068,0.441378,-0.890469],[0.425623,0.788604,0.443789]],[[0.898106,-0.428123,-0.100578],[-0.393953,-0.681554,-0.616673],[0.195463,0.593461,-0.780768]],[[0.898106,-0.428123,-0.100578],[-0.433671,-0.900144,-0.0408747],[-0.0730348,0.0803274,-0.994089]]],"btipPosition":[-28.5343,282.868,-19.8086],"carpPosition":[-5.92124,320.506,24.7275],"dipPosition":[-29.7929,284.252,-36.9396],"direction":[-0.195463,-0.593461,0.780768],"extended":false,"handId":277,"id":2772,"length":61.4471,"mcpPosition":[-5.88267,334.585,-37.6837],"pipPosition":[-24.6958,299.728,-57.2998],"stabilizedTipPosition":[-31.3537,266.443,43.0654],"timeVisible":5.54082,"tipPosition":[-28.8708,283.243,-24.7483],"tipVelocity":[-10.938,2.29968,-68.669],"tool":false,"touchDistance":0.333333,"touchZone":"none","type":2,"width":17.4211},{"bases":[[[0.852511,-0.521621,0.0337122],[0.502564,0.835681,0.221508],[-0.143716,-0.171896,0.974576]],[[0.847761,-0.526594,0.0632511],[0.255498,0.300968,-0.91877],[0.464782,0.795058,0.389693]],[[0.847761,-0.526594,0.0632511],[-0.402031,-0.715807,-0.570956],[0.345938,0.458605,-0.818541]],[[0.847761,-0.526594,0.0632511],[-0.526938,-0.849812,-0.0124748],[0.0603207,-0.0227537,-0.99792]]],"btipPosition":[-16.0989,282.622,-10.9791],"carpPosition":[4.51064,316.584,23.0781],"dipPosition":[-15.0654,282.233,-28.0773],"direction":[-0.345938,-0.458605,0.818541],"extended":false,"handId":277,"id":2773,"length":59.0831,"mcpPosition":[12.7661,326.458,-32.9045],"pipPosition":[-6.27727,293.883,-48.8712],"stabilizedTipPosition":[-16.8368,263.394,47.3443],"timeVisible":5.54082,"tipPosition":[-15.7715,282.415,-15.8906],"tipVelocity":[-17.3732,9.75978,-88.3171],"tool":false,"touchDistance":0.333333,"touchZone":"none","type":3,"width":16.5772},{"bases":[[[0.735312,-0.668871,0.109216],[0.614358,0.725885,0.309281],[-0.286147,-0.16032,0.944678]],[[0.702054,-0.681795,0.205613],[0.457085,0.210024,-0.86427],[0.546071,0.700747,0.459087]],[[0.702054,-0.681795,0.205613],[-0.440448,-0.642608,-0.626946],[0.559577,0.349588,-0.75144]],[[0.702054,-0.681795,0.205613],[-0.678044,-0.728238,-0.0996306],[0.217663,-0.0694685,-0.973549]]],"btipPosition":[-3.27037,287.084,-13.9932],"carpPosition":[12.6977,306.453,22.2591],"dipPosition":[0.17016,285.986,-29.3818],"direction":[-0.559577,-0.349588,0.75144],"extended":false,"handId":277,"id":2774,"length":46.32,"mcpPosition":[27.9134,314.978,-27.9735],"pipPosition":[10.2068,292.256,-42.8597],"stabilizedTipPosition":[-3.05014,268.256,45.2886],"timeVisible":5.54082,"tipPosition":[-2.39443,286.835,-18.0064],"tipVelocity":[-17.2144,4.66908,-103.288],"tool":false,"touchDistance":0.333333,"touchZone":"none","type":4,"width":14.7252}],"r":[[0.90395,-0.299324,0.305418],[-0.00294379,0.709823,0.704374],[-0.427629,-0.637617,0.640763]],"s":1.19028,"t":[29.53,110.381,-134.198],"timestamp":3194057518},false],[6,{"currentFrameRate":109.534,"devices":[],"gestures":[],"hands":[{"armBasis":[[0.896007,-0.120763,-0.427302],[0.295974,0.879789,0.371982],[0.331014,-0.459769,0.82404]],"armWidth":58.4334,"confidence":0.642998,"direction":[0.0745435,0.344524,-0.935813],"elbow":[79.8771,192.64,233.15],"grabStrength":0,"id":277,"palmNormal":[-0.297762,-0.887924,-0.350612],"palmPosition":[-6.22274,322.152,-18.3572],"palmVelocity":[-17.0265,0.357359,-114.085],"palmWidth":83.4409,"pinchStrength":0.59884,"r":[[0.903772,-0.298051,0.307183],[-0.0042408,0.711424,0.70275],[-0.427993,-0.636429,0.641701]],"s":1.19312,"sphereCenter":[-20.8831,299.24,-47.5926],"sphereRadius":42.1933,"stabilizedPalmPosition":[-3.16667,303.493,49.3825],"t":[29.3826,110.331,-135.095],"timeVisible":5.54997,"type":"right","wrist":[-2.08165,306.478,29.1186]}],"id":310755,"interactionBox":{"center":[0,200,0],"size":[235.247,235.247,147.751]},"pointables":[{"bases":[[[0.663844,0.738766,0.116343],[-0.661871,0.507926,0.551305],[0.348192,-0.442985,0.826152]],[[0.514162,0.842789,-0.159196],[-0.738516,0.529413,0.417513],[0.436156,-0.0971003,0.894617]],[[0.514162,0.842789,-0.159196],[-0.855525,0.490763,-0.165011],[-0.060942,0.221039,0.973359]],[[0.514162,0.842789,-0.159196],[-0.77733,0.379445,-0.501777],[-0.362486,0.381743,0.850221]]],"btipPosition":[-40.4258,293.912,-60.099],"carpPosition":[-30.1454,304.571,29.5343],"dipPosition":[-48.2055,302.105,-41.8516],"direction":[0.060942,-0.221039,-0.973359],"extended":false,"handId":277,"id":2770,"length":47.7925,"mcpPosition":[-30.1454,304.571,29.5343],"pipPosition":[-50.1109,309.016,-11.4178],"stabilizedTipPosition":[-49.1075,274.165,24.5635],"timeVisible":5.54997,"tipPosition":[-42.3149,295.605,-56.1776],"tipVelocity":[0.925876,-24.8758,-99.4413],"tool":false,"touchDistance":-0.480227,"touchZone":"hovering","type":0,"width":18.5699},{"bases":[[[0.95073,-0.242613,-0.193005],[0.281664,0.936073,0.210791],[0.129526,-0.254768,0.958288]],[[0.957967,-0.261873,-0.117143],[0.280051,0.942212,0.183871],[0.0622228,-0.208949,0.975945]],[[0.957967,-0.261873,-0.117143],[0.271062,0.959964,0.0706784],[0.0939445,-0.0994606,0.990597]],[[0.957967,-0.261873,-0.117143],[0.261364,0.965034,-0.0199636],[0.118275,-0.0114926,0.992914]]],"btipPosition":[-32.1611,349.424,-114.246],"carpPosition":[-17.0356,321.619,26.3691],"dipPosition":[-30.3079,349.244,-98.6894],"direction":[-0.0939445,0.0994606,-0.990597],"extended":true,"handId":277,"id":2771,"length":53.9285,"mcpPosition":[-25.7742,338.807,-38.2825],"pipPosition":[-28.2257,347.039,-76.7328],"stabilizedTipPosition":[-39.3799,324.207,-45.306],"timeVisible":5.54997,"tipPosition":[-31.678,347.707,-110.757],"tipVelocity":[-10.3629,31.1334,-116.646],"tool":false,"touchDistance":-0.49334,"touchZone":"hovering","type":1,"width":17.738},{"bases":[[[0.897449,-0.430801,-0.0948504],[0.441117,0.87576,0.196114],[-0.00142011,-0.217843,0.975983]],[[0.897447,-0.429901,-0.0988656],[0.108361,0.432103,-0.89529],[0.427606,0.792762,0.434374]],[[0.897447,-0.429901,-0.0988656],[-0.396221,-0.687073,-0.609048],[0.193903,0.585761,-0.786947]],[[0.897447,-0.429901,-0.0988656],[-0.43485,-0.899841,-0.0345164],[-0.0741247,0.0739684,-0.994502]]],"btipPosition":[-28.635,282.854,-19.9589],"carpPosition":[-6.046,320.508,24.0246],"dipPosition":[-29.9124,284.129,-37.097],"direction":[-0.193903,-0.585761,0.786947],"extended":false,"handId":277,"id":2772,"length":61.4471,"mcpPosition":[-5.95514,334.445,-38.4184],"pipPosition":[-24.8559,299.404,-57.6183],"stabilizedTipPosition":[-31.3536,266.444,43.0643],"timeVisible":5.54997,"tipPosition":[-28.9888,283.192,-24.9651],"tipVelocity":[-11.0856,0.489755,-54.1574],"tool":false,"touchDistance":0.333333,"touchZone":"none","type":2,"width":17.4211},{"bases":[[[0.851634,-0.522947,0.0352951],[0.503838,0.835352,0.219849],[-0.144453,-0.169448,0.974895]],[[0.84682,-0.527883,0.0650781],[0.25595,0.297187,-0.919875],[0.466246,0.795626,0.386775]],[[0.84682,-0.527883,0.0650781],[-0.403278,-0.717023,-0.568546],[0.346788,0.455212,-0.820073]],[[0.84682,-0.527883,0.0650781],[-0.528409,-0.848928,-0.010248],[0.0606564,-0.0257096,-0.997828]]],"btipPosition":[-16.2743,282.576,-11.5297],"carpPosition":[4.38017,316.565,22.3889],"dipPosition":[-15.235,282.136,-28.6263],"direction":[-0.346788,-0.455212,0.820073],"extended":false,"handId":277,"id":2773,"length":59.0831,"mcpPosition":[12.678,326.299,-33.612],"pipPosition":[-6.42534,293.7,-49.4592],"stabilizedTipPosition":[-16.8367,263.395,47.3398],"timeVisible":5.54997,"tipPosition":[-15.947,282.355,-16.4273],"tipVelocity":[-17.8304,5.28412,-80.4519],"tool":false,"touchDistance":0.333333,"touchZone":"none","type":3,"width":16.5772},{"bases":[[[0.734157,-0.669832,0.111078],[0.61541,0.725572,0.307922],[-0.286851,-0.157705,0.944905]],[[0.7012,-0.682392,0.206543],[0.456439,0.207111,-0.865314],[0.547706,0.701032,0.456697]],[[0.7012,-0.682392,0.206543],[-0.441932,-0.643331,-0.625158],[0.559478,0.347083,-0.752674]],[[0.7012,-0.682392,0.206543],[-0.679078,-0.727483,-0.0980887],[0.217191,-0.0714788,-0.973508]]],"btipPosition":[-3.42356,286.978,-14.5686],"carpPosition":[12.5509,306.419,21.5968],"dipPosition":[0.00951928,285.848,-29.9565],"direction":[-0.559478,-0.347083,0.752674],"extended":false,"handId":277,"id":2774,"length":46.32,"mcpPosition":[27.8041,314.805,-28.6479],"pipPosition":[10.0444,292.073,-43.4565],"stabilizedTipPosition":[-3.05012,268.256,45.2862],"timeVisible":5.54997,"tipPosition":[-2.55376,286.726,-18.5848],"tipVelocity":[-17.1313,-0.0770537,-92.0118],"tool":false,"touchDist