{"sensorType":"Leap","data":[[0,{"currentFrameRate":109.012,"devices":[],"gestures":[],"hands":[{"armBasis":[[0.92102,0.117289,-0.371437],[0.11026,0.83608,0.537413],[0.373583,-0.535923,0.757114]],"armWidth":58.4334,"confidence":0.619413,"direction":[-0.0137508,0.474343,-0.880232],"elbow":[58.9461,153.438,215.749],"grabStrength":0,"id":252,"palmNormal":[-0.109522,-0.875734,-0.470208],"palmPosition":[-41.6152,306.781,-16.7166],"palmVelocity":[18.981,27.7611,-200.681],"palmWidth":83.4409,"pinchStrength":0.506569,"r":[[0.752618,-0.349994,0.557737],[0.395824,0.917386,0.0415523],[-0.526203,0.189492,0.828977]],"s":1.04262,"sphereCenter":[-55.2911,284.992,-49.0528],"sphereRadius":42.8631,"stabilizedPalmPosition":[-88.3936,263.397,193.836],"t":[67.1419,62.8417,-261.162],"timeVisible":0.496769,"type":"right","wrist":[-33.5527,286.132,28.2878]}],"id":284543,"interactionBox":{"center":[0,200,0],"size":[235.247,235.247,147.751]},"pointables":[{"bases":[[[0.495214,0.839648,0.223054],[-0.74553,0.278903,0.605308],[0.446036,-0.466051,0.7641]],[[0.366385,0.930187,0.0226651],[-0.806904,0.305508,0.50554],[0.463322,-0.203511,0.862505]],[[0.366385,0.930187,0.0226651],[-0.929739,0.366953,-0.0305291],[-0.0367148,-0.00988723,0.999277]],[[0.366385,0.930187,0.0226651],[-0.869838,0.35106,-0.346611],[-0.33037,0.107278,0.937735]]],"btipPosition":[-73.5482,285.645,-62.7858],"carpPosition":[-60.5774,278.322,28.0661],"dipPosition":[-80.6385,287.947,-42.6603],"direction":[0.0367148,0.00988723,-0.999277],"extended":false,"handId":252,"id":2520,"length":47.7925,"mcpPosition":[-60.5774,278.322,28.0661],"pipPosition":[-81.7865,287.638,-11.4161],"stabilizedTipPosition":[-128.103,241.962,158.602],"timeVisible":0.496769,"tipPosition":[-75.3081,285.621,-58.2947],"tipVelocity":[55.5748,61.903,-203.845],"tool":false,"touchDistance":-0.62437,"touchZone":"hovering","type":0,"width":18.5699},{"bases":[[[0.977471,-0.00901872,-0.210877],[0.0815446,0.93765,0.337879],[0.194682,-0.347463,0.917261]],[[0.981936,-0.0175053,-0.188404],[0.0812908,0.938165,0.336509],[0.170863,-0.345746,0.922641]],[[0.981936,-0.0175053,-0.188404],[0.0520565,0.98228,0.180045],[0.181913,-0.1866,0.965447]],[[0.981936,-0.0175053,-0.188404],[0.0275896,0.998316,0.0510364],[0.187193,-0.0553124,0.980765]]],"btipPosition":[-78.2286,340.08,-107.613],"carpPosition":[-51.3975,298.014,27.3867],"dipPosition":[-75.2956,339.214,-92.2464],"direction":[-0.181913,0.1866,-0.965447],"extended":true,"handId":252,"id":2521,"length":53.9285,"mcpPosition":[-64.5318,321.456,-34.4971],"pipPosition":[-71.2635,335.078,-70.8473],"stabilizedTipPosition":[-141.343,292.079,98.2412],"timeVisible":0.496769,"tipPosition":[-77.0573,338.699,-104.244],"tipVelocity":[35.265,35.75,-211.389],"tool":false,"touchDistance":-0.65002,"touchZone":"hovering","type":1,"width":17.738},{"bases":[[[0.966467,-0.215593,-0.139503],[0.249878,0.914771,0.31742],[0.0591795,-0.341635,0.937968]],[[0.966779,-0.217472,-0.134333],[0.0175149,0.58065,-0.813965],[0.255015,0.784571,0.565169]],[[0.966779,-0.217472,-0.134333],[-0.239336,-0.58558,-0.774477],[0.0897644,0.780898,-0.618175]],[[0.966779,-0.217472,-0.134333],[-0.248511,-0.92269,-0.294762],[-0.059845,0.318353,-0.946081]]],"btipPosition":[-56.8246,260.894,-27.505],"carpPosition":[-40.4568,299.565,25.0631],"dipPosition":[-57.8559,266.38,-43.8088],"direction":[-0.0897644,-0.780898,0.618175],"extended":false,"handId":252,"id":2522,"length":61.4471,"mcpPosition":[-44.2431,321.422,-34.9477],"pipPosition":[-55.5151,286.743,-59.929],"stabilizedTipPosition":[-98.2439,214.54,193.652],"timeVisible":0.496769,"tipPosition":[-57.011,262.294,-31.1571],"tipVelocity":[56.6141,17.4614,-196.69],"tool":false,"touchDistance":0.333333,"touchZone":"none","type":2,"width":17.4211},{"bases":[[[0.943037,-0.331859,-0.0234814],[0.320048,0.885673,0.336381],[-0.0908341,-0.324735,0.941433]],[[0.94441,-0.326443,-0.0390494],[0.132929,0.487775,-0.862789],[0.300699,0.809636,0.504053]],[[0.94441,-0.326443,-0.0390494],[-0.249715,-0.634986,-0.731051],[0.21385,0.700163,-0.681205]],[[0.94441,-0.326443,-0.0390494],[-0.325271,-0.910465,-0.255445],[0.047835,0.253947,-0.966035]]],"btipPosition":[-42.8152,261.503,-17.8186],"carpPosition":[-29.4604,298.16,23.0556],"dipPosition":[-41.9956,265.854,-34.3705],"direction":[-0.21385,-0.700163,0.681205],"extended":false,"handId":252,"id":2523,"length":59.0831,"mcpPosition":[-24.2426,316.814,-31.0232],"pipPosition":[-36.563,283.641,-51.6756],"stabilizedTipPosition":[-87.6845,214.607,213.652],"timeVisible":0.496769,"tipPosition":[-42.5749,262.539,-22.0243],"tipVelocity":[48.7898,29.1432,-175.592],"tool":false,"touchDistance":0.333333,"touchZone":"none","type":3,"width":16.5772},{"bases":[[[0.860254,-0.50896,0.0303821],[0.453538,0.791083,0.410477],[-0.232951,-0.339335,0.911365]],[[0.832647,-0.540342,0.121367],[0.3808,0.399494,-0.833904],[0.402108,0.740564,0.5384]],[[0.832647,-0.540342,0.121367],[-0.274484,-0.592995,-0.756978],[0.480997,0.596982,-0.64207]],[[0.832647,-0.540342,0.121367],[-0.48474,-0.817072,-0.312122],[0.267818,0.201056,-0.942258]]],"btipPosition":[-32.8626,270.305,-18.4852],"carpPosition":[-19.3505,290.16,21.0238],"dipPosition":[-28.6292,273.483,-33.3792],"direction":[-0.480997,-0.596982,0.64207],"extended":false,"handId":252,"id":2524,"length":46.32,"mcpPosition":[-6.96345,308.204,-27.4375],"pipPosition":[-20.002,284.191,-44.8954],"stabilizedTipPosition":[-77.1781,230.301,189.88],"timeVisible":0.496769,"tipPosition":[-31.8824,271.076,-22.0959],"tipVelocity":[44.1856,34.181,-189.959],"tool":false,"touchDistance":0.333333,"touchZone":"none","type":4,"width":14.7252}],"r":[[0.752618,-0.349994,0.557737],[0.395824,0.917386,0.0415523],[-0.526203,0.189492,0.828977]],"s":1.04262,"t":[67.1419,62.8417,-261.162],"timestamp":2952793171},false],[1,{"currentFrameRate":109.052,"devices":[],"gestures":[],"hands":[{"armBasis":[[0.923617,0.121895,-0.363419],[0.102459,0.835086,0.540494],[0.36937,-0.536445,0.75881]],"armWidth":58.4334,"confidence":0.605895,"direction":[-0.014178,0.475594,-0.879551],"elbow":[58.1348,153.648,214.622],"grabStrength":0,"id":252,"palmNormal":[-0.101653,-0.875767,-0.471909],"palmPosition":[-41.379,307.131,-18.259],"palmVelocity":[20.9144,30.7292,-192.056],"palmWidth":83.4409,"pinchStrength":0.492832,"r":[[0.751692,-0.346383,0.561229],[0.390636,0.919479,0.0442854],[-0.531378,0.185948,0.826475]],"s":1.04498,"sphereCenter":[-55.2777,285.465,-50.6078],"sphereRadius":42.9545,"stabilizedPalmPosition":[-88.393,263.397,193.834],"t":[67.3242,63.1653,-262.829],"timeVisible":0.505866,"type":"right","wrist":[-33.3208,286.471,26.7409]}],"id":284544,"interactionBox":{"center":[0,200,0],"size":[235.247,235.247,147.751]},"pointables":[{"bases":[[[0.488427,0.842828,0.226009],[-0.74955,0.272619,0.603203],[0.446782,-0.464026,0.764896]],[[0.363976,0.930873,0.0315731],[-0.806168,0.297876,0.511238],[0.466492,-0.211532,0.858859]],[[0.363976,0.930873,0.0315731],[-0.930464,0.364924,-0.0326532],[-0.0419177,-0.0174927,0.998968]],[[0.363976,0.930873,0.0315731],[-0.867379,0.351112,-0.352666],[-0.339373,0.100976,0.935216]]],"btipPosition":[-73.0479,286.53,-64.2055],"carpPosition":[-60.2879,278.467,26.4157],"dipPosition":[-80.3315,288.698,-44.134],"direction":[0.0419177,0.0174927,-0.998968],"extended":false,"handId":252,"id":2520,"length":47.7925,"mcpPosition":[-60.2879,278.467,26.4157],"pipPosition":[-81.6421,288.151,-12.8995],"stabilizedTipPosition":[-128.069,241.99,158.463],"timeVisible":0.505866,"tipPosition":[-74.791,286.336,-59.7867],"tipVelocity":[54.0606,70.7854,-190.984],"tool":false,"touchDistance":-0.611748,"touchZone":"hovering","type":0,"width":18.5699},{"bases":[[[0.978217,-0.00169065,-0.207578],[0.0736797,0.937686,0.339581],[0.194069,-0.347478,0.917386]],[[0.982249,-0.00933282,-0.18735],[0.0739827,0.937075,0.3412],[0.172377,-0.349004,0.921131]],[[0.982249,-0.00933282,-0.18735],[0.0450612,0.981256,0.187368],[0.18209,-0.192484,0.964258]],[[0.982249,-0.00933282,-0.18735],[0.020987,0.997959,0.0603186],[0.186405,-0.0631798,0.980439]]],"btipPosition":[-78.088,340.675,-109.12],"carpPosition":[-51.2471,298.226,25.7974],"dipPosition":[-75.1674,339.685,-93.7582],"direction":[-0.18209,0.192484,-0.964258],"extended":true,"handId":252,"id":2521,"length":53.9285,"mcpPosition":[-64.3401,321.669,-36.0947],"pipPosition":[-71.1314,335.419,-72.3854],"stabilizedTipPosition":[-141.311,292.104,98.1372],"timeVisible":0.505866,"tipPosition":[-76.9011,339.256,-105.77],"tipVelocity":[29.6871,43.1044,-198.744],"tool":false,"touchDistance":-0.635969,"touchZone":"hovering","type":1,"width":17.738},{"bases":[[[0.968453,-0.208448,-0.136556],[0.242241,0.916045,0.319657],[0.058459,-0.342653,0.937642]],[[0.968748,-0.210249,-0.131619],[0.0144758,0.577633,-0.816168],[0.247626,0.788756,0.562624]],[[0.968748,-0.210249,-0.131619],[-0.233107,-0.590281,-0.772806],[0.0847895,0.779336,-0.620844]],[[0.968748,-0.210249,-0.131619],[-0.240685,-0.925076,-0.293776],[-0.0599914,0.316274,-0.946769]]],"btipPosition":[-56.1729,261.144,-28.84],"carpPosition":[-40.31,299.859,23.5133],"dipPosition":[-57.2067,266.594,-45.1556],"direction":[-0.0847895,-0.779336,0.620844],"extended":false,"handId":252,"id":2522,"length":61.4471,"mcpPosition":[-44.0502,321.781,-36.4767],"pipPosition":[-54.9956,286.917,-61.3454],"stabilizedTipPosition":[-98.2407,214.543,193.635],"timeVisible":0.505866,"tipPosition":[-56.3809,262.536,-32.6209],"tipVelocity":[60.7594,20.0041,-182.935],"tool":false,"touchDistance":0.333333,"touchZone":"none","type":2,"width":17.4211},{"bases":[[[0.945465,-0.325059,-0.0207915],[0.312554,0.887422,0.338811],[-0.0916828,-0.326833,0.940625]],[[0.946807,-0.319807,-0.0357851],[0.131951,0.487241,-0.863241],[0.293506,0.812601,0.503522]],[[0.946807,-0.319807,-0.0357851],[-0.243066,-0.637837,-0.73081],[0.210893,0.700634,-0.681643]],[[0.946807,-0.319807,-0.0357851],[-0.318014,-0.912841,-0.256103],[0.0492375,0.253861,-0.965987]]],"btipPosition":[-42.2574,261.867,-19.2547],"carpPosition":[-29.2971,298.536,21.5409],"dipPosition":[-41.4138,266.217,-35.8058],"direction":[-0.210893,-0.700634,0.681643],"extended":false,"handId":252,"id":2523,"length":59.0831,"mcpPosition":[-24.0306,317.31,-32.4914],"pipPosition":[-36.0563,284.016,-53.122],"stabilizedTipPosition":[-87.6808,214.611,213.633],"timeVisible":0.505866,"tipPosition":[-42.0113,262.898,-23.5012],"tipVelocity":[52.4285,32.1554,-170.675],"tool":false,"touchDistance":0.333333,"touchZone":"none","type":3,"width":16.5772},{"bases":[[[0.863773,-0.502831,0.0325215],[0.446467,0.793675,0.413215],[-0.233589,-0.342404,0.910053]],[[0.836265,-0.534386,0.122851],[0.379441,0.402245,-0.833201],[0.395834,0.743391,0.539151]],[[0.836265,-0.534386,0.122851],[-0.268741,-0.594738,-0.757671],[0.477953,0.600599,-0.64097]],[[0.836265,-0.534386,0.122851],[-0.478059,-0.820296,-0.313965],[0.268553,0.203828,-0.941453]]],"btipPosition":[-32.3551,270.72,-19.9648],"carpPosition":[-19.1233,290.612,19.5312],"dipPosition":[-28.1101,273.941,-34.8461],"direction":[-0.477953,-0.600599,0.64097],"extended":false,"handId":252,"id":2524,"length":46.32,"mcpPosition":[-6.70238,308.819,-28.8603],"pipPosition":[-19.5375,284.714,-46.3426],"stabilizedTipPosition":[-77.175,230.304,189.866],"timeVisible":0.505866,"tipPosition":[-31.3718,271.501,-23.5974],"tipVelocity":[47.4812,37.6383,-182.303],"tool":false,"touchDistance":0.333333,"touchZone":"none","type":4,"width":14.7252}],"r":[[0.751692,-0.346383,0.561229],[0.390636,0.919479,0.0442854],[-0.531378,0.185948,0.826475]],"s":1.04498,"t":[67.3242,63.1653,-262.829],"timestamp":2952802268},false],[2,{"currentFrameRate":109.037,"devices":[],"gestures":[],"hands":[{"armBasis":[[0.924932,0.125594,-0.358787],[0.0959133,0.8362,0.539972],[0.367834,-0.533849,0.761382]],"armWidth":58.4334,"confidence":0.610768,"direction":[-0.013608,0.479126,-0.877641],"elbow":[57.8424,154.424,214.222],"grabStrength":0,"id":252,"palmNormal":[-0.0951635,-0.874358,-0.475858],"palmPosition":[-41.2418,307.406,-19.2394],"palmVelocity":[19.2369,30.4905,-168.152],"palmWidth":83.4409,"pinchStrength":0.479397,"r":[[0.750892,-0.343143,0.564282],[0.385427,0.921515,0.0474888],[-0.53629,0.181831,0.824215]],"s":1.04784,"sphereCenter":[-55.4114,285.99,-51.6381],"sphereRadius":43.0568,"stabilizedPalmPosition":[-88.3925,263.398,193.832],"t":[67.484,63.4646,-264.152],"timeVisible":0.515064,"type":"right","wrist":[-33.233,286.605,25.7045]}],"id":284545,"interactionBox":{"center":[0,200,0],"size":[235.247,235.247,147.751]},"pointables":[{"bases":[[[0.482995,0.844541,0.231229],[-0.753197,0.266044,0.601593],[0.446553,-0.464728,0.764604]],[[0.362674,0.930952,0.042373],[-0.805903,0.290478,0.51589],[0.467961,-0.221249,0.855606]],[[0.362674,0.930952,0.042373],[-0.93072,0.364137,-0.034134],[-0.0472067,-0.0270579,0.998519]],[[0.362674,0.930952,0.042373],[-0.865442,0.353321,-0.355211],[-0.345656,0.0921546,0.933825]]],"btipPosition":[-72.6816,287.452,-65.1798],"carpPosition":[-60.1546,278.456,25.2487],"dipPosition":[-80.1,289.43,-45.1381],"direction":[0.0472067,0.0270579,-0.998519],"extended":false,"handId":252,"id":2520,"length":47.7925,"mcpPosition":[-60.1546,278.456,25.2487],"pipPosition":[-81.576,288.584,-13.9176],"stabilizedTipPosition":[-128.023,242.03,158.273],"timeVisible":0.515064,"tipPosition":[-74.409,287.105,-60.8074],"tipVelocity":[49.1361,77.6905,-167.401],"tool":false,"touchDistance":-0.593623,"touchZone":"hovering","type":0,"width":18.5699},{"bases":[[[0.978953,0.00449598,-0.204035],[0.0673294,0.936668,0.343684],[0.192658,-0.350188,0.916652]],[[0.982543,-0.00237272,-0.186018],[0.0682004,0.934896,0.348307],[0.173081,-0.354914,0.918738]],[[0.982543,-0.00237272,-0.186018],[0.039642,0.979623,0.196892],[0.181761,-0.200829,0.962616]],[[0.982543,-0.00237272,-0.186018],[0.0159577,0.997308,0.0715674],[0.185348,-0.0732865,0.979936]]],"btipPosition":[-77.9695,341.474,-109.985],"carpPosition":[-51.2198,298.266,24.7441],"dipPosition":[-75.0654,340.326,-94.6314],"direction":[-0.181761,0.200829,-0.962617],"extended":true,"handId":252,"id":2521,"length":53.9285,"mcpPosition":[-64.2176,321.892,-37.0985],"pipPosition":[-71.0367,335.874,-73.2949],"stabilizedTipPosition":[-141.277,292.13,98.0281],"timeVisible":0.515064,"tipPosition":[-76.7702,340.012,-106.658],"tipVelocity":[24.8739,54.2324,-169.524],"tool":false,"touchDistance":-0.613712,"touchZone":"hovering","type":1,"width":17.738},{"bases":[[[0.970064,-0.202603,-0.133896],[0.236077,0.916028,0.324283],[0.0569521,-0.346186,0.936436]],[[0.970345,-0.204384,-0.129069],[0.0128329,0.576749,-0.816821],[0.241385,0.790941,0.562268]],[[0.970345,-0.204384,-0.129069],[-0.227579,-0.592444,-0.772799],[0.0814818,0.779254,-0.621388]],[[0.970345,-0.204384,-0.129069],[-0.234368,-0.926207,-0.295317],[-0.0591861,0.316809,-0.946641]]],"btipPosition":[-55.7018,261.375,-29.7421],"carpPosition":[-40.2836,299.967,22.5063],"dipPosition":[-56.7218,266.835,-46.0555],"direction":[-0.0814819,-0.779254,0.621388],"extended":false,"handId":252,"id":2522,"length":61.4471,"mcpPosition":[-43.9274,322.116,-37.4065],"pipPosition":[-54.5969,287.156,-62.2595],"stabilizedTipPosition":[-98.2364,214.548,193.611],"timeVisible":0.515064,"tipPosition":[-55.9237,262.768,-33.6347],"tipVelocity":[58.1864,21.5031,-159.185],"tool":false,"touchDistance":0.333333,"touchZone":"none","type":2,"width":17.4211},{"bases":[[[0.947297,-0.319812,-0.0186949],[0.306476,0.88771,0.343575],[-0.0932837,-0.331197,0.938939]],[[0.948573,-0.314876,-0.0325867],[0.130881,0.483835,-0.865317],[0.288235,0.816552,0.500164]],[[0.948573,-0.314876,-0.0325867],[-0.238317,-0.642573,-0.728221],[0.20836,0.698537,-0.684567]],[[0.948573,-0.314876,-0.0325867],[-0.312496,-0.91499,-0.255223],[0.0505471,0.252281,-0.966333]]],"btipPosition":[-41.867,262.214,-19.9125],"carpPosition":[-29.2566,298.713,20.5685],"dipPosition":[-41.001,266.536,-36.4695],"direction":[-0.20836,-0.698537,0.684567],"extended":false,"handId":252,"id":2523,"length":59.0831,"mcpPosition":[-23.8981,317.738,-33.367],"pipPosition":[-35.7078,284.282,-53.86],"stabilizedTipPosition":[-87.6757,214.617,213.606],"timeVisible":0.515064,"tipPosition":[-41.6187,263.228,-24.2965],"tipVelocity":[49.7925,33.4979,-142.982],"tool":false,"touchDistance":0.333333,"touchZone":"none","type":3,"width":16.5772},{"bases":[[[0.866385,-0.498245,0.0335929],[0.440631,0.79439,0.418079],[-0.234991,-0.347415,0.907789]],[[0.839066,-0.530005,0.122733],[0.377804,0.405344,-0.832442],[0.391449,0.744843,0.540348]],[[0.839066,-0.530005,0.122733],[-0.264832,-0.594989,-0.758849],[0.475218,0.604221,-0.639597]],[[0.839066,-0.530005,0.122733],[-0.47293,-0.822111,-0.316971],[0.268896,0.207916,-0.94046]]],"btipPosition":[-32.0038,271.05,-20.8915],"carpPosition":[-19.0325,290.852,18.5632],"dipPosition":[-27.7535,274.337,-35.7571],"direction":[-0.475218,-0.604221,0.639597],"extended":false,"handId":252,"id":2524,"length":46.32,"mcpPosition":[-6.53695,309.326,-29.7079],"pipPosition":[-19.2299,285.174,-47.229],"stabilizedTipPosition":[-77.171,230.307,189.847],"timeVisible":0.515064,"tipPosition":[-31.0185,271.849,-24.5705],"tipVelocity":[44.9193,37.6207,-159.385],"tool":false,"touchDistance":0.333333,"touchZone":"none","type":4,"width":14.7252}],"r":[[0.750892,-0.343143,0.564282],[0.385427,0.921515,0.0474888],[-0.53629,0.181831,0.824215]],"s":1.04784,"t":[67.484,63.4646,-264.152],"timestamp":2952811466},false],[3,{"currentFrameRate":109.298,"devices":[],"gestures":[],"hands":[{"armBasis":[[0.926739,0.128999,-0.352866],[0.0882208,0.838231,0.538132],[0.365201,-0.529838,0.765441]],"armWidth":58.4334,"confidence":0.612383,"direction":[-0.0119496,0.481654,-0.87628],"elbow":[57.2075,155.314,214.231],"grabStrength":0,"id":252,"palmNormal":[-0.0876058,-0.873477,-0.478919],"palmPosition":[-41.1177,307.389,-20.214],"palmVelocity":[17.9202,21.8537,-153.261],"palmWidth":83.4409,"pinchStrength":0.466414,"r":[[0.75005,-0.340014,0.567288],[0.380107,0.923537,0.0509721],[-0.541242,0.177398,0.821941]],"s":1.05069,"sphereCenter":[-55.4419,286.129,-52.6886],"sphereRadius":43.1457,"stabilizedPalmPosition":[-88.392,263.398,193.829],"t":[67.626,63.6057,-265.301],"timeVisible":0.523747,"type":"right","wrist":[-33.216,286.501,24.7086]}],"id":284546,"interactionBox":{"center":[0,200,0],"size":[235.247,235.247,147.751]},"pointables":[{"bases":[[[0.476847,0.84666,0.236188],[-0.7578,0.259835,0.598519],[0.445372,-0.464385,0.7655]],[[0.361042,0.931046,0.0529294],[-0.80682,0.283399,0.518388],[0.467643,-0.229864,0.853506]],[[0.361042,0.931046,0.0529294],[-0.931028,0.363113,-0.0365611],[-0.0532594,-0.0360786,0.997929]],[[0.361042,0.931046,0.0529294],[-0.863599,0.355227,-0.357787],[-0.351918,0.0834663,0.932302]]],"btipPosition":[-72.2754,288.055,-66.19],"carpPosition":[-60.0866,278.196,24.0912],"dipPosition":[-79.8282,289.847,-46.181],"direction":[0.0532594,0.0360786,-0.997929],"extended":false,"handId":252,"id":2520,"length":47.7925,"mcpPosition":[-60.0866,278.196,24.0912],"pipPosition":[-81.4935,288.719,-14.979],"stabilizedTipPosition":[-127.966,242.079,158.041],"timeVisible":0.523747,"tipPosition":[-73.987,287.557,-61.8526],"tipVelocity":[47.5601,74.1878,-154.034],"tool":false,"touchDistance":-0.577861,"touchZone":"hovering","type":0,"width":18.5699},{"bases":[[[0.979936,0.0108349,-0.199015],[0.06008,0.936017,0.346789],[0.190039,-0.351788,0.916586]],[[0.983072,0.00475853,-0.183158],[0.0614528,0.933193,0.354084],[0.172606,-0.359345,0.917103]],[[0.983072,0.00475853,-0.183158],[0.0333923,0.978267,0.204644],[0.180151,-0.207296,0.961548]],[[0.983072,0.00475853,-0.183158],[0.0102185,0.996683,0.0807407],[0.182934,-0.0812455,0.979762]]],"btipPosition":[-77.7465,341.818,-110.943],"carpPosition":[-51.2657,298.06,23.6908],"dipPosition":[-74.8803,340.545,-95.5922],"direction":[-0.180151,0.207296,-0.961548],"extended":true,"handId":252,"id":2521,"length":53.9285,"mcpPosition":[-64.0869,321.793,-38.1475],"pipPosition":[-70.8872,335.951,-74.2794],"stabilizedTipPosition":[-141.243,292.156,97.9211],"timeVisible":0.523747,"tipPosition":[-76.5367,340.329,-107.633],"tipVelocity":[24.8212,49.4684,-153.781],"tool":false,"touchDistance":-0.595055,"touchZone":"hovering","type":1,"width":17.738},{"bases":[[[0.971906,-0.19652,-0.129535],[0.229043,0.916423,0.328189],[0.0542128,-0.348638,0.935688]],[[0.972168,-0.198286,-0.124788],[0.0125675,0.576003,-0.817351],[0.233948,0.793034,0.562463]],[[0.972168,-0.198286,-0.124788],[-0.220515,-0.594525,-0.773249],[0.0791349,0.779245,-0.621703]],[[0.972168,-0.198286,-0.124788],[-0.227279,-0.927465,-0.296904],[-0.0568645,0.317003,-0.946718]]],"btipPosition":[-55.2215,261.301,-30.6858],"carpPosition":[-40.3285,299.832,21.5139],"dipPosition":[-56.2014,266.764,-47.0005],"direction":[-0.0791349,-0.779245,0.621703],"extended":false,"handId":252,"id":2522,"length":61.4471,"mcpPosition":[-43.797,322.138,-38.351],"pipPosition":[-54.1378,287.084,-63.2127],"stabilizedTipPosition":[-98.231,214.554,193.583],"timeVisible":0.523747,"tipPosition":[-55.4455,262.693,-34.6556],"tipVelocity":[57.7048,13.5211,-145.743],"tool":false,"touchDistance":0.333333,"touchZone":"none","type":2,"width":17.4211},{"bases":[[[0.94924,-0.314204,-0.0147981],[0.299507,0.88846,0.347757],[-0.0961192,-0.334537,0.937468]],[[0.950497,-0.309473,-0.0279674],[0.132072,0.483821,-0.865144],[0.28127,0.818623,0.500743]],[[0.950497,-0.309473,-0.0279674],[-0.231208,-0.644233,-0.729045],[0.207603,0.699421,-0.683894]],[[0.950497,-0.309473,-0.0279674],[-0.305987,-0.916501,-0.257678],[0.0541122,0.253479,-0.965826]]],"btipPosition":[-41.4886,262.212,-20.8172],"carpPosition":[-29.2846,298.648,19.6288],"dipPosition":[-40.5615,266.555,-37.3655],"direction":[-0.207603,-0.699421,0.683894],"extended":false,"handId":252,"id":2523,"length":59.0831,"mcpPosition":[-23.7632,317.864,-34.2222],"pipPosition":[-35.2876,284.323,-54.739],"stabilizedTipPosition":[-87.6697,214.623,213.575],"timeVisible":0.523747,"tipPosition":[-41.222,263.23,-25.234],"tipVelocity":[48.5688,24.683,-132.591],"tool":false,"touchDistance":0.333333,"touchZone":"none","type":3,"width":16.5772},{"bases":[[[0.869112,-0.493263,0.0365485],[0.433826,0.795704,0.422669],[-0.237569,-0.351491,0.905547]],[[0.841716,-0.52527,0.124923],[0.378615,0.409279,-0.830146],[0.384922,0.746045,0.543371]],[[0.841716,-0.52527,0.124923],[-0.258324,-0.594961,-0.761111],[0.474113,0.608369,-0.636478]],[[0.841716,-0.52527,0.124923],[-0.466676,-0.824148,-0.320926],[0.271528,0.21183,-0.938829]]],"btipPosition":[-31.6488,271.093,-21.8627],"carpPosition":[-19.0044,290.853,17.6526],"dipPosition":[-27.3569,274.441,-36.7025],"direction":[-0.474113,-0.608369,0.636478],"extended":false,"handId":252,"id":2524,"length":46.32,"mcpPosition":[-6.37184,309.544,-30.4993],"pipPosition":[-18.8532,285.353,-48.1184],"stabilizedTipPosition":[-77.1666,230.311,189.827],"timeVisible":0.523747,"tipPosition":[-30.6552,271.906,-25.5498],"tipVelocity":[44.138,29.3341,-146.541],"tool":false,"touchDistance":0.333333,"touchZone":"none","type":4,"width":14.7252}],"r":[[0.75005,-0.340014,0.567288],[0.380107,0.923537,0.0509721],[-0.541242,0.177398,0.821941]],"s":1.05069,"t":[67.626,63.6057,-265.301],"timestamp":2952820149},false],[4,{"currentFrameRate":109.161,"devices":[],"gestures":[],"hands":[{"armBasis":[[0.926869,0.135711,-0.349995],[0.0793203,0.840505,0.535966],[0.366909,-0.524532,0.768273]],"armWidth":58.4334,"confidence":0.613258,"direction":[-0.00984516,0.485963,-0.873924],"elbow":[57.7202,156.704,213.57],"grabStrength":0,"id":252,"palmNormal":[-0.0788681,-0.871621,-0.483794],"palmPosition":[-40.8942,307.638,-21.5188],"palmVelocity":[19.5851,23.1798,-149.12],"palmWidth":83.4409,"pinchStrength":0.445541,"r":[[0.74911,-0.33709,0.570267],[0.374532,0.925574,0.0551258],[-0.546406,0.172288,0.819608]],"s":1.05409,"sphereCenter":[-55.377,286.61,-54.0935],"sphereRadius":43.2632,"stabilizedPalmPosition":[-88.3914,263.399,193.827],"t":[67.8087,63.801,-266.528],"timeVisible":0.533152,"type":"right","wrist":[-33.126,286.578,23.3465]}],"id":284547,"interactionBox":{"center":[0,200,0],"size":[235.247,235.247,147.751]},"pointables":[{"bases":[[[0.469745,0.84861,0.243312],[-0.763135,0.251784,0.595172],[0.443807,-0.465259,0.765878]],[[0.358975,0.93098,0.0664353],[-0.808546,0.274629,0.520416],[0.466252,-0.240532,0.851325]],[[0.358975,0.93098,0.0664353],[-0.931442,0.361879,-0.0382009],[-0.0596058,-0.0481674,0.997059]],[[0.358975,0.93098,0.0664353],[-0.861972,0.357982,-0.358962],[-0.357969,0.071593,0.930985]]],"btipPosition":[-71.7332,289.078,-67.6021],"carpPosition":[-59.9364,278.098,22.5237],"dipPosition":[-79.4159,290.615,-47.6215],"direction":[0.0596058,0.0481674,-0.997059],"extended":false,"handId":252,"id":2520,"length":47.7925,"mcpPosition":[-59.9364,278.098,22.5237],"pipPosition":[-81.2796,289.109,-16.4466],"stabilizedTipPosition":[-127.882,242.152,157.699],"timeVisible":0.533152,"tipPosition":[-73.4274,288.413,-63.2918],"tipVelocity":[49.5292,82.2605,-153.124],"tool":false,"touchDistance":-0.569688,"touchZone":"hovering","type":0,"width":18.5699},{"bases":[[[0.981032,0.0183433,-0.192976],[0.0517279,0.93464,0.351812],[0.186816,-0.355121,0.915963]],[[0.983679,0.0131079,-0.179456],[0.0536276,0.93066,0.361934],[0.171757,-0.36565,0.914767]],[[0.983679,0.0131079,-0.179456],[0.0260846,0.976419,0.214301],[0.178034,-0.215484,0.960141]],[[0.983679,0.0131079,-0.179456],[0.00344883,0.995786,0.0916392],[0.179901,-0.0907625,0.979488]]],"btipPosition":[-77.3815,342.584,-112.188],"carpPosition":[-51.246,298.021,22.2762],"dipPosition":[-74.5628,341.162,-96.8416],"direction":[-0.178034,0.215484,-0.960141],"extended":true,"handId":252,"id":2521,"length":53.9285,"mcpPosition":[-63.8497,321.98,-39.52],"pipPosition":[-70.6166,336.386,-75.56],"stabilizedTipPosition":[-141.199,292.19,97.7814],"timeVisible":0.533152,"tipPosition":[-76.1602,341.067,-108.896],"tipVelocity":[28.4779,57.5245,-147.712],"tool":false,"touchDistance":-0.582573,"touchZone":"hovering","type":1,"width":17.738},{"bases":[[[0.973963,-0.189407,-0.12458],[0.220927,0.916263,0.334146],[0.0508586,-0.35297,0.934252]],[[0.974197,-0.191105,-0.120081],[0.0112641,0.572544,-0.819797],[0.225419,0.797291,0.559923]],[[0.974197,-0.191105,-0.120081],[-0.212703,-0.599434,-0.771645],[0.0754842,0.777276,-0.624615]],[[0.974197,-0.191105,-0.120081],[-0.21894,-0.929404,-0.297107],[-0.0548256,0.315732,-0.947263]]],"btipPosition":[-54.5492,261.508,-31.7352],"carpPosition":[-40.3078,299.877,20.175],"dipPosition":[-55.494,266.949,-48.0592],"direction":[-0.0754842,-0.777276,0.624615],"extended":false,"handId":252,"id":2522,"length":61.4471,"mcpPosition":[-43.5618,322.46,-39.598],"pipPosition":[-53.5256,287.218,-64.3474],"stabilizedTipPosition":[-98.2227,214.564,193.539],"timeVisible":0.533152,"tipPosition":[-54.7879,262.898,-35.8822],"tipVelocity":[61.8764,15.7959,-136.072],"tool":false,"touchDistance":0.333333,"touchZone":"none","type":2,"width":17.4211},{"bases":[[[0.951388,-0.307815,-0.0105723],[0.291457,0.88867,0.354003],[-0.0995721,-0.339876,0.935184]],[[0.952587,-0.303427,-0.0225736],[0.13239,0.480141,-0.867143],[0.273953,0.823041,0.497547]],[[0.952587,-0.303427,-0.0225736],[-0.223877,-0.648734,-0.72734],[0.20605,0.697908,-0.685906]],[[0.952587,-0.303427,-0.0225736],[-0.298719,-0.918542,-0.258934],[0.0578329,0.2534,-0.965631]]],"btipPosition":[-40.9753,262.506,-21.7847],"carpPosition":[-29.245,298.776,18.3514],"dipPosition":[-39.9844,266.847,-38.3297],"direction":[-0.20605,-0.697908,0.685906],"extended":false,"handId":252,"id":2523,"length":59.0831,"mcpPosition":[-23.5253,318.299,-35.3684],"pipPosition":[-34.7499,284.577,-55.7542],"stabilizedTipPosition":[-87.6609,214.632,213.531],"timeVisible":0.533152,"tipPosition":[-40.6898,263.526,-26.3322],"tipVelocity":[50.7275,26.5295,-124.098],"tool":false,"touchDistance":0.333333,"touchZone":"none","type":3,"width":16.5772},{"bases":[[[0.872146,-0.487657,0.0393909],[0.425935,0.796434,0.429271],[-0.240709,-0.357609,0.902316]],[[0.844631,-0.520097,0.126878],[0.379969,0.415452,-0.826452],[0.377123,0.746257,0.548524]],[[0.844631,-0.520097,0.126878],[-0.250381,-0.593258,-0.765084],[0.473189,0.614446,-0.631307]],[[0.844631,-0.520097,0.126878],[-0.459298,-0.825757,-0.327369],[0.275034,0.218232,-0.936339]]],"btipPosition":[-31.1647,271.407,-23.2436],"carpPosition":[-18.9013,291.06,16.3991],"dipPosition":[-26.8173,274.857,-38.044],"direction":[-0.473189,-0.614446,0.631307],"extended":false,"handId":252,"id":2524,"length":46.32,"mcpPosition":[-6.10173,310.075,-31.581],"pipPosition":[-18.3302,285.877,-49.3672],"stabilizedTipPosition":[-77.1608,230.316,189.8],"timeVisible":0.533152,"tipPosition":[-30.1593,272.247,-26.9304],"tipVelocity":[46.6154,31.2134,-146.348],"tool":false,"touchDistance":0.333333,"touchZone":"none","type":4,"width":14.7252}],"r":[[0.74911,-0.33709,0.570267],[0.374532,0.925574,0.0551258],[-0.546406,0.172288,0.819608]],"s":1.05409,"t":[67.8087,63.801,-266.528],"timestamp":2952829554},false],[5,{"currentFrameRate":109.267,"devices":[],"gestures":[],"hands":[{"armBasis":[[0.928002,0.135744,-0.346966],[0.0768488,0.8415,0.534763],[0.364563,-0.522926,0.770482]],"armWidth":58.4334,"confidence":0.618003,"direction":[-0.00767907,0.489106,-0.872191],"elbow":[57.2515,156.78,213.341],"grabStrength":0,"id":252,"palmNormal":[-0.0765408,-0.869945,-0.487172],"palmPosition":[-40.667,307.471,-22.2424],"palmVelocity":[21.1632,11.7202,-130.41],"palmWidth":83.4409,"pinchStrength":0.426919,"r":[[0.748055,-0.335026,0.572862],[0.369829,0.927204,0.0593248],[-0.551035,0.167483,0.817502]],"s":1.05771,"sphereCenter":[-55.5144,286.705,-54.8581],"sphereRadius":43.3808,"stabilizedPalmPosition":[-88.3909,263.399,193.824],"t":[68.0137,63.8148,-267.503],"timeVisible":0.542115,"type":"right","wrist":[-33.0139,286.256,22.5699]}],"id":284548,"interactionBox":{"center":[0,200,0],"size":[235.247,235.247,147.751]},"pointables":[{"bases":[[[0.468167,0.848185,0.247795],[-0.765182,0.248887,0.59376],[0.441946,-0.467587,0.765537]],[[0.36217,0.928896,0.0773646],[-0.807064,0.270975,0.524615],[0.466349,-0.252438,0.847817]],[[0.36217,0.928896,0.0773646],[-0.930009,0.365678,-0.036909],[-0.0625752,-0.0585824,0.996319]],[[0.36217,0.928896,0.0773646],[-0.859402,0.364904,-0.358152],[-0.360917,0.0632248,0.930452]]],"btipPosition":[-71.4584,289.783,-68.2955],"carpPosition":[-59.8132,277.753,21.6353],"dipPosition":[-79.2043,291.14,-48.3262],"direction":[0.0625752,0.0585824,-0.996319],"extended":false,"handId":252,"id":2520,"length":47.7925,"mcpPosition":[-59.8132,277.753,21.6353],"pipPosition":[-81.1609,289.309,-17.1745],"stabilizedTipPosition":[-127.773,242.248,157.259],"timeVisible":0.542115,"tipPosition":[-73.1234,288.982,-64.0095],"tipVelocity":[43.9227,80.0185,-132.472],"tool":false,"touchDistance":-0.551492,"touchZone":"hovering","type":0,"width":18.5699},{"bases":[[[0.981593,0.0199992,-0.189933],[0.0497382,0.933414,0.355337],[0.184393,-0.358243,0.915238]],[[0.983778,0.0156094,-0.178708],[0.052229,0.928125,0.368587],[0.171616,-0.371941,0.912254]],[[0.983778,0.0156094,-0.178708],[0.0249797,0.974581,0.222638],[0.17764,-0.22349,0.958382]],[[0.983778,0.0156094,-0.178708],[0.00258482,0.99487,0.101127],[0.179369,-0.0999487,0.978691]]],"btipPosition":[-77.0912,343.028,-112.779],"carpPosition":[-51.1419,297.685,21.4859],"dipPosition":[-74.2808,341.462,-97.4449],"direction":[-0.17764,0.22349,-0.958382],"extended":true,"handId":252,"id":2521,"length":53.9285,"mcpPosition":[-63.5821,321.854,-40.2613],"pipPosition":[-70.3434,336.508,-76.2023],"stabilizedTipPosition":[-141.146,292.231,97.6114],"timeVisible":0.542115,"tipPosition":[-75.8588,341.474,-109.509],"tipVelocity":[29.489,54.3308,-125.419],"tool":false,"touchDistance":-0.561555,"touchZone":"hovering","type":1,"width":17.738},{"bases":[[[0.974523,-0.188004,-0.12231],[0.219008,0.915266,0.338118],[0.0483781,-0.356291,0.933122]],[[0.974729,-0.189588,-0.118156],[0.0111216,0.569443,-0.821956],[0.223116,0.79987,0.557161]],[[0.974729,-0.189588,-0.118156],[-0.210516,-0.602568,-0.769802],[0.074748,0.775221,-0.627252]],[[0.974729,-0.189588,-0.118156],[-0.216857,-0.93003,-0.296677],[-0.0536421,0.314803,-0.94764]]],"btipPosition":[-54.1812,261.359,-32.2159],"carpPosition":[-40.1992,299.559,19.4246],"dipPosition":[-55.1056,266.784,-48.5465],"direction":[-0.074748,-0.775221,0.627252],"extended":false,"handId":252,"id":2522,"length":61.4471,"mcpPosition":[-43.2944,322.355,-40.2761],"pipPosition":[-53.1564,286.999,-64.9034],"stabilizedTipPosition":[-98.2117,214.576,193.481],"timeVisible":0.542115,"tipPosition":[-54.4315,262.746,-36.4835],"tipVelocity":[56.3214,6.79945,-113.561],"tool":false,"touchDistance":0.333333,"touchZone":"none","type":2,"width":17.4211},{"bases":[[[0.951719,-0.306844,-0.00879835],[0.289505,0.887671,0.358089],[-0.102068,-0.343348,0.933646]],[[0.952869,-0.302728,-0.0199323],[0.133284,0.476734,-0.868884],[0.272538,0.825276,0.494614]],[[0.952869,-0.302728,-0.0199323],[-0.222088,-0.651271,-0.725619],[0.206683,0.695846,-0.687808]],[[0.952869,-0.302728,-0.0199323],[-0.297355,-0.918886,-0.259286],[0.0601774,0.252992,-0.965595]]],"btipPosition":[-40.715,262.373,-22.2492],"carpPosition":[-29.1298,298.475,17.6306],"dipPosition":[-39.6839,266.708,-38.7936],"direction":[-0.206683,-0.695846,0.687808],"extended":false,"handId":252,"id":2523,"length":59.0831,"mcpPosition":[-23.2668,318.198,-36.0008],"pipPosition":[-34.4334,284.385,-56.2664],"stabilizedTipPosition":[-87.6507,214.643,213.479],"timeVisible":0.542115,"tipPosition":[-40.4184,263.391,-26.8741],"tipVelocity":[45.0759,15.1642,-104.317],"tool":false,"touchDistance":0.333333,"touchZone":"none","type":3,"width":16.5772},{"bases":[[[0.872505,-0.486943,0.0402751],[0.423845,0.795294,0.433431],[-0.243087,-0.3611,0.900286]],[[0.844901,-0.519587,0.127166],[0.381271,0.418203,-0.824462],[0.375199,0.745074,0.551444]],[[0.844901,-0.519587,0.127166],[-0.248109,-0.591259,-0.767369],[0.473903,0.6168,-0.62847]],[[0.844901,-0.519587,0.127166],[-0.457623,-0.825184,-0.331138],[0.27699,0.221585,-0.934974]]],"btipPosition":[-30.8909,271.253,-24.02],"carpPosition":[-18.7726,290.777,15.6819],"dipPosition":[-26.5126,274.756,-38.7989],"direction":[-0.473903,-0.6168,0.62847],"extended":false,"handId":252,"id":2524,"length":46.32,"mcpPosition":[-5.84661,309.978,-32.1902],"pipPosition":[-18.0127,285.819,-50.0711],"stabilizedTipPosition":[-77.1549,230.322,189.773],"timeVisible":0.542115,"tipPosition":[-29.8787,272.106,-27.7112],"tipVelocity":[42.4361,18.3388,-129.855],"tool":false,"touchDistance":0.333333,"touchZone":"none","type":4,"width":14.7252}],"r":[[0.748055,-0.335026,0.572862],[0.369829,0.927204,0.0593248],[-0.551035,0.167483,0.817502]],"s":1.05771,"t":[68.0137,63.8148,-267.503],"timestamp":2952838517},false],[6,{"currentFrameRate":109.327,"devices":[],"gestures":[],"hands":[{"armBasis":[[0.928567,0.137539,-0.344741],[0.0734841,0.842299,0.533977],[0.363818,-0.521167,0.772024]],"armWidth":58.4334,"confidence":0.613651,"direction":[-0.00451745,0.49164,-0.870787],"elbow":[57.1725,157.009,212.865],"grabStrength":0,"id":252,"palmNormal":[-0.073349,-0.868613,-0.490032],"palmPosition":[-40.3943,307.385,-23.0709],"palmVelocity":[23.644,5.8899,-119.725],"palmWidth":83.4409,"pinchStrength":0.409097,"r":[[0.746781,-0.333534,0.575389],[0.365763,0.928537,0.0635302],[-0.55546,0.163012,0.815409]],"s":1.06144,"sphereCenter":[-55.5058,286.819,-55.7592],"sphereRadius":43.4985,"stabilizedPalmPosition":[-88.3904,263.4,193.822],"t":[68.2525,63.7791,-268.405],"timeVisible":0.551155,"type":"right","wrist":[-32.9086,286.05,21.7121]}],"id":284549,"interactionBox":{"center":[0,200,0],"size":[235.247,235.247,147.751]},"pointables":[{"bases":[[[0.466033,0.848035,0.252289],[-0.768052,0.246208,0.591166],[0.439214,-0.469274,0.766076]],[[0.36511,0.92676,0.0883807],[-0.806257,0.267309,0.527727],[0.465451,-0.263936,0.844804]],[[0.36511,0.92676,0.0883807],[-0.928673,0.369223,-0.0352322],[-0.065284,-0.0692132,0.995463]],[[0.36511,0.92676,0.0883807],[-0.857541,0.371749,-0.355565],[-0.362379,0.05403,0.930464]]],"btipPosition":[-71.181,290.603,-69.1295],"carpPosition":[-59.693,277.516,20.6367],"dipPosition":[-78.9584,291.762,-49.16],"direction":[0.065284,0.0692132,-0.995463],"extended":false,"handId":252,"id":2520,"length":47.7925,"mcpPosition":[-59.693,277.516,20.6367],"pipPosition":[-80.9996,289.598,-18.0351],"stabilizedTipPosition":[-127.625,242.379,156.658],"timeVisible":0.551155,"tipPosition":[-72.7832,289.664,-64.8553],"tipVelocity":[40.053,81.5565,-121.388],"tool":false,"touchDistance":-0.537186,"touchZone":"hovering","type":0,"width":18.5699},{"bases":[[[0.98238,0.021765,-0.185624],[0.0470376,0.932433,0.358267],[0.18088,-0.360686,0.91498]],[[0.984114,0.0182098,-0.176599],[0.0500792,0.925858,0.374539],[0.170326,-0.377433,0.910238]],[[0.984114,0.0182098,-0.176599],[0.023211,0.972991,0.229674],[0.176012,-0.230124,0.957112]],[[0.984114,0.0182098,-0.176599],[0.00113434,0.994061,0.108822],[0.177532,-0.107294,0.978249]]],"btipPosition":[-76.6425,343.445,-113.55],"carpPosition":[-51.0459,297.46,20.583],"dipPosition":[-73.861,341.764,-98.2227],"direction":[-0.176012,0.230124,-0.957112],"extended":true,"handId":252,"id":2521,"length":53.9285,"mcpPosition":[-63.2492,321.793,-41.1468],"pipPosition":[-69.9597,336.664,-77.0083],"stabilizedTipPosition":[-141.075,292.287,97.3848],"timeVisible":0.551155,"tipPosition":[-75.4048,341.871,-110.296],"tipVelocity":[34.8373,51.2777,-114.405],"tool":false,"touchDistance":-0.545321,"touchZone":"hovering","type":1,"width":17.738},{"bases":[[[0.975276,-0.186443,-0.118638],[0.216403,0.914544,0.341729],[0.0447871,-0.358954,0.93228]],[[0.975457,-0.18796,-0.114693],[0.0126922,0.568015,-0.822921],[0.219824,0.801268,0.55646]],[[0.975457,-0.18796,-0.114693],[-0.20689,-0.60409,-0.769592],[0.0753675,0.774433,-0.628151]],[[0.975457,-0.18796,-0.114693],[-0.214262,-0.930314,-0.297672],[-0.0507503,0.31494,-0.947754]]],"btipPosition":[-53.7696,261.279,-32.9557],"carpPosition":[-40.0968,299.353,18.5746],"dipPosition":[-54.6442,266.707,-49.2882],"direction":[-0.0753675,-0.774433,0.628151],"extended":false,"handId":252,"id":2522,"length":61.4471,"mcpPosition":[-42.9623,322.319,-41.0723],"pipPosition":[-52.6788,286.902,-65.6686],"stabilizedTipPosition":[-98.1969,214.592,193.404],"timeVisible":0.551155,"tipPosition":[-54.0154,262.666,-37.2836],"tipVelocity":[53.6982,2.51638,-104.831],"tool":false,"touchDistance":0.333333,"touchZone":"none","type":2,"width":17.4211},{"bases":[[[0.95213,-0.305642,-0.00557377],[0.286847,0.886978,0.361924],[-0.105676,-0.346198,0.932191]],[[0.953259,-0.301728,-0.016061],[0.135524,0.474464,-0.86978],[0.270057,0.826948,0.493179]],[[0.953259,-0.301728,-0.016061],[-0.218933,-0.653094,-0.724939],[0.208245,0.694571,-0.688626]],[[0.953259,-0.301728,-0.016061],[-0.295343,-0.919227,-0.260372],[0.0637979,0.252946,-0.965375]]],"btipPosition":[-40.3964,262.314,-22.8951],"carpPosition":[-29.0185,298.288,16.8253],"dipPosition":[-39.3033,266.648,-39.4357],"direction":[-0.208245,-0.694571,0.688626],"extended":false,"handId":252,"id":2523,"length":59.0831,"mcpPosition":[-22.9481,318.175,-36.7225],"pipPosition":[-34.0131,284.292,-56.9293],"stabilizedTipPosition":[-87.6385,214.655,213.417],"timeVisible":0.551155,"tipPosition":[-40.083,263.331,-27.5629],"tipVelocity":[42.7989,9.17941,-95.2324],"tool":false,"touchDistance":0.333333,"touchZone":"none","type":3,"width":16.5772},{"bases":[[[0.872929,-0.485982,0.0426314],[0.420975,0.794548,0.437577],[-0.246527,-0.364027,0.89817]],[[0.845196,-0.518717,0.128752],[0.383351,0.420523,-0.822315],[0.372405,0.744374,0.554275]],[[0.845196,-0.518717,0.128752],[-0.244743,-0.5898,-0.76957],[0.475126,0.618926,-0.625448]],[[0.845196,-0.518717,0.128752],[-0.455258,-0.824942,-0.334978],[0.279971,0.224506,-0.933388]]],"btipPosition":[-30.5572,271.178,-24.8614],"carpPosition":[-18.6433,290.608,14.899],"dipPosition":[-26.1317,274.727,-39.6152],"direction":[-0.475126,-0.618926,0.625448],"extended":false,"handId":252,"id":2524,"length":46.32,"mcpPosition":[-5.53439,309.965,-32.8606],"pipPosition":[-17.6098,285.828,-50.8333],"stabilizedTipPosition":[-77.1485,230.327,189.744],"timeVisible":0.551155,"tipPosition":[-29.535,272.044,-28.5562],"tipVelocity":[41.2456