{"sensorType":"Leap","data":[[0,{"currentFrameRate":107.394,"devices":[],"gestures":[],"hands":[{"armBasis":[[0.934803,0.0531367,-0.351169],[0.137189,0.857983,0.495019],[0.327601,-0.510922,0.794756]],"armWidth":58.4334,"confidence":0.525979,"direction":[-0.0870687,0.563604,-0.821444],"elbow":[64.1874,148.047,218.046],"grabStrength":0,"id":247,"palmNormal":[-0.14315,-0.823096,-0.549564],"palmPosition":[-28.6965,299.687,-20.5252],"palmVelocity":[-21.2588,30.6017,-154.68],"palmWidth":83.4409,"pinchStrength":0.69747,"r":[[0.89412,-0.281732,0.348104],[0.284535,0.957646,0.0442127],[-0.345816,0.0595162,0.936413]],"s":1.02345,"sphereCenter":[-34.1114,274.785,-58.9125],"sphereRadius":44.2858,"stabilizedPalmPosition":[-67.5555,261.849,188.053],"t":[40.5142,38.7926,-212.883],"timeVisible":0.479311,"type":"right","wrist":[-16.9263,274.551,21.2648]}],"id":282156,"interactionBox":{"center":[0,200,0],"size":[235.247,235.247,147.751]},"pointables":[{"bases":[[[0.507756,0.818114,0.269951],[-0.695418,0.204272,0.68896],[0.508504,-0.537553,0.672652]],[[0.382021,0.917136,0.113677],[-0.729946,0.224009,0.645755],[0.56678,-0.32967,0.755035]],[[0.382021,0.917136,0.113677],[-0.923684,0.375004,0.0786111],[0.0294675,-0.135033,0.990403]],[[0.382021,0.917136,0.113677],[-0.866502,0.398235,-0.300972],[-0.321303,0.0164759,0.946833]]],"btipPosition":[-63.8147,285.413,-63.4677],"carpPosition":[-43.8441,266.454,22.3824],"dipPosition":[-70.7104,285.767,-43.1469],"direction":[-0.0294675,0.135033,-0.990403],"extended":false,"handId":247,"id":2470,"length":47.7925,"mcpPosition":[-43.8441,266.454,22.3824],"pipPosition":[-69.7891,281.545,-12.1802],"stabilizedTipPosition":[-98.4361,231.49,141.973],"timeVisible":0.479311,"tipPosition":[-64.3518,284.187,-58.8589],"tipVelocity":[-8.22294,41.0098,-177.498],"tool":false,"touchDistance":-0.594573,"touchZone":"hovering","type":0,"width":18.5699},{"bases":[[[0.957249,0.0258802,-0.288105],[0.104279,0.898145,0.427155],[0.269815,-0.438937,0.85705]],[[0.983119,-0.0281625,-0.180789],[0.0916889,0.930897,0.353587],[0.158338,-0.364194,0.917764]],[[0.983119,-0.0281625,-0.180789],[0.0744681,0.964132,0.254764],[0.16713,-0.263927,0.949953]],[[0.983119,-0.0281625,-0.180789],[0.0604366,0.982608,0.175584],[0.1727,-0.183546,0.967722]]],"btipPosition":[-65.6918,338.915,-107.148],"carpPosition":[-34.84,286.227,23.0493],"dipPosition":[-62.9859,336.039,-91.986],"direction":[-0.16713,0.263927,-0.949953],"extended":true,"handId":247,"id":2471,"length":53.9285,"mcpPosition":[-53.0433,315.84,-34.7722],"pipPosition":[-59.2815,330.189,-70.9302],"stabilizedTipPosition":[-114.231,296.922,72.8597],"timeVisible":0.479311,"tipPosition":[-64.612,336.668,-104.092],"tipVelocity":[-15.8523,56.0742,-157.223],"tool":false,"touchDistance":-0.591281,"touchZone":"hovering","type":1,"width":17.738},{"bases":[[[0.953004,-0.187153,-0.238236],[0.270511,0.879736,0.391011],[0.136405,-0.43708,0.889019]],[[0.952772,-0.186414,-0.239739],[0.0109945,0.810088,-0.586205],[0.303487,0.555884,0.773879]],[[0.952772,-0.186414,-0.239739],[-0.265158,-0.125813,-0.955961],[0.148042,0.974382,-0.169301]],[[0.952772,-0.186414,-0.239739],[-0.303032,-0.635345,-0.710287],[-0.0199099,0.749391,-0.661828]]],"btipPosition":[-49.7894,253.226,-55.2305],"carpPosition":[-24.1303,288.156,20.035],"dipPosition":[-50.1325,266.14,-66.6357],"direction":[-0.148042,-0.974382,0.169301],"extended":false,"handId":247,"id":2472,"length":61.4471,"mcpPosition":[-32.8574,316.12,-36.8441],"pipPosition":[-46.2719,291.549,-71.0506],"stabilizedTipPosition":[-82.5148,211.061,162.835],"timeVisible":0.479311,"tipPosition":[-50.0126,256.44,-58.6238],"tipVelocity":[53.6347,-10.2681,-120.394],"tool":false,"touchDistance":0.333333,"touchZone":"none","type":2,"width":17.4211},{"bases":[[[0.939568,-0.315216,-0.133606],[0.342118,0.849735,0.401131],[-0.012913,-0.422599,0.906225]],[[0.939408,-0.319119,-0.125202],[0.150282,0.711645,-0.686278],[0.308103,0.625879,0.716483]],[[0.939408,-0.319119,-0.125202],[-0.207478,-0.238552,-0.948707],[0.272883,0.9172,-0.290308]],[[0.939408,-0.319119,-0.125202],[-0.318796,-0.679005,-0.661303],[0.126022,0.661147,-0.739596]]],"btipPosition":[-34.2994,251.116,-44.3472],"carpPosition":[-13.3258,287.113,17.0182],"dipPosition":[-32.1401,262.444,-57.0194],"direction":[-0.272883,-0.9172,0.290308],"extended":false,"handId":247,"id":2473,"length":59.0831,"mcpPosition":[-12.5841,311.388,-35.038],"pipPosition":[-25.2079,285.744,-64.3942],"stabilizedTipPosition":[-67.0899,212.961,164.748],"timeVisible":0.479311,"tipPosition":[-33.8538,254.143,-48.7853],"tipVelocity":[47.0981,2.48966,-69.1531],"tool":false,"touchDistance":0.333333,"touchZone":"none","type":3,"width":16.5772},{"bases":[[[0.862229,-0.498047,-0.0922522],[0.481596,0.749667,0.453944],[-0.156927,-0.435832,0.886242]],[[0.855951,-0.513569,-0.0599585],[0.344818,0.65338,-0.67394],[0.38529,0.556185,0.736349]],[[0.855951,-0.513569,-0.0599585],[-0.191944,-0.20793,-0.959126],[0.48011,0.832474,-0.276554]],[[0.855951,-0.513569,-0.0599585],[-0.41081,-0.605062,-0.682009],[0.31398,0.608398,-0.728882]]],"btipPosition":[-21.0996,260.094,-41.1668],"carpPosition":[-3.37659,279.502,13.3535],"dipPosition":[-16.1366,269.711,-52.688],"direction":[-0.48011,-0.832474,0.276554],"extended":false,"handId":247,"id":2474,"length":46.32,"mcpPosition":[4.9679,302.677,-33.7718],"pipPosition":[-7.52535,284.642,-57.6483],"stabilizedTipPosition":[-55.1542,224.713,171.777],"timeVisible":0.479311,"tipPosition":[-19.9068,262.424,-44.75],"tipVelocity":[27.4512,31.6533,-95.3593],"tool":false,"touchDistance":0.333333,"touchZone":"none","type":4,"width":14.7252}],"r":[[0.89412,-0.281732,0.348104],[0.284535,0.957646,0.0442127],[-0.345816,0.0595162,0.936413]],"s":1.02345,"t":[40.5142,38.7926,-212.883],"timestamp":2930856946},false],[1,{"currentFrameRate":107.626,"devices":[],"gestures":[],"hands":[{"armBasis":[[0.934391,0.0558706,-0.351841],[0.13308,0.861386,0.490207],[0.330459,-0.504868,0.797437]],"armWidth":58.4334,"confidence":0.534794,"direction":[-0.0867365,0.561107,-0.823187],"elbow":[64.4515,149.841,216.367],"grabStrength":0,"id":247,"palmNormal":[-0.139325,-0.825012,-0.547671],"palmPosition":[-29.1125,299.833,-22.9646],"palmVelocity":[-28.2134,26.7474,-187.323],"palmWidth":83.4409,"pinchStrength":0.67412,"r":[[0.894318,-0.274588,0.353267],[0.276738,0.959867,0.0455079],[-0.351585,0.0570638,0.934415]],"s":1.03132,"sphereCenter":[-34.7832,275.089,-61.1274],"sphereRadius":44.2081,"stabilizedPalmPosition":[-67.5551,261.849,188.05],"t":[40.1911,38.9927,-214.716],"timeVisible":0.48818,"type":"right","wrist":[-17.3698,274.845,18.9224]}],"id":282157,"interactionBox":{"center":[0,200,0],"size":[235.247,235.247,147.751]},"pointables":[{"bases":[[[0.504632,0.820367,0.268968],[-0.697723,0.204049,0.686692],[0.508457,-0.534192,0.675359]],[[0.381938,0.916928,0.115611],[-0.730913,0.223135,0.644963],[0.565588,-0.330837,0.755418]],[[0.381938,0.916928,0.115611],[-0.923794,0.375127,0.076706],[0.0269652,-0.136097,0.990328]],[[0.381938,0.916928,0.115611],[-0.868348,0.398866,-0.294749],[-0.316377,0.0121855,0.948555]]],"btipPosition":[-64.2094,285.808,-65.9063],"carpPosition":[-44.2659,266.67,19.996],"dipPosition":[-70.9994,286.07,-45.5485],"direction":[-0.0269652,0.136097,-0.990328],"extended":false,"handId":247,"id":2470,"length":47.7925,"mcpPosition":[-44.2659,266.67,19.996],"pipPosition":[-70.1563,281.815,-14.5841],"stabilizedTipPosition":[-98.4347,231.492,141.964],"timeVisible":0.48818,"tipPosition":[-64.7839,284.539,-61.2926],"tipVelocity":[-17.3186,41.3302,-203.668],"tool":false,"touchDistance":-0.5999,"touchZone":"hovering","type":0,"width":18.5699},{"bases":[[[0.957874,0.0279773,-0.285824],[0.100531,0.899611,0.424963],[0.26902,-0.435795,0.858901]],[[0.983226,-0.0244961,-0.180739],[0.088975,0.929451,0.358055],[0.159217,-0.36813,0.91604]],[[0.983226,-0.0244961,-0.180739],[0.071552,0.963308,0.258685],[0.167771,-0.267278,0.948902]],[[0.983226,-0.0244961,-0.180739],[0.0573416,0.98221,0.178818],[0.173144,-0.186182,0.967139]]],"btipPosition":[-66.1768,339.219,-109.591],"carpPosition":[-35.3229,286.473,20.6312],"dipPosition":[-63.464,336.302,-94.4379],"direction":[-0.167771,0.267278,-0.948902],"extended":true,"handId":247,"id":2471,"length":53.9285,"mcpPosition":[-53.4725,315.874,-37.3153],"pipPosition":[-59.7453,330.377,-73.4054],"stabilizedTipPosition":[-114.223,296.929,72.8294],"timeVisible":0.48818,"tipPosition":[-65.0858,336.96,-106.546],"tipVelocity":[-26.3338,49.8713,-189.342],"tool":false,"touchDistance":-0.597159,"touchZone":"hovering","type":1,"width":17.738},{"bases":[[[0.954146,-0.184932,-0.235385],[0.266905,0.881604,0.389277],[0.135527,-0.434252,0.890538]],[[0.953939,-0.184274,-0.236733],[0.00550179,0.799726,-0.600339],[0.299949,0.571385,0.763904]],[[0.953939,-0.184274,-0.236733],[-0.264802,-0.146341,-0.953134],[0.140994,0.971919,-0.188396]],[[0.953939,-0.184274,-0.236733],[-0.298987,-0.648754,-0.699804],[-0.0246261,0.73835,-0.673968]]],"btipPosition":[-49.793,252.883,-56.5768],"carpPosition":[-24.6116,288.425,17.6379],"dipPosition":[-50.2174,265.607,-68.1912],"direction":[-0.140994,-0.971919,0.188396],"extended":false,"handId":247,"id":2472,"length":61.4471,"mcpPosition":[-33.2825,316.208,-39.3384],"pipPosition":[-46.5407,290.952,-73.104],"stabilizedTipPosition":[-82.4834,211.105,162.621],"timeVisible":0.48818,"tipPosition":[-50.0647,256.155,-60.2226],"tipVelocity":[38.4064,-19.288,-130.38],"tool":false,"touchDistance":0.333333,"touchZone":"none","type":2,"width":17.4211},{"bases":[[[0.940836,-0.312749,-0.130441],[0.338577,0.851846,0.399655],[-0.0138765,-0.420174,0.907337]],[[0.940674,-0.316515,-0.122277],[0.148026,0.707065,-0.691482],[0.305322,0.632359,0.71197]],[[0.940674,-0.316515,-0.122277],[-0.205685,-0.245297,-0.947377],[0.269865,0.916323,-0.295847]],[[0.940674,-0.316515,-0.122277],[-0.315446,-0.682987,-0.658804],[0.125008,0.658291,-0.742311]]],"btipPosition":[-34.5068,251.076,-46.4068],"carpPosition":[-13.7967,287.406,14.6505],"dipPosition":[-32.365,262.355,-59.1254],"direction":[-0.269865,-0.916323,0.295847],"extended":false,"handId":247,"id":2473,"length":59.0831,"mcpPosition":[-12.9996,311.542,-37.4697],"pipPosition":[-25.5094,285.633,-66.641],"stabilizedTipPosition":[-66.9987,213.074,164.158],"timeVisible":0.48818,"tipPosition":[-34.0578,254.096,-50.8247],"tipVelocity":[27.8595,0.249201,-113.701],"tool":false,"touchDistance":0.333333,"touchZone":"none","type":3,"width":16.5772},{"bases":[[[0.863945,-0.4957,-0.0887789],[0.478225,0.752342,0.453082],[-0.1578,-0.433894,0.887037]],[[0.857047,-0.51243,-0.0537184],[0.341238,0.642638,-0.685983],[0.38604,0.569589,0.725632]],[[0.857047,-0.51243,-0.0537184],[-0.195262,-0.226546,-0.954227],[0.476805,0.828307,-0.294218]],[[0.857047,-0.51243,-0.0537184],[-0.410953,-0.616966,-0.671172],[0.310786,0.597301,-0.739353]]],"btipPosition":[-21.4068,260.12,-42.7018],"carpPosition":[-3.81563,279.816,11.031],"dipPosition":[-16.4943,269.562,-54.3886],"direction":[-0.476805,-0.828307,0.294218],"extended":false,"handId":247,"id":2474,"length":46.32,"mcpPosition":[4.57531,302.888,-36.1367],"pipPosition":[-7.94225,284.418,-59.6657],"stabilizedTipPosition":[-55.1282,224.741,171.616],"timeVisible":0.48818,"tipPosition":[-20.2013,262.45,-46.4532],"tipVelocity":[10.2605,22.6338,-117.598],"tool":false,"touchDistance":0.333333,"touchZone":"none","type":4,"width":14.7252}],"r":[[0.894318,-0.274588,0.353267],[0.276738,0.959867,0.0455079],[-0.351585,0.0570638,0.934415]],"s":1.03132,"t":[40.1911,38.9927,-214.716],"timestamp":2930865815},false],[2,{"currentFrameRate":107.731,"devices":[],"gestures":[],"hands":[{"armBasis":[[0.936086,0.0587223,-0.346835],[0.124222,0.867262,0.482104],[0.329107,-0.494376,0.804538]],"armWidth":58.4334,"confidence":0.541607,"direction":[-0.0876046,0.56178,-0.822635],"elbow":[63.5229,152.926,215.679],"grabStrength":0,"id":247,"palmNormal":[-0.131626,-0.825097,-0.549445],"palmPosition":[-29.7257,300.304,-25.4154],"palmVelocity":[-39.0793,33.6974,-210.093],"palmWidth":83.4409,"pinchStrength":0.653419,"r":[[0.894524,-0.267746,0.357966],[0.26912,0.961959,0.0470057],[-0.356934,0.0542881,0.932551]],"s":1.03915,"sphereCenter":[-35.5531,275.907,-63.3945],"sphereRadius":44.0894,"stabilizedPalmPosition":[-67.5547,261.849,188.048],"t":[39.7229,39.3284,-216.858],"timeVisible":0.497273,"type":"right","wrist":[-17.9637,275.333,16.4758]}],"id":282158,"interactionBox":{"center":[0,200,0],"size":[235.247,235.247,147.751]},"pointables":[{"bases":[[[0.497971,0.823408,0.272074],[-0.701616,0.198158,0.684448],[0.509666,-0.531726,0.676393]],[[0.377285,0.918168,0.120926],[-0.734733,0.217275,0.642619],[0.563758,-0.331299,0.756583]],[[0.377285,0.918168,0.120926],[-0.925847,0.370917,0.0723066],[0.0215362,-0.139239,0.990025]],[[0.377285,0.918168,0.120926],[-0.869367,0.39614,-0.295422],[-0.31915,0.00632936,0.947683]]],"btipPosition":[-64.4369,286.354,-68.489],"carpPosition":[-44.8065,266.971,17.4384],"dipPosition":[-71.2865,286.49,-48.15],"direction":[-0.0215362,0.139239,-0.990025],"extended":false,"handId":247,"id":2470,"length":47.7925,"mcpPosition":[-44.8065,266.971,17.4384],"pipPosition":[-70.6131,282.136,-17.195],"stabilizedTipPosition":[-98.4333,231.495,141.955],"timeVisible":0.497273,"tipPosition":[-65.1429,285.079,-63.8779],"tipVelocity":[-19.8687,45.6203,-226.058],"tool":false,"touchDistance":-0.607049,"touchZone":"hovering","type":0,"width":18.5699},{"bases":[[[0.958694,0.0350312,-0.282274],[0.092766,0.899618,0.42671],[0.268887,-0.43527,0.859209]],[[0.983613,-0.0162593,-0.179557],[0.0822541,0.926707,0.366673],[0.160435,-0.375434,0.912858]],[[0.983613,-0.0162593,-0.179557],[0.0645778,0.961619,0.26668],[0.168329,-0.273906,0.946911]],[[0.983613,-0.0162593,-0.179557],[0.0501768,0.981265,0.186013],[0.173168,-0.191974,0.966001]]],"btipPosition":[-66.9084,340.069,-111.919],"carpPosition":[-36.0027,286.833,18.1367],"dipPosition":[-64.1952,337.062,-96.7836],"direction":[-0.168329,0.273906,-0.946911],"extended":true,"handId":247,"id":2471,"length":53.9285,"mcpPosition":[-54.1434,316.199,-39.8305],"pipPosition":[-60.4642,330.99,-75.7952],"stabilizedTipPosition":[-114.214,296.937,72.7942],"timeVisible":0.497273,"tipPosition":[-65.8044,337.797,-108.891],"tipVelocity":[-41.3235,61.3364,-207.932],"tool":false,"touchDistance":-0.600756,"touchZone":"hovering","type":1,"width":17.738},{"bases":[[[0.956252,-0.177977,-0.232176],[0.25939,0.882815,0.391605],[0.135272,-0.434698,0.890359]],[[0.956066,-0.17738,-0.233399],[-0.00388105,0.788439,-0.6151],[0.293127,0.588982,0.753111]],[[0.956066,-0.17738,-0.233399],[-0.263245,-0.16913,-0.949788],[0.128998,0.969501,-0.208394]],[[0.956066,-0.17738,-0.233399],[-0.291354,-0.663005,-0.689592],[-0.0324248,0.727297,-0.685556]]],"btipPosition":[-49.7107,252.827,-57.8193],"carpPosition":[-25.2943,288.864,15.1857],"dipPosition":[-50.2695,265.36,-69.6334],"direction":[-0.128998,-0.969501,0.208394],"extended":false,"handId":247,"id":2472,"length":61.4471,"mcpPosition":[-33.949,316.676,-41.7792],"pipPosition":[-46.9056,290.642,-75.0677],"stabilizedTipPosition":[-82.4583,211.139,162.45],"timeVisible":0.497273,"tipPosition":[-50.0493,256.179,-61.7567],"tipVelocity":[29.3331,-17.0005,-133.515],"tool":false,"touchDistance":0.333333,"touchZone":"none","type":2,"width":17.4211},{"bases":[[[0.943443,-0.306047,-0.127478],[0.331227,0.853536,0.4022],[-0.0142853,-0.421677,0.906634]],[[0.943314,-0.309117,-0.120857],[0.139196,0.699019,-0.701425],[0.301304,0.644841,0.702421]],[[0.943314,-0.309117,-0.120857],[-0.206623,-0.261966,-0.942699],[0.259743,0.914232,-0.310987]],[[0.943314,-0.309117,-0.120857],[-0.310589,-0.693748,-0.649807],[0.117021,0.650508,-0.75043]]],"btipPosition":[-34.5899,251.356,-47.8656],"carpPosition":[-14.4618,287.925,12.2363],"dipPosition":[-32.5849,262.501,-60.7233],"direction":[-0.259743,-0.914232,0.310987],"extended":false,"handId":247,"id":2473,"length":59.0831,"mcpPosition":[-13.6412,312.147,-39.8434],"pipPosition":[-25.9865,285.726,-68.6235],"stabilizedTipPosition":[-66.9343,213.154,163.736],"timeVisible":0.497273,"tipPosition":[-34.1813,254.381,-52.4491],"tipVelocity":[16.6533,7.77266,-127.619],"tool":false,"touchDistance":0.333333,"touchZone":"none","type":3,"width":16.5772},{"bases":[[[0.867665,-0.489588,-0.086379],[0.471363,0.754914,0.455985],[-0.158036,-0.436357,0.885786]],[[0.860303,-0.507395,-0.0492877],[0.336549,0.637914,-0.692677],[0.382902,0.579324,0.719562]],[[0.860303,-0.507395,-0.0492877],[-0.194515,-0.237353,-0.95175],[0.471215,0.82838,-0.302892]],[[0.860303,-0.507395,-0.0492877],[-0.406385,-0.624223,-0.66723],[0.307783,0.59405,-0.743219]]],"btipPosition":[-21.7446,260.579,-44.6111],"carpPosition":[-4.41548,280.409,8.64169],"dipPosition":[-16.8796,269.969,-56.359],"direction":[-0.471215,-0.82838,0.302892],"extended":false,"handId":247,"id":2474,"length":46.32,"mcpPosition":[3.98798,303.612,-38.4594],"pipPosition":[-8.42784,284.827,-61.7916],"stabilizedTipPosition":[-55.1087,224.762,171.492],"timeVisible":0.497273,"tipPosition":[-20.5268,262.932,-48.4434],"tipVelocity":[-3.20569,29.9781,-143.613],"tool":false,"touchDistance":0.333333,"touchZone":"none","type":4,"width":14.7252}],"r":[[0.894524,-0.267746,0.357966],[0.26912,0.961959,0.0470057],[-0.356934,0.0542881,0.932551]],"s":1.03915,"t":[39.7229,39.3284,-216.858],"timestamp":2930874908},false],[3,{"currentFrameRate":107.773,"devices":[],"gestures":[],"hands":[{"armBasis":[[0.937235,0.064184,-0.342741],[0.116328,0.869053,0.480848],[0.328723,-0.490537,0.807041]],"armWidth":58.4334,"confidence":0.544498,"direction":[-0.0880796,0.560508,-0.823452],"elbow":[63.1248,154.326,214.943],"grabStrength":0,"id":247,"palmNormal":[-0.123861,-0.826412,-0.549274],"palmPosition":[-30.028,300.639,-26.8387],"palmVelocity":[-37.3354,34.4678,-194.581],"palmWidth":83.4409,"pinchStrength":0.642822,"r":[[0.894694,-0.261007,0.362488],[0.261672,0.963951,0.0482259],[-0.362008,0.0517057,0.93074]],"s":1.04625,"sphereCenter":[-36.0046,276.494,-64.6042],"sphereRadius":43.9766,"stabilizedPalmPosition":[-67.5543,261.85,188.045],"t":[39.3376,39.664,-218.641],"timeVisible":0.506476,"type":"right","wrist":[-18.2666,275.782,15.1203]}],"id":282159,"interactionBox":{"center":[0,200,0],"size":[235.247,235.247,147.751]},"pointables":[{"bases":[[[0.49132,0.826964,0.273377],[-0.705678,0.193984,0.681461],[0.510513,-0.527731,0.678879]],[[0.371728,0.920156,0.123007],[-0.739518,0.21341,0.638411],[0.561187,-0.328281,0.759803]],[[0.371728,0.920156,0.123007],[-0.928217,0.366226,0.0655117],[0.0152326,-0.13853,0.990241]],[[0.371728,0.920156,0.123007],[-0.869895,0.391525,-0.299985],[-0.324193,0.00450963,0.94598]]],"btipPosition":[-64.2634,286.502,-70.0628],"carpPosition":[-45.056,267.24,15.9822],"dipPosition":[-71.2212,286.599,-49.7603],"direction":[-0.0152326,0.13853,-0.990241],"extended":false,"handId":247,"id":2470,"length":47.7925,"mcpPosition":[-45.056,267.24,15.9822],"pipPosition":[-70.745,282.268,-18.7986],"stabilizedTipPosition":[-98.4322,231.497,141.948],"timeVisible":0.506476,"tipPosition":[-65.1208,285.28,-65.4408],"tipVelocity":[-9.79259,37.0896,-210.909],"tool":false,"touchDistance":-0.59841,"touchZone":"hovering","type":0,"width":18.5699},{"bases":[[[0.959563,0.0412581,-0.278455],[0.0849928,0.90057,0.426322],[0.268357,-0.43275,0.860646]],[[0.983992,-0.0085994,-0.178006],[0.07568,0.924462,0.373689],[0.161346,-0.381178,0.910314]],[[0.983992,-0.0085994,-0.178006],[0.0578016,0.960239,0.273131],[0.168579,-0.279047,0.945364]],[[0.983992,-0.0085994,-0.178006],[0.0432491,0.980499,0.191708],[0.172886,-0.196337,0.965175]]],"btipPosition":[-67.2961,340.637,-113.306],"carpPosition":[-36.3891,287.162,16.6992],"dipPosition":[-64.5873,337.561,-98.1835],"direction":[-0.168579,0.279047,-0.945364],"extended":true,"handId":247,"id":2471,"length":53.9285,"mcpPosition":[-54.494,316.358,-41.365],"pipPosition":[-60.8507,331.376,-77.2295],"stabilizedTipPosition":[-114.203,296.947,72.7521],"timeVisible":0.506476,"tipPosition":[-66.1831,338.344,-110.294],"tipVelocity":[-41.5785,60.9515,-192.012],"tool":false,"touchDistance":-0.589863,"touchZone":"hovering","type":1,"width":17.738},{"bases":[[[0.958354,-0.171721,-0.228189],[0.251866,0.88486,0.391901],[0.134618,-0.433052,0.89126]],[[0.95818,-0.171165,-0.229332],[-0.0105109,0.779805,-0.625934],[0.285973,0.602168,0.745395]],[[0.95818,-0.171165,-0.229332],[-0.260016,-0.186069,-0.947507],[0.119509,0.967513,-0.222794]],[[0.95818,-0.171165,-0.229332],[-0.283659,-0.673936,-0.682164],[-0.0377925,0.718688,-0.694305]]],"btipPosition":[-49.4012,252.738,-58.4058],"carpPosition":[-25.6828,289.263,13.7894],"dipPosition":[-50.0524,265.123,-70.3707],"direction":[-0.119509,-0.967513,0.222794],"extended":false,"handId":247,"id":2472,"length":61.4471,"mcpPosition":[-34.2956,316.969,-43.233],"pipPosition":[-46.936,290.353,-76.1805],"stabilizedTipPosition":[-82.4373,211.167,162.307],"timeVisible":0.506476,"tipPosition":[-49.7747,256.095,-62.4748],"tipVelocity":[29.8906,-15.9967,-115.043],"tool":false,"touchDistance":0.333333,"touchZone":"none","type":2,"width":17.4211},{"bases":[[[0.945986,-0.299789,-0.123435],[0.323855,0.856075,0.402808],[-0.0150878,-0.421026,0.906923]],[[0.945878,-0.302326,-0.117956],[0.132544,0.691676,-0.709941],[0.296221,0.655883,0.694313]],[[0.945878,-0.302326,-0.117956],[-0.20546,-0.276539,-0.938782],[0.251199,0.912209,-0.323688]],[[0.945878,-0.302326,-0.117956],[-0.3049,-0.703427,-0.642049],[0.111135,0.643265,-0.757535]]],"btipPosition":[-34.3883,251.511,-48.4576],"carpPosition":[-14.8325,288.394,10.8843],"dipPosition":[-32.4842,262.532,-61.437],"direction":[-0.251199,-0.912209,0.323688],"extended":false,"handId":247,"id":2473,"length":59.0831,"mcpPosition":[-13.9658,312.579,-41.2121],"pipPosition":[-26.1028,285.706,-69.6599],"stabilizedTipPosition":[-66.888,213.211,163.435],"timeVisible":0.506476,"tipPosition":[-34.0091,254.508,-53.1092],"tipVelocity":[17.4172,9.43857,-110.76],"tool":false,"touchDistance":0.333333,"touchZone":"none","type":3,"width":16.5772},{"bases":[[[0.871281,-0.483803,-0.0824863],[0.464434,0.758443,0.457237],[-0.158652,-0.436691,0.885511]],[[0.863533,-0.502388,-0.0437881],[0.33342,0.633923,-0.697834],[0.378342,0.588003,0.714919]],[[0.863533,-0.502388,-0.0437881],[-0.191661,-0.246638,-0.949966],[0.466452,0.828719,-0.309268]],[[0.863533,-0.502388,-0.0437881],[-0.400746,-0.63092,-0.664336],[0.306128,0.591224,-0.74615]]],"btipPosition":[-21.7584,260.888,-45.5906],"carpPosition":[-4.72142,280.943,7.33633],"dipPosition":[-16.9195,270.233,-57.3848],"direction":[-0.466452,-0.828719,0.309268],"extended":false,"handId":247,"id":2474,"length":46.32,"mcpPosition":[3.71478,304.164,-39.7502],"pipPosition":[-8.55317,285.097,-62.9318],"stabilizedTipPosition":[-55.0936,224.779,171.396],"timeVisible":0.506476,"tipPosition":[-20.5307,263.247,-49.4563],"tipVelocity":[-2.90961,30.6723,-133.533],"tool":false,"touchDistance":0.333333,"touchZone":"none","type":4,"width":14.7252}],"r":[[0.894694,-0.261007,0.362488],[0.261672,0.963951,0.0482259],[-0.362008,0.0517057,0.93074]],"s":1.04625,"t":[39.3376,39.664,-218.641],"timestamp":2930884111},false],[4,{"currentFrameRate":107.935,"devices":[],"gestures":[],"hands":[{"armBasis":[[0.936768,0.0604823,-0.344684],[0.120086,0.869589,0.478952],[0.328702,-0.490058,0.80734]],"armWidth":58.4334,"confidence":0.549435,"direction":[-0.0856069,0.553672,-0.828323],"elbow":[62.8069,154.949,214.116],"grabStrength":0,"id":247,"palmNormal":[-0.126812,-0.830668,-0.542133],"palmPosition":[-30.2289,300.824,-27.9586],"palmVelocity":[-33.2456,30.6655,-175.487],"palmWidth":83.4409,"pinchStrength":0.638983,"r":[[0.894546,-0.255669,0.366635],[0.256441,0.965391,0.0475209],[-0.366096,0.0515106,0.92915]],"s":1.05238,"sphereCenter":[-36.8082,276.724,-65.3011],"sphereRadius":43.8546,"stabilizedPalmPosition":[-67.5538,261.85,188.043],"t":[39.0446,39.9241,-220.092],"timeVisible":0.515446,"type":"right","wrist":[-18.5793,276.287,14.2196]}],"id":282160,"interactionBox":{"center":[0,200,0],"size":[235.247,235.247,147.751]},"pointables":[{"bases":[[[0.494379,0.827419,0.266398],[-0.705197,0.202594,0.679451],[0.50822,-0.523769,0.683651]],[[0.37653,0.919016,0.116772],[-0.740008,0.22254,0.634716],[0.557328,-0.325401,0.763872]],[[0.37653,0.919016,0.116772],[-0.92636,0.372265,0.0572402],[0.00913466,-0.129725,0.991508]],[[0.37653,0.919016,0.116772],[-0.865929,0.393938,-0.308189],[-0.329231,0.0149263,0.944131]]],"btipPosition":[-64.1337,286.487,-71.0869],"carpPosition":[-45.4017,267.856,15.1443],"dipPosition":[-71.1996,286.807,-50.8241],"direction":[-0.00913466,0.129725,-0.991508],"extended":false,"handId":247,"id":2470,"length":47.7925,"mcpPosition":[-45.4017,267.856,15.1443],"pipPosition":[-70.914,282.751,-19.8228],"stabilizedTipPosition":[-98.4313,231.498,141.942],"timeVisible":0.515446,"tipPosition":[-65.2097,285.397,-66.4492],"tipVelocity":[-3.90852,28.0375,-184.702],"tool":false,"touchDistance":-0.582401,"touchZone":"hovering","type":0,"width":18.5699},{"bases":[[[0.959823,0.035164,-0.278394],[0.0882769,0.903904,0.418526],[0.266358,-0.426287,0.864484]],[[0.983591,-0.0127324,-0.179964],[0.0803668,0.923992,0.373872],[0.161525,-0.3822,0.909853]],[[0.983591,-0.0127324,-0.179964],[0.0623776,0.959988,0.273005],[0.169287,-0.279751,0.94503]],[[0.983591,-0.0127324,-0.179964],[0.0476493,0.980421,0.191063],[0.174007,-0.196503,0.964939]]],"btipPosition":[-67.4712,340.847,-114.543],"carpPosition":[-36.6587,287.75,15.692],"dipPosition":[-64.7448,337.768,-99.4241],"direction":[-0.169287,0.279751,-0.94503],"extended":true,"handId":247,"id":2471,"length":53.9285,"mcpPosition":[-54.6288,316.51,-42.6311],"pipPosition":[-60.9925,331.567,-78.4775],"stabilizedTipPosition":[-114.191,296.957,72.7089],"timeVisible":0.515446,"tipPosition":[-66.3662,338.524,-111.537],"tipVelocity":[-35.4146,50.6537,-177.22],"tool":false,"touchDistance":-0.577777,"touchZone":"hovering","type":1,"width":17.738},{"bases":[[[0.957778,-0.177365,-0.226281],[0.255102,0.887258,0.384313],[0.132607,-0.425811,0.895042]],[[0.957614,-0.176841,-0.227381],[-0.00955042,0.769445,-0.638641],[0.287896,0.613743,0.735143]],[[0.957614,-0.176841,-0.227381],[-0.261395,-0.201828,-0.943895],[0.121028,0.963324,-0.239498]],[[0.957614,-0.176841,-0.227381],[-0.285706,-0.683676,-0.671535],[-0.0367001,0.708036,-0.705222]]],"btipPosition":[-49.6764,252.577,-58.5917],"carpPosition":[-25.9433,289.784,12.7686],"dipPosition":[-50.3089,264.778,-70.7447],"direction":[-0.121028,-0.963324,0.239498],"extended":false,"handId":247,"id":2472,"length":61.4471,"mcpPosition":[-34.4275,317.027,-44.4958],"pipPosition":[-47.1528,289.899,-76.9902],"stabilizedTipPosition":[-82.4214,211.189,162.198],"timeVisible":0.515446,"tipPosition":[-50.0476,255.889,-62.7334],"tipVelocity":[13.4358,-17.8186,-90.5389],"tool":false,"touchDistance":0.333333,"touchZone":"none","type":2,"width":17.4211},{"bases":[[[0.944879,-0.30447,-0.120425],[0.326976,0.858293,0.3955],[-0.0170579,-0.413076,0.910537]],[[0.944776,-0.306631,-0.115651],[0.132425,0.680012,-0.721143],[0.299769,0.666004,0.683064]],[[0.944776,-0.306631,-0.115651],[-0.208932,-0.291699,-0.933412],[0.252478,0.906029,-0.339656]],[[0.944776,-0.306631,-0.115651],[-0.308342,-0.712192,-0.63064],[0.111008,0.631474,-0.76741]]],"btipPosition":[-34.7136,251.453,-48.6379],"carpPosition":[-15.0953,288.848,9.8758],"dipPosition":[-32.8116,262.272,-61.7866],"direction":[-0.252478,-0.906029,0.339656],"extended":false,"handId":247,"id":2473,"length":59.0831,"mcpPosition":[-14.1154,312.577,-42.4282],"pipPosition":[-26.3978,285.289,-70.4151],"stabilizedTipPosition":[-66.8578,213.249,163.235],"timeVisible":0.515446,"tipPosition":[-34.3386,254.378,-53.324],"tipVelocity":[2.70351,3.66909,-87.1278],"tool":false,"touchDistance":0.333333,"touchZone":"none","type":3,"width":16.5772},{"bases":[[[0.869452,-0.487834,-0.0779127],[0.467159,0.760599,0.450835],[-0.160672,-0.428377,0.889201]],[[0.861399,-0.506499,-0.0380794],[0.332533,0.619029,-0.711495],[0.383944,0.600219,0.701659]],[[0.861399,-0.506499,-0.0380794],[-0.196481,-0.263142,-0.944538],[0.468387,0.821106,-0.326188]],[[0.861399,-0.506499,-0.0380794],[-0.404672,-0.639045,-0.654111],[0.306972,0.578861,-0.755439]]],"btipPosition":[-22.1706,260.767,-45.8459],"carpPosition":[-5.01144,281.328,6.39693],"dipPosition":[-17.3184,269.917,-57.7869],"direction":[-0.468387,-0.821106,0.326188],"extended":false,"handId":247,"id":2474,"length":46.32,"mcpPosition":[3.5322,304.107,-40.8858],"pipPosition":[-8.91739,284.644,-63.6374],"stabilizedTipPosition":[-55.0826,224.791,171.325],"timeVisible":0.515446,"tipPosition":[-20.9213,263.104,-49.8003],"tipVelocity":[-14.6035,17.2089,-105.794],"tool":false,"touchDistance":0.333333,"touchZone":"none","type":4,"width":14.7252}],"r":[[0.894546,-0.255669,0.366635],[0.256441,0.965391,0.0475209],[-0.366096,0.0515106,0.92915]],"s":1.05238,"t":[39.0446,39.9241,-220.092],"timestamp":2930893081},false],[5,{"currentFrameRate":108.023,"devices":[],"gestures":[],"hands":[{"armBasis":[[0.937543,0.0576564,-0.343058],[0.121641,0.869578,0.478579],[0.325909,-0.490418,0.808253]],"armWidth":58.4334,"confidence":0.559118,"direction":[-0.0834346,0.545104,-0.834206],"elbow":[61.7873,155.646,213.426],"grabStrength":0,"id":247,"palmNormal":[-0.127299,-0.836097,-0.533608],"palmPosition":[-30.4523,301.185,-29.1478],"palmVelocity":[-30.8363,33.1716,-163.077],"palmWidth":83.4409,"pinchStrength":0.631345,"r":[[0.894194,-0.250908,0.370759],[0.25255,0.966537,0.0449969],[-0.369642,0.0533992,0.927639]],"s":1.05821,"sphereCenter":[-37.5503,277.066,-66.0416],"sphereRadius":43.7614,"stabilizedPalmPosition":[-67.5532,261.851,188.039],"t":[38.7863,40.2348,-221.412],"timeVisible":0.524544,"type":"right","wrist":[-18.9075,277.073,13.3032]}],"id":282161,"interactionBox":{"center":[0,200,0],"size":[235.247,235.247,147.751]},"pointables":[{"bases":[[[0.495288,0.829378,0.258498],[-0.705926,0.210813,0.676186],[0.506319,-0.517387,0.689892]],[[0.379339,0.918745,0.109588],[-0.740826,0.230629,0.630862],[0.554327,-0.320496,0.768117]],[[0.379339,0.918745,0.109588],[-0.92525,0.37619,0.048919],[0.00371812,-0.119953,0.992773]],[[0.379339,0.918745,0.109588],[-0.86315,0.394048,-0.31575],[-0.333277,0.0251856,0.942493]]],"btipPosition":[-64.0831,286.575,-72.1559],"carpPosition":[-45.7447,268.694,14.274],"dipPosition":[-71.2359,287.116,-51.9283],"direction":[-0.00371812,0.119953,-0.992773],"extended":false,"handId":247,"id":2470,"length":47.7925,"mcpPosition":[-45.7447,268.694,14.274],"pipPosition":[-71.1196,283.365,-20.8874],"stabilizedTipPosition":[-98.4306,231.499,141.938],"timeVisible":0.524544,"tipPosition":[-65.3021,285.574,-67.5169],"tipVelocity":[-1.89437,24.4962,-166.325],"tool":false,"touchDistance":-0.568651,"touchZone":"hovering","type":0,"width":18.5699},{"bases":[[[0.960309,0.0307269,-0.27724],[0.0890736,0.908096,0.40918],[0.264334,-0.417634,0.869316]],[[0.98343,-0.0150571,-0.180665],[0.082613,0.924282,0.372663],[0.161374,-0.381413,0.91021]],[[0.98343,-0.0150571,-0.180665],[0.0646039,0.960229,0.271636],[0.169389,-0.278807,0.94529]],[[0.98343,-0.0150571,-0.180665],[0.0497971,0.980649,0.189335],[0.174318,-0.195194,0.965149]]],"btipPosition":[-67.6478,341.02,-115.957],"carpPosition":[-36.9708,288.579,14.6271],"dipPosition":[-64.9165,337.962,-100.835],"direction":[-0.169389,0.278807,-0.94529],"extended":true,"handId":247,"id":2471,"length":53.9285,"mcpPosition":[-54.8042,316.755,-44.0219],"pipPosition":[-61.162,331.782,-79.8823],"stabilizedTipPosition":[-114.181,296.967,72.6671],"timeVisible":0.524544,"tipPosition":[-66.5541,338.676,-112.95],"tipVelocity":[-30.9461,42.0297,-171.153],"tool":false,"touchDistance":-0.56953,"touchZone":"hovering","type":1,"width":17.738},{"bases":[[[0.957843,-0.181241,-0.22291],[0.255925,0.890828,0.375405],[0.130535,-0.416627,0.899657]],[[0.957691,-0.180757,-0.223955],[-0.00970389,0.757439,-0.652834],[0.287636,0.627386,0.723638]],[[0.957691,-0.180757,-0.223955],[-0.261198,-0.219141,-0.940081],[0.120848,0.958804,-0.257083]],[[0.957691,-0.180757,-0.223955],[-0.285537,-0.694146,-0.660779],[-0.0360175,0.69677,-0.71639]]],"btipPosition":[-49.8438,252.479,-58.7966],"carpPosition":[-26.2476,290.565,11.6994],"dipPosition":[-50.4645,264.487,-71.1421],"direction":[-0.120848,-0.958804,0.257083],"extended":false,"handId":247,"id":2472,"length":61.4471,"mcpPosition":[-34.5992,317.221,-45.8602],"pipPosition":[-47.3131,289.49,-77.8461],"stabilizedTipPosition":[-82.4088,211.206,162.111],"timeVisible":0.524544,"tipPosition":[-50.2115,255.752,-63.0123],"tipVelocity":[4.69701,-17.1984,-73.0382],"tool":false,"touchDistance":0.333333,"touchZone":"none","type":2,"width":17.4211},{"bases":[[[0.944576,-0.307211,-0.115749],[0.327735,0.861867,0.387007],[-0.0191325,-0.403493,0.914783]],[[0.944477,-0.309084,-0.111493],[0.132256,0.668223,-0.732111],[0.300786,0.676716,0.672]],[[0.944477,-0.309084,-0.111493],[-0.209923,-0.306573,-0.92841],[0.252776,0.900267,-0.354435]],[[0.944477,-0.309084,-0.111493],[-0.309154,-0.720983,-0.620168],[0.1113,0.620202,-0.776506]]],"btipPosition":[-34.95,251.537,-48.9394],"carpPosition":[-15.3966,289.583,8.83361],"dipPosition":[-33.043,262.163,-62.2439],"direction":[-0.252776,-0.900267,0.354435],"extended":false,"handId":247,"id":2473,"length":59.0831,"mcpPosition":[-14.2976,312.76,-43.7142],"pipPosition":[-26.6216,285.033,-71.2479],"stabilizedTipPosition":[-66.8371,213.275,163.097],"timeVisible":0.524544,"tipPosition":[-34.5724,254.395,-53.6416],"tipVelocity":[-5.21027,3.8647,-73.2564],"tool":false,"touchDistance":0.333333,"touchZone":"none","type":3,"width":16.5772},{"bases":[[[0.86879,-0.49,-0.071438],[0.467675,0.764536,0.443581],[-0.162738,-0.418789,0.893383]],[[0.860328,-0.508855,-0.0300182],[0.329112,0.599475,-0.729599],[0.389256,0.617815,0.683216]],[[0.860328,-0.508855,-0.0300182],[-0.202668,-0.28743,-0.936114],[0.467719,0.811449,-0.350413]],[[0.860328,-0.508855,-0.0300182],[-0.408121,-0.65234,-0.638663],[0.305405,0.561711,-0.768901]]],"btipPosition":[-22.5043,260.813,-45.7704],"carpPosition":[-5.31941,282.01,5.44948],"dipPosition":[-17.6768,269.692,-57.9242],"direction":[-0.467719,-0.811449,0.350413],"extended":false,"handId":247,"id":2474,"length":46.32,"mcpPosition":[3.33407,304.279,-42.0556],"pipPosition":[-9.28776,284.246,-64.2092],"stabilizedTipPosition":[-55.073,224.802,171.262],"timeVisible":0.524544,"tipPosition":[-21.2386,263.113,-49.8879],"tipVelocity":[-20.8917,11.9411,-75.6693],"tool":false,"touchDistance":0.333333,"touchZone":"none","type":4,"width":14.7252}],"r":[[0.894194,-0.250908,0.370759],[0.25255,0.966537,0.0449969],[-0.369642,0.0533992,0.927639]],"s":1.05821,"t":[38.7863,40.2348,-221.412],"timestamp":2930902179},false],[6,{"currentFrameRate":108.227,"devices":[],"gestures":[],"hands":[{"armBasis":[[0.93778,0.058955,-0.342187],[0.120681,0.868707,0.4804],[0.325583,-0.491805,0.807542]],"armWidth":58.4334,"confidence":0.561402,"direction":[-0.0808481,0.539577,-0.838046],"elbow":[61.4308,155.887,212.385],"grabStrength":0,"id":247,"palmNormal":[-0.125439,-0.839621,-0.52849],"palmPosition":[-30.5957,301.487,-30.2071],"palmVelocity":[-26.8573,33.3897,-151.234],"palmWidth":83.4409,"pinchStrength":0.61445,"r":[[0.893656,-0.246564,0.374947],[0.249379,0.967501,0.0418508],[-0.37308,0.0561036,0.926101]],"s":1.06466,"sphereCenter":[-38.129,277.517,-66.7276],"sphereRadius":43.6898,"stabilizedPalmPosition":[-67.5526,261.852,188.036],"t":[38.5855,40.5409,-222.602],"timeVisible":0.533415,"type":"right","wrist":[-19.1832,277.657,12.4388]}],"id":282162,"interactionBox":{"center":[0,200,0],"size":[235.247,235.247,147.751]},"pointables":[{"bases":[[[0.494311,0.831161,0.254614],[-0.708132,0.215128,0.67251],[0.504189,-0.512729,0.694912]],[[0.380403,0.918647,0.106687],[-0.742423,0.234552,0.62753],[0.551454,-0.317921,0.771249]],[[0.380403,0.918647,0.106687],[-0.924819,0.378095,0.0418749],[-0.00186968,-0.114596,0.99341]],[[0.380403,0.918647,0.106687],[-0.861628,0.393954,-0.319996],[-0.335993,0.0298026,0.941393]]],"btipPosition":[-63.9958,286.776,-73.191],"carpPosition":[-46.0219,269.279,13.3786],"dipPosition":[-71.2069,287.416,-52.987],"direction":[0.00186968,0.114596,-0.99341],"extended":false,"handId":247,"id":2470,"length":47.7925,"mcpPosition":[-46.0219,269.279,13.3786],"pipPosition":[-71.2653,283.833,-21.9262],"stabilizedTipPosition":[-98.43,231.5,141.934],"timeVisible":0.533415,"tipPosition":[-65.289,285.806,-68.56],"tipVelocity":[0.87808,24.6904,-153.026],"tool":false,"touchDistance":-0.555727,"touchZone":"hovering","type":0,"width":18.5699},{"bases":[[[0.96119,0.029086,-0.27435],[0.0876002,0.910791,0.403468],[0.261611,-0.411842,0.872895]],[[0.9836,-0.0149801,-0.179741],[0.0826606,0.923167,0.375406],[0.160308,-0.384107,0.909265]],[[0.9836,-0.0149801,-0.179741],[0.0647522,0.959438,0.274382],[0.16834,-0.281521,0.944673]],[[0.9836,-0.0149801,-0.179741],[0.0499799,0.980157,0.191817],[0.173301,-0.197654,0.964831]]],"btipPosition":[-67.6648,341.423,-117.141],"carpPosition":[-37.2526,289.168,13.6288],"dipPosition":[-64.9495,338.326,-102.024],"direction":[-0.16834,0.281521,-0.944673],"extended":true,"handId":247,"id":2471,"length":53.9285,"mcpPosition":[-54.9024,316.953,-45.2617],"pipPosition":[-61.2182,332.086,-81.0849],"stabilizedTipPosition":[-114.171,296.976,72.6285],"timeVisible":0.533415,"tipPosition":[-66.5875,339.045,-114.142],"tipVelocity":[-23.1845,42.6822,-160.964],"tool":false,"touchDistance":-0.558686,"touchZone":"hovering","type":1,"width":17.738},{"bases":[[[0.958586,-0.18252,-0.218632],[0.254562,0.893333,0.370344],[0.127716,-0.410661,0.902799]],[[0.958445,-0.182068,-0.219623],[-0.0122079,0.742977,-0.669206],[0.285016,0.644078,0.70988]],[[0.958445,-0.182068,-0.219623],[-0.26008,-0.241318,-0.934946],[0.117225,0.953214,-0.278642]],[[0.958445,-0.182068,-0.219623],[-0.282826,-0.707152,-0.648032],[-0.0373209,0.683218,-0.72926]]],"btipPosition":[-49.7035,252.311,-58.5824],"carpPosition":[-26.5205,291.137,10.7225],"dipPosition":[-50.3467,264.085,-71.1496],"direction":[-0.117225,-0.953214,0.278642],"extended":false,"handId":247,"id":2472,"length":61.4471,"mcpPosition":[-34.6917,317.411,-47.0382],"pipPosition":[-47.2898,288.942,-78.4158],"stabilizedTipPosition":[-82.3959,211.223,162.022],"timeVisible":0.533415,"tipPosition":[-50.0916,255.57,-62.9787],"tipVelocity":[7.55434,-19.3271,-48.2366],"tool":false,"touchDistance":0.333333,"touchZone":"none","type":2,"width":17.4211},{"bases":[[[0.944996,-0.307783,-0.110686],[0.32634,0.864464,0.382367],[-0.0220021,-0.397457,0.917357]],[[0.944904,-0.309329,-0.10711],[0.130213,0.655378,-0.743992],[0.300336,0.689054,0.659548]],[[0.944904,-0.309329,-0.10711],[-0.210414,-0.323276,-0.922615],[0.250766,0.89432,-0.370552]],[[0.944904,-0.309329,-0.10711],[-0.308172,-0.730235,-0.609743],[0.110396,0.609157,-0.785328]]],"btipPosition":[-34.9637,251.58,-48.9519],"carpPosition":[-15.6601,290.137,7.89815],"dipPosition":[-33.0722,262.017,-62.4076],"direction":[-0.250766,-0.89432,0.370552],"extended":false,"handId":247,"id":2473,"length":59.0831,"mcpPosition":[-14.3963,312.969,-44.7976],"pipPosition":[-26.7018,284.736,-71.821],"stabilizedTipPosition":[-66.8232,213.292,163.005],"timeVisible":0.533415,"tipPosition":[-34.5877,254.398,-53.7367],"tipVelocity":[-4.32513,2.80262,-54.8331],"tool":false,"touchDistance":0.333333,"touchZone":"none","type":3,"width":16.5772},{"bases":[[[0.869101,-0.490291,-0.0654145],[0.466114,0.767535,0.440031],[-0.165535,-0.412922,0.895597]],[[0.860278,-0.509311,-0.0228924],[0.324077,0.580958,-0.746634],[0.393568,0.634894,0.664842]],[[0.860278,-0.509311,-0.0228924],[-0.208973,-0.311307,-0.927048],[0.465029,0.802303,-0.374243]],[[0.860278,-0.509311,-0.0228924],[-0.410493,-0.665337,-0.623556],[0.302353,0.545829,-0.781443]]],"btipPosition":[-22.6503,260.897,-45.5198],"carpPosition":[-5.5708,282.545,4.5964],"dipPosition":[-17.871,269.525,-57.8718],"direction":[-0.465029,-0.802303,0.374243],"extended":false,"handId":247,"id":2474,"length":46.32,"mcpPosition":[3.23143,304.502,-43.0264],"pipPosition":[-9.53025,283.915,-64.5843],"stabilizedTipPosition":[-55.0629,224.814,171.196],"timeVisible":0.533415,"tipPosition":[-21.3758,263.165,-49.8165],"tipVelocity":[-20.028