{"sensorType":"Leap","data":[[0,{"currentFrameRate":110.078,"devices":[],"gestures":[],"hands":[{"armBasis":[[0.84922,-0.274191,-0.451271],[0.452829,0.81775,0.35529],[0.271609,-0.506068,0.818611]],"armWidth":58.4334,"confidence":0.576801,"direction":[0.0673366,0.505922,-0.859947],"elbow":[68.0821,163.761,228.282],"grabStrength":0,"id":250,"palmNormal":[-0.447818,-0.754883,-0.479176],"palmPosition":[-3.84015,314.043,-17.66],"palmVelocity":[16.4298,6.443,-55.552],"palmWidth":83.4409,"pinchStrength":0.848565,"r":[[0.696922,-0.586268,0.413025],[0.661137,0.748369,-0.0533041],[-0.277845,0.310215,0.909158]],"s":1.10406,"sphereCenter":[-20.098,293.494,-57.3853],"sphereRadius":48.5907,"stabilizedPalmPosition":[-54.6842,277.559,96.7829],"t":[104.436,73.8678,-223.542],"timeVisible":0.759413,"type":"right","wrist":[0.831887,289.063,25.5943]}],"id":283320,"interactionBox":{"center":[0,200,0],"size":[235.247,235.247,147.751]},"pointables":[{"bases":[[[0.772452,0.605963,0.190071],[-0.543551,0.476045,0.691327],[0.328436,-0.637331,0.697093]],[[0.629458,0.776032,-0.0394658],[-0.678137,0.57343,0.459682],[0.379359,-0.262587,0.887206]],[[0.629458,0.776032,-0.0394658],[-0.776553,0.626467,-0.0671186],[-0.0273622,0.0728956,0.996964]],[[0.629458,0.776032,-0.0394658],[-0.732275,0.575444,-0.364195],[-0.259917,0.258145,0.930486]]],"btipPosition":[-38.0549,295.11,-63.6135],"carpPosition":[-27.1232,290.91,28.1412],"dipPosition":[-43.6332,300.651,-43.6435],"direction":[0.0273622,-0.0728956,-0.996964],"extended":false,"handId":250,"id":2500,"length":47.7925,"mcpPosition":[-27.1232,290.91,28.1412],"pipPosition":[-44.4888,302.93,-12.4716],"stabilizedTipPosition":[-95.2237,253.578,71.3574],"timeVisible":0.759413,"tipPosition":[-38.7336,295.395,-59.0017],"tipVelocity":[17.4046,49.521,-75.5199],"tool":false,"touchDistance":-0.419549,"touchZone":"hovering","type":0,"width":18.5699},{"bases":[[[0.890234,-0.326496,-0.317622],[0.430504,0.83091,0.352498],[0.148826,-0.450543,0.880262]],[[0.898951,-0.429744,-0.0848902],[0.437749,0.87414,0.210367],[-0.0161982,-0.226271,0.97393]],[[0.898951,-0.429744,-0.0848902],[0.437919,0.886359,0.150314],[0.0106467,-0.1723,0.984987]],[[0.898951,-0.429744,-0.0848902],[0.436944,0.893437,0.104159],[0.0310823,-0.130726,0.990931]]],"btipPosition":[-21.9637,351.501,-108.121],"carpPosition":[-11.8382,306.323,26.9952],"dipPosition":[-21.4767,349.453,-92.5955],"direction":[-0.0106467,0.1723,-0.984987],"extended":true,"handId":250,"id":2501,"length":53.9285,"mcpPosition":[-21.8789,336.719,-32.3924],"pipPosition":[-21.2407,345.634,-70.7632],"stabilizedTipPosition":[-49.5346,340.348,-55.4593],"timeVisible":0.759413,"tipPosition":[-21.6556,350.878,-104.558],"tipVelocity":[77.9475,-2.54682,-73.9403],"tool":false,"touchDistance":-0.419255,"touchZone":"hovering","type":1,"width":17.738},{"bases":[[[0.815635,-0.521198,-0.251182],[0.577974,0.753657,0.312966],[0.026188,-0.400442,0.915948]],[[0.811824,-0.492009,-0.314435],[0.558961,0.810549,0.174853],[0.168835,-0.317707,0.933036]],[[0.811824,-0.492009,-0.314435],[0.54592,0.830613,0.109789],[0.207156,-0.260786,0.942909]],[[0.811824,-0.492009,-0.314435],[0.534208,0.843235,0.0598019],[0.235719,-0.216522,0.947394]]],"btipPosition":[-19.9049,354.412,-117.236],"carpPosition":[-1.30246,304.217,23.5221],"dipPosition":[-15.8428,350.68,-100.91],"direction":[-0.207156,0.260786,-0.942909],"extended":true,"handId":250,"id":2502,"length":61.4471,"mcpPosition":[-2.97796,329.837,-35.0799],"pipPosition":[-10.4407,343.88,-76.3214],"stabilizedTipPosition":[-38.4355,342.683,-78.2314],"timeVisible":0.759413,"tipPosition":[-18.5369,352.593,-113.772],"tipVelocity":[82.4924,-1.83181,-70.8569],"tool":false,"touchDistance":-0.41214,"touchZone":"hovering","type":2,"width":17.4211},{"bases":[[[0.764692,-0.629767,-0.136528],[0.635311,0.701344,0.323259],[-0.107824,-0.333932,0.93641]],[[0.769234,-0.611712,-0.184628],[0.386681,0.675689,-0.627632],[0.508681,0.411404,0.7563]],[[0.769234,-0.611712,-0.184628],[0.0207292,0.312686,-0.94963],[0.63863,0.726661,0.253209]],[[0.769234,-0.611712,-0.184628],[-0.186766,0.0610771,-0.980504],[0.611062,0.788719,-0.0672642]]],"btipPosition":[-33.0429,269.649,-69.7823],"carpPosition":[8.29876,299.297,20.2755],"dipPosition":[-22.5731,283.163,-70.9348],"direction":[-0.638631,-0.726661,-0.253209],"extended":false,"handId":250,"id":2503,"length":59.0831,"mcpPosition":[14.4925,318.479,-33.5147],"pipPosition":[-6.34952,301.623,-64.5024],"stabilizedTipPosition":[-74.7814,244.605,27.5559],"timeVisible":0.759413,"tipPosition":[-30.3615,273.038,-70.4223],"tipVelocity":[53.4519,-23.3289,-41.428],"tool":false,"touchDistance":-0.392478,"touchZone":"touching","type":3,"width":16.5772},{"bases":[[[0.631519,-0.77135,-0.0787539],[0.734476,0.562579,0.37954],[-0.248453,-0.297529,0.921817]],[[0.618042,-0.785507,-0.0316893],[0.577995,0.481354,-0.658954],[0.532867,0.388945,0.751515]],[[0.618042,-0.785507,-0.0316893],[0.160199,0.165305,-0.973145],[0.76965,0.596367,0.228003]],[[0.618042,-0.785507,-0.0316893],[-0.0881688,-0.0292036,-0.995677],[0.781186,0.618164,-0.0873062]]],"btipPosition":[-15.4186,271.231,-59.1738],"carpPosition":[14.8011,288.489,16.921],"dipPosition":[-3.07059,281.002,-60.5538],"direction":[-0.76965,-0.596367,-0.228003],"extended":false,"handId":250,"id":2504,"length":46.32,"mcpPosition":[28.0124,304.31,-32.096],"pipPosition":[10.7339,291.699,-56.4643],"stabilizedTipPosition":[-70.096,232.23,74.2935],"timeVisible":0.759413,"tipPosition":[-12.3683,273.626,-59.728],"tipVelocity":[39.7662,-11.2103,-28.4846],"tool":false,"touchDistance":-0.381984,"touchZone":"hovering","type":4,"width":14.7252}],"r":[[0.696922,-0.586268,0.413025],[0.661137,0.748369,-0.0533041],[-0.277845,0.310215,0.909158]],"s":1.10406,"t":[104.436,73.8678,-223.542],"timestamp":2941549444},false],[1,{"currentFrameRate":110.192,"devices":[],"gestures":[],"hands":[{"armBasis":[[0.851983,-0.270567,-0.448238],[0.44836,0.819131,0.357767],[0.270366,-0.505784,0.819198]],"armWidth":58.4334,"confidence":0.577159,"direction":[0.0743741,0.50364,-0.860707],"elbow":[67.7525,163.808,228.019],"grabStrength":0,"id":250,"palmNormal":[-0.442329,-0.756887,-0.481111],"palmPosition":[-3.50692,313.893,-18.1782],"palmVelocity":[22.1611,0.111149,-56.3262],"palmWidth":83.4409,"pinchStrength":0.831581,"r":[[0.694802,-0.584943,0.418439],[0.660582,0.749108,-0.0496795],[-0.284396,0.31093,0.906885]],"s":1.10598,"sphereCenter":[-19.3501,293.059,-58.0435],"sphereRadius":48.6575,"stabilizedPalmPosition":[-54.6713,277.568,96.7539],"t":[104.709,73.7807,-224.043],"timeVisible":0.768286,"type":"right","wrist":[0.810107,289.04,25.186]}],"id":283321,"interactionBox":{"center":[0,200,0],"size":[235.247,235.247,147.751]},"pointables":[{"bases":[[[0.769792,0.607659,0.195376],[-0.550506,0.477132,0.685046],[0.323054,-0.634898,0.701812]],[[0.630088,0.775779,-0.0339859],[-0.680226,0.572531,0.457713],[0.374542,-0.265281,0.88845]],[[0.630088,0.775779,-0.0339859],[-0.775869,0.627156,-0.0685757],[-0.0318852,0.0695774,0.997067]],[[0.630088,0.775779,-0.0339859],[-0.730635,0.577462,-0.364295],[-0.262987,0.254369,0.930663]]],"btipPosition":[-37.6736,295.36,-64.3444],"carpPosition":[-27.1696,290.851,27.4743],"dipPosition":[-43.3178,300.82,-44.3706],"direction":[0.0318852,-0.0695774,-0.997067],"extended":false,"handId":250,"id":2500,"length":47.7925,"mcpPosition":[-27.1696,290.851,27.4743],"pipPosition":[-44.3147,302.995,-13.1955],"stabilizedTipPosition":[-95.0528,253.709,70.9591],"timeVisible":0.768286,"tipPosition":[-38.3038,295.566,-59.7405],"tipVelocity":[23.8798,43.154,-77.3513],"tool":false,"touchDistance":-0.416877,"touchZone":"hovering","type":0,"width":18.5699},{"bases":[[[0.893563,-0.326022,-0.308632],[0.42605,0.832536,0.35407],[0.141513,-0.447877,0.882825]],[[0.900349,-0.428515,-0.0758043],[0.434487,0.875458,0.211646],[-0.0243302,-0.223492,0.974402]],[[0.900349,-0.428515,-0.0758043],[0.435162,0.887499,0.151592],[0.00231692,-0.169473,0.985532]],[[0.900349,-0.428515,-0.0758043],[0.43458,0.89444,0.105436],[0.0226214,-0.127873,0.991533]]],"btipPosition":[-20.8924,351.066,-108.906],"carpPosition":[-11.8979,306.285,26.424],"dipPosition":[-20.538,349.063,-93.3703],"direction":[-0.00231692,0.169473,-0.985532],"extended":true,"handId":250,"id":2501,"length":53.9285,"mcpPosition":[-21.4452,336.501,-33.1365],"pipPosition":[-20.4866,345.306,-71.526],"stabilizedTipPosition":[-49.1847,340.473,-56.0669],"timeVisible":0.768286,"tipPosition":[-20.609,350.46,-105.337],"tipVelocity":[88.6228,-14.844,-77.7931],"tool":false,"touchDistance":-0.417394,"touchZone":"hovering","type":1,"width":17.738},{"bases":[[[0.818655,-0.520653,-0.24233],[0.573988,0.755397,0.316091],[0.0184814,-0.397864,0.917258]],[[0.815135,-0.49029,-0.308497],[0.555377,0.812844,0.175616],[0.164658,-0.314483,0.934873]],[[0.815135,-0.49029,-0.308497],[0.542733,0.832553,0.110885],[0.202475,-0.257818,0.94474]],[[0.815135,-0.49029,-0.308497],[0.531369,0.844928,0.0611911],[0.230657,-0.213805,0.949255]]],"btipPosition":[-19.0434,353.948,-117.951],"carpPosition":[-1.32799,304.185,23.0523],"dipPosition":[-15.0685,350.264,-101.592],"direction":[-0.202475,0.257818,-0.94474],"extended":true,"handId":250,"id":2502,"length":61.4471,"mcpPosition":[-2.51042,329.64,-35.6335],"pipPosition":[-9.78851,343.54,-76.9562],"stabilizedTipPosition":[-38.0674,342.872,-78.8833],"timeVisible":0.768286,"tipPosition":[-17.6129,352.218,-114.469],"tipVelocity":[85.8402,-15.1821,-73.2581],"tool":false,"touchDistance":-0.409868,"touchZone":"hovering","type":2,"width":17.4211},{"bases":[[[0.766838,-0.628981,-0.127841],[0.631307,0.7032,0.327049],[-0.11581,-0.3315,0.93632]],[[0.771828,-0.610863,-0.17643],[0.38777,0.67213,-0.630774],[0.5039,0.418435,0.755644]],[[0.771828,-0.610863,-0.17643],[0.0251193,0.306557,-0.951521],[0.635335,0.729979,0.251954]],[[0.771828,-0.610863,-0.17643],[-0.180543,0.0555052,-0.982],[0.60966,0.789788,-0.0674465]]],"btipPosition":[-32.2697,269.093,-70.0841],"carpPosition":[8.3096,299.271,19.9066],"dipPosition":[-21.8239,282.625,-71.2398],"direction":[-0.635335,-0.729979,-0.251954],"extended":false,"handId":250,"id":2503,"length":59.0831,"mcpPosition":[14.9621,318.313,-33.8784],"pipPosition":[-5.68407,301.169,-64.8392],"stabilizedTipPosition":[-74.5614,244.74,27.0762],"timeVisible":0.768286,"tipPosition":[-29.5786,272.536,-70.8052],"tipVelocity":[62.4224,-33.8916,-39.4394],"tool":false,"touchDistance":-0.386102,"touchZone":"touching","type":3,"width":16.5772},{"bases":[[[0.633358,-0.770606,-0.0708813],[0.730164,0.564742,0.384612],[-0.256355,-0.295352,0.920353]],[[0.620326,-0.783892,-0.0266333],[0.575714,0.478122,-0.66329],[0.532681,0.396123,0.747889]],[[0.620326,-0.783892,-0.0266333],[0.159756,0.15952,-0.974182],[0.767902,0.600056,0.224186]],[[0.620326,-0.783892,-0.0266333],[-0.0859862,-0.0342146,-0.995709],[0.779616,0.619954,-0.0886281]]],"btipPosition":[-14.8791,270.762,-59.1687],"carpPosition":[14.8582,288.464,16.6413],"dipPosition":[-2.55593,280.562,-60.5697],"direction":[-0.767902,-0.600056,-0.224186],"extended":false,"handId":250,"id":2504,"length":46.32,"mcpPosition":[28.4897,304.169,-32.2979],"pipPosition":[11.2172,291.324,-56.5486],"stabilizedTipPosition":[-69.8431,232.408,73.7106],"timeVisible":0.768286,"tipPosition":[-11.7627,273.212,-59.8653],"tipVelocity":[45.2974,-22.3008,-20.7495],"tool":false,"touchDistance":-0.372115,"touchZone":"hovering","type":4,"width":14.7252}],"r":[[0.694802,-0.584943,0.418439],[0.660582,0.749108,-0.0496795],[-0.284396,0.31093,0.906885]],"s":1.10598,"t":[104.709,73.7807,-224.043],"timestamp":2941558317},false],[2,{"currentFrameRate":110.088,"devices":[],"gestures":[],"hands":[{"armBasis":[[0.858688,-0.256926,-0.443446],[0.43396,0.824816,0.362432],[0.272643,-0.503654,0.819755]],"armWidth":58.4334,"confidence":0.582359,"direction":[0.0832947,0.510085,-0.856081],"elbow":[67.8593,164.491,226.456],"grabStrength":0,"id":250,"palmNormal":[-0.426355,-0.758229,-0.493265],"palmPosition":[-3.50745,314.29,-19.783],"palmVelocity":[15.9064,12.1297,-89.2066],"palmWidth":83.4409,"pinchStrength":0.820992,"r":[[0.692892,-0.582986,0.424297],[0.658704,0.751137,-0.0436226],[-0.293274,0.309712,0.904472]],"s":1.10815,"sphereCenter":[-18.5426,293.573,-60.0341],"sphereRadius":48.6604,"stabilizedPalmPosition":[-54.6607,277.575,96.7299],"t":[104.846,73.9355,-225.095],"timeVisible":0.777555,"type":"right","wrist":[0.353121,289.195,23.4854]}],"id":283322,"interactionBox":{"center":[0,200,0],"size":[235.247,235.247,147.751]},"pointables":[{"bases":[[[0.760042,0.614309,0.212042],[-0.566723,0.466834,0.67889],[0.31806,-0.636153,0.702956]],[[0.62333,0.781769,-0.0172357],[-0.691488,0.561369,0.454653],[0.365109,-0.271481,0.890502]],[[0.62333,0.781769,-0.0172357],[-0.78055,0.620732,-0.0737111],[-0.0469263,0.0593997,0.997131]],[[0.62333,0.781769,-0.0172357],[-0.729578,0.573502,-0.372574],[-0.281382,0.244811,0.927843]]],"btipPosition":[-36.8851,296.017,-66.5331],"carpPosition":[-27.6781,290.701,25.3209],"dipPosition":[-42.9241,301.271,-46.6199],"direction":[0.0469263,-0.0593997,-0.997131],"extended":false,"handId":250,"id":2500,"length":47.7925,"mcpPosition":[-27.6781,290.701,25.3209],"pipPosition":[-44.3913,303.129,-15.4428],"stabilizedTipPosition":[-94.8881,253.835,70.5737],"timeVisible":0.777555,"tipPosition":[-37.5909,296.178,-61.9717],"tipVelocity":[38.3453,49.5267,-122.474],"tool":false,"touchDistance":-0.436563,"touchZone":"hovering","type":0,"width":18.5699},{"bases":[[[0.901911,-0.314672,-0.295868],[0.411385,0.834546,0.366462],[0.1316,-0.452232,0.882138]],[[0.905976,-0.418446,-0.0641061],[0.421717,0.87892,0.222834],[-0.0369,-0.228917,0.972746]],[[0.905976,-0.418446,-0.0641061],[0.423183,0.891259,0.163015],[-0.0110778,-0.174816,0.984539]],[[0.905976,-0.418446,-0.0641061],[0.423241,0.898426,0.117038],[0.00862061,-0.133166,0.991056]]],"btipPosition":[-19.8681,351.789,-110.565],"carpPosition":[-12.5539,306.299,24.6238],"dipPosition":[-19.7331,349.703,-95.0369],"direction":[0.0110778,0.174816,-0.984539],"extended":true,"handId":250,"id":2501,"length":53.9285,"mcpPosition":[-21.4324,336.809,-34.8903],"pipPosition":[-19.9786,345.828,-73.2145],"stabilizedTipPosition":[-48.7778,340.623,-56.7729],"timeVisible":0.777555,"tipPosition":[-19.6119,351.207,-106.987],"tipVelocity":[93.2515,10.7191,-106.333],"tool":false,"touchDistance":-0.428899,"touchZone":"hovering","type":1,"width":17.738},{"bases":[[[0.827964,-0.510506,-0.232077],[0.560731,0.759202,0.330445],[0.00749909,-0.403729,0.914848]],[[0.82505,-0.478665,-0.300287],[0.543483,0.817666,0.189862],[0.154654,-0.319847,0.934762]],[[0.82505,-0.478665,-0.300287],[0.53159,0.837687,0.12527],[0.191584,-0.262983,0.945587]],[[0.82505,-0.478665,-0.300287],[0.520842,0.850295,0.075643],[0.219125,-0.218811,0.950845]]],"btipPosition":[-17.996,354.928,-119.479],"carpPosition":[-1.90821,304.331,21.4145],"dipPosition":[-14.2199,351.157,-103.093],"direction":[-0.191584,0.262983,-0.945587],"extended":true,"handId":250,"id":2502,"length":61.4471,"mcpPosition":[-2.38799,330.162,-37.1171],"pipPosition":[-9.22391,344.299,-78.4349],"stabilizedTipPosition":[-37.6431,343.099,-79.6295],"timeVisible":0.777555,"tipPosition":[-16.568,353.214,-115.989],"tipVelocity":[92.0957,18.2472,-98.8569],"tool":false,"touchDistance":-0.420043,"touchZone":"hovering","type":2,"width":17.4211},{"bases":[[[0.775401,-0.620123,-0.119165],[0.618406,0.707531,0.342014],[-0.127778,-0.338891,0.932108]],[[0.781046,-0.60145,-0.168001],[0.386448,0.676849,-0.626524],[0.490535,0.424421,0.76108]],[[0.781046,-0.60145,-0.168001],[0.0325462,0.307869,-0.950872],[0.623624,0.737207,0.260035]],[[0.781046,-0.60145,-0.168001],[-0.168503,0.0560685,-0.984105],[0.60131,0.796941,-0.057554]]],"btipPosition":[-31.0726,269.233,-71.949],"carpPosition":[7.83105,299.539,18.3973],"dipPosition":[-20.7699,282.888,-72.9351],"direction":[-0.623624,-0.737207,-0.260035],"extended":false,"handId":250,"id":2503,"length":59.0831,"mcpPosition":[15.171,319.006,-35.1457],"pipPosition":[-4.92753,301.616,-66.3292],"stabilizedTipPosition":[-74.2422,244.933,26.3855],"timeVisible":0.777555,"tipPosition":[-28.3892,272.784,-72.7381],"tipVelocity":[80.2076,-19.2147,-83.7894],"tool":false,"touchDistance":-0.403212,"touchZone":"touching","type":3,"width":16.5772},{"bases":[[[0.642492,-0.763501,-0.0653447],[0.717746,0.569728,0.400313],[-0.268411,-0.304099,0.914046]],[[0.629582,-0.776576,-0.0235887],[0.574464,0.485738,-0.658825],[0.523085,0.401233,0.751927]],[[0.629582,-0.776576,-0.0235887],[0.164969,0.163288,-0.972688],[0.759218,0.608495,0.230914]],[[0.629582,-0.776576,-0.0235887],[-0.0766321,-0.0318563,-0.99655],[0.773146,0.629218,-0.0795668]]],"btipPosition":[-13.9813,271.122,-60.6981],"carpPosition":[14.5457,288.822,15.1713],"dipPosition":[-1.76042,281.068,-61.9558],"direction":[-0.759218,-0.608495,-0.230914],"extended":false,"handId":250,"id":2504,"length":46.32,"mcpPosition":[28.8183,304.992,-33.4325],"pipPosition":[11.857,291.982,-57.8141],"stabilizedTipPosition":[-69.5227,232.632,72.9751],"timeVisible":0.777555,"tipPosition":[-10.825,273.657,-61.4868],"tipVelocity":[59.0983,-4.06928,-60.3573],"tool":false,"touchDistance":-0.385684,"touchZone":"hovering","type":4,"width":14.7252}],"r":[[0.692892,-0.582986,0.424297],[0.658704,0.751137,-0.0436226],[-0.293274,0.309712,0.904472]],"s":1.10815,"t":[104.846,73.9355,-225.095],"timestamp":2941567586},false],[3,{"currentFrameRate":110.265,"devices":[],"gestures":[],"hands":[{"armBasis":[[0.860438,-0.254955,-0.441186],[0.430816,0.826356,0.362675],[0.272111,-0.502129,0.820867]],"armWidth":58.4334,"confidence":0.589979,"direction":[0.0929263,0.505073,-0.858059],"elbow":[67.562,164.651,226.146],"grabStrength":0,"id":250,"palmNormal":[-0.421762,-0.760685,-0.493433],"palmPosition":[-3.18626,313.825,-20.5502],"palmVelocity":[21.48,-5.33991,-88.7845],"palmWidth":83.4409,"pinchStrength":0.793218,"r":[[0.690294,-0.581059,0.43112],[0.65738,0.752588,-0.0382429],[-0.302234,0.309808,0.901484]],"s":1.11127,"sphereCenter":[-17.6724,292.679,-60.9359],"sphereRadius":48.7777,"stabilizedPalmPosition":[-54.6525,277.581,96.7112],"t":[105.075,73.7809,-226.005],"timeVisible":0.78631,"type":"right","wrist":[0.187688,288.978,22.9006]}],"id":283323,"interactionBox":{"center":[0,200,0],"size":[235.247,235.247,147.751]},"pointables":[{"bases":[[[0.758303,0.614856,0.21663],[-0.573518,0.471231,0.670089],[0.309925,-0.632372,0.709967]],[[0.626159,0.779598,-0.0123224],[-0.69105,0.562219,0.454269],[0.361075,-0.275929,0.89078]],[[0.626159,0.779598,-0.0123224],[-0.778016,0.623696,-0.0754589],[-0.0511421,0.0568364,0.997073]],[[0.626159,0.779598,-0.0123224],[-0.725603,0.576862,-0.37514],[-0.28535,0.243839,0.926886]]],"btipPosition":[-36.6655,296.139,-67.4172],"carpPosition":[-27.8601,290.519,24.4273],"dipPosition":[-42.7897,301.372,-47.5244],"direction":[0.0511421,-0.0568364,-0.997073],"extended":false,"handId":250,"id":2500,"length":47.7925,"mcpPosition":[-27.8601,290.519,24.4273],"pipPosition":[-44.3887,303.15,-16.3492],"stabilizedTipPosition":[-94.7525,253.939,70.2553],"timeVisible":0.78631,"tipPosition":[-37.2763,296.189,-62.8842],"tipVelocity":[34.1886,39.8302,-116.852],"tool":false,"touchDistance":-0.434571,"touchZone":"hovering","type":0,"width":18.5699},{"bases":[[[0.904731,-0.317158,-0.284382],[0.408221,0.836284,0.366041],[0.121732,-0.447259,0.886082]],[[0.906434,-0.418902,-0.0538299],[0.419912,0.88019,0.221222],[-0.0452897,-0.223127,0.973737]],[[0.906434,-0.418902,-0.0538299],[0.421881,0.892063,0.16199],[-0.0198383,-0.169543,0.985323]],[[0.906434,-0.418902,-0.0538299],[0.422347,0.898918,0.116487],[-0.000407813,-0.128322,0.991732]]],"btipPosition":[-18.697,350.833,-111.719],"carpPosition":[-12.7147,306.099,23.8025],"dipPosition":[-18.7034,348.822,-96.1807],"direction":[0.0198383,0.169543,-0.985323],"extended":true,"handId":250,"id":2501,"length":53.9285,"mcpPosition":[-20.9275,336.273,-35.9778],"pipPosition":[-19.1431,345.064,-74.341],"stabilizedTipPosition":[-48.3443,340.763,-57.5134],"timeVisible":0.78631,"tipPosition":[-18.4285,350.267,-108.134],"tipVelocity":[103.12,-20.9296,-113.106],"tool":false,"touchDistance":-0.431623,"touchZone":"hovering","type":1,"width":17.738},{"bases":[[[0.829922,-0.512556,-0.220261],[0.557873,0.760602,0.332058],[-0.00266711,-0.39846,0.917182]],[[0.827628,-0.480103,-0.290743],[0.541821,0.818598,0.190596],[0.146496,-0.315274,0.937625]],[[0.827628,-0.480103,-0.290743],[0.530496,0.838297,0.12583],[0.183318,-0.258378,0.948491]],[[0.827628,-0.480103,-0.290743],[0.520188,0.850657,0.0760773],[0.210798,-0.214205,0.953772]]],"btipPosition":[-16.755,353.961,-120.577],"carpPosition":[-2.0372,304.103,20.7186],"dipPosition":[-13.1223,350.27,-104.141],"direction":[-0.183318,0.258378,-0.948491],"extended":true,"handId":250,"id":2502,"length":61.4471,"mcpPosition":[-1.86656,329.596,-37.9623],"pipPosition":[-8.3419,343.532,-79.4067],"stabilizedTipPosition":[-37.1932,343.306,-80.3993],"timeVisible":0.78631,"tipPosition":[-15.3268,352.295,-117.064],"tipVelocity":[104.404,-15.7044,-105.623],"tool":false,"touchDistance":-0.422667,"touchZone":"hovering","type":2,"width":17.4211},{"bases":[[[0.776052,-0.621476,-0.107291],[0.615372,0.708949,0.344541],[-0.13806,-0.333405,0.93262]],[[0.782235,-0.603097,-0.15615],[0.385657,0.66563,-0.63891],[0.489263,0.439557,0.753267]],[[0.782235,-0.603097,-0.15615],[0.0333439,0.29082,-0.956197],[0.622091,0.742763,0.247599]],[[0.782235,-0.603097,-0.15615],[-0.165293,0.0407443,-0.985403],[0.600656,0.796626,-0.0678159]]],"btipPosition":[-30.4815,267.909,-71.7304],"carpPosition":[7.7293,299.285,17.8335],"dipPosition":[-20.1899,281.558,-72.8923],"direction":[-0.622091,-0.742763,-0.247599],"extended":false,"handId":250,"id":2503,"length":59.0831,"mcpPosition":[15.6599,318.437,-35.739],"pipPosition":[-4.38652,300.427,-66.6024],"stabilizedTipPosition":[-73.7383,245.218,25.3107],"timeVisible":0.78631,"tipPosition":[-27.7454,271.6,-72.7874],"tipVelocity":[76.7265,-54.6868,-55.8578],"tool":false,"touchDistance":-0.388552,"touchZone":"touching","type":3,"width":16.5772},{"bases":[[[0.642441,-0.764426,-0.0540722],[0.713954,0.571397,0.404691],[-0.27846,-0.298595,0.912853]],[[0.629929,-0.776509,-0.0149375],[0.573544,0.478073,-0.665202],[0.523676,0.410462,0.746514]],[[0.629929,-0.776509,-0.0149375],[0.164082,0.151858,-0.974688],[0.759122,0.611533,0.223071]],[[0.629929,-0.776509,-0.0149375],[-0.0757154,-0.0422584,-0.996234],[0.772953,0.628687,-0.0854135]]],"btipPosition":[-13.539,270.206,-60.6563],"carpPosition":[14.4681,288.544,14.7412],"dipPosition":[-1.32119,280.144,-62.0064],"direction":[-0.759122,-0.611533,-0.223071],"extended":false,"handId":250,"id":2504,"length":46.32,"mcpPosition":[29.275,304.422,-33.7992],"pipPosition":[12.2945,291.112,-58.0054],"stabilizedTipPosition":[-69.1033,232.916,72.0195],"timeVisible":0.78631,"tipPosition":[-10.3111,272.785,-61.6153],"tipVelocity":[56.775,-31.1016,-43.5373],"tool":false,"touchDistance":-0.37514,"touchZone":"hovering","type":4,"width":14.7252}],"r":[[0.690294,-0.581059,0.43112],[0.65738,0.752588,-0.0382429],[-0.302234,0.309808,0.901484]],"s":1.11127,"t":[105.075,73.7809,-226.005],"timestamp":2941576341},false],[4,{"currentFrameRate":110.185,"devices":[],"gestures":[],"hands":[{"armBasis":[[0.864386,-0.245781,-0.438667],[0.421069,0.830652,0.364303],[0.274841,-0.499608,0.821495]],"armWidth":58.4334,"confidence":0.595777,"direction":[0.0988968,0.503259,-0.858458],"elbow":[68.1814,165.015,226.009],"grabStrength":0,"id":250,"palmNormal":[-0.410999,-0.765009,-0.495824],"palmPosition":[-2.93497,313.417,-20.9507],"palmVelocity":[23.1004,-16.259,-76.0849],"palmWidth":83.4409,"pinchStrength":0.769046,"r":[[0.688006,-0.578307,0.438415],[0.655309,0.754642,-0.0329403],[-0.311797,0.309961,0.898169]],"s":1.11546,"sphereCenter":[-17.1774,292.308,-61.3734],"sphereRadius":48.7554,"stabilizedPalmPosition":[-54.6437,277.587,96.691],"t":[105.315,73.4994,-226.661],"timeVisible":0.795527,"type":"right","wrist":[0.1309,288.717,22.6072]}],"id":283324,"interactionBox":{"center":[0,200,0],"size":[235.247,235.247,147.751]},"pointables":[{"bases":[[[0.751581,0.620739,0.223178],[-0.584141,0.469134,0.662339],[0.30644,-0.628169,0.715191]],[[0.623057,0.782163,-0.00450818],[-0.696015,0.557045,0.453062],[0.356879,-0.279146,0.891468]],[[0.623057,0.782163,-0.00450818],[-0.779932,0.620824,-0.0792682],[-0.0592019,0.0529047,0.996843]],[[0.623057,0.782163,-0.00450818],[-0.724781,0.575162,-0.379317],[-0.294095,0.239604,0.925256]]],"btipPosition":[-36.1157,296.049,-68.0138],"carpPosition":[-27.9421,290.067,23.8199],"dipPosition":[-42.4276,301.191,-48.1561],"direction":[0.0592019,-0.0529047,-0.996843],"extended":false,"handId":250,"id":2500,"length":47.7925,"mcpPosition":[-27.9421,290.067,23.8199],"pipPosition":[-44.2786,302.845,-16.988],"stabilizedTipPosition":[-94.6261,254.035,69.9597],"timeVisible":0.795527,"tipPosition":[-36.7428,296.027,-63.5091],"tipVelocity":[40.0097,25.2908,-102.495],"tool":false,"touchDistance":-0.428518,"touchZone":"hovering","type":0,"width":18.5699},{"bases":[[[0.909995,-0.311658,-0.273456],[0.398342,0.840148,0.368069],[0.115032,-0.44387,0.888677]],[[0.910415,-0.411001,-0.0471503],[0.410742,0.884423,0.221558],[-0.0493597,-0.221076,0.974007]],[[0.910415,-0.411001,-0.0471503],[0.412957,0.896048,0.162988],[-0.0247395,-0.167858,0.985501]],[[0.910415,-0.411001,-0.0471503],[0.413654,0.902753,0.118016],[-0.00593971,-0.126948,0.991892]]],"btipPosition":[-18.0738,350.116,-112.397],"carpPosition":[-12.8991,305.751,23.3166],"dipPosition":[-18.1668,348.127,-96.8563],"direction":[0.0247395,0.167858,-0.985501],"extended":true,"handId":250,"id":2501,"length":53.9285,"mcpPosition":[-20.6599,335.697,-36.6387],"pipPosition":[-18.7152,344.407,-75.0126],"stabilizedTipPosition":[-47.836,340.913,-58.3755],"timeVisible":0.795527,"tipPosition":[-17.7151,349.544,-108.804],"tipVelocity":[92.568,-36.6906,-102.01],"tool":false,"touchDistance":-0.426956,"touchZone":"hovering","type":1,"width":17.738},{"bases":[[[0.83584,-0.507389,-0.209592],[0.548882,0.765415,0.335961],[-0.0100379,-0.39585,0.91826]],[[0.833901,-0.473618,-0.283363],[0.533677,0.822847,0.195222],[0.140703,-0.31402,0.938932]],[[0.833901,-0.473618,-0.283363],[0.52281,0.842389,0.130579],[0.176857,-0.257035,0.950081]],[[0.833901,-0.473618,-0.283363],[0.512884,0.854638,0.080894],[0.20386,-0.21279,0.955595]]],"btipPosition":[-15.8767,353.397,-121.139],"carpPosition":[-2.17458,303.821,20.3565],"dipPosition":[-12.3636,349.73,-104.671],"direction":[-0.176857,0.257035,-0.950081],"extended":true,"handId":250,"id":2502,"length":61.4471,"mcpPosition":[-1.53236,329.147,-38.3934],"pipPosition":[-7.75165,343.027,-79.8955],"stabilizedTipPosition":[-36.6507,343.533,-81.3052],"timeVisible":0.795527,"tipPosition":[-14.4458,351.726,-117.621],"tipVelocity":[101.015,-28.2832,-92.8851],"tool":false,"touchDistance":-0.417051,"touchZone":"hovering","type":2,"width":17.4211},{"bases":[[[0.781481,-0.616358,-0.0969036],[0.606596,0.714199,0.349229],[-0.146041,-0.331697,0.932013]],[[0.788029,-0.598238,-0.145332],[0.379286,0.657717,-0.650808],[0.484926,0.457733,0.745203]],[[0.788029,-0.598238,-0.145332],[0.0310448,0.274382,-0.96112],[0.614855,0.752878,0.234793]],[[0.788029,-0.598238,-0.145332],[-0.163185,0.0246472,-0.986288],[0.593617,0.800939,-0.0782008]]],"btipPosition":[-29.6138,266.512,-71.1019],"carpPosition":[7.65638,299.062,17.5934],"dipPosition":[-19.4429,280.236,-72.4418],"direction":[-0.614855,-0.752878,-0.234793],"extended":false,"handId":250,"id":2503,"length":59.0831,"mcpPosition":[16.0454,318.116,-35.9442],"pipPosition":[-3.82329,299.362,-66.4772],"stabilizedTipPosition":[-72.7018,245.763,23.1531],"timeVisible":0.795527,"tipPosition":[-26.8624,270.353,-72.4184],"tipVelocity":[80.7608,-81.2884,-22.348],"tool":false,"touchDistance":-0.369217,"touchZone":"touching","type":3,"width":16.5772},{"bases":[[[0.648284,-0.760082,-0.0447436],[0.705459,0.577509,0.410865],[-0.286452,-0.297922,0.910597]],[[0.636227,-0.77146,-0.00804975],[0.566457,0.474193,-0.673993],[0.523776,0.424253,0.738694]],[[0.636227,-0.77146,-0.00804975],[0.158414,0.140843,-0.977276],[0.755063,0.620494,0.211818]],[[0.636227,-0.77146,-0.00804975],[-0.0775002,-0.0535268,-0.995554],[0.767599,0.634023,-0.0938435]]],"btipPosition":[-12.9247,269.294,-60.0817],"carpPosition":[14.5032,288.36,14.6071],"dipPosition":[-0.791457,279.316,-61.5651],"direction":[-0.755063,-0.620494,-0.211818],"extended":false,"handId":250,"id":2504,"length":46.32,"mcpPosition":[29.7351,304.202,-33.8133],"pipPosition":[12.7514,290.445,-57.7659],"stabilizedTipPosition":[-68.3711,233.397,70.3751],"timeVisible":0.795527,"tipPosition":[-9.62567,271.963,-61.2648],"tipVelocity":[58.9516,-49.5224,-14.8056],"tool":false,"touchDistance":-0.3578,"touchZone":"hovering","type":4,"width":14.7252}],"r":[[0.688006,-0.578307,0.438415],[0.655309,0.754642,-0.0329403],[-0.311797,0.309961,0.898169]],"s":1.11546,"t":[105.315,73.4994,-226.661],"timestamp":2941585558},false],[5,{"currentFrameRate":110.28,"devices":[],"gestures":[],"hands":[{"armBasis":[[0.870883,-0.234937,-0.431703],[0.408302,0.834772,0.369384],[0.273591,-0.497956,0.822914]],"armWidth":58.4334,"confidence":0.606293,"direction":[0.102448,0.505278,-0.856854],"elbow":[67.7843,165.396,225.75],"grabStrength":0,"id":250,"palmNormal":[-0.397556,-0.768804,-0.500889],"palmPosition":[-2.83247,313.405,-21.5644],"palmVelocity":[19.9498,-12.2042,-74.1453],"palmWidth":83.4409,"pinchStrength":0.745935,"r":[[0.686426,-0.574725,0.445546],[0.652043,0.757694,-0.0271886],[-0.321961,0.309178,0.894846]],"s":1.11976,"sphereCenter":[-16.6501,292.244,-62.1548],"sphereRadius":48.7929,"stabilizedPalmPosition":[-54.6358,277.593,96.6732],"t":[105.486,73.3526,-227.295],"timeVisible":0.804427,"type":"right","wrist":[0.0433476,288.689,21.9975]}],"id":283325,"interactionBox":{"center":[0,200,0],"size":[235.247,235.247,147.751]},"pointables":[{"bases":[[[0.742498,0.62851,0.23167],[-0.596033,0.462077,0.656681],[0.305682,-0.625668,0.717704]],[[0.616805,0.787093,0.0059984],[-0.702928,0.547389,0.454156],[0.354179,-0.284342,0.890902]],[[0.616805,0.787093,0.0059984],[-0.784297,0.615223,-0.079872],[-0.0665571,0.044561,0.996787]],[[0.616805,0.787093,0.0059984],[-0.725928,0.571786,-0.382217],[-0.30427,0.231399,0.924053]]],"btipPosition":[-35.6553,296.393,-68.8623],"carpPosition":[-28.0536,289.737,22.918],"dipPosition":[-42.1856,301.359,-49.0304],"direction":[0.0665571,-0.044561,-0.996787],"extended":false,"handId":250,"id":2500,"length":47.7925,"mcpPosition":[-28.0536,289.737,22.918],"pipPosition":[-44.2666,302.753,-17.864],"stabilizedTipPosition":[-94.5131,254.12,69.6958],"timeVisible":0.804427,"tipPosition":[-36.3022,296.286,-64.3879],"tipVelocity":[41.6618,27.6974,-100.729],"tool":false,"touchDistance":-0.426816,"touchZone":"hovering","type":0,"width":18.5699},{"bases":[[[0.916097,-0.301561,-0.264248],[0.385428,0.84395,0.373087],[0.110504,-0.443633,0.88937]],[[0.915671,-0.399762,-0.041671],[0.398453,0.889262,0.224608],[-0.0527332,-0.222271,0.973558]],[[0.915671,-0.399762,-0.041671],[0.400871,0.900831,0.166749],[-0.0291214,-0.169392,0.985118]],[[0.915671,-0.399762,-0.041671],[0.401775,0.907528,0.122349],[-0.0110928,-0.128774,0.991612]]],"btipPosition":[-17.7339,350.041,-113.142],"carpPosition":[-13.1756,305.581,22.5883],"dipPosition":[-17.9077,348.023,-97.6052],"direction":[0.0291214,0.169392,-0.985118],"extended":true,"handId":250,"id":2501,"length":53.9285,"mcpPosition":[-20.6308,335.511,-37.4138],"pipPosition":[-18.5532,344.268,-75.77],"stabilizedTipPosition":[-47.341,341.056,-59.2186],"timeVisible":0.804427,"tipPosition":[-17.3094,349.476,-109.54],"tipVelocity":[77.2085,-29.2272,-97.0478],"tool":false,"touchDistance":-0.423777,"touchZone":"hovering","type":1,"width":17.738},{"bases":[[[0.843385,-0.49815,-0.201366],[0.537089,0.770873,0.342477],[-0.0153772,-0.396992,0.917693]],[[0.841711,-0.463156,-0.277505],[0.522403,0.828478,0.20179],[0.136447,-0.314819,0.939293]],[[0.841711,-0.463156,-0.277505],[0.511834,0.84809,0.136999],[0.171897,-0.257351,0.950906]],[[0.841711,-0.463156,-0.277505],[0.502165,0.860366,0.087182],[0.198377,-0.212735,0.95676]]],"btipPosition":[-15.3491,353.462,-121.778],"carpPosition":[-2.40059,303.77,19.7385],"dipPosition":[-11.9305,349.796,-105.29],"direction":[-0.171897,0.257351,-0.950906],"extended":true,"handId":250,"id":2502,"length":61.4471,"mcpPosition":[-1.41677,329.169,-38.9751],"pipPosition":[-7.4479,343.085,-80.4932],"stabilizedTipPosition":[-36.0966,343.761,-82.2255],"timeVisible":0.804427,"tipPosition":[-13.9035,351.818,-118.253],"tipVelocity":[88.9981,-18.6046,-87.016],"tool":false,"touchDistance":-0.413199,"touchZone":"hovering","type":2,"width":17.4211},{"bases":[[[0.789026,-0.607825,-0.0893658],[0.595209,0.720264,0.356295],[-0.152198,-0.334317,0.93009]],[[0.795837,-0.589736,-0.137313],[0.372768,0.655879,-0.656404],[0.477166,0.471205,0.741808]],[[0.795837,-0.589736,-0.137313],[0.0301292,0.265058,-0.963762],[0.604761,0.76286,0.228712]],[[0.795837,-0.589736,-0.137313],[-0.159631,0.0144076,-0.987072],[0.58409,0.807468,-0.0826742]]],"btipPosition":[-28.6697,265.804,-71.1411],"carpPosition":[7.50924,299.12,17.0735],"dipPosition":[-18.6619,279.639,-72.5577],"direction":[-0.604761,-0.76286,-0.228712],"extended":false,"handId":250,"id":2503,"length":59.0831,"mcpPosition":[16.2519,318.325,-36.3537],"pipPosition":[-3.29881,299.018,-66.7475],"stabilizedTipPosition":[-71.031,246.601,19.741],"timeVisible":0.804427,"tipPosition":[-25.9433,269.737,-72.5943],"tipVelocity":[86.5012,-80.0543,-18.0074],"tool":false,"touchDistance":-0.361482,"touchZone":"touching","type":3,"width":16.5772},{"bases":[[[0.656843,-0.753031,-0.0387509],[0.694885,0.584572,0.41882],[-0.292732,-0.302026,0.907242]],[[0.644969,-0.764201,-0.00345795],[0.56077,0.476341,-0.677227],[0.519185,0.434851,0.735766]],[[0.644969,-0.764201,-0.00345795],[0.156308,0.136347,-0.978252],[0.748053,0.630401,0.20739]],[[0.644969,-0.764201,-0.00345795],[-0.0758502,-0.059512,-0.995342],[0.760436,0.642226,-0.0963481]]],"btipPosition":[-12.2047,268.997,-60.1487],"carpPosition":[14.5015,288.496,14.1478],"dipPosition":[-0.184693,279.148,-61.6716],"direction":[-0.748053,-0.630401,-0.20739],"extended":false,"handId":250,"id":2504,"length":46.32,"mcpPosition":[30.0673,304.556,-34.0942],"pipPosition":[13.2324,290.455,-57.9518],"stabilizedTipPosition":[-67.3433,234.058,68.0926],"timeVisible":0.804427,"tipPosition":[-8.89167,271.736,-61.4435],"tipVelocity":[64.125,-44.2226,-13.1029],"tool":false,"touchDistance":-0.351494,"touchZone":"hovering","type":4,"width":14.7252}],"r":[[0.686426,-0.574725,0.445546],[0.652043,0.757694,-0.0271886],[-0.321961,0.309178,0.894846]],"s":1.11976,"t":[105.486,73.3526,-227.295],"timestamp":2941594458},false],[6,{"currentFrameRate":110.117,"devices":[],"gestures":[],"hands":[{"armBasis":[[0.876351,-0.226512,-0.425091],[0.397821,0.837935,0.373635],[0.271566,-0.496545,0.824436]],"armWidth":58.4334,"confidence":0.616423,"direction":[0.104888,0.506791,-0.855664],"elbow":[67.1999,165.726,225.624],"grabStrength":0,"id":250,"palmNormal":[-0.386618,-0.771949,-0.504601],"palmPosition":[-2.78203,313.391,-22.0733],"palmVelocity":[15.8119,-9.16675,-68.5114],"palmWidth":83.4409,"pinchStrength":0.72668,"r":[[0.685385,-0.5707,0.452271],[0.64806,0.761287,-0.0214574],[-0.332062,0.307805,0.891622]],"s":1.12437,"sphereCenter":[-16.3166,292.258,-62.7631],"sphereRadius":48.7946,"stabilizedPalmPosition":[-54.6289,277.598,96.6573],"t":[105.597,73.2721,-227.867],"timeVisible":0.813796,"type":"right","wrist":[-0.0395203,288.67,21.4944]}],"id":283326,"interactionBox":{"center":[0,200,0],"size":[235.247,235.247,147.751]},"pointables":[{"bases":[[[0.734967,0.634927,0.238098],[-0.605431,0.456276,0.652124],[0.305413,-0.623442,0.719752]],[[0.611551,0.791076,0.0142646],[-0.708617,0.539607,0.454628],[0.351948,-0.288136,0.890567]],[[0.611551,0.791076,0.0142646],[-0.787881,0.610534,-0.0805682],[-0.0724447,0.0380327,0.996647]],[[0.611551,0.791076,0.0142646],[-0.726503,0.56859,-0.385874],[-0.313366,0.225618,0.922441]]],"btipPosition":[-35.2715,296.625,-69.5384],"carpPosition":[-28.1513,289.467,22.1875],"dipPosition":[-41.997,301.467,-49.7411],"direction":[0.0724447,-0.0380327,-0.996647],"extended":false,"handId":250,"id":2500,"length":47.7925,"mcpPosition":[-28.1513,289.467,22.1875],"pipPosition":[-44.2621,302.656,-18.5792],"stabilizedTipPosition":[-94.4014,254.205,69.435],"timeVisible":0.813796,"tipPosition":[-35.97,296.476,-65.0907],"tipVelocity":[40.1031,25.9951,-92.857],"tool":false,"touchDistance":-0.422729,"touchZone":"hovering","type":0,"width":18.5699},{"bases":[[[0.92086,-0.293202,-0.257002],[0.374858,0.847076,0.376754],[0.107235,-0.443276,0.889948]],[[0.9199,-0.390343,-0.0376389],[0.388291,0.893193,0.226795],[-0.0549091,-0.223243,0.973215]],[[0.9199,-0.390343,-0.0376389],[0.390852,0.904798,0.169043],[-0.0319291,-0.170214,0.98489]],[[0.9199,-0.390343,-0.0376389],[0.39189,0.911516,0.124746],[-0.0143853,-0.129504,0.991475]]],"btipPosition":[-17.5511,349.947,-113.759],"carpPosition":[-13.4128,305.443,21.9889],"dipPosition":[-17.7764,347.917,-98.2249],"direction":[0.0319291,0.170214,-0.98489],"extended":true,"handId":250,"id":2501,"length":53.9285,"mcpPosition":[-20.6475,335.349,-38.0521],"pipPosition":[-18.4842,344.145,-76.3948],"stabilizedTipPosition":[-46.8554,341.193,-60.0508],"timeVisible":0.813796,"tipPosition":[-17.0735,349.394,-110.149],"tipVelocity":[60.4614,-23.8555,-88.2204],"tool":false,"touchDistance":-0.419004,"touchZone":"hovering","type":1,"width":17.738},{"bases":[[[0.849394,-0.490476,-0.19484],[0.527407,0.775375,0.347328],[-0.0192815,-0.397778,0.917279]],[[0.847889,-0.454318,-0.273274],[0.513048,0.833055,0.206883],[0.133662,-0.315616,0.939426]],[[0.847889,-0.454318,-0.273274],[0.502668,0.852747,0.14194],[0.168548,-0.257716,0.951406]],[[0.847889,-0.454318,-0.273274],[0.493165,0.865059,0.0919874],[0.194606,-0.212764,0.957528]]],"btipPosition":[-15.0226,353.517,-122.296],"carpPosition":[-2.59929,303.73,19.2255],"dipPosition":[-11.6689,349.851,-105.795],"direction":[-0.168548,0.257716,-0.951406],"extended":true,"handId":250,"id":2502,"length":61.4471,"mcpPosition":[-1.36567,329.18,-39.4616],"pipPosition":[-7.2737,343.13,-80.9855],"stabilizedTipPosition":[-35.5179,343.997,-83.1865],"timeVisible":0.813796,"tipPosition":[-13.5643,351.894,-118.767],"tipVelocity":[73.1642,-11.6338,-77.9307],"tool":false,"touchDistance":-0.407946,"touchZone":"hovering","type":2,"width":17.4211},{"bases":[[[0.795108,-0.600713,-0.0833566],[0.585861,0.725275,0.361583],[-0.156751,-0.336333,0.928606]],[[0.802058,-0.582806,-0.130536],[0.366114,0.652461,-0.663517],[0.471871,0.484388,0.736685]],[[0.802058,-0.582806,-0.130536],[0.0275932,0.25449,-0.966682],[0.596608,0.771733,0.220197]],[[0.802058,-0.582806,-0.130536],[-0.158266,0.00334886,-0.987391],[0.575894,0.812604,-0.0895522]]],"btipPosition":[-27.9801,265.116,-70.9474],"carpPosition":[7.37284,299.171,16.6379],"dipPosition":[-18.1128,279.039,-72.4818],"direction":[-0.596608,-0.771733,-0.220197],"extended":false,"handId":250,"id":2503,"length":59.0831,"mcpPosition":[16.3771,318.491,-36.704],"pipPosition":[-2.95674,298.644,-66.8879],"stabilizedTipPosition":[-68.382,247.87,14.4197],"timeVisible":0.813796,"tipPosition":[-25.2768,269.13,-72.5418],"tipVelocity":[81.8584,-77.5392,-7.83955],"tool":false,"touchDistance":-0.351167,"touchZone":"touching","type":3,"width":16.5772},{"bases":[[[0.663817,-0.747126,-0.0339108],[0.686231,0.590431,0.424827],[-0.297377,-0.305278,0.904639]],[[0.652515,-0.757775,-0.000853877],[0.550731,0.475005,-0.686342],[0.520499,0.447379,0.727278]],[[0.652515,-0.757775,-0.000853877],[0.146909,0.127608,-0.980884],[0.743399,0.639917,0.19459]],[[0.652515,-0.757775,-0.000853877],[-0.0813257,-0.0689086,-0.994303],[0.753399,0.648867,-0.106591]]],"btipPosition":[-11.8241,268.603,-59.7292],"carpPosition":[14.4829,288.611,13.7622],"dipPosition":[0.0846639,278.86,-61.414],"direction":[-0.743399,-0.639917,-0.19459],"extended":false,"handId":250,"id":2504,"length":46.32,"mcpPosition":[30.2958,304.844,-34.3414],"pipPosition":[13.4183,290.337,-57.9238],"stabilizedTipPosition":[-65.8732,