{"sensorType":"Leap","data":[[0,{"currentFrameRate":102.135,"devices":[],"gestures":[],"hands":[{"armBasis":[[0.920527,-0.00308767,-0.390667],[0.212871,0.842456,0.494928],[0.327592,-0.538756,0.776161]],"armWidth":58.4334,"confidence":0.61394,"direction":[0.255558,0.562401,-0.786381],"elbow":[68.4498,150.66,218.303],"grabStrength":0,"id":248,"palmNormal":[-0.179087,-0.771776,-0.610156],"palmPosition":[-7.35713,310.922,-15.9069],"palmVelocity":[-6.40784,56.4886,-222.935],"palmWidth":83.4409,"pinchStrength":0.664279,"r":[[0.551321,-0.582761,0.597021],[0.682751,0.726414,0.0785739],[-0.479474,0.364297,0.798368]],"s":0.936137,"sphereCenter":[-14.1714,290.794,-53.6536],"sphereRadius":41.9081,"stabilizedPalmPosition":[-51.527,266.756,156.628],"t":[95.546,66.8494,-255.867],"timeVisible":0.54233,"type":"right","wrist":[-12.6616,284.055,26.1264]}],"id":282509,"interactionBox":{"center":[0,200,0],"size":[235.247,235.247,147.751]},"pointables":[{"bases":[[[0.59235,0.680624,0.431129],[-0.784249,0.364495,0.502092],[0.184592,-0.635527,0.749687]],[[0.494917,0.855551,0.151954],[-0.848014,0.43741,0.299239],[0.189548,-0.276957,0.942001]],[[0.494917,0.855551,0.151954],[-0.834898,0.516669,-0.189732],[-0.240835,-0.032964,0.970006]],[[0.494917,0.855551,0.151954],[-0.700893,0.496417,-0.512171],[-0.51362,0.146979,0.845335]]],"btipPosition":[-30.1979,292.959,-71.5647],"carpPosition":[-40.0746,282.405,20.028],"dipPosition":[-41.2212,296.114,-53.4222],"direction":[0.240835,0.032964,-0.970006],"extended":false,"handId":248,"id":2480,"length":47.7925,"mcpPosition":[-40.0746,282.405,20.028],"pipPosition":[-48.7514,295.083,-23.0932],"stabilizedTipPosition":[-106.367,244.434,133.451],"timeVisible":0.54233,"tipPosition":[-33.2213,292.951,-67.5646],"tipVelocity":[37.5679,49.747,-226.774],"tool":false,"touchDistance":-0.689654,"touchZone":"hovering","type":0,"width":18.5699},{"bases":[[[0.979483,-0.19812,-0.0368901],[0.190814,0.852871,0.486006],[-0.0648248,-0.483074,0.873177]],[[0.978341,-0.205704,-0.0231328],[0.202961,0.931274,0.302548],[-0.0406923,-0.30069,0.952853]],[[0.978341,-0.205704,-0.0231328],[0.206339,0.960185,0.188333],[-0.016529,-0.189027,0.981833]],[[0.978341,-0.205704,-0.0231328],[0.206993,0.973122,0.100931],[0.0017492,-0.103533,0.994624]]],"btipPosition":[-21.0132,349.817,-109.83],"carpPosition":[-27.3288,299.568,23.9661],"dipPosition":[-20.9858,348.195,-94.2464],"direction":[0.016529,0.189027,-0.981833],"extended":true,"handId":248,"id":2481,"length":53.9285,"mcpPosition":[-22.9553,332.159,-34.9435],"pipPosition":[-21.3522,344.005,-72.484],"stabilizedTipPosition":[-70.1803,308.276,23.8674],"timeVisible":0.54233,"tipPosition":[-20.9003,347.927,-106.479],"tipVelocity":[47.1437,45.4185,-244.214],"tool":false,"touchDistance":-0.712515,"touchZone":"hovering","type":1,"width":17.738},{"bases":[[[0.914743,-0.404035,-0.000889563],[0.352191,0.796285,0.491825],[-0.198006,-0.450206,0.870694]],[[0.911248,-0.411623,0.0138993],[0.297836,0.635287,-0.712534],[0.284465,0.653435,0.7015]],[[0.911248,-0.411623,0.0138993],[-0.13083,-0.321301,-0.937896],[0.390526,0.852838,-0.346638]],[[0.911248,-0.411623,0.0138993],[-0.307752,-0.70295,-0.64121],[0.273707,0.580024,-0.76724]]],"btipPosition":[-30.8608,266.633,-40.6119],"carpPosition":[-16.0549,298.947,23.841],"dipPosition":[-26.1441,276.629,-53.8336],"direction":[-0.390526,-0.852838,0.346638],"extended":false,"handId":248,"id":2482,"length":61.4471,"mcpPosition":[-3.38653,327.751,-31.8657],"pipPosition":[-15.9603,298.868,-62.8729],"stabilizedTipPosition":[-89.5583,206.486,179.952],"timeVisible":0.54233,"tipPosition":[-29.6606,269.116,-44.302],"tipVelocity":[20.9184,27.1322,-178.915],"tool":false,"touchDistance":0.333333,"touchZone":"none","type":2,"width":17.4211},{"bases":[[[0.846465,-0.524753,0.0901766],[0.410154,0.750626,0.518009],[-0.339516,-0.40149,0.850608]],[[0.847898,-0.523044,0.086566],[0.407102,0.537755,-0.7383],[0.339612,0.661245,0.668894]],[[0.847898,-0.523044,0.086566],[-0.135109,-0.371075,-0.918721],[0.512654,0.767286,-0.385302]],[[0.847898,-0.523044,0.086566],[-0.364146,-0.693244,-0.621941],[0.385314,0.49582,-0.778265]]],"btipPosition":[-19.3976,263.396,-29.5631],"carpPosition":[-5.36034,295.414,23.582],"dipPosition":[-12.7957,271.892,-42.8977],"direction":[-0.512654,-0.767286,0.385302],"extended":false,"handId":248,"id":2483,"length":59.0831,"mcpPosition":[14.1425,318.476,-25.2794],"pipPosition":[0.227627,291.383,-52.6858],"stabilizedTipPosition":[-77.058,208.447,186.61],"timeVisible":0.54233,"tipPosition":[-17.6842,265.459,-33.4802],"tipVelocity":[11.9226,41.5665,-165.353],"tool":false,"touchDistance":0.333333,"touchZone":"none","type":3,"width":16.5772},{"bases":[[[0.721998,-0.684457,0.101181],[0.505199,0.621431,0.59883],[-0.472751,-0.381237,0.794459]],[[0.650657,-0.730116,0.20875],[0.629896,0.36539,-0.685362],[0.424119,0.577426,0.69764]],[[0.650657,-0.730116,0.20875],[-0.116611,-0.367704,-0.922603],[0.750365,0.575955,-0.324389]],[[0.650657,-0.730116,0.20875],[-0.451693,-0.593094,-0.666493],[0.610426,0.339367,-0.715689]]],"btipPosition":[-8.50416,271.537,-25.5965],"carpPosition":[3.21737,285.683,22.1388],"dipPosition":[1.14467,276.902,-36.9092],"direction":[-0.750365,-0.575955,0.324389],"extended":false,"handId":248,"id":2484,"length":46.32,"mcpPosition":[28.3556,305.955,-20.106],"pipPosition":[14.6033,287.232,-42.7274],"stabilizedTipPosition":[-60.6258,225.88,156.58],"timeVisible":0.54233,"tipPosition":[-6.36718,272.795,-28.7988],"tipVelocity":[12.2842,47.4228,-186.908],"tool":false,"touchDistance":0.333333,"touchZone":"none","type":4,"width":14.7252}],"r":[[0.551321,-0.582761,0.597021],[0.682751,0.726414,0.0785739],[-0.479474,0.364297,0.798368]],"s":0.936137,"t":[95.546,66.8494,-255.867],"timestamp":2934101469},false],[1,{"currentFrameRate":102.512,"devices":[],"gestures":[],"hands":[{"armBasis":[[0.924479,0.000992817,-0.381231],[0.205654,0.840718,0.500899],[0.321005,-0.541472,0.777022]],"armWidth":58.4334,"confidence":0.616238,"direction":[0.254793,0.563366,-0.785939],"elbow":[66.8391,150.549,216.7],"grabStrength":0,"id":248,"palmNormal":[-0.173457,-0.772954,-0.610291],"palmPosition":[-7.36121,311.492,-17.7205],"palmVelocity":[-4.76706,58.2989,-216.82],"palmWidth":83.4409,"pinchStrength":0.646913,"r":[[0.548766,-0.578913,0.603088],[0.680117,0.72866,0.0805952],[-0.486104,0.365943,0.793592]],"s":0.941525,"sphereCenter":[-14.3721,291.621,-55.4577],"sphereRadius":41.9535,"stabilizedPalmPosition":[-51.5137,266.769,156.576],"t":[95.512,67.4523,-258.058],"timeVisible":0.551365,"type":"right","wrist":[-12.6414,284.617,24.3103]}],"id":282510,"interactionBox":{"center":[0,200,0],"size":[235.247,235.247,147.751]},"pointables":[{"bases":[[[0.587668,0.683852,0.432426],[-0.787474,0.360673,0.4998],[0.185825,-0.634241,0.750472]],[[0.491829,0.856442,0.156877],[-0.849574,0.432605,0.301791],[0.1906,-0.281708,0.940379]],[[0.491829,0.856442,0.156877],[-0.83574,0.514897,-0.190837],[-0.244217,-0.0372493,0.969005]],[[0.491829,0.856442,0.156877],[-0.699652,0.495991,-0.514277],[-0.518258,0.143177,0.843154]]],"btipPosition":[-29.9951,293.81,-73.3019],"carpPosition":[-40.0289,282.823,18.1384],"dipPosition":[-41.1179,296.883,-55.2062],"direction":[0.244217,0.0372493,-0.969005],"extended":false,"handId":248,"id":2480,"length":47.7925,"mcpPosition":[-40.0289,282.823,18.1384],"pipPosition":[-48.7538,295.718,-24.9085],"stabilizedTipPosition":[-106.299,244.48,133.264],"timeVisible":0.551365,"tipPosition":[-32.966,293.712,-69.3352],"tipVelocity":[32.7048,61.4029,-217.599],"tool":false,"touchDistance":-0.675242,"touchZone":"hovering","type":0,"width":18.5699},{"bases":[[[0.980586,-0.193092,-0.0341455],[0.185104,0.854054,0.486136],[-0.0647068,-0.483019,0.873216]],[[0.979592,-0.19979,-0.022],[0.196671,0.930163,0.310028],[-0.0414768,-0.308027,0.950473]],[[0.979592,-0.19979,-0.022],[0.200191,0.960004,0.195746],[-0.0179879,-0.196155,0.980408]],[[0.979592,-0.19979,-0.022],[0.200997,0.973622,0.107982],[-0.000154066,-0.1102,0.993909]]],"btipPosition":[-20.9816,350.85,-111.559],"carpPosition":[-27.3823,300.052,22.1032],"dipPosition":[-20.984,349.123,-95.9864],"direction":[0.0179879,0.196155,-0.980408],"extended":true,"handId":248,"id":2481,"length":53.9285,"mcpPosition":[-23.0168,332.639,-36.8089],"pipPosition":[-21.3827,344.775,-74.2556],"stabilizedTipPosition":[-70.0297,308.405,23.4639],"timeVisible":0.551365,"tipPosition":[-20.8758,348.909,-108.225],"tipVelocity":[34.9109,63.6522,-229.73],"tool":false,"touchDistance":-0.695569,"touchZone":"hovering","type":1,"width":17.738},{"bases":[[[0.916809,-0.399321,0.00177235],[0.346753,0.798302,0.492418],[-0.198048,-0.450839,0.870357]],[[0.913315,-0.406917,0.0165466],[0.294096,0.630896,-0.717968],[0.281714,0.660597,0.695879]],[[0.913315,-0.406917,0.0165466],[-0.129933,-0.329656,-0.935117],[0.38597,0.851907,-0.353951]],[[0.913315,-0.406917,0.0165466],[-0.304029,-0.708292,-0.637094],[0.270964,0.576837,-0.770609]]],"btipPosition":[-30.6206,266.979,-41.9251],"carpPosition":[-16.105,299.489,22.009],"dipPosition":[-25.9511,276.919,-55.2049],"direction":[-0.38597,-0.851907,0.353951],"extended":false,"handId":248,"id":2482,"length":61.4471,"mcpPosition":[-3.43398,328.334,-33.6761],"pipPosition":[-15.8861,299.135,-64.4349],"stabilizedTipPosition":[-89.5516,206.493,179.926],"timeVisible":0.551365,"tipPosition":[-29.4203,269.474,-45.7394],"tipVelocity":[22.149,29.8088,-170.074],"tool":false,"touchDistance":0.333333,"touchZone":"none","type":2,"width":17.4211},{"bases":[[[0.848906,-0.520349,0.0927076],[0.404879,0.752954,0.518781],[-0.339752,-0.402861,0.849866]],[[0.850169,-0.518841,0.0895324],[0.405272,0.536319,-0.740349],[0.336105,0.665707,0.666234]],[[0.850169,-0.518841,0.0895324],[-0.133199,-0.376465,-0.916805],[0.509382,0.767514,-0.389168]],[[0.850169,-0.518841,0.0895324],[-0.360565,-0.697652,-0.619091],[0.383672,0.49405,-0.780199]]],"btipPosition":[-19.1605,263.914,-31.0815],"carpPosition":[-5.39178,296.011,21.7806],"dipPosition":[-12.5867,272.379,-44.4493],"direction":[-0.509382,-0.767514,0.389168],"extended":false,"handId":248,"id":2483,"length":59.0831,"mcpPosition":[14.1246,319.153,-27.0382],"pipPosition":[0.353432,291.877,-54.3356],"stabilizedTipPosition":[-77.0445,208.46,186.56],"timeVisible":0.551365,"tipPosition":[-17.4528,265.962,-35.0332],"tipVelocity":[15.6692,45.6946,-166.33],"tool":false,"touchDistance":0.333333,"touchZone":"none","type":3,"width":16.5772},{"bases":[[[0.725233,-0.680688,0.103447],[0.500368,0.624285,0.599916],[-0.472936,-0.383318,0.793347]],[[0.65497,-0.726091,0.209298],[0.627571,0.36839,-0.685889],[0.420915,0.580586,0.696958]],[[0.65497,-0.726091,0.209298],[-0.115007,-0.369533,-0.922073],[0.746852,0.57986,-0.325538]],[[0.65497,-0.726091,0.209298],[-0.448342,-0.596358,-0.665843],[0.608279,0.34227,-0.716134]]],"btipPosition":[-8.27105,272.071,-27.2613],"carpPosition":[3.23977,286.324,20.3651],"dipPosition":[1.34385,277.481,-38.581],"direction":[-0.746852,-0.57986,0.325538],"extended":false,"handId":248,"id":2484,"length":46.32,"mcpPosition":[28.3878,306.707,-21.8206],"pipPosition":[14.7394,287.881,-44.4199],"stabilizedTipPosition":[-60.6101,225.893,156.526],"timeVisible":0.551365,"tipPosition":[-6.13458,273.348,-30.4818],"tipVelocity":[15.7699,50.9442,-186.228],"tool":false,"touchDistance":0.333333,"touchZone":"none","type":4,"width":14.7252}],"r":[[0.548766,-0.578913,0.603088],[0.680117,0.72866,0.0805952],[-0.486104,0.365943,0.793592]],"s":0.941525,"t":[95.512,67.4523,-258.058],"timestamp":2934110504},false],[2,{"currentFrameRate":102.823,"devices":[],"gestures":[],"hands":[{"armBasis":[[0.924513,0.00204867,-0.381144],[0.203723,0.842503,0.498683],[0.322137,-0.538687,0.778488]],"armWidth":58.4334,"confidence":0.624114,"direction":[0.253614,0.5584,-0.789854],"elbow":[67.2164,151.898,215.509],"grabStrength":0,"id":248,"palmNormal":[-0.172626,-0.777315,-0.604964],"palmPosition":[-7.32261,311.875,-19.458],"palmVelocity":[-2.26655,53.7356,-209.418],"palmWidth":83.4409,"pinchStrength":0.632597,"r":[[0.546902,-0.574845,0.608647],[0.677796,0.730759,0.0811398],[-0.491418,0.368163,0.789281]],"s":0.946889,"sphereCenter":[-14.7694,292.081,-57.0477],"sphereRadius":42.0072,"stabilizedPalmPosition":[-51.502,266.781,156.529],"t":[95.5143,67.9451,-260.022],"timeVisible":0.5605,"type":"right","wrist":[-12.5445,285.277,22.7562]}],"id":282511,"interactionBox":{"center":[0,200,0],"size":[235.247,235.247,147.751]},"pointables":[{"bases":[[[0.586882,0.687608,0.427509],[-0.787761,0.362913,0.497722],[0.187089,-0.628879,0.754658]],[[0.492539,0.856349,0.155151],[-0.848419,0.432753,0.304812],[0.193883,-0.281765,0.93969]],[[0.492539,0.856349,0.155151],[-0.835256,0.515212,-0.192104],[-0.244444,-0.034972,0.969033]],[[0.492539,0.856349,0.155151],[-0.697955,0.495171,-0.517364],[-0.51987,0.146533,0.841584]]],"btipPosition":[-30.007,294.248,-74.7663],"carpPosition":[-39.9322,283.402,16.6096],"dipPosition":[-41.1644,297.393,-56.7043],"direction":[0.244444,0.034972,-0.969033],"extended":false,"handId":248,"id":2480,"length":47.7925,"mcpPosition":[-39.9322,283.402,16.6096],"pipPosition":[-48.8074,296.3,-26.4058],"stabilizedTipPosition":[-106.238,244.521,133.096],"timeVisible":0.5605,"tipPosition":[-32.9122,294.097,-70.8232],"tipVelocity":[23.0065,58.1762,-201.905],"tool":false,"touchDistance":-0.658134,"touchZone":"hovering","type":0,"width":18.5699},{"bases":[[[0.980848,-0.191907,-0.0333042],[0.184098,0.85759,0.480257],[-0.0636033,-0.477191,0.876495]],[[0.980021,-0.197576,-0.0228644],[0.194755,0.929936,0.311913],[-0.040364,-0.310134,0.949836]],[[0.980021,-0.197576,-0.0228644],[0.198158,0.960033,0.19766],[-0.0171021,-0.198241,0.980004]],[[0.980021,-0.197576,-0.0228644],[0.198893,0.973871,0.109622],[0.000608457,-0.111979,0.99371]]],"btipPosition":[-21.0578,351.237,-113.395],"carpPosition":[-27.3086,300.676,20.4518],"dipPosition":[-21.0483,349.483,-97.8251],"direction":[0.0171021,0.198241,-0.980004],"extended":true,"handId":248,"id":2481,"length":53.9285,"mcpPosition":[-23.0176,332.87,-38.6817],"pipPosition":[-21.4273,345.089,-76.1033],"stabilizedTipPosition":[-69.9067,308.512,23.1291],"timeVisible":0.5605,"tipPosition":[-20.958,349.251,-110.069],"tipVelocity":[22.9675,57.5543,-221.745],"tool":false,"touchDistance":-0.681889,"touchZone":"hovering","type":1,"width":17.738},{"bases":[[[0.917385,-0.39798,0.00403876],[0.34583,0.802115,0.48684],[-0.196992,-0.445223,0.873482]],[[0.91391,-0.405478,0.0188598],[0.291182,0.622511,-0.726424],[0.282808,0.669378,0.686988]],[[0.91391,-0.405478,0.0188598],[-0.132163,-0.341171,-0.930664],[0.383798,0.848051,-0.365389]],[[0.91391,-0.405478,0.0188598],[-0.304426,-0.715402,-0.628908],[0.2685,0.569024,-0.777251]]],"btipPosition":[-30.563,267.106,-42.9723],"carpPosition":[-16.0306,300.129,20.356],"dipPosition":[-25.936,276.912,-56.3666],"direction":[-0.383798,-0.848051,0.365389],"extended":false,"handId":248,"id":2482,"length":61.4471,"mcpPosition":[-3.42711,328.614,-35.5291],"pipPosition":[-15.9276,299.026,-65.8949],"stabilizedTipPosition":[-89.5461,206.499,179.906],"timeVisible":0.5605,"tipPosition":[-29.3693,269.575,-46.8744],"tipVelocity":[17.4461,24.4427,-155.46],"tool":false,"touchDistance":0.333333,"touchZone":"none","type":2,"width":17.4211},{"bases":[[[0.849699,-0.518487,0.0958232],[0.404034,0.75703,0.513481],[-0.338774,-0.397588,0.852734]],[[0.850792,-0.517197,0.0930612],[0.403117,0.528727,-0.746956],[0.33712,0.673019,0.658328]],[[0.850792,-0.517197,0.0930612],[-0.135175,-0.386521,-0.912321],[0.50782,0.763616,-0.398761]],[[0.850792,-0.517197,0.0930612],[-0.361119,-0.704064,-0.611463],[0.381768,0.486621,-0.785782]]],"btipPosition":[-19.1066,264.191,-32.2175],"carpPosition":[-5.31246,296.664,20.1461],"dipPosition":[-12.5654,272.529,-45.681],"direction":[-0.50782,-0.763616,0.398761],"extended":false,"handId":248,"id":2483,"length":59.0831,"mcpPosition":[14.1478,319.503,-28.8375],"pipPosition":[0.335047,291.928,-55.811],"stabilizedTipPosition":[-77.0323,208.471,186.515],"timeVisible":0.5605,"tipPosition":[-17.4026,266.203,-36.2215],"tipVelocity":[12.725,40.531,-155.331],"tool":false,"touchDistance":0.333333,"touchZone":"none","type":3,"width":16.5772},{"bases":[[[0.726262,-0.678927,0.107706],[0.499747,0.62905,0.59544],[-0.472013,-0.37862,0.796147]],[[0.657188,-0.723174,0.212422],[0.624443,0.364562,-0.690771],[0.422107,0.586613,0.691167]],[[0.657188,-0.723174,0.212422],[-0.117749,-0.376876,-0.918749],[0.744472,0.578779,-0.332832]],[[0.657188,-0.723174,0.212422],[-0.449362,-0.602191,-0.659879],[0.605126,0.338211,-0.720719]]],"btipPosition":[-8.17361,272.365,-28.5922],"carpPosition":[3.33239,286.981,18.792],"dipPosition":[1.39145,277.711,-39.9844],"direction":[-0.744472,-0.578779,0.332832],"extended":false,"handId":248,"id":2484,"length":46.32,"mcpPosition":[28.4314,307.114,-23.5427],"pipPosition":[14.7444,288.092,-45.9541],"stabilizedTipPosition":[-60.5961,225.905,156.478],"timeVisible":0.5605,"tipPosition":[-6.04268,273.631,-31.8464],"tipVelocity":[14.0019,45.2971,-175.466],"tool":false,"touchDistance":0.333333,"touchZone":"none","type":4,"width":14.7252}],"r":[[0.546902,-0.574845,0.608647],[0.677796,0.730759,0.0811398],[-0.491418,0.368163,0.789281]],"s":0.946889,"t":[95.5143,67.9451,-260.022],"timestamp":2934119639},false],[3,{"currentFrameRate":103.111,"devices":[],"gestures":[],"hands":[{"armBasis":[[0.92937,0.00662778,-0.369091],[0.19388,0.842074,0.503311],[0.314138,-0.539321,0.781313]],"armWidth":58.4334,"confidence":0.626481,"direction":[0.252753,0.556484,-0.791481],"elbow":[65.247,152.17,214.476],"grabStrength":0,"id":248,"palmNormal":[-0.164918,-0.781291,-0.601985],"palmPosition":[-7.3347,312.144,-21.2944],"palmVelocity":[-2.00296,46.9502,-206.97],"palmWidth":83.4409,"pinchStrength":0.622211,"r":[[0.545707,-0.570248,0.61402],[0.674854,0.733449,0.0813903],[-0.496765,0.369959,0.785083]],"s":0.951932,"sphereCenter":[-14.9382,292.46,-58.8196],"sphereRadius":42.0585,"stabilizedPalmPosition":[-51.4923,266.791,156.49],"t":[95.5094,68.326,-261.922],"timeVisible":0.569653,"type":"right","wrist":[-12.5333,285.706,21.0233]}],"id":282512,"interactionBox":{"center":[0,200,0],"size":[235.247,235.247,147.751]},"pointables":[{"bases":[[[0.580462,0.693645,0.426521],[-0.792155,0.35973,0.493036],[0.18856,-0.62406,0.758284]],[[0.487783,0.858696,0.157192],[-0.850954,0.427532,0.305113],[0.194795,-0.282592,0.939253]],[[0.487783,0.858696,0.157192],[-0.836762,0.51123,-0.196147],[-0.248792,-0.035855,0.967893]],[[0.487783,0.858696,0.157192],[-0.694751,0.490887,-0.525692],[-0.528573,0.147215,0.836026]]],"btipPosition":[-29.6775,294.509,-76.4193],"carpPosition":[-39.8836,283.612,14.7817],"dipPosition":[-41.0217,297.669,-58.4766],"direction":[0.248792,0.035855,-0.967893],"extended":false,"handId":248,"id":2480,"length":47.7925,"mcpPosition":[-39.8836,283.612,14.7817],"pipPosition":[-48.8006,296.548,-28.2137],"stabilizedTipPosition":[-106.186,244.557,132.951],"timeVisible":0.569653,"tipPosition":[-32.5721,294.31,-72.5333],"tipVelocity":[25.3183,50.0205,-196.805],"tool":false,"touchDistance":-0.645861,"touchZone":"hovering","type":0,"width":18.5699},{"bases":[[[0.982275,-0.185235,-0.0286918],[0.176309,0.861065,0.47695],[-0.0636424,-0.473555,0.878462]],[[0.981595,-0.18993,-0.019964],[0.186402,0.930092,0.316516],[-0.0415476,-0.314412,0.948377]],[[0.981595,-0.18993,-0.019964],[0.19,0.960671,0.202512],[-0.0192844,-0.202578,0.979076]],[[0.981595,-0.18993,-0.019964],[0.190963,0.974912,0.114363],[-0.00225779,-0.11607,0.993238]]],"btipPosition":[-21.0016,351.636,-115.303],"carpPosition":[-27.395,300.991,18.5911],"dipPosition":[-21.037,349.817,-99.7404],"direction":[0.0192844,0.202578,-0.979076],"extended":true,"handId":248,"id":2481,"length":53.9285,"mcpPosition":[-23.1013,332.94,-40.675],"pipPosition":[-21.4644,345.327,-78.0391],"stabilizedTipPosition":[-69.8093,308.597,22.8604],"timeVisible":0.569653,"tipPosition":[-20.9098,349.604,-111.989],"tipVelocity":[17.9664,53.2072,-218.093],"tool":false,"touchDistance":-0.670678,"touchZone":"hovering","type":1,"width":17.738},{"bases":[[[0.920101,-0.39157,0.00937022],[0.338396,0.806747,0.484404],[-0.197237,-0.442529,0.874794]],[[0.916623,-0.39902,0.0242086],[0.288455,0.618278,-0.731112],[0.276761,0.677137,0.681827]],[[0.916623,-0.39902,0.0242086],[-0.12785,-0.349996,-0.927986],[0.378758,0.847518,-0.371829]],[[0.916623,-0.39902,0.0242086],[-0.297854,-0.722107,-0.624375],[0.266619,0.565105,-0.78075]]],"btipPosition":[-30.1987,267.065,-44.4153],"carpPosition":[-16.1131,300.522,18.5406],"dipPosition":[-25.6041,276.804,-57.8699],"direction":[-0.378758,-0.847517,0.371829],"extended":false,"handId":248,"id":2482,"length":61.4471,"mcpPosition":[-3.49397,328.835,-37.4284],"pipPosition":[-15.7272,298.904,-67.5661],"stabilizedTipPosition":[-89.5416,206.503,179.889],"timeVisible":0.569653,"tipPosition":[-29.0097,269.52,-48.364],"tipVelocity":[23.4456,15.9259,-156.493],"tool":false,"touchDistance":0.333333,"touchZone":"none","type":2,"width":17.4211},{"bases":[[[0.852902,-0.512118,0.101458],[0.396809,0.762192,0.511475],[-0.339266,-0.395979,0.853287]],[[0.853959,-0.510877,0.0987879],[0.402359,0.527941,-0.74792],[0.329941,0.678442,0.656396]],[[0.853959,-0.510877,0.0987879],[-0.129006,-0.391793,-0.910964],[0.504095,0.765182,-0.400481]],[[0.853959,-0.510877,0.0987879],[-0.353916,-0.709441,-0.609455],[0.381441,0.485487,-0.786642]]],"btipPosition":[-18.742,264.323,-33.8703],"carpPosition":[-5.3705,297.131,18.3875],"dipPosition":[-12.2065,272.641,-47.3485],"direction":[-0.504095,-0.765182,0.400481],"extended":false,"handId":248,"id":2483,"length":59.0831,"mcpPosition":[14.1179,319.877,-30.6279],"pipPosition":[0.599391,292.08,-57.5222],"stabilizedTipPosition":[-77.0219,208.481,186.476],"timeVisible":0.569653,"tipPosition":[-17.0387,266.326,-37.8646],"tipVelocity":[20.236,33.1188,-162.465],"tool":false,"touchDistance":0.333333,"touchZone":"none","type":3,"width":16.5772},{"bases":[[[0.730536,-0.673355,0.11362],[0.493093,0.635262,0.594392],[-0.472416,-0.3782,0.796108]],[[0.6633,-0.716614,0.215631],[0.620247,0.365217,-0.694197],[0.41872,0.594206,0.686727]],[[0.6633,-0.716614,0.215631],[-0.116936,-0.383851,-0.915961],[0.739161,0.582342,-0.338407]],[[0.6633,-0.716614,0.215631],[-0.445496,-0.609638,-0.655648],[0.601304,0.338829,-0.723622]]],"btipPosition":[-7.87268,272.544,-29.981],"carpPosition":[3.34641,287.502,17.1113],"dipPosition":[1.63196,277.9,-41.4191],"direction":[-0.739161,-0.582342,0.338407],"extended":false,"handId":248,"id":2484,"length":46.32,"mcpPosition":[28.4668,307.612,-25.2212],"pipPosition":[14.8896,288.345,-47.4887],"stabilizedTipPosition":[-60.584,225.916,156.436],"timeVisible":0.569653,"tipPosition":[-5.74067,273.823,-33.2932],"tipVelocity":[18.8364,38.1897,-169.174],"tool":false,"touchDistance":0.333333,"touchZone":"none","type":4,"width":14.7252}],"r":[[0.545707,-0.570248,0.61402],[0.674854,0.733449,0.0813903],[-0.496765,0.369959,0.785083]],"s":0.951932,"t":[95.5094,68.326,-261.922],"timestamp":2934128792},false],[4,{"currentFrameRate":103.261,"devices":[],"gestures":[],"hands":[{"armBasis":[[0.931328,0.0113758,-0.364004],[0.186419,0.843744,0.503333],[0.312852,-0.536626,0.783681]],"armWidth":58.4334,"confidence":0.634194,"direction":[0.253144,0.555288,-0.792195],"elbow":[64.9606,152.861,213.931],"grabStrength":0,"id":248,"palmNormal":[-0.157892,-0.784173,-0.600119],"palmPosition":[-7.26305,312.057,-22.4891],"palmVelocity":[0.738716,30.9397,-184.218],"palmWidth":83.4409,"pinchStrength":0.604783,"r":[[0.544807,-0.565539,0.619153],[0.671598,0.7364,0.0816783],[-0.502137,0.371323,0.781011]],"s":0.956826,"sphereCenter":[-14.7462,292.275,-60.0245],"sphereRadius":42.1503,"stabilizedPalmPosition":[-51.4848,266.799,156.46],"t":[95.5427,68.4729,-263.469],"timeVisible":0.579053,"type":"right","wrist":[-12.5012,285.729,19.8924]}],"id":282513,"interactionBox":{"center":[0,200,0],"size":[235.247,235.247,147.751]},"pointables":[{"bases":[[[0.57469,0.698277,0.426779],[-0.796323,0.35691,0.488349],[0.188682,-0.620503,0.761167]],[[0.48519,0.859013,0.163362],[-0.852157,0.422639,0.308551],[0.196006,-0.288916,0.937075]],[[0.48519,0.859013,0.163362],[-0.837915,0.510165,-0.193987],[-0.249979,-0.0427632,0.967307]],[[0.48519,0.859013,0.163362],[-0.692978,0.491686,-0.527282],[-0.533265,0.142625,0.833838]]],"btipPosition":[-29.5231,294.963,-77.4986],"carpPosition":[-39.8116,283.462,13.5373],"dipPosition":[-40.968,298.024,-59.6029],"direction":[0.249979,0.0427632,-0.967306],"extended":false,"handId":248,"id":2480,"length":47.7925,"mcpPosition":[-39.8116,283.462,13.5373],"pipPosition":[-48.784,296.687,-29.3583],"stabilizedTipPosition":[-106.138,244.59,132.818],"timeVisible":0.579053,"tipPosition":[-32.2895,294.605,-73.6262],"tipVelocity":[22.0836,48.8412,-173.778],"tool":false,"touchDistance":-0.625959,"touchZone":"hovering","type":0,"width":18.5699},{"bases":[[[0.983411,-0.179831,-0.0237513],[0.169391,0.863599,0.474873],[-0.0648854,-0.471018,0.879734]],[[0.982843,-0.183703,-0.0165073],[0.179314,0.930712,0.318783],[-0.043198,-0.316274,0.947684]],[[0.982843,-0.183703,-0.0165073],[0.183177,0.961704,0.203894],[-0.0215809,-0.203419,0.978854]],[[0.982843,-0.183703,-0.0165073],[0.184376,0.976119,0.11488],[-0.00499087,-0.115953,0.993242]]],"btipPosition":[-20.8011,351.487,-116.603],"carpPosition":[-27.4371,300.923,17.3443],"dipPosition":[-20.8793,349.67,-101.041],"direction":[0.0215809,0.203419,-0.978854],"extended":true,"handId":248,"id":2481,"length":53.9285,"mcpPosition":[-23.0595,332.701,-42.0076],"pipPosition":[-21.3576,345.161,-79.3445],"stabilizedTipPosition":[-69.7352,308.661,22.6551],"timeVisible":0.579053,"tipPosition":[-20.6974,349.488,-113.287],"tipVelocity":[18.6265,33.5466,-195.376],"tool":false,"touchDistance":-0.65145,"touchZone":"hovering","type":1,"width":17.738},{"bases":[[[0.92222,-0.386384,0.0147184],[0.331744,0.810212,0.48322],[-0.198634,-0.440753,0.875375]],[[0.918709,-0.393825,0.0296047],[0.287502,0.615519,-0.733811],[0.270771,0.68267,0.678709]],[[0.918709,-0.393825,0.0296047],[-0.1229,-0.356327,-0.926243],[0.375326,0.847309,-0.375762]],[[0.918709,-0.393825,0.0296047],[-0.291654,-0.727088,-0.621515],[0.266293,0.562357,-0.782843]]],"btipPosition":[-29.789,266.755,-45.3715],"carpPosition":[-16.1527,300.517,17.3451],"dipPosition":[-25.2,276.446,-58.8621],"direction":[-0.375326,-0.847309,0.375762],"extended":false,"handId":248,"id":2482,"length":61.4471,"mcpPosition":[-3.44415,328.716,-38.6611],"pipPosition":[-15.4126,298.541,-68.6609],"stabilizedTipPosition":[-89.5376,206.507,179.874],"timeVisible":0.579053,"tipPosition":[-28.6,269.194,-49.3414],"tipVelocity":[29.1433,1.64819,-141.144],"tool":false,"touchDistance":0.333333,"touchZone":"none","type":2,"width":17.4211},{"bases":[[[0.855288,-0.507004,0.106907],[0.390284,0.766073,0.510696],[-0.340823,-0.395068,0.853089]],[[0.856333,-0.505785,0.10428],[0.402819,0.527836,-0.747747],[0.323156,0.682327,0.655744]],[[0.856333,-0.505785,0.10428],[-0.122645,-0.395331,-0.910314],[0.501649,0.766743,-0.400567]],[[0.856333,-0.505785,0.10428],[-0.347176,-0.713317,-0.608809],[0.382311,0.48514,-0.786433]]],"btipPosition":[-18.3476,264.132,-34.9706],"carpPosition":[-5.39072,297.186,17.2505],"dipPosition":[-11.7971,272.445,-48.4452],"direction":[-0.501649,-0.766743,0.400567],"extended":false,"handId":248,"id":2483,"length":59.0831,"mcpPosition":[14.1872,319.88,-31.7535],"pipPosition":[0.946615,291.923,-58.6211],"stabilizedTipPosition":[-77.0132,208.49,186.443],"timeVisible":0.579053,"tipPosition":[-16.6409,266.13,-38.9438],"tipVelocity":[26.5289,17.8644,-149.503],"tool":false,"touchDistance":0.333333,"touchZone":"none","type":3,"width":16.5772},{"bases":[[[0.733771,-0.668882,0.119063],[0.486907,0.639957,0.594455],[-0.473816,-0.378221,0.795265]],[[0.668237,-0.7112,0.218298],[0.6167,0.365434,-0.697237],[0.416102,0.600544,0.682793]],[[0.668237,-0.7112,0.218298],[-0.11642,-0.389785,-0.913518],[0.734783,0.585032,-0.343266]],[[0.668237,-0.7112,0.218298],[-0.442167,-0.615663,-0.652263],[0.598287,0.339343,-0.725878]]],"btipPosition":[-7.5482,272.383,-30.7525],"carpPosition":[3.38534,287.601,16.0446],"dipPosition":[1.90877,277.747,-42.2263],"direction":[-0.734783,-0.585032,0.343266],"extended":false,"handId":248,"id":2484,"length":46.32,"mcpPosition":[28.5802,307.713,-26.2432],"pipPosition":[15.0879,288.24,-48.3831],"stabilizedTipPosition":[-60.5738,225.925,156.401],"timeVisible":0.579053,"tipPosition":[-5.40814,273.675,-34.1222],"tipVelocity":[22.9716,22.4753,-144.614],"tool":false,"touchDistance":0.333333,"touchZone":"none","type":4,"width":14.7252}],"r":[[0.544807,-0.565539,0.619153],[0.671598,0.7364,0.0816783],[-0.502137,0.371323,0.781011]],"s":0.956826,"t":[95.5427,68.4729,-263.469],"timestamp":2934138192},false],[5,{"currentFrameRate":103.74,"devices":[],"gestures":[],"hands":[{"armBasis":[[0.933353,0.0158157,-0.358611],[0.178516,0.846276,0.501945],[0.311423,-0.53251,0.787051]],"armWidth":58.4334,"confidence":0.63692,"direction":[0.254573,0.550889,-0.794804],"elbow":[64.5228,153.994,213.598],"grabStrength":0,"id":248,"palmNormal":[-0.150786,-0.789218,-0.595313],"palmPosition":[-7.25339,311.894,-23.8156],"palmVelocity":[0.836976,17.6582,-175.557],"palmWidth":83.4409,"pinchStrength":0.585218,"r":[[0.543956,-0.560322,0.624621],[0.668158,0.739538,0.0815392],[-0.507619,0.372992,0.77666]],"s":0.961541,"sphereCenter":[-14.5391,291.812,-61.3024],"sphereRadius":42.247,"stabilizedPalmPosition":[-51.4798,266.804,156.44],"t":[95.5642,68.4648,-264.906],"timeVisible":0.587788,"type":"right","wrist":[-12.5851,285.843,18.7251]}],"id":282514,"interactionBox":{"center":[0,200,0],"size":[235.247,235.247,147.751]},"pointables":[{"bases":[[[0.568923,0.704185,0.424794],[-0.800677,0.356375,0.481573],[0.187731,-0.614101,0.766575]],[[0.483247,0.8593,0.167558],[-0.85313,0.41923,0.310509],[0.196575,-0.293001,0.935686]],[[0.483247,0.8593,0.167558],[-0.838485,0.50932,-0.193742],[-0.251823,-0.0468699,0.966638]],[[0.483247,0.8593,0.167558],[-0.692287,0.49222,-0.527692],[-0.535921,0.139007,0.832746]]],"btipPosition":[-29.4725,295.288,-78.6856],"carpPosition":[-39.8497,283.393,12.2424],"dipPosition":[-40.9744,298.271,-60.8133],"direction":[0.251823,0.0468699,-0.966638],"extended":false,"handId":248,"id":2480,"length":47.7925,"mcpPosition":[-39.8497,283.393,12.2424],"pipPosition":[-48.8481,296.806,-30.5897],"stabilizedTipPosition":[-106.099,244.617,132.708],"timeVisible":0.587788,"tipPosition":[-32.097,294.772,-74.8051],"tipVelocity":[17.3196,45.1591,-163.801],"tool":false,"touchDistance":-0.609583,"touchZone":"hovering","type":0,"width":18.5699},{"bases":[[[0.984408,-0.175048,-0.0172744],[0.162554,0.867805,0.469564],[-0.0672055,-0.465051,0.882729]],[[0.983928,-0.178212,-0.0112607],[0.172563,0.932731,0.316598],[-0.0459183,-0.313453,0.948493]],[[0.983928,-0.178212,-0.0112607],[0.176821,0.963568,0.200675],[-0.0249123,-0.199441,0.979593]],[[0.983928,-0.178212,-0.0112607],[0.178354,0.977713,0.110757],[-0.00872848,-0.110985,0.993784]]],"btipPosition":[-20.5508,350.827,-118.217],"carpPosition":[-27.5829,300.943,15.9895],"dipPosition":[-20.6875,349.088,-102.646],"direction":[0.0249123,0.199441,-0.979593],"extended":true,"handId":248,"id":2481,"length":53.9285,"mcpPosition":[-23.0488,332.318,-43.5646],"pipPosition":[-21.2397,344.667,-80.9332],"stabilizedTipPosition":[-69.6865,308.703,22.5189],"timeVisible":0.587788,"tipPosition":[-20.4403,348.873,-114.889],"tipVelocity":[20.898,4.89604,-192.468],"tool":false,"touchDistance":-0.638814,"touchZone":"hovering","type":1,"width":17.738},{"bases":[[[0.924046,-0.381627,0.02235],[0.325125,0.815297,0.47915],[-0.201078,-0.43549,0.877449]],[[0.920486,-0.388993,0.0372997],[0.287784,0.610217,-0.738116],[0.264361,0.69016,0.673642]],[[0.920486,-0.388993,0.0372997],[-0.117028,-0.365475,-0.923435],[0.372842,0.845644,-0.381937]],[[0.920486,-0.388993,0.0372997],[-0.285168,-0.733914,-0.616481],[0.267181,0.556825,-0.786486]]],"btipPosition":[-29.4439,266.302,-46.3488],"carpPosition":[-16.2967,300.594,16.0527],"dipPosition":[-24.8396,275.898,-59.9022],"direction":[-0.372842,-0.845644,0.381937],"extended":false,"handId":248,"id":2482,"length":61.4471,"mcpPosition":[-3.43185,328.456,-40.0861],"pipPosition":[-15.117,297.95,-69.862],"stabilizedTipPosition":[-89.534,206.511,179.86],"timeVisible":0.587788,"tipPosition":[-28.2494,268.711,-50.3387],"tipVelocity":[32.0261,-13.3244,-133.752],"tool":false,"touchDistance":0.333333,"touchZone":"none","type":2,"width":17.4211},{"bases":[[[0.857228,-0.50192,0.115046],[0.383737,0.77165,0.507249],[-0.343374,-0.390681,0.854086]],[[0.858227,-0.500778,0.112552],[0.403525,0.522787,-0.750907],[0.317197,0.689867,0.650746]],[[0.858227,-0.500778,0.112552],[-0.116979,-0.404351,-0.907092],[0.499762,0.765325,-0.405605]],[[0.858227,-0.500778,0.112552],[-0.34104,-0.720244,-0.604103],[0.383586,0.480072,-0.788918]]],"btipPosition":[-18.0581,263.825,-35.8643],"carpPosition":[-5.51796,297.316,16.0387],"dipPosition":[-11.4858,272.05,-49.3815],"direction":[-0.499762,-0.765325,0.405605],"extended":false,"handId":248,"id":2483,"length":59.0831,"mcpPosition":[14.2064,319.758,-33.0225],"pipPosition":[1.21004,291.492,-59.6853],"stabilizedTipPosition":[-77.0065,208.496,186.418],"timeVisible":0.587788,"tipPosition":[-16.3419,265.797,-39.8551],"tipVelocity":[28.4533,3.04004,-137.17],"tool":false,"touchDistance":0.333333,"touchZone":"none","type":3,"width":16.5772},{"bases":[[[0.736458,-0.664317,0.12772],[0.480542,0.646622,0.592418],[-0.47614,-0.374916,0.795442]],[[0.670873,-0.70612,0.226547],[0.618304,0.363952,-0.696591],[0.409425,0.607399,0.680763]],[[0.670873,-0.70612,0.226547],[-0.10974,-0.396664,-0.911381],[0.733407,0.58656,-0.343601]],[[0.670873,-0.70612,0.226547],[-0.43565,-0.622496,-0.65016],[0.600115,0.33748,-0.725237]]],"btipPosition":[-7.2856,272.153,-31.797],"carpPosition":[3.31211,287.767,14.9478],"dipPosition":[2.20026,277.487,-43.2606],"direction":[-0.733407,-0.58656,0.343601],"extended":false,"handId":248,"id":2484,"length":46.32,"mcpPosition":[28.6305,307.703,-27.3493],"pipPosition":[15.3547,288.008,-49.4235],"stabilizedTipPosition":[-60.5663,225.931,156.375],"timeVisible":0.587788,"tipPosition":[-5.13865,273.435,-35.1527],"tipVelocity":[25.0736,9.2116,-137.839],"tool":false,"touchDistance":0.333333,"touchZone":"none","type":4,"width":14.7252}],"r":[[0.543956,-0.560322,0.624621],[0.668158,0.739538,0.0815392],[-0.507619,0.372992,0.77666]],"s":0.961541,"t":[95.5642,68.4648,-264.906],"timestamp":2934146927},false],[6,{"currentFrameRate":104.132,"devices":[],"gestures":[],"hands":[{"armBasis":[[0.936339,0.022185,-0.350395],[0.16794,0.848126,0.502473],[0.308327,-0.52933,0.790408]],"armWidth":58.4334,"confidence":0.639577,"direction":[0.25602,0.550394,-0.794683],"elbow":[63.7255,155.054,213.034],"grabStrength":0,"id":248,"palmNormal":[-0.140512,-0.792162,-0.593916],"palmPosition":[-7.18008,312.076,-25.2525],"palmVelocity":[2.85185,18.449,-171.889],"palmWidth":83.4409,"pinchStrength":0.566092,"r":[[0.543195,-0.554913,0.630088],[0.664145,0.743105,0.0818913],[-0.513664,0.373987,0.772194]],"s":0.96687,"sphereCenter":[-14.3106,291.952,-62.7713],"sphereRadius":42.3676,"stabilizedPalmPosition":[-51.4762,266.807,156.425],"t":[95.6117,68.552,-266.343],"timeVisible":0.596656,"type":"right","wrist":[-12.6159,286.115,17.33]}],"id":282515,"interactionBox":{"center":[0,200,0],"size":[235.247,235.247,147.751]},"pointables":[{"bases":[[[0.56049,0.709812,0.426636],[-0.806785,0.351704,0.474765],[0.186944,-0.610304,0.769793]],[[0.478492,0.860313,0.175803],[-0.855756,0.41201,0.312936],[0.19679,-0.300182,0.933362]],[[0.478492,0.860313,0.175803],[-0.840211,0.506751,-0.193001],[-0.25513,-0.0553625,0.965321]],[[0.478492,0.860313,0.175803],[-0.693329,0.493019,-0.525573],[-0.538832,0.129593,0.832386]]],"btipPosition":[-29.2809,296.128,-80.1113],"carpPosition":[-39.8141,283.437,10.6614],"dipPosition":[-40.8452,298.909,-62.2467],"direction":[0.25513,0.0553625,-0.965321],"extended":false,"handId":248,"id":2480,"length":47.7925,"mcpPosition":[-39.8141,283.437,10.6614],"pipPosition":[-48.8223,297.178,-32.0643],"stabilizedTipPosition":[-106.059,244.646,132.595],"timeVisible":0.596656,"tipPosition":[-31.7677,295.46,-76.2183],"tipVelocity":[18.0434,57.1846,-163.033],"tool":false,"touchDistance":-0.59837,"touchZone":"hovering","type":0,"width":18.5699},{"bases":[[[0.985814,-0.16756,-0.00973794],[0.152575,0.870453,0.46801],[-0.0699435,-0.462856,0.88367]],[[0.985475,-0.169726,-0.00559999],[0.162571,0.933372,0.31998],[-0.0490821,-0.316243,0.947408]],[[0.985475,-0.169726,-0.00559999],[0.167294,0.964634,0.2037],[-0.0291713,-0.201678,0.979017]],[[0.985475,-0.169726,-0.00559999],[0.169261,0.979038,0.113295],[-0.0137465,-0.112598,0.993546]]],"btipPosition":[-20.1941,351.012,-119.769],"carpPosition":[-27.7085,301.092,14.441],"dipPosition":[-20.4094,349.248,-104.202],"direction":[0.0291713,0.201678,-0.979017],"extended":true,"handId":248,"id":2481,"length":53.9285,"mcpPosition":[-22.9898,332.319,-45.1765],"pipPosition":[-21.056,344.778,-82.5024],"stabilizedTipPosition":[-69.6504,308.733,22.4175],"timeVisible":0.596656,"tipPosition":[-20.0725,349.059,-116.444],"tipVelocity":[25.5856,9.05983,-187.78],"tool":false,"touchDistance":-0.626568,"touchZone":"hovering","type":1,"width":17.738},{"bases":[[[0.926749,-0.374473,0.030098],[0.31547,0.81922,0.478913],[-0.203997,-0.434337,0.877346]],[[0.923139,-0.381819,0.0450421],[0.288033,0.609232,-0.738833],[0.254659,0.695019,0.672382]],[[0.923139,-0.381819,0.0450421],[-0.1082,-0.370428,-0.922538],[0.368927,0.846757,-0.383269]],[[0.923139,-0.381819,0.0450421],[-0.27547,-0.738599,-0.615295],[0.268199,0.555595,-0.787009]]],"btipPosition":[-28.8679,266.241,-47.71],"carpPosition":[-16.4208,300.829,14.5855],"dipPosition":[-24.246,275.816,-61.2724],"direction":[-0.368927,-0.846757,0.383269],"extended":false,"handId":248,"id":2482,"length":61.4471,"mcpPosition":[-3.36919,328.618,-41.5468],"pipPosition":[-14.6255,297.897,-71.267],"stabilizedTipPosition":[-89.5298,206.515,179.844],"timeVisible":0.596656,"tipPosition":[-27.6676,268.639,-51.6965],"tipVelocity":[41.0784,-11.7289,-139.17],"tool":false,"touchDistance":0.333333,"touchZone":"none","type":2,"width":17.4211},{"bases":[[[0.860192,-0.494991,0.12269],[0.374212,0.776109,0.507563],[-0.34646,-0.39069,0.852834]],[[0.861227,-0.493818,0.120134],[0.401683,0.516584,-0.756169],[0.311351,0.699489,0.643254]],[[0.861227,-0.493818,0.120134],[-0.112981,-0.416498,-0.902089],[0.495504,0.76333,-0.414491]],[[0.861227,-0.493818,0.120134],[-0.334533,-0.728779,-0.597469],[0.382592,0.474367,-0.792842]]],"btipPosition":[-17.6156,263.897,-36.5729],"carpPosition":[-5.61751,297.634,14.6582],"dipPosition":[-11.0603,272.025,-50.1574],"direction":[-0.495504,-0.76333,0.414491],"extended":false,"handId":248,"id":2483,"length":59.0831,"mcpPosition":[14.2842,320.076,-34.3311],"pipPosition":[1.52731,291.416,-60.687],"stabilizedTipPosition":[-77,208.502,186.394],"timeVisible":0.596656,"tipPosition":[-15.8826,265.851,-40.7012],"tipVelocity":[34.148,3.74599,-122.117],"tool":false,"touchDistance":0.333333,"touchZone":"none","type":3,"width":16.5772},{"bases":[[[0.740578,-0.658268,0.13501],[0.471359,0.652086,0.593806],[-0.478921,-0.376121,0.793201]],[[0.675863,-0.699627,0.231798],[0.618047,0.366657,-0.6954],[0.40153,0.613257,0.680212]],[[0.675863,-0.699627,0.231798],[-0.10283,-0.400939,-0.910315],[0.729818,0.591413,-0.342922]],[[0.675863,-0.699627,0.231798],[-0.42751,-0.628329,-0.649952],[0.60037,0.340183,-0.723762]]],"btipPosition":[-6.84074,272.28,-32.9835],"carpPosition":[3.29272,288.15,13.6597],"dipPosition":[2.64914,277.657,-44.4238],"direction":[-0.729818,-0.591413,0.342922],"extended":false,"handId":248,"id":2484,"length":46.32,"mcpPosition":[28.7591,308.15,-28.5182],"pipPosition":[15.7392,288.264,-50.5745],"stabilizedTipPosition":[-60.5595,225.937,156.352],"timeVisible":0.596656,"tipPosition":[-4.68638,273.579,-36.3441],"tipVelocity":[31.9054,10.8896,-136.579],"tool":false,"touchDistance":0.333333,"touchZone":"none","type":4,"width":14.7252}],"r":[[0.543195,-0.554913,0.630088],[0.664145,0.743105,0.0818913],[-0.513664,0.373987,0.772194]],"s":0.96687,"t