{"sensorType":"Leap","data":[[0,{"currentFrameRate":107.202,"devices":[],"gestures":[],"hands":[{"armBasis":[[0.885171,-0.00940084,-0.465172],[0.252722,0.849162,0.463741],[0.390647,-0.528048,0.754029]],"armWidth":58.4334,"confidence":0.505833,"direction":[0.083878,0.501938,-0.860827],"elbow":[58.0293,157.752,214.485],"grabStrength":0,"id":251,"palmNormal":[-0.248966,-0.825917,-0.505842],"palmPosition":[-42.2718,311.875,-16.4542],"palmVelocity":[-17.5911,-9.90837,-233.047],"palmWidth":83.4409,"pinchStrength":1,"r":[[0.554325,-0.540076,0.633278],[0.799396,0.557305,-0.224448],[-0.23171,0.630658,0.740663]],"s":0.906904,"sphereCenter":[-66.971,295.741,-48.79],"sphereRadius":42.3098,"stabilizedPalmPosition":[-85.3977,253.248,209.356],"t":[79.0438,73.3526,-267.714],"timeVisible":3.81425,"type":"right","wrist":[-38.6944,288.496,27.7884]}],"id":284027,"interactionBox":{"center":[0,200,0],"size":[235.247,235.247,147.751]},"pointables":[{"bases":[[[0.627312,0.733353,0.262054],[-0.697918,0.3801,0.606988],[0.34553,-0.563663,0.750262]],[[0.445059,0.894202,-0.0482256],[-0.855959,0.440615,0.270541],[0.263168,-0.0791277,0.9615]],[[0.445059,0.894202,-0.0482256],[-0.878643,0.425646,-0.216363],[-0.172945,0.138667,0.975121]],[[0.445059,0.894202,-0.0482256],[-0.706782,0.317687,-0.632087],[-0.549893,0.315401,0.773395]]],"btipPosition":[-61.4855,277.971,-64.1654],"carpPosition":[-66.6479,285.454,26.9357],"dipPosition":[-73.2872,284.74,-47.5669],"direction":[0.172945,-0.138667,-0.975121],"extended":false,"handId":251,"id":2510,"length":47.7925,"mcpPosition":[-66.6479,285.454,26.9357],"pipPosition":[-78.6947,289.076,-17.078],"stabilizedTipPosition":[-139.803,240.752,211.026],"timeVisible":3.81425,"tipPosition":[-63.9447,278.572,-59.8622],"tipVelocity":[26.9767,0.402347,-259.263],"tool":false,"touchDistance":-0.6632,"touchZone":"hovering","type":0,"width":18.5699},{"bases":[[[0.965259,-0.168825,-0.199433],[0.234446,0.896575,0.37575],[0.115371,-0.409452,0.905007]],[[0.958197,-0.147921,-0.244904],[0.199212,0.959333,0.199989],[0.205362,-0.240417,0.948697]],[[0.958197,-0.147921,-0.244904],[0.176149,0.979516,0.0975652],[0.225456,-0.136626,0.964626]],[[0.958197,-0.147921,-0.244904],[0.157453,0.98733,0.0196956],[0.238888,-0.0574331,0.969347]]],"btipPosition":[-78.8388,344.314,-107.855],"carpPosition":[-54.2242,303.29,27.1471],"dipPosition":[-75.0959,343.414,-92.6676],"direction":[-0.225456,0.136626,-0.964626],"extended":true,"handId":251,"id":2511,"length":53.9285,"mcpPosition":[-62.0078,330.914,-33.9099],"pipPosition":[-70.0986,340.385,-71.2866],"stabilizedTipPosition":[-135.535,275.954,150.879],"timeVisible":3.81425,"tipPosition":[-77.943,342.165,-104.511],"tipVelocity":[1.71734,-35.9057,-265.804],"tool":false,"touchDistance":-0.696832,"touchZone":"hovering","type":1,"width":17.738},{"bases":[[[0.917766,-0.372945,-0.136444],[0.396735,0.845919,0.356402],[-0.0174975,-0.381226,0.924316]],[[0.917693,-0.374395,-0.13292],[0.186852,0.701988,-0.687241],[0.350608,0.605839,0.714166]],[[0.917693,-0.374395,-0.13292],[-0.278171,-0.366642,-0.887803],[0.283655,0.851705,-0.440611]],[[0.917693,-0.374395,-0.13292],[-0.392468,-0.80234,-0.449688],[0.0617142,0.464842,-0.88324]]],"btipPosition":[-65.9767,270.416,-38.9768],"carpPosition":[-43.1384,303.025,25.0171],"dipPosition":[-64.9132,278.426,-54.1975],"direction":[-0.283655,-0.851705,0.440611],"extended":false,"handId":251,"id":2512,"length":61.4471,"mcpPosition":[-42.0189,327.415,-34.1203],"pipPosition":[-57.5163,300.636,-65.6874],"stabilizedTipPosition":[-93.9643,205.067,125.798],"timeVisible":3.81425,"tipPosition":[-65.6483,272.41,-42.3483],"tipVelocity":[63.645,-75.2675,-202.563],"tool":false,"touchDistance":0.333333,"touchZone":"none","type":2,"width":17.4211},{"bases":[[[0.872652,-0.487681,-0.0254128],[0.460532,0.804528,0.375027],[-0.162448,-0.338971,0.926666]],[[0.87153,-0.489969,-0.0191286],[0.310119,0.581001,-0.752505],[0.379818,0.649899,0.658308]],[[0.87153,-0.489969,-0.0191286],[-0.270221,-0.44737,-0.85255],[0.409165,0.748192,-0.522296]],[[0.87153,-0.489969,-0.0191286],[-0.455314,-0.794177,-0.402457],[0.182,0.359463,-0.915239]]],"btipPosition":[-52.2523,267.506,-28.1669],"carpPosition":[-32.509,299.829,23.0863],"dipPosition":[-49.1339,273.665,-43.8485],"direction":[-0.409165,-0.748192,0.522296],"extended":false,"handId":251,"id":2513,"length":59.0831,"mcpPosition":[-23.1775,319.3,-30.1441],"pipPosition":[-38.7396,292.672,-57.1167],"stabilizedTipPosition":[-75.2661,200.422,86.7394],"timeVisible":3.81425,"tipPosition":[-51.3715,269.164,-32.5654],"tipVelocity":[59.0023,-46.9137,-134.867],"tool":false,"touchDistance":0.333333,"touchZone":"none","type":3,"width":16.5772},{"bases":[[[0.759816,-0.649818,0.0203959],[0.574481,0.685753,0.446894],[-0.304387,-0.32784,0.894354]],[[0.768916,-0.639307,-0.00743247],[0.437444,0.534536,-0.723128],[0.466274,0.552774,0.690674]],[[0.768916,-0.639307,-0.00743247],[-0.317506,-0.371733,-0.872356],[0.55494,0.673128,-0.488815]],[[0.768916,-0.639307,-0.00743247],[-0.574718,-0.686046,-0.44614],[0.280121,0.347315,-0.894933]]],"btipPosition":[-37.1954,272.239,-26.1797],"carpPosition":[-23.8805,290.293,20.8592],"dipPosition":[-32.7676,277.729,-40.3256],"direction":[-0.55494,-0.673128,0.488815],"extended":false,"handId":251,"id":2514,"length":46.32,"mcpPosition":[-7.69496,307.726,-26.6976],"pipPosition":[-22.8141,289.802,-49.0931],"stabilizedTipPosition":[-64.3484,205.018,94.9188],"timeVisible":3.81425,"tipPosition":[-36.1323,273.574,-28.9638],"tipVelocity":[53.5484,-13.9998,-199.125],"tool":false,"touchDistance":0.333333,"touchZone":"none","type":4,"width":14.7252}],"r":[[0.554325,-0.540076,0.633278],[0.799396,0.557305,-0.224448],[-0.23171,0.630658,0.740663]],"s":0.906904,"t":[79.0438,73.3526,-267.714],"timestamp":2948056898},false],[1,{"currentFrameRate":107.326,"devices":[],"gestures":[],"hands":[{"armBasis":[[0.88893,-0.00486855,-0.458017],[0.244411,0.850732,0.465315],[0.387384,-0.525577,0.757431]],"armWidth":58.4334,"confidence":0.509274,"direction":[0.0848936,0.499403,-0.8622],"elbow":[57.0474,158.539,213.325],"grabStrength":0,"id":251,"palmNormal":[-0.240878,-0.829371,-0.504105],"palmPosition":[-42.3774,311.867,-18.5586],"palmVelocity":[-15.9365,-7.42279,-232.618],"palmWidth":83.4409,"pinchStrength":1,"r":[[0.556639,-0.530395,0.639401],[0.794005,0.566049,-0.221683],[-0.244353,0.631085,0.736222]],"s":0.915306,"sphereCenter":[-67.5351,296.03,-50.7952],"sphereRadius":42.6296,"stabilizedPalmPosition":[-85.3974,253.249,209.354],"t":[78.935,73.2672,-269.823],"timeVisible":3.82334,"type":"right","wrist":[-38.8686,288.671,25.7858]}],"id":284028,"interactionBox":{"center":[0,200,0],"size":[235.247,235.247,147.751]},"pointables":[{"bases":[[[0.621066,0.738469,0.262567],[-0.70351,0.377592,0.602078],[0.345472,-0.558648,0.75403]],[[0.441941,0.895891,-0.0454618],[-0.858852,0.437212,0.26687],[0.258963,-0.0788959,0.96266]],[[0.441941,0.895891,-0.0454618],[-0.879631,0.422868,-0.217788],[-0.17589,0.136239,0.974937]],[[0.441941,0.895891,-0.0454618],[-0.70763,0.317028,-0.631469],[-0.551315,0.311242,0.774067]]],"btipPosition":[-61.319,278.11,-66.36],"carpPosition":[-66.7965,285.438,24.803],"dipPosition":[-73.1513,284.79,-49.747],"direction":[0.17589,-0.136239,-0.974937],"extended":false,"handId":251,"id":2510,"length":47.7925,"mcpPosition":[-66.7965,285.438,24.803],"pipPosition":[-78.6508,289.05,-19.2639],"stabilizedTipPosition":[-139.803,240.753,211.024],"timeVisible":3.82334,"tipPosition":[-63.7461,278.652,-62.0658],"tipVelocity":[24.3639,3.90244,-254.222],"tool":false,"touchDistance":-0.658082,"touchZone":"hovering","type":0,"width":18.5699},{"bases":[[[0.967364,-0.163074,-0.193944],[0.226547,0.899464,0.373686],[0.113507,-0.405428,0.907052]],[[0.959904,-0.141147,-0.2422],[0.193596,0.958647,0.208603],[0.202741,-0.247128,0.947536]],[[0.959904,-0.141147,-0.2422],[0.170938,0.979492,0.106654],[0.222179,-0.143779,0.964346]],[[0.959904,-0.141147,-0.2422],[0.152521,0.987881,0.0287753],[0.235203,-0.0645622,0.9698]]],"btipPosition":[-78.7485,344.645,-110.083],"carpPosition":[-54.4933,303.357,25.0126],"dipPosition":[-75.0634,343.633,-94.8882],"direction":[-0.222179,0.143779,-0.964346],"extended":true,"handId":251,"id":2511,"length":53.9285,"mcpPosition":[-62.1512,330.71,-36.1824],"pipPosition":[-70.1387,340.446,-73.5134],"stabilizedTipPosition":[-135.532,275.957,150.868],"timeVisible":3.82334,"tipPosition":[-77.8431,342.446,-106.755],"tipVelocity":[3.58668,-16.6608,-260.011],"tool":false,"touchDistance":-0.688872,"touchZone":"hovering","type":1,"width":17.738},{"bases":[[[0.920915,-0.367281,-0.130459],[0.389267,0.849826,0.355342],[-0.0196432,-0.378023,0.925588]],[[0.920835,-0.368697,-0.126983],[0.18373,0.697441,-0.69269],[0.343956,0.614523,0.709969]],[[0.920835,-0.368697,-0.126983],[-0.272434,-0.375275,-0.885973],[0.279003,0.85043,-0.446012]],[[0.920835,-0.368697,-0.126983],[-0.38494,-0.807412,-0.44711],[0.062321,0.460595,-0.88542]]],"btipPosition":[-65.6915,270.068,-40.7717],"carpPosition":[-43.3953,303.159,22.9396],"dipPosition":[-64.6175,278.005,-56.03],"direction":[-0.279003,-0.85043,0.446012],"extended":false,"handId":251,"id":2512,"length":61.4471,"mcpPosition":[-42.1386,327.345,-36.2792],"pipPosition":[-57.3419,300.182,-67.6608],"stabilizedTipPosition":[-93.9592,205.079,125.768],"timeVisible":3.82334,"tipPosition":[-65.3665,272.076,-44.262],"tipVelocity":[54.7835,-65.535,-201.414],"tool":false,"touchDistance":0.333333,"touchZone":"none","type":2,"width":17.4211},{"bases":[[[0.876005,-0.481918,-0.0192422],[0.453243,0.80893,0.374438],[-0.164883,-0.336731,0.927052]],[[0.87484,-0.484243,-0.0128094],[0.303519,0.568566,-0.764597],[0.377534,0.665012,0.644381]],[[0.87484,-0.484243,-0.0128094],[-0.270182,-0.465825,-0.84262],[0.402066,0.740618,-0.538356]],[[0.87484,-0.484243,-0.0128094],[-0.450232,-0.803069,-0.390347],[0.178736,0.347258,-0.920579]]],"btipPosition":[-52.0088,267.359,-29.1313],"carpPosition":[-32.7352,300.028,21.0741],"dipPosition":[-48.9464,273.309,-44.9044],"direction":[-0.402066,-0.740618,0.538356],"extended":false,"handId":251,"id":2513,"length":59.0831,"mcpPosition":[-23.2638,319.37,-32.1785],"pipPosition":[-38.7324,292.123,-58.5806],"stabilizedTipPosition":[-75.2615,200.435,86.7165],"timeVisible":3.82334,"tipPosition":[-51.1479,268.967,-33.7528],"tipVelocity":[49.6898,-39.8855,-127.539],"tool":false,"touchDistance":0.333333,"touchZone":"none","type":3,"width":16.5772},{"bases":[[[0.764022,-0.644642,0.0265817],[0.567617,0.691178,0.447309],[-0.306726,-0.326666,0.893985]],[[0.773453,-0.63385,-0.00206162],[0.432914,0.530632,-0.728708],[0.462985,0.562729,0.684822]],[[0.773453,-0.63385,-0.00206162],[-0.315802,-0.382532,-0.868296],[0.549581,0.672238,-0.496042]],[[0.773453,-0.63385,-0.00206162],[-0.569533,-0.693536,-0.44118],[0.278212,0.342406,-0.897416]]],"btipPosition":[-36.9896,272.196,-27.7355],"carpPosition":[-24.0321,290.542,18.925],"dipPosition":[-32.592,277.608,-41.9208],"direction":[-0.549581,-0.672238,0.496042],"extended":false,"handId":251,"id":2514,"length":46.32,"mcpPosition":[-7.72209,307.912,-28.6121],"pipPosition":[-22.7346,289.665,-50.8178],"stabilizedTipPosition":[-64.3475,205.02,94.9148],"timeVisible":3.82334,"tipPosition":[-35.9293,273.53,-30.7032],"tipVelocity":[44.7784,-11.9727,-191.657],"tool":false,"touchDistance":0.333333,"touchZone":"none","type":4,"width":14.7252}],"r":[[0.556639,-0.530395,0.639401],[0.794005,0.566049,-0.221683],[-0.244353,0.631085,0.736222]],"s":0.915306,"t":[78.935,73.2672,-269.823],"timestamp":2948065988},false],[2,{"currentFrameRate":107.474,"devices":[],"gestures":[],"hands":[{"armBasis":[[0.893028,0.0039816,-0.449984],[0.231995,0.852756,0.467958],[0.38559,-0.522294,0.760611]],"armWidth":58.4334,"confidence":0.511159,"direction":[0.0845775,0.503084,-0.860089],"elbow":[56.4168,159.435,212.36],"grabStrength":0,"id":251,"palmNormal":[-0.228336,-0.830426,-0.508188],"palmPosition":[-42.5511,312.051,-20.2592],"palmVelocity":[-16.8393,0.244467,-220.377],"palmWidth":83.4409,"pinchStrength":1,"r":[[0.558763,-0.521752,0.644639],[0.788572,0.574934,-0.218187],[-0.256785,0.630259,0.73269]],"s":0.924106,"sphereCenter":[-67.9394,296.549,-52.5363],"sphereRadius":42.9121,"stabilizedPalmPosition":[-85.3971,253.249,209.353],"t":[78.7938,73.3167,-271.728],"timeVisible":3.83237,"type":"right","wrist":[-39.0548,288.755,24.0334]}],"id":284029,"interactionBox":{"center":[0,200,0],"size":[235.247,235.247,147.751]},"pointables":[{"bases":[[[0.611019,0.744602,0.268744],[-0.711464,0.367686,0.598854],[0.347095,-0.557113,0.754421]],[[0.43412,0.900099,-0.0368926],[-0.863946,0.427587,0.266019],[0.255218,-0.0836109,0.963262]],[[0.43412,0.900099,-0.0368926],[-0.882506,0.416697,-0.218053],[-0.180897,0.127219,0.975239]],[[0.43412,0.900099,-0.0368926],[-0.708134,0.315647,-0.631596],[-0.556854,0.300313,0.774419]]],"btipPosition":[-61.0134,278.614,-68.3412],"carpPosition":[-66.9377,285.21,22.8663],"dipPosition":[-72.9645,285.059,-51.7207],"direction":[0.180897,-0.127219,-0.975239],"extended":false,"handId":251,"id":2510,"length":47.7925,"mcpPosition":[-66.9377,285.21,22.8663],"pipPosition":[-78.6206,289.037,-21.2281],"stabilizedTipPosition":[-139.802,240.753,211.023],"timeVisible":3.83237,"tipPosition":[-63.4188,279.071,-64.0729],"tipVelocity":[26.1376,16.5455,-244.53],"tool":false,"touchDistance":-0.6503,"touchZone":"hovering","type":0,"width":18.5699},{"bases":[[[0.970333,-0.151503,-0.188414],[0.214021,0.900769,0.377902],[0.112464,-0.407016,0.906471]],[[0.962435,-0.128278,-0.239299],[0.183128,0.957392,0.223304],[0.200458,-0.258738,0.944919]],[[0.962435,-0.128278,-0.239299],[0.160852,0.979422,0.121902],[0.218738,-0.155814,0.963263]],[[0.962435,-0.128278,-0.239299],[0.14274,0.98878,0.04404],[0.230965,-0.0765432,0.969947]]],"btipPosition":[-78.792,345.572,-111.723],"carpPosition":[-54.8398,303.266,23.2087],"dipPosition":[-75.1733,344.373,-96.5258],"direction":[-0.218738,0.155814,-0.963263],"extended":true,"handId":251,"id":2511,"length":53.9285,"mcpPosition":[-62.4273,330.726,-37.9471],"pipPosition":[-70.3249,340.919,-75.175],"stabilizedTipPosition":[-135.531,275.959,150.86],"timeVisible":3.83237,"tipPosition":[-77.8684,343.321,-108.425],"tipVelocity":[0.806273,14.8983,-238.352],"tool":false,"touchDistance":-0.672908,"touchZone":"hovering","type":1,"width":17.738},{"bases":[[[0.925809,-0.356424,-0.125858],[0.377403,0.853033,0.360418],[-0.0211008,-0.381177,0.924261]],[[0.925727,-0.357781,-0.122561],[0.174458,0.691519,-0.700975],[0.335549,0.62753,0.702576]],[[0.925727,-0.357781,-0.122561],[-0.267202,-0.389411,-0.881455],[0.267641,0.848735,-0.456088]],[[0.925727,-0.357781,-0.122561],[-0.373666,-0.815304,-0.442327],[0.0583317,0.455271,-0.88844]]],"btipPosition":[-65.1939,269.871,-41.7805],"carpPosition":[-43.7276,303.2,21.2043],"dipPosition":[-64.1887,277.717,-57.0909],"direction":[-0.267641,-0.848735,0.456088],"extended":false,"handId":251,"id":2512,"length":61.4471,"mcpPosition":[-42.3776,327.587,-37.9295],"pipPosition":[-57.2094,299.85,-68.9844],"stabilizedTipPosition":[-93.9531,205.093,125.732],"timeVisible":3.83237,"tipPosition":[-64.9038,271.928,-45.6042],"tipVelocity":[54.3771,-54.1064,-177.041],"tool":false,"touchDistance":0.333333,"touchZone":"none","type":2,"width":17.4211},{"bases":[[[0.88151,-0.471917,-0.0152827],[0.441719,0.812803,0.379785],[-0.166805,-0.341535,0.924949]],[[0.8803,-0.474337,-0.00869614],[0.298546,0.568117,-0.766886],[0.368703,0.672493,0.641725]],[[0.8803,-0.474337,-0.00869614],[-0.263186,-0.473019,-0.840825],[0.394721,0.742467,-0.541238]],[[0.8803,-0.474337,-0.00869614],[-0.439758,-0.808975,-0.390093],[0.178,0.347223,-0.920735]]],"btipPosition":[-51.6235,267.449,-30.5042],"carpPosition":[-33.0213,300.195,19.3956],"dipPosition":[-48.5737,273.399,-46.28],"direction":[-0.394721,-0.742467,0.541238],"extended":false,"handId":251,"id":2513,"length":59.0831,"mcpPosition":[-23.4396,319.814,-33.7362],"pipPosition":[-38.5463,292.26,-60.0294],"stabilizedTipPosition":[-75.2565,200.45,86.6914],"timeVisible":3.83237,"tipPosition":[-50.7698,269.055,-35.1915],"tipVelocity":[47.6577,-26.1355,-134.277],"tool":false,"touchDistance":0.333333,"touchZone":"none","type":3,"width":16.5772},{"bases":[[[0.771097,-0.636042,0.0293328],[0.556965,0.696119,0.452999],[-0.308546,-0.332969,0.891028]],[[0.780845,-0.624724,-0.0000459801],[0.425858,0.532335,-0.731618],[0.457084,0.571261,0.681715]],[[0.780845,-0.624724,-0.0000459801],[-0.312364,-0.390361,-0.866053],[0.541026,0.676268,-0.499953]],[[0.780845,-0.624724,-0.0000459801],[-0.560958,-0.701111,-0.440193],[0.274967,0.343749,-0.897903]]],"btipPosition":[-36.6629,272.434,-29.0536],"carpPosition":[-24.1982,290.815,17.2712],"dipPosition":[-32.3165,277.868,-43.2465],"direction":[-0.541026,-0.676268,0.499953],"extended":false,"handId":251,"id":2514,"length":46.32,"mcpPosition":[-7.79144,308.521,-30.1086],"pipPosition":[-22.6126,289.997,-52.2136],"stabilizedTipPosition":[-64.3466,205.022,94.911],"timeVisible":3.83237,"tipPosition":[-35.6077,273.791,-32.2157],"tipVelocity":[42.0424,-1.2519,-179.088],"tool":false,"touchDistance":0.333333,"touchZone":"none","type":4,"width":14.7252}],"r":[[0.558763,-0.521752,0.644639],[0.788572,0.574934,-0.218187],[-0.256785,0.630259,0.73269]],"s":0.924106,"t":[78.7938,73.3167,-271.728],"timestamp":2948075025},false],[3,{"currentFrameRate":107.568,"devices":[],"gestures":[],"hands":[{"armBasis":[[0.896215,0.0115506,-0.443469],[0.221441,0.854563,0.469772],[0.384399,-0.519219,0.763315]],"armWidth":58.4334,"confidence":0.517039,"direction":[0.0841717,0.500277,-0.861764],"elbow":[55.9937,160.244,211.887],"grabStrength":0,"id":251,"palmNormal":[-0.218148,-0.834602,-0.505816],"palmPosition":[-42.6756,311.881,-21.5159],"palmVelocity":[-15.9541,-5.01105,-197.414],"palmWidth":83.4409,"pinchStrength":0.976131,"r":[[0.560672,-0.513231,0.649801],[0.783267,0.58327,-0.215149],[-0.268589,0.629596,0.72902]],"s":0.9333,"sphereCenter":[-68.2593,296.487,-53.694],"sphereRadius":43.1612,"stabilizedPalmPosition":[-85.3969,253.249,209.352],"t":[78.6609,73.2562,-273.309],"timeVisible":3.8415,"type":"right","wrist":[-39.1831,288.802,22.8905]}],"id":284030,"interactionBox":{"center":[0,200,0],"size":[235.247,235.247,147.751]},"pointables":[{"bases":[[[0.602785,0.751331,0.268611],[-0.717774,0.363565,0.593819],[0.348497,-0.550747,0.758438]],[[0.428298,0.902954,-0.0351304],[-0.867577,0.421769,0.263479],[0.252727,-0.0823693,0.964025]],[[0.428298,0.902954,-0.0351304],[-0.884647,0.411052,-0.220084],[-0.184285,0.12534,0.974848]],[[0.428298,0.902954,-0.0351304],[-0.70788,0.311097,-0.634133],[-0.561665,0.296466,0.772425]]],"btipPosition":[-60.7783,278.482,-69.5857],"carpPosition":[-67.0259,284.994,21.6017],"dipPosition":[-72.8327,284.845,-53.008],"direction":[0.184285,-0.12534,-0.974848],"extended":false,"handId":251,"id":2510,"length":47.7925,"mcpPosition":[-67.0259,284.994,21.6017],"pipPosition":[-78.5947,288.764,-22.5276],"stabilizedTipPosition":[-139.802,240.753,211.022],"timeVisible":3.8415,"tipPosition":[-63.1675,278.887,-65.3517],"tipVelocity":[25.3091,7.36795,-214.785],"tool":false,"touchDistance":-0.632418,"touchZone":"hovering","type":0,"width":18.5699},{"bases":[[[0.972609,-0.143297,-0.183025],[0.203828,0.904269,0.375169],[0.111743,-0.402198,0.908708]],[[0.964282,-0.119222,-0.23653],[0.174891,0.957225,0.230507],[0.198931,-0.263641,0.943886]],[[0.964282,-0.119222,-0.23653],[0.153056,0.979601,0.130212],[0.216181,-0.161763,0.96286]],[[0.964282,-0.119222,-0.23653],[0.135297,0.989393,0.0528793],[0.227716,-0.0829924,0.970184]]],"btipPosition":[-78.8329,345.57,-113.109],"carpPosition":[-55.0971,303.163,21.9277],"dipPosition":[-75.2651,344.27,-97.908],"direction":[-0.216181,0.161763,-0.96286],"extended":true,"handId":251,"id":2511,"length":53.9285,"mcpPosition":[-62.6359,330.297,-39.379],"pipPosition":[-70.4734,340.684,-76.5661],"stabilizedTipPosition":[-135.53,275.96,150.855],"timeVisible":3.8415,"tipPosition":[-77.8983,343.283,-109.825],"tipVelocity":[-1.01887,9.97554,-214.305],"tool":false,"touchDistance":-0.654727,"touchZone":"hovering","type":1,"width":17.738},{"bases":[[[0.92967,-0.34836,-0.11983],[0.367728,0.857975,0.358685],[-0.0221406,-0.377523,0.925735]],[[0.929586,-0.349684,-0.116579],[0.162973,0.673584,-0.720919],[0.330619,0.651157,0.683143]],[[0.929586,-0.349684,-0.116579],[-0.265907,-0.417143,-0.869071],[0.25527,0.838876,-0.480754]],[[0.929586,-0.349684,-0.116579],[-0.364881,-0.828121,-0.425533],[0.0522606,0.438107,-0.897402]]],"btipPosition":[-64.7296,269.137,-41.4444],"carpPosition":[-43.975,303.191,19.9781],"dipPosition":[-63.829,276.687,-56.9093],"direction":[-0.25527,-0.838876,0.480754],"extended":false,"handId":251,"id":2512,"length":61.4471,"mcpPosition":[-42.5585,327.345,-39.2501],"pipPosition":[-57.1723,298.563,-69.446],"stabilizedTipPosition":[-93.9414,205.119,125.664],"timeVisible":3.8415,"tipPosition":[-64.4834,271.217,-45.728],"tipVelocity":[52.6728,-63.5018,-118.707],"tool":false,"touchDistance":0.333333,"touchZone":"none","type":2,"width":17.4211},{"bases":[[[0.885895,-0.463799,-0.00899007],[0.432316,0.818422,0.378535],[-0.168206,-0.339228,0.925543]],[[0.884589,-0.466368,-0.00194546],[0.29931,0.570909,-0.764511],[0.357654,0.675696,0.644608]],[[0.884589,-0.466368,-0.00194546],[-0.252283,-0.475004,-0.843045],[0.392245,0.746239,-0.53784]],[[0.884589,-0.466368,-0.00194546],[-0.429632,-0.813272,-0.392435],[0.181437,0.347979,-0.919778]]],"btipPosition":[-51.2976,267.16,-31.9204],"carpPosition":[-33.2327,300.278,18.2344],"dipPosition":[-48.1889,273.122,-47.6798],"direction":[-0.392245,-0.746239,0.53784],"extended":false,"handId":251,"id":2513,"length":59.0831,"mcpPosition":[-23.5704,319.764,-34.9316],"pipPosition":[-38.2244,292.079,-61.3429],"stabilizedTipPosition":[-75.2512,200.464,86.6654],"timeVisible":3.8415,"tipPosition":[-50.434,268.746,-36.4213],"tipVelocity":[44.7529,-27.6061,-139.975],"tool":false,"touchDistance":0.333333,"touchZone":"none","type":3,"width":16.5772},{"bases":[[[0.776782,-0.628753,0.0357715],[0.548272,0.703114,0.452801],[-0.309851,-0.332115,0.890894]],[[0.786644,-0.617376,0.00616367],[0.412858,0.518578,-0.748749],[0.459063,0.591544,0.662825]],[[0.786644,-0.617376,0.00616367],[-0.318131,-0.41387,-0.852939],[0.529135,0.668998,-0.521975]],[[0.786644,-0.617376,0.00616367],[-0.55692,-0.713851,-0.424566],[0.266517,0.33055,-0.905376]]],"btipPosition":[-36.4255,272.226,-28.9995],"carpPosition":[-24.3129,290.971,16.1925],"dipPosition":[-32.2127,277.451,-43.3105],"direction":[-0.529135,-0.668998,0.521975],"extended":false,"handId":251,"id":2514,"length":46.32,"mcpPosition":[-7.83674,308.632,-31.1802],"pipPosition":[-22.7221,289.45,-52.6727],"stabilizedTipPosition":[-64.3457,205.024,94.9069],"timeVisible":3.8415,"tipPosition":[-35.3644,273.578,-32.5673],"tipVelocity":[36.6545,-8.6989,-128.516],"tool":false,"touchDistance":0.333333,"touchZone":"none","type":4,"width":14.7252}],"r":[[0.560672,-0.513231,0.649801],[0.783267,0.58327,-0.215149],[-0.268589,0.629596,0.72902]],"s":0.9333,"t":[78.6609,73.2562,-273.309],"timestamp":2948084150},false],[4,{"currentFrameRate":107.742,"devices":[],"gestures":[],"hands":[{"armBasis":[[0.899196,0.0163082,-0.437243],[0.215037,0.853823,0.474073],[0.381059,-0.520308,0.764247]],"armWidth":58.4334,"confidence":0.523191,"direction":[0.0850074,0.492417,-0.866198],"elbow":[55.1529,159.89,211.132],"grabStrength":0,"id":251,"palmNormal":[-0.212735,-0.840329,-0.498589],"palmPosition":[-42.6346,311.357,-22.7308],"palmVelocity":[-10.3338,-19.623,-180.467],"palmWidth":83.4409,"pinchStrength":0.942946,"r":[[0.562082,-0.50465,0.65528],[0.778578,0.590173,-0.213335],[-0.279069,0.630099,0.724635]],"s":0.942184,"sphereCenter":[-68.5109,295.955,-54.7284],"sphereRadius":43.3995,"stabilizedPalmPosition":[-85.3968,253.25,209.351],"t":[78.615,72.9642,-274.707],"timeVisible":3.85047,"type":"right","wrist":[-39.1969,288.717,21.9054]}],"id":284031,"interactionBox":{"center":[0,200,0],"size":[235.247,235.247,147.751]},"pointables":[{"bases":[[[0.598559,0.756495,0.26352],[-0.721428,0.366044,0.587838],[0.348236,-0.541966,0.764855]],[[0.427263,0.903323,-0.0381337],[-0.868309,0.421725,0.261127],[0.251964,-0.0784581,0.964551]],[[0.427263,0.903323,-0.0381337],[-0.885367,0.409478,-0.220121],[-0.183225,0.127812,0.974727]],[[0.427263,0.903323,-0.0381337],[-0.708006,0.308053,-0.635477],[-0.562294,0.298515,0.771178]]],"btipPosition":[-60.7554,277.963,-70.6242],"carpPosition":[-67.0182,284.775,20.5567],"dipPosition":[-72.8233,284.37,-54.0733],"direction":[0.183225,-0.127812,-0.974727],"extended":false,"handId":251,"id":2510,"length":47.7925,"mcpPosition":[-67.0182,284.775,20.5567],"pipPosition":[-78.5521,288.366,-23.5967],"stabilizedTipPosition":[-139.802,240.753,211.021],"timeVisible":3.85047,"tipPosition":[-63.0732,278.327,-66.4054],"tipVelocity":[18.9866,-10.1825,-187.888],"tool":false,"touchDistance":-0.61318,"touchZone":"hovering","type":0,"width":18.5699},{"bases":[[[0.973859,-0.140759,-0.178283],[0.198568,0.908686,0.367234],[0.110312,-0.393036,0.912882]],[[0.965204,-0.116255,-0.234236],[0.171625,0.957453,0.23201],[0.197298,-0.264137,0.94409]],[[0.965204,-0.116255,-0.234236],[0.150134,0.979763,0.132377],[0.214107,-0.162938,0.963125]],[[0.965204,-0.116255,-0.234236],[0.132611,0.989625,0.0552795],[0.22538,-0.0844183,0.970607]]],"btipPosition":[-78.6624,344.856,-114.588],"carpPosition":[-55.17,302.998,20.7508],"dipPosition":[-75.1311,343.533,-99.3805],"direction":[-0.214107,0.162938,-0.963125],"extended":true,"handId":251,"id":2511,"length":53.9285,"mcpPosition":[-62.6123,329.515,-40.8376],"pipPosition":[-70.3854,339.921,-78.0328],"stabilizedTipPosition":[-135.529,275.961,150.851],"timeVisible":3.85047,"tipPosition":[-77.7293,342.557,-111.305],"tipVelocity":[4.20952,-14.7189,-200.756],"tool":false,"touchDistance":-0.639752,"touchZone":"hovering","type":1,"width":17.738},{"bases":[[[0.931594,-0.345398,-0.113285],[0.362725,0.862957,0.351759],[-0.0237366,-0.368788,0.92921]],[[0.931505,-0.346687,-0.110029],[0.156941,0.655989,-0.738274],[0.328128,0.670437,0.665466]],[[0.931505,-0.346687,-0.110029],[-0.265372,-0.440893,-0.857433],[0.24875,0.827901,-0.502695]],[[0.931505,-0.346687,-0.110029],[-0.360372,-0.838665,-0.408379],[0.0493018,0.420058,-0.906157]]],"btipPosition":[-64.3627,268.189,-41.301],"carpPosition":[-44.0414,303.057,18.8394],"dipPosition":[-63.5131,275.428,-56.9167],"direction":[-0.24875,-0.827901,0.502695],"extended":false,"handId":251,"id":2512,"length":61.4471,"mcpPosition":[-42.5227,326.652,-40.6111],"pipPosition":[-57.0264,297.018,-70.0256],"stabilizedTipPosition":[-93.9128,205.181,125.5],"timeVisible":3.85047,"tipPosition":[-64.1445,270.213,-45.838],"tipVelocity":[49.0978,-77.2356,-82.8983],"tool":false,"touchDistance":0.333333,"touchZone":"none","type":2,"width":17.4211},{"bases":[[[0.887935,-0.459967,-0.00150206],[0.427415,0.823879,0.372209],[-0.169966,-0.331139,0.928148]],[[0.88661,-0.462484,0.00559043],[0.299509,0.564882,-0.768898],[0.352445,0.683386,0.639348]],[[0.88661,-0.462484,0.00559043],[-0.247253,-0.484144,-0.839327],[0.390882,0.742774,-0.543597]],[[0.88661,-0.462484,0.00559043],[-0.424709,-0.81886,-0.386123],[0.183154,0.339966,-0.92243]]],"btipPosition":[-51.0256,266.502,-32.7364],"carpPosition":[-33.2804,300.175,17.1608],"dipPosition":[-47.8875,272.327,-48.5412],"direction":[-0.390882,-0.742774,0.543597],"extended":false,"handId":251,"id":2513,"length":59.0831,"mcpPosition":[-23.517,319.196,-36.1548],"pipPosition":[-37.9576,291.196,-62.3506],"stabilizedTipPosition":[-75.2452,200.48,86.6355],"timeVisible":3.85047,"tipPosition":[-50.1535,268.049,-37.2466],"tipVelocity":[41.0134,-41.088,-126.892],"tool":false,"touchDistance":0.333333,"touchZone":"none","type":3,"width":16.5772},{"bases":[[[0.779386,-0.624965,0.0444522],[0.543612,0.709794,0.447972],[-0.311519,-0.324978,0.892942]],[[0.789452,-0.613645,0.0143015],[0.407699,0.5068,-0.759563],[0.458854,0.605469,0.650277]],[[0.789452,-0.613645,0.0143015],[-0.319408,-0.43059,-0.844139],[0.52416,0.66184,-0.535933]],[[0.789452,-0.613645,0.0143015],[-0.55426,-0.722678,-0.412955],[0.263743,0.318082,-0.910639]]],"btipPosition":[-36.1971,271.638,-29.3218],"carpPosition":[-24.313,290.889,15.2386],"dipPosition":[-32.0282,276.666,-43.7161],"direction":[-0.52416,-0.66184,0.535933],"extended":false,"handId":251,"id":2514,"length":46.32,"mcpPosition":[-7.7482,308.169,-32.243],"pipPosition":[-22.6268,288.536,-53.3286],"stabilizedTipPosition":[-64.3443,205.028,94.9009],"timeVisible":3.85047,"tipPosition":[-35.1412,272.946,-33.0471],"tipVelocity":[33.2855,-25.6636,-103.766],"tool":false,"touchDistance":0.333333,"touchZone":"none","type":4,"width":14.7252}],"r":[[0.562082,-0.50465,0.65528],[0.778578,0.590173,-0.213335],[-0.279069,0.630099,0.724635]],"s":0.942184,"t":[78.615,72.9642,-274.707],"timestamp":2948093116},false],[5,{"currentFrameRate":107.826,"devices":[],"gestures":[],"hands":[{"armBasis":[[0.900693,0.0210033,-0.433949],[0.208623,0.855228,0.474406],[0.38109,-0.517825,0.765916]],"armWidth":58.4334,"confidence":0.53673,"direction":[0.0842884,0.488234,-0.868633],"elbow":[55.3019,160.24,210.951],"grabStrength":0,"id":251,"palmNormal":[-0.206735,-0.844198,-0.49456],"palmPosition":[-42.5144,310.833,-23.4545],"palmVelocity":[-3.80648,-30.1392,-152.384],"palmWidth":83.4409,"pinchStrength":0.933613,"r":[[0.563374,-0.496404,0.660449],[0.774193,0.596321,-0.212194],[-0.288506,0.630859,0.720264]],"s":0.950072,"sphereCenter":[-68.6921,295.477,-55.369],"sphereRadius":43.629,"stabilizedPalmPosition":[-85.3967,253.25,209.35],"t":[78.6521,72.556,-275.768],"timeVisible":3.85959,"type":"right","wrist":[-39.0555,288.453,21.3111]}],"id":284032,"interactionBox":{"center":[0,200,0],"size":[235.247,235.247,147.751]},"pointables":[{"bases":[[[0.593597,0.761309,0.260867],[-0.724921,0.365067,0.584137],[0.349474,-0.53585,0.768591]],[[0.425208,0.904319,-0.0374832],[-0.868681,0.41938,0.263654],[0.254147,-0.079547,0.963889]],[[0.425208,0.904319,-0.0374832],[-0.887363,0.408362,-0.214074],[-0.178284,0.124287,0.976098]],[[0.425208,0.904319,-0.0374832],[-0.711743,0.308502,-0.631069],[-0.559124,0.295014,0.774821]]],"btipPosition":[-60.9101,277.768,-71.3543],"carpPosition":[-66.8505,284.345,19.9174],"dipPosition":[-72.91,284.1,-54.7252],"direction":[0.178284,-0.124287,-0.976098],"extended":false,"handId":251,"id":2510,"length":47.7925,"mcpPosition":[-66.8505,284.345,19.9174],"pipPosition":[-78.4844,287.986,-24.2057],"stabilizedTipPosition":[-139.802,240.753,211.02],"timeVisible":3.85959,"tipPosition":[-63.0774,278.055,-67.1194],"tipVelocity":[9.47863,-13.8234,-157.391],"tool":false,"touchDistance":-0.590876,"touchZone":"hovering","type":0,"width":18.5699},{"bases":[[[0.975074,-0.136146,-0.175201],[0.192496,0.911766,0.362806],[0.110348,-0.387488,0.915246]],[[0.965941,-0.110905,-0.23379],[0.167316,0.956905,0.237358],[0.19739,-0.268391,0.94287]],[[0.965941,-0.110905,-0.23379],[0.146009,0.979527,0.138596],[0.213632,-0.168011,0.962358]],[[0.965941,-0.110905,-0.23379],[0.128614,0.989763,0.06187],[0.224535,-0.0898315,0.970317]]],"btipPosition":[-78.5816,344.484,-115.387],"carpPosition":[-55.1069,302.636,20.0415],"dipPosition":[-75.0636,343.077,-100.184],"direction":[-0.213632,0.168011,-0.962358],"extended":true,"handId":251,"id":2511,"length":53.9285,"mcpPosition":[-62.5516,328.778,-41.7063],"pipPosition":[-70.3284,339.353,-78.8535],"stabilizedTipPosition":[-135.528,275.962,150.848],"timeVisible":3.85959,"tipPosition":[-77.6355,342.161,-112.117],"tipVelocity":[5.40685,-22.5385,-169.369],"tool":false,"touchDistance":-0.616113,"touchZone":"hovering","type":1,"width":17.738},{"bases":[[[0.933819,-0.340671,-0.109203],[0.356948,0.866894,0.347969],[-0.0238759,-0.36392,0.931124]],[[0.93373,-0.341938,-0.105956],[0.155037,0.653055,-0.741271],[0.322663,0.67572,0.66279]],[[0.93373,-0.341938,-0.105956],[-0.260728,-0.446782,-0.855808],[0.245294,0.826719,-0.506327]],[[0.93373,-0.341938,-0.105956],[-0.354587,-0.842805,-0.404904],[0.049152,0.415641,-0.9082]]],"btipPosition":[-63.9524,267.443,-41.8583],"carpPosition":[-43.9742,302.748,18.1564],"dipPosition":[-63.1054,274.605,-57.5092],"direction":[-0.245294,-0.826719,0.506327],"extended":false,"handId":251,"id":2512,"length":61.4471,"mcpPosition":[-42.4467,326.032,-41.4165],"pipPosition":[-56.7088,296.164,-70.7128],"stabilizedTipPosition":[-93.8539,205.306,125.166],"timeVisible":3.85959,"tipPosition":[-63.7345,269.438,-46.3845],"tipVelocity":[47.9378,-79.0585,-77.0908],"tool":false,"touchDistance":0.333333,"touchZone":"none","type":2,"width":17.4211},{"bases":[[[0.890544,-0.454886,0.00309148],[0.42181,0.828297,0.368783],[-0.170315,-0.327114,0.92951]],[[0.889194,-0.457414,0.0103131],[0.298273,0.562444,-0.771161],[0.346939,0.688788,0.636556]],[[0.889194,-0.457414,0.0103131],[-0.242301,-0.489905,-0.837426],[0.388103,0.742136,-0.546453]],[[0.889194,-0.457414,0.0103131],[-0.419043,-0.823239,-0.382989],[0.183674,0.33623,-0.923695]]],"btipPosition":[-50.6309,265.874,-33.2479],"carpPosition":[-33.1929,299.919,16.519],"dipPosition":[-47.4838,271.634,-49.0744],"direction":[-0.388103,-0.742136,0.546453],"extended":false,"handId":251,"id":2513,"length":59.0831,"mcpPosition":[-23.4095,318.709,-36.8749],"pipPosition":[-37.6246,290.487,-62.9563],"stabilizedTipPosition":[-75.2361,200.504,86.5914],"timeVisible":3.85959,"tipPosition":[-49.7561,267.4,-37.7474],"tipVelocity":[41.7045,-49.2637,-107.379],"tool":false,"touchDistance":0.333333,"touchZone":"none","type":3,"width":16.5772},{"bases":[[[0.782828,-0.620252,0.049675],[0.538472,0.715286,0.445436],[-0.311815,-0.321951,0.893935]],[[0.792963,-0.608964,0.0192961],[0.402641,0.500005,-0.76673],[0.457263,0.615758,0.64168]],[[0.792963,-0.608964,0.0192961],[-0.3193,-0.442333,-0.838087],[0.5189,0.658411,-0.545196]],[[0.792963,-0.608964,0.0192961],[-0.550557,-0.729754,-0.405396],[0.260953,0.310841,-0.913937]]],"btipPosition":[-35.8465,271.104,-29.448],"carpPosition":[-24.1681,290.674,14.6682],"dipPosition":[-31.7216,276.018,-43.8943],"direction":[-0.5189,-0.658411,0.545196],"extended":false,"handId":251,"id":2514,"length":46.32,"mcpPosition":[-7.5876,307.793,-32.8662],"pipPosition":[-22.4146,287.827,-53.673],"stabilizedTipPosition":[-64.3411,205.035,94.8869],"timeVisible":3.85959,"tipPosition":[-34.7977,272.385,-33.2772],"tipVelocity":[34.4094,-35.5862,-79.1558],"tool":false,"touchDistance":0.333333,"touchZone":"none","type":4,"width":14.7252}],"r":[[0.563374,-0.496404,0.660449],[0.774193,0.596321,-0.212194],[-0.288506,0.630859,0.720264]],"s":0.950072,"t":[78.6521,72.556,-275.768],"timestamp":2948102237},false],[6,{"currentFrameRate":107.98,"devices":[],"gestures":[],"hands":[{"armBasis":[[0.899456,0.0306105,-0.435939],[0.198853,0.859621,0.470647],[0.389149,-0.510014,0.767104]],"armWidth":58.4334,"confidence":0.540135,"direction":[0.0834046,0.485506,-0.870246],"elbow":[57.4152,161.926,209.935],"grabStrength":0,"id":251,"palmNormal":[-0.19688,-0.848047,-0.491991],"palmPosition":[-42.4161,310.372,-24.869],"palmVelocity":[0.237634,-35.9252,-153.776],"palmWidth":83.4409,"pinchStrength":0.927546,"r":[[0.564685,-0.488204,0.665423],[0.769704,0.602466,-0.211165],[-0.297803,0.63142,0.715976]],"s":0.956914,"sphereCenter":[-68.82,295.011,-56.7631],"sphereRadius":43.8712,"stabilizedPalmPosition":[-85.3965,253.25,209.349],"t":[78.7198,72.1217,-277.005],"timeVisible":3.86857,"type":"right","wrist":[-38.9377,288.205,20.0008]}],"id":284033,"interactionBox":{"center":[0,200,0],"size":[235.247,235.247,147.751]},"pointables":[{"bases":[[[0.585461,0.767798,0.260235],[-0.730684,0.360695,0.579655],[0.351192,-0.529515,0.772191]],[[0.419551,0.907035,-0.0355448],[-0.87139,0.413415,0.264136],[0.254275,-0.0798451,0.96383]],[[0.419551,0.907035,-0.0355448],[-0.890209,0.40348,-0.211497],[-0.177493,0.120376,0.976732]],[[0.419551,0.907035,-0.0355448],[-0.710929,0.30399,-0.634169],[-0.564409,0.291336,0.772377]]],"btipPosition":[-60.6644,277.473,-72.7276],"carpPosition":[-66.6876,283.835,18.5088],"dipPosition":[-72.7776,283.726,-56.1509],"direction":[0.177493,-0.120376,-0.976732],"extended":false,"handId":251,"id":2510,"length":47.7925,"mcpPosition":[-66.6876,283.835,18.5088],"pipPosition":[-78.3273,287.49,-25.6116],"stabilizedTipPosition":[-139.801,240.753,211.019],"timeVisible":3.86857,"tipPosition":[-62.7933,277.718,-68.5376],"tipVelocity":[13.5846,-19.5921,-156.522],"tool":false,"touchDistance":-0.580903,"touchZone":"hovering","type":0,"width":18.5699},{"bases":[[[0.977009,-0.127836,-0.170618],[0.182568,0.914952,0.359906],[0.110099,-0.382781,0.917255]],[[0.967404,-0.101827,-0.231865],[0.159168,0.956631,0.243972],[0.196967,-0.272925,0.941656]],[[0.967404,-0.101827,-0.231865],[0.138009,0.979674,0.145573],[0.212329,-0.172828,0.961794]],[[0.967404,-0.101827,-0.231865],[0.12073,0.990298,0.068812],[0.222609,-0.0945621,0.970311]]],"btipPosition":[-78.4958,344.124,-116.896],"carpPosition":[-55.1137,302.234,18.6074],"dipPosition":[-75.008,342.642,-101.693],"direction":[-0.212329,0.172828,-0.961794],"extended":true,"handId":251,"id":2511,"length":53.9285,"mcpPosition":[-62.5416,328.059,-43.2759],"pipPosition":[-70.3017,338.812,-80.3752],"stabilizedTipPosition":[-135.527,275.963,150.845],"timeVisible":3.86857,"tipPosition":[-77.5304,341.787,-113.641],"tipVelocity":[6.33025,-27.8637,-168.995],"tool":false,"touchDistance":-0.605473,"touchZone":"hovering","type":1,"width":17.738},{"bases":[[[0.937367,-0.332467,-0.103964],[0.347487,0.871541,0.345931],[-0.0244018,-0.36039,0.932482]],[[0.937276,-0.333722,-0.100711],[0.152114,0.651511,-0.743232],[0.313647,0.681295,0.66141]],[[0.937276,-0.333722,-0.100711],[-0.253015,-0.452558,-0.855087],[0.239784,0.826934,-0.508609]],[[0.937276,-0.333722,-0.100711],[-0.34511,-0.847645,-0.402985],[0.0491181,0.412464,-0.909649]]],"btipPosition":[-63.3765,266.713,-43.1883],"carpPosition":[-43.9748,302.441,16.7679],"dipPosition":[-62.5301,273.821,-58.8641],"direction":[-0.239784,-0.826934,0.508609],"extended":false,"handId":251,"id":2512,"length":61.4471,"mcpPosition":[-42.4136,325.499,-42.892],"pipPosition":[-56.2772,295.385,-72.1272],"stabilizedTipPosition":[-93.768,205.483,124.685],"timeVisible":3.86857,"tipPosition":[-63.1582,268.689,-47.7134],"tipVelocity":[52.3664,-80.0394,-96.719],"tool":false,"touchDistance":0.333333,"touchZone":"none","type":2,"width":17.4211},{"bases":[[[0.894679,-0.446626,0.00861177],[0.412615,0.833628,0.367168],[-0.171166,-0.324944,0.930115]],[[0.893227,-0.449309,0.0163349],[0.295276,0.558836,-0.774929],[0.339054,0.697011,0.631838]],[[0.893227,-0.449309,0.0163349],[-0.234975,-0.497489,-0.83504],[0.383317,0.742042,-0.549947]],[[0.893227,-0.449309,0.0163349],[-0.409879,-0.828697,-0.381132],[0.184783,0.333742,-0.924376]]],"btipPosition":[-50.1245,265.244,-34.3214],"carpPosition":[-33.1611,299.705,15.1865],"dipPosition":[-46.9585,270.962,-50.1595],"direction":[-0.383317,-0.742042,0.549947],"extended":false,"handId":251,"id":2513,"length":59.0831,"mcpPosition":[-23.3288,318.371,-38.2421],"pipPosition":[-37.2208,289.812,-64.1302],"stabilizedTipPosition":[-75.2231,200.537,86.5288],"timeVisible":3.86857,"tipPosition":[-49.2357,266.77,-38.8401],"tipVelocity":[45.8578,-55.2828,-110.782],"tool":false,"touchDistance":0.333333,"touchZone":"none","type":3,"width":16.5772},{"bases":[[[0.788299,-0.612792,0.0554186],[0.529993,0.722008,0.444759],[-0.312558,-0.321232,0.893934]],[[0.798457,-0.601531,0.0250328],[0.401224,0.500654,-0.767049],[0.448871,0.6225,0.6411]],[[0.798457,-0.601531,0.0250328],[-0.31168,-0.448574,-0.837638],[0.515094,0.661016,-0.545652]],[[0.798457,-0.601531,0.0250328],[-0.542095,-0.736408,-0.404767],[0.261914,0.309619,-0.914077]]],"btipPosition":[-35.3575,270.683,-30.6765],"carpPosition":[-24.0439,290.537,13.4105],"dipPosition":[-31.2175,275.577,-45.1251],"direction":[-0.515094,-0.661016,0.545652],"extended":false,"handId":251,"id":2514,"length":46.32,"mcpPosition":[-7.42381,307.618,-34.1239],"pipPosition":[-21.9787,287.433,-54.9119],"stabilizedTipPosition":[-64.3357,205.047,94.8638],"timeVisible":3.86857,"tipPosition":[-34.3048,271.957,-34.5037],"tipVelocity":[40.005,-38.825,-94.9633],"tool":false,"touchDistance":0.333333,"touchZone":"non