{"sensorType":"Leap","data":[[0,{"currentFrameRate":110.57,"devices":[],"gestures":[],"hands":[{"armBasis":[[0.964764,0.141119,-0.222071],[-0.0165667,0.874909,0.484003],[0.262594,-0.46327,0.846419]],"armWidth":58.4334,"confidence":0.675651,"direction":[0.0914294,0.370178,-0.92445],"elbow":[40.7327,192.41,247.779],"grabStrength":0,"id":254,"palmNormal":[0.00517138,-0.928503,-0.37129],"palmPosition":[-26.6981,321.972,-9.6496],"palmVelocity":[-21.7581,31.3737,-59.0513],"palmWidth":83.4409,"pinchStrength":0.684636,"r":[[0.910393,-0.0306535,0.412607],[0.121334,0.973186,-0.195416],[-0.395553,0.227969,0.889701]],"s":0.961416,"sphereCenter":[-46.1863,299.226,-40.6187],"sphereRadius":44.0668,"stabilizedPalmPosition":[-26.1883,319.521,-4.80401],"t":[72.8664,64.0854,-205.098],"timeVisible":0.967106,"type":"right","wrist":[-24.2852,307.115,38.2067]}],"id":287959,"interactionBox":{"center":[0,200,0],"size":[235.247,235.247,147.751]},"pointables":[{"bases":[[[0.413922,0.890975,0.186632],[-0.839407,0.294244,0.456965],[0.352229,-0.345808,0.869685]],[[0.274871,0.955154,-0.110118],[-0.929195,0.293323,0.22485],[0.247067,0.0405166,0.968151]],[[0.274871,0.955154,-0.110118],[-0.914902,0.224618,-0.335412],[-0.295635,0.192943,0.935614]],[[0.274871,0.955154,-0.110118],[-0.798758,0.163098,-0.579124],[-0.535193,0.247142,0.807768]]],"btipPosition":[-41.1338,284.328,-55.747],"carpPosition":[-50.5539,297.52,35.1611],"dipPosition":[-52.6201,289.633,-38.4108],"direction":[0.295635,-0.192943,-0.935614],"extended":false,"handId":254,"id":2540,"length":47.7925,"mcpPosition":[-50.5539,297.52,35.1611],"pipPosition":[-61.8637,295.665,-9.15711],"stabilizedTipPosition":[-44.5614,284.961,-50],"timeVisible":0.967106,"tipPosition":[-44.2964,284.434,-51.589],"tipVelocity":[27.3354,26.3132,-60.1169],"tool":false,"touchDistance":0.333333,"touchZone":"hovering","type":0,"width":18.5699},{"bases":[[[0.997013,0.0334016,-0.0696426],[-0.016546,0.973089,0.229833],[0.0754453,-0.227994,0.970735]],[[0.989827,0.0484289,-0.133784],[-0.0245124,0.984274,0.174941],[0.140152,-0.169882,0.975447]],[[0.989827,0.0484289,-0.133784],[-0.0413817,0.99763,0.0549649],[0.136128,-0.0488695,0.989485]],[[0.989827,0.0484289,-0.133784],[-0.0542372,0.997722,-0.040116],[0.131536,0.0469639,0.990198]]],"btipPosition":[-58.0742,340.008,-107.979],"carpPosition":[-42.3843,317.586,33.3894],"dipPosition":[-56.0133,340.744,-92.4646],"direction":[-0.136128,0.0488695,-0.989485],"extended":true,"handId":254,"id":2541,"length":53.9285,"mcpPosition":[-47.4743,332.968,-32.102],"pipPosition":[-52.996,339.661,-70.5326],"stabilizedTipPosition":[-57.7713,337.925,-95.6732],"timeVisible":0.967106,"tipPosition":[-57.2238,338.889,-104.481],"tipVelocity":[-22.6794,18.8171,-65.4284],"tool":false,"touchDistance":-0.389897,"touchZone":"hovering","type":1,"width":17.738},{"bases":[[[0.986154,-0.164089,0.0239939],[0.153909,0.959486,0.236007],[-0.0617479,-0.229046,0.971455]],[[0.986106,-0.164265,0.0247393],[0.102632,0.485349,-0.868276],[0.13062,0.858751,0.495464]],[[0.986106,-0.164265,0.0247393],[-0.0984179,-0.697689,-0.709609],[0.133824,0.697314,-0.704162]],[[0.986106,-0.164265,0.0247393],[-0.157001,-0.970255,-0.184271],[0.0542726,0.177826,-0.982564]]],"btipPosition":[-37.5621,275.049,-16.3127],"carpPosition":[-31.3141,319.601,32.4459],"dipPosition":[-36.6268,278.113,-33.2451],"direction":[-0.133824,-0.697314,0.704162],"extended":false,"handId":254,"id":2542,"length":61.4471,"mcpPosition":[-27.3635,334.255,-29.7074],"pipPosition":[-33.137,296.297,-51.6076],"stabilizedTipPosition":[-37.843,275.181,-19.6743],"timeVisible":0.967106,"tipPosition":[-37.3004,275.845,-21.1761],"tipVelocity":[15.6094,20.2898,-17.168],"tool":false,"touchDistance":0.333333,"touchZone":"none","type":2,"width":17.4211},{"bases":[[[0.951891,-0.267867,0.14883],[0.221926,0.93752,0.267966],[-0.21131,-0.222045,0.951863]],[[0.952348,-0.267384,0.146761],[0.248835,0.40283,-0.8808],[0.176392,0.875348,0.450169]],[[0.952348,-0.267384,0.146761],[-0.103202,-0.735262,-0.66988],[0.287023,0.622813,-0.72782]],[[0.952348,-0.267384,0.146761],[-0.242843,-0.955828,-0.165588],[0.184554,0.122058,-0.975214]]],"btipPosition":[-25.6277,277.703,-5.7452],"carpPosition":[-20.0852,318.726,32.1788],"dipPosition":[-22.4656,279.794,-22.4544],"direction":[-0.287023,-0.622813,0.72782],"extended":false,"handId":254,"id":2543,"length":59.0831,"mcpPosition":[-7.94693,331.481,-22.499],"pipPosition":[-15.1742,295.616,-40.9437],"stabilizedTipPosition":[-25.0439,277.495,-8.90736],"timeVisible":0.967106,"tipPosition":[-24.7016,278.152,-10.452],"tipVelocity":[8.16075,35.0104,-29.1938],"tool":false,"touchDistance":0.333333,"touchZone":"none","type":3,"width":16.5772},{"bases":[[[0.871196,-0.442964,0.211662],[0.347731,0.861119,0.370887],[-0.346556,-0.249514,0.904235]],[[0.807816,-0.475962,0.347698],[0.525067,0.313025,-0.791404],[0.26784,0.821873,0.502779]],[[0.807816,-0.475962,0.347698],[-0.11772,-0.708275,-0.696053],[0.57756,0.521352,-0.628186]],[[0.807816,-0.475962,0.347698],[-0.407818,-0.877218,-0.253323],[0.425579,0.062841,-0.902737]]],"btipPosition":[-16.7372,287.524,-6.28526],"carpPosition":[-9.39404,311.25,32.5633],"dipPosition":[-10.0101,288.517,-20.5546],"direction":[-0.57756,-0.521352,0.628186],"extended":false,"handId":254,"id":2544,"length":46.32,"mcpPosition":[9.03386,324.518,-15.5189],"pipPosition":[0.349009,297.868,-31.8218],"stabilizedTipPosition":[-15.1763,286.644,-8.56273],"timeVisible":0.967106,"tipPosition":[-14.925,287.771,-10.0765],"tipVelocity":[-0.41094,42.0972,-35.0488],"tool":false,"touchDistance":0.333333,"touchZone":"none","type":4,"width":14.7252}],"r":[[0.910393,-0.0306535,0.412607],[0.121334,0.973186,-0.195416],[-0.395553,0.227969,0.889701]],"s":0.961416,"t":[72.8664,64.0854,-205.098],"timestamp":2984246997},false],[1,{"currentFrameRate":110.296,"devices":[],"gestures":[],"hands":[{"armBasis":[[0.964869,0.145176,-0.21898],[-0.0204768,0.87249,0.488203],[0.261933,-0.466568,0.844811]],"armWidth":58.4334,"confidence":0.682366,"direction":[0.0901236,0.367775,-0.925537],"elbow":[40.4706,191.849,247.001],"grabStrength":0,"id":254,"palmNormal":[0.008583,-0.929571,-0.368543],"palmPosition":[-26.8485,322.077,-10.0739],"palmVelocity":[-20.0229,25.5022,-54.825],"palmWidth":83.4409,"pinchStrength":0.678942,"r":[[0.909848,-0.0237353,0.414262],[0.115194,0.973568,-0.197222],[-0.398631,0.227162,0.888533]],"s":0.963575,"sphereCenter":[-46.5733,299.338,-40.9775],"sphereRadius":44.1885,"stabilizedPalmPosition":[-26.2251,319.664,-5.09778],"t":[72.7051,64.2376,-205.566],"timeVisible":0.976659,"type":"right","wrist":[-24.3838,307.371,37.8262]}],"id":287960,"interactionBox":{"center":[0,200,0],"size":[235.247,235.247,147.751]},"pointables":[{"bases":[[[0.410654,0.89303,0.184014],[-0.8405,0.292525,0.456059],[0.353445,-0.341946,0.870718]],[[0.272102,0.955777,-0.111581],[-0.930492,0.290894,0.222632],[0.245245,0.0432466,0.968496]],[[0.272102,0.955777,-0.111581],[-0.915981,0.221735,-0.334384],[-0.294855,0.193192,0.935808]],[[0.272102,0.955777,-0.111581],[-0.796919,0.158834,-0.58283],[-0.539333,0.24751,0.804897]]],"btipPosition":[-41.0492,284.339,-56.0604],"carpPosition":[-50.6171,297.671,34.8079],"dipPosition":[-52.6243,289.651,-38.7858],"direction":[0.294855,-0.193192,-0.935808],"extended":false,"handId":254,"id":2540,"length":47.7925,"mcpPosition":[-50.6171,297.671,34.8079],"pipPosition":[-61.8435,295.691,-9.52607],"stabilizedTipPosition":[-44.4697,285.026,-50.2251],"timeVisible":0.976659,"tipPosition":[-44.2313,284.468,-51.9167],"tipVelocity":[21.382,19.0835,-52.6598],"tool":false,"touchDistance":0.333333,"touchZone":"hovering","type":0,"width":18.5699},{"bases":[[[0.996888,0.0368384,-0.0697006],[-0.0201132,0.973698,0.226954],[0.076228,-0.224846,0.971408]],[[0.989538,0.051824,-0.134644],[-0.0274777,0.983873,0.176747],[0.141632,-0.171198,0.975003]],[[0.989538,0.051824,-0.134644],[-0.0445009,0.997391,0.0568419],[0.137239,-0.0502554,0.989262]],[[0.989538,0.051824,-0.134644],[-0.0574645,0.997611,-0.0383465],[0.132335,0.0456826,0.990152]]],"btipPosition":[-58.359,340.074,-108.414],"carpPosition":[-42.5209,317.761,32.9772],"dipPosition":[-56.2856,340.789,-92.8998],"direction":[-0.137239,0.0502554,-0.989262],"extended":true,"handId":254,"id":2541,"length":53.9285,"mcpPosition":[-47.6637,332.931,-32.5596],"pipPosition":[-53.2437,339.675,-70.9727],"stabilizedTipPosition":[-57.7731,337.963,-95.8252],"timeVisible":0.976659,"tipPosition":[-57.5105,338.942,-104.919],"tipVelocity":[-24.6516,15.2299,-59.6709],"tool":false,"touchDistance":-0.385759,"touchZone":"hovering","type":1,"width":17.738},{"bases":[[[0.986745,-0.160413,0.0245188],[0.15039,0.960735,0.233175],[-0.0609605,-0.226397,0.972126]],[[0.986699,-0.160584,0.0252532],[0.10042,0.479974,-0.871516],[0.127831,0.86246,0.489716]],[[0.986699,-0.160584,0.0252532],[-0.0962783,-0.702471,-0.70517],[0.130979,0.69336,-0.708588]],[[0.986699,-0.160584,0.0252532],[-0.15355,-0.971704,-0.179484],[0.0533609,0.173219,-0.983437]]],"btipPosition":[-37.5432,275.111,-16.3887],"carpPosition":[-31.458,319.814,32.0282],"dipPosition":[-36.6236,278.096,-33.3362],"direction":[-0.130979,-0.69336,0.708588],"extended":false,"handId":254,"id":2542,"length":61.4471,"mcpPosition":[-27.5578,334.299,-30.168],"pipPosition":[-33.208,296.177,-51.8141],"stabilizedTipPosition":[-37.7548,275.288,-19.78],"timeVisible":0.976659,"tipPosition":[-37.287,275.879,-21.2659],"tipVelocity":[11.5645,15.7587,-14.613],"tool":false,"touchDistance":0.333333,"touchZone":"none","type":2,"width":17.4211},{"bases":[[[0.952856,-0.263946,0.14966],[0.218485,0.939113,0.265202],[-0.210546,-0.220001,0.952507]],[[0.953269,-0.263512,0.147785],[0.247727,0.401731,-0.881614],[0.172946,0.877025,0.448237]],[[0.953269,-0.263512,0.147785],[-0.100175,-0.737161,-0.66825],[0.285033,0.622218,-0.72911]],[[0.953269,-0.263512,0.147785],[-0.239265,-0.957126,-0.163283],[0.184476,0.120293,-0.975448]]],"btipPosition":[-25.6193,277.815,-6.08085],"carpPosition":[-20.226,318.979,31.7642],"dipPosition":[-22.4585,279.876,-22.794],"direction":[-0.285033,-0.622218,0.72911],"extended":false,"handId":254,"id":2543,"length":59.0831,"mcpPosition":[-8.13159,331.617,-22.9506],"pipPosition":[-15.2177,295.683,-41.3161],"stabilizedTipPosition":[-25.0135,277.654,-9.11161],"timeVisible":0.976659,"tipPosition":[-24.6985,278.26,-10.747],"tipVelocity":[6.04894,28.0919,-30.9373],"tool":false,"touchDistance":0.333333,"touchZone":"none","type":3,"width":16.5772},{"bases":[[[0.872797,-0.43915,0.213006],[0.344564,0.863476,0.368354],[-0.345689,-0.248104,0.904955]],[[0.809399,-0.472026,0.349377],[0.523847,0.311425,-0.792842],[0.265438,0.824746,0.499337]],[[0.809399,-0.472026,0.349377],[-0.115614,-0.711365,-0.693249],[0.575766,0.520722,-0.630351]],[[0.809399,-0.472026,0.349377],[-0.40486,-0.879463,-0.250264],[0.425396,0.0611149,-0.902942]]],"btipPosition":[-16.7839,287.688,-6.56193],"carpPosition":[-9.5076,311.544,32.1712],"dipPosition":[-10.0598,288.654,-20.8345],"direction":[-0.575766,-0.520722,0.630351],"extended":false,"handId":254,"id":2544,"length":46.32,"mcpPosition":[8.87418,324.736,-15.9492],"pipPosition":[0.267199,297.993,-32.1405],"stabilizedTipPosition":[-15.186,286.847,-8.76758],"timeVisible":0.976659,"tipPosition":[-14.9737,287.924,-10.3526],"tipVelocity":[-1.72533,34.7114,-33.3135],"tool":false,"touchDistance":0.333333,"touchZone":"none","type":4,"width":14.7252}],"r":[[0.909848,-0.0237353,0.414262],[0.115194,0.973568,-0.197222],[-0.398631,0.227162,0.888533]],"s":0.963575,"t":[72.7051,64.2376,-205.566],"timestamp":2984256550},false],[2,{"currentFrameRate":110.498,"devices":[],"gestures":[],"hands":[{"armBasis":[[0.964995,0.147303,-0.216993],[-0.0226849,0.871153,0.490488],[0.261284,-0.468396,0.844]],"armWidth":58.4334,"confidence":0.670976,"direction":[0.0894433,0.366282,-0.926195],"elbow":[40.2307,191.544,246.564],"grabStrength":0,"id":254,"palmNormal":[0.0105101,-0.930218,-0.366858],"palmPosition":[-26.9541,322.133,-10.3366],"palmVelocity":[-17.9231,20.4053,-48.2665],"palmWidth":83.4409,"pinchStrength":0.673897,"r":[[0.909377,-0.0176789,0.415596],[0.109889,0.973814,-0.199026],[-0.401195,0.226659,0.887507]],"s":0.965498,"sphereCenter":[-46.9549,299.465,-41.2065],"sphereRadius":44.3116,"stabilizedPalmPosition":[-26.2545,319.763,-5.3088],"t":[72.5716,64.3414,-205.931],"timeVisible":0.985351,"type":"right","wrist":[-24.4631,307.518,37.5903]}],"id":287961,"interactionBox":{"center":[0,200,0],"size":[235.247,235.247,147.751]},"pointables":[{"bases":[[[0.408815,0.894199,0.182426],[-0.84113,0.291633,0.455467],[0.354076,-0.339646,0.871362]],[[0.271114,0.956069,-0.111487],[-0.931229,0.289833,0.220927],[0.243534,0.0439234,0.968897]],[[0.271114,0.956069,-0.111487],[-0.916554,0.221047,-0.333267],[-0.293982,0.192537,0.936218]],[[0.271114,0.956069,-0.111487],[-0.79543,0.157313,-0.585272],[-0.542022,0.247356,0.803136]]],"btipPosition":[-40.9996,284.42,-56.2741],"carpPosition":[-50.6763,297.759,34.5876],"dipPosition":[-52.6324,289.729,-39.0373],"direction":[0.293982,-0.192537,-0.936218],"extended":false,"handId":254,"id":2540,"length":47.7925,"mcpPosition":[-50.6763,297.759,34.5876],"pipPosition":[-61.8243,295.749,-9.76473],"stabilizedTipPosition":[-44.4091,285.073,-50.3842],"timeVisible":0.985351,"tipPosition":[-44.1884,284.556,-52.1356],"tipVelocity":[16.7969,16.4607,-45.4419],"tool":false,"touchDistance":0.333333,"touchZone":"hovering","type":0,"width":18.5699},{"bases":[[[0.996816,0.0387485,-0.0696944],[-0.0221195,0.974064,0.225189],[0.0766125,-0.22293,0.971819]],[[0.989331,0.0537681,-0.135397],[-0.028824,0.983271,0.179856],[0.142803,-0.174035,0.97433]],[[0.989331,0.0537681,-0.135397],[-0.0459392,0.997123,0.0602983],[0.13825,-0.0534349,0.988955]],[[0.989331,0.0537681,-0.135397],[-0.0589825,0.997652,-0.0347971],[0.133209,0.0424119,0.99018]]],"btipPosition":[-58.5672,340.279,-108.664],"carpPosition":[-42.6209,317.863,32.7212],"dipPosition":[-56.4801,340.944,-93.1503],"direction":[-0.13825,0.0534349,-0.988955],"extended":true,"handId":254,"id":2541,"length":53.9285,"mcpPosition":[-47.7896,332.903,-32.8434],"pipPosition":[-53.4158,339.759,-71.23],"stabilizedTipPosition":[-57.7773,337.996,-95.9479],"timeVisible":0.985351,"tipPosition":[-57.7209,339.116,-105.174],"tipVelocity":[-24.3685,17.1154,-51.4572],"tool":false,"touchDistance":-0.379279,"touchZone":"hovering","type":1,"width":17.738},{"bases":[[[0.987069,-0.158352,0.0248815],[0.14841,0.961461,0.231446],[-0.0605725,-0.22476,0.97253]],[[0.987024,-0.15852,0.0256077],[0.0991605,0.476285,-0.873682],[0.126299,0.864884,0.485824]],[[0.987024,-0.15852,0.0256077],[-0.0951093,-0.705628,-0.70217],[0.129378,0.690623,-0.711548]],[[0.987024,-0.15852,0.0256077],[-0.151626,-0.972582,-0.176337],[0.0528586,0.170166,-0.983997]]],"btipPosition":[-37.5541,275.146,-16.4147],"carpPosition":[-31.5622,319.936,31.7692],"dipPosition":[-36.6432,278.078,-33.3718],"direction":[-0.129378,-0.690623,0.711548],"extended":false,"handId":254,"id":2542,"length":61.4471,"mcpPosition":[-27.6867,334.316,-30.4528],"pipPosition":[-33.2694,296.087,-51.9269],"stabilizedTipPosition":[-37.6974,275.362,-19.8548],"timeVisible":0.985351,"tipPosition":[-37.3013,275.894,-21.2958],"tipVelocity":[8.08622,12.2426,-11.5812],"tool":false,"touchDistance":0.333333,"touchZone":"none","type":2,"width":17.4211},{"bases":[[[0.953382,-0.261727,0.150207],[0.216546,0.940036,0.263516],[-0.21017,-0.218705,0.952889]],[[0.953745,-0.261347,0.148553],[0.247519,0.402265,-0.881429],[0.170601,0.877429,0.448346]],[[0.953745,-0.261347,0.148553],[-0.0979602,-0.737381,-0.668336],[0.284208,0.622869,-0.728876]],[[0.953745,-0.261347,0.148553],[-0.237074,-0.957742,-0.16287],[0.184841,0.120118,-0.9754]]],"btipPosition":[-25.6326,277.855,-6.37067],"carpPosition":[-20.3285,319.124,31.5076],"dipPosition":[-22.4656,279.913,-23.083],"direction":[-0.284208,-0.622869,0.728876],"extended":false,"handId":254,"id":2543,"length":59.0831,"mcpPosition":[-8.25569,331.687,-23.2292],"pipPosition":[-15.2457,295.737,-41.5991],"stabilizedTipPosition":[-24.9977,277.752,-9.27105],"timeVisible":0.985351,"tipPosition":[-24.7203,278.308,-10.9586],"tipVelocity":[4.07202,21.8171,-31.573],"tool":false,"touchDistance":0.333333,"touchZone":"none","type":3,"width":16.5772},{"bases":[[[0.873676,-0.43698,0.213865],[0.342771,0.864844,0.366814],[-0.345251,-0.24717,0.905378]],[[0.810284,-0.469757,0.350382],[0.522897,0.309575,-0.794193],[0.264608,0.826736,0.496478]],[[0.810284,-0.469757,0.350382],[-0.114896,-0.713621,-0.691046],[0.574663,0.519686,-0.632209]],[[0.810284,-0.469757,0.350382],[-0.40336,-0.880777,-0.248058],[0.425135,0.0596678,-0.903161]]],"btipPosition":[-16.8437,287.782,-6.69733],"carpPosition":[-9.59493,311.711,31.9288],"dipPosition":[-10.1237,288.726,-20.9733],"direction":[-0.574664,-0.519686,0.632209],"extended":false,"handId":254,"id":2544,"length":46.32,"mcpPosition":[8.76355,324.854,-16.2141],"pipPosition":[0.183468,298.047,-32.3127],"stabilizedTipPosition":[-15.2,286.991,-8.91916],"timeVisible":0.985351,"tipPosition":[-15.0343,288.009,-10.4945],"tipVelocity":[-3.12955,28.2023,-28.6102],"tool":false,"touchDistance":0.333333,"touchZone":"none","type":4,"width":14.7252}],"r":[[0.909377,-0.0176789,0.415596],[0.109889,0.973814,-0.199026],[-0.401195,0.226659,0.887507]],"s":0.965498,"t":[72.5716,64.3414,-205.931],"timestamp":2984265242},false],[3,{"currentFrameRate":110.463,"devices":[],"gestures":[],"hands":[{"armBasis":[[0.965079,0.144947,-0.218204],[-0.0212495,0.873542,0.486285],[0.261096,-0.464667,0.846117]],"armWidth":58.4334,"confidence":0.673179,"direction":[0.0880503,0.363831,-0.927294],"elbow":[40.2015,192.437,246.783],"grabStrength":0,"id":254,"palmNormal":[0.00945107,-0.931173,-0.364456],"palmPosition":[-27.0108,321.979,-10.6751],"palmVelocity":[-14.6741,10.0589,-45.1769],"palmWidth":83.4409,"pinchStrength":0.672691,"r":[[0.909113,-0.0127031,0.416355],[0.105671,0.973871,-0.201019],[-0.402923,0.226746,0.886702]],"s":0.967185,"sphereCenter":[-47.5103,299.455,-41.4621],"sphereRadius":44.4807,"stabilizedPalmPosition":[-26.2779,319.832,-5.4754],"t":[72.4766,64.3164,-206.282],"timeVisible":0.994466,"type":"right","wrist":[-24.4456,307.488,37.2853]}],"id":287962,"interactionBox":{"center":[0,200,0],"size":[235.247,235.247,147.751]},"pointables":[{"bases":[[[0.409545,0.894475,0.17941],[-0.840222,0.293216,0.456127],[0.355388,-0.337549,0.871642]],[[0.27296,0.955548,-0.111449],[-0.930968,0.291568,0.219743],[0.24247,0.0437742,0.969171]],[[0.27296,0.955548,-0.111449],[-0.91668,0.223195,-0.331483],[-0.291873,0.192645,0.936855]],[[0.27296,0.955548,-0.111449],[-0.791543,0.157234,-0.59054],[-0.546766,0.249411,0.799275]]],"btipPosition":[-40.9072,284.354,-56.459],"carpPosition":[-50.6684,297.734,34.3523],"dipPosition":[-52.6419,289.706,-39.305],"direction":[0.291873,-0.192645,-0.936855],"extended":false,"handId":254,"id":2540,"length":47.7925,"mcpPosition":[-50.6684,297.734,34.3523],"pipPosition":[-61.7678,295.73,-10.0125],"stabilizedTipPosition":[-44.361,285.103,-50.5118],"timeVisible":0.994466,"tipPosition":[-44.1591,284.51,-52.3499],"tipVelocity":[14.2348,10.1822,-39.0393],"tool":false,"touchDistance":0.333333,"touchZone":"hovering","type":0,"width":18.5699},{"bases":[[[0.996714,0.0380926,-0.0714785],[-0.0212793,0.974656,0.222693],[0.07815,-0.220441,0.972265]],[[0.988998,0.0531364,-0.138058],[-0.0271679,0.98263,0.183578],[0.145415,-0.177808,0.973262]],[[0.988998,0.0531364,-0.138058],[-0.0444703,0.996886,0.0651174],[0.141088,-0.0582614,0.988281]],[[0.988998,0.0531364,-0.138058],[-0.0577095,0.997902,-0.0293326],[0.13621,0.0369772,0.98999]]],"btipPosition":[-58.8696,340.418,-108.936],"carpPosition":[-42.6068,317.828,32.42],"dipPosition":[-56.7355,340.997,-93.4244],"direction":[-0.141088,0.0582614,-0.988281],"extended":true,"handId":254,"id":2541,"length":53.9285,"mcpPosition":[-47.8792,332.7,-33.1746],"pipPosition":[-53.6083,339.706,-71.5191],"stabilizedTipPosition":[-57.7851,338.029,-96.0706],"timeVisible":0.994466,"tipPosition":[-58.0222,339.194,-105.451],"tipVelocity":[-26.4848,15.9826,-45.4536],"tool":false,"touchDistance":-0.373762,"touchZone":"hovering","type":1,"width":17.738},{"bases":[[[0.987035,-0.158757,0.0236257],[0.149254,0.961988,0.228695],[-0.0590346,-0.222203,0.973211]],[[0.986992,-0.158918,0.0243311],[0.0977937,0.473333,-0.875438],[0.127606,0.86643,0.482717]],[[0.986992,-0.158918,0.0243311],[-0.0967201,-0.707831,-0.699729],[0.128422,0.688273,-0.713994]],[[0.986992,-0.158918,0.0243311],[-0.152397,-0.973018,-0.173237],[0.051205,0.167275,-0.98458]]],"btipPosition":[-37.6433,274.983,-16.5724],"carpPosition":[-31.5487,319.894,31.444],"dipPosition":[-36.7609,277.865,-33.5395],"direction":[-0.128422,-0.688273,0.713994],"extended":false,"handId":254,"id":2542,"length":61.4471,"mcpPosition":[-27.7717,334.111,-30.8217],"pipPosition":[-33.412,295.813,-52.1584],"stabilizedTipPosition":[-37.671,275.391,-19.9186],"timeVisible":0.994466,"tipPosition":[-37.3998,275.715,-21.4411],"tipVelocity":[2.92428,3.53238,-13.2388],"tool":false,"touchDistance":0.333333,"touchZone":"none","type":2,"width":17.4211},{"bases":[[[0.953511,-0.26179,0.149277],[0.217434,0.940614,0.260706],[-0.208662,-0.216128,0.953808]],[[0.953867,-0.261419,0.147642],[0.246236,0.399832,-0.882894],[0.171773,0.878518,0.445757]],[[0.953867,-0.261419,0.147642],[-0.0994316,-0.73908,-0.666239],[0.283287,0.620823,-0.730977]],[[0.953867,-0.261419,0.147642],[-0.237803,-0.958049,-0.159976],[0.183269,0.117486,-0.976017]]],"btipPosition":[-25.7043,277.712,-6.59548],"carpPosition":[-20.3158,319.076,31.1655],"dipPosition":[-22.5642,279.725,-23.3184],"direction":[-0.283287,-0.620823,0.730977],"extended":false,"handId":254,"id":2543,"length":59.0831,"mcpPosition":[-8.32968,331.491,-23.624],"pipPosition":[-15.3677,295.496,-41.8879],"stabilizedTipPosition":[-24.996,277.797,-9.39672],"timeVisible":0.994466,"tipPosition":[-24.7999,278.152,-11.1836],"tipVelocity":[0.57062,11.0667,-29.7293],"tool":false,"touchDistance":0.333333,"touchZone":"none","type":3,"width":16.5772},{"bases":[[[0.87383,-0.436839,0.213524],[0.343798,0.865631,0.363985],[-0.343836,-0.244652,0.906599]],[[0.810635,-0.469238,0.350268],[0.52171,0.307171,-0.795905],[0.265877,0.827926,0.49381]],[[0.810635,-0.469238,0.350268],[-0.116313,-0.7153,-0.68907],[0.573884,0.517844,-0.634425]],[[0.810635,-0.469238,0.350268],[-0.404092,-0.881209,-0.245316],[0.423771,0.0573216,-0.903954]]],"btipPosition":[-16.9147,287.628,-6.96439],"carpPosition":[-9.5851,311.659,31.5879],"dipPosition":[-10.2163,288.534,-21.2529],"direction":[-0.573884,-0.517843,0.634425],"extended":false,"handId":254,"id":2544,"length":46.32,"mcpPosition":[8.69817,324.668,-16.62],"pipPosition":[0.0769743,297.822,-32.632],"stabilizedTipPosition":[-15.2172,287.074,-9.0503],"timeVisible":0.994466,"tipPosition":[-15.1125,287.846,-10.7589],"tipVelocity":[-4.57232,15.409,-28.8892],"tool":false,"touchDistance":0.333333,"touchZone":"none","type":4,"width":14.7252}],"r":[[0.909113,-0.0127031,0.416355],[0.105671,0.973871,-0.201019],[-0.402923,0.226746,0.886702]],"s":0.967185,"t":[72.4766,64.3164,-206.282],"timestamp":2984274357},false],[4,{"currentFrameRate":110.59,"devices":[],"gestures":[],"hands":[{"armBasis":[[0.965728,0.145954,-0.21463],[-0.0242134,0.873971,0.485375],[0.258423,-0.463544,0.847552]],"armWidth":58.4334,"confidence":0.673379,"direction":[0.0858716,0.363332,-0.927694],"elbow":[39.5085,192.663,246.612],"grabStrength":0,"id":254,"palmNormal":[0.0127528,-0.931458,-0.363625],"palmPosition":[-27.1378,321.873,-11.2122],"palmVelocity":[-14.6012,4.12137,-49.4232],"palmWidth":83.4409,"pinchStrength":0.671857,"r":[[0.908962,-0.00794334,0.416804],[0.10151,0.973943,-0.20281],[-0.404332,0.226656,0.886083]],"s":0.968681,"sphereCenter":[-47.8457,299.366,-41.9669],"sphereRadius":44.5887,"stabilizedPalmPosition":[-26.2966,319.876,-5.60004],"t":[72.3656,64.2512,-206.727],"timeVisible":1.00328,"type":"right","wrist":[-24.4767,307.436,36.7591]}],"id":287963,"interactionBox":{"center":[0,200,0],"size":[235.247,235.247,147.751]},"pointables":[{"bases":[[[0.406228,0.896215,0.178264],[-0.840971,0.290374,0.456563],[0.357416,-0.335384,0.871649]],[[0.270876,0.956387,-0.109318],[-0.931913,0.288993,0.219139],[0.241174,0.0425148,0.96955]],[[0.270876,0.956387,-0.109318],[-0.917917,0.222425,-0.328565],[-0.28992,0.189345,0.938134]],[[0.270876,0.956387,-0.109318],[-0.789856,0.155912,-0.593143],[-0.55023,0.247014,0.797641]]],"btipPosition":[-40.8302,284.41,-56.9768],"carpPosition":[-50.6641,297.578,33.8567],"dipPosition":[-52.6392,289.711,-39.858],"direction":[0.28992,-0.189345,-0.938134],"extended":false,"handId":254,"id":2540,"length":47.7925,"mcpPosition":[-50.6641,297.578,33.8567],"pipPosition":[-61.7041,295.631,-10.5255],"stabilizedTipPosition":[-44.3265,285.125,-50.6188],"timeVisible":1.00328,"tipPosition":[-44.083,284.54,-52.8706],"tipVelocity":[12.2278,8.79329,-44.5998],"tool":false,"touchDistance":0.333333,"touchZone":"hovering","type":0,"width":18.5699},{"bases":[[[0.9965,0.041885,-0.0723436],[-0.0248669,0.974767,0.221834],[0.0798097,-0.219259,0.972397]],[[0.988622,0.0569079,-0.139239],[-0.0301983,0.981914,0.186901],[0.147357,-0.18057,0.972461]],[[0.988622,0.0569079,-0.139239],[-0.0476658,0.996489,0.0688359],[0.142667,-0.0614157,0.987863]],[[0.988622,0.0569079,-0.139239],[-0.0610252,0.997811,-0.0254782],[0.137484,0.0336854,0.989931]]],"btipPosition":[-59.1882,340.441,-109.423],"carpPosition":[-42.6818,317.701,31.8996],"dipPosition":[-57.034,340.969,-93.913],"direction":[-0.142667,0.0614157,-0.987863],"extended":true,"handId":254,"id":2541,"length":53.9285,"mcpPosition":[-48.0662,332.494,-33.7039],"pipPosition":[-53.8718,339.608,-72.0169],"stabilizedTipPosition":[-57.7957,338.059,-96.1846],"timeVisible":1.00328,"tipPosition":[-58.3488,339.207,-105.942],"tipVelocity":[-28.9451,12.0361,-48.1166],"tool":false,"touchDistance":-0.372037,"touchZone":"hovering","type":1,"width":17.738},{"bases":[[[0.987661,-0.154915,0.0229457],[0.145719,0.962765,0.227705],[-0.0573661,-0.221552,0.97346]],[[0.98762,-0.155072,0.0236375],[0.0953618,0.473902,-0.875399],[0.124548,0.866816,0.482824]],[[0.98762,-0.155072,0.0236375],[-0.0944129,-0.70798,-0.699893],[0.125269,0.688997,-0.713856]],[[0.98762,-0.155072,0.0236375],[-0.148728,-0.973606,-0.173122],[0.0498601,0.167464,-0.984617]]],"btipPosition":[-37.5934,274.817,-17.1274],"carpPosition":[-31.6326,319.809,30.9125],"dipPosition":[-36.7342,277.703,-34.0952],"direction":[-0.125269,-0.688997,0.713856],"extended":false,"handId":254,"id":2542,"length":61.4471,"mcpPosition":[-27.9624,333.984,-31.369],"pipPosition":[-33.4676,295.67,-52.7105],"stabilizedTipPosition":[-37.6521,275.397,-19.9949],"timeVisible":1.00328,"tipPosition":[-37.3578,275.551,-21.9353],"tipVelocity":[3.49863,-2.46951,-26.6567],"tool":false,"touchDistance":0.333333,"touchZone":"none","type":2,"width":17.4211},{"bases":[[[0.95464,-0.257963,0.148717],[0.214008,0.941684,0.259678],[-0.207032,-0.216072,0.954175]],[[0.954917,-0.257674,0.147441],[0.243895,0.397757,-0.88448],[0.169262,0.880565,0.44267]],[[0.954917,-0.257674,0.147441],[-0.0975703,-0.741454,-0.663872],[0.280383,0.619556,-0.733168]],[[0.954917,-0.257674,0.147441],[-0.234491,-0.959241,-0.157703],[0.182067,0.11602,-0.976417]]],"btipPosition":[-25.6818,277.64,-6.9677],"carpPosition":[-20.3969,319.034,30.6254],"dipPosition":[-22.5623,279.628,-23.6975],"direction":[-0.280383,-0.619556,0.733168],"extended":false,"handId":254,"id":2543,"length":59.0831,"mcpPosition":[-8.50441,331.446,-24.1853],"pipPosition":[-15.4395,295.367,-42.3226],"stabilizedTipPosition":[-24.9938,277.819,-9.49848],"timeVisible":1.00328,"tipPosition":[-24.7823,278.069,-11.568],"tipVelocity":[0.961945,5.72117,-33.146],"tool":false,"touchDistance":0.333333,"touchZone":"none","type":3,"width":16.5772},{"bases":[[[0.875692,-0.433261,0.213189],[0.340747,0.867283,0.36292],[-0.342134,-0.245162,0.907105]],[[0.812683,-0.4658,0.350108],[0.519804,0.307978,-0.796839],[0.263342,0.829566,0.492414]],[[0.812683,-0.4658,0.350108],[-0.11425,-0.716544,-0.688122],[0.571395,0.519226,-0.635541]],[[0.812683,-0.4658,0.350108],[-0.400902,-0.882982,-0.244173],[0.422875,0.0580766,-0.904325]]],"btipPosition":[-16.9163,287.565,-7.46255],"carpPosition":[-9.63722,311.659,31.0455],"dipPosition":[-10.2321,288.483,-21.757],"direction":[-0.571395,-0.519226,0.635541],"extended":false,"handId":254,"id":2544,"length":46.32,"mcpPosition":[8.55553,324.696,-17.1893],"pipPosition":[0.0165164,297.796,-33.1561],"stabilizedTipPosition":[-15.2281,287.121,-9.16463],"timeVisible":1.00328,"tipPosition":[-15.1189,287.787,-11.2552],"tipVelocity":[-3.48894,9.42468,-36.3798],"tool":false,"touchDistance":0.333333,"touchZone":"none","type":4,"width":14.7252}],"r":[[0.908962,-0.00794334,0.416804],[0.10151,0.973943,-0.20281],[-0.404332,0.226656,0.886083]],"s":0.968681,"t":[72.3656,64.2512,-206.727],"timestamp":2984283175},false],[5,{"currentFrameRate":110.461,"devices":[],"gestures":[],"hands":[{"armBasis":[[0.966109,0.150385,-0.209804],[-0.0301798,0.873001,0.486784],[0.256364,-0.463955,0.847953]],"armWidth":58.4334,"confidence":0.642805,"direction":[0.0842925,0.363498,-0.927774],"elbow":[38.7525,192.668,246.227],"grabStrength":0,"id":254,"palmNormal":[0.0188227,-0.931502,-0.363249],"palmPosition":[-27.4383,321.945,-11.7043],"palmVelocity":[-19.6127,5.13246,-50.438],"palmWidth":83.4409,"pinchStrength":0.667501,"r":[[0.908768,-0.00297056,0.417291],[0.0969976,0.97409,-0.204305],[-0.405872,0.226143,0.88551]],"s":0.970307,"sphereCenter":[-48.2035,299.415,-42.4629],"sphereRadius":44.6812,"stabilizedPalmPosition":[-26.3161,319.912,-5.70437],"t":[72.1598,64.2544,-207.195],"timeVisible":1.01256,"type":"right","wrist":[-24.7229,307.543,36.2747]}],"id":287964,"interactionBox":{"center":[0,200,0],"size":[235.247,235.247,147.751]},"pointables":[{"bases":[[[0.400506,0.898797,0.17821],[-0.843101,0.285308,0.455829],[0.358853,-0.332812,0.872044]],[[0.26711,0.957874,-0.105496],[-0.933615,0.284351,0.217964],[0.23878,0.0402725,0.970238]],[[0.26711,0.957874,-0.105496],[-0.919258,0.22042,-0.326158],[-0.289165,0.184098,0.93941]],[[0.26711,0.957874,-0.105496],[-0.788683,0.154388,-0.5951],[-0.553743,0.24216,0.796698]]],"btipPosition":[-40.8509,284.724,-57.5278],"carpPosition":[-50.8461,297.521,33.3569],"dipPosition":[-52.7353,289.921,-40.4292],"direction":[0.289165,-0.184098,-0.93941],"extended":false,"handId":254,"id":2540,"length":47.7925,"mcpPosition":[-50.8461,297.521,33.3569],"pipPosition":[-61.7765,295.677,-11.0569],"stabilizedTipPosition":[-44.3025,285.151,-50.7149],"timeVisible":1.01256,"tipPosition":[-44.0692,284.799,-53.4134],"tipVelocity":[7.62737,15.119,-48.9048],"tool":false,"touchDistance":0.333333,"touchZone":"hovering","type":0,"width":18.5699},{"bases":[[[0.996273,0.0480629,-0.0716261],[-0.0311016,0.97468,0.221432],[0.0804551,-0.218379,0.972542]],[[0.988335,0.0630334,-0.138637],[-0.0358429,0.981029,0.190518],[0.148016,-0.183326,0.971845]],[[0.988335,0.0630334,-0.138637],[-0.0532621,0.995901,0.073099],[0.142676,-0.0648622,0.987642]],[[0.988335,0.0630334,-0.138637],[-0.0665466,0.997565,-0.0208487],[0.136985,0.0298314,0.990124]]],"btipPosition":[-59.5562,340.619,-109.909],"carpPosition":[-42.9879,317.693,31.3977],"dipPosition":[-57.4099,341.086,-94.3954],"direction":[-0.142676,0.0648622,-0.987642],"extended":true,"handId":254,"id":2541,"length":53.9285,"mcpPosition":[-48.4159,332.426,-34.2156],"pipPosition":[-54.2474,339.649,-72.5043],"stabilizedTipPosition":[-57.8106,338.09,-96.3039],"timeVisible":1.01256,"tipPosition":[-58.7314,339.371,-106.43],"tipVelocity":[-32.0176,13.6157,-49.279],"tool":false,"touchDistance":-0.370439,"touchZone":"hovering","type":1,"width":17.738},{"bases":[[[0.98859,-0.148751,0.0237342],[0.139552,0.963743,0.227433],[-0.0567045,-0.221526,0.973505]],[[0.988549,-0.148909,0.0244312],[0.0930543,0.474102,-0.875539],[0.118793,0.867786,0.48253]],[[0.988549,-0.148909,0.0244312],[-0.0894858,-0.708851,-0.699659],[0.121504,0.689461,-0.714059]],[[0.988549,-0.148909,0.0244312],[-0.142534,-0.974582,-0.172839],[0.0495475,0.167377,-0.984647]]],"btipPosition":[-37.5966,274.822,-17.606],"carpPosition":[-31.9514,319.869,30.4179],"dipPosition":[-36.7427,277.706,-34.5744],"direction":[-0.121504,-0.689461,0.714059],"extended":false,"handId":254,"id":2542,"length":61.4471,"mcpPosition":[-28.3234,334.043,-31.8665],"pipPosition":[-33.5742,295.685,-53.195],"stabilizedTipPosition":[-37.6399,275.402,-20.0679],"timeVisible":1.01256,"tipPosition":[-37.3621,275.555,-22.4094],"tipVelocity":[2.38033,-1.6381,-33.6831],"tool":false,"touchDistance":0.333333,"touchZone":"none","type":2,"width":17.4211},{"bases":[[[0.956118,-0.251954,0.149522],[0.207947,0.943099,0.259465],[-0.206387,-0.216986,0.954108]],[[0.95635,-0.251709,0.148447],[0.242041,0.397669,-0.885029],[0.163737,0.882328,0.441235]],[[0.95635,-0.251709,0.148447],[-0.0926002,-0.742849,-0.663024],[0.277163,0.620337,-0.733732]],[[0.95635,-0.251709,0.148447],[-0.228442,-0.960756,-0.157362],[0.18223,0.116582,-0.97632]]],"btipPosition":[-25.7274,277.721,-7.37834],"carpPosition":[-20.7108,319.164,30.1394],"dipPosition":[-22.605,279.718,-24.1065],"direction":[-0.277163,-0.620337,0.733732],"extended":false,"handId":254,"id":2543,"length":59.0831,"mcpPosition":[-8.85535,331.629,-24.6674],"pipPosition":[-15.5641,295.477,-42.7459],"stabilizedTipPosition":[-24.9945,277.837,-9.58679],"timeVisible":1.01256,"tipPosition":[-24.8271,278.156,-11.9733],"tipVelocity":[-0.673829,6.62586,-36.2633],"tool":false,"touchDistance":0.333333,"touchZone":"none","type":3,"width":16.5772},{"bases":[[[0.878215,-0.427715,0.214004],[0.33507,0.86953,0.362829],[-0.341271,-0.246936,0.906949]],[[0.815785,-0.460413,0.35002],[0.515839,0.305544,-0.800346],[0.261543,0.833464,0.486757]],[[0.815785,-0.460413,0.35002],[-0.112945,-0.720372,-0.68433],[0.567219,0.518734,-0.63967]],[[0.815785,-0.460413,0.35002],[-0.396384,-0.8858,-0.241328],[0.421158,0.0581295,-0.905122]]],"btipPosition":[-17.0704,287.739,-7.65934],"carpPosition":[-9.90572,311.856,30.5703],"dipPosition":[-10.4132,288.657,-21.9664],"direction":[-0.567219,-0.518734,0.63967],"extended":false,"handId":254,"id":2544,"length":46.32,"mcpPosition":[8.24113,324.987,-17.6562],"pipPosition":[-0.239555,297.961,-33.4395],"stabilizedTipPosition":[-15.2442,287.164,-9.25717],"timeVisible":1.01256,"tipPosition":[-15.2692,287.954,-11.5155],"tipVelocity":[-7.37264,12.0299,-32.1917],"tool":false,"touchDistance":0.333333,"touchZone":"none","type":4,"width":14.7252}],"r":[[0.908768,-0.00297056,0.417291],[0.0969976,0.97409,-0.204305],[-0.405872,0.226143,0.88551]],"s":0.970307,"t":[72.1598,64.2544,-207.195],"timestamp":2984292455},false],[6,{"currentFrameRate":110.541,"devices":[],"gestures":[],"hands":[{"armBasis":[[0.965806,0.160183,-0.203861],[-0.0410833,0.870926,0.489694],[0.255988,-0.464574,0.847727]],"armWidth":58.4334,"confidence":0.646057,"direction":[0.0814827,0.36408,-0.927796],"elbow":[38.4004,192.653,245.447],"grabStrength":0,"id":254,"palmNormal":[0.0299244,-0.931366,-0.362853],"palmPosition":[-27.7924,322.033,-12.4374],"palmVelocity":[-25.0957,6.43015,-59.116],"palmWidth":83.4409,"pinchStrength":0.658664,"r":[[0.908473,0.00310484,0.417933],[0.0912326,0.974384,-0.205554],[-0.407865,0.224869,0.884918]],"s":0.972099,"sphereCenter":[-48.4303,299.333,-43.2077],"sphereRadius":44.7609,"stabilizedPalmPosition":[-26.335,319.939,-5.79037],"t":[71.8798,64.3001,-207.796],"timeVisible":1.02147,"type":"right","wrist":[-24.982,307.681,35.551]}],"id":287965,"interactionBox":{"center":[0,200,0],"size":[235.247,235.247,147.751]},"pointables":[{"bases":[[[0.390013,0.903357,0.178424],[-0.846939,0.275883,0.454515],[0.361365,-0.328381,0.872686]],[[0.25932,0.960615,-0.0998629],[-0.9364,0.275395,0.217515],[0.23645,0.0371057,0.970935]],[[0.25932,0.960615,-0.0998629],[-0.921473,0.21513,-0.32343],[-0.289208,0.175893,0.940968]],[[0.25932,0.960615,-0.0998629],[-0.787705,0.150541,-0.597377],[-0.558816,0.233574,0.795719]]],"btipPosition":[-40.7734,285.15,-58.3443],"carpPosition":[-50.9855,297.361,32.6],"dipPosition":[-52.7667,290.163,-41.2667],"direction":[0.289208,-0.175893,-0.940968],"extended":false,"handId":254,"id":2540,"length":47.7925,"mcpPosition":[-50.9855,297.361,32.6],"pipPosition":[-61.8093,295.663,-11.8456],"stabilizedTipPosition":[-44.2844,285.178,-50.8017],"timeVisible":1.02147,"tipPosition":[-43.9299,285.122,-54.2198],"tipVelocity":[7.15327,22.7484,-60.6934],"tool":false,"touchDistance":0.333333,"touchZone":"hovering","type":0,"width":18.5699},{"bases":[[[0.995764,0.0593529,-0.0702258],[-0.0424903,0.974348,0.221001],[0.0815414,-0.217081,0.972742]],[[0.987732,0.0742361,-0.137387],[-0.0466741,0.979905,0.193926],[0.149023,-0.185134,0.971348]],[[0.987732,0.0742361,-0.137387],[-0.0640925,0.994981,0.0768438],[0.142402,-0.0670956,0.987532]],[[0.987732,0.0742361,-0.137387],[-0.0772855,0.996864,-0.0169884],[0.135695,0.0273981,0.990372]]],"btipPosition":[-60.0092,340.618,-110.658],"carpPosition":[-43.3543,317.621,30.6441],"dipPosition":[-57.8831,341.048,-95.1406],"direction":[-0.142402,0.0670956,-0.987532],"extended":true,"handId":254,"id":2541,"length":53.9285,"mcpPosition":[-48.8555,332.267,-34.9827],"pipPosition":[-54.7267,339.561,-73.2519],"stabilizedTipPosition":[-57.8285,338.118,-96.417],"timeVisible":1.02147,"tipPosition":[-59.1911,339.365,-107.181],"tipVelocity":[-37.2899,9.62543,-58.7308],"tool":false,"touchDistance":-0.37295,"touchZone":"hovering","type":1,"width":17.738},{"bases":[[[0.990181,-0.137499,0.0252014],[0.128268,0.965352,0.22725],[-0.0555749,-0.221786,0.97351]],[[0.99014,-0.137663,0.0259217],[0.0887355,0.473188,-0.876481],[0.108393,0.870139,0.480738]],[[0.99014,-0.137663,0.0259217],[-0.0806044,-0.711237,-0.698316],[0.114569,0.689341,-0.71532]],[[0.99014,-0.137663,0.0259217],[-0.131252,-0.976364,-0.171716],[0.048948,0.16662,-0.984805]]],"btipPosition":[-37.4084,274.803,-18.2304],"carpPosition":[-32.3417,319.922,29.6791],"dipPosition":[-36.5648,277.675,-35.2014],"direction":[-0.114569,-0.689341,0.71532],"extended":false,"handId":254,"id":2542,"length":61.4471,"mcpPosition":[-28.7861,334.112,-32.6056],"pipPosition":[-33.5772,295.651,-53.8549],"stabilizedTipPosition":[-37.6263,275.404,-20.1338],"timeVisible":1.02147,"tipPosition":[-37.1764,275.53,-23.0336],"tipVelocity":[7.41073,-1.83828,-43.6154],"tool":false,"touchDistance":0.333333,"touchZone":"none","type":2,"width":17.4211},{"bases":[[[0.958705,-0.241017,0.150984],[0.196847,0.9455,0.259387],[-0.205272,-0.218955,0.953898]],[[0.958837,-0.240875,0.150368],[0.23879,0.397434,-0.886017],[0.153658,0.885452,0.438593]],[[0.958837,-0.240875,0.150368],[-0.0836325,-0.745614,-0.66111],[0.271362,0.621321,-0.735067]],[[0.958837,-0.240875,0.150368],[-0.217548,-0.963474,-0.156177],[0.182495,0.117036,-0.976216]]],"btipPosition":[-25.6184,277.854,-7.94848],"carpPosition":[-21.0936,319.345,29.4169],"dipPosition":[-22.4915,279.859,-24.6748],"direction":[-0.271362,-0.621321,0.735067],"extended":false,"handId":254,"id":2543,"length":59.0831,"mcpPosition":[-9.30215,331.922,-25.3779],"pipPosition":[-15.5979,295.643,-43.3482],"stabilizedTipPosition":[-24.9913,277.854,-9.66222],"timeVisible":1.02147,"tipPosition":[-24.7136,278.289,-12.5561],"tipVelocity":[2.87195,8.94127,-43.8053],"tool":false,"touchDistance":0.333333,"touchZone":"none","type":3,"width":16.5772},{"bases":[[[0.882712,-0.417627,0.215425],[0.32465,0.873419,0.362962],[-0.339739,-0.250453,0.90656]],[[0.821098,-0.450732,0.350198],[0.511272,0.308011,-0.802328],[0.25377,0.837836,0.483354]],[[0.821098,-0.450732,0.350198],[-0.106217,-0.723477,-0.682128],[0.560818,0.522896,-0.641921]],[[0.821098,-0.450732,0.350198],[-0.386514,-0.890528,-0.239932],[0.420006,0.0616505,-0.905425]]],"btipPosition":[-17.0678,287.958,-8.18734],"carpPosition":[-10.2067,312.16,29.8661],"dipPosition":[-10.4289,288.932,-22.4991],"direction":[-0.560818,-0.522896,0.641921],"extended":false,"handId":254,"id":2544,"length":46.32,"mcpPosition":[7.85865,325.478,-18.3397],"pipPosition":[-0.369992,298.311,-34.0127],"stabilizedTipPosition":[-15.2552,287.202,-9.33951],"timeVisible":1.02147,"tipPosition":[-15.2734,288.187,-12.0732],"tipVelocity":[