{"sensorType":"Leap","data":[[0,{"currentFrameRate":106.443,"devices":[],"gestures":[],"hands":[{"armBasis":[[0.948333,0.194326,-0.250803],[-0.0274968,0.83785,0.545208],[0.316084,-0.510142,0.799904]],"armWidth":58.4334,"confidence":0.594541,"direction":[-0.118361,0.445701,-0.887323],"elbow":[56.8176,171.655,224.952],"grabStrength":0,"id":253,"palmNormal":[0.0404046,-0.890702,-0.452788],"palmPosition":[-34.081,315.883,-18.2256],"palmVelocity":[18.2628,21.9267,-118.84],"palmWidth":83.4409,"pinchStrength":0.689444,"r":[[0.798545,0.178968,0.574714],[-0.0372758,0.967648,-0.249535],[-0.60078,0.177842,0.779382]],"s":1.38619,"sphereCenter":[-40.0369,291.316,-50.125],"sphereRadius":42.7262,"stabilizedPalmPosition":[-69.7205,280.295,209.99],"t":[46.2116,49.2768,-253.818],"timeVisible":0.669002,"type":"right","wrist":[-21.4444,297.966,26.8971]}],"id":285022,"interactionBox":{"center":[0,200,0],"size":[235.247,235.247,147.751]},"pointables":[{"bases":[[[0.340003,0.919631,0.196664],[-0.770352,0.152409,0.619136],[0.539403,-0.362009,0.760259]],[[0.214524,0.976357,0.0265752],[-0.862843,0.176693,0.473584],[0.457691,-0.124526,0.880348]],[[0.214524,0.976357,0.0265752],[-0.960839,0.215845,-0.173782],[-0.17541,0.011746,0.984425]],[[0.214524,0.976357,0.0265752],[-0.604257,0.154045,-0.781757],[-0.767368,0.151648,0.623017]]],"btipPosition":[-45.6081,287.486,-56.9673],"carpPosition":[-46.6104,285.407,27.4825],"dipPosition":[-62.0773,290.74,-43.5962],"direction":[0.17541,-0.011746,-0.984425],"extended":false,"handId":253,"id":2530,"length":47.7925,"mcpPosition":[-46.6104,285.407,27.4825],"pipPosition":[-67.5618,291.108,-12.8164],"stabilizedTipPosition":[-110.633,243.783,185.239],"timeVisible":0.669002,"tipPosition":[-49.2727,287.117,-54.2507],"tipVelocity":[14.3624,52.234,-101.819],"tool":false,"touchDistance":-0.525952,"touchZone":"hovering","type":0,"width":18.5699},{"bases":[[[0.95819,0.163009,-0.235158],[-0.0819771,0.943797,0.320198],[0.274137,-0.287533,0.9177]],[[0.982769,0.129955,-0.131438],[-0.0713287,0.922672,0.37893],[0.170518,-0.363026,0.916044]],[[0.982769,0.129955,-0.131438],[-0.0943316,0.964166,0.247962],[0.158952,-0.231291,0.959812]],[[0.982769,0.129955,-0.131438],[-0.111802,0.984219,0.137159],[0.147188,-0.120101,0.98179]]],"btipPosition":[-72.2005,347.123,-108.413],"carpPosition":[-41.1582,306.414,26.2479],"dipPosition":[-69.8943,345.241,-93.03],"direction":[-0.158952,0.231291,-0.959812],"extended":true,"handId":253,"id":2531,"length":53.9285,"mcpPosition":[-59.6531,325.812,-35.6654],"pipPosition":[-66.3712,340.115,-71.7557],"stabilizedTipPosition":[-117.635,287.346,108.432],"timeVisible":0.669002,"tipPosition":[-70.9491,345.711,-105.177],"tipVelocity":[21.5521,52.4486,-116.627],"tool":false,"touchDistance":-0.53187,"touchZone":"hovering","type":1,"width":17.738},{"bases":[[[0.986259,-0.0406358,-0.160129],[0.0872351,0.951226,0.295903],[0.140295,-0.305805,0.941701]],[[0.986426,-0.0410009,-0.159004],[-0.116334,0.508894,-0.852932],[0.115887,0.859852,0.497217]],[[0.986426,-0.0410009,-0.159004],[-0.155083,-0.550876,-0.820052],[-0.0539689,0.833579,-0.549757]],[[0.986426,-0.0410009,-0.159004],[-0.109847,-0.884521,-0.453383],[-0.122054,0.464695,-0.877019]]],"btipPosition":[-41.3188,261.676,-29.1524],"carpPosition":[-30.7311,309.863,23.6253],"dipPosition":[-43.4221,269.685,-44.266],"direction":[0.0539689,-0.833579,0.549757],"extended":false,"handId":253,"id":2532,"length":61.4471,"mcpPosition":[-39.7071,329.429,-36.6244],"pipPosition":[-44.8295,291.422,-58.602],"stabilizedTipPosition":[-66.3371,245.889,126.598],"timeVisible":0.669002,"tipPosition":[-41.9487,263.594,-33.5843],"tipVelocity":[14.8008,23.2393,-54.6449],"tool":false,"touchDistance":0.333333,"touchZone":"none","type":2,"width":17.4211},{"bases":[[[0.986754,-0.156786,-0.0416524],[0.161904,0.935659,0.313574],[-0.0101916,-0.316164,0.94865]],[[0.986806,-0.153731,-0.0507943],[0.0245711,0.452294,-0.89153],[0.16003,0.87852,0.450104]],[[0.986806,-0.153731,-0.0507943],[-0.13343,-0.594498,-0.79295],[0.0917039,0.789265,-0.607166]],[[0.986806,-0.153731,-0.0507943],[-0.16074,-0.89268,-0.421052],[0.0193857,0.423661,-0.905613]]],"btipPosition":[-28.3413,265.28,-20.6284],"carpPosition":[-19.7081,310.423,21.366],"dipPosition":[-28.0091,272.539,-36.145],"direction":[-0.0917039,-0.789265,0.607166],"extended":false,"handId":253,"id":2533,"length":59.0831,"mcpPosition":[-19.1227,328.585,-33.1273],"pipPosition":[-25.6795,292.589,-51.5692],"stabilizedTipPosition":[-51.2753,250.62,128.421],"timeVisible":0.669002,"tipPosition":[-28.2811,266.937,-25.0267],"tipVelocity":[5.97492,23.7625,-79.5149],"tool":false,"touchDistance":0.333333,"touchZone":"none","type":3,"width":16.5772},{"bases":[[[0.938536,-0.344753,0.0171883],[0.311868,0.86825,0.385849],[-0.147946,-0.356773,0.922402]],[[0.937144,-0.348,0.0256199],[0.197451,0.468322,-0.861213],[0.287704,0.81214,0.507598]],[[0.937144,-0.348,0.0256199],[-0.172712,-0.526394,-0.832514],[0.303201,0.775761,-0.553411]],[[0.937144,-0.348,0.0256199],[-0.292949,-0.824533,-0.484073],[0.189582,0.446141,-0.874653]]],"btipPosition":[-18.2621,276.008,-22.5424],"carpPosition":[-8.36515,304.337,19.2135],"dipPosition":[-15.2654,283.06,-36.3677],"direction":[-0.303201,-0.775761,0.553411],"extended":false,"handId":253,"id":2534,"length":46.32,"mcpPosition":[-0.498187,323.308,-29.8346],"pipPosition":[-9.82715,296.974,-46.2938],"stabilizedTipPosition":[-42.4989,261.838,131.678],"timeVisible":0.669002,"tipPosition":[-17.5983,277.521,-26.1099],"tipVelocity":[7.63101,18.0799,-100.542],"tool":false,"touchDistance":0.333333,"touchZone":"none","type":4,"width":14.7252}],"r":[[0.798545,0.178968,0.574714],[-0.0372758,0.967648,-0.249535],[-0.60078,0.177842,0.779382]],"s":1.38619,"t":[46.2116,49.2768,-253.818],"timestamp":2957213454},false],[1,{"currentFrameRate":106.931,"devices":[],"gestures":[],"hands":[{"armBasis":[[0.948771,0.192183,-0.250797],[-0.0261507,0.838791,0.543826],[0.31488,-0.509407,0.800846]],"armWidth":58.4334,"confidence":0.603308,"direction":[-0.115698,0.443105,-0.888973],"elbow":[56.5676,172.008,224.532],"grabStrength":0,"id":253,"palmNormal":[0.0389637,-0.892269,-0.449819],"palmPosition":[-33.9095,315.938,-18.959],"palmVelocity":[18.7877,17.9163,-110.477],"palmWidth":83.4409,"pinchStrength":0.684075,"r":[[0.798022,0.177204,0.575986],[-0.0344756,0.967649,-0.249935],[-0.601642,0.179596,0.778314]],"s":1.38879,"sphereCenter":[-40.3228,291.418,-50.7109],"sphereRadius":42.7574,"stabilizedPalmPosition":[-69.7194,280.296,209.984],"t":[46.3935,49.3434,-254.62],"timeVisible":0.677459,"type":"right","wrist":[-21.3965,298.136,26.2438]}],"id":285023,"interactionBox":{"center":[0,200,0],"size":[235.247,235.247,147.751]},"pointables":[{"bases":[[[0.341961,0.919414,0.194269],[-0.771046,0.156347,0.617287],[0.537169,-0.360879,0.762375]],[[0.219072,0.975346,0.0266038],[-0.861821,0.180645,0.473954],[0.457463,-0.126758,0.880148]],[[0.219072,0.975346,0.0266038],[-0.959183,0.220278,-0.177326],[-0.178814,0.0133292,0.983793]],[[0.219072,0.975346,0.0266038],[-0.597655,0.155692,-0.786491],[-0.771243,0.156398,0.617028]]],"btipPosition":[-45.3924,287.672,-57.4665],"carpPosition":[-46.5948,285.643,26.8259],"dipPosition":[-61.9448,291.029,-44.2239],"direction":[0.178814,-0.0133292,-0.983793],"extended":false,"handId":253,"id":2530,"length":47.7925,"mcpPosition":[-46.5948,285.643,26.8259],"pipPosition":[-67.5357,291.445,-13.4639],"stabilizedTipPosition":[-110.547,243.846,184.9],"timeVisible":0.677459,"tipPosition":[-49.0978,287.33,-54.7968],"tipVelocity":[16.6739,45.0883,-91.5861],"tool":false,"touchDistance":-0.509621,"touchZone":"hovering","type":0,"width":18.5699},{"bases":[[[0.959004,0.159848,-0.234009],[-0.080172,0.945036,0.316985],[0.271816,-0.285229,0.919109]],[[0.982973,0.127706,-0.132118],[-0.0687094,0.922308,0.380299],[0.17042,-0.364746,0.915378]],[[0.982973,0.127706,-0.132118],[-0.0916751,0.963972,0.249705],[0.159247,-0.233342,0.959266]],[[0.982973,0.127706,-0.132118],[-0.109185,0.984251,0.139028],[0.147792,-0.122235,0.981436]]],"btipPosition":[-71.9858,347.332,-109.179],"carpPosition":[-41.0879,306.631,25.5326],"dipPosition":[-69.6701,345.417,-93.802],"direction":[-0.159247,0.233342,-0.959266],"extended":true,"handId":253,"id":2531,"length":53.9285,"mcpPosition":[-59.4262,325.875,-36.4758],"pipPosition":[-66.1404,340.245,-72.5398],"stabilizedTipPosition":[-117.483,287.542,107.727],"timeVisible":0.677459,"tipPosition":[-70.7326,345.877,-105.956],"tipVelocity":[22.6194,44.9859,-109.898],"tool":false,"touchDistance":-0.518533,"touchZone":"hovering","type":1,"width":17.738},{"bases":[[[0.986432,-0.0436201,-0.158269],[0.0891003,0.951964,0.292962],[0.137887,-0.303089,0.942934]],[[0.986599,-0.0439888,-0.157121],[-0.113907,0.503777,-0.856291],[0.116821,0.862713,0.492016]],[[0.986599,-0.0439888,-0.157121],[-0.154848,-0.55592,-0.816686],[-0.0514218,0.830071,-0.555281]],[[0.986599,-0.0439888,-0.157121],[-0.110963,-0.886889,-0.448459],[-0.119622,0.459884,-0.879885]]],"btipPosition":[-41.2309,261.734,-29.5162],"carpPosition":[-30.6476,310.046,22.917],"dipPosition":[-43.2923,269.659,-44.6792],"direction":[0.0514218,-0.830071,0.555282],"extended":false,"handId":253,"id":2532,"length":61.4471,"mcpPosition":[-39.4696,329.438,-37.4116],"pipPosition":[-44.6333,291.305,-59.1593],"stabilizedTipPosition":[-66.3257,245.897,126.524],"timeVisible":0.677459,"tipPosition":[-41.8517,263.623,-33.9721],"tipVelocity":[13.9499,18.3612,-51.9678],"tool":false,"touchDistance":0.333333,"touchZone":"none","type":2,"width":17.4211},{"bases":[[[0.986429,-0.159385,-0.0394145],[0.163699,0.936268,0.310815],[-0.0126366,-0.313049,0.949653]],[[0.986505,-0.156423,-0.0483754],[0.0270442,0.447065,-0.894092],[0.161484,0.880718,0.445262]],[[0.986505,-0.156423,-0.0483754],[-0.133703,-0.599071,-0.789454],[0.0945086,0.785268,-0.6119]],[[0.986505,-0.156423,-0.0483754],[-0.16227,-0.894644,-0.41627],[0.0218355,0.418503,-0.907953]]],"btipPosition":[-28.2849,265.349,-21.0181],"carpPosition":[-19.6194,310.571,20.6752],"dipPosition":[-27.9108,272.52,-36.5748],"direction":[-0.0945086,-0.785268,0.6119],"extended":false,"handId":253,"id":2533,"length":59.0831,"mcpPosition":[-18.8935,328.554,-33.8757],"pipPosition":[-25.5099,292.468,-52.1193],"stabilizedTipPosition":[-51.2715,250.623,128.396],"timeVisible":0.677459,"tipPosition":[-28.2152,266.975,-25.4382],"tipVelocity":[6.45306,19.0757,-71.0925],"tool":false,"touchDistance":0.333333,"touchZone":"none","type":3,"width":16.5772},{"bases":[[[0.937639,-0.347038,0.0199522],[0.313368,0.86872,0.383571],[-0.150447,-0.353399,0.923296]],[[0.936155,-0.350406,0.0287913],[0.200141,0.463791,-0.863042],[0.289062,0.813704,0.504311]],[[0.936155,-0.350406,0.0287913],[-0.172957,-0.530274,-0.829997],[0.306103,0.772027,-0.557024]],[[0.936155,-0.350406,0.0287913],[-0.294473,-0.826188,-0.480311],[0.192091,0.441168,-0.876625]]],"btipPosition":[-18.1876,276.036,-23.0385],"carpPosition":[-8.28794,304.45,18.5624],"dipPosition":[-15.1513,283.009,-36.895],"direction":[-0.306103,-0.772026,0.557024],"extended":false,"handId":253,"id":2534,"length":46.32,"mcpPosition":[-0.288024,323.241,-30.5333],"pipPosition":[-9.66102,296.857,-46.8858],"stabilizedTipPosition":[-42.4978,261.839,131.671],"timeVisible":0.677459,"tipPosition":[-17.5113,277.528,-26.6268],"tipVelocity":[8.21577,13.6878,-89.8572],"tool":false,"touchDistance":0.333333,"touchZone":"none","type":4,"width":14.7252}],"r":[[0.798022,0.177204,0.575986],[-0.0344756,0.967649,-0.249935],[-0.601642,0.179596,0.778314]],"s":1.38879,"t":[46.3935,49.3434,-254.62],"timestamp":2957221911},false],[2,{"currentFrameRate":107.032,"devices":[],"gestures":[],"hands":[{"armBasis":[[0.949268,0.190735,-0.250022],[-0.0256849,0.839431,0.54286],[0.313418,-0.508897,0.801744]],"armWidth":58.4334,"confidence":0.612101,"direction":[-0.113415,0.441227,-0.8902],"elbow":[56.3029,172.289,224.202],"grabStrength":0,"id":253,"palmNormal":[0.038389,-0.893366,-0.447687],"palmPosition":[-33.7034,316.008,-19.5753],"palmVelocity":[19.8241,15.0436,-98.4371],"palmWidth":83.4409,"pinchStrength":0.675302,"r":[[0.797446,0.175815,0.577209],[-0.0318455,0.967538,-0.250711],[-0.60255,0.181547,0.777158]],"s":1.39137,"sphereCenter":[-40.5171,291.543,-51.2247],"sphereRadius":42.8056,"stabilizedPalmPosition":[-69.7184,280.297,209.977],"t":[46.5875,49.4115,-255.33],"timeVisible":0.686619,"type":"right","wrist":[-21.2991,298.291,25.6909]}],"id":285024,"interactionBox":{"center":[0,200,0],"size":[235.247,235.247,147.751]},"pointables":[{"bases":[[[0.343035,0.919331,0.192761],[-0.77191,0.158965,0.615536],[0.53524,-0.359945,0.764172]],[[0.223539,0.974272,0.0287186],[-0.859904,0.183255,0.476427],[0.458907,-0.131195,0.878745]],[[0.223539,0.974272,0.0287186],[-0.957884,0.225037,-0.178371],[-0.180245,0.0123638,0.983544]],[[0.223539,0.974272,0.0287186],[-0.593639,0.159457,-0.788775],[-0.773061,0.159273,0.614011]]],"btipPosition":[-45.2977,288.039,-57.8991],"carpPosition":[-46.5178,285.838,26.2566],"dipPosition":[-61.8891,291.457,-44.7212],"direction":[0.180245,-0.0123638,-0.983544],"extended":false,"handId":253,"id":2530,"length":47.7925,"mcpPosition":[-46.5178,285.838,26.2566],"pipPosition":[-67.5248,291.844,-13.969],"stabilizedTipPosition":[-110.447,243.919,184.512],"timeVisible":0.686619,"tipPosition":[-48.9663,287.697,-55.2481],"tipVelocity":[14.635,44.1162,-79.6751],"tool":false,"touchDistance":-0.493705,"touchZone":"hovering","type":0,"width":18.5699},{"bases":[[[0.959669,0.157825,-0.232651],[-0.079277,0.945889,0.314658],[0.269723,-0.283523,0.920252]],[[0.983092,0.126452,-0.132438],[-0.0669512,0.92141,0.38278],[0.170433,-0.367441,0.914297]],[[0.983092,0.126452,-0.132438],[-0.089912,0.963422,0.252455],[0.159518,-0.236278,0.958502]],[[0.983092,0.126452,-0.132438],[-0.107474,0.984046,0.141785],[0.148255,-0.125154,0.980998]]],"btipPosition":[-71.7465,347.618,-109.798],"carpPosition":[-40.9761,306.815,24.9247],"dipPosition":[-69.4236,345.657,-94.4275],"direction":[-0.159518,0.236278,-0.958502],"extended":true,"handId":253,"id":2531,"length":53.9285,"mcpPosition":[-59.1732,325.943,-37.1608],"pipPosition":[-65.8879,340.42,-73.1823],"stabilizedTipPosition":[-117.336,287.732,107.045],"timeVisible":0.686619,"tipPosition":[-70.5009,346.122,-106.587],"tipVelocity":[23.6466,40.8174,-98.1401],"tool":false,"touchDistance":-0.504317,"touchZone":"hovering","type":1,"width":17.738},{"bases":[[[0.986646,-0.0455097,-0.156393],[0.0900487,0.952499,0.290923],[0.135724,-0.301121,0.943878]],[[0.986813,-0.0458819,-0.155226],[-0.111879,0.499693,-0.858947],[0.116975,0.864987,0.48797]],[[0.986813,-0.0458819,-0.155226],[-0.154089,-0.559951,-0.814071],[-0.0495677,0.827255,-0.559636]],[[0.986813,-0.0458819,-0.155226],[-0.111269,-0.888757,-0.444668],[-0.117556,0.456076,-0.882142]]],"btipPosition":[-41.0614,261.808,-29.8423],"carpPosition":[-30.5258,310.208,22.32],"dipPosition":[-43.0873,269.667,-45.0442],"direction":[0.0495677,-0.827255,0.559636],"extended":false,"handId":253,"id":2532,"length":61.4471,"mcpPosition":[-39.2094,329.473,-38.0689],"pipPosition":[-44.3799,291.24,-59.6379],"stabilizedTipPosition":[-66.3132,245.906,126.444],"timeVisible":0.686619,"tipPosition":[-41.6733,263.673,-34.3114],"tipVelocity":[15.4669,15.0407,-47.6777],"tool":false,"touchDistance":0.333333,"touchZone":"none","type":2,"width":17.4211},{"bases":[[[0.986251,-0.160999,-0.0372718],[0.164591,0.936729,0.308946],[-0.0148264,-0.310833,0.950349]],[[0.986346,-0.158113,-0.046074],[0.0294175,0.444414,-0.895338],[0.16204,0.881758,0.442997]],[[0.986346,-0.158113,-0.046074],[-0.13318,-0.601213,-0.787913],[0.0968789,0.78329,-0.614061]],[[0.986346,-0.158113,-0.046074],[-0.162901,-0.895568,-0.41403],[0.024201,0.415882,-0.909097]]],"btipPosition":[-28.156,265.414,-21.4691],"carpPosition":[-19.4927,310.711,20.0969],"dipPosition":[-27.7414,272.539,-37.0454],"direction":[-0.0968789,-0.78329,0.614061],"extended":false,"handId":253,"id":2533,"length":59.0831,"mcpPosition":[-18.641,328.566,-34.494],"pipPosition":[-25.2803,292.438,-52.6448],"stabilizedTipPosition":[-51.2679,250.626,128.372],"timeVisible":0.686619,"tipPosition":[-28.0743,267.026,-25.8822],"tipVelocity":[8.85976,15.4085,-65.139],"tool":false,"touchDistance":0.333333,"touchZone":"none","type":3,"width":16.5772},{"bases":[[[0.937063,-0.34844,0.0224401],[0.314024,0.869119,0.382127],[-0.152651,-0.351031,0.923837]],[[0.935469,-0.351975,0.03179],[0.202209,0.459305,-0.864957],[0.289842,0.815569,0.500838]],[[0.935469,-0.351975,0.03179],[-0.173096,-0.534752,-0.82709],[0.308115,0.768215,-0.56117]],[[0.935469,-0.351975,0.03179],[-0.295463,-0.828274,-0.476092],[0.193903,0.435976,-0.878821]]],"btipPosition":[-18.0395,276.117,-23.3894],"carpPosition":[-8.16701,304.566,18.0186],"dipPosition":[-14.9745,283.008,-37.2806],"direction":[-0.308115,-0.768215,0.56117],"extended":false,"handId":253,"id":2534,"length":46.32,"mcpPosition":[-0.0498691,323.232,-31.1059],"pipPosition":[-9.44815,296.787,-47.3458],"stabilizedTipPosition":[-42.4968,261.839,131.665],"timeVisible":0.686619,"tipPosition":[-17.3526,277.583,-27.0163],"tipVelocity":[10.6343,11.7603,-75.7331],"tool":false,"touchDistance":0.333333,"touchZone":"none","type":4,"width":14.7252}],"r":[[0.797446,0.175815,0.577209],[-0.0318455,0.967538,-0.250711],[-0.60255,0.181547,0.777158]],"s":1.39137,"t":[46.5875,49.4115,-255.33],"timestamp":2957231071},false],[3,{"currentFrameRate":107.157,"devices":[],"gestures":[],"hands":[{"armBasis":[[0.949556,0.196017,-0.244788],[-0.0323297,0.837607,0.545315],[0.311927,-0.509893,0.801692]],"armWidth":58.4334,"confidence":0.618227,"direction":[-0.112361,0.439582,-0.891147],"elbow":[56.0143,172.309,223.52],"grabStrength":0,"id":253,"palmNormal":[0.04545,-0.893614,-0.44653],"palmPosition":[-33.5413,316.152,-20.3145],"palmVelocity":[19.2627,15.2736,-93.6586],"palmWidth":83.4409,"pinchStrength":0.665066,"r":[[0.796304,0.175768,0.578797],[-0.0306696,0.967353,-0.251569],[-0.604119,0.182574,0.775698]],"s":1.39406,"sphereCenter":[-40.468,291.696,-51.9161],"sphereRadius":42.8575,"stabilizedPalmPosition":[-69.7175,280.298,209.971],"t":[46.7655,49.5179,-256.054],"timeVisible":0.695722,"type":"right","wrist":[-21.2185,298.558,25.0217]}],"id":285025,"interactionBox":{"center":[0,200,0],"size":[235.247,235.247,147.751]},"pointables":[{"bases":[[[0.336854,0.921537,0.193132],[-0.775336,0.155108,0.612206],[0.534213,-0.355966,0.766749]],[[0.220684,0.974803,0.0325123],[-0.860306,0.178842,0.477378],[0.459535,-0.13332,0.878097]],[[0.220684,0.974803,0.0325123],[-0.957746,0.222886,-0.18178],[-0.184446,0.00897752,0.982802]],[[0.220684,0.974803,0.0325123],[-0.59567,0.161098,-0.786908],[-0.772318,0.154292,0.616213]]],"btipPosition":[-45.0591,288.469,-58.6516],"carpPosition":[-46.3659,285.958,25.4984],"dipPosition":[-61.6345,291.78,-45.4265],"direction":[0.184446,-0.00897752,-0.982802],"extended":false,"handId":253,"id":2530,"length":47.7925,"mcpPosition":[-46.3659,285.958,25.4984],"pipPosition":[-67.4016,292.061,-14.6975],"stabilizedTipPosition":[-110.342,243.996,184.102],"timeVisible":0.695722,"tipPosition":[-48.6463,288.091,-55.9547],"tipVelocity":[17.9562,44.2329,-80.1747],"tool":false,"touchDistance":-0.483793,"touchZone":"hovering","type":0,"width":18.5699},{"bases":[[[0.95967,0.163195,-0.228912],[-0.0861013,0.945751,0.313276],[0.267619,-0.280932,0.92166]],[[0.982546,0.13265,-0.130414],[-0.0730648,0.919925,0.385225],[0.171071,-0.368973,0.913561]],[[0.982546,0.13265,-0.130414],[-0.0961568,0.962316,0.254366],[0.159241,-0.237386,0.958275]],[[0.982546,0.13265,-0.130414],[-0.113748,0.98316,0.143032],[0.147191,-0.125701,0.981088]]],"btipPosition":[-71.5725,347.687,-110.619],"carpPosition":[-40.9418,306.966,24.1657],"dipPosition":[-69.2663,345.717,-95.2475],"direction":[-0.159241,0.237386,-0.958275],"extended":true,"handId":253,"id":2531,"length":53.9285,"mcpPosition":[-58.9969,325.919,-38.0148],"pipPosition":[-65.7367,340.456,-74.0072],"stabilizedTipPosition":[-117.213,287.889,106.479],"timeVisible":0.695722,"tipPosition":[-70.3228,346.192,-107.413],"tipVelocity":[22.2718,31.5511,-95.9358],"tool":false,"touchDistance":-0.494533,"touchZone":"hovering","type":1,"width":17.738},{"bases":[[[0.987526,-0.0398954,-0.152317],[0.0832783,0.953328,0.290225],[0.13363,-0.299289,0.944759]],[[0.987705,-0.0402991,-0.151043],[-0.111361,0.496706,-0.860745],[0.109711,0.866983,0.486112]],[[0.987705,-0.0402991,-0.151043],[-0.147314,-0.563254,-0.813045],[-0.0523104,0.8253,-0.562266]],[[0.987705,-0.0402991,-0.151043],[-0.104053,-0.890549,-0.442826],[-0.116665,0.453099,-0.883793]]],"btipPosition":[-40.5254,261.914,-30.4396],"carpPosition":[-30.501,310.417,21.5999],"dipPosition":[-42.5358,269.722,-45.6699],"direction":[0.0523104,-0.8253,0.562266],"extended":false,"handId":253,"id":2532,"length":61.4471,"mcpPosition":[-39.0506,329.565,-38.8454],"pipPosition":[-43.8999,291.243,-60.3322],"stabilizedTipPosition":[-66.2979,245.917,126.347],"timeVisible":0.695722,"tipPosition":[-41.1285,263.76,-34.9093],"tipVelocity":[27.6137,13.7344,-52.8501],"tool":false,"touchDistance":0.333333,"touchZone":"none","type":2,"width":17.4211},{"bases":[[[0.987321,-0.155255,-0.0330699],[0.157837,0.938015,0.308569],[-0.0168869,-0.309877,0.950627]],[[0.987431,-0.15254,-0.041379],[0.0306182,0.44146,-0.896759],[0.155059,0.88422,0.440581]],[[0.987431,-0.15254,-0.041379],[-0.126421,-0.605134,-0.786022],[0.0948601,0.781373,-0.616812]],[[0.987431,-0.15254,-0.041379],[-0.155964,-0.897971,-0.411489],[0.0256115,0.412771,-0.910475]]],"btipPosition":[-27.6938,265.631,-21.9682],"carpPosition":[-19.4621,310.982,19.4212],"dipPosition":[-27.255,272.703,-37.5682],"direction":[-0.0948601,-0.781373,0.616812],"extended":false,"handId":253,"id":2533,"length":59.0831,"mcpPosition":[-18.492,328.782,-35.1856],"pipPosition":[-24.8452,292.553,-53.2374],"stabilizedTipPosition":[-51.2638,250.628,128.345],"timeVisible":0.695722,"tipPosition":[-27.6014,267.221,-26.3993],"tipVelocity":[20.649,17.3842,-62.4469],"tool":false,"touchDistance":0.333333,"touchZone":"none","type":3,"width":16.5772},{"bases":[[[0.938988,-0.342915,0.0266501],[0.307364,0.871362,0.382435],[-0.154365,-0.35091,0.923598]],[[0.937324,-0.346563,0.0363],[0.2028,0.457834,-0.865598],[0.283365,0.818708,0.499422]],[[0.937324,-0.346563,0.0363],[-0.167253,-0.538837,-0.82564],[0.305696,0.767821,-0.563029]],[[0.937324,-0.346563,0.0363],[-0.28911,-0.831601,-0.474188],[0.194524,0.433973,-0.879675]]],"btipPosition":[-17.63,276.383,-23.9065],"carpPosition":[-8.09216,304.902,17.396],"dipPosition":[-14.5552,283.243,-37.8113],"direction":[-0.305696,-0.767821,0.563029],"extended":false,"handId":253,"id":2534,"length":46.32,"mcpPosition":[0.116074,323.561,-31.7158],"pipPosition":[-9.07221,297.014,-47.9098],"stabilizedTipPosition":[-42.4956,261.84,131.657],"timeVisible":0.695722,"tipPosition":[-16.9363,277.839,-27.557],"tipVelocity":[20.2269,16.3806,-70.581],"tool":false,"touchDistance":0.333333,"touchZone":"none","type":4,"width":14.7252}],"r":[[0.796304,0.175768,0.578797],[-0.0306696,0.967353,-0.251569],[-0.604119,0.182574,0.775698]],"s":1.39406,"t":[46.7655,49.5179,-256.054],"timestamp":2957240174},false],[4,{"currentFrameRate":107.312,"devices":[],"gestures":[],"hands":[{"armBasis":[[0.948771,0.200061,-0.244561],[-0.0354505,0.836523,0.546783],[0.313971,-0.510102,0.800761]],"armWidth":58.4334,"confidence":0.623055,"direction":[-0.110794,0.439717,-0.891277],"elbow":[56.5886,172.365,222.615],"grabStrength":0,"id":253,"palmNormal":[0.048581,-0.89333,-0.446768],"palmPosition":[-33.3832,316.253,-21.0161],"palmVelocity":[18.776,14.1235,-89.2445],"palmWidth":83.4409,"pinchStrength":0.655747,"r":[[0.794989,0.176019,0.580525],[-0.029994,0.967213,-0.252191],[-0.605882,0.183077,0.774203]],"s":1.3967,"sphereCenter":[-40.6036,291.899,-52.596],"sphereRadius":42.9028,"stabilizedPalmPosition":[-69.7166,280.299,209.966],"t":[46.9336,49.6212,-256.767],"timeVisible":0.704759,"type":"right","wrist":[-21.1502,298.666,24.3471]}],"id":285026,"interactionBox":{"center":[0,200,0],"size":[235.247,235.247,147.751]},"pointables":[{"bases":[[[0.33437,0.922163,0.194453],[-0.77737,0.15322,0.610098],[0.532815,-0.355161,0.768094]],[[0.221188,0.974526,0.0370892],[-0.859888,0.176945,0.478836],[0.460075,-0.137805,0.877121]],[[0.221188,0.974526,0.0370892],[-0.957201,0.224221,-0.183007],[-0.186661,0.00497717,0.982412]],[[0.221188,0.974526,0.0370892],[-0.597669,0.165509,-0.784474],[-0.770628,0.151349,0.619052]]],"btipPosition":[-44.9573,288.917,-59.4058],"carpPosition":[-46.2723,286.012,24.7483],"dipPosition":[-61.4964,292.165,-46.1198],"direction":[0.186661,-0.00497717,-0.982412],"extended":false,"handId":253,"id":2530,"length":47.7925,"mcpPosition":[-46.2723,286.012,24.7483],"pipPosition":[-67.3327,292.321,-15.4029],"stabilizedTipPosition":[-110.232,244.077,183.675],"timeVisible":0.704759,"tipPosition":[-48.4776,288.519,-56.6623],"tipVelocity":[16.369,45.2552,-80.6516],"tool":false,"touchDistance":-0.47485,"touchZone":"hovering","type":0,"width":18.5699},{"bases":[[[0.959961,0.16531,-0.226159],[-0.088969,0.945437,0.313423],[0.265631,-0.280753,0.92229]],[[0.982217,0.13551,-0.129949],[-0.0750987,0.917928,0.389576],[0.172075,-0.372889,0.911781]],[[0.982217,0.13551,-0.129949],[-0.0983111,0.960883,0.258919],[0.159952,-0.241539,0.957118]],[[0.982217,0.13551,-0.129949],[-0.115995,0.982233,0.147522],[0.147631,-0.129826,0.980485]]],"btipPosition":[-71.4475,348.052,-111.283],"carpPosition":[-40.8887,307.032,23.4394],"dipPosition":[-69.1344,346.018,-95.9204],"direction":[-0.159952,0.241539,-0.957118],"extended":true,"handId":253,"id":2531,"length":53.9285,"mcpPosition":[-58.8096,325.973,-38.7836],"pipPosition":[-65.589,340.664,-74.7059],"stabilizedTipPosition":[-117.107,288.026,105.99],"timeVisible":0.704759,"tipPosition":[-70.1819,346.531,-108.091],"tipVelocity":[19.996,33.5343,-89.7991],"tool":false,"touchDistance":-0.483399,"touchZone":"hovering","type":1,"width":17.738},{"bases":[[[0.98803,-0.0377528,-0.14957],[0.080458,0.95338,0.290849],[0.131616,-0.299402,0.945006]],[[0.988219,-0.0381845,-0.148207],[-0.110049,0.495689,-0.8615],[0.10636,0.86766,0.485647]],[[0.988219,-0.0381845,-0.148207],[-0.143716,-0.564476,-0.812842],[-0.0526212,0.824566,-0.563314]],[[0.988219,-0.0381845,-0.148207],[-0.100783,-0.891132,-0.442411],[-0.115179,0.452135,-0.884481]]],"btipPosition":[-40.213,262.016,-31.0913],"carpPosition":[-30.4481,310.506,20.9042],"dipPosition":[-42.1979,269.807,-46.3335],"direction":[0.0526212,-0.824566,0.563314],"extended":false,"handId":253,"id":2532,"length":61.4471,"mcpPosition":[-38.8688,329.662,-39.5568],"pipPosition":[-43.5701,291.31,-61.0231],"stabilizedTipPosition":[-66.2806,245.929,126.238],"timeVisible":0.704759,"tipPosition":[-40.806,263.854,-35.5558],"tipVelocity":[29.7072,12.95,-58.2423],"tool":false,"touchDistance":0.333333,"touchZone":"none","type":2,"width":17.4211},{"bases":[[[0.987734,-0.153162,-0.0303711],[0.154997,0.938216,0.309396],[-0.0188932,-0.310308,0.950448]],[[0.987859,-0.150534,-0.0384047],[0.0326567,0.442892,-0.89598],[0.151884,0.883848,0.44243]],[[0.987859,-0.150534,-0.0384047],[-0.122696,-0.604337,-0.787225],[0.0952945,0.782379,-0.615469]],[[0.987859,-0.150534,-0.0384047],[-0.152874,-0.897908,-0.412785],[0.0276542,0.413644,-0.910018]]],"btipPosition":[-27.4368,265.744,-22.7402],"carpPosition":[-19.4043,311.095,18.7567],"dipPosition":[-26.963,272.831,-38.3323],"direction":[-0.0952945,-0.782379,0.615469],"extended":false,"handId":253,"id":2533,"length":59.0831,"mcpPosition":[-18.319,328.92,-35.8399],"pipPosition":[-24.5421,292.707,-53.9675],"stabilizedTipPosition":[-51.2593,250.632,128.316],"timeVisible":0.704759,"tipPosition":[-27.3294,267.339,-27.116],"tipVelocity":[23.0423,16.1417,-68.7222],"tool":false,"touchDistance":0.333333,"touchZone":"none","type":3,"width":16.5772},{"bases":[[[0.93963,-0.340949,0.0291362],[0.304457,0.871847,0.383652],[-0.156208,-0.35162,0.923018]],[[0.93788,-0.344743,0.039148],[0.20411,0.456973,-0.865745],[0.28057,0.819956,0.498951]],[[0.93788,-0.344743,0.039148],[-0.164385,-0.540882,-0.824879],[0.305546,0.767202,-0.563953]],[[0.93788,-0.344743,0.039148],[-0.286439,-0.833012,-0.473333],[0.195789,0.432716,-0.880013]]],"btipPosition":[-17.3825,276.549,-24.4737],"carpPosition":[-8.01599,305.04,16.7608],"dipPosition":[-14.2877,283.389,-38.3838],"direction":[-0.305546,-0.767202,0.563953],"extended":false,"handId":253,"id":2534,"length":46.32,"mcpPosition":[0.290267,323.737,-32.3201],"pipPosition":[-8.80739,297.15,-48.4989],"stabilizedTipPosition":[-42.494,261.841,131.647],"timeVisible":0.704759,"tipPosition":[-16.6799,277.998,-28.1434],"tipVelocity":[22.3406,16.8012,-68.4639],"tool":false,"touchDistance":0.333333,"touchZone":"none","type":4,"width":14.7252}],"r":[[0.794989,0.176019,0.580525],[-0.029994,0.967213,-0.252191],[-0.605882,0.183077,0.774203]],"s":1.3967,"t":[46.9336,49.6212,-256.767],"timestamp":2957249211},false],[5,{"currentFrameRate":107.488,"devices":[],"gestures":[],"hands":[{"armBasis":[[0.949318,0.20053,-0.242039],[-0.0374332,0.836696,0.546387],[0.31208,-0.509635,0.801797]],"armWidth":58.4334,"confidence":0.629876,"direction":[-0.109297,0.439607,-0.891515],"elbow":[56.2327,172.525,222.315],"grabStrength":0,"id":253,"palmNormal":[0.0503599,-0.893288,-0.446655],"palmPosition":[-33.1904,316.286,-21.5984],"palmVelocity":[19.5134,11.2549,-82.5482],"palmWidth":83.4409,"pinchStrength":0.640714,"r":[[0.793653,0.176369,0.582244],[-0.0295235,0.967094,-0.252702],[-0.607654,0.183368,0.772744]],"s":1.39966,"sphereCenter":[-40.7321,291.993,-53.1577],"sphereRadius":42.9708,"stabilizedPalmPosition":[-69.7158,280.299,209.96],"t":[47.1141,49.6893,-257.415],"timeVisible":0.713742,"type":"right","wrist":[-21.038,298.71,23.791]}],"id":285027,"interactionBox":{"center":[0,200,0],"size":[235.247,235.247,147.751]},"pointables":[{"bases":[[[0.333102,0.922473,0.195158],[-0.778812,0.152506,0.608436],[0.531503,-0.354662,0.769233]],[[0.223786,0.973716,0.0423856],[-0.857613,0.176068,0.483219],[0.463055,-0.144488,0.874473]],[[0.223786,0.973716,0.0423856],[-0.956714,0.227764,-0.181169],[-0.186061,-0.00000796432,0.982538]],[[0.223786,0.973716,0.0423856],[-0.604038,0.172691,-0.778021],[-0.764891,0.148507,0.626807]]],"btipPosition":[-45.1125,289.461,-60.0646],"carpPosition":[-46.1491,286.034,24.1387],"dipPosition":[-61.5285,292.648,-46.6121],"direction":[0.186061,0.00000796432,-0.982538],"extended":false,"handId":253,"id":2530,"length":47.7925,"mcpPosition":[-46.1491,286.034,24.1387],"pipPosition":[-67.346,292.648,-15.8913],"stabilizedTipPosition":[-110.115,244.165,183.215],"timeVisible":0.713742,"tipPosition":[-48.4836,289.029,-57.2329],"tipVelocity":[8.00986,49.0253,-77.4779],"tool":false,"touchDistance":-0.465005,"touchZone":"hovering","type":0,"width":18.5699},{"bases":[[[0.960288,0.166195,-0.224111],[-0.0905115,0.945356,0.313223],[0.263921,-0.2805,0.922857]],[[0.98195,0.137164,-0.130229],[-0.0759071,0.916446,0.392893],[0.173239,-0.375916,0.910316]],[[0.98195,0.137164,-0.130229],[-0.0992706,0.959832,0.262425],[0.160994,-0.244761,0.956124]],[[0.98195,0.137164,-0.130229],[-0.117085,0.981575,0.150999],[0.148542,-0.133026,0.979918]]],"btipPosition":[-71.3089,348.302,-111.831],"carpPosition":[-40.7822,307.058,22.8411],"dipPosition":[-68.9815,346.218,-96.4773],"direction":[-0.160994,0.244761,-0.956124],"extended":true,"handId":253,"id":2531,"length":53.9285,"mcpPosition":[-58.5878,325.982,-39.4201],"pipPosition":[-65.4131,340.793,-75.2847],"stabilizedTipPosition":[-117.014,288.146,105.557],"timeVisible":0.713742,"tipPosition":[-70.026,346.772,-108.648],"tipVelocity":[18.8446,31.6199,-81.9669],"tool":false,"touchDistance":-0.471643,"touchZone":"hovering","type":1,"width":17.738},{"bases":[[[0.988382,-0.0368409,-0.14746],[0.078956,0.953456,0.291011],[0.129876,-0.299272,0.945287]],[[0.988581,-0.0373036,-0.145998],[-0.108781,0.493799,-0.862745],[0.104277,0.868776,0.484102]],[[0.988581,-0.0373036,-0.145998],[-0.141267,-0.566643,-0.811763],[-0.0524473,0.823118,-0.565443]],[[0.988581,-0.0373036,-0.145998],[-0.0987668,-0.892146,-0.440819],[-0.113808,0.450205,-0.885643]]],"btipPosition":[-39.9291,262.065,-31.5416],"carpPosition":[-30.3394,310.542,20.3282],"dipPosition":[-41.8903,269.824,-46.8038],"direction":[0.0524473,-0.823118,0.565443],"extended":false,"handId":253,"id":2532,"length":61.4471,"mcpPosition":[-38.6488,329.689,-40.1509],"pipPosition":[-43.258,291.288,-61.5489],"stabilizedTipPosition":[-66.2612,245.943,126.117],"timeVisible":0.713742,"tipPosition":[-40.5146,263.888,-36.0125],"tipVelocity":[30.3942,10.6732,-56.1571],"tool":false,"touchDistance":0.333333,"touchZone":"none","type":2,"width":17.4211},{"bases":[[[0.987938,-0.15225,-0.0282614],[0.15347,0.938362,0.309717],[-0.0206349,-0.310318,0.950409]],[[0.988076,-0.149648,-0.0362124],[0.0342494,0.442931,-0.895901],[0.150109,0.883978,0.442775]],[[0.988076,-0.149648,-0.0362124],[-0.120412,-0.604489,-0.78746],[0.0959519,0.782431,-0.615301]],[[0.988076,-0.149648,-0.0362124],[-0.151156,-0.898083,-0.413036],[0.0292883,0.413585,-0.909994]]],"btipPosition":[-27.196,265.785,-23.3092],"carpPosition":[-19.2916,311.141,18.2042],"dipPosition":[-26.6942,272.871,-38.9009],"direction":[-0.0959519,-0.782431,0.615301],"extended":false,"handId":253,"id":2533,"length":59.0831,"mcpPosition":[-18.1063,328.967,-36.3901],"pipPosition":[-24.2567,292.748,-54.5318],"stabilizedTipPosition":[-51.2547,250.635,128.286],"timeVisible":0.713742,"tipPosition":[-27.0796,267.379,-27.6784],"tipVelocity":[24.2689,12.9615,-67.2447],"tool":false,"touchDistance":0.333333,"touchZone":"none","type":3,"width":16.5772},{"bases":[[[0.939881,-0.34008,0.0311448],[0.302832,0.872131,0.384292],[-0.157853,-0.351757,0.922686]],[[0.938023,-0.344061,0.0416424],[0.205575,0.45564,-0.866101],[0.279018,0.820984,0.498131]],[[0.938023,-0.344061,0.0416424],[-0.162466,-0.542676,-0.82408],[0.306132,0.766241,-0.564941]],[[0.938023,-0.344061,0.0416424],[-0.284936,-0.834014,-0.472475],[0.19729,0.431327,-0.88036]]],"btipPosition":[-17.1564,276.619,-24.9343],"carpPosition":[-7.8935,305.097,16.2327],"dipPosition":[-14.0379,283.437,-38.8499],"direction":[-0.306132,-0.766241,0.564941],"extended":false,"handId":253,"id":2534,"length":46.32,"mcpPosition":[0.500215,323.801,-32.8305],"pipPosition":[-8.54709,297.18,-48.9827],"stabilizedTipPosition":[-42.4919,261.842,131.635],"timeVisible":0.713742,"tipPosition":[-16.4427,278.063,-28.6175],"tipVelocity":[23.2815,14.1704,-63.7912],"tool":false,"touchDistance":0.333333,"touchZone":"none","type":4,"width":14.7252}],"r":[[0.793653,0.176369,0.582244],[-0.0295235,0.967094,-0.252702],[-0.607654,0.183368,0.772744]],"s":1.39966,"t":[47.1141,49.6893,-257.415],"timestamp":2957258194},false],[6,{"currentFrameRate":107.694,"devices":[],"gestures":[],"hands":[{"armBasis":[[0.949624,0.200485,-0.240875],[-0.038354,0.837175,0.545589],[0.311037,-0.508866,0.80269]],"armWidth":58.4334,"confidence":0.638465,"direction":[-0.108989,0.439172,-0.891768],"elbow":[56.111,172.607,222.354],"grabStrength":0,"id":253,"palmNormal":[0.0511924,-0.893442,-0.446253],"palmPosition":[-33.0352,316.151,-21.7963],"palmVelocity":[18.9426,4.07985,-66.1177],"palmWidth":83.4409,"pinchStrength":0.61829,"r":[[0.792485,0.176794,0.583705],[-0.0292312,0.966974,-0.253193],[-0.609191,0.183589,0.77148]],"s":1.40321,"sphereCenter":[-40.8358,291.833,-53.3533],"sphereRadius":43.0562,"stabilizedPalmPosition":[-69.7149,280.3,209.955],"t":[47.2819,49.6561,-257.838],"timeVisible":0.722654,"type":"right","wrist":[-20.9014,298.602,23.6082]}],"id":285028,"interactionBox":{"center":[0,200,0],"size":[235.247,235.247,147.751]},"pointables":[{"bases":[[[0.332414,0.922756,0.194991],[-0.779297,0.152284,0.607869],[0.531221,-0.35402,0.769723]],[[0.228095,0.972414,0.048812],[-0.852946,0.175393,0.491651],[0.469527,-0.153777,0.869423]],[[0.228095,0.972414,0.048812],[-0.956559,0.233161,-0.175018],[-0.181571,-0.00677082,0.983355]],[[0.228095,0.972414,0.048812],[-0.618786,0.183488,-0.763829],[-0.751715,0.144022,0.64357]]],"btipPosition":[-45.6878,290.07,-60.4125],"carpPosition":[-46.005,285.91,23.9449],"dipPosition":[-61.821,293.161,-46.6003],"direction":[0.181571,0.00677082,-0.983355],"extended":false,"handId":253,"id":2530,"length":47.7925,"mcpPosition":[-46.005,285.91,23.9449],"pipPosition":[-67.4981,292.95,-15.8539],"stabilizedTipPosition":[-109.97,244.277,182.64],"timeVisible":0.722654,"tipPosition":[-48.8084,289.577,-57.4157],"tipVelocity":[-9.76262,53.6208,-64.4822],"tool":false,"touchDistance":-0.450816,"touchZone":"hovering","type":0,"width":18.5699},{"bases":[[[0.960331,0.166688,-0.22356],[-0.0912894,0.945431,0.312774],[0.263495,-0.279958,0.923143]],[[0.981623,0.138288,-0.131501],[-0.0761149,0.915642,0.394722],[0.174993,-0.377459,0.909341]],[[0.981623,0.138288,-0.131501],[-0.0998455,0.959441,0.263637],[0.162625,-0.245663,0.955616]],[[0.981623,0.138288,-0.131501],[-0.117954,0.981388,0.15154],[0.15001,-0.133244,0.979665]]],"btipPosition":[-71.2763,348.229,-111.995],"carpPosition":[-40.65,306.937,22.6421],"dipPosition":[-68.9259,346.141,-96.646],"direction":[-0.162625,0.245663,-0.955616],"extended":true,"handId":253,"id":2531,"length":53.9285,"mcpPosition":[-58.427,325.825,-39.6385],"pipPosition":[-65.3214,340.696,-75.4647],"stabilizedTipPosition":[-116.935,288.248,105.194],"timeVisible":0.722654,"tipPosition":[-69.9811,346.726,-108.813],"tipVelocity":[14.8693,20.7508,-64.7077],"tool":false,"touchDistance":-0.455296,"touchZone":"hovering","type":1,"width":17.738},{"bases":[[[0.988499,-0.0362997,-0.146807],[0.0781874,0.953624,0.290667],[0.129447,-0.298802,0.945495]],[[0.988709,-0.0367888,-0.145259],[-0.10862,0.491827,-0.863891],[0.103224,0.869915,0.482278]],[[0.988709,-0.0367888,-0.145259],[-0.14023,-0.568822,-0.810418],[-0.0528122,0.821637,-0.567559]],[[0.988709,-0.0367888,-0.145259],[-0.0977239,-0.893181,-0.438951],[-0.113594,0.44819,-0.886692]]],"btipPosition":[-39.7177,261.943,-31.5947],"carpPosition":[-30.2078,310.426,20.1345],"dipPosition":[-41.6752,269.666,-46.875],"direction":[0.0528122,-0.821637,0.567559],"extended":false,"handId":253,"id":2532,"length":61.4471,"mcpPosition":[-38.4898,329.544,-40.3579],"pipPosition":[-43.0524,291.092,-61.6753],"stabilizedTipPosition":[-66.2375,245.959,125.971],"timeVisible":0.722654,"tipPosition":[-40.301,263.75,-36.067],"tipVelocity":[28.6044,3.77837,-42.615],"tool":false,"touchDistance":0.333333,"touchZone":"none","type":2,"width":17.4211},{"bases":[[[0.988048,-0.15166,-0.0275605],[0.152698,0.938583,0.309428],[-0.0210598,-0.309938,0.950524]],[[0.988189,-0.14909,-0.0354246],[0.0346582,0.442623,-0.896038],[0.14927,0.884227,0.442563]],[[0.988189,-0.14909,-0.0354246],[-0.119485,-0.604899,-0.787287],[0.0959482,0.782221,-0.615568]],[[0.988189,-0.14909,-0.0354246],[-0.150333,-0.898368,-0.412716],[0.0297075,0.413167,-0.910171]]],"btipPosition":[-27.0117,265.656,-23.4841],"carpPosition":[-19.159,311.032,18.0174],"dipPosition":[-26.5027,272.735,-39.0788],"direction":[-0.0959482,-0.782221,0.615568],"extended":false,"handId":253,"id":2533,"length":59.0831,"mcpPosition":[-17.9492,328.835,-36.5835],"pipPosition":[-24.0652,292.606,-54.7165],"stabilizedTipPosition":[-51.2495,250.638,128.254],"timeVisible":0.722654,"tipPosition":[-26.8921,267.247,-27.8465],"tipVelocity":[23.344,5.43561,-54.2994],"tool":false,"touchDistance":0.333333,"touchZone":"none","type":3,"width":16.5772},{"bases":[[[0.940067,-0.339495,0.0318925],[0.302052,0.872474,0.384127],[-0.158234,-0.351472,0.922729]],[[0.938164,-0.343559,0.0426205],[0.205873,0.454684,-0.866533],[0.278326,0.821724,0.497297]],[[0.938164,-0.343559,0.0426205],[-0.161798,-0.543969,-0.823358],[0.306056,0.765549,-0.565919]],[[0.938164,-0.343559,0.0426205],[-0.284282,-0.834787,-0.471502],[0.197568,0.43023,-0.880834]]],"btipPosition":[-16.9791,276.506,-25.0615],"carpPosition":[-7.75591,304.993,16.0557],"dipPosition":[-13.8562,283.307,-38.9846],"direction":[-0.306056,-0.765549,0.565919],"extended":false,"handId":253,"id":2534,"length":46.32,"mcpPosition":[0.658102,323.683,-33.0098],"pipPosition":[-8.36678,297.038,-49.135],"stabilizedTipPosition":[-42.4893,261.844,131.619],"timeVisible":0.722654,"tipPosition":[-16.2622,277.946,-28.