{"sensorType":"Leap","data":[[0,{"currentFrameRate":108.765,"devices":[],"gestures":[],"hands":[{"armBasis":[[0.909136,-0.0775999,-0.409206],[0.284989,0.832382,0.475313],[0.303732,-0.548743,0.778863]],"armWidth":58.4334,"confidence":0.637999,"direction":[0.0851982,0.423972,-0.901659],"elbow":[57.5712,157.368,223.843],"grabStrength":0,"id":251,"palmNormal":[-0.28975,-0.855296,-0.42955],"palmPosition":[-21.2252,312.925,-15.0054],"palmVelocity":[142.992,33.7523,-170.865],"palmWidth":83.4409,"pinchStrength":0.832072,"r":[[0.610704,-0.446914,0.653688],[0.757116,0.57139,-0.316683],[-0.231981,0.688318,0.687316]],"s":0.98134,"sphereCenter":[-19.9937,282.435,-48.9934],"sphereRadius":45.4939,"stabilizedPalmPosition":[-81.5429,266.677,156.339],"t":[98.7717,74.129,-266.889],"timeVisible":0.49731,"type":"right","wrist":[-17.6324,293.236,30.9969]}],"id":283666,"interactionBox":{"center":[0,200,0],"size":[235.247,235.247,147.751]},"pointables":[{"bases":[[[0.659391,0.727876,0.188148],[-0.670882,0.456749,0.584207],[0.339294,-0.511446,0.789495]],[[0.546572,0.836986,-0.0267146],[-0.740026,0.497694,0.452395],[0.391944,-0.227497,0.891417]],[[0.546572,0.836986,-0.0267146],[-0.826234,0.533807,-0.179963],[-0.136366,0.120435,0.983311]],[[0.546572,0.836986,-0.0267146],[-0.715918,0.450487,-0.533406],[-0.434419,0.31067,0.845437]]],"btipPosition":[-50.046,291.202,-58.8166],"carpPosition":[-45.6915,291.221,30.8786],"dipPosition":[-59.3694,297.87,-40.672],"direction":[0.136366,-0.120435,-0.983311],"extended":false,"handId":251,"id":2510,"length":47.7925,"mcpPosition":[-45.6915,291.221,30.8786],"pipPosition":[-63.6332,301.635,-9.92699],"stabilizedTipPosition":[-67.5728,255.335,70.658],"timeVisible":0.49731,"tipPosition":[-50.9252,291.26,-54.2436],"tipVelocity":[95.0157,154.881,-215.41],"tool":false,"touchDistance":-0.679007,"touchZone":"hovering","type":0,"width":18.5699},{"bases":[[[0.954075,-0.222438,-0.200657],[0.275259,0.915252,0.294189],[0.118213,-0.33591,0.934446]],[[0.955002,-0.295482,0.0257225],[0.272098,0.907325,0.320506],[-0.118042,-0.299084,0.946897]],[[0.955002,-0.295482,0.0257225],[0.284476,0.937057,0.202478],[-0.083932,-0.186049,0.978949]],[[0.955002,-0.295482,0.0257225],[0.291264,0.950665,0.106777],[-0.0560042,-0.0944804,0.99395]]],"btipPosition":[-33.196,348.565,-108.257],"carpPosition":[-32.6091,308.515,29.3636],"dipPosition":[-34.0735,347.085,-92.6839],"direction":[0.083932,0.186049,-0.978949],"extended":true,"handId":251,"id":2511,"length":53.9285,"mcpPosition":[-40.5844,331.178,-33.6796],"pipPosition":[-35.9338,342.961,-70.9854],"stabilizedTipPosition":[-46.5699,340.697,-86.9583],"timeVisible":0.49731,"tipPosition":[-32.6113,349.687,-104.127],"tipVelocity":[291.396,76.1303,-198.469],"tool":false,"touchDistance":-0.736652,"touchZone":"hovering","type":1,"width":17.738},{"bases":[[[0.900276,-0.418523,-0.119757],[0.435123,0.856872,0.276474],[-0.0130942,-0.301012,0.95353]],[[0.900213,-0.419787,-0.115739],[0.194132,0.624813,-0.756255],[0.389781,0.658322,0.643959]],[[0.900213,-0.419787,-0.115739],[-0.305334,-0.419016,-0.8551],[0.310464,0.805112,-0.505379]],[[0.900213,-0.419787,-0.115739],[-0.428662,-0.807558,-0.405091],[0.0765859,0.414281,-0.906921]]],"btipPosition":[-47.393,269.666,-33.586],"carpPosition":[-21.5861,307.641,27.0767],"dipPosition":[-46.0732,276.806,-49.2149],"direction":[-0.310464,-0.805112,0.505379],"extended":false,"handId":251,"id":2512,"length":61.4471,"mcpPosition":[-20.7483,326.899,-33.9298],"pipPosition":[-37.9772,297.801,-62.3937],"stabilizedTipPosition":[-57.0539,270.186,-21.2258],"timeVisible":0.49731,"tipPosition":[-46.6345,271.491,-34.3468],"tipVelocity":[124.497,55.6286,-193.319],"tool":false,"touchDistance":0.333333,"touchZone":"none","type":2,"width":17.4211},{"bases":[[[0.853156,-0.521653,0.00136932],[0.497692,0.814749,0.297467],[-0.15629,-0.253104,0.954731]],[[0.856416,-0.515906,-0.019827],[0.311128,0.546365,-0.777615],[0.412009,0.659793,0.628428]],[[0.856416,-0.515906,-0.019827],[-0.287405,-0.444493,-0.848425],[0.428894,0.732303,-0.528945]],[[0.856416,-0.515906,-0.019827],[-0.479538,-0.78064,-0.400804],[0.1913,0.352763,-0.915949]]],"btipPosition":[-33.2009,266.741,-26.2151],"carpPosition":[-11.1244,303.883,25.245],"dipPosition":[-29.9232,272.785,-41.9088],"direction":[-0.428894,-0.732303,0.528945],"extended":false,"handId":251,"id":2513,"length":59.0831,"mcpPosition":[-2.14658,318.422,-29.5976],"pipPosition":[-19.0277,291.388,-55.346],"stabilizedTipPosition":[-37.8556,267.754,-22.0044],"timeVisible":0.49731,"tipPosition":[-32.1335,268.601,-27.8271],"tipVelocity":[116.107,39.0355,-157.217],"tool":false,"touchDistance":0.333333,"touchZone":"none","type":3,"width":16.5772},{"bases":[[[0.735294,-0.674843,0.0626907],[0.608554,0.698111,0.377231],[-0.298336,-0.239225,0.923995]],[[0.742469,-0.6687,0.0397477],[0.443753,0.446523,-0.776982],[0.501819,0.594523,0.628267]],[[0.742469,-0.6687,0.0397477],[-0.325843,-0.412358,-0.850757],[0.585291,0.618709,-0.524054]],[[0.742469,-0.6687,0.0397477],[-0.592704,-0.683422,-0.426188],[0.312156,0.292873,-0.903761]]],"btipPosition":[-18.7443,271.581,-22.1292],"carpPosition":[-2.90434,293.865,23.6906],"dipPosition":[-13.8101,276.211,-36.4147],"direction":[-0.585291,-0.618709,0.524054],"extended":false,"handId":251,"id":2514,"length":46.32,"mcpPosition":[12.9595,306.586,-25.4422],"pipPosition":[-3.31227,287.308,-45.8142],"stabilizedTipPosition":[-52.2841,246.46,75.9582],"timeVisible":0.49731,"tipPosition":[-17.6783,272.609,-24.6885],"tipVelocity":[111.684,34.5893,-171.347],"tool":false,"touchDistance":0.333333,"touchZone":"none","type":4,"width":14.7252}],"r":[[0.610704,-0.446914,0.653688],[0.757116,0.57139,-0.316683],[-0.231981,0.688318,0.687316]],"s":0.98134,"t":[98.7717,74.129,-266.889],"timestamp":2944739961},false],[1,{"currentFrameRate":108.805,"devices":[],"gestures":[],"hands":[{"armBasis":[[0.908195,-0.0900674,-0.408741],[0.293823,0.832682,0.46937],[0.298076,-0.546377,0.782702]],"armWidth":58.4334,"confidence":0.6278,"direction":[0.100654,0.421998,-0.900992],"elbow":[56.5027,158.032,222.976],"grabStrength":0,"id":251,"palmNormal":[-0.298306,-0.851127,-0.431968],"palmPosition":[-20.133,313.023,-16.8679],"palmVelocity":[136.543,27.3597,-180.131],"palmWidth":83.4409,"pinchStrength":0.822536,"r":[[0.597015,-0.454398,0.661131],[0.767914,0.562152,-0.307073],[-0.232123,0.691019,0.684552]],"s":0.984374,"sphereCenter":[-19.1926,282.581,-50.855],"sphereRadius":45.4874,"stabilizedPalmPosition":[-79.1202,268.505,149.505],"t":[99.9211,74.2333,-268.566],"timeVisible":0.506429,"type":"right","wrist":[-17.3008,293.314,29.1792]}],"id":283667,"interactionBox":{"center":[0,200,0],"size":[235.247,235.247,147.751]},"pointables":[{"bases":[[[0.668388,0.717968,0.194369],[-0.669744,0.467242,0.577173],[0.323574,-0.515953,0.793154]],[[0.561534,0.827256,-0.0180958],[-0.734639,0.508492,0.449156],[0.380769,-0.238923,0.89327]],[[0.561534,0.827256,-0.0180958],[-0.815084,0.54924,-0.184321],[-0.142542,0.118252,0.982699]],[[0.561534,0.827256,-0.0180958],[-0.705453,0.467197,-0.532977],[-0.432454,0.31205,0.845937]]],"btipPosition":[-49.0765,292.266,-60.9919],"carpPosition":[-45.3845,291.724,28.7797],"dipPosition":[-58.3577,298.963,-42.8366],"direction":[0.142542,-0.118252,-0.982699],"extended":false,"handId":251,"id":2510,"length":47.7925,"mcpPosition":[-45.3845,291.724,28.7797],"pipPosition":[-62.8146,302.661,-12.1107],"stabilizedTipPosition":[-66.7657,257.232,64.3703],"timeVisible":0.506429,"tipPosition":[-50.032,292.307,-56.4401],"tipVelocity":[98.4493,144.479,-221.758],"tool":false,"touchDistance":-0.672032,"touchZone":"hovering","type":0,"width":18.5699},{"bases":[[[0.952574,-0.236963,-0.190923],[0.286084,0.911198,0.296435],[0.103725,-0.336996,0.935775]],[[0.950327,-0.309401,0.0339103],[0.282288,0.902653,0.324857],[-0.13112,-0.299148,0.945155]],[[0.950327,-0.309401,0.0339103],[0.296254,0.932558,0.206322],[-0.0954595,-0.186027,0.977896]],[[0.950327,-0.309401,0.0339103],[0.304159,0.946266,0.109859],[-0.0660787,-0.0940881,0.993369]]],"btipPosition":[-30.7086,348.936,-110.222],"carpPosition":[-32.0278,308.817,27.3868],"dipPosition":[-31.7439,347.462,-94.6583],"direction":[0.0954595,0.186027,-0.977896],"extended":true,"handId":251,"id":2511,"length":53.9285,"mcpPosition":[-39.0256,331.552,-35.746],"pipPosition":[-33.8597,343.338,-72.9832],"stabilizedTipPosition":[-42.1481,342.932,-92.5295],"timeVisible":0.506429,"tipPosition":[-30.1649,349.897,-106.133],"tipVelocity":[285.12,66.3238,-203.267],"tool":false,"touchDistance":-0.720831,"touchZone":"hovering","type":1,"width":17.738},{"bases":[[[0.895009,-0.432156,-0.11046],[0.445217,0.850399,0.280362],[-0.0272252,-0.300105,0.953518]],[[0.894887,-0.433402,-0.106486],[0.211914,0.622635,-0.753272],[0.392771,0.651527,0.649032]],[[0.894887,-0.433402,-0.106486],[-0.302591,-0.413835,-0.858592],[0.328048,0.800564,-0.501479]],[[0.894887,-0.433402,-0.106486],[-0.436722,-0.80126,-0.408969],[0.0919253,0.412486,-0.906314]]],"btipPosition":[-46.7546,270.192,-35.7868],"carpPosition":[-20.9967,307.774,25.2114],"dipPosition":[-45.1705,277.3,-51.4053],"direction":[-0.328048,-0.800564,0.501479],"extended":false,"handId":251,"id":2512,"length":61.4471,"mcpPosition":[-19.2549,326.975,-35.7943],"pipPosition":[-36.6159,298.176,-64.4824],"stabilizedTipPosition":[-55.7187,270.391,-23.4988],"timeVisible":0.506429,"tipPosition":[-45.9839,271.982,-36.634],"tipVelocity":[111.218,55.9658,-206.581],"tool":false,"touchDistance":0.333333,"touchZone":"none","type":2,"width":17.4211},{"bases":[[[0.845121,-0.534477,0.0102438],[0.506929,0.80735,0.302007],[-0.169686,-0.250039,0.953251]],[[0.848638,-0.528867,-0.0106577],[0.328062,0.542011,-0.773692],[0.414957,0.653088,0.633472]],[[0.848638,-0.528867,-0.0106577],[-0.285005,-0.44017,-0.851483],[0.44563,0.725638,-0.524274]],[[0.848638,-0.528867,-0.0106577],[-0.48728,-0.773749,-0.404808],[0.205843,0.348729,-0.91434]]],"btipPosition":[-32.6772,267.053,-28.2408],"carpPosition":[-10.5751,303.857,23.4872],"dipPosition":[-29.1504,273.028,-43.9069],"direction":[-0.44563,-0.725638,0.524274],"extended":false,"handId":251,"id":2513,"length":59.0831,"mcpPosition":[-0.827839,318.221,-31.2704],"pipPosition":[-17.8297,291.462,-57.2254],"stabilizedTipPosition":[-36.7477,267.879,-23.8245],"timeVisible":0.506429,"tipPosition":[-31.5829,268.862,-29.8967],"tipVelocity":[101.558,37.2096,-175.049],"tool":false,"touchDistance":0.333333,"touchZone":"none","type":3,"width":16.5772},{"bases":[[[0.724347,-0.685825,0.0704613],[0.615209,0.689108,0.382947],[-0.31119,-0.234038,0.921079]],[[0.731762,-0.679879,0.0478488],[0.458979,0.43967,-0.772029],[0.503849,0.586903,0.633784]],[[0.731762,-0.679879,0.0478488],[-0.323246,-0.408005,-0.85384],[0.600031,0.609341,-0.518331]],[[0.731762,-0.679879,0.0478488],[-0.59881,-0.674858,-0.43127],[0.325503,0.286935,-0.900953]]],"btipPosition":[-18.1897,271.665,-23.9695],"carpPosition":[-2.49217,293.716,22.0212],"dipPosition":[-13.0446,276.201,-38.2106],"direction":[-0.600031,-0.609341,0.518331],"extended":false,"handId":251,"id":2514,"length":46.32,"mcpPosition":[14.0552,306.16,-26.9566],"pipPosition":[-2.28242,287.13,-47.5074],"stabilizedTipPosition":[-51.1761,247.284,72.717],"timeVisible":0.506429,"tipPosition":[-17.0867,272.665,-26.5293],"tipVelocity":[99.0359,26.8828,-179.494],"tool":false,"touchDistance":0.333333,"touchZone":"none","type":4,"width":14.7252}],"r":[[0.597015,-0.454398,0.661131],[0.767914,0.562152,-0.307073],[-0.232123,0.691019,0.684552]],"s":0.984374,"t":[99.9211,74.2333,-268.566],"timestamp":2944749080},false],[2,{"currentFrameRate":108.894,"devices":[],"gestures":[],"hands":[{"armBasis":[[0.906941,-0.0967364,-0.410001],[0.299204,0.833049,0.465303],[0.296539,-0.544676,0.78447]],"armWidth":58.4334,"confidence":0.607459,"direction":[0.111868,0.420492,-0.900373],"elbow":[56.4493,158.51,222.299],"grabStrength":0,"id":251,"palmNormal":[-0.303328,-0.848369,-0.433892],"palmPosition":[-19.2503,313.081,-18.0116],"palmVelocity":[125.89,21.614,-165.445],"palmWidth":83.4409,"pinchStrength":0.822071,"r":[[0.583977,-0.461358,0.667921],[0.777947,0.553098,-0.29813],[-0.231881,0.693708,0.681909]],"s":0.986563,"sphereCenter":[-18.5776,282.789,-52.0016],"sphereRadius":45.4171,"stabilizedPalmPosition":[-76.8255,270.214,143.085],"t":[100.937,74.3147,-269.976],"timeVisible":0.515452,"type":"right","wrist":[-16.9734,293.371,28.0654]}],"id":283668,"interactionBox":{"center":[0,200,0],"size":[235.247,235.247,147.751]},"pointables":[{"bases":[[[0.673921,0.711426,0.199258],[-0.669579,0.474159,0.571696],[0.31224,-0.518697,0.795902]],[[0.570955,0.820892,-0.0121285],[-0.731878,0.515625,0.445516],[0.371975,-0.245493,0.895192]],[[0.570955,0.820892,-0.0121285],[-0.80749,0.558843,-0.188824],[-0.148226,0.117603,0.981936]],[[0.570955,0.820892,-0.0121285],[-0.697272,0.477069,-0.534992],[-0.433385,0.313913,0.84477]]],"btipPosition":[-48.1592,292.881,-62.3638],"carpPosition":[-45.0675,292.058,27.4469],"dipPosition":[-57.4605,299.618,-44.2335],"direction":[0.148226,-0.117603,-0.981936],"extended":false,"handId":251,"id":2510,"length":47.7925,"mcpPosition":[-45.0675,292.058,27.4469],"pipPosition":[-62.095,303.296,-13.5315],"stabilizedTipPosition":[-65.9446,259.087,58.2585],"timeVisible":0.515452,"tipPosition":[-49.1981,292.951,-57.8381],"tipVelocity":[99.1914,123.766,-202.75],"tool":false,"touchDistance":-0.653827,"touchZone":"hovering","type":0,"width":18.5699},{"bases":[[[0.951646,-0.246479,-0.183353],[0.292762,0.908485,0.298239],[0.0930636,-0.337496,0.936715]],[[0.947219,-0.318164,0.0393551],[0.288268,0.898997,0.329707],[-0.140281,-0.300959,0.943263]],[[0.947219,-0.318164,0.0393551],[0.303363,0.929242,0.210903],[-0.103672,-0.187832,0.976714]],[[0.947219,-0.318164,0.0393551],[0.312088,0.94321,0.113829],[-0.0733362,-0.0955383,0.992721]]],"btipPosition":[-28.8367,349.304,-111.411],"carpPosition":[-31.5318,309.017,26.1506],"dipPosition":[-29.9857,347.807,-95.8572],"direction":[0.103672,0.187832,-0.976714],"extended":true,"handId":251,"id":2511,"length":53.9285,"mcpPosition":[-37.8104,331.787,-37.0457],"pipPosition":[-32.2836,343.644,-74.2083],"stabilizedTipPosition":[-38.4094,344.66,-96.915],"timeVisible":0.515452,"tipPosition":[-28.336,350.064,-107.374],"tipVelocity":[262.951,59.1459,-183.658],"tool":false,"touchDistance":-0.694948,"touchZone":"hovering","type":1,"width":17.738},{"bases":[[[0.891524,-0.441049,-0.103251],[0.451406,0.846105,0.28344],[-0.0376495,-0.299302,0.953415]],[[0.89136,-0.442284,-0.0993064],[0.225841,0.623256,-0.748697],[0.39303,0.644931,0.655432]],[[0.89136,-0.442284,-0.0993064],[-0.298647,-0.408185,-0.862668],[0.341008,0.798605,-0.495926]],[[0.89136,-0.442284,-0.0993064],[-0.44129,-0.796587,-0.413173],[0.103633,0.412109,-0.905222]]],"btipPosition":[-46.137,270.58,-37.3762],"carpPosition":[-20.4949,307.864,24.062],"dipPosition":[-44.3511,277.681,-52.9758],"direction":[-0.341008,-0.798605,0.495926],"extended":false,"handId":251,"id":2512,"length":61.4471,"mcpPosition":[-18.0861,327.014,-36.9371],"pipPosition":[-35.4586,298.507,-65.9081],"stabilizedTipPosition":[-54.6654,270.583,-25.3397],"timeVisible":0.515452,"tipPosition":[-45.3711,272.328,-38.3223],"tipVelocity":[100.863,52.3505,-198.073],"tool":false,"touchDistance":0.333333,"touchZone":"none","type":2,"width":17.4211},{"bases":[[[0.839684,-0.542806,0.0171057],[0.512518,0.80246,0.305587],[-0.179601,-0.24783,0.95201]],[[0.843285,-0.537458,-0.00298067],[0.343013,0.542449,-0.766871],[0.413778,0.645669,0.641794]],[[0.843285,-0.537458,-0.00298067],[-0.279736,-0.434164,-0.8563],[0.458931,0.722939,-0.51647]],[[0.843285,-0.537458,-0.00298067],[-0.491279,-0.768557,-0.409835],[0.217978,0.347073,-0.912155]]],"btipPosition":[-32.1295,267.313,-29.8121],"carpPosition":[-10.0994,303.844,22.4213],"dipPosition":[-28.3947,273.26,-45.4408],"direction":[-0.458931,-0.722939,0.51647],"extended":false,"handId":251,"id":2513,"length":59.0831,"mcpPosition":[0.21741,318.08,-32.265],"pipPosition":[-16.7362,291.625,-58.5611],"stabilizedTipPosition":[-35.9161,268,-25.2794],"timeVisible":0.515452,"tipPosition":[-31.0309,269.05,-31.4929],"tipVelocity":[91.7739,34.7098,-174.539],"tool":false,"touchDistance":0.333333,"touchZone":"none","type":3,"width":16.5772},{"bases":[[[0.71695,-0.69292,0.076447],[0.618986,0.683196,0.387427],[-0.320684,-0.230446,0.918725]],[[0.724515,-0.687129,0.0541495],[0.469415,0.434374,-0.768745],[0.504706,0.582386,0.637259]],[[0.724515,-0.687129,0.0541495],[-0.321024,-0.405922,-0.85567],[0.609936,0.602562,-0.514681]],[[0.724515,-0.687129,0.0541495],[-0.60243,-0.669459,-0.434628],[0.334897,0.282273,-0.898981]]],"btipPosition":[-17.6527,271.722,-25.0516],"carpPosition":[-2.10605,293.622,21.0232],"dipPosition":[-12.3591,276.184,-39.2615],"direction":[-0.609936,-0.602562,0.514681],"extended":false,"handId":251,"id":2514,"length":46.32,"mcpPosition":[14.9461,305.876,-27.8294],"pipPosition":[-1.41923,286.991,-48.4929],"stabilizedTipPosition":[-50.2421,247.969,70.0005],"timeVisible":0.515452,"tipPosition":[-16.5219,272.701,-27.6323],"tipVelocity":[89.2031,20.7007,-162.884],"tool":false,"touchDistance":0.333333,"touchZone":"none","type":4,"width":14.7252}],"r":[[0.583977,-0.461358,0.667921],[0.777947,0.553098,-0.29813],[-0.231881,0.693708,0.681909]],"s":0.986563,"t":[100.937,74.3147,-269.976],"timestamp":2944758103},false],[3,{"currentFrameRate":108.916,"devices":[],"gestures":[],"hands":[{"armBasis":[[0.904533,-0.101478,-0.414152],[0.305037,0.832663,0.462196],[0.297946,-0.544403,0.784126]],"armWidth":58.4334,"confidence":0.61401,"direction":[0.122021,0.415187,-0.901516],"elbow":[57.0162,158.784,221.416],"grabStrength":0,"id":251,"palmNormal":[-0.309331,-0.847156,-0.43202],"palmPosition":[-18.5304,313.1,-18.9117],"palmVelocity":[112.772,16.168,-146.805],"palmWidth":83.4409,"pinchStrength":0.813705,"r":[[0.571594,-0.467399,0.674403],[0.78733,0.54387,-0.290373],[-0.231067,0.696953,0.67887]],"s":0.988628,"sphereCenter":[-18.2039,282.788,-52.8155],"sphereRadius":45.3979,"stabilizedPalmPosition":[-74.6113,271.842,136.932],"t":[101.805,74.3647,-271.131],"timeVisible":0.524594,"type":"right","wrist":[-16.7549,293.578,27.2675]}],"id":283669,"interactionBox":{"center":[0,200,0],"size":[235.247,235.247,147.751]},"pointables":[{"bases":[[[0.679982,0.705308,0.200412],[-0.668279,0.483682,0.565203],[0.301706,-0.518259,0.800238]],[[0.581945,0.81319,-0.00782735],[-0.726344,0.524076,0.444712],[0.365738,-0.253113,0.895639]],[[0.581945,0.81319,-0.00782735],[-0.799191,0.570093,-0.190494],[-0.150446,0.117113,0.981657]],[[0.581945,0.81319,-0.00782735],[-0.69002,0.488661,-0.533932],[-0.430364,0.31612,0.845491]]],"btipPosition":[-47.6582,293.694,-63.3651],"carpPosition":[-44.8566,292.553,26.4729],"dipPosition":[-56.8946,300.478,-45.2193],"direction":[0.150446,-0.117113,-0.981657],"extended":false,"handId":251,"id":2510,"length":47.7925,"mcpPosition":[-44.8566,292.553,26.4729],"pipPosition":[-61.5986,304.14,-14.526],"stabilizedTipPosition":[-65.0982,260.981,52.1076],"timeVisible":0.524594,"tipPosition":[-48.7249,293.73,-58.865],"tipVelocity":[87.2942,114.381,-176.701],"tool":false,"touchDistance":-0.631743,"touchZone":"hovering","type":0,"width":18.5699},{"bases":[[[0.950193,-0.257164,-0.17607],[0.300263,0.906756,0.296032],[0.0835238,-0.334155,0.93881]],[[0.943877,-0.327225,0.0449354],[0.295066,0.896498,0.330495],[-0.148431,-0.298688,0.942737]],[[0.943877,-0.327225,0.0449354],[0.311189,0.926608,0.211089],[-0.110711,-0.185259,0.976433]],[[0.943877,-0.327225,0.0449354],[0.320635,0.940414,0.113204],[-0.0793013,-0.0924432,0.992555]]],"btipPosition":[-27.228,349.232,-112.486],"carpPosition":[-31.1373,309.365,25.1879],"dipPosition":[-28.4705,347.783,-96.9343],"direction":[0.110711,0.185259,-0.976433],"extended":true,"handId":251,"id":2511,"length":53.9285,"mcpPosition":[-36.7723,331.909,-38.1497],"pipPosition":[-30.9244,343.677,-75.2916],"stabilizedTipPosition":[-35.1948,345.91,-100.454],"timeVisible":0.524594,"tipPosition":[-26.767,349.83,-108.499],"tipVelocity":[238.094,40.8282,-165.278],"tool":false,"touchDistance":-0.669913,"touchZone":"hovering","type":1,"width":17.738},{"bases":[[[0.887538,-0.450732,-0.0954837],[0.458342,0.842669,0.282543],[-0.04689,-0.294532,0.954491]],[[0.887337,-0.451943,-0.0915472],[0.239255,0.620951,-0.746443],[0.394196,0.640443,0.659122]],[[0.887337,-0.451943,-0.0915472],[-0.295745,-0.405454,-0.864952],[0.35379,0.794578,-0.493434]],[[0.887337,-0.451943,-0.0915472],[-0.446681,-0.793145,-0.414001],[0.114495,0.408251,-0.905661]]],"btipPosition":[-45.7227,270.869,-38.5514],"carpPosition":[-20.0998,308.089,23.1761],"dipPosition":[-43.7496,277.904,-54.1586],"direction":[-0.35379,-0.794578,0.493434],"extended":false,"handId":251,"id":2512,"length":61.4471,"mcpPosition":[-17.0998,326.933,-37.8918],"pipPosition":[-34.5238,298.624,-67.0259],"stabilizedTipPosition":[-53.8164,270.755,-26.8577],"timeVisible":0.524594,"tipPosition":[-44.96,272.572,-39.6037],"tipVelocity":[86.7188,46.1156,-178.783],"tool":false,"touchDistance":0.333333,"touchZone":"none","type":2,"width":17.4211},{"bases":[[[0.83387,-0.551395,0.0249924],[0.518853,0.798495,0.305282],[-0.188287,-0.241598,0.951934]],[[0.837546,-0.546338,0.00551777],[0.356392,0.538645,-0.763444],[0.414126,0.641386,0.645851]],[[0.837546,-0.546338,0.00551777],[-0.27629,-0.432226,-0.858396],[0.47136,0.717422,-0.512957]],[[0.837546,-0.546338,0.00551777],[-0.496201,-0.764834,-0.41087],[0.228694,0.341385,-0.911677]]],"btipPosition":[-31.7811,267.478,-30.8717],"carpPosition":[-9.7363,303.953,21.6209],"dipPosition":[-27.8627,273.327,-46.4923],"direction":[-0.47136,-0.717422,0.512957],"extended":false,"handId":251,"id":2513,"length":59.0831,"mcpPosition":[1.07949,317.831,-33.061],"pipPosition":[-15.8884,291.552,-59.5233],"stabilizedTipPosition":[-35.2795,268.104,-26.4404],"timeVisible":0.524594,"tipPosition":[-30.6768,269.146,-32.6015],"tipVelocity":[78.1286,29.3762,-158.168],"tool":false,"touchDistance":0.333333,"touchZone":"none","type":3,"width":16.5772},{"bases":[[[0.709204,-0.699955,0.0842131],[0.623548,0.67851,0.388347],[-0.328965,-0.222906,0.917657]],[[0.71692,-0.694385,0.0620908],[0.479158,0.426092,-0.767368],[0.506392,0.579893,0.638194]],[[0.71692,-0.694385,0.0620908],[-0.319759,-0.40666,-0.855793],[0.619499,0.593681,-0.513579]],[[0.71692,-0.694385,0.0620908],[-0.606728,-0.665317,-0.435011],[0.343375,0.274196,-0.898282]]],"btipPosition":[-17.3073,271.71,-25.7584],"carpPosition":[-1.84076,293.642,20.3208],"dipPosition":[-11.8797,276.044,-39.9573],"direction":[-0.619499,-0.593681,0.513579],"extended":false,"handId":251,"id":2514,"length":46.32,"mcpPosition":[15.6517,305.495,-28.4751],"pipPosition":[-0.768304,286.692,-49.1689],"stabilizedTipPosition":[-49.4382,248.551,67.6716],"timeVisible":0.524594,"tipPosition":[-16.1525,272.659,-28.348],"tipVelocity":[75.8328,13.6712,-138.998],"tool":false,"touchDistance":0.333333,"touchZone":"none","type":4,"width":14.7252}],"r":[[0.571594,-0.467399,0.674403],[0.78733,0.54387,-0.290373],[-0.231067,0.696953,0.67887]],"s":0.988628,"t":[101.805,74.3647,-271.131],"timestamp":2944767245},false],[4,{"currentFrameRate":109.163,"devices":[],"gestures":[],"hands":[{"armBasis":[[0.904589,-0.113741,-0.410831],[0.311916,0.833514,0.456029],[0.290564,-0.540664,0.789465]],"armWidth":58.4334,"confidence":0.606669,"direction":[0.13364,0.413803,-0.900504],"elbow":[55.597,159.819,220.228],"grabStrength":0,"id":251,"palmNormal":[-0.315223,-0.843715,-0.434488],"palmPosition":[-17.5453,313.226,-21.4336],"palmVelocity":[112.83,15.7238,-184.876],"palmWidth":83.4409,"pinchStrength":0.815212,"r":[[0.559483,-0.47336,0.680374],[0.796322,0.53467,-0.28284],[-0.22989,0.700041,0.676086]],"s":0.990814,"sphereCenter":[-17.6786,283.231,-55.3026],"sphereRadius":45.2583,"stabilizedPalmPosition":[-72.7602,273.185,131.795],"t":[102.732,74.453,-272.969],"timeVisible":0.533313,"type":"right","wrist":[-16.3465,293.687,24.7568]}],"id":283670,"interactionBox":{"center":[0,200,0],"size":[235.247,235.247,147.751]},"pointables":[{"bases":[[[0.686099,0.697798,0.205783],[-0.667336,0.491008,0.559977],[0.28971,-0.521526,0.802545]],[[0.591944,0.805978,-0.00127953],[-0.722627,0.531429,0.442034],[0.35695,-0.260735,0.896997]],[[0.591944,0.805978,-0.00127953],[-0.790523,0.580281,-0.195826],[-0.157089,0.116929,0.980638]],[[0.591944,0.805978,-0.00127953],[-0.677805,0.496948,-0.54187],[-0.4361,0.321624,0.840461]]],"btipPosition":[-46.5192,294.348,-66.0185],"carpPosition":[-44.4506,292.971,23.7418],"dipPosition":[-55.8788,301.251,-47.9807],"direction":[0.157089,-0.116929,-0.980638],"extended":false,"handId":251,"id":2510,"length":47.7925,"mcpPosition":[-44.4506,292.971,23.7418],"pipPosition":[-60.7904,304.907,-17.3192],"stabilizedTipPosition":[-64.3104,262.658,46.6413],"timeVisible":0.533313,"tipPosition":[-47.7109,294.444,-61.5912],"tipVelocity":[98.0098,104.705,-211.574],"tool":false,"touchDistance":-0.637076,"touchZone":"hovering","type":0,"width":18.5699},{"bases":[[[0.948661,-0.267593,-0.168631],[0.307877,0.903409,0.298436],[0.0724835,-0.335033,0.939414]],[[0.940145,-0.337033,0.0503614],[0.301842,0.892187,0.335996],[-0.158174,-0.300684,0.940516]],[[0.940145,-0.337033,0.0503614],[0.319168,0.922652,0.216439],[-0.119413,-0.18741,0.974996]],[[0.940145,-0.337033,0.0503614],[0.32949,0.936747,0.118074],[-0.0869707,-0.094413,0.991727]]],"btipPosition":[-25.1868,349.714,-115.017],"carpPosition":[-30.5378,309.632,22.5655],"dipPosition":[-26.5494,348.235,-99.4781],"direction":[0.119413,0.18741,-0.974996],"extended":true,"handId":251,"id":2511,"length":53.9285,"mcpPosition":[-35.428,332.235,-40.8129],"pipPosition":[-29.1962,344.081,-77.8673],"stabilizedTipPosition":[-32.5175,346.867,-103.488],"timeVisible":0.533313,"tipPosition":[-24.7773,350.133,-111.075],"tipVelocity":[236.182,44.4906,-198.775],"tool":false,"touchDistance":-0.669262,"touchZone":"hovering","type":1,"width":17.738},{"bases":[[[0.883253,-0.460459,-0.0885512],[0.465344,0.837588,0.286183],[-0.057606,-0.293979,0.954074]],[[0.883017,-0.461628,-0.0847449],[0.253386,0.62087,-0.741833],[0.395066,0.633578,0.665208]],[[0.883017,-0.461628,-0.0847449],[-0.292289,-0.399599,-0.868843],[0.367218,0.791973,-0.487781]],[[0.883017,-0.461628,-0.0847449],[-0.451978,-0.787713,-0.418599],[0.126482,0.407932,-0.904209]]],"btipPosition":[-45.0321,271.355,-41.5021],"carpPosition":[-19.4996,308.234,20.6402],"dipPosition":[-42.8524,278.385,-57.0843],"direction":[-0.367218,-0.791973,0.487781],"extended":false,"handId":251,"id":2512,"length":61.4471,"mcpPosition":[-15.814,327.042,-40.4011],"pipPosition":[-33.2765,299.037,-69.8042],"stabilizedTipPosition":[-53.1596,270.912,-28.1472],"timeVisible":0.533313,"tipPosition":[-44.2656,273.027,-42.6435],"tipVelocity":[86.1674,48.6624,-221.274],"tool":false,"touchDistance":0.333333,"touchZone":"none","type":2,"width":17.4211},{"bases":[[[0.82754,-0.560523,0.0314939],[0.525186,0.792752,0.309393],[-0.198389,-0.239495,0.950413]],[[0.831216,-0.555795,0.013138],[0.362544,0.523982,-0.770717],[0.421476,0.645395,0.637042]],[[0.831216,-0.555795,0.013138],[-0.281759,-0.441519,-0.851864],[0.479262,0.704381,-0.523598]],[[0.831216,-0.555795,0.013138],[-0.5043,-0.763729,-0.402989],[0.234013,0.328345,-0.915111]]],"btipPosition":[-31.2278,267.778,-32.5492],"carpPosition":[-9.17029,303.984,19.166],"dipPosition":[-27.2183,273.404,-48.2285],"direction":[-0.479262,-0.704381,0.523598],"extended":false,"handId":251,"id":2513,"length":59.0831,"mcpPosition":[2.22576,317.742,-35.4285],"pipPosition":[-15.0433,291.298,-61.5298],"stabilizedTipPosition":[-34.7868,268.2,-27.4028],"timeVisible":0.533313,"tipPosition":[-30.1127,269.376,-34.8489],"tipVelocity":[74.8484,29.1727,-167.728],"tool":false,"touchDistance":0.333333,"touchZone":"none","type":3,"width":16.5772},{"bases":[[[0.700789,-0.707704,0.0897256],[0.627901,0.671625,0.393268],[-0.338579,-0.219259,0.915035]],[[0.708592,-0.702326,0.0680822],[0.493285,0.424062,-0.759501],[0.504546,0.57176,0.646934]],[[0.708592,-0.702326,0.0680822],[-0.314534,-0.400756,-0.860502],[0.631637,0.588331,-0.504878]],[[0.708592,-0.702326,0.0680822],[-0.609974,-0.658192,-0.441266],[0.354724,0.271149,-0.89479]]],"btipPosition":[-16.6711,271.869,-28.5072],"carpPosition":[-1.37855,293.588,17.9272],"dipPosition":[-11.0641,276.155,-42.6509],"direction":[-0.631637,-0.588331,0.504878],"extended":false,"handId":251,"id":2514,"length":46.32,"mcpPosition":[16.6252,305.247,-30.7292],"pipPosition":[0.264993,286.707,-51.7064],"stabilizedTipPosition":[-48.8242,248.989,65.879],"timeVisible":0.533313,"tipPosition":[-15.4928,272.796,-31.0432],"tipVelocity":[76.332,14.5515,-185.72],"tool":false,"touchDistance":0.333333,"touchZone":"none","type":4,"width":14.7252}],"r":[[0.559483,-0.47336,0.680374],[0.796322,0.53467,-0.28284],[-0.22989,0.700041,0.676086]],"s":0.990814,"t":[102.732,74.453,-272.969],"timestamp":2944775964},false],[5,{"currentFrameRate":109.054,"devices":[],"gestures":[],"hands":[{"armBasis":[[0.902016,-0.123158,-0.413762],[0.320139,0.833822,0.449725],[0.289617,-0.53812,0.791548]],"armWidth":58.4334,"confidence":0.610462,"direction":[0.141291,0.410727,-0.900744],"elbow":[55.7449,160.347,219.374],"grabStrength":0,"id":251,"palmNormal":[-0.322644,-0.841088,-0.434134],"palmPosition":[-16.7878,313.053,-22.8412],"palmVelocity":[103.757,6.00501,-175.058],"palmWidth":83.4409,"pinchStrength":0.818258,"r":[[0.548188,-0.478958,0.68563],[0.804709,0.525427,-0.276351],[-0.227888,0.703225,0.673455]],"s":0.993162,"sphereCenter":[-17.4329,283.281,-56.6299],"sphereRadius":45.1551,"stabilizedPalmPosition":[-71.0483,274.404,127.065],"t":[103.574,74.4105,-274.592],"timeVisible":0.542678,"type":"right","wrist":[-15.964,293.585,23.3877]}],"id":283671,"interactionBox":{"center":[0,200,0],"size":[235.247,235.247,147.751]},"pointables":[{"bases":[[[0.692762,0.69081,0.207032],[-0.664069,0.499109,0.556689],[0.281235,-0.523136,0.804509]],[[0.601237,0.79907,0.00079045],[-0.717538,0.539454,0.4406],[0.351644,-0.265472,0.897703]],[[0.601237,0.79907,0.00079045],[-0.783021,0.589358,-0.198833],[-0.159347,0.118927,0.980033]],[[0.601237,0.79907,0.00079045],[-0.668894,0.50383,-0.546567],[-0.437144,0.328088,0.837415]]],"btipPosition":[-45.803,294.56,-67.4361],"carpPosition":[-44.0704,293.168,22.2723],"dipPosition":[-55.185,301.602,-49.4636],"direction":[0.159347,-0.118927,-0.980033],"extended":false,"handId":251,"id":2510,"length":47.7925,"mcpPosition":[-44.0704,293.168,22.2723],"pipPosition":[-60.1672,305.32,-18.8211],"stabilizedTipPosition":[-63.5251,264.268,41.3606],"timeVisible":0.542678,"tipPosition":[-47.0701,294.716,-63.0554],"tipVelocity":[91.7387,82.3736,-194.934],"tool":false,"touchDistance":-0.623191,"touchZone":"hovering","type":0,"width":18.5699},{"bases":[[[0.946352,-0.278001,-0.164723],[0.316425,0.900611,0.297952],[0.0655206,-0.33409,0.940261]],[[0.936578,-0.346482,0.0526526],[0.309701,0.88858,0.338395],[-0.164034,-0.300627,0.93953]],[[0.936578,-0.346482,0.0526526],[0.327755,0.919157,0.218466],[-0.12409,-0.187353,0.974423]],[[0.936578,-0.346482,0.0526526],[0.338559,0.933325,0.119511],[-0.0905504,-0.0941056,0.991436]]],"btipPosition":[-23.7649,349.687,-116.466],"carpPosition":[-29.9763,309.677,21.1169],"dipPosition":[-25.1837,348.213,-100.932],"direction":[0.12409,0.187353,-0.974423],"extended":true,"handId":251,"id":2511,"length":53.9285,"mcpPosition":[-34.3967,332.216,-42.3186],"pipPosition":[-27.9341,344.06,-79.3342],"stabilizedTipPosition":[-30.1383,347.567,-106.144],"timeVisible":0.542678,"tipPosition":[-23.3941,349.96,-112.568],"tipVelocity":[211.837,31.0734,-186.317],"tool":false,"touchDistance":-0.652429,"touchZone":"hovering","type":1,"width":17.738},{"bases":[[[0.878602,-0.470013,-0.0845396],[0.473224,0.833092,0.286385],[-0.0641753,-0.291624,0.954378]],[[0.878347,-0.471138,-0.0808458],[0.264527,0.619924,-0.738728],[0.398161,0.627474,0.669137]],[[0.878347,-0.471138,-0.0808458],[-0.291912,-0.394719,-0.871197],[0.378543,0.788813,-0.484231]],[[0.878347,-0.471138,-0.0808458],[-0.458621,-0.782858,-0.420477],[0.134812,0.406402,-0.903694]]],"btipPosition":[-44.6347,271.507,-43.2028],"carpPosition":[-18.9468,308.158,19.2341],"dipPosition":[-42.3115,278.51,-58.7761],"direction":[-0.378543,-0.788813,0.484231],"extended":false,"handId":251,"id":2512,"length":61.4471,"mcpPosition":[-14.8409,326.816,-41.8266],"pipPosition":[-32.4402,299.08,-71.4034],"stabilizedTipPosition":[-52.6132,271.045,-29.2713],"timeVisible":0.542678,"tipPosition":[-43.868,273.146,-44.4329],"tipVelocity":[74.7502,39.2625,-209.946],"tool":false,"touchDistance":0.333333,"touchZone":"none","type":2,"width":17.4211},{"bases":[[[0.821391,-0.569261,0.0354797],[0.5325,0.787662,0.30989],[-0.204354,-0.235648,0.95011]],[[0.824924,-0.564943,0.0184326],[0.366629,0.509959,-0.778155],[0.430213,0.648677,0.627802]],[[0.824924,-0.564943,0.0184326],[-0.289645,-0.450491,-0.84449],[0.485392,0.691302,-0.535253]],[[0.824924,-0.564943,0.0184326],[-0.513687,-0.76289,-0.392587],[0.235851,0.314386,-0.91953]]],"btipPosition":[-30.9182,267.806,-33.1426],"carpPosition":[-8.65821,303.796,17.8048],"dipPosition":[-26.8772,273.192,-48.8977],"direction":[-0.485392,-0.691302,0.535253],"extended":false,"handId":251,"id":2513,"length":59.0831,"mcpPosition":[3.08052,317.332,-36.7724],"pipPosition":[-14.5465,290.754,-62.4951],"stabilizedTipPosition":[-34.372,268.273,-28.2123],"timeVisible":0.542678,"tipPosition":[-29.8105,269.307,-35.9019],"tipVelocity":[63.2012,20.048,-138.622],"tool":false,"touchDistance":0.333333,"touchZone":"none","type":3,"width":16.5772},{"bases":[[[0.692868,-0.714975,0.0935123],[0.633613,0.665599,0.394351],[-0.344193,-0.213982,0.91419]],[[0.700781,-0.709738,0.0719583],[0.499305,0.415944,-0.760056],[0.50951,0.568562,0.645861]],[[0.700781,-0.709738,0.0719583],[-0.318393,-0.401442,-0.858761],[0.638382,0.578892,-0.507299]],[[0.700781,-0.709738,0.0719583],[-0.61687,-0.65355,-0.43857],[0.358298,0.262953,-0.895812]]],"btipPosition":[-16.306,271.717,-29.6826],"carpPosition":[-0.973475,293.314,16.6125],"dipPosition":[-10.6425,275.873,-43.8424],"direction":[-0.638382,-0.578892,0.507299],"extended":false,"handId":251,"id":2514,"length":46.32,"mcpPosition":[17.3288,304.692,-31.9989],"pipPosition":[0.807602,286.257,-52.9414],"stabilizedTipPosition":[-48.3118,249.348,64.382],"timeVisible":0.542678,"tipPosition":[-15.1161,272.61,-32.3175],"tipVelocity":[66.1216,4.92164,-168.734],"tool":false,"touchDistance":0.333333,"touchZone":"none","type":4,"width":14.7252}],"r":[[0.548188,-0.478958,0.68563],[0.804709,0.525427,-0.276351],[-0.227888,0.703225,0.673455]],"s":0.993162,"t":[103.574,74.4105,-274.592],"timestamp":2944785329},false],[6,{"currentFrameRate":109.299,"devices":[],"gestures":[],"hands":[{"armBasis":[[0.900441,-0.130411,-0.414969],[0.326044,0.833837,0.445434],[0.287927,-0.536385,0.793341]],"armWidth":58.4334,"confidence":0.607873,"direction":[0.145284,0.411257,-0.899867],"elbow":[55.6783,160.626,218.767],"grabStrength":0,"id":251,"palmNormal":[-0.327593,-0.838219,-0.435973],"palmPosition":[-16.2416,312.982,-23.8609],"palmVelocity":[92.795,2.23453,-159.567],"palmWidth":83.4409,"pinchStrength":0.814628,"r":[[0.538238,-0.484285,0.689759],[0.812064,0.516987,-0.270696],[-0.225502,0.705828,0.671532]],"s":0.995443,"sphereCenter":[-17.2688,283.493,-57.6901],"sphereRadius":45.0847,"stabilizedPalmPosition":[-69.6682,275.376,123.265],"t":[104.268,74.3539,-275.914],"timeVisible":0.551389,"type":"right","wrist":[-15.6122,293.434,22.337]}],"id":283672,"interactionBox":{"center":[0,200,0],"size":[235.247,235.247,147.751]},"pointables":[{"bases":[[[0.697029,0.685865,0.209143],[-0.661536,0.502585,0.556578],[0.276625,-0.526306,0.80404]],[[0.607077,0.794633,0.00401189],[-0.713638,0.542965,0.442617],[0.34954,-0.271566,0.896702]],[[0.607077,0.794633,0.00401189],[-0.778534,0.595774,-0.197326],[-0.159192,0.116668,0.98033]],[[0.607077,0.794633,0.00401189],[-0.664274,0.510244,-0.546252],[-0.436117,0.328952,0.837611]]],"btipPosition":[-45.3823,294.928,-68.4946],"carpPosition":[-43.719,293.204,21.1814],"dipPosition":[-54.7422,301.988,-50.5179],"direction":[0.159192,-0.116668,-0.98033],"extended":false,"handId":251,"id":2510,"length":47.7925,"mcpPosition":[-43.719,293.204,21.1814],"pipPosition":[-59.7196,305.636,-19.8661],"stabilizedTipPosition":[-62.8569,265.617,36.943],"timeVisible":0.551389,"tipPosition":[-46.6816,295.111,-64.1407],"tipVelocity":[80.2925,71.7758,-175.297],"tool":false,"touchDistance":-0.605069,"touchZone":"hovering","type":0,"width":18.5699},{"bases":[[[0.944722,-0.283995,-0.163851],[0.321962,0.898005,0.29988],[0.0619745,-0.336057,0.9398]],[[0.934461,-0.352294,0.0516921],[0.314672,0.885013,0.343123],[-0.166628,-0.304369,0.937867]],[[0.934461,-0.352294,0.0516921],[0.33305,0.916144,0.223064],[-0.125942,-0.191228,0.973432]],[[0.934461,-0.352294,0.0516921],[0.344057,0.930763,0.123718],[-0.0916981,-0.0978241,0.99097]]],"btipPosition":[-22.9025,350.056,-117.384],"carpPosition":[-29.5144,309.621,20.073],"dipPosition":[-24.3392,348.524,-101.858],"direction":[0.125942,0.191228,-0.973432],"extended":true,"handId":251,"id":2511,"length":53.9285,"mcpPosition":[-33.6955,332.294,-43.3314],"pipPosition":[-27.1307,344.285,-80.2814],"stabilizedTipPosition":[-28.3737,348.113,-108.104],"timeVisible":0.551389,"tipPosition":[-22.5616,350.182,-113.526],"tipVelocity":[181.577,33.6786,-164.754],"tool":false,"touchDistance":-0.629315,"touchZone":"hovering","type":1,"width":17.738},{"bases":[[[0.875588,-0.475685,-0.0840795],[0.478326,0.829468,0.288422],[-0.067457,-0.292756,0.953805]],[[0.875324,-0.4768,-0.0804376],[0.269533,0.619235,-0.737496],[0.401448,0.623867,0.670544]],[[0.875324,-0.4768,-0.0804376],[-0.293456,-0.391613,-0.87208],[0.384307,0.786957,-0.482708]],[[0.875324,-0.4768,-0.0804376],[-0.463262,-0.779271,-0.422048],[0.13855,0.406693,-0.902998]]],"btipPosition":[-44.3304,271.657,-44.3109],"carpPosition":[-18.4925,308.032,18.2032],"dipPosition":[-41.9428,278.665,-59.8722],"direction":[-0.384307,-0.786957,0.482708],"extended":false,"handId":251,"id":2512,"length":61.4471,"mcpPosition":[-14.1766,326.763,-42.8208],"pipPosition":[-31.9212,299.187,-72.4598],"stabilizedTipPosition":[-52.2115,271.146,-30.1182],"timeVisible":0.551389,"tipPosition":[-43.5566,273.291,-45.5815],"tipVelocity":[64.5707,33.4113,-187.765],"tool":false,"touchDistance":0.333333,"touchZone":"none","type":2,"width":17.4211},{"bases":[[[0.817551,-0.574748,0.0356955],[0.537266,0.783608,0.311936],[-0.207256,-0.235846,0.949432]],[[0.821024,-0.570571,0.0192193],[0.371587,0.508532,-0.776735],[0.433409,0.64486,0.629534]],[[0.821024,-0.570571,0.0192193],[-0.291157,-0.447444,-0.845589],[0.491068,0.688653,-0.533488]],[[0.821024,-0.570571,0.0192193],[-0.518197,-0.758943,-0.394306],[0.239566,0.313775,-0.918778]]],"btipPosition":[-30.6631,267.86,-34.256],"carpPosition":[-8.23099,303.605,16.7812],"dipPosition":[-26.5584,273.237,-49.9982],"direction":[-0.491068,-0.688653,0.533488],"extended":false,"handId":251,"id":2513,"length":59.0831,"mcpPosition":[3.67442,317.152,-37.757],"pipPosition":[-14.0835,290.731,-63.5507],"stabilizedTipPosition":[-34.0676,268.327,-28.8445],"timeVisible":0.551389,"tipPosition":[-29.5429,269.345,-37.0345],"tipVelocity":[54.5934,16.2928,-135.643],"tool":false,"touchDistance":0.333333,"touchZone":"none","type":3,"width":16.5772},{"bases":[[[0.687983,-0.719703,0.0933071],[0.637449,0.660738,0.396337],[-0.346897,-0.213195,0.913351]],[[0.69589,-0.714533,0.0719703],[0.500445,0.410617,-0.7622],[0.515065,0.566425,0.643328]],[[0.69589,-0.714533,0.0719703],[-0.324665,-0.402409,-0.855956],[0.64057,0.572285,-0.512016]],[[0.69589,-0.714533,0.0719703],[-0.622979,-0.650487,-0.43447],[0.357259,0.257507,-0.897806]]],"btipPosition":[-16.0058,271.709,-30.4698],"carpPosition":[-0.614177,293.074,15.5825],"dipPosition":[-10.3587,275.78,-44.6612],"direction":[-0.64057,-0.572285,0.512016],"extended":false,"handId":251,"id":2514,"length":46.32,"mcpPosition":[17.8318,304.411,-32.9844],"pipPosition":[1.13058,286.044,-53.8447],"stabilizedTipPosition":[-47.9325,249.611,63.2744],"timeVisible":0.551389,"tipPosition":[-14.8105,272.576,-33.2667],"tipVelocity":[57.5499,2.76534,-148.028],"tool":false,