{"sensorType":"Leap","data":[[0,{"currentFrameRate":110.354,"devices":[],"gestures":[],"hands":[{"armBasis":[[0.936141,-0.0468457,-0.34849],[0.203173,0.880958,0.427357],[0.286985,-0.470871,0.834218]],"armWidth":58.4334,"confidence":0.530881,"direction":[-0.0650258,0.522921,-0.849897],"elbow":[50.0936,168.488,228.64],"grabStrength":0,"id":244,"palmNormal":[-0.209396,-0.839887,-0.500742],"palmPosition":[-31.8335,308.66,-20.835],"palmVelocity":[55.1388,-64.8685,-173.894],"palmWidth":83.4409,"pinchStrength":1,"r":[[0.862707,0.109904,0.493617],[-0.202752,0.969383,0.138521],[-0.46328,-0.219585,0.858577]],"s":0.894715,"sphereCenter":[-37.8776,281.974,-57.9086],"sphereRadius":43.178,"stabilizedPalmPosition":[-54.749,299.646,57.4642],"t":[114.464,100.062,-201.655],"timeVisible":0.578636,"type":"right","wrist":[-20.9637,285.076,22.0883]}],"id":280714,"interactionBox":{"center":[0,200,0],"size":[235.247,235.247,147.751]},"pointables":[{"bases":[[[0.567207,0.794747,0.215996],[-0.666188,0.288552,0.6877],[0.484221,-0.533962,0.693119]],[[0.429845,0.902108,0.0378839],[-0.772809,0.34589,0.532096],[0.466904,-0.257996,0.845836]],[[0.429845,0.902108,0.0378839],[-0.894372,0.431163,-0.11915],[-0.12382,0.0173336,0.992153]],[[0.429845,0.902108,0.0378839],[-0.842005,0.415649,-0.343896],[-0.325977,0.115923,0.938243]]],"btipPosition":[-58.8457,287.698,-65.7907],"carpPosition":[-48.3402,278.918,24.0863],"dipPosition":[-65.8418,290.186,-45.6542],"direction":[0.12382,-0.0173336,-0.992153],"extended":false,"handId":244,"id":2440,"length":47.7925,"mcpPosition":[-48.3402,278.918,24.0863],"pipPosition":[-69.7133,290.728,-14.6327],"stabilizedTipPosition":[-86.9364,278.503,14.4],"timeVisible":0.578636,"tipPosition":[-59.6938,287.153,-61.0961],"tipVelocity":[44.4678,-42.6461,-178.501],"tool":false,"touchDistance":-0.546317,"touchZone":"hovering","type":0,"width":18.5699},{"bases":[[[0.950898,-0.0555405,-0.304482],[0.17327,0.910686,0.375005],[0.256459,-0.409349,0.875592]],[[0.976471,-0.109219,-0.185943],[0.162674,0.939114,0.302659],[0.141566,-0.325786,0.934785]],[[0.976471,-0.109219,-0.185943],[0.147128,0.967818,0.20416],[0.157661,-0.226714,0.961116]],[[0.976471,-0.109219,-0.185943],[0.133877,0.982999,0.125658],[0.169058,-0.147595,0.974492]]],"btipPosition":[-67.0303,345.824,-108.961],"carpPosition":[-38.0074,298.034,23.5116],"dipPosition":[-64.3815,343.511,-93.6927],"direction":[-0.157661,0.226714,-0.961116],"extended":true,"handId":244,"id":2441,"length":53.9285,"mcpPosition":[-55.3096,325.651,-35.5609],"pipPosition":[-60.887,338.486,-72.3895],"stabilizedTipPosition":[-89.7198,331.172,-36.2783],"timeVisible":0.578636,"tipPosition":[-66.3503,343.621,-105.763],"tipVelocity":[90.6988,-54.4401,-194.323],"tool":false,"touchDistance":-0.552438,"touchZone":"hovering","type":1,"width":17.738},{"bases":[[[0.933239,-0.264765,-0.242825],[0.337125,0.878977,0.337262],[0.124142,-0.396609,0.909555]],[[0.935514,-0.272565,-0.22477],[0.112774,0.83333,-0.54115],[0.334806,0.480906,0.81033]],[[0.935514,-0.272565,-0.22477],[-0.291298,-0.235125,-0.927287],[0.199897,0.932966,-0.29936]],[[0.935514,-0.272565,-0.22477],[-0.35088,-0.791006,-0.501191],[-0.0411874,0.547739,-0.835635]]],"btipPosition":[-54.4981,269.406,-51.5809],"carpPosition":[-27.2537,299.056,20.2229],"dipPosition":[-55.2079,278.845,-65.9813],"direction":[-0.199897,-0.932966,0.29936],"extended":false,"handId":244,"id":2442,"length":61.4471,"mcpPosition":[-35.1962,324.431,-37.9701],"pipPosition":[-49.9951,303.174,-73.7878],"stabilizedTipPosition":[-89.5245,256.383,37.8328],"timeVisible":0.578636,"tipPosition":[-54.7191,271.334,-54.8453],"tipVelocity":[88.0418,-88.7085,-142.903],"tool":false,"touchDistance":0.333333,"touchZone":"none","type":2,"width":17.4211},{"bases":[[[0.913249,-0.385746,-0.131058],[0.406724,0.844724,0.347875],[-0.0234832,-0.371001,0.928336]],[[0.913358,-0.383831,-0.135837],[0.248268,0.789443,-0.561376],[0.322708,0.479013,0.816337]],[[0.913358,-0.383831,-0.135837],[-0.246224,-0.254992,-0.935068],[0.324271,0.887498,-0.327407]],[[0.913358,-0.383831,-0.135837],[-0.398749,-0.775793,-0.489024],[0.0823215,0.500819,-0.861629]]],"btipPosition":[-38.128,267.67,-46.5986],"carpPosition":[-16.6066,297.112,17.0949],"dipPosition":[-36.7175,276.251,-61.3617],"direction":[-0.324271,-0.887498,0.327407],"extended":false,"handId":244,"id":2443,"length":59.0831,"mcpPosition":[-15.2576,318.423,-36.2315],"pipPosition":[-28.4799,298.797,-69.679],"stabilizedTipPosition":[-69.0264,256.902,29.0219],"timeVisible":0.578636,"tipPosition":[-37.9236,269.574,-50.5101],"tipVelocity":[85.446,-83.617,-120.116],"tool":false,"touchDistance":0.333333,"touchZone":"none","type":3,"width":16.5772},{"bases":[[[0.824553,-0.560327,-0.0783979],[0.540133,0.738325,0.403896],[-0.168431,-0.375379,0.911439]],[[0.838855,-0.510917,-0.187847],[0.348889,0.769501,-0.534925],[0.417851,0.383187,0.823753]],[[0.838855,-0.510917,-0.187847],[-0.310478,-0.165609,-0.936043],[0.447131,0.843527,-0.29755]],[[0.838855,-0.510917,-0.187847],[-0.526006,-0.671945,-0.521352],[0.140145,0.536147,-0.832409]]],"btipPosition":[-22.0977,272.58,-42.9837],"carpPosition":[-7.26983,288.649,13.6976],"dipPosition":[-19.8825,281.055,-56.1413],"direction":[-0.447131,-0.843527,0.29755],"extended":false,"handId":244,"id":2444,"length":46.32,"mcpPosition":[1.68637,308.609,-34.7676],"pipPosition":[-11.8627,296.184,-61.4782],"stabilizedTipPosition":[-53.045,259.672,37.7883],"timeVisible":0.578636,"tipPosition":[-21.7238,274.274,-45.8303],"tipVelocity":[80.5058,-75.101,-137.01],"tool":false,"touchDistance":0.333333,"touchZone":"none","type":4,"width":14.7252}],"r":[[0.862707,0.109904,0.493617],[-0.202752,0.969383,0.138521],[-0.46328,-0.219585,0.858577]],"s":0.894715,"t":[114.464,100.062,-201.655],"timestamp":2917588374},false],[1,{"currentFrameRate":110.371,"devices":[],"gestures":[],"hands":[{"armBasis":[[0.937029,-0.0467808,-0.346105],[0.201841,0.881272,0.42734],[0.285021,-0.470289,0.835219]],"armWidth":58.4334,"confidence":0.536292,"direction":[-0.063053,0.521736,-0.850774],"elbow":[49.7203,168.536,227.885],"grabStrength":0,"id":244,"palmNormal":[-0.207832,-0.840645,-0.500122],"palmPosition":[-31.6199,308.5,-21.8979],"palmVelocity":[46.4714,-51.8705,-158.429],"palmWidth":83.4409,"pinchStrength":1,"r":[[0.860262,0.113381,0.497086],[-0.205534,0.96935,0.134598],[-0.46659,-0.217958,0.857198]],"s":0.900291,"sphereCenter":[-37.859,281.984,-58.8583],"sphereRadius":43.1102,"stabilizedPalmPosition":[-54.6967,299.666,57.2849],"t":[114.824,99.722,-203.054],"timeVisible":0.587665,"type":"right","wrist":[-20.8507,284.979,21.085]}],"id":280715,"interactionBox":{"center":[0,200,0],"size":[235.247,235.247,147.751]},"pointables":[{"bases":[[[0.566379,0.795242,0.216346],[-0.668031,0.289256,0.685613],[0.482648,-0.532843,0.695075]],[[0.430539,0.901726,0.0390648],[-0.773282,0.346199,0.531207],[0.465479,-0.258913,0.846341]],[[0.430539,0.901726,0.0390648],[-0.893568,0.431943,-0.122319],[-0.127172,0.017756,0.991722]],[[0.430539,0.901726,0.0390648],[-0.844186,0.417625,-0.336066],[-0.319354,0.111711,0.941028]]],"btipPosition":[-58.7077,287.713,-66.9244],"carpPosition":[-48.23,278.814,23.0221],"dipPosition":[-65.5616,290.111,-46.7281],"direction":[0.127172,-0.017756,-0.991722],"extended":false,"handId":244,"id":2440,"length":47.7925,"mcpPosition":[-48.23,278.814,23.0221],"pipPosition":[-69.5378,290.666,-15.7202],"stabilizedTipPosition":[-86.9014,278.515,14.2992],"timeVisible":0.587665,"tipPosition":[-59.5274,287.16,-62.2083],"tipVelocity":[37.4313,-31.0706,-163.506],"tool":false,"touchDistance":-0.536818,"touchZone":"hovering","type":0,"width":18.5699},{"bases":[[[0.951686,-0.0556206,-0.301993],[0.172,0.911259,0.374197],[0.254381,-0.408061,0.876799]],[[0.976752,-0.108421,-0.184933],[0.162158,0.937931,0.306578],[0.140215,-0.329439,0.933707]],[[0.976752,-0.108421,-0.184933],[0.146633,0.9672,0.207422],[0.156379,-0.229717,0.960612]],[[0.976752,-0.108421,-0.184933],[0.13336,0.98274,0.128209],[0.167841,-0.149891,0.974352]]],"btipPosition":[-66.6846,345.882,-110.051],"carpPosition":[-37.9025,297.933,22.4474],"dipPosition":[-64.0548,343.534,-94.7848],"direction":[-0.156379,0.229717,-0.960612],"extended":true,"handId":244,"id":2441,"length":53.9285,"mcpPosition":[-55.0645,325.463,-36.7066],"pipPosition":[-60.5887,338.442,-73.4927],"stabilizedTipPosition":[-89.5848,331.253,-36.6794],"timeVisible":0.587665,"tipPosition":[-65.9882,343.7,-106.859],"tipVelocity":[76.137,-37.9173,-174.069],"tool":false,"touchDistance":-0.541883,"touchZone":"hovering","type":1,"width":17.738},{"bases":[[[0.933945,-0.264767,-0.240095],[0.33596,0.879557,0.336913],[0.121974,-0.395321,0.910409]],[[0.936167,-0.272506,-0.222107],[0.113797,0.832666,-0.541958],[0.332628,0.482088,0.810525]],[[0.936167,-0.272506,-0.222107],[-0.289104,-0.237289,-0.927422],[0.200024,0.932435,-0.300925]],[[0.936167,-0.272506,-0.222107],[-0.349292,-0.79257,-0.499828],[-0.0398295,0.545503,-0.837162]]],"btipPosition":[-54.1769,269.222,-52.6154],"carpPosition":[-27.1408,298.954,19.1845],"dipPosition":[-54.8633,278.623,-67.0421],"direction":[-0.200024,-0.932435,0.300925],"extended":false,"handId":244,"id":2442,"length":61.4471,"mcpPosition":[-34.9447,324.247,-39.063],"pipPosition":[-49.6473,302.938,-74.8893],"stabilizedTipPosition":[-88.5766,256.787,35.3071],"timeVisible":0.587665,"tipPosition":[-54.3961,271.14,-55.8986],"tipVelocity":[73.7582,-70.1644,-135.286],"tool":false,"touchDistance":0.333333,"touchZone":"none","type":2,"width":17.4211},{"bases":[[[0.913713,-0.385602,-0.128214],[0.405545,0.845342,0.347749],[-0.0257079,-0.369739,0.92878]],[[0.91384,-0.383583,-0.133269],[0.246842,0.785322,-0.567748],[0.322437,0.485935,0.812343]],[[0.91384,-0.383583,-0.133269],[-0.247878,-0.266986,-0.931276],[0.321641,0.884071,-0.339064]],[[0.91384,-0.383583,-0.133269],[-0.398276,-0.782638,-0.478386],[0.0791999,0.490246,-0.867978]]],"btipPosition":[-37.7474,267.48,-47.0643],"carpPosition":[-16.4852,297.01,16.0862],"dipPosition":[-36.3904,275.88,-61.9361],"direction":[-0.321641,-0.884071,0.339064],"extended":false,"handId":244,"id":2443,"length":59.0831,"mcpPosition":[-15.0084,318.249,-37.2657],"pipPosition":[-28.2196,298.339,-70.5496],"stabilizedTipPosition":[-67.6176,257.46,25.4761],"timeVisible":0.587665,"tipPosition":[-37.561,269.368,-51.1345],"tipVelocity":[73.1502,-67.6604,-102.007],"tool":false,"touchDistance":0.333333,"touchZone":"none","type":3,"width":16.5772},{"bases":[[[0.824945,-0.560143,-0.0755401],[0.538849,0.739067,0.404254],[-0.170611,-0.374192,0.911522]],[[0.83949,-0.510986,-0.184797],[0.349489,0.768172,-0.536442],[0.41607,0.385753,0.823456]],[[0.83949,-0.510986,-0.184797],[-0.309288,-0.16973,-0.935699],[0.446764,0.842665,-0.300529]],[[0.83949,-0.510986,-0.184797],[-0.524901,-0.674684,-0.518922],[0.140482,0.53263,-0.834608]]],"btipPosition":[-21.7898,272.401,-43.8637],"carpPosition":[-7.13687,288.545,12.7242],"dipPosition":[-19.5693,280.82,-57.0561],"direction":[-0.446764,-0.842665,0.300529],"extended":false,"handId":244,"id":2444,"length":46.32,"mcpPosition":[1.93524,308.443,-35.7454],"pipPosition":[-11.5561,295.934,-62.4464],"stabilizedTipPosition":[-52.3587,259.989,35.9586],"timeVisible":0.587665,"tipPosition":[-21.416,274.096,-46.7658],"tipVelocity":[67.7655,-60.2658,-126.367],"tool":false,"touchDistance":0.333333,"touchZone":"none","type":4,"width":14.7252}],"r":[[0.860262,0.113381,0.497086],[-0.205534,0.96935,0.134598],[-0.46659,-0.217958,0.857198]],"s":0.900291,"t":[114.824,99.722,-203.054],"timestamp":2917597403},false],[2,{"currentFrameRate":110.459,"devices":[],"gestures":[],"hands":[{"armBasis":[[0.93834,-0.0501288,-0.34206],[0.201689,0.882979,0.423874],[0.280783,-0.466727,0.838646]],"armWidth":58.4334,"confidence":0.537425,"direction":[-0.0617688,0.524016,-0.849466],"elbow":[48.7983,169.085,225.875],"grabStrength":0,"id":244,"palmNormal":[-0.208106,-0.839147,-0.502518],"palmPosition":[-31.4302,308.289,-24.7044],"palmVelocity":[39.6303,-44.2057,-201.112],"palmWidth":83.4409,"pinchStrength":1,"r":[[0.858214,0.115753,0.50007],[-0.2076,0.969278,0.131919],[-0.469436,-0.217029,0.855878]],"s":0.905214,"sphereCenter":[-37.96,282.099,-61.6447],"sphereRadius":43.0363,"stabilizedPalmPosition":[-54.6546,299.682,57.1366],"t":[115.098,99.4465,-205.156],"timeVisible":0.596564,"type":"right","wrist":[-20.7234,284.646,18.2271]}],"id":280716,"interactionBox":{"center":[0,200,0],"size":[235.247,235.247,147.751]},"pointables":[{"bases":[[[0.566885,0.794163,0.218968],[-0.668428,0.288064,0.685728],[0.481503,-0.535093,0.69414]],[[0.432333,0.900685,0.0430619],[-0.77268,0.345427,0.532584],[0.464816,-0.263527,0.845281]],[[0.432333,0.900685,0.0430619],[-0.892347,0.434219,-0.123173],[-0.129638,0.0148254,0.991451]],[[0.432333,0.900685,0.0430619],[-0.84517,0.421405,-0.328795],[-0.314287,0.105754,0.943419]]],"btipPosition":[-58.589,287.831,-69.8189],"carpPosition":[-48.1101,278.501,20.1218],"dipPosition":[-65.3342,290.1,-49.5713],"direction":[0.129638,-0.0148254,-0.991451],"extended":false,"handId":244,"id":2440,"length":47.7925,"mcpPosition":[-48.1101,278.501,20.1218],"pipPosition":[-69.3875,290.564,-18.5718],"stabilizedTipPosition":[-86.8758,278.525,14.223],"timeVisible":0.596564,"tipPosition":[-59.4072,287.257,-65.0958],"tipVelocity":[31.6432,-19.9295,-207.138],"tool":false,"touchDistance":-0.554711,"touchZone":"hovering","type":0,"width":18.5699},{"bases":[[[0.951925,-0.0556872,-0.301227],[0.172459,0.910122,0.376744],[0.253174,-0.410581,0.875972]],[[0.97663,-0.108185,-0.185713],[0.163277,0.935358,0.31376],[0.139764,-0.33675,0.931163]],[[0.97663,-0.108185,-0.185713],[0.147676,0.965582,0.214109],[0.156158,-0.236531,0.958993]],[[0.97663,-0.108185,-0.185713],[0.134296,0.981798,0.134301],[0.167804,-0.156103,0.973383]]],"btipPosition":[-66.4422,346.268,-112.684],"carpPosition":[-37.7648,297.612,19.607],"dipPosition":[-63.813,343.822,-97.4332],"direction":[-0.156158,0.23653,-0.958993],"extended":true,"handId":244,"id":2441,"length":53.9285,"mcpPosition":[-54.8453,325.312,-39.4911],"pipPosition":[-60.3518,338.579,-76.177],"stabilizedTipPosition":[-89.4776,331.318,-37.0067],"timeVisible":0.596564,"tipPosition":[-65.7334,344.088,-109.507],"tipVelocity":[62.8337,-16.5124,-207.309],"tool":false,"touchDistance":-0.555578,"touchZone":"hovering","type":1,"width":17.738},{"bases":[[[0.933937,-0.264978,-0.239893],[0.336426,0.87837,0.339534],[0.120746,-0.39781,0.909488]],[[0.936141,-0.272789,-0.22187],[0.115003,0.833812,-0.539937],[0.332287,0.479941,0.811937]],[[0.936141,-0.272789,-0.22187],[-0.288707,-0.236113,-0.927846],[0.20072,0.93265,-0.299791]],[[0.936141,-0.272789,-0.22187],[-0.349427,-0.792159,-0.500385],[-0.039257,0.545958,-0.836892]]],"btipPosition":[-53.9696,269.14,-55.4804],"carpPosition":[-26.9991,298.632,16.3572],"dipPosition":[-54.6461,278.549,-69.9025],"direction":[-0.20072,-0.93265,0.299791],"extended":false,"handId":244,"id":2442,"length":61.4471,"mcpPosition":[-34.7244,324.084,-41.8315],"pipPosition":[-49.4119,302.87,-77.7202],"stabilizedTipPosition":[-87.8423,257.097,33.3013],"timeVisible":0.596564,"tipPosition":[-54.1924,271.062,-58.7884],"tipVelocity":[60.1043,-53.5196,-186.021],"tool":false,"touchDistance":0.333333,"touchZone":"none","type":2,"width":17.4211},{"bases":[[[0.91349,-0.386088,-0.128348],[0.40597,0.844065,0.350347],[-0.0269304,-0.372144,0.927784]],[[0.913627,-0.383978,-0.13359],[0.246272,0.784148,-0.569615],[0.323474,0.487516,0.810982]],[[0.913627,-0.383978,-0.13359],[-0.250107,-0.271791,-0.929288],[0.320518,0.882435,-0.344351]],[[0.913627,-0.383978,-0.13359],[-0.399224,-0.785226,-0.47333],[0.0768503,0.485779,-0.870697]]],"btipPosition":[-37.5079,267.348,-49.5927],"carpPosition":[-16.3422,296.686,13.2639],"dipPosition":[-36.1912,275.671,-64.5111],"direction":[-0.320518,-0.882435,0.344351],"extended":false,"handId":244,"id":2443,"length":59.0831,"mcpPosition":[-14.7953,318.063,-40.0307],"pipPosition":[-28.0489,298.088,-73.2589],"stabilizedTipPosition":[-66.5107,257.889,22.6192],"timeVisible":0.596564,"tipPosition":[-37.3337,269.236,-53.7498],"tipVelocity":[60.2923,-53.8402,-151.864],"tool":false,"touchDistance":0.333333,"touchZone":"none","type":3,"width":16.5772},{"bases":[[[0.824514,-0.560685,-0.076216],[0.539124,0.737522,0.406701],[-0.17182,-0.376421,0.910376]],[[0.839173,-0.511473,-0.184891],[0.349871,0.767966,-0.536486],[0.416388,0.385517,0.823406]],[[0.839173,-0.511473,-0.184891],[-0.310644,-0.171722,-0.934886],[0.446419,0.841966,-0.30299]],[[0.839173,-0.511473,-0.184891],[-0.525771,-0.675977,-0.516352],[0.139118,0.530519,-0.836179]]],"btipPosition":[-21.5695,272.25,-46.5676],"carpPosition":[-6.99831,288.222,9.8888],"dipPosition":[-19.3705,280.636,-59.7848],"direction":[-0.446419,-0.841966,0.30299],"extended":false,"handId":244,"id":2444,"length":46.32,"mcpPosition":[2.13813,308.238,-38.5199],"pipPosition":[-11.3635,295.737,-65.2193],"stabilizedTipPosition":[-51.8219,260.232,34.491],"timeVisible":0.596564,"tipPosition":[-21.204,273.956,-49.5509],"tipVelocity":[55.9175,-48.7315,-174.808],"tool":false,"touchDistance":0.333333,"touchZone":"none","type":4,"width":14.7252}],"r":[[0.858214,0.115753,0.50007],[-0.2076,0.969278,0.131919],[-0.469436,-0.217029,0.855878]],"s":0.905214,"t":[115.098,99.4465,-205.156],"timestamp":2917606302},false],[3,{"currentFrameRate":110.386,"devices":[],"gestures":[],"hands":[{"armBasis":[[0.939196,-0.0511051,-0.339558],[0.200442,0.884499,0.421289],[0.278809,-0.463735,0.840961]],"armWidth":58.4334,"confidence":0.538091,"direction":[-0.0624729,0.526239,-0.848039],"elbow":[48.5356,169.388,224.84],"grabStrength":0,"id":244,"palmNormal":[-0.20737,-0.837999,-0.504732],"palmPosition":[-31.2369,307.957,-26.247],"palmVelocity":[34.4359,-41.9677,-191.829],"palmWidth":83.4409,"pinchStrength":1,"r":[[0.856563,0.117556,0.502474],[-0.209437,0.969102,0.1303],[-0.471631,-0.216847,0.854717]],"s":0.909716,"sphereCenter":[-37.9802,282.023,-63.187],"sphereRadius":42.9946,"stabilizedPalmPosition":[-54.6195,299.694,57.0115],"t":[115.332,99.1425,-206.979],"timeVisible":0.605752,"type":"right","wrist":[-20.4973,284.209,16.6185]}],"id":280717,"interactionBox":{"center":[0,200,0],"size":[235.247,235.247,147.751]},"pointables":[{"bases":[[[0.566134,0.794139,0.220988],[-0.668573,0.285545,0.68664],[0.482185,-0.536476,0.692597]],[[0.433232,0.900027,0.0475492],[-0.77146,0.343035,0.535888],[0.466003,-0.268846,0.842949]],[[0.433232,0.900027,0.0475492],[-0.8917,0.435702,-0.122613],[-0.131073,0.0107205,0.991315]],[[0.433232,0.900027,0.0475492],[-0.847381,0.424727,-0.318672],[-0.307009,0.0977666,0.946672]]],"btipPosition":[-58.522,287.904,-71.3972],"carpPosition":[-47.8774,278.031,18.5023],"dipPosition":[-65.111,290.002,-51.0798],"direction":[0.131073,-0.0107205,-0.991315],"extended":false,"handId":244,"id":2440,"length":47.7925,"mcpPosition":[-47.8774,278.031,18.5023],"pipPosition":[-69.2092,290.337,-20.0846],"stabilizedTipPosition":[-86.8567,278.532,14.1655],"timeVisible":0.605752,"tipPosition":[-59.3224,287.281,-66.6716],"tipVelocity":[25.9302,-13.3272,-196.769],"tool":false,"touchDistance":-0.551007,"touchZone":"hovering","type":0,"width":18.5699},{"bases":[[[0.951917,-0.0539204,-0.301573],[0.171625,0.909277,0.379157],[0.253769,-0.412684,0.87481]],[[0.97654,-0.10621,-0.187321],[0.162858,0.933388,0.319787],[0.140879,-0.342792,0.928788]],[[0.97654,-0.10621,-0.187321],[0.147013,0.964458,0.219563],[0.157344,-0.241951,0.957446]],[[0.97654,-0.10621,-0.187321],[0.133409,0.981247,0.139124],[0.169032,-0.16085,0.972397]]],"btipPosition":[-66.3584,346.384,-114.033],"carpPosition":[-37.5514,297.153,18.0369],"dipPosition":[-63.71,343.864,-98.7971],"direction":[-0.157344,0.241951,-0.957446],"extended":true,"handId":244,"id":2441,"length":53.9285,"mcpPosition":[-54.6722,324.995,-40.9829],"pipPosition":[-60.2225,338.501,-77.5752],"stabilizedTipPosition":[-89.3937,331.369,-37.2669],"timeVisible":0.605752,"tipPosition":[-65.6339,344.224,-110.866],"tipVelocity":[47.9573,-8.88405,-190.5],"tool":false,"touchDistance":-0.548635,"touchZone":"hovering","type":1,"width":17.738},{"bases":[[[0.934152,-0.263394,-0.240799],[0.335617,0.87779,0.341829],[0.121336,-0.400136,0.908388]],[[0.936373,-0.271273,-0.222748],[0.113996,0.835224,-0.537964],[0.33198,0.478343,0.813005]],[[0.936373,-0.271273,-0.222748],[-0.288924,-0.235312,-0.927983],[0.199321,0.933295,-0.298716]],[[0.936373,-0.271273,-0.222748],[-0.348645,-0.792292,-0.50072],[-0.0406501,0.546521,-0.836459]]],"btipPosition":[-53.7216,268.895,-57.0624],"carpPosition":[-26.7875,298.193,14.7875],"dipPosition":[-54.4222,278.313,-71.477],"direction":[-0.199321,-0.933295,0.298716],"extended":false,"handId":244,"id":2442,"length":61.4471,"mcpPosition":[-34.5505,323.794,-43.3308],"pipPosition":[-49.2244,302.651,-79.2667],"stabilizedTipPosition":[-87.2643,257.334,31.7068],"timeVisible":0.605752,"tipPosition":[-53.9546,270.82,-60.3919],"tipVelocity":[50.6825,-45.9685,-182.101],"tool":false,"touchDistance":0.333333,"touchZone":"none","type":2,"width":17.4211},{"bases":[[[0.913849,-0.384824,-0.129577],[0.405197,0.843525,0.352534],[-0.0263622,-0.374667,0.926784]],[[0.913988,-0.382625,-0.134996],[0.244573,0.785021,-0.569145],[0.323744,0.487175,0.81108]],[[0.913988,-0.382625,-0.134996],[-0.251367,-0.272806,-0.928651],[0.318498,0.882709,-0.345521]],[[0.913988,-0.382625,-0.134996],[-0.398865,-0.786314,-0.471824],[0.074383,0.485086,-0.871297]]],"btipPosition":[-37.2451,267.092,-51.0764],"carpPosition":[-16.1293,296.266,11.6869],"dipPosition":[-35.9706,275.403,-66.005],"direction":[-0.318498,-0.882709,0.34552],"extended":false,"handId":244,"id":2443,"length":59.0831,"mcpPosition":[-14.615,317.788,-41.5504],"pipPosition":[-27.8796,297.828,-74.7825],"stabilizedTipPosition":[-65.6352,258.218,20.3346],"timeVisible":0.605752,"tipPosition":[-37.0819,268.98,-55.2507],"tipVelocity":[51.1427,-46.6569,-154.622],"tool":false,"touchDistance":0.333333,"touchZone":"none","type":3,"width":16.5772},{"bases":[[[0.82506,-0.55965,-0.0778965],[0.538469,0.736966,0.408574],[-0.171251,-0.379043,0.909395]],[[0.839581,-0.510538,-0.185621],[0.345493,0.765513,-0.542793],[0.419212,0.391588,0.819098]],[[0.839581,-0.510538,-0.185621],[-0.31658,-0.182156,-0.930912],[0.441453,0.840339,-0.314561]],[[0.839581,-0.510538,-0.185621],[-0.526961,-0.682399,-0.506601],[0.131971,0.523147,-0.841962]]],"btipPosition":[-21.2686,271.937,-47.6786],"carpPosition":[-6.7776,287.821,8.287],"dipPosition":[-19.1825,280.206,-60.9872],"direction":[-0.441453,-0.840339,0.314561],"extended":false,"handId":244,"id":2444,"length":46.32,"mcpPosition":[2.32859,307.976,-40.0695],"pipPosition":[-11.2646,295.279,-66.6292],"stabilizedTipPosition":[-51.3815,260.425,33.2815],"timeVisible":0.605752,"tipPosition":[-20.9289,273.679,-50.8703],"tipVelocity":[48.6548,-45.4436,-160.388],"tool":false,"touchDistance":0.333333,"touchZone":"none","type":4,"width":14.7252}],"r":[[0.856563,0.117556,0.502474],[-0.209437,0.969102,0.1303],[-0.471631,-0.216847,0.854717]],"s":0.909716,"t":[115.332,99.1425,-206.979],"timestamp":2917615490},false],[4,{"currentFrameRate":110.45,"devices":[],"gestures":[],"hands":[{"armBasis":[[0.939309,-0.0580131,-0.338133],[0.204755,0.885613,0.416852],[0.275272,-0.460787,0.843742]],"armWidth":58.4334,"confidence":0.514471,"direction":[-0.0599583,0.52269,-0.850411],"elbow":[47.8413,169.787,224.067],"grabStrength":0,"id":244,"palmNormal":[-0.211498,-0.839254,-0.500921],"palmPosition":[-30.942,307.484,-27.8149],"palmVelocity":[34.038,-44.9532,-187.334],"palmWidth":83.4409,"pinchStrength":1,"r":[[0.855356,0.118618,0.504278],[-0.209952,0.96928,0.128124],[-0.473589,-0.215466,0.853984]],"s":0.913935,"sphereCenter":[-38.0757,281.623,-64.5311],"sphereRadius":42.9185,"stabilizedPalmPosition":[-54.5907,299.704,56.9082],"t":[115.597,98.754,-208.674],"timeVisible":0.614693,"type":"right","wrist":[-20.3157,283.878,15.1572]}],"id":280718,"interactionBox":{"center":[0,200,0],"size":[235.247,235.247,147.751]},"pointables":[{"bases":[[[0.570024,0.792355,0.217361],[-0.667122,0.291918,0.68537],[0.479605,-0.535684,0.694998]],[[0.439304,0.897187,0.0454714],[-0.768452,0.349088,0.536302],[0.465289,-0.270542,0.842801]],[[0.439304,0.897187,0.0454714],[-0.888432,0.441399,-0.12592],[-0.133045,0.014919,0.990998]],[[0.439304,0.897187,0.0454714],[-0.845259,0.429959,-0.317289],[-0.304219,0.100951,0.947238]]],"btipPosition":[-58.3357,287.594,-72.8247],"carpPosition":[-47.7256,277.842,17.0703],"dipPosition":[-64.8648,289.76,-52.4952],"direction":[0.133045,-0.014919,-0.990998],"extended":false,"handId":244,"id":2440,"length":47.7925,"mcpPosition":[-47.7256,277.842,17.0703],"pipPosition":[-69.0247,290.227,-21.5098],"stabilizedTipPosition":[-86.8429,278.537,14.1234],"timeVisible":0.614693,"tipPosition":[-59.1766,286.984,-68.1126],"tipVelocity":[24.9602,-18.6834,-186.55],"tool":false,"touchDistance":-0.54561,"touchZone":"hovering","type":0,"width":18.5699},{"bases":[[[0.951621,-0.0599385,-0.30137],[0.176093,0.910136,0.375026],[0.251809,-0.409952,0.876659]],[[0.975847,-0.111368,-0.187934],[0.167939,0.932637,0.319351],[0.139709,-0.343199,0.928814]],[[0.975847,-0.111368,-0.187934],[0.15209,0.963906,0.218527],[0.156814,-0.241832,0.957563]],[[0.975847,-0.111368,-0.187934],[0.13841,0.980785,0.137491],[0.169011,-0.160182,0.972511]]],"btipPosition":[-65.9229,345.961,-115.682],"carpPosition":[-37.3063,296.912,16.5177],"dipPosition":[-63.2748,343.451,-100.445],"direction":[-0.156814,0.241832,-0.957563],"extended":true,"handId":244,"id":2441,"length":53.9285,"mcpPosition":[-54.2948,324.57,-42.6268],"pipPosition":[-59.799,338.091,-79.2202],"stabilizedTipPosition":[-89.3284,331.407,-37.4698],"timeVisible":0.614693,"tipPosition":[-65.2008,343.826,-112.512],"tipVelocity":[48.1613,-19.2919,-188.84],"tool":false,"touchDistance":-0.546838,"touchZone":"hovering","type":1,"width":17.738},{"bases":[[[0.932836,-0.269045,-0.239647],[0.339927,0.877678,0.337833],[0.119441,-0.396605,0.910186]],[[0.935039,-0.276923,-0.221397],[0.115703,0.828599,-0.547756],[0.335136,0.486557,0.806812]],[[0.935039,-0.276923,-0.221397],[-0.292402,-0.249162,-0.923266],[0.20051,0.928026,-0.313949]],[[0.935039,-0.276923,-0.221397],[-0.352046,-0.799202,-0.487175],[-0.042031,0.533469,-0.844775]]],"btipPosition":[-53.4972,268.359,-57.8876],"carpPosition":[-26.5376,297.885,13.2632],"dipPosition":[-54.2215,277.553,-72.4455],"direction":[-0.20051,-0.928026,0.313949],"extended":false,"handId":244,"id":2442,"length":61.4471,"mcpPosition":[-34.1793,323.259,-44.9701],"pipPosition":[-48.9928,301.753,-80.6324],"stabilizedTipPosition":[-86.8117,257.511,30.4549],"timeVisible":0.614693,"tipPosition":[-53.7651,270.293,-61.4419],"tipVelocity":[43.5308,-51.3445,-158.583],"tool":false,"touchDistance":0.333333,"touchZone":"none","type":2,"width":17.4211},{"bases":[[[0.911949,-0.389869,-0.127875],[0.409339,0.843123,0.34869],[-0.0281294,-0.370332,0.928474]],[[0.912101,-0.387643,-0.133436],[0.247791,0.780572,-0.573853],[0.326606,0.490348,0.808014]],[[0.912101,-0.387643,-0.133436],[-0.253736,-0.278129,-0.926424],[0.322009,0.87885,-0.352041]],[[0.912101,-0.387643,-0.133436],[-0.402976,-0.787884,-0.465671],[0.0753819,0.47851,-0.87484]]],"btipPosition":[-37.1271,266.549,-52.3375],"carpPosition":[-15.8892,295.892,10.1708],"dipPosition":[-35.8355,274.748,-67.3269],"direction":[-0.322009,-0.87885,0.352041],"extended":false,"handId":244,"id":2443,"length":59.0831,"mcpPosition":[-14.2733,317.165,-43.1635],"pipPosition":[-27.6553,297.074,-76.27],"stabilizedTipPosition":[-64.9754,258.452,18.5912],"timeVisible":0.614693,"tipPosition":[-36.9605,268.41,-56.5328],"tipVelocity":[40.9031,-51.294,-151.343],"tool":false,"touchDistance":0.333333,"touchZone":"none","type":3,"width":16.5772},{"bases":[[[0.822309,-0.564024,-0.0753986],[0.542093,0.736168,0.405206],[-0.17304,-0.374077,0.911111]],[[0.83702,-0.515722,-0.182833],[0.346021,0.757738,-0.553265],[0.423871,0.39983,0.812693]],[[0.83702,-0.515722,-0.182833],[-0.322842,-0.195689,-0.926002],[0.441781,0.834108,-0.330292]],[[0.83702,-0.515722,-0.182833],[-0.531867,-0.688368,-0.493221],[0.128508,0.510079,-0.850473]]],"btipPosition":[-21.0772,271.288,-48.6237],"carpPosition":[-6.57907,287.385,6.80878],"dipPosition":[-19.0459,279.351,-62.0668],"direction":[-0.441781,-0.834108,0.330292],"extended":false,"handId":244,"id":2444,"length":46.32,"mcpPosition":[2.62219,307.276,-41.639],"pipPosition":[-11.1221,294.312,-67.991],"stabilizedTipPosition":[-51.0227,260.574,32.2902],"timeVisible":0.614693,"tipPosition":[-20.7521,273.029,-51.9905],"tipVelocity":[40.8299,-54.2948,-146.401],"tool":false,"touchDistance":0.333333,"touchZone":"none","type":4,"width":14.7252}],"r":[[0.855356,0.118618,0.504278],[-0.209952,0.96928,0.128124],[-0.473589,-0.215466,0.853984]],"s":0.913935,"t":[115.597,98.754,-208.674],"timestamp":2917624431},false],[5,{"currentFrameRate":110.474,"devices":[],"gestures":[],"hands":[{"armBasis":[[0.939371,-0.0586452,-0.33785],[0.20475,0.886272,0.415452],[0.275063,-0.459438,0.844545]],"armWidth":58.4334,"confidence":0.521466,"direction":[-0.058457,0.519639,-0.852383],"elbow":[47.9569,169.882,223.397],"grabStrength":0,"id":244,"palmNormal":[-0.211215,-0.840952,-0.498185],"palmPosition":[-30.7003,307.094,-28.784],"palmVelocity":[32.0585,-44.4946,-165.416],"palmWidth":83.4409,"pinchStrength":1,"r":[[0.854253,0.119746,0.505877],[-0.210296,0.969533,0.12562],[-0.475423,-0.213696,0.853409]],"s":0.917745,"sphereCenter":[-37.906,281.175,-65.3641],"sphereRadius":42.8941,"stabilizedPalmPosition":[-54.5651,299.712,56.8163],"t":[115.85,98.3648,-210.006],"timeVisible":0.623701,"type":"right","wrist":[-20.1484,283.638,14.2886]}],"id":280719,"interactionBox":{"center":[0,200,0],"size":[235.247,235.247,147.751]},"pointables":[{"bases":[[[0.570125,0.792841,0.215315],[-0.667957,0.294743,0.683344],[0.478321,-0.533413,0.697624]],[[0.441643,0.896051,0.0452097],[-0.767389,0.351161,0.53647],[0.464828,-0.271621,0.842708]],[[0.441643,0.896051,0.0452097],[-0.886895,0.443632,-0.128869],[-0.13553,0.0168179,0.990631]],[[0.441643,0.896051,0.0452097],[-0.845145,0.432408,-0.314251],[-0.301134,0.100578,0.948263]]],"btipPosition":[-58.1417,287.373,-73.7173],"carpPosition":[-47.5641,277.624,16.184],"dipPosition":[-64.6046,289.532,-53.3658],"direction":[0.13553,-0.0168179,-0.990631],"extended":false,"handId":244,"id":2440,"length":47.7925,"mcpPosition":[-47.5641,277.624,16.184],"pipPosition":[-68.8422,290.058,-22.3919],"stabilizedTipPosition":[-86.832,278.54,14.0902],"timeVisible":0.623701,"tipPosition":[-58.9887,286.75,-69.0143],"tipVelocity":[24.485,-20.3303,-162.363],"tool":false,"touchDistance":-0.532695,"touchZone":"hovering","type":0,"width":18.5699},{"bases":[[[0.952024,-0.061523,-0.299776],[0.176029,0.911396,0.371983],[0.250329,-0.406906,0.8785]],[[0.975984,-0.112322,-0.186651],[0.168139,0.933194,0.317612],[0.138507,-0.341368,0.929669]],[[0.975984,-0.112322,-0.186651],[0.152301,0.964444,0.21599],[0.155754,-0.23923,0.958389]],[[0.975984,-0.112322,-0.186651],[0.138603,0.981203,0.134278],[0.16806,-0.156924,0.973206]]],"btipPosition":[-65.5651,345.349,-116.809],"carpPosition":[-37.134,296.686,15.5774],"dipPosition":[-62.9319,342.89,-101.561],"direction":[-0.155754,0.23923,-0.958389],"extended":true,"handId":244,"id":2441,"length":53.9285,"mcpPosition":[-54.0227,324.138,-43.6913],"pipPosition":[-59.4796,337.587,-80.3183],"stabilizedTipPosition":[-89.2725,331.438,-37.6439],"timeVisible":0.623701,"tipPosition":[-64.8411,343.267,-113.627],"tipVelocity":[45.7387,-32.3137,-171.263],"tool":false,"touchDistance":-0.537361,"touchZone":"hovering","type":1,"width":17.738},{"bases":[[[0.93304,-0.270395,-0.237324],[0.339899,0.878719,0.335145],[0.117919,-0.393369,0.911787]],[[0.935265,-0.278417,-0.218548],[0.114495,0.822239,-0.557507],[0.334918,0.496394,0.800889]],[[0.935265,-0.278417,-0.218548],[-0.293544,-0.265133,-0.918442],[0.197766,0.92314,-0.329697]],[[0.935265,-0.278417,-0.218548],[-0.351097,-0.807965,-0.473206],[-0.0448303,0.519305,-0.853413]]],"btipPosition":[-53.093,267.846,-58.0969],"carpPosition":[-26.3602,297.641,12.335],"dipPosition":[-53.8656,276.795,-72.8036],"direction":[-0.197766,-0.92314,0.329697],"extended":false,"handId":244,"id":2442,"length":61.4471,"mcpPosition":[-33.9046,322.809,-46.0008],"pipPosition":[-48.7084,300.868,-81.4012],"stabilizedTipPosition":[-86.3947,257.665,29.312],"timeVisible":0.623701,"tipPosition":[-53.4009,269.78,-61.8809],"tipVelocity":[43.56,-54.6198,-122.435],"tool":false,"touchDistance":0.333333,"touchZone":"none","type":2,"width":17.4211},{"bases":[[[0.911928,-0.390803,-0.125145],[0.409277,0.844167,0.346227],[-0.0296634,-0.366953,0.929766]],[[0.912092,-0.388555,-0.130819],[0.248678,0.777996,-0.576959],[0.325957,0.493707,0.806229]],[[0.912092,-0.388555,-0.130819],[-0.253185,-0.282846,-0.925146],[0.322468,0.87694,-0.356358]],[[0.912092,-0.388555,-0.130819],[-0.402882,-0.790291,-0.461656],[0.0759932,0.473777,-0.87736]]],"btipPosition":[-36.8537,266.087,-53.0914],"carpPosition":[-15.7083,295.632,9.26518],"dipPosition":[-35.5516,274.204,-68.1239],"direction":[-0.322468,-0.87694,0.356358],"extended":false,"handId":244,"id":2443,"length":59.0831,"mcpPosition":[-14.0044,316.71,-44.1434],"pipPosition":[-27.3597,296.482,-77.1767],"stabilizedTipPosition":[-64.4332,258.634,17.1576],"timeVisible":0.623701,"tipPosition":[-36.6836,267.925,-57.2946],"tipVelocity":[38.0772,-51.8677,-133.055],"tool":false,"touchDistance":0.333333,"touchZone":"none","type":3,"width":16.5772},{"bases":[[[0.822121,-0.56472,-0.0721684],[0.541894,0.737349,0.403321],[-0.17455,-0.370687,0.912208]],[[0.837002,-0.516876,-0.17963],[0.345157,0.753427,-0.559655],[0.42461,0.406432,0.809024]],[[0.837002,-0.516876,-0.17963],[-0.325164,-0.205784,-0.922996],[0.440109,0.830959,-0.340311]],[[0.837002,-0.516876,-0.17963],[-0.532549,-0.693999,-0.484517],[0.125772,0.501204,-0.85614]]],"btipPosition":[-20.7664,270.814,-49.1551],"carpPosition":[-6.39788,287.108,5.94745],"dipPosition":[-18.7783,278.736,-62.6878],"direction":[-0.440109,-0.830959,0.340311],"extended":false,"handId":244,"id":2444,"length":46.32,"mcpPosition":[2.88372,306.819,-42.5586],"pipPosition":[-10.8845,293.64,-68.7917],"stabilizedTipPosition":[-50.6952,260.702,31.3887],"timeVisible":0.623701,"tipPosition":[-20.4531,272.544,-52.6226],"tipVelocity":[38.7871,-54.8388,-123.011],"tool":false,"touchDistance":0.333333,"touchZone":"none","type":4,"width":14.7252}],"r":[[0.854253,0.119746,0.505877],[-0.210296,0.969533,0.12562],[-0.475423,-0.213696,0.853409]],"s":0.917745,"t":[115.85,98.3648,-210.006],"timestamp":2917633439},false],[6,{"currentFrameRate":110.271,"devices":[],"gestures":[],"hands":[{"armBasis":[[0.939368,-0.0581635,-0.337942],[0.204064,0.886829,0.414599],[0.275582,-0.458423,0.844928]],"armWidth":58.4334,"confidence":0.527164,"direction":[-0.0570733,0.517325,-0.853884],"elbow":[48.2279,169.877,222.923],"grabStrength":0,"id":244,"palmNormal":[-0.210292,-0.842319,-0.496262],"palmPosition":[-30.4876,306.72,-29.4338],"palmVelocity":[29.3446,-43.099,-137.858],"palmWidth":83.4409,"pinchStrength":1,"r":[[0.853196,0.120942,0.507376],[-0.210628,0.969795,0.12302],[-0.477172,-0.211828,0.852898]],"s":0.921,"sphereCenter":[-37.7516,280.782,-65.9144],"sphereRadius":42.8717,"stabilizedPalmPosition":[-54.5397,299.719,56.7255],"t":[116.083,97.9834,-210.997],"timeVisible":0.63313,"type":"right","wrist":[-20.0059,283.382,13.7198]}],"id":280720,"interactionBox":{"center":[0,200,0],"size":[235.247,235.247,147.751]},"pointables":[{"bases":[[[0.569682,0.79348,0.214128],[-0.669137,0.296522,0.681419],[0.477198,-0.531473,0.69987]],[[0.443062,0.895337,0.045467],[-0.767124,0.352394,0.53604],[0.463915,-0.272378,0.842967]],[[0.443062,0.895337,0.045467],[-0.885719,0.445014,-0.132153],[-0.138555,0.0182809,0.990186]],[[0.443062,0.895337,0.045467],[-0.844857,0.43397,-0.312867],[-0.299853,0.100207,0.948708]]],"btipPosition":[-57.8928,287.117,-74.3235],"carpPosition":[-47.4242,277.371,15.5852],"dipPosition":[-64.3283,289.267,-53.9625],"direction":[0.138555,-0.0182809,-0.990186],"extended":false,"handId":244,"id":2440,"length":47.7925,"mcpPosition":[-47.4242,277.371,15.5852],"pipPosition":[-68.6604,289.839,-23.0025],"stabilizedTipPosition":[-86.8223,278.544,14.0607],"timeVisible":0.63313,"tipPosition":[-58.7679,286.493,-69.6296],"tipVelocity":[25.2204,-22.3505,-134.289],"tool":false,"touchDistance":-0.51682,"touchZone":"hovering","type":0,"width":18.5699},{"bases":[[[0.952533,-0.0622349,-0.298005],[0.175311,0.912417,0.369811],[0.24889,-0.404501,0.880019]],[[0.976242,-0.112519,-0.18518],[0.167733,0.933448,0.317081],[0.137178,-0.340609,0.930144]],[[0.976242,-0.112519,-0.18518],[0.151925,0.964792,0.214696],[0.154503,-0.237729,0.958965]],[[0.976242,-0.112519,-0.18518],[0.138226,0.981523,0.132312],[0.16687,-0.154766,0.973757]]],"btipPosition":[-65.2302,344.835,-117.585],"carpPosition":[-36.995,296.432,14.9446],"dipPosition":[-62.6157,342.411,-102.328],"direction":[-0.154503,0.237729,-0.958965],"extended":true,"handId":244,"id":2441,"length":53.9285,"mcpPosition":[-53.7866,323.722,-44.4265],"pipPosition":[-59.1911,337.141,-81.0723],"stabilizedTipPosition":[-89.218,331.466,-37.813],"timeVisible":0.63313,"tipPosition":[-64.5078,342.795,-114.393],"tipVelocity":[42.6887,-38.3965,-145.774],"tool":false,"touchDistance":-0.523558,"touchZone":"hovering","type":1,"width":17.738},{"bases":[[[0.933465,-0.270939,-0.23502],[0.339246,0.879658,0.333337],[0.116423,-0.390888,0.913046]],[[0.935761,-0.279315,-0.215254],[0.11529,0.819199,-0.561801],[0.333255,0.500895,0.798777]],[[0.935761,-0.279315,-0.215254],[-0.292348,-0.273142,-0.916475],[0.19719,0.920531,-0.337253]],[[0.935761,-0.279315,-0.215254],[-0.349781,-0.812694,-0.466028],[-0.0447673,0.511382,-0.858186]]],"btipPosition":[-52.7655,267.431,-58.4219],"carpPosition":[-26.2158,297.38,11.7178],"dipPosition":[-53.537,276.243,-73.211],"direction":[-0.19719,-0.920531,0.337253],"extended":false,"handId":244,"id":2442,"length":61.4471,"mcpPosition":[-33.6645,322.388,-46.6985],"pipPosition":[-48.3948,300.248,-82.0056],"stabilizedTipPosition":[-85.96,257.819,28.1276],"timeVisible":0.63313,"tipPosition":[-53.083,269.339,-62.2825],"tipVelocity":[41.0478,-52.5364,-97.8877],"tool":false,"touchDistance":0.333333,"touchZone":"none","type":2,"width":17.4211},{"bases":[[[0.912176,-0.391045,-0.122551],[0.40861,0.845144,0.34463],[-0.0311925,-0.364439,0.930705]],[[0.912352,-0.388776,-0.128323],[0.249267,0.77614,-0.5792],[0.324776,0.496448,0.805022]],[[0.912352,-0.388776,-0.128323],[-0.252156,-0.286675,-0.924248],[0.322539,0.875597,-0.35958]],[[0.912352,-0.388776,-0.128323],[-0.402169,-0.792387,-0.458675],[0.0766403,0.470081,-0.879289]]],"btipPosition":[-36.5806,265.659,-53.5747],"carpPosition":[-15.5586,295.363,8.67138],"dipPosition":[-35.2674,273.713,-68.6403],"direction":[-0.322539,-0.875597,0.35958],"extended":false,"handId":244,"id":2443,"length":59.0831,"mcpPosition":[-13.7668,316.297,-44.7911],"pipPosition":[-27.0738,295.956,-77.775],"stabilizedTipPosition":[-63.9416,258.789,15.8619],"timeVisible":0.63313,"tipPosition":[-36.4065,267.479,-57.7822],"tipVelocity":[35.5509,-50.4651,-109.925],"tool":false,"touchDistance":0.333333,"touchZone":"none","type":3,"width":16.5772},{"bases":[[[0.822298,-0.564827,-0.0692553],[0.54114,0.738494,0.402236],[-0.176049,-0.368235,0.912913]],[[0.837333,-0.517395,-0.176566],[0.343765,0.749434,-0.56584],[0.425087,0.413099,0.805388]],[[0.837333,-0.517395,-0.176566],[-0.327312,-0.215768,-0.919952],[0.437881,0.828098,-0.350019]],[[0.837333,-0.517395,-0.176566],[-0.532702,-0.69958,-0.476252],[0.122889,0.492839,-0.861399]]],"btipPosition":[-20.4605,270.374,-49.3725],"carpPosition":[-6.24173,286.831,5.3924],"dipPosition":[-18.518,278.164,-62.9884],"direction":[-0.437881,-0.828098,0.350019],"extended":false,"handId":244,"id":2444,"length":46.32,"mcpPosition":[3.11958,306.412,-43.1512],"pipPosition":[-10.6641,293.017,-69.2663],"stabilizedTipPosition":[-50.3482,260.832,30.4399],"timeVisible":0.63313,"tipPosition":[-20.1576,272.097,-52.9415],"tipVelocity":[36.6583,-53.4221,-95.043],"tool":false,"touchDistance":0.333333,"touchZone":"none","type":4,"width":14.7252}],"r":[[0.853196,0.120942,0.5