{"sensorType":"Leap","data":[[0,{"currentFrameRate":106.174,"devices":[],"gestures":[],"hands":[{"armBasis":[[0.931337,0.122984,-0.342763],[0.0758156,0.855138,0.512826],[0.356179,-0.503601,0.787098]],"armWidth":58.4334,"confidence":0.530545,"direction":[0.0450682,0.531646,-0.845767],"elbow":[68.2539,151.697,220.016],"grabStrength":0,"id":249,"palmNormal":[-0.0747418,-0.84246,-0.53355],"palmPosition":[-24.9636,299.987,-18.8522],"palmVelocity":[45.141,3.40454,-81.3737],"palmWidth":83.4409,"pinchStrength":0.322121,"r":[[0.817577,-0.317958,0.480074],[0.399623,0.913565,-0.0755028],[-0.414572,0.253578,0.873973]],"s":1.18749,"sphereCenter":[-45.6232,283.943,-51.9546],"sphereRadius":44.9868,"stabilizedPalmPosition":[-64.2821,258.452,152.27],"t":[78.2463,63.6167,-235.903],"timeVisible":1.05747,"type":"right","wrist":[-19.9356,276.388,25.1314]}],"id":282897,"interactionBox":{"center":[0,200,0],"size":[235.247,235.247,147.751]},"pointables":[{"bases":[[[0.476507,0.822147,0.311473],[-0.785886,0.239504,0.570107],[0.394112,-0.516442,0.760239]],[[0.413186,0.889311,0.19597],[-0.801725,0.253184,0.541419],[0.431873,-0.380821,0.817595]],[[0.413186,0.889311,0.19597],[-0.899521,0.432112,-0.0643592],[-0.141916,-0.149687,0.978496]],[[0.413186,0.889311,0.19597],[-0.789433,0.457071,-0.409733],[-0.453952,0.0145908,0.890907]]],"btipPosition":[-52.4499,290.456,-64.5939],"carpPosition":[-46.8604,268.657,22.5474],"dipPosition":[-62.1926,290.77,-45.4733],"direction":[0.141916,0.149687,-0.978496],"extended":false,"handId":249,"id":2490,"length":47.7925,"mcpPosition":[-46.8604,268.657,22.5474],"pipPosition":[-66.6299,286.089,-14.8789],"stabilizedTipPosition":[-104.761,239.07,106.286],"timeVisible":1.05747,"tipPosition":[-53.9575,288.916,-60.3614],"tipVelocity":[70.5672,49.2786,-102.062],"tool":false,"touchDistance":-0.447361,"touchZone":"hovering","type":0,"width":18.5699},{"bases":[[[0.989609,0.00324284,-0.143749],[0.0556938,0.913057,0.404011],[0.132561,-0.407818,0.903389]],[[0.984317,0.0176257,-0.175524],[0.0619214,0.897163,0.437338],[0.165182,-0.441348,0.882002]],[[0.984317,0.0176257,-0.175524],[0.0420621,0.942848,0.330557],[0.171319,-0.332756,0.92732]],[[0.984317,0.0176257,-0.175524],[0.0255082,0.970318,0.240483],[0.174553,-0.241189,0.954651]]],"btipPosition":[-59.6934,344.391,-107.406],"carpPosition":[-37.71,288.335,23.8022],"dipPosition":[-56.9585,340.612,-92.4488],"direction":[-0.171319,0.332756,-0.92732],"extended":true,"handId":249,"id":2491,"length":53.9285,"mcpPosition":[-46.6533,315.848,-37.1456],"pipPosition":[-53.1612,333.237,-71.8947],"stabilizedTipPosition":[-93.7489,300.483,-0.354711],"timeVisible":1.05747,"tipPosition":[-58.5551,342.332,-104.43],"tipVelocity":[50.7521,10.8989,-85.1015],"tool":false,"touchDistance":-0.421844,"touchZone":"hovering","type":1,"width":17.738},{"bases":[[[0.974329,-0.207587,-0.0871296],[0.225094,0.891286,0.393627],[-0.00405439,-0.403135,0.915132]],[[0.97433,-0.204374,-0.0944038],[0.038033,0.562747,-0.825754],[0.221888,0.800966,0.556074]],[[0.97433,-0.204374,-0.0944038],[-0.205829,-0.638857,-0.74128],[0.0911882,0.741683,-0.664523]],[[0.97433,-0.204374,-0.0944038],[-0.222059,-0.941442,-0.253725],[-0.0370209,0.268175,-0.962659]]],"btipPosition":[-37.9288,256.443,-26.8716],"carpPosition":[-26.6405,290.016,22.3392],"dipPosition":[-38.5668,261.064,-43.461],"direction":[-0.0911882,-0.741683,0.664523],"extended":false,"handId":249,"id":2492,"length":61.4471,"mcpPosition":[-26.3811,315.809,-36.2106],"pipPosition":[-36.1889,280.405,-60.7898],"stabilizedTipPosition":[-69.9633,230.714,75.2145],"timeVisible":1.05747,"tipPosition":[-38.2252,257.663,-32.588],"tipVelocity":[118.385,-7.2146,-8.80211],"tool":false,"touchDistance":0.333333,"touchZone":"none","type":2,"width":17.4211},{"bases":[[[0.943353,-0.331243,0.0190655],[0.293886,0.860872,0.415368],[-0.154001,-0.386236,0.909453]],[[0.946124,-0.323801,0.00168121],[0.167884,0.486093,-0.857629],[0.276884,0.811706,0.514266]],[[0.946124,-0.323801,0.00168121],[-0.228303,-0.670749,-0.705672],[0.229625,0.667269,-0.708536]],[[0.946124,-0.323801,0.00168121],[-0.315284,-0.922397,-0.223113],[0.073795,0.210563,-0.974791]]],"btipPosition":[-25.125,257.098,-17.6123],"carpPosition":[-15.5288,288.729,20.9989],"dipPosition":[-23.8606,260.706,-34.3142],"direction":[-0.229625,-0.667269,0.708536],"extended":false,"handId":249,"id":2493,"length":59.0831,"mcpPosition":[-6.68258,310.915,-31.2428],"pipPosition":[-18.0273,277.657,-52.3136],"stabilizedTipPosition":[-50.7603,237.2,64.309],"timeVisible":1.05747,"tipPosition":[-24.8642,257.892,-23.202],"tipVelocity":[103.493,10.7452,-42.812],"tool":false,"touchDistance":0.333333,"touchZone":"none","type":3,"width":16.5772},{"bases":[[[0.857576,-0.511376,0.055302],[0.422267,0.761344,0.491983],[-0.293692,-0.39856,0.868847]],[[0.841369,-0.531161,0.0998291],[0.38893,0.466798,-0.79425],[0.375275,0.707084,0.599334]],[[0.841369,-0.531161,0.0998291],[-0.272745,-0.576758,-0.77004],[0.466592,0.62066,-0.630137]],[[0.841369,-0.531161,0.0998291],[-0.480509,-0.819721,-0.311718],[0.247404,0.214301,-0.944916]]],"btipPosition":[-14.1128,264.609,-20.2588],"carpPosition":[-5.28174,280.863,19.1371],"dipPosition":[-10.2022,267.996,-35.1948],"direction":[-0.466592,-0.62066,0.630138],"extended":false,"handId":249,"id":2494,"length":46.32,"mcpPosition":[10.3351,302.056,-27.0632],"pipPosition":[-1.83335,279.128,-46.497],"stabilizedTipPosition":[-56.7145,230.74,117.082],"timeVisible":1.05747,"tipPosition":[-13.2115,265.437,-24.7644],"tipVelocity":[94.2689,19.8793,-46.0131],"tool":false,"touchDistance":0.333333,"touchZone":"none","type":4,"width":14.7252}],"r":[[0.817577,-0.317958,0.480074],[0.399623,0.913565,-0.0755028],[-0.414572,0.253578,0.873973]],"s":1.18749,"t":[78.2463,63.6167,-235.903],"timestamp":2937671686},false],[1,{"currentFrameRate":106.389,"devices":[],"gestures":[],"hands":[{"armBasis":[[0.932682,0.129099,-0.336805],[0.0669398,0.855583,0.51332],[0.354434,-0.50131,0.789345]],"armWidth":58.4334,"confidence":0.534701,"direction":[0.0458318,0.530524,-0.84643],"elbow":[68.1659,152.23,219.934],"grabStrength":0,"id":249,"palmNormal":[-0.0659259,-0.843867,-0.532487],"palmPosition":[-24.551,299.843,-19.5574],"palmVelocity":[45.3287,-1.92554,-80.5338],"palmWidth":83.4409,"pinchStrength":0.305324,"r":[[0.817239,-0.310769,0.485328],[0.390735,0.917818,-0.0702504],[-0.423611,0.247046,0.871505]],"s":1.19267,"sphereCenter":[-45.2964,283.751,-52.6836],"sphereRadius":45.1312,"stabilizedPalmPosition":[-64.2594,258.475,152.172],"t":[78.6546,63.5333,-236.581],"timeVisible":1.06648,"type":"right","wrist":[-19.5916,276.354,24.493]}],"id":282898,"interactionBox":{"center":[0,200,0],"size":[235.247,235.247,147.751]},"pointables":[{"bases":[[[0.469007,0.826025,0.312594],[-0.790599,0.234894,0.565489],[0.393681,-0.512355,0.763222]],[[0.408941,0.889904,0.202082],[-0.804817,0.247321,0.539538],[0.430158,-0.383279,0.81735]],[[0.408941,0.889904,0.202082],[-0.901015,0.428857,-0.0652189],[-0.144703,-0.155408,0.977195]],[[0.408941,0.889904,0.202082],[-0.791871,0.456107,-0.406087],[-0.453549,0.00604254,0.891211]]],"btipPosition":[-51.8794,290.703,-65.3173],"carpPosition":[-46.4468,268.428,21.7787],"dipPosition":[-61.6134,290.833,-46.1902],"direction":[0.144703,0.155408,-0.977195],"extended":false,"handId":249,"id":2490,"length":47.7925,"mcpPosition":[-46.4468,268.428,21.7787],"pipPosition":[-66.1378,285.974,-15.6364],"stabilizedTipPosition":[-104.257,239.584,104.621],"timeVisible":1.06648,"tipPosition":[-53.4141,289.118,-61.0907],"tipVelocity":[68.6484,41.9724,-96.0468],"tool":false,"touchDistance":-0.441786,"touchZone":"hovering","type":0,"width":18.5699},{"bases":[[[0.990316,0.010008,-0.138469],[0.0470725,0.914109,0.402726],[0.130606,-0.405344,0.904786]],[[0.984729,0.025184,-0.172263],[0.0539664,0.896585,0.439572],[0.165518,-0.442156,0.881534]],[[0.984729,0.025184,-0.172263],[0.0341801,0.942257,0.333142],[0.170705,-0.333943,0.927007]],[[0.984729,0.025184,-0.172263],[0.0177485,0.969804,0.243239],[0.173187,-0.242582,0.954547]]],"btipPosition":[-59.2724,344.142,-108.227],"carpPosition":[-37.4427,288.173,23.0484],"dipPosition":[-56.5589,340.341,-93.2715],"direction":[-0.170705,0.333943,-0.927007],"extended":true,"handId":249,"id":2491,"length":53.9285,"mcpPosition":[-46.2541,315.519,-37.9937],"pipPosition":[-52.7752,332.939,-72.7244],"stabilizedTipPosition":[-93.5551,300.719,-0.931272],"timeVisible":1.06648,"tipPosition":[-58.119,342.08,-105.256],"tipVelocity":[49.5027,0.155902,-86.7836],"tool":false,"touchDistance":-0.420315,"touchZone":"hovering","type":1,"width":17.738},{"bases":[[[0.976225,-0.200828,-0.0815686],[0.216676,0.89352,0.393285],[-0.0060996,-0.401608,0.915791]],[[0.976243,-0.197706,-0.0886727],[0.0373255,0.556556,-0.829971],[0.213442,0.806943,0.550713]],[[0.976243,-0.197706,-0.0886727],[-0.197913,-0.647006,-0.736351],[0.0882092,0.736407,-0.670764]],[[0.976243,-0.197706,-0.0886727],[-0.213867,-0.944922,-0.247756],[-0.034806,0.260834,-0.964756]]],"btipPosition":[-37.1223,256.259,-27.1756],"carpPosition":[-26.3777,289.93,21.6415],"dipPosition":[-37.7221,260.754,-43.8011],"direction":[-0.0882092,-0.736407,0.670764],"extended":false,"handId":249,"id":2492,"length":61.4471,"mcpPosition":[-25.9874,315.625,-36.9504],"pipPosition":[-35.4218,279.957,-61.2927],"stabilizedTipPosition":[-66.2674,233.718,63.2108],"timeVisible":1.06648,"tipPosition":[-37.4005,257.42,-32.8588],"tipVelocity":[110.737,-11.731,-15.9114],"tool":false,"touchDistance":0.333333,"touchZone":"none","type":2,"width":17.4211},{"bases":[[[0.945556,-0.324522,0.0246728],[0.285564,0.863631,0.415445],[-0.156129,-0.385781,0.909283]],[[0.948373,-0.317073,0.00725298],[0.168604,0.484664,-0.858297],[0.268628,0.815209,0.513102]],[[0.948373,-0.317073,0.00725298],[-0.220335,-0.67513,-0.704025],[0.228124,0.666081,-0.710138]],[[0.948373,-0.317073,0.00725298],[-0.307724,-0.925464,-0.220957],[0.076772,0.207318,-0.975257]]],"btipPosition":[-24.3986,257.005,-18.1423],"carpPosition":[-15.2502,288.719,20.3629],"dipPosition":[-23.0832,260.557,-34.8522],"direction":[-0.228124,-0.666081,0.710138],"extended":false,"handId":249,"id":2493,"length":59.0831,"mcpPosition":[-6.28164,310.879,-31.8691],"pipPosition":[-17.288,277.478,-52.8923],"stabilizedTipPosition":[-48.1799,239.195,55.9578],"timeVisible":1.06648,"tipPosition":[-24.1206,257.77,-23.6857],"tipVelocity":[97.5781,4.5495,-47.2743],"tool":false,"touchDistance":0.333333,"touchZone":"none","type":3,"width":16.5772},{"bases":[[[0.860863,-0.505197,0.0607616],[0.414233,0.765144,0.492915],[-0.295511,-0.399163,0.867953]],[[0.844741,-0.524819,0.104769],[0.388012,0.465773,-0.7953],[0.36859,0.712475,0.597094]],[[0.844741,-0.524819,0.104769],[-0.266992,-0.582941,-0.767395],[0.463818,0.620278,-0.632557]],[[0.844741,-0.524819,0.104769],[-0.473959,-0.824559,-0.308976],[0.248545,0.211348,-0.945282]]],"btipPosition":[-13.4238,264.579,-20.6572],"carpPosition":[-4.93788,280.923,18.5694],"dipPosition":[-9.4951,267.92,-35.599],"direction":[-0.463818,-0.620278,0.632557],"extended":false,"handId":249,"id":2494,"length":46.32,"mcpPosition":[10.7757,302.148,-27.5835],"pipPosition":[-1.17603,279.045,-46.9446],"stabilizedTipPosition":[-54.366,232.579,109.58],"timeVisible":1.06648,"tipPosition":[-12.5159,265.384,-25.1646],"tipVelocity":[89.5193,13.1976,-45.5682],"tool":false,"touchDistance":0.333333,"touchZone":"none","type":4,"width":14.7252}],"r":[[0.817239,-0.310769,0.485328],[0.390735,0.917818,-0.0702504],[-0.423611,0.247046,0.871505]],"s":1.19267,"t":[78.6546,63.5333,-236.581],"timestamp":2937680691},false],[2,{"currentFrameRate":106.524,"devices":[],"gestures":[],"hands":[{"armBasis":[[0.93345,0.136694,-0.331642],[0.0582672,0.854486,0.516197],[0.353945,-0.501167,0.789655]],"armWidth":58.4334,"confidence":0.537967,"direction":[0.0455497,0.528098,-0.847961],"elbow":[68.39,152.239,219.881],"grabStrength":0,"id":249,"palmNormal":[-0.0575372,-0.846046,-0.529996],"palmPosition":[-24.1901,299.637,-19.7839],"palmVelocity":[43.7037,-7.6543,-65.027],"palmWidth":83.4409,"pinchStrength":0.298335,"r":[[0.816913,-0.303525,0.490434],[0.382285,0.921658,-0.0663649],[-0.431869,0.2417,0.868948]],"s":1.19706,"sphereCenter":[-45.1683,283.573,-52.8401],"sphereRadius":45.284,"stabilizedPalmPosition":[-64.2326,258.503,152.057],"t":[79.0392,63.3887,-237.034],"timeVisible":1.07562,"type":"right","wrist":[-19.2463,276.328,24.3635]}],"id":282899,"interactionBox":{"center":[0,200,0],"size":[235.247,235.247,147.751]},"pointables":[{"bases":[[[0.461663,0.830428,0.311858],[-0.794669,0.23096,0.56139],[0.394168,-0.506997,0.766541]],[[0.402758,0.892528,0.202927],[-0.808678,0.243133,0.535655],[0.428749,-0.379842,0.819692]],[[0.402758,0.892528,0.202927],[-0.903316,0.423358,-0.0691947],[-0.147669,-0.155438,0.976746]],[[0.402758,0.892528,0.202927],[-0.792932,0.450972,-0.409736],[-0.457215,0.00411709,0.889347]]],"btipPosition":[-51.2281,290.357,-65.5868],"carpPosition":[-46.0314,268.198,21.5623],"dipPosition":[-61.0408,290.446,-46.4997],"direction":[0.147669,0.155438,-0.976746],"extended":false,"handId":249,"id":2490,"length":47.7925,"mcpPosition":[-46.0314,268.198,21.5623],"pipPosition":[-65.6579,285.586,-15.96],"stabilizedTipPosition":[-103.73,240.111,102.901],"timeVisible":1.07562,"tipPosition":[-52.8317,288.813,-61.3631],"tipVelocity":[68.8258,19.493,-77.8136],"tool":false,"touchDistance":-0.430122,"touchZone":"hovering","type":0,"width":18.5699},{"bases":[[[0.990794,0.0167735,-0.134338],[0.0387221,0.915728,0.399928],[0.129725,-0.401448,0.906648]],[[0.984826,0.0327838,-0.17042],[0.0468325,0.895358,0.442878],[0.167106,-0.444139,0.880237]],[[0.984826,0.0327838,-0.17042],[0.0271138,0.94087,0.337682],[0.171413,-0.337179,0.925704]],[[0.984826,0.0327838,-0.17042],[0.0107809,0.968541,0.24862],[0.173209,-0.246685,0.953491]]],"btipPosition":[-59.0254,343.932,-108.5],"carpPosition":[-37.1765,288.011,22.8052],"dipPosition":[-56.3116,340.067,-93.5603],"direction":[-0.171413,0.337179,-0.925704],"extended":true,"handId":249,"id":2491,"length":53.9285,"mcpPosition":[-45.9286,315.095,-38.3625],"pipPosition":[-52.5122,332.593,-73.042],"stabilizedTipPosition":[-93.3779,300.933,-1.45637],"timeVisible":1.07562,"tipPosition":[-57.8636,341.807,-105.551],"tipVelocity":[43.2525,-6.73038,-71.0448],"tool":false,"touchDistance":-0.410757,"touchZone":"hovering","type":1,"width":17.738},{"bases":[[[0.977995,-0.193975,-0.0768081],[0.208509,0.896345,0.391267],[-0.00704936,-0.398673,0.917066]],[[0.97802,-0.19093,-0.0837963],[0.0360016,0.550477,-0.834074],[0.205378,0.812724,0.545252]],[[0.97802,-0.19093,-0.0837963],[-0.190484,-0.654691,-0.731502],[0.084805,0.731386,-0.67667]],[[0.97802,-0.19093,-0.0837963],[-0.205827,-0.948297,-0.241594],[-0.0333361,0.253532,-0.966752]]],"btipPosition":[-36.3827,255.987,-27.0297],"carpPosition":[-26.1188,289.845,21.4392],"dipPosition":[-36.9572,260.356,-43.6896],"direction":[-0.084805,-0.731386,0.67667],"extended":false,"handId":249,"id":2492,"length":61.4471,"mcpPosition":[-25.6677,315.352,-37.2344],"pipPosition":[-34.7457,279.428,-61.3352],"stabilizedTipPosition":[-62.6205,236.571,51.6799],"timeVisible":1.07562,"tipPosition":[-36.6467,257.093,-32.6749],"tipVelocity":[102.62,-17.6246,-7.2855],"tool":false,"touchDistance":0.333333,"touchZone":"none","type":2,"width":17.4211},{"bases":[[[0.947778,-0.317543,0.0297075],[0.277518,0.86703,0.413815],[-0.157161,-0.38396,0.909876]],[[0.950619,-0.310119,0.0122483],[0.168465,0.482454,-0.859568],[0.260659,0.819185,0.510874]],[[0.950619,-0.310119,0.0122483],[-0.212807,-0.680034,-0.701617],[0.225914,0.664364,-0.712449]],[[0.950619,-0.310119,0.0122483],[-0.300173,-0.928725,-0.217639],[0.0788693,0.203215,-0.975953]]],"btipPosition":[-23.7199,256.843,-18.166],"carpPosition":[-14.9774,288.71,20.2112],"dipPosition":[-22.3686,260.325,-34.8878],"direction":[-0.225914,-0.664364,0.712449],"extended":false,"handId":249,"id":2493,"length":59.0831,"mcpPosition":[-5.94963,310.766,-32.0548],"pipPosition":[-16.6296,277.202,-52.9867],"stabilizedTipPosition":[-45.7122,241.033,48.1904],"timeVisible":1.07562,"tipPosition":[-23.4293,257.577,-23.6699],"tipVelocity":[91.3446,-2.13843,-34.9309],"tool":false,"touchDistance":0.333333,"touchZone":"none","type":3,"width":16.5772},{"bases":[[[0.864249,-0.498712,0.0660309],[0.406572,0.769735,0.492146],[-0.296266,-0.398491,0.868005]],[[0.848395,-0.517968,0.109245],[0.386029,0.464147,-0.797214],[0.362226,0.718524,0.59373]],[[0.848395,-0.517968,0.109245],[-0.261745,-0.58984,-0.763923],[0.460125,0.619514,-0.635993]],[[0.848395,-0.517968,0.109245],[-0.46738,-0.829832,-0.304852],[0.248559,0.207576,-0.946114]]],"btipPosition":[-12.7746,264.482,-20.5589],"carpPosition":[-4.60125,280.984,18.4866],"dipPosition":[-8.84571,267.763,-35.5138],"direction":[-0.460125,-0.619514,0.635993],"extended":false,"handId":249,"id":2494,"length":46.32,"mcpPosition":[11.1525,302.173,-27.669],"pipPosition":[-0.592876,278.875,-46.921],"stabilizedTipPosition":[-51.8829,234.487,101.775],"timeVisible":1.07562,"tipPosition":[-11.8688,265.261,-25.0659],"tipVelocity":[84.3783,6.14568,-29.991],"tool":false,"touchDistance":0.333333,"touchZone":"none","type":4,"width":14.7252}],"r":[[0.816913,-0.303525,0.490434],[0.382285,0.921658,-0.0663649],[-0.431869,0.2417,0.868948]],"s":1.19706,"t":[79.0392,63.3887,-237.034],"timestamp":2937689830},false],[3,{"currentFrameRate":106.534,"devices":[],"gestures":[],"hands":[{"armBasis":[[0.934445,0.146411,-0.324616],[0.0472661,0.85251,0.520569],[0.352956,-0.501787,0.789704]],"armWidth":58.4334,"confidence":0.530529,"direction":[0.046792,0.525427,-0.849551],"elbow":[68.4578,152.308,219.497],"grabStrength":0,"id":249,"palmNormal":[-0.0468982,-0.848389,-0.527291],"palmPosition":[-23.7772,299.658,-20.2966],"palmVelocity":[43.8064,-4.84103,-62.0996],"palmWidth":83.4409,"pinchStrength":0.293318,"r":[[0.816412,-0.296012,0.495831],[0.374014,0.925249,-0.0634583],[-0.439983,0.237256,0.866097]],"s":1.20093,"sphereCenter":[-44.9134,283.625,-53.3195],"sphereRadius":45.4493,"stabilizedPalmPosition":[-64.2005,258.535,151.921],"t":[79.4379,63.3269,-237.516],"timeVisible":1.08499,"type":"right","wrist":[-18.9336,276.549,23.9671]}],"id":282900,"interactionBox":{"center":[0,200,0],"size":[235.247,235.247,147.751]},"pointables":[{"bases":[[[0.452591,0.835389,0.311907],[-0.800314,0.226278,0.555245],[0.393268,-0.500922,0.770985]],[[0.394739,0.895891,0.203865],[-0.814127,0.238203,0.529582],[0.425886,-0.375018,0.823397]],[[0.394739,0.895891,0.203865],[-0.905981,0.416457,-0.0759033],[-0.152902,-0.154736,0.976052]],[[0.394739,0.895891,0.203865],[-0.793273,0.444267,-0.416348],[-0.463573,0.00262847,0.886055]]],"btipPosition":[-50.3959,290.133,-66.2092],"carpPosition":[-45.6304,268.185,21.0172],"dipPosition":[-60.345,290.19,-47.1927],"direction":[0.152902,0.154736,-0.976052],"extended":false,"handId":249,"id":2490,"length":47.7925,"mcpPosition":[-45.6304,268.185,21.0172],"pipPosition":[-65.1258,285.352,-16.6747],"stabilizedTipPosition":[-103.158,240.671,101.056],"timeVisible":1.08499,"tipPosition":[-52.0666,288.624,-61.9947],"tipVelocity":[73.5551,6.93597,-75.072],"tool":false,"touchDistance":-0.425023,"touchZone":"hovering","type":0,"width":18.5699},{"bases":[[[0.991494,0.0246206,-0.127799],[0.02837,0.917445,0.396849],[0.127019,-0.397099,0.908944]],[[0.985256,0.0413436,-0.166013],[0.0378091,0.893751,0.446967],[0.166854,-0.446654,0.879011]],[[0.985256,0.0413436,-0.166013],[0.0184045,0.939118,0.343103],[0.170091,-0.341099,0.924511]],[[0.985256,0.0413436,-0.166013],[0.00237792,0.966959,0.254922],[0.171067,-0.251558,0.952604]]],"btipPosition":[-58.5438,343.966,-109.124],"carpPosition":[-36.9503,288.076,22.2471],"dipPosition":[-55.8635,340.024,-94.1986],"direction":[-0.170091,0.341099,-0.924511],"extended":true,"handId":249,"id":2491,"length":53.9285,"mcpPosition":[-45.5198,314.867,-39.0755],"pipPosition":[-52.0935,332.464,-73.7068],"stabilizedTipPosition":[-93.2081,301.134,-1.95536],"timeVisible":1.08499,"tipPosition":[-57.3902,341.766,-106.198],"tipVelocity":[45.3332,-4.33137,-69.8914],"tool":false,"touchDistance":-0.407429,"touchZone":"hovering","type":1,"width":17.738},{"bases":[[[0.980078,-0.186021,-0.0695902],[0.198367,0.899459,0.389389],[-0.00984087,-0.395436,0.918441]],[[0.980125,-0.183054,-0.0764661],[0.036409,0.544881,-0.837722],[0.195013,0.818288,0.540717]],[[0.980125,-0.183054,-0.0764661],[-0.180406,-0.662105,-0.727373],[0.0825199,0.726711,-0.681969]],[[0.980125,-0.183054,-0.0764661],[-0.196167,-0.951741,-0.236025],[-0.0295707,0.246334,-0.968734]]],"btipPosition":[-35.532,255.933,-27.236],"carpPosition":[-25.8994,289.998,20.948],"dipPosition":[-36.0416,260.178,-43.9301],"direction":[-0.0825199,-0.726711,0.681969],"extended":false,"handId":249,"id":2492,"length":61.4471,"mcpPosition":[-25.2698,315.298,-37.8134],"pipPosition":[-33.8897,279.128,-61.7139],"stabilizedTipPosition":[-59.0523,239.261,40.7318],"timeVisible":1.08499,"tipPosition":[-35.7685,256.984,-32.8442],"tipVelocity":[99.7163,-15.1313,-11.7094],"tool":false,"touchDistance":0.333333,"touchZone":"none","type":2,"width":17.4211},{"bases":[[[0.950187,-0.309457,0.03717],[0.267468,0.870806,0.412502],[-0.160019,-0.382012,0.910198]],[[0.953106,-0.302005,0.0195463],[0.169448,0.479019,-0.861294],[0.250752,0.824217,0.50773]],[[0.953106,-0.302005,0.0195463],[-0.203195,-0.686457,-0.698204],[0.224279,0.66149,-0.715632]],[[0.953106,-0.302005,0.0195463],[-0.291129,-0.93259,-0.213353],[0.0826623,0.197657,-0.97678]]],"btipPosition":[-22.9369,256.935,-18.3735],"carpPosition":[-14.741,288.952,19.7984],"dipPosition":[-21.5205,260.322,-35.1095],"direction":[-0.224279,-0.66149,0.715632],"extended":false,"handId":249,"id":2493,"length":59.0831,"mcpPosition":[-5.54905,310.896,-32.4861],"pipPosition":[-15.823,277.126,-53.2892],"stabilizedTipPosition":[-43.3123,242.766,40.8754],"timeVisible":1.08499,"tipPosition":[-22.6255,257.628,-23.8424],"tipVelocity":[89.5924,0.598399,-31.3974],"tool":false,"touchDistance":0.333333,"touchZone":"none","type":3,"width":16.5772},{"bases":[[[0.867938,-0.491191,0.0735941],[0.396805,0.77488,0.492044],[-0.298714,-0.397861,0.867454]],[[0.852235,-0.510122,0.11607],[0.385727,0.46281,-0.798136],[0.353428,0.724971,0.591191]],[[0.852235,-0.510122,0.11607],[-0.253936,-0.597332,-0.760731],[0.457398,0.618847,-0.638605]],[[0.852235,-0.510122,0.11607],[-0.459225,-0.835722,-0.301134],[0.250617,0.203334,-0.946492]]],"btipPosition":[-12.0307,264.642,-20.7101],"carpPosition":[-4.28914,281.307,18.171],"dipPosition":[-8.06923,267.856,-35.671],"direction":[-0.457398,-0.618847,0.638605],"extended":false,"handId":249,"id":2494,"length":46.32,"mcpPosition":[11.5948,302.463,-27.9554],"pipPosition":[0.134685,278.956,-47.125],"stabilizedTipPosition":[-49.2401,236.49,93.6107],"timeVisible":1.08499,"tipPosition":[-11.1184,265.389,-25.2144],"tipVelocity":[83.1924,8.77814,-26.0974],"tool":false,"touchDistance":0.333333,"touchZone":"none","type":4,"width":14.7252}],"r":[[0.816412,-0.296012,0.495831],[0.374014,0.925249,-0.0634583],[-0.439983,0.237256,0.866097]],"s":1.20093,"t":[79.4379,63.3269,-237.516],"timestamp":2937699199},false],[4,{"currentFrameRate":106.729,"devices":[],"gestures":[],"hands":[{"armBasis":[[0.934381,0.157945,-0.319351],[0.0355013,0.850624,0.524575],[0.354502,-0.50149,0.7892]],"armWidth":58.4334,"confidence":0.533259,"direction":[0.0459937,0.523439,-0.850821],"elbow":[69.2313,152.559,218.977],"grabStrength":0,"id":249,"palmNormal":[-0.0354754,-0.850329,-0.525054],"palmPosition":[-23.3844,299.659,-20.7841],"palmVelocity":[43.7463,-3.48569,-59.8995],"palmWidth":83.4409,"pinchStrength":0.287605,"r":[[0.815986,-0.288062,0.501186],[0.365542,0.928773,-0.0613197],[-0.447824,0.23324,0.863164]],"s":1.20452,"sphereCenter":[-44.692,283.645,-53.7679],"sphereRadius":45.6248,"stabilizedPalmPosition":[-64.1649,258.571,151.77],"t":[79.8336,63.2964,-238.001],"timeVisible":1.094,"type":"right","wrist":[-18.543,276.727,23.572]}],"id":282901,"interactionBox":{"center":[0,200,0],"size":[235.247,235.247,147.751]},"pointables":[{"bases":[[[0.442423,0.840834,0.311865],[-0.80552,0.219726,0.550326],[0.394208,-0.494691,0.77452]],[[0.385776,0.899399,0.205567],[-0.818817,0.231108,0.525479],[0.425108,-0.371039,0.825599]],[[0.385776,0.899399,0.205567],[-0.909382,0.408263,-0.079653],[-0.155565,-0.156211,0.975396]],[[0.385776,0.899399,0.205567],[-0.795129,0.437126,-0.420346],[-0.467918,-0.00129292,0.883771]]],"btipPosition":[-49.6907,289.98,-66.7528],"carpPosition":[-45.1374,268.084,20.5048],"dipPosition":[-59.7331,289.953,-47.7854],"direction":[0.155565,0.156211,-0.975396],"extended":false,"handId":249,"id":2490,"length":47.7925,"mcpPosition":[-45.1374,268.084,20.5048],"pipPosition":[-64.5971,285.068,-17.2879],"stabilizedTipPosition":[-102.571,241.237,99.1803],"timeVisible":1.094,"tipPosition":[-51.3993,288.479,-62.5501],"tipVelocity":[74.1907,-0.226631,-71.363],"tool":false,"touchDistance":-0.419178,"touchZone":"hovering","type":0,"width":18.5699},{"bases":[[[0.991862,0.0343253,-0.122605],[0.0169442,0.918819,0.394314],[0.126187,-0.393183,0.91076]],[[0.985344,0.0516036,-0.162587],[0.0279333,0.891464,0.45223],[0.168277,-0.450144,0.876957]],[[0.985344,0.0516036,-0.162587],[0.00876994,0.936557,0.350405],[0.170354,-0.346695,0.922379]],[[0.985344,0.0516036,-0.162587],[-0.00700129,0.964575,0.263717],[0.170436,-0.258713,0.950799]]],"btipPosition":[-58.2556,344.065,-109.615],"carpPosition":[-36.6662,288.065,21.7227],"dipPosition":[-55.5852,340.011,-94.7174],"direction":[-0.170354,0.346695,-0.922379],"extended":true,"handId":249,"id":2491,"length":53.9285,"mcpPosition":[-45.1796,314.592,-39.7225],"pipPosition":[-51.8093,332.327,-74.2728],"stabilizedTipPosition":[-93.0577,301.312,-2.39632],"timeVisible":1.094,"tipPosition":[-57.1136,341.772,-106.719],"tipVelocity":[41.5932,-0.910043,-65.8391],"tool":false,"touchDistance":-0.402474,"touchZone":"hovering","type":1,"width":17.738},{"bases":[[[0.982272,-0.176253,-0.0638437],[0.187153,0.90254,0.387809],[-0.0107312,-0.392883,0.919526]],[[0.982325,-0.173338,-0.0706547],[0.0350102,0.540938,-0.840333],[0.183881,0.823007,0.537445]],[[0.982325,-0.173338,-0.0706547],[-0.170014,-0.668294,-0.724209],[0.0783144,0.72342,-0.685952]],[[0.982325,-0.173338,-0.0706547],[-0.185177,-0.955031,-0.231572],[-0.0273374,0.240562,-0.970249]]],"btipPosition":[-34.641,255.844,-27.5022],"carpPosition":[-25.6286,290.096,20.4767],"dipPosition":[-35.1121,259.989,-44.2224],"direction":[-0.0783144,-0.72342,0.685952],"extended":false,"handId":249,"id":2492,"length":61.4471,"mcpPosition":[-24.942,315.232,-38.3542],"pipPosition":[-33.0698,278.854,-62.11],"stabilizedTipPosition":[-55.8286,241.587,31.1706],"timeVisible":1.094,"tipPosition":[-34.859,256.85,-33.0715],"tipVelocity":[99.7536,-14.3759,-16.7942],"tool":false,"touchDistance":0.333333,"touchZone":"none","type":2,"width":17.4211},{"bases":[[[0.953065,-0.299681,0.0431161],[0.256416,0.874657,0.411372],[-0.160992,-0.381008,0.910447]],[[0.956023,-0.292193,0.0253528],[0.168587,0.476741,-0.862726],[0.239996,0.82906,0.505035]],[[0.956023,-0.292193,0.0253528],[-0.193157,-0.692312,-0.695266],[0.220704,0.659793,-0.718306]],[[0.956023,-0.292193,0.0253528],[-0.280699,-0.936609,-0.209697],[0.0850176,0.193358,-0.977438]]],"btipPosition":[-22.103,257.004,-18.6072],"carpPosition":[-14.4542,289.16,19.3894],"dipPosition":[-20.6463,260.317,-35.3545],"direction":[-0.220704,-0.659793,0.718306],"extended":false,"handId":249,"id":2493,"length":59.0831,"mcpPosition":[-5.20636,311.047,-32.9094],"pipPosition":[-15.0396,277.078,-53.6021],"stabilizedTipPosition":[-41.1114,244.298,34.4053],"timeVisible":1.094,"tipPosition":[-21.7778,257.665,-24.0405],"tipVelocity":[90.6821,2.0141,-29.975],"tool":false,"touchDistance":0.333333,"touchZone":"none","type":3,"width":16.5772},{"bases":[[[0.87247,-0.482136,0.0796335],[0.386293,0.780277,0.491879],[-0.299289,-0.398388,0.867014]],[[0.856931,-0.500887,0.121583],[0.383853,0.462742,-0.799079],[0.343987,0.731425,0.588804]],[[0.856931,-0.500887,0.121583],[-0.245766,-0.604411,-0.757817],[0.453066,0.619515,-0.641039]],[[0.856931,-0.500887,0.121583],[-0.449905,-0.841982,-0.297744],[0.251506,0.200445,-0.946872]]],"btipPosition":[-11.258,264.804,-20.8908],"carpPosition":[-3.91678,281.617,17.8398],"dipPosition":[-7.28249,267.973,-35.8577],"direction":[-0.453066,-0.619515,0.641039],"extended":false,"handId":249,"id":2494,"length":46.32,"mcpPosition":[11.9977,302.801,-28.2632],"pipPosition":[0.843739,279.084,-47.3555],"stabilizedTipPosition":[-46.6317,238.438,85.7012],"timeVisible":1.094,"tipPosition":[-10.3422,265.527,-25.391],"tipVelocity":[83.9913,10.9989,-24.4791],"tool":false,"touchDistance":0.333333,"touchZone":"none","type":4,"width":14.7252}],"r":[[0.815986,-0.288062,0.501186],[0.365542,0.928773,-0.0613197],[-0.447824,0.23324,0.863164]],"s":1.20452,"t":[79.8336,63.2964,-238.001],"timestamp":2937708211},false],[5,{"currentFrameRate":106.94,"devices":[],"gestures":[],"hands":[{"armBasis":[[0.93547,0.164347,-0.312867],[0.0270226,0.849435,0.527],[0.352372,-0.501447,0.79018]],"armWidth":58.4334,"confidence":0.49859,"direction":[0.0478461,0.519376,-0.853206],"elbow":[69.0029,152.79,218.783],"grabStrength":0,"id":249,"palmNormal":[-0.0273664,-0.853182,-0.520896],"palmPosition":[-22.9627,299.625,-21.3654],"palmVelocity":[44.6479,-3.57905,-61.2515],"palmWidth":83.4409,"pinchStrength":0.282752,"r":[[0.815307,-0.280221,0.506705],[0.357694,0.931898,-0.0601792],[-0.455334,0.23031,0.860017]],"s":1.20785,"sphereCenter":[-44.4305,283.641,-54.2901],"sphereRadius":45.7868,"stabilizedPalmPosition":[-64.1249,258.611,151.602],"t":[80.2424,63.264,-238.534],"timeVisible":1.10296,"type":"right","wrist":[-18.2439,276.948,23.1347]}],"id":282902,"interactionBox":{"center":[0,200,0],"size":[235.247,235.247,147.751]},"pointables":[{"bases":[[[0.435599,0.845031,0.310122],[-0.810004,0.21771,0.544514],[0.392615,-0.48839,0.779313]],[[0.380458,0.90169,0.205442],[-0.822722,0.228554,0.520472],[0.42235,-0.367039,0.828796]],[[0.380458,0.90169,0.205442],[-0.910956,0.403691,-0.0848135],[-0.15941,-0.15488,0.974987]],[[0.380458,0.90169,0.205442],[-0.793505,0.432382,-0.428247],[-0.474976,-0.0000888477,0.879999]]],"btipPosition":[-48.9236,289.776,-67.3526],"carpPosition":[-44.7682,268.13,19.9576],"dipPosition":[-59.1175,289.775,-48.4662],"direction":[0.15941,0.15488,-0.974987],"extended":false,"handId":249,"id":2490,"length":47.7925,"mcpPosition":[-44.7682,268.13,19.9576],"pipPosition":[-64.1018,284.932,-17.9815],"stabilizedTipPosition":[-101.944,241.831,97.1965],"timeVisible":1.10296,"tipPosition":[-50.7028,288.311,-63.1734],"tipVelocity":[76.2391,-6.20773,-70.7115],"tool":false,"touchDistance":-0.41487,"touchZone":"hovering","type":0,"width":18.5699},{"bases":[[[0.992338,0.0396175,-0.117025],[0.00919155,0.920895,0.389702],[0.123206,-0.387792,0.913476]],[[0.985773,0.0570636,-0.158096],[0.0215707,0.889876,0.455693],[0.16669,-0.45262,0.875985]],[[0.985773,0.0570636,-0.158096],[0.00299895,0.934484,0.355994],[0.168053,-0.351403,0.921018]],[[0.985773,0.0570636,-0.158096],[-0.0122713,0.962529,0.270902],[0.167631,-0.265108,0.949535]]],"btipPosition":[-57.6539,344.106,-110.31],"carpPosition":[-36.4231,288.168,21.1224],"dipPosition":[-55.0274,339.952,-95.4324],"direction":[-0.168053,0.351403,-0.921018],"extended":true,"handId":249,"id":2491,"length":53.9285,"mcpPosition":[-44.7353,314.331,-40.506],"pipPosition":[-51.3025,332.163,-75.018],"stabilizedTipPosition":[-92.9111,301.482,-2.82177],"timeVisible":1.10296,"tipPosition":[-56.5546,341.725,-107.435],"tipVelocity":[48.2717,-0.10816,-69.1834],"tool":false,"touchDistance":-0.401057,"touchZone":"hovering","type":1,"width":17.738},{"bases":[[[0.983657,-0.170713,-0.0572433],[0.179529,0.905598,0.384268],[-0.0137602,-0.388264,0.921445]],[[0.983731,-0.167876,-0.0639647],[0.0363504,0.534693,-0.844264],[0.175933,0.828204,0.532096]],[[0.983731,-0.167876,-0.0639647],[-0.16206,-0.67561,-0.719227],[0.0775258,0.717892,-0.691824]],[[0.983731,-0.167876,-0.0639647],[-0.178096,-0.958035,-0.224612],[-0.0235736,0.232349,-0.972347]]],"btipPosition":[-33.9022,255.766,-27.7459],"carpPosition":[-25.3906,290.258,19.93],"dipPosition":[-34.3084,259.77,-44.5022],"direction":[-0.0775258,-0.717892,0.691824],"extended":false,"handId":249,"id":2492,"length":61.4471,"mcpPosition":[-24.5103,315.099,-39.0236],"pipPosition":[-32.2867,278.491,-62.543],"stabilizedTipPosition":[-52.8748,243.63,22.6784],"timeVisible":1.10296,"tipPosition":[-34.0951,256.713,-33.2838],"tipVelocity":[95.4623,-13.7962,-19.8916],"tool":false,"touchDistance":0.333333,"touchZone":"none","type":2,"width":17.4211},{"bases":[[[0.954559,-0.293768,0.0501751],[0.248818,0.878249,0.408374],[-0.164033,-0.377332,0.911435]],[[0.957613,-0.286258,0.0321641],[0.170198,0.472178,-0.864916],[0.232402,0.833729,0.500884]],[[0.957613,-0.286258,0.0321641],[-0.185709,-0.698859,-0.69073],[0.220205,0.655479,-0.722397]],[[0.957613,-0.286258,0.0321641],[-0.274123,-0.939894,-0.203607],[0.0885151,0.18616,-0.978524]]],"btipPosition":[-21.4149,257.058,-18.8483],"carpPosition":[-14.2047,289.384,18.9124],"dipPosition":[-19.8983,260.247,-35.6142],"direction":[-0.220205,-0.655479,0.722397],"extended":false,"handId":249,"id":2493,"length":59.0831,"mcpPosition":[-4.78216,311.059,-33.4432],"pipPosition":[-14.3043,276.899,-53.9657],"stabilizedTipPosition":[-39.0475,245.688,28.5254],"timeVisible":1.10296,"tipPosition":[-21.074,257.667,-24.2464],"tipVelocity":[87.291,2.23985,-29.2624],"tool":false,"touchDistance":0.333333,"touchZone":"none","type":3,"width":16.5772},{"bases":[[[0.874837,-0.476512,0.0871571],[0.378781,0.785056,0.490114],[-0.301969,-0.395757,0.86729]],[[0.859314,-0.494981,0.128737],[0.384263,0.458723,-0.801196],[0.337522,0.737948,0.58439]],[[0.859314,-0.494981,0.128737],[-0.240028,-0.612569,-0.753091],[0.451626,0.616241,-0.645198]],[[0.859314,-0.494981,0.128737],[-0.444146,-0.847019,-0.292051],[0.253603,0.193786,-0.947699]]],"btipPosition":[-10.6102,264.895,-21.0519],"carpPosition":[-3.61384,281.896,17.4625],"dipPosition":[-6.6016,267.958,-36.0319],"direction":[-0.451626,-0.616241,0.645198],"extended":false,"handId":249,"id":2494,"length":46.32,"mcpPosition":[12.4432,302.94,-28.6551],"pipPosition":[1.4988,279.011,-47.6043],"stabilizedTipPosition":[-44.0147,240.362,77.8949],"timeVisible":1.10296,"tipPosition":[-9.68392,265.575,-25.5548],"tipVelocity":[81.0117,10.0318,-22.7899],"tool":false,"touchDistance":0.333333,"touchZone":"none","type":4,"width":14.7252}],"r":[[0.815307,-0.280221,0.506705],[0.357694,0.931898,-0.0601792],[-0.455334,0.23031,0.860017]],"s":1.20785,"t":[80.2424,63.264,-238.534],"timestamp":2937717176},false],[6,{"currentFrameRate":107.175,"devices":[],"gestures":[],"hands":[{"armBasis":[[0.93604,0.169417,-0.308427],[0.0206764,0.848484,0.528817],[0.351286,-0.501371,0.790712]],"armWidth":58.4334,"confidence":0.506214,"direction":[0.0485277,0.515616,-0.855444],"elbow":[69.0368,153,218.68],"grabStrength":0,"id":249,"palmNormal":[-0.0213519,-0.855722,-0.516995],"palmPosition":[-22.6032,299.585,-21.7221],"palmVelocity":[43.4886,-3.8325,-55.4871],"palmWidth":83.4409,"pinchStrength":0.277205,"r":[[0.81457,-0.272691,0.511971],[0.350542,0.934628,-0.0599178],[-0.462164,0.228275,0.85691]],"s":1.2109,"sphereCenter":[-44.2782,283.623,-54.5737],"sphereRadius":45.9405,"stabilizedPalmPosition":[-64.0792,258.656,151.411],"t":[80.6265,63.2277,-238.979],"timeVisible":1.11187,"type":"right","wrist":[-17.9412,277.139,22.9008]}],"id":282903,"interactionBox":{"center":[0,200,0],"size":[235.247,235.247,147.751]},"pointables":[{"bases":[[[0.430398,0.848549,0.307769],[-0.813052,0.216355,0.540497],[0.392051,-0.482861,0.783033]],[[0.377014,0.903093,0.205631],[-0.824845,0.226389,0.518053],[0.421297,-0.364926,0.830264]],[[0.377014,0.903093,0.205631],[-0.91208,0.400626,-0.0872254],[-0.161154,-0.154666,0.974735]],[[0.377014,0.903093,0.205631],[-0.791962,0.429444,-0.434021],[-0.480268,0.000780014,0.877122]]],"btipPosition":[-48.3502,289.703,-67.6406],"carpPosition":[-44.411,268.179,19.6671],"dipPosition":[-58.6576,289.72,-48.8159],"direction":[0.161154,0.154666,-0.974735],"extended":false,"handId":249,"id":2490,"length":47.7925,"mcpPosition":[-44.411,268.179,19.6671],"pipPosition":[-63.6964,284.884,-18.3391],"stabilizedTipPosition":[-101.264,242.466,95.0651],"timeVisible":1.11187,"tipPosition":[-50.1873,288.259,-63.4909],"tipVelocity":[72.2258,-6.63511,-60.7092],"tool":false,"touchDistance":-0.406249,"touchZone":"hovering","type":0,"width":18.5699},{"bases":[[[0.992565,0.0438345,-0.113547],[0.00334048,0.922735,0.385419],[0.121669,-0.382933,0.915729]],[[0.985925,0.0613873,-0.155513],[0.0170925,0.888272,0.459],[0.166314,-0.455198,0.87472]],[[0.985925,0.0613873,-0.155513],[-0.0011218,0.932562,0.361008],[0.167187,-0.355753,0.919505]],[[0.985925,0.0613873,-0.155513],[-0.0160997,0.96069,0.277154],[0.166413,-0.27075,0.948157]]],"btipPosition":[-57.2402,344.158,-110.71],"carpPosition":[-36.1662,288.262,20.7689],"dipPosition":[-54.6328,339.916,-95.8545],"direction":[-0.167187,0.355752,-0.919505],"extended":true,"handId":249,"id":2491,"length":53.9285,"mcpPosition":[-44.3747,314.097,-41.0114],"pipPosition":[-50.9271,332.031,-75.4736],"stabilizedTipPosition":[-92.7638,301.652,-3.24607],"timeVisible":1.11187,"tipPosition":[-56.1775,341.712,-107.852],"tipVelocity":[47.6473,0.892891,-62.7517],"tool":false,"touchDistance":-0.395366,"touchZone":"hovering","type":1,"width":17.738},{"bases":[[[0.984667,-0.166255,-0.0528147],[0.173768,0.908231,0.380685],[-0.0153228,-0.384026,0.923195]],[[0.984752,-0.163485,-0.0594619],[0.0366483,0.529098,-0.847769],[0.170058,0.832663,0.527022]],[[0.984752,-0.163485,-0.0594619],[-0.156354,-0.681918,-0.714522],[0.0762653,0.712924,-0.697081]],[[0.984752,-0.163485,-0.0594619],[-0.172635,-0.960525,-0.218151],[-0.0214503,0.22509,-0.974102]]],"btipPosition":[-33.2951,255.694,-27.7887],"carpPosition":[-25.1395,290.399,19.6076],"dipPosition":[-33.6648,259.573,-44.5753],"direction":[-0.0762653,-0.712924,0.697081],"extended":false,"handId":249,"id":2492,"length":61.4471,"mcpPosition":[-24.1592,314.969,-39.4581],"pipPosition":[-31.676,278.164,-62.7532],"stabilizedTipPosition":[-50.2064,245.404,15.2422],"timeVisible":1.11187,"tipPosition":[-33.4727,256.588,-33.2931],"tipVelocity":[88.3003,-13.1446,-16.0012],"tool":false,"touchDistance":0.333333,"touchZone":"none","type":2,"width":17.4211},{"bases":[[[0.95576,-0.288945,0.0550704],[0.243097,0.881327,0.405175],[-0.165608,-0.373862,0.912579]],[[0.958863,-0.281457,0.0369206],[0.171034,0.469016,-0.86647],[0.226558,0.837141,0.497861]],[[0.958863,-0.281457,0.0369206],[-0.179944,-0.703252,-0.687791],[0.219548,0.652854,-0.724969]],[[0.958863,-0.281457,0.0369206],[-0.268904,-0.942273,-0.19953],[0.0909485,0.181394,-0.979196]]],"btipPosition":[-20.8511,257.057,-18.9905],"carpPosition":[-13.9459,289.574,18.6352],"dipPosition":[-19.2928,260.165,-35.7679],"direction":[-0.219548,-0.652854,0.724969],"extended":false,"handId":249,"id":2493,"length":59.0831,"mcpPosition":[-4.43283,311.049,-33.786],"pipPosition":[-13.7155,276.75,-54.1847],"stabilizedTipPosition":[-37.1341,246.934,23.2273],"timeVisible":1.11187,"tipPosition":[-20.4977,257.636,-24.3601],"tipVelocity":[81.0659,1.02864,-25.7265],"tool":false,"touchDistance":0.333333,"touchZone":"none","type":3,"width":16.5772},{"bases":[[[0.876777,-0.471896,0.0926127],[0.3732,0.789141,0.487829],[-0.303289,-0.393154,0.868012]],[[0.86122,-0.490211,0.134142],[0.384029,0.454794,-0.803545],[0.3329,0.743543,0.579933]],[[0.86122,-0.490211,0.134142],[-0.23626,-0.61984,-0.748317],[0.44998,0.612773,-0.649636]],[[0.86122,-0.490211,0.134142],[-0.439995,-0.85125,-0.285968],[0.254373,0.18726,-0.948804]]],"btipPosition":[-10.0729,264.975,-21.0517],"carpPosition":[-3.31399,282.13,17.2595],"dipPosition":[-6.05211,267.935,-36.0492],"direction":[-0.44998,-0.612773,0.649636],"extended":false,"handId":249,"id":2494,"length":46.32,"mcpPosition":[12.8132,303.036,-28.8965],"pipPosition":[2.01876,278.926,-47.7011],"stabilizedTipPosition":[-41.4201,242.244,70.2753],"timeVisible":1.11187,"tipPosition":[-9.14174,265.612,-25.5533],"tipVelocity":[75.479,9.01257,-16.707],"tool":false,"touch