{"sensorType":"Leap","data":[[0,{"currentFrameRate":110.595,"devices":[],"gestures":[],"hands":[{"armBasis":[[0.887872,-0.16015,-0.431317],[0.35429,0.836077,0.418872],[0.293532,-0.524717,0.799069]],"armWidth":58.4334,"confidence":0.593218,"direction":[0.035109,0.276841,-0.960274],"elbow":[43.8916,182.105,233.853],"grabStrength":0,"id":240,"palmNormal":[-0.364446,-0.891151,-0.270238],"palmPosition":[-34.9967,324.715,-12.1321],"palmVelocity":[24.7539,-13.9619,-139.743],"palmWidth":83.4409,"pinchStrength":1,"r":[[0.552352,-0.759803,0.342939],[0.833161,0.489654,-0.257065],[0.0273979,0.427714,0.903499]],"s":0.78041,"sphereCenter":[-46.6367,295.534,-40.0683],"sphereRadius":41.6943,"stabilizedPalmPosition":[-59.4248,306.758,117.856],"t":[53.4085,85.7713,-202.783],"timeVisible":0.714057,"type":"right","wrist":[-28.7866,312.024,36.0045]}],"id":277736,"interactionBox":{"center":[0,200,0],"size":[235.247,235.247,147.751]},"pointables":[{"bases":[[[0.707277,0.706446,0.0263183],[-0.599627,0.579782,0.551634],[0.374441,-0.405939,0.833671]],[[0.527422,0.804725,-0.272478],[-0.765764,0.589183,0.257814],[0.368009,0.072677,0.926978]],[[0.527422,0.804725,-0.272478],[-0.839077,0.443044,-0.315693],[-0.133326,0.395134,0.908897]],[[0.527422,0.804725,-0.272478],[-0.654444,0.180295,-0.7343],[-0.541783,0.565608,0.621739]]],"btipPosition":[-57.8834,283.906,-46.0342],"carpPosition":[-56.8338,311.726,38.1612],"dipPosition":[-69.5111,296.045,-32.6905],"direction":[0.133326,-0.395134,-0.908897],"extended":false,"handId":240,"id":2400,"length":47.7925,"mcpPosition":[-56.8338,311.726,38.1612],"pipPosition":[-73.6798,308.4,-4.27223],"stabilizedTipPosition":[-83.9498,262.439,80.3786],"timeVisible":0.714057,"tipPosition":[-61.1215,286.889,-42.9913],"tipVelocity":[23.8838,-4.579,-152.201],"tool":false,"touchDistance":-0.521719,"touchZone":"hovering","type":0,"width":18.5699},{"bases":[[[0.923247,-0.307871,-0.22985],[0.342371,0.930728,0.128557],[0.174349,-0.197384,0.964698]],[[0.939477,-0.337249,-0.0603878],[0.342583,0.927009,0.152617],[0.00451012,-0.164068,0.986439]],[[0.939477,-0.337249,-0.0603878],[0.340364,0.93886,0.051911],[0.0391887,-0.069323,0.996824]],[[0.939477,-0.337249,-0.0603878],[0.336012,0.941383,-0.0298822],[0.0669258,0.00778264,0.997728]]],"btipPosition":[-56.9292,348.959,-108.606],"carpPosition":[-43.0717,327.764,33.0692],"dipPosition":[-55.8806,349.081,-92.9733],"direction":[-0.0391887,0.069323,-0.996824],"extended":true,"handId":240,"id":2401,"length":53.9285,"mcpPosition":[-54.8343,341.08,-32.0149],"pipPosition":[-55.012,347.544,-70.8786],"stabilizedTipPosition":[-90.4278,321.568,11.0821],"timeVisible":0.714057,"tipPosition":[-56.8739,347.692,-105.045],"tipVelocity":[64.3851,28.4342,-141.968],"tool":false,"touchDistance":-0.529509,"touchZone":"touching","type":1,"width":17.738},{"bases":[[[0.866329,-0.485833,-0.115928],[0.497273,0.86072,0.108996],[0.046828,-0.152074,0.987259]],[[0.86622,-0.485483,-0.11819],[0.148835,0.476503,-0.866483],[0.476981,0.732974,0.485013]],[[0.86622,-0.485483,-0.11819],[-0.331444,-0.381279,-0.863001],[0.373909,0.786723,-0.491182]],[[0.86622,-0.485483,-0.11819],[-0.471717,-0.716568,-0.513823],[0.164761,0.500836,-0.849716]]],"btipPosition":[-68.9876,274.069,-26.9698],"carpPosition":[-32.3186,325.884,30.1812],"dipPosition":[-66.1483,282.7,-41.6128],"direction":[-0.373909,-0.786722,0.491182],"extended":false,"handId":240,"id":2402,"length":61.4471,"mcpPosition":[-35.3146,335.614,-32.9832],"pipPosition":[-56.3978,303.215,-54.4214],"stabilizedTipPosition":[-82.0255,246.405,111.67],"timeVisible":0.714057,"tipPosition":[-68.3526,275.91,-29.8098],"tipVelocity":[13.0829,4.36152,-159.86],"tool":false,"touchDistance":0.333333,"touchZone":"none","type":2,"width":17.4211},{"bases":[[[0.82381,-0.56641,0.0227342],[0.559137,0.818524,0.131851],[-0.0932901,-0.0959084,0.991009]],[[0.824659,-0.565473,0.0133148],[0.324913,0.454307,-0.82948],[0.462999,0.688364,0.558378]],[[0.824659,-0.565473,0.0133148],[-0.22756,-0.353229,-0.907439],[0.517835,0.745298,-0.419972]],[[0.824659,-0.565473,0.0133148],[-0.456315,-0.679009,-0.575085],[0.334236,0.468174,-0.817985]]],"btipPosition":[-54.7243,271.613,-26.8918],"carpPosition":[-22.2312,321.263,28.2289],"dipPosition":[-48.9976,279.635,-40.9071],"direction":[-0.517835,-0.745298,0.419972],"extended":false,"handId":240,"id":2403,"length":59.0831,"mcpPosition":[-16.8723,326.772,-28.6976],"pipPosition":[-35.8427,298.568,-51.5759],"stabilizedTipPosition":[-67.9284,245.193,123.36],"timeVisible":0.714057,"tipPosition":[-53.4819,273.396,-29.0272],"tipVelocity":[12.6302,-2.19615,-154.647],"tool":false,"touchDistance":0.333333,"touchZone":"none","type":3,"width":16.5772},{"bases":[[[0.70369,-0.701109,0.11518],[0.670009,0.708752,0.220813],[-0.236448,-0.0782127,0.968491]],[[0.690217,-0.704262,0.166181],[0.493011,0.28959,-0.820413],[0.529661,0.648192,0.547089]],[[0.690217,-0.704262,0.166181],[-0.193647,-0.401057,-0.895351],[0.69721,0.585806,-0.413195]],[[0.690217,-0.704262,0.166181],[-0.502005,-0.631446,-0.590989],[0.521145,0.324487,-0.789377]]],"btipPosition":[-40.0079,278.148,-21.6718],"carpPosition":[-14.6635,310.644,27.6782],"dipPosition":[-31.7703,283.277,-34.1493],"direction":[-0.69721,-0.585806,0.413195],"extended":false,"handId":240,"id":2404,"length":46.32,"mcpPosition":[-2.09054,314.803,-23.8207],"pipPosition":[-19.2651,293.785,-41.5603],"stabilizedTipPosition":[-54.1011,258.035,114.628],"timeVisible":0.714057,"tipPosition":[-38.1289,279.337,-23.5664],"tipVelocity":[12.1425,-10.1783,-153.616],"tool":false,"touchDistance":0.333333,"touchZone":"none","type":4,"width":14.7252}],"r":[[0.552352,-0.759803,0.342939],[0.833161,0.489654,-0.257065],[0.0273979,0.427714,0.903499]],"s":0.78041,"t":[53.4085,85.7713,-202.783],"timestamp":2890201607},false],[1,{"currentFrameRate":110.561,"devices":[],"gestures":[],"hands":[{"armBasis":[[0.889442,-0.161527,-0.427554],[0.353241,0.836555,0.418803],[0.290024,-0.523531,0.801125]],"armWidth":58.4334,"confidence":0.600804,"direction":[0.0377424,0.28067,-0.959062],"elbow":[43.1589,182.055,233.231],"grabStrength":0,"id":240,"palmNormal":[-0.363343,-0.890201,-0.274816],"palmPosition":[-34.7285,324.562,-13.2304],"palmVelocity":[26.0565,-14.7735,-134.442],"palmWidth":83.4409,"pinchStrength":1,"r":[[0.549092,-0.761897,0.343528],[0.83535,0.487406,-0.254217],[0.0262496,0.426555,0.904081]],"s":0.781223,"sphereCenter":[-46.4308,295.667,-41.3189],"sphereRadius":41.6742,"stabilizedPalmPosition":[-59.4245,306.758,117.855],"t":[53.647,85.6421,-203.926],"timeVisible":0.723162,"type":"right","wrist":[-28.6509,311.681,34.8729]}],"id":277737,"interactionBox":{"center":[0,200,0],"size":[235.247,235.247,147.751]},"pointables":[{"bases":[[[0.706937,0.706591,0.0311426],[-0.601412,0.577368,0.552222],[0.372214,-0.409116,0.833115]],[[0.527945,0.805981,-0.267709],[-0.766668,0.587905,0.258046],[0.365367,0.06901,0.928302]],[[0.527945,0.805981,-0.267709],[-0.838277,0.443967,-0.31652],[-0.136255,0.391519,0.910026]],[[0.527945,0.805981,-0.267709],[-0.652648,0.183325,-0.735148],[-0.543438,0.562838,0.622808]]],"btipPosition":[-57.5056,283.885,-47.3659],"carpPosition":[-56.704,311.365,36.9484],"dipPosition":[-69.1688,295.964,-33.9993],"direction":[0.136255,-0.391519,-0.910026],"extended":false,"handId":240,"id":2400,"length":47.7925,"mcpPosition":[-56.704,311.365,36.9484],"pipPosition":[-73.4291,308.206,-5.54565],"stabilizedTipPosition":[-83.9497,262.439,80.3781],"timeVisible":0.723162,"tipPosition":[-60.7451,286.85,-44.3164],"tipVelocity":[28.5177,-4.37106,-150.392],"tool":false,"touchDistance":-0.517776,"touchZone":"hovering","type":0,"width":18.5699},{"bases":[[[0.924012,-0.306622,-0.228439],[0.341657,0.930333,0.133231],[0.171673,-0.201155,0.964399]],[[0.93976,-0.33652,-0.0600493],[0.341831,0.926007,0.160195],[0.00169741,-0.171071,0.985257]],[[0.93976,-0.33652,-0.0600493],[0.339911,0.938552,0.0598451],[0.0362203,-0.0766515,0.9964]],[[0.93976,-0.33652,-0.0600493],[0.335813,0.941676,-0.0217951],[0.0638815,0.00031684,0.997957]]],"btipPosition":[-56.3861,349.432,-109.643],"carpPosition":[-42.9335,327.427,31.9594],"dipPosition":[-55.3852,349.437,-94.0069],"direction":[-0.0362203,0.0766515,-0.9964],"extended":true,"handId":240,"id":2401,"length":53.9285,"mcpPosition":[-54.5155,340.998,-33.1045],"pipPosition":[-54.5824,347.738,-71.9216],"stabilizedTipPosition":[-90.4042,321.587,11.0013],"timeVisible":0.723162,"tipPosition":[-56.3309,348.142,-106.092],"tipVelocity":[62.7381,34.1453,-134.165],"tool":false,"touchDistance":-0.520438,"touchZone":"touching","type":1,"width":17.738},{"bases":[[[0.866837,-0.485056,-0.115388],[0.49664,0.86046,0.113833],[0.0440709,-0.155981,0.986776]],[[0.866722,-0.484657,-0.117901],[0.152203,0.482081,-0.862805],[0.475002,0.729867,0.491597]],[[0.866722,-0.484657,-0.117901],[-0.328817,-0.377436,-0.865691],[0.375063,0.789082,-0.486495]],[[0.866722,-0.484657,-0.117901],[-0.470287,-0.715272,-0.516928],[0.166201,0.503481,-0.84787]]],"btipPosition":[-68.6315,274.028,-28.4704],"carpPosition":[-32.1714,325.563,29.0947],"dipPosition":[-65.7674,282.705,-43.0817],"direction":[-0.375063,-0.789082,0.486495],"extended":false,"handId":240,"id":2402,"length":61.4471,"mcpPosition":[-34.9911,335.543,-34.0388],"pipPosition":[-55.9868,303.282,-55.7681],"stabilizedTipPosition":[-82.0255,246.405,111.67],"timeVisible":0.723162,"tipPosition":[-67.9998,275.862,-31.2893],"tipVelocity":[20.4736,2.22817,-161.012],"tool":false,"touchDistance":0.333333,"touchZone":"none","type":2,"width":17.4211},{"bases":[[[0.823953,-0.566199,0.0228314],[0.558454,0.818195,0.136697],[-0.0960782,-0.0998815,0.99035]],[[0.824875,-0.565168,0.0128945],[0.326689,0.457946,-0.826777],[0.461363,0.6862,0.562382]],[[0.824875,-0.565168,0.0128945],[-0.226077,-0.350698,-0.908791],[0.518142,0.746723,-0.417053]],[[0.824875,-0.565168,0.0128945],[-0.455455,-0.677911,-0.577059],[0.334877,0.470129,-0.816601]]],"btipPosition":[-54.3615,271.551,-28.192],"carpPosition":[-22.0768,320.953,27.1528],"dipPosition":[-48.6238,279.606,-42.1835],"direction":[-0.518142,-0.746723,0.417053],"extended":false,"handId":240,"id":2403,"length":59.0831,"mcpPosition":[-16.5578,326.691,-29.7359],"pipPosition":[-35.4611,298.575,-52.7782],"stabilizedTipPosition":[-67.9284,245.193,123.36],"timeVisible":0.723162,"tipPosition":[-53.1263,273.326,-30.3891],"tipVelocity":[20.2541,-3.25359,-151.195],"tool":false,"touchDistance":0.333333,"touchZone":"none","type":3,"width":16.5772},{"bases":[[[0.70362,-0.701308,0.114398],[0.669114,0.70811,0.225538],[-0.239178,-0.0821481,0.967494]],[[0.689851,-0.704693,0.165874],[0.49592,0.293068,-0.817419],[0.527417,0.646158,0.551644]],[[0.689851,-0.704693,0.165874],[-0.190673,-0.397891,-0.8974],[0.698391,0.587445,-0.408851]],[[0.689851,-0.704693,0.165874],[-0.500204,-0.6296,-0.594475],[0.523356,0.327128,-0.78682]]],"btipPosition":[-39.6862,278.048,-22.9816],"carpPosition":[-14.5037,310.339,26.5815],"dipPosition":[-31.4137,283.219,-35.4186],"direction":[-0.698391,-0.587445,0.408851],"extended":false,"handId":240,"id":2404,"length":46.32,"mcpPosition":[-1.78552,314.707,-24.8644],"pipPosition":[-18.8873,293.755,-42.7518],"stabilizedTipPosition":[-54.1011,258.035,114.628],"timeVisible":0.723162,"tipPosition":[-37.8051,279.236,-24.8825],"tipVelocity":[18.8164,-10.1251,-150.625],"tool":false,"touchDistance":0.333333,"touchZone":"none","type":4,"width":14.7252}],"r":[[0.549092,-0.761897,0.343528],[0.83535,0.487406,-0.254217],[0.0262496,0.426555,0.904081]],"s":0.781223,"t":[53.647,85.6421,-203.926],"timestamp":2890210712},false],[2,{"currentFrameRate":110.604,"devices":[],"gestures":[],"hands":[{"armBasis":[[0.890581,-0.160122,-0.425706],[0.351588,0.836135,0.421027],[0.288532,-0.524632,0.800944]],"armWidth":58.4334,"confidence":0.611423,"direction":[0.0396836,0.27959,-0.959299],"elbow":[43.0092,181.487,232.762],"grabStrength":0,"id":240,"palmNormal":[-0.362229,-0.890725,-0.274589],"palmPosition":[-34.4106,324.207,-13.6825],"palmVelocity":[28.6311,-21.5539,-111.452],"palmWidth":83.4409,"pinchStrength":1,"r":[[0.546414,-0.763424,0.344407],[0.837145,0.485638,-0.251682],[0.0248828,0.425841,0.904456]],"s":0.782127,"sphereCenter":[-46.1029,295.361,-41.776],"sphereRadius":41.685,"stabilizedPalmPosition":[-59.4242,306.759,117.853],"t":[53.9253,85.4003,-204.724],"timeVisible":0.732127,"type":"right","wrist":[-28.431,311.385,34.4487]}],"id":277738,"interactionBox":{"center":[0,200,0],"size":[235.247,235.247,147.751]},"pointables":[{"bases":[[[0.706461,0.707034,0.0318798],[-0.602953,0.577655,0.550239],[0.370622,-0.407945,0.834398]],[[0.528578,0.805867,-0.266802],[-0.766506,0.58816,0.257945],[0.364791,0.0681616,0.928591]],[[0.528578,0.805867,-0.266802],[-0.837755,0.444487,-0.31717],[-0.137007,0.391164,0.910066]],[[0.528578,0.805867,-0.266802],[-0.655648,0.187931,-0.731306],[-0.539195,0.561481,0.627701]]],"btipPosition":[-57.3313,283.654,-47.9707],"carpPosition":[-56.4884,311.055,36.4631],"dipPosition":[-68.9034,295.705,-34.499],"direction":[0.137007,-0.391164,-0.910066],"extended":false,"handId":240,"id":2400,"length":47.7925,"mcpPosition":[-56.4884,311.055,36.4631],"pipPosition":[-73.1872,307.935,-6.04419],"stabilizedTipPosition":[-83.9495,262.439,80.3775],"timeVisible":0.732127,"tipPosition":[-60.4297,286.54,-44.8512],"tipVelocity":[26.6752,-10.4172,-126.959],"tool":false,"touchDistance":-0.503041,"touchZone":"touching","type":0,"width":18.5699},{"bases":[[[0.924687,-0.306351,-0.226061],[0.34083,0.930682,0.13291],[0.169674,-0.199949,0.965003]],[[0.940072,-0.335889,-0.0586794],[0.340976,0.925953,0.162318],[-0.000186565,-0.172599,0.984992]],[[0.940072,-0.335889,-0.0586794],[0.339248,0.938659,0.0618969],[0.0342894,-0.0780944,0.996356]],[[0.940072,-0.335889,-0.0586794],[0.335301,0.941901,-0.0198829],[0.0619486,-0.00098393,0.998079]]],"btipPosition":[-55.8867,349.156,-110.148],"carpPosition":[-42.7162,327.12,31.4858],"dipPosition":[-54.9161,349.141,-94.5098],"direction":[-0.0342894,0.0780944,-0.996356],"extended":true,"handId":240,"id":2401,"length":53.9285,"mcpPosition":[-54.1634,340.61,-33.6189],"pipPosition":[-54.156,347.41,-72.4255],"stabilizedTipPosition":[-90.3745,321.611,10.9009],"timeVisible":0.732127,"tipPosition":[-55.8208,347.873,-106.599],"tipVelocity":[60.6016,16.2248,-112.845],"tool":false,"touchDistance":-0.504293,"touchZone":"touching","type":1,"width":17.738},{"bases":[[[0.867366,-0.484688,-0.11293],[0.495895,0.860876,0.113933],[0.0419972,-0.154823,0.987049]],[[0.867248,-0.484263,-0.115628],[0.153922,0.48165,-0.862741],[0.473486,0.730413,0.492249]],[[0.867248,-0.484263,-0.115628],[-0.327178,-0.379273,-0.865509],[0.37528,0.788442,-0.487364]],[[0.867248,-0.484263,-0.115628],[-0.469109,-0.716996,-0.51561],[0.166786,0.501403,-0.848986]]],"btipPosition":[-68.223,273.678,-28.9226],"carpPosition":[-31.9469,325.259,28.6469],"dipPosition":[-65.3488,282.319,-43.5531],"direction":[-0.37528,-0.788442,0.487364],"extended":false,"handId":240,"id":2402,"length":61.4471,"mcpPosition":[-34.6338,335.164,-34.5041],"pipPosition":[-55.5625,302.879,-56.2622],"stabilizedTipPosition":[-82.0255,246.405,111.67],"timeVisible":0.732127,"tipPosition":[-67.5984,275.495,-31.7675],"tipVelocity":[27.4133,-9.32523,-130.887],"tool":false,"touchDistance":0.333333,"touchZone":"none","type":2,"width":17.4211},{"bases":[[[0.824225,-0.565697,0.0252876],[0.557684,0.818673,0.13698],[-0.0981915,-0.0988,0.990251]],[[0.825204,-0.564637,0.0149693],[0.32833,0.457945,-0.826127],[0.459607,0.686638,0.563285]],[[0.825204,-0.564637,0.0149693],[-0.224276,-0.351867,-0.908785],[0.518401,0.746575,-0.416997]],[[0.825204,-0.564637,0.0149693],[-0.454284,-0.679208,-0.576456],[0.335656,0.468894,-0.816991]]],"btipPosition":[-53.9566,271.195,-28.6385],"carpPosition":[-21.8454,320.652,26.7323],"dipPosition":[-48.2056,279.229,-42.6367],"direction":[-0.518401,-0.746575,0.416997],"extended":false,"handId":240,"id":2403,"length":59.0831,"mcpPosition":[-16.205,326.328,-30.1506],"pipPosition":[-35.0363,298.194,-53.2299],"stabilizedTipPosition":[-67.9284,245.193,123.36],"timeVisible":0.732127,"tipPosition":[-52.7262,272.959,-30.859],"tipVelocity":[27.1645,-13.3806,-123.493],"tool":false,"touchDistance":0.333333,"touchZone":"none","type":3,"width":16.5772},{"bases":[[[0.70377,-0.70077,0.116745],[0.668211,0.708754,0.22619],[-0.241251,-0.0811753,0.967062]],[[0.689744,-0.704127,0.168696],[0.498114,0.29236,-0.816338],[0.525485,0.647095,0.552389]],[[0.689744,-0.704127,0.168696],[-0.188343,-0.399449,-0.8972],[0.699128,0.587066,-0.408135]],[[0.689744,-0.704127,0.168696],[-0.498738,-0.630933,-0.594292],[0.524893,0.325775,-0.786358]]],"btipPosition":[-39.3121,277.697,-23.3945],"carpPosition":[-14.2649,310.042,26.1899],"dipPosition":[-31.0153,282.846,-35.8242],"direction":[-0.699128,-0.587066,0.408135],"extended":false,"handId":240,"id":2404,"length":46.32,"mcpPosition":[-1.43651,314.358,-25.233],"pipPosition":[-18.4757,293.376,-43.1445],"stabilizedTipPosition":[-54.1011,258.035,114.628],"timeVisible":0.732127,"tipPosition":[-37.4301,278.876,-25.3102],"tipVelocity":[25.2586,-18.2224,-121.956],"tool":false,"touchDistance":0.333333,"touchZone":"none","type":4,"width":14.7252}],"r":[[0.546414,-0.763424,0.344407],[0.837145,0.485638,-0.251682],[0.0248828,0.425841,0.904456]],"s":0.782127,"t":[53.9253,85.4003,-204.724],"timestamp":2890219677},false],[3,{"currentFrameRate":110.6,"devices":[],"gestures":[],"hands":[{"armBasis":[[0.891395,-0.159134,-0.424371],[0.349256,0.837926,0.419405],[0.28885,-0.52207,0.802502]],"armWidth":58.4334,"confidence":0.628642,"direction":[0.0421512,0.280552,-0.958913],"elbow":[43.2689,181.875,232.146],"grabStrength":0,"id":240,"palmNormal":[-0.359881,-0.891078,-0.276524],"palmPosition":[-34.1039,323.995,-14.6901],"palmVelocity":[30.0839,-22.0665,-111.422],"palmWidth":83.4409,"pinchStrength":1,"r":[[0.544314,-0.764521,0.345296],[0.838564,0.484548,-0.249047],[0.0230889,0.425113,0.904846]],"s":0.782997,"sphereCenter":[-45.7316,295.227,-42.8557],"sphereRadius":41.6932,"stabilizedPalmPosition":[-59.4237,306.759,117.851],"t":[54.2178,85.1734,-205.627],"timeVisible":0.741176,"type":"right","wrist":[-28.2502,311.139,33.4474]}],"id":277739,"interactionBox":{"center":[0,200,0],"size":[235.247,235.247,147.751]},"pointables":[{"bases":[[[0.705165,0.708194,0.0347017],[-0.605611,0.576124,0.548923],[0.368751,-0.408097,0.835152]],[[0.528543,0.806894,-0.263751],[-0.767251,0.587018,0.258334],[0.363275,0.0658232,0.929354]],[[0.528543,0.806894,-0.263751],[-0.837406,0.444611,-0.317917],[-0.139258,0.3889,0.910694]],[[0.528543,0.806894,-0.263751],[-0.655988,0.191012,-0.730201],[-0.538815,0.558961,0.630271]]],"btipPosition":[-57.0242,283.59,-49.1681],"carpPosition":[-56.313,310.76,35.3754],"dipPosition":[-68.5882,295.587,-35.6413],"direction":[0.139258,-0.3889,-0.910694],"extended":false,"handId":240,"id":2400,"length":47.7925,"mcpPosition":[-56.313,310.76,35.3754],"pipPosition":[-72.9423,307.746,-7.16682],"stabilizedTipPosition":[-83.9494,262.439,80.3767],"timeVisible":0.741176,"tipPosition":[-60.0308,286.402,-46.0139],"tipVelocity":[28.7352,-9.87091,-128.053],"tool":false,"touchDistance":-0.498842,"touchZone":"touching","type":0,"width":18.5699},{"bases":[[[0.925891,-0.304581,-0.223508],[0.338849,0.931131,0.134818],[0.167053,-0.200562,0.965333]],[[0.940805,-0.334098,-0.0571315],[0.338938,0.926036,0.166067],[-0.00257692,-0.175601,0.984458]],[[0.940805,-0.334098,-0.0571315],[0.337455,0.93906,0.0654996],[0.0317666,-0.0809017,0.996216]],[[0.940805,-0.334098,-0.0571315],[0.33371,0.942532,-0.0164832],[0.0593552,-0.00355785,0.998231]]],"btipPosition":[-55.3557,349.15,-111.179],"carpPosition":[-42.5528,326.852,30.4553],"dipPosition":[-54.4257,349.094,-95.5385],"direction":[-0.0317666,0.0809017,-0.996216],"extended":true,"handId":240,"id":2401,"length":53.9285,"mcpPosition":[-53.8231,340.383,-34.6717],"pipPosition":[-53.7216,347.301,-73.4573],"stabilizedTipPosition":[-90.3387,321.639,10.7805],"timeVisible":0.741176,"tipPosition":[-55.2775,347.877,-107.635],"tipVelocity":[59.7865,11.2906,-113.13],"tool":false,"touchDistance":-0.497654,"touchZone":"touching","type":1,"width":17.738},{"bases":[[[0.868525,-0.48312,-0.11072],[0.494089,0.861604,0.116251],[0.0392333,-0.155673,0.987029]],[[0.868407,-0.482662,-0.113608],[0.155674,0.482919,-0.861716],[0.470781,0.730634,0.494508]],[[0.868407,-0.482662,-0.113608],[-0.324352,-0.379641,-0.866411],[0.375053,0.789247,-0.486235]],[[0.868407,-0.482662,-0.113608],[-0.466628,-0.717992,-0.516474],[0.167712,0.501522,-0.848733]]],"btipPosition":[-67.7614,273.452,-30.0543],"carpPosition":[-31.7716,325.012,27.6476],"dipPosition":[-64.8713,282.095,-44.6804],"direction":[-0.375053,-0.789247,0.486235],"extended":false,"handId":240,"id":2402,"length":61.4471,"mcpPosition":[-34.2818,334.971,-35.5021],"pipPosition":[-55.091,302.676,-57.36],"stabilizedTipPosition":[-82.0254,246.405,111.67],"timeVisible":0.741176,"tipPosition":[-67.1408,275.265,-32.9227],"tipVelocity":[34.0327,-13.6174,-129.248],"tool":false,"touchDistance":0.333333,"touchZone":"none","type":2,"width":17.4211},{"bases":[[[0.825098,-0.56433,0.0272901],[0.555878,0.819484,0.139449],[-0.101059,-0.099889,0.989853]],[[0.826141,-0.563219,0.0166055],[0.330108,0.459905,-0.824327],[0.45664,0.686492,0.56587]],[[0.826141,-0.563219,0.0166055],[-0.221393,-0.351562,-0.90961],[0.518147,0.747789,-0.415132]],[[0.826141,-0.563219,0.0166055],[-0.451915,-0.679904,-0.577497],[0.336548,0.46959,-0.816224]]],"btipPosition":[-53.4904,270.992,-29.7545],"carpPosition":[-21.6566,320.424,25.7598],"dipPosition":[-47.724,279.038,-43.7396],"direction":[-0.518147,-0.747789,0.415132],"extended":false,"handId":240,"id":2403,"length":59.0831,"mcpPosition":[-15.8514,326.162,-31.1003],"pipPosition":[-34.5612,298.034,-54.2855],"stabilizedTipPosition":[-67.9284,245.193,123.36],"timeVisible":0.741176,"tipPosition":[-52.2649,272.751,-31.9979],"tipVelocity":[33.9911,-15.7816,-123.358],"tool":false,"touchDistance":0.333333,"touchZone":"none","type":3,"width":16.5772},{"bases":[[[0.704591,-0.699691,0.118253],[0.666317,0.709668,0.228896],[-0.244076,-0.0824839,0.966242]],[[0.69016,-0.703159,0.171013],[0.501728,0.294654,-0.813295],[0.521486,0.647106,0.556153]],[[0.69016,-0.703159,0.171013],[-0.183996,-0.399061,-0.898274],[0.699874,0.588487,-0.404795]],[[0.69016,-0.703159,0.171013],[-0.495903,-0.63166,-0.595891],[0.527029,0.326455,-0.784645]]],"btipPosition":[-38.871,277.515,-24.519],"carpPosition":[-14.0566,309.827,25.2308],"dipPosition":[-30.5404,282.675,-36.9217],"direction":[-0.699874,-0.588487,0.404795],"extended":false,"handId":240,"id":2404,"length":46.32,"mcpPosition":[-1.07794,314.213,-26.1485],"pipPosition":[-17.9874,293.23,-44.1821],"stabilizedTipPosition":[-54.1011,258.035,114.628],"timeVisible":0.741176,"tipPosition":[-36.9928,278.686,-26.4407],"tipVelocity":[31.9743,-18.6709,-122.405],"tool":false,"touchDistance":0.333333,"touchZone":"none","type":4,"width":14.7252}],"r":[[0.544314,-0.764521,0.345296],[0.838564,0.484548,-0.249047],[0.0230889,0.425113,0.904846]],"s":0.782997,"t":[54.2178,85.1734,-205.627],"timestamp":2890228726},false],[4,{"currentFrameRate":110.627,"devices":[],"gestures":[],"hands":[{"armBasis":[[0.891641,-0.159472,-0.423727],[0.348806,0.838635,0.418361],[0.288636,-0.520826,0.803386]],"armWidth":58.4334,"confidence":0.635351,"direction":[0.0455576,0.279953,-0.958932],"elbow":[43.3591,181.979,231.679],"grabStrength":0,"id":240,"palmNormal":[-0.359761,-0.89092,-0.277189],"palmPosition":[-33.7906,323.769,-15.4025],"palmVelocity":[31.3881,-22.918,-102.592],"palmWidth":83.4409,"pinchStrength":1,"r":[[0.542267,-0.765453,0.34645],[0.83994,0.483495,-0.24644],[0.0211319,0.424634,0.905119]],"s":0.783965,"sphereCenter":[-45.4624,295.119,-43.5967],"sphereRadius":41.6947,"stabilizedPalmPosition":[-59.423,306.759,117.847],"t":[54.5206,84.9468,-206.435],"timeVisible":0.750167,"type":"right","wrist":[-28.1069,310.935,32.7614]}],"id":277740,"interactionBox":{"center":[0,200,0],"size":[235.247,235.247,147.751]},"pointables":[{"bases":[[[0.705676,0.707588,0.0366114],[-0.606902,0.576982,0.546591],[0.365637,-0.407936,0.836599]],[[0.530539,0.806179,-0.261924],[-0.766458,0.588212,0.257969],[0.362036,0.0638915,0.929972]],[[0.530539,0.806179,-0.261924],[-0.835816,0.446049,-0.320082],[-0.141212,0.388736,0.910463]],[[0.530539,0.806179,-0.261924],[-0.655113,0.193874,-0.730233],[-0.537918,0.559007,0.630995]]],"btipPosition":[-56.7889,283.506,-49.9829],"carpPosition":[-56.1763,310.582,34.5973],"dipPosition":[-68.3336,295.503,-36.4405],"direction":[0.141212,-0.388736,-0.910463],"extended":false,"handId":240,"id":2400,"length":47.7925,"mcpPosition":[-56.1763,310.582,34.5973],"pipPosition":[-72.7489,307.658,-7.97324],"stabilizedTipPosition":[-83.9492,262.439,80.3758],"timeVisible":0.750167,"tipPosition":[-59.7136,286.266,-46.8146],"tipVelocity":[28.1662,-9.74195,-117.674],"tool":false,"touchDistance":-0.489459,"touchZone":"touching","type":0,"width":18.5699},{"bases":[[[0.926351,-0.305533,-0.220281],[0.339231,0.930909,0.135391],[0.163695,-0.200146,0.965995]],[[0.940684,-0.334775,-0.0551356],[0.339238,0.92537,0.169137],[-0.00560188,-0.177808,0.984049]],[[0.940684,-0.334775,-0.0551356],[0.338059,0.938626,0.0685301],[0.0288096,-0.0831043,0.996124]],[[0.940684,-0.334775,-0.0551356],[0.334547,0.942281,-0.0135797],[0.0564994,-0.00567121,0.998387]]],"btipPosition":[-54.7325,349.099,-111.95],"carpPosition":[-42.3856,326.659,29.7131],"dipPosition":[-53.8473,349.01,-96.3071],"direction":[-0.0288096,0.0831043,-0.996124],"extended":true,"handId":240,"id":2401,"length":53.9285,"mcpPosition":[-53.4294,340.162,-35.4584],"pipPosition":[-53.2087,347.168,-74.228],"stabilizedTipPosition":[-90.2942,321.673,10.6323],"timeVisible":0.750167,"tipPosition":[-54.646,347.824,-108.409],"tipVelocity":[62.0853,6.38582,-105.604],"tool":false,"touchDistance":-0.48778,"touchZone":"touching","type":1,"width":17.738},{"bases":[[[0.868455,-0.483955,-0.107578],[0.49447,0.861233,0.117376],[0.035845,-0.15513,0.987244]],[[0.868334,-0.483449,-0.11078],[0.158515,0.482151,-0.861628],[0.469966,0.730621,0.495302]],[[0.868334,-0.483449,-0.11078],[-0.323088,-0.381891,-0.865895],[0.37631,0.787678,-0.487806]],[[0.868334,-0.483449,-0.11078],[-0.466325,-0.719718,-0.514342],[0.168928,0.498281,-0.8504]]],"btipPosition":[-67.3876,273.311,-30.739],"carpPosition":[-31.5969,324.808,26.9421],"dipPosition":[-64.4765,281.898,-45.3938],"direction":[-0.37631,-0.787678,0.487806],"extended":false,"handId":240,"id":2402,"length":61.4471,"mcpPosition":[-33.8903,334.733,-36.2214],"pipPosition":[-54.6634,302.439,-58.1144],"stabilizedTipPosition":[-82.0254,246.405,111.67],"timeVisible":0.750167,"tipPosition":[-66.7788,275.1,-33.6781],"tipVelocity":[36.2496,-14.5751,-114.884],"tool":false,"touchDistance":0.333333,"touchZone":"none","type":2,"width":17.4211},{"bases":[[[0.824502,-0.565046,0.0303354],[0.556144,0.819072,0.140802],[-0.104406,-0.0992203,0.989573]],[[0.825615,-0.563904,0.0192966],[0.333165,0.459616,-0.823258],[0.45537,0.686123,0.567339]],[[0.825615,-0.563904,0.0192966],[-0.219252,-0.352144,-0.909903],[0.519893,0.746999,-0.414372]],[[0.825615,-0.563904,0.0192966],[-0.451156,-0.680306,-0.577617],[0.338848,0.468183,-0.81608]]],"btipPosition":[-53.1531,270.799,-30.49],"carpPosition":[-21.4798,320.21,25.0902],"dipPosition":[-47.3473,278.821,-44.4726],"direction":[-0.519893,-0.746999,0.414372],"extended":false,"handId":240,"id":2403,"length":59.0831,"mcpPosition":[-15.4824,325.91,-31.7538],"pipPosition":[-34.1401,297.797,-54.9992],"stabilizedTipPosition":[-67.9283,245.193,123.359],"timeVisible":0.750167,"tipPosition":[-51.9262,272.547,-32.7603],"tipVelocity":[35.236,-17.5045,-111.939],"tool":false,"touchDistance":0.333333,"touchZone":"none","type":3,"width":16.5772},{"bases":[[[0.703575,-0.700247,0.120979],[0.666191,0.70921,0.230675],[-0.24733,-0.0817021,0.965481]],[[0.688846,-0.70369,0.174103],[0.505346,0.293958,-0.811304],[0.519727,0.646846,0.558099]],[[0.688846,-0.70369,0.174103],[-0.18128,-0.399761,-0.898515],[0.701875,0.587377,-0.402939]],[[0.688846,-0.70369,0.174103],[-0.494829,-0.631964,-0.596461],[0.52975,0.324718,-0.783532]]],"btipPosition":[-38.5508,277.308,-25.2309],"carpPosition":[-13.8875,309.606,24.5924],"dipPosition":[-30.1772,282.441,-37.616],"direction":[-0.701875,-0.587377,0.402939],"extended":false,"handId":240,"id":2404,"length":46.32,"mcpPosition":[-0.735879,313.951,-26.7464],"pipPosition":[-17.5883,292.976,-44.8431],"stabilizedTipPosition":[-54.101,258.035,114.627],"timeVisible":0.750167,"tipPosition":[-36.6706,278.467,-27.1663],"tipVelocity":[33.2742,-20.0427,-110.423],"tool":false,"touchDistance":0.333333,"touchZone":"none","type":4,"width":14.7252}],"r":[[0.542267,-0.765453,0.34645],[0.83994,0.483495,-0.24644],[0.0211319,0.424634,0.905119]],"s":0.783965,"t":[54.5206,84.9468,-206.435],"timestamp":2890237717},false],[5,{"currentFrameRate":110.504,"devices":[],"gestures":[],"hands":[{"armBasis":[[0.893396,-0.159264,-0.420094],[0.346976,0.838586,0.419978],[0.285397,-0.520969,0.80445]],"armWidth":58.4334,"confidence":0.635435,"direction":[0.0509522,0.281373,-0.958245],"elbow":[42.4229,181.945,230.333],"grabStrength":0,"id":240,"palmNormal":[-0.35855,-0.890369,-0.280507],"palmPosition":[-33.6542,323.844,-17.0232],"palmVelocity":[26.6995,-14.185,-122.944],"palmWidth":83.4409,"pinchStrength":1,"r":[[0.540186,-0.766341,0.347735],[0.84134,0.482661,-0.24328],[0.0185969,0.42398,0.905481]],"s":0.785132,"sphereCenter":[-45.3982,295.489,-45.3209],"sphereRadius":41.6684,"stabilizedPalmPosition":[-59.4223,306.76,117.843],"t":[54.7403,84.8711,-207.649],"timeVisible":0.759433,"type":"right","wrist":[-28.2411,310.936,31.1521]}],"id":277741,"interactionBox":{"center":[0,200,0],"size":[235.247,235.247,147.751]},"pointables":[{"bases":[[[0.705721,0.707269,0.0415676],[-0.6097,0.576388,0.544098],[0.360864,-0.409325,0.837991]],[[0.532286,0.806369,-0.25776],[-0.767644,0.588119,0.254635],[0.356923,0.0623296,0.932052]],[[0.532286,0.806369,-0.25776],[-0.833828,0.446768,-0.324235],[-0.146294,0.387514,0.910182]],[[0.532286,0.806369,-0.25776],[-0.651071,0.19532,-0.733456],[-0.54109,0.558228,0.62897]]],"btipPosition":[-56.4719,283.641,-51.7907],"carpPosition":[-56.3203,310.591,32.8324],"dipPosition":[-68.0847,295.621,-38.2918],"direction":[0.146294,-0.387514,-0.910182],"extended":false,"handId":240,"id":2400,"length":47.7925,"mcpPosition":[-56.3203,310.591,32.8324],"pipPosition":[-72.6588,307.738,-9.83331],"stabilizedTipPosition":[-83.949,262.44,80.3748],"timeVisible":0.759433,"tipPosition":[-59.4122,286.397,-48.6343],"tipVelocity":[29.3928,-3.01602,-139.768],"tool":false,"touchDistance":-0.496113,"touchZone":"touching","type":0,"width":18.5699},{"bases":[[[0.927441,-0.305548,-0.215623],[0.338818,0.930578,0.138658],[0.158287,-0.201654,0.966582]],[[0.94085,-0.334811,-0.0519908],[0.338649,0.924304,0.176008],[-0.0108743,-0.183204,0.983015]],[[0.94085,-0.334811,-0.0519908],[0.338015,0.938086,0.0757707],[0.0234029,-0.0888625,0.995769]],[[0.94085,-0.334811,-0.0519908],[0.334955,0.942214,-0.00618619],[0.0510576,-0.0115943,0.998628]]],"btipPosition":[-54.0662,349.644,-113.609],"carpPosition":[-42.497,326.67,28.0486],"dipPosition":[-53.2663,349.462,-97.9627],"direction":[-0.0234029,0.0888625,-0.995769],"extended":true,"handId":240,"id":2401,"length":53.9285,"mcpPosition":[-53.176,340.275,-37.1626],"pipPosition":[-52.7475,347.493,-75.8914],"stabilizedTipPosition":[-90.2416,321.713,10.4582],"timeVisible":0.759433,"tipPosition":[-53.9854,348.339,-110.076],"tipVelocity":[64.2535,20.51,-126.255],"tool":false,"touchDistance":-0.492212,"touchZone":"touching","type":1,"width":17.738},{"bases":[[[0.868859,-0.484117,-0.103509],[0.494128,0.860872,0.121396],[0.0303383,-0.156623,0.987192]],[[0.868745,-0.483552,-0.10705],[0.163144,0.483494,-0.86001],[0.467617,0.729665,0.498922]],[[0.868745,-0.483552,-0.10705],[-0.319786,-0.382633,-0.866792],[0.378178,0.787255,-0.487044]],[[0.868745,-0.483552,-0.10705],[-0.464608,-0.720851,-0.514309],[0.171528,0.49654,-0.850898]]],"btipPosition":[-67.1219,273.501,-32.5147],"carpPosition":[-31.6938,324.819,25.3344],"dipPosition":[-64.166,282.058,-47.1781],"direction":[-0.378178,-0.787255,0.487044],"extended":false,"handId":240,"id":2402,"length":61.4471,"mcpPosition":[-33.6349,334.839,-37.8258],"pipPosition":[-54.3042,302.587,-59.8788],"stabilizedTipPosition":[-82.0253,246.405,111.669],"timeVisible":0.759433,"tipPosition":[-66.5216,275.268,-35.517],"tipVelocity":[34.4303,-4.92109,-136.545],"tool":false,"touchDistance":0.333333,"touchZone":"none","type":2,"width":17.4211},{"bases":[[[0.824116,-0.565398,0.0340377],[0.555657,0.818652,0.145098],[-0.109903,-0.100664,0.988832]],[[0.825327,-0.5642,0.0226399],[0.337746,0.461138,-0.820536],[0.452507,0.684858,0.571146]],[[0.825327,-0.5642,0.0226399],[-0.21498,-0.351048,-0.911345],[0.522129,0.747291,-0.411021]],[[0.825327,-0.5642,0.0226399],[-0.448802,-0.679796,-0.580047],[0.342653,0.468568,-0.814268]]],"btipPosition":[-52.9305,270.93,-32.2783],"carpPosition":[-21.5683,320.22,23.5315],"dipPosition":[-47.0595,278.958,-46.2299],"direction":[-0.522129,-0.747291,0.411021],"extended":false,"handId":240,"id":2403,"length":59.0831,"mcpPosition":[-15.2551,326.003,-33.2699],"pipPosition":[-33.7956,297.942,-56.6713],"stabilizedTipPosition":[-67.9282,245.193,123.359],"timeVisible":0.759433,"tipPosition":[-51.6979,272.671,-34.5733],"tipVelocity":[32.5346,-8.5624,-134.535],"tool":false,"touchDistance":0.333333,"touchZone":"none","type":3,"width":16.5772},{"bases":[[[0.702642,-0.70069,0.12381],[0.665165,0.708615,0.235413],[-0.252685,-0.0830568,0.963977]],[[0.68748,-0.704227,0.177297],[0.51014,0.294565,-0.808077],[0.516844,0.645984,0.561762]],[[0.68748,-0.704227,0.177297],[-0.177224,-0.399458,-0.899458],[0.704246,0.586939,-0.399426]],[[0.68748,-0.704227,0.177297],[-0.492706,-0.631674,-0.598523],[0.53349,0.324117,-0.78124]]],"btipPosition":[-38.364,277.433,-26.9017],"carpPosition":[-13.9772,309.614,23.0596],"dipPosition":[-29.9313,282.557,-39.2506],"direction":[-0.704246,-0.586939,0.399426],"extended":false,"handId":240,"id":2404,"length":46.32,"mcpPosition":[-0.540872,314.03,-28.1992],"pipPosition":[-17.2998,293.084,-46.4147],"stabilizedTipPosition":[-54.1009,258.035,114.626],"timeVisible":0.759433,"tipPosition":[-36.4774,278.579,-28.8748],"tipVelocity":[29.9975,-10.6665,-129.84],"tool":false,"touchDistance":0.333333,"touchZone":"none","type":4,"width":14.7252}],"r":[[0.540186,-0.766341,0.347735],[0.84134,0.482661,-0.24328],[0.0185969,0.42398,0.905481]],"s":0.785132,"t":[54.7403,84.8711,-207.649],"timestamp":2890246983},false],[6,{"currentFrameRate":110.618,"devices":[],"gestures":[],"hands":[{"armBasis":[[0.895332,-0.156252,-0.417093],[0.342357,0.840444,0.420055],[0.284909,-0.518883,0.80597]],"armWidth":58.4334,"confidence":0.596909,"direction":[0.0564157,0.281284,-0.957965],"elbow":[42.1745,182.372,229.237],"grabStrength":0,"id":240,"palmNormal":[-0.354466,-0.891343,-0.282597],"palmPosition":[-33.5037,323.73,-18.533],"palmVelocity":[24.0814,-13.8456,-135.885],"palmWidth":83.4409,"pinchStrength":1,"r":[[0.538458,-0.766759,0.349491],[0.842516,0.482409,-0.239685],[0.0151835,0.423512,0.905763]],"s":0.786674,"sphereCenter":[-45.2633,295.656,-46.8923],"sphereRadius":41.638,"stabilizedPalmPosition":[-59.4217,306.76,117.84],"t":[54.9253,84.7761,-209.011],"timeVisible":0.768273,"type":"right","wrist":[-28.3687,310.847,29.6793]}],"id":277742,"interactionBox":{"center":[0,200,0],"size":[235.247,235.247,147.751]},"pointables":[{"bases":[[[0.703636,0.709074,0.0459462],[-0.614662,0.574957,0.540014],[0.356492,-0.408215,0.840401]],[[0.531924,0.807654,-0.254462],[-0.770751,0.586238,0.249534],[0.350713,0.0633935,0.934335]],[[0.531924,0.807654,-0.254462],[-0.832682,0.444256,-0.330572],[-0.153941,0.387725,0.90883]],[[0.531924,0.807654,-0.254462],[-0.646966,0.193736,-0.737497],[-0.546344,0.556921,0.625578]]],"btipPosition":[-55.9726,283.453,-53.4339],"carpPosition":[-56.4571,310.43,31.1786],"dipPosition":[-67.6982,295.405,-40.0079],"direction":[0.153941,-0.387725,-0.90883],"extended":false,"handId":240,"id":2400,"length":47.7925,"mcpPosition":[-56.4571,310.43,31.1786],"pipPosition":[-72.5114,307.528,-11.5917],"stabilizedTipPosition":[-83.9488,262.44,80.3737],"timeVisible":0.768273,"tipPosition":[-58.9423,286.205,-50.2987],"tipVelocity":[35.9243,-8.14599,-152.753],"tool":false,"touchDistance":-0.499735,"touchZone":"touching","type":0,"width":18.5699},{"bases":[[[0.929588,-0.303233,-0.209562],[0.335547,0.93147,0.140614],[0.152562,-0.201031,0.967632]],[[0.942021,-0.332154,-0.0476523],[0.335146,0.924324,0.182493],[-0.0165695,-0.187882,0.982052]],[[0.942021,-0.332154,-0.0476523],[0.335117,0.938508,0.083064],[0.017132,-0.0942171,0.995404]],[[0.942021,-0.332154,-0.0476523],[0.332604,0.943065,0.00160714],[0.0444054,-0.0173633,0.998863]]],"btipPosition":[-53.3597,349.869,-115.206],"carpPosition":[-42.6443,326.544,26.4801],"dipPosition":[-52.6639,349.597,-99.556],"direction":[-0.017132,0.0942171,-0.995404],"extended":true,"handId":240,"id":2401,"length":53.9285,"mcpPosition":[-52.937,340.106,-38.8019],"pipPosition":[-52.2842,347.509,-77.4928],"stabilizedTipPosition":[-90.1869,321.754,10.278],"timeVisible":0.768273,"tipPosition":[-53.2893,348.515,-111.68],"tipVelocity":[67.7598,21.2024,-140.941],"tool":false,"touchDistance":-0.495267,"touchZone":"touching","type":1,"width":17.738},{"bases":[[[0.870739,-0.481926,-0.0977852],[0.491142,0.862155,0.124371],[0.0243686,-0.156321,0.987406]],[[0.870635,-0.481299,-0.101717],[0.166763,0.483293,-0.859429],[0.462802,0.731286,0.501035]],[[0.870635,-0.481299,-0.101717],[-0.314879,-0.386376,-0.866928],[0.377951,0.786806,-0.487943]],[[0.870635,-0.481299,-0.101717],[-0.46043,-0.724473,-0.512974],[0.173203,0.493447,-0.852356]]],"btipPosition":[-66.6754,273.375,-34.0715],"carpPosition":[-31.8192,324.719,23.836],"dipPosition":[-63.6906,281.879,-48.76],"direction":[-0.377951,-0.786806,0.487943],"extended":false,"handId":240,"id":2402,"length":61.4471,"mcpPosition":[-33.3782,334.72,-39.3378],"pipPosition":[-53.8347,302.397,-61.4842],"stabilizedTipPosition":[-82.0252,246.405,111.668],"timeVisible":0.768273,"tipPosition":[-66.086,275.119,-37.1581],"tipVelocity":[38.9835,-7.80971,-147.42],"tool":false,"touchDistance":0.333333,"touchZone":"none","type":2,"width":17.4211},{"bases":[[[0.825315,-0.563289,0.03949],[0.552624,0.820098,0.148479],[-0.116023,-0.100719,0.988127]],[[0.826677,-0.562011,0.0273658],[0.341243,0.462086,-0.818553],[0.447391,0.686017,0.573778]],[[0.826677,-0.562011,0.0273658],[-0.209926,-0.353179,-0.911699],[0.522051,0.747936,-0.409945]],[[0.826677,-0.562011,0.0273658],[-0.444766,-0.68246,-0.580028],[0.344658,0.467324,-0.814137]]],"btipPosition":[-52.504,270.816,-33.8071],"carpPosition":[-21.6705,320.146,22.0996],"dipPosition":[-46.5986,278.823,-47.7564],"direction":[-0.522051,-0.747936,0.409945],"extended":false,"handId":240,"id":2403,"length":59.0831,"mcpPosition":[-15.0058,325.932,-34.6613],"pipPosition":[-33.3367,297.824,-58.1705],"stabilizedTipPosition":[-67.9281,245.193,123.358],"timeVisible":0.768273,"tipPosition":[-51.2759,272.54,-36.1759],"tipVelocity":[37.0262,-9.87614,-144.905],"tool":false,"touchDistance":0.333333,"touchZone":"none","type":3,"width":16.5772},{"bases":[[[0.70361,-0.69887,0.12851],[0.661827,0.710361,0.239526],[-0.258686,-0.0834811,0.962347]],[[0.687851,-0.702473,0.182739],[0.514272,0.293984,-0.805666],[0.512236,0.648156,0.563479]],[[0.687851,-0.702473,0.182739],[-0.172698,-0.402914,-0.898797],[0.705009,0.586679,-0.39846]],[[0.687851,-0.702473,0.182739],[-0.489419,-0.634777,-0.597936],[0.536033,0.321855,-0.780435]]],"btipPosition":[-38.0217,277.371,-28.2811],"carpPosition":[-14.0496,309.559,21.6793],"dipPosition":[-29.5488,282.458,-40.6172],"direction":[-0.705009,-0.586679,0.39846],"extended":false,"handId":240,"id":2404,"length":46.32,"mcpPosition":[-0.294159,313.998,-29.4929],"pipPosition":[-16.9037,292.981,-47.764],"stabilizedTipPosition":[-54.1008,258.035,114.625],"timeVisible":0.768273,"tipPosition":[-36.1289,278.491,-30.3523],"tipVelocity":[32.639,-9.94489,-136.835],"tool":false,"touchDistance":0.333333,"touchZone