{"sensorType":"Leap","data":[[0,{"currentFrameRate":109.999,"devices":[],"gestures":[],"hands":[{"armBasis":[[0.954169,0.0680788,-0.291422],[0.111888,0.822011,0.558372],[0.277565,-0.565388,0.77672]],"armWidth":58.4334,"confidence":0.773516,"direction":[0.204447,0.348406,-0.914776],"elbow":[27.9521,168.454,229.624],"grabStrength":0,"id":230,"palmNormal":[-0.156294,-0.910907,-0.381864],"palmPosition":[-38.0227,323.633,-10.4241],"palmVelocity":[-2.13969,-14.1227,-147.136],"palmWidth":83.4409,"pinchStrength":0.56194,"r":[[0.949057,0.041327,0.312383],[-0.0598187,0.996964,0.049842],[-0.309374,-0.0659892,0.948648]],"s":1.22364,"sphereCenter":[-48.2959,297.945,-43.293],"sphereRadius":43.647,"stabilizedPalmPosition":[-36.67,331.995,109.063],"t":[40.9549,82.0846,-168.053],"timeVisible":0.895076,"type":"right","wrist":[-40.7728,308.444,37.3094]}],"id":273460,"interactionBox":{"center":[0,200,0],"size":[235.247,235.247,147.751]},"pointables":[{"bases":[[[0.568532,0.793778,0.216074],[-0.78758,0.449295,0.421725],[0.237675,-0.40994,0.880602]],[[0.469211,0.880891,-0.0622188],[-0.827134,0.463071,0.318456],[0.309337,-0.0979599,0.945893]],[[0.469211,0.880891,-0.0622188],[-0.873702,0.452827,-0.177744],[-0.128398,0.13776,0.982108]],[[0.469211,0.880891,-0.0622188],[-0.799896,0.394101,-0.452605],[-0.374175,0.262136,0.889538]]],"btipPosition":[-70.3398,298.658,-60.1449],"carpPosition":[-68.2247,304.107,32.953],"dipPosition":[-78.3703,304.284,-41.0537],"direction":[0.128398,-0.13776,-0.982108],"extended":false,"handId":230,"id":2300,"length":47.7925,"mcpPosition":[-68.2247,304.107,32.953],"pipPosition":[-82.3849,308.592,-10.3464],"stabilizedTipPosition":[-85.9611,309.859,53.5781],"timeVisible":0.895076,"tipPosition":[-71.3755,298.715,-55.7109],"tipVelocity":[6.51746,22.6948,-163.94],"tool":false,"touchDistance":-0.478754,"touchZone":"touching","type":0,"width":18.5699},{"bases":[[[0.986928,-0.159409,-0.0236849],[0.160394,0.957284,0.240585],[-0.0156782,-0.241239,0.970339]],[[0.985993,-0.166684,0.0058843],[0.15892,0.949607,0.27017],[-0.0506207,-0.265451,0.962795]],[[0.985993,-0.166684,0.0058843],[0.163816,0.974453,0.153638],[-0.031343,-0.150522,0.98811]],[[0.985993,-0.166684,0.0058843],[0.166075,0.984428,0.0576169],[-0.0153965,-0.0558326,0.998321]]],"btipPosition":[-52.2808,353.17,-109.142],"carpPosition":[-56.2689,322.225,31.7984],"dipPosition":[-52.5221,352.295,-93.4999],"direction":[0.031343,0.150522,-0.98811],"extended":true,"handId":230,"id":2301,"length":53.9285,"mcpPosition":[-55.2111,338.5,-33.6662],"pipPosition":[-53.2168,348.958,-71.5984],"stabilizedTipPosition":[-64.9534,355.733,5.02291],"timeVisible":0.895076,"tipPosition":[-52.1423,351.482,-105.711],"tipVelocity":[45.4005,51.3196,-141.861],"tool":false,"touchDistance":-0.458764,"touchZone":"touching","type":1,"width":17.738},{"bases":[[[0.933836,-0.351378,0.0669646],[0.324554,0.911024,0.254363],[-0.150384,-0.215799,0.964788]],[[0.932231,-0.35359,0.0769365],[0.253741,0.487157,-0.83564],[0.257994,0.798531,0.543863]],[[0.932231,-0.35359,0.0769365],[-0.0544488,-0.347255,-0.936189],[0.357744,0.868555,-0.342974]],[[0.932231,-0.35359,0.0769365],[-0.20176,-0.684385,-0.700649],[0.300397,0.637644,-0.709346]]],"btipPosition":[-61.2737,266.942,-33.2131],"carpPosition":[-44.9858,322.069,31.3853],"dipPosition":[-56.097,277.93,-45.4372],"direction":[-0.357744,-0.868555,0.342974],"extended":false,"handId":230,"id":2302,"length":61.4471,"mcpPosition":[-35.3643,335.876,-30.3415],"pipPosition":[-46.768,300.579,-54.381],"stabilizedTipPosition":[-68.422,283.147,58.9172],"timeVisible":0.895076,"tipPosition":[-59.8608,269.713,-37.5917],"tipVelocity":[-0.435623,-7.52733,-141.418],"tool":false,"touchDistance":0.333333,"touchZone":"none","type":2,"width":17.4211},{"bases":[[[0.874386,-0.446975,0.188844],[0.385484,0.876248,0.289123],[-0.294705,-0.180008,0.938481]],[[0.861871,-0.453831,0.226309],[0.411619,0.365365,-0.834912],[0.296223,0.81274,0.501703]],[[0.861871,-0.453831,0.226309],[0.0134275,-0.425679,-0.904775],[0.50695,0.782838,-0.360786]],[[0.861871,-0.453831,0.226309],[-0.193432,-0.706711,-0.680547],[0.468789,0.542768,-0.696879]]],"btipPosition":[-50.2548,266.898,-21.7396],"carpPosition":[-34.1359,319.044,31.6201],"dipPosition":[-42.2226,276.197,-33.6798],"direction":[-0.50695,-0.782838,0.360786],"extended":false,"handId":230,"id":2303,"length":59.0831,"mcpPosition":[-17.2072,329.384,-22.289],"pipPosition":[-29.3442,296.084,-42.8451],"stabilizedTipPosition":[-53.4273,281.538,58.0266],"timeVisible":0.895076,"tipPosition":[-47.9963,269.09,-26.0456],"tipVelocity":[-7.98124,-9.47857,-132.497],"tool":false,"touchDistance":0.333333,"touchZone":"none","type":3,"width":16.5772},{"bases":[[[0.758607,-0.603401,0.245809],[0.489229,0.776691,0.396744],[-0.430314,-0.180716,0.884405]],[[0.678741,-0.624726,0.386042],[0.620236,0.206188,-0.756831],[0.393215,0.753129,0.527426]],[[0.678741,-0.624726,0.386042],[0.064374,-0.473035,-0.878689],[0.731551,0.621253,-0.280852]],[[0.678741,-0.624726,0.386042],[-0.224606,-0.677076,-0.7008],[0.699188,0.388954,-0.599876]]],"btipPosition":[-39.1567,277.542,-17.2089],"carpPosition":[-25.1151,309.644,32.4014],"dipPosition":[-28.1049,283.69,-26.691],"direction":[-0.731551,-0.621253,0.280852],"extended":false,"handId":230,"id":2304,"length":46.32,"mcpPosition":[-2.23348,319.254,-14.6262],"pipPosition":[-14.9837,294.833,-31.7283],"stabilizedTipPosition":[-38.25,290.612,71.5716],"timeVisible":0.895076,"tipPosition":[-36.0082,278.858,-20.7518],"tipVelocity":[-9.26589,-11.3536,-136.176],"tool":false,"touchDistance":0.333333,"touchZone":"none","type":4,"width":14.7252}],"r":[[0.949057,0.041327,0.312383],[-0.0598187,0.996964,0.049842],[-0.309374,-0.0659892,0.948648]],"s":1.22364,"t":[40.9549,82.0846,-168.053],"timestamp":2850821256},false],[1,{"currentFrameRate":110.095,"devices":[],"gestures":[],"hands":[{"armBasis":[[0.954711,0.0651548,-0.290314],[0.113354,0.822497,0.55736],[0.275097,-0.565025,0.777861]],"armWidth":58.4334,"confidence":0.777902,"direction":[0.208061,0.347805,-0.91419],"elbow":[27.2865,168.411,228.647],"grabStrength":0,"id":230,"palmNormal":[-0.158132,-0.910387,-0.382348],"palmPosition":[-37.898,323.494,-11.675],"palmVelocity":[2.25319,-14.5402,-145.287],"palmWidth":83.4409,"pinchStrength":0.550491,"r":[[0.947875,0.0399917,0.316124],[-0.0589103,0.996984,0.0505136],[-0.31315,-0.0665035,0.947372]],"s":1.22736,"sphereCenter":[-48.5322,298.096,-44.6067],"sphereRadius":43.7043,"stabilizedPalmPosition":[-36.67,331.995,109.062],"t":[41.0073,81.9755,-169.492],"timeVisible":0.903989,"type":"right","wrist":[-40.8273,308.31,36.0498]}],"id":273461,"interactionBox":{"center":[0,200,0],"size":[235.247,235.247,147.751]},"pointables":[{"bases":[[[0.57045,0.79196,0.217683],[-0.787306,0.451767,0.419589],[0.233956,-0.410738,0.881226]],[[0.473381,0.878939,-0.0581047],[-0.824271,0.465267,0.322652],[0.310626,-0.104843,0.944732]],[[0.473381,0.878939,-0.0581047],[-0.870804,0.457021,-0.181195],[-0.132704,0.136372,0.981729]],[[0.473381,0.878939,-0.0581047],[-0.7964,0.398875,-0.454583],[-0.376375,0.261466,0.888807]]],"btipPosition":[-70.2729,298.985,-61.3994],"carpPosition":[-68.2807,304.061,31.6178],"dipPosition":[-78.3507,304.597,-42.3239],"direction":[0.132704,-0.136372,-0.981729],"extended":false,"handId":230,"id":2300,"length":47.7925,"mcpPosition":[-68.2807,304.061,31.6178],"pipPosition":[-82.4999,308.861,-11.6284],"stabilizedTipPosition":[-85.96,309.859,53.5697],"timeVisible":0.903989,"tipPosition":[-71.3465,299.032,-56.9981],"tipVelocity":[6.45355,26.4003,-157.734],"tool":false,"touchDistance":-0.478084,"touchZone":"touching","type":0,"width":18.5699},{"bases":[[[0.98648,-0.162535,-0.0209857],[0.162767,0.956758,0.241083],[-0.0191063,-0.24124,0.970277]],[[0.985525,-0.169389,0.00685878],[0.160995,0.947827,0.275146],[-0.0531076,-0.270059,0.961378]],[[0.985525,-0.169389,0.00685878],[0.166154,0.973154,0.159263],[-0.033652,-0.155818,0.987212]],[[0.985525,-0.169389,0.00685878],[0.16862,0.983628,0.0635797],[-0.0175162,-0.0615029,0.997953]]],"btipPosition":[-51.8627,353.473,-110.357],"carpPosition":[-56.2644,322.141,30.4972],"dipPosition":[-52.1371,352.51,-94.7213],"direction":[0.033652,0.155818,-0.987212],"extended":true,"handId":230,"id":2301,"length":53.9285,"mcpPosition":[-54.9754,338.416,-34.9633],"pipPosition":[-52.883,349.056,-72.8397],"stabilizedTipPosition":[-64.9501,355.733,4.99434],"timeVisible":0.903989,"tipPosition":[-51.7295,351.769,-106.934],"tipVelocity":[45.5794,46.0044,-140.41],"tool":false,"touchDistance":-0.459475,"touchZone":"touching","type":1,"width":17.738},{"bases":[[[0.93253,-0.35434,0.069506],[0.326741,0.909977,0.255308],[-0.153715,-0.215372,0.964358]],[[0.930927,-0.356501,0.0792622],[0.256296,0.483124,-0.8372],[0.260169,0.799686,0.541123]],[[0.930927,-0.356501,0.0792622],[-0.0547576,-0.350833,-0.934836],[0.361078,0.865923,-0.346121]],[[0.930927,-0.356501,0.0792622],[-0.203193,-0.685942,-0.69871],[0.30346,0.634342,-0.711001]]],"btipPosition":[-61.2914,266.869,-34.2242],"carpPosition":[-44.9808,321.949,30.115],"dipPosition":[-56.0619,277.801,-46.4768],"direction":[-0.361078,-0.865923,0.346121],"extended":false,"handId":230,"id":2302,"length":61.4471,"mcpPosition":[-35.1462,335.729,-31.5842],"pipPosition":[-46.646,300.381,-55.5026],"stabilizedTipPosition":[-68.4191,283.142,58.8843],"timeVisible":0.903989,"tipPosition":[-59.8687,269.615,-38.5847],"tipVelocity":[-0.486942,-8.0921,-133.999],"tool":false,"touchDistance":0.333333,"touchZone":"none","type":2,"width":17.4211},{"bases":[[[0.872443,-0.449754,0.191216],[0.387464,0.875006,0.290233],[-0.297849,-0.179123,0.937657]],[[0.860204,-0.456378,0.227526],[0.413224,0.362367,-0.835426],[0.298822,0.812656,0.500296]],[[0.860204,-0.456378,0.227526],[0.0119312,-0.428039,-0.903682],[0.50981,0.780065,-0.362756]],[[0.860204,-0.456378,0.227526],[-0.195813,-0.707574,-0.678967],[0.470857,0.539497,-0.698023]]],"btipPosition":[-50.294,266.823,-22.8057],"carpPosition":[-34.1412,318.89,30.3795],"dipPosition":[-42.2264,276.066,-34.7655],"direction":[-0.50981,-0.780065,0.362756],"extended":false,"handId":230,"id":2303,"length":59.0831,"mcpPosition":[-17.0318,329.18,-23.4823],"pipPosition":[-29.2754,295.883,-43.9808],"stabilizedTipPosition":[-53.4272,281.538,58.024],"timeVisible":0.903989,"tipPosition":[-48.0442,268.992,-27.0773],"tipVelocity":[-6.75818,-9.5829,-129.125],"tool":false,"touchDistance":0.333333,"touchZone":"none","type":3,"width":16.5772},{"bases":[[[0.756013,-0.605815,0.247854],[0.490597,0.775116,0.398133],[-0.433311,-0.179398,0.883209]],[[0.676858,-0.626727,0.386105],[0.619209,0.201126,-0.759031],[0.398049,0.752836,0.524209]],[[0.676858,-0.626727,0.386105],[0.0596179,-0.476122,-0.877356],[0.733696,0.616864,-0.284903]],[[0.676858,-0.626727,0.386105],[-0.228956,-0.677743,-0.698745],[0.699602,0.38455,-0.602228]]],"btipPosition":[-39.2364,277.447,-18.1476],"carpPosition":[-25.1525,309.462,31.1849],"dipPosition":[-28.178,283.526,-27.6669],"direction":[-0.733696,-0.616864,0.284903],"extended":false,"handId":230,"id":2304,"length":46.32,"mcpPosition":[-2.11143,319.001,-15.7792],"pipPosition":[-15.0184,294.59,-32.7769],"stabilizedTipPosition":[-38.2499,290.612,71.5703],"timeVisible":0.903989,"tipPosition":[-36.0991,278.744,-21.6921],"tipVelocity":[-9.13208,-11.6498,-128.035],"tool":false,"touchDistance":0.333333,"touchZone":"none","type":4,"width":14.7252}],"r":[[0.947875,0.0399917,0.316124],[-0.0589103,0.996984,0.0505136],[-0.31315,-0.0665035,0.947372]],"s":1.22736,"t":[41.0073,81.9755,-169.492],"timestamp":2850830169},false],[2,{"currentFrameRate":110.03,"devices":[],"gestures":[],"hands":[{"armBasis":[[0.95498,0.0645582,-0.289562],[0.113079,0.823145,0.556458],[0.274275,-0.564149,0.778787]],"armWidth":58.4334,"confidence":0.778748,"direction":[0.209472,0.348311,-0.913674],"elbow":[27.0902,168.357,228.199],"grabStrength":0,"id":230,"palmNormal":[-0.157682,-0.910142,-0.383116],"palmPosition":[-37.8175,323.251,-12.3395],"palmVelocity":[4.06972,-17.8609,-124.834],"palmWidth":83.4409,"pinchStrength":0.541874,"r":[[0.946823,0.0388593,0.3194],[-0.0581742,0.996995,0.0511527],[-0.316452,-0.0670133,0.946239]],"s":1.23071,"sphereCenter":[-48.7799,298.138,-45.3203],"sphereRadius":43.7392,"stabilizedPalmPosition":[-36.67,331.995,109.062],"t":[41.0738,81.7993,-170.544],"timeVisible":0.913193,"type":"right","wrist":[-40.8201,308.04,35.372]}],"id":273462,"interactionBox":{"center":[0,200,0],"size":[235.247,235.247,147.751]},"pointables":[{"bases":[[[0.57023,0.791756,0.218998],[-0.787872,0.451627,0.418677],[0.232585,-0.411284,0.881334]],[[0.474244,0.878651,-0.055362],[-0.823431,0.464934,0.325265],[0.311534,-0.108668,0.944001]],[[0.474244,0.878651,-0.055362],[-0.869693,0.457779,-0.184589],[-0.136846,0.135688,0.981255]],[[0.474244,0.878651,-0.055362],[-0.794581,0.400093,-0.45669],[-0.379121,0.260572,0.887901]]],"btipPosition":[-70.1128,298.937,-62.053],"carpPosition":[-68.2674,303.797,30.8965],"dipPosition":[-78.2495,304.529,-42.9969],"direction":[0.136846,-0.135688,-0.981255],"extended":false,"handId":230,"id":2300,"length":47.7925,"mcpPosition":[-68.2674,303.797,30.8965],"pipPosition":[-82.5282,308.772,-12.3162],"stabilizedTipPosition":[-85.9592,309.858,53.5631],"timeVisible":0.913193,"tipPosition":[-71.2492,299.006,-57.6806],"tipVelocity":[9.10434,17.3998,-133.601],"tool":false,"touchDistance":-0.468479,"touchZone":"touching","type":0,"width":18.5699},{"bases":[[[0.986488,-0.162655,-0.0196076],[0.162534,0.956595,0.241886],[-0.0205873,-0.241804,0.970107]],[[0.98558,-0.169088,0.00644439],[0.160545,0.946458,0.280077],[-0.053457,-0.275003,0.959956]],[[0.98558,-0.169088,0.00644439],[0.16575,0.972384,0.164304],[-0.0340483,-0.160867,0.986389]],[[0.98558,-0.169088,0.00644439],[0.168259,0.983358,0.068522],[-0.0179234,-0.0664496,0.997629]]],"btipPosition":[-51.7165,353.63,-110.959],"carpPosition":[-56.247,321.876,29.8044],"dipPosition":[-51.9973,352.589,-95.3283],"direction":[0.0340483,0.160867,-0.986389],"extended":true,"handId":230,"id":2301,"length":53.9285,"mcpPosition":[-54.8581,338.189,-35.6446],"pipPosition":[-52.752,349.024,-73.4649],"stabilizedTipPosition":[-64.946,355.732,4.95988],"timeVisible":0.913193,"tipPosition":[-51.5724,351.92,-107.543],"tipVelocity":[37.2247,37.3636,-119.454],"tool":false,"touchDistance":-0.450907,"touchZone":"touching","type":1,"width":17.738},{"bases":[[[0.932378,-0.354505,0.0706912],[0.32648,0.909784,0.256328],[-0.155183,-0.215916,0.964001]],[[0.930813,-0.356603,0.0801305],[0.255689,0.478667,-0.839941],[0.26117,0.802317,0.53673]],[[0.930813,-0.356603,0.0801305],[-0.0558419,-0.355418,-0.933038],[0.361204,0.864009,-0.350741]],[[0.930813,-0.356603,0.0801305],[-0.203739,-0.68826,-0.696268],[0.303442,0.63177,-0.713295]]],"btipPosition":[-61.2267,266.615,-34.5232],"carpPosition":[-44.9629,321.683,29.4389],"dipPosition":[-55.9975,277.503,-46.8153],"direction":[-0.361204,-0.864009,0.350741],"extended":false,"handId":230,"id":2302,"length":61.4471,"mcpPosition":[-35.0343,335.497,-32.2375],"pipPosition":[-46.5784,300.033,-55.9617],"stabilizedTipPosition":[-68.417,283.138,58.8606],"timeVisible":0.913193,"tipPosition":[-59.8042,269.348,-38.8956],"tipVelocity":[1.6126,-13.8546,-105.868],"tool":false,"touchDistance":0.333333,"touchZone":"none","type":2,"width":17.4211},{"bases":[[[0.872097,-0.449983,0.192256],[0.387147,0.874785,0.291323],[-0.299273,-0.179631,0.937106]],[[0.860072,-0.456495,0.227791],[0.413445,0.362078,-0.835442],[0.298897,0.812719,0.500148]],[[0.860072,-0.456495,0.227791],[0.0117813,-0.428607,-0.903414],[0.510037,0.779685,-0.363254]],[[0.860072,-0.456495,0.227791],[-0.195986,-0.707876,-0.678603],[0.471026,0.539003,-0.698291]]],"btipPosition":[-50.2069,266.599,-23.4124],"carpPosition":[-34.1241,318.622,29.7178],"dipPosition":[-42.1364,275.835,-35.3768],"direction":[-0.510037,-0.779685,0.363254],"extended":false,"handId":230,"id":2303,"length":59.0831,"mcpPosition":[-16.933,328.941,-24.1124],"pipPosition":[-29.1796,295.641,-44.6048],"stabilizedTipPosition":[-53.427,281.538,58.0221],"timeVisible":0.913193,"tipPosition":[-47.9705,268.762,-27.6491],"tipVelocity":[-2.19744,-13.7531,-111.47],"tool":false,"touchDistance":0.333333,"touchZone":"none","type":3,"width":16.5772},{"bases":[[[0.755562,-0.606061,0.248628],[0.490105,0.774817,0.399319],[-0.434653,-0.179856,0.882456]],[[0.676744,-0.626963,0.385921],[0.618847,0.200483,-0.759496],[0.398805,0.752811,0.52367]],[[0.676744,-0.626963,0.385921],[0.0584224,-0.476808,-0.877064],[0.733897,0.616094,-0.286048]],[[0.676744,-0.626963,0.385921],[-0.229932,-0.677965,-0.698209],[0.699392,0.383773,-0.602967]]],"btipPosition":[-39.1753,277.229,-18.7116],"carpPosition":[-25.1379,309.192,30.5312],"dipPosition":[-28.1202,283.295,-28.2426],"direction":[-0.733897,-0.616094,0.286048],"extended":false,"handId":230,"id":2304,"length":46.32,"mcpPosition":[-2.02546,318.756,-16.3929],"pipPosition":[-14.9569,294.345,-33.3732],"stabilizedTipPosition":[-38.2499,290.612,71.5692],"timeVisible":0.913193,"tipPosition":[-36.0584,278.523,-22.2288],"tipVelocity":[-4.73945,-15.1203,-109.436],"tool":false,"touchDistance":0.333333,"touchZone":"none","type":4,"width":14.7252}],"r":[[0.946823,0.0388593,0.3194],[-0.0581742,0.996995,0.0511527],[-0.316452,-0.0670133,0.946239]],"s":1.23071,"t":[41.0738,81.7993,-170.544],"timestamp":2850839373},false],[3,{"currentFrameRate":110.233,"devices":[],"gestures":[],"hands":[{"armBasis":[[0.955314,0.0644298,-0.288486],[0.112421,0.823422,0.556181],[0.27338,-0.563759,0.779383]],"armWidth":58.4334,"confidence":0.783402,"direction":[0.210001,0.348802,-0.913366],"elbow":[26.8688,168.296,227.92],"grabStrength":0,"id":230,"palmNormal":[-0.156909,-0.910065,-0.383617],"palmPosition":[-37.7881,323.115,-12.7578],"palmVelocity":[3.88415,-17.2444,-104.315],"palmWidth":83.4409,"pinchStrength":0.535891,"r":[[0.945919,0.0380238,0.322167],[-0.0576988,0.996992,0.05174],[-0.319231,-0.0675305,0.945268]],"s":1.23374,"sphereCenter":[-49.1125,298.317,-45.7794],"sphereRadius":43.7718,"stabilizedPalmPosition":[-36.67,331.995,109.062],"t":[41.1217,81.6435,-171.279],"timeVisible":0.921905,"type":"right","wrist":[-40.8198,307.883,34.945]}],"id":273463,"interactionBox":{"center":[0,200,0],"size":[235.247,235.247,147.751]},"pointables":[{"bases":[[[0.569646,0.791962,0.219771],[-0.788433,0.451042,0.418252],[0.232114,-0.41153,0.881343]],[[0.474257,0.878751,-0.0536367],[-0.823292,0.46426,0.326578],[0.311882,-0.110723,0.943647]],[[0.474257,0.878751,-0.0536367],[-0.8693,0.457777,-0.186433],[-0.139274,0.135044,0.981002]],[[0.474257,0.878751,-0.0536367],[-0.793923,0.400556,-0.457428],[-0.380481,0.259522,0.887628]]],"btipPosition":[-70.0177,298.904,-62.4731],"carpPosition":[-68.2614,303.628,30.4464],"dipPosition":[-78.1835,304.474,-43.4229],"direction":[0.139274,-0.135044,-0.981003],"extended":false,"handId":230,"id":2300,"length":47.7925,"mcpPosition":[-68.2614,303.628,30.4464],"pipPosition":[-82.5382,308.696,-12.7501],"stabilizedTipPosition":[-85.9586,309.858,53.5584],"timeVisible":0.921905,"tipPosition":[-71.1985,298.992,-58.113],"tipVelocity":[9.3827,11.5934,-110.838],"tool":false,"touchDistance":-0.456286,"touchZone":"touching","type":0,"width":18.5699},{"bases":[[[0.986588,-0.162133,-0.0189079],[0.161847,0.956579,0.242411],[-0.0212158,-0.242219,0.969989]],[[0.985753,-0.168115,0.00525689],[0.159627,0.944921,0.285734],[-0.0530035,-0.280824,0.958295]],[[0.985753,-0.168115,0.00525689],[0.16478,0.971521,0.170278],[-0.0337334,-0.166985,0.985382]],[[0.985753,-0.168115,0.00525689],[0.167263,0.983091,0.0745361],[-0.0176986,-0.0725949,0.997204]]],"btipPosition":[-51.7051,353.957,-111.29],"carpPosition":[-56.2497,321.713,29.3712],"dipPosition":[-51.9824,352.82,-95.6658],"direction":[0.0337334,0.166985,-0.985382],"extended":true,"handId":230,"id":2301,"length":53.9285,"mcpPosition":[-54.8184,338.055,-36.0699],"pipPosition":[-52.7301,349.118,-73.8247],"stabilizedTipPosition":[-64.9416,355.731,4.92173],"timeVisible":0.921905,"tipPosition":[-51.5521,352.215,-107.885],"tipVelocity":[27.6559,36.7167,-97.7396],"tool":false,"touchDistance":-0.439136,"touchZone":"touching","type":1,"width":17.738},{"bases":[[[0.932508,-0.354048,0.0712689],[0.325806,0.909847,0.256961],[-0.155821,-0.216398,0.96379]],[[0.930973,-0.356105,0.0804952],[0.254722,0.475603,-0.841973],[0.261547,0.804357,0.533482]],[[0.930973,-0.356105,0.0804952],[-0.0566408,-0.35869,-0.931737],[0.360668,0.862862,-0.354101]],[[0.930973,-0.356105,0.0804952],[-0.203875,-0.689986,-0.694517],[0.302861,0.630166,-0.714959]]],"btipPosition":[-61.1809,266.457,-34.6743],"carpPosition":[-44.9652,321.526,29.0144],"dipPosition":[-55.9618,277.316,-46.9951],"direction":[-0.360668,-0.862862,0.354101],"extended":false,"handId":230,"id":2302,"length":61.4471,"mcpPosition":[-34.9958,335.371,-32.6485],"pipPosition":[-46.5566,299.817,-56.2291],"stabilizedTipPosition":[-68.4156,283.136,58.8439],"timeVisible":0.921905,"tipPosition":[-59.7643,269.178,-39.0354],"tipVelocity":[2.51522,-15.2051,-82.4275],"tool":false,"touchDistance":0.333333,"touchZone":"none","type":2,"width":17.4211},{"bases":[[[0.872182,-0.449608,0.192747],[0.386464,0.874865,0.291989],[-0.299908,-0.180178,0.936798]],[[0.860217,-0.4561,0.228034],[0.413788,0.363013,-0.834866],[0.298003,0.812523,0.500999]],[[0.860217,-0.4561,0.228034],[0.012631,-0.427992,-0.903694],[0.509772,0.780254,-0.362405]],[[0.860217,-0.4561,0.228034],[-0.195167,-0.707619,-0.679106],[0.471101,0.539674,-0.697722]]],"btipPosition":[-50.1292,266.462,-23.8782],"carpPosition":[-34.125,318.471,29.3005],"dipPosition":[-42.0575,275.708,-35.8329],"direction":[-0.509772,-0.780254,0.362405],"extended":false,"handId":230,"id":2303,"length":59.0831,"mcpPosition":[-16.8974,328.821,-24.512],"pipPosition":[-29.1074,295.53,-45.0393],"stabilizedTipPosition":[-53.427,281.537,58.0206],"timeVisible":0.921905,"tipPosition":[-47.9016,268.627,-28.0817],"tipVelocity":[0.779097,-14.2177,-95.9088],"tool":false,"touchDistance":0.333333,"touchZone":"none","type":3,"width":16.5772},{"bases":[[[0.755684,-0.605771,0.248963],[0.48939,0.774906,0.400023],[-0.435245,-0.180451,0.882043]],[[0.677297,-0.626692,0.38539],[0.617921,0.200259,-0.760309],[0.399302,0.753096,0.522881]],[[0.677297,-0.626692,0.38539],[0.057109,-0.477469,-0.876791],[0.73349,0.615857,-0.287599]],[[0.677297,-0.626692,0.38539],[-0.230809,-0.678386,-0.697509],[0.698567,0.38347,-0.604116]]],"btipPosition":[-39.1362,277.114,-19.0324],"carpPosition":[-25.1345,309.045,30.1169],"dipPosition":[-28.0941,283.175,-28.5815],"direction":[-0.73349,-0.615857,0.287599],"extended":false,"handId":230,"id":2304,"length":46.32,"mcpPosition":[-1.99058,318.641,-16.7851],"pipPosition":[-14.9382,294.221,-33.7399],"stabilizedTipPosition":[-38.2499,290.612,71.5684],"timeVisible":0.921905,"tipPosition":[-36.0394,278.407,-22.5308],"tipVelocity":[-2.36689,-14.6518,-90.1674],"tool":false,"touchDistance":0.333333,"touchZone":"none","type":4,"width":14.7252}],"r":[[0.945919,0.0380238,0.322167],[-0.0576988,0.996992,0.05174],[-0.319231,-0.0675305,0.945268]],"s":1.23374,"t":[41.1217,81.6435,-171.279],"timestamp":2850848085},false],[4,{"currentFrameRate":110.238,"devices":[],"gestures":[],"hands":[{"armBasis":[[0.955318,0.0637438,-0.288625],[0.112662,0.824232,0.554932],[0.273267,-0.562654,0.780222]],"armWidth":58.4334,"confidence":0.791229,"direction":[0.209492,0.349006,-0.913404],"elbow":[26.8725,168.432,227.754],"grabStrength":0,"id":230,"palmNormal":[-0.156668,-0.910084,-0.38367],"palmPosition":[-37.7817,322.984,-13.1301],"palmVelocity":[3.00693,-16.4759,-86.8548],"palmWidth":83.4409,"pinchStrength":0.532709,"r":[[0.945212,0.0374273,0.324306],[-0.0574013,0.996983,0.0522406],[-0.321372,-0.067994,0.944509]],"s":1.2363,"sphereCenter":[-49.4788,298.471,-46.1692],"sphereRadius":43.8,"stabilizedPalmPosition":[-36.67,331.995,109.062],"t":[41.1489,81.5001,-171.833],"timeVisible":0.930966,"type":"right","wrist":[-40.7882,307.744,34.572]}],"id":273464,"interactionBox":{"center":[0,200,0],"size":[235.247,235.247,147.751]},"pointables":[{"bases":[[[0.569392,0.792179,0.219647],[-0.788463,0.45065,0.418618],[0.232637,-0.411541,0.8812]],[[0.47415,0.878845,-0.0530381],[-0.822904,0.463777,0.328236],[0.313067,-0.111988,0.943105]],[[0.47415,0.878845,-0.0530381],[-0.869098,0.457549,-0.187931],[-0.140895,0.135203,0.980749]],[[0.47415,0.878845,-0.0530381],[-0.793331,0.400334,-0.458648],[-0.381848,0.259545,0.887034]]],"btipPosition":[-69.9602,298.807,-62.7904],"carpPosition":[-68.2297,303.478,30.0836],"dipPosition":[-78.1554,304.377,-43.753],"direction":[0.140895,-0.135203,-0.980749],"extended":false,"handId":230,"id":2300,"length":47.7925,"mcpPosition":[-68.2297,303.478,30.0836],"pipPosition":[-82.5607,308.604,-13.0881],"stabilizedTipPosition":[-85.9581,309.857,53.5549],"timeVisible":0.930966,"tipPosition":[-71.1958,298.929,-58.4475],"tipVelocity":[8.33888,5.4345,-89.9908],"tool":false,"touchDistance":-0.443795,"touchZone":"touching","type":0,"width":18.5699},{"bases":[[[0.98665,-0.161706,-0.0193151],[0.16153,0.956618,0.242467],[-0.0207311,-0.24235,0.969967]],[[0.985902,-0.16729,0.00321592],[0.15915,0.943517,0.290598],[-0.0516484,-0.285989,0.95684]],[[0.985902,-0.16729,0.00321592],[0.164146,0.970743,0.175256],[-0.0324405,-0.172258,0.984518]],[[0.985902,-0.16729,0.00321592],[0.166511,0.982838,0.0793925],[-0.0164423,-0.0777378,0.996838]]],"btipPosition":[-51.816,354.223,-111.572],"carpPosition":[-56.2262,321.569,29.006],"dipPosition":[-52.0736,353.005,-95.9531],"direction":[0.0324405,0.172258,-0.984518],"extended":true,"handId":230,"id":2301,"length":53.9285,"mcpPosition":[-54.8275,337.919,-36.4336],"pipPosition":[-52.7927,349.186,-74.1312],"stabilizedTipPosition":[-64.9363,355.73,4.87624],"timeVisible":0.930966,"tipPosition":[-51.6559,352.466,-108.176],"tipVelocity":[16.7771,34.1044,-79.369],"tool":false,"touchDistance":-0.427799,"touchZone":"touching","type":1,"width":17.738},{"bases":[[[0.932688,-0.353656,0.0708588],[0.325515,0.909955,0.256948],[-0.155349,-0.216586,0.963824]],[[0.931196,-0.355663,0.0798566],[0.253123,0.473277,-0.843764],[0.262302,0.805924,0.53074]],[[0.931196,-0.355663,0.0798566],[-0.0581468,-0.361202,-0.930673],[0.359851,0.861996,-0.357031]],[[0.931196,-0.355663,0.0798566],[-0.204635,-0.691357,-0.692929],[0.301659,0.628911,-0.71657]]],"btipPosition":[-61.1789,266.305,-34.8209],"carpPosition":[-44.9417,321.387,28.6447],"dipPosition":[-55.9805,277.142,-47.1694],"direction":[-0.359851,-0.861996,0.357031],"extended":false,"handId":230,"id":2302,"length":61.4471,"mcpPosition":[-35.0025,335.244,-33.0203],"pipPosition":[-46.5966,299.621,-56.4798],"stabilizedTipPosition":[-68.4144,283.134,58.8302],"timeVisible":0.930966,"tipPosition":[-59.7738,269.014,-39.1603],"tipVelocity":[1.73645,-15.8012,-64.3248],"tool":false,"touchDistance":0.333333,"touchZone":"none","type":2,"width":17.4211},{"bases":[[[0.872451,-0.449257,0.192348],[0.386202,0.874994,0.291947],[-0.299463,-0.180424,0.936893]],[[0.860541,-0.45574,0.227532],[0.413233,0.363414,-0.834966],[0.297839,0.812546,0.501059]],[[0.860541,-0.45574,0.227532],[0.0123825,-0.427835,-0.903772],[0.509231,0.78055,-0.362526]],[[0.860541,-0.45574,0.227532],[-0.195203,-0.707628,-0.679086],[0.470495,0.539967,-0.697905]]],"btipPosition":[-50.099,266.328,-24.2543],"carpPosition":[-34.1001,318.336,28.9261],"dipPosition":[-42.0377,275.579,-36.212],"direction":[-0.509231,-0.78055,0.362526],"extended":false,"handId":230,"id":2303,"length":59.0831,"mcpPosition":[-16.8981,328.7,-24.8918],"pipPosition":[-29.1013,295.408,-45.4215],"stabilizedTipPosition":[-53.4269,281.537,58.0195],"timeVisible":0.930966,"tipPosition":[-47.8791,268.494,-28.4446],"tipVelocity":[1.41143,-14.3424,-80.9061],"tool":false,"touchDistance":0.333333,"touchZone":"none","type":3,"width":16.5772},{"bases":[[[0.756042,-0.605477,0.248591],[0.489214,0.775066,0.399928],[-0.434822,-0.180748,0.882191]],[[0.67783,-0.626432,0.384875],[0.617398,0.200743,-0.760607],[0.399207,0.753183,0.522827]],[[0.67783,-0.626432,0.384875],[0.05677,-0.477327,-0.87689],[0.733024,0.616232,-0.287984]],[[0.67783,-0.626432,0.384875],[-0.230982,-0.678422,-0.697418],[0.697993,0.383831,-0.604549]]],"btipPosition":[-39.1089,276.983,-19.4038],"carpPosition":[-25.1052,308.914,29.7379],"dipPosition":[-28.0759,283.05,-28.9597],"direction":[-0.733024,-0.616232,0.287984],"extended":false,"handId":230,"id":2304,"length":46.32,"mcpPosition":[-1.98382,318.525,-17.1721],"pipPosition":[-14.9284,294.103,-34.125],"stabilizedTipPosition":[-38.2499,290.612,71.5677],"timeVisible":0.930966,"tipPosition":[-36.023,278.279,-22.8894],"tipVelocity":[-0.945945,-14.5399,-76.635],"tool":false,"touchDistance":0.333333,"touchZone":"none","type":4,"width":14.7252}],"r":[[0.945212,0.0374273,0.324306],[-0.0574013,0.996983,0.0522406],[-0.321372,-0.067994,0.944509]],"s":1.2363,"t":[41.1489,81.5001,-171.833],"timestamp":2850857146},false],[5,{"currentFrameRate":110.263,"devices":[],"gestures":[],"hands":[{"armBasis":[[0.95517,0.0592956,-0.290061],[0.116013,0.82642,0.550973],[0.272382,-0.559923,0.782492]],"armWidth":58.4334,"confidence":0.78294,"direction":[0.208512,0.349825,-0.913315],"elbow":[26.7382,168.858,227.709],"grabStrength":0,"id":230,"palmNormal":[-0.158498,-0.90941,-0.384515],"palmPosition":[-37.7521,322.788,-13.7239],"palmVelocity":[3.08128,-17.9272,-81.0596],"palmWidth":83.4409,"pinchStrength":0.532757,"r":[[0.944755,0.0366177,0.325724],[-0.0568802,0.996979,0.0528997],[-0.322803,-0.0685046,0.943984]],"s":1.23838,"sphereCenter":[-49.8462,298.56,-46.7961],"sphereRadius":43.8282,"stabilizedPalmPosition":[-36.67,331.994,109.062],"t":[41.1773,81.3303,-172.406],"timeVisible":0.939991,"type":"right","wrist":[-40.7034,307.495,33.9645]}],"id":273465,"interactionBox":{"center":[0,200,0],"size":[235.247,235.247,147.751]},"pointables":[{"bases":[[[0.570803,0.79115,0.219695],[-0.787192,0.451203,0.420411],[0.233481,-0.412914,0.880334]],[[0.475791,0.878051,-0.0514743],[-0.820992,0.464347,0.332195],[0.315586,-0.115796,0.941805]],[[0.475791,0.878051,-0.0514743],[-0.867981,0.459259,-0.188918],[-0.142239,0.134564,0.980643]],[[0.475791,0.878051,-0.0514743],[-0.791849,0.402135,-0.459633],[-0.382882,0.259449,0.886616]]],"btipPosition":[-69.9393,298.796,-63.2876],"carpPosition":[-68.1577,303.271,29.5145],"dipPosition":[-78.1567,304.364,-44.2592],"direction":[0.142239,-0.134564,-0.980643],"extended":false,"handId":230,"id":2300,"length":47.7925,"mcpPosition":[-68.1577,303.271,29.5145],"pipPosition":[-82.604,308.571,-13.5976],"stabilizedTipPosition":[-85.9578,309.857,53.5523],"timeVisible":0.939991,"tipPosition":[-71.2492,298.95,-58.9704],"tipVelocity":[6.52484,3.58404,-80.4491],"tool":false,"touchDistance":-0.435238,"touchZone":"touching","type":0,"width":18.5699},{"bases":[[[0.9864,-0.163006,-0.021076],[0.163199,0.956107,0.243361],[-0.0195183,-0.243491,0.969707]],[[0.985741,-0.168269,0.0000436326],[0.160749,0.941766,0.295359],[-0.0497408,-0.29114,0.955386]],[[0.985741,-0.168269,0.0000436326],[0.165512,0.969637,0.180027],[-0.0303353,-0.177453,0.983662]],[[0.985741,-0.168269,0.0000436326],[0.16767,0.982258,0.0840038],[-0.0141781,-0.0827987,0.996465]]],"btipPosition":[-51.9606,354.475,-112.038],"carpPosition":[-56.1316,321.346,28.4396],"dipPosition":[-52.1827,353.177,-96.4256],"direction":[0.0303353,0.177453,-0.983662],"extended":true,"handId":230,"id":2301,"length":53.9285,"mcpPosition":[-54.8148,337.774,-36.9824],"pipPosition":[-52.8551,349.244,-74.6227],"stabilizedTipPosition":[-64.9307,355.73,4.82742],"timeVisible":0.939991,"tipPosition":[-51.792,352.713,-108.651],"tipVelocity":[7.9992,31.8477,-71.7974],"tool":false,"touchDistance":-0.420372,"touchZone":"touching","type":1,"width":17.738},{"bases":[[[0.932323,-0.354992,0.0689525],[0.327144,0.909207,0.257525],[-0.154111,-0.217539,0.963808]],[[0.93085,-0.356999,0.0779099],[0.252432,0.474118,-0.843499],[0.26419,0.804838,0.53145]],[[0.93085,-0.356999,0.0779099],[-0.0600575,-0.359794,-0.931097],[0.360432,0.862032,-0.356355]],[[0.93085,-0.356999,0.0779099],[-0.20662,-0.690112,-0.693581],[0.301374,0.629522,-0.716154]]],"btipPosition":[-61.2582,266.165,-35.4605],"carpPosition":[-44.848,321.15,28.0603],"dipPosition":[-56.0646,277.013,-47.8019],"direction":[-0.360432,-0.862032,0.356355],"extended":false,"handId":230,"id":2302,"length":61.4471,"mcpPosition":[-34.988,335.068,-33.6038],"pipPosition":[-46.6656,299.493,-57.0946],"stabilizedTipPosition":[-68.4135,283.132,58.8194],"timeVisible":0.939991,"tipPosition":[-59.8597,268.875,-39.7722],"tipVelocity":[-1.19217,-15.6344,-66.0779],"tool":false,"touchDistance":0.333333,"touchZone":"none","type":2,"width":17.4211},{"bases":[[[0.87215,-0.450659,0.190422],[0.387839,0.874123,0.292386],[-0.298219,-0.181151,0.93715]],[[0.860444,-0.45709,0.225177],[0.412222,0.364678,-0.834915],[0.299514,0.811221,0.502208]],[[0.860444,-0.45709,0.225177],[0.0103426,-0.42616,-0.904588],[0.50944,0.780677,-0.36196]],[[0.860444,-0.45709,0.225177],[-0.197276,-0.706291,-0.679878],[0.469806,0.540575,-0.697897]]],"btipPosition":[-50.1426,266.158,-24.9359],"carpPosition":[-34.0101,318.084,28.3208],"dipPosition":[-42.093,275.42,-36.8936],"direction":[-0.50944,-0.780677,0.36196],"extended":false,"handId":230,"id":2303,"length":59.0831,"mcpPosition":[-16.8795,328.49,-25.5119],"pipPosition":[-29.1514,295.252,-46.0887],"stabilizedTipPosition":[-53.4268,281.537,58.0185],"timeVisible":0.939991,"tipPosition":[-47.9459,268.328,-29.0696],"tipVelocity":[-0.388672,-15.4896,-79.4256],"tool":false,"touchDistance":0.333333,"touchZone":"none","type":3,"width":16.5772},{"bases":[[[0.755622,-0.60679,0.246662],[0.490888,0.773927,0.400083],[-0.433664,-0.181228,0.882662]],[[0.678351,-0.627689,0.381898],[0.614363,0.19949,-0.763388],[0.402986,0.752469,0.520953]],[[0.678351,-0.627689,0.381898],[0.0515378,-0.477844,-0.876932],[0.732928,0.61455,-0.291796]],[[0.678351,-0.627689,0.381898],[-0.235443,-0.678069,-0.696268],[0.695993,0.382399,-0.607754]]],"btipPosition":[-39.181,276.82,-19.88],"carpPosition":[-25.0266,308.649,29.1069],"dipPosition":[-28.1796,282.864,-29.4866],"direction":[-0.732928,-0.61455,0.291796],"extended":false,"handId":230,"id":2304,"length":46.32,"mcpPosition":[-1.96673,318.286,-17.8281],"pipPosition":[-15.0338,293.887,-34.7203],"stabilizedTipPosition":[-38.2499,290.612,71.567],"timeVisible":0.939991,"tipPosition":[-36.1206,278.11,-23.3652],"tipVelocity":[-3.10606,-15.682,-70.4209],"tool":false,"touchDistance":0.333333,"touchZone":"none","type":4,"width":14.7252}],"r":[[0.944755,0.0366177,0.325724],[-0.0568802,0.996979,0.0528997],[-0.322803,-0.0685046,0.943984]],"s":1.23838,"t":[41.1773,81.3303,-172.406],"timestamp":2850866171},false],[6,{"currentFrameRate":110.058,"devices":[],"gestures":[],"hands":[{"armBasis":[[0.955176,0.056374,-0.290623],[0.118069,0.827702,0.548606],[0.271476,-0.558329,0.783945]],"armWidth":58.4334,"confidence":0.786235,"direction":[0.208125,0.349705,-0.91345],"elbow":[26.542,168.961,227.696],"grabStrength":0,"id":230,"palmNormal":[-0.159832,-0.909187,-0.384489],"palmPosition":[-37.7475,322.498,-14.0969],"palmVelocity":[2.33973,-21.5614,-69.1566],"palmWidth":83.4409,"pinchStrength":0.535074,"r":[[0.944452,0.0357524,0.326699],[-0.056234,0.996985,0.0534612],[-0.323803,-0.0688631,0.943615]],"s":1.23981,"sphereCenter":[-50.1929,298.495,-47.1779],"sphereRadius":43.8435,"stabilizedPalmPosition":[-36.67,331.994,109.061],"t":[41.1938,81.1006,-172.88],"timeVisible":0.949442,"type":"right","wrist":[-40.6753,307.203,33.5922]}],"id":273466,"interactionBox":{"center":[0,200,0],"size":[235.247,235.247,147.751]},"pointables":[{"bases":[[[0.571865,0.790491,0.219306],[-0.786335,0.452024,0.421132],[0.23377,-0.413279,0.880087]],[[0.477148,0.877355,-0.050785],[-0.819746,0.465158,0.334132],[0.316775,-0.117799,0.941157]],[[0.477148,0.877355,-0.050785],[-0.866692,0.460206,-0.192496],[-0.145515,0.135864,0.979983]],[[0.477148,0.877355,-0.050785],[-0.789802,0.402755,-0.462602],[-0.385412,0.26084,0.88511]]],"btipPosition":[-69.8173,298.556,-63.5546],"carpPosition":[-68.138,303.01,29.165],"dipPosition":[-78.089,304.154,-44.5584],"direction":[0.145515,-0.135864,-0.979983],"extended":false,"handId":230,"id":2300,"length":47.7925,"mcpPosition":[-68.138,303.01,29.165],"pipPosition":[-82.6388,308.402,-13.9175],"stabilizedTipPosition":[-85.9576,309.857,53.5503],"timeVisible":0.949442,"tipPosition":[-71.2405,298.783,-59.2659],"tipVelocity":[7.97422,-4.49276,-65.7353],"tool":false,"touchDistance":-0.424163,"touchZone":"touching","type":0,"width":18.5699},{"bases":[[[0.986201,-0.164095,-0.0219321],[0.164465,0.955897,0.243337],[-0.0189656,-0.243586,0.969694]],[[0.985612,-0.169011,-0.00222461],[0.161962,0.94058,0.298459],[-0.0483504,-0.294525,0.95442]],[[0.985612,-0.169011,-0.00222461],[0.166564,0.968937,0.182803],[-0.0287401,-0.180543,0.983147]],[[0.985612,-0.169011,-0.00222461],[0.168569,0.981899,0.0863679],[-0.0124128,-0.0855003,0.996261]]],"btipPosition":[-52.0769,354.451,-112.342],"carpPosition":[-56.0928,321.072,28.0821],"dipPosition":[-52.2713,353.111,-96.7328],"direction":[0.0287401,0.180543,-0.983147],"extended":true,"handId":230,"id":2301,"length":53.9285,"mcpPosition":[-54.8133,337.506,-37.3391],"pipPosition":[-52.9084,349.11,-74.9413],"stabilizedTipPosition":[-64.9255,355.729,4.78086],"timeVisible":0.949442,"tipPosition":[-51.8946,352.704,-108.958],"tipVelocity":[2.38228,21.7251,-60.4791],"tool":false,"touchDistance":-0.41124,"touchZone":"touching","type":1,"width":17.738},{"bases":[[[0.931987,-0.356033,0.0681192],[0.328369,0.908813,0.257356],[-0.153535,-0.217484,0.963913]],[[0.93053,-0.358026,0.077017],[0.25226,0.474187,-0.843511],[0.265478,0.804341,0.531561]],[[0.93053,-0.358026,0.077017],[-0.0611693,-0.359302,-0.931215],[0.361071,0.861812,-0.356241]],[[0.93053,-0.358026,0.077017],[-0.20791,-0.689597,-0.693708],[0.301476,0.629503,-0.716127]]],"btipPosition":[-61.3321,265.903,-35.8427],"carpPosition":[-44.8097,320.863,27.6931],"dipPosition":[-56.1368,276.751,-48.1836],"direction":[-0.361071,-0.861812,0.356241],"extended":false,"handId":230,"id":2302,"length":61.4471,"mcpPosition":[-34.9866,334.778,-33.9776],"pipPosition":[-46.7211,299.225,-57.4734],"stabilizedTipPosition":[-68.4126,283.131,58.8092],"timeVisible":0.949442,"tipPosition":[-59.9396,268.609,-40.1147],"tipVelocity":[-3.07889,-19.0984,-58.7365],"tool":false,"touchDistance":0.333333,"touchZone":"none","type":2,"width":17.4211},{"bases":[[[0.871812,-0.451647,0.189629],[0.389055,0.873658,0.292162],[-0.297625,-0.180934,0.937381]],[[0.86033,-0.457969,0.223824],[0.41171,0.365412,-0.834847],[0.300546,0.810394,0.502926]],[[0.86033,-0.457969,0.223824],[0.00908226,-0.425254,-0.905028],[0.509657,0.780656,-0.361699]],[[0.86033,-0.457969,0.223824],[-0.198685,-0.705648,-0.680136],[0.469422,0.540671,-0.698081]]],"btipPosition":[-50.1829,265.88,-25.3588],"carpPosition":[-33.975,317.786,27.9441],"dipPosition":[-42.1399,275.144,-37.3196],"direction":[-0.509657,-0.780656,0.361699],"extended":false,"handId":230,"id":2303,"length":59.0831,"mcpPosition":[-16.8786,328.179,-25.9019],"pipPosition":[-29.1928,294.975,-46.5081],"stabilizedTipPosition":[-53.4268,281.537,58.0174],"timeVisible":0.949442,"tipPosition":[-48.0111,268.05,-29.4243],"tipVelocity":[-1.54341,-19.4745,-69.5229],"tool":false,"touchDistance":0.333333,"touchZone":"none","type":3,"width":16.5772},{"bases":[[[0.755158,-0.607656,0.245948],[0.492084,0.773334,0.399759],[-0.433116,-0.180854,0.883007]],[[0.678121,-0.628464,0.381031],[0.613706,0.198958,-0.764055],[0.404373,0.751963,0.52061]],[[0.678121,-0.628464,0.381031],[0.0499122,-0.477867,-0.877013],[0.733254,0.613739,-0.292684]],[[0.678121,-0.628464,0.381031],[-0.237097,-0.677793,-0.695976],[0.695656,0.381615,-0.608632]]],"btipPosition":[-39.2303,276.535,-20.2429],"carpPosition":[-25.0013,308.341,28.7214],"dipPosition":[-28.2343,282.567,-29.8634],"direction":[-0.733254,-0.613739,0.292684],"extended":false,"handId":230,"id":2304,"length":46.32,"mcpPosition":[-1.9706,317.957,-18.2319],"pipPosition":[-15.0826,293.575,-35.113],"stabilizedTipPosition":[-38.2499,290.612,71.566],"timeVisible":0.949442,"tipPosition":[-36.183,277.823,-23.7122],"tipVelocity":[-3.74832,-19.9169,-61.355