{"sensorType":"Leap","data":[[0,{"currentFrameRate":109.526,"devices":[],"gestures":[],"hands":[{"armBasis":[[0.920601,-0.106823,-0.37561],[0.265796,0.876078,0.402295],[0.286089,-0.470188,0.834911]],"armWidth":58.4334,"confidence":0.678741,"direction":[0.150085,0.418909,-0.895539],"elbow":[33.5997,167.856,239.98],"grabStrength":0,"id":231,"palmNormal":[-0.25908,-0.857481,-0.444526],"palmPosition":[-37.4996,303.709,-12.9916],"palmVelocity":[33.8068,47.8524,-174.122],"palmWidth":83.4409,"pinchStrength":0.976927,"r":[[0.95001,-0.0452206,0.308926],[0.0924451,0.985829,-0.139982],[-0.298218,0.161543,0.940728]],"s":0.998648,"sphereCenter":[-46.7204,280.444,-46.3769],"sphereRadius":41.3534,"stabilizedPalmPosition":[-42.1512,297.12,3.05674],"t":[93.1088,116.104,-135.925],"timeVisible":0.406944,"type":"right","wrist":[-37.2358,284.274,33.2573]}],"id":273944,"interactionBox":{"center":[0,200,0],"size":[235.247,235.247,147.751]},"pointables":[{"bases":[[[0.644952,0.728487,0.230962],[-0.710581,0.460411,0.532068],[0.281268,-0.507275,0.814592]],[[0.518776,0.853679,-0.0458787],[-0.809884,0.507931,0.293418],[0.273788,-0.115062,0.954883]],[[0.518776,0.853679,-0.0458787],[-0.8396,0.49864,-0.215477],[-0.161071,0.150304,0.975431]],[[0.518776,0.853679,-0.0458787],[-0.748816,0.427848,-0.506183],[-0.412488,0.29695,0.861205]]],"btipPosition":[-63.8602,276.471,-61.5546],"carpPosition":[-65.2162,282.276,31.1378],"dipPosition":[-72.713,282.844,-43.0716],"direction":[0.161071,-0.150304,-0.975431],"extended":false,"handId":231,"id":2310,"length":47.7925,"mcpPosition":[-65.2162,282.276,31.1378],"pipPosition":[-77.7492,287.544,-12.573],"stabilizedTipPosition":[-74.7549,272.461,-41.4105],"timeVisible":0.406944,"tipPosition":[-66.3817,277.431,-57.3318],"tipVelocity":[79.5603,34.0507,-169.867],"tool":false,"touchDistance":-0.534301,"touchZone":"hovering","type":0,"width":18.5699},{"bases":[[[0.965778,-0.224157,-0.130485],[0.254398,0.916694,0.308147],[0.0505417,-0.330797,0.942347]],[[0.966587,-0.251387,-0.0501467],[0.255312,0.926605,0.276078],[-0.0229362,-0.279656,0.959826]],[[0.966587,-0.251387,-0.0501467],[0.256296,0.951352,0.171002],[0.00471958,-0.17814,0.983994]],[[0.966587,-0.251387,-0.0501467],[0.254952,0.963107,0.0861626],[0.0266365,-0.0960687,0.995018]]],"btipPosition":[-55.0691,338.342,-108.322],"carpPosition":[-52.041,299.553,30.4702],"dipPosition":[-54.6518,336.837,-92.7315],"direction":[-0.00471958,0.17814,-0.983994],"extended":true,"handId":231,"id":2311,"length":53.9285,"mcpPosition":[-55.4508,321.871,-33.106],"pipPosition":[-54.5472,332.889,-70.9212],"stabilizedTipPosition":[-61.39,331.637,-87.5102],"timeVisible":0.406944,"tipPosition":[-54.5533,336.203,-104.948],"tipVelocity":[59.2909,59.7434,-188.868],"tool":false,"touchDistance":-0.522955,"touchZone":"hovering","type":1,"width":17.738},{"bases":[[[0.906113,-0.419755,-0.052578],[0.415059,0.858115,0.302265],[-0.0817596,-0.29571,0.951773]],[[0.902326,-0.430752,-0.0161573],[0.312608,0.679728,-0.663511],[0.296791,0.593652,0.747992]],[[0.902326,-0.430752,-0.0161573],[-0.248434,-0.489049,-0.836129],[0.352263,0.758475,-0.548295]],[[0.902326,-0.430752,-0.0161573],[-0.422559,-0.876514,-0.23058],[0.0851606,0.214885,-0.972919]]],"btipPosition":[-59.4244,267.856,-33.9076],"carpPosition":[-40.8832,298.659,28.9846],"dipPosition":[-57.9568,271.559,-50.6738],"direction":[-0.352263,-0.758475,0.548295],"extended":false,"handId":231,"id":2312,"length":61.4471,"mcpPosition":[-35.6523,317.578,-31.9094],"pipPosition":[-48.7708,291.338,-64.9717],"stabilizedTipPosition":[-69.1133,260.278,-15.0635],"timeVisible":0.406944,"tipPosition":[-59.1185,268.629,-36.3584],"tipVelocity":[67.72,25.0299,-178.171],"tool":false,"touchDistance":0.333333,"touchZone":"none","type":2,"width":17.4211},{"bases":[[[0.850321,-0.522182,0.0654209],[0.475919,0.816069,0.327923],[-0.224623,-0.247705,0.942437]],[[0.851417,-0.520956,0.060777],[0.409922,0.588668,-0.696731],[0.327188,0.618122,0.714753]],[[0.851417,-0.520956,0.060777],[-0.26534,-0.527788,-0.806867],[0.452419,0.670854,-0.587599]],[[0.851417,-0.520956,0.060777],[-0.499589,-0.840814,-0.208429],[0.159684,0.147096,-0.976147]]],"btipPosition":[-45.0528,264.225,-23.8407],"carpPosition":[-30.321,294.884,27.9287],"dipPosition":[-42.3168,266.745,-40.5659],"direction":[-0.452419,-0.670854,0.587599],"extended":false,"handId":231,"id":2313,"length":59.0831,"mcpPosition":[-17.4179,309.113,-26.2077],"pipPosition":[-30.8237,283.787,-55.493],"stabilizedTipPosition":[-51.4943,258.517,-12.4926],"timeVisible":0.406944,"tipPosition":[-44.3751,264.752,-26.8895],"tipVelocity":[61.5292,36.7661,-147.072],"tool":false,"touchDistance":0.333333,"touchZone":"none","type":3,"width":16.5772},{"bases":[[[0.728206,-0.674954,0.11897],[0.580654,0.699804,0.416071],[-0.364085,-0.233905,0.901516]],[[0.750905,-0.657817,0.0584687],[0.513992,0.526537,-0.677179],[0.414674,0.538549,0.733492]],[[0.750905,-0.657817,0.0584687],[-0.33672,-0.457518,-0.82298],[0.568121,0.598292,-0.565053]],[[0.750905,-0.657817,0.0584687],[-0.624882,-0.736366,-0.2594],[0.213692,0.158249,-0.963999]]],"btipPosition":[-29.6747,266.595,-19.3261],"carpPosition":[-22.021,284.853,27.0229],"dipPosition":[-26.2969,269.097,-34.5637],"direction":[-0.568121,-0.598292,0.565053],"extended":false,"handId":231,"id":2314,"length":46.32,"mcpPosition":[-2.66103,297.29,-20.9147],"pipPosition":[-16.1071,279.828,-44.6985],"stabilizedTipPosition":[-34.1689,261.888,-10.2938],"timeVisible":0.406944,"tipPosition":[-28.9731,266.867,-21.807],"tipVelocity":[57.5626,48.8806,-149.56],"tool":false,"touchDistance":0.333333,"touchZone":"none","type":4,"width":14.7252}],"r":[[0.95001,-0.0452206,0.308926],[0.0924451,0.985829,-0.139982],[-0.298218,0.161543,0.940728]],"s":0.998648,"t":[93.1088,116.104,-135.925],"timestamp":2855268054},false],[1,{"currentFrameRate":109.435,"devices":[],"gestures":[],"hands":[{"armBasis":[[0.924456,-0.102383,-0.367287],[0.258884,0.875747,0.407489],[0.27993,-0.47179,0.836094]],"armWidth":58.4334,"confidence":0.682328,"direction":[0.151434,0.41297,-0.898067],"elbow":[32.2029,168.34,238.382],"grabStrength":0,"id":231,"palmNormal":[-0.253752,-0.861856,-0.439107],"palmPosition":[-37.2919,304.248,-15.026],"palmVelocity":[30.5678,50.7017,-186.716],"palmWidth":83.4409,"pinchStrength":0.980786,"r":[[0.948556,-0.0395233,0.314133],[0.0890987,0.985403,-0.145062],[-0.303815,0.165588,0.938231]],"s":1.00083,"sphereCenter":[-47.0423,281.328,-48.2452],"sphereRadius":41.3189,"stabilizedPalmPosition":[-42.0521,297.265,2.68802],"t":[93.3393,116.56,-137.731],"timeVisible":0.416245,"type":"right","wrist":[-37.1075,285.155,31.3655]}],"id":273945,"interactionBox":{"center":[0,200,0],"size":[235.247,235.247,147.751]},"pointables":[{"bases":[[[0.64094,0.732992,0.227858],[-0.714471,0.461183,0.526157],[0.280585,-0.500033,0.819292]],[[0.51629,0.855046,-0.0483854],[-0.811605,0.506532,0.291072],[0.273388,-0.111008,0.955477]],[[0.51629,0.855046,-0.0483854],[-0.84038,0.494934,-0.220913],[-0.164943,0.154717,0.974093]],[[0.51629,0.855046,-0.0483854],[-0.740139,0.417058,-0.527501],[-0.430858,0.308156,0.848175]]],"btipPosition":[-63.1816,276.649,-63.2359],"carpPosition":[-65.0712,283.019,29.1623],"dipPosition":[-72.4286,283.263,-45.0325],"direction":[0.164943,-0.154717,-0.974093],"extended":false,"handId":231,"id":2310,"length":47.7925,"mcpPosition":[-65.0712,283.019,29.1623],"pipPosition":[-77.5858,288.1,-14.5757],"stabilizedTipPosition":[-74.4038,272.673,-42.066],"timeVisible":0.416245,"tipPosition":[-65.796,277.657,-59.1332],"tipVelocity":[74.9455,31.5281,-174.896],"tool":false,"touchDistance":-0.535388,"touchZone":"hovering","type":0,"width":18.5699},{"bases":[[[0.967205,-0.220865,-0.12543],[0.249295,0.920043,0.30228],[0.048638,-0.323636,0.944931]],[[0.967976,-0.246262,-0.0487657],[0.249949,0.927284,0.278693],[-0.0234117,-0.281957,0.959141]],[[0.967976,-0.246262,-0.0487657],[0.251014,0.95238,0.1731],[0.00381571,-0.179797,0.983696]],[[0.967976,-0.246262,-0.0487657],[0.249749,0.964343,0.0875707],[0.0254615,-0.0969455,0.994964]]],"btipPosition":[-54.8118,338.795,-110.518],"carpPosition":[-51.9693,300.348,28.4138],"dipPosition":[-54.4129,337.276,-94.9286],"direction":[-0.00381571,0.179797,-0.983696],"extended":true,"handId":231,"id":2311,"length":53.9285,"mcpPosition":[-55.2507,322.182,-35.3367],"pipPosition":[-54.3283,333.291,-73.1249],"stabilizedTipPosition":[-61.2307,331.8,-87.9741],"timeVisible":0.416245,"tipPosition":[-54.3062,336.646,-107.148],"tipVelocity":[50.2341,56.5203,-202.218],"tool":false,"touchDistance":-0.53194,"touchZone":"hovering","type":1,"width":17.738},{"bases":[[[0.908119,-0.416146,-0.0462944],[0.410231,0.862129,0.297395],[-0.0838479,-0.289061,0.953632]],[[0.90425,-0.42689,-0.00980974],[0.31199,0.676201,-0.667394],[0.291537,0.600431,0.74464]],[[0.90425,-0.42689,-0.00980974],[-0.243326,-0.496269,-0.833373],[0.35089,0.755964,-0.552625]],[[0.90425,-0.42689,-0.00980974],[-0.417905,-0.880034,-0.2256],[0.0876733,0.208098,-0.974171]]],"btipPosition":[-58.9854,268.146,-35.7543],"carpPosition":[-40.8025,299.492,26.9741],"dipPosition":[-57.4745,271.733,-52.5421],"direction":[-0.35089,-0.755964,0.552625],"extended":false,"handId":231,"id":2312,"length":61.4471,"mcpPosition":[-35.4379,317.986,-34.0388],"pipPosition":[-48.3243,291.446,-66.953],"stabilizedTipPosition":[-68.9258,260.434,-15.5031],"timeVisible":0.416245,"tipPosition":[-58.6741,268.903,-38.2119],"tipVelocity":[62.2302,25.9578,-184.077],"tool":false,"touchDistance":0.333333,"touchZone":"none","type":2,"width":17.4211},{"bases":[[[0.852356,-0.517946,0.0722586],[0.471182,0.82054,0.323576],[-0.226886,-0.241755,0.943439]],[[0.853317,-0.516909,0.0682271],[0.409974,0.584352,-0.700324],[0.322135,0.62557,0.710557]],[[0.853317,-0.516909,0.0682271],[-0.260427,-0.535916,-0.803101],[0.451694,0.667532,-0.591923]],[[0.853317,-0.516909,0.0682271],[-0.4954,-0.844607,-0.20302],[0.162568,0.139441,-0.976795]]],"btipPosition":[-44.646,264.665,-25.5509],"carpPosition":[-30.2202,295.756,25.9832],"dipPosition":[-41.8606,267.054,-42.2872],"direction":[-0.451694,-0.667532,0.591923],"extended":false,"handId":231,"id":2313,"length":59.0831,"mcpPosition":[-17.1872,309.643,-28.2107],"pipPosition":[-30.3859,284.012,-57.3242],"stabilizedTipPosition":[-51.2666,258.721,-13.0066],"timeVisible":0.416245,"tipPosition":[-43.9567,265.167,-28.6534],"tipVelocity":[56.8516,38.8333,-157.539],"tool":false,"touchDistance":0.333333,"touchZone":"none","type":3,"width":16.5772},{"bases":[[[0.730719,-0.670855,0.126502],[0.57611,0.705388,0.412946],[-0.36626,-0.228869,0.901927]],[[0.752516,-0.654956,0.0689344],[0.513969,0.518611,-0.683285],[0.411772,0.549613,0.72689]],[[0.752516,-0.654956,0.0689344],[-0.334313,-0.470085,-0.816857],[0.56741,0.591652,-0.572707]],[[0.752516,-0.654956,0.0689344],[-0.622187,-0.741345,-0.251577],[0.215876,0.146426,-0.965379]]],"btipPosition":[-29.339,267.177,-20.8171],"carpPosition":[-21.8733,285.755,25.1805],"dipPosition":[-25.9267,269.491,-36.0766],"direction":[-0.56741,-0.591652,0.572707],"extended":false,"handId":231,"id":2314,"length":46.32,"mcpPosition":[-2.39767,297.924,-22.7789],"pipPosition":[-15.7496,280.103,-46.3487],"stabilizedTipPosition":[-33.9599,262.105,-10.8161],"timeVisible":0.416245,"tipPosition":[-28.6039,267.426,-23.4635],"tipVelocity":[51.7412,51.4184,-152.748],"tool":false,"touchDistance":0.333333,"touchZone":"none","type":4,"width":14.7252}],"r":[[0.948556,-0.0395233,0.314133],[0.0890987,0.985403,-0.145062],[-0.303815,0.165588,0.938231]],"s":1.00083,"t":[93.3393,116.56,-137.731],"timestamp":2855277355},false],[2,{"currentFrameRate":109.627,"devices":[],"gestures":[],"hands":[{"armBasis":[[0.92695,-0.0971449,-0.36239],[0.25177,0.877184,0.408853],[0.278164,-0.470225,0.837564]],"armWidth":58.4334,"confidence":0.585647,"direction":[0.155184,0.41395,-0.896975],"elbow":[31.8031,169.22,237.133],"grabStrength":0,"id":231,"palmNormal":[-0.246423,-0.863052,-0.440928],"palmPosition":[-37.049,304.75,-16.635],"palmVelocity":[29.7863,52.4477,-185.787],"palmWidth":83.4409,"pinchStrength":0.977546,"r":[[0.946974,-0.0339836,0.319509],[0.0856192,0.985126,-0.148982],[-0.309693,0.168438,0.935798]],"s":1.00395,"sphereCenter":[-47.2216,282.436,-49.8485],"sphereRadius":41.312,"stabilizedPalmPosition":[-41.9738,297.382,2.38578],"t":[93.576,117.039,-139.439],"timeVisible":0.425025,"type":"right","wrist":[-37.0701,285.647,29.7529]}],"id":273946,"interactionBox":{"center":[0,200,0],"size":[235.247,235.247,147.751]},"pointables":[{"bases":[[[0.635646,0.736234,0.232195],[-0.720271,0.457375,0.521553],[0.277785,-0.498767,0.821016]],[[0.513594,0.856992,-0.042258],[-0.814157,0.502287,0.291302],[0.270869,-0.115206,0.955697]],[[0.513594,0.856992,-0.042258],[-0.84089,0.492926,-0.223446],[-0.170661,0.150295,0.9738]],[[0.513594,0.856992,-0.042258],[-0.729445,0.410162,-0.547428],[-0.451809,0.311981,0.835785]]],"btipPosition":[-62.3741,277.247,-64.7671],"carpPosition":[-65.0074,283.368,27.3661],"dipPosition":[-72.0708,283.942,-46.8296],"direction":[0.170661,-0.150295,-0.9738],"extended":false,"handId":231,"id":2310,"length":47.7925,"mcpPosition":[-65.0074,283.368,27.3661],"pipPosition":[-77.4068,288.642,-16.382],"stabilizedTipPosition":[-74.1004,272.862,-42.6411],"timeVisible":0.425025,"tipPosition":[-65.0603,278.235,-60.7823],"tipVelocity":[76.3556,41.9296,-176.634],"tool":false,"touchDistance":-0.534067,"touchZone":"hovering","type":0,"width":18.5699},{"bases":[[[0.969132,-0.215848,-0.119132],[0.242563,0.921246,0.304086],[0.0441136,-0.323596,0.945166]],[[0.969653,-0.240111,-0.046041],[0.243038,0.926203,0.288237],[-0.0265656,-0.290679,0.956452]],[[0.969653,-0.240111,-0.046041],[0.244486,0.952311,0.182568],[0.0000086268,-0.188284,0.982115]],[[0.969653,-0.240111,-0.046041],[0.243563,0.965056,0.0966673],[0.0212212,-0.104948,0.994251]]],"btipPosition":[-54.2526,339.866,-112.088],"carpPosition":[-51.9904,300.765,26.7069],"dipPosition":[-53.9201,338.222,-96.5104],"direction":[-0.0000086268,0.188284,-0.982115],"extended":true,"handId":231,"id":2311,"length":53.9285,"mcpPosition":[-54.9666,322.596,-37.0595],"pipPosition":[-53.9199,334.048,-74.7418],"stabilizedTipPosition":[-61.0892,331.954,-88.3861],"timeVisible":0.425025,"tipPosition":[-53.7654,337.691,-108.734],"tipVelocity":[53.3837,73.2422,-196.023],"tool":false,"touchDistance":-0.530677,"touchZone":"hovering","type":1,"width":17.738},{"bases":[[[0.910536,-0.411449,-0.0404232],[0.403824,0.864164,0.300244],[-0.088603,-0.289707,0.953005]],[[0.906522,-0.422138,-0.00425938],[0.31147,0.675609,-0.668236],[0.284965,0.604444,0.743937]],[[0.906522,-0.422138,-0.00425938],[-0.237091,-0.500743,-0.832493],[0.349294,0.755683,-0.554019]],[[0.906522,-0.422138,-0.00425938],[-0.412168,-0.88284,-0.225192],[0.0913017,0.205897,-0.974305]]],"btipPosition":[-58.4192,268.53,-37.2784],"carpPosition":[-40.8102,299.966,25.3402],"dipPosition":[-56.8458,272.078,-54.0685],"direction":[-0.349294,-0.755683,0.554019],"extended":false,"handId":231,"id":2312,"length":61.4471,"mcpPosition":[-35.1414,318.502,-35.6327],"pipPosition":[-47.7372,291.784,-68.5157],"stabilizedTipPosition":[-68.7685,260.563,-15.874],"timeVisible":0.425025,"tipPosition":[-58.0957,269.293,-39.9152],"tipVelocity":[63.2759,30.4639,-181.272],"tool":false,"touchDistance":0.333333,"touchZone":"none","type":2,"width":17.4211},{"bases":[[[0.854523,-0.513563,0.0777421],[0.464816,0.822884,0.326816],[-0.231813,-0.243136,0.941885]],[[0.854993,-0.513067,0.0758257],[0.407198,0.573517,-0.710822],[0.321212,0.638623,0.699273]],[[0.854993,-0.513067,0.0758257],[-0.260228,-0.550849,-0.792999],[0.44863,0.658276,-0.604486]],[[0.854993,-0.513067,0.0758257],[-0.492117,-0.848706,-0.193696],[0.163733,0.128293,-0.978127]]],"btipPosition":[-44.2496,265.165,-26.2225],"carpPosition":[-30.2025,296.285,24.418],"dipPosition":[-41.4442,267.363,-42.9816],"direction":[-0.44863,-0.658276,0.604486],"extended":false,"handId":231,"id":2313,"length":59.0831,"mcpPosition":[-16.8864,310.252,-29.6867],"pipPosition":[-30.0474,284.086,-58.3378],"stabilizedTipPosition":[-51.0684,258.9,-13.4482],"timeVisible":0.425025,"tipPosition":[-43.5116,265.659,-29.7662],"tipVelocity":[53.8464,42.3591,-135.91],"tool":false,"touchDistance":0.333333,"touchZone":"none","type":3,"width":16.5772},{"bases":[[[0.733323,-0.667109,0.131157],[0.569748,0.708254,0.41685],[-0.370977,-0.230959,0.899463]],[[0.754369,-0.65196,0.0766516],[0.515928,0.516633,-0.683308],[0.405888,0.555013,0.726096]],[[0.754369,-0.65196,0.0766516],[-0.328509,-0.476022,-0.815773],[0.568339,0.590213,-0.573271]],[[0.754369,-0.65196,0.0766516],[-0.617985,-0.744692,-0.252048],[0.221407,0.142768,-0.964674]]],"btipPosition":[-28.9273,267.769,-22.1738],"carpPosition":[-21.7991,286.327,23.6681],"dipPosition":[-25.4275,270.026,-37.4221],"direction":[-0.568339,-0.590213,0.573271],"extended":false,"handId":231,"id":2314,"length":46.32,"mcpPosition":[-2.07262,298.608,-24.1603],"pipPosition":[-15.2338,280.612,-47.7044],"stabilizedTipPosition":[-33.7791,262.296,-11.2764],"timeVisible":0.425025,"tipPosition":[-28.15,268.017,-24.9526],"tipVelocity":[51.0547,55.3275,-153.146],"tool":false,"touchDistance":0.333333,"touchZone":"none","type":4,"width":14.7252}],"r":[[0.946974,-0.0339836,0.319509],[0.0856192,0.985126,-0.148982],[-0.309693,0.168438,0.935798]],"s":1.00395,"t":[93.576,117.039,-139.439],"timestamp":2855286135},false],[3,{"currentFrameRate":109.727,"devices":[],"gestures":[],"hands":[{"armBasis":[[0.929367,-0.0927734,-0.35731],[0.245806,0.877653,0.411466],[0.275421,-0.470232,0.838466]],"armWidth":58.4334,"confidence":0.590734,"direction":[0.157154,0.412928,-0.897102],"elbow":[31.333,169.55,236.244],"grabStrength":0,"id":231,"palmNormal":[-0.240914,-0.864917,-0.440317],"palmPosition":[-36.7281,304.995,-17.7825],"palmVelocity":[31.4595,45.6166,-170.139],"palmWidth":83.4409,"pinchStrength":0.976226,"r":[[0.945425,-0.0286118,0.324581],[0.0821392,0.984895,-0.152433],[-0.315317,0.170775,0.933494]],"s":1.00728,"sphereCenter":[-47.2176,283.02,-50.9624],"sphereRadius":41.35,"stabilizedPalmPosition":[-41.9056,297.481,2.12352],"t":[93.8549,117.4,-140.867],"timeVisible":0.433959,"type":"right","wrist":[-36.8611,285.979,28.6409]}],"id":273947,"interactionBox":{"center":[0,200,0],"size":[235.247,235.247,147.751]},"pointables":[{"bases":[[[0.631537,0.739368,0.233443],[-0.724374,0.455277,0.517692],[0.276484,-0.496042,0.823103]],[[0.511764,0.858254,-0.0387015],[-0.814772,0.499137,0.294973],[0.272479,-0.119424,0.954722]],[[0.511764,0.858254,-0.0387015],[-0.841941,0.492053,-0.221403],[-0.170977,0.14589,0.974414]],[[0.511764,0.858254,-0.0387015],[-0.716525,0.401532,-0.570406],[-0.474014,0.319644,0.82045]]],"btipPosition":[-61.7322,277.621,-65.6362],"carpPosition":[-64.7783,283.576,26.1424],"dipPosition":[-71.9054,284.482,-48.0278],"direction":[0.170977,-0.14589,-0.974414],"extended":false,"handId":231,"id":2310,"length":47.7925,"mcpPosition":[-64.7783,283.576,26.1424],"pipPosition":[-77.2513,289.043,-17.561],"stabilizedTipPosition":[-73.8125,273.044,-43.185],"timeVisible":0.433959,"tipPosition":[-64.4459,278.589,-61.7884],"tipVelocity":[71.7787,43.0866,-157.293],"tool":false,"touchDistance":-0.523167,"touchZone":"hovering","type":0,"width":18.5699},{"bases":[[[0.970529,-0.21194,-0.114697],[0.237376,0.922839,0.30335],[0.0415551,-0.321636,0.945951]],[[0.970954,-0.235047,-0.0447351],[0.237661,0.925808,0.293932],[-0.0276719,-0.296026,0.954779]],[[0.970954,-0.235047,-0.0447351],[0.239262,0.952668,0.187556],[-0.0014668,-0.192811,0.981235]],[[0.970954,-0.235047,-0.0447351],[0.23847,0.965902,0.100824],[0.0195112,-0.108564,0.993898]]],"btipPosition":[-53.8192,340.364,-113.253],"carpPosition":[-51.8327,301.027,25.5044],"dipPosition":[-53.5135,338.663,-97.6804],"direction":[0.0014668,0.192811,-0.981235],"extended":true,"handId":231,"id":2311,"length":53.9285,"mcpPosition":[-54.6362,322.726,-38.315],"pipPosition":[-53.546,334.389,-75.9313],"stabilizedTipPosition":[-60.9532,332.103,-88.7804],"timeVisible":0.433959,"tipPosition":[-53.3368,338.203,-109.906],"tipVelocity":[51.8664,68.0643,-178.14],"tool":false,"touchDistance":-0.523429,"touchZone":"hovering","type":1,"width":17.738},{"bases":[[[0.912438,-0.407641,-0.0358635],[0.398893,0.866437,0.300287],[-0.0913358,-0.288298,0.953175]],[[0.908348,-0.418215,0.0000784909],[0.310647,0.674588,-0.669648],[0.280004,0.608298,0.742678]],[[0.908348,-0.418215,0.0000784909],[-0.232461,-0.505053,-0.831194],[0.347658,0.754995,-0.555983]],[[0.908348,-0.418215,0.0000784909],[-0.407633,-0.885406,-0.223362],[0.0934827,0.202858,-0.974736]]],"btipPosition":[-57.8534,268.647,-38.3295],"carpPosition":[-40.6435,300.274,24.1857],"dipPosition":[-56.2424,272.143,-55.127],"direction":[-0.347658,-0.754995,0.555983],"extended":false,"handId":231,"id":2312,"length":61.4471,"mcpPosition":[-34.7999,318.719,-36.798],"pipPosition":[-47.1765,291.831,-69.6254],"stabilizedTipPosition":[-68.6218,260.678,-16.2161],"timeVisible":0.433959,"tipPosition":[-57.5236,269.405,-41.0746],"tipVelocity":[63.5558,25.365,-163.963],"tool":false,"touchDistance":0.333333,"touchZone":"none","type":2,"width":17.4211},{"bases":[[[0.856368,-0.509772,0.0822607],[0.459948,0.825467,0.327189],[-0.234695,-0.242359,0.941372]],[[0.856419,-0.509719,0.0820553],[0.404194,0.563081,-0.72081],[0.321206,0.650481,0.688259]],[[0.856419,-0.509719,0.0820553],[-0.260905,-0.564441,-0.783157],[0.445505,0.649302,-0.616387]],[[0.856419,-0.509719,0.0820553],[-0.489669,-0.852318,-0.183789],[0.163618,0.117221,-0.979535]]],"btipPosition":[-43.8165,265.403,-26.5188],"carpPosition":[-30.0166,296.636,23.3145],"dipPosition":[-41.0131,267.411,-43.302],"direction":[-0.445505,-0.649302,0.616387],"extended":false,"handId":231,"id":2313,"length":59.0831,"mcpPosition":[-16.535,310.558,-30.7607],"pipPosition":[-29.6957,283.906,-58.9605],"stabilizedTipPosition":[-50.8677,259.077,-13.8786],"timeVisible":0.433959,"tipPosition":[-43.0503,265.87,-30.3828],"tipVelocity":[52.3659,36.7425,-108.043],"tool":false,"touchDistance":0.333333,"touchZone":"none","type":3,"width":16.5772},{"bases":[[[0.735601,-0.663733,0.135462],[0.564992,0.711453,0.417875],[-0.373732,-0.230854,0.898349]],[[0.756397,-0.648934,0.0821496],[0.517155,0.516388,-0.682565],[0.400518,0.558774,0.726193]],[[0.756397,-0.648934,0.0821496],[-0.323204,-0.479972,-0.815577],[0.568685,0.590349,-0.572787]],[[0.756397,-0.648934,0.0821496],[-0.61413,-0.747774,-0.252347],[0.225186,0.140424,-0.964143]]],"btipPosition":[-28.4414,268.062,-23.1846],"carpPosition":[-21.5679,286.713,22.6183],"dipPosition":[-24.8819,270.281,-38.4245],"direction":[-0.568685,-0.590349,0.572787],"extended":false,"handId":231,"id":2314,"length":46.32,"mcpPosition":[-1.69491,298.988,-25.1508],"pipPosition":[-14.6819,280.87,-48.6981],"stabilizedTipPosition":[-33.6057,262.473,-11.7105],"timeVisible":0.433959,"tipPosition":[-27.6461,268.304,-25.9969],"tipVelocity":[52.3834,48.906,-142.17],"tool":false,"touchDistance":0.333333,"touchZone":"none","type":4,"width":14.7252}],"r":[[0.945425,-0.0286118,0.324581],[0.0821392,0.984895,-0.152433],[-0.315317,0.170775,0.933494]],"s":1.00728,"t":[93.8549,117.4,-140.867],"timestamp":2855295069},false],[4,{"currentFrameRate":109.805,"devices":[],"gestures":[],"hands":[{"armBasis":[[0.932921,-0.0844508,-0.350037],[0.235925,0.877742,0.417023],[0.272024,-0.471632,0.838788]],"armWidth":58.4334,"confidence":0.594186,"direction":[0.164155,0.405745,-0.899124],"elbow":[30.5008,170.505,234.289],"grabStrength":0,"id":231,"palmNormal":[-0.232703,-0.869835,-0.435013],"palmPosition":[-36.3459,305.889,-19.9803],"palmVelocity":[34.5129,60.3993,-190.645],"palmWidth":83.4409,"pinchStrength":0.973982,"r":[[0.943522,-0.0228746,0.330519],[0.0787893,0.984485,-0.156783],[-0.321805,0.173969,0.930686]],"s":1.01068,"sphereCenter":[-46.9428,284.008,-53.0593],"sphereRadius":41.4106,"stabilizedPalmPosition":[-41.8439,297.575,1.87797],"t":[94.1853,118.028,-142.679],"timeVisible":0.442928,"type":"right","wrist":[-36.8521,287.281,26.6057]}],"id":273948,"interactionBox":{"center":[0,200,0],"size":[235.247,235.247,147.751]},"pointables":[{"bases":[[[0.625903,0.74425,0.233103],[-0.731467,0.45651,0.506512],[0.270558,-0.487535,0.830125]],[[0.510222,0.859222,-0.0375773],[-0.816411,0.497614,0.293008],[0.270458,-0.11882,0.955371]],[[0.510222,0.859222,-0.0375773],[-0.841741,0.489921,-0.226826],[-0.176484,0.147362,0.97321]],[[0.510222,0.859222,-0.0375773],[-0.698375,0.388416,-0.60117],[-0.501943,0.332973,0.798237]]],"btipPosition":[-60.8221,278.414,-67.4397],"carpPosition":[-64.7323,284.729,23.8543],"dipPosition":[-71.5947,285.561,-50.3081],"direction":[0.176484,-0.147362,-0.97321],"extended":false,"handId":231,"id":2310,"length":47.7925,"mcpPosition":[-64.7323,284.729,23.8543],"pipPosition":[-77.1128,290.168,-19.8789],"stabilizedTipPosition":[-73.5307,273.232,-43.7295],"timeVisible":0.442928,"tipPosition":[-63.5627,279.375,-63.7659],"tipVelocity":[75.6994,57.5066,-172.629],"tool":false,"touchDistance":-0.527881,"touchZone":"hovering","type":0,"width":18.5699},{"bases":[[[0.972548,-0.208529,-0.103282],[0.230258,0.926535,0.297512],[0.0336544,-0.313126,0.949115]],[[0.972511,-0.229994,-0.0364049],[0.230335,0.927198,0.29538],[-0.0341811,-0.295646,0.954686]],[[0.972511,-0.229994,-0.0364049],[0.232699,0.954147,0.188293],[-0.00857058,-0.191588,0.981438]],[[0.972511,-0.229994,-0.0364049],[0.232545,0.967353,0.100748],[0.012045,-0.106444,0.994246]]],"btipPosition":[-52.7815,340.919,-115.788],"carpPosition":[-51.8589,302.232,23.1895],"dipPosition":[-52.5928,339.252,-100.21],"direction":[0.00857058,0.191588,-0.981438],"extended":true,"handId":231,"id":2311,"length":53.9285,"mcpPosition":[-54.1295,323.357,-40.8433],"pipPosition":[-52.7828,335.005,-78.456],"stabilizedTipPosition":[-60.8155,332.244,-89.1729],"timeVisible":0.442928,"tipPosition":[-52.3293,338.772,-112.435],"tipVelocity":[68.5199,66.623,-206.701],"tool":false,"touchDistance":-0.537421,"touchZone":"hovering","type":1,"width":17.738},{"bases":[[[0.914554,-0.403792,-0.0232983],[0.392047,0.870843,0.296533],[-0.0994485,-0.28033,0.954738]],[[0.910191,-0.414002,0.0124574],[0.313448,0.668836,-0.674098],[0.270746,0.617462,0.738537]],[[0.910191,-0.414002,0.0124574],[-0.223042,-0.515261,-0.827501],[0.349006,0.750405,-0.561326]],[[0.910191,-0.414002,0.0124574],[-0.401646,-0.889572,-0.217582],[0.101161,0.193037,-0.975963]]],"btipPosition":[-57.1032,269.266,-40.2842],"carpPosition":[-40.6541,301.518,21.9875],"dipPosition":[-55.3599,272.592,-57.1028],"direction":[-0.349006,-0.750405,0.561326],"extended":false,"handId":231,"id":2312,"length":61.4471,"mcpPosition":[-34.2914,319.454,-39.0963],"pipPosition":[-46.2588,292.161,-71.7406],"stabilizedTipPosition":[-68.4805,260.789,-16.5473],"timeVisible":0.442928,"tipPosition":[-56.7498,270,-43.1398],"tipVelocity":[69.9853,36.1089,-178.89],"tool":false,"touchDistance":0.333333,"touchZone":"none","type":2,"width":17.4211},{"bases":[[[0.857778,-0.505135,0.095166],[0.453016,0.830388,0.324395],[-0.242888,-0.235147,0.941122]],[[0.857542,-0.505362,0.0960782],[0.40653,0.551327,-0.72854],[0.315206,0.663813,0.678231]],[[0.857542,-0.505362,0.0960782],[-0.254804,-0.57954,-0.774085],[0.446875,0.639329,-0.625748]],[[0.857542,-0.505362,0.0960782],[-0.485372,-0.856758,-0.174297],[0.170399,0.102833,-0.979995]]],"btipPosition":[-43.2374,266.228,-27.9096],"carpPosition":[-30.0029,297.921,21.2529],"dipPosition":[-40.3178,267.989,-44.7007],"direction":[-0.446875,-0.639329,0.625748],"extended":false,"handId":231,"id":2313,"length":59.0831,"mcpPosition":[-16.0507,311.429,-32.808],"pipPosition":[-28.9656,284.231,-60.597],"stabilizedTipPosition":[-50.6574,259.269,-14.3317],"timeVisible":0.442928,"tipPosition":[-42.429,266.641,-31.9575],"tipVelocity":[56.5225,50.1217,-120.971],"tool":false,"touchDistance":0.333333,"touchZone":"none","type":3,"width":16.5772},{"bases":[[[0.737179,-0.659169,0.148535],[0.557666,0.717654,0.417111],[-0.381543,-0.224653,0.896636]],[[0.757887,-0.64517,0.0967616],[0.521873,0.51056,-0.683357],[0.391479,0.568405,0.723643]],[[0.757887,-0.64517,0.0967616],[-0.313835,-0.490585,-0.812917],[0.571939,0.585733,-0.574285]],[[0.757887,-0.64517,0.0967616],[-0.608938,-0.752812,-0.249937],[0.234095,0.130503,-0.963415]]],"btipPosition":[-27.8679,268.977,-24.8864],"carpPosition":[-21.5036,288.031,20.7273],"dipPosition":[-24.1676,271.04,-40.1149],"direction":[-0.571939,-0.585733,0.574285],"extended":false,"handId":231,"id":2314,"length":46.32,"mcpPosition":[-1.21532,299.976,-26.9507],"pipPosition":[-13.9092,281.546,-50.4153],"stabilizedTipPosition":[-33.4332,262.656,-12.1474],"timeVisible":0.442928,"tipPosition":[-27.0346,269.194,-27.7576],"tipVelocity":[56.5368,62.3601,-155.115],"tool":false,"touchDistance":0.333333,"touchZone":"none","type":4,"width":14.7252}],"r":[[0.943522,-0.0228746,0.330519],[0.0787893,0.984485,-0.156783],[-0.321805,0.173969,0.930686]],"s":1.01068,"t":[94.1853,118.028,-142.679],"timestamp":2855304038},false],[5,{"currentFrameRate":109.733,"devices":[],"gestures":[],"hands":[{"armBasis":[[0.93513,-0.0789423,-0.345399],[0.230205,0.876428,0.422943],[0.269329,-0.475019,0.837746]],"armWidth":58.4334,"confidence":0.604474,"direction":[0.167545,0.402528,-0.899944],"elbow":[30.0637,170.33,232.81],"grabStrength":0,"id":231,"palmNormal":[-0.22842,-0.872158,-0.432625],"palmPosition":[-35.9341,306.366,-21.2729],"palmVelocity":[37.3373,57.9357,-176.391],"palmWidth":83.4409,"pinchStrength":0.966979,"r":[[0.941636,-0.0175314,0.336175],[0.075798,0.98404,-0.160995],[-0.327988,0.17708,0.927937]],"s":1.01452,"sphereCenter":[-46.8719,284.794,-54.3127],"sphereRadius":41.4876,"stabilizedPalmPosition":[-41.7846,297.663,1.64589],"t":[94.5565,118.58,-144.232],"timeVisible":0.452169,"type":"right","wrist":[-36.622,287.944,25.3848]}],"id":273949,"interactionBox":{"center":[0,200,0],"size":[235.247,235.247,147.751]},"pointables":[{"bases":[[[0.622912,0.746742,0.233145],[-0.735062,0.456721,0.501088],[0.267701,-0.483511,0.833399]],[[0.510266,0.859316,-0.0347052],[-0.815492,0.496271,0.297804],[0.273131,-0.123657,0.953996]],[[0.510266,0.859316,-0.0347052],[-0.841866,0.490844,-0.224351],[-0.175754,0.143696,0.97389]],[[0.510266,0.859316,-0.0347052],[-0.687021,0.383018,-0.617494],[-0.51733,0.33893,0.785809]]],"btipPosition":[-60.3867,279.206,-68.4779],"carpPosition":[-64.482,285.312,22.5077],"dipPosition":[-71.4896,286.48,-51.6129],"direction":[0.175754,-0.143696,-0.97389],"extended":false,"handId":231,"id":2310,"length":47.7925,"mcpPosition":[-64.482,285.312,22.5077],"pipPosition":[-76.9848,290.973,-21.1625],"stabilizedTipPosition":[-73.2492,273.436,-44.2843],"timeVisible":0.452169,"tipPosition":[-63.039,280.101,-64.8908],"tipVelocity":[65.3649,66.296,-157.565],"tool":false,"touchDistance":-0.519918,"touchZone":"hovering","type":0,"width":18.5699},{"bases":[[[0.973554,-0.206517,-0.0976912],[0.226507,0.928298,0.294886],[0.0297875,-0.309216,0.950525]],[[0.973388,-0.226553,-0.0344913],[0.22631,0.926646,0.300185],[-0.0360464,-0.300002,0.953257]],[[0.973388,-0.226553,-0.0344913],[0.228914,0.954242,0.192405],[-0.0106768,-0.19518,0.980709]],[[0.973388,-0.226553,-0.0344913],[0.228953,0.967863,0.104024],[0.00981602,-0.109152,0.993977]]],"btipPosition":[-52.1555,341.562,-117.16],"carpPosition":[-51.6489,302.844,21.835],"dipPosition":[-52.0017,339.851,-101.587],"direction":[0.0106768,0.19518,-0.980709],"extended":true,"handId":231,"id":2311,"length":53.9285,"mcpPosition":[-53.6585,323.706,-42.2929],"pipPosition":[-52.2383,335.525,-79.8493],"stabilizedTipPosition":[-60.6749,332.388,-89.5677],"timeVisible":0.452169,"tipPosition":[-51.7012,339.41,-113.814],"tipVelocity":[68.0588,67.131,-190.408],"tool":false,"touchDistance":-0.532621,"touchZone":"hovering","type":1,"width":17.738},{"bases":[[[0.915653,-0.4016,-0.0172036],[0.388436,0.873005,0.294922],[-0.103422,-0.276729,0.955366]],[[0.911169,-0.411623,0.0183705],[0.314436,0.665841,-0.676598],[0.266271,0.622272,0.736123]],[[0.911169,-0.411623,0.0183705],[-0.218593,-0.52071,-0.825274],[0.349267,0.747949,-0.564433]],[[0.911169,-0.411623,0.0183705],[-0.398535,-0.891763,-0.21431],[0.104597,0.187951,-0.976593]]],"btipPosition":[-56.4996,269.61,-41.4226],"carpPosition":[-40.4365,302.154,20.6906],"dipPosition":[-54.6971,272.849,-58.2522],"direction":[-0.349267,-0.747949,0.564433],"extended":false,"handId":231,"id":2312,"length":61.4471,"mcpPosition":[-33.8196,319.859,-40.4333],"pipPosition":[-45.5892,292.353,-72.971],"stabilizedTipPosition":[-68.3374,260.9,-16.8792],"timeVisible":0.452169,"tipPosition":[-56.1338,270.332,-44.3696],"tipVelocity":[69.0867,35.8146,-163.327],"tool":false,"touchDistance":0.333333,"touchZone":"none","type":2,"width":17.4211},{"bases":[[[0.858549,-0.502607,0.101391],[0.449368,0.832815,0.323244],[-0.246904,-0.231959,0.940868]],[[0.858019,-0.503101,0.103401],[0.407607,0.544494,-0.733064],[0.312504,0.67113,0.672254]],[[0.858019,-0.503101,0.103401],[-0.252227,-0.588102,-0.768451],[0.447419,0.633265,-0.631499]],[[0.858019,-0.503101,0.103401],[-0.483413,-0.859047,-0.168375],[0.173536,0.0944835,-0.980285]]],"btipPosition":[-42.7337,266.701,-28.7293],"carpPosition":[-29.7731,298.58,20.0225],"dipPosition":[-39.7603,268.32,-45.5254],"direction":[-0.447419,-0.633265,0.631499],"extended":false,"handId":231,"id":2313,"length":59.0831,"mcpPosition":[-15.5901,311.905,-34.0237],"pipPosition":[-28.3943,284.407,-61.5678],"stabilizedTipPosition":[-50.4269,259.478,-14.8207],"timeVisible":0.452169,"tipPosition":[-41.9052,267.076,-32.8854],"tipVelocity":[56.3332,49.4273,-111.947],"tool":false,"touchDistance":0.333333,"touchZone":"none","type":3,"width":16.5772},{"bases":[[[0.738073,-0.656725,0.154792],[0.553843,0.720717,0.416924],[-0.385366,-0.22199,0.895664]],[[0.757238,-0.644201,0.107683],[0.521811,0.497543,-0.692938],[0.392815,0.580909,0.71291]],[[0.757238,-0.644201,0.107683],[-0.315254,-0.504891,-0.803555],[0.572019,0.574535,-0.58541]],[[0.757238,-0.644201,0.107683],[-0.608784,-0.755875,-0.240905],[0.236586,0.116867,-0.964556]]],"btipPosition":[-27.4919,269.525,-25.418],"carpPosition":[-21.2468,288.709,19.5784],"dipPosition":[-23.7523,271.372,-40.6645],"direction":[-0.572019,-0.574535,0.58541],"extended":false,"handId":231,"id":2314,"length":46.32,"mcpPosition":[-0.755251,300.513,-28.0479],"pipPosition":[-13.4925,281.677,-51.1644],"stabilizedTipPosition":[-33.2519,262.85,-12.5946],"timeVisible":0.452169,"tipPosition":[-26.5895,269.726,-28.5599],"tipVelocity":[52.3605,59.9823,-127.838],"tool":false,"touchDistance":0.333333,"touchZone":"none","type":4,"width":14.7252}],"r":[[0.941636,-0.0175314,0.336175],[0.075798,0.98404,-0.160995],[-0.327988,0.17708,0.927937]],"s":1.01452,"t":[94.5565,118.58,-144.232],"timestamp":2855313279},false],[6,{"currentFrameRate":109.869,"devices":[],"gestures":[],"hands":[{"armBasis":[[0.937889,-0.0711882,-0.339552],[0.221515,0.876129,0.42817],[0.267011,-0.476792,0.837481]],"armWidth":58.4334,"confidence":0.509237,"direction":[0.17189,0.411001,-0.895283],"elbow":[29.6015,170.397,230.694],"grabStrength":0,"id":231,"palmNormal":[-0.218989,-0.870128,-0.441498],"palmPosition":[-35.5797,307.257,-23.1648],"palmVelocity":[38.0576,69.4942,-186.459],"palmWidth":83.4409,"pinchStrength":0.946863,"r":[[0.939564,-0.0125083,0.342144],[0.0723328,0.984027,-0.162659],[-0.334644,0.177577,0.925462]],"s":1.01925,"sphereCenter":[-46.8107,286.482,-56.3875],"sphereRadius":41.5496,"stabilizedPalmPosition":[-41.7299,297.747,1.427],"t":[94.9193,119.302,-145.954],"timeVisible":0.461028,"type":"right","wrist":[-36.5102,288.45,23.3349]}],"id":273950,"interactionBox":{"center":[0,200,0],"size":[235.247,235.247,147.751]},"pointables":[{"bases":[[[0.615901,0.749035,0.244156],[-0.742126,0.447595,0.498907],[0.264416,-0.488472,0.831553]],[[0.506099,0.862227,-0.0207244],[-0.818507,0.487734,0.303582],[0.271864,-0.136679,0.95258]],[[0.506099,0.862227,-0.0207244],[-0.843165,0.489568,-0.222254],[-0.181487,0.129956,0.974769]],[[0.506099,0.862227,-0.0207244],[-0.674411,0.38065,-0.632672],[-0.537618,0.334171,0.774142]]],"btipPosition":[-59.5599,280.674,-70.4832],"carpPosition":[-64.3278,285.652,20.2146],"dipPosition":[-71.0982,287.846,-53.8687],"direction":[0.181487,-0.129956,-0.974769],"extended":false,"handId":231,"id":2310,"length":47.7925,"mcpPosition":[-64.3278,285.652,20.2146],"pipPosition":[-76.7727,291.909,-23.3908],"stabilizedTipPosition":[-72.9649,273.665,-44.8608],"timeVisible":0.461028,"tipPosition":[-62.2361,281.511,-67.0036],"tipVelocity":[69.8795,92.511,-177.965],"tool":false,"touchDistance":-0.527204,"touchZone":"hovering","type":0,"width":18.5699},{"bases":[[[0.975693,-0.199078,-0.091604],[0.217781,0.927377,0.304209],[0.0243903,-0.316764,0.948191]],[[0.975315,-0.218447,-0.0322875],[0.21728,0.92329,0.31674],[-0.0393801,-0.315937,0.947963]],[[0.975315,-0.218447,-0.0322875],[0.220322,0.952845,0.208676],[-0.0148196,-0.210638,0.977452]],[[0.975315,-0.218447,-0.0322875],[0.220761,0.967958,0.119671],[0.00511118,-0.123845,0.992288]]],"btipPosition":[-51.4562,343.704,-118.744],"carpPosition":[-51.6106,303.276,19.7866],"dipPosition":[-51.3761,341.763,-103.197],"direction":[0.0148196,0.210638,-0.977452],"extended":true,"handId":231,"id":2311,"length":53.9285,"mcpPosition":[-53.2561,324.647,-44.1839],"pipPosition":[-51.7046,337.094,-81.5317],"stabilizedTipPosition":[-60.514,332.578,-90.0134],"timeVisible":0.461028,"tipPosition":[-50.9971,341.507,-115.43],"tipVelocity":[70.4877,112.83,-187.44],"tool":false,"touchDistance":-0.531539,"touchZone":"hovering","type":1,"width":17.738},{"bases":[[[0.9185,-0.395202,-0.0131667],[0.38008,0.87319,0.305086],[-0.109074,-0.285226,0.952234]],[[0.913866,-0.405426,0.0218669],[0.3108,0.663884,-0.680193],[0.261251,0.628401,0.732707]],[[0.913866,-0.405426,0.0218669],[-0.214383,-0.527574,-0.822013],[0.344802,0.746523,-0.569048]],[[0.913866,-0.405426,0.0218669],[-0.391835,-0.894778,-0.214097],[0.106367,0.187088,-0.976568]]],"btipPosition":[-55.7787,270.453,-42.916],"carpPosition":[-40.3851,302.671,18.726],"dipPosition":[-53.9457,273.677,-59.7451],"direction":[-0.344802,-0.746523,0.569048],"extended":false,"handId":231,"id":2312,"length":61.4471,"mcpPosition":[-33.4066,320.92,-42.1975],"pipPosition":[-44.9542,293.144,-74.5842],"stabilizedTipPosition":[-68.192,261.015,-17.2142],"timeVisible":0.461028,"tipPosition":[-55.3751,271.222,-46.2724],"tipVelocity":[72.632,51.7745,-164.744],"tool":false,"touchDistance":0.333333,"touchZone":"none","type":2,"width":17.4211},{"bases":[[[0.861154,-0.497561,0.104145],[0.441061,0.833186,0.333565],[-0.252741,-0.241317,0.936957]],[[0.86018,-0.498481,0.107732],[0.406642,0.542901,-0.734779],[0.307786,0.675851,0.669696]],[[0.86018,-0.498481,0.107732],[-0.247976,-0.593404,-0.765755],[0.445643,0.631972,-0.634045]],[[0.86018,-0.498481,0.107732],[-0.478159,-0.861754,-0.169542],[0.177352,0.0943231,-0.979617]]],"btipPosition":[-42.1446,267.677,-30.2553],"carpPosition":[-29.6923,299.177,18.1139],"dipPosition":[-39.1059,269.293,-47.0399],"direction":[-0.445643,-0.631972,0.634045],"extended":false,"handId":231,"id":2313,"length":59.0831,"mcpPosition":[-15.1741,313.039,-35.7077],"pipPosition":[-27.7849,285.347,-63.1469],"stabilizedTipPosition":[-50.1873,259.706,-15.3355],"timeVisible":0.461028,"tipPosition":[-41.2738,268.058,-34.6276],"tipVelocity":[59.5462,65.8588,-128.203],"tool":false,"touchDistance":0.333333,"touchZone":"none","type":3,"width":16.5772},{"bases":[[[0.741322,-0.652928,0.155332],[0.545559,0.72104,0.427162],[-0.390906,-0.231921,0.890733]],[[0.759269,-0.641014,0.1123],[0.522124,0.497026,-0.693074],[0.388454,0.584864,0.712066]],[[0.759269,-0.641014,0.1123],[-0.310972,-0.508958,-0.802657],[0.57167,0.574511,-0.585774]],[[0.759269,-0.641014,0.1123],[-0.604174,-0.758449,-0.244394],[0.241834,0.117713,-0.963151]]],"btipPosition":[-26.981,270.57,-27.0649],"carpPosition":[-21.0952,289.367,17.6576],"dipPosition":[-23.1584,272.431,-42.2892],"direction":[-0.57167,-0.574511,0.585774],"extended":false,"handId":231,"id":2314,"length":46.32,"mcpPosition":[-0.309021,301.7,-29.7065],"pipPosition":[-12.9049,282.735,-52.7957],"stabilizedTipPosition":[-33.0673,263.061,-13.0585],"timeVisible":0.461028,"tipPosition":[-26.0141,270.