{"sensorType":"Leap","data":[[0,{"currentFrameRate":110.136,"devices":[],"gestures":[],"hands":[{"armBasis":[[0.909329,-0.123498,-0.397327],[0.293366,0.867478,0.401769],[0.295055,-0.481903,0.825053]],"armWidth":58.4334,"confidence":0.530903,"direction":[0.16574,0.52614,-0.834091],"elbow":[29.6582,166.48,231.96],"grabStrength":0,"id":236,"palmNormal":[-0.269116,-0.789556,-0.551523],"palmPosition":[-42.8878,310.933,-15.7365],"palmVelocity":[31.9776,-25.5506,-203.705],"palmWidth":83.4409,"pinchStrength":1,"r":[[0.782405,-0.370378,0.500663],[0.38046,0.920736,0.0865783],[-0.493045,0.122743,0.861302]],"s":0.972061,"sphereCenter":[-51.2809,290.728,-51.9828],"sphereRadius":40.9727,"stabilizedPalmPosition":[-83.9172,295.66,92.5121],"t":[93.3638,68.6507,-203.194],"timeVisible":0.497015,"type":"right","wrist":[-43.3971,285.799,27.6774]}],"id":275837,"interactionBox":{"center":[0,200,0],"size":[235.247,235.247,147.751]},"pointables":[{"bases":[[[0.654816,0.681759,0.326221],[-0.70787,0.401982,0.580802],[0.264832,-0.61124,0.745821]],[[0.48229,0.875819,-0.0183637],[-0.82197,0.459686,0.336236],[0.302923,-0.147069,0.941599]],[[0.48229,0.875819,-0.0183637],[-0.844704,0.459397,-0.274645],[-0.232103,0.14797,0.96137]],[[0.48229,0.875819,-0.0183637],[-0.758772,0.407175,-0.508403],[-0.437792,0.259131,0.860923]]],"btipPosition":[-68.599,281.13,-66.5256],"carpPosition":[-71.3853,284.586,25.1131],"dipPosition":[-77.9948,286.691,-48.0486],"direction":[0.232103,-0.14797,-0.96137],"extended":false,"handId":236,"id":2360,"length":47.7925,"mcpPosition":[-71.3853,284.586,25.1131],"pipPosition":[-85.2519,291.318,-17.9896],"stabilizedTipPosition":[-116.825,270.657,37.4525],"timeVisible":0.497015,"tipPosition":[-71.5778,283.107,-62.3959],"tipVelocity":[52.0558,-25.7139,-217.092],"tool":false,"touchDistance":-0.587874,"touchZone":"hovering","type":0,"width":18.5699},{"bases":[[[0.963099,-0.223053,-0.150625],[0.266746,0.865628,0.423716],[0.0358744,-0.448259,0.893184]],[[0.961775,-0.267338,-0.0593183],[0.272034,0.907908,0.318904],[-0.0313997,-0.322851,0.945929]],[[0.961775,-0.267338,-0.0593183],[0.273839,0.939598,0.205347],[0.000838289,-0.213741,0.97689]],[[0.961775,-0.267338,-0.0593183],[0.272625,0.955156,0.115551],[0.0257671,-0.127305,0.991529]]],"btipPosition":[-59.5218,351.264,-107.977],"carpPosition":[-57.9163,301.57,26.7385],"dipPosition":[-59.1181,349.269,-92.4413],"direction":[-0.000838289,0.213741,-0.97689],"extended":true,"handId":236,"id":2361,"length":53.9285,"mcpPosition":[-60.3366,331.812,-33.5208],"pipPosition":[-59.0995,344.532,-70.7885],"stabilizedTipPosition":[-92.7681,335.155,-40.323],"timeVisible":0.497015,"tipPosition":[-59.298,349.262,-104.663],"tipVelocity":[86.3471,1.51355,-212.056],"tool":false,"touchDistance":-0.592908,"touchZone":"hovering","type":1,"width":17.738},{"bases":[[[0.899411,-0.425842,-0.0985793],[0.426452,0.805405,0.411658],[-0.0959047,-0.412289,0.905991]],[[0.900939,-0.418632,-0.114267],[0.260558,0.732435,-0.629006],[0.347015,0.536922,0.768957]],[[0.900939,-0.418632,-0.114267],[-0.289037,-0.382497,-0.877584],[0.323678,0.823677,-0.465606]],[[0.900939,-0.418632,-0.114267],[-0.429654,-0.8236,-0.370243],[0.0608853,0.382661,-0.92188]]],"btipPosition":[-65.4537,275.244,-38.6907],"carpPosition":[-46.7612,300.672,25.2349],"dipPosition":[-64.4044,281.838,-54.5773],"direction":[-0.323678,-0.823677,0.465606],"extended":false,"handId":236,"id":2362,"length":61.4471,"mcpPosition":[-40.6253,327.05,-32.73],"pipPosition":[-55.9638,303.317,-66.719],"stabilizedTipPosition":[-101.946,253.214,71.6012],"timeVisible":0.497015,"tipPosition":[-65.2888,276.373,-41.417],"tipVelocity":[42.0374,-24.1102,-219.356],"tool":false,"touchDistance":0.333333,"touchZone":"none","type":2,"width":17.4211},{"bases":[[[0.840771,-0.541367,0.00506915],[0.486347,0.759369,0.432234],[-0.237846,-0.360944,0.901747]],[[0.84223,-0.539118,-0.000522792],[0.429933,0.672242,-0.602701],[0.325278,0.507388,0.797967]],[[0.84223,-0.539118,-0.000522792],[-0.232026,-0.361604,-0.902999],[0.486634,0.760654,-0.429643]],[[0.84223,-0.539118,-0.000522792],[-0.492157,-0.768469,-0.408945],[0.220068,0.344683,-0.912559]]],"btipPosition":[-52.0519,271.589,-34.1557],"carpPosition":[-36.2541,296.873,23.7881],"dipPosition":[-48.2813,277.494,-49.7913],"direction":[-0.486634,-0.760654,0.429643],"extended":false,"handId":236,"id":2363,"length":59.0831,"mcpPosition":[-22.5915,317.607,-28.011],"pipPosition":[-35.919,296.818,-60.7058],"stabilizedTipPosition":[-88.2742,251.953,76.3418],"timeVisible":0.497015,"tipPosition":[-51.3773,272.72,-36.7103],"tipVelocity":[39.9323,-27.7826,-205.404],"tool":false,"touchDistance":0.333333,"touchZone":"none","type":3,"width":16.5772},{"bases":[[[0.715599,-0.697482,0.0379148],[0.58826,0.63103,0.505718],[-0.376655,-0.339588,0.861865]],[[0.665832,-0.732859,0.139948],[0.651429,0.47958,-0.587915],[0.363743,0.482619,0.796725]],[[0.665832,-0.732859,0.139948],[-0.224261,-0.37548,-0.89929],[0.711601,0.567391,-0.414358]],[[0.665832,-0.732859,0.139948],[-0.620666,-0.648154,-0.441214],[0.414056,0.206914,-0.886422]]],"btipPosition":[-39.1896,275.851,-28.5396],"carpPosition":[-28.1152,286.89,21.6804],"dipPosition":[-32.6447,279.122,-42.5511],"direction":[-0.711601,-0.567391,0.414358],"extended":false,"handId":236,"id":2364,"length":46.32,"mcpPosition":[-8.0868,304.948,-24.1488],"pipPosition":[-19.8814,289.298,-49.983],"stabilizedTipPosition":[-71.1396,264.428,69.4825],"timeVisible":0.497015,"tipPosition":[-37.9408,276.426,-30.8294],"tipVelocity":[38.4337,-29.4555,-199.35],"tool":false,"touchDistance":0.333333,"touchZone":"none","type":4,"width":14.7252}],"r":[[0.782405,-0.370378,0.500663],[0.38046,0.920736,0.0865783],[-0.493045,0.122743,0.861302]],"s":0.972061,"t":[93.3638,68.6507,-203.194],"timestamp":2872684957},false],[1,{"currentFrameRate":109.939,"devices":[],"gestures":[],"hands":[{"armBasis":[[0.91193,-0.122491,-0.391637],[0.289948,0.867704,0.403758],[0.290368,-0.481753,0.826801]],"armWidth":58.4334,"confidence":0.536199,"direction":[0.173322,0.525259,-0.833104],"elbow":[28.2022,166.282,230.361],"grabStrength":0,"id":236,"palmNormal":[-0.264376,-0.790045,-0.553113],"palmPosition":[-42.789,310.654,-17.7868],"palmVelocity":[25.8219,-26.6848,-207.525],"palmWidth":83.4409,"pinchStrength":1,"r":[[0.778853,-0.370789,0.505869],[0.381438,0.920267,0.0872585],[-0.497889,0.124996,0.858186]],"s":0.974112,"sphereCenter":[-51.3547,290.802,-54.0694],"sphereRadius":40.9791,"stabilizedPalmPosition":[-83.8916,295.669,92.4434],"t":[93.5265,68.4109,-205.315],"timeVisible":0.506461,"type":"right","wrist":[-43.6927,285.564,25.646]}],"id":275838,"interactionBox":{"center":[0,200,0],"size":[235.247,235.247,147.751]},"pointables":[{"bases":[[[0.652047,0.681927,0.331375],[-0.712931,0.40274,0.574047],[0.258,-0.610553,0.748773]],[[0.483497,0.875241,-0.013578],[-0.823673,0.460152,0.331395],[0.296299,-0.149045,0.943394]],[[0.483497,0.875241,-0.013578],[-0.842671,0.461195,-0.277859],[-0.236931,0.145786,0.960526]],[[0.483497,0.875241,-0.013578],[-0.757457,0.410556,-0.507645],[-0.438737,0.25573,0.861459]]],"btipPosition":[-68.3964,281.131,-68.8732],"carpPosition":[-71.6572,284.355,22.8329],"dipPosition":[-77.8125,286.62,-50.3846],"direction":[0.236931,-0.145786,-0.960526],"extended":false,"handId":236,"id":2360,"length":47.7925,"mcpPosition":[-71.6572,284.355,22.8329],"pipPosition":[-85.2206,291.178,-20.352],"stabilizedTipPosition":[-116.654,270.7,37.0761],"timeVisible":0.506461,"tipPosition":[-71.1879,282.919,-64.7045],"tipVelocity":[43.1601,-18.8345,-226.002],"tool":false,"touchDistance":-0.592594,"touchZone":"hovering","type":0,"width":18.5699},{"bases":[[[0.96435,-0.22344,-0.141786],[0.263167,0.865989,0.425213],[0.0277757,-0.447368,0.893919]],[[0.962518,-0.265646,-0.0546953],[0.268643,0.90607,0.326906],[-0.0372833,-0.329346,0.943473]],[[0.962518,-0.265646,-0.0546953],[0.271165,0.938578,0.213401],[-0.00535313,-0.220234,0.975432]],[[0.962518,-0.265646,-0.0546953],[0.27052,0.954777,0.123372],[0.0194487,-0.133544,0.990852]]],"btipPosition":[-58.7901,351.469,-110.064],"carpPosition":[-58.199,301.338,24.5615],"dipPosition":[-58.4853,349.377,-94.5388],"direction":[0.00535313,0.220234,-0.975432],"extended":true,"handId":236,"id":2361,"length":53.9285,"mcpPosition":[-60.0729,331.52,-35.7474],"pipPosition":[-58.604,344.495,-72.9183],"stabilizedTipPosition":[-92.4056,335.324,-41.0275],"timeVisible":0.506461,"tipPosition":[-58.5389,349.431,-106.763],"tipVelocity":[83.1178,6.61086,-214.668],"tool":false,"touchDistance":-0.593291,"touchZone":"hovering","type":1,"width":17.738},{"bases":[[[0.900149,-0.426161,-0.0901078],[0.422959,0.805715,0.414643],[-0.104104,-0.411353,0.905512]],[[0.901804,-0.41903,-0.105652],[0.267732,0.733663,-0.624547],[0.339217,0.534933,0.773808]],[[0.901804,-0.41903,-0.105652],[-0.279966,-0.380269,-0.881484],[0.329192,0.824506,-0.460242]],[[0.901804,-0.41903,-0.105652],[-0.426372,-0.822931,-0.375489],[0.0703966,0.383665,-0.920785]]],"btipPosition":[-65.162,274.996,-41.1094],"carpPosition":[-47.0311,300.435,23.1586],"dipPosition":[-63.9489,281.608,-56.9772],"direction":[-0.329192,-0.824506,0.460242],"extended":false,"handId":236,"id":2362,"length":61.4471,"mcpPosition":[-40.3706,326.753,-34.7757],"pipPosition":[-55.3645,303.109,-68.979],"stabilizedTipPosition":[-101.924,253.228,71.5314],"timeVisible":0.506461,"tipPosition":[-64.9612,276.138,-43.8199],"tipVelocity":[39.986,-24.586,-229.724],"tool":false,"touchDistance":0.333333,"touchZone":"none","type":2,"width":17.4211},{"bases":[[[0.840555,-0.541567,0.0131284],[0.482656,0.759685,0.4358],[-0.245989,-0.359978,0.899948]],[[0.842096,-0.539276,0.00742738],[0.435389,0.671618,-0.599471],[0.318292,0.508046,0.800362]],[[0.842096,-0.539276,0.00742738],[-0.224124,-0.362436,-0.90466],[0.490553,0.760146,-0.42607]],[[0.842096,-0.539276,0.00742738],[-0.488695,-0.768793,-0.412473],[0.228147,0.343712,-0.91094]]],"btipPosition":[-51.7943,271.295,-36.2474],"carpPosition":[-36.5124,296.632,21.8096],"dipPosition":[-47.8852,277.184,-51.8553],"direction":[-0.490553,-0.760146,0.42607],"extended":false,"handId":236,"id":2363,"length":59.0831,"mcpPosition":[-22.3821,317.311,-29.8861],"pipPosition":[-35.4234,296.495,-62.6791],"stabilizedTipPosition":[-88.2528,251.965,76.2752],"timeVisible":0.506461,"tipPosition":[-51.0968,272.425,-38.8062],"tipVelocity":[37.2758,-28.8417,-209.799],"tool":false,"touchDistance":0.333333,"touchZone":"none","type":3,"width":16.5772},{"bases":[[[0.715054,-0.697618,0.0450107],[0.583876,0.631396,0.510322],[-0.384429,-0.338627,0.858805]],[[0.664433,-0.732846,0.146514],[0.656683,0.478904,-0.582597],[0.356787,0.483309,0.799447]],[[0.664433,-0.732846,0.146514],[-0.216432,-0.37633,-0.900851],[0.715323,0.566845,-0.408657]],[[0.664433,-0.732846,0.146514],[-0.616904,-0.648479,-0.445987],[0.421851,0.205943,-0.882966]]],"btipPosition":[-38.9829,275.558,-30.5177],"carpPosition":[-28.3575,286.646,19.7847],"dipPosition":[-32.3149,278.813,-44.4745],"direction":[-0.715323,-0.566845,0.408657],"extended":false,"handId":236,"id":2364,"length":46.32,"mcpPosition":[-7.91575,304.652,-25.8817],"pipPosition":[-19.4848,288.98,-51.8042],"stabilizedTipPosition":[-71.1163,264.436,69.4109],"timeVisible":0.506461,"tipPosition":[-37.7126,276.132,-32.8066],"tipVelocity":[34.555,-30.0108,-201.846],"tool":false,"touchDistance":0.333333,"touchZone":"none","type":4,"width":14.7252}],"r":[[0.778853,-0.370789,0.505869],[0.381438,0.920267,0.0872585],[-0.497889,0.124996,0.858186]],"s":0.974112,"t":[93.5265,68.4109,-205.315],"timestamp":2872694403},false],[2,{"currentFrameRate":110.159,"devices":[],"gestures":[],"hands":[{"armBasis":[[0.914168,-0.124266,-0.385816],[0.289387,0.866576,0.406573],[0.283816,-0.483326,0.828157]],"armWidth":58.4334,"confidence":0.551311,"direction":[0.177152,0.523961,-0.833116],"elbow":[26.5342,165.498,229.505],"grabStrength":0,"id":236,"palmNormal":[-0.263557,-0.790331,-0.553096],"palmPosition":[-42.6383,310.204,-19.0065],"palmVelocity":[23.5649,-33.3834,-189.641],"palmWidth":83.4409,"pinchStrength":1,"r":[[0.775505,-0.371217,0.510676],[0.382431,0.919797,0.0878583],[-0.502333,0.127164,0.855273]],"s":0.976706,"sphereCenter":[-51.4476,290.575,-55.3025],"sphereRadius":41.0236,"stabilizedPalmPosition":[-83.8729,295.675,92.3928],"t":[93.6833,68.0659,-206.986],"timeVisible":0.515148,"type":"right","wrist":[-43.7383,285.169,24.4537]}],"id":275839,"interactionBox":{"center":[0,200,0],"size":[235.247,235.247,147.751]},"pointables":[{"bases":[[[0.651869,0.681352,0.332906],[-0.714406,0.40453,0.570946],[0.254344,-0.610012,0.750462]],[[0.486193,0.873785,-0.0107428],[-0.822201,0.461585,0.333053],[0.295975,-0.153095,0.942847]],[[0.486193,0.873785,-0.0107428],[-0.842111,0.465215,-0.272806],[-0.233376,0.141683,0.962009]],[[0.486193,0.873785,-0.0107428],[-0.760842,0.417238,-0.497023],[-0.429809,0.249823,0.867671]]],"btipPosition":[-68.7212,281.215,-70.3205],"carpPosition":[-71.6941,283.999,21.5402],"dipPosition":[-77.9457,286.577,-51.6986],"direction":[0.233376,-0.141683,-0.962009],"extended":false,"handId":236,"id":2360,"length":47.7925,"mcpPosition":[-71.6941,283.999,21.5402],"pipPosition":[-85.2427,291.007,-21.6197],"stabilizedTipPosition":[-116.545,270.728,36.8296],"timeVisible":0.515148,"tipPosition":[-71.194,282.737,-66.0569],"tipVelocity":[23.0482,-12.1219,-209.237],"tool":false,"touchDistance":-0.582918,"touchZone":"hovering","type":0,"width":18.5699},{"bases":[[[0.96452,-0.225073,-0.137994],[0.26293,0.866117,0.425098],[0.0238404,-0.446299,0.894566]],[[0.962605,-0.265297,-0.0548552],[0.268164,0.904365,0.331983],[-0.0384649,-0.334278,0.941689]],[[0.962605,-0.265297,-0.0548552],[0.27083,0.937513,0.218451],[-0.0065271,-0.225139,0.974305]],[[0.962605,-0.265297,-0.0548552],[0.270288,0.954208,0.128189],[0.018335,-0.138222,0.990232]]],"btipPosition":[-58.4521,351.399,-111.267],"carpPosition":[-58.2165,300.963,23.2969],"dipPosition":[-58.1648,349.233,-95.7519],"direction":[0.0065271,0.225139,-0.974305],"extended":true,"handId":236,"id":2361,"length":53.9285,"mcpPosition":[-59.8249,331.073,-37.0558],"pipPosition":[-58.3095,344.243,-74.1564],"stabilizedTipPosition":[-92.116,335.456,-41.5951],"timeVisible":0.515148,"tipPosition":[-58.1574,349.347,-107.976],"tipVelocity":[71.2145,2.1826,-194.449],"tool":false,"touchDistance":-0.580379,"touchZone":"hovering","type":1,"width":17.738},{"bases":[[[0.899824,-0.427633,-0.0862993],[0.422668,0.805589,0.415186],[-0.108025,-0.41007,0.905634]],[[0.901536,-0.420572,-0.101744],[0.272149,0.733929,-0.622321],[0.336403,0.533355,0.776122]],[[0.901536,-0.420572,-0.101744],[-0.276328,-0.378643,-0.88333],[0.332979,0.824469,-0.457576]],[[0.901536,-0.420572,-0.101744],[-0.426115,-0.822043,-0.377719],[0.0752204,0.383882,-0.920313]]],"btipPosition":[-64.9825,274.588,-42.52],"carpPosition":[-47.045,300.042,21.9358],"dipPosition":[-63.6862,281.204,-58.3797],"direction":[-0.332979,-0.824469,0.457576],"extended":false,"handId":236,"id":2362,"length":61.4471,"mcpPosition":[-40.1336,326.278,-36.0063],"pipPosition":[-55.0031,302.703,-70.312],"stabilizedTipPosition":[-101.907,253.238,71.4789],"timeVisible":0.515148,"tipPosition":[-64.7617,275.738,-45.2253],"tipVelocity":[35.4247,-30.5248,-211.724],"tool":false,"touchDistance":0.333333,"touchZone":"none","type":2,"width":17.4211},{"bases":[[[0.839679,-0.542821,0.0168616],[0.482217,0.759495,0.436617],[-0.249811,-0.358487,0.899489]],[[0.841363,-0.540364,0.0107298],[0.43792,0.669949,-0.599495],[0.316758,0.509092,0.800306]],[[0.841363,-0.540364,0.0107298],[-0.222277,-0.364051,-0.904467],[0.492648,0.758599,-0.426409]],[[0.841363,-0.540364,0.0107298],[-0.488606,-0.76896,-0.412268],[0.231026,0.341624,-0.910999]]],"btipPosition":[-51.6292,270.831,-37.389],"carpPosition":[-36.5273,296.222,20.6298],"dipPosition":[-47.6708,276.684,-52.9979],"direction":[-0.492648,-0.758599,0.426409],"extended":false,"handId":236,"id":2363,"length":59.0831,"mcpPosition":[-22.1774,316.815,-31.0396],"pipPosition":[-35.1558,295.956,-63.8302],"stabilizedTipPosition":[-88.236,251.974,76.2228],"timeVisible":0.515148,"tipPosition":[-50.9182,271.965,-40.0066],"tipVelocity":[32.7549,-35.6374,-188.92],"tool":false,"touchDistance":0.333333,"touchZone":"none","type":3,"width":16.5772},{"bases":[[[0.713827,-0.698642,0.0484793],[0.58297,0.631145,0.511666],[-0.388069,-0.336979,0.857816]],[[0.662824,-0.733645,0.149765],[0.659459,0.47723,-0.580831],[0.354651,0.483753,0.800128]],[[0.662824,-0.733645,0.149765],[-0.213804,-0.377124,-0.901146],[0.717601,0.565281,-0.406824]],[[0.662824,-0.733645,0.149765],[-0.616286,-0.648119,-0.447363],[0.425271,0.204224,-0.881724]]],"btipPosition":[-38.8378,275.086,-31.6774],"carpPosition":[-28.3802,286.22,18.647],"dipPosition":[-32.1156,278.314,-45.6146],"direction":[-0.717601,-0.565281,0.406824],"extended":false,"handId":236,"id":2364,"length":46.32,"mcpPosition":[-7.7449,304.139,-26.9668],"pipPosition":[-19.2447,288.453,-52.9114],"stabilizedTipPosition":[-71.0982,264.442,69.355],"timeVisible":0.515148,"tipPosition":[-37.5571,275.656,-33.9701],"tipVelocity":[30.1822,-36.6882,-183.498],"tool":false,"touchDistance":0.333333,"touchZone":"none","type":4,"width":14.7252}],"r":[[0.775505,-0.371217,0.510676],[0.382431,0.919797,0.0878583],[-0.502333,0.127164,0.855273]],"s":0.976706,"t":[93.6833,68.0659,-206.986],"timestamp":2872703090},false],[3,{"currentFrameRate":110.034,"devices":[],"gestures":[],"hands":[{"armBasis":[[0.916168,-0.130318,-0.379017],[0.289541,0.869087,0.401066],[0.277133,-0.477184,0.833962]],"armWidth":58.4334,"confidence":0.536414,"direction":[0.18261,0.531024,-0.827446],"elbow":[24.8045,166.274,228.549],"grabStrength":0,"id":236,"palmNormal":[-0.260588,-0.785357,-0.561523],"palmPosition":[-42.43,309.834,-21.1734],"palmVelocity":[23.2298,-35.1909,-201.823],"palmWidth":83.4409,"pinchStrength":0.999161,"r":[[0.772126,-0.37253,0.514824],[0.383221,0.919222,0.0904052],[-0.506916,0.127487,0.852516]],"s":0.980542,"sphereCenter":[-51.6325,291.02,-57.6541],"sphereRadius":41.0717,"stabilizedPalmPosition":[-83.8571,295.681,92.3496],"t":[93.8658,67.7082,-208.904],"timeVisible":0.524458,"type":"right","wrist":[-43.8134,284.425,22.0613]}],"id":275840,"interactionBox":{"center":[0,200,0],"size":[235.247,235.247,147.751]},"pointables":[{"bases":[[[0.650192,0.678037,0.342806],[-0.71769,0.400038,0.569991],[0.24934,-0.616632,0.746722]],[[0.487916,0.872889,0.00172531],[-0.821917,0.458756,0.337631],[0.293923,-0.166154,0.941277]],[[0.487916,0.872889,0.00172531],[-0.84175,0.471031,-0.263793],[-0.231074,0.127256,0.964578]],[[0.487916,0.872889,0.00172531],[-0.764409,0.428231,-0.481972],[-0.421447,0.233843,0.876185]]],"btipPosition":[-68.936,281.906,-73.087],"carpPosition":[-71.7514,283.298,18.9649],"dipPosition":[-77.9811,286.925,-54.2824],"direction":[0.231074,-0.127256,-0.964578],"extended":false,"handId":236,"id":2360,"length":47.7925,"mcpPosition":[-71.7514,283.298,18.9649],"pipPosition":[-85.206,290.904,-24.1231],"stabilizedTipPosition":[-116.466,270.749,36.6482],"timeVisible":0.524458,"tipPosition":[-71.0924,283.126,-68.7162],"tipVelocity":[11.2696,9.87225,-232.802],"tool":false,"touchDistance":-0.593826,"touchZone":"hovering","type":0,"width":18.5699},{"bases":[[[0.965225,-0.224486,-0.133966],[0.260797,0.862247,0.434183],[0.0180438,-0.454023,0.890807]],[[0.963173,-0.262884,-0.0564779],[0.265721,0.898499,0.349416],[-0.0411105,-0.351555,0.935264]],[[0.963173,-0.262884,-0.0564779],[0.268711,0.933592,0.237064],[-0.00959303,-0.24351,0.969851]],[[0.963173,-0.262884,-0.0564779],[0.268462,0.95196,0.147314],[0.0150382,-0.157051,0.987476]]],"btipPosition":[-57.8957,352.577,-112.964],"carpPosition":[-58.2751,300.238,20.9514],"dipPosition":[-57.6601,350.117,-97.492],"direction":[0.00959303,0.24351,-0.969851],"extended":true,"handId":236,"id":2361,"length":53.9285,"mcpPosition":[-59.4924,330.869,-39.1477],"pipPosition":[-57.8727,344.719,-75.9951],"stabilizedTipPosition":[-91.8368,335.591,-42.1474],"timeVisible":0.524458,"tipPosition":[-57.566,350.417,-109.716],"tipVelocity":[67.6174,35.275,-191.307],"tool":false,"touchDistance":-0.576276,"touchZone":"hovering","type":1,"width":17.738},{"bases":[[[0.900092,-0.427443,-0.0844247],[0.420558,0.801704,0.424736],[-0.113867,-0.417807,0.901372]],[[0.901835,-0.420548,-0.0991652],[0.279568,0.742926,-0.608196],[0.329448,0.520769,0.787568]],[[0.901835,-0.420548,-0.0991652],[-0.267968,-0.364333,-0.891883],[0.33895,0.830904,-0.441262]],[[0.901835,-0.420548,-0.0991652],[-0.423827,-0.816347,-0.392363],[0.0840539,0.395875,-0.91445]]],"btipPosition":[-64.6601,274.544,-45.5641],"carpPosition":[-47.0959,299.322,19.6515],"dipPosition":[-63.2117,281.366,-61.3227],"direction":[-0.33895,-0.830904,0.441262],"extended":false,"handId":236,"id":2362,"length":61.4471,"mcpPosition":[-39.8108,326.053,-38.0179],"pipPosition":[-54.3728,303.034,-72.8295],"stabilizedTipPosition":[-101.894,253.246,71.4357],"timeVisible":0.524458,"tipPosition":[-64.3987,275.731,-48.1854],"tipVelocity":[36.2614,-21.7882,-243.581],"tool":false,"touchDistance":0.333333,"touchZone":"none","type":2,"width":17.4211},{"bases":[[[0.839243,-0.543479,0.0173632],[0.479947,0.755389,0.446137],[-0.255582,-0.366084,0.894796]],[[0.841324,-0.54044,0.00997814],[0.436573,0.668515,-0.602073],[0.318714,0.510894,0.798379]],[[0.841324,-0.54044,0.00997814],[-0.224467,-0.366111,-0.903093],[0.49172,0.757554,-0.429329]],[[0.841324,-0.54044,0.00997814],[-0.48854,-0.76817,-0.413816],[0.231308,0.343279,-0.910306]]],"btipPosition":[-51.4043,270.476,-39.2303],"carpPosition":[-36.5725,295.506,18.3776],"dipPosition":[-47.4412,276.357,-54.8274],"direction":[-0.49172,-0.757554,0.429329],"extended":false,"handId":236,"id":2363,"length":59.0831,"mcpPosition":[-21.8911,316.535,-33.0222],"pipPosition":[-34.9497,295.602,-65.7339],"stabilizedTipPosition":[-88.2209,251.982,76.1754],"timeVisible":0.524458,"tipPosition":[-50.6299,271.706,-42.2082],"tipVelocity":[30.3579,-36.154,-191.341],"tool":false,"touchDistance":0.333333,"touchZone":"none","type":3,"width":16.5772},{"bases":[[[0.713107,-0.699488,0.0468545],[0.580159,0.626333,0.520695],[-0.393566,-0.344128,0.852456]],[[0.661582,-0.735264,0.147297],[0.663041,0.481826,-0.572905],[0.350265,0.476688,0.806277]],[[0.661582,-0.735264,0.147297],[-0.20882,-0.369304,-0.905544],[0.720211,0.568333,-0.397862]],[[0.661582,-0.735264,0.147297],[-0.613994,-0.643915,-0.456492],[0.430489,0.211567,-0.87745]]],"btipPosition":[-38.5714,274.821,-34.1082],"carpPosition":[-28.4191,285.517,16.3589],"dipPosition":[-31.7668,278.165,-47.9778],"direction":[-0.720211,-0.568333,0.397862],"extended":false,"handId":236,"id":2364,"length":46.32,"mcpPosition":[-7.49149,303.815,-28.9699],"pipPosition":[-18.849,288.358,-55.1139],"stabilizedTipPosition":[-71.0827,264.447,69.3067],"timeVisible":0.524458,"tipPosition":[-37.2722,275.415,-36.4104],"tipVelocity":[30.3139,-33.5616,-204.952],"tool":false,"touchDistance":0.333333,"touchZone":"none","type":4,"width":14.7252}],"r":[[0.772126,-0.37253,0.514824],[0.383221,0.919222,0.0904052],[-0.506916,0.127487,0.852516]],"s":0.980542,"t":[93.8658,67.7082,-208.904],"timestamp":2872712400},false],[4,{"currentFrameRate":110.22,"devices":[],"gestures":[],"hands":[{"armBasis":[[0.916947,-0.13782,-0.374452],[0.29306,0.869495,0.397612],[0.270785,-0.474326,0.83767]],"armWidth":58.4334,"confidence":0.542541,"direction":[0.186941,0.529236,-0.827624],"elbow":[23.2325,166.535,227.895],"grabStrength":0,"id":236,"palmNormal":[-0.262893,-0.784797,-0.561231],"palmPosition":[-42.2145,309.331,-22.7708],"palmVelocity":[23.6085,-41.1756,-196.696],"palmWidth":83.4409,"pinchStrength":0.989899,"r":[[0.768823,-0.374165,0.518567],[0.384641,0.918428,0.0924143],[-0.510844,0.128412,0.850028]],"s":0.985069,"sphereCenter":[-51.8879,290.897,-59.2665],"sphereRadius":41.1603,"stabilizedPalmPosition":[-83.8446,295.685,92.315],"t":[94.0648,67.2779,-210.663],"timeVisible":0.533202,"type":"right","wrist":[-43.8137,283.978,20.4893]}],"id":275841,"interactionBox":{"center":[0,200,0],"size":[235.247,235.247,147.751]},"pointables":[{"bases":[[[0.652502,0.675445,0.343533],[-0.717158,0.403971,0.567884],[0.244797,-0.616913,0.747992]],[[0.493223,0.869893,0.00406249],[-0.817376,0.461838,0.344385],[0.297702,-0.173179,0.93882]],[[0.493223,0.869893,0.00406249],[-0.841251,0.478162,-0.252304],[-0.22142,0.121025,0.967639]],[[0.493223,0.869893,0.00406249],[-0.769244,0.438327,-0.464901],[-0.406195,0.226175,0.885353]]],"btipPosition":[-69.7361,282.265,-74.9019],"carpPosition":[-71.7493,282.975,17.3299],"dipPosition":[-78.4538,287.119,-55.9006],"direction":[0.22142,-0.121025,-0.967639],"extended":false,"handId":236,"id":2360,"length":47.7925,"mcpPosition":[-71.7493,282.975,17.3299],"pipPosition":[-85.3769,290.903,-25.6456],"stabilizedTipPosition":[-116.416,270.764,36.5275],"timeVisible":0.533202,"tipPosition":[-71.4937,283.2,-70.4286],"tipVelocity":[-13.9584,17.05,-224.655],"tool":false,"touchDistance":-0.589323,"touchZone":"hovering","type":0,"width":18.5699},{"bases":[[[0.964492,-0.229056,-0.131489],[0.263746,0.86154,0.433806],[0.0139174,-0.453082,0.89136]],[[0.962474,-0.264841,-0.0591925],[0.268185,0.89491,0.35667],[-0.041489,-0.35916,0.932353]],[[0.962474,-0.264841,-0.0591925],[0.271199,0.930827,0.244976],[-0.00978174,-0.251836,0.967721]],[[0.962474,-0.264841,-0.0591925],[0.270957,0.949959,0.155436],[0.0150646,-0.165642,0.986071]]],"btipPosition":[-57.5237,352.751,-114.44],"carpPosition":[-58.2001,299.856,19.3282],"dipPosition":[-57.2877,350.155,-98.9905],"direction":[0.00978174,0.251836,-0.967721],"extended":true,"handId":236,"id":2361,"length":53.9285,"mcpPosition":[-59.1391,330.423,-40.8081],"pipPosition":[-57.5045,344.573,-77.5409],"stabilizedTipPosition":[-91.616,335.698,-42.5891],"timeVisible":0.533202,"tipPosition":[-57.1578,350.526,-111.214],"tipVelocity":[60.9035,30.1786,-185.449],"tool":false,"touchDistance":-0.569206,"touchZone":"hovering","type":1,"width":17.738},{"bases":[[[0.898316,-0.431656,-0.081868],[0.42325,0.800255,0.424795],[-0.11785,-0.416251,0.90158]],[[0.900069,-0.425013,-0.0961291],[0.286759,0.743833,-0.603723],[0.328094,0.515826,0.791377]],[[0.900069,-0.425013,-0.0961291],[-0.265162,-0.359156,-0.894816],[0.345783,0.830886,-0.435962]],[[0.900069,-0.425013,-0.0961291],[-0.426309,-0.813207,-0.396176],[0.0902069,0.397566,-0.913129]]],"btipPosition":[-64.5561,274.2,-47.5031],"carpPosition":[-47.0223,298.887,18.0551],"dipPosition":[-63.0015,281.051,-63.2389],"direction":[-0.345783,-0.830886,0.435962],"extended":false,"handId":236,"id":2362,"length":61.4471,"mcpPosition":[-39.4823,325.518,-39.6276],"pipPosition":[-53.9845,302.718,-74.6076],"stabilizedTipPosition":[-101.884,253.252,71.4042],"timeVisible":0.533202,"tipPosition":[-64.2664,275.395,-50.0864],"tipVelocity":[30.4821,-26.3064,-237.571],"tool":false,"touchDistance":0.333333,"touchZone":"none","type":2,"width":17.4211},{"bases":[[[0.836702,-0.547296,0.0199109],[0.482376,0.753694,0.446384],[-0.259311,-0.363886,0.89462]],[[0.838957,-0.544064,0.0120183],[0.440021,0.665194,-0.60324],[0.320207,0.511381,0.797469]],[[0.838957,-0.544064,0.0120183],[-0.22527,-0.367305,-0.902408],[0.495383,0.754375,-0.430715]],[[0.838957,-0.544064,0.0120183],[-0.491374,-0.76683,-0.412945],[0.233885,0.340538,-0.910676]]],"btipPosition":[-51.3296,269.973,-40.7092],"carpPosition":[-36.5136,295.021,16.8098],"dipPosition":[-47.3223,275.808,-56.3125],"direction":[-0.495383,-0.754375,0.430715],"extended":false,"handId":236,"id":2363,"length":59.0831,"mcpPosition":[-21.618,315.924,-34.5798],"pipPosition":[-34.7377,294.971,-67.2543],"stabilizedTipPosition":[-88.2086,251.988,76.1359],"timeVisible":0.533202,"tipPosition":[-50.5364,271.209,-43.757],"tipVelocity":[24.8258,-42.2074,-185.434],"tool":false,"touchDistance":0.333333,"touchZone":"none","type":3,"width":16.5772},{"bases":[[[0.709785,-0.702692,0.0492884],[0.581825,0.624265,0.521319],[-0.397096,-0.341348,0.851937]],[[0.658215,-0.737929,0.14904],[0.665454,0.477731,-0.573537],[0.352029,0.47669,0.805508]],[[0.658215,-0.737929,0.14904],[-0.210046,-0.370124,-0.904925],[0.722934,0.56433,-0.39862]],[[0.658215,-0.737929,0.14904],[-0.61636,-0.641904,-0.456134],[0.432265,0.208372,-0.877342]]],"btipPosition":[-38.5001,274.271,-35.5815],"carpPosition":[-28.4014,284.992,14.8212],"dipPosition":[-31.6675,277.565,-49.4494],"direction":[-0.722934,-0.56433,0.39862],"extended":false,"handId":236,"id":2364,"length":46.32,"mcpPosition":[-7.28613,303.143,-30.48],"pipPosition":[-18.7009,287.686,-56.599],"stabilizedTipPosition":[-71.0704,264.451,69.2679],"timeVisible":0.533202,"tipPosition":[-37.1794,274.868,-37.9457],"tipVelocity":[24.5731,-41.7659,-195.17],"tool":false,"touchDistance":0.333333,"touchZone":"none","type":4,"width":14.7252}],"r":[[0.768823,-0.374165,0.518567],[0.384641,0.918428,0.0924143],[-0.510844,0.128412,0.850028]],"s":0.985069,"t":[94.0648,67.2779,-210.663],"timestamp":2872721144},false],[5,{"currentFrameRate":110.03,"devices":[],"gestures":[],"hands":[{"armBasis":[[0.917997,-0.138426,-0.371645],[0.292666,0.868859,0.399288],[0.267635,-0.475313,0.838122]],"armWidth":58.4334,"confidence":0.551867,"direction":[0.189539,0.52813,-0.82774],"elbow":[22.5156,165.836,226.786],"grabStrength":0,"id":236,"palmNormal":[-0.262292,-0.785151,-0.561017],"palmPosition":[-42.0179,308.826,-24.0165],"palmVelocity":[22.8214,-44.7024,-178.271],"palmWidth":83.4409,"pinchStrength":0.981927,"r":[[0.765829,-0.37551,0.522013],[0.38591,0.917733,0.0940158],[-0.514373,0.12945,0.84774]],"s":0.989848,"sphereCenter":[-52.1757,290.814,-60.5162],"sphereRadius":41.236,"stabilizedPalmPosition":[-83.8324,295.689,92.281],"t":[94.2626,66.8105,-212.164],"timeVisible":0.542627,"type":"right","wrist":[-43.7506,283.523,19.2675]}],"id":275842,"interactionBox":{"center":[0,200,0],"size":[235.247,235.247,147.751]},"pointables":[{"bases":[[[0.652331,0.675163,0.344411],[-0.718158,0.405326,0.565649],[0.242306,-0.616333,0.749281]],[[0.495353,0.868668,0.0064492],[-0.814789,0.462029,0.350212],[0.301238,-0.178733,0.936648]],[[0.495353,0.868668,0.0064492],[-0.84187,0.481876,-0.243003],[-0.214196,0.114943,0.970004]],[[0.495353,0.868668,0.0064492],[-0.772513,0.443893,-0.454073],[-0.397302,0.219944,0.890941]]],"btipPosition":[-70.2447,282.413,-76.2866],"carpPosition":[-71.6792,282.545,16.0397],"dipPosition":[-78.7715,287.133,-57.1654],"direction":[0.214196,-0.114943,-0.970004],"extended":false,"handId":236,"id":2360,"length":47.7925,"mcpPosition":[-71.6792,282.545,16.0397],"pipPosition":[-85.4688,290.727,-26.8364],"stabilizedTipPosition":[-116.378,270.775,36.4349],"timeVisible":0.542627,"tipPosition":[-71.7407,283.139,-71.7661],"tipVelocity":[-24.0495,15.7327,-201.626],"tool":false,"touchDistance":-0.57908,"touchZone":"hovering","type":0,"width":18.5699},{"bases":[[[0.964583,-0.230179,-0.128833],[0.263541,0.861751,0.43351],[0.0112375,-0.452109,0.891892]],[[0.96273,-0.263287,-0.0618928],[0.26738,0.892039,0.364383],[-0.0407266,-0.367352,0.92919]],[[0.96273,-0.263287,-0.0618928],[0.270307,0.928842,0.253351],[-0.00921553,-0.260639,0.965392]],[[0.96273,-0.263287,-0.0618928],[0.270017,0.948783,0.164017],[0.0155392,-0.174617,0.984514]]],"btipPosition":[-57.3108,352.902,-115.551],"carpPosition":[-58.118,299.414,18.0531],"dipPosition":[-57.0673,350.166,-100.125],"direction":[0.00921553,0.260639,-0.965392],"extended":true,"handId":236,"id":2361,"length":53.9285,"mcpPosition":[-58.8761,329.916,-42.1191],"pipPosition":[-57.2716,344.389,-78.7273],"stabilizedTipPosition":[-91.4234,335.79,-42.9782],"timeVisible":0.542627,"tipPosition":[-56.9071,350.618,-112.347],"tipVelocity":[50.0171,25.161,-166.308],"tool":false,"touchDistance":-0.557358,"touchZone":"hovering","type":1,"width":17.738},{"bases":[[[0.898077,-0.432656,-0.0791534],[0.423004,0.800296,0.424964],[-0.120517,-0.415133,0.901743]],[[0.899827,-0.426212,-0.0930303],[0.290919,0.745172,-0.60007],[0.325081,0.512895,0.794519]],[[0.899827,-0.426212,-0.0930303],[-0.261337,-0.355896,-0.897241],[0.349306,0.831674,-0.431629]],[[0.899827,-0.426212,-0.0930303],[-0.42585,-0.811894,-0.399349],[0.0946768,0.398962,-0.912067]]],"btipPosition":[-64.3369,273.759,-49.0299],"carpPosition":[-46.938,298.432,16.8089],"dipPosition":[-62.7053,280.634,-64.7474],"direction":[-0.349306,-0.831674,0.431629],"extended":false,"handId":236,"id":2362,"length":61.4471,"mcpPosition":[-39.2274,324.992,-40.8842],"pipPosition":[-53.5964,302.322,-76.0031],"stabilizedTipPosition":[-101.876,253.257,71.3768],"timeVisible":0.542627,"tipPosition":[-64.0265,274.964,-51.5948],"tipVelocity":[28.9565,-31.9866,-215.867],"tool":false,"touchDistance":0.333333,"touchZone":"none","type":2,"width":17.4211},{"bases":[[[0.836093,-0.548121,0.0225993],[0.482029,0.753698,0.446752],[-0.261907,-0.362633,0.894372]],[[0.838436,-0.544808,0.0144817],[0.442231,0.664564,-0.602317],[0.318523,0.511409,0.798125]],[[0.838436,-0.544808,0.0144817],[-0.223222,-0.367527,-0.902827],[0.497189,0.75373,-0.429761]],[[0.838436,-0.544808,0.0144817],[-0.491041,-0.766685,-0.41361],[0.236441,0.339675,-0.910339]]],"btipPosition":[-51.1177,269.464,-41.9676],"carpPosition":[-36.4302,294.555,15.594],"dipPosition":[-47.0666,275.284,-57.5652],"direction":[-0.497189,-0.75373,0.429761],"extended":false,"handId":236,"id":2363,"length":59.0831,"mcpPosition":[-21.3854,315.386,-35.7814],"pipPosition":[-34.4362,294.432,-68.4827],"stabilizedTipPosition":[-88.196,251.995,76.0956],"timeVisible":0.542627,"tipPosition":[-50.3167,270.698,-45.0151],"tipVelocity":[24.4605,-45.6615,-170.573],"tool":false,"touchDistance":0.333333,"touchZone":"none","type":3,"width":16.5772},{"bases":[[[0.708946,-0.703356,0.0518322],[0.581159,0.624251,0.522077],[-0.399562,-0.340002,0.851322]],[[0.657432,-0.73825,0.150899],[0.666239,0.475958,-0.574099],[0.352007,0.477966,0.804761]],[[0.657432,-0.73825,0.150899],[-0.209899,-0.371759,-0.904289],[0.723689,0.562834,-0.399364]],[[0.657432,-0.73825,0.150899],[-0.61642,-0.6421,-0.455777],[0.43337,0.206625,-0.877209]]],"btipPosition":[-38.3211,273.736,-36.6978],"carpPosition":[-28.3233,284.516,13.6367],"dipPosition":[-31.471,277.002,-50.5636],"direction":[-0.723689,-0.562834,0.399364],"extended":false,"handId":236,"id":2364,"length":46.32,"mcpPosition":[-7.07683,302.595,-31.6318],"pipPosition":[-18.4909,287.097,-57.7266],"stabilizedTipPosition":[-71.0582,264.455,69.229],"timeVisible":0.542627,"tipPosition":[-36.9801,274.34,-39.1267],"tipVelocity":[23.1014,-46.2516,-173.249],"tool":false,"touchDistance":0.333333,"touchZone":"none","type":4,"width":14.7252}],"r":[[0.765829,-0.37551,0.522013],[0.38591,0.917733,0.0940158],[-0.514373,0.12945,0.84774]],"s":0.989848,"t":[94.2626,66.8105,-212.164],"timestamp":2872730569},false],[6,{"currentFrameRate":110.236,"devices":[],"gestures":[],"hands":[{"armBasis":[[0.918535,-0.13845,-0.370304],[0.292005,0.869029,0.399401],[0.266507,-0.474995,0.838662]],"armWidth":58.4334,"confidence":0.555037,"direction":[0.190599,0.529419,-0.826673],"elbow":[22.2902,165.583,225.54],"grabStrength":0,"id":236,"palmNormal":[-0.261173,-0.784412,-0.562571],"palmPosition":[-41.9079,308.559,-25.3554],"palmVelocity":[20.104,-40.9601,-171.742],"palmWidth":83.4409,"pinchStrength":0.963107,"r":[[0.76329,-0.376683,0.52488],[0.386825,0.917175,0.095689],[-0.517451,0.129998,0.845781]],"s":0.995106,"sphereCenter":[-52.48,290.984,-61.8902],"sphereRadius":41.3293,"stabilizedPalmPosition":[-83.8223,295.692,92.2527],"t":[94.4165,66.4432,-213.585],"timeVisible":0.551332,"type":"right","wrist":[-43.6968,283.191,17.8885]}],"id":275843,"interactionBox":{"center":[0,200,0],"size":[235.247,235.247,147.751]},"pointables":[{"bases":[[[0.651576,0.67488,0.34639],[-0.71915,0.40424,0.565166],[0.241394,-0.617355,0.748733]],[[0.496535,0.867947,0.0110134],[-0.811759,0.459823,0.360015],[0.30741,-0.1877,0.932881]],[[0.496535,0.867947,0.0110134],[-0.843237,0.485331,-0.231098],[-0.205926,0.105461,0.972868]],[[0.496535,0.867947,0.0110134],[-0.776729,0.449943,-0.440731],[-0.387487,0.210284,0.897572]]],"btipPosition":[-70.9374,282.99,-77.7685],"carpPosition":[-71.6203,282.209,14.6172],"dipPosition":[-79.2536,287.503,-58.505],"direction":[0.205926,-0.105461,-0.972868],"extended":false,"handId":236,"id":2360,"length":47.7925,"mcpPosition":[-71.6203,282.209,14.6172],"pipPosition":[-85.6923,290.801,-28.0865],"stabilizedTipPosition":[-116.35,270.783,36.3646],"timeVisible":0.551332,"tipPosition":[-72.1709,283.492,-73.2089],"tipVelocity":[-37.3862,27.7843,-192.244],"tool":false,"touchDistance":-0.571243,"touchZone":"hovering","type":0,"width":18.5699},{"bases":[[[0.964856,-0.229653,-0.127721],[0.262587,0.861201,0.435179],[0.0100538,-0.453423,0.891239]],[[0.963242,-0.260456,-0.0657886],[0.265809,0.888648,0.373697],[-0.0388688,-0.377448,0.925215]],[[0.963242,-0.260456,-0.0657886],[0.26853,0.92666,0.263044],[-0.00754761,-0.271041,0.962538]],[[0.963242,-0.260456,-0.0657886],[0.268091,0.94761,0.173672],[0.0171081,-0.184925,0.982604]]],"btipPosition":[-57.3156,353.445,-116.634],"carpPosition":[-58.0679,299.079,16.6759],"dipPosition":[-57.0476,350.548,-101.238],"direction":[0.00754761,0.271041,-0.962538],"extended":true,"handId":236,"id":2361,"length":53.9285,"mcpPosition":[-58.7462,329.67,-43.4522],"pipPosition":[-57.2149,344.54,-79.9037],"stabilizedTipPosition":[-91.2788,335.862,-43.275],"timeVisible":0.551332,"tipPosition":[-56.8757,351.106,-113.458],"tipVelocity":[36.6922,33.9751,-155.345],"tool":false,"touchDistance":-0.546308,"touchZone":"hovering","type":1,"width":17.738},{"bases":[[[0.898347,-0.432227,-0.0784408],[0.422084,0.799814,0.426782],[-0.121729,-0.416507,0.900946]],[[0.900078,-0.425904,-0.092002],[0.291302,0.745197,-0.599854],[0.32404,0.513116,0.794802]],[[0.900078,-0.425904,-0.092002],[-0.260428,-0.356554,-0.897244],[0.349336,0.83155,-0.431844]],[[0.900078,-0.425904,-0.092002],[-0.425151,-0.812191,-0.399491],[0.0954216,0.398688,-0.912109]]],"btipPosition":[-64.1747,273.516,-50.3468],"carpPosition":[-46.8858,298.103,15.4472],"dipPosition":[-62.5303,280.386,-66.0651],"direction":[-0.349336,-0.83155,0.431844],"extended":false,"handId":236,"id":2362,"length":61.4471,"mcpPosition":[-39.0976,324.751,-42.195],"pipPosition":[-53.4206,302.071,-77.3264],"stabilizedTipPosition":[-101.869,253.26,71.3558],"timeVisible":0.551332,"tipPosition":[-63.8602,274.739,-52.995],"tipVelocity":[26.2898,-30.9328,-198.635],"tool":false,"touchDistance":0.333333,"touchZone":"none","type":2,"width":17.4211},{"bases":[[[0.83625,-0.547863,0.0230478],[0.481093,0.753204,0.44859],[-0.263126,-0.364046,0.89344]],[[0.838668,-0.544444,0.0147132],[0.442435,0.66528,-0.601376],[0.317627,0.510865,0.79883]],[[0.838668,-0.544444,0.0147132],[-0.222261,-0.366787,-0.903364],[0.497228,0.754353,-0.428621]],[[0.838668,-0.544444,0.0147132],[-0.490246,-0.766399,-0.41508],[0.237264,0.340902,-0.909666]]],"btipPosition":[-50.9707,269.207,-43.3351],"carpPosition":[-36.3747,294.231,14.2424],"dipPosition":[-46.9055,275.048,-58.9212],"direction":[-0.497228,-0.754353,0.428621],"extended":false,"handId":236,"id":2363,"length":59.0831,"mcpPosition":[-21.26,315.143,-37.0795],"pipPosition":[-34.2741,294.212,-69.8097],"stabilizedTipPosition":[-88.1853,252,76.0613],"timeVisible":0.551332,"tipPosition":[-50.161,270.453,-46.4122],"tipVelocity":[22.5397,-41.2087,-166.894],"tool":false,"touchDistance":0.333333,"touchZone":"none","type":3,"width":16.5772},{"bases":[[[0.709113,-0.703185,0.0518599],[0.580154,0.623681,0.523873],[-0.400724,-0.341399,0.850216]],[[0.657475,-0.738237,0.150775],[0.666936,0.477078,-0.572357],[0.350604,0.476868,0.806024]],[[0.657475,-0.738237,0.150775],[-0.208392,-0.370463,-0.905168],[0.724085,0.563706,-0.397413]],[[0.657475,-0.738237,0.150775],[-0.615501,-0.641639,-0.457665],[0.434608,0.208102,-0.876247]]],"btipPosition":[-38.1787,273.489,-38.0844],"carpPosition":[-28.2614,284.198,12.2824],"dipPosition":[-31.309,276.778,-51.935],"direction":[-0.724085,-0.563706,0.397413],"extended":false,"handId":236,"id":2364,"length":46.32,"mcpPosition":[-6.9532,302.351,-32.9273],"pipPosition":[-18.3217,286.889,-59.063],"stabilizedTipPosition":[-71.0481,264.457,69.1967],"timeVisible":0.551332,"tipPosition":[-36.8335,274.098,-40.5135],"tipVelocity":[21.4412,-41.3165,-169.