{"sensorType":"Leap","data":[[0,{"currentFrameRate":110.653,"devices":[],"gestures":[],"hands":[{"armBasis":[[0.956798,0.0894416,-0.276654],[0.0753239,0.842774,0.532972],[0.280827,-0.530785,0.799627]],"armWidth":58.4334,"confidence":0.687552,"direction":[0.144688,0.45958,-0.876271],"elbow":[44.3304,156.088,228.419],"grabStrength":0,"id":239,"palmNormal":[-0.085482,-0.876473,-0.473801],"palmPosition":[-25.2665,307.799,-15.4498],"palmVelocity":[12.6089,-8.63914,-209.424],"palmWidth":83.4409,"pinchStrength":0.843806,"r":[[0.829189,-0.297586,0.473168],[0.223284,0.952372,0.207681],[-0.512435,-0.0665561,0.856143]],"s":0.994013,"sphereCenter":[-38.3903,288.44,-49.8916],"sphereRadius":42.7627,"stabilizedPalmPosition":[-42.2776,303.679,136.425],"t":[78.0907,96.0106,-206.652],"timeVisible":1.11133,"type":"right","wrist":[-25.2019,287.51,30.4318]}],"id":277259,"interactionBox":{"center":[0,200,0],"size":[235.247,235.247,147.751]},"pointables":[{"bases":[[[0.501365,0.815893,0.288013],[-0.811586,0.328068,0.483425],[0.299935,-0.47612,0.826649]],[[0.374296,0.927309,-0.000924336],[-0.899688,0.363389,0.241888],[0.224641,-0.0897063,0.970304]],[[0.374296,0.927309,-0.000924336],[-0.890995,0.359362,-0.277465],[-0.256964,0.104678,0.960735]],[[0.374296,0.927309,-0.000924336],[-0.823013,0.331739,-0.461084],[-0.427261,0.173343,0.887356]]],"btipPosition":[-45.3526,278.251,-67.2993],"carpPosition":[-52.2736,281.138,26.2008],"dipPosition":[-54.5224,281.971,-48.255],"direction":[0.256964,-0.104678,-0.960735],"extended":false,"handId":239,"id":2390,"length":47.7925,"mcpPosition":[-52.2736,281.138,26.2008],"pipPosition":[-62.5568,285.244,-18.2159],"stabilizedTipPosition":[-81.7396,279.157,91.9658],"timeVisible":1.11133,"tipPosition":[-48.0267,279.27,-62.7219],"tipVelocity":[52.1475,-15.9207,-220.712],"tool":false,"touchDistance":-0.586032,"touchZone":"hovering","type":0,"width":18.5699},{"bases":[[[0.996077,-0.0642579,-0.0608406],[0.0811423,0.937556,0.338238],[0.035307,-0.341848,0.939092]],[[0.996635,-0.0802733,-0.0165816],[0.0801192,0.911291,0.403893],[-0.0173112,-0.403863,0.914656]],[[0.996635,-0.0802733,-0.0165816],[0.0816709,0.955283,0.28419],[-0.00697272,-0.284587,0.958625]],[[0.996635,-0.0802733,-0.0165816],[0.0819525,0.979779,0.182527],[0.00159423,-0.183272,0.983061]]],"btipPosition":[-43.6005,348.456,-109.297],"carpPosition":[-42.0301,300.303,26.7454],"dipPosition":[-43.5755,345.585,-93.8947],"direction":[0.00697272,0.284587,-0.958625],"extended":true,"handId":239,"id":2391,"length":53.9285,"mcpPosition":[-44.4121,323.366,-36.6112],"pipPosition":[-43.73,339.277,-72.6467],"stabilizedTipPosition":[-79.6722,332.972,40.6148],"timeVisible":1.11133,"tipPosition":[-43.2703,346.266,-106.141],"tipVelocity":[74.1977,18.59,-217.562],"tool":false,"touchDistance":-0.573981,"touchZone":"touching","type":1,"width":17.738},{"bases":[[[0.963164,-0.268735,0.00982963],[0.249128,0.905462,0.343618],[-0.101242,-0.328512,0.939058]],[[0.96138,-0.274071,0.025185],[0.201557,0.638786,-0.742514],[0.187414,0.718914,0.669357]],[[0.96138,-0.274071,0.025185],[-0.0638252,-0.311022,-0.948257],[0.267723,0.910028,-0.316503]],[[0.96138,-0.274071,0.025185],[-0.188122,-0.721158,-0.666739],[0.200896,0.636251,-0.744866]]],"btipPosition":[-43.046,255.779,-42.4909],"carpPosition":[-30.7961,301.233,26.0865],"dipPosition":[-39.584,266.743,-55.327],"direction":[-0.267723,-0.910028,0.316503],"extended":false,"handId":239,"id":2392,"length":61.4471,"mcpPosition":[-24.3186,322.251,-33.994],"pipPosition":[-32.6025,290.474,-63.5805],"stabilizedTipPosition":[-72.2849,259.175,102.82],"timeVisible":1.11133,"tipPosition":[-42.0933,258.73,-46.6947],"tipVelocity":[28.6038,-26.3023,-168.185],"tool":false,"touchDistance":0.333333,"touchZone":"none","type":2,"width":17.4211},{"bases":[[[0.916228,-0.381637,0.121981],[0.313951,0.873015,0.373202],[-0.248919,-0.303642,0.919696]],[[0.904084,-0.394928,0.163289],[0.373063,0.542963,-0.752339],[0.20846,0.741095,0.638218]],[[0.904084,-0.394928,0.163289],[0.00356817,-0.375104,-0.926976],[0.427339,0.838647,-0.337717]],[[0.904084,-0.394928,0.163289],[-0.201267,-0.730546,-0.652529],[0.376992,0.557076,-0.739962]]],"btipPosition":[-31.2744,255.443,-31.948],"carpPosition":[-19.7166,299.215,25.7739],"dipPosition":[-24.8151,264.988,-44.6264],"direction":[-0.427339,-0.838647,0.337717],"extended":false,"handId":239,"id":2393,"length":59.0831,"mcpPosition":[-5.41795,316.657,-27.0561],"pipPosition":[-13.9591,286.293,-53.2056],"stabilizedTipPosition":[-55.7221,256.001,108.569],"timeVisible":1.11133,"tipPosition":[-29.4632,257.892,-36.0232],"tipVelocity":[17.6786,-16.816,-173.87],"tool":false,"touchDistance":0.333333,"touchZone":"none","type":3,"width":16.5772},{"bases":[[[0.816708,-0.553181,0.164254],[0.429403,0.77275,0.467409],[-0.385489,-0.311205,0.868648]],[[0.746743,-0.594882,0.297473],[0.614565,0.446109,-0.650612],[0.254332,0.668657,0.698723]],[[0.746743,-0.594882,0.297473],[0.082373,-0.361092,-0.928885],[0.659992,0.718142,-0.22064]],[[0.746743,-0.594882,0.297473],[-0.242707,-0.660132,-0.710858],[0.619248,0.458629,-0.637331]]],"btipPosition":[-19.2449,265.395,-29.4545],"carpPosition":[-9.87023,290.658,25.3603],"dipPosition":[-9.45663,272.644,-39.5286],"direction":[-0.659992,-0.718142,0.22064],"extended":false,"handId":239,"id":2394,"length":46.32,"mcpPosition":[10.6279,307.206,-20.8296],"pipPosition":[2.38104,285.525,-43.486],"stabilizedTipPosition":[-40.505,262.9,113.552],"timeVisible":1.11133,"tipPosition":[-16.624,267.153,-32.3374],"tipVelocity":[19.8729,-13.5637,-191.483],"tool":false,"touchDistance":0.333333,"touchZone":"none","type":4,"width":14.7252}],"r":[[0.829189,-0.297586,0.473168],[0.223284,0.952372,0.207681],[-0.512435,-0.0665561,0.856143]],"s":0.994013,"t":[78.0907,96.0106,-206.652],"timestamp":2885808977},false],[1,{"currentFrameRate":110.628,"devices":[],"gestures":[],"hands":[{"armBasis":[[0.956811,0.08884,-0.276804],[0.074415,0.845592,0.528617],[0.281026,-0.526385,0.802461]],"armWidth":58.4334,"confidence":0.591875,"direction":[0.149775,0.471109,-0.869266],"elbow":[44.0694,156.555,227.481],"grabStrength":0,"id":239,"palmNormal":[-0.0820058,-0.870235,-0.485764],"palmPosition":[-25.3081,307.776,-16.819],"palmVelocity":[7.85328,-6.96141,-193.174],"palmWidth":83.4409,"pinchStrength":0.830388,"r":[[0.826027,-0.298925,0.477833],[0.222806,0.951902,0.210331],[-0.517723,-0.067275,0.852899]],"s":0.997085,"sphereCenter":[-38.539,289.071,-51.5543],"sphereRadius":42.842,"stabilizedPalmPosition":[-42.2776,303.679,136.425],"t":[78.1132,95.9484,-208.298],"timeVisible":1.12041,"type":"right","wrist":[-25.5124,286.887,28.7923]}],"id":277260,"interactionBox":{"center":[0,200,0],"size":[235.247,235.247,147.751]},"pointables":[{"bases":[[[0.499062,0.812329,0.30176],[-0.814752,0.321246,0.48268],[0.295155,-0.486747,0.822168]],[[0.373716,0.927444,0.0135663],[-0.901387,0.35969,0.241088],[0.218716,-0.102327,0.970408]],[[0.373716,0.927444,0.0135663],[-0.88947,0.362486,-0.278292],[-0.263018,0.0919354,0.960401]],[[0.373716,0.927444,0.0135663],[-0.820315,0.337304,-0.461855],[-0.43292,0.161474,0.886852]]],"btipPosition":[-45.0504,278.9,-69.172],"carpPosition":[-52.5535,280.556,24.3117],"dipPosition":[-54.3417,282.365,-50.1385],"direction":[0.263018,-0.0919354,-0.960401],"extended":false,"handId":239,"id":2390,"length":47.7925,"mcpPosition":[-52.5535,280.556,24.3117],"pipPosition":[-62.5654,285.24,-20.1098],"stabilizedTipPosition":[-81.7394,279.157,91.9651],"timeVisible":1.12041,"tipPosition":[-47.7497,279.855,-64.6012],"tipVelocity":[46.0679,6.45982,-216.751],"tool":false,"touchDistance":-0.583889,"touchZone":"hovering","type":0,"width":18.5699},{"bases":[[[0.996473,-0.0628951,-0.0555477],[0.0784599,0.933087,0.350989],[0.0297554,-0.354109,0.934731]],[[0.996788,-0.0790942,-0.0125535],[0.0770416,0.904266,0.419962],[-0.0218648,-0.41958,0.907455]],[[0.996788,-0.0790942,-0.0125535],[0.0792034,0.950452,0.300611],[-0.0118451,-0.30064,0.953664]],[[0.996788,-0.0790942,-0.0125535],[0.0800091,0.976752,0.198882],[-0.00346872,-0.199247,0.979943]]],"btipPosition":[-43.1549,349.924,-110.136],"carpPosition":[-42.3258,299.717,25.1704],"dipPosition":[-43.2092,346.802,-94.7818],"direction":[0.0118451,0.30064,-0.953664],"extended":true,"handId":239,"id":2391,"length":53.9285,"mcpPosition":[-44.3332,323.608,-37.8919],"pipPosition":[-43.4718,340.138,-73.6438],"stabilizedTipPosition":[-79.6582,332.978,40.558],"timeVisible":1.12041,"tipPosition":[-42.8437,347.706,-107.01],"tipVelocity":[66.6802,56.3905,-183.226],"tool":false,"touchDistance":-0.557659,"touchZone":"touching","type":1,"width":17.738},{"bases":[[[0.963258,-0.268299,0.0122328],[0.24643,0.90102,0.356981],[-0.1068,-0.340851,0.934031]],[[0.961362,-0.273894,0.027663],[0.203936,0.641082,-0.739881],[0.184915,0.716935,0.672169]],[[0.961362,-0.273894,0.027663],[-0.0601663,-0.307109,-0.949771],[0.268632,0.911409,-0.311722]],[[0.961362,-0.273894,0.027663],[-0.184696,-0.716247,-0.672962],[0.204134,0.641851,-0.73916]]],"btipPosition":[-42.952,255.953,-44.0102],"carpPosition":[-31.0885,300.663,24.5929],"dipPosition":[-39.4341,267.014,-56.748],"direction":[-0.268632,-0.911409,0.311722],"extended":false,"handId":239,"id":2392,"length":61.4471,"mcpPosition":[-24.2555,322.47,-35.1661],"pipPosition":[-32.429,290.781,-64.8768],"stabilizedTipPosition":[-72.2848,259.175,102.82],"timeVisible":1.12041,"tipPosition":[-41.9715,258.96,-48.2599],"tipVelocity":[23.9433,-13.0473,-167.233],"tool":false,"touchDistance":0.333333,"touchZone":"none","type":2,"width":17.4211},{"bases":[[[0.915706,-0.382688,0.122604],[0.311091,0.868224,0.386536],[-0.25437,-0.315813,0.914089]],[[0.903336,-0.396508,0.163602],[0.376393,0.549847,-0.745652],[0.205701,0.735153,0.645939]],[[0.903336,-0.396508,0.163602],[0.00791308,-0.365946,-0.930602],[0.428861,0.841941,-0.327434]],[[0.903336,-0.396508,0.163602],[-0.197605,-0.723227,-0.661736],[0.380705,0.565441,-0.731669]]],"btipPosition":[-31.24,255.599,-33.7974],"carpPosition":[-20.006,298.655,24.3221],"dipPosition":[-24.717,265.287,-46.3337],"direction":[-0.428861,-0.841941,0.327434],"extended":false,"handId":239,"id":2393,"length":59.0831,"mcpPosition":[-5.39425,316.796,-28.1859],"pipPosition":[-13.8224,286.675,-54.6518],"stabilizedTipPosition":[-55.7221,256.001,108.569],"timeVisible":1.12041,"tipPosition":[-29.408,258.095,-37.8367],"tipVelocity":[14.2817,-6.41727,-181.094],"tool":false,"touchDistance":0.333333,"touchZone":"none","type":3,"width":16.5772},{"bases":[[[0.816038,-0.554828,0.162012],[0.426026,0.766797,0.480129],[-0.390619,-0.322782,0.862107]],[[0.745032,-0.598424,0.294644],[0.618609,0.454661,-0.640786],[0.249499,0.659676,0.708928]],[[0.745032,-0.598424,0.294644],[0.088851,-0.348755,-0.932993],[0.661084,0.721289,-0.206663]],[[0.745032,-0.598424,0.294644],[-0.23741,-0.6507,-0.721267],[0.623348,0.467416,-0.626865]]],"btipPosition":[-19.1814,265.558,-31.3571],"carpPosition":[-10.1518,290.11,23.8569],"dipPosition":[-9.3283,272.946,-41.2658],"direction":[-0.661084,-0.721289,0.206663],"extended":false,"handId":239,"id":2394,"length":46.32,"mcpPosition":[10.6191,307.274,-21.9851],"pipPosition":[2.52895,285.883,-44.9725],"stabilizedTipPosition":[-40.505,262.9,113.552],"timeVisible":1.12041,"tipPosition":[-16.5462,267.356,-34.1828],"tipVelocity":[16.7621,-3.86408,-195.289],"tool":false,"touchDistance":0.333333,"touchZone":"none","type":4,"width":14.7252}],"r":[[0.826027,-0.298925,0.477833],[0.222806,0.951902,0.210331],[-0.517723,-0.067275,0.852899]],"s":0.997085,"t":[78.1132,95.9484,-208.298],"timestamp":2885818062},false],[2,{"currentFrameRate":110.582,"devices":[],"gestures":[],"hands":[{"armBasis":[[0.956612,0.0747427,-0.281614],[0.0865578,0.849999,0.519624],[0.27821,-0.521454,0.80665]],"armWidth":58.4334,"confidence":0.279781,"direction":[0.150022,0.488645,-0.859488],"elbow":[43.1204,157.317,225.943],"grabStrength":0,"id":239,"palmNormal":[-0.0893147,-0.859074,-0.503999],"palmPosition":[-25.5719,308.288,-18.9366],"palmVelocity":[-2.35929,10.566,-203.985],"palmWidth":83.4409,"pinchStrength":0.82788,"r":[[0.823415,-0.303112,0.4797],[0.223776,0.95032,0.21637],[-0.521452,-0.0708169,0.850337]],"s":0.999543,"sphereCenter":[-39.5612,290.732,-53.9659],"sphereRadius":42.9408,"stabilizedPalmPosition":[-42.2776,303.679,136.425],"t":[77.9925,96.1734,-210.18],"timeVisible":1.12954,"type":"right","wrist":[-25.7642,286.428,26.2175]}],"id":277261,"interactionBox":{"center":[0,200,0],"size":[235.247,235.247,147.751]},"pointables":[{"bases":[[[0.505376,0.802414,0.317375],[-0.811038,0.31612,0.492225],[0.294639,-0.506162,0.810548]],[[0.379182,0.924808,0.0308414],[-0.8993,0.360465,0.247639],[0.217901,-0.121636,0.968361]],[[0.379182,0.924808,0.0308414],[-0.886826,0.372719,-0.273165],[-0.264121,0.0762286,0.961473]],[[0.379182,0.924808,0.0308414],[-0.817055,0.350275,-0.457961],[-0.434329,0.148452,0.888437]]],"btipPosition":[-45.2557,280.369,-71.7628],"carpPosition":[-52.8608,280.37,21.6947],"dipPosition":[-54.5773,283.555,-52.6953],"direction":[0.264121,-0.0762286,-0.961473],"extended":false,"handId":239,"id":2390,"length":47.7925,"mcpPosition":[-52.8608,280.37,21.6947],"pipPosition":[-62.8355,285.938,-22.6331],"stabilizedTipPosition":[-81.7393,279.157,91.9643],"timeVisible":1.12954,"tipPosition":[-48.0459,281.351,-67.2109],"tipVelocity":[26.8084,47.4399,-235.181],"tool":false,"touchDistance":-0.592579,"touchZone":"hovering","type":0,"width":18.5699},{"bases":[[[0.995851,-0.0681683,-0.060283],[0.0857409,0.924821,0.370613],[0.0304869,-0.374244,0.926829]],[[0.996217,-0.0848589,-0.0187181],[0.0843581,0.892683,0.442719],[-0.0208593,-0.442623,0.896465]],[[0.996217,-0.0848589,-0.0187181],[0.0863362,0.942062,0.324137],[-0.00987227,-0.324527,0.945825]],[[0.996217,-0.0848589,-0.0187181],[0.0868959,0.971033,0.222585],[-0.000712422,-0.223369,0.974734]]],"btipPosition":[-43.5096,352.822,-111.156],"carpPosition":[-42.5046,299.442,22.9285],"dipPosition":[-43.5208,349.323,-95.8839],"direction":[0.00987227,0.324527,-0.945825],"extended":true,"handId":239,"id":2391,"length":53.9285,"mcpPosition":[-44.5614,324.691,-39.6007],"pipPosition":[-43.7396,342.129,-74.9196],"stabilizedTipPosition":[-79.623,332.996,40.4138],"timeVisible":1.12954,"tipPosition":[-43.2029,350.545,-108.085],"tipVelocity":[37.6605,126.333,-163.969],"tool":false,"touchDistance":-0.545815,"touchZone":"touching","type":1,"width":17.738},{"bases":[[[0.961508,-0.274757,0.00319792],[0.253515,0.891542,0.375345],[-0.10598,-0.360086,0.92688]],[[0.95961,-0.280717,0.0186362],[0.204233,0.649533,-0.73239],[0.19349,0.706615,0.68063]],[[0.95961,-0.280717,0.0186362],[-0.0672228,-0.293111,-0.953712],[0.273186,0.913939,-0.300143]],[[0.95961,-0.280717,0.0186362],[-0.192518,-0.703524,-0.684099],[0.205149,0.65288,-0.729151]]],"btipPosition":[-43.6945,257.048,-46.661],"carpPosition":[-31.2633,300.327,22.333],"dipPosition":[-40.1592,268.299,-59.2263],"direction":[-0.273186,-0.913939,0.300143],"extended":false,"handId":239,"id":2392,"length":61.4471,"mcpPosition":[-24.4828,323.365,-36.9684],"pipPosition":[-33.0353,292.132,-67.0532],"stabilizedTipPosition":[-72.2848,259.175,102.82],"timeVisible":1.12954,"tipPosition":[-42.7099,260.128,-50.8914],"tipVelocity":[-5.19224,25.2443,-200.274],"tool":false,"touchDistance":0.333333,"touchZone":"none","type":2,"width":17.4211},{"bases":[[[0.913567,-0.391173,0.111257],[0.318055,0.8577,0.403969],[-0.253447,-0.333667,0.907982]],[[0.901256,-0.405772,0.151946],[0.376765,0.560734,-0.73731],[0.213978,0.721752,0.658245]],[[0.901256,-0.405772,0.151946],[0.00115408,-0.348432,-0.937333],[0.433286,0.844952,-0.313558]],[[0.901256,-0.405772,0.151946],[-0.205189,-0.708563,-0.675156],[0.381623,0.57731,-0.721856]]],"btipPosition":[-31.9495,256.492,-36.8121],"carpPosition":[-20.1952,298.254,21.9814],"dipPosition":[-25.4108,266.383,-49.1803],"direction":[-0.433286,-0.844952,0.313558],"extended":false,"handId":239,"id":2393,"length":59.0831,"mcpPosition":[-5.63649,317.42,-30.1757],"pipPosition":[-14.4038,287.848,-57.1458],"stabilizedTipPosition":[-55.7221,256.001,108.569],"timeVisible":1.12954,"tipPosition":[-30.1191,259.054,-40.8017],"tipVelocity":[-11.1774,23.984,-221.396],"tool":false,"touchDistance":0.333333,"touchZone":"none","type":3,"width":16.5772},{"bases":[[[0.812899,-0.563466,0.147311],[0.432627,0.753546,0.494977],[-0.389908,-0.338635,0.856328]],[[0.741595,-0.609648,0.27994],[0.619747,0.462861,-0.633777],[0.256808,0.643498,0.721083]],[[0.741595,-0.609648,0.27994],[0.0834052,-0.330265,-0.940196],[0.665643,0.720593,-0.194075]],[[0.741595,-0.609648,0.27994],[-0.243983,-0.633824,-0.733989],[0.624907,0.476022,-0.618784]]],"btipPosition":[-19.8097,266.348,-34.3546],"carpPosition":[-10.399,289.656,21.2998],"dipPosition":[-9.93201,273.873,-44.1355],"direction":[-0.665643,-0.720593,0.194075],"extended":false,"handId":239,"id":2394,"length":46.32,"mcpPosition":[10.3341,307.663,-24.2349],"pipPosition":[2.00701,286.797,-47.6165],"stabilizedTipPosition":[-40.505,262.9,113.552],"timeVisible":1.12954,"tipPosition":[-17.168,268.186,-37.1477],"tipVelocity":[-6.8521,22.2269,-231.405],"tool":false,"touchDistance":0.333333,"touchZone":"none","type":4,"width":14.7252}],"r":[[0.823415,-0.303112,0.4797],[0.223776,0.95032,0.21637],[-0.521452,-0.0708169,0.850337]],"s":0.999543,"t":[77.9925,96.1734,-210.18],"timestamp":2885827186},false],[3,{"currentFrameRate":110.639,"devices":[],"gestures":[],"hands":[{"armBasis":[[0.957156,0.0750263,-0.279684],[0.0850892,0.850342,0.519306],[0.276789,-0.520855,0.807526]],"armWidth":58.4334,"confidence":0.316763,"direction":[0.157899,0.48157,-0.862066],"elbow":[42.2785,157.254,224.458],"grabStrength":0,"id":239,"palmNormal":[-0.0890231,-0.862521,-0.498129],"palmPosition":[-25.6622,307.733,-20.7993],"palmVelocity":[-4.47547,-9.2523,-205.195],"palmWidth":83.4409,"pinchStrength":0.828035,"r":[[0.820405,-0.306357,0.482785],[0.224937,0.949193,0.220082],[-0.52568,-0.0719599,0.847633]],"s":1.00157,"sphereCenter":[-39.9002,290.247,-55.7653],"sphereRadius":43.0382,"stabilizedPalmPosition":[-42.2776,303.679,136.425],"t":[77.887,96.0086,-212.052],"timeVisible":1.13848,"type":"right","wrist":[-26.2542,286.217,24.5158]}],"id":277262,"interactionBox":{"center":[0,200,0],"size":[235.247,235.247,147.751]},"pointables":[{"bases":[[[0.506167,0.8029,0.314875],[-0.813272,0.322855,0.4841],[0.287025,-0.501115,0.816395]],[[0.382037,0.923789,0.0257171],[-0.900183,0.36569,0.23652],[0.20909,-0.11351,0.971286]],[[0.382037,0.923789,0.0257171],[-0.882908,0.373067,-0.285122],[-0.272987,0.0862214,0.958146]],[[0.382037,0.923789,0.0257171],[-0.809742,0.348024,-0.472436],[-0.445382,0.159664,0.880989]]],"btipPosition":[-44.8183,279.299,-73.4797],"carpPosition":[-53.3412,280.226,19.8479],"dipPosition":[-54.3771,282.726,-54.572],"direction":[0.272987,-0.0862214,-0.958146],"extended":false,"handId":239,"id":2390,"length":47.7925,"mcpPosition":[-53.3412,280.226,19.8479],"pipPosition":[-62.9125,285.422,-24.6138],"stabilizedTipPosition":[-81.7391,279.157,91.9637],"timeVisible":1.13848,"tipPosition":[-47.6954,280.386,-69.0019],"tipVelocity":[31.1841,3.51487,-224.546],"tool":false,"touchDistance":-0.587958,"touchZone":"hovering","type":0,"width":18.5699},{"bases":[[[0.995985,-0.0723356,-0.0527467],[0.0866345,0.927271,0.36423],[0.0225637,-0.367337,0.929814]],[[0.99602,-0.0883017,-0.0121081],[0.0845813,0.893612,0.440799],[-0.0281033,-0.440068,0.897524]],[[0.99602,-0.0883017,-0.0121081],[0.0874872,0.942673,0.322046],[-0.0170233,-0.321824,0.946646]],[[0.99602,-0.0883017,-0.0121081],[0.0887961,0.9714,0.220221],[-0.00768407,-0.220419,0.975375]]],"btipPosition":[-42.8391,351.975,-113.345],"carpPosition":[-42.9218,299.268,21.0109],"dipPosition":[-42.9595,348.522,-98.0628],"direction":[0.0170233,0.321824,-0.946646],"extended":true,"handId":239,"id":2391,"length":53.9285,"mcpPosition":[-44.4441,324.051,-41.7197],"pipPosition":[-43.3368,341.388,-77.0803],"stabilizedTipPosition":[-79.5855,333.015,40.2604],"timeVisible":1.13848,"tipPosition":[-42.5673,349.713,-110.265],"tipVelocity":[47.0913,66.2988,-185.997],"tool":false,"touchDistance":-0.552366,"touchZone":"touching","type":1,"width":17.738},{"bases":[[[0.960416,-0.278309,0.0120452],[0.254245,0.893402,0.370394],[-0.113845,-0.35267,0.928796]],[[0.958366,-0.2842,0.0276597],[0.211194,0.640303,-0.738519],[0.192176,0.713613,0.673666]],[[0.958366,-0.2842,0.0276597],[-0.0624813,-0.30324,-0.950864],[0.278623,0.909547,-0.308372]],[[0.958366,-0.2842,0.0276597],[-0.190757,-0.709309,-0.678596],[0.212476,0.645067,-0.733991]]],"btipPosition":[-43.8113,256.292,-48.0227],"carpPosition":[-31.6734,300.106,20.488],"dipPosition":[-40.1497,267.408,-60.6715],"direction":[-0.278623,-0.909547,0.308372],"extended":false,"handId":239,"id":2392,"length":61.4471,"mcpPosition":[-24.3896,322.669,-38.936],"pipPosition":[-32.884,291.127,-68.7129],"stabilizedTipPosition":[-72.2848,259.175,102.82],"timeVisible":1.13848,"tipPosition":[-42.7895,259.32,-52.257],"tipVelocity":[-6.45439,-5.668,-187.785],"tool":false,"touchDistance":0.333333,"touchZone":"none","type":2,"width":17.4211},{"bases":[[[0.911278,-0.393725,0.120638],[0.318454,0.859538,0.399728],[-0.261076,-0.325845,0.908661]],[[0.898624,-0.407971,0.161352],[0.383754,0.552709,-0.739761],[0.212621,0.726686,0.653238]],[[0.898624,-0.407971,0.161352],[0.00600301,-0.35631,-0.934349],[0.438679,0.840597,-0.31774]],[[0.898624,-0.407971,0.161352],[-0.203257,-0.713076,-0.670976],[0.388795,0.57016,-0.72371]]],"btipPosition":[-32.1313,255.809,-38.2593],"carpPosition":[-20.611,297.989,20.2301],"dipPosition":[-25.4697,265.578,-50.6592],"direction":[-0.438679,-0.840596,0.31774],"extended":false,"handId":239,"id":2393,"length":59.0831,"mcpPosition":[-5.61405,316.706,-31.9661],"pipPosition":[-14.3257,286.932,-58.731],"stabilizedTipPosition":[-55.7221,256.001,108.569],"timeVisible":1.13848,"tipPosition":[-30.2691,258.329,-42.2345],"tipVelocity":[-12.8161,-4.28589,-205.387],"tool":false,"touchDistance":0.333333,"touchZone":"none","type":3,"width":16.5772},{"bases":[[[0.809708,-0.565364,0.157278],[0.431989,0.755648,0.492322],[-0.397189,-0.330695,0.856085]],[[0.736921,-0.610449,0.290343],[0.626155,0.454592,-0.633463],[0.254709,0.648613,0.717234]],[[0.736921,-0.610449,0.290343],[0.0887261,-0.338451,-0.936792],[0.67013,0.716103,-0.195249]],[[0.736921,-0.610449,0.290343],[-0.241107,-0.638629,-0.730767],[0.631518,0.468514,-0.617802]]],"btipPosition":[-19.9834,265.653,-35.8288],"carpPosition":[-10.8428,289.35,19.6823],"dipPosition":[-10.0011,273.059,-45.5942],"direction":[-0.67013,-0.716103,0.195249],"extended":false,"handId":239,"id":2394,"length":46.32,"mcpPosition":[10.2775,306.935,-25.8395],"pipPosition":[2.01837,285.903,-49.0962],"stabilizedTipPosition":[-40.505,262.9,113.552],"timeVisible":1.13848,"tipPosition":[-17.3128,267.458,-38.6122],"tipVelocity":[-9.55038,-5.90191,-213.158],"tool":false,"touchDistance":0.333333,"touchZone":"none","type":4,"width":14.7252}],"r":[[0.820405,-0.306357,0.482785],[0.224937,0.949193,0.220082],[-0.52568,-0.0719599,0.847633]],"s":1.00157,"t":[77.887,96.0086,-212.052],"timestamp":2885836123},false],[4,{"currentFrameRate":110.563,"devices":[],"gestures":[],"hands":[{"armBasis":[[0.956782,0.0775861,-0.280264],[0.0831763,0.850479,0.519392],[0.278656,-0.520256,0.80727]],"armWidth":58.4334,"confidence":0.35491,"direction":[0.161022,0.477272,-0.863877],"elbow":[42.3999,157.286,223.394],"grabStrength":0,"id":239,"palmNormal":[-0.0879464,-0.864878,-0.494218],"palmPosition":[-25.8414,307.397,-21.9023],"palmVelocity":[-8.67556,-16.9022,-181.449],"palmWidth":83.4409,"pinchStrength":0.825771,"r":[[0.817624,-0.308587,0.486071],[0.225829,0.948469,0.222277],[-0.529615,-0.0719707,0.845179]],"s":1.00352,"sphereCenter":[-40.3026,289.968,-56.8019],"sphereRadius":43.1276,"stabilizedPalmPosition":[-42.2776,303.679,136.425],"t":[77.7446,95.7581,-213.54],"timeVisible":1.14766,"type":"right","wrist":[-26.5951,286.101,23.5147]}],"id":277263,"interactionBox":{"center":[0,200,0],"size":[235.247,235.247,147.751]},"pointables":[{"bases":[[[0.505649,0.804107,0.31262],[-0.814643,0.325713,0.479863],[0.284036,-0.497316,0.819756]],[[0.382498,0.923685,0.0223865],[-0.900783,0.367402,0.23153],[0.205636,-0.108725,0.97257]],[[0.382498,0.923685,0.0223865],[-0.881239,0.371988,-0.291619],[-0.277692,0.0918158,0.956272]],[[0.382498,0.923685,0.0223865],[-0.805252,0.345139,-0.48213],[-0.453062,0.166387,0.875814]]],"btipPosition":[-44.6776,278.64,-74.4292],"carpPosition":[-53.6705,280.105,18.7875],"dipPosition":[-54.4012,282.211,-55.6326],"direction":[0.277692,-0.0918158,-0.956272],"extended":false,"handId":239,"id":2390,"length":47.7925,"mcpPosition":[-53.6705,280.105,18.7875],"pipPosition":[-63.0837,285.082,-25.733],"stabilizedTipPosition":[-81.739,279.157,91.9632],"timeVisible":1.14766,"tipPosition":[-47.6042,279.768,-70.01],"tipVelocity":[25.6037,-16.5122,-191.506],"tool":false,"touchDistance":-0.572122,"touchZone":"hovering","type":0,"width":18.5699},{"bases":[[[0.996105,-0.0732118,-0.0491375],[0.0860366,0.928978,0.359998],[0.0192915,-0.362823,0.931658]],[[0.996019,-0.0886597,-0.00925334],[0.0836552,0.893816,0.440561],[-0.0307893,-0.439582,0.897675]],[[0.996019,-0.0886597,-0.00925334],[0.0869198,0.942921,0.321474],[-0.0197766,-0.320998,0.946873]],[[0.996019,-0.0886597,-0.00925334],[0.0885274,0.971654,0.219207],[-0.0104438,-0.219154,0.975634]]],"btipPosition":[-42.7293,351.491,-114.603],"carpPosition":[-43.2428,299.146,19.892],"dipPosition":[-42.893,348.057,-99.3172],"direction":[0.0197766,0.320998,-0.946873],"extended":true,"handId":239,"id":2391,"length":53.9285,"mcpPosition":[-44.5444,323.624,-42.9631],"pipPosition":[-43.3313,340.942,-78.3297],"stabilizedTipPosition":[-79.5532,333.03,40.1279],"timeVisible":1.14766,"tipPosition":[-42.4773,349.249,-111.517],"tipVelocity":[36.979,33.2027,-172.31],"tool":false,"touchDistance":-0.544325,"touchZone":"touching","type":1,"width":17.738},{"bases":[[[0.960194,-0.278846,0.0165387],[0.253604,0.895035,0.366875],[-0.117104,-0.348077,0.930123]],[[0.958068,-0.284712,0.0323201],[0.213395,0.633673,-0.743586],[0.191228,0.719303,0.667858]],[[0.958068,-0.284712,0.0323201],[-0.0604316,-0.311025,-0.948479],[0.280096,0.906754,-0.315188]],[[0.958068,-0.284712,0.0323201],[-0.189405,-0.713886,-0.674161],[0.215015,0.63977,-0.737877]]],"btipPosition":[-43.9619,255.779,-48.6924],"carpPosition":[-31.9922,299.974,19.4018],"dipPosition":[-40.2566,266.804,-61.4082],"direction":[-0.280096,-0.906754,0.315188],"extended":false,"handId":239,"id":2392,"length":61.4471,"mcpPosition":[-24.5,322.244,-40.1071],"pipPosition":[-32.9525,290.45,-69.6274],"stabilizedTipPosition":[-72.2848,259.175,102.82],"timeVisible":1.14766,"tipPosition":[-42.928,258.77,-52.9328],"tipVelocity":[-8.92806,-20.3296,-156.19],"tool":false,"touchDistance":0.333333,"touchZone":"none","type":2,"width":17.4211},{"bases":[[[0.910627,-0.393701,0.12553],[0.317695,0.861274,0.396582],[-0.264251,-0.321258,0.909376]],[[0.897919,-0.407654,0.166011],[0.385048,0.544743,-0.744979],[0.21326,0.732853,0.646102]],[[0.897919,-0.407654,0.166011],[0.00642588,-0.36498,-0.930993],[0.440114,0.837023,-0.325103]],[[0.897919,-0.407654,0.166011],[-0.202811,-0.717913,-0.665934],[0.390652,0.564286,-0.727304]]],"btipPosition":[-32.3628,255.344,-38.7991],"carpPosition":[-20.9305,297.849,19.1903],"dipPosition":[-25.6695,265.013,-51.2607],"direction":[-0.440114,-0.837023,0.325103],"extended":false,"handId":239,"id":2393,"length":59.0831,"mcpPosition":[-5.75112,316.303,-33.0469],"pipPosition":[-14.489,286.276,-59.5194],"stabilizedTipPosition":[-55.7221,256.001,108.569],"timeVisible":1.14766,"tipPosition":[-30.4861,257.838,-42.8129],"tipVelocity":[-16.0577,-17.9253,-164.889],"tool":false,"touchDistance":0.333333,"touchZone":"none","type":3,"width":16.5772},{"bases":[[[0.808828,-0.565097,0.162672],[0.430861,0.757765,0.490052],[-0.400194,-0.326279,0.85638]],[[0.73531,-0.609608,0.296138],[0.628857,0.450777,-0.633513],[0.252702,0.652057,0.714817]],[[0.73531,-0.609608,0.296138],[0.092087,-0.343035,-0.934798],[0.671446,0.714636,-0.1961]],[[0.73531,-0.609608,0.296138],[-0.238643,-0.641863,-0.72874],[0.634326,0.465178,-0.617447]]],"btipPosition":[-20.1497,265.237,-36.7223],"carpPosition":[-11.166,289.202,18.7165],"dipPosition":[-10.1231,272.59,-46.4821],"direction":[-0.671446,-0.714636,0.1961],"extended":false,"handId":239,"id":2394,"length":46.32,"mcpPosition":[10.114,306.551,-26.821],"pipPosition":[1.92005,285.408,-49.9993],"stabilizedTipPosition":[-40.505,262.9,113.552],"timeVisible":1.14766,"tipPosition":[-17.4704,267.026,-39.4899],"tipVelocity":[-11.6316,-17.2755,-180.777],"tool":false,"touchDistance":0.333333,"touchZone":"none","type":4,"width":14.7252}],"r":[[0.817624,-0.308587,0.486071],[0.225829,0.948469,0.222277],[-0.529615,-0.0719707,0.845179]],"s":1.00352,"t":[77.7446,95.7581,-213.54],"timestamp":2885845303},false],[5,{"currentFrameRate":101.177,"devices":[],"gestures":[],"hands":[{"armBasis":[[0.953517,0.0818377,-0.290013],[0.0850717,0.85016,0.519607],[0.289081,-0.520126,0.80368]],"armWidth":58.4334,"confidence":0.441242,"direction":[0.165969,0.466493,-0.868814],"elbow":[44.2064,157.051,219.564],"grabStrength":0,"id":239,"palmNormal":[-0.0919077,-0.869881,-0.484623],"palmPosition":[-26.3783,306.609,-25.079],"palmVelocity":[-15.5434,-24.3912,-141.267],"palmWidth":83.4409,"pinchStrength":0.825203,"r":[[0.814773,-0.31024,0.489793],[0.227559,0.94812,0.222004],[-0.533257,-0.0694257,0.8431]],"s":1.0057,"sphereCenter":[-41.274,289.163,-59.7954],"sphereRadius":43.2546,"stabilizedPalmPosition":[-42.2776,303.679,136.425],"t":[77.405,95.2388,-215.872],"timeVisible":1.17487,"type":"right","wrist":[-27.3696,285.834,20.5739]}],"id":277264,"interactionBox":{"center":[0,200,0],"size":[235.247,235.247,147.751]},"pointables":[{"bases":[[[0.50968,0.804576,0.304769],[-0.813847,0.335962,0.474112],[0.279068,-0.489681,0.826035]],[[0.387893,0.921616,0.0127764],[-0.898867,0.375179,0.226449],[0.203905,-0.0993222,0.973939]],[[0.387893,0.921616,0.0127764],[-0.877894,0.373643,-0.299489],[-0.280787,0.104953,0.954014]],[[0.387893,0.921616,0.0127764],[-0.79965,0.343388,-0.49259],[-0.458366,0.180855,0.870168]]],"btipPosition":[-45.1861,277.329,-77.2405],"carpPosition":[-54.4688,279.945,15.8471],"dipPosition":[-55.0234,281.21,-58.565],"direction":[0.280787,-0.104953,-0.954014],"extended":false,"handId":239,"id":2390,"length":47.7925,"mcpPosition":[-54.4688,279.945,15.8471],"pipPosition":[-63.8028,284.492,-28.736],"stabilizedTipPosition":[-81.7385,279.157,91.9608],"timeVisible":1.17487,"tipPosition":[-48.1184,278.529,-72.8852],"tipVelocity":[-2.50234,-34.5584,-137.371],"tool":false,"touchDistance":-0.58583,"touchZone":"hovering","type":0,"width":18.5699},{"bases":[[[0.995767,-0.0796828,-0.0458173],[0.090707,0.932467,0.349683],[0.0148594,-0.352358,0.935747]],[[0.995531,-0.0941667,-0.0071331],[0.0878398,0.89561,0.436081],[-0.0346758,-0.434759,0.899879]],[[0.995531,-0.0941667,-0.0071331],[0.0915713,0.944104,0.316673],[-0.0230856,-0.315911,0.948508]],[[0.995531,-0.0941667,-0.0071331],[0.0935072,0.972348,0.213998],[-0.0132156,-0.213708,0.976808]]],"btipPosition":[-42.8479,350.186,-118.151],"carpPosition":[-43.9303,298.935,16.7622],"dipPosition":[-43.0549,346.838,-102.846],"direction":[0.0230856,0.315911,-0.948508],"extended":true,"handId":239,"id":2391,"length":53.9285,"mcpPosition":[-44.9328,322.707,-46.3687],"pipPosition":[-43.5666,339.836,-81.8221],"stabilizedTipPosition":[-79.5188,333.046,39.9825],"timeVisible":1.17487,"tipPosition":[-42.6231,347.981,-115.048],"tipVelocity":[11.0777,-16.7543,-146.161],"tool":false,"touchDistance":-0.571368,"touchZone":"touching","type":1,"width":17.738},{"bases":[[[0.958468,-0.284343,0.0220903],[0.258052,0.897609,0.357362],[-0.121442,-0.336819,0.933705]],[[0.956261,-0.290038,0.0379911],[0.218634,0.622398,-0.751545],[0.194331,0.726979,0.658587]],[[0.956261,-0.290038,0.0379911],[-0.0603438,-0.322682,-0.944582],[0.286224,0.900974,-0.32607]],[[0.956261,-0.290038,0.0379911],[-0.192121,-0.720679,-0.666116],[0.220579,0.629682,-0.74488]]],"btipPosition":[-44.7588,254.761,-51.2183],"carpPosition":[-32.6738,299.691,16.2908],"dipPosition":[-40.9576,265.612,-64.0547],"direction":[-0.286224,-0.900974,0.32607],"extended":false,"handId":239,"id":2392,"length":61.4471,"mcpPosition":[-24.904,321.241,-43.4472],"pipPosition":[-33.4937,289.107,-72.5577],"stabilizedTipPosition":[-72.2845,259.175,102.818],"timeVisible":1.17487,"tipPosition":[-43.7023,257.683,-55.4466],"tipVelocity":[-21.0706,-31.8539,-117.472],"tool":false,"touchDistance":0.333333,"touchZone":"none","type":2,"width":17.4211},{"bases":[[[0.907952,-0.39766,0.132249],[0.321868,0.863806,0.387609],[-0.268374,-0.309364,0.912288]],[[0.895174,-0.410972,0.172527],[0.388215,0.528736,-0.754803],[0.218982,0.742657,0.632856]],[[0.895174,-0.410972,0.172527],[0.00346257,-0.380653,-0.924711],[0.445704,0.828375,-0.339328]],[[0.895174,-0.410972,0.172527],[-0.20711,-0.726283,-0.655453],[0.394676,0.551012,-0.735266]]],"btipPosition":[-33.2653,254.355,-40.9852],"carpPosition":[-21.6244,297.498,16.1311],"dipPosition":[-26.503,263.796,-53.5831],"direction":[-0.445704,-0.828375,0.339328],"extended":false,"handId":239,"id":2393,"length":59.0831,"mcpPosition":[-6.20818,315.269,-36.2735],"pipPosition":[-15.1805,284.84,-62.2033],"stabilizedTipPosition":[-55.7219,256.001,108.568],"timeVisible":1.17487,"tipPosition":[-31.3705,256.778,-45.0437],"tipVelocity":[-26.3226,-30.5595,-113.094],"tool":false,"touchDistance":0.333333,"touchZone":"none","type":3,"width":16.5772},{"bases":[[[0.805042,-0.568016,0.171073],[0.434186,0.760692,0.482526],[-0.404216,-0.314176,0.859013]],[[0.73061,-0.61071,0.305355],[0.633462,0.439358,-0.636938],[0.254824,0.658785,0.707861]],[[0.73061,-0.61071,0.305355],[0.0928137,-0.354234,-0.930539],[0.676457,0.708203,-0.202125]],[[0.73061,-0.61071,0.305355],[-0.240231,-0.648536,-0.722282],[0.639139,0.45435,-0.620538]]],"btipPosition":[-20.9152,264.249,-39.4168],"carpPosition":[-11.9107,288.788,15.7794],"dipPosition":[-10.8125,271.43,-49.2255],"direction":[-0.676457,-0.708203,0.202125],"extended":false,"handId":239,"id":2394,"length":46.32,"mcpPosition":[9.58328,305.494,-29.898],"pipPosition":[1.32045,284.133,-52.8508],"stabilizedTipPosition":[-40.5049,262.9,113.552],"timeVisible":1.17487,"tipPosition":[-18.22,265.989,-42.1821],"tipVelocity":[-21.4831,-30.0181,-130.262],"tool":false,"touchDistance":0.333333,"touchZone":"none","type":4,"width":14.7252}],"r":[[0.814773,-0.31024,0.489793],[0.227559,0.94812,0.222004],[-0.533257,-0.0694257,0.8431]],"s":1.0057,"t":[77.405,95.2388,-215.872],"timestamp":2885872512},false],[6,{"currentFrameRate":101.641,"devices":[],"gestures":[],"hands":[{"armBasis":[[0.95452,0.080177,-0.287162],[0.0849295,0.850138,0.519666],[0.285793,-0.52042,0.804665]],"armWidth":58.4334,"confidence":0.464203,"direction":[0.166859,0.463611,-0.870185],"elbow":[43.2376,156.957,219.139],"grabStrength":0,"id":239,"palmNormal":[-0.0923438,-0.871331,-0.481928],"palmPosition":[-26.4895,306.442,-25.8124],"palmVelocity":[-14.692,-22.8139,-125.066],"palmWidth":83.4409,"pinchStrength":0.824884,"r":[[0.812368,-0.311377,0.493054],[0.229076,0.947938,0.221219],[-0.536267,-0.0667644,0.841404]],"s":1.00747,"sphereCenter":[-41.4752,288.976,-60.4794],"sphereRadius":43.2895,"stabilizedPalmPosition":[-42.2776,303.679,136.425],"t":[77.1796,94.8958,-217.404],"timeVisible":1.18381,"type":"right","wrist":[-27.5245,285.812,19.9053]}],"id":277265,"interactionBox":{"center":[0,200,0],"size":[235.247,235.247,147.751]},"pointables":[{"bases":[[[0.510167,0.805114,0.302525],[-0.813845,0.338127,0.472574],[0.278183,-0.4873,0.827739]],[[0.388606,0.92135,0.0100128],[-0.898451,0.376493,0.225919],[0.20438,-0.0967894,0.974095]],[[0.388606,0.92135,0.0100128],[-0.877384,0.373338,-0.301357],[-0.281393,0.108324,0.953459]],[[0.388606,0.92135,0.0100128],[-0.798337,0.342108,-0.495601],[-0.460047,0.1846,0.868493]]],"btipPosition":[-45.3097,277.013,-77.8601],"carpPosition":[-54.6257,279.931,15.1813],"dipPosition":[-55.1832,280.975,-59.2206],"direction":[0.281393,-0.108324,-0.953459],"extended":false,"handId":239,"id":2390,"length":47.7925,"mcpPosition":[-54.6257,279.931,15.1813],"pipPosition":[-63.9815,284.362,-29.409],"stabilizedTipPosition":[-81.7383,279.157,91.9598],"timeVisible":1.18381,"tipPosition":[-48.2268,278.227,-73.5256],"tipVelocity":[-5.84879,-34.1959,-119.014],"tool":false,"touchDistance":-0.564999,"touchZone":"touching","type":0,"width":18.5699},{"bases":[[[0.995727,-0.0806468,-0.0449842],[0.0912732,0.933491,0.34679],[0.0140248,-0.349415,0.936863]],[[0.995469,-0.0948463,-0.00669422],[0.0883014,0.896072,0.435038],[-0.0352632,-0.433658,0.900387]],[[0.995469,-0.0948463,-0.00669422],[0.0921038,0.944409,0.315607],[-0.023612,-0.314793,0.948866]],[[0.995469,-0.0948463,-0.00669422],[0.0940931,0.972541,0.212864],[-0.0136789,-0.212529,0.977059]]],"btipPosition":[-42.8913,349.881,-118.977],"carpPosition":[-44.0721,298.915,16.0426],"dipPosition":[-43.1057,346.551,-103.669],"direction":[0.023612,0.314793,-0.948866],"extended":true,"handId":239,"id":2391,"length":53.9285,"mcpPosition":[-45.0183,322.489,-47.1636],"pipPosition":[-43.629,339.574,-82.637],"stabilizedTipPosition":[-79.5103,333.05,39.9465],"timeVisible":1.18381,"tipPosition":[-42.6723,347.686,-115.87],"tipVelocity":[6.67342,-21.3669,-131.448],"tool":false,"touchDistance":-0.554953,"touchZone":"touching","type":1,"width":17.738},{"bases":[[[0.95822,-0.28506,0.0235473],[0.258584,0.89852,0.354677],[-0.122262,-0.33377,0.934692]],[[0.955996,-0.29071,0.0394798],[0.219496,0.619451,-0.753726],[0.19466,0.729225,0.656002]],[[0.955996,-0.29071,0.0394798],[-0.0601532,-0.325942,-0.943474],[0.287145,0.899583,-0.329086]],[[0.955996,-0.29071,0.0394798],[-0.192353,-0.722707,-0.663849],[0.22152,0.627043,-0.746824]]],"btipPosition":[-44.902,254.518,-51.7705],"carpPosition":[-32.8147,299.66,15.5754],"dipPosition":[-41.0846,265.323,-64.6404],"direction":[-0.287145,-0.899583,0.329086],"extended":false,"handId":239,"id":2392,"length":61.4471,"mcpPosition":[-24.9924,321.015,-44.2258],"pipPosition":[-33.5966,288.782,-73.222],"stabilizedTipPosition":[-72.2843,259.175,102.817],"timeVisible":1.18381,"tipPosition":[-43.8422,257.422,-55.9954],"tipVelocity":[-19.5718,-30.9018,-102.475],"tool":false,"touchDistance":0.333333,"touchZone":"none","type":2,"width":17.4211},{"bases":[[[0.907546,-0.397988,0.134034],[0.322355,0.86476,0.385069],[-0.26916,-0.306261,0.913103]],[[0.894762,-0.411137,0.174264],[0.388729,0.525107,-0.757068],[0.219751,0.745137,0.629666]],[[0.894762,-0.411137,0.174264],[0.00325222,-0.38424,-0.923227],[0.446532,0.826635,-0.342466]],[[0.894762,-0.411137,0.174264],[-0.207464,-0.728319,-0.653077],[0.395424,0.548195,-0.736969]]],"btipPosition":[-33.4282,254.128,-41.4945],"carpPosition":[-21.7671,297.457,15.429],"dipPosition":[-26.6531,263.52,-54.1216],"direction":[-0.446532,-0.826635,0.342466],"extended":false,"handId":239,"id":2393,"length":59.0831,"mcpPosition":[-6.30572,315.05,-37.0223],"pipPosition":[-15.3095,284.52,-62.8215],"stabilizedTipPosition":[-55.7218,256.001,108.567],"timeVisible":1.18381,"tipPosition":[-31.5322,256.535,-45.5501],"tipVelocity":[-24.0155,-29.503,-97.952],"tool":false,"touchDistance":0.333333,"touchZone":"none","type":3,"width":16.5772},{"bases":[[[0.804473,-0.568136,0.173335],[0.434533,0.761853,0.480376],[-0.404975,-0.311129,0.859764]],[[0.729813,-0.610392,0.307887],[0.634328,0.43665,-0.637938],[0.254953,0.660877,0.705862]],[[0.729813,-0.610392,0.307887],[0.0931972,-0.357326,-0.929318],[0.677264,0.706923,-0.203894]],[[0.729813,-0.610392,0.307887],[-0.240235,-0.650616,-0.720407],[0.640047,0.451797,-0.621466]]],"btipPosition":[-21.0575,264.033,-40.0144],"carpPosition":[-12.0603,288.739,15.1106],"dipPosition":[-10.9405,271.174,-49.8378],"direction":[-0.677264,-0.706923,0.203894],"extended":false,"handId":239,"id":2394,"length":46.32,"mcpPosition":[9.47396,305.283,-30.6069],"pipPosition":[1.20696,283.853,-53.4948],"stabilizedTipPosition":[-40.5049,262.9,113.552],"timeVisible":1.18381,"tipPosition":[-18.3594,265.762,-42.7797],"tipVelocity":[-19.859,-28.6937,-113.025],"tool":false,"touchDistance":0.33