{"sensorType":"Leap","data":[[0,{"currentFrameRate":110.669,"devices":[],"gestures":[],"hands":[{"armBasis":[[0.919793,-0.0923437,-0.381384],[0.254303,0.880473,0.400122],[0.29885,-0.465017,0.833336]],"armWidth":58.4334,"confidence":0.601252,"direction":[0.171213,0.579873,-0.796513],"elbow":[37.0094,158.536,229.601],"grabStrength":0,"id":232,"palmNormal":[-0.220187,-0.765482,-0.604612],"palmPosition":[-36.0923,301.306,-18.5944],"palmVelocity":[48.4445,93.3053,-220.48],"palmWidth":83.4409,"pinchStrength":0.719767,"r":[[0.822588,0.0193707,0.568308],[-0.0406336,0.998867,0.0247682],[-0.567184,-0.0434664,0.822443]],"s":1.06618,"sphereCenter":[-45.1957,284.019,-55.9869],"sphereRadius":42.5219,"stabilizedPalmPosition":[-52.5093,277.535,30.3087],"t":[101.89,123.791,-176.675],"timeVisible":0.442874,"type":"right","wrist":[-36.9855,273.673,23.2676]}],"id":274264,"interactionBox":{"center":[0,200,0],"size":[235.247,235.247,147.751]},"pointables":[{"bases":[[[0.616779,0.685591,0.386715],[-0.741203,0.340487,0.578522],[0.264958,-0.643454,0.718167]],[[0.488412,0.864761,0.116801],[-0.794719,0.38553,0.468817],[0.360384,-0.3218,0.875539]],[[0.488412,0.864761,0.116801],[-0.859637,0.499817,-0.105867],[-0.149929,-0.0487003,0.987497]],[[0.488412,0.864761,0.116801],[-0.751308,0.484812,-0.447765],[-0.443837,0.13094,0.886489]]],"btipPosition":[-67.0925,285.007,-70.2897],"carpPosition":[-64.8089,271.564,19.6907],"dipPosition":[-76.618,287.817,-51.2639],"direction":[0.149929,0.0487003,-0.987497],"extended":false,"handId":232,"id":2320,"length":47.7925,"mcpPosition":[-64.8089,271.564,19.6907],"pipPosition":[-81.3058,286.294,-20.3881],"stabilizedTipPosition":[-92.7769,259.659,-13.3565],"timeVisible":0.442874,"tipPosition":[-68.7963,284.336,-66.0475],"tipVelocity":[80.894,97.3261,-224.639],"tool":false,"touchDistance":-0.677168,"touchZone":"hovering","type":0,"width":18.5699},{"bases":[[[0.975428,-0.177578,-0.130404],[0.21887,0.848757,0.48136],[0.0252025,-0.498074,0.866768]],[[0.974852,-0.211412,-0.0704861],[0.221149,0.8787,0.42306],[-0.0275036,-0.428008,0.903356]],[[0.974852,-0.211412,-0.0704861],[0.222836,0.920964,0.31964],[-0.00266049,-0.327309,0.944914]],[[0.974852,-0.211412,-0.0704861],[0.222212,0.946107,0.235592],[0.0168804,-0.245331,0.969292]]],"btipPosition":[-52.9002,350.481,-107.457],"carpPosition":[-52.0779,288.917,22.7411],"dipPosition":[-52.6357,346.637,-92.2705],"direction":[0.00266049,0.327309,-0.944914],"extended":true,"handId":232,"id":2321,"length":53.9285,"mcpPosition":[-53.7782,322.52,-35.7361],"pipPosition":[-52.6947,339.382,-71.3265],"stabilizedTipPosition":[-63.9803,336.711,-75.785],"timeVisible":0.442874,"tipPosition":[-52.3637,347.964,-104.411],"tipVelocity":[79.6413,69.2481,-254.49],"tool":false,"touchDistance":-0.654161,"touchZone":"hovering","type":1,"width":17.738},{"bases":[[[0.918166,-0.38531,-0.0922388],[0.381127,0.795375,0.471297],[-0.108231,-0.467883,0.877138]],[[0.917204,-0.389306,-0.0847186],[0.235054,0.700438,-0.673896],[0.321692,0.598187,0.733953]],[[0.917204,-0.389306,-0.0847186],[-0.220813,-0.31972,-0.921423],[0.331629,0.86384,-0.379213]],[[0.917204,-0.389306,-0.0847186],[-0.366968,-0.742681,-0.560142],[0.155148,0.544854,-0.824053]]],"btipPosition":[-59.4703,260.106,-42.9034],"carpPosition":[-40.8541,288.527,21.5677],"dipPosition":[-56.7967,269.495,-57.1042],"direction":[-0.331629,-0.86384,0.379213],"extended":false,"handId":232,"id":2322,"length":61.4471,"mcpPosition":[-33.9295,318.462,-34.5513],"pipPosition":[-48.1488,292.021,-66.993],"stabilizedTipPosition":[-87.5059,233.82,20.0036],"timeVisible":0.442874,"tipPosition":[-58.8364,262.183,-45.6354],"tipVelocity":[100.436,53.8313,-198.932],"tool":false,"touchDistance":0.333333,"touchZone":"none","type":2,"width":17.4211},{"bases":[[[0.86087,-0.508819,0.00258051],[0.442108,0.750493,0.491224],[-0.25188,-0.421739,0.87103]],[[0.86112,-0.508399,0.00171415],[0.356478,0.601387,-0.715023],[0.362486,0.616331,0.699099]],[[0.86112,-0.508399,0.00171415],[-0.218722,-0.373508,-0.901472],[0.458948,0.775901,-0.432834]],[[0.86112,-0.508399,0.00171415],[-0.429309,-0.728956,-0.533214],[0.272335,0.458425,-0.845979]]],"btipPosition":[-46.8732,256.624,-32.9252],"carpPosition":[-30.1649,285.216,20.2628],"dipPosition":[-42.2071,264.479,-47.4201],"direction":[-0.458948,-0.775901,0.432834],"extended":false,"handId":232,"id":2323,"length":59.0831,"mcpPosition":[-15.6961,309.442,-29.7717],"pipPosition":[-30.5481,284.19,-58.4157],"stabilizedTipPosition":[-69.3487,233.884,15.7835],"timeVisible":0.442874,"tipPosition":[-45.7324,258.404,-36.3797],"tipVelocity":[91.1201,69.0732,-165.32],"tool":false,"touchDistance":0.333333,"touchZone":"none","type":3,"width":16.5772},{"bases":[[[0.740969,-0.671173,0.0221753],[0.546621,0.621989,0.560656],[-0.39009,-0.403307,0.827752]],[[0.68479,-0.717374,0.128204],[0.586782,0.43847,-0.680757],[0.432144,0.541404,0.721202]],[[0.68479,-0.717374,0.128204],[-0.206413,-0.359661,-0.909966],[0.698896,0.596673,-0.394368]],[[0.68479,-0.717374,0.128204],[-0.539896,-0.617584,-0.571928],[0.489463,0.322434,-0.810224]]],"btipPosition":[-35.1182,263.778,-29.6558],"carpPosition":[-21.5762,275.686,17.8644],"dipPosition":[-27.3814,268.875,-42.4628],"direction":[-0.698896,-0.596673,0.394368],"extended":false,"handId":232,"id":2324,"length":46.32,"mcpPosition":[-0.833433,297.132,-26.1508],"pipPosition":[-14.846,279.577,-49.5362],"stabilizedTipPosition":[-53.999,241.951,15.0564],"timeVisible":0.442874,"tipPosition":[-33.3671,264.943,-32.0355],"tipVelocity":[84.79,83.4835,-184.219],"tool":false,"touchDistance":0.333333,"touchZone":"none","type":4,"width":14.7252}],"r":[[0.822588,0.0193707,0.568308],[-0.0406336,0.998867,0.0247682],[-0.567184,-0.0434664,0.822443]],"s":1.06618,"t":[101.89,123.791,-176.675],"timestamp":2858196287},false],[1,{"currentFrameRate":110.674,"devices":[],"gestures":[],"hands":[{"armBasis":[[0.92317,-0.0893593,-0.373862],[0.248668,0.880507,0.403574],[0.293125,-0.465534,0.835078]],"armWidth":58.4334,"confidence":0.611909,"direction":[0.175834,0.573064,-0.800425],"elbow":[35.8027,159.091,228.945],"grabStrength":0,"id":232,"palmNormal":[-0.214571,-0.771232,-0.5993],"palmPosition":[-35.6335,301.617,-19.9191],"palmVelocity":[49.0977,77.1011,-200.176],"palmWidth":83.4409,"pinchStrength":0.702929,"r":[[0.817706,0.0269679,0.575004],[-0.0454253,0.99881,0.0177542],[-0.573841,-0.0406375,0.817958]],"s":1.07114,"sphereCenter":[-45.0068,284.362,-57.1487],"sphereRadius":42.5799,"stabilizedPalmPosition":[-52.2448,277.912,29.5214],"t":[102.313,124.299,-178.257],"timeVisible":0.451902,"type":"right","wrist":[-36.7747,274.357,22.1803]}],"id":274265,"interactionBox":{"center":[0,200,0],"size":[235.247,235.247,147.751]},"pointables":[{"bases":[[[0.612833,0.69012,0.38493],[-0.745869,0.344288,0.570216],[0.26099,-0.636554,0.725729]],[[0.488906,0.864371,0.117617],[-0.795372,0.386326,0.467051],[0.358267,-0.321894,0.876373]],[[0.488906,0.864371,0.117617],[-0.858836,0.500573,-0.108752],[-0.152878,-0.0478443,0.987086]],[[0.488906,0.864371,0.117617],[-0.748083,0.484793,-0.453153],[-0.448713,0.133562,0.883639]]],"btipPosition":[-66.5582,285.529,-71.5184],"carpPosition":[-64.5684,272.165,18.4261],"dipPosition":[-76.1884,288.396,-52.5539],"direction":[0.152878,0.0478443,-0.987086],"extended":false,"handId":232,"id":2320,"length":47.7925,"mcpPosition":[-64.5684,272.165,18.4261],"pipPosition":[-80.9684,286.9,-21.6908],"stabilizedTipPosition":[-92.1752,260.324,-14.7051],"timeVisible":0.451902,"tipPosition":[-68.2272,284.823,-67.3068],"tipVelocity":[74.1815,86.8636,-200.695],"tool":false,"touchDistance":-0.656428,"touchZone":"hovering","type":0,"width":18.5699},{"bases":[[[0.976634,-0.176973,-0.121927],[0.213981,0.853403,0.475305],[0.0199369,-0.490289,0.871332]],[[0.975873,-0.208377,-0.0651984],[0.216175,0.880189,0.422535],[-0.0306596,-0.426435,0.903999]],[[0.975873,-0.208377,-0.0651984],[0.21825,0.922478,0.318435],[-0.00621051,-0.324982,0.9457]],[[0.975873,-0.208377,-0.0651984],[0.217946,0.947578,0.233655],[0.0130922,-0.242228,0.970131]]],"btipPosition":[-52.0942,350.444,-109.151],"carpPosition":[-51.8896,289.568,21.4114],"dipPosition":[-51.8891,346.649,-93.9509],"direction":[0.00621051,0.324982,-0.9457],"extended":true,"handId":232,"id":2321,"length":53.9285,"mcpPosition":[-53.2347,322.645,-37.3737],"pipPosition":[-52.0267,339.446,-72.9894],"stabilizedTipPosition":[-63.6563,337.06,-76.5959],"timeVisible":0.451902,"tipPosition":[-51.5546,347.949,-106.095],"tipVelocity":[81.8769,49.4069,-235.977],"tool":false,"touchDistance":-0.642435,"touchZone":"hovering","type":1,"width":17.738},{"bases":[[[0.919465,-0.38446,-0.0823152],[0.376398,0.800227,0.466863],[-0.113619,-0.460248,0.88049]],[[0.918442,-0.388445,-0.0746603],[0.237844,0.693142,-0.680429],[0.316059,0.607178,0.729001]],[[0.918442,-0.388445,-0.0746603],[-0.214786,-0.331251,-0.918771],[0.33216,0.859874,-0.387667]],[[0.918442,-0.388445,-0.0746603],[-0.362144,-0.749829,-0.553723],[0.159108,0.5356,-0.829347]]],"btipPosition":[-58.7617,260.143,-43.8342],"carpPosition":[-40.6571,289.188,20.3207],"dipPosition":[-56.0198,269.373,-58.1263],"direction":[-0.33216,-0.859874,0.387667],"extended":false,"handId":232,"id":2322,"length":61.4471,"mcpPosition":[-33.3878,318.634,-36.0127],"pipPosition":[-47.358,291.796,-68.2355],"stabilizedTipPosition":[-86.9623,234.346,18.7614],"timeVisible":0.451902,"tipPosition":[-58.1169,262.204,-46.6889],"tipVelocity":[94.8724,39.0384,-173.19],"tool":false,"touchDistance":0.333333,"touchZone":"none","type":2,"width":17.4211},{"bases":[[[0.861715,-0.507222,0.013195],[0.437314,0.755635,0.487619],[-0.257302,-0.414419,0.872957]],[[0.861885,-0.506947,0.0126167],[0.357033,0.588966,-0.725015],[0.360113,0.629384,0.688617]],[[0.861885,-0.506947,0.0126167],[-0.216663,-0.390626,-0.894689],[0.458488,0.768385,-0.446512]],[[0.861885,-0.506947,0.0126167],[-0.426536,-0.738182,-0.522641],[0.274265,0.445075,-0.85246]]],"btipPosition":[-46.2743,256.757,-33.2898],"carpPosition":[-29.9531,285.885,19.121],"dipPosition":[-41.5751,264.383,-47.8957],"direction":[-0.458488,-0.768385,0.446512],"extended":false,"handId":232,"id":2323,"length":59.0831,"mcpPosition":[-15.173,309.69,-31.0242],"pipPosition":[-29.9278,283.903,-59.2388],"stabilizedTipPosition":[-68.5808,234.666,14.1168],"timeVisible":0.451902,"tipPosition":[-45.1105,258.515,-36.9706],"tipVelocity":[84.5313,52.501,-131.703],"tool":false,"touchDistance":0.333333,"touchZone":"none","type":3,"width":16.5772},{"bases":[[[0.741961,-0.669611,0.0333901],[0.541557,0.627943,0.558931],[-0.395233,-0.396623,0.828542]],[[0.685321,-0.714837,0.13908],[0.586687,0.428806,-0.686967],[0.431431,0.552389,0.713255]],[[0.685321,-0.714837,0.13908],[-0.206201,-0.373641,-0.904364],[0.698438,0.591101,-0.403464]],[[0.685321,-0.714837,0.13908],[-0.538186,-0.625805,-0.564556],[0.490602,0.312052,-0.813593]]],"btipPosition":[-34.5863,263.993,-30.2198],"carpPosition":[-21.3311,276.349,16.8683],"dipPosition":[-26.8315,268.926,-43.08],"direction":[-0.698438,-0.591101,0.403464],"extended":false,"handId":232,"id":2324,"length":46.32,"mcpPosition":[-0.314866,297.439,-27.1889],"pipPosition":[-14.3043,279.528,-50.3166],"stabilizedTipPosition":[-53.3758,242.632,13.6382],"timeVisible":0.451902,"tipPosition":[-32.7956,265.136,-32.8075],"tipVelocity":[77.7935,65.9143,-151.074],"tool":false,"touchDistance":0.333333,"touchZone":"none","type":4,"width":14.7252}],"r":[[0.817706,0.0269679,0.575004],[-0.0454253,0.99881,0.0177542],[-0.573841,-0.0406375,0.817958]],"s":1.07114,"t":[102.313,124.299,-178.257],"timestamp":2858205315},false],[2,{"currentFrameRate":110.625,"devices":[],"gestures":[],"hands":[{"armBasis":[[0.926157,-0.0847414,-0.367495],[0.242517,0.880065,0.408253],[0.288824,-0.46723,0.83563]],"armWidth":58.4334,"confidence":0.614656,"direction":[0.179148,0.567426,-0.8037],"elbow":[35.0306,159.304,228.149],"grabStrength":0,"id":232,"palmNormal":[-0.208925,-0.776341,-0.594681],"palmPosition":[-35.1586,301.932,-21.0507],"palmVelocity":[49.9165,65.2787,-179.018],"palmWidth":83.4409,"pinchStrength":0.683843,"r":[[0.813017,0.0343758,0.581225],[-0.0497577,0.998706,0.0105339],[-0.58011,-0.0374846,0.813675]],"s":1.07667,"sphereCenter":[-44.8707,284.831,-58.1019],"sphereRadius":42.6344,"stabilizedPalmPosition":[-51.9986,278.259,28.7928],"t":[102.762,124.711,-179.613],"timeVisible":0.461027,"type":"right","wrist":[-36.4819,274.99,21.2477]}],"id":274266,"interactionBox":{"center":[0,200,0],"size":[235.247,235.247,147.751]},"pointables":[{"bases":[[[0.608684,0.694666,0.383332],[-0.750196,0.346619,0.563082],[0.258284,-0.630313,0.732117]],[[0.488096,0.864783,0.117953],[-0.796219,0.385836,0.466011],[0.357488,-0.321375,0.876881]],[[0.488096,0.864783,0.117953],[-0.858733,0.499986,-0.112208],[-0.15601,-0.0465221,0.986659]],[[0.488096,0.864783,0.117953],[-0.744642,0.483106,-0.460561],[-0.455269,0.136965,0.879756]]],"btipPosition":[-65.9621,285.922,-72.5278],"carpPosition":[-64.2466,272.695,17.3433],"dipPosition":[-75.733,288.861,-53.6466],"direction":[0.15601,0.0465221,-0.986659],"extended":false,"handId":232,"id":2320,"length":47.7925,"mcpPosition":[-64.2466,272.695,17.3433],"pipPosition":[-80.611,287.407,-22.7969],"stabilizedTipPosition":[-91.5884,260.967,-16.0145],"timeVisible":0.461027,"tipPosition":[-67.6323,285.222,-68.3598],"tipVelocity":[70.7367,75.1886,-176.253],"tool":false,"touchDistance":-0.634546,"touchZone":"hovering","type":0,"width":18.5699},{"bases":[[[0.977814,-0.175281,-0.114704],[0.208867,0.857565,0.470061],[0.015973,-0.48359,0.875149]],[[0.976967,-0.204454,-0.0611066],[0.210851,0.88088,0.423782],[-0.0328162,-0.426906,0.9037]],[[0.976967,-0.204454,-0.0611066],[0.213204,0.923295,0.319483],[-0.00890007,-0.325153,0.94562]],[[0.976967,-0.204454,-0.0611066],[0.213153,0.948503,0.234324],[0.0100515,-0.241952,0.970236]]],"btipPosition":[-51.3768,350.597,-110.536],"carpPosition":[-51.6318,290.154,20.272],"dipPosition":[-51.2193,346.806,-95.3343],"direction":[0.00890007,0.325153,-0.94562],"extended":true,"handId":232,"id":2321,"length":53.9285,"mcpPosition":[-52.7094,322.78,-38.7706],"pipPosition":[-51.4165,339.599,-74.3745],"stabilizedTipPosition":[-63.3686,337.356,-77.3071],"timeVisible":0.461027,"tipPosition":[-50.8458,348.096,-107.481],"tipVelocity":[80.6394,40.3597,-212.576],"tool":false,"touchDistance":-0.627295,"touchZone":"hovering","type":1,"width":17.738},{"bases":[[[0.920952,-0.382613,-0.0738555],[0.371471,0.80476,0.463002],[-0.117715,-0.453838,0.883275]],[[0.91987,-0.386629,-0.0660079],[0.237879,0.683742,-0.689863],[0.311853,0.618883,0.720924]],[[0.91987,-0.386629,-0.0660079],[-0.211136,-0.346282,-0.914063],[0.330545,0.854756,-0.400165]],[[0.91987,-0.386629,-0.0660079],[-0.357885,-0.758506,-0.544598],[0.16049,0.524583,-0.836095]]],"btipPosition":[-58.0304,260.147,-44.2821],"carpPosition":[-40.392,289.796,19.2518],"dipPosition":[-55.2647,269.187,-58.6905],"direction":[-0.330545,-0.854756,0.400165],"extended":false,"handId":232,"id":2322,"length":61.4471,"mcpPosition":[-32.8607,318.832,-37.2598],"pipPosition":[-46.645,291.477,-69.1256],"stabilizedTipPosition":[-86.3672,234.908,17.4259],"timeVisible":0.461027,"tipPosition":[-57.3791,262.212,-47.3813],"tipVelocity":[90.9487,26.9909,-139.527],"tool":false,"touchDistance":0.333333,"touchZone":"none","type":2,"width":17.4211},{"bases":[[[0.86295,-0.504799,0.0222391],[0.432378,0.76049,0.484463],[-0.261469,-0.408452,0.874529]],[[0.863051,-0.504641,0.0219017],[0.357705,0.579992,-0.731886],[0.356637,0.639489,0.681076]],[[0.863051,-0.504641,0.0219017],[-0.213566,-0.403853,-0.889546],[0.457747,0.763047,-0.45632]],[[0.863051,-0.504641,0.0219017],[-0.423055,-0.74585,-0.514521],[0.275984,0.434793,-0.857198]]],"btipPosition":[-45.6223,256.94,-33.7202],"carpPosition":[-29.6723,286.513,18.1416],"dipPosition":[-40.8936,264.39,-48.4073],"direction":[-0.457747,-0.763047,0.45632],"extended":false,"handId":232,"id":2323,"length":59.0831,"mcpPosition":[-14.6528,309.975,-32.094],"pipPosition":[-29.2652,283.774,-59.9995],"stabilizedTipPosition":[-67.7189,235.526,12.281],"timeVisible":0.461027,"tipPosition":[-44.445,258.667,-37.5344],"tipVelocity":[81.1042,42.2531,-108.786],"tool":false,"touchDistance":0.333333,"touchZone":"none","type":3,"width":16.5772},{"bases":[[[0.743505,-0.667349,0.0429518],[0.536524,0.633624,0.557371],[-0.399176,-0.391364,0.829152]],[[0.686848,-0.711613,0.147809],[0.582155,0.416901,-0.698061],[0.435127,0.565509,0.700617]],[[0.686848,-0.711613,0.147809],[-0.211639,-0.390381,-0.895998],[0.695305,0.584132,-0.418737]],[[0.686848,-0.711613,0.147809],[-0.538853,-0.635062,-0.553474],[0.487727,0.300505,-0.819645]]],"btipPosition":[-34.0756,264.23,-30.3276],"carpPosition":[-21.0119,276.983,16.0135],"dipPosition":[-26.3662,268.98,-43.2835],"direction":[-0.695305,-0.584132,0.418737],"extended":false,"handId":232,"id":2324,"length":46.32,"mcpPosition":[0.214095,297.794,-28.0761],"pipPosition":[-13.8951,279.457,-50.794],"stabilizedTipPosition":[-52.6912,243.369,12.1132],"timeVisible":0.461027,"tipPosition":[-32.233,265.351,-33.2258],"tipVelocity":[71.4132,53.5296,-113.056],"tool":false,"touchDistance":0.333333,"touchZone":"none","type":4,"width":14.7252}],"r":[[0.813017,0.0343758,0.581225],[-0.0497577,0.998706,0.0105339],[-0.58011,-0.0374846,0.813675]],"s":1.07667,"t":[102.762,124.711,-179.613],"timestamp":2858214440},false],[3,{"currentFrameRate":110.644,"devices":[],"gestures":[],"hands":[{"armBasis":[[0.929782,-0.073695,-0.360658],[0.231234,0.879255,0.416464],[0.286419,-0.470617,0.834556]],"armWidth":58.4334,"confidence":0.540016,"direction":[0.182297,0.563566,-0.805705],"elbow":[34.6724,159.549,226.479],"grabStrength":0,"id":232,"palmNormal":[-0.198484,-0.781474,-0.591526],"palmPosition":[-34.7353,302.757,-22.6115],"palmVelocity":[49.1177,72.5159,-177.454],"palmWidth":83.4409,"pinchStrength":0.670976,"r":[[0.808133,0.04216,0.587489],[-0.0545461,0.998506,0.00337631],[-0.586468,-0.0347737,0.809225]],"s":1.08295,"sphereCenter":[-44.791,285.971,-59.4677],"sphereRadius":42.6968,"stabilizedPalmPosition":[-51.7664,278.588,28.1014],"t":[103.199,125.329,-181.072],"timeVisible":0.470032,"type":"right","wrist":[-36.2446,276.073,19.8441]}],"id":274267,"interactionBox":{"center":[0,200,0],"size":[235.247,235.247,147.751]},"pointables":[{"bases":[[[0.600611,0.701198,0.384172],[-0.757397,0.345032,0.554349],[0.256157,-0.623918,0.738315]],[[0.482561,0.867707,0.119245],[-0.800737,0.381895,0.461494],[0.354902,-0.318183,0.879093]],[[0.482561,0.867707,0.119245],[-0.860406,0.495096,-0.120756],[-0.163818,-0.0443274,0.985494]],[[0.482561,0.867707,0.119245],[-0.739182,0.476497,-0.475984],[-0.469835,0.141547,0.871332]]],"btipPosition":[-64.9985,286.478,-74.0411],"carpPosition":[-63.958,273.565,15.714],"dipPosition":[-75.082,289.516,-55.3407],"direction":[0.163818,0.0443274,-0.985494],"extended":false,"handId":232,"id":2320,"length":47.7925,"mcpPosition":[-63.958,273.565,15.714],"pipPosition":[-80.2041,288.13,-24.5274],"stabilizedTipPosition":[-91.0097,261.592,-17.2957],"timeVisible":0.470032,"tipPosition":[-66.7609,285.836,-69.9495],"tipVelocity":[78.508,72.2014,-175.269],"tool":false,"touchDistance":-0.622748,"touchZone":"hovering","type":0,"width":18.5699},{"bases":[[[0.979938,-0.169328,-0.105112],[0.198961,0.861909,0.466397],[0.0116229,-0.477954,0.878308]],[[0.979006,-0.196319,-0.0548351],[0.20068,0.881186,0.428063],[-0.035717,-0.430081,0.902084]],[[0.979006,-0.196319,-0.0548351],[0.203425,0.924002,0.323786],[-0.0128977,-0.328144,0.94454]],[[0.979006,-0.196319,-0.0548351],[0.203765,0.94956,0.23836],[0.00527465,-0.244529,0.969628]]],"btipPosition":[-50.6614,351.422,-112.283],"carpPosition":[-51.4876,291.127,18.6409],"dipPosition":[-50.5787,347.591,-97.0909],"direction":[0.0128977,0.328144,-0.94454],"extended":true,"handId":232,"id":2321,"length":53.9285,"mcpPosition":[-52.2718,323.373,-40.6148],"pipPosition":[-50.8646,340.317,-76.1551],"stabilizedTipPosition":[-63.1079,337.626,-77.952],"timeVisible":0.470032,"tipPosition":[-50.1473,348.888,-109.241],"tipVelocity":[79.7859,54.1495,-207.543],"tool":false,"touchDistance":-0.619138,"touchZone":"hovering","type":1,"width":17.738},{"bases":[[[0.924127,-0.376782,-0.0634422],[0.361974,0.810171,0.461082],[-0.122328,-0.449063,0.885087]],[[0.922971,-0.380866,-0.0553579],[0.236927,0.675629,-0.698134],[0.303297,0.631242,0.713824]],[[0.922971,-0.380866,-0.0553579],[-0.20374,-0.361488,-0.909844],[0.326518,0.851039,-0.411241]],[[0.922971,-0.380866,-0.0553579],[-0.349133,-0.768039,-0.536863],[0.161956,0.514837,-0.841851]]],"btipPosition":[-57.1224,260.604,-45.2276],"carpPosition":[-40.2372,290.84,17.7204],"dipPosition":[-54.3315,269.476,-59.7351],"direction":[-0.326518,-0.851039,0.411241],"extended":false,"handId":232,"id":2322,"length":61.4471,"mcpPosition":[-32.4107,319.571,-38.9071],"pipPosition":[-45.8168,291.669,-70.4591],"stabilizedTipPosition":[-85.6967,235.53,15.9454],"timeVisible":0.470032,"tipPosition":[-56.4624,262.672,-48.56],"tipVelocity":[93.8393,32.3275,-130.736],"tool":false,"touchDistance":0.333333,"touchZone":"none","type":2,"width":17.4211},{"bases":[[[0.866119,-0.498753,0.0329204],[0.42299,0.766454,0.483351],[-0.266305,-0.404714,0.874807]],[[0.866099,-0.498784,0.032986],[0.352718,0.563041,-0.747378],[0.354208,0.658938,0.66358]],[[0.866099,-0.498784,0.032986],[-0.213607,-0.428956,-0.877706],[0.451935,0.753134,-0.478062]],[[0.866099,-0.498784,0.032986],[-0.418277,-0.759274,-0.498545],[0.273712,0.417992,-0.866236]]],"btipPosition":[-44.8723,257.578,-33.7297],"carpPosition":[-29.4863,287.622,16.724],"dipPosition":[-40.1826,264.74,-48.5717],"direction":[-0.451935,-0.753134,0.478062],"extended":false,"handId":232,"id":2323,"length":59.0831,"mcpPosition":[-14.189,310.87,-33.5276],"pipPosition":[-28.7018,283.872,-60.7162],"stabilizedTipPosition":[-66.6298,236.605,10.031],"timeVisible":0.470032,"tipPosition":[-43.6628,259.292,-37.9443],"tipVelocity":[81.4282,48.0846,-80.2784],"tool":false,"touchDistance":0.333333,"touchZone":"none","type":3,"width":16.5772},{"bases":[[[0.7476,-0.661981,0.0536295],[0.527353,0.640762,0.557963],[-0.403725,-0.388851,0.828131]],[[0.690685,-0.705753,0.157689],[0.57962,0.409881,-0.7043],[0.432428,0.577849,0.692168]],[[0.690685,-0.705753,0.157689],[-0.209811,-0.404246,-0.890261],[0.69205,0.581805,-0.427282]],[[0.690685,-0.705753,0.157689],[-0.53365,-0.644582,-0.547478],[0.488028,0.293984,-0.821829]]],"btipPosition":[-33.4241,264.997,-31.0935],"carpPosition":[-20.7434,278.139,14.7316],"dipPosition":[-25.71,269.644,-44.0839],"direction":[-0.69205,-0.581805,0.427282],"extended":false,"handId":232,"id":2324,"length":46.32,"mcpPosition":[0.724411,298.816,-29.3037],"pipPosition":[-13.2973,280.079,-51.7477],"stabilizedTipPosition":[-51.9175,244.204,10.4145],"timeVisible":0.470032,"tipPosition":[-31.5372,266.107,-34.1924],"tipVelocity":[71.7029,61.4967,-105.606],"tool":false,"touchDistance":0.333333,"touchZone":"none","type":4,"width":14.7252}],"r":[[0.808133,0.04216,0.587489],[-0.0545461,0.998506,0.00337631],[-0.586468,-0.0347737,0.809225]],"s":1.08295,"t":[103.199,125.329,-181.072],"timestamp":2858223445},false],[4,{"currentFrameRate":110.691,"devices":[],"gestures":[],"hands":[{"armBasis":[[0.93277,-0.0671222,-0.354169],[0.222932,0.879502,0.420449],[0.283271,-0.471137,0.835337]],"armWidth":58.4334,"confidence":0.547594,"direction":[0.18584,0.55932,-0.807852],"elbow":[34.0684,159.946,225.911],"grabStrength":0,"id":232,"palmNormal":[-0.190544,-0.786052,-0.58806],"palmPosition":[-34.3594,303.022,-23.5277],"palmVelocity":[47.1692,60.8045,-156.924],"palmWidth":83.4409,"pinchStrength":0.653745,"r":[[0.803229,0.0498664,0.593579],[-0.0592243,0.998238,-0.00371945],[-0.592718,-0.0321667,0.804767]],"s":1.08987,"sphereCenter":[-44.7671,286.495,-60.2086],"sphereRadius":42.7889,"stabilizedPalmPosition":[-51.5456,278.898,27.4466],"t":[103.605,125.771,-182.259],"timeVisible":0.478984,"type":"right","wrist":[-36.0691,276.599,19.0828]}],"id":274268,"interactionBox":{"center":[0,200,0],"size":[235.247,235.247,147.751]},"pointables":[{"bases":[[[0.594573,0.70629,0.384235],[-0.763076,0.345086,0.546472],[0.253373,-0.618118,0.744132]],[[0.479539,0.869173,0.120748],[-0.803649,0.379733,0.458204],[0.352407,-0.316765,0.880607]],[[0.479539,0.869173,0.120748],[-0.861005,0.492609,-0.126516],[-0.169446,-0.0432951,0.984588]],[[0.479539,0.869173,0.120748],[-0.734622,0.472893,-0.48652],[-0.479971,0.144602,0.865285]]],"btipPosition":[-64.2719,286.691,-74.9054],"carpPosition":[-63.7392,273.94,14.761],"dipPosition":[-74.573,289.794,-56.3347],"direction":[0.169446,0.0432951,-0.984588],"extended":false,"handId":232,"id":2320,"length":47.7925,"mcpPosition":[-63.7392,273.94,14.761],"pipPosition":[-79.8711,288.44,-25.5498],"stabilizedTipPosition":[-90.4285,262.208,-18.5677],"timeVisible":0.478984,"tipPosition":[-66.0806,286.063,-70.864],"tipVelocity":[77.7043,59.4114,-154.663],"tool":false,"touchDistance":-0.602219,"touchZone":"hovering","type":0,"width":18.5699},{"bases":[[[0.981446,-0.165569,-0.0966963],[0.191604,0.865703,0.462434],[0.00714546,-0.472382,0.881365]],[[0.980445,-0.190378,-0.049838],[0.193063,0.881427,0.43106],[-0.0381356,-0.432252,0.900946]],[[0.980445,-0.190378,-0.049838],[0.196137,0.924667,0.326376],[-0.0160511,-0.329769,0.943925]],[[0.980445,-0.190378,-0.049838],[0.196787,0.95053,0.240349],[0.0016154,-0.245457,0.969406]]],"btipPosition":[-50.0187,351.631,-113.398],"carpPosition":[-51.3696,291.577,17.6705],"dipPosition":[-49.9934,347.785,-98.2091],"direction":[0.0160511,0.329769,-0.943925],"extended":true,"handId":232,"id":2321,"length":53.9285,"mcpPosition":[-51.8517,323.446,-41.7915],"pipPosition":[-50.3492,340.476,-77.2869],"stabilizedTipPosition":[-62.865,337.87,-78.5448],"timeVisible":0.478984,"tipPosition":[-49.5072,349.094,-110.359],"tipVelocity":[77.1967,45.6361,-184.875],"tool":false,"touchDistance":-0.602291,"touchZone":"hovering","type":1,"width":17.738},{"bases":[[[0.926248,-0.373007,-0.0541391],[0.354881,0.814668,0.458667],[-0.12698,-0.444052,0.886957]],[[0.925007,-0.377184,-0.0457587],[0.236711,0.666297,-0.707119],[0.297203,0.643258,0.705613]],[[0.925007,-0.377184,-0.0457587],[-0.198425,-0.376854,-0.90477],[0.324021,0.845998,-0.423435]],[[0.925007,-0.377184,-0.0457587],[-0.34292,-0.776921,-0.528015],[0.163608,0.504109,-0.848001]]],"btipPosition":[-56.393,260.563,-45.4446],"carpPosition":[-40.1114,291.334,16.8361],"dipPosition":[-53.5735,269.25,-60.0581],"direction":[-0.324021,-0.845998,0.423435],"extended":false,"handId":232,"id":2322,"length":61.4471,"mcpPosition":[-31.9872,319.744,-39.911],"pipPosition":[-45.124,291.311,-71.1001],"stabilizedTipPosition":[-84.8806,236.266,14.181],"timeVisible":0.478984,"tipPosition":[-55.7206,262.625,-49.0063],"tipVelocity":[90.6632,20.9286,-102.372],"tool":false,"touchDistance":0.333333,"touchZone":"none","type":2,"width":17.4211},{"bases":[[[0.86806,-0.494632,0.0425529],[0.415922,0.771366,0.481668],[-0.271072,-0.400418,0.87532]],[[0.867918,-0.494842,0.0430125],[0.349848,0.547537,-0.760138],[0.352597,0.674785,0.648337]],[[0.867918,-0.494842,0.0430125],[-0.213343,-0.449583,-0.867387],[0.448557,0.743644,-0.495772]],[[0.867918,-0.494842,0.0430125],[-0.414802,-0.769714,-0.485263],[0.273236,0.403327,-0.87331]]],"btipPosition":[-44.2913,257.71,-33.3469],"carpPosition":[-29.3391,288.159,15.9406],"dipPosition":[-39.6097,264.621,-48.31],"direction":[-0.448557,-0.743644,0.495772],"extended":false,"handId":232,"id":2323,"length":59.0831,"mcpPosition":[-13.7679,311.16,-34.3404],"pipPosition":[-28.2148,283.512,-60.9045],"stabilizedTipPosition":[-65.1108,238.077,6.99377],"timeVisible":0.478984,"tipPosition":[-43.0572,259.391,-37.8126],"tipVelocity":[76.8542,37.2231,-47.4971],"tool":false,"touchDistance":0.333333,"touchZone":"none","type":3,"width":16.5772},{"bases":[[[0.750118,-0.658258,0.0634014],[0.52028,0.646615,0.55785],[-0.408206,-0.385467,0.827516]],[[0.694539,-0.700474,0.16417],[0.572496,0.399889,-0.715777],[0.435734,0.591122,0.678757]],[[0.694539,-0.700474,0.16417],[-0.215277,-0.42007,-0.881588],[0.686492,0.576955,-0.442551]],[[0.694539,-0.700474,0.16417],[-0.532648,-0.654028,-0.537154],[0.483634,0.285629,-0.827354]]],"btipPosition":[-32.9197,265.169,-30.9227],"carpPosition":[-20.5392,278.703,14.0736],"dipPosition":[-25.275,269.684,-44.0005],"direction":[-0.686492,-0.576955,0.442551],"extended":false,"handId":232,"id":2324,"length":46.32,"mcpPosition":[1.16685,299.2,-29.929],"pipPosition":[-12.9621,280.032,-51.9381],"stabilizedTipPosition":[-50.959,245.22,8.36665],"timeVisible":0.478984,"tipPosition":[-30.9991,266.276,-34.3016],"tipVelocity":[67.0166,49.0164,-72.1392],"tool":false,"touchDistance":0.333333,"touchZone":"none","type":4,"width":14.7252}],"r":[[0.803229,0.0498664,0.593579],[-0.0592243,0.998238,-0.00371945],[-0.592718,-0.0321667,0.804767]],"s":1.08987,"t":[103.605,125.771,-182.259],"timestamp":2858232397},false],[5,{"currentFrameRate":110.624,"devices":[],"gestures":[],"hands":[{"armBasis":[[0.933457,-0.0505989,-0.355104],[0.208677,0.881824,0.422895],[0.291741,-0.468856,0.833703]],"armWidth":58.4334,"confidence":0.556548,"direction":[0.190771,0.552451,-0.811422],"elbow":[36.3403,161.668,224.212],"grabStrength":0,"id":232,"palmNormal":[-0.176618,-0.793796,-0.581974],"palmPosition":[-33.8972,303.747,-25.0756],"palmVelocity":[48.0874,65.894,-160.295],"palmWidth":83.4409,"pinchStrength":0.62553,"r":[[0.797701,0.0586942,0.600189],[-0.0646366,0.997841,-0.0116743],[-0.599579,-0.0294816,0.799773]],"s":1.09715,"sphereCenter":[-44.497,287.287,-61.5578],"sphereRadius":42.8935,"stabilizedPalmPosition":[-51.3239,279.21,26.7866],"t":[104.039,126.354,-183.627],"timeVisible":0.488142,"type":"right","wrist":[-35.8945,277.756,17.7878]}],"id":274269,"interactionBox":{"center":[0,200,0],"size":[235.247,235.247,147.751]},"pointables":[{"bases":[[[0.583758,0.71545,0.383872],[-0.772586,0.344082,0.53359],[0.249673,-0.608062,0.753607]],[[0.47269,0.8728,0.121589],[-0.809693,0.375709,0.450821],[0.347795,-0.311548,0.884294]],[[0.47269,0.8728,0.121589],[-0.862615,0.486489,-0.138652],[-0.180167,-0.0393447,0.982849]],[[0.47269,0.8728,0.121589],[-0.72881,0.464756,-0.502829],[-0.495378,0.149067,0.855792]]],"btipPosition":[-63.142,287.102,-76.4148],"carpPosition":[-63.4863,274.81,13.1622],"dipPosition":[-73.7737,290.301,-58.0479],"direction":[0.180167,0.0393447,-0.982849],"extended":false,"handId":232,"id":2320,"length":47.7925,"mcpPosition":[-63.4863,274.81,13.1622],"pipPosition":[-79.407,289.071,-27.3173],"stabilizedTipPosition":[-89.8081,262.848,-19.907],"timeVisible":0.488142,"tipPosition":[-65.0241,286.489,-72.4411],"tipVelocity":[88.1196,56.049,-158.918],"tool":false,"touchDistance":-0.593674,"touchZone":"hovering","type":0,"width":18.5699},{"bases":[[[0.983938,-0.157967,-0.0831437],[0.178511,0.872136,0.455536],[0.000552803,-0.463061,0.886326]],[[0.982803,-0.180278,-0.0399849],[0.17974,0.884284,0.43097],[-0.0423362,-0.430745,0.90148]],[[0.982803,-0.180278,-0.0399849],[0.183389,0.927537,0.325645],[-0.021619,-0.327377,0.944646]],[[0.982803,-0.180278,-0.0399849],[0.184593,0.953347,0.238861],[-0.00494182,-0.242134,0.97023]]],"btipPosition":[-49.1182,351.845,-115.419],"carpPosition":[-51.3055,292.583,16.0338],"dipPosition":[-49.1957,348.051,-100.218],"direction":[0.021619,0.327377,-0.944646],"extended":true,"handId":232,"id":2321,"length":53.9285,"mcpPosition":[-51.3428,323.824,-43.7629],"pipPosition":[-49.6748,340.795,-79.2794],"stabilizedTipPosition":[-62.6293,338.094,-79.1178],"timeVisible":0.488142,"tipPosition":[-48.6004,349.323,-112.368],"tipVelocity":[82.3669,39.7836,-194.773],"tool":false,"touchDistance":-0.60067,"touchZone":"hovering","type":1,"width":17.738},{"bases":[[[0.930021,-0.365424,-0.0390648],[0.342256,0.822496,0.45427],[-0.133871,-0.435851,0.890007]],[[0.928663,-0.369681,-0.030334],[0.234729,0.649033,-0.723643],[0.287205,0.6649,0.689508]],[[0.928663,-0.369681,-0.030334],[-0.190163,-0.404292,-0.894643],[0.318469,0.836591,-0.44575]],[[0.928663,-0.369681,-0.030334],[-0.332144,-0.792381,-0.511676],[0.165121,0.48525,-0.858643]]],"btipPosition":[-55.3165,260.748,-45.6613],"carpPosition":[-40.0363,292.43,15.3374],"dipPosition":[-52.4709,269.111,-60.4582],"direction":[-0.318469,-0.836591,0.445751],"extended":false,"handId":232,"id":2322,"length":61.4471,"mcpPosition":[-31.4713,320.316,-41.6049],"pipPosition":[-44.1662,290.926,-72.0821],"stabilizedTipPosition":[-83.7176,237.283,11.7469],"timeVisible":0.488142,"tipPosition":[-54.6201,262.801,-49.6062],"tipVelocity":[98.3373,18.4747,-81.722],"tool":false,"touchDistance":0.333333,"touchZone":"none","type":2,"width":17.4211},{"bases":[[[0.87172,-0.486537,0.0581999],[0.403386,0.779973,0.478458],[-0.278182,-0.393604,0.876179]],[[0.871453,-0.486913,0.059039],[0.348161,0.529308,-0.773703],[0.345477,0.694801,0.630791]],[[0.871453,-0.486913,0.059039],[-0.207125,-0.474441,-0.855573],[0.4446,0.733363,-0.514305]],[[0.871453,-0.486913,0.059039],[-0.405767,-0.78332,-0.470917],[0.275542,0.386426,-0.8802]]],"btipPosition":[-43.4181,258.232,-33.4242],"carpPosition":[-29.227,289.341,14.6049],"dipPosition":[-38.697,264.853,-48.5054],"direction":[-0.4446,-0.733363,0.514305],"extended":false,"handId":232,"id":2323,"length":59.0831,"mcpPosition":[-13.2474,311.951,-35.7254],"pipPosition":[-27.4025,283.483,-61.5706],"stabilizedTipPosition":[-62.9376,240.145,2.80686],"timeVisible":0.488142,"tipPosition":[-42.1409,259.862,-38.1133],"tipVelocity":[82.2862,40.6879,-37.44],"tool":false,"touchDistance":0.333333,"touchZone":"none","type":3,"width":16.5772},{"bases":[[[0.75495,-0.650963,0.0793564],[0.507887,0.656945,0.557202],[-0.414851,-0.380356,0.826576]],[[0.699487,-0.692036,0.178336],[0.574094,0.395528,-0.716919],[0.425598,0.603857,0.673961]],[[0.699487,-0.692036,0.178336],[-0.205334,-0.433642,-0.877378],[0.684511,0.577096,-0.445426]],[[0.699487,-0.692036,0.178336],[-0.522283,-0.665362,-0.533399],[0.487789,0.279964,-0.826851]]],"btipPosition":[-32.0525,265.812,-31.8035],"carpPosition":[-20.3239,279.943,12.9438],"dipPosition":[-24.3421,270.237,-44.8733],"direction":[-0.684511,-0.577096,0.445426],"extended":false,"handId":232,"id":2324,"length":46.32,"mcpPosition":[1.73557,300.168,-31.0089],"pipPosition":[-12.0647,280.588,-52.8625],"stabilizedTipPosition":[-49.7572,246.476,5.85749],"timeVisible":0.488142,"tipPosition":[-30.1155,266.901,-35.2361],"tipVelocity":[75.1899,54.29,-78.7806],"tool":false,"touchDistance":0.333333,"touchZone":"none","type":4,"width":14.7252}],"r":[[0.797701,0.0586942,0.600189],[-0.0646366,0.997841,-0.0116743],[-0.599579,-0.0294816,0.799773]],"s":1.09715,"t":[104.039,126.354,-183.627],"timestamp":2858241555},false],[6,{"currentFrameRate":110.502,"devices":[],"gestures":[],"hands":[{"armBasis":[[0.937764,-0.042014,-0.344724],[0.197235,0.881451,0.429117],[0.285828,-0.470402,0.83488]],"armWidth":58.4334,"confidence":0.571475,"direction":[0.192207,0.548223,-0.813946],"elbow":[35.101,161.932,223.799],"grabStrength":0,"id":232,"palmNormal":[-0.166682,-0.799122,-0.577599],"palmPosition":[-33.5724,304.11,-25.9459],"palmVelocity":[44.4214,58.3804,-141.62],"palmWidth":83.4409,"pinchStrength":0.601236,"r":[[0.792274,0.0678027,0.606386],[-0.0703828,0.997328,-0.0195569],[-0.606092,-0.0271847,0.79493]],"s":1.10449,"sphereCenter":[-44.5022,287.794,-62.2815],"sphereRadius":43.0139,"stabilizedPalmPosition":[-51.1028,279.52,26.1298],"t":[104.418,126.827,-184.746],"timeVisible":0.497407,"type":"right","wrist":[-35.6698,278.403,17.0837]}],"id":274270,"interactionBox":{"center":[0,200,0],"size":[235.247,235.247,147.751]},"pointables":[{"bases":[[[0.575748,0.722466,0.382829],[-0.778781,0.34196,0.525892],[0.249027,-0.600921,0.759526]],[[0.46781,0.875127,0.12372],[-0.812513,0.370741,0.449861],[0.347817,-0.310973,0.884488]],[[0.46781,0.875127,0.12372],[-0.864208,0.482253,-0.143445],[-0.185196,-0.0398149,0.981895]],[[0.46781,0.875127,0.12372],[-0.726203,0.460382,-0.510566],[-0.503768,0.149002,0.850891]]],"btipPosition":[-62.5258,287.5,-77.16],"carpPosition":[-63.2064,275.217,12.2908],"dipPosition":[-73.3376,290.698,-58.8983],"direction":[0.185196,0.0398149,-0.981895],"extended":false,"handId":232,"id":2320,"length":47.7925,"mcpPosition":[-63.2064,275.217,12.2908],"pipPosition":[-79.1281,289.453,-28.1976],"stabilizedTipPosition":[-89.1479,263.524,-21.3195],"timeVisible":0.497407,"tipPosition":[-64.4268,286.86,-73.2285],"tipVelocity":[80.7798,52.3381,-137.567],"tool":false,"touchDistance":-0.574181,"touchZone":"hovering","type":0,"width":18.5699},{"bases":[[[0.985638,-0.151139,-0.0753287],[0.168858,0.876594,0.450632],[-0.00207538,-0.45688,0.889526]],[[0.984571,-0.171309,-0.0356929],[0.169745,0.885435,0.432657],[-0.0425144,-0.43204,0.900852]],[[0.984571,-0.171309,-0.0356929],[0.173496,0.929074,0.326681],[-0.0228021,-0.327833,0.94446]],[[0.984571,-0.171309,-0.0356929],[0.174853,0.955122,0.239098],[-0.00686866,-0.24165,0.970339]]],"btipPosition":[-48.7507,352,-116.521],"carpPosition":[-51.1787,293.102,15.121],"dipPosition":[-48.8583,348.213,-101.317],"direction":[0.0228021,0.327833,-0.94446],"extended":true,"handId":232,"id":2321,"length":53.9285,"mcpPosition":[-51.0387,323.925,-44.8916],"pipPosition":[-49.3637,340.947,-80.3833],"stabilizedTipPosition":[-62.4142,338.297,-79.6441],"timeVisible":0.497407,"tipPosition":[-48.2195,349.489,-113.468],"tipVelocity":[70.1403,33.3411,-173.407],"tool":false,"touchDistance":-0.585453,"touchZone":"hovering","type":1,"width":17.738},{"bases":[[[0.932971,-0.358684,-0.0301686],[0.332975,0.828179,0.450829],[-0.13672,-0.430656,0.8921]],[[0.931548,-0.362999,-0.0211912],[0.231579,0.637203,-0.735081],[0.280337,0.679856,0.677648]],[[0.931548,-0.362999,-0.0211912],[-0.185091,-0.423214,-0.886922],[0.312984,0.830133,-0.461433]],[[0.931548,-0.362999,-0.0211912],[-0.324336,-0.803155,-0.499748],[0.164388,0.472412,-0.865912]]],"btipPosition":[-54.5428,260.743,-45.5717],"carpPosition":[-39.9042,293.029,14.5025],"dipPosition":[-51.7099,268.884,-60.4939],"direction":[-0.312984,-0.830133,0.461433],"extended":false,"handId":232,"id":2322,"length":61.4471,"mcpPosition":[-31.1569,320.582,-42.5737],"pipPosition":[-43.5482,290.531,-72.5267],"stabilizedTipPosition":[-82.0093,238.733,8.26756],"timeVisible":0.497407,"tipPosition":[-53.8396,262.769,-49.7373],"tipVelocity":[94.0759,11.5582,-56.8789],"tool":false,"touchDistance":0.333333,"touchZone":"none","type":2,"width":17.4211},{"bases":[[[0.874909,-0.479554,0.0675411],[0.394252,0.786286,0.47573],[-0.281245,-0.389593,0.876994]],[[0.874455,-0.480181,0.068954],[0.345843,0.517412,-0.782737],[0.340178,0.708316,0.618521]],[[0.874455,-0.480181,0.068954],[-0.202837,-0.491043,-0.847192],[0.440665,0.726845,-0.526793]],[[0.874455,-0.480181,0.068954],[-0.398959,-0.792726,-0.460887],[0.275971,0.375515,-0.884776]]],"btipPosition":[-42.7727,258.475,-33.3122],"carpPosition":[-29.0673,290.015,13.8653],"dipPosition":[-38.0443,264.909,-48.4718],"direction":[-0.440665,-0.726845,0.526793],"extended":false,"handId":232,"id":2323,"length":59.0831,"mcpPosition":[-12.9118,312.395,-36.5118],"pipPosition":[-26.8498,283.373,-61.8543],"stabilizedTipPosition":[-60.0576,242.83,-2.56042],"timeVisible":0.497407,"tipPosition":[-41.4782,260.058,-38.1005],"tipVelocity":[78.7836,35.3064,-24.0497],"tool":false,"touchDistance":0.333333,"touchZone":"none","type":3,"width":16.5772},{"bases":[[[0.759229,-0.644703,0.0890506],[0.499127,0.664597,0.556043],[-0.417665,-0.377716,0.826369]],[[0.704804,-0.684672,0.185676],[0.569083,0.389414,-0.724225],[0.423551,0.616102,0.664096]],[[0.704804,-0.684672,0.185676],[-0.20567,-0.447708,-0.870205],[0.678934,0.575137,-0.456363]],[[0.704804,-0.684672,0.185676],[-0.518082,-0.675577,-0.524583],[0.484605,0.273533,-0.830865]]],"btipPosition":[-31.4453,266.142,-31.8261],"carpPosition":[-20.083,280.674,12.3307],"dipPosition":[-23.7852,270.465,-44.9593],"direction":[-0.678934,-0.575137,0.456363],"extended":false,"handId":232,"id":2324,"length":46.32,"mcpPosition":[2.12605,300.758,-31.611],"pipPosition":[-11.6078,280.781,-53.1447],"stabilizedTipPosition":[-48.2162,248.062,2.73281],"timeVisible":0.497407,"tipPosition":[-29.5003,267.21,-35.4211],"tipVelocity":[72.1217,48.3191,-57.7408],"to