{"sensorType":"Leap","data":[[0,{"currentFrameRate":109.744,"devices":[],"gestures":[],"hands":[{"armBasis":[[0.952839,0.0985436,-0.28703],[0.0674495,0.853387,0.516895],[0.295885,-0.511878,0.806494]],"armWidth":58.4334,"confidence":0.424543,"direction":[0.11125,0.466125,-0.877696],"elbow":[33.8991,166.584,230.856],"grabStrength":0,"id":237,"palmNormal":[-0.0729181,-0.87697,-0.474981],"palmPosition":[-41.0696,313.75,-14.6207],"palmVelocity":[7.74197,33.912,-149.043],"palmWidth":83.4409,"pinchStrength":0.901475,"r":[[0.565626,-0.672658,0.477073],[0.797007,0.594455,-0.106784],[-0.211769,0.440631,0.872352]],"s":0.855493,"sphereCenter":[-45.8564,289.994,-50.1176],"sphereRadius":42.902,"stabilizedPalmPosition":[-79.2189,284.743,128.607],"t":[78.6156,75.7906,-219.305],"timeVisible":0.5784,"type":"right","wrist":[-39.3617,293.325,31.1687]}],"id":276319,"interactionBox":{"center":[0,200,0],"size":[235.247,235.247,147.751]},"pointables":[{"bases":[[[0.48575,0.828325,0.279151],[-0.808449,0.304315,0.503788],[0.33235,-0.470395,0.817479]],[[0.364836,0.930782,0.0232248],[-0.86467,0.329459,0.379214],[0.345314,-0.158432,0.925018]],[[0.364836,0.930782,0.0232248],[-0.9133,0.362611,-0.185461],[-0.181046,0.0464516,0.982377]],[[0.364836,0.930782,0.0232248],[-0.774177,0.31712,-0.5478],[-0.517248,0.181877,0.836287]]],"btipPosition":[-65.3888,288.128,-63.451],"carpPosition":[-66.3435,286.231,27.5568],"dipPosition":[-76.4899,292.031,-45.5027],"direction":[0.181046,-0.0464516,-0.982377],"extended":false,"handId":237,"id":2370,"length":47.7925,"mcpPosition":[-66.3435,286.231,27.5568],"pipPosition":[-82.1506,293.483,-14.7869],"stabilizedTipPosition":[-120.468,257.513,88.9926],"timeVisible":0.5784,"tipPosition":[-67.9834,288.348,-59.5053],"tipVelocity":[19.3142,72.1038,-161.405],"tool":false,"touchDistance":-0.547742,"touchZone":"hovering","type":0,"width":18.5699},{"bases":[[[0.995723,-0.0369198,-0.0846952],[0.0636947,0.938341,0.339793],[0.0669279,-0.343735,0.936679]],[[0.997778,-0.0665517,-0.00325182],[0.0625439,0.918628,0.390143],[-0.0229774,-0.389479,0.920749]],[[0.997778,-0.0665517,-0.00325182],[0.0649299,0.960186,0.271712],[-0.0149605,-0.271319,0.962373]],[[0.997778,-0.0665517,-0.00325182],[0.0661199,0.982909,0.171808],[-0.00823787,-0.171641,0.985125]]],"btipPosition":[-59.7633,352.904,-108.304],"carpPosition":[-56.6138,305.666,27.9314],"dipPosition":[-59.8923,350.215,-92.8691],"direction":[0.0149605,0.271319,-0.962373],"extended":true,"handId":237,"id":2371,"length":53.9285,"mcpPosition":[-61.1292,328.856,-35.2624],"pipPosition":[-60.2239,344.201,-71.538],"stabilizedTipPosition":[-98.4919,321.85,0.868408],"timeVisible":0.5784,"tipPosition":[-59.2466,350.904,-105.077],"tipVelocity":[43.0696,64.2137,-149.126],"tool":false,"touchDistance":-0.545813,"touchZone":"hovering","type":1,"width":17.738},{"bases":[[[0.970065,-0.24244,-0.014045],[0.23257,0.910816,0.341065],[-0.0698953,-0.334121,0.939935]],[[0.966981,-0.254121,0.0192528],[0.20797,0.743186,-0.635942],[0.147298,0.618948,0.771497]],[[0.966981,-0.254121,0.0192528],[-0.0339739,-0.203411,-0.978504],[0.252575,0.94554,-0.205328]],[[0.966981,-0.254121,0.0192528],[-0.166261,-0.686302,-0.708059],[0.193146,0.681478,-0.705891]]],"btipPosition":[-57.3819,264.522,-49.7092],"carpPosition":[-45.4281,306.904,27.0097],"dipPosition":[-54.0534,276.266,-61.8738],"direction":[-0.252575,-0.94554,0.205328],"extended":false,"handId":237,"id":2372,"length":61.4471,"mcpPosition":[-40.9562,328.281,-33.1269],"pipPosition":[-47.467,300.922,-67.2281],"stabilizedTipPosition":[-99.0235,216.714,136.092],"timeVisible":0.5784,"tipPosition":[-56.5937,267.285,-52.6171],"tipVelocity":[26.0479,30.5306,-140.456],"tool":false,"touchDistance":0.333333,"touchZone":"none","type":2,"width":17.4211},{"bases":[[[0.928895,-0.356933,0.0987565],[0.298936,0.880052,0.368979],[-0.218612,-0.313221,0.924176]],[[0.919223,-0.369391,0.136306],[0.363834,0.664556,-0.652679],[0.150511,0.64955,0.745272]],[[0.919223,-0.369391,0.136306],[0.0339795,-0.270469,-0.962129],[0.392268,0.889043,-0.23607]],[[0.919223,-0.369391,0.136306],[-0.179951,-0.702053,-0.689013],[0.350209,0.608829,-0.711815]]],"btipPosition":[-43.8832,263.551,-39.0033],"carpPosition":[-34.3086,305.189,26.4267],"dipPosition":[-37.8827,273.983,-51.1995],"direction":[-0.392268,-0.889043,0.23607],"extended":false,"handId":237,"id":2373,"length":59.0831,"mcpPosition":[-21.7509,323.182,-26.6607],"pipPosition":[-27.9177,296.568,-57.1965],"stabilizedTipPosition":[-87.7043,216.288,154.703],"timeVisible":0.5784,"tipPosition":[-42.3337,266.079,-42.3086],"tipVelocity":[13.7118,28.5322,-111.453],"tool":false,"touchDistance":0.333333,"touchZone":"none","type":3,"width":16.5772},{"bases":[[[0.835103,-0.531257,0.142723],[0.419278,0.78267,0.460037],[-0.356103,-0.324337,0.876354]],[[0.757143,-0.581059,0.298505],[0.626805,0.517509,-0.582495],[0.183985,0.628137,0.756038]],[[0.757143,-0.581059,0.298505],[0.126286,-0.31814,-0.939595],[0.640926,0.749105,-0.167498]],[[0.757143,-0.581059,0.298505],[-0.223541,-0.659828,-0.717396],[0.613811,0.476443,-0.629474]]],"btipPosition":[-32.4745,272.817,-32.4134],"carpPosition":[-24.2462,296.905,25.747],"dipPosition":[-22.7721,280.348,-42.3633],"direction":[-0.640926,-0.749105,0.167498],"extended":false,"handId":237,"id":2374,"length":46.32,"mcpPosition":[-5.31064,314.152,-20.8526],"pipPosition":[-11.2764,293.784,-45.3676],"stabilizedTipPosition":[-81.9747,233.184,145.916],"timeVisible":0.5784,"tipPosition":[-30.3519,274.518,-34.5392],"tipVelocity":[16.5564,34.2161,-138.179],"tool":false,"touchDistance":0.333333,"touchZone":"none","type":4,"width":14.7252}],"r":[[0.565626,-0.672658,0.477073],[0.797007,0.594455,-0.106784],[-0.211769,0.440631,0.872352]],"s":0.855493,"t":[78.6156,75.7906,-219.305],"timestamp":2877168350},false],[1,{"currentFrameRate":109.827,"devices":[],"gestures":[],"hands":[{"armBasis":[[0.953705,0.101154,-0.283222],[0.0632929,0.853138,0.517831],[0.294008,-0.511784,0.80724]],"armWidth":58.4334,"confidence":0.447137,"direction":[0.115558,0.462582,-0.879013],"elbow":[33.1443,167.257,229.557],"grabStrength":0,"id":237,"palmNormal":[-0.0695415,-0.879003,-0.471718],"palmPosition":[-41.1312,314.207,-16.1975],"palmVelocity":[3.74349,38.6159,-156.425],"palmWidth":83.4409,"pinchStrength":0.893546,"r":[[0.563508,-0.672187,0.480232],[0.797303,0.594699,-0.103154],[-0.216255,0.441019,0.871055]],"s":0.858809,"sphereCenter":[-46.1318,290.523,-51.5816],"sphereRadius":42.8921,"stabilizedPalmPosition":[-79.2149,284.746,128.592],"t":[78.6129,76.1665,-220.77],"timeVisible":0.587357,"type":"right","wrist":[-39.6517,293.974,29.685]}],"id":276320,"interactionBox":{"center":[0,200,0],"size":[235.247,235.247,147.751]},"pointables":[{"bases":[[[0.48347,0.829936,0.278323],[-0.811439,0.305638,0.498148],[0.328365,-0.466682,0.821209]],[[0.365125,0.930656,0.0237526],[-0.866188,0.33026,0.375028],[0.341178,-0.157506,0.926709]],[[0.365125,0.930656,0.0237526],[-0.912297,0.362772,-0.190028],[-0.185467,0.0477143,0.981491]],[[0.365125,0.930656,0.0237526],[-0.769619,0.316104,-0.554766],[-0.523804,0.184278,0.831668]]],"btipPosition":[-65.1841,288.603,-65.0013],"carpPosition":[-66.6071,286.84,25.957],"dipPosition":[-76.4259,292.558,-47.1522],"direction":[0.185467,-0.0477143,-0.981491],"extended":false,"handId":237,"id":2370,"length":47.7925,"mcpPosition":[-66.6071,286.84,25.957],"pipPosition":[-82.2249,294.05,-16.4641],"stabilizedTipPosition":[-120.384,257.564,88.7541],"timeVisible":0.587357,"tipPosition":[-67.793,288.801,-61.0767],"tipVelocity":[19.2941,67.2756,-165.296],"tool":false,"touchDistance":-0.544898,"touchZone":"hovering","type":0,"width":18.5699},{"bases":[[[0.996199,-0.0363287,-0.0791663],[0.0609916,0.939803,0.336229],[0.062186,-0.339779,0.938447]],[[0.997888,-0.0649503,0.000528407],[0.0595879,0.918678,0.390488],[-0.0258477,-0.389631,0.920608]],[[0.997888,-0.0649503,0.000528407],[0.0623749,0.960526,0.271108],[-0.0181161,-0.270503,0.962549]],[[0.997888,-0.0649503,0.000528407],[0.0639122,0.983325,0.170255],[-0.0115777,-0.169862,0.9854]]],"btipPosition":[-59.4917,353.217,-110.054],"carpPosition":[-56.8976,306.286,26.3033],"dipPosition":[-59.6731,350.555,-94.6148],"direction":[0.0181161,0.270503,-0.962549],"extended":true,"handId":237,"id":2371,"length":53.9285,"mcpPosition":[-61.093,329.209,-37.0098],"pipPosition":[-60.0746,344.56,-73.2798],"stabilizedTipPosition":[-98.2381,322.051,0.168763],"timeVisible":0.587357,"tipPosition":[-58.9798,351.238,-106.822],"tipVelocity":[39.2148,56.406,-161.744],"tool":false,"touchDistance":-0.5458,"touchZone":"hovering","type":1,"width":17.738},{"bases":[[[0.97035,-0.241578,-0.00780188],[0.229883,0.912444,0.338526],[-0.0746616,-0.330282,0.940925]],[[0.967055,-0.253247,0.0258877],[0.210602,0.738766,-0.640212],[0.143007,0.624573,0.767762]],[[0.967055,-0.253247,0.0258877],[-0.0290797,-0.210924,-0.97707],[0.2529,0.944128,-0.211339]],[[0.967055,-0.253247,0.0258877],[-0.162222,-0.691429,-0.703996],[0.196184,0.676603,-0.709732]]],"btipPosition":[-57.2282,264.775,-50.9573],"carpPosition":[-45.7082,307.53,25.4369],"dipPosition":[-53.8474,276.435,-63.188],"direction":[-0.2529,-0.944128,0.211339],"extended":false,"handId":237,"id":2372,"length":61.4471,"mcpPosition":[-40.9314,328.662,-34.763],"pipPosition":[-47.2525,301.055,-68.6992],"stabilizedTipPosition":[-99.0153,216.724,136.055],"timeVisible":0.587357,"tipPosition":[-56.4214,267.536,-53.9481],"tipVelocity":[23.9854,29.3209,-140.617],"tool":false,"touchDistance":0.333333,"touchZone":"none","type":2,"width":17.4211},{"bases":[[[0.928678,-0.35564,0.105251],[0.296126,0.881859,0.366926],[-0.22331,-0.309588,0.924277]],[[0.918873,-0.367885,0.142592],[0.364183,0.651772,-0.665255],[0.1518,0.663215,0.732873]],[[0.918873,-0.367885,0.142592],[0.0322511,-0.29016,-0.956435],[0.393233,0.883441,-0.254755]],[[0.918873,-0.367885,0.142592],[-0.18068,-0.713625,-0.676827],[0.350752,0.596154,-0.7222]]],"btipPosition":[-43.9754,263.777,-39.3541],"carpPosition":[-34.584,305.824,24.9211],"dipPosition":[-37.9657,273.991,-51.7282],"direction":[-0.393233,-0.883441,0.254755],"extended":false,"handId":237,"id":2373,"length":59.0831,"mcpPosition":[-21.7565,323.608,-28.1721],"pipPosition":[-27.9761,296.434,-58.1999],"stabilizedTipPosition":[-87.6961,216.297,154.667],"timeVisible":0.587357,"tipPosition":[-42.3683,266.305,-42.9493],"tipVelocity":[7.21142,26.0935,-92.9344],"tool":false,"touchDistance":0.333333,"touchZone":"none","type":3,"width":16.5772},{"bases":[[[0.83481,-0.529869,0.149435],[0.416064,0.784969,0.459036],[-0.360531,-0.321033,0.87576]],[[0.756248,-0.579014,0.304683],[0.629247,0.516048,-0.581156],[0.179266,0.631219,0.754603]],[[0.756248,-0.579014,0.304683],[0.131424,-0.321752,-0.937658],[0.640949,0.749145,-0.167229]],[[0.756248,-0.579014,0.304683],[-0.219287,-0.663041,-0.715744],[0.616443,0.474467,-0.628394]]],"btipPosition":[-32.3924,273.213,-33.7741],"carpPosition":[-24.5105,297.547,24.3301],"dipPosition":[-22.6484,280.713,-43.7069],"direction":[-0.640949,-0.749145,0.167229],"extended":false,"handId":237,"id":2374,"length":46.32,"mcpPosition":[-5.33951,314.617,-22.2379],"pipPosition":[-11.1523,294.15,-46.7063],"stabilizedTipPosition":[-81.9647,233.192,145.881],"timeVisible":0.587357,"tipPosition":[-30.263,274.907,-35.898],"tipVelocity":[14.8276,36.7404,-141.815],"tool":false,"touchDistance":0.333333,"touchZone":"none","type":4,"width":14.7252}],"r":[[0.563508,-0.672187,0.480232],[0.797303,0.594699,-0.103154],[-0.216255,0.441019,0.871055]],"s":0.858809,"t":[78.6129,76.1665,-220.77],"timestamp":2877177307},false],[2,{"currentFrameRate":109.831,"devices":[],"gestures":[],"hands":[{"armBasis":[[0.953539,0.102221,-0.283396],[0.0623775,0.853305,0.517667],[0.29474,-0.511293,0.807284]],"armWidth":58.4334,"confidence":0.465785,"direction":[0.118774,0.458682,-0.880627],"elbow":[33.156,167.741,228.772],"grabStrength":0,"id":237,"palmNormal":[-0.0692685,-0.880916,-0.468175],"palmPosition":[-41.138,314.376,-17.0833],"palmVelocity":[2.49962,33.0422,-140.062],"palmWidth":83.4409,"pinchStrength":0.88132,"r":[[0.56134,-0.671544,0.48366],[0.79774,0.594604,-0.100278],[-0.220245,0.442125,0.869493]],"s":0.862466,"sphereCenter":[-46.504,290.781,-52.3658],"sphereRadius":42.907,"stabilizedPalmPosition":[-79.2112,284.749,128.578],"t":[78.6081,76.4386,-221.946],"timeVisible":0.596454,"type":"right","wrist":[-39.8214,294.337,28.8892]}],"id":276321,"interactionBox":{"center":[0,200,0],"size":[235.247,235.247,147.751]},"pointables":[{"bases":[[[0.483708,0.830497,0.276228],[-0.812526,0.308795,0.494416],[0.325313,-0.463595,0.824167]],[[0.367851,0.929576,0.0239461],[-0.865646,0.33292,0.373926],[0.339621,-0.158278,0.927149]],[[0.367851,0.929576,0.0239461],[-0.911287,0.365499,-0.189648],[-0.185044,0.0479402,0.98156]],[[0.367851,0.929576,0.0239461],[-0.767471,0.318041,-0.556631],[-0.525047,0.186379,0.830414]]],"btipPosition":[-65.267,288.967,-65.8426],"carpPosition":[-66.7747,287.221,25.1112],"dipPosition":[-76.5355,292.968,-48.0204],"direction":[0.185044,-0.0479402,-0.98156],"extended":false,"handId":237,"id":2370,"length":47.7925,"mcpPosition":[-66.7747,287.221,25.1112],"pipPosition":[-82.3212,294.466,-17.3301],"stabilizedTipPosition":[-120.304,257.613,88.5246],"timeVisible":0.596454,"tipPosition":[-67.8102,289.116,-61.9051],"tipVelocity":[11.236,60.0374,-145.308],"tool":false,"touchDistance":-0.531454,"touchZone":"hovering","type":0,"width":18.5699},{"bases":[[[0.996383,-0.0379379,-0.0760352],[0.0612009,0.94115,0.332403],[0.0589498,-0.335854,0.940068]],[[0.997859,-0.0653818,0.00139619],[0.0596129,0.918178,0.391657],[-0.0268891,-0.390735,0.92011]],[[0.997859,-0.0653818,0.00139619],[0.0625447,0.960361,0.271651],[-0.0191019,-0.270982,0.962395]],[[0.997859,-0.0653818,0.00139619],[0.0641925,0.98334,0.170065],[-0.0124921,-0.169611,0.985432]]],"btipPosition":[-59.3398,353.372,-111.041],"carpPosition":[-57.0412,306.655,25.4036],"dipPosition":[-59.5355,350.714,-95.6008],"direction":[0.0191019,0.270982,-0.962395],"extended":true,"handId":237,"id":2371,"length":53.9285,"mcpPosition":[-61.0183,329.314,-38.0188],"pipPosition":[-59.9589,344.708,-74.2693],"stabilizedTipPosition":[-98.0248,322.219,-0.422259],"timeVisible":0.596454,"tipPosition":[-58.8245,351.391,-107.81],"tipVelocity":[32.8759,45.5276,-146.972],"tool":false,"touchDistance":-0.53435,"touchZone":"hovering","type":1,"width":17.738},{"bases":[[[0.970057,-0.242848,-0.0038746],[0.23005,0.913585,0.335321],[-0.0778922,-0.326172,0.942096]],[[0.966612,-0.254467,0.0301448],[0.213374,0.734161,-0.644576],[0.141892,0.629487,0.763945]],[[0.966612,-0.254467,0.0301448],[-0.0269106,-0.217797,-0.975623],[0.254829,0.942237,-0.217373]],[[0.966612,-0.254467,0.0301448],[-0.16136,-0.695843,-0.699832],[0.19906,0.671602,-0.713671]]],"btipPosition":[-57.2116,264.782,-51.5099],"carpPosition":[-45.8477,307.882,24.5653],"dipPosition":[-53.7812,276.355,-63.8086],"direction":[-0.254829,-0.942237,0.217373],"extended":false,"handId":237,"id":2372,"length":61.4471,"mcpPosition":[-40.8642,328.751,-35.7096],"pipPosition":[-47.136,300.926,-69.477],"stabilizedTipPosition":[-99.0085,216.732,136.025],"timeVisible":0.596454,"tipPosition":[-56.3882,267.534,-54.5667],"tipVelocity":[18.1929,20.8061,-118.962],"tool":false,"touchDistance":0.333333,"touchZone":"none","type":2,"width":17.4211},{"bases":[[[0.9279,-0.356374,0.109538],[0.296168,0.883036,0.364048],[-0.226463,-0.305359,0.924916]],[[0.918006,-0.368406,0.146772],[0.365361,0.641801,-0.674243],[0.154197,0.672584,0.723778]],[[0.918006,-0.368406,0.146772],[0.0301911,-0.304107,-0.952159],[0.395416,0.878519,-0.268049]],[[0.918006,-0.368406,0.146772],[-0.182794,-0.721544,-0.667802],[0.351925,0.586217,-0.729725]]],"btipPosition":[-44.1082,263.781,-39.3827],"carpPosition":[-34.7243,306.159,24.09],"dipPosition":[-38.0784,273.825,-51.8856],"direction":[-0.395416,-0.878519,0.268049],"extended":false,"handId":237,"id":2373,"length":59.0831,"mcpPosition":[-21.7155,323.7,-29.0399],"pipPosition":[-28.0334,296.143,-58.6951],"stabilizedTipPosition":[-87.6892,216.305,154.637],"timeVisible":0.596454,"tipPosition":[-42.4721,266.286,-43.1281],"tipVelocity":[1.30869,17.7871,-68.9558],"tool":false,"touchDistance":0.333333,"touchZone":"none","type":3,"width":16.5772},{"bases":[[[0.833677,-0.530292,0.154184],[0.415706,0.786387,0.456928],[-0.363554,-0.316836,0.876039]],[[0.754731,-0.578614,0.309171],[0.6315,0.513091,-0.581331],[0.177733,0.63399,0.752641]],[[0.754731,-0.578614,0.309171],[0.133676,-0.325747,-0.935959],[0.642271,0.747726,-0.168504]],[[0.754731,-0.578614,0.309171],[-0.218165,-0.665818,-0.713506],[0.618697,0.471055,-0.628746]]],"btipPosition":[-32.3904,273.3,-34.4625],"carpPosition":[-24.6597,297.867,23.5643],"dipPosition":[-22.6109,280.745,-44.401],"direction":[-0.642271,-0.747726,0.168504],"extended":false,"handId":237,"id":2374,"length":46.32,"mcpPosition":[-5.32795,314.714,-23.0185],"pipPosition":[-11.091,294.157,-47.4233],"stabilizedTipPosition":[-81.9561,233.199,145.851],"timeVisible":0.596454,"tipPosition":[-30.2551,274.98,-36.5886],"tipVelocity":[11.028,28.8136,-123.529],"tool":false,"touchDistance":0.333333,"touchZone":"none","type":4,"width":14.7252}],"r":[[0.56134,-0.671544,0.48366],[0.79774,0.594604,-0.100278],[-0.220245,0.442125,0.869493]],"s":0.862466,"t":[78.6081,76.4386,-221.946],"timestamp":2877186404},false],[3,{"currentFrameRate":109.984,"devices":[],"gestures":[],"hands":[{"armBasis":[[0.954445,0.0948472,-0.282912],[0.0659425,0.857646,0.509995],[0.29101,-0.505418,0.812321]],"armWidth":58.4334,"confidence":0.473473,"direction":[0.122161,0.462018,-0.878417],"elbow":[32.0795,169.626,227.513],"grabStrength":0,"id":237,"palmNormal":[-0.0713473,-0.878668,-0.472073],"palmPosition":[-41.1275,315.007,-19.5059],"palmVelocity":[2.14586,43.4377,-176.394],"palmWidth":83.4409,"pinchStrength":0.880082,"r":[[0.558934,-0.671826,0.486049],[0.79853,0.594065,-0.097144],[-0.223481,0.442421,0.868516]],"s":0.86577,"sphereCenter":[-47.034,291.893,-54.8794],"sphereRadius":42.8955,"stabilizedPalmPosition":[-79.2081,284.751,128.566],"t":[78.611,76.8902,-223.745],"timeVisible":0.605274,"type":"right","wrist":[-39.9743,294.768,26.3832]}],"id":276322,"interactionBox":{"center":[0,200,0],"size":[235.247,235.247,147.751]},"pointables":[{"bases":[[[0.486003,0.827634,0.280755],[-0.812467,0.309493,0.494075],[0.322022,-0.468227,0.82284]],[[0.371632,0.927899,0.0298744],[-0.864689,0.334243,0.374959],[0.337939,-0.165179,0.92656]],[[0.371632,0.927899,0.0298744],[-0.909296,0.370295,-0.1899],[-0.18727,0.0434082,0.981349]],[[0.371632,0.927899,0.0298744],[-0.762464,0.323416,-0.560403],[-0.529659,0.185485,0.827681]]],"btipPosition":[-65.1909,289.985,-68.3416],"carpPosition":[-66.9442,287.761,22.52],"dipPosition":[-76.5584,293.965,-50.578],"direction":[0.18727,-0.0434082,-0.981349],"extended":false,"handId":237,"id":2370,"length":47.7925,"mcpPosition":[-66.9442,287.761,22.52],"pipPosition":[-82.4137,295.323,-19.8943],"stabilizedTipPosition":[-120.231,257.66,88.312],"timeVisible":0.605274,"tipPosition":[-67.7748,290.136,-64.436],"tipVelocity":[9.83493,74.8237,-182.974],"tool":false,"touchDistance":-0.544328,"touchZone":"hovering","type":0,"width":18.5699},{"bases":[[[0.9964,-0.0410594,-0.0741683],[0.0637659,0.939507,0.336542],[0.0558634,-0.34006,0.938743]],[[0.997693,-0.0678914,0.000492189],[0.0619987,0.914004,0.400941],[-0.0276703,-0.399985,0.916104]],[[0.997693,-0.0678914,0.000492189],[0.0650207,0.957542,0.280864],[-0.0195396,-0.280184,0.959747]],[[0.997693,-0.0678914,0.000492189],[0.0667082,0.981602,0.178908],[-0.0126294,-0.178462,0.983866]]],"btipPosition":[-59.192,354.868,-113.199],"carpPosition":[-57.1443,307.16,22.9152],"dipPosition":[-59.3899,352.072,-97.7833],"direction":[0.0195396,0.280184,-0.959747],"extended":true,"handId":237,"id":2371,"length":53.9285,"mcpPosition":[-60.9132,330.103,-40.4178],"pipPosition":[-59.823,345.862,-76.5104],"stabilizedTipPosition":[-97.8328,322.378,-0.962826],"timeVisible":0.605274,"tipPosition":[-58.6708,352.849,-109.989],"tipVelocity":[28.5082,78.0439,-173.513],"tool":false,"touchDistance":-0.541702,"touchZone":"hovering","type":1,"width":17.738},{"bases":[[[0.969219,-0.246183,-0.00293706],[0.232512,0.911346,0.339687],[-0.0809483,-0.329914,0.940534]],[[0.965658,-0.257952,0.0310768],[0.217288,0.736213,-0.640918],[0.142447,0.62566,0.76698]],[[0.965658,-0.257952,0.0310768],[-0.0255986,-0.213487,-0.97661],[0.258553,0.942276,-0.212759]],[[0.965658,-0.257952,0.0310768],[-0.162298,-0.692282,-0.70314],[0.20289,0.673948,-0.710372]]],"btipPosition":[-57.301,265.619,-54.1817],"carpPosition":[-45.9449,308.352,22.105],"dipPosition":[-53.8046,277.233,-66.4234],"direction":[-0.258553,-0.942276,0.212759],"extended":false,"handId":237,"id":2372,"length":61.4471,"mcpPosition":[-40.7659,329.46,-38.07],"pipPosition":[-47.0622,301.805,-71.9716],"stabilizedTipPosition":[-99.0029,216.739,135.999],"timeVisible":0.605274,"tipPosition":[-56.4622,268.379,-57.221],"tipVelocity":[11.0114,41.0912,-168.213],"tool":false,"touchDistance":0.333333,"touchZone":"none","type":2,"width":17.4211},{"bases":[[[0.926439,-0.360045,0.109904],[0.298465,0.880447,0.368418],[-0.229411,-0.308514,0.923141]],[[0.916429,-0.372198,0.147057],[0.36831,0.640669,-0.673715],[0.156541,0.671574,0.724212]],[[0.916429,-0.372198,0.147057],[0.0290713,-0.304576,-0.952044],[0.399139,0.876757,-0.268302]],[[0.916429,-0.372198,0.147057],[-0.185468,-0.720616,-0.668067],[0.354625,0.584962,-0.729425]]],"btipPosition":[-44.2781,264.503,-41.7422],"carpPosition":[-34.8266,306.593,21.6449],"dipPosition":[-38.202,274.526,-54.2401],"direction":[-0.399139,-0.876757,0.268302],"extended":false,"handId":237,"id":2373,"length":59.0831,"mcpPosition":[-21.6485,324.315,-31.3831],"pipPosition":[-28.0624,296.799,-61.056],"stabilizedTipPosition":[-87.6831,216.311,154.61],"timeVisible":0.605274,"tipPosition":[-42.6289,267.002,-45.5122],"tipVelocity":[-3.91802,34.9422,-122.516],"tool":false,"touchDistance":0.333333,"touchZone":"none","type":3,"width":16.5772},{"bases":[[[0.831525,-0.533825,0.153614],[0.417479,0.78299,0.461127],[-0.36644,-0.319308,0.873936]],[[0.753293,-0.582019,0.306274],[0.63194,0.511512,-0.582244],[0.182214,0.632147,0.753119]],[[0.753293,-0.582019,0.306274],[0.129042,-0.325836,-0.936578],[0.644902,0.74504,-0.170345]],[[0.753293,-0.582019,0.306274],[-0.223022,-0.664147,-0.713561],[0.618717,0.469215,-0.630101]]],"btipPosition":[-32.5597,273.969,-36.7718],"carpPosition":[-24.7896,298.268,21.1043],"dipPosition":[-22.7798,281.386,-46.7317],"direction":[-0.644902,-0.74504,0.170345],"extended":false,"handId":237,"id":2374,"length":46.32,"mcpPosition":[-5.30441,315.247,-25.3667],"pipPosition":[-11.2128,294.749,-49.787],"stabilizedTipPosition":[-81.949,233.205,145.825],"timeVisible":0.605274,"tipPosition":[-30.3813,275.652,-39.0072],"tipVelocity":[2.87399,41.3228,-161.007],"tool":false,"touchDistance":0.333333,"touchZone":"none","type":4,"width":14.7252}],"r":[[0.558934,-0.671826,0.486049],[0.79853,0.594065,-0.097144],[-0.223481,0.442421,0.868516]],"s":0.86577,"t":[78.611,76.8902,-223.745],"timestamp":2877195224},false],[4,{"currentFrameRate":109.998,"devices":[],"gestures":[],"hands":[{"armBasis":[[0.956691,0.0974616,-0.274307],[0.0601248,0.855819,0.513768],[0.28483,-0.50801,0.812895]],"armWidth":58.4334,"confidence":0.495293,"direction":[0.124526,0.455899,-0.881277],"elbow":[30.5096,169.369,226.16],"grabStrength":0,"id":237,"palmNormal":[-0.0670904,-0.882289,-0.465903],"palmPosition":[-41.0334,315.052,-21.1525],"palmVelocity":[4.42312,32.8039,-177.841],"palmWidth":83.4409,"pinchStrength":0.866365,"r":[[0.556961,-0.671038,0.489391],[0.798914,0.593919,-0.0948554],[-0.227007,0.443812,0.866891]],"s":0.869301,"sphereCenter":[-47.2527,291.978,-56.322],"sphereRadius":42.8752,"stabilizedPalmPosition":[-79.2054,284.753,128.555],"t":[78.6595,77.1384,-225.468],"timeVisible":0.61434,"type":"right","wrist":[-40.0141,295.152,24.8881]}],"id":276323,"interactionBox":{"center":[0,200,0],"size":[235.247,235.247,147.751]},"pointables":[{"bases":[[[0.482658,0.830966,0.276653],[-0.815297,0.310926,0.488484],[0.319895,-0.461325,0.827555]],[[0.36991,0.928696,0.0262666],[-0.866303,0.334568,0.370922],[0.335685,-0.159963,0.928293]],[[0.36991,0.928696,0.0262666],[-0.909098,0.367645,-0.195901],[-0.191589,0.0485869,0.980272]],[[0.36991,0.928696,0.0262666],[-0.758574,0.31823,-0.568591],[-0.536407,0.190402,0.822201]]],"btipPosition":[-64.813,289.763,-69.823],"carpPosition":[-66.9493,288.046,20.9666],"dipPosition":[-76.3253,293.849,-52.177],"direction":[0.191589,-0.0485869,-0.980272],"extended":false,"handId":237,"id":2370,"length":47.7925,"mcpPosition":[-66.9493,288.046,20.9666],"pipPosition":[-82.3157,295.368,-21.527],"stabilizedTipPosition":[-120.17,257.698,88.1346],"timeVisible":0.61434,"tipPosition":[-67.4294,289.928,-65.9519],"tipVelocity":[17.619,48.1273,-178.39],"tool":false,"touchDistance":-0.540855,"touchZone":"hovering","type":0,"width":18.5699},{"bases":[[[0.9968,-0.0389331,-0.0698119],[0.059902,0.942113,0.3299],[0.0529267,-0.333026,0.941431]],[[0.997925,-0.064337,0.00253128],[0.0579827,0.915066,0.399114],[-0.0279941,-0.398139,0.916898]],[[0.997925,-0.064337,0.00253128],[0.0610861,0.958461,0.278605],[-0.0203507,-0.277872,0.960402]],[[0.997925,-0.064337,0.00253128],[0.0628863,0.982354,0.176143],[-0.0138191,-0.175618,0.984361]]],"btipPosition":[-59.0028,354.538,-115.089],"carpPosition":[-57.2025,307.473,21.2594],"dipPosition":[-59.2193,351.786,-99.6662],"direction":[0.0203507,0.277872,-0.960402],"extended":true,"handId":237,"id":2371,"length":53.9285,"mcpPosition":[-60.7733,329.941,-42.2549],"pipPosition":[-59.6704,345.627,-78.3788],"stabilizedTipPosition":[-97.6802,322.502,-1.39803],"timeVisible":0.61434,"tipPosition":[-58.4729,352.534,-111.872],"tipVelocity":[26.2694,46.7293,-183.138],"tool":false,"touchDistance":-0.544199,"touchZone":"hovering","type":1,"width":17.738},{"bases":[[[0.969871,-0.243601,0.00281048],[0.228708,0.914428,0.333937],[-0.0839175,-0.323233,0.942591]],[[0.966122,-0.255343,0.0375322],[0.216704,0.7236,-0.655319],[0.140173,0.641251,0.75442]],[[0.966122,-0.255343,0.0375322],[-0.024265,-0.234648,-0.971777],[0.256944,0.937945,-0.232895]],[[0.966122,-0.255343,0.0375322],[-0.159718,-0.705764,-0.690208],[0.202729,0.66083,-0.722637]]],"btipPosition":[-57.0239,265.178,-54.6406],"carpPosition":[-46.0031,308.689,20.486],"dipPosition":[-53.5303,276.566,-67.0937],"direction":[-0.256944,-0.937945,0.232895],"extended":false,"handId":237,"id":2372,"length":61.4471,"mcpPosition":[-40.6341,329.369,-39.8205],"pipPosition":[-46.83,301.025,-73.1669],"stabilizedTipPosition":[-98.9985,216.744,135.98],"timeVisible":0.61434,"tipPosition":[-56.1546,267.966,-57.9924],"tipVelocity":[16.3925,14.725,-137.205],"tool":false,"touchDistance":0.333333,"touchZone":"none","type":2,"width":17.4211},{"bases":[[[0.926932,-0.356748,0.116308],[0.294625,0.883917,0.363162],[-0.232364,-0.302359,0.924438]],[[0.916821,-0.368637,0.153449],[0.368696,0.634002,-0.679783],[0.153307,0.679815,0.717181]],[[0.916821,-0.368637,0.153449],[0.0318499,-0.315556,-0.948372],[0.398027,0.874375,-0.277567]],[[0.916821,-0.368637,0.153449],[-0.182239,-0.728239,-0.660649],[0.355287,0.577733,-0.734844]]],"btipPosition":[-44.0108,264.36,-42.7612],"carpPosition":[-34.8784,306.956,20.0841],"dipPosition":[-37.9234,274.259,-55.3519],"direction":[-0.398027,-0.874375,0.277567],"extended":false,"handId":237,"id":2373,"length":59.0831,"mcpPosition":[-21.5307,324.325,-33.0183],"pipPosition":[-27.8121,296.471,-62.4032],"stabilizedTipPosition":[-87.6784,216.317,154.589],"timeVisible":0.61434,"tipPosition":[-42.3544,266.823,-46.5791],"tipVelocity":[5.38865,20.0474,-120.371],"tool":false,"touchDistance":0.333333,"touchZone":"none","type":3,"width":16.5772},{"bases":[[[0.832301,-0.530457,0.160906],[0.413516,0.787461,0.457067],[-0.369161,-0.31388,0.874757]],[[0.755338,-0.576995,0.310713],[0.628896,0.504894,-0.591246],[0.184268,0.641996,0.744235]],[[0.755338,-0.576995,0.310713],[0.124611,-0.33902,-0.93249],[0.643379,0.743063,-0.184175]],[[0.755338,-0.576995,0.310713],[-0.224982,-0.673625,-0.703997],[0.615506,0.461851,-0.638628]]],"btipPosition":[-32.4312,273.9,-37.6034],"carpPosition":[-24.8173,298.654,19.6454],"dipPosition":[-22.7021,281.2,-47.6981],"direction":[-0.643379,-0.743063,0.184175],"extended":false,"handId":237,"id":2374,"length":46.32,"mcpPosition":[-5.18734,315.345,-26.8692],"pipPosition":[-11.1624,294.528,-51.0014],"stabilizedTipPosition":[-81.9434,233.21,145.805],"timeVisible":0.61434,"tipPosition":[-30.1916,275.572,-40.034],"tipVelocity":[5.64037,26.9679,-142.811],"tool":false,"touchDistance":0.333333,"touchZone":"none","type":4,"width":14.7252}],"r":[[0.556961,-0.671038,0.489391],[0.798914,0.593919,-0.0948554],[-0.227007,0.443812,0.866891]],"s":0.869301,"t":[78.6595,77.1384,-225.468],"timestamp":2877204290},false],[5,{"currentFrameRate":109.85,"devices":[],"gestures":[],"hands":[{"armBasis":[[0.957208,0.099609,-0.271718],[0.0574374,0.854833,0.515714],[0.283643,-0.509253,0.812532]],"armWidth":58.4334,"confidence":0.513064,"direction":[0.123972,0.455798,-0.881407],"elbow":[30.3017,168.857,225.594],"grabStrength":0,"id":237,"palmNormal":[-0.0647114,-0.882655,-0.465545],"palmPosition":[-40.967,314.824,-21.6379],"palmVelocity":[5.17859,16.5807,-142.045],"palmWidth":83.4409,"pinchStrength":0.85168,"r":[[0.555632,-0.670095,0.492185],[0.798943,0.594176,-0.0929807],[-0.230139,0.44489,0.865511]],"s":0.873331,"sphereCenter":[-47.5558,292.017,-56.7348],"sphereRadius":42.8581,"stabilizedPalmPosition":[-79.2035,284.755,128.548],"t":[78.7169,77.1487,-226.572],"timeVisible":0.623708,"type":"right","wrist":[-39.9281,294.948,24.4122]}],"id":276324,"interactionBox":{"center":[0,200,0],"size":[235.247,235.247,147.751]},"pointables":[{"bases":[[[0.480514,0.832236,0.276568],[-0.816328,0.309205,0.487854],[0.320493,-0.460191,0.827954]],[[0.368857,0.929053,0.0283683],[-0.866216,0.33252,0.372961],[0.337067,-0.162142,0.927413]],[[0.368857,0.929053,0.0283683],[-0.909461,0.367043,-0.195345],[-0.191898,0.0462543,0.980324]],[[0.368857,0.929053,0.0283683],[-0.757769,0.318247,-0.569653],[-0.538267,0.188624,0.821395]]],"btipPosition":[-64.7214,289.703,-70.2559],"carpPosition":[-66.844,287.775,20.4778],"dipPosition":[-76.2736,293.751,-52.6272],"direction":[0.191898,-0.0462543,-0.980324],"extended":false,"handId":237,"id":2370,"length":47.7925,"mcpPosition":[-66.844,287.775,20.4778],"pipPosition":[-82.2736,295.198,-21.9756],"stabilizedTipPosition":[-120.122,257.728,87.9925],"timeVisible":0.623708,"tipPosition":[-67.3192,289.832,-66.3918],"tipVelocity":[15.1145,32.3859,-140.967],"tool":false,"touchDistance":-0.521657,"touchZone":"hovering","type":0,"width":18.5699},{"bases":[[[0.996932,-0.0365932,-0.0691956],[0.0574625,0.942401,0.329512],[0.0531522,-0.332477,0.941612]],[[0.998123,-0.0612372,0.00107829],[0.0556134,0.913553,0.402899],[-0.0256575,-0.402083,0.915244]],[[0.998123,-0.0612372,0.00107829],[0.0584531,0.957706,0.281748],[-0.0182862,-0.281156,0.959488]],[[0.998123,-0.0612372,0.00107829],[0.0600615,0.982104,0.178507],[-0.0119902,-0.178107,0.983938]]],"btipPosition":[-59.1255,354.521,-115.501],"carpPosition":[-57.1436,307.226,20.7677],"dipPosition":[-59.3134,351.73,-100.085],"direction":[0.0182862,0.281156,-0.959488],"extended":true,"handId":237,"id":2371,"length":53.9285,"mcpPosition":[-60.7296,329.657,-42.7589],"pipPosition":[-59.7187,345.498,-78.8176],"stabilizedTipPosition":[-97.5636,322.597,-1.73284],"timeVisible":0.623708,"tipPosition":[-58.584,352.524,-112.29],"tipVelocity":[15.2849,32.6673,-143.654],"tool":false,"touchDistance":-0.524313,"touchZone":"hovering","type":1,"width":17.738},{"bases":[[[0.970446,-0.241292,0.00350281],[0.226331,0.915119,0.333662],[-0.0837156,-0.323009,0.942686]],[[0.966638,-0.253199,0.0387412],[0.214368,0.716888,-0.663414],[0.140203,0.649587,0.747249]],[[0.966638,-0.253199,0.0387412],[-0.0256985,-0.246349,-0.968841],[0.254853,0.935523,-0.244637]],[[0.966638,-0.253199,0.0387412],[-0.159323,-0.712762,-0.683072],[0.200566,0.654111,-0.729323]]],"btipPosition":[-56.8899,264.754,-54.3938],"carpPosition":[-45.9467,308.468,20.0005],"dipPosition":[-53.4336,276.026,-66.9622],"direction":[-0.254853,-0.935523,0.244637],"extended":false,"handId":237,"id":2372,"length":61.4471,"mcpPosition":[-40.5906,329.134,-40.3122],"pipPosition":[-46.7877,300.422,-73.3416],"stabilizedTipPosition":[-98.9951,216.748,135.964],"timeVisible":0.623708,"tipPosition":[-56.0104,267.562,-57.9459],"tipVelocity":[15.5397,-3.143,-91.5543],"tool":false,"touchDistance":0.333333,"touchZone":"none","type":2,"width":17.4211},{"bases":[[[0.927708,-0.35449,0.117026],[0.292303,0.884778,0.362941],[-0.232201,-0.302496,0.924434]],[[0.917638,-0.366349,0.154045],[0.366567,0.630493,-0.684184],[0.153526,0.684301,0.712855]],[[0.917638,-0.366349,0.154045],[0.030422,-0.321724,-0.946344],[0.396252,0.873088,-0.284081]],[[0.917638,-0.366349,0.154045],[-0.182029,-0.73201,-0.656526],[0.35328,0.574412,-0.738406]]],"btipPosition":[-43.889,264.079,-42.8354],"carpPosition":[-34.8176,306.762,19.6061],"dipPosition":[-37.8359,273.921,-55.4871],"direction":[-0.396252,-0.873088,0.284081],"extended":false,"handId":237,"id":2373,"length":59.0831,"mcpPosition":[-21.4793,324.138,-33.4962],"pipPosition":[-27.7696,296.1,-62.7038],"stabilizedTipPosition":[-87.675,216.32,154.574],"timeVisible":0.623708,"tipPosition":[-42.2322,266.535,-46.7184],"tipVelocity":[7.31392,5.4389,-88.8536],"tool":false,"touchDistance":0.333333,"touchZone":"none","type":3,"width":16.5772},{"bases":[[[0.833463,-0.528404,0.161645],[0.411367,0.788647,0.45696],[-0.36894,-0.314364,0.874676]],[[0.759334,-0.573839,0.306792],[0.619564,0.493493,-0.610415],[0.19888,0.653586,0.730255]],[[0.759334,-0.573839,0.306792],[0.10563,-0.356521,-0.928297],[0.642071,0.737294,-0.210104]],[[0.759334,-0.573839,0.306792],[-0.237196,-0.683138,-0.690696],[0.605929,0.451699,-0.654842]]],"btipPosition":[-32.6611,273.643,-36.8928],"carpPosition":[-24.7365,298.484,19.1772],"dipPosition":[-23.0834,280.783,-47.2437],"direction":[-0.642071,-0.737294,0.210104],"extended":false,"handId":237,"id":2374,"length":46.32,"mcpPosition":[-5.11836,315.2,-27.3332],"pipPosition":[-11.5672,294.007,-51.0121],"stabilizedTipPosition":[-81.9392,233.213,145.79],"timeVisible":0.623708,"tipPosition":[-30.2841,275.326,-39.7274],"tipVelocity":[-3.98916,10.3995,-82.4867],"tool":false,"touchDistance":0.333333,"touchZone":"none","type":4,"width":14.7252}],"r":[[0.555632,-0.670095,0.492185],[0.798943,0.594176,-0.0929807],[-0.230139,0.44489,0.865511]],"s":0.873331,"t":[78.7169,77.1487,-226.572],"timestamp":2877213658},false],[6,{"currentFrameRate":110.066,"devices":[],"gestures":[],"hands":[{"armBasis":[[0.958326,0.0987599,-0.268063],[0.0562422,0.854756,0.515975],[0.280086,-0.509548,0.81358]],"armWidth":58.4334,"confidence":0.52145,"direction":[0.123567,0.459234,-0.879679],"elbow":[29.5377,168.593,225.219],"grabStrength":0,"id":237,"palmNormal":[-0.0630589,-0.881047,-0.468806],"palmPosition":[-40.8649,314.8,-22.2003],"palmVelocity":[6.92711,11.43,-121.39],"palmWidth":83.4409,"pinchStrength":0.840102,"r":[[0.554746,-0.669515,0.49397],[0.79877,0.594718,-0.0909805],[-0.23286,0.445039,0.864706]],"s":0.877615,"sphereCenter":[-47.8583,292.397,-57.3332],"sphereRadius":42.8693,"stabilizedPalmPosition":[-79.2022,284.756,128.542],"t":[78.7967,77.1419,-227.405],"timeVisible":0.632409,"type":"right","wrist":[-39.8114,294.757,23.7771]}],"id":276325,"interactionBox":{"center":[0,200,0],"size":[235.247,235.247,147.751]},"pointables":[{"bases":[[[0.47902,0.832012,0.279814],[-0.817035,0.306058,0.488653],[0.320926,-0.462693,0.826391]],[[0.368374,0.929054,0.0340323],[-0.865921,0.329559,0.376261],[0.338351,-0.168074,0.925889]],[[0.368374,0.929054,0.0340323],[-0.909634,0.367751,-0.193199],[-0.192008,0.0402126,0.980569]],[[0.368374,0.929054,0.0340323],[-0.757938,0.321321,-0.567699],[-0.538359,0.183331,0.822532]]],"btipPosition":[-64.6445,290.056,-70.8905],"carpPosition":[-66.7138,287.554,19.8055],"dipPosition":[-76.1987,293.991,-53.2374],"direction":[0.192008,-0.0402126,-0.980569],"extended":false,"handId":237,"id":2370,"length":47.7925,"mcpPosition":[-66.7138,287.554,19.8055],"pipPosition":[-82.2022,295.248,-22.5781],"stabilizedTipPosition":[-120.084,257.752,87.8819],"timeVisible":0.632409,"tipPosition":[-67.2123,290.138,-67.0196],"tipVelocity":[13.424,33.7713,-122.643],"tool":false,"touchDistance":-0.507259,"touchZone":"hovering","type":0,"width":18.5699},{"bases":[[[0.997019,-0.0346845,-0.0689245],[0.0557652,0.94128,0.332989],[0.0533277,-0.33584,0.940408]],[[0.998262,-0.058921,-0.000621862],[0.053968,0.910008,0.411064],[-0.0236544,-0.410383,0.911606]],[[0.998262,-0.058921,-0.000621862],[0.0565709,0.955386,0.289891],[-0.0164866,-0.289423,0.957059]],[[0.998262,-0.058921,-0.000621862],[0.0580047,0.980771,0.186341],[-0.0103695,-0.186053,0.982485]]],"btipPosition":[-59.1838,355.176,-115.797],"carpPosition":[-57.0459,307.02,20.1707],"dipPosition":[-59.3463,352.261,-100.403],"direction":[0.0164866,0.289423,-0.957059],"extended":true,"handId":237,"id":2371,"length":53.9285,"mcpPosition":[-60.6437,329.678,-43.2747],"pipPosition":[-59.7117,345.846,-79.1901],"stabilizedTipPosition":[-97.4691,322.676,-2.0052],"timeVisible":0.632409,"tipPosition":[-58.6416,353.147,-112.606],"tipVelocity":[9.59887,43.1762,-114.561],"tool":false,"touchDistance":-0.504732,"touchZone":"hovering","type":1,"width":17.738},{"bases":[[[0.970844,-0.239693,0.00301187],[0.224677,0.914264,0.337109],[-0.0835561,-0.326603,0.941461]],[[0.967,-0.251844,0.0385303],[0.212802,0.715247,-0.665685],[0.14009,0.651917,0.745237]],[[0.967,-0.251844,0.0385303],[-0.0265276,-0.249938,-0.967898],[0.25339,0.934936,-0.248371]],[[0.967,-0.251844,0.0385303],[-0.158936,-0.714502,-0.681342],[0.199122,0.652734,-0.730951]]],"btipPosition":[-56.7361,264.735,-54.689],"carpPosition":[-45.8507,308.283,19.4126],"dipPosition":[-53.3047,275.983,-67.2854],"direction":[-0.25339,-0.934936,0.248371],"extended":false,"handId":237,"id":2372,"length":61.4471,"mcpPosition":[-40.5048,329.179,-40.8217],"pipPosition":[-46.697,300.364,-73.7622],"stabilizedTipPosition":[-98.9924,216.751,135.952],"timeVisible":0.632409,"tipPosition":[-55.8535,267.561,-58.3349],"tipVelocity":[15.9337,-3.04416,-76.3778],"tool":false,"touchDistance":0.333333,"touchZone":"none","type":2,"width":17.4211},{"bases":[[[0.928248,-0.353377,0.116101],[0.290688,0.883925,0.366302],[-0.232068,-0.30627,0.923224]],[[0.918136,-0.365439,0.153235],[0.36427,0.626116,-0.68941],[0.155995,0.688791,0.707978]],[[0.918136,-0.365439,0.153235],[0.0267698,-0.328614,-0.944085],[0.395361,0.8709,-0.29193]],[[0.918136,-0.365439,0.153235],[-0.183763,-0.735254,-0.652406],[0.351081,0.570838,-0.742217]]],"btipPosition":[-43.8385,264.064,-42.891],"carpPosition":[-34.7186,306.597,19.0164],"dipPosition":[-37.8231,273.844,-55.6081],"direction":[-0.395361,-0.8709,0.29193],"extended":false,"handId":237,"id":2373,"length":59.0831,"mcpPosition":[-21.388,324.19,-34.0164],"pipPosition":[-27.7795,295.968,-63.0241],"stabilizedTipPosition":[-87.6727,216.323,154.564],"timeVisible":0.632409,"tipPosition":[-42.1655,266.529,-46.9058],"tipVelocity":[6.64434,3.0929,-67.3146],"tool":false,"touchDistance":0.333333,"touchZone":"none","type":3,"width":16.5772},{"bases":[[[0.834275,-0.527609,0.160044],[0.409873,0.787647,0.460017],[-0.368767,-0.318183,0.873367]],[[0.76129,-0.573195,0.303125],[0.615544,0.491917,-0.615731],[0.203821,0.655336,0.727318]],[[0.76129,-0.573195,0.303125],[0.0985758,-0.359744,-0.927829],[0.640874,0.736228,-0.217367]],[[0.76129,-0.573195,0.303125],[-0.241441,-0.684461,-0.68791],[0.601784,0.450513,-0.659466]]],"btipPosition":[-32.6307,273.681,-37.1405],"carpPosition":[-24.6236,298.337,18.5612],"dipPosition":[-23.1185,280.802,-47.5645],"direction":[-0.640874,-0.736228,0.217367],"extended":false,"handId":237,"id":2374,"length":46.32,"mcpPosition":[-5.01467,315.256,-27.8795],"pipPosition":[-11.6237,294.007,-51.4632],"stabilizedTipPosition":[-81.9363,233.215,145.78],"timeVisible":0.632409,"tipPosition":[-30.2258,275.37,-40.0938],"tipVelocity":[-2.45345,8.65069,-68.5912],"too