{"sensorType":"Leap","data":[[0,{"currentFrameRate":110.379,"devices":[],"gestures":[],"hands":[{"armBasis":[[0.924688,-0.0110115,-0.380565],[0.195498,0.87147,0.449801],[0.326698,-0.490326,0.807991]],"armWidth":58.4334,"confidence":0.591643,"direction":[0.133499,0.500939,-0.855125],"elbow":[46.9599,166.677,229.338],"grabStrength":0,"id":241,"palmNormal":[-0.185649,-0.834933,-0.518094],"palmPosition":[-34.86,311.173,-15.2469],"palmVelocity":[51.3593,16.6668,-237.853],"palmWidth":83.4409,"pinchStrength":0.863296,"r":[[0.798842,-0.444656,0.405134],[0.453457,0.887668,0.0801387],[-0.395258,0.119692,0.910738]],"s":1.03609,"sphereCenter":[-40.8553,287.271,-51.0252],"sphereRadius":43.0209,"stabilizedPalmPosition":[-84.6263,275.243,133.288],"t":[86.0683,71.1906,-225.566],"timeVisible":0.479076,"type":"right","wrist":[-33.9302,288.081,29.2802]}],"id":278124,"interactionBox":{"center":[0,200,0],"size":[235.247,235.247,147.751]},"pointables":[{"bases":[[[0.583835,0.752823,0.303964],[-0.752546,0.361322,0.550564],[0.304648,-0.550186,0.777487]],[[0.467474,0.881957,0.0601663],[-0.801713,0.394297,0.449206],[0.372457,-0.258228,0.8914]],[[0.467474,0.881957,0.0601663],[-0.853762,0.468084,-0.228006],[-0.229254,0.0552191,0.971799]],[[0.467474,0.881957,0.0601663],[-0.606115,0.369322,-0.704433],[-0.643501,0.292837,0.707215]]],"btipPosition":[-57.7089,288.008,-60.0183],"carpPosition":[-61.638,284.198,26.3498],"dipPosition":[-71.5196,294.293,-44.8401],"direction":[0.229254,-0.0552191,-0.971799],"extended":false,"handId":241,"id":2410,"length":47.7925,"mcpPosition":[-61.638,284.198,26.3498],"pipPosition":[-78.6877,296.019,-14.455],"stabilizedTipPosition":[-111.807,250.472,84.0752],"timeVisible":0.479076,"tipPosition":[-60.1339,288.185,-56.495],"tipVelocity":[126.789,40.6429,-280.21],"tool":false,"touchDistance":-0.662456,"touchZone":"hovering","type":0,"width":18.5699},{"bases":[[[0.9821,-0.140574,-0.125375],[0.178871,0.904627,0.386853],[0.0590363,-0.402354,0.913579]],[[0.982235,-0.186867,-0.0171857],[0.181605,0.923505,0.337872],[-0.0472659,-0.334991,0.941035]],[[0.982235,-0.186867,-0.0171857],[0.185513,0.953147,0.238948],[-0.028271,-0.237892,0.97088]],[[0.982235,-0.186867,-0.0171857],[0.187199,0.96935,0.159112],[-0.0130737,-0.159502,0.987111]]],"btipPosition":[-51.0882,350.514,-108.311],"carpPosition":[-49.7989,302.399,27.3853],"dipPosition":[-51.2931,348.015,-92.8445],"direction":[0.028271,0.237892,-0.97088],"extended":true,"handId":241,"id":2411,"length":53.9285,"mcpPosition":[-53.7819,329.545,-34.25],"pipPosition":[-51.9197,342.742,-71.3249],"stabilizedTipPosition":[-94.5826,320.008,-11.3195],"timeVisible":0.479076,"tipPosition":[-50.8044,348.089,-105.07],"tipVelocity":[109.258,62.4908,-245.627],"tool":false,"touchDistance":-0.664467,"touchZone":"hovering","type":1,"width":17.738},{"bases":[[[0.936067,-0.345784,-0.0648943],[0.343584,0.858785,0.380051],[-0.0756855,-0.37805,0.922686]],[[0.935933,-0.346447,-0.0632768],[0.195882,0.661413,-0.723991],[0.292676,0.665212,0.686901]],[[0.935933,-0.346447,-0.0632768],[-0.151448,-0.23372,-0.960437],[0.317951,0.908488,-0.271215]],[[0.935933,-0.346447,-0.0632768],[-0.286194,-0.643494,-0.709935],[0.205236,0.682561,-0.701419]]],"btipPosition":[-58.5037,261.79,-44.1399],"carpPosition":[-38.5813,302.459,26.0952],"dipPosition":[-54.9669,273.552,-56.2274],"direction":[-0.317951,-0.908488,0.271215],"extended":false,"handId":241,"id":2412,"length":61.4471,"mcpPosition":[-33.739,326.646,-32.9379],"pipPosition":[-46.6757,297.243,-63.2999],"stabilizedTipPosition":[-109.291,222.333,120.018],"timeVisible":0.479076,"tipPosition":[-57.6384,264.573,-46.752],"tipVelocity":[184.746,-42.2626,-240.238],"tool":false,"touchDistance":0.333333,"touchZone":"none","type":2,"width":17.4211},{"bases":[[[0.886145,-0.461397,0.04313],[0.406996,0.819396,0.403663],[-0.221589,-0.34015,0.913891]],[[0.889288,-0.456377,0.0297699],[0.295477,0.523638,-0.79906],[0.349084,0.719391,0.600514]],[[0.889288,-0.456377,0.0297699],[-0.149548,-0.351687,-0.924095],[0.432205,0.817335,-0.381002]],[[0.889288,-0.456377,0.0297699],[-0.328144,-0.682048,-0.653553],[0.318571,0.571429,-0.756295]]],"btipPosition":[-45.759,259.086,-29.4769],"carpPosition":[-27.7469,299.576,24.9873],"dipPosition":[-40.3006,268.876,-42.4351],"direction":[-0.432205,-0.817335,0.381002],"extended":false,"handId":241,"id":2413,"length":59.0831,"mcpPosition":[-15.0181,319.115,-27.5093],"pipPosition":[-29.321,289.64,-52.1139],"stabilizedTipPosition":[-94.346,219.731,126.823],"timeVisible":0.479076,"tipPosition":[-44.2904,261.641,-33.8373],"tipVelocity":[164.095,-20.277,-132.503],"tool":false,"touchDistance":0.333333,"touchZone":"none","type":3,"width":16.5772},{"bases":[[[0.775032,-0.626668,0.0813193],[0.518683,0.704365,0.484601],[-0.360962,-0.333402,0.870947]],[[0.776101,-0.625674,0.0787304],[0.446044,0.456406,-0.769895],[0.44577,0.632634,0.633296]],[[0.776101,-0.625674,0.0787304],[-0.157,-0.312629,-0.936811],[0.610752,0.714699,-0.340863]],[[0.776101,-0.625674,0.0787304],[-0.409426,-0.594902,-0.69171],[0.479622,0.504602,-0.717871]]],"btipPosition":[-32.4929,266.714,-25.9141],"carpPosition":[-18.6968,290.295,23.472],"dipPosition":[-24.9117,274.691,-37.2613],"direction":[-0.610752,-0.714699,0.340863],"extended":false,"handId":241,"id":2414,"length":46.32,"mcpPosition":[0.497137,308.023,-22.8401],"pipPosition":[-13.9572,287.509,-43.375],"stabilizedTipPosition":[-87.3676,223.978,143.589],"timeVisible":0.479076,"tipPosition":[-30.5685,268.673,-29.0129],"tipVelocity":[144.879,17.203,-180.817],"tool":false,"touchDistance":0.333333,"touchZone":"none","type":4,"width":14.7252}],"r":[[0.798842,-0.444656,0.405134],[0.453457,0.887668,0.0801387],[-0.395258,0.119692,0.910738]],"s":1.03609,"t":[86.0683,71.1906,-225.566],"timestamp":2893772016},false],[1,{"currentFrameRate":110.344,"devices":[],"gestures":[],"hands":[{"armBasis":[[0.931424,0.00800475,-0.363848],[0.172057,0.871289,0.459621],[0.320696,-0.490704,0.810162]],"armWidth":58.4334,"confidence":0.594341,"direction":[0.137631,0.500339,-0.854821],"elbow":[45.57,166.998,228.009],"grabStrength":0,"id":241,"palmNormal":[-0.163237,-0.839775,-0.517815],"palmPosition":[-34.4943,311.42,-17.2052],"palmVelocity":[48.2212,19.5453,-231.389],"palmWidth":83.4409,"pinchStrength":0.821697,"r":[[0.799818,-0.43217,0.416557],[0.438978,0.894457,0.0851139],[-0.409376,0.114784,0.905117]],"s":1.04654,"sphereCenter":[-40.1391,287.768,-52.8516],"sphereRadius":43.0263,"stabilizedPalmPosition":[-84.6092,275.255,133.236],"t":[86.4553,71.4299,-227.683],"timeVisible":0.488202,"type":"right","wrist":[-33.834,288.496,27.4137]}],"id":278125,"interactionBox":{"center":[0,200,0],"size":[235.247,235.247,147.751]},"pointables":[{"bases":[[[0.565978,0.763922,0.309988],[-0.766946,0.349949,0.537893],[0.302429,-0.542179,0.78395]],[[0.45281,0.88907,0.0672097],[-0.81396,0.381434,0.438151],[0.363911,-0.253105,0.896385]],[[0.45281,0.88907,0.0672097],[-0.857731,0.454948,-0.239414],[-0.243433,0.0507615,0.968588]],[[0.45281,0.88907,0.0672097],[-0.6028,0.360808,-0.711653],[-0.656959,0.28173,0.699309]]],"btipPosition":[-56.3701,288.073,-62.2448],"carpPosition":[-61.4226,284.12,24.0814],"dipPosition":[-70.4696,294.119,-47.2363],"direction":[0.243433,-0.0507615,-0.968588],"extended":false,"handId":241,"id":2410,"length":47.7925,"mcpPosition":[-61.4226,284.12,24.0814],"pipPosition":[-78.081,295.706,-16.9516],"stabilizedTipPosition":[-111.683,250.565,83.7359],"timeVisible":0.488202,"tipPosition":[-58.8688,288.199,-58.7455],"tipVelocity":[130.299,29.6592,-271.331],"tool":false,"touchDistance":-0.658527,"touchZone":"hovering","type":0,"width":18.5699},{"bases":[[[0.986179,-0.123805,-0.110102],[0.157225,0.908901,0.386237],[0.0522538,-0.39821,0.915805]],[[0.985743,-0.168165,-0.00553626],[0.159643,0.924387,0.346443],[-0.0531418,-0.342388,0.938055]],[[0.985743,-0.168165,-0.00553626],[0.164292,0.954901,0.247329],[-0.0363054,-0.244712,0.968916]],[[0.985743,-0.168165,-0.00553626],[0.166717,0.971758,0.167006],[-0.0227047,-0.165548,0.98594]]],"btipPosition":[-50.1906,350.901,-110.438],"carpPosition":[-49.9194,302.529,25.229],"dipPosition":[-50.5464,348.308,-94.99],"direction":[0.0363054,0.244712,-0.968916],"extended":true,"handId":241,"id":2411,"length":53.9285,"mcpPosition":[-53.4447,329.394,-36.5565],"pipPosition":[-51.3511,342.884,-73.5139],"stabilizedTipPosition":[-94.0205,320.392,-12.5318],"timeVisible":0.488202,"tipPosition":[-49.8952,348.457,-107.209],"tipVelocity":[105.172,56.2459,-242.27],"tool":false,"touchDistance":-0.658323,"touchZone":"hovering","type":1,"width":17.738},{"bases":[[[0.942823,-0.329586,-0.0495812],[0.322796,0.865922,0.382075],[-0.082993,-0.376234,0.9228]],[[0.942691,-0.330178,-0.0481281],[0.186444,0.640863,-0.74467],[0.276717,0.693021,0.665695]],[[0.942691,-0.330178,-0.0481281],[-0.142562,-0.268149,-0.952771],[0.301678,0.90503,-0.299852]],[[0.942691,-0.330178,-0.0481281],[-0.268891,-0.666335,-0.695482],[0.197563,0.668566,-0.71693]]],"btipPosition":[-56.8792,261.097,-44.1836],"carpPosition":[-38.6863,302.78,24.1074],"dipPosition":[-53.4747,272.618,-56.5383],"direction":[-0.301678,-0.90503,0.299852],"extended":false,"handId":241,"id":2412,"length":61.4471,"mcpPosition":[-33.3765,326.851,-34.933],"pipPosition":[-45.6078,296.218,-64.3576],"stabilizedTipPosition":[-108.785,222.727,118.43],"timeVisible":0.488202,"tipPosition":[-56.0187,264.013,-47.5162],"tipVelocity":[181.948,-53.3093,-176.692],"tool":false,"touchDistance":0.333333,"touchZone":"none","type":2,"width":17.4211},{"bases":[[[0.893299,-0.445692,0.0580965],[0.386521,0.827727,0.406779],[-0.229386,-0.340919,0.911678]],[[0.896298,-0.441076,0.0458546],[0.295036,0.515926,-0.804223],[0.331066,0.734352,0.592557]],[[0.896298,-0.441076,0.0458546],[-0.134562,-0.369044,-0.919619],[0.422544,0.818082,-0.390125]],[[0.896298,-0.441076,0.0458546],[-0.309385,-0.696049,-0.647917],[0.317698,0.56654,-0.760329]]],"btipPosition":[-44.3534,259.089,-30.5374],"carpPosition":[-27.7878,300.083,23.1728],"dipPosition":[-38.91,268.796,-43.5647],"direction":[-0.422544,-0.818082,0.390125],"extended":false,"handId":241,"id":2413,"length":59.0831,"mcpPosition":[-14.6112,319.666,-29.1967],"pipPosition":[-28.1759,289.578,-53.4753],"stabilizedTipPosition":[-93.0532,220.78,122.778],"timeVisible":0.488202,"tipPosition":[-42.8723,261.605,-34.9861],"tipVelocity":[161.19,-15.136,-128.459],"tool":false,"touchDistance":0.333333,"touchZone":"none","type":3,"width":16.5772},{"bases":[[[0.78452,-0.612751,0.0952072],[0.498962,0.714936,0.489799],[-0.368192,-0.336752,0.866622]],[[0.785169,-0.612156,0.0936777],[0.446635,0.454974,-0.7704],[0.428984,0.646733,0.630641]],[[0.785169,-0.612156,0.0936777],[-0.142388,-0.325667,-0.934701],[0.602691,0.72056,-0.342867]],[[0.785169,-0.612156,0.0936777],[-0.391628,-0.607999,-0.690626],[0.479727,0.505571,-0.717119]]],"btipPosition":[-31.2801,266.977,-27.219],"carpPosition":[-18.5556,290.956,21.827],"dipPosition":[-23.6972,274.968,-38.5543],"direction":[-0.602691,-0.72056,0.342867],"extended":false,"handId":241,"id":2414,"length":46.32,"mcpPosition":[1.02278,308.863,-24.255],"pipPosition":[-12.8873,287.892,-44.7039],"stabilizedTipPosition":[-86.8999,224.341,142.186],"timeVisible":0.488202,"tipPosition":[-29.332,268.939,-30.4193],"tipVelocity":[141.563,20.5121,-170.222],"tool":false,"touchDistance":0.333333,"touchZone":"none","type":4,"width":14.7252}],"r":[[0.799818,-0.43217,0.416557],[0.438978,0.894457,0.0851139],[-0.409376,0.114784,0.905117]],"s":1.04654,"t":[86.4553,71.4299,-227.683],"timestamp":2893781142},false],[2,{"currentFrameRate":110.36,"devices":[],"gestures":[],"hands":[{"armBasis":[[0.938767,0.01849,-0.344056],[0.154361,0.870174,0.467942],[0.30804,-0.492398,0.814037]],"armWidth":58.4334,"confidence":0.596555,"direction":[0.140073,0.50093,-0.854078],"elbow":[42.6866,166.938,226.774],"grabStrength":0,"id":241,"palmNormal":[-0.146501,-0.842602,-0.518227],"palmPosition":[-34.0731,311.705,-19.4396],"palmVelocity":[47.7839,22.8717,-235.794],"palmWidth":83.4409,"pinchStrength":0.775663,"r":[[0.800565,-0.419902,0.427526],[0.424686,0.900898,0.089587],[-0.422775,0.109844,0.899553]],"s":1.05691,"sphereCenter":[-39.7703,288.451,-55.0019],"sphereRadius":43.0457,"stabilizedPalmPosition":[-84.5951,275.265,133.194],"t":[86.8594,71.6923,-229.859],"timeVisible":0.497234,"type":"right","wrist":[-33.5839,288.855,25.2192]}],"id":278126,"interactionBox":{"center":[0,200,0],"size":[235.247,235.247,147.751]},"pointables":[{"bases":[[[0.552412,0.771835,0.31482],[-0.777237,0.340447,0.529149],[0.301236,-0.536999,0.787965]],[[0.443448,0.893002,0.0768117],[-0.820742,0.370133,0.435183],[0.360189,-0.256024,0.89706]],[[0.443448,0.893002,0.0768117],[-0.859406,0.447965,-0.24647],[-0.254508,0.0432844,0.966102]],[[0.443448,0.893002,0.0768117],[-0.59828,0.358725,-0.716503],[-0.667394,0.271777,0.693342]]],"btipPosition":[-55.2815,288.641,-64.5514],"carpPosition":[-61.0746,284.107,21.5999],"dipPosition":[-69.6051,294.473,-49.6709],"direction":[0.254508,-0.0432844,-0.966102],"extended":false,"handId":241,"id":2410,"length":47.7925,"mcpPosition":[-61.0746,284.107,21.5999],"pipPosition":[-77.5627,295.827,-19.464],"stabilizedTipPosition":[-111.549,250.664,83.372],"timeVisible":0.497234,"tipPosition":[-57.8481,288.675,-61.1137],"tipVelocity":[126.035,37.3105,-267.835],"tool":false,"touchDistance":-0.656048,"touchZone":"hovering","type":0,"width":18.5699},{"bases":[[[0.98886,-0.110799,-0.099396],[0.140975,0.911458,0.386486],[0.0477728,-0.396193,0.916924]],[[0.988148,-0.153497,0.00155843],[0.142825,0.923069,0.357133],[-0.0562574,-0.352678,0.934052]],[[0.988148,-0.153497,0.00155843],[0.147876,0.954589,0.258638],[-0.0411877,-0.255342,0.965973]],[[0.988148,-0.153497,0.00155843],[0.150759,0.972331,0.178448],[-0.0289066,-0.176098,0.983948]]],"btipPosition":[-49.4713,351.712,-112.647],"carpPosition":[-49.8306,302.669,22.8416],"dipPosition":[-49.9242,348.953,-97.23],"direction":[0.0411877,0.255342,-0.965973],"extended":true,"handId":241,"id":2411,"length":53.9285,"mcpPosition":[-53.0536,329.398,-39.0194],"pipPosition":[-50.8372,343.293,-75.8191],"stabilizedTipPosition":[-93.4929,320.756,-13.6781],"timeVisible":0.497234,"tipPosition":[-49.1786,349.205,-109.444],"tipVelocity":[97.4586,64.3104,-243.118],"tool":false,"touchDistance":-0.654064,"touchZone":"hovering","type":1,"width":17.738},{"bases":[[[0.947604,-0.317055,-0.0390227],[0.307138,0.870684,0.384155],[-0.0878217,-0.376012,0.922444]],[[0.947463,-0.317652,-0.0375577],[0.177892,0.62087,-0.763462],[0.265833,0.716672,0.644759]],[[0.947463,-0.317652,-0.0375577],[-0.137728,-0.299164,-0.94421],[0.288694,0.899777,-0.327197]],[[0.947463,-0.317652,-0.0375577],[-0.256968,-0.685973,-0.680742],[0.190475,0.654629,-0.73156]]],"btipPosition":[-55.5326,260.703,-44.5382],"carpPosition":[-38.5905,303.068,21.8393],"dipPosition":[-52.2502,271.984,-57.1451],"direction":[-0.288694,-0.899777,0.327197],"extended":false,"handId":241,"id":2412,"length":61.4471,"mcpPosition":[-32.9717,327.125,-37.1783],"pipPosition":[-44.7219,295.447,-65.6775],"stabilizedTipPosition":[-107.978,223.333,115.952],"timeVisible":0.497234,"tipPosition":[-54.6831,263.675,-48.4238],"tipVelocity":[172.042,-52.325,-140.613],"tool":false,"touchDistance":0.333333,"touchZone":"none","type":2,"width":17.4211},{"bases":[[[0.898484,-0.43366,0.0683004],[0.371099,0.833377,0.409595],[-0.234545,-0.342668,0.909707]],[[0.9014,-0.429259,0.0567036],[0.294934,0.512831,-0.806237],[0.317005,0.743466,0.588869]],[[0.9014,-0.429259,0.0567036],[-0.122675,-0.378781,-0.91732],[0.415246,0.819916,-0.394092]],[[0.9014,-0.429259,0.0567036],[-0.294902,-0.704533,-0.645497],[0.317035,0.565129,-0.761655]]],"btipPosition":[-43.144,259.226,-32.2973],"carpPosition":[-27.6477,300.516,21.0251],"dipPosition":[-37.712,268.909,-45.3474],"direction":[-0.415246,-0.819916,0.394092],"extended":false,"handId":241,"id":2413,"length":59.0831,"mcpPosition":[-14.1747,320.199,-31.2312],"pipPosition":[-27.1633,289.738,-55.3588],"stabilizedTipPosition":[-91.5818,221.95,118.231],"timeVisible":0.497234,"tipPosition":[-41.6583,261.72,-36.7611],"tipVelocity":[153.594,-6.94932,-146.905],"tool":false,"touchDistance":0.333333,"touchZone":"none","type":3,"width":16.5772},{"bases":[[[0.79155,-0.602102,0.104508],[0.48414,0.722212,0.493982],[-0.372905,-0.340415,0.863168]],[[0.791884,-0.601797,0.103734],[0.446541,0.454761,-0.77058],[0.416558,0.656531,0.628845]],[[0.791884,-0.601797,0.103734],[-0.132056,-0.334602,-0.933061],[0.596223,0.725177,-0.344437]],[[0.791884,-0.601797,0.103734],[-0.378723,-0.617224,-0.68964],[0.47905,0.506828,-0.716684]]],"btipPosition":[-30.2251,267.306,-28.991],"carpPosition":[-18.2809,291.511,19.7918],"dipPosition":[-22.6529,275.317,-40.3194],"direction":[-0.596223,-0.725177,0.344437],"extended":false,"handId":241,"id":2414,"length":46.32,"mcpPosition":[1.54811,309.612,-26.1066],"pipPosition":[-11.959,288.324,-46.4972],"stabilizedTipPosition":[-86.3639,224.752,140.591],"timeVisible":0.497234,"tipPosition":[-28.2657,269.269,-32.2594],"tipVelocity":[134.668,25.0383,-177.326],"tool":false,"touchDistance":0.333333,"touchZone":"none","type":4,"width":14.7252}],"r":[[0.800565,-0.419902,0.427526],[0.424686,0.900898,0.089587],[-0.422775,0.109844,0.899553]],"s":1.05691,"t":[86.8594,71.6923,-229.859],"timestamp":2893790174},false],[3,{"currentFrameRate":110.368,"devices":[],"gestures":[],"hands":[{"armBasis":[[0.942308,0.0265966,-0.33369],[0.142396,0.870304,0.47148],[0.302952,-0.491795,0.816307]],"armWidth":58.4334,"confidence":0.60505,"direction":[0.140441,0.500482,-0.85428],"elbow":[41.6601,167.103,226.154],"grabStrength":0,"id":241,"palmNormal":[-0.13517,-0.84506,-0.517302],"palmPosition":[-33.7876,311.622,-20.6725],"palmVelocity":[43.3094,14.0319,-208.347],"palmWidth":83.4409,"pinchStrength":0.729764,"r":[[0.801187,-0.408335,0.43745],[0.411276,0.906739,0.0931408],[-0.434686,0.10529,0.894406]],"s":1.06727,"sphereCenter":[-39.6921,288.618,-56.1698],"sphereRadius":43.1148,"stabilizedPalmPosition":[-84.5835,275.274,133.158],"t":[87.2042,71.782,-231.564],"timeVisible":0.506281,"type":"right","wrist":[-33.3505,288.871,24.0373]}],"id":278127,"interactionBox":{"center":[0,200,0],"size":[235.247,235.247,147.751]},"pointables":[{"bases":[[[0.542983,0.777805,0.316526],[-0.783716,0.334003,0.523671],[0.301593,-0.532411,0.790936]],[[0.438734,0.894484,0.0860887],[-0.823051,0.361539,0.438037],[0.360692,-0.263037,0.894825]],[[0.438734,0.894484,0.0860887],[-0.860476,0.445794,-0.246674],[-0.259024,0.0341469,0.965267]],[[0.438734,0.894484,0.0860887],[-0.603687,0.364347,-0.709093],[-0.665639,0.259132,0.69984]]],"btipPosition":[-54.8977,289.261,-65.9016],"carpPosition":[-60.7713,283.849,20.2607],"dipPosition":[-69.1836,294.822,-50.8818],"direction":[0.259024,-0.0341469,-0.965267],"extended":false,"handId":241,"id":2410,"length":47.7925,"mcpPosition":[-60.7713,283.849,20.2607],"pipPosition":[-77.2824,295.89,-20.7009],"stabilizedTipPosition":[-111.41,250.768,82.9928],"timeVisible":0.506281,"tipPosition":[-57.4136,289.142,-62.4138],"tipVelocity":[103.239,44.0302,-234.152],"tool":false,"touchDistance":-0.638549,"touchZone":"hovering","type":0,"width":18.5699},{"bases":[[[0.990475,-0.101421,-0.0931288],[0.129783,0.913584,0.385383],[0.045995,-0.393799,0.918045]],[[0.989792,-0.142452,0.00436912],[0.131083,0.921971,0.364398],[-0.0559376,-0.360106,0.931233]],[[0.989792,-0.142452,0.00436912],[0.136175,0.954333,0.265904],[-0.0420483,-0.262595,0.96399]],[[0.989792,-0.142452,0.00436912],[0.139182,0.972752,0.185423],[-0.030664,-0.182922,0.982649]]],"btipPosition":[-49.202,351.964,-113.857],"carpPosition":[-49.7152,302.522,21.5311],"dipPosition":[-49.6824,349.098,-98.4611],"direction":[0.0420483,0.262595,-0.96399],"extended":true,"handId":241,"id":2411,"length":53.9285,"mcpPosition":[-52.8183,329.09,-40.4055],"pipPosition":[-50.6144,343.277,-77.0942],"stabilizedTipPosition":[-93.0095,321.09,-14.7356],"timeVisible":0.506281,"tipPosition":[-48.8916,349.45,-110.668],"tipVelocity":[78.5975,53.4968,-213.119],"tool":false,"touchDistance":-0.635222,"touchZone":"hovering","type":1,"width":17.738},{"bases":[[[0.950848,-0.30794,-0.0325661],[0.296345,0.874418,0.384152],[-0.0898196,-0.374921,0.922695]],[[0.950727,-0.30844,-0.0313348],[0.171007,0.606026,-0.776846],[0.2586,0.73321,0.628911]],[[0.950727,-0.30844,-0.0313348],[-0.13517,-0.32143,-0.937236],[0.27901,0.895292,-0.347284]],[[0.950727,-0.30844,-0.0313348],[-0.249191,-0.70012,-0.669131],[0.184449,0.643969,-0.742484]]],"btipPosition":[-54.6118,260.162,-44.3845],"carpPosition":[-38.4736,303.028,20.5965],"dipPosition":[-51.4332,271.26,-57.1797],"direction":[-0.27901,-0.895292,0.347284],"extended":false,"handId":241,"id":2412,"length":61.4471,"mcpPosition":[-32.727,327.015,-38.4371],"pipPosition":[-44.1574,294.606,-66.2359],"stabilizedTipPosition":[-106.698,224.265,112.087],"timeVisible":0.506281,"tipPosition":[-53.7842,263.122,-48.5626],"tipVelocity":[151.937,-55.6589,-98.466],"tool":false,"touchDistance":0.333333,"touchZone":"none","type":2,"width":17.4211},{"bases":[[[0.902203,-0.424792,0.0747054],[0.360507,0.837785,0.410062],[-0.236778,-0.343027,0.908993]],[[0.905073,-0.420501,0.0634157],[0.292707,0.507826,-0.810207],[0.308489,0.751859,0.582703]],[[0.905073,-0.420501,0.0634157],[-0.116629,-0.388852,-0.913888],[0.40895,0.81974,-0.400982]],[[0.905073,-0.420501,0.0634157],[-0.286054,-0.712345,-0.640888],[0.314668,0.56191,-0.765011]]],"btipPosition":[-42.3205,259.026,-32.9417],"carpPosition":[-27.5018,300.58,19.8545],"dipPosition":[-36.929,268.654,-46.0493],"direction":[-0.40895,-0.81974,0.400982],"extended":false,"handId":241,"id":2413,"length":59.0831,"mcpPosition":[-13.9006,320.284,-32.3608],"pipPosition":[-26.5402,289.478,-56.2357],"stabilizedTipPosition":[-89.9361,223.23,113.206],"timeVisible":0.506281,"tipPosition":[-40.8419,261.493,-37.4439],"tipVelocity":[136.055,-11.5025,-126.437],"tool":false,"touchDistance":0.333333,"touchZone":"none","type":3,"width":16.5772},{"bases":[[[0.796684,-0.594187,0.110621],[0.474099,0.727897,0.495375],[-0.374866,-0.342212,0.861607]],[[0.79661,-0.594254,0.110792],[0.445514,0.453282,-0.772045],[0.408571,0.664378,0.625837]],[[0.79661,-0.594254,0.110792],[-0.125849,-0.3423,-0.931124],[0.591248,0.7278,-0.347466]],[[0.79661,-0.594254,0.110792],[-0.370333,-0.624622,-0.687533],[0.477772,0.506666,-0.717652]]],"btipPosition":[-29.5125,267.255,-29.8349],"carpPosition":[-18.0409,291.664,18.6977],"dipPosition":[-21.9605,275.264,-41.1787],"direction":[-0.591248,-0.7278,0.347466],"extended":false,"handId":241,"id":2414,"length":46.32,"mcpPosition":[1.89232,309.861,-27.1177],"pipPosition":[-11.3558,288.318,-47.4108],"stabilizedTipPosition":[-85.7622,225.208,138.814],"timeVisible":0.506281,"tipPosition":[-27.5474,269.211,-33.1496],"tipVelocity":[119.11,16.5704,-154.256],"tool":false,"touchDistance":0.333333,"touchZone":"none","type":4,"width":14.7252}],"r":[[0.801187,-0.408335,0.43745],[0.411276,0.906739,0.0931408],[-0.434686,0.10529,0.894406]],"s":1.06727,"t":[87.2042,71.782,-231.564],"timestamp":2893799221},false],[4,{"currentFrameRate":110.564,"devices":[],"gestures":[],"hands":[{"armBasis":[[0.946787,0.0463238,-0.318509],[0.118043,0.870656,0.477518],[0.299432,-0.489706,0.818858]],"armWidth":58.4334,"confidence":0.575394,"direction":[0.144748,0.508242,-0.848963],"elbow":[40.7857,167.992,224.263],"grabStrength":0,"id":241,"palmNormal":[-0.11036,-0.844353,-0.524298],"palmPosition":[-33.4962,312.251,-23.0654],"palmVelocity":[40.6935,29.5694,-226.154],"palmWidth":83.4409,"pinchStrength":0.701933,"r":[[0.801553,-0.396505,0.447546],[0.396633,0.912705,0.0982463],[-0.447432,0.0987618,0.888848]],"s":1.07697,"sphereCenter":[-39.1353,289.799,-58.7205],"sphereRadius":43.1627,"stabilizedPalmPosition":[-84.574,275.281,133.129],"t":[87.5224,72.1412,-233.612],"timeVisible":0.514979,"type":"right","wrist":[-33.3534,289.242,21.5144]}],"id":278128,"interactionBox":{"center":[0,200,0],"size":[235.247,235.247,147.751]},"pointables":[{"bases":[[[0.52263,0.786147,0.329896],[-0.798485,0.315737,0.512574],[0.298798,-0.531303,0.79274]],[[0.423122,0.899997,0.104753],[-0.834392,0.341966,0.43226],[0.353211,-0.270304,0.895644]],[[0.423122,0.899997,0.104753],[-0.862883,0.435519,-0.25643],[-0.276409,0.0181116,0.96087]],[[0.423122,0.899997,0.104753],[-0.596941,0.363868,-0.715026],[-0.681637,0.240011,0.691205]]],"btipPosition":[-53.5037,290.375,-68.6199],"carpPosition":[-60.6067,283.719,17.2571],"dipPosition":[-68.1329,295.526,-53.7853],"direction":[0.276408,-0.0181116,-0.96087],"extended":false,"handId":241,"id":2410,"length":47.7925,"mcpPosition":[-60.6067,283.719,17.2571],"pipPosition":[-76.7754,296.092,-23.742],"stabilizedTipPosition":[-111.263,250.878,82.5931],"timeVisible":0.514979,"tipPosition":[-56.1336,290.154,-65.2169],"tipVelocity":[116.028,63.5416,-256.361],"tool":false,"touchDistance":-0.644441,"touchZone":"hovering","type":0,"width":18.5699},{"bases":[[[0.993639,-0.081841,-0.0773525],[0.105816,0.913558,0.392703],[0.0385268,-0.39839,0.916407]],[[0.992387,-0.122047,0.0165181],[0.106618,0.918474,0.380839],[-0.0616518,-0.376179,0.924494]],[[0.992387,-0.122047,0.0165181],[0.112435,0.952523,0.282946],[-0.0502667,-0.278935,0.958993]],[[0.992387,-0.122047,0.0165181],[0.116211,0.972349,0.202562],[-0.0407835,-0.1991,0.97913]]],"btipPosition":[-48.352,353.592,-116.03],"carpPosition":[-49.9349,302.592,18.8168],"dipPosition":[-48.991,350.473,-100.689],"direction":[0.0502667,0.278935,-0.958993],"extended":true,"handId":241,"id":2411,"length":53.9285,"mcpPosition":[-52.5341,329.469,-43.0093],"pipPosition":[-50.1051,344.29,-79.4324],"stabilizedTipPosition":[-92.539,321.426,-15.7689],"timeVisible":0.514979,"tipPosition":[-48.0449,351.024,-112.878],"tipVelocity":[82.5808,87.3779,-223.28],"tool":false,"touchDistance":-0.632809,"touchZone":"hovering","type":1,"width":17.738},{"bases":[[[0.957013,-0.289445,-0.0186367],[0.273099,0.877601,0.393996],[-0.0976844,-0.382149,0.918923]],[[0.956838,-0.290122,-0.0170057],[0.169007,0.603088,-0.779565],[0.236425,0.743043,0.626091]],[[0.956838,-0.290122,-0.0170057],[-0.117292,-0.331972,-0.935969],[0.2659,0.897565,-0.351672]],[[0.956838,-0.290122,-0.0170057],[-0.226618,-0.708205,-0.668648],[0.181946,0.643642,-0.743385]]],"btipPosition":[-52.9612,260.427,-46.4144],"carpPosition":[-38.6913,303.319,18.0708],"dipPosition":[-49.8257,271.519,-59.2251],"direction":[-0.2659,-0.897565,0.351672],"extended":false,"handId":241,"id":2412,"length":61.4471,"mcpPosition":[-32.4415,327.768,-40.7216],"pipPosition":[-42.8918,294.925,-68.3957],"stabilizedTipPosition":[-105.135,225.376,107.456],"timeVisible":0.514979,"tipPosition":[-52.1319,263.396,-50.7239],"tipVelocity":[161.724,-32.7231,-134.558],"tool":false,"touchDistance":0.333333,"touchZone":"none","type":2,"width":17.4211},{"bases":[[[0.908879,-0.407854,0.0871459],[0.337523,0.84205,0.42075],[-0.244986,-0.352997,0.902981]],[[0.91164,-0.403762,0.0767418],[0.292379,0.505909,-0.811524],[0.288838,0.762255,0.579258]],[[0.91164,-0.403762,0.0767418],[-0.100124,-0.399282,-0.911345],[0.398608,0.823134,-0.404427]],[[0.91164,-0.403762,0.0767418],[-0.265423,-0.720956,-0.640135],[0.31379,0.563204,-0.76442]]],"btipPosition":[-40.928,259.571,-34.7365],"carpPosition":[-27.6637,301.086,17.4958],"dipPosition":[-35.5516,269.221,-47.8339],"direction":[-0.398608,-0.823134,0.404427],"extended":false,"handId":241,"id":2413,"length":59.0831,"mcpPosition":[-13.591,321.363,-34.3741],"pipPosition":[-25.4255,290.132,-58.1079],"stabilizedTipPosition":[-88.2671,224.511,108.192],"timeVisible":0.514979,"tipPosition":[-39.422,262.05,-39.3576],"tipVelocity":[142.361,8.42649,-147.678],"tool":false,"touchDistance":0.333333,"touchZone":"none","type":3,"width":16.5772},{"bases":[[[0.80607,-0.579456,0.120344],[0.451799,0.733846,0.507295],[-0.382269,-0.354543,0.853328]],[[0.805865,-0.579646,0.120802],[0.449321,0.465805,-0.762323],[0.385607,0.668608,0.635823]],[[0.805865,-0.579646,0.120802],[-0.104249,-0.339737,-0.934725],[0.58285,0.740668,-0.334209]],[[0.805865,-0.579646,0.120802],[-0.347192,-0.627866,-0.696593],[0.479624,0.519418,-0.707224]]],"btipPosition":[-28.227,268.038,-32.3746],"carpPosition":[-18.015,292.36,16.4442],"dipPosition":[-20.6457,276.248,-43.5535],"direction":[-0.58285,-0.740668,0.334209],"extended":false,"handId":241,"id":2414,"length":46.32,"mcpPosition":[2.31188,311.213,-28.931],"pipPosition":[-10.1916,289.533,-49.5479],"stabilizedTipPosition":[-85.1539,225.666,137.031],"timeVisible":0.514979,"tipPosition":[-26.2493,270.044,-35.6384],"tipVelocity":[126.967,37.5782,-189.829],"tool":false,"touchDistance":0.333333,"touchZone":"none","type":4,"width":14.7252}],"r":[[0.801553,-0.396505,0.447546],[0.396633,0.912705,0.0982463],[-0.447432,0.0987618,0.888848]],"s":1.07697,"t":[87.5224,72.1412,-233.612],"timestamp":2893807919},false],[5,{"currentFrameRate":110.381,"devices":[],"gestures":[],"hands":[{"armBasis":[[0.950494,0.0612844,-0.30464],[0.0994829,0.868749,0.485158],[0.294388,-0.491446,0.819644]],"armWidth":58.4334,"confidence":0.581276,"direction":[0.150745,0.508207,-0.84794],"elbow":[39.5681,167.467,223.139],"grabStrength":0,"id":241,"palmNormal":[-0.0927764,-0.846683,-0.523947],"palmPosition":[-33.1047,312.063,-24.4324],"palmVelocity":[40.9859,15.4641,-203.267],"palmWidth":83.4409,"pinchStrength":0.669722,"r":[[0.801249,-0.384929,0.458071],[0.382322,0.918281,0.102905],[-0.46025,0.0926782,0.882939]],"s":1.08665,"sphereCenter":[-38.7344,289.897,-60.097],"sphereRadius":43.2577,"stabilizedPalmPosition":[-84.5655,275.287,133.103],"t":[87.8771,72.2269,-235.32],"timeVisible":0.524362,"type":"right","wrist":[-33.3221,289.149,20.1957]}],"id":278129,"interactionBox":{"center":[0,200,0],"size":[235.247,235.247,147.751]},"pointables":[{"bases":[[[0.50844,0.793025,0.335558],[-0.809426,0.30719,0.500464],[0.293801,-0.526066,0.798083]],[[0.414863,0.902314,0.117129],[-0.840826,0.330993,0.428316],[0.347707,-0.276177,0.896006]],[[0.414863,0.902314,0.117129],[-0.863466,0.431014,-0.262018],[-0.286906,0.00756493,0.957929]],[[0.414863,0.902314,0.117129],[-0.59441,0.36623,-0.715928],[-0.688887,0.22739,0.688279]]],"btipPosition":[-52.6053,290.816,-70.1754],"carpPosition":[-60.4441,283.29,15.5634],"dipPosition":[-67.3901,295.696,-55.4036],"direction":[0.286906,-0.00756493,-0.957929],"extended":false,"handId":241,"id":2410,"length":47.7925,"mcpPosition":[-60.4441,283.29,15.5634],"pipPosition":[-76.3608,295.932,-25.4523],"stabilizedTipPosition":[-111.088,251.008,82.1198],"timeVisible":0.524362,"tipPosition":[-55.2208,290.467,-66.7818],"tipVelocity":[109.176,56.9513,-231.035],"tool":false,"touchDistance":-0.63188,"touchZone":"hovering","type":0,"width":18.5699},{"bases":[[[0.995548,-0.0700844,-0.0630294],[0.0892808,0.91556,0.392148],[0.0302237,-0.396029,0.91774]],[[0.993715,-0.108571,0.0272428],[0.0894291,0.916409,0.390124],[-0.0673216,-0.385236,0.920359]],[[0.993715,-0.108571,0.0272428],[0.0959259,0.951406,0.292617],[-0.0576886,-0.288164,0.955842]],[[0.993715,-0.108571,0.0272428],[0.100388,0.972061,0.212176],[-0.0495178,-0.208108,0.976852]]],"btipPosition":[-47.3541,353.837,-117.435],"carpPosition":[-50.0219,302.293,17.233],"dipPosition":[-48.13,350.576,-102.13],"direction":[0.0576886,0.288164,-0.955842],"extended":true,"handId":241,"id":2411,"length":53.9285,"mcpPosition":[-52.061,329.011,-44.6831],"pipPosition":[-49.4086,344.189,-80.9433],"stabilizedTipPosition":[-92.0356,321.78,-16.8667],"timeVisible":0.524362,"tipPosition":[-47.0611,351.235,-114.304],"tipVelocity":[88.387,68.9543,-202.622],"tool":false,"touchDistance":-0.619065,"touchZone":"hovering","type":1,"width":17.738},{"bases":[[[0.960573,-0.277992,-0.0043817],[0.256947,0.881613,0.3959],[-0.106194,-0.381417,0.918283]],[[0.960358,-0.278756,-0.00253974],[0.170958,0.596123,-0.784481],[0.220193,0.752949,0.620148]],[[0.960358,-0.278756,-0.00253974],[-0.102478,-0.344549,-0.933158],[0.259249,0.896427,-0.359457]],[[0.960358,-0.278756,-0.00253974],[-0.209973,-0.717336,-0.664334],[0.183366,0.638533,-0.747431]]],"btipPosition":[-51.6373,259.895,-47.2634],"carpPosition":[-38.7783,303.153,16.6454],"dipPosition":[-48.4774,270.898,-60.1438],"direction":[-0.259249,-0.896427,0.359457],"extended":false,"handId":241,"id":2412,"length":61.4471,"mcpPosition":[-31.9841,327.556,-42.106],"pipPosition":[-41.7169,294.275,-69.5174],"stabilizedTipPosition":[-103.026,226.817,101.321],"timeVisible":0.524362,"tipPosition":[-50.7919,262.827,-51.6381],"tipVelocity":[156.026,-40.1708,-122.508],"tool":false,"touchDistance":0.333333,"touchZone":"none","type":2,"width":17.4211},{"bases":[[[0.912355,-0.396754,0.100967],[0.321402,0.846891,0.423646],[-0.253591,-0.354065,0.900183]],[[0.914987,-0.392986,0.091439],[0.295539,0.498476,-0.814971],[0.274693,0.772712,0.572242]],[[0.914987,-0.392986,0.091439],[-0.0865823,-0.41258,-0.906797],[0.394085,0.82179,-0.411531]],[[0.914987,-0.392986,0.091439],[-0.250375,-0.73072,-0.635106],[0.316404,0.55822,-0.766993]]],"btipPosition":[-39.838,259.289,-35.3273],"carpPosition":[-27.7178,301.052,16.2323],"dipPosition":[-34.4168,268.854,-48.4688],"direction":[-0.394085,-0.82179,0.411531],"extended":false,"handId":241,"id":2413,"length":59.0831,"mcpPosition":[-13.1507,321.39,-35.4769],"pipPosition":[-24.4056,289.73,-58.9232],"stabilizedTipPosition":[-86.3051,225.972,102.404],"timeVisible":0.524362,"tipPosition":[-38.3028,261.728,-39.9895],"tipVelocity":[135.222,-3.11333,-123.89],"tool":false,"touchDistance":0.333333,"touchZone":"none","type":3,"width":16.5772},{"bases":[[[0.811142,-0.569507,0.133079],[0.435719,0.740241,0.512047],[-0.390125,-0.357358,0.848586]],[[0.810755,-0.569861,0.13392],[0.453549,0.466869,-0.759161],[0.370093,0.676233,0.636977]],[[0.810755,-0.569861,0.13392],[-0.0889286,-0.346016,-0.934005],[0.578591,0.74534,-0.331211]],[[0.810755,-0.569861,0.13392],[-0.331133,-0.635108,-0.697845],[0.482728,0.521437,-0.703617]]],"btipPosition":[-27.2153,267.904,-33.3775],"carpPosition":[-17.9515,292.44,15.3373],"dipPosition":[-19.585,276.147,-44.4994],"direction":[-0.578591,-0.74534,0.331211],"extended":false,"handId":241,"id":2414,"length":46.32,"mcpPosition":[2.79316,311.442,-29.7857],"pipPosition":[-9.20733,289.515,-50.44],"stabilizedTipPosition":[-84.4479,226.188,134.986],"timeVisible":0.524362,"tipPosition":[-25.2162,269.914,-36.6503],"tipVelocity":[121.863,23.0634,-165.84],"tool":false,"touchDistance":0.333333,"touchZone":"none","type":4,"width":14.7252}],"r":[[0.801249,-0.384929,0.458071],[0.382322,0.918281,0.102905],[-0.46025,0.0926782,0.882939]],"s":1.08665,"t":[87.8771,72.2269,-235.32],"timestamp":2893817302},false],[6,{"currentFrameRate":110.501,"devices":[],"gestures":[],"hands":[{"armBasis":[[0.951901,0.071962,-0.297835],[0.0867044,0.869038,0.487088],[0.293882,-0.489483,0.820999]],"armWidth":58.4334,"confidence":0.586354,"direction":[0.151398,0.509692,-0.846932],"elbow":[39.7292,168.185,221.858],"grabStrength":0,"id":241,"palmNormal":[-0.0801887,-0.847651,-0.524459],"palmPosition":[-32.7431,312.292,-26.0492],"palmVelocity":[40.9709,18.2912,-197.785],"palmWidth":83.4409,"pinchStrength":0.639518,"r":[[0.800916,-0.373977,0.467627],[0.368688,0.923375,0.106994],[-0.471808,0.0867156,0.877427]],"s":1.09607,"sphereCenter":[-38.5831,290.48,-61.704],"sphereRadius":43.3474,"stabilizedPalmPosition":[-84.5586,275.292,133.082],"t":[88.2354,72.3843,-236.982],"timeVisible":0.533198,"type":"right","wrist":[-33.0357,289.381,18.5797]}],"id":278130,"interactionBox":{"center":[0,200,0],"size":[235.247,235.247,147.751]},"pointables":[{"bases":[[[0.497714,0.79834,0.339021],[-0.816119,0.298726,0.494685],[0.293652,-0.522892,0.80022]],[[0.407277,0.904622,0.125639],[-0.845007,0.32104,0.427664],[0.346539,-0.280343,0.895164]],[[0.407277,0.904622,0.125639],[-0.865682,0.426211,-0.262562],[-0.291068,-0.00182831,0.956701]],[[0.407277,0.904622,0.125639],[-0.594337,0.366969,-0.71561],[-0.693462,0.216779,0.687108]]],"btipPosition":[-51.9407,291.475,-71.88],"carpPosition":[-60.0613,283.237,13.7567],"dipPosition":[-66.8237,296.127,-57.1333],"direction":[0.291068,0.00182831,-0.956701],"extended":false,"handId":241,"id":2410,"length":47.7925,"mcpPosition":[-60.0613,283.237,13.7567],"pipPosition":[-75.9245,296.07,-27.2204],"stabilizedTipPosition":[-110.913,251.139,81.6454],"timeVisible":0.533198,"tipPosition":[-54.5752,291.068,-68.4989],"tipVelocity":[99.3042,60.1238,-220.907],"tool":false,"touchDistance":-0.62268,"touchZone":"hovering","type":0,"width":18.5699},{"bases":[[[0.996649,-0.059647,-0.0559818],[0.0769028,0.916477,0.392628],[0.027887,-0.395617,0.917992]],[[0.994843,-0.0966529,0.0307515],[0.0763726,0.913349,0.399951],[-0.0667433,-0.39554,0.91602]],[[0.994843,-0.0966529,0.0307515],[0.0828924,0.949495,0.302635],[-0.0584489,-0.298525,0.95261]],[[0.994843,-0.0966529,0.0307515],[0.0874865,0.971119,0.221978],[-0.0513181,-0.218143,0.974567]]],"btipPosition":[-47.0032,354.657,-118.91],"carpPosition":[-49.8509,302.348,15.4971],"dipPosition":[-47.8073,351.239,-103.64],"direction":[0.0584489,0.298525,-0.95261],"extended":true,"handId":241,"id":2411,"length":53.9285,"mcpPosition":[-51.7323,329.039,-46.436],"pipPosition":[-49.1028,344.622,-82.5253],"stabilizedTipPosition":[-91.5759,322.109,-17.8766],"timeVisible":0.533198,"tipPosition":[-46.6881,352.018,-115.805],"tipVelocity":[75.0301,74.3119,-193.212],"tool":false,"touchDistance":-0.607734,"touchZone":"hovering","type":1,"width":17.738},{"bases":[[[0.963442,-0.267905,0.00244924],[0.244885,0.884291,0.39757],[-0.108677,-0.382436,0.917569]],[[0.963214,-0.268701,0.00435959],[0.167181,0.586437,-0.792555],[0.210403,0.764128,0.609785]],[[0.963214,-0.268701,0.00435959],[-0.096119,-0.359618,-0.928136],[0.250959,0.893574,-0.372216]],[[0.963214,-0.268701,0.00435959],[-0.199843,-0.727037,-0.656871],[0.179671,0.631836,-0.753991]]],"btipPosition":[-50.6007,259.829,-47.9705],"carpPosition":[-38.6132,303.327,14.9887],"dipPosition":[-47.5044,270.717,-60.964],"direction":[-0.250959,-0.893574,0.372216],"extended":false,"handId":241,"id":2412,"length":61.4471,"mcpPosition":[-31.6601,327.795,-43.7169],"pipPosition":[-40.9602,294.019,-70.6703],"stabilizedTipPosition":[-100.703,228.369,94.6646],"timeVisible":0.533198,"tipPosition":[-49.7627,262.741,-52.503],"tipVelocity":[145.114,-32.1378,-111.82],"tool":false,"touchDistance":0.333333,"touchZone":"none","type":2,"width":17.4211},{"bases":[[[0.915728,-0.387158,0.107473],[0.309503,0.850248,0.425776],[-0.256221,-0.356632,0.898423]],[[0.918229,-0.383595,0.0985411],[0.294363,0.49455,-0.817784],[0.264965,0.77992,0.567026]],[[0.918229,-0.383595,0.0985411],[-0.0790176,-0.421246,-0.903498],[0.388087,0.821831,-0.417111]],[[0.918229,-0.383595,0.0985411],[-0.240295,-0.737376,-0.631296],[0.314824,0.555996,-0.769256]]],"btipPosition":[-38.9197,259.468,-36.4101],"carpPosition":[-27.5285,301.341,14.6541],"dipPosition":[-33.5255,268.994,-49.5904],"direction":[-0.388087,-0.821831,0.417111],"extended":false,"handId":241,"id":2413,"length":59.0831,"mcpPosition":[-12.8104,321.827,-36.9539],"pipPosition":[-23.6667,289.872,-60.1865],"stabilizedTipPosition":[-84.4031,227.368,96.8561],"timeVisible":0.533198,"tipPosition":[-37.3856,261.882,-41.0897],"tipVelocity":[126.573,2.92454,-123.799],"tool":false,"touchDistance":0.333333,"touchZone":"none","type":3,"width":16.5772},{"bases":[[[0.816108,-0.56096,0.138895],[0.424304,0.74481,0.514999],[-0.392344,-0.361361,0.845863]],[[0.815518,-0.561502,0.140165],[0.451016,0.464861,-0.761898],[0.36265,0.684558,0.632349]],[[0.815518,-0.561502,0.140165],[-0.0840493,-0.354537,-0.931257],[0.572596,0.747676,-0.336325]],[[0.815518,-0.561502,0.140165],[-0.323006,-0.642573,-0.694814],[0.480205,0.521359,-0.705399]]],"btipPosition":[-26.4234,268.199,-34.4706],"carpPosition":[-17.6664,292.832,13.8296],"dipPosition":[-18.833,276.44,-45.6206],"direction":[-0.572596,-0.747676,0.336325],"extended":false,"handId":241,"id":2414,"length":46.32,"mcpPosition":[3.19629,312.047,-31.1487],"pipPosition":[-8.56284,289.85,-51.6529],"stabilizedTipPosition":[-83.7489,226.702,132.974],"timeVisible":0.533198,"tipPosition":[-24.4126,270.212,-37.8424],"tipVelocity":[112.867,25.8281,-154.647],"tool":false,"touchDistance":0.333333,"touchZ