{"sensorType":"Leap","data":[[0,{"currentFrameRate":110.172,"devices":[],"gestures":[],"hands":[{"armBasis":[[0.91554,-0.106456,-0.387884],[0.273126,0.872467,0.40522],[0.295278,-0.476936,0.827854]],"armWidth":58.4334,"confidence":0.515577,"direction":[0.187546,0.50694,-0.841331],"elbow":[23.5155,164.636,234.268],"grabStrength":0,"id":235,"palmNormal":[-0.247406,-0.804536,-0.539919],"palmPosition":[-47.9329,306.804,-14.6872],"palmVelocity":[87.7639,23.4847,-204.261],"palmWidth":83.4409,"pinchStrength":0.851661,"r":[[0.789475,-0.280118,0.546135],[0.190305,0.957648,0.216088],[-0.583535,-0.0666642,0.809347]],"s":0.889183,"sphereCenter":[-51.9281,283.293,-51.2231],"sphereRadius":42.0669,"stabilizedPalmPosition":[-84.5647,289.263,89.8254],"t":[77.0185,97.3003,-189.318],"timeVisible":0.542327,"type":"right","wrist":[-49.5951,282.725,29.2923]}],"id":275336,"interactionBox":{"center":[0,200,0],"size":[235.247,235.247,147.751]},"pointables":[{"bases":[[[0.640397,0.694013,0.328995],[-0.727576,0.410971,0.549305],[0.246017,-0.591143,0.768131]],[[0.505363,0.862572,0.0240275],[-0.819045,0.470725,0.327998],[0.271612,-0.185438,0.944373]],[[0.505363,0.862572,0.0240275],[-0.846528,0.500978,-0.180032],[-0.167328,0.0706417,0.983367]],[[0.505363,0.862572,0.0240275],[-0.802196,0.479885,-0.355236],[-0.317947,0.160248,0.934468]]],"btipPosition":[-77.8628,284.095,-68.1126],"carpPosition":[-77.485,281.255,25.9193],"dipPosition":[-84.6865,287.535,-48.0571],"direction":[0.167328,-0.0706417,-0.983367],"extended":false,"handId":235,"id":2350,"length":47.7925,"mcpPosition":[-77.485,281.255,25.9193],"pipPosition":[-89.9183,289.743,-17.3104],"stabilizedTipPosition":[-131.775,263.842,47.9723],"timeVisible":0.542327,"tipPosition":[-80.1568,284.331,-63.6133],"tipVelocity":[133.324,52.1972,-225.6],"tool":false,"touchDistance":-0.630531,"touchZone":"hovering","type":0,"width":18.5699},{"bases":[[[0.968582,-0.219902,-0.116155],[0.248419,0.877473,0.41028],[0.0117018,-0.426245,0.904532]],[[0.964157,-0.264749,-0.0175603],[0.257635,0.918315,0.300535],[-0.0634405,-0.294287,0.953609]],[[0.964157,-0.264749,-0.0175603],[0.263008,0.94488,0.195009],[-0.0350362,-0.192638,0.980644]],[[0.964157,-0.264749,-0.0175603],[0.26502,0.957717,0.11199],[-0.0128316,-0.11263,0.993554]]],"btipPosition":[-61.4901,344.753,-108.365],"carpPosition":[-64.1777,298.367,27.5333],"dipPosition":[-61.6911,342.988,-92.798],"direction":[0.0350362,0.192638,-0.980644],"extended":true,"handId":235,"id":2351,"length":53.9285,"mcpPosition":[-64.9671,327.124,-33.4917],"pipPosition":[-62.4677,338.718,-71.0619],"stabilizedTipPosition":[-99.4604,324.997,-34.8832],"timeVisible":0.542327,"tipPosition":[-61.2614,342.679,-105.014],"tipVelocity":[145.949,90.312,-200.221],"tool":false,"touchDistance":-0.613821,"touchZone":"hovering","type":1,"width":17.738},{"bases":[[[0.904622,-0.421811,-0.0611111],[0.408789,0.818092,0.404495],[-0.120626,-0.390897,0.912496]],[[0.906729,-0.414392,-0.0782451],[0.286893,0.742126,-0.605757],[0.309089,0.526809,0.791793]],[[0.906729,-0.414392,-0.0782451],[-0.275169,-0.440768,-0.854403],[0.31957,0.796242,-0.513685]],[[0.906729,-0.414392,-0.0782451],[-0.419656,-0.868324,-0.26439],[0.0416191,0.272566,-0.961237]]],"btipPosition":[-67.9721,273.773,-37.0315],"carpPosition":[-52.9769,297.511,26.3877],"dipPosition":[-67.2549,278.471,-53.5964],"direction":[-0.31957,-0.796242,0.513686],"extended":false,"handId":235,"id":2352,"length":61.4471,"mcpPosition":[-45.2593,322.52,-31.9935],"pipPosition":[-58.9214,299.234,-66.9918],"stabilizedTipPosition":[-108.898,248.633,78.6986],"timeVisible":0.542327,"tipPosition":[-67.9176,274.439,-39.9085],"tipVelocity":[101.779,32.4677,-233.313],"tool":false,"touchDistance":0.333333,"touchZone":"none","type":2,"width":17.4211},{"bases":[[[0.843603,-0.535201,0.0435189],[0.468322,0.772987,0.427977],[-0.262693,-0.340662,0.902741]],[[0.839681,-0.540113,0.056684],[0.458358,0.648836,-0.607388],[0.29128,0.535994,0.79238]],[[0.839681,-0.540113,0.056684],[-0.235889,-0.456742,-0.857755],[0.489175,0.70687,-0.510924]],[[0.839681,-0.540113,0.056684],[-0.505764,-0.815737,-0.28067],[0.197833,0.207005,-0.958129]]],"btipPosition":[-55.0685,269.855,-29.5762],"carpPosition":[-42.4073,293.751,25.3501],"dipPosition":[-51.6788,273.402,-45.9927],"direction":[-0.489175,-0.70687,0.510924],"extended":false,"handId":235,"id":2353,"length":59.0831,"mcpPosition":[-27.3174,313.32,-26.5061],"pipPosition":[-39.252,291.359,-58.972],"stabilizedTipPosition":[-94.2116,247.349,78.3313],"timeVisible":0.542327,"tipPosition":[-54.4648,270.285,-32.9256],"tipVelocity":[94.2316,26.3494,-204.825],"tool":false,"touchDistance":0.333333,"touchZone":"none","type":3,"width":16.5772},{"bases":[[[0.718475,-0.691345,0.0763923],[0.568772,0.64718,0.507599],[-0.400365,-0.321247,0.8582]],[[0.630096,-0.739517,0.23684],[0.708915,0.423364,-0.564094],[0.316888,0.523333,0.791015]],[[0.630096,-0.739517,0.23684],[-0.227756,-0.467594,-0.854098],[0.742365,0.484222,-0.463059]],[[0.630096,-0.739517,0.23684],[-0.660108,-0.670742,-0.338176],[0.408945,0.0567431,-0.910793]]],"btipPosition":[-42.9115,274.308,-24.8494],"carpPosition":[-34.1463,283.778,23.7319],"dipPosition":[-36.4475,275.205,-39.246],"direction":[-0.742365,-0.484222,0.463059],"extended":false,"handId":235,"id":2354,"length":46.32,"mcpPosition":[-12.8571,300.86,-21.9024],"pipPosition":[-23.1323,283.89,-47.5515],"stabilizedTipPosition":[-78.9478,256.228,73.7269],"timeVisible":0.542327,"tipPosition":[-41.559,274.1,-27.7966],"tipVelocity":[93.4767,24.452,-203.572],"tool":false,"touchDistance":0.333333,"touchZone":"none","type":4,"width":14.7252}],"r":[[0.789475,-0.280118,0.546135],[0.190305,0.957648,0.216088],[-0.583535,-0.0666642,0.809347]],"s":0.889183,"t":[77.0185,97.3003,-189.318],"timestamp":2868075457},false],[1,{"currentFrameRate":110.209,"devices":[],"gestures":[],"hands":[{"armBasis":[[0.918605,-0.104923,-0.380993],[0.269656,0.871201,0.410238],[0.288878,-0.479584,0.828582]],"armWidth":58.4334,"confidence":0.52968,"direction":[0.192774,0.504912,-0.841369],"elbow":[22.4923,164.053,232.768],"grabStrength":0,"id":235,"palmNormal":[-0.244016,-0.805848,-0.539505],"palmPosition":[-47.0979,306.77,-16.4147],"palmVelocity":[89.1146,15.9968,-200.822],"palmWidth":83.4409,"pinchStrength":0.856062,"r":[[0.785705,-0.280812,0.551192],[0.190076,0.957516,0.216874],[-0.588676,-0.0656303,0.8057]],"s":0.890593,"sphereCenter":[-51.4958,283.677,-52.8795],"sphereRadius":41.9339,"stabilizedPalmPosition":[-84.4841,289.3,89.5967],"t":[77.7937,97.476,-191.105],"timeVisible":0.551336,"type":"right","wrist":[-49.0336,282.797,27.6117]}],"id":275337,"interactionBox":{"center":[0,200,0],"size":[235.247,235.247,147.751]},"pointables":[{"bases":[[[0.638317,0.694832,0.331302],[-0.730996,0.412268,0.543764],[0.24124,-0.589274,0.771077]],[[0.506158,0.862022,0.0268795],[-0.820626,0.471797,0.322459],[0.265285,-0.185273,0.946202]],[[0.506158,0.862022,0.0268795],[-0.844653,0.501775,-0.186504],[-0.174258,0.0716965,0.982087]],[[0.506158,0.862022,0.0268795],[-0.796453,0.47916,-0.368874],[-0.330857,0.1653,0.929091]]],"btipPosition":[-76.4964,284.01,-69.8917],"carpPosition":[-76.9019,281.318,24.0685],"dipPosition":[-83.5972,287.557,-49.9516],"direction":[0.174258,-0.0716965,-0.982087],"extended":false,"handId":235,"id":2350,"length":47.7925,"mcpPosition":[-76.9019,281.318,24.0685],"pipPosition":[-89.0456,289.799,-19.2449],"stabilizedTipPosition":[-131.172,264.078,46.6996],"timeVisible":0.551336,"tipPosition":[-78.8672,284.271,-65.4348],"tipVelocity":[136.422,35.9962,-218.682],"tool":false,"touchDistance":-0.622896,"touchZone":"hovering","type":0,"width":18.5699},{"bases":[[[0.969293,-0.220143,-0.109584],[0.245835,0.878472,0.409698],[0.00607419,-0.424057,0.905615]],[[0.964638,-0.263178,-0.0145155],[0.25481,0.917046,0.306756],[-0.06742,-0.299607,0.951678]],[[0.964638,-0.263178,-0.0145155],[0.260635,0.944213,0.201321],[-0.0392776,-0.197985,0.979418]],[[0.964638,-0.263178,-0.0145155],[0.263017,0.957533,0.118122],[-0.0171879,-0.117762,0.992893]]],"btipPosition":[-60.2191,345.081,-110.134],"carpPosition":[-63.6054,298.434,25.724],"dipPosition":[-60.4884,343.236,-94.577],"direction":[0.0392776,0.197985,-0.979418],"extended":true,"handId":235,"id":2351,"length":53.9285,"mcpPosition":[-64.0152,327.044,-35.374],"pipPosition":[-61.359,338.848,-72.8681],"stabilizedTipPosition":[-98.1904,325.634,-37.2064],"timeVisible":0.551336,"tipPosition":[-59.9913,342.983,-106.792],"tipVelocity":[144.133,74.9476,-199.223],"tool":false,"touchDistance":-0.607338,"touchZone":"hovering","type":1,"width":17.738},{"bases":[[[0.904996,-0.421922,-0.0544515],[0.40624,0.819084,0.405056],[-0.126302,-0.388695,0.912669]],[[0.907213,-0.414529,-0.0716243],[0.29113,0.74158,-0.604402],[0.303657,0.52747,0.793453]],[[0.907213,-0.414529,-0.0716243],[-0.269311,-0.441513,-0.855884],[0.323166,0.795759,-0.512184]],[[0.907213,-0.414529,-0.0716243],[-0.417925,-0.868708,-0.265866],[0.0479886,0.271131,-0.961345]]],"btipPosition":[-66.9932,273.706,-38.8905],"carpPosition":[-52.3977,297.576,24.6503],"dipPosition":[-66.1662,278.378,-55.4573],"direction":[-0.323166,-0.795759,0.512184],"extended":false,"handId":235,"id":2352,"length":61.4471,"mcpPosition":[-44.3169,322.444,-33.7419],"pipPosition":[-57.739,299.129,-68.8136],"stabilizedTipPosition":[-108.783,248.704,78.369],"timeVisible":0.551336,"tipPosition":[-66.9158,274.377,-41.7753],"tipVelocity":[104.44,21.3117,-225.918],"tool":false,"touchDistance":0.333333,"touchZone":"none","type":2,"width":17.4211},{"bases":[[[0.843329,-0.53506,0.0500698],[0.465626,0.774038,0.429019],[-0.268307,-0.33849,0.901907]],[[0.839138,-0.540161,0.0638211],[0.461791,0.645516,-0.608324],[0.287396,0.53994,0.791118]],[[0.839138,-0.540161,0.0638211],[-0.231736,-0.461199,-0.856501],[0.492082,0.703933,-0.512185]],[[0.839138,-0.540161,0.0638211],[-0.504501,-0.816804,-0.27984],[0.203288,0.202627,-0.957923]]],"btipPosition":[-54.1686,269.781,-31.1105],"carpPosition":[-41.8217,293.815,23.6877],"dipPosition":[-50.6855,273.253,-47.5234],"direction":[-0.492082,-0.703933,0.512185],"extended":false,"handId":235,"id":2353,"length":59.0831,"mcpPosition":[-26.4094,313.258,-28.1205],"pipPosition":[-38.1848,291.136,-60.5348],"stabilizedTipPosition":[-94.0775,247.425,77.9597],"timeVisible":0.551336,"tipPosition":[-53.5243,270.223,-34.5376],"tipVelocity":[96.4416,16.3328,-195.313],"tool":false,"touchDistance":0.333333,"touchZone":"none","type":3,"width":16.5772},{"bases":[[[0.718002,-0.69113,0.08254],[0.56558,0.648428,0.509568],[-0.405699,-0.319188,0.856462]],[[0.628612,-0.738922,0.242571],[0.712413,0.421994,-0.560704],[0.311953,0.525276,0.791688]],[[0.628612,-0.738922,0.242571],[-0.222467,-0.469713,-0.854329],[0.745221,0.483078,-0.459653]],[[0.628612,-0.738922,0.242571],[-0.658011,-0.671585,-0.340581],[0.41457,0.054479,-0.908385]]],"btipPosition":[-42.0123,274.252,-26.4646],"carpPosition":[-33.5505,283.837,22.1452],"dipPosition":[-35.4593,275.113,-40.8232],"direction":[-0.745221,-0.483078,0.459653],"extended":false,"handId":235,"id":2354,"length":46.32,"mcpPosition":[-11.9777,300.81,-23.3967],"pipPosition":[-22.0929,283.777,-49.0676],"stabilizedTipPosition":[-78.819,256.289,73.3802],"timeVisible":0.551336,"tipPosition":[-40.6406,274.038,-29.4063],"tipVelocity":[95.8434,15.7546,-196.633],"tool":false,"touchDistance":0.333333,"touchZone":"none","type":4,"width":14.7252}],"r":[[0.785705,-0.280812,0.551192],[0.190076,0.957516,0.216874],[-0.588676,-0.0656303,0.8057]],"s":0.890593,"t":[77.7937,97.476,-191.105],"timestamp":2868084466},false],[2,{"currentFrameRate":110.24,"devices":[],"gestures":[],"hands":[{"armBasis":[[0.919793,-0.110291,-0.376584],[0.271645,0.871522,0.408238],[0.283177,-0.477792,0.831581]],"armWidth":58.4334,"confidence":0.535684,"direction":[0.198077,0.506417,-0.83923],"elbow":[21.6134,164.442,231.243],"grabStrength":0,"id":235,"palmNormal":[-0.244287,-0.803673,-0.542618],"palmPosition":[-46.2955,306.821,-18.6118],"palmVelocity":[89.0844,13.1548,-212.61],"palmWidth":83.4409,"pinchStrength":0.859222,"r":[[0.781999,-0.282155,0.555757],[0.190322,0.957176,0.218155],[-0.593511,-0.0648242,0.802211]],"s":0.892203,"sphereCenter":[-51.2412,284.346,-55.1136],"sphereRadius":41.819,"stabilizedPalmPosition":[-84.4064,289.336,89.3765],"t":[78.5825,97.5893,-193.096],"timeVisible":0.560352,"type":"right","wrist":[-48.5008,282.743,25.3444]}],"id":275338,"interactionBox":{"center":[0,200,0],"size":[235.247,235.247,147.751]},"pointables":[{"bases":[[[0.639127,0.691899,0.335847],[-0.732011,0.41327,0.541635],[0.235961,-0.592017,0.770609]],[[0.509886,0.8596,0.0332248],[-0.819868,0.4739,0.321303],[0.260447,-0.191068,0.946394]],[[0.509886,0.8596,0.0332248],[-0.841414,0.506391,-0.188657],[-0.178994,0.0682377,0.981481]],[[0.509886,0.8596,0.0332248],[-0.790204,0.483288,-0.376842],[-0.33999,0.165892,0.925682]]],"btipPosition":[-75.3869,284.416,-72.2005],"carpPosition":[-76.3581,281.364,21.6764],"dipPosition":[-82.6838,287.976,-52.3336],"direction":[0.178994,-0.0682377,-0.981481],"extended":false,"handId":235,"id":2350,"length":47.7925,"mcpPosition":[-76.3581,281.364,21.6764],"pipPosition":[-88.2803,290.11,-21.6458],"stabilizedTipPosition":[-130.569,264.314,45.4251],"timeVisible":0.560352,"tipPosition":[-77.8013,284.67,-67.7767],"tipVelocity":[131.369,38.5821,-229.48],"tool":false,"touchDistance":-0.623825,"touchZone":"hovering","type":0,"width":18.5699},{"bases":[[[0.969039,-0.223028,-0.105934],[0.246907,0.87662,0.413006],[0.00075132,-0.426375,0.904546]],[[0.964215,-0.264721,-0.0145568],[0.25553,0.913298,0.317161],[-0.0706644,-0.309531,0.94826]],[[0.964215,-0.264721,-0.0145568],[0.261714,0.941619,0.2118],[-0.042361,-0.208031,0.977205]],[[0.964215,-0.264721,-0.0145568],[0.26436,0.955844,0.128358],[-0.0200651,-0.127613,0.991621]]],"btipPosition":[-59.0266,346.003,-112.149],"carpPosition":[-63.0132,298.432,23.4334],"dipPosition":[-59.341,344.004,-96.6118],"direction":[0.042361,0.208031,-0.977205],"extended":true,"handId":235,"id":2351,"length":53.9285,"mcpPosition":[-63.0639,327.198,-37.5925],"pipPosition":[-60.2799,339.393,-74.952],"stabilizedTipPosition":[-96.8727,326.305,-39.6121],"timeVisible":0.560352,"tipPosition":[-58.8028,343.864,-108.828],"tipVelocity":[140.553,81.3859,-206.034],"tool":false,"touchDistance":-0.60523,"touchZone":"hovering","type":1,"width":17.738},{"bases":[[[0.903846,-0.424735,-0.0515971],[0.407136,0.816721,0.40891],[-0.131538,-0.390599,0.911115]],[[0.906166,-0.417293,-0.0687709],[0.296589,0.742943,-0.600059],[0.301493,0.523356,0.796994]],[[0.906166,-0.417293,-0.0687709],[-0.266561,-0.437297,-0.858904],[0.328342,0.796641,-0.507498]],[[0.906166,-0.417293,-0.0687709],[-0.419538,-0.866423,-0.270737],[0.0533921,0.274185,-0.960194]]],"btipPosition":[-66.1968,273.898,-41.3338],"carpPosition":[-51.8038,297.54,22.4062],"dipPosition":[-65.2767,278.623,-57.8807],"direction":[-0.328342,-0.796641,0.507498],"extended":false,"handId":235,"id":2352,"length":61.4471,"mcpPosition":[-43.3881,322.53,-35.8866],"pipPosition":[-56.7145,299.397,-71.1148],"stabilizedTipPosition":[-108.673,248.772,78.0502],"timeVisible":0.560352,"tipPosition":[-66.1002,274.587,-44.2243],"tipVelocity":[100.665,21.6781,-238.175],"tool":false,"touchDistance":0.333333,"touchZone":"none","type":2,"width":17.4211},{"bases":[[[0.841357,-0.537937,0.0523658],[0.466271,0.77142,0.433015],[-0.273331,-0.339903,0.899864]],[[0.83686,-0.543325,0.0668075],[0.465649,0.642371,-0.608712],[0.287814,0.540516,0.790573]],[[0.83686,-0.543325,0.0668075],[-0.231761,-0.462219,-0.855944],[0.495936,0.700822,-0.512734]],[[0.83686,-0.543325,0.0668075],[-0.506744,-0.815054,-0.280887],[0.207065,0.201208,-0.957413]]],"btipPosition":[-53.474,269.874,-33.1734],"carpPosition":[-41.2361,293.747,21.4799],"dipPosition":[-49.9262,273.322,-49.5776],"direction":[-0.495936,-0.700822,0.512734],"extended":false,"handId":235,"id":2353,"length":59.0831,"mcpPosition":[-25.5352,313.272,-30.211],"pipPosition":[-37.3277,291.125,-62.6029],"stabilizedTipPosition":[-93.9489,247.497,77.6029],"timeVisible":0.560352,"tipPosition":[-52.7843,270.351,-36.7193],"tipVelocity":[91.5578,14.5058,-204.462],"tool":false,"touchDistance":0.333333,"touchZone":"none","type":3,"width":16.5772},{"bases":[[[0.715383,-0.693678,0.0838921],[0.565464,0.64528,0.513677],[-0.41046,-0.320037,0.853873]],[[0.625028,-0.741624,0.243586],[0.716611,0.421403,-0.555777],[0.30953,0.521932,0.794844]],[[0.625028,-0.741624,0.243586],[-0.219639,-0.466524,-0.856804],[0.749065,0.482026,-0.45448]],[[0.625028,-0.741624,0.243586],[-0.658572,-0.668513,-0.345504],[0.419075,0.0555312,-0.906252]]],"btipPosition":[-41.2609,274.317,-28.7531],"carpPosition":[-32.9907,283.746,19.9478],"dipPosition":[-34.6367,275.194,-43.078],"direction":[-0.749065,-0.482026,0.45448],"extended":false,"handId":235,"id":2354,"length":46.32,"mcpPosition":[-11.1648,300.764,-25.4563],"pipPosition":[-21.2014,283.84,-51.2296],"stabilizedTipPosition":[-78.6971,256.346,73.0512],"timeVisible":0.560352,"tipPosition":[-39.8769,274.115,-31.6861],"tipVelocity":[92.9028,13.5157,-212.124],"tool":false,"touchDistance":0.333333,"touchZone":"none","type":4,"width":14.7252}],"r":[[0.781999,-0.282155,0.555757],[0.190322,0.957176,0.218155],[-0.593511,-0.0648242,0.802211]],"s":0.892203,"t":[78.5825,97.5893,-193.096],"timestamp":2868093482},false],[3,{"currentFrameRate":110.256,"devices":[],"gestures":[],"hands":[{"armBasis":[[0.918596,-0.105127,-0.380959],[0.26424,0.880189,0.394264],[0.293868,-0.462834,0.836317]],"armWidth":58.4334,"confidence":0.537221,"direction":[0.200517,0.514407,-0.833773],"elbow":[24.5601,167.886,230.491],"grabStrength":0,"id":235,"palmNormal":[-0.232413,-0.801786,-0.550566],"palmPosition":[-45.8454,306.906,-20.3374],"palmVelocity":[78.2485,12.1293,-206.611],"palmWidth":83.4409,"pinchStrength":0.861017,"r":[[0.778577,-0.28264,0.560297],[0.188407,0.956923,0.22091],[-0.598599,-0.066432,0.798289]],"s":0.894017,"sphereCenter":[-51.0528,285.308,-56.9707],"sphereRadius":41.6711,"stabilizedPalmPosition":[-84.3357,289.368,89.1755],"t":[79.202,97.6887,-194.955],"timeVisible":0.569394,"type":"right","wrist":[-48.2014,282.483,23.4201]}],"id":275339,"interactionBox":{"center":[0,200,0],"size":[235.247,235.247,147.751]},"pointables":[{"bases":[[[0.629975,0.695116,0.346331],[-0.740258,0.402615,0.538442],[0.234842,-0.595579,0.768203]],[[0.502735,0.863232,0.0456925],[-0.826428,0.464453,0.318277],[0.253525,-0.197771,0.946896]],[[0.502735,0.863232,0.0456925],[-0.843151,0.501327,-0.194339],[-0.190667,0.0591754,0.97987]],[[0.502735,0.863232,0.0456925],[-0.78603,0.478491,-0.391412],[-0.359743,0.160861,0.91908]]],"btipPosition":[-73.9363,284.631,-74.2016],"carpPosition":[-76.0132,280.88,19.5062],"dipPosition":[-81.657,288.083,-54.4764],"direction":[0.190667,-0.0591754,-0.97987],"extended":false,"handId":235,"id":2350,"length":47.7925,"mcpPosition":[-76.0132,280.88,19.5062],"pipPosition":[-87.6186,289.933,-23.839],"stabilizedTipPosition":[-129.952,264.552,44.1297],"timeVisible":0.569394,"tipPosition":[-76.4935,284.893,-69.8419],"tipVelocity":[136.409,33.7337,-228.221],"tool":false,"touchDistance":-0.620281,"touchZone":"hovering","type":0,"width":18.5699},{"bases":[[[0.97188,-0.21349,-0.09936],[0.23546,0.875716,0.421522],[-0.00297941,-0.433064,0.901358]],[[0.967089,-0.254144,-0.0122239],[0.243468,0.910373,0.334582],[-0.0739037,-0.326547,0.942287]],[[0.967089,-0.254144,-0.0122239],[0.250067,0.94051,0.230016],[-0.0469605,-0.225503,0.97311]],[[0.967089,-0.254144,-0.0122239],[0.253145,0.956225,0.146806],[-0.025621,-0.145068,0.98909]]],"btipPosition":[-58.2841,347.408,-113.499],"carpPosition":[-62.839,298.055,21.5018],"dipPosition":[-58.6855,345.135,-98.0023],"direction":[0.0469605,0.225503,-0.97311],"extended":true,"handId":235,"id":2351,"length":53.9285,"mcpPosition":[-62.638,327.272,-39.3091],"pipPosition":[-59.7264,340.137,-76.4333],"stabilizedTipPosition":[-95.4965,327.041,-42.1261],"timeVisible":0.569394,"tipPosition":[-58.0619,345.177,-110.218],"tipVelocity":[123.834,99.8672,-190.699],"tool":false,"touchDistance":-0.59344,"touchZone":"hovering","type":1,"width":17.738},{"bases":[[[0.908066,-0.416174,-0.0470633],[0.396255,0.817295,0.418342],[-0.135639,-0.398532,0.907069]],[[0.910465,-0.408575,-0.0641815],[0.294027,0.748564,-0.594306],[0.290863,0.522224,0.801674]],[[0.910465,-0.408575,-0.0641815],[-0.256305,-0.435601,-0.862879],[0.324594,0.802071,-0.501319]],[[0.910465,-0.408575,-0.0641815],[-0.409472,-0.868656,-0.278873],[0.0581892,0.280185,-0.958181]]],"btipPosition":[-65.2594,273.942,-43.3208],"carpPosition":[-51.6137,297.271,20.563],"dipPosition":[-64.2566,278.77,-59.833],"direction":[-0.324594,-0.802071,0.501319],"extended":false,"handId":235,"id":2352,"length":61.4471,"mcpPosition":[-42.9356,322.769,-37.4709],"pipPosition":[-55.7922,299.686,-72.906],"stabilizedTipPosition":[-108.564,248.838,77.7372],"timeVisible":0.569394,"tipPosition":[-65.1382,274.685,-46.3106],"tipVelocity":[102.073,17.7664,-232.853],"tool":false,"touchDistance":0.333333,"touchZone":"none","type":2,"width":17.4211},{"bases":[[[0.845736,-0.530705,0.0555307],[0.455594,0.772352,0.442613],[-0.277786,-0.349034,0.894992]],[[0.840963,-0.536478,0.0705181],[0.46443,0.648785,-0.602812],[0.277644,0.539693,0.794761]],[[0.840963,-0.536478,0.0705181],[-0.221853,-0.460729,-0.859366],[0.493521,0.70705,-0.506475]],[[0.840963,-0.536478,0.0705181],[-0.497548,-0.817913,-0.288902],[0.212667,0.20787,-0.954758]]],"btipPosition":[-52.6046,269.994,-35.0511],"carpPosition":[-41.0046,293.58,19.6984],"dipPosition":[-48.9608,273.555,-51.4098],"direction":[-0.493521,-0.70705,0.506475],"extended":false,"handId":235,"id":2353,"length":59.0831,"mcpPosition":[-25.0478,313.63,-31.7126],"pipPosition":[-36.4236,291.517,-64.2761],"stabilizedTipPosition":[-93.8232,247.567,77.2559],"timeVisible":0.569394,"tipPosition":[-51.8681,270.524,-38.67],"tipVelocity":[93.4978,14.9534,-205.025],"tool":false,"touchDistance":0.333333,"touchZone":"none","type":3,"width":16.5772},{"bases":[[[0.72092,-0.687806,0.0848421],[0.555247,0.646515,0.523182],[-0.414699,-0.330064,0.847987]],[[0.629639,-0.737759,0.243446],[0.717439,0.431951,-0.546534],[0.298053,0.518777,0.801271]],[[0.629639,-0.737759,0.243446],[-0.208164,-0.462115,-0.862043],[0.74848,0.492099,-0.44454]],[[0.629639,-0.737759,0.243446],[-0.64956,-0.67183,-0.355972],[0.426176,0.0660009,-0.902229]]],"btipPosition":[-40.4306,274.526,-30.6756],"carpPosition":[-32.6562,283.666,18.1627],"dipPosition":[-33.6942,275.569,-44.9369],"direction":[-0.74848,-0.492099,0.44454],"extended":false,"handId":235,"id":2354,"length":46.32,"mcpPosition":[-10.6049,301.217,-26.9285],"pipPosition":[-20.2694,284.396,-52.9102],"stabilizedTipPosition":[-78.5798,256.4,72.7361],"timeVisible":0.569394,"tipPosition":[-39.0196,274.361,-33.5998],"tipVelocity":[93.3931,17.3361,-211.814],"tool":false,"touchDistance":0.333333,"touchZone":"none","type":4,"width":14.7252}],"r":[[0.778577,-0.28264,0.560297],[0.188407,0.956923,0.22091],[-0.598599,-0.066432,0.798289]],"s":0.894017,"t":[79.202,97.6887,-194.955],"timestamp":2868102524},false],[4,{"currentFrameRate":110.276,"devices":[],"gestures":[],"hands":[{"armBasis":[[0.921468,-0.10364,-0.374372],[0.260283,0.88014,0.396996],[0.288356,-0.463262,0.837997]],"armWidth":58.4334,"confidence":0.550096,"direction":[0.204236,0.513564,-0.833391],"elbow":[23.2397,167.666,230.129],"grabStrength":0,"id":235,"palmNormal":[-0.228175,-0.802911,-0.550699],"palmPosition":[-45.6015,306.735,-21.1367],"palmVelocity":[64.1343,3.57625,-174.082],"palmWidth":83.4409,"pinchStrength":0.859886,"r":[[0.775295,-0.282636,0.564832],[0.186323,0.956837,0.223041],[-0.603492,-0.0676815,0.794492]],"s":0.896065,"sphereCenter":[-51.2504,285.633,-57.7156],"sphereRadius":41.5793,"stabilizedPalmPosition":[-84.2731,289.396,88.9971],"t":[79.6336,97.6529,-196.284],"timeVisible":0.578426,"type":"right","wrist":[-48.1568,282.369,22.6414]}],"id":275340,"interactionBox":{"center":[0,200,0],"size":[235.247,235.247,147.751]},"pointables":[{"bases":[[[0.627004,0.69658,0.348771],[-0.743793,0.402203,0.533858],[0.231598,-0.594145,0.770295]],[[0.50253,0.86312,0.0498792],[-0.827894,0.463792,0.315418],[0.24911,-0.199801,0.947641]],[[0.50253,0.86312,0.0498792],[-0.841713,0.50161,-0.199767],[-0.197442,0.0584046,0.978573]],[[0.50253,0.86312,0.0498792],[-0.779838,0.477437,-0.404854],[-0.373252,0.164554,0.91302]]],"btipPosition":[-73.1636,284.506,-74.9923],"carpPosition":[-75.9444,280.717,18.579],"dipPosition":[-81.1743,288.037,-55.3972],"direction":[0.197442,-0.0584046,-0.978573],"extended":false,"handId":235,"id":2350,"length":47.7925,"mcpPosition":[-75.9444,280.717,18.579],"pipPosition":[-87.3477,289.863,-24.8003],"stabilizedTipPosition":[-129.322,264.79,42.8171],"timeVisible":0.578426,"tipPosition":[-75.7849,284.761,-70.6874],"tipVelocity":[120.368,21.1869,-190.391],"tool":false,"touchDistance":-0.598896,"touchZone":"hovering","type":0,"width":18.5699},{"bases":[[[0.972735,-0.212107,-0.0937912],[0.231807,0.876666,0.42157],[-0.00719435,-0.431818,0.901932]],[[0.967935,-0.250988,-0.0102976],[0.239236,0.908563,0.34246],[-0.0765973,-0.333943,0.939476]],[[0.967935,-0.250988,-0.0102976],[0.246134,0.939432,0.238508],[-0.0501887,-0.233395,0.971086]],[[0.967935,-0.250988,-0.0102976],[0.249498,0.955812,0.155479],[-0.0291808,-0.153063,0.987786]]],"btipPosition":[-57.7353,347.776,-114.242],"carpPosition":[-62.8081,297.915,20.622],"dipPosition":[-58.1925,345.378,-98.7652],"direction":[0.0501887,0.233395,-0.971086],"extended":true,"handId":235,"id":2351,"length":53.9285,"mcpPosition":[-62.3227,327.048,-40.2276],"pipPosition":[-59.3049,340.205,-77.241],"stabilizedTipPosition":[-94.0985,327.79,-44.6712],"timeVisible":0.578426,"tipPosition":[-57.5203,345.502,-110.978],"tipVelocity":[106.072,82.7067,-160.96],"tool":false,"touchDistance":-0.573636,"touchZone":"hovering","type":1,"width":17.738},{"bases":[[[0.908955,-0.414819,-0.0415586],[0.392708,0.818493,0.419344],[-0.139936,-0.397485,0.906876]],[[0.911437,-0.407231,-0.0586929],[0.295296,0.746797,-0.595897],[0.2865,0.525791,0.800913]],[[0.911437,-0.407231,-0.0586929],[-0.251849,-0.439395,-0.862267],[0.325353,0.800684,-0.503042]],[[0.911437,-0.407231,-0.0586929],[-0.406708,-0.870172,-0.278188],[0.062214,0.277422,-0.958732]]],"btipPosition":[-64.8436,273.678,-44.0382],"carpPosition":[-51.5766,297.148,19.7452],"dipPosition":[-63.7715,278.459,-60.5599],"direction":[-0.325353,-0.800684,0.503042],"extended":false,"handId":235,"id":2352,"length":61.4471,"mcpPosition":[-42.6236,322.579,-38.2764],"pipPosition":[-55.2872,299.338,-73.6778],"stabilizedTipPosition":[-108.457,248.901,77.4307],"timeVisible":0.578426,"tipPosition":[-64.7007,274.446,-47.127],"tipVelocity":[87.1254,4.48705,-190.665],"tool":false,"touchDistance":0.333333,"touchZone":"none","type":2,"width":17.4211},{"bases":[[[0.846247,-0.529304,0.0608557],[0.451984,0.773677,0.443999],[-0.282093,-0.348227,0.893958]],[[0.841213,-0.53528,0.0763953],[0.466243,0.646541,-0.603823],[0.273822,0.543562,0.793449]],[[0.841213,-0.53528,0.0763953],[-0.217815,-0.464788,-0.858212],[0.494892,0.705299,-0.507578]],[[0.841213,-0.53528,0.0763953],[-0.495222,-0.819443,-0.288561],[0.217062,0.204908,-0.954409]]],"btipPosition":[-52.2634,269.776,-35.6711],"carpPosition":[-40.9572,293.472,18.9432],"dipPosition":[-48.5443,273.287,-52.0238],"direction":[-0.494892,-0.705299,0.507578],"extended":false,"handId":235,"id":2353,"length":59.0831,"mcpPosition":[-24.753,313.476,-32.4084],"pipPosition":[-35.9722,291.204,-64.9181],"stabilizedTipPosition":[-93.7015,247.633,76.9213],"timeVisible":0.578426,"tipPosition":[-51.4877,270.323,-39.3577],"tipVelocity":[78.6816,3.84768,-167.423],"tool":false,"touchDistance":0.333333,"touchZone":"none","type":3,"width":16.5772},{"bases":[[[0.721519,-0.686559,0.089709],[0.551394,0.648107,0.525282],[-0.418778,-0.329536,0.846186]],[[0.629384,-0.736461,0.247994],[0.719629,0.431926,-0.543668],[0.293275,0.52064,0.801825]],[[0.629384,-0.736461,0.247994],[-0.203196,-0.463994,-0.862219],[0.750058,0.492275,-0.441676]],[[0.629384,-0.736461,0.247994],[-0.646776,-0.673347,-0.358167],[0.430762,0.0650276,-0.90012]]],"btipPosition":[-40.0886,274.353,-31.3785],"carpPosition":[-32.5852,283.569,17.4667],"dipPosition":[-33.2797,275.381,-45.6065],"direction":[-0.750058,-0.492275,0.441676],"extended":false,"handId":235,"id":2354,"length":46.32,"mcpPosition":[-10.3169,301.092,-27.5288],"pipPosition":[-19.8266,284.21,-53.5284],"stabilizedTipPosition":[-78.4687,256.45,72.4384],"timeVisible":0.578426,"tipPosition":[-38.6556,274.192,-34.3112],"tipVelocity":[78.6102,7.17485,-174.679],"tool":false,"touchDistance":0.333333,"touchZone":"none","type":4,"width":14.7252}],"r":[[0.775295,-0.282636,0.564832],[0.186323,0.956837,0.223041],[-0.603492,-0.0676815,0.794492]],"s":0.896065,"t":[79.6336,97.6529,-196.284],"timestamp":2868111556},false],[5,{"currentFrameRate":110.265,"devices":[],"gestures":[],"hands":[{"armBasis":[[0.923702,-0.102102,-0.369256],[0.257113,0.87975,0.399916],[0.284021,-0.464344,0.838879]],"armWidth":58.4334,"confidence":0.56245,"direction":[0.205747,0.510204,-0.835081],"elbow":[22.3141,167.418,229.93],"grabStrength":0,"id":235,"palmNormal":[-0.225791,-0.805563,-0.547801],"palmPosition":[-45.3712,306.569,-21.652],"palmVelocity":[53.3941,-2.48616,-141.583],"palmWidth":83.4409,"pinchStrength":0.854767,"r":[[0.772425,-0.28196,0.569085],[0.184303,0.957003,0.224003],[-0.607777,-0.0681414,0.791179]],"s":0.898114,"sphereCenter":[-51.2676,285.574,-58.1428],"sphereRadius":41.5686,"stabilizedPalmPosition":[-84.2163,289.421,88.8355],"t":[79.9646,97.5517,-197.206],"timeVisible":0.587514,"type":"right","wrist":[-48.0091,282.389,22.2245]}],"id":275341,"interactionBox":{"center":[0,200,0],"size":[235.247,235.247,147.751]},"pointables":[{"bases":[[[0.625265,0.698848,0.347355],[-0.745644,0.403599,0.53021],[0.230344,-0.590525,0.773448]],[[0.503504,0.862451,0.0515845],[-0.827442,0.464161,0.31606],[0.248643,-0.201821,0.947336]],[[0.503504,0.862451,0.0515845],[-0.840756,0.502842,-0.200696],[-0.199029,0.0576812,0.978295]],[[0.503504,0.862451,0.0515845],[-0.775133,0.477287,-0.413963],[-0.381644,0.168447,0.908831]]],"btipPosition":[-72.7523,284.506,-75.3604],"carpPosition":[-75.7842,280.686,18.0983],"dipPosition":[-80.9431,288.121,-55.8552],"direction":[0.199029,-0.0576812,-0.978295],"extended":false,"handId":235,"id":2350,"length":47.7925,"mcpPosition":[-75.7842,280.686,18.0983],"pipPosition":[-87.1661,289.924,-25.267],"stabilizedTipPosition":[-128.676,265.032,41.4738],"timeVisible":0.587514,"tipPosition":[-75.3265,284.684,-71.0881],"tipVelocity":[98.3111,15.9042,-149.524],"tool":false,"touchDistance":-0.573171,"touchZone":"hovering","type":0,"width":18.5699},{"bases":[[[0.973228,-0.211321,-0.0903863],[0.229665,0.878764,0.418364],[-0.00898104,-0.427922,0.903771]],[[0.968541,-0.248678,-0.00934553],[0.236617,0.908635,0.344086],[-0.077075,-0.335472,0.938892]],[[0.968541,-0.248678,-0.00934553],[0.243595,0.939722,0.239966],[-0.0508921,-0.234693,0.970736]],[[0.968541,-0.248678,-0.00934553],[0.247037,0.956262,0.156639],[-0.030016,-0.15402,0.987612]]],"btipPosition":[-57.4331,347.611,-114.854],"carpPosition":[-62.6739,297.909,20.1004],"dipPosition":[-57.9034,345.198,-99.3801],"direction":[0.0508921,0.234693,-0.970736],"extended":true,"handId":235,"id":2351,"length":53.9285,"mcpPosition":[-62.068,326.779,-40.8732],"pipPosition":[-59.0314,339.996,-77.8636],"stabilizedTipPosition":[-92.766,328.492,-47.0998],"timeVisible":0.587514,"tipPosition":[-57.2137,345.364,-111.588],"tipVelocity":[85.8183,54.6571,-135.065],"tool":false,"touchDistance":-0.553797,"touchZone":"hovering","type":1,"width":17.738},{"bases":[[[0.90956,-0.413883,-0.0374401],[0.390641,0.820778,0.416801],[-0.141777,-0.393731,0.908227]],[[0.912079,-0.40636,-0.0546167],[0.29526,0.743381,-0.600172],[0.284487,0.531279,0.798004]],[[0.912079,-0.40636,-0.0546167],[-0.24987,-0.445273,-0.859824],[0.325079,0.797875,-0.507661]],[[0.912079,-0.40636,-0.0546167],[-0.405033,-0.87227,-0.274033],[0.0637156,0.272061,-0.960168]]],"btipPosition":[-64.5184,273.364,-44.3404],"carpPosition":[-51.4394,297.151,19.2556],"dipPosition":[-63.4204,278.052,-60.8869],"direction":[-0.325079,-0.797875,0.507661],"extended":false,"handId":235,"id":2352,"length":61.4471,"mcpPosition":[-42.3686,322.342,-38.8523],"pipPosition":[-54.9433,298.858,-74.1252],"stabilizedTipPosition":[-108.346,248.965,77.1157],"timeVisible":0.587514,"tipPosition":[-64.3628,274.143,-47.5143],"tipVelocity":[73.093,-6.96963,-147.257],"tool":false,"touchDistance":0.333333,"touchZone":"none","type":2,"width":17.4211},{"bases":[[[0.846729,-0.528001,0.065308],[0.449908,0.776141,0.4418],[-0.283959,-0.344703,0.894733]],[[0.841559,-0.534032,0.0811674],[0.466851,0.643493,-0.606603],[0.271714,0.548385,0.790851]],[[0.841559,-0.534032,0.0811674],[-0.215651,-0.469932,-0.855955],[0.49525,0.702833,-0.51064]],[[0.841559,-0.534032,0.0811674],[-0.493744,-0.821446,-0.285381],[0.219077,0.200089,-0.954971]]],"btipPosition":[-51.9697,269.534,-35.9682],"carpPosition":[-40.8135,293.485,18.4968],"dipPosition":[-48.2161,272.962,-52.3305],"direction":[-0.49525,-0.702833,0.51064],"extended":false,"handId":235,"id":2353,"length":59.0831,"mcpPosition":[-24.5021,313.286,-32.8994],"pipPosition":[-35.6349,290.817,-65.3027],"stabilizedTipPosition":[-93.5783,247.698,76.5837],"timeVisible":0.587514,"tipPosition":[-51.1752,270.077,-39.6875],"tipVelocity":[66.0854,-5.17507,-130.189],"tool":false,"touchDistance":0.333333,"touchZone":"none","type":3,"width":16.5772},{"bases":[[[0.722118,-0.685282,0.0945227],[0.549262,0.651046,0.52388],[-0.420544,-0.326385,0.846531]],[[0.629621,-0.734618,0.252812],[0.719807,0.429156,-0.545622],[0.292328,0.525511,0.798988]],[[0.629621,-0.734618,0.252812],[-0.202307,-0.469215,-0.859599],[0.7501,0.490076,-0.444045]],[[0.629621,-0.734618,0.252812],[-0.645755,-0.675776,-0.355427],[0.431947,0.0605293,-0.899866]]],"btipPosition":[-39.824,274.155,-31.6486],"carpPosition":[-32.4258,283.586,17.0844],"dipPosition":[-32.9963,275.111,-45.8725],"direction":[-0.7501,-0.490076,0.444045],"extended":false,"handId":235,"id":2354,"length":46.32,"mcpPosition":[-10.0636,300.941,-27.9293],"pipPosition":[-19.5425,283.901,-53.837],"stabilizedTipPosition":[-78.3593,256.499,72.1462],"timeVisible":0.587514,"tipPosition":[-38.3672,273.996,-34.6275],"tipVelocity":[65.0382,-1.35284,-134.518],"tool":false,"touchDistance":0.333333,"touchZone":"none","type":4,"width":14.7252}],"r":[[0.772425,-0.28196,0.569085],[0.184303,0.957003,0.224003],[-0.607777,-0.0681414,0.791179]],"s":0.898114,"t":[79.9646,97.5517,-197.206],"timestamp":2868120644},false],[6,{"currentFrameRate":110.318,"devices":[],"gestures":[],"hands":[{"armBasis":[[0.925895,-0.0982169,-0.36479],[0.253086,0.87816,0.405934],[0.280475,-0.468175,0.837942]],"armWidth":58.4334,"confidence":0.5744,"direction":[0.209002,0.503264,-0.838477],"elbow":[21.6402,166.512,229.406],"grabStrength":0,"id":235,"palmNormal":[-0.223482,-0.810143,-0.541964],"palmPosition":[-44.9957,306.245,-22.1336],"palmVelocity":[50.2335,-11.6801,-117.509],"palmWidth":83.4409,"pinchStrength":0.845236,"r":[[0.769662,-0.280444,0.57356],[0.182476,0.957514,0.223314],[-0.611819,-0.0672156,0.788137]],"s":0.900079,"sphereCenter":[-50.9383,285.051,-58.508],"sphereRadius":41.6184,"stabilizedPalmPosition":[-84.16,289.446,88.6764],"t":[80.3178,97.3394,-197.908],"timeVisible":0.596486,"type":"right","wrist":[-47.805,282.432,21.9321]}],"id":275342,"interactionBox":{"center":[0,200,0],"size":[235.247,235.247,147.751]},"pointables":[{"bases":[[[0.623769,0.701833,0.344009],[-0.747815,0.407867,0.523848],[0.227344,-0.584016,0.779256]],[[0.505953,0.860999,0.0518967],[-0.825966,0.466271,0.316814],[0.248578,-0.203158,0.947067]],[[0.505953,0.860999,0.0518967],[-0.839197,0.505265,-0.201137],[-0.1994,0.0582144,0.978187]],[[0.505953,0.860999,0.0518967],[-0.769948,0.477933,-0.4228],[-0.388833,0.173959,0.904736]]],"btipPosition":[-72.3625,284.435,-75.6457],"carpPosition":[-75.5632,280.689,17.7094],"dipPosition":[-80.7076,288.168,-56.2284],"direction":[0.1994,-0.0582144,-0.978187],"extended":false,"handId":235,"id":2350,"length":47.7925,"mcpPosition":[-75.5632,280.689,17.7094],"pipPosition":[-86.9422,289.989,-25.6436],"stabilizedTipPosition":[-128.015,265.278,40.1054],"timeVisible":0.596486,"tipPosition":[-74.7935,284.497,-71.3922],"tipVelocity":[82.2047,10.2227,-117.902],"tool":false,"touchDistance":-0.54877,"touchZone":"hovering","type":0,"width":18.5699},{"bases":[[[0.973613,-0.211889,-0.0847384],[0.227861,0.882262,0.411937],[-0.0125235,-0.420376,0.907264]],[[0.96886,-0.247543,-0.00574748],[0.234562,0.910123,0.341549],[-0.0793172,-0.332261,0.939846]],[[0.96886,-0.247543,-0.00574748],[0.241819,0.940958,0.236901],[-0.053235,-0.230913,0.971517]],[[0.96886,-0.247543,-0.00574748],[0.245483,0.957243,0.153049],[-0.0323844,-0.149694,0.988202]]],"btipPosition":[-56.8064,346.845,-115.634],"carpPosition":[-62.4636,297.93,19.6202],"dipPosition":[-57.3138,344.5,-100.151],"direction":[0.053235,0.230913,-0.971517],"extended":true,"handId":235,"id":2351,"length":53.9285,"mcpPosition":[-61.6187,326.291,-41.5891],"pipPosition":[-58.4938,339.382,-78.6171],"stabilizedTipPosition":[-91.5658,329.089,-49.2754],"timeVisible":0.596486,"tipPosition":[-56.5859,344.644,-112.354],"tipVelocity":[81.1846,16.7974,-121.82],"tool":false,"touchDistance":-0.538419,"touchZone":"hovering","type":1,"width":17.738},{"bases":[[[0.909764,-0.414014,-0.03036],[0.388851,0.824295,0.4115],[-0.145341,-0.386173,0.910904]],[[0.912353,-0.406628,-0.0476018],[0.296998,0.737395,-0.606664],[0.281788,0.539354,0.793532]],[[0.912353,-0.406628,-0.0476018],[-0.24701,-0.454,-0.856079],[0.326494,0.792804,-0.514649]],[[0.912353,-0.406628,-0.0476018],[-0.403887,-0.874925,-0.267174],[0.0669922,0.262982,-0.962472]]],"btipPosition":[-64.0507,272.829,-44.5211],"carpPosition":[-51.2257,297.168,18.8266],"dipPosition":[-62.8963,277.361,-61.1073],"direction":[-0.326494,-0.792804,0.514649],"extended":false,"handId":235,"id":2352,"length":61.4471,"mcpPosition":[-41.9268,321.875,-39.4527],"pipPosition":[-54.3822,298.035,-74.5279],"stabilizedTipPosition":[-108.215,249.039,76.7468],"timeVisible":0.596486,"tipPosition":[-63.8776,273.601,-47.7687],"tipVelocity":[67.7477,-22.4925,-112.726],"tool":false,"touchDistance":0.333333,"touchZone":"none","type":2,"width":17.4211},{"bases":[[[0.846541,-0.527283,0.0730843],[0.448025,0.779879,0.437107],[-0.287476,-0.337285,0.896435]],[[0.841043,-0.53347,0.0897567],[0.471002,0.640506,-0.606555],[0.266089,0.552414,0.789959]],[[0.841043,-0.53347,0.0897567],[-0.20963,-0.47435,-0.855013],[0.498699,0.700287,-0.51078]],[[0.841043,-0.53347,0.0897567],[-0.492023,-0.823311,-0.282971],[0.224854,0.193828,-0.95492]]],"btipPosition":[-51.5066,269.127,-36.3828],"carpPosition":[-40.5963,293.497,18.1407],"dipPosition":[-47.654,272.448,-52.7443],"direction":[-0.498699,-0.700287,0.51078],"extended":false,"handId":235,"id":2353,"length":59.0831,"mcpPosition":[-24.0828,312.872,-33.3532],"pipPosition":[-34.9852,290.238,-65.7199],"stabilizedTipPosition":[-93.4418,247.769,76.213],"timeVisible":0.596486,"tipPosition":[-50.6951,269.647,-40.0227],"tipVelocity":[62.8181,-16.9287,-107.185],"tool":false,"touchDistance":0.333333,"touchZone":"none","type":3,"width":16.5772},{"bases":[[[0.721837,-0.684338,0.103112],[0.547069,0.65549,0.520622],[-0.42387,-0.319395,0.847538]],[[0.628733,-0.732364,0.261413],[0.720954,0.423013,-0.548895],[0.29141,0.533575,0.793963]],[[0.628733,-0.732364,0.261413],[-0.201435,-0.478084,-0.854903],[0.751078,0.484849,-0.448111]],[[0.628733,-0.732364,0.261413],[-0.645255,-0.678961,-0.350225],[0.433982,0.0515204,-0.899447]]],"btipPosition":[-39.4428,273.76,-31.7129],"carpPosition":[-32.2015,283.589,16.8444],"dipPosition":[-32.583,274.574,-45.9302],"direction":[-0.751078,-0.484849,0.448111],"extended":false,"handId":235,"id":2354,"length":46.32,"mcpPosition":[-9.66247,300.572,-28.2229],"pipPosition":[-19.1116,283.271,-53.9676],"stabilizedTipPosition":[-78.2373,256.552,71.8234],"timeVisible":0.596486,"tipPosition":[-37.9559,273.59,-34.7484],"tipVelocity":[59.0876,-14.0233,-99.5