{"sensorType":"Leap","data":[[0,{"currentFrameRate":105.67,"devices":[],"gestures":[],"hands":[{"armBasis":[[0.892518,0.365274,-0.26455],[-0.166091,0.811545,0.560187],[0.419316,-0.456037,0.784987]],"armWidth":58.4334,"confidence":0.654733,"direction":[-0.15055,0.411904,-0.898705],"elbow":[99.1137,192.008,225.127],"grabStrength":0,"id":283,"palmNormal":[0.189776,-0.880118,-0.435176],"palmPosition":[-18.194,320.183,-15.0824],"palmVelocity":[61.308,38.8556,-194.616],"palmWidth":83.4409,"pinchStrength":0.646107,"r":[[0.651005,-0.184803,0.736234],[0.0648806,0.979909,0.188598],[-0.756296,-0.0750109,0.649915]],"s":1.16429,"sphereCenter":[-4.50621,294.74,-48.0139],"sphereRadius":44.3732,"stabilizedPalmPosition":[-55.8298,269.597,95.4242],"t":[47.596,104.473,-208.426],"timeVisible":15.2446,"type":"right","wrist":[-4.70854,304.922,30.7655]}],"id":321511,"interactionBox":{"center":[0,200,0],"size":[235.247,235.247,147.751]},"pointables":[{"bases":[[[0.191295,0.96257,0.192004],[-0.80694,0.042863,0.589075],[0.558796,-0.267622,0.784936]],[[0.0211299,0.99882,-0.0437327],[-0.938098,0.0349336,0.344603],[0.345724,0.0337441,0.937729]],[[0.0211299,0.99882,-0.0437327],[-0.990365,0.014923,-0.137677],[-0.136862,0.0462204,0.989511]],[[0.0211299,0.99882,-0.0437327],[-0.904714,0.000486166,-0.426019],[-0.425495,0.0485673,0.903656]]],"btipPosition":[-30.1355,284.709,-62.5626],"carpPosition":[-27.7208,288.741,30.6961],"dipPosition":[-39.2674,285.752,-43.1684],"direction":[0.136862,-0.0462204,-0.989511],"extended":false,"handId":283,"id":2830,"length":47.7925,"mcpPosition":[-27.7208,288.741,30.6961],"pipPosition":[-43.5467,287.197,-12.2295],"stabilizedTipPosition":[-70.4805,245.529,44.274],"timeVisible":15.2446,"tipPosition":[-33.3294,285.344,-57.9917],"tipVelocity":[89.4856,18.636,-189.257],"tool":false,"touchDistance":-0.544626,"touchZone":"touching","type":0,"width":18.5699},{"bases":[[[0.931165,0.301876,-0.204455],[-0.233857,0.924735,0.300293],[0.279718,-0.231809,0.931677]],[[0.966191,0.255518,-0.0344203],[-0.234872,0.927358,0.291276],[0.106346,-0.273344,0.95602]],[[0.966191,0.255518,-0.0344203],[-0.24705,0.955715,0.159921],[0.0737588,-0.146011,0.98653]],[[0.966191,0.255518,-0.0344203],[-0.253559,0.965883,0.0526942],[0.0467104,-0.0421851,0.998017]]],"btipPosition":[-50.853,340.616,-108.746],"carpPosition":[-25.4251,310.311,29.2787],"dipPosition":[-50.1212,339.955,-93.1094],"direction":[-0.0737588,0.146011,-0.98653],"extended":true,"handId":283,"id":2831,"length":53.9285,"mcpPosition":[-44.2965,325.95,-33.5776],"pipPosition":[-48.4863,336.719,-71.2429],"stabilizedTipPosition":[-63.5334,322.918,-74.9526],"timeVisible":15.2446,"tipPosition":[-50.0862,339.162,-105.357],"tipVelocity":[79.0944,57.2445,-202.486],"tool":false,"touchDistance":-0.545746,"touchZone":"touching","type":1,"width":17.738},{"bases":[[[0.986527,0.105685,-0.124879],[-0.0668676,0.957144,0.281786],[0.149308,-0.269639,0.951316]],[[0.985418,0.107639,-0.13178],[-0.168886,0.524382,-0.834566],[-0.0207292,0.844652,0.534914]],[[0.985418,0.107639,-0.13178],[-0.0400769,-0.605861,-0.79456],[-0.165366,0.788255,-0.592712]],[[0.985418,0.107639,-0.13178],[0.0543438,-0.93301,-0.355723],[-0.161241,0.343375,-0.925254]]],"btipPosition":[-17.0854,268.695,-26.1473],"carpPosition":[-15.5399,315.252,26.9604],"dipPosition":[-19.864,274.613,-42.0921],"direction":[0.165366,-0.788255,0.592712],"extended":false,"handId":283,"id":2832,"length":61.4471,"mcpPosition":[-25.0926,332.503,-33.9044],"pipPosition":[-24.1763,295.168,-57.5484],"stabilizedTipPosition":[-47.047,220.759,84.0139],"timeVisible":15.2446,"tipPosition":[-17.5619,270.085,-29.1129],"tipVelocity":[39.602,29.1061,-219.123],"tool":false,"touchDistance":0.333333,"touchZone":"none","type":2,"width":17.4211},{"bases":[[[0.999961,-0.00760276,-0.00440854],[0.00857984,0.953166,0.302326],[0.00190356,-0.302352,0.953194]],[[0.99988,-0.0120854,0.00972661],[0.0145045,0.505877,-0.862484],[0.00550302,0.862521,0.505991]],[[0.99988,-0.0120854,0.00972661],[-0.000207,-0.637321,-0.770599],[0.015512,0.770504,-0.637246]],[[0.99988,-0.0120854,0.00972661],[-0.00827356,-0.945796,-0.324655],[0.013123,0.324535,-0.945783]]],"btipPosition":[-5.60167,274.324,-18.0155],"carpPosition":[-4.64794,317.43,25.0774],"dipPosition":[-5.37682,279.884,-34.2204],"direction":[-0.015512,-0.770504,0.637246],"extended":false,"handId":283,"id":2833,"length":59.0831,"mcpPosition":[-4.75729,334.798,-29.677],"pipPosition":[-4.98276,299.458,-50.4088],"stabilizedTipPosition":[-31.5525,230.366,82.4932],"timeVisible":15.2446,"tipPosition":[-5.44636,275.723,-21.0043],"tipVelocity":[43.3083,26.367,-202.058],"tool":false,"touchDistance":0.333333,"touchZone":"none","type":3,"width":16.5772},{"bases":[[[0.978205,-0.199931,0.0560509],[0.16414,0.909898,0.380977],[-0.12717,-0.363474,0.922884]],[[0.981589,-0.188905,0.02826],[0.126707,0.533273,-0.8364],[0.14293,0.824582,0.54739]],[[0.981589,-0.188905,0.02826],[-0.0927818,-0.600884,-0.793933],[0.166959,0.776694,-0.607348]],[[0.981589,-0.188905,0.02826],[-0.165667,-0.915636,-0.366285],[0.095069,0.354859,-0.930074]]],"btipPosition":[5.17915,286.136,-17.7978],"carpPosition":[7.54889,313.086,23.4306],"dipPosition":[6.68188,291.745,-32.4992],"direction":[-0.166959,-0.776694,0.607348],"extended":false,"handId":283,"id":2834,"length":46.32,"mcpPosition":[14.3111,332.413,-25.6432],"pipPosition":[9.67647,305.676,-43.3926],"stabilizedTipPosition":[-20.5436,247.948,70.6481],"timeVisible":15.2446,"tipPosition":[5.36777,287.355,-20.828],"tipVelocity":[54.5809,24.7825,-201.58],"tool":false,"touchDistance":0.333333,"touchZone":"none","type":4,"width":14.7252}],"r":[[0.651005,-0.184803,0.736234],[0.0648806,0.979909,0.188598],[-0.756296,-0.0750109,0.649915]],"s":1.16429,"t":[47.596,104.473,-208.426],"timestamp":3295658056},false],[1,{"currentFrameRate":105.704,"devices":[],"gestures":[],"hands":[{"armBasis":[[0.894694,0.362006,-0.261678],[-0.165578,0.812873,0.558409],[0.414858,-0.456277,0.787213]],"armWidth":58.4334,"confidence":0.662761,"direction":[-0.147592,0.408498,-0.900747],"elbow":[98.3896,192.478,224.118],"grabStrength":0,"id":283,"palmNormal":[0.18924,-0.882232,-0.431109],"palmPosition":[-17.6739,320.549,-16.7382],"palmVelocity":[59.6108,38.894,-189.368],"palmWidth":83.4409,"pinchStrength":0.64987,"r":[[0.648352,-0.185514,0.738393],[0.0681593,0.980108,0.186394],[-0.758284,-0.0705209,0.648099]],"s":1.1633,"sphereCenter":[-4.4993,295.048,-49.4774],"sphereRadius":44.2064,"stabilizedPalmPosition":[-55.7413,269.716,95.1638],"t":[48.1393,104.863,-210.374],"timeVisible":15.254,"type":"right","wrist":[-4.32879,305.452,29.2046]}],"id":321512,"interactionBox":{"center":[0,200,0],"size":[235.247,235.247,147.751]},"pointables":[{"bases":[[[0.192576,0.962999,0.188541],[-0.808305,0.046733,0.586907],[0.556379,-0.265422,0.787396]],[[0.0226373,0.998575,-0.0483356],[-0.939281,0.037802,0.34106],[0.342401,0.0376801,0.938798]],[[0.0226373,0.998575,-0.0483356],[-0.99001,0.0156605,-0.140124],[-0.139167,0.0510248,0.988953]],[[0.0226373,0.998575,-0.0483356],[-0.901109,-0.000560017,-0.433592],[-0.433001,0.053371,0.899812]]],"btipPosition":[-29.3997,284.847,-64.0629],"carpPosition":[-27.3702,289.313,29.1447],"dipPosition":[-38.6927,285.992,-44.7513],"direction":[0.139167,-0.0510248,-0.988953],"extended":false,"handId":283,"id":2830,"length":47.7925,"mcpPosition":[-27.3702,289.313,29.1447],"pipPosition":[-43.044,287.588,-13.8298],"stabilizedTipPosition":[-70.103,245.913,43.2666],"timeVisible":15.254,"tipPosition":[-32.6186,285.507,-59.5298],"tipVelocity":[85.1758,18.2199,-181.399],"tool":false,"touchDistance":-0.541287,"touchZone":"touching","type":0,"width":18.5699},{"bases":[[[0.932213,0.299351,-0.203393],[-0.232909,0.926377,0.295937],[0.277007,-0.228504,0.933302]],[[0.966518,0.254196,-0.0350457],[-0.233337,0.927479,0.292124],[0.106761,-0.274165,0.955738]],[[0.966518,0.254196,-0.0350457],[-0.24563,0.956033,0.160207],[0.0742288,-0.146234,0.986461]],[[0.966518,0.254196,-0.0350457],[-0.252229,0.966252,0.052326],[0.047164,-0.0417345,0.998015]]],"btipPosition":[-50.3107,340.985,-110.477],"carpPosition":[-25.0318,310.872,27.6449],"dipPosition":[-49.5717,340.331,-94.8402],"direction":[-0.0742288,0.146234,-0.986461],"extended":true,"handId":283,"id":2831,"length":53.9285,"mcpPosition":[-43.7203,326.288,-35.3211],"pipPosition":[-47.9264,337.09,-72.9752],"stabilizedTipPosition":[-63.1069,323.489,-75.9694],"timeVisible":15.254,"tipPosition":[-49.5297,339.537,-107.089],"tipVelocity":[73.0529,52.1513,-197.269],"tool":false,"touchDistance":-0.545467,"touchZone":"touching","type":1,"width":17.738},{"bases":[[[0.987022,0.103386,-0.12288],[-0.0658157,0.958408,0.277709],[0.146481,-0.266017,0.952774]],[[0.985983,0.105227,-0.129479],[-0.165584,0.521847,-0.836814],[-0.0204874,0.846524,0.531956]],[[0.985983,0.105227,-0.129479],[-0.0392568,-0.607941,-0.793011],[-0.162162,0.786978,-0.595289]],[[0.985983,0.105227,-0.129479],[0.0533074,-0.934044,-0.353159],[-0.158101,0.341306,-0.92656]]],"btipPosition":[-16.6449,268.983,-27.6498],"carpPosition":[-15.132,315.785,25.3307],"dipPosition":[-19.3694,274.865,-43.6171],"direction":[0.162162,-0.786978,0.595289],"extended":false,"handId":283,"id":2832,"length":61.4471,"mcpPosition":[-24.5037,332.805,-35.6274],"pipPosition":[-23.5982,295.387,-59.1405],"stabilizedTipPosition":[-47.0371,220.775,83.9755],"timeVisible":15.254,"tipPosition":[-17.1136,270.376,-30.632],"tipVelocity":[42.0499,29.2972,-202.404],"tool":false,"touchDistance":0.333333,"touchZone":"none","type":2,"width":17.4211},{"bases":[[[0.999954,-0.00943204,-0.00191507],[0.00957372,0.954377,0.298451],[-0.000987303,-0.298455,0.954423]],[[0.999823,-0.013979,0.0126292],[0.0179354,0.501181,-0.865157],[0.0057645,0.86523,0.501343]],[[0.999823,-0.013979,0.0126292],[0.000716505,-0.641673,-0.766978],[0.0188254,0.766851,-0.641549]],[[0.999823,-0.013979,0.0126292],[-0.0092106,-0.947509,-0.319596],[0.0164339,0.319423,-0.94747]]],"btipPosition":[-5.17073,274.675,-19.3691],"carpPosition":[-4.23144,317.936,23.4657],"dipPosition":[-4.88915,280.148,-35.6029],"direction":[-0.0188254,-0.766851,0.641549],"extended":false,"handId":283,"id":2833,"length":59.0831,"mcpPosition":[-4.17473,335.08,-31.3592],"pipPosition":[-4.41092,299.629,-51.9006],"stabilizedTipPosition":[-31.5461,230.378,82.4677],"timeVisible":15.254,"tipPosition":[-5.00428,276.047,-22.4281],"tipVelocity":[44.4289,28.9048,-185.733],"tool":false,"touchDistance":0.333333,"touchZone":"none","type":3,"width":16.5772},{"bases":[[[0.977699,-0.201472,0.0592757],[0.164861,0.911149,0.37766],[-0.130097,-0.359466,0.924045]],[[0.981283,-0.190154,0.0304053],[0.128989,0.531812,-0.836982],[0.142985,0.825238,0.546386]],[[0.981283,-0.190154,0.0304053],[-0.0918165,-0.600794,-0.794114],[0.169271,0.776459,-0.607008]],[[0.981283,-0.190154,0.0304053],[-0.166047,-0.915482,-0.366498],[0.0975265,0.35459,-0.929922]]],"btipPosition":[5.66526,286.387,-19.3993],"carpPosition":[7.96146,313.563,21.8667],"dipPosition":[7.20684,291.992,-34.0983],"direction":[-0.169271,-0.776459,0.607008],"extended":false,"handId":283,"id":2834,"length":46.32,"mcpPosition":[14.8793,332.678,-27.2688],"pipPosition":[10.2429,305.919,-44.9857],"stabilizedTipPosition":[-20.5266,247.974,70.5884],"timeVisible":15.254,"tipPosition":[5.86338,287.631,-22.3985],"tipVelocity":[54.0384,25.3145,-192.687],"tool":false,"touchDistance":0.333333,"touchZone":"none","type":4,"width":14.7252}],"r":[[0.648352,-0.185514,0.738393],[0.0681593,0.980108,0.186394],[-0.758284,-0.0705209,0.648099]],"s":1.1633,"t":[48.1393,104.863,-210.374],"timestamp":3295667454},false],[2,{"currentFrameRate":105.806,"devices":[],"gestures":[],"hands":[{"armBasis":[[0.896301,0.36079,-0.257829],[-0.165369,0.811422,0.560577],[0.411459,-0.459809,0.786942]],"armWidth":58.4334,"confidence":0.649582,"direction":[-0.146694,0.405967,-0.902037],"elbow":[97.8952,191.957,223.224],"grabStrength":0,"id":283,"palmNormal":[0.189872,-0.883389,-0.428453],"palmPosition":[-17.2798,320.772,-17.6208],"palmVelocity":[54.8086,34.7168,-162.896],"palmWidth":83.4409,"pinchStrength":0.652475,"r":[[0.646071,-0.185636,0.740359],[0.0707107,0.980359,0.184108],[-0.759995,-0.0665959,0.646508]],"s":1.16282,"sphereCenter":[-4.67555,295.296,-50.2078],"sphereRadius":44.0217,"stabilizedPalmPosition":[-55.6619,269.821,94.9311],"t":[48.608,105.169,-211.789],"timeVisible":15.2633,"type":"right","wrist":[-3.98162,305.805,28.3782]}],"id":321513,"interactionBox":{"center":[0,200,0],"size":[235.247,235.247,147.751]},"pointables":[{"bases":[[[0.192192,0.963555,0.186075],[-0.808948,0.0482088,0.5859],[0.555577,-0.26313,0.788732]],[[0.022171,0.998425,-0.0515406],[-0.940162,0.0383545,0.338562],[0.340005,0.0409503,0.939532]],[[0.022171,0.998425,-0.0515406],[-0.989747,0.014644,-0.142078],[-0.141099,0.0541622,0.988513]],[[0.022171,0.998425,-0.0515406],[-0.89683,-0.00292072,-0.442366],[-0.441819,0.0560309,0.895353]]],"btipPosition":[-28.6901,284.89,-64.7936],"carpPosition":[-27.02,289.661,28.3381],"dipPosition":[-38.1724,286.093,-45.5776],"direction":[0.141099,-0.0541622,-0.988513],"extended":false,"handId":283,"id":2830,"length":47.7925,"mcpPosition":[-27.02,289.661,28.3381],"pipPosition":[-42.5841,287.786,-14.67],"stabilizedTipPosition":[-69.7486,246.268,42.3304],"timeVisible":15.2633,"tipPosition":[-31.9613,285.554,-60.3049],"tipVelocity":[81.4424,14.8149,-153.223],"tool":false,"touchDistance":-0.526781,"touchZone":"touching","type":0,"width":18.5699},{"bases":[[[0.932376,0.298962,-0.203215],[-0.233402,0.927151,0.293111],[0.27604,-0.225859,0.934232]],[[0.966275,0.254874,-0.0367646],[-0.23321,0.926667,0.294791],[0.109203,-0.276276,0.954854]],[[0.966275,0.254874,-0.0367646],[-0.245877,0.955596,0.162419],[0.0765286,-0.147902,0.986037]],[[0.966275,0.254874,-0.0367646],[-0.252756,0.966026,0.0539284],[0.0492605,-0.0428172,0.997868]]],"btipPosition":[-50.0776,341.288,-111.357],"carpPosition":[-24.6839,311.216,26.781],"dipPosition":[-49.3058,340.617,-95.7226],"direction":[-0.0765286,0.147902,-0.986037],"extended":true,"handId":283,"id":2831,"length":53.9285,"mcpPosition":[-43.3071,326.454,-36.2477],"pipPosition":[-47.6095,337.339,-73.867],"stabilizedTipPosition":[-62.7686,323.941,-76.7839],"timeVisible":15.2633,"tipPosition":[-49.2695,339.838,-107.974],"tipVelocity":[59.8083,46.571,-168.514],"tool":false,"touchDistance":-0.532463,"touchZone":"touching","type":1,"width":17.738},{"bases":[[[0.987135,0.103232,-0.122099],[-0.0662952,0.959163,0.274975],[0.145499,-0.263343,0.953667]],[[0.986125,0.105016,-0.128563],[-0.164614,0.518653,-0.838988],[-0.0214272,0.848511,0.528744]],[[0.986125,0.105016,-0.128563],[-0.0381249,-0.61049,-0.791106],[-0.161565,0.785031,-0.598016]],[[0.986125,0.105016,-0.128563],[0.0538567,-0.934968,-0.35062],[-0.157023,0.338831,-0.927652]]],"btipPosition":[-16.2253,269.158,-28.3418],"carpPosition":[-14.7825,316.125,24.4639],"dipPosition":[-18.9312,274.997,-44.328],"direction":[0.161565,-0.785031,0.598016],"extended":false,"handId":283,"id":2832,"length":61.4471,"mcpPosition":[-24.0915,332.974,-36.5513],"pipPosition":[-23.1444,295.468,-59.9225],"stabilizedTipPosition":[-47.0285,220.79,83.9423],"timeVisible":15.2633,"tipPosition":[-16.6972,270.549,-31.3672],"tipVelocity":[43.0939,26.0593,-166.609],"tool":false,"touchDistance":0.333333,"touchZone":"none","type":2,"width":17.4211},{"bases":[[[0.999957,-0.00924751,-0.000807386],[0.00907248,0.955204,0.29581],[-0.00196429,-0.295805,0.955246]],[[0.999809,-0.013785,0.0138492],[0.0188806,0.498893,-0.866458],[0.00503485,0.866554,0.499058]],[[0.999809,-0.013785,0.0138492],[0.00172576,-0.643685,-0.765288],[0.019464,0.765166,-0.643539]],[[0.999809,-0.013785,0.0138492],[-0.0086834,-0.948358,-0.317084],[0.017505,0.316903,-0.948296]]],"btipPosition":[-4.76824,274.892,-20.119],"carpPosition":[-3.88039,318.273,22.6047],"dipPosition":[-4.46831,280.321,-36.367],"direction":[-0.019464,-0.765166,0.643539],"extended":false,"handId":283,"id":2833,"length":59.0831,"mcpPosition":[-3.76756,335.264,-32.2675],"pipPosition":[-3.97385,299.759,-52.7152],"stabilizedTipPosition":[-31.5401,230.388,82.444],"timeVisible":15.2633,"tipPosition":[-4.59848,276.255,-23.1864],"tipVelocity":[44.2821,27.0429,-156.354],"tool":false,"touchDistance":0.333333,"touchZone":"none","type":3,"width":16.5772},{"bases":[[[0.977672,-0.201121,0.0608922],[0.164282,0.912226,0.375307],[-0.13103,-0.356924,0.924898]],[[0.981345,-0.189665,0.0314393],[0.129275,0.529954,-0.838115],[0.1423,0.826545,0.544586]],[[0.981345,-0.189665,0.0314393],[-0.0910402,-0.602487,-0.792919],[0.169331,0.775265,-0.608515]],[[0.981345,-0.189665,0.0314393],[-0.165418,-0.916336,-0.364644],[0.0979692,0.352641,-0.930616]]],"btipPosition":[6.08262,286.597,-20.184],"carpPosition":[8.31505,313.898,21.031],"dipPosition":[7.63119,292.171,-34.894],"direction":[-0.169331,-0.775265,0.608515],"extended":false,"handId":283,"id":2834,"length":46.32,"mcpPosition":[15.2825,332.877,-28.1498],"pipPosition":[10.6683,306.076,-45.8084],"stabilizedTipPosition":[-20.5116,247.996,70.5359],"timeVisible":15.2633,"tipPosition":[6.28103,287.839,-23.187],"tipVelocity":[51.56,24.3399,-162.384],"tool":false,"touchDistance":0.333333,"touchZone":"none","type":4,"width":14.7252}],"r":[[0.646071,-0.185636,0.740359],[0.0707107,0.980359,0.184108],[-0.759995,-0.0665959,0.646508]],"s":1.16282,"t":[48.608,105.169,-211.789],"timestamp":3295676717},false],[3,{"currentFrameRate":105.769,"devices":[],"gestures":[],"hands":[{"armBasis":[[0.896526,0.362547,-0.25456],[-0.168126,0.810112,0.561652],[0.409847,-0.460738,0.78724]],"armWidth":58.4334,"confidence":0.65176,"direction":[-0.145469,0.406844,-0.901841],"elbow":[97.8039,192.048,222.689],"grabStrength":0,"id":283,"palmNormal":[0.192558,-0.882463,-0.429163],"palmPosition":[-16.8982,321.127,-18.2398],"palmVelocity":[50.5644,35.4432,-134.699],"palmWidth":83.4409,"pinchStrength":0.651708,"r":[[0.643982,-0.185664,0.742169],[0.0722902,0.980532,0.182568],[-0.761617,-0.063919,0.644867]],"s":1.16286,"sphereCenter":[-4.81247,295.838,-50.7553],"sphereRadius":43.8403,"stabilizedPalmPosition":[-55.5827,269.926,94.6999],"t":[49.0332,105.499,-212.807],"timeVisible":15.2728,"type":"right","wrist":[-3.67369,306.126,27.7696]}],"id":321514,"interactionBox":{"center":[0,200,0],"size":[235.247,235.247,147.751]},"pointables":[{"bases":[[[0.189889,0.963688,0.187744],[-0.81035,0.0458721,0.584148],[0.554324,-0.263062,0.789635]],[[0.0199816,0.998514,-0.0506924],[-0.941488,0.0358544,0.335133],[0.336453,0.0410298,0.940806]],[[0.0199816,0.998514,-0.0506924],[-0.989392,0.0124512,-0.144734],[-0.143888,0.0530467,0.988171]],[[0.0199816,0.998514,-0.0506924],[-0.892412,-0.00504768,-0.451192],[-0.450778,0.0542541,0.890986]]],"btipPosition":[-27.9083,285.236,-65.4285],"carpPosition":[-26.6803,289.937,27.6571],"dipPosition":[-37.5828,286.401,-46.3063],"direction":[0.143888,-0.0530467,-0.988171],"extended":false,"handId":283,"id":2830,"length":47.7925,"mcpPosition":[-26.6803,289.937,27.6571],"pipPosition":[-42.0818,288.059,-15.4093],"stabilizedTipPosition":[-69.3687,246.644,41.3394],"timeVisible":15.2728,"tipPosition":[-31.2243,285.882,-60.9797],"tipVelocity":[80.2908,20.7387,-128.946],"tool":false,"touchDistance":-0.512284,"touchZone":"touching","type":0,"width":18.5699},{"bases":[[[0.932242,0.301045,-0.20074],[-0.23587,0.926314,0.29378],[0.27439,-0.226526,0.934557]],[[0.965604,0.257445,-0.0364835],[-0.235037,0.92421,0.300987],[0.111206,-0.282059,0.95293]],[[0.965604,0.257445,-0.0364835],[-0.248003,0.954033,0.168273],[0.0781275,-0.153437,0.985065]],[[0.965604,0.257445,-0.0364835],[-0.255077,0.965107,0.0591915],[0.0504491,-0.0478495,0.99758]]],"btipPosition":[-49.7982,342.045,-111.925],"carpPosition":[-24.3829,311.499,26.133],"dipPosition":[-49.0078,341.296,-96.2952],"direction":[-0.0781275,0.153437,-0.985065],"extended":true,"handId":283,"id":2831,"length":53.9285,"mcpPosition":[-42.8948,326.782,-36.9176],"pipPosition":[-47.2761,337.895,-74.4612],"stabilizedTipPosition":[-62.4646,324.355,-77.5128],"timeVisible":15.2728,"tipPosition":[-48.9514,340.585,-108.553],"tipVelocity":[51.1601,55.509,-137.19],"tool":false,"touchDistance":-0.516087,"touchZone":"touching","type":1,"width":17.738},{"bases":[[[0.987202,0.105318,-0.119754],[-0.0687866,0.958676,0.27606],[0.14388,-0.26429,0.953651]],[[0.986247,0.107031,-0.125941],[-0.163401,0.516899,-0.840307],[-0.0248399,0.849329,0.527279]],[[0.986247,0.107031,-0.125941],[-0.0344802,-0.611991,-0.790113],[-0.161641,0.783589,-0.599884]],[[0.986247,0.107031,-0.125941],[0.0568461,-0.935175,-0.349594],[-0.155195,0.337627,-0.928398]]],"btipPosition":[-15.7038,269.546,-28.834],"carpPosition":[-14.486,316.43,23.8444],"dipPosition":[-18.3782,275.364,-44.833],"direction":[0.161641,-0.783589,0.599884],"extended":false,"handId":283,"id":2832,"length":61.4471,"mcpPosition":[-23.6913,333.34,-37.1698],"pipPosition":[-22.5934,295.798,-60.4762],"stabilizedTipPosition":[-47.0189,220.805,83.906],"timeVisible":15.2728,"tipPosition":[-16.1859,270.927,-31.9725],"tipVelocity":[46.6722,30.1413,-133.596],"tool":false,"touchDistance":0.333333,"touchZone":"none","type":2,"width":17.4211},{"bases":[[[0.999972,-0.00729325,0.00142096],[0.00654194,0.954837,0.297058],[-0.0035233,-0.297041,0.954858]],[[0.999796,-0.0119243,0.0163106],[0.0200862,0.499344,-0.866171],[0.00218392,0.866322,0.499482]],[[0.999796,-0.0119243,0.0163106],[0.00482127,-0.64315,-0.765725],[0.0196209,0.765647,-0.642962]],[[0.999796,-0.0119243,0.0163106],[-0.00611785,-0.948042,-0.318086],[0.0192561,0.317921,-0.947921]]],"btipPosition":[-4.2994,275.271,-20.7275],"carpPosition":[-3.58393,318.601,22.0124],"dipPosition":[-3.96947,280.719,-36.9691],"direction":[-0.0196209,-0.765647,0.642962],"extended":false,"handId":283,"id":2833,"length":59.0831,"mcpPosition":[-3.38154,335.664,-32.8375],"pipPosition":[-3.47102,300.169,-53.3026],"stabilizedTipPosition":[-31.5332,230.399,82.4168],"timeVisible":15.2728,"tipPosition":[-4.12469,276.636,-23.8284],"tipVelocity":[45.915,30.8604,-129.678],"tool":false,"touchDistance":0.333333,"touchZone":"none","type":3,"width":16.5772},{"bases":[[[0.977925,-0.199289,0.0628235],[0.161657,0.91206,0.376848],[-0.132401,-0.358373,0.924142]],[[0.981669,-0.187689,0.0331415],[0.129856,0.531371,-0.837128],[0.139509,0.826086,0.546003]],[[0.981669,-0.187689,0.0331415],[-0.088231,-0.601654,-0.793869],[0.16894,0.776393,-0.607185]],[[0.981669,-0.187689,0.0331415],[-0.162817,-0.916226,-0.366087],[0.0990756,0.353981,-0.92999]]],"btipPosition":[6.54401,287.002,-20.7941],"carpPosition":[8.62354,314.253,20.4604],"dipPosition":[8.11007,292.597,-35.4942],"direction":[-0.16894,-0.776393,0.607185],"extended":false,"handId":283,"id":2834,"length":46.32,"mcpPosition":[15.6639,333.309,-28.6803],"pipPosition":[11.1402,306.523,-46.3847],"stabilizedTipPosition":[-20.4957,248.019,70.4813],"timeVisible":15.2728,"tipPosition":[6.74505,288.248,-23.7998],"tipVelocity":[50.7846,29.734,-133.997],"tool":false,"touchDistance":0.333333,"touchZone":"none","type":4,"width":14.7252}],"r":[[0.643982,-0.185664,0.742169],[0.0722902,0.980532,0.182568],[-0.761617,-0.063919,0.644867]],"s":1.16286,"t":[49.0332,105.499,-212.807],"timestamp":3295686241},false],[4,{"currentFrameRate":105.817,"devices":[],"gestures":[],"hands":[{"armBasis":[[0.896363,0.363717,-0.25346],[-0.170986,0.81114,0.559299],[0.409019,-0.457997,0.789267]],"armWidth":58.4334,"confidence":0.656994,"direction":[-0.14473,0.404117,-0.903185],"elbow":[97.9185,193.106,222.521],"grabStrength":0,"id":283,"palmNormal":[0.195361,-0.883156,-0.426461],"palmPosition":[-16.5278,321.354,-18.9741],"palmVelocity":[47.4418,32.289,-118.729],"palmWidth":83.4409,"pinchStrength":0.656314,"r":[[0.642119,-0.184993,0.743949],[0.0730426,0.980796,0.180844],[-0.763117,-0.0617833,0.6433]],"s":1.16256,"sphereCenter":[-4.92588,296.101,-51.3429],"sphereRadius":43.6513,"stabilizedPalmPosition":[-55.5053,270.028,94.4745],"t":[49.431,105.779,-213.682],"timeVisible":15.2821,"type":"right","wrist":[-3.35415,306.506,27.0992]}],"id":321515,"interactionBox":{"center":[0,200,0],"size":[235.247,235.247,147.751]},"pointables":[{"bases":[[[0.187345,0.964614,0.185532],[-0.81153,0.04557,0.582531],[0.553463,-0.259699,0.79135]],[[0.0173447,0.998394,-0.0539389],[-0.942764,0.0342981,0.331691],[0.333009,0.0450985,0.941845]],[[0.0173447,0.998394,-0.0539389],[-0.988944,0.00918462,-0.148003],[-0.147269,0.0559096,0.987515]],[[0.0173447,0.998394,-0.0539389],[-0.884903,-0.00978518,-0.465673],[-0.465452,0.0558076,0.883312]]],"btipPosition":[-26.9732,285.255,-65.9605],"carpPosition":[-26.3235,290.265,26.9875],"dipPosition":[-36.9627,286.452,-47.003],"direction":[0.147269,-0.0559096,-0.987515],"extended":false,"handId":283,"id":2830,"length":47.7925,"mcpPosition":[-26.3235,290.265,26.9875],"pipPosition":[-41.5674,288.2,-16.1265],"stabilizedTipPosition":[-68.9379,247.062,40.2335],"timeVisible":15.2821,"tipPosition":[-30.3949,285.897,-61.5842],"tipVelocity":[83.6574,15.6381,-109.623],"tool":false,"touchDistance":-0.497937,"touchZone":"touching","type":0,"width":18.5699},{"bases":[[[0.931922,0.30264,-0.199823],[-0.238524,0.926549,0.290883],[0.273179,-0.223418,0.935659]],[[0.964857,0.260108,-0.0373399],[-0.237142,0.923118,0.302684],[0.1132,-0.283192,0.952359]],[[0.964857,0.260108,-0.0373399],[-0.250385,0.953154,0.16972],[0.0797363,-0.154407,0.984785]],[[0.964857,0.260108,-0.0373399],[-0.257642,0.96436,0.060248],[0.0516801,-0.0485104,0.997485]]],"btipPosition":[-49.5397,342.241,-112.692],"carpPosition":[-24.0725,311.828,25.4102],"dipPosition":[-48.7299,341.48,-97.0635],"direction":[-0.0797363,0.154407,-0.984785],"extended":true,"handId":283,"id":2831,"length":53.9285,"mcpPosition":[-42.5027,326.901,-37.7147],"pipPosition":[-46.9626,338.058,-75.2357],"stabilizedTipPosition":[-62.2074,324.703,-78.1326],"timeVisible":15.2821,"tipPosition":[-48.6632,340.794,-109.322],"tipVelocity":[44.6135,45.6008,-121.512],"tool":false,"touchDistance":-0.50432,"touchZone":"touching","type":1,"width":17.738},{"bases":[[[0.987178,0.107255,-0.118216],[-0.0714818,0.959245,0.273385],[0.14272,-0.261429,0.954613]],[[0.986256,0.108907,-0.124253],[-0.162841,0.513398,-0.842559],[-0.027969,0.851212,0.524076]],[[0.986256,0.108907,-0.124253],[-0.0312966,-0.615271,-0.787694],[-0.162235,0.780757,-0.603406]],[[0.986256,0.108907,-0.124253],[0.0598309,-0.936388,-0.345829],[-0.154012,0.333642,-0.930034]]],"btipPosition":[-15.1929,269.767,-29.3515],"carpPosition":[-14.1826,316.775,23.1268],"dipPosition":[-17.8469,275.517,-45.3787],"direction":[0.162235,-0.780757,0.603406],"extended":false,"handId":283,"id":2832,"length":61.4471,"mcpPosition":[-23.3138,333.502,-37.9489],"pipPosition":[-22.0776,295.877,-61.1138],"stabilizedTipPosition":[-47.0073,220.824,83.8625],"timeVisible":15.2821,"tipPosition":[-15.6787,271.127,-32.5481],"tipVelocity":[49.0586,27.8154,-111.563],"tool":false,"touchDistance":0.333333,"touchZone":"none","type":2,"width":17.4211},{"bases":[[[0.999982,-0.00500465,0.00328093],[0.00381635,0.955634,0.294532],[-0.0046094,-0.294514,0.955636]],[[0.999779,-0.00973125,0.0186194],[0.020988,0.502316,-0.864429],[-0.000940852,0.864629,0.50241]],[[0.999779,-0.00973125,0.0186194],[0.00810178,-0.639124,-0.769061],[0.019384,0.769043,-0.638904]],[[0.999779,-0.00973125,0.0186194],[-0.00321761,-0.946726,-0.322025],[0.0207612,0.321894,-0.946548]]],"btipPosition":[-3.82703,275.406,-21.7221],"carpPosition":[-3.28221,318.966,21.3091],"dipPosition":[-3.47131,280.922,-37.9401],"direction":[-0.019384,-0.769043,0.638904],"extended":false,"handId":283,"id":2833,"length":59.0831,"mcpPosition":[-3.01743,335.884,-33.5855],"pipPosition":[-2.97888,300.458,-54.1706],"stabilizedTipPosition":[-31.5254,230.412,82.3867],"timeVisible":15.2821,"tipPosition":[-3.65373,276.817,-24.7305],"tipVelocity":[47.3855,26.6642,-122.862],"tool":false,"touchDistance":0.333333,"touchZone":"none","type":3,"width":16.5772},{"bases":[[[0.978259,-0.196887,0.0651528],[0.158881,0.913423,0.37472],[-0.13329,-0.356222,0.924846]],[[0.982065,-0.185239,0.035146],[0.129869,0.529453,-0.83834],[0.136685,0.827868,0.544014]],[[0.982065,-0.185239,0.035146],[-0.0855712,-0.604004,-0.792374],[0.168007,0.775155,-0.609023]],[[0.982065,-0.185239,0.035146],[-0.160059,-0.917602,-0.363851],[0.0996495,0.3517,-0.930794]]],"btipPosition":[7.00497,287.277,-21.3906],"carpPosition":[8.93799,314.642,19.7912],"dipPosition":[8.5801,292.836,-36.1034],"direction":[-0.168007,-0.775155,0.609023],"extended":false,"handId":283,"id":2834,"length":46.32,"mcpPosition":[16.0256,333.584,-29.3869],"pipPosition":[11.5935,306.739,-47.0269],"stabilizedTipPosition":[-20.4782,248.045,70.4213],"timeVisible":15.2821,"tipPosition":[7.20677,288.516,-24.4056],"tipVelocity":[50.41,29.3769,-114.137],"tool":false,"touchDistance":0.333333,"touchZone":"none","type":4,"width":14.7252}],"r":[[0.642119,-0.184993,0.743949],[0.0730426,0.980796,0.180844],[-0.763117,-0.0617833,0.6433]],"s":1.16256,"t":[49.431,105.779,-213.682],"timestamp":3295695602},false],[5,{"currentFrameRate":105.766,"devices":[],"gestures":[],"hands":[{"armBasis":[[0.897765,0.360624,-0.252919],[-0.168904,0.812153,0.558462],[0.406803,-0.458649,0.790033]],"armWidth":58.4334,"confidence":0.664191,"direction":[-0.144311,0.402485,-0.90398],"elbow":[97.7732,193.039,222.077],"grabStrength":0,"id":283,"palmNormal":[0.193362,-0.884462,-0.424663],"palmPosition":[-16.1149,321.376,-19.6334],"palmVelocity":[46.2301,23.6343,-104.392],"palmWidth":83.4409,"pinchStrength":0.656744,"r":[[0.640618,-0.184397,0.74539],[0.0740653,0.98105,0.17904],[-0.764279,-0.0594887,0.642136]],"s":1.16199,"sphereCenter":[-5.08702,296.106,-51.911],"sphereRadius":43.4979,"stabilizedPalmPosition":[-55.426,270.131,94.2449],"t":[49.8363,105.929,-214.45],"timeVisible":15.2917,"type":"right","wrist":[-2.95086,306.599,26.4656]}],"id":321516,"interactionBox":{"center":[0,200,0],"size":[235.247,235.247,147.751]},"pointables":[{"bases":[[[0.189401,0.964622,0.183389],[-0.811172,0.048473,0.582795],[0.553288,-0.259142,0.791655]],[[0.019347,0.998238,-0.0560982],[-0.942893,0.0368783,0.331047],[0.332532,0.0464898,0.941945]],[[0.019347,0.998238,-0.0560982],[-0.988889,0.0108342,-0.148258],[-0.147389,0.0583433,0.987356]],[[0.019347,0.998238,-0.0560982],[-0.879613,-0.00967897,-0.475591],[-0.475296,0.058546,0.877876]]],"btipPosition":[-26.3664,285.196,-66.4322],"carpPosition":[-25.9534,290.405,26.3988],"dipPosition":[-36.5671,286.453,-47.5913],"direction":[0.147389,-0.0583433,-0.987356],"extended":false,"handId":283,"id":2830,"length":47.7925,"mcpPosition":[-25.9534,290.405,26.3988],"pipPosition":[-41.1755,288.277,-16.7198],"stabilizedTipPosition":[-68.432,247.545,38.9463],"timeVisible":15.2917,"tipPosition":[-29.8415,285.828,-62.1085],"tipVelocity":[76.388,9.76978,-93.0526],"tool":false,"touchDistance":-0.483954,"touchZone":"touching","type":0,"width":18.5699},{"bases":[[[0.932449,0.300306,-0.200885],[-0.236497,0.927654,0.289012],[0.273144,-0.22198,0.936011]],[[0.965148,0.258592,-0.0402379],[-0.234574,0.922978,0.3051],[0.116035,-0.285028,0.95147]],[[0.965148,0.258592,-0.0402379],[-0.248253,0.953314,0.171941],[0.082822,-0.15596,0.984285]],[[0.965148,0.258592,-0.0402379],[-0.255885,0.964709,0.0621213],[0.0548819,-0.04966,0.997257]]],"btipPosition":[-49.3541,342.4,-113.302],"carpPosition":[-23.659,311.96,24.7745],"dipPosition":[-48.4942,341.622,-97.6769],"direction":[-0.082822,0.15596,-0.984285],"extended":true,"handId":283,"id":2831,"length":53.9285,"mcpPosition":[-42.0869,326.936,-38.3742],"pipPosition":[-46.6585,338.165,-75.8602],"stabilizedTipPosition":[-61.9855,325.001,-78.6695],"timeVisible":15.2917,"tipPosition":[-48.45,340.965,-109.936],"tipVelocity":[37.6948,37.1482,-104.9],"tool":false,"touchDistance":-0.49138,"touchZone":"touching","type":1,"width":17.738},{"bases":[[[0.987342,0.104983,-0.118886],[-0.0693965,0.95997,0.271369],[0.142616,-0.259684,0.955105]],[[0.98646,0.106554,-0.12467],[-0.161848,0.509721,-0.844979],[-0.0264888,0.853716,0.520065]],[[0.98646,0.106554,-0.12467],[-0.0322284,-0.619407,-0.784408],[-0.160803,0.777805,-0.607586]],[[0.98646,0.106554,-0.12467],[0.0581987,-0.938145,-0.341318],[-0.153327,0.329441,-0.931643]]],"btipPosition":[-14.8782,269.801,-29.7197],"carpPosition":[-13.7601,316.882,22.4761],"dipPosition":[-17.5205,275.479,-45.7746],"direction":[0.160803,-0.777805,0.607586],"extended":false,"handId":283,"id":2832,"length":61.4471,"mcpPosition":[-22.8846,333.497,-38.6311],"pipPosition":[-21.7138,295.761,-61.6187],"stabilizedTipPosition":[-46.9925,220.847,83.8076],"timeVisible":15.2917,"tipPosition":[-15.3742,271.134,-33.0195],"tipVelocity":[44.4918,20.3126,-90.6837],"tool":false,"touchDistance":0.333333,"touchZone":"none","type":2,"width":17.4211},{"bases":[[[0.999971,-0.00704363,0.00284465],[0.00590362,0.95625,0.29249],[-0.00478039,-0.292465,0.956264]],[[0.999756,-0.0118663,0.0186159],[0.0220622,0.506966,-0.861684],[0.000787359,0.861884,0.507104]],[[0.999756,-0.0118663,0.0186159],[0.00691872,-0.632356,-0.774647],[0.020964,0.774587,-0.632119]],[[0.999756,-0.0118663,0.0186159],[-0.00507058,-0.944139,-0.329508],[0.021486,0.329333,-0.943969]]],"btipPosition":[-3.51441,275.214,-22.8273],"carpPosition":[-2.85605,319.047,20.6488],"dipPosition":[-3.14627,280.856,-39.0011],"direction":[-0.020964,-0.774587,0.632119],"extended":false,"handId":283,"id":2833,"length":59.0831,"mcpPosition":[-2.58145,335.847,-34.2818],"pipPosition":[-2.61371,300.534,-55.0593],"stabilizedTipPosition":[-31.5176,230.425,82.3565],"timeVisible":15.2917,"tipPosition":[-3.34577,276.699,-25.7207],"tipVelocity":[43.2452,14.0284,-120.503],"tool":false,"touchDistance":0.333333,"touchZone":"none","type":3,"width":16.5772},{"bases":[[[0.977884,-0.198749,0.0651356],[0.160918,0.913893,0.372699],[-0.1336,-0.353974,0.925664]],[[0.981861,-0.186597,0.0336208],[0.129395,0.529851,-0.838162],[0.138584,0.827309,0.544385]],[[0.981861,-0.186597,0.0336208],[-0.0874848,-0.603184,-0.79279],[0.168212,0.775468,-0.608567]],[[0.981861,-0.186597,0.0336208],[-0.161879,-0.917334,-0.36372],[0.0987107,0.35168,-0.930901]]],"btipPosition":[7.38768,287.223,-22.1091],"carpPosition":[9.35459,314.694,19.1347],"dipPosition":[8.94797,292.782,-36.8236],"direction":[-0.168212,-0.775468,0.608567],"extended":false,"handId":283,"id":2834,"length":46.32,"mcpPosition":[16.4587,333.517,-30.0869],"pipPosition":[11.965,306.691,-47.7389],"stabilizedTipPosition":[-20.459,248.072,70.356],"timeVisible":15.2917,"tipPosition":[7.57992,288.472,-25.0978],"tipVelocity":[47.3263,19.2619,-102.924],"tool":false,"touchDistance":0.333333,"touchZone":"none","type":4,"width":14.7252}],"r":[[0.640618,-0.184397,0.74539],[0.0740653,0.98105,0.17904],[-0.764279,-0.0594887,0.642136]],"s":1.16199,"t":[49.8363,105.929,-214.45],"timestamp":3295705150},false],[6,{"currentFrameRate":105.81,"devices":[],"gestures":[],"hands":[{"armBasis":[[0.899541,0.354595,-0.255123],[-0.164002,0.81544,0.555123],[0.404881,-0.457515,0.791676]],"armWidth":58.4334,"confidence":0.666293,"direction":[-0.142262,0.399567,-0.905598],"elbow":[97.725,193.65,221.114],"grabStrength":0,"id":283,"palmNormal":[0.188079,-0.887323,-0.42105],"palmPosition":[-15.616,321.592,-21.0602],"palmVelocity":[48.223,23.4734,-117.993],"palmWidth":83.4409,"pinchStrength":0.661772,"r":[[0.639247,-0.184041,0.746654],[0.0760389,0.981309,0.17678],[-0.765232,-0.0562314,0.641293]],"s":1.16096,"sphereCenter":[-5.31762,296.206,-53.1684],"sphereRadius":43.3125,"stabilizedPalmPosition":[-55.3513,270.228,94.0283],"t":[50.2884,106.112,-215.547],"timeVisible":15.3011,"type":"right","wrist":[-2.52315,306.93,25.0958]}],"id":321517,"interactionBox":{"center":[0,200,0],"size":[235.247,235.247,147.751]},"pointables":[{"bases":[[[0.195065,0.964256,0.179332],[-0.810688,0.0556039,0.582833],[0.552028,-0.259072,0.792557]],[[0.0253504,0.99788,-0.0599396],[-0.943364,0.0437195,0.328866],[0.33079,0.048208,0.942472]],[[0.0253504,0.99788,-0.0599396],[-0.988366,0.0160239,-0.151245],[-0.149964,0.0630764,0.986677]],[[0.0253504,0.99788,-0.0599396],[-0.869281,-0.00760518,-0.494259],[-0.493667,0.0646341,0.867246]]],"btipPosition":[-25.4779,285.304,-67.5027],"carpPosition":[-25.6195,290.87,25.103],"dipPosition":[-36.0729,286.691,-48.89],"direction":[0.149964,-0.0630764,-0.986677],"extended":false,"handId":283,"id":2830,"length":47.7925,"mcpPosition":[-25.6195,290.87,25.103],"pipPosition":[-40.7618,288.663,-18.0398],"stabilizedTipPosition":[-67.8819,248.062,37.5593],"timeVisible":15.3011,"tipPosition":[-29.1162,285.929,-63.2733],"tipVelocity":[78.8763,11.1678,-100.667],"tool":false,"touchDistance":-0.480737,"touchZone":"touching","type":0,"width":18.5699},{"bases":[[[0.934114,0.294043,-0.202408],[-0.231006,0.930203,0.285234],[0.272152,-0.219684,0.936842]],[[0.966456,0.253204,-0.04303],[-0.2286,0.924422,0.305263],[0.117072,-0.285186,0.951296]],[[0.966456,0.253204,-0.04303],[-0.242545,0.954891,0.171333],[0.0844712,-0.155149,0.984273]],[[0.966456,0.253204,-0.04303],[-0.25044,0.966226,0.0607237],[0.0569522,-0.0479103,0.997227]]],"btipPosition":[-48.9383,342.651,-114.736],"carpPosition":[-23.2004,312.404,23.3887],"dipPosition":[-48.046,341.9,-99.1116],"direction":[-0.0844712,0.155149,-0.984273],"extended":true,"handId":283,"id":2831,"length":53.9285,"mcpPosition":[-41.5613,327.225,-39.8161],"pipPosition":[-46.1737,338.461,-77.2952],"stabilizedTipPosition":[-61.8034,325.241,-79.1157],"timeVisible":15.3011,"tipPosition":[-48.0278,341.234,-111.37],"tipVelocity":[39.8182,34.3723,-118.587],"tool":false,"touchDistance":-0.492091,"touchZone":"touching","type":1,"width":17.738},{"bases":[[[0.987897,0.0987457,-0.119617],[-0.0637263,0.961474,0.267407],[0.141414,-0.256548,0.95613]],[[0.987056,0.100239,-0.125188],[-0.158889,0.50525,-0.84822],[-0.0217739,0.857132,0.514637]],[[0.987056,0.100239,-0.125188],[-0.0355135,-0.624601,-0.780136],[-0.156393,0.774484,-0.612956]],[[0.987056,0.100239,-0.125188],[0.0530027,-0.94063,-0.335269],[-0.151362,0.324294,-0.933768]]],"btipPosition":[-14.6722,270.002,-30.7779],"carpPosition":[-13.2737,317.259,21.0669],"dipPosition":[-17.2806,275.591,-46.8694],"direction":[0.156393,-0.774484,0.612956],"extended":false,"handId":283,"id":2832,"length":61.4471,"mcpPosition":[-22.3213,333.673,-40.1059],"pipPosition":[-21.3589,295.787,-62.8536],"stabilizedTipPosition":[-46.9777,220.871,83.7522],"timeVisible":15.3011,"tipPosition":[-15.1713,271.306,-34.1662],"tipVelocity":[38.3355,20.0115,-97.262],"tool":false,"touchDistance":0.333333,"touchZone":"none","type":2,"width":17.4211},{"bases":[[[0.999914,-0.0128467,0.00257383],[0.0115578,0.957404,0.288521],[-0.00617073,-0.288467,0.95747]],[[0.999669,-0.0176968,0.0186779],[0.0250803,0.508081,-0.860944],[0.00574608,0.861128,0.508356]],[[0.999669,-0.0176968,0.0186779],[0.00337894,-0.629337,-0.777126],[0.0255073,0.776931,-0.629068]],[[0.999669,-0.0176968,0.0186779],[-0.0104793,-0.943007,-0.332607],[0.0234994,0.332301,-0.942881]]],"btipPosition":[-3.28944,275.211,-24.4654],"carpPosition":[-2.35785,319.353,19.2274],"dipPosition":[-2.8868,280.904,-40.6206],"direction":[-0.0255073,-0.776931,0.629068],"extended":false,"handId":283,"id":2833,"length":59.0831,"mcpPosition":[-2.00339,335.924,-35.7725],"pipPosition":[-2.23882,300.641,-56.6012],"stabilizedTipPosition":[-31.5111,230.436,82.331],"timeVisible":15.3011,"tipPosition":[-3.11821,276.735,-27.2964],"tipVelocity":[38.0213,10.3061,-135.806],"tool":false,"touchDistance":0.333333,"touchZone":"none","type":3,"width":16.5772},{"bases":[[[0.976733,-0.20416,0.0656656],[0.166349,0.914479,0.368858],[-0.135356,-0.349352,0.927163]],[[0.980858,-0.191857,0.0333017],[0.131402,0.525928,-0.840318],[0.143706,0.828608,0.541071]],[[0.980858,-0.191857,0.0333017],[-0.0915872,-0.605463,-0.790586],[0.171842,0.772403,-0.611444]],[[0.980858,-0.191857,0.0333017],[-0.167261,-0.917674,-0.360414],[0.0997079,0.347945,-0.932198]]],"btipPosition":[7.70627,287.278,-23.4163],"carpPosition":[9.82678,314.923,17.7277],"dipPosition":[9.28232,292.778,-38.1513],"direction":[-0.171842,-0.772403,0.611444],"extended":false,"handId":283,"id":2834,"length":46.32,"mcpPosition":[17.0243,333.5,-31.5736],"pipPosition":[12.3645,306.632,-49.1182],"stabilizedTipPosition":[-20.4413,248.097,70.2957],"