{"sensorType":"Leap","data":[[0,{"currentFrameRate":105.934,"devices":[],"gestures":[],"hands":[{"armBasis":[[0.916055,0.0150873,-0.400769],[0.164627,0.897076,0.410065],[0.365707,-0.441619,0.819287]],"armWidth":58.4334,"confidence":0.753279,"direction":[0.0233143,0.424869,-0.904955],"elbow":[85.3984,154.42,236.715],"grabStrength":0,"id":281,"palmNormal":[-0.164319,-0.891261,-0.422673],"palmPosition":[-11.54,282.382,-12.2847],"palmVelocity":[18.9045,35.1203,-146.595],"palmWidth":83.4409,"pinchStrength":0.844217,"r":[[0.773266,-0.396212,0.495051],[0.44773,0.894023,0.0161753],[-0.448996,0.209141,0.868713]],"s":0.827795,"sphereCenter":[-15.6444,253.467,-45.5069],"sphereRadius":42.5826,"stabilizedPalmPosition":[-29.7389,253.887,89.1366],"t":[40.424,50.9594,-183.362],"timeVisible":4.68832,"type":"right","wrist":[-5.15023,263.765,33.8602]}],"id":318305,"interactionBox":{"center":[0,200,0],"size":[235.247,235.247,147.751]},"pointables":[{"bases":[[[0.548337,0.816272,0.181733],[-0.729246,0.360378,0.58166],[0.4093,-0.451474,0.792871]],[[0.420954,0.90645,-0.0338433],[-0.825373,0.398244,0.400202],[0.376241,-0.140533,0.915802]],[[0.420954,0.90645,-0.0338433],[-0.904616,0.416768,-0.0892998],[-0.066841,0.0682063,0.99543]],[[0.420954,0.90645,-0.0338433],[-0.785325,0.345524,-0.51369],[-0.453941,0.242818,0.857308]]],"btipPosition":[-38.0216,256.839,-57.6494],"carpPosition":[-32.6311,257.75,33.7958],"dipPosition":[-47.7641,262.05,-39.25],"direction":[0.066841,-0.0682063,-0.99543],"extended":false,"handId":281,"id":2810,"length":47.7925,"mcpPosition":[-32.6311,257.75,33.7958],"pipPosition":[-49.854,264.183,-8.12607],"stabilizedTipPosition":[-73.7098,221.55,61.3284],"timeVisible":4.68832,"tipPosition":[-40.7467,257.253,-53.5331],"tipVelocity":[39.8221,73.3164,-155.905],"tool":false,"touchDistance":-0.565208,"touchZone":"hovering","type":0,"width":18.5699},{"bases":[[[0.976047,-0.084968,-0.200282],[0.141349,0.94748,0.286883],[0.165388,-0.30832,0.936795]],[[0.987977,-0.116682,-0.101419],[0.135252,0.970117,0.201443],[0.0748841,-0.212738,0.974236]],[[0.987977,-0.116682,-0.101419],[0.124918,0.989014,0.0790357],[0.0910832,-0.0907546,0.991699]],[[0.987977,-0.116682,-0.101419],[0.115534,0.993156,-0.01714],[0.102725,0.00521655,0.994696]]],"btipPosition":[-39.8989,307.84,-107.019],"carpPosition":[-22.1623,276.727,32.132],"dipPosition":[-38.2894,307.921,-91.4336],"direction":[-0.0910832,0.0907546,-0.991699],"extended":true,"handId":281,"id":2811,"length":53.9285,"mcpPosition":[-33.3203,297.528,-31.0696],"pipPosition":[-36.2706,305.91,-69.4525],"stabilizedTipPosition":[-65.0162,273.102,-21.1972],"timeVisible":4.68832,"tipPosition":[-39.461,306.189,-103.492],"tipVelocity":[48.3259,103.94,-145.878],"tool":false,"touchDistance":-0.568452,"touchZone":"hovering","type":1,"width":17.738},{"bases":[[[0.950924,-0.286111,-0.117829],[0.307923,0.912476,0.26939],[0.0304404,-0.292452,0.955796]],[[0.950733,-0.284424,-0.123324],[0.109372,0.679965,-0.725042],[0.290075,0.675833,0.677573]],[[0.950733,-0.284424,-0.123324],[-0.256158,-0.496684,-0.82927],[0.174611,0.820005,-0.545071]],[[0.950733,-0.284424,-0.123324],[-0.308785,-0.904143,-0.295257],[-0.0275244,0.318791,-0.947425]]],"btipPosition":[-29.9766,239.385,-30.7237],"carpPosition":[-11.1283,277.424,29.8366],"dipPosition":[-30.451,244.879,-47.0506],"direction":[-0.174611,-0.820005,0.545071],"extended":false,"handId":281,"id":2812,"length":61.4471,"mcpPosition":[-13.0759,296.135,-31.3148],"pipPosition":[-25.8976,266.262,-61.2645],"stabilizedTipPosition":[-49.3121,207.885,81.8315],"timeVisible":4.68832,"tipPosition":[-30.0611,240.667,-34.3988],"tipVelocity":[31.4608,35.458,-136.396],"tool":false,"touchDistance":0.333333,"touchZone":"none","type":2,"width":17.4211},{"bases":[[[0.919103,-0.393996,0.00413863],[0.375889,0.879915,0.290615],[-0.118143,-0.265549,0.956831]],[[0.918442,-0.395445,0.00937896],[0.268452,0.605731,-0.749015],[0.290513,0.690444,0.662487]],[[0.918442,-0.395445,0.00937896],[-0.219113,-0.528356,-0.820262],[0.329323,0.751308,-0.571911]],[[0.918442,-0.395445,0.00937896],[-0.376344,-0.880888,-0.287058],[0.121777,0.260116,-0.957867]]],"btipPosition":[-15.8057,238.612,-23.1475],"carpPosition":[-0.236595,275.19,28.0191],"dipPosition":[-13.7192,243.068,-39.5594],"direction":[-0.329324,-0.751308,0.571911],"extended":false,"handId":281,"id":2813,"length":59.0831,"mcpPosition":[6.54987,290.444,-26.9442],"pipPosition":[-5.35321,262.154,-54.0881],"stabilizedTipPosition":[-34.4108,207.95,84.6549],"timeVisible":4.68832,"tipPosition":[-15.2867,239.642,-26.7786],"tipVelocity":[26.4305,38.1005,-148.456],"tool":false,"touchDistance":0.333333,"touchZone":"none","type":3,"width":16.5772},{"bases":[[[0.824425,-0.562018,0.0667784],[0.502343,0.780982,0.371105],[-0.26072,-0.272403,0.926187]],[[0.794051,-0.586547,0.159517],[0.49071,0.463685,-0.737699],[0.35873,0.664047,0.656014]],[[0.794051,-0.586547,0.159517],[-0.235046,-0.538299,-0.809313],[0.560568,0.605142,-0.565302]],[[0.794051,-0.586547,0.159517],[-0.524043,-0.793548,-0.309291],[0.307998,0.161999,-0.937493]]],"btipPosition":[-3.35755,245.98,-19.0339],"carpPosition":[9.33366,266.442,26.5291],"dipPosition":[1.51088,248.54,-33.8526],"direction":[-0.560568,-0.605142,0.565302],"extended":false,"handId":281,"id":2814,"length":46.32,"mcpPosition":[23.1973,280.926,-22.7203],"pipPosition":[11.5653,259.394,-43.9919],"stabilizedTipPosition":[-20.831,218.138,81.3776],"timeVisible":4.68832,"tipPosition":[-2.24809,246.579,-21.9766],"tipVelocity":[22.7792,38.0821,-137.439],"tool":false,"touchDistance":0.333333,"touchZone":"none","type":4,"width":14.7252}],"r":[[0.773266,-0.396212,0.495051],[0.44773,0.894023,0.0161753],[-0.448996,0.209141,0.868713]],"s":0.827795,"t":[40.424,50.9594,-183.362],"timestamp":3264839002},false],[1,{"currentFrameRate":105.96,"devices":[],"gestures":[],"hands":[{"armBasis":[[0.91745,0.0161395,-0.397524],[0.162288,0.897088,0.410969],[0.363247,-0.441557,0.820414]],"armWidth":58.4334,"confidence":0.756843,"direction":[0.0245221,0.426449,-0.904179],"elbow":[84.8591,154.644,235.918],"grabStrength":0,"id":281,"palmNormal":[-0.16194,-0.890811,-0.424536],"palmPosition":[-11.4036,282.658,-13.342],"palmVelocity":[17.6616,33.4901,-136.929],"palmWidth":83.4409,"pinchStrength":0.843514,"r":[[0.771934,-0.396681,0.496752],[0.447193,0.894232,0.0191664],[-0.451814,0.207349,0.867681]],"s":0.830835,"sphereCenter":[-15.8354,254.128,-46.5737],"sphereRadius":42.5065,"stabilizedPalmPosition":[-29.7362,253.891,89.122],"t":[40.5849,51.2825,-184.589],"timeVisible":4.69771,"type":"right","wrist":[-5.08045,263.973,32.7846]}],"id":318306,"interactionBox":{"center":[0,200,0],"size":[235.247,235.247,147.751]},"pointables":[{"bases":[[[0.546592,0.81687,0.184283],[-0.731074,0.358173,0.580725],[0.408372,-0.452144,0.792968]],[[0.420939,0.906617,-0.0292534],[-0.825584,0.396278,0.401714],[0.375793,-0.144946,0.915298]],[[0.420939,0.906617,-0.0292534],[-0.904268,0.41687,-0.0922979],[-0.0714839,0.0653047,0.995302]],[[0.420939,0.906617,-0.0292534],[-0.781704,0.346205,-0.518729],[-0.460161,0.241221,0.854438]]],"btipPosition":[-37.6424,257.328,-58.7049],"carpPosition":[-32.5511,257.912,32.6517],"dipPosition":[-47.5184,262.505,-40.367],"direction":[0.0714839,-0.0653047,-0.995302],"extended":false,"handId":281,"id":2810,"length":47.7925,"mcpPosition":[-32.5511,257.912,32.6517],"pipPosition":[-49.7534,264.547,-9.2471],"stabilizedTipPosition":[-73.6342,221.633,61.0695],"timeVisible":4.69771,"tipPosition":[-40.3911,257.725,-54.6271],"tipVelocity":[39.0537,67.0488,-143.961],"tool":false,"touchDistance":-0.553065,"touchZone":"hovering","type":0,"width":18.5699},{"bases":[[[0.976609,-0.0830049,-0.198358],[0.139164,0.947223,0.288793],[0.163918,-0.309642,0.936618]],[[0.988304,-0.114488,-0.100732],[0.13366,0.968351,0.210785],[0.0734115,-0.221784,0.972328]],[[0.988304,-0.114488,-0.100732],[0.123618,0.988276,0.0896109],[0.0892915,-0.101015,0.99087]],[[0.988304,-0.114488,-0.100732],[0.114473,0.993409,-0.00594178],[0.100748,-0.00565883,0.994896]]],"btipPosition":[-39.6192,308.866,-108.006],"carpPosition":[-22.1104,276.91,31.0424],"dipPosition":[-38.0406,308.777,-92.4177],"direction":[-0.0892915,0.101015,-0.99087],"extended":true,"handId":281,"id":2811,"length":53.9285,"mcpPosition":[-33.1692,297.8,-32.1472],"pipPosition":[-36.0615,306.538,-70.455],"stabilizedTipPosition":[-64.3499,274.026,-23.3498],"timeVisible":4.69771,"tipPosition":[-39.1892,307.154,-104.497],"tipVelocity":[42.8393,104.272,-134.27],"tool":false,"touchDistance":-0.554738,"touchZone":"hovering","type":1,"width":17.738},{"bases":[[[0.951646,-0.28433,-0.1163],[0.305833,0.912526,0.271594],[0.0289044,-0.29403,0.955359]],[[0.951464,-0.282629,-0.121809],[0.109742,0.681344,-0.72369],[0.287529,0.675198,0.67929]],[[0.951464,-0.282629,-0.121809],[-0.253595,-0.495736,-0.830623],[0.174373,0.821198,-0.543348]],[[0.951464,-0.282629,-0.121809],[-0.306654,-0.90416,-0.297419],[-0.0260754,0.320337,-0.946945]]],"btipPosition":[-29.729,239.661,-31.8899],"carpPosition":[-11.0727,277.629,28.7716],"dipPosition":[-30.1784,245.181,-48.2085],"direction":[-0.174373,-0.821198,0.543348],"extended":false,"handId":281,"id":2812,"length":61.4471,"mcpPosition":[-12.922,296.441,-32.3519],"pipPosition":[-25.6312,266.596,-62.3775],"stabilizedTipPosition":[-49.3081,207.891,81.8078],"timeVisible":4.69771,"tipPosition":[-29.8085,240.949,-35.5655],"tipVelocity":[30.1884,33.9233,-132.874],"tool":false,"touchDistance":0.333333,"touchZone":"none","type":2,"width":17.4211},{"bases":[[[0.919747,-0.392475,0.00541598],[0.373807,0.880042,0.292907],[-0.119725,-0.267376,0.956126]],[[0.919133,-0.393816,0.0102271],[0.267283,0.604323,-0.750569],[0.289405,0.692606,0.660713]],[[0.919133,-0.393816,0.0102271],[-0.218398,-0.530984,-0.818754],[0.327869,0.75031,-0.574053]],[[0.919133,-0.393816,0.0102271],[-0.374695,-0.881934,-0.286],[0.121651,0.25904,-0.958175]]],"btipPosition":[-15.5672,238.898,-24.0203],"carpPosition":[-0.173489,275.416,26.9733],"dipPosition":[-13.4829,243.336,-40.4375],"direction":[-0.327868,-0.75031,0.574053],"extended":false,"handId":281,"id":2813,"length":59.0831,"mcpPosition":[6.70387,290.775,-27.9494],"pipPosition":[-5.15383,262.397,-55.0206],"stabilizedTipPosition":[-34.4076,207.955,84.6367],"timeVisible":4.69771,"tipPosition":[-15.0499,239.931,-27.7605],"tipVelocity":[26.1237,35.8049,-132.706],"tool":false,"touchDistance":0.333333,"touchZone":"none","type":3,"width":16.5772},{"bases":[[[0.825217,-0.56076,0.067569],[0.500255,0.781182,0.373497],[-0.262226,-0.274414,0.925167]],[[0.794821,-0.585414,0.159844],[0.490235,0.464169,-0.737711],[0.357672,0.664709,0.655921]],[[0.794821,-0.585414,0.159844],[-0.234209,-0.538919,-0.809143],[0.559826,0.605687,-0.565454]],[[0.794821,-0.585414,0.159844],[-0.52265,-0.794225,-0.309908],[0.308376,0.162779,-0.937234]]],"btipPosition":[-3.15507,246.288,-20.0184],"carpPosition":[9.41445,266.686,25.4888],"dipPosition":[1.71936,248.861,-34.833],"direction":[-0.559826,-0.605687,0.565454],"extended":false,"handId":281,"id":2814,"length":46.32,"mcpPosition":[23.3581,281.278,-23.7064],"pipPosition":[11.7604,259.724,-44.9751],"stabilizedTipPosition":[-20.8278,218.143,81.3592],"timeVisible":4.69771,"tipPosition":[-2.03862,246.889,-23.0271],"tipVelocity":[22.4765,36.6628,-128.144],"tool":false,"touchDistance":0.333333,"touchZone":"none","type":4,"width":14.7252}],"r":[[0.771934,-0.396681,0.496752],[0.447193,0.894232,0.0191664],[-0.451814,0.207349,0.867681]],"s":0.830835,"t":[40.5849,51.2825,-184.589],"timestamp":3264848390},false],[2,{"currentFrameRate":105.934,"devices":[],"gestures":[],"hands":[{"armBasis":[[0.918315,0.0173664,-0.39547],[0.160827,0.8965,0.412823],[0.361708,-0.442704,0.820476]],"armWidth":58.4334,"confidence":0.760479,"direction":[0.025215,0.427583,-0.903624],"elbow":[84.5665,154.538,235.094],"grabStrength":0,"id":281,"palmNormal":[-0.160482,-0.890457,-0.425831],"palmPosition":[-11.2767,282.885,-14.167],"palmVelocity":[16.4315,30.7674,-122.582],"palmWidth":83.4409,"pinchStrength":0.842143,"r":[[0.770822,-0.397021,0.498205],[0.446566,0.894483,0.0218898],[-0.454327,0.205608,0.866783]],"s":0.834147,"sphereCenter":[-16.1446,254.797,-47.3836],"sphereRadius":42.4286,"stabilizedPalmPosition":[-29.7336,253.895,89.1069],"t":[40.7288,51.558,-185.616],"timeVisible":4.70719,"type":"right","wrist":[-4.99208,264.151,31.9445]}],"id":318307,"interactionBox":{"center":[0,200,0],"size":[235.247,235.247,147.751]},"pointables":[{"bases":[[[0.545512,0.81721,0.185971],[-0.732174,0.356703,0.580244],[0.407845,-0.452693,0.792926]],[[0.421444,0.906496,-0.0254711],[-0.825103,0.394955,0.403999],[0.376283,-0.149247,0.914405]],[[0.421444,0.906496,-0.0254711],[-0.903783,0.417542,-0.0939969],[-0.0745726,0.0626348,0.995247]],[[0.421444,0.906496,-0.0254711],[-0.778576,0.347286,-0.522696],[-0.464977,0.240119,0.852138]]],"btipPosition":[-37.3701,257.782,-59.4949],"carpPosition":[-32.4562,258.062,31.7696],"dipPosition":[-47.3493,262.935,-41.2064],"direction":[0.0745726,-0.0626348,-0.995247],"extended":false,"handId":281,"id":2810,"length":47.7925,"mcpPosition":[-32.4562,258.062,31.7696],"pipPosition":[-49.681,264.893,-10.0883],"stabilizedTipPosition":[-73.5489,221.726,60.7772],"timeVisible":4.70719,"tipPosition":[-40.1214,258.16,-55.4505],"tipVelocity":[35.3638,61.3565,-126.881],"tool":false,"touchDistance":-0.538113,"touchZone":"hovering","type":0,"width":18.5699},{"bases":[[[0.976943,-0.0817498,-0.197231],[0.137818,0.947012,0.290128],[0.163063,-0.310621,0.936443]],[[0.98846,-0.112913,-0.100981],[0.132964,0.966106,0.221266],[0.0725749,-0.23214,0.969971]],[[0.98846,-0.112913,-0.100981],[0.123148,0.987171,0.10163],[0.0882105,-0.112892,0.989684]],[[0.98846,-0.112913,-0.100981],[0.114184,0.993436,0.00687282],[0.0995425,-0.0183239,0.994865]]],"btipPosition":[-39.4085,309.964,-108.72],"carpPosition":[-22.0332,277.072,30.1968],"dipPosition":[-37.8489,309.676,-93.1323],"direction":[-0.0882105,0.112892,-0.989684],"extended":true,"handId":281,"id":2811,"length":53.9285,"mcpPosition":[-33.0344,298.028,-32.9811],"pipPosition":[-35.8937,307.174,-71.1959],"stabilizedTipPosition":[-63.5286,275.191,-26.0048],"timeVisible":4.70719,"tipPosition":[-38.988,308.165,-105.233],"tipVelocity":[36.7832,106.178,-117.335],"tool":false,"touchDistance":-0.538312,"touchZone":"hovering","type":1,"width":17.738},{"bases":[[[0.952086,-0.283201,-0.115452],[0.304544,0.912508,0.273096],[0.0280097,-0.295171,0.955034]],[[0.951909,-0.281492,-0.120964],[0.109934,0.682333,-0.722729],[0.28598,0.674674,0.680464]],[[0.951909,-0.281492,-0.120964],[-0.252043,-0.494992,-0.831539],[0.174195,0.822037,-0.542136]],[[0.951909,-0.281492,-0.120964],[-0.305342,-0.904115,-0.298903],[-0.0252263,0.321464,-0.946586]]],"btipPosition":[-29.534,239.892,-32.7896],"carpPosition":[-10.9935,277.805,27.9407],"dipPosition":[-29.9687,245.432,-49.102],"direction":[-0.174195,-0.822037,0.542136],"extended":false,"handId":281,"id":2812,"length":61.4471,"mcpPosition":[-12.7855,296.69,-33.1619],"pipPosition":[-25.4262,266.869,-63.2394],"stabilizedTipPosition":[-49.3039,207.899,81.7821],"timeVisible":4.70719,"tipPosition":[-29.6104,241.185,-36.4645],"tipVelocity":[27.5237,31.3201,-121.908],"tool":false,"touchDistance":0.333333,"touchZone":"none","type":2,"width":17.4211},{"bases":[[[0.920146,-0.391528,0.00609125],[0.372526,0.880069,0.294455],[-0.120648,-0.268672,0.955646]],[[0.919565,-0.392794,0.0106083],[0.265792,0.601904,-0.753038],[0.289404,0.695287,0.657891]],[[0.919565,-0.392794,0.0106083],[-0.218891,-0.534489,-0.816338],[0.326323,0.748354,-0.577476]],[[0.919565,-0.392794,0.0106083],[-0.373925,-0.883049,-0.283558],[0.120748,0.256783,-0.958896]]],"btipPosition":[-15.3756,239.141,-24.5977],"carpPosition":[-0.0896971,275.606,26.1534],"dipPosition":[-13.3068,243.54,-41.0273],"direction":[-0.326323,-0.748354,0.577476],"extended":false,"handId":281,"id":2813,"length":59.0831,"mcpPosition":[6.84069,291.039,-28.7417],"pipPosition":[-5.01696,262.551,-55.6973],"stabilizedTipPosition":[-34.404,207.961,84.6154],"timeVisible":4.70719,"tipPosition":[-14.8627,240.17,-28.4542],"tipVelocity":[24.3141,32.6059,-112.163],"tool":false,"touchDistance":0.333333,"touchZone":"none","type":3,"width":16.5772},{"bases":[[[0.825712,-0.559988,0.0679192],[0.498975,0.781241,0.375082],[-0.263103,-0.27582,0.9245]],[[0.795426,-0.584659,0.159597],[0.489105,0.463778,-0.738706],[0.357874,0.665645,0.654861]],[[0.795426,-0.584659,0.159597],[-0.234864,-0.540134,-0.808143],[0.558692,0.605334,-0.566952]],[[0.795426,-0.584659,0.159597],[-0.522198,-0.794829,-0.309121],[0.307583,0.162542,-0.937536]]],"btipPosition":[-2.9874,246.544,-20.7354],"carpPosition":[9.50915,266.888,24.6702],"dipPosition":[1.87448,249.113,-35.5548],"direction":[-0.558692,-0.605334,0.566952],"extended":false,"handId":281,"id":2814,"length":46.32,"mcpPosition":[23.4995,281.554,-24.4895],"pipPosition":[11.8952,259.97,-45.7237],"stabilizedTipPosition":[-20.8239,218.149,81.3381],"timeVisible":4.70719,"tipPosition":[-1.86837,247.142,-23.8193],"tipVelocity":[21.0097,33.864,-113.083],"tool":false,"touchDistance":0.333333,"touchZone":"none","type":4,"width":14.7252}],"r":[[0.770822,-0.397021,0.498205],[0.446566,0.894483,0.0218898],[-0.454327,0.205608,0.866783]],"s":0.834147,"t":[40.7288,51.558,-185.616],"timestamp":3264857878},false],[3,{"currentFrameRate":106.004,"devices":[],"gestures":[],"hands":[{"armBasis":[[0.919988,0.0207899,-0.391395],[0.157185,0.895202,0.417021],[0.359047,-0.445176,0.820307]],"armWidth":58.4334,"confidence":0.730506,"direction":[0.0258164,0.423926,-0.905329],"elbow":[84.043,154.597,234.136],"grabStrength":0,"id":281,"palmNormal":[-0.157033,-0.892667,-0.422475],"palmPosition":[-11.1016,283.349,-15.1725],"palmVelocity":[17.1033,36.1427,-118.476],"palmWidth":83.4409,"pinchStrength":0.840064,"r":[[0.769956,-0.396437,0.500005],[0.445531,0.894958,0.0235099],[-0.456804,0.204666,0.865703]],"s":0.837817,"sphereCenter":[-16.3388,255.526,-48.2192],"sphereRadius":42.3578,"stabilizedPalmPosition":[-29.7305,253.9,89.0897],"t":[40.8883,51.9274,-186.632],"timeVisible":4.7165,"type":"right","wrist":[-4.85671,264.823,31.0286]}],"id":318308,"interactionBox":{"center":[0,200,0],"size":[235.247,235.247,147.751]},"pointables":[{"bases":[[[0.542761,0.819551,0.1837],[-0.734385,0.356962,0.577283],[0.407539,-0.448234,0.795612]],[[0.419955,0.907152,-0.0266949],[-0.825476,0.394036,0.404135],[0.377131,-0.147683,0.91431]],[[0.419955,0.907152,-0.0266949],[-0.904174,0.415681,-0.0983814],[-0.0781503,0.0654526,0.994791]],[[0.419955,0.907152,-0.0266949],[-0.775365,0.343349,-0.53002],[-0.471643,0.243283,0.847565]]],"btipPosition":[-37.0004,258.146,-60.3245],"carpPosition":[-32.3027,258.653,30.8233],"dipPosition":[-47.1227,263.367,-42.1342],"direction":[0.0781503,-0.0654526,-0.994791],"extended":false,"handId":281,"id":2810,"length":47.7925,"mcpPosition":[-32.3027,258.653,30.8233],"pipPosition":[-49.5662,265.413,-11.0303],"stabilizedTipPosition":[-73.4568,221.828,60.4627],"timeVisible":4.7165,"tipPosition":[-39.7513,258.535,-56.3279],"tipVelocity":[35.5963,55.5456,-116.907],"tool":false,"touchDistance":-0.525418,"touchZone":"hovering","type":0,"width":18.5699},{"bases":[[[0.977575,-0.0797221,-0.194913],[0.134482,0.948596,0.286495],[0.162054,-0.306283,0.938045]],[[0.988893,-0.110011,-0.0999371],[0.130269,0.96527,0.226458],[0.0715533,-0.236962,0.96888]],[[0.988893,-0.110011,-0.0999371],[0.120694,0.986796,0.108013],[0.0867348,-0.118875,0.989114]],[[0.988893,-0.110011,-0.0999371],[0.111938,0.993619,0.0138602],[0.0977745,-0.024893,0.994897]]],"btipPosition":[-39.1382,310.712,-109.777],"carpPosition":[-21.9316,277.687,29.1931],"dipPosition":[-37.6063,310.322,-94.1886],"direction":[-0.0867348,0.118875,-0.989114],"extended":true,"handId":281,"id":2811,"length":53.9285,"mcpPosition":[-32.8647,298.351,-34.0929],"pipPosition":[-35.6838,307.687,-72.2648],"stabilizedTipPosition":[-62.6579,276.438,-28.8266],"timeVisible":4.7165,"tipPosition":[-38.722,308.86,-106.301],"tipVelocity":[34.4037,98.1704,-116.263],"tool":false,"touchDistance":-0.528663,"touchZone":"hovering","type":1,"width":17.738},{"bases":[[[0.953136,-0.280906,-0.112353],[0.301341,0.914508,0.269943],[0.0269195,-0.291149,0.956299]],[[0.952965,-0.279218,-0.117879],[0.109117,0.678932,-0.726048],[0.282757,0.679035,0.677465]],[[0.952965,-0.279218,-0.117879],[-0.249114,-0.500078,-0.829376],[0.172628,0.819731,-0.546114]],[[0.952965,-0.279218,-0.117879],[-0.302091,-0.906474,-0.295036],[-0.0244748,0.316769,-0.948187]]],"btipPosition":[-29.1899,240.221,-33.5911],"carpPosition":[-10.8895,278.443,26.9564],"dipPosition":[-29.6117,245.68,-49.9311],"direction":[-0.172628,-0.819731,0.546114],"extended":false,"handId":281,"id":2812,"length":61.4471,"mcpPosition":[-12.6118,297.071,-34.2272],"pipPosition":[-25.1101,267.056,-64.1721],"stabilizedTipPosition":[-49.2989,207.907,81.7523],"timeVisible":4.7165,"tipPosition":[-29.2663,241.498,-37.2991],"tipVelocity":[30.2835,31.8887,-111.992],"tool":false,"touchDistance":0.333333,"touchZone":"none","type":2,"width":17.4211},{"bases":[[[0.921262,-0.388824,0.00957078],[0.369373,0.882354,0.291573],[-0.121816,-0.26508,0.956501]],[[0.920736,-0.389947,0.0136353],[0.262891,0.594153,-0.760178],[0.288327,0.703508,0.649572]],[[0.920736,-0.389947,0.0136353],[-0.218755,-0.544827,-0.809512],[0.323096,0.742365,-0.586945]],[[0.920736,-0.389947,0.0136353],[-0.371534,-0.886863,-0.274656],[0.119194,0.24782,-0.961446]]],"btipPosition":[-15.0419,239.565,-24.9749],"carpPosition":[0.0242394,276.268,25.2003],"dipPosition":[-12.9997,243.812,-41.4482],"direction":[-0.323096,-0.742365,0.586945],"extended":false,"handId":281,"id":2813,"length":59.0831,"mcpPosition":[7.02168,291.495,-29.744],"pipPosition":[-4.79187,262.67,-56.3587],"stabilizedTipPosition":[-34.3985,207.97,84.5845],"timeVisible":4.7165,"tipPosition":[-14.5353,240.565,-28.9954],"tipVelocity":[27.3889,35.2184,-92.2354],"tool":false,"touchDistance":0.333333,"touchZone":"none","type":3,"width":16.5772},{"bases":[[[0.827192,-0.5573,0.0719022],[0.495944,0.784227,0.372864],[-0.264185,-0.272771,0.925096]],[[0.797244,-0.581397,0.162417],[0.487249,0.460943,-0.741701],[0.356358,0.670454,0.650769]],[[0.797244,-0.581397,0.162417],[-0.234185,-0.545864,-0.804481],[0.556381,0.603332,-0.571341]],[[0.797244,-0.581397,0.162417],[-0.520053,-0.798115,-0.304233],[0.306508,0.158083,-0.938649]]],"btipPosition":[-2.6801,247.016,-21.4359],"carpPosition":[9.65132,267.572,23.7725],"dipPosition":[2.16479,249.515,-36.2728],"direction":[-0.556381,-0.603332,0.571341],"extended":false,"handId":281,"id":2814,"length":46.32,"mcpPosition":[23.6992,282.076,-25.4189],"pipPosition":[12.1441,260.336,-46.5204],"stabilizedTipPosition":[-20.8188,218.157,81.3096],"timeVisible":4.7165,"tipPosition":[-1.5659,247.597,-24.5919],"tipVelocity":[24.284,38.1461,-102.523],"tool":false,"touchDistance":0.333333,"touchZone":"none","type":4,"width":14.7252}],"r":[[0.769956,-0.396437,0.500005],[0.445531,0.894958,0.0235099],[-0.456804,0.204666,0.865703]],"s":0.837817,"t":[40.8883,51.9274,-186.632],"timestamp":3264867184},false],[4,{"currentFrameRate":105.978,"devices":[],"gestures":[],"hands":[{"armBasis":[[0.921512,0.0220761,-0.387721],[0.155133,0.894339,0.419633],[0.356018,-0.446845,0.82072]],"armWidth":58.4334,"confidence":0.722392,"direction":[0.0240397,0.421127,-0.906683],"elbow":[83.511,154.783,233.379],"grabStrength":0,"id":281,"palmNormal":[-0.155136,-0.894387,-0.419529],"palmPosition":[-10.9664,283.786,-16.0848],"palmVelocity":[16.2854,39.0005,-112.084],"palmWidth":83.4409,"pinchStrength":0.837765,"r":[[0.769537,-0.395272,0.501571],[0.444258,0.895573,0.0241677],[-0.458747,0.204229,0.864779]],"s":0.841267,"sphereCenter":[-16.5561,256.177,-49.0054],"sphereRadius":42.3123,"stabilizedPalmPosition":[-29.7266,253.906,89.0679],"t":[41.0356,52.3307,-187.596],"timeVisible":4.72598,"type":"right","wrist":[-4.63867,265.421,30.1696]}],"id":318309,"interactionBox":{"center":[0,200,0],"size":[235.247,235.247,147.751]},"pointables":[{"bases":[[[0.540856,0.82148,0.180678],[-0.734818,0.356949,0.576741],[0.409288,-0.444699,0.796697]],[[0.418665,0.907698,-0.0283652],[-0.824623,0.393061,0.406817],[0.380417,-0.14693,0.913069]],[[0.418665,0.907698,-0.0283652],[-0.904719,0.414176,-0.0997069],[-0.0787555,0.0674064,0.994612]],[[0.418665,0.907698,-0.0283652],[-0.774084,0.340356,-0.533809],[-0.474883,0.245444,0.845129]]],"btipPosition":[-36.8289,258.533,-61.0275],"carpPosition":[-32.0693,259.183,30.0057],"dipPosition":[-47.0208,263.801,-42.8894],"direction":[0.0787555,-0.0674064,-0.994612],"extended":false,"handId":281,"id":2810,"length":47.7925,"mcpPosition":[-32.0693,259.183,30.0057],"pipPosition":[-49.4832,265.909,-11.7911],"stabilizedTipPosition":[-73.3557,221.939,60.1166],"timeVisible":4.72598,"tipPosition":[-39.5604,258.93,-57.0622],"tipVelocity":[30.086,51.6637,-104.995],"tool":false,"touchDistance":-0.511934,"touchZone":"hovering","type":0,"width":18.5699},{"bases":[[[0.977617,-0.0778961,-0.195443],[0.132337,0.94983,0.283391],[0.163562,-0.302912,0.938878]],[[0.98902,-0.10756,-0.101346],[0.128589,0.964313,0.231442],[0.072835,-0.241932,0.967556]],[[0.98902,-0.10756,-0.101346],[0.118923,0.986372,0.113703],[0.0877345,-0.124507,0.988332]],[[0.98902,-0.10756,-0.101346],[0.110098,0.993724,0.0197782],[0.0985821,-0.030719,0.994655]]],"btipPosition":[-39.1408,311.446,-110.646],"carpPosition":[-21.7471,278.238,28.3071],"dipPosition":[-37.5962,310.965,-95.0612],"direction":[-0.0877345,0.124507,-0.988332],"extended":true,"handId":281,"id":2811,"length":53.9285,"mcpPosition":[-32.782,298.674,-35.035],"pipPosition":[-35.6515,308.205,-73.1547],"stabilizedTipPosition":[-61.7467,277.769,-31.8126],"timeVisible":4.72598,"tipPosition":[-38.7281,309.566,-107.182],"tipVelocity":[24.5416,91.602,-109.218],"tool":false,"touchDistance":-0.517176,"touchZone":"hovering","type":1,"width":17.738},{"bases":[[[0.953746,-0.278878,-0.112228],[0.299268,0.916105,0.266814],[0.0284045,-0.288059,0.957191]],[[0.953566,-0.277207,-0.117765],[0.106547,0.676199,-0.728974],[0.281709,0.682577,0.674335]],[[0.953566,-0.277207,-0.117765],[-0.248709,-0.504208,-0.826993],[0.16987,0.817882,-0.549739]],[[0.953566,-0.277207,-0.117765],[-0.300039,-0.908391,-0.29121],[-0.0262512,0.313021,-0.949383]]],"btipPosition":[-28.9553,240.551,-34.2919],"carpPosition":[-10.7087,279.014,26.0592],"dipPosition":[-29.4077,245.945,-50.6525],"direction":[-0.16987,-0.817882,0.549739],"extended":false,"handId":281,"id":2812,"length":61.4471,"mcpPosition":[-12.526,297.444,-35.1815],"pipPosition":[-24.9779,267.273,-64.9881],"stabilizedTipPosition":[-49.2926,207.917,81.7152],"timeVisible":4.72598,"tipPosition":[-29.0414,241.816,-38.0295],"tipVelocity":[28.4807,32.2543,-101.204],"tool":false,"touchDistance":0.333333,"touchZone":"none","type":2,"width":17.4211},{"bases":[[[0.922239,-0.38649,0.0100614],[0.367397,0.88419,0.288491],[-0.120395,-0.262361,0.95743]],[[0.92173,-0.387578,0.0140427],[0.260741,0.592473,-0.762227],[0.287102,0.706229,0.647158]],[[0.92173,-0.387578,0.0140427],[-0.218085,-0.547906,-0.807613],[0.320707,0.741338,-0.589546]],[[0.92173,-0.387578,0.0140427],[-0.369537,-0.888664,-0.27151],[0.11771,0.24507,-0.962333]]],"btipPosition":[-14.8024,239.964,-25.7471],"carpPosition":[0.209037,276.861,24.3012],"dipPosition":[-12.7856,244.163,-42.2356],"direction":[-0.320707,-0.741338,0.589546],"extended":false,"handId":281,"id":2813,"length":59.0831,"mcpPosition":[7.12488,291.931,-30.6964],"pipPosition":[-4.63846,262.995,-57.2122],"stabilizedTipPosition":[-34.3906,207.983,84.5393],"timeVisible":4.72598,"tipPosition":[-14.3033,240.951,-29.7676],"tipVelocity":[26.6001,36.8295,-89.2415],"tool":false,"touchDistance":0.333333,"touchZone":"none","type":3,"width":16.5772},{"bases":[[[0.828639,-0.555003,0.0729996],[0.494277,0.786637,0.369989],[-0.26277,-0.270506,0.926164]],[[0.799248,-0.578622,0.16248],[0.483522,0.458507,-0.74564],[0.356945,0.674513,0.646237]],[[0.799248,-0.578622,0.16248],[-0.235916,-0.550702,-0.800669],[0.552763,0.601601,-0.576654]],[[0.799248,-0.578622,0.16248],[-0.519042,-0.80084,-0.298748],[0.302983,0.15444,-0.940399]]],"btipPosition":[-2.44843,247.465,-22.102],"carpPosition":[9.85669,268.184,22.8932],"dipPosition":[2.34074,249.906,-36.9666],"direction":[-0.552763,-0.601601,0.576654],"extended":false,"handId":281,"id":2814,"length":46.32,"mcpPosition":[23.8293,282.568,-26.3549],"pipPosition":[12.2551,260.697,-47.3095],"stabilizedTipPosition":[-20.811,218.169,81.2671],"timeVisible":4.72598,"tipPosition":[-1.34622,248.032,-25.3292],"tipVelocity":[23.9381,40.3776,-93.4538],"tool":false,"touchDistance":0.333333,"touchZone":"none","type":4,"width":14.7252}],"r":[[0.769537,-0.395272,0.501571],[0.444258,0.895573,0.0241677],[-0.458747,0.204229,0.864779]],"s":0.841267,"t":[41.0356,52.3307,-187.596],"timestamp":3264876667},false],[5,{"currentFrameRate":105.812,"devices":[],"gestures":[],"hands":[{"armBasis":[[0.922084,0.0210955,-0.386413],[0.156048,0.893466,0.42115],[0.354132,-0.448635,0.820559]],"armWidth":58.4334,"confidence":0.723821,"direction":[0.0240583,0.417542,-0.908339],"elbow":[83.1831,154.623,233.1],"grabStrength":0,"id":281,"palmNormal":[-0.156189,-0.895874,-0.41595],"palmPosition":[-10.8294,283.893,-16.3931],"palmVelocity":[15.6284,30.7716,-88.4313],"palmWidth":83.4409,"pinchStrength":0.832121,"r":[[0.769163,-0.394095,0.503068],[0.443416,0.895996,0.0239509],[-0.460186,0.204646,0.863915]],"s":0.844395,"sphereCenter":[-16.7568,256.387,-49.1983],"sphereRadius":42.3062,"stabilizedPalmPosition":[-29.7217,253.914,89.0404],"t":[41.1778,52.586,-188.232],"timeVisible":4.73574,"type":"right","wrist":[-4.49951,265.704,29.9303]}],"id":318310,"interactionBox":{"center":[0,200,0],"size":[235.247,235.247,147.751]},"pointables":[{"bases":[[[0.541735,0.821654,0.177221],[-0.73422,0.359927,0.57565],[0.409199,-0.441969,0.798261]],[[0.421214,0.90648,-0.0295373],[-0.821762,0.395223,0.410495],[0.38378,-0.148634,0.911384]],[[0.421214,0.90648,-0.0295373],[-0.903572,0.416604,-0.0999897],[-0.0783333,0.0688062,0.99455]],[[0.421214,0.90648,-0.0295373],[-0.771897,0.341197,-0.536433],[-0.476188,0.248753,0.843426]]],"btipPosition":[-36.8351,258.806,-61.1149],"carpPosition":[-31.9362,259.492,29.8026],"dipPosition":[-47.055,264.144,-43.0134],"direction":[0.0783333,-0.0688061,-0.99455],"extended":false,"handId":281,"id":2810,"length":47.7925,"mcpPosition":[-31.9362,259.492,29.8026],"pipPosition":[-49.5042,266.296,-11.917],"stabilizedTipPosition":[-73.2361,222.073,59.7068],"timeVisible":4.73574,"tipPosition":[-39.4936,259.185,-57.172],"tipVelocity":[20.8653,45.1728,-77.0259],"tool":false,"touchDistance":-0.490511,"touchZone":"hovering","type":0,"width":18.5699},{"bases":[[[0.977456,-0.0796172,-0.195554],[0.133385,0.950805,0.279605],[0.163673,-0.299385,0.939989]],[[0.988816,-0.108682,-0.102137],[0.130106,0.963374,0.234485],[0.072912,-0.245152,0.966739]],[[0.988816,-0.108682,-0.102137],[0.120419,0.985827,0.116811],[0.0879944,-0.127804,0.987888]],[[0.988816,-0.108682,-0.102137],[0.11154,0.993501,0.0226838],[0.0990082,-0.0338225,0.994512]]],"btipPosition":[-39.0128,311.749,-110.958],"carpPosition":[-21.5963,278.53,28.0249],"dipPosition":[-37.4616,311.219,-95.3764],"direction":[-0.0879944,0.127804,-0.987888],"extended":true,"handId":281,"id":2811,"length":53.9285,"mcpPosition":[-32.6386,298.728,-35.3923],"pipPosition":[-35.5112,308.386,-73.4798],"stabilizedTipPosition":[-60.7909,279.171,-34.9406],"timeVisible":4.73574,"tipPosition":[-38.6087,309.869,-107.502],"tipVelocity":[21.2292,73.4621,-86.5639],"tool":false,"touchDistance":-0.498494,"touchZone":"hovering","type":1,"width":17.738},{"bases":[[[0.953425,-0.280248,-0.111542],[0.300277,0.916853,0.263088],[0.0285374,-0.284328,0.958302]],[[0.953244,-0.278596,-0.11709],[0.106623,0.672593,-0.732291],[0.282768,0.685568,0.67085]],[[0.953244,-0.278596,-0.11709],[-0.249728,-0.508002,-0.82436],[0.170182,0.815057,-0.553823]],[[0.953244,-0.278596,-0.11709],[-0.301032,-0.909443,-0.286867],[-0.0265665,0.308702,-0.950788]]],"btipPosition":[-28.8626,240.6,-34.3682],"carpPosition":[-10.5581,279.286,25.7692],"dipPosition":[-29.3205,245.92,-50.753],"direction":[-0.170182,-0.815057,0.553823],"extended":false,"handId":281,"id":2812,"length":61.4471,"mcpPosition":[-12.3839,297.477,-35.5426],"pipPosition":[-24.8826,267.174,-65.1951],"stabilizedTipPosition":[-49.2847,207.931,81.6687],"timeVisible":4.73574,"tipPosition":[-28.9524,241.85,-38.1331],"tipVelocity":[22.8642,23.757,-73.9283],"tool":false,"touchDistance":0.333333,"touchZone":"none","type":2,"width":17.4211},{"bases":[[[0.921866,-0.387348,0.011183],[0.368384,0.884956,0.284861],[-0.120237,-0.258484,0.958504]],[[0.921385,-0.388363,0.0149578],[0.261471,0.590942,-0.763164],[0.287546,0.707079,0.646031]],[[0.921385,-0.388363,0.0149578],[-0.218346,-0.549094,-0.806735],[0.321519,0.740047,-0.590724]],[[0.921385,-0.388363,0.0149578],[-0.37034,-0.888999,-0.269313],[0.117889,0.242602,-0.962937]]],"btipPosition":[-14.7056,240.036,-26.0086],"carpPosition":[0.356807,277.115,24.015],"dipPosition":[-12.6857,244.193,-42.5074],"direction":[-0.321519,-0.740047,0.590724],"extended":false,"handId":281,"id":2813,"length":59.0831,"mcpPosition":[7.26357,291.964,-31.0443],"pipPosition":[-4.51795,262.993,-57.514],"stabilizedTipPosition":[-34.3801,208,84.4794],"timeVisible":4.73574,"tipPosition":[-14.2104,241.011,-29.9724],"tipVelocity":[21.7204,27.8961,-70.9625],"tool":false,"touchDistance":0.333333,"touchZone":"none","type":3,"width":16.5772},{"bases":[[[0.828129,-0.555522,0.0748221],[0.495204,0.7876,0.366688],[-0.262633,-0.266612,0.927331]],[[0.798871,-0.578687,0.164092],[0.483281,0.455095,-0.747882],[0.358112,0.676764,0.643231]],[[0.798871,-0.578687,0.164092],[-0.237195,-0.553773,-0.798169],[0.55276,0.598712,-0.579655]],[[0.798871,-0.578687,0.164092],[-0.520057,-0.801577,-0.294983],[0.302236,0.150316,-0.941307]]],"btipPosition":[-2.34299,247.542,-22.2547],"carpPosition":[9.99538,268.424,22.6369],"dipPosition":[2.43436,249.918,-37.1337],"direction":[-0.55276,-0.598712,0.579655],"extended":false,"handId":281,"id":2814,"length":46.32,"mcpPosition":[23.9607,282.601,-26.6733],"pipPosition":[12.3487,260.657,-47.5304],"stabilizedTipPosition":[-20.8001,218.185,81.2072],"timeVisible":4.73574,"tipPosition":[-1.24515,248.095,-25.4954],"tipVelocity":[19.9973,30.3812,-70.6883],"tool":false,"touchDistance":0.333333,"touchZone":"none","type":4,"width":14.7252}],"r":[[0.769163,-0.394095,0.503068],[0.443416,0.895996,0.0239509],[-0.460186,0.204646,0.863915]],"s":0.844395,"t":[41.1778,52.586,-188.232],"timestamp":3264886423},false],[6,{"currentFrameRate":106.016,"devices":[],"gestures":[],"hands":[{"armBasis":[[0.922563,0.0200155,-0.385326],[0.157154,0.892573,0.422629],[0.352391,-0.450458,0.82031]],"armWidth":58.4334,"confidence":0.72463,"direction":[0.0238125,0.415554,-0.909257],"elbow":[82.8644,154.521,232.534],"grabStrength":0,"id":281,"palmNormal":[-0.157391,-0.896614,-0.413898],"palmPosition":[-10.7327,284.149,-16.9324],"palmVelocity":[14.261,30.0795,-80.457],"palmWidth":83.4409,"pinchStrength":0.827785,"r":[[0.768856,-0.39309,0.504322],[0.442926,0.896255,0.023324],[-0.461169,0.205444,0.863201]],"s":0.847212,"sphereCenter":[-17.0143,256.821,-49.6598],"sphereRadius":42.284,"stabilizedPalmPosition":[-29.7161,253.923,89.0091],"t":[41.2972,52.8417,-188.82],"timeVisible":4.7448,"type":"right","wrist":[-4.38719,266.054,29.4256]}],"id":318311,"interactionBox":{"center":[0,200,0],"size":[235.247,235.247,147.751]},"pointables":[{"bases":[[[0.542687,0.821491,0.175049],[-0.733438,0.361907,0.575406],[0.409339,-0.440653,0.798916]],[[0.423296,0.905496,-0.0299689],[-0.819733,0.396871,0.412953],[0.385821,-0.150235,0.910259]],[[0.423296,0.905496,-0.0299689],[-0.902612,0.418631,-0.100203],[-0.0781878,0.0694659,0.994516]],[[0.423296,0.905496,-0.0299689],[-0.771447,0.342891,-0.536],[-0.475069,0.250006,0.843686]]],"btipPosition":[-36.8511,259.208,-61.5392],"carpPosition":[-31.8302,259.869,29.3313],"dipPosition":[-47.0469,264.574,-43.4321],"direction":[0.0781878,-0.0694659,-0.994516],"extended":false,"handId":281,"id":2810,"length":47.7925,"mcpPosition":[-31.8302,259.869,29.3313],"pipPosition":[-49.4916,266.746,-12.3368],"stabilizedTipPosition":[-73.1077,222.217,59.2654],"timeVisible":4.7448,"tipPosition":[-39.46,259.58,-57.5921],"tipVelocity":[14.7865,45.1701,-68.6551],"tool":false,"touchDistance":-0.476139,"touchZone":"hovering","type":0,"width":18.5699},{"bases":[[[0.977232,-0.0810205,-0.196094],[0.134542,0.951272,0.277451],[0.16406,-0.297517,0.940515]],[[0.988565,-0.109611,-0.103563],[0.131712,0.962035,0.239039],[0.0734298,-0.249946,0.965471]],[[0.988565,-0.109611,-0.103563],[0.121985,0.985023,0.121861],[0.0886545,-0.1331,0.98713]],[[0.988565,-0.109611,-0.103563],[0.113043,0.9932,0.0278537],[0.0998055,-0.0392422,0.994233]]],"btipPosition":[-38.9627,312.377,-111.443],"carpPosition":[-21.4725,278.892,27.5049],"dipPosition":[-37.3989,311.762,-95.8651],"direction":[-0.0886545,0.1331,-0.98713],"extended":true,"handId":281,"id":2811,"length":53.9285,"mcpPosition":[-32.5409,298.965,-35.9477],"pipPosition":[-35.4339,308.812,-73.9853],"stabilizedTipPosition":[-59.8759,280.535,-37.9477],"timeVisible":4.7448,"tipPosition":[-38.5611,310.478,-107.997],"tipVelocity":[16.9851,71.7286,-77.459],"tool":false,"touchDistance":-0.484257,"touchZone":"hovering","type":1,"width":17.738},{"bases":[[[0.953062,-0.281445,-0.111631],[0.301387,0.917117,0.260886],[0.0289532,-0.282285,0.958894]],[[0.952878,-0.279804,-0.117187],[0.106534,0.670361,-0.734348],[0.284031,0.68726,0.668581]],[[0.952878,-0.279804,-0.117187],[-0.250984,-0.510205,-0.822617],[0.170382,0.813265,-0.556389]],[[0.952878,-0.279804,-0.117187],[-0.302137,-0.909935,-0.284132],[-0.0271312,0.306149,-0.951597]]],"btipPosition":[-28.8177,240.832,-34.7545],"carpPosition":[-10.4352,279.633,25.2395],"dipPosition":[-29.2852,246.108,-51.1532],"direction":[-0.170382,-0.813265,0.556389],"extended":false,"handId":281,"id":2812,"length":61.4471,"mcpPosition":[-12.2876,297.694,-36.1101],"pipPosition":[-24.8421,267.316,-65.6623],"stabilizedTipPosition":[-49.2761,207.945,81.6177],"timeVisible":4.7448,"tipPosition":[-28.9116,242.074,-38.5404],"tipVelocity":[17.8545,23.9629,-65.3929],"tool":false,"touchDistance":0.333333,"touchZone":"none","type":2,"width":17.4211},{"bases":[[[0.921485,-0.388248,0.0113483],[0.369479,0.8852,0.282679],[-0.119795,-0.256291,0.959148]],[[0.921039,-0.389187,0.0148724],[0.262015,0.590921,-0.762995],[0.288159,0.706644,0.646234]],[[0.921039,-0.389187,0.0148724],[-0.218804,-0.548651,-0.806912],[0.3222,0.739943,-0.590484]],[[0.921039,-0.389187,0.0148724],[-0.371223,-0.888796,-0.268766],[0.117819,0.242022,-0.963091]]],"btipPosition":[-14.6528,240.273,-26.5902],"carpPosition":[0.476236,277.448,23.4821],"dipPosition":[-12.6341,244.419,-43.0917],"direction":[-0.3222,-0.739943,0.590484],"extended":false,"handId":281,"id":2813,"length":59.0831,"mcpPosition":[7.35761,292.17,-31.6142],"pipPosition":[-4.44905,263.217,-58.0921],"stabilizedTipPosition":[-34.3689,208.018,84.416],"timeVisible":4.7448,"tipPosition":[-14.1626,241.244,-30.4934],"tipVelocity":[17.326,27.3354,-69.1202],"tool":false,"touchDistance":0.333333,"touchZone":"none","type":3,"width":16.5772},{"bases":[[[0.827626,-0.556189,0.0754191],[0.49626,0.787893,0.364623],[-0.262222,-0.264344,0.928096]],[[0.798546,-0.579049,0.164395],[0.483105,0.453618,-0.748893],[0.359074,0.677446,0.641976]],[[0.798546,-0.579049,0.164395],[-0.238184,-0.55479,-0.797168],[0.552804,0.597419,-0.580946]],[[0.798546,-0.579049,0.164395],[-0.52094,-0.801654,-0.293211],[0.301571,0.148502,-0.941808]]],"btipPosition":[-2.2766,247.771,-22.7448],"carpPosition":[10.1051,268.744,22.1158],"dipPosition":[2.49025,250.118,-37.6317],"direction":[-0.552804,-0.597419,0.580946],"extended":false,"handId":281,"id":2814,"length":46.32,"mcpPosition":[24.0486,282.8,-27.2351],"pipPosition":[12.4054,260.833,-48.0516],"stabilizedTipPosition":[-20.7877,218.204,81.1393],"timeVisible":4.7448,"tipPosition":[-1.18492,248.319,-25.9823],"tipVelocity":[16.4269,28.7616,-66.1676],"tool":false,"touchDistance":0.333333,"touchZone":"none","type":4