{"sensorType":"Leap","data":[[0,{"currentFrameRate":103.024,"devices":[],"gestures":[],"hands":[{"armBasis":[[0.877583,0.410859,-0.247069],[-0.195566,0.777303,0.597958],[0.437724,-0.476439,0.762498]],"armWidth":58.4334,"confidence":0.699175,"direction":[-0.163674,0.359431,-0.918706],"elbow":[100.25,185.537,224.016],"grabStrength":0,"id":283,"palmNormal":[0.241447,-0.888346,-0.390569],"palmPosition":[-21.9652,315.786,-11.4097],"palmVelocity":[18.213,42.1501,-101.422],"palmWidth":83.4409,"pinchStrength":0.542495,"r":[[0.628439,-0.111904,0.769768],[-0.00023856,0.98957,0.144052],[-0.777859,-0.0907118,0.621857]],"s":1.1796,"sphereCenter":[-1.89405,285.552,-44.1192],"sphereRadius":47.0899,"stabilizedPalmPosition":[-53.6819,268.392,182.505],"t":[44.1921,100.055,-205.895],"timeVisible":21.9421,"type":"right","wrist":[-8.13031,303.503,35.2219]}],"id":322209,"interactionBox":{"center":[0,200,0],"size":[235.247,235.247,147.751]},"pointables":[{"bases":[[[0.137003,0.979681,0.146479],[-0.813897,0.027042,0.58038],[0.564626,-0.198733,0.801064]],[[-0.0418592,0.993591,-0.104997],[-0.933828,-0.00153992,0.357719],[0.355265,0.113023,0.927908]],[[-0.0418592,0.993591,-0.104997],[-0.99481,-0.0512027,-0.0879327],[-0.0927453,0.100771,0.990577]],[[-0.0418592,0.993591,-0.104997],[-0.975839,-0.0632125,-0.209145],[-0.214441,0.0937051,0.972232]]],"btipPosition":[-38.9918,275.772,-58.5451],"carpPosition":[-30.2313,286.107,35.7691],"dipPosition":[-43.5941,277.783,-37.6791],"direction":[0.0927453,-0.100771,-0.990577],"extended":false,"handId":283,"id":2830,"length":47.7925,"mcpPosition":[-30.2313,286.107,35.7691],"pipPosition":[-46.494,280.933,-6.70694],"stabilizedTipPosition":[-67.8605,225.854,107.506],"timeVisible":21.9421,"tipPosition":[-40.2253,275.566,-53.6887],"tipVelocity":[39.5647,46.2494,-103.841],"tool":false,"touchDistance":-0.432476,"touchZone":"hovering","type":0,"width":18.5699},{"bases":[[[0.915451,0.342037,-0.212036],[-0.286534,0.923962,0.253361],[0.282572,-0.171184,0.943848]],[[0.946012,0.314679,-0.0777023],[-0.304882,0.945267,0.116261],[0.110035,-0.0862947,0.990175]],[[0.946012,0.314679,-0.0777023],[-0.315734,0.948847,-0.00136778],[0.0732972,0.0258272,0.996976]],[[0.946012,0.314679,-0.0777023],[-0.321065,0.942633,-0.091435],[0.0444721,0.111446,0.992775]]],"btipPosition":[-54.8128,320.307,-107.017],"carpPosition":[-29.0923,307.677,33.3239],"dipPosition":[-54.116,322.053,-91.4624],"direction":[-0.0732972,-0.0258272,-0.996976],"extended":true,"handId":283,"id":2831,"length":53.9285,"mcpPosition":[-48.1562,319.226,-30.3536],"pipPosition":[-52.4914,322.625,-69.3644],"stabilizedTipPosition":[-95.6045,262.324,68.0808],"timeVisible":21.9421,"tipPosition":[-54.0646,319.228,-103.389],"tipVelocity":[46.8978,74.6414,-116.33],"tool":false,"touchDistance":-0.453217,"touchZone":"hovering","type":1,"width":17.738},{"bases":[[[0.980555,0.153207,-0.122634],[-0.121368,0.964504,0.234527],[0.154212,-0.215083,0.964343]],[[0.983493,0.148795,-0.102969],[-0.156329,0.412121,-0.897618],[-0.0911254,0.898897,0.428579]],[[0.983493,0.148795,-0.102969],[-0.0297214,-0.428484,-0.90306],[-0.178491,0.891214,-0.416988]],[[0.983493,0.148795,-0.102969],[0.0405912,-0.735964,-0.675802],[-0.176337,0.660467,-0.729855]]],"btipPosition":[-17.6116,252.438,-26.3497],"carpPosition":[-19.4664,313.032,30.841],"dipPosition":[-20.6504,263.82,-38.9272],"direction":[0.178491,-0.891214,0.416988],"extended":false,"handId":283,"id":2832,"length":61.4471,"mcpPosition":[-29.3328,326.793,-30.8573],"pipPosition":[-25.305,287.06,-49.801],"stabilizedTipPosition":[-65.3047,207.659,173.036],"timeVisible":21.9421,"tipPosition":[-18.341,254.667,-29.9822],"tipVelocity":[14.2365,46.053,-68.8337],"tool":false,"touchDistance":0.333333,"touchZone":"none","type":2,"width":17.4211},{"bases":[[[0.998902,0.0467386,0.00328584],[-0.0460236,0.965637,0.255788],[0.00878224,-0.255658,0.966727]],[[0.998927,0.0458111,0.00679196],[-0.0111726,0.380707,-0.924628],[-0.044944,0.92356,0.38081]],[[0.998927,0.0458111,0.00679196],[0.027881,-0.477777,-0.878039],[-0.0369789,0.877286,-0.478542]],[[0.998927,0.0458111,0.00679196],[0.0395827,-0.768417,-0.638724],[-0.0240416,0.638308,-0.769406]]],"btipPosition":[-6.00177,259.33,-16.8606],"carpPosition":[-8.69009,315.708,28.9344],"dipPosition":[-6.41369,270.266,-30.0434],"direction":[0.0369789,-0.877286,0.478542],"extended":false,"handId":283,"id":2833,"length":59.0831,"mcpPosition":[-9.19457,330.393,-26.5973],"pipPosition":[-7.35309,292.553,-42.2001],"stabilizedTipPosition":[-54.6424,212.328,201.529],"timeVisible":21.9421,"tipPosition":[-6.06635,261.531,-20.64],"tipVelocity":[9.36811,44.6287,-49.0081],"tool":false,"touchDistance":0.333333,"touchZone":"none","type":3,"width":16.5772},{"bases":[[[0.986986,-0.143363,0.0728429],[0.11086,0.934745,0.337581],[-0.116486,-0.325113,0.938474]],[[0.991569,-0.126961,0.0259199],[0.0793491,0.436784,-0.89606],[0.102443,0.890562,0.443175]],[[0.991569,-0.126961,0.0259199],[-0.029625,-0.416849,-0.908493],[0.126147,0.900066,-0.417095]],[[0.991569,-0.126961,0.0259199],[-0.0737727,-0.717564,-0.692575],[0.106529,0.684823,-0.72088]]],"btipPosition":[2.66556,273.404,-17.8076],"carpPosition":[3.7397,311.962,27.5896],"dipPosition":[4.34943,284.229,-29.2023],"direction":[-0.126147,-0.900066,0.417095],"extended":false,"handId":283,"id":2834,"length":46.32,"mcpPosition":[9.93379,329.249,-22.3132],"pipPosition":[6.61202,300.372,-36.6834],"stabilizedTipPosition":[-37.8483,228.463,179.805],"timeVisible":21.9421,"tipPosition":[2.90017,275.575,-21.3027],"tipVelocity":[15.8538,37.5532,-76.8895],"tool":false,"touchDistance":0.333333,"touchZone":"none","type":4,"width":14.7252}],"r":[[0.628439,-0.111904,0.769768],[-0.00023856,0.98957,0.144052],[-0.777859,-0.0907118,0.621857]],"s":1.1796,"t":[44.1921,100.055,-205.895],"timestamp":3302355599},false],[1,{"currentFrameRate":103.125,"devices":[],"gestures":[],"hands":[{"armBasis":[[0.878636,0.407442,-0.248977],[-0.193768,0.780809,0.593962],[0.436408,-0.473633,0.764997]],"armWidth":58.4334,"confidence":0.701278,"direction":[-0.158282,0.358984,-0.919825],"elbow":[99.943,186.595,223.759],"grabStrength":0,"id":283,"palmNormal":[0.237702,-0.890318,-0.388371],"palmPosition":[-21.707,316.157,-12.3528],"palmVelocity":[20.7881,41.2758,-100.784],"palmWidth":83.4409,"pinchStrength":0.534917,"r":[[0.624954,-0.112357,0.772534],[0.00224831,0.989843,0.142144],[-0.780659,-0.0870964,0.618859]],"s":1.18206,"sphereCenter":[-1.96216,285.821,-44.9137],"sphereRadius":47.0045,"stabilizedPalmPosition":[-53.6565,268.43,182.35],"t":[44.4209,100.458,-206.916],"timeVisible":21.9517,"type":"right","wrist":[-8.11131,303.866,34.3467]}],"id":322210,"interactionBox":{"center":[0,200,0],"size":[235.247,235.247,147.751]},"pointables":[{"bases":[[[0.142147,0.979092,0.145513],[-0.81581,0.032628,0.577399],[0.560579,-0.200786,0.803391]],[[-0.0347343,0.99384,-0.105237],[-0.935384,0.00475127,0.353602],[0.351924,0.110719,0.929457]],[[-0.0347343,0.99384,-0.105237],[-0.994771,-0.0445009,-0.0919266],[-0.0960435,0.101494,0.990189]],[[-0.0347343,0.99384,-0.105237],[-0.97539,-0.0566527,-0.213084],[-0.217733,0.0952457,0.97135]]],"btipPosition":[-38.7483,276.313,-59.5139],"carpPosition":[-30.3146,286.599,34.8401],"dipPosition":[-43.4213,278.357,-38.6669],"direction":[0.0960435,-0.101494,-0.990189],"extended":false,"handId":283,"id":2830,"length":47.7925,"mcpPosition":[-30.3146,286.599,34.8401],"pipPosition":[-46.4243,281.53,-7.70687],"stabilizedTipPosition":[-67.757,226.042,106.908],"timeVisible":21.9517,"tipPosition":[-40.009,276.101,-54.6548],"tipVelocity":[35.062,49.5512,-103.421],"tool":false,"touchDistance":-0.43216,"touchZone":"hovering","type":0,"width":18.5699},{"bases":[[[0.918174,0.336414,-0.209242],[-0.282087,0.925987,0.250949],[0.278178,-0.171391,0.945115]],[[0.948048,0.309147,-0.0750503],[-0.299295,0.946715,0.118964],[0.107829,-0.0903216,0.990058]],[[0.948048,0.309147,-0.0750503],[-0.309954,0.950751,0.000945555],[0.0716464,0.0223657,0.997179]],[[0.948048,0.309147,-0.0750503],[-0.315179,0.944793,-0.0896039],[0.0432061,0.108603,0.993146]]],"btipPosition":[-54.3225,321.081,-108.066],"carpPosition":[-29.0418,308.157,32.3669],"dipPosition":[-53.6456,322.783,-92.5049],"direction":[-0.0716464,-0.0223657,-0.997179],"extended":true,"handId":283,"id":2831,"length":53.9285,"mcpPosition":[-47.8093,319.72,-31.396],"pipPosition":[-52.0575,323.279,-70.4023],"stabilizedTipPosition":[-94.9715,263.227,65.4444],"timeVisible":21.9517,"tipPosition":[-53.592,319.999,-104.441],"tipVelocity":[48.1053,76.299,-114.547],"tool":false,"touchDistance":-0.451932,"touchZone":"hovering","type":1,"width":17.738},{"bases":[[[0.981861,0.147345,-0.119324],[-0.116622,0.965543,0.23265],[0.149492,-0.214515,0.965213]],[[0.984655,0.143024,-0.0999919],[-0.150704,0.407989,-0.900463],[-0.0879923,0.901714,0.423283]],[[0.984655,0.143024,-0.0999919],[-0.0280602,-0.435767,-0.899622],[-0.172241,0.888623,-0.425067]],[[0.984655,0.143024,-0.0999919],[0.0397931,-0.741901,-0.669327],[-0.169914,0.655078,-0.736208]]],"btipPosition":[-17.6316,252.859,-26.7813],"carpPosition":[-19.3762,313.453,29.9108],"dipPosition":[-20.5597,264.148,-39.4683],"direction":[0.172241,-0.888623,0.425067],"extended":false,"handId":283,"id":2832,"length":61.4471,"mcpPosition":[-28.9407,327.178,-31.8431],"pipPosition":[-25.0513,287.321,-50.5528],"stabilizedTipPosition":[-65.0141,207.954,171.782],"timeVisible":21.9517,"tipPosition":[-18.3451,255.08,-30.5081],"tipVelocity":[10.3078,44.8917,-62.8585],"tool":false,"touchDistance":0.333333,"touchZone":"none","type":2,"width":17.4211},{"bases":[[[0.999137,0.0409624,0.00681937],[-0.0413499,0.966272,0.254181],[0.00382251,-0.254244,0.967133]],[[0.999145,0.0400006,0.0104769],[-0.00540954,0.377639,-0.925937],[-0.0409945,0.925088,0.377533]],[[0.999145,0.0400006,0.0104769],[0.0285167,-0.483092,-0.875105],[-0.0299435,0.874655,-0.483819]],[[0.999145,0.0400006,0.0104769],[0.0375815,-0.772777,-0.633564],[-0.0172467,0.633415,-0.77362]]],"btipPosition":[-6.06151,259.692,-17.4386],"carpPosition":[-8.57777,316.064,28.039],"dipPosition":[-6.35701,270.545,-30.6937],"direction":[0.0299435,-0.874655,0.483819],"extended":false,"handId":283,"id":2833,"length":59.0831,"mcpPosition":[-8.79734,330.668,-27.5159],"pipPosition":[-7.11769,292.765,-42.9845],"stabilizedTipPosition":[-54.253,212.728,199.746],"timeVisible":21.9517,"tipPosition":[-6.09746,261.868,-21.2622],"tipVelocity":[5.67702,42.1841,-52.9037],"tool":false,"touchDistance":0.333333,"touchZone":"none","type":3,"width":16.5772},{"bases":[[[0.98587,-0.148962,0.0766162],[0.115057,0.934597,0.336586],[-0.121744,-0.323015,0.938531]],[[0.990761,-0.132457,0.0291159],[0.0845613,0.435509,-0.896204],[0.106028,0.890386,0.442686]],[[0.990761,-0.132457,0.0291159],[-0.0293386,-0.418938,-0.907541],[0.132408,0.898302,-0.418954]],[[0.990761,-0.132457,0.0291159],[-0.0758885,-0.719403,-0.690435],[0.112399,0.681847,-0.722808]]],"btipPosition":[2.71895,273.659,-18.5758],"carpPosition":[3.83488,312.244,26.7447],"dipPosition":[4.49561,284.437,-30.0011],"direction":[-0.132408,-0.898302,0.418954],"extended":false,"handId":283,"id":2834,"length":46.32,"mcpPosition":[10.3085,329.42,-23.1611],"pipPosition":[6.87049,300.549,-37.5154],"stabilizedTipPosition":[-37.7404,228.588,179.275],"timeVisible":21.9517,"tipPosition":[2.97475,275.816,-22.0595],"tipVelocity":[13.5556,34.1374,-78.2314],"tool":false,"touchDistance":0.333333,"touchZone":"none","type":4,"width":14.7252}],"r":[[0.624954,-0.112357,0.772534],[0.00224831,0.989843,0.142144],[-0.780659,-0.0870964,0.618859]],"s":1.18206,"t":[44.4209,100.458,-206.916],"timestamp":3302365105},false],[2,{"currentFrameRate":103.176,"devices":[],"gestures":[],"hands":[{"armBasis":[[0.87988,0.405875,-0.247137],[-0.194141,0.781725,0.592634],[0.433728,-0.473467,0.766622]],"armWidth":58.4334,"confidence":0.68704,"direction":[-0.153753,0.360248,-0.920099],"elbow":[99.3016,186.88,223.411],"grabStrength":0,"id":283,"palmNormal":[0.236651,-0.890645,-0.388262],"palmPosition":[-21.4716,316.482,-13.1435],"palmVelocity":[21.8733,39.1128,-95.4595],"palmWidth":83.4409,"pinchStrength":0.528734,"r":[[0.621501,-0.113199,0.775192],[0.00469849,0.990026,0.140804],[-0.783399,-0.0838675,0.615834]],"s":1.18446,"sphereCenter":[-1.93567,286.169,-45.6344],"sphereRadius":46.9322,"stabilizedPalmPosition":[-53.6327,268.465,182.206],"t":[44.6529,100.821,-207.822],"timeVisible":21.9612,"type":"right","wrist":[-8.08911,304.11,33.5964]}],"id":322211,"interactionBox":{"center":[0,200,0],"size":[235.247,235.247,147.751]},"pointables":[{"bases":[[[0.144372,0.978554,0.146932],[-0.81791,0.0344362,0.574314],[0.556938,-0.203092,0.805341]],[[-0.0305743,0.994195,-0.103155],[-0.936816,0.00747857,0.349743],[0.348484,0.10733,0.931149]],[[-0.0305743,0.994195,-0.103155],[-0.994589,-0.0405126,-0.0956675],[-0.0992912,0.0996716,0.990054]],[[-0.0305743,0.994195,-0.103155],[-0.974753,-0.0524945,-0.217027],[-0.221182,0.093915,0.9707]]],"btipPosition":[-38.4438,276.861,-60.4236],"carpPosition":[-30.343,286.906,33.9896],"dipPosition":[-43.1908,278.876,-39.5906],"direction":[0.0992912,-0.0996716,-0.990054],"extended":false,"handId":283,"id":2830,"length":47.7925,"mcpPosition":[-30.343,286.906,33.9896],"pipPosition":[-46.2953,281.993,-8.63477],"stabilizedTipPosition":[-67.6581,226.222,106.338],"timeVisible":21.9612,"tipPosition":[-39.7142,276.63,-55.5649],"tipVelocity":[33.5851,51.5397,-101.023],"tool":false,"touchDistance":-0.430971,"touchZone":"hovering","type":0,"width":18.5699},{"bases":[[[0.919918,0.333986,-0.205439],[-0.280411,0.926562,0.250703],[0.274083,-0.173019,0.946014]],[[0.949139,0.306612,-0.071583],[-0.296614,0.946994,0.123379],[0.105618,-0.0958709,0.989775]],[[0.949139,0.306612,-0.071583],[-0.307055,0.951679,0.00500582],[0.0696589,0.0172287,0.997422]],[[0.949139,0.306612,-0.071583],[-0.312129,0.946139,-0.0860057],[0.0413571,0.103975,0.99372]]],"btipPosition":[-53.844,321.902,-108.956],"carpPosition":[-28.9996,308.463,31.5407],"dipPosition":[-53.196,323.531,-93.3859],"direction":[-0.0696589,-0.0172287,-0.997422],"extended":true,"handId":283,"id":2831,"length":53.9285,"mcpPosition":[-47.4908,320.136,-32.2829],"pipPosition":[-51.652,323.913,-71.278],"stabilizedTipPosition":[-94.3367,264.135,62.8177],"timeVisible":21.9612,"tipPosition":[-53.1263,320.816,-105.337],"tipVelocity":[48.4172,78.4673,-108.172],"tool":false,"touchDistance":-0.448393,"touchZone":"hovering","type":1,"width":17.738},{"bases":[[[0.982724,0.144657,-0.115448],[-0.114766,0.965664,0.233071],[0.1452,-0.215795,0.965583]],[[0.985387,0.140389,-0.0964534],[-0.146215,0.406715,-0.901778],[-0.0873711,0.902704,0.421298]],[[0.985387,0.140389,-0.0964534],[-0.025319,-0.439255,-0.898006],[-0.168438,0.887325,-0.429281]],[[0.985387,0.140389,-0.0964534],[0.0409285,-0.744838,-0.665989],[-0.16534,0.652309,-0.7397]]],"btipPosition":[-17.496,253.259,-27.3318],"carpPosition":[-19.3097,313.734,29.1262],"dipPosition":[-20.3452,264.5,-40.0789],"direction":[0.168438,-0.887325,0.429281],"extended":false,"handId":283,"id":2832,"length":61.4471,"mcpPosition":[-28.5995,327.54,-32.6514],"pipPosition":[-24.7376,287.639,-51.2734],"stabilizedTipPosition":[-64.7362,208.238,170.584],"timeVisible":21.9612,"tipPosition":[-18.1954,255.48,-31.1081],"tipVelocity":[11.9656,43.6337,-61.6867],"tool":false,"touchDistance":0.333333,"touchZone":"none","type":2,"width":17.4211},{"bases":[[[0.999216,0.0381145,0.0106643],[-0.039574,0.96616,0.254889],[-0.000588483,-0.255111,0.966912]],[[0.999206,0.0371126,0.0144606],[-0.000596138,0.376949,-0.926234],[-0.0398258,0.92549,0.376672]],[[0.999206,0.0371126,0.0144606],[0.030679,-0.48558,-0.873654],[-0.0254018,0.873404,-0.486333]],[[0.999206,0.0371126,0.0144606],[0.0379127,-0.774913,-0.63093],[-0.0122097,0.630977,-0.775705]]],"btipPosition":[-5.97678,260.051,-18.0321],"carpPosition":[-8.49685,316.315,27.2979],"dipPosition":[-6.18598,270.862,-31.323],"direction":[0.0254018,-0.873404,0.486333],"extended":false,"handId":283,"id":2833,"length":59.0831,"mcpPosition":[-8.46305,330.969,-28.2443],"pipPosition":[-6.83128,293.049,-43.6776],"stabilizedTipPosition":[-53.8947,213.098,198.106],"timeVisible":21.9612,"tipPosition":[-5.99007,262.217,-21.8817],"tipVelocity":[7.19067,40.4874,-55.7473],"tool":false,"touchDistance":0.333333,"touchZone":"none","type":3,"width":16.5772},{"bases":[[[0.985144,-0.151833,0.0802395],[0.116427,0.933967,0.337861],[-0.12624,-0.3235,0.937769]],[[0.990301,-0.135131,0.0322918],[0.0887845,0.43673,-0.8952],[0.106867,0.889385,0.444492]],[[0.990301,-0.135131,0.0322918],[-0.0275475,-0.418783,-0.907669],[0.136177,0.897976,-0.418444]],[[0.990301,-0.135131,0.0322918],[-0.0757009,-0.719694,-0.690152],[0.116501,0.681014,-0.722943]]],"btipPosition":[2.87325,273.953,-19.2981],"carpPosition":[3.90974,312.461,26.0475],"dipPosition":[4.71476,284.718,-30.7255],"direction":[-0.136177,-0.897976,0.418444],"extended":false,"handId":283,"id":2834,"length":46.32,"mcpPosition":[10.6225,329.663,-23.8178],"pipPosition":[7.15724,300.824,-38.2307],"stabilizedTipPosition":[-37.6489,228.695,178.827],"timeVisible":21.9612,"tipPosition":[3.14501,276.106,-22.764],"tipVelocity":[14.7381,33.0432,-77.3909],"tool":false,"touchDistance":0.333333,"touchZone":"none","type":4,"width":14.7252}],"r":[[0.621501,-0.113199,0.775192],[0.00469849,0.990026,0.140804],[-0.783399,-0.0838675,0.615834]],"s":1.18446,"t":[44.6529,100.821,-207.822],"timestamp":3302374700},false],[3,{"currentFrameRate":103.461,"devices":[],"gestures":[],"hands":[{"armBasis":[[0.880254,0.406259,-0.245165],[-0.195879,0.781716,0.592074],[0.432185,-0.473153,0.767687]],"armWidth":58.4334,"confidence":0.691164,"direction":[-0.150819,0.36119,-0.920215],"elbow":[99.0304,187.197,223.129],"grabStrength":0,"id":283,"palmNormal":[0.237547,-0.890347,-0.388399],"palmPosition":[-21.2134,316.771,-13.7186],"palmVelocity":[23.6544,37.0426,-86.44],"palmWidth":83.4409,"pinchStrength":0.521748,"r":[[0.618245,-0.114053,0.777666],[0.00664143,0.990139,0.139934],[-0.785957,-0.081349,0.612906]],"s":1.18682,"sphereCenter":[-1.8253,286.54,-46.1617],"sphereRadius":46.8662,"stabilizedPalmPosition":[-53.6107,268.498,182.073],"t":[44.898,101.148,-208.562],"timeVisible":21.9704,"type":"right","wrist":[-7.97806,304.349,33.05]}],"id":322212,"interactionBox":{"center":[0,200,0],"size":[235.247,235.247,147.751]},"pointables":[{"bases":[[[0.144241,0.978363,0.148322],[-0.819652,0.0341496,0.571843],[0.554405,-0.204056,0.806844]],[[-0.0289534,0.994476,-0.100889],[-0.937944,0.00786477,0.346698],[0.345576,0.104666,0.932535]],[[-0.0289534,0.994476,-0.100889],[-0.994387,-0.0389316,-0.0983824],[-0.101767,0.0974742,0.990021]],[[-0.0289534,0.994476,-0.100889],[-0.97417,-0.0506864,-0.220053],[-0.223951,0.0919118,0.970257]]],"btipPosition":[-38.0695,277.34,-61.1077],"carpPosition":[-30.2387,287.152,33.3585],"dipPosition":[-42.8759,279.313,-40.2842],"direction":[0.101767,-0.0974742,-0.990021],"extended":false,"handId":283,"id":2830,"length":47.7925,"mcpPosition":[-30.2387,287.152,33.3585],"pipPosition":[-46.0578,282.361,-9.32936],"stabilizedTipPosition":[-67.5642,226.392,105.802],"timeVisible":21.9704,"tipPosition":[-39.3385,277.087,-56.2483],"tipVelocity":[35.2302,51.5275,-93.8416],"tool":false,"touchDistance":-0.426501,"touchZone":"hovering","type":0,"width":18.5699},{"bases":[[[0.920651,0.333882,-0.202299],[-0.280874,0.926411,0.250743],[0.271131,-0.174026,0.94668]],[[0.949403,0.306448,-0.0687338],[-0.2962,0.946454,0.128412],[0.104405,-0.101556,0.989336]],[[0.949403,0.306448,-0.0687338],[-0.30652,0.951814,0.00975409],[0.0684109,0.0118077,0.997587]],[[0.949403,0.306448,-0.0687338],[-0.311498,0.94673,-0.0816727],[0.040044,0.0989507,0.994286]]],"btipPosition":[-53.4299,322.641,-109.602],"carpPosition":[-28.8808,308.711,30.9345],"dipPosition":[-52.8025,324.191,-94.0234],"direction":[-0.0684109,-0.0118077,-0.997587],"extended":true,"handId":283,"id":2831,"length":53.9285,"mcpPosition":[-47.1728,320.452,-32.934],"pipPosition":[-51.2861,324.453,-71.9118],"stabilizedTipPosition":[-93.715,265.027,60.2606],"timeVisible":21.9704,"tipPosition":[-52.7188,321.543,-105.989],"tipVelocity":[47.4241,78.6085,-97.7259],"tool":false,"touchDistance":-0.441551,"touchZone":"hovering","type":1,"width":17.738},{"bases":[[[0.98312,0.144445,-0.112301],[-0.115162,0.965476,0.233655],[0.142174,-0.216778,0.965813]],[[0.985683,0.140229,-0.0936179],[-0.143375,0.404921,-0.903041],[-0.0887249,0.903535,0.419229]],[[0.985683,0.140229,-0.0936179],[-0.0219974,-0.443542,-0.895983],[-0.167167,0.885215,-0.434108]],[[0.985683,0.140229,-0.0936179],[0.0436036,-0.748356,-0.661862],[-0.162872,0.648304,-0.743757]]],"btipPosition":[-17.1903,253.657,-27.6306],"carpPosition":[-19.1818,313.981,28.5548],"dipPosition":[-19.9971,264.829,-40.4477],"direction":[0.167167,-0.885215,0.434108],"extended":false,"handId":283,"id":2832,"length":61.4471,"mcpPosition":[-28.278,327.85,-33.2375],"pipPosition":[-24.3563,287.913,-51.768],"stabilizedTipPosition":[-64.4649,208.516,169.421],"timeVisible":21.9704,"tipPosition":[-17.8834,255.867,-31.4688],"tipVelocity":[18.2435,43.1287,-54.1314],"tool":false,"touchDistance":0.333333,"touchZone":"none","type":2,"width":17.4211},{"bases":[[[0.999192,0.0377745,0.0137581],[-0.0400377,0.965926,0.255703],[-0.00363022,-0.256048,0.966657]],[[0.999169,0.0367503,0.0176237],[0.00246815,0.377052,-0.926189],[-0.0406827,0.925463,0.376648]],[[0.999169,0.0367503,0.0176237],[0.0332839,-0.486165,-0.873233],[-0.0235235,0.873094,-0.486984]],[[0.999169,0.0367503,0.0176237],[0.0396363,-0.77542,-0.630201],[-0.00949429,0.630376,-0.776232]]],"btipPosition":[-5.72687,260.369,-18.5267],"carpPosition":[-8.36254,316.56,26.7622],"dipPosition":[-5.88954,271.17,-31.8266],"direction":[0.0235235,-0.873094,0.486984],"extended":false,"handId":283,"id":2833,"length":59.0831,"mcpPosition":[-8.15401,331.269,-28.7655],"pipPosition":[-6.48712,293.35,-44.1978],"stabilizedTipPosition":[-53.5794,213.424,196.666],"timeVisible":21.9704,"tipPosition":[-5.72724,262.539,-22.3758],"tipVelocity":[13.1264,38.8655,-55.3763],"tool":false,"touchDistance":0.333333,"touchZone":"none","type":3,"width":16.5772},{"bases":[[[0.984844,-0.152236,0.0831057],[0.115698,0.933601,0.339121],[-0.129214,-0.324366,0.937065]],[[0.990195,-0.135315,0.0346981],[0.0912222,0.438236,-0.894219],[0.105796,0.888616,0.446283]],[[0.990195,-0.135315,0.0346981],[-0.0254185,-0.41877,-0.907737],[0.137361,0.897954,-0.418103]],[[0.990195,-0.135315,0.0346981],[-0.0742607,-0.720273,-0.689704],[0.11832,0.680365,-0.72326]]],"btipPosition":[3.15299,274.277,-19.8214],"carpPosition":[4.04656,312.703,25.5459],"dipPosition":[5.02323,285.032,-31.2537],"direction":[-0.137361,-0.897954,0.418103],"extended":false,"handId":283,"id":2834,"length":46.32,"mcpPosition":[10.9174,329.951,-24.2819],"pipPosition":[7.48695,301.138,-38.7529],"stabilizedTipPosition":[-37.5697,228.787,178.44],"timeVisible":21.9704,"tipPosition":[3.43248,276.426,-23.2714],"tipVelocity":[19.3599,33.6638,-71.8492],"tool":false,"touchDistance":0.333333,"touchZone":"none","type":4,"width":14.7252}],"r":[[0.618245,-0.114053,0.777666],[0.00664143,0.990139,0.139934],[-0.785957,-0.081349,0.612906]],"s":1.18682,"t":[44.898,101.148,-208.562],"timestamp":3302383828},false],[4,{"currentFrameRate":103.436,"devices":[],"gestures":[],"hands":[{"armBasis":[[0.88089,0.405163,-0.244695],[-0.196056,0.782874,0.590483],[0.430808,-0.472177,0.76906]],"armWidth":58.4334,"confidence":0.694068,"direction":[-0.148286,0.362651,-0.920052],"elbow":[98.8166,187.642,222.967],"grabStrength":0,"id":283,"palmNormal":[0.236563,-0.89032,-0.38906],"palmPosition":[-20.9693,317.059,-14.2303],"palmVelocity":[24.0863,34.889,-76.5508],"palmWidth":83.4409,"pinchStrength":0.516682,"r":[[0.615279,-0.115168,0.779852],[0.00853212,0.990185,0.139499],[-0.788264,-0.0791769,0.610223]],"s":1.1893,"sphereCenter":[-1.90119,286.912,-46.6447],"sphereRadius":46.7718,"stabilizedPalmPosition":[-53.5869,268.533,181.93],"t":[45.1426,101.455,-209.188],"timeVisible":21.9801,"type":"right","wrist":[-7.851,304.553,32.5486]}],"id":322213,"interactionBox":{"center":[0,200,0],"size":[235.247,235.247,147.751]},"pointables":[{"bases":[[[0.145872,0.977889,0.14985],[-0.820714,0.0350398,0.570264],[0.552404,-0.206169,0.807678]],[[-0.0260725,0.994781,-0.0986473],[-0.938776,0.00954735,0.344397],[0.343541,0.101587,0.933627]],[[-0.0260725,0.994781,-0.0986473],[-0.994276,-0.0360335,-0.100582],[-0.103612,0.0954602,0.990026]],[[-0.0260725,0.994781,-0.0986473],[-0.97354,-0.047678,-0.223488],[-0.227025,0.0902101,0.969702]]],"btipPosition":[-37.76,277.828,-61.7132],"carpPosition":[-30.146,287.399,32.7912],"dipPosition":[-42.6324,279.764,-40.9016],"direction":[0.103612,-0.0954602,-0.990026],"extended":false,"handId":283,"id":2830,"length":47.7925,"mcpPosition":[-30.146,287.399,32.7912],"pipPosition":[-45.872,282.748,-9.94663],"stabilizedTipPosition":[-67.4611,226.578,105.217],"timeVisible":21.9801,"tipPosition":[-39.0534,277.562,-56.8562],"tipVelocity":[33.7862,50.8683,-84.6954],"tool":false,"touchDistance":-0.421308,"touchZone":"hovering","type":0,"width":18.5699},{"bases":[[[0.921705,0.332324,-0.200054],[-0.279547,0.926645,0.251363],[0.268913,-0.175758,0.946992]],[[0.950104,0.304717,-0.0667007],[-0.293962,0.94619,0.135317],[0.104345,-0.108958,0.988555]],[[0.950104,0.304717,-0.0667007],[-0.304292,0.952432,0.0166894],[0.0686134,0.00443987,0.997633]],[[0.950104,0.304717,-0.0667007],[-0.309306,0.948003,-0.0749681],[0.0403884,0.0918585,0.994953]]],"btipPosition":[-53.1479,323.571,-110.141],"carpPosition":[-28.7408,308.958,30.3973],"dipPosition":[-52.5151,325.01,-94.5519],"direction":[-0.0686134,-0.00443987,-0.997633],"extended":true,"handId":283,"id":2831,"length":53.9285,"mcpPosition":[-46.8833,320.816,-33.4923],"pipPosition":[-50.9943,325.109,-72.4393],"stabilizedTipPosition":[-92.9958,266.067,57.3138],"timeVisible":21.9801,"tipPosition":[-52.4397,322.437,-106.535],"tipVelocity":[42.0739,82.8494,-85.2813],"tool":false,"touchDistance":-0.433777,"touchZone":"hovering","type":1,"width":17.738},{"bases":[[[0.983622,0.14265,-0.110173],[-0.113725,0.965404,0.234653],[0.139835,-0.21828,0.965816]],[[0.986094,0.138491,-0.0918616],[-0.140938,0.404002,-0.903835],[-0.0880605,0.904214,0.417903]],[[0.986094,0.138491,-0.0918616],[-0.0205005,-0.447168,-0.894215],[-0.164918,0.883664,-0.43811]],[[0.986094,0.138491,-0.0918616],[0.044233,-0.751541,-0.658202],[-0.160193,0.644986,-0.747216]]],"btipPosition":[-17.0199,254.051,-27.9195],"carpPosition":[-19.0268,314.212,28.0435],"dipPosition":[-19.7805,265.166,-40.7962],"direction":[0.164918,-0.883664,0.43811],"extended":false,"handId":283,"id":2832,"length":61.4471,"mcpPosition":[-27.9734,328.177,-33.749],"pipPosition":[-24.081,288.21,-52.2209],"stabilizedTipPosition":[-64.1562,208.833,168.1],"timeVisible":21.9801,"tipPosition":[-17.7059,256.253,-31.8034],"tipVelocity":[18.3582,41.9984,-47.402],"tool":false,"touchDistance":0.333333,"touchZone":"none","type":2,"width":17.4211},{"bases":[[[0.999235,0.035789,0.0157816],[-0.0386438,0.965678,0.25685],[-0.00604751,-0.257264,0.966322]],[[0.9992,0.0347063,0.0198472],[0.00536197,0.375607,-0.926763],[-0.0396193,0.926129,0.375121]],[[0.9992,0.0347063,0.0198472],[0.0343137,-0.489676,-0.871229],[-0.0205185,0.871214,-0.490475]],[[0.9992,0.0347063,0.0198472],[0.0394797,-0.778199,-0.626775],[-0.00630801,0.627058,-0.778947]]],"btipPosition":[-5.59899,260.728,-18.7964],"carpPosition":[-8.19901,316.772,26.2755],"dipPosition":[-5.70707,271.472,-32.1428],"direction":[0.0205185,-0.871214,0.490475],"extended":false,"handId":283,"id":2833,"length":59.0831,"mcpPosition":[-7.85162,331.55,-29.2329],"pipPosition":[-6.22831,293.604,-44.6026],"stabilizedTipPosition":[-53.2522,213.764,195.176],"timeVisible":21.9801,"tipPosition":[-5.58419,262.884,-22.6969],"tipVelocity":[13.5156,37.9124,-47.6105],"tool":false,"touchDistance":0.333333,"touchZone":"none","type":3,"width":16.5772},{"bases":[[[0.984376,-0.15428,0.0848593],[0.116863,0.932941,0.340535],[-0.131707,-0.325297,0.936395]],[[0.989895,-0.13715,0.0360344],[0.0934585,0.439875,-0.893183],[0.106649,0.887524,0.448248]],[[0.989895,-0.13715,0.0360344],[-0.0249722,-0.418743,-0.907762],[0.139588,0.897688,-0.417936]],[[0.989895,-0.13715,0.0360344],[-0.0747922,-0.720857,-0.689037],[0.120477,0.679379,-0.72383]]],"btipPosition":[3.3421,274.572,-20.3105],"carpPosition":[4.20487,312.892,25.0789],"dipPosition":[5.24645,285.31,-31.7519],"direction":[-0.139588,-0.897689,0.417936],"extended":false,"handId":283,"id":2834,"length":46.32,"mcpPosition":[11.2083,330.19,-24.7133],"pipPosition":[7.75012,301.411,-39.248],"stabilizedTipPosition":[-37.4905,228.879,178.055],"timeVisible":21.9801,"tipPosition":[3.62984,276.713,-23.7459],"tipVelocity":[19.6274,32.5665,-65.6142],"tool":false,"touchDistance":0.333333,"touchZone":"none","type":4,"width":14.7252}],"r":[[0.615279,-0.115168,0.779852],[0.00853212,0.990185,0.139499],[-0.788264,-0.0791769,0.610223]],"s":1.1893,"t":[45.1426,101.455,-209.188],"timestamp":3302393543},false],[5,{"currentFrameRate":103.638,"devices":[],"gestures":[],"hands":[{"armBasis":[[0.881584,0.404381,-0.243488],[-0.195439,0.782243,0.591523],[0.429667,-0.47389,0.768644]],"armWidth":58.4334,"confidence":0.701512,"direction":[-0.145661,0.361151,-0.921061],"elbow":[98.6626,187.487,222.602],"grabStrength":0,"id":283,"palmNormal":[0.236047,-0.891416,-0.386857],"palmPosition":[-20.7166,317.261,-14.5454],"palmVelocity":[24.9803,31.2017,-64.5744],"palmWidth":83.4409,"pinchStrength":0.513028,"r":[[0.612512,-0.115952,0.781911],[0.0102922,0.990269,0.138788],[-0.790394,-0.0769616,0.607745]],"s":1.19157,"sphereCenter":[-1.85576,287.09,-46.8457],"sphereRadius":46.7044,"stabilizedPalmPosition":[-53.5623,268.57,181.783],"t":[45.3913,101.71,-209.659],"timeVisible":21.9894,"type":"right","wrist":[-7.7226,304.822,32.2861]}],"id":322214,"interactionBox":{"center":[0,200,0],"size":[235.247,235.247,147.751]},"pointables":[{"bases":[[[0.147058,0.977941,0.148341],[-0.821933,0.0373862,0.568356],[0.550272,-0.205508,0.8093]],[[-0.0238553,0.994708,-0.09993],[-0.939618,0.011826,0.342022],[0.341393,0.102055,0.934364]],[[-0.0238553,0.994708,-0.09993],[-0.994127,-0.0341576,-0.102688],[-0.105558,0.0968935,0.989681]],[[-0.0238553,0.994708,-0.09993],[-0.972879,-0.0461037,-0.226673],[-0.23008,0.0918125,0.968831]]],"btipPosition":[-37.434,278.032,-61.9977],"carpPosition":[-30.0448,287.703,32.5109],"dipPosition":[-42.372,280.002,-41.2048],"direction":[0.105558,-0.0968935,-0.989681],"extended":false,"handId":283,"id":2830,"length":47.7925,"mcpPosition":[-30.0448,287.703,32.5109],"pipPosition":[-45.6724,283.032,-10.2606],"stabilizedTipPosition":[-67.3564,226.766,104.628],"timeVisible":21.9894,"tipPosition":[-38.746,277.777,-57.1439],"tipVelocity":[33.7175,42.9869,-69.6264],"tool":false,"touchDistance":-0.411843,"touchZone":"hovering","type":0,"width":18.5699},{"bases":[[[0.922667,0.330515,-0.198611],[-0.278665,0.927548,0.248997],[0.266518,-0.174395,0.947921]],[[0.9507,0.303155,-0.0653181],[-0.292275,0.946321,0.138031],[0.103657,-0.112135,0.988272]],[[0.9507,0.303155,-0.0653181],[-0.302555,0.95294,0.0191271],[0.0680427,0.00157823,0.997681]],[[0.9507,0.303155,-0.0653181],[-0.30754,0.948735,-0.0729403],[0.0398574,0.0894323,0.995195]]],"btipPosition":[-52.7981,324.003,-110.515],"carpPosition":[-28.6007,309.256,30.0798],"dipPosition":[-52.1736,325.405,-94.922],"direction":[-0.0680427,-0.00157823,-0.997681],"extended":true,"handId":283,"id":2831,"length":53.9285,"mcpPosition":[-46.5815,321.022,-33.8725],"pipPosition":[-50.6654,325.44,-72.8084],"stabilizedTipPosition":[-92.2561,267.135,54.3022],"timeVisible":21.9894,"tipPosition":[-52.1004,322.867,-106.912],"tipVelocity":[40.7977,72.4014,-72.606],"tool":false,"touchDistance":-0.424329,"touchZone":"hovering","type":1,"width":17.738},{"bases":[[[0.984087,0.140915,-0.108235],[-0.112747,0.966019,0.232586],[0.137332,-0.216682,0.966535]],[[0.986466,0.136871,-0.090285],[-0.138495,0.400767,-0.905652],[-0.0877742,0.905898,0.414299]],[[0.986466,0.136871,-0.090285],[-0.0188576,-0.452272,-0.89168],[-0.162879,0.881315,-0.44357]],[[0.986466,0.136871,-0.090285],[0.0450386,-0.755638,-0.65344],[-0.15766,0.64053,-0.751575]]],"btipPosition":[-16.8157,254.291,-27.8944],"carpPosition":[-18.8733,314.49,27.7379],"dipPosition":[-19.5326,265.329,-40.8462],"direction":[0.162879,-0.881315,0.44357],"extended":false,"handId":283,"id":2832,"length":61.4471,"mcpPosition":[-27.6597,328.353,-34.1006],"pipPosition":[-23.78,288.311,-52.4132],"stabilizedTipPosition":[-63.8148,209.184,166.645],"timeVisible":21.9894,"tipPosition":[-17.4935,256.479,-31.8085],"tipVelocity":[19.6981,36.9197,-33.8192],"tool":false,"touchDistance":0.333333,"touchZone":"none","type":2,"width":17.4211},{"bases":[[[0.999251,0.0342667,0.0179547],[-0.0377149,0.966218,0.254951],[-0.00861184,-0.255437,0.966787]],[[0.999206,0.0331876,0.0220373],[0.00802778,0.374087,-0.927359],[-0.0390207,0.9268,0.373524]],[[0.999206,0.0331876,0.0220373],[0.0355171,-0.491568,-0.870115],[-0.0180442,0.870207,-0.492356]],[[0.999206,0.0331876,0.0220373],[0.0396791,-0.779747,-0.624836],[-0.00355333,0.625215,-0.780445]]],"btipPosition":[-5.42479,260.911,-18.9703],"carpPosition":[-8.03753,317.031,25.9894],"dipPosition":[-5.48567,271.624,-32.3424],"direction":[0.0180442,-0.870207,0.492356],"extended":false,"handId":283,"id":2833,"length":59.0831,"mcpPosition":[-7.54284,331.704,-29.5458],"pipPosition":[-5.94406,293.73,-44.85],"stabilizedTipPosition":[-52.9399,214.088,193.757],"timeVisible":21.9894,"tipPosition":[-5.39819,263.059,-22.8613],"tipVelocity":[15.3316,32.5784,-39.6715],"tool":false,"touchDistance":0.333333,"touchZone":"none","type":3,"width":16.5772},{"bases":[[[0.983942,-0.155649,0.0873554],[0.117553,0.933397,0.339045],[-0.134309,-0.323332,0.936706]],[[0.989649,-0.138408,0.0379113],[0.0955582,0.438486,-0.893644],[0.107064,0.888017,0.447173]],[[0.989649,-0.138408,0.0379113],[-0.0243278,-0.422165,-0.906193],[0.141429,0.895891,-0.421162]],[[0.989649,-0.138408,0.0379113],[-0.07501,-0.724125,-0.685577],[0.122342,0.675637,-0.727012]]],"btipPosition":[3.56263,274.779,-20.435],"carpPosition":[4.36293,313.129,24.8279],"dipPosition":[5.49646,285.459,-31.9267],"direction":[-0.141429,-0.895891,0.421162],"extended":false,"handId":283,"id":2834,"length":46.32,"mcpPosition":[11.5047,330.322,-24.9809],"pipPosition":[8.03314,301.528,-39.4807],"stabilizedTipPosition":[-37.4119,228.971,177.674],"timeVisible":21.9894,"tipPosition":[3.8576,276.901,-23.8709],"tipVelocity":[21.0064,29.2932,-51.2791],"tool":false,"touchDistance":0.333333,"touchZone":"none","type":4,"width":14.7252}],"r":[[0.612512,-0.115952,0.781911],[0.0102922,0.990269,0.138788],[-0.790394,-0.0769616,0.607745]],"s":1.19157,"t":[45.3913,101.71,-209.659],"timestamp":3302402811},false],[6,{"currentFrameRate":103.763,"devices":[],"gestures":[],"hands":[{"armBasis":[[0.884089,0.400069,-0.24152],[-0.191384,0.781455,0.593885],[0.426332,-0.478824,0.767442]],"armWidth":58.4334,"confidence":0.677554,"direction":[-0.142692,0.359885,-0.922021],"elbow":[98.0689,186.635,221.871],"grabStrength":0,"id":283,"palmNormal":[0.232223,-0.893377,-0.384643],"palmPosition":[-20.3624,317.593,-15.0221],"palmVelocity":[28.5989,32.3676,-60.6228],"palmWidth":83.4409,"pinchStrength":0.506135,"r":[[0.609971,-0.116833,0.783763],[0.012628,0.990379,0.137804],[-0.792323,-0.0741593,0.605578]],"s":1.19383,"sphereCenter":[-1.84217,287.326,-47.2149],"sphereRadius":46.6396,"stabilizedPalmPosition":[-53.5331,268.613,181.61],"t":[45.6927,102.003,-210.132],"timeVisible":21.9988,"type":"right","wrist":[-7.49061,305.191,31.8531]}],"id":322215,"interactionBox":{"center":[0,200,0],"size":[235.247,235.247,147.751]},"pointables":[{"bases":[[[0.151611,0.97753,0.146452],[-0.82249,0.0425905,0.567183],[0.548201,-0.206447,0.810466]],[[-0.0178569,0.994767,-0.100593],[-0.940069,0.0175604,0.340532],[0.340517,0.100645,0.934836]],[[-0.0178569,0.994767,-0.100593],[-0.994194,-0.028343,-0.1038],[-0.106108,0.0981555,0.989498]],[[-0.0178569,0.994767,-0.100593],[-0.972828,-0.0405145,-0.227957],[-0.230839,0.0937891,0.968461]]],"btipPosition":[-37.2116,278.492,-62.4319],"carpPosition":[-29.896,288.181,32.0847],"dipPosition":[-42.1658,280.505,-41.6469],"direction":[0.106108,-0.0981555,-0.989498],"extended":false,"handId":283,"id":2830,"length":47.7925,"mcpPosition":[-29.896,288.181,32.0847],"pipPosition":[-45.4835,283.574,-10.7085],"stabilizedTipPosition":[-67.2394,226.977,103.973],"timeVisible":21.9988,"tipPosition":[-38.5192,278.233,-57.575],"tipVelocity":[30.739,44.9978,-63.0038],"tool":false,"touchDistance":-0.405532,"touchZone":"hovering","type":0,"width":18.5699},{"bases":[[[0.924522,0.325607,-0.198089],[-0.274484,0.92942,0.24665],[0.264419,-0.173661,0.948643]],[[0.952216,0.298445,-0.0649198],[-0.287344,0.947424,0.140788],[0.103524,-0.115406,0.987909]],[[0.952216,0.298445,-0.0649198],[-0.297667,0.954426,0.0215679],[0.068398,-0.00121286,0.997657]],[[0.952216,0.298445,-0.0649198],[-0.302723,0.950435,-0.0709381],[0.0405309,0.0872012,0.995366]]],"btipPosition":[-52.413,324.645,-111.022],"carpPosition":[-28.344,309.722,29.6096],"dipPosition":[-51.7779,326.011,-95.4262],"direction":[-0.068398,0.00121286,-0.997657],"extended":true,"handId":283,"id":2831,"length":53.9285,"mcpPosition":[-46.1832,321.438,-34.3914],"pipPosition":[-50.2619,325.985,-73.313],"stabilizedTipPosition":[-91.4408,268.314,51.0046],"timeVisible":21.9988,"tipPosition":[-51.7246,323.504,-107.423],"tipVelocity":[40.9185,70.9776,-67.2611],"tool":false,"touchDistance":-0.417822,"touchZone":"hovering","type":1,"width":17.738},{"bases":[[[0.984902,0.135905,-0.107229],[-0.108359,0.967049,0.230377],[0.135005,-0.21528,0.967175]],[[0.987186,0.131982,-0.089687],[-0.135524,0.396745,-0.90787],[-0.0842393,0.908391,0.409547]],[[0.987186,0.131982,-0.089687],[-0.0193605,-0.458833,-0.888311],[-0.158392,0.878665,-0.450399]],[[0.987186,0.131982,-0.089687],[0.0429081,-0.760905,-0.647443],[-0.153694,0.635299,-0.756818]]],"btipPosition":[-16.7233,254.664,-27.9254],"carpPosition":[-18.5882,314.903,27.2694],"dipPosition":[-19.3719,265.612,-40.9675],"direction":[0.158392,-0.878665,0.450399],"extended":false,"handId":283,"id":2832,"length":61.4471,"mcpPosition":[-27.2258,328.677,-34.6101],"pipPosition":[-23.5023,288.525,-52.7126],"stabilizedTipPosition":[-63.3908,209.621,164.843],"timeVisible":21.9988,"tipPosition":[-17.3911,256.834,-31.8933],"tipVelocity":[17.3624,37.0648,-25.754],"tool":false,"touchDistance":0.333333,"touchZone":"none","type":2,"width":17.4211},{"bases":[[[0.999382,0.0294536,0.019208],[-0.0333568,0.966933,0.252841],[-0.0111257,-0.253326,0.967317]],[[0.999325,0.0283739,0.0233297],[0.0111084,0.371943,-0.928189],[-0.0350136,0.927822,0.371376]],[[0.999325,0.0283739,0.0233297],[0.034323,-0.494972,-0.868231],[-0.0130876,0.868446,-0.495611]],[[0.999325,0.0283739,0.0233297],[0.0367282,-0.782618,-0.621418],[0.00062615,0.621856,-0.783131]]],"btipPosition":[-5.3425,261.207,-19.2435],"carpPosition":[-7.73795,317.387,25.5299],"dipPosition":[-5.33178,271.862,-32.6616],"direction":[0.0130876,-0.868446,0.495611],"extended":false,"handId":283,"id":2833,"length":59.0831,"mcpPosition":[-7.09885,331.939,-30.0357],"pipPosition":[-5.66425,293.924,-45.2519],"stabilizedTipPosition":[-52.6206,214.42,192.307],"timeVisible":21.9988,"tipPosition":[-5.30011,263.337,-23.1364],"tipVelocity":[13.9565,31.8654,-36.9695],"tool":false,"touchDistance":0.333333,"touchZone":"none","type":3,"width":16.5772},{"bases":[[[0.983059,-0.160237,0.0889928],[0.121639,0.933538,0.337211],[-0.137112,-0.320673,0.937213]],[[0.988964,-0.142937,0.0389704],[0.0983314,0.436519,-0.894306],[0.110818,0.888268,0.445757]],[[0.988964,-0.142937,0.0389704],[-0.0259029,-0.425806,-0.904444],[0.145873,0.893453,-0.424809]],[[0.988964,-0.142937,0.0389704],[-0.0782629,-0.727368,-0.68177],[0.125796,0.671196,-0.730528]]],"btipPosition":[3.73762,275.038,-20.7298],"carpPosition":[4.64494,313.423,24.3932],"dipPosition":[5.72604,285.647,-32.2771],"direction":[-0.145873,-0.893453,0.424809],"extended":false,"handId":283,"id":2834,"length":46.32,"mcpPosition":[11.9358,330.475,-25.4426],"pipPosition":[8.34243,301.672