{"sensorType":"Leap","data":[[0,{"currentFrameRate":105.483,"devices":[],"gestures":[],"hands":[{"armBasis":[[0.939375,0.126733,-0.31861],[0.0468888,0.872984,0.48549],[0.339669,-0.470996,0.814117]],"armWidth":58.4334,"confidence":0.720771,"direction":[-0.00589743,0.375147,-0.926947],"elbow":[62.0174,174.352,236.046],"grabStrength":0,"id":281,"palmNormal":[-0.0465167,-0.926062,-0.374493],"palmPosition":[-29.5433,306.165,-12.7546],"palmVelocity":[-14.778,40.9571,-73.696],"palmWidth":83.4409,"pinchStrength":0.851101,"r":[[0.799906,-0.449232,0.39792],[0.479415,0.877186,0.0265695],[-0.360986,0.169516,0.917035]],"s":0.799159,"sphereCenter":[-32.8244,278.812,-44.6951],"sphereRadius":42.2585,"stabilizedPalmPosition":[-32.9359,262.183,115.203],"t":[22.7253,74.741,-184.621],"timeVisible":0.622403,"type":"right","wrist":[-22.0843,290.97,34.471]}],"id":317882,"interactionBox":{"center":[0,200,0],"size":[235.247,235.247,147.751]},"pointables":[{"bases":[[[0.44241,0.885036,0.14486],[-0.780804,0.300665,0.547672],[0.441156,-0.355403,0.824057]],[[0.320997,0.9451,-0.0612108],[-0.874687,0.320623,0.363487],[0.363158,-0.0631379,0.929586]],[[0.320997,0.9451,-0.0612108],[-0.943925,0.313987,-0.102071],[-0.0772479,0.0905428,0.992892]],[[0.320997,0.9451,-0.0612108],[-0.840339,0.254415,-0.478648],[-0.436798,0.205082,0.87587]]],"btipPosition":[-53.4748,277.349,-58.1254],"carpPosition":[-48.6406,281.691,34.2698],"dipPosition":[-62.8493,281.75,-39.3276],"direction":[0.0772479,-0.0905428,-0.992892],"extended":false,"handId":281,"id":2810,"length":47.7925,"mcpPosition":[-48.6406,281.691,34.2698],"pipPosition":[-65.2646,284.581,-8.28301],"stabilizedTipPosition":[-71.7156,230.029,57.1692],"timeVisible":0.622403,"tipPosition":[-55.2711,277.302,-54.0436],"tipVelocity":[-5.65767,68.7282,-80.8748],"tool":false,"touchDistance":-0.436951,"touchZone":"hovering","type":0,"width":18.5699},{"bases":[[[0.983729,0.0226587,-0.178223],[0.0202604,0.971695,0.235369],[0.178511,-0.23515,0.955426]],[[0.997481,-0.00363766,-0.0708448],[0.0242691,0.95592,0.292621],[0.0666575,-0.293603,0.953601]],[[0.997481,-0.00363766,-0.0708448],[0.01544,0.985875,0.16677],[0.0692374,-0.167444,0.983447]],[[0.997481,-0.00363766,-0.0708448],[0.00802306,0.998062,0.0617157],[0.0704829,-0.0621286,0.995576]]],"btipPosition":[-57.7849,333.792,-107.706],"carpPosition":[-40.4763,301.675,31.7196],"dipPosition":[-56.6806,332.818,-92.107],"direction":[-0.0692374,0.167444,-0.983447],"extended":true,"handId":281,"id":2811,"length":53.9285,"mcpPosition":[-52.5197,317.539,-32.7389],"pipPosition":[-55.1459,329.107,-70.3089],"stabilizedTipPosition":[-62.0278,296.531,-36.9366],"timeVisible":0.622403,"tipPosition":[-57.0397,332.27,-104.336],"tipVelocity":[-11.3451,79.8259,-67.0459],"tool":false,"touchDistance":-0.425416,"touchZone":"hovering","type":1,"width":17.738},{"bases":[[[0.980838,-0.175304,-0.0849986],[0.190194,0.956138,0.222769],[0.0422182,-0.234666,0.971159]],[[0.981064,-0.176643,-0.0794427],[0.0654878,0.688533,-0.722242],[0.182278,0.703363,0.687063]],[[0.981064,-0.176643,-0.0794427],[-0.161522,-0.519812,-0.838872],[0.106886,0.835819,-0.5385]],[[0.981064,-0.176643,-0.0794427],[-0.192249,-0.937966,-0.288548],[-0.0235446,0.298356,-0.954164]]],"btipPosition":[-42.6922,260.559,-32.4378],"carpPosition":[-29.5527,303.572,29.5801],"dipPosition":[-43.098,265.7,-48.8808],"direction":[-0.106886,-0.835819,0.5385],"extended":false,"handId":281,"id":2812,"length":61.4471,"mcpPosition":[-32.2538,318.586,-32.5542],"pipPosition":[-40.3107,287.496,-62.9234],"stabilizedTipPosition":[-36.7117,204.535,137.476],"timeVisible":0.622403,"tipPosition":[-42.7582,261.941,-36.5667],"tipVelocity":[8.6553,37.3719,-61.5412],"tool":false,"touchDistance":0.333333,"touchZone":"none","type":2,"width":17.4211},{"bases":[[[0.959213,-0.279502,0.042292],[0.261033,0.933202,0.246972],[-0.108496,-0.225859,0.968099]],[[0.954415,-0.287857,0.0789368],[0.247188,0.614017,-0.749587],[0.167306,0.734929,0.657182]],[[0.954415,-0.287857,0.0789368],[-0.102898,-0.565552,-0.818268],[0.280187,0.772844,-0.569391]],[[0.954415,-0.287857,0.0789368],[-0.256498,-0.926208,-0.27631],[0.15265,0.243467,-0.957821]]],"btipPosition":[-28.7875,261.63,-23.5807],"carpPosition":[-18.4317,302.573,28.0805],"dipPosition":[-26.1721,265.802,-39.9919],"direction":[-0.280187,-0.772844,0.569391],"extended":false,"handId":281,"id":2813,"length":59.0831,"mcpPosition":[-12.1993,315.547,-27.53],"pipPosition":[-19.0543,285.435,-54.4565],"stabilizedTipPosition":[-25.0146,209.396,143.811],"timeVisible":0.622403,"tipPosition":[-28.0235,262.77,-27.8911],"tipVelocity":[2.00831,43.4811,-70.7017],"tool":false,"touchDistance":0.333333,"touchZone":"none","type":3,"width":16.5772},{"bases":[[[0.883805,-0.454088,0.112663],[0.396431,0.854724,0.335096],[-0.248458,-0.251496,0.935424]],[[0.827391,-0.490795,0.273029],[0.524479,0.501351,-0.688163],[0.200863,0.712578,0.672225]],[[0.827391,-0.490795,0.273029],[-0.0706498,-0.573233,-0.816341],[0.557165,0.656143,-0.508963]],[[0.827391,-0.490795,0.273029],[-0.399761,-0.856115,-0.327503],[0.394481,0.161827,-0.904542]]],"btipPosition":[-17.3824,270.915,-20.8586],"carpPosition":[-7.85215,294.975,27.2527],"dipPosition":[-11.147,273.473,-35.1564],"direction":[-0.557165,-0.656143,0.508963],"extended":false,"handId":281,"id":2814,"length":46.32,"mcpPosition":[5.35947,308.348,-22.4879],"pipPosition":[-1.15363,285.242,-44.2852],"stabilizedTipPosition":[-17.8035,225.521,129.796],"timeVisible":0.622403,"tipPosition":[-15.7642,271.655,-24.6022],"tipVelocity":[-2.03564,47.4208,-61.7241],"tool":false,"touchDistance":0.333333,"touchZone":"none","type":4,"width":14.7252}],"r":[[0.799906,-0.449232,0.39792],[0.479415,0.877186,0.0265695],[-0.360986,0.169516,0.917035]],"s":0.799159,"t":[22.7253,74.741,-184.621],"timestamp":3260773086},false],[1,{"currentFrameRate":105.426,"devices":[],"gestures":[],"hands":[{"armBasis":[[0.939978,0.131186,-0.315011],[0.0410509,0.872971,0.486042],[0.338758,-0.4698,0.815188]],"armWidth":58.4334,"confidence":0.724025,"direction":[-0.00520441,0.376931,-0.926227],"elbow":[61.6323,174.984,235.692],"grabStrength":0,"id":281,"palmNormal":[-0.0407203,-0.925551,-0.376427],"palmPosition":[-29.6472,306.555,-13.3641],"palmVelocity":[-13.6344,40.8756,-70.7552],"palmWidth":83.4409,"pinchStrength":0.846938,"r":[[0.800471,-0.447345,0.39891],[0.476211,0.878821,0.0299376],[-0.363963,0.166001,0.916501]],"s":0.801483,"sphereCenter":[-32.8454,279.304,-45.3616],"sphereRadius":42.2705,"stabilizedPalmPosition":[-32.9281,262.289,114.896],"t":[22.6137,75.1219,-185.23],"timeVisible":0.631994,"type":"right","wrist":[-22.2437,291.306,33.8527]}],"id":317883,"interactionBox":{"center":[0,200,0],"size":[235.247,235.247,147.751]},"pointables":[{"bases":[[[0.437464,0.887001,0.147835],[-0.783874,0.295594,0.546046],[0.440644,-0.354759,0.824608]],[[0.317225,0.946632,-0.0570536],[-0.875939,0.31553,0.364926],[0.363453,-0.0657883,0.929287]],[[0.317225,0.946632,-0.0570536],[-0.945037,0.31052,-0.102384],[-0.0792036,0.0863965,0.993107]],[[0.317225,0.946632,-0.0570536],[-0.839627,0.252379,-0.480969],[-0.440902,0.200479,0.874879]]],"btipPosition":[-53.4499,277.899,-58.8086],"carpPosition":[-48.7515,281.891,33.5584],"dipPosition":[-62.9125,282.202,-40.0321],"direction":[0.0792036,-0.0863965,-0.993107],"extended":false,"handId":281,"id":2810,"length":47.7925,"mcpPosition":[-48.7515,281.891,33.5584],"pipPosition":[-65.3889,284.903,-8.98077],"stabilizedTipPosition":[-71.4583,230.81,55.3836],"timeVisible":0.631994,"tipPosition":[-55.2294,277.845,-54.7312],"tipVelocity":[-3.87963,64.7529,-78.2298],"tool":false,"touchDistance":-0.431911,"touchZone":"hovering","type":0,"width":18.5699},{"bases":[[[0.984099,0.0280379,-0.175395],[0.014623,0.971322,0.237318],[0.177019,-0.236109,0.955467]],[[0.99763,0.00178552,-0.0687797],[0.0187245,0.954886,0.296383],[0.066206,-0.296968,0.952589]],[[0.99763,0.00178552,-0.0687797],[0.00993382,0.985451,0.16967],[0.068082,-0.169951,0.983098]],[[0.99763,0.00178552,-0.0687797],[0.0026107,0.997961,0.0637745],[0.0687534,-0.0638029,0.995591]]],"btipPosition":[-57.8198,334.318,-108.311],"carpPosition":[-40.6824,301.922,31.0702],"dipPosition":[-56.7425,333.318,-92.7116],"direction":[-0.068082,0.169951,-0.983098],"extended":true,"handId":281,"id":2811,"length":53.9285,"mcpPosition":[-52.6251,317.851,-33.3911],"pipPosition":[-55.2335,329.551,-70.9212],"stabilizedTipPosition":[-61.8606,297.94,-39.4802],"timeVisible":0.631994,"tipPosition":[-57.0776,332.822,-104.942],"tipVelocity":[-9.29984,72.4083,-65.8903],"tool":false,"touchDistance":-0.420279,"touchZone":"hovering","type":1,"width":17.738},{"bases":[[[0.981958,-0.170119,-0.0825649],[0.184669,0.956659,0.225169],[0.0406809,-0.236353,0.970815]],[[0.982176,-0.171476,-0.0769808],[0.0640154,0.690233,-0.72075],[0.176726,0.702975,0.688908]],[[0.982176,-0.171476,-0.0769808],[-0.156471,-0.518978,-0.840344],[0.104147,0.837412,-0.536559]],[[0.982176,-0.171476,-0.0769808],[-0.18663,-0.93835,-0.290978],[-0.0223393,0.300158,-0.953628]]],"btipPosition":[-42.5078,260.918,-33.1721],"carpPosition":[-29.7626,303.879,28.9653],"dipPosition":[-42.8927,266.091,-49.6058],"direction":[-0.104147,-0.837412,0.536559],"extended":false,"handId":281,"id":2812,"length":61.4471,"mcpPosition":[-32.3654,319.001,-33.1471],"pipPosition":[-40.1769,287.928,-63.5977],"stabilizedTipPosition":[-36.7202,204.617,137.226],"timeVisible":0.631994,"tipPosition":[-42.569,262.308,-37.2961],"tipVelocity":[11.8641,37.6198,-65.8269],"tool":false,"touchDistance":0.333333,"touchZone":"none","type":2,"width":17.4211},{"bases":[[[0.960508,-0.274676,0.0444608],[0.255556,0.934038,0.249527],[-0.110067,-0.228311,0.967347]],[[0.955575,-0.283238,0.0815607],[0.245787,0.613007,-0.750874],[0.162679,0.737563,0.65539]],[[0.955575,-0.283238,0.0815607],[-0.0987798,-0.568453,-0.816764],[0.277702,0.772423,-0.571178]],[[0.955575,-0.283238,0.0815607],[-0.251484,-0.9278,-0.275577],[0.153726,0.242823,-0.957813]]],"btipPosition":[-28.6638,262.051,-24.0041],"carpPosition":[-18.6325,302.939,27.4952],"dipPosition":[-26.0299,266.212,-40.4151],"direction":[-0.277702,-0.772423,0.571178],"extended":false,"handId":281,"id":2813,"length":59.0831,"mcpPosition":[-12.3099,316.054,-28.072],"pipPosition":[-18.9752,285.834,-54.9251],"stabilizedTipPosition":[-25.026,209.597,143.168],"timeVisible":0.631994,"tipPosition":[-27.8947,263.183,-28.3729],"tipVelocity":[5.29275,43.5389,-63.0066],"tool":false,"touchDistance":0.333333,"touchZone":"none","type":3,"width":16.5772},{"bases":[[[0.885796,-0.449784,0.114277],[0.391104,0.856081,0.337881],[-0.249804,-0.254599,0.934226]],[[0.829486,-0.486934,0.273585],[0.523047,0.505419,-0.686275],[0.195895,0.712353,0.673927]],[[0.829486,-0.486934,0.273585],[-0.0660824,-0.571953,-0.81762],[0.554605,0.660125,-0.506604]],[[0.829486,-0.486934,0.273585],[-0.394489,-0.857526,-0.330193],[0.395389,0.165964,-0.903396]]],"btipPosition":[-17.278,271.374,-21.4806],"carpPosition":[-8.01191,295.397,26.6825],"dipPosition":[-11.0282,273.997,-35.7603],"direction":[-0.554605,-0.660125,0.506604],"extended":false,"handId":281,"id":2814,"length":46.32,"mcpPosition":[5.27126,308.935,-22.9943],"pipPosition":[-1.08076,285.837,-44.8468],"stabilizedTipPosition":[-17.794,225.745,129.049],"timeVisible":0.631994,"tipPosition":[-15.6605,272.13,-25.2176],"tipVelocity":[1.80885,47.9751,-62.5052],"tool":false,"touchDistance":0.333333,"touchZone":"none","type":4,"width":14.7252}],"r":[[0.800471,-0.447345,0.39891],[0.476211,0.878821,0.0299376],[-0.363963,0.166001,0.916501]],"s":0.801483,"t":[22.6137,75.1219,-185.23],"timestamp":3260782677},false],[2,{"currentFrameRate":105.561,"devices":[],"gestures":[],"hands":[{"armBasis":[[0.940575,0.134958,-0.311617],[0.0367174,0.871841,0.48841],[0.337595,-0.470828,0.815077]],"armWidth":58.4334,"confidence":0.726327,"direction":[-0.00347995,0.375694,-0.926737],"elbow":[61.1983,175.034,235.185],"grabStrength":0,"id":281,"palmNormal":[-0.0365695,-0.926171,-0.375327],"palmPosition":[-29.6928,306.773,-13.8876],"palmVelocity":[-11.1999,36.0477,-66.8307],"palmWidth":83.4409,"pinchStrength":0.838755,"r":[[0.800948,-0.445217,0.40033],[0.473054,0.880426,0.0326965],[-0.367019,0.16319,0.915787]],"s":0.803734,"sphereCenter":[-32.766,279.493,-45.8564],"sphereRadius":42.2928,"stabilizedPalmPosition":[-32.921,262.386,114.615],"t":[22.5351,75.4215,-185.796],"timeVisible":0.641218,"type":"right","wrist":[-22.39,291.61,33.3725]}],"id":317884,"interactionBox":{"center":[0,200,0],"size":[235.247,235.247,147.751]},"pointables":[{"bases":[[[0.434155,0.888591,0.14804],[-0.786538,0.2938,0.543175],[0.439166,-0.352262,0.826465]],[[0.315481,0.947304,-0.0555631],[-0.876638,0.313362,0.365115],[0.363286,-0.066478,0.929303]],[[0.315481,0.947304,-0.0555631],[-0.945469,0.308792,-0.103611],[-0.0809937,0.0852205,0.993065]],[[0.315481,0.947304,-0.0555631],[-0.839409,0.251282,-0.481924],[-0.442566,0.198678,0.87445]]],"btipPosition":[-53.4656,278.225,-59.3503],"carpPosition":[-48.8665,282.11,33.0069],"dipPosition":[-62.9639,282.489,-40.5829],"direction":[0.0809937,-0.0852205,-0.993065],"extended":false,"handId":281,"id":2810,"length":47.7925,"mcpPosition":[-48.8665,282.11,33.0069],"pipPosition":[-65.4963,285.153,-9.53296],"stabilizedTipPosition":[-71.2256,231.522,53.7582],"timeVisible":0.641218,"tipPosition":[-55.2064,278.168,-55.2601],"tipVelocity":[-3.51849,56.2342,-72.8247],"tool":false,"touchDistance":-0.425209,"touchZone":"hovering","type":0,"width":18.5699},{"bases":[[[0.984554,0.030958,-0.172322],[0.0107662,0.971675,0.236076],[0.17475,-0.234284,0.956333]],[[0.997795,0.00502292,-0.0661783],[0.0148581,0.954917,0.296499],[0.0646841,-0.296829,0.952737]],[[0.997795,0.00502292,-0.0661783],[0.00623899,0.985618,0.168876],[0.0660748,-0.168916,0.983413]],[[0.997795,0.00502292,-0.0661783],[-0.000901108,0.998065,0.0621666],[0.0663626,-0.0619699,0.995869]]],"btipPosition":[-57.6961,334.379,-108.939],"carpPosition":[-40.8537,302.163,30.5177],"dipPosition":[-56.6563,333.408,-93.3354],"direction":[-0.0660748,0.168916,-0.983413],"extended":true,"handId":281,"id":2811,"length":53.9285,"mcpPosition":[-52.6433,317.969,-34.0021],"pipPosition":[-55.1917,329.664,-71.538],"stabilizedTipPosition":[-61.7162,299.128,-41.6403],"timeVisible":0.641218,"tipPosition":[-56.9621,332.919,-105.564],"tipVelocity":[-3.1947,54.1651,-66.4789],"tool":false,"touchDistance":-0.415992,"touchZone":"hovering","type":1,"width":17.738},{"bases":[[[0.982754,-0.167083,-0.079237],[0.180896,0.957541,0.224483],[0.0383655,-0.234945,0.971251]],[[0.982963,-0.168469,-0.0734939],[0.0638654,0.687997,-0.722898],[0.172349,0.705889,0.687035]],[[0.982963,-0.168469,-0.0734939],[-0.152221,-0.522057,-0.839217],[0.103014,0.836107,-0.538808]],[[0.982963,-0.168469,-0.0734939],[-0.18268,-0.939579,-0.289516],[-0.0202789,0.298009,-0.954348]]],"btipPosition":[-42.3431,261.044,-33.5667],"carpPosition":[-29.9336,304.152,28.4447],"dipPosition":[-42.6926,266.18,-50.0129],"direction":[-0.103014,-0.836107,0.538808],"extended":false,"handId":281,"id":2812,"length":61.4471,"mcpPosition":[-32.3882,319.184,-33.6955],"pipPosition":[-40.0063,287.983,-64.0634],"stabilizedTipPosition":[-36.7278,204.695,136.991],"timeVisible":0.641218,"tipPosition":[-42.3976,262.427,-37.7185],"tipVelocity":[13.79,30.6336,-59.4536],"tool":false,"touchDistance":0.333333,"touchZone":"none","type":2,"width":17.4211},{"bases":[[[0.961236,-0.271541,0.0478587],[0.251778,0.935179,0.249095],[-0.112396,-0.227389,0.967296]],[[0.956209,-0.280076,0.0849827],[0.245894,0.611251,-0.752268],[0.158746,0.740223,0.653353]],[[0.956209,-0.280076,0.0849827],[-0.0949719,-0.571554,-0.81505],[0.276848,0.771287,-0.573124]],[[0.956209,-0.280076,0.0849827],[-0.247884,-0.929338,-0.273651],[0.155621,0.240601,-0.958067]]],"btipPosition":[-28.5431,262.264,-24.3481],"carpPosition":[-18.7959,303.247,27.0111],"dipPosition":[-25.8768,266.386,-40.7635],"direction":[-0.276848,-0.771287,0.573124],"extended":false,"handId":281,"id":2813,"length":59.0831,"mcpPosition":[-12.3396,316.309,-28.5533],"pipPosition":[-18.8438,285.98,-55.3229],"stabilizedTipPosition":[-25.0361,209.782,142.577],"timeVisible":0.641218,"tipPosition":[-27.7694,263.379,-28.7307],"tipVelocity":[7.70314,37.5176,-55.8281],"tool":false,"touchDistance":0.333333,"touchZone":"none","type":3,"width":16.5772},{"bases":[[[0.886864,-0.446794,0.117671],[0.387294,0.857772,0.337979],[-0.251942,-0.254169,0.933768]],[[0.83131,-0.483419,0.274281],[0.520796,0.505111,-0.688211],[0.194151,0.714961,0.671667]],[[0.83131,-0.483419,0.274281],[-0.0648272,-0.574445,-0.815972],[0.552015,0.660545,-0.50888]],[[0.83131,-0.483419,0.274281],[-0.391422,-0.859544,-0.328592],[0.394604,0.165803,-0.903768]]],"btipPosition":[-17.1858,271.601,-21.7769],"carpPosition":[-8.14878,295.737,26.2419],"dipPosition":[-10.9484,274.222,-36.0625],"direction":[-0.552015,-0.660545,0.50888],"extended":false,"handId":281,"id":2814,"length":46.32,"mcpPosition":[5.24809,309.253,-23.4106],"pipPosition":[-1.04737,286.07,-45.1898],"stabilizedTipPosition":[-17.7847,225.958,128.343],"timeVisible":0.641218,"tipPosition":[-15.5729,272.358,-25.5425],"tipVelocity":[4.01827,41.4304,-54.0289],"tool":false,"touchDistance":0.333333,"touchZone":"none","type":4,"width":14.7252}],"r":[[0.800948,-0.445217,0.40033],[0.473054,0.880426,0.0326965],[-0.367019,0.16319,0.915787]],"s":0.803734,"t":[22.5351,75.4215,-185.796],"timestamp":3260791901},false],[3,{"currentFrameRate":105.54,"devices":[],"gestures":[],"hands":[{"armBasis":[[0.941461,0.140091,-0.306637],[0.0315822,0.868921,0.493943],[0.33564,-0.474712,0.81363]],"armWidth":58.4334,"confidence":0.722473,"direction":[-0.0012907,0.374582,-0.927193],"elbow":[60.4786,174.47,233.749],"grabStrength":0,"id":281,"palmNormal":[-0.0316907,-0.926743,-0.374356],"palmPosition":[-29.8017,307.088,-15.0114],"palmVelocity":[-11.2704,35.2107,-81.5884],"palmWidth":83.4409,"pinchStrength":0.831081,"r":[[0.801338,-0.442827,0.402195],[0.469839,0.882056,0.0350532],[-0.370281,0.160878,0.914883]],"s":0.806356,"sphereCenter":[-32.8733,279.86,-46.9239],"sphereRadius":42.2956,"stabilizedPalmPosition":[-32.915,262.472,114.365],"t":[22.4414,75.7289,-186.641],"timeVisible":0.650732,"type":"right","wrist":[-22.6255,292.009,32.2947]}],"id":317885,"interactionBox":{"center":[0,200,0],"size":[235.247,235.247,147.751]},"pointables":[{"bases":[[[0.430288,0.890368,0.148651],[-0.789713,0.291525,0.539784],[0.437271,-0.349654,0.828575]],[[0.313436,0.948102,-0.0534865],[-0.877801,0.31076,0.364546],[0.362248,-0.0673114,0.929648]],[[0.313436,0.948102,-0.0534865],[-0.945823,0.306666,-0.106651],[-0.0847138,0.0840171,0.992857]],[[0.313436,0.948102,-0.0534865],[-0.839023,0.250116,-0.483201],[-0.444746,0.196329,0.873874]]],"btipPosition":[-53.4535,278.651,-60.5158],"carpPosition":[-49.065,282.41,31.8383],"dipPosition":[-62.9986,282.865,-41.7608],"direction":[0.0847138,-0.0840171,-0.992857],"extended":false,"handId":281,"id":2810,"length":47.7925,"mcpPosition":[-49.065,282.41,31.8383],"pipPosition":[-65.6473,285.491,-10.7174],"stabilizedTipPosition":[-71.0212,232.153,52.3153],"timeVisible":0.650732,"tipPosition":[-55.1782,278.584,-56.4137],"tipVelocity":[-2.46457,52.5876,-87.2077],"tool":false,"touchDistance":-0.428548,"touchZone":"hovering","type":0,"width":18.5699},{"bases":[[[0.985091,0.0344031,-0.168559],[0.0062572,0.971987,0.234952],[0.17192,-0.232504,0.95728]],[[0.997969,0.00882557,-0.0630886],[0.0103673,0.954652,0.297544],[0.0628537,-0.297594,0.952621]],[[0.997969,0.00882557,-0.0630886],[0.00197216,0.985601,0.169074],[0.0636724,-0.168855,0.983582]],[[0.997969,0.00882557,-0.0630886],[-0.00493453,0.998091,0.0615675],[0.0635116,-0.0611312,0.996107]]],"btipPosition":[-57.5983,334.601,-110.167],"carpPosition":[-41.1169,302.49,29.356],"dipPosition":[-56.6032,333.643,-94.5601],"direction":[-0.0636724,0.168855,-0.983582],"extended":true,"handId":281,"id":2811,"length":53.9285,"mcpPosition":[-52.7156,318.176,-35.2276],"pipPosition":[-55.1919,329.9,-72.759],"stabilizedTipPosition":[-61.5996,300.074,-43.3827],"timeVisible":0.650732,"tipPosition":[-56.8747,333.165,-106.79],"tipVelocity":[0.369755,45.3839,-84.4783],"tool":false,"touchDistance":-0.42114,"touchZone":"hovering","type":1,"width":17.738},{"bases":[[[0.983664,-0.163533,-0.0752445],[0.176481,0.958469,0.224033],[0.0354828,-0.233652,0.971673]],[[0.983861,-0.164947,-0.0693492],[0.0639088,0.685945,-0.724842],[0.16713,0.708712,0.685416]],[[0.983861,-0.164947,-0.0693492],[-0.147108,-0.525018,-0.838281],[0.101862,0.834954,-0.54081]],[[0.983861,-0.164947,-0.0693492],[-0.178056,-0.940832,-0.288323],[-0.0176879,0.296018,-0.955019]]],"btipPosition":[-42.2053,261.265,-34.5802],"carpPosition":[-30.1963,304.517,27.3228],"dipPosition":[-42.5102,266.367,-51.0379],"direction":[-0.101862,-0.834954,0.54081],"extended":false,"handId":281,"id":2812,"length":61.4471,"mcpPosition":[-32.4665,319.466,-34.8444],"pipPosition":[-39.8539,288.14,-65.1407],"stabilizedTipPosition":[-36.7345,204.764,136.781],"timeVisible":0.650732,"tipPosition":[-42.2506,262.642,-38.7561],"tipVelocity":[14.3001,28.2756,-73.0804],"tool":false,"touchDistance":0.333333,"touchZone":"none","type":2,"width":17.4211},{"bases":[[[0.962043,-0.267919,0.0518923],[0.24735,0.9364,0.248945],[-0.115289,-0.22666,0.967126]],[[0.95682,-0.276548,0.0895396],[0.245078,0.601842,-0.76008],[0.15631,0.749204,0.643631]],[[0.95682,-0.276548,0.0895396],[-0.0925132,-0.581728,-0.808105],[0.275568,0.764927,-0.582193]],[[0.95682,-0.276548,0.0895396],[-0.244411,-0.932136,-0.267183],[0.157352,0.233761,-0.959477]]],"btipPosition":[-28.5283,262.537,-24.7633],"carpPosition":[-19.0499,303.651,25.9333],"dipPosition":[-25.8322,266.542,-41.2028],"direction":[-0.275568,-0.764927,0.582193],"extended":false,"handId":281,"id":2813,"length":59.0831,"mcpPosition":[-12.4273,316.671,-29.6214],"pipPosition":[-18.8318,285.974,-55.9926],"stabilizedTipPosition":[-25.0457,209.962,142.003],"timeVisible":0.650732,"tipPosition":[-27.7322,263.638,-29.3071],"tipVelocity":[6.14275,34.1622,-52.489],"tool":false,"touchDistance":0.333333,"touchZone":"none","type":3,"width":16.5772},{"bases":[[[0.888051,-0.443365,0.121627],[0.382808,0.859601,0.338445],[-0.254605,-0.253996,0.933093]],[[0.833114,-0.479533,0.275627],[0.51889,0.505079,-0.689673],[0.191508,0.717596,0.669612]],[[0.833114,-0.479533,0.275627],[-0.0625619,-0.576831,-0.814465],[0.549552,0.661298,-0.510566]],[[0.833114,-0.479533,0.275627],[-0.387622,-0.861678,-0.327506],[0.394551,0.166011,-0.903753]]],"btipPosition":[-17.1368,271.933,-22.6721],"carpPosition":[-8.37214,296.18,25.2142],"dipPosition":[-10.9003,274.557,-36.9575],"direction":[-0.549552,-0.661298,0.510566],"extended":false,"handId":281,"id":2814,"length":46.32,"mcpPosition":[5.16631,309.686,-24.4025],"pipPosition":[-1.04344,286.418,-46.115],"stabilizedTipPosition":[-17.7759,226.154,127.696],"timeVisible":0.650732,"tipPosition":[-15.5254,272.69,-26.4609],"tipVelocity":[4.33677,39.5511,-65.5564],"tool":false,"touchDistance":0.333333,"touchZone":"none","type":4,"width":14.7252}],"r":[[0.801338,-0.442827,0.402195],[0.469839,0.882056,0.0350532],[-0.370281,0.160878,0.914883]],"s":0.806356,"t":[22.4414,75.7289,-186.641],"timestamp":3260801415},false],[4,{"currentFrameRate":105.624,"devices":[],"gestures":[],"hands":[{"armBasis":[[0.941711,0.146561,-0.302821],[0.0227415,0.870327,0.491949],[0.335654,-0.47016,0.816263]],"armWidth":58.4334,"confidence":0.725444,"direction":[-0.000315795,0.375841,-0.926684],"elbow":[60.2547,175.916,233.546],"grabStrength":0,"id":281,"palmNormal":[-0.0228915,-0.926444,-0.375736],"palmPosition":[-29.9477,307.416,-15.876],"palmVelocity":[-12.5157,35.2136,-84.7709],"palmWidth":83.4409,"pinchStrength":0.81266,"r":[[0.801987,-0.439776,0.404245],[0.46585,0.884066,0.037566],[-0.3739,0.15819,0.913879]],"s":0.80974,"sphereCenter":[-32.8544,280.309,-47.7787],"sphereRadius":42.3039,"stabilizedPalmPosition":[-32.9102,262.545,114.153],"t":[22.3215,76.0467,-187.496],"timeVisible":0.660044,"type":"right","wrist":[-22.8529,292.328,31.4395]}],"id":317886,"interactionBox":{"center":[0,200,0],"size":[235.247,235.247,147.751]},"pointables":[{"bases":[[[0.422705,0.893487,0.151663],[-0.794222,0.284618,0.536846],[0.436499,-0.347381,0.829937]],[[0.307789,0.950222,-0.0484264],[-0.880134,0.303682,0.364887],[0.361429,-0.0696862,0.929792]],[[0.307789,0.950222,-0.0484264],[-0.947346,0.301337,-0.108308],[-0.0883242,0.0792126,0.992937]],[[0.307789,0.950222,-0.0484264],[-0.839986,0.247472,-0.482887],[-0.446866,0.189305,0.874342]]],"btipPosition":[-53.4072,279.175,-61.5144],"carpPosition":[-49.2146,282.524,30.8588],"dipPosition":[-62.9978,283.237,-42.7494],"direction":[0.0883242,-0.0792126,-0.992937],"extended":false,"handId":281,"id":2810,"length":47.7925,"mcpPosition":[-49.2146,282.524,30.8588],"pipPosition":[-65.7594,285.714,-11.7034],"stabilizedTipPosition":[-70.852,232.68,51.1131],"timeVisible":0.660044,"tipPosition":[-55.0975,279.067,-57.3929],"tipVelocity":[-0.682774,52.5655,-92.7993],"tool":false,"touchDistance":-0.428971,"touchZone":"hovering","type":0,"width":18.5699},{"bases":[[[0.985492,0.0423094,-0.164362],[-0.00230807,0.97168,0.236287],[0.169704,-0.23248,0.957681]],[[0.998088,0.0168314,-0.0594661],[0.0018399,0.953681,0.300813],[0.0617749,-0.300347,0.951827]],[[0.998088,0.0168314,-0.0594661],[-0.00639372,0.985158,0.171528],[0.0614706,-0.17082,0.983383]],[[0.998088,0.0168314,-0.0594661],[-0.0130618,0.997914,0.063221],[0.0604062,-0.0623234,0.996226]]],"btipPosition":[-57.605,334.949,-111.079],"carpPosition":[-41.413,302.668,28.4371],"dipPosition":[-56.6585,333.972,-95.4704],"direction":[-0.0614706,0.17082,-0.983383],"extended":true,"handId":281,"id":2811,"length":53.9285,"mcpPosition":[-52.8622,318.353,-36.1736],"pipPosition":[-55.296,330.186,-73.6737],"stabilizedTipPosition":[-61.5128,300.788,-44.704],"timeVisible":0.660044,"tipPosition":[-56.8904,333.534,-107.702],"tipVelocity":[-0.27561,42.9823,-88.2734],"tool":false,"touchDistance":-0.421035,"touchZone":"hovering","type":1,"width":17.738},{"bases":[[[0.985217,-0.15576,-0.0713214],[0.168061,0.959505,0.226067],[0.0332209,-0.234711,0.971497]],[[0.98541,-0.15727,-0.0650568],[0.0603356,0.68023,-0.730511],[0.159141,0.715928,0.679795]],[[0.98541,-0.15727,-0.0650568],[-0.140097,-0.532503,-0.834753],[0.096639,0.831689,-0.546768]],[[0.98541,-0.15727,-0.0650568],[-0.169398,-0.943255,-0.285613],[-0.0164466,0.292467,-0.956134]]],"btipPosition":[-41.8965,261.427,-35.0161],"carpPosition":[-30.5001,304.783,26.4527],"dipPosition":[-42.1799,266.467,-51.4931],"direction":[-0.0966389,-0.831689,0.546768],"extended":false,"handId":281,"id":2812,"length":61.4471,"mcpPosition":[-32.6255,319.8,-35.7033],"pipPosition":[-39.6598,288.155,-65.7512],"stabilizedTipPosition":[-36.74,204.825,136.594],"timeVisible":0.660044,"tipPosition":[-41.9432,262.819,-39.3448],"tipVelocity":[19.7825,24.7619,-65.7908],"tool":false,"touchDistance":0.333333,"touchZone":"none","type":2,"width":17.4211},{"bases":[[[0.963876,-0.260488,0.0555823],[0.238994,0.937953,0.251247],[-0.11758,-0.228888,0.966326]],[[0.958479,-0.269325,0.0937081],[0.242054,0.594678,-0.76666],[0.150755,0.75751,0.635178]],[[0.958479,-0.269325,0.0937081],[-0.0877581,-0.591254,-0.801696],[0.271322,0.760186,-0.590341]],[[0.958479,-0.269325,0.0937081],[-0.237299,-0.935538,-0.261644],[0.158135,0.228543,-0.960605]]],"btipPosition":[-28.3662,262.889,-24.969],"carpPosition":[-19.3415,304.006,25.1089],"dipPosition":[-25.6567,266.805,-41.4279],"direction":[-0.271322,-0.760186,0.590341],"extended":false,"handId":281,"id":2813,"length":59.0831,"mcpPosition":[-12.5873,317.154,-30.3997],"pipPosition":[-18.7642,286.117,-56.4247],"stabilizedTipPosition":[-25.0549,210.145,141.42],"timeVisible":0.660044,"tipPosition":[-27.5553,263.973,-29.6652],"tipVelocity":[9.41873,34.5891,-44.0339],"tool":false,"touchDistance":0.333333,"touchZone":"none","type":3,"width":16.5772},{"bases":[[[0.890962,-0.436601,0.124768],[0.374669,0.862089,0.341213],[-0.256535,-0.257261,0.931669]],[[0.837126,-0.472743,0.275197],[0.513823,0.507013,-0.692043],[0.18763,0.72073,0.66734]],[[0.837126,-0.472743,0.275197],[-0.0597271,-0.579081,-0.81308],[0.543739,0.664214,-0.512999]],[[0.837126,-0.472743,0.275197],[-0.38084,-0.864831,-0.327153],[0.392658,0.169062,-0.904012]]],"btipPosition":[-17.005,272.344,-23.2644],"carpPosition":[-8.60291,296.62,24.4247],"dipPosition":[-10.7984,275.016,-37.5539],"direction":[-0.543739,-0.664214,0.512999],"extended":false,"handId":281,"id":2814,"length":46.32,"mcpPosition":[5.03816,310.299,-25.1162],"pipPosition":[-1.04585,286.929,-46.7551],"stabilizedTipPosition":[-17.7677,226.33,127.115],"timeVisible":0.660044,"tipPosition":[-15.3918,273.117,-27.1104],"tipVelocity":[6.90157,41.1876,-65.0348],"tool":false,"touchDistance":0.333333,"touchZone":"none","type":4,"width":14.7252}],"r":[[0.801987,-0.439776,0.404245],[0.46585,0.884066,0.037566],[-0.3739,0.15819,0.913879]],"s":0.80974,"t":[22.3215,76.0467,-187.496],"timestamp":3260810727},false],[5,{"currentFrameRate":105.577,"devices":[],"gestures":[],"hands":[{"armBasis":[[0.941678,0.152461,-0.299997],[0.0151247,0.871405,0.490332],[0.336176,-0.466272,0.818277]],"armWidth":58.4334,"confidence":0.728132,"direction":[-0.000296415,0.37597,-0.926632],"elbow":[60.2864,177.038,233.677],"grabStrength":0,"id":281,"palmNormal":[-0.0152098,-0.926526,-0.375923],"palmPosition":[-30.0148,307.532,-16.2615],"palmVelocity":[-10.9296,28.5259,-71.9323],"palmWidth":83.4409,"pinchStrength":0.781897,"r":[[0.802877,-0.436204,0.406343],[0.461362,0.886316,0.0398619],[-0.377536,0.155467,0.912851]],"s":0.813784,"sphereCenter":[-32.7681,280.494,-48.1028],"sphereRadius":42.3134,"stabilizedPalmPosition":[-32.9061,262.608,113.969],"t":[22.228,76.2632,-188.116],"timeVisible":0.669603,"type":"right","wrist":[-22.9504,292.487,31.0724]}],"id":317887,"interactionBox":{"center":[0,200,0],"size":[235.247,235.247,147.751]},"pointables":[{"bases":[[[0.415897,0.896448,0.153008],[-0.797783,0.278881,0.534572],[0.436545,-0.344394,0.831156]],[[0.302898,0.951979,-0.0445991],[-0.881606,0.297667,0.366286],[0.361973,-0.0716285,0.929433]],[[0.302898,0.951979,-0.0445991],[-0.948777,0.296806,-0.108297],[-0.0898596,0.0751177,0.993118]],[[0.302898,0.951979,-0.0445991],[-0.840161,0.244644,-0.484024],[-0.44987,0.18408,0.873917]]],"btipPosition":[-53.345,279.475,-61.9395],"carpPosition":[-49.2399,282.496,30.4138],"dipPosition":[-63,283.426,-43.1836],"direction":[0.0898596,-0.0751177,-0.993118],"extended":false,"handId":281,"id":2810,"length":47.7925,"mcpPosition":[-49.2399,282.496,30.4138],"pipPosition":[-65.8096,285.775,-12.132],"stabilizedTipPosition":[-70.7032,233.144,50.0542],"timeVisible":0.669603,"tipPosition":[-55.0146,279.331,-57.8107],"tipVelocity":[0.948678,45.694,-78.9001],"tool":false,"touchDistance":-0.420815,"touchZone":"hovering","type":0,"width":18.5699},{"bases":[[[0.98564,0.0493422,-0.161491],[-0.0099056,0.971604,0.236407],[0.16857,-0.231413,0.95814]],[[0.998068,0.024107,-0.0572569],[-0.00564849,0.953038,0.302798],[0.0618675,-0.30189,0.951333]],[[0.998068,0.024107,-0.0572569],[-0.0138981,0.984925,0.172421],[0.0605503,-0.171292,0.983358]],[[0.998068,0.024107,-0.0572569],[-0.0204812,0.997798,0.0630889],[0.0586517,-0.0617944,0.996364]]],"btipPosition":[-57.646,334.967,-111.512],"carpPosition":[-41.5748,302.695,28.0174],"dipPosition":[-56.7271,333.998,-95.901],"direction":[-0.0605503,0.171292,-0.983358],"extended":true,"handId":281,"id":2811,"length":53.9285,"mcpPosition":[-52.9475,318.308,-36.6242],"pipPosition":[-55.385,330.202,-74.1048],"stabilizedTipPosition":[-61.4478,301.329,-45.7118],"timeVisible":0.669603,"tipPosition":[-56.9327,333.581,-108.133],"tipVelocity":[-1.62781,31.1692,-75.8351],"tool":false,"touchDistance":-0.413748,"touchZone":"hovering","type":1,"width":17.738},{"bases":[[[0.986503,-0.148739,-0.0684779],[0.160574,0.960641,0.22668],[0.0320666,-0.234616,0.971559]],[[0.986713,-0.15047,-0.061291],[0.0552128,0.665323,-0.744511],[0.152805,0.731235,0.664791]],[[0.986713,-0.15047,-0.061291],[-0.135053,-0.549874,-0.824257],[0.0903234,0.821583,-0.562889]],[[0.986713,-0.15047,-0.061291],[-0.161609,-0.94781,-0.274842],[-0.0167368,0.281096,-0.959534]]],"btipPosition":[-41.5442,261.309,-34.2655],"carpPosition":[-30.6715,304.888,26.065],"dipPosition":[-41.8326,266.153,-50.8011],"direction":[-0.0903234,-0.821583,0.562889],"extended":false,"handId":281,"id":2812,"length":61.4471,"mcpPosition":[-32.7231,319.899,-36.0949],"pipPosition":[-39.4773,287.577,-65.4796],"stabilizedTipPosition":[-36.7484,204.925,136.293],"timeVisible":0.669603,"tipPosition":[-41.6041,262.711,-38.9079],"tipVelocity":[24.678,12.6769,-24.5061],"tool":false,"touchDistance":0.333333,"touchZone":"none","type":2,"width":17.4211},{"bases":[[[0.965539,-0.253634,0.0583494],[0.231586,0.939591,0.252064],[-0.118757,-0.229865,0.96595]],[[0.960046,-0.262583,0.0967533],[0.239428,0.591766,-0.769732],[0.144863,0.762144,0.630993]],[[0.960046,-0.262583,0.0967533],[-0.0825977,-0.596231,-0.798553],[0.267374,0.758656,-0.594098]],[[0.960046,-0.262583,0.0967533],[-0.230443,-0.937978,-0.259022],[0.158767,0.226377,-0.961013]]],"btipPosition":[-28.1301,263.016,-25.0288],"carpPosition":[-19.5038,304.191,24.7536],"dipPosition":[-25.4098,266.895,-41.4947],"direction":[-0.267374,-0.758656,0.594098],"extended":false,"handId":281,"id":2813,"length":59.0831,"mcpPosition":[-12.6821,317.395,-30.7335],"pipPosition":[-18.6175,286.168,-56.5869],"stabilizedTipPosition":[-25.0644,210.354,140.76],"timeVisible":0.669603,"tipPosition":[-27.3169,264.085,-29.7596],"tipVelocity":[13.9095,28.1732,-33.1687],"tool":false,"touchDistance":0.333333,"touchZone":"none","type":3,"width":16.5772},{"bases":[[[0.893678,-0.430272,0.1273],[0.367535,0.86468,0.342414],[-0.257404,-0.25922,0.930885]],[[0.841268,-0.466068,0.273949],[0.507737,0.507121,-0.696442],[0.185664,0.724989,0.663265]],[[0.841268,-0.466068,0.273949],[-0.059042,-0.582909,-0.810389],[0.537384,0.66558,-0.517901]],[[0.841268,-0.466068,0.273949],[-0.375322,-0.868224,-0.32453],[0.389102,0.170198,-0.905335]]],"btipPosition":[-16.8329,272.529,-23.3069],"carpPosition":[-8.71101,296.881,24.0996],"dipPosition":[-10.6825,275.219,-37.6173],"direction":[-0.537384,-0.66558,0.517901],"extended":false,"handId":281,"id":2814,"length":46.32,"mcpPosition":[4.97631,310.665,-25.3996],"pipPosition":[-1.04396,287.157,-46.9064],"stabilizedTipPosition":[-17.7586,226.509,126.526],"timeVisible":0.669603,"tipPosition":[-15.2239,273.308,-27.22],"tipVelocity":[9.71801,35.0025,-47.6743],"tool":false,"touchDistance":0.333333,"touchZone":"none","type":4,"width":14.7252}],"r":[[0.802877,-0.436204,0.406343],[0.461362,0.886316,0.0398619],[-0.377536,0.155467,0.912851]],"s":0.813784,"t":[22.228,76.2632,-188.116],"timestamp":3260820286},false],[6,{"currentFrameRate":105.668,"devices":[],"gestures":[],"hands":[{"armBasis":[[0.941951,0.160191,-0.295071],[0.00698693,0.869299,0.494238],[0.335677,-0.467609,0.817718]],"armWidth":58.4334,"confidence":0.730175,"direction":[0.000669473,0.377788,-0.925892],"elbow":[60.0185,176.879,233.103],"grabStrength":0,"id":281,"palmNormal":[-0.00713321,-0.925867,-0.377783],"palmPosition":[-30.0801,307.747,-16.6956],"palmVelocity":[-9.82572,27.0126,-64.8124],"palmWidth":83.4409,"pinchStrength":0.764596,"r":[[0.803866,-0.432361,0.40849],[0.456462,0.888732,0.0423982],[-0.38137,0.152378,0.911778]],"s":0.817896,"sphereCenter":[-32.6606,280.839,-48.541],"sphereRadius":42.3162,"stabilizedPalmPosition":[-32.9027,262.663,113.812],"t":[22.1487,76.4791,-188.643],"timeVisible":0.678898,"type":"right","wrist":[-23.0948,292.659,30.6365]}],"id":317888,"interactionBox":{"center":[0,200,0],"size":[235.247,235.247,147.751]},"pointables":[{"bases":[[[0.408898,0.899079,0.156393],[-0.801844,0.272142,0.531963],[0.435716,-0.342921,0.8322]],[[0.297241,0.953965,-0.0399897],[-0.88391,0.290767,0.366276],[0.361042,-0.0735248,0.929647]],[[0.297241,0.953965,-0.0399897],[-0.95029,0.291509,-0.109417],[-0.092723,0.0705251,0.993191]],[[0.297241,0.953965,-0.0399897],[-0.839378,0.241116,-0.487143],[-0.455075,0.178365,0.872406]]],"btipPosition":[-53.1709,279.816,-62.4783],"carpPosition":[-49.3098,282.483,29.8547],"dipPosition":[-62.9377,283.644,-43.7548],"direction":[0.092723,-0.0705251,-0.993191],"extended":false,"handId":281,"id":2810,"length":47.7925,"mcpPosition":[-49.3098,282.483,29.8547],"pipPosition":[-65.8369,285.849,-12.7009],"stabilizedTipPosition":[-70.5764,233.539,49.157],"timeVisible":0.678898,"tipPosition":[-54.8451,279.659,-58.3563],"tipVelocity":[5.18408,42.2681,-73.2195],"tool":false,"touchDistance":-0.415261,"touchZone":"hovering","type":0,"width":18.5699},{"bases":[[[0.985891,0.0566712,-0.157505],[-0.0177538,0.97104,0.238258],[0.166446,-0.2321,0.958345]],[[0.998058,0.031443,-0.0537783],[-0.0135143,0.951998,0.305805],[0.0608123,-0.304485,0.950574]],[[0.998058,0.031443,-0.0537783],[-0.0216167,0.984437,0.174401],[0.058425,-0.1729,0.983205]],[[0.998058,0.031443,-0.0537783],[-0.0279722,0.99755,0.0641181],[0.0556626,-0.0624893,0.996492]]],"btipPosition":[-57.5717,335.208,-111.984],"carpPosition":[-41.7793,302.741,27.5279],"dipPosition":[-56.6995,334.228,-96.3711],"direction":[-0.0584251,0.1729,-0.983205],"extended":true,"handId":281,"id":2811,"length":53.9285,"mcpPosition":[-53.0087,318.4,-37.1276],"pipPosition":[-55.4045,330.396,-74.5783],"stabilizedTipPosition":[-61.3988,301.734,-46.4654],"timeVisible":0.678898,"tipPosition":[-56.8628,333.849,-108.603],"tipVelocity":[0.762099,29.6101,-68.7538],"tool":false,"touchDistance":-0.407781,"touchZone":"hovering","type":1,"width":17.738},{"bases":[[[0.987799,-0.141582,-0.0648744],[0.152837,0.96131,0.229182],[0.0299164,-0.236301,0.971219]],[[0.988007,-0.143472,-0.0570836],[0.0522308,0.658419,-0.750837],[0.145309,0.73885,0.658016]],[[0.988007,-0.143472,-0.0570836],[-0.128447,-0.558473,-0.819518],[0.0856985,0.817021,-0.570204]],[[0.988007,-0.143472,-0.0570836],[-0.153641,-0.950319,-0.270718],[-0.0154071,0.276242,-0.960965]]],"btipPosition":[-41.1905,261.41,-34.1712],"carpPosition":[-30.8843,305.015,25.6228],"dipPosition":[-41.456,266.17,-50.7314],"direction":[-0.0856985,-0.817021,0.570204],"extended":false,"handId":281,"id":2812,"length":61.4471,"mcpPosition":[-32.7983,320.134,-36.5154],"pipPosition":[-39.2212,287.476,-65.6006],"stabilizedTipPosition":[-36.7623,205.102,135.758],"timeVisible":0.678898,"tipPosition":[-41.2502,262.8,-38.9357],"tipVelocity":[28.6141,11.5767,-14.8985],"tool":false,"touchDistance":0.333333,"touchZone":"none","type":2,"width":17.4211},{"bases":[[[0.967084,-0.246874,0.0616647],[0.223896,0.940715,0.254805],[-0.120914,-0.232611,0.965024]],[[0.961408,-0.256071,0.100606],[0.237462,0.587653,-0.773483],[0.138945,0.767523,0.625781]],[[0.961408,-0.256071,0.100606],[-0.0772768,-0.60229,-0.794528],[0.26405,0.756092,-0.598835]],[[0.961408,-0.256071,0.100606],[-0.223673,-0.940404,-0.256144],[0.160202,0.223756,-0.961389]]],"btipPosition":[-27.9069,263.273,-25.0349],"carpPosition":[-19.7068,304.4,24.3541],"dipPosition":[-25.162,267.107,-41.5072],"direction":[-0.26405,-0.756092,0.598835],"extended":false,"handId":281,"id":2813,"length":59.0831,"mcpPosition":[-12.7612,317.762,-31.0798],"pipPosition":[-18.4542,286.314,-56.7198],"stabilizedTipPosition":[-25.075,210.611,139.95],"timeVisible":0.678898,"tipPosition":[-27.0806,264.329,-29.8478],"tipVelocity":[16.9319,27.6983,-24.0379],"tool":false,"touchDistance":0.333333,"touchZone":"none","type":3,"width":16.5772},{"bases":[[[0.896212,-0.424154,0.129987],[0.360019,0.866594,0.345544],[-0.25921,-0.262883,0.929356]],[[0.844982,-0.459884,0.27297],[0.502473,0.507948,-0.69965],[0.183103,0.728351,0.660286]],[[0.844982,-0.459884,0.27297],[-0.0575394,-0.585635,-0.80853],[0.53169,0.667487,-0.521312]],[[0.844982,-0.459884,0.27297],[-0.3695,-0.871035,-0.323678],[0.38662,0.172639,-0.905936]]],"btipPosition":[-16.6613,272.829,-23.4294],"carpPosition":[-8.85978,297.169,23.7285],"dipPosition":[-10.5501,275.558,-37.7493],"direction":[-0.53169,-0.667487,0.521312],"extended":false,"handId":281,"id":2814,"length":46.32,"mcpPosition":[4.92354,311.147,-25.6895],"pipPosition":[-1.01369,287.53,-47.0996],"stabilizedTipPosition":[-