{"sensorType":"Leap","data":[[0,{"currentFrameRate":100.869,"devices":[],"gestures":[],"hands":[{"armBasis":[[0.904643,0.27583,-0.324866],[-0.0697488,0.847843,0.525641],[0.420423,-0.452858,0.786234]],"armWidth":58.4334,"confidence":0.647734,"direction":[-0.0663403,0.353973,-0.9329],"elbow":[102.417,182.547,229.571],"grabStrength":0,"id":283,"palmNormal":[0.0835151,-0.929709,-0.358701],"palmPosition":[-11.5842,307.809,-12.4932],"palmVelocity":[31.1638,20.4778,-158.868],"palmWidth":83.4409,"pinchStrength":0.757996,"r":[[0.618749,-0.228797,0.751533],[0.229429,0.967572,0.105676],[-0.75134,0.107037,0.651177]],"s":1.11618,"sphereCenter":[-8.04183,278.382,-43.0442],"sphereRadius":42.7445,"stabilizedPalmPosition":[-64.6738,261.802,137.257],"t":[54.497,92.2228,-206.523],"timeVisible":11.0561,"type":"right","wrist":[-1.67942,294.674,34.9003]}],"id":321075,"interactionBox":{"center":[0,200,0],"size":[235.247,235.247,147.751]},"pointables":[{"bases":[[[0.312459,0.941555,0.125869],[-0.811662,0.195782,0.55034],[0.493532,-0.274122,0.825399]],[[0.157066,0.980609,-0.117202],[-0.937741,0.185312,0.293772],[0.309795,0.0637635,0.948663]],[[0.157066,0.980609,-0.117202],[-0.975541,0.135575,-0.173027],[-0.153783,0.141512,0.977919]],[[0.157066,0.980609,-0.117202],[-0.904295,0.0951013,-0.41618],[-0.396964,0.171353,0.901697]]],"btipPosition":[-27.4911,270.676,-58.2398],"carpPosition":[-26.6378,281.697,35.1149],"dipPosition":[-36.0107,274.353,-38.8876],"direction":[0.153783,-0.141512,-0.977919],"extended":false,"handId":283,"id":2830,"length":47.7925,"mcpPosition":[-26.6378,281.697,35.1149],"pipPosition":[-40.819,278.778,-8.31125],"stabilizedTipPosition":[-71.2788,232.268,62.3568],"timeVisible":11.0561,"tipPosition":[-29.632,271.038,-53.4633],"tipVelocity":[43.613,46.1868,-180.931],"tool":false,"touchDistance":-0.545208,"touchZone":"touching","type":0,"width":18.5699},{"bases":[[[0.969042,0.159696,-0.188295],[-0.117057,0.968653,0.21911],[0.217384,-0.190285,0.957359]],[[0.988903,0.13401,-0.0641288],[-0.115877,0.965897,0.231551],[0.0929721,-0.221551,0.970707]],[[0.988903,0.13401,-0.0641288],[-0.126478,0.985872,0.109814],[0.077939,-0.100484,0.991881]],[[0.988903,0.13401,-0.0641288],[-0.133608,0.990978,0.0105427],[0.0649631,-0.00185757,0.997886]]],"btipPosition":[-42.5065,326.416,-108.298],"carpPosition":[-21.4323,302.593,32.155],"dipPosition":[-41.4887,326.387,-92.663],"direction":[-0.077939,0.100484,-0.991881],"extended":true,"handId":283,"id":2831,"length":53.9285,"mcpPosition":[-36.0983,315.431,-32.434],"pipPosition":[-39.7612,324.16,-70.6779],"stabilizedTipPosition":[-70.6037,289.064,-22.5979],"timeVisible":11.0561,"tipPosition":[-41.506,325.214,-104.844],"tipVelocity":[54.0413,96.6738,-160.379],"tool":false,"touchDistance":-0.520876,"touchZone":"touching","type":1,"width":17.738},{"bases":[[[0.995164,-0.0349674,-0.0917966],[0.0532573,0.977294,0.205087],[0.0825409,-0.208984,0.974429]],[[0.995907,-0.0369644,-0.0824736],[-0.0498595,0.5364,-0.84249],[0.0753809,0.843154,0.532361]],[[0.995907,-0.0369644,-0.0824736],[-0.0900761,-0.48053,-0.87234],[-0.00738549,0.876199,-0.481893]],[[0.995907,-0.0369644,-0.0824736],[-0.0746414,-0.850932,-0.519946],[-0.0509599,0.523974,-0.850209]]],"btipPosition":[-18.4502,250.216,-28.7802],"carpPosition":[-10.9081,305.992,29.8765],"dipPosition":[-19.3283,259.245,-43.4318],"direction":[0.00738549,-0.876199,0.481893],"extended":false,"handId":283,"id":2832,"length":61.4471,"mcpPosition":[-16.189,319.363,-32.4671],"pipPosition":[-19.5209,282.094,-55.9982],"stabilizedTipPosition":[-34.9047,229.708,55.7357],"timeVisible":11.0561,"tipPosition":[-18.5948,252.374,-31.6365],"tipVelocity":[13.204,27.647,-181.686],"tool":false,"touchDistance":0.333333,"touchZone":"none","type":2,"width":17.4211},{"bases":[[[0.989598,-0.138912,0.0374018],[0.126825,0.965138,0.228963],[-0.0679037,-0.221838,0.972716]],[[0.988677,-0.14166,0.049495],[0.112023,0.477315,-0.871563],[0.0998412,0.867239,0.487779]],[[0.988677,-0.14166,0.049495],[-0.0337154,-0.531113,-0.84663],[0.146221,0.835375,-0.529875]],[[0.988677,-0.14166,0.049495],[-0.0992727,-0.864811,-0.492186],[0.112527,0.4817,-0.869082]]],"btipPosition":[-5.60261,254.299,-19.2262],"carpPosition":[0.230137,306.564,28.2837],"dipPosition":[-3.67459,262.552,-34.1169],"direction":[-0.146221,-0.835375,0.529875],"extended":false,"handId":283,"id":2833,"length":59.0831,"mcpPosition":[4.13073,319.307,-27.592],"pipPosition":[0.0399666,283.774,-47.5777],"stabilizedTipPosition":[-43.3655,218.564,112.506],"timeVisible":11.0561,"tipPosition":[-5.07575,256.277,-22.4292],"tipVelocity":[10.4837,22.3694,-152.224],"tool":false,"touchDistance":0.333333,"touchZone":"none","type":3,"width":16.5772},{"bases":[[[0.940438,-0.321201,0.111383],[0.272699,0.908367,0.317025],[-0.203005,-0.267768,0.941854]],[[0.942826,-0.317937,0.0999776],[0.247365,0.466503,-0.849226],[0.22336,0.825403,0.518478]],[[0.942826,-0.317937,0.0999776],[-0.0809775,-0.509513,-0.856644],[0.323299,0.79957,-0.506128]],[[0.942826,-0.317937,0.0999776],[-0.222763,-0.824275,-0.520525],[0.247903,0.468494,-0.847973]]],"btipPosition":[5.61522,266.268,-16.9363],"carpPosition":[11.7804,300.541,27.4766],"dipPosition":[9.53376,273.674,-30.3399],"direction":[-0.323299,-0.79957,0.506128],"extended":false,"handId":283,"id":2834,"length":46.32,"mcpPosition":[22.5751,314.779,-22.6059],"pipPosition":[15.3325,288.015,-39.4179],"stabilizedTipPosition":[-42.0067,225.527,128.467],"timeVisible":11.0561,"tipPosition":[6.46254,268.031,-19.5727],"tipVelocity":[17.4212,13.8691,-168.508],"tool":false,"touchDistance":0.333333,"touchZone":"none","type":4,"width":14.7252}],"r":[[0.618749,-0.228797,0.751533],[0.229429,0.967572,0.105676],[-0.75134,0.107037,0.651177]],"s":1.11618,"t":[54.497,92.2228,-206.523],"timestamp":3291469589},false],[1,{"currentFrameRate":101.037,"devices":[],"gestures":[],"hands":[{"armBasis":[[0.90628,0.270589,-0.324713],[-0.068965,0.852596,0.518],[0.417014,-0.447059,0.791351]],"armWidth":58.4334,"confidence":0.593729,"direction":[-0.0616156,0.358513,-0.931489],"elbow":[101.761,183.987,228.61],"grabStrength":0,"id":283,"palmNormal":[0.0808124,-0.928406,-0.362672],"palmPosition":[-11.1769,308.072,-14.6939],"palmVelocity":[34.4564,22.499,-179.41],"palmWidth":83.4409,"pinchStrength":0.75155,"r":[[0.61502,-0.233421,0.75317],[0.233301,0.966281,0.10896],[-0.753207,0.108703,0.648739]],"s":1.11863,"sphereCenter":[-8.49656,279.044,-45.2898],"sphereRadius":42.633,"stabilizedPalmPosition":[-64.6696,261.806,137.245],"t":[54.8384,92.499,-208.4],"timeVisible":11.0657,"type":"right","wrist":[-1.49169,294.679,32.6727]}],"id":321076,"interactionBox":{"center":[0,200,0],"size":[235.247,235.247,147.751]},"pointables":[{"bases":[[[0.31601,0.939632,0.131259],[-0.812722,0.196716,0.54844],[0.489511,-0.27999,0.825824]],[[0.162073,0.980459,-0.111502],[-0.938319,0.188101,0.29013],[0.305434,0.0576018,0.950469]],[[0.162073,0.980459,-0.111502],[-0.974221,0.141016,-0.176089],[-0.156924,0.137166,0.978039]],[[0.162073,0.980459,-0.111502],[-0.902927,0.101769,-0.417571],[-0.398064,0.168355,0.901777]]],"btipPosition":[-27.0374,271.268,-60.7009],"carpPosition":[-26.5055,281.807,32.7419],"dipPosition":[-35.5806,274.881,-41.347],"direction":[0.156924,-0.137166,-0.978039],"extended":false,"handId":283,"id":2830,"length":47.7925,"mcpPosition":[-26.5055,281.807,32.7419],"pipPosition":[-40.4871,279.17,-10.7669],"stabilizedTipPosition":[-71.2564,232.289,62.294],"timeVisible":11.0657,"tipPosition":[-29.1989,271.616,-55.9269],"tipVelocity":[44.5452,50.2718,-202.948],"tool":false,"touchDistance":-0.555932,"touchZone":"touching","type":0,"width":18.5699},{"bases":[[[0.970355,0.156431,-0.18423],[-0.113706,0.96813,0.223146],[0.213266,-0.195583,0.957217]],[[0.989463,0.130611,-0.0624721],[-0.111898,0.963681,0.242484],[0.0918743,-0.232939,0.968142]],[[0.989463,0.130611,-0.0624721],[-0.122332,0.984989,0.121783],[0.0774405,-0.112857,0.990589]],[[0.989463,0.130611,-0.0624721],[-0.129404,0.991325,0.0230081],[0.0649352,-0.0146816,0.997781]]],"btipPosition":[-41.9429,327.798,-110.416],"carpPosition":[-21.2013,302.694,29.8958],"dipPosition":[-40.9255,327.568,-94.7829],"direction":[-0.0774405,0.112857,-0.990589],"extended":true,"handId":283,"id":2831,"length":53.9285,"mcpPosition":[-35.5894,315.889,-34.6836],"pipPosition":[-39.2091,325.067,-72.8265],"stabilizedTipPosition":[-70.2659,289.516,-23.5824],"timeVisible":11.0657,"tipPosition":[-40.9473,326.497,-106.978],"tipVelocity":[55.4365,109.075,-178.007],"tool":false,"touchDistance":-0.528902,"touchZone":"touching","type":1,"width":17.738},{"bases":[[[0.995318,-0.0387811,-0.0885363],[0.0566905,0.97611,0.209749],[0.0782869,-0.213786,0.973739]],[[0.996037,-0.0408748,-0.0789872],[-0.0447728,0.536925,-0.842441],[0.0768448,0.842639,0.532967]],[[0.996037,-0.0408748,-0.0789872],[-0.0889083,-0.480062,-0.872717],[-0.00224662,0.876282,-0.481794]],[[0.996037,-0.0408748,-0.0789872],[-0.0762146,-0.850027,-0.521197],[-0.0458374,0.525151,-0.849774]]],"btipPosition":[-18.2118,250.59,-30.9803],"carpPosition":[-10.6549,306.058,27.6691],"dipPosition":[-19.0017,259.64,-45.6243],"direction":[0.00224662,-0.876282,0.481794],"extended":false,"handId":283,"id":2832,"length":61.4471,"mcpPosition":[-15.6636,319.736,-34.6303],"pipPosition":[-19.0603,282.491,-58.1881],"stabilizedTipPosition":[-34.9041,229.709,55.7326],"timeVisible":11.0657,"tipPosition":[-18.3488,252.749,-33.9766],"tipVelocity":[17.2007,31.0891,-195.556],"tool":false,"touchDistance":0.333333,"touchZone":"none","type":2,"width":17.4211},{"bases":[[[0.988865,-0.143291,0.0401642],[0.130123,0.963533,0.233821],[-0.072204,-0.225991,0.97145]],[[0.987808,-0.146309,0.0531887],[0.116884,0.471353,-0.874165],[0.102827,0.869724,0.482708]],[[0.987808,-0.146309,0.0531887],[-0.0343761,-0.538225,-0.8421],[0.151834,0.830004,-0.536693]],[[0.987808,-0.146309,0.0531887],[-0.102309,-0.867627,-0.486577],[0.117338,0.475203,-0.872017]]],"btipPosition":[-5.44202,254.71,-20.8886],"carpPosition":[0.491091,306.59,26.1172],"dipPosition":[-3.43156,262.852,-35.8296],"direction":[-0.151834,-0.830004,0.536693],"extended":false,"handId":283,"id":2833,"length":59.0831,"mcpPosition":[4.6387,319.572,-29.6858],"pipPosition":[0.425585,283.937,-49.4636],"stabilizedTipPosition":[-43.3653,218.564,112.505],"timeVisible":11.0657,"tipPosition":[-4.89179,256.627,-24.3913],"tipVelocity":[12.8766,27.538,-158.774],"tool":false,"touchDistance":0.333333,"touchZone":"none","type":3,"width":16.5772},{"bases":[[[0.938678,-0.325705,0.113139],[0.27545,0.90574,0.322122],[-0.207391,-0.271205,0.939913]],[[0.941161,-0.322339,0.101552],[0.251989,0.469088,-0.846439],[0.225203,0.822225,0.522713]],[[0.941161,-0.322339,0.101552],[-0.0805101,-0.505683,-0.858954],[0.328228,0.800239,-0.501881]],[[0.941161,-0.322339,0.101552],[-0.224655,-0.821204,-0.524552],[0.252478,0.470874,-0.8453]]],"btipPosition":[5.86601,266.486,-19.2432],"carpPosition":[12.0184,300.522,25.3221],"dipPosition":[9.85687,273.929,-32.6046],"direction":[-0.328228,-0.800239,0.501881],"extended":false,"handId":283,"id":2834,"length":46.32,"mcpPosition":[23.0463,314.943,-24.6571],"pipPosition":[15.744,288.282,-41.6064],"stabilizedTipPosition":[-42.0061,225.527,128.465],"timeVisible":11.0657,"tipPosition":[6.72871,268.252,-21.8891],"tipVelocity":[20.4626,16.6796,-189.179],"tool":false,"touchDistance":0.333333,"touchZone":"none","type":4,"width":14.7252}],"r":[[0.61502,-0.233421,0.75317],[0.233301,0.966281,0.10896],[-0.753207,0.108703,0.648739]],"s":1.11863,"t":[54.8384,92.499,-208.4],"timestamp":3291479162},false],[2,{"currentFrameRate":101.377,"devices":[],"gestures":[],"hands":[{"armBasis":[[0.907081,0.269684,-0.323224],[-0.0689458,0.852645,0.517923],[0.415271,-0.447513,0.792011]],"armWidth":58.4334,"confidence":0.566844,"direction":[-0.0572654,0.358847,-0.931638],"elbow":[101.316,183.993,227.373],"grabStrength":0,"id":283,"palmNormal":[0.0800309,-0.928516,-0.362564],"palmPosition":[-10.9794,308.222,-16.1278],"palmVelocity":[30.8141,20.7694,-172.774],"palmWidth":83.4409,"pinchStrength":0.745191,"r":[[0.611338,-0.237426,0.754914],[0.236749,0.965115,0.111814],[-0.755127,0.11037,0.646222]],"s":1.12166,"sphereCenter":[-9.16881,279.491,-46.6401],"sphereRadius":42.5176,"stabilizedPalmPosition":[-64.6661,261.809,137.236],"t":[55.1078,92.7122,-210.056],"timeVisible":11.0749,"type":"right","wrist":[-1.50425,294.797,31.2721]}],"id":321077,"interactionBox":{"center":[0,200,0],"size":[235.247,235.247,147.751]},"pointables":[{"bases":[[[0.317688,0.93887,0.132655],[-0.81433,0.198485,0.545409],[0.485738,-0.281294,0.827606]],[[0.165656,0.980103,-0.109345],[-0.939812,0.190493,0.283666],[0.298852,0.0557724,0.952668]],[[0.165656,0.980103,-0.109345],[-0.973004,0.144368,-0.180057],[-0.160688,0.13622,0.97756]],[[0.165656,0.980103,-0.109345],[-0.901754,0.105652,-0.419139],[-0.399247,0.168035,0.901313]]],"btipPosition":[-26.6353,271.564,-62.2744],"carpPosition":[-26.5479,281.983,31.2441],"dipPosition":[-35.2039,275.171,-42.9305],"direction":[0.160688,-0.13622,-0.97756],"extended":false,"handId":283,"id":2830,"length":47.7925,"mcpPosition":[-26.5479,281.983,31.2441],"pipPosition":[-40.2282,279.43,-12.3654],"stabilizedTipPosition":[-71.2359,232.309,62.2363],"timeVisible":11.0749,"tipPosition":[-28.8393,271.906,-57.4956],"tipVelocity":[44.118,45.1561,-194.037],"tool":false,"touchDistance":-0.55231,"touchZone":"touching","type":0,"width":18.5699},{"bases":[[[0.971404,0.15422,-0.18053],[-0.112305,0.968345,0.222924],[0.209194,-0.196275,0.957974]],[[0.989778,0.12886,-0.0611126],[-0.10982,0.962034,0.249861],[0.0909895,-0.240596,0.966351]],[[0.989778,0.12886,-0.0611126],[-0.120114,0.98422,0.129937],[0.0768919,-0.121268,0.989637]],[[0.989778,0.12886,-0.0611126],[-0.127127,0.991387,0.0314657],[0.0646409,-0.023375,0.997635]]],"btipPosition":[-41.5999,328.633,-111.847],"carpPosition":[-21.1846,302.858,28.4225],"dipPosition":[-40.5871,328.267,-96.2156],"direction":[-0.0768919,0.121268,-0.989637],"extended":true,"handId":283,"id":2831,"length":53.9285,"mcpPosition":[-35.298,316.1,-36.2079],"pipPosition":[-38.8828,325.579,-74.2802],"stabilizedTipPosition":[-69.9126,289.993,-24.6176],"timeVisible":11.0749,"tipPosition":[-40.6081,327.246,-108.42],"tipVelocity":[50.3116,102.979,-171.671],"tool":false,"touchDistance":-0.525808,"touchZone":"touching","type":1,"width":17.738},{"bases":[[[0.995553,-0.0410693,-0.0847844],[0.0581589,0.975933,0.210172],[0.0741123,-0.214169,0.973981]],[[0.996244,-0.0432097,-0.0750367],[-0.0404277,0.53422,-0.844378],[0.0765715,0.84424,0.530467]],[[0.996244,-0.0432097,-0.0750367],[-0.0865771,-0.482966,-0.871348],[0.00141049,0.874572,-0.484893]],[[0.996244,-0.0432097,-0.0750367],[-0.0760282,-0.851256,-0.519215],[-0.0414403,0.522969,-0.851343]]],"btipPosition":[-18.071,250.766,-32.2101],"carpPosition":[-10.6221,306.199,26.2365],"dipPosition":[-18.7851,259.778,-46.8812],"direction":[-0.00141049,-0.874572,0.484893],"extended":false,"handId":283,"id":2832,"length":61.4471,"mcpPosition":[-15.3638,319.901,-36.0784],"pipPosition":[-18.7483,282.585,-59.5258],"stabilizedTipPosition":[-34.9037,229.71,55.7301],"timeVisible":11.0749,"tipPosition":[-18.2005,252.914,-35.3267],"tipVelocity":[17.1963,27.4796,-178.384],"tool":false,"touchDistance":0.333333,"touchZone":"none","type":2,"width":17.4211},{"bases":[[[0.988372,-0.145591,0.0438682],[0.131471,0.96318,0.234519],[-0.0763968,-0.226025,0.971121]],[[0.987189,-0.148781,0.0576349],[0.121303,0.465189,-0.876861],[0.103649,0.872618,0.477278]],[[0.987189,-0.148781,0.0576349],[-0.033385,-0.54584,-0.837224],[0.156023,0.824575,-0.543814]],[[0.987189,-0.148781,0.0576349],[-0.103334,-0.87141,-0.479549],[0.121571,0.46745,-0.87562]]],"btipPosition":[-5.37399,254.979,-21.7951],"carpPosition":[0.530871,306.705,24.7268],"dipPosition":[-3.291,262.988,-36.7978],"direction":[-0.156023,-0.824575,0.543814],"extended":false,"handId":283,"id":2833,"length":59.0831,"mcpPosition":[4.91933,319.689,-31.0573],"pipPosition":[0.672544,283.935,-50.6127],"stabilizedTipPosition":[-43.3651,218.564,112.504],"timeVisible":11.0749,"tipPosition":[-4.80581,256.832,-25.4841],"tipVelocity":[11.8469,27.0744,-142.311],"tool":false,"touchDistance":0.333333,"touchZone":"none","type":3,"width":16.5772},{"bases":[[[0.937487,-0.327903,0.116614],[0.276329,0.905032,0.323356],[-0.211568,-0.270918,0.939064]],[[0.940104,-0.324426,0.104647],[0.255202,0.466296,-0.847018],[0.225999,0.822992,0.521161]],[[0.940104,-0.324426,0.104647],[-0.0800782,-0.508573,-0.857287],[0.331347,0.797559,-0.504091]],[[0.940104,-0.324426,0.104647],[-0.22564,-0.822337,-0.522349],[0.255519,0.46745,-0.846286]]],"btipPosition":[5.98694,266.636,-20.4407],"carpPosition":[12.047,300.61,23.9739],"dipPosition":[10.0259,274.025,-33.8177],"direction":[-0.331347,-0.797559,0.504091],"extended":false,"handId":283,"id":2834,"length":46.32,"mcpPosition":[23.2971,315.016,-25.9602],"pipPosition":[15.9689,288.33,-42.8592],"stabilizedTipPosition":[-42.0057,225.528,128.464],"timeVisible":11.0749,"tipPosition":[6.86406,268.378,-23.181],"tipVelocity":[18.746,16.2025,-172.73],"tool":false,"touchDistance":0.333333,"touchZone":"none","type":4,"width":14.7252}],"r":[[0.611338,-0.237426,0.754914],[0.236749,0.965115,0.111814],[-0.755127,0.11037,0.646222]],"s":1.12166,"t":[55.1078,92.7122,-210.056],"timestamp":3291488371},false],[3,{"currentFrameRate":101.551,"devices":[],"gestures":[],"hands":[{"armBasis":[[0.908172,0.268645,-0.321019],[-0.0693499,0.852856,0.51752],[0.412812,-0.447734,0.793171]],"armWidth":58.4334,"confidence":0.578947,"direction":[-0.0562514,0.359359,-0.931502],"elbow":[100.864,183.991,226.844],"grabStrength":0,"id":283,"palmNormal":[0.0801984,-0.928339,-0.362982],"palmPosition":[-10.7723,308.302,-16.9468],"palmVelocity":[28.2109,17.2207,-147.831],"palmWidth":83.4409,"pinchStrength":0.732677,"r":[[0.608214,-0.24073,0.75639],[0.239516,0.964146,0.114256],[-0.756775,0.111675,0.644065]],"s":1.12535,"sphereCenter":[-9.87898,279.869,-47.3776],"sphereRadius":42.424,"stabilizedPalmPosition":[-64.6631,261.811,137.227],"t":[55.346,92.859,-211.293],"timeVisible":11.0844,"type":"right","wrist":[-1.34776,294.85,30.4555]}],"id":321078,"interactionBox":{"center":[0,200,0],"size":[235.247,235.247,147.751]},"pointables":[{"bases":[[[0.317754,0.938731,0.133478],[-0.814836,0.198366,0.544695],[0.484845,-0.281842,0.827944]],[[0.167093,0.98012,-0.106975],[-0.940787,0.190959,0.280098],[0.294958,0.0538386,0.953992]],[[0.167093,0.98012,-0.106975],[-0.97262,0.146087,-0.180746],[-0.161525,0.134248,0.977695]],[[0.167093,0.98012,-0.106975],[-0.902349,0.108302,-0.417176],[-0.397297,0.166237,0.902508]]],"btipPosition":[-26.319,271.811,-63.2136],"carpPosition":[-26.3941,282.041,30.3954],"dipPosition":[-34.8457,275.379,-43.8441],"direction":[0.161525,-0.134248,-0.977695],"extended":false,"handId":283,"id":2830,"length":47.7925,"mcpPosition":[-26.3941,282.041,30.3954],"pipPosition":[-39.8961,279.576,-13.2747],"stabilizedTipPosition":[-71.2153,232.328,62.1782],"timeVisible":11.0844,"tipPosition":[-28.5301,272.127,-58.4187],"tipVelocity":[41.2839,39.3641,-166.434],"tool":false,"touchDistance":-0.539411,"touchZone":"touching","type":0,"width":18.5699},{"bases":[[[0.971618,0.15411,-0.179469],[-0.112324,0.968249,0.223331],[0.208188,-0.196833,0.958078]],[[0.989614,0.129295,-0.0628313],[-0.109148,0.960254,0.256904],[0.0935503,-0.247378,0.964392]],[[0.989614,0.129295,-0.0628313],[-0.119742,0.983255,0.137371],[0.0795406,-0.128421,0.988525]],[[0.989614,0.129295,-0.0628313],[-0.127022,0.991136,0.038926],[0.0673073,-0.0305408,0.997265]]],"btipPosition":[-41.5723,329.268,-112.578],"carpPosition":[-21.0235,302.917,27.5904],"dipPosition":[-40.5178,328.789,-96.9529],"direction":[-0.0795406,0.128421,-0.988525],"extended":true,"handId":283,"id":2831,"length":53.9285,"mcpPosition":[-35.0691,316.196,-37.0471],"pipPosition":[-38.7547,325.943,-75.0422],"stabilizedTipPosition":[-69.5258,290.523,-25.7592],"timeVisible":11.0844,"tipPosition":[-40.562,327.834,-109.165],"tipVelocity":[36.9603,91.75,-144.443],"tool":false,"touchDistance":-0.512554,"touchZone":"touching","type":1,"width":17.738},{"bases":[[[0.995629,-0.0412359,-0.0838044],[0.0581547,0.975808,0.210754],[0.0730864,-0.214707,0.97394]],[[0.996324,-0.0434305,-0.0738355],[-0.0397987,0.528579,-0.847951],[0.0758548,0.847773,0.524907]],[[0.996324,-0.0434305,-0.0738355],[-0.0856476,-0.489576,-0.867744],[0.00153844,0.870878,-0.491497]],[[0.996324,-0.0434305,-0.0738355],[-0.0753464,-0.854377,-0.514162],[-0.040753,0.517836,-0.854509]]],"btipPosition":[-17.8248,250.886,-32.5547],"carpPosition":[-10.4581,306.256,25.4168],"dipPosition":[-18.5271,259.81,-47.2803],"direction":[-0.00153844,-0.870878,0.491497],"extended":false,"handId":283,"id":2832,"length":61.4471,"mcpPosition":[-15.1341,319.993,-36.8955],"pipPosition":[-18.487,282.52,-60.0971],"stabilizedTipPosition":[-34.9032,229.71,55.7278],"timeVisible":11.0844,"tipPosition":[-17.9677,253.01,-35.8891],"tipVelocity":[19.7753,22.6031,-137.859],"tool":false,"touchDistance":0.333333,"touchZone":"none","type":2,"width":17.4211},{"bases":[[[0.988296,-0.145825,0.0447848],[0.131439,0.963026,0.235168],[-0.0774223,-0.226529,0.970922]],[[0.98704,-0.149167,0.0591716],[0.121868,0.456875,-0.881143],[0.104403,0.876935,0.469132]],[[0.98704,-0.149167,0.0591716],[-0.03416,-0.555584,-0.830758],[0.156796,0.81797,-0.55348]],[[0.98704,-0.149167,0.0591716],[-0.10418,-0.876098,-0.470744],[0.122059,0.458478,-0.880284]]],"btipPosition":[-5.20836,255.208,-21.9327],"carpPosition":[0.696488,306.761,23.9186],"dipPosition":[-3.11702,263.064,-37.0153],"direction":[-0.156796,-0.81797,0.55348],"extended":false,"handId":283,"id":2833,"length":59.0831,"mcpPosition":[5.14385,319.774,-31.8541],"pipPosition":[0.86618,283.843,-51.0757],"stabilizedTipPosition":[-43.3648,218.564,112.504],"timeVisible":11.0844,"tipPosition":[-4.63527,256.996,-25.8522],"tipVelocity":[13.506,25.1566,-106.081],"tool":false,"touchDistance":0.333333,"touchZone":"none","type":3,"width":16.5772},{"bases":[[[0.937299,-0.328165,0.117381],[0.276196,0.9048,0.324119],[-0.212571,-0.271377,0.938706]],[[0.940006,-0.324578,0.10506],[0.255163,0.464484,-0.848025],[0.226451,0.823956,0.519439]],[[0.940006,-0.324578,0.10506],[-0.0808434,-0.511108,-0.855706],[0.33144,0.795876,-0.506684]],[[0.940006,-0.324578,0.10506],[-0.226275,-0.823636,-0.520022],[0.255319,0.465051,-0.847667]]],"btipPosition":[6.19215,266.751,-21.0973],"carpPosition":[12.2121,300.664,23.1741],"dipPosition":[10.2279,274.102,-34.4962],"direction":[-0.33144,-0.795876,0.506684],"extended":false,"handId":283,"id":2834,"length":46.32,"mcpPosition":[23.5154,315.094,-26.741],"pipPosition":[16.1726,288.377,-43.5841],"stabilizedTipPosition":[-42.0054,225.528,128.463],"timeVisible":11.0844,"tipPosition":[7.07266,268.473,-23.9235],"tipVelocity":[19.5372,14.757,-143.041],"tool":false,"touchDistance":0.333333,"touchZone":"none","type":4,"width":14.7252}],"r":[[0.608214,-0.24073,0.75639],[0.239516,0.964146,0.114256],[-0.756775,0.111675,0.644065]],"s":1.12535,"t":[55.346,92.859,-211.293],"timestamp":3291497884},false],[4,{"currentFrameRate":101.811,"devices":[],"gestures":[],"hands":[{"armBasis":[[0.908403,0.274656,-0.315227],[-0.0787537,0.852868,0.516153],[0.410611,-0.44405,0.796378]],"armWidth":58.4334,"confidence":0.588997,"direction":[-0.0544504,0.359835,-0.931426],"elbow":[100.36,185.296,226.531],"grabStrength":0,"id":283,"palmNormal":[0.0892803,-0.927319,-0.363468],"palmPosition":[-10.6011,308.668,-18.0868],"palmVelocity":[25.4232,23.4448,-140.6],"palmWidth":83.4409,"pinchStrength":0.716828,"r":[[0.605332,-0.242562,0.758114],[0.240094,0.963717,0.116638],[-0.758899,0.111414,0.641606]],"s":1.1299,"sphereCenter":[-10.2538,280.541,-48.4518],"sphereRadius":42.3729,"stabilizedPalmPosition":[-64.6603,261.814,137.219],"t":[55.5507,93.1152,-212.482],"timeVisible":11.0938,"type":"right","wrist":[-1.30646,295.242,29.3487]}],"id":321079,"interactionBox":{"center":[0,200,0],"size":[235.247,235.247,147.751]},"pointables":[{"bases":[[[0.309711,0.941061,0.135954],[-0.819059,0.191426,0.540832],[0.482931,-0.278856,0.830071]],[[0.161395,0.981503,-0.102977],[-0.943965,0.183972,0.274017],[0.287893,0.0529817,0.956196]],[[0.161395,0.981503,-0.102977],[-0.972842,0.140686,-0.183807],[-0.16592,0.129846,0.977553]],[[0.161395,0.981503,-0.102977],[-0.903332,0.104904,-0.415917],[-0.39742,0.160149,0.903554]]],"btipPosition":[-25.7123,272.315,-64.5759],"carpPosition":[-26.2509,282.238,29.152],"dipPosition":[-34.2417,275.753,-45.1839],"direction":[0.16592,-0.129846,-0.977553],"extended":false,"handId":283,"id":2830,"length":47.7925,"mcpPosition":[-26.2509,282.238,29.152],"pipPosition":[-39.4295,279.812,-14.619],"stabilizedTipPosition":[-71.1932,232.349,62.1161],"timeVisible":11.0938,"tipPosition":[-27.8846,272.56,-59.7618],"tipVelocity":[47.9934,42.6173,-160.527],"tool":false,"touchDistance":-0.53416,"touchZone":"touching","type":0,"width":18.5699},{"bases":[[[0.971256,0.161905,-0.174494],[-0.121025,0.967115,0.223698],[0.204974,-0.19615,0.958911]],[[0.988607,0.137748,-0.0606725],[-0.117185,0.957351,0.264097],[0.0944638,-0.253978,0.962586]],[[0.988607,0.137748,-0.0606725],[-0.127813,0.981149,0.144953],[0.0794957,-0.135546,0.987577]],[[0.988607,0.137748,-0.0606725],[-0.135052,0.989746,0.0465279],[0.0664595,-0.0378039,0.997073]]],"btipPosition":[-41.3841,329.994,-113.736],"carpPosition":[-21.0304,303.158,26.3937],"dipPosition":[-40.3428,329.402,-98.1136],"direction":[-0.0794957,0.135546,-0.987577],"extended":true,"handId":283,"id":2831,"length":53.9285,"mcpPosition":[-34.8591,316.391,-38.3],"pipPosition":[-38.5808,326.398,-76.2239],"stabilizedTipPosition":[-69.134,291.066,-26.9242],"timeVisible":11.0938,"tipPosition":[-40.3533,328.516,-110.334],"tipVelocity":[32.1219,87.0486,-138.727],"tool":false,"touchDistance":-0.507008,"touchZone":"touching","type":1,"width":17.738},{"bases":[[[0.996325,-0.0333423,-0.0788985],[0.0494491,0.976023,0.211975],[0.0699391,-0.215098,0.974085]],[[0.997004,-0.0355974,-0.0686734],[-0.0399993,0.52263,-0.851621],[0.0662062,0.851816,0.51964]],[[0.997004,-0.0355974,-0.0686734],[-0.0772771,-0.49723,-0.86417],[-0.00338428,0.866888,-0.498491]],[[0.997004,-0.0355974,-0.0686734],[-0.0656957,-0.85835,-0.508841],[-0.0408324,0.511828,-0.858117]]],"btipPosition":[-17.0901,251.266,-33.2275],"carpPosition":[-10.4809,306.582,24.2758],"dipPosition":[-17.7938,260.087,-48.0154],"direction":[0.00338428,-0.866888,0.498491],"extended":false,"handId":283,"id":2832,"length":61.4471,"mcpPosition":[-14.9556,320.344,-38.0458],"pipPosition":[-17.882,282.693,-61.0146],"stabilizedTipPosition":[-34.9026,229.711,55.7246],"timeVisible":11.0938,"tipPosition":[-17.2484,253.356,-36.7747],"tipVelocity":[36.465,27.0114,-119.707],"tool":false,"touchDistance":0.333333,"touchZone":"none","type":2,"width":17.4211},{"bases":[[[0.989176,-0.138114,0.0495525],[0.12271,0.963793,0.23674],[-0.0804553,-0.228097,0.970308]],[[0.987829,-0.141589,0.0643985],[0.122097,0.449319,-0.884989],[0.0963689,0.88208,0.461138]],[[0.987829,-0.141589,0.0643985],[-0.0273101,-0.565461,-0.824323],[0.15313,0.812531,-0.562445]],[[0.987829,-0.141589,0.0643985],[-0.0961682,-0.881341,-0.462591],[0.122255,0.450767,-0.88423]]],"btipPosition":[-4.63501,255.773,-22.3596],"carpPosition":[0.676631,307.176,22.8335],"dipPosition":[-2.54032,263.496,-37.5098],"direction":[-0.15313,-0.812531,0.562445],"extended":false,"handId":283,"id":2833,"length":59.0831,"mcpPosition":[5.29822,320.279,-32.904],"pipPosition":[1.34973,284.137,-51.798],"stabilizedTipPosition":[-43.3643,218.565,112.502],"timeVisible":11.0938,"tipPosition":[-4.05558,257.506,-26.4886],"tipVelocity":[27.1053,34.2462,-89.4947],"tool":false,"touchDistance":0.333333,"touchZone":"none","type":3,"width":16.5772},{"bases":[[[0.939252,-0.32092,0.12172],[0.267476,0.906615,0.326354],[-0.215087,-0.273971,0.937378]],[[0.942106,-0.317142,0.108886],[0.253788,0.462176,-0.849697],[0.21915,0.828139,0.515906]],[[0.942106,-0.317142,0.108886],[-0.075786,-0.517716,-0.852189],[0.326637,0.794601,-0.511779]],[[0.942106,-0.317142,0.108886],[-0.219356,-0.828513,-0.515217],[0.25361,0.461505,-0.850115]]],"btipPosition":[6.70698,267.339,-21.8159],"carpPosition":[12.2433,301.17,22.1403],"dipPosition":[10.7157,274.633,-35.2534],"direction":[-0.326637,-0.794601,0.511779],"extended":false,"handId":283,"id":2834,"length":46.32,"mcpPosition":[23.6804,315.738,-27.7042],"pipPosition":[16.5743,288.885,-44.4327],"stabilizedTipPosition":[-42.005,225.528,128.462],"timeVisible":11.0938,"tipPosition":[7.59011,269.028,-24.8064],"tipVelocity":[29.4426,28.0163,-124.646],"tool":false,"touchDistance":0.333333,"touchZone":"none","type":4,"width":14.7252}],"r":[[0.605332,-0.242562,0.758114],[0.240094,0.963717,0.116638],[-0.758899,0.111414,0.641606]],"s":1.1299,"t":[55.5507,93.1152,-212.482],"timestamp":3291507208},false],[5,{"currentFrameRate":102.05,"devices":[],"gestures":[],"hands":[{"armBasis":[[0.909508,0.274701,-0.311984],[-0.0801793,0.852366,0.516763],[0.40788,-0.444986,0.797259]],"armWidth":58.4334,"confidence":0.594992,"direction":[-0.0546165,0.361802,-0.930654],"elbow":[99.8496,185.221,225.863],"grabStrength":0,"id":283,"palmNormal":[0.0906546,-0.926399,-0.365468],"palmPosition":[-10.4377,308.916,-18.9472],"palmVelocity":[23.1776,24.3344,-126.862],"palmWidth":83.4409,"pinchStrength":0.696872,"r":[[0.603034,-0.244198,0.759419],[0.240282,0.963383,0.118983],[-0.760667,0.110724,0.63963]],"s":1.13483,"sphereCenter":[-10.9157,281.124,-49.2783],"sphereRadius":42.3314,"stabilizedPalmPosition":[-64.6576,261.816,137.211],"t":[55.7348,93.3675,-213.507],"timeVisible":11.1031,"type":"right","wrist":[-1.14119,295.399,28.4621]}],"id":321080,"interactionBox":{"center":[0,200,0],"size":[235.247,235.247,147.751]},"pointables":[{"bases":[[[0.308396,0.941177,0.138122],[-0.819501,0.189137,0.540967],[0.483022,-0.280023,0.829625]],[[0.161372,0.981931,-0.0988506],[-0.944679,0.182674,0.27242],[0.285555,0.0494212,0.957087]],[[0.161372,0.981931,-0.0988506],[-0.972867,0.141451,-0.183086],[-0.165795,0.125713,0.978115]],[[0.161372,0.981931,-0.0988506],[-0.904497,0.107088,-0.412816],[-0.394771,0.156027,0.905435]]],"btipPosition":[-25.4832,272.82,-65.5984],"carpPosition":[-26.068,282.362,28.2282],"dipPosition":[-33.9557,276.169,-46.166],"direction":[0.165795,-0.125713,-0.978115],"extended":false,"handId":283,"id":2830,"length":47.7925,"mcpPosition":[-26.068,282.362,28.2282],"pipPosition":[-39.1396,280.099,-15.5835],"stabilizedTipPosition":[-71.1686,232.372,62.0467],"timeVisible":11.1031,"tipPosition":[-27.6341,273.016,-60.7708],"tipVelocity":[41.7436,45.2278,-145.78],"tool":false,"touchDistance":-0.524276,"touchZone":"touching","type":0,"width":18.5699},{"bases":[[[0.971097,0.163595,-0.173804],[-0.122405,0.966459,0.225774],[0.204909,-0.197974,0.95855]],[[0.9882,0.139787,-0.0626176],[-0.117792,0.954862,0.272695],[0.0979104,-0.262102,0.960061]],[[0.9882,0.139787,-0.0626176],[-0.128827,0.979654,0.153885],[0.0828547,-0.144003,0.986103]],[[0.9882,0.139787,-0.0626176],[-0.136404,0.989103,0.055409],[0.0696806,-0.0462139,0.996498]]],"btipPosition":[-41.4849,330.893,-114.446],"carpPosition":[-20.8748,303.295,25.5176],"dipPosition":[-40.3931,330.169,-98.8332],"direction":[-0.0828547,0.144003,-0.986103],"extended":true,"handId":283,"id":2831,"length":53.9285,"mcpPosition":[-34.6992,316.651,-39.1517],"pipPosition":[-38.5566,326.978,-76.9762],"stabilizedTipPosition":[-68.71,291.669,-28.1997],"timeVisible":11.1031,"tipPosition":[-40.4368,329.369,-111.061],"tipVelocity":[20.3167,88.7414,-121.039],"tool":false,"touchDistance":-0.49533,"touchZone":"touching","type":1,"width":17.738},{"bases":[[[0.996396,-0.031827,-0.0786273],[0.0480609,0.975622,0.21413],[0.0698954,-0.217138,0.973635]],[[0.997089,-0.0341559,-0.0681723],[-0.0409532,0.514276,-0.856646],[0.0643189,0.856944,0.51138]],[[0.997089,-0.0341559,-0.0681723],[-0.0760663,-0.5076,-0.858229],[-0.0052907,0.860916,-0.50872]],[[0.997089,-0.0341559,-0.0681723],[-0.063802,-0.863304,-0.500634],[-0.0417538,0.503526,-0.86297]]],"btipPosition":[-16.7866,251.625,-33.3483],"carpPosition":[-10.3292,306.738,23.4108],"dipPosition":[-17.5061,260.302,-48.2197],"direction":[0.0052907,-0.860916,0.50872],"extended":false,"handId":283,"id":2832,"length":61.4471,"mcpPosition":[-14.8011,320.63,-38.882],"pipPosition":[-17.6441,282.752,-61.4857],"stabilizedTipPosition":[-34.9015,229.713,55.7186],"timeVisible":11.1031,"tipPosition":[-16.9683,253.672,-37.1873],"tipVelocity":[35.2306,29.2288,-90.0368],"tool":false,"touchDistance":0.333333,"touchZone":"none","type":2,"width":17.4211},{"bases":[[[0.989344,-0.136889,0.0495913],[0.12133,0.963436,0.238894],[-0.08048,-0.230331,0.969779]],[[0.987964,-0.140476,0.0647573],[0.121458,0.445264,-0.887123],[0.0957853,0.884311,0.456967]],[[0.987964,-0.140476,0.0647573],[-0.0274067,-0.570989,-0.8205],[0.152236,0.80885,-0.567967]],[[0.987964,-0.140476,0.0647573],[-0.0957087,-0.88403,-0.457526],[0.121519,0.445822,-0.886835]]],"btipPosition":[-4.42296,256.162,-22.8331],"carpPosition":[0.828045,307.35,21.9736],"dipPosition":[-2.34088,263.8,-38.028],"direction":[-0.152236,-0.80885,0.567967],"extended":false,"handId":283,"id":2833,"length":59.0831,"mcpPosition":[5.45106,320.581,-33.7333],"pipPosition":[1.52648,284.348,-52.4565],"stabilizedTipPosition":[-43.3631,218.566,112.497],"timeVisible":11.1031,"tipPosition":[-3.84714,257.854,-27.0769],"tipVelocity":[25.7701,35.752,-78.8154],"tool":false,"touchDistance":0.333333,"touchZone":"none","type":3,"width":16.5772},{"bases":[[[0.939642,-0.319921,0.121341],[0.266142,0.906257,0.328432],[-0.215038,-0.276315,0.936701]],[[0.942589,-0.315981,0.108081],[0.251862,0.460101,-0.851394],[0.219296,0.829737,0.51327]],[[0.942589,-0.315981,0.108081],[-0.0774327,-0.521613,-0.849661],[0.324853,0.792513,-0.516134]],[[0.942589,-0.315981,0.108081],[-0.219813,-0.830681,-0.511519],[0.251411,0.458395,-0.852447]]],"btipPosition":[6.92618,267.689,-22.4484],"carpPosition":[12.403,301.361,21.2713],"dipPosition":[10.9002,274.935,-35.9228],"direction":[-0.324853,-0.792513,0.516134],"extended":false,"handId":283,"id":2834,"length":46.32,"mcpPosition":[23.8376,316.054,-28.5371],"pipPosition":[16.7268,289.149,-45.1802],"stabilizedTipPosition":[-42.0044,225.529,128.46],"timeVisible":11.1031,"tipPosition":[7.80905,269.35,-25.5664],"tipVelocity":[27.5077,30.3627,-108.775],"tool":false,"touchDistance":0.333333,"touchZone":"none","type":4,"width":14.7252}],"r":[[0.603034,-0.244198,0.759419],[0.240282,0.963383,0.118983],[-0.760667,0.110724,0.63963]],"s":1.13483,"t":[55.7348,93.3675,-213.507],"timestamp":3291516548},false],[6,{"currentFrameRate":102.261,"devices":[],"gestures":[],"hands":[{"armBasis":[[0.911328,0.270516,-0.310327],[-0.078033,0.853646,0.514976],[0.404218,-0.445096,0.79906]],"armWidth":58.4334,"confidence":0.604979,"direction":[-0.0550315,0.363249,-0.930066],"elbow":[99.2124,185.267,225.503],"grabStrength":0,"id":283,"palmNormal":[0.0882942,-0.926058,-0.366908],"palmPosition":[-10.1995,309.077,-19.7217],"palmVelocity":[23.8123,22.2813,-114.284],"palmWidth":83.4409,"pinchStrength":0.680384,"r":[[0.601282,-0.245972,0.760236],[0.240853,0.96298,0.121076],[-0.761873,0.110304,0.638265]],"s":1.13947,"sphereCenter":[-11.5713,281.568,-50.0106],"sphereRadius":42.2969,"stabilizedPalmPosition":[-64.6549,261.818,137.203],"t":[55.9459,93.5738,-214.406],"timeVisible":11.1125,"type":"right","wrist":[-0.871712,295.473,27.6565]}],"id":321081,"interactionBox":{"center":[0,200,0],"size":[235.247,235.247,147.751]},"pointables":[{"bases":[[[0.310502,0.940342,0.139085],[-0.818436,0.190044,0.54226],[0.483478,-0.282205,0.828619]],[[0.164397,0.981718,-0.0959338],[-0.944374,0.184732,0.272087],[0.284835,0.0458672,0.957479]],[[0.164397,0.981718,-0.0959338],[-0.972583,0.145109,-0.181728],[-0.164485,0.123179,0.978658]],[[0.164397,0.981718,-0.0959338],[-0.905156,0.111491,-0.410198],[-0.392003,0.15427,0.906937]]],"btipPosition":[-25.3081,273.225,-66.4587],"carpPosition":[-25.8255,282.486,27.435],"dipPosition":[-33.7212,276.535,-46.9941],"direction":[0.164485,-0.123179,-0.978658],"extended":false,"handId":283,"id":2830,"length":47.7925,"mcpPosition":[-25.8255,282.486,27.435],"pipPosition":[-38.8642,280.387,-16.3946],"stabilizedTipPosition":[-71.141,232.398,61.9689],"timeVisible":11.1125,"tipPosition":[-27.4617,273.394,-61.626],"tipVelocity":[35.5994,44.3742,-130.199],"tool":false,"touchDistance":-0.512975,"touchZone":"touching","type":0,"width":18.5699},{"bases":[[[0.971214,0.161849,-0.174781],[-0.120136,0.966383,0.227311],[0.205696,-0.19977,0.958009]],[[0.988169,0.138393,-0.0661022],[-0.114726,0.953045,0.280256],[0.101784,-0.269357,0.957646]],[[0.988169,0.138393,-0.0661022],[-0.126312,0.978831,0.161045],[0.0869904,-0.150791,0.984731]],[[0.988169,0.138393,-0.0661022],[-0.134366,0.988995,0.0619323],[0.0739457,-0.0523177,0.995889]]],"btipPosition":[-41.5669,331.665,-115.044],"carpPosition":[-20.5927,303.413,24.7479],"dipPosition":[-40.4083,330.845,-99.4408],"direction":[-0.0869904,0.150791,-0.984731],"extended":true,"handId":283,"id":2831,"length":53.9285,"mcpPosition":[-34.4701,316.891,-39.8849],"pipPosition":[-38.4802,327.503,-77.6142],"stabilizedTipPosition":[-68.2339,292.36,-29.6459],"timeVisible":11.1125,"tipPosition":[-40.5039,330.116,-111.675],"tipVelocity":[12.5206,86.2299,-104.833],"tool":false,"touchDistance":-0.483135,"touchZone":"touching","type":1,"width":17.738},{"bases":[[[0.99623,-0.0337613,-0.0799167],[0.0503337,0.975213,0.215467],[0.0706614,-0.218678,0.973235]],[[0.996938,-0.0361348,-0.0693399],[-0.0415195,0.506807,-0.861059],[0.0662561,0.861302,0.503755]],[[0.996938,-0.0361348,-0.0693399],[-0.0780281,-0.516876,-0.852497],[-0.00503534,0.855298,-0.518113]],[[0.996938,-0.0361348,-0.0693399],[-0.0657163,-0.867753,-0.492633],[-0.0423687,0.495681,-0.86747]]],"btipPosition":[-16.6307,251.912,-33.441],"carpPosition":[-10.0427,306.837,22.6329],"dipPosition":[-17.3609,260.454,-48.3901],"direction":[0.00503534,-0.855298,0.518113],"extended":false,"handId":283,"id":2832,"length":61.4471,"mcpPosition":[-14.5636,320.828,-39.6343],"pipPosition":[-17.4922,282.757,-61.901],"stabilizedTipPosition":[-34.8991,229.716,55.7067],"timeVisible":11.1125,"tipPosition":[-16.8307,253.913,-37.4988],"tipVelocity":[29.8667,28.6807,-67.7976],"tool":false,"touchDistance":0.333333,"touchZone":"none","type":2,"width":17.4211},{"bases":[[[0.989122,-0.138993,0.04816],[0.123608,0.962841,0.240122],[-0.0797456,-0.231557,0.969547]],[[0.987726,-0.142664,0.0636014],[0.121422,0.445136,-0.887192],[0.0982593,0.884025,0.456995]],[[0.987726,-0.142664,0.0636014],[-0.0297284,-0.571436,-0.820108],[0.153344,0.808151,-0.568663]],[[0.987726,-0.142664,0.0636014],[-0.0982798,-0.8841,-0.456845],[0.121406,0.444987,-0.88727]]],"btipPosition":[-4.30677,256.355,-23.5868],"carpPosition":[1.11401,307.428,21.1827],"dipPosition":[-2.22662,263.979,-38.7891],"direction":[-0.153344,-0.808151,0.568663],"extended":false,"handId":283,"id":2833,"length":59.0831,"mcpPosition":[5.69483,320.73,-34.511],"pipPosition":[1.66888,284.509,-53.2353],"stabilizedTipPosition":[-43.3613,218.568,112.491],"timeVisible":11.1125,"tipPosition":[-3.73451,258.036,-27.8302],"tipVelocity":[21.9542,31.3335,-79.3124],"tool":false,"touchDistance":0.333333,"touchZone":"none","type":3,"width":16.5772},{"bases":[[[0.939133,-0.322024,0.119709],[0.268414,0.905236,0.329397],[-0.214439,-0.277216,0.936572]],[[0.942261,-0.317805,0.105566],[0.249787,0.457031,-0.853656],[0.22305,0.830736,0.510026]],[[0.942261,-0.317805,0.105566],[-0.0823885,-0.525546,-0.846767],[0.324587,0.789178,-0.521385]],[[0.942261,-0.317805,0.105566],[-0.223953,-0.832386,-0.50693],[0.248977,0.454018,-0.855499]]],"btipPosition":[7.0886,267.889,-23.0079],"carpPosition":[12.6758,301.417,20.4574],"dipPosition":[11.0241,275.066,-36.5305],"direction":[-0.324587,-0.789178,0.521385],"extended":false,"handId":283,"id":2834,"length":46.32,"mcpPosition":[24.0784,316.158,-29.3442],"pipPosition":[16.8459,289.22,-45.8821],"stabilizedTipPosition":[-42.0035,225.53,128.457],"timeVisible":11.1125,"tipPosition":[7.96512,269.519,-26.2406],"tipVelocity":[24.3443,27.3238,-95.1538],"tool":false,"touchDistance":