{"sensorType":"Leap","data":[[0,{"currentFrameRate":105.945,"devices":[],"gestures":[],"hands":[{"armBasis":[[0.88057,-0.157502,-0.446977],[0.347192,0.856363,0.38223],[0.322573,-0.491768,0.808771]],"armWidth":58.4334,"confidence":0.720573,"direction":[0.122038,0.340051,-0.932455],"elbow":[69.4743,154.684,237.695],"grabStrength":0,"id":281,"palmNormal":[-0.35007,-0.864353,-0.361032],"palmPosition":[-12.2302,292.45,-10.0661],"palmVelocity":[3.02412,-23.037,-167.014],"palmWidth":83.4409,"pinchStrength":1,"r":[[0.820632,-0.276971,0.499851],[0.551256,0.614192,-0.564699],[-0.150599,0.738956,0.656707]],"s":0.841044,"sphereCenter":[-24.6549,264.15,-41.1431],"sphereRadius":41.2654,"stabilizedPalmPosition":[-25.3253,266.06,160.004],"t":[39.9431,61.6826,-180.602],"timeVisible":8.32009,"type":"right","wrist":[-10.3944,276.445,37.4443]}],"id":318683,"interactionBox":{"center":[0,200,0],"size":[235.247,235.247,147.751]},"pointables":[{"bases":[[[0.710648,0.690374,0.135509],[-0.638515,0.552004,0.536274],[0.295428,-0.467627,0.833095]],[[0.572185,0.806498,-0.148883],[-0.763442,0.590105,0.262549],[0.299601,-0.0365631,0.953364]],[[0.572185,0.806498,-0.148883],[-0.815755,0.540965,-0.204694],[-0.0845448,0.238574,0.967437]],[[0.572185,0.806498,-0.148883],[-0.74562,0.435958,-0.503976],[-0.341549,0.399377,0.850789]]],"btipPosition":[-42.2652,262.146,-55.0003],"carpPosition":[-38.5244,276.503,37.1492],"dipPosition":[-49.5955,270.718,-36.7407],"direction":[0.0845448,-0.238574,-0.967437],"extended":false,"handId":281,"id":2810,"length":47.7925,"mcpPosition":[-38.5244,276.503,37.1492],"pipPosition":[-52.239,278.177,-6.49208],"stabilizedTipPosition":[-77.1613,238.832,146.433],"timeVisible":8.32009,"tipPosition":[-44.4829,263.819,-50.7898],"tipVelocity":[-1.10261,-22.0345,-154.056],"tool":false,"touchDistance":-0.510479,"touchZone":"hovering","type":0,"width":18.5699},{"bases":[[[0.936046,-0.308129,-0.169926],[0.340911,0.913745,0.221018],[0.0871668,-0.264813,0.960352]],[[0.940095,-0.33106,-0.0813712],[0.337676,0.937069,0.088752],[0.0468681,-0.110912,0.992724]],[[0.940095,-0.33106,-0.0813712],[0.330347,0.943592,-0.0224632],[0.0842178,-0.00576321,0.996431]],[[0.940095,-0.33106,-0.0813712],[0.321933,0.940627,-0.107611],[0.112166,0.0749686,0.990857]]],"btipPosition":[-35.532,313.787,-107.14],"carpPosition":[-24.1806,292.599,34.3727],"dipPosition":[-33.7746,314.962,-91.6154],"direction":[-0.0842178,0.00576321,-0.996431],"extended":true,"handId":281,"id":2811,"length":53.9285,"mcpPosition":[-30.0614,310.465,-30.4182],"pipPosition":[-31.9079,314.834,-69.5295],"stabilizedTipPosition":[-73.2078,278.861,77.5923],"timeVisible":8.32009,"tipPosition":[-35.2925,312.505,-103.497],"tipVelocity":[4.94953,-14.3117,-171.523],"tool":false,"touchDistance":-0.543877,"touchZone":"hovering","type":1,"width":17.738},{"bases":[[[0.867292,-0.4923,-0.0737885],[0.496084,0.842462,0.210139],[-0.0412876,-0.218857,0.974883]],[[0.866794,-0.494643,-0.0632185],[0.310698,0.634865,-0.707399],[0.390045,0.593527,0.703982]],[[0.866794,-0.494643,-0.0632185],[-0.325351,-0.464894,-0.82342],[0.377909,0.734304,-0.5639]],[[0.866794,-0.494643,-0.0632185],[-0.49549,-0.840038,-0.220964],[0.0561924,0.222855,-0.973231]]],"btipPosition":[-38.6618,255.505,-29.7122],"carpPosition":[-13.2397,290.726,32.3009],"dipPosition":[-37.6934,259.346,-46.4838],"direction":[-0.377909,-0.734304,0.5639],"extended":false,"handId":281,"id":2812,"length":61.4471,"mcpPosition":[-10.5981,304.729,-30.0718],"pipPosition":[-27.8386,278.494,-61.1887],"stabilizedTipPosition":[-47.762,225.571,166.81],"timeVisible":8.32009,"tipPosition":[-38.3515,256.318,-32.8076],"tipVelocity":[-3.32127,-27.0562,-152.355],"tool":false,"touchDistance":0.333333,"touchZone":"none","type":2,"width":17.4211},{"bases":[[[0.811882,-0.581239,0.054848],[0.555211,0.79773,0.2353],[-0.18052,-0.160584,0.970374]],[[0.804487,-0.586888,0.0914512],[0.450012,0.501748,-0.738741],[0.387673,0.635462,0.667756]],[[0.804487,-0.586888,0.0914512],[-0.29578,-0.529352,-0.795173],[0.515088,0.612657,-0.599447]],[[0.804487,-0.586888,0.0914512],[-0.561829,-0.801841,-0.203468],[0.192742,0.112307,-0.974801]]],"btipPosition":[-24.9781,251.768,-20.257],"carpPosition":[-3.07619,286.068,30.9137],"dipPosition":[-21.6757,253.692,-36.959],"direction":[-0.515088,-0.612657,0.599447],"extended":false,"handId":281,"id":2813,"length":59.0831,"mcpPosition":[7.2934,295.292,-24.8274],"pipPosition":[-8.59061,269.256,-52.1872],"stabilizedTipPosition":[-33.8336,223.48,165.669],"timeVisible":8.32009,"tipPosition":[-24.1015,252.275,-24.0616],"tipVelocity":[-9.12892,-29.952,-124.154],"tool":false,"touchDistance":0.333333,"touchZone":"none","type":3,"width":16.5772},{"bases":[[[0.68256,-0.719683,0.127152],[0.656586,0.680273,0.325767],[-0.320947,-0.138869,0.936861]],[[0.61271,-0.732938,0.295615],[0.674911,0.290644,-0.678249],[0.411196,0.615084,0.672748]],[[0.61271,-0.732938,0.295615],[-0.280758,-0.551517,-0.785496],[0.738756,0.398285,-0.543699]],[[0.61271,-0.732938,0.295615],[-0.690381,-0.678442,-0.251178],[0.384656,-0.0501876,-0.921695]]],"btipPosition":[-11.214,256.466,-17.0186],"carpPosition":[4.38367,275.376,30.2919],"dipPosition":[-5.13383,255.673,-31.5875],"direction":[-0.738756,-0.398285,0.543699],"extended":false,"handId":281,"id":2814,"length":46.32,"mcpPosition":[21.4498,282.761,-19.5251],"pipPosition":[8.11656,262.816,-41.3393],"stabilizedTipPosition":[-21.0839,231.878,157.977],"timeVisible":8.32009,"tipPosition":[-9.90356,256.457,-19.4684],"tipVelocity":[-1.3596,-27.0337,-159.641],"tool":false,"touchDistance":0.333333,"touchZone":"none","type":4,"width":14.7252}],"r":[[0.820632,-0.276971,0.499851],[0.551256,0.614192,-0.564699],[-0.150599,0.738956,0.656707]],"s":0.841044,"t":[39.9431,61.6826,-180.602],"timestamp":3268470769},false],[1,{"currentFrameRate":105.959,"devices":[],"gestures":[],"hands":[{"armBasis":[[0.881965,-0.159898,-0.443363],[0.346195,0.858113,0.379197],[0.319823,-0.487929,0.812182]],"armWidth":58.4334,"confidence":0.728075,"direction":[0.122115,0.337104,-0.933514],"elbow":[68.7335,155.386,236.832],"grabStrength":0,"id":281,"palmNormal":[-0.349023,-0.865895,-0.358342],"palmPosition":[-12.2848,292.044,-11.8267],"palmVelocity":[0.505045,-28.7907,-172.728],"palmWidth":83.4409,"pinchStrength":1,"r":[[0.820348,-0.276237,0.500722],[0.551918,0.611681,-0.566774],[-0.149718,0.741309,0.654252]],"s":0.843446,"sphereCenter":[-24.9072,263.914,-42.7867],"sphereRadius":41.2198,"stabilizedPalmPosition":[-25.3253,266.06,160.004],"t":[39.9038,61.3371,-182.452],"timeVisible":8.3295,"type":"right","wrist":[-10.4544,276.197,35.737]}],"id":318684,"interactionBox":{"center":[0,200,0],"size":[235.247,235.247,147.751]},"pointables":[{"bases":[[[0.709881,0.691543,0.133556],[-0.639322,0.553113,0.534165],[0.295527,-0.464579,0.834763]],[[0.572071,0.806327,-0.150239],[-0.763493,0.590435,0.261657],[0.299688,-0.0349798,0.953396]],[[0.572071,0.806327,-0.150239],[-0.815657,0.540014,-0.207577],[-0.0862434,0.241292,0.966613]],[[0.572071,0.806327,-0.150239],[-0.743948,0.432976,-0.508993],[-0.345365,0.40295,0.847558]]],"btipPosition":[-42.194,261.634,-56.6268],"carpPosition":[-38.5842,276.225,35.429],"dipPosition":[-49.6062,270.282,-38.4366],"direction":[0.0862434,-0.241292,-0.966613],"extended":false,"handId":281,"id":2810,"length":47.7925,"mcpPosition":[-38.5842,276.225,35.429],"pipPosition":[-52.3028,277.827,-8.21371],"stabilizedTipPosition":[-77.1611,238.832,146.432],"timeVisible":8.3295,"tipPosition":[-44.427,263.31,-52.4455],"tipVelocity":[0.79833,-30.7367,-159.888],"tool":false,"touchDistance":-0.512401,"touchZone":"hovering","type":0,"width":18.5699},{"bases":[[[0.936437,-0.30773,-0.168489],[0.339878,0.914816,0.218163],[0.0870008,-0.261561,0.961258]],[[0.940467,-0.330057,-0.0811423],[0.336662,0.937411,0.0889853],[0.0466935,-0.111005,0.992722]],[[0.940467,-0.330057,-0.0811423],[0.329352,0.943944,-0.0223145],[0.0839588,-0.00573833,0.996453]],[[0.940467,-0.330057,-0.0811423],[0.320947,0.940964,-0.107614],[0.111871,0.0751653,0.990876]]],"btipPosition":[-35.5786,313.295,-108.969],"carpPosition":[-24.2556,292.326,32.6061],"dipPosition":[-33.8258,314.473,-93.4436],"direction":[-0.0839588,0.00573833,-0.996453],"extended":true,"handId":281,"id":2811,"length":53.9285,"mcpPosition":[-30.1252,309.973,-32.2459],"pipPosition":[-31.9648,314.346,-71.3572],"stabilizedTipPosition":[-73.2068,278.862,77.5871],"timeVisible":8.3295,"tipPosition":[-35.3224,312.036,-105.329],"tipVelocity":[2.09485,-25.1168,-178.008],"tool":false,"touchDistance":-0.545249,"touchZone":"hovering","type":1,"width":17.738},{"bases":[[[0.867828,-0.491653,-0.0717762],[0.495128,0.843656,0.207588],[-0.041507,-0.215689,0.975579]],[[0.867325,-0.49397,-0.0611584],[0.310408,0.632844,-0.709335],[0.389094,0.59624,0.702213]],[[0.867325,-0.49397,-0.0611584],[-0.324471,-0.467938,-0.822042],[0.377446,0.732821,-0.566134]],[[0.867325,-0.49397,-0.0611584],[-0.494531,-0.841266,-0.218427],[0.0564459,0.219692,-0.973935]]],"btipPosition":[-38.6702,255.007,-31.3638],"carpPosition":[-13.3118,290.458,30.5453],"dipPosition":[-37.6974,258.793,-48.1475],"direction":[-0.377446,-0.732821,0.566134],"extended":false,"handId":281,"id":2812,"length":61.4471,"mcpPosition":[-10.6562,304.258,-31.8719],"pipPosition":[-27.8547,277.903,-62.9107],"stabilizedTipPosition":[-47.762,225.571,166.809],"timeVisible":8.3295,"tipPosition":[-38.3594,255.811,-34.4647],"tipVelocity":[-2.59776,-34.8008,-159.032],"tool":false,"touchDistance":0.333333,"touchZone":"none","type":2,"width":17.4211},{"bases":[[[0.81245,-0.580225,0.0571274],[0.55429,0.799068,0.232923],[-0.180797,-0.157573,0.970816]],[[0.8052,-0.585661,0.0930309],[0.446324,0.495235,-0.745344],[0.390447,0.641673,0.660157]],[[0.8052,-0.585661,0.0930309],[-0.299349,-0.536858,-0.78878],[0.511902,0.607277,-0.607595]],[[0.8052,-0.585661,0.0930309],[-0.561921,-0.803671,-0.195852],[0.189469,0.105424,-0.976211]]],"btipPosition":[-25.0057,251.332,-21.4755],"carpPosition":[-3.14298,285.805,29.1781],"dipPosition":[-21.7593,253.139,-38.2017],"direction":[-0.511902,-0.607277,0.607595],"extended":false,"handId":281,"id":2813,"length":59.0831,"mcpPosition":[7.24251,294.857,-26.5884],"pipPosition":[-8.75514,268.566,-53.6369],"stabilizedTipPosition":[-33.8335,223.48,165.667],"timeVisible":8.3295,"tipPosition":[-24.1386,251.808,-25.4353],"tipVelocity":[-7.75012,-35.4198,-125.837],"tool":false,"touchDistance":0.333333,"touchZone":"none","type":3,"width":16.5772},{"bases":[[[0.683237,-0.718562,0.129829],[0.655742,0.682013,0.323821],[-0.321231,-0.136113,0.937168]],[[0.613658,-0.731332,0.297621],[0.66967,0.282389,-0.686876],[0.418289,0.620815,0.663041]],[[0.613658,-0.731332,0.297621],[-0.287861,-0.55822,-0.778156],[0.735228,0.391848,-0.553078]],[[0.613658,-0.731332,0.297621],[-0.691746,-0.679703,-0.243908],[0.380672,-0.056202,-0.923001]]],"btipPosition":[-11.3582,256.087,-18.2283],"carpPosition":[4.32807,275.12,28.5948],"dipPosition":[-5.34107,255.199,-32.8179],"direction":[-0.735228,-0.391848,0.553078],"extended":false,"handId":281,"id":2814,"length":46.32,"mcpPosition":[21.4093,282.357,-21.2385],"pipPosition":[7.84604,262.227,-42.738],"stabilizedTipPosition":[-21.0838,231.878,157.977],"timeVisible":8.3295,"tipPosition":[-9.99431,256.035,-20.9177],"tipVelocity":[-5.78141,-31.4604,-150.915],"tool":false,"touchDistance":0.333333,"touchZone":"none","type":4,"width":14.7252}],"r":[[0.820348,-0.276237,0.500722],[0.551918,0.611681,-0.566774],[-0.149718,0.741309,0.654252]],"s":0.843446,"t":[39.9038,61.3371,-182.452],"timestamp":3268480181},false],[2,{"currentFrameRate":105.942,"devices":[],"gestures":[],"hands":[{"armBasis":[[0.882164,-0.162361,-0.44207],[0.347233,0.858374,0.377655],[0.318145,-0.486654,0.813604]],"armWidth":58.4334,"confidence":0.733948,"direction":[0.119719,0.332665,-0.935415],"elbow":[68.4355,155.429,236.448],"grabStrength":0,"id":281,"palmNormal":[-0.350482,-0.867367,-0.353322],"palmPosition":[-12.2902,291.549,-12.6313],"palmVelocity":[0.198833,-35.5231,-147.568],"palmWidth":83.4409,"pinchStrength":1,"r":[[0.820368,-0.27527,0.501222],[0.552199,0.609074,-0.569303],[-0.148569,0.743812,0.651668]],"s":0.846175,"sphereCenter":[-25.1756,263.509,-43.3836],"sphereRadius":41.1866,"stabilizedPalmPosition":[-25.3253,266.06,160.004],"t":[39.8815,60.9167,-183.779],"timeVisible":8.33897,"type":"right","wrist":[-10.337,275.924,35.0008]}],"id":318685,"interactionBox":{"center":[0,200,0],"size":[235.247,235.247,147.751]},"pointables":[{"bases":[[[0.710623,0.691765,0.128359],[-0.637544,0.555962,0.533333],[0.297579,-0.460833,0.83611]],[[0.573023,0.804923,-0.154086],[-0.761425,0.592434,0.26316],[0.30311,-0.0334715,0.952368]],[[0.573023,0.804923,-0.154086],[-0.815148,0.540351,-0.2087],[-0.0847271,0.245193,0.965765]],[[0.573023,0.804923,-0.154086],[-0.743162,0.431095,-0.51173],[-0.345477,0.407744,0.845216]]],"btipPosition":[-42.279,261.081,-57.1617],"carpPosition":[-38.4675,275.966,34.7703],"dipPosition":[-49.6936,269.832,-39.0218],"direction":[0.0847271,-0.245193,-0.965765],"extended":false,"handId":281,"id":2810,"length":47.7925,"mcpPosition":[-38.4675,275.966,34.7703],"pipPosition":[-52.3427,277.498,-8.8254],"stabilizedTipPosition":[-77.1609,238.832,146.43],"timeVisible":8.33897,"tipPosition":[-44.4986,262.748,-53.0017],"tipVelocity":[-2.01821,-37.9508,-130.594],"tool":false,"touchDistance":-0.497691,"touchZone":"hovering","type":0,"width":18.5699},{"bases":[[[0.935801,-0.309036,-0.16963],[0.340976,0.915637,0.21294],[0.0895133,-0.257109,0.962228]],[[0.940053,-0.33066,-0.0834554],[0.337433,0.937304,0.0871822],[0.0493954,-0.110116,0.992691]],[[0.940053,-0.33066,-0.0834554],[0.329782,0.943739,-0.0244999],[0.0868612,-0.00449085,0.99621]],[[0.940053,-0.33066,-0.0834554],[0.321079,0.940622,-0.110179],[0.114932,0.076778,0.990402]]],"btipPosition":[-35.8492,312.627,-109.794],"carpPosition":[-24.138,292.046,31.8325],"dipPosition":[-34.0485,313.83,-94.276],"direction":[-0.0868612,0.00449085,-0.99621],"extended":true,"handId":281,"id":2811,"length":53.9285,"mcpPosition":[-30.1771,309.392,-33.085],"pipPosition":[-32.1232,313.73,-72.195],"stabilizedTipPosition":[-73.2056,278.863,77.5817],"timeVisible":8.33897,"tipPosition":[-35.5696,311.393,-106.157],"tipVelocity":[-6.36396,-37.9852,-152.001],"tool":false,"touchDistance":-0.531458,"touchZone":"hovering","type":1,"width":17.738},{"bases":[[[0.867359,-0.492466,-0.0718689],[0.496158,0.844342,0.202271],[-0.0389296,-0.2111,0.976689]],[[0.866837,-0.494933,-0.0602906],[0.305165,0.622284,-0.720859],[0.394295,0.606468,0.690455]],[[0.866837,-0.494933,-0.0602906],[-0.330013,-0.478897,-0.81348],[0.373745,0.725051,-0.57846]],[[0.866837,-0.494933,-0.0602906],[-0.49584,-0.843039,-0.208393],[0.0523131,0.210537,-0.976185]]],"btipPosition":[-38.7864,254.326,-31.3499],"carpPosition":[-13.201,290.162,29.7503],"dipPosition":[-37.8849,257.954,-48.1724],"direction":[-0.373745,-0.725051,0.57846],"extended":false,"handId":281,"id":2812,"length":61.4471,"mcpPosition":[-10.7103,303.668,-32.7379],"pipPosition":[-28.1387,276.861,-63.2569],"stabilizedTipPosition":[-47.7619,225.572,166.807],"timeVisible":8.33897,"tipPosition":[-38.4807,255.158,-34.7392],"tipVelocity":[-5.8663,-46.5547,-113.291],"tool":false,"touchDistance":0.333333,"touchZone":"none","type":2,"width":17.4211},{"bases":[[[0.81229,-0.580403,0.0576001],[0.555365,0.79984,0.227651],[-0.1782,-0.152929,0.972038]],[[0.805184,-0.585637,0.0933227],[0.444065,0.491119,-0.749405],[0.393047,0.64485,0.655502]],[[0.805184,-0.585637,0.0933227],[-0.302443,-0.54089,-0.784836],[0.510106,0.603712,-0.612637]],[[0.805184,-0.585637,0.0933227],[-0.563044,-0.804355,-0.189723],[0.186173,0.100217,-0.977392]]],"btipPosition":[-25.0547,250.807,-22.0079],"carpPosition":[-3.03849,285.497,28.3768],"dipPosition":[-21.8649,252.524,-38.7544],"direction":[-0.510106,-0.603712,0.612637],"extended":false,"handId":281,"id":2813,"length":59.0831,"mcpPosition":[7.19786,294.282,-27.4599],"pipPosition":[-8.90631,267.86,-54.3176],"stabilizedTipPosition":[-33.8334,223.48,165.665],"timeVisible":8.33897,"tipPosition":[-24.2062,251.258,-25.9864],"tipVelocity":[-7.4069,-41.7923,-106.019],"tool":false,"touchDistance":0.333333,"touchZone":"none","type":3,"width":16.5772},{"bases":[[[0.683202,-0.718327,0.131304],[0.657005,0.683155,0.318815],[-0.318715,-0.131548,0.938678]],[[0.614727,-0.730273,0.298013],[0.662258,0.27267,-0.697901],[0.428399,0.62638,0.651247]],[[0.614727,-0.730273,0.298013],[-0.298624,-0.565196,-0.76901],[0.730024,0.383737,-0.565519]],[[0.614727,-0.730273,0.298013],[-0.69503,-0.680163,-0.233048],[0.372886,-0.0638674,-0.925676]]],"btipPosition":[-11.5064,255.616,-18.4326],"carpPosition":[4.42512,274.805,27.8229],"dipPosition":[-5.61225,254.606,-33.0645],"direction":[-0.730024,-0.383737,0.565519],"extended":false,"handId":281,"id":2814,"length":46.32,"mcpPosition":[21.3726,281.799,-22.0907],"pipPosition":[7.4815,261.489,-43.2077],"stabilizedTipPosition":[-21.0837,231.878,157.975],"timeVisible":8.33897,"tipPosition":[-10.1148,255.512,-21.3499],"tipVelocity":[-9.4643,-37.5596,-114.13],"tool":false,"touchDistance":0.333333,"touchZone":"none","type":4,"width":14.7252}],"r":[[0.820368,-0.27527,0.501222],[0.552199,0.609074,-0.569303],[-0.148569,0.743812,0.651668]],"s":0.846175,"t":[39.8815,60.9167,-183.779],"timestamp":3268489652},false],[3,{"currentFrameRate":105.99,"devices":[],"gestures":[],"hands":[{"armBasis":[[0.884122,-0.159746,-0.439101],[0.344099,0.85835,0.380566],[0.316109,-0.487561,0.813855]],"armWidth":58.4334,"confidence":0.742461,"direction":[0.118466,0.333864,-0.935148],"elbow":[68.0382,155.003,235.944],"grabStrength":0,"id":281,"palmNormal":[-0.347623,-0.868236,-0.354012],"palmPosition":[-12.2426,291.382,-13.1837],"palmVelocity":[1.58416,-30.51,-122.493],"palmWidth":83.4409,"pinchStrength":1,"r":[[0.820583,-0.27403,0.501549],[0.551997,0.607449,-0.571231],[-0.148131,0.745596,0.649726]],"s":0.8491,"sphereCenter":[-25.2379,263.557,-43.92],"sphereRadius":41.1611,"stabilizedPalmPosition":[-25.3252,266.06,160.003],"t":[39.8941,60.6232,-184.719],"timeVisible":8.34831,"type":"right","wrist":[-10.2301,275.723,34.4348]}],"id":318686,"interactionBox":{"center":[0,200,0],"size":[235.247,235.247,147.751]},"pointables":[{"bases":[[[0.708318,0.694035,0.128848],[-0.639327,0.553365,0.533899],[0.299245,-0.460546,0.835673]],[[0.571275,0.806579,-0.151903],[-0.762298,0.590017,0.266047],[0.304214,-0.0361903,0.951916]],[[0.571275,0.806579,-0.151903],[-0.816192,0.538786,-0.208664],[-0.0864608,0.243187,0.966118]],[[0.571275,0.806579,-0.151903],[-0.742801,0.429355,-0.513713],[-0.349129,0.406305,0.844408]]],"btipPosition":[-42.0901,261.004,-57.6966],"carpPosition":[-38.3607,275.671,34.2084],"dipPosition":[-49.583,269.724,-39.5741],"direction":[0.0864608,-0.243187,-0.966118],"extended":false,"handId":281,"id":2810,"length":47.7925,"mcpPosition":[-38.3607,275.671,34.2084],"pipPosition":[-52.2864,277.328,-9.36663],"stabilizedTipPosition":[-77.1606,238.832,146.429],"timeVisible":8.34831,"tipPosition":[-44.3067,262.627,-53.5512],"tipVelocity":[3.73756,-29.7386,-109.923],"tool":false,"touchDistance":-0.48434,"touchZone":"hovering","type":0,"width":18.5699},{"bases":[[[0.936807,-0.30575,-0.170028],[0.337934,0.916594,0.213674],[0.0905159,-0.257629,0.961995]],[[0.941132,-0.32707,-0.0854114],[0.334302,0.937995,0.0916933],[0.0501253,-0.114849,0.992118]],[[0.941132,-0.32707,-0.0854114],[0.326501,0.944965,-0.0209474],[0.0875621,-0.00817262,0.996126]],[[0.941132,-0.32707,-0.0854114],[0.317648,0.942094,-0.107507],[0.115628,0.0740474,0.990529]]],"btipPosition":[-35.9196,312.728,-110.306],"carpPosition":[-24.0856,291.801,31.2823],"dipPosition":[-34.108,313.888,-94.7861],"direction":[-0.0875621,0.00817262,-0.996126],"extended":true,"handId":281,"id":2811,"length":53.9285,"mcpPosition":[-30.1923,309.182,-33.6195],"pipPosition":[-32.1672,313.707,-72.7069],"stabilizedTipPosition":[-73.2047,278.864,77.577],"timeVisible":8.34831,"tipPosition":[-35.6126,311.503,-106.679],"tipVelocity":[-6.61969,-24.4377,-124.433],"tool":false,"touchDistance":-0.514319,"touchZone":"hovering","type":1,"width":17.738},{"bases":[[[0.868995,-0.489493,-0.072414],[0.493353,0.845829,0.202921],[-0.0380784,-0.212063,0.976514]],[[0.868443,-0.492143,-0.0600228],[0.299548,0.61731,-0.727461],[0.395068,0.613778,0.683519]],[[0.868443,-0.492143,-0.0600228],[-0.33159,-0.486548,-0.808282],[0.368586,0.721849,-0.585728]],[[0.868443,-0.492143,-0.0600228],[-0.49332,-0.84569,-0.20358],[0.04943,0.206408,-0.977217]]],"btipPosition":[-38.6324,254.013,-31.3782],"carpPosition":[-13.1426,289.956,29.1969],"dipPosition":[-37.7806,257.57,-48.2184],"direction":[-0.368586,-0.721849,0.585728],"extended":false,"handId":281,"id":2812,"length":61.4471,"mcpPosition":[-10.7064,303.524,-33.2801],"pipPosition":[-28.1689,276.394,-63.4925],"stabilizedTipPosition":[-47.7616,225.573,166.802],"timeVisible":8.34831,"tipPosition":[-38.3376,254.87,-35.0168],"tipVelocity":[0.120537,-43.3418,-82.1603],"tool":false,"touchDistance":0.333333,"touchZone":"none","type":2,"width":17.4211},{"bases":[[[0.81424,-0.577724,0.0569877],[0.552713,0.801504,0.228254],[-0.177544,-0.154356,0.971932]],[[0.807225,-0.582969,0.0923903],[0.44078,0.49128,-0.751237],[0.392558,0.647141,0.653534]],[[0.807225,-0.582969,0.0923903],[-0.302472,-0.542979,-0.783381],[0.506852,0.604419,-0.614637]],[[0.807225,-0.582969,0.0923903],[-0.560691,-0.806264,-0.188584],[0.184429,0.100427,-0.977702]]],"btipPosition":[-24.8861,250.603,-22.4239],"carpPosition":[-2.96471,285.326,27.818],"dipPosition":[-21.7261,252.323,-39.1757],"direction":[-0.506852,-0.604419,0.614637],"extended":false,"handId":281,"id":2813,"length":59.0831,"mcpPosition":[7.23394,294.193,-28.0127],"pipPosition":[-8.85021,267.678,-54.7898],"stabilizedTipPosition":[-33.8331,223.481,165.66],"timeVisible":8.34831,"tipPosition":[-24.0429,251.056,-26.459],"tipVelocity":[-0.400843,-36.111,-88.6246],"tool":false,"touchDistance":0.333333,"touchZone":"none","type":3,"width":16.5772},{"bases":[[[0.685627,-0.716143,0.130592],[0.654757,0.685083,0.319305],[-0.318134,-0.133417,0.938611]],[[0.617402,-0.72846,0.296919],[0.658529,0.272152,-0.701621],[0.430296,0.628712,0.647739]],[[0.617402,-0.72846,0.296919],[-0.301014,-0.567497,-0.76638],[0.726778,0.383787,-0.56965]],[[0.617402,-0.72846,0.296919],[-0.693999,-0.682111,-0.230415],[0.37038,-0.0638029,-0.926686]]],"btipPosition":[-11.3914,255.492,-18.7943],"carpPosition":[4.53463,274.659,27.2539],"dipPosition":[-5.5369,254.484,-33.4422],"direction":[-0.726778,-0.383787,0.56965],"extended":false,"handId":281,"id":2814,"length":46.32,"mcpPosition":[21.4512,281.754,-22.6561],"pipPosition":[7.49864,261.367,-43.6595],"stabilizedTipPosition":[-21.0836,231.879,157.973],"timeVisible":8.34831,"tipPosition":[-9.98664,255.37,-21.828],"tipVelocity":[-3.57075,-30.6423,-92.8616],"tool":false,"touchDistance":0.333333,"touchZone":"none","type":4,"width":14.7252}],"r":[[0.820583,-0.27403,0.501549],[0.551997,0.607449,-0.571231],[-0.148131,0.745596,0.649726]],"s":0.8491,"t":[39.8941,60.6232,-184.719],"timestamp":3268498997},false],[4,{"currentFrameRate":105.988,"devices":[],"gestures":[],"hands":[{"armBasis":[[0.884979,-0.159875,-0.437325],[0.343045,0.85894,0.380186],[0.314854,-0.486479,0.814988]],"armWidth":58.4334,"confidence":0.748284,"direction":[0.119191,0.335133,-0.934601],"elbow":[67.7136,154.984,235.533],"grabStrength":0,"id":281,"palmNormal":[-0.346335,-0.868153,-0.355474],"palmPosition":[-12.2182,291.151,-13.8591],"palmVelocity":[1.87285,-28.7766,-107.932],"palmWidth":83.4409,"pinchStrength":1,"r":[[0.820696,-0.272994,0.501928],[0.551842,0.606398,-0.572496],[-0.14808,0.74683,0.648318]],"s":0.852102,"sphereCenter":[-25.3474,263.603,-44.6103],"sphereRadius":41.1294,"stabilizedPalmPosition":[-25.3252,266.06,160.002],"t":[39.9127,60.3611,-185.526],"timeVisible":8.35775,"type":"right","wrist":[-10.2439,275.436,33.7424]}],"id":318687,"interactionBox":{"center":[0,200,0],"size":[235.247,235.247,147.751]},"pointables":[{"bases":[[[0.707463,0.694596,0.130508],[-0.640498,0.552058,0.533849],[0.298761,-0.461268,0.835448]],[[0.571783,0.806874,-0.148386],[-0.762138,0.589359,0.267957],[0.30366,-0.0401233,0.951935]],[[0.571783,0.806874,-0.148386],[-0.815594,0.539496,-0.209167],[-0.0887176,0.24062,0.966556]],[[0.571783,0.806874,-0.148386],[-0.741239,0.430571,-0.51495],[-0.351609,0.404429,0.84428]]],"btipPosition":[-41.9544,260.989,-58.433],"carpPosition":[-38.3741,275.356,33.4838],"dipPosition":[-49.5006,269.669,-40.3132],"direction":[0.0887176,-0.24062,-0.966556],"extended":false,"handId":281,"id":2810,"length":47.7925,"mcpPosition":[-38.3741,275.356,33.4838],"pipPosition":[-52.2745,277.192,-10.0921],"stabilizedTipPosition":[-77.1604,238.833,146.427],"timeVisible":8.35775,"tipPosition":[-44.1578,262.559,-54.2901],"tipVelocity":[6.40617,-21.9711,-100.821],"tool":false,"touchDistance":-0.475294,"touchZone":"hovering","type":0,"width":18.5699},{"bases":[[[0.937311,-0.304588,-0.169335],[0.336757,0.916674,0.215184],[0.0896821,-0.258719,0.96178]],[[0.941548,-0.325632,-0.086322],[0.333236,0.937853,0.0968794],[0.0494104,-0.119982,0.991546]],[[0.941548,-0.325632,-0.086322],[0.325448,0.945414,-0.016588],[0.0870117,-0.0124749,0.996129]],[[0.941548,-0.325632,-0.086322],[0.316558,0.942862,-0.103932],[0.115233,0.0705315,0.990831]]],"btipPosition":[-35.8434,312.857,-110.962],"carpPosition":[-24.1122,291.504,30.5938],"dipPosition":[-34.0379,313.962,-95.4376],"direction":[-0.0870117,0.0124749,-0.996129],"extended":true,"handId":281,"id":2811,"length":53.9285,"mcpPosition":[-30.1627,308.958,-34.2935],"pipPosition":[-32.1093,313.685,-73.3584],"stabilizedTipPosition":[-73.2039,278.865,77.5734],"timeVisible":8.35775,"tipPosition":[-35.5166,311.637,-107.346],"tipVelocity":[-2.46246,-13.9357,-108.706],"tool":false,"touchDistance":-0.501049,"touchZone":"hovering","type":1,"width":17.738},{"bases":[[[0.869575,-0.48852,-0.0720237],[0.49226,0.84608,0.204521],[-0.0389749,-0.213301,0.976209]],[[0.86898,-0.491311,-0.059043],[0.297252,0.613654,-0.731484],[0.395619,0.618095,0.679297]],[[0.86898,-0.491311,-0.059043],[-0.332392,-0.49114,-0.805169],[0.36659,0.719302,-0.590099]],[[0.86898,-0.491311,-0.059043],[-0.492429,-0.846778,-0.201201],[0.0488559,0.203914,-0.977769]]],"btipPosition":[-38.5598,253.727,-31.7268],"carpPosition":[-13.165,289.672,28.5186],"dipPosition":[-37.7179,257.241,-48.5766],"direction":[-0.36659,-0.719302,0.590099],"extended":false,"handId":281,"id":2812,"length":61.4471,"mcpPosition":[-10.6714,303.319,-33.9388],"pipPosition":[-28.1582,275.998,-63.9647],"stabilizedTipPosition":[-47.761,225.575,166.788],"timeVisible":8.35775,"tipPosition":[-38.2693,254.599,-35.5328],"tipVelocity":[2.21595,-39.9097,-69.2992],"tool":false,"touchDistance":0.333333,"touchZone":"none","type":2,"width":17.4211},{"bases":[[[0.814762,-0.576966,0.0572071],[0.551636,0.801785,0.229868],[-0.178494,-0.155731,0.971539]],[[0.80773,-0.582249,0.0925096],[0.440963,0.492517,-0.750319],[0.39131,0.646849,0.654571]],[[0.80773,-0.582249,0.0925096],[-0.301159,-0.542396,-0.784289],[0.506828,0.605634,-0.613459]],[[0.80773,-0.582249,0.0925096],[-0.559655,-0.806606,-0.190193],[0.185358,0.101851,-0.977378]]],"btipPosition":[-24.8118,250.367,-23.1516],"carpPosition":[-2.98078,285.055,27.1456],"dipPosition":[-21.6359,252.112,-39.8979],"direction":[-0.506828,-0.605634,0.613459],"extended":false,"handId":281,"id":2813,"length":59.0831,"mcpPosition":[7.27244,294,-28.6624],"pipPosition":[-8.76057,267.497,-55.482],"stabilizedTipPosition":[-33.8328,223.482,165.653],"timeVisible":8.35775,"tipPosition":[-23.9659,250.826,-27.1865],"tipVelocity":[2.07578,-32.767,-85.2899],"tool":false,"touchDistance":0.333333,"touchZone":"none","type":3,"width":16.5772},{"bases":[[[0.686206,-0.715606,0.130495],[0.653695,0.685355,0.320892],[-0.319068,-0.134894,0.938083]],[[0.618337,-0.728191,0.295632],[0.651425,0.264443,-0.711137],[0.439665,0.632304,0.637876]],[[0.618337,-0.728191,0.295632],[-0.310252,-0.571782,-0.759479],[0.722083,0.377894,-0.579477]],[[0.618337,-0.728191,0.295632],[-0.69576,-0.682133,-0.224971],[0.365482,-0.0665809,-0.928434]]],"btipPosition":[-11.4885,255.341,-18.9194],"carpPosition":[4.53005,274.396,26.577],"dipPosition":[-5.71145,254.288,-33.5949],"direction":[-0.722083,-0.377894,0.579477],"extended":false,"handId":281,"id":2814,"length":46.32,"mcpPosition":[21.4963,281.569,-23.3049],"pipPosition":[7.23988,261.066,-43.9884],"stabilizedTipPosition":[-21.0833,231.879,157.969],"timeVisible":8.35775,"tipPosition":[-10.0307,255.184,-22.1998],"tipVelocity":[-6.03073,-26.7825,-70.298],"tool":false,"touchDistance":0.333333,"touchZone":"none","type":4,"width":14.7252}],"r":[[0.820696,-0.272994,0.501928],[0.551842,0.606398,-0.572496],[-0.14808,0.74683,0.648318]],"s":0.852102,"t":[39.9127,60.3611,-185.526],"timestamp":3268508436},false],[5,{"currentFrameRate":105.967,"devices":[],"gestures":[],"hands":[{"armBasis":[[0.8862,-0.159464,-0.434996],[0.341122,0.859911,0.379722],[0.313506,-0.484897,0.816449]],"armWidth":58.4334,"confidence":0.752367,"direction":[0.118238,0.33522,-0.934691],"elbow":[67.4422,155.071,235.185],"grabStrength":0,"id":281,"palmNormal":[-0.344355,-0.869039,-0.355234],"palmPosition":[-12.2011,290.832,-14.5713],"palmVelocity":[1.85197,-30.1817,-98.5376],"palmWidth":83.4409,"pinchStrength":1,"r":[[0.820932,-0.271758,0.502213],[0.551413,0.605791,-0.573551],[-0.148369,0.747773,0.647165]],"s":0.854722,"sphereCenter":[-25.4565,263.408,-45.3047],"sphereRadius":41.126,"stabilizedPalmPosition":[-25.3251,266.061,160.001],"t":[39.9305,60.0705,-186.286],"timeVisible":8.36723,"type":"right","wrist":[-10.1815,275.131,33.033]}],"id":318688,"interactionBox":{"center":[0,200,0],"size":[235.247,235.247,147.751]},"pointables":[{"bases":[[[0.705851,0.696285,0.13024],[-0.6417,0.55066,0.533848],[0.299993,-0.460392,0.83549]],[[0.571109,0.807674,-0.14662],[-0.762368,0.588099,0.270063],[0.30435,-0.0424571,0.951614]],[[0.571109,0.807674,-0.14662],[-0.815921,0.538942,-0.209319],[-0.0900421,0.239174,0.966793]],[[0.571109,0.807674,-0.14662],[-0.741304,0.430741,-0.514714],[-0.352566,0.402648,0.844732]]],"btipPosition":[-41.8614,260.809,-59.1398],"carpPosition":[-38.3115,274.985,32.7794],"dipPosition":[-49.4281,269.45,-41.0102],"direction":[0.0900421,-0.239174,-0.966793],"extended":false,"handId":281,"id":2810,"length":47.7925,"mcpPosition":[-38.3115,274.985,32.7794],"pipPosition":[-52.2435,276.928,-10.7817],"stabilizedTipPosition":[-77.1601,238.833,146.426],"timeVisible":8.36723,"tipPosition":[-44.0386,262.321,-54.9903],"tipVelocity":[7.2407,-21.4004,-93.2323],"tool":false,"touchDistance":-0.466666,"touchZone":"hovering","type":0,"width":18.5699},{"bases":[[[0.937995,-0.302418,-0.169438],[0.334638,0.917507,0.214936],[0.0904598,-0.258309,0.961818]],[[0.942278,-0.323047,-0.0880445],[0.331026,0.938316,0.0999287],[0.0503318,-0.123306,0.991092]],[[0.942278,-0.323047,-0.0880445],[0.32307,0.946266,-0.0143922],[0.0879628,-0.0148831,0.996013]],[[0.942278,-0.323047,-0.0880445],[0.314014,0.943868,-0.102513],[0.116219,0.0689489,0.990828]]],"btipPosition":[-35.9446,312.7,-111.654],"carpPosition":[-24.0881,291.166,29.8836],"dipPosition":[-34.1237,313.781,-96.1299],"direction":[-0.0879628,0.0148831,-0.996013],"extended":true,"handId":281,"id":2811,"length":53.9285,"mcpPosition":[-30.191,308.593,-35.0062],"pipPosition":[-32.174,313.451,-74.0532],"stabilizedTipPosition":[-73.2034,278.866,77.5705],"timeVisible":8.36723,"tipPosition":[-35.5883,311.495,-108.047],"tipVelocity":[-4.71186,-14.8468,-98.4834],"tool":false,"touchDistance":-0.489661,"touchZone":"hovering","type":1,"width":17.738},{"bases":[[[0.870709,-0.486488,-0.0720768],[0.490304,0.847278,0.20426],[-0.0383012,-0.213191,0.976259]],[[0.870101,-0.489369,-0.0586684],[0.293883,0.610681,-0.735324],[0.395672,0.622565,0.675172]],[[0.870101,-0.489369,-0.0586684],[-0.332958,-0.495849,-0.802042],[0.363404,0.717392,-0.594379]],[[0.870101,-0.489369,-0.0586684],[-0.490613,-0.848567,-0.198073],[0.0471466,0.201127,-0.97843]]],"btipPosition":[-38.4647,253.308,-32.1365],"carpPosition":[-13.137,289.36,27.8068],"dipPosition":[-37.6522,256.774,-48.9977],"direction":[-0.363404,-0.717392,0.594379],"extended":false,"handId":281,"id":2812,"length":61.4471,"mcpPosition":[-10.6865,302.999,-34.6538],"pipPosition":[-28.1757,275.481,-64.4974],"stabilizedTipPosition":[-47.7596,225.579,166.758],"timeVisible":8.36723,"tipPosition":[-38.1838,254.183,-36.0555],"tipVelocity":[4.25321,-41.4918,-61.9051],"tool":false,"touchDistance":0.333333,"touchZone":"none","type":2,"width":17.4211},{"bases":[[[0.816127,-0.575036,0.0571819],[0.549789,0.803127,0.229606],[-0.177956,-0.15595,0.971602]],[[0.809129,-0.580319,0.0924172],[0.439733,0.493622,-0.750315],[0.389802,0.64774,0.654589]],[[0.809129,-0.580319,0.0924172],[-0.299832,-0.542969,-0.784402],[0.505382,0.606972,-0.61333]],[[0.809129,-0.580319,0.0924172],[-0.557709,-0.807917,-0.190342],[0.185124,0.102469,-0.977358]]],"btipPosition":[-24.7016,250.009,-23.8723],"carpPosition":[-2.94219,284.766,26.433],"dipPosition":[-21.5297,251.765,-40.6182],"direction":[-0.505382,-0.606972,0.61333],"extended":false,"handId":281,"id":2813,"length":59.0831,"mcpPosition":[7.28013,293.724,-29.3787],"pipPosition":[-8.69112,267.184,-56.199],"stabilizedTipPosition":[-33.8323,223.483,165.643],"timeVisible":8.36723,"tipPosition":[-23.8589,250.472,-27.8962],"tipVelocity":[4.78759,-34.1139,-82.6399],"tool":false,"touchDistance":0.333333,"touchZone":"none","type":3,"width":16.5772},{"bases":[[[0.687911,-0.713963,0.130521],[0.652137,0.686957,0.320635],[-0.318584,-0.135451,0.938167]],[[0.620093,-0.726673,0.295686],[0.650259,0.265204,-0.71192],[0.438916,0.633729,0.636977]],[[0.620093,-0.726673,0.295686],[-0.309374,-0.572851,-0.759032],[0.720952,0.379193,-0.580035]],[[0.620093,-0.726673,0.295686],[-0.694149,-0.683821,-0.224823],[0.365569,-0.0658386,-0.928453]]],"btipPosition":[-11.4075,255.018,-19.5962],"carpPosition":[4.59359,274.125,25.8653],"dipPosition":[-5.62904,253.977,-34.272],"direction":[-0.720952,-0.379193,0.580035],"extended":false,"handId":281,"id":2814,"length":46.32,"mcpPosition":[21.5341,281.327,-24.0212],"pipPosition":[7.30201,260.778,-44.6755],"stabilizedTipPosition":[-21.083,231.88,157.963],"timeVisible":8.36723,"tipPosition":[-9.94696,254.863,-22.8911],"tipVelocity":[-1.83919,-28.795,-70.6239],"tool":false,"touchDistance":0.333333,"touchZone":"none","type":4,"width":14.7252}],"r":[[0.820932,-0.271758,0.502213],[0.551413,0.605791,-0.573551],[-0.148369,0.747773,0.647165]],"s":0.854722,"t":[39.9305,60.0705,-186.286],"timestamp":3268517911},false],[6,{"currentFrameRate":105.985,"devices":[],"gestures":[],"hands":[{"armBasis":[[0.886929,-0.158799,-0.43375],[0.339736,0.860488,0.379658],[0.312947,-0.48409,0.817142]],"armWidth":58.4334,"confidence":0.757431,"direction":[0.117922,0.334193,-0.935099],"elbow":[67.3382,155.099,234.908],"grabStrength":0,"id":281,"palmNormal":[-0.343094,-0.869967,-0.354182],"palmPosition":[-12.181,290.597,-15.0397],"palmVelocity":[1.93341,-28.709,-84.6522],"palmWidth":83.4409,"pinchStrength":0.997502,"r":[[0.82118,-0.270414,0.502533],[0.55092,0.605311,-0.57453],[-0.148828,0.748649,0.646046]],"s":0.857644,"sphereCenter":[-25.6038,263.314,-45.7157],"sphereRadius":41.1306,"stabilizedPalmPosition":[-25.325,266.061,160],"t":[39.9494,59.8076,-186.9],"timeVisible":8.37663,"type":"right","wrist":[-10.1472,274.959,32.585]}],"id":318689,"interactionBox":{"center":[0,200,0],"size":[235.247,235.247,147.751]},"pointables":[{"bases":[[[0.704865,0.697427,0.129464],[-0.642547,0.550449,0.533046],[0.300498,-0.458912,0.836122]],[[0.571388,0.807712,-0.145318],[-0.761792,0.587871,0.272177],[0.305268,-0.0448166,0.951211]],[[0.571388,0.807712,-0.145318],[-0.815672,0.539394,-0.209125],[-0.0905294,0.238023,0.967031]],[[0.571388,0.807712,-0.145318],[-0.74159,0.432321,-0.512974],[-0.351512,0.400873,0.846014]]],"btipPosition":[-41.8763,260.78,-59.6086],"carpPosition":[-38.277,274.774,32.3272],"dipPosition":[-49.4204,269.383,-41.4516],"direction":[0.0905294,-0.238023,-0.967031],"extended":false,"handId":281,"id":2810,"length":47.7925,"mcpPosition":[-38.277,274.774,32.3272],"pipPosition":[-52.251,276.825,-11.2156],"stabilizedTipPosition":[-77.1598,238.833,146.424],"timeVisible":8.37663,"tipPosition":[-43.9811,262.218,-55.4398],"tipVelocity":[4.88467,-16.4471,-80.6825],"tool":false,"touchDistance":-0.45527,"touchZone":"hovering","type":0,"width":18.5699},{"bases":[[[0.93844,-0.301333,-0.168905],[0.333332,0.918243,0.21382],[0.0906649,-0.256959,0.96216]],[[0.942719,-0.321479,-0.0890597],[0.329721,0.9385,0.102474],[0.0506391,-0.125969,0.990741]],[[0.942719,-0.321479,-0.0890597],[0.321648,0.946772,-0.012847],[0.0884493,-0.0165347,0.995943]],[[0.942719,-0.321479,-0.0890597],[0.312448,0.944457,-0.101873],[0.116863,0.0682116,0.990803]]],"btipPosition":[-35.9789,312.567,-112.132],"carpPosition":[-24.0755,290.971,29.4129],"dipPosition":[-34.1478,313.636,-96.6083],"direction":[-0.0884493,0.0165347,-0.995943],"extended":true,"handId":281,"id":2811,"length":53.9285,"mcpPosition":[-30.1923,308.307,-35.5],"pipPosition":[-32.1874,313.27,-74.5331],"stabilizedTipPosition":[-73.2029,278.866,77.568],"timeVisible":8.37663,"tipPosition":[-35.6014,311.375,-108.532],"tipVelocity":[-4.33614,-14.7289,-84.9093],"tool":false,"touchDistance":-0.476199,"touchZone":"hovering","type":1,"width":17.738},{"bases":[[[0.871394,-0.485372,-0.0713208],[0.489098,0.848215,0.203259],[-0.0381608,-0.212001,0.976524]],[[0.870771,-0.488304,-0.0575885],[0.291806,0.607494,-0.738783],[0.395735,0.626506,0.671479]],[[0.870771,-0.488304,-0.0575885],[-0.333322,-0.500142,-0.799221],[0.36146,0.715134,-0.598272]],[[0.870771,-0.488304,-0.0575885],[-0.48951,-0.849934,-0.194918],[0.046233,0.197919,-0.979127]]],"btipPosition":[-38.3946,252.989,-32.3433],"carpPosition":[-13.1215,289.177,27.3402],"dipPosition":[-37.5979,256.4,-49.2165],"direction":[-0.36146,-0.715134,0.598272],"extended":false,"handId":281,"id":2812,"length":61.4471,"mcpPosition":[-10.68,302.741,-35.1374],"pipPosition":[-28.1721,275.048,-64.8177],"stabilizedTipPosition":[-47.7567,225.587,166.697],"timeVisible":8.37663,"tipPosition":[-38.1203,253.861,-36.342],"tipVelocity":[5.05484,-39.7132,-50.6156],"tool":false,"touchDistance":0.333333,"touchZone":"none","type":2,"width":17.4211},{"bases":[[[0.816914,-0.573831,0.0580419],[0.548639,0.80418,0.22867],[-0.177894,-0.15496,0.971772]],[[0.809945,-0.579061,0.0931536],[0.434918,0.486424,-0.757785],[0.393491,0.654278,0.645821]],[[0.809945,-0.579061,0.0931536],[-0.304053,-0.550375,-0.777585],[0.501539,0.601478,-0.621839]],[[0.809945,-0.579061,0.0931536],[-0.557632,-0.809517,-0.183656],[0.181758,0.0968062,-0.978567]]],"btipPosition":[-24.679,249.751,-23.7451],"carpPosition":[-2.9202,284.596,25.9738],"dipPosition":[-21.5648,251.41,-40.5117],"direction":[-0.501539,-0.601478,0.621839],"extended":false,"handId":281,"id":2813,"length":59.0831,"mcpPosition":[7.29856,293.497,-29.8477],"pipPosition":[-8.82384,266.689,-56.3087],"stabilizedTipPosition":[-33.8313,223.486,165.623],"timeVisible":8.37663,"tipPosition":[-23.8308,250.198,-27.9485],"tipVelocity":[3.70675,-32.8978,-55.3828],"tool":false,"touchDistance":0.333333,"touchZone":"none","type":3,"width":16.5772},{"bases":[[[0.688879,-0.712842,0.131538],[0.651134,0.688268,0.319863],[-0.318545,-0.134698,0.938289]],[[0.620924,-0.725438,0.296972],[0.650384,0.265308,-0.711767],[0.437553,0.6351,0.63655]],[[0.620924,-0.725438,0.296972],[-0.307888,-0.574113,-0.758683],[0.720873,0.37965,-0.579834]],[[0.620924,-0.725438,0.296972],[-0.692976,-0.685083,-0.224599],[0.366383,-0.0663361,-0.928096]]],"btipPosition":[-11.34,254.772,-20.0425],"carpPosition":[4.63041,273.964,25.4208],"dipPosition":[-5.5487,253.724,-34.7126],"direction":[-0.720873,-0.37965,0.579834],"extended":false,"handId":281,"id":2814,"length":46.32,"mcpPosition":[21.5688,281.127,-24.4721],"pipPosition":[7.38093,260.533,-45.1126],"stabilizedTipPosition":[-21.0824,231.881,157.954],"timeVisible":8.37663,"tipPosition":[-9.87891,254.616,-23.3289],"tipVelocity":[0.818997,-28.0765,-63.9853],"tool":false,"touchDistance":0.333333,"touchZone":"none","ty