{"sensorType":"Leap","data":[[0,{"currentFrameRate":96.6392,"devices":[],"gestures":[],"hands":[{"armBasis":[[0.910168,0.275629,-0.309231],[-0.0594829,0.825727,0.560924],[0.409947,-0.492141,0.767945]],"armWidth":58.4334,"confidence":0.667458,"direction":[-0.131836,0.426667,-0.894748],"elbow":[95.1949,179.697,219.776],"grabStrength":0,"id":283,"palmNormal":[0.0789655,-0.895238,-0.438536],"palmPosition":[-19.4306,318.234,-15.8222],"palmVelocity":[-7.93617,11.2412,-84.5719],"palmWidth":83.4409,"pinchStrength":0.658418,"r":[[0.68176,-0.305039,0.664946],[0.255457,0.950973,0.174335],[-0.685525,0.0510102,0.72626]],"s":1.10437,"sphereCenter":[-22.6195,291.446,-47.9519],"sphereRadius":42.1114,"stabilizedPalmPosition":[-73.1954,252.774,159.95],"t":[47.0947,102.768,-209.959],"timeVisible":7.33929,"type":"right","wrist":[-6.30762,301.55,29.6333]}],"id":320687,"interactionBox":{"center":[0,200,0],"size":[235.247,235.247,147.751]},"pointables":[{"bases":[[[0.301263,0.935677,0.183709],[-0.779098,0.130458,0.613178],[0.54977,-0.327855,0.768286]],[[0.155076,0.987815,-0.0131282],[-0.904534,0.147319,0.400144],[0.397202,-0.0501777,0.916358]],[[0.155076,0.987815,-0.0131282],[-0.985481,0.153752,-0.0720288],[-0.0691327,0.0241075,0.997316]],[[0.155076,0.987815,-0.0131282],[-0.905282,0.136774,-0.40219],[-0.395494,0.0742545,0.915462]]],"btipPosition":[-38.4769,287.936,-62.4752],"carpPosition":[-30.9442,287.987,30.3025],"dipPosition":[-46.965,289.53,-42.8277],"direction":[0.0691327,-0.0241075,-0.997316],"extended":false,"handId":283,"id":2830,"length":47.7925,"mcpPosition":[-30.9442,287.987,30.3025],"pipPosition":[-49.1265,290.284,-11.6448],"stabilizedTipPosition":[-82.25,236.745,68.3303],"timeVisible":7.33929,"tipPosition":[-40.5904,287.455,-57.8929],"tipVelocity":[11.9361,12.4955,-88.1684],"tool":false,"touchDistance":-0.4846,"touchZone":"hovering","type":0,"width":18.5699},{"bases":[[[0.951958,0.198284,-0.233365],[-0.121982,0.944527,0.304942],[0.280885,-0.261825,0.923337]],[[0.970382,0.178037,-0.163285],[-0.128622,0.952911,0.274621],[0.204489,-0.245485,0.947587]],[[0.970382,0.178037,-0.163285],[-0.152444,0.97563,0.157822],[0.187404,-0.128256,0.973874]],[[0.970382,0.178037,-0.163285],[-0.169759,0.983442,0.063437],[0.171876,-0.0338389,0.984537]]],"btipPosition":[-60.1987,339.885,-107.876],"carpPosition":[-26.3454,309.176,28.7623],"dipPosition":[-57.5058,339.355,-92.4503],"direction":[-0.187404,0.128256,-0.973874],"extended":true,"handId":283,"id":2831,"length":53.9285,"mcpPosition":[-45.2955,326.84,-33.5313],"pipPosition":[-53.352,336.512,-70.8643],"stabilizedTipPosition":[-75.3609,305.072,-31.3822],"timeVisible":7.33929,"tipPosition":[-58.7768,338.556,-104.589],"tipVelocity":[-22.3793,24.886,-78.6949],"tool":false,"touchDistance":-0.479544,"touchZone":"hovering","type":1,"width":17.738},{"bases":[[[0.987908,-0.00285656,-0.155016],[0.0469107,0.958474,0.281296],[0.147776,-0.285166,0.947018]],[[0.990333,-0.00782465,-0.138493],[-0.107948,0.583538,-0.804879],[0.0871136,0.812048,0.577052]],[[0.990333,-0.00782465,-0.138493],[-0.12027,-0.545886,-0.829182],[-0.0691132,0.837823,-0.54155]],[[0.990333,-0.00782465,-0.138493],[-0.0634184,-0.913493,-0.401881],[-0.123368,0.406778,-0.905158]]],"btipPosition":[-25.4309,266.5,-30.2429],"carpPosition":[-16.054,313.007,26.1328],"dipPosition":[-27.5569,273.51,-45.8414],"direction":[0.0691132,-0.837823,0.54155],"extended":false,"handId":283,"id":2832,"length":61.4471,"mcpPosition":[-25.5086,331.252,-34.457],"pipPosition":[-29.3591,295.358,-59.9635],"stabilizedTipPosition":[-80.7472,201.248,143.084],"timeVisible":7.33929,"tipPosition":[-25.8607,268.087,-33.5516],"tipVelocity":[5.09311,11.9899,-88.8345],"tool":false,"touchDistance":0.333333,"touchZone":"none","type":2,"width":17.4211},{"bases":[[[0.99252,-0.117036,-0.0347265],[0.122059,0.946241,0.299548],[-0.00219806,-0.301546,0.953449]],[[0.992359,-0.121832,-0.0195092],[0.0503597,0.544286,-0.837387],[0.112639,0.830006,0.546263]],[[0.992359,-0.121832,-0.0195092],[-0.0872269,-0.580896,-0.809291],[0.0872648,0.804809,-0.587084]],[[0.992359,-0.121832,-0.0195092],[-0.120199,-0.918883,-0.375775],[0.0278548,0.375249,-0.926506]]],"btipPosition":[-12.2344,270.42,-22.4473],"carpPosition":[-5.05144,313.981,23.9148],"dipPosition":[-11.7571,276.85,-38.3219],"direction":[-0.0872648,-0.804809,0.587084],"extended":false,"handId":283,"id":2833,"length":59.0831,"mcpPosition":[-4.92517,331.302,-30.8542],"pipPosition":[-9.5403,297.295,-53.236],"stabilizedTipPosition":[-63.6772,208.779,125.889],"timeVisible":7.33929,"tipPosition":[-12.0426,271.872,-25.801],"tipVelocity":[3.28491,14.8556,-89.9451],"tool":false,"touchDistance":0.333333,"touchZone":"none","type":3,"width":16.5772},{"bases":[[[0.951693,-0.305877,0.0268449],[0.27427,0.886136,0.37355],[-0.138048,-0.348142,0.927222]],[[0.955163,-0.296078,0.00105203],[0.16609,0.532868,-0.829738],[0.245106,0.79271,0.558152]],[[0.955163,-0.296078,0.00105203],[-0.171302,-0.55552,-0.813666],[0.241493,0.777004,-0.581331]],[[0.955163,-0.296078,0.00105203],[-0.271188,-0.876283,-0.398227],[0.118828,0.380087,-0.917286]]],"btipPosition":[-0.275943,281.193,-20.5672],"carpPosition":[6.54086,308.329,21.9096],"dipPosition":[1.60234,287.201,-35.0664],"direction":[-0.241493,-0.777004,0.581331],"extended":false,"handId":283,"id":2834,"length":46.32,"mcpPosition":[13.8815,326.842,-27.3949],"pipPosition":[5.93378,301.138,-45.4932],"stabilizedTipPosition":[-50.7002,220.891,117.619],"timeVisible":7.33929,"tipPosition":[0.114252,282.535,-23.7926],"tipVelocity":[1.70392,17.5041,-90.3559],"tool":false,"touchDistance":0.333333,"touchZone":"none","type":4,"width":14.7252}],"r":[[0.68176,-0.305039,0.664946],[0.255457,0.950973,0.174335],[-0.685525,0.0510102,0.72626]],"s":1.10437,"t":[47.0947,102.768,-209.959],"timestamp":3287752742},false],[1,{"currentFrameRate":97.1093,"devices":[],"gestures":[],"hands":[{"armBasis":[[0.910569,0.275069,-0.308545],[-0.0602105,0.826741,0.559352],[0.408947,-0.490751,0.769367]],"armWidth":58.4334,"confidence":0.674652,"direction":[-0.132497,0.424323,-0.895765],"elbow":[94.7891,180.162,219.295],"grabStrength":0,"id":283,"palmNormal":[0.0798727,-0.896223,-0.436354],"palmPosition":[-19.6169,318.229,-16.693],"palmVelocity":[-11.3355,7.90412,-86.9944],"palmWidth":83.4409,"pinchStrength":0.659132,"r":[[0.682373,-0.302416,0.665516],[0.252236,0.951906,0.173929],[-0.686108,0.0491821,0.725835]],"s":1.10435,"sphereCenter":[-23.0068,291.404,-48.7251],"sphereRadius":42.089,"stabilizedPalmPosition":[-73.1948,252.774,159.948],"t":[46.9172,102.85,-211.118],"timeVisible":7.34864,"type":"right","wrist":[-6.46591,301.672,28.8006]}],"id":320688,"interactionBox":{"center":[0,200,0],"size":[235.247,235.247,147.751]},"pointables":[{"bases":[[[0.300258,0.93646,0.181348],[-0.779115,0.131095,0.61302],[0.550295,-0.325355,0.768973]],[[0.154187,0.987923,-0.0153051],[-0.904899,0.147415,0.399284],[0.396718,-0.0477147,0.9167]],[[0.154187,0.987923,-0.0153051],[-0.985586,0.152694,-0.0728357],[-0.0696191,0.0263148,0.997227]],[[0.154187,0.987923,-0.0153051],[-0.904366,0.134873,-0.404884],[-0.39793,0.0762692,0.91424]]],"btipPosition":[-38.5303,287.807,-63.2561],"carpPosition":[-31.0872,288.082,29.5083],"dipPosition":[-47.0706,289.444,-43.6348],"direction":[0.0696191,-0.0263148,-0.997227],"extended":false,"handId":283,"id":2830,"length":47.7925,"mcpPosition":[-31.0872,288.082,29.5083],"pipPosition":[-49.2474,290.266,-12.4547],"stabilizedTipPosition":[-82.2472,236.749,68.3218],"timeVisible":7.34864,"tipPosition":[-40.6867,287.36,-58.6813],"tipVelocity":[6.56834,5.32842,-87.0265],"tool":false,"touchDistance":-0.476277,"touchZone":"hovering","type":0,"width":18.5699},{"bases":[[[0.951688,0.198771,-0.234051],[-0.122971,0.945136,0.302648],[0.281368,-0.259245,0.923918]],[[0.969958,0.178967,-0.164781],[-0.129312,0.953027,0.273893],[0.206059,-0.244356,0.947539]],[[0.969958,0.178967,-0.164781],[-0.153414,0.975672,0.156615],[0.188801,-0.126631,0.973817]],[[0.969958,0.178967,-0.164781],[-0.170938,0.983342,0.0617925],[0.173095,-0.0317686,0.984393]]],"btipPosition":[-60.5102,339.695,-108.757],"carpPosition":[-26.5124,309.273,27.9151],"dipPosition":[-57.7982,339.197,-93.3336],"direction":[-0.188801,0.126631,-0.973817],"extended":true,"handId":283,"id":2831,"length":53.9285,"mcpPosition":[-45.4951,326.763,-34.4178],"pipPosition":[-53.6134,336.39,-71.7489],"stabilizedTipPosition":[-75.3539,305.088,-31.4155],"timeVisible":7.34864,"tipPosition":[-59.0824,338.385,-105.47],"tipVelocity":[-25.3452,12.2861,-83.1093],"tool":false,"touchDistance":-0.473146,"touchZone":"hovering","type":1,"width":17.738},{"bases":[[[0.987878,-0.00213616,-0.155216],[0.0459004,0.959213,0.278933],[0.14829,-0.282676,0.947684]],[[0.990314,-0.00706567,-0.138665],[-0.108767,0.58127,-0.806408],[0.0862998,0.81368,0.574872]],[[0.990314,-0.00706567,-0.138665],[-0.119797,-0.548361,-0.827616],[-0.070191,0.836212,-0.543896]],[[0.990314,-0.00706567,-0.138665],[-0.0624341,-0.9147,-0.399281],[-0.124016,0.404071,-0.906282]]],"btipPosition":[-25.5603,266.459,-30.9674],"carpPosition":[-16.2258,313.109,25.274],"dipPosition":[-27.6975,273.422,-46.5852],"direction":[0.070191,-0.836212,0.543896],"extended":false,"handId":283,"id":2832,"length":61.4471,"mcpPosition":[-25.7133,331.194,-35.3584],"pipPosition":[-29.5278,295.228,-60.7685],"stabilizedTipPosition":[-80.7461,201.25,143.08],"timeVisible":7.34864,"tipPosition":[-25.9943,268.035,-34.2912],"tipVelocity":[-0.354677,7.0224,-85.7459],"tool":false,"touchDistance":0.333333,"touchZone":"none","type":2,"width":17.4211},{"bases":[[[0.992643,-0.116014,-0.0346477],[0.121066,0.947109,0.297198],[-0.00166415,-0.299207,0.954187]],[[0.992481,-0.120924,-0.018936],[0.0503887,0.544656,-0.837144],[0.111544,0.829896,0.546655]],[[0.992481,-0.120924,-0.018936],[-0.0862167,-0.580872,-0.809416],[0.0868784,0.804963,-0.58693]],[[0.992481,-0.120924,-0.018936],[-0.119167,-0.919335,-0.374998],[0.0279377,0.374435,-0.926832]]],"btipPosition":[-12.3852,270.409,-23.3676],"carpPosition":[-5.22477,314.089,23.0513],"dipPosition":[-11.9065,276.825,-39.2478],"direction":[-0.0868784,-0.804963,0.58693],"extended":false,"handId":283,"id":2833,"length":59.0831,"mcpPosition":[-5.12917,331.277,-31.76],"pipPosition":[-9.69945,297.274,-54.1579],"stabilizedTipPosition":[-63.6755,208.781,125.884],"timeVisible":7.34864,"tipPosition":[-12.1901,271.858,-26.6719],"tipVelocity":[-2.2089,10.2065,-92.3819],"tool":false,"touchDistance":0.333333,"touchZone":"none","type":3,"width":16.5772},{"bases":[[[0.952039,-0.304749,0.0273956],[0.273359,0.887355,0.371316],[-0.137468,-0.346019,0.928102]],[[0.955507,-0.294964,0.00145723],[0.165317,0.531424,-0.830818],[0.244287,0.794094,0.556542]],[[0.955507,-0.294964,0.00145723],[-0.17088,-0.557562,-0.812357],[0.240428,0.775964,-0.583158]],[[0.955507,-0.294964,0.00145723],[-0.270312,-0.877607,-0.395901],[0.118055,0.377892,-0.918292]]],"btipPosition":[-0.41637,281.205,-21.3652],"carpPosition":[6.37341,308.446,21.0575],"dipPosition":[1.4497,287.179,-35.8803],"direction":[-0.240428,-0.775964,0.583158],"extended":false,"handId":283,"id":2834,"length":46.32,"mcpPosition":[13.6832,326.845,-28.2937],"pipPosition":[5.76204,301.096,-46.3399],"stabilizedTipPosition":[-50.6973,220.894,117.611],"timeVisible":7.34864,"tipPosition":[-0.0303429,282.537,-24.5899],"tipVelocity":[-3.12356,12.6687,-89.041],"tool":false,"touchDistance":0.333333,"touchZone":"none","type":4,"width":14.7252}],"r":[[0.682373,-0.302416,0.665516],[0.252236,0.951906,0.173929],[-0.686108,0.0491821,0.725835]],"s":1.10435,"t":[46.9172,102.85,-211.118],"timestamp":3287762094},false],[2,{"currentFrameRate":97.5512,"devices":[],"gestures":[],"hands":[{"armBasis":[[0.910712,0.277287,-0.30613],[-0.0638111,0.826715,0.558991],[0.408083,-0.489545,0.770593]],"armWidth":58.4334,"confidence":0.603738,"direction":[-0.132983,0.425431,-0.895167],"elbow":[94.4439,180.471,218.667],"grabStrength":0,"id":283,"palmNormal":[0.0832771,-0.895199,-0.437817],"palmPosition":[-19.7562,318.275,-17.6099],"palmVelocity":[-12.3407,7.042,-90.0886],"palmWidth":83.4409,"pinchStrength":0.661529,"r":[[0.682919,-0.300095,0.666006],[0.248992,0.95275,0.173983],[-0.686749,0.047014,0.725373]],"s":1.10421,"sphereCenter":[-23.44,291.583,-49.6311],"sphereRadius":42.0584,"stabilizedPalmPosition":[-73.1943,252.775,159.947],"t":[46.7588,102.914,-212.156],"timeVisible":7.35801,"type":"right","wrist":[-6.59705,301.682,27.8686]}],"id":320689,"interactionBox":{"center":[0,200,0],"size":[235.247,235.247,147.751]},"pointables":[{"bases":[[[0.296978,0.937131,0.183272],[-0.780169,0.127463,0.612445],[0.550581,-0.324866,0.768975]],[[0.151106,0.988429,-0.0132251],[-0.906141,0.143848,0.397763],[0.395063,-0.0481206,0.917393]],[[0.151106,0.988429,-0.0132251],[-0.985917,0.149725,-0.0744925],[-0.0716504,0.0242951,0.997134]],[[0.151106,0.988429,-0.0132251],[-0.902149,0.132422,-0.410598],[-0.404096,0.0739749,0.91172]]],"btipPosition":[-38.3455,287.866,-64.2116],"carpPosition":[-31.174,288.01,28.5275],"dipPosition":[-47.0182,289.453,-44.6443],"direction":[0.0716504,-0.0242951,-0.997134],"extended":false,"handId":283,"id":2830,"length":47.7925,"mcpPosition":[-31.174,288.01,28.5275],"pipPosition":[-49.2584,290.213,-13.4671],"stabilizedTipPosition":[-82.2452,236.751,68.3158],"timeVisible":7.35801,"tipPosition":[-40.5768,287.454,-59.6609],"tipVelocity":[9.38223,5.26223,-91.6601],"tool":false,"touchDistance":-0.471501,"touchZone":"hovering","type":0,"width":18.5699},{"bases":[[[0.951265,0.202315,-0.232731],[-0.126401,0.9442,0.304152],[0.281279,-0.259912,0.923757]],[[0.969188,0.182895,-0.164996],[-0.132094,0.95129,0.278566],[0.207908,-0.248187,0.946138]],[[0.969188,0.182895,-0.164996],[-0.156611,0.974557,0.160345],[0.190125,-0.129564,0.973173]],[[0.969188,0.182895,-0.164996],[-0.17442,0.98255,0.064597],[0.173932,-0.033828,0.984177]]],"btipPosition":[-60.7748,339.934,-109.613],"carpPosition":[-26.6676,309.219,26.9756],"dipPosition":[-58.0496,339.404,-94.1927],"direction":[-0.190125,0.129564,-0.973173],"extended":true,"handId":283,"id":2831,"length":53.9285,"mcpPosition":[-45.6443,326.754,-35.3464],"pipPosition":[-53.8355,336.532,-72.6223],"stabilizedTipPosition":[-75.3476,305.102,-31.4465],"timeVisible":7.35801,"tipPosition":[-59.3429,338.639,-106.332],"tipVelocity":[-26.0777,15.8189,-85.4796],"tool":false,"touchDistance":-0.467013,"touchZone":"hovering","type":1,"width":17.738},{"bases":[[[0.988038,0.00139277,-0.154206],[0.0424478,0.958876,0.280634],[0.148255,-0.283823,0.947346]],[[0.990473,-0.00355673,-0.137663],[-0.109847,0.582481,-0.805388],[0.0830505,0.812837,0.576541]],[[0.990473,-0.00355673,-0.137663],[-0.117158,-0.54713,-0.828808],[-0.0723716,0.83704,-0.542334]],[[0.990473,-0.00355673,-0.137663],[-0.0590264,-0.914143,-0.401072],[-0.124417,0.405376,-0.905644]]],"btipPosition":[-25.516,266.51,-31.9936],"carpPosition":[-16.391,313.093,24.3517],"dipPosition":[-27.66,273.496,-47.6005],"direction":[0.0723716,-0.83704,0.542334],"extended":false,"handId":283,"id":2832,"length":61.4471,"mcpPosition":[-25.8763,331.252,-36.2591],"pipPosition":[-29.5473,295.323,-61.743],"stabilizedTipPosition":[-80.7452,201.251,143.077],"timeVisible":7.35801,"tipPosition":[-25.9519,268.091,-35.3139],"tipVelocity":[1.04254,6.72604,-92.4341],"tool":false,"touchDistance":0.333333,"touchZone":"none","type":2,"width":17.4211},{"bases":[[[0.993056,-0.112677,-0.0338292],[0.117635,0.946989,0.298956],[-0.00164972,-0.300859,0.953667]],[[0.992881,-0.117822,-0.0174654],[0.0502976,0.547662,-0.835187],[0.107968,0.828363,0.549689]],[[0.992881,-0.117822,-0.0174654],[-0.0829409,-0.578673,-0.811331],[0.0854857,0.807004,-0.584325]],[[0.992881,-0.117822,-0.0174654],[-0.115672,-0.918829,-0.377324],[0.0284092,0.376658,-0.925917]]],"btipPosition":[-12.3784,270.501,-24.4532],"carpPosition":[-5.39106,314.114,22.142],"dipPosition":[-11.8917,276.955,-40.3177],"direction":[-0.0854857,-0.807004,0.584325],"extended":false,"handId":283,"id":2833,"length":59.0831,"mcpPosition":[-5.29629,331.396,-32.6395],"pipPosition":[-9.72004,297.456,-55.1617],"stabilizedTipPosition":[-63.6743,208.783,125.88],"timeVisible":7.35801,"tipPosition":[-12.1791,271.956,-27.7344],"tipVelocity":[-1.32174,10.3701,-98.9545],"tool":false,"touchDistance":0.333333,"touchZone":"none","type":3,"width":16.5772},{"bases":[[[0.953011,-0.301652,0.0278467],[0.270048,0.887609,0.373127],[-0.137271,-0.348074,0.927362]],[[0.956534,-0.291619,0.00142975],[0.164421,0.535253,-0.828535],[0.240851,0.792757,0.559935]],[[0.956534,-0.291619,0.00142975],[-0.168268,-0.555923,-0.814024],[0.238179,0.778401,-0.580829]],[[0.956534,-0.291619,0.00142975],[-0.267059,-0.877926,-0.397398],[0.117144,0.379743,-0.917645]]],"btipPosition":[-0.406354,281.351,-22.395],"carpPosition":[6.22772,308.512,20.1504],"dipPosition":[1.44531,287.354,-36.8999],"direction":[-0.238179,-0.778401,0.580829],"extended":false,"handId":283,"id":2834,"length":46.32,"mcpPosition":[13.527,327.021,-29.1615],"pipPosition":[5.71731,301.315,-47.3177],"stabilizedTipPosition":[-50.6952,220.897,117.605],"timeVisible":7.35801,"tipPosition":[-0.0297072,282.681,-25.595],"tipVelocity":[-2.03327,13.6991,-94.9082],"tool":false,"touchDistance":0.333333,"touchZone":"none","type":4,"width":14.7252}],"r":[[0.682919,-0.300095,0.666006],[0.248992,0.95275,0.173983],[-0.686749,0.047014,0.725373]],"s":1.10421,"t":[46.7588,102.914,-212.156],"timestamp":3287771460},false],[3,{"currentFrameRate":97.9596,"devices":[],"gestures":[],"hands":[{"armBasis":[[0.909993,0.279082,-0.306637],[-0.0666748,0.828426,0.556115],[0.409228,-0.485616,0.77247]],"armWidth":58.4334,"confidence":0.615755,"direction":[-0.133702,0.421383,-0.896973],"elbow":[94.6251,181.581,218.393],"grabStrength":0,"id":283,"palmNormal":[0.0863634,-0.896701,-0.434129],"palmPosition":[-19.8793,318.186,-18.424],"palmVelocity":[-12.5574,2.33219,-89.1131],"palmWidth":83.4409,"pinchStrength":0.663233,"r":[[0.683446,-0.29727,0.666732],[0.245777,0.953712,0.173284],[-0.687383,0.0454372,0.724873]],"s":1.10368,"sphereCenter":[-23.8767,291.434,-50.2952],"sphereRadius":42.0275,"stabilizedPalmPosition":[-73.1939,252.775,159.945],"t":[46.618,102.902,-213.082],"timeVisible":7.3674,"type":"right","wrist":[-6.69931,301.819,27.1301]}],"id":320690,"interactionBox":{"center":[0,200,0],"size":[235.247,235.247,147.751]},"pointables":[{"bases":[[[0.293932,0.938788,0.179669],[-0.780978,0.127509,0.611404],[0.55107,-0.320029,0.770652]],[[0.14835,0.988794,-0.0167191],[-0.907135,0.142793,0.395873],[0.393824,-0.0435614,0.918153]],[[0.14835,0.988794,-0.0167191],[-0.986245,0.146679,-0.0762024],[-0.0728961,0.0277937,0.996952]],[[0.14835,0.988794,-0.0167191],[-0.900205,0.128021,-0.416223],[-0.409418,0.0767974,0.909109]]],"btipPosition":[-38.1956,287.55,-64.884],"carpPosition":[-31.234,288.073,27.8281],"dipPosition":[-46.9825,289.198,-45.3728],"direction":[0.0728961,-0.0277937,-0.996952],"extended":false,"handId":283,"id":2830,"length":47.7925,"mcpPosition":[-31.234,288.073,27.8281],"pipPosition":[-49.2617,290.067,-14.2013],"stabilizedTipPosition":[-82.2437,236.753,68.3113],"timeVisible":7.3674,"tipPosition":[-40.4861,287.184,-60.3524],"tipVelocity":[10.4579,-5.39632,-86.335],"tool":false,"touchDistance":-0.462965,"touchZone":"hovering","type":0,"width":18.5699},{"bases":[[[0.950787,0.204337,-0.232917],[-0.129549,0.945026,0.300237],[0.281462,-0.255288,0.924991]],[[0.968358,0.185712,-0.166713],[-0.134536,0.951102,0.278039],[0.210197,-0.246813,0.945992]],[[0.968358,0.185712,-0.166713],[-0.159499,0.974324,0.15891],[0.191944,-0.127291,0.973116]],[[0.968358,0.185712,-0.166713],[-0.177626,0.982124,0.0623069],[0.175304,-0.0307229,0.984035]]],"btipPosition":[-61.0641,339.539,-110.469],"carpPosition":[-26.7926,309.289,26.1933],"dipPosition":[-58.3175,339.057,-95.0513],"direction":[-0.191944,0.127291,-0.973116],"extended":true,"handId":283,"id":2831,"length":53.9285,"mcpPosition":[-45.7817,326.512,-36.2119],"pipPosition":[-54.063,336.236,-73.4821],"stabilizedTipPosition":[-75.3422,305.115,-31.4736],"timeVisible":7.3674,"tipPosition":[-59.6274,338.273,-107.188],"tipVelocity":[-27.2728,-0.322365,-87.1108],"tool":false,"touchDistance":-0.461497,"touchZone":"hovering","type":1,"width":17.738},{"bases":[[[0.988133,0.00384981,-0.153553],[0.039269,0.960133,0.276773],[0.148497,-0.279518,0.948588]],[[0.990572,-0.00102446,-0.13699],[-0.1111,0.579048,-0.807688],[0.0801514,0.815293,0.573475]],[[0.990572,-0.00102446,-0.13699],[-0.114909,-0.550654,-0.826787],[-0.0745871,0.834733,-0.54558]],[[0.990572,-0.00102446,-0.13699],[-0.0559263,-0.915874,-0.397552],[-0.125058,0.401465,-0.907296]]],"btipPosition":[-25.4698,266.345,-32.6156],"carpPosition":[-16.5264,313.184,23.5605],"dipPosition":[-27.625,273.263,-48.2509],"direction":[0.0745871,-0.834733,0.54558],"extended":false,"handId":283,"id":2832,"length":61.4471,"mcpPosition":[-26.0272,331.068,-37.1297],"pipPosition":[-29.57,295.031,-62.4781],"stabilizedTipPosition":[-80.7447,201.251,143.076],"timeVisible":7.3674,"tipPosition":[-25.9087,267.912,-35.9414],"tipVelocity":[2.06654,-0.661698,-85.1678],"tool":false,"touchDistance":0.333333,"touchZone":"none","type":2,"width":17.4211},{"bases":[[[0.993425,-0.109715,-0.0327115],[0.11448,0.948555,0.295193],[-0.00135858,-0.296996,0.954878]],[[0.993211,-0.11546,-0.014171],[0.0522067,0.551294,-0.832676],[0.103953,0.826283,0.553579]],[[0.993211,-0.11546,-0.014171],[-0.0784181,-0.574581,-0.814682],[0.0859205,0.810263,-0.579734]],[[0.993211,-0.11546,-0.014171],[-0.112138,-0.917926,-0.380575],[0.0309331,0.379581,-0.924641]]],"btipPosition":[-12.4221,270.349,-25.6086],"carpPosition":[-5.52819,314.231,21.354],"dipPosition":[-11.8921,276.852,-41.4513],"direction":[-0.0859205,-0.810263,0.579734],"extended":false,"handId":283,"id":2833,"length":59.0831,"mcpPosition":[-5.45015,331.291,-33.497],"pipPosition":[-9.70937,297.436,-56.1786],"stabilizedTipPosition":[-63.6736,208.784,125.878],"timeVisible":7.3674,"tipPosition":[-12.1951,271.839,-28.7338],"tipVelocity":[-1.96609,3.13347,-105.647],"tool":false,"touchDistance":0.333333,"touchZone":"none","type":3,"width":16.5772},{"bases":[[[0.953928,-0.298563,0.0297034],[0.267027,0.889952,0.369705],[-0.136815,-0.34474,0.928674]],[[0.957469,-0.288521,0.00297316],[0.163271,0.533267,-0.830042],[0.237899,0.795225,0.557694]],[[0.957469,-0.288521,0.00297316],[-0.166061,-0.55945,-0.812059],[0.235959,0.777027,-0.583568]],[[0.957469,-0.288521,0.00297316],[-0.264095,-0.880468,-0.393739],[0.11622,0.376208,-0.919217]]],"btipPosition":[-0.398871,281.319,-23.0756],"carpPosition":[6.10933,308.657,19.3928],"dipPosition":[1.43818,287.266,-37.6054],"direction":[-0.235959,-0.777027,0.583568],"extended":false,"handId":283,"id":2834,"length":46.32,"mcpPosition":[13.3844,326.989,-29.9888],"pipPosition":[5.67036,301.203,-48.0724],"stabilizedTipPosition":[-50.6937,220.899,117.601],"timeVisible":7.3674,"tipPosition":[-0.0284567,282.632,-26.2734],"tipVelocity":[-1.32941,8.44367,-88.6895],"tool":false,"touchDistance":0.333333,"touchZone":"none","type":4,"width":14.7252}],"r":[[0.683446,-0.29727,0.666732],[0.245777,0.953712,0.173284],[-0.687383,0.0454372,0.724873]],"s":1.10368,"t":[46.618,102.902,-213.082],"timestamp":3287780854},false],[4,{"currentFrameRate":98.1959,"devices":[],"gestures":[],"hands":[{"armBasis":[[0.910077,0.282901,-0.302865],[-0.0720717,0.82768,0.556553],[0.408125,-0.484678,0.773642]],"armWidth":58.4334,"confidence":0.626491,"direction":[-0.134357,0.416071,-0.899352],"elbow":[94.2647,182.121,217.68],"grabStrength":0,"id":283,"palmNormal":[0.0927527,-0.898316,-0.429448],"palmPosition":[-19.969,318.185,-19.5365],"palmVelocity":[-11.5865,1.62494,-96.555],"palmWidth":83.4409,"pinchStrength":0.666779,"r":[[0.683937,-0.293505,0.667896],[0.241965,0.954942,0.17187],[-0.688246,0.0440591,0.724138]],"s":1.10356,"sphereCenter":[-24.3472,291.387,-51.1833],"sphereRadius":42.0091,"stabilizedPalmPosition":[-73.1936,252.776,159.944],"t":[46.5028,102.895,-214.101],"timeVisible":7.37711,"type":"right","wrist":[-6.78664,302.126,26.1266]}],"id":320691,"interactionBox":{"center":[0,200,0],"size":[235.247,235.247,147.751]},"pointables":[{"bases":[[[0.28782,0.941452,0.175579],[-0.783041,0.125792,0.609116],[0.551367,-0.312802,0.773401]],[[0.142675,0.989548,-0.0209428],[-0.90926,0.139399,0.392192],[0.391013,-0.0369136,0.919645]],[[0.142675,0.989548,-0.0209428],[-0.986849,0.140598,-0.0797593],[-0.0759811,0.032047,0.996594]],[[0.142675,0.989548,-0.0209428],[-0.897252,0.120377,-0.424792],[-0.417831,0.0793982,0.905049]]],"btipPosition":[-37.7944,287.218,-65.8401],"carpPosition":[-31.2385,288.235,26.842],"dipPosition":[-46.7618,288.922,-46.4161],"direction":[0.0759811,-0.032047,-0.996594],"extended":false,"handId":283,"id":2830,"length":47.7925,"mcpPosition":[-31.2385,288.235,26.842],"pipPosition":[-49.1375,289.924,-15.2558],"stabilizedTipPosition":[-82.2423,236.755,68.3069],"timeVisible":7.37711,"tipPosition":[-40.1722,286.904,-61.3362],"tipVelocity":[18.238,-13.4119,-90.4798],"tool":false,"touchDistance":-0.459644,"touchZone":"hovering","type":0,"width":18.5699},{"bases":[[[0.950018,0.208972,-0.23194],[-0.135947,0.945706,0.295225],[0.281042,-0.248938,0.926847]],[[0.967106,0.191346,-0.167607],[-0.139981,0.950498,0.277415],[0.212392,-0.244828,0.946017]],[[0.967106,0.191346,-0.167607],[-0.165401,0.973626,0.157146],[0.193256,-0.124255,0.973249]],[[0.967106,0.191346,-0.167607],[-0.183821,0.98116,0.0594588],[0.175826,-0.0266933,0.984059]]],"btipPosition":[-61.29,339.082,-111.682],"carpPosition":[-26.9231,309.469,25.1102],"dipPosition":[-58.5351,338.664,-96.2636],"direction":[-0.193256,0.124255,-0.973249],"extended":true,"handId":283,"id":2831,"length":53.9285,"mcpPosition":[-45.8838,326.264,-37.4203],"pipPosition":[-54.2516,335.91,-74.6915],"stabilizedTipPosition":[-75.3376,305.125,-31.4979],"timeVisible":7.37711,"tipPosition":[-59.8438,337.839,-108.4],"tipVelocity":[-26.0377,-13.5591,-98.1561],"tool":false,"touchDistance":-0.46187,"touchZone":"hovering","type":1,"width":17.738},{"bases":[[[0.988416,0.00911639,-0.151495],[0.0328255,0.961726,0.27204],[0.148177,-0.273862,0.950286]],[[0.990859,0.00432047,-0.134835],[-0.112761,0.575191,-0.81021],[0.0740555,0.818008,0.57042]],[[0.990859,0.00432047,-0.134835],[-0.109811,-0.554748,-0.82474],[-0.0783629,0.832007,-0.549203]],[[0.990859,0.00432047,-0.134835],[-0.0495405,-0.918001,-0.393472],[-0.125479,0.396555,-0.909395]]],"btipPosition":[-25.223,266.248,-33.5396],"carpPosition":[-16.6752,313.414,22.4795],"dipPosition":[-27.3854,273.082,-49.2111],"direction":[0.0783629,-0.832007,0.549203],"extended":false,"handId":283,"id":2832,"length":61.4471,"mcpPosition":[-26.1555,330.936,-38.3194],"pipPosition":[-29.4289,294.779,-63.5328],"stabilizedTipPosition":[-80.7443,201.252,143.074],"timeVisible":7.37711,"tipPosition":[-25.6622,267.795,-36.8601],"tipVelocity":[8.85165,-3.96437,-88.3334],"tool":false,"touchDistance":0.333333,"touchZone":"none","type":2,"width":17.4211},{"bases":[[[0.994142,-0.103809,-0.0300751],[0.108066,0.950699,0.290676],[-0.00158236,-0.292223,0.956349]],[[0.9939,-0.109796,-0.0104027],[0.0512604,0.543407,-0.837903],[0.0976516,0.832258,0.54572]],[[0.9939,-0.109796,-0.0104027],[-0.0729735,-0.583971,-0.808488],[0.0826941,0.804315,-0.588421]],[[0.9939,-0.109796,-0.0104027],[-0.105783,-0.922365,-0.371553],[0.0312001,0.370387,-0.928353]]],"btipPosition":[-12.2244,270.424,-26.15],"carpPosition":[-5.6789,314.516,20.2908],"dipPosition":[-11.6898,276.77,-42.0562],"direction":[-0.0826941,-0.804315,0.588421],"extended":false,"handId":283,"id":2833,"length":59.0831,"mcpPosition":[-5.588,331.302,-34.6447],"pipPosition":[-9.58905,297.203,-57.0043],"stabilizedTipPosition":[-63.673,208.784,125.876],"timeVisible":7.37711,"tipPosition":[-11.9996,271.868,-29.4416],"tipVelocity":[4.60126,3.39603,-91.4713],"tool":false,"touchDistance":0.333333,"touchZone":"none","type":3,"width":16.5772},{"bases":[[[0.955665,-0.29258,0.0332021],[0.260809,0.893403,0.365801],[-0.136689,-0.340924,0.930101]],[[0.95923,-0.282558,0.00618493],[0.16174,0.530868,-0.831877],[0.23177,0.798962,0.554925]],[[0.95923,-0.282558,0.00618493],[-0.160989,-0.56425,-0.809756],[0.232293,0.775747,-0.586734]],[[0.95923,-0.282558,0.00618493],[-0.25792,-0.884117,-0.389633],[0.115562,0.372152,-0.92095]]],"btipPosition":[-0.243501,281.43,-23.9883],"carpPosition":[5.99654,309.004,18.3821],"dipPosition":[1.58316,287.312,-38.5455],"direction":[-0.232293,-0.775747,0.586734],"extended":false,"handId":283,"id":2834,"length":46.32,"mcpPosition":[13.2649,327.133,-31.0754],"pipPosition":[5.74959,301.226,-49.0692],"stabilizedTipPosition":[-50.6926,220.9,117.598],"timeVisible":7.37711,"tipPosition":[0.122079,282.724,-27.1856],"tipVelocity":[3.67135,8.84645,-90.4212],"tool":false,"touchDistance":0.333333,"touchZone":"none","type":4,"width":14.7252}],"r":[[0.683937,-0.293505,0.667896],[0.241965,0.954942,0.17187],[-0.688246,0.0440591,0.724138]],"s":1.10356,"t":[46.5028,102.895,-214.101],"timestamp":3287790568},false],[5,{"currentFrameRate":98.5636,"devices":[],"gestures":[],"hands":[{"armBasis":[[0.910615,0.283576,-0.300608],[-0.0740261,0.827578,0.556448],[0.406572,-0.484457,0.774597]],"armWidth":58.4334,"confidence":0.642491,"direction":[-0.134656,0.414115,-0.900209],"elbow":[93.8127,182.219,217.188],"grabStrength":0,"id":283,"palmNormal":[0.0950373,-0.898898,-0.427727],"palmPosition":[-20.0404,318.115,-20.3028],"palmVelocity":[-10.4443,-0.948441,-92.2232],"palmWidth":83.4409,"pinchStrength":0.668895,"r":[[0.684355,-0.289941,0.669023],[0.238467,0.956082,0.170416],[-0.689051,0.0429149,0.723441]],"s":1.10375,"sphereCenter":[-24.9133,291.38,-51.8197],"sphereRadius":42.0045,"stabilizedPalmPosition":[-73.1934,252.776,159.944],"t":[46.4094,102.857,-214.994],"timeVisible":7.38653,"type":"right","wrist":[-6.85411,302.17,25.3989]}],"id":320692,"interactionBox":{"center":[0,200,0],"size":[235.247,235.247,147.751]},"pointables":[{"bases":[[[0.285615,0.942409,0.174041],[-0.783739,0.12518,0.608345],[0.551523,-0.310155,0.774355]],[[0.140831,0.989784,-0.0222345],[-0.910059,0.138265,0.390738],[0.389821,-0.0347931,0.920233]],[[0.140831,0.989784,-0.0222345],[-0.987023,0.138617,-0.0810623],[-0.0771521,0.0333621,0.996461]],[[0.140831,0.989784,-0.0222345],[-0.895632,0.117799,-0.428913],[-0.421912,0.080318,0.903072]]],"btipPosition":[-37.6528,287.051,-66.5394],"carpPosition":[-31.2756,288.226,26.1231],"dipPosition":[-46.7078,288.775,-47.1578],"direction":[0.0771521,-0.0333621,-0.996461],"extended":false,"handId":283,"id":2830,"length":47.7925,"mcpPosition":[-31.2756,288.226,26.1231],"pipPosition":[-49.1201,289.818,-16.0016],"stabilizedTipPosition":[-82.241,236.756,68.3028],"timeVisible":7.38653,"tipPosition":[-40.0714,286.763,-62.0505],"tipVelocity":[16.7146,-14.5063,-86.1464],"tool":false,"touchDistance":-0.452648,"touchZone":"hovering","type":0,"width":18.5699},{"bases":[[[0.949713,0.210648,-0.231672],[-0.138243,0.945945,0.293388],[0.280951,-0.246607,0.927497]],[[0.966308,0.193765,-0.16942],[-0.141313,0.949543,0.279996],[0.215125,-0.246622,0.944933]],[[0.966308,0.193765,-0.16942],[-0.167205,0.972995,0.159135],[0.195679,-0.125446,0.972611]],[[0.966308,0.193765,-0.16942],[-0.185989,0.98067,0.0607797],[0.177922,-0.0272218,0.983668]]],"btipPosition":[-61.561,339.027,-112.418],"carpPosition":[-27.006,309.466,24.3551],"dipPosition":[-58.7733,338.601,-97.0057],"direction":[-0.195679,0.125446,-0.972611],"extended":true,"handId":283,"id":2831,"length":53.9285,"mcpPosition":[-45.9606,326.104,-38.2192],"pipPosition":[-54.4361,335.82,-75.4477],"stabilizedTipPosition":[-75.3337,305.135,-31.5187],"timeVisible":7.38653,"tipPosition":[-60.1026,337.785,-109.143],"tipVelocity":[-26.5928,-11.4043,-92.4924],"tool":false,"touchDistance":-0.455077,"touchZone":"hovering","type":1,"width":17.738},{"bases":[[[0.988498,0.0110259,-0.150833],[0.0305092,0.962296,0.270289],[0.148126,-0.271782,0.950891]],[[0.990948,0.0062486,-0.134101],[-0.113344,0.574238,-0.810804],[0.0719395,0.818664,0.569749]],[[0.990948,0.0062486,-0.134101],[-0.108034,-0.555857,-0.824228],[-0.0796912,0.831254,-0.550151]],[[0.990948,0.0062486,-0.134101],[-0.047278,-0.918676,-0.392171],[-0.125646,0.394961,-0.910065]]],"btipPosition":[-25.1786,266.148,-34.2677],"carpPosition":[-16.7651,313.429,21.7242],"dipPosition":[-27.3438,272.955,-49.9507],"direction":[0.0796912,-0.831254,0.550151],"extended":false,"handId":283,"id":2832,"length":61.4471,"mcpPosition":[-26.2421,330.818,-39.1134],"pipPosition":[-29.4219,294.632,-64.2971],"stabilizedTipPosition":[-80.744,201.252,143.073],"timeVisible":7.38653,"tipPosition":[-25.6172,267.687,-37.5796],"tipVelocity":[7.65221,-6.05235,-85.2691],"tool":false,"touchDistance":0.333333,"touchZone":"none","type":2,"width":17.4211},{"bases":[[[0.99439,-0.101663,-0.0292006],[0.105761,0.95147,0.288997],[-0.00159673,-0.290464,0.956885]],[[0.994133,-0.107801,-0.00889595],[0.0511905,0.541329,-0.839251],[0.0952881,0.833871,0.543671]],[[0.994133,-0.107801,-0.00889595],[-0.070859,-0.586895,-0.806556],[0.0817269,0.802454,-0.59109]],[[0.994133,-0.107801,-0.00889595],[-0.103483,-0.923914,-0.368339],[0.0314884,0.367098,-0.929649]]],"btipPosition":[-12.1979,270.396,-26.7566],"carpPosition":[-5.76975,314.552,19.5411],"dipPosition":[-11.6584,276.686,-42.685],"direction":[-0.0817269,-0.802454,0.59109],"extended":false,"handId":283,"id":2833,"length":59.0831,"mcpPosition":[-5.67803,331.237,-35.4252],"pipPosition":[-9.58224,297.071,-57.7009],"stabilizedTipPosition":[-63.6726,208.785,125.875],"timeVisible":7.38653,"tipPosition":[-11.9728,271.818,-30.0934],"tipVelocity":[4.12386,1.18107,-83.9074],"tool":false,"touchDistance":0.333333,"touchZone":"none","type":3,"width":16.5772},{"bases":[[[0.956287,-0.290401,0.0343981],[0.258578,0.89465,0.364332],[-0.136577,-0.339512,0.930633]],[[0.959883,-0.280312,0.0070704],[0.160456,0.528427,-0.833678],[0.229954,0.801367,0.552206]],[[0.959883,-0.280312,0.0070704],[-0.159816,-0.567635,-0.807619],[0.230399,0.77409,-0.589662]],[[0.959883,-0.280312,0.0070704],[-0.255894,-0.88602,-0.386637],[0.114643,0.369317,-0.922205]]],"btipPosition":[-0.219402,281.409,-24.5877],"carpPosition":[5.91917,309.062,17.6505],"dipPosition":[1.59273,287.246,-39.1647],"direction":[-0.230399,-0.77409,0.589662],"extended":false,"handId":283,"id":2834,"length":46.32,"mcpPosition":[13.1816,327.115,-31.8353],"pipPosition":[5.72518,301.131,-49.7409],"stabilizedTipPosition":[-50.6919,220.901,117.596],"timeVisible":7.38653,"tipPosition":[0.142078,282.693,-27.8276],"tipVelocity":[3.25281,5.38002,-82.9215],"tool":false,"touchDistance":0.333333,"touchZone":"none","type":4,"width":14.7252}],"r":[[0.684355,-0.289941,0.669023],[0.238467,0.956082,0.170416],[-0.689051,0.0429149,0.723441]],"s":1.10375,"t":[46.4094,102.857,-214.994],"timestamp":3287799985},false],[6,{"currentFrameRate":98.8364,"devices":[],"gestures":[],"hands":[{"armBasis":[[0.910773,0.2837,-0.300011],[-0.0750736,0.828248,0.55531],[0.406025,-0.483238,0.775644]],"armWidth":58.4334,"confidence":0.644513,"direction":[-0.134296,0.412832,-0.900852],"elbow":[93.6439,182.531,217.016],"grabStrength":0,"id":283,"palmNormal":[0.0960433,-0.899385,-0.426477],"palmPosition":[-20.0517,318.055,-20.7649],"palmVelocity":[-7.76179,-2.49577,-79.4957],"palmWidth":83.4409,"pinchStrength":0.664416,"r":[[0.684623,-0.286808,0.670099],[0.235494,0.957063,0.169033],[-0.689807,0.0420809,0.722769]],"s":1.10464,"sphereCenter":[-25.3646,291.388,-52.1861],"sphereRadius":42.0267,"stabilizedPalmPosition":[-73.1933,252.776,159.943],"t":[46.3571,102.808,-215.671],"timeVisible":7.39611,"type":"right","wrist":[-6.88748,302.18,24.9675]}],"id":320693,"interactionBox":{"center":[0,200,0],"size":[235.247,235.247,147.751]},"pointables":[{"bases":[[[0.284766,0.942854,0.173019],[-0.78429,0.125379,0.607594],[0.551179,-0.308719,0.775174]],[[0.140987,0.989761,-0.0222519],[-0.910179,0.138428,0.390399],[0.389482,-0.034788,0.920377]],[[0.140987,0.989761,-0.0222519],[-0.98708,0.138806,-0.0800333],[-0.0761251,0.0332481,0.996544]],[[0.140987,0.989761,-0.0222519],[-0.897672,0.118326,-0.424481],[-0.417501,0.0798212,0.905164]]],"btipPosition":[-37.7873,287.057,-67.0248],"carpPosition":[-31.2989,288.218,25.6917],"dipPosition":[-46.7477,288.771,-47.5983],"direction":[0.0761251,-0.0332481,-0.996544],"extended":false,"handId":283,"id":2830,"length":47.7925,"mcpPosition":[-31.2989,288.218,25.6917],"pipPosition":[-49.1279,289.81,-16.4396],"stabilizedTipPosition":[-82.2399,236.758,68.2994],"timeVisible":7.39611,"tipPosition":[-40.1041,286.762,-62.5105],"tipVelocity":[8.46992,-10.2005,-75.5696],"tool":false,"touchDistance":-0.442843,"touchZone":"hovering","type":0,"width":18.5699},{"bases":[[[0.949726,0.211069,-0.231237],[-0.139184,0.946223,0.292044],[0.280444,-0.245177,0.92803]],[[0.965811,0.194846,-0.17101],[-0.141215,0.948587,0.283267],[0.217411,-0.249433,0.943671]],[[0.965811,0.194846,-0.17101],[-0.167561,0.972506,0.161725],[0.19782,-0.127541,0.971906]],[[0.965811,0.194846,-0.17101],[-0.186706,0.980418,0.0626154],[0.179862,-0.028546,0.983278]]],"btipPosition":[-61.7329,339.102,-112.838],"carpPosition":[-27.0442,309.459,23.899],"dipPosition":[-58.9148,338.654,-97.4323],"direction":[-0.19782,0.127541,-0.971906],"extended":true,"handId":283,"id":2831,"length":53.9285,"mcpPosition":[-45.9645,326,-38.7113],"pipPosition":[-54.5301,335.827,-75.89],"stabilizedTipPosition":[-75.3303,305.143,-31.5376],"timeVisible":7.39611,"tipPosition":[-60.2685,337.855,-109.571],"tipVelocity":[-23.8765,-6.00193,-78.4722],"tool":false,"touchDistance":-0.444232,"touchZone":"hovering","type":1,"width":17.738},{"bases":[[[0.988602,0.0115828,-0.150107],[0.0295728,0.962672,0.26905],[0.14762,-0.270422,0.951357]],[[0.991043,0.00682906,-0.133366],[-0.113173,0.573086,-0.811643],[0.0708874,0.819467,0.568725]],[[0.991043,0.00682906,-0.133366],[-0.106992,-0.557018,-0.82358],[-0.0799115,0.830473,-0.551298]],[[0.991043,0.00682906,-0.133366],[-0.0462841,-0.919223,-0.391007],[-0.125263,0.393677,-0.910674]]],"btipPosition":[-25.1398,266.066,-34.6655],"carpPosition":[-16.8043,313.426,21.2706],"dipPosition":[-27.2984,272.85,-50.359],"direction":[0.0799115,-0.830473,0.551298],"extended":false,"handId":283,"id":2832,"length":61.4471,"mcpPosition":[-26.249,330.728,-39.5968],"pipPosition":[-29.3823,294.506,-64.7353],"stabilizedTipPosition":[-80.7438,201.253,143.072],"timeVisible":7.39611,"tipPosition":[-25.5772,267.6,-37.9804],"tipVelocity":[6.65624,-6.95244,-72.6827],"tool":false,"touchDistance":0.333333,"touchZone":"none","type":2,"width":17.4211},{"bases":[[[0.994489,-0.100942,-0.0283227],[0.104819,0.951929,0.287828],[-0.00209263,-0.28921,0.957263]],[[0.99421,-0.107194,-0.00754286],[0.0518239,0.539782,-0.840208],[0.0941368,0.834952,0.542211]],[[0.99421,-0.107194,-0.00754286],[-0.0696096,-0.588963,-0.805157],[0.0818656,0.80102,-0.593014]],[[0.99421,-0.107194,-0.00754286],[-0.102503,-0.924948,-0.366011],[0.0322574,0.364664,-0.93058]]],"btipPosition":[-12.1774,270.36,-27.1005],"carpPosition":[-5.80817,314.555,19.0942],"dipPosition":[-11.6247,276.609,-43.0449],"direction":[-0.0818656,-0.80102,0.593014],"extended":false,"handId":283,"id":2833,"length":59.0831,"mcpPosition":[-5.68797,331.168,-35.8938],"pipPosition":[-9.54501,296.957,-58.1097],"stabilizedTipPosition":[-63.6724,208.785,125.874],"timeVisible":7.39611,"tipPosition":[-11.9499,271.766,-30.4707],"tipVelocity":[3.64246,-0.517015,-70.126],"tool":false,"touchDistance":0.333333,"touchZone":"none","type":3,"width":16.5772},{"bases":[[[0.956482,-0.289626,0.0354949],[0.257623,0.895324,0.363352],[-0.137016,-0.338395,0.930975]],[[0.960164,-0.279336,0.00752913],[0.159357,0.525228,-0.835908],[0.229544,0.803808,0.548819]],[[0.960164,-0.279336,0.00752913],[-0.159886,-0.571277,-0.805034],[0.229176,0.77176,-0.593181]],[[0.960164,-0.279336,0.00752913],[-0.255229,-0.887634,-0.383359],[0.113769,0.366165,-0.923569]]],"btipPosition":[-0.179875,281.371,-24.8422],"carpPosition":[5.88634,309.071,17.2196],"dipPosition":[1.61844,287.159,-39.4408],"direction":[-0.229176,-0.771761,0.593181],"extended":false,"handId":283,"id":2834,"length":46.32,"mcpPosition":[13.1721,327.065,-32.2844],"pipPosition":[5.72895,301.001,-50.0802],"stabilizedTipPosi