{"sensorType":"Leap","data":[[0,{"currentFrameRate":104.346,"devices":[],"gestures":[],"hands":[{"armBasis":[[0.885452,0.383106,-0.263066],[-0.184205,0.80902,0.558171],[0.426665,-0.445776,0.786919]],"armWidth":58.4334,"confidence":0.536066,"direction":[-0.171273,0.385831,-0.906532],"elbow":[106.5,186.217,227.475],"grabStrength":0,"id":283,"palmNormal":[0.214852,-0.883355,-0.41656],"palmPosition":[-13.4929,310.338,-13.4285],"palmVelocity":[-16.8127,96.5899,-191.048],"palmWidth":83.4409,"pinchStrength":0.51928,"r":[[0.648469,-0.155895,0.745107],[0.0467603,0.985115,0.165415],[-0.759804,-0.0724246,0.646106]],"s":1.19763,"sphereCenter":[-5.53012,284.761,-44.5537],"sphereRadius":42.3926,"stabilizedPalmPosition":[-32.465,261.226,-1.30873],"t":[53.0384,94.0459,-207.035],"timeVisible":18.4899,"type":"right","wrist":[0.858634,296.591,32.6349]}],"id":321849,"interactionBox":{"center":[0,200,0],"size":[235.247,235.247,147.751]},"pointables":[{"bases":[[[0.161319,0.972469,0.168165],[-0.803061,0.0303042,0.595125],[0.573645,-0.231052,0.785841]],[[-0.0248678,0.996132,-0.0842803],[-0.942902,0.00463865,0.333039],[0.332141,0.08775,0.939139]],[[-0.0248678,0.996132,-0.0842803],[-0.993201,-0.0342093,-0.111275],[-0.113727,0.0809401,0.990209]],[[-0.0248678,0.996132,-0.0842803],[-0.945436,-0.0508305,-0.321818],[-0.324857,0.0716787,0.943043]]],"btipPosition":[-26.2889,271.589,-61.0481],"carpPosition":[-21.6127,279.675,33.1422],"dipPosition":[-33.2609,273.127,-40.8086],"direction":[0.113727,-0.0809401,-0.990209],"extended":false,"handId":283,"id":2830,"length":47.7925,"mcpPosition":[-21.6127,279.675,33.1422],"pipPosition":[-36.8168,275.658,-9.84795],"stabilizedTipPosition":[-42.2458,225.91,-44.4067],"timeVisible":18.4899,"tipPosition":[-28.9675,272.614,-56.3794],"tipVelocity":[11.7702,68.5184,-189.003],"tool":false,"touchDistance":-0.562643,"touchZone":"touching","type":0,"width":18.5699},{"bases":[[[0.919104,0.32712,-0.219636],[-0.261469,0.923376,0.281088],[0.294756,-0.200922,0.934211]],[[0.948126,0.30026,-0.104406],[-0.275835,0.94031,0.199329],[0.158025,-0.16019,0.974355]],[[0.948126,0.30026,-0.104406],[-0.294691,0.95334,0.0655706],[0.119223,-0.0314016,0.992371]],[[0.948126,0.30026,-0.104406],[-0.305643,0.951318,-0.0397018],[0.0874028,0.0695534,0.993742]]],"btipPosition":[-50.1581,320.741,-107.771],"carpPosition":[-20.0343,301.268,31.2101],"dipPosition":[-48.7887,321.831,-92.2007],"direction":[-0.119223,0.0314016,-0.992371],"extended":true,"handId":283,"id":2831,"length":53.9285,"mcpPosition":[-39.9203,314.824,-31.8171],"pipPosition":[-46.1461,321.135,-70.2047],"stabilizedTipPosition":[-95.1138,261.849,13.3726],"timeVisible":18.4899,"tipPosition":[-49.4005,319.575,-104.255],"tipVelocity":[-9.35171,125.468,-194.238],"tool":false,"touchDistance":-0.566832,"touchZone":"hovering","type":1,"width":17.738},{"bases":[[[0.981494,0.134729,-0.13608],[-0.0957845,0.960751,0.260352],[0.165816,-0.242499,0.955876]],[[0.984632,0.129822,-0.116818],[-0.164267,0.461321,-0.871894],[-0.0593001,0.877684,0.475557]],[[0.984632,0.129822,-0.116818],[0.0304113,-0.786132,-0.61731],[-0.171975,0.60427,-0.777999]],[[0.984632,0.129822,-0.116818],[0.126281,-0.991295,-0.0372466],[-0.120637,0.0219222,-0.992455]]],"btipPosition":[-11.7593,267.057,-16.0951],"carpPosition":[-10.3351,306.472,28.6909],"dipPosition":[-13.8382,267.435,-33.198],"direction":[0.171975,-0.60427,0.777999],"extended":false,"handId":283,"id":2832,"length":61.4471,"mcpPosition":[-20.944,321.987,-32.4657],"pipPosition":[-18.3228,283.193,-53.4859],"stabilizedTipPosition":[-48.5901,222.386,80.9527],"timeVisible":18.4899,"tipPosition":[-12.3128,267.426,-20.5372],"tipVelocity":[-16.9422,94.048,-180.734],"tool":false,"touchDistance":0.333333,"touchZone":"none","type":2,"width":17.4211},{"bases":[[[0.999607,0.0247631,-0.0131689],[-0.0200818,0.959702,0.280303],[0.0195793,-0.279928,0.959821]],[[0.999699,0.0232282,-0.00790709],[-0.0172461,0.435935,-0.899813],[-0.017454,0.899678,0.436205]],[[0.999699,0.0232282,-0.00790709],[0.014483,-0.818721,-0.574008],[-0.0198069,0.573721,-0.818811]],[[0.999699,0.0232282,-0.00790709],[0.0232479,-0.999727,0.00241465],[-0.00784884,-0.00259774,-0.999966]]],"btipPosition":[0.692235,273.646,-8.41222],"carpPosition":[0.464142,308.959,26.6612],"dipPosition":[0.557754,273.602,-25.5455],"direction":[0.0198069,-0.573721,0.818811],"extended":false,"handId":283,"id":2833,"length":59.0831,"mcpPosition":[-0.660552,325.038,-28.4738],"pipPosition":[0.0545864,288.176,-46.3463],"stabilizedTipPosition":[-39.4086,232.635,112.421],"timeVisible":18.4899,"tipPosition":[0.618805,273.89,-12.7078],"tipVelocity":[-18.519,89.8767,-189.241],"tool":false,"touchDistance":0.333333,"touchZone":"none","type":3,"width":16.5772},{"bases":[[[0.984639,-0.166715,0.0518766],[0.137447,0.923344,0.358532],[-0.107673,-0.345894,0.932075]],[[0.988203,-0.152514,0.0139375],[0.090183,0.50594,-0.857841],[0.123781,0.848978,0.513725]],[[0.988203,-0.152514,0.0139375],[-0.107493,-0.755546,-0.646217],[0.109087,0.637095,-0.763027]],[[0.988203,-0.152514,0.0139375],[-0.150724,-0.984649,-0.0880312],[0.0271495,0.084892,-0.99602]]],"btipPosition":[12.1084,283.071,-11.7853],"carpPosition":[12.7824,304.976,25.0055],"dipPosition":[12.5376,284.413,-27.5291],"direction":[-0.109087,-0.637095,0.763027],"extended":false,"handId":283,"id":2834,"length":46.32,"mcpPosition":[18.5079,323.369,-24.557],"pipPosition":[14.4942,295.84,-41.2148],"stabilizedTipPosition":[-16.2084,237.588,35.9507],"timeVisible":18.4899,"tipPosition":[11.8204,283.776,-15.5132],"tipVelocity":[-12.5091,89.3424,-186.831],"tool":false,"touchDistance":0.333333,"touchZone":"none","type":4,"width":14.7252}],"r":[[0.648469,-0.155895,0.745107],[0.0467603,0.985115,0.165415],[-0.759804,-0.0724246,0.646106]],"s":1.19763,"t":[53.0384,94.0459,-207.035],"timestamp":3298903375},false],[1,{"currentFrameRate":104.65,"devices":[],"gestures":[],"hands":[{"armBasis":[[0.88552,0.383698,-0.261973],[-0.186097,0.809588,0.556718],[0.425701,-0.444232,0.788312]],"armWidth":58.4334,"confidence":0.551663,"direction":[-0.17104,0.38969,-0.904924],"elbow":[106.195,186.983,226.675],"grabStrength":0,"id":283,"palmNormal":[0.215514,-0.881419,-0.420302],"palmPosition":[-13.545,310.914,-14.5199],"palmVelocity":[-13.7906,87.7006,-171.96],"palmWidth":83.4409,"pinchStrength":0.522433,"r":[[0.647257,-0.156569,0.746019],[0.0470381,0.985017,0.165917],[-0.760819,-0.0723,0.644924]],"s":1.19834,"sphereCenter":[-5.8977,285.588,-45.7293],"sphereRadius":42.3349,"stabilizedPalmPosition":[-32.4574,261.246,-1.31405],"t":[52.925,94.8319,-208.569],"timeVisible":18.4989,"type":"right","wrist":[0.791647,296.975,31.49]}],"id":321850,"interactionBox":{"center":[0,200,0],"size":[235.247,235.247,147.751]},"pointables":[{"bases":[[[0.16073,0.971811,0.17248],[-0.803363,0.0272913,0.594864],[0.573388,-0.234176,0.785103]],[[-0.0268983,0.996267,-0.082033],[-0.943266,0.0018725,0.332034],[0.330948,0.0863101,0.939694]],[[-0.0268983,0.996267,-0.082033],[-0.993001,-0.0360704,-0.112464],[-0.115003,0.0784338,0.990264]],[[-0.0268983,0.996267,-0.082033],[-0.943086,-0.0525013,-0.328378],[-0.331459,0.0685314,0.940977]]],"btipPosition":[-26.1111,272.17,-62.2603],"carpPosition":[-21.671,280.044,31.9127],"dipPosition":[-33.2248,273.641,-42.0652],"direction":[0.115003,-0.0784338,-0.990264],"extended":false,"handId":283,"id":2830,"length":47.7925,"mcpPosition":[-21.671,280.044,31.9127],"pipPosition":[-36.8205,276.094,-11.1028],"stabilizedTipPosition":[-42.2417,225.923,-44.4104],"timeVisible":18.4989,"tipPosition":[-28.8027,273.204,-57.6139],"tipVelocity":[12.9739,67.0027,-174.473],"tool":false,"touchDistance":-0.553048,"touchZone":"touching","type":0,"width":18.5699},{"bases":[[[0.919038,0.328553,-0.217765],[-0.262087,0.922006,0.284984],[0.294413,-0.204838,0.933468]],[[0.947971,0.30127,-0.10289],[-0.275317,0.938093,0.210194],[0.159845,-0.17093,0.972231]],[[0.947971,0.30127,-0.10289],[-0.294454,0.952608,0.0763818],[0.121025,-0.0421116,0.991756]],[[0.947971,0.30127,-0.10289],[-0.305635,0.951698,-0.0293046],[0.0890911,0.0592266,0.994261]]],"btipPosition":[-50.3418,322.207,-108.766],"carpPosition":[-20.1031,301.647,30.0756],"dipPosition":[-48.9459,323.135,-93.1878],"direction":[-0.121025,0.0421116,-0.991756],"extended":true,"handId":283,"id":2831,"length":53.9285,"mcpPosition":[-39.9658,315.467,-32.9015],"pipPosition":[-46.2634,322.201,-71.2054],"stabilizedTipPosition":[-94.8531,262.199,12.6872],"timeVisible":18.4989,"tipPosition":[-49.5638,320.978,-105.266],"tipVelocity":[-12.2067,134.642,-171.283],"tool":false,"touchDistance":-0.553383,"touchZone":"hovering","type":1,"width":17.738},{"bases":[[[0.981488,0.135832,-0.135018],[-0.0964121,0.959557,0.264491],[0.165484,-0.246577,0.95489]],[[0.984622,0.130839,-0.115763],[-0.164064,0.464856,-0.870053],[-0.060024,0.875666,0.479173]],[[0.984622,0.130839,-0.115763],[0.031062,-0.783197,-0.620998],[-0.171916,0.607852,-0.775216]],[[0.984622,0.130839,-0.115763],[0.126731,-0.991039,-0.0421944],[-0.120246,0.0268747,-0.99238]]],"btipPosition":[-11.7846,267.623,-17.3728],"carpPosition":[-10.4054,306.867,27.5837],"dipPosition":[-13.8568,268.087,-34.4744],"direction":[0.171916,-0.607852,0.775217],"extended":false,"handId":283,"id":2832,"length":61.4471,"mcpPosition":[-20.993,322.643,-33.5097],"pipPosition":[-18.3398,283.938,-54.6898],"stabilizedTipPosition":[-48.5742,222.406,80.9078],"timeVisible":18.4989,"tipPosition":[-12.3359,268.017,-21.8039],"tipVelocity":[-13.0201,86.1331,-170.151],"tool":false,"touchDistance":0.333333,"touchZone":"none","type":2,"width":17.4211},{"bases":[[[0.9996,0.0253411,-0.0125786],[-0.0207184,0.95846,0.284473],[0.019265,-0.284099,0.958601]],[[0.999683,0.0239223,-0.00779214],[-0.0175901,0.443123,-0.896288],[-0.0179884,0.896141,0.443404]],[[0.999683,0.0239223,-0.00779214],[0.0148828,-0.811992,-0.583479],[-0.0202853,0.583179,-0.812091]],[[0.999683,0.0239223,-0.00779214],[0.0238483,-0.999671,-0.00944587],[-0.00801555,0.00925705,-0.999925]]],"btipPosition":[0.676605,273.996,-9.89962],"carpPosition":[0.393554,309.368,25.5701],"dipPosition":[0.539268,274.155,-27.0322],"direction":[0.0202853,-0.583179,0.812091],"extended":false,"handId":283,"id":2833,"length":59.0831,"mcpPosition":[-0.713084,325.687,-29.4948],"pipPosition":[0.0239475,288.97,-47.6623],"stabilizedTipPosition":[-39.3954,232.648,112.38],"timeVisible":18.4989,"tipPosition":[0.599077,274.338,-14.0808],"tipVelocity":[-13.9372,77.3471,-182.727],"tool":false,"touchDistance":0.333333,"touchZone":"none","type":3,"width":16.5772},{"bases":[[[0.984702,-0.166427,0.0516244],[0.136792,0.921843,0.362619],[-0.107939,-0.35001,0.930506]],[[0.98845,-0.151127,0.011316],[0.0880742,0.512075,-0.854413],[0.12333,0.845541,0.519471]],[[0.98845,-0.151127,0.011316],[-0.107233,-0.750216,-0.652439],[0.107091,0.64369,-0.757757]],[[0.98845,-0.151127,0.011316],[-0.149366,-0.984115,-0.0959584],[0.0256382,0.0931598,-0.995321]]],"btipPosition":[12.1292,283.576,-13.0963],"carpPosition":[12.7147,305.399,23.903],"dipPosition":[12.5345,285.048,-28.829],"direction":[-0.107091,-0.64369,0.757757],"extended":false,"handId":283,"id":2834,"length":46.32,"mcpPosition":[18.4543,324.011,-25.5761],"pipPosition":[14.4553,296.594,-42.4202],"stabilizedTipPosition":[-16.199,237.604,35.9332],"timeVisible":18.4989,"tipPosition":[11.8357,284.316,-16.7736],"tipVelocity":[-8.61187,81.1467,-175.521],"tool":false,"touchDistance":0.333333,"touchZone":"none","type":4,"width":14.7252}],"r":[[0.647257,-0.156569,0.746019],[0.0470381,0.985017,0.165917],[-0.760819,-0.0723,0.644924]],"s":1.19834,"t":[52.925,94.8319,-208.569],"timestamp":3298912362},false],[2,{"currentFrameRate":104.572,"devices":[],"gestures":[],"hands":[{"armBasis":[[0.886331,0.381583,-0.262321],[-0.184221,0.810319,0.556279],[0.42483,-0.444722,0.788506]],"armWidth":58.4334,"confidence":0.566882,"direction":[-0.168899,0.388598,-0.905795],"elbow":[105.923,187.477,225.848],"grabStrength":0,"id":283,"palmNormal":[0.213564,-0.882737,-0.418528],"palmPosition":[-13.5087,311.489,-15.4362],"palmVelocity":[-8.66008,79.3619,-149.255],"palmWidth":83.4409,"pinchStrength":0.5285,"r":[[0.646024,-0.157209,0.746952],[0.0477665,0.98497,0.165991],[-0.761821,-0.0715552,0.643824]],"s":1.19927,"sphereCenter":[-6.50837,286.298,-46.5287],"sphereRadius":42.232,"stabilizedPalmPosition":[-32.4479,261.271,-1.32115],"t":[52.8864,95.5122,-209.795],"timeVisible":18.5086,"type":"right","wrist":[0.735329,297.589,30.6146]}],"id":321851,"interactionBox":{"center":[0,200,0],"size":[235.247,235.247,147.751]},"pointables":[{"bases":[[[0.163219,0.971659,0.170993],[-0.803981,0.0305433,0.59387],[0.571817,-0.234406,0.78618]],[[-0.0266071,0.995832,-0.0872373],[-0.944136,0.00364236,0.329537],[0.328481,0.0911319,0.940104]],[[-0.0266071,0.995832,-0.0872373],[-0.992563,-0.0366878,-0.116071],[-0.118787,0.0835002,0.989402]],[[-0.0266071,0.995832,-0.0872373],[-0.939048,-0.054821,-0.339387],[-0.342755,0.0728899,0.936593]]],"btipPosition":[-25.741,272.375,-63.0307],"carpPosition":[-21.7747,280.722,31.04],"dipPosition":[-33.0971,273.94,-42.9297],"direction":[0.118787,-0.0835002,-0.989402],"extended":false,"handId":283,"id":2830,"length":47.7925,"mcpPosition":[-21.7747,280.722,31.04],"pipPosition":[-36.8112,276.551,-11.9942],"stabilizedTipPosition":[-42.237,225.938,-44.4149],"timeVisible":18.5086,"tipPosition":[-28.5015,273.481,-58.4298],"tipVelocity":[18.6524,54.2223,-147.289],"tool":false,"touchDistance":-0.537958,"touchZone":"touching","type":0,"width":18.5699},{"bases":[[[0.9202,0.32563,-0.217249],[-0.259865,0.923219,0.283085],[0.29275,-0.204039,0.934166]],[[0.948906,0.298488,-0.10238],[-0.271278,0.937362,0.218542],[0.161199,-0.179602,0.970442]],[[0.948906,0.298488,-0.10238],[-0.290553,0.953026,0.0855544],[0.123107,-0.0514363,0.991059]],[[0.948906,0.298488,-0.10238],[-0.301962,0.953112,-0.0199359],[0.0916286,0.0498321,0.994546]]],"btipPosition":[-50.4105,323.518,-109.64],"carpPosition":[-20.1447,302.317,29.1675],"dipPosition":[-48.9749,324.299,-94.0571],"direction":[-0.123107,0.0514363,-0.991059],"extended":true,"handId":283,"id":2831,"length":53.9285,"mcpPosition":[-39.8953,316.083,-33.8567],"pipPosition":[-46.2462,323.159,-72.0901],"stabilizedTipPosition":[-94.5081,262.673,11.7724],"timeVisible":18.5086,"tipPosition":[-49.6054,322.182,-106.15],"tipVelocity":[-10.4288,133.76,-147.463],"tool":false,"touchDistance":-0.539469,"touchZone":"hovering","type":1,"width":17.738},{"bases":[[[0.982019,0.132881,-0.134097],[-0.094063,0.960276,0.262722],[0.163681,-0.245384,0.955508]],[[0.985118,0.127909,-0.114816],[-0.16173,0.463626,-0.871145],[-0.0581956,0.87675,0.477413]],[[0.985118,0.127909,-0.114816],[0.029563,-0.784127,-0.619895],[-0.16932,0.607276,-0.776239]],[[0.985118,0.127909,-0.114816],[0.123947,-0.99144,-0.0410333],[-0.119082,0.0261916,-0.992539]]],"btipPosition":[-11.8621,268.165,-18.2108],"carpPosition":[-10.4296,307.506,26.6781],"dipPosition":[-13.9142,268.616,-35.3152],"direction":[0.16932,-0.607276,0.776239],"extended":false,"handId":283,"id":2832,"length":61.4471,"mcpPosition":[-20.9019,323.206,-34.4549],"pipPosition":[-18.3296,284.452,-55.5572],"stabilizedTipPosition":[-48.5547,222.43,80.8525],"timeVisible":18.5086,"tipPosition":[-12.4069,268.557,-22.6332],"tipVelocity":[-11.4064,77.1654,-145.635],"tool":false,"touchDistance":0.333333,"touchZone":"none","type":2,"width":17.4211},{"bases":[[[0.99968,0.0225516,-0.0114459],[-0.0183961,0.959004,0.282795],[0.0173541,-0.282494,0.959112]],[[0.999751,0.0212179,-0.00691863],[-0.0155915,0.442233,-0.896765],[-0.0159679,0.896649,0.442453]],[[0.999751,0.0212179,-0.00691863],[0.0131887,-0.811791,-0.583799],[-0.0180035,0.583562,-0.811869]],[[0.999751,0.0212179,-0.00691863],[0.0211466,-0.999724,-0.01022],[-0.00713357,0.0100711,-0.999924]]],"btipPosition":[0.61547,274.465,-10.7929],"carpPosition":[0.378515,309.973,24.6728],"dipPosition":[0.493244,274.638,-27.9255],"direction":[0.0180035,-0.583562,0.811869],"extended":false,"handId":283,"id":2833,"length":59.0831,"mcpPosition":[-0.618356,326.201,-30.4214],"pipPosition":[0.0358894,289.462,-48.5499],"stabilizedTipPosition":[-39.3808,232.664,112.333],"timeVisible":18.5086,"tipPosition":[0.541122,274.821,-14.9421],"tipVelocity":[-11.5965,68.9399,-156.179],"tool":false,"touchDistance":0.333333,"touchZone":"none","type":3,"width":16.5772},{"bases":[[[0.984175,-0.169063,0.0530703],[0.138921,0.922086,0.361189],[-0.109999,-0.348101,0.930981]],[[0.988212,-0.152772,0.00992924],[0.0879794,0.513626,-0.853492],[0.12529,0.844304,0.521012]],[[0.988212,-0.152772,0.00992924],[-0.109057,-0.747988,-0.654691],[0.107446,0.64589,-0.755831]],[[0.988212,-0.152772,0.00992924],[-0.151077,-0.983631,-0.0982143],[0.0247711,0.0955564,-0.995116]]],"btipPosition":[12.1584,284.005,-14.0852],"carpPosition":[12.6906,305.968,23.0271],"dipPosition":[12.55,285.516,-29.8147],"direction":[-0.107446,-0.64589,0.755831],"extended":false,"handId":283,"id":2834,"length":46.32,"mcpPosition":[18.5397,324.478,-26.4772],"pipPosition":[14.4771,297.101,-43.3713],"stabilizedTipPosition":[-16.1882,237.621,35.913],"timeVisible":18.5086,"tipPosition":[11.8626,284.756,-17.7048],"tipVelocity":[-5.30629,70.6172,-153.942],"tool":false,"touchDistance":0.333333,"touchZone":"none","type":4,"width":14.7252}],"r":[[0.646024,-0.157209,0.746952],[0.0477665,0.98497,0.165991],[-0.761821,-0.0715552,0.643824]],"s":1.19927,"t":[52.8864,95.5122,-209.795],"timestamp":3298922070},false],[3,{"currentFrameRate":104.757,"devices":[],"gestures":[],"hands":[{"armBasis":[[0.88794,0.377604,-0.262636],[-0.182636,0.813503,0.552138],[0.422145,-0.442299,0.791306]],"armWidth":58.4334,"confidence":0.579765,"direction":[-0.166937,0.387328,-0.906702],"elbow":[105.164,188.605,225.52],"grabStrength":0,"id":283,"palmNormal":[0.211071,-0.884248,-0.416597],"palmPosition":[-13.5216,311.971,-16.4966],"palmVelocity":[-6.63019,71.817,-139.743],"palmWidth":83.4409,"pinchStrength":0.535658,"r":[[0.644816,-0.157835,0.747864],[0.0489528,0.984966,0.165667],[-0.762768,-0.0702145,0.642849]],"s":1.20016,"sphereCenter":[-7.18758,286.891,-47.466],"sphereRadius":42.1289,"stabilizedPalmPosition":[-32.4381,261.297,-1.329],"t":[52.8607,96.0934,-210.938],"timeVisible":18.5178,"type":"right","wrist":[0.641374,298.118,29.5931]}],"id":321852,"interactionBox":{"center":[0,200,0],"size":[235.247,235.247,147.751]},"pointables":[{"bases":[[[0.16619,0.971471,0.169187],[-0.80435,0.0342974,0.593166],[0.570441,-0.234664,0.787102]],[[-0.0254895,0.995422,-0.0921207],[-0.944878,0.00610071,0.327366],[0.32643,0.0953872,0.940396]],[[-0.0254895,0.995422,-0.0921207],[-0.992039,-0.0365549,-0.120505],[-0.123321,0.0883157,0.988429]],[[-0.0254895,0.995422,-0.0921207],[-0.933944,-0.0565754,-0.352914],[-0.35651,0.0770399,0.93111]]],"btipPosition":[-25.3582,272.542,-63.9019],"carpPosition":[-21.9228,281.324,30.0342],"dipPosition":[-33.0096,274.196,-43.9185],"direction":[0.123321,-0.0883157,-0.988429],"extended":false,"handId":283,"id":2830,"length":47.7925,"mcpPosition":[-21.9228,281.324,30.0342],"pipPosition":[-36.8654,276.957,-13.0135],"stabilizedTipPosition":[-42.2323,225.952,-44.4195],"timeVisible":18.5178,"tipPosition":[-28.2252,273.691,-59.3552],"tipVelocity":[23.0076,44.7532,-133.394],"tool":false,"touchDistance":-0.525968,"touchZone":"touching","type":0,"width":18.5699},{"bases":[[[0.921408,0.322253,-0.217162],[-0.257136,0.924607,0.281038],[0.291355,-0.20311,0.934804]],[[0.949913,0.295282,-0.102346],[-0.266926,0.936917,0.225692],[0.162533,-0.187069,0.968808]],[[0.949913,0.295282,-0.102346],[-0.286323,0.953547,0.0936381],[0.125241,-0.0596441,0.990332]],[[0.949913,0.295282,-0.102346],[-0.297953,0.954511,-0.0115257],[0.0942871,0.0414428,0.994682]]],"btipPosition":[-50.5355,324.655,-110.652],"carpPosition":[-20.2223,302.91,28.1199],"dipPosition":[-49.0582,325.305,-95.0672],"direction":[-0.125241,0.0596441,-0.990332],"extended":true,"handId":283,"id":2831,"length":53.9285,"mcpPosition":[-39.8788,316.613,-34.9474],"pipPosition":[-46.2822,323.983,-73.1164],"stabilizedTipPosition":[-94.0423,263.326,10.5231],"timeVisible":18.5178,"tipPosition":[-49.7105,323.241,-107.173],"tipVelocity":[-11.0199,129.996,-136.972],"tool":false,"touchDistance":-0.529032,"touchZone":"touching","type":1,"width":17.738},{"bases":[[[0.982545,0.129473,-0.133577],[-0.0912,0.961094,0.260733],[0.162138,-0.244,0.956125]],[[0.985614,0.124527,-0.114271],[-0.159534,0.462245,-0.872283],[-0.0558017,0.877965,0.475462]],[[0.985614,0.124527,-0.114271],[0.027498,-0.785257,-0.618559],[-0.16676,0.606519,-0.777384]],[[0.985614,0.124527,-0.114271],[0.120733,-0.991896,-0.0395703],[-0.118273,0.0252047,-0.992661]]],"btipPosition":[-12.0089,268.616,-19.1823],"carpPosition":[-10.4887,308.062,25.6279],"dipPosition":[-14.0471,269.05,-36.2887],"direction":[0.16676,-0.606519,0.777384],"extended":false,"handId":283,"id":2832,"length":61.4471,"mcpPosition":[-20.8622,323.673,-35.5446],"pipPosition":[-18.3957,284.866,-56.5607],"stabilizedTipPosition":[-48.535,222.456,80.7955],"timeVisible":18.5178,"tipPosition":[-12.5487,269.005,-23.597],"tipVelocity":[-12.5834,69.163,-134.445],"tool":false,"touchDistance":0.333333,"touchZone":"none","type":2,"width":17.4211},{"bases":[[[0.999756,0.0193334,-0.0106919],[-0.0155535,0.95962,0.28087],[0.0156903,-0.280635,0.959686]],[[0.999817,0.0180588,-0.00633337],[-0.0136612,0.441747,-0.897036],[-0.0134016,0.896958,0.441913]],[[0.999817,0.0180588,-0.00633337],[0.0109571,-0.811524,-0.584217],[-0.0156899,0.58404,-0.811573]],[[0.999817,0.0180588,-0.00633337],[0.0179903,-0.999781,-0.0107093],[-0.00652538,0.0105934,-0.999923]]],"btipPosition":[0.487061,274.842,-11.8578],"carpPosition":[0.328873,310.491,23.6264],"dipPosition":[0.375256,275.024,-28.9903],"direction":[0.0156899,-0.58404,0.811573],"extended":false,"handId":283,"id":2833,"length":59.0831,"mcpPosition":[-0.572425,326.611,-31.5009],"pipPosition":[-0.0233253,289.861,-49.6072],"stabilizedTipPosition":[-39.3672,232.678,112.289],"timeVisible":18.5178,"tipPosition":[0.416068,275.208,-15.9645],"tipVelocity":[-12.1837,61.1832,-144.863],"tool":false,"touchDistance":0.333333,"touchZone":"none","type":3,"width":16.5772},{"bases":[[[0.983587,-0.172101,0.0541934],[0.141582,0.922356,0.359463],[-0.11185,-0.34589,0.931584]],[[0.987868,-0.155047,0.00874722],[0.0881771,0.513663,-0.853449],[0.127832,0.843866,0.521103]],[[0.987868,-0.155047,0.00874722],[-0.111401,-0.74677,-0.655686],[0.108194,0.646757,-0.754983]],[[0.987868,-0.155047,0.00874722],[-0.153428,-0.983154,-0.0993395],[0.0240022,0.0967923,-0.995015]]],"btipPosition":[12.1119,284.342,-15.1657],"carpPosition":[12.6294,306.443,21.9985],"dipPosition":[12.4913,285.872,-30.8936],"direction":[-0.108194,-0.646757,0.754983],"extended":false,"handId":283,"id":2834,"length":46.32,"mcpPosition":[18.5769,324.835,-27.5379],"pipPosition":[14.4319,297.472,-44.435],"stabilizedTipPosition":[-16.1783,237.638,35.8938],"timeVisible":18.5178,"tipPosition":[11.8151,285.099,-18.7512],"tipVelocity":[-5.32073,61.2333,-143.716],"tool":false,"touchDistance":0.333333,"touchZone":"none","type":4,"width":14.7252}],"r":[[0.644816,-0.157835,0.747864],[0.0489528,0.984966,0.165667],[-0.762768,-0.0702145,0.642849]],"s":1.20016,"t":[52.8607,96.0934,-210.938],"timestamp":3298931271},false],[4,{"currentFrameRate":104.804,"devices":[],"gestures":[],"hands":[{"armBasis":[[0.888682,0.377823,-0.259798],[-0.184854,0.813725,0.551072],[0.419612,-0.441703,0.792984]],"armWidth":58.4334,"confidence":0.587929,"direction":[-0.165564,0.391786,-0.905037],"elbow":[104.432,189.474,224.006],"grabStrength":0,"id":283,"palmNormal":[0.211954,-0.882121,-0.42064],"palmPosition":[-13.5555,312.918,-18.379],"palmVelocity":[-5.75915,79.9149,-156.734],"palmWidth":83.4409,"pinchStrength":0.540198,"r":[[0.643613,-0.159046,0.748643],[0.0498019,0.9848,0.166402],[-0.763729,-0.0698144,0.641751]],"s":1.20133,"sphereCenter":[-7.68611,288.166,-49.4006],"sphereRadius":42.0706,"stabilizedPalmPosition":[-32.4273,261.327,-1.3388],"t":[52.8309,96.8572,-212.45],"timeVisible":18.5273,"type":"right","wrist":[0.536286,298.839,27.6643]}],"id":321853,"interactionBox":{"center":[0,200,0],"size":[235.247,235.247,147.751]},"pointables":[{"bases":[[[0.165686,0.970658,0.174276],[-0.805315,0.0311677,0.592028],[0.569224,-0.238437,0.786849]],[[-0.0266727,0.995701,-0.0887014],[-0.945553,0.00366292,0.325448],[0.324373,0.0925525,0.94139]],[[-0.0266727,0.995701,-0.0887014],[-0.991598,-0.0375893,-0.123776],[-0.126578,0.0846547,0.988338]],[[-0.0266727,0.995701,-0.0887014],[-0.929505,-0.0573549,-0.364323],[-0.367844,0.0727309,0.927039]]],"btipPosition":[-25.0208,273.593,-65.9059],"carpPosition":[-22.0245,282.037,27.9855],"dipPosition":[-32.9154,275.154,-46.0099],"direction":[0.126578,-0.0846547,-0.988338],"extended":false,"handId":283,"id":2830,"length":47.7925,"mcpPosition":[-22.0245,282.037,27.9855],"pipPosition":[-36.8731,277.801,-15.1077],"stabilizedTipPosition":[-42.2267,225.97,-44.4257],"timeVisible":18.5273,"tipPosition":[-27.9413,274.706,-61.3962],"tipVelocity":[24.9449,63.1078,-156.493],"tool":false,"touchDistance":-0.532066,"touchZone":"touching","type":0,"width":18.5699},{"bases":[[[0.921681,0.323539,-0.21407],[-0.257809,0.923142,0.285208],[0.289893,-0.207681,0.934254]],[[0.949978,0.296044,-0.0994962],[-0.266099,0.934005,0.238381],[0.163501,-0.199981,0.966062]],[[0.949978,0.296044,-0.0994962],[-0.285533,0.952335,0.10737],[0.12654,-0.0735902,0.989228]],[[0.949978,0.296044,-0.0994962],[-0.297272,0.954789,0.00258455],[0.0957631,0.0271222,0.995035]]],"btipPosition":[-50.6307,326.73,-112.426],"carpPosition":[-20.3261,303.633,26.1812],"dipPosition":[-49.1303,327.155,-96.8362],"direction":[-0.12654,0.0735902,-0.989228],"extended":true,"handId":283,"id":2831,"length":53.9285,"mcpPosition":[-39.8839,317.645,-36.849],"pipPosition":[-46.3255,325.523,-74.9099],"stabilizedTipPosition":[-93.3284,264.362,8.57556],"timeVisible":18.5273,"tipPosition":[-49.7903,325.236,-108.967],"tipVelocity":[-10.5886,154.021,-151.454],"tool":false,"touchDistance":-0.531061,"touchZone":"touching","type":1,"width":17.738},{"bases":[[[0.982728,0.13036,-0.131344],[-0.0918495,0.959766,0.265353],[0.160651,-0.248706,0.955163]],[[0.985774,0.125308,-0.112017],[-0.158185,0.466405,-0.870312],[-0.0568121,0.875651,0.479592]],[[0.985774,0.125308,-0.112017],[0.0285794,-0.781722,-0.622972],[-0.16563,0.610908,-0.774182]],[[0.985774,0.125308,-0.112017],[0.120885,-0.991624,-0.0454753],[-0.116777,0.0312872,-0.992665]]],"btipPosition":[-12.0254,269.538,-21.2841],"carpPosition":[-10.5897,308.8,23.7305],"dipPosition":[-14.0378,270.077,-38.3906],"direction":[0.16563,-0.610908,0.774182],"extended":false,"handId":283,"id":2832,"length":61.4471,"mcpPosition":[-20.8681,324.713,-37.3805],"pipPosition":[-18.357,286.008,-58.5791],"stabilizedTipPosition":[-48.5138,222.483,80.7333],"timeVisible":18.5273,"tipPosition":[-12.5576,269.959,-25.6824],"tipVelocity":[-9.30112,78.0157,-159.599],"tool":false,"touchDistance":0.333333,"touchZone":"none","type":2,"width":17.4211},{"bases":[[[0.999767,0.0196159,-0.00897968],[-0.0162353,0.95821,0.285604],[0.0142068,-0.285392,0.958306]],[[0.99982,0.0183739,-0.00480974],[-0.0124599,0.443398,-0.896238],[-0.0143347,0.896137,0.443547]],[[0.99982,0.0183739,-0.00480974],[0.0120629,-0.809917,-0.586421],[-0.0146703,0.586257,-0.809992]],[[0.99982,0.0183739,-0.00480974],[0.0183002,-0.999721,-0.0149421],[-0.00508294,0.0148514,-0.999877]]],"btipPosition":[0.461505,275.771,-13.7542],"carpPosition":[0.230483,311.241,21.7585],"dipPosition":[0.374415,276.025,-30.8859],"direction":[0.0146703,-0.586257,0.809992],"extended":false,"handId":283,"id":2833,"length":59.0831,"mcpPosition":[-0.585597,327.635,-33.2894],"pipPosition":[0.00173516,290.918,-51.4627],"stabilizedTipPosition":[-39.3526,232.694,112.242],"timeVisible":18.5273,"tipPosition":[0.396514,276.139,-17.9061],"tipVelocity":[-9.29796,72.2771,-160.809],"tool":false,"touchDistance":0.333333,"touchZone":"none","type":3,"width":16.5772},{"bases":[[[0.983539,-0.172142,0.0549284],[0.140782,0.920593,0.364265],[-0.113272,-0.350536,0.929674]],[[0.988042,-0.154012,0.00736708],[0.0873187,0.519523,-0.849983],[0.12708,0.840462,0.526758]],[[0.988042,-0.154012,0.00736708],[-0.110679,-0.741693,-0.661545],[0.10735,0.652819,-0.749869]],[[0.988042,-0.154012,0.00736708],[-0.152352,-0.982513,-0.107042],[0.023724,0.10464,-0.994227]]],"btipPosition":[12.1367,285.228,-17.2196],"carpPosition":[12.5346,307.204,20.1304],"dipPosition":[12.5117,286.882,-32.9351],"direction":[-0.10735,-0.652819,0.749869],"extended":false,"handId":283,"id":2834,"length":46.32,"mcpPosition":[18.5577,325.844,-29.3044],"pipPosition":[14.4371,298.591,-46.3848],"stabilizedTipPosition":[-16.1679,237.655,35.8732],"timeVisible":18.5273,"tipPosition":[11.8382,286.014,-20.7749],"tipVelocity":[-3.07921,71.3969,-164.68],"tool":false,"touchDistance":0.333333,"touchZone":"none","type":4,"width":14.7252}],"r":[[0.643613,-0.159046,0.748643],[0.0498019,0.9848,0.166402],[-0.763729,-0.0698144,0.641751]],"s":1.20133,"t":[52.8309,96.8572,-212.45],"timestamp":3298940725},false],[5,{"currentFrameRate":104.853,"devices":[],"gestures":[],"hands":[{"armBasis":[[0.890333,0.376343,-0.256267],[-0.184951,0.813251,0.551739],[0.416053,-0.443835,0.793669]],"armWidth":58.4334,"confidence":0.601777,"direction":[-0.162895,0.392228,-0.90533],"elbow":[103.394,189.663,222.621],"grabStrength":0,"id":283,"palmNormal":[0.21186,-0.882277,-0.420361],"palmPosition":[-13.5838,313.664,-19.9635],"palmVelocity":[-4.96805,79.6569,-159.88],"palmWidth":83.4409,"pinchStrength":0.548801,"r":[[0.642248,-0.160215,0.749566],[0.0506468,0.984644,0.167066],[-0.764822,-0.0693348,0.6405]],"s":1.20237,"sphereCenter":[-8.29497,289.112,-50.9042],"sphereRadius":41.9843,"stabilizedPalmPosition":[-32.4158,261.358,-1.35008],"t":[52.8018,97.6124,-213.999],"timeVisible":18.5367,"type":"right","wrist":[0.379532,299.556,26.1098]}],"id":321854,"interactionBox":{"center":[0,200,0],"size":[235.247,235.247,147.751]},"pointables":[{"bases":[[[0.166482,0.970404,0.174929],[-0.806697,0.0320233,0.590097],[0.56703,-0.239355,0.788153]],[[-0.0268743,0.99551,-0.0907628],[-0.946683,0.00381435,0.322143],[0.321043,0.094581,0.94233]],[[-0.0268743,0.99551,-0.0907628],[-0.990707,-0.0386341,-0.130407],[-0.133328,0.0864148,0.987297]],[[-0.0268743,0.99551,-0.0907628],[-0.921561,-0.059851,-0.383593],[-0.387303,0.0733347,0.919031]]],"btipPosition":[-24.4181,274.177,-67.3577],"carpPosition":[-22.203,282.783,26.3723],"dipPosition":[-32.7304,275.751,-47.6335],"direction":[0.133328,-0.0864148,-0.987297],"extended":false,"handId":283,"id":2830,"length":47.7925,"mcpPosition":[-22.203,282.783,26.3723],"pipPosition":[-36.8991,278.453,-16.7639],"stabilizedTipPosition":[-42.2198,225.991,-44.4337],"timeVisible":18.5367,"tipPosition":[-27.4929,275.288,-62.921],"tipVelocity":[33.1489,62.8345,-156.885],"tool":false,"touchDistance":-0.529562,"touchZone":"touching","type":0,"width":18.5699},{"bases":[[[0.922598,0.322439,-0.211767],[-0.257338,0.92339,0.284829],[0.287384,-0.208287,0.934894]],[[0.950572,0.294897,-0.0972048],[-0.263997,0.932371,0.246961],[0.163459,-0.209092,0.964138]],[[0.950572,0.294897,-0.0972048],[-0.283298,0.951836,0.117264],[0.127104,-0.0839299,0.988332]],[[0.950572,0.294897,-0.0972048],[-0.295052,0.955391,0.0131095],[0.0967346,0.0162189,0.995178]]],"btipPosition":[-50.6346,328.273,-113.98],"carpPosition":[-20.4732,304.377,24.5778],"dipPosition":[-49.119,328.527,-98.3871],"direction":[-0.127104,0.0839299,-0.988332],"extended":true,"handId":283,"id":2831,"length":53.9285,"mcpPosition":[-39.8618,318.429,-38.4956],"pipPosition":[-46.3017,326.667,-76.4807],"stabilizedTipPosition":[-92.3553,265.809,5.88587],"timeVisible":18.5367,"tipPosition":[-49.7821,326.702,-110.533],"tipVelocity":[-7.57085,155.501,-155.145],"tool":false,"touchDistance":-0.529578,"touchZone":"touching","type":1,"width":17.738},{"bases":[[[0.983204,0.129163,-0.128945],[-0.0912851,0.959812,0.265383],[0.158041,-0.249155,0.955481]],[[0.986202,0.124093,-0.109578],[-0.15547,0.466806,-0.870587],[-0.0568818,0.87561,0.479658]],[[0.986202,0.124093,-0.109578],[0.0290162,-0.781231,-0.623568],[-0.162986,0.611784,-0.774052]],[[0.986202,0.124093,-0.109578],[0.119642,-0.991736,-0.046326],[-0.114421,0.0325767,-0.992898]]],"btipPosition":[-12.0996,270.255,-22.8854],"carpPosition":[-10.7245,309.532,22.1519],"dipPosition":[-14.0714,270.816,-39.9959],"direction":[0.162986,-0.611784,0.774052],"extended":false,"handId":283,"id":2832,"length":61.4471,"mcpPosition":[-20.8359,325.473,-38.9794],"pipPosition":[-18.3216,286.77,-60.181],"stabilizedTipPosition":[-48.4922,222.512,80.6688],"timeVisible":18.5367,"tipPosition":[-12.6199,270.684,-27.2706],"tipVelocity":[-8.60538,77.5727,-162.46],"tool":false,"touchDistance":0.333333,"touchZone":"none","type":2,"width":17.4211},{"bases":[[[0.99981,0.018365,-0.00656934],[-0.0157219,0.958156,0.285816],[0.0115434,-0.285658,0.958262]],[[0.999849,0.0171822,-0.00260197],[-0.00996477,0.444195,-0.895875],[-0.0142373,0.895765,0.444299]],[[0.999849,0.0171822,-0.00260197],[0.0123718,-0.808938,-0.587763],[-0.0122039,0.587642,-0.809029]],[[0.999849,0.0171822,-0.00260197],[0.0171363,-0.999713,-0.0167276],[-0.00288864,0.0166804,-0.999857]]],"btipPosition":[0.383244,276.453,-15.3593],"carpPosition":[0.103479,311.96,20.2066],"dipPosition":[0.333751,276.739,-32.4907],"direction":[0.0122039,-0.587642,0.809029],"extended":false,"handId":283,"id":2833,"length":59.0831,"mcpPosition":[-0.559611,328.369,-34.8388],"pipPosition":[0.0237281,291.667,-53.043],"stabilizedTipPosition":[-39.3377,232.71,112.192],"timeVisible":18.5367,"tipPosition":[0.326516,276.834,-19.4874],"tipVelocity":[-8.74612,72.4931,-163.408],"tool":false,"touchDistance":0.333333,"touchZone":"none","type":3,"width":16.5772},{"bases":[[[0.983188,-0.17339,0.057249],[0.141058,0.920321,0.364845],[-0.115948,-0.350635,0.929307]],[[0.987917,-0.154753,0.00840981],[0.0886226,0.51957,-0.84982],[0.127143,0.840297,0.527007]],[[0.987917,-0.154753,0.00840981],[-0.110452,-0.741096,-0.662251],[0.108718,0.653321,-0.749235]],[[0.987917,-0.154753,0.00840981],[-0.152946,-0.982273,-0.108386],[0.0250338,0.10579,-0.994073]]],"btipPosition":[12.1035,285.915,-18.7454],"carpPosition":[12.4064,307.908,18.607],"dipPosition":[12.4992,287.588,-34.4584],"direction":[-0.108718,-0.65332,0.749235],"extended":false,"handId":283,"id":2834,"length":46.32,"mcpPosition":[18.5718,326.553,-30.8082],"pipPosition":[14.4491,299.306,-47.8967],"stabilizedTipPosition":[-16.1575,237.673,35.8517],"timeVisible":18.5367,"tipPosition":[11.8101,286.704,-22.3046],"tipVelocity":[-3.05912,71.908,-163.755],"tool":false,"touchDistance":0.333333,"touchZone":"none","type":4,"width":14.7252}],"r":[[0.642248,-0.160215,0.749566],[0.0506468,0.984644,0.167066],[-0.764822,-0.0693348,0.6405]],"s":1.20237,"t":[52.8018,97.6124,-213.999],"timestamp":3298950172},false],[6,{"currentFrameRate":104.866,"devices":[],"gestures":[],"hands":[{"armBasis":[[0.892602,0.372924,-0.253356],[-0.183167,0.813455,0.552034],[0.41196,-0.44634,0.794399]],"armWidth":58.4334,"confidence":0.608542,"direction":[-0.160202,0.391339,-0.906195],"elbow":[102.394,189.543,221.886],"grabStrength":0,"id":283,"palmNormal":[0.210069,-0.883505,-0.418678],"palmPosition":[-13.4497,314.136,-20.9252],"palmVelocity":[0.516736,71.0043,-142.969],"palmWidth":83.4409,"pinchStrength":0.55057,"r":[[0.640801,-0.161292,0.750573],[0.051826,0.984539,0.167323],[-0.765956,-0.0683217,0.639253]],"s":1.20354,"sphereCenter":[-8.6455,289.692,-51.7647],"sphereRadius":41.9433,"stabilizedPalmPosition":[-32.4022,261.396,-1.3642],"t":[52.8543,98.2257,-215.254],"timeVisible":18.5462,"type":"right","wrist":[0.393226,300.056,25.1933]}],"id":321855,"interactionBox":{"center":[0,200,0],"size":[235.247,235.247,147.751]},"pointables":[{"bases":[[[0.168949,0.970185,0.173774],[-0.807626,0.0352067,0.588643],[0.564975,-0.239795,0.789495]],[[-0.024947,0.995283,-0.0937553],[-0.947218,0.00645109,0.320525],[0.319618,0.0968029,0.942589]],[[-0.024947,0.995283,-0.0937553],[-0.990334,-0.037405,-0.133567],[-0.136444,0.089517,0.986595]],[[-0.024947,0.995283,-0.0937553],[-0.916104,-0.0603012,-0.396379],[-0.400163,0.0760012,0.913287]]],"btipPosition":[-24.014,274.487,-68.1551],"carpPosition":[-22.2376,283.348,25.4415],"dipPosition":[-32.6023,276.118,-48.5542],"direction":[0.136444,-0.089517,-0.986595],"extended":false,"handId":283,"id":2830,"length":47.7925,"mcpPosition":[-22.2376,283.348,25.4415],"pipPosition":[-36.8685,278.917,-17.7066],"stabilizedTipPosition":[-42.2115,226.016,-44.4435],"timeVisible":18.5462,"tipPosition":[-27.1445,275.597,-63.7725],"tipVelocity":[33.9145,54.5206,-136.726],"tool":false,"touchDistance":-0.517327,"touchZone":"touching","type":0,"width":18.5699},{"bases":[[[0.923882,0.319488,-0.210641],[-0.255193,0.924545,0.283006],[0.285164,-0.20771,0.935702]],[[0.951548,0.29208,-0.0961542],[-0.260417,0.931726,0.25312],[0.163521,-0.215816,0.962645]],[[0.951548,0.29208,-0.0961542],[-0.2797,0.952044,0.124015],[0.127765,-0.0911122,0.987611]],[[0.951548,0.29208,-0.0961542],[-0.291535,0.956351,0.0199801],[0.097793,0.00902035,0.995166]]],"btipPosition":[-50.4883,329.329,-114.919],"carpPosition":[-20.4429,304.934,23.6178],"dipPosition":[-48.956,329.47,-99.3268],"direction":[-0.127765,0.0911122,-0.987611],"extended":true,"handId":283,"id":2831,"length":53.9285,"mcpPosition":[-39.6817,318.948,-39.5101],"pipPosition":[-46.1241,327.45,-77.4363],"stabilizedTipPosition":[-91.1245,267.661,2.46886],"timeVisible":18.5462,"tipPosition":[-49.6338,327.718,-111.483],"tipVelocity":[-0.850971,141.912,-138.925],"tool":false,"touchDistance":-0.519046,"touchZone":"touching","type":1,"width":17.738},{"bases":[[[0.983791,0.126163,-0.127426],[-0.0890035,0.960464,0.263795],[0.155669,-0.248178,0.956125]],[[0.98677,0.12106,-0.107838],[-0.152275,0.463743,-0.872786],[-0.0556497,0.87766,0.476042]],[[0.98677,0.12106,-0.107838],[0.028255,-0.78339,-0.620888],[-0.159644,0.609627,-0.776446]],[[0.98677,0.12106,-0.107838],[0.116918,-0.992168,-0.0439561],[-0.112315,0.0307664,-0.993196]]],"btipPosition":[-12.0767,270.716,-23.6499],"carpPosition":[-10.6754,310.059,21.2012],"dipPosition":[-14.0122,271.246,-40.7655],"direction":[0.159644,-0.609627,0.776446],"extended":false,"handId":283,"id":2832,"length":61.4471,"mcpPosition":[-20.635,325.937,-39.9713],"pipPosition":[-18.1752,287.143,-61.013],"stabilizedTipPosition":[-48.4699,222.542,80.6016],"timeVisible":18.5462,"tipPosition":[-12.5874,271.125,-28.063],"tipVelocity":[-5.1824,68.9721,-138.876],"tool":false,"touchDistance":0.333333,"touchZone":"none","type":2,"width":17.4211},{"bases":[[[0.999868,0.0155015,-0.00485631],[-0.0134809,0.958622,0.284362],[0.0090634,-0.284259,0.958705]],[[0.999896,0.0143915,-0.0011131],[-0.00737866,0.443331,-0.896328],[-0.012406,0.896243,0.443391]],[[0.999896,0.0143915,-0.0011131],[0.0109876,-0.808872,-0.587883],[-0.00936086,0.587809,-0.808946]],[[0.999896,0.0143915,-0.0011131],[0.0143702,-0.999749,-0.0171983],[-0.00136033,0.0171805,-0.999851]]],"btipPosition":[0.411647,276.833,-16.2851],"carpPosition":[0.162859,312.453,19.2712],"dipPosition":[0.388339,277.127,-33.4164],"direction":[0.00936086,-0.587809,0.808946],"extended":false,"handId":283,"id":2833,"length":59.0831,"mcpPosition":[-0.357769,328.781,-35.7997],"pipPosition":[0.150539,292.06,-53.9666],"stabilizedTipPosition":[-39.3227,232.727,112.143],"timeVisible":18.5462,"tipPosition":[0.360802,277.224,-20.3904],"tipVelocity":[-5.18853,63.1839,-144.397],"tool":false,"touchDistance":0.333333,"touchZone":"none","type":3,"width":16.5772},{"bases":[[[0.982588,-0.176109,0.0592184],[0.143053,0.920459,0.36372],[-0.118562,-0.348915,0.929624]],[[0.987608,-0.156725,0.00818877],[0.0893358,0.51852,-0.850386],[0.129031,0.84058,0.526096]],[[0.987608,-0.156725,0.00818877],[-0.112109,-0.74105,-0.662025],[0.109824,0.652903,-0.749437]],[[0.987608,-0.156725,0.00818877],[-0.154931,-0.981964,-0.108369],[0.0250253,0.105758,-0.994077]]],"btipPosition":[12.2121,286.278,-19.637],"carpPosition":[12.4569,308.363,17.6991],"dipPosition":[12.6077,287.949,-35.3501],"direction":[-0.109824,-0.652903,0.749437],"extended":false,"handId":283,"id":2834,"length":46.32