{"sensorType":"Leap","data":[[0,{"currentFrameRate":105.88,"devices":[],"gestures":[],"hands":[{"armBasis":[[0.904675,0.304184,-0.298386],[-0.106133,0.839062,0.533582],[0.412672,-0.45105,0.791363]],"armWidth":58.4334,"confidence":0.522163,"direction":[-0.111949,0.35609,-0.927722],"elbow":[93.0943,190.326,229.646],"grabStrength":0,"id":282,"palmNormal":[0.128982,-0.920486,-0.368877],"palmPosition":[-21.0033,314.867,-13.2975],"palmVelocity":[-9.97185,-12.4416,-88.7253],"palmWidth":83.4409,"pinchStrength":0.722417,"r":[[0.910956,0.0788725,0.404894],[-0.12419,0.988449,0.086863],[-0.393366,-0.129412,0.910229]],"s":0.978182,"sphereCenter":[-19.9128,284.936,-44.3121],"sphereRadius":42.2856,"stabilizedPalmPosition":[-32.2039,301.761,182.145],"t":[-7.25165,98.9849,-175.487],"timeVisible":4.30188,"type":"right","wrist":[-9.08292,302.005,33.7052]}],"id":319546,"interactionBox":{"center":[0,200,0],"size":[235.247,235.247,147.751]},"pointables":[{"bases":[[[0.259275,0.95756,0.12592],[-0.806962,0.143149,0.572992],[0.530649,-0.250176,0.809829]],[[0.134598,0.989226,-0.0575776],[-0.932079,0.146116,0.331479],[0.33632,0.00905063,0.941704]],[[0.134598,0.989226,-0.0575776],[-0.981264,0.12498,-0.146631],[-0.137855,0.0762351,0.987514]],[[0.134598,0.989226,-0.0575776],[-0.970244,0.119767,-0.210433],[-0.20127,0.0841881,0.975911]]],"btipPosition":[-39.9784,282.959,-60.4725],"carpPosition":[-33.2129,287.564,34.4563],"dipPosition":[-44.2981,284.766,-39.5276],"direction":[0.137855,-0.0762351,-0.987514],"extended":false,"handId":282,"id":2820,"length":47.7925,"mcpPosition":[-33.2129,287.564,34.4563],"pipPosition":[-48.6084,287.149,-8.65123],"stabilizedTipPosition":[-83.4358,264.676,160.786],"timeVisible":4.30188,"tipPosition":[-40.7347,282.723,-55.229],"tipVelocity":[-32.633,-16.1285,-97.3704],"tool":false,"touchDistance":-0.462613,"touchZone":"touching","type":0,"width":18.5699},{"bases":[[[0.952523,0.218458,-0.212074],[-0.168467,0.958365,0.230553],[0.253611,-0.18388,0.949668]],[[0.972332,0.199971,-0.120754],[-0.169277,0.959377,0.225701],[0.160982,-0.199016,0.966684]],[[0.972332,0.199971,-0.120754],[-0.18923,0.977346,0.0947987],[0.136975,-0.0693257,0.988146]],[[0.972332,0.199971,-0.120754],[-0.202781,0.979159,-0.0113144],[0.115974,0.0354878,0.992618]]],"btipPosition":[-57.6423,329.981,-108.065],"carpPosition":[-29.3367,308.754,31.5448],"dipPosition":[-55.8252,330.537,-92.513],"direction":[-0.136975,0.0693257,-0.988146],"extended":true,"handId":282,"id":2821,"length":53.9285,"mcpPosition":[-46.4468,321.159,-32.5253],"pipPosition":[-52.7891,329,-70.6107],"stabilizedTipPosition":[-82.5918,314.122,94.7478],"timeVisible":4.30188,"tipPosition":[-56.205,329.31,-104.657],"tipVelocity":[-15.1673,-31.5859,-94.5529],"tool":false,"touchDistance":-0.456227,"touchZone":"hovering","type":1,"width":17.738},{"bases":[[[0.992699,0.0250066,-0.117996],[0.000602903,0.977232,0.212174],[0.120615,-0.210696,0.970082]],[[0.994054,0.0225163,-0.10653],[-0.0975541,0.618735,-0.779519],[0.0483621,0.785277,0.617253]],[[0.994054,0.0225163,-0.10653],[-0.0857339,-0.441275,-0.893267],[-0.0671222,0.89709,-0.43672]],[[0.994054,0.0225163,-0.10653],[-0.0356241,-0.857283,-0.513611],[-0.102891,0.514353,-0.851384]]],"btipPosition":[-25.4279,259.302,-34.2659],"carpPosition":[-19.0968,312.789,29.0227],"dipPosition":[-27.201,268.166,-48.9377],"direction":[0.0671222,-0.89709,0.43672],"extended":false,"handId":282,"id":2822,"length":61.4471,"mcpPosition":[-26.8137,326.27,-33.0427],"pipPosition":[-28.9514,291.559,-60.3261],"stabilizedTipPosition":[-46.6108,256.508,177.93],"timeVisible":4.30188,"tipPosition":[-25.7933,261.482,-37.3646],"tipVelocity":[5.34996,-21.6205,-67.1997],"tool":false,"touchDistance":0.333333,"touchZone":"none","type":2,"width":17.4211},{"bases":[[[0.99674,-0.0800112,0.0103889],[0.0753699,0.969306,0.234018],[-0.0287941,-0.232472,0.972177]],[[0.995644,-0.0860714,0.0358435],[0.0782656,0.562618,-0.823004],[0.0506709,0.822224,0.566904]],[[0.995644,-0.0860714,0.0358435],[-0.0135892,-0.514294,-0.857506],[0.0922409,0.853284,-0.513223]],[[0.995644,-0.0860714,0.0358435],[-0.0602444,-0.8873,-0.457242],[0.0711593,0.45309,-0.88862]]],"btipPosition":[-12.0429,264.26,-23.6638],"carpPosition":[-8.05835,314.035,27.1453],"dipPosition":[-10.8237,272.024,-38.8892],"direction":[-0.0922409,-0.853284,0.513223],"extended":false,"handId":282,"id":2823,"length":59.0831,"mcpPosition":[-6.40433,327.389,-28.6994],"pipPosition":[-8.48045,293.7,-51.927],"stabilizedTipPosition":[-32.47,255.879,176.648],"timeVisible":4.30188,"tipPosition":[-11.6624,266.095,-27.4497],"tipVelocity":[-0.324031,-14.2374,-44.2405],"tool":false,"touchDistance":0.333333,"touchZone":"none","type":3,"width":16.5772},{"bases":[[[0.960462,-0.26543,0.0840277],[0.22664,0.92069,0.317749],[-0.161703,-0.286141,0.944444]],[[0.9634,-0.259864,0.0658055],[0.205069,0.556342,-0.805251],[0.172646,0.789274,0.58927]],[[0.9634,-0.259864,0.0658055],[-0.0752734,-0.497851,-0.86399],[0.257281,0.827415,-0.499191]],[[0.9634,-0.259864,0.0658055],[-0.197753,-0.854685,-0.480008],[0.18098,0.449427,-0.874792]]],"btipPosition":[-0.671538,276.394,-20.5617],"carpPosition":[3.80344,308.716,25.9848],"dipPosition":[2.18916,283.498,-34.3893],"direction":[-0.257281,-0.827415,0.499191],"extended":false,"handId":282,"id":2824,"length":46.32,"mcpPosition":[12.4019,323.931,-24.2354],"pipPosition":[6.80378,298.339,-43.3428],"stabilizedTipPosition":[-22.2393,267.057,171.731],"timeVisible":4.30188,"tipPosition":[-0.142111,278.069,-23.2522],"tipVelocity":[-0.678672,-11.13,-74.6314],"tool":false,"touchDistance":0.333333,"touchZone":"none","type":4,"width":14.7252}],"r":[[0.910956,0.0788725,0.404894],[-0.12419,0.988449,0.086863],[-0.393366,-0.129412,0.910229]],"s":0.978182,"t":[-7.25165,98.9849,-175.487],"timestamp":3276753432},false],[1,{"currentFrameRate":105.88,"devices":[],"gestures":[],"hands":[{"armBasis":[[0.904551,0.308517,-0.294286],[-0.112164,0.838097,0.533866],[0.411348,-0.449901,0.792706]],"armWidth":58.4334,"confidence":0.545004,"direction":[-0.108351,0.354294,-0.928836],"elbow":[92.4311,190.579,228.571],"grabStrength":0,"id":282,"palmNormal":[0.134774,-0.920475,-0.366827],"palmPosition":[-21.1348,314.719,-14.7877],"palmVelocity":[-11.1015,-13.37,-108.479],"palmWidth":83.4409,"pinchStrength":0.715739,"r":[[0.909951,0.0813127,0.406666],[-0.126148,0.988394,0.0846379],[-0.395064,-0.128316,0.909648]],"s":0.982701,"sphereCenter":[-20.4093,284.88,-45.6636],"sphereRadius":42.2477,"stabilizedPalmPosition":[-32.2038,301.761,182.145],"t":[-7.36381,98.8626,-176.687],"timeVisible":4.31132,"type":"right","wrist":[-9.41814,301.974,32.2978]}],"id":319547,"interactionBox":{"center":[0,200,0],"size":[235.247,235.247,147.751]},"pointables":[{"bases":[[[0.254646,0.958799,0.125936],[-0.810657,0.140646,0.568379],[0.527249,-0.246826,0.813072]],[[0.131065,0.989678,-0.0579641],[-0.934835,0.142842,0.325083],[0.330007,0.0115797,0.943907]],[[0.131065,0.989678,-0.0579641],[-0.981257,0.121174,-0.14984],[-0.141269,0.0765164,0.98701]],[[0.131065,0.989678,-0.0579641],[-0.97282,0.117134,-0.199752],[-0.190901,0.0825692,0.97813]]],"btipPosition":[-40.0846,282.74,-62.123],"carpPosition":[-33.4923,287.434,32.9386],"dipPosition":[-44.1817,284.512,-41.1305],"direction":[0.141269,-0.0765164,-0.98701],"extended":false,"handId":282,"id":2820,"length":47.7925,"mcpPosition":[-33.4923,287.434,32.9386],"pipPosition":[-48.5988,286.904,-10.2698],"stabilizedTipPosition":[-83.4347,264.676,160.781],"timeVisible":4.31132,"tipPosition":[-40.7072,282.531,-56.8614],"tipVelocity":[-24.9663,-18.405,-119.171],"tool":false,"touchDistance":-0.469278,"touchZone":"touching","type":0,"width":18.5699},{"bases":[[[0.95276,0.222075,-0.2072],[-0.173659,0.957993,0.228236],[0.249182,-0.181471,0.951303]],[[0.971819,0.204217,-0.117744],[-0.173928,0.958331,0.226608],[0.159115,-0.199743,0.966843]],[[0.971819,0.204217,-0.117744],[-0.19363,0.976427,0.0953766],[0.134446,-0.0698901,0.988453]],[[0.971819,0.204217,-0.117744],[-0.206926,0.978293,-0.0111245],[0.112916,0.0351752,0.992982]]],"btipPosition":[-57.5166,329.746,-109.722],"carpPosition":[-29.6874,308.636,30.0173],"dipPosition":[-55.7474,330.297,-94.1638],"direction":[-0.134446,0.0698901,-0.988453],"extended":true,"handId":282,"id":2821,"length":53.9285,"mcpPosition":[-46.4987,320.879,-34.1631],"pipPosition":[-52.7674,328.748,-72.2547],"stabilizedTipPosition":[-82.59,314.124,94.7334],"timeVisible":4.31132,"tipPosition":[-56.0992,329.067,-106.309],"tipVelocity":[-7.35846,-29.6885,-117.635],"tool":false,"touchDistance":-0.463765,"touchZone":"hovering","type":1,"width":17.738},{"bases":[[[0.993217,0.0289255,-0.112623],[-0.00457117,0.977529,0.21075],[0.116188,-0.208806,0.971031]],[[0.994536,0.026424,-0.100992],[-0.0957268,0.616746,-0.78132],[0.0416407,0.786718,0.615906]],[[0.994536,0.026424,-0.100992],[-0.078893,-0.443292,-0.892899],[-0.0683628,0.895988,-0.438785]],[[0.994536,0.026424,-0.100992],[-0.029229,-0.858252,-0.512396],[-0.100216,0.512548,-0.85279]]],"btipPosition":[-25.2151,259.098,-35.6665],"carpPosition":[-19.4506,312.71,27.5452],"dipPosition":[-26.9421,267.93,-50.3626],"direction":[0.0683628,-0.895988,0.438785],"extended":false,"handId":282,"id":2822,"length":61.4471,"mcpPosition":[-26.8843,326.069,-34.5809],"pipPosition":[-28.7248,291.295,-61.8048],"stabilizedTipPosition":[-46.6099,256.508,177.92],"timeVisible":4.31132,"tipPosition":[-25.5739,261.271,-38.7902],"tipVelocity":[10.5853,-21.8437,-90.5633],"tool":false,"touchDistance":0.333333,"touchZone":"none","type":2,"width":17.4211},{"bases":[[[0.996989,-0.0758905,0.015935],[0.0701075,0.969943,0.233012],[-0.0331395,-0.231194,0.972343]],[[0.995703,-0.0822094,0.0426253],[0.0807668,0.545795,-0.834017],[0.0452994,0.833876,0.55009]],[[0.995703,-0.0822094,0.0426253],[-0.00783071,-0.533402,-0.845826],[0.0922713,0.841858,-0.531753]],[[0.995703,-0.0822094,0.0426253],[-0.0550119,-0.895395,-0.441861],[0.0744916,0.437617,-0.89607]]],"btipPosition":[-11.98,264.228,-23.8052],"carpPosition":[-8.40726,313.998,25.7261],"dipPosition":[-10.7037,271.726,-39.1583],"direction":[-0.0922713,-0.841858,0.531753],"extended":false,"handId":282,"id":2823,"length":59.0831,"mcpPosition":[-6.50363,327.279,-30.1281],"pipPosition":[-8.35967,293.113,-52.6668],"stabilizedTipPosition":[-32.4693,255.879,176.641],"timeVisible":4.31132,"tipPosition":[-11.5793,266.007,-27.9763],"tipVelocity":[2.07163,-12.9894,-36.76],"tool":false,"touchDistance":0.333333,"touchZone":"none","type":3,"width":16.5772},{"bases":[[[0.961072,-0.261351,0.0896452],[0.221117,0.92207,0.317637],[-0.165674,-0.28545,0.943965]],[[0.96422,-0.255538,0.070578],[0.205681,0.553119,-0.807313],[0.167261,0.792944,0.585887]],[[0.96422,-0.255538,0.070578],[-0.0701725,-0.502745,-0.861582],[0.255649,0.825801,-0.502689]],[[0.96422,-0.255538,0.070578],[-0.192352,-0.857563,-0.47706],[0.182432,0.446415,-0.876032]]],"btipPosition":[-0.600472,276.325,-21.691],"carpPosition":[3.48244,308.726,24.6381],"dipPosition":[2.28318,283.382,-35.5382],"direction":[-0.255649,-0.825801,0.502689],"extended":false,"handId":282,"id":2824,"length":46.32,"mcpPosition":[12.2921,323.905,-25.5567],"pipPosition":[6.86852,298.193,-44.5544],"stabilizedTipPosition":[-22.2392,267.058,171.73],"timeVisible":4.31132,"tipPosition":[-0.0594587,277.99,-24.487],"tipVelocity":[1.82725,-10.3618,-87.6212],"tool":false,"touchDistance":0.333333,"touchZone":"none","type":4,"width":14.7252}],"r":[[0.909951,0.0813127,0.406666],[-0.126148,0.988394,0.0846379],[-0.395064,-0.128316,0.909648]],"s":0.982701,"t":[-7.36381,98.8626,-176.687],"timestamp":3276762876},false],[2,{"currentFrameRate":106.011,"devices":[],"gestures":[],"hands":[{"armBasis":[[0.904248,0.312045,-0.291484],[-0.116874,0.837419,0.533919],[0.410701,-0.448729,0.793705]],"armWidth":58.4334,"confidence":0.560974,"direction":[-0.106538,0.353136,-0.929486],"elbow":[92.1086,190.867,227.944],"grabStrength":0,"id":282,"palmNormal":[0.139401,-0.920269,-0.365613],"palmPosition":[-21.1859,314.635,-15.7114],"palmVelocity":[-9.55435,-12.1962,-106.244],"palmWidth":83.4409,"pinchStrength":0.706776,"r":[[0.908806,0.0840045,0.408675],[-0.128496,0.988264,0.0826066],[-0.396939,-0.127586,0.908934]],"s":0.987601,"sphereCenter":[-20.9066,284.914,-46.4718],"sphereRadius":42.2138,"stabilizedPalmPosition":[-32.2038,301.761,182.144],"t":[-7.44547,98.7593,-177.748],"timeVisible":4.32051,"type":"right","wrist":[-9.58057,301.971,31.4238]}],"id":319548,"interactionBox":{"center":[0,200,0],"size":[235.247,235.247,147.751]},"pointables":[{"bases":[[[0.250682,0.959835,0.125998],[-0.813075,0.138114,0.565539],[0.525422,-0.244216,0.81504]],[[0.127796,0.990099,-0.058067],[-0.9366,0.139736,0.321332],[0.326264,0.0133207,0.945185]],[[0.127796,0.990099,-0.058067],[-0.981368,0.117765,-0.151813],[-0.143472,0.0763862,0.986702]],[[0.127796,0.990099,-0.058067],[-0.974499,0.114463,-0.193003],[-0.184445,0.0812511,0.979478]]],"btipPosition":[-40.0936,282.601,-63.1436],"carpPosition":[-33.603,287.343,31.9957],"dipPosition":[-44.0522,284.345,-42.1222],"direction":[0.143472,-0.0763862,-0.986702],"extended":false,"handId":282,"id":2820,"length":47.7925,"mcpPosition":[-33.603,287.343,31.9957],"pipPosition":[-48.5381,286.733,-11.2712],"stabilizedTipPosition":[-83.4338,264.677,160.776],"timeVisible":4.32051,"tipPosition":[-40.6364,282.412,-57.8792],"tipVelocity":[-17.2912,-17.6625,-116.695],"tool":false,"touchDistance":-0.465893,"touchZone":"touching","type":0,"width":18.5699},{"bases":[[[0.952624,0.225423,-0.204185],[-0.177959,0.957531,0.22686],[0.246653,-0.179776,0.952283]],[[0.971073,0.208184,-0.116951],[-0.177667,0.957164,0.22863],[0.159538,-0.201238,0.966463]],[[0.971073,0.208184,-0.116951],[-0.197434,0.975493,0.0971255],[0.134305,-0.0712258,0.988377]],[[0.971073,0.208184,-0.116951],[-0.210734,0.977495,-0.00974335],[0.11229,0.034107,0.99309]]],"btipPosition":[-57.5289,329.658,-110.721],"carpPosition":[-29.8665,308.556,29.0697],"dipPosition":[-55.7695,330.192,-95.1609],"direction":[-0.134305,0.0712258,-0.988377],"extended":true,"handId":282,"id":2821,"length":53.9285,"mcpPosition":[-46.5072,320.685,-35.1768],"pipPosition":[-52.7926,328.613,-73.2534],"stabilizedTipPosition":[-82.5886,314.124,94.7224],"timeVisible":4.32051,"tipPosition":[-56.1148,328.968,-107.309],"tipVelocity":[-5.74289,-24.1985,-115.113],"tool":false,"touchDistance":-0.460697,"touchZone":"hovering","type":1,"width":17.738},{"bases":[[[0.993476,0.0325015,-0.109313],[-0.00888614,0.977677,0.209927],[0.113696,-0.207586,0.971587]],[[0.994814,0.0299154,-0.0972128],[-0.095111,0.612305,-0.78488],[0.0360439,0.790055,0.611975]],[[0.994814,0.0299154,-0.0972128],[-0.0735882,-0.448101,-0.890949],[-0.0702143,0.893482,-0.443576]],[[0.994814,0.0299154,-0.0972128],[-0.0239004,-0.860252,-0.509308],[-0.0988637,0.50899,-0.855076]]],"btipPosition":[-24.9692,258.955,-36.2806],"carpPosition":[-19.6365,312.666,26.6287],"dipPosition":[-26.673,267.726,-51.016],"direction":[0.0702143,-0.893482,0.443576],"extended":false,"handId":282,"id":2822,"length":61.4471,"mcpPosition":[-26.9108,325.947,-35.5331],"pipPosition":[-28.5039,291.026,-62.5832],"stabilizedTipPosition":[-46.6091,256.508,177.912],"timeVisible":4.32051,"tipPosition":[-25.336,261.12,-39.5318],"tipVelocity":[15.2662,-20.5018,-84.1984],"tool":false,"touchDistance":0.333333,"touchZone":"none","type":2,"width":17.4211},{"bases":[[[0.997203,-0.0721953,0.0193433],[0.0657448,0.970385,0.232445],[-0.0355519,-0.230523,0.972417]],[[0.995798,-0.0786896,0.0468525],[0.0818618,0.535444,-0.840594],[0.0410591,0.840897,0.539635]],[[0.995798,-0.0786896,0.0468525],[-0.003708,-0.545815,-0.837897],[0.0915066,0.834202,-0.543813]],[[0.995798,-0.0786896,0.0468525],[-0.0509078,-0.900885,-0.431062],[0.0761288,0.426866,-0.901105]]],"btipPosition":[-11.8611,264.276,-23.869],"carpPosition":[-8.592,313.994,24.8456],"dipPosition":[-10.5567,271.59,-39.3084],"direction":[-0.0915066,-0.834202,0.543813],"extended":false,"handId":282,"id":2823,"length":59.0831,"mcpPosition":[-6.5498,327.236,-31.013],"pipPosition":[-8.2321,292.782,-53.1233],"stabilizedTipPosition":[-32.4685,255.879,176.633],"timeVisible":4.32051,"tipPosition":[-11.4519,265.995,-28.2366],"tipVelocity":[5.30565,-9.18166,-29.0294],"tool":false,"touchDistance":0.333333,"touchZone":"none","type":3,"width":16.5772},{"bases":[[[0.961723,-0.257727,0.0930856],[0.216645,0.923139,0.317616],[-0.167789,-0.285292,0.943639]],[[0.965107,-0.251537,0.0727864],[0.203648,0.54626,-0.812483],[0.164609,0.798955,0.578424]],[[0.965107,-0.251537,0.0727864],[-0.0687073,-0.511475,-0.856547],[0.252682,0.821659,-0.51091]],[[0.965107,-0.251537,0.0727864],[-0.189113,-0.861795,-0.470687],[0.181122,0.440498,-0.879293]]],"btipPosition":[-0.489879,276.329,-22.0689],"carpPosition":[3.32066,308.765,23.8017],"dipPosition":[2.37307,283.291,-35.9677],"direction":[-0.252682,-0.821659,0.51091],"extended":false,"handId":282,"id":2824,"length":46.32,"mcpPosition":[12.2427,323.935,-26.3757],"pipPosition":[6.90519,298.029,-45.1314],"stabilizedTipPosition":[-22.2391,267.058,171.729],"timeVisible":4.32051,"tipPosition":[0.0639644,277.976,-25.0694],"tipVelocity":[4.53486,-8.02183,-74.9831],"tool":false,"touchDistance":0.333333,"touchZone":"none","type":4,"width":14.7252}],"r":[[0.908806,0.0840045,0.408675],[-0.128496,0.988264,0.0826066],[-0.396939,-0.127586,0.908934]],"s":0.987601,"t":[-7.44547,98.7593,-177.748],"timestamp":3276772068},false],[3,{"currentFrameRate":105.706,"devices":[],"gestures":[],"hands":[{"armBasis":[[0.903747,0.317886,-0.286688],[-0.124084,0.835513,0.535276],[0.409688,-0.44818,0.794537]],"armWidth":58.4334,"confidence":0.576031,"direction":[-0.105299,0.351593,-0.930212],"elbow":[91.7314,190.975,227.342],"grabStrength":0,"id":282,"palmNormal":[0.146914,-0.919648,-0.36423],"palmPosition":[-21.2146,314.488,-16.5762],"palmVelocity":[-7.54162,-12.9298,-100.244],"palmWidth":83.4409,"pinchStrength":0.690738,"r":[[0.907451,0.0874389,0.410959],[-0.131745,0.987994,0.0806971],[-0.398969,-0.127371,0.908075]],"s":0.992643,"sphereCenter":[-21.1748,284.862,-47.2279],"sphereRadius":42.189,"stabilizedPalmPosition":[-32.2038,301.761,182.144],"t":[-7.50062,98.6343,-178.712],"timeVisible":4.33053,"type":"right","wrist":[-9.70702,301.944,30.6148]}],"id":319549,"interactionBox":{"center":[0,200,0],"size":[235.247,235.247,147.751]},"pointables":[{"bases":[[[0.243818,0.96159,0.126081],[-0.816145,0.133215,0.562282],[0.523889,-0.239995,0.817278]],[[0.121618,0.990868,-0.0582278],[-0.938826,0.133877,0.317306],[0.322204,0.0160756,0.946534]],[[0.121618,0.990868,-0.0582278],[-0.981829,0.111484,-0.15357],[-0.145676,0.0758465,0.986421]],[[0.121618,0.990868,-0.0582278],[-0.976367,0.108867,-0.186699],[-0.178655,0.0795576,0.98069]]],"btipPosition":[-39.9939,282.342,-64.1105],"carpPosition":[-33.6338,287.157,31.1078],"dipPosition":[-43.8282,284.05,-43.0631],"direction":[0.145676,-0.0758465,-0.986421],"extended":false,"handId":282,"id":2820,"length":47.7925,"mcpPosition":[-33.6338,287.157,31.1078],"pipPosition":[-48.383,286.421,-12.2208],"stabilizedTipPosition":[-83.433,264.677,160.772],"timeVisible":4.33053,"tipPosition":[-40.4521,282.172,-58.846],"tipVelocity":[-8.24808,-20.3692,-110.435],"tool":false,"touchDistance":-0.462051,"touchZone":"touching","type":0,"width":18.5699},{"bases":[[[0.951886,0.231563,-0.200727],[-0.185183,0.956529,0.225297],[0.244172,-0.177285,0.953389]],[[0.969737,0.214993,-0.115708],[-0.184433,0.955593,0.22984],[0.159984,-0.201544,0.966326]],[[0.969737,0.214993,-0.115708],[-0.204256,0.974007,0.0979272],[0.133754,-0.0713296,0.988444]],[[0.969737,0.214993,-0.115708],[-0.217505,0.976014,-0.00938375],[0.110915,0.0342668,0.993239]]],"btipPosition":[-57.5058,329.337,-111.687],"carpPosition":[-30.027,308.392,28.1768],"dipPosition":[-55.768,329.874,-96.1245],"direction":[-0.133754,0.0713295,-0.988444],"extended":true,"handId":282,"id":2821,"length":53.9285,"mcpPosition":[-46.5003,320.353,-36.1443],"pipPosition":[-52.8033,328.293,-74.2156],"stabilizedTipPosition":[-82.5873,314.125,94.7124],"timeVisible":4.33053,"tipPosition":[-56.0929,328.662,-108.274],"tipVelocity":[-3.47313,-26.5193,-109.465],"tool":false,"touchDistance":-0.457442,"touchZone":"hovering","type":1,"width":17.738},{"bases":[[[0.993652,0.0390012,-0.105522],[-0.0161838,0.977783,0.208995],[0.111329,-0.20596,0.972207]],[[0.995005,0.0363412,-0.0929727],[-0.0960235,0.602964,-0.791968],[0.0272781,0.79694,0.603442]],[[0.995005,0.0363412,-0.0929727],[-0.0660336,-0.458851,-0.886056],[-0.074861,0.88777,-0.45416]],[[0.995005,0.0363412,-0.0929727],[-0.0152956,-0.864873,-0.501758],[-0.098644,0.500674,-0.859997]]],"btipPosition":[-24.4916,258.74,-36.4397],"carpPosition":[-19.8152,312.568,25.7713],"dipPosition":[-26.1916,267.368,-51.2599],"direction":[0.074861,-0.88777,0.45416],"extended":false,"handId":282,"id":2822,"length":61.4471,"mcpPosition":[-26.938,325.745,-36.4301],"pipPosition":[-28.1437,290.519,-63.1031],"stabilizedTipPosition":[-46.6077,256.509,177.898],"timeVisible":4.33053,"tipPosition":[-24.8836,260.884,-39.9561],"tipVelocity":[25.0265,-21.7656,-64.2454],"tool":false,"touchDistance":0.333333,"touchZone":"none","type":2,"width":17.4211},{"bases":[[[0.997578,-0.0655538,0.0232434],[0.0584066,0.971007,0.231807],[-0.0377654,-0.229888,0.972484]],[[0.996086,-0.0721157,0.0511062],[0.0817161,0.530969,-0.843442],[0.0336896,0.844317,0.534784]],[[0.996086,-0.0721157,0.0511062],[0.00284678,-0.551725,-0.834021],[0.0883425,0.830903,-0.54936]],[[0.996086,-0.0721157,0.0511062],[-0.0435919,-0.903803,-0.425723],[0.0768912,0.421829,-0.903409]]],"btipPosition":[-11.5456,264.243,-24.3098],"carpPosition":[-8.77295,313.967,24.0295],"dipPosition":[-10.2282,271.471,-39.7887],"direction":[-0.0883425,-0.830903,0.54936],"extended":false,"handId":282,"id":2823,"length":59.0831,"mcpPosition":[-6.60359,327.172,-31.8329],"pipPosition":[-7.98395,292.578,-53.7445],"stabilizedTipPosition":[-32.4675,255.88,176.623],"timeVisible":4.33053,"tipPosition":[-11.1338,265.927,-28.7297],"tipVelocity":[13.2616,-8.019,-33.7955],"tool":false,"touchDistance":0.333333,"touchZone":"none","type":3,"width":16.5772},{"bases":[[[0.963047,-0.251252,0.0970188],[0.209288,0.92484,0.3176],[-0.169524,-0.285559,0.943248]],[[0.966604,-0.244789,0.0758576],[0.200668,0.538843,-0.818157],[0.159401,0.806056,0.56997]],[[0.966604,-0.244789,0.0758576],[-0.0652356,-0.521278,-0.85089],[0.247832,0.817525,-0.519839]],[[0.966604,-0.244789,0.0758576],[-0.183116,-0.866804,-0.46381],[0.179289,0.43443,-0.882681]]],"btipPosition":[-0.255324,276.334,-22.3258],"carpPosition":[3.17809,308.817,23.0362],"dipPosition":[2.57865,283.201,-36.2781],"direction":[-0.247832,-0.817525,0.519839],"extended":false,"handId":282,"id":2824,"length":46.32,"mcpPosition":[12.1924,324.001,-27.1204],"pipPosition":[7.02378,297.864,-45.602],"stabilizedTipPosition":[-22.239,267.058,171.729],"timeVisible":4.33053,"tipPosition":[0.312941,277.963,-25.5311],"tipVelocity":[10.0059,-6.10988,-60.518],"tool":false,"touchDistance":0.333333,"touchZone":"none","type":4,"width":14.7252}],"r":[[0.907451,0.0874389,0.410959],[-0.131745,0.987994,0.0806971],[-0.398969,-0.127371,0.908075]],"s":0.992643,"t":[-7.50062,98.6343,-178.712],"timestamp":3276782091},false],[4,{"currentFrameRate":105.993,"devices":[],"gestures":[],"hands":[{"armBasis":[[0.903084,0.32445,-0.281374],[-0.131767,0.832904,0.537503],[0.40875,-0.448335,0.794934]],"armWidth":58.4334,"confidence":0.595193,"direction":[-0.103827,0.349658,-0.931106],"elbow":[91.3964,190.878,227.062],"grabStrength":0,"id":282,"palmNormal":[0.155065,-0.919027,-0.362413],"palmPosition":[-21.2044,314.287,-17.0183],"palmVelocity":[-5.1793,-15.5661,-86.4783],"palmWidth":83.4409,"pinchStrength":0.666785,"r":[[0.905871,0.0915917,0.413533],[-0.135825,0.987594,0.0787956],[-0.401186,-0.127547,0.907073]],"s":0.997905,"sphereCenter":[-21.1293,284.695,-47.5841],"sphereRadius":42.1956,"stabilizedPalmPosition":[-32.2038,301.761,182.143],"t":[-7.52312,98.4711,-179.414],"timeVisible":4.33944,"type":"right","wrist":[-9.80972,301.885,30.2376]}],"id":319550,"interactionBox":{"center":[0,200,0],"size":[235.247,235.247,147.751]},"pointables":[{"bases":[[[0.236374,0.963473,0.125884],[-0.819483,0.128062,0.558612],[0.522086,-0.235202,0.819821]],[[0.115098,0.991631,-0.0584836],[-0.940782,0.127717,0.314033],[0.318875,0.0188758,0.947609]],[[0.115098,0.991631,-0.0584836],[-0.982725,0.105079,-0.152349],[-0.144929,0.0750083,0.986595]],[[0.115098,0.991631,-0.0584836],[-0.97954,0.103516,-0.172586],[-0.165088,0.0771513,0.983257]]],"btipPosition":[-40.154,282.062,-64.6808],"carpPosition":[-33.6317,286.927,30.6473],"dipPosition":[-43.6971,283.718,-43.5782],"direction":[0.144929,-0.0750083,-0.986595],"extended":false,"handId":282,"id":2820,"length":47.7925,"mcpPosition":[-33.6317,286.927,30.6473],"pipPosition":[-48.2286,286.063,-12.7306],"stabilizedTipPosition":[-83.4323,264.677,160.768],"timeVisible":4.33944,"tipPosition":[-40.4035,281.905,-59.4064],"tipVelocity":[-8.84911,-23.7516,-97.426],"tool":false,"touchDistance":-0.452543,"touchZone":"touching","type":0,"width":18.5699},{"bases":[[[0.951054,0.238135,-0.19695],[-0.193001,0.955459,0.22327],[0.241346,-0.17433,0.954652]],[[0.968347,0.222185,-0.113747],[-0.191948,0.95415,0.22968],[0.159563,-0.200577,0.966596]],[[0.968347,0.222185,-0.113747],[-0.211723,0.972489,0.097154],[0.132203,-0.069996,0.988748]],[[0.968347,0.222185,-0.113747],[-0.224819,0.974342,-0.0107156],[0.108447,0.0359488,0.993452]]],"btipPosition":[-57.3633,328.836,-112.265],"carpPosition":[-30.1648,308.184,27.7044],"dipPosition":[-55.6641,329.399,-96.6996],"direction":[-0.132203,0.069996,-0.988748],"extended":true,"handId":282,"id":2821,"length":53.9285,"mcpPosition":[-46.4473,319.945,-36.702],"pipPosition":[-52.7338,327.847,-74.784],"stabilizedTipPosition":[-82.5862,314.126,94.7033],"timeVisible":4.33944,"tipPosition":[-55.9551,328.193,-108.849],"tipVelocity":[1.5561,-34.4474,-97.3326],"tool":false,"touchDistance":-0.448697,"touchZone":"hovering","type":1,"width":17.738},{"bases":[[[0.99379,0.0459976,-0.101319],[-0.0240905,0.977904,0.207664],[0.108632,-0.203934,0.972939]],[[0.995148,0.043278,-0.0883548],[-0.0967974,0.591358,-0.800579],[0.0176018,0.805247,0.592678]],[[0.995148,0.043278,-0.0883548],[-0.0574577,-0.47334,-0.879004],[-0.0798634,0.879816,-0.468557]],[[0.995148,0.043278,-0.0883548],[-0.00562205,-0.871572,-0.490236],[-0.098224,0.488354,-0.8671]]],"btipPosition":[-23.9259,258.525,-35.9469],"carpPosition":[-19.973,312.429,25.3372],"dipPosition":[-25.6186,266.941,-50.8896],"direction":[0.0798634,-0.879816,0.468557],"extended":false,"handId":282,"id":2822,"length":61.4471,"mcpPosition":[-26.9232,325.477,-36.911],"pipPosition":[-27.7012,289.884,-63.1082],"stabilizedTipPosition":[-46.6036,256.509,177.858],"timeVisible":4.33944,"tipPosition":[-24.343,260.616,-39.7716],"tipVelocity":[35.5552,-23.9119,-32.5678],"tool":false,"touchDistance":0.333333,"touchZone":"none","type":2,"width":17.4211},{"bases":[[[0.997914,-0.0583645,0.027597],[0.0504481,0.971692,0.230804],[-0.0402866,-0.22893,0.972609]],[[0.996345,-0.0649167,0.0555248],[0.0815459,0.529177,-0.844584],[0.0254451,0.846024,0.532537]],[[0.996345,-0.0649167,0.0555248],[0.0102748,-0.554203,-0.832318],[0.0848034,0.829846,-0.551511]],[[0.996345,-0.0649167,0.0555248],[-0.0353805,-0.905221,-0.423465],[0.0777522,0.419953,-0.904209]]],"btipPosition":[-11.1485,264.116,-24.5452],"carpPosition":[-8.93365,313.906,23.6409],"dipPosition":[-9.81634,271.311,-40.0378],"direction":[-0.0848034,-0.829846,0.551511],"extended":false,"handId":282,"id":2823,"length":59.0831,"mcpPosition":[-6.61947,327.056,-32.2287],"pipPosition":[-7.66202,292.392,-54.0481],"stabilizedTipPosition":[-32.4657,255.881,176.606],"timeVisible":4.33944,"tipPosition":[-10.7329,265.789,-28.9639],"tipVelocity":[21.8911,-9.94545,-31.8878],"tool":false,"touchDistance":0.333333,"touchZone":"none","type":3,"width":16.5772},{"bases":[[[0.964399,-0.244212,0.101463],[0.201287,0.926716,0.317301],[-0.171516,-0.285582,0.942881]],[[0.96812,-0.237519,0.0795539],[0.198485,0.533679,-0.822065],[0.1528,0.811648,0.563809]],[[0.96812,-0.237519,0.0795539],[-0.0601282,-0.52867,-0.846695],[0.243164,0.814919,-0.526098]],[[0.96812,-0.237519,0.0795539],[-0.175977,-0.870943,-0.458792],[0.178259,0.430166,-0.884975]]],"btipPosition":[0.0447295,276.292,-22.2888],"carpPosition":[3.05817,308.84,22.7054],"dipPosition":[2.86242,283.091,-36.2774],"direction":[-0.243164,-0.814919,0.526098],"extended":false,"handId":282,"id":2824,"length":46.32,"mcpPosition":[12.1784,324.026,-27.4317],"pipPosition":[7.22382,297.708,-45.7135],"stabilizedTipPosition":[-22.2389,267.058,171.727],"timeVisible":4.33944,"tipPosition":[0.622724,277.905,-25.6235],"tipVelocity":[16.3381,-6.2156,-43.1753],"tool":false,"touchDistance":0.333333,"touchZone":"none","type":4,"width":14.7252}],"r":[[0.905871,0.0915917,0.413533],[-0.135825,0.987594,0.0787956],[-0.401186,-0.127547,0.907073]],"s":0.997905,"t":[-7.52312,98.4711,-179.414],"timestamp":3276790995},false],[5,{"currentFrameRate":105.88,"devices":[],"gestures":[],"hands":[{"armBasis":[[0.902439,0.328658,-0.278546],[-0.137016,0.831932,0.537695],[0.408449,-0.447072,0.795799]],"armWidth":58.4334,"confidence":0.609552,"direction":[-0.102983,0.350233,-0.930984],"elbow":[91.2872,191.05,226.995],"grabStrength":0,"id":282,"palmNormal":[0.160187,-0.917904,-0.363032],"palmPosition":[-21.1718,314.148,-17.3156],"palmVelocity":[-2.68777,-15.2087,-70.26],"palmWidth":83.4409,"pinchStrength":0.644944,"r":[[0.904286,0.0956416,0.416077],[-0.140022,0.987117,0.0774146],[-0.403313,-0.128265,0.906028]],"s":1.00302,"sphereCenter":[-21.2085,284.654,-47.8843],"sphereRadius":42.2044,"stabilizedPalmPosition":[-32.2037,301.761,182.143],"t":[-7.51809,98.3203,-179.914],"timeVisible":4.34909,"type":"right","wrist":[-9.84433,301.745,29.9561]}],"id":319551,"interactionBox":{"center":[0,200,0],"size":[235.247,235.247,147.751]},"pointables":[{"bases":[[[0.231663,0.964394,0.127578],[-0.821513,0.123708,0.556608],[0.521007,-0.233752,0.820921]],[[0.111177,0.992197,-0.0564291],[-0.941836,0.123314,0.312632],[0.317151,0.0183894,0.948197]],[[0.111177,0.992197,-0.0564291],[-0.983583,0.101735,-0.149047],[-0.142143,0.0720734,0.987219]],[[0.111177,0.992197,-0.0564291],[-0.982877,0.101382,-0.153867],[-0.146945,0.0725694,0.986479]]],"btipPosition":[-40.519,282.026,-65.1569],"carpPosition":[-33.5991,286.679,30.2867],"dipPosition":[-43.6727,283.584,-43.9852],"direction":[0.142143,-0.0720734,-0.987219],"extended":false,"handId":282,"id":2820,"length":47.7925,"mcpPosition":[-33.5991,286.679,30.2867],"pipPosition":[-48.1171,285.837,-13.118],"stabilizedTipPosition":[-83.4315,264.678,160.764],"timeVisible":4.34909,"tipPosition":[-40.5453,281.87,-59.875],"tipVelocity":[-14.5815,-18.6013,-82.9347],"tool":false,"touchDistance":-0.442525,"touchZone":"touching","type":0,"width":18.5699},{"bases":[[[0.950472,0.242675,-0.194195],[-0.197925,0.954319,0.223831],[0.239642,-0.174309,0.955086]],[[0.967308,0.227095,-0.112884],[-0.196461,0.952496,0.232712],[0.16037,-0.202927,0.965972]],[[0.967308,0.227095,-0.112884],[-0.216377,0.971207,0.0996886],[0.132273,-0.072004,0.988595]],[[0.967308,0.227095,-0.112884],[-0.229511,0.973267,-0.00870714],[0.107889,0.0343306,0.99357]]],"btipPosition":[-57.3292,328.767,-112.596],"carpPosition":[-30.2211,307.954,27.3766],"dipPosition":[-55.6388,329.305,-97.0286],"direction":[-0.132273,0.072004,-0.988595],"extended":true,"handId":282,"id":2821,"length":53.9285,"mcpPosition":[-46.3887,319.714,-37.059],"pipPosition":[-52.707,327.709,-75.1163],"stabilizedTipPosition":[-82.5849,314.127,94.6934],"timeVisible":4.34909,"tipPosition":[-55.9252,328.131,-109.181],"tipVelocity":[2.06852,-26.6559,-78.9507],"tool":false,"touchDistance":-0.437116,"touchZone":"hovering","type":1,"width":17.738},{"bases":[[[0.993832,0.050626,-0.0986668],[-0.0290778,0.977549,0.208692],[0.107017,-0.204536,0.972992]],[[0.995199,0.0478316,-0.0853869],[-0.0972138,0.584054,-0.805872],[0.0113244,0.810304,0.5859]],[[0.995199,0.0478316,-0.0853869],[-0.0518215,-0.482579,-0.874318],[-0.0830259,0.874545,-0.477784]],[[0.995199,0.0478316,-0.0853869],[0.000639979,-0.875603,-0.483031],[-0.0978691,0.480658,-0.87143]]],"btipPosition":[-23.5384,258.43,-35.6318],"carpPosition":[-20.0426,312.249,25.0409],"dipPosition":[-25.2249,266.713,-50.6491],"direction":[0.0830259,-0.874545,0.477784],"extended":false,"handId":282,"id":2822,"length":61.4471,"mcpPosition":[-26.8895,325.335,-37.2107],"pipPosition":[-27.39,289.518,-63.1083],"stabilizedTipPosition":[-46.5883,256.512,177.712],"timeVisible":4.34909,"tipPosition":[-23.9697,260.479,-39.6551],"tipVelocity":[36.9356,-20.7495,-14.0906],"tool":false,"touchDistance":0.333333,"touchZone":"none","type":2,"width":17.4211},{"bases":[[[0.998093,-0.0538617,0.0301429],[0.0454276,0.97165,0.23202],[-0.0417853,-0.230208,0.972244]],[[0.996475,-0.060472,0.058142],[0.0814689,0.532324,-0.842611],[0.020004,0.844378,0.535374]],[[0.996475,-0.060472,0.058142],[0.0152593,-0.55086,-0.834458],[0.0824894,0.832404,-0.547995]],[[0.996475,-0.060472,0.058142],[-0.0299461,-0.903839,-0.426824],[0.0783619,0.423579,-0.902464]]],"btipPosition":[-10.8632,264.001,-25.0255],"carpPosition":[-9.00569,313.777,23.3751],"dipPosition":[-9.52057,271.259,-40.4882],"direction":[-0.0824894,-0.832404,0.547995],"extended":false,"handId":282,"id":2823,"length":59.0831,"mcpPosition":[-6.60542,327.001,-32.4735],"pipPosition":[-7.42504,292.405,-54.4092],"stabilizedTipPosition":[-32.4626,255.882,176.578],"timeVisible":4.34909,"tipPosition":[-10.451,265.699,-29.3348],"tipVelocity":[24.1968,-10.0814,-36.8852],"tool":false,"touchDistance":0.333333,"touchZone":"none","type":3,"width":16.5772},{"bases":[[[0.965231,-0.239943,0.103713],[0.196243,0.927263,0.318861],[-0.172678,-0.287422,0.94211]],[[0.969097,-0.232977,0.0810765],[0.196935,0.532755,-0.823036],[0.148555,0.813568,0.562172]],[[0.969097,-0.232977,0.0810765],[-0.0568377,-0.53071,-0.845646],[0.240044,0.814904,-0.527551]],[[0.969097,-0.232977,0.0810765],[-0.171353,-0.872202,-0.45815],[0.177454,0.430099,-0.885169]]],"btipPosition":[0.266104,276.256,-22.4057],"carpPosition":[3.01143,308.767,22.4654],"dipPosition":[3.07106,283.054,-36.3973],"direction":[-0.240044,-0.814904,0.527551],"extended":false,"handId":282,"id":2824,"length":46.32,"mcpPosition":[12.1935,324.051,-27.6307],"pipPosition":[7.37651,297.67,-45.8595],"stabilizedTipPosition":[-22.2386,267.058,171.725],"timeVisible":4.34909,"tipPosition":[0.84704,277.87,-25.7946],"tipVelocity":[18.1708,-5.50155,-34.1462],"tool":false,"touchDistance":0.333333,"touchZone":"none","type":4,"width":14.7252}],"r":[[0.904286,0.0956416,0.416077],[-0.140022,0.987117,0.0774146],[-0.403313,-0.128265,0.906028]],"s":1.00302,"t":[-7.51809,98.3203,-179.914],"timestamp":3276800648},false],[6,{"currentFrameRate":105.992,"devices":[],"gestures":[],"hands":[{"armBasis":[[0.901755,0.333467,-0.275024],[-0.142364,0.82989,0.539458],[0.408131,-0.447305,0.795831]],"armWidth":58.4334,"confidence":0.617472,"direction":[-0.101255,0.351174,-0.930819],"elbow":[91.1158,190.944,226.392],"grabStrength":0,"id":282,"palmNormal":[0.165458,-0.916653,-0.363828],"palmPosition":[-21.1532,314.121,-17.9479],"palmVelocity":[-1.36684,-11.7615,-69.771],"palmWidth":83.4409,"pinchStrength":0.629717,"r":[[0.902621,0.0995419,0.418767],[-0.14429,0.986574,0.0764945],[-0.405531,-0.129469,0.904866]],"s":1.00742,"sphereCenter":[-21.3463,284.738,-48.5315],"sphereRadius":42.1963,"stabilizedPalmPosition":[-32.2037,301.761,182.143],"t":[-7.50624,98.2315,-180.481],"timeVisible":4.35832,"type":"right","wrist":[-9.937,301.697,29.3447]}],"id":319552,"interactionBox":{"center":[0,200,0],"size":[235.247,235.247,147.751]},"pointables":[{"bases":[[[0.227006,0.965203,0.129817],[-0.823986,0.119294,0.55391],[0.519149,-0.232708,0.822394]],[[0.10721,0.992751,-0.0543231],[-0.943329,0.118828,0.309854],[0.314063,0.0180251,0.949231]],[[0.10721,0.992751,-0.0543231],[-0.983949,0.0981025,-0.149066],[-0.142656,0.0694325,0.987334]],[[0.10721,0.992751,-0.0543231],[-0.984872,0.09856,-0.142526],[-0.136139,0.0687815,0.988299]]],"btipPosition":[-40.6212,282.055,-65.9638],"carpPosition":[-33.6269,286.527,29.5698],"dipPosition":[-43.543,283.531,-44.753],"direction":[0.142656,-0.0694325,-0.987334],"extended":false,"handId":282,"id":2820,"length":47.7925,"mcpPosition":[-33.6269,286.527,29.5698],"pipPosition":[-48.0034,285.702,-13.8823],"stabilizedTipPosition":[-83.4309,264.678,160.761],"timeVisible":4.35832,"tipPosition":[-40.5295,281.909,-60.6842],"tipVelocity":[-11.9783,-13.0849,-83.9228],"tool":false,"touchDistance":-0.438575,"touchZone":"touching","type":0,"width":18.5699},{"bases":[[[0.950078,0.247104,-0.190505],[-0.202867,0.953112,0.224549],[0.237059,-0.174692,0.95566]],[[0.966388,0.231859,-0.111063],[-0.200988,0.950749,0.235966],[0.160304,-0.205713,0.965394]],[[0.966388,0.231859,-0.111063],[-0.22088,0.969868,0.102796],[0.131551,-0.0748093,0.988483]],[[0.966388,0.231859,-0.111063],[-0.233935,0.972235,-0.00585181],[0.106623,0.0316367,0.993796]]],"btipPosition":[-57.227,328.874,-113.286],"carpPosition":[-30.3316,307.821,26.7031],"dipPosition":[-55.5565,329.37,-97.7156],"direction":[-0.131551,0.0748093,-0.988483],"extended":true,"handId":282,"id":2821,"length":53.9285,"mcpPosition":[-46.325,319.607,-37.7713],"pipPosition":[-52.6406,327.711,-75.8058],"stabilizedTipPosition":[-82.584,314.127,94.6859],"timeVisible":4.35832,"tipPosition":[-55.8287,328.232,-109.872],"tipVelocity":[4.45567,-16.228,-77.7681],"tool":false,"touchDistance":-0.432084,"touchZone":"hovering","type":1,"width":17.738},{"bases":[[[0.99394,0.0551031,-0.0951104],[-0.0340711,0.9771,0.210036],[0.104506,-0.205523,0.973056]],[[0.995299,0.052237,-0.0815564],[-0.0967269,0.578767,-0.809736],[0.00490397,0.813818,0.581099]],[[0.995299,0.052237,-0.0815564],[-0.0456609,-0.489537,-0.870786],[-0.0854121,0.870416,-0.484851]],[[0.995299,0.052237,-0.0815564],[0.00699244,-0.878639,-0.477435],[-0.0965984,0.47462,-0.874874]]],"btipPosition":[-23.1748,258.464,-35.8116],"carpPosition":[-20.1637,312.163,24.4094],"dipPosition":[-24.8394,266.643,-50.8882],"direction":[0.0854121,-0.870416,0.484851],"extended":false,"handId":282,"id":2822,"length":61.4471,"mcpPosition":[-26.85,325.313,-37.8464],"pipPosition":[-27.0667,289.341,-63.5317],"stabilizedTipPosition":[-46.5582,256.517,177.428],"timeVisible":4.35832,"tipPosition":[-23.6099,260.475,-39.9741],"tipVelocity":[37.7798,-14.6181,-16.0175],"tool":false,"touchDistance":0.333333,"touchZone":"none","type":2,"width":17.4211},{"bases":[[[0.998207,-0.0495576,0.0335586],[0.0403773,0.97149,0.233616],[-0.0441793,-0.231842,0.97175]],[[0.996509,-0.0562518,0.0616899],[0.0823018,0.537899,-0.838982],[0.0140113,0.84113,0.540651]],[[0.996509,-0.0562518,0.0616899],[0.0211632,-0.544585,-0.838439],[0.0807591,0.836817,-0.541493]],[[0.996509,-0.0562518,0.0616899],[-0.0240709,-0.901136,-0.432868],[0.0799406,0.429872,-0.899344]]],"btipPosition":[-10.5854,263.973,-26.0225],"carpPosition":[-9.12785,313.743,22.7845],"dipPosition":[-9.21572,271.339,-41.4317],"direction":[-0.0807591,-0.836817,0.541493],"extended":false,"handId":282,"id":2823,"length":59.0831,"mcpPosition":[-6.59006,327.06,-33.0357],"pipPosition":[-7.16415,292.597,-55.1876],"stabilizedTipPosition":[-32.4596,255.883,176.55],"timeVisible":4.35832,"tipPosition":[-10.1779,265.713,-30.1428],"tipVelocity":[26.0418,-7.34524,-56.4663],"tool":false,"touchDistance":0.333333,"touchZone":"none","type":3,"width":16.5772},{"bases":[[[0.9659,-0.23589,0.106738],[0.191081,0.927631,0.320919],[-0.174715,-0.289581,0.941073]],[[0.969857,-0.22879,0.0838575],[0.197159,0.534553,-0.821816],[0.143197,0.813577,0.563548]],[[0.969857,-0.22879,0.0838575],[-0.0518608,-0.53006,-0.846373],[0.238091,0.816512,-0.525947]],[[0.969857,-0.22879,0.0838575],[-0.16606,-0.872424,-0.459674],[0.178328,0.431893,-0.88412]]],"btipPosition":[0.472047,276.332,-22.9964],"carpPosition":[2.91411,308.786,21.9095],"dipPosition":[3.29083,283.159,-36.9714],"direction":[-0.238091,-0.816512,0.525948],"extended":false,"handId":282,"id":2824,"length":46.32,"mcpPosition":[12.2045,324.184,-28.1315],"pipPosition":[7.56125,297.804,-46.404