{"sensorType":"Leap","data":[[0,{"currentFrameRate":105.038,"devices":[],"gestures":[],"hands":[{"armBasis":[[0.907742,0.295762,-0.297539],[-0.0918555,0.832129,0.546922],[0.40935,-0.469134,0.782526]],"armWidth":58.4334,"confidence":0.692367,"direction":[-0.0671252,0.327829,-0.942349],"elbow":[94.8714,178.083,231.495],"grabStrength":0,"id":283,"palmNormal":[0.110869,-0.93618,-0.33358],"palmPosition":[-16.2993,305.879,-10.0586],"palmVelocity":[31.3674,3.92123,-181.768],"palmWidth":83.4409,"pinchStrength":0.568689,"r":[[0.797027,-0.277361,0.536488],[0.317957,0.94794,0.0177097],[-0.51347,0.156465,0.843722]],"s":1.03452,"sphereCenter":[-4.64599,271.441,-41.4747],"sphereRadius":46.2569,"stabilizedPalmPosition":[-43.0199,255.141,133.808],"t":[49.7957,90.6584,-203.721],"timeVisible":0.622865,"type":"right","wrist":[-6.48314,294.24,37.7427]}],"id":319990,"interactionBox":{"center":[0,200,0],"size":[235.247,235.247,147.751]},"pointables":[{"bases":[[[0.286741,0.952366,0.103818],[-0.821392,0.188629,0.53827],[0.493047,-0.239619,0.836353]],[[0.173654,0.981632,-0.0790062],[-0.912639,0.190555,0.361633],[0.370046,0.00930521,0.928967]],[[0.173654,0.981632,-0.0790062],[-0.981625,0.166092,-0.0939438],[-0.079096,0.0938682,0.992438]],[[0.173654,0.981632,-0.0790062],[-0.907761,0.128445,-0.399339],[-0.381856,0.141066,0.913393]]],"btipPosition":[-37.3676,274.235,-55.0692],"carpPosition":[-31.0968,280.623,38.0887],"dipPosition":[-45.563,277.262,-35.4661],"direction":[0.079096,-0.0938682,-0.992438],"extended":false,"handId":283,"id":2830,"length":47.7925,"mcpPosition":[-31.0968,280.623,38.0887],"pipPosition":[-48.0361,280.197,-4.43575],"stabilizedTipPosition":[-80.9123,220.886,105.098],"timeVisible":0.622865,"tipPosition":[-38.9042,274.202,-50.506],"tipVelocity":[43.4827,19.8655,-193.068],"tool":false,"touchDistance":-0.574892,"touchZone":"hovering","type":0,"width":18.5699},{"bases":[[[0.966219,0.180111,-0.184341],[-0.144155,0.970602,0.192745],[0.213638,-0.15966,0.963778]],[[0.985692,0.158036,-0.0586108],[-0.145921,0.974129,0.172567],[0.0843662,-0.161546,0.983252]],[[0.985692,0.158036,-0.0586108],[-0.155397,0.986725,0.0471677],[0.0652869,-0.0373849,0.997166]],[[0.985692,0.158036,-0.0586108],[-0.16117,0.985488,-0.053264],[0.0493426,0.0619482,0.996859]]],"btipPosition":[-46.367,318.559,-106.854],"carpPosition":[-26.4097,301.565,34.6272],"dipPosition":[-45.5939,319.53,-91.2352],"direction":[-0.0652869,0.0373849,-0.997166],"extended":true,"handId":283,"id":2831,"length":53.9285,"mcpPosition":[-40.8229,312.337,-30.3948],"pipPosition":[-44.1468,318.701,-69.1329],"stabilizedTipPosition":[-80.6044,272.707,11.5641],"timeVisible":0.622865,"tipPosition":[-45.4304,317.75,-103.286],"tipVelocity":[70.6511,15.5098,-198.072],"tool":false,"touchDistance":-0.583852,"touchZone":"hovering","type":1,"width":17.738},{"bases":[[[0.996521,-0.0112361,-0.0825758],[0.0259962,0.983338,0.179918],[0.0791783,-0.181439,0.98021]],[[0.998882,-0.0184421,-0.0435326],[-0.0276305,0.519445,-0.854057],[0.0383634,0.854305,0.518355]],[[0.998882,-0.0184421,-0.0435326],[-0.0451036,-0.0957015,-0.994388],[0.0141725,0.995239,-0.0964263]],[[0.998882,-0.0184421,-0.0435326],[-0.0472764,-0.396785,-0.916694],[-0.000367296,0.917726,-0.397213]]],"btipPosition":[-23.082,237.257,-43.9174],"carpPosition":[-15.9572,305.178,32.3484],"dipPosition":[-23.0883,253.072,-50.7625],"direction":[-0.0141725,-0.995239,0.0964263],"extended":false,"handId":283,"id":2832,"length":61.4471,"mcpPosition":[-21.023,316.787,-30.3651],"pipPosition":[-22.7187,279.025,-53.277],"stabilizedTipPosition":[-56.3465,210.282,55.559],"timeVisible":0.622865,"tipPosition":[-23.1354,241.255,-46.9541],"tipVelocity":[57.3824,-4.32212,-138.689],"tool":false,"touchDistance":0.333333,"touchZone":"none","type":2,"width":17.4211},{"bases":[[[0.992497,-0.11191,0.0492437],[0.0996375,0.973738,0.204714],[-0.0708599,-0.198271,0.977582]],[[0.990977,-0.115646,0.0677552],[0.112383,0.441455,-0.890218],[0.0730393,0.8898,0.450468]],[[0.990977,-0.115646,0.0677552],[0.0449096,-0.1898,-0.980795],[0.126285,0.974988,-0.182893]],[[0.990977,-0.115646,0.0677552],[0.00559494,-0.46938,-0.882978],[0.133916,0.87539,-0.464498]]],"btipPosition":[-9.2486,241.165,-31.1736],"carpPosition":[-4.82379,306.001,30.8337],"dipPosition":[-6.9541,256.164,-39.1322],"direction":[-0.126285,-0.974988,0.182893],"extended":false,"handId":283,"id":2833,"length":59.0831,"mcpPosition":[-0.753386,317.39,-25.3215],"pipPosition":[-3.746,280.933,-43.7784],"stabilizedTipPosition":[-38.491,211.756,61.5651],"timeVisible":0.622865,"tipPosition":[-8.58696,244.861,-34.486],"tipVelocity":[43.5064,-3.03888,-101.699],"tool":false,"touchDistance":0.333333,"touchZone":"none","type":3,"width":16.5772},{"bases":[[[0.947428,-0.293446,0.127551],[0.24614,0.92311,0.295438],[-0.204439,-0.248511,0.946809]],[[0.939834,-0.301822,0.160048],[0.279676,0.410694,-0.86782],[0.196197,0.860368,0.470397]],[[0.939834,-0.301822,0.160048],[0.101893,-0.199512,-0.974583],[0.326082,0.932254,-0.156755]],[[0.939834,-0.301822,0.160048],[0.00448032,-0.457551,-0.889172],[0.341602,0.836391,-0.42867]]],"btipPosition":[0.146781,255.638,-25.7311],"carpPosition":[6.88588,300.263,30.2803],"dipPosition":[5.54638,268.859,-32.5069],"direction":[-0.326082,-0.932254,0.156755],"extended":false,"handId":283,"id":2834,"length":46.32,"mcpPosition":[17.7568,313.478,-20.0656],"pipPosition":[11.395,285.58,-35.3185],"stabilizedTipPosition":[-33.115,212.25,88.5682],"timeVisible":0.622865,"tipPosition":[1.67677,258.885,-28.6109],"tipVelocity":[41.4173,3.55915,-148.764],"tool":false,"touchDistance":0.333333,"touchZone":"none","type":4,"width":14.7252}],"r":[[0.797027,-0.277361,0.536488],[0.317957,0.94794,0.0177097],[-0.51347,0.156465,0.843722]],"s":1.03452,"t":[49.7957,90.6584,-203.721],"timestamp":3281036318},false],[1,{"currentFrameRate":105.237,"devices":[],"gestures":[],"hands":[{"armBasis":[[0.907129,0.302213,-0.292889],[-0.102065,0.833145,0.543555],[0.408288,-0.463181,0.786616]],"armWidth":58.4334,"confidence":0.692735,"direction":[-0.0616751,0.328164,-0.942605],"elbow":[94.3523,179.518,230.851],"grabStrength":0,"id":283,"palmNormal":[0.119698,-0.935155,-0.333402],"palmPosition":[-16.2459,305.814,-11.7839],"palmVelocity":[24.2711,0.867169,-183.753],"palmWidth":83.4409,"pinchStrength":0.567025,"r":[[0.794349,-0.27562,0.541334],[0.315891,0.948596,0.01944],[-0.518866,0.155561,0.840583]],"s":1.03818,"sphereCenter":[-4.43062,271.543,-43.1173],"sphereRadius":46.178,"stabilizedPalmPosition":[-43.0157,255.149,133.785],"t":[49.9531,90.588,-205.544],"timeVisible":0.631998,"type":"right","wrist":[-6.73935,294.201,36.086]}],"id":319991,"interactionBox":{"center":[0,200,0],"size":[235.247,235.247,147.751]},"pointables":[{"bases":[[[0.279636,0.95414,0.106869],[-0.826926,0.182791,0.531772],[0.48785,-0.237075,0.840118]],[[0.168393,0.982788,-0.0759661],[-0.916533,0.184472,0.354876],[0.362782,0.00986666,0.931822]],[[0.168393,0.982788,-0.0759661],[-0.981808,0.160367,-0.101668],[-0.0877354,0.0917042,0.991914]],[[0.168393,0.982788,-0.0759661],[-0.904593,0.123457,-0.408007],[-0.391606,0.137424,0.909813]]],"btipPosition":[-36.724,274.154,-56.9726],"carpPosition":[-31.2651,280.422,36.2228],"dipPosition":[-45.1286,277.103,-37.4463],"direction":[0.0877354,-0.0917042,-0.991914],"extended":false,"handId":283,"id":2830,"length":47.7925,"mcpPosition":[-31.2651,280.422,36.2228],"pipPosition":[-47.8718,279.97,-6.43236],"stabilizedTipPosition":[-80.8821,220.925,104.985],"timeVisible":0.631998,"tipPosition":[-38.3231,274.105,-52.4313],"tipVelocity":[49.521,11.3332,-197.871],"tool":false,"touchDistance":-0.574552,"touchZone":"hovering","type":0,"width":18.5699},{"bases":[[[0.96647,0.186597,-0.176399],[-0.152073,0.969476,0.19233],[0.206903,-0.159056,0.965346]],[[0.984975,0.164768,-0.0517356],[-0.153535,0.972615,0.174488],[0.0790689,-0.163923,0.983299]],[[0.984975,0.164768,-0.0517356],[-0.162268,0.985514,0.0493171],[0.059112,-0.0401811,0.997442]],[[0.984975,0.164768,-0.0517356],[-0.167381,0.984571,-0.0510291],[0.0425294,0.0589219,0.997356]]],"btipPosition":[-45.7384,318.554,-108.787],"carpPosition":[-26.6878,301.397,32.8155],"dipPosition":[-45.072,319.477,-93.1606],"direction":[-0.059112,0.0401811,-0.997442],"extended":true,"handId":283,"id":2831,"length":53.9285,"mcpPosition":[-40.6466,312.128,-32.3123],"pipPosition":[-43.7618,318.586,-71.0523],"stabilizedTipPosition":[-80.537,272.796,11.3394],"timeVisible":0.631998,"tipPosition":[-44.8269,317.744,-105.218],"tipVelocity":[69.3964,10.698,-201.8],"tool":false,"touchDistance":-0.582772,"touchZone":"hovering","type":1,"width":17.738},{"bases":[[[0.997207,-0.00463224,-0.0745414],[0.0180891,0.983338,0.180886],[0.0724614,-0.18173,0.980675]],[[0.999298,-0.0118434,-0.0355487],[-0.024209,0.520053,-0.853791],[0.0285991,0.854052,0.519401]],[[0.999298,-0.0118434,-0.0355487],[-0.0365196,-0.0955603,-0.994754],[0.00838426,0.995353,-0.0959257]],[[0.999298,-0.0118434,-0.0355487],[-0.0373286,-0.396929,-0.91709],[-0.0032488,0.917773,-0.397092]]],"btipPosition":[-22.3041,237.186,-45.7331],"carpPosition":[-16.2412,305.081,30.6239],"dipPosition":[-22.36,253.002,-52.5761],"direction":[-0.00838426,-0.995353,0.0959257],"extended":false,"handId":283,"id":2832,"length":61.4471,"mcpPosition":[-20.8773,316.708,-32.1193],"pipPosition":[-22.1414,278.958,-55.0776],"stabilizedTipPosition":[-56.1606,210.449,54.997],"timeVisible":0.631998,"tipPosition":[-22.3588,241.175,-48.747],"tipVelocity":[64.7626,-5.28981,-155.388],"tool":false,"touchDistance":0.333333,"touchZone":"none","type":2,"width":17.4211},{"bases":[[[0.992781,-0.10544,0.057163],[0.0915895,0.9742,0.206268],[-0.0774371,-0.199544,0.976824]],[[0.991119,-0.109237,0.0758365],[0.116237,0.434612,-0.893085],[0.0645986,0.893969,0.443449]],[[0.991119,-0.109237,0.0758365],[0.0527099,-0.200862,-0.978201],[0.122088,0.97351,-0.19332]],[[0.991119,-0.109237,0.0758365],[0.0143023,-0.479409,-0.877475],[0.13221,0.870766,-0.473589]]],"btipPosition":[-8.66689,241.161,-32.0558],"carpPosition":[-5.10158,305.977,29.1998],"dipPosition":[-6.40163,256.081,-40.1702],"direction":[-0.122088,-0.97351,0.19332],"extended":false,"handId":283,"id":2833,"length":59.0831,"mcpPosition":[-0.653361,317.44,-26.9119],"pipPosition":[-3.30014,280.812,-45.0812],"stabilizedTipPosition":[-38.3424,211.917,61.0973],"timeVisible":0.631998,"tipPosition":[-8.00078,244.824,-35.4539],"tipVelocity":[48.9138,-2.87554,-101.371],"tool":false,"touchDistance":0.333333,"touchZone":"none","type":3,"width":16.5772},{"bases":[[[0.948275,-0.287333,0.134963],[0.237685,0.924458,0.298132],[-0.210431,-0.250633,0.944935]],[[0.940553,-0.295707,0.167086],[0.283328,0.411789,-0.866115],[0.187312,0.861967,0.471091]],[[0.940553,-0.295707,0.167086],[0.109895,-0.200527,-0.973505],[0.321378,0.933995,-0.156109]],[[0.940553,-0.295707,0.167086],[0.01345,-0.459127,-0.888269],[0.339381,0.837711,-0.427856]]],"btipPosition":[0.636668,255.701,-27.2223],"carpPosition":[6.64959,300.317,28.7364],"dipPosition":[6.00117,268.943,-33.9853],"direction":[-0.321378,-0.933995,0.156109],"extended":false,"handId":283,"id":2834,"length":46.32,"mcpPosition":[17.8391,313.645,-21.5099],"pipPosition":[11.7654,285.695,-36.7853],"stabilizedTipPosition":[-33.0461,212.342,88.3371],"timeVisible":0.631998,"tipPosition":[2.16161,258.946,-30.0831],"tipVelocity":[44.5694,4.63515,-152.71],"tool":false,"touchDistance":0.333333,"touchZone":"none","type":4,"width":14.7252}],"r":[[0.794349,-0.27562,0.541334],[0.315891,0.948596,0.01944],[-0.518866,0.155561,0.840583]],"s":1.03818,"t":[49.9531,90.588,-205.544],"timestamp":3281045451},false],[2,{"currentFrameRate":105.145,"devices":[],"gestures":[],"hands":[{"armBasis":[[0.909119,0.292887,-0.296176],[-0.0957515,0.838948,0.535721],[0.405382,-0.458675,0.790748]],"armWidth":58.4334,"confidence":0.684583,"direction":[-0.056113,0.332658,-0.941377],"elbow":[93.6516,180.605,230.201],"grabStrength":0,"id":283,"palmNormal":[0.1108,-0.934964,-0.336996],"palmPosition":[-15.9965,306.081,-13.43],"palmVelocity":[24.7064,8.65203,-179.742],"palmWidth":83.4409,"pinchStrength":0.554884,"r":[[0.79137,-0.276314,0.54533],[0.316178,0.948451,0.0217415],[-0.523226,0.155216,0.83794]],"s":1.04185,"sphereCenter":[-4.6992,271.868,-44.8608],"sphereRadius":46.1225,"stabilizedPalmPosition":[-43.0125,255.155,133.768],"t":[50.1566,90.686,-207.279],"timeVisible":0.64168,"type":"right","wrist":[-6.72057,294.173,34.4128]}],"id":319992,"interactionBox":{"center":[0,200,0],"size":[235.247,235.247,147.751]},"pointables":[{"bases":[[[0.28923,0.95075,0.111446],[-0.826215,0.189142,0.530654],[0.483441,-0.245559,0.84023]],[[0.17992,0.981215,-0.0696063],[-0.914494,0.192915,0.355648],[0.362395,-0.000333509,0.932025]],[[0.17992,0.981215,-0.0696063],[-0.979729,0.172411,-0.102005],[-0.0880878,0.086548,0.992346]],[[0.17992,0.981215,-0.0696063],[-0.901519,0.136168,-0.410759],[-0.393564,0.136655,0.909083]]],"btipPosition":[-36.7757,275.024,-58.7654],"carpPosition":[-31.3876,280.648,34.4372],"dipPosition":[-45.2224,277.957,-39.2547],"direction":[0.0880878,-0.086548,-0.992346],"extended":false,"handId":283,"id":2830,"length":47.7925,"mcpPosition":[-31.3876,280.648,34.4372],"pipPosition":[-47.9766,280.663,-8.22723],"stabilizedTipPosition":[-80.8574,220.957,104.892],"timeVisible":0.64168,"tipPosition":[-38.3809,274.948,-54.2422],"tipVelocity":[33.2085,34.1663,-194.268],"tool":false,"touchDistance":-0.572375,"touchZone":"hovering","type":0,"width":18.5699},{"bases":[[[0.96875,0.177319,-0.173443],[-0.142493,0.970197,0.195995],[0.203027,-0.165155,0.965144]],[[0.986652,0.154998,-0.0499357],[-0.143814,0.973226,0.179303],[0.0763903,-0.169729,0.982526]],[[0.986652,0.154998,-0.0499357],[-0.152287,0.98685,0.054173],[0.0576757,-0.0458453,0.997282]],[[0.986652,0.154998,-0.0499357],[-0.157309,0.986466,-0.046237],[0.0420932,0.0534752,0.997682]]],"btipPosition":[-45.2309,319.596,-110.433],"carpPosition":[-26.586,301.588,31.1271],"dipPosition":[-44.5714,320.434,-94.8015],"direction":[-0.0576757,0.0458453,-0.997282],"extended":true,"handId":283,"id":2831,"length":53.9285,"mcpPosition":[-40.2834,312.731,-33.9872],"pipPosition":[-43.293,319.418,-72.6967],"stabilizedTipPosition":[-80.4722,272.882,11.1237],"timeVisible":0.64168,"tipPosition":[-44.3352,318.786,-106.868],"tipVelocity":[64.3891,38.4217,-192.479],"tool":false,"touchDistance":-0.5775,"touchZone":"hovering","type":1,"width":17.738},{"bases":[[[0.997275,-0.014635,-0.0723075],[0.0278288,0.982346,0.184992],[0.0683236,-0.186501,0.980076]],[[0.999171,-0.0218328,-0.034371],[-0.0182121,0.515351,-0.856786],[0.0364191,0.856701,0.514526]],[[0.999171,-0.0218328,-0.034371],[-0.0364792,-0.104921,-0.993811],[0.0180915,0.994241,-0.10563]],[[0.999171,-0.0218328,-0.034371],[-0.040276,-0.405745,-0.913099],[0.00598968,0.913726,-0.406287]]],"btipPosition":[-22.6531,237.565,-46.7173],"carpPosition":[-16.097,305.173,28.9743],"dipPosition":[-22.5498,253.311,-53.7188],"direction":[-0.0180915,-0.994241,0.10563],"extended":false,"handId":283,"id":2832,"length":61.4471,"mcpPosition":[-20.4683,317.105,-33.7306],"pipPosition":[-22.0781,279.238,-56.4734],"stabilizedTipPosition":[-56.0195,210.578,54.5623],"timeVisible":0.64168,"tipPosition":[-22.6663,241.551,-49.8879],"tipVelocity":[36.4293,7.20182,-140.797],"tool":false,"touchDistance":0.333333,"touchZone":"none","type":2,"width":17.4211},{"bases":[[[0.991505,-0.115932,0.0589685],[0.101172,0.972344,0.210502],[-0.0817416,-0.202748,0.975813]],[[0.989745,-0.119819,0.0777689],[0.122671,0.434008,-0.892518],[0.0731884,0.892906,0.444255]],[[0.989745,-0.119819,0.0777689],[0.0524315,-0.2017,-0.978043],[0.132874,0.972091,-0.19335]],[[0.989745,-0.119819,0.0777689],[0.0108641,-0.479712,-0.877359],[0.142431,0.869207,-0.47349]]],"btipPosition":[-9.06452,241.434,-33.6524],"carpPosition":[-4.9454,305.96,27.5791],"dipPosition":[-6.62413,256.327,-41.7651],"direction":[-0.132874,-0.972091,0.19335],"extended":false,"handId":283,"id":2833,"length":59.0831,"mcpPosition":[-0.249915,317.607,-28.4746],"pipPosition":[-3.24864,281.022,-46.6769],"stabilizedTipPosition":[-38.2344,212.036,60.7477],"timeVisible":0.64168,"tipPosition":[-8.35657,245.081,-37.0166],"tipVelocity":[23.8523,6.01649,-119.912],"tool":false,"touchDistance":0.333333,"touchZone":"none","type":3,"width":16.5772},{"bases":[[[0.944943,-0.297674,0.135915],[0.246534,0.920718,0.30249],[-0.215182,-0.252328,0.943413]],[[0.937129,-0.306033,0.167728],[0.287983,0.406681,-0.866993],[0.197117,0.860787,0.469245]],[[0.937129,-0.306033,0.167728],[0.106397,-0.207192,-0.972498],[0.332368,0.929201,-0.161604]],[[0.937129,-0.306033,0.167728],[0.00681043,-0.46449,-0.885552],[0.348916,0.831019,-0.433203]]],"btipPosition":[0.321663,255.885,-28.516],"carpPosition":[6.74771,300.181,27.1188],"dipPosition":[5.83689,269.021,-35.3635],"direction":[-0.332368,-0.929201,0.161604],"extended":false,"handId":283,"id":2834,"length":46.32,"mcpPosition":[18.1899,313.598,-23.0466],"pipPosition":[11.7983,285.687,-38.2621],"stabilizedTipPosition":[-32.9962,212.409,88.1665],"timeVisible":0.64168,"tipPosition":[1.88871,259.092,-31.4387],"tipVelocity":[23.0993,8.08694,-147.721],"tool":false,"touchDistance":0.333333,"touchZone":"none","type":4,"width":14.7252}],"r":[[0.79137,-0.276314,0.54533],[0.316178,0.948451,0.0217415],[-0.523226,0.155216,0.83794]],"s":1.04185,"t":[50.1566,90.686,-207.279],"timestamp":3281055133},false],[3,{"currentFrameRate":105.306,"devices":[],"gestures":[],"hands":[{"armBasis":[[0.909733,0.297143,-0.289986],[-0.107226,0.842886,0.527301],[0.401109,-0.448609,0.798662]],"armWidth":58.4334,"confidence":0.689335,"direction":[-0.0530767,0.340252,-0.938835],"elbow":[92.4448,182.896,229.494],"grabStrength":0,"id":283,"palmNormal":[0.120475,-0.931111,-0.344264],"palmPosition":[-15.9499,306.214,-16.0495],"palmVelocity":[19.2142,10.2735,-209.135],"palmWidth":83.4409,"pinchStrength":0.539495,"r":[[0.788744,-0.276522,0.549015],[0.314824,0.948805,0.0255912],[-0.527985,0.152658,0.83542]],"s":1.04664,"sphereCenter":[-4.53898,272.451,-47.6285],"sphereRadius":46.0305,"stabilizedPalmPosition":[-43.0103,255.159,133.756],"t":[50.2816,90.8015,-209.456],"timeVisible":0.650876,"type":"right","wrist":[-6.86938,293.971,31.7464]}],"id":319993,"interactionBox":{"center":[0,200,0],"size":[235.247,235.247,147.751]},"pointables":[{"bases":[[[0.280782,0.952072,0.12133],[-0.830954,0.177885,0.527137],[0.480289,-0.24883,0.841074]],[[0.172923,0.983156,-0.0591833],[-0.917842,0.18265,0.352428],[0.357301,-0.00662181,0.933966]],[[0.172923,0.983156,-0.0591833],[-0.980354,0.166018,-0.106512],[-0.0948921,0.0764389,0.992549]],[[0.172923,0.983156,-0.0591833],[-0.899463,0.133147,-0.41622],[-0.401329,0.125207,0.907336]]],"btipPosition":[-36.2006,275.473,-61.757],"carpPosition":[-31.425,280.247,31.5032],"dipPosition":[-44.8138,278.161,-42.2839],"direction":[0.0948921,-0.0764389,-0.992549],"extended":false,"handId":283,"id":2830,"length":47.7925,"mcpPosition":[-31.425,280.247,31.5032],"pipPosition":[-47.7808,280.551,-11.2501],"stabilizedTipPosition":[-80.8388,220.981,104.821],"timeVisible":0.650876,"tipPosition":[-37.8505,275.343,-57.254],"tipVelocity":[40.2468,36.5511,-231.178],"tool":false,"touchDistance":-0.588475,"touchZone":"hovering","type":0,"width":18.5699},{"bases":[[[0.968312,0.186642,-0.165941],[-0.151594,0.967294,0.203375],[0.198472,-0.171775,0.964936]],[[0.985556,0.16363,-0.0436357],[-0.152776,0.970256,0.187784],[0.073065,-0.178406,0.981241]],[[0.985556,0.16363,-0.0436357],[-0.160767,0.985005,0.0626004],[0.0532247,-0.054681,0.997084]],[[0.985556,0.16363,-0.0436357],[-0.165304,0.985511,-0.0379869],[0.0367876,0.0446514,0.998325]]],"btipPosition":[-44.799,320.384,-113.1],"carpPosition":[-26.7742,301.254,28.4014],"dipPosition":[-44.2226,321.084,-97.4581],"direction":[-0.0532247,0.054681,-0.997084],"extended":true,"handId":283,"id":2831,"length":53.9285,"mcpPosition":[-40.1643,312.843,-36.6987],"pipPosition":[-43.0429,319.872,-75.3576],"stabilizedTipPosition":[-80.4184,272.953,10.9422],"timeVisible":0.650876,"tipPosition":[-43.9149,319.574,-109.539],"tipVelocity":[58.9355,50.669,-219.673],"tool":false,"touchDistance":-0.588048,"touchZone":"hovering","type":1,"width":17.738},{"bases":[[[0.997784,-0.00593402,-0.0662717],[0.0186877,0.980917,0.193529],[0.0638586,-0.194338,0.978854]],[[0.999451,-0.0130311,-0.0304607],[-0.0196721,0.506375,-0.862089],[0.0266585,0.862215,0.505841]],[[0.999451,-0.0130311,-0.0304607],[-0.0318425,-0.1239,-0.991784],[0.00914991,0.992209,-0.124247]],[[0.999451,-0.0130311,-0.0304607],[-0.0331121,-0.423964,-0.905073],[-0.00112022,0.905585,-0.424163]]],"btipPosition":[-21.7851,237.784,-48.0919],"carpPosition":[-16.3018,304.941,26.3441],"dipPosition":[-21.8044,253.39,-55.4015],"direction":[-0.00914991,-0.992209,0.124247],"extended":false,"handId":283,"id":2832,"length":61.4471,"mcpPosition":[-20.3875,317.375,-36.2826],"pipPosition":[-21.5658,279.264,-58.6415],"stabilizedTipPosition":[-55.9085,210.678,54.2239],"timeVisible":0.650876,"tipPosition":[-21.8237,241.78,-51.603],"tipVelocity":[51.7788,10.8821,-145.379],"tool":false,"touchDistance":0.333333,"touchZone":"none","type":2,"width":17.4211},{"bases":[[[0.992039,-0.108396,0.0640979],[0.0919532,0.971291,0.219404],[-0.0860403,-0.211764,0.973526]],[[0.990165,-0.112521,0.0831433],[0.122937,0.416069,-0.900984],[0.0667865,0.902344,0.42581]],[[0.990165,-0.112521,0.0831433],[0.0561109,-0.225005,-0.972741],[0.128162,0.967839,-0.216478]],[[0.990165,-0.112521,0.0831433],[0.0162624,-0.497684,-0.867206],[0.138958,0.860029,-0.490959]]],"btipPosition":[-8.57939,241.702,-34.433],"carpPosition":[-5.14872,305.831,25.0245],"dipPosition":[-6.1985,256.437,-42.845],"direction":[-0.128162,-0.967839,0.216478],"extended":false,"handId":283,"id":2833,"length":59.0831,"mcpPosition":[-0.206303,317.995,-30.8978],"pipPosition":[-2.94272,281.024,-48.3443],"stabilizedTipPosition":[-38.1551,212.123,60.4927],"timeVisible":0.650876,"tipPosition":[-7.84389,245.384,-38.268],"tipVelocity":[31.5184,11.3596,-112.21],"tool":false,"touchDistance":0.333333,"touchZone":"none","type":3,"width":16.5772},{"bases":[[[0.946492,-0.291163,0.139203],[0.237167,0.920057,0.311844],[-0.218872,-0.262143,0.939881]],[[0.938609,-0.2998,0.170682],[0.289045,0.413338,-0.863484],[0.188323,0.859809,0.474619]],[[0.938609,-0.2998,0.170682],[0.111932,-0.203335,-0.97269],[0.326318,0.932081,-0.157295]],[[0.938609,-0.2998,0.170682],[0.0137389,-0.461879,-0.886836],[0.344708,0.834738,-0.429405]]],"btipPosition":[0.824048,256.298,-31.1714],"carpPosition":[6.59372,300.151,24.5872],"dipPosition":[6.27275,269.492,-37.9589],"direction":[-0.326318,-0.932081,0.157295],"extended":false,"handId":283,"id":2834,"length":46.32,"mcpPosition":[18.2321,314.09,-25.3904],"pipPosition":[12.1256,286.21,-40.7802],"stabilizedTipPosition":[-32.9615,212.455,88.0468],"timeVisible":0.650876,"tipPosition":[2.37589,259.518,-34.0693],"tipVelocity":[31.4514,18.7981,-186.74],"tool":false,"touchDistance":0.333333,"touchZone":"none","type":4,"width":14.7252}],"r":[[0.788744,-0.276522,0.549015],[0.314824,0.948805,0.0255912],[-0.527985,0.152658,0.83542]],"s":1.04664,"t":[50.2816,90.8015,-209.456],"timestamp":3281064329},false],[4,{"currentFrameRate":105.174,"devices":[],"gestures":[],"hands":[{"armBasis":[[0.909792,0.300224,-0.286608],[-0.11383,0.844514,0.523297],[0.399151,-0.443467,0.802506]],"armWidth":58.4334,"confidence":0.691304,"direction":[-0.0513682,0.34395,-0.937582],"elbow":[91.8831,184.083,228.954],"grabStrength":0,"id":283,"palmNormal":[0.126218,-0.929057,-0.347738],"palmPosition":[-15.9151,306.285,-17.5222],"palmVelocity":[14.6197,9.39787,-192.056],"palmWidth":83.4409,"pinchStrength":0.530784,"r":[[0.786501,-0.276399,0.552286],[0.312784,0.94936,0.0296893],[-0.532524,0.149395,0.833126]],"s":1.05152,"sphereCenter":[-4.46687,272.753,-49.1683],"sphereRadius":45.988,"stabilizedPalmPosition":[-43.0087,255.162,133.747],"t":[50.3615,90.8948,-211.281],"timeVisible":0.660629,"type":"right","wrist":[-6.94623,293.885,30.2541]}],"id":319994,"interactionBox":{"center":[0,200,0],"size":[235.247,235.247,147.751]},"pointables":[{"bases":[[[0.275728,0.952897,0.126338],[-0.833686,0.171641,0.524888],[0.478479,-0.250053,0.841743]],[[0.168822,0.984183,-0.0536921],[-0.919649,0.176882,0.350654],[0.354605,-0.00982002,0.934965]],[[0.168822,0.984183,-0.0536921],[-0.980697,0.162272,-0.109091],[-0.0986531,0.0710727,0.992581]],[[0.168822,0.984183,-0.0536921],[-0.897713,0.131041,-0.420641],[-0.406952,0.119213,0.905637]]],"btipPosition":[-35.8479,275.712,-63.4055],"carpPosition":[-31.434,280.044,29.865],"dipPosition":[-44.5818,278.271,-43.9689],"direction":[0.0986531,-0.0710727,-0.992581],"extended":false,"handId":283,"id":2830,"length":47.7925,"mcpPosition":[-31.434,280.044,29.865],"pipPosition":[-47.6664,280.493,-12.9341],"stabilizedTipPosition":[-80.8233,221.001,104.762],"timeVisible":0.660629,"tipPosition":[-37.534,275.558,-58.9216],"tipVelocity":[38.2112,32.1229,-213.17],"tool":false,"touchDistance":-0.582815,"touchZone":"hovering","type":0,"width":18.5699},{"bases":[[[0.967983,0.192018,-0.161672],[-0.157007,0.965684,0.206891],[0.195851,-0.174883,0.964914]],[[0.984824,0.168781,-0.0404309],[-0.158111,0.968566,0.192046],[0.0715738,-0.182739,0.980553]],[[0.984824,0.168781,-0.0404309],[-0.165887,0.983893,0.0666053],[0.0510214,-0.0588875,0.99696]],[[0.984824,0.168781,-0.0404309],[-0.170187,0.984816,-0.0342619],[0.0340342,0.0406228,0.998595]]],"btipPosition":[-44.5713,320.752,-114.606],"carpPosition":[-26.874,301.085,26.8682],"dipPosition":[-44.038,321.389,-98.9599],"direction":[-0.0510214,0.0588875,-0.99696],"extended":true,"handId":283,"id":2831,"length":53.9285,"mcpPosition":[-40.0873,312.884,-38.2304],"pipPosition":[-42.9071,320.083,-76.8622],"stabilizedTipPosition":[-80.37,273.018,10.7782],"timeVisible":0.660629,"tipPosition":[-43.6942,319.963,-111.047],"tipVelocity":[48.1816,46.4357,-200.472],"tool":false,"touchDistance":-0.580153,"touchZone":"hovering","type":1,"width":17.738},{"bases":[[[0.998032,-0.000832242,-0.0627075],[0.01324,0.98017,0.197714],[0.0612995,-0.198155,0.978252]],[[0.999579,-0.00786837,-0.0279294],[-0.0202158,0.501643,-0.864838],[0.0208155,0.865039,0.501273]],[[0.999579,-0.00786837,-0.0279294],[-0.0287303,-0.133494,-0.990633],[0.00406626,0.991018,-0.133664]],[[0.999579,-0.00786837,-0.0279294],[-0.0285816,-0.433041,-0.900921],[-0.0050058,0.90134,-0.433083]]],"btipPosition":[-21.2741,237.898,-48.9322],"carpPosition":[-16.4123,304.832,24.864],"dipPosition":[-21.3604,253.431,-56.3955],"direction":[-0.00406626,-0.991018,0.133664],"extended":false,"handId":283,"id":2832,"length":61.4471,"mcpPosition":[-20.3343,317.51,-37.7241],"pipPosition":[-21.2543,279.274,-59.8811],"stabilizedTipPosition":[-55.8077,210.767,53.9185],"timeVisible":0.660629,"tipPosition":[-21.3255,241.86,-52.4855],"tipVelocity":[51.4954,10.6182,-129.045],"tool":false,"touchDistance":0.333333,"touchZone":"none","type":2,"width":17.4211},{"bases":[[[0.992317,-0.10387,0.0672089],[0.0864583,0.97079,0.223813],[-0.0884932,-0.216282,0.972312]],[[0.990369,-0.108136,0.086463],[0.123546,0.408348,-0.904427],[0.062494,0.906399,0.417775]],[[0.990369,-0.108136,0.086463],[0.0586754,-0.237834,-0.969532],[0.125405,0.965268,-0.229198]],[[0.990369,-0.108136,0.086463],[0.0195663,-0.508914,-0.860595],[0.137063,0.853998,-0.501897]]],"btipPosition":[-8.27045,241.914,-34.9596],"carpPosition":[-5.25905,305.781,23.5883],"dipPosition":[-5.92203,256.546,-43.5591],"direction":[-0.125405,-0.965268,0.229198],"extended":false,"handId":283,"id":2833,"length":59.0831,"mcpPosition":[-0.175735,318.205,-32.2642],"pipPosition":[-2.73628,281.067,-49.3815],"stabilizedTipPosition":[-38.0871,212.197,60.2751],"timeVisible":0.660629,"tipPosition":[-7.5373,245.546,-38.8623],"tipVelocity":[31.3397,13.6966,-96.4056],"tool":false,"touchDistance":0.333333,"touchZone":"none","type":3,"width":16.5772},{"bases":[[[0.947388,-0.28717,0.141381],[0.231587,0.919869,0.316558],[-0.220958,-0.267161,0.937978]],[[0.939669,-0.29574,0.171932],[0.287109,0.408549,-0.866404],[0.185988,0.863496,0.46881]],[[0.939669,-0.29574,0.171932],[0.110447,-0.213401,-0.970702],[0.323766,0.931127,-0.167863]],[[0.939669,-0.29574,0.171932],[0.013109,-0.4711,-0.881982],[0.341835,0.831025,-0.438801]]],"btipPosition":[1.02046,256.53,-31.9616],"carpPosition":[6.51228,300.16,23.1694],"dipPosition":[6.42375,269.666,-38.8976],"direction":[-0.323766,-0.931127,0.167863],"extended":false,"handId":283,"id":2834,"length":46.32,"mcpPosition":[18.2616,314.366,-26.707],"pipPosition":[12.2308,286.366,-41.9084],"stabilizedTipPosition":[-32.9345,212.491,87.9536],"timeVisible":0.660629,"tipPosition":[2.58017,259.736,-34.9923],"tipVelocity":[27.813,19.8512,-156.708],"tool":false,"touchDistance":0.333333,"touchZone":"none","type":4,"width":14.7252}],"r":[[0.786501,-0.276399,0.552286],[0.312784,0.94936,0.0296893],[-0.532524,0.149395,0.833126]],"s":1.05152,"t":[50.3615,90.8948,-211.281],"timestamp":3281074082},false],[5,{"currentFrameRate":105.286,"devices":[],"gestures":[],"hands":[{"armBasis":[[0.909959,0.298215,-0.288171],[-0.112622,0.846485,0.520364],[0.399113,-0.441056,0.803852]],"armWidth":58.4334,"confidence":0.695841,"direction":[-0.0496456,0.344489,-0.937477],"elbow":[91.8944,184.502,228.684],"grabStrength":0,"id":283,"palmNormal":[0.124366,-0.929197,-0.348032],"palmPosition":[-15.8186,306.149,-18.1282],"palmVelocity":[13.4246,2.63167,-156.285],"palmWidth":83.4409,"pinchStrength":0.526567,"r":[[0.784456,-0.27673,0.555022],[0.311578,0.949644,0.0331068],[-0.536235,0.146962,0.831177]],"s":1.05585,"sphereCenter":[-4.66797,272.645,-49.7571],"sphereRadius":45.9341,"stabilizedPalmPosition":[-43.0077,255.164,133.741],"t":[50.4497,90.8737,-212.497],"timeVisible":0.669919,"type":"right","wrist":[-6.92549,293.707,29.6512]}],"id":319995,"interactionBox":{"center":[0,200,0],"size":[235.247,235.247,147.751]},"pointables":[{"bases":[[[0.277849,0.952188,0.127034],[-0.833789,0.173371,0.524155],[0.47707,-0.251556,0.842095]],[[0.171499,0.98378,-0.0525894],[-0.919455,0.179,0.350087],[0.353822,-0.0116859,0.93524]],[[0.171499,0.98378,-0.0525894],[-0.980143,0.164984,-0.110002],[-0.0995409,0.0704102,0.992539]],[[0.171499,0.98378,-0.0525894],[-0.895623,0.133448,-0.424323],[-0.410423,0.119871,0.903982]]],"btipPosition":[-35.7212,275.684,-64.0142],"carpPosition":[-31.4454,279.924,29.2321],"dipPosition":[-44.5296,278.257,-44.613],"direction":[0.0995409,-0.0704102,-0.992539],"extended":false,"handId":283,"id":2830,"length":47.7925,"mcpPosition":[-31.4454,279.924,29.2321],"pipPosition":[-47.642,280.459,-13.5795],"stabilizedTipPosition":[-80.8117,221.016,104.718],"timeVisible":0.669919,"tipPosition":[-37.4548,275.544,-59.5472],"tipVelocity":[30.7592,22.3087,-171.773],"tool":false,"touchDistance":-0.562119,"touchZone":"hovering","type":0,"width":18.5699},{"bases":[[[0.96859,0.189809,-0.160645],[-0.154933,0.965958,0.207172],[0.1945,-0.175776,0.965025]],[[0.985171,0.166712,-0.0405537],[-0.15596,0.96866,0.193322],[0.0715118,-0.184131,0.980297]],[[0.985171,0.166712,-0.0405537],[-0.163766,0.984186,0.0675168],[0.0511682,-0.0598743,0.996894]],[[0.985171,0.166712,-0.0405537],[-0.168103,0.985194,-0.033693],[0.0343362,0.0400106,0.998609]]],"btipPosition":[-44.4446,320.769,-115.221],"carpPosition":[-26.833,300.956,26.2492],"dipPosition":[-43.9066,321.396,-99.5748],"direction":[-0.0511682,0.0598743,-0.996894],"extended":true,"handId":283,"id":2831,"length":53.9285,"mcpPosition":[-39.9551,312.814,-38.8569],"pipPosition":[-42.7725,320.069,-77.4786],"stabilizedTipPosition":[-80.3315,273.069,10.6474],"timeVisible":0.669919,"tipPosition":[-43.5676,320.003,-111.663],"tipVelocity":[38.4712,33.7859,-162.605],"tool":false,"touchDistance":-0.559698,"touchZone":"hovering","type":1,"width":17.738},{"bases":[[[0.998087,-0.00315625,-0.061738],[0.0153571,0.980048,0.198167],[0.0598808,-0.198736,0.978222]],[[0.999571,-0.0101035,-0.0274952],[-0.0188231,0.497656,-0.86717],[0.0224446,0.867316,0.497252]],[[0.999571,-0.0101035,-0.0274952],[-0.0286413,-0.140234,-0.989704],[0.00614366,0.990067,-0.140463]],[[0.999571,-0.0101035,-0.0274952],[-0.0291379,-0.439326,-0.897855],[-0.00300793,0.898271,-0.439432]]],"btipPosition":[-21.2921,237.759,-49.073],"carpPosition":[-16.3605,304.679,24.2569],"dipPosition":[-21.344,253.239,-56.6457],"direction":[-0.00614366,-0.990067,0.140463],"extended":false,"handId":283,"id":2832,"length":61.4471,"mcpPosition":[-20.1917,317.394,-38.3293],"pipPosition":[-21.1838,279.057,-60.3086],"stabilizedTipPosition":[-55.7281,210.838,53.6768],"timeVisible":0.669919,"tipPosition":[-21.3339,241.688,-52.6216],"tipVelocity":[36.6639,3.03154,-97.6865],"tool":false,"touchDistance":0.333333,"touchZone":"none","type":2,"width":17.4211},{"bases":[[[0.992004,-0.106239,0.0681264],[0.0885277,0.970483,0.224333],[-0.0899484,-0.216508,0.972128]],[[0.989992,-0.110575,0.0876812],[0.125271,0.402512,-0.906803],[0.0649773,0.908712,0.412336]],[[0.989992,-0.110575,0.0876812],[0.0582237,-0.24593,-0.967537],[0.128549,0.96296,-0.237031]],[[0.989992,-0.110575,0.0876812],[0.0182395,-0.515852,-0.856483],[0.139937,0.849511,-0.508673]]],"btipPosition":[-8.36247,241.788,-35.007],"carpPosition":[-5.20381,305.602,22.9924],"dipPosition":[-5.96482,256.344,-43.7226],"direction":[-0.128549,-0.96296,0.237031],"extended":false,"handId":283,"id":2833,"length":59.0831,"mcpPosition":[-0.0369049,318.039,-32.8495],"pipPosition":[-2.6992,280.806,-49.744],"stabilizedTipPosition":[-38.0376,212.251,60.116],"timeVisible":0.669919,"tipPosition":[-7.62013,245.377,-38.9015],"tipVelocity":[20.0504,5.49133,-71.4647],"tool":false,"touchDistance":0.333333,"touchZone":"none","type":3,"width":16.5772},{"bases":[[[0.946571,-0.289465,0.142173],[0.233446,0.919179,0.317196],[-0.222499,-0.267059,0.937643]],[[0.93891,-0.29792,0.172314],[0.286631,0.399752,-0.870655],[0.190503,0.866857,0.460724]],[[0.93891,-0.29792,0.172314],[0.106088,-0.225765,-0.968388],[0.327405,0.927509,-0.180367]],[[0.93891,-0.29792,0.172314],[0.00794765,-0.481773,-0.87626],[0.344072,0.824099,-0.449973]]],"btipPosition":[0.897723,256.383,-31.8677],"carpPosition":[6.55464,299.953,22.5824],"dipPosition":[6.33637,269.409,-38.9803],"direction":[-0.327405,-0.927509,0.180367],"extended":false,"handId":283,"id":2834,"length":46.32,"mcpPosition":[18.3859,314.154,-27.2761],"pipPosition":[12.2087,286.045,-42.2154],"stabilizedTipPosition":[-32.9163,212.516,87.8904],"timeVisible":0.669919,"tipPosition":[2.47292,259.552,-34.9933],"tipVelocity":[16.489,9.03611,-110.891],"tool":false,"touchDistance":0.333333,"touchZone":"none","type":4,"width":14.7252}],"r":[[0.784456,-0.27673,0.555022],[0.311578,0.949644,0.0331068],[-0.536235,0.146962,0.831177]],"s":1.05585,"t":[50.4497,90.8737,-212.497],"timestamp":3281083372},false],[6,{"currentFrameRate":105.284,"devices":[],"gestures":[],"hands":[{"armBasis":[[0.910579,0.296344,-0.288141],[-0.111202,0.847052,0.519747],[0.398095,-0.441229,0.804262]],"armWidth":58.4334,"confidence":0.689723,"direction":[-0.0479565,0.345687,-0.937124],"elbow":[91.6366,184.363,228.241],"grabStrength":0,"id":283,"palmNormal":[0.122467,-0.92909,-0.34899],"palmPosition":[-15.7505,306.13,-18.6668],"palmVelocity":[11.6254,1.28052,-127.649],"palmWidth":83.4409,"pinchStrength":0.524283,"r":[[0.782577,-0.277503,0.557284],[0.31105,0.949707,0.0361139],[-0.539279,0.145081,0.829536]],"s":1.05965,"sphereCenter":[-5.00028,272.709,-50.3055],"sphereRadius":45.849,"stabilizedPalmPosition":[-43.007,255.166,133.737],"t":[50.5279,90.8533,-213.374],"timeVisible":0.679422,"type":"right","wrist":[-6.93128,293.611,29.1064]}],"id":319996,"interactionBox":{"center":[0,200,0],"size":[235.247,235.247,147.751]},"pointables":[{"bases":[[[0.280006,0.951374,0.12839],[-0.833856,0.174759,0.523587],[0.475689,-0.253666,0.842243]],[[0.173976,0.98342,-0.051168],[-0.919415,0.180825,0.349254],[0.352715,-0.013717,0.93563]],[[0.173976,0.98342,-0.051168],[-0.979625,0.167543,-0.110741],[-0.100332,0.0693918,0.992531]],[[0.173976,0.98342,-0.051168],[-0.894031,0.135951,-0.426879],[-0.412845,0.120012,0.90286]]],"btipPosition":[-35.6321,275.769,-64.591],"carpPosition":[-31.4836,279.887,28.6488],"dipPosition":[-44.4925,278.345,-45.214],"direction":[0.100332,-0.0693918,-0.992531],"extended":false,"handId":283,"id":2830,"length":47.7925,"mcpPosition":[-31.4836,279.887,28.6488],"pipPosition":[-47.6296,280.515,-14.1807],"stabilizedTipPosition":[-80.8025,221.028,104.683],"timeVisible":0.679422,"tipPosition":[-37.4047,275.649,-60.1341],"tipVelocity":[24.2512,18.4879,-140.01],"tool":false,"touchDistance":-0.542976,"touchZone":"hovering","type":0,"width":18.5699},{"bases":[[[0.969188,0.187678,-0.159534],[-0.152816,0.966087,0.208145],[0.193188,-0.177352,0.965]],[[0.985482,0.164734,-0.0410791],[-0.153677,0.968364,0.196605],[0.0721672,-0.187438,0.979622]],[[0.985482,0.164734,-0.0410791],[-0.161598,0.984327,0.0706083],[0.0520669,-0.0629449,0.996658]],[[0.985482,0.164734,-0.0410791],[-0.166047,0.985634,-0.0308798],[0.035402,0.0372526,0.998679]]],"btipPosition":[-44.4038,321.073,-115.743],"carpPosition":[-26.8182,300.911,25.6945],"dipPosition":[-43.8491,321.656,-100.096],"direction":[-0.0520669,0.0629449,-0.996658],"extended":true,"handId":283,"id":2831,"length":53.9285,"mcpPosition":[-39.8518,312.876,-39.41],"pipPosition":[-42.695,320.261,-78.0051],"stabilizedTipPosition":[-80.2977,273.114,10.5323],"timeVisible":0.679422,"tipPosition":[-43.5221,320.303,-112.191],"tipVelocity":[28.7622,32.9536,-131.654],"tool":false,"touchDistance":-0.539893,"touchZone":"hovering","type":1,"width":17.738},{"bases":[[[0.998134,-0.00547085,-0.0608226],[0.0175156,0.979779,0.199313],[0.0585023,-0.200006,0.978047]],[[0.99956,-0.0123871,-0.026949],[-0.0172683,0.495678,-0.868335],[0.0241142,0.868418,0.495246]],[[0.99956,-0.0123871,-0.026949],[-0.0284531,-0.143968,-0.989173],[0.00837322,0.989505,-0.144258]],[[0.99956,-0.0123871,-0.026949],[-0.0296478,-0.442819,-0.896121],[-0.00083314,0.896526,-0.442991]]],"btipPosition":[-21.3479,237.769,-49.3537],"carpPosition":[-16.3351,304.611,23.7161],"dipPosition":[-21.3623,253.219,-56.9877],"direction":[-0.00837322,-0.989505,0.144258],"extended":false,"handId":283,"id":2832,"length":61.4471,"mcpPosition":[-20.0781,317.408,-38.859],"pipPosition":[-21.1439,279.023,-60.7495],"stabilizedTipPosition":[-55.6645,210.894,53.4828],"timeVisible":0.679422,"tipPosition":[-21.379,241.674,-52.8762],"tipVelocity":[24.6971,2.25455,-78.5202],"tool":false,"touchDistance":0.333333,"touchZone":"none","type":2,"width":17.4211},{"bases":[[[0.991684,-0.108688,0.0689171],[0.090639,0.97001,0.225535],[-0.0913632,-0.217412,0.971795]],[[0.989624,-0.11308,0.088636],[0.126989,0.399815,-0.907757],[0.0672115,0.909594,0.410026]],[[0.989624,-0.11308,0.088636],[0.0579277,-0.250521,-0.966376],[0.131483,0.961484,-0.241372]],[[0.989624,-0.11308,0.088636],[0.0170671,-0.520018,-0.853985],[0.142661,0.846637,-0.512692]]],"btipPosition":[-8.46519,241.799,-35.2436],"carpPosition":[-5.17503,305.51,22.463],"dipPosition":[-6.02085,256.305,-44.028],"direction":[-0.131483,-0.961484,0.241372],"extended":false,"handId":283,"id":2833,"length":59.0831,"mcpPosition":[0.073147,317.998,-33.3598],"pipPosition":[-2.68069,280.73,-50.1597],"stabilizedTipPosition":[-38.0015,212.29,59.9992],"timeVisible":0.679422,"tipPosition":[-7.71577,245.353,-39.1076],"tipVelocity":[11.5039,3.87637,-58.5548],"tool":false,"touchDistance":0.333333,"touchZone":"none","type":3,"width":16.5772},{"bases":[[[0.945745,-0.29189,0.14271],[0.235349,0.918252,0.318472],[-0.224003,-0.267607,0.937128]],[[0.938154,-0.300242,0.1724],[0.286429,0.393351,-0.873632],[0.194487,0.868982,0.455021]],[[0.938154,-0.300242,0.1724],[0.102444,-0.234924,-0.9666],[0.330715,0.924481,-0.189637]],[[0.938154,-0.300242,0.1724],[0.00353045,-0.48963,-0.871923],[0.3462,0.818607,-0.458289]]],"btipPosition":[0.771086,256.364,-31.8829],"carpPosition":[6.57027,299.833,22.0572],"dipPosition":[6.24338,269.304,-39.127],"direction":[-0.330715,-0.924481,0.189637],"extended":false,"handId":283,"id":2834,"length":46.32,"mcpPosition":[18.4815,314.063,-27.774],"pipPosition":[12.1751,285.886,-42.5283],"stabilizedTipPosition":[-32.9035,212.533,87.8461],"timeVisible":0.679422