{"sensorType":"Leap","data":[[0,{"currentFrameRate":108.204,"devices":[],"gestures":[],"hands":[{"armBasis":[[0.950833,0.196737,-0.239188],[-0.0771486,0.898428,0.432291],[0.299941,-0.392583,0.869433]],"armWidth":58.4334,"confidence":0.707497,"direction":[-0.106908,0.388141,-0.915378],"elbow":[53.7343,204.685,248.16],"grabStrength":0,"id":191,"palmNormal":[0.0813518,-0.914153,-0.397123],"palmPosition":[-32.4294,316.67,-13.5511],"palmVelocity":[-46.4887,-33.4524,-109.533],"palmWidth":83.4409,"pinchStrength":0.426159,"r":[[0.914643,0.165005,0.369054],[-0.18332,0.982941,0.0148542],[-0.360308,-0.0812415,0.929289]],"s":1.22512,"sphereCenter":[-26.1657,287.635,-46.299],"sphereRadius":44.381,"stabilizedPalmPosition":[-55.2627,285.364,138.778],"t":[34.3889,36.8674,-177.869],"timeVisible":0.569502,"type":"right","wrist":[-20.5307,301.888,32.889]}],"id":253580,"interactionBox":{"center":[0,200,0],"size":[235.247,235.247,147.751]},"pointables":[{"bases":[[[0.305125,0.940432,0.149957],[-0.792158,0.163245,0.588079],[0.528569,-0.298228,0.79478]],[[0.144531,0.986333,-0.0791089],[-0.890224,0.164517,0.424776],[0.431986,0.00903138,0.901835]],[[0.144531,0.986333,-0.0791089],[-0.98797,0.14829,0.043879],[0.0550104,0.0718154,0.9959]],[[0.144531,0.986333,-0.0791089],[-0.9697,0.157099,0.187088],[0.196959,0.049672,0.979153]]],"btipPosition":[-71.0171,284.835,-59.8777],"carpPosition":[-45.2954,288.559,33.5579],"dipPosition":[-66.79,285.901,-38.8632],"direction":[-0.0550104,-0.0718154,-0.9959],"extended":false,"handId":191,"id":1910,"length":47.7925,"mcpPosition":[-45.2954,288.559,33.5579],"pipPosition":[-65.07,288.146,-7.72459],"stabilizedTipPosition":[-114.614,266.791,113.876],"timeVisible":0.569502,"tipPosition":[-70.6559,284.315,-54.9345],"tipVelocity":[0.8863,-45.9427,-113.075],"tool":false,"touchDistance":-0.427784,"touchZone":"hovering","type":0,"width":18.5699},{"bases":[[[0.958917,0.180433,-0.218909],[-0.120766,0.957886,0.260517],[0.256696,-0.223378,0.940324]],[[0.983251,0.151513,-0.101294],[-0.126948,0.96814,0.215847],[0.13077,-0.199373,0.971159]],[[0.983251,0.151513,-0.101294],[-0.144363,0.98671,0.0745833],[0.111248,-0.058711,0.992057]],[[0.983251,0.151513,-0.101294],[-0.156034,0.98701,-0.0382602],[0.0941814,0.0534247,0.994121]]],"btipPosition":[-66.8858,333.014,-108.059],"carpPosition":[-40.474,309.625,31.2072],"dipPosition":[-65.4101,333.851,-92.4832],"direction":[-0.111248,0.058711,-0.992057],"extended":true,"handId":191,"id":1911,"length":53.9285,"mcpPosition":[-57.7922,324.695,-32.2325],"pipPosition":[-62.9443,332.55,-70.4942],"stabilizedTipPosition":[-85.1535,304.637,7.34152],"timeVisible":0.569502,"tipPosition":[-65.9214,331.99,-104.609],"tipVelocity":[-38.6263,-62.0901,-122.379],"tool":false,"touchDistance":-0.434291,"touchZone":"hovering","type":1,"width":17.738},{"bases":[[[0.991225,-0.0173625,-0.131038],[0.0487537,0.969464,0.240339],[0.122864,-0.244619,0.961804]],[[0.99456,-0.0249428,-0.101138],[-0.0674399,0.585787,-0.807655],[0.0793902,0.810081,0.580918]],[[0.99456,-0.0249428,-0.101138],[-0.0914096,-0.674564,-0.732535],[-0.0499523,0.737795,-0.673174]],[[0.99456,-0.0249428,-0.101138],[-0.0406106,-0.986929,-0.155955],[-0.0959256,0.159213,-0.982573]]],"btipPosition":[-38.5041,271.117,-24.0655],"carpPosition":[-30.0899,313.256,28.6606],"dipPosition":[-40.1572,273.86,-40.9981],"direction":[0.0499523,-0.737795,0.673174],"extended":false,"handId":191,"id":1912,"length":61.4471,"mcpPosition":[-37.9506,328.907,-32.8752],"pipPosition":[-41.4598,293.1,-58.5526],"stabilizedTipPosition":[-72.9063,254.06,93.599],"timeVisible":0.569502,"tipPosition":[-38.9745,272.153,-28.9945],"tipVelocity":[-6.27393,-50.809,-82.5107],"tool":false,"touchDistance":0.333333,"touchZone":"none","type":2,"width":17.4211},{"bases":[[[0.991987,-0.126204,-0.00581495],[0.123339,0.957454,0.2609],[-0.027359,-0.259527,0.965348]],[[0.991114,-0.132047,0.016043],[0.0856807,0.541489,-0.83633],[0.101748,0.830273,0.547991]],[[0.991114,-0.132047,0.016043],[-0.0813048,-0.696832,-0.712611],[0.105277,0.704974,-0.701376]],[[0.991114,-0.132047,0.016043],[-0.128203,-0.980419,-0.149473],[0.0354662,0.146088,-0.988636]]],"btipPosition":[-24.9093,274.524,-16.482],"carpPosition":[-19.0299,314.046,26.6664],"dipPosition":[-24.3016,277.027,-33.4212],"direction":[-0.105277,-0.704974,0.701376],"extended":false,"handId":191,"id":1913,"length":59.0831,"mcpPosition":[-17.4583,328.954,-28.786],"pipPosition":[-21.6272,294.935,-51.2387],"stabilizedTipPosition":[-53.051,252.868,95.619],"timeVisible":0.569502,"tipPosition":[-24.6777,275.477,-21.2516],"tipVelocity":[-14.3491,-38.6828,-70.928],"tool":false,"touchDistance":0.333333,"touchZone":"none","type":3,"width":16.5772},{"bases":[[[0.948047,-0.311845,0.0629248],[0.273223,0.899454,0.341074],[-0.16296,-0.306162,0.937928]],[[0.932295,-0.334957,0.13649],[0.310741,0.54861,-0.776187],[0.185109,0.766049,0.615551]],[[0.932295,-0.334957,0.13649],[-0.119999,-0.642422,-0.756898],[0.341212,0.689274,-0.639121]],[[0.932295,-0.334957,0.13649],[-0.302231,-0.928725,-0.214773],[0.198701,0.15898,-0.96708]]],"btipPosition":[-14.0418,284.786,-17.8962],"carpPosition":[-7.44404,308.222,25.1874],"dipPosition":[-10.901,287.299,-33.1826],"direction":[-0.341212,-0.689274,0.639121],"extended":false,"handId":191,"id":1914,"length":46.32,"mcpPosition":[1.22128,324.502,-24.6863],"pipPosition":[-4.78099,299.662,-44.6459],"stabilizedTipPosition":[-35.6179,260.165,86.8817],"timeVisible":0.569502,"tipPosition":[-13.0168,285.718,-22.1074],"tipVelocity":[-23.0894,-25.8101,-91.3259],"tool":false,"touchDistance":0.333333,"touchZone":"none","type":4,"width":14.7252}],"r":[[0.914643,0.165005,0.369054],[-0.18332,0.982941,0.0148542],[-0.360308,-0.0812415,0.929289]],"s":1.22512,"t":[34.3889,36.8674,-177.869],"timestamp":2668017611},false],[1,{"currentFrameRate":108.277,"devices":[],"gestures":[],"hands":[{"armBasis":[[0.950152,0.202553,-0.237031],[-0.0830546,0.897193,0.43376],[0.300521,-0.392451,0.869292]],"armWidth":58.4334,"confidence":0.713762,"direction":[-0.105187,0.386435,-0.916299],"elbow":[53.4922,204.617,247.585],"grabStrength":0,"id":191,"palmNormal":[0.0875509,-0.914234,-0.395615],"palmPosition":[-32.7031,316.45,-14.1577],"palmVelocity":[-41.9342,-30.8577,-97.6375],"palmWidth":83.4409,"pinchStrength":0.417639,"r":[[0.912548,0.171084,0.371465],[-0.18893,0.981919,0.0118907],[-0.362714,-0.0810317,0.928371]],"s":1.22659,"sphereCenter":[-26.395,287.463,-46.795],"sphereRadius":44.3275,"stabilizedPalmPosition":[-55.2423,285.392,138.639],"t":[34.0042,36.5836,-178.762],"timeVisible":0.578606,"type":"right","wrist":[-20.9166,301.788,32.3488]}],"id":253581,"interactionBox":{"center":[0,200,0],"size":[235.247,235.247,147.751]},"pointables":[{"bases":[[[0.299778,0.942148,0.149966],[-0.795325,0.159993,0.584688],[0.52687,-0.294549,0.797276]],[[0.141435,0.986896,-0.0776646],[-0.891977,0.161074,0.422412],[0.429387,0.00953098,0.90307]],[[0.141435,0.986896,-0.0776646],[-0.988759,0.144673,0.0377516],[0.0484929,0.0714522,0.996265]],[[0.141435,0.986896,-0.0776646],[-0.971617,0.153416,0.180066],[0.189621,0.0499926,0.980584]]],"btipPosition":[-70.8578,284.592,-60.5987],"carpPosition":[-45.6163,288.335,32.9356],"dipPosition":[-66.7882,285.665,-39.5535],"direction":[-0.0484929,-0.0714522,-0.996265],"extended":false,"handId":191,"id":1910,"length":47.7925,"mcpPosition":[-45.6163,288.335,32.9356],"pipPosition":[-65.2719,287.899,-8.40347],"stabilizedTipPosition":[-114.606,266.794,113.845],"timeVisible":0.578606,"tipPosition":[-70.5099,284.047,-55.6567],"tipVelocity":[4.38954,-40.5407,-103.466],"tool":false,"touchDistance":-0.424048,"touchZone":"hovering","type":0,"width":18.5699},{"bases":[[[0.958867,0.18499,-0.215296],[-0.126637,0.957595,0.258796],[0.254041,-0.220886,0.941633]],[[0.982743,0.156578,-0.0984837],[-0.13241,0.967253,0.216541],[0.129164,-0.199764,0.971293]],[[0.982743,0.156578,-0.0984837],[-0.149705,0.985978,0.0737273],[0.108647,-0.0577115,0.992404]],[[0.982743,0.156578,-0.0984837],[-0.161166,0.986098,-0.0404463],[0.0907816,0.0556205,0.994316]]],"btipPosition":[-66.9501,332.602,-108.794],"carpPosition":[-40.8917,309.422,30.577],"dipPosition":[-65.5278,333.473,-93.2147],"direction":[-0.108647,0.0577115,-0.992404],"extended":true,"handId":191,"id":1911,"length":53.9285,"mcpPosition":[-58.0308,324.324,-32.951],"pipPosition":[-63.1196,332.194,-71.218],"stabilizedTipPosition":[-85.0055,304.861,6.4426],"timeVisible":0.578606,"tipPosition":[-65.9956,331.618,-105.341],"tipVelocity":[-30.2507,-57.1887,-110.796],"tool":false,"touchDistance":-0.430203,"touchZone":"hovering","type":1,"width":17.738},{"bases":[[[0.991818,-0.0125287,-0.127042],[0.0429026,0.970002,0.239282],[0.120233,-0.242775,0.962603]],[[0.995082,-0.0200858,-0.0969918],[-0.0676288,0.577671,-0.813463],[0.0723684,0.816023,0.573472]],[[0.995082,-0.0200858,-0.0969918],[-0.0847731,-0.679158,-0.72908],[-0.0512285,0.733717,-0.677521]],[[0.995082,-0.0200858,-0.0969918],[-0.0350642,-0.987246,-0.155293],[-0.0926355,0.15793,-0.983095]]],"btipPosition":[-38.4748,270.711,-24.2584],"carpPosition":[-30.5159,313.102,28.0674],"dipPosition":[-40.0712,273.432,-41.2],"direction":[0.0512285,-0.733718,0.677521],"extended":false,"handId":191,"id":1912,"length":61.4471,"mcpPosition":[-38.2083,328.635,-33.5195],"pipPosition":[-41.4071,292.566,-58.8678],"stabilizedTipPosition":[-72.8399,254.094,93.3615],"timeVisible":0.578606,"tipPosition":[-38.9331,271.759,-29.2278],"tipVelocity":[-3.24486,-49.2435,-65.5708],"tool":false,"touchDistance":0.333333,"touchZone":"none","type":2,"width":17.4211},{"bases":[[[0.992626,-0.121205,-0.00167606],[0.117465,0.958394,0.260158],[-0.0299262,-0.258436,0.965565]],[[0.991701,-0.126993,0.0200638],[0.0860223,0.539417,-0.837633],[0.0955511,0.832408,0.545864]],[[0.991701,-0.126993,0.0200638],[-0.0750935,-0.6988,-0.711365],[0.104359,0.703954,-0.702537]],[[0.991701,-0.126993,0.0200638],[-0.122644,-0.981238,-0.148765],[0.0385794,0.145069,-0.988669]]],"btipPosition":[-24.9601,274.316,-16.9271],"carpPosition":[-19.4521,313.945,26.1166],"dipPosition":[-24.2991,276.802,-33.8669],"direction":[-0.104359,-0.703954,0.702537],"extended":false,"handId":191,"id":1913,"length":59.0831,"mcpPosition":[-17.733,328.791,-29.3483],"pipPosition":[-21.648,294.685,-51.7139],"stabilizedTipPosition":[-53.0145,252.897,95.4683],"timeVisible":0.578606,"tipPosition":[-24.7179,275.258,-21.6882],"tipVelocity":[-11.5456,-34.3977,-64.8219],"tool":false,"touchDistance":0.333333,"touchZone":"none","type":3,"width":16.5772},{"bases":[[[0.949346,-0.306979,0.0671264],[0.267316,0.901253,0.341007],[-0.16518,-0.305789,0.937661]],[[0.933164,-0.33037,0.141632],[0.311833,0.54807,-0.776132],[0.178787,0.768424,0.614459]],[[0.933164,-0.33037,0.141632],[-0.113068,-0.643811,-0.756785],[0.341203,0.69019,-0.638136]],[[0.933164,-0.33037,0.141632],[-0.296492,-0.930213,-0.216326],[0.203216,0.159875,-0.965994]]],"btipPosition":[-14.1771,284.615,-18.3774],"carpPosition":[-7.8312,308.178,24.6915],"dipPosition":[-10.965,287.142,-33.6466],"direction":[-0.341203,-0.69019,0.638136],"extended":false,"handId":191,"id":1914,"length":46.32,"mcpPosition":[0.952133,324.438,-25.168],"pipPosition":[-4.84513,299.521,-45.0922],"stabilizedTipPosition":[-35.6033,260.182,86.8103],"timeVisible":0.578606,"tipPosition":[-13.1315,285.553,-22.5661],"tipVelocity":[-20.3091,-23.7764,-80.5382],"tool":false,"touchDistance":0.333333,"touchZone":"none","type":4,"width":14.7252}],"r":[[0.912548,0.171084,0.371465],[-0.18893,0.981919,0.0118907],[-0.362714,-0.0810317,0.928371]],"s":1.22659,"t":[34.0042,36.5836,-178.762],"timestamp":2668026715},false],[2,{"currentFrameRate":108.407,"devices":[],"gestures":[],"hands":[{"armBasis":[[0.949693,0.208052,-0.234088],[-0.0888247,0.895693,0.43571],[0.300321,-0.392998,0.869114]],"armWidth":58.4334,"confidence":0.713916,"direction":[-0.104495,0.384666,-0.917122],"elbow":[53.1912,204.316,247.121],"grabStrength":0,"id":191,"palmNormal":[0.0937062,-0.91426,-0.394142],"palmPosition":[-32.8926,316.159,-14.6319],"palmVelocity":[-36.2105,-31.27,-85.3205],"palmWidth":83.4409,"pinchStrength":0.414429,"r":[[0.910424,0.177028,0.373885],[-0.194476,0.980865,0.00913465],[-0.365113,-0.0810281,0.92743]],"s":1.22784,"sphereCenter":[-26.5386,287.205,-47.1735],"sphereRadius":44.277,"stabilizedPalmPosition":[-55.2216,285.421,138.497],"t":[33.7171,36.2963,-179.446],"timeVisible":0.587597,"type":"right","wrist":[-21.1681,301.621,31.9294]}],"id":253582,"interactionBox":{"center":[0,200,0],"size":[235.247,235.247,147.751]},"pointables":[{"bases":[[[0.29421,0.943955,0.149632],[-0.797953,0.156438,0.582063],[0.526033,-0.290649,0.799258]],[[0.13746,0.987513,-0.0769653],[-0.8934,0.157162,0.420875],[0.427716,0.0109075,0.903847]],[[0.13746,0.987513,-0.0769653],[-0.98961,0.140226,0.0317472],[0.0421433,0.0718017,0.996528]],[[0.13746,0.987513,-0.0769653],[-0.973496,0.149029,0.173482],[0.182785,0.0510787,0.981825]]],"btipPosition":[-70.616,284.196,-61.1457],"carpPosition":[-45.7962,288.036,32.459],"dipPosition":[-66.6931,285.292,-40.0738],"direction":[-0.0421433,-0.0718017,-0.996528],"extended":false,"handId":191,"id":1910,"length":47.7925,"mcpPosition":[-45.7962,288.036,32.459],"pipPosition":[-65.3754,287.537,-8.9156],"stabilizedTipPosition":[-114.597,266.798,113.81],"timeVisible":0.587597,"tipPosition":[-70.2964,283.648,-56.2043],"tipVelocity":[9.53361,-41.353,-91.5847],"tool":false,"touchDistance":-0.41809,"touchZone":"hovering","type":0,"width":18.5699},{"bases":[[[0.9585,0.189907,-0.212632],[-0.13261,0.95723,0.257148],[0.252372,-0.218279,0.942689]],[[0.982051,0.162,-0.0966039],[-0.138115,0.966435,0.216627],[0.128455,-0.199397,0.971463]],[[0.982051,0.162,-0.0966039],[-0.155397,0.985196,0.0723982],[0.106902,-0.0560867,0.992686]],[[0.982051,0.162,-0.0966039],[-0.166725,0.985067,-0.0429738],[0.0881995,0.0583087,0.994395]]],"btipPosition":[-67.0176,332.056,-109.369],"carpPosition":[-41.1789,309.145,30.087],"dipPosition":[-65.6357,332.97,-93.7889],"direction":[-0.106902,0.0560867,-0.992686],"extended":true,"handId":191,"id":1911,"length":53.9285,"mcpPosition":[-58.2053,323.871,-33.5123],"pipPosition":[-63.2662,331.727,-71.7859],"stabilizedTipPosition":[-84.869,305.066,5.60548],"timeVisible":0.587597,"tipPosition":[-66.0662,331.118,-105.915],"tipVelocity":[-24.2937,-57.849,-97.9494],"tool":false,"touchDistance":-0.424143,"touchZone":"hovering","type":1,"width":17.738},{"bases":[[[0.992253,-0.0073148,-0.124017],[0.0369177,0.970531,0.238132],[0.118621,-0.240866,0.963282]],[[0.995471,-0.0148274,-0.0938977],[-0.0685018,0.572968,-0.81671],[0.06591,0.819444,0.569357]],[[0.995471,-0.0148274,-0.0938977],[-0.078757,-0.681794,-0.727293],[-0.053235,0.731394,-0.679874]],[[0.995471,-0.0148274,-0.0938977],[-0.0293218,-0.987491,-0.154925],[-0.090426,0.156977,-0.983454]]],"btipPosition":[-38.3716,270.29,-24.5159],"carpPosition":[-30.8155,312.878,27.604],"dipPosition":[-39.9299,272.995,-41.4636],"direction":[0.0532349,-0.731394,0.679874],"extended":false,"handId":191,"id":1912,"length":61.4471,"mcpPosition":[-38.4048,328.289,-34.0264],"pipPosition":[-41.3182,292.068,-59.1928],"stabilizedTipPosition":[-72.7581,254.134,93.0696],"timeVisible":0.587597,"tipPosition":[-38.8193,271.337,-29.4787],"tipVelocity":[1.06083,-48.6773,-55.4808],"tool":false,"touchDistance":0.333333,"touchZone":"none","type":2,"width":17.4211},{"bases":[[[0.993269,-0.115822,0.00149332],[0.111478,0.959355,0.259249],[-0.0314594,-0.257338,0.965809]],[[0.992321,-0.121527,0.0230115],[0.0851358,0.536148,-0.839819],[0.0897232,0.83533,0.542378]],[[0.992321,-0.121527,0.0230115],[-0.0694787,-0.701607,-0.709169],[0.102328,0.702125,-0.704663]],[[0.992321,-0.121527,0.0230115],[-0.116865,-0.982157,-0.147345],[0.0405073,0.143524,-0.988817]]],"btipPosition":[-24.9132,274.04,-17.1727],"carpPosition":[-19.7506,313.779,25.6856],"dipPosition":[-24.2192,276.499,-34.115],"direction":[-0.102328,-0.702125,0.704663],"extended":false,"handId":191,"id":1913,"length":59.0831,"mcpPosition":[-17.9435,328.561,-29.7933],"pipPosition":[-21.6197,294.335,-52.016],"stabilizedTipPosition":[-52.9759,252.926,95.3093],"timeVisible":0.587597,"tipPosition":[-24.667,274.965,-21.9422],"tipVelocity":[-6.71542,-33.5842,-54.5501],"tool":false,"touchDistance":0.333333,"touchZone":"none","type":3,"width":16.5772},{"bases":[[[0.950787,-0.301738,0.0704091],[0.26139,0.903133,0.340627],[-0.166369,-0.30546,0.937558]],[[0.93425,-0.325417,0.14588],[0.312025,0.547834,-0.776221],[0.172677,0.770702,0.613352]],[[0.93425,-0.325417,0.14588],[-0.106577,-0.645144,-0.756592],[0.340321,0.691298,-0.637407]],[[0.93425,-0.325417,0.14588],[-0.2906,-0.931797,-0.217499],[0.206708,0.160806,-0.965098]]],"btipPosition":[-14.2183,284.384,-18.7513],"carpPosition":[-8.09436,308.072,24.3034],"dipPosition":[-10.951,286.925,-34.0064],"direction":[-0.340321,-0.691298,0.637407],"extended":false,"handId":191,"id":1914,"length":46.32,"mcpPosition":[0.752204,324.315,-25.5507],"pipPosition":[-4.84695,299.325,-45.439],"stabilizedTipPosition":[-35.5902,260.196,86.7455],"timeVisible":0.587597,"tipPosition":[-13.1571,285.327,-22.9174],"tipVelocity":[-15.6071,-24.2093,-69.7542],"tool":false,"touchDistance":0.333333,"touchZone":"none","type":4,"width":14.7252}],"r":[[0.910424,0.177028,0.373885],[-0.194476,0.980865,0.00913465],[-0.365113,-0.0810281,0.92743]],"s":1.22784,"t":[33.7171,36.2963,-179.446],"timestamp":2668035706},false],[3,{"currentFrameRate":108.456,"devices":[],"gestures":[],"hands":[{"armBasis":[[0.950242,0.212859,-0.227446],[-0.0960094,0.894709,0.43621],[0.296349,-0.392668,0.870626]],"armWidth":58.4334,"confidence":0.717562,"direction":[-0.104112,0.385455,-0.916834],"elbow":[51.9455,204.145,246.905],"grabStrength":0,"id":191,"palmNormal":[0.100804,-0.913007,-0.395293],"palmPosition":[-33.103,315.906,-15.2358],"palmVelocity":[-32.5512,-30.2784,-79.9854],"palmWidth":83.4409,"pinchStrength":0.412958,"r":[[0.908227,0.182826,0.376429],[-0.200167,0.979736,0.00710694],[-0.367501,-0.0818033,0.926418]],"s":1.22881,"sphereCenter":[-26.6681,287.089,-47.7733],"sphereRadius":44.2279,"stabilizedPalmPosition":[-55.2002,285.45,138.349],"t":[33.4684,36.0261,-180.09],"timeVisible":0.596729,"type":"right","wrist":[-21.4303,301.37,31.3388]}],"id":253583,"interactionBox":{"center":[0,200,0],"size":[235.247,235.247,147.751]},"pointables":[{"bases":[[[0.287673,0.945583,0.152042],[-0.800748,0.15038,0.579817],[0.525401,-0.288545,0.800434]],[[0.132395,0.988466,-0.0735231],[-0.894963,0.151095,0.419776],[0.426043,0.010224,0.904645]],[[0.132395,0.988466,-0.0735231],[-0.990542,0.13464,0.0264375],[0.0360318,0.0693275,0.996943]],[[0.132395,0.988466,-0.0735231],[-0.97568,0.143037,0.166098],[0.174699,0.0497445,0.983365]]],"btipPosition":[-70.3507,283.922,-61.9171],"carpPosition":[-45.9721,287.626,31.7701],"dipPosition":[-66.6013,284.99,-40.8122],"direction":[-0.0360318,-0.0693275,-0.996943],"extended":false,"handId":191,"id":1910,"length":47.7925,"mcpPosition":[-45.9721,287.626,31.7701],"pipPosition":[-65.4747,287.158,-9.64102],"stabilizedTipPosition":[-114.586,266.802,113.77],"timeVisible":0.596729,"tipPosition":[-70.0672,283.363,-56.9764],"tipVelocity":[13.7451,-38.3788,-89.3771],"tool":false,"touchDistance":-0.416072,"touchZone":"hovering","type":0,"width":18.5699},{"bases":[[[0.957917,0.196397,-0.20934],[-0.139557,0.955946,0.258246],[0.250836,-0.218164,0.943126]],[[0.981157,0.168687,-0.0942063],[-0.144752,0.964731,0.219868],[0.127973,-0.202088,0.97097]],[[0.981157,0.168687,-0.0942063],[-0.16205,0.983989,0.0741996],[0.105214,-0.0575354,0.992784]],[[0.981157,0.168687,-0.0942063],[-0.173246,0.983963,-0.0424574],[0.0855335,0.0579782,0.994647]]],"btipPosition":[-67.1201,331.814,-110.026],"carpPosition":[-41.4831,308.767,29.4459],"dipPosition":[-65.7799,332.723,-94.4422],"direction":[-0.105214,0.0575354,-0.992784],"extended":true,"handId":191,"id":1911,"length":53.9285,"mcpPosition":[-58.406,323.486,-34.1828],"pipPosition":[-63.4478,331.447,-72.4371],"stabilizedTipPosition":[-84.7445,305.252,4.83332],"timeVisible":0.596729,"tipPosition":[-66.1718,330.905,-106.574],"tipVelocity":[-20.952,-49.1737,-90.7004],"tool":false,"touchDistance":-0.419907,"touchZone":"hovering","type":1,"width":17.738},{"bases":[[[0.99266,-0.00074555,-0.120932],[0.0299404,0.970365,0.239781],[0.11717,-0.241641,0.963266]],[[0.995845,-0.00831804,-0.0906849],[-0.0696575,0.571859,-0.817389],[0.058658,0.82031,0.568903]],[[0.995845,-0.00831804,-0.0906849],[-0.0719873,-0.681808,-0.727981],[-0.0557743,0.731484,-0.679574]],[[0.995845,-0.00831804,-0.0906849],[-0.0225605,-0.987311,-0.157185],[-0.0882268,0.158577,-0.983397]]],"btipPosition":[-38.2507,269.965,-25.1064],"carpPosition":[-31.1363,312.571,27.0012],"dipPosition":[-39.7711,272.697,-42.0532],"direction":[0.0557743,-0.731484,0.679574],"extended":false,"handId":191,"id":1912,"length":61.4471,"mcpPosition":[-38.6328,328.031,-34.6282],"pipPosition":[-41.2256,291.772,-59.7745],"stabilizedTipPosition":[-72.6657,254.179,92.7392],"timeVisible":0.596729,"tipPosition":[-38.687,271.017,-30.053],"tipVelocity":[4.71223,-44.8698,-58.0272],"tool":false,"touchDistance":0.333333,"touchZone":"none","type":2,"width":17.4211},{"bases":[[[0.993983,-0.109445,0.00440902],[0.104505,0.959635,0.261112],[-0.0328085,-0.259081,0.965298]],[[0.993019,-0.115126,0.0256716],[0.0839088,0.536513,-0.83971],[0.082899,0.836002,0.542428]],[[0.993019,-0.115126,0.0256716],[-0.0629989,-0.701658,-0.709723],[0.0997199,0.703152,-0.704013]],[[0.993019,-0.115126,0.0256716],[-0.110069,-0.982665,-0.149178],[0.0424007,0.145311,-0.988477]]],"btipPosition":[-24.8432,273.822,-17.7347],"carpPosition":[-20.0715,313.546,25.1187],"dipPosition":[-24.1167,276.312,-34.6711],"direction":[-0.0997199,-0.703152,0.704013],"extended":false,"handId":191,"id":1913,"length":59.0831,"mcpPosition":[-18.1869,328.428,-30.3309],"pipPosition":[-21.5835,294.175,-52.5556],"stabilizedTipPosition":[-52.9379,252.955,95.1521],"timeVisible":0.596729,"tipPosition":[-24.5931,274.749,-22.4955],"tipVelocity":[-2.48926,-30.6471,-56.4514],"tool":false,"touchDistance":0.333333,"touchZone":"none","type":3,"width":16.5772},{"bases":[[[0.952483,-0.29574,0.0728978],[0.254521,0.904245,0.342869],[-0.167318,-0.308022,0.936551]],[[0.935591,-0.319961,0.149314],[0.311754,0.550036,-0.774771],[0.165768,0.771418,0.614357]],[[0.935591,-0.319961,0.149314],[-0.0994539,-0.644566,-0.758052],[0.33879,0.694377,-0.634872]],[[0.935591,-0.319961,0.149314],[-0.283813,-0.933051,-0.221055],[0.210046,0.164439,-0.963764]]],"btipPosition":[-14.2494,284.228,-19.3365],"carpPosition":[-8.37457,307.916,23.7639],"dipPosition":[-10.9293,286.827,-34.5704],"direction":[-0.33879,-0.694377,0.634872],"extended":false,"handId":191,"id":1914,"length":46.32,"mcpPosition":[0.522432,324.295,-26.0366],"pipPosition":[-4.8527,299.282,-45.9575],"stabilizedTipPosition":[-35.5787,260.209,86.6883],"timeVisible":0.596729,"tipPosition":[-13.1732,285.188,-23.4813],"tipVelocity":[-11.8444,-21.8122,-68.0272],"tool":false,"touchDistance":0.333333,"touchZone":"none","type":4,"width":14.7252}],"r":[[0.908227,0.182826,0.376429],[-0.200167,0.979736,0.00710694],[-0.367501,-0.0818033,0.926418]],"s":1.22881,"t":[33.4684,36.0261,-180.09],"timestamp":2668044838},false],[4,{"currentFrameRate":108.583,"devices":[],"gestures":[],"hands":[{"armBasis":[[0.949697,0.219876,-0.223],[-0.103683,0.892675,0.438613],[0.295507,-0.393428,0.870569]],"armWidth":58.4334,"confidence":0.721988,"direction":[-0.104715,0.386502,-0.916325],"elbow":[51.5745,203.706,246.484],"grabStrength":0,"id":191,"palmNormal":[0.108618,-0.911433,-0.396852],"palmPosition":[-33.2583,315.661,-15.6425],"palmVelocity":[-28.3675,-29.4587,-70.4752],"palmWidth":83.4409,"pinchStrength":0.412804,"r":[[0.90597,0.188665,0.378978],[-0.206179,0.978497,0.00576103],[-0.369743,-0.0833566,0.925388]],"s":1.22943,"sphereCenter":[-26.7108,286.996,-48.1942],"sphereRadius":44.1799,"stabilizedPalmPosition":[-55.1786,285.48,138.197],"t":[33.2663,35.7685,-180.615],"timeVisible":0.60571,"type":"right","wrist":[-21.5928,301.119,30.9321]}],"id":253584,"interactionBox":{"center":[0,200,0],"size":[235.247,235.247,147.751]},"pointables":[{"bases":[[[0.280207,0.947402,0.154638],[-0.80329,0.143222,0.578111],[0.525556,-0.28621,0.801171]],[[0.126127,0.989548,-0.0698982],[-0.896288,0.143871,0.419487],[0.425159,0.00974026,0.905066]],[[0.126127,0.989548,-0.0698982],[-0.991565,0.127877,0.0211308],[0.0298483,0.0666435,0.99733]],[[0.126127,0.989548,-0.0698982],[-0.978512,0.135687,0.155255],[0.163116,0.0488144,0.985399]]],"btipPosition":[-69.9282,283.614,-62.4874],"carpPosition":[-46.0321,287.191,31.2748],"dipPosition":[-66.4275,284.661,-41.3389],"direction":[-0.0298483,-0.0666435,-0.99733],"extended":false,"handId":191,"id":1910,"length":47.7925,"mcpPosition":[-46.0321,287.191,31.2748],"pipPosition":[-65.4942,286.745,-10.1556],"stabilizedTipPosition":[-114.574,266.806,113.723],"timeVisible":0.60571,"tipPosition":[-69.7224,283.057,-57.5406],"tipVelocity":[21.1251,-37.4204,-81.9799],"tool":false,"touchDistance":-0.411202,"touchZone":"hovering","type":0,"width":18.5699},{"bases":[[[0.956937,0.203978,-0.206553],[-0.147351,0.954356,0.259794],[0.250118,-0.218171,0.943315]],[[0.97996,0.17646,-0.0924089],[-0.152293,0.962751,0.22342],[0.128392,-0.20487,0.970332]],[[0.97996,0.17646,-0.0924089],[-0.169724,0.982531,0.0763371],[0.104265,-0.0591233,0.992791]],[[0.97996,0.17646,-0.0924089],[-0.180861,0.982629,-0.0415762],[0.0834672,0.0574562,0.994853]]],"btipPosition":[-67.2473,331.571,-110.459],"carpPosition":[-41.6957,308.37,29.0038],"dipPosition":[-65.9395,332.471,-94.8721],"direction":[-0.104265,0.0591233,-0.992791],"extended":true,"handId":191,"id":1911,"length":53.9285,"mcpPosition":[-58.5701,323.089,-34.6377],"pipPosition":[-63.6285,331.16,-72.8668],"stabilizedTipPosition":[-84.6336,305.417,4.13699],"timeVisible":0.60571,"tipPosition":[-66.2972,330.693,-107.009],"tipVelocity":[-19.3187,-43.1895,-79.0349],"tool":false,"touchDistance":-0.412735,"touchZone":"hovering","type":1,"width":17.738},{"bases":[[[0.992936,0.00692339,-0.118451],[0.0220789,0.97008,0.241781],[0.116581,-0.242688,0.963074]],[[0.996115,-0.000725196,-0.0880535],[-0.0718844,0.570849,-0.817902],[0.0508584,0.821055,0.568579]],[[0.996115,-0.000725196,-0.0880535],[-0.0649049,-0.681826,-0.728629],[-0.0595088,0.731514,-0.679225]],[[0.996115,-0.000725196,-0.0880535],[-0.01481,-0.987101,-0.15941],[-0.0868021,0.160095,-0.983278]]],"btipPosition":[-38.0308,269.657,-25.4996],"carpPosition":[-31.3717,312.256,26.5925],"dipPosition":[-39.5266,272.416,-42.4443],"direction":[0.0595088,-0.731514,0.679225],"extended":false,"handId":191,"id":1912,"length":61.4471,"mcpPosition":[-38.8304,327.783,-35.0246],"pipPosition":[-41.0785,291.491,-60.1566],"stabilizedTipPosition":[-72.5654,254.226,92.3821],"timeVisible":0.60571,"tipPosition":[-38.4604,270.713,-30.4353],"tipVelocity":[10.3053,-41.7814,-54.1083],"tool":false,"touchDistance":0.333333,"touchZone":"none","type":2,"width":17.4211},{"bases":[[[0.994761,-0.102014,0.00667718],[0.0966684,0.959865,0.263278],[-0.0332673,-0.261253,0.964697]],[[0.99379,-0.107728,0.027864],[0.0818989,0.538624,-0.838556],[0.0753275,0.835631,0.544102]],[[0.99379,-0.107728,0.027864],[-0.0559705,-0.700379,-0.711574],[0.0961716,0.705595,-0.702059]],[[0.99379,-0.107728,0.027864],[-0.102294,-0.983039,-0.152219],[0.0437896,0.148423,-0.987954]]],"btipPosition":[-24.6786,273.619,-18.2064],"carpPosition":[-20.3098,313.317,24.7397],"dipPosition":[-23.9283,276.162,-35.1339],"direction":[-0.0961716,-0.705595,0.702059],"extended":false,"handId":191,"id":1913,"length":59.0831,"mcpPosition":[-18.3988,328.324,-30.6754],"pipPosition":[-21.4852,294.086,-52.9687],"stabilizedTipPosition":[-52.9026,252.982,95.0067],"timeVisible":0.60571,"tipPosition":[-24.4249,274.562,-22.9448],"tipVelocity":[3.38436,-28.0916,-55.3115],"tool":false,"touchDistance":0.333333,"touchZone":"none","type":3,"width":16.5772},{"bases":[[[0.954486,-0.288751,0.074692],[0.246892,0.905435,0.345299],[-0.167334,-0.311142,0.935516]],[[0.937297,-0.313588,0.152109],[0.310417,0.552651,-0.773445],[0.15848,0.772165,0.615341]],[[0.937297,-0.313588,0.152109],[-0.0921783,-0.643925,-0.759515],[0.336122,0.69787,-0.632455]],[[0.937297,-0.313588,0.152109],[-0.276193,-0.934483,-0.224631],[0.212584,0.168535,-0.962499]]],"btipPosition":[-14.1976,284.104,-19.7377],"carpPosition":[-8.56772,307.778,23.4029],"dipPosition":[-10.8373,286.768,-34.9516],"direction":[-0.336122,-0.69787,0.632455],"extended":false,"handId":191,"id":1914,"length":46.32,"mcpPosition":[0.330174,324.323,-26.3426],"pipPosition":[-4.80864,299.285,-46.2954],"stabilizedTipPosition":[-35.5691,260.22,86.6409],"timeVisible":0.60571,"tipPosition":[-13.1099,285.082,-23.865],"tipVelocity":[-6.73546,-19.1549,-61.4853],"tool":false,"touchDistance":0.333333,"touchZone":"none","type":4,"width":14.7252}],"r":[[0.90597,0.188665,0.378978],[-0.206179,0.978497,0.00576103],[-0.369743,-0.0833566,0.925388]],"s":1.22943,"t":[33.2663,35.7685,-180.615],"timestamp":2668053819},false],[5,{"currentFrameRate":108.635,"devices":[],"gestures":[],"hands":[{"armBasis":[[0.950192,0.225295,-0.215355],[-0.111625,0.891147,0.439768],[0.29099,-0.393825,0.87191]],"armWidth":58.4334,"confidence":0.724723,"direction":[-0.104113,0.385068,-0.916997],"elbow":[50.2724,203.376,246.62],"grabStrength":0,"id":191,"palmNormal":[0.116811,-0.910892,-0.395767],"palmPosition":[-33.3736,315.31,-15.8933],"palmVelocity":[-24.0084,-31.9988,-58.5557],"palmWidth":83.4409,"pinchStrength":0.413529,"r":[[0.903561,0.194713,0.381661],[-0.212421,0.977168,0.00437138],[-0.372095,-0.0850227,0.924292]],"s":1.22969,"sphereCenter":[-26.6065,286.69,-48.3773],"sphereRadius":44.1505,"stabilizedPalmPosition":[-55.1538,285.514,138.022],"t":[33.1077,35.4638,-181.003],"timeVisible":0.614822,"type":"right","wrist":[-21.7765,300.886,30.7356]}],"id":253585,"interactionBox":{"center":[0,200,0],"size":[235.247,235.247,147.751]},"pointables":[{"bases":[[[0.272646,0.949549,0.154987],[-0.806488,0.137718,0.574987],[0.524634,-0.281763,0.803348]],[[0.120167,0.990376,-0.0686612],[-0.897947,0.137927,0.417932],[0.42338,0.0114326,0.90588]],[[0.120167,0.990376,-0.0686612],[-0.992494,0.12143,0.0145205],[0.0227183,0.0664009,0.997534]],[[0.120167,0.990376,-0.0686612],[-0.982249,0.128645,0.136518],[0.144037,0.0510374,0.988255]]],"btipPosition":[-69.2961,283.084,-62.8703],"carpPosition":[-46.1137,286.779,30.9969],"dipPosition":[-66.2048,284.18,-41.6605],"direction":[-0.0227183,-0.0664009,-0.997534],"extended":false,"handId":191,"id":1910,"length":47.7925,"mcpPosition":[-46.1137,286.779,30.9969],"pipPosition":[-65.4944,286.256,-10.4708],"stabilizedTipPosition":[-114.553,266.814,113.646],"timeVisible":0.614822,"tipPosition":[-69.2257,282.553,-57.9051],"tipVelocity":[31.6464,-42.8201,-70.4626],"tool":false,"touchDistance":-0.403947,"touchZone":"hovering","type":0,"width":18.5699},{"bases":[[[0.95618,0.210868,-0.203113],[-0.155344,0.95343,0.258534],[0.248171,-0.215652,0.944407]],[[0.978845,0.183838,-0.0898113],[-0.160063,0.961463,0.223538],[0.127445,-0.204433,0.970549]],[[0.978845,0.183838,-0.0898113],[-0.177394,0.981264,0.0751799],[0.10195,-0.0576574,0.993117]],[[0.978845,0.183838,-0.0898113],[-0.188287,0.981137,-0.0437991],[0.0800653,0.0597828,0.994995]]],"btipPosition":[-67.2031,330.933,-110.829],"carpPosition":[-41.9248,307.988,28.7265],"dipPosition":[-65.9487,331.869,-95.2389],"direction":[-0.10195,0.0576574,-0.993117],"extended":true,"handId":191,"id":1911,"length":53.9285,"mcpPosition":[-58.6679,322.537,-34.9887],"pipPosition":[-63.6889,330.591,-73.2264],"stabilizedTipPosition":[-84.5176,305.585,3.40792],"timeVisible":0.614822,"tipPosition":[-66.256,330.101,-107.376],"tipVelocity":[-12.9872,-50.3786,-68.3274],"tool":false,"touchDistance":-0.405323,"touchZone":"hovering","type":1,"width":17.738},{"bases":[[[0.993296,0.0141471,-0.114731],[0.0140326,0.970388,0.241144],[0.114745,-0.241138,0.963684]],[[0.996433,0.00649904,-0.0841369],[-0.072964,0.567269,-0.820294],[0.0423971,0.823507,0.565719]],[[0.996433,0.00649904,-0.0841369],[-0.0569378,-0.684106,-0.727156],[-0.0622844,0.729353,-0.681296]],[[0.996433,0.00649904,-0.0841369],[-0.0069513,-0.98732,-0.158588],[-0.0841008,0.158608,-0.983753]]],"btipPosition":[-37.7625,269.223,-25.5914],"carpPosition":[-31.6206,311.948,26.351],"dipPosition":[-39.2118,271.957,-42.5444],"direction":[0.0622844,-0.729353,0.681296],"extended":false,"handId":191,"id":1912,"length":61.4471,"mcpPosition":[-38.962,327.376,-35.305],"pipPosition":[-40.836,290.976,-60.3106],"stabilizedTipPosition":[-72.4336,254.286,91.9162],"timeVisible":0.614822,"tipPosition":[-38.1792,270.265,-30.5244],"tipVelocity":[15.942,-43.5657,-41.949],"tool":false,"touchDistance":0.333333,"touchZone":"none","type":2,"width":17.4211},{"bases":[[[0.995452,-0.094685,0.0104838],[0.0886139,0.960737,0.262928],[-0.0349676,-0.260804,0.964758]],[[0.994451,-0.100357,0.0315459],[0.0809295,0.538248,-0.838892],[0.067209,0.83679,0.543383]],[[0.994451,-0.100357,0.0315459],[-0.0481559,-0.700882,-0.71165],[0.0935289,0.706182,-0.701826]],[[0.994451,-0.100357,0.0315459],[-0.0944166,-0.983698,-0.15305],[0.0463912,0.149222,-0.987715]]],"btipPosition":[-24.4759,273.289,-18.3912],"carpPosition":[-20.56,313.089,24.5389],"dipPosition":[-23.6811,275.846,-35.3146],"direction":[-0.0935289,-0.706182,0.701826],"extended":false,"handId":191,"id":1913,"length":59.0831,"mcpPosition":[-18.5514,328.071,-30.8796],"pipPosition":[-21.3051,293.785,-53.1435],"stabilizedTipPosition":[-52.8624,253.011,94.8419],"timeVisible":0.614822,"tipPosition":[-24.2133,274.239,-23.1072],"tipVelocity":[8.92844,-30.2388,-45.5627],"tool":false,"touchDistance":0.333333,"touchZone":"none","type":3,"width":16.5772},{"bases":[[[0.956297,-0.281665,0.0784852],[0.238925,0.907474,0.345553],[-0.168553,-0.311699,0.935111]],[[0.938675,-0.30695,0.157072],[0.310158,0.552641,-0.773556],[0.150639,0.774835,0.613953]],[[0.938675,-0.30695,0.157072],[-0.0840493,-0.64549,-0.75913],[0.334403,0.699375,-0.631704]],[[0.938675,-0.30695,0.157072],[-0.268385,-0.936414,-0.22605],[0.21647,0.170032,-0.961369]]],"btipPosition":[-14.114,283.855,-19.8551],"carpPosition":[-8.77256,307.636,23.2503],"dipPosition":[-10.6923,286.542,-35.0512],"direction":[-0.334403,-0.699375,0.631704],"extended":false,"handId":191,"id":1914,"length":46.32,"mcpPosition":[0.190154,324.211,-26.4737],"pipPosition":[-4.69439,299.086,-46.3814],"stabilizedTipPosition":[-35.5596,260.23,86.5937],"timeVisible":0.614822,"tipPosition":[-13.0082,284.839,-23.9693],"tipVelocity":[-1.88933,-21.2779,-47.8752],"tool":false,"touchDistance":0.333333,"touchZone":"none","type":4,"width":14.7252}],"r":[[0.903561,0.194713,0.381661],[-0.212421,0.977168,0.00437138],[-0.372095,-0.0850227,0.924292]],"s":1.22969,"t":[33.1077,35.4638,-181.003],"timestamp":2668062931},false],[6,{"currentFrameRate":108.711,"devices":[],"gestures":[],"hands":[{"armBasis":[[0.94878,0.233983,-0.212291],[-0.119504,0.887806,0.444431],[0.292463,-0.396297,0.870295]],"armWidth":58.4334,"confidence":0.725704,"direction":[-0.104129,0.383597,-0.917612],"elbow":[50.4953,202.408,246.042],"grabStrength":0,"id":191,"palmNormal":[0.1254,-0.9102,-0.394728],"palmPosition":[-33.4747,314.829,-16.1201],"palmVelocity":[-20.4564,-37.8087,-49.297],"palmWidth":83.4409,"pinchStrength":0.414047,"r":[[0.901024,0.201035,0.38437],[-0.218967,0.975728,0.00296457],[-0.374444,-0.0868356,0.923175]],"s":1.22983,"sphereCenter":[-26.5119,286.257,-48.536],"sphereRadius":44.1223,"stabilizedPalmPosition":[-55.122,285.557,137.795],"t":[32.9778,35.0711,-181.31],"timeVisible":0.623884,"type":"right","wrist":[-21.9182,300.531,30.5573]}],"id":253586,"interactionBox":{"center":[0,200,0],"size":[235.247,235.247,147.751]},"pointables":[{"bases":[[[0.264536,0.951803,0.155218],[-0.809474,0.131665,0.572203],[0.524188,-0.277013,0.805289]],[[0.113814,0.991235,-0.0670756],[-0.899472,0.131477,0.416731],[0.421897,0.0129028,0.906552]],[[0.113814,0.991235,-0.0670756],[-0.993362,0.114671,0.00904587],[0.0166582,0.0656008,0.997707]],[[0.113814,0.991235,-0.0670756],[-0.985322,0.121265,0.120147],[0.127228,0.0524167,0.990488]]],"btipPosition":[-68.7069,282.463,-63.2036],"carpPosition":[-46.1427,286.23,30.7477],"dipPosition":[-65.9763,283.588,-41.9459],"direction":[-0.0166582,-0.0656008,-0.997707],"extended":false,"handId":191,"id":1910,"length":47.7925,"mcpPosition":[-46.1427,286.23,30.7477],"pipPosition":[-65.4555,285.639,-10.7508],"stabilizedTipPosition":[-114.514,266.827,113.501],"timeVisible":0.623884,"tipPosition":[-68.7398,281.933,-58.2273],"tipVelocity":[38.3335,-49.7202,-60.8232],"tool":false,"touchDistance":-0.39672,"touchZone":"hovering","type":0,"width":18.5699},{"bases":[[[0.955137,0.218361,-0.200081],[-0.163813,0.952335,0.257337],[0.246737,-0.213016,0.945381]],[[0.977503,0.191834,-0.0876765],[-0.168362,0.960052,0.223506],[0.12705,-0.203716,0.970751]],[[0.977503,0.191834,-0.0876765],[-0.185645,0.979821,0.0740749],[0.100117,-0.0561317,0.993391]],[[0.977503,0.191834,-0.0876765],[-0.196328,0.979468,-0.0457993],[0.0770905,0.0619823,0.995096]]],"btipPosition":[-67.1945,330.14,-111.16],"carpPosition":[-42.1158,307.47,28.4761],"dipPosition":[-65.9866,331.111,-95.5689],"direction":[-0.100117,0.0561317,-0.993391],"extended":true,"handId":191,"id":1911,"length":53.9285,"mcpPosition":[-58.762,321.841,-35.3048],"pipPosition":[-63.7675,329.867,-73.5504],"stabilizedTipPosition":[-84.3807,305.778,2.54459],"timeVisible":0.623884,"tipPosition":[-66.2474,329.356,-107.705],"tipVelocity":[-9.46415,-60.3762,-59.553],"tool":false,"touchDistance":-0.398093,"touchZone":"hovering","type":1,"width":17.738},{"bases":[[[0.993528,0.0220028,-0.111436],[0.00547897,0.970634,0.2405],[0.113455,-0.239554,0.964231]],[[0.996638,0.0143616,-0.0806671],[-0.074672,0.564463,-0.822074],[0.0337273,0.825333,0.563637]],[[0.996638,0.0143616,-0.0806671],[-0.0489145,-0.685543,-0.726387],[-0.0657328,0.727891,-0.682535]],[[0.996638,0.0143616,-0.0806671],[0.00139605,-0.987352,-0.158536],[-0.0819237,0.15789,-0.984052]]],"btipPosition":[-37.4593,268.654,-25.7159],"carpPosition":[-31.8357,311.511,26.1322],"dipPosition":[-38.8711,271.375,-42.6739],"direction":[0.0657328,-0.727891,0.682535],"extended":false,"handId":191,"id":1912,"length":61.4471,"mcpPosition":[-39.0945,326.837,-35.5589],"pipPosition":[-40.5852,290.356,-60.4725],"stabilizedTipPosition":[-72.2461,254.367,91.2585],"timeVisible":0.623884,"tipPosition":[-37.8652,269.691,-30.6351],"tipVelocity":[21.041,-48.9659,-34.1914],"tool":false,"touchDistance":0.333333,"touchZone":"none","type":2,"width":17.4211},{"bases":[[[0.996136,-0.0867228,0.0138629],[0.080062,0.961594,0.262539],[-0.0360986,-0.260414,0.964822]],[[0.995121,-0.0923413,0.0347513],[0.0790328,0.535193,-0.841024],[0.0590626,0.839667,0.53988]],[[0.995121,-0.0923413,0.0347513],[-0.0404887,-0.703394,-0.709646],[0.0899735,0.704777,-0.703701]],[[0.995121,-0.0923413,0.0347513],[-0.0860472,-0.984589,-0.15225],[0.0482747,0.148517,-0.987731]]],"btipPosition":[-24.2376,272.846,-18.3863],"carpPosition":[-20.7785,312.739,24.3561],"dipPosition":[-23.4105,275.391,-35.3099],"direction":[-0.0899735,-0.704777,0.703701],"extended":false,"handId":191,"id":1913,"length":59.0831,"mcpPosition":[-18.7049,327.698,-31.0662],"pipPosition":[-21.1248,293.295,-53.1865],"stabilizedTipPosition":[-52.8016,253.054,94.5949],"timeVisible":0.623884,"tipPosition":[-23.9702,273.787,-23.1179],"tipVelocity":[13.9511,-35.4725,-32.8314],"tool":false,"touchDistance":0.333333,"touchZone":"none","type":3,"width":16.5772},{"bases":[[[0.958249,-0.273963,0.0818666],[0.230517,0.90959,0.3457],[-0.169174,-0.312395,0.934767]],[[0.940332,-0.299605,0.161281],[0.308978,0.553357,-0.773517],[0.142504,0.777196,0.612911]],[[0.940332,-0.299605,0.161281],[-0.075749,-0.646432,-0.759202],[0.331718,0.701685,-0.630556]],[[0.940332,-0.299605,0.161281],[-0.259865,-0.938342,-0.228001],[0.219647,0.172485,-0.96021]]],"btipPosition":[-13.9903,283.478,-19.9816],"carpPosition":[-8.94367,307.379,23.1105],"dipPosition":[-10.5184,286.204,-35.1594],"direction":[-0.331718,-0.701685,0.630556],"extended":false,"handId":191,"id":1914,"length":46.32,"mcpPosition":[0.0520548,323.99