{"sensorType":"Leap","data":[[0,{"currentFrameRate":109.296,"devices":[],"gestures":[],"hands":[{"armBasis":[[0.9168,0.0966152,-0.387484],[0.111622,0.869623,0.480934],[0.38343,-0.484172,0.786485]],"armWidth":58.4334,"confidence":0.713755,"direction":[0.0268988,0.366473,-0.93004],"elbow":[72.5439,158.773,231.105],"grabStrength":0,"id":196,"palmNormal":[-0.115918,-0.922956,-0.367035],"palmPosition":[-28.4609,293.967,-11.0143],"palmVelocity":[8.02163,23.0704,-69.4978],"palmWidth":83.4409,"pinchStrength":0.898234,"r":[[0.843361,0.167589,0.510546],[-0.171817,0.984345,-0.0392943],[-0.509139,-0.0545811,0.858952]],"s":0.926868,"sphereCenter":[-39.7615,266.651,-42.7279],"sphereRadius":42.2964,"stabilizedPalmPosition":[-41.2964,278.765,44.2433],"t":[102.463,111.925,-151.113],"timeVisible":0.704953,"type":"right","wrist":[-22.393,278.653,36.3717]}],"id":256580,"interactionBox":{"center":[0,200,0],"size":[235.247,235.247,147.751]},"pointables":[{"bases":[[[0.508467,0.849673,0.139701],[-0.757733,0.364447,0.541313],[0.409026,-0.381096,0.829134]],[[0.388403,0.918459,-0.0746769],[-0.846225,0.387584,0.365624],[0.364755,-0.0788161,0.927762]],[[0.388403,0.918459,-0.0746769],[-0.913161,0.372756,-0.164894],[-0.123612,0.132237,0.98348]],[[0.388403,0.918459,-0.0746769],[-0.84645,0.323569,-0.422877],[-0.364232,0.227457,0.903105]]],"btipPosition":[-54.5976,266.03,-56.4853],"carpPosition":[-49.5826,271.439,36.1167],"dipPosition":[-62.4147,270.912,-37.103],"direction":[0.123612,-0.132237,-0.98348],"extended":false,"handId":196,"id":1960,"length":47.7925,"mcpPosition":[-49.5826,271.439,36.1167],"pipPosition":[-66.2796,275.047,-6.35267],"stabilizedTipPosition":[-77.7454,255.584,-2.15043],"timeVisible":0.704953,"tipPosition":[-56.1688,265.97,-51.9982],"tipVelocity":[9.59048,58.1767,-74.5009],"tool":false,"touchDistance":-0.40514,"touchZone":"hovering","type":0,"width":18.5699},{"bases":[[[0.983315,-0.0544792,-0.173559],[0.0938397,0.969267,0.22741],[0.155836,-0.239903,0.958208]],[[0.989561,-0.065712,-0.12826],[0.0945769,0.967642,0.233931],[0.108738,-0.243619,0.963756]],[[0.989561,-0.065712,-0.12826],[0.0805224,0.99022,0.113929],[0.119519,-0.123067,0.985175]],[[0.989561,-0.065712,-0.12826],[0.0683429,0.99753,0.0162153],[0.126878,-0.0248117,0.991608]]],"btipPosition":[-59.3312,319.614,-106.548],"carpPosition":[-39.8965,290.714,33.4412],"dipPosition":[-57.3433,319.225,-91.0115],"direction":[-0.119519,0.123067,-0.985175],"extended":true,"handId":196,"id":1961,"length":53.9285,"mcpPosition":[-50.4101,306.899,-31.205],"pipPosition":[-54.6941,316.497,-69.175],"stabilizedTipPosition":[-75.9911,301.154,-48.5198],"timeVisible":0.704953,"tipPosition":[-58.5843,317.976,-103.135],"tipVelocity":[3.35403,62.0672,-63.5901],"tool":false,"touchDistance":-0.402804,"touchZone":"touching","type":1,"width":17.738},{"bases":[[[0.964827,-0.250823,-0.0787142],[0.262128,0.940601,0.215776],[0.0199171,-0.22882,0.973265]],[[0.965032,-0.255182,-0.0599585],[0.138767,0.691377,-0.709043],[0.222389,0.675929,0.702612]],[[0.965032,-0.255182,-0.0599585],[-0.165363,-0.415162,-0.894592],[0.203392,0.873225,-0.442843]],[[0.965032,-0.255182,-0.0599585],[-0.255766,-0.866533,-0.428607],[0.057417,0.428955,-0.901499]]],"btipPosition":[-46.2478,246.348,-34.9021],"carpPosition":[-28.8503,291.748,31.3399],"dipPosition":[-45.2584,253.74,-50.4376],"direction":[-0.203392,-0.873225,0.442843],"extended":false,"handId":196,"id":1962,"length":61.4471,"mcpPosition":[-30.1246,306.388,-30.9292],"pipPosition":[-39.9545,276.511,-61.9856],"stabilizedTipPosition":[-70.3355,238.504,12.5419],"timeVisible":0.704953,"tipPosition":[-46.0003,248.109,-38.5797],"tipVelocity":[23.6265,18.6155,-68.9567],"tool":false,"touchDistance":0.333333,"touchZone":"none","type":2,"width":17.4211},{"bases":[[[0.934718,-0.35195,0.0493271],[0.330893,0.912503,0.240516],[-0.129661,-0.208493,0.969391]],[[0.928683,-0.360124,0.0886436],[0.309125,0.619569,-0.721509],[0.204912,0.697456,0.686707]],[[0.928683,-0.360124,0.0886436],[-0.0938609,-0.459452,-0.883229],[0.3588,0.81192,-0.460487]],[[0.928683,-0.360124,0.0886436],[-0.292512,-0.85817,-0.421879],[0.228,0.365863,-0.902308]]],"btipPosition":[-31.8017,246.391,-26.7595],"carpPosition":[-17.8326,289.885,29.9034],"dipPosition":[-27.8951,252.659,-42.2195],"direction":[-0.3588,-0.81192,0.460487],"extended":false,"handId":196,"id":1963,"length":59.0831,"mcpPosition":[-10.3845,301.862,-25.7813],"pipPosition":[-18.7803,273.285,-53.9175],"stabilizedTipPosition":[-51.4446,237.868,11.3847],"timeVisible":0.704953,"tipPosition":[-30.8228,247.856,-30.5755],"tipVelocity":[21.5997,22.9329,-65.031],"tool":false,"touchDistance":0.333333,"touchZone":"none","type":3,"width":16.5772},{"bases":[[[0.845821,-0.519617,0.120769],[0.459483,0.824625,0.329953],[-0.271038,-0.22359,0.93624]],[[0.790084,-0.549195,0.27231],[0.565982,0.482938,-0.668158],[0.23544,0.682023,0.692396]],[[0.790084,-0.549195,0.27231],[-0.0413325,-0.490943,-0.870211],[0.611604,0.676284,-0.410586]],[[0.790084,-0.549195,0.27231],[-0.395504,-0.796096,-0.458047],[0.468342,0.254196,-0.846191]]],"btipPosition":[-19.4593,255.117,-22.3049],"carpPosition":[-7.8646,281.49,29.1906],"dipPosition":[-12.0564,259.135,-35.6804],"direction":[-0.611604,-0.676284,0.410586],"extended":false,"handId":196,"id":1964,"length":46.32,"mcpPosition":[6.54769,293.38,-20.5934],"pipPosition":[-1.08658,271.265,-43.0447],"stabilizedTipPosition":[-35.9374,244.573,14.7217],"timeVisible":0.704953,"tipPosition":[-17.8133,256.061,-25.1523],"tipVelocity":[20.9981,26.5841,-67.1668],"tool":false,"touchDistance":0.333333,"touchZone":"none","type":4,"width":14.7252}],"r":[[0.843361,0.167589,0.510546],[-0.171817,0.984345,-0.0392943],[-0.509139,-0.0545811,0.858952]],"s":0.926868,"t":[102.463,111.925,-151.113],"timestamp":2695594077},false],[1,{"currentFrameRate":109.299,"devices":[],"gestures":[],"hands":[{"armBasis":[[0.916648,0.0986378,-0.387334],[0.110094,0.869275,0.481913],[0.384235,-0.484388,0.78596]],"armWidth":58.4334,"confidence":0.714116,"direction":[0.0275794,0.366692,-0.929933],"elbow":[72.8256,158.983,230.452],"grabStrength":0,"id":196,"palmNormal":[-0.114497,-0.923006,-0.367356],"palmPosition":[-28.34,294.234,-11.5408],"palmVelocity":[9.46707,24.7681,-66.1814],"palmWidth":83.4409,"pinchStrength":0.88019,"r":[[0.842453,0.169485,0.511417],[-0.174039,0.983951,-0.0393899],[-0.509886,-0.0558225,0.858429]],"s":0.930487,"sphereCenter":[-39.8477,267.075,-43.2308],"sphereRadius":42.3298,"stabilizedPalmPosition":[-41.295,278.767,44.2371],"t":[102.561,112.179,-151.651],"timeVisible":0.714097,"type":"right","wrist":[-22.3105,278.917,35.8491]}],"id":256581,"interactionBox":{"center":[0,200,0],"size":[235.247,235.247,147.751]},"pointables":[{"bases":[[[0.507388,0.850193,0.140462],[-0.758752,0.363518,0.540509],[0.408477,-0.380823,0.82953]],[[0.389586,0.918273,-0.0706918],[-0.845509,0.387034,0.367857],[0.365153,-0.0835412,0.927192]],[[0.389586,0.918273,-0.0706918],[-0.913038,0.375018,-0.160387],[-0.120769,0.127029,0.984519]],[[0.389586,0.918273,-0.0706918],[-0.846367,0.326698,-0.420632],[-0.36316,0.223704,0.904473]]],"btipPosition":[-54.6371,266.724,-57.0766],"carpPosition":[-49.4919,271.673,35.5611],"dipPosition":[-62.4312,271.526,-37.6649],"direction":[0.120769,-0.127029,-0.984519],"extended":false,"handId":196,"id":1960,"length":47.7925,"mcpPosition":[-49.4919,271.673,35.5611],"pipPosition":[-66.2072,275.497,-6.88214],"stabilizedTipPosition":[-77.6504,255.638,-2.37539],"timeVisible":0.714097,"tipPosition":[-56.1384,266.624,-52.5744],"tipVelocity":[5.88022,62.5454,-71.5589],"tool":false,"touchDistance":-0.401728,"touchZone":"hovering","type":0,"width":18.5699},{"bases":[[[0.983574,-0.0533823,-0.172432],[0.0925299,0.969321,0.227715],[0.154986,-0.23993,0.958339]],[[0.989634,-0.064303,-0.128408],[0.0937368,0.966643,0.238358],[0.108798,-0.247924,0.962651]],[[0.989634,-0.064303,-0.128408],[0.0796107,0.989832,0.117876],[0.119523,-0.126877,0.984691]],[[0.989634,-0.064303,-0.128408],[0.0673581,0.997537,0.0195886],[0.126832,-0.0280349,0.991528]]],"btipPosition":[-59.2027,320.166,-107.042],"carpPosition":[-39.8235,290.959,32.9008],"dipPosition":[-57.2155,319.726,-91.5065],"direction":[-0.119523,0.126877,-0.984691],"extended":true,"handId":196,"id":1961,"length":53.9285,"mcpPosition":[-50.2798,307.146,-31.7543],"pipPosition":[-54.5662,316.914,-69.6808],"stabilizedTipPosition":[-75.8585,301.3,-48.9421],"timeVisible":0.714097,"tipPosition":[-58.4517,318.538,-103.636],"tipVelocity":[6.32769,61.2315,-60.9298],"tool":false,"touchDistance":-0.398268,"touchZone":"touching","type":1,"width":17.738},{"bases":[[[0.965188,-0.249765,-0.0776482],[0.260863,0.940839,0.21627],[0.0190378,-0.228997,0.973241]],[[0.965376,-0.254356,-0.0579012],[0.138251,0.687088,-0.7133],[0.221216,0.680597,0.698463]],[[0.965376,-0.254356,-0.0579012],[-0.164492,-0.421282,-0.891888],[0.202465,0.870531,-0.448535]],[[0.965376,-0.254356,-0.0579012],[-0.254401,-0.868874,-0.424663],[0.0577071,0.42469,-0.903498]]],"btipPosition":[-46.0463,246.554,-35.0618],"carpPosition":[-28.7761,292.006,30.8124],"dipPosition":[-45.0518,253.873,-50.6317],"direction":[-0.202465,-0.870531,0.448535],"extended":false,"handId":196,"id":1962,"length":61.4471,"mcpPosition":[-29.9941,306.657,-31.4551],"pipPosition":[-39.7721,276.574,-62.3282],"stabilizedTipPosition":[-70.2942,238.52,12.4557],"timeVisible":0.714097,"tipPosition":[-45.7997,248.322,-38.878],"tipVelocity":[23.2199,19.2015,-54.8664],"tool":false,"touchDistance":0.333333,"touchZone":"none","type":2,"width":17.4211},{"bases":[[[0.93504,-0.350951,0.0503377],[0.329629,0.912811,0.241084],[-0.130557,-0.208831,0.969198]],[[0.928904,-0.359215,0.0900175],[0.307033,0.611145,-0.729542],[0.207048,0.705313,0.677986]],[[0.928904,-0.359215,0.0900175],[-0.0966572,-0.469833,-0.877448],[0.357485,0.806363,-0.47115]],[[0.928904,-0.359215,0.0900175],[-0.293054,-0.86165,-0.414341],[0.226401,0.358503,-0.905659]]],"btipPosition":[-31.699,246.625,-26.5778],"carpPosition":[-17.7547,290.155,29.3883],"dipPosition":[-27.8199,252.768,-42.0952],"direction":[-0.357485,-0.806363,0.47115],"extended":false,"handId":196,"id":1963,"length":59.0831,"mcpPosition":[-10.2551,302.151,-26.2853],"pipPosition":[-18.7384,273.252,-54.0642],"stabilizedTipPosition":[-51.4018,237.89,11.2986],"timeVisible":0.714097,"tipPosition":[-30.6977,248.094,-30.6237],"tipVelocity":[18.5211,22.8079,-41.8067],"tool":false,"touchDistance":0.333333,"touchZone":"none","type":3,"width":16.5772},{"bases":[[[0.846241,-0.518728,0.121643],[0.458211,0.825053,0.330652],[-0.27188,-0.224073,0.935881]],[[0.790669,-0.548294,0.272427],[0.565727,0.484156,-0.667493],[0.234085,0.681885,0.692991]],[[0.790669,-0.548294,0.272427],[-0.0402213,-0.490521,-0.8705],[0.610921,0.67732,-0.409893]],[[0.790669,-0.548294,0.272427],[-0.39426,-0.796401,-0.458589],[0.468403,0.255185,-0.84586]]],"btipPosition":[-19.2716,255.393,-22.828],"carpPosition":[-7.77684,281.771,28.6854],"dipPosition":[-11.8677,259.427,-36.1983],"direction":[-0.610921,-0.67732,0.409893],"extended":false,"handId":196,"id":1964,"length":46.32,"mcpPosition":[6.6802,293.686,-21.0795],"pipPosition":[-0.910132,271.576,-43.5501],"stabilizedTipPosition":[-35.9124,244.589,14.6664],"timeVisible":0.714097,"tipPosition":[-17.6286,256.341,-25.6775],"tipVelocity":[20.875,27.7174,-64.3573],"tool":false,"touchDistance":0.333333,"touchZone":"none","type":4,"width":14.7252}],"r":[[0.842453,0.169485,0.511417],[-0.174039,0.983951,-0.0393899],[-0.509886,-0.0558225,0.858429]],"s":0.930487,"t":[102.561,112.179,-151.651],"timestamp":2695603221},false],[2,{"currentFrameRate":109.382,"devices":[],"gestures":[],"hands":[{"armBasis":[[0.917162,0.0986907,-0.386101],[0.109182,0.869552,0.48162],[0.383267,-0.483879,0.786745]],"armWidth":58.4334,"confidence":0.71339,"direction":[0.0281707,0.366894,-0.929836],"elbow":[72.6212,159.308,230.254],"grabStrength":0,"id":196,"palmNormal":[-0.113625,-0.923001,-0.367639],"palmPosition":[-28.2726,294.439,-11.9352],"palmVelocity":[8.92562,24.2288,-60.0541],"palmWidth":83.4409,"pinchStrength":0.864667,"r":[[0.841614,0.17108,0.512268],[-0.175927,0.983612,-0.0394595],[-0.510623,-0.0569121,0.857919]],"s":0.934544,"sphereCenter":[-40.0652,267.489,-43.5982],"sphereRadius":42.3604,"stabilizedPalmPosition":[-41.2931,278.769,44.2289],"t":[102.644,112.409,-152.117],"timeVisible":0.72309,"type":"right","wrist":[-22.2753,279.116,35.4569]}],"id":256582,"interactionBox":{"center":[0,200,0],"size":[235.247,235.247,147.751]},"pointables":[{"bases":[[[0.506757,0.850468,0.141073],[-0.75944,0.362957,0.53992],[0.407981,-0.380744,0.82981]],[[0.390892,0.917974,-0.0672814],[-0.845063,0.386892,0.369029],[0.36479,-0.0873933,0.926979]],[[0.390892,0.917974,-0.0672814],[-0.912745,0.377158,-0.156997],[-0.118744,0.12278,0.985305]],[[0.390892,0.917974,-0.0672814],[-0.847436,0.330398,-0.415559],[-0.359243,0.219455,0.907074]]],"btipPosition":[-54.728,267.308,-57.5646],"carpPosition":[-49.4521,271.856,35.1438],"dipPosition":[-62.438,272.018,-38.097],"direction":[0.118744,-0.12278,-0.985305],"extended":false,"handId":196,"id":1960,"length":47.7925,"mcpPosition":[-49.4521,271.856,35.1438],"pipPosition":[-66.1508,275.857,-7.28972],"stabilizedTipPosition":[-77.5309,255.71,-2.66189],"timeVisible":0.72309,"tipPosition":[-56.1665,267.177,-53.0313],"tipVelocity":[2.08242,62.545,-66.4202],"tool":false,"touchDistance":-0.397015,"touchZone":"hovering","type":0,"width":18.5699},{"bases":[[[0.983755,-0.0527604,-0.171585],[0.0917521,0.969331,0.227988],[0.154294,-0.240028,0.958426]],[[0.989635,-0.0633632,-0.128872],[0.0935379,0.965339,0.243664],[0.108965,-0.253193,0.96126]],[[0.989635,-0.0633632,-0.128872],[0.0793231,0.989263,0.122742],[0.119711,-0.131692,0.984036]],[[0.989635,-0.0633632,-0.128872],[0.0669721,0.997469,0.0238617],[0.127034,-0.0322452,0.991374]]],"btipPosition":[-59.1393,320.742,-107.381],"carpPosition":[-39.7929,291.149,32.4957],"dipPosition":[-57.1489,320.237,-91.8481],"direction":[-0.119711,0.131692,-0.984036],"extended":true,"handId":196,"id":1961,"length":53.9285,"mcpPosition":[-50.2025,307.342,-32.1652],"pipPosition":[-54.4955,317.318,-70.0369],"stabilizedTipPosition":[-75.6757,301.505,-49.5262],"timeVisible":0.72309,"tipPosition":[-58.3877,319.105,-103.985],"tipVelocity":[6.54759,61.5497,-54.5762],"tool":false,"touchDistance":-0.39187,"touchZone":"touching","type":1,"width":17.738},{"bases":[[[0.965405,-0.249173,-0.0768565],[0.260112,0.940952,0.216684],[0.0183264,-0.229179,0.973212]],[[0.965576,-0.253955,-0.0562956],[0.137985,0.683527,-0.716765],[0.220506,0.684323,0.695039]],[[0.965576,-0.253955,-0.0562956],[-0.163967,-0.426216,-0.889638],[0.201934,0.868244,-0.453184]],[[0.965576,-0.253955,-0.0562956],[-0.25357,-0.870692,-0.421424],[0.0580068,0.421192,-0.905115]]],"btipPosition":[-45.9289,246.717,-35.1546],"carpPosition":[-28.7443,292.202,30.4172],"dipPosition":[-44.9293,253.976,-50.7524],"direction":[-0.201934,-0.868244,0.453184],"extended":false,"handId":196,"id":1962,"length":61.4471,"mcpPosition":[-29.9168,306.865,-31.8484],"pipPosition":[-39.6634,276.617,-62.5701],"stabilizedTipPosition":[-70.2477,238.539,12.3589],"timeVisible":0.72309,"tipPosition":[-45.6827,248.486,-39.0731],"tipVelocity":[20.4659,18.4922,-42.8404],"tool":false,"touchDistance":0.333333,"touchZone":"none","type":2,"width":17.4211},{"bases":[[[0.935205,-0.350402,0.051083],[0.328873,0.912959,0.241553],[-0.131277,-0.209102,0.969042]],[[0.928985,-0.358739,0.0910628],[0.305417,0.604049,-0.736102],[0.209062,0.71164,0.670718]],[[0.928985,-0.358739,0.0910628],[-0.099166,-0.478296,-0.872582],[0.356584,0.801585,-0.479905]],[[0.928985,-0.358739,0.0910628],[-0.293786,-0.864376,-0.408099],[0.225114,0.352365,-0.908385]]],"btipPosition":[-31.6611,246.811,-26.3879],"carpPosition":[-17.7206,290.358,29.0024],"dipPosition":[-27.804,252.849,-41.9521],"direction":[-0.356584,-0.801585,0.479905],"extended":false,"handId":196,"id":1963,"length":59.0831,"mcpPosition":[-10.1796,302.37,-26.6623],"pipPosition":[-18.7455,273.212,-54.1434],"stabilizedTipPosition":[-51.337,237.922,11.1689],"timeVisible":0.72309,"tipPosition":[-30.6471,248.274,-30.593],"tipVelocity":[14.4416,21.4905,-24.8689],"tool":false,"touchDistance":0.333333,"touchZone":"none","type":3,"width":16.5772},{"bases":[[[0.846445,-0.518246,0.122277],[0.457429,0.825261,0.331215],[-0.272562,-0.224422,0.935599]],[[0.791101,-0.54776,0.272247],[0.565471,0.485187,-0.66696],[0.233243,0.681581,0.693574]],[[0.791101,-0.54776,0.272247],[-0.0395179,-0.489915,-0.870874],[0.610408,0.67819,-0.409219]],[[0.791101,-0.54776,0.272247],[-0.393427,-0.796448,-0.459223],[0.468375,0.256182,-0.845574]]],"btipPosition":[-19.1586,255.6,-23.2274],"carpPosition":[-7.73707,281.98,28.3064],"dipPosition":[-11.7551,259.649,-36.5932],"direction":[-0.610408,-0.67819,0.409219],"extended":false,"handId":196,"id":1964,"length":46.32,"mcpPosition":[6.75622,293.914,-21.4434],"pipPosition":[-0.806823,271.813,-43.933],"stabilizedTipPosition":[-35.8862,244.606,14.6083],"timeVisible":0.72309,"tipPosition":[-17.5191,256.553,-26.0774],"tipVelocity":[18.5902,26.5199,-58.8546],"tool":false,"touchDistance":0.333333,"touchZone":"none","type":4,"width":14.7252}],"r":[[0.841614,0.17108,0.512268],[-0.175927,0.983612,-0.0394595],[-0.510623,-0.0569121,0.857919]],"s":0.934544,"t":[102.644,112.409,-152.117],"timestamp":2695612214},false],[3,{"currentFrameRate":109.314,"devices":[],"gestures":[],"hands":[{"armBasis":[[0.918604,0.108358,-0.380033],[0.0986118,0.868397,0.485965],[0.382678,-0.483885,0.787027]],"armWidth":58.4334,"confidence":0.716958,"direction":[0.0294689,0.368882,-0.929009],"elbow":[72.3783,159.915,229.309],"grabStrength":0,"id":196,"palmNormal":[-0.103243,-0.923319,-0.369897],"palmPosition":[-28.2721,295.08,-12.9517],"palmVelocity":[6.42953,36.8893,-74.0201],"palmWidth":83.4409,"pinchStrength":0.852064,"r":[[0.840101,0.173717,0.513861],[-0.179211,0.983024,-0.0393347],[-0.51197,-0.0590446,0.856971]],"s":0.938975,"sphereCenter":[-39.9607,268.272,-44.6929],"sphereRadius":42.3969,"stabilizedPalmPosition":[-41.2901,278.773,44.2159],"t":[102.686,112.844,-152.859],"timeVisible":0.73236,"type":"right","wrist":[-22.3725,279.725,34.442]}],"id":256583,"interactionBox":{"center":[0,200,0],"size":[235.247,235.247,147.751]},"pointables":[{"bases":[[[0.498165,0.85484,0.14519],[-0.765471,0.354923,0.536735],[0.407291,-0.378521,0.831165]],[[0.384682,0.921068,-0.0604478],[-0.849268,0.378829,0.36774],[0.361613,-0.0901269,0.927962]],[[0.384682,0.921068,-0.0604478],[-0.91514,0.372013,-0.155325],[-0.120577,0.115069,0.986012]],[[0.384682,0.921068,-0.0604478],[-0.850611,0.328303,-0.410704],[-0.35844,0.209408,0.909763]]],"btipPosition":[-54.5696,268.248,-58.8551],"carpPosition":[-49.4792,272.215,33.9781],"dipPosition":[-62.2624,272.743,-39.3298],"direction":[0.120577,-0.115069,-0.986012],"extended":false,"handId":196,"id":1960,"length":47.7925,"mcpPosition":[-49.4792,272.215,33.9781],"pipPosition":[-66.0324,276.341,-8.50038],"stabilizedTipPosition":[-77.389,255.801,-3.00822],"timeVisible":0.73236,"tipPosition":[-55.9253,268.056,-54.2843],"tipVelocity":[6.42809,71.9977,-86.5104],"tool":false,"touchDistance":-0.404805,"touchZone":"hovering","type":0,"width":18.5699},{"bases":[[[0.985053,-0.0433616,-0.166703],[0.0816472,0.969707,0.230222],[0.15167,-0.240392,0.958753]],[[0.990663,-0.0536566,-0.12533],[0.0839368,0.964453,0.25057],[0.10743,-0.25875,0.959952]],[[0.990663,-0.0536566,-0.12533],[0.0698847,0.989191,0.128904],[0.117058,-0.13646,0.983705]],[[0.990663,-0.0536566,-0.12533],[0.0577383,0.997906,0.0291632],[0.123502,-0.0361272,0.991686]]],"btipPosition":[-58.9801,321.604,-108.431],"carpPosition":[-39.9853,291.601,31.4142],"dipPosition":[-57.045,321.038,-92.8928],"direction":[-0.117058,0.13646,-0.983705],"extended":true,"handId":196,"id":1961,"length":53.9285,"mcpPosition":[-50.2179,307.819,-33.2688],"pipPosition":[-54.4504,318.013,-71.0889],"stabilizedTipPosition":[-75.4417,301.778,-50.2814],"timeVisible":0.73236,"tipPosition":[-58.2247,319.972,-105.043],"tipVelocity":[9.15352,69.9758,-71.0547],"tool":false,"touchDistance":-0.396744,"touchZone":"touching","type":1,"width":17.738},{"bases":[[[0.968039,-0.240113,-0.0724278],[0.250317,0.942903,0.219718],[0.0155353,-0.230826,0.972871]],[[0.968151,-0.244937,-0.0518526],[0.135304,0.686128,-0.714787],[0.210655,0.685006,0.697417]],[[0.968151,-0.244937,-0.0518526],[-0.155516,-0.426028,-0.891243],[0.196208,0.870923,-0.450551]],[[0.968151,-0.244937,-0.0518526],[-0.243387,-0.872201,-0.424298],[0.0587004,0.423405,-0.904037]]],"btipPosition":[-45.3698,247.242,-36.3488],"carpPosition":[-28.9365,292.76,29.3936],"dipPosition":[-44.3583,254.539,-51.928],"direction":[-0.196208,-0.870923,0.450551],"extended":false,"handId":196,"id":1962,"length":61.4471,"mcpPosition":[-29.9305,307.528,-32.8503],"pipPosition":[-39.2417,277.25,-63.6771],"stabilizedTipPosition":[-70.1929,238.562,12.2447],"timeVisible":0.73236,"tipPosition":[-45.1201,249.02,-40.2611],"tipVelocity":[31.7669,29.4942,-66.9179],"tool":false,"touchDistance":0.333333,"touchZone":"none","type":2,"width":17.4211},{"bases":[[[0.938132,-0.341856,0.0551718],[0.319207,0.915499,0.244883],[-0.134224,-0.212121,0.967982]],[[0.931731,-0.350389,0.0954178],[0.301636,0.600401,-0.740631],[0.20222,0.71885,0.665103]],[[0.931731,-0.350389,0.0954178],[-0.0942064,-0.486969,-0.868324],[0.350717,0.800056,-0.486733]],[[0.931731,-0.350389,0.0954178],[-0.285609,-0.86932,-0.403374],[0.224287,0.348584,-0.910047]]],"btipPosition":[-31.2169,247.455,-26.8662],"carpPosition":[-17.8893,291.02,28.0311],"dipPosition":[-27.374,253.428,-42.4588],"direction":[-0.350717,-0.800056,0.486733],"extended":false,"handId":196,"id":1963,"length":59.0831,"mcpPosition":[-10.1791,303.205,-27.5726],"pipPosition":[-18.4646,273.752,-54.8236],"stabilizedTipPosition":[-51.2289,237.978,10.9547],"timeVisible":0.73236,"tipPosition":[-30.1891,248.914,-31.2221],"tipVelocity":[23.7653,34.5418,-32.5929],"tool":false,"touchDistance":0.333333,"touchZone":"none","type":3,"width":16.5772},{"bases":[[[0.850567,-0.510645,0.125609],[0.448114,0.828822,0.335034],[-0.275191,-0.228681,0.933796]],[[0.796543,-0.540313,0.27126],[0.560183,0.490823,-0.667298],[0.227409,0.683487,0.693636]],[[0.796543,-0.540313,0.27126],[-0.0358724,-0.490122,-0.870916],[0.603517,0.683991,-0.409785]],[[0.796543,-0.540313,0.27126],[-0.385826,-0.799724,-0.459979],[0.465466,0.261734,-0.84548]]],"btipPosition":[-18.7485,256.329,-24.0609],"carpPosition":[-7.82549,282.736,27.3704],"dipPosition":[-11.391,260.466,-37.4252],"direction":[-0.603517,-0.683991,0.409785],"extended":false,"handId":196,"id":1964,"length":46.32,"mcpPosition":[6.80761,294.896,-22.2836],"pipPosition":[-0.566245,272.734,-44.7752],"stabilizedTipPosition":[-35.8511,244.63,14.5304],"timeVisible":0.73236,"tipPosition":[-17.1037,257.307,-26.998],"tipVelocity":[25.4919,41.802,-67.5887],"tool":false,"touchDistance":0.333333,"touchZone":"none","type":4,"width":14.7252}],"r":[[0.840101,0.173717,0.513861],[-0.179211,0.983024,-0.0393347],[-0.51197,-0.0590446,0.856971]],"s":0.938975,"t":[102.686,112.844,-152.859],"timestamp":2695621484},false],[4,{"currentFrameRate":109.534,"devices":[],"gestures":[],"hands":[{"armBasis":[[0.920003,0.115622,-0.374468],[0.090596,0.866869,0.490235],[0.381296,-0.484943,0.787047]],"armWidth":58.4334,"confidence":0.719326,"direction":[0.0302793,0.369047,-0.928917],"elbow":[71.9737,160.16,228.584],"grabStrength":0,"id":196,"palmNormal":[-0.0954596,-0.924028,-0.370216],"palmPosition":[-28.2688,295.544,-13.7036],"palmVelocity":[4.80795,41.2152,-77.2447],"palmWidth":83.4409,"pinchStrength":0.827735,"r":[[0.838261,0.176996,0.515743],[-0.183178,0.982291,-0.0393818],[-0.51358,-0.0614606,0.855838]],"s":0.943968,"sphereCenter":[-39.983,268.889,-45.4137],"sphereRadius":42.4123,"stabilizedPalmPosition":[-41.2861,278.778,44.1981],"t":[102.709,113.294,-153.605],"timeVisible":0.741096,"type":"right","wrist":[-22.4349,280.231,33.7122]}],"id":256584,"interactionBox":{"center":[0,200,0],"size":[235.247,235.247,147.751]},"pointables":[{"bases":[[[0.491664,0.858295,0.146952],[-0.769874,0.349598,0.533924],[0.406891,-0.375646,0.832664]],[[0.380055,0.923237,-0.0565007],[-0.851925,0.373182,0.367369],[0.360253,-0.091486,0.928358]],[[0.380055,0.923237,-0.0565007],[-0.916897,0.367987,-0.154551],[-0.121896,0.110543,0.986368]],[[0.380055,0.923237,-0.0565007],[-0.852065,0.325679,-0.409777],[-0.35992,0.20388,0.910434]]],"btipPosition":[-54.4419,268.889,-59.7267],"carpPosition":[-49.4868,272.533,33.1501],"dipPosition":[-62.1665,273.264,-40.1871],"direction":[0.121896,-0.110543,-0.986368],"extended":false,"handId":196,"id":1960,"length":47.7925,"mcpPosition":[-49.4868,272.533,33.1501],"pipPosition":[-65.9778,276.721,-9.34652],"stabilizedTipPosition":[-77.2436,255.898,-3.36695],"timeVisible":0.741096,"tipPosition":[-55.7567,268.67,-55.1499],"tipVelocity":[8.39444,71.5032,-89.9608],"tool":false,"touchDistance":-0.405683,"touchZone":"hovering","type":0,"width":18.5699},{"bases":[[[0.985932,-0.0365022,-0.163114],[0.0740499,0.97026,0.230461],[0.149851,-0.239297,0.959313]],[[0.9913,-0.0463995,-0.123171],[0.0768382,0.963794,0.255338],[0.106864,-0.26258,0.958974]],[[0.9913,-0.0463995,-0.123171],[0.0628354,0.989108,0.133105],[0.115653,-0.139686,0.983419]],[[0.9913,-0.0463995,-0.123171],[0.0507807,0.998175,0.0326709],[0.12143,-0.0386414,0.991848]]],"btipPosition":[-58.905,322.175,-109.221],"carpPosition":[-40.119,291.984,30.6197],"dipPosition":[-57.0024,321.57,-93.6803],"direction":[-0.115653,0.139686,-0.983419],"extended":true,"handId":196,"id":1961,"length":53.9285,"mcpPosition":[-50.2288,308.129,-34.1011],"pipPosition":[-54.439,318.474,-71.8828],"stabilizedTipPosition":[-75.1944,302.073,-51.088],"timeVisible":0.741096,"tipPosition":[-58.1409,320.548,-105.839],"tipVelocity":[8.77335,68.4737,-76.2243],"tool":false,"touchDistance":-0.397245,"touchZone":"touching","type":1,"width":17.738},{"bases":[[[0.969946,-0.233364,-0.0688899],[0.242939,0.944631,0.220572],[0.0136019,-0.230679,0.972935]],[[0.970009,-0.238437,-0.0472328],[0.131112,0.676875,-0.724328],[0.204677,0.696411,0.687836]],[[0.970009,-0.238437,-0.0472328],[-0.151554,-0.441349,-0.884445],[0.190038,0.865077,-0.464248]],[[0.970009,-0.238437,-0.0472328],[-0.236253,-0.879134,-0.413894],[0.0571635,0.412639,-0.909099]]],"btipPosition":[-44.9292,247.527,-36.2394],"carpPosition":[-29.0712,293.22,28.6392],"dipPosition":[-43.9441,254.638,-51.9058],"direction":[-0.190038,-0.865077,0.464248],"extended":false,"handId":196,"id":1962,"length":61.4471,"mcpPosition":[-29.9415,307.979,-33.6088],"pipPosition":[-38.9885,277.197,-64.0121],"stabilizedTipPosition":[-70.1165,238.593,12.0886],"timeVisible":0.741096,"tipPosition":[-44.6893,249.303,-40.4385],"tipVelocity":[36.5784,29.0163,-46.2645],"tool":false,"touchDistance":0.333333,"touchZone":"none","type":2,"width":17.4211},{"bases":[[[0.940284,-0.335309,0.058606],[0.311927,0.91771,0.24599],[-0.136266,-0.213019,0.967499]],[[0.933757,-0.34393,0.0990439],[0.298873,0.597045,-0.744454],[0.196906,0.724741,0.660286]],[[0.933757,-0.34393,0.0990439],[-0.0902657,-0.494086,-0.864714],[0.346337,0.798493,-0.492402]],[[0.933757,-0.34393,0.0990439],[-0.279361,-0.873359,-0.399002],[0.223729,0.344902,-0.911585]]],"btipPosition":[-30.8791,247.905,-27.1849],"carpPosition":[-18.0073,291.558,27.317],"dipPosition":[-27.0457,253.815,-42.8039],"direction":[-0.346337,-0.798493,0.492402],"extended":false,"handId":196,"id":1963,"length":59.0831,"mcpPosition":[-10.1797,303.794,-28.259],"pipPosition":[-18.2475,274.099,-55.3127],"stabilizedTipPosition":[-51.08,238.057,10.6621],"timeVisible":0.741096,"tipPosition":[-29.845,249.353,-31.6238],"tipVelocity":[27.6888,38.6471,-33.8191],"tool":false,"touchDistance":0.333333,"touchZone":"none","type":3,"width":16.5772},{"bases":[[[0.853641,-0.504702,0.128734],[0.441105,0.831936,0.336614],[-0.276988,-0.230562,0.932802]],[[0.801478,-0.533936,0.269342],[0.553762,0.492575,-0.671356],[0.22579,0.687228,0.690461]],[[0.801478,-0.533936,0.269342],[-0.0369225,-0.493708,-0.868843],[0.596883,0.686414,-0.415411]],[[0.801478,-0.533936,0.269342],[-0.381927,-0.80358,-0.456499],[0.460179,0.263005,-0.847976]]],"btipPosition":[-18.456,256.851,-24.4418],"carpPosition":[-7.88362,283.344,26.6934],"dipPosition":[-11.1821,261.009,-37.8455],"direction":[-0.596883,-0.686414,0.415411],"extended":false,"handId":196,"id":1964,"length":46.32,"mcpPosition":[6.84503,295.604,-22.9077],"pipPosition":[-0.476331,273.32,-45.2963],"stabilizedTipPosition":[-35.8052,244.662,14.4292],"timeVisible":0.741096,"tipPosition":[-16.8033,257.839,-27.5143],"tipVelocity":[27.041,46.7706,-61.4422],"tool":false,"touchDistance":0.333333,"touchZone":"none","type":4,"width":14.7252}],"r":[[0.838261,0.176996,0.515743],[-0.183178,0.982291,-0.0393818],[-0.51358,-0.0614606,0.855838]],"s":0.943968,"t":[102.709,113.294,-153.605],"timestamp":2695630220},false],[5,{"currentFrameRate":109.604,"devices":[],"gestures":[],"hands":[{"armBasis":[[0.922097,0.118238,-0.368452],[0.0845171,0.867647,0.489945],[0.377616,-0.482918,0.790061]],"armWidth":58.4334,"confidence":0.715882,"direction":[0.0316276,0.3702,-0.928414],"elbow":[70.9587,161.2,228.02],"grabStrength":0,"id":196,"palmNormal":[-0.0894309,-0.924104,-0.371528],"palmPosition":[-28.2856,296.103,-15.0177],"palmVelocity":[2.97656,46.9702,-96.1276],"palmWidth":83.4409,"pinchStrength":0.81673,"r":[[0.836231,0.18036,0.517869],[-0.187327,0.981509,-0.0393459],[-0.51539,-0.0641087,0.854555]],"s":0.948685,"sphereCenter":[-40.1788,269.732,-46.7318],"sphereRadius":42.414,"stabilizedPalmPosition":[-41.281,278.785,44.1748],"t":[102.712,113.798,-154.636],"timeVisible":0.750096,"type":"right","wrist":[-22.5387,280.77,32.4018]}],"id":256585,"interactionBox":{"center":[0,200,0],"size":[235.247,235.247,147.751]},"pointables":[{"bases":[[[0.486744,0.860643,0.14958],[-0.773513,0.345074,0.531602],[0.405903,-0.374456,0.833682]],[[0.376375,0.924964,-0.0527648],[-0.854451,0.368571,0.366155],[0.358127,-0.0927267,0.929057]],[[0.376375,0.924964,-0.0527648],[-0.917973,0.364625,-0.156124],[-0.125169,0.107198,0.986327]],[[0.376375,0.924964,-0.0527648],[-0.850833,0.322549,-0.414784],[-0.36664,0.201008,0.908389]]],"btipPosition":[-54.1599,269.512,-61.1266],"carpPosition":[-49.5486,272.933,31.7371],"dipPosition":[-62.0287,273.826,-41.6308],"direction":[0.125169,-0.107198,-0.986327],"extended":false,"handId":196,"id":1960,"length":47.7925,"mcpPosition":[-49.5486,272.933,31.7371],"pipPosition":[-65.9423,277.178,-10.7915],"stabilizedTipPosition":[-77.0963,255.999,-3.73568],"timeVisible":0.750096,"tipPosition":[-55.5252,269.304,-56.5742],"tipVelocity":[13.6827,70.4653,-108.275],"tool":false,"touchDistance":-0.414597,"touchZone":"hovering","type":0,"width":18.5699},{"bases":[[[0.986669,-0.0312766,-0.159707],[0.0682722,0.970377,0.231748],[0.147728,-0.239562,0.959576]],[[0.991753,-0.0407561,-0.121513],[0.071623,0.962475,0.261747],[0.106285,-0.268292,0.957457]],[[0.991753,-0.0407561,-0.121513],[0.0576982,0.988561,0.139347],[0.114443,-0.145209,0.98276]],[[0.991753,-0.0407561,-0.121513],[0.0457405,0.998211,0.0385155],[0.119725,-0.0437559,0.991842]]],"btipPosition":[-58.8384,323.072,-110.524],"carpPosition":[-40.2719,292.435,29.2601],"dipPosition":[-56.9625,322.386,-94.9833],"direction":[-0.114443,0.145209,-0.98276],"extended":true,"handId":196,"id":1961,"length":53.9285,"mcpPosition":[-50.2384,308.597,-35.4785],"pipPosition":[-54.4259,319.168,-73.2003],"stabilizedTipPosition":[-74.9254,302.407,-51.9831],"timeVisible":0.750096,"tipPosition":[-58.064,321.431,-107.152],"tipVelocity":[8.21053,76.4614,-95.0448],"tool":false,"touchDistance":-0.405397,"touchZone":"touching","type":1,"width":17.738},{"bases":[[[0.971364,-0.228319,-0.0657485],[0.237324,0.945624,0.222422],[0.0113901,-0.231657,0.972731]],[[0.971369,-0.233592,-0.043338],[0.129217,0.67253,-0.728702],[0.199365,0.702238,0.683458]],[[0.971369,-0.233592,-0.043338],[-0.147317,-0.449106,-0.88125],[0.186389,0.862403,-0.470659]],[[0.971369,-0.233592,-0.043338],[-0.230549,-0.882774,-0.409338],[0.0573603,0.40761,-0.911353]]],"btipPosition":[-44.6137,247.998,-37.1465],"carpPosition":[-29.2238,293.73,27.3195],"dipPosition":[-43.6252,255.022,-52.8518],"direction":[-0.186389,-0.862403,0.470659],"extended":false,"handId":196,"id":1962,"length":61.4471,"mcpPosition":[-29.9525,308.551,-34.9154],"pipPosition":[-38.7647,277.511,-65.1252],"stabilizedTipPosition":[-70.0226,238.634,11.8958],"timeVisible":0.750096,"tipPosition":[-44.3743,249.765,-41.4641],"tipVelocity":[36.1859,34.8163,-61.5089],"tool":false,"touchDistance":0.333333,"touchZone":"none","type":2,"width":17.4211},{"bases":[[[0.94178,-0.330552,0.0615347],[0.306359,0.919029,0.248052],[-0.138546,-0.214758,0.96679]],[[0.935184,-0.339219,0.101794],[0.298118,0.598809,-0.743339],[0.1912,0.725505,0.661124]],[[0.935184,-0.339219,0.101794],[-0.0852453,-0.494566,-0.86495],[0.343751,0.800209,-0.491427]],[[0.935184,-0.339219,0.101794],[-0.273776,-0.874748,-0.399829],[0.224673,0.346045,-0.91092]]],"btipPosition":[-30.6044,248.479,-28.4975],"carpPosition":[-18.1469,292.126,26.0343],"dipPosition":[-26.7549,254.408,-44.1051],"direction":[-0.343751,-0.800209,0.491427],"extended":false,"handId":196,"id":1963,"length":59.0831,"mcpPosition":[-10.1884,304.462,-29.5011],"pipPosition":[-18.0223,274.736,-56.5891],"stabilizedTipPosition":[-50.9173,238.147,10.3365],"timeVisible":0.750096,"tipPosition":[-29.5698,249.926,-32.9201],"tipVelocity":[28.5802,45.6644,-64.4983],"tool":false,"touchDistance":0.333333,"touchZone":"none","type":3,"width":16.5772},{"bases":[[[0.855763,-0.500462,0.13118],[0.435659,0.83382,0.339036],[-0.279055,-0.232984,0.931583]],[[0.806478,-0.528868,0.26437],[0.544389,0.489705,-0.68105],[0.230722,0.693172,0.682847]],[[0.806478,-0.528868,0.26437],[-0.0451045,-0.500854,-0.864356],[0.589541,0.68516,-0.427782]],[[0.806478,-0.528868,0.26437],[-0.382226,-0.807471,-0.449326],[0.451105,0.261323,-0.853355]]],"btipPosition":[-18.3264,257.457,-25.0793],"carpPosition":[-7.97916,283.964,25.4373],"dipPosition":[-11.1959,261.588,-38.568],"direction":[-0.589541,-0.68516,0.427782],"extended":false,"handId":196,"id":1964,"length":46.32,"mcpPosition":[6.8594,296.353,-24.0991],"pipPosition":[-0.621896,273.877,-46.2407],"stabilizedTipPosition":[-35.7441,244.706,14.2929],"timeVisible":0.750096,"tipPosition":[-16.6422,258.452,-28.3984],"tipVelocity":[22.5623,52.2198,-64.6177],"tool":false,"touchDistance":0.333333,"touchZone":"none","type":4,"width":14.7252}],"r":[[0.836231,0.18036,0.517869],[-0.187327,0.981509,-0.0393459],[-0.51539,-0.0641087,0.854555]],"s":0.948685,"t":[102.712,113.798,-154.636],"timestamp":2695639220},false],[6,{"currentFrameRate":109.57,"devices":[],"gestures":[],"hands":[{"armBasis":[[0.923267,0.11947,-0.365109],[0.0813699,0.868031,0.489797],[0.375442,-0.481923,0.791703]],"armWidth":58.4334,"confidence":0.702672,"direction":[0.0322297,0.370224,-0.928383],"elbow":[70.3679,161.806,227.572],"grabStrength":0,"id":196,"palmNormal":[-0.0863241,-0.924364,-0.371618],"palmPosition":[-28.2978,296.445,-15.8829],"palmVelocity":[1.77392,44.2278,-95.5839],"palmWidth":83.4409,"pinchStrength":0.807718,"r":[[0.834316,0.183496,0.519851],[-0.191155,0.980769,-0.0394032],[-0.517084,-0.0664974,0.853348]],"s":0.953223,"sphereCenter":[-40.5281,270.365,-47.5598],"sphereRadius":42.4329,"stabilizedPalmPosition":[-41.275,278.793,44.1473],"t":[102.707,114.221,-155.583],"timeVisible":0.759282,"type":"right","wrist":[-22.5912,281.129,31.5475]}],"id":256586,"interactionBox":{"center":[0,200,0],"size":[235.247,235.247,147.751]},"pointables":[{"bases":[[[0.484185,0.86195,0.150355],[-0.775343,0.34304,0.530252],[0.405473,-0.373317,0.834402]],[[0.375092,0.925619,-0.0503523],[-0.855133,0.366475,0.366666],[0.357846,-0.0944754,0.928989]],[[0.375092,0.925619,-0.0503523],[-0.91833,0.363634,-0.156335],[-0.126397,0.10488,0.98642]],[[0.375092,0.925619,-0.0503523],[-0.849309,0.321387,-0.418789],[-0.371457,0.199849,0.906686]]],"btipPosition":[-54.0356,269.977,-61.9899],"carpPosition":[-49.579,273.221,30.837],"dipPosition":[-62.0077,274.266,-42.5307],"direction":[0.126397,-0.10488,-0.98642],"extended":false,"handId":196,"id":1960,"length":47.7925,"mcpPosition":[-49.579,273.221,30.837],"pipPosition":[-65.9597,277.546,-11.6885],"stabilizedTipPosition":[-76.9535,256.1,-4.09738],"timeVisible":0.759282,"tipPosition":[-55.4389,269.774,-57.4625],"tipVelocity":[12.9176,64.7448,-104.538],"tool":false,"touchDistance":-0.414547,"touchZone":"hovering","type":0,"width":18.5699},{"bases":[[[0.987021,-0.0286499,-0.158014],[0.0652815,0.970571,0.231799],[0.146723,-0.239106,0.959844]],[[0.991848,-0.0376382,-0.121738],[0.0693162,0.961028,0.267621],[0.106921,-0.273878,0.955803]],[[0.991848,-0.0376382,-0.121738],[0.055313,0.987849,0.145239],[0.114792,-0.150789,0.981878]],[[0.991848,-0.0376382,-0.121738],[0.0432933,0.998087,0.0441456],[0.119844,-0.0490562,0.99158]]],"btipPosition":[-58.8834,323.78,-111.338],"carpPosition":[-40.3501,292.747,28.3745],"dipPosition":[-57.0057,323.011,-95.8022],"direction":[-0.114792,0.150789,-0.981878],"extended":true,"handId":196,"id":1961,"length":53.9285,"mcpPosition":[-50.2488,308.879,-36.3821],"pipPosition":[-54.4613,319.669,-74.0388],"stabilizedTipPosition":[-74.639,302.776,-52.953],"timeVisible":0.759282,"tipPosition":[-58.0963,322.113,-107.979],"tipVelocity":[4.55954,76.0551,-93.3007],"tool":false,"touchDistance":-0.405427,"touchZone":"touching","type":1,"width":17.738},{"bases":[[[0.972082,-0.225727,-0.0640679],[0.234415,0.946269,0.222765],[0.0103416,-0.231564,0.972765]],[[0.972056,-0.231113,-0.0411596],[0.12806,0.669005,-0.732143],[0.196744,0.706413,0.679906]],[[0.972056,-0.231113,-0.0411596],[-0.145324,-0.454743,-0.878686],[0.184359,0.860114,-0.475622]],[[0.972056,-0.231113,-0.0411596],[-0.227653,-0.885282,-0.405523],[0.0572839,0.403561,-0.913158]]],"btipPosition":[-44.4549,248.279,-37.6978],"carpPosition":[-29.3022,294.072,26.4528],"dipPosition":[-43.4677,255.233,-53.4342],"direction":[-0.184359,-0.860114,0.475622],"extended":false,"handId":196,"id":1962,"length":61.4471,"mcpPosition":[-29.9638,308.887,-35.7843],"pipPosition":[-38.6602,277.662,-65.837],"stabilizedTipPosition":[-69.9189,238.679,11.6818],"timeVisible":0.759282,"tipPosition":[-44.2168,250.031,-42.08],"tipVelocity":[30.8954,33.1308,-61.3093],"tool":false,"touchDistance":0.333333,"touchZone":"none","type":2,"width":17.4211},{"bases":[[[0.942553,-0.32803,0.0631713],[0.303477,0.91986,0.248514],[-0.139629,-0.215067,0.966566]],[[0.935928,-0.336693,0.103326],[0.297609,0.599198,-0.74323],[0.188328,0.72636,0.661009]],[[0.935928,-0.336693,0.103326],[-0.0827772,-0.495458,-0.864679],[0.342325,0.800724,-0.491583]],[[0.935928,-0.336693,0.103326],[-0.270936,-0.875757,-0.399553],[0.225015,0.345958,-0.910868]]],"btipPosition":[-30.4661,248.821,-29.3244],"carpPosition":[-18.2189,292.497,25.1867],"dipPosition":[-26.6108,254.748,-44.931],"direction":[-0.342325,-0.800724,0.491583],"extended":false,"handId":196,"id":1963,"length":59.0831,"mcpPosition":[-10.1982,304.851,-30.3357],"pipPosition":[-17.9145,275.09,-57.4191],"stabilizedTipPosition":[-50.7586,238.237,10.0147],"timeVisible":0.759282,"tipPosition":[-29.4328,250.264,-33.7374],"tipVelocity":[24.8417,43.2995,-71.6208],"tool":false,"touchDistance":0.333333,"touchZone":"none","type":3,"width":16.5772},{"bases":[[[0.856871,-0.498165,0.13268],[0.432848,0.835003,0.339725],[-0.280028,-0.23367,0.931119]],[[0.810444,-0.525474,0.258955],[0.534941,0.483651,-0.692763],[0.238785,0.699971,0.67307]],[[0.810444,-0.525474,0.258955],[-0.0561947,-0.509737,-0.858493],[0.583115,0.681209,-0.442642]],[[0.810444,-0.525474,0.258955],[-0.385327,-0.811126,-0.439997],[0.441252,0.256811,-0.859852]]],"btipPosition":[-18.3144,257.813,-25.1979],"carpPosition":[-8.02837,284.363,24.6077],"dipPosition":[-11.3396,261.873,-38.7894],"direction":[-0.583115,-0.681209,0.442642],"extended":false,"handId":196,"id":1964,"length":46.32,"mcpPosition":[6.86192,296.788,-24.904],"pipPosition":[-0.88082,274.091,-46.7286],"stabilizedTipPosition":[-35.6624,244.766,14.1101],"timeVisible":0.759282,"tipPosition":[-16.6074,258.805,-28.7521],