{"sensorType":"Leap","data":[[0,{"currentFrameRate":109.931,"devices":[],"gestures":[],"hands":[{"armBasis":[[0.937911,-0.0905809,-0.334842],[0.195508,0.935413,0.294582],[0.286532,-0.341756,0.895043]],"armWidth":58.4334,"confidence":0.80341,"direction":[0.127465,0.449238,-0.884273],"elbow":[58.3315,166.402,256.001],"grabStrength":0,"id":194,"palmNormal":[-0.17498,-0.867376,-0.465877],"palmPosition":[-13.8193,271.327,-11.4685],"palmVelocity":[-15.8971,131.926,-113.214],"palmWidth":83.4409,"pinchStrength":0.834041,"r":[[0.910801,0.173105,0.374801],[-0.137454,0.983203,-0.120076],[-0.389291,0.057847,0.919296]],"s":1.0496,"sphereCenter":[-24.3487,247.418,-45.9876],"sphereRadius":42.133,"stabilizedPalmPosition":[-16.5216,259.034,33.7832],"t":[75.1139,91.5677,-167.123],"timeVisible":0.858389,"type":"right","wrist":[-12.6136,251.021,34.3895]}],"id":255097,"interactionBox":{"center":[0,200,0],"size":[235.247,235.247,147.751]},"pointables":[{"bases":[[[0.574234,0.777307,0.257],[-0.757201,0.384898,0.527732],[0.311291,-0.497642,0.809599]],[[0.458595,0.88859,0.00991346],[-0.815755,0.416528,0.401309],[0.35247,-0.192125,0.915889]],[[0.458595,0.88859,0.00991346],[-0.867464,0.450057,-0.212025],[-0.192865,0.0886341,0.977214]],[[0.458595,0.88859,0.00991346],[-0.757948,0.396946,-0.517637],[-0.463902,0.229872,0.855543]]],"btipPosition":[-40.4176,247.708,-59.1268],"carpPosition":[-40.2695,246.618,31.715],"dipPosition":[-50.3739,252.641,-40.7652],"direction":[0.192865,-0.0886341,-0.977214],"extended":false,"handId":194,"id":1940,"length":47.7925,"mcpPosition":[-40.2695,246.618,31.715],"pipPosition":[-56.4041,255.413,-10.2108],"stabilizedTipPosition":[-55.2009,234.001,-5.7159],"timeVisible":0.858389,"tipPosition":[-42.8855,247.815,-54.9812],"tipVelocity":[7.31723,149.029,-125.199],"tool":false,"touchDistance":-0.453299,"touchZone":"hovering","type":0,"width":18.5699},{"bases":[[[0.983828,-0.135646,-0.116972],[0.167368,0.928807,0.330615],[0.0637982,-0.344846,0.936489]],[[0.98574,-0.15171,-0.0728086],[0.166219,0.945285,0.280727],[0.0262356,-0.288826,0.957022]],[[0.98574,-0.15171,-0.0728086],[0.161087,0.975848,0.147554],[0.0486646,-0.157179,0.98637]],[[0.98574,-0.15171,-0.0728086],[0.154912,0.987097,0.0405162],[0.0657224,-0.0512173,0.996523]]],"btipPosition":[-36.1065,303.926,-106.734],"carpPosition":[-28.6603,264.996,31.6279],"dipPosition":[-35.0768,303.124,-91.1207],"direction":[-0.0486646,0.157179,-0.98637],"extended":true,"handId":194,"id":1941,"length":53.9285,"mcpPosition":[-32.9645,288.261,-31.553],"pipPosition":[-33.9981,299.64,-69.2577],"stabilizedTipPosition":[-38.2085,287.088,-59.9931],"timeVisible":0.858389,"tipPosition":[-35.5218,302.245,-103.35],"tipVelocity":[-8.51977,158.142,-112.297],"tool":false,"touchDistance":-0.441576,"touchZone":"hovering","type":1,"width":17.738},{"bases":[[[0.940358,-0.337326,-0.0440103],[0.332646,0.884706,0.32656],[-0.0712212,-0.321723,0.944151]],[[0.939587,-0.340573,-0.0344291],[0.216184,0.668367,-0.711724],[0.265405,0.661284,0.701615]],[[0.939587,-0.340573,-0.0344291],[-0.178822,-0.402587,-0.897745],[0.291887,0.849667,-0.439168]],[[0.939587,-0.340573,-0.0344291],[-0.315906,-0.823985,-0.470375],[0.131828,0.452834,-0.881795]]],"btipPosition":[-34.5018,226.51,-34.4391],"carpPosition":[-17.4439,265.117,30.3315],"dipPosition":[-32.2301,234.314,-49.635],"direction":[-0.291887,-0.849667,0.439168],"extended":false,"handId":194,"id":1942,"length":61.4471,"mcpPosition":[-12.8872,285.7,-30.0749],"pipPosition":[-24.6185,256.471,-61.0872],"stabilizedTipPosition":[-49.6209,211.753,23.1826],"timeVisible":0.858389,"tipPosition":[-33.8533,228.613,-37.7682],"tipVelocity":[9.68801,116.315,-117.263],"tool":false,"touchDistance":0.333333,"touchZone":"none","type":2,"width":17.4211},{"bases":[[[0.891858,-0.446721,0.0709176],[0.396541,0.847638,0.352512],[-0.217587,-0.286269,0.933116]],[[0.886981,-0.452764,0.0909358],[0.370319,0.579689,-0.725827],[0.275914,0.67747,0.68184]],[[0.886981,-0.452764,0.0909358],[-0.134324,-0.441342,-0.887228],[0.441839,0.77474,-0.452279]],[[0.886981,-0.452764,0.0909358],[-0.361782,-0.803646,-0.47251],[0.287016,0.386209,-0.876621]]],"btipPosition":[-21.5218,224.695,-25.6309],"carpPosition":[-6.57374,262.307,29.3975],"dipPosition":[-16.6041,231.313,-40.6508],"direction":[-0.441839,-0.77474,0.45228],"extended":false,"handId":194,"id":1943,"length":59.0831,"mcpPosition":[5.92511,278.752,-24.2035],"pipPosition":[-5.37982,250.994,-52.1403],"stabilizedTipPosition":[-32.3275,211.927,22.2954],"timeVisible":0.858389,"tipPosition":[-20.2038,226.455,-28.8049],"tipVelocity":[7.98467,125.145,-120.533],"tool":false,"touchDistance":0.333333,"touchZone":"none","type":3,"width":16.5772},{"bases":[[[0.782819,-0.610723,0.119212],[0.509638,0.739194,0.440296],[-0.35702,-0.283917,0.889903]],[[0.681679,-0.65914,0.317565],[0.680319,0.411324,-0.606613],[0.269221,0.629561,0.728816]],[[0.681679,-0.65914,0.317565],[-0.0190572,-0.449888,-0.892882],[0.731403,0.602607,-0.319241]],[[0.681679,-0.65914,0.317565],[-0.430335,-0.712231,-0.554562],[0.591714,0.241374,-0.769164]]],"btipPosition":[-9.62416,233.125,-24.6188],"carpPosition":[2.5927,253.065,28.4496],"dipPosition":[-0.271109,236.94,-36.7768],"direction":[-0.731403,-0.602607,0.319241],"extended":false,"handId":194,"id":1944,"length":46.32,"mcpPosition":[21.577,268.162,-18.8704],"pipPosition":[12.8474,247.749,-42.5027],"stabilizedTipPosition":[-17.6394,219.241,21.0002],"timeVisible":0.858389,"tipPosition":[-7.32066,234.213,-27.1433],"tipVelocity":[0.0413351,130.35,-106.597],"tool":false,"touchDistance":0.333333,"touchZone":"none","type":4,"width":14.7252}],"r":[[0.910801,0.173105,0.374801],[-0.137454,0.983203,-0.120076],[-0.389291,0.057847,0.919296]],"s":1.0496,"t":[75.1139,91.5677,-167.123],"timestamp":2681946050},false],[1,{"currentFrameRate":109.785,"devices":[],"gestures":[],"hands":[{"armBasis":[[0.940154,-0.0827916,-0.330539],[0.18805,0.935002,0.300678],[0.284161,-0.344842,0.894615]],"armWidth":58.4334,"confidence":0.744828,"direction":[0.127382,0.455623,-0.881011],"elbow":[57.4745,166.745,255.061],"grabStrength":0,"id":194,"palmNormal":[-0.167368,-0.865636,-0.471871],"palmPosition":[-14.0725,272.712,-12.1795],"palmVelocity":[-19.0604,136.434,-102.615],"palmWidth":83.4409,"pinchStrength":0.8307,"r":[[0.908932,0.176392,0.377794],[-0.14129,0.982797,-0.11894],[-0.392275,0.0547297,0.918218]],"s":1.05117,"sphereCenter":[-24.4984,249.053,-46.8808],"sphereRadius":42.1447,"stabilizedPalmPosition":[-16.4656,259.347,32.7335],"t":[74.8924,92.9254,-167.998],"timeVisible":0.867757,"type":"right","wrist":[-12.8835,252.128,33.5551]}],"id":255098,"interactionBox":{"center":[0,200,0],"size":[235.247,235.247,147.751]},"pointables":[{"bases":[[[0.567951,0.779633,0.263826],[-0.761655,0.376355,0.527484],[0.311952,-0.500529,0.807562]],[[0.45309,0.891276,0.0183182],[-0.819649,0.408421,0.401706],[0.350549,-0.197023,0.915586]],[[0.45309,0.891276,0.0183182],[-0.869688,0.446443,-0.21055],[-0.195836,0.0794669,0.977412]],[[0.45309,0.891276,0.0183182],[-0.758206,0.396087,-0.517918],[-0.468864,0.220775,0.855234]]],"btipPosition":[-40.3598,249.347,-60.0702],"carpPosition":[-40.4989,247.551,30.7572],"dipPosition":[-50.4225,254.085,-41.7152],"direction":[0.195836,-0.0794669,-0.977412],"extended":false,"handId":194,"id":1940,"length":47.7925,"mcpPosition":[-40.4989,247.551,30.7572],"pipPosition":[-56.5457,256.57,-11.1547],"stabilizedTipPosition":[-55.0218,234.236,-6.43271],"timeVisible":0.867757,"tipPosition":[-42.827,249.417,-55.9295],"tipVelocity":[6.25017,155.04,-118.288],"tool":false,"touchDistance":-0.450476,"touchZone":"hovering","type":0,"width":18.5699},{"bases":[[[0.98514,-0.128114,-0.114396],[0.159794,0.927857,0.336969],[0.0629727,-0.350241,0.93454]],[[0.986986,-0.14395,-0.0716683],[0.158713,0.943691,0.290271],[0.0258483,-0.297868,0.954257]],[[0.986986,-0.14395,-0.0716683],[0.153609,0.975831,0.155429],[0.0475622,-0.164415,0.985244]],[[0.986986,-0.14395,-0.0716683],[0.147488,0.987957,0.0467865],[0.0640702,-0.0567479,0.996331]]],"btipPosition":[-36.342,305.907,-107.269],"carpPosition":[-29.0171,266.009,30.8248],"dipPosition":[-35.3382,305.018,-91.6584],"direction":[-0.0475622,0.164415,-0.985244],"extended":true,"handId":194,"id":1941,"length":53.9285,"mcpPosition":[-33.2656,289.638,-32.2246],"pipPosition":[-34.284,301.373,-69.8204],"stabilizedTipPosition":[-38.1072,287.987,-62.1022],"timeVisible":0.867757,"tipPosition":[-35.7463,304.245,-103.896],"tipVelocity":[-13.4212,172.664,-96.6335],"tool":false,"touchDistance":-0.433783,"touchZone":"hovering","type":1,"width":17.738},{"bases":[[[0.942818,-0.330542,-0.0428422],[0.325387,0.884925,0.333214],[-0.0722291,-0.3281,0.941878]],[[0.942032,-0.333872,-0.0332325],[0.213874,0.673849,-0.707238],[0.258521,0.659133,0.706194]],[[0.942032,-0.333872,-0.0332325],[-0.172698,-0.397574,-0.901172],[0.287663,0.854672,-0.432187]],[[0.942032,-0.333872,-0.0332325],[-0.308351,-0.822442,-0.478026],[0.132268,0.460563,-0.877717]]],"btipPosition":[-34.384,227.848,-35.5117],"carpPosition":[-17.7974,266.215,29.5682],"dipPosition":[-32.1046,235.785,-50.6373],"direction":[-0.287663,-0.854672,0.432187],"extended":false,"handId":194,"id":1942,"length":61.4471,"mcpPosition":[-13.1762,287.207,-30.6927],"pipPosition":[-24.6032,258.072,-61.9075],"stabilizedTipPosition":[-49.5332,211.852,22.8367],"timeVisible":0.867757,"tipPosition":[-33.7338,229.989,-38.8246],"tipVelocity":[10.5623,124.773,-115.986],"tool":false,"touchDistance":0.333333,"touchZone":"none","type":2,"width":17.4211},{"bases":[[[0.894683,-0.440985,0.0712334],[0.389447,0.848138,0.359156],[-0.218798,-0.29359,0.930555]],[[0.889748,-0.447224,0.0913192],[0.369037,0.587069,-0.720529],[0.268627,0.674789,0.687386]],[[0.889748,-0.447224,0.0913192],[-0.127249,-0.43516,-0.891316],[0.438356,0.781426,-0.444092]],[[0.889748,-0.447224,0.0913192],[-0.353819,-0.80214,-0.481023],[0.288376,0.395679,-0.871939]]],"btipPosition":[-21.4197,226.073,-26.7422],"carpPosition":[-6.90491,263.487,28.6544],"dipPosition":[-16.4787,232.853,-41.6819],"direction":[-0.438356,-0.781426,0.444092],"extended":false,"handId":194,"id":1943,"length":59.0831,"mcpPosition":[5.66352,280.352,-24.7994],"pipPosition":[-5.34287,252.704,-52.9634],"stabilizedTipPosition":[-32.2519,212.026,21.9663],"timeVisible":0.867757,"tipPosition":[-20.1019,227.874,-29.8784],"tipVelocity":[8.97543,132.508,-119.433],"tool":false,"touchDistance":0.333333,"touchZone":"none","type":3,"width":16.5772},{"bases":[[[0.786618,-0.606035,0.118127],[0.502992,0.739931,0.446656],[-0.358095,-0.29193,0.886874]],[[0.685258,-0.656353,0.315628],[0.679098,0.419256,-0.602536],[0.263148,0.627236,0.733027]],[[0.685258,-0.656353,0.315628],[-0.0128502,-0.444206,-0.895833],[0.728187,0.609821,-0.31283]],[[0.685258,-0.656353,0.315628],[-0.422826,-0.711397,-0.561367],[0.592992,0.251225,-0.765014]]],"btipPosition":[-9.59675,234.59,-25.5435],"carpPosition":[2.32854,254.315,27.6809],"dipPosition":[-0.223494,238.562,-37.6359],"direction":[-0.728187,-0.609821,0.31283],"extended":false,"handId":194,"id":1944,"length":46.32,"mcpPosition":[21.37,269.838,-19.478],"pipPosition":[12.8373,249.499,-43.2468],"stabilizedTipPosition":[-17.548,219.387,20.5579],"timeVisible":0.867757,"tipPosition":[-7.2845,235.719,-28.0635],"tipVelocity":[1.00162,138.851,-103.899],"tool":false,"touchDistance":0.333333,"touchZone":"none","type":4,"width":14.7252}],"r":[[0.908932,0.176392,0.377794],[-0.14129,0.982797,-0.11894],[-0.392275,0.0547297,0.918218]],"s":1.05117,"t":[74.8924,92.9254,-167.998],"timestamp":2681955418},false],[2,{"currentFrameRate":110.077,"devices":[],"gestures":[],"hands":[{"armBasis":[[0.941967,-0.0818395,-0.325578],[0.186195,0.934352,0.303838],[0.279338,-0.346827,0.895367]],"armWidth":58.4334,"confidence":0.746072,"direction":[0.131098,0.45266,-0.881993],"elbow":[55.9333,167.831,253.97],"grabStrength":0,"id":194,"palmNormal":[-0.165362,-0.867223,-0.469659],"palmPosition":[-14.2266,274.135,-13.53],"palmVelocity":[-18.7787,144.268,-117.109],"palmWidth":83.4409,"pinchStrength":0.828207,"r":[[0.907097,0.17927,0.380837],[-0.144262,0.98238,-0.118821],[-0.395428,0.052842,0.916976]],"s":1.05284,"sphereCenter":[-24.7836,250.541,-48.1769],"sphereRadius":42.1597,"stabilizedPalmPosition":[-16.402,259.767,31.4176],"t":[74.7046,94.316,-169.11],"timeVisible":0.876322,"type":"right","wrist":[-13.2306,253.705,32.2782]}],"id":255099,"interactionBox":{"center":[0,200,0],"size":[235.247,235.247,147.751]},"pointables":[{"bases":[[[0.566821,0.780531,0.263599],[-0.763881,0.378107,0.522992],[0.308543,-0.497801,0.810552]],[[0.453613,0.891009,0.0183741],[-0.821063,0.409808,0.397383],[0.346542,-0.195344,0.917469]],[[0.453613,0.891009,0.0183741],[-0.868669,0.446658,-0.214266],[-0.19912,0.0812329,0.976602]],[[0.453613,0.891009,0.0183741],[-0.754558,0.394953,-0.524075],[-0.474213,0.223863,0.851474]]],"btipPosition":[-40.2938,250.716,-61.4285],"carpPosition":[-40.8338,249.119,29.3791],"dipPosition":[-50.4713,255.521,-43.1543],"direction":[0.19912,-0.0812329,-0.976602],"extended":false,"handId":194,"id":1940,"length":47.7925,"mcpPosition":[-40.8338,249.119,29.3791],"pipPosition":[-56.6972,258.061,-12.6191],"stabilizedTipPosition":[-54.8248,234.515,-7.24066],"timeVisible":0.876322,"tipPosition":[-42.7826,250.81,-57.3061],"tipVelocity":[5.8208,156.77,-129.469],"tool":false,"touchDistance":-0.454416,"touchZone":"hovering","type":0,"width":18.5699},{"bases":[[[0.985616,-0.128473,-0.109801],[0.158358,0.928989,0.334518],[0.0590278,-0.347094,0.935971]],[[0.987255,-0.14355,-0.0687062],[0.157476,0.943533,0.291457],[0.022988,-0.298562,0.954113]],[[0.987255,-0.14355,-0.0687062],[0.152732,0.975946,0.155573],[0.0447211,-0.164084,0.985432]],[[0.987255,-0.14355,-0.0687062],[0.146868,0.988089,0.0459386],[0.0612933,-0.0554439,0.996579]]],"btipPosition":[-36.1923,307.262,-108.76],"carpPosition":[-29.3527,267.576,29.4331],"dipPosition":[-35.2319,306.393,-93.1452],"direction":[-0.0447211,0.164084,-0.985432],"extended":true,"handId":194,"id":1941,"length":53.9285,"mcpPosition":[-33.335,290.993,-33.7129],"pipPosition":[-34.2407,302.756,-71.303],"stabilizedTipPosition":[-38.0015,288.931,-64.2331],"timeVisible":0.876322,"tipPosition":[-35.5995,305.62,-105.385],"tipVelocity":[-5.59332,169.001,-116.982],"tool":false,"touchDistance":-0.441084,"touchZone":"hovering","type":1,"width":17.738},{"bases":[[[0.942995,-0.33066,-0.0377461],[0.323966,0.886049,0.331607],[-0.0762041,-0.324932,0.942662]],[[0.942156,-0.334004,-0.0279918],[0.216779,0.670919,-0.709136],[0.255634,0.662049,0.704516]],[[0.942156,-0.334004,-0.0279918],[-0.168619,-0.400144,-0.900806],[0.289672,0.85342,-0.433318]],[[0.942156,-0.334004,-0.0279918],[-0.30609,-0.823367,-0.477886],[0.136568,0.458811,-0.877976]]],"btipPosition":[-34.459,229.143,-36.7988],"carpPosition":[-18.1278,267.779,28.2232],"dipPosition":[-32.1055,237.05,-51.9288],"direction":[-0.289672,-0.85342,0.433318],"extended":false,"handId":194,"id":1942,"length":61.4471,"mcpPosition":[-13.2523,288.568,-32.0879],"pipPosition":[-24.5517,259.305,-63.2285],"stabilizedTipPosition":[-49.433,211.975,22.4316],"timeVisible":0.876322,"tipPosition":[-33.7894,231.285,-40.1187],"tipVelocity":[6.00166,131.518,-125.043],"tool":false,"touchDistance":0.333333,"touchZone":"none","type":2,"width":17.4211},{"bases":[[[0.89438,-0.440719,0.076496],[0.387916,0.849351,0.357943],[-0.222725,-0.290463,0.930605]],[[0.889347,-0.446906,0.0966293],[0.370671,0.580961,-0.724629],[0.267703,0.680264,0.682331]],[[0.889347,-0.446906,0.0966293],[-0.124676,-0.440352,-0.889126],[0.439907,0.778695,-0.447344]],[[0.889347,-0.446906,0.0966293],[-0.351715,-0.803694,-0.479971],[0.292162,0.392875,-0.871946]]],"btipPosition":[-21.5871,227.348,-27.745],"carpPosition":[-7.23148,265.048,27.3647],"dipPosition":[-16.5813,234.079,-42.6848],"direction":[-0.439907,-0.778695,0.447344],"extended":false,"handId":194,"id":1943,"length":59.0831,"mcpPosition":[5.56248,281.733,-26.092],"pipPosition":[-5.40603,253.861,-54.049],"stabilizedTipPosition":[-32.164,212.151,21.5709],"timeVisible":0.876322,"tipPosition":[-20.2391,229.161,-30.9821],"tipVelocity":[1.92591,136.459,-118.814],"tool":false,"touchDistance":0.333333,"touchZone":"none","type":3,"width":16.5772},{"bases":[[[0.786119,-0.605614,0.123488],[0.501091,0.741443,0.446285],[-0.361836,-0.288954,0.88633]],[[0.684006,-0.655248,0.320602],[0.681316,0.416798,-0.601737],[0.260661,0.630023,0.731523]],[[0.684006,-0.655248,0.320602],[-0.0090585,-0.447092,-0.894442],[0.72942,0.608899,-0.311749]],[[0.684006,-0.655248,0.320602],[-0.419959,-0.713071,-0.561395],[0.596465,0.249358,-0.762922]]],"btipPosition":[-9.71669,235.946,-26.7382],"carpPosition":[2.00611,255.873,26.461],"dipPosition":[-0.288534,239.887,-38.7975],"direction":[-0.72942,-0.608899,0.311749],"extended":false,"handId":194,"id":1944,"length":46.32,"mcpPosition":[21.2465,271.238,-20.669],"pipPosition":[12.7944,250.809,-44.3891],"stabilizedTipPosition":[-17.4421,219.572,20.0277],"timeVisible":0.876322,"tipPosition":[-7.38821,237.071,-29.2609],"tipVelocity":[-2.5603,143.752,-113.032],"tool":false,"touchDistance":0.333333,"touchZone":"none","type":4,"width":14.7252}],"r":[[0.907097,0.17927,0.380837],[-0.144262,0.98238,-0.118821],[-0.395428,0.052842,0.916976]],"s":1.05284,"t":[74.7046,94.316,-169.11],"timestamp":2681963983},false],[3,{"currentFrameRate":110.002,"devices":[],"gestures":[],"hands":[{"armBasis":[[0.942681,-0.0807354,-0.323782],[0.184951,0.934032,0.305577],[0.277752,-0.347945,0.895426]],"armWidth":58.4334,"confidence":0.752262,"direction":[0.132644,0.450713,-0.882759],"elbow":[55.3244,168.527,253.208],"grabStrength":0,"id":194,"palmNormal":[-0.164193,-0.868331,-0.468018],"palmPosition":[-14.3615,275.004,-14.3545],"palmVelocity":[-17.6127,130.23,-109.332],"palmWidth":83.4409,"pinchStrength":0.821243,"r":[[0.905456,0.181796,0.383535],[-0.146655,0.981976,-0.119233],[-0.398298,0.0517129,0.915797]],"s":1.05496,"sphereCenter":[-25.1613,251.525,-48.9491],"sphereRadius":42.1903,"stabilizedPalmPosition":[-16.3224,260.361,29.6337],"t":[74.5433,95.4458,-170.079],"timeVisible":0.885547,"type":"right","wrist":[-13.4467,254.678,31.5015]}],"id":255100,"interactionBox":{"center":[0,200,0],"size":[235.247,235.247,147.751]},"pointables":[{"bases":[[[0.566073,0.781302,0.262922],[-0.764998,0.379043,0.520677],[0.307147,-0.495876,0.812261]],[[0.454674,0.890438,0.019802],[-0.821397,0.410618,0.395853],[0.344351,-0.196249,0.9181]],[[0.454674,0.890438,0.019802],[-0.86817,0.44805,-0.213382],[-0.198876,0.0798278,0.976768]],[[0.454674,0.890438,0.019802],[-0.753223,0.396285,-0.524989],[-0.475317,0.223784,0.850879]]],"btipPosition":[-40.3866,251.761,-62.269],"carpPosition":[-41.0429,250.076,28.56],"dipPosition":[-50.5878,256.563,-44.0075],"direction":[0.198876,-0.0798278,-0.976768],"extended":false,"handId":194,"id":1940,"length":47.7925,"mcpPosition":[-41.0429,250.076,28.56],"pipPosition":[-56.806,259.059,-13.4671],"stabilizedTipPosition":[-54.5797,234.887,-8.27068],"timeVisible":0.885547,"tipPosition":[-42.847,251.831,-58.1333],"tipVelocity":[1.20369,144.547,-118.802],"tool":false,"touchDistance":-0.449958,"touchZone":"hovering","type":0,"width":18.5699},{"bases":[[[0.985864,-0.128408,-0.107627],[0.157428,0.929791,0.332725],[0.0573457,-0.344965,0.936862]],[[0.987396,-0.14264,-0.0685822],[0.156628,0.942912,0.293914],[0.0227432,-0.300951,0.953368]],[[0.987396,-0.14264,-0.0685822],[0.151887,0.975813,0.157226],[0.0444967,-0.165661,0.985178]],[[0.987396,-0.14264,-0.0685822],[0.146,0.98818,0.0467455],[0.0611038,-0.0561693,0.99655]]],"btipPosition":[-36.2762,308.22,-109.623],"carpPosition":[-29.5676,268.538,28.5943],"dipPosition":[-35.3188,307.34,-94.0091],"direction":[-0.0444967,0.165661,-0.985178],"extended":true,"handId":194,"id":1941,"length":53.9285,"mcpPosition":[-33.4365,291.811,-34.6118],"pipPosition":[-34.3325,303.668,-72.1726],"stabilizedTipPosition":[-37.8901,290.024,-66.6275],"timeVisible":0.885547,"tipPosition":[-35.6748,306.589,-106.251],"tipVelocity":[-6.59587,150.65,-110.43],"tool":false,"touchDistance":-0.438263,"touchZone":"hovering","type":1,"width":17.738},{"bases":[[[0.943168,-0.330446,-0.0351977],[0.323055,0.886897,0.330227],[-0.0779057,-0.32283,0.943245]],[[0.942299,-0.333814,-0.0253028],[0.217855,0.668843,-0.710766],[0.254187,0.664242,0.702974]],[[0.942299,-0.333814,-0.0253028],[-0.166509,-0.401771,-0.900475],[0.290425,0.85273,-0.434172]],[[0.942299,-0.333814,-0.0253028],[-0.304692,-0.823865,-0.477921],[0.138691,0.458054,-0.878038]]],"btipPosition":[-34.5551,229.905,-37.5623],"carpPosition":[-18.3405,268.741,27.4054],"dipPosition":[-32.165,237.798,-52.6934],"direction":[-0.290425,-0.85273,0.434172],"extended":false,"handId":194,"id":1942,"length":61.4471,"mcpPosition":[-13.3561,289.396,-32.943],"pipPosition":[-24.5916,260.035,-64.0154],"stabilizedTipPosition":[-49.3042,212.14,21.9018],"timeVisible":0.885547,"tipPosition":[-33.8748,232.051,-40.8884],"tipVelocity":[1.65296,117.698,-113.197],"tool":false,"touchDistance":0.333333,"touchZone":"none","type":2,"width":17.4211},{"bases":[[[0.894369,-0.440263,0.0791992],[0.386966,0.850278,0.356769],[-0.224414,-0.288435,0.930829]],[[0.889299,-0.446406,0.0993377],[0.369684,0.57384,-0.730781],[0.269221,0.686607,0.675345]],[[0.889299,-0.446406,0.0993377],[-0.124914,-0.446059,-0.886244],[0.439935,0.775727,-0.452442]],[[0.889299,-0.446406,0.0993377],[-0.350678,-0.805061,-0.478437],[0.29355,0.390638,-0.872485]]],"btipPosition":[-21.7871,228.049,-28.1237],"carpPosition":[-7.44175,266.012,26.5739],"dipPosition":[-16.7575,234.742,-43.0728],"direction":[-0.439935,-0.775727,0.452442],"extended":false,"handId":194,"id":1943,"length":59.0831,"mcpPosition":[5.44923,282.58,-26.8957],"pipPosition":[-5.58149,254.448,-54.5664],"stabilizedTipPosition":[-32.0463,212.329,21.0285],"timeVisible":0.885547,"tipPosition":[-20.4115,229.882,-31.5064],"tipVelocity":[-4.52551,119.229,-97.0766],"tool":false,"touchDistance":0.333333,"touchZone":"none","type":3,"width":16.5772},{"bases":[[[0.78607,-0.605086,0.126356],[0.500006,0.742605,0.44557],[-0.36344,-0.28707,0.886285]],[[0.683762,-0.654263,0.323124],[0.681709,0.414801,-0.602671],[0.260273,0.63236,0.729642]],[[0.683762,-0.654263,0.323124],[-0.00753659,-0.449123,-0.893438],[0.729667,0.608463,-0.312024]],[[0.683762,-0.654263,0.323124],[-0.418121,-0.7142,-0.561332],[0.598034,0.248712,-0.761904]]],"btipPosition":[-9.85372,236.752,-27.4385],"carpPosition":[1.80041,256.837,25.7086],"dipPosition":[-0.400755,240.684,-39.4817],"direction":[-0.729667,-0.608463,0.312024],"extended":false,"handId":194,"id":1944,"length":46.32,"mcpPosition":[21.1261,272.102,-21.4191],"pipPosition":[12.6866,251.597,-45.0782],"stabilizedTipPosition":[-17.3054,219.825,19.3244],"timeVisible":0.885547,"tipPosition":[-7.51052,237.88,-29.9781],"tipVelocity":[-5.83369,127.883,-102.511],"tool":false,"touchDistance":0.333333,"touchZone":"none","type":4,"width":14.7252}],"r":[[0.905456,0.181796,0.383535],[-0.146655,0.981976,-0.119233],[-0.398298,0.0517129,0.915797]],"s":1.05496,"t":[74.5433,95.4458,-170.079],"timestamp":2681973208},false],[4,{"currentFrameRate":110.028,"devices":[],"gestures":[],"hands":[{"armBasis":[[0.9427,-0.0798366,-0.323949],[0.184432,0.93381,0.306566],[0.278032,-0.348746,0.895028]],"armWidth":58.4334,"confidence":0.757079,"direction":[0.133233,0.449565,-0.883256],"elbow":[55.2913,168.815,252.714],"grabStrength":0,"id":194,"palmNormal":[-0.163789,-0.868959,-0.466995],"palmPosition":[-14.4329,275.43,-14.7773],"palmVelocity":[-14.9363,107.31,-92.0821],"palmWidth":83.4409,"pinchStrength":0.816391,"r":[[0.904075,0.183929,0.385769],[-0.148565,0.981614,-0.119846],[-0.40072,0.0510379,0.914778]],"s":1.05715,"sphereCenter":[-25.505,252.096,-49.3292],"sphereRadius":42.2131,"stabilizedPalmPosition":[-16.2376,261.038,27.6402],"t":[74.4269,96.2235,-170.775],"timeVisible":0.894589,"type":"right","wrist":[-13.549,255.164,31.106]}],"id":255101,"interactionBox":{"center":[0,200,0],"size":[235.247,235.247,147.751]},"pointables":[{"bases":[[[0.565822,0.781694,0.262298],[-0.765399,0.379662,0.519636],[0.306612,-0.494783,0.813129]],[[0.45576,0.889851,0.0211601],[-0.821356,0.41128,0.395249],[0.34301,-0.197519,0.91833]],[[0.45576,0.889851,0.0211601],[-0.86763,0.449436,-0.212664],[-0.198749,0.0785647,0.976896]],[[0.45576,0.889851,0.0211601],[-0.752083,0.397696,-0.525556],[-0.476082,0.223613,0.850496]]],"btipPosition":[-40.4126,252.342,-62.6843],"carpPosition":[-41.1428,250.556,28.1509],"dipPosition":[-50.6302,257.141,-44.4311],"direction":[0.198749,-0.0785647,-0.976896],"extended":false,"handId":194,"id":1940,"length":47.7925,"mcpPosition":[-41.1428,250.556,28.1509],"pipPosition":[-56.8445,259.597,-13.8866],"stabilizedTipPosition":[-54.3135,235.305,-9.40218],"timeVisible":0.894589,"tipPosition":[-42.8708,252.404,-58.5421],"tipVelocity":[-0.0359013,122.391,-98.7718],"tool":false,"touchDistance":-0.439554,"touchZone":"hovering","type":0,"width":18.5699},{"bases":[[[0.985951,-0.128467,-0.106758],[0.157115,0.93024,0.331616],[0.0567093,-0.34373,0.937355]],[[0.987424,-0.141991,-0.0695175],[0.156362,0.942064,0.296761],[0.0233523,-0.303899,0.952418]],[[0.987424,-0.141991,-0.0695175],[0.151504,0.975513,0.159442],[0.0451758,-0.167969,0.984757]],[[0.987424,-0.141991,-0.0695175],[0.145498,0.988181,0.0482599],[0.0618434,-0.0577676,0.996413]]],"btipPosition":[-36.3853,308.81,-110.033],"carpPosition":[-29.669,269.018,28.1692],"dipPosition":[-35.4163,307.904,-94.4207],"direction":[-0.0451758,0.167969,-0.984757],"extended":true,"handId":194,"id":1941,"length":53.9285,"mcpPosition":[-33.495,292.208,-35.0701],"pipPosition":[-34.415,304.181,-72.5935],"stabilizedTipPosition":[-37.7884,291.118,-68.9718],"timeVisible":0.894589,"tipPosition":[-35.7777,307.186,-106.664],"tipVelocity":[-8.02295,126.93,-92.4846],"tool":false,"touchDistance":-0.428918,"touchZone":"hovering","type":1,"width":17.738},{"bases":[[[0.94322,-0.330413,-0.0340946],[0.322747,0.887356,0.329292],[-0.0785484,-0.321599,0.943612]],[[0.942334,-0.333807,-0.0240797],[0.218244,0.667457,-0.711949],[0.253726,0.665638,0.701818]],[[0.942334,-0.333807,-0.0240797],[-0.165611,-0.402574,-0.900282],[0.290827,0.852354,-0.434641]],[[0.942334,-0.333807,-0.0240797],[-0.304086,-0.823936,-0.478185],[0.139781,0.457932,-0.877929]]],"btipPosition":[-34.6234,230.256,-37.9418],"carpPosition":[-18.4411,269.221,26.988],"dipPosition":[-32.2146,238.148,-53.0711],"direction":[-0.290827,-0.852354,0.434641],"extended":false,"handId":194,"id":1942,"length":61.4471,"mcpPosition":[-13.4156,289.797,-33.3839],"pipPosition":[-24.6306,260.375,-64.4053],"stabilizedTipPosition":[-49.1626,212.325,21.3131],"timeVisible":0.894589,"tipPosition":[-33.9368,232.408,-41.2727],"tipVelocity":[-0.754231,95.9576,-93.5495],"tool":false,"touchDistance":0.333333,"touchZone":"none","type":2,"width":17.4211},{"bases":[[[0.894349,-0.440084,0.0804116],[0.386643,0.850778,0.355927],[-0.22505,-0.287232,0.931048]],[[0.889266,-0.446201,0.100555],[0.368477,0.568623,-0.735453],[0.270982,0.691066,0.670072]],[[0.889266,-0.446201,0.100555],[-0.125824,-0.450007,-0.884116],[0.439744,0.773562,-0.456319]],[[0.889266,-0.446201,0.100555],[-0.350372,-0.805851,-0.477331],[0.294018,0.389242,-0.872951]]],"btipPosition":[-21.9256,228.356,-28.2198],"carpPosition":[-7.54152,266.492,26.1678],"dipPosition":[-16.8879,235.025,-43.1769],"direction":[-0.439744,-0.773562,0.456319],"extended":false,"handId":194,"id":1943,"length":59.0831,"mcpPosition":[5.38604,282.991,-27.3144],"pipPosition":[-5.71683,254.676,-54.769],"stabilizedTipPosition":[-31.9089,212.543,20.3867],"timeVisible":0.894589,"tipPosition":[-20.5353,230.2,-31.7058],"tipVelocity":[-7.4445,95.5593,-73.3023],"tool":false,"touchDistance":0.333333,"touchZone":"none","type":3,"width":16.5772},{"bases":[[[0.78603,-0.604853,0.127708],[0.499628,0.743231,0.444949],[-0.364045,-0.285937,0.886403]],[[0.683757,-0.653736,0.3242],[0.681399,0.413042,-0.604228],[0.261097,0.634055,0.727876]],[[0.683757,-0.653736,0.3242],[-0.00738713,-0.450465,-0.892764],[0.729672,0.608038,-0.312838]],[[0.683757,-0.653736,0.3242],[-0.417225,-0.714746,-0.561303],[0.598665,0.248531,-0.761468]]],"btipPosition":[-9.95671,237.127,-27.7672],"carpPosition":[1.70201,257.317,25.3211],"dipPosition":[-0.493779,241.056,-39.8035],"direction":[-0.729672,-0.608038,0.312838],"extended":false,"handId":194,"id":1944,"length":46.32,"mcpPosition":[21.0599,272.521,-21.8128],"pipPosition":[12.5937,251.962,-45.4146],"stabilizedTipPosition":[-17.1547,220.113,18.5357],"timeVisible":0.894589,"tipPosition":[-7.60063,238.259,-30.3297],"tipVelocity":[-7.29559,104.043,-84.227],"tool":false,"touchDistance":0.333333,"touchZone":"none","type":4,"width":14.7252}],"r":[[0.904075,0.183929,0.385769],[-0.148565,0.981614,-0.119846],[-0.40072,0.0510379,0.914778]],"s":1.05715,"t":[74.4269,96.2235,-170.775],"timestamp":2681982250},false],[5,{"currentFrameRate":110.031,"devices":[],"gestures":[],"hands":[{"armBasis":[[0.940402,-0.0756524,-0.331542],[0.183459,0.93376,0.307303],[0.286333,-0.349812,0.891989]],"armWidth":58.4334,"confidence":0.760316,"direction":[0.133183,0.449476,-0.883308],"elbow":[57.2175,169.171,251.561],"grabStrength":0,"id":194,"palmNormal":[-0.162906,-0.869198,-0.466859],"palmPosition":[-14.5622,276.039,-15.1831],"palmVelocity":[-14.7409,96.1789,-78.9666],"palmWidth":83.4409,"pinchStrength":0.81264,"r":[[0.902904,0.185799,0.387611],[-0.150245,0.981291,-0.120395],[-0.402729,0.0504688,0.913927]],"s":1.0593,"sphereCenter":[-25.8938,252.885,-49.7141],"sphereRadius":42.2331,"stabilizedPalmPosition":[-16.1506,261.817,25.4151],"t":[74.3041,96.9171,-171.325],"timeVisible":0.903672,"type":"right","wrist":[-13.6782,255.784,30.705]}],"id":255102,"interactionBox":{"center":[0,200,0],"size":[235.247,235.247,147.751]},"pointables":[{"bases":[[[0.565084,0.782218,0.262327],[-0.765898,0.37915,0.519274],[0.306724,-0.494349,0.813351]],[[0.455995,0.889686,0.0229586],[-0.821582,0.410892,0.395185],[0.342157,-0.199065,0.918315]],[[0.455995,0.889686,0.0229586],[-0.867549,0.450109,-0.211569],[-0.198564,0.0765567,0.977093]],[[0.455995,0.889686,0.0229586],[-0.751228,0.398607,-0.526088],[-0.477204,0.222646,0.85012]]],"btipPosition":[-40.4796,253.093,-63.0917],"carpPosition":[-41.2671,251.153,27.741],"dipPosition":[-50.7213,257.871,-44.8465],"direction":[0.198564,-0.0765567,-0.977093],"extended":false,"handId":194,"id":1940,"length":47.7925,"mcpPosition":[-41.2671,251.153,27.741],"pipPosition":[-56.9297,260.265,-14.2959],"stabilizedTipPosition":[-54.0203,235.788,-10.6661],"timeVisible":0.903672,"tipPosition":[-42.9435,253.152,-58.9473],"tipVelocity":[-2.23537,111.267,-83.9064],"tool":false,"touchDistance":-0.43007,"touchZone":"hovering","type":0,"width":18.5699},{"bases":[[[0.986094,-0.127681,-0.106373],[0.156231,0.930443,0.331464],[0.0566527,-0.343474,0.937452]],[[0.987532,-0.140583,-0.0708323],[0.155524,0.940905,0.300849],[0.0243521,-0.308114,0.951038]],[[0.987532,-0.140583,-0.0708323],[0.150479,0.975164,0.162514],[0.0462263,-0.171147,0.98416]],[[0.987532,-0.140583,-0.0708323],[0.144292,0.988258,0.0502615],[0.0629346,-0.0598554,0.996221]]],"btipPosition":[-36.6008,309.668,-110.378],"carpPosition":[-29.8085,269.625,27.7593],"dipPosition":[-35.6147,308.73,-94.7696],"direction":[-0.0462263,0.171147,-0.98416],"extended":true,"handId":194,"id":1941,"length":53.9285,"mcpPosition":[-33.6307,292.798,-35.4867],"pipPosition":[-34.5901,304.937,-72.9556],"stabilizedTipPosition":[-37.6995,292.269,-71.3467],"timeVisible":0.903672,"tipPosition":[-35.9883,308.05,-107.017],"tipVelocity":[-12.2473,117.727,-77.4524],"tool":false,"touchDistance":-0.419559,"touchZone":"hovering","type":1,"width":17.738},{"bases":[[[0.943504,-0.329646,-0.0336796],[0.321899,0.887695,0.329209],[-0.0786253,-0.321452,0.943656]],[[0.942606,-0.333074,-0.0235578],[0.217898,0.667044,-0.712441],[0.25301,0.666418,0.701336]],[[0.942606,-0.333074,-0.0235578],[-0.164748,-0.402551,-0.90045],[0.290433,0.852651,-0.43432]],[[0.942606,-0.333074,-0.0235578],[-0.303054,-0.82376,-0.479143],[0.140184,0.458783,-0.87742]]],"btipPosition":[-34.7228,230.806,-38.3464],"carpPosition":[-18.5804,269.837,26.5821],"dipPosition":[-32.307,238.712,-53.4669],"direction":[-0.290433,-0.852651,0.43432],"extended":false,"handId":194,"id":1942,"length":61.4471,"mcpPosition":[-13.5499,290.403,-33.7927],"pipPosition":[-24.7333,260.946,-64.7927],"stabilizedTipPosition":[-49.0046,212.539,20.6479],"timeVisible":0.903672,"tipPosition":[-34.0332,232.965,-41.6797],"tipVelocity":[-3.52427,86.2356,-79.9258],"tool":false,"touchDistance":0.333333,"touchZone":"none","type":2,"width":17.4211},{"bases":[[[0.894681,-0.439331,0.0808335],[0.385815,0.851175,0.355876],[-0.225151,-0.287209,0.931031]],[[0.889595,-0.445448,0.100977],[0.366981,0.565451,-0.738641],[0.271928,0.694148,0.666493]],[[0.889595,-0.445448,0.100977],[-0.126343,-0.452437,-0.882801],[0.438928,0.772578,-0.458765]],[[0.889595,-0.445448,0.100977],[-0.349614,-0.806347,-0.477047],[0.293923,0.389076,-0.873058]]],"btipPosition":[-22.0729,228.88,-28.4097],"carpPosition":[-7.67824,267.116,25.7664],"dipPosition":[-17.0369,235.547,-43.3685],"direction":[-0.438928,-0.772578,0.458765],"extended":false,"handId":194,"id":1943,"length":59.0831,"mcpPosition":[5.2551,283.614,-27.7148],"pipPosition":[-5.88654,255.173,-55.0228],"stabilizedTipPosition":[-31.746,212.808,19.6126],"timeVisible":0.903672,"tipPosition":[-20.676,230.732,-31.9683],"tipVelocity":[-9.88476,85.0711,-58.8132],"tool":false,"touchDistance":0.333333,"touchZone":"none","type":3,"width":16.5772},{"bases":[[[0.78648,-0.604179,0.128127],[0.498856,0.743741,0.444963],[-0.364131,-0.286038,0.886336]],[[0.684365,-0.653051,0.324298],[0.680417,0.412136,-0.60595],[0.262061,0.635349,0.726399]],[[0.684365,-0.653051,0.324298],[-0.00764909,-0.451174,-0.892403],[0.729099,0.608249,-0.313763]],[[0.684365,-0.653051,0.324298],[-0.416264,-0.715095,-0.561573],[0.598639,0.249327,-0.761227]]],"btipPosition":[-10.1016,237.706,-28.099],"carpPosition":[1.57314,257.948,24.9251],"dipPosition":[-0.63911,241.647,-40.1315],"direction":[-0.729099,-0.608249,0.313763],"extended":false,"handId":194,"id":1944,"length":46.32,"mcpPosition":[20.9356,273.158,-22.2053],"pipPosition":[12.4381,252.557,-45.7591],"stabilizedTipPosition":[-16.9875,220.448,17.6403],"timeVisible":0.903672,"tipPosition":[-7.73317,238.843,-30.6933],"tipVelocity":[-9.69481,92.967,-70.9989],"tool":false,"touchDistance":0.333333,"touchZone":"none","type":4,"width":14.7252}],"r":[[0.902904,0.185799,0.387611],[-0.150245,0.981291,-0.120395],[-0.402729,0.0504688,0.913927]],"s":1.0593,"t":[74.3041,96.9171,-171.325],"timestamp":2681991333},false],[6,{"currentFrameRate":110.147,"devices":[],"gestures":[],"hands":[{"armBasis":[[0.940305,-0.0795013,-0.330918],[0.18641,0.93382,0.305338],[0.284743,-0.348797,0.892895]],"armWidth":58.4334,"confidence":0.76128,"direction":[0.132825,0.449873,-0.88316],"elbow":[56.704,170.152,251.169],"grabStrength":0,"id":194,"palmNormal":[-0.165702,-0.868435,-0.467293],"palmPosition":[-14.708,276.808,-15.7814],"palmVelocity":[-15.2009,93.591,-75.8388],"palmWidth":83.4409,"pinchStrength":0.807847,"r":[[0.902175,0.186808,0.388822],[-0.151164,0.98112,-0.120632],[-0.404017,0.0500551,0.913381]],"s":1.06148,"sphereCenter":[-26.4144,253.892,-50.2962],"sphereRadius":42.2607,"stabilizedPalmPosition":[-16.0679,262.676,23.0539],"t":[74.1697,97.6482,-171.9],"timeVisible":0.912544,"type":"right","wrist":[-13.7982,256.514,30.0889]}],"id":255103,"interactionBox":{"center":[0,200,0],"size":[235.247,235.247,147.751]},"pointables":[{"bases":[[[0.567345,0.780673,0.262046],[-0.764169,0.380533,0.520806],[0.306862,-0.495725,0.812461]],[[0.459272,0.887941,0.0250955],[-0.819559,0.412667,0.39753],[0.342627,-0.203141,0.917246]],[[0.459272,0.887941,0.0250955],[-0.866429,0.454017,-0.207775],[-0.195886,0.0736816,0.977855]],[[0.459272,0.887941,0.0250955],[-0.750258,0.402873,-0.524219],[-0.475586,0.221931,0.851214]]],"btipPosition":[-40.7551,254.182,-63.6655],"carpPosition":[-41.4026,251.95,27.1655],"dipPosition":[-50.962,258.945,-45.3968],"direction":[0.195886,-0.0736816,-0.977855],"extended":false,"handId":194,"id":1940,"length":47.7925,"mcpPosition":[-41.4026,251.95,27.1655],"pipPosition":[-57.0868,261.249,-14.8224],"stabilizedTipPosition":[-53.7096,236.343,-12.0551],"timeVisible":0.912544,"tipPosition":[-43.2046,254.229,-59.512],"tipVelocity":[-9.80821,114.269,-78.5248],"tool":false,"touchDistance":-0.423923,"touchZone":"hovering","type":0,"width":18.5699},{"bases":[[[0.985619,-0.129916,-0.108058],[0.158953,0.929805,0.331959],[0.0573464,-0.344361,0.937084]],[[0.987052,-0.142338,-0.0739516],[0.158295,0.938874,0.305708],[0.0259174,-0.313456,0.949249]],[[0.987052,-0.142338,-0.0739516],[0.152951,0.974087,0.166613],[0.04832,-0.175766,0.983245]],[[0.987052,-0.142338,-0.0739516],[0.146449,0.987771,0.0534882],[0.0654338,-0.0636258,0.995826]]],"btipPosition":[-36.8868,310.87,-110.836],"carpPosition":[-29.9006,270.395,27.1802],"dipPosition":[-35.8616,309.873,-95.2331],"direction":[-0.04832,0.175766,-0.983245],"extended":true,"handId":194,"id":1941,"length":53.9285,"mcpPosition":[-33.7695,293.627,-36.0409],"pipPosition":[-34.7906,305.977,-73.4394],"stabilizedTipPosition":[-37.6296,293.494,-73.7396],"timeVisible":0.912544,"tipPosition":[-36.2784,309.244,-107.484],"tipVelocity":[-17.3961,122.121,-70.4673],"tool":false,"touchDistance":-0.412817,"touchZone":"hovering","type":1,"width":17.738},{"bases":[[[0.942669,-0.331839,-0.0354583],[0.324516,0.886669,0.329404],[-0.0778692,-0.322026,0.943523]],[[0.941771,-0.335306,-0.0252422],[0.218275,0.666715,-0.712634],[0.255779,0.665628,0.701082]],[[0.941771,-0.335306,-0.0252422],[-0.166952,-0.401114,-0.900686],[0.29188,0.852454,-0.433737]],[[0.941771,-0.335306,-0.0252422],[-0.305598,-0.822177,-0.480244],[0.140275,0.459994,-0.876771]]],"btipPosition":[-35.0263,231.606,-38.9499],"carpPosition":[-18.6738,270.581,25.9852],"dipPosition":[-32.609,239.533,-54.0592],"direction":[-0.29188,-0.852454,0.433737],"extended":false,"handId":194,"id":1942,"length":61.4471,"mcpPosition":[-13.6918,291.184,-34.381],"pipPosition":[-24.9976,261.763,-65.3698],"stabilizedTipPosition":[-48.8349,212.783,19.9113],"timeVisible":0.912544,"tipPosition":[-34.334,233.773,-42.2847],"tipVelocity":[-11.8379,87.4624,-76.6192],"tool":false,"touchDistance":0.333333,"touchZone":"none","type":2,"width":17.4211},{"bases":[[[0.893772,-0.441501,0.079045],[0.388389,0.849978,0.355938],[-0.224334,-0.287428,0.93116]],[[0.888662,-0.44767,0.0993517],[0.365902,0.561661,-0.74206],[0.276396,0.695794,0.66293]],[[0.888662,-0.44767,0.0993517],[-0.12995,-0.45363,-0.881665],[0.439764,0.770592,-0.461298]],[[0.888662,-0.44767,0.0993517],[-0.352307,-0.805216,-0.476977],[0.293528,0.388869,-0.873282]]],"btipPosition":[-22.4186,229.599,-28.8195],"carpPosition":[-7.77946,267.835,25.1498],"dipPosition":[-17.3894,236.262,-43.7822],"direction":[-0.439764,-0.770592,0.461298],"extended":false,"handId":194,"id":1943,"length":59.0831,"mcpPosition":[5.10694,284.346,-28.3388],"pipPosition":[-6.21775,255.838,-55.5008],"stabilizedTipPosition":[-31.5655,213.123,18.7198],"timeVisible":0.912544,"tipPosition":[-21.0142,231.458,-32.4484],"tipVelocity":[-17.8201,83.9423,-55.417],"tool":false,"touchDistance":0.333333,"touchZone":"none","type":3,"width":16.5772},{"bases":[[[0.785259,-0.606132,0.12638],[0.501319,0.742206,0.444758],[-0.363382,-0.285893,0.88669]],[[0.683422,-0.6549,0.322552],[0.67992,0.410152,-0.607852],[0.265787,0.634729,0.725587]],[[0.683422,-0.6549,0.322552],[-0.0104282,-0.450551,-0.89269],[0.729949,0.60672,-0.314746]],[[0.683422,-0.6549,0.322552],[-0.4184,-0.713454,-0.562072],[0.598227,0.249177,-0.761601]]],"btipPosition":[-10.3952,238.447,-28.7067],"carpPosition":[1.44893,258.647,24.2863],"dipPosition":[-0.939159,242.385,-40.7451],"direction":[-0.729949,-0.60672,0.314746],"extended":false,"handId":194,"id":1944,"length":46.32,"mcpPosition":[20.7715,273.849,-22.8628],"pipPosition":[12.1533,253.267,-46.3904],"stabilizedTipPosition":[-16.8151,220.82,16.6746],"timeVisible":0.912544,"tipPosition":[-8.01982,239.585,-31.3195],"tipVelocity":[-16.0857,90.3777,-70.3619],"tool":fals