{"sensorType":"Leap","data":[[0,{"currentFrameRate":110.229,"devices":[],"gestures":[],"hands":[{"armBasis":[[0.949297,0.130023,-0.286232],[-0.00645355,0.918332,0.395757],[0.314314,-0.373844,0.872609]],"armWidth":58.4334,"confidence":0.750869,"direction":[-0.0023649,0.373297,-0.927709],"elbow":[61.7053,190.085,251.485],"grabStrength":0,"id":193,"palmNormal":[0.00651299,-0.927686,-0.373305],"palmPosition":[-23.2,297.411,-11.9931],"palmVelocity":[2.079,13.3995,-87.2835],"palmWidth":83.4409,"pinchStrength":0.658568,"r":[[0.850009,0.21529,0.480766],[-0.257653,0.965964,0.0229731],[-0.459457,-0.143398,0.876548]],"s":1.02282,"sphereCenter":[-31.0068,271.501,-43.1609],"sphereRadius":42.56,"stabilizedPalmPosition":[-23.4869,291.513,9.11105],"t":[68.5566,145.166,-150.07],"timeVisible":0.904268,"type":"right","wrist":[-16.1185,282.648,35.4274]}],"id":254619,"interactionBox":{"center":[0,200,0],"size":[235.247,235.247,147.751]},"pointables":[{"bases":[[[0.396101,0.905376,0.152963],[-0.806764,0.263616,0.528808],[0.438447,-0.332867,0.834844]],[[0.284677,0.957655,-0.0430899],[-0.862721,0.275535,0.42402],[0.417937,-0.083534,0.904627]],[[0.284677,0.957655,-0.0430899],[-0.942664,0.271486,-0.194111],[-0.174193,0.0958781,0.980033]],[[0.284677,0.957655,-0.0430899],[-0.853049,0.232562,-0.467143],[-0.437341,0.169743,0.883131]]],"btipPosition":[-46.4877,269.291,-56.3713],"carpPosition":[-42.1888,272.108,34.6352],"dipPosition":[-55.8739,272.934,-37.4177],"direction":[0.174193,-0.0958781,-0.980033],"extended":false,"handId":193,"id":1930,"length":47.7925,"mcpPosition":[-42.1888,272.108,34.6352],"pipPosition":[-61.3204,275.932,-6.77516],"stabilizedTipPosition":[-49.3644,265.081,-36.8789],"timeVisible":0.904268,"tipPosition":[-48.1765,269.064,-52.0389],"tipVelocity":[8.5921,25.3038,-89.7565],"tool":false,"touchDistance":-0.390964,"touchZone":"touching","type":0,"width":18.5699},{"bases":[[[0.985383,0.069504,-0.15553],[-0.0316928,0.971839,0.233506],[0.16738,-0.225163,0.959836]],[[0.995434,0.051735,-0.080212],[-0.0244147,0.950419,0.310012],[0.0922734,-0.306638,0.947343]],[[0.995434,0.051735,-0.080212],[-0.0367266,0.983271,0.17841],[0.0881001,-0.174649,0.980681]],[[0.995434,0.051735,-0.080212],[-0.0463484,0.996634,0.0676212],[0.0834404,-0.0635948,0.994481]]],"btipPosition":[-53.1207,324.596,-107.171],"carpPosition":[-34.9328,292.457,32.2274],"dipPosition":[-51.8133,323.6,-91.589],"direction":[-0.0881001,0.174649,-0.980681],"extended":true,"handId":193,"id":1931,"length":53.9285,"mcpPosition":[-46.2252,307.648,-32.5287],"pipPosition":[-49.8606,319.729,-69.8521],"stabilizedTipPosition":[-51.9214,318.455,-86.0961],"timeVisible":0.904268,"tipPosition":[-52.3552,323.116,-103.823],"tipVelocity":[10.705,27.23,-90.8758],"tool":false,"touchDistance":-0.393635,"touchZone":"touching","type":1,"width":17.738},{"bases":[[[0.989805,-0.128255,-0.0619357],[0.139037,0.964419,0.224866],[0.0308916,-0.231185,0.972419]],[[0.990202,-0.132413,-0.04435],[0.0396255,0.570977,-0.820009],[0.133903,0.810218,0.570629]],[[0.990202,-0.132413,-0.04435],[-0.111205,-0.55563,-0.823959],[0.0844606,0.820818,-0.564911]],[[0.990202,-0.132413,-0.04435],[-0.139421,-0.919545,-0.367421],[0.00786947,0.370004,-0.928997]]],"btipPosition":[-34.2989,246.07,-26.361],"carpPosition":[-24.0657,294.872,30.3361],"dipPosition":[-34.1633,252.446,-42.3703],"direction":[-0.0844606,-0.820818,0.564911],"extended":false,"handId":193,"id":1932,"length":61.4471,"mcpPosition":[-26.0422,309.663,-31.8789],"pipPosition":[-31.9608,273.85,-57.1015],"stabilizedTipPosition":[-38.8302,244.636,-13.7491],"timeVisible":0.904268,"tipPosition":[-34.2349,247.725,-30.2113],"tipVelocity":[18.193,6.17918,-89.3457],"tool":false,"touchDistance":0.333333,"touchZone":"none","type":2,"width":17.4211},{"bases":[[[0.970247,-0.233213,0.0650649],[0.210312,0.94493,0.250751],[-0.11996,-0.229606,0.965863]],[[0.964912,-0.241876,0.102184],[0.212844,0.492612,-0.843819],[0.153762,0.83596,0.526809]],[[0.964912,-0.241876,0.102184],[-0.0669627,-0.602971,-0.794948],[0.253892,0.760212,-0.59801]],[[0.964912,-0.241876,0.102184],[-0.192677,-0.916619,-0.350265],[0.178384,0.318287,-0.93106]]],"btipPosition":[-21.7933,248.577,-16.8267],"carpPosition":[-12.8779,294.404,29.0958],"dipPosition":[-18.7369,254.03,-32.7794],"direction":[-0.253892,-0.760212,0.59801],"extended":false,"handId":193,"id":1933,"length":59.0831,"mcpPosition":[-5.98704,307.594,-26.3862],"pipPosition":[-12.2871,273.342,-47.971],"stabilizedTipPosition":[-24.3384,246.715,-6.44269],"timeVisible":0.904268,"tipPosition":[-20.9791,249.981,-20.9852],"tipVelocity":[11.8015,10.2427,-49.1818],"tool":false,"touchDistance":0.333333,"touchZone":"none","type":3,"width":16.5772},{"bases":[[[0.901665,-0.411122,0.134084],[0.347231,0.873131,0.342158],[-0.257742,-0.261954,0.930027]],[[0.835317,-0.453805,0.310335],[0.505515,0.41212,-0.758032],[0.216103,0.790075,0.573655]],[[0.835317,-0.453805,0.310335],[-0.0195001,-0.588583,-0.808202],[0.549423,0.669053,-0.500502]],[[0.835317,-0.453805,0.310335],[-0.307566,-0.853622,-0.420395],[0.455686,0.255715,-0.85262]]],"btipPosition":[-12.2902,259.589,-17.0705],"carpPosition":[-1.93078,287.321,28.53],"dipPosition":[-5.0873,263.631,-30.5476],"direction":[-0.549423,-0.669053,0.500502],"extended":false,"handId":193,"id":1934,"length":46.32,"mcpPosition":[11.7745,301.25,-20.9236],"pipPosition":[4.7672,275.631,-39.5247],"stabilizedTipPosition":[-13.3716,255.99,-4.69814],"timeVisible":0.904268,"tipPosition":[-10.5199,260.661,-20.1904],"tipVelocity":[13.9049,12.8276,-86.4536],"tool":false,"touchDistance":0.333333,"touchZone":"none","type":4,"width":14.7252}],"r":[[0.850009,0.21529,0.480766],[-0.257653,0.965964,0.0229731],[-0.459457,-0.143398,0.876548]],"s":1.02282,"t":[68.5566,145.166,-150.07],"timestamp":2677553607},false],[1,{"currentFrameRate":110.469,"devices":[],"gestures":[],"hands":[{"armBasis":[[0.950283,0.128268,-0.283742],[-0.00549628,0.917986,0.396575],[0.311339,-0.375299,0.873051]],"armWidth":58.4334,"confidence":0.730752,"direction":[0.00131095,0.372563,-0.928006],"elbow":[60.7081,190.008,250.18],"grabStrength":0,"id":193,"palmNormal":[0.00546401,-0.927995,-0.372552],"palmPosition":[-23.2827,297.672,-13.4404],"palmVelocity":[-1.01154,17.8874,-108.6],"palmWidth":83.4409,"pinchStrength":0.659459,"r":[[0.848584,0.216744,0.482625],[-0.25879,0.965698,0.0213331],[-0.461446,-0.143002,0.875567]],"s":1.02501,"sphereCenter":[-31.4002,271.959,-44.5866],"sphereRadius":42.5782,"stabilizedPalmPosition":[-23.4869,291.513,9.11061],"t":[68.5246,145.366,-151.222],"timeVisible":0.912895,"type":"right","wrist":[-16.379,282.931,34.0129]}],"id":254620,"interactionBox":{"center":[0,200,0],"size":[235.247,235.247,147.751]},"pointables":[{"bases":[[[0.39776,0.904567,0.153445],[-0.807736,0.265926,0.526161],[0.435143,-0.333228,0.836427]],[[0.287134,0.956932,-0.0428479],[-0.863337,0.27791,0.421207],[0.414974,-0.0839507,0.905952]],[[0.287134,0.956932,-0.0428479],[-0.941386,0.273636,-0.197269],[-0.177048,0.0969791,0.979413]],[[0.287134,0.956932,-0.0428479],[-0.850979,0.234295,-0.470043],[-0.43976,0.171428,0.881603]]],"btipPosition":[-46.4936,269.583,-57.8647],"carpPosition":[-42.4715,272.452,33.1502],"dipPosition":[-55.9317,273.262,-38.9438],"direction":[0.177048,-0.0969791,-0.979413],"extended":false,"handId":193,"id":1930,"length":47.7925,"mcpPosition":[-42.4715,272.452,33.1502],"pipPosition":[-61.4674,276.295,-8.32069],"stabilizedTipPosition":[-49.3638,265.086,-36.893],"timeVisible":0.912895,"tipPosition":[-48.2077,269.377,-53.5377],"tipVelocity":[5.77046,27.8201,-112.063],"tool":false,"touchDistance":-0.402714,"touchZone":"touching","type":0,"width":18.5699},{"bases":[[[0.986008,0.0670713,-0.152608],[-0.0301181,0.972096,0.232642],[0.163953,-0.224791,0.960515]],[[0.995666,0.0496651,-0.0786257],[-0.0225412,0.949128,0.314084],[0.0902248,-0.31095,0.946134]],[[0.995666,0.0496651,-0.0786257],[-0.034573,0.982538,0.182823],[0.0863326,-0.179313,0.979997]],[[0.995666,0.0496651,-0.0786257],[-0.0440108,0.996427,0.0720832],[0.0819248,-0.0683105,0.994295]]],"btipPosition":[-52.9736,325.243,-108.63],"carpPosition":[-35.1605,292.781,30.7483],"dipPosition":[-51.69,324.172,-93.051],"direction":[-0.0863326,0.179313,-0.979997],"extended":true,"handId":193,"id":1931,"length":53.9285,"mcpPosition":[-46.2217,307.947,-34.0535],"pipPosition":[-49.7764,320.198,-71.3293],"stabilizedTipPosition":[-51.9218,318.459,-86.1063],"timeVisible":0.912895,"tipPosition":[-52.2159,323.724,-105.29],"tipVelocity":[12.2174,39.3446,-111.623],"tool":false,"touchDistance":-0.404501,"touchZone":"touching","type":1,"width":17.738},{"bases":[[[0.989684,-0.130623,-0.0588446],[0.140619,0.964269,0.224524],[0.0274139,-0.230483,0.97269]],[[0.990018,-0.134775,-0.0412242],[0.0435871,0.570944,-0.819831],[0.134029,0.809851,0.571119]],[[0.990018,-0.134775,-0.0412242],[-0.109854,-0.554672,-0.824786],[0.0882945,0.821081,-0.563941]],[[0.990018,-0.134775,-0.0412242],[-0.140442,-0.918861,-0.368742],[0.0118179,0.370851,-0.928617]]],"btipPosition":[-34.4665,246.317,-27.8799],"carpPosition":[-24.2822,295.17,28.888],"dipPosition":[-34.2628,252.708,-43.8827],"direction":[-0.0882945,-0.821081,0.563941],"extended":false,"handId":193,"id":1932,"length":61.4471,"mcpPosition":[-26.0361,309.916,-33.3444],"pipPosition":[-31.9604,274.119,-58.5886],"stabilizedTipPosition":[-38.8297,244.636,-13.7508],"timeVisible":0.912895,"tipPosition":[-34.3845,247.977,-31.6931],"tipVelocity":[8.7101,12.2377,-112.269],"tool":false,"touchDistance":0.333333,"touchZone":"none","type":2,"width":17.4211},{"bases":[[[0.969496,-0.235434,0.0681791],[0.21177,0.944634,0.250639],[-0.123413,-0.228555,0.965677]],[[0.964065,-0.244006,0.105075],[0.216055,0.489945,-0.844555],[0.154595,0.836908,0.525057]],[[0.964065,-0.244006,0.105075],[-0.0663413,-0.604094,-0.794147],[0.257252,0.758638,-0.598574]],[[0.964065,-0.244006,0.105075],[-0.193768,-0.916398,-0.35024],[0.181751,0.317294,-0.930747]]],"btipPosition":[-21.986,248.805,-18.1492],"carpPosition":[-13.0918,294.675,27.6819],"dipPosition":[-18.8719,254.241,-34.0965],"direction":[-0.257252,-0.758638,0.598574],"extended":false,"handId":193,"id":1933,"length":59.0831,"mcpPosition":[-6.00256,307.804,-27.7895],"pipPosition":[-12.3367,273.513,-49.3025],"stabilizedTipPosition":[-24.3381,246.716,-6.44434],"timeVisible":0.912895,"tipPosition":[-21.1582,250.207,-22.3119],"tipVelocity":[3.16727,14.4131,-76.7213],"tool":false,"touchDistance":0.333333,"touchZone":"none","type":3,"width":16.5772},{"bases":[[[0.900289,-0.413127,0.137131],[0.348243,0.872588,0.342516],[-0.261162,-0.260609,0.92945]],[[0.833905,-0.455268,0.311983],[0.506212,0.405713,-0.761017],[0.219891,0.792545,0.568788]],[[0.833905,-0.455268,0.311983],[-0.0219976,-0.592249,-0.805454],[0.55147,0.66481,-0.503894]],[[0.833905,-0.455268,0.311983],[-0.309533,-0.853805,-0.418577],[0.456938,0.252485,-0.852912]]],"btipPosition":[-12.5165,259.809,-18.1918],"carpPosition":[-2.15965,287.565,27.1547],"dipPosition":[-5.29383,263.8,-31.6736],"direction":[-0.55147,-0.66481,0.503894],"extended":false,"handId":193,"id":1934,"length":46.32,"mcpPosition":[11.7275,301.423,-22.2682],"pipPosition":[4.59737,275.724,-40.7115],"stabilizedTipPosition":[-13.3714,255.99,-4.69967],"timeVisible":0.912895,"tipPosition":[-10.7179,260.869,-21.4048],"tipVelocity":[3.41331,15.8173,-98.015],"tool":false,"touchDistance":0.333333,"touchZone":"none","type":4,"width":14.7252}],"r":[[0.848584,0.216744,0.482625],[-0.25879,0.965698,0.0213331],[-0.461446,-0.143002,0.875567]],"s":1.02501,"t":[68.5246,145.366,-151.222],"timestamp":2677562234},false],[2,{"currentFrameRate":110.311,"devices":[],"gestures":[],"hands":[{"armBasis":[[0.951059,0.126815,-0.281789],[-0.00456339,0.917574,0.397538],[0.308976,-0.376797,0.873246]],"armWidth":58.4334,"confidence":0.713259,"direction":[0.0040017,0.371474,-0.928435],"elbow":[59.9784,189.835,249.277],"grabStrength":0,"id":193,"palmNormal":[0.00445211,-0.92844,-0.371456],"palmPosition":[-23.2982,297.829,-14.423],"palmVelocity":[-1.19478,17.5542,-107.618],"palmWidth":83.4409,"pinchStrength":0.660327,"r":[[0.847319,0.217692,0.484418],[-0.259331,0.965588,0.019684],[-0.463463,-0.142303,0.874615]],"s":1.02697,"sphereCenter":[-31.7139,272.262,-45.5363],"sphereRadius":42.596,"stabilizedPalmPosition":[-23.4869,291.513,9.1102],"t":[68.5008,145.544,-152.289],"timeVisible":0.922241,"type":"right","wrist":[-16.5238,283.13,33.062]}],"id":254621,"interactionBox":{"center":[0,200,0],"size":[235.247,235.247,147.751]},"pointables":[{"bases":[[[0.399189,0.903973,0.153233],[-0.808332,0.268108,0.524135],[0.432721,-0.333092,0.837737]],[[0.289206,0.956294,-0.0431484],[-0.863643,0.280097,0.419126],[0.412893,-0.0839487,0.906902]],[[0.289206,0.956294,-0.0431484],[-0.940348,0.275369,-0.199792],[-0.179178,0.0983556,0.978888]],[[0.289206,0.956294,-0.0431484],[-0.849288,0.235526,-0.472481],[-0.441668,0.17329,0.880284]]],"btipPosition":[-46.4539,269.748,-58.8575],"carpPosition":[-42.6346,272.7,32.1562],"dipPosition":[-55.933,273.467,-39.965],"direction":[0.179178,-0.0983556,-0.978888],"extended":false,"handId":193,"id":1930,"length":47.7925,"mcpPosition":[-42.6346,272.7,32.1562],"pipPosition":[-61.5353,276.543,-9.35826],"stabilizedTipPosition":[-49.3633,265.09,-36.9053],"timeVisible":0.922241,"tipPosition":[-48.1944,269.566,-54.5363],"tipVelocity":[5.05175,25.2148,-110.608],"tool":false,"touchDistance":-0.405767,"touchZone":"touching","type":0,"width":18.5699},{"bases":[[[0.986458,0.0649806,-0.150593],[-0.0287239,0.972424,0.231444],[0.16148,-0.223984,0.961122]],[[0.995797,0.0479813,-0.0780105],[-0.0208598,0.948217,0.316939],[0.089178,-0.313979,0.945232]],[[0.995797,0.0479813,-0.0780105],[-0.0327835,0.982085,0.185565],[0.0855166,-0.182228,0.97953]],[[0.995797,0.0479813,-0.0780105],[-0.0421682,0.996327,0.0745294],[0.0813,-0.0709266,0.994163]]],"btipPosition":[-52.8562,325.644,-109.625],"carpPosition":[-35.2791,293.012,29.7461],"dipPosition":[-51.5824,324.533,-94.0484],"direction":[-0.0855166,0.182228,-0.979531],"extended":true,"handId":193,"id":1931,"length":53.9285,"mcpPosition":[-46.1735,308.124,-35.0968],"pipPosition":[-49.6869,320.494,-72.337],"stabilizedTipPosition":[-51.9221,318.462,-86.1177],"timeVisible":0.922241,"tipPosition":[-52.0998,324.12,-106.29],"tipVelocity":[12.2457,40.0818,-110.184],"tool":false,"touchDistance":-0.407321,"touchZone":"touching","type":1,"width":17.738},{"bases":[[[0.989551,-0.132611,-0.0565916],[0.142014,0.964257,0.223697],[0.0249042,-0.229397,0.973014]],[[0.98984,-0.136749,-0.0389372],[0.0465724,0.57057,-0.819928],[0.134341,0.809784,0.571141]],[[0.98984,-0.136749,-0.0389372],[-0.10902,-0.554152,-0.825246],[0.0912746,0.821106,-0.56343]],[[0.98984,-0.136749,-0.0389372],[-0.141415,-0.918408,-0.369498],[0.0147683,0.37125,-0.928416]]],"btipPosition":[-34.5583,246.451,-28.9004],"carpPosition":[-24.3923,295.377,27.906],"dipPosition":[-34.3038,252.848,-44.8996],"direction":[-0.0912746,-0.821106,0.56343],"extended":false,"handId":193,"id":1932,"length":61.4471,"mcpPosition":[-25.9856,310.054,-34.347],"pipPosition":[-31.9237,274.26,-59.5923],"stabilizedTipPosition":[-38.8294,244.637,-13.7522],"timeVisible":0.922241,"tipPosition":[-34.463,248.113,-32.6803],"tipVelocity":[3.81019,12.8702,-111.371],"tool":false,"touchDistance":0.333333,"touchZone":"none","type":2,"width":17.4211},{"bases":[[[0.96889,-0.237233,0.0705111],[0.213072,0.944514,0.249986],[-0.125904,-0.227185,0.965679]],[[0.963387,-0.245721,0.107271],[0.218487,0.487593,-0.845291],[0.155401,0.83778,0.523427]],[[0.963387,-0.245721,0.107271],[-0.0660612,-0.605302,-0.79325],[0.25985,0.75712,-0.599373]],[[0.963387,-0.245721,0.107271],[-0.194804,-0.916402,-0.349656],[0.184221,0.315957,-0.930717]]],"btipPosition":[-22.0928,248.936,-19.0204],"carpPosition":[-13.2003,294.859,26.7243],"dipPosition":[-18.9364,254.35,-34.9671],"direction":[-0.25985,-0.75712,0.599373],"extended":false,"handId":193,"id":1933,"length":59.0831,"mcpPosition":[-5.96804,307.91,-28.7472],"pipPosition":[-12.3352,273.583,-50.1934],"stabilizedTipPosition":[-24.3378,246.716,-6.44574],"timeVisible":0.922241,"tipPosition":[-21.2551,250.334,-23.1853],"tipVelocity":[-0.675024,14.1596,-81.3919],"tool":false,"touchDistance":0.333333,"touchZone":"none","type":3,"width":16.5772},{"bases":[[[0.899193,-0.414711,0.139523],[0.34921,0.872311,0.342237],[-0.263637,-0.259014,0.929197]],[[0.832812,-0.456333,0.313343],[0.50655,0.399976,-0.763823],[0.223228,0.794846,0.56426]],[[0.832812,-0.456333,0.313343],[-0.0243854,-0.595751,-0.802799],[0.553018,0.66094,-0.507276]],[[0.832812,-0.456333,0.313343],[-0.311374,-0.854193,-0.416413],[0.457679,0.249227,-0.853473]]],"btipPosition":[-12.6538,259.933,-18.8882],"carpPosition":[-2.28092,287.728,26.2286],"dipPosition":[-5.41944,263.872,-32.3788],"direction":[-0.553018,-0.66094,0.507276],"extended":false,"handId":193,"id":1934,"length":46.32,"mcpPosition":[11.7378,301.5,-23.1809],"pipPosition":[4.49953,275.727,-41.4773],"stabilizedTipPosition":[-13.3712,255.99,-4.70093],"timeVisible":0.922241,"tipPosition":[-10.8362,260.976,-22.1735],"tipVelocity":[-1.63788,14.743,-91.4121],"tool":false,"touchDistance":0.333333,"touchZone":"none","type":4,"width":14.7252}],"r":[[0.847319,0.217692,0.484418],[-0.259331,0.965588,0.019684],[-0.463463,-0.142303,0.874615]],"s":1.02697,"t":[68.5008,145.544,-152.289],"timestamp":2677571580},false],[3,{"currentFrameRate":110.436,"devices":[],"gestures":[],"hands":[{"armBasis":[[0.951156,0.125213,-0.282178],[-0.00312765,0.917913,0.39677],[0.308696,-0.376508,0.873469]],"armWidth":58.4334,"confidence":0.716851,"direction":[0.00518294,0.372421,-0.928049],"elbow":[59.8847,189.908,248.874],"grabStrength":0,"id":193,"palmNormal":[0.00299192,-0.928063,-0.37241],"palmPosition":[-23.2697,297.89,-14.8693],"palmVelocity":[-0.00120135,14.6979,-92.1877],"palmWidth":83.4409,"pinchStrength":0.661139,"r":[[0.846328,0.218048,0.485988],[-0.259417,0.965588,0.0185341],[-0.465223,-0.141759,0.873769]],"s":1.02855,"sphereCenter":[-31.9777,272.511,-46.0043],"sphereRadius":42.6101,"stabilizedPalmPosition":[-23.4869,291.513,9.10988],"t":[68.5031,145.664,-153.046],"timeVisible":0.931074,"type":"right","wrist":[-16.548,283.131,32.6043]}],"id":254622,"interactionBox":{"center":[0,200,0],"size":[235.247,235.247,147.751]},"pointables":[{"bases":[[[0.400725,0.903097,0.154385],[-0.80814,0.269019,0.523964],[0.431658,-0.334731,0.837632]],[[0.290964,0.955813,-0.0419715],[-0.86336,0.281218,0.418958],[0.412248,-0.0856653,0.907035]],[[0.290964,0.955813,-0.0419715],[-0.93971,0.277273,-0.200164],[-0.179681,0.0976815,0.978863]],[[0.290964,0.955813,-0.0419715],[-0.848542,0.237548,-0.472809],[-0.441946,0.173185,0.880165]]],"btipPosition":[-46.4451,269.899,-59.3431],"carpPosition":[-42.6771,272.748,31.6733],"dipPosition":[-55.9301,273.615,-40.4531],"direction":[0.179681,-0.0976815,-0.978863],"extended":false,"handId":193,"id":1930,"length":47.7925,"mcpPosition":[-42.6771,272.748,31.6733],"pipPosition":[-61.5482,276.67,-9.8472],"stabilizedTipPosition":[-49.3629,265.092,-36.9146],"timeVisible":0.931074,"tipPosition":[-48.1959,269.727,-55.0239],"tipVelocity":[3.91377,22.9866,-95.592],"tool":false,"touchDistance":-0.400816,"touchZone":"touching","type":0,"width":18.5699},{"bases":[[[0.986656,0.0633647,-0.149981],[-0.0271071,0.972235,0.23243],[0.160545,-0.225263,0.96098]],[[0.995805,0.0465902,-0.0787474],[-0.0188586,0.946682,0.321618],[0.089533,-0.318784,0.943589]],[[0.995805,0.0465902,-0.0787474],[-0.0308838,0.981292,0.19003],[0.0861278,-0.186801,0.978615]],[[0.995805,0.0465902,-0.0787474],[-0.0403879,0.996088,0.0785988],[0.0821013,-0.0750886,0.993791]]],"btipPosition":[-52.8379,326.124,-109.982],"carpPosition":[-35.2838,293.05,29.2882],"dipPosition":[-51.5515,324.948,-94.4116],"direction":[-0.0861278,0.186801,-0.978615],"extended":true,"handId":193,"id":1931,"length":53.9285,"mcpPosition":[-46.1151,308.248,-35.545],"pipPosition":[-49.6425,320.807,-72.7205],"stabilizedTipPosition":[-51.9225,318.467,-86.1302],"timeVisible":0.931074,"tipPosition":[-52.0772,324.589,-106.655],"tipVelocity":[9.58587,43.4732,-91.383],"tool":false,"touchDistance":-0.400304,"touchZone":"touching","type":1,"width":17.738},{"bases":[[[0.989343,-0.134329,-0.0561816],[0.14362,0.96377,0.224769],[0.0239531,-0.230443,0.972791]],[[0.989615,-0.138491,-0.0385078],[0.0481655,0.57188,-0.818922],[0.135435,0.808563,0.572611]],[[0.989615,-0.138491,-0.0385078],[-0.109422,-0.552059,-0.826594],[0.0932173,0.822223,-0.56148]],[[0.989615,-0.138491,-0.0385078],[-0.142833,-0.917268,-0.371778],[0.0161659,0.373417,-0.927523]]],"btipPosition":[-34.62,246.525,-29.4667],"carpPosition":[-24.3917,295.397,27.4566],"dipPosition":[-34.3414,252.96,-45.4506],"direction":[-0.0932173,-0.822223,0.56148],"extended":false,"handId":193,"id":1932,"length":61.4471,"mcpPosition":[-25.9242,310.141,-34.7822],"pipPosition":[-31.9106,274.401,-60.0924],"stabilizedTipPosition":[-38.8292,244.637,-13.7532],"timeVisible":0.931074,"tipPosition":[-34.5181,248.197,-33.2168],"tipVelocity":[1.06287,11.9347,-98.4924],"tool":false,"touchDistance":0.333333,"touchZone":"none","type":2,"width":17.4211},{"bases":[[[0.968424,-0.239044,0.0708019],[0.214628,0.943873,0.251077],[-0.126846,-0.227953,0.965374]],[[0.962917,-0.247516,0.107358],[0.219996,0.489988,-0.843513],[0.156179,0.835851,0.526271]],[[0.962917,-0.247516,0.107358],[-0.0660928,-0.602206,-0.7956],[0.261576,0.759002,-0.596234]],[[0.962917,-0.247516,0.107358],[-0.195833,-0.91493,-0.35292],[0.185579,0.318809,-0.929474]]],"btipPosition":[-22.1373,248.964,-19.6642],"carpPosition":[-13.2,294.861,26.2805],"dipPosition":[-18.9576,254.426,-35.5897],"direction":[-0.261576,-0.759002,0.596234],"extended":false,"handId":193,"id":1933,"length":59.0831,"mcpPosition":[-5.91358,307.955,-29.1735],"pipPosition":[-12.3127,273.708,-50.7362],"stabilizedTipPosition":[-24.3377,246.716,-6.44675],"timeVisible":0.931074,"tipPosition":[-21.3045,250.377,-23.7437],"tipVelocity":[-1.69137,11.5231,-78.9443],"tool":false,"touchDistance":0.333333,"touchZone":"none","type":3,"width":16.5772},{"bases":[[[0.89837,-0.416468,0.139593],[0.350585,0.87133,0.343328],[-0.264616,-0.259497,0.928784]],[[0.832154,-0.458012,0.312641],[0.506501,0.398214,-0.764776],[0.225778,0.794765,0.563359]],[[0.832154,-0.458012,0.312641],[-0.0262414,-0.595673,-0.802799],[0.553923,0.659848,-0.50771]],[[0.832154,-0.458012,0.312641],[-0.312869,-0.853249,-0.417228],[0.457856,0.249382,-0.853332]]],"btipPosition":[-12.7158,259.961,-19.2765],"carpPosition":[-2.29316,287.71,25.7835],"dipPosition":[-5.47854,263.902,-32.7649],"direction":[-0.553923,-0.659848,0.50771],"extended":false,"handId":193,"id":1934,"length":46.32,"mcpPosition":[11.7777,301.508,-23.604],"pipPosition":[4.45666,275.738,-41.8712],"stabilizedTipPosition":[-13.3711,255.991,-4.70184],"timeVisible":0.931074,"tipPosition":[-10.8932,261.006,-22.5863],"tipVelocity":[-3.06966,11.6197,-78.5728],"tool":false,"touchDistance":0.333333,"touchZone":"none","type":4,"width":14.7252}],"r":[[0.846328,0.218048,0.485988],[-0.259417,0.965588,0.0185341],[-0.465223,-0.141759,0.873769]],"s":1.02855,"t":[68.5031,145.664,-153.046],"timestamp":2677580413},false],[4,{"currentFrameRate":110.486,"devices":[],"gestures":[],"hands":[{"armBasis":[[0.951301,0.123597,-0.282402],[-0.00162768,0.918104,0.396337],[0.30826,-0.376576,0.873594]],"armWidth":58.4334,"confidence":0.721783,"direction":[0.00667568,0.370244,-0.928911],"elbow":[59.7633,189.929,248.555],"grabStrength":0,"id":193,"palmNormal":[0.00143967,-0.928934,-0.370243],"palmPosition":[-23.2155,297.831,-15.2592],"palmVelocity":[1.65405,8.87968,-78.8651],"palmWidth":83.4409,"pinchStrength":0.66165,"r":[[0.845541,0.218223,0.487278],[-0.259101,0.965699,0.0171216],[-0.466827,-0.140731,0.873079]],"s":1.02949,"sphereCenter":[-32.1538,272.506,-46.3531],"sphereRadius":42.6167,"stabilizedPalmPosition":[-23.4869,291.513,9.10963],"t":[68.5314,145.695,-153.619],"timeVisible":0.940037,"type":"right","wrist":[-16.5616,283.169,32.2541]}],"id":254623,"interactionBox":{"center":[0,200,0],"size":[235.247,235.247,147.751]},"pointables":[{"bases":[[[0.402403,0.902654,0.152605],[-0.808024,0.271852,0.522679],[0.430312,-0.333636,0.83876]],[[0.292995,0.955109,-0.0438143],[-0.863051,0.28392,0.417772],[0.411457,-0.0845912,0.907495]],[[0.292995,0.955109,-0.0438143],[-0.938955,0.278792,-0.201588],[-0.180324,0.100204,0.97849]],[[0.292995,0.955109,-0.0438143],[-0.847536,0.238239,-0.474262],[-0.442534,0.176091,0.879293]]],"btipPosition":[-46.4097,269.797,-59.6809],"carpPosition":[-42.7106,272.837,31.3262],"dipPosition":[-55.9073,273.576,-40.8097],"direction":[0.180324,-0.100204,-0.97849],"extended":false,"handId":193,"id":1930,"length":47.7925,"mcpPosition":[-42.7106,272.837,31.3262],"pipPosition":[-61.5455,276.709,-10.2154],"stabilizedTipPosition":[-49.3626,265.095,-36.9218],"timeVisible":0.940037,"tipPosition":[-48.1729,269.651,-55.3648],"tipVelocity":[3.83484,14.0258,-79.8801],"tool":false,"touchDistance":-0.3942,"touchZone":"touching","type":0,"width":18.5699},{"bases":[[[0.986902,0.0610465,-0.149327],[-0.0253536,0.972827,0.23014],[0.159319,-0.22334,0.961632]],[[0.995843,0.0447239,-0.0793446],[-0.0167465,0.946197,0.323157],[0.0895285,-0.320485,0.943013]],[[0.995843,0.0447239,-0.0793446],[-0.0288415,0.981155,0.191058],[0.0863942,-0.187975,0.978367]],[[0.995843,0.0447239,-0.0793446],[-0.0384408,0.996132,0.0790207],[0.0825718,-0.0756422,0.99371]]],"btipPosition":[-52.7593,326.164,-110.385],"carpPosition":[-35.2749,293.118,28.8997],"dipPosition":[-51.4656,324.979,-94.8159],"direction":[-0.0863942,0.187975,-0.978367],"extended":true,"handId":193,"id":1931,"length":53.9285,"mcpPosition":[-46.0234,308.186,-35.9776],"pipPosition":[-49.5507,320.813,-73.1303],"stabilizedTipPosition":[-51.9229,318.472,-86.1435],"timeVisible":0.940037,"tipPosition":[-51.9974,324.633,-107.061],"tipVelocity":[9.41224,32.7426,-78.6916],"tool":false,"touchDistance":-0.394657,"touchZone":"touching","type":1,"width":17.738},{"bases":[[[0.989118,-0.136433,-0.0550649],[0.145363,0.964003,0.222638],[0.0227077,-0.22822,0.973345]],[[0.989367,-0.140559,-0.0373599],[0.050074,0.570375,-0.819857],[0.136548,0.809269,0.571348]],[[0.989367,-0.140559,-0.0373599],[-0.109731,-0.552811,-0.82605],[0.095456,0.821367,-0.562356]],[[0.989367,-0.140559,-0.0373599],[-0.144339,-0.917386,-0.370903],[0.0178604,0.372352,-0.92792]]],"btipPosition":[-34.662,246.434,-29.8017],"carpPosition":[-24.3766,295.439,27.0715],"dipPosition":[-34.3542,252.851,-45.7924],"direction":[-0.095456,-0.821367,0.562356],"extended":false,"handId":193,"id":1932,"length":61.4471,"mcpPosition":[-25.8294,310.041,-35.2027],"pipPosition":[-31.865,274.27,-60.4571],"stabilizedTipPosition":[-38.829,244.637,-13.7539],"timeVisible":0.940037,"tipPosition":[-34.5524,248.101,-33.5306],"tipVelocity":[-0.304862,5.77478,-81.8175],"tool":false,"touchDistance":0.333333,"touchZone":"none","type":2,"width":17.4211},{"bases":[[[0.967887,-0.24081,0.0721453],[0.216309,0.944026,0.24905],[-0.128081,-0.225446,0.9658]],[[0.962443,-0.249043,0.10808],[0.222608,0.496054,-0.839271],[0.155401,0.83181,0.532862]],[[0.962443,-0.249043,0.10808],[-0.0643185,-0.595944,-0.800446],[0.263755,0.763432,-0.58958]],[[0.962443,-0.249043,0.10808],[-0.196049,-0.912958,-0.357872],[0.187798,0.323242,-0.927495]]],"btipPosition":[-22.113,248.814,-20.5364],"carpPosition":[-13.1851,294.878,25.9057],"dipPosition":[-18.8953,254.352,-36.428],"direction":[-0.263755,-0.763432,0.58958],"extended":false,"handId":193,"id":1933,"length":59.0831,"mcpPosition":[-5.82777,307.828,-29.5727],"pipPosition":[-12.195,273.746,-51.4055],"stabilizedTipPosition":[-24.3375,246.716,-6.44748],"timeVisible":0.940037,"tipPosition":[-21.3045,250.254,-24.3552],"tipVelocity":[-0.219128,4.32936,-83.7322],"tool":false,"touchDistance":0.333333,"touchZone":"none","type":3,"width":16.5772},{"bases":[[[0.897424,-0.417932,0.141293],[0.352047,0.871428,0.34158],[-0.265884,-0.256801,0.929171]],[[0.831024,-0.458924,0.314305],[0.507809,0.395344,-0.765397],[0.227001,0.79567,0.561586]],[[0.831024,-0.458924,0.314305],[-0.0268186,-0.597456,-0.801453],[0.55559,0.657597,-0.508808]],[[0.831024,-0.458924,0.314305],[-0.314181,-0.853559,-0.415605],[0.459009,0.246629,-0.853513]]],"btipPosition":[-12.7351,259.866,-19.5663],"carpPosition":[-2.29214,287.704,25.4343],"dipPosition":[-5.47968,263.764,-33.0575],"direction":[-0.55559,-0.657597,0.508808],"extended":false,"handId":193,"id":1934,"length":46.32,"mcpPosition":[11.8461,301.359,-23.9738],"pipPosition":[4.48542,275.559,-42.1835],"stabilizedTipPosition":[-13.371,255.991,-4.70249],"timeVisible":0.940037,"tipPosition":[-10.9092,260.901,-22.8757],"tipVelocity":[-2.69277,5.24596,-65.9409],"tool":false,"touchDistance":0.333333,"touchZone":"none","type":4,"width":14.7252}],"r":[[0.845541,0.218223,0.487278],[-0.259101,0.965699,0.0171216],[-0.466827,-0.140731,0.873079]],"s":1.02949,"t":[68.5314,145.695,-153.619],"timestamp":2677589376},false],[5,{"currentFrameRate":110.453,"devices":[],"gestures":[],"hands":[{"armBasis":[[0.950915,0.123093,-0.283916],[-0.00109163,0.918811,0.394696],[0.30945,-0.375013,0.873846]],"armWidth":58.4334,"confidence":0.722925,"direction":[0.00790921,0.370229,-0.928907],"elbow":[60.0483,190.366,248.307],"grabStrength":0,"id":193,"palmNormal":[0.000882553,-0.928938,-0.370234],"palmPosition":[-23.1661,297.887,-15.5765],"palmVelocity":[2.70076,8.12021,-66.6472],"palmWidth":83.4409,"pinchStrength":0.662222,"r":[[0.84486,0.2182,0.488467],[-0.258661,0.965837,0.0159418],[-0.468301,-0.139816,0.872437]],"s":1.03022,"sphereCenter":[-32.3427,272.676,-46.6735],"sphereRadius":42.6364,"stabilizedPalmPosition":[-23.4869,291.513,9.10944],"t":[68.5703,145.738,-154.064],"timeVisible":0.949148,"type":"right","wrist":[-16.5711,283.219,31.9432]}],"id":254624,"interactionBox":{"center":[0,200,0],"size":[235.247,235.247,147.751]},"pointables":[{"bases":[[[0.403139,0.902263,0.152975],[-0.80825,0.272644,0.521917],[0.429199,-0.334047,0.839167]],[[0.293976,0.954821,-0.0435322],[-0.863139,0.284761,0.417016],[0.410572,-0.0850181,0.907856]],[[0.293976,0.954821,-0.0435322],[-0.938505,0.279725,-0.202392],[-0.181071,0.100353,0.978337]],[[0.293976,0.954821,-0.0435322],[-0.846821,0.239062,-0.475125],[-0.443252,0.176539,0.878841]]],"btipPosition":[-46.3491,269.877,-60.0184],"carpPosition":[-42.7292,272.912,30.9907],"dipPosition":[-55.8621,273.666,-41.1569],"direction":[0.181071,-0.100353,-0.978337],"extended":false,"handId":193,"id":1930,"length":47.7925,"mcpPosition":[-42.7292,272.912,30.9907],"pipPosition":[-61.5236,276.804,-10.5674],"stabilizedTipPosition":[-49.3624,265.096,-36.9273],"timeVisible":0.949148,"tipPosition":[-48.1194,269.742,-55.7043],"tipVelocity":[4.50988,12.6575,-68.063],"tool":false,"touchDistance":-0.388209,"touchZone":"touching","type":0,"width":18.5699},{"bases":[[[0.9871,0.0600837,-0.1484],[-0.024622,0.972853,0.230108],[0.158197,-0.223486,0.961783]],[[0.995839,0.0440695,-0.0797606],[-0.0156752,0.945079,0.326467],[0.0897672,-0.323858,0.941837]],[[0.995839,0.0440695,-0.0797606],[-0.027911,0.980724,0.193393],[0.0867458,-0.190362,0.977874]],[[0.995839,0.0440695,-0.0797606],[-0.0376454,0.996057,0.0803275],[0.0829861,-0.0769906,0.993572]]],"btipPosition":[-52.704,326.449,-110.665],"carpPosition":[-35.2715,293.186,28.5711],"dipPosition":[-51.4038,325.243,-95.0975],"direction":[-0.0867459,0.190362,-0.977874],"extended":true,"handId":193,"id":1931,"length":53.9285,"mcpPosition":[-45.9444,308.264,-36.3164],"pipPosition":[-49.4811,321.023,-73.4229],"stabilizedTipPosition":[-51.9232,318.478,-86.1591],"timeVisible":0.949148,"tipPosition":[-51.9355,324.93,-107.344],"tipVelocity":[8.53111,32.187,-65.3826],"tool":false,"touchDistance":-0.387723,"touchZone":"touching","type":1,"width":17.738},{"bases":[[[0.989036,-0.137397,-0.0541344],[0.146093,0.963863,0.222767],[0.0215707,-0.228233,0.973368]],[[0.989265,-0.141535,-0.0363786],[0.0515273,0.570783,-0.819483],[0.13675,0.808811,0.571948]],[[0.989265,-0.141535,-0.0363786],[-0.109347,-0.551777,-0.826792],[0.0969472,0.821894,-0.56133]],[[0.989265,-0.141535,-0.0363786],[-0.144852,-0.916788,-0.37218],[0.019325,0.373454,-0.927447]]],"btipPosition":[-34.655,246.48,-30.183],"carpPosition":[-24.3693,295.497,26.7531],"dipPosition":[-34.322,252.916,-46.1656],"direction":[-0.0969472,-0.821894,0.56133],"extended":false,"handId":193,"id":1932,"length":61.4471,"mcpPosition":[-25.7493,310.099,-35.5226],"pipPosition":[-31.7939,274.349,-60.8035],"stabilizedTipPosition":[-38.8289,244.637,-13.7544],"timeVisible":0.949148,"tipPosition":[-34.5386,248.152,-33.8885],"tipVelocity":[0.170125,5.70113,-70.6717],"tool":false,"touchDistance":0.333333,"touchZone":"none","type":2,"width":17.4211},{"bases":[[[0.967584,-0.241752,0.0730567],[0.216995,0.943817,0.249245],[-0.129208,-0.225313,0.965681]],[[0.962157,-0.249901,0.10864],[0.223597,0.49617,-0.83894],[0.155748,0.831484,0.53327]],[[0.962157,-0.249901,0.10864],[-0.06423,-0.59544,-0.800828],[0.264816,0.763545,-0.588958]],[[0.962157,-0.249901,0.10864],[-0.196545,-0.912592,-0.358534],[0.188741,0.323613,-0.927174]]],"btipPosition":[-22.0978,248.857,-20.8755],"carpPosition":[-13.1772,294.924,25.5978],"dipPosition":[-18.8639,254.402,-36.7616],"direction":[-0.264816,-0.763545,0.588958],"extended":false,"handId":193,"id":1933,"length":59.0831,"mcpPosition":[-5.75516,307.867,-29.8737],"pipPosition":[-12.1366,273.799,-51.7233],"stabilizedTipPosition":[-24.3374,246.716,-6.44801],"timeVisible":0.949148,"tipPosition":[-21.2905,250.297,-24.6788],"tipVelocity":[0.419155,4.48356,-70.7886],"tool":false,"touchDistance":0.333333,"touchZone":"none","type":3,"width":16.5772},{"bases":[[[0.896883,-0.418805,0.142139],[0.352574,0.871087,0.341904],[-0.267007,-0.256533,0.928923]],[[0.830216,-0.459757,0.315223],[0.510153,0.398711,-0.762085],[0.224691,0.793507,0.565562]],[[0.830216,-0.459757,0.315223],[-0.0235053,-0.59385,-0.804232],[0.556947,0.660277,-0.50383]],[[0.830216,-0.459757,0.315223],[-0.31266,-0.852212,-0.419498],[0.461504,0.249716,-0.851267]]],"btipPosition":[-12.663,259.861,-20.1044],"carpPosition":[-2.29082,287.74,25.1367],"dipPosition":[-5.36809,263.808,-33.5601],"direction":[-0.556947,-0.660277,0.50383],"extended":false,"handId":193,"id":1934,"length":46.32,"mcpPosition":[11.9071,301.381,-24.2582],"pipPosition":[4.62134,275.651,-42.5969],"stabilizedTipPosition":[-13.371,255.991,-4.70296],"timeVisible":0.949148,"tipPosition":[-10.8591,260.914,-23.308],"tipVelocity":[0.527664,3.98051,-63.7833],"tool":false,"touchDistance":0.333333,"touchZone":"none","type":4,"width":14.7252}],"r":[[0.84486,0.2182,0.488467],[-0.258661,0.965837,0.0159418],[-0.468301,-0.139816,0.872437]],"s":1.03022,"t":[68.5703,145.738,-154.064],"timestamp":2677598487},false],[6,{"currentFrameRate":110.434,"devices":[],"gestures":[],"hands":[{"armBasis":[[0.951051,0.122623,-0.283663],[-0.000665665,0.918718,0.394914],[0.309032,-0.375395,0.873829]],"armWidth":58.4334,"confidence":0.707103,"direction":[0.00919561,0.368165,-0.929715],"elbow":[59.9353,190.349,248.081],"grabStrength":0,"id":193,"palmNormal":[0.000399859,-0.929756,-0.368177],"palmPosition":[-23.1138,297.865,-15.837],"palmVelocity":[3.54669,5.19713,-56.1272],"palmWidth":83.4409,"pinchStrength":0.662381,"r":[[0.844255,0.218243,0.489493],[-0.258132,0.966001,0.0145184],[-0.469682,-0.138611,0.871886]],"s":1.03061,"sphereCenter":[-32.4643,272.648,-46.8927],"sphereRadius":42.6568,"stabilizedPalmPosition":[-23.4869,291.513,9.10929],"t":[68.6159,145.749,-154.417],"timeVisible":0.958238,"type":"right","wrist":[-16.5807,283.296,31.7217]}],"id":254625,"interactionBox":{"center":[0,200,0],"size":[235.247,235.247,147.751]},"pointables":[{"bases":[[[0.403817,0.902227,0.15139],[-0.808527,0.274543,0.52049],[0.428037,-0.332585,0.84034]],[[0.294965,0.954436,-0.0452398],[-0.863186,0.286471,0.415746],[0.409763,-0.0835803,0.908355]],[[0.294965,0.954436,-0.0452398],[-0.938089,0.280264,-0.203572],[-0.181617,0.102486,0.978014]],[[0.294965,0.954436,-0.0452398],[-0.846016,0.238865,-0.476656],[-0.444132,0.17887,0.877925]]],"btipPosition":[-46.2942,269.794,-60.2368],"carpPosition":[-42.7473,273.011,30.7654],"dipPosition":[-55.8261,273.633,-41.3949],"direction":[0.181617,-0.102486,-0.978014],"extended":false,"handId":193,"id":1930,"length":47.7925,"mcpPosition":[-42.7473,273.011,30.7654],"pipPosition":[-61.5047,276.837,-10.8155],"stabilizedTipPosition":[-49.3622,265.097,-36.9313],"timeVisible":0.958238,"tipPosition":[-48.072,269.686,-55.9253],"tipVelocity":[4.80089,6.95951,-56.0064],"tool":false,"touchDistance":-0.381065,"touchZone":"touching","type":0,"width":18.5699},{"bases":[[[0.987306,0.0588445,-0.147528],[-0.0239563,0.973383,0.227931],[0.157013,-0.221503,0.962436]],[[0.995857,0.0432417,-0.0799965],[-0.0147816,0.944981,0.326792],[0.0897262,-0.324255,0.941705]],[[0.995857,0.0432417,-0.0799965],[-0.0271187,0.980898,0.192625],[0.0867979,-0.189658,0.978006]],[[0.995857,0.0432417,-0.0799965],[-0.0369506,0.996228,0.0785165],[0.08309,-0.0752353,0.993698]]],"btipPosition":[-52.6222,326.375,-110.971],"carpPosition":[-35.2684,293.273,28.3086],"dipPosition":[-51.3203,325.196,-95.4018],"direction":[-0.0867979,0.189658,-0.978006],"extended":true,"handId":193,"id":1931,"length":53.9285,"mcpPosition":[-45.8614,308.217,-36.6229],"pipPosition":[-49.3964,320.992,-73.7242],"stabilizedTipPosition":[-51.9235,318.483,-86.1741],"timeVisible":0.958238,"tipPosition":[-51.8488,324.887,-107.647],"tipVelocity":[8.67352,21.1964,-56.593],"tool":false,"touchDistance":-0.381871,"touchZone":"touching","type":1,"width":17.738},{"bases":[[[0.988963,-0.138428,-0.0528231],[0.146757,0.964218,0.220783],[0.0203704,-0.226098,0.973892]],[[0.98917,-0.142538,-0.035013],[0.0530011,0.569333,-0.820396],[0.136872,0.809656,0.570722]],[[0.98917,-0.142538,-0.035013],[-0.108886,-0.552674,-0.826253],[0.0984217,0.821117,-0.562209]],[[0.98917,-0.142538,-0.035013],[-0.145291,-0.917067,-0.371319],[0.0208178,0.372385,-0.927845]]],"btipPosition":[-34.6407,246.418,-30.3891],"carpPosition":[-24.3622,295.57,26.4965],"dipPosition":[-34.2819,252.835,-46.3785],"direction":[-0.0984217,-0.821117,0.562209],"extended":false,"handId":193,"id":1932,"length":61.4471,"mcpPosition":[-25.6655,310.035,-35.8126],"pipPosition":[-31.7154,274.247,-61.0393],"stabilizedTipPosition":[-38.8289,244.637,-13.7548],"timeVisible":0.958238,"tipPosition":[-34.5177,248.085,-34.0779],"tipVelocity":[0.73953,2.0863,-57.4284],"tool":false,"touchDistance":0.333333,"touchZone":"none","type":2,"width":17.4211},{"bases":[[[0.967285,-0.242482,0.0745766],[0.217614,0.944166,0.247378],[-0.130397,-0.223056,0.966045]],[[0.961841,-0.250514,0.110021],[0.224786,0.494253,-0.839753],[0.155992,0.83244,0.531705]],[[0.961841,-0.250514,0.110021],[-0.0640024,-0.596957,-0.799716],[0.266018,0.762158,-0.590211]],[[0.961841,-0.250514,0.110021],[-0.196999,-0.913125,-0.356924],[0.189878,0.32163,-0.927632]]],"btipPosition":[-22.0817,248.817,-21.0365],"carpPosition":[-13.1695,294.984,25.354],"dipPosition":[-18.8283,254.328,-36.9304],"direction":[-0.266018,-0.762158,0.590211],"extended":false,"handId":193,"id":1933,"length":59.0831,"mcpPosition":[-5.67909,307.797,-30.1385],"pipPosition":[-12.0705,273.69,-51.9239],"stabilizedTipPosition":[-24.3374,246.716,-6.44836],"timeVisible":0.958238,"tipPosition":[-21.272,250.248,-24.8357],"tipVelocity":[0.929682,1.79,-56.1449],"tool":false,"touchDistance":0.333333,"touchZone":"none","type":3,"width":16.5772},{"bases":[[[0.89635,-0.419317,0.143979],[0.353032,0.871516,0.340335],[-0.268188,-0.25423,0.929216]],[[0.828724,-0.460116,0.318606],[0.515138,0.404619,-0.75559],[0.218745,0.790302,0.572341]],[[0.828724,-0.460116,0.318606],[-0.0161348,-0.588693,-0.808196],[0.559425,0.664631,-0.495288]],[[0.828724,-0.460116,0.318606],[-0.309303,-0.850991,-0.424437],[0.466421,0.253196,-0.847551]]],"btipPosition":[-12.528,259.758,-20.7686],"carpPosition":[-2.28929,287.789,24.9198],"dipPosition":[-5.1554,263.76,-34.1656],"direction":[-0.559425,-0.664631,0.495288],"extended":false,"handId":193,"id":1934,"length":46.32,"mcpPosition":[11.9714,301.307,-24.4907],"pipPosition":[4.87849,275.681,-43.0491],"stabilizedTipPosition":[-13.3709,255.991,-4.7033]