{"sensorType":"Leap","data":[[0,{"currentFrameRate":110.24,"devices":[],"gestures":[],"hands":[{"armBasis":[[0.92724,0.122439,-0.353885],[0.0628995,0.880683,0.469511],[0.369147,-0.457609,0.808903]],"armWidth":58.4334,"confidence":0.619812,"direction":[0.0945754,0.505114,-0.857855],"elbow":[62.5501,177.888,230.217],"grabStrength":0,"id":201,"palmNormal":[-0.0584252,-0.857416,-0.511297],"palmPosition":[-31.3455,313.496,-14.9336],"palmVelocity":[12.9637,-17.0522,-104.644],"palmWidth":83.4409,"pinchStrength":0.572585,"r":[[0.807712,0.202581,0.553681],[-0.16647,0.979265,-0.115446],[-0.565587,0.00107531,0.824688]],"s":1.07451,"sphereCenter":[-39.1552,291.34,-50.2863],"sphereRadius":42.6669,"stabilizedPalmPosition":[-37.1804,300.597,12.9658],"t":[90.4808,159.95,-177.889],"timeVisible":0.605574,"type":"right","wrist":[-28.8504,291.192,29.9333]}],"id":258858,"interactionBox":{"center":[0,200,0],"size":[235.247,235.247,147.751]},"pointables":[{"bases":[[[0.470615,0.825833,0.310678],[-0.810587,0.265573,0.521939],[0.348527,-0.497464,0.794392]],[[0.36726,0.924745,0.0998358],[-0.851944,0.291376,0.435076],[0.373245,-0.24484,0.894842]],[[0.36726,0.924745,0.0998358],[-0.916373,0.378127,-0.131459],[-0.159317,-0.0432072,0.986282]],[[0.36726,0.924745,0.0998358],[-0.807684,0.370304,-0.458827],[-0.461267,0.0878729,0.882899]]],"btipPosition":[-57.9114,294.362,-64.5359],"carpPosition":[-55.7066,283.689,26.213],"dipPosition":[-67.811,296.248,-45.5872],"direction":[0.159317,0.0432072,-0.986282],"extended":false,"handId":201,"id":2010,"length":47.7925,"mcpPosition":[-55.7066,283.689,26.213],"pipPosition":[-72.7923,294.897,-14.7493],"stabilizedTipPosition":[-67.5012,289.115,-42.5294],"timeVisible":0.605574,"tipPosition":[-59.8624,293.572,-60.2235],"tipVelocity":[37.4587,-23.9238,-110.702],"tool":false,"touchDistance":-0.438026,"touchZone":"hovering","type":0,"width":18.5699},{"bases":[[[0.995573,-0.0122687,-0.0931887],[0.0468567,0.924248,0.378908],[0.0814807,-0.381597,0.920731]],[[0.997922,-0.0265154,-0.0587281],[0.0456414,0.934225,0.353752],[0.0454854,-0.355697,0.933494]],[[0.997922,-0.0265154,-0.0587281],[0.0389827,0.974133,0.222589],[0.0513069,-0.224416,0.973142]],[[0.997922,-0.0265154,-0.0587281],[0.0331605,0.992785,0.115235],[0.0552488,-0.116943,0.991601]]],"btipPosition":[-55.6727,349.857,-108.657],"carpPosition":[-46.3806,303.292,27.3448],"dipPosition":[-54.807,348.024,-93.1205],"direction":[-0.0513069,0.224416,-0.973142],"extended":true,"handId":201,"id":2011,"length":53.9285,"mcpPosition":[-51.8778,329.036,-34.773],"pipPosition":[-53.6698,343.05,-71.5508],"stabilizedTipPosition":[-63.3577,342.667,-78.1685],"timeVisible":0.605574,"tipPosition":[-54.9722,348.123,-105.378],"tipVelocity":[29.01,-36.1084,-123.87],"tool":false,"touchDistance":-0.456546,"touchZone":"hovering","type":1,"width":17.738},{"bases":[[[0.974755,-0.221092,-0.0311578],[0.216273,0.900265,0.37782],[-0.0554827,-0.375021,0.925354]],[[0.974478,-0.222887,-0.026721],[0.12729,0.646682,-0.752063],[0.184905,0.729468,0.658549]],[[0.974478,-0.222887,-0.026721],[-0.135221,-0.487802,-0.862418],[0.179187,0.84402,-0.505491]],[[0.974478,-0.222887,-0.026721],[-0.212563,-0.877897,-0.429085],[0.0721792,0.423814,-0.902869]]],"btipPosition":[-45.7706,267.241,-33.1738],"carpPosition":[-35.2307,304.804,26.3979],"dipPosition":[-44.5267,274.544,-48.7329],"direction":[-0.179187,-0.84402,0.505491],"extended":false,"handId":201,"id":2012,"length":61.4471,"mcpPosition":[-31.681,328.797,-32.8059],"pipPosition":[-39.854,296.554,-61.9146],"stabilizedTipPosition":[-57.8703,260.288,-11.7875],"timeVisible":0.605574,"tipPosition":[-45.4485,269.014,-36.3541],"tipVelocity":[43.2821,-40.0281,-75.9065],"tool":false,"touchDistance":0.333333,"touchZone":"none","type":2,"width":17.4211},{"bases":[[[0.93687,-0.341102,0.0769629],[0.283483,0.869755,0.403935],[-0.204722,-0.356617,0.911545]],[[0.93919,-0.336928,0.0663489],[0.265902,0.591271,-0.761377],[0.217299,0.73272,0.644905]],[[0.93919,-0.336928,0.0663489],[-0.121242,-0.506116,-0.853901],[0.321284,0.793931,-0.516188]],[[0.93919,-0.336928,0.0663489],[-0.277655,-0.858763,-0.43062],[0.202066,0.386011,-0.900091]]],"btipPosition":[-32.8503,267.031,-24.5858],"carpPosition":[-24.0829,303.35,25.6644],"dipPosition":[-29.3882,273.645,-40.0078],"direction":[-0.321284,-0.793931,0.516188],"extended":false,"handId":201,"id":2013,"length":59.0831,"mcpPosition":[-12.3231,323.836,-26.6974],"pipPosition":[-21.2264,293.814,-53.1209],"stabilizedTipPosition":[-39.6133,263.253,-13.497],"timeVisible":0.605574,"tipPosition":[-32.0003,268.649,-27.7402],"tipVelocity":[38.6329,-28.0716,-76.4499],"tool":false,"touchDistance":0.333333,"touchZone":"none","type":3,"width":16.5772},{"bases":[[[0.847075,-0.519072,0.11414],[0.406542,0.771167,0.489923],[-0.342327,-0.368599,0.864261]],[[0.774572,-0.5753,0.262809],[0.578235,0.47574,-0.662808],[0.256285,0.665358,0.701154]],[[0.774572,-0.5753,0.262809],[-0.057029,-0.477351,-0.87686],[0.629909,0.664204,-0.402551]],[[0.774572,-0.5753,0.262809],[-0.391584,-0.762498,-0.515032],[0.496689,0.296018,-0.815888]]],"btipPosition":[-23.1124,276.75,-24.0127],"carpPosition":[-13.8561,295.317,24.5625],"dipPosition":[-15.2614,281.429,-36.9092],"direction":[-0.629909,-0.664204,0.402551],"extended":false,"handId":201,"id":2014,"length":46.32,"mcpPosition":[4.3469,314.917,-21.3941],"pipPosition":[-3.96328,293.342,-44.1294],"stabilizedTipPosition":[-27.7305,272.158,-12.9171],"timeVisible":0.605574,"tipPosition":[-21.315,277.826,-26.4957],"tipVelocity":[32.6475,-21.0127,-78.7126],"tool":false,"touchDistance":0.333333,"touchZone":"none","type":4,"width":14.7252}],"r":[[0.807712,0.202581,0.553681],[-0.16647,0.979265,-0.115446],[-0.565587,0.00107531,0.824688]],"s":1.07451,"t":[90.4808,159.95,-177.889],"timestamp":2716518268},false],[1,{"currentFrameRate":110.336,"devices":[],"gestures":[],"hands":[{"armBasis":[[0.927865,0.122805,-0.352117],[0.0606517,0.881954,0.467416],[0.367952,-0.455056,0.810886]],"armWidth":58.4334,"confidence":0.625476,"direction":[0.095849,0.50118,-0.860019],"elbow":[62.3795,178.25,230.332],"grabStrength":0,"id":201,"palmNormal":[-0.0563168,-0.859882,-0.507377],"palmPosition":[-31.1488,313.012,-15.4198],"palmVelocity":[15.4516,-27.2203,-91.0595],"palmWidth":83.4409,"pinchStrength":0.566984,"r":[[0.804561,0.208119,0.556209],[-0.16969,0.9781,-0.120521],[-0.569111,0.00258362,0.822257]],"s":1.07685,"sphereCenter":[-39.2029,290.854,-50.6649],"sphereRadius":42.687,"stabilizedPalmPosition":[-37.1662,300.626,12.8989],"t":[90.6537,159.546,-178.624],"timeVisible":0.614468,"type":"right","wrist":[-28.7251,290.922,29.557]}],"id":258859,"interactionBox":{"center":[0,200,0],"size":[235.247,235.247,147.751]},"pointables":[{"bases":[[[0.468978,0.82784,0.307801],[-0.812026,0.267076,0.518926],[0.347381,-0.493307,0.79748]],[[0.367234,0.924883,0.0986459],[-0.852698,0.2924,0.432907],[0.371544,-0.243093,0.896025]],[[0.367234,0.924883,0.0986459],[-0.915995,0.378033,-0.134331],[-0.161532,-0.0410282,0.986014]],[[0.367234,0.924883,0.0986459],[-0.806559,0.369472,-0.461468],[-0.463251,0.0899031,0.881655]]],"btipPosition":[-57.5795,293.851,-64.9541],"carpPosition":[-55.5645,283.37,25.8139],"dipPosition":[-67.5217,295.781,-46.0321],"direction":[0.161532,0.0410282,-0.986014],"extended":false,"handId":201,"id":2010,"length":47.7925,"mcpPosition":[-55.5645,283.37,25.8139],"pipPosition":[-72.5723,294.498,-15.2026],"stabilizedTipPosition":[-67.4021,289.183,-42.764],"timeVisible":0.614468,"tipPosition":[-59.5625,293.076,-60.6499],"tipVelocity":[37.1192,-32.7174,-93.5791],"tool":false,"touchDistance":-0.428922,"touchZone":"hovering","type":0,"width":18.5699},{"bases":[[[0.995786,-0.011538,-0.0909742],[0.0449579,0.926076,0.374649],[0.0799263,-0.37716,0.922693]],[[0.997993,-0.0248956,-0.0582211],[0.0439558,0.934215,0.353992],[0.0455782,-0.35584,0.933435]],[[0.997993,-0.0248956,-0.0582211],[0.0372555,0.974339,0.221982],[0.0512007,-0.223705,0.973311]],[[0.997993,-0.0248956,-0.0582211],[0.0314072,0.993013,0.113748],[0.0549825,-0.115348,0.991802]]],"btipPosition":[-55.4481,349.219,-109.265],"carpPosition":[-46.2638,302.989,26.8735],"dipPosition":[-54.5866,347.412,-93.7256],"direction":[-0.0512007,0.223705,-0.973311],"extended":true,"handId":201,"id":2011,"length":53.9285,"mcpPosition":[-51.6561,328.434,-35.3767],"pipPosition":[-53.4518,342.454,-72.1521],"stabilizedTipPosition":[-63.3186,342.697,-78.3012],"timeVisible":0.614468,"tipPosition":[-54.7467,347.495,-105.985],"tipVelocity":[27.9594,-45.5912,-108.765],"tool":false,"touchDistance":-0.448337,"touchZone":"hovering","type":1,"width":17.738},{"bases":[[[0.975077,-0.220091,-0.0280052],[0.214404,0.902288,0.374042],[-0.0570544,-0.370724,0.926989]],[[0.974794,-0.221857,-0.0235819],[0.127807,0.641921,-0.756044],[0.182872,0.733973,0.654096]],[[0.974794,-0.221857,-0.0235819],[-0.133019,-0.493069,-0.859761],[0.179117,0.841226,-0.510152]],[[0.974794,-0.221857,-0.0235819],[-0.210636,-0.880308,-0.425076],[0.0735469,0.419329,-0.90485]]],"btipPosition":[-45.4847,266.623,-33.3801],"carpPosition":[-35.1136,304.509,25.9437],"dipPosition":[-44.2173,273.849,-48.9733],"direction":[-0.179117,-0.841226,0.510152],"extended":false,"handId":201,"id":2012,"length":61.4471,"mcpPosition":[-31.4633,328.228,-33.3647],"pipPosition":[-39.5465,295.786,-62.2766],"stabilizedTipPosition":[-57.4153,260.575,-12.6912],"timeVisible":0.614468,"tipPosition":[-45.1578,268.389,-36.6217],"tipVelocity":[40.4186,-48.5814,-61.8179],"tool":false,"touchDistance":0.333333,"touchZone":"none","type":2,"width":17.4211},{"bases":[[[0.937098,-0.339635,0.0805974],[0.281593,0.87198,0.400445],[-0.206284,-0.35256,0.912769]],[[0.939471,-0.335444,0.0698017],[0.266476,0.587281,-0.764259],[0.215372,0.736599,0.641121]],[[0.939471,-0.335444,0.0698017],[-0.118984,-0.510452,-0.851634],[0.321306,0.79178,-0.519468]],[[0.939471,-0.335444,0.0698017],[-0.275638,-0.860943,-0.427552],[0.203515,0.382432,-0.901292]]],"btipPosition":[-32.5866,266.471,-24.8205],"carpPosition":[-23.9625,303.066,25.2412],"dipPosition":[-29.0996,273.023,-40.2631],"direction":[-0.321306,-0.79178,0.519468],"extended":false,"handId":201,"id":2013,"length":59.0831,"mcpPosition":[-12.1129,323.318,-27.191],"pipPosition":[-20.9373,293.138,-53.4595],"stabilizedTipPosition":[-39.3207,263.429,-14.053],"timeVisible":0.614468,"tipPosition":[-31.7302,268.084,-28.0061],"tipVelocity":[36.3657,-38.0033,-62.9858],"tool":false,"touchDistance":0.333333,"touchZone":"none","type":3,"width":16.5772},{"bases":[[[0.847429,-0.517534,0.118418],[0.404579,0.773943,0.487163],[-0.343772,-0.364927,0.865245]],[[0.774701,-0.573128,0.267139],[0.579002,0.473149,-0.663993],[0.254156,0.66907,0.698391]],[[0.774701,-0.573128,0.267139],[-0.0544582,-0.481373,-0.874823],[0.629979,0.663178,-0.404131]],[[0.774701,-0.573128,0.267139],[-0.38932,-0.765222,-0.512704],[0.498266,0.29319,-0.815948]]],"btipPosition":[-22.8606,276.22,-24.3094],"carpPosition":[-13.724,295.039,24.1992],"dipPosition":[-14.9847,280.854,-37.2069],"direction":[-0.629979,-0.663178,0.404131],"extended":false,"handId":201,"id":2014,"length":46.32,"mcpPosition":[4.55586,314.444,-21.8097],"pipPosition":[-3.68531,292.749,-44.4554],"stabilizedTipPosition":[-27.5625,272.287,-13.2783],"timeVisible":0.614468,"tipPosition":[-21.0556,277.292,-26.8005],"tipVelocity":[31.644,-31.8171,-66.3908],"tool":false,"touchDistance":0.333333,"touchZone":"none","type":4,"width":14.7252}],"r":[[0.804561,0.208119,0.556209],[-0.16969,0.9781,-0.120521],[-0.569111,0.00258362,0.822257]],"s":1.07685,"t":[90.6537,159.546,-178.624],"timestamp":2716527162},false],[2,{"currentFrameRate":110.257,"devices":[],"gestures":[],"hands":[{"armBasis":[[0.92682,0.123003,-0.354789],[0.0606932,0.883335,0.464796],[0.370569,-0.452315,0.811227]],"armWidth":58.4334,"confidence":0.631246,"direction":[0.0981361,0.497243,-0.862043],"elbow":[63.1242,178.725,230.048],"grabStrength":0,"id":201,"palmNormal":[-0.0563806,-0.862055,-0.503668],"palmPosition":[-30.9374,312.611,-15.8902],"palmVelocity":[17.5526,-31.7845,-79.8652],"palmWidth":83.4409,"pinchStrength":0.559779,"r":[[0.80185,0.212847,0.55833],[-0.171959,0.977074,-0.125522],[-0.572247,0.00464009,0.820068]],"s":1.0792,"sphereCenter":[-39.2728,290.486,-51.0374],"sphereRadius":42.718,"stabilizedPalmPosition":[-37.1513,300.655,12.8298],"t":[90.8459,159.144,-179.227],"timeVisible":0.623677,"type":"right","wrist":[-28.6283,290.718,29.1888]}],"id":258860,"interactionBox":{"center":[0,200,0],"size":[235.247,235.247,147.751]},"pointables":[{"bases":[[[0.46939,0.828627,0.305043],[-0.812708,0.270361,0.51615],[0.345224,-0.490187,0.800336]],[[0.369474,0.924089,0.097717],[-0.852456,0.295207,0.431476],[0.369875,-0.242719,0.896817]],[[0.369474,0.924089,0.097717],[-0.914894,0.38016,-0.135823],[-0.16266,-0.0392178,0.985902]],[[0.369474,0.924089,0.097717],[-0.805842,0.370997,-0.461497],[-0.462717,0.0917668,0.881744]]],"btipPosition":[-57.3843,293.55,-65.3758],"carpPosition":[-55.4696,283.182,25.4269],"dipPosition":[-67.3151,295.519,-46.4519],"direction":[0.16266,0.0392178,-0.985902],"extended":false,"handId":201,"id":2010,"length":47.7925,"mcpPosition":[-55.4696,283.182,25.4269],"pipPosition":[-72.401,294.293,-15.6259],"stabilizedTipPosition":[-67.3045,289.244,-42.9945],"timeVisible":0.623677,"tipPosition":[-59.359,292.783,-61.0673],"tipVelocity":[32.7407,-32.45,-80.1881],"tool":false,"touchDistance":-0.420682,"touchZone":"hovering","type":0,"width":18.5699},{"bases":[[[0.995947,-0.0131508,-0.0889778],[0.0453611,0.927674,0.370627],[0.0776683,-0.373161,0.92451]],[[0.998003,-0.025755,-0.0576813],[0.0446095,0.933853,0.354863],[0.0447264,-0.356727,0.933137]],[[0.998003,-0.025755,-0.0576813],[0.0380053,0.974169,0.222597],[0.0504583,-0.224345,0.973203]],[[0.998003,-0.025755,-0.0576813],[0.0322114,0.992963,0.113959],[0.0543404,-0.11559,0.99181]]],"btipPosition":[-55.1188,348.808,-109.83],"carpPosition":[-46.1469,302.794,26.4176],"dipPosition":[-54.2674,346.997,-94.29],"direction":[-0.0504583,0.224345,-0.973203],"extended":true,"handId":201,"id":2011,"length":53.9285,"mcpPosition":[-51.3869,327.97,-35.9552],"pipPosition":[-53.149,342.024,-72.7189],"stabilizedTipPosition":[-63.2731,342.728,-78.4527],"timeVisible":0.623677,"tipPosition":[-54.4318,347.071,-106.552],"tipVelocity":[30.071,-45.3695,-95.476],"tool":false,"touchDistance":-0.440305,"touchZone":"hovering","type":1,"width":17.738},{"bases":[[[0.97486,-0.221397,-0.0251255],[0.214779,0.903677,0.370456],[-0.0593125,-0.366539,0.92851]],[[0.974567,-0.223136,-0.0207135],[0.129749,0.637211,-0.759689],[0.182713,0.73768,0.649957]],[[0.974567,-0.223136,-0.0207135],[-0.132158,-0.497632,-0.857261],[0.180978,0.838196,-0.514465]],[[0.974567,-0.223136,-0.0207135],[-0.21091,-0.882059,-0.421294],[0.0757353,0.414948,-0.906687]]],"btipPosition":[-45.299,266.133,-33.5913],"carpPosition":[-34.9931,304.297,25.5028],"dipPosition":[-43.9939,273.284,-49.2161],"direction":[-0.180978,-0.838196,0.514465],"extended":false,"handId":201,"id":2012,"length":61.4471,"mcpPosition":[-31.1983,327.748,-33.9029],"pipPosition":[-39.2745,295.142,-62.6319],"stabilizedTipPosition":[-56.8887,260.88,-13.7301],"timeVisible":0.623677,"tipPosition":[-44.9637,267.89,-36.886],"tipVelocity":[35.0122,-50.3907,-51.151],"tool":false,"touchDistance":0.333333,"touchZone":"none","type":2,"width":17.4211},{"bases":[[[0.936523,-0.340412,0.0839318],[0.281879,0.873405,0.397124],[-0.208492,-0.348257,0.913919]],[[0.938955,-0.336212,0.0729684],[0.268324,0.582907,-0.766956],[0.215326,0.739717,0.637537]],[[0.938955,-0.336212,0.0729684],[-0.118121,-0.514244,-0.849471],[0.323126,0.788996,-0.522566]],[[0.938955,-0.336212,0.0729684],[-0.275783,-0.862347,-0.42462],[0.205687,0.378576,-0.902426]]],"btipPosition":[-32.4213,266.004,-25.0542],"carpPosition":[-23.8425,302.837,24.8285],"dipPosition":[-28.8971,272.49,-40.5163],"direction":[-0.323126,-0.788996,0.522566],"extended":false,"handId":201,"id":2013,"length":59.0831,"mcpPosition":[-11.866,322.842,-27.6698],"pipPosition":[-20.6885,292.534,-53.7914],"stabilizedTipPosition":[-39.0063,263.595,-14.6466],"timeVisible":0.623677,"tipPosition":[-31.5554,267.61,-28.2686],"tipVelocity":[31.4704,-42.0286,-52.594],"tool":false,"touchDistance":0.333333,"touchZone":"none","type":3,"width":16.5772},{"bases":[[[0.846563,-0.518032,0.122366],[0.404577,0.775604,0.484516],[-0.345902,-0.360667,0.866182]],[[0.773581,-0.572822,0.271013],[0.580529,0.46912,-0.665517],[0.254085,0.672162,0.695442]],[[0.773581,-0.572822,0.271013],[-0.0535386,-0.485219,-0.872752],[0.631432,0.660635,-0.406024]],[[0.773581,-0.572822,0.271013],[-0.389104,-0.76692,-0.510326],[0.500171,0.289326,-0.816161]]],"btipPosition":[-22.689,275.754,-24.5834],"carpPosition":[-13.6118,294.793,23.8421],"dipPosition":[-14.7829,280.327,-37.4842],"direction":[-0.631432,-0.660635,0.406024],"extended":false,"handId":201,"id":2014,"length":46.32,"mcpPosition":[4.78135,313.971,-22.2166],"pipPosition":[-3.45749,292.176,-44.7667],"stabilizedTipPosition":[-27.383,272.409,-13.6611],"timeVisible":0.623677,"tipPosition":[-20.873,276.82,-27.0929],"tipVelocity":[28.2135,-37.5066,-56.156],"tool":false,"touchDistance":0.333333,"touchZone":"none","type":4,"width":14.7252}],"r":[[0.80185,0.212847,0.55833],[-0.171959,0.977074,-0.125522],[-0.572247,0.00464009,0.820068]],"s":1.0792,"t":[90.8459,159.144,-179.227],"timestamp":2716536371},false],[3,{"currentFrameRate":110.352,"devices":[],"gestures":[],"hands":[{"armBasis":[[0.927361,0.121446,-0.353911],[0.0600731,0.885264,0.461193],[0.369314,-0.448953,0.813664]],"armWidth":58.4334,"confidence":0.642193,"direction":[0.101846,0.49441,-0.863242],"elbow":[62.9355,179.336,229.825],"grabStrength":0,"id":201,"palmNormal":[-0.0554786,-0.863581,-0.501149],"palmPosition":[-30.6259,312.25,-16.7938],"palmVelocity":[22.3025,-34.1973,-85.7721],"palmWidth":83.4409,"pinchStrength":0.553146,"r":[[0.799302,0.21681,0.560455],[-0.173449,0.976189,-0.130268],[-0.575354,0.00691321,0.817875]],"s":1.08159,"sphereCenter":[-39.1136,290.161,-51.8919],"sphereRadius":42.7506,"stabilizedPalmPosition":[-37.136,300.682,12.7606],"t":[91.0977,158.762,-179.98],"timeVisible":0.632571,"type":"right","wrist":[-28.5064,290.496,28.3622]}],"id":258861,"interactionBox":{"center":[0,200,0],"size":[235.247,235.247,147.751]},"pointables":[{"bases":[[[0.469177,0.829075,0.304149],[-0.814299,0.272874,0.512305],[0.341745,-0.48803,0.803142]],[[0.371435,0.923203,0.0986541],[-0.853246,0.297519,0.428314],[0.36607,-0.243267,0.898228]],[[0.371435,0.923203,0.0986541],[-0.913633,0.382347,-0.138147],[-0.165258,-0.038821,0.985486]],[[0.371435,0.923203,0.0986541],[-0.80578,0.373319,-0.45973],[-0.461254,0.0912665,0.882562]]],"btipPosition":[-57.0326,293.369,-66.3463],"carpPosition":[-55.3419,282.978,24.5255],"dipPosition":[-66.932,295.328,-47.4049],"direction":[0.165258,0.038821,-0.985486],"extended":false,"handId":201,"id":2010,"length":47.7925,"mcpPosition":[-55.3419,282.978,24.5255],"pipPosition":[-72.0991,294.114,-16.5919],"stabilizedTipPosition":[-67.2169,289.294,-43.2025],"timeVisible":0.632571,"tipPosition":[-58.9891,292.595,-62.0163],"tipVelocity":[34.8107,-29.23,-87.9288],"tool":false,"touchDistance":-0.421444,"touchZone":"hovering","type":0,"width":18.5699},{"bases":[[[0.996252,-0.0145149,-0.0852756],[0.0450197,0.92879,0.367861],[0.0738637,-0.370322,0.925962]],[[0.998121,-0.0264981,-0.0552487],[0.0444941,0.93336,0.356174],[0.042129,-0.357963,0.932785]],[[0.998121,-0.0264981,-0.0552487],[0.03824,0.973897,0.223747],[0.0478777,-0.225439,0.97308]],[[0.998121,-0.0264981,-0.0552487],[0.0327126,0.99285,0.114799],[0.0518117,-0.11639,0.991851]]],"btipPosition":[-54.5175,348.49,-110.841],"carpPosition":[-46.0014,302.583,25.4886],"dipPosition":[-53.7057,346.667,-95.3004],"direction":[-0.0478777,0.225439,-0.97308],"extended":true,"handId":201,"id":2011,"length":53.9285,"mcpPosition":[-50.9847,327.567,-36.9822],"pipPosition":[-52.6445,341.67,-73.732],"stabilizedTipPosition":[-63.2226,342.758,-78.6155],"timeVisible":0.632571,"tipPosition":[-53.8503,346.751,-107.563],"tipVelocity":[39.9981,-42.8257,-100.418],"tool":false,"touchDistance":-0.43977,"touchZone":"hovering","type":1,"width":17.738},{"bases":[[[0.974702,-0.222535,-0.0208443],[0.21441,0.904609,0.368389],[-0.0631235,-0.363538,0.929438]],[[0.974391,-0.224258,-0.0164341],[0.133213,0.634594,-0.761278],[0.181151,0.739593,0.648217]],[[0.974391,-0.224258,-0.0164341],[-0.129552,-0.500154,-0.85619],[0.183788,0.836393,-0.516399]],[[0.974391,-0.224258,-0.0164341],[-0.21032,-0.883095,-0.419415],[0.0795441,0.41213,-0.907646]]],"btipPosition":[-44.9746,265.726,-34.3995],"carpPosition":[-34.8427,304.071,24.6101],"dipPosition":[-43.6038,272.828,-50.0409],"direction":[-0.183788,-0.836393,0.516399],"extended":false,"handId":201,"id":2012,"length":61.4471,"mcpPosition":[-30.8041,327.33,-34.855],"pipPosition":[-38.8112,294.639,-63.5071],"stabilizedTipPosition":[-56.3745,261.153,-14.7504],"timeVisible":0.632571,"tipPosition":[-44.6252,267.473,-37.7022],"tipVelocity":[35.8712,-49.4841,-62.066],"tool":false,"touchDistance":0.333333,"touchZone":"none","type":2,"width":17.4211},{"bases":[[[0.935834,-0.341163,0.0884463],[0.281379,0.874349,0.395399],[-0.212229,-0.345141,0.914241]],[[0.938383,-0.336875,0.0771506],[0.270842,0.57818,-0.769645],[0.214668,0.743117,0.633794]],[[0.938383,-0.336875,0.0771506],[-0.116192,-0.517772,-0.847592],[0.325479,0.786402,-0.52501]],[[0.938383,-0.336875,0.0771506],[-0.275116,-0.863266,-0.423183],[0.209161,0.375882,-0.902754]]],"btipPosition":[-32.1478,265.557,-25.6988],"carpPosition":[-23.6912,302.596,23.9813],"dipPosition":[-28.564,271.997,-41.1665],"direction":[-0.325479,-0.786402,0.52501],"extended":false,"handId":201,"id":2013,"length":59.0831,"mcpPosition":[-11.5002,322.422,-28.5354],"pipPosition":[-20.2957,291.975,-54.5037],"stabilizedTipPosition":[-38.6991,263.733,-15.2309],"timeVisible":0.632571,"tipPosition":[-31.2634,267.17,-28.976],"tipVelocity":[31.6946,-44.5875,-58.0376],"tool":false,"touchDistance":0.333333,"touchZone":"none","type":3,"width":16.5772},{"bases":[[[0.845538,-0.518563,0.12711],[0.403647,0.776691,0.483549],[-0.349476,-0.357552,0.866039]],[[0.772025,-0.572764,0.275534],[0.583233,0.466098,-0.665276],[0.25262,0.67431,0.693894]],[[0.772025,-0.572764,0.275534],[-0.0509306,-0.487862,-0.871434],[0.633548,0.658736,-0.405813]],[[0.772025,-0.572764,0.275534],[-0.387864,-0.767982,-0.509671],[0.503526,0.28661,-0.815056]]],"btipPosition":[-22.3965,275.341,-25.331],"carpPosition":[-13.4658,294.538,23.0579],"dipPosition":[-14.4374,279.871,-38.2143],"direction":[-0.633548,-0.658736,0.405813],"extended":false,"handId":201,"id":2014,"length":46.32,"mcpPosition":[5.11733,313.551,-22.9931],"pipPosition":[-3.074,291.686,-45.493],"stabilizedTipPosition":[-27.2076,272.511,-14.0376],"timeVisible":0.632571,"tipPosition":[-20.5658,276.404,-27.8496],"tipVelocity":[29.8565,-40.2399,-63.6184],"tool":false,"touchDistance":0.333333,"touchZone":"none","type":4,"width":14.7252}],"r":[[0.799302,0.21681,0.560455],[-0.173449,0.976189,-0.130268],[-0.575354,0.00691321,0.817875]],"s":1.08159,"t":[91.0977,158.762,-179.98],"timestamp":2716545265},false],[4,{"currentFrameRate":110.329,"devices":[],"gestures":[],"hands":[{"armBasis":[[0.927734,0.121074,-0.35306],[0.0589917,0.886472,0.459007],[0.368551,-0.446664,0.815268]],"armWidth":58.4334,"confidence":0.650975,"direction":[0.104505,0.49186,-0.86438],"elbow":[62.856,179.744,229.59],"grabStrength":0,"id":201,"palmNormal":[-0.0543003,-0.865021,-0.498789],"palmPosition":[-30.3786,311.96,-17.4948],"palmVelocity":[23.6479,-33.5411,-83.3392],"palmWidth":83.4409,"pinchStrength":0.551108,"r":[[0.796939,0.220261,0.562471],[-0.174489,0.975397,-0.134736],[-0.578309,0.00923199,0.815765]],"s":1.08372,"sphereCenter":[-39.0364,289.923,-52.5378],"sphereRadius":42.7725,"stabilizedPalmPosition":[-37.1195,300.71,12.6866],"t":[91.3473,158.426,-180.707],"timeVisible":0.641676,"type":"right","wrist":[-28.3969,290.337,27.7303]}],"id":258862,"interactionBox":{"center":[0,200,0],"size":[235.247,235.247,147.751]},"pointables":[{"bases":[[[0.468557,0.829813,0.303091],[-0.815694,0.274618,0.509145],[0.339261,-0.485793,0.805548]],[[0.372088,0.922979,0.0982889],[-0.854072,0.298982,0.425642],[0.363472,-0.242322,0.899538]],[[0.372088,0.922979,0.0982889],[-0.912846,0.383056,-0.141353],[-0.168116,-0.0371268,0.985068]],[[0.372088,0.922979,0.0982889],[-0.804021,0.373408,-0.462727],[-0.463789,0.0931489,0.881035]]],"btipPosition":[-56.6516,293.071,-67.0482],"carpPosition":[-55.2236,282.816,23.8378],"dipPosition":[-66.6054,295.07,-48.1395],"direction":[0.168116,0.0371268,-0.985068],"extended":false,"handId":201,"id":2010,"length":47.7925,"mcpPosition":[-55.2236,282.816,23.8378],"pipPosition":[-71.8619,293.909,-17.3396],"stabilizedTipPosition":[-67.1307,289.338,-43.4057],"timeVisible":0.641676,"tipPosition":[-58.6364,292.327,-62.7271],"tipVelocity":[36.3801,-29.9245,-85.1519],"tool":false,"touchDistance":-0.418274,"touchZone":"hovering","type":0,"width":18.5699},{"bases":[[[0.99649,-0.0150715,-0.0823446],[0.0442484,0.929845,0.365282],[0.0710624,-0.367644,0.927248]],[[0.998219,-0.02651,-0.0534368],[0.0439035,0.93296,0.357293],[0.0403825,-0.359003,0.932463]],[[0.998219,-0.02651,-0.0534368],[0.0378956,0.97365,0.224877],[0.0460672,-0.226502,0.972921]],[[0.998219,-0.02651,-0.0534368],[0.0325629,0.99274,0.11579],[0.0499792,-0.117323,0.991835]]],"btipPosition":[-54.0691,348.227,-111.629],"carpPosition":[-45.8797,302.421,24.7708],"dipPosition":[-53.2861,346.389,-96.0887],"direction":[-0.0460672,0.226502,-0.972921],"extended":true,"handId":201,"id":2011,"length":53.9285,"mcpPosition":[-50.674,327.224,-37.7867],"pipPosition":[-52.265,341.368,-74.5239],"stabilizedTipPosition":[-63.1645,342.789,-78.7988],"timeVisible":0.641676,"tipPosition":[-53.4204,346.489,-108.351],"tipVelocity":[42.3601,-39.0719,-96.5754],"tool":false,"touchDistance":-0.435949,"touchZone":"hovering","type":1,"width":17.738},{"bases":[[[0.974687,-0.222896,-0.0173701],[0.213629,0.905613,0.366371],[-0.0659322,-0.360808,0.930307]],[[0.974364,-0.224604,-0.0129609],[0.1356,0.63227,-0.762789],[0.17952,0.741476,0.646518]],[[0.974364,-0.224604,-0.0129609],[-0.127225,-0.502574,-0.855121],[0.18555,0.834848,-0.518266]],[[0.974364,-0.224604,-0.0129609],[-0.209374,-0.884197,-0.417562],[0.082326,0.409571,-0.908556]]],"btipPosition":[-44.692,265.384,-35.0054],"carpPosition":[-34.718,303.903,23.9203],"dipPosition":[-43.2733,272.442,-50.6625],"direction":[-0.18555,-0.834848,0.518266],"extended":false,"handId":201,"id":2012,"length":61.4471,"mcpPosition":[-30.4997,326.987,-35.6004],"pipPosition":[-38.4347,294.213,-64.1773],"stabilizedTipPosition":[-55.8641,261.402,-15.7644],"timeVisible":0.641676,"tipPosition":[-44.3324,267.123,-38.3153],"tipVelocity":[34.8663,-46.4661,-63.4181],"tool":false,"touchDistance":0.333333,"touchZone":"none","type":2,"width":17.4211},{"bases":[[[0.935465,-0.341193,0.0921527],[0.28051,0.875411,0.393663],[-0.214987,-0.342408,0.914624]],[[0.938116,-0.336825,0.0805493],[0.272393,0.57399,-0.772229],[0.213871,0.746381,0.630218]],[[0.938116,-0.336825,0.0805493],[-0.114476,-0.5211,-0.845784],[0.326855,0.784222,-0.52741]],[[0.938116,-0.336825,0.0805493],[-0.274113,-0.864302,-0.421715],[0.211663,0.373538,-0.903144]]],"btipPosition":[-31.9086,265.189,-26.1598],"carpPosition":[-23.5652,302.423,23.3281],"dipPosition":[-28.2819,271.589,-41.6342],"direction":[-0.326855,-0.784222,0.52741],"extended":false,"handId":201,"id":2013,"length":59.0831,"mcpPosition":[-11.2158,322.092,-29.2106],"pipPosition":[-19.9786,291.511,-55.0323],"stabilizedTipPosition":[-38.3837,263.854,-15.8301],"timeVisible":0.641676,"tipPosition":[-31.01,266.807,-29.4937],"tipVelocity":[30.492,-43.7184,-56.0307],"tool":false,"touchDistance":0.333333,"touchZone":"none","type":3,"width":16.5772},{"bases":[[[0.845002,-0.518452,0.131071],[0.402491,0.777972,0.482452],[-0.352098,-0.354918,0.86606]],[[0.771086,-0.572173,0.279363],[0.585141,0.463764,-0.665231],[0.251068,0.676418,0.692405]],[[0.771086,-0.572173,0.279363],[-0.0484387,-0.490187,-0.87027],[0.634885,0.657521,-0.405692]],[[0.771086,-0.572173,0.279363],[-0.386298,-0.769156,-0.50909],[0.506161,0.284635,-0.814115]]],"btipPosition":[-22.1463,275.006,-25.9009],"carpPosition":[-13.3398,294.359,22.4579],"dipPosition":[-14.1456,279.505,-38.7694],"direction":[-0.634885,-0.657521,0.405692],"extended":false,"handId":201,"id":2014,"length":46.32,"mcpPosition":[5.3828,313.232,-23.5943],"pipPosition":[-2.75823,291.299,-46.0459],"stabilizedTipPosition":[-27.029,272.602,-14.4212],"timeVisible":0.641676,"tipPosition":[-20.3036,276.069,-28.425],"tipVelocity":[29.4872,-39.4809,-63.2304],"tool":false,"touchDistance":0.333333,"touchZone":"none","type":4,"width":14.7252}],"r":[[0.796939,0.220261,0.562471],[-0.174489,0.975397,-0.134736],[-0.578309,0.00923199,0.815765]],"s":1.08372,"t":[91.3473,158.426,-180.707],"timestamp":2716554370},false],[5,{"currentFrameRate":110.408,"devices":[],"gestures":[],"hands":[{"armBasis":[[0.92856,0.121717,-0.350659],[0.0568025,0.886983,0.458295],[0.366811,-0.445473,0.816703]],"armWidth":58.4334,"confidence":0.659302,"direction":[0.105578,0.490554,-0.864991],"elbow":[62.5505,179.929,229.564],"grabStrength":0,"id":201,"palmNormal":[-0.0521364,-0.865926,-0.497447],"palmPosition":[-30.1916,311.771,-17.9159],"palmVelocity":[22.9201,-30.1631,-73.4991],"palmWidth":83.4409,"pinchStrength":0.548886,"r":[[0.794754,0.223428,0.564311],[-0.175515,0.974656,-0.138708],[-0.581,0.0111937,0.813826]],"s":1.08547,"sphereCenter":[-38.9454,289.772,-52.9343],"sphereRadius":42.7867,"stabilizedPalmPosition":[-37.1022,300.737,12.6103],"t":[91.5656,158.164,-181.281],"timeVisible":0.650593,"type":"right","wrist":[-28.2716,290.227,27.3493]}],"id":258863,"interactionBox":{"center":[0,200,0],"size":[235.247,235.247,147.751]},"pointables":[{"bases":[[[0.466832,0.83095,0.302639],[-0.817082,0.27437,0.507048],[0.338296,-0.483987,0.807039]],[[0.371063,0.923391,0.0982902],[-0.85513,0.298516,0.423841],[0.36203,-0.241322,0.900388]],[[0.371063,0.923391,0.0982902],[-0.913027,0.382095,-0.142775],[-0.169393,-0.0367632,0.984863]],[[0.371063,0.923391,0.0982902],[-0.803879,0.372404,-0.463782],[-0.464856,0.0930789,0.88048]]],"btipPosition":[-56.3794,292.862,-67.491],"carpPosition":[-55.0802,282.664,23.4156],"dipPosition":[-66.3561,294.86,-48.5942],"direction":[0.169393,0.0367632,-0.984863],"extended":false,"handId":201,"id":2010,"length":47.7925,"mcpPosition":[-55.0802,282.664,23.4156],"pipPosition":[-71.6525,293.71,-17.8007],"stabilizedTipPosition":[-67.0477,289.377,-43.5994],"timeVisible":0.650593,"tipPosition":[-58.368,292.14,-63.1689],"tipVelocity":[34.6242,-28.1512,-75.5647],"tool":false,"touchDistance":-0.411463,"touchZone":"hovering","type":0,"width":18.5699},{"bases":[[[0.996673,-0.0138663,-0.0803215],[0.0422654,0.930513,0.363812],[0.0696955,-0.365996,0.928003]],[[0.998312,-0.0248167,-0.0525045],[0.0420397,0.932563,0.358551],[0.0400657,-0.360154,0.932032]],[[0.998312,-0.0248167,-0.0525045],[0.0360803,0.973482,0.2259],[0.0455061,-0.227413,0.972734]],[[0.998312,-0.0248167,-0.0525045],[0.0308046,0.992713,0.116498],[0.0492308,-0.117919,0.991802]]],"btipPosition":[-53.8252,348.052,-112.094],"carpPosition":[-45.7646,302.282,24.3345],"dipPosition":[-53.0538,346.205,-96.5549],"direction":[-0.0455061,0.227413,-0.972735],"extended":true,"handId":201,"id":2011,"length":53.9285,"mcpPosition":[-50.4667,326.975,-38.274],"pipPosition":[-52.0452,341.164,-74.9941],"stabilizedTipPosition":[-63.1028,342.821,-78.9916],"timeVisible":0.650593,"tipPosition":[-53.1815,346.332,-108.814],"tipVelocity":[38.1909,-33.8383,-84.495],"tool":false,"touchDistance":-0.427673,"touchZone":"hovering","type":1,"width":17.738},{"bases":[[[0.975019,-0.221612,-0.0150429],[0.211676,0.906511,0.365281],[-0.067314,-0.35934,0.930776]],[[0.974689,-0.223313,-0.0106295],[0.136251,0.631043,-0.763689],[0.177249,0.742911,0.645497]],[[0.974689,-0.223313,-0.0106295],[-0.124807,-0.504064,-0.854601],[0.185485,0.834296,-0.519177]],[[0.974689,-0.223313,-0.0106295],[-0.207318,-0.885037,-0.416807],[0.083671,0.408461,-0.908933]]],"btipPosition":[-44.41,265.135,-35.3765],"carpPosition":[-34.6032,303.778,23.5039],"dipPosition":[-42.9681,272.174,-51.04],"direction":[-0.185485,-0.834296,0.519177],"extended":false,"handId":201,"id":2012,"length":61.4471,"mcpPosition":[-30.2965,326.768,-36.0468],"pipPosition":[-38.1311,293.931,-64.5786],"stabilizedTipPosition":[-55.3777,261.623,-16.7223],"timeVisible":0.650593,"tipPosition":[-44.0452,266.873,-38.6927],"tipVelocity":[34.1482,-41.545,-57.5229],"tool":false,"touchDistance":0.333333,"touchZone":"none","type":2,"width":17.4211},{"bases":[[[0.935736,-0.339778,0.0945991],[0.278542,0.876445,0.392758],[-0.216361,-0.341168,0.914763]],[[0.938447,-0.335353,0.0828015],[0.273192,0.573876,-0.772032],[0.211385,0.747131,0.630168]],[[0.938447,-0.335353,0.0828015],[-0.111649,-0.521329,-0.846021],[0.326882,0.784701,-0.526681]],[[0.938447,-0.335353,0.0828015],[-0.271759,-0.864758,-0.422303],[0.213224,0.373807,-0.902665]]],"btipPosition":[-31.6372,264.959,-26.5841],"carpPosition":[-23.4473,302.312,22.9366],"dipPosition":[-27.9839,271.364,-42.0502],"direction":[-0.326882,-0.784701,0.526681],"extended":false,"handId":201,"id":2013,"length":59.0831,"mcpPosition":[-11.0189,321.91,-29.6102],"pipPosition":[-19.6799,291.298,-55.4298],"stabilizedTipPosition":[-38.0793,263.957,-16.4043],"timeVisible":0.650593,"tipPosition":[-30.7375,266.581,-29.8958],"tipVelocity":[30.6624,-38.7975,-53.6699],"tool":false,"touchDistance":0.333333,"touchZone":"none","type":3,"width":16.5772},{"bases":[[[0.845433,-0.517093,0.133633],[0.400476,0.77932,0.481954],[-0.353358,-0.353943,0.865946]],[[0.771335,-0.570643,0.281795],[0.585577,0.462912,-0.665441],[0.249283,0.678291,0.691216]],[[0.771335,-0.570643,0.281795],[-0.0461413,-0.491752,-0.869512],[0.634754,0.657683,-0.405636]],[[0.771335,-0.570643,0.281795],[-0.384001,-0.770389,-0.508964],[0.507529,0.284372,-0.813355]]],"btipPosition":[-21.9102,274.796,-26.2269],"carpPosition":[-13.2093,294.261,22.1003],"dipPosition":[-13.8879,279.291,-39.0834],"direction":[-0.634754,-0.657683,0.405636],"extended":false,"handId":201,"id":2014,"length":46.32,"mcpPosition":[5.58028,313.081,-23.9458],"pipPosition":[-2.50287,291.087,-46.3589],"stabilizedTipPosition":[-26.8529,272.684,-14.7944],"timeVisible":0.650593,"tipPosition":[-20.0568,275.865,-28.7655],"tipVelocity":[28.819,-35.171,-55.8789],"tool":false,"touchDistance":0.333333,"touchZone":"none","type":4,"width":14.7252}],"r":[[0.794754,0.223428,0.564311],[-0.175515,0.974656,-0.138708],[-0.581,0.0111937,0.813826]],"s":1.08547,"t":[91.5656,158.164,-181.281],"timestamp":2716563287},false],[6,{"currentFrameRate":110.256,"devices":[],"gestures":[],"hands":[{"armBasis":[[0.928063,0.122635,-0.351654],[0.0552887,0.888398,0.455733],[0.368298,-0.442392,0.817708]],"armWidth":58.4334,"confidence":0.66626,"direction":[0.107946,0.488844,-0.865667],"elbow":[63.1223,180.284,229.156],"grabStrength":0,"id":201,"palmNormal":[-0.0504038,-0.866944,-0.49585],"palmPosition":[-29.8626,311.271,-18.622],"palmVelocity":[26.4066,-36.782,-74.0963],"palmWidth":83.4409,"pinchStrength":0.546293,"r":[[0.792652,0.226244,0.566142],[-0.176306,0.973983,-0.142381],[-0.583626,0.0130444,0.811918]],"s":1.08719,"sphereCenter":[-38.8047,289.369,-53.6019],"sphereRadius":42.8098,"stabilizedPalmPosition":[-37.0803,300.769,12.5158],"t":[91.8392,157.783,-181.921],"timeVisible":0.659932,"type":"right","wrist":[-28.0678,289.819,26.692]}],"id":258864,"interactionBox":{"center":[0,200,0],"size":[235.247,235.247,147.751]},"pointables":[{"bases":[[[0.465678,0.831712,0.302324],[-0.818648,0.275123,0.504105],[0.336094,-0.482248,0.808998]],[[0.370727,0.923557,0.0980015],[-0.856432,0.299133,0.420766],[0.359286,-0.239921,0.90186]],[[0.370727,0.923557,0.0980015],[-0.91269,0.381819,-0.145642],[-0.171927,-0.0354517,0.984472]],[[0.370727,0.923557,0.0980015],[-0.802851,0.371733,-0.466095],[-0.466896,0.0941134,0.87929]]],"btipPosition":[-55.9131,292.31,-68.2409],"carpPosition":[-54.8624,282.239,22.6952],"dipPosition":[-65.9336,294.33,-49.3697],"direction":[0.171927,0.0354517,-0.984472],"extended":false,"handId":201,"id":2010,"length":47.7925,"mcpPosition":[-54.8624,282.239,22.6952],"pipPosition":[-71.3092,293.222,-18.5884],"stabilizedTipPosition":[-66.9527,289.413,-43.8178],"timeVisible":0.659932,"tipPosition":[-57.9177,291.613,-63.919],"tipVelocity":[38.6566,-36.7673,-77.0852],"tool":false,"touchDistance":-0.409987,"touchZone":"hovering","type":0,"width":18.5699},{"bases":[[[0.996907,-0.0137007,-0.0773827],[0.0409023,0.931258,0.362056],[0.0671029,-0.364102,0.928939]],[[0.998408,-0.0240073,-0.0510421],[0.0408385,0.931853,0.36053],[0.0389084,-0.36204,0.93135]],[[0.998408,-0.0240073,-0.0510421],[0.0350632,0.972978,0.228219],[0.0441839,-0.229645,0.972271]],[[0.998408,-0.0240073,-0.0510421],[0.0299443,0.992451,0.118932],[0.0478015,-0.120271,0.99159]]],"btipPosition":[-53.3442,347.665,-112.85],"carpPosition":[-45.5559,301.863,23.6018],"dipPosition":[-52.5953,345.781,-97.3136],"direction":[-0.0441839,0.229645,-0.972271],"extended":true,"handId":201,"id":2011,"length":53.9285,"mcpPosition":[-50.083,326.427,-39.0698],"pipPosition":[-51.616,340.691,-75.7631],"stabilizedTipPosition":[-63.0276,342.854,-79.2208],"timeVisible":0.659932,"tipPosition":[-52.7067,345.936,-109.572],"tipVelocity":[41.804,-36.248,-83.4948],"tool":false,"touchDistance":-0.424581,"touchZone":"hovering","type":1,"width":17.738},{"bases":[[[0.97513,-0.221321,-0.0117486],[0.210316,0.907315,0.364069],[-0.0699163,-0.357485,0.931298]],[[0.974788,-0.223014,-0.00733191],[0.138045,0.628557,-0.765414],[0.175307,0.745104,0.643496]],[[0.974788,-0.223014,-0.00733191],[-0.122205,-0.506085,-0.853782],[0.186695,0.833152,-0.520579]],[[0.974788,-0.223014,-0.00733191],[-0.205762,-0.885698,-0.416174],[0.0863187,0.40719,-0.909255]]],"btipPosition":[-44.0242,264.554,-35.9824],"carpPosition":[-34.3926,303.36,22.8008],"dipPosition":[-42.5366,271.571,-51.6515],"direction":[-0.186695,-0.833152,0.520579],"extended":false,"handId":201,"id":2012,"length":61.4471,"mcpPosition":[-29.9194,326.232,-36.7833],"pipPosition":[-37.6682,293.297,-65.2267],"stabilizedTipPosition":[-54.8651,261.822,-17.7246],"timeVisible":0.659932,"tipPosition":[-43.6475,266.298,-39.3289],"tipVelocity":[36.4958,-47.5753,-59.6475],"tool":false,"touchDistance":0.333333,"touchZone":"none","type":2,"width":17.4211},{"bases":[[[0.935565,-0.339279,0.0980162],[0.277111,0.877326,0.391801],[-0.218922,-0.339394,0.914814]],[[0.938347,-0.334813,0.0860497],[0.274601,0.570703,-0.773881],[0.209997,0.749798,0.627458]],[[0.938347,-0.334813,0.0860497],[-0.109441,-0.523829,-0.844764],[0.327914,0.783265,-0.528175]],[[0.938347,-0.334813,0.0860497],[-0.270173,-0.865561,-0.421676],[0.215664,0.372431,-0.902654]]],"btipPosition":[-31.2886,264.392,-27.1058],"carpPosition":[-23.2346,301.897,22.269],"dipPosition":[-27.5934,270.774,-42.5717],"direction":[-0.327914,-0.783265,0.528175],"extended":false,"handId":201,"id":2013,"length":59.0831,"mcpPosition":[-10.6591,321.393,-30.2806],"pipPosition":[-19.2632,290.671,-55.9893],"stabilizedTipPosition":[-37.749,264.04,-17.0208],"timeVisible":0.659932,"tipPosition":[-30.3743,266.021,-30.4643],"tipVelocity":[32.8434,-45.1524,-54.2897],"tool":false,"touchDistance":0.333333,"touchZone":"none","type":3,"width":16.5772},{"bases":[[[0.845206,-0.516544,0.137144],[0.398815,0.780421,0.481549],[-0.355771,-0.352313,0.865623]],[[0.770707,-0.569813,0.285174],[0.587402,0.461929,-0.664515],[0.24692,0.679658,0.690721]],[[0.770707,-0.569813,0.285174],[-0.0424938,-0.492516,-0.869266],[0.635771,0.657831,-0.403799]],[[0.770707,-0.569813,0.285174],[-0.381238,-0.770968,-0.510163],[0.510557,0.284468,-0.811424]]],"btipPosition":[-21.5537,274.247,-26.8785],"carpPosition":[-12.9916,293.847,21.4789],"dipPosition":[-13.4835,278.744,-39.7045],"direction":[-0.635771,-0.657831,0.403799],"extended":false,"handId":201,"id":2014,"length":46.32,"mcpPosition":[5.92629,312.581,-24.55],"pipPosition":[-2.08022,290.543,-46.9471],"stabilizedTipPosition":[-26.658,272.755,-15.2039],