{"sensorType":"Leap","data":[[0,{"currentFrameRate":110.021,"devices":[],"gestures":[],"hands":[{"armBasis":[[0.914068,0.0836119,-0.396848],[0.122209,0.876249,0.466104],[0.38671,-0.474549,0.790733]],"armWidth":58.4334,"confidence":0.707516,"direction":[0.0365454,0.423785,-0.905025],"elbow":[68.8284,161.668,229.197],"grabStrength":0,"id":199,"palmNormal":[-0.124023,-0.896705,-0.424897],"palmPosition":[-32.5338,297.492,-12.9496],"palmVelocity":[9.03016,44.5478,-124.397],"palmWidth":83.4409,"pinchStrength":0.732397,"r":[[0.811924,0.226299,0.538116],[-0.325546,0.940681,0.0955985],[-0.484561,-0.2528,0.837432]],"s":1.08427,"sphereCenter":[-40.2059,271.141,-45.9277],"sphereRadius":42.4214,"stabilizedPalmPosition":[-36.5801,282.068,19.4972],"t":[63.7022,129.884,-136.707],"timeVisible":0.668826,"type":"right","wrist":[-26.9205,279.166,33.412]}],"id":258095,"interactionBox":{"center":[0,200,0],"size":[235.247,235.247,147.751]},"pointables":[{"bases":[[[0.51708,0.833317,0.195477],[-0.756836,0.338461,0.559145],[0.399784,-0.437067,0.805696]],[[0.360585,0.92973,-0.0747098],[-0.84761,0.360056,0.389766],[0.389277,-0.0772189,0.917878]],[[0.360585,0.92973,-0.0747098],[-0.929924,0.352142,-0.106002],[-0.0722444,0.107697,0.991555]],[[0.360585,0.92973,-0.0747098],[-0.89905,0.32512,-0.293267],[-0.248369,0.172915,0.953107]]],"btipPosition":[-64.4172,268.752,-60.914],"carpPosition":[-54.1869,272.295,32.5611],"dipPosition":[-69.7477,272.463,-40.4585],"direction":[0.0722444,-0.107697,-0.991555],"extended":false,"handId":199,"id":1990,"length":47.7925,"mcpPosition":[-54.1869,272.295,32.5611],"pipPosition":[-72.0065,275.83,-9.45576],"stabilizedTipPosition":[-76.6563,257.194,-24.4727],"timeVisible":0.668826,"tipPosition":[-65.5186,268.655,-56.3045],"tipVelocity":[46.295,20.8538,-118.16],"tool":false,"touchDistance":-0.454511,"touchZone":"touching","type":0,"width":18.5699},{"bases":[[[0.983665,-0.0548037,-0.171463],[0.103297,0.951939,0.288343],[0.14742,-0.301345,0.94205]],[[0.99073,-0.0727587,-0.114717],[0.0997764,0.962823,0.251032],[0.0921877,-0.260152,0.961157]],[[0.99073,-0.0727587,-0.114717],[0.0877357,0.987435,0.131436],[0.103713,-0.140282,0.984665]],[[0.99073,-0.0727587,-0.114717],[0.0772594,0.996387,0.0352819],[0.111736,-0.0438178,0.992771]]],"btipPosition":[-61.8977,325.964,-107.651],"carpPosition":[-44.2704,291.588,31.1529],"dipPosition":[-60.147,325.277,-92.096],"direction":[-0.103713,0.140282,-0.984665],"extended":true,"handId":199,"id":1991,"length":53.9285,"mcpPosition":[-54.2162,311.918,-32.4032],"pipPosition":[-57.8482,322.168,-70.2708],"stabilizedTipPosition":[-68.0873,316.141,-80.7082],"timeVisible":0.668826,"tipPosition":[-61.2872,324.149,-104.258],"tipVelocity":[26.7526,27.6444,-142.58],"tool":false,"touchDistance":-0.471435,"touchZone":"touching","type":1,"width":17.738},{"bases":[[[0.962419,-0.256487,-0.0892387],[0.271322,0.922122,0.275817],[0.0115456,-0.289664,0.957059]],[[0.962038,-0.251058,-0.107013],[0.080828,0.636629,-0.766923],[0.26067,0.72916,0.632754]],[[0.962038,-0.251058,-0.107013],[-0.208427,-0.422746,-0.881955],[0.176182,0.870779,-0.459025]],[[0.962038,-0.251058,-0.107013],[-0.270972,-0.832,-0.484098],[0.0325014,0.494718,-0.868446]]],"btipPosition":[-50.6161,247.694,-33.0861],"carpPosition":[-33.201,292.624,29.1789],"dipPosition":[-50.056,256.22,-48.0519],"direction":[-0.176182,-0.870779,0.459025],"extended":false,"handId":199,"id":1992,"length":61.4471,"mcpPosition":[-33.9397,311.157,-32.0534],"pipPosition":[-45.4616,278.927,-60.0219],"stabilizedTipPosition":[-64.9525,236.478,-2.43557],"timeVisible":0.668826,"tipPosition":[-50.4516,249.683,-36.816],"tipVelocity":[40.0705,19.0324,-98.5493],"tool":false,"touchDistance":0.333333,"touchZone":"none","type":2,"width":17.4211},{"bases":[[[0.930418,-0.365096,0.0320364],[0.339619,0.891737,0.299105],[-0.13777,-0.267412,0.953682]],[[0.927531,-0.370281,0.0507735],[0.263537,0.55163,-0.791361],[0.265018,0.747393,0.609237]],[[0.927531,-0.370281,0.0507735],[-0.139129,-0.468164,-0.87262],[0.346885,0.802318,-0.485754]],[[0.927531,-0.370281,0.0507735],[-0.302656,-0.823847,-0.479245],[0.219285,0.429147,-0.876212]]],"btipPosition":[-37.7103,247.732,-24.7055],"carpPosition":[-22.1964,290.728,27.6862],"dipPosition":[-33.9531,255.085,-39.7183],"direction":[-0.346885,-0.802318,0.485754],"extended":false,"handId":199,"id":1993,"length":59.0831,"mcpPosition":[-14.2825,306.089,-27.0962],"pipPosition":[-25.141,275.467,-52.0583],"stabilizedTipPosition":[-46.949,238.71,-5.0395],"timeVisible":0.668826,"tipPosition":[-36.7998,249.461,-28.7493],"tipVelocity":[37.234,31.6307,-93.6853],"tool":false,"touchDistance":0.333333,"touchZone":"none","type":3,"width":16.5772},{"bases":[[[0.839229,-0.535881,0.0923354],[0.466684,0.796944,0.383519],[-0.279107,-0.278769,0.918905]],[[0.800976,-0.564722,0.198813],[0.509059,0.467622,-0.722626],[0.315113,0.680014,0.66203]],[[0.800976,-0.564722,0.198813],[-0.0850001,-0.435979,-0.895934],[0.592632,0.700722,-0.39721]],[[0.800976,-0.564722,0.198813],[-0.385094,-0.740233,-0.551141],[0.45841,0.364889,-0.81038]]],"btipPosition":[-25.5705,256.718,-23.8952],"carpPosition":[-12.3187,282.281,26.4998],"dipPosition":[-18.3246,262.486,-36.7047],"direction":[-0.592632,-0.700722,0.39721],"extended":false,"handId":199,"id":1994,"length":46.32,"mcpPosition":[2.52264,297.104,-22.3624],"pipPosition":[-7.69508,275.054,-43.8291],"stabilizedTipPosition":[-31.2938,246.395,-5.25372],"timeVisible":0.668826,"tipPosition":[-23.4398,257.937,-26.9467],"tipVelocity":[28.668,41.598,-98.052],"tool":false,"touchDistance":0.333333,"touchZone":"none","type":4,"width":14.7252}],"r":[[0.811924,0.226299,0.538116],[-0.325546,0.940681,0.0955985],[-0.484561,-0.2528,0.837432]],"s":1.08427,"t":[63.7022,129.884,-136.707],"timestamp":2709504208},false],[1,{"currentFrameRate":109.885,"devices":[],"gestures":[],"hands":[{"armBasis":[[0.914889,0.0844472,-0.394774],[0.119906,0.876907,0.465464],[0.385487,-0.473184,0.792147]],"armWidth":58.4334,"confidence":0.712846,"direction":[0.0377409,0.416629,-0.908293],"elbow":[68.4719,162.815,228.465],"grabStrength":0,"id":199,"palmNormal":[-0.122074,-0.90021,-0.417994],"palmPosition":[-32.522,297.926,-14.186],"palmVelocity":[6.82836,45.0658,-126.645],"palmWidth":83.4409,"pinchStrength":0.729504,"r":[[0.809295,0.232137,0.539588],[-0.329155,0.940048,0.0892599],[-0.486517,-0.249846,0.837185]],"s":1.08567,"sphereCenter":[-40.3937,271.467,-46.9566],"sphereRadius":42.4213,"stabilizedPalmPosition":[-36.5721,282.099,19.4305],"t":[63.7318,130.32,-137.926],"timeVisible":0.678169,"type":"right","wrist":[-26.9743,279.975,32.3304]}],"id":258096,"interactionBox":{"center":[0,200,0],"size":[235.247,235.247,147.751]},"pointables":[{"bases":[[[0.51565,0.835505,0.189834],[-0.758333,0.341922,0.554996],[0.398794,-0.430141,0.809903]],[[0.361775,0.928996,-0.0780148],[-0.847199,0.362535,0.38836],[0.389067,-0.0744048,0.9182]],[[0.361775,0.928996,-0.0780148],[-0.929252,0.352617,-0.11024],[-0.0749031,0.112377,0.990838]],[[0.361775,0.928996,-0.0780148],[-0.895496,0.323017,-0.306183],[-0.259243,0.180631,0.948771]]],"btipPosition":[-64.1345,269.079,-61.8921],"carpPosition":[-54.2303,273.063,31.4823],"dipPosition":[-69.6983,272.956,-41.5297],"direction":[0.0749031,-0.112377,-0.990838],"extended":false,"handId":199,"id":1990,"length":47.7925,"mcpPosition":[-54.2303,273.063,31.4823],"pipPosition":[-72.0403,276.469,-10.5493],"stabilizedTipPosition":[-76.6156,257.241,-24.5912],"timeVisible":0.678169,"tipPosition":[-65.3317,268.993,-57.3113],"tipVelocity":[40.1223,26.0214,-114.991],"tool":false,"touchDistance":-0.452386,"touchZone":"touching","type":0,"width":18.5699},{"bases":[[[0.98406,-0.0549035,-0.169149],[0.10154,0.954331,0.280966],[0.145998,-0.293663,0.944694]],[[0.990944,-0.0720809,-0.113292],[0.0984876,0.963654,0.248337],[0.0912739,-0.257246,0.962026]],[[0.990944,-0.0720809,-0.113292],[0.0865482,0.987931,0.128459],[0.102665,-0.137101,0.985222]],[[0.990944,-0.0720809,-0.113292],[0.0761441,0.996585,0.0319506],[0.110602,-0.0402878,0.993048]]],"btipPosition":[-61.7899,325.974,-109.093],"carpPosition":[-44.3355,292.357,29.9397],"dipPosition":[-60.057,325.343,-93.5342],"direction":[-0.102665,0.137101,-0.985222],"extended":true,"handId":199,"id":1991,"length":53.9285,"mcpPosition":[-54.1854,312.169,-33.7948],"pipPosition":[-57.7814,322.304,-71.6967],"stabilizedTipPosition":[-68.0534,316.19,-80.8338],"timeVisible":0.678169,"tipPosition":[-61.184,324.197,-105.692],"tipVelocity":[22.3167,20.5052,-145.898],"tool":false,"touchDistance":-0.474248,"touchZone":"touching","type":1,"width":17.738},{"bases":[[[0.962912,-0.255954,-0.0853654],[0.269626,0.924631,0.268997],[0.0100806,-0.282037,0.95935]],[[0.962564,-0.250727,-0.102985],[0.0816203,0.630424,-0.771948],[0.258472,0.734644,0.627288]],[[0.962564,-0.250727,-0.102985],[-0.206043,-0.429964,-0.879021],[0.176114,0.867333,-0.465528]],[[0.962564,-0.250727,-0.102985],[-0.268936,-0.836032,-0.478251],[0.0338113,0.488044,-0.872164]]],"btipPosition":[-50.5087,247.936,-33.9578],"carpPosition":[-33.2637,293.392,27.9785],"dipPosition":[-49.926,256.346,-48.9877],"direction":[-0.176114,-0.867333,0.465528],"extended":false,"handId":199,"id":1992,"length":61.4471,"mcpPosition":[-33.9086,311.436,-33.4003],"pipPosition":[-45.3334,278.964,-61.1273],"stabilizedTipPosition":[-64.9066,236.52,-2.54563],"timeVisible":0.678169,"tipPosition":[-50.3371,249.9,-37.6995],"tipVelocity":[32.1297,20.169,-97.5088],"tool":false,"touchDistance":0.333333,"touchZone":"none","type":2,"width":17.4211},{"bases":[[[0.930817,-0.363638,0.0367077],[0.337917,0.894519,0.292656],[-0.139256,-0.260005,0.955513]],[[0.927938,-0.368616,0.0552487],[0.264295,0.546186,-0.794877],[0.262829,0.752199,0.60425]],[[0.927938,-0.368616,0.0552487],[-0.136603,-0.474236,-0.869735],[0.3468,0.799513,-0.490416]],[[0.927938,-0.368616,0.0552487],[-0.300446,-0.827436,-0.474428],[0.220597,0.423641,-0.878559]]],"btipPosition":[-37.613,248.045,-25.6119],"carpPosition":[-22.2539,291.498,26.5219],"dipPosition":[-33.8333,255.303,-40.665],"direction":[-0.3468,-0.799514,0.490416],"extended":false,"handId":199,"id":1993,"length":59.0831,"mcpPosition":[-14.2546,306.433,-28.3656],"pipPosition":[-25.0233,275.614,-53.1234],"stabilizedTipPosition":[-46.8878,238.776,-5.1835],"timeVisible":0.678169,"tipPosition":[-36.6981,249.754,-29.6246],"tipVelocity":[29.791,31.4932,-94.9105],"tool":false,"touchDistance":0.333333,"touchZone":"none","type":3,"width":16.5772},{"bases":[[[0.839729,-0.534055,0.0981881],[0.464939,0.800562,0.378062],[-0.280512,-0.271818,0.920558]],[[0.800417,-0.562587,0.206951],[0.51166,0.461327,-0.724832],[0.312309,0.686056,0.657107]],[[0.800417,-0.562587,0.206951],[-0.0811061,-0.443703,-0.892496],[0.593931,0.697584,-0.400777]],[[0.800417,-0.562587,0.206951],[-0.382379,-0.745063,-0.546506],[0.461648,0.358299,-0.811482]]],"btipPosition":[-25.5239,257.086,-24.8204],"carpPosition":[-12.3632,283.054,25.4215],"dipPosition":[-18.2267,262.75,-37.6473],"direction":[-0.593931,-0.697584,0.400777],"extended":false,"handId":199,"id":1994,"length":46.32,"mcpPosition":[2.55284,297.507,-23.5286],"pipPosition":[-7.57395,275.262,-44.8357],"stabilizedTipPosition":[-31.248,246.469,-5.3922],"timeVisible":0.678169,"tipPosition":[-23.3823,258.281,-27.8626],"tipVelocity":[22.315,40.2447,-98.4486],"tool":false,"touchDistance":0.333333,"touchZone":"none","type":4,"width":14.7252}],"r":[[0.809295,0.232137,0.539588],[-0.329155,0.940048,0.0892599],[-0.486517,-0.249846,0.837185]],"s":1.08567,"t":[63.7318,130.32,-137.926],"timestamp":2709513551},false],[2,{"currentFrameRate":109.932,"devices":[],"gestures":[],"hands":[{"armBasis":[[0.917551,0.0847078,-0.38849],[0.115714,0.877869,0.464712],[0.380408,-0.47135,0.795688]],"armWidth":58.4334,"confidence":0.698792,"direction":[0.0377703,0.417631,-0.907831],"elbow":[67.1468,163.892,228.03],"grabStrength":0,"id":199,"palmNormal":[-0.117788,-0.900286,-0.41906],"palmPosition":[-32.5747,298.57,-15.4913],"palmVelocity":[3.34363,52.3313,-131.647],"palmWidth":83.4409,"pinchStrength":0.726979,"r":[[0.80679,0.237338,0.541073],[-0.332792,0.93923,0.0842381],[-0.4882,-0.248028,0.836746]],"s":1.08685,"sphereCenter":[-40.5256,272.248,-48.2911],"sphereRadius":42.4222,"stabilizedPalmPosition":[-36.5651,282.128,19.3691],"t":[63.7202,130.861,-139.187],"timeVisible":0.687181,"type":"right","wrist":[-27.0418,280.598,31.0183]}],"id":258097,"interactionBox":{"center":[0,200,0],"size":[235.247,235.247,147.751]},"pointables":[{"bases":[[[0.51203,0.837335,0.19156],[-0.760677,0.33843,0.553927],[0.398993,-0.429342,0.810228]],[[0.360172,0.929979,-0.0735812],[-0.848089,0.35927,0.389449],[0.388615,-0.0778652,0.918104]],[[0.360172,0.929979,-0.0735812],[-0.92966,0.351255,-0.111143],[-0.0775154,0.108436,0.991077]],[[0.360172,0.929979,-0.0735812],[-0.893268,0.32106,-0.314631],[-0.268977,0.179049,0.946358]]],"btipPosition":[-63.8619,269.911,-63.2118],"carpPosition":[-54.269,273.58,30.1138],"dipPosition":[-69.6346,273.754,-42.9012],"direction":[0.0775154,-0.108436,-0.991077],"extended":false,"handId":199,"id":1990,"length":47.7925,"mcpPosition":[-54.269,273.58,30.1138],"pipPosition":[-72.0583,277.144,-11.9134],"stabilizedTipPosition":[-76.5779,257.285,-24.7032],"timeVisible":0.687181,"tipPosition":[-65.1403,269.802,-58.6534],"tipVelocity":[35.943,44.0127,-124],"tool":false,"touchDistance":-0.455455,"touchZone":"touching","type":0,"width":18.5699},{"bases":[[[0.984575,-0.0508963,-0.167399],[0.0972932,0.954455,0.282046],[0.14542,-0.293982,0.944684]],[[0.991352,-0.0678623,-0.112323],[0.0946358,0.96266,0.253635],[0.0909169,-0.262071,0.960756]],[[0.991352,-0.0678623,-0.112323],[0.082733,0.987587,0.133522],[0.101868,-0.14166,0.98466]],[[0.991352,-0.0678623,-0.112323],[0.0723786,0.996704,0.0366265],[0.109468,-0.0444395,0.992996]]],"btipPosition":[-61.8128,326.908,-110.362],"carpPosition":[-44.4469,292.913,28.6074],"dipPosition":[-60.0976,326.212,-94.8033],"direction":[-0.101868,0.14166,-0.98466],"extended":true,"handId":199,"id":1991,"length":53.9285,"mcpPosition":[-54.2578,312.747,-35.1264],"pipPosition":[-57.8397,323.072,-72.9782],"stabilizedTipPosition":[-68.0273,316.232,-80.9359],"timeVisible":0.687181,"tipPosition":[-61.2105,325.14,-106.968],"tipVelocity":[15.3594,42.909,-144.484],"tool":false,"touchDistance":-0.474184,"touchZone":"touching","type":1,"width":17.738},{"bases":[[[0.96406,-0.252107,-0.0838425],[0.265516,0.925424,0.270356],[0.0094311,-0.282901,0.959103]],[[0.963729,-0.246918,-0.101279],[0.0806831,0.63129,-0.771338],[0.254394,0.73519,0.628315]],[[0.963729,-0.246918,-0.101279],[-0.202609,-0.429898,-0.879851],[0.173711,0.868458,-0.464333]],[[0.963729,-0.246918,-0.101279],[-0.26474,-0.836504,-0.479764],[0.0337423,0.489175,-0.871532]]],"btipPosition":[-50.335,248.52,-35.3404],"carpPosition":[-33.3757,293.993,26.6675],"dipPosition":[-49.7535,256.95,-50.3594],"direction":[-0.173711,-0.868458,0.464333],"extended":false,"handId":199,"id":1992,"length":61.4471,"mcpPosition":[-33.979,312.093,-34.6955],"pipPosition":[-45.2236,279.597,-62.4679],"stabilizedTipPosition":[-64.8693,236.555,-2.63761],"timeVisible":0.687181,"tipPosition":[-50.1621,250.491,-39.0766],"tipVelocity":[28.5869,32.5748,-112.801],"tool":false,"touchDistance":0.333333,"touchZone":"none","type":2,"width":17.4211},{"bases":[[[0.932163,-0.360031,0.0380708],[0.33388,0.895557,0.294112],[-0.139984,-0.261449,0.955013]],[[0.929305,-0.364982,0.0563931],[0.263553,0.548436,-0.793573],[0.258712,0.752334,0.605857]],[[0.929305,-0.364982,0.0563931],[-0.132924,-0.473019,-0.870967],[0.344563,0.801898,-0.488094]],[[0.929305,-0.364982,0.0563931],[-0.296115,-0.827629,-0.476807],[0.220699,0.426401,-0.877197]]],"btipPosition":[-37.4495,248.66,-27.0239],"carpPosition":[-22.3559,292.144,25.2293],"dipPosition":[-33.6681,255.966,-42.0537],"direction":[-0.344563,-0.801898,0.488094],"extended":false,"handId":199,"id":1993,"length":59.0831,"mcpPosition":[-14.3148,307.162,-29.6295],"pipPosition":[-24.9149,276.337,-54.4531],"stabilizedTipPosition":[-46.8375,238.832,-5.30696],"timeVisible":0.687181,"tipPosition":[-36.5351,250.386,-30.9947],"tipVelocity":[26.6013,41.947,-111.727],"tool":false,"touchDistance":0.333333,"touchZone":"none","type":3,"width":16.5772},{"bases":[[[0.84163,-0.53086,0.0992247],[0.461113,0.802017,0.379663],[-0.281128,-0.273782,0.919788]],[[0.801386,-0.560111,0.209894],[0.512899,0.462929,-0.722933],[0.307757,0.687002,0.658265]],[[0.801386,-0.560111,0.209894],[-0.0762339,-0.443686,-0.892934],[0.593269,0.699584,-0.398264]],[[0.801386,-0.560111,0.209894],[-0.377832,-0.746058,-0.548307],[0.463706,0.360102,-0.809508]]],"btipPosition":[-25.4313,257.781,-26.1757],"carpPosition":[-12.4303,283.74,24.1391],"dipPosition":[-18.1016,263.473,-38.9714],"direction":[-0.593269,-0.699584,0.398264],"extended":false,"handId":199,"id":1994,"length":46.32,"mcpPosition":[2.51851,298.298,-24.7701],"pipPosition":[-7.46069,276.021,-46.1147],"stabilizedTipPosition":[-31.2093,246.534,-5.51448],"timeVisible":0.687181,"tipPosition":[-23.2833,258.983,-29.1995],"tipVelocity":[19.2339,50.5878,-112.508],"tool":false,"touchDistance":0.333333,"touchZone":"none","type":4,"width":14.7252}],"r":[[0.80679,0.237338,0.541073],[-0.332792,0.93923,0.0842381],[-0.4882,-0.248028,0.836746]],"s":1.08685,"t":[63.7202,130.861,-139.187],"timestamp":2709522563},false],[3,{"currentFrameRate":109.924,"devices":[],"gestures":[],"hands":[{"armBasis":[[0.917999,0.0859508,-0.387156],[0.113394,0.878588,0.463923],[0.380025,-0.469783,0.796797]],"armWidth":58.4334,"confidence":0.700571,"direction":[0.0373536,0.417855,-0.907746],"elbow":[67.0693,164.6,227.649],"grabStrength":0,"id":199,"palmNormal":[-0.115396,-0.900499,-0.419267],"palmPosition":[-32.5707,298.884,-16.1474],"palmVelocity":[2.53652,47.3594,-115.1],"palmWidth":83.4409,"pinchStrength":0.722394,"r":[[0.804588,0.241862,0.542348],[-0.336144,0.93839,0.0802006],[-0.489536,-0.246835,0.836317]],"s":1.08793,"sphereCenter":[-40.6467,272.661,-48.9402],"sphereRadius":42.4218,"stabilizedPalmPosition":[-36.5584,282.156,19.3098],"t":[63.7164,131.288,-140.146],"timeVisible":0.696292,"type":"right","wrist":[-27.0246,280.917,30.3631]}],"id":258098,"interactionBox":{"center":[0,200,0],"size":[235.247,235.247,147.751]},"pointables":[{"bases":[[[0.509928,0.838515,0.192006],[-0.761823,0.336548,0.553498],[0.399497,-0.428519,0.810415]],[[0.359509,0.930442,-0.0709233],[-0.848229,0.357528,0.390745],[0.388923,-0.0803173,0.917763]],[[0.359509,0.930442,-0.0709233],[-0.929762,0.350709,-0.112003],[-0.0793393,0.106208,0.991174]],[[0.359509,0.930442,-0.0709233],[-0.891761,0.320191,-0.31975],[-0.2748,0.1782,0.944844]]],"btipPosition":[-63.6595,270.367,-63.8401],"carpPosition":[-54.2346,273.835,29.4404],"dipPosition":[-69.5572,274.191,-43.562],"direction":[0.0793393,-0.106208,-0.991174],"extended":false,"handId":199,"id":1990,"length":47.7925,"mcpPosition":[-54.2346,273.835,29.4404],"pipPosition":[-72.0379,277.512,-12.5712],"stabilizedTipPosition":[-76.5394,257.332,-24.818],"timeVisible":0.696292,"tipPosition":[-64.9947,270.251,-59.2954],"tipVelocity":[31.2575,45.5485,-108.958],"tool":false,"touchDistance":-0.44778,"touchZone":"touching","type":0,"width":18.5699},{"bases":[[[0.984797,-0.0485432,-0.166787],[0.0948587,0.95464,0.282248],[0.14552,-0.293778,0.944732]],[[0.991514,-0.065284,-0.112422],[0.0924865,0.961955,0.257078],[0.091362,-0.265294,0.959829]],[[0.991514,-0.065284,-0.112422],[0.0805038,0.987342,0.136654],[0.102078,-0.144545,0.984219]],[[0.991514,-0.065284,-0.112422],[0.0700933,0.996763,0.0393671],[0.109488,-0.0469131,0.99288]]],"btipPosition":[-61.8524,327.403,-110.981],"carpPosition":[-44.4573,293.192,27.9431],"dipPosition":[-60.1369,326.668,-95.4246],"direction":[-0.102078,0.144545,-0.984219],"extended":true,"handId":199,"id":1991,"length":53.9285,"mcpPosition":[-54.2749,313.012,-35.794],"pipPosition":[-57.8744,323.464,-73.6093],"stabilizedTipPosition":[-68.0046,316.27,-81.0274],"timeVisible":0.696292,"tipPosition":[-61.2491,325.659,-107.591],"tipVelocity":[9.89251,45.801,-123.274],"tool":false,"touchDistance":-0.464397,"touchZone":"touching","type":1,"width":17.738},{"bases":[[[0.964706,-0.249814,-0.0832731],[0.263157,0.926008,0.27066],[0.0094968,-0.283022,0.959067]],[[0.96439,-0.244798,-0.100129],[0.079567,0.629577,-0.772853],[0.252232,0.737365,0.626635]],[[0.96439,-0.244798,-0.100129],[-0.200857,-0.431569,-0.879434],[0.172071,0.868229,-0.46537]],[[0.96439,-0.244798,-0.100129],[-0.26233,-0.837118,-0.480018],[0.0336872,0.489191,-0.871526]]],"btipPosition":[-50.2116,248.743,-35.8941],"carpPosition":[-33.3874,294.299,26.0103],"dipPosition":[-49.6311,257.173,-50.913],"direction":[-0.172071,-0.868229,0.46537],"extended":false,"handId":199,"id":1992,"length":61.4471,"mcpPosition":[-33.995,312.406,-35.3504],"pipPosition":[-45.144,279.814,-63.0486],"stabilizedTipPosition":[-64.837,236.586,-2.71776],"timeVisible":0.696292,"tipPosition":[-50.0376,250.734,-39.6609],"tipVelocity":[24.4056,30.3165,-98.3674],"tool":false,"touchDistance":0.333333,"touchZone":"none","type":2,"width":17.4211},{"bases":[[[0.932988,-0.357831,0.0386041],[0.331577,0.8963,0.294454],[-0.139966,-0.261922,0.954886]],[[0.930161,-0.362741,0.0567321],[0.262703,0.549609,-0.793043],[0.256489,0.752562,0.606518]],[[0.930161,-0.362741,0.0567321],[-0.131044,-0.47235,-0.871615],[0.342968,0.803308,-0.486897]],[[0.930161,-0.362741,0.0567321],[-0.293652,-0.82777,-0.478085],[0.220382,0.428036,-0.87648]]],"btipPosition":[-37.32,248.946,-27.737],"carpPosition":[-22.3624,292.476,24.5787],"dipPosition":[-33.544,256.28,-42.7545],"direction":[-0.342968,-0.803308,0.486897],"extended":false,"handId":199,"id":1993,"length":59.0831,"mcpPosition":[-14.3223,307.521,-30.2728],"pipPosition":[-24.8314,276.687,-55.1235],"stabilizedTipPosition":[-46.794,238.882,-5.41549],"timeVisible":0.696292,"tipPosition":[-36.4084,250.682,-31.6717],"tipVelocity":[23.1262,39.2019,-102.358],"tool":false,"touchDistance":0.333333,"touchZone":"none","type":3,"width":16.5772},{"bases":[[[0.842821,-0.528884,0.0996757],[0.458977,0.803048,0.380071],[-0.281058,-0.274583,0.919571]],[[0.801768,-0.558686,0.212219],[0.513746,0.462884,-0.722359],[0.305339,0.688192,0.658149]],[[0.801768,-0.558686,0.212219],[-0.0735495,-0.444641,-0.892684],[0.593092,0.700117,-0.39759]],[[0.801768,-0.558686,0.212219],[-0.375357,-0.747072,-0.548626],[0.465053,0.360213,-0.808686]]],"btipPosition":[-25.3606,258.129,-26.831],"carpPosition":[-12.4162,284.095,23.4935],"dipPosition":[-18.0097,263.823,-39.6137],"direction":[-0.593092,-0.700117,0.39759],"extended":false,"handId":199,"id":1994,"length":46.32,"mcpPosition":[2.52884,298.696,-25.4041],"pipPosition":[-7.37195,276.381,-46.7449],"stabilizedTipPosition":[-31.1746,246.593,-5.62595],"timeVisible":0.696292,"tipPosition":[-23.2078,259.331,-29.8515],"tipVelocity":[16.1975,47.1617,-101.158],"tool":false,"touchDistance":0.333333,"touchZone":"none","type":4,"width":14.7252}],"r":[[0.804588,0.241862,0.542348],[-0.336144,0.93839,0.0802006],[-0.489536,-0.246835,0.836317]],"s":1.08793,"t":[63.7164,131.288,-140.146],"timestamp":2709531674},false],[4,{"currentFrameRate":110.05,"devices":[],"gestures":[],"hands":[{"armBasis":[[0.920224,0.0906819,-0.380742],[0.105134,0.879766,0.463637],[0.377007,-0.466679,0.800048]],"armWidth":58.4334,"confidence":0.695708,"direction":[0.0379102,0.416896,-0.908163],"elbow":[66.1914,166.347,226.785],"grabStrength":0,"id":199,"palmNormal":[-0.107177,-0.901878,-0.418484],"palmPosition":[-32.6474,299.76,-17.8632],"palmVelocity":[-0.496615,61.3105,-136.373],"palmWidth":83.4409,"pinchStrength":0.721782,"r":[[0.802024,0.246796,0.54392],[-0.340242,0.937226,0.0764425],[-0.49091,-0.246373,0.835648]],"s":1.0888,"sphereCenter":[-40.6512,273.579,-50.6331],"sphereRadius":42.4134,"stabilizedPalmPosition":[-36.552,282.185,19.2493],"t":[63.6762,131.939,-141.484],"timeVisible":0.705155,"type":"right","wrist":[-27.1552,281.897,28.6934]}],"id":258099,"interactionBox":{"center":[0,200,0],"size":[235.247,235.247,147.751]},"pointables":[{"bases":[[[0.503048,0.842463,0.19287],[-0.76644,0.331735,0.550019],[0.399389,-0.424509,0.812576]],[[0.354038,0.932669,-0.0691785],[-0.851585,0.352067,0.388396],[0.386601,-0.0785957,0.918892]],[[0.354038,0.932669,-0.0691785],[-0.931322,0.344837,-0.117159],[-0.0854152,0.105906,0.990701]],[[0.354038,0.932669,-0.0691785],[-0.890114,0.313338,-0.330934],[-0.286975,0.17874,0.941115]]],"btipPosition":[-63.1763,271.066,-65.5645],"carpPosition":[-54.309,274.615,27.6729],"dipPosition":[-69.3354,274.902,-45.3664],"direction":[0.0854152,-0.105906,-0.990701],"extended":false,"handId":199,"id":1990,"length":47.7925,"mcpPosition":[-54.309,274.615,27.6729],"pipPosition":[-72.006,278.213,-14.3904],"stabilizedTipPosition":[-76.5012,257.379,-24.9335],"timeVisible":0.705155,"tipPosition":[-64.6129,270.973,-61.0493],"tipVelocity":[35.7231,54.6656,-132.721],"tool":false,"touchDistance":-0.457477,"touchZone":"touching","type":0,"width":18.5699},{"bases":[[[0.985778,-0.0415944,-0.162825],[0.0867897,0.955684,0.281311],[0.143908,-0.291441,0.945702]],[[0.992333,-0.0579915,-0.109142],[0.0847774,0.961967,0.259676],[0.0899318,-0.266937,0.959509]],[[0.992333,-0.0579915,-0.109142],[0.0729934,0.987612,0.138908],[0.0997342,-0.145809,0.984273]],[[0.992333,-0.0579915,-0.109142],[0.0628051,0.997175,0.0411924],[0.106445,-0.0477312,0.993172]]],"btipPosition":[-61.7973,328.2,-112.795],"carpPosition":[-44.6669,294.041,26.1877],"dipPosition":[-60.1295,327.452,-97.234],"direction":[-0.0997342,0.145809,-0.984273],"extended":true,"handId":199,"id":1991,"length":53.9285,"mcpPosition":[-54.3758,313.703,-37.6148],"pipPosition":[-57.9189,324.22,-75.4175],"stabilizedTipPosition":[-67.9845,316.306,-81.1134],"timeVisible":0.705155,"tipPosition":[-61.1969,326.478,-109.405],"tipVelocity":[8.56066,57.6612,-145.302],"tool":false,"touchDistance":-0.473484,"touchZone":"touching","type":1,"width":17.738},{"bases":[[[0.966821,-0.242894,-0.0791148],[0.255336,0.928263,0.270428],[0.00775405,-0.281656,0.959484]],[[0.966547,-0.23804,-0.0955193],[0.0781866,0.628128,-0.774172],[0.244282,0.740805,0.625727]],[[0.966547,-0.23804,-0.0955193],[-0.193971,-0.434714,-0.879431],[0.167816,0.868539,-0.466345]],[[0.966547,-0.23804,-0.0955193],[-0.254215,-0.83958,-0.480083],[0.0340828,0.488306,-0.872007]]],"btipPosition":[-49.855,249.437,-37.5601],"carpPosition":[-33.5978,295.225,24.2972],"dipPosition":[-49.2677,257.852,-52.5873],"direction":[-0.167816,-0.868539,0.466345],"extended":false,"handId":199,"id":1992,"length":61.4471,"mcpPosition":[-34.0939,313.246,-37.0902],"pipPosition":[-44.8915,280.501,-64.7482],"stabilizedTipPosition":[-64.8085,236.614,-2.79011],"timeVisible":0.705155,"tipPosition":[-49.677,251.434,-41.3369],"tipVelocity":[28.7435,43.2318,-122.71],"tool":false,"touchDistance":0.333333,"touchZone":"none","type":2,"width":17.4211},{"bases":[[[0.935407,-0.350975,0.0427841],[0.323876,0.899086,0.294533],[-0.14184,-0.261651,0.954683]],[[0.932573,-0.355836,0.060738],[0.26179,0.550823,-0.792502],[0.248545,0.754967,0.606837]],[[0.932573,-0.355836,0.060738],[-0.123962,-0.473708,-0.871914],[0.33903,0.805594,-0.485878]],[[0.932573,-0.355836,0.060738],[-0.285541,-0.830098,-0.478962],[0.22085,0.429323,-0.875732]]],"btipPosition":[-36.9867,249.757,-29.4442],"carpPosition":[-22.5542,293.481,22.9117],"dipPosition":[-33.2027,257.113,-44.4488],"direction":[-0.33903,-0.805594,0.485878],"extended":false,"handId":199,"id":1993,"length":59.0831,"mcpPosition":[-14.4065,308.511,-31.9282],"pipPosition":[-24.5901,277.578,-56.7919],"stabilizedTipPosition":[-46.7553,238.927,-5.51487],"timeVisible":0.705155,"tipPosition":[-36.0734,251.502,-33.3466],"tipVelocity":[27.1071,53.5325,-126.73],"tool":false,"touchDistance":0.333333,"touchZone":"none","type":3,"width":16.5772},{"bases":[[[0.846245,-0.522598,0.103733],[0.451611,0.806879,0.380781],[-0.282696,-0.275387,0.918828]],[[0.803902,-0.55312,0.21863],[0.514962,0.463387,-0.72117],[0.297583,0.692337,0.657354]],[[0.803902,-0.55312,0.21863],[-0.0658531,-0.448111,-0.891549],[0.591105,0.702321,-0.396662]],[[0.803902,-0.55312,0.21863],[-0.367564,-0.751023,-0.548508],[0.467588,0.360586,-0.807056]]],"btipPosition":[-25.1534,259.069,-28.4243],"carpPosition":[-12.5432,285.171,21.8774],"dipPosition":[-17.7624,264.768,-41.1812],"direction":[-0.591105,-0.702321,0.396662],"extended":false,"handId":199,"id":1994,"length":46.32,"mcpPosition":[2.489,299.815,-26.9807],"pipPosition":[-7.16032,277.365,-48.2958],"stabilizedTipPosition":[-31.1425,246.65,-5.73302],"timeVisible":0.705155,"tipPosition":[-22.9889,260.273,-31.4496],"tipVelocity":[18.4256,63.1451,-122.282],"tool":false,"touchDistance":0.333333,"touchZone":"none","type":4,"width":14.7252}],"r":[[0.802024,0.246796,0.54392],[-0.340242,0.937226,0.0764425],[-0.49091,-0.246373,0.835648]],"s":1.0888,"t":[63.6762,131.939,-141.484],"timestamp":2709540537},false],[5,{"currentFrameRate":110.034,"devices":[],"gestures":[],"hands":[{"armBasis":[[0.920924,0.0969415,-0.377493],[0.0993286,0.87821,0.467847],[0.376872,-0.468348,0.799136]],"armWidth":58.4334,"confidence":0.70202,"direction":[0.0385271,0.412212,-0.910273],"elbow":[66.1385,166.475,225.844],"grabStrength":0,"id":199,"palmNormal":[-0.101825,-0.904588,-0.413948],"palmPosition":[-32.6189,300.026,-18.6883],"palmVelocity":[0.509751,52.3905,-123.644],"palmWidth":83.4409,"pinchStrength":0.722,"r":[[0.799418,0.252063,0.54534],[-0.344417,0.936034,0.0722368],[-0.492248,-0.245572,0.835096]],"s":1.0895,"sphereCenter":[-40.714,273.795,-51.3171],"sphereRadius":42.4066,"stabilizedPalmPosition":[-36.5457,282.213,19.1885],"t":[63.6703,132.398,-142.565],"timeVisible":0.714271,"type":"right","wrist":[-27.1746,282.437,27.9783]}],"id":258100,"interactionBox":{"center":[0,200,0],"size":[235.247,235.247,147.751]},"pointables":[{"bases":[[[0.498599,0.845809,0.189756],[-0.769508,0.331103,0.546103],[0.399069,-0.418305,0.815944]],[[0.351276,0.933572,-0.0710453],[-0.85322,0.350438,0.386276],[0.385513,-0.0750723,0.919643]],[[0.351276,0.933572,-0.0710453],[-0.9319,0.341304,-0.122778],[-0.0903744,0.109336,0.989888]],[[0.351276,0.933572,-0.0710453],[-0.886394,0.307168,-0.346343],[-0.301514,0.184636,0.935414]]],"btipPosition":[-62.642,271.08,-66.2028],"carpPosition":[-54.2915,275.025,26.9213],"dipPosition":[-69.113,275.042,-46.127],"direction":[0.0903744,-0.109336,-0.989888],"extended":false,"handId":199,"id":1990,"length":47.7925,"mcpPosition":[-54.2915,275.025,26.9213],"pipPosition":[-71.9388,278.461,-15.1764],"stabilizedTipPosition":[-76.4613,257.426,-25.0517],"timeVisible":0.714271,"tipPosition":[-64.2123,271.034,-61.7306],"tipVelocity":[39.8928,40.8044,-116.171],"tool":false,"touchDistance":-0.450058,"touchZone":"touching","type":0,"width":18.5699},{"bases":[[[0.986413,-0.0378833,-0.159858],[0.081574,0.957565,0.276432],[0.142602,-0.285716,0.947645]],[[0.992804,-0.0536725,-0.10705],[0.0799219,0.962688,0.258542],[0.0891793,-0.265237,0.96005]],[[0.992804,-0.0536725,-0.10705],[0.0682281,0.988175,0.137313],[0.0984143,-0.143629,0.984726]],[[0.992804,-0.0536725,-0.10705],[0.0581458,0.997542,0.0391117],[0.104688,-0.0450548,0.993484]]],"btipPosition":[-61.6912,328.102,-113.791],"carpPosition":[-44.7353,294.486,25.3589],"dipPosition":[-60.0509,327.396,-98.2252],"direction":[-0.0984143,0.143629,-0.984726],"extended":true,"handId":199,"id":1991,"length":53.9285,"mcpPosition":[-54.3561,313.762,-38.5747],"pipPosition":[-57.8696,324.212,-76.3987],"stabilizedTipPosition":[-67.9677,316.335,-81.1866],"timeVisible":0.714271,"tipPosition":[-61.0884,326.412,-110.397],"tipVelocity":[9.22305,38.9645,-135.266],"tool":false,"touchDistance":-0.469394,"touchZone":"touching","type":1,"width":17.738},{"bases":[[[0.968154,-0.238819,-0.0751249],[0.250275,0.93087,0.266165],[0.00636624,-0.27649,0.960996]],[[0.967913,-0.23417,-0.0911589],[0.0775756,0.6235,-0.777965],[0.239013,0.74593,0.62166]],[[0.967913,-0.23417,-0.0911589],[-0.189269,-0.44074,-0.877454],[0.165296,0.866552,-0.470918]],[[0.967913,-0.23417,-0.0911589],[-0.24888,-0.843244,-0.476444],[0.0346996,0.483844,-0.874466]]],"btipPosition":[-49.547,249.496,-38.1196],"carpPosition":[-33.6666,295.712,23.4929],"dipPosition":[-48.949,257.834,-53.1892],"direction":[-0.165296,-0.866552,0.470918],"extended":false,"handId":199,"id":1992,"length":61.4471,"mcpPosition":[-34.0739,313.402,-37.9912],"pipPosition":[-44.6386,280.431,-65.4694],"stabilizedTipPosition":[-64.782,236.64,-2.8569],"timeVisible":0.714271,"tipPosition":[-49.3647,251.48,-41.9127],"tipVelocity":[30.2179,32.4717,-105.983],"tool":false,"touchDistance":0.333333,"touchZone":"none","type":2,"width":17.4211},{"bases":[[[0.936898,-0.346393,0.0472629],[0.318881,0.90214,0.290616],[-0.143305,-0.257206,0.955672]],[[0.934062,-0.35113,0.0650802],[0.261019,0.546918,-0.795456],[0.243715,0.759993,0.602507]],[[0.934062,-0.35113,0.0650802],[-0.119681,-0.479498,-0.869343],[0.336458,0.804232,-0.489905]],[[0.934062,-0.35113,0.0650802],[-0.280416,-0.83402,-0.475161],[0.221121,0.42558,-0.877489]]],"btipPosition":[-36.7009,249.925,-29.9553],"carpPosition":[-22.6112,294.011,22.1475],"dipPosition":[-32.9122,257.217,-44.9901],"direction":[-0.336458,-0.804232,0.489905],"extended":false,"handId":199,"id":1993,"length":59.0831,"mcpPosition":[-14.3793,308.786,-32.7492],"pipPosition":[-24.365,277.647,-57.4355],"stabilizedTipPosition":[-46.719,238.969,-5.60769],"timeVisible":0.714271,"tipPosition":[-35.7839,251.658,-33.8715],"tipVelocity":[28.3174,43.3451,-107.328],"tool":false,"touchDistance":0.333333,"touchZone":"none","type":3,"width":16.5772},{"bases":[[[0.848362,-0.5181,0.108882],[0.4468,0.81099,0.377711],[-0.283994,-0.271788,0.919499]],[[0.804933,-0.548678,0.22591],[0.516433,0.460322,-0.722081],[0.292199,0.697894,0.653884]],[[0.804933,-0.548678,0.22591],[-0.0601471,-0.454213,-0.888861],[0.590309,0.701885,-0.398612]],[[0.804933,-0.548678,0.22591],[-0.362146,-0.755864,-0.545454],[0.470036,0.357242,-0.807121]]],"btipPosition":[-24.9499,259.33,-29.0034],"carpPosition":[-12.5589,285.743,21.1855],"dipPosition":[-17.5202,264.977,-41.7613],"direction":[-0.590309,-0.701885,0.398612],"extended":false,"handId":199,"id":1994,"length":46.32,"mcpPosition":[2.54233,300.195,-27.7083],"pipPosition":[-6.93239,277.566,-48.9108],"stabilizedTipPosition":[-31.1112,246.706,-5.83696],"timeVisible":0.714271,"tipPosition":[-22.7753,260.523,-32.0285],"tipVelocity":[19.7784,53.194,-105.978],"tool":false,"touchDistance":0.333333,"touchZone":"none","type":4,"width":14.7252}],"r":[[0.799418,0.252063,0.54534],[-0.344417,0.936034,0.0722368],[-0.492248,-0.245572,0.835096]],"s":1.0895,"t":[63.6703,132.398,-142.565],"timestamp":2709549653},false],[6,{"currentFrameRate":110.198,"devices":[],"gestures":[],"hands":[{"armBasis":[[0.921188,0.0994495,-0.376194],[0.0966394,0.878027,0.468754],[0.376926,-0.468166,0.799217]],"armWidth":58.4334,"confidence":0.707118,"direction":[0.0384604,0.408968,-0.911738],"elbow":[66.1699,166.868,225.45],"grabStrength":0,"id":199,"palmNormal":[-0.0993304,-0.906329,-0.410732],"palmPosition":[-32.5961,300.19,-19.1717],"palmVelocity":[1.07223,43.3409,-105.186],"palmWidth":83.4409,"pinchStrength":0.716756,"r":[[0.797088,0.257041,0.546425],[-0.34819,0.934946,0.0681143],[-0.49337,-0.244553,0.834734]],"s":1.09057,"sphereCenter":[-40.8695,273.965,-51.6948],"sphereRadius":42.4226,"stabilizedPalmPosition":[-36.54,282.239,19.1327],"t":[63.6788,132.71,-143.347],"timeVisible":0.723056,"type":"right","wrist":[-27.1566,282.785,27.5642]}],"id":258101,"interactionBox":{"center":[0,200,0],"size":[235.247,235.247,147.751]},"pointables":[{"bases":[[[0.496457,0.847649,0.18714],[-0.770803,0.331315,0.544144],[0.399241,-0.414392,0.817854]],[[0.351308,0.93358,-0.0707906],[-0.853111,0.350342,0.386602],[0.385725,-0.0754241,0.919526]],[[0.351308,0.93358,-0.0707906],[-0.931876,0.341353,-0.122822],[-0.0904999,0.109116,0.989901]],[[0.351308,0.93358,-0.0707906],[-0.883697,0.305658,-0.354475],[-0.309293,0.187087,0.932382]]],"btipPosition":[-62.4445,271.332,-66.5459],"carpPosition":[-54.2552,275.306,26.5081],"dipPosition":[-69.0825,275.347,-46.5352],"direction":[0.0904999,-0.109116,-0.989901],"extended":false,"handId":199,"id":1990,"length":47.7925,"mcpPosition":[-54.2552,275.306,26.5081],"pipPosition":[-71.9122,278.759,-15.5842],"stabilizedTipPosition":[-76.4219,257.473,-25.1682],"timeVisible":0.723056,"tipPosition":[-64.0518,271.263,-62.0885],"tipVelocity":[34.0328,37.9139,-95.8859],"tool":false,"touchDistance":-0.438757,"touchZone":"touching","type":0,"width":18.5699},{"bases":[[[0.986653,-0.0361838,-0.158766],[0.0790908,0.958756,0.273004],[0.142339,-0.281917,0.948821]],[[0.992939,-0.0514795,-0.10687],[0.0778211,0.962647,0.259334],[0.0895281,-0.265819,0.959857]],[[0.992939,-0.0514795,-0.10687],[0.0660681,0.988254,0.137801],[0.0985211,-0.143889,0.984677]],[[0.992939,-0.0514795,-0.10687],[0.0559439,0.997664,0.0392035],[0.104603,-0.0449054,0.9935]]],"btipPosition":[-61.6954,328.169,-114.337],"carpPosition":[-44.7425,294.784,24.8838],"dipPosition":[-60.0565,327.466,-98.771],"direction":[-0.0985211,0.143889,-0.984677],"extended":true,"handId":199,"id":1991,"length":53.9285,"mcpPosition":[-54.3456,313.804,-39.1292],"pipPosition":[-57.8728,324.277,-76.9456],"stabilizedTipPosition":[-67.955,316.357,-81.2433],"timeVisible":0.723056,"tipPosition":[-61.0912,326.493,-110.943],"tipVelocity":[6.60251,30.5771,-115.599],"tool":false,"touchDistance":-0.458978,"touchZone":"touching","type":1,"width":17.738},{"bases":[[[0.968776,-0.23685,-0.0733156],[0.247863,0.932414,0.262997],[0.00606959,-0.272958,0.962007]],[[0.968548,-0.232359,-0.0890225],[0.0770038,0.620097,-0.780737],[0.236614,0.749326,0.618486]],[[0.968548,-0.232359,-0.0890225],[-0.187205,-0.444763,-0.875865],[0.163921,0.864983,-0.474273]],[[0.968548,-0.232359,-0.0890225],[-0.246382,-0.845503,-0.47373],[0.0348065,0.480763,-0.876159]]],"btipPosition":[-49.3962,249.53,-38.3963],"carpPosition":[-33.6748,296.029,23.0239],"dipPosition":[-48.7964,257.815,-53.4951],"direction":[-0.163921,-0.864983,0.474273],"extended":false,"handId":199,"id":1992,"length":61.4471,"mcpPosition":[-34.0632,313.493,-38.5249],"pipPosition":[-44.5218,280.371,-65.8628],"stabilizedTipPosition":[-64.7589,236.662,-2.91484],"timeVisible":0.723056,"tipPosition":[-49.2123,251.508,-42.2012],"tipVelocity":[26.7194,24.4202,-86.1518],"tool":false,"touchDistance":0.333333,"touchZone":"none","type":2,"width":17.4211},{"bases":[[[0.93765,-0.344047,0.0494348],[0.316512,0.903933,0.28762],[-0.143641,-0.25404,0.956468]],[[0.934882,-0.348611,0.066823],[0.259074,0.541458,-0.799815],[0.242642,0.765045,0.596516]],[[0.934882,-0.348611,0.066823],[-0.119184,-0.48562,-0.866007],[0.33435,0.80165,-0.495547]],[[0.934882,-0.348611,0.066823],[-0.278497,-0.837108,-0.470839],[0.220078,0.421569,-0.879685]]],"btipPosition":[-36.5693,250.008,-30.0267],"carpPosition":[-22.6142,294.349,21.6954],"dipPosition":[-32.7985,257.231,-45.0991],"direction":[-0.33435,-0.80165,0.495547],"extended":false,"handId":199,"id":1993,"length":59.0831,"mcpPosition":[-14.3631,308.942,-33.2469],"pipPosition":[-24.3048,277.596,-57.6878],"stabilizedTipPosition":[-46.6862,239.007,-5.69064],"timeVisible":0.723056,"tipPosition":[-35.6498,251.736,-34.005],"tipVelocity":[24.6042,33.7342,-80.9066],"tool":false,"touchDistance":0.333333,"touchZone":"none","type":3,"width":16.5772},{"bases":[[[0.849451,-0.515732,0.111596],[0.444555,0.813398,0.375172],[-0.28426,-0.269079,0.920213]],[[0.805019,-0.546473,0.230892],[0.517698,0.457045,-0.723255],[0.289711,0.701767,0.650838]],[[0.805019,-0.546473,0.230892],[-0.0571395,-0.458814,-0.886693],[0.590491,0.700612,-0.400579]],[[0.805019,-0.546473,0.230892],[-0.359485,-0.758954,-0.542917],[0.471926,0.354056,-0.807422]]],"btipPosition":[-24.8713,259.49,-29.3146],"carpPosition":[-12.5419,286.1,20.7734],"dipPosition":[-17.4117,265.087,-42.0773],"direction":[-0.590491,-0.700612,0.400579],"extended":false,"handId":199,"id":1994,"length":46.32,"mcpPosition":[2.57346,300.408,-28.1583],"pipPosition":[-6.82058,277.653,-49.2621],"stabilizedTipPosition":[-31.0829,246.756,-5.93087],"timeVisible":0.723056,"tipPosition":[-22.688,260.672,-32.3447],"tipVelocity":[17.0776,43.4519,-87.034