{"sensorType":"Leap","data":[[0,{"currentFrameRate":110.33,"devices":[],"gestures":[],"hands":[{"armBasis":[[0.910277,0.127003,-0.394037],[0.0889262,0.869586,0.485708],[0.404335,-0.47717,0.78027]],"armWidth":58.4334,"confidence":0.754094,"direction":[0.00271825,0.372938,-0.927852],"elbow":[78.7076,164.569,228.714],"grabStrength":0,"id":198,"palmNormal":[-0.0899876,-0.924,-0.371654],"palmPosition":[-28.5893,298.114,-11.683],"palmVelocity":[-23.1912,-24.0467,-66.3493],"palmWidth":83.4409,"pinchStrength":0.772352,"r":[[0.856048,0.24519,0.455042],[-0.0534205,0.917588,-0.393926],[-0.514128,0.312911,0.798598]],"s":0.967708,"sphereCenter":[-44.0121,274.645,-42.0303],"sphereRadius":41.6864,"stabilizedPalmPosition":[-67.4157,261.984,100.28],"t":[99.3933,114.326,-195.437],"timeVisible":2.2959,"type":"right","wrist":[-21.4054,282.716,35.5193]}],"id":257616,"interactionBox":{"center":[0,200,0],"size":[235.247,235.247,147.751]},"pointables":[{"bases":[[[0.481781,0.865218,0.138869],[-0.762343,0.335691,0.553304],[0.432111,-0.372437,0.821322]],[[0.316889,0.939073,-0.133128],[-0.88508,0.343234,0.314362],[0.340903,0.0182111,0.939922]],[[0.316889,0.939073,-0.133128],[-0.942283,0.29571,-0.15703],[-0.108096,0.175205,0.97858]],[[0.316889,0.939073,-0.133128],[-0.9154,0.266077,-0.30207],[-0.248244,0.217588,0.943944]]],"btipPosition":[-55.2395,263.622,-58.32],"carpPosition":[-48.3419,274.603,35.5618],"dipPosition":[-60.5673,268.292,-38.0612],"direction":[0.108096,-0.175205,-0.97858],"extended":false,"handId":198,"id":1980,"length":47.7925,"mcpPosition":[-48.3419,274.603,35.5618],"pipPosition":[-63.9471,273.77,-7.46416],"stabilizedTipPosition":[-89.8293,244.748,21.1242],"timeVisible":2.2959,"tipPosition":[-56.5901,263.775,-53.6217],"tipVelocity":[-17.3699,-22.6878,-62.5473],"tool":false,"touchDistance":-0.379237,"touchZone":"touching","type":0,"width":18.5699},{"bases":[[[0.982257,-0.0206888,-0.186396],[0.0645841,0.970418,0.232631],[0.176069,-0.240542,0.954536]],[[0.987388,-0.0283752,-0.155756],[0.0644515,0.970638,0.231751],[0.144607,-0.238867,0.960225]],[[0.987388,-0.0283752,-0.155756],[0.0438935,0.994305,0.0971155],[0.152114,-0.102727,0.98301]],[[0.987388,-0.0283752,-0.155756],[0.0267931,0.999566,-0.0122476],[0.156036,0.00791991,0.98772]]],"btipPosition":[-62.7277,321.998,-106.602],"carpPosition":[-39.3355,294.206,32.8916],"dipPosition":[-60.2829,322.122,-91.1263],"direction":[-0.152114,0.102727,-0.98301],"extended":true,"handId":198,"id":1981,"length":53.9285,"mcpPosition":[-51.2141,310.434,-31.5069],"pipPosition":[-56.9113,319.845,-69.3378],"stabilizedTipPosition":[-77.8813,306.217,-46.9557],"timeVisible":2.2959,"tipPosition":[-61.7966,320.825,-103.214],"tipVelocity":[-31.2682,-12.1606,-64.5842],"tool":false,"touchDistance":-0.381154,"touchZone":"touching","type":1,"width":17.738},{"bases":[[[0.971515,-0.218124,-0.0926291],[0.233566,0.947434,0.21867],[0.0400627,-0.234076,0.971393]],[[0.971939,-0.221023,-0.0805195],[0.077174,0.622957,-0.77844],[0.222214,0.750382,0.622533]],[[0.971939,-0.221023,-0.0805195],[-0.211858,-0.673717,-0.70797],[0.102231,0.705162,-0.701638]],[[0.971939,-0.221023,-0.0805195],[-0.225279,-0.973103,-0.0481702],[-0.067707,0.0649578,-0.995588]]],"btipPosition":[-42.2422,257.92,-23.5555],"carpPosition":[-28.3578,295.62,30.657],"dipPosition":[-43.409,259.039,-40.7124],"direction":[-0.102231,-0.705162,0.701638],"extended":false,"handId":198,"id":1982,"length":61.4471,"mcpPosition":[-30.9209,310.596,-31.4923],"pipPosition":[-40.7431,277.428,-59.0091],"stabilizedTipPosition":[-91.12,229.453,82.7501],"timeVisible":2.2959,"tipPosition":[-42.3885,258.49,-27.5225],"tipVelocity":[-21.2946,-31.5489,-67.2918],"tool":false,"touchDistance":0.333333,"touchZone":"none","type":2,"width":17.4211},{"bases":[[[0.946432,-0.32099,0.03511],[0.303538,0.921484,0.242347],[-0.110144,-0.218708,0.969554]],[[0.94242,-0.327827,0.0661316],[0.250257,0.560121,-0.789706],[0.221845,0.760785,0.609911]],[[0.94242,-0.327827,0.0661316],[-0.190054,-0.687704,-0.700673],[0.275178,0.64776,-0.710411]],[[0.94242,-0.327827,0.0661316],[-0.324594,-0.944246,-0.0551202],[0.0805144,0.0304805,-0.996287]]],"btipPosition":[-28.4365,258.547,-16.4981],"carpPosition":[-17.3038,294.133,29.0683],"dipPosition":[-27.0569,259.069,-33.5684],"direction":[-0.275178,-0.64776,0.710411],"extended":false,"handId":198,"id":1983,"length":59.0831,"mcpPosition":[-10.9768,306.696,-26.6257],"pipPosition":[-20.0664,275.525,-51.6154],"stabilizedTipPosition":[-69.3192,229.88,74.2927],"timeVisible":2.2959,"tipPosition":[-27.8794,258.934,-20.3411],"tipVelocity":[-20.6083,-28.5592,-65.9302],"tool":false,"touchDistance":0.333333,"touchZone":"none","type":3,"width":16.5772},{"bases":[[[0.864072,-0.491959,0.106561],[0.436116,0.837374,0.329558],[-0.25136,-0.238289,0.938103]],[[0.802759,-0.527514,0.278042],[0.536229,0.434646,-0.723562],[0.260839,0.729939,0.631784]],[[0.802759,-0.527514,0.278042],[-0.19234,-0.670416,-0.716623],[0.564432,0.521796,-0.639644]],[[0.802759,-0.527514,0.278042],[-0.512155,-0.848751,-0.131604],[0.305411,-0.0367543,-0.951511]]],"btipPosition":[-17.1162,266.303,-15.6828],"carpPosition":[-7.07304,286.079,28.1732],"dipPosition":[-12.2887,265.722,-30.723],"direction":[-0.564432,-0.521796,0.639644],"extended":false,"handId":198,"id":1984,"length":46.32,"mcpPosition":[6.29287,298.75,-21.7098],"pipPosition":[-2.165,275.081,-42.1957],"stabilizedTipPosition":[-51.545,238.663,64.396],"timeVisible":2.2959,"tipPosition":[-15.9334,266.491,-19.065],"tipVelocity":[-19.0501,-30.095,-70.4951],"tool":false,"touchDistance":0.333333,"touchZone":"none","type":4,"width":14.7252}],"r":[[0.856048,0.24519,0.455042],[-0.0534205,0.917588,-0.393926],[-0.514128,0.312911,0.798598]],"s":0.967708,"t":[99.3933,114.326,-195.437],"timestamp":2705102658},false],[1,{"currentFrameRate":110.262,"devices":[],"gestures":[],"hands":[{"armBasis":[[0.910571,0.126974,-0.393368],[0.0881903,0.870063,0.484988],[0.403835,-0.476307,0.781056]],"armWidth":58.4334,"confidence":0.756421,"direction":[0.00283695,0.371197,-0.92855],"elbow":[78.4479,164.715,228.572],"grabStrength":0,"id":198,"palmNormal":[-0.0892752,-0.924752,-0.369951],"palmPosition":[-28.7168,297.953,-12.051],"palmVelocity":[-20.5893,-22.2111,-58.9967],"palmWidth":83.4409,"pinchStrength":0.772821,"r":[[0.855708,0.246482,0.454983],[-0.0541119,0.917069,-0.39504],[-0.514621,0.313419,0.798081]],"s":0.968259,"sphereCenter":[-44.4554,274.595,-42.3411],"sphereRadius":41.7501,"stabilizedPalmPosition":[-67.3804,262.016,100.177],"t":[99.2293,114.143,-195.908],"timeVisible":2.30509,"type":"right","wrist":[-21.5413,282.648,35.1829]}],"id":257617,"interactionBox":{"center":[0,200,0],"size":[235.247,235.247,147.751]},"pointables":[{"bases":[[[0.481193,0.865776,0.137425],[-0.762759,0.336256,0.552386],[0.432032,-0.370626,0.822183]],[[0.31671,0.938973,-0.134258],[-0.885368,0.343431,0.313335],[0.340321,0.0196317,0.940104]],[[0.31671,0.938973,-0.134258],[-0.942388,0.295421,-0.156945],[-0.107704,0.176229,0.978439]],[[0.31671,0.938973,-0.134258],[-0.915538,0.265616,-0.302055],[-0.247961,0.218582,0.943789]]],"btipPosition":[-55.362,263.419,-58.652],"carpPosition":[-48.4727,274.519,35.2305],"dipPosition":[-60.6837,268.11,-38.3965],"direction":[0.107704,-0.176229,-0.978439],"extended":false,"handId":198,"id":1980,"length":47.7925,"mcpPosition":[-48.4727,274.519,35.2305],"pipPosition":[-64.0513,273.621,-7.80383],"stabilizedTipPosition":[-89.7934,244.77,21.0431],"timeVisible":2.30509,"tipPosition":[-56.6942,263.59,-53.9473],"tipVelocity":[-16.1978,-22.3559,-55.1847],"tool":false,"touchDistance":-0.374637,"touchZone":"touching","type":0,"width":18.5699},{"bases":[[[0.98234,-0.0204296,-0.185987],[0.0638952,0.970893,0.230832],[0.175858,-0.238639,0.955052]],[[0.987256,-0.0277146,-0.156707],[0.0643947,0.970072,0.234124],[0.145528,-0.241232,0.959494]],[[0.987256,-0.0277146,-0.156707],[0.043563,0.994171,0.0986222],[0.15306,-0.104192,0.982709]],[[0.987256,-0.0277146,-0.156707],[0.0262152,0.999589,-0.0116275],[0.156965,0.00737125,0.987577]]],"btipPosition":[-62.9273,321.92,-106.964],"carpPosition":[-39.4774,294.122,32.5268],"dipPosition":[-60.468,322.036,-91.4904],"direction":[-0.15306,0.104192,-0.982709],"extended":true,"handId":198,"id":1981,"length":53.9285,"mcpPosition":[-51.3418,310.223,-31.9065],"pipPosition":[-57.0754,319.727,-69.7086],"stabilizedTipPosition":[-77.7958,306.303,-47.2665],"timeVisible":2.30509,"tipPosition":[-61.9891,320.739,-103.581],"tipVelocity":[-28.4965,-11.1846,-57.5552],"tool":false,"touchDistance":-0.376808,"touchZone":"touching","type":1,"width":17.738},{"bases":[[[0.971685,-0.217695,-0.0918542],[0.232897,0.947987,0.216978],[0.0398416,-0.232226,0.971845]],[[0.972115,-0.220644,-0.0794296],[0.077563,0.622169,-0.779031],[0.221308,0.751147,0.621934]],[[0.972115,-0.220644,-0.0794296],[-0.210817,-0.673909,-0.708098],[0.10271,0.705098,-0.701632]],[[0.972115,-0.220644,-0.0794296],[-0.224844,-0.973192,-0.0484003],[-0.066621,0.0649099,-0.995665]]],"btipPosition":[-42.3612,257.689,-23.9201],"carpPosition":[-28.4997,295.539,30.2937],"dipPosition":[-43.5093,258.808,-41.0783],"direction":[-0.10271,-0.705098,0.701632],"extended":false,"handId":198,"id":1982,"length":61.4471,"mcpPosition":[-31.0488,310.397,-31.8845],"pipPosition":[-40.8309,277.195,-59.3749],"stabilizedTipPosition":[-91.0676,229.484,82.6307],"timeVisible":2.30509,"tipPosition":[-42.5012,258.26,-27.8619],"tipVelocity":[-18.8308,-29.7495,-59.5822],"tool":false,"touchDistance":0.333333,"touchZone":"none","type":2,"width":17.4211},{"bases":[[[0.946617,-0.320336,0.0360685],[0.302876,0.922125,0.24073],[-0.110374,-0.216955,0.969922]],[[0.94259,-0.32713,0.0671607],[0.250292,0.558883,-0.790572],[0.221085,0.761994,0.608676]],[[0.94259,-0.32713,0.0671607],[-0.189151,-0.688714,-0.699925],[0.275221,0.647038,-0.711052]],[[0.94259,-0.32713,0.0671607],[-0.323928,-0.94452,-0.0543418],[0.0812115,0.0294668,-0.996261]]],"btipPosition":[-28.5456,258.355,-16.8091],"carpPosition":[-17.4443,294.056,28.712],"dipPosition":[-27.1541,258.86,-33.8789],"direction":[-0.275221,-0.647038,0.711052],"extended":false,"handId":198,"id":1983,"length":59.0831,"mcpPosition":[-11.1041,306.518,-27.0032],"pipPosition":[-20.1625,275.297,-51.9422],"stabilizedTipPosition":[-69.2874,229.902,74.2192],"timeVisible":2.30509,"tipPosition":[-27.989,258.74,-20.6477],"tipVelocity":[-18.0842,-26.5268,-56.9596],"tool":false,"touchDistance":0.333333,"touchZone":"none","type":3,"width":16.5772},{"bases":[[[0.864337,-0.491222,0.107809],[0.435473,0.838261,0.328148],[-0.251566,-0.236682,0.938454]],[[0.803312,-0.526378,0.278598],[0.535827,0.434598,-0.723888],[0.25996,0.730788,0.631166]],[[0.803312,-0.526378,0.278598],[-0.190907,-0.670698,-0.716741],[0.564132,0.522581,-0.639269]],[[0.803312,-0.526378,0.278598],[-0.510797,-0.849482,-0.132158],[0.306229,-0.0361426,-0.951271]]],"btipPosition":[-17.2195,266.094,-16.0293],"carpPosition":[-7.20818,286.006,27.8359],"dipPosition":[-12.379,265.522,-31.0658],"direction":[-0.564132,-0.522581,0.639269],"extended":false,"handId":198,"id":1984,"length":46.32,"mcpPosition":[6.16868,298.592,-22.0658],"pipPosition":[-2.26067,274.895,-42.5317],"stabilizedTipPosition":[-51.5158,238.685,64.3268],"timeVisible":2.30509,"tipPosition":[-16.0382,266.289,-19.3981],"tipVelocity":[-16.7745,-27.9748,-61.3043],"tool":false,"touchDistance":0.333333,"touchZone":"none","type":4,"width":14.7252}],"r":[[0.855708,0.246482,0.454983],[-0.0541119,0.917069,-0.39504],[-0.514621,0.313419,0.798081]],"s":0.968259,"t":[99.2293,114.143,-195.908],"timestamp":2705111848},false],[2,{"currentFrameRate":110.456,"devices":[],"gestures":[],"hands":[{"armBasis":[[0.911711,0.127614,-0.39051],[0.086393,0.869726,0.485914],[0.401646,-0.47675,0.781914]],"armWidth":58.4334,"confidence":0.761927,"direction":[0.00397393,0.36915,-0.929362],"elbow":[77.7224,164.566,228.401],"grabStrength":0,"id":198,"palmNormal":[-0.0876563,-0.925663,-0.368055],"palmPosition":[-28.8387,297.801,-12.4798],"palmVelocity":[-18.8269,-20.9274,-56.3911],"palmWidth":83.4409,"pinchStrength":0.772999,"r":[[0.855231,0.247903,0.45511],[-0.0547329,0.916465,-0.396354],[-0.515349,0.314065,0.797357]],"s":0.968904,"sphereCenter":[-44.8514,274.535,-42.7313],"sphereRadius":41.8204,"stabilizedPalmPosition":[-67.3473,262.047,100.081],"t":[99.0864,113.976,-196.357],"timeVisible":2.3138,"type":"right","wrist":[-21.7248,282.609,34.7996]}],"id":257618,"interactionBox":{"center":[0,200,0],"size":[235.247,235.247,147.751]},"pointables":[{"bases":[[[0.480023,0.866601,0.136309],[-0.764039,0.336643,0.550378],[0.43107,-0.36834,0.823714]],[[0.316328,0.938967,-0.135197],[-0.886085,0.343348,0.311394],[0.338808,0.0212931,0.940615]],[[0.316328,0.938967,-0.135197],[-0.942419,0.294736,-0.158041],[-0.108548,0.177405,0.978133]],[[0.316328,0.938967,-0.135197],[-0.915802,0.26508,-0.301728],[-0.247474,0.219258,0.94376]]],"btipPosition":[-55.4516,263.223,-59.0751],"carpPosition":[-48.6475,274.45,34.8205],"dipPosition":[-60.7628,267.929,-38.8203],"direction":[0.108548,-0.177405,-0.978133],"extended":false,"handId":198,"id":1980,"length":47.7925,"mcpPosition":[-48.6475,274.45,34.8205],"pipPosition":[-64.1568,273.476,-8.23716],"stabilizedTipPosition":[-89.7593,244.79,20.9654],"timeVisible":2.3138,"tipPosition":[-56.7482,263.409,-54.3619],"tipVelocity":[-14.5445,-22.2936,-53.4273],"tool":false,"touchDistance":-0.371856,"touchZone":"touching","type":0,"width":18.5699},{"bases":[[[0.982669,-0.0197689,-0.184314],[0.0624571,0.97147,0.228793],[0.174533,-0.236339,0.955867]],[[0.987311,-0.0266047,-0.156556],[0.0636112,0.969573,0.236393],[0.145503,-0.243352,0.958962]],[[0.987311,-0.0266047,-0.156556],[0.0426555,0.994065,0.100076],[0.152964,-0.105484,0.982586]],[[0.987311,-0.0266047,-0.156556],[0.025187,0.999622,-0.0110329],[0.15679,0.00694971,0.987607]]],"btipPosition":[-63.0236,321.819,-107.434],"carpPosition":[-39.669,294.058,32.0885],"dipPosition":[-60.567,321.928,-91.9601],"direction":[-0.152964,0.105484,-0.982586],"extended":true,"handId":198,"id":1981,"length":53.9285,"mcpPosition":[-51.444,310.002,-32.3998],"pipPosition":[-57.1766,319.59,-70.181],"stabilizedTipPosition":[-77.7244,306.376,-47.5301],"timeVisible":2.3138,"tipPosition":[-62.0776,320.629,-104.055],"tipVelocity":[-23.8603,-11.3507,-56.5976],"tool":false,"touchDistance":-0.374511,"touchZone":"touching","type":1,"width":17.738},{"bases":[[[0.972072,-0.216838,-0.0897634],[0.231506,0.948717,0.215269],[0.0384817,-0.230038,0.972421]],[[0.972494,-0.21984,-0.0769854],[0.0787592,0.621387,-0.779535],[0.219211,0.75203,0.621609]],[[0.972494,-0.21984,-0.0769854],[-0.208479,-0.674087,-0.708621],[0.103888,0.705179,-0.701377]],[[0.972494,-0.21984,-0.0769854],[-0.223923,-0.973371,-0.0490716],[-0.0641474,0.0649606,-0.995824]]],"btipPosition":[-42.4443,257.449,-24.3698],"carpPosition":[-28.6892,295.481,29.8705],"dipPosition":[-43.5498,258.569,-41.5307],"direction":[-0.103888,-0.705179,0.701377],"extended":false,"handId":198,"id":1982,"length":61.4471,"mcpPosition":[-31.1512,310.199,-32.3446],"pipPosition":[-40.8406,276.958,-59.8206],"stabilizedTipPosition":[-91.0183,229.512,82.5175],"timeVisible":2.3138,"tipPosition":[-42.572,258.021,-28.2804],"tipVelocity":[-16.0509,-29.1568,-57.4785],"tool":false,"touchDistance":0.333333,"touchZone":"none","type":2,"width":17.4211},{"bases":[[[0.946903,-0.319223,0.0383439],[0.301474,0.922984,0.239194],[-0.111747,-0.214934,0.970214]],[[0.942828,-0.325959,0.0694728],[0.251359,0.558578,-0.790449],[0.218848,0.76272,0.608576]],[[0.942828,-0.325959,0.0694728],[-0.186569,-0.688926,-0.700409],[0.276166,0.647403,-0.710353]],[[0.942828,-0.325959,0.0694728],[-0.322631,-0.944925,-0.0550087],[0.0835772,0.0294497,-0.996066]]],"btipPosition":[-28.6249,258.151,-17.2446],"carpPosition":[-17.6295,294.006,28.3103],"dipPosition":[-27.1929,258.656,-34.3111],"direction":[-0.276166,-0.647403,0.710353],"extended":false,"handId":198,"id":1983,"length":59.0831,"mcpPosition":[-11.2104,306.353,-27.4217],"pipPosition":[-20.1772,275.102,-52.3567],"stabilizedTipPosition":[-69.2571,229.923,74.1487],"timeVisible":2.3138,"tipPosition":[-28.0675,258.538,-21.0512],"tipVelocity":[-15.4,-25.7027,-55.0792],"tool":false,"touchDistance":0.333333,"touchZone":"none","type":3,"width":16.5772},{"bases":[[[0.86469,-0.49004,0.110326],[0.434017,0.839458,0.327017],[-0.252865,-0.234885,0.938557]],[[0.803652,-0.524805,0.280577],[0.536315,0.43439,-0.723651],[0.257896,0.732042,0.630559]],[[0.803652,-0.524805,0.280577],[-0.188285,-0.671493,-0.716691],[0.564529,0.523141,-0.63846]],[[0.803652,-0.524805,0.280577],[-0.509003,-0.850457,-0.132809],[0.308318,-0.0360826,-0.950599]]],"btipPosition":[-17.2987,265.906,-16.4072],"carpPosition":[-7.38324,285.966,27.4689],"dipPosition":[-12.4252,265.336,-31.433],"direction":[-0.564529,-0.523141,0.63846],"extended":false,"handId":198,"id":1984,"length":46.32,"mcpPosition":[6.0627,298.456,-22.4382],"pipPosition":[-2.29973,274.719,-42.8845],"stabilizedTipPosition":[-51.4884,238.706,64.2615],"timeVisible":2.3138,"tipPosition":[-16.1135,266.104,-19.7627],"tipVelocity":[-14.4905,-26.2404,-56.4462],"tool":false,"touchDistance":0.333333,"touchZone":"none","type":4,"width":14.7252}],"r":[[0.855231,0.247903,0.45511],[-0.0547329,0.916465,-0.396354],[-0.515349,0.314065,0.797357]],"s":0.968904,"t":[99.0864,113.976,-196.357],"timestamp":2705120557},false],[3,{"currentFrameRate":110.247,"devices":[],"gestures":[],"hands":[{"armBasis":[[0.911768,0.130234,-0.389509],[0.0843648,0.868779,0.487961],[0.401946,-0.477768,0.781138]],"armWidth":58.4334,"confidence":0.762004,"direction":[0.00512852,0.368065,-0.929786],"elbow":[77.5911,164.32,227.834],"grabStrength":0,"id":198,"palmNormal":[-0.0858176,-0.926206,-0.367121],"palmPosition":[-28.9809,297.743,-12.8846],"palmVelocity":[-17.7507,-16.7095,-52.5279],"palmWidth":83.4409,"pinchStrength":0.773377,"r":[[0.854624,0.249366,0.45545],[-0.0553258,0.915872,-0.397639],[-0.516292,0.314634,0.796523]],"s":0.9696,"sphereCenter":[-45.242,274.59,-43.1257],"sphereRadius":41.8918,"stabilizedPalmPosition":[-67.3135,262.079,99.9811],"t":[98.9438,113.864,-196.785],"timeVisible":2.32324,"type":"right","wrist":[-21.9304,282.615,34.425]}],"id":257619,"interactionBox":{"center":[0,200,0],"size":[235.247,235.247,147.751]},"pointables":[{"bases":[[[0.478666,0.867379,0.136133],[-0.765437,0.336301,0.548642],[0.430099,-0.366817,0.8249]],[[0.315754,0.939166,-0.135156],[-0.88681,0.34276,0.309973],[0.337442,0.0219822,0.94109]],[[0.315754,0.939166,-0.135156],[-0.942522,0.294041,-0.15872],[-0.109323,0.177504,0.978029]],[[0.315754,0.939166,-0.135156],[-0.915716,0.264315,-0.302658],[-0.248522,0.21933,0.943468]]],"btipPosition":[-55.5374,263.159,-59.4995],"carpPosition":[-48.8425,274.422,34.4083],"dipPosition":[-60.8711,267.866,-39.2509],"direction":[0.109323,-0.177504,-0.978029],"extended":false,"handId":198,"id":1980,"length":47.7925,"mcpPosition":[-48.8425,274.422,34.4083],"pipPosition":[-64.2893,273.416,-8.67107],"stabilizedTipPosition":[-89.7253,244.81,20.8873],"timeVisible":2.32324,"tipPosition":[-56.8094,263.359,-54.7846],"tipVelocity":[-13.1419,-17.8651,-51.0493],"tool":false,"touchDistance":-0.369391,"touchZone":"touching","type":0,"width":18.5699},{"bases":[[[0.983015,-0.0187164,-0.182568],[0.0608037,0.971817,0.227761],[0.17316,-0.234993,0.956448]],[[0.98739,-0.0251473,-0.156297],[0.062638,0.96879,0.239837],[0.145388,-0.246602,0.958149]],[[0.98739,-0.0251473,-0.156297],[0.0415339,0.993868,0.102478],[0.152761,-0.107678,0.98238]],[[0.98739,-0.0251473,-0.156297],[0.0239247,0.999667,-0.00969894],[0.156489,0.00583728,0.987663]]],"btipPosition":[-63.1328,321.902,-107.857],"carpPosition":[-39.8846,294.038,31.669],"dipPosition":[-60.6809,321.994,-92.3821],"direction":[-0.152761,0.107678,-0.982379],"extended":true,"handId":198,"id":1981,"length":53.9285,"mcpPosition":[-51.5669,309.892,-32.8585],"pipPosition":[-57.2949,319.607,-70.6076],"stabilizedTipPosition":[-77.6608,306.441,-47.7682],"timeVisible":2.32324,"tipPosition":[-62.1823,320.705,-104.483],"tipVelocity":[-20.377,-5.70499,-53.2192],"tool":false,"touchDistance":-0.371734,"touchZone":"touching","type":1,"width":17.738},{"bases":[[[0.972507,-0.215688,-0.0878048],[0.229906,0.949267,0.21456],[0.0370722,-0.228848,0.972756]],[[0.972918,-0.21875,-0.0746963],[0.0798695,0.621379,-0.779428],[0.216915,0.752354,0.622022]],[[0.972918,-0.21875,-0.0746963],[-0.205958,-0.673664,-0.709759],[0.10494,0.705922,-0.700473]],[[0.972918,-0.21875,-0.0746963],[-0.22278,-0.973553,-0.050628],[-0.0616459,0.0658977,-0.99592]]],"btipPosition":[-42.5367,257.315,-24.8333],"carpPosition":[-28.9027,295.473,29.4686],"dipPosition":[-43.599,258.451,-41.9959],"direction":[-0.10494,-0.705922,0.700473],"extended":false,"handId":198,"id":1982,"length":61.4471,"mcpPosition":[-31.2745,310.114,-32.7679],"pipPosition":[-40.8625,276.859,-60.2622],"stabilizedTipPosition":[-90.9686,229.541,82.4028],"timeVisible":2.32324,"tipPosition":[-42.6527,257.891,-28.7153],"tipVelocity":[-13.9591,-24.7788,-55.0947],"tool":false,"touchDistance":0.333333,"touchZone":"none","type":2,"width":17.4211},{"bases":[[[0.947245,-0.317956,0.0403783],[0.299864,0.923652,0.238639],[-0.113172,-0.213941,0.970269]],[[0.94312,-0.324666,0.0715356],[0.252376,0.559116,-0.789744],[0.216407,0.762877,0.609251]],[[0.94312,-0.324666,0.0715356],[-0.183794,-0.688485,-0.701576],[0.277029,0.648522,-0.708995]],[[0.94312,-0.324666,0.0715356],[-0.321135,-0.945339,-0.0566281],[0.0860106,0.0304344,-0.995829]]],"btipPosition":[-28.7155,258.046,-17.6947],"carpPosition":[-17.8384,294.01,27.9296],"dipPosition":[-27.2418,258.568,-34.7571],"direction":[-0.277029,-0.648522,0.708995],"extended":false,"handId":198,"id":1983,"length":59.0831,"mcpPosition":[-11.3375,306.3,-27.8055],"pipPosition":[-20.2042,275.043,-52.7682],"stabilizedTipPosition":[-69.2267,229.944,74.0774],"timeVisible":2.32324,"tipPosition":[-28.1574,258.438,-21.4712],"tipVelocity":[-13.4512,-21.4107,-52.9359],"tool":false,"touchDistance":0.333333,"touchZone":"none","type":3,"width":16.5772},{"bases":[[[0.865126,-0.488794,0.112416],[0.43236,0.8404,0.326791],[-0.254208,-0.234111,0.938387]],[[0.804117,-0.523341,0.281976],[0.536771,0.435339,-0.722743],[0.255485,0.732526,0.630977]],[[0.804117,-0.523341,0.281976],[-0.185391,-0.671441,-0.717494],[0.564824,0.524673,-0.636939]],[[0.804117,-0.523341,0.281976],[-0.50699,-0.851409,-0.1344],[0.310414,-0.034886,-0.949961]]],"btipPosition":[-17.3846,265.819,-16.8024],"carpPosition":[-7.58031,285.982,27.1156],"dipPosition":[-12.4779,265.268,-31.8182],"direction":[-0.564824,-0.524673,0.636939],"extended":false,"handId":198,"id":1984,"length":46.32,"mcpPosition":[5.93705,298.431,-22.7826],"pipPosition":[-2.34721,274.679,-43.2424],"stabilizedTipPosition":[-51.461,238.727,64.1958],"timeVisible":2.32324,"tipPosition":[-16.1983,266.023,-20.1413],"tipVelocity":[-12.719,-21.242,-52.2088],"tool":false,"touchDistance":0.333333,"touchZone":"none","type":4,"width":14.7252}],"r":[[0.854624,0.249366,0.45545],[-0.0553258,0.915872,-0.397639],[-0.516292,0.314634,0.796523]],"s":0.9696,"t":[98.9438,113.864,-196.785],"timestamp":2705129997},false],[4,{"currentFrameRate":110.473,"devices":[],"gestures":[],"hands":[{"armBasis":[[0.911017,0.133988,-0.389993],[0.0818664,0.868149,0.489505],[0.40416,-0.477875,0.77993]],"armWidth":58.4334,"confidence":0.719831,"direction":[0.00610705,0.366679,-0.930328],"elbow":[77.9203,164.347,227.057],"grabStrength":0,"id":198,"palmNormal":[-0.0834826,-0.92691,-0.36588],"palmPosition":[-29.1434,297.713,-13.3972],"palmVelocity":[-18.0264,-13.2048,-54.3121],"palmWidth":83.4409,"pinchStrength":0.773351,"r":[[0.853884,0.250985,0.455948],[-0.0559909,0.915257,-0.398962],[-0.517443,0.315138,0.795576]],"s":0.97033,"sphereCenter":[-45.5488,274.618,-43.6259],"sphereRadius":41.9467,"stabilizedPalmPosition":[-67.2858,262.104,99.8988],"t":[98.7913,113.792,-197.255],"timeVisible":2.33189,"type":"right","wrist":[-22.1493,282.668,33.9475]}],"id":257620,"interactionBox":{"center":[0,200,0],"size":[235.247,235.247,147.751]},"pointables":[{"bases":[[[0.476846,0.868453,0.135676],[-0.767018,0.335729,0.546781],[0.429303,-0.364796,0.82621]],[[0.314553,0.939503,-0.135612],[-0.887803,0.341739,0.308253],[0.335949,0.023435,0.941589]],[[0.314553,0.939503,-0.135612],[-0.942818,0.292631,-0.159565],[-0.110227,0.178049,0.977828]],[[0.314553,0.939503,-0.135612],[-0.915965,0.262919,-0.303121],[-0.249128,0.219564,0.943254]]],"btipPosition":[-55.6316,263.074,-60.0243],"carpPosition":[-49.0464,274.427,33.8955],"dipPosition":[-60.9784,267.787,-39.7803],"direction":[0.110227,-0.178049,-0.977828],"extended":false,"handId":198,"id":1980,"length":47.7925,"mcpPosition":[-49.0464,274.427,33.8955],"pipPosition":[-64.4248,273.354,-9.20675],"stabilizedTipPosition":[-89.6982,244.826,20.8244],"timeVisible":2.33189,"tipPosition":[-56.8764,263.291,-55.3058],"tipVelocity":[-12.6368,-15.6677,-53.6328],"tool":false,"touchDistance":-0.368673,"touchZone":"touching","type":0,"width":18.5699},{"bases":[[[0.983369,-0.0172002,-0.1808],[0.0586328,0.972266,0.226407],[0.171892,-0.233243,0.957106]],[[0.987567,-0.0233556,-0.155454],[0.0609964,0.968354,0.242011],[0.144882,-0.248484,0.957739]],[[0.987567,-0.0233556,-0.155454],[0.0399151,0.993748,0.104271],[0.152047,-0.10918,0.982325]],[[0.987567,-0.0233556,-0.155454],[0.022324,0.999716,-0.00837814],[0.155606,0.00480361,0.987808]]],"btipPosition":[-63.2324,321.925,-108.413],"carpPosition":[-40.1193,294.054,31.1426],"dipPosition":[-60.7943,322,-92.9355],"direction":[-0.152047,0.10918,-0.982325],"extended":true,"handId":198,"id":1981,"length":53.9285,"mcpPosition":[-51.7161,309.79,-33.4293],"pipPosition":[-57.4242,319.58,-71.1623],"stabilizedTipPosition":[-77.6147,306.489,-47.944],"timeVisible":2.33189,"tipPosition":[-62.2896,320.723,-105.04],"tipVelocity":[-18.1212,-3.62543,-56.1261],"tool":false,"touchDistance":-0.371221,"touchZone":"touching","type":1,"width":17.738},{"bases":[[[0.973051,-0.214048,-0.0857596],[0.227799,0.950005,0.21354],[0.0357642,-0.227321,0.973163]],[[0.973451,-0.21715,-0.0723852],[0.0805522,0.620997,-0.779663],[0.214255,0.753132,0.622002]],[[0.973451,-0.21715,-0.0723852],[-0.203147,-0.673887,-0.710357],[0.105475,0.706203,-0.700109]],[[0.973451,-0.21715,-0.0723852],[-0.221073,-0.973902,-0.0513999],[-0.0593346,0.0660377,-0.996051]]],"btipPosition":[-42.6227,257.206,-25.3748],"carpPosition":[-29.1362,295.506,28.9594],"dipPosition":[-43.6452,258.344,-42.5397],"direction":[-0.105475,-0.706203,0.700109],"extended":false,"handId":198,"id":1982,"length":61.4471,"mcpPosition":[-31.4244,310.05,-33.3032],"pipPosition":[-40.8947,276.76,-60.7965],"stabilizedTipPosition":[-90.9288,229.564,82.3105],"timeVisible":2.33189,"tipPosition":[-42.729,257.783,-29.2354],"tipVelocity":[-12.6111,-21.5139,-57.1016],"tool":false,"touchDistance":0.333333,"touchZone":"none","type":2,"width":17.4211},{"bases":[[[0.947749,-0.316169,0.0425323],[0.297761,0.924553,0.23778],[-0.114502,-0.212692,0.970387]],[[0.943577,-0.322845,0.0737144],[0.253034,0.559299,-0.789404],[0.213627,0.763516,0.609432]],[[0.943577,-0.322845,0.0737144],[-0.180774,-0.688671,-0.702177],[0.27746,0.649232,-0.708176]],[[0.943577,-0.322845,0.0737144],[-0.319166,-0.945953,-0.0574979],[0.0882933,0.0307266,-0.995621]]],"btipPosition":[-28.8034,257.977,-18.2208],"carpPosition":[-18.0666,294.062,27.4422],"dipPosition":[-27.2906,258.503,-35.2796],"direction":[-0.27746,-0.649232,0.708176],"extended":false,"handId":198,"id":1983,"length":59.0831,"mcpPosition":[-11.4892,306.279,-28.2998],"pipPosition":[-20.2421,274.996,-53.2698],"stabilizedTipPosition":[-69.2027,229.96,74.0209],"timeVisible":2.33189,"tipPosition":[-28.2442,258.37,-21.9746],"tipVelocity":[-12.3009,-17.8344,-54.9977],"tool":false,"touchDistance":0.333333,"touchZone":"none","type":3,"width":16.5772},{"bases":[[[0.865813,-0.487049,0.114681],[0.430252,0.841675,0.326292],[-0.255445,-0.233166,0.938287]],[[0.80478,-0.521379,0.283713],[0.537079,0.436103,-0.722053],[0.252735,0.73347,0.630989]],[[0.80478,-0.521379,0.283713],[-0.182341,-0.672017,-0.717736],[0.564872,0.525888,-0.635894]],[[0.80478,-0.521379,0.283713],[-0.504719,-0.852632,-0.135194],[0.31239,-0.034394,-0.949331]]],"btipPosition":[-17.4739,265.778,-17.2833],"carpPosition":[-7.79244,286.051,26.6584],"dipPosition":[-12.536,265.234,-32.2891],"direction":[-0.564872,-0.525888,0.635894],"extended":false,"handId":198,"id":1984,"length":46.32,"mcpPosition":[5.79067,298.45,-23.2344],"pipPosition":[-2.4044,274.666,-43.6946],"stabilizedTipPosition":[-51.4395,238.743,64.1439],"timeVisible":2.33189,"tipPosition":[-16.2863,265.982,-20.6097],"tipVelocity":[-11.8614,-16.8298,-53.0342],"tool":false,"touchDistance":0.333333,"touchZone":"none","type":4,"width":14.7252}],"r":[[0.853884,0.250985,0.455948],[-0.0559909,0.915257,-0.398962],[-0.517443,0.315138,0.795576]],"s":0.97033,"t":[98.7913,113.792,-197.255],"timestamp":2705138649},false],[5,{"currentFrameRate":110.359,"devices":[],"gestures":[],"hands":[{"armBasis":[[0.912476,0.136415,-0.385718],[0.0790028,0.866283,0.493267],[0.40143,-0.480567,0.779685]],"armWidth":58.4334,"confidence":0.718142,"direction":[0.00836287,0.362449,-0.931966],"elbow":[76.9078,163.809,226.186],"grabStrength":0,"id":198,"palmNormal":[-0.0810736,-0.928685,-0.3619],"palmPosition":[-29.36,297.616,-14.2971],"palmVelocity":[-19.5333,-12.4347,-66.3618],"palmWidth":83.4409,"pinchStrength":0.774134,"r":[[0.852946,0.252939,0.456623],[-0.0565441,0.914381,-0.400886],[-0.518927,0.316115,0.79422]],"s":0.971107,"sphereCenter":[-45.9347,274.533,-44.4578],"sphereRadius":42.0103,"stabilizedPalmPosition":[-67.261,262.128,99.8242],"t":[98.6067,113.708,-197.939],"timeVisible":2.34116,"type":"right","wrist":[-22.4859,282.797,33.1363]}],"id":257621,"interactionBox":{"center":[0,200,0],"size":[235.247,235.247,147.751]},"pointables":[{"bases":[[[0.475205,0.869744,0.133137],[-0.769123,0.337114,0.542959],[0.427353,-0.360415,0.829138]],[[0.313757,0.939311,-0.138753],[-0.889255,0.341919,0.303836],[0.332839,0.0280564,0.942566]],[[0.313757,0.939311,-0.138753],[-0.942784,0.290837,-0.163012],[-0.112764,0.18196,0.976819]],[[0.313757,0.939311,-0.138753],[-0.915545,0.260556,-0.306411],[-0.251662,0.223173,0.941732]]],"btipPosition":[-55.6801,262.753,-60.8586],"carpPosition":[-49.371,274.517,33.0418],"dipPosition":[-61.0813,267.543,-40.6472],"direction":[0.112764,-0.18196,-0.976819],"extended":false,"handId":198,"id":1980,"length":47.7925,"mcpPosition":[-49.371,274.517,33.0418],"pipPosition":[-64.607,273.232,-10.1052],"stabilizedTipPosition":[-89.6733,244.84,20.7659],"timeVisible":2.34116,"tipPosition":[-56.9292,263.003,-56.1403],"tipVelocity":[-10.9343,-20.4765,-64.1095],"tool":false,"touchDistance":-0.372766,"touchZone":"touching","type":0,"width":18.5699},{"bases":[[[0.983928,-0.0166129,-0.177791],[0.0565758,0.97337,0.222149],[0.169365,-0.228637,0.958666]],[[0.987924,-0.0224337,-0.153304],[0.0595129,0.968502,0.241789],[0.143051,-0.247993,0.958142]],[[0.987924,-0.0224337,-0.153304],[0.0386804,0.993842,0.103831],[0.150031,-0.108507,0.982709]],[[0.987924,-0.0224337,-0.153304],[0.0212826,0.999732,-0.00914544],[0.153468,0.00577229,0.988137]]],"btipPosition":[-63.2559,321.655,-109.464],"carpPosition":[-40.4636,294.144,30.226],"dipPosition":[-60.8513,321.745,-93.9817],"direction":[-0.150031,0.108507,-0.982709],"extended":true,"handId":198,"id":1981,"length":53.9285,"mcpPosition":[-51.89,309.569,-34.4511],"pipPosition":[-57.5259,319.34,-72.1999],"stabilizedTipPosition":[-77.5783,306.526,-48.0852],"timeVisible":2.34116,"tipPosition":[-62.3303,320.448,-106.087],"tipVelocity":[-13.97,-10.7025,-72.2305],"tool":false,"touchDistance":-0.378185,"touchZone":"touching","type":1,"width":17.738},{"bases":[[[0.973606,-0.213041,-0.0818852],[0.225811,0.951292,0.209887],[0.0331824,-0.222837,0.974291]],[[0.973975,-0.216137,-0.06825],[0.0824005,0.618166,-0.781717],[0.211147,0.755749,0.619888]],[[0.973975,-0.216137,-0.06825],[-0.199757,-0.676263,-0.70906],[0.107099,0.70424,-0.701838]],[[0.973975,-0.216137,-0.06825],[-0.219673,-0.974324,-0.0493559],[-0.0558301,0.0630641,-0.996447]]],"btipPosition":[-42.7628,257.002,-26.192],"carpPosition":[-29.4761,295.602,28.069],"dipPosition":[-43.7249,258.089,-43.3637],"direction":[-0.107099,-0.70424,0.701838],"extended":false,"handId":198,"id":1982,"length":61.4471,"mcpPosition":[-31.5991,309.859,-34.2657],"pipPosition":[-40.9321,276.454,-61.6656],"stabilizedTipPosition":[-90.8935,229.585,82.2277],"timeVisible":2.34116,"tipPosition":[-42.8552,257.566,-30.0352],"tipVelocity":[-12.8961,-22.021,-65.9036],"tool":false,"touchDistance":0.333333,"touchZone":"none","type":2,"width":17.4211},{"bases":[[[0.948066,-0.314613,0.0467946],[0.295736,0.926052,0.234451],[-0.117096,-0.208436,0.971001]],[[0.943807,-0.321157,0.078015],[0.25485,0.556918,-0.790503],[0.210428,0.765964,0.60747]],[[0.943807,-0.321157,0.078015],[-0.177204,-0.690998,-0.7008],[0.278975,0.647596,-0.709079]],[[0.943807,-0.321157,0.078015],[-0.317505,-0.946616,-0.0557534],[0.0917558,0.0278503,-0.995392]]],"btipPosition":[-28.9545,257.828,-19.0074],"carpPosition":[-18.3999,294.166,26.5913],"dipPosition":[-27.3824,258.305,-36.0623],"direction":[-0.278975,-0.647596,0.709079],"extended":false,"handId":198,"id":1983,"length":59.0831,"mcpPosition":[-11.6736,306.14,-29.1859],"pipPosition":[-20.2954,274.756,-54.0755],"stabilizedTipPosition":[-69.1818,229.975,73.9708],"timeVisible":2.34116,"tipPosition":[-28.3895,258.21,-22.7417],"tipVelocity":[-13.016,-17.6876,-63.3892],"tool":false,"touchDistance":0.333333,"touchZone":"none","type":3,"width":16.5772},{"bases":[[[0.866157,-0.48528,0.119477],[0.42808,0.843768,0.323734],[-0.257913,-0.229259,0.938574]],[[0.804777,-0.518891,0.288245],[0.538448,0.433806,-0.722417],[0.249813,0.73659,0.628513]],[[0.804777,-0.518891,0.288245],[-0.179156,-0.675298,-0.715455],[0.565895,0.524141,-0.636427]],[[0.804777,-0.518891,0.288245],[-0.502939,-0.854004,-0.133155],[0.315255,-0.0378096,-0.948253]]],"btipPosition":[-17.6312,265.67,-18.0096],"carpPosition":[-8.11215,286.167,25.8747],"dipPosition":[-12.6481,265.072,-32.9983],"direction":[-0.565894,-0.524141,0.636427],"extended":false,"handId":198,"id":1984,"length":46.32,"mcpPosition":[5.60218,298.358,-24.0334],"pipPosition":[-2.49816,274.474,-44.4133],"stabilizedTipPosition":[-51.4209,238.758,64.0983],"timeVisible":2.34116,"tipPosition":[-16.4358,265.861,-21.3327],"tipVelocity":[-12.9878,-15.7364,-60.0512],"tool":false,"touchDistance":0.333333,"touchZone":"none","type":4,"width":14.7252}],"r":[[0.852946,0.252939,0.456623],[-0.0565441,0.914381,-0.400886],[-0.518927,0.316115,0.79422]],"s":0.971107,"t":[98.6067,113.708,-197.939],"timestamp":2705147913},false],[6,{"currentFrameRate":110.51,"devices":[],"gestures":[],"hands":[{"armBasis":[[0.914105,0.131644,-0.383513],[0.0814688,0.866913,0.491757],[0.397209,-0.480762,0.781724]],"armWidth":58.4334,"confidence":0.720145,"direction":[0.0120438,0.356924,-0.934056],"elbow":[75.4883,163.795,225.632],"grabStrength":0,"id":198,"palmNormal":[-0.0842014,-0.930444,-0.356629],"palmPosition":[-29.5624,297.4,-15.458],"palmVelocity":[-20.4772,-15.707,-84.0675],"palmWidth":83.4409,"pinchStrength":0.774143,"r":[[0.852198,0.254314,0.457256],[-0.0560197,0.913253,-0.403523],[-0.520212,0.318267,0.792519]],"s":0.972092,"sphereCenter":[-46.5832,274.466,-45.4999],"sphereRadius":42.1042,"stabilizedPalmPosition":[-67.2418,262.146,99.7655],"t":[98.4132,113.558,-198.862],"timeVisible":2.34994,"type":"right","wrist":[-22.8602,282.831,32.0773]}],"id":257622,"interactionBox":{"center":[0,200,0],"size":[235.247,235.247,147.751]},"pointables":[{"bases":[[[0.478601,0.868485,0.12913],[-0.768922,0.343566,0.539187],[0.423911,-0.357346,0.832228]],[[0.318199,0.937123,-0.143351],[-0.888589,0.347519,0.299399],[0.330391,0.0321114,0.943298]],[[0.318199,0.937123,-0.143351],[-0.941144,0.294075,-0.166635],[-0.114001,0.187937,0.975543]],[[0.318199,0.937123,-0.143351],[-0.913765,0.262892,-0.309713],[-0.252553,0.229539,0.939962]]],"btipPosition":[-55.9193,262.392,-61.8868],"carpPosition":[-49.7801,274.664,31.9691],"dipPosition":[-61.3396,267.318,-41.7135],"direction":[0.114001,-0.187937,-0.975543],"extended":false,"handId":198,"id":1980,"length":47.7925,"mcpPosition":[-49.7801,274.664,31.9691],"pipPosition":[-64.9041,273.195,-11.2114],"stabilizedTipPosition":[-89.6524,244.852,20.7156],"timeVisible":2.34994,"tipPosition":[-57.1788,262.684,-57.1692],"tipVelocity":[-15.4534,-25.0684,-78.6251],"tool":false,"touchDistance":-0.379377,"touchZone":"touching","type":0,"width":18.5699},{"bases":[[[0.984253,-0.0218383,-0.17541],[0.0602147,0.97441,0.216562],[0.166192,-0.223714,0.960381]],[[0.987994,-0.0272572,-0.152067],[0.0639091,0.968252,0.241668],[0.140652,-0.248486,0.958369]],[[0.987994,-0.0272572,-0.152067],[0.0434205,0.993629,0.104004],[0.148264,-0.109358,0.982883]],[[0.987994,-0.0272572,-0.152067],[0.0262025,0.999617,-0.00893635],[0.152253,0.00484452,0.98833]]],"btipPosition":[-63.2081,321.468,-110.763],"carpPosition":[-40.7827,294.237,29.0589],"dipPosition":[-60.8226,321.544,-95.2775],"direction":[-0.148264,0.109358,-0.982883],"extended":true,"handId":198,"id":1981,"length":53.9285,"mcpPosition":[-51.9949,309.33,-35.734],"pipPosition":[-57.5363,319.12,-73.4918],"stabilizedTipPosition":[-77.5535,306.551,-48.1837],"timeVisible":2.34994,"tipPosition":[-62.3018,320.219,-107.385],"tipVelocity":[-8.88527,-13.6334,-92.5569],"tool":false,"touchDistance":-0.38817,"touchZone":"touching","type":1,"width":17.738},{"bases":[[[0.972874,-0.217653,-0.0783771],[0.229382,0.951542,0.204821],[0.029999,-0.217244,0.975656]],[[0.9732,-0.220691,-0.0646284],[0.0869292,0.613249,-0.785091],[0.212896,0.758433,0.615999]],[[0.9732,-0.220691,-0.0646284],[-0.200904,-0.679221,-0.705901],[0.111889,0.699967,-0.705356]],[[0.9732,-0.220691,-0.0646284],[-0.223762,-0.973612,-0.0448332],[-0.0530287,0.0580931,-0.996902]]],"btipPosition":[-43.1176,256.756,-27.1582],"carpPosition":[-29.7841,295.635,26.9188],"dipPosition":[-44.0315,257.758,-44.3377],"direction":[-0.111889,-0.699967,0.705356],"extended":false,"handId":198,"id":1982,"length":61.4471,"mcpPosition":[-31.7034,309.534,-35.5033],"pipPosition":[-41.1137,276.011,-62.7313],"stabilizedTipPosition":[-90.8648,229.601,82.1592],"timeVisible":2.34994,"tipPosition":[-43.1983,257.3,-31.002],"tipVelocity":[-19.9548,-24.2314,-77.8223],"tool":false,"touchDistance":0.333333,"touchZone":"none","type":2,"width":17.4211},{"bases":[[[0.946606,-0.318358,0.0508373],[0.299142,0.92615,0.229696],[-0.120208,-0.202224,0.971934]],[[0.942246,-0.324703,0.0821022],[0.259015,0.551048,-0.793258],[0.212331,0.768709,0.603325]],[[0.942246,-0.324703,0.0821022],[-0.178518,-0.694319,-0.697175],[0.28338,0.642253,-0.712185]],[[0.942246,-0.324703,0.0821022],[-0.321391,-0.945565,-0.0511381],[0.0942376,0.0217977,-0.995311]]],"btipPosition":[-29.319,257.576,-19.9298],"carpPosition":[-18.7108,294.144,25.4752],"dipPosition":[-27.7044,257.949,-36.9833],"direction":[-0.28338,-0.642253,0.712185],"extended":false,"handId":198,"id":1983,"length":59.0831,"mcpPosition":[-11.8057,305.761,-30.3555],"pipPosition":[-20.5055,274.265,-55.0754],"stabilizedTipPosition":[-69.1644,229.987,73.9285],"timeVisible":2.34994,"tipPosition":[-28.7449,257.933,-23.6688],"tipVelocity":[-20.3785,-21.3792,-74.5792],"tool":false,"touchDistance":0.333333,"touchZone":"none","type":3,"width":16.5772},{"bases":[[[0.863805,-0.488245,0.12433],[0.430929,0.84383,0.319766],[-0.261038,-0.222638,0.939304]],[[0.802139,-0.520525,0.29262],[0.541848,0.428549,-0.723012],[0.250944,0.738512,0.625801]],[[0.802139,-0.520525,0.29262],[-0.179392,-0.677463,-0.713346],[0.569554,0.519709,-0.636797]],[[0.802139,-0.520525,0.29262],[-0.505526,-0.852778,-0.131195],[0.31783,-0.0426902,-0.947186]]],"btipPosition":[-17.9515,265.343,-19.0159],"carpPosition":[-8.45562,286.097,24.8294],"dipPosition":[-12.9277,264.668,-33.9878],"direction":[-0.569554,-0.519709,0.636797],"extended":false,"handId":198,"id":1984,"length":46.32,"mcpPosition":[5.4249,297.936,-25.1175],"pipPosition":[-2.71211,273.989,-45.4095],"stabilizedTipPosition":[-51.4056,238.769,64.0599],"timeVisible":2.34994,"tipPosition":[-16.7518,