{"sensorType":"Leap","data":[[0,{"currentFrameRate":110.199,"devices":[],"gestures":[],"hands":[{"armBasis":[[0.919388,0.119495,-0.374763],[0.0751727,0.881805,0.465584],[0.386103,-0.456224,0.801738]],"armWidth":58.4334,"confidence":0.744402,"direction":[0.0066774,0.404983,-0.9143],"elbow":[72.0996,179.911,233.08],"grabStrength":0,"id":200,"palmNormal":[-0.075803,-0.911484,-0.40429],"palmPosition":[-30.4389,309.819,-12.1352],"palmVelocity":[21.8236,25.3919,-105.224],"palmWidth":83.4409,"pinchStrength":0.702466,"r":[[0.853558,0.0412233,0.519364],[-0.0766222,0.995958,0.0468744],[-0.515332,-0.0798049,0.853267]],"s":1.13266,"sphereCenter":[-33.4418,280.844,-44.919],"sphereRadius":42.8506,"stabilizedPalmPosition":[-33.6027,302.98,1.19858],"t":[93.286,147.859,-155.581],"timeVisible":0.596665,"type":"right","wrist":[-23.4992,292.871,34.5703]}],"id":258482,"interactionBox":{"center":[0,200,0],"size":[235.247,235.247,147.751]},"pointables":[{"bases":[[[0.470334,0.865306,0.173294],[-0.771166,0.307528,0.557431],[0.429056,-0.395817,0.811936]],[[0.357241,0.933777,-0.0209361],[-0.84498,0.332658,0.418744],[0.397978,-0.131902,0.907863]],[[0.357241,0.933777,-0.0209361],[-0.929519,0.353238,-0.10591],[-0.0915013,0.057296,0.994155]],[[0.357241,0.933777,-0.0209361],[-0.867899,0.323588,-0.376886],[-0.345153,0.15281,0.926023]]],"btipPosition":[-58.2873,285.423,-58.4378],"carpPosition":[-50.3379,284.456,34.0788],"dipPosition":[-65.6949,288.702,-38.5636],"direction":[0.0915013,-0.057296,-0.994155],"extended":false,"handId":200,"id":2000,"length":47.7925,"mcpPosition":[-50.3379,284.456,34.0788],"pipPosition":[-68.5558,290.494,-7.47958],"stabilizedTipPosition":[-63.6329,280.994,-44.5236],"timeVisible":0.596665,"tipPosition":[-59.8847,284.897,-53.9774],"tipVelocity":[34.1223,44.1695,-99.3879],"tool":false,"touchDistance":-0.465332,"touchZone":"touching","type":0,"width":18.5699},{"bases":[[[0.984066,-0.00298662,-0.177776],[0.0511064,0.962416,0.266728],[0.170298,-0.271563,0.947234]],[[0.99596,-0.0293707,-0.0848549],[0.048337,0.971755,0.23099],[0.0756738,-0.234159,0.969249]],[[0.99596,-0.0293707,-0.0848549],[0.0383366,0.993622,0.106044],[0.0811991,-0.108869,0.990734]],[[0.99596,-0.0293707,-0.0848549],[0.0299665,0.999534,0.00575663],[0.0846463,-0.00827618,0.996377]]],"btipPosition":[-59.1351,334.33,-107.489],"carpPosition":[-41.5384,304.241,32.1744],"dipPosition":[-57.8089,334.201,-91.8776],"direction":[-0.0811991,0.108869,-0.990734],"extended":true,"handId":200,"id":2001,"length":53.9285,"mcpPosition":[-53.0277,322.562,-31.7315],"pipPosition":[-56.0091,331.788,-69.9179],"stabilizedTipPosition":[-62.2021,330.244,-93.2784],"timeVisible":0.596665,"tipPosition":[-58.5093,332.783,-104.04],"tipVelocity":[32.4473,21.2464,-115.38],"tool":false,"touchDistance":-0.452577,"touchZone":"touching","type":1,"width":17.738},{"bases":[[[0.974799,-0.203673,-0.091015],[0.220465,0.94186,0.253564],[0.0340793,-0.26724,0.963027]],[[0.97539,-0.213698,-0.054291],[0.0989302,0.644229,-0.758407],[0.197046,0.734372,0.649516]],[[0.97539,-0.213698,-0.054291],[-0.160413,-0.518854,-0.839677],[0.151268,0.827722,-0.540365]],[[0.97539,-0.213698,-0.054291],[-0.219282,-0.9145,-0.340009],[0.02301,0.343546,-0.938854]]],"btipPosition":[-45.7896,262.989,-29.9599],"carpPosition":[-30.5584,305.857,30.0933],"dipPosition":[-45.3931,268.91,-46.1391],"direction":[-0.151268,-0.827722,0.540365],"extended":false,"handId":200,"id":2002,"length":61.4471,"mcpPosition":[-32.7388,322.955,-31.5208],"pipPosition":[-41.4485,290.494,-60.2303],"stabilizedTipPosition":[-51.4072,258.838,-20.8444],"timeVisible":0.596665,"tipPosition":[-45.7217,264.329,-33.7983],"tipVelocity":[40.4564,10.9812,-90.0908],"tool":false,"touchDistance":0.333333,"touchZone":"none","type":2,"width":17.4211},{"bases":[[[0.949778,-0.311197,0.0328404],[0.290521,0.915903,0.276984],[-0.116275,-0.253532,0.960313]],[[0.946039,-0.318363,0.0604559],[0.244834,0.580003,-0.776951],[0.212288,0.749828,0.626651]],[[0.946039,-0.318363,0.0604559],[-0.131665,-0.548104,-0.825982],[0.296098,0.773451,-0.560445]],[[0.946039,-0.318363,0.0604559],[-0.281002,-0.898872,-0.336255],[0.161393,0.301123,-0.939828]]],"btipPosition":[-31.7801,263.585,-21.9408],"carpPosition":[-19.474,304.552,28.5578],"dipPosition":[-29.0148,268.745,-38.0437],"direction":[-0.296098,-0.773451,0.560445],"extended":false,"handId":200,"id":2003,"length":59.0831,"mcpPosition":[-12.7948,319.116,-26.6054],"pipPosition":[-21.4928,288.393,-52.281],"stabilizedTipPosition":[-35.1904,260.412,-16.742],"timeVisible":0.596665,"tipPosition":[-31.0476,264.888,-26.1819],"tipVelocity":[37.3829,16.7034,-81.8981],"tool":false,"touchDistance":0.333333,"touchZone":"none","type":3,"width":16.5772},{"bases":[[[0.868791,-0.485477,0.0975454],[0.423288,0.830329,0.362466],[-0.256963,-0.273617,0.926878]],[[0.806449,-0.527632,0.266917],[0.54248,0.480578,-0.689029],[0.235279,0.700464,0.673791]],[[0.806449,-0.527632,0.266917],[-0.0646997,-0.527433,-0.847129],[0.587754,0.665897,-0.459485]],[[0.806449,-0.527632,0.266917],[-0.396902,-0.817627,-0.417079],[0.438303,0.230413,-0.868793]]],"btipPosition":[-20.5771,272.902,-21.68],"carpPosition":[-9.14181,296.651,27.4801],"dipPosition":[-13.649,276.544,-35.4128],"direction":[-0.587754,-0.665897,0.459485],"extended":false,"handId":200,"id":2004,"length":46.32,"mcpPosition":[4.52205,311.201,-21.8061],"pipPosition":[-3.10701,288.488,-43.6542],"stabilizedTipPosition":[-22.3896,269.107,-15.5906],"timeVisible":0.596665,"tipPosition":[-18.663,273.678,-24.8688],"tipVelocity":[30.9829,23.1032,-82.9399],"tool":false,"touchDistance":0.333333,"touchZone":"none","type":4,"width":14.7252}],"r":[[0.853558,0.0412233,0.519364],[-0.0766222,0.995958,0.0468744],[-0.515332,-0.0798049,0.853267]],"s":1.13266,"t":[93.286,147.859,-155.581],"timestamp":2713065642},false],[1,{"currentFrameRate":110.316,"devices":[],"gestures":[],"hands":[{"armBasis":[[0.920573,0.120954,-0.371369],[0.0704364,0.883835,0.462466],[0.384166,-0.451891,0.805115]],"armWidth":58.4334,"confidence":0.746075,"direction":[0.00788079,0.402277,-0.915484],"elbow":[71.7657,180.998,233.304],"grabStrength":0,"id":200,"palmNormal":[-0.0711278,-0.912968,-0.401784],"palmPosition":[-30.2174,309.667,-12.8188],"palmVelocity":[22.685,13.8813,-97.629],"palmWidth":83.4409,"pinchStrength":0.692913,"r":[[0.85188,0.0453446,0.52177],[-0.0796512,0.995873,0.0434977],[-0.517644,-0.0786145,0.851977]],"s":1.13472,"sphereCenter":[-33.1958,280.65,-45.5283],"sphereRadius":42.8562,"stabilizedPalmPosition":[-33.5485,303.087,0.973983],"t":[93.4917,147.798,-156.293],"timeVisible":0.605522,"type":"right","wrist":[-23.3535,292.886,33.9578]}],"id":258483,"interactionBox":{"center":[0,200,0],"size":[235.247,235.247,147.751]},"pointables":[{"bases":[[[0.466522,0.867604,0.172107],[-0.773997,0.306251,0.554202],[0.428119,-0.391758,0.814395]],[[0.355534,0.934453,-0.0198388],[-0.846034,0.33077,0.418112],[0.397268,-0.131869,0.908179]],[[0.355534,0.934453,-0.0198388],[-0.930062,0.351601,-0.106589],[-0.0926273,0.0563475,0.994105]],[[0.355534,0.934453,-0.0198388],[-0.866123,0.32141,-0.382789],[-0.351322,0.153277,0.923623]]],"btipPosition":[-57.9077,285.352,-59.0668],"carpPosition":[-50.1585,284.367,33.4113],"dipPosition":[-65.4477,288.641,-39.2441],"direction":[0.0926273,-0.0563475,-0.994105],"extended":false,"handId":200,"id":2000,"length":47.7925,"mcpPosition":[-50.1585,284.367,33.4113],"pipPosition":[-68.3439,290.403,-8.16161],"stabilizedTipPosition":[-63.4487,281.23,-44.9844],"timeVisible":0.605522,"tipPosition":[-59.5046,284.831,-54.6233],"tipVelocity":[35.5568,30.1032,-92.0638],"tool":false,"touchDistance":-0.456744,"touchZone":"touching","type":0,"width":18.5699},{"bases":[[[0.984599,0.000229746,-0.174826],[0.0466505,0.963395,0.263997],[0.168487,-0.268087,0.948547]],[[0.996239,-0.0255514,-0.0828002],[0.0441219,0.97197,0.230927],[0.0745788,-0.233711,0.969442]],[[0.996239,-0.0255514,-0.0828002],[0.0342589,0.993828,0.105512],[0.0795932,-0.107952,0.990965]],[[0.996239,-0.0255514,-0.0828002],[0.0260344,0.99965,0.00475858],[0.0826496,-0.00689633,0.996555]]],"btipPosition":[-58.793,333.975,-108.293],"carpPosition":[-41.4285,304.179,31.4739],"dipPosition":[-57.4981,333.867,-92.6794],"direction":[-0.0795932,0.107952,-0.990965],"extended":true,"handId":200,"id":2001,"length":53.9285,"mcpPosition":[-52.7956,322.266,-32.5205],"pipPosition":[-55.7339,331.474,-70.7146],"stabilizedTipPosition":[-62.1017,330.344,-93.5876],"timeVisible":0.605522,"tipPosition":[-58.1642,332.464,-104.841],"tipVelocity":[33.9005,4.767,-108.713],"tool":false,"touchDistance":-0.447712,"touchZone":"touching","type":1,"width":17.738},{"bases":[[[0.975834,-0.200231,-0.0874924],[0.216125,0.943445,0.251401],[0.0322061,-0.264235,0.96392]],[[0.976353,-0.210129,-0.0507921],[0.0980142,0.639693,-0.762356],[0.192684,0.73935,0.645162]],[[0.976353,-0.210129,-0.0507921],[-0.156365,-0.524197,-0.837119],[0.149278,0.825266,-0.544658]],[[0.976353,-0.210129,-0.0507921],[-0.214818,-0.916703,-0.336912],[0.0242338,0.339856,-0.940165]]],"btipPosition":[-45.3363,262.679,-30.3626],"carpPosition":[-30.4485,305.831,29.4208],"dipPosition":[-44.9187,268.536,-46.5644],"direction":[-0.149278,-0.825266,0.544658],"extended":false,"handId":200,"id":2002,"length":61.4471,"mcpPosition":[-32.5091,322.736,-32.2504],"pipPosition":[-41.026,290.056,-60.7675],"stabilizedTipPosition":[-51.2787,258.946,-21.1205],"timeVisible":0.605522,"tipPosition":[-45.2609,264.026,-34.2671],"tipVelocity":[43.5096,-1.93944,-78.1613],"tool":false,"touchDistance":0.333333,"touchZone":"none","type":2,"width":17.4211},{"bases":[[[0.95085,-0.30748,0.036609],[0.286208,0.917824,0.275107],[-0.11819,-0.251108,0.960716]],[[0.947066,-0.314561,0.0641694],[0.245529,0.580916,-0.776049],[0.206838,0.750725,0.627399]],[[0.947066,-0.314561,0.0641694],[-0.125944,-0.547894,-0.827013],[0.295304,0.775154,-0.558509]],[[0.947066,-0.314561,0.0641694],[-0.275994,-0.899854,-0.337772],[0.163993,0.302182,-0.939038]]],"btipPosition":[-31.3518,263.36,-22.6928],"carpPosition":[-19.3547,304.564,27.9223],"dipPosition":[-28.542,268.537,-38.7821],"direction":[-0.295304,-0.775154,0.558509],"extended":false,"handId":200,"id":2003,"length":59.0831,"mcpPosition":[-12.5655,318.988,-27.2641],"pipPosition":[-21.0402,288.229,-52.9703],"stabilizedTipPosition":[-35.052,260.54,-17.0398],"timeVisible":0.605522,"tipPosition":[-30.6158,264.67,-26.8222],"tipVelocity":[40.6683,5.40341,-82.6174],"tool":false,"touchDistance":0.333333,"touchZone":"none","type":3,"width":16.5772},{"bases":[[[0.870332,-0.481872,0.101593],[0.419042,0.833012,0.361241],[-0.2587,-0.271828,0.926922]],[[0.80744,-0.523847,0.271339],[0.542656,0.479058,-0.689948],[0.23144,0.704336,0.671079]],[[0.80744,-0.523847,0.271339],[-0.0605484,-0.531092,-0.845148],[0.586834,0.665977,-0.460544]],[[0.80744,-0.523847,0.271339],[-0.392576,-0.82042,-0.415687],[0.440368,0.229121,-0.868089]]],"btipPosition":[-20.224,272.748,-22.1675],"carpPosition":[-8.98938,296.699,26.8991],"dipPosition":[-13.2632,276.37,-35.8891],"direction":[-0.586834,-0.665977,0.460544],"extended":false,"handId":200,"id":2004,"length":46.32,"mcpPosition":[4.76685,311.153,-22.3893],"pipPosition":[-2.73771,288.315,-44.1495],"stabilizedTipPosition":[-22.2887,269.227,-15.8515],"timeVisible":0.605522,"tipPosition":[-18.3005,273.528,-25.3728],"tipVelocity":[33.6205,11.998,-75.3029],"tool":false,"touchDistance":0.333333,"touchZone":"none","type":4,"width":14.7252}],"r":[[0.85188,0.0453446,0.52177],[-0.0796512,0.995873,0.0434977],[-0.517644,-0.0786145,0.851977]],"s":1.13472,"t":[93.4917,147.798,-156.293],"timestamp":2713074499},false],[2,{"currentFrameRate":110.151,"devices":[],"gestures":[],"hands":[{"armBasis":[[0.921724,0.123987,-0.367495],[0.0653909,0.884282,0.462351],[0.382295,-0.450191,0.806956]],"armWidth":58.4334,"confidence":0.728014,"direction":[0.0101665,0.397266,-0.917647],"elbow":[71.3663,181.491,233.108],"grabStrength":0,"id":200,"palmNormal":[-0.0662997,-0.915407,-0.397031],"palmPosition":[-30.0233,309.458,-13.589],"palmVelocity":[22.1254,3.58923,-93.2462],"palmWidth":83.4409,"pinchStrength":0.68118,"r":[[0.850067,0.0498188,0.524313],[-0.0828004,0.995778,0.039628],[-0.520125,-0.0770998,0.850603]],"s":1.13674,"sphereCenter":[-32.8961,280.278,-46.1623],"sphereRadius":42.8801,"stabilizedPalmPosition":[-33.5057,303.165,0.797189],"t":[93.6916,147.663,-157.035],"timeVisible":0.614892,"type":"right","wrist":[-23.2895,292.958,33.3065]}],"id":258484,"interactionBox":{"center":[0,200,0],"size":[235.247,235.247,147.751]},"pointables":[{"bases":[[[0.462775,0.870179,0.169199],[-0.777299,0.306556,0.54939],[0.426199,-0.385762,0.818255]],[[0.354441,0.934861,-0.0201692],[-0.847275,0.330209,0.416038],[0.395597,-0.130372,0.909124]],[[0.354441,0.934861,-0.0201692],[-0.930275,0.350354,-0.108812],[-0.0946576,0.0573303,0.993858]],[[0.354441,0.934861,-0.0201692],[-0.865322,0.319749,-0.385976],[-0.354385,0.154259,0.922288]]],"btipPosition":[-57.6055,285.206,-59.7857],"carpPosition":[-50.062,284.341,32.6992],"dipPosition":[-65.2113,288.517,-39.9917],"direction":[0.0946576,-0.0573303,-0.993858],"extended":false,"handId":200,"id":2000,"length":47.7925,"mcpPosition":[-50.062,284.341,32.6992],"pipPosition":[-68.171,290.309,-8.91695],"stabilizedTipPosition":[-63.2851,281.419,-45.3938],"timeVisible":0.614892,"tipPosition":[-59.1649,284.68,-55.3386],"tipVelocity":[34.1581,17.284,-87.9072],"tool":false,"touchDistance":-0.450286,"touchZone":"touching","type":0,"width":18.5699},{"bases":[[[0.985291,0.0027467,-0.170865],[0.0422023,0.964989,0.258871],[0.165594,-0.262274,0.950679]],[[0.996587,-0.0222592,-0.0794926],[0.0399129,0.97285,0.227969],[0.07226,-0.230364,0.970418]],[[0.996587,-0.0222592,-0.0794926],[0.0303238,0.99435,0.101731],[0.076779,-0.103794,0.991631]],[[0.996587,-0.0222592,-0.0794926],[0.0223515,0.99975,0.000272],[0.0794667,-0.00204785,0.996835]]],"btipPosition":[-58.3596,333.277,-109.281],"carpPosition":[-41.3939,304.174,30.6878],"dipPosition":[-57.1146,333.245,-93.6625],"direction":[-0.076779,0.103794,-0.991631],"extended":true,"handId":200,"id":2001,"length":53.9285,"mcpPosition":[-52.5659,321.868,-33.4505],"pipPosition":[-55.4127,330.944,-71.683],"stabilizedTipPosition":[-62.0072,330.413,-93.8717],"timeVisible":0.614892,"tipPosition":[-57.7345,331.819,-105.821],"tipVelocity":[37.0618,-17.2105,-107.74],"tool":false,"touchDistance":-0.446072,"touchZone":"touching","type":1,"width":17.738},{"bases":[[[0.976877,-0.19726,-0.0824649],[0.211795,0.945569,0.247067],[0.0292397,-0.258819,0.965483]],[[0.977282,-0.206943,-0.0457569],[0.0982132,0.633506,-0.767479],[0.187811,0.74555,0.639439]],[[0.977282,-0.206943,-0.0457569],[-0.151527,-0.531281,-0.833535],[0.148184,0.821532,-0.550569]],[[0.977282,-0.206943,-0.0457569],[-0.210266,-0.919606,-0.331832],[0.0265919,0.333915,-0.942228]]],"btipPosition":[-44.9063,262.28,-30.7709],"carpPosition":[-30.4116,305.853,28.6698],"dipPosition":[-44.4481,268.034,-47.0082],"direction":[-0.148184,-0.821532,0.550569],"extended":false,"handId":200,"id":2002,"length":61.4471,"mcpPosition":[-32.2823,322.412,-33.1014],"pipPosition":[-40.5838,289.458,-61.3655],"stabilizedTipPosition":[-51.1409,259.046,-21.4052],"timeVisible":0.614892,"tipPosition":[-44.8189,263.621,-34.733],"tipVelocity":[44.4703,-14.1944,-68.5842],"tool":false,"touchDistance":0.333333,"touchZone":"none","type":2,"width":17.4211},{"bases":[[[0.951768,-0.303914,0.042124],[0.281871,0.920327,0.271195],[-0.121188,-0.246241,0.961602]],[[0.947906,-0.310843,0.0696529],[0.247086,0.579451,-0.77665],[0.201056,0.753401,0.62607]],[[0.947906,-0.310843,0.0696529],[-0.119703,-0.550208,-0.826403],[0.295205,0.775015,-0.558754]],[[0.947906,-0.310843,0.0696529],[-0.270967,-0.901763,-0.336751],[0.167487,0.300335,-0.939014]]],"btipPosition":[-30.9528,263.059,-23.3828],"carpPosition":[-19.3074,304.617,27.2229],"dipPosition":[-28.0831,268.204,-39.4717],"direction":[-0.295205,-0.775015,0.558754],"extended":false,"handId":200,"id":2003,"length":59.0831,"mcpPosition":[-12.346,318.762,-28.0143],"pipPosition":[-20.5838,287.893,-53.6661],"stabilizedTipPosition":[-34.9225,260.64,-17.3131],"timeVisible":0.614892,"tipPosition":[-30.2089,264.363,-27.4239],"tipVelocity":[41.6302,-5.48037,-80.0639],"tool":false,"touchDistance":0.333333,"touchZone":"none","type":3,"width":16.5772},{"bases":[[[0.871601,-0.47823,0.107744],[0.414653,0.836459,0.358328],[-0.261487,-0.267643,0.927358]],[[0.808021,-0.519556,0.277785],[0.543701,0.475991,-0.691246],[0.226917,0.709573,0.667094]],[[0.808021,-0.519556,0.277785],[-0.0556837,-0.536736,-0.841911],[0.586517,0.664813,-0.462625]],[[0.808021,-0.519556,0.277785],[-0.388152,-0.824165,-0.41242],[0.443216,0.225421,-0.867609]]],"btipPosition":[-19.8896,272.519,-22.6461],"carpPosition":[-8.91049,296.783,26.2847],"dipPosition":[-12.8838,276.082,-36.3601],"direction":[-0.586517,-0.664813,0.462625],"extended":false,"handId":200,"id":2004,"length":46.32,"mcpPosition":[4.99389,311.015,-23.0269],"pipPosition":[-2.36403,288.007,-44.6578],"stabilizedTipPosition":[-22.1942,269.324,-16.0859],"timeVisible":0.614892,"tipPosition":[-17.9563,273.291,-25.8647],"tipVelocity":[34.5205,1.24092,-68.3685],"tool":false,"touchDistance":0.333333,"touchZone":"none","type":4,"width":14.7252}],"r":[[0.850067,0.0498188,0.524313],[-0.0828004,0.995778,0.039628],[-0.520125,-0.0770998,0.850603]],"s":1.13674,"t":[93.6916,147.663,-157.035],"timestamp":2713083869},false],[3,{"currentFrameRate":110.293,"devices":[],"gestures":[],"hands":[{"armBasis":[[0.922916,0.12763,-0.36323],[0.0606474,0.883478,0.46453],[0.380194,-0.450751,0.807636]],"armWidth":58.4334,"confidence":0.732344,"direction":[0.0120514,0.393434,-0.919274],"elbow":[70.9195,181.441,232.726],"grabStrength":0,"id":200,"palmNormal":[-0.0617876,-0.917291,-0.393396],"palmPosition":[-29.8406,309.326,-14.2324],"palmVelocity":[21.7486,-1.40832,-87.7784],"palmWidth":83.4409,"pinchStrength":0.673427,"r":[[0.848193,0.0544225,0.526883],[-0.0860144,0.995657,0.0356259],[-0.522656,-0.0755372,0.849191]],"s":1.13855,"sphereCenter":[-32.6233,280.041,-46.6991],"sphereRadius":42.8894,"stabilizedPalmPosition":[-33.4747,303.217,0.670241],"t":[93.8829,147.529,-157.727],"timeVisible":0.623708,"type":"right","wrist":[-23.2161,293.047,32.7556]}],"id":258485,"interactionBox":{"center":[0,200,0],"size":[235.247,235.247,147.751]},"pointables":[{"bases":[[[0.459215,0.872458,0.16715],[-0.780269,0.306209,0.545359],[0.42462,-0.380859,0.821367]],[[0.352766,0.935486,-0.0205406],[-0.848962,0.329215,0.413377],[0.393471,-0.128387,0.910328]],[[0.352766,0.935486,-0.0205406],[-0.930691,0.348518,-0.11113],[-0.0968015,0.0583197,0.993594]],[[0.352766,0.935486,-0.0205406],[-0.864888,0.317609,-0.388706],[-0.357106,0.154888,0.921133]]],"btipPosition":[-57.2776,285.066,-60.4163],"carpPosition":[-49.9569,284.336,32.0907],"dipPosition":[-64.9418,288.39,-40.6471],"direction":[0.0968015,-0.0583197,-0.993594],"extended":false,"handId":200,"id":2000,"length":47.7925,"mcpPosition":[-49.9569,284.336,32.0907],"pipPosition":[-67.9685,290.213,-9.58057],"stabilizedTipPosition":[-63.1575,281.552,-45.7088],"timeVisible":0.623708,"tipPosition":[-58.8242,284.552,-55.9626],"tipVelocity":[34.5665,8.42447,-83.6617],"tool":false,"touchDistance":-0.443135,"touchZone":"touching","type":0,"width":18.5699},{"bases":[[[0.985872,0.00539134,-0.167414],[0.0380091,0.966209,0.254944],[0.163132,-0.257705,0.952353]],[[0.996875,-0.0189825,-0.0766806],[0.0359405,0.973401,0.22627],[0.0703458,-0.228319,0.971042]],[[0.996875,-0.0189825,-0.0766806],[0.026567,0.994719,0.099134],[0.0743939,-0.100861,0.992115]],[[0.996875,-0.0189825,-0.0766806],[0.0187997,0.999818,-0.00310557],[0.0767256,0.00165429,0.997051]]],"btipPosition":[-57.9776,332.781,-110.094],"carpPosition":[-41.3492,304.19,30.0261],"dipPosition":[-56.7754,332.807,-94.4725],"direction":[-0.0743939,0.100861,-0.992115],"extended":true,"handId":200,"id":2001,"length":53.9285,"mcpPosition":[-52.355,321.576,-34.2251],"pipPosition":[-55.1265,330.571,-72.4821],"stabilizedTipPosition":[-61.9229,330.459,-94.1189],"timeVisible":0.623708,"tipPosition":[-57.3557,331.367,-106.629],"tipVelocity":[38.4535,-27.3357,-103.538],"tool":false,"touchDistance":-0.441986,"touchZone":"touching","type":1,"width":17.738},{"bases":[[[0.977826,-0.19427,-0.0782011],[0.207708,0.947318,0.243817],[0.0267151,-0.254654,0.966663]],[[0.978135,-0.203797,-0.0414488],[0.0984087,0.629136,-0.771041],[0.183212,0.750103,0.635435]],[[0.978135,-0.203797,-0.0414488],[-0.146995,-0.5365,-0.831],[0.147118,0.818923,-0.554726]],[[0.978135,-0.203797,-0.0414488],[-0.205984,-0.921894,-0.328148],[0.0286642,0.329511,-0.943716]]],"btipPosition":[-44.5034,262.001,-31.1656],"carpPosition":[-30.3656,305.898,28.0396],"dipPosition":[-44.0094,267.679,-47.4286],"direction":[-0.147118,-0.818923,0.554726],"extended":false,"handId":200,"id":2002,"length":61.4471,"mcpPosition":[-32.0748,322.19,-33.8071],"pipPosition":[-40.173,289.035,-61.8942],"stabilizedTipPosition":[-51.0012,259.134,-21.6845],"timeVisible":0.623708,"tipPosition":[-44.4055,263.333,-35.161],"tipVelocity":[45.0542,-19.4376,-62.339],"tool":false,"touchDistance":0.333333,"touchZone":"none","type":2,"width":17.4211},{"bases":[[[0.952641,-0.300483,0.0467477],[0.277784,0.922417,0.268298],[-0.12374,-0.242606,0.962201]],[[0.948712,-0.307299,0.0742496],[0.2482,0.578523,-0.776987],[0.195812,0.755565,0.625123]],[[0.948712,-0.307299,0.0742496],[-0.114165,-0.55203,-0.825972],[0.294808,0.775133,-0.5588]],[[0.948712,-0.307299,0.0742496],[-0.266318,-0.903397,-0.336079],[0.170354,0.299068,-0.938902]]],"btipPosition":[-30.5752,262.857,-23.9651],"carpPosition":[-19.2522,304.693,26.637],"dipPosition":[-27.6564,267.981,-40.0521],"direction":[-0.294808,-0.775133,0.5588],"extended":false,"handId":200,"id":2003,"length":59.0831,"mcpPosition":[-12.1442,318.629,-28.6347],"pipPosition":[-20.1672,287.672,-54.2477],"stabilizedTipPosition":[-34.8099,260.716,-17.5455],"timeVisible":0.623708,"tipPosition":[-29.8252,264.156,-27.9399],"tipVelocity":[42.299,-10.3398,-76.2695],"tool":false,"touchDistance":0.333333,"touchZone":"none","type":3,"width":16.5772},{"bases":[[[0.872836,-0.474794,0.11282],[0.410542,0.83937,0.35625],[-0.263843,-0.26463,0.927555]],[[0.808656,-0.515678,0.283109],[0.544613,0.474283,-0.691703],[0.222422,0.713535,0.664377]],[[0.808656,-0.515678,0.283109],[-0.0509514,-0.540834,-0.839585],[0.586071,0.664511,-0.463623]],[[0.808656,-0.515678,0.283109],[-0.383889,-0.82723,-0.410268],[0.445762,0.223083,-0.866908]]],"btipPosition":[-19.5658,272.381,-23.078],"carpPosition":[-8.8255,296.892,25.7684],"dipPosition":[-12.5198,275.908,-36.781],"direction":[-0.586071,-0.664511,0.463623],"extended":false,"handId":200,"id":2004,"length":46.32,"mcpPosition":[5.2042,310.963,-23.5538],"pipPosition":[-2.00797,287.826,-45.0966],"stabilizedTipPosition":[-22.111,269.4,-16.2845],"timeVisible":0.623708,"tipPosition":[-17.6243,273.148,-26.2992],"tipVelocity":[35.3999,-3.57459,-63.0632],"tool":false,"touchDistance":0.333333,"touchZone":"none","type":4,"width":14.7252}],"r":[[0.848193,0.0544225,0.526883],[-0.0860144,0.995657,0.0356259],[-0.522656,-0.0755372,0.849191]],"s":1.13855,"t":[93.8829,147.529,-157.727],"timestamp":2713092685},false],[4,{"currentFrameRate":110.155,"devices":[],"gestures":[],"hands":[{"armBasis":[[0.920979,0.131806,-0.36664],[0.0573405,0.884937,0.462168],[0.38537,-0.44667,0.80745]],"armWidth":58.4334,"confidence":0.738108,"direction":[0.0137816,0.389068,-0.921106],"elbow":[72.2871,182.581,231.507],"grabStrength":0,"id":200,"palmNormal":[-0.0586424,-0.919293,-0.38918],"palmPosition":[-29.6575,309.216,-15.5011],"palmVelocity":[21.1498,-4.34899,-101.443],"palmWidth":83.4409,"pinchStrength":0.665497,"r":[[0.846353,0.0589893,0.529345],[-0.0890358,0.995533,0.031416],[-0.525128,-0.0737197,0.847825]],"s":1.14053,"sphereCenter":[-32.4852,279.852,-47.83],"sphereRadius":42.895,"stabilizedPalmPosition":[-33.4504,303.255,0.567018],"t":[94.0701,147.408,-158.708],"timeVisible":0.633031,"type":"right","wrist":[-23.1301,293.176,31.5827]}],"id":258486,"interactionBox":{"center":[0,200,0],"size":[235.247,235.247,147.751]},"pointables":[{"bases":[[[0.456807,0.874266,0.164272],[-0.782485,0.307069,0.541688],[0.423136,-0.375987,0.824372]],[[0.352395,0.935608,-0.0213277],[-0.849781,0.329449,0.411505],[0.392034,-0.126888,0.911158]],[[0.352395,0.935608,-0.0213277],[-0.930739,0.348,-0.112346],[-0.0976896,0.0594406,0.99344]],[[0.352395,0.935608,-0.0213277],[-0.863678,0.316358,-0.3924],[-0.360386,0.1567,0.919547]]],"btipPosition":[-57.0063,284.99,-61.6222],"carpPosition":[-49.8495,284.403,30.884],"dipPosition":[-64.7408,288.353,-41.887],"direction":[0.0976896,-0.0594406,-0.99344],"extended":false,"handId":200,"id":2000,"length":47.7925,"mcpPosition":[-49.8495,284.403,30.884],"pipPosition":[-67.7952,290.211,-10.8253],"stabilizedTipPosition":[-63.053,281.653,-45.9808],"timeVisible":0.633031,"tipPosition":[-58.5459,284.487,-57.1686],"tipVelocity":[32.5309,4.00704,-96.8221],"tool":false,"touchDistance":-0.44536,"touchZone":"touching","type":0,"width":18.5699},{"bases":[[[0.986327,0.00678887,-0.164658],[0.0351475,0.967497,0.250429],[0.161006,-0.252793,0.95403]],[[0.99706,-0.016874,-0.0747461],[0.0333243,0.973865,0.224671],[0.0690015,-0.226501,0.971564]],[[0.99706,-0.016874,-0.0747461],[0.0240922,0.995017,0.0967459],[0.0727412,-0.0982623,0.992498]],[[0.99706,-0.016874,-0.0747461],[0.0164557,0.999845,-0.0062086],[0.0748393,0.00496034,0.997183]]],"btipPosition":[-57.6458,332.344,-111.516],"carpPosition":[-41.28,304.265,28.7489],"dipPosition":[-56.4732,332.422,-95.8919],"direction":[-0.0727412,0.0982623,-0.992499],"extended":true,"handId":200,"id":2001,"length":53.9285,"mcpPosition":[-52.1424,321.32,-35.6155],"pipPosition":[-54.8609,330.244,-73.8931],"stabilizedTipPosition":[-61.8416,330.493,-94.3657],"timeVisible":0.633031,"tipPosition":[-57.0256,330.966,-108.046],"tipVelocity":[37.4363,-32.496,-117.368],"tool":false,"touchDistance":-0.447437,"touchZone":"touching","type":1,"width":17.738},{"bases":[[[0.978471,-0.192462,-0.0745145],[0.204918,0.948931,0.239871],[0.0245431,-0.249977,0.967941]],[[0.978698,-0.201813,-0.037714],[0.0988898,0.624369,-0.774844],[0.179921,0.754609,0.631026]],[[0.978698,-0.201813,-0.037714],[-0.143641,-0.541838,-0.828118],[0.14669,0.815894,-0.559284]],[[0.978698,-0.201813,-0.037714],[-0.203027,-0.924069,-0.323846],[0.0305059,0.324604,-0.945358]]],"btipPosition":[-44.1685,261.757,-32.1597],"carpPosition":[-30.2946,305.988,26.7852],"dipPosition":[-43.6428,267.351,-48.451],"direction":[-0.14669,-0.815894,0.559284],"extended":false,"handId":200,"id":2002,"length":61.4471,"mcpPosition":[-31.8648,321.982,-35.1433],"pipPosition":[-39.8176,288.627,-63.0355],"stabilizedTipPosition":[-50.8602,259.213,-21.9729],"timeVisible":0.633031,"tipPosition":[-44.0614,263.077,-36.1841],"tipVelocity":[42.691,-21.9396,-75.0667],"tool":false,"touchDistance":0.333333,"touchZone":"none","type":2,"width":17.4211},{"bases":[[[0.953168,-0.298133,0.050869],[0.27498,0.924303,0.264668],[-0.125925,-0.238285,0.962997]],[[0.949229,-0.304748,0.0780619],[0.248043,0.572408,-0.781552],[0.193493,0.761234,0.618937]],[[0.949229,-0.304748,0.0780619],[-0.11162,-0.558263,-0.822121],[0.294119,0.771668,-0.563936]],[[0.949229,-0.304748,0.0780619],[-0.263524,-0.905807,-0.331766],[0.171814,0.294351,-0.940126]]],"btipPosition":[-30.2846,262.654,-24.8232],"carpPosition":[-19.1746,304.802,25.4197],"dipPosition":[-27.3408,267.697,-40.9312],"direction":[-0.294119,-0.771668,0.563936],"extended":false,"handId":200,"id":2003,"length":59.0831,"mcpPosition":[-11.9411,318.49,-29.8978],"pipPosition":[-19.8691,287.3,-55.2573],"stabilizedTipPosition":[-34.7057,260.778,-17.7653],"timeVisible":0.633031,"tipPosition":[-29.5229,263.946,-28.8565],"tipVelocity":[39.3254,-14.136,-80.879],"tool":false,"touchDistance":0.333333,"touchZone":"none","type":3,"width":16.5772},{"bases":[[[0.873562,-0.472304,0.117549],[0.407672,0.841973,0.35339],[-0.265881,-0.260787,0.928061]],[[0.808925,-0.512545,0.287989],[0.545614,0.472048,-0.692442],[0.218963,0.717265,0.661503]],[[0.808925,-0.512545,0.287989],[-0.0472785,-0.544977,-0.837117],[0.586007,0.663549,-0.465078]],[[0.808925,-0.512545,0.287989],[-0.380831,-0.83001,-0.407493],[0.447892,0.219956,-0.866609]]],"btipPosition":[-19.2806,272.251,-24.141],"carpPosition":[-8.72828,297.019,24.6177],"dipPosition":[-12.2009,275.727,-37.8393],"direction":[-0.586007,-0.663549,0.465078],"extended":false,"handId":200,"id":2004,"length":46.32,"mcpPosition":[5.40975,310.887,-24.7313],"pipPosition":[-1.69024,287.629,-46.181],"stabilizedTipPosition":[-22.036,269.461,-16.4697],"timeVisible":0.633031,"tipPosition":[-17.3327,273.008,-27.3595],"tipVelocity":[34.2747,-6.87598,-77.4455],"tool":false,"touchDistance":0.333333,"touchZone":"none","type":4,"width":14.7252}],"r":[[0.846353,0.0589893,0.529345],[-0.0890358,0.995533,0.031416],[-0.525128,-0.0737197,0.847825]],"s":1.14053,"t":[94.0701,147.408,-158.708],"timestamp":2713102008},false],[5,{"currentFrameRate":110.299,"devices":[],"gestures":[],"hands":[{"armBasis":[[0.922423,0.131742,-0.363015],[0.0557707,0.884714,0.462785],[0.382132,-0.44713,0.808734]],"armWidth":58.4334,"confidence":0.739699,"direction":[0.0140804,0.385762,-0.922491],"elbow":[71.6402,182.395,231.133],"grabStrength":0,"id":200,"palmNormal":[-0.0571715,-0.920762,-0.385912],"palmPosition":[-29.4828,308.965,-16.2557],"palmVelocity":[20.7939,-10.851,-97.1826],"palmWidth":83.4409,"pinchStrength":0.662429,"r":[[0.84476,0.0632386,0.531396],[-0.0916944,0.995413,0.0273079],[-0.527231,-0.0717946,0.846683]],"s":1.14243,"sphereCenter":[-32.5045,279.632,-48.4738],"sphereRadius":42.8727,"stabilizedPalmPosition":[-33.4325,303.281,0.491105],"t":[94.2511,147.221,-159.575],"timeVisible":0.641842,"type":"right","wrist":[-22.9754,293.103,30.8911]}],"id":258487,"interactionBox":{"center":[0,200,0],"size":[235.247,235.247,147.751]},"pointables":[{"bases":[[[0.455582,0.87542,0.161504],[-0.783325,0.308047,0.539916],[0.422903,-0.372487,0.826079]],[[0.352123,0.935672,-0.0229744],[-0.850116,0.330001,0.410367],[0.391551,-0.124969,0.911631]],[[0.352123,0.935672,-0.0229744],[-0.930829,0.347524,-0.113065],[-0.0978076,0.0611979,0.993322]],[[0.352123,0.935672,-0.0229744],[-0.863452,0.315276,-0.393765],[-0.361192,0.158491,0.918924]]],"btipPosition":[-56.797,284.7,-62.3092],"carpPosition":[-49.6833,284.294,30.2015],"dipPosition":[-64.5488,288.102,-42.5874],"direction":[0.0978076,-0.0611979,-0.993322],"extended":false,"handId":200,"id":2000,"length":47.7925,"mcpPosition":[-49.6833,284.294,30.2015],"pipPosition":[-67.607,290.015,-11.5294],"stabilizedTipPosition":[-62.9753,281.719,-46.1854],"timeVisible":0.641842,"tipPosition":[-58.34,284.226,-57.8499],"tipVelocity":[30.0414,-5.6706,-91.8343],"tool":false,"touchDistance":-0.439509,"touchZone":"touching","type":0,"width":18.5699},{"bases":[[[0.986458,0.00742209,-0.163849],[0.0337345,0.968436,0.246969],[0.16051,-0.249151,0.955071]],[[0.997067,-0.0156251,-0.0749231],[0.0322151,0.973674,0.225656],[0.0694248,-0.227407,0.971322]],[[0.997067,-0.0156251,-0.0749231],[0.0228982,0.994999,0.0972207],[0.0730293,-0.0986511,0.992439]],[[0.997067,-0.0156251,-0.0749231],[0.0151953,0.999865,-0.00630376],[0.0750114,0.00514679,0.997169]]],"btipPosition":[-57.4948,332.034,-112.322],"carpPosition":[-41.1366,304.16,28.002],"dipPosition":[-56.3195,332.115,-96.6982],"direction":[-0.0730293,0.0986511,-0.992439],"extended":true,"handId":200,"id":2001,"length":53.9285,"mcpPosition":[-51.9656,320.969,-36.4326],"pipPosition":[-54.7008,329.928,-74.7007],"stabilizedTipPosition":[-61.7748,330.516,-94.5734],"timeVisible":0.641842,"tipPosition":[-56.8766,330.656,-108.854],"tipVelocity":[31.9822,-33.1978,-110.388],"tool":false,"touchDistance":-0.443118,"touchZone":"touching","type":1,"width":17.738},{"bases":[[[0.978772,-0.191512,-0.0729942],[0.203537,0.950044,0.236621],[0.024032,-0.246455,0.968856]],[[0.978979,-0.200731,-0.0361554],[0.0987736,0.621681,-0.777018],[0.178449,0.757113,0.628439]],[[0.978979,-0.200731,-0.0361554],[-0.14224,-0.544872,-0.826367],[0.146178,0.814139,-0.56197]],[[0.978979,-0.200731,-0.0361554],[-0.201598,-0.925402,-0.32092],[0.0309602,0.321462,-0.946416]]],"btipPosition":[-43.9224,261.422,-32.7595],"carpPosition":[-30.1517,305.889,26.0414],"dipPosition":[-43.3889,266.961,-49.069],"direction":[-0.146178,-0.814139,0.56197],"extended":false,"handId":200,"id":2002,"length":61.4471,"mcpPosition":[-31.6893,321.657,-35.9457],"pipPosition":[-39.577,288.192,-63.7235],"stabilizedTipPosition":[-50.7336,259.275,-22.2335],"timeVisible":0.641842,"tipPosition":[-43.8125,262.73,-36.7835],"tipVelocity":[38.7674,-26.6625,-73.3083],"tool":false,"touchDistance":0.333333,"touchZone":"none","type":2,"width":17.4211},{"bases":[[[0.953494,-0.296762,0.0527482],[0.273608,0.925593,0.261566],[-0.126446,-0.234969,0.963743]],[[0.949564,-0.303247,0.0798091],[0.247663,0.569169,-0.784034],[0.192331,0.764256,0.615566]],[[0.949564,-0.303247,0.0798091],[-0.11049,-0.561759,-0.81989],[0.293463,0.76972,-0.566931]],[[0.949564,-0.303247,0.0798091],[-0.262129,-0.907321,-0.328721],[0.172096,0.291222,-0.941049]]],"btipPosition":[-30.0498,262.352,-25.3662],"carpPosition":[-19.0292,304.712,24.6895],"dipPosition":[-27.1011,267.342,-41.49],"direction":[-0.293463,-0.76972,0.566931],"extended":false,"handId":200,"id":2003,"length":59.0831,"mcpPosition":[-11.7657,318.209,-30.6708],"pipPosition":[-19.6461,286.896,-55.8921],"stabilizedTipPosition":[-34.6175,260.823,-17.9523],"timeVisible":0.641842,"tipPosition":[-29.2872,263.633,-29.4094],"tipVelocity":[35.9413,-19.9258,-75.7979],"tool":false,"touchDistance":0.333333,"touchZone":"none","type":3,"width":16.5772},{"bases":[[[0.874048,-0.470791,0.119988],[0.406327,0.843748,0.350696],[-0.266344,-0.25777,0.928771]],[[0.809104,-0.510579,0.290964],[0.545646,0.468848,-0.694587],[0.218224,0.720756,0.657943]],[[0.809104,-0.510579,0.290964],[-0.0462664,-0.548925,-0.83459],[0.585842,0.661808,-0.46776]],[[0.809104,-0.510579,0.290964],[-0.379568,-0.832029,-0.404543],[0.448642,0.216877,-0.866998]]],"btipPosition":[-19.0851,271.977,-24.7023],"carpPosition":[-8.57248,296.939,23.9245],"dipPosition":[-11.9936,275.405,-38.4067],"direction":[-0.585842,-0.661808,0.46776],"extended":false,"handId":200,"id":2004,"length":46.32,"mcpPosition":[5.5902,310.646,-25.4623],"pipPosition":[-1.48585,287.275,-46.7965],"stabilizedTipPosition":[-21.9751,269.505,-16.621],"timeVisible":0.641842,"tipPosition":[-17.1331,272.728,-27.9391],"tipVelocity":[31.0989,-13.7424,-73.7826],"tool":false,"touchDistance":0.333333,"touchZone":"none","type":4,"width":14.7252}],"r":[[0.84476,0.0632386,0.531396],[-0.0916944,0.995413,0.0273079],[-0.527231,-0.0717946,0.846683]],"s":1.14243,"t":[94.2511,147.221,-159.575],"timestamp":2713110819},false],[6,{"currentFrameRate":110.213,"devices":[],"gestures":[],"hands":[{"armBasis":[[0.920578,0.134473,-0.366678],[0.0531414,0.886996,0.458709],[0.386926,-0.441763,0.809403]],"armWidth":58.4334,"confidence":0.731699,"direction":[0.0139339,0.386054,-0.922371],"elbow":[72.9619,183.4,230.153],"grabStrength":0,"id":200,"palmNormal":[-0.0544293,-0.9208,-0.386219],"palmPosition":[-29.3455,308.638,-17.4034],"palmVelocity":[19.1385,-17.7475,-104.815],"palmWidth":83.4409,"pinchStrength":0.65124,"r":[[0.843341,0.0670491,0.53318],[-0.094334,0.99525,0.0240541],[-0.529035,-0.0705828,0.84566]],"s":1.14461,"sphereCenter":[-32.5637,279.502,-49.5968],"sphereRadius":42.8371,"stabilizedPalmPosition":[-33.418,303.3,0.427756],"t":[94.4102,146.965,-160.583],"timeVisible":0.651067,"type":"right","wrist":[-22.8406,292.78,29.7451]}],"id":258488,"interactionBox":{"center":[0,200,0],"size":[235.247,235.247,147.751]},"pointables":[{"bases":[[[0.453164,0.876553,0.162168],[-0.784619,0.305866,0.539276],[0.423102,-0.37162,0.826367]],[[0.350562,0.936304,-0.0210027],[-0.851005,0.327828,0.410268],[0.391021,-0.125951,0.911723]],[[0.350562,0.936304,-0.0210027],[-0.93138,0.346192,-0.112621],[-0.0981766,0.0590422,0.993416]],[[0.350562,0.936304,-0.0210027],[-0.862766,0.314142,-0.396169],[-0.364337,0.157002,0.917937]]],"btipPosition":[-56.5353,284.452,-63.4684],"carpPosition":[-49.5249,283.902,29.0284],"dipPosition":[-64.3547,287.822,-43.7677],"direction":[0.0981766,-0.0590422,-0.993416],"extended":false,"handId":200,"id":2000,"length":47.7925,"mcpPosition":[-49.5249,283.902,29.0284],"pipPosition":[-67.4243,289.668,-12.7068],"stabilizedTipPosition":[-62.9118,281.767,-46.3599],"timeVisible":0.651067,"tipPosition":[-58.1068,283.99,-59.0152],"tipVelocity":[29.0997,-11.8379,-101.464],"tool":false,"touchDistance":-0.441352,"touchZone":"touching","type":0,"width":18.5699},{"bases":[[[0.986586,0.0100228,-0.162934],[0.0309974,0.968451,0.247267],[0.160272,-0.249001,0.95515]],[[0.997094,-0.012737,-0.0751097],[0.0298127,0.972533,0.230848],[0.0701063,-0.232417,0.970086]],[[0.997094,-0.012737,-0.0751097],[0.0204063,0.99455,0.102243],[0.0733981,-0.103479,0.99192]],[[0.997094,-0.012737,-0.0751097],[0.0126491,0.999919,-0.00164548],[0.0751245,0.000690628,0.997174]]],"btipPosition":[-57.4065,332.029,-113.427],"carpPosition":[-41.0277,303.79,26.8422],"dipPosition":[-56.2295,332.04,-97.8031],"direction":[-0.0733981,0.103479,-0.99192],"extended":true,"handId":200,"id":2001,"length":53.9285,"mcpPosition":[-51.8406,320.589,-37.5977],"pipPosition":[-54.6026,329.746,-75.8171],"stabilizedTipPosition":[-61.721,330.534,-94.7504],"timeVisible":0.651067,"tipPosition":[-56.7925,330.633,-109.967],"tipVelocity":[25.7083,-24.5446,-113.022],"tool":false,"touchDistance":-0.443714,"touchZone":"touching","type":1,"width":17.738},{"bases":[[[0.979332,-0.188955,-0.0721415],[0.200856,0.950502,0.237072],[0.0237746,-0.246662,0.96881]],[[0.97953,-0.198166,-0.0353795],[0.096299,0.615639,-0.782122],[0.176771,0.762705,0.62212]],[[0.97953,-0.198166,-0.0353795],[-0.141134,-0.550751,-0.822651],[0.143536,0.810804,-0.567445]],[[0.97953,-0.198166,-0.0353795],[-0.199016,-0.926945,-0.318065],[0.0302349,0.318595,-0.947409]]],"btipPosition":[-43.6442,260.984,-33.4664],"carpPosition":[-30.0455,305.549,24.8922],"dipPosition":[-43.1231,266.474,-49.793],"direction":[-0.143536,-0.810804,0.567445],"extended":false,"handId":200,"id":2002,"length":61.4471,"mcpPosition":[-31.5666,321.33,-37.0918],"pipPosition":[-39.3801,287.617,-64.5904],"stabilizedTipPosition":[-50.6059,259.328,-22.4991],"timeVisible":0.651067,"tipPosition":[-43.534,262.317,-37.6327],"tipVelocity":[36.2663,-32.8475,-74.3598],"tool":false,"touchDistance":0.333333,"touchZone":"none","type":2,"width":17.4211},{"bases":[[[0.95421,-0.294306,0.0535484],[0.270968,0.926225,0.262074],[-0.126728,-0.235564,0.963561]],[[0.950273,-0.300807,0.0805965],[0.246798,0.569593,-0.783999],[0.189926,0.764905,0.615507]],[[0.950273,-0.300807,0.0805965],[-0.108354,-0.562004,-0.820006],[0.29196,0.770497,-0.566651]],[[0.950273,-0.300807,0.0805965],[-0.259457,-0.907876,-0.329308],[0.17223,0.292021,-0.940776]]],"btipPosition":[-29.7886,262.015,-26.5043],"carpPosition":[-18.9187,304.401,23.5504],"dipPosition":[-26.8377,267.018,-42.6234],"direction":[-0.29196,-0.770497,0.566651],"extended":false,"handId":200,"id":2003,"length":59.0831,"mcpPosition":[-11.6391,317.932,-31.7994],"pipPosition":[-19.4208,286.592,-57.0184],"stabilizedTipPosition":[-34.5386,260.857,-18.1281],"timeVisible":0.651067,"tipPosition":[-29.0255,263.301,-30.5473],"tipVelocity":[33.8172,-24.4907,-89.1024],"tool":false,"touchDistance":0.333333,"touchZone":"none","type":3,"width":16.5772},{"bases":[[[0.875153,-0.468558,0.120667],[0.403816,0.8447,0.351305],[-0.266534,-0.258718,0.928453]],[[0.810002,-0.508623,0.291889],[0.544748,0.468311,-0.695654],[0.21713,0.722487,0.656405]],[[0.810002,-0.508623,0.291889],[-0.0448978,-0.550068,-0.833912],[0.584705,0.662366,-0.468392]],[[0.810002,-0.508623,0.291889],[-0.377171,-0.832981,-0.404826],[0.449042,0.217818,-0.866555]]],"btipPosition":[-18.8942,271.662,-25.7628],"carpPosition":[-8.4412,296.655,22.7929],"dipPosition":[-11.7963,275.105,-39.4602],"direction":[-0.584705,-0.662366,0.468392],"extended":false,"handId":200,"id":2004,"length":46.32,"mcpPosition":[5.73158,310.413,-26.577],"pipPosition":[-1.