{"sensorType":"Leap","data":[[0,{"currentFrameRate":110.409,"devices":[],"gestures":[],"hands":[{"armBasis":[[0.930917,0.107484,-0.349056],[0.0824004,0.869266,0.487428],[0.355813,-0.482518,0.800358]],"armWidth":58.4334,"confidence":0.628462,"direction":[0.0631313,0.525807,-0.848258],"elbow":[69.3813,163.101,225.501],"grabStrength":0,"id":197,"palmNormal":[-0.079414,-0.844612,-0.529457],"palmPosition":[-22.8603,305.968,-16.8507],"palmVelocity":[27.7305,6.92817,-114.584],"palmWidth":83.4409,"pinchStrength":0.616401,"r":[[0.854281,0.0284005,0.519034],[-0.12995,0.978469,0.160346],[-0.503305,-0.20443,0.839579]],"s":1.04511,"sphereCenter":[-30.5151,285.655,-51.7727],"sphereRadius":42.4338,"stabilizedPalmPosition":[-31.1585,295.519,8.11795],"t":[87.5394,129.396,-151.764],"timeVisible":0.687129,"type":"right","wrist":[-18.7177,282.572,27.3332]}],"id":256994,"interactionBox":{"center":[0,200,0],"size":[235.247,235.247,147.751]},"pointables":[{"bases":[[[0.48367,0.817488,0.312692],[-0.789765,0.253633,0.558518],[0.377273,-0.517091,0.768298]],[[0.37448,0.920505,0.111511],[-0.852566,0.294543,0.431713],[0.364549,-0.256738,0.895092]],[[0.37448,0.920505,0.111511],[-0.916931,0.38551,-0.103051],[-0.137848,-0.0636571,0.988406]],[[0.37448,0.920505,0.111511],[-0.810867,0.383436,-0.442122],[-0.449733,0.0751456,0.889996]]],"btipPosition":[-48.4357,287.321,-66.5301],"carpPosition":[-45.7103,275.191,24.4491],"dipPosition":[-58.0878,288.934,-47.4291],"direction":[0.137848,0.0636571,-0.988406],"extended":false,"handId":197,"id":1970,"length":47.7925,"mcpPosition":[-45.7103,275.191,24.4491],"pipPosition":[-62.3979,286.944,-16.5248],"stabilizedTipPosition":[-58.6922,283.153,-45.7151],"timeVisible":0.687129,"tipPosition":[-50.3671,286.692,-62.3556],"tipVelocity":[50.5739,-14.9606,-115.601],"tool":false,"touchDistance":-0.448449,"touchZone":"touching","type":0,"width":18.5699},{"bases":[[[0.991317,-0.0110741,-0.131023],[0.0629893,0.914669,0.399267],[0.115421,-0.404053,0.907424]],[[0.996764,-0.0376408,-0.0710217],[0.0632618,0.912451,0.404266],[0.0495869,-0.407451,0.91188]],[[0.996764,-0.0376408,-0.0710217],[0.0560832,0.958641,0.279037],[0.0575811,-0.282117,0.95765]],[[0.996764,-0.0376408,-0.0710217],[0.0495881,0.983358,0.174781],[0.0632608,-0.177738,0.982042]]],"btipPosition":[-48.3168,347.101,-108.055],"carpPosition":[-36.3088,294.75,25.7046],"dipPosition":[-47.3257,344.316,-92.6681],"direction":[-0.0575811,0.282117,-0.95765],"extended":true,"handId":197,"id":1971,"length":53.9285,"mcpPosition":[-44.0957,322.01,-35.5155],"pipPosition":[-46.0494,338.063,-71.4417],"stabilizedTipPosition":[-54.6866,341.546,-87.3569],"timeVisible":0.687129,"tipPosition":[-47.6337,344.94,-104.925],"tipVelocity":[43.2037,5.91197,-128.574],"tool":false,"touchDistance":-0.460511,"touchZone":"touching","type":1,"width":17.738},{"bases":[[[0.972437,-0.221327,-0.0733549],[0.232195,0.890536,0.391193],[-0.0212562,-0.397443,0.917381]],[[0.972405,-0.221908,-0.0720116],[0.100541,0.677128,-0.728965],[0.210524,0.701609,0.680753]],[[0.972405,-0.221908,-0.0720116],[-0.179401,-0.513915,-0.838872],[0.149145,0.828642,-0.539544]],[[0.972405,-0.221908,-0.0720116],[-0.232937,-0.906257,-0.352758],[0.0130189,0.359798,-0.93294]]],"btipPosition":[-37.2587,262.88,-34.2627],"carpPosition":[-25.1995,296.273,24.3742],"dipPosition":[-37.0343,269.08,-50.3399],"direction":[-0.149145,-0.828642,0.539544],"extended":false,"handId":197,"id":1972,"length":61.4471,"mcpPosition":[-23.8396,321.701,-34.3195],"pipPosition":[-33.145,290.689,-64.4097],"stabilizedTipPosition":[-45.055,261.246,-24.1746],"timeVisible":0.687129,"tipPosition":[-37.1909,264.455,-38.4517],"tipVelocity":[46.0228,-9.48077,-92.3614],"tool":false,"touchDistance":0.333333,"touchZone":"none","type":2,"width":17.4211},{"bases":[[[0.938421,-0.3439,0.033165],[0.300282,0.859324,0.413997],[-0.170873,-0.378545,0.909674]],[[0.934326,-0.352353,0.053682],[0.256199,0.559236,-0.788427],[0.247784,0.750401,0.612782]],[[0.934326,-0.352353,0.053682],[-0.177245,-0.590005,-0.787704],[0.309223,0.726458,-0.61371]],[[0.934326,-0.352353,0.053682],[-0.32059,-0.89663,-0.305411],[0.155746,0.268144,-0.950706]]],"btipPosition":[-24.9511,262.776,-22.2973],"carpPosition":[-14.0903,294.826,23.1846],"dipPosition":[-22.2826,267.37,-38.5866],"direction":[-0.309223,-0.726458,0.61371],"extended":false,"handId":197,"id":1973,"length":59.0831,"mcpPosition":[-4.27482,316.571,-29.0697],"pipPosition":[-14.4272,285.825,-54.1771],"stabilizedTipPosition":[-30.6319,260.556,-16.8911],"timeVisible":0.687129,"tipPosition":[-24.223,263.95,-27.102],"tipVelocity":[38.5954,0.417681,-34.7041],"tool":false,"touchDistance":0.333333,"touchZone":"none","type":3,"width":16.5772},{"bases":[[[0.849735,-0.522627,0.0693637],[0.426301,0.758531,0.492846],[-0.310189,-0.389219,0.867347]],[[0.847606,-0.525262,0.0752611],[0.4122,0.562461,-0.716749],[0.334149,0.638543,0.693258]],[[0.847606,-0.525262,0.0752611],[-0.218826,-0.475224,-0.852219],[0.483404,0.705877,-0.517743]],[[0.847606,-0.525262,0.0752611],[-0.453815,-0.791083,-0.41017],[0.274985,0.313508,-0.908898]]],"btipPosition":[-11.2864,269.185,-23.4454],"carpPosition":[-3.92859,286.81,21.5015],"dipPosition":[-6.93984,274.141,-37.8121],"direction":[-0.483404,-0.705877,0.517743],"extended":false,"handId":197,"id":1974,"length":46.32,"mcpPosition":[12.5655,307.507,-24.6191],"pipPosition":[1.73054,286.802,-47.0984],"stabilizedTipPosition":[-16.2239,266.307,-15.6377],"timeVisible":0.687129,"tipPosition":[-10.0375,270.411,-27.253],"tipVelocity":[35.9434,2.1775,-79.7166],"tool":false,"touchDistance":0.333333,"touchZone":"none","type":4,"width":14.7252}],"r":[[0.854281,0.0284005,0.519034],[-0.12995,0.978469,0.160346],[-0.503305,-0.20443,0.839579]],"s":1.04511,"t":[87.5394,129.396,-151.764],"timestamp":2699390341},false],[1,{"currentFrameRate":110.46,"devices":[],"gestures":[],"hands":[{"armBasis":[[0.932088,0.105836,-0.346425],[0.0807668,0.871565,0.483582],[0.353113,-0.478721,0.803827]],"armWidth":58.4334,"confidence":0.632953,"direction":[0.0651639,0.523254,-0.849681],"elbow":[68.8345,163.97,225.513],"grabStrength":0,"id":197,"palmNormal":[-0.0775798,-0.846258,-0.527095],"palmPosition":[-22.6306,305.76,-17.78],"palmVelocity":[27.1522,-1.30062,-111.599],"palmWidth":83.4409,"pinchStrength":0.614954,"r":[[0.852246,0.0320798,0.522156],[-0.132313,0.978884,0.155818],[-0.506132,-0.201883,0.838495]],"s":1.04843,"sphereCenter":[-30.6306,285.624,-52.5893],"sphereRadius":42.4513,"stabilizedPalmPosition":[-31.1384,295.543,8.05671],"t":[87.7788,129.278,-152.781],"timeVisible":0.696093,"type":"right","wrist":[-18.5958,282.501,26.4859]}],"id":256995,"interactionBox":{"center":[0,200,0],"size":[235.247,235.247,147.751]},"pointables":[{"bases":[[[0.482432,0.818673,0.311504],[-0.791389,0.254944,0.555614],[0.37545,-0.514566,0.770882]],[[0.374409,0.920612,0.110867],[-0.853452,0.295387,0.429379],[0.362542,-0.255383,0.896294]],[[0.374409,0.920612,0.110867],[-0.916543,0.385555,-0.10629],[-0.140597,-0.0618183,0.988135]],[[0.374409,0.920612,0.110867],[-0.809082,0.382757,-0.445964],[-0.452995,0.0772726,0.888158]]],"btipPosition":[-48.0547,287.063,-67.4347],"carpPosition":[-45.577,275.099,23.5515],"dipPosition":[-57.7768,288.722,-48.3732],"direction":[0.140597,0.0618184,-0.988135],"extended":false,"handId":197,"id":1970,"length":47.7925,"mcpPosition":[-45.577,275.099,23.5515],"pipPosition":[-62.1728,286.789,-17.4773],"stabilizedTipPosition":[-58.5944,283.203,-45.9168],"timeVisible":0.696093,"tipPosition":[-50.0161,286.452,-63.2672],"tipVelocity":[47.8753,-18.4225,-111.861],"tool":false,"touchDistance":-0.445644,"touchZone":"touching","type":0,"width":18.5699},{"bases":[[[0.991672,-0.0109869,-0.128318],[0.0614722,0.91591,0.396649],[0.11317,-0.401233,0.908958]],[[0.99688,-0.0366268,-0.0699195],[0.0620282,0.911331,0.406975],[0.0488136,-0.410042,0.910759]],[[0.99688,-0.0366268,-0.0699195],[0.0549556,0.957918,0.281733],[0.0566582,-0.284696,0.956942]],[[0.99688,-0.0366268,-0.0699195],[0.0485459,0.982973,0.177221],[0.062238,-0.180063,0.981684]]],"btipPosition":[-47.9776,347.022,-109.025],"carpPosition":[-36.1884,294.666,24.7729],"dipPosition":[-47.0024,344.2,-93.6434],"direction":[-0.0566582,0.284696,-0.956942],"extended":true,"handId":197,"id":1971,"length":53.9285,"mcpPosition":[-43.8235,321.735,-36.5507],"pipPosition":[-45.7466,337.89,-72.4328],"stabilizedTipPosition":[-54.6322,341.584,-87.4991],"timeVisible":0.696093,"tipPosition":[-47.3008,344.854,-105.9],"tipVelocity":[41.6244,1.62488,-123.034],"tool":false,"touchDistance":-0.457359,"touchZone":"touching","type":1,"width":17.738},{"bases":[[[0.972738,-0.221072,-0.0700612],[0.230711,0.891835,0.389104],[-0.0235371,-0.39466,0.918526]],[[0.972701,-0.221663,-0.0686858],[0.102171,0.67482,-0.730875],[0.208358,0.703905,0.679046]],[[0.972701,-0.221663,-0.0686858],[-0.176879,-0.516584,-0.837768],[0.15022,0.827047,-0.541689]],[[0.972701,-0.221663,-0.0686858],[-0.231548,-0.907404,-0.350719],[0.0154157,0.357049,-0.933958]]],"btipPosition":[-36.9631,262.606,-35.0935],"carpPosition":[-25.0763,296.19,23.4677],"dipPosition":[-36.6975,268.759,-51.1883],"direction":[-0.15022,-0.827047,0.541689],"extended":false,"handId":197,"id":1972,"length":61.4471,"mcpPosition":[-23.5704,321.44,-35.2992],"pipPosition":[-32.7802,290.326,-65.314],"stabilizedTipPosition":[-44.9756,261.273,-24.317],"timeVisible":0.696093,"tipPosition":[-36.8843,264.169,-39.2828],"tipVelocity":[42.7406,-15.5747,-92.5724],"tool":false,"touchDistance":0.333333,"touchZone":"none","type":2,"width":17.4211},{"bases":[[[0.938493,-0.343337,0.0367394],[0.298751,0.860726,0.412187],[-0.173142,-0.375859,0.910358]],[[0.934305,-0.351811,0.0574702],[0.257574,0.554808,-0.791103],[0.246434,0.753934,0.608977]],[[0.934305,-0.351811,0.0574702],[-0.175307,-0.593839,-0.785253],[0.310389,0.723591,-0.616502]],[[0.934305,-0.351811,0.0574702],[-0.31943,-0.897824,-0.303111],[0.158236,0.26484,-0.951221]]],"btipPosition":[-24.7107,262.525,-22.9732],"carpPosition":[-13.9632,294.745,22.3125],"dipPosition":[-21.9995,267.062,-39.2712],"direction":[-0.310389,-0.723591,0.616502],"extended":false,"handId":197,"id":1973,"length":59.0831,"mcpPosition":[-4.01743,316.335,-29.9812],"pipPosition":[-14.1145,285.444,-54.9326],"stabilizedTipPosition":[-30.4562,260.636,-17.1551],"timeVisible":0.696093,"tipPosition":[-23.9678,263.688,-27.7633],"tipVelocity":[35.6727,-7.75363,-45.9014],"tool":false,"touchDistance":0.333333,"touchZone":"none","type":3,"width":16.5772},{"bases":[[[0.849797,-0.521997,0.0732429],[0.424606,0.760236,0.491681],[-0.312338,-0.38673,0.86769]],[[0.847193,-0.525168,0.0803944],[0.410007,0.550039,-0.727566],[0.337874,0.649351,0.681311]],[[0.847193,-0.525168,0.0803944],[-0.22227,-0.487793,-0.844188],[0.482556,0.697321,-0.529984]],[[0.847193,-0.525168,0.0803944],[-0.454589,-0.794863,-0.401922],[0.274979,0.303959,-0.912138]]],"btipPosition":[-11.1422,268.926,-23.6258],"carpPosition":[-3.79316,286.729,20.6812],"dipPosition":[-6.7957,273.73,-38.0437],"direction":[-0.482556,-0.697321,0.529984],"extended":false,"handId":197,"id":1974,"length":46.32,"mcpPosition":[12.8152,307.293,-25.4577],"pipPosition":[1.85947,286.237,-47.5496],"stabilizedTipPosition":[-16.156,266.349,-15.7638],"timeVisible":0.696093,"tipPosition":[-9.86833,270.14,-27.5954],"tipVelocity":[30.5097,-7.40853,-63.7691],"tool":false,"touchDistance":0.333333,"touchZone":"none","type":4,"width":14.7252}],"r":[[0.852246,0.0320798,0.522156],[-0.132313,0.978884,0.155818],[-0.506132,-0.201883,0.838495]],"s":1.04843,"t":[87.7788,129.278,-152.781],"timestamp":2699399305},false],[2,{"currentFrameRate":110.281,"devices":[],"gestures":[],"hands":[{"armBasis":[[0.934483,0.106793,-0.339614],[0.0744724,0.874203,0.479816],[0.348132,-0.473671,0.808974]],"armWidth":58.4334,"confidence":0.530412,"direction":[0.0690033,0.529923,-0.845234],"elbow":[67.4108,165.539,224.407],"grabStrength":0,"id":197,"palmNormal":[-0.070275,-0.842566,-0.533988],"palmPosition":[-22.6042,306.396,-20.0115],"palmVelocity":[20.2307,18.3481,-147.496],"palmWidth":83.4409,"pinchStrength":0.567194,"r":[[0.849827,0.0349495,0.525901],[-0.135229,0.978856,0.153471],[-0.509418,-0.20154,0.836585]],"s":1.05307,"sphereCenter":[-30.8486,286.933,-54.7956],"sphereRadius":42.4671,"stabilizedPalmPosition":[-31.1233,295.562,8.00705],"t":[87.9118,129.537,-154.406],"timeVisible":0.705477,"type":"right","wrist":[-18.7865,282.82,24.1058]}],"id":256996,"interactionBox":{"center":[0,200,0],"size":[235.247,235.247,147.751]},"pointables":[{"bases":[[[0.476762,0.81829,0.321091],[-0.796383,0.247455,0.551852],[0.37212,-0.518813,0.769649]],[[0.37004,0.921106,0.120976],[-0.857771,0.288741,0.425274],[0.356791,-0.261138,0.896943]],[[0.37004,0.921106,0.120976],[-0.916977,0.38303,-0.111536],[-0.149074,-0.0696596,0.986369]],[[0.37004,0.921106,0.120976],[-0.805012,0.382915,-0.453136],[-0.463709,0.0702908,0.883195]]],"btipPosition":[-47.4341,287.952,-69.9309],"carpPosition":[-45.7148,275.328,20.9233],"dipPosition":[-57.3862,289.46,-50.9759],"direction":[0.149074,0.0696596,-0.986369],"extended":false,"handId":197,"id":1970,"length":47.7925,"mcpPosition":[-45.7148,275.328,20.9233],"pipPosition":[-62.0473,287.282,-20.1353],"stabilizedTipPosition":[-58.5105,283.251,-46.1028],"timeVisible":0.705477,"tipPosition":[-49.5123,287.366,-65.7963],"tipVelocity":[51.4642,12.6971,-156.451],"tool":false,"touchDistance":-0.467224,"touchZone":"touching","type":0,"width":18.5699},{"bases":[[[0.992597,-0.0059042,-0.121314],[0.0548026,0.913135,0.403958],[0.108391,-0.407615,0.906698]],[[0.997393,-0.0310371,-0.065152],[0.0556299,0.905752,0.42014],[0.0459717,-0.422669,0.905117]],[[0.997393,-0.0310371,-0.065152],[0.0490055,0.954011,0.29574],[0.0529768,-0.298162,0.953044]],[[0.997393,-0.0310371,-0.065152],[0.0430235,0.980545,0.191522],[0.0579402,-0.193826,0.979324]]],"btipPosition":[-47.6232,348.723,-110.94],"carpPosition":[-36.4173,294.925,22.3588],"dipPosition":[-46.7154,345.686,-95.5963],"direction":[-0.0529768,0.298162,-0.953044],"extended":true,"handId":197,"id":1971,"length":53.9285,"mcpPosition":[-43.73,322.425,-38.8123],"pipPosition":[-45.5412,339.077,-74.4721],"stabilizedTipPosition":[-54.5799,341.63,-87.6436],"timeVisible":0.705477,"tipPosition":[-46.9515,346.507,-107.845],"tipVelocity":[40.0574,51.217,-146.371],"tool":false,"touchDistance":-0.468823,"touchZone":"touching","type":1,"width":17.738},{"bases":[[[0.974131,-0.2165,-0.0647755],[0.22419,0.88982,0.397441],[-0.0284075,-0.401682,0.915339]],[[0.974077,-0.21724,-0.0630898],[0.0963401,0.650715,-0.753186],[0.204675,0.727583,0.654775]],[[0.974077,-0.21724,-0.0630898],[-0.175206,-0.54808,-0.81787],[0.143096,0.807723,-0.571934]],[[0.974077,-0.21724,-0.0630898],[-0.225805,-0.916931,-0.329012],[0.0136254,0.334729,-0.942216]]],"btipPosition":[-36.4985,263.212,-35.209],"carpPosition":[-25.3028,296.504,21.1445],"dipPosition":[-36.2637,268.98,-51.4461],"direction":[-0.143096,-0.807723,0.571934],"extended":false,"handId":197,"id":1972,"length":61.4471,"mcpPosition":[-23.4853,322.204,-37.4185],"pipPosition":[-32.5322,290.044,-66.3605],"stabilizedTipPosition":[-44.8941,261.304,-24.4568],"timeVisible":0.705477,"tipPosition":[-36.4445,264.806,-40.1006],"tipVelocity":[44.4507,4.53834,-70.7329],"tool":false,"touchDistance":0.333333,"touchZone":"none","type":2,"width":17.4211},{"bases":[[[0.939643,-0.33971,0.0408549],[0.292195,0.85882,0.420774],[-0.178028,-0.383439,0.906245]],[[0.935313,-0.348413,0.0616253],[0.260546,0.560379,-0.786187],[0.239384,0.751388,0.614908]],[[0.935313,-0.348413,0.0616253],[-0.167545,-0.589535,-0.790176],[0.311638,0.728737,-0.609774]],[[0.935313,-0.348413,0.0616253],[-0.313559,-0.896904,-0.311839],[0.163921,0.272344,-0.948134]]],"btipPosition":[-24.4829,263.175,-25.4583],"carpPosition":[-14.1758,295.114,20.0579],"dipPosition":[-21.6743,267.841,-41.7035],"direction":[-0.311638,-0.728737,0.609774],"extended":false,"handId":197,"id":1973,"length":59.0831,"mcpPosition":[-3.94931,317.14,-31.9996],"pipPosition":[-13.7575,286.354,-57.194],"stabilizedTipPosition":[-30.3209,260.71,-17.4011],"timeVisible":0.705477,"tipPosition":[-23.7097,264.378,-30.2205],"tipVelocity":[33.111,15.0518,-107.806],"tool":false,"touchDistance":0.333333,"touchZone":"none","type":3,"width":16.5772},{"bases":[[[0.85144,-0.519006,0.075379],[0.417903,0.758255,0.500406],[-0.316871,-0.394565,0.862503]],[[0.84838,-0.522745,0.0835992],[0.409127,0.547212,-0.730188],[0.335955,0.653679,0.678113]],[[0.84838,-0.522745,0.0835992],[-0.220552,-0.492574,-0.84186],[0.481257,0.695779,-0.533182]],[[0.84838,-0.522745,0.0835992],[-0.451056,-0.796446,-0.402768],[0.277127,0.303993,-0.911476]]],"btipPosition":[-11.0173,269.653,-25.4417],"carpPosition":[-3.96079,287.153,18.4389],"dipPosition":[-6.63679,274.459,-39.8491],"direction":[-0.481257,-0.695779,0.533182],"extended":false,"handId":197,"id":1974,"length":46.32,"mcpPosition":[12.8886,308.134,-27.4241],"pipPosition":[1.99507,286.938,-49.4123],"stabilizedTipPosition":[-16.1032,266.387,-15.8754],"timeVisible":0.705477,"tipPosition":[-9.72066,270.882,-29.5368],"tipVelocity":[25.8558,16.7612,-100.599],"tool":false,"touchDistance":0.333333,"touchZone":"none","type":4,"width":14.7252}],"r":[[0.849827,0.0349495,0.525901],[-0.135229,0.978856,0.153471],[-0.509418,-0.20154,0.836585]],"s":1.05307,"t":[87.9118,129.537,-154.406],"timestamp":2699408689},false],[3,{"currentFrameRate":110.566,"devices":[],"gestures":[],"hands":[{"armBasis":[[0.934755,0.112705,-0.336943],[0.0679305,0.874164,0.480857],[0.348739,-0.472372,0.809473]],"armWidth":58.4334,"confidence":0.539409,"direction":[0.0715567,0.52854,-0.845887],"elbow":[67.4869,165.98,223.193],"grabStrength":0,"id":197,"palmNormal":[-0.0637424,-0.843904,-0.532694],"palmPosition":[-22.5277,306.412,-21.417],"palmVelocity":[17.2708,14.0172,-151.983],"palmWidth":83.4409,"pinchStrength":0.542909,"r":[[0.847247,0.0381653,0.529826],[-0.138542,0.978771,0.151039],[-0.512814,-0.201371,0.834549]],"s":1.05759,"sphereCenter":[-30.952,287.139,-56.0777],"sphereRadius":42.4932,"stabilizedPalmPosition":[-31.1133,295.575,7.97289],"t":[88.0165,129.675,-155.921],"timeVisible":0.714017,"type":"right","wrist":[-18.8605,282.939,22.768]}],"id":256997,"interactionBox":{"center":[0,200,0],"size":[235.247,235.247,147.751]},"pointables":[{"bases":[[[0.471521,0.820911,0.322138],[-0.80051,0.245206,0.546862],[0.369935,-0.515732,0.772767]],[[0.366207,0.922441,0.122452],[-0.860907,0.285915,0.420823],[0.353173,-0.259528,0.89884]],[[0.366207,0.922441,0.122452],[-0.917287,0.379979,-0.119161],[-0.156449,-0.0686859,0.985295]],[[0.366207,0.922441,0.122452],[-0.801193,0.379492,-0.462683],[-0.473268,0.0713302,0.878026]]],"btipPosition":[-46.8569,287.825,-71.3477],"carpPosition":[-45.7389,275.328,19.4488],"dipPosition":[-57.0141,289.356,-52.5037],"direction":[0.156449,0.0686859,-0.985295],"extended":false,"handId":197,"id":1970,"length":47.7925,"mcpPosition":[-45.7389,275.328,19.4488],"pipPosition":[-61.9058,287.209,-21.6966],"stabilizedTipPosition":[-58.4458,283.285,-46.2478],"timeVisible":0.714017,"tipPosition":[-49.0347,287.274,-67.2507],"tipVelocity":[54.2475,5.63586,-159.717],"tool":false,"touchDistance":-0.470469,"touchZone":"touching","type":0,"width":18.5699},{"bases":[[[0.993281,-0.00198713,-0.115708],[0.0487092,0.914151,0.402437],[0.104975,-0.40537,0.908106]],[[0.997781,-0.026226,-0.0611937],[0.0497167,0.90483,0.42286],[0.0442799,-0.424964,0.904126]],[[0.997781,-0.026226,-0.0611937],[0.0433723,0.953392,0.298599],[0.0505105,-0.300591,0.952415]],[[0.997781,-0.026226,-0.0611937],[0.0376809,0.980217,0.194304],[0.0548873,-0.196178,0.979031]]],"btipPosition":[-47.3379,348.794,-112.439],"carpPosition":[-36.5316,294.966,20.8976],"dipPosition":[-46.4779,345.72,-97.0995],"direction":[-0.0505105,0.300591,-0.952415],"extended":true,"handId":197,"id":1971,"length":53.9285,"mcpPosition":[-43.6138,322.315,-40.3685],"pipPosition":[-45.3584,339.058,-75.9892],"stabilizedTipPosition":[-54.5391,341.666,-87.7601],"timeVisible":0.714017,"tipPosition":[-46.6666,346.589,-109.343],"tipVelocity":[37.973,39.6995,-154.047],"tool":false,"touchDistance":-0.472769,"touchZone":"touching","type":1,"width":17.738},{"bases":[[[0.975377,-0.212547,-0.0588553],[0.218227,0.891533,0.396921],[-0.031893,-0.399992,0.915964]],[[0.975308,-0.213383,-0.0569395],[0.0938261,0.633741,-0.767834],[0.199928,0.743532,0.638113]],[[0.975308,-0.213383,-0.0569395],[-0.171378,-0.568628,-0.804545],[0.139299,0.794437,-0.591156]],[[0.975308,-0.213383,-0.0569395],[-0.220386,-0.923677,-0.31345],[0.0142911,0.318259,-0.947896]]],"btipPosition":[-36.0924,263.115,-35.3151],"carpPosition":[-25.4171,296.59,19.7428],"dipPosition":[-35.8461,268.6,-51.6501],"direction":[-0.139299,-0.794437,0.591156],"extended":false,"handId":197,"id":1972,"length":61.4471,"mcpPosition":[-23.3766,322.181,-38.8602],"pipPosition":[-32.2136,289.316,-67.0657],"stabilizedTipPosition":[-44.8126,261.332,-24.5912],"timeVisible":0.714017,"tipPosition":[-36.0426,264.644,-40.4239],"tipVelocity":[45.3465,-1.64402,-56.1139],"tool":false,"touchDistance":0.333333,"touchZone":"none","type":2,"width":17.4211},{"bases":[[[0.940808,-0.335691,0.0468248],[0.286228,0.860864,0.420699],[-0.181535,-0.382394,0.905991]],[[0.936374,-0.344415,0.0676935],[0.262399,0.558766,-0.786719],[0.233133,0.754426,0.613588]],[[0.936374,-0.344415,0.0676935],[-0.160874,-0.592513,-0.789334],[0.311968,0.728221,-0.610221]],[[0.936374,-0.344415,0.0676935],[-0.3081,-0.898883,-0.311582],[0.168162,0.2709,-0.947805]]],"btipPosition":[-24.209,263.158,-26.7202],"carpPosition":[-14.2784,295.244,18.7216],"dipPosition":[-21.3277,267.8,-42.9597],"direction":[-0.311968,-0.728221,0.610221],"extended":false,"handId":197,"id":1973,"length":59.0831,"mcpPosition":[-3.8505,317.21,-33.3212],"pipPosition":[-13.4026,286.299,-58.4616],"stabilizedTipPosition":[-30.2276,260.759,-17.5808],"timeVisible":0.714017,"tipPosition":[-23.4135,264.356,-31.4676],"tipVelocity":[33.3514,10.4187,-118.258],"tool":false,"touchDistance":0.333333,"touchZone":"none","type":3,"width":16.5772},{"bases":[[[0.853161,-0.515287,0.0812091],[0.411903,0.760983,0.501239],[-0.320081,-0.394187,0.86149]],[[0.849811,-0.519329,0.0900993],[0.408755,0.541405,-0.734711],[0.332777,0.661194,0.67237]],[[0.849811,-0.519329,0.0900993],[-0.217558,-0.501299,-0.837477],[0.480093,0.692096,-0.538993]],[[0.849811,-0.519329,0.0900993],[-0.447095,-0.800764,-0.398601],[0.279153,0.298453,-0.912688]]],"btipPosition":[-10.8152,269.713,-26.341],"carpPosition":[-4.02129,287.323,17.1761],"dipPosition":[-6.40267,274.431,-40.7676],"direction":[-0.480093,-0.692096,0.538993],"extended":false,"handId":197,"id":1974,"length":46.32,"mcpPosition":[12.9988,308.284,-28.6331],"pipPosition":[2.20832,286.844,-50.435],"stabilizedTipPosition":[-16.0662,266.412,-15.9564],"timeVisible":0.714017,"tipPosition":[-9.50796,270.92,-30.497],"tipVelocity":[25.5066,13.5789,-101.972],"tool":false,"touchDistance":0.333333,"touchZone":"none","type":4,"width":14.7252}],"r":[[0.847247,0.0381653,0.529826],[-0.138542,0.978771,0.151039],[-0.512814,-0.201371,0.834549]],"s":1.05759,"t":[88.0165,129.675,-155.921],"timestamp":2699417229},false],[4,{"currentFrameRate":110.521,"devices":[],"gestures":[],"hands":[{"armBasis":[[0.93552,0.115063,-0.33401],[0.0642157,0.874333,0.48106],[0.347388,-0.471489,0.810567]],"armWidth":58.4334,"confidence":0.548985,"direction":[0.0732254,0.525481,-0.847648],"elbow":[67.2046,166.215,222.951],"grabStrength":0,"id":197,"palmNormal":[-0.060183,-0.846053,-0.529691],"palmPosition":[-22.3796,306.253,-22.0302],"palmVelocity":[16.9805,5.27855,-128.415],"palmWidth":83.4409,"pinchStrength":0.527675,"r":[[0.844794,0.0415032,0.53348],[-0.1417,0.978746,0.148246],[-0.515989,-0.200832,0.83272]],"s":1.06229,"sphereCenter":[-31.2057,287.161,-56.5159],"sphereRadius":42.5518,"stabilizedPalmPosition":[-31.1057,295.584,7.9467],"t":[88.1429,129.664,-156.985],"timeVisible":0.723145,"type":"right","wrist":[-18.8084,282.955,22.2556]}],"id":256998,"interactionBox":{"center":[0,200,0],"size":[235.247,235.247,147.751]},"pointables":[{"bases":[[[0.468704,0.823135,0.32057],[-0.802833,0.245561,0.543285],[0.368477,-0.512004,0.775936]],[[0.364686,0.923149,0.121653],[-0.862239,0.28549,0.418377],[0.351493,-0.25747,0.90009]],[[0.364686,0.923149,0.121653],[-0.91717,0.378678,-0.124104],[-0.160634,-0.0663178,0.984784]],[[0.364686,0.923149,0.121653],[-0.798966,0.377336,-0.468264],[-0.478181,0.0735722,0.875174]]],"btipPosition":[-46.4642,287.555,-71.8999],"carpPosition":[-45.6594,275.275,18.8767],"dipPosition":[-56.7269,289.134,-53.117],"direction":[0.160634,0.0663178,-0.984784],"extended":false,"handId":197,"id":1970,"length":47.7925,"mcpPosition":[-45.6594,275.275,18.8767],"pipPosition":[-61.7494,287.061,-22.3259],"stabilizedTipPosition":[-58.3869,283.313,-46.3785],"timeVisible":0.723145,"tipPosition":[-48.6831,287.019,-67.8225],"tipVelocity":[50.3893,-3.81219,-132.571],"tool":false,"touchDistance":-0.460249,"touchZone":"touching","type":0,"width":18.5699},{"bases":[[[0.99366,-0.000296696,-0.112425],[0.0454307,0.915772,0.39912],[0.102837,-0.401697,0.90998]],[[0.997944,-0.0235206,-0.0596256],[0.0466865,0.904112,0.424737],[0.0439181,-0.426647,0.903351]],[[0.997944,-0.0235206,-0.0596256],[0.0404161,0.952913,0.300539],[0.0497491,-0.302331,0.951904]],[[0.997944,-0.0235206,-0.0596256],[0.0348107,0.979976,0.196048],[0.0538205,-0.19772,0.97878]]],"btipPosition":[-47.113,348.647,-113.136],"carpPosition":[-36.4988,294.938,20.2812],"dipPosition":[-46.2698,345.549,-97.8005],"direction":[-0.0497491,0.302331,-0.951904],"extended":true,"handId":197,"id":1971,"length":53.9285,"mcpPosition":[-43.4368,322.039,-41.1113],"pipPosition":[-45.1671,338.848,-76.7015],"stabilizedTipPosition":[-54.5038,341.695,-87.8612],"timeVisible":0.723145,"tipPosition":[-46.4425,346.442,-110.042],"tipVelocity":[34.1495,24.0153,-132.487],"tool":false,"touchDistance":-0.464294,"touchZone":"touching","type":1,"width":17.738},{"bases":[[[0.976017,-0.210677,-0.0548315],[0.215014,0.893497,0.394249],[-0.0340675,-0.396583,0.917366]],[[0.975938,-0.211562,-0.0527827],[0.0927438,0.621839,-0.777634],[0.19734,0.754027,0.626498]],[[0.975938,-0.211562,-0.0527827],[-0.169222,-0.582222,-0.795224],[0.137508,0.785021,-0.604014]],[[0.975938,-0.211562,-0.0527827],[-0.217536,-0.928123,-0.302101],[0.0149244,0.306314,-0.951813]]],"btipPosition":[-35.7701,262.875,-35.0745],"carpPosition":[-25.384,296.581,19.1569],"dipPosition":[-35.5129,268.154,-51.477],"direction":[-0.137508,-0.785021,0.604014],"extended":false,"handId":197,"id":1972,"length":61.4471,"mcpPosition":[-23.2044,321.954,-39.5359],"pipPosition":[-31.9271,288.625,-67.2279],"stabilizedTipPosition":[-44.6946,261.368,-24.776],"timeVisible":0.723145,"tipPosition":[-35.7212,264.338,-40.2591],"tipVelocity":[42.6336,-9.92644,-33.6689],"tool":false,"touchDistance":0.333333,"touchZone":"none","type":2,"width":17.4211},{"bases":[[[0.941361,-0.333494,0.051201],[0.283,0.863064,0.418367],[-0.183712,-0.379344,0.906834]],[[0.936857,-0.342185,0.0721767],[0.260444,0.544952,-0.796992],[0.233386,0.765465,0.599662]],[[0.936857,-0.342185,0.0721767],[-0.161166,-0.605621,-0.779262],[0.310363,0.718424,-0.622529]],[[0.936857,-0.342185,0.0721767],[-0.306484,-0.902769,-0.301789],[0.168426,0.260612,-0.950639]]],"btipPosition":[-24.0188,262.967,-26.3808],"carpPosition":[-14.2392,295.255,18.1775],"dipPosition":[-21.133,267.432,-42.6689],"direction":[-0.310363,-0.718424,0.622529],"extended":false,"handId":197,"id":1973,"length":59.0831,"mcpPosition":[-3.6862,317.046,-33.9137],"pipPosition":[-13.2486,285.683,-58.4834],"stabilizedTipPosition":[-30.1497,260.795,-17.723],"timeVisible":0.723145,"tipPosition":[-23.2046,264.132,-31.2831],"tipVelocity":[29.9057,0.461011,-75.4048],"tool":false,"touchDistance":0.333333,"touchZone":"none","type":3,"width":16.5772},{"bases":[[[0.853985,-0.513145,0.0859781],[0.408622,0.76376,0.4997],[-0.322085,-0.391603,0.861921]],[[0.850459,-0.517342,0.0952749],[0.409212,0.536828,-0.737808],[0.330553,0.666463,0.668252]],[[0.850459,-0.517342,0.0952749],[-0.215159,-0.507372,-0.834434],[0.480027,0.689152,-0.54281]],[[0.850459,-0.517342,0.0952749],[-0.444678,-0.803788,-0.395204],[0.281037,0.293739,-0.913639]]],"btipPosition":[-10.6039,269.559,-26.6271],"carpPosition":[-3.96018,287.35,16.696],"dipPosition":[-6.16167,274.202,-41.0687],"direction":[-0.480027,-0.689152,0.54281],"extended":false,"handId":197,"id":1974,"length":46.32,"mcpPosition":[13.1665,308.174,-29.1361],"pipPosition":[2.44813,286.563,-50.8046],"stabilizedTipPosition":[-16.0354,266.432,-16.0227],"timeVisible":0.723145,"tipPosition":[-9.29246,270.743,-30.7891],"tipVelocity":[25.0577,4.59958,-82.4484],"tool":false,"touchDistance":0.333333,"touchZone":"none","type":4,"width":14.7252}],"r":[[0.844794,0.0415032,0.53348],[-0.1417,0.978746,0.148246],[-0.515989,-0.200832,0.83272]],"s":1.06229,"t":[88.1429,129.664,-156.985],"timestamp":2699426357},false],[5,{"currentFrameRate":110.507,"devices":[],"gestures":[],"hands":[{"armBasis":[[0.936631,0.116868,-0.33025],[0.0609119,0.874022,0.482052],[0.344982,-0.471621,0.811518]],"armWidth":58.4334,"confidence":0.567038,"direction":[0.0750424,0.520467,-0.850578],"elbow":[66.7079,166.217,222.83],"grabStrength":0,"id":197,"palmNormal":[-0.0572713,-0.849326,-0.524753],"palmPosition":[-22.1793,306.014,-22.537],"palmVelocity":[18.3866,-3.46862,-108.351],"palmWidth":83.4409,"pinchStrength":0.52151,"r":[[0.842469,0.0450776,0.536856],[-0.144603,0.978848,0.144731],[-0.518976,-0.199562,0.831167]],"s":1.06638,"sphereCenter":[-31.2585,286.927,-56.8813],"sphereRadius":42.5969,"stabilizedPalmPosition":[-31.1,295.591,7.92743],"t":[88.3062,129.539,-157.77],"timeVisible":0.732219,"type":"right","wrist":[-18.7094,282.99,21.8995]}],"id":256999,"interactionBox":{"center":[0,200,0],"size":[235.247,235.247,147.751]},"pointables":[{"bases":[[[0.466469,0.825772,0.31703],[-0.804874,0.247607,0.539323],[0.366858,-0.506747,0.780143]],[[0.363997,0.923751,0.119121],[-0.863,0.28639,0.416187],[0.350338,-0.254293,0.901443]],[[0.363997,0.923751,0.119121],[-0.916934,0.377855,-0.128291],[-0.16352,-0.0625288,0.984556]],[[0.363997,0.923751,0.119121],[-0.797035,0.375103,-0.473322],[-0.481915,0.0773442,0.872798]]],"btipPosition":[-46.1198,287.183,-72.2958],"carpPosition":[-45.5382,275.248,18.4846],"dipPosition":[-56.4626,288.843,-53.5639],"direction":[0.16352,0.0625288,-0.984556],"extended":false,"handId":197,"id":1970,"length":47.7925,"mcpPosition":[-45.5382,275.248,18.4846],"pipPosition":[-61.5753,286.888,-22.7799],"stabilizedTipPosition":[-58.3336,283.336,-46.4949],"timeVisible":0.732219,"tipPosition":[-48.3466,286.654,-68.2315],"tipVelocity":[46.3902,-13.5302,-108.337],"tool":false,"touchDistance":-0.448671,"touchZone":"touching","type":0,"width":18.5699},{"bases":[[[0.994001,0.000545488,-0.109368],[0.0428161,0.918233,0.393719],[0.10064,-0.396039,0.912702]],[[0.998084,-0.0216976,-0.0579363],[0.0442758,0.904591,0.423975],[0.0432094,-0.425728,0.903819]],[[0.998084,-0.0216976,-0.0579363],[0.0381298,0.953212,0.299887],[0.0487188,-0.301522,0.952214]],[[0.998084,-0.0216976,-0.0579363],[0.0326471,0.980194,0.195331],[0.0525506,-0.196848,0.979025]]],"btipPosition":[-46.8071,348.192,-113.832],"carpPosition":[-36.4118,294.932,19.7985],"dipPosition":[-45.9837,345.108,-98.4922],"direction":[-0.0487188,0.301522,-0.952214],"extended":true,"handId":197,"id":1971,"length":53.9285,"mcpPosition":[-43.2015,321.652,-41.7777],"pipPosition":[-44.9039,338.424,-77.3863],"stabilizedTipPosition":[-54.4755,341.716,-87.9417],"timeVisible":0.732219,"tipPosition":[-46.1443,345.999,-110.732],"tipVelocity":[33.8899,3.61591,-117.021],"tool":false,"touchDistance":-0.456617,"touchZone":"touching","type":1,"width":17.738},{"bases":[[[0.976498,-0.20951,-0.0505591],[0.212447,0.896188,0.389503],[-0.0362944,-0.39109,0.919636]],[[0.976414,-0.210396,-0.0484758],[0.0935855,0.614755,-0.783146],[0.194571,0.760138,0.619945]],[[0.976414,-0.210396,-0.0484758],[-0.166255,-0.589423,-0.790531],[0.137752,0.779945,-0.6105]],[[0.976414,-0.210396,-0.0484758],[-0.215227,-0.93067,-0.295855],[0.0171315,0.29931,-0.954002]]],"btipPosition":[-35.4617,262.512,-35.1817],"carpPosition":[-25.2961,296.586,18.6984],"dipPosition":[-35.1665,267.67,-51.6219],"direction":[-0.137752,-0.779945,0.6105],"extended":false,"handId":197,"id":1972,"length":61.4471,"mcpPosition":[-22.974,321.608,-40.1396],"pipPosition":[-31.5743,288.009,-67.542],"stabilizedTipPosition":[-44.534,261.408,-25.021],"timeVisible":0.732219,"tipPosition":[-35.3998,263.934,-40.3411],"tipVelocity":[40.5108,-19.1021,-27.8919],"tool":false,"touchDistance":0.333333,"touchZone":"none","type":2,"width":17.4211},{"bases":[[[0.941702,-0.331737,0.0561064],[0.280405,0.866006,0.414013],[-0.185932,-0.374144,0.90854]],[[0.93713,-0.340337,0.0771918],[0.261846,0.539501,-0.800234],[0.230704,0.770136,0.594699]],[[0.93713,-0.340337,0.0771918],[-0.158326,-0.611744,-0.77505],[0.311,0.714101,-0.627168]],[[0.93713,-0.340337,0.0771918],[-0.304426,-0.905381,-0.295991],[0.170625,0.253883,-0.952066]]],"btipPosition":[-23.7424,262.718,-26.5494],"carpPosition":[-14.1463,295.271,17.7613],"dipPosition":[-20.8189,267.068,-42.862],"direction":[-0.311,-0.714101,0.627168],"extended":false,"handId":197,"id":1973,"length":59.0831,"mcpPosition":[-3.46578,316.763,-34.428],"pipPosition":[-12.9184,285.209,-58.7944],"stabilizedTipPosition":[-30.0822,260.823,-17.843],"timeVisible":0.732219,"tipPosition":[-22.9229,263.838,-31.4257],"tipVelocity":[30.3238,-8.05338,-59.8646],"tool":false,"touchDistance":0.333333,"touchZone":"none","type":3,"width":16.5772},{"bases":[[[0.85449,-0.511309,0.0916996],[0.405925,0.767387,0.49633],[-0.324147,-0.386886,0.863278]],[[0.850856,-0.515554,0.101235],[0.408363,0.527694,-0.744835],[0.330582,0.675088,0.659524]],[[0.850856,-0.515554,0.101235],[-0.215304,-0.517899,-0.827904],[0.479258,0.682631,-0.551658]],[[0.850856,-0.515554,0.101235],[-0.443609,-0.808183,-0.387364],[0.281523,0.284682,-0.916352]]],"btipPosition":[-10.3798,269.312,-26.5515],"carpPosition":[-3.85081,287.373,16.3591],"dipPosition":[-5.92981,273.812,-41.036],"direction":[-0.479258,-0.682631,0.551658],"extended":false,"handId":197,"id":1974,"length":46.32,"mcpPosition":[13.3855,307.946,-29.5451],"pipPosition":[2.6662,286.056,-50.9306],"stabilizedTipPosition":[-16.0087,266.448,-16.0783],"timeVisible":0.732219,"tipPosition":[-9.06614,270.459,-30.7703],"tipVelocity":[25.0139,-5.20845,-57.6487],"tool":false,"touchDistance":0.333333,"touchZone":"none","type":4,"width":14.7252}],"r":[[0.842469,0.0450776,0.536856],[-0.144603,0.978848,0.144731],[-0.518976,-0.199562,0.831167]],"s":1.06638,"t":[88.3062,129.539,-157.77],"timestamp":2699435431},false],[6,{"currentFrameRate":110.536,"devices":[],"gestures":[],"hands":[{"armBasis":[[0.93625,0.119267,-0.330472],[0.0588274,0.874122,0.482131],[0.346374,-0.470836,0.81138]],"armWidth":58.4334,"confidence":0.572132,"direction":[0.0753767,0.518891,-0.851511],"elbow":[67.2034,166.171,222.33],"grabStrength":0,"id":197,"palmNormal":[-0.0553117,-0.85045,-0.52314],"palmPosition":[-22.0048,305.68,-23.0533],"palmVelocity":[18.6668,-12.6981,-94.3681],"palmWidth":83.4409,"pinchStrength":0.51588,"r":[[0.840437,0.0484067,0.539743],[-0.147246,0.978929,0.141482],[-0.521521,-0.198382,0.829856]],"s":1.07002,"sphereCenter":[-31.5141,286.808,-57.3142],"sphereRadius":42.6499,"stabilizedPalmPosition":[-31.0955,295.596,7.91205],"t":[88.4752,129.31,-158.421],"timeVisible":0.741214,"type":"right","wrist":[-18.5586,282.749,21.4333]}],"id":257000,"interactionBox":{"center":[0,200,0],"size":[235.247,235.247,147.751]},"pointables":[{"bases":[[[0.464816,0.827098,0.315999],[-0.80595,0.247468,0.537778],[0.366595,-0.504647,0.781626]],[[0.363779,0.923707,0.120123],[-0.862972,0.285665,0.416743],[0.350634,-0.255266,0.901052]],[[0.363779,0.923707,0.120123],[-0.916808,0.37786,-0.129168],[-0.164703,-0.0631415,0.98432]],[[0.363779,0.923707,0.120123],[-0.796379,0.37531,-0.47426],[-0.483161,0.0768623,0.872151]]],"btipPosition":[-45.9026,286.97,-72.7425],"carpPosition":[-45.3713,274.96,17.9987],"dipPosition":[-56.2721,288.62,-54.0245],"direction":[0.164703,0.0631415,-0.98432],"extended":false,"handId":197,"id":1970,"length":47.7925,"mcpPosition":[-45.3713,274.96,17.9987],"pipPosition":[-61.4219,286.645,-23.248],"stabilizedTipPosition":[-58.2847,283.356,-46.6017],"timeVisible":0.741214,"tipPosition":[-48.1239,286.42,-68.6823],"tipVelocity":[40.0974,-16.3956,-92.3325],"tool":false,"touchDistance":-0.438887,"touchZone":"touching","type":0,"width":18.5699},{"bases":[[[0.994142,0.00182002,-0.10807],[0.0409249,0.919076,0.39195],[0.100037,-0.394077,0.913617]],[[0.998099,-0.0195096,-0.0584674],[0.0427503,0.902456,0.428657],[0.0444013,-0.430341,0.901574]],[[0.998099,-0.0195096,-0.0584674],[0.0364888,0.951527,0.305393],[0.0496752,-0.306946,0.95043]],[[0.998099,-0.0195096,-0.0584674],[0.0309259,0.979053,0.201243],[0.0533165,-0.202668,0.977795]]],"btipPosition":[-46.7109,348.182,-114.259],"carpPosition":[-36.276,294.661,19.2854],"dipPosition":[-45.8755,345.006,-98.939],"direction":[-0.0496752,0.306946,-0.95043],"extended":true,"handId":197,"id":1971,"length":53.9285,"mcpPosition":[-43.0251,321.248,-42.3525],"pipPosition":[-44.7744,338.203,-77.8727],"stabilizedTipPosition":[-54.4535,341.731,-88.005],"timeVisible":0.741214,"tipPosition":[-46.049,345.946,-111.178],"tipVelocity":[27.6093,1.66938,-98.0847],"tool":false,"touchDistance":-0.445769,"touchZone":"touching","type":1,"width":17.738},{"bases":[[[0.976877,-0.208145,-0.0488669],[0.210594,0.897277,0.388],[-0.0369131,-0.389319,0.920363]],[[0.97679,-0.209034,-0.0467633],[0.0933053,0.611738,-0.785539],[0.192811,0.762943,0.617043]],[[0.97679,-0.209034,-0.0467633],[-0.164566,-0.592597,-0.788509],[0.137113,0.777903,-0.613243]],[[0.97679,-0.209034,-0.0467633],[-0.213463,-0.931833,-0.293463],[0.0177681,0.296634,-0.954826]]],"btipPosition":[-35.2039,262.117,-35.516],"carpPosition":[-25.1614,296.329,18.1965],"dipPosition":[-34.8977,267.229,-51.9704],"direction":[-0.137113,-0.777903,0.613243],"extended":false,"handId":197,"id":1972,"length":61.4471,"mcpPosition":[-22.7997,321.238,-40.6879],"pipPosition":[-31.3222,287.515,-67.9621],"stabilizedTipPosition":[-44.3371,261.448,-25.3202],"timeVisible":0.741214,"tipPosition":[-35.138,263.522,-40.6524],"tipVelocity":[37.3338,-26.2183,-30.537],"tool":false,"touchDistance":0.333333,"touchZone":"none","type":2,"width":17.4211},{"bases":[[[0.942123,-0.330212,0.0579956],[0.278565,0.867245,0.412659],[-0.186561,-0.37262,0.909038]],[[0.937528,-0.338792,0.0791292],[0.261969,0.53777,-0.801359],[0.228941,0.772026,0.592927]],[[0.937528,-0.338792,0.0791292],[-0.156642,-0.614132,-0.773502],[0.310652,0.712785,-0.628835]],[[0.937528,-0.338792,0.0791292],[-0.302806,-0.906596,-0.293925],[0.171318,0.251602,-0.952547]]],"btipPosition":[-23.4991,262.384,-26.9394],"carpPosition":[-14.0084,295.03,17.2767],"dipPosition":[-20.5638,266.695,-43.2603],"direction":[-0.310652,-0.712785,0.628835],"extended":false,"handId":197,"id":1973,"length":59.0831,"mcpPosition":[-3.29178,316.434,-34.9412],"pipPosition":[-12.6721,284.802,-59.235],"stabilizedTipPosition":[-30.02,260.845,-17.9531],"timeVisible":0.741214,"tipPosition":[-22.6792,263.487,-31.7999],"tipVelocity":[29.5063,-16.3136,-55.3923],"tool":false,"touchDistance":0.333333,"touchZone":"none","type":3,"width":16.5772},{"bases":[[[0.855134,-0.509844,0.0938312],[0.404124,0.768978,0.495335],[-0.324698,-0.385659,0.86362]],[[0.851412,-0.514168,0.10358],[0.407404,0.523933,-0.748008],[0.330332,0.679063,0.655557]],[[0.851412,-0.514168,0.10358],[-0.214896,-0.522117,-0.825357],[0.478453,0.68046,-0.555029]],[[0.851412,-0.514168,0.10358],[-0.442326,-0.810011,-0.385006],[0.281859,0.281983,-0.917083]]],"btipPosition":[-10.1818,268.971,-26.8245],"carpPosition":[-3.6993,287.144,15.9036],"dipPosition":[-5.72649,273.428,-41.3205],"direction":[-0.478453,-0.68046,0.555029],"extended":false,"handId":197,"id":1974,"length":46.32,"mcpPosition":[13.5663,307.652,-30.0188],"pipPosition":[2.85507,285.633,-51.2756],"stabilizedTipPosition":[-15.9827,266.462,-16.1317],"timeVisible":0.741214,"tipPosition":[-8.86855,27