{"sensorType":"Leap","data":[[0,{"currentFrameRate":110.655,"devices":[],"gestures":[],"hands":[{"armBasis":[[0.92164,0.075625,-0.380605],[0.100799,0.9005,0.423013],[0.374725,-0.42823,0.822314]],"armWidth":58.4334,"confidence":0.778842,"direction":[0.0162733,0.385974,-0.922366],"elbow":[92.4903,156.565,240.48],"grabStrength":0,"id":195,"palmNormal":[-0.101551,-0.91708,-0.385553],"palmPosition":[-6.84101,278.773,-10.1576],"palmVelocity":[-29.1085,-13.0572,-33.392],"palmWidth":83.4409,"pinchStrength":0.666558,"r":[[0.840629,0.185784,0.50875],[-0.124815,0.980496,-0.151819],[-0.527033,0.0641241,0.847422]],"s":1.03225,"sphereCenter":[-17.2274,251.085,-41.5618],"sphereRadius":42.3092,"stabilizedPalmPosition":[-10.6225,280.661,8.75274],"t":[116.464,87.8837,-195.976],"timeVisible":0.939805,"type":"right","wrist":[-0.29131,262.594,36.8756]}],"id":255783,"interactionBox":{"center":[0,200,0],"size":[235.247,235.247,147.751]},"pointables":[{"bases":[[[0.494269,0.855361,0.155099],[-0.761462,0.339931,0.551926],[0.419373,-0.390901,0.819343]],[[0.380858,0.923614,-0.0434052],[-0.83314,0.363153,0.41713],[0.40103,-0.122705,0.90781]],[[0.380858,0.923614,-0.0434052],[-0.919479,0.373368,-0.123102],[-0.0974924,0.0867945,0.991444]],[[0.380858,0.923614,-0.0434052],[-0.821654,0.316538,-0.474012],[-0.424065,0.216195,0.879448]]],"btipPosition":[-33.5604,253.176,-54.8439],"carpPosition":[-27.3524,254.913,36.5861],"dipPosition":[-42.6617,257.816,-35.9692],"direction":[0.0974924,-0.0867945,-0.991444],"extended":false,"handId":195,"id":1950,"length":47.7925,"mcpPosition":[-27.3524,254.913,36.5861],"pipPosition":[-45.7099,260.53,-4.96995],"stabilizedTipPosition":[-36.4139,255.97,-42.3456],"timeVisible":0.939805,"tipPosition":[-35.776,253.49,-50.6246],"tipVelocity":[-22.9885,7.16423,-39.8332],"tool":false,"touchDistance":-0.35988,"touchZone":"touching","type":0,"width":18.5699},{"bases":[[[0.983309,-0.0337169,-0.178795],[0.0780326,0.965866,0.24701],[0.164363,-0.256839,0.952375]],[[0.989157,-0.0440882,-0.140088],[0.0725142,0.97611,0.204822],[0.127711,-0.212759,0.968723]],[[0.989157,-0.0440882,-0.140088],[0.0533701,0.996572,0.0632056],[0.136821,-0.0699968,0.98812]],[[0.989157,-0.0440882,-0.140088],[0.0374362,0.998059,-0.0497712],[0.14201,0.0439871,0.988887]]],"btipPosition":[-39.3929,300.978,-105.545],"carpPosition":[-18.0148,274.405,34.269],"dipPosition":[-37.1679,301.667,-90.0511],"direction":[-0.136821,0.0699968,-0.98812],"extended":true,"handId":195,"id":1951,"length":53.9285,"mcpPosition":[-29.1037,291.733,-29.9837],"pipPosition":[-34.1352,300.116,-68.1494],"stabilizedTipPosition":[-37.4309,300.35,-100.24],"timeVisible":0.939805,"tipPosition":[-38.4226,300.06,-102.115],"tipVelocity":[-44.6371,39.5424,-20.6152],"tool":false,"touchDistance":-0.346245,"touchZone":"touching","type":1,"width":17.738},{"bases":[[[0.968667,-0.232266,-0.0879534],[0.246739,0.940387,0.234076],[0.0283423,-0.248444,0.968232]],[[0.969005,-0.236372,-0.0718138],[0.0806567,0.577476,-0.812413],[0.233503,0.781441,0.578643]],[[0.969005,-0.236372,-0.0718138],[-0.187409,-0.513961,-0.837091],[0.160955,0.824604,-0.542329]],[[0.969005,-0.236372,-0.0718138],[-0.245159,-0.884294,-0.397394],[0.0304283,0.402682,-0.914834]]],"btipPosition":[-23.8541,228.587,-25.4733],"carpPosition":[-6.99797,275.675,32.143],"dipPosition":[-23.3297,235.527,-41.2385],"direction":[-0.160955,-0.824604,0.542329],"extended":false,"handId":195,"id":1952,"length":61.4471,"mcpPosition":[-8.8113,291.571,-29.8041],"pipPosition":[-19.1324,257.03,-55.3809],"stabilizedTipPosition":[-29.0183,232.552,-9.79216],"timeVisible":0.939805,"tipPosition":[-23.6624,230.55,-29.3939],"tipVelocity":[-24.0593,-13.0286,-51.4894],"tool":false,"touchDistance":0.333333,"touchZone":"none","type":2,"width":17.4211},{"bases":[[[0.940905,-0.33652,0.0380948],[0.316093,0.912991,0.25794],[-0.121582,-0.230656,0.96541]],[[0.93662,-0.343602,0.0684138],[0.242447,0.494717,-0.83455],[0.252908,0.798243,0.546668]],[[0.93662,-0.343602,0.0684138],[-0.143072,-0.553376,-0.820552],[0.319802,0.758757,-0.567463]],[[0.93662,-0.343602,0.0684138],[-0.291517,-0.87265,-0.39179],[0.194321,0.347015,-0.917508]]],"btipPosition":[-10.7882,229.357,-17.0966],"carpPosition":[4.04372,274.035,30.6218],"dipPosition":[-7.45869,235.303,-32.817],"direction":[-0.319802,-0.758757,0.567463],"extended":false,"handId":195,"id":1953,"length":59.0831,"mcpPosition":[11.0278,287.284,-24.8342],"pipPosition":[0.665447,254.578,-47.2326],"stabilizedTipPosition":[-16.462,234.226,2.22863],"timeVisible":0.939805,"tipPosition":[-9.86942,231.049,-20.8509],"tipVelocity":[-23.6145,-14.6191,-52.582],"tool":false,"touchDistance":0.333333,"touchZone":"none","type":3,"width":16.5772},{"bases":[[[0.855261,-0.50715,0.106428],[0.446598,0.825547,0.344997],[-0.262826,-0.247532,0.93255]],[[0.791558,-0.544303,0.277795],[0.529031,0.382826,-0.757344],[0.305877,0.746444,0.590982]],[[0.791558,-0.544303,0.277795],[-0.0831839,-0.546328,-0.833431],[0.605405,0.636601,-0.477728]],[[0.791558,-0.544303,0.277795],[-0.389326,-0.799569,-0.457291],[0.471021,0.253819,-0.844817]]],"btipPosition":[-0.0938678,239.36,-17.1349],"carpPosition":[14.1526,265.832,29.6935],"dipPosition":[7.35142,243.372,-30.4887],"direction":[-0.605405,-0.636601,0.477728],"extended":false,"handId":195,"id":1954,"length":46.32,"mcpPosition":[28.1283,278.994,-19.8943],"pipPosition":[18.21,254.79,-39.0572],"stabilizedTipPosition":[-5.79059,244.239,6.05995],"timeVisible":0.939805,"tipPosition":[1.82666,240.546,-20.1704],"tipVelocity":[-26.0186,-11.6599,-46.3519],"tool":false,"touchDistance":0.333333,"touchZone":"none","type":4,"width":14.7252}],"r":[[0.840629,0.185784,0.50875],[-0.124815,0.980496,-0.151819],[-0.527033,0.0641241,0.847422]],"s":1.03225,"t":[116.464,87.8837,-195.976],"timestamp":2688254830},false],[1,{"currentFrameRate":110.477,"devices":[],"gestures":[],"hands":[{"armBasis":[[0.921943,0.076028,-0.379791],[0.100456,0.900058,0.424034],[0.374073,-0.429087,0.822164]],"armWidth":58.4334,"confidence":0.781048,"direction":[0.0161983,0.387986,-0.921523],"elbow":[92.1309,156.236,240.291],"grabStrength":0,"id":195,"palmNormal":[-0.101183,-0.916276,-0.387556],"palmPosition":[-7.04138,278.756,-10.2744],"palmVelocity":[-26.9165,-9.85408,-27.4519],"palmWidth":83.4409,"pinchStrength":0.664647,"r":[[0.840575,0.185256,0.509033],[-0.125948,0.980789,-0.148965],[-0.52685,0.0611048,0.847759]],"s":1.03323,"sphereCenter":[-17.6814,251.27,-41.7251],"sphereRadius":42.3221,"stabilizedPalmPosition":[-10.4332,280.56,7.74659],"t":[116.226,87.862,-196.162],"timeVisible":0.949172,"type":"right","wrist":[-0.489148,262.478,36.7239]}],"id":255784,"interactionBox":{"center":[0,200,0],"size":[235.247,235.247,147.751]},"pointables":[{"bases":[[[0.493941,0.855204,0.156997],[-0.761628,0.338448,0.552608],[0.419457,-0.392529,0.818521]],[[0.381297,0.923581,-0.0401329],[-0.832877,0.36204,0.418621],[0.40116,-0.126193,0.907274]],[[0.381297,0.923581,-0.0401329],[-0.919401,0.374323,-0.120769],[-0.0965169,0.0829468,0.991869]],[[0.381297,0.923581,-0.0401329],[-0.82007,0.317885,-0.475851],[-0.42673,0.214352,0.87861]]],"btipPosition":[-33.7347,253.37,-54.9851],"carpPosition":[-27.5473,254.787,36.4156],"dipPosition":[-42.8931,257.97,-36.1284],"direction":[0.0965169,-0.0829468,-0.991869],"extended":false,"handId":195,"id":1950,"length":47.7925,"mcpPosition":[-27.5473,254.787,36.4156],"pipPosition":[-45.9109,260.564,-5.11586],"stabilizedTipPosition":[-36.3967,255.923,-42.5949],"timeVisible":0.949172,"tipPosition":[-35.9564,253.669,-50.774],"tipVelocity":[-22.1416,10.7245,-32.9265],"tool":false,"touchDistance":-0.354405,"touchZone":"touching","type":0,"width":18.5699},{"bases":[[[0.983334,-0.0329641,-0.178794],[0.0776571,0.965355,0.249118],[0.164388,-0.25885,0.951826]],[[0.988992,-0.0430228,-0.141579],[0.0725547,0.97488,0.21058],[0.128963,-0.218534,0.96727]],[[0.988992,-0.0430228,-0.141579],[0.0531288,0.996243,0.068391],[0.138105,-0.0751601,0.987562]],[[0.988992,-0.0430228,-0.141579],[0.0369464,0.998291,-0.0452726],[0.143285,0.0395433,0.988891]]],"btipPosition":[-39.6944,301.408,-105.566],"carpPosition":[-18.2168,274.288,34.1417],"dipPosition":[-37.4494,302.027,-90.0718],"direction":[-0.138105,0.0751601,-0.987562],"extended":true,"handId":195,"id":1951,"length":53.9285,"mcpPosition":[-29.3074,291.751,-30.074],"pipPosition":[-34.3883,300.361,-68.1824],"stabilizedTipPosition":[-37.8453,300.635,-100.658],"timeVisible":0.949172,"tipPosition":[-38.7199,300.467,-102.143],"tipVelocity":[-40.9609,40.8588,-15.3886],"tool":false,"touchDistance":-0.340265,"touchZone":"touching","type":1,"width":17.738},{"bases":[[[0.96876,-0.231716,-0.0883867],[0.246374,0.939967,0.236141],[0.028363,-0.25054,0.967691]],[[0.969098,-0.235857,-0.0722543],[0.0804937,0.579237,-0.811175],[0.233174,0.780292,0.580322]],[[0.969098,-0.235857,-0.0722543],[-0.186995,-0.511377,-0.838765],[0.16088,0.826356,-0.539679]],[[0.969098,-0.235857,-0.0722543],[-0.244756,-0.882893,-0.400742],[0.030725,0.406043,-0.913338]]],"btipPosition":[-24.0463,228.56,-25.7315],"carpPosition":[-7.2003,275.566,32.0192],"dipPosition":[-23.5168,235.557,-41.471],"direction":[-0.16088,-0.826356,0.539679],"extended":false,"handId":195,"id":1952,"length":61.4471,"mcpPosition":[-9.01496,291.596,-29.8932],"pipPosition":[-19.3216,257.106,-55.5443],"stabilizedTipPosition":[-28.9378,232.514,-10.1014],"timeVisible":0.949172,"tipPosition":[-23.8518,230.538,-29.6255],"tipVelocity":[-23.0201,-9.75851,-44.5169],"tool":false,"touchDistance":0.333333,"touchZone":"none","type":2,"width":17.4211},{"bases":[[[0.941027,-0.336254,0.0374323],[0.315736,0.912544,0.25995],[-0.121568,-0.232801,0.964896]],[[0.93677,-0.343363,0.0675569],[0.242128,0.496581,-0.833536],[0.252658,0.797189,0.54832]],[[0.93677,-0.343363,0.0675569],[-0.142785,-0.55128,-0.822012],[0.319491,0.76039,-0.565449]],[[0.93677,-0.343363,0.0675569],[-0.291049,-0.871641,-0.394375],[0.194299,0.349776,-0.916463]]],"btipPosition":[-10.9721,229.334,-17.3303],"carpPosition":[3.8421,273.933,30.4953],"dipPosition":[-7.64298,235.327,-33.0328],"direction":[-0.319491,-0.76039,0.565449],"extended":false,"handId":195,"id":1953,"length":59.0831,"mcpPosition":[10.8253,287.306,-24.9312],"pipPosition":[0.473262,254.643,-47.3973],"stabilizedTipPosition":[-16.3935,234.187,1.97508],"timeVisible":0.949172,"tipPosition":[-10.0558,231.037,-21.074],"tipVelocity":[-22.4864,-10.8565,-44.6104],"tool":false,"touchDistance":0.333333,"touchZone":"none","type":3,"width":16.5772},{"bases":[[[0.855441,-0.507064,0.105388],[0.446268,0.824959,0.346826],[-0.262803,-0.249658,0.93199]],[[0.792078,-0.54449,0.275939],[0.527743,0.383665,-0.757818],[0.306756,0.745876,0.591244]],[[0.792078,-0.54449,0.275939],[-0.0834175,-0.544359,-0.834694],[0.604693,0.638125,-0.476595]],[[0.792078,-0.54449,0.275939],[-0.388489,-0.798337,-0.460146],[0.470837,0.257272,-0.843874]]],"btipPosition":[-0.306421,239.314,-17.2923],"carpPosition":[13.9541,265.736,29.5499],"dipPosition":[7.13598,243.381,-30.6312],"direction":[-0.604693,-0.638125,0.476595],"extended":false,"handId":195,"id":1954,"length":46.32,"mcpPosition":[27.9285,279.012,-20.0081],"pipPosition":[17.9818,254.826,-39.1795],"stabilizedTipPosition":[-5.708,244.194,5.75672],"timeVisible":0.949172,"tipPosition":[1.61656,240.519,-20.3426],"tipVelocity":[-25.0939,-9.36387,-37.8578],"tool":false,"touchDistance":0.333333,"touchZone":"none","type":4,"width":14.7252}],"r":[[0.840575,0.185256,0.509033],[-0.125948,0.980789,-0.148965],[-0.52685,0.0611048,0.847759]],"s":1.03323,"t":[116.226,87.862,-196.162],"timestamp":2688264197},false],[2,{"currentFrameRate":110.614,"devices":[],"gestures":[],"hands":[{"armBasis":[[0.922065,0.0763564,-0.379427],[0.100257,0.899762,0.424708],[0.373823,-0.429649,0.821984]],"armWidth":58.4334,"confidence":0.782865,"direction":[0.016189,0.38949,-0.920889],"elbow":[91.9079,156.012,240.137],"grabStrength":0,"id":195,"palmNormal":[-0.100966,-0.915665,-0.389055],"palmPosition":[-7.20232,278.747,-10.358],"palmVelocity":[-24.5941,-7.49449,-22.6158],"palmWidth":83.4409,"pinchStrength":0.660471,"r":[[0.840516,0.184702,0.509331],[-0.126893,0.981058,-0.146364],[-0.526717,0.0583909,0.848033]],"s":1.03447,"sphereCenter":[-18.0846,251.445,-41.8459],"sphereRadius":42.3476,"stabilizedPalmPosition":[-10.2741,280.471,6.85546],"t":[116.027,87.8463,-196.297],"timeVisible":0.95797,"type":"right","wrist":[-0.650341,262.393,36.6143]}],"id":255785,"interactionBox":{"center":[0,200,0],"size":[235.247,235.247,147.751]},"pointables":[{"bases":[[[0.493753,0.855049,0.158427],[-0.76174,0.337391,0.5531],[0.419475,-0.393775,0.817913]],[[0.382243,0.923329,-0.0367992],[-0.832033,0.361226,0.420995],[0.40201,-0.130304,0.906316]],[[0.382243,0.923329,-0.0367992],[-0.919222,0.375869,-0.117274],[-0.094451,0.0786538,0.992418]],[[0.382243,0.923329,-0.0367992],[-0.818593,0.31987,-0.477063],[-0.428715,0.212477,0.878098]]],"btipPosition":[-33.9551,253.643,-55.0716],"carpPosition":[-27.7069,254.697,36.2914],"dipPosition":[-43.1562,258.203,-36.226],"direction":[0.094451,-0.0786538,-0.992418],"extended":false,"handId":195,"id":1950,"length":47.7925,"mcpPosition":[-27.7069,254.697,36.2914],"pipPosition":[-46.1094,260.662,-5.19623],"stabilizedTipPosition":[-36.3871,255.887,-42.8366],"timeVisible":0.95797,"tipPosition":[-36.1479,253.909,-50.8671],"tipVelocity":[-23.2275,15.9052,-26.785],"tool":false,"touchDistance":-0.348634,"touchZone":"touching","type":0,"width":18.5699},{"bases":[[[0.983354,-0.0324712,-0.178773],[0.07744,0.964964,0.250695],[0.164369,-0.260366,0.951416]],[[0.988833,-0.0422256,-0.142919],[0.0728109,0.973653,0.2161],[0.130028,-0.224093,0.965854]],[[0.988833,-0.0422256,-0.142919],[0.0531695,0.995866,0.0736412],[0.139218,-0.0804178,0.986991]],[[0.988833,-0.0422256,-0.142919],[0.0367887,0.998503,-0.0404744],[0.144414,0.0347646,0.988907]]],"btipPosition":[-39.9408,301.836,-105.562],"carpPosition":[-18.3802,274.204,34.05],"dipPosition":[-37.6781,302.381,-90.0675],"direction":[-0.139218,0.0804178,-0.986991],"extended":true,"handId":195,"id":1951,"length":53.9285,"mcpPosition":[-29.4695,291.77,-30.1381],"pipPosition":[-34.5923,300.598,-68.1908],"stabilizedTipPosition":[-38.225,300.954,-100.981],"timeVisible":0.95797,"tipPosition":[-38.9678,300.861,-102.146],"tipVelocity":[-37.3479,42.4433,-11.1165],"tool":false,"touchDistance":-0.334509,"touchZone":"touching","type":1,"width":17.738},{"bases":[[[0.968814,-0.231373,-0.0886897],[0.246163,0.939632,0.23769],[0.0283406,-0.252109,0.967284]],[[0.969152,-0.235541,-0.0725626],[0.0804291,0.580543,-0.810247],[0.232972,0.779417,0.581579]],[[0.969152,-0.235541,-0.0725626],[-0.186688,-0.509343,-0.84007],[0.160911,0.827701,-0.537604]],[[0.969152,-0.235541,-0.0725626],[-0.244503,-0.881757,-0.403389],[0.031032,0.408687,-0.912147]]],"btipPosition":[-24.2056,228.54,-25.9245],"carpPosition":[-7.36382,275.488,31.9304],"dipPosition":[-23.6708,235.582,-41.6434],"direction":[-0.160911,-0.827702,0.537604],"extended":false,"handId":195,"id":1952,"length":61.4471,"mcpPosition":[-9.17704,291.618,-29.956],"pipPosition":[-19.4747,257.167,-55.6626],"stabilizedTipPosition":[-28.8776,232.485,-10.3422],"timeVisible":0.95797,"tipPosition":[-24.0086,230.529,-29.7964],"tipVelocity":[-21.659,-7.42269,-38.2886],"tool":false,"touchDistance":0.333333,"touchZone":"none","type":2,"width":17.4211},{"bases":[[[0.941093,-0.336122,0.0369568],[0.315529,0.912184,0.26146],[-0.121594,-0.234397,0.964507]],[[0.93686,-0.343244,0.0669129],[0.241917,0.497951,-0.832779],[0.252527,0.796385,0.549547]],[[0.93686,-0.343244,0.0669129],[-0.142589,-0.549652,-0.823135],[0.319315,0.761621,-0.563889]],[[0.93686,-0.343244,0.0669129],[-0.290739,-0.870826,-0.396399],[0.194331,0.351917,-0.915636]]],"btipPosition":[-11.1244,229.316,-17.5026],"carpPosition":[3.67904,273.86,30.4047],"dipPosition":[-7.79473,235.346,-33.191],"direction":[-0.319315,-0.761621,0.563889],"extended":false,"handId":195,"id":1953,"length":59.0831,"mcpPosition":[10.6637,287.324,-24.9994],"pipPosition":[0.317032,254.694,-47.5158],"stabilizedTipPosition":[-16.3406,234.157,1.77274],"timeVisible":0.95797,"tipPosition":[-10.2101,231.029,-21.2373],"tipVelocity":[-21.0887,-8.19817,-37.7702],"tool":false,"touchDistance":0.333333,"touchZone":"none","type":3,"width":16.5772},{"bases":[[[0.855537,-0.507059,0.104627],[0.446072,0.824484,0.348203],[-0.262823,-0.251229,0.931562]],[[0.792555,-0.544634,0.274282],[0.526009,0.383044,-0.759337],[0.308499,0.746091,0.590065]],[[0.792555,-0.544634,0.274282],[-0.0844099,-0.543443,-0.835192],[0.60393,0.638783,-0.476681]],[[0.792555,-0.544634,0.274282],[-0.388002,-0.797389,-0.462196],[0.470437,0.259894,-0.843294]]],"btipPosition":[-0.503167,239.267,-17.3422],"carpPosition":[13.7928,265.666,29.4467],"dipPosition":[6.93289,243.375,-30.6719],"direction":[-0.60393,-0.638783,0.476681],"extended":false,"handId":195,"id":1954,"length":46.32,"mcpPosition":[27.7683,279.025,-20.0885],"pipPosition":[17.765,254.833,-39.2217],"stabilizedTipPosition":[-5.63547,244.152,5.48227],"timeVisible":0.95797,"tipPosition":[1.42653,240.486,-20.4271],"tipVelocity":[-24.4029,-7.98234,-29.1234],"tool":false,"touchDistance":0.333333,"touchZone":"none","type":4,"width":14.7252}],"r":[[0.840516,0.184702,0.509331],[-0.126893,0.981058,-0.146364],[-0.526717,0.0583909,0.848033]],"s":1.03447,"t":[116.027,87.8463,-196.297],"timestamp":2688272995},false],[3,{"currentFrameRate":110.72,"devices":[],"gestures":[],"hands":[{"armBasis":[[0.923011,0.0771004,-0.37697],[0.0985187,0.899704,0.425236],[0.371948,-0.429636,0.822841]],"armWidth":58.4334,"confidence":0.701224,"direction":[0.0179436,0.393153,-0.919298],"elbow":[90.8321,156.186,239.436],"grabStrength":0,"id":195,"palmNormal":[-0.0992167,-0.914208,-0.392912],"palmPosition":[-7.72089,279.097,-11.2208],"palmVelocity":[-33.8034,5.26119,-42.8915],"palmWidth":83.4409,"pinchStrength":0.65953,"r":[[0.840201,0.184009,0.510102],[-0.127763,0.981359,-0.143563],[-0.52701,0.0554496,0.848048]],"s":1.03577,"sphereCenter":[-18.8113,252.091,-42.8201],"sphereRadius":42.3605,"stabilizedPalmPosition":[-10.162,280.41,6.06131],"t":[115.668,88.0138,-196.796],"timeVisible":0.966814,"type":"right","wrist":[-1.26171,262.563,35.7012]}],"id":255786,"interactionBox":{"center":[0,200,0],"size":[235.247,235.247,147.751]},"pointables":[{"bases":[[[0.49259,0.854869,0.162951],[-0.763324,0.334492,0.552676],[0.41796,-0.396627,0.81731]],[[0.381944,0.923649,-0.0314932],[-0.832985,0.358814,0.421174],[0.400317,-0.134632,0.906433]],[[0.381944,0.923649,-0.0314932],[-0.919153,0.376093,-0.117094],[-0.0963092,0.0736704,0.992621]],[[0.381944,0.923649,-0.0314932],[-0.81645,0.321256,-0.479796],[-0.433046,0.208968,0.876815]]],"btipPosition":[-34.33,254.219,-56.0616],"carpPosition":[-28.3103,254.844,35.2855],"dipPosition":[-43.624,258.704,-37.2435],"direction":[0.0963092,-0.0736704,-0.992621],"extended":false,"handId":195,"id":1950,"length":47.7925,"mcpPosition":[-28.3103,254.844,35.2855],"pipPosition":[-46.6353,261.007,-6.20744],"stabilizedTipPosition":[-36.3894,255.869,-43.0896],"timeVisible":0.966814,"tipPosition":[-36.5422,254.474,-51.8708],"tipVelocity":[-29.0643,28.6997,-50.0171],"tool":false,"touchDistance":-0.357049,"touchZone":"touching","type":0,"width":18.5699},{"bases":[[[0.983793,-0.030854,-0.176634],[0.0759633,0.964033,0.254695],[0.162423,-0.263985,0.950753]],[[0.989002,-0.0403359,-0.142298],[0.0719217,0.971841,0.224392],[0.12924,-0.232158,0.964054]],[[0.989002,-0.0403359,-0.142298],[0.0523644,0.99527,0.0818232],[0.138325,-0.0883747,0.986436]],[[0.989002,-0.0403359,-0.142298],[0.036035,0.998816,-0.0326746],[0.143448,0.0271875,0.989284]]],"btipPosition":[-40.36,302.857,-106.347],"carpPosition":[-18.9966,274.368,33.1429],"dipPosition":[-38.1124,303.283,-90.8465],"direction":[-0.138325,0.0883747,-0.986436],"extended":true,"handId":195,"id":1951,"length":53.9285,"mcpPosition":[-29.9546,292.178,-31.0004],"pipPosition":[-35.0464,301.325,-68.9821],"stabilizedTipPosition":[-38.6248,301.449,-101.426],"timeVisible":0.966814,"tipPosition":[-39.3941,301.835,-102.939],"tipVelocity":[-40.1727,61.3668,-32.0801],"tool":false,"touchDistance":-0.341146,"touchZone":"touching","type":1,"width":17.738},{"bases":[[[0.969231,-0.230125,-0.0873739],[0.244739,0.938909,0.241978],[0.026351,-0.255916,0.96634]],[[0.969535,-0.234357,-0.0712614],[0.0817438,0.583797,-0.807774],[0.230909,0.777341,0.585169]],[[0.969535,-0.234357,-0.0712614],[-0.18415,-0.505516,-0.842937],[0.161524,0.83038,-0.533272]],[[0.969535,-0.234357,-0.0712614],[-0.242712,-0.87987,-0.408559],[0.0330476,0.413408,-0.909946]]],"btipPosition":[-24.6506,228.907,-27.0502],"carpPosition":[-7.97661,275.671,31.0539],"dipPosition":[-24.0811,236.031,-42.7312],"direction":[-0.161524,-0.83038,0.533272],"extended":false,"handId":195,"id":1952,"length":61.4471,"mcpPosition":[-9.66254,292.044,-30.7722],"pipPosition":[-19.8691,257.685,-56.6374],"stabilizedTipPosition":[-28.8345,232.466,-10.5431],"timeVisible":0.966814,"tipPosition":[-24.4443,230.916,-30.8961],"tipVelocity":[-29.1685,6.38566,-62.0994],"tool":false,"touchDistance":0.333333,"touchZone":"none","type":2,"width":17.4211},{"bases":[[[0.941319,-0.335396,0.0377922],[0.314076,0.911431,0.265799],[-0.123593,-0.238332,0.963288]],[[0.937047,-0.342605,0.0675585],[0.2432,0.501437,-0.83031],[0.250592,0.79447,0.553192]],[[0.937047,-0.342605,0.0675585],[-0.140164,-0.546205,-0.825841],[0.319838,0.764383,-0.559841]],[[0.937047,-0.342605,0.0675585],[-0.288915,-0.869289,-0.40108],[0.19614,0.356312,-0.913548]]],"btipPosition":[-11.5823,229.675,-18.5781],"carpPosition":[3.07124,274.059,29.5471],"dipPosition":[-8.22171,235.78,-34.2307],"direction":[-0.319838,-0.764383,0.559841],"extended":false,"handId":195,"id":1953,"length":59.0831,"mcpPosition":[10.1708,287.749,-25.787],"pipPosition":[-0.0966467,255.198,-48.4527],"stabilizedTipPosition":[-16.3011,234.135,1.60146],"timeVisible":0.966814,"tipPosition":[-10.663,231.405,-22.298],"tipVelocity":[-29.1746,5.50606,-60.1997],"tool":false,"touchDistance":0.333333,"touchZone":"none","type":3,"width":16.5772},{"bases":[[[0.855767,-0.50668,0.104588],[0.444501,0.823509,0.352494],[-0.264731,-0.255163,0.929951]],[[0.7929,-0.544807,0.272938],[0.525432,0.384441,-0.75903],[0.308596,0.745245,0.591082]],[[0.7929,-0.544807,0.272938],[-0.083651,-0.540993,-0.836857],[0.603583,0.640712,-0.474527]],[[0.7929,-0.544807,0.272938],[-0.386271,-0.795805,-0.466357],[0.47128,0.264346,-0.841437]]],"btipPosition":[-1.01001,239.611,-18.2243],"carpPosition":[13.1948,265.878,28.58],"dipPosition":[6.43939,243.79,-31.5246],"direction":[-0.603583,-0.640712,0.474527],"extended":false,"handId":195,"id":1954,"length":46.32,"mcpPosition":[27.2717,279.447,-20.8696],"pipPosition":[17.2653,255.282,-40.0358],"stabilizedTipPosition":[-5.57565,244.118,5.22971],"timeVisible":0.966814,"tipPosition":[0.928779,240.848,-21.3446],"tipVelocity":[-33.2112,5.19628,-48.0192],"tool":false,"touchDistance":0.333333,"touchZone":"none","type":4,"width":14.7252}],"r":[[0.840201,0.184009,0.510102],[-0.127763,0.981359,-0.143563],[-0.52701,0.0554496,0.848048]],"s":1.03577,"t":[115.668,88.0138,-196.796],"timestamp":2688281839},false],[4,{"currentFrameRate":110.671,"devices":[],"gestures":[],"hands":[{"armBasis":[[0.924081,0.0783999,-0.374068],[0.0964126,0.899264,0.426648],[0.369835,-0.430322,0.823435]],"armWidth":58.4334,"confidence":0.707422,"direction":[0.0203383,0.395166,-0.918385],"elbow":[89.7038,156.195,238.854],"grabStrength":0,"id":195,"palmNormal":[-0.0971723,-0.913445,-0.395192],"palmPosition":[-8.20066,279.372,-11.9332],"palmVelocity":[-39.0223,12.171,-52.669],"palmWidth":83.4409,"pinchStrength":0.658608,"r":[[0.839607,0.183388,0.511302],[-0.128559,0.981631,-0.140973],[-0.527762,0.052629,0.84776]],"s":1.03758,"sphereCenter":[-19.4808,252.597,-43.5833],"sphereRadius":42.3927,"stabilizedPalmPosition":[-10.0831,280.369,5.33744],"t":[115.249,88.2351,-197.401],"timeVisible":0.975936,"type":"right","wrist":[-1.86707,262.742,34.972]}],"id":255787,"interactionBox":{"center":[0,200,0],"size":[235.247,235.247,147.751]},"pointables":[{"bases":[[[0.491292,0.854974,0.166288],[-0.765299,0.332576,0.5511],[0.415873,-0.398011,0.817702]],[[0.381704,0.923876,-0.0274743],[-0.834169,0.357139,0.420255],[0.398075,-0.137495,0.90699]],[[0.381704,0.923876,-0.0274743],[-0.918966,0.376155,-0.118361],[-0.0990166,0.070427,0.99259]],[[0.381704,0.923876,-0.0274743],[-0.813742,0.321808,-0.484007],[-0.438321,0.207105,0.874633]]],"btipPosition":[-34.6262,254.646,-56.8667],"carpPosition":[-28.907,254.999,34.4582],"dipPosition":[-44.0334,259.091,-38.0954],"direction":[0.0990166,-0.070427,-0.99259],"extended":false,"handId":195,"id":1950,"length":47.7925,"mcpPosition":[-28.907,254.999,34.4582],"pipPosition":[-47.1293,261.293,-7.06027],"stabilizedTipPosition":[-36.4002,255.863,-43.3458],"timeVisible":0.975936,"tipPosition":[-36.8647,254.896,-52.6947],"tipVelocity":[-30.8031,33.4538,-60.9643],"tool":false,"touchDistance":-0.361915,"touchZone":"touching","type":0,"width":18.5699},{"bases":[[[0.984348,-0.029549,-0.173738],[0.0742878,0.963548,0.257014],[0.159811,-0.265898,0.950662]],[[0.989312,-0.0387813,-0.140561],[0.070796,0.970488,0.230523],[0.127473,-0.23801,0.962861]],[[0.989312,-0.0387813,-0.140561],[0.0514523,0.994821,0.0876627],[0.136434,-0.093958,0.986183]],[[0.989312,-0.0387813,-0.140561],[0.0352792,0.999004,-0.0273226],[0.141481,0.0220717,0.989695]]],"btipPosition":[-40.6501,303.589,-107.051],"carpPosition":[-19.6054,274.536,32.386],"dipPosition":[-38.4334,303.935,-91.5448],"direction":[-0.136434,0.093958,-0.986183],"extended":true,"handId":195,"id":1951,"length":53.9285,"mcpPosition":[-30.3871,292.475,-31.7512],"pipPosition":[-35.4093,301.852,-69.6859],"stabilizedTipPosition":[-39.0014,302,-101.938],"timeVisible":0.975936,"tipPosition":[-39.7004,302.539,-103.648],"tipVelocity":[-38.0648,66.034,-44.5797],"tool":false,"touchDistance":-0.345913,"touchZone":"touching","type":1,"width":17.738},{"bases":[[[0.969706,-0.229027,-0.084955],[0.243125,0.938609,0.24475],[0.0236852,-0.25799,0.965857]],[[0.969966,-0.233294,-0.0688497],[0.0836163,0.5856,-0.806276],[0.228417,0.776303,0.587519]],[[0.969966,-0.233294,-0.0688497],[-0.181015,-0.503238,-0.844976],[0.16248,0.832061,-0.530354]],[[0.969966,-0.233294,-0.0688497],[-0.240612,-0.878734,-0.412228],[0.0356696,0.416413,-0.908476]]],"btipPosition":[-25.0438,229.172,-27.9456],"carpPosition":[-8.58032,275.854,30.333],"dipPosition":[-24.4291,236.348,-43.6012],"direction":[-0.16248,-0.832061,0.530354],"extended":false,"handId":195,"id":1952,"length":61.4471,"mcpPosition":[-10.0957,292.36,-31.4622],"pipPosition":[-20.1921,258.046,-57.4313],"stabilizedTipPosition":[-28.8024,232.452,-10.7149],"timeVisible":0.975936,"tipPosition":[-24.8258,231.194,-31.7702],"tipVelocity":[-32.7197,13.0676,-71.9354],"tool":false,"touchDistance":0.333333,"touchZone":"none","type":2,"width":17.4211},{"bases":[[[0.941517,-0.334596,0.0398978],[0.312416,0.911145,0.26872],[-0.126265,-0.24054,0.962392]],[[0.937346,-0.3416,0.0684938],[0.240873,0.493366,-0.835805],[0.251718,0.799937,0.544737]],[[0.937346,-0.3416,0.0684938],[-0.140591,-0.550749,-0.822745],[0.318773,0.761568,-0.564268]],[[0.937346,-0.3416,0.0684938],[-0.287495,-0.869442,-0.401768],[0.196795,0.356905,-0.913176]]],"btipPosition":[-12.0568,229.835,-18.7653],"carpPosition":[2.47353,274.255,28.856],"dipPosition":[-8.68498,235.95,-34.4115],"direction":[-0.318773,-0.761568,0.564268],"extended":false,"handId":195,"id":1953,"length":59.0831,"mcpPosition":[9.72659,288.073,-26.4266],"pipPosition":[-0.586991,255.297,-48.746],"stabilizedTipPosition":[-16.266,234.115,1.43414],"timeVisible":0.975936,"tipPosition":[-11.1206,231.588,-22.6909],"tipVelocity":[-35.4402,8.94026,-49.1342],"tool":false,"touchDistance":0.333333,"touchZone":"none","type":3,"width":16.5772},{"bases":[[[0.855926,-0.506105,0.106064],[0.442662,0.823157,0.355616],[-0.267286,-0.257431,0.928594]],[[0.792772,-0.544586,0.273749],[0.52676,0.386186,-0.757222],[0.306654,0.744504,0.593023]],[[0.792772,-0.544586,0.273749],[-0.0809625,-0.53923,-0.838257],[0.604117,0.642384,-0.471578]],[[0.792772,-0.544586,0.273749],[-0.383993,-0.795026,-0.469556],[0.473351,0.267133,-0.839392]]],"btipPosition":[-1.44059,239.89,-18.9786],"carpPosition":[12.6077,266.087,27.9016],"dipPosition":[6.04154,244.112,-32.2467],"direction":[-0.604117,-0.642384,0.471578],"extended":false,"handId":195,"id":1954,"length":46.32,"mcpPosition":[26.8205,279.775,-21.4758],"pipPosition":[16.877,255.634,-40.7049],"stabilizedTipPosition":[-5.52496,244.09,4.99372],"timeVisible":0.975936,"tipPosition":[0.503571,241.136,-22.0977],"tipVelocity":[-36.868,12.5456,-57.4248],"tool":false,"touchDistance":0.333333,"touchZone":"none","type":4,"width":14.7252}],"r":[[0.839607,0.183388,0.511302],[-0.128559,0.981631,-0.140973],[-0.527762,0.052629,0.84776]],"s":1.03758,"t":[115.249,88.2351,-197.401],"timestamp":2688290961},false],[5,{"currentFrameRate":101.35,"devices":[],"gestures":[],"hands":[{"armBasis":[[0.922023,0.0828057,-0.378176],[0.0948514,0.898764,0.42805],[0.375336,-0.430542,0.820827]],"armWidth":58.4334,"confidence":0.718364,"direction":[0.0268531,0.406103,-0.913433],"elbow":[89.703,156.639,236.261],"grabStrength":0,"id":195,"palmNormal":[-0.0955076,-0.90854,-0.406735],"palmPosition":[-9.23417,280.438,-13.7185],"palmVelocity":[-38.5171,29.0179,-60.9182],"palmWidth":83.4409,"pinchStrength":0.654626,"r":[[0.838493,0.181472,0.513807],[-0.128796,0.982201,-0.136719],[-0.529473,0.0484614,0.846942]],"s":1.04069,"sphereCenter":[-20.9018,254.433,-45.6828],"sphereRadius":42.4481,"stabilizedPalmPosition":[-10.0079,280.375,3.65095],"t":[114.522,88.8784,-198.597],"timeVisible":1.00299,"type":"right","wrist":[-3.22975,263.241,33.0253]}],"id":255788,"interactionBox":{"center":[0,200,0],"size":[235.247,235.247,147.751]},"pointables":[{"bases":[[[0.491077,0.852366,0.179765],[-0.768591,0.326824,0.549958],[0.410014,-0.408237,0.815617]],[[0.383801,0.923333,-0.0123306],[-0.835751,0.353013,0.420598],[0.392705,-0.151121,0.907163]],[[0.383801,0.923333,-0.0123306],[-0.917479,0.379788,-0.118294],[-0.104541,0.0567144,0.992902]],[[0.383801,0.923333,-0.0123306],[-0.807978,0.329327,-0.488584],[-0.447065,0.197482,0.87243]]],"btipPosition":[-35.3867,256.441,-59.0557],"carpPosition":[-30.2738,255.534,32.2395],"dipPosition":[-44.9816,260.679,-40.3318],"direction":[0.104541,-0.0567144,-0.992902],"extended":false,"handId":195,"id":1950,"length":47.7925,"mcpPosition":[-30.2738,255.534,32.2395],"pipPosition":[-48.2503,262.452,-9.28688],"stabilizedTipPosition":[-36.4886,255.978,-44.1901],"timeVisible":1.00299,"tipPosition":[-37.6557,256.643,-54.9123],"tipVelocity":[-30.1271,52.724,-73.5672],"tool":false,"touchDistance":-0.387056,"touchZone":"touching","type":0,"width":18.5699},{"bases":[[[0.985449,-0.0285829,-0.167552],[0.073594,0.960319,0.269018],[0.153214,-0.277435,0.948449]],[[0.989917,-0.037606,-0.136564],[0.071235,0.965494,0.250493],[0.122432,-0.257696,0.958438]],[[0.989917,-0.037606,-0.136564],[0.0526586,0.992718,0.108341],[0.131495,-0.11444,0.984689]],[[0.989917,-0.037606,-0.136564],[0.0370403,0.999291,-0.00668159],[0.136719,0.00155585,0.990609]]],"btipPosition":[-41.155,306.467,-108.632],"carpPosition":[-20.938,275.085,30.4631],"dipPosition":[-39.0129,306.491,-93.111],"direction":[-0.131495,0.11444,-0.984689],"extended":true,"handId":195,"id":1951,"length":53.9285,"mcpPosition":[-31.2747,293.802,-33.5248],"pipPosition":[-36.0983,303.955,-71.2853],"stabilizedTipPosition":[-39.9561,304.571,-103.734],"timeVisible":1.00299,"tipPosition":[-40.2424,305.285,-105.248],"tipVelocity":[-26.4497,89.3184,-53.0755],"tool":false,"touchDistance":-0.363313,"touchZone":"touching","type":1,"width":17.738},{"bases":[[[0.970007,-0.229092,-0.0812619],[0.242482,0.935338,0.257576],[0.0169986,-0.269556,0.962835]],[[0.970155,-0.233553,-0.0652022],[0.0892688,0.594011,-0.799489],[0.225454,0.769808,0.597132]],[[0.970155,-0.233553,-0.0652022],[-0.17593,-0.492906,-0.85211],[0.166874,0.838151,-0.519285]],[[0.970155,-0.233553,-0.0652022],[-0.238746,-0.872993,-0.425304],[0.0424099,0.428177,-0.902699]]],"btipPosition":[-26.0336,230.398,-30.3992],"carpPosition":[-9.89822,276.414,28.4991],"dipPosition":[-25.3028,237.777,-45.9553],"direction":[-0.166874,-0.838151,0.519285],"extended":false,"handId":195,"id":1952,"length":61.4471,"mcpPosition":[-10.9858,293.66,-33.1027],"pipPosition":[-20.9512,259.634,-59.4967],"stabilizedTipPosition":[-28.7554,232.447,-11.0867],"timeVisible":1.00299,"tipPosition":[-25.787,232.472,-34.2033],"tipVelocity":[-34.5053,34.0976,-83.0276],"tool":false,"touchDistance":0.333333,"touchZone":"none","type":2,"width":17.4211},{"bases":[[[0.940878,-0.336116,0.0421285],[0.311584,0.90751,0.281674],[-0.132907,-0.251895,0.958585]],[[0.936741,-0.343108,0.0692324],[0.241586,0.490639,-0.837203],[0.253283,0.800968,0.542492]],[[0.936741,-0.343108,0.0692324],[-0.139992,-0.548534,-0.824326],[0.320809,0.762488,-0.561867]],[[0.936741,-0.343108,0.0692324],[-0.286559,-0.865327,-0.41121],[0.200998,0.365358,-0.908908]]],"btipPosition":[-13.1732,230.843,-20.3684],"carpPosition":[1.1635,274.821,27.0764],"dipPosition":[-9.72932,237.103,-35.9414],"direction":[-0.320809,-0.762488,0.561867],"extended":false,"handId":195,"id":1953,"length":59.0831,"mcpPosition":[8.79809,289.291,-27.9876],"pipPosition":[-1.5796,256.473,-50.2149],"stabilizedTipPosition":[-16.1842,234.076,0.899149],"timeVisible":1.00299,"tipPosition":[-12.2099,232.639,-24.4937],"tipVelocity":[-38.6685,27.2223,-55.0176],"tool":false,"touchDistance":0.333333,"touchZone":"none","type":3,"width":16.5772},{"bases":[[[0.854669,-0.508307,0.105667],[0.441157,0.818341,0.368373],[-0.273718,-0.268221,0.923654]],[[0.792141,-0.547997,0.268724],[0.524523,0.386107,-0.758813],[0.312071,0.742038,0.593288]],[[0.792141,-0.547997,0.268724],[-0.0844322,-0.534442,-0.840978],[0.60447,0.643483,-0.469622]],[[0.792141,-0.547997,0.268724],[-0.384193,-0.789813,-0.478113],[0.474246,0.275491,-0.836179]]],"btipPosition":[-2.60722,240.958,-20.6205],"carpPosition":[11.2952,266.653,26.0915],"dipPosition":[4.88905,245.313,-33.8378],"direction":[-0.60447,-0.643483,0.469622],"extended":false,"handId":195,"id":1954,"length":46.32,"mcpPosition":[25.85,280.915,-23.0232],"pipPosition":[15.7309,256.854,-42.261],"stabilizedTipPosition":[-5.4122,244.038,4.29763],"timeVisible":1.00299,"tipPosition":[-0.623492,242.233,-23.9133],"tipVelocity":[-40.6677,29.9159,-59.1826],"tool":false,"touchDistance":0.333333,"touchZone":"none","type":4,"width":14.7252}],"r":[[0.838493,0.181472,0.513807],[-0.128796,0.982201,-0.136719],[-0.529473,0.0484614,0.846942]],"s":1.04069,"t":[114.522,88.8784,-198.597],"timestamp":2688318012},false],[6,{"currentFrameRate":101.57,"devices":[],"gestures":[],"hands":[{"armBasis":[[0.922359,0.0822007,-0.377488],[0.0949783,0.898867,0.427806],[0.374477,-0.430444,0.82127]],"armWidth":58.4334,"confidence":0.722017,"direction":[0.0282386,0.408107,-0.912497],"elbow":[89.2114,156.753,235.968],"grabStrength":0,"id":195,"palmNormal":[-0.095588,-0.907575,-0.408864],"palmPosition":[-9.44465,280.635,-14.0907],"palmVelocity":[-33.8984,26.7038,-54.8043],"palmWidth":83.4409,"pinchStrength":0.653502,"r":[[0.837495,0.179594,0.51609],[-0.128833,0.982719,-0.132911],[-0.531041,0.0448228,0.84616]],"s":1.04341,"sphereCenter":[-21.3348,254.868,-46.1008],"sphereRadius":42.4673,"stabilizedPalmPosition":[-9.99156,280.382,3.13493],"t":[114.054,89.2986,-199.38],"timeVisible":1.01241,"type":"right","wrist":[-3.50883,263.331,32.6222]}],"id":255789,"interactionBox":{"center":[0,200,0],"size":[235.247,235.247,147.751]},"pointables":[{"bases":[[[0.4914,0.85165,0.182256],[-0.769059,0.3261,0.549734],[0.408748,-0.410306,0.815215]],[[0.384674,0.923005,-0.00937652],[-0.835837,0.35262,0.420756],[0.391666,-0.154017,0.907126]],[[0.384674,0.923005,-0.00937652],[-0.916979,0.38096,-0.118398],[-0.10571,0.0541426,0.992922]],[[0.384674,0.923005,-0.00937652],[-0.806679,0.331222,-0.48945],[-0.448659,0.195843,0.871981]]],"btipPosition":[-35.5515,256.798,-59.4984],"carpPosition":[-30.5568,255.643,31.7861],"dipPosition":[-45.1805,261.001,-40.784],"direction":[0.10571,-0.0541426,-0.992922],"extended":false,"handId":195,"id":1950,"length":47.7925,"mcpPosition":[-30.5568,255.643,31.7861],"pipPosition":[-48.4857,262.694,-9.73855],"stabilizedTipPosition":[-36.5217,256.024,-44.4753],"timeVisible":1.01241,"tipPosition":[-37.8277,256.994,-55.36],"tipVelocity":[-26.7562,48.2447,-66.0442],"tool":false,"touchDistance":-0.383357,"touchZone":"touching","type":0,"width":18.5699},{"bases":[[[0.985636,-0.0288454,-0.166402],[0.0738773,0.959674,0.271235],[0.151867,-0.279632,0.94802]],[[0.989937,-0.037653,-0.13641],[0.0719567,0.963965,0.256113],[0.121852,-0.263351,0.956974]],[[0.989937,-0.037653,-0.13641],[0.053517,0.991973,0.114564],[0.131002,-0.120711,0.984006]],[[0.989937,-0.037653,-0.13641],[0.0379824,0.999278,-0.00018764],[0.136319,-0.00499545,0.990652]]],"btipPosition":[-41.2924,307.186,-108.929],"carpPosition":[-21.2064,275.191,30.0645],"dipPosition":[-39.1566,307.108,-93.4078],"direction":[-0.131002,0.120711,-0.984006],"extended":true,"handId":195,"id":1951,"length":53.9285,"mcpPosition":[-31.4522,294.057,-33.8944],"pipPosition":[-36.2529,304.432,-71.5972],"stabilizedTipPosition":[-40.1753,305.245,-104.155],"timeVisible":1.01241,"tipPosition":[-40.3861,305.947,-105.554],"tipVelocity":[-23.1069,84.9026,-46.9328],"tool":false,"touchDistance":-0.359775,"touchZone":"touching","type":1,"width":17.738},{"bases":[[[0.969959,-0.229535,-0.0805752],[0.242764,0.934609,0.259946],[0.0156397,-0.271698,0.962256]],[[0.970085,-0.234032,-0.0645236],[0.0905307,0.595363,-0.79834],[0.225252,0.768617,0.59874]],[[0.970085,-0.234032,-0.0645236],[-0.175195,-0.490912,-0.853412],[0.168051,0.839187,-0.517227]],[[0.970085,-0.234032,-0.0645236],[-0.238765,-0.87174,-0.427856],[0.0438842,0.430462,-0.901541]]],"btipPosition":[-26.2589,230.626,-30.8889],"carpPosition":[-10.1633,276.518,28.117],"dipPosition":[-25.5027,238.044,-46.425],"direction":[-0.168051,-0.839187,0.517227],"extended":false,"handId":195,"id":1952,"length":61.4471,"mcpPosition":[-11.1639,293.901,-33.4477],"pipPosition":[-21.1204,259.927,-59.9128],"stabilizedTipPosition":[-28.7422,232.446,-11.2029],"timeVisible":1.01241,"tipPosition":[-26.0059,232.71,-34.6896],"tipVelocity":[-31.3038,31.5247,-74.0229],"tool":false,"touchDistance":0.333333,"touchZone":"none","type":2,"width":17.4211},{"bases":[[[0.94061,-0.336813,0.0425418],[0.311817,0.906684,0.284067],[-0.134249,-0.253931,0.95786]],[[0.936477,-0.343799,0.0693771],[0.242062,0.49041,-0.8372],[0.253806,0.800812,0.542478]],[[0.936477,-0.343799,0.0693771],[-0.140044,-0.547897,-0.824741],[0.321557,0.762634,-0.56124]],[[0.936477,-0.343799,0.0693771],[-0.286765,-0.864446,-0.412915],[0.201933,0.36679,-0.908124]]],"btipPosition":[-13.4169,231.038,-20.7275],"carpPosition":[0.899155,274.921,26.7044],"dipPosition":[-9.95697,237.322,-36.2872],"direction":[-0.321557,-0.762635,0.56124],"extended":false,"handId":195,"id":1953,"length":59.0831,"mcpPosition":[8.61084,289.508,-28.3179],"pipPosition":[-1.78826,256.696,-50.5447],"stabilizedTipPosition":[-16.1579,234.064,0.713231],"timeVisible":1.01241,"tipPosition":[-12.4515,232.834,-24.8731],"tipVelocity":[-34.9004,25.5345,-50.0989],"tool":false,"touchDistance":0.333333,"touchZone":"none","type":3,"width":16.5772},{"bases":[[[0.854212,-0.509089,0.105593],[0.441227,0.81724,0.370727],[-0.275028,-0.270089,0.92272]],[[0.792018,-0.548868,0.267305],[0.523514,0.385358,-0.759889],[0.314071,0.741784,0.592551]],[[0.792018,-0.548868,0.267305],[-0.0858277,-0.533605,-0.841367],[0.604435,0.643436,-0.469733]],[[0.792018,-0.548868,0.267305],[-0.384527,-0.788579,-0.479876],[0.47418,0.277285,-0.835624]]],"btipPosition":[-2.86911,241.134,-20.9313],"carpPosition":[11.0268,266.749,25.7139],"dipPosition":[4.62612,245.517,-34.1398],"direction":[-0.604435,-0.643436,0.469733],"extended":false,"handId":195,"id":1954,"length":46.32,"mcpPosition":[25.6512,281.11,-23.3512],"pipPosition":[15.4673,257.058,-42.565],"stabilizedTipPosition":[-5.37608,244.022,4.05836],"timeVisible":1.01241,"tipPosition":[-0.879701,242.417,-24.2619],"t