{"sensorType":"Leap","data":[[0,{"currentFrameRate":104.767,"devices":[],"gestures":[],"hands":[{"armBasis":[[0.953452,0.1037,-0.283152],[0.0209705,0.913931,0.405326],[0.300813,-0.392397,0.869215]],"armWidth":58.4334,"confidence":0.714886,"direction":[0.0297102,0.349966,-0.936291],"elbow":[51.3854,193.754,253.826],"grabStrength":0,"id":192,"palmNormal":[-0.0227642,-0.936225,-0.350663],"palmPosition":[-28.7,304.754,-9.28358],"palmVelocity":[-23.4147,-31.7332,-96.5317],"palmWidth":83.4409,"pinchStrength":0.598533,"r":[[0.91673,0.20162,0.344899],[-0.150576,0.974018,-0.169161],[-0.370044,0.103142,0.923271]],"s":1.10666,"sphereCenter":[-34.2737,276.119,-38.9822],"sphereRadius":42.4825,"stabilizedPalmPosition":[-26.199,300.968,33.3046],"t":[65.6181,159.991,-165.972],"timeVisible":0.714497,"type":"right","wrist":[-23.0957,290.911,38.6093]}],"id":254176,"interactionBox":{"center":[0,200,0],"size":[235.247,235.247,147.751]},"pointables":[{"bases":[[[0.428274,0.892906,0.138929],[-0.805644,0.307652,0.506249],[0.409291,-0.32874,0.851123]],[[0.305125,0.947999,-0.0905319],[-0.869213,0.316076,0.380217],[0.389061,-0.0373221,0.920456]],[[0.305125,0.947999,-0.0905319],[-0.930131,0.276269,-0.241934],[-0.204343,0.158027,0.96606]],[[0.305125,0.947999,-0.0905319],[-0.771629,0.190399,-0.606908],[-0.558111,0.25504,0.789599]]],"btipPosition":[-48.9813,272.664,-51.7312],"carpPosition":[-49.5389,281.37,37.5556],"dipPosition":[-60.9594,278.138,-34.7849],"direction":[0.204343,-0.158027,-0.96606],"extended":false,"handId":192,"id":1920,"length":47.7925,"mcpPosition":[-49.5389,281.37,37.5556],"pipPosition":[-67.3486,283.079,-4.5793],"stabilizedTipPosition":[-54.4318,268.733,-8.66762],"timeVisible":0.714497,"tipPosition":[-51.6827,272.758,-47.9349],"tipVelocity":[-26.1643,-18.1141,-89.8985],"tool":false,"touchDistance":-0.45961,"touchZone":"touching","type":0,"width":18.5699},{"bases":[[[0.990101,0.0274782,-0.137638],[0.00196783,0.977834,0.209371],[0.14034,-0.207569,0.968101]],[[0.997414,0.0131224,-0.0706604],[-0.00246171,0.988851,0.148891],[0.0718264,-0.148332,0.986326]],[[0.997414,0.0131224,-0.0706604],[-0.0111442,0.999537,0.0283166],[0.0709992,-0.0274559,0.997098]],[[0.997414,0.0131224,-0.0706604],[-0.0178535,0.99761,-0.0667459],[0.0696157,0.0678348,0.995265]]],"btipPosition":[-56.4106,320.751,-107.065],"carpPosition":[-41.4482,301.357,34.8026],"dipPosition":[-55.3199,321.814,-91.471],"direction":[-0.0709992,0.0274559,-0.997098],"extended":true,"handId":192,"id":1921,"length":53.9285,"mcpPosition":[-50.9163,315.361,-30.5111],"pipPosition":[-53.7462,321.205,-69.3703],"stabilizedTipPosition":[-54.5422,316.044,-57.2808],"timeVisible":0.714497,"tipPosition":[-55.65,319.77,-103.502],"tipVelocity":[-35.2365,-19.4279,-95.3517],"tool":false,"touchDistance":-0.467492,"touchZone":"touching","type":1,"width":17.738},{"bases":[[[0.985019,-0.16792,-0.0392412],[0.172409,0.963608,0.204291],[0.00350855,-0.207996,0.978123]],[[0.985019,-0.169389,-0.0323119],[0.0451036,0.433929,-0.899818],[0.16644,0.88488,0.435068]],[[0.985019,-0.169389,-0.0323119],[-0.142125,-0.691342,-0.708412],[0.0976587,0.702391,-0.70506]],[[0.985019,-0.169389,-0.0323119],[-0.172301,-0.95917,-0.224287],[0.0069991,0.226494,-0.973987]]],"btipPosition":[-40.7099,255.278,-13.5709],"carpPosition":[-30.4612,303.303,33.069],"dipPosition":[-40.5893,259.181,-30.3556],"direction":[-0.0976587,-0.702391,0.70506],"extended":false,"handId":192,"id":1922,"length":61.4471,"mcpPosition":[-30.6857,316.61,-29.5109],"pipPosition":[-38.0426,277.497,-48.7415],"stabilizedTipPosition":[-44.126,252.037,22.8598],"timeVisible":0.714497,"tipPosition":[-40.6763,256.278,-17.9905],"tipVelocity":[-24.4521,-33.1661,-88.3316],"tool":false,"touchDistance":0.333333,"touchZone":"none","type":2,"width":17.4211},{"bases":[[[0.958981,-0.268858,0.0898375],[0.242367,0.942027,0.232042],[-0.147016,-0.20075,0.968548]],[[0.958737,-0.269189,0.0914359],[0.186276,0.351841,-0.917338],[0.214767,0.896518,0.387466]],[[0.958737,-0.269189,0.0914359],[-0.140234,-0.727562,-0.671556],[0.247301,0.631024,-0.73529]],[[0.958737,-0.269189,0.0914359],[-0.246639,-0.947518,-0.203419],[0.141395,0.172474,-0.974813]]],"btipPosition":[-28.3385,258.186,-4.06853],"carpPosition":[-19.2789,302.372,32.0619],"dipPosition":[-25.9158,261.141,-20.7708],"direction":[-0.247301,-0.631024,0.73529],"extended":false,"handId":192,"id":1923,"length":59.0831,"mcpPosition":[-10.8339,313.904,-23.5744],"pipPosition":[-19.6335,277.171,-39.4499],"stabilizedTipPosition":[-28.7715,256.503,26.4647],"timeVisible":0.714497,"tipPosition":[-27.7188,258.906,-8.38366],"tipVelocity":[-24.555,-33.4322,-94.2766],"tool":false,"touchDistance":0.333333,"touchZone":"none","type":3,"width":16.5772},{"bases":[[[0.882203,-0.442215,0.161749],[0.374626,0.86728,0.327841],[-0.285259,-0.228627,0.930783]],[[0.853941,-0.460481,0.242366],[0.411151,0.311569,-0.856668],[0.318966,0.831193,0.455389]],[[0.853941,-0.460481,0.242366],[-0.163211,-0.679265,-0.715514],[0.494111,0.57145,-0.655209]],[[0.853941,-0.460481,0.242366],[-0.389624,-0.87453,-0.288774],[0.344931,0.152165,-0.926212]]],"btipPosition":[-18.0975,267.409,-5.98435],"carpPosition":[-8.60867,294.859,31.8835],"dipPosition":[-12.6453,269.814,-20.6247],"direction":[-0.494111,-0.57145,0.655209],"extended":false,"handId":192,"id":1924,"length":46.32,"mcpPosition":[6.55977,307.016,-17.6103],"pipPosition":[-3.78287,280.064,-32.3766],"stabilizedTipPosition":[-17.1435,265.517,26.1781],"timeVisible":0.714497,"tipPosition":[-16.8897,268.092,-9.55697],"tipVelocity":[-23.1442,-33.9173,-89.687],"tool":false,"touchDistance":0.333333,"touchZone":"none","type":4,"width":14.7252}],"r":[[0.91673,0.20162,0.344899],[-0.150576,0.974018,-0.169161],[-0.370044,0.103142,0.923271]],"s":1.10666,"t":[65.6181,159.991,-165.972],"timestamp":2673495388},false],[1,{"currentFrameRate":105.139,"devices":[],"gestures":[],"hands":[{"armBasis":[[0.953732,0.101439,-0.283028],[0.0227807,0.914277,0.404447],[0.299793,-0.392182,0.869665]],"armWidth":58.4334,"confidence":0.654792,"direction":[0.0287179,0.349863,-0.936361],"elbow":[51.0918,193.545,253.347],"grabStrength":0,"id":192,"palmNormal":[-0.0244931,-0.936219,-0.350561],"palmPosition":[-28.7968,304.496,-9.86625],"palmVelocity":[-20.057,-31.0915,-88.3133],"palmWidth":83.4409,"pinchStrength":0.593494,"r":[[0.91679,0.20198,0.344528],[-0.150754,0.973882,-0.169783],[-0.369823,0.103717,0.923295]],"s":1.10709,"sphereCenter":[-34.5966,275.896,-39.5852],"sphereRadius":42.486,"stabilizedPalmPosition":[-26.2,300.97,33.2878],"t":[65.4729,159.706,-166.669],"timeVisible":0.723315,"type":"right","wrist":[-23.1365,290.649,38.019]}],"id":254177,"interactionBox":{"center":[0,200,0],"size":[235.247,235.247,147.751]},"pointables":[{"bases":[[[0.429622,0.89237,0.138208],[-0.804474,0.308711,0.507463],[0.410178,-0.329202,0.850517]],[[0.307494,0.947391,-0.0888711],[-0.866916,0.317425,0.384314],[0.392305,-0.0411304,0.918915]],[[0.307494,0.947391,-0.0888711],[-0.930188,0.279598,-0.237854],[-0.200493,0.155806,0.967227]],[[0.307494,0.947391,-0.0888711],[-0.770548,0.193116,-0.607423],[-0.558305,0.255258,0.789392]]],"btipPosition":[-49.3006,272.674,-52.2418],"carpPosition":[-49.5935,281.141,37.0065],"dipPosition":[-61.2829,278.153,-35.2999],"direction":[0.200493,-0.155806,-0.967227],"extended":false,"handId":192,"id":1920,"length":47.7925,"mcpPosition":[-49.5935,281.141,37.0065],"pipPosition":[-67.5517,283.024,-5.05785],"stabilizedTipPosition":[-54.4312,268.735,-8.67637],"timeVisible":0.723315,"tipPosition":[-51.9598,272.772,-48.4491],"tipVelocity":[-28.9044,-12.8875,-81.2953],"tool":false,"touchDistance":-0.449656,"touchZone":"touching","type":0,"width":18.5699},{"bases":[[[0.989923,0.0262094,-0.13916],[0.00353275,0.977845,0.209298],[0.141562,-0.207681,0.967899]],[[0.997236,0.0120875,-0.0733053],[-0.000875722,0.98852,0.151086],[0.07429,-0.150605,0.985799]],[[0.997236,0.0120875,-0.0733053],[-0.00985633,0.999479,0.0307223],[0.0736385,-0.0299149,0.996836]],[[0.997236,0.0120875,-0.0733053],[-0.0168185,0.997791,-0.0642681],[0.0723665,0.0653234,0.995237]]],"btipPosition":[-56.7251,320.702,-107.587],"carpPosition":[-41.4815,301.118,34.2397],"dipPosition":[-55.5912,321.726,-91.9938],"direction":[-0.0736385,0.0299149,-0.996836],"extended":true,"handId":192,"id":1921,"length":53.9285,"mcpPosition":[-51.0322,315.129,-31.0604],"pipPosition":[-53.959,321.063,-69.8988],"stabilizedTipPosition":[-54.5434,316.048,-57.3112],"timeVisible":0.723315,"tipPosition":[-55.9578,319.725,-104.03],"tipVelocity":[-35.0481,-15.9522,-85.6067],"tool":false,"touchDistance":-0.456912,"touchZone":"touching","type":1,"width":17.738},{"bases":[[[0.984744,-0.169175,-0.0407412],[0.173947,0.963402,0.203958],[0.00474553,-0.207933,0.978132]],[[0.984753,-0.170633,-0.0338629],[0.0439958,0.432616,-0.900504],[0.168306,0.885284,0.433527]],[[0.984753,-0.170633,-0.0338629],[-0.144182,-0.691652,-0.707693],[0.0973346,0.701785,-0.705708]],[[0.984753,-0.170633,-0.0338629],[-0.173865,-0.958938,-0.224074],[0.00576205,0.226545,-0.973984]]],"btipPosition":[-40.8753,255.017,-14.0664],"carpPosition":[-30.4948,303.049,32.4891],"dipPosition":[-40.776,258.921,-30.851],"direction":[-0.0973346,-0.701785,0.705708],"extended":false,"handId":192,"id":1922,"length":61.4471,"mcpPosition":[-30.7984,316.353,-30.0913],"pipPosition":[-38.2378,277.222,-49.2538],"stabilizedTipPosition":[-44.1244,252.039,22.8395],"timeVisible":0.723315,"tipPosition":[-40.8477,256.021,-18.4907],"tipVelocity":[-23.0652,-32.1856,-79.6571],"tool":false,"touchDistance":0.333333,"touchZone":"none","type":2,"width":17.4211},{"bases":[[[0.958775,-0.270071,0.0883844],[0.243921,0.941734,0.231603],[-0.145784,-0.200496,0.968787]],[[0.95849,-0.270461,0.0902685],[0.187965,0.36131,-0.913304],[0.214398,0.89236,0.397149]],[[0.95849,-0.270461,0.0902685],[-0.138986,-0.719617,-0.680319],[0.248958,0.639533,-0.727336]],[[0.95849,-0.270461,0.0902685],[-0.246826,-0.945546,-0.212178],[0.142739,0.18109,-0.973053]]],"btipPosition":[-28.4956,257.71,-5.3082],"carpPosition":[-19.3153,302.104,31.4649],"dipPosition":[-26.0499,260.813,-21.9803],"direction":[-0.248958,-0.639533,0.727336],"extended":false,"handId":192,"id":1923,"length":59.0831,"mcpPosition":[-10.941,313.622,-24.1851],"pipPosition":[-19.7255,277.059,-40.4573],"stabilizedTipPosition":[-28.7712,256.504,26.4507],"timeVisible":0.723315,"tipPosition":[-27.8747,258.535,-9.33645],"tipVelocity":[-22.5748,-37.9371,-106.561],"tool":false,"touchDistance":0.333333,"touchZone":"none","type":3,"width":16.5772},{"bases":[[[0.881888,-0.443326,0.160426],[0.376232,0.866826,0.327204],[-0.28412,-0.2282,0.931236]],[[0.853996,-0.461409,0.240402],[0.409596,0.311326,-0.8575],[0.320814,0.830769,0.454863]],[[0.853996,-0.461409,0.240402],[-0.165158,-0.678582,-0.715716],[0.49337,0.571514,-0.655712]],[[0.853996,-0.461409,0.240402],[-0.390846,-0.873933,-0.28893],[0.34341,0.152785,-0.926675]]],"btipPosition":[-18.2269,267.108,-6.58789],"carpPosition":[-8.65485,294.577,31.2706],"dipPosition":[-12.7987,269.523,-21.2356],"direction":[-0.49337,-0.571514,0.655712],"extended":false,"handId":192,"id":1924,"length":46.32,"mcpPosition":[6.45304,306.712,-18.2473],"pipPosition":[-3.94955,279.773,-32.9965],"stabilizedTipPosition":[-17.1434,265.518,26.1614],"timeVisible":0.723315,"tipPosition":[-17.027,267.799,-10.1549],"tipVelocity":[-21.026,-33.9221,-84.0059],"tool":false,"touchDistance":0.333333,"touchZone":"none","type":4,"width":14.7252}],"r":[[0.91679,0.20198,0.344528],[-0.150754,0.973882,-0.169783],[-0.369823,0.103717,0.923295]],"s":1.10709,"t":[65.4729,159.706,-166.669],"timestamp":2673504206},false],[2,{"currentFrameRate":105.332,"devices":[],"gestures":[],"hands":[{"armBasis":[[0.953598,0.101399,-0.283493],[0.0228055,0.914552,0.403825],[0.300216,-0.391552,0.869803]],"armWidth":58.4334,"confidence":0.661167,"direction":[0.0284336,0.349213,-0.936612],"elbow":[51.1461,193.528,252.874],"grabStrength":0,"id":192,"palmNormal":[-0.024502,-0.936466,-0.349903],"palmPosition":[-28.8616,304.289,-10.382],"palmVelocity":[-16.453,-28.7315,-79.4544],"palmWidth":83.4409,"pinchStrength":0.587174,"r":[[0.916853,0.202333,0.344154],[-0.150923,0.973747,-0.170409],[-0.369598,0.104299,0.923319]],"s":1.10752,"sphereCenter":[-34.7956,275.689,-40.1126],"sphereRadius":42.5056,"stabilizedPalmPosition":[-26.2012,300.971,33.2684],"t":[65.3678,159.46,-167.276],"timeVisible":0.732451,"type":"right","wrist":[-23.1872,290.476,37.5113]}],"id":254178,"interactionBox":{"center":[0,200,0],"size":[235.247,235.247,147.751]},"pointables":[{"bases":[[[0.429577,0.892505,0.137471],[-0.804366,0.308991,0.507465],[0.410437,-0.328572,0.850636]],[[0.308867,0.947108,-0.0871106],[-0.865401,0.317849,0.387366],[0.394565,-0.0442588,0.917802]],[[0.308867,0.947108,-0.0871106],[-0.930665,0.282073,-0.233016],[-0.19612,0.153042,0.968563]],[[0.308867,0.947108,-0.0871106],[-0.771062,0.195725,-0.605934],[-0.556835,0.254321,0.790731]]],"btipPosition":[-49.6224,272.748,-52.7553],"carpPosition":[-49.6435,280.966,36.5126],"dipPosition":[-61.5731,278.206,-35.7847],"direction":[0.19612,-0.153042,-0.968563],"extended":false,"handId":192,"id":1920,"length":47.7925,"mcpPosition":[-49.6435,280.966,36.5126],"pipPosition":[-67.7052,282.992,-5.50081],"stabilizedTipPosition":[-54.4306,268.736,-8.68782],"timeVisible":0.732451,"tipPosition":[-52.1927,272.845,-48.9359],"tipVelocity":[-30.4401,-7.19263,-74.1174],"tool":false,"touchDistance":-0.440627,"touchZone":"touching","type":0,"width":18.5699},{"bases":[[[0.989883,0.0262028,-0.139445],[0.00349979,0.977991,0.208616],[0.141842,-0.206994,0.968005]],[[0.997119,0.0123956,-0.0748384],[-0.000819314,0.988261,0.152771],[0.0758536,-0.15227,0.985424]],[[0.997119,0.0123956,-0.0748384],[-0.00999307,0.999425,0.0323927],[0.0751969,-0.0315515,0.996669]],[[0.997119,0.0123956,-0.0748384],[-0.017111,0.997886,-0.0626994],[0.073903,0.0637993,0.995223]]],"btipPosition":[-56.9168,320.605,-108.086],"carpPosition":[-41.5342,300.941,33.7297],"dipPosition":[-55.7589,321.604,-92.4925],"direction":[-0.0751969,0.0315515,-0.996669],"extended":true,"handId":192,"id":1921,"length":53.9285,"mcpPosition":[-51.1037,314.906,-31.5776],"pipPosition":[-54.0922,320.905,-70.4012],"stabilizedTipPosition":[-54.545,316.051,-57.3464],"timeVisible":0.732451,"tipPosition":[-56.1425,319.638,-104.532],"tipVelocity":[-30.9693,-14.6526,-76.976],"tool":false,"touchDistance":-0.447033,"touchZone":"touching","type":1,"width":17.738},{"bases":[[[0.984748,-0.169114,-0.0408888],[0.173914,0.96356,0.20324],[0.00502809,-0.207251,0.978275]],[[0.984759,-0.170561,-0.0340373],[0.0436839,0.431984,-0.900823],[0.168349,0.885606,0.432851]],[[0.984759,-0.170561,-0.0340373],[-0.144298,-0.691964,-0.707364],[0.0970961,0.701494,-0.70603]],[[0.984759,-0.170561,-0.0340373],[-0.173837,-0.959017,-0.223757],[0.00552191,0.226264,-0.97405]]],"btipPosition":[-40.9382,254.795,-14.5505],"carpPosition":[-30.5481,302.872,31.9748],"dipPosition":[-40.8431,258.694,-31.3362],"direction":[-0.0970961,-0.701494,0.70603],"extended":false,"handId":192,"id":1922,"length":61.4471,"mcpPosition":[-30.8698,316.132,-30.6148],"pipPosition":[-38.3111,276.987,-49.7474],"stabilizedTipPosition":[-44.1225,252.041,22.8145],"timeVisible":0.732451,"tipPosition":[-40.9113,255.799,-18.9642],"tipVelocity":[-18.5955,-30.0456,-72.2484],"tool":false,"touchDistance":0.333333,"touchZone":"none","type":2,"width":17.4211},{"bases":[[[0.958824,-0.269922,0.0883141],[0.243897,0.941917,0.230881],[-0.145504,-0.199835,0.968966]],[[0.958508,-0.270352,0.0903999],[0.189524,0.367485,-0.910514],[0.212939,0.889868,0.403475]],[[0.958508,-0.270352,0.0903999],[-0.136778,-0.714398,-0.686242],[0.250108,0.645404,-0.721734]],[[0.958508,-0.270352,0.0903999],[-0.245792,-0.944424,-0.218289],[0.144391,0.187012,-0.971688]]],"btipPosition":[-28.5628,257.347,-6.26006],"carpPosition":[-19.3688,301.928,30.9482],"dipPosition":[-26.0889,260.551,-22.9088],"direction":[-0.250108,-0.645404,0.721734],"extended":false,"handId":192,"id":1923,"length":59.0831,"mcpPosition":[-11.0105,313.407,-24.712],"pipPosition":[-19.7352,276.946,-41.2435],"stabilizedTipPosition":[-28.7708,256.505,26.4351],"timeVisible":0.732451,"tipPosition":[-27.9396,258.236,-10.0996],"tipVelocity":[-18.1458,-37.7379,-105.737],"tool":false,"touchDistance":0.333333,"touchZone":"none","type":3,"width":16.5772},{"bases":[[[0.881971,-0.443134,0.160497],[0.376241,0.867088,0.326499],[-0.283848,-0.227577,0.931471]],[[0.854545,-0.460931,0.239366],[0.408677,0.312319,-0.857578],[0.320525,0.830662,0.455262]],[[0.854545,-0.460931,0.239366],[-0.164824,-0.677719,-0.71661],[0.492531,0.572922,-0.655114]],[[0.854545,-0.460931,0.239366],[-0.390166,-0.873909,-0.289921],[0.342818,0.154358,-0.926633]]],"btipPosition":[-18.2604,266.852,-7.13906],"carpPosition":[-8.70771,294.401,30.7563],"dipPosition":[-12.8415,269.292,-21.7861],"direction":[-0.492531,-0.572922,0.655114],"extended":false,"handId":192,"id":1924,"length":46.32,"mcpPosition":[6.38574,306.503,-18.7741],"pipPosition":[-4.00748,279.568,-33.5363],"stabilizedTipPosition":[-17.1434,265.519,26.1411],"timeVisible":0.732451,"tipPosition":[-17.0707,267.561,-10.6764],"tipVelocity":[-16.2643,-32.1003,-77.4172],"tool":false,"touchDistance":0.333333,"touchZone":"none","type":4,"width":14.7252}],"r":[[0.916853,0.202333,0.344154],[-0.150923,0.973747,-0.170409],[-0.369598,0.104299,0.923319]],"s":1.10752,"t":[65.3678,159.46,-167.276],"timestamp":2673513342},false],[3,{"currentFrameRate":105.732,"devices":[],"gestures":[],"hands":[{"armBasis":[[0.953275,0.103621,-0.283776],[0.0198169,0.915864,0.401],[0.301452,-0.387887,0.871017]],"armWidth":58.4334,"confidence":0.671736,"direction":[0.0280312,0.348279,-0.936972],"elbow":[51.2528,194.072,251.929],"grabStrength":0,"id":192,"palmNormal":[-0.0214259,-0.936915,-0.348899],"palmPosition":[-29.0692,303.856,-11.6465],"palmVelocity":[-18.4181,-34.3366,-96.9827],"palmWidth":83.4409,"pinchStrength":0.586489,"r":[[0.916732,0.203245,0.343938],[-0.151624,0.973509,-0.171142],[-0.36961,0.104742,0.923264]],"s":1.10798,"sphereCenter":[-35.1031,275.265,-41.3646],"sphereRadius":42.5195,"stabilizedPalmPosition":[-26.2025,300.972,33.2482],"t":[65.2115,159.121,-168.211],"timeVisible":0.741169,"type":"right","wrist":[-23.3864,290.112,36.2657]}],"id":254179,"interactionBox":{"center":[0,200,0],"size":[235.247,235.247,147.751]},"pointables":[{"bases":[[[0.426781,0.893949,0.136796],[-0.80565,0.307108,0.506569],[0.410835,-0.326404,0.851278]],[[0.30721,0.947749,-0.0859849],[-0.86582,0.31586,0.388058],[0.394941,-0.044768,0.917615]],[[0.30721,0.947749,-0.0859849],[-0.931308,0.280839,-0.231937],[-0.19567,0.151332,0.968923]],[[0.30721,0.947749,-0.0859849],[-0.770517,0.194695,-0.606957],[-0.558502,0.252716,0.790069]]],"btipPosition":[-49.7875,272.414,-53.9973],"carpPosition":[-49.8132,280.52,35.259],"dipPosition":[-61.774,277.838,-37.041],"direction":[0.19567,-0.151332,-0.968923],"extended":false,"handId":192,"id":1920,"length":47.7925,"mcpPosition":[-49.8132,280.52,35.259],"pipPosition":[-67.892,282.57,-6.74582],"stabilizedTipPosition":[-54.4301,268.737,-8.69923],"timeVisible":0.741169,"tipPosition":[-52.3427,272.513,-50.1736],"tipVelocity":[-27.6192,-15.7476,-92.4846],"tool":false,"touchDistance":-0.443578,"touchZone":"touching","type":0,"width":18.5699},{"bases":[[[0.989896,0.029045,-0.138786],[0.00039689,0.978224,0.207553],[0.141792,-0.205511,0.968329]],[[0.997023,0.0156158,-0.0755059],[-0.00378521,0.988008,0.154354],[0.0770109,-0.153608,0.985126]],[[0.997023,0.0156158,-0.0755059],[-0.0130943,0.999344,0.0337757],[0.0759838,-0.0326865,0.996573]],[[0.997023,0.0156158,-0.0755059],[-0.0202929,0.997896,-0.0615783],[0.0743855,0.0629272,0.995242]]],"btipPosition":[-57.2122,320.172,-109.364],"carpPosition":[-41.7623,300.517,32.46],"dipPosition":[-56.0467,321.158,-93.7701],"direction":[-0.0759838,0.0326865,-0.996573],"extended":true,"handId":192,"id":1921,"length":53.9285,"mcpPosition":[-51.3284,314.382,-32.869],"pipPosition":[-54.3625,320.434,-71.681],"stabilizedTipPosition":[-54.5468,316.054,-57.3823],"timeVisible":0.741169,"tipPosition":[-56.4293,319.215,-105.813],"tipVelocity":[-31.6931,-24.0803,-95.5767],"tool":false,"touchDistance":-0.449831,"touchZone":"touching","type":1,"width":17.738},{"bases":[[[0.985283,-0.166179,-0.0400205],[0.170858,0.964302,0.202311],[0.00497202,-0.206171,0.978503]],[[0.985294,-0.167602,-0.0332493],[0.0432721,0.433002,-0.900354],[0.165298,0.885674,0.433887]],[[0.985294,-0.167602,-0.0332493],[-0.141468,-0.691037,-0.70884],[0.0958262,0.70312,-0.704585]],[[0.985294,-0.167602,-0.0332493],[-0.170766,-0.95915,-0.225543],[0.00591031,0.227904,-0.973666]]],"btipPosition":[-41.0062,254.26,-15.9194],"carpPosition":[-30.7809,302.48,30.7107],"dipPosition":[-40.9043,258.187,-32.6984],"direction":[-0.0958262,-0.70312,0.704585],"extended":false,"handId":192,"id":1922,"length":61.4471,"mcpPosition":[-31.099,315.67,-31.8936],"pipPosition":[-38.4054,276.522,-51.072],"stabilizedTipPosition":[-44.1206,252.043,22.7889],"timeVisible":0.741169,"tipPosition":[-40.9735,255.284,-20.2464],"tipVelocity":[-15.6612,-38.2206,-94.8555],"tool":false,"touchDistance":0.333333,"touchZone":"none","type":2,"width":17.4211},{"bases":[[[0.959573,-0.266925,0.0892741],[0.240887,0.942901,0.230024],[-0.145576,-0.19922,0.969082]],[[0.959238,-0.26738,0.0914895],[0.18912,0.366803,-0.910873],[0.20999,0.891047,0.402418]],[[0.959238,-0.26738,0.0914895],[-0.134055,-0.715524,-0.685606],[0.24878,0.645395,-0.722201]],[[0.959238,-0.26738,0.0914895],[-0.242741,-0.945343,-0.217722],[0.144703,0.186639,-0.971713]]],"btipPosition":[-28.6388,256.91,-7.46644],"carpPosition":[-19.598,301.568,29.6929],"dipPosition":[-26.1595,260.108,-24.1156],"direction":[-0.24878,-0.645395,0.722201],"extended":false,"handId":192,"id":1923,"length":59.0831,"mcpPosition":[-11.2357,313.012,-25.974],"pipPosition":[-19.8396,276.503,-42.4622],"stabilizedTipPosition":[-28.7706,256.505,26.4196],"timeVisible":0.741169,"tipPosition":[-28.0131,257.799,-11.3088],"tipVelocity":[-15.5886,-41.0825,-114.463],"tool":false,"touchDistance":0.333333,"touchZone":"none","type":3,"width":16.5772},{"bases":[[[0.883195,-0.440289,0.161593],[0.373389,0.868576,0.325815],[-0.283809,-0.227422,0.931521]],[[0.856393,-0.457751,0.23886],[0.407929,0.316255,-0.856491],[0.316519,0.830931,0.457569]],[[0.856393,-0.457751,0.23886],[-0.160756,-0.67601,-0.719144],[0.490661,0.577472,-0.652517]],[[0.856393,-0.457751,0.23886],[-0.385933,-0.874824,-0.292813],[0.342996,0.158579,-0.925855]]],"btipPosition":[-18.3083,266.359,-8.51513],"carpPosition":[-8.91415,294.074,29.5165],"dipPosition":[-12.8867,268.866,-23.1499],"direction":[-0.490661,-0.577472,0.652517],"extended":false,"handId":192,"id":1924,"length":46.32,"mcpPosition":[6.17719,306.167,-20.0165],"pipPosition":[-4.08613,279.223,-34.8534],"stabilizedTipPosition":[-17.1433,265.52,26.1207],"timeVisible":0.741169,"tipPosition":[-17.1325,267.106,-11.9819],"tipVelocity":[-13.367,-38.1607,-98.8238],"tool":false,"touchDistance":0.333333,"touchZone":"none","type":4,"width":14.7252}],"r":[[0.916732,0.203245,0.343938],[-0.151624,0.973509,-0.171142],[-0.36961,0.104742,0.923264]],"s":1.10798,"t":[65.2115,159.121,-168.211],"timestamp":2673522060},false],[4,{"currentFrameRate":105.889,"devices":[],"gestures":[],"hands":[{"armBasis":[[0.95307,0.104594,-0.284109],[0.0183476,0.916747,0.399047],[0.302195,-0.385532,0.871805]],"armWidth":58.4334,"confidence":0.680054,"direction":[0.0273325,0.347659,-0.937223],"elbow":[51.3042,194.359,251.241],"grabStrength":0,"id":192,"palmNormal":[-0.0198747,-0.937199,-0.34823],"palmPosition":[-29.2304,303.516,-12.5386],"palmVelocity":[-18.194,-35.1142,-97.1158],"palmWidth":83.4409,"pinchStrength":0.585359,"r":[[0.916574,0.204334,0.343714],[-0.152519,0.973243,-0.171863],[-0.369635,0.105103,0.923214]],"s":1.10865,"sphereCenter":[-35.484,274.994,-42.2447],"sphereRadius":42.5337,"stabilizedPalmPosition":[-26.204,300.974,33.2254],"t":[65.0528,158.781,-169.125],"timeVisible":0.750322,"type":"right","wrist":[-23.5188,289.816,35.3828]}],"id":254180,"interactionBox":{"center":[0,200,0],"size":[235.247,235.247,147.751]},"pointables":[{"bases":[[[0.425277,0.89477,0.136111],[-0.806113,0.3061,0.506443],[0.411486,-0.325099,0.851463]],[[0.306645,0.948029,-0.0849089],[-0.865855,0.314885,0.38877],[0.395302,-0.0456954,0.917414]],[[0.306645,0.948029,-0.0849089],[-0.931669,0.280694,-0.230661],[-0.19484,0.149838,0.969323]],[[0.306645,0.948029,-0.0849089],[-0.77166,0.195386,-0.60528],[-0.557233,0.251127,0.791471]]],"btipPosition":[-49.9734,272.196,-54.9037],"carpPosition":[-49.9294,280.179,34.386],"dipPosition":[-61.9327,277.586,-37.9173],"direction":[0.19484,-0.149838,-0.969323],"extended":false,"handId":192,"id":1920,"length":47.7925,"mcpPosition":[-49.9294,280.179,34.386],"pipPosition":[-68.0247,282.271,-7.60967],"stabilizedTipPosition":[-54.4296,268.739,-8.7113],"timeVisible":0.750322,"tipPosition":[-52.5086,272.298,-51.0545],"tipVelocity":[-25.3933,-18.2445,-94.097],"tool":false,"touchDistance":-0.441046,"touchZone":"touching","type":0,"width":18.5699},{"bases":[[[0.98983,0.0306272,-0.138921],[-0.00124068,0.97837,0.206857],[0.142251,-0.20458,0.968458]],[[0.996851,0.0176103,-0.0773127],[-0.00525445,0.987553,0.157196],[0.0791187,-0.156294,0.984537]],[[0.996851,0.0176103,-0.0773127],[-0.014836,0.99923,0.0363126],[0.0778927,-0.0350513,0.996345]],[[0.996851,0.0176103,-0.0773127],[-0.0222394,0.997985,-0.0594281],[0.0761103,0.0609604,0.995234]]],"btipPosition":[-57.546,319.969,-110.232],"carpPosition":[-41.9128,300.187,31.5718],"dipPosition":[-56.3535,320.924,-94.6388],"direction":[-0.0778927,0.0350513,-0.996345],"extended":true,"handId":192,"id":1921,"length":53.9285,"mcpPosition":[-51.5099,313.989,-33.766],"pipPosition":[-54.627,320.147,-72.5547],"stabilizedTipPosition":[-54.549,316.058,-57.4222],"timeVisible":0.750322,"tipPosition":[-56.749,319.007,-106.688],"tipVelocity":[-32.8362,-23.7879,-95.3875],"tool":false,"touchDistance":-0.44621,"touchZone":"touching","type":1,"width":17.738},{"bases":[[[0.985559,-0.164534,-0.0400161],[0.169243,0.964734,0.201604],[0.00543408,-0.205466,0.978649]],[[0.985573,-0.165935,-0.0333218],[0.0426834,0.434209,-0.899801],[0.163777,0.885397,0.435027]],[[0.985573,-0.165935,-0.0333218],[-0.140146,-0.689752,-0.710352],[0.0948889,0.704774,-0.703057]],[[0.985573,-0.165935,-0.0333218],[-0.169149,-0.958995,-0.227416],[0.00578094,0.229771,-0.973227]]],"btipPosition":[-41.0959,253.839,-16.9174],"carpPosition":[-30.935,302.167,29.8198],"dipPosition":[-40.9963,257.798,-33.6889],"direction":[-0.0948889,-0.704774,0.703057],"extended":false,"handId":192,"id":1922,"length":61.4471,"mcpPosition":[-31.2826,315.313,-32.7938],"pipPosition":[-38.5218,276.177,-52.0226],"stabilizedTipPosition":[-44.1186,252.045,22.7608],"timeVisible":0.750322,"tipPosition":[-41.0603,254.883,-21.1638],"tipVelocity":[-14.045,-40.1551,-98.7529],"tool":false,"touchDistance":0.333333,"touchZone":"none","type":2,"width":17.4211},{"bases":[[[0.960036,-0.265231,0.0893532],[0.239311,0.943472,0.229325],[-0.145126,-0.198777,0.96924]],[[0.95968,-0.265714,0.0917099],[0.188411,0.365928,-0.911372],[0.208605,0.891904,0.401237]],[[0.95968,-0.265714,0.0917099],[-0.132892,-0.716373,-0.684945],[0.247698,0.645141,-0.7228]],[[0.95968,-0.265714,0.0917099],[-0.241137,-0.945876,-0.21719],[0.144456,0.186318,-0.971812]]],"btipPosition":[-28.7288,256.567,-8.30181],"carpPosition":[-19.7507,301.274,28.8013],"dipPosition":[-26.2537,259.759,-24.9527],"direction":[-0.247698,-0.645141,0.7228],"extended":false,"handId":192,"id":1923,"length":59.0831,"mcpPosition":[-11.4142,312.692,-26.8747],"pipPosition":[-19.9613,276.148,-43.3144],"stabilizedTipPosition":[-28.7703,256.505,26.4027],"timeVisible":0.750322,"tipPosition":[-28.1024,257.453,-12.1536],"tipVelocity":[-14.0134,-40.1143,-108.014],"tool":false,"touchDistance":0.333333,"touchZone":"none","type":3,"width":16.5772},{"bases":[[[0.88396,-0.438673,0.161804],[0.371951,0.869441,0.325154],[-0.283315,-0.22724,0.931716]],[[0.857588,-0.455917,0.238081],[0.406491,0.317177,-0.856833],[0.315131,0.831588,0.457334]],[[0.857588,-0.455917,0.238081],[-0.159566,-0.675885,-0.719527],[0.48896,0.579068,-0.652379]],[[0.857588,-0.455917,0.238081],[-0.383992,-0.875492,-0.293367],[0.342189,0.160167,-0.92588]]],"btipPosition":[-18.3862,265.998,-9.40736],"carpPosition":[-9.05408,293.797,28.6291],"dipPosition":[-12.9773,268.53,-24.0425],"direction":[-0.48896,-0.579068,0.652379],"extended":false,"handId":192,"id":1924,"length":46.32,"mcpPosition":[6.01104,305.881,-20.9143],"pipPosition":[-4.20727,278.916,-35.7436],"stabilizedTipPosition":[-17.1433,265.521,26.0985],"timeVisible":0.750322,"tipPosition":[-17.2181,266.759,-12.8616],"tipVelocity":[-12.1032,-38.3405,-98.4522],"tool":false,"touchDistance":0.333333,"touchZone":"none","type":4,"width":14.7252}],"r":[[0.916574,0.204334,0.343714],[-0.152519,0.973243,-0.171863],[-0.369635,0.105103,0.923214]],"s":1.10865,"t":[65.0528,158.781,-169.125],"timestamp":2673531213},false],[5,{"currentFrameRate":106.097,"devices":[],"gestures":[],"hands":[{"armBasis":[[0.953003,0.104099,-0.284513],[0.0184421,0.917438,0.397451],[0.302398,-0.384019,0.872402]],"armWidth":58.4334,"confidence":0.686816,"direction":[0.0269641,0.346985,-0.937483],"elbow":[51.2868,194.473,250.648],"grabStrength":0,"id":192,"palmNormal":[-0.0199208,-0.937451,-0.347546],"palmPosition":[-29.3166,303.22,-13.2866],"palmVelocity":[-15.8071,-34.4457,-93.1507],"palmWidth":83.4409,"pinchStrength":0.582194,"r":[[0.916468,0.20527,0.343439],[-0.153264,0.973001,-0.17257],[-0.369589,0.105518,0.923184]],"s":1.10957,"sphereCenter":[-35.8505,274.78,-42.982],"sphereRadius":42.5576,"stabilizedPalmPosition":[-26.2056,300.975,33.2016],"t":[64.9303,158.464,-169.956],"timeVisible":0.759364,"type":"right","wrist":[-23.5866,289.555,34.6426]}],"id":254181,"interactionBox":{"center":[0,200,0],"size":[235.247,235.247,147.751]},"pointables":[{"bases":[[[0.42525,0.894904,0.135311],[-0.805956,0.306397,0.506513],[0.411822,-0.32445,0.851549]],[[0.308025,0.947736,-0.0831748],[-0.864905,0.315374,0.390485],[0.396308,-0.0483407,0.916844]],[[0.308025,0.947736,-0.0831748],[-0.931642,0.282765,-0.228225],[-0.192778,0.147788,0.970049]],[[0.308025,0.947736,-0.0831748],[-0.77259,0.198164,-0.603188],[-0.555181,0.250057,0.79325]]],"btipPosition":[-50.1953,272.141,-55.6623],"carpPosition":[-49.9966,279.915,33.6622],"dipPosition":[-62.1105,277.507,-38.6377],"direction":[0.192778,-0.147788,-0.970049],"extended":false,"handId":192,"id":1920,"length":47.7925,"mcpPosition":[-49.9966,279.915,33.6622],"pipPosition":[-68.138,282.128,-8.30734],"stabilizedTipPosition":[-54.4292,268.74,-8.72291],"timeVisible":0.759364,"tipPosition":[-52.6931,272.234,-51.7854],"tipVelocity":[-24.8477,-15.0623,-91.0169],"tool":false,"touchDistance":-0.436521,"touchZone":"touching","type":0,"width":18.5699},{"bases":[[[0.989777,0.0306109,-0.139301],[-0.00124921,0.978519,0.206151],[0.142619,-0.203869,0.968554]],[[0.996686,0.0179855,-0.0793306],[-0.00503502,0.987021,0.160514],[0.0811878,-0.159583,0.98384]],[[0.996686,0.0179855,-0.0793306],[-0.0149077,0.999119,0.0392194],[0.0799661,-0.0379068,0.996077]],[[0.996686,0.0179855,-0.0793306],[-0.0225494,0.998119,-0.0570155],[0.0781559,0.0586155,0.995217]]],"btipPosition":[-57.8003,319.886,-110.946],"carpPosition":[-41.9828,299.922,30.8307],"dipPosition":[-56.5758,320.804,-95.353],"direction":[-0.0799661,0.0379068,-0.996077],"extended":true,"handId":192,"id":1921,"length":53.9285,"mcpPosition":[-51.6047,313.676,-34.5136],"pipPosition":[-54.8033,319.964,-73.2749],"stabilizedTipPosition":[-54.5514,316.061,-57.4623],"timeVisible":0.759364,"tipPosition":[-56.9932,318.91,-107.408],"tipVelocity":[-31.3129,-20.0246,-90.859],"tool":false,"touchDistance":-0.440631,"touchZone":"touching","type":1,"width":17.738},{"bases":[[[0.985559,-0.164479,-0.0402537],[0.169234,0.964894,0.200847],[0.00580539,-0.204759,0.978795]],[[0.985576,-0.165863,-0.0336216],[0.0425242,0.435004,-0.899424],[0.163806,0.88502,0.435782]],[[0.985576,-0.165863,-0.0336216],[-0.140159,-0.688625,-0.711442],[0.094849,0.705893,-0.70194]],[[0.985576,-0.165863,-0.0336216],[-0.16914,-0.958678,-0.228754],[0.00570937,0.231141,-0.972904]]],"btipPosition":[-41.1894,253.492,-17.7413],"carpPosition":[-31.0058,301.902,29.0733],"dipPosition":[-41.091,257.475,-34.5073],"direction":[-0.094849,-0.705893,0.70194],"extended":false,"handId":192,"id":1922,"length":61.4471,"mcpPosition":[-31.3772,315.002,-33.5496],"pipPosition":[-38.6176,275.883,-52.8118],"stabilizedTipPosition":[-44.1167,252.047,22.7321],"timeVisible":0.759364,"tipPosition":[-41.1516,254.55,-21.9239],"tipVelocity":[-13.0341,-39.4836,-96.6102],"tool":false,"touchDistance":0.333333,"touchZone":"none","type":2,"width":17.4211},{"bases":[[[0.96009,-0.265085,0.0891975],[0.239314,0.943658,0.228557],[-0.144759,-0.198089,0.969436]],[[0.959726,-0.265579,0.0916168],[0.18807,0.365095,-0.911776],[0.2087,0.892286,0.400338]],[[0.959726,-0.265579,0.0916168],[-0.133037,-0.71686,-0.684407],[0.24744,0.644655,-0.723321]],[[0.959726,-0.265579,0.0916168],[-0.241105,-0.946015,-0.216621],[0.144201,0.185807,-0.971947]]],"btipPosition":[-28.8139,256.268,-9.01052],"carpPosition":[-19.8217,301.009,28.0515],"dipPosition":[-26.3432,259.452,-25.6637],"direction":[-0.24744,-0.644655,0.723321],"extended":false,"handId":192,"id":1923,"length":59.0831,"mcpPosition":[-11.5064,312.388,-27.6358],"pipPosition":[-20.0573,275.828,-44.0387],"stabilizedTipPosition":[-28.7701,256.506,26.3851],"timeVisible":0.759364,"tipPosition":[-28.1878,257.153,-12.8649],"tipVelocity":[-12.7769,-38.2322,-99.8615],"tool":false,"touchDistance":0.333333,"touchZone":"none","type":3,"width":16.5772},{"bases":[[[0.884056,-0.438481,0.161801],[0.371994,0.869707,0.324392],[-0.282959,-0.226591,0.931982]],[[0.85797,-0.455535,0.237436],[0.405425,0.316617,-0.857546],[0.315466,0.832011,0.456333]],[[0.85797,-0.455535,0.237436],[-0.160028,-0.676219,-0.71911],[0.488138,0.578978,-0.653074]],[[0.85797,-0.455535,0.237436],[-0.383879,-0.87569,-0.292923],[0.341357,0.160172,-0.926186]]],"btipPosition":[-18.4586,265.687,-10.1201],"carpPosition":[-9.12459,293.533,27.8807],"dipPosition":[-13.0629,268.219,-24.7601],"direction":[-0.488138,-0.578978,0.653074],"extended":false,"handId":192,"id":1924,"length":46.32,"mcpPosition":[5.92159,305.582,-21.6768],"pipPosition":[-4.30757,278.604,-36.4737],"stabilizedTipPosition":[-17.1434,265.521,26.0758],"timeVisible":0.759364,"tipPosition":[-17.2949,266.451,-13.5785],"tipVelocity":[-11.0664,-37.2469,-93.076],"tool":false,"touchDistance":0.333333,"touchZone":"none","type":4,"width":14.7252}],"r":[[0.916468,0.20527,0.343439],[-0.153264,0.973001,-0.17257],[-0.369589,0.105518,0.923184]],"s":1.10957,"t":[64.9303,158.464,-169.956],"timestamp":2673540255},false],[6,{"currentFrameRate":106.191,"devices":[],"gestures":[],"hands":[{"armBasis":[[0.952905,0.107891,-0.283429],[0.0141951,0.917686,0.397054],[0.302938,-0.382378,0.872935]],"armWidth":58.4334,"confidence":0.694045,"direction":[0.0260555,0.348405,-0.936982],"elbow":[51.3656,194.614,249.613],"grabStrength":0,"id":192,"palmNormal":[-0.0155693,-0.937045,-0.348862],"palmPosition":[-29.4,302.997,-14.4392],"palmVelocity":[-13.9011,-31.5619,-102.003],"palmWidth":83.4409,"pinchStrength":0.577274,"r":[[0.916156,0.20673,0.343397],[-0.154692,0.972719,-0.172884],[-0.369769,0.105268,0.923141]],"s":1.11089,"sphereCenter":[-36.153,274.728,-44.183],"sphereRadius":42.588,"stabilizedPalmPosition":[-26.2071,300.976,33.1785],"t":[64.8273,158.193,-170.947],"timeVisible":0.768609,"type":"right","wrist":[-23.6415,289.291,33.4748]}],"id":254182,"interactionBox":{"center":[0,200,0],"size":[235.247,235.247,147.751]},"pointables":[{"bases":[[[0.421222,0.896576,0.136838],[-0.807629,0.302145,0.506403],[0.412684,-0.323822,0.85137]],[[0.305451,0.948923,-0.0790309],[-0.865699,0.311308,0.391986],[0.396567,-0.0513154,0.91657]],[[0.305451,0.948923,-0.0790309],[-0.932575,0.281354,-0.22615],[-0.192363,0.14278,0.970881]],[[0.305451,0.948923,-0.0790309],[-0.773259,0.198757,-0.602135],[-0.555671,0.245034,0.794473]]],"btipPosition":[-50.2213,272.162,-56.9008],"carpPosition":[-50.0083,279.536,32.4635],"dipPosition":[-62.147,277.421,-39.8499],"direction":[0.192363,-0.14278,-0.970881],"extended":false,"handId":192,"id":1920,"length":47.7925,"mcpPosition":[-50.0083,279.536,32.4635],"pipPosition":[-68.1616,281.885,-9.49355],"stabilizedTipPosition":[-54.4289,268.741,-8.73257],"timeVisible":0.768609,"tipPosition":[-52.6969,272.228,-53.0059],"tipVelocity":[-18.7308,-10.9481,-102.896],"tool":false,"touchDistance":-0.439689,"touchZone":"touching","type":0,"width":18.5699},{"bases":[[[0.989724,0.0351562,-0.1386],[-0.00568793,0.978216,0.20751],[0.142876,-0.204589,0.968364]],[[0.996488,0.0228802,-0.0805446],[-0.00911125,0.985859,0.167328],[0.0832342,-0.166007,0.982606]],[[0.996488,0.0228802,-0.0805446],[-0.0192325,0.998767,0.045776],[0.0814926,-0.0440661,0.995699]],[[0.996488,0.0228802,-0.0805446],[-0.0270376,0.998337,-0.0509095],[0.0792459,0.0529084,0.99545]]],"btipPosition":[-58.047,320.073,-112.046],"carpPosition":[-42.0806,299.582,29.6651],"dipPosition":[-56.8054,320.901,-96.4488],"direction":[-0.0814926,0.0440661,-0.995699],"extended":true,"handId":192,"id":1921,"length":53.9285,"mcpPosition":[-51.7199,313.384,-35.6664],"pipPosition":[-54.9991,319.925,-74.379],"stabilizedTipPosition":[-54.5537,316.064,-57.4988],"timeVisible":0.768609,"tipPosition":[-57.2288,319.052,-108.517],"tipVelocity":[-29.8941,-9.34423,-98.7169],"tool":false,"touchDistance":-0.441381,"touchZone":"touching","type":1,"width":17.738},{"bases":[[[0.986299,-0.160088,-0.039827],[0.164857,0.965348,0.202301],[0.00606097,-0.206095,0.978513]],[[0.986317,-0.161478,-0.0332091],[0.041197,0.436472,-0.898774],[0.159628,0.885108,0.437152]],[[0.986317,-0.161478,-0.0332091],[-0.136635,-0.687993,-0.712739],[0.0922443,0.707524,-0.700643]],[[0.986317,-0.161478,-0.0332091],[-0.164769,-0.958979,-0.230672],[0.0054017,0.232988,-0.972465]]],"btipPosition":[-41.0533,253.209,-18.9808],"carpPosition":[-31.1112,301.612,27.9177],"dipPosition":[-40.9603,257.225,-35.7391],"direction":[-0.0922443,-0.707524,0.700643],"extended":false,"handId":192,"id":1922,"length":61.4471,"mcpPosition":[-31.499,314.798,-34.6872],"pipPosition":[-38.5548,275.675,-54.0099],"stabilizedTipPosition":[-44.1149,252.048,22.7053],"timeVisible":0.768609,"tipPosition":[-41.0166,254.277,-23.1515],"tipVelocity":[-5.27509,-36.7613,-107.079],"tool":false,"touchDistance":0.333333,"touchZone":"none","type":2,"width":17.4211},{"bases":[[[0.961188,-0.260986,0.0894672],[0.235011,0.944382,0.230028],[-0.144525,-0.200074,0.969063]],[[0.960794,-0.261525,0.0920859],[0.186907,0.365601,-0.911812],[0.204795,0.893275,0.400148]],[[0.960794,-0.261525,0.0920859],[-0.129574,-0.717145,-0.684772],[0.245124,0.645993,-0.722916]],[[0.960794,-0.261525,0.0920859],[-0.23682,-0.946784,-0.217983],[0.144194,0.187629,-0.971598]]],"btipPosition":[-28.7095,256.037,-10.147],"carpPosition":[-19.9227,300.769,26.9021],"dipPosition":[-26.2389,259.252,-26.7942],"direction":[-0.245124,-0.645993,0.722916],"extended":false,"handId":192,"id":1923,"length":59.0831,"mcpPosition":[-11.6208,312.262,-28.7637],"pipPosition":[-20.0118,275.662,-45.1589],"stabilizedTipPosition":[-28.7698,256.506,26.3686],"timeVisible":0.768609,"tipPosition":[-28.0805,256.925,-14.0297],"tipVelocity":[-6.01432,-34.2962,-106.298],"tool":false,"touchDistance":0.333333,"touchZone":"none","type":3,"width":16.5772},{"bases":[[[0.885869,-0.434815,0.161779],[0.367952,0.870881,0.325848],[-0.282574,-0.229131,0.931478]],[[0.860125,-0.451916,0.236551],[0.403826,0.31998,-0.857052],[0.311623,0.832697,0.457718]],[[0.860125,-0.451916,0.236551],[-0.156673,-0.675397,-0.72062],[0.485425,0.582762,-0.651729]],[[0.860125,-0.451916,0.236551],[-0.379536,-0.876844,-0.295121],[0.340788,0.164061,-0.925714]]],"btipPosition":[-18.365,265.479,-11.3225],"carpPosition":[-9.19271,293.341,26.7281],"dipPosition":[-12.9782,268.072,-25.955],"direction":[-0.485425,-0.582762,0.651729],"extended":false,"handId":192,"id":1924,"length":46.32,"mcpPosition":[5.83298,305.525,-22.8026],"pi