{"sensorType":"Leap","data":[[0,{"currentFrameRate":102.366,"devices":[],"gestures":[{"center":[-66.0591,333.955,-45.1069],"duration":8980,"handIds":[272],"id":1,"normal":[0.548302,-0.758609,0.351963],"pointableIds":[2721],"progress":0.770481,"radius":9.05887,"state":"update","type":"circle"}],"hands":[{"armBasis":[[0.911628,0.0663436,-0.405627],[0.147067,0.868896,0.472642],[0.383805,-0.490528,0.782353]],"armWidth":58.4334,"confidence":0.732091,"direction":[0.0684346,0.337355,-0.938887],"elbow":[61.2711,174.714,231.176],"grabStrength":0,"id":272,"palmNormal":[-0.158258,-0.925506,-0.344082],"palmPosition":[-37.8822,310.411,-10.46],"palmVelocity":[-15.9384,-8.3936,-194.38],"palmWidth":83.4409,"pinchStrength":0.819529,"r":[[0.78711,0.253541,0.562294],[-0.252976,0.964109,-0.0806011],[-0.562549,-0.0788048,0.823]],"s":0.754035,"sphereCenter":[-52.8353,286.308,-40.5037],"sphereRadius":41.5326,"stabilizedPalmPosition":[-27.2048,310.415,45.4037],"t":[-21.392,158.278,-122.791],"timeVisible":0.967524,"type":"right","wrist":[-33.7585,296.169,37.4661]}],"id":304734,"interactionBox":{"center":[0,200,0],"size":[235.247,235.247,147.751]},"pointables":[{"bases":[[[0.551275,0.824361,0.128552],[-0.748673,0.420774,0.512287],[0.368218,-0.378654,0.849139]],[[0.41581,0.899899,-0.131465],[-0.859248,0.436094,0.267423],[0.297985,0.00176396,0.954569]],[[0.41581,0.899899,-0.131465],[-0.900165,0.386637,-0.200537],[-0.129634,0.201726,0.970825]],[[0.41581,0.899899,-0.131465],[-0.819539,0.308096,-0.483149],[-0.394281,0.308639,0.865612]]],"btipPosition":[-62.4173,277.432,-55.8842],"carpPosition":[-61.292,290.444,36.7445],"dipPosition":[-70.8793,284.056,-37.3065],"direction":[0.129634,-0.201726,-0.970825],"extended":false,"handId":272,"id":2720,"length":47.7925,"mcpPosition":[-61.292,290.444,36.7445],"pipPosition":[-74.9326,290.363,-6.95191],"stabilizedTipPosition":[-70.0199,286.378,5.75235],"timeVisible":0.967524,"tipPosition":[-64.653,278.28,-51.7137],"tipVelocity":[-7.578,9.62625,-185.98],"tool":false,"touchDistance":-0.521075,"touchZone":"hovering","type":0,"width":18.5699},{"bases":[[[0.98253,-0.113047,-0.147835],[0.141981,0.968887,0.20273],[0.120317,-0.220178,0.968011]],[[0.986812,-0.122457,-0.105864],[0.141475,0.970258,0.196429],[0.078661,-0.208815,0.974786]],[[0.986812,-0.122457,-0.105864],[0.130667,0.988628,0.0744309],[0.0955452,-0.0872822,0.991591]],[[0.986812,-0.122457,-0.105864],[0.12057,0.992413,-0.0240703],[0.108008,0.0109889,0.994089]]],"btipPosition":[-65.5237,333.92,-107.491],"carpPosition":[-50.4973,309.076,33.7749],"dipPosition":[-63.8314,334.092,-91.916],"direction":[-0.0955452,0.0872822,-0.991591],"extended":true,"handId":272,"id":2721,"length":53.9285,"mcpPosition":[-58.6145,323.931,-31.5328],"pipPosition":[-61.7136,332.158,-69.9373],"stabilizedTipPosition":[-66.5454,334.696,-42.5413],"timeVisible":0.967524,"tipPosition":[-64.8353,332.508,-104.026],"tipVelocity":[8.25657,4.38785,-204.986],"tool":false,"touchDistance":-0.259293,"touchZone":"hovering","type":1,"width":17.738},{"bases":[[[0.951055,-0.305259,-0.0480736],[0.308653,0.930757,0.196021],[-0.0150925,-0.201265,0.979421]],[[0.950876,-0.307096,-0.0390702],[0.154123,0.579073,-0.800575],[0.268478,0.755226,0.597957]],[[0.950876,-0.307096,-0.0390702],[-0.234626,-0.63258,-0.738101],[0.201953,0.71101,-0.673558]],[[0.950876,-0.307096,-0.0390702],[-0.309555,-0.941919,-0.130247],[0.00319729,0.135943,-0.990712]]],"btipPosition":[-55.5885,268.056,-22.5391],"carpPosition":[-39.3655,309.445,31.9171],"dipPosition":[-55.5334,270.399,-39.6119],"direction":[-0.201953,-0.71101,0.673558],"extended":false,"handId":272,"id":2722,"length":61.4471,"mcpPosition":[-38.3999,322.322,-30.7458],"pipPosition":[-50.267,288.94,-57.1764],"stabilizedTipPosition":[-55.5694,276.941,22.1239],"timeVisible":0.967524,"tipPosition":[-55.5113,268.683,-26.8659],"tipVelocity":[-17.3888,-13.3247,-167.201],"tool":false,"touchDistance":0.333333,"touchZone":"none","type":2,"width":17.4211},{"bases":[[[0.912476,-0.40084,0.081941],[0.375174,0.899679,0.223208],[-0.163191,-0.17293,0.971321]],[[0.906434,-0.40646,0.114749],[0.321236,0.487108,-0.812117],[0.274198,0.772992,0.572101]],[[0.906434,-0.40646,0.114749],[-0.208461,-0.666859,-0.715432],[0.367316,0.624572,-0.689195]],[[0.906434,-0.40646,0.114749],[-0.392986,-0.911226,-0.123405],[0.154722,0.066764,-0.9857]]],"btipPosition":[-42.2801,268.195,-14.036],"carpPosition":[-28.4375,306.943,30.8031],"dipPosition":[-39.6291,269.339,-30.9248],"direction":[-0.367316,-0.624572,0.689195],"extended":false,"handId":272,"id":2723,"length":59.0831,"mcpPosition":[-19.0633,316.876,-24.9924],"pipPosition":[-30.2979,285.205,-48.4329],"stabilizedTipPosition":[-40.3114,271.476,29.3307],"timeVisible":0.967524,"tipPosition":[-41.5195,268.493,-18.2607],"tipVelocity":[-21.2669,-10.4429,-171.877],"tool":false,"touchDistance":0.333333,"touchZone":"none","type":3,"width":16.5772},{"bases":[[[0.812839,-0.561267,0.155796],[0.496629,0.807546,0.318167],[-0.304388,-0.181246,0.935146]],[[0.746356,-0.584444,0.318397],[0.57951,0.33542,-0.742739],[0.327293,0.738863,0.589034]],[[0.746356,-0.584444,0.318397],[-0.210864,-0.661405,-0.719778],[0.63126,0.470072,-0.616882]],[[0.746356,-0.584444,0.318397],[-0.552788,-0.810789,-0.192476],[0.370644,-0.0323508,-0.928211]]],"btipPosition":[-30.5426,275.759,-12.5217],"carpPosition":[-18.9346,298,30.5674],"dipPosition":[-24.6839,275.248,-27.1937],"direction":[-0.63126,-0.470072,0.616882],"extended":false,"handId":272,"id":2724,"length":46.32,"mcpPosition":[-2.74891,307.637,-19.1583],"pipPosition":[-13.3616,283.679,-38.2581],"stabilizedTipPosition":[-25.9666,274.699,32.2157],"timeVisible":0.967524,"tipPosition":[-28.9856,275.609,-15.9095],"tipVelocity":[-24.6561,-9.2696,-167.842],"tool":false,"touchDistance":0.333333,"touchZone":"none","type":4,"width":14.7252}],"r":[[0.78711,0.253541,0.562294],[-0.252976,0.964109,-0.0806011],[-0.562549,-0.0788048,0.823]],"s":0.754035,"t":[-21.392,158.278,-122.791],"timestamp":3138597629},false],[1,{"currentFrameRate":102.873,"devices":[],"gestures":[{"center":[-66.0591,333.955,-45.1069],"duration":8980,"handIds":[272],"id":1,"normal":[0.548302,-0.758609,0.351963],"pointableIds":[2721],"progress":0.770481,"radius":9.05887,"state":"stop","type":"circle"}],"hands":[{"armBasis":[[0.914291,0.0582932,-0.400842],[0.151429,0.868646,0.471723],[0.375688,-0.491991,0.785368]],"armWidth":58.4334,"confidence":0.701218,"direction":[0.0688083,0.3366,-0.939131],"elbow":[59.1691,174.255,230.74],"grabStrength":0,"id":272,"palmNormal":[-0.162683,-0.924975,-0.343446],"palmPosition":[-37.9685,310.309,-11.6442],"palmVelocity":[-14.3059,-9.27208,-178.509],"palmWidth":83.4409,"pinchStrength":0.818721,"r":[[0.785847,0.254026,0.56384],[-0.251819,0.964173,-0.0834158],[-0.564829,-0.0764337,0.821661]],"s":0.755841,"sphereCenter":[-53.4041,286.513,-41.6543],"sphereRadius":41.59,"stabilizedPalmPosition":[-27.2048,310.415,45.4035],"t":[-21.5158,158.169,-124.28],"timeVisible":0.976281,"type":"right","wrist":[-33.851,296.072,36.2841]}],"id":304735,"interactionBox":{"center":[0,200,0],"size":[235.247,235.247,147.751]},"pointables":[{"bases":[[[0.555005,0.822016,0.127508],[-0.746239,0.424275,0.512951],[0.367555,-0.379842,0.848895]],[[0.420504,0.897805,-0.130851],[-0.85609,0.440389,0.270495],[0.300477,-0.00172396,0.953788]],[[0.420504,0.897805,-0.130851],[-0.898143,0.391483,-0.200201],[-0.128516,0.201708,0.970978]],[[0.420504,0.897805,-0.130851],[-0.816967,0.311952,-0.485026],[-0.39464,0.310856,0.864655]]],"btipPosition":[-62.6766,277.567,-56.9798],"carpPosition":[-61.4099,290.467,35.5973],"dipPosition":[-71.1463,284.239,-38.4227],"direction":[0.128516,-0.201708,-0.970978],"extended":false,"handId":272,"id":2720,"length":47.7925,"mcpPosition":[-61.4099,290.467,35.5973],"pipPosition":[-75.1646,290.546,-8.06334],"stabilizedTipPosition":[-70.0199,286.378,5.75164],"timeVisible":0.976281,"tipPosition":[-64.9013,278.414,-52.8201],"tipVelocity":[-13.5408,11.5251,-169.797],"tool":false,"touchDistance":-0.513807,"touchZone":"hovering","type":0,"width":18.5699},{"bases":[[[0.981856,-0.117393,-0.148921],[0.146431,0.968358,0.202091],[0.120485,-0.220231,0.967978]],[[0.986003,-0.126411,-0.108712],[0.146348,0.968581,0.201078],[0.0798774,-0.214174,0.973524]],[[0.986003,-0.126411,-0.108712],[0.135295,0.987681,0.0786184],[0.0974342,-0.0922261,0.99096]],[[0.986003,-0.126411,-0.108712],[0.124914,0.991956,-0.0205009],[0.110429,0.00663437,0.993862]]],"btipPosition":[-65.7032,334.287,-108.591],"carpPosition":[-50.5377,309.051,32.606],"dipPosition":[-63.973,334.391,-93.0189],"direction":[-0.0974342,0.0922261,-0.99096],"extended":true,"handId":272,"id":2721,"length":53.9285,"mcpPosition":[-58.6663,323.909,-32.6994],"pipPosition":[-61.8133,332.347,-71.0542],"stabilizedTipPosition":[-66.5454,334.696,-42.5417],"timeVisible":0.976281,"tipPosition":[-65.0142,332.852,-105.134],"tipVelocity":[0.809583,13.9612,-183.697],"tool":false,"touchDistance":-0.277629,"touchZone":"hovering","type":1,"width":17.738},{"bases":[[[0.949662,-0.309417,-0.0490296],[0.312927,0.9295,0.195208],[-0.0148276,-0.200724,0.979536]],[[0.949483,-0.311265,-0.0399466],[0.155713,0.577809,-0.801181],[0.272461,0.754487,0.597088]],[[0.949483,-0.311265,-0.0399466],[-0.238221,-0.632032,-0.737419],[0.204285,0.709683,-0.674253]],[[0.949483,-0.311265,-0.0399466],[-0.313806,-0.940628,-0.129404],[0.00270407,0.135403,-0.990787]]],"btipPosition":[-55.8749,268.023,-23.6705],"carpPosition":[-39.4067,309.37,30.7351],"dipPosition":[-55.8283,270.356,-40.7447],"direction":[-0.204285,-0.709683,0.674253],"extended":false,"handId":272,"id":2722,"length":61.4471,"mcpPosition":[-38.458,322.212,-31.9352],"pipPosition":[-50.5011,288.863,-58.3273],"stabilizedTipPosition":[-55.5694,276.941,22.1238],"timeVisible":0.976281,"tipPosition":[-55.8001,268.647,-27.9961],"tipVelocity":[-21.5592,-10.8356,-157.017],"tool":false,"touchDistance":0.333333,"touchZone":"none","type":2,"width":17.4211},{"bases":[[[0.910819,-0.404766,0.0810764],[0.379344,0.898146,0.222332],[-0.162811,-0.171748,0.971594]],[[0.90478,-0.410352,0.113945],[0.322479,0.485373,-0.812662],[0.278172,0.772026,0.571486]],[[0.90478,-0.410352,0.113945],[-0.212123,-0.66623,-0.714942],[0.369292,0.622695,-0.689837]],[[0.90478,-0.410352,0.113945],[-0.397081,-0.909559,-0.12259],[0.153945,0.0656717,-0.985895]]],"btipPosition":[-42.5551,268.109,-15.2003],"carpPosition":[-28.4909,306.82,29.6097],"dipPosition":[-39.9174,269.235,-32.0925],"direction":[-0.369292,-0.622695,0.689837],"extended":false,"handId":272,"id":2723,"length":59.0831,"mcpPosition":[-19.1386,316.685,-26.2015],"pipPosition":[-30.536,285.053,-49.6169],"stabilizedTipPosition":[-40.3114,271.476,29.3307],"timeVisible":0.976281,"tipPosition":[-41.7987,268.402,-19.4209],"tipVelocity":[-24.0798,-10.3824,-161.459],"tool":false,"touchDistance":0.333333,"touchZone":"none","type":3,"width":16.5772},{"bases":[[[0.810571,-0.564722,0.155125],[0.500507,0.805531,0.317194],[-0.304085,-0.179467,0.935587]],[[0.74369,-0.587616,0.318798],[0.57896,0.327675,-0.746616],[0.334261,0.739822,0.583895]],[[0.74369,-0.587616,0.318798],[-0.217491,-0.66359,-0.715784],[0.632157,0.462986,-0.621306]],[[0.74369,-0.587616,0.318798],[-0.557735,-0.808273,-0.188747],[0.368587,-0.0374354,-0.928839]]],"btipPosition":[-30.8609,275.677,-13.4893],"carpPosition":[-19.0273,297.835,29.3673],"dipPosition":[-25.0348,275.085,-28.1713],"direction":[-0.632157,-0.462986,0.621306],"extended":false,"handId":272,"id":2724,"length":46.32,"mcpPosition":[-2.85775,307.378,-20.3819],"pipPosition":[-13.6964,283.389,-39.315],"stabilizedTipPosition":[-25.9666,274.699,32.2156],"timeVisible":0.976281,"tipPosition":[-29.2936,275.497,-16.9554],"tipVelocity":[-28.0241,-9.88715,-152.529],"tool":false,"touchDistance":0.333333,"touchZone":"none","type":4,"width":14.7252}],"r":[[0.785847,0.254026,0.56384],[-0.251819,0.964173,-0.0834158],[-0.564829,-0.0764337,0.821661]],"s":0.755841,"t":[-21.5158,158.169,-124.28],"timestamp":3138606386},false],[2,{"currentFrameRate":103.186,"devices":[],"gestures":[],"hands":[{"armBasis":[[0.917106,0.0583902,-0.394343],[0.146348,0.870828,0.469298],[0.370808,-0.488107,0.790097]],"armWidth":58.4334,"confidence":0.701864,"direction":[0.071958,0.338122,-0.938347],"elbow":[57.428,175.065,230.178],"grabStrength":0,"id":272,"palmNormal":[-0.157541,-0.925124,-0.345438],"palmPosition":[-38.329,310.205,-13.378],"palmVelocity":[-21.3217,-9.85869,-181.846],"palmWidth":83.4409,"pinchStrength":0.815259,"r":[[0.784106,0.254864,0.565882],[-0.251541,0.96405,-0.085647],[-0.567367,-0.0751865,0.820025]],"s":0.757914,"sphereCenter":[-53.9584,286.674,-43.4715],"sphereRadius":41.6727,"stabilizedPalmPosition":[-27.2048,310.415,45.4034],"t":[-21.758,158.063,-125.891],"timeVisible":0.98538,"type":"right","wrist":[-34.3836,295.919,34.5503]}],"id":304736,"interactionBox":{"center":[0,200,0],"size":[235.247,235.247,147.751]},"pointables":[{"bases":[[[0.551266,0.823946,0.13122],[-0.75026,0.420747,0.509983],[0.364988,-0.379585,0.850117]],[[0.419043,0.89926,-0.125434],[-0.858089,0.437384,0.269032],[0.296792,-0.00510214,0.954928]],[[0.419043,0.89926,-0.125434],[-0.898047,0.390127,-0.203256],[-0.133844,0.197819,0.971058]],[[0.419043,0.89926,-0.125434],[-0.814146,0.310983,-0.490363],[-0.401956,0.307605,0.862444]]],"btipPosition":[-62.6918,277.657,-58.8586],"carpPosition":[-61.9174,290.211,33.7259],"dipPosition":[-71.3185,284.259,-40.3489],"direction":[0.133844,-0.197819,-0.971058],"extended":false,"handId":272,"id":2720,"length":47.7925,"mcpPosition":[-61.9174,290.211,33.7259],"pipPosition":[-75.5034,290.444,-9.987],"stabilizedTipPosition":[-70.0198,286.378,5.7511],"timeVisible":0.98538,"tipPosition":[-64.9268,278.455,-54.7068],"tipVelocity":[-11.3521,10.5817,-180.295],"tool":false,"touchDistance":-0.519104,"touchZone":"hovering","type":0,"width":18.5699},{"bases":[[[0.982987,-0.113462,-0.144437],[0.14179,0.968634,0.204066],[0.116753,-0.221074,0.968243]],[[0.986828,-0.122093,-0.106135],[0.142128,0.967683,0.2083],[0.0772727,-0.220641,0.972289]],[[0.986828,-0.122093,-0.106135],[0.131415,0.98761,0.085773],[0.0943474,-0.0985909,0.990645]],[[0.986828,-0.122093,-0.106135],[0.121329,0.992518,-0.0136502],[0.107007,0.000593156,0.994258]]],"btipPosition":[-65.7911,334.623,-110.355],"carpPosition":[-51.102,308.84,30.8107],"dipPosition":[-64.1145,334.633,-94.7766],"direction":[-0.0943474,0.0985909,-0.990645],"extended":true,"handId":272,"id":2721,"length":53.9285,"mcpPosition":[-58.9789,323.755,-34.5126],"pipPosition":[-62.0232,332.447,-72.8188],"stabilizedTipPosition":[-66.5454,334.696,-42.5422],"timeVisible":0.98538,"tipPosition":[-65.105,333.165,-106.905],"tipVelocity":[-2.46684,19.6786,-186.468],"tool":false,"touchDistance":-0.304635,"touchZone":"hovering","type":1,"width":17.738},{"bases":[[[0.951053,-0.305742,-0.0449537],[0.308463,0.930419,0.197918],[-0.0186859,-0.202097,0.979187]],[[0.950836,-0.307624,-0.0357688],[0.157075,0.578566,-0.800368],[0.266907,0.7554,0.598441]],[[0.950836,-0.307624,-0.0357688],[-0.232478,-0.632676,-0.738698],[0.204611,0.710696,-0.673086]],[[0.950836,-0.307624,-0.0357688],[-0.309621,-0.941706,-0.131626],[0.00680747,0.136229,-0.990654]]],"btipPosition":[-56.0187,267.864,-25.4832],"carpPosition":[-39.9636,309.204,28.9928],"dipPosition":[-55.9013,270.211,-42.555],"direction":[-0.204611,-0.710696,0.673086],"extended":false,"handId":272,"id":2722,"length":61.4471,"mcpPosition":[-38.768,322.134,-33.6552],"pipPosition":[-50.5657,288.744,-60.1072],"stabilizedTipPosition":[-55.5694,276.941,22.1237],"timeVisible":0.98538,"tipPosition":[-55.9277,268.492,-29.8172],"tipVelocity":[-19.4671,-12.5838,-168.695],"tool":false,"touchDistance":0.333333,"touchZone":"none","type":2,"width":17.4211},{"bases":[[[0.911959,-0.401413,0.0848407],[0.374871,0.899281,0.225314],[-0.166739,-0.173673,0.970585]],[[0.905648,-0.407178,0.118352],[0.322772,0.480974,-0.815158],[0.27499,0.776447,0.567019]],[[0.905648,-0.407178,0.118352],[-0.208685,-0.67097,-0.711513],[0.369123,0.619682,-0.692635]],[[0.905648,-0.407178,0.118352],[-0.39378,-0.911147,-0.121443],[0.157285,0.0633796,-0.985517]]],"btipPosition":[-42.794,268.031,-16.5889],"carpPosition":[-29.033,306.696,27.9156],"dipPosition":[-40.0992,269.117,-33.4746],"direction":[-0.369123,-0.619682,0.692635],"extended":false,"handId":272,"id":2723,"length":59.0831,"mcpPosition":[-19.455,316.673,-27.8377],"pipPosition":[-30.7221,284.86,-51.07],"stabilizedTipPosition":[-40.3114,271.476,29.3306],"timeVisible":0.98538,"tipPosition":[-42.0136,268.312,-20.9286],"tipVelocity":[-24.2845,-10.1531,-158.96],"tool":false,"touchDistance":0.333333,"touchZone":"none","type":3,"width":16.5772},{"bases":[[[0.811972,-0.561848,0.158203],[0.495937,0.806999,0.320624],[-0.307812,-0.18188,0.933901]],[[0.744293,-0.585236,0.321755],[0.581398,0.330715,-0.743374],[0.32864,0.740356,0.586404]],[[0.744293,-0.585236,0.321755],[-0.211464,-0.663501,-0.717669],[0.633491,0.466116,-0.617596]],[[0.744293,-0.585236,0.321755],[-0.553755,-0.810113,-0.192543],[0.373341,-0.0348652,-0.927039]]],"btipPosition":[-31.0865,275.604,-15.2374],"carpPosition":[-19.5342,297.748,27.706],"dipPosition":[-25.1852,275.053,-29.8909],"direction":[-0.633491,-0.466116,0.617596],"extended":false,"handId":272,"id":2724,"length":46.32,"mcpPosition":[-3.16652,307.42,-21.9536],"pipPosition":[-13.8229,283.413,-40.9681],"stabilizedTipPosition":[-25.9666,274.699,32.2155],"timeVisible":0.98538,"tipPosition":[-29.5022,275.434,-18.6943],"tipVelocity":[-26.6012,-9.07302,-163.301],"tool":false,"touchDistance":0.333333,"touchZone":"none","type":4,"width":14.7252}],"r":[[0.784106,0.254864,0.565882],[-0.251541,0.96405,-0.085647],[-0.567367,-0.0751865,0.820025]],"s":0.757914,"t":[-21.758,158.063,-125.891],"timestamp":3138615485},false],[3,{"currentFrameRate":103.457,"devices":[],"gestures":[],"hands":[{"armBasis":[[0.919494,0.0645858,-0.387763],[0.138702,0.869668,0.473751],[0.367823,-0.489395,0.790696]],"armWidth":58.4334,"confidence":0.708951,"direction":[0.0749756,0.334406,-0.939442],"elbow":[56.1694,174.92,228.696],"grabStrength":0,"id":272,"palmNormal":[-0.151057,-0.927413,-0.34218],"palmPosition":[-38.6789,310.15,-15.0893],"palmVelocity":[-26.0318,-8.78835,-183.273],"palmWidth":83.4409,"pinchStrength":0.811089,"r":[[0.781873,0.256834,0.568076],[-0.252213,0.963614,-0.0885271],[-0.570143,-0.0740594,0.818201]],"s":0.759891,"sphereCenter":[-54.3233,286.608,-45.1641],"sphereRadius":41.7386,"stabilizedPalmPosition":[-27.2048,310.415,45.4033],"t":[-22.0541,157.982,-127.552],"timeVisible":0.994533,"type":"right","wrist":[-34.9031,296.093,32.9202]}],"id":304737,"interactionBox":{"center":[0,200,0],"size":[235.247,235.247,147.751]},"pointables":[{"bases":[[[0.546374,0.827329,0.130393],[-0.754973,0.4191,0.504352],[0.362618,-0.374008,0.853596]],[[0.416935,0.900424,-0.124105],[-0.860234,0.434994,0.266043],[0.293536,-0.00416273,0.955939]],[[0.416935,0.900424,-0.124105],[-0.898284,0.387347,-0.207478],[-0.138746,0.197987,0.970335]],[[0.416935,0.900424,-0.124105],[-0.811682,0.307387,-0.496674],[-0.409068,0.307815,0.859019]]],"btipPosition":[-62.7223,277.633,-60.5525],"carpPosition":[-62.4029,290.239,31.9821],"dipPosition":[-71.5017,284.24,-42.1164],"direction":[0.138746,-0.197987,-0.970335],"extended":false,"handId":272,"id":2720,"length":47.7925,"mcpPosition":[-62.4029,290.239,31.9821],"pipPosition":[-75.8398,290.43,-11.7771],"stabilizedTipPosition":[-70.0198,286.378,5.75071],"timeVisible":0.994533,"tipPosition":[-64.9318,278.374,-56.4032],"tipVelocity":[-10.1869,6.94079,-182.141],"tool":false,"touchDistance":-0.521191,"touchZone":"hovering","type":0,"width":18.5699},{"bases":[[[0.984273,-0.109038,-0.138985],[0.1358,0.970227,0.200542],[0.112981,-0.216262,0.969776]],[[0.98783,-0.117105,-0.102367],[0.136533,0.968114,0.210034],[0.0745065,-0.221455,0.97232]],[[0.98783,-0.117105,-0.102367],[0.126191,0.988156,0.0873129],[0.0909295,-0.0991681,0.990907]],[[0.98783,-0.117105,-0.102367],[0.116439,0.993119,-0.0124717],[0.103123,0.000400423,0.994669]]],"btipPosition":[-65.8572,334.418,-112.242],"carpPosition":[-51.6683,308.911,29.0399],"dipPosition":[-64.2415,334.424,-96.6577],"direction":[-0.0909295,0.0991681,-0.990907],"extended":true,"handId":272,"id":2721,"length":53.9285,"mcpPosition":[-59.2906,323.501,-36.3868],"pipPosition":[-62.226,332.226,-74.6942],"stabilizedTipPosition":[-66.5454,334.696,-42.5425],"timeVisible":0.994533,"tipPosition":[-65.1778,332.955,-108.791],"tipVelocity":[-4.21834,7.92576,-191.927],"tool":false,"touchDistance":-0.330797,"touchZone":"hovering","type":1,"width":17.738},{"bases":[[[0.952819,-0.301045,-0.0388245],[0.302695,0.932842,0.1954],[-0.0226072,-0.197933,0.979955]],[[0.952565,-0.302891,-0.0296189],[0.158177,0.575885,-0.802082],[0.260001,0.75935,0.596479]],[[0.952565,-0.302891,-0.0296189],[-0.225485,-0.637051,-0.737104],[0.204393,0.708818,-0.67513]],[[0.952565,-0.302891,-0.0296189],[-0.304131,-0.943843,-0.129094],[0.0111457,0.131978,-0.99119]]],"btipPosition":[-56.0908,267.665,-27.0991],"carpPosition":[-40.5228,309.324,27.2766],"dipPosition":[-55.8987,269.94,-44.1802],"direction":[-0.204393,-0.708818,0.67513],"extended":false,"handId":272,"id":2722,"length":61.4471,"mcpPosition":[-39.0764,321.988,-35.4205],"pipPosition":[-50.5687,288.424,-61.7857],"stabilizedTipPosition":[-55.5694,276.941,22.1236],"timeVisible":0.994533,"tipPosition":[-55.9812,268.275,-31.4335],"tipVelocity":[-15.7171,-15.6196,-170.947],"tool":false,"touchDistance":0.333333,"touchZone":"none","type":2,"width":17.4211},{"bases":[[[0.913559,-0.396351,0.0911883],[0.369121,0.902165,0.223266],[-0.170759,-0.170308,0.970483]],[[0.907119,-0.401994,0.12464],[0.324511,0.479472,-0.815352],[0.268006,0.780069,0.56539]],[[0.907119,-0.401994,0.12464],[-0.201446,-0.674726,-0.710046],[0.369532,0.618988,-0.693037]],[[0.907119,-0.401994,0.12464],[-0.388407,-0.913648,-0.119946],[0.162095,0.0603946,-0.984925]]],"btipPosition":[-42.911,267.931,-18.1662],"carpPosition":[-29.5742,306.869,26.2655],"dipPosition":[-40.1337,268.966,-35.0418],"direction":[-0.369532,-0.618988,0.693037],"extended":false,"handId":272,"id":2723,"length":59.0831,"mcpPosition":[-19.7653,316.652,-29.4819],"pipPosition":[-30.7462,284.69,-52.6475],"stabilizedTipPosition":[-40.3114,271.476,29.3306],"timeVisible":0.994533,"tipPosition":[-42.1129,268.201,-22.4838],"tipVelocity":[-20.503,-10.7481,-162.614],"tool":false,"touchDistance":0.333333,"touchZone":"none","type":3,"width":16.5772},{"bases":[[[0.814024,-0.556977,0.164746],[0.490174,0.810921,0.319588],[-0.3116,-0.179398,0.933125]],[[0.745109,-0.580092,0.329097],[0.583004,0.326868,-0.743817],[0.323911,0.74609,0.581749]],[[0.745109,-0.580092,0.329097],[-0.206362,-0.669753,-0.713334],[0.634213,0.463599,-0.618748]],[[0.745109,-0.580092,0.329097],[-0.54957,-0.813596,-0.189825],[0.377868,-0.0394216,-0.92502]]],"btipPosition":[-31.3109,275.624,-16.6196],"carpPosition":[-20.0288,297.969,26.1429],"dipPosition":[-25.338,275,-31.2411],"direction":[-0.634213,-0.463599,0.618748],"extended":false,"handId":272,"id":2724,"length":46.32,"mcpPosition":[-3.45972,307.508,-23.4755],"pipPosition":[-13.9627,283.316,-42.339],"stabilizedTipPosition":[-25.9666,274.699,32.2155],"timeVisible":0.994533,"tipPosition":[-29.6981,275.429,-20.1161],"tipVelocity":[-25.5189,-6.45393,-159.652],"tool":false,"touchDistance":0.333333,"touchZone":"none","type":4,"width":14.7252}],"r":[[0.781873,0.256834,0.568076],[-0.252213,0.963614,-0.0885271],[-0.570143,-0.0740594,0.818201]],"s":0.759891,"t":[-22.0541,157.982,-127.552],"timestamp":3138624638},false],[4,{"currentFrameRate":103.841,"devices":[],"gestures":[],"hands":[{"armBasis":[[0.915298,0.0702086,-0.396612],[0.131817,0.878251,0.459674],[0.380598,-0.473018,0.794606]],"armWidth":58.4334,"confidence":0.70436,"direction":[0.078059,0.337225,-0.938182],"elbow":[58.6783,179.019,227.136],"grabStrength":0,"id":272,"palmNormal":[-0.142674,-0.927589,-0.345288],"palmPosition":[-39.1543,310.286,-17.6043],"palmVelocity":[-33.473,-2.2347,-210.243],"palmWidth":83.4409,"pinchStrength":0.803866,"r":[[0.779066,0.259213,0.570846],[-0.25397,0.962954,-0.0906566],[-0.573198,-0.0743503,0.816037]],"s":0.761778,"sphereCenter":[-54.7067,286.885,-47.8203],"sphereRadius":41.7965,"stabilizedPalmPosition":[-27.2048,310.415,45.4032],"t":[-22.4398,158.01,-129.64],"timeVisible":1.00344,"type":"right","wrist":[-35.5573,296.138,30.392]}],"id":304738,"interactionBox":{"center":[0,200,0],"size":[235.247,235.247,147.751]},"pointables":[{"bases":[[[0.539883,0.830755,0.135541],[-0.760738,0.41264,0.501006],[0.360284,-0.373595,0.854764]],[[0.413319,0.903135,-0.116251],[-0.863268,0.429254,0.265537],[0.289717,-0.00939602,0.957066]],[[0.413319,0.903135,-0.116251],[-0.898748,0.384089,-0.211488],[-0.146351,0.191892,0.970443]],[[0.413319,0.903135,-0.116251],[-0.80784,0.30477,-0.50449],[-0.420193,0.302428,0.855555]]],"btipPosition":[-62.6782,278.036,-63.234],"carpPosition":[-63.0101,290.097,29.2812],"dipPosition":[-71.6963,284.527,-44.8722],"direction":[0.146351,-0.191892,-0.970443],"extended":false,"handId":272,"id":2720,"length":47.7925,"mcpPosition":[-63.0101,290.097,29.2812],"pipPosition":[-76.2722,290.527,-14.5295],"stabilizedTipPosition":[-70.0198,286.378,5.75042],"timeVisible":1.00344,"tipPosition":[-64.9214,278.706,-59.1086],"tipVelocity":[-7.74406,16.555,-215.027],"tool":false,"touchDistance":-0.537883,"touchZone":"hovering","type":0,"width":18.5699},{"bases":[[[0.985786,-0.101903,-0.133574],[0.127935,0.970645,0.203668],[0.108899,-0.217862,0.969885]],[[0.989078,-0.109712,-0.0984295],[0.128988,0.967422,0.217844],[0.0713229,-0.228161,0.971008]],[[0.989078,-0.109712,-0.0984295],[0.119103,0.988304,0.0952339],[0.08683,-0.105917,0.990577]],[[0.989078,-0.109712,-0.0984295],[0.109784,0.993944,-0.00469235],[0.0983483,-0.00616492,0.995133]]],"btipPosition":[-66.0106,334.981,-114.792],"carpPosition":[-52.3881,308.849,26.4462],"dipPosition":[-64.4696,334.884,-99.1998],"direction":[-0.08683,0.105917,-0.990577],"extended":true,"handId":272,"id":2721,"length":53.9285,"mcpPosition":[-59.7351,323.547,-38.9879],"pipPosition":[-62.545,332.536,-77.2436],"stabilizedTipPosition":[-66.5454,334.696,-42.5428],"timeVisible":1.00344,"tipPosition":[-65.3421,333.498,-111.347],"tipVelocity":[-8.28235,22.2399,-217.538],"tool":false,"touchDistance":-0.364265,"touchZone":"hovering","type":1,"width":17.738},{"bases":[[[0.955085,-0.294369,-0.0340611],[0.295112,0.934425,0.199398],[-0.0268689,-0.200494,0.979326]],[[0.954777,-0.29631,-0.0245101],[0.158117,0.57584,-0.802127],[0.251792,0.761977,0.59665]],[[0.954777,-0.29631,-0.0245101],[-0.217357,-0.639366,-0.737541],[0.20287,0.709515,-0.674857]],[[0.954777,-0.29631,-0.0245101],[-0.296907,-0.94585,-0.1312],[0.015693,0.132544,-0.991053]]],"btipPosition":[-56.207,267.705,-29.6045],"carpPosition":[-41.2358,309.344,24.7482],"dipPosition":[-55.9365,269.989,-46.6832],"direction":[-0.20287,-0.709515,0.674857],"extended":false,"handId":272,"id":2722,"length":61.4471,"mcpPosition":[-39.5167,322.171,-37.9088],"pipPosition":[-50.6463,288.491,-64.2815],"stabilizedTipPosition":[-55.5694,276.941,22.1235],"timeVisible":1.00344,"tipPosition":[-56.0797,268.32,-33.9903],"tipVelocity":[-14.4384,-10.1052,-200.96],"tool":false,"touchDistance":0.333333,"touchZone":"none","type":2,"width":17.4211},{"bases":[[[0.915738,-0.390262,0.0954922],[0.361587,0.904138,0.227572],[-0.175151,-0.173868,0.969068]],[[0.909163,-0.396018,0.128809],[0.325995,0.484336,-0.811878],[0.259132,0.78012,0.569441]],[[0.909163,-0.396018,0.128809],[-0.19237,-0.673713,-0.713516],[0.369346,0.623924,-0.688697]],[[0.909163,-0.396018,0.128809],[-0.381239,-0.915958,-0.125208],[0.167568,0.0647275,-0.983733]]],"btipPosition":[-43.0749,268.031,-20.8529],"carpPosition":[-30.2649,306.966,23.7942],"dipPosition":[-40.2038,269.14,-37.7081],"direction":[-0.369346,-0.623924,0.688697],"extended":false,"handId":272,"id":2723,"length":59.0831,"mcpPosition":[-20.2037,316.954,-31.872],"pipPosition":[-30.821,284.99,-55.2035],"stabilizedTipPosition":[-40.3114,271.476,29.3305],"timeVisible":1.00344,"tipPosition":[-42.2589,268.324,-25.1342],"tipVelocity":[-19.27,-4.24065,-200.309],"tool":false,"touchDistance":0.333333,"touchZone":"none","type":3,"width":16.5772},{"bases":[[[0.816895,-0.551752,0.168086],[0.482712,0.813495,0.324369],[-0.315709,-0.183838,0.930877]],[[0.746782,-0.57582,0.332788],[0.584371,0.32921,-0.741709],[0.317534,0.748366,0.58234]],[[0.746782,-0.57582,0.332788],[-0.199727,-0.671455,-0.713622],[0.634371,0.466453,-0.616438]],[[0.746782,-0.57582,0.332788],[-0.543816,-0.816741,-0.192868],[0.382859,-0.036945,-0.923068]]],"btipPosition":[-31.5962,275.859,-19.0293],"carpPosition":[-20.6577,298.132,23.705],"dipPosition":[-25.5444,275.275,-33.62],"direction":[-0.634371,-0.466453,0.616438],"extended":false,"handId":272,"id":2724,"length":46.32,"mcpPosition":[-3.87008,307.908,-25.7938],"pipPosition":[-14.1663,283.642,-44.6765],"stabilizedTipPosition":[-25.9666,274.699,32.2154],"timeVisible":1.00344,"tipPosition":[-29.955,275.667,-22.5645],"tipVelocity":[-26.7365,2.77999,-189.618],"tool":false,"touchDistance":0.333333,"touchZone":"none","type":4,"width":14.7252}],"r":[[0.779066,0.259213,0.570846],[-0.25397,0.962954,-0.0906566],[-0.573198,-0.0743503,0.816037]],"s":0.761778,"t":[-22.4398,158.01,-129.64],"timestamp":3138633545},false],[5,{"currentFrameRate":104.111,"devices":[],"gestures":[],"hands":[{"armBasis":[[0.920555,0.0707371,-0.384154],[0.125316,0.877998,0.46197],[0.369965,-0.473409,0.799381]],"armWidth":58.4334,"confidence":0.706622,"direction":[0.0797185,0.342613,-0.936088],"elbow":[55.5785,178.64,226.609],"grabStrength":0,"id":272,"palmNormal":[-0.136023,-0.926554,-0.350707],"palmPosition":[-39.5186,310.237,-19.2515],"palmVelocity":[-35.29,-3.11917,-202.147],"palmWidth":83.4409,"pinchStrength":0.795768,"r":[[0.776066,0.261401,0.573925],[-0.256402,0.962225,-0.091549],[-0.576176,-0.0761072,0.813774]],"s":0.764329,"sphereCenter":[-55.2487,287.217,-49.6077],"sphereRadius":41.8918,"stabilizedPalmPosition":[-27.2049,310.415,45.4031],"t":[-22.8148,157.999,-131.508],"timeVisible":1.01254,"type":"right","wrist":[-36.0244,295.856,28.6833]}],"id":304739,"interactionBox":{"center":[0,200,0],"size":[235.247,235.247,147.751]},"pointables":[{"bases":[[[0.534583,0.833102,0.14199],[-0.765008,0.405633,0.500224],[0.359142,-0.376035,0.854175]],[[0.409745,0.905799,-0.107878],[-0.86582,0.423412,0.266603],[0.287165,-0.0158357,0.95775]],[[0.409745,0.905799,-0.107878],[-0.899542,0.381591,-0.21263],[-0.151435,0.184165,0.971159]],[[0.409745,0.905799,-0.107878],[-0.805512,0.303784,-0.508788],[-0.428088,0.295371,0.854106]]],"btipPosition":[-62.6605,278.292,-65.1031],"carpPosition":[-63.4377,289.664,27.4348],"dipPosition":[-71.8481,284.631,-46.7724],"direction":[0.151435,-0.184165,-0.971159],"extended":false,"handId":272,"id":2720,"length":47.7925,"mcpPosition":[-63.4377,289.664,27.4348],"pipPosition":[-76.583,290.389,-16.4073],"stabilizedTipPosition":[-70.0197,286.378,5.7502],"timeVisible":1.01254,"tipPosition":[-64.927,278.912,-60.9926],"tipVelocity":[-6.24724,18.6784,-212.582],"tool":false,"touchDistance":-0.540572,"touchZone":"hovering","type":0,"width":18.5699},{"bases":[[[0.986859,-0.0955578,-0.130298],[0.121581,0.970272,0.209259],[0.106428,-0.222351,0.96914]],[[0.989939,-0.103159,-0.0968443],[0.123006,0.965693,0.228705],[0.0699289,-0.238317,0.968667]],[[0.989939,-0.103159,-0.0968443],[0.113345,0.987847,0.106358],[0.0846955,-0.116265,0.989601]],[[0.989939,-0.103159,-0.0968443],[0.104258,0.99453,0.00634604],[0.0956599,-0.016379,0.995279]]],"btipPosition":[-66.2241,335.716,-116.337],"carpPosition":[-52.9127,308.492,24.7394],"dipPosition":[-64.7253,335.459,-100.742],"direction":[-0.0846955,0.116265,-0.9896],"extended":true,"handId":272,"id":2721,"length":53.9285,"mcpPosition":[-60.0929,323.493,-40.6444],"pipPosition":[-62.848,332.882,-78.8079],"stabilizedTipPosition":[-66.5454,334.696,-42.5431],"timeVisible":1.01254,"tipPosition":[-65.5594,334.192,-112.906],"tipVelocity":[-12.7851,37.3388,-204.291],"tool":false,"touchDistance":-0.379339,"touchZone":"hovering","type":1,"width":17.738},{"bases":[[[0.956882,-0.288718,-0.0319172],[0.288978,0.935032,0.205445],[-0.029472,-0.20581,0.978148]],[[0.956536,-0.290778,-0.0220535],[0.156864,0.576815,-0.801672],[0.24583,0.763369,0.597357]],[[0.956536,-0.290778,-0.0220535],[-0.211637,-0.640185,-0.738494],[0.20062,0.711063,-0.6739]],[[0.956536,-0.290778,-0.0220535],[-0.29104,-0.947182,-0.134691],[0.0182766,0.135255,-0.990642]]],"btipPosition":[-56.2839,267.611,-31.2534],"carpPosition":[-41.7569,309.059,23.0871],"dipPosition":[-55.9689,269.942,-48.3251],"direction":[-0.20062,-0.711063,0.6739],"extended":false,"handId":272,"id":2722,"length":61.4471,"mcpPosition":[-39.8713,322.227,-39.4944],"pipPosition":[-50.7373,288.485,-65.8984],"stabilizedTipPosition":[-55.5694,276.941,22.1235],"timeVisible":1.01254,"tipPosition":[-56.1478,268.244,-35.7057],"tipVelocity":[-12.4673,-9.81782,-195.441],"tool":false,"touchDistance":0.333333,"touchZone":"none","type":2,"width":17.4211},{"bases":[[[0.91759,-0.385517,0.0969773],[0.355518,0.904977,0.233716],[-0.177864,-0.179978,0.967457]],[[0.910913,-0.391493,0.130272],[0.322974,0.480089,-0.815599],[0.256759,0.785015,0.563761]],[[0.910913,-0.391493,0.130272],[-0.190425,-0.679002,-0.709009],[0.366027,0.621039,-0.693062]],[[0.910913,-0.391493,0.130272],[-0.376808,-0.917969,-0.123889],[0.168088,0.0637647,-0.983708]]],"btipPosition":[-43.2505,268.054,-22.0484],"carpPosition":[-30.769,306.749,22.163],"dipPosition":[-40.3705,269.147,-38.9031],"direction":[-0.366027,-0.621039,0.693062],"extended":false,"handId":272,"id":2723,"length":59.0831,"mcpPosition":[-20.552,317.088,-33.4106],"pipPosition":[-31.0721,284.923,-56.5094],"stabilizedTipPosition":[-40.3114,271.476,29.3305],"timeVisible":1.01254,"tipPosition":[-42.4165,268.337,-26.5232],"tipVelocity":[-19.2167,-2.4695,-181.205],"tool":false,"touchDistance":0.333333,"touchZone":"none","type":3,"width":16.5772},{"bases":[[[0.819397,-0.54795,0.168339],[0.476788,0.814519,0.330503],[-0.318215,-0.190551,0.928671]],[[0.748611,-0.573324,0.33299],[0.585112,0.335086,-0.738486],[0.311811,0.747674,0.586308]],[[0.748611,-0.573324,0.33299],[-0.193882,-0.669586,-0.716982],[0.634028,0.47218,-0.612417]],[[0.748611,-0.573324,0.33299],[-0.538724,-0.818752,-0.198551],[0.38647,-0.0307522,-0.921789]]],"btipPosition":[-31.7815,275.877,-20.7735],"carpPosition":[-21.111,297.971,22.0645],"dipPosition":[-25.6727,275.391,-35.344],"direction":[-0.634028,-0.47218,0.612417],"extended":false,"handId":272,"id":2724,"length":46.32,"mcpPosition":[-4.1901,308.104,-27.3169],"pipPosition":[-14.3007,283.86,-46.3283],"stabilizedTipPosition":[-25.9666,274.699,32.2153],"timeVisible":1.01254,"tipPosition":[-30.1261,275.707,-24.3176],"tipVelocity":[-24.5736,3.22915,-190.05],"tool":false,"touchDistance":0.333333,"touchZone":"none","type":4,"width":14.7252}],"r":[[0.776066,0.261401,0.573925],[-0.256402,0.962225,-0.091549],[-0.576176,-0.0761072,0.813774]],"s":0.764329,"t":[-22.8148,157.999,-131.508],"timestamp":3138642644},false],[6,{"currentFrameRate":104.443,"devices":[],"gestures":[],"hands":[{"armBasis":[[0.923172,0.0753957,-0.376919],[0.119039,0.876292,0.466843],[0.365489,-0.475845,0.799993]],"armWidth":58.4334,"confidence":0.710298,"direction":[0.0816784,0.34566,-0.934798],"elbow":[54.1128,177.756,225.648],"grabStrength":0,"id":272,"palmNormal":[-0.13015,-0.926201,-0.353853],"palmPosition":[-39.7602,310.075,-20.3369],"palmVelocity":[-33.0217,-7.22714,-180.033],"palmWidth":83.4409,"pinchStrength":0.789798,"r":[[0.77295,0.263571,0.57713],[-0.259207,0.961437,-0.0919256],[-0.579103,-0.0785425,0.811462]],"s":0.767585,"sphereCenter":[-55.6169,287.334,-50.7846],"sphereRadius":41.9865,"stabilizedPalmPosition":[-27.2049,310.415,45.403],"t":[-23.1231,157.912,-132.984],"timeVisible":1.02149,"type":"right","wrist":[-36.382,295.574,27.5703]}],"id":304740,"interactionBox":{"center":[0,200,0],"size":[235.247,235.247,147.751]},"pointables":[{"bases":[[[0.529967,0.835281,0.146425],[-0.768908,0.400486,0.498389],[0.357654,-0.376717,0.854498]],[[0.407863,0.907548,-0.100024],[-0.867166,0.419327,0.268677],[0.28578,-0.0228456,0.958023]],[[0.407863,0.907548,-0.100024],[-0.899996,0.381161,-0.211482],[-0.153804,0.176277,0.97225]],[[0.407863,0.907548,-0.100024],[-0.803685,0.304864,-0.511027],[-0.433287,0.288817,0.853725]]],"btipPosition":[-62.7334,278.588,-66.3787],"carpPosition":[-63.7597,289.253,26.1976],"dipPosition":[-72.0326,284.787,-48.0561],"direction":[0.153804,-0.176277,-0.97225],"extended":false,"handId":272,"id":2720,"length":47.7925,"mcpPosition":[-63.7597,289.253,26.1976],"pipPosition":[-76.8416,290.299,-17.657],"stabilizedTipPosition":[-70.0197,286.378,5.75003],"timeVisible":1.02149,"tipPosition":[-64.9402,279.113,-62.2558],"tipVelocity":[-7.54985,21.6508,-193.481],"tool":false,"touchDistance":-0.53401,"touchZone":"hovering","type":0,"width":18.5699},{"bases":[[[0.987811,-0.0903919,-0.126727],[0.116044,0.970252,0.212475],[0.103751,-0.224591,0.968914]],[[0.990676,-0.09769,-0.0949654],[0.117794,0.964404,0.23675],[0.0684569,-0.245729,0.966918]],[[0.990676,-0.09769,-0.0949654],[0.10837,0.98747,0.114714],[0.0825691,-0.123936,0.988849]],[[0.990676,-0.09769,-0.0949654],[0.0995196,0.994927,0.0147137],[0.0930463,-0.0240275,0.995372]]],"btipPosition":[-66.3008,336.096,-117.38],"carpPosition":[-53.3161,308.139,23.5965],"dipPosition":[-64.843,335.719,-101.785],"direction":[-0.0825691,0.123936,-0.988849],"extended":true,"handId":272,"id":2721,"length":53.9285,"mcpPosition":[-60.3157,323.291,-41.7721],"pipPosition":[-63.0128,332.972,-79.8667],"stabilizedTipPosition":[-66.5454,334.696,-42.5434],"timeVisible":1.02149,"tipPosition":[-65.6379,334.546,-113.959],"tipVelocity":[-11.9213,37.8998,-180.305],"tool":false,"touchDistance":-0.385387,"touchZone":"hovering","type":1,"width":17.738},{"bases":[[[0.958393,-0.283975,-0.0290105],[0.283624,0.935835,0.209212],[-0.032262,-0.208736,0.97744]],[[0.958017,-0.286072,-0.0191216],[0.157203,0.579886,-0.799387],[0.23977,0.76282,0.600513]],[[0.958017,-0.286072,-0.0191216],[-0.205613,-0.639028,-0.741193],[0.199815,0.714007,-0.67102]],[[0.958017,-0.286072,-0.0191216],[-0.285901,-0.948181,-0.138614],[0.0215228,0.138261,-0.990162]]],"btipPosition":[-56.2725,267.4,-32.5289],"carpPosition":[-42.1569,308.765,21.9892],"dipPosition":[-55.9016,269.783,-49.5923],"direction":[-0.199815,-0.714007,0.67102],"extended":false,"handId":272,"id":2722,"length":61.4471,"mcpPosition":[-40.0928,322.12,-40.547],"pipPosition":[-50.691,288.402,-67.0905],"stabilizedTipPosition":[-55.5694,276.941,22.1235],"timeVisible":1.02149,"tipPosition":[-56.122,268.047,-36.9733],"tipVelocity":[-8.31939,-13.2139,-180.906],"tool":false,"touchDistance":0.333333,"touchZone":"none","type":2,"width":17.4211},{"bases":[[[0.919073,-0.381331,0.0994558],[0.350199,0.906024,0.237657],[-0.180735,-0.183595,0.966244]],[[0.912262,-0.38746,0.132861],[0.320007,0.471704,-0.821639],[0.255682,0.792067,0.554308]],[[0.912262,-0.38746,0.132861],[-0.189755,-0.687222,-0.701226],[0.363002,0.614492,-0.700449]],[[0.912262,-0.38746,0.132861],[-0.373433,-0.920006,-0.118898],[0.168301,0.0588515,-0.983977]]],"btipPosition":[-43.3536,267.986,-22.4608],"carpPosition":[-31.1544,306.511,21.1013],"dipPosition":[-40.47,268.994,-39.3201],"direction":[-0.363002,-0.614492,0.700449],"extended":false,"handId":272,"id":2723,"length":59.0831,"mcpPosition":[-20.7724,317.057,-34.4026],"pipPosition":[-31.2484,284.604,-57.1141],"stabilizedTipPosition":[-40.3114,271.476,29.3305],"timeVisible":1.02149,"tipPosition":[-42.5027,268.238,-27.1322],"tipVelocity":[-17.0866,-4.47883,-144.299],"tool":false,"touchDistance":0.333333,"touchZone":"none","type":3,"width":16.5772},{"bases":[[[0.821396,-0.544441,0.169976],[0.471533,0.81588,0.334658],[-0.320881,-0.194738,0.926883]],[[0.750276,-0.570591,0.333934],[0.582865,0.332503,-0.741424],[0.312016,0.750912,0.582046]],[[0.750276,-0.570591,0.333934],[-0.194213,-0.673035,-0.713656],[0.631955,0.470585,-0.615778]],[[0.750276,-0.570591,0.333934],[-0.536217,-0.820653,-0.197481],[0.386725,-0.0308959,-0.921677]]],"