{"sensorType":"Leap","data":[[0,{"currentFrameRate":105.482,"devices":[],"gestures":[],"hands":[{"armBasis":[[0.922639,0.0239659,-0.384919],[0.165889,0.876357,0.452195],[0.348163,-0.481066,0.804585]],"armWidth":58.4334,"confidence":0.589654,"direction":[-0.00262685,0.504631,-0.863331],"elbow":[62.3559,167.202,226.829],"grabStrength":0,"id":267,"palmNormal":[-0.166244,-0.851541,-0.497234],"palmPosition":[-31.5307,308.923,-16.5056],"palmVelocity":[-4.06239,72.7432,-175.402],"palmWidth":83.4409,"pinchStrength":0.698172,"r":[[0.816014,-0.187047,0.546932],[0.219159,0.975666,0.00669002],[-0.534874,0.114406,0.83715]],"s":1.00671,"sphereCenter":[-37.0786,280.726,-52.6279],"sphereRadius":43.5458,"stabilizedPalmPosition":[-50.4689,274.045,53.9063],"t":[86.3388,114.453,-197.53],"timeVisible":0.452349,"type":"right","wrist":[-23.849,286.313,27.6142]}],"id":302366,"interactionBox":{"center":[0,200,0],"size":[235.247,235.247,147.751]},"pointables":[{"bases":[[[0.544977,0.802883,0.241618],[-0.718221,0.298337,0.628613],[0.43262,-0.516114,0.739234]],[[0.446442,0.89053,0.0874403],[-0.778733,0.338535,0.528175],[0.440754,-0.303892,0.844621]],[[0.446442,0.89053,0.0874403],[-0.880462,0.45461,-0.134593],[-0.15961,-0.0168999,0.987035]],[[0.446442,0.89053,0.0874403],[-0.809088,0.443477,-0.385622],[-0.382186,0.101411,0.918504]]],"btipPosition":[-58.2493,292.277,-61.5873],"carpPosition":[-51.2662,280.014,27.6504],"dipPosition":[-66.4517,294.453,-41.8745],"direction":[0.15961,0.0168999,-0.987035],"extended":false,"handId":267,"id":2670,"length":47.7925,"mcpPosition":[-51.2662,280.014,27.6504],"pipPosition":[-71.4422,293.925,-11.013],"stabilizedTipPosition":[-80.4378,253.487,9.98357],"timeVisible":0.452349,"tipPosition":[-58.9832,291.013,-56.7743],"tipVelocity":[7.54773,143.65,-211.361],"tool":false,"touchDistance":-0.624669,"touchZone":"hovering","type":0,"width":18.5699},{"bases":[[[0.971641,-0.0554696,-0.229861],[0.13946,0.919456,0.367629],[0.190955,-0.38926,0.901118]],[[0.985682,-0.0933671,-0.140404],[0.1258,0.961669,0.243656],[0.112272,-0.25783,0.959645]],[[0.985682,-0.0933671,-0.140404],[0.113828,0.982777,0.145578],[0.124393,-0.159475,0.979333]],[[0.985682,-0.0933671,-0.140404],[0.103854,0.992175,0.0693072],[0.132834,-0.0828965,0.987666]]],"btipPosition":[-63.1625,340.436,-108.327],"carpPosition":[-41.0178,299.183,27.4577],"dipPosition":[-61.0812,339.137,-92.8519],"direction":[-0.124393,0.159475,-0.979333],"extended":true,"handId":267,"id":2671,"length":53.9285,"mcpPosition":[-53.9007,325.445,-33.3369],"pipPosition":[-58.324,335.603,-71.1449],"stabilizedTipPosition":[-78.7964,313.788,-56.3767],"timeVisible":0.452349,"tipPosition":[-62.1728,338.248,-104.99],"tipVelocity":[24.8368,96.307,-198.037],"tool":false,"touchDistance":-0.648869,"touchZone":"hovering","type":1,"width":17.738},{"bases":[[[0.9504,-0.263477,-0.165285],[0.305879,0.888072,0.34317],[0.0563672,-0.376706,0.924616]],[[0.951695,-0.275084,-0.136401],[0.103315,0.70523,-0.70141],[0.289141,0.653437,0.699584]],[[0.951695,-0.275084,-0.136401],[-0.183492,-0.153352,-0.970986],[0.246185,0.949111,-0.19642]],[[0.951695,-0.275084,-0.136401],[-0.278451,-0.586029,-0.760944],[0.129389,0.762167,-0.634318]]],"btipPosition":[-55.0861,257.543,-49.0487],"carpPosition":[-30.0498,300.209,24.9773],"dipPosition":[-52.8564,270.677,-59.9798],"direction":[-0.246185,-0.949111,0.19642],"extended":false,"handId":267,"id":2672,"length":61.4471,"mcpPosition":[-33.6561,324.31,-34.1793],"pipPosition":[-46.4366,295.428,-65.1019],"stabilizedTipPosition":[-90.0044,212.591,56.496],"timeVisible":0.452349,"tipPosition":[-54.5259,260.263,-50.4238],"tipVelocity":[136.194,21.7857,-213.034],"tool":false,"touchDistance":0.333333,"touchZone":"none","type":2,"width":17.4211},{"bases":[[[0.922556,-0.382232,-0.0528143],[0.37464,0.854518,0.359785],[-0.0923905,-0.351708,0.931539]],[[0.924433,-0.374059,-0.0741806],[0.192331,0.625304,-0.756309],[0.32929,0.68489,0.649995]],[[0.924433,-0.374059,-0.0741806],[-0.167224,-0.222808,-0.960413],[0.342724,0.900242,-0.268522]],[[0.924433,-0.374059,-0.0741806],[-0.30472,-0.607619,-0.733447],[0.229279,0.700627,-0.675687]]],"btipPosition":[-40.0047,255.539,-39.0318],"carpPosition":[-19.1851,298.272,22.712],"dipPosition":[-36.0763,267.544,-50.609],"direction":[-0.342724,-0.900242,0.268522],"extended":false,"handId":267,"id":2673,"length":59.0831,"mcpPosition":[-13.878,318.475,-30.7983],"pipPosition":[-27.3698,290.413,-57.4304],"stabilizedTipPosition":[-72.0302,211.746,58.5072],"timeVisible":0.452349,"tipPosition":[-39.0341,258.41,-41.802],"tipVelocity":[131.876,37.9245,-128.835],"tool":false,"touchDistance":0.333333,"touchZone":"none","type":3,"width":16.5772},{"bases":[[[0.830994,-0.556271,-0.00335972],[0.503926,0.750212,0.428067],[-0.235601,-0.357414,0.903741]],[[0.847465,-0.525211,-0.0771843],[0.291019,0.581255,-0.759902],[0.443972,0.621528,0.645439]],[[0.847465,-0.525211,-0.0771843],[-0.209311,-0.196981,-0.957803],[0.487845,0.82786,-0.276867]],[[0.847465,-0.525211,-0.0771843],[-0.40154,-0.539111,-0.740354],[0.347231,0.658417,-0.667771]]],"btipPosition":[-25.6797,263.399,-33.2459],"carpPosition":[-9.57297,289.803,20.2175],"dipPosition":[-20.1911,273.806,-43.8012],"direction":[-0.487845,-0.82786,0.276867],"extended":false,"handId":267,"id":2674,"length":46.32,"mcpPosition":[2.95494,308.808,-27.8383],"pipPosition":[-11.4411,288.655,-48.7671],"stabilizedTipPosition":[-52.2624,227.08,41.3953],"timeVisible":0.452349,"tipPosition":[-24.3378,265.696,-35.1724],"tipVelocity":[108.261,77.3021,-132.36],"tool":false,"touchDistance":0.333333,"touchZone":"none","type":4,"width":14.7252}],"r":[[0.816014,-0.187047,0.546932],[0.219159,0.975666,0.00669002],[-0.534874,0.114406,0.83715]],"s":1.00671,"t":[86.3388,114.453,-197.53],"timestamp":3116787826},false],[1,{"currentFrameRate":105.836,"devices":[],"gestures":[],"hands":[{"armBasis":[[0.925969,0.0336214,-0.376099],[0.153734,0.876172,0.456824],[0.344887,-0.480824,0.80614]],"armWidth":58.4334,"confidence":0.597938,"direction":[-0.00230801,0.505289,-0.862947],"elbow":[61.4748,167.663,226.388],"grabStrength":0,"id":267,"palmNormal":[-0.154024,-0.852831,-0.498954],"palmPosition":[-31.5502,309.279,-17.363],"palmVelocity":[-3.56591,64.0663,-154.429],"palmWidth":83.4409,"pinchStrength":0.672426,"r":[[0.813432,-0.174717,0.554799],[0.204737,0.978784,0.00805713],[-0.544436,0.107034,0.831946]],"s":1.02093,"sphereCenter":[-37.1204,281.37,-53.4805],"sphereRadius":43.6001,"stabilizedPalmPosition":[-50.3308,274.302,53.3861],"t":[86.2794,114.982,-198.763],"timeVisible":0.461143,"type":"right","wrist":[-23.9188,286.715,26.7888]}],"id":302367,"interactionBox":{"center":[0,200,0],"size":[235.247,235.247,147.751]},"pointables":[{"bases":[[[0.534907,0.808373,0.24578],[-0.725406,0.290243,0.624135],[0.433198,-0.512145,0.741652]],[[0.440484,0.892515,0.0969074],[-0.782584,0.328834,0.528612],[0.439927,-0.308683,0.843314]],[[0.440484,0.892515,0.0969074],[-0.883306,0.450152,-0.130893],[-0.160447,-0.0279425,0.986649]],[[0.440484,0.892515,0.0969074],[-0.816687,0.443191,-0.3696],[-0.372822,0.0836601,0.924124]]],"btipPosition":[-58.3879,293.336,-62.6452],"carpPosition":[-51.2679,280.128,26.6412],"dipPosition":[-66.3894,295.132,-42.8118],"direction":[0.160447,0.0279425,-0.986649],"extended":false,"handId":267,"id":2670,"length":47.7925,"mcpPosition":[-51.2679,280.128,26.6412],"pipPosition":[-71.406,294.258,-11.9624],"stabilizedTipPosition":[-79.9041,254.55,8.18627],"timeVisible":0.461143,"tipPosition":[-59.0841,292.027,-57.839],"tipVelocity":[2.68737,134.723,-185.995],"tool":false,"touchDistance":-0.605988,"touchZone":"hovering","type":0,"width":18.5699},{"bases":[[[0.97365,-0.0450532,-0.223553],[0.127373,0.920568,0.369229],[0.189161,-0.387974,0.90205]],[[0.98713,-0.0813614,-0.137678],[0.114664,0.960202,0.254685],[0.111477,-0.267194,0.957173]],[[0.98713,-0.0813614,-0.137678],[0.102936,0.982115,0.15765],[0.122389,-0.169793,0.97785]],[[0.98713,-0.0813614,-0.137678],[0.0932031,0.992276,0.0818615],[0.129954,-0.0936399,0.987088]]],"btipPosition":[-63.1235,341.336,-109.178],"carpPosition":[-41.2208,299.404,26.53],"dipPosition":[-61.0874,339.869,-93.7123],"direction":[-0.122389,0.169793,-0.97785],"extended":true,"handId":267,"id":2671,"length":53.9285,"mcpPosition":[-53.9826,325.579,-34.3275],"pipPosition":[-58.3746,336.105,-72.0382],"stabilizedTipPosition":[-78.5017,314.285,-57.2757],"timeVisible":0.461143,"tipPosition":[-62.1292,339.107,-105.862],"tipVelocity":[19.0238,96.7425,-170.847],"tool":false,"touchDistance":-0.625117,"touchZone":"hovering","type":1,"width":17.738},{"bases":[[[0.954179,-0.253326,-0.159274],[0.294268,0.890957,0.345834],[0.0542979,-0.376857,0.924679]],[[0.955404,-0.264892,-0.130518],[0.100106,0.706339,-0.70076],[0.277816,0.656443,0.701356]],[[0.955404,-0.264892,-0.130518],[-0.175899,-0.155476,-0.972053],[0.237197,0.951661,-0.195137]],[[0.955404,-0.264892,-0.130518],[-0.267487,-0.58904,-0.76255],[0.125114,0.763456,-0.633626]]],"btipPosition":[-54.3435,257.669,-50.0317],"carpPosition":[-30.2482,300.547,24.122],"dipPosition":[-52.1874,270.826,-60.9509],"direction":[-0.237197,-0.951661,0.195137],"extended":false,"handId":267,"id":2672,"length":61.4471,"mcpPosition":[-33.7222,324.658,-35.0386],"pipPosition":[-46.002,295.642,-66.0395],"stabilizedTipPosition":[-89.5823,213.153,55.223],"timeVisible":0.461143,"tipPosition":[-53.8081,260.411,-51.4701],"tipVelocity":[121.742,19.9367,-185.689],"tool":false,"touchDistance":0.333333,"touchZone":"none","type":2,"width":17.4211},{"bases":[[[0.926853,-0.372461,-0.0470781],[0.363269,0.858114,0.362871],[-0.0947568,-0.35343,0.930649]],[[0.928816,-0.364092,-0.0688329],[0.182973,0.6122,-0.769242],[0.322214,0.701889,0.63524]],[[0.928816,-0.364092,-0.0688329],[-0.166803,-0.244962,-0.955076],[0.330874,0.898571,-0.288256]],[[0.928816,-0.364092,-0.0688329],[-0.297762,-0.62283,-0.723478],[0.220541,0.692474,-0.686907]]],"btipPosition":[-39.2923,255.578,-38.4683],"carpPosition":[-19.3493,298.726,21.9263],"dipPosition":[-35.5135,267.443,-50.2377],"direction":[-0.330874,-0.898571,0.288256],"extended":false,"handId":267,"id":2673,"length":59.0831,"mcpPosition":[-13.9061,319.028,-31.533],"pipPosition":[-27.1081,290.27,-57.5605],"stabilizedTipPosition":[-70.8224,213.419,54.9249],"timeVisible":0.461143,"tipPosition":[-38.3543,258.525,-41.7378],"tipVelocity":[117.128,27.9224,-78.2502],"tool":false,"touchDistance":0.333333,"touchZone":"none","type":3,"width":16.5772},{"bases":[[[0.836808,-0.547494,0.00164555],[0.493198,0.755118,0.431917],[-0.237714,-0.36062,0.901912]],[[0.853003,-0.51722,-0.0697751],[0.284388,0.572733,-0.768831],[0.437617,0.635972,0.635634]],[[0.853003,-0.51722,-0.0697751],[-0.208175,-0.214589,-0.954261],[0.47859,0.828513,-0.290718]],[[0.853003,-0.51722,-0.0697751],[-0.395128,-0.552657,-0.733787],[0.340968,0.653493,-0.675787]]],"btipPosition":[-25.1557,263.725,-33.1849],"carpPosition":[-9.6324,290.361,19.4882],"dipPosition":[-19.7661,274.054,-43.8669],"direction":[-0.47859,-0.828513,0.290718],"extended":false,"handId":267,"id":2674,"length":46.32,"mcpPosition":[3.00791,309.537,-28.4704],"pipPosition":[-11.1821,288.915,-49.0812],"stabilizedTipPosition":[-51.3707,228.308,38.9717],"timeVisible":0.461143,"tipPosition":[-23.8243,266.084,-35.5057],"tipVelocity":[94.4601,65.9301,-95.7491],"tool":false,"touchDistance":0.333333,"touchZone":"none","type":4,"width":14.7252}],"r":[[0.813432,-0.174717,0.554799],[0.204737,0.978784,0.00805713],[-0.544436,0.107034,0.831946]],"s":1.02093,"t":[86.2794,114.982,-198.763],"timestamp":3116796620},false],[2,{"currentFrameRate":105.892,"devices":[],"gestures":[],"hands":[{"armBasis":[[0.927088,0.040116,-0.372692],[0.146614,0.876241,0.459027],[0.344982,-0.4802,0.806471]],"armWidth":58.4334,"confidence":0.606117,"direction":[-0.00227013,0.504685,-0.8633],"elbow":[61.4471,168.113,225.909],"grabStrength":0,"id":267,"palmNormal":[-0.146871,-0.854109,-0.498926],"palmPosition":[-31.5789,309.497,-17.968],"palmVelocity":[-3.42667,52.5227,-129.029],"palmWidth":83.4409,"pinchStrength":0.639827,"r":[[0.810974,-0.163788,0.56169],[0.19193,0.981367,0.00905419],[-0.552706,0.100462,0.827299]],"s":1.03545,"sphereCenter":[-37.2822,281.77,-54.0709],"sphereRadius":43.7117,"stabilizedPalmPosition":[-50.2041,274.54,52.904],"t":[86.2353,115.356,-199.683],"timeVisible":0.470483,"type":"right","wrist":[-23.9702,287.01,26.2273]}],"id":302368,"interactionBox":{"center":[0,200,0],"size":[235.247,235.247,147.751]},"pointables":[{"bases":[[[0.528955,0.811853,0.247187],[-0.729496,0.28614,0.621257],[0.433639,-0.508939,0.743598]],[[0.438924,0.892444,0.104351],[-0.78296,0.322906,0.531701],[0.440818,-0.315079,0.840479]],[[0.438924,0.892444,0.104351],[-0.884908,0.449489,-0.122056],[-0.155833,-0.0387681,0.987022]],[[0.438924,0.892444,0.104351],[-0.827279,0.446708,-0.340678],[-0.350651,0.0632041,0.934371]]],"btipPosition":[-59.0578,294.532,-63.4047],"carpPosition":[-51.2769,280.253,25.9835],"dipPosition":[-66.5834,295.888,-43.3514],"direction":[0.155833,0.0387681,-0.987022],"extended":false,"handId":267,"id":2670,"length":47.7925,"mcpPosition":[-51.2769,280.253,25.9835],"pipPosition":[-71.4558,294.676,-12.4904],"stabilizedTipPosition":[-79.2896,255.846,6.03292],"timeVisible":0.470483,"tipPosition":[-59.5712,293.098,-58.5527],"tipVelocity":[-15.0761,129.753,-154.803],"tool":false,"touchDistance":-0.584357,"touchZone":"hovering","type":0,"width":18.5699},{"bases":[[[0.97473,-0.0391395,-0.219932],[0.120277,0.921592,0.369056],[0.188243,-0.386183,0.90301]],[[0.98775,-0.0738676,-0.137454],[0.108355,0.95855,0.263517],[0.112291,-0.275182,0.954812]],[[0.98775,-0.0738676,-0.137454],[0.0965697,0.981282,0.166614],[0.122574,-0.177846,0.976395]],[[0.98775,-0.0738676,-0.137454],[0.0868025,0.992096,0.0906154],[0.129674,-0.101437,0.986355]]],"btipPosition":[-63.2223,342.018,-109.74],"carpPosition":[-41.3497,299.591,25.8959],"dipPosition":[-61.1906,340.429,-94.2859],"direction":[-0.122574,0.177846,-0.976395],"extended":true,"handId":267,"id":2671,"length":53.9285,"mcpPosition":[-54.0497,325.645,-35.0264],"pipPosition":[-58.4737,336.487,-72.644],"stabilizedTipPosition":[-78.1829,314.839,-58.2658],"timeVisible":0.470483,"tipPosition":[-62.2216,339.773,-106.443],"tipVelocity":[10.607,89.1635,-139.572],"tool":false,"touchDistance":-0.599409,"touchZone":"hovering","type":1,"width":17.738},{"bases":[[[0.956319,-0.247486,-0.155581],[0.287439,0.893005,0.346296],[0.0532315,-0.37589,0.925134]],[[0.957506,-0.258979,-0.126931],[0.0979682,0.70599,-0.701413],[0.271263,0.659172,0.701362]],[[0.957506,-0.258979,-0.126931],[-0.17168,-0.158162,-0.972374],[0.231748,0.952846,-0.195902]],[[0.957506,-0.258979,-0.126931],[-0.261175,-0.5919,-0.762523],[0.122347,0.763272,-0.634387]]],"btipPosition":[-53.9233,257.713,-50.6225],"carpPosition":[-30.3757,300.801,23.5275],"dipPosition":[-51.8149,270.866,-61.5548],"direction":[-0.231748,-0.952846,0.195902],"extended":false,"handId":267,"id":2672,"length":61.4471,"mcpPosition":[-33.7814,324.85,-35.6622],"pipPosition":[-45.7716,295.714,-66.6633],"stabilizedTipPosition":[-89.0784,213.816,53.7124],"timeVisible":0.470483,"tipPosition":[-53.4043,260.471,-52.1254],"tipVelocity":[99.664,15.594,-151.09],"tool":false,"touchDistance":0.333333,"touchZone":"none","type":2,"width":17.4211},{"bases":[[[0.929321,-0.366713,-0.0434042],[0.35658,0.860603,0.363611],[-0.0959871,-0.353388,0.930539]],[[0.931336,-0.358231,-0.0654557],[0.176409,0.601059,-0.779492],[0.318581,0.714422,0.622983]],[[0.931336,-0.358231,-0.0654557],[-0.167611,-0.262108,-0.950371],[0.323296,0.896086,-0.304154]],[[0.931336,-0.358231,-0.0654557],[-0.294224,-0.6343,-0.71491],[0.214585,0.68508,-0.696146]]],"btipPosition":[-38.8864,255.573,-37.9507],"carpPosition":[-19.4575,299.047,21.3733],"dipPosition":[-35.2098,267.311,-49.8783],"direction":[-0.323296,-0.896086,0.304154],"extended":false,"handId":267,"id":2673,"length":59.0831,"mcpPosition":[-13.9437,319.346,-32.0797],"pipPosition":[-26.9969,290.074,-57.605],"stabilizedTipPosition":[-68.8874,216.067,49.2806],"timeVisible":0.470483,"tipPosition":[-37.9774,258.535,-41.516],"tipVelocity":[95.5418,18.956,-41.4811],"tool":false,"touchDistance":0.333333,"touchZone":"none","type":3,"width":16.5772},{"bases":[[[0.840188,-0.542271,0.00510898],[0.486892,0.758465,0.433206],[-0.23879,-0.361487,0.90128]],[[0.855762,-0.513561,-0.062662],[0.278979,0.560052,-0.780072],[0.435709,0.650075,0.622544]],[[0.855762,-0.513561,-0.062662],[-0.209899,-0.23393,-0.949326],[0.472878,0.82555,-0.307984]],[[0.855762,-0.513561,-0.062662],[-0.392724,-0.565961,-0.724884],[0.336808,0.644937,-0.686015]]],"btipPosition":[-24.9158,263.882,-32.7669],"carpPosition":[-9.67986,290.74,18.9768],"dipPosition":[-19.592,274.076,-43.6105],"direction":[-0.472878,-0.82555,0.307984],"extended":false,"handId":267,"id":2674,"length":46.32,"mcpPosition":[3.01766,309.962,-28.9482],"pipPosition":[-11.1104,288.883,-49.1346],"stabilizedTipPosition":[-50.054,230.112,35.4406],"timeVisible":0.470483,"tipPosition":[-23.5806,266.276,-35.4559],"tipVelocity":[74.5144,51.0596,-57.0681],"tool":false,"touchDistance":0.333333,"touchZone":"none","type":4,"width":14.7252}],"r":[[0.810974,-0.163788,0.56169],[0.19193,0.981367,0.00905419],[-0.552706,0.100462,0.827299]],"s":1.03545,"t":[86.2353,115.356,-199.683],"timestamp":3116805960},false],[3,{"currentFrameRate":106.375,"devices":[],"gestures":[],"hands":[{"armBasis":[[0.929525,0.0436841,-0.366161],[0.140269,0.876431,0.460644],[0.341038,-0.479541,0.808538]],"armWidth":58.4334,"confidence":0.611722,"direction":[-0.00175921,0.505818,-0.862639],"elbow":[60.3251,168.697,225.301],"grabStrength":0,"id":267,"palmNormal":[-0.140496,-0.854209,-0.500588],"palmPosition":[-31.6803,309.936,-19.0855],"palmVelocity":[-5.64726,52.264,-129.623],"palmWidth":83.4409,"pinchStrength":0.623522,"r":[[0.80861,-0.154355,0.567736],[0.180604,0.983503,0.0101649],[-0.55994,0.094316,0.823148]],"s":1.04942,"sphereCenter":[-37.6023,282.52,-55.1651],"sphereRadius":43.7597,"stabilizedPalmPosition":[-50.1032,274.733,52.512],"t":[86.1626,115.762,-200.701],"timeVisible":0.478994,"type":"right","wrist":[-24.1156,287.431,25.108]}],"id":302369,"interactionBox":{"center":[0,200,0],"size":[235.247,235.247,147.751]},"pointables":[{"bases":[[[0.523726,0.814313,0.250209],[-0.733292,0.281442,0.61893],[0.433583,-0.507626,0.744527]],[[0.436074,0.893096,0.110537],[-0.785209,0.317603,0.531577],[0.439643,-0.318601,0.839766]],[[0.436074,0.893096,0.110537],[-0.886254,0.447522,-0.119491],[-0.156185,-0.0458568,0.986663]],[[0.436074,0.893096,0.110537],[-0.833031,0.447076,-0.325856],[-0.34044,0.0500168,0.938935]]],"btipPosition":[-59.3203,295.474,-64.688],"carpPosition":[-51.385,280.529,24.7544],"dipPosition":[-66.6268,296.547,-44.5366],"direction":[0.156185,0.0458568,-0.986663],"extended":false,"handId":267,"id":2670,"length":47.7925,"mcpPosition":[-51.385,280.529,24.7544],"pipPosition":[-71.5102,295.113,-13.6868],"stabilizedTipPosition":[-78.7033,257.124,3.91438],"timeVisible":0.478994,"tipPosition":[-59.811,294.024,-59.8254],"tipVelocity":[-17.6529,122.755,-153.055],"tool":false,"touchDistance":-0.573165,"touchZone":"hovering","type":0,"width":18.5699},{"bases":[[[0.975729,-0.0336812,-0.216377],[0.114025,0.921723,0.37071],[0.186953,-0.386384,0.903192]],[[0.988313,-0.06724,-0.136808],[0.102936,0.95632,0.273598],[0.112435,-0.284483,0.952065]],[[0.988313,-0.06724,-0.136808],[0.0911366,0.980036,0.176699],[0.122196,-0.187102,0.974711]],[[0.988313,-0.06724,-0.136808],[0.0813611,0.991616,0.100388],[0.128911,-0.110346,0.985498]]],"btipPosition":[-63.3312,343.071,-110.76],"carpPosition":[-41.5602,299.919,24.7289],"dipPosition":[-61.3114,341.342,-95.3195],"direction":[-0.122196,0.187102,-0.974711],"extended":true,"handId":267,"id":2671,"length":53.9285,"mcpPosition":[-54.1732,325.987,-36.2056],"pipPosition":[-58.6029,337.195,-73.715],"stabilizedTipPosition":[-77.8725,315.403,-59.2578],"timeVisible":0.478994,"tipPosition":[-62.3328,340.803,-107.485],"tipVelocity":[4.39625,97.2325,-134.51],"tool":false,"touchDistance":-0.583152,"touchZone":"hovering","type":1,"width":17.738},{"bases":[[[0.958185,-0.242208,-0.152368],[0.281419,0.894052,0.348531],[0.0518082,-0.376837,0.92483]],[[0.959326,-0.253694,-0.123826],[0.096549,0.707032,-0.70056],[0.265277,0.66011,0.702768]],[[0.959326,-0.253694,-0.123826],[-0.167523,-0.158547,-0.973036],[0.227221,0.954202,-0.194598]],[[0.959326,-0.253694,-0.123826],[-0.255358,-0.59283,-0.76377],[0.120356,0.764325,-0.6335]]],"btipPosition":[-53.6237,258.068,-51.8392],"carpPosition":[-30.5841,301.191,22.4027],"dipPosition":[-51.5496,271.24,-62.7562],"direction":[-0.227221,-0.954202,0.194598],"extended":false,"handId":267,"id":2672,"length":61.4471,"mcpPosition":[-33.8988,325.301,-36.7675],"pipPosition":[-45.6244,296.123,-67.8308],"stabilizedTipPosition":[-88.6329,214.403,52.3725],"timeVisible":0.478994,"tipPosition":[-53.1174,260.842,-53.3898],"tipVelocity":[82.5431,22.5713,-148.854],"tool":false,"touchDistance":0.333333,"touchZone":"none","type":2,"width":17.4211},{"bases":[[[0.931406,-0.361726,-0.0404485],[0.350666,0.861995,0.366058],[-0.0975465,-0.355133,0.929712]],[[0.933489,-0.353052,-0.0628707],[0.167748,0.584858,-0.7936],[0.316952,0.730271,0.605183]],[[0.933489,-0.353052,-0.0628707],[-0.171419,-0.285317,-0.942979],[0.314982,0.891038,-0.32686]],[[0.933489,-0.353052,-0.0628707],[-0.292695,-0.648822,-0.702395],[0.20719,0.67408,-0.709005]]],"btipPosition":[-38.5836,255.791,-37.4634],"carpPosition":[-19.6489,299.497,20.2866],"dipPosition":[-35.0337,267.34,-49.6114],"direction":[-0.314982,-0.891038,0.32686],"extended":false,"handId":267,"id":2673,"length":59.0831,"mcpPosition":[-14.0456,319.897,-33.1188],"pipPosition":[-27.032,289.976,-57.9148],"stabilizedTipPosition":[-66.4433,219.395,42.2486],"timeVisible":0.478994,"tipPosition":[-37.7054,258.781,-41.4507],"tipVelocity":[78.9452,19.3671,-17.189],"tool":false,"touchDistance":0.333333,"touchZone":"none","type":3,"width":16.5772},{"bases":[[[0.843027,-0.537819,0.00750371],[0.48126,0.760455,0.436001],[-0.240196,-0.363949,0.899915]],[[0.858055,-0.510393,-0.0569187],[0.273403,0.54781,-0.790668],[0.434732,0.662875,0.609594]],[[0.858055,-0.510393,-0.0569187],[-0.212594,-0.252125,-0.944054],[0.467488,0.822151,-0.324843]],[[0.858055,-0.510393,-0.0569187],[-0.391301,-0.57798,-0.716116],[0.332603,0.63674,-0.695656]]],"btipPosition":[-24.785,264.294,-32.881],"carpPosition":[-9.8186,291.246,17.9154],"dipPosition":[-19.5277,274.358,-43.877],"direction":[-0.467488,-0.822151,0.324843],"extended":false,"handId":267,"id":2674,"length":46.32,"mcpPosition":[2.95366,310.599,-29.937],"pipPosition":[-11.1428,289.105,-49.7034],"stabilizedTipPosition":[-48.5662,232.163,31.4594],"timeVisible":0.478994,"tipPosition":[-23.4486,266.715,-35.9083],"tipVelocity":[58.5585,49.4496,-46.7153],"tool":false,"touchDistance":0.333333,"touchZone":"none","type":4,"width":14.7252}],"r":[[0.80861,-0.154355,0.567736],[0.180604,0.983503,0.0101649],[-0.55994,0.094316,0.823148]],"s":1.04942,"t":[86.1626,115.762,-200.701],"timestamp":3116814471},false],[4,{"currentFrameRate":106.466,"devices":[],"gestures":[],"hands":[{"armBasis":[[0.930772,0.049093,-0.362289],[0.133149,0.877371,0.460968],[0.340492,-0.477295,0.810095]],"armWidth":58.4334,"confidence":0.616191,"direction":[0.000280471,0.502169,-0.864769],"elbow":[60.0847,169.855,224.47],"grabStrength":0,"id":267,"palmNormal":[-0.133255,-0.857039,-0.497723],"palmPosition":[-31.6628,310.311,-20.438],"palmVelocity":[-3.53402,49.0193,-134.378],"palmWidth":83.4409,"pinchStrength":0.580221,"r":[[0.806135,-0.145495,0.573565],[0.17047,0.985309,0.0103492],[-0.566645,0.0894326,0.819094]],"s":1.06337,"sphereCenter":[-37.6902,282.913,-56.3816],"sphereRadius":43.8464,"stabilizedPalmPosition":[-50.0115,274.91,52.1491],"t":[86.135,116.153,-201.887],"timeVisible":0.488221,"type":"right","wrist":[-24.2208,288.033,23.8909]}],"id":302370,"interactionBox":{"center":[0,200,0],"size":[235.247,235.247,147.751]},"pointables":[{"bases":[[[0.51805,0.818122,0.249602],[-0.738133,0.280153,0.613738],[0.432185,-0.502186,0.749016]],[[0.435379,0.892727,0.11612],[-0.785555,0.313736,0.53336],[0.439714,-0.323432,0.83788]],[[0.435379,0.892727,0.11612],[-0.886952,0.447452,-0.114467],[-0.154145,-0.0531563,0.986617]],[[0.435379,0.892727,0.11612],[-0.83875,0.449104,-0.307903],[-0.327023,0.036659,0.944305]]],"btipPosition":[-59.7414,296.666,-66.0516],"carpPosition":[-51.4512,280.985,23.4183],"dipPosition":[-66.7599,297.453,-45.785],"direction":[0.154145,0.0531563,-0.986617],"extended":false,"handId":267,"id":2670,"length":47.7925,"mcpPosition":[-51.4512,280.985,23.4183],"pipPosition":[-71.5796,295.79,-14.9366],"stabilizedTipPosition":[-78.0421,258.638,1.42521],"timeVisible":0.488221,"tipPosition":[-60.1201,295.111,-61.2008],"tipVelocity":[-23.4884,122.56,-150.771],"tool":false,"touchDistance":-0.564238,"touchZone":"hovering","type":0,"width":18.5699},{"bases":[[[0.977059,-0.029421,-0.210926],[0.107137,0.923865,0.367418],[0.184057,-0.381587,0.905823]],[[0.989094,-0.0614706,-0.133847],[0.0967831,0.956265,0.276027],[0.111026,-0.285971,0.951785]],[[0.989094,-0.0614706,-0.133847],[0.0850901,0.980234,0.17861],[0.120222,-0.188052,0.974773]],[[0.989094,-0.0614706,-0.133847],[0.0754119,0.991952,0.10171],[0.126518,-0.110694,0.985769]]],"btipPosition":[-63.1675,343.34,-112.297],"carpPosition":[-41.7288,300.427,23.3641],"dipPosition":[-61.1853,341.606,-96.8522],"direction":[-0.120222,0.188052,-0.974773],"extended":true,"handId":267,"id":2671,"length":53.9285,"mcpPosition":[-54.1464,326.171,-37.7479],"pipPosition":[-58.5205,337.438,-75.2463],"stabilizedTipPosition":[-77.5558,315.978,-60.2916],"timeVisible":0.488221,"tipPosition":[-62.1665,341.122,-109.02],"tipVelocity":[7.87426,78.104,-143.47],"tool":false,"touchDistance":-0.576209,"touchZone":"hovering","type":1,"width":17.738},{"bases":[[[0.960267,-0.237767,-0.146131],[0.274793,0.896988,0.346267],[0.0487473,-0.372664,0.926685]],[[0.961305,-0.248976,-0.117917],[0.0924227,0.694692,-0.713345],[0.259522,0.674844,0.690822]],[[0.961305,-0.248976,-0.117917],[-0.165164,-0.178295,-0.970016],[0.220487,0.951957,-0.212518]],[[0.961305,-0.248976,-0.117917],[-0.249678,-0.606507,-0.754858],[0.116424,0.755089,-0.645202]]],"btipPosition":[-53.0931,257.924,-52.0714],"carpPosition":[-30.747,301.747,21.0923],"dipPosition":[-51.0867,270.936,-63.1901],"direction":[-0.220487,-0.951957,0.212518],"extended":false,"handId":267,"id":2672,"length":61.4471,"mcpPosition":[-33.8658,325.59,-38.1967],"pipPosition":[-45.3371,295.761,-68.7319],"stabilizedTipPosition":[-88.1285,215.054,50.8734],"timeVisible":0.488221,"tipPosition":[-52.6199,260.818,-54.1345],"tipVelocity":[75.0499,10.7371,-115.577],"tool":false,"touchDistance":0.333333,"touchZone":"none","type":2,"width":17.4211},{"bases":[[[0.933508,-0.356954,-0.0338536],[0.344111,0.865372,0.364306],[-0.100744,-0.351732,0.930664]],[[0.935656,-0.348415,-0.0561645],[0.16354,0.569084,-0.805852],[0.312733,0.744815,0.589447]],[[0.935656,-0.348415,-0.0561645],[-0.170424,-0.306718,-0.936419],[0.309036,0.885738,-0.346361]],[[0.935656,-0.348415,-0.0561645],[-0.28831,-0.662854,-0.691015],[0.203531,0.662745,-0.720655]]],"btipPosition":[-38.1561,255.933,-37.4221],"carpPosition":[-19.7917,300.102,19.0428],"dipPosition":[-34.6688,267.289,-49.7697],"direction":[-0.309036,-0.885738,0.346361],"extended":false,"handId":267,"id":2673,"length":59.0831,"mcpPosition":[-14.0046,320.307,-34.4173],"pipPosition":[-26.8182,289.79,-58.5686],"stabilizedTipPosition":[-63.0609,223.947,32.6545],"timeVisible":0.488221,"tipPosition":[-37.2951,258.887,-41.6255],"tipVelocity":[69.3631,16.912,-12.5108],"tool":false,"touchDistance":0.333333,"touchZone":"none","type":3,"width":16.5772},{"bases":[[[0.845799,-0.533309,0.0143628],[0.474855,0.764821,0.435387],[-0.24318,-0.361429,0.900129]],[[0.860696,-0.506811,-0.0484307],[0.272751,0.539333,-0.796697],[0.429895,0.672504,0.602435]],[[0.860696,-0.506811,-0.0484307],[-0.209111,-0.265179,-0.94125],[0.464194,0.820257,-0.334219]],[[0.860696,-0.506811,-0.0484307],[-0.386095,-0.587748,-0.710974],[0.331864,0.630631,-0.701549]]],"btipPosition":[-24.4853,264.625,-33.5544],"carpPosition":[-9.90514,291.893,16.76],"dipPosition":[-19.2396,274.593,-44.6436],"direction":[-0.464194,-0.820257,0.334219],"extended":false,"handId":267,"id":2674,"length":46.32,"mcpPosition":[3.02581,311.112,-31.1038],"pipPosition":[-10.9138,289.306,-50.6381],"stabilizedTipPosition":[-46.8307,234.548,26.8224],"timeVisible":0.488221,"tipPosition":[-23.1487,267.032,-36.7],"tipVelocity":[51.1655,44.9857,-54.7314],"tool":false,"touchDistance":0.333333,"touchZone":"none","type":4,"width":14.7252}],"r":[[0.806135,-0.145495,0.573565],[0.17047,0.985309,0.0103492],[-0.566645,0.0894326,0.819094]],"s":1.06337,"t":[86.135,116.153,-201.887],"timestamp":3116823698},false],[5,{"currentFrameRate":106.666,"devices":[],"gestures":[],"hands":[{"armBasis":[[0.934515,0.0608986,-0.350676],[0.116065,0.879256,0.461993],[0.336469,-0.47244,0.81461]],"armWidth":58.4334,"confidence":0.513736,"direction":[0.00273869,0.511068,-0.859536],"elbow":[58.483,172.026,222.199],"grabStrength":0,"id":267,"palmNormal":[-0.116082,-0.853566,-0.507888],"palmPosition":[-32.0937,311.635,-23.6752],"palmVelocity":[-15.7078,75.9294,-196.209],"palmWidth":83.4409,"pinchStrength":0.540953,"r":[[0.803182,-0.137413,0.57967],[0.159621,0.987095,0.0128261],[-0.573951,0.0822255,0.814751]],"s":1.07629,"sphereCenter":[-37.9449,284.878,-59.7704],"sphereRadius":43.7899,"stabilizedPalmPosition":[-49.9345,275.068,51.8231],"t":[85.9057,117.01,-204.098],"timeVisible":0.497228,"type":"right","wrist":[-24.8265,289.001,20.5025]}],"id":302371,"interactionBox":{"center":[0,200,0],"size":[235.247,235.247,147.751]},"pointables":[{"bases":[[[0.504036,0.822469,0.263613],[-0.748506,0.263694,0.608445],[0.430914,-0.503994,0.748534]],[[0.423567,0.896091,0.132713],[-0.794509,0.297116,0.529601],[0.43514,-0.329763,0.837801]],[[0.423567,0.896091,0.132713],[-0.890801,0.438635,-0.118631],[-0.164517,-0.0679724,0.984029]],[[0.423567,0.896091,0.132713],[-0.842548,0.44352,-0.305617],[-0.332722,0.0176324,0.94286]]],"btipPosition":[-59.585,298.431,-69.6948],"carpPosition":[-51.9507,281.589,19.6595],"dipPosition":[-66.7258,298.809,-49.4592],"direction":[0.164517,0.0679724,-0.984029],"extended":false,"handId":267,"id":2670,"length":47.7925,"mcpPosition":[-51.9507,281.589,19.6595],"pipPosition":[-71.8697,296.684,-18.6918],"stabilizedTipPosition":[-77.4389,260.069,-0.958943],"timeVisible":0.497228,"tipPosition":[-60.0676,296.857,-64.8867],"tipVelocity":[-13.121,139.862,-220.7],"tool":false,"touchDistance":-0.590903,"touchZone":"hovering","type":0,"width":18.5699},{"bases":[[[0.979595,-0.0139219,-0.200497],[0.0904597,0.921378,0.377994],[0.179471,-0.388418,0.903837]],[[0.990954,-0.045496,-0.126252],[0.0810957,0.952591,0.293249],[0.106925,-0.300834,0.947663]],[[0.990954,-0.045496,-0.126252],[0.069823,0.978208,0.195537],[0.114604,-0.202583,0.972536]],[[0.990954,-0.045496,-0.126252],[0.0605496,0.991156,0.118084],[0.119763,-0.12466,0.984945]]],"btipPosition":[-63.2336,345.661,-115.392],"carpPosition":[-42.4962,301.161,19.9106],"dipPosition":[-61.3572,343.708,-99.9598],"direction":[-0.114604,0.202583,-0.972536],"extended":true,"handId":267,"id":2671,"length":53.9285,"mcpPosition":[-54.6044,327.366,-41.0675],"pipPosition":[-58.817,339.218,-78.4035],"stabilizedTipPosition":[-77.2472,316.59,-61.3696],"timeVisible":0.497228,"tipPosition":[-62.2304,343.429,-112.142],"tipVelocity":[2.95195,125.916,-198.544],"tool":false,"touchDistance":-0.593386,"touchZone":"hovering","type":1,"width":17.738},{"bases":[[[0.964966,-0.223138,-0.138023],[0.258688,0.897009,0.358408],[0.0438335,-0.381556,0.923306]],[[0.965845,-0.234442,-0.110367],[0.0812985,0.67859,-0.730004],[0.246037,0.696098,0.674473]],[[0.965845,-0.234442,-0.110367],[-0.160198,-0.205474,-0.965462],[0.203667,0.950167,-0.236013]],[[0.965845,-0.234442,-0.110367],[-0.236417,-0.622942,-0.745688],[0.106068,0.746312,-0.657091]]],"btipPosition":[-52.3282,258.658,-53.6344],"carpPosition":[-31.5097,302.653,17.7728],"dipPosition":[-50.5003,271.519,-64.958],"direction":[-0.203667,-0.950167,0.236013],"extended":false,"handId":267,"id":2672,"length":61.4471,"mcpPosition":[-34.3141,327.065,-41.2999],"pipPosition":[-45.1893,296.297,-71.1125],"stabilizedTipPosition":[-87.6349,215.689,49.4138],"timeVisible":0.497228,"tipPosition":[-51.9153,261.811,-56.5634],"tipVelocity":[76.5091,29.1179,-132.938],"tool":false,"touchDistance":0.333333,"touchZone":"none","type":2,"width":17.4211},{"bases":[[[0.938634,-0.343836,-0.0272696],[0.328235,0.866154,0.376881],[-0.105966,-0.362704,0.92586]],[[0.940902,-0.335053,-0.0494311],[0.159815,0.567918,-0.807421],[0.298601,0.751804,0.587901]],[[0.940902,-0.335053,-0.0494311],[-0.160942,-0.313913,-0.935712],[0.297996,0.888368,-0.349285]],[[0.940902,-0.335053,-0.0494311],[-0.274238,-0.668071,-0.691719],[0.198739,0.664395,-0.720473]]],"btipPosition":[-37.6341,257.259,-40.2276],"carpPosition":[-20.5113,301.179,15.8268],"dipPosition":[-34.2289,268.643,-52.5721],"direction":[-0.297996,-0.888368,0.349285],"extended":false,"handId":267,"id":2673,"length":59.0831,"mcpPosition":[-14.4243,322.014,-37.3573],"pipPosition":[-26.6588,291.211,-61.4452],"stabilizedTipPosition":[-60.326,227.697,24.7533],"timeVisible":0.497228,"tipPosition":[-36.7894,260.238,-44.5567],"tipVelocity":[65.6514,52.9207,-94.6341],"tool":false,"touchDistance":0.333333,"touchZone":"none","type":3,"width":16.5772},{"bases":[[[0.852838,-0.52186,0.0181776],[0.459571,0.766661,0.448359],[-0.247916,-0.374023,0.893669]],[[0.867839,-0.494964,-0.0431887],[0.271958,0.545979,-0.79243],[0.415805,0.675957,0.608432]],[[0.867839,-0.494964,-0.0431887],[-0.198269,-0.2653,-0.94356],[0.45557,0.827421,-0.328374]],[[0.867839,-0.494964,-0.0431887],[-0.372186,-0.590051,-0.716462],[0.329139,0.637848,-0.696288]]],"btipPosition":[-24.1625,266.177,-36.7845],"carpPosition":[-10.4888,293.13,13.5687],"dipPosition":[-18.9599,276.26,-47.7906],"direction":[-0.45557,-0.827421,0.328374],"extended":false,"handId":267,"id":2674,"length":46.32,"mcpPosition":[2.69399,313.019,-33.9516],"pipPosition":[-10.7887,291.1,-53.6803],"stabilizedTipPosition":[-45.4205,236.554,22.9142],"timeVisible":0.497228,"tipPosition":[-22.8343,268.623,-39.9899],"tipVelocity":[46.6525,80.773,-137.648],"tool":false,"touchDistance":0.333333,"touchZone":"none","type":4,"width":14.7252}],"r":[[0.803182,-0.137413,0.57967],[0.159621,0.987095,0.0128261],[-0.573951,0.0822255,0.814751]],"s":1.07629,"t":[85.9057,117.01,-204.098],"timestamp":3116832705},false],[6,{"currentFrameRate":106.827,"devices":[],"gestures":[],"hands":[{"armBasis":[[0.937186,0.0669591,-0.342343],[0.106573,0.879519,0.463777],[0.332151,-0.47113,0.817137]],"armWidth":58.4334,"confidence":0.520289,"direction":[0.00477394,0.511131,-0.85949],"elbow":[57.0673,172.922,220.988],"grabStrength":0,"id":267,"palmNormal":[-0.106469,-0.854354,-0.508668],"palmPosition":[-32.3089,312.157,-25.5591],"palmVelocity":[-17.9235,70.8493,-199.404],"palmWidth":83.4409,"pinchStrength":0.510555,"r":[[0.800127,-0.129817,0.585614],[0.149457,0.988655,0.0149585],[-0.580912,0.0755553,0.810452]],"s":1.08725,"sphereCenter":[-38.2595,285.69,-61.5115],"sphereRadius":43.7047,"stabilizedPalmPosition":[-49.8688,275.206,51.5346],"t":[85.6835,117.699,-206.146],"timeVisible":0.506295,"type":"right","wrist":[-25.173,289.574,18.6659]}],"id":302372,"interactionBox":{"center":[0,200,0],"size":[235.247,235.247,147.751]},"pointables":[{"bases":[[[0.496265,0.826096,0.266996],[-0.754459,0.258203,0.603426],[0.429549,-0.500897,0.751392]],[[0.416423,0.898942,0.135998],[-0.800514,0.291616,0.523582],[0.43101,-0.3269,0.841051]],[[0.416423,0.898942,0.135998],[-0.892692,0.432626,-0.12624],[-0.172319,-0.0688355,0.982633]],[[0.416423,0.898942,0.135998],[-0.843363,0.43781,-0.311548],[-0.339605,0.0150397,0.940448]]],"btipPosition":[-59.2899,298.758,-71.7664],"carpPosition":[-52.2364,281.964,17.6412],"dipPosition":[-66.5785,299.08,-51.5826],"direction":[0.172319,0.0688355,-0.982633],"extended":false,"handId":267,"id":2670,"length":47.7925,"mcpPosition":[-52.2364,281.964,17.6412],"pipPosition":[-71.9663,296.928,-20.8588],"stabilizedTipPosition":[-76.9155,261.3,-3.06155],"timeVisible":0.506295,"tipPosition":[-59.8867,297.251,-66.9671],"tipVelocity":[-1.53906,110.786,-223.213],"tool":false,"touchDistance":-0.591399,"touchZone":"hovering","type":0,"width":18.5699},{"bases":[[[0.980991,-0.00678347,-0.193936],[0.0812239,0.921986,0.378607],[0.176238,-0.387163,0.905011]],[[0.991802,-0.0371683,-0.122262],[0.0725713,0.951334,0.299495],[0.10518,-0.305912,0.946232]],[[0.991802,-0.0371683,-0.122262],[0.0614718,0.977561,0.201482],[0.11203,-0.207346,0.971832]],[[0.991802,-0.0371683,-0.122262],[0.0523705,0.990952,0.12358],[0.116563,-0.12897,0.984774]]],"btipPosition":[-63.2698,346.393,-117.351],"carpPosition":[-42.9264,301.604,17.956],"dipPosition":[-61.4435,344.373,-101.922],"direction":[-0.11203,0.207346,-0.971832],"extended":true,"handId":267,"id":2671,"length":53.9285,"mcpPosition":[-54.8164,327.724,-43.1013],"pipPosition":[-58.9603,339.777,-80.3809],"stabilizedTipPosition":[-76.956,317.183,-62.4301],"timeVisible":0.506295,"tipPosition":[-62.261,344.183,-114.108],"tipVelocity":[0.683786,112.955,-203.408],"tool":false,"touchDistance":-0.591778,"touchZone":"hovering","type":1,"width":17.738},{"bases":[[[0.967465,-0.216104,-0.131565],[0.249752,0.898843,0.360147],[0.0404272,-0.381289,0.923572]],[[0.968239,-0.227317,-0.104118],[0.0727199,0.654457,-0.752594],[0.239218,0.721119,0.650201]],[[0.968239,-0.227317,-0.104118],[-0.159417,-0.240471,-0.957476],[0.192613,0.943663,-0.269072]],[[0.968239,-0.227317,-0.104118],[-0.22976,-0.644696,-0.729093],[0.0986104,0.729859,-0.676448]]],"btipPosition":[-51.8193,258.511,-53.2639],"carpPosition":[-31.9369,303.177,15.8918],"dipPosition":[-50.12,271.089,-64.9211],"direction":[-0.192613,-0.943663,0.269072],"extended":false,"handId":267,"id":2672,"length":61.4471,"mcpPosition":[-34.5234,327.571,-43.1979],"pipPosition":[-45.0972,295.697,-71.9377],"stabilizedTipPosition":[-87.0575,216.418,47.7336],"timeVisible":0.506295,"tipPosition":[-51.4528,261.784,-56.8754],"tipVelocity":[69.9762,14.621,-87.2549],"tool":false,"touchDistance":0.333333,"touchZone":"none","type":2,"width":17.4211},{"bases":[[[0.941271,-0.336998,-0.0209928],[0.319397,0.868493,0.379085],[-0.109519,-0.363527,0.925124]],[[0.943625,-0.328191,-0.0431545],[0.160112,0.566639,-0.80826],[0.289717,0.755785,0.587242]],[[0.943625,-0.328191,-0.0431545],[-0.153482,-0.318286,-0.935488],[0.293283,0.889373,-0.350714]],[[0.943625,-0.328191,-0.0431545],[-0.265341,-0.672006,-0.691377],[0.197903,0.663851,-0.721205]]],"btipPosition":[-37.336,257.731,-41.9169],"carpPosition":[-20.9153,301.783,14.0194],"dipPosition":[-33.9451,269.105,-54.2739],"direction":[-0.293283,-0.889373,0.350714],"extended":false,"handId":267,"id":2673,"length":59.0831,"mcpPosition":[-14.6242,322.665,-39.1225],"pipPosition":[-26.4946,291.699,-63.1833],"stabilizedTipPosition":[-58.2498,230.548,18.6819],"timeVisible":0.506295,"tipPosition":[-36.4937,260.687,-46.2056],"tipVelocity":[56.4968,52.6039,-120.054],"tool":false,"touchDistance":0.333333,"touchZone":"none","type":3,"width":16.5772},{"bases":[[[0.85647,-0.515644,0.023876],[0.450971,0.769953,0.451438],[-0.251165,-0.375876,0.891983]],[[0.871477,-0.489083,-0.0364169],[0.271758,0.543377,-0.794285],[0.40826,0.682305,0.606453]],[[0.871477,-0.489083,-0.0364169],[-0.192612,-0.273028,-0.942527],[0.451031,0.828404,-0.332141]],[[0.871477,-0.489083,-0.0364169],[-0.364807,-0.596822,-0.714646],[0.327787,0.636083,-0.698537]]],"btipPosition":[-23.9731,266.757,-38.268],"carpPosition":[-10.8197,293.807,11.8283],"dipPosition":[-18.7919,276.812,-49.3096],"direction":[-0.451031,-0.828404,0.332141],"extended":false,"handId":267,"id":2674,"length":46.32,"mcpPosition":[2.53587,313.794,-35.6024],"pipPosition":[-10.7022,291.67,-55.2669],"stabilizedTipPosition":[-44.2825,238.188,19.7113],"timeVisible":0.506295,"tipPosition":[-22.65,269.197,-41.5433],"tipVelocity":[39.382,75.9296,-145.07