{"sensorType":"Leap","data":[[0,{"currentFrameRate":102.128,"devices":[],"gestures":[],"hands":[{"armBasis":[[0.925743,0.226585,-0.302752],[-0.00953866,0.814344,0.580304],[0.378033,-0.534324,0.756035]],"armWidth":58.4334,"confidence":0.693544,"direction":[0.0272434,0.383783,-0.923021],"elbow":[54.3748,173.534,220.852],"grabStrength":0,"id":275,"palmNormal":[0.00354306,-0.923395,-0.383834],"palmPosition":[-44.8504,321.229,-13.7557],"palmVelocity":[-25.1189,33.1797,-126.276],"palmWidth":83.4409,"pinchStrength":0.465914,"r":[[0.79935,0.137622,0.584893],[-0.276875,0.948278,0.155269],[-0.533273,-0.286056,0.79611]],"s":1.22033,"sphereCenter":[-54.8915,298.716,-44.1684],"sphereRadius":43.1975,"stabilizedPalmPosition":[-43.1198,299.487,48.4367],"t":[21.1644,137.776,-192.49],"timeVisible":4.7724,"type":"right","wrist":[-39.2258,305.832,33.6581]}],"id":307088,"interactionBox":{"center":[0,200,0],"size":[235.247,235.247,147.751]},"pointables":[{"bases":[[[0.404393,0.897906,0.17387],[-0.816707,0.268962,0.510538],[0.411651,-0.348459,0.842092]],[[0.318631,0.947822,0.0103804],[-0.870568,0.288293,0.398746],[0.374947,-0.136089,0.917003]],[[0.318631,0.947822,0.0103804],[-0.94034,0.317456,-0.122405],[-0.119313,0.0292409,0.992426]],[[0.318631,0.947822,0.0103804],[-0.775992,0.267124,-0.571385],[-0.544344,0.174006,0.820616]]],"btipPosition":[-67.1596,297.251,-58.5589],"carpPosition":[-65.4092,295.67,32.0599],"dipPosition":[-78.8423,300.985,-40.9469],"direction":[0.119313,-0.0292409,-0.992426],"extended":false,"handId":275,"id":2750,"length":47.7925,"mcpPosition":[-65.4092,295.67,32.0599],"pipPosition":[-82.5728,301.9,-9.91692],"stabilizedTipPosition":[-76.3643,274.305,9.43161],"timeVisible":4.7724,"tipPosition":[-69.6822,297.092,-54.7261],"tipVelocity":[-20.8264,51.9964,-124.11],"tool":false,"touchDistance":-0.53414,"touchZone":"touching","type":0,"width":18.5699},{"bases":[[[0.990006,0.0573533,-0.128837],[-0.0244172,0.969481,0.243949],[0.138897,-0.238365,0.961192]],[[0.996353,0.0435557,-0.0733687],[-0.0141797,0.932459,0.360997],[0.0841368,-0.35864,0.929676]],[[0.996353,0.0435557,-0.0733687],[-0.0253196,0.972089,0.233243],[0.0814799,-0.230535,0.969647]],[[0.996353,0.0435557,-0.0733687],[-0.0342635,0.991758,0.123461],[0.0781414,-0.120497,0.989633]]],"btipPosition":[-73.5279,353.149,-108.392],"carpPosition":[-57.812,315.94,30.0813],"dipPosition":[-72.3036,351.261,-92.8859],"direction":[-0.0814799,0.230535,-0.969647],"extended":true,"handId":275,"id":2751,"length":53.9285,"mcpPosition":[-67.1828,332.022,-34.7663],"pipPosition":[-70.4976,346.151,-71.3937],"stabilizedTipPosition":[-70.9743,329.298,-45.9961],"timeVisible":4.7724,"tipPosition":[-72.3803,351.839,-105.07],"tipVelocity":[-27.6125,41.7249,-126.413],"tool":false,"touchDistance":-0.531849,"touchZone":"hovering","type":1,"width":17.738},{"bases":[[[0.989229,-0.141497,-0.0374793],[0.146362,0.959751,0.239699],[0.00205408,-0.242603,0.970123]],[[0.989033,-0.137122,-0.0548761],[0.0181804,0.481753,-0.876119],[0.146572,0.865512,0.478962]],[[0.989033,-0.137122,-0.0548761],[-0.138372,-0.730357,-0.668904],[0.0516424,0.669161,-0.741321]],[[0.989033,-0.137122,-0.0548761],[-0.142881,-0.98239,-0.120398],[-0.0374005,0.126918,-0.991208]]],"btipPosition":[-54.1788,275.851,-18.3223],"carpPosition":[-46.8665,318.223,28.5037],"dipPosition":[-54.8233,278.038,-35.4037],"direction":[-0.0516424,-0.669161,0.741321],"extended":false,"handId":275,"id":2752,"length":61.4471,"mcpPosition":[-46.998,333.745,-33.5644],"pipPosition":[-53.4766,295.488,-54.7352],"stabilizedTipPosition":[-61.3681,254.001,36.8644],"timeVisible":4.7724,"tipPosition":[-54.3699,276.313,-23.4593],"tipVelocity":[-25.1797,33.997,-107.458],"tool":false,"touchDistance":0.333333,"touchZone":"none","type":2,"width":17.4211},{"bases":[[[0.964882,-0.2476,0.0877287],[0.216655,0.938967,0.267212],[-0.148536,-0.238822,0.959636]],[[0.968204,-0.241729,0.0644032],[0.160955,0.404866,-0.900098],[0.191505,0.881845,0.430901]],[[0.968204,-0.241729,0.0644032],[-0.149034,-0.76414,-0.627597],[0.200922,0.598044,-0.77587]],[[0.968204,-0.241729,0.0644032],[-0.235167,-0.967283,-0.095188],[0.0853058,0.0770159,-0.993374]]],"btipPosition":[-41.5373,278.687,-8.49767],"carpPosition":[-35.6574,317.612,27.5516],"dipPosition":[-40.0757,280.006,-25.518],"direction":[-0.200922,-0.598044,0.77587],"extended":false,"handId":275,"id":2753,"length":59.0831,"mcpPosition":[-27.1251,331.33,-27.5728],"pipPosition":[-34.9716,295.199,-45.2279],"stabilizedTipPosition":[-45.2226,255.991,43.2733],"timeVisible":4.7724,"tipPosition":[-41.1179,278.875,-13.3862],"tipVelocity":[-26.8831,32.9011,-122.613],"tool":false,"touchDistance":0.333333,"touchZone":"none","type":3,"width":16.5772},{"bases":[[[0.892056,-0.425295,0.152841],[0.350112,0.864212,0.361329],[-0.285759,-0.268814,0.919826]],[[0.889349,-0.427786,0.161421],[0.340293,0.383482,-0.85857],[0.305382,0.818499,0.486622]],[[0.889349,-0.427786,0.161421],[-0.21837,-0.707574,-0.672052],[0.401712,0.562439,-0.722696]],[[0.889349,-0.427786,0.161421],[-0.401204,-0.899457,-0.173244],[0.219303,0.0893113,-0.971561]]],"btipPosition":[-30.1768,286.635,-9.18073],"carpPosition":[-24.7981,310.381,27.1899],"dipPosition":[-26.7103,288.047,-24.5379],"direction":[-0.401712,-0.562439,0.722696],"extended":false,"handId":275,"id":2754,"length":46.32,"mcpPosition":[-9.60301,324.675,-21.7212],"pipPosition":[-19.5052,298.135,-37.5002],"stabilizedTipPosition":[-31.3043,264.225,41.8558],"timeVisible":4.7724,"tipPosition":[-29.1932,286.834,-13.4403],"tipVelocity":[-27.7437,32.1648,-124.586],"tool":false,"touchDistance":0.333333,"touchZone":"none","type":4,"width":14.7252}],"r":[[0.79935,0.137622,0.584893],[-0.276875,0.948278,0.155269],[-0.533273,-0.286056,0.79611]],"s":1.22033,"t":[21.1644,137.776,-192.49],"timestamp":3160325733},false],[1,{"currentFrameRate":102.345,"devices":[],"gestures":[],"hands":[{"armBasis":[[0.925921,0.226979,-0.301912],[-0.00940165,0.812909,0.582316],[0.377601,-0.53634,0.754823]],"armWidth":58.4334,"confidence":0.698398,"direction":[0.0284595,0.382337,-0.923585],"elbow":[54.1169,173.099,220.118],"grabStrength":0,"id":275,"palmNormal":[0.0030122,-0.923988,-0.382411],"palmPosition":[-44.9429,321.226,-14.2179],"palmVelocity":[-20.7978,23.6825,-104.463],"palmWidth":83.4409,"pinchStrength":0.459645,"r":[[0.798454,0.137649,0.586109],[-0.27697,0.948362,0.15459],[-0.534565,-0.285767,0.795348]],"s":1.22078,"sphereCenter":[-55.1445,298.664,-44.6338],"sphereRadius":43.2123,"stabilizedPalmPosition":[-43.1206,299.497,48.41],"t":[20.9893,137.935,-193.362],"timeVisible":4.78175,"type":"right","wrist":[-39.3767,305.896,33.2247]}],"id":307089,"interactionBox":{"center":[0,200,0],"size":[235.247,235.247,147.751]},"pointables":[{"bases":[[[0.405092,0.897786,0.172862],[-0.816918,0.270527,0.509372],[0.410543,-0.347556,0.843006]],[[0.321358,0.946875,0.0125004],[-0.869557,0.289839,0.399829],[0.374965,-0.139358,0.916504]],[[0.321358,0.946875,0.0125004],[-0.939421,0.320435,-0.121696],[-0.119237,0.0273649,0.992489]],[[0.321358,0.946875,0.0125004],[-0.774997,0.270564,-0.571117],[-0.544159,0.173845,0.820773]]],"btipPosition":[-67.3259,297.55,-58.9833],"carpPosition":[-65.5683,295.757,31.618],"dipPosition":[-79.0046,301.281,-41.3679],"direction":[0.119237,-0.0273649,-0.992489],"extended":false,"handId":275,"id":2750,"length":47.7925,"mcpPosition":[-65.5683,295.757,31.618],"pipPosition":[-82.7327,302.137,-10.336],"stabilizedTipPosition":[-76.3493,274.362,9.27941],"timeVisible":4.78175,"tipPosition":[-69.8275,297.363,-55.1353],"tipVelocity":[-19.9331,46.2915,-101.742],"tool":false,"touchDistance":-0.515414,"touchZone":"touching","type":0,"width":18.5699},{"bases":[[[0.990178,0.0562089,-0.128013],[-0.0237136,0.969878,0.242436],[0.137784,-0.237019,0.961685]],[[0.996305,0.0429505,-0.0743734],[-0.0132852,0.932619,0.360618],[0.0848508,-0.358297,0.929744]],[[0.996305,0.0429505,-0.0743734],[-0.0245765,0.972335,0.232296],[0.082293,-0.22961,0.969798]],[[0.996305,0.0429505,-0.0743734],[-0.0336573,0.991961,0.121983],[0.0790148,-0.11903,0.989742]]],"btipPosition":[-73.6506,353.078,-108.899],"carpPosition":[-57.9499,316.017,29.6152],"dipPosition":[-72.4126,351.213,-93.3912],"direction":[-0.082293,0.22961,-0.969798],"extended":true,"handId":275,"id":2751,"length":53.9285,"mcpPosition":[-67.2456,332.008,-35.2656],"pipPosition":[-70.5886,346.124,-71.8956],"stabilizedTipPosition":[-70.9762,329.318,-46.0448],"timeVisible":4.78175,"tipPosition":[-72.498,351.804,-105.571],"tipVelocity":[-23.4033,27.9016,-105.908],"tool":false,"touchDistance":-0.514596,"touchZone":"hovering","type":1,"width":17.738},{"bases":[[[0.989127,-0.1425,-0.0363506],[0.14706,0.959978,0.238358],[0.000929783,-0.241113,0.970497]],[[0.988954,-0.138182,-0.0536323],[0.0194034,0.479403,-0.87738],[0.14695,0.866648,0.476789]],[[0.988954,-0.138182,-0.0536323],[-0.138448,-0.731894,-0.667205],[0.0529427,0.66726,-0.74294]],[[0.988954,-0.138182,-0.0536323],[-0.143708,-0.982495,-0.118537],[-0.0363138,0.124935,-0.9915]]],"btipPosition":[-54.3105,275.853,-18.6623],"carpPosition":[-47.0008,318.287,28.0442],"dipPosition":[-54.9363,278.006,-35.7487],"direction":[-0.0529427,-0.66726,0.74294],"extended":false,"handId":275,"id":2752,"length":61.4471,"mcpPosition":[-47.0603,333.713,-34.0478],"pipPosition":[-53.5557,295.406,-55.1225],"stabilizedTipPosition":[-61.3661,254.007,36.8473],"timeVisible":4.78175,"tipPosition":[-54.4948,276.307,-23.7798],"tipVelocity":[-21.8978,24.1853,-87.3151],"tool":false,"touchDistance":0.333333,"touchZone":"none","type":2,"width":17.4211},{"bases":[[[0.964564,-0.248387,0.0889979],[0.217308,0.939169,0.265968],[-0.149647,-0.237203,0.959865]],[[0.968151,-0.242092,0.0638383],[0.162664,0.414384,-0.895448],[0.190327,0.877312,0.440566]],[[0.968151,-0.242092,0.0638383],[-0.147236,-0.756757,-0.636899],[0.202498,0.607215,-0.7683]],[[0.968151,-0.242092,0.0638383],[-0.234852,-0.966501,-0.103539],[0.0867658,0.0852488,-0.992575]]],"btipPosition":[-41.6243,278.457,-9.56102],"carpPosition":[-35.7914,317.664,27.1034],"dipPosition":[-40.1377,279.918,-26.5676],"direction":[-0.202498,-0.607215,0.7683],"extended":false,"handId":275,"id":2753,"length":59.0831,"mcpPosition":[-27.1953,331.289,-28.0341],"pipPosition":[-34.9935,295.343,-46.0853],"stabilizedTipPosition":[-45.2214,255.998,43.255],"timeVisible":4.78175,"tipPosition":[-41.2269,278.771,-14.1011],"tipVelocity":[-21.7189,17.5964,-119.976],"tool":false,"touchDistance":0.333333,"touchZone":"none","type":3,"width":16.5772},{"bases":[[[0.891507,-0.425912,0.154316],[0.350607,0.864432,0.360323],[-0.286862,-0.267126,0.919975]],[[0.888724,-0.428446,0.163104],[0.341617,0.381658,-0.858857],[0.305724,0.819006,0.485554]],[[0.888724,-0.428446,0.163104],[-0.218365,-0.708445,-0.671135],[0.403095,0.560838,-0.72317]],[[0.888724,-0.428446,0.163104],[-0.401934,-0.899315,-0.172282],[0.220495,0.0875538,-0.971451]]],"btipPosition":[-30.3135,286.626,-9.5743],"carpPosition":[-24.9386,310.422,26.7629],"dipPosition":[-26.8282,288.01,-24.9297],"direction":[-0.403095,-0.560838,0.72317],"extended":false,"handId":275,"id":2754,"length":46.32,"mcpPosition":[-9.68494,324.626,-22.1562],"pipPosition":[-19.5982,298.07,-37.9006],"stabilizedTipPosition":[-31.3036,264.234,41.8333],"timeVisible":4.78175,"tipPosition":[-29.3247,286.819,-13.8257],"tipVelocity":[-23.8854,22.5838,-101.16],"tool":false,"touchDistance":0.333333,"touchZone":"none","type":4,"width":14.7252}],"r":[[0.798454,0.137649,0.586109],[-0.27697,0.948362,0.15459],[-0.534565,-0.285767,0.795348]],"s":1.22078,"t":[20.9893,137.935,-193.362],"timestamp":3160335089},false],[2,{"currentFrameRate":102.829,"devices":[],"gestures":[],"hands":[{"armBasis":[[0.926483,0.224662,-0.301921],[-0.00856155,0.814638,0.579907],[0.37624,-0.534689,0.756671]],"armWidth":58.4334,"confidence":0.698407,"direction":[0.0310816,0.383496,-0.92302],"elbow":[53.4819,173.455,219.232],"grabStrength":0,"id":275,"palmNormal":[0.00166863,-0.923484,-0.383632],"palmPosition":[-45.1159,321.248,-15.5522],"palmVelocity":[-20.4875,17.9799,-117.154],"palmWidth":83.4409,"pinchStrength":0.451705,"r":[[0.797573,0.137156,0.587422],[-0.276677,0.948512,0.154193],[-0.536028,-0.285507,0.794456]],"s":1.22138,"sphereCenter":[-55.5668,298.77,-46.0269],"sphereRadius":43.2632,"stabilizedPalmPosition":[-43.1212,299.504,48.3894],"t":[20.8153,138.026,-194.466],"timeVisible":4.79056,"type":"right","wrist":[-39.6747,305.843,31.8805]}],"id":307090,"interactionBox":{"center":[0,200,0],"size":[235.247,235.247,147.751]},"pointables":[{"bases":[[[0.406775,0.896643,0.174828],[-0.81728,0.271687,0.508172],[0.408151,-0.349595,0.843324]],[[0.326043,0.945163,0.0190486],[-0.868045,0.291338,0.402019],[0.374424,-0.147611,0.915433]],[[0.326043,0.945163,0.0190486],[-0.937718,0.325899,-0.120312],[-0.119922,0.0213647,0.992553]],[[0.326043,0.945163,0.0190486],[-0.773719,0.278371,-0.569095],[-0.54319,0.170811,0.822051]]],"btipPosition":[-67.6181,298.188,-60.3713],"carpPosition":[-65.8859,295.765,30.2104],"dipPosition":[-79.276,301.854,-42.7285],"direction":[0.119922,-0.0213647,-0.992553],"extended":false,"handId":275,"id":2750,"length":47.7925,"mcpPosition":[-65.8859,295.765,30.2104],"pipPosition":[-83.0256,302.522,-11.6946],"stabilizedTipPosition":[-76.3355,274.418,9.13014],"timeVisible":4.79056,"tipPosition":[-70.0795,297.931,-56.5022],"tipVelocity":[-23.3585,52.8989,-116.618],"tool":false,"touchDistance":-0.512932,"touchZone":"touching","type":0,"width":18.5699},{"bases":[[[0.990545,0.0541533,-0.12605],[-0.0219995,0.969606,0.24368],[0.135415,-0.238603,0.96163]],[[0.996381,0.0412808,-0.0743034],[-0.0115255,0.931691,0.363068],[0.0842155,-0.360898,0.928795]],[[0.996381,0.0412808,-0.0743034],[-0.0227826,0.971865,0.234434],[0.0818905,-0.231893,0.969288]],[[0.996381,0.0412808,-0.0743034],[-0.0318622,0.991801,0.123755],[0.0788029,-0.12094,0.989527]]],"btipPosition":[-73.7218,353.362,-110.209],"carpPosition":[-58.2182,316.011,28.2491],"dipPosition":[-72.4871,351.467,-94.705],"direction":[-0.0818905,0.231893,-0.969288],"extended":true,"handId":275,"id":2751,"length":53.9285,"mcpPosition":[-67.3541,332.108,-36.628],"pipPosition":[-70.672,346.327,-73.2207],"stabilizedTipPosition":[-70.9778,329.332,-46.0828],"timeVisible":4.79056,"tipPosition":[-72.5676,352.102,-106.88],"tipVelocity":[-19.299,28.8393,-117.503],"tool":false,"touchDistance":-0.511138,"touchZone":"hovering","type":1,"width":17.738},{"bases":[[[0.988872,-0.144674,-0.0346537],[0.148759,0.959329,0.239915],[-0.00146509,-0.2424,0.970175]],[[0.988743,-0.140354,-0.0518476],[0.0221969,0.480278,-0.876835],[0.147968,0.865814,0.477987]],[[0.988743,-0.140354,-0.0518476],[-0.138786,-0.730818,-0.668314],[0.0559092,0.667986,-0.74207]],[[0.988743,-0.140354,-0.0518476],[-0.145695,-0.982015,-0.120079],[-0.0340616,0.126281,-0.99141]]],"btipPosition":[-54.5787,275.901,-20.0612],"carpPosition":[-47.2611,318.258,26.702],"dipPosition":[-55.1657,278.077,-37.1461],"direction":[-0.0559092,-0.667986,0.74207],"extended":false,"handId":275,"id":2752,"length":61.4471,"mcpPosition":[-47.1673,333.767,-35.3694],"pipPosition":[-53.7077,295.496,-56.4971],"stabilizedTipPosition":[-61.3646,254.012,36.8337],"timeVisible":4.79056,"tipPosition":[-54.7507,276.363,-25.1633],"tipVelocity":[-23.9342,19.298,-106.594],"tool":false,"touchDistance":0.333333,"touchZone":"none","type":2,"width":17.4211},{"bases":[[[0.963832,-0.250672,0.0905068],[0.218907,0.938325,0.267631],[-0.152012,-0.238138,0.959261]],[[0.967547,-0.244224,0.0648623],[0.164883,0.415667,-0.894447],[0.191484,0.876114,0.442446]],[[0.967547,-0.244224,0.0648623],[-0.147799,-0.755158,-0.638664],[0.204958,0.608351,-0.766747]],[[0.967547,-0.244224,0.0648623],[-0.236689,-0.965804,-0.105832],[0.0884911,0.0870457,-0.992266]]],"btipPosition":[-41.8878,278.447,-10.9698],"carpPosition":[-36.0514,317.611,25.7817],"dipPosition":[-40.3716,279.939,-27.9711],"direction":[-0.204958,-0.608351,0.766747],"extended":false,"handId":275,"id":2753,"length":59.0831,"mcpPosition":[-27.3193,331.29,-29.3211],"pipPosition":[-35.165,295.393,-47.4493],"stabilizedTipPosition":[-45.2205,256.003,43.2416],"timeVisible":4.79056,"tipPosition":[-41.4896,278.776,-15.4763],"tipVelocity":[-23.7245,12.7671,-130.729],"tool":false,"touchDistance":0.333333,"touchZone":"none","type":3,"width":16.5772},{"bases":[[[0.890253,-0.428119,0.15545],[0.351857,0.863164,0.36214],[-0.289217,-0.2677,0.91907]],[[0.887281,-0.430805,0.164741],[0.344824,0.382381,-0.857252],[0.306315,0.81743,0.487832]],[[0.887281,-0.430805,0.164741],[-0.218094,-0.706602,-0.673163],[0.406408,0.561356,-0.720911]],[[0.887281,-0.430805,0.164741],[-0.403533,-0.898059,-0.175072],[0.223369,0.0888601,-0.970675]]],"btipPosition":[-30.5878,286.601,-10.9635],"carpPosition":[-25.2142,310.345,25.4522],"dipPosition":[-27.0571,288.006,-26.3067],"direction":[-0.406408,-0.561356,0.720911],"extended":false,"handId":275,"id":2754,"length":46.32,"mcpPosition":[-9.83527,324.58,-23.4188],"pipPosition":[-19.7677,298.074,-39.237],"stabilizedTipPosition":[-31.3031,264.241,41.8161],"timeVisible":4.79056,"tipPosition":[-29.5879,286.805,-15.1785],"tipVelocity":[-25.5257,15.8671,-116.335],"tool":false,"touchDistance":0.333333,"touchZone":"none","type":4,"width":14.7252}],"r":[[0.797573,0.137156,0.587422],[-0.276677,0.948512,0.154193],[-0.536028,-0.285507,0.794456]],"s":1.22138,"t":[20.8153,138.026,-194.466],"timestamp":3160343893},false],[3,{"currentFrameRate":103.238,"devices":[],"gestures":[],"hands":[{"armBasis":[[0.927388,0.224173,-0.299496],[-0.00878965,0.813412,0.581622],[0.373997,-0.536757,0.756319]],"armWidth":58.4334,"confidence":0.69799,"direction":[0.0332554,0.383719,-0.922851],"elbow":[52.6064,173.007,217.997],"grabStrength":0,"id":275,"palmNormal":[0.00134427,-0.923378,-0.38389],"palmPosition":[-45.3293,321.332,-16.7054],"palmVelocity":[-21.4289,15.6356,-120.485],"palmWidth":83.4409,"pinchStrength":0.447768,"r":[[0.796677,0.136548,0.588779],[-0.276286,0.948685,0.153826],[-0.537562,-0.285221,0.793522]],"s":1.22186,"sphereCenter":[-55.9845,298.898,-47.2222],"sphereRadius":43.2958,"stabilizedPalmPosition":[-43.1218,299.509,48.3725],"t":[20.6215,138.113,-195.594],"timeVisible":4.79947,"type":"right","wrist":[-39.995,305.907,30.7331]}],"id":307091,"interactionBox":{"center":[0,200,0],"size":[235.247,235.247,147.751]},"pointables":[{"bases":[[[0.407461,0.896132,0.175848],[-0.817928,0.272471,0.506709],[0.406165,-0.350295,0.843993]],[[0.328866,0.944092,0.0231902],[-0.86754,0.292315,0.402401],[0.373125,-0.152455,0.91517]],[[0.328866,0.944092,0.0231902],[-0.936517,0.329192,-0.120703],[-0.121589,0.0179771,0.992418]],[[0.328866,0.944092,0.0231902],[-0.773256,0.283291,-0.567293],[-0.542147,0.168631,0.823189]]],"btipPosition":[-67.8574,298.657,-61.5791],"carpPosition":[-66.2144,295.859,29.0108],"dipPosition":[-79.4929,302.276,-43.9119],"direction":[0.121589,-0.0179771,-0.992418],"extended":false,"handId":275,"id":2750,"length":47.7925,"mcpPosition":[-66.2144,295.859,29.0108],"pipPosition":[-83.2946,302.838,-12.8821],"stabilizedTipPosition":[-76.3223,274.475,8.97758],"timeVisible":4.79947,"tipPosition":[-70.3053,298.372,-57.686],"tipVelocity":[-24.1512,52.4843,-121.59],"tool":false,"touchDistance":-0.508004,"touchZone":"touching","type":0,"width":18.5699},{"bases":[[[0.990841,0.053065,-0.124169],[-0.0213591,0.969562,0.243913],[0.133332,-0.239026,0.961815]],[[0.996405,0.0406499,-0.0743308],[-0.0107961,0.931141,0.364499],[0.0840293,-0.362386,0.928232]],[[0.996405,0.0406499,-0.0743308],[-0.0220419,0.971541,0.235843],[0.0818024,-0.233357,0.968944]],[[0.996405,0.0406499,-0.0743308],[-0.0311256,0.991659,0.125077],[0.0787951,-0.122314,0.989359]]],"btipPosition":[-73.8737,353.589,-111.369],"carpPosition":[-58.5201,316.097,27.0696],"dipPosition":[-72.6392,351.672,-95.8672],"direction":[-0.0818024,0.233357,-0.968944],"extended":true,"handId":275,"id":2751,"length":53.9285,"mcpPosition":[-67.5154,332.223,-37.82],"pipPosition":[-70.826,346.5,-74.3905],"stabilizedTipPosition":[-70.9791,329.344,-46.1141],"timeVisible":4.79947,"tipPosition":[-72.7178,352.342,-108.037],"tipVelocity":[-18.6862,27.7788,-120.95],"tool":false,"touchDistance":-0.505759,"touchZone":"hovering","type":1,"width":17.738},{"bases":[[[0.988771,-0.145786,-0.0328318],[0.149394,0.959092,0.240466],[-0.00356783,-0.242671,0.970102]],[[0.988682,-0.141508,-0.049838],[0.0247687,0.48159,-0.876047],[0.147969,0.864897,0.479644]],[[0.988682,-0.141508,-0.049838],[-0.138168,-0.729373,-0.670019],[0.0584624,0.669321,-0.740669]],[[0.988682,-0.141508,-0.049838],[-0.14665,-0.981635,-0.122008],[-0.0316576,0.127936,-0.991277]]],"btipPosition":[-54.8486,275.97,-21.3268],"carpPosition":[-47.5575,318.332,25.5438],"dipPosition":[-55.3942,278.174,-38.4093],"direction":[-0.0584624,-0.669321,0.740669],"extended":false,"handId":275,"id":2752,"length":61.4471,"mcpPosition":[-47.3292,333.858,-36.5229],"pipPosition":[-53.8697,295.628,-57.7239],"stabilizedTipPosition":[-61.3634,254.017,36.8223],"timeVisible":4.79947,"tipPosition":[-55.0027,276.449,-26.3497],"tipVelocity":[-25.3723,16.3392,-116.216],"tool":false,"touchDistance":0.333333,"touchZone":"none","type":2,"width":17.4211},{"bases":[[[0.963375,-0.251791,0.0922513],[0.219466,0.938001,0.268308],[-0.154089,-0.238235,0.958906]],[[0.967316,-0.245013,0.0653331],[0.166775,0.420638,-0.891768],[0.191013,0.873517,0.447752]],[[0.967316,-0.245013,0.0653331],[-0.146812,-0.751213,-0.643526],[0.206751,0.612901,-0.762631]],[[0.967316,-0.245013,0.0653331],[-0.23701,-0.965197,-0.110547],[0.0901447,0.091449,-0.991721]]],"btipPosition":[-42.1185,278.43,-12.4179],"carpPosition":[-36.3468,317.672,24.6445],"dipPosition":[-40.574,279.997,-29.4099],"direction":[-0.206751,-0.612901,0.762631],"extended":false,"handId":275,"id":2753,"length":59.0831,"mcpPosition":[-27.4955,331.357,-30.4379],"pipPosition":[-35.3218,295.567,-48.7835],"stabilizedTipPosition":[-45.2199,256.007,43.2313],"timeVisible":4.79947,"tipPosition":[-41.7314,278.81,-16.7716],"tipVelocity":[-24.1131,9.28718,-139.308],"tool":false,"touchDistance":0.333333,"touchZone":"none","type":3,"width":16.5772},{"bases":[[[0.889472,-0.429172,0.157005],[0.352153,0.862662,0.363046],[-0.291252,-0.26763,0.918448]],[[0.886383,-0.431943,0.166586],[0.346864,0.381314,-0.856904],[0.306612,0.817328,0.487816]],[[0.886383,-0.431943,0.166586],[-0.217827,-0.706636,-0.673214],[0.408505,0.560438,-0.720439]],[[0.886383,-0.431943,0.166586],[-0.404352,-0.897554,-0.175775],[0.225444,0.0884445,-0.970233]]],"btipPosition":[-30.8628,286.673,-12.0642],"carpPosition":[-25.5173,310.394,24.3334],"dipPosition":[-27.2992,288.071,-27.4004],"direction":[-0.408505,-0.560438,0.720439],"extended":false,"handId":275,"id":2754,"length":46.32,"mcpPosition":[-10.0302,324.625,-24.5045],"pipPosition":[-19.9722,298.123,-40.3222],"stabilizedTipPosition":[-31.3028,264.246,41.8019],"timeVisible":4.79947,"tipPosition":[-29.8541,286.877,-16.2724],"tipVelocity":[-26.745,13.7012,-118.236],"tool":false,"touchDistance":0.333333,"touchZone":"none","type":4,"width":14.7252}],"r":[[0.796677,0.136548,0.588779],[-0.276286,0.948685,0.153826],[-0.537562,-0.285221,0.793522]],"s":1.22186,"t":[20.6215,138.113,-195.594],"timestamp":3160352806},false],[4,{"currentFrameRate":103.494,"devices":[],"gestures":[],"hands":[{"armBasis":[[0.928804,0.224057,-0.295163],[-0.0107969,0.812534,0.582814],[0.370413,-0.538133,0.757104]],"armWidth":58.4334,"confidence":0.706152,"direction":[0.0338442,0.384219,-0.922621],"elbow":[51.5931,172.789,217.347],"grabStrength":0,"id":275,"palmNormal":[0.00323545,-0.923187,-0.384337],"palmPosition":[-45.4184,321.469,-17.5485],"palmVelocity":[-18.1562,15.4529,-112.493],"palmWidth":83.4409,"pinchStrength":0.443428,"r":[[0.795766,0.136247,0.590079],[-0.2763,0.948725,0.153554],[-0.538902,-0.285232,0.792608]],"s":1.22231,"sphereCenter":[-56.3019,299.094,-48.0936],"sphereRadius":43.3364,"stabilizedPalmPosition":[-43.1223,299.514,48.3585],"t":[20.4801,138.226,-196.58],"timeVisible":4.80865,"type":"right","wrist":[-40.1209,306.03,29.8892]}],"id":307092,"interactionBox":{"center":[0,200,0],"size":[235.247,235.247,147.751]},"pointables":[{"bases":[[[0.405875,0.896664,0.176801],[-0.818984,0.270981,0.505801],[0.405624,-0.350089,0.844338]],[[0.328891,0.943988,0.026797],[-0.867672,0.290858,0.403171],[0.372794,-0.15585,0.914732]],[[0.328891,0.943988,0.026797],[-0.936419,0.329666,-0.120164],[-0.122268,0.0144278,0.992392]],[[0.328891,0.943988,0.026797],[-0.773607,0.285587,-0.56566],[-0.541629,0.16531,0.824203]]],"btipPosition":[-67.9405,299.078,-62.4621],"carpPosition":[-66.3228,295.943,28.1286],"dipPosition":[-79.5649,302.626,-44.7732],"direction":[0.122268,-0.0144278,-0.992392],"extended":false,"handId":275,"id":2750,"length":47.7925,"mcpPosition":[-66.3228,295.943,28.1286],"pipPosition":[-83.3878,303.077,-13.7443],"stabilizedTipPosition":[-76.309,274.534,8.82129],"timeVisible":4.80865,"tipPosition":[-70.3726,298.769,-58.5508],"tipVelocity":[-19.8589,50.1443,-114.351],"tool":false,"touchDistance":-0.498708,"touchZone":"touching","type":0,"width":18.5699},{"bases":[[[0.990916,0.054631,-0.122883],[-0.0231427,0.969409,0.244356],[0.132474,-0.239293,0.961868]],[[0.996256,0.0427265,-0.0751503],[-0.0122496,0.930321,0.366541],[0.0855749,-0.364249,0.927362]],[[0.996256,0.0427265,-0.0751503],[-0.0237088,0.971031,0.237774],[0.0831325,-0.235102,0.968409]],[[0.996256,0.0427265,-0.0751503],[-0.0329515,0.991379,0.126814],[0.0799207,-0.123863,0.989076]]],"btipPosition":[-74.0605,353.839,-112.184],"carpPosition":[-58.6568,316.193,26.2071],"dipPosition":[-72.8083,351.899,-96.6871],"direction":[-0.0831325,0.235102,-0.968409],"extended":true,"handId":275,"id":2751,"length":53.9285,"mcpPosition":[-67.5942,332.337,-38.6861],"pipPosition":[-70.9657,346.688,-75.2222],"stabilizedTipPosition":[-70.9803,329.355,-46.141],"timeVisible":4.80865,"tipPosition":[-72.8959,352.601,-108.854],"tipVelocity":[-19.0278,27.4704,-112.017],"tool":false,"touchDistance":-0.495764,"touchZone":"hovering","type":1,"width":17.738},{"bases":[[[0.989033,-0.144267,-0.031646],[0.147631,0.9592,0.241122],[-0.00443105,-0.243149,0.969979]],[[0.98896,-0.140009,-0.0485383],[0.0253065,0.482316,-0.875632],[0.146008,0.864736,0.480534]],[[0.98896,-0.140009,-0.0485383],[-0.136126,-0.728942,-0.670904],[0.0585514,0.670105,-0.739954]],[[0.98896,-0.140009,-0.0485383],[-0.145029,-0.981739,-0.123107],[-0.0304158,0.128787,-0.991206]]],"btipPosition":[-54.8686,276.086,-22.2256],"carpPosition":[-47.6957,318.446,24.6963],"dipPosition":[-55.3928,278.305,-39.3069],"direction":[-0.0585513,-0.670105,0.739954],"extended":false,"handId":275,"id":2752,"length":61.4471,"mcpPosition":[-47.4122,334.002,-37.3625],"pipPosition":[-53.8659,295.78,-58.6028],"stabilizedTipPosition":[-61.3625,254.02,36.8131],"timeVisible":4.80865,"tipPosition":[-55.0137,276.572,-27.2148],"tipVelocity":[-18.7466,15.4123,-111.101],"tool":false,"touchDistance":0.333333,"touchZone":"none","type":2,"width":17.4211},{"bases":[[[0.963639,-0.250371,0.0933532],[0.217699,0.938202,0.269042],[-0.154945,-0.238937,0.958593]],[[0.967706,-0.243378,0.0656736],[0.166784,0.422796,-0.890745],[0.189021,0.872932,0.449733]],[[0.967706,-0.243378,0.0656736],[-0.144818,-0.749979,-0.645415],[0.206333,0.615061,-0.761004]],[[0.967706,-0.243378,0.0656736],[-0.235156,-0.965409,-0.112633],[0.0908143,0.0935523,-0.991464]]],"btipPosition":[-42.1247,278.534,-13.3605],"carpPosition":[-36.4829,317.803,23.8109],"dipPosition":[-40.5687,280.137,-30.3481],"direction":[-0.206333,-0.615061,0.761004],"extended":false,"handId":275,"id":2753,"length":59.0831,"mcpPosition":[-27.5824,331.528,-31.2536],"pipPosition":[-35.3271,295.762,-49.6804],"stabilizedTipPosition":[-45.2195,256.01,43.2234],"timeVisible":4.80865,"tipPosition":[-41.7444,278.934,-17.661],"tipVelocity":[-17.4881,10.1208,-129.053],"tool":false,"touchDistance":0.333333,"touchZone":"none","type":3,"width":16.5772},{"bases":[[[0.889923,-0.427896,0.157927],[0.35038,0.863019,0.363913],[-0.292011,-0.26852,0.917947]],[[0.886557,-0.430912,0.168319],[0.348879,0.383822,-0.854964],[0.30381,0.816698,0.490616]],[[0.886557,-0.430912,0.168319],[-0.214433,-0.705166,-0.67584],[0.409921,0.563078,-0.717571]],[[0.886557,-0.430912,0.168319],[-0.402404,-0.897803,-0.178942],[0.228226,0.0909101,-0.969355]]],"btipPosition":[-30.9255,286.802,-13.017],"carpPosition":[-25.6419,310.542,23.51],"dipPosition":[-27.318,288.239,-28.3394],"direction":[-0.409921,-0.563078,0.717571],"extended":false,"handId":275,"id":2754,"length":46.32,"mcpPosition":[-10.1144,324.82,-25.3013],"pipPosition":[-19.9656,298.339,-41.2098],"stabilizedTipPosition":[-31.3026,264.251,41.7906],"timeVisible":4.80865,"tipPosition":[-29.9084,287.031,-17.1488],"tipVelocity":[-20.8791,14.0741,-114.11],"tool":false,"touchDistance":0.333333,"touchZone":"none","type":4,"width":14.7252}],"r":[[0.795766,0.136247,0.590079],[-0.2763,0.948725,0.153554],[-0.538902,-0.285232,0.792608]],"s":1.22231,"t":[20.4801,138.226,-196.58],"timestamp":3160361985},false],[5,{"currentFrameRate":103.857,"devices":[],"gestures":[],"hands":[{"armBasis":[[0.928647,0.22553,-0.294535],[-0.0130972,0.813409,0.581545],[0.370733,-0.536192,0.758324]],"armWidth":58.4334,"confidence":0.67863,"direction":[0.0344217,0.388429,-0.920835],"elbow":[51.563,173.219,217.072],"grabStrength":0,"id":275,"palmNormal":[0.00566292,-0.921443,-0.388473],"palmPosition":[-45.4892,321.622,-18.0642],"palmVelocity":[-15.3583,15.89,-97.5128],"palmWidth":83.4409,"pinchStrength":0.442772,"r":[[0.794806,0.135795,0.591475],[-0.276739,0.948508,0.154107],[-0.540092,-0.28617,0.79146]],"s":1.2227,"sphereCenter":[-56.5459,299.411,-48.7376],"sphereRadius":43.3711,"stabilizedPalmPosition":[-43.1227,299.518,48.3472],"t":[20.374,138.358,-197.33],"timeVisible":4.81759,"type":"right","wrist":[-40.2301,305.98,29.3114]}],"id":307093,"interactionBox":{"center":[0,200,0],"size":[235.247,235.247,147.751]},"pointables":[{"bases":[[[0.403804,0.896676,0.181424],[-0.82027,0.267057,0.505804],[0.405091,-0.353063,0.843355]],[[0.327855,0.944145,0.0331938],[-0.868383,0.287337,0.404163],[0.372051,-0.161332,0.914084]],[[0.327855,0.944145,0.0331938],[-0.936812,0.329446,-0.117682],[-0.122045,0.00748642,0.992496]],[[0.327855,0.944145,0.0331938],[-0.774639,0.288775,-0.562622],[-0.540782,0.158745,0.826048]]],"btipPosition":[-68.0178,299.593,-63.137],"carpPosition":[-66.409,295.848,27.4669],"dipPosition":[-79.624,303,-45.4085],"direction":[0.122045,-0.00748642,-0.992496],"extended":false,"handId":275,"id":2750,"length":47.7925,"mcpPosition":[-66.409,295.848,27.4669],"pipPosition":[-83.44,303.234,-14.3763],"stabilizedTipPosition":[-76.2958,274.595,8.66166],"timeVisible":4.81759,"tipPosition":[-70.4203,299.26,-59.2021],"tipVelocity":[-16.6679,51.1653,-103.446],"tool":false,"touchDistance":-0.487157,"touchZone":"touching","type":0,"width":18.5699},{"bases":[[[0.990983,0.0571765,-0.121174],[-0.0254581,0.968253,0.248673],[0.131546,-0.243346,0.960978]],[[0.996101,0.0455887,-0.0755313],[-0.0142553,0.928061,0.372156],[0.0870637,-0.369628,0.925092]],[[0.996101,0.0455887,-0.0755313],[-0.0259448,0.969654,0.2431],[0.0843218,-0.240192,0.967056]],[[0.996101,0.0455887,-0.0755313],[-0.0353496,0.990653,0.131745],[0.0808314,-0.128561,0.988402]]],"btipPosition":[-74.2215,354.44,-112.553],"carpPosition":[-58.781,316.122,25.6477],"dipPosition":[-72.955,352.426,-97.0671],"direction":[-0.0843218,0.240192,-0.967056],"extended":true,"handId":275,"id":2751,"length":53.9285,"mcpPosition":[-67.6559,332.54,-39.1855],"pipPosition":[-71.086,347.102,-75.6322],"stabilizedTipPosition":[-70.9816,329.366,-46.1684],"timeVisible":4.81759,"tipPosition":[-73.0475,353.207,-109.228],"tipVelocity":[-18.6447,37.8076,-92.7734],"tool":false,"touchDistance":-0.480099,"touchZone":"hovering","type":1,"width":17.738},{"bases":[[[0.989367,-0.142133,-0.0308339],[0.14534,0.958402,0.245645],[-0.00536295,-0.247514,0.968869]],[[0.989314,-0.137863,-0.0474606],[0.0263267,0.489064,-0.871851],[0.143407,0.861284,0.487467]],[[0.989314,-0.137863,-0.0474606],[-0.133334,-0.723715,-0.677096],[0.0589987,0.676188,-0.734363]],[[0.989314,-0.137863,-0.0474606],[-0.142976,-0.981088,-0.130475],[-0.0285754,0.135866,-0.990315]]],"btipPosition":[-54.8641,276.195,-23.1553],"carpPosition":[-47.8223,318.404,24.1632],"dipPosition":[-55.3565,278.537,-40.2213],"direction":[-0.0589987,-0.676188,0.734363],"extended":false,"handId":275,"id":2752,"length":61.4471,"mcpPosition":[-47.4792,334.24,-37.8247],"pipPosition":[-53.818,296.17,-59.3714],"stabilizedTipPosition":[-61.3618,254.022,36.8062],"timeVisible":4.81759,"tipPosition":[-54.9906,276.731,-28.0026],"tipVelocity":[-13.2648,15.3993,-109.036],"tool":false,"touchDistance":0.333333,"touchZone":"none","type":2,"width":17.4211},{"bases":[[[0.964004,-0.248849,0.0936499],[0.21541,0.93742,0.273574],[-0.155868,-0.243553,0.957281]],[[0.96822,-0.241483,0.0650895],[0.166769,0.42942,-0.887573],[0.186383,0.870221,0.456045]],[[0.96822,-0.241483,0.0650895],[-0.142198,-0.745617,-0.651026],[0.205743,0.621081,-0.75626]],[[0.96822,-0.241483,0.0650895],[-0.232715,-0.965207,-0.119247],[0.0916209,0.10031,-0.990729]]],"btipPosition":[-42.0865,278.627,-14.1963],"carpPosition":[-36.6069,317.788,23.2914],"dipPosition":[-40.5167,280.345,-31.1713],"direction":[-0.205743,-0.621081,0.75626],"extended":false,"handId":275,"id":2753,"length":59.0831,"mcpPosition":[-27.6534,331.778,-31.6976],"pipPosition":[-35.29,296.123,-50.383],"stabilizedTipPosition":[-45.2191,256.012,43.2178],"timeVisible":4.81759,"tipPosition":[-41.7142,279.07,-18.4235],"tipVelocity":[-11.4471,10.9874,-119.235],"tool":false,"touchDistance":0.333333,"touchZone":"none","type":3,"width":16.5772},{"bases":[[[0.890553,-0.42681,0.157317],[0.348103,0.862078,0.368301],[-0.292814,-0.273229,0.9163]],[[0.887108,-0.429941,0.167901],[0.349722,0.388705,-0.85241],[0.301222,0.814898,0.495183]],[[0.887108,-0.429941,0.167901],[-0.211503,-0.701981,-0.680066],[0.410252,0.56778,-0.713666]],[[0.887108,-0.429941,0.167901],[-0.400113,-0.897672,-0.184649],[0.230109,0.0966242,-0.968356]]],"btipPosition":[-30.9436,286.944,-13.6994],"carpPosition":[-25.7509,310.55,22.974],"dipPosition":[-27.3063,288.471,-29.0059],"direction":[-0.410252,-0.56778,0.713666],"extended":false,"handId":275,"id":2754,"length":46.32,"mcpPosition":[-10.1807,325.079,-25.7497],"pipPosition":[-19.948,298.655,-41.8063],"stabilizedTipPosition":[-31.3024,264.254,41.7819],"timeVisible":4.81759,"tipPosition":[-29.9206,287.206,-17.7983],"tipVelocity":[-15.519,15.2022,-103.667],"tool":false,"touchDistance":0.333333,"touchZone":"none","type":4,"width":14.7252}],"r":[[0.794806,0.135795,0.591475],[-0.276739,0.948508,0.154107],[-0.540092,-0.28617,0.79146]],"s":1.2227,"t":[20.374,138.358,-197.33],"timestamp":3160370930},false],[6,{"currentFrameRate":104.186,"devices":[],"gestures":[],"hands":[{"armBasis":[[0.929416,0.228489,-0.28979],[-0.0170212,0.810974,0.584835],[0.36864,-0.538623,0.757621]],"armWidth":58.4334,"confidence":0.680493,"direction":[0.035827,0.39094,-0.919719],"elbow":[50.8462,172.8,215.978],"grabStrength":0,"id":275,"palmNormal":[0.00931865,-0.9204,-0.390867],"palmPosition":[-45.6032,321.913,-18.9569],"palmVelocity":[-14.6291,20.4394,-98.0268],"palmWidth":83.4409,"pinchStrength":0.441061,"r":[[0.793638,0.13557,0.593093],[-0.277709,0.948096,0.154895],[-0.54131,-0.287638,0.790094]],"s":1.22314,"sphereCenter":[-56.7787,299.806,-49.7215],"sphereRadius":43.4105,"stabilizedPalmPosition":[-43.1231,299.521,48.3373],"t":[20.2639,138.57,-198.152],"timeVisible":4.82657,"type":"right","wrist":[-40.4287,306.162,28.3919]}],"id":307094,"interactionBox":{"center":[0,200,0],"size":[235.247,235.247,147.751]},"pointables":[{"bases":[[[0.400778,0.89733,0.18487],[-0.822392,0.263418,0.504265],[0.403793,-0.354134,0.843528]],[[0.325844,0.944662,0.0379377],[-0.869895,0.283855,0.403371],[0.370281,-0.164438,0.91425]],[[0.325844,0.944662,0.0379377],[-0.937397,0.328035,-0.116958],[-0.122931,0.00254743,0.992412]],[[0.325844,0.944662,0.0379377],[-0.775031,0.289883,-0.561511],[-0.541435,0.153562,0.826599]]],"btipPosition":[-68.0599,300.114,-64.1712],"carpPosition":[-66.5738,295.962,26.4495],"dipPosition":[-79.6802,303.41,-46.4308],"direction":[0.122931,-0.00254743,-0.992412],"extended":false,"handId":275,"id":2750,"length":47.7925,"mcpPosition":[-66.5738,295.962,26.4495],"pipPosition":[-83.5238,303.489,-15.4012],"stabilizedTipPosition":[-76.2824,274.658,8.49662],"timeVisible":4.82657,"tipPosition":[-70.441,299.77,-60.2192],"tipVelocity":[-13.4826,52.2735,-106.57],"tool":false,"touchDistance":-0.482246,"touchZone":"touching","type":0,"width":18.5699},{"bases":[[[0.991143,0.0602837,-0.118324],[-0.028866,0.967521,0.251136],[0.129621,-0.245496,0.960693]],[[0.995999,0.0490967,-0.0746673],[-0.0174971,0.926524,0.37583],[0.0876331,-0.37302,0.923676]],[[0.995999,0.0490967,-0.0746673],[-0.0292956,0.96877,0.246226],[0.0844243,-0.243053,0.966332]],[[0.995999,0.0490967,-0.0746673],[-0.0387435,0.990186,0.134281],[0.0805273,-0.13085,0.988126]]],"btipPosition":[-74.3287,354.958,-113.402],"carpPosition":[-58.9982,316.262,24.7041],"dipPosition":[-73.067,352.908,-97.9195],"direction":[-0.0844243,0.243053,-0.966332],"extended":true,"handId":275,"id":2751,"length":53.9285,"mcpPosition":[-67.7432,332.824,-40.1097],"pipPosition":[-71.1957,347.521,-76.5007],"stabilizedTipPosition":[-70.983,329.378,-46.1987],"timeVisible":4.82657,"tipPosition":[-73.1495,353.743,-110.075],"tipVelocity":[-16.8406,42.9905,-93.2588],"tool":false,"touchDistance":-0.473159,"touchZone":"hovering","type":1,"width":17.738},{"bases":[[[0.989845,-0.139266,-0.0285105],[0.141967,0.95816,0.248547],[-0.00729659,-0.250071,0.9682]],[[0.989826,-0.135014,-0.0448907],[0.0278076,0.492994,-0.869588],[0.139538,0.859493,0.491732]],[[0.989826,-0.135014,-0.0448907],[-0.129205,-0.720819,-0.680974],[0.0595832,0.679846,-0.73093]],[[0.989826,-0.135014,-0.0448907],[-0.139925,-0.980896,-0.135145],[-0.0257866,0.140051,-0.989808]]],"btipPosition":[-54.8523,276.445,-24.307],"carpPosition":[-48.042,318.578,23.2555],"dipPosition":[-55.2967,278.858,-41.3642],"direction":[-0.0595832,-0.679846,0.73093],"extended":false,"handId":275,"id":2752,"length":61.4471,"mcpPosition":[-47.5752,334.578,-38.6895],"pipPosition":[-53.7429,296.587,-60.4248],"stabilizedTipPosition":[-61.3613,254.024,36.8009],"timeVisible":4.82657,"tipPosition":[-54.959,277.009,-29.0622],"tipVelocity":[-8.93148,19.3023,-114.237],"tool":false,"touchDistance":0.333333,"touchZone":"none","type":2,"width":17.4211},{"bases":[[[0.964445,-0.246379,0.095624],[0.212019,0.937301,0.276613],[-0.15778,-0.246503,0.956212]],[[0.968762,-0.238838,0.0667633],[0.167686,0.432523,-0.885892],[0.182709,0.869414,0.459061]],[[0.968762,-0.238838,0.0667633],[-0.138358,-0.743948,-0.653757],[0.205811,0.624098,-0.753753]],[[0.968762,-0.238838,0.0667633],[-0.229562,-0.965499,-0.122934],[0.0938212,0.103767,-0.990167]]],"btipPosition":[-42.0812,278.902,-15.2105],"carpPosition":[-36.8226,317.996,22.4127],"dipPosition":[-40.4736,280.679,-32.1759],"direction":[-0.205811,-0.624098,0.753753],"extended":false,"handId":275,"id":2753,"length":59.0831,"mcpPosition":[-27.7592,332.156,-32.515],"pipPosition":[-35.2453,296.534,-51.324],"stabilizedTipPosition":[-45.2189,256.014,43.2136],"timeVisible":4.82657,"tipPosition":[-41.7029,279.363,-19.4205],"tipVelocity":[-7.88225,16.7811,-117.44],"tool":false,"touchDistance":0.333333,"touchZone":"none","type":3,"width":16.5772},{"bases":[[[0.891323,-0.424713,0.158625],[0.344666,0.862085,0.371503],[-0.29453,-0.276457,0.914781]],[[0.887815,-0.42792,0.16932],[0.351141,0.392081,-0.850278],[0.297464,0.814345,0.498355]],[[0.887815,-0.42792,0.16932],[-0.20737,-0.70045,-0.682911],[0.410831,0.571187,-0.710608]],[[0.887815,-0.42792,0.16932],[-0.396939,-0.898226,-0.188758],[0.232861,0.100373,-0.967316]]],"btipPosition":[-30.9788,287.253,-14.6609],"carpPosition":[-25.9454,310.79,22.1058],"dipPosition":[-27.298,288.84,-29.951],"direction":[-0.410831,-0.571187,0.710608],"extended":false,"handId":275,"id":2754,"length":46.32,"mcpPosition":[-10.2839,325.49,-26.537],"pipPosition":[-19.9293,299.085,-42.6965],"stabilizedTipPosition":[-31.3023,264.257,41.7749],"timeVisible":4.82657,"tipPosition