{"sensorType":"Leap","data":[[0,{"currentFrameRate":106.167,"devices":[],"gestures":[],"hands":[{"armBasis":[[0.937663,0.184731,-0.294384],[-0.002539,0.850657,0.525716],[0.347536,-0.492197,0.798099]],"armWidth":58.4334,"confidence":0.651449,"direction":[-0.0721077,0.394946,-0.91587],"elbow":[63.0429,180.996,230.474],"grabStrength":0,"id":266,"palmNormal":[0.0131589,-0.917804,-0.396816],"palmPosition":[-33.4967,318.5,-13.6334],"palmVelocity":[-34.6578,45.3685,-144.052],"palmWidth":83.4409,"pinchStrength":0.615396,"r":[[0.7829,-0.314096,0.537039],[0.362397,0.931874,0.0167164],[-0.505704,0.181534,0.843392]],"s":1.05451,"sphereCenter":[-34.4565,288.968,-45.4541],"sphereRadius":43.0272,"stabilizedPalmPosition":[-37.5383,276.038,129.985],"t":[40.2196,138.192,-229.358],"timeVisible":2.37706,"type":"right","wrist":[-23.0065,302.863,32.866]}],"id":301993,"interactionBox":{"center":[0,200,0],"size":[235.247,235.247,147.751]},"pointables":[{"bases":[[[0.375475,0.914339,0.151667],[-0.780373,0.223594,0.583972],[0.500037,-0.337624,0.797479]],[[0.269076,0.963075,-0.00917651],[-0.870732,0.247326,0.425036],[0.411611,-0.106377,0.90513]],[[0.269076,0.963075,-0.00917651],[-0.950613,0.264039,-0.163153],[-0.154705,0.0526237,0.986558]],[[0.269076,0.963075,-0.00917651],[-0.877027,0.241075,-0.415579],[-0.398022,0.11987,0.909511]]],"btipPosition":[-54.185,292.122,-58.3954],"carpPosition":[-48.7225,291.471,33.4043],"dipPosition":[-62.7273,294.695,-38.8756],"direction":[0.154705,-0.0526237,-0.986558],"extended":false,"handId":266,"id":2660,"length":47.7925,"mcpPosition":[-48.7225,291.471,33.4043],"pipPosition":[-67.5644,296.34,-8.02904],"stabilizedTipPosition":[-64.4905,225.208,100.699],"timeVisible":2.37706,"tipPosition":[-55.3769,291.387,-53.6989],"tipVelocity":[-40.9322,92.6052,-155.474],"tool":false,"touchDistance":-0.570812,"touchZone":"hovering","type":0,"width":18.5699},{"bases":[[[0.971045,0.1064,-0.213894],[-0.0483976,0.964392,0.260012],[0.233943,-0.242132,0.941617]],[[0.990831,0.0792304,-0.109438],[-0.0518571,0.970982,0.233463],[0.12476,-0.225647,0.966188]],[[0.990831,0.0792304,-0.109438],[-0.0657591,0.990393,0.121648],[0.118025,-0.113336,0.986522]],[[0.990831,0.0792304,-0.109438],[-0.0761963,0.996591,0.0316401],[0.111572,-0.0230112,0.99349]]],"btipPosition":[-67.3522,340.202,-107.944],"carpPosition":[-42.2897,312.104,31.0814],"dipPosition":[-65.6041,339.842,-92.3777],"direction":[-0.118025,0.113336,-0.986522],"extended":true,"handId":266,"id":2661,"length":53.9285,"mcpPosition":[-58.0728,328.44,-32.4455],"pipPosition":[-62.9881,337.33,-70.5113],"stabilizedTipPosition":[-81.7954,284.244,19.6863],"timeVisible":2.37706,"tipPosition":[-66.437,338.578,-104.528],"tipVelocity":[-34.1693,110.121,-138.436],"tool":false,"touchDistance":-0.557601,"touchZone":"touching","type":1,"width":17.738},{"bases":[[[0.987651,-0.0932657,-0.125883],[0.121614,0.962946,0.240718],[0.0987675,-0.253054,0.962397]],[[0.989804,-0.0995375,-0.101881],[-0.0289374,0.559838,-0.828097],[0.139463,0.822602,0.551249]],[[0.989804,-0.0995375,-0.101881],[-0.137579,-0.482982,-0.864755],[0.036869,0.869954,-0.491752]],[[0.989804,-0.0995375,-0.101881],[-0.137308,-0.856981,-0.496719],[-0.0378678,0.505643,-0.861911]]],"btipPosition":[-44.4373,263.359,-29.6737],"carpPosition":[-31.6448,314.929,28.5894],"dipPosition":[-45.0898,272.073,-44.5269],"direction":[-0.036869,-0.869954,0.491752],"extended":false,"handId":266,"id":2662,"length":61.4471,"mcpPosition":[-37.9639,331.119,-32.9844],"pipPosition":[-44.1284,294.759,-57.3504],"stabilizedTipPosition":[-49.4044,220.294,116.597],"timeVisible":2.37706,"tipPosition":[-44.5199,265.398,-32.5113],"tipVelocity":[-16.4159,46.9479,-164.801],"tool":false,"touchDistance":0.333333,"touchZone":"none","type":2,"width":17.4211},{"bases":[[[0.979424,-0.201812,-0.000671594],[0.194953,0.945264,0.261665],[-0.0521723,-0.256412,0.965158]],[[0.977157,-0.210199,0.031315],[0.1321,0.485335,-0.864291],[0.166475,0.848685,0.502016]],[[0.977157,-0.210199,0.031315],[-0.0891382,-0.539146,-0.837482],[0.192921,0.81556,-0.545567]],[[0.977157,-0.210199,0.031315],[-0.171618,-0.867393,-0.467093],[0.125345,0.451049,-0.883653]]],"btipPosition":[-31.4191,266.379,-20.3578],"carpPosition":[-20.5466,314.869,26.6529],"dipPosition":[-29.2715,274.107,-35.4982],"direction":[-0.192921,-0.81556,0.545567],"extended":false,"handId":266,"id":2663,"length":59.0831,"mcpPosition":[-17.5497,329.598,-28.7887],"pipPosition":[-24.3706,294.825,-49.3576],"stabilizedTipPosition":[-33.4852,226.032,120.009],"timeVisible":2.37706,"tipPosition":[-30.8631,268.242,-23.8481],"tipVelocity":[-19.8386,48.8822,-129.236],"tool":false,"touchDistance":0.333333,"touchZone":"none","type":3,"width":16.5772},{"bases":[[[0.921037,-0.383525,0.0678141],[0.339535,0.875976,0.34261],[-0.190803,-0.292531,0.937027]],[[0.927422,-0.372526,0.0333654],[0.220582,0.472738,-0.853149],[0.302047,0.798588,0.5206]],[[0.927422,-0.372526,0.0333654],[-0.170606,-0.500739,-0.848619],[0.33284,0.781335,-0.527952]],[[0.927422,-0.372526,0.0333654],[-0.307037,-0.809242,-0.500855],[0.213582,0.45426,-0.864888]]],"btipPosition":[-18.4274,276.64,-18.3328],"carpPosition":[-9.43335,308.174,25.2334],"dipPosition":[-15.0514,283.82,-32.0038],"direction":[-0.33284,-0.781335,0.527952],"extended":false,"handId":266,"id":2664,"length":46.32,"mcpPosition":[0.712481,323.729,-24.5924],"pipPosition":[-9.08156,297.834,-41.4732],"stabilizedTipPosition":[-20.5104,237.754,115.175],"timeVisible":2.37706,"tipPosition":[-17.5516,278.358,-21.5985],"tipVelocity":[-21.4206,51.1476,-143.684],"tool":false,"touchDistance":0.333333,"touchZone":"none","type":4,"width":14.7252}],"r":[[0.7829,-0.314096,0.537039],[0.362397,0.931874,0.0167164],[-0.505704,0.181534,0.843392]],"s":1.05451,"t":[40.2196,138.192,-229.358],"timestamp":3113361798},false],[1,{"currentFrameRate":106.3,"devices":[],"gestures":[],"hands":[{"armBasis":[[0.937454,0.188679,-0.292541],[-0.00723226,0.850747,0.525526],[0.348034,-0.490541,0.7989]],"armWidth":58.4334,"confidence":0.656524,"direction":[-0.0720845,0.396167,-0.915344],"elbow":[62.7554,181.709,229.611],"grabStrength":0,"id":266,"palmNormal":[0.0177586,-0.917077,-0.398315],"palmPosition":[-33.8878,318.837,-14.6891],"palmVelocity":[-36.8972,42.9715,-136.01],"palmWidth":83.4409,"pinchStrength":0.613225,"r":[[0.782419,-0.313074,0.538335],[0.359942,0.932775,0.0193226],[-0.508195,0.178651,0.842509]],"s":1.05856,"sphereCenter":[-35.2294,289.631,-46.4952],"sphereRadius":42.9788,"stabilizedPalmPosition":[-37.5376,276.046,129.958],"t":[39.8603,138.576,-230.526],"timeVisible":2.38622,"type":"right","wrist":[-23.4175,303.167,31.8036]}],"id":301994,"interactionBox":{"center":[0,200,0],"size":[235.247,235.247,147.751]},"pointables":[{"bases":[[[0.371337,0.915658,0.15388],[-0.782383,0.21933,0.582899],[0.499986,-0.336845,0.79784]],[[0.265558,0.964074,-0.00631757],[-0.872305,0.24306,0.424272],[0.410565,-0.107158,0.905513]],[[0.265558,0.964074,-0.00631757],[-0.950958,0.260855,-0.166234],[-0.158614,0.0501524,0.986066]],[[0.265558,0.964074,-0.00631757],[-0.878964,0.239411,-0.412437],[-0.396108,0.115079,0.910964]]],"btipPosition":[-54.4197,292.533,-59.5576],"carpPosition":[-49.0862,291.665,32.2754],"dipPosition":[-62.9209,295.002,-40.0066],"direction":[0.158614,-0.0501524,-0.986066],"extended":false,"handId":266,"id":2660,"length":47.7925,"mcpPosition":[-49.0862,291.665,32.2754],"pipPosition":[-67.8803,296.57,-9.17543],"stabilizedTipPosition":[-64.4481,225.564,99.8845],"timeVisible":2.38622,"tipPosition":[-55.6249,291.806,-54.8561],"tipVelocity":[-36.3751,78.5551,-147.272],"tool":false,"touchDistance":-0.559389,"touchZone":"hovering","type":0,"width":18.5699},{"bases":[[[0.97098,0.110846,-0.211921],[-0.0529413,0.963744,0.261525],[0.233227,-0.242716,0.941644]],[[0.990512,0.0839391,-0.108811],[-0.055322,0.968346,0.243403],[0.125798,-0.235074,0.963802]],[[0.990512,0.0839391,-0.108811],[-0.0691667,0.98869,0.133068],[0.11875,-0.124279,0.985116]],[[0.990512,0.0839391,-0.108811],[-0.0795675,0.995861,0.0439212],[0.112047,-0.0348467,0.993092]]],"btipPosition":[-67.8148,341.266,-108.897],"carpPosition":[-42.7362,312.329,29.9987],"dipPosition":[-66.0593,340.721,-93.337],"direction":[-0.11875,0.124279,-0.985116],"extended":true,"handId":266,"id":2661,"length":53.9285,"mcpPosition":[-58.471,328.704,-33.53],"pipPosition":[-63.4272,337.966,-71.5019],"stabilizedTipPosition":[-81.6409,284.856,18.3435],"timeVisible":2.38622,"tipPosition":[-66.9126,339.559,-105.497],"tipVelocity":[-38.6655,110.5,-128.885],"tool":false,"touchDistance":-0.544493,"touchZone":"touching","type":1,"width":17.738},{"bases":[[[0.988266,-0.0888943,-0.124211],[0.11711,0.963047,0.242542],[0.0980603,-0.254242,0.962156]],[[0.990401,-0.0951981,-0.100212],[-0.0297974,0.560912,-0.827339],[0.134971,0.822384,0.552691]],[[0.990401,-0.0951981,-0.100212],[-0.133954,-0.482308,-0.865699],[0.0340799,0.870813,-0.490431]],[[0.990401,-0.0951981,-0.100212],[-0.132772,-0.856805,-0.498254],[-0.0384292,0.506777,-0.86122]]],"btipPosition":[-44.5649,263.677,-30.8266],"carpPosition":[-32.0987,315.203,27.5311],"dipPosition":[-45.2272,272.411,-45.668],"direction":[-0.0340799,-0.870813,0.490431],"extended":false,"handId":266,"id":2662,"length":61.4471,"mcpPosition":[-38.3726,331.469,-34.0273],"pipPosition":[-44.3385,295.119,-58.457],"stabilizedTipPosition":[-49.4042,220.296,116.59],"timeVisible":2.38622,"tipPosition":[-44.6526,265.719,-33.677],"tipVelocity":[-15.7923,43.6718,-153.853],"tool":false,"touchDistance":0.333333,"touchZone":"none","type":2,"width":17.4211},{"bases":[[[0.980266,-0.197683,0.00080414],[0.190484,0.945639,0.263596],[-0.0528689,-0.258241,0.964633]],[[0.977954,-0.206196,0.0330148],[0.130784,0.481532,-0.866616],[0.162795,0.851828,0.497883]],[[0.977954,-0.206196,0.0330148],[-0.0864115,-0.54352,-0.834937],[0.190105,0.813676,-0.549355]],[[0.977954,-0.206196,0.0330148],[-0.167616,-0.869397,-0.464815],[0.124546,0.449034,-0.884792]]],"btipPosition":[-31.5933,266.761,-21.0804],"carpPosition":[-20.9968,315.193,25.615],"dipPosition":[-29.4594,274.455,-36.2403],"direction":[-0.190105,-0.813676,0.549355],"extended":false,"handId":266,"id":2663,"length":59.0831,"mcpPosition":[-17.9599,330.027,-29.7963],"pipPosition":[-24.63,295.125,-50.1959],"stabilizedTipPosition":[-33.4849,226.036,119.994],"timeVisible":2.38622,"tipPosition":[-31.0403,268.609,-24.7198],"tipVelocity":[-19.7041,46.6631,-115.329],"tool":false,"touchDistance":0.333333,"touchZone":"none","type":3,"width":16.5772},{"bases":[[[0.922519,-0.379754,0.0688797],[0.335208,0.876825,0.344693],[-0.191294,-0.294897,0.936185]],[[0.928977,-0.368562,0.0341276],[0.219576,0.47452,-0.852419],[0.297975,0.799371,0.521745]],[[0.928977,-0.368562,0.0341276],[-0.167451,-0.500707,-0.849266],[0.330095,0.783234,-0.526861]],[[0.928977,-0.368562,0.0341276],[-0.302916,-0.81001,-0.502122],[0.212706,0.456121,-0.864123]]],"btipPosition":[-18.6257,277.05,-19.3852],"carpPosition":[-9.85284,308.547,24.205],"dipPosition":[-15.2635,284.26,-33.0441],"direction":[-0.330095,-0.783234,0.526861],"extended":false,"handId":266,"id":2664,"length":46.32,"mcpPosition":[0.319095,324.228,-25.5761],"pipPosition":[-9.3429,298.308,-42.494],"stabilizedTipPosition":[-20.51,237.76,115.155],"timeVisible":2.38622,"tipPosition":[-17.7583,278.774,-22.661],"tipVelocity":[-21.5778,49.5814,-135.563],"tool":false,"touchDistance":0.333333,"touchZone":"none","type":4,"width":14.7252}],"r":[[0.782419,-0.313074,0.538335],[0.359942,0.932775,0.0193226],[-0.508195,0.178651,0.842509]],"s":1.05856,"t":[39.8603,138.576,-230.526],"timestamp":3113370961},false],[2,{"currentFrameRate":106.554,"devices":[],"gestures":[],"hands":[{"armBasis":[[0.938392,0.188835,-0.289418],[-0.0089746,0.850534,0.525843],[0.345457,-0.490849,0.799829]],"armWidth":58.4334,"confidence":0.663658,"direction":[-0.071629,0.396189,-0.915371],"elbow":[61.8892,181.809,229.344],"grabStrength":0,"id":266,"palmNormal":[0.0194717,-0.916998,-0.398417],"palmPosition":[-34.0866,319.005,-15.1951],"palmVelocity":[-32.9183,36.3963,-114.411],"palmWidth":83.4409,"pinchStrength":0.612188,"r":[[0.781999,-0.312056,0.539536],[0.357707,0.933586,0.0215081],[-0.510415,0.176177,0.841688]],"s":1.0623,"sphereCenter":[-35.8865,290.061,-46.9459],"sphereRadius":42.9311,"stabilizedPalmPosition":[-37.5369,276.055,129.928],"t":[39.5812,138.851,-231.363],"timeVisible":2.39514,"type":"right","wrist":[-23.6457,303.343,31.3071]}],"id":301995,"interactionBox":{"center":[0,200,0],"size":[235.247,235.247,147.751]},"pointables":[{"bases":[[[0.369894,0.916153,0.15441],[-0.783328,0.218164,0.582068],[0.499576,-0.336257,0.798345]],[[0.264314,0.96442,-0.00576743],[-0.873147,0.24183,0.423241],[0.409577,-0.106833,0.905999]],[[0.264314,0.96442,-0.00576743],[-0.950971,0.259623,-0.168075],[-0.160597,0.0499091,0.985757]],[[0.264314,0.96442,-0.00576743],[-0.880171,0.238771,-0.410228],[-0.394255,0.113505,0.911965]]],"btipPosition":[-54.5648,292.7,-60.1179],"carpPosition":[-49.2988,291.806,31.7491],"dipPosition":[-63.0263,295.136,-40.5455],"direction":[0.160597,-0.0499091,-0.985757],"extended":false,"handId":266,"id":2660,"length":47.7925,"mcpPosition":[-49.2988,291.806,31.7491],"pipPosition":[-68.0476,296.696,-9.72398],"stabilizedTipPosition":[-64.4084,225.902,99.1072],"timeVisible":2.39514,"tipPosition":[-55.7726,291.993,-55.4065],"tipVelocity":[-30.619,62.0198,-124.116],"tool":false,"touchDistance":-0.540115,"touchZone":"touching","type":0,"width":18.5699},{"bases":[[[0.971057,0.112225,-0.210839],[-0.0545689,0.963634,0.261594],[0.232529,-0.242518,0.941868]],[[0.990306,0.0857446,-0.109278],[-0.0559221,0.966267,0.251397],[0.127148,-0.242849,0.961695]],[[0.990306,0.0857446,-0.109278],[-0.0698699,0.987452,0.141621],[0.12005,-0.132613,0.983871]],[[0.990306,0.0857446,-0.109278],[-0.0803786,0.995375,0.0526055],[0.113284,-0.0433119,0.992618]]],"btipPosition":[-68.108,342.026,-109.311],"carpPosition":[-42.975,312.479,29.4822],"dipPosition":[-66.3331,341.348,-93.7581],"direction":[-0.12005,0.132613,-0.983871],"extended":true,"handId":266,"id":2661,"length":53.9285,"mcpPosition":[-58.6628,328.841,-34.0617],"pipPosition":[-63.6721,338.409,-71.9505],"stabilizedTipPosition":[-81.4456,285.654,16.606],"timeVisible":2.39514,"tipPosition":[-67.2126,340.267,-105.926],"tipVelocity":[-36.9513,102.68,-106.459],"tool":false,"touchDistance":-0.524607,"touchZone":"touching","type":1,"width":17.738},{"bases":[[[0.988525,-0.0875035,-0.123136],[0.115504,0.963176,0.242798],[0.0973558,-0.254235,0.96223]],[[0.990643,-0.0938084,-0.0991321],[-0.0296911,0.560817,-0.827407],[0.133213,0.822608,0.552784]],[[0.990643,-0.0938084,-0.0991321],[-0.132336,-0.482556,-0.86581],[0.0333835,0.870827,-0.490455]],[[0.990643,-0.0938084,-0.0991321],[-0.131026,-0.856998,-0.498385],[-0.0382032,0.50671,-0.86127]]],"btipPosition":[-44.6681,263.833,-31.3385],"carpPosition":[-32.3389,315.368,27.0266],"dipPosition":[-45.3264,272.565,-46.1806],"direction":[-0.0333835,-0.870827,0.490455],"extended":false,"handId":266,"id":2662,"length":61.4471,"mcpPosition":[-38.5677,331.634,-34.5365],"pipPosition":[-44.4559,295.273,-58.9703],"stabilizedTipPosition":[-49.404,220.299,116.583],"timeVisible":2.39514,"tipPosition":[-44.757,265.874,-34.2031],"tipVelocity":[-14.6127,36.507,-127.578],"tool":false,"touchDistance":0.333333,"touchZone":"none","type":2,"width":17.4211},{"bases":[[[0.980538,-0.19632,0.00185583],[0.188879,0.945868,0.26393],[-0.0535702,-0.258443,0.96454]],[[0.978195,-0.204861,0.0341426],[0.13049,0.478343,-0.868424],[0.161575,0.853944,0.494645]],[[0.978195,-0.204861,0.0341426],[-0.0854729,-0.546923,-0.832808],[0.189284,0.811731,-0.552508]],[[0.978195,-0.204861,0.0341426],[-0.166257,-0.870932,-0.462424],[0.124469,0.446665,-0.886001]]],"btipPosition":[-31.7189,266.957,-21.3339],"carpPosition":[-21.2349,315.374,25.1227],"dipPosition":[-29.5863,274.61,-36.5145],"direction":[-0.189284,-0.811731,0.552508],"extended":false,"handId":266,"id":2663,"length":59.0831,"mcpPosition":[-18.1576,330.219,-30.2833],"pipPosition":[-24.7778,295.231,-50.5502],"stabilizedTipPosition":[-33.4846,226.042,119.974],"timeVisible":2.39514,"tipPosition":[-31.1676,268.787,-25.0589],"tipVelocity":[-18.1822,39.6362,-91.7953],"tool":false,"touchDistance":0.333333,"touchZone":"none","type":3,"width":16.5772},{"bases":[[[0.92297,-0.378481,0.0698437],[0.333609,0.877244,0.345177],[-0.191913,-0.295288,0.935935]],[[0.92946,-0.367256,0.0350449],[0.219785,0.474923,-0.85214],[0.29631,0.799732,0.52214]],[[0.92946,-0.367256,0.0350449],[-0.165864,-0.500835,-0.849502],[0.329536,0.783765,-0.526421]],[[0.92946,-0.367256,0.0350449],[-0.301249,-0.810363,-0.502554],[0.212965,0.456546,-0.863835]]],"btipPosition":[-18.7602,277.239,-19.8781],"carpPosition":[-10.0801,308.744,23.724],"dipPosition":[-15.3939,284.456,-33.5325],"direction":[-0.329536,-0.783765,0.526421],"extended":false,"handId":266,"id":2664,"length":46.32,"mcpPosition":[0.1247,324.445,-26.0437],"pipPosition":[-9.48331,298.514,-42.9744],"stabilizedTipPosition":[-20.5096,237.766,115.133],"timeVisible":2.39514,"tipPosition":[-17.8928,278.965,-23.1525],"tipVelocity":[-19.7786,41.8962,-113.654],"tool":false,"touchDistance":0.333333,"touchZone":"none","type":4,"width":14.7252}],"r":[[0.781999,-0.312056,0.539536],[0.357707,0.933586,0.0215081],[-0.510415,0.176177,0.841688]],"s":1.0623,"t":[39.5812,138.851,-231.363],"timestamp":3113379879},false],[3,{"currentFrameRate":106.646,"devices":[],"gestures":[],"hands":[{"armBasis":[[0.940226,0.182045,-0.28781],[-0.00408937,0.851105,0.524979],[0.340526,-0.492422,0.800976]],"armWidth":58.4334,"confidence":0.669881,"direction":[-0.0675729,0.392267,-0.917366],"elbow":[59.9878,182.066,227.771],"grabStrength":0,"id":266,"palmNormal":[0.0142091,-0.918996,-0.39401],"palmPosition":[-34.5898,319.496,-17.1439],"palmVelocity":[-39.0004,41.1298,-141.632],"palmWidth":83.4409,"pinchStrength":0.613161,"r":[[0.781075,-0.311736,0.541056],[0.357112,0.933791,0.0224834],[-0.512242,0.175657,0.840686]],"s":1.0658,"sphereCenter":[-37.067,290.679,-48.6827],"sphereRadius":42.8789,"stabilizedPalmPosition":[-37.5361,276.066,129.891],"t":[39.1901,139.234,-232.756],"timeVisible":2.40435,"type":"right","wrist":[-24.3263,303.989,29.4497]}],"id":301996,"interactionBox":{"center":[0,200,0],"size":[235.247,235.247,147.751]},"pointables":[{"bases":[[[0.375542,0.914478,0.15066],[-0.782856,0.225983,0.579714],[0.496089,-0.335652,0.800771]],[[0.270428,0.962687,-0.0100818],[-0.872897,0.249595,0.41923],[0.406104,-0.104571,0.907824]],[[0.270428,0.962687,-0.0100818],[-0.948488,0.264615,-0.174209],[-0.165041,0.0566736,0.984657]],[[0.270428,0.962687,-0.0100818],[-0.879461,0.242761,-0.409408],[-0.391685,0.119582,0.912296]]],"btipPosition":[-55.0772,293.068,-62.0194],"carpPosition":[-50.054,292.62,29.9039],"dipPosition":[-63.4835,295.635,-42.4399],"direction":[0.165041,-0.0566736,-0.984657],"extended":false,"handId":266,"id":2660,"length":47.7925,"mcpPosition":[-50.054,292.62,29.9039],"pipPosition":[-68.6438,297.407,-11.6528],"stabilizedTipPosition":[-64.3739,226.218,98.3765],"timeVisible":2.40435,"tipPosition":[-56.3549,292.467,-57.293],"tipVelocity":[-37.2391,56.7711,-147.13],"tool":false,"touchDistance":-0.542935,"touchZone":"touching","type":0,"width":18.5699},{"bases":[[[0.972105,0.104959,-0.209751],[-0.0487806,0.965204,0.256908],[0.229417,-0.23951,0.9434]],[[0.990845,0.0791818,-0.109349],[-0.0491319,0.965896,0.254226],[0.12575,-0.246526,0.960943]],[[0.990845,0.0791818,-0.109349],[-0.063005,0.987542,0.144191],[0.119404,-0.135982,0.98349]],[[0.990845,0.0791818,-0.109349],[-0.0735403,0.995791,0.054701],[0.11322,-0.0461587,0.992497]]],"btipPosition":[-68.4459,342.849,-111.307],"carpPosition":[-43.5933,313.241,27.549],"dipPosition":[-66.6719,342.126,-95.7565],"direction":[-0.119404,0.135982,-0.98349],"extended":true,"handId":266,"id":2661,"length":53.9285,"mcpPosition":[-59.0711,329.4,-36.0982],"pipPosition":[-64.0253,339.112,-73.9574],"stabilizedTipPosition":[-81.2316,286.565,14.6207],"timeVisible":2.40435,"tipPosition":[-67.5806,341.068,-107.926],"tipVelocity":[-36.8857,98.6408,-137.368],"tool":false,"touchDistance":-0.530434,"touchZone":"touching","type":1,"width":17.738},{"bases":[[[0.98814,-0.094457,-0.121068],[0.121316,0.96356,0.238399],[0.094138,-0.250259,0.963592]],[[0.990178,-0.100662,-0.0970277],[-0.0247416,0.556879,-0.830225],[0.137604,0.824472,0.548919]],[[0.990178,-0.100662,-0.0970277],[-0.134033,-0.485995,-0.863622],[0.0397785,0.868145,-0.494714]],[[0.990178,-0.100662,-0.0970277],[-0.135728,-0.858579,-0.494388],[-0.0335401,0.502702,-0.863809]]],"btipPosition":[-45.4992,264.316,-33.029],"carpPosition":[-32.9347,316.049,25.0975],"dipPosition":[-46.0772,272.979,-47.915],"direction":[-0.0397785,-0.868145,0.494714],"extended":false,"handId":266,"id":2662,"length":61.4471,"mcpPosition":[-38.9576,332.061,-36.5527],"pipPosition":[-45.0399,295.618,-60.8157],"stabilizedTipPosition":[-49.4038,220.302,116.573],"timeVisible":2.40435,"tipPosition":[-45.5718,266.344,-35.9176],"tipVelocity":[-35.2298,40.506,-143.566],"tool":false,"touchDistance":0.333333,"touchZone":"none","type":2,"width":17.4211},{"bases":[[[0.979247,-0.202622,0.00442719],[0.194543,0.945881,0.259735],[-0.0568156,-0.253484,0.96567]],[[0.976792,-0.211007,0.0368023],[0.133778,0.466818,-0.874176],[0.167277,0.858812,0.484212]],[[0.976792,-0.211007,0.0368023],[-0.0891411,-0.556702,-0.825916],[0.194762,0.803467,-0.562591]],[[0.976792,-0.211007,0.0368023],[-0.171853,-0.874612,-0.453343],[0.127846,0.436497,-0.890576]]],"btipPosition":[-32.5561,267.457,-22.5474],"carpPosition":[-21.8278,315.974,23.2121],"dipPosition":[-30.3656,274.936,-37.8064],"direction":[-0.194762,-0.803467,0.562591],"extended":false,"handId":266,"id":2663,"length":59.0831,"mcpPosition":[-18.5641,330.535,-32.2588],"pipPosition":[-25.4179,295.347,-52.0983],"stabilizedTipPosition":[-33.4843,226.051,119.944],"timeVisible":2.40435,"tipPosition":[-31.9912,269.234,-26.4371],"tipVelocity":[-38.1389,42.5385,-103.54],"tool":false,"touchDistance":0.333333,"touchZone":"none","type":3,"width":16.5772},{"bases":[[[0.920394,-0.384081,0.0731861],[0.338695,0.876715,0.341549],[-0.195346,-0.289572,0.93701]],[[0.927059,-0.372977,0.0380763],[0.223573,0.468447,-0.854735],[0.30096,0.800903,0.517666]],[[0.927059,-0.372977,0.0380763],[-0.16832,-0.504804,-0.846665],[0.335008,0.778499,-0.530763]],[[0.927059,-0.372977,0.0380763],[-0.305905,-0.811221,-0.49834],[0.216758,0.450343,-0.866145]]],"btipPosition":[-19.5201,277.612,-21.5362],"carpPosition":[-10.7138,309.266,21.8636],"dipPosition":[-16.0939,284.731,-35.2271],"direction":[-0.335008,-0.778499,0.530763],"extended":false,"handId":266,"id":2664,"length":46.32,"mcpPosition":[-0.326369,324.664,-27.9613],"pipPosition":[-10.0852,298.694,-44.7469],"stabilizedTipPosition":[-20.5093,237.774,115.107],"timeVisible":2.40435,"tipPosition":[-18.6427,279.312,-24.839],"tipVelocity":[-36.927,40.8221,-132.503],"tool":false,"touchDistance":0.333333,"touchZone":"none","type":4,"width":14.7252}],"r":[[0.781075,-0.311736,0.541056],[0.357112,0.933791,0.0224834],[-0.512242,0.175657,0.840686]],"s":1.0658,"t":[39.1901,139.234,-232.756],"timestamp":3113389087},false],[4,{"currentFrameRate":106.947,"devices":[],"gestures":[],"hands":[{"armBasis":[[0.940143,0.180044,-0.289336],[-0.00161571,0.851386,0.524538],[0.340776,-0.492673,0.800715]],"armWidth":58.4334,"confidence":0.671206,"direction":[-0.0651575,0.391619,-0.917817],"elbow":[59.4474,182.562,226.317],"grabStrength":0,"id":266,"palmNormal":[0.011378,-0.919421,-0.393111],"palmPosition":[-35.0851,320.046,-18.5588],"palmVelocity":[-43.6537,46.8733,-146.785],"palmWidth":83.4409,"pinchStrength":0.615461,"r":[[0.779992,-0.311932,0.542505],[0.357294,0.933705,0.0231629],[-0.513764,0.175767,0.839733]],"s":1.06899,"sphereCenter":[-38.1924,291.467,-49.986],"sphereRadius":42.8206,"stabilizedPalmPosition":[-37.5354,276.078,129.85],"t":[38.7469,139.701,-234.159],"timeVisible":2.41315,"type":"right","wrist":[-24.9285,304.547,28.0611]}],"id":301997,"interactionBox":{"center":[0,200,0],"size":[235.247,235.247,147.751]},"pointables":[{"bases":[[[0.378625,0.913282,0.1502],[-0.782691,0.229324,0.578623],[0.494002,-0.336641,0.801645]],[[0.273493,0.961808,-0.0112431],[-0.873673,0.253287,0.415381],[0.402365,-0.103781,0.909578]],[[0.273493,0.961808,-0.0112431],[-0.94663,0.267067,-0.180464],[-0.170569,0.0599986,0.983517]],[[0.273493,0.961808,-0.0112431],[-0.880356,0.245588,-0.405782],[-0.387524,0.120876,0.913901]]],"btipPosition":[-55.4656,293.55,-63.5048],"carpPosition":[-50.697,293.27,28.4976],"dipPosition":[-63.7826,296.145,-43.8908],"direction":[0.170569,-0.0599986,-0.983517],"extended":false,"handId":266,"id":2660,"length":47.7925,"mcpPosition":[-50.697,293.27,28.4976],"pipPosition":[-69.1157,298.021,-13.1394],"stabilizedTipPosition":[-64.3456,226.492,97.7414],"timeVisible":2.41315,"tipPosition":[-56.8337,293.072,-58.7556],"tipVelocity":[-38.466,56.4342,-152.72],"tool":false,"touchDistance":-0.539137,"touchZone":"touching","type":0,"width":18.5699},{"bases":[[[0.972705,0.101299,-0.208767],[-0.0456325,0.965619,0.255926],[0.227515,-0.239414,0.943884]],[[0.991045,0.075944,-0.109833],[-0.0451136,0.964583,0.259893],[0.12568,-0.25261,0.959371]],[[0.991045,0.075944,-0.109833],[-0.0590906,0.987026,0.149293],[0.119746,-0.141466,0.982674]],[[0.991045,0.075944,-0.109833],[-0.0697648,0.995814,0.0590544],[0.113858,-0.0508631,0.992194]]],"btipPosition":[-68.8995,343.903,-112.674],"carpPosition":[-44.1604,313.866,26.1301],"dipPosition":[-67.1156,343.106,-97.1281],"direction":[-0.119746,0.141466,-0.982674],"extended":true,"handId":266,"id":2661,"length":53.9285,"mcpPosition":[-59.5098,330.018,-37.5498],"pipPosition":[-64.4614,339.97,-75.3471],"stabilizedTipPosition":[-81.0157,287.533,12.5251],"timeVisible":2.41315,"tipPosition":[-68.0389,342.107,-109.304],"tipVelocity":[-40.7641,103.79,-142.235],"tool":false,"touchDistance":-0.526243,"touchZone":"touching","type":1,"width":17.738},{"bases":[[[0.987932,-0.0980869,-0.119876],[0.124478,0.963352,0.237608],[0.0921763,-0.249662,0.963936]],[[0.989921,-0.104276,-0.095824],[-0.0218598,0.556016,-0.830884],[0.139921,0.824605,0.548132]],[[0.989921,-0.104276,-0.095824],[-0.134806,-0.486506,-0.863214],[0.0433938,0.867432,-0.49566]],[[0.989921,-0.104276,-0.095824],[-0.138227,-0.858634,-0.4936],[-0.0308071,0.50187,-0.864394]]],"btipPosition":[-46.172,264.89,-34.3913],"carpPosition":[-33.4892,316.634,23.6877],"dipPosition":[-46.7029,273.538,-49.2873],"direction":[-0.0433938,-0.867432,0.49566],"extended":false,"handId":266,"id":2662,"length":61.4471,"mcpPosition":[-39.3866,332.607,-37.9845],"pipPosition":[-45.5713,296.158,-62.2127],"stabilizedTipPosition":[-49.4035,220.305,116.56],"timeVisible":2.41315,"tipPosition":[-46.2355,266.914,-37.2948],"tipVelocity":[-46.0004,47.0441,-146.66],"tool":false,"touchDistance":0.333333,"touchZone":"none","type":2,"width":17.4211},{"bases":[[[0.978515,-0.206098,0.00571351],[0.197618,0.945433,0.259043],[-0.0587901,-0.252349,0.965849]],[[0.975994,-0.214443,0.0380911],[0.13503,0.458543,-0.878354],[0.17089,0.862411,0.476491]],[[0.975994,-0.214443,0.0380911],[-0.0918186,-0.563702,-0.820859],[0.197499,0.797655,-0.56986]],[[0.975994,-0.214443,0.0380911],[-0.175223,-0.876972,-0.447456],[0.129358,0.430039,-0.893495]]],"btipPosition":[-33.2389,268.046,-23.404],"carpPosition":[-22.3805,316.517,21.8148],"dipPosition":[-31.0225,275.414,-38.713],"direction":[-0.197499,-0.797655,0.56986],"extended":false,"handId":266,"id":2663,"length":59.0831,"mcpPosition":[-19.0034,331.013,-33.6664],"pipPosition":[-26.0053,295.678,-53.1895],"stabilizedTipPosition":[-33.4841,226.065,119.896],"timeVisible":2.41315,"tipPosition":[-32.6679,269.786,-27.4426],"tipVelocity":[-48.5823,48.3221,-102.218],"tool":false,"touchDistance":0.333333,"touchZone":"none","type":3,"width":16.5772},{"bases":[[[0.91894,-0.387281,0.0745811],[0.341431,0.875834,0.341084],[-0.197416,-0.287972,0.937069]],[[0.925694,-0.376215,0.0394064],[0.225499,0.465188,-0.856009],[0.303712,0.801288,0.515458]],[[0.925694,-0.376215,0.0394064],[-0.169926,-0.506645,-0.845243],[0.337958,0.775741,-0.532927]],[[0.925694,-0.376215,0.0394064],[-0.308581,-0.811292,-0.496572],[0.218788,0.447513,-0.867101]]],"btipPosition":[-20.1594,278.111,-22.7922],"carpPosition":[-11.2889,309.768,20.4852],"dipPosition":[-16.7011,285.185,-36.4983],"direction":[-0.337958,-0.775741,0.532927],"extended":false,"handId":266,"id":2664,"length":46.32,"mcpPosition":[-0.791456,325.081,-29.3429],"pipPosition":[-10.6395,299.099,-46.0569],"stabilizedTipPosition":[-20.509,237.783,115.077],"timeVisible":2.41315,"tipPosition":[-19.2772,279.798,-26.1294],"tipVelocity":[-46.323,44.7841,-135.362],"tool":false,"touchDistance":0.333333,"touchZone":"none","type":4,"width":14.7252}],"r":[[0.779992,-0.311932,0.542505],[0.357294,0.933705,0.0231629],[-0.513764,0.175767,0.839733]],"s":1.06899,"t":[38.7469,139.701,-234.159],"timestamp":3113397888},false],[5,{"currentFrameRate":107.108,"devices":[],"gestures":[],"hands":[{"armBasis":[[0.940503,0.177324,-0.289847],[0.000831145,0.851822,0.52383],[0.339786,-0.492905,0.800993]],"armWidth":58.4334,"confidence":0.677667,"direction":[-0.0626472,0.389971,-0.918694],"elbow":[58.7589,182.906,225.555],"grabStrength":0,"id":266,"palmNormal":[0.00860615,-0.920257,-0.391221],"palmPosition":[-35.4162,320.388,-19.4339],"palmVelocity":[-41.7171,44.3717,-133.006],"palmWidth":83.4409,"pinchStrength":0.617531,"r":[[0.778768,-0.312418,0.543981],[0.358094,0.933392,0.023414],[-0.515063,0.176562,0.838771]],"s":1.07157,"sphereCenter":[-39.0754,291.982,-50.7442],"sphereRadius":42.768,"stabilizedPalmPosition":[-37.5347,276.094,129.798],"t":[38.3598,140.105,-235.299],"timeVisible":2.42219,"type":"right","wrist":[-25.3717,304.949,27.2299]}],"id":301998,"interactionBox":{"center":[0,200,0],"size":[235.247,235.247,147.751]},"pointables":[{"bases":[[[0.38167,0.912242,0.148803],[-0.782583,0.233272,0.57719],[0.491825,-0.336747,0.802938]],[[0.276623,0.960887,-0.0132847],[-0.874187,0.257357,0.411782],[0.399095,-0.102295,0.911185]],[[0.276623,0.960887,-0.0132847],[-0.944814,0.269419,-0.186388],[-0.175518,0.0641107,0.982386]],[[0.276623,0.960887,-0.0132847],[-0.880498,0.247894,-0.40407],[-0.384972,0.123472,0.914632]]],"btipPosition":[-55.6993,293.791,-64.3987],"carpPosition":[-51.1804,293.763,27.6577],"dipPosition":[-63.9615,296.441,-44.769],"direction":[0.175518,-0.0641107,-0.982386],"extended":false,"handId":266,"id":2660,"length":47.7925,"mcpPosition":[-51.1804,293.763,27.6577],"pipPosition":[-69.4494,298.446,-14.0529],"stabilizedTipPosition":[-64.3209,226.742,97.1622],"timeVisible":2.42219,"tipPosition":[-57.1492,293.425,-59.6402],"tipVelocity":[-34.6054,48.6177,-137.765],"tool":false,"touchDistance":-0.52691,"touchZone":"touching","type":0,"width":18.5699},{"bases":[[[0.973312,0.0974319,-0.207775],[-0.0425289,0.966295,0.2539],[0.22551,-0.238288,0.94465]],[[0.991247,0.0725993,-0.110263],[-0.0412171,0.963654,0.263955],[0.125418,-0.2571,0.958212]],[[0.991247,0.0725993,-0.110263],[-0.0553207,0.986772,0.152385],[0.119867,-0.144952,0.982151]],[[0.991247,0.0725993,-0.110263],[-0.0661466,0.995938,0.061097],[0.11425,-0.0532687,0.992023]]],"btipPosition":[-69.1704,344.584,-113.539],"carpPosition":[-44.5681,314.331,25.2562],"dipPosition":[-67.3804,343.749,-97.9964],"direction":[-0.119867,0.144952,-0.982151],"extended":true,"handId":266,"id":2661,"length":53.9285,"mcpPosition":[-59.7823,330.407,-38.4753],"pipPosition":[-64.7235,340.536,-76.2269],"stabilizedTipPosition":[-80.7828,288.613,10.1972],"timeVisible":2.42219,"tipPosition":[-68.3097,342.794,-110.177],"tipVelocity":[-37.7454,95.6798,-129.438],"tool":false,"touchDistance":-0.514945,"touchZone":"touching","type":1,"width":17.738},{"bases":[[[0.987724,-0.101824,-0.118458],[0.127595,0.96339,0.235796],[0.0901115,-0.248016,0.964556]],[[0.989663,-0.107972,-0.0943885],[-0.0188964,0.554246,-0.832138],[0.142162,0.82532,0.546477]],[[0.989663,-0.107972,-0.0943885],[-0.135476,-0.487944,-0.862297],[0.0470478,0.866171,-0.497528]],[[0.989663,-0.107972,-0.0943885],[-0.140655,-0.859212,-0.491905],[-0.0279877,0.500096,-0.865518]]],"btipPosition":[-46.6778,265.239,-35.156],"carpPosition":[-33.8842,317.056,22.8214],"dipPosition":[-47.1601,273.857,-50.0714],"direction":[-0.0470478,-0.866171,0.497528],"extended":false,"handId":266,"id":2662,"length":61.4471,"mcpPosition":[-39.6495,332.924,-38.8905],"pipPosition":[-45.9332,296.444,-63.0455],"stabilizedTipPosition":[-49.4032,220.312,116.54],"timeVisible":2.42219,"tipPosition":[-46.732,267.256,-38.0764],"tipVelocity":[-48.4013,44.5019,-129.685],"tool":false,"touchDistance":0.333333,"touchZone":"none","type":2,"width":17.4211},{"bases":[[[0.977772,-0.209545,0.00733943],[0.200645,0.945256,0.257358],[-0.0608656,-0.250165,0.966288]],[[0.975174,-0.217833,0.0398069],[0.137789,0.456181,-0.879155],[0.17335,0.862814,0.474871]],[[0.975174,-0.217833,0.0398069],[-0.09277,-0.565111,-0.819783],[0.201071,0.795738,-0.57129]],[[0.975174,-0.217833,0.0398069],[-0.177765,-0.877276,-0.445854],[0.132043,0.427709,-0.89422]]],"btipPosition":[-33.7503,268.372,-24.1665],"carpPosition":[-22.7737,316.897,20.9624],"dipPosition":[-31.4879,275.701,-39.4879],"direction":[-0.201071,-0.795738,0.57129],"extended":false,"handId":266,"id":2663,"length":59.0831,"mcpPosition":[-19.2774,331.267,-34.544],"pipPosition":[-26.38,295.915,-54.0008],"stabilizedTipPosition":[-33.484,226.087,119.821],"timeVisible":2.42219,"tipPosition":[-33.1685,270.101,-28.1989],"tipVelocity":[-50.4625,44.6631,-97.3771],"tool":false,"touchDistance":0.333333,"touchZone":"none","type":3,"width":16.5772},{"bases":[[[0.917472,-0.390374,0.0765029],[0.34411,0.875317,0.339718],[-0.199581,-0.285356,0.937411]],[[0.924309,-0.379403,0.0413097],[0.227341,0.460421,-0.858096],[0.306544,0.802537,0.511825]],[[0.924309,-0.379403,0.0413097],[-0.17165,-0.509953,-0.842902],[0.340866,0.772011,-0.536479]],[[0.924309,-0.379403,0.0413097],[-0.311299,-0.812125,-0.493504],[0.220786,0.443291,-0.868762]]],"btipPosition":[-20.6354,278.403,-23.4276],"carpPosition":[-11.7044,310.106,19.6602],"dipPosition":[-17.1455,285.41,-37.1599],"direction":[-0.340866,-0.772011,0.536479],"extended":false,"handId":266,"id":2664,"length":46.32,"mcpPosition":[-1.09182,325.279,-30.186],"pipPosition":[-11.0317,299.257,-46.7822],"stabilizedTipPosition":[-20.5088,237.795,115.037],"timeVisible":2.42219,"tipPosition":[-19.7482,280.069,-26.8109],"tipVelocity":[-47.8434,40.8599,-117.606],"tool":false,"touchDistance":0.333333,"touchZone":"none","type":4,"width":14.7252}],"r":[[0.778768,-0.312418,0.543981],[0.358094,0.933392,0.023414],[-0.515063,0.176562,0.838771]],"s":1.07157,"t":[38.3598,140.105,-235.299],"timestamp":3113406929},false],[6,{"currentFrameRate":107.231,"devices":[],"gestures":[],"hands":[{"armBasis":[[0.940612,0.176006,-0.290293],[0.00193225,0.852315,0.523025],[0.339477,-0.492525,0.801358]],"armWidth":58.4334,"confidence":0.661212,"direction":[-0.0598402,0.388959,-0.919309],"elbow":[58.3182,183.292,224.854],"grabStrength":0,"id":266,"palmNormal":[0.00708875,-0.920771,-0.390039],"palmPosition":[-35.6487,320.646,-20.265],"palmVelocity":[-37.2339,39.9404,-121.447],"palmWidth":83.4409,"pinchStrength":0.620657,"r":[[0.777412,-0.313056,0.545551],[0.35919,0.932968,0.0235231],[-0.516346,0.177669,0.837747]],"s":1.0728,"sphereCenter":[-39.7465,292.415,-51.5139],"sphereRadius":42.6922,"stabilizedPalmPosition":[-37.534,276.111,129.739],"t":[38.0499,140.436,-236.284],"timeVisible":2.43129,"type":"right","wrist":[-25.7359,305.241,26.4383]}],"id":301999,"interactionBox":{"center":[0,200,0],"size":[235.247,235.247,147.751]},"pointables":[{"bases":[[[0.383649,0.911475,0.148412],[-0.783148,0.235956,0.575329],[0.48938,-0.336953,0.804345]],[[0.27855,0.96031,-0.0146786],[-0.875661,0.260215,0.406824],[0.394497,-0.100467,0.913388]],[[0.27855,0.96031,-0.0146786],[-0.943144,0.270621,-0.192985],[-0.181353,0.0676,0.981092]],[[0.27855,0.96031,-0.0146786],[-0.880378,0.249197,-0.40353],[-0.383856,0.125326,0.914849]]],"btipPosition":[-55.7232,293.916,-65.2927],"carpPosition":[-51.5733,294.121,26.8286],"dipPosition":[-63.9615,296.606,-45.6584],"direction":[0.181353,-0.0676,-0.981092],"extended":false,"handId":266,"id":2660,"length":47.7925,"mcpPosition":[-51.5733,294.121,26.8286],"pipPosition":[-69.6318,298.72,-14.9828],"stabilizedTipPosition":[-64.3003,226.95,96.677],"timeVisible":2.43129,"tipPosition":[-57.2744,293.68,-60.5269],"tipVelocity":[-25.5728,39.2266,-126.772],"tool":false,"touchDistance":-0.515947,"touchZone":"touching","type":0,"width":18.5699},{"bases":[[[0.973965,0.0947399,-0.205953],[-0.0406224,0.96672,0.252593],[0.223029,-0.23765,0.9454]],[[0.991446,0.0703807,-0.109914],[-0.0385448,0.962476,0.268616],[0.124695,-0.262081,0.956956]],[[0.991446,0.0703807,-0.109914],[-0.0527147,0.986337,0.156079],[0.119397,-0.14895,0.98161]],[[0.991446,0.0703807,-0.109914],[-0.0636315,0.995935,0.0637533],[0.113954,-0.0562139,0.991894]]],"btipPosition":[-69.2963,345.21,-114.368],"carpPosition":[-44.9048,314.669,24.4144],"dipPosition":[-67.5108,344.329,-98.8273],"direction":[-0.119397,0.14895,-0.98161],"extended":true,"handId":266,"id":2661,"length":53.9285,"mcpPosition":[-59.9517,330.702,-39.3677],"pipPosition":[-64.8644,341.027,-77.0698],"stabilizedTipPosition":[-80.541,289.759,7.73873],"timeVisible":2.43129,"tipPosition":[-68.4343,343.422,-111.014],"tipVelocity":[-31.1465,87.8981,-118.815],"tool":false,"touchDistance":-0.504224,"touchZone":"touching","type":1,"width":17.738},{"bases":[[[0.987701,-0.104438,-0.116355],[0.129529,0.963367,0.234832],[0.0875674,-0.247016,0.965047]],[[0.989577,-0.110561,-0.0922713],[-0.015873,0.553099,-0.832964],[0.143129,0.825747,0.545579]],[[0.989577,-0.110561,-0.0922713],[-0.13498,-0.488845,-0.861865],[0.0501823,0.865336,-0.498673]],[[0.989577,-0.110561,-0.0922713],[-0.141815,-0.859544,-0.490992],[-0.0250268,0.498959,-0.866264]]],"btipPosition":[-47.0156,265.505,-35.929],"carpPosition":[-34.2093,317.364,21.9975],"dipPosition":[-47.4469,274.104,-50.8572],"direction":[-0.0501823,-0.865336,0.498673],"extended":false,"handId":266,"id":2662,"length":61.4471,"mcpPosition":[-39.8118,333.168,-39.7458],"pipPosition":[-46.1383,296.669,-63.8612],"stabilizedTipPosition":[-49.4027,220.32,116.511],"timeVisible":2.43129,"tipPosition":[-47.0602,267.519,-38.864],"tipVelocity":[-44.9158,40.1504,-117.366],"tool":false,"touchDistance":0.333333,"touchZone":"none","type":2,"width":17.4211},{"bases":[[[0.977229,-0.211974,0.00955817],[0.20249,0.945078,0.256563],[-0.0634178,-0.248785,0.96648]],[[0.974444,-0.220467,0.0430432],[0.14426,0.467322,-0.872238],[0.172185,0.856157,0.487184]],[[0.974444,-0.220467,0.0430432],[-0.08863,-0.553425,-0.82817],[0.206406,0.803191,-0.558821]],[[0.974444,-0.220467,0.0430432],[-0.177221,-0.872279,-0.455765],[0.138027,0.43649,-0.889059]]],"btipPosition":[-34.1159,268.504,-25.8887],"carpPosition":[-23.0956,317.175,20.1609],"dipPosition":[-31.751,275.983,-41.1217],"direction":[-0.206406,-0.803191,0.558821],"extended":false,"handId":266,"id":2663,"length":59.0831,"mcpPosition":[-19.4527,331.466,-35.3566],"pipPosition":[-26.5075,296.387,-55.3178],"stabilizedTipPosition":[-33.484,226.111,119.741],"timeVisible":2.43129,"tipPosition":[-33.5113,270.304,-29.5103],"tipVelocity":[-46.89,37.352,-122.216],"tool":false,"touchDistance":0.333333,"touchZone":"none","type":3,"width":16.5772},{"bases":[[[0.91634,-0.392564,0.0788296],[0.345616,0.874886,0.339298],[-0.202163,-0.283668,0.93737]],[[0.923259,-0.381683,0.0437245],[0.230009,0.458004,-0.858678],[0.307717,0.802839,0.510646]],[[0.923259,-0.381683,0.0437245],[-0.171495,-0.511302,-0.842116],[0.343778,0.769993,-0.537521]],[[0.923259,-0.381683,0.0437245],[-0.312466,-0.812255,-0.492551],[0.223514,0.44109,-0.869184]]],"btipPosition":[-20.9678,278.623,-24.1327],"carpPosition":[-12.0407,310.355,18.8894],"dipPosition":[-17.4348,285.595,-37.8716],"direction":[-0.343778,-0.769993,0.537521],"extended":false,"handId":266,"id":2664,"length":46.32,"mcpPosition":[-1.29084,325.439,-30.9547],"pipPosition":[-11.2687,299.406,-47.5126],"stabilizedTipPosition":[-20.5087,237.81,114.987],"timeVisible":2.43129,"ti