{"sensorType":"Leap","data":[[0,{"currentFrameRate":105.841,"devices":[],"gestures":[],"hands":[{"armBasis":[[0.941141,0.174606,-0.289424],[-0.0000356095,0.856299,0.516481],[0.338014,-0.486071,0.805904]],"armWidth":58.4334,"confidence":0.618426,"direction":[-0.00339612,0.31118,-0.950345],"elbow":[57.3273,174.04,236.406],"grabStrength":0,"id":271,"palmNormal":[0.000818471,-0.950349,-0.311184],"palmPosition":[-33.5198,306.022,-11.4076],"palmVelocity":[-49.4205,17.2022,-111.986],"palmWidth":83.4409,"pinchStrength":0.669164,"r":[[0.923188,-0.146915,0.355161],[0.174271,0.983618,-0.0461089],[-0.342569,0.104461,0.933667]],"s":1.07915,"sphereCenter":[-45.9781,280.493,-39.4678],"sphereRadius":42.7488,"stabilizedPalmPosition":[-46.8792,262.724,140.615],"t":[22.7775,51.7537,-169.455],"timeVisible":0.786576,"type":"right","wrist":[-26.3646,294.391,36.8653]}],"id":304115,"interactionBox":{"center":[0,200,0],"size":[235.247,235.247,147.751]},"pointables":[{"bases":[[[0.401,0.911478,0.091692],[-0.80383,0.302091,0.512444],[0.439382,-0.279195,0.853811]],[[0.282908,0.951935,-0.117399],[-0.922103,0.303625,0.23987],[0.263986,0.0403931,0.96368]],[[0.282908,0.951935,-0.117399],[-0.923876,0.237568,-0.300023],[-0.257712,0.193341,0.94668]],[[0.282908,0.951935,-0.117399],[-0.761969,0.148718,-0.630306],[-0.582551,0.267773,0.767418]]],"btipPosition":[-44.0123,270.313,-53.3402],"carpPosition":[-52.4886,283.954,36.8433],"dipPosition":[-56.515,276.06,-36.8699],"direction":[0.257712,-0.193341,-0.94668],"extended":false,"handId":271,"id":2710,"length":47.7925,"mcpPosition":[-52.4886,283.954,36.8433],"pipPosition":[-64.5728,282.105,-7.27025],"stabilizedTipPosition":[-74.3658,214.243,111.562],"timeVisible":0.786576,"tipPosition":[-46.8495,270.644,-49.3725],"tipVelocity":[-62.2458,37.8975,-119.214],"tool":false,"touchDistance":-0.494014,"touchZone":"touching","type":0,"width":18.5699},{"bases":[[[0.985227,0.0540563,-0.162495],[-0.0262125,0.985295,0.168842],[0.169233,-0.162088,0.972156]],[[0.995507,0.0411016,-0.0853009],[-0.0163632,0.961998,0.272564],[0.0932621,-0.269944,0.958349]],[[0.995507,0.0411016,-0.0853009],[-0.0282519,0.988775,0.146718],[0.0903737,-0.143649,0.985494]],[[0.995507,0.0411016,-0.0853009],[-0.0377585,0.998468,0.0404423],[0.0868324,-0.0370397,0.995534]]],"btipPosition":[-63.5958,329.397,-107.71],"carpPosition":[-45.1404,304.062,33.0757],"dipPosition":[-62.2353,328.816,-92.1121],"direction":[-0.0903737,0.143649,-0.985494],"extended":true,"handId":271,"id":2711,"length":53.9285,"mcpPosition":[-56.5578,314.997,-32.5116],"pipPosition":[-60.2322,325.632,-70.2685],"stabilizedTipPosition":[-78.3518,276.588,26.8913],"timeVisible":0.786576,"tipPosition":[-62.5445,328.244,-104.295],"tipVelocity":[-61.0907,56.982,-104.588],"tool":false,"touchDistance":-0.473822,"touchZone":"touching","type":1,"width":17.738},{"bases":[[[0.98897,-0.137105,-0.0560461],[0.144451,0.976451,0.160242],[0.0327562,-0.16657,0.985485]],[[0.989455,-0.140803,-0.0339508],[0.027739,0.414283,-0.909725],[0.142158,0.899191,0.41382]],[[0.989455,-0.140803,-0.0339508],[-0.118217,-0.649657,-0.75098],[0.0836841,0.747075,-0.659452]],[[0.989455,-0.140803,-0.0339508],[-0.144287,-0.937774,-0.315851],[0.0126348,0.31742,-0.948201]]],"btipPosition":[-45.0468,252.251,-16.8065],"carpPosition":[-34.2675,306.291,30.999],"dipPosition":[-44.8291,257.721,-33.1467],"direction":[-0.0836841,-0.747075,0.659452],"extended":false,"handId":271,"id":2712,"length":61.4471,"mcpPosition":[-36.3633,316.948,-32.0519],"pipPosition":[-42.6468,277.203,-50.3433],"stabilizedTipPosition":[-53.6677,206.842,124.397],"timeVisible":0.786576,"tipPosition":[-45.0516,253.414,-22.0503],"tipVelocity":[-58.0885,27.1871,-66.555],"tool":false,"touchDistance":0.333333,"touchZone":"none","type":2,"width":17.4211},{"bases":[[[0.969289,-0.23334,0.0776678],[0.21571,0.958353,0.187162],[-0.118105,-0.16466,0.979254]],[[0.968817,-0.233984,0.0815126],[0.161936,0.348939,-0.923049],[0.187536,0.907465,0.375948]],[[0.968817,-0.233984,0.0815126],[-0.104612,-0.684489,-0.721479],[0.224609,0.690454,-0.687622]],[[0.968817,-0.233984,0.0815126],[-0.200752,-0.934082,-0.295278],[0.14523,0.269706,-0.951928]]],"btipPosition":[-32.1798,255.802,-8.11494],"carpPosition":[-23.086,305.686,29.7616],"dipPosition":[-29.6915,260.423,-24.4251],"direction":[-0.224609,-0.690454,0.687622],"extended":false,"handId":271,"id":2713,"length":59.0831,"mcpPosition":[-16.3017,315.144,-26.4896],"pipPosition":[-23.9856,277.963,-41.8932],"stabilizedTipPosition":[-38.2658,214.61,124.777],"timeVisible":0.786576,"tipPosition":[-31.531,256.687,-13.1511],"tipVelocity":[-60.1356,20.4943,-99.4763],"tool":false,"touchDistance":0.333333,"touchZone":"none","type":3,"width":16.5772},{"bases":[[[0.90005,-0.405948,0.158484],[0.352556,0.892056,0.282738],[-0.256154,-0.198604,0.946014]],[[0.897218,-0.408078,0.168738],[0.313478,0.319459,-0.894247],[0.311018,0.85523,0.414548]],[[0.897218,-0.408078,0.168738],[-0.155512,-0.649628,-0.744177],[0.4133,0.641448,-0.646319]],[[0.897218,-0.408078,0.168738],[-0.332538,-0.875796,-0.349856],[0.290549,0.257785,-0.921481]]],"btipPosition":[-20.6452,265.774,-7.95242],"carpPosition":[-12.1755,298.524,29.6352],"dipPosition":[-16.0526,269.849,-22.518],"direction":[-0.4133,-0.641448,0.646319],"extended":false,"handId":271,"id":2714,"length":46.32,"mcpPosition":[1.44529,309.085,-20.6685],"pipPosition":[-8.63964,281.354,-34.1104],"stabilizedTipPosition":[-28.925,226.011,122.881],"timeVisible":0.786576,"tipPosition":[-19.4816,266.558,-12.4786],"tipVelocity":[-57.9072,19.0882,-84.589],"tool":false,"touchDistance":0.333333,"touchZone":"none","type":4,"width":14.7252}],"r":[[0.923188,-0.146915,0.355161],[0.174271,0.983618,-0.0461089],[-0.342569,0.104461,0.933667]],"s":1.07915,"t":[22.7775,51.7537,-169.455],"timestamp":3132876074},false],[1,{"currentFrameRate":106.113,"devices":[],"gestures":[],"hands":[{"armBasis":[[0.942374,0.16751,-0.289606],[0.00603901,0.856971,0.51533],[0.334507,-0.487382,0.806575]],"armWidth":58.4334,"confidence":0.624515,"direction":[-0.00313711,0.310238,-0.950654],"elbow":[55.7209,174.272,234.757],"grabStrength":0,"id":271,"palmNormal":[-0.00547533,-0.95065,-0.310218],"palmPosition":[-34.2699,306.574,-13.2231],"palmVelocity":[-58.8652,29.3616,-136.93],"palmWidth":83.4409,"pinchStrength":0.667609,"r":[[0.922871,-0.149089,0.35508],[0.176345,0.983277,-0.0454776],[-0.342362,0.104587,0.933729]],"s":1.08191,"sphereCenter":[-47.3783,281.268,-41.2202],"sphereRadius":42.8366,"stabilizedPalmPosition":[-46.8776,262.729,140.595],"t":[22.1712,52.1144,-170.81],"timeVisible":0.795497,"type":"right","wrist":[-27.1027,294.948,35.0493]}],"id":304116,"interactionBox":{"center":[0,200,0],"size":[235.247,235.247,147.751]},"pointables":[{"bases":[[[0.406674,0.909121,0.0900804],[-0.801105,0.307475,0.513508],[0.439143,-0.280994,0.853344]],[[0.288715,0.950059,-0.118456],[-0.919813,0.309578,0.241049],[0.265682,0.039363,0.963257]],[[0.288715,0.950059,-0.118456],[-0.92268,0.243078,-0.299292],[-0.255551,0.195707,0.94678]],[[0.288715,0.950059,-0.118456],[-0.762014,0.15312,-0.629197],[-0.579636,0.271924,0.768166]]],"btipPosition":[-45.021,270.912,-55.1007],"carpPosition":[-53.2894,284.669,35.0825],"dipPosition":[-57.461,276.748,-38.6145],"direction":[0.255551,-0.195707,-0.94678],"extended":false,"handId":271,"id":2710,"length":47.7925,"mcpPosition":[-53.2894,284.669,35.0825],"pipPosition":[-65.4513,282.868,-9.01166],"stabilizedTipPosition":[-74.3427,214.293,111.42],"timeVisible":0.795497,"tipPosition":[-47.8617,271.283,-51.1337],"tipVelocity":[-75.655,46.513,-140.396],"tool":false,"touchDistance":-0.499299,"touchZone":"touching","type":0,"width":18.5699},{"bases":[[[0.985257,0.0479176,-0.164231],[-0.0199502,0.985605,0.167884],[0.169912,-0.162133,0.97203]],[[0.995391,0.0353343,-0.0891536],[-0.00949604,0.961395,0.275008],[0.095429,-0.272894,0.957299]],[[0.995391,0.0353343,-0.0891536],[-0.0217183,0.988552,0.149311],[0.0934087,-0.146687,0.984763]],[[0.995391,0.0353343,-0.0891536],[-0.031595,0.998575,0.0430107],[0.0905463,-0.0399956,0.995089]]],"btipPosition":[-64.538,330.296,-109.431],"carpPosition":[-45.8259,304.729,31.2819],"dipPosition":[-63.1193,329.67,-93.8398],"direction":[-0.0934087,0.146687,-0.984763],"extended":true,"handId":271,"id":2711,"length":53.9285,"mcpPosition":[-57.2892,315.667,-34.2969],"pipPosition":[-61.0489,326.418,-72.0125],"stabilizedTipPosition":[-78.3039,276.769,26.441],"timeVisible":0.795497,"tipPosition":[-63.4796,329.119,-106.025],"tipVelocity":[-72.815,68.6105,-128.703],"tool":false,"touchDistance":-0.480609,"touchZone":"touching","type":1,"width":17.738},{"bases":[[[0.988023,-0.143156,-0.057594],[0.150642,0.975718,0.159002],[0.0334334,-0.165774,0.985597]],[[0.988524,-0.146829,-0.0355314],[0.0285174,0.412346,-0.910581],[0.148351,0.899117,0.411801]],[[0.988524,-0.146829,-0.0355314],[-0.123558,-0.650513,-0.749377],[0.0869165,0.745168,-0.661189]],[[0.988524,-0.146829,-0.0355314],[-0.150527,-0.937487,-0.313784],[0.0127623,0.315531,-0.948829]]],"btipPosition":[-46.1261,252.885,-18.4829],"carpPosition":[-34.9433,306.89,29.1844],"dipPosition":[-45.9062,258.322,-34.8339],"direction":[-0.0869165,-0.745167,0.661189],"extended":false,"handId":271,"id":2712,"length":61.4471,"mcpPosition":[-37.0824,317.496,-33.8737],"pipPosition":[-43.6397,277.754,-52.0759],"stabilizedTipPosition":[-53.6647,206.861,124.338],"timeVisible":0.795497,"tipPosition":[-46.1331,254.038,-23.6944],"tipVelocity":[-75.2152,38.8947,-99.7056],"tool":false,"touchDistance":0.333333,"touchZone":"none","type":2,"width":17.4211},{"bases":[[[0.967988,-0.239134,0.0762512],[0.221836,0.957215,0.185818],[-0.117424,-0.162955,0.979621]],[[0.967528,-0.23976,0.0800247],[0.162331,0.346729,-0.923811],[0.193746,0.906804,0.374391]],[[0.967528,-0.23976,0.0800247],[-0.110132,-0.684847,-0.720316],[0.227508,0.688113,-0.689014]],[[0.967528,-0.23976,0.0800247],[-0.206975,-0.933238,-0.293647],[0.145087,0.267549,-0.952558]]],"btipPosition":[-33.2264,256.357,-9.85913],"carpPosition":[-23.7678,306.215,27.9285],"dipPosition":[-30.7405,260.941,-26.1801],"direction":[-0.227508,-0.688113,0.689014],"extended":false,"handId":271,"id":2713,"length":59.0831,"mcpPosition":[-17.0226,315.576,-28.3438],"pipPosition":[-24.9609,278.422,-43.6836],"stabilizedTipPosition":[-38.2646,214.619,124.748],"timeVisible":0.795497,"tipPosition":[-32.5836,257.233,-14.8796],"tipVelocity":[-75.7359,31.6113,-125.726],"tool":false,"touchDistance":0.333333,"touchZone":"none","type":3,"width":16.5772},{"bases":[[[0.897842,-0.411238,0.157361],[0.358441,0.890186,0.281229],[-0.255733,-0.196094,0.946651]],[[0.895126,-0.413261,0.167228],[0.313413,0.316569,-0.895297],[0.317052,0.853815,0.41289]],[[0.895126,-0.413261,0.167228],[-0.161069,-0.649557,-0.743056],[0.4157,0.638194,-0.647999]],[[0.895126,-0.413261,0.167228],[-0.338551,-0.874177,-0.348134],[0.290057,0.255009,-0.922409]]],"btipPosition":[-21.6242,266.252,-9.73217],"carpPosition":[-12.9012,298.988,27.7908],"dipPosition":[-17.0394,270.283,-24.3124],"direction":[-0.4157,-0.638194,0.647999],"extended":false,"handId":271,"id":2714,"length":46.32,"mcpPosition":[0.697261,309.415,-22.5468],"pipPosition":[-9.58334,281.73,-35.935],"stabilizedTipPosition":[-28.9226,226.023,122.841],"timeVisible":0.795497,"tipPosition":[-20.4706,267.027,-14.2417],"tipVelocity":[-72.0874,28.187,-116.01],"tool":false,"touchDistance":0.333333,"touchZone":"none","type":4,"width":14.7252}],"r":[[0.922871,-0.149089,0.35508],[0.176345,0.983277,-0.0454776],[-0.342362,0.104587,0.933729]],"s":1.08191,"t":[22.1712,52.1144,-170.81],"timestamp":3132884995},false],[2,{"currentFrameRate":106.349,"devices":[],"gestures":[],"hands":[{"armBasis":[[0.942586,0.16474,-0.290505],[0.0089693,0.857066,0.515129],[0.333844,-0.488159,0.80638]],"armWidth":58.4334,"confidence":0.624834,"direction":[-0.00161714,0.309672,-0.950842],"elbow":[54.907,174.401,233.445],"grabStrength":0,"id":271,"palmNormal":[-0.00883166,-0.950811,-0.309647],"palmPosition":[-34.8575,306.892,-14.4961],"palmVelocity":[-60.6874,31.0439,-138.298],"palmWidth":83.4409,"pinchStrength":0.667038,"r":[[0.922474,-0.151459,0.355107],[0.178727,0.982865,-0.0450772],[-0.342195,0.10505,0.933738]],"s":1.08446,"sphereCenter":[-48.5748,281.83,-42.4598],"sphereRadius":42.9543,"stabilizedPalmPosition":[-46.8753,262.738,140.566],"t":[21.5741,52.454,-172.123],"timeVisible":0.804466,"type":"right","wrist":[-27.7524,295.269,33.7862]}],"id":304117,"interactionBox":{"center":[0,200,0],"size":[235.247,235.247,147.751]},"pointables":[{"bases":[[[0.409965,0.90768,0.089697],[-0.800181,0.310717,0.512997],[0.437767,-0.282084,0.853691]],[[0.292614,0.948884,-0.118306],[-0.91868,0.313294,0.24057],[0.265338,0.0382907,0.963395]],[[0.292614,0.948884,-0.118306],[-0.921332,0.24665,-0.300518],[-0.255976,0.196934,0.946411]],[[0.292614,0.948884,-0.118306],[-0.761236,0.15628,-0.629362],[-0.578702,0.274218,0.768055]]],"btipPosition":[-45.6992,271.291,-56.3606],"carpPosition":[-53.9766,285.087,33.815],"dipPosition":[-58.1192,277.177,-39.8767],"direction":[0.255976,-0.196934,-0.946411],"extended":false,"handId":271,"id":2710,"length":47.7925,"mcpPosition":[-53.9766,285.087,33.815],"pipPosition":[-66.1228,283.334,-10.2855],"stabilizedTipPosition":[-74.3115,214.364,111.222],"timeVisible":0.804466,"tipPosition":[-48.5488,271.687,-52.3979],"tipVelocity":[-75.504,45.6916,-140.432],"tool":false,"touchDistance":-0.496609,"touchZone":"touching","type":0,"width":18.5699},{"bases":[[[0.985492,0.0442099,-0.16386],[-0.0164082,0.985773,0.167281],[0.168924,-0.162166,0.972197]],[[0.995324,0.0320304,-0.0911236],[-0.00541856,0.960445,0.278416],[0.0964371,-0.27662,0.956128]],[[0.995324,0.0320304,-0.0911236],[-0.0177617,0.988022,0.153287],[0.094942,-0.150952,0.983971]],[[0.995324,0.0320304,-0.0911236],[-0.0278036,0.998494,0.0472839],[0.092501,-0.0445292,0.994716]]],"btipPosition":[-65.188,330.999,-110.649],"carpPosition":[-46.4382,305.116,30.0054],"dipPosition":[-63.7387,330.301,-95.0639],"direction":[-0.094942,0.150952,-0.983971],"extended":true,"handId":271,"id":2711,"length":53.9285,"mcpPosition":[-57.8348,316.057,-35.5846],"pipPosition":[-61.6343,326.955,-73.2541],"stabilizedTipPosition":[-78.2434,277.012,25.8412],"timeVisible":0.804466,"tipPosition":[-64.1259,329.78,-107.253],"tipVelocity":[-72.5066,70.7665,-130.695],"tool":false,"touchDistance":-0.479175,"touchZone":"touching","type":1,"width":17.738},{"bases":[[[0.987515,-0.146808,-0.0571066],[0.15415,0.975256,0.158474],[0.0324282,-0.165299,0.98571]],[[0.987993,-0.150466,-0.0350594],[0.0303879,0.411752,-0.910789],[0.151479,0.898788,0.41138]],[[0.987993,-0.150466,-0.0350594],[-0.125645,-0.65048,-0.749058],[0.0899026,0.74447,-0.661576]],[[0.987993,-0.150466,-0.0350594],[-0.153835,-0.937118,-0.31328],[0.0142833,0.314912,-0.949013]]],"btipPosition":[-46.9078,253.244,-19.7317],"carpPosition":[-35.5469,307.237,27.911],"dipPosition":[-46.6616,258.671,-36.0859],"direction":[-0.0899026,-0.74447,0.661576],"extended":false,"handId":271,"id":2712,"length":61.4471,"mcpPosition":[-37.6217,317.812,-35.1543],"pipPosition":[-44.3172,278.085,-53.3379],"stabilizedTipPosition":[-53.6606,206.89,124.25],"timeVisible":0.804466,"tipPosition":[-46.9082,254.395,-24.9317],"tipVelocity":[-78.2989,39.148,-110.55],"tool":false,"touchDistance":0.333333,"touchZone":"none","type":2,"width":17.4211},{"bases":[[[0.967075,-0.242631,0.0767883],[0.225265,0.956508,0.185331],[-0.118416,-0.161931,0.979671]],[[0.966655,-0.243196,0.0802103],[0.162683,0.341295,-0.925771],[0.197768,0.90795,0.369479]],[[0.966655,-0.243196,0.0802103],[-0.113713,-0.68829,-0.716468],[0.22945,0.683456,-0.692994]],[[0.966655,-0.243196,0.0802103],[-0.210856,-0.93363,-0.289611],[0.145319,0.263041,-0.953778]]],"btipPosition":[-33.9931,256.752,-10.8072],"carpPosition":[-24.3735,306.52,26.6601],"dipPosition":[-31.5033,261.259,-27.1491],"direction":[-0.22945,-0.683456,0.692994],"extended":false,"handId":271,"id":2713,"length":59.0831,"mcpPosition":[-17.5713,315.822,-29.6152],"pipPosition":[-25.6744,278.621,-44.7537],"stabilizedTipPosition":[-38.263,214.634,124.7],"timeVisible":0.804466,"tipPosition":[-33.3543,257.602,-15.843],"tipVelocity":[-78.3792,34.4621,-120.393],"tool":false,"touchDistance":0.333333,"touchZone":"none","type":3,"width":16.5772},{"bases":[[[0.896267,-0.414428,0.157974],[0.361585,0.889037,0.280837],[-0.256831,-0.194584,0.946665]],[[0.893583,-0.416403,0.167683],[0.314781,0.314938,-0.895392],[0.320035,0.852891,0.412499]],[[0.893583,-0.416403,0.167683],[-0.163256,-0.64942,-0.742699],[0.418159,0.636288,-0.648291]],[[0.893583,-0.416403,0.167683],[-0.341648,-0.873161,-0.34766],[0.291181,0.253374,-0.922505]]],"btipPosition":[-22.3565,266.527,-10.9732],"carpPosition":[-13.5333,299.253,26.5311],"dipPosition":[-17.7539,270.532,-25.555],"direction":[-0.418159,-0.636288,0.648291],"extended":false,"handId":271,"id":2714,"length":46.32,"mcpPosition":[0.123534,309.6,-23.8073],"pipPosition":[-10.2538,281.944,-37.1828],"stabilizedTipPosition":[-28.9196,226.04,122.787],"timeVisible":0.804466,"tipPosition":[-21.2014,267.297,-15.4726],"tipVelocity":[-74.5803,28.6745,-122.142],"tool":false,"touchDistance":0.333333,"touchZone":"none","type":4,"width":14.7252}],"r":[[0.922474,-0.151459,0.355107],[0.178727,0.982865,-0.0450772],[-0.342195,0.10505,0.933738]],"s":1.08446,"t":[21.5741,52.454,-172.123],"timestamp":3132893964},false],[3,{"currentFrameRate":106.385,"devices":[],"gestures":[],"hands":[{"armBasis":[[0.942692,0.16816,-0.288192],[0.00528297,0.856085,0.516808],[0.333623,-0.488713,0.806136]],"armWidth":58.4334,"confidence":0.633444,"direction":[-0.000969712,0.310361,-0.950618],"elbow":[54.4119,174.406,232.748],"grabStrength":0,"id":271,"palmNormal":[-0.00519821,-0.950608,-0.310352],"palmPosition":[-35.2518,307.046,-15.1369],"palmVelocity":[-55.4631,26.9116,-118.576],"palmWidth":83.4409,"pinchStrength":0.666306,"r":[[0.922129,-0.152807,0.355427],[0.180009,0.982656,-0.0445517],[-0.342455,0.105062,0.933642]],"s":1.08695,"sphereCenter":[-49.4199,282.182,-43.12],"sphereRadius":43.0917,"stabilizedPalmPosition":[-46.8722,262.75,140.524],"t":[21.0785,52.7006,-173.1],"timeVisible":0.8138,"type":"right","wrist":[-28.193,295.41,33.1493]}],"id":304118,"interactionBox":{"center":[0,200,0],"size":[235.247,235.247,147.751]},"pointables":[{"bases":[[[0.406852,0.908943,0.0910704],[-0.80208,0.307737,0.511827],[0.437196,-0.281283,0.854248]],[[0.29021,0.949867,-0.116323],[-0.91989,0.310405,0.23969],[0.263781,0.037444,0.963856]],[[0.29021,0.949867,-0.116323],[-0.921491,0.244593,-0.301708],[-0.258131,0.19475,0.946277]],[[0.29021,0.949867,-0.116323],[-0.761476,0.155593,-0.629242],[-0.579597,0.27119,0.768456]]],"btipPosition":[-45.9486,271.52,-57.0762],"carpPosition":[-54.3839,285.143,33.125],"dipPosition":[-58.3878,277.34,-40.5837],"direction":[0.258131,-0.19475,-0.946277],"extended":false,"handId":271,"id":2710,"length":47.7925,"mcpPosition":[-54.3839,285.143,33.125],"pipPosition":[-66.4587,283.429,-10.9966],"stabilizedTipPosition":[-74.2722,214.454,110.968],"timeVisible":0.8138,"tipPosition":[-48.7858,271.913,-53.1099],"tipVelocity":[-61.8241,39.2227,-122.314],"tool":false,"touchDistance":-0.485985,"touchZone":"touching","type":0,"width":18.5699},{"bases":[[[0.985627,0.0475355,-0.16211],[-0.0199074,0.985591,0.167968],[0.167758,-0.162327,0.972372]],[[0.9951,0.0358056,-0.0921595],[-0.00826848,0.958994,0.283307],[0.0985243,-0.281157,0.954591]],[[0.9951,0.0358056,-0.0921595],[-0.0208295,0.987122,0.158606],[0.0966516,-0.15591,0.983031]],[[0.9951,0.0358056,-0.0921595],[-0.0310289,0.998125,0.0527523],[0.0938755,-0.0496342,0.994346]]],"btipPosition":[-65.7169,331.462,-111.236],"carpPosition":[-46.9041,305.2,29.343],"dipPosition":[-64.246,330.684,-95.6567],"direction":[-0.0966516,0.15591,-0.983031],"extended":true,"handId":271,"id":2711,"length":53.9285,"mcpPosition":[-58.2221,316.151,-36.2588],"pipPosition":[-62.1037,327.228,-73.8677],"stabilizedTipPosition":[-78.1645,277.345,25.022],"timeVisible":0.8138,"tipPosition":[-64.6372,330.209,-107.851],"tipVelocity":[-67.8692,64.2086,-111.533],"tool":false,"touchDistance":-0.468415,"touchZone":"touching","type":1,"width":17.738},{"bases":[[[0.988086,-0.143553,-0.0554917],[0.150699,0.975636,0.159451],[0.03125,-0.165914,0.985645]],[[0.988537,-0.147214,-0.0335172],[0.0306721,0.413178,-0.910133],[0.147833,0.898672,0.412957]],[[0.988537,-0.147214,-0.0335172],[-0.122218,-0.6499,-0.750129],[0.0886466,0.745626,-0.660442]],[[0.988537,-0.147214,-0.0335172],[-0.150246,-0.937291,-0.314504],[0.014884,0.315934,-0.948664]]],"btipPosition":[-47.118,253.361,-20.4746],"carpPosition":[-36.0161,307.357,27.2692],"dipPosition":[-46.8616,258.806,-36.8228],"direction":[-0.0886466,-0.745626,0.660442],"extended":false,"handId":271,"id":2712,"length":61.4471,"mcpPosition":[-38.0155,317.972,-35.792],"pipPosition":[-44.5499,278.249,-54.0453],"stabilizedTipPosition":[-53.6555,206.926,124.136],"timeVisible":0.8138,"tipPosition":[-47.1118,254.52,-25.6153],"tipVelocity":[-62.4333,31.7341,-101.743],"tool":false,"touchDistance":0.333333,"touchZone":"none","type":2,"width":17.4211},{"bases":[[[0.967724,-0.23954,0.0782978],[0.221828,0.9571,0.186418],[-0.119593,-0.163032,0.979346]],[[0.967319,-0.240083,0.0815671],[0.162075,0.33805,-0.927067],[0.195,0.90999,0.365914]],[[0.967319,-0.240083,0.0815671],[-0.111487,-0.691632,-0.713593],[0.227736,0.681179,-0.695796]],[[0.967319,-0.240083,0.0815671],[-0.207879,-0.935088,-0.287048],[0.145188,0.260711,-0.954437]]],"btipPosition":[-34.231,256.987,-11.1829],"carpPosition":[-24.8382,306.678,26.0372],"dipPosition":[-31.7434,261.454,-27.5361],"direction":[-0.227736,-0.681179,0.695796],"extended":false,"handId":271,"id":2713,"length":59.0831,"mcpPosition":[-17.9684,316.043,-30.2193],"pipPosition":[-25.9581,278.758,-45.2118],"stabilizedTipPosition":[-38.2607,214.656,124.63],"timeVisible":0.8138,"tipPosition":[-33.5931,257.823,-16.2252],"tipVelocity":[-63.4173,31.5537,-97.7755],"tool":false,"touchDistance":0.333333,"touchZone":"none","type":3,"width":16.5772},{"bases":[[[0.897334,-0.411625,0.159235],[0.358201,0.890003,0.282112],[-0.257844,-0.196111,0.946075]],[[0.894789,-0.41351,0.168411],[0.314573,0.316181,-0.895027],[0.316854,0.853838,0.412994]],[[0.894789,-0.41351,0.168411],[-0.160561,-0.649962,-0.742812],[0.416621,0.637619,-0.647973]],[[0.894789,-0.41351,0.168411],[-0.338514,-0.874241,-0.348009],[0.291137,0.254385,-0.92224]]],"btipPosition":[-22.6122,266.73,-11.577],"carpPosition":[-13.9743,299.446,25.9218],"dipPosition":[-18.0103,270.751,-26.1546],"direction":[-0.416621,-0.637619,0.647973],"extended":false,"handId":271,"id":2714,"length":46.32,"mcpPosition":[-0.263557,309.874,-24.3851],"pipPosition":[-10.5377,282.188,-37.7767],"stabilizedTipPosition":[-28.9158,226.061,122.717],"timeVisible":0.8138,"tipPosition":[-21.4615,267.506,-16.0575],"tipVelocity":[-61.2225,26.8421,-105.843],"tool":false,"touchDistance":0.333333,"touchZone":"none","type":4,"width":14.7252}],"r":[[0.922129,-0.152807,0.355427],[0.180009,0.982656,-0.0445517],[-0.342455,0.105062,0.933642]],"s":1.08695,"t":[21.0785,52.7006,-173.1],"timestamp":3132903298},false],[4,{"currentFrameRate":106.678,"devices":[],"gestures":[],"hands":[{"armBasis":[[0.941621,0.172836,-0.288924],[0.00138124,0.856181,0.516675],[0.336671,-0.486911,0.805959]],"armWidth":58.4334,"confidence":0.642566,"direction":[-0.00065706,0.313898,-0.949456],"elbow":[54.834,174.79,232.356],"grabStrength":0,"id":271,"palmNormal":[-0.00126707,-0.949456,-0.313897],"palmPosition":[-35.5534,307.138,-15.4517],"palmVelocity":[-49.6937,22.4513,-96.1477],"palmWidth":83.4409,"pinchStrength":0.66403,"r":[[0.921854,-0.153479,0.355851],[0.180333,0.98265,-0.043344],[-0.343025,0.104128,0.933537]],"s":1.08923,"sphereCenter":[-50.0184,282.487,-43.5365],"sphereRadius":43.2022,"stabilizedPalmPosition":[-46.8682,262.765,140.469],"t":[20.6799,52.8699,-173.746],"timeVisible":0.822638,"type":"right","wrist":[-28.5255,295.348,32.8016]}],"id":304119,"interactionBox":{"center":[0,200,0],"size":[235.247,235.247,147.751]},"pointables":[{"bases":[[[0.403402,0.91007,0.0950772],[-0.80397,0.302909,0.511741],[0.43692,-0.282876,0.853863]],[[0.287829,0.951243,-0.110865],[-0.920581,0.306728,0.241762],[0.26398,0.0324745,0.963981]],[[0.287829,0.951243,-0.110865],[-0.921669,0.243695,-0.301891],[-0.260154,0.189074,0.946874]],[[0.287829,0.951243,-0.110865],[-0.761166,0.156974,-0.629273],[-0.581189,0.26551,0.769236]]],"btipPosition":[-46.1552,271.889,-57.5434],"carpPosition":[-54.6788,284.986,32.6989],"dipPosition":[-58.6286,277.588,-41.0341],"direction":[0.260154,-0.189074,-0.946874],"extended":false,"handId":271,"id":2710,"length":47.7925,"mcpPosition":[-54.6788,284.986,32.6989],"pipPosition":[-66.7628,283.499,-11.4284],"stabilizedTipPosition":[-74.2281,214.557,110.68],"timeVisible":0.822638,"tipPosition":[-48.9613,272.257,-53.5858],"tipVelocity":[-51.6701,39.069,-103.42],"tool":false,"touchDistance":-0.47267,"touchZone":"touching","type":0,"width":18.5699},{"bases":[[[0.985692,0.0517215,-0.160423],[-0.0237497,0.984879,0.171606],[0.166873,-0.165341,0.972016]],[[0.994854,0.0401946,-0.0929999],[-0.011481,0.956748,0.290691],[0.100662,-0.288127,0.952287]],[[0.994854,0.0401946,-0.0929999],[-0.0243201,0.98584,0.165919],[0.098352,-0.162803,0.981744]],[[0.994854,0.0401946,-0.0929999],[-0.034719,0.997609,0.0597646],[0.0951797,-0.0562282,0.993871]]],"btipPosition":[-66.1617,332.079,-111.425],"carpPosition":[-47.2664,305.083,29.0031],"dipPosition":[-64.6704,331.199,-95.8533],"direction":[-0.098352,0.162803,-0.981744],"extended":true,"handId":271,"id":2711,"length":53.9285,"mcpPosition":[-58.5246,316.238,-36.5747],"pipPosition":[-62.4904,327.59,-74.0929],"stabilizedTipPosition":[-78.0646,277.786,23.9474],"timeVisible":0.822638,"tipPosition":[-65.067,330.801,-108.053],"tipVelocity":[-62.984,65.0261,-87.2166],"tool":false,"touchDistance":-0.45277,"touchZone":"touching","type":1,"width":17.738},{"bases":[[[0.988685,-0.139753,-0.0545132],[0.146905,0.975576,0.163313],[0.0303582,-0.169474,0.985067]],[[0.989115,-0.143491,-0.0325729],[0.0305398,0.416752,-0.908507],[0.143937,0.897624,0.416598]],[[0.989115,-0.143491,-0.0325729],[-0.118723,-0.647506,-0.752755],[0.0869223,0.748429,-0.657494]],[[0.989115,-0.143491,-0.0325729],[-0.146359,-0.936651,-0.318219],[0.015152,0.319523,-0.947457]]],"btipPosition":[-47.2155,253.431,-21.0114],"carpPosition":[-36.3832,307.288,26.954],"dipPosition":[-46.9544,258.938,-37.3389],"direction":[-0.0869223,-0.748429,0.657494],"extended":false,"handId":271,"id":2712,"length":61.4471,"mcpPosition":[-38.3255,318.131,-36.0702],"pipPosition":[-44.6877,278.455,-54.4844],"stabilizedTipPosition":[-53.6505,206.963,124.021],"timeVisible":0.822638,"tipPosition":[-47.2054,254.61,-26.1331],"tipVelocity":[-48.5018,25.7396,-90.5101],"tool":false,"touchDistance":0.333333,"touchZone":"none","type":2,"width":17.4211},{"bases":[[[0.96847,-0.236312,0.0788866],[0.218059,0.957198,0.19032],[-0.120485,-0.167117,0.978548]],[[0.968071,-0.236856,0.0820809],[0.161831,0.340451,-0.926231],[0.191439,0.909941,0.367912]],[[0.968071,-0.236856,0.0820809],[-0.108417,-0.69084,-0.714833],[0.226017,0.68311,-0.694462]],[[0.968071,-0.236856,0.0820809],[-0.204304,-0.935228,-0.289153],[0.145252,0.263151,-0.953758]]],"btipPosition":[-34.3542,257.109,-11.565],"carpPosition":[-25.201,306.654,25.7366],"dipPosition":[-31.8655,261.618,-27.9065],"direction":[-0.226017,-0.68311,0.694462],"extended":false,"handId":271,"id":2713,"length":59.0831,"mcpPosition":[-18.28,316.254,-30.4741],"pipPosition":[-26.1238,278.971,-45.5484],"stabilizedTipPosition":[-38.258,214.681,124.548],"timeVisible":0.822638,"tipPosition":[-33.7169,257.957,-16.5816],"tipVelocity":[-50.0304,27.0535,-82.9478],"tool":false,"touchDistance":0.333333,"touchZone":"none","type":3,"width":16.5772},{"bases":[[[0.898584,-0.408952,0.159075],[0.35453,0.890241,0.285972],[-0.258564,-0.200573,0.944942]],[[0.896199,-0.410757,0.16765],[0.313789,0.319728,-0.894042],[0.313632,0.853846,0.41543]],[[0.896199,-0.410757,0.16765],[-0.158053,-0.648693,-0.744458],[0.414545,0.640684,-0.646279]],[[0.896199,-0.410757,0.16765],[-0.335235,-0.874495,-0.350537],[0.290595,0.257948,-0.921421]]],"btipPosition":[-22.76,266.873,-11.95],"carpPosition":[-14.3107,299.462,25.6109],"dipPosition":[-18.1667,270.95,-26.5146],"direction":[-0.414545,-0.640684,0.646279],"extended":false,"handId":271,"id":2714,"length":46.32,"mcpPosition":[-0.561688,310.128,-24.6358],"pipPosition":[-10.7314,282.441,-38.1063],"stabilizedTipPosition":[-28.9119,226.083,122.642],"timeVisible":0.822638,"tipPosition":[-21.6157,267.666,-16.4123],"tipVelocity":[-49.2527,24.3283,-88.545],"tool":false,"touchDistance":0.333333,"touchZone":"none","type":4,"width":14.7252}],"r":[[0.921854,-0.153479,0.355851],[0.180333,0.98265,-0.043344],[-0.343025,0.104128,0.933537]],"s":1.08923,"t":[20.6799,52.8699,-173.746],"timestamp":3132912136},false],[5,{"currentFrameRate":106.681,"devices":[],"gestures":[],"hands":[{"armBasis":[[0.941688,0.174061,-0.287971],[-0.000678043,0.856793,0.515661],[0.336488,-0.485396,0.806949]],"armWidth":58.4334,"confidence":0.643544,"direction":[0.000243231,0.316976,-0.948434],"elbow":[54.5114,175.125,232.316],"grabStrength":0,"id":271,"palmNormal":[0.000640475,-0.948434,-0.316976],"palmPosition":[-35.7784,307.244,-15.709],"palmVelocity":[-42.4029,19.2837,-76.6409],"palmWidth":83.4409,"pinchStrength":0.658035,"r":[[0.921576,-0.153967,0.356359],[0.180303,0.982727,-0.0416878],[-0.343785,0.102671,0.933419]],"s":1.09162,"sphereCenter":[-50.443,282.753,-43.8868],"sphereRadius":43.2927,"stabilizedPalmPosition":[-46.8625,262.788,140.388],"t":[20.3681,53.0074,-174.198],"timeVisible":0.832005,"type":"right","wrist":[-28.8027,295.308,32.516]}],"id":304120,"interactionBox":{"center":[0,200,0],"size":[235.247,235.247,147.751]},"pointables":[{"bases":[[[0.401872,0.91037,0.0986158],[-0.805175,0.300021,0.511547],[0.43611,-0.284979,0.853578]],[[0.287935,0.95187,-0.105059],[-0.919787,0.305425,0.24639],[0.266619,0.025688,0.96346]],[[0.287935,0.95187,-0.105059],[-0.921846,0.24578,-0.299653],[-0.259409,0.183129,0.948246]],[[0.287935,0.95187,-0.105059],[-0.762811,0.161643,-0.626092],[-0.578976,0.260415,0.772639]]],"btipPosition":[-46.6079,272.416,-57.9928],"carpPosition":[-54.9399,284.906,32.3416],"dipPosition":[-59.0338,278.005,-41.4105],"direction":[0.259409,-0.183129,-0.948246],"extended":false,"handId":271,"id":2710,"length":47.7925,"mcpPosition":[-54.9399,284.906,32.3416],"pipPosition":[-67.1447,283.731,-11.7618],"stabilizedTipPosition":[-74.166,214.705,110.267],"timeVisible":0.832005,"tipPosition":[-49.2873,272.756,-54.017],"tipVelocity":[-50.3893,43.1738,-87.1624],"tool":false,"touchDistance":-0.460225,"touchZone":"touching","type":0,"width":18.5699},{"bases":[[[0.985844,0.0537437,-0.158816],[-0.0255045,0.98428,0.174764],[0.165712,-0.16824,0.971718]],[[0.994691,0.0424208,-0.0937541],[-0.0127363,0.954824,0.2969],[0.102113,-0.29413,0.950295]],[[0.994691,0.0424208,-0.0937541],[-0.0258399,0.984851,0.171464],[0.0996075,-0.168131,0.980719]],[[0.994691,0.0424208,-0.0937541],[-0.0364473,0.99725,0.0645337],[0.0962338,-0.0607741,0.993502]]],"btipPosition":[-66.4714,332.645,-111.579],"carpPosition":[-47.5529,305.027,28.7218],"dipPosition":[-64.9636,331.692,-96.0132],"direction":[-0.0996075,0.168131,-0.980719],"extended":true,"handId":271,"id":2711,"length":53.9285,"mcpPosition":[-58.7327,316.378,-36.8358],"pipPosition":[-62.7558,327.966,-74.2755],"stabilizedTipPosition":[-77.917,278.462,22.3158],"timeVisible":0.832005,"tipPosition":[-65.3645,331.366,-108.216],"tipVelocity":[-54.3714,63.1957,-67.1603],"tool":false,"touchDistance":-0.438159,"touchZone":"touching","type":1,"width":17.738},{"bases":[[[0.988975,-0.138069,-0.053524],[0.145176,0.975263,0.16669],[0.0291853,-0.172622,0.984556]],[[0.98938,-0.14187,-0.0316377],[0.0311538,0.41957,-0.907188],[0.141977,0.896568,0.419534]],[[0.98938,-0.14187,-0.0316377],[-0.116689,-0.645438,-0.754846],[0.0866697,0.750521,-0.655138]],[[0.98938,-0.14187,-0.0316377],[-0.144475,-0.935913,-0.321239],[0.015964,0.322398,-0.946469]]],"btipPosition":[-47.3481,253.542,-21.4452],"carpPosition":[-36.6701,307.255,26.6957],"dipPosition":[-47.073,259.098,-37.7556],"direction":[-0.0866697,-0.750521,0.655138],"extended":false,"handId":271,"id":2712,"length":61.4471,"mcpPosition":[-38.5373,318.299,-36.2957],"pipPosition":[-44.8129,278.67,-54.8397],"stabilizedTipPosition":[-53.6453,207.003,123.898],"timeVisible":0.832005,"tipPosition":[-47.3326,254.737,-26.5451],"tipVelocity":[-38.6495,22.1398,-77.837],"tool":false,"touchDistance":0.333333,"touchZone":"none","type":2,"width":17.4211},{"bases":[[[0.968714,-0.235091,0.0795324],[0.216319,0.956907,0.19374],[-0.121652,-0.170475,0.977824]],[[0.968311,-0.235647,0.0827283],[0.161914,0.340122,-0.926337],[0.190151,0.910378,0.367499]],[[0.968311,-0.235647,0.0827283],[-0.107327,-0.691735,-0.714131],[0.225509,0.682622,-0.695107]],[[0.968311,-0.235647,0.0827283],[-0.202967,-0.935527,-0.289126],[0.145526,0.263173,-0.95371]]],"btipPosition":[-34.5103,257.284,-11.7349],"carpPosition":[-25.4852,306.642,25.4926],"dipPosition":[-32.0169,261.793,-28.0757],"direction":[-0.225509,-0.682622,0.695107],"extended":false,"handId":271,"id":2713,"length":59.0831,"mcpPosition":[-18.4972,316.435,-30.6765],"pipPosition":[-26.2882,279.134,-45.7339],"stabilizedTipPosition":[-38.2547,214.715,124.439],"timeVisible":0.832005,"tipPosition":[-33.8724,258.128,-16.7508],"tipVelocity":[-40.5225,24.6773,-64.5363],"tool":false,"touchDistance":0.333333,"touchZone":"none","type":3,"width":16.5772},{"bases":[[[0.898976,-0.408097,0.159058],[0.352753,0.889847,0.289374],[-0.25963,-0.204032,0.943908]],[[0.896779,-0.409784,0.166924],[0.313443,0.32205,-0.893329],[0.312314,0.85344,0.417252]],[[0.896779,-0.409784,0.166924],[-0.157099,-0.647542,-0.745661],[0.41365,0.642469,-0.645079]],[[0.896779,-0.409784,0.166924],[-0.333867,-0.87423,-0.352499],[0.290379,0.260383,-0.920804]]],"btipPosition":[-22.9142,267.004,-12.2368],"carpPosition":[-14.5837,299.467,25.3595],"dipPosition":[-18.3242,271.12,-26.7917],"direction":[-0.41365,-0.642469,0.645079],"extended":false,"handId":271,"id":2714,"length":46.32,"mcpPosition":[-0.778012,310.317,-24.8322],"pipPosition":[-10.905,282.643,-38.3619],"stabilizedTipPosition":[-28.9073,226.111,122.552],"timeVisible":0.832005,"tipPosition":[-21.776,267.811,-16.6814],"tipVelocity":[-39.9613,21.6766,-72.026],"tool":false,"touchDistance":0.333333,"touchZone":"none","type":4,"width":14.7252}],"r":[[0.921576,-0.153967,0.356359],[0.180303,0.982727,-0.0416878],[-0.343785,0.102671,0.933419]],"s":1.09162,"t":[20.3681,53.0074,-174.198],"timestamp":3132921503},false],[6,{"currentFrameRate":107.017,"devices":[],"gestures":[],"hands":[{"armBasis":[[0.937615,0.185677,-0.293943],[-0.0106433,0.860384,0.509535],[0.347512,-0.474619,0.808685]],"armWidth":58.4334,"confidence":0.647188,"direction":[0.00470606,0.3229,-0.946421],"elbow":[56.2442,178.31,230.638],"grabStrength":0,"id":271,"palmNormal":[0.00989,-0.946401,-0.322844],"palmPosition":[-36.5172,308.011,-17.7907],"palmVelocity":[-53.7008,37.6247,-119.936],"palmWidth":83.4409,"pinchStrength":0.655706,"r":[[0.921064,-0.153453,0.3579],[0.178897,0.983099,-0.0388826],[-0.345885,0.0998406,0.93295]],"s":1.0945,"sphereCenter":[-51.278,283.765,-46.1807],"sphereRadius":43.4433,"stabilizedPalmPosition":[-46.8563,262.815,140.294],"t":[19.8427,53.4596,-175.465],"timeVisible":0.840735,"type":"right","wrist":[-29.7995,295.825,30.4083]}],"id":304121,"interactionBox":{"center":[0,200,0],"size":[235.247,235.247,147.751]},"pointables":[{"bases":[[[0.394446,0.91265,0.10716],[-0.811005,0.290917,0.50758],[0.432068,-0.28712,0.854915]],[[0.28225,0.954515,-0.0961005],[-0.923167,0.297489,0.24344],[0.260956,0.020006,0.965143]],[[0.28225,0.954515,-0.0961005],[-0.921334,0.241787,-0.304438],[-0.267355,0.174468,0.947672]],[[0.28225,0.954515,-0.0961005],[-0.758985,0.160912,-0.630911],[-0.586751,0.251013,0.76988]]],"btipPosition":[-46.8511,273.475,-60.3534],"carpPosition":[-55.8576,285.233,29.9809],"dipPosition":[-59.4439,278.863,-43.8303],"direction":[0.267355,-0.174468,-0.947672],"extended":false,"handId":271,"id":2710,"length":47.7925,"mcpPosition":[-55.8576,285.233,29.9809],"pipPosition":[-67.8032,284.318,-14.1996],"stabilizedTipPosition":[-74.1041,214.857,109.844],"timeVisible":0.840735,"tipPosition":[-49.5475,273.785,-56.4088],"tipVelocity":[-45.5367,62.674,-136.608],"tool":false,"touchDistance":-0.478149,"touchZone":"touching","type":0,"width":18.5699},{"bases":[[[0.986535,0.061945,-0.151367],[-0.0339975,0.982954,0.180682],[0.159979,-0.173103,0.971824]],[[0.994762,0.0507186,-0.088745],[-0.0212409,0.951831,0.305887],[0.0999844,-0.3024,0.947923]],[[0.994762,0.0507186,-0.088745],[-0.0340734,0.983093,0.179911],[0.0963694,-0.175945,0.979672]],[[0.994762,0.0507186,-0.088745],[-0.0443545,0.996398,0.0722717],[0.0920909,-0.0679569,0.993429]]],"btipPosition":[-66.9043,333.987,-113.651],"carpPosition":[-48.5931,305.43,26.5395],"dipPosition":[-65.4614,332.922,-98.0861],"direction":[-0.0963694,0.175945,-0.979672],"extended":true,"handId":271,"id":2711,"length":53.9285,"mcpPosition":[-59.3862,317.108,-39.0254],"pipPosition":[-63.3254,329.022,-76.3716],"stabilizedTipPosition":[-77.7616,279.219,20.5026],"timeVisible":0.840735,"tipPosition":[-65.7926,332.697,-110.295],"tipVelocity":[-53.5482,86.633,-112.694],"tool":false,"touchDistance":-0.453756,"touchZone":"touching","type":1,"width":17.738},{"bases":[[[0.990323,-0.130495,-0.0472477],[0.136798,0.975236,0.173783],[0.0234,-0.178564,0.98365]],[[0.990598,-0.134431,-0.0253776],[0.0344716,0.424791,-0.904635],[0.132391,0.895255,0.425432]],[[0.990598,-0.134431,-0.0253776],[-0.106602,-0.64224,-0.759054],[0.0857416,0.754623,-0.650532]],[[0.990598,-0.134431,-0.0253776],[-0.135295,-0.935177,-0.327323],[0.0202697,0.327679,-0.944572]]],"btipPosition":[-47.6469,254.277,-23.8907],"carpPosition":[-37.7127,307.75,24.6057],"dipPosition":[-47.2976,259.924,-40.1684],"direction":[-0.0857416,-0.754623,0.650532],"extended":false,"handId":271,"id":2712,"length":61.4471,"mcpPosition":[-39.2098,319.174,-38.3278],"pipPosition":[-45.0617,279.603,-57.1325],"stabilizedTipPosition":[-53.6411,207.036,123.795],"timeVisible":0.840735,"tipPosition":[-47.6039,255.499,-28.9608],"tipVelocity":[-36.9428,39.386,-131.733],"tool":false,"touchDistance":0.333333,"touchZone":"none","type":2,"width":17.4211},{"bases":[[[0.969823,-0.228493,0.0850543],[0.207879,0.957232,0.201231],[-0.127397,-0.177477,0.975844]],[[0.969422,-0.229045,0.0880928],[0.162879,0.332039,-0.929097],[0.183555,0.915035,0.359192]],[[0.969422,-0.229045,0.0880928],[-0.101295,-0.700444,-0.706482],[0.22352,0.675956,-0.702227]],[[0.969422,-0.229045,0.0880928],[-0.196103,-0.93885,-0.283026],[0.147532,0.257096,-0.955058]]],"btipPosition":[-34.924,258.353,-13.09],"carpPosition":[-26.5153,307.226,23.4795],"dipPosition":[-32.3962,262.758,-29.4538],"direction":[-0.22352,-0.675956,0.702227],"extended":false,"handId":271,"id":2713,"length":59.0831,"mcpPosition":[-19.1973,317.421,-32.5759],"pipPosition":[-26.718,279.93,-47.2929],"stabilizedTipPosition":[-38.2513,214.754,124.315],"timeVisible":0.840735,"tipPosition":[-34.2641,259.137,-18.2844],"tipVelocity":[-42.1172,50.1063,-88.9621],"tool":false,"touchDistance":0.333333,"touchZone":"none","type":3,"width":16.5772},{"bases":[[[0.900792,-0.402499,0.163],[0.344114,0.890574,0.297428],[-0.264878,-0.21183,0.940727]],[[0.898684,-0.40415,0.170382],[0.316817,0.329534,-0.889401],[0.303305,0.85327,0.424188]],[[0.898684,-0.40415,0.170382],[-0.147633,-0.644543,-0.75018],[0.413003,0.649021,-0.638906]],[[0.898684,-0.40415,0.170382],[-0.325198,-0.874664,-0.359456],[0.294301,0.26763,-0.917475]]],"btipPosition":[-23.3703,267.857,-14.4349],"carpPosition":[-15.5606,300.132,23.3805],"dipPosition":[-18.7184,272.088,-28.9372],"direction":[-0.413003,-0.649021,0.638906],"extended":false,"handId":271,"id":2714,"length":46.32,"mcpPosition":[-1.47591,311.396,-26.6421],"pipPosition":[-11.3107,283.729,-40.3966],"stabilizedTipPosition":[-28.9033,226.136,122.468],"timeVisible":0.840735,"tipPosition":[-22.2152,268.699,-18.8506]