{"sensorType":"Leap","data":[[0,{"currentFrameRate":109.654,"devices":[],"gestures":[],"hands":[{"armBasis":[[0.912251,-0.086719,-0.400347],[0.256396,0.883092,0.392951],[0.319467,-0.461117,0.827836]],"armWidth":58.4334,"confidence":0.660598,"direction":[-0.0223555,0.499566,-0.865988],"elbow":[59.1647,157.076,230.266],"grabStrength":0,"id":273,"palmNormal":[-0.259701,-0.83937,-0.477507],"palmPosition":[-28.8195,294.159,-18.4421],"palmVelocity":[-18.5755,68.835,-148.457],"palmWidth":83.4409,"pinchStrength":0.808357,"r":[[0.929141,-0.0451596,0.366957],[-0.0403912,0.974174,0.222158],[-0.367512,-0.221238,0.903321]],"s":0.978861,"sphereCenter":[-41.607,269.806,-52.9904],"sphereRadius":42.6866,"stabilizedPalmPosition":[-28.3211,271.597,25.5104],"t":[46.4504,151.251,-171.209],"timeVisible":0.479191,"type":"right","wrist":[-19.935,271.248,25.2951]}],"id":305268,"interactionBox":{"center":[0,200,0],"size":[235.247,235.247,147.751]},"pointables":[{"bases":[[[0.616408,0.762034,0.198356],[-0.652106,0.352821,0.671026],[0.441361,-0.542974,0.714409]],[[0.513006,0.857047,0.0479124],[-0.723292,0.401537,0.561798],[0.462248,-0.32286,0.825886]],[[0.513006,0.857047,0.0479124],[-0.857342,0.514334,-0.020605],[-0.0423025,-0.0305068,0.998639]],[[0.513006,0.857047,0.0479124],[-0.724592,0.462296,-0.511125],[-0.460208,0.227493,0.85817]]],"btipPosition":[-57.6364,277.818,-60.2824],"carpPosition":[-47.676,266.968,27.1656],"dipPosition":[-67.5133,282.701,-41.8645],"direction":[0.0423025,0.0305068,-0.998639],"extended":false,"handId":273,"id":2730,"length":47.7925,"mcpPosition":[-47.676,266.968,27.1656],"pipPosition":[-68.836,281.747,-10.6402],"stabilizedTipPosition":[-60.2427,251.171,-7.53891],"timeVisible":0.479191,"tipPosition":[-59.0275,277.888,-55.8369],"tipVelocity":[-10.6726,88.7168,-172.432],"tool":false,"touchDistance":-0.585596,"touchZone":"hovering","type":0,"width":18.5699},{"bases":[[[0.947971,-0.127304,-0.291795],[0.229513,0.908473,0.349285],[0.220623,-0.398083,0.890424]],[[0.963565,-0.161437,-0.213263],[0.224067,0.922612,0.313977],[0.146072,-0.350322,0.925169]],[[0.963565,-0.161437,-0.213263],[0.203997,0.959237,0.195574],[0.172997,-0.231953,0.95722]],[[0.963565,-0.161437,-0.213263],[0.18581,0.977529,0.099553],[0.1924,-0.135552,0.971909]]],"btipPosition":[-63.5866,333.26,-106.836],"carpPosition":[-36.0982,285.336,26.1318],"dipPosition":[-60.5721,331.136,-91.6079],"direction":[-0.172997,0.231953,-0.95722],"extended":true,"handId":273,"id":2731,"length":53.9285,"mcpPosition":[-50.9827,312.193,-33.9413],"pipPosition":[-56.7376,325.995,-70.3911],"stabilizedTipPosition":[-62.2766,311.53,-70.9924],"timeVisible":0.479191,"tipPosition":[-62.1939,331.377,-103.722],"tipVelocity":[-12.5227,117.389,-142.36],"tool":false,"touchDistance":-0.550778,"touchZone":"hovering","type":1,"width":17.738},{"bases":[[[0.915953,-0.33291,-0.224053],[0.391262,0.864912,0.31439],[0.0891228,-0.37563,0.922475]],[[0.917313,-0.339131,-0.208632],[0.11317,0.724437,-0.679988],[0.381746,0.600151,0.702915]],[[0.917313,-0.339131,-0.208632],[-0.308243,-0.273171,-0.911243],[0.252038,0.900204,-0.355118]],[[0.917313,-0.339131,-0.208632],[-0.396861,-0.73633,-0.548014],[0.0322267,0.585498,-0.810033]]],"btipPosition":[-54.9735,249.488,-43.933],"carpPosition":[-25.27,285.547,22.9367],"dipPosition":[-54.4182,259.578,-57.8922],"direction":[-0.252038,-0.900204,0.355118],"extended":false,"handId":273,"id":2732,"length":61.4471,"mcpPosition":[-30.972,309.58,-36.0829],"pipPosition":[-47.8457,283.052,-67.1527],"stabilizedTipPosition":[-62.4148,214.727,28.955],"timeVisible":0.479191,"tipPosition":[-54.8126,251.961,-47.1826],"tipVelocity":[27.5955,46.9037,-130.649],"tool":false,"touchDistance":0.333333,"touchZone":"none","type":2,"width":17.4211},{"bases":[[[0.886967,-0.448806,-0.10892],[0.458345,0.826502,0.326825],[-0.0566587,-0.339805,0.938788]],[[0.888227,-0.438868,-0.13582],[0.217268,0.661787,-0.717518],[0.40478,0.60781,0.68317]],[[0.888227,-0.438868,-0.13582],[-0.290011,-0.306361,-0.906662],[0.356295,0.844712,-0.399395]],[[0.888227,-0.438868,-0.13582],[-0.439245,-0.72467,-0.530959],[0.134596,0.531271,-0.836442]]],"btipPosition":[-39.4333,246.866,-37.45],"carpPosition":[-14.7457,282.812,19.9905],"dipPosition":[-37.1271,255.969,-51.7815],"direction":[-0.356295,-0.844712,0.399395],"extended":false,"handId":273,"id":2733,"length":59.0831,"mcpPosition":[-11.491,302.331,-33.9363],"pipPosition":[-28.0759,277.428,-61.9276],"stabilizedTipPosition":[-46.8514,209.465,34.5909],"timeVisible":0.479191,"tipPosition":[-38.8248,249.176,-41.1037],"tipVelocity":[20.9179,61.7762,-138.341],"tool":false,"touchDistance":0.333333,"touchZone":"none","type":3,"width":16.5772},{"bases":[[[0.786441,-0.61547,-0.0520268],[0.583903,0.713345,0.387552],[-0.201414,-0.335166,0.920378]],[[0.792289,-0.60482,-0.0804397],[0.378952,0.591109,-0.712029],[0.478198,0.53365,0.697527]],[[0.792289,-0.60482,-0.0804397],[-0.295627,-0.2652,-0.917755],[0.533744,0.750907,-0.388916]],[[0.792289,-0.60482,-0.0804397],[-0.538465,-0.631107,-0.558354],[0.286938,0.485692,-0.825694]]],"btipPosition":[-24.8614,253.025,-34.574],"carpPosition":[-5.95679,273.652,16.9571],"dipPosition":[-20.3259,260.702,-47.6255],"direction":[-0.533744,-0.750907,0.388916],"extended":false,"handId":273,"id":2734,"length":46.32,"mcpPosition":[4.75325,291.475,-31.9834],"pipPosition":[-10.7526,274.171,-54.6011],"stabilizedTipPosition":[-28.1254,225.036,17.9105],"timeVisible":0.479191,"tipPosition":[-23.5896,254.915,-37.8247],"tipVelocity":[7.98192,63.6632,-92.2447],"tool":false,"touchDistance":0.333333,"touchZone":"none","type":4,"width":14.7252}],"r":[[0.929141,-0.0451596,0.366957],[-0.0403912,0.974174,0.222158],[-0.367512,-0.221238,0.903321]],"s":0.978861,"t":[46.4504,151.251,-171.209],"timestamp":3143523353},false],[1,{"currentFrameRate":109.672,"devices":[],"gestures":[],"hands":[{"armBasis":[[0.91241,-0.0777543,-0.401823],[0.250746,0.882154,0.398662],[0.323472,-0.464499,0.824383]],"armWidth":58.4334,"confidence":0.665415,"direction":[-0.0216308,0.500449,-0.865496],"elbow":[59.7932,157.348,227.508],"grabStrength":0,"id":273,"palmNormal":[-0.253767,-0.840095,-0.479419],"palmPosition":[-29.1345,295.274,-20.352],"palmVelocity":[-23.027,83.7644,-165.543],"palmWidth":83.4409,"pinchStrength":0.794683,"r":[[0.927576,-0.0410972,0.371367],[-0.0463873,0.973576,0.223604],[-0.370743,-0.224636,0.901159]],"s":0.984456,"sphereCenter":[-42.0919,271.17,-54.8736],"sphereRadius":42.6793,"stabilizedPalmPosition":[-28.3297,271.846,25.0276],"t":[46.2284,152.042,-172.66],"timeVisible":0.488278,"type":"right","wrist":[-20.2982,272.357,23.3917]}],"id":305269,"interactionBox":{"center":[0,200,0],"size":[235.247,235.247,147.751]},"pointables":[{"bases":[[[0.611883,0.76485,0.201503],[-0.656325,0.348809,0.669007],[0.441404,-0.541605,0.71542]],[[0.509703,0.85876,0.0522966],[-0.726114,0.396776,0.56154],[0.461478,-0.324192,0.825795]],[[0.509703,0.85876,0.0522966],[-0.859293,0.511148,-0.0185433],[-0.0426556,-0.0354865,0.998459]],[[0.509703,0.85876,0.0522966],[-0.73023,0.463957,-0.501506],[-0.454937,0.217431,0.863572]]],"btipPosition":[-58.0515,279.221,-62.3995],"carpPosition":[-48.0244,267.937,25.1547],"dipPosition":[-67.8153,283.887,-43.8657],"direction":[0.0426556,0.0354865,-0.998459],"extended":false,"handId":273,"id":2730,"length":47.7925,"mcpPosition":[-48.0244,267.937,25.1547],"pipPosition":[-69.149,282.778,-12.647],"stabilizedTipPosition":[-60.2434,251.572,-8.23624],"timeVisible":0.488278,"tipPosition":[-59.3967,279.23,-57.9224],"tipVelocity":[-19.5726,105.368,-188.382],"tool":false,"touchDistance":-0.586726,"touchZone":"hovering","type":0,"width":18.5699},{"bases":[[[0.949663,-0.122267,-0.288427],[0.223711,0.909195,0.351165],[0.2193,-0.398013,0.890782]],[[0.964583,-0.154864,-0.213536],[0.218933,0.921562,0.320611],[0.147135,-0.356005,0.922828]],[[0.964583,-0.154864,-0.213536],[0.198518,0.959253,0.201057],[0.173698,-0.236327,0.956022]],[[0.964583,-0.154864,-0.213536],[0.180031,0.978166,0.103832],[0.192793,-0.138598,0.971402]]],"btipPosition":[-63.9968,334.652,-108.68],"carpPosition":[-36.534,286.364,24.1846],"dipPosition":[-60.9762,332.48,-93.4605],"direction":[-0.173698,0.236327,-0.956022],"extended":true,"handId":273,"id":2731,"length":53.9285,"mcpPosition":[-51.3293,313.216,-35.9127],"pipPosition":[-57.1261,327.242,-72.2702],"stabilizedTipPosition":[-62.3195,312.476,-72.4223],"timeVisible":0.488278,"tipPosition":[-62.5876,332.776,-105.576],"tipVelocity":[-21.5106,126.964,-159.201],"tool":false,"touchDistance":-0.55173,"touchZone":"hovering","type":1,"width":17.738},{"bases":[[[0.918416,-0.328108,-0.221038],[0.385803,0.866477,0.316819],[0.0875732,-0.376249,0.922371]],[[0.919736,-0.334276,-0.205779],[0.11067,0.723782,-0.681096],[0.376613,0.603655,0.702683]],[[0.919736,-0.334276,-0.205779],[-0.304513,-0.276789,-0.911405],[0.247703,0.900915,-0.356364]],[[0.919736,-0.334276,-0.205779],[-0.391299,-0.739151,-0.548216],[0.0311537,0.584736,-0.810625]]],"btipPosition":[-54.9413,250.453,-45.7802],"carpPosition":[-25.6953,286.633,21.0298],"dipPosition":[-54.4044,260.529,-59.7497],"direction":[-0.247703,-0.900915,0.356364],"extended":false,"handId":273,"id":2732,"length":61.4471,"mcpPosition":[-31.2982,310.705,-37.9831],"pipPosition":[-47.945,284.023,-69.0426],"stabilizedTipPosition":[-62.3811,214.896,28.6089],"timeVisible":0.488278,"tipPosition":[-54.7963,252.936,-49.1047],"tipVelocity":[20.8097,63.2189,-150.828],"tool":false,"touchDistance":0.333333,"touchZone":"none","type":2,"width":17.4211},{"bases":[[[0.889578,-0.444279,-0.106144],[0.453029,0.828385,0.329459],[-0.0584435,-0.341166,0.938184]],[[0.890883,-0.434372,-0.13285],[0.216156,0.66264,-0.717067],[0.399505,0.610106,0.684227]],[[0.890883,-0.434372,-0.13285],[-0.28558,-0.308177,-0.907453],[0.35323,0.846374,-0.398598]],[[0.890883,-0.434372,-0.13285],[-0.433795,-0.726853,-0.532453],[0.13472,0.531983,-0.835969]]],"btipPosition":[-39.4399,247.937,-39.358],"carpPosition":[-15.1467,283.953,18.1195],"dipPosition":[-37.1317,257.052,-53.6813],"direction":[-0.35323,-0.846374,0.398598],"extended":false,"handId":273,"id":2733,"length":59.0831,"mcpPosition":[-11.7895,303.55,-35.7726],"pipPosition":[-28.1583,278.553,-63.8072],"stabilizedTipPosition":[-46.793,209.763,34.0231],"timeVisible":0.488278,"tipPosition":[-38.8348,250.249,-43.0282],"tipVelocity":[14.9395,77.3788,-158.112],"tool":false,"touchDistance":0.333333,"touchZone":"none","type":3,"width":16.5772},{"bases":[[[0.789671,-0.611505,-0.0498137],[0.578921,0.715781,0.390523],[-0.203151,-0.337223,0.919245]],[[0.795308,-0.601315,-0.0768456],[0.377179,0.590086,-0.713817],[0.474574,0.53872,0.696104]],[[0.795308,-0.601315,-0.0768456],[-0.292883,-0.270159,-0.917188],[0.530758,0.751954,-0.390975]],[[0.795308,-0.601315,-0.0768456],[-0.534046,-0.635003,-0.558181],[0.286846,0.484965,-0.826153]]],"btipPosition":[-24.9411,254.151,-36.2721],"carpPosition":[-6.30134,274.841,15.1083],"dipPosition":[-20.407,261.817,-49.3309],"direction":[-0.530758,-0.751954,0.390975],"extended":false,"handId":273,"id":2734,"length":46.32,"mcpPosition":[4.50107,292.772,-33.7719],"pipPosition":[-10.8873,275.304,-56.3435],"stabilizedTipPosition":[-28.0623,225.498,17.0558],"timeVisible":0.488278,"tipPosition":[-23.6768,256.046,-39.5877],"tipVelocity":[3.33473,80.2603,-118.493],"tool":false,"touchDistance":0.333333,"touchZone":"none","type":4,"width":14.7252}],"r":[[0.927576,-0.0410972,0.371367],[-0.0463873,0.973576,0.223604],[-0.370743,-0.224636,0.901159]],"s":0.984456,"t":[46.2284,152.042,-172.66],"timestamp":3143532440},false],[2,{"currentFrameRate":109.863,"devices":[],"gestures":[],"hands":[{"armBasis":[[0.914148,-0.0703231,-0.399235],[0.244577,0.88108,0.404821],[0.32329,-0.46771,0.822637]],"armWidth":58.4334,"confidence":0.649833,"direction":[-0.020635,0.499326,-0.866168],"elbow":[59.355,157.56,225.35],"grabStrength":0,"id":273,"palmNormal":[-0.247194,-0.842003,-0.479506],"palmPosition":[-29.4642,296.183,-22.142],"palmVelocity":[-26.9481,89.1312,-175.948],"palmWidth":83.4409,"pinchStrength":0.782908,"r":[[0.926014,-0.0367741,0.375693],[-0.0524257,0.97307,0.224467],[-0.37383,-0.227556,0.899149]],"s":0.991608,"sphereCenter":[-42.7577,272.401,-56.4617],"sphereRadius":42.6739,"stabilizedPalmPosition":[-28.3413,272.095,24.5456],"t":[45.9525,152.891,-174.281],"timeVisible":0.497039,"type":"right","wrist":[-20.6912,273.365,21.6659]}],"id":305270,"interactionBox":{"center":[0,200,0],"size":[235.247,235.247,147.751]},"pointables":[{"bases":[[[0.606892,0.768368,0.203206],[-0.661039,0.346039,0.665796],[0.441259,-0.538393,0.71793]],[[0.505994,0.860782,0.0549985],[-0.72916,0.392818,0.560375],[0.460756,-0.323649,0.826411]],[[0.505994,0.860782,0.0549985],[-0.861405,0.507567,-0.0188822],[-0.0441689,-0.0378217,0.998308]],[[0.505994,0.860782,0.0549985],[-0.734263,0.463325,-0.496173],[-0.452579,0.210677,0.86648]]],"btipPosition":[-58.3979,280.274,-64.3241],"carpPosition":[-48.4005,268.797,23.316],"dipPosition":[-68.1111,284.795,-45.7278],"direction":[0.0441689,0.0378217,-0.998308],"extended":false,"handId":273,"id":2730,"length":47.7925,"mcpPosition":[-48.4005,268.797,23.316],"pipPosition":[-69.4921,283.613,-14.5139],"stabilizedTipPosition":[-60.2487,251.973,-8.9337],"timeVisible":0.497039,"tipPosition":[-59.7215,280.245,-59.8413],"tipVelocity":[-24.573,108.333,-196.34],"tool":false,"touchDistance":-0.58504,"touchZone":"hovering","type":0,"width":18.5699},{"bases":[[[0.951529,-0.11748,-0.284238],[0.217314,0.910792,0.351044],[0.217641,-0.395798,0.892175]],[[0.965708,-0.148271,-0.213127],[0.213346,0.920991,0.325973],[0.147956,-0.360265,0.921042]],[[0.965708,-0.148271,-0.213127],[0.192731,0.959422,0.205825],[0.173961,-0.239843,0.955098]],[[0.965708,-0.148271,-0.213127],[0.174082,0.978809,0.107836],[0.192622,-0.14124,0.971055]]],"btipPosition":[-64.3918,335.71,-110.49],"carpPosition":[-37.0055,287.285,22.3732],"dipPosition":[-61.3738,333.497,-95.2751],"direction":[-0.173961,0.239843,-0.955098],"extended":true,"handId":273,"id":2731,"length":53.9285,"mcpPosition":[-51.6888,313.988,-37.8181],"pipPosition":[-57.5179,328.181,-74.1053],"stabilizedTipPosition":[-62.3761,313.41,-73.8426],"timeVisible":0.497039,"tipPosition":[-62.9741,333.819,-107.396],"tipVelocity":[-27.8552,125.018,-171.934],"tool":false,"touchDistance":-0.552047,"touchZone":"hovering","type":1,"width":17.738},{"bases":[[[0.921103,-0.323409,-0.21674],[0.379778,0.868908,0.317439],[0.0856646,-0.374707,0.923177]],[[0.922382,-0.329502,-0.201592],[0.1086,0.722038,-0.683276],[0.370698,0.608349,0.701779]],[[0.922382,-0.329502,-0.201592],[-0.299887,-0.281893,-0.911375],[0.243473,0.901091,-0.358827]],[[0.922382,-0.329502,-0.201592],[-0.385066,-0.743025,-0.547391],[0.0305789,0.58253,-0.812234]]],"btipPosition":[-54.8972,251.155,-47.4656],"carpPosition":[-26.155,287.608,19.2642],"dipPosition":[-54.3702,261.194,-61.4627],"direction":[-0.243473,-0.901091,0.358827],"extended":false,"handId":273,"id":2732,"length":61.4471,"mcpPosition":[-31.6358,311.582,-39.8003],"pipPosition":[-48.0212,284.692,-70.8199],"stabilizedTipPosition":[-62.349,215.059,28.2743],"timeVisible":0.497039,"tipPosition":[-54.7631,253.638,-50.8485],"tipVelocity":[16.505,67.5127,-162.171],"tool":false,"touchDistance":0.333333,"touchZone":"none","type":2,"width":17.4211},{"bases":[[[0.892402,-0.439601,-0.101834],[0.447153,0.831194,0.33041],[-0.0606049,-0.340394,0.938328]],[[0.89377,-0.429685,-0.128631],[0.199097,0.637057,-0.74466],[0.401914,0.639945,0.654931]],[[0.89377,-0.429685,-0.128631],[-0.293499,-0.343422,-0.892143],[0.339165,0.835124,-0.433053]],[[0.89377,-0.429685,-0.128631],[-0.43087,-0.742851,-0.51237],[0.124604,0.513364,-0.849076]]],"btipPosition":[-39.317,248.304,-38.7835],"carpPosition":[-15.5798,284.982,16.402],"dipPosition":[-37.1821,257.1,-53.3315],"direction":[-0.339165,-0.835124,0.433053],"extended":false,"handId":273,"id":2733,"length":59.0831,"mcpPosition":[-12.0985,304.535,-37.4983],"pipPosition":[-28.566,278.315,-64.3326],"stabilizedTipPosition":[-46.7278,210.095,33.3996],"timeVisible":0.497039,"tipPosition":[-38.7554,250.732,-43.1322],"tipVelocity":[13.475,65.6018,-99.6654],"tool":false,"touchDistance":0.333333,"touchZone":"none","type":3,"width":16.5772},{"bases":[[[0.793158,-0.607297,-0.0457322],[0.573388,0.719341,0.392141],[-0.205249,-0.337252,0.918768]],[[0.798707,-0.597397,-0.0720069],[0.37578,0.588678,-0.715715],[0.469955,0.544587,0.694671]],[[0.798707,-0.597397,-0.0720069],[-0.289178,-0.276145,-0.916581],[0.527678,0.752902,-0.393313]],[[0.798707,-0.597397,-0.0720069],[-0.528919,-0.639968,-0.557392],[0.286902,0.483278,-0.827121]]],"btipPosition":[-24.9968,255.045,-37.8122],"carpPosition":[-6.67278,275.914,13.4392],"dipPosition":[-20.4618,262.684,-50.8862],"direction":[-0.527678,-0.752902,0.393313],"extended":false,"handId":273,"id":2734,"length":46.32,"mcpPosition":[4.24121,293.847,-35.4156],"pipPosition":[-10.9973,276.189,-57.9407],"stabilizedTipPosition":[-27.9989,225.981,16.1632],"timeVisible":0.497039,"tipPosition":[-23.7381,256.939,-41.1769],"tipVelocity":[0.739871,85.9267,-133.975],"tool":false,"touchDistance":0.333333,"touchZone":"none","type":4,"width":14.7252}],"r":[[0.926014,-0.0367741,0.375693],[-0.0524257,0.97307,0.224467],[-0.37383,-0.227556,0.899149]],"s":0.991608,"t":[45.9525,152.891,-174.281],"timestamp":3143541201},false],[3,{"currentFrameRate":109.672,"devices":[],"gestures":[],"hands":[{"armBasis":[[0.915846,-0.0634703,-0.396483],[0.239418,0.879017,0.412321],[0.322345,-0.472547,0.82024]],"armWidth":58.4334,"confidence":0.653912,"direction":[-0.0224277,0.499349,-0.866111],"elbow":[58.8906,157.081,223.313],"grabStrength":0,"id":273,"palmNormal":[-0.24184,-0.843309,-0.47994],"palmPosition":[-29.7713,296.859,-23.5923],"palmVelocity":[-28.5291,84.0785,-169.475],"palmWidth":83.4409,"pinchStrength":0.773981,"r":[[0.92468,-0.0322886,0.379373],[-0.0584143,0.972571,0.225154],[-0.376237,-0.230356,0.89743]],"s":0.999164,"sphereCenter":[-43.5063,273.426,-57.7302],"sphereRadius":42.6816,"stabilizedPalmPosition":[-28.3563,272.356,24.0395],"t":[45.661,153.654,-175.817],"timeVisible":0.506497,"type":"right","wrist":[-20.9216,274.083,20.2223]}],"id":305271,"interactionBox":{"center":[0,200,0],"size":[235.247,235.247,147.751]},"pointables":[{"bases":[[[0.60228,0.771763,0.20406],[-0.663789,0.342171,0.665059],[0.443444,-0.536005,0.718371]],[[0.502124,0.862902,0.0572047],[-0.730969,0.388144,0.561274],[0.462121,-0.323644,0.825651]],[[0.502124,0.862902,0.0572047],[-0.863767,0.503654,-0.0154717],[-0.0421619,-0.0416428,0.998243]],[[0.502124,0.862902,0.0572047],[-0.738281,0.462174,-0.49126],[-0.450348,0.20444,0.869132]]],"btipPosition":[-58.777,281.088,-65.8217],"carpPosition":[-48.6065,269.359,21.8384],"dipPosition":[-68.4423,285.476,-47.1685],"direction":[0.0421619,0.0416428,-0.998243],"extended":false,"handId":273,"id":2730,"length":47.7925,"mcpPosition":[-48.6065,269.359,21.8384],"pipPosition":[-69.7606,284.174,-15.9566],"stabilizedTipPosition":[-60.2597,252.416,-9.70839],"timeVisible":0.506497,"tipPosition":[-60.0941,281.031,-61.3421],"tipVelocity":[-28.6806,101.041,-185.064],"tool":false,"touchDistance":-0.577137,"touchZone":"hovering","type":0,"width":18.5699},{"bases":[[[0.95252,-0.112034,-0.283115],[0.211724,0.91195,0.351454],[0.218812,-0.394709,0.892371]],[[0.966169,-0.141113,-0.215883],[0.208631,0.919726,0.332531],[0.151628,-0.366321,0.918051]],[[0.966169,-0.141113,-0.215883],[0.187492,0.95907,0.212208],[0.177101,-0.245505,0.953081]],[[0.966169,-0.141113,-0.215883],[0.16843,0.979124,0.113786],[0.195319,-0.146297,0.969767]]],"btipPosition":[-65.0373,336.706,-111.781],"carpPosition":[-37.3154,287.911,20.9124],"dipPosition":[-61.977,334.414,-96.5866],"direction":[-0.177101,0.245505,-0.953081],"extended":true,"handId":273,"id":2731,"length":53.9285,"mcpPosition":[-52.0777,314.54,-39.2922],"pipPosition":[-58.0515,328.972,-75.4615],"stabilizedTipPosition":[-62.4657,314.453,-75.4204],"timeVisible":0.506497,"tipPosition":[-63.6142,334.785,-108.705],"tipVelocity":[-39.1256,118.817,-161.937],"tool":false,"touchDistance":-0.544615,"touchZone":"hovering","type":1,"width":17.738},{"bases":[[[0.923181,-0.318143,-0.215688],[0.374463,0.870994,0.318037],[0.0866812,-0.374373,0.923218]],[[0.924473,-0.324212,-0.200589],[0.104856,0.722073,-0.683824],[0.366544,0.611144,0.701533]],[[0.924473,-0.324212,-0.200589],[-0.297522,-0.284532,-0.91133],[0.23839,0.90218,-0.359503]],[[0.924473,-0.324212,-0.200589],[-0.380229,-0.745637,-0.547221],[0.0278489,0.582161,-0.812596]]],"btipPosition":[-54.9072,251.676,-48.8812],"carpPosition":[-26.4632,288.296,17.8165],"dipPosition":[-54.4273,261.709,-62.8846],"direction":[-0.23839,-0.90218,0.359503],"extended":false,"handId":273,"id":2732,"length":61.4471,"mcpPosition":[-32.009,312.248,-41.2506],"pipPosition":[-48.2108,285.235,-72.2594],"stabilizedTipPosition":[-62.3175,215.221,27.939],"timeVisible":0.506497,"tipPosition":[-54.7886,254.157,-52.2857],"tipVelocity":[11.1489,63.909,-158.636],"tool":false,"touchDistance":0.333333,"touchZone":"none","type":2,"width":17.4211},{"bases":[[[0.895002,-0.434516,-0.100835],[0.442036,0.83366,0.331082],[-0.0597986,-0.340892,0.938199]],[[0.896348,-0.424564,-0.127691],[0.184201,0.618609,-0.763802],[0.403274,0.661112,0.632694]],[[0.896348,-0.424564,-0.127691],[-0.299908,-0.368531,-0.879909],[0.326519,0.827001,-0.457662]],[[0.896348,-0.424564,-0.127691],[-0.428217,-0.75446,-0.497413],[0.114845,0.500535,-0.858065]]],"btipPosition":[-39.2206,248.64,-38.5213],"carpPosition":[-15.8698,285.73,14.9665],"dipPosition":[-37.2528,257.216,-53.2233],"direction":[-0.326519,-0.827001,0.457662],"extended":false,"handId":273,"id":2733,"length":59.0831,"mcpPosition":[-12.4348,305.312,-38.9264],"pipPosition":[-28.958,278.225,-64.8496],"stabilizedTipPosition":[-46.6316,210.585,32.4902],"timeVisible":0.506497,"tipPosition":[-38.7216,251.071,-43.2127],"tipVelocity":[11.372,55.4591,-64.2616],"tool":false,"touchDistance":0.333333,"touchZone":"none","type":3,"width":16.5772},{"bases":[[[0.796643,-0.602782,-0.0448798],[0.568829,0.722514,0.392947],[-0.204435,-0.338567,0.918465]],[[0.802108,-0.592961,-0.0708476],[0.373391,0.590569,-0.715407],[0.466049,0.54738,0.695106]],[[0.802108,-0.592961,-0.0708476],[-0.286489,-0.277991,-0.916867],[0.523972,0.755724,-0.392856]],[[0.802108,-0.592961,-0.0708476],[-0.524623,-0.643,-0.557962],[0.285295,0.484714,-0.826837]]],"btipPosition":[-25.0568,255.751,-39.2492],"carpPosition":[-6.90797,276.714,12.013],"dipPosition":[-20.5472,263.413,-52.3188],"direction":[-0.523972,-0.755724,0.392856],"extended":false,"handId":273,"id":2734,"length":46.32,"mcpPosition":[3.96272,294.717,-36.8259],"pipPosition":[-11.1492,276.968,-59.3651],"stabilizedTipPosition":[-27.9321,226.51,15.1829],"timeVisible":0.506497,"tipPosition":[-23.807,257.649,-42.6107],"tipVelocity":[-1.46485,82.8448,-139.088],"tool":false,"touchDistance":0.333333,"touchZone":"none","type":4,"width":14.7252}],"r":[[0.92468,-0.0322886,0.379373],[-0.0584143,0.972571,0.225154],[-0.376237,-0.230356,0.89743]],"s":0.999164,"t":[45.661,153.654,-175.817],"timestamp":3143550659},false],[4,{"currentFrameRate":109.883,"devices":[],"gestures":[],"hands":[{"armBasis":[[0.916026,-0.052935,-0.39761],[0.231816,0.878816,0.417065],[0.327349,-0.474215,0.81729]],"armWidth":58.4334,"confidence":0.656216,"direction":[-0.0232734,0.499993,-0.865717],"elbow":[59.8202,157.176,221.346],"grabStrength":0,"id":273,"palmNormal":[-0.234137,-0.844594,-0.481499],"palmPosition":[-30.1051,297.343,-24.8359],"palmVelocity":[-31.1306,76.4171,-162.267],"palmWidth":83.4409,"pinchStrength":0.764245,"r":[[0.923379,-0.0274329,0.382908],[-0.064768,0.972012,0.225826],[-0.378386,-0.233323,0.895759]],"s":1.00633,"sphereCenter":[-44.1428,274.218,-58.8812],"sphereRadius":42.6981,"stabilizedPalmPosition":[-28.3723,272.584,23.5925],"t":[45.3484,154.277,-177.206],"timeVisible":0.515223,"type":"right","wrist":[-21.231,274.591,18.986]}],"id":305272,"interactionBox":{"center":[0,200,0],"size":[235.247,235.247,147.751]},"pointables":[{"bases":[[[0.595977,0.775937,0.206719],[-0.668407,0.336695,0.663226],[0.44502,-0.53344,0.719304]],[[0.497084,0.865515,0.0615782],[-0.734114,0.38166,0.561616],[0.462585,-0.324376,0.825103]],[[0.497084,0.865515,0.0615782],[-0.866663,0.49871,-0.0135862],[-0.0424686,-0.046614,0.99801]],[[0.497084,0.865515,0.0615782],[-0.741444,0.460548,-0.488012],[-0.450741,0.196926,0.870662]]],"btipPosition":[-59.0595,281.743,-67.1524],"carpPosition":[-48.8857,269.663,20.5082],"dipPosition":[-68.7332,285.969,-48.4664],"direction":[0.0424686,0.046614,-0.99801],"extended":false,"handId":273,"id":2730,"length":47.7925,"mcpPosition":[-48.8857,269.663,20.5082],"pipPosition":[-70.0611,284.512,-17.2618],"stabilizedTipPosition":[-60.2737,252.828,-10.4308],"timeVisible":0.515223,"tipPosition":[-60.383,281.635,-62.6891],"tipVelocity":[-29.7281,92.9349,-176.123],"tool":false,"touchDistance":-0.567605,"touchZone":"hovering","type":0,"width":18.5699},{"bases":[[[0.95422,-0.104822,-0.280138],[0.203936,0.913135,0.35298],[0.218804,-0.39395,0.892708]],[[0.967271,-0.132334,-0.216506],[0.2018,0.918448,0.340192],[0.15383,-0.372749,0.915093]],[[0.967271,-0.132334,-0.216506],[0.180417,0.958651,0.220086],[0.178428,-0.251944,0.951151]],[[0.967271,-0.132334,-0.216506],[0.161194,0.979414,0.12151],[0.195969,-0.152433,0.96869]]],"btipPosition":[-65.5749,337.534,-112.904],"carpPosition":[-37.7272,288.297,19.6358],"dipPosition":[-62.5045,335.146,-97.7266],"direction":[-0.178428,0.251944,-0.951151],"extended":true,"handId":273,"id":2731,"length":53.9285,"mcpPosition":[-52.489,314.876,-40.5915],"pipPosition":[-58.5496,329.561,-76.6443],"stabilizedTipPosition":[-62.5711,315.441,-76.9112],"timeVisible":0.515223,"tipPosition":[-64.1564,335.573,-109.844],"tipVelocity":[-45.0696,111.73,-153.169],"tool":false,"touchDistance":-0.535392,"touchZone":"hovering","type":1,"width":17.738},{"bases":[[[0.926167,-0.311204,-0.212997],[0.367076,0.873397,0.320051],[0.0864297,-0.374607,0.923147]],[[0.92745,-0.317256,-0.197952],[0.101367,0.722832,-0.683549],[0.359946,0.613892,0.70255]],[[0.92745,-0.317256,-0.197952],[-0.292809,-0.286861,-0.912126],[0.232593,0.903914,-0.358944]],[[0.92745,-0.317256,-0.197952],[-0.373053,-0.74838,-0.548415],[0.0258445,0.582475,-0.812438]]],"btipPosition":[-54.8188,251.988,-50.18],"carpPosition":[-26.8682,288.765,16.5753],"dipPosition":[-54.3734,262.026,-64.1806],"direction":[-0.232593,-0.903914,0.358944],"extended":false,"handId":273,"id":2732,"length":61.4471,"mcpPosition":[-32.398,312.732,-42.4872],"pipPosition":[-48.3081,285.597,-73.5409],"stabilizedTipPosition":[-62.2917,215.354,27.6633],"timeVisible":0.515223,"tipPosition":[-54.7124,254.471,-53.6021],"tipVelocity":[10.6323,56.4074,-155.998],"tool":false,"touchDistance":0.333333,"touchZone":"none","type":2,"width":17.4211},{"bases":[[[0.898466,-0.427887,-0.0983432],[0.434877,0.836544,0.33328],[-0.0603378,-0.342208,0.937685]],[[0.899828,-0.417888,-0.125217],[0.176117,0.610589,-0.772117],[0.399115,0.672719,0.623022]],[[0.899828,-0.417888,-0.125217],[-0.298923,-0.381574,-0.87467],[0.317734,0.824482,-0.468267]],[[0.899828,-0.417888,-0.125217],[-0.422126,-0.76163,-0.491659],[0.110089,0.495266,-0.861738]]],"btipPosition":[-39.092,248.943,-38.9724],"carpPosition":[-16.2474,286.279,13.7573],"dipPosition":[-37.2058,257.429,-53.7373],"direction":[-0.317734,-0.824482,0.468267],"extended":false,"handId":273,"id":2733,"length":59.0831,"mcpPosition":[-12.7814,305.936,-40.1061],"pipPosition":[-29.1342,278.373,-65.633],"stabilizedTipPosition":[-46.5252,211.123,31.4904],"timeVisible":0.515223,"tipPosition":[-38.6276,251.351,-43.7649],"tipVelocity":[11.6953,49.2773,-61.3452],"tool":false,"touchDistance":0.333333,"touchZone":"none","type":3,"width":16.5772},{"bases":[[[0.801156,-0.596918,-0.042862],[0.562277,0.726267,0.395451],[-0.204923,-0.340919,0.917486]],[[0.806591,-0.587118,-0.0685868],[0.371416,0.593652,-0.713882],[0.45985,0.550336,0.696899]],[[0.806591,-0.587118,-0.0685868],[-0.281557,-0.279577,-0.917912],[0.519747,0.75969,-0.390812]],[[0.806591,-0.587118,-0.0685868],[-0.51817,-0.64645,-0.560002],[0.28445,0.487232,-0.825647]]],"btipPosition":[-25.0432,256.286,-40.4993],"carpPosition":[-7.21051,277.331,10.8244],"dipPosition":[-20.547,263.988,-53.5501],"direction":[-0.519747,-0.75969,0.390812],"extended":false,"handId":273,"id":2734,"length":46.32,"mcpPosition":[3.68613,295.459,-37.9624],"pipPosition":[-11.2248,277.614,-60.5597],"stabilizedTipPosition":[-27.8752,226.968,14.3307],"timeVisible":0.515223,"tipPosition":[-23.7992,258.193,-43.8556],"tipVelocity":[-0.751627,77.3757,-140.072],"tool":false,"touchDistance":0.333333,"touchZone":"none","type":4,"width":14.7252}],"r":[[0.923379,-0.0274329,0.382908],[-0.064768,0.972012,0.225826],[-0.378386,-0.233323,0.895759]],"s":1.00633,"t":[45.3484,154.277,-177.206],"timestamp":3143559385},false],[5,{"currentFrameRate":109.751,"devices":[],"gestures":[],"hands":[{"armBasis":[[0.916007,-0.048983,-0.398161],[0.228519,0.879456,0.417536],[0.329713,-0.473453,0.816781]],"armWidth":58.4334,"confidence":0.657115,"direction":[-0.0237121,0.497693,-0.867029],"elbow":[60.1459,157.943,219.431],"grabStrength":0,"id":273,"palmNormal":[-0.230755,-0.846578,-0.479643],"palmPosition":[-30.3786,297.78,-26.6958],"palmVelocity":[-30.6019,68.0111,-172.679],"palmWidth":83.4409,"pinchStrength":0.75461,"r":[[0.922218,-0.0227633,0.385999],[-0.0705382,0.97161,0.225826],[-0.380181,-0.235489,0.894431]],"s":1.01298,"sphereCenter":[-44.9956,274.958,-60.5248],"sphereRadius":42.7152,"stabilizedPalmPosition":[-28.3894,272.798,23.1645],"t":[45.0553,154.808,-178.831],"timeVisible":0.524569,"type":"right","wrist":[-21.4906,275.169,17.1964]}],"id":305273,"interactionBox":{"center":[0,200,0],"size":[235.247,235.247,147.751]},"pointables":[{"bases":[[[0.593188,0.778387,0.205529],[-0.670391,0.336233,0.661456],[0.445763,-0.530152,0.721272]],[[0.496128,0.865987,0.0626293],[-0.734305,0.380008,0.562485],[0.463306,-0.325054,0.824432]],[[0.496128,0.865987,0.0626293],[-0.867227,0.497753,-0.0126451],[-0.0421244,-0.0480402,0.997957]],[[0.496128,0.865987,0.0626293],[-0.741836,0.460271,-0.487677],[-0.451149,0.19549,0.870775]]],"btipPosition":[-59.3401,282.342,-68.9367],"carpPosition":[-49.1314,270.156,18.694],"dipPosition":[-69.0226,286.538,-50.2482],"direction":[0.0421244,0.0480402,-0.997957],"extended":false,"handId":273,"id":2730,"length":47.7925,"mcpPosition":[-49.1314,270.156,18.694],"pipPosition":[-70.3397,285.036,-19.0453],"stabilizedTipPosition":[-60.2915,253.249,-11.1791],"timeVisible":0.524569,"tipPosition":[-60.7025,282.21,-64.5103],"tipVelocity":[-29.8729,84.5547,-180.299],"tool":false,"touchDistance":-0.565933,"touchZone":"hovering","type":0,"width":18.5699},{"bases":[[[0.954932,-0.102456,-0.27858],[0.200507,0.914692,0.350907],[0.218862,-0.39095,0.894012]],[[0.967294,-0.128033,-0.218973],[0.199523,0.917094,0.345152],[0.156628,-0.377553,0.912645]],[[0.967294,-0.128033,-0.218973],[0.177811,0.957907,0.225382],[0.1809,-0.256947,0.949344]],[[0.967294,-0.128033,-0.218973],[0.15831,0.979217,0.126775],[0.198191,-0.157295,0.96746]]],"btipPosition":[-66.0834,338.234,-114.683],"carpPosition":[-38.0319,288.824,17.7887],"dipPosition":[-62.9781,335.77,-99.5251],"direction":[-0.1809,0.256947,-0.949344],"extended":true,"handId":273,"id":2731,"length":53.9285,"mcpPosition":[-52.7976,315.2,-42.5265],"pipPosition":[-58.9685,330.075,-78.4829],"stabilizedTipPosition":[-62.6984,316.453,-78.4714],"timeVisible":0.524569,"tipPosition":[-64.671,336.227,-111.64],"tipVelocity":[-47.4727,100.773,-163.851],"tool":false,"touchDistance":-0.536941,"touchZone":"hovering","type":1,"width":17.738},{"bases":[[[0.927455,-0.308754,-0.210946],[0.36382,0.875397,0.318301],[0.0863852,-0.371956,0.924222]],[[0.928732,-0.314737,-0.195952],[0.0995298,0.720779,-0.685982],[0.357142,0.617591,0.700736]],[[0.928732,-0.314737,-0.195952],[-0.290956,-0.291159,-0.911357],[0.229785,0.90342,-0.361983]],[[0.928732,-0.314737,-0.195952],[-0.369929,-0.751489,-0.546275],[0.0246777,0.579832,-0.814362]]],"btipPosition":[-54.9007,252.267,-51.8898],"carpPosition":[-27.1703,289.319,14.7417],"dipPosition":[-54.4755,262.259,-65.9236],"direction":[-0.229785,-0.90342,0.361983],"extended":false,"handId":273,"id":2732,"length":61.4471,"mcpPosition":[-32.6972,313.116,-44.3896],"pipPosition":[-48.4834,285.818,-75.3631],"stabilizedTipPosition":[-62.2698,215.468,27.4212],"timeVisible":0.524569,"tipPosition":[-54.8027,254.739,-55.3371],"tipVelocity":[4.99271,48.5663,-163.868],"tool":false,"touchDistance":0.333333,"touchZone":"none","type":2,"width":17.4211},{"bases":[[[0.899976,-0.425232,-0.0960309],[0.431721,0.838798,0.331716],[-0.0605058,-0.339995,0.938479]],[[0.901342,-0.41529,-0.122948],[0.17148,0.602863,-0.779199],[0.397715,0.681242,0.6146]],[[0.901342,-0.41529,-0.122948],[-0.29926,-0.39196,-0.869949],[0.31309,0.820915,-0.47757]],[[0.901342,-0.41529,-0.122948],[-0.41961,-0.76701,-0.485411],[0.107284,0.489112,-0.865598]]],"btipPosition":[-39.1493,249.243,-40.1834],"carpPosition":[-16.5376,286.86,11.9444],"dipPosition":[-37.3111,257.624,-55.0144],"direction":[-0.31309,-0.820915,0.47757],"extended":false,"handId":273,"id":2733,"length":59.0831,"mcpPosition":[-13.062,306.39,-41.9646],"pipPosition":[-29.3574,278.478,-67.1464],"stabilizedTipPosition":[-46.4223,211.651,30.5003],"timeVisible":0.524569,"tipPosition":[-38.707,251.608,-45.0132],"tipVelocity":[6.30863,43.6931,-81.1454],"tool":false,"touchDistance":0.333333,"touchZone":"none","type":3,"width":16.5772},{"bases":[[[0.803137,-0.594434,-0.040247],[0.559392,0.729092,0.394342],[-0.205067,-0.339225,0.918082]],[[0.808467,-0.584892,-0.0654494],[0.370067,0.591671,-0.716224],[0.457638,0.554822,0.694795]],[[0.808467,-0.584892,-0.0654494],[-0.28011,-0.284591,-0.916813],[0.51761,0.759546,-0.393917]],[[0.808467,-0.584892,-0.0654494],[-0.515657,-0.650348,-0.557804],[0.28369,0.484715,-0.827388]]],"btipPosition":[-25.171,256.696,-42.1573],"carpPosition":[-7.46797,277.933,9.04669],"dipPosition":[-20.6867,264.358,-55.2355],"direction":[-0.51761,-0.759546,0.393917],"extended":false,"handId":273,"id":2734,"length":46.32,"mcpPosition":[3.43631,295.971,-39.7717],"pipPosition":[-11.4029,277.981,-62.3009],"stabilizedTipPosition":[-27.8257,227.385,13.5426],"timeVisible":0.524569,"tipPosition":[-23.9349,258.591,-45.5378],"tipVelocity":[-4.49716,67.5858,-150.844],"tool":false,"touchDistance":0.333333,"touchZone":"none","type":4,"width":14.7252}],"r":[[0.922218,-0.0227633,0.385999],[-0.0705382,0.97161,0.225826],[-0.380181,-0.235489,0.894431]],"s":1.01298,"t":[45.0553,154.808,-178.831],"timestamp":3143568731},false],[6,{"currentFrameRate":110.009,"devices":[],"gestures":[],"hands":[{"armBasis":[[0.91294,-0.0403,-0.4061],[0.223827,0.881531,0.415697],[0.341237,-0.470402,0.813805]],"armWidth":58.4334,"confidence":0.653859,"direction":[-0.0227911,0.495336,-0.868403],"elbow":[62.7329,159.223,217.411],"grabStrength":0,"id":273,"palmNormal":[-0.225998,-0.848696,-0.478164],"palmPosition":[-30.5886,298.157,-28.066],"palmVelocity":[-28.9399,61.5626,-168.99],"palmWidth":83.4409,"pinchStrength":0.744526,"r":[[0.921027,-0.0181322,0.389075],[-0.0760339,0.971328,0.225256],[-0.382004,-0.23705,0.893241]],"s":1.01899,"sphereCenter":[-45.6142,275.543,-61.7458],"sphereRadius":42.7477,"stabilizedPalmPosition":[-28.4043,272.97,22.8181],"t":[44.8038,155.261,-180.328],"timeVisible":0.5332,"type":"right","wrist":[-21.7571,275.695,15.9137]}],"id":305274,"interactionBox":{"center":[0,200,0],"size":[235.247,235.247,147.751]},"pointables":[{"bases":[[[0.589571,0.781164,0.205399],[-0.673793,0.335413,0.658408],[0.445431,-0.526574,0.724093]],[[0.494735,0.866624,0.064812],[-0.735663,0.377934,0.562109],[0.462642,-0.325775,0.82452]],[[0.494735,0.866624,0.064812],[-0.867996,0.496424,-0.0121041],[-0.042664,-0.0502682,0.997824]],[[0.494735,0.866624,0.064812],[-0.741052,0.459654,-0.489448],[-0.453959,0.194118,0.86962]]],"btipPosition":[-59.4845,282.899,-70.2705],"carpPosition":[-49.3834,270.581,17.3353],"dipPosition":[-69.2274,287.065,-51.6068],"direction":[0.042664,0.0502682,-0.997824],"extended":false,"handId":273,"id":2730,"length":47.7925,"mcpPosition":[-49.3834,270.581,17.3353],"pipPosition":[-70.5613,285.493,-20.408],"stabilizedTipPosition":[-60.3088,253.617,-11.8382],"timeVisible":0.5332,"tipPosition":[-60.8876,282.733,-65.8858],"tipVelocity":[-26.8185,79.0316,-173.647],"tool":false,"touchDistance":-0.557765,"touchZone":"hovering","type":0,"width":18.5699},{"bases":[[[0.956209,-0.0995603,-0.27523],[0.195909,0.916358,0.349153],[0.217448,-0.387783,0.895735]],[[0.967845,-0.123397,-0.2192],[0.195913,0.916349,0.349174],[0.157777,-0.38089,0.911059]],[[0.967845,-0.123397,-0.2192],[0.17411,0.95756,0.229707],[0.181552,-0.260485,0.948254]],[[0.967845,-0.123397,-0.2192],[0.154543,0.979249,0.131102],[0.198474,-0.160763,0.966832]]],"btipPosition":[-66.3719,338.749,-116.075],"carpPosition":[-38.3518,289.288,16.4169],"dipPosition":[-63.2622,336.23,-100.927],"direction":[-0.181552,0.260485,-0.948254],"extended":true,"handId":273,"id":2731,"length":53.9285,"mcpPosition":[-53.022,315.45,-44.0145],"pipPosition":[-59.2381,330.457,-79.9084],"stabilizedTipPosition":[-62.815,317.308,-79.8158],"timeVisible":0.5332,"tipPosition":[-64.9647,336.72,-113.04],"tipVelocity":[-43.7213,89.4883,-163.226],"tool":false,"touchDistance":-0.532488,"touchZone":"hovering","type":1,"width":17.738},{"bases":[[[0.929294,-0.305784,-0.207145],[0.359474,0.877598,0.317176],[0.0848027,-0.369213,0.925467]],[[0.930542,-0.311704,-0.19218],[0.0987839,0.719037,-0.687916],[0.35261,0.62115,0.699885]],[[0.930542,-0.311704,-0.19218],[-0.287076,-0.295159,-0.9113],[0.227332,0.903173,-0.364141]],[[0.930542,-0.311704,-0.19218],[-0.365339,-0.754566,-0.545122],[0.0249036,0.577469,-0.816033]]],"btipPosition":[-54.8512,252.479,-53.1849],"carpPosition":[-27.4823,289.816,13.4037],"dipPosition":[-54.422,262.43,-67.2475],"direction":[-0.227332,-0.903173,0.364141],"extended":false,"handId":273,"id":2732,"length":61.4471,"mcpPosition":[-32.908,313.438,-45.8073],"pipPosition":[-48.4938,285.982,-76.7432],"stabilizedTipPosition":[-62.2537,215.553,27.2409],"timeVisible":0.5332,"tipPosition":[-54.754,254.939,-56.6464],"tipVelocity":[5.21977,41.9085,-160.41],"tool":false,"touchDistance":0.333333,"touchZone":"none","type":2,"width":17.4211},{"bases":[[[0.901884,-0.422065,-0.092014],[0.427469,0.841291,0.330906],[-0.0622535,-0.337772,0.939167]],[[0.9033,-0.412184,-0.118965],[0.169437,0.597525,-0.783744],[0.394131,0.687799,0.609584]],[[0.9033,-0.412184,-0.118965],[-0.296648,-0.399789,-0.867277],[0.309917,0.818702,-0.483403]],[[0.9033,-0.412184,-0.118965],[-0.415509,-0.771549,-0.481731],[0.106775,0.484578,-0.868207]]],"btipPosition":[-39.1065,249.511,-41.1218],"carpPosition":[-16.8314,287.39,10.6471],"dipPosition":[-37.2771,257.814,-55.9975],"direction":[-0.309917,-0.818702,0.483403],"extended":false,"handId":273,"id":2733,"length":59.0831,"mcpPosition":[-13.2554,306.793,-43.3014],"pipPosition":[-29.404,278.612,-68.2777],"stabilizedTipPosition":[-46.341,212.069,29.7114],"timeVisible":0.5332,"tipPosition":[-38.6708,251.839,-45.958],"tipVelocity":[5.888,39.7915,-88.7701],"tool":false,"touchDistance":0.333333,"touchZone":"none","type":3,"width":16.5772},{"bases":[[[0.805506,-0.591487,-0.0360992],[0.555351,0.732234,0.394231],[-0.206749,-0.337603,0.918302]],[[0.8108,-0.582145,-0.0609086],[0.370154,0.59057,-0.717087],[0.453419,0.558869,0.694318]],[[0.8108,-0.582145,-0.0609086],[-0.276297,-0.288918,-0.916617],[0.516006,0.760022,-0.3951]],[[0.8108,-0.582145,-0.0609086],[-0.511553,-0.654194,-0.557085],[0.284458,0.482843,-0.828219]]],"btipPosition":[-25.1788,257.057,-43.3638],"carpPosition":[-7.71874,278.491,7.80204],"dipPosition":[-20.6825,264.689,-56.4552],"direction":[-0.516006,-0.760022,0.3951],"extended":false,"handId":273,"id":2734,"length":46.32,"mcpPosition":[3.27503,296.442,-41.0281],"pipPosition":[-11.4273,278.321,-63.5417],"stabilizedTipPosition":[-27.7878,227.708,12.9262],"timeVisible":0.5332,"tipPosition":[-23.9437,258.941,-46.751],"tipVelocity":[-3.46128,60.5489,-148.007],"tool":false,"touchDistance":0.