{"sensorType":"Leap","data":[[0,{"currentFrameRate":110.286,"devices":[],"gestures":[],"hands":[{"armBasis":[[0.915833,0.118734,-0.383604],[0.104633,0.851726,0.513433],[0.387687,-0.510357,0.767616]],"armWidth":58.4334,"confidence":0.674345,"direction":[0.0494123,0.411285,-0.910166],"elbow":[59.2045,162.38,224.306],"grabStrength":0,"id":276,"palmNormal":[-0.110855,-0.903391,-0.414242],"palmPosition":[-41.7174,306.38,-12.4604],"palmVelocity":[-38.6641,60.4309,-184.024],"palmWidth":83.4409,"pinchStrength":0.671083,"r":[[0.526504,-0.391989,0.754412],[0.609191,0.792914,-0.0131601],[-0.593025,0.46651,0.656269]],"s":1.03421,"sphereCenter":[-49.3913,281.37,-43.9726],"sphereRadius":41.6938,"stabilizedPalmPosition":[-61.2396,253.128,143.698],"t":[55.8869,115.959,-218.254],"timeVisible":4.40197,"type":"right","wrist":[-36.7865,288.744,34.2452]}],"id":307914,"interactionBox":{"center":[0,200,0],"size":[235.247,235.247,147.751]},"pointables":[{"bases":[[[0.508216,0.839435,0.192522],[-0.768553,0.341172,0.541228],[0.388643,-0.423024,0.81854]],[[0.377775,0.92473,-0.0464732],[-0.85503,0.367679,0.3657],[0.355261,-0.0984163,0.929572]],[[0.377775,0.92473,-0.0464732],[-0.921266,0.370397,-0.118641],[-0.0924974,0.0876337,0.991849]],[[0.377775,0.92473,-0.0464732],[-0.761047,0.281536,-0.584418],[-0.527345,0.256147,0.810121]]],"btipPosition":[-66.0416,277.947,-57.9271],"carpPosition":[-63.989,281.679,33.0237],"dipPosition":[-77.3594,283.444,-40.5404],"direction":[0.0924974,-0.0876337,-0.991849],"extended":false,"handId":276,"id":2760,"length":47.7925,"mcpPosition":[-63.989,281.679,33.0237],"pipPosition":[-80.2515,286.184,-9.52847],"stabilizedTipPosition":[-105.138,222.148,111.834],"timeVisible":4.40197,"tipPosition":[-68.5948,278.036,-53.9398],"tipVelocity":[-20.9278,88.9139,-194.46],"tool":false,"touchDistance":-0.558067,"touchZone":"hovering","type":0,"width":18.5699},{"bases":[[[0.986813,-0.0505863,-0.153759],[0.0921315,0.956563,0.276585],[0.133089,-0.287104,0.948609]],[[0.993302,-0.068836,-0.0928049],[0.0865931,0.975249,0.203446],[0.0765035,-0.21012,0.974678]],[[0.993302,-0.068836,-0.0928049],[0.0774484,0.992683,0.0926392],[0.085749,-0.0992063,0.991365]],[[0.993302,-0.068836,-0.0928049],[0.0696102,0.997561,0.00512765],[0.0922256,-0.0115535,0.995671]]],"btipPosition":[-69.5136,331.044,-108.46],"carpPosition":[-54.1749,301.016,31.5133],"dipPosition":[-68.0686,330.863,-92.8594],"direction":[-0.085749,0.0992063,-0.991365],"extended":true,"handId":276,"id":2761,"length":53.9285,"mcpPosition":[-63.1539,320.386,-32.4854],"pipPosition":[-66.1679,328.664,-70.8857],"stabilizedTipPosition":[-105.252,277.085,48.8915],"timeVisible":4.40197,"tipPosition":[-68.7181,329.565,-104.993],"tipVelocity":[-26.6907,107.004,-183.744],"tool":false,"touchDistance":-0.555638,"touchZone":"hovering","type":1,"width":17.738},{"bases":[[[0.965459,-0.251234,-0.0690683],[0.260537,0.927704,0.267368],[-0.00309704,-0.276127,0.961116]],[[0.965445,-0.252088,-0.0660935],[0.0921612,0.567481,-0.818212],[0.243768,0.783848,0.571104]],[[0.965445,-0.252088,-0.0660935],[-0.229707,-0.703363,-0.672692],[0.12309,0.664629,-0.736964]],[[0.965445,-0.252088,-0.0660935],[-0.25548,-0.965568,-0.049078],[-0.0514458,0.0642677,-0.996606]]],"btipPosition":[-55.9801,266.68,-20.628],"carpPosition":[-43.08,302.099,29.7151],"dipPosition":[-56.8666,267.787,-37.8024],"direction":[-0.12309,-0.664629,0.736964],"extended":false,"handId":276,"id":2762,"length":61.4471,"mcpPosition":[-42.8819,319.766,-31.7767],"pipPosition":[-53.6568,285.119,-57.0203],"stabilizedTipPosition":[-82.1483,213.761,143.65],"timeVisible":4.40197,"tipPosition":[-56.0876,267.033,-24.3105],"tipVelocity":[-30.4398,59.5088,-190.903],"tool":false,"touchDistance":0.333333,"touchZone":"none","type":2,"width":17.4211},{"bases":[[[0.932074,-0.358345,0.0531632],[0.328617,0.898109,0.292252],[-0.152473,-0.25493,0.954863]],[[0.930378,-0.36107,0.0634446],[0.244165,0.48121,-0.841915],[0.27346,0.79879,0.535867]],[[0.930378,-0.36107,0.0634446],[-0.23947,-0.729604,-0.640571],[0.277581,0.58078,-0.765273]],[[0.930378,-0.36107,0.0634446],[-0.359737,-0.932515,-0.0317055],[0.070611,0.00667471,-0.997482]]],"btipPosition":[-42.7466,267.304,-11.8362],"carpPosition":[-32.0393,300.257,28.4385],"dipPosition":[-41.5367,267.418,-28.9269],"direction":[-0.277581,-0.58078,0.765273],"extended":false,"handId":276,"id":2763,"length":59.0831,"mcpPosition":[-23.2808,314.901,-26.4117],"pipPosition":[-34.4852,282.172,-48.3676],"stabilizedTipPosition":[-63.4782,217.059,137.693],"timeVisible":4.40197,"tipPosition":[-42.3532,267.451,-15.4658],"tipVelocity":[-33.7245,60.1096,-189.914],"tool":false,"touchDistance":0.333333,"touchZone":"none","type":3,"width":16.5772},{"bases":[[[0.840967,-0.528877,0.114297],[0.454818,0.805365,0.380167],[-0.293112,-0.267724,0.917829]],[[0.810762,-0.551071,0.19745],[0.454589,0.38021,-0.805475],[0.368801,0.742807,0.55877]],[[0.810762,-0.551071,0.19745],[-0.306266,-0.686782,-0.65919],[0.498865,0.473974,-0.725591]],[[0.810762,-0.551071,0.19745],[-0.544123,-0.833842,-0.0929448],[0.215861,-0.032081,-0.975897]]],"btipPosition":[-30.8203,274.016,-10.942],"carpPosition":[-22.088,291.86,27.5415],"dipPosition":[-27.4082,273.509,-26.3677],"direction":[-0.498865,-0.473974,0.725591],"extended":false,"handId":276,"id":2764,"length":46.32,"mcpPosition":[-6.50194,306.096,-21.2635],"pipPosition":[-18.4605,282.01,-39.3819],"stabilizedTipPosition":[-53.1618,221.023,133.806],"timeVisible":4.40197,"tipPosition":[-30.0694,273.935,-13.9669],"tipVelocity":[-33.0425,60.9851,-186.684],"tool":false,"touchDistance":0.333333,"touchZone":"none","type":4,"width":14.7252}],"r":[[0.526504,-0.391989,0.754412],[0.609191,0.792914,-0.0131601],[-0.593025,0.46651,0.656269]],"s":1.03421,"t":[55.8869,115.959,-218.254],"timestamp":3167918310},false],[1,{"currentFrameRate":110.363,"devices":[],"gestures":[],"hands":[{"armBasis":[[0.917611,0.119898,-0.378965],[0.101826,0.850695,0.515703],[0.384215,-0.511803,0.768399]],"armWidth":58.4334,"confidence":0.659308,"direction":[0.0530093,0.413256,-0.909071],"elbow":[57.8404,162.411,223.256],"grabStrength":0,"id":276,"palmNormal":[-0.108436,-0.902585,-0.416631],"palmPosition":[-42.0347,306.865,-13.6877],"palmVelocity":[-37.8161,58.7591,-171.348],"palmWidth":83.4409,"pinchStrength":0.66816,"r":[[0.524773,-0.39201,0.755607],[0.608255,0.79367,-0.0106788],[-0.595516,0.465205,0.654939]],"s":1.03546,"sphereCenter":[-49.9773,282.129,-45.267],"sphereRadius":41.6995,"stabilizedPalmPosition":[-61.2369,253.136,143.676],"t":[55.5294,116.531,-219.799],"timeVisible":4.41089,"type":"right","wrist":[-37.2909,289.133,33.0011]}],"id":307915,"interactionBox":{"center":[0,200,0],"size":[235.247,235.247,147.751]},"pointables":[{"bases":[[[0.506788,0.839382,0.196477],[-0.771104,0.339477,0.53866],[0.385442,-0.424491,0.819294]],[[0.379522,0.92435,-0.0392545],[-0.8562,0.366984,0.363654],[0.350549,-0.104405,0.930707]],[[0.379522,0.92435,-0.0392545],[-0.920301,0.372827,-0.118514],[-0.0949135,0.0811048,0.992176]],[[0.379522,0.92435,-0.0392545],[-0.75654,0.28564,-0.588266],[-0.532551,0.252957,0.807714]]],"btipPosition":[-66.1325,278.866,-59.3132],"carpPosition":[-64.4829,282.051,31.6482],"dipPosition":[-77.562,284.295,-41.9781],"direction":[0.0949135,-0.0811048,-0.992176],"extended":false,"handId":276,"id":2760,"length":47.7925,"mcpPosition":[-64.4829,282.051,31.6482],"pipPosition":[-80.5297,286.83,-10.9559],"stabilizedTipPosition":[-105.113,222.188,111.72],"timeVisible":4.41089,"tipPosition":[-68.7139,278.916,-55.3362],"tipVelocity":[-18.7853,92.2628,-184.152],"tool":false,"touchDistance":-0.551562,"touchZone":"hovering","type":0,"width":18.5699},{"bases":[[[0.987497,-0.0495621,-0.149644],[0.0902638,0.956037,0.279008],[0.129237,-0.289027,0.948557]],[[0.993585,-0.0672824,-0.0908945],[0.0852311,0.973796,0.210849],[0.0743262,-0.217243,0.973284]],[[0.993585,-0.0672824,-0.0908945],[0.0763498,0.992026,0.100272],[0.0834232,-0.106568,0.9908]],[[0.993585,-0.0672824,-0.0908945],[0.0687157,0.997555,0.0127285],[0.0898158,-0.0188927,0.995779]]],"btipPosition":[-69.58,332.115,-109.683],"carpPosition":[-54.6762,301.398,30.2208],"dipPosition":[-68.1727,331.819,-94.0808],"direction":[-0.0834232,0.106568,-0.9908],"extended":true,"handId":276,"id":2761,"length":53.9285,"mcpPosition":[-63.3953,320.898,-33.7743],"pipPosition":[-66.3236,329.457,-72.1197],"stabilizedTipPosition":[-105.186,277.186,48.6082],"timeVisible":4.41089,"tipPosition":[-68.7886,330.609,-106.226],"tipVelocity":[-21.7078,109.737,-171.008],"tool":false,"touchDistance":-0.546749,"touchZone":"hovering","type":1,"width":17.738},{"bases":[[[0.965925,-0.250405,-0.0654718],[0.258728,0.927317,0.27045],[-0.00700902,-0.278174,0.960505]],[[0.965897,-0.251299,-0.0623818],[0.0954318,0.569477,-0.816449],[0.240697,0.782652,0.574038]],[[0.965897,-0.251299,-0.0623818],[-0.226229,-0.701874,-0.675421],[0.125948,0.6665,-0.734789]],[[0.965897,-0.251299,-0.0623818],[-0.254616,-0.965616,-0.0524943],[-0.0470451,0.0665875,-0.996671]]],"btipPosition":[-56.2389,267.168,-22.0169],"carpPosition":[-43.5746,302.493,28.4724],"dipPosition":[-57.0497,268.316,-39.1924],"direction":[-0.125948,-0.6665,0.734789],"extended":false,"handId":276,"id":2762,"length":61.4471,"mcpPosition":[-43.1261,320.291,-32.9803],"pipPosition":[-53.7653,285.696,-58.3536],"stabilizedTipPosition":[-82.1462,213.765,143.636],"timeVisible":4.41089,"tipPosition":[-56.3303,267.53,-25.6976],"tipVelocity":[-29.5175,58.5011,-181.297],"tool":false,"touchDistance":0.333333,"touchZone":"none","type":2,"width":17.4211},{"bases":[[[0.932094,-0.357799,0.056388],[0.326722,0.897717,0.295562],[-0.156372,-0.257069,0.953658]],[[0.930287,-0.360653,0.0670545],[0.247199,0.481277,-0.840991],[0.271034,0.798938,0.536878]],[[0.930287,-0.360653,0.0670545],[-0.236631,-0.729661,-0.641561],[0.280308,0.580969,-0.764135]],[[0.930287,-0.360653,0.0670545],[-0.359121,-0.932669,-0.0340691],[0.0748268,0.00761336,-0.997167]]],"btipPosition":[-43.0526,267.804,-13.042],"carpPosition":[-32.5271,300.661,27.2391],"dipPosition":[-41.7705,267.934,-30.1273],"direction":[-0.280308,-0.580969,0.764135],"extended":false,"handId":276,"id":2763,"length":59.0831,"mcpPosition":[-23.5446,315.428,-27.5418],"pipPosition":[-34.6496,282.693,-49.5392],"stabilizedTipPosition":[-63.476,217.065,137.677],"timeVisible":4.41089,"tipPosition":[-42.6439,267.945,-16.7253],"tipVelocity":[-33.3713,59.1196,-174.941],"tool":false,"touchDistance":0.333333,"touchZone":"none","type":3,"width":16.5772},{"bases":[[[0.840849,-0.528525,0.116769],[0.452612,0.804876,0.383819],[-0.296842,-0.269883,0.915996]],[[0.810339,-0.550896,0.199661],[0.457665,0.382256,-0.80276],[0.365916,0.741885,0.561883]],[[0.810339,-0.550896,0.199661],[-0.302989,-0.685588,-0.661942],[0.501547,0.475902,-0.722474]],[[0.810339,-0.550896,0.199661],[-0.543097,-0.834042,-0.0970564],[0.219994,-0.0297868,-0.975046]]],"btipPosition":[-31.1199,274.503,-12.1894],"carpPosition":[-22.5661,292.273,26.3668],"dipPosition":[-27.6425,274.032,-27.6017],"direction":[-0.501547,-0.475902,0.722474],"extended":false,"handId":276,"id":2764,"length":46.32,"mcpPosition":[-6.78171,306.624,-22.3406],"pipPosition":[-18.6467,282.568,-40.56],"stabilizedTipPosition":[-53.1584,221.031,133.784],"timeVisible":4.41089,"tipPosition":[-30.3563,274.43,-15.2159],"tipVelocity":[-32.729,59.4972,-173.804],"tool":false,"touchDistance":0.333333,"touchZone":"none","type":4,"width":14.7252}],"r":[[0.524773,-0.39201,0.755607],[0.608255,0.79367,-0.0106788],[-0.595516,0.465205,0.654939]],"s":1.03546,"t":[55.5294,116.531,-219.799],"timestamp":3167927234},false],[2,{"currentFrameRate":110.431,"devices":[],"gestures":[],"hands":[{"armBasis":[[0.914867,0.127009,-0.383258],[0.0933936,0.856921,0.506915],[0.392805,-0.499554,0.772108]],"armWidth":58.4334,"confidence":0.663724,"direction":[0.0543808,0.419067,-0.906325],"elbow":[59.5342,166.116,221.992],"grabStrength":0,"id":276,"palmNormal":[-0.0990232,-0.900931,-0.422515],"palmPosition":[-42.3687,307.777,-15.7881],"palmVelocity":[-37.6972,70.5668,-188.733],"palmWidth":83.4409,"pinchStrength":0.666026,"r":[[0.523227,-0.392084,0.756639],[0.606232,0.795256,-0.00712351],[-0.598929,0.462426,0.653793]],"s":1.03679,"sphereCenter":[-50.3702,283.36,-47.5341],"sphereRadius":41.7206,"stabilizedPalmPosition":[-61.2338,253.145,143.65],"t":[55.1836,117.273,-221.622],"timeVisible":4.41983,"type":"right","wrist":[-37.7238,289.806,30.8192]}],"id":307916,"interactionBox":{"center":[0,200,0],"size":[235.247,235.247,147.751]},"pointables":[{"bases":[[[0.499002,0.84223,0.204071],[-0.77658,0.330081,0.536628],[0.384605,-0.426256,0.81877]],[[0.374898,0.926659,-0.0274577],[-0.859578,0.358547,0.364101],[0.347243,-0.112899,0.930955]],[[0.374898,0.926659,-0.0274577],[-0.921754,0.36942,-0.117891],[-0.0991016,0.0695064,0.992647]],[[0.374898,0.926659,-0.0274577],[-0.750579,0.286011,-0.595676],[-0.544135,0.243927,0.802756]]],"btipPosition":[-65.9693,280.274,-61.5982],"carpPosition":[-64.8506,282.515,29.2828],"dipPosition":[-77.6475,285.51,-44.3696],"direction":[0.0991016,-0.0695064,-0.992647],"extended":false,"handId":276,"id":2760,"length":47.7925,"mcpPosition":[-64.8506,282.515,29.2828],"pipPosition":[-80.7461,287.683,-13.3327],"stabilizedTipPosition":[-105.084,222.235,111.585],"timeVisible":4.41983,"tipPosition":[-68.6029,280.253,-57.6769],"tipVelocity":[-10.4202,108.746,-204.43],"tool":false,"touchDistance":-0.559382,"touchZone":"hovering","type":0,"width":18.5699},{"bases":[[[0.988623,-0.0407614,-0.144784],[0.0811328,0.955053,0.285117],[0.126655,-0.29362,0.947494]],[[0.994405,-0.058149,-0.0881867],[0.0765065,0.972108,0.221704],[0.0728351,-0.227211,0.971118]],[[0.994405,-0.058149,-0.0881867],[0.0678071,0.991526,0.110804],[0.0809963,-0.116164,0.989922]],[[0.994405,-0.058149,-0.0881867],[0.0603717,0.997917,0.0227474],[0.0866802,-0.0279441,0.995844]]],"btipPosition":[-69.7604,333.721,-111.707],"carpPosition":[-55.1926,301.948,28.0209],"dipPosition":[-68.4023,333.284,-96.1043],"direction":[-0.0809963,0.116164,-0.989922],"extended":true,"handId":276,"id":2761,"length":53.9285,"mcpPosition":[-63.7374,321.757,-35.9026],"pipPosition":[-66.607,330.709,-74.1626],"stabilizedTipPosition":[-105.105,277.314,48.2525],"timeVisible":4.41983,"tipPosition":[-68.9643,332.196,-108.264],"tipVelocity":[-21.639,127.86,-186.161],"tool":false,"touchDistance":-0.550772,"touchZone":"hovering","type":1,"width":17.738},{"bases":[[[0.968232,-0.242268,-0.0619131],[0.249864,0.927734,0.277268],[-0.00973426,-0.28393,0.958796]],[[0.968195,-0.243188,-0.0588009],[0.0950921,0.575059,-0.812567],[0.231421,0.781132,0.579894]],[[0.968195,-0.243188,-0.0588009],[-0.217073,-0.69963,-0.680733],[0.124407,0.671846,-0.730168]],[[0.968195,-0.243188,-0.0588009],[-0.246577,-0.967292,-0.0595408],[-0.0423981,0.0721461,-0.996493]]],"btipPosition":[-56.211,268.017,-24.4255],"carpPosition":[-44.0912,303.142,26.3368],"dipPosition":[-56.9417,269.261,-41.598],"direction":[-0.124407,-0.671846,0.730168],"extended":false,"handId":276,"id":2762,"length":61.4471,"mcpPosition":[-43.4684,321.308,-35.0065],"pipPosition":[-53.6975,286.781,-60.6386],"stabilizedTipPosition":[-82.1439,213.77,143.621],"timeVisible":4.41983,"tipPosition":[-56.2862,268.399,-28.1056],"tipVelocity":[-20.0465,69.1387,-205.358],"tool":false,"touchDistance":0.333333,"touchZone":"none","type":2,"width":17.4211},{"bases":[[[0.934637,-0.350652,0.0591322],[0.317964,0.89853,0.302559],[-0.159225,-0.263981,0.951295]],[[0.932724,-0.353695,0.0701795],[0.246664,0.483871,-0.839658],[0.263025,0.80048,0.538562]],[[0.932724,-0.353695,0.0701795],[-0.228674,-0.730673,-0.643293],[0.278808,0.583967,-0.762397]],[[0.932724,-0.353695,0.0701795],[-0.351764,-0.935292,-0.0386131],[0.0792956,0.0113288,-0.996787]]],"btipPosition":[-43.095,268.743,-15.1147],"carpPosition":[-33.0232,301.406,25.1504],"dipPosition":[-41.7364,268.937,-32.1935],"direction":[-0.278808,-0.583967,0.762397],"extended":false,"handId":276,"id":2763,"length":59.0831,"mcpPosition":[-23.8768,316.569,-29.4948],"pipPosition":[-34.6536,283.772,-51.5612],"stabilizedTipPosition":[-63.4736,217.071,137.658],"timeVisible":4.41983,"tipPosition":[-42.6705,268.883,-18.9106],"tipVelocity":[-25.0227,72.1023,-190.453],"tool":false,"touchDistance":0.333333,"touchZone":"none","type":3,"width":16.5772},{"bases":[[[0.844456,-0.522459,0.118027],[0.444139,0.806177,0.390921],[-0.299391,-0.277695,0.912825]],[[0.813752,-0.545535,0.200497],[0.458624,0.390795,-0.798087],[0.357031,0.741398,0.568206]],[[0.813752,-0.545535,0.200497],[-0.294059,-0.683994,-0.667594],[0.501334,0.484298,-0.717021]],[[0.813752,-0.545535,0.200497],[-0.535824,-0.837796,-0.104834],[0.225166,-0.0221219,-0.974069]]],"btipPosition":[-31.1988,275.492,-14.4254],"carpPosition":[-22.9906,293.103,24.2805],"dipPosition":[-27.6396,275.143,-29.8223],"direction":[-0.501334,-0.484298,0.717021],"extended":false,"handId":276,"id":2764,"length":46.32,"mcpPosition":[-7.07071,307.869,-24.2584],"pipPosition":[-18.6476,283.829,-42.6828],"stabilizedTipPosition":[-53.1546,221.04,133.758],"timeVisible":4.41983,"tipPosition":[-30.4202,275.444,-17.4523],"tipVelocity":[-25.6304,74.3317,-194.554],"tool":false,"touchDistance":0.333333,"touchZone":"none","type":4,"width":14.7252}],"r":[[0.523227,-0.392084,0.756639],[0.606232,0.795256,-0.00712351],[-0.598929,0.462426,0.653793]],"s":1.03679,"t":[55.1836,117.273,-221.622],"timestamp":3167936170},false],[3,{"currentFrameRate":110.443,"devices":[],"gestures":[],"hands":[{"armBasis":[[0.917346,0.128369,-0.376825],[0.0878761,0.857933,0.506191],[0.38827,-0.497466,0.775741]],"armWidth":58.4334,"confidence":0.670555,"direction":[0.0565824,0.422445,-0.904621],"elbow":[58.078,166.994,221.574],"grabStrength":0,"id":276,"palmNormal":[-0.0933806,-0.899861,-0.426063],"palmPosition":[-42.5737,308.28,-17.0631],"palmVelocity":[-33.5669,66.482,-175.633],"palmWidth":83.4409,"pinchStrength":0.661426,"r":[[0.521654,-0.392235,0.757647],[0.603936,0.797026,-0.00319921],[-0.60261,0.459239,0.652656]],"s":1.03866,"sphereCenter":[-50.7756,284.157,-48.8918],"sphereRadius":41.7561,"stabilizedPalmPosition":[-61.2303,253.155,143.62],"t":[54.9082,117.895,-223.171],"timeVisible":4.42886,"type":"right","wrist":[-38.0572,290.167,29.5016]}],"id":307917,"interactionBox":{"center":[0,200,0],"size":[235.247,235.247,147.751]},"pointables":[{"bases":[[[0.494555,0.8436,0.209176],[-0.780303,0.324951,0.534353],[0.382808,-0.427488,0.81897]],[[0.373659,0.927385,-0.0183167],[-0.861365,0.35425,0.364084],[0.344134,-0.120266,0.931186]],[[0.373659,0.927385,-0.0183167],[-0.921961,0.369161,-0.117079],[-0.101816,0.0606351,0.992954]],[[0.373659,0.927385,-0.0183167],[-0.746868,0.289098,-0.598841],[-0.550061,0.237443,0.800658]]],"btipPosition":[-65.9105,281.281,-63.0353],"carpPosition":[-65.1462,282.767,27.8209],"dipPosition":[-77.7158,286.377,-45.8517],"direction":[0.101816,-0.0606351,-0.992954],"extended":false,"handId":276,"id":2760,"length":47.7925,"mcpPosition":[-65.1462,282.767,27.8209],"pipPosition":[-80.8993,288.273,-14.8052],"stabilizedTipPosition":[-105.05,222.291,111.425],"timeVisible":4.42886,"tipPosition":[-68.5477,281.199,-59.1316],"tipVelocity":[-6.64949,108.507,-192.265],"tool":false,"touchDistance":-0.553489,"touchZone":"hovering","type":0,"width":18.5699},{"bases":[[[0.98941,-0.036111,-0.140582],[0.0758641,0.954386,0.288776],[0.123742,-0.296384,0.947019]],[[0.994872,-0.0530228,-0.086125],[0.071623,0.970598,0.229805],[0.0714078,-0.234795,0.969418]],[[0.994872,-0.0530228,-0.086125],[0.0630946,0.990914,0.118782],[0.0790443,-0.123607,0.989178]],[[0.994872,-0.0530228,-0.086125],[0.0558214,0.997977,0.0304165],[0.084338,-0.0350682,0.99582]]],"btipPosition":[-69.7996,334.78,-112.944],"carpPosition":[-55.5646,302.245,26.6687],"dipPosition":[-68.4782,334.231,-97.341],"direction":[-0.0790443,0.123607,-0.989178],"extended":true,"handId":276,"id":2761,"length":53.9285,"mcpPosition":[-63.9129,322.241,-37.2227],"pipPosition":[-66.7262,331.491,-75.4158],"stabilizedTipPosition":[-105.005,277.475,47.8084],"timeVisible":4.42886,"tipPosition":[-69,333.241,-109.511],"tipVelocity":[-17.1337,124.156,-172.59],"tool":false,"touchDistance":-0.542573,"touchZone":"hovering","type":1,"width":17.738},{"bases":[[[0.969505,-0.237988,-0.0584997],[0.244742,0.927803,0.281574],[-0.012735,-0.287304,0.957755]],[[0.969457,-0.238949,-0.0552915],[0.0962655,0.578062,-0.810294],[0.225581,0.780222,0.583409]],[[0.969457,-0.238949,-0.0552915],[-0.211125,-0.698306,-0.683955],[0.12482,0.674738,-0.727426]],[[0.969457,-0.238949,-0.0552915],[-0.24226,-0.968106,-0.0638848],[-0.0382628,0.0753285,-0.996424]]],"btipPosition":[-56.2128,268.493,-25.8862],"carpPosition":[-44.461,303.492,25.0376],"dipPosition":[-56.8722,269.791,-43.0575],"direction":[-0.12482,-0.674738,0.727426],"extended":false,"handId":276,"id":2762,"length":61.4471,"mcpPosition":[-43.6462,321.873,-36.2392],"pipPosition":[-53.6172,287.386,-62.0267],"stabilizedTipPosition":[-82.1415,213.775,143.605],"timeVisible":4.42886,"tipPosition":[-56.274,268.886,-29.5746],"tipVelocity":[-14.08,64.9795,-193.333],"tool":false,"touchDistance":0.333333,"touchZone":"none","type":2,"width":17.4211},{"bases":[[[0.935837,-0.346934,0.0620207],[0.312852,0.898797,0.307062],[-0.162274,-0.267957,0.949666]],[[0.933726,-0.35027,0.0739357],[0.246022,0.477823,-0.843302],[0.260055,0.805603,0.53233]],[[0.933726,-0.35027,0.0739357],[-0.225765,-0.736442,-0.637718],[0.277822,0.578761,-0.766714]],[[0.933726,-0.35027,0.0739357],[-0.348492,-0.936615,-0.0361377],[0.0819072,0.00797676,-0.996608]]],"btipPosition":[-43.1754,269.351,-15.9159],"carpPosition":[-33.3807,301.806,23.8937],"dipPosition":[-41.772,269.488,-32.9916],"direction":[-0.277822,-0.578762,0.766714],"extended":false,"handId":276,"id":2763,"length":59.0831,"mcpPosition":[-24.0592,317.198,-30.658],"pipPosition":[-34.7143,284.19,-52.469],"stabilizedTipPosition":[-63.4705,217.079,137.635],"timeVisible":4.42886,"tipPosition":[-42.7363,269.45,-19.9417],"tipVelocity":[-20.2687,70.3905,-162.41],"tool":false,"touchDistance":0.333333,"touchZone":"none","type":3,"width":16.5772},{"bases":[[[0.846123,-0.519321,0.119924],[0.439027,0.806667,0.395657],[-0.302212,-0.282125,0.910535]],[[0.815345,-0.542695,0.201729],[0.459911,0.395433,-0.795057],[0.351703,0.741023,0.572005]],[[0.815345,-0.542695,0.201729],[-0.28866,-0.683066,-0.670892],[0.501884,0.488777,-0.713589]],[[0.815345,-0.542695,0.201729],[-0.531798,-0.83974,-0.109671],[0.228918,-0.0178599,-0.973282]]],"btipPosition":[-31.2641,276.038,-15.7422],"carpPosition":[-23.3096,293.548,23.0391],"dipPosition":[-27.6457,275.755,-31.1266],"direction":[-0.501884,-0.488777,0.713589],"extended":false,"handId":276,"id":2764,"length":46.32,"mcpPosition":[-7.23971,308.55,-25.378],"pipPosition":[-18.6439,284.522,-43.9256],"stabilizedTipPosition":[-53.1503,221.05,133.73],"timeVisible":4.42886,"tipPosition":[-30.4763,276.003,-18.7851],"tipVelocity":[-20.1497,70.9624,-181.036],"tool":false,"touchDistance":0.333333,"touchZone":"none","type":4,"width":14.7252}],"r":[[0.521654,-0.392235,0.757647],[0.603936,0.797026,-0.00319921],[-0.60261,0.459239,0.652656]],"s":1.03866,"t":[54.9082,117.895,-223.171],"timestamp":3167945202},false],[4,{"currentFrameRate":110.474,"devices":[],"gestures":[],"hands":[{"armBasis":[[0.918908,0.127981,-0.373134],[0.086235,0.857855,0.506605],[0.38493,-0.4977,0.777254]],"armWidth":58.4334,"confidence":0.672864,"direction":[0.0583891,0.424159,-0.903704],"elbow":[57.0095,167.112,221.187],"grabStrength":0,"id":276,"palmNormal":[-0.0917905,-0.899132,-0.427944],"palmPosition":[-42.7199,308.539,-17.8016],"palmVelocity":[-28.8117,56.1212,-149.949],"palmWidth":83.4409,"pinchStrength":0.653268,"r":[[0.520094,-0.392572,0.758544],[0.601979,0.798512,0.00051134],[-0.605907,0.456361,0.651622]],"s":1.04103,"sphereCenter":[-51.3429,284.755,-49.6551],"sphereRadius":41.794,"stabilizedPalmPosition":[-61.2266,253.166,143.587],"t":[54.6974,118.336,-224.315],"timeVisible":4.43786,"type":"right","wrist":[-38.2989,290.342,28.7398]}],"id":307918,"interactionBox":{"center":[0,200,0],"size":[235.247,235.247,147.751]},"pointables":[{"bases":[[[0.493503,0.843541,0.211881],[-0.781755,0.323439,0.533148],[0.381202,-0.428749,0.81906]],[[0.375395,0.92679,-0.011803],[-0.861231,0.353491,0.365139],[0.342579,-0.126906,0.930878]],[[0.375395,0.92679,-0.011803],[-0.921224,0.371677,-0.114905],[-0.102106,0.054008,0.993306]],[[0.375395,0.92679,-0.011803],[-0.744278,0.293831,-0.599762],[-0.552385,0.233932,0.800092]]],"btipPosition":[-66.0131,282.028,-63.8583],"carpPosition":[-65.3789,282.928,26.9827],"dipPosition":[-77.8683,287.048,-46.6868],"direction":[0.102106,-0.054008,-0.993306],"extended":false,"handId":276,"id":2760,"length":47.7925,"mcpPosition":[-65.3789,282.928,26.9827],"pipPosition":[-81.0608,288.737,-15.6293],"stabilizedTipPosition":[-105.009,222.36,111.231],"timeVisible":4.43786,"tipPosition":[-68.6346,281.909,-59.9583],"tipVelocity":[-8.303,100.978,-164.677],"tool":false,"touchDistance":-0.53886,"touchZone":"hovering","type":0,"width":18.5699},{"bases":[[[0.989757,-0.0351893,-0.13836],[0.0745547,0.9539,0.290718],[0.121752,-0.298056,0.946752]],[[0.994926,-0.0514029,-0.0864862],[0.0707217,0.968734,0.237808],[0.071558,-0.242718,0.967454]],[[0.994926,-0.0514029,-0.0864862],[0.0621884,0.989947,0.127034],[0.0790868,-0.131768,0.988121]],[[0.994926,-0.0514029,-0.0864862],[0.0549048,0.997745,0.0386093],[0.0843065,-0.0431619,0.995505]]],"btipPosition":[-69.9149,335.682,-113.6],"carpPosition":[-55.8077,302.414,25.8887],"dipPosition":[-68.594,335.006,-98.0021],"direction":[-0.0790868,0.131768,-0.988121],"extended":true,"handId":276,"id":2761,"length":53.9285,"mcpPosition":[-64.0218,322.522,-37.9846],"pipPosition":[-66.841,332.085,-76.1003],"stabilizedTipPosition":[-104.879,277.681,47.2481],"timeVisible":4.43786,"tipPosition":[-69.1083,334.094,-110.181],"tipVelocity":[-15.9506,116.688,-145.264],"tool":false,"touchDistance":-0.526509,"touchZone":"hovering","type":1,"width":17.738},{"bases":[[[0.969797,-0.237232,-0.0566982],[0.243466,0.927442,0.283857],[-0.0147556,-0.289088,0.957189]],[[0.969735,-0.238321,-0.0530863],[0.0974862,0.577263,-0.810718],[0.223856,0.781006,0.583025]],[[0.969735,-0.238321,-0.0530863],[-0.209221,-0.699,-0.683831],[0.125864,0.674241,-0.727707]],[[0.969735,-0.238321,-0.0530863],[-0.241501,-0.968233,-0.0648246],[-0.0359508,0.075683,-0.996484]]],"btipPosition":[-56.3146,268.759,-26.5766],"carpPosition":[-44.7013,303.671,24.2856],"dipPosition":[-56.9341,270.063,-43.7489],"direction":[-0.125864,-0.674241,0.727707],"extended":false,"handId":276,"id":2762,"length":61.4471,"mcpPosition":[-43.7572,322.167,-36.9549],"pipPosition":[-53.652,287.645,-62.7254],"stabilizedTipPosition":[-82.1391,213.78,143.588],"timeVisible":4.43786,"tipPosition":[-56.3713,269.151,-30.3366],"tipVelocity":[-13.0405,55.2875,-161.33],"tool":false,"touchDistance":0.333333,"touchZone":"none","type":2,"width":17.4211},{"bases":[[[0.935924,-0.346423,0.0635421],[0.311537,0.898435,0.309449],[-0.164289,-0.269825,0.948791]],[[0.933665,-0.349967,0.0761061],[0.24702,0.47539,-0.844385],[0.259327,0.807172,0.530304]],[[0.933665,-0.349967,0.0761061],[-0.224878,-0.738242,-0.635947],[0.278745,0.576647,-0.767971]],[[0.933665,-0.349967,0.0761061],[-0.348196,-0.936736,-0.0358422],[0.0838349,0.00696473,-0.996455]]],"btipPosition":[-43.3229,269.654,-16.4827],"carpPosition":[-33.6172,301.995,23.1642],"dipPosition":[-41.8865,269.773,-33.5558],"direction":[-0.278745,-0.576648,0.767971],"extended":false,"handId":276,"id":2763,"length":59.0831,"mcpPosition":[-24.18,317.494,-31.3371],"pipPosition":[-34.8053,284.422,-53.0651],"stabilizedTipPosition":[-63.4668,217.088,137.606],"timeVisible":4.43786,"tipPosition":[-42.8753,269.734,-20.5897],"tipVelocity":[-18.9711,60.1865,-135.099],"tool":false,"touchDistance":0.333333,"touchZone":"none","type":3,"width":16.5772},{"bases":[[[0.846192,-0.518977,0.120918],[0.437569,0.806225,0.398165],[-0.304126,-0.284014,0.909309]],[[0.815951,-0.54208,0.200931],[0.457971,0.393964,-0.796903],[0.352826,0.742255,0.569712]],[[0.815951,-0.54208,0.200931],[-0.289864,-0.68432,-0.669092],[0.500202,0.487704,-0.715501]],[[0.815951,-0.54208,0.200931],[-0.531218,-0.840145,-0.109378],[0.228103,-0.0174908,-0.97348]]],"btipPosition":[-31.3848,276.309,-16.2867],"carpPosition":[-23.5386,293.746,22.3177],"dipPosition":[-27.7792,276.032,-31.6742],"direction":[-0.500202,-0.487704,0.715501],"extended":false,"handId":276,"id":2764,"length":46.32,"mcpPosition":[-7.36696,308.848,-26.0343],"pipPosition":[-18.8075,284.78,-44.5075],"stabilizedTipPosition":[-53.1458,221.061,133.699],"timeVisible":4.43786,"tipPosition":[-30.5937,276.274,-19.4468],"tipVelocity":[-18.3881,59.7937,-147.971],"tool":false,"touchDistance":0.333333,"touchZone":"none","type":4,"width":14.7252}],"r":[[0.520094,-0.392572,0.758544],[0.601979,0.798512,0.00051134],[-0.605907,0.456361,0.651622]],"s":1.04103,"t":[54.6974,118.336,-224.315],"timestamp":3167954200},false],[5,{"currentFrameRate":110.492,"devices":[],"gestures":[],"hands":[{"armBasis":[[0.922098,0.130621,-0.364243],[0.0824459,0.853371,0.514743],[0.37807,-0.504674,0.776123]],"armWidth":58.4334,"confidence":0.644794,"direction":[0.060974,0.425864,-0.90273],"elbow":[55.0211,165.942,219.633],"grabStrength":0,"id":276,"palmNormal":[-0.088725,-0.89852,-0.429871],"palmPosition":[-42.8705,309.171,-19.0594],"palmVelocity":[-25.4817,59.9773,-147.068],"palmWidth":83.4409,"pinchStrength":0.641059,"r":[[0.518423,-0.392943,0.759496],[0.600131,0.799891,0.00419985],[-0.609164,0.45362,0.650499]],"s":1.04389,"sphereCenter":[-51.8819,285.745,-50.9417],"sphereRadius":41.8422,"stabilizedPalmPosition":[-61.2225,253.178,143.551],"t":[54.5167,118.872,-225.516],"timeVisible":4.44687,"type":"right","wrist":[-38.5888,290.899,27.4655]}],"id":307919,"interactionBox":{"center":[0,200,0],"size":[235.247,235.247,147.751]},"pointables":[{"bases":[[[0.491315,0.843984,0.215178],[-0.784234,0.321185,0.530865],[0.37893,-0.429571,0.819683]],[[0.376143,0.926549,-0.00491666],[-0.861593,0.351716,0.365996],[0.340842,-0.133431,0.930603]],[[0.376143,0.926549,-0.00491666],[-0.920716,0.373169,-0.114138],[-0.103919,0.0474589,0.993453]],[[0.376143,0.926549,-0.00491666],[-0.741125,0.297675,-0.601767],[-0.556103,0.229994,0.798657]]],"btipPosition":[-66.068,283.131,-65.2058],"carpPosition":[-65.6498,283.443,25.5964],"dipPosition":[-78.003,288.067,-48.0651],"direction":[0.103919,-0.0474589,-0.993453],"extended":false,"handId":276,"id":2760,"length":47.7925,"mcpPosition":[-65.6498,283.443,25.5964],"pipPosition":[-81.2522,289.551,-17.003],"stabilizedTipPosition":[-104.958,222.447,110.989],"timeVisible":4.44687,"tipPosition":[-68.6684,282.977,-61.3208],"tipVelocity":[-8.25386,106.254,-160.696],"tool":false,"touchDistance":-0.533626,"touchZone":"hovering","type":0,"width":18.5699},{"bases":[[[0.990312,-0.0332932,-0.13481],[0.071898,0.953503,0.292681],[0.118797,-0.299538,0.946659]],[[0.995138,-0.0487716,-0.0855692],[0.0685809,0.966691,0.246589],[0.0706924,-0.251258,0.965335]],[[0.995138,-0.0487716,-0.0855692],[0.0601604,0.988879,0.136015],[0.0779839,-0.140501,0.987004]],[[0.995138,-0.0487716,-0.0855692],[0.052967,0.997468,0.0474629],[0.0830377,-0.0517645,0.995201]]],"btipPosition":[-69.9368,336.98,-114.797],"carpPosition":[-56.1073,302.947,24.572],"dipPosition":[-68.6357,336.169,-99.2044],"direction":[-0.0779839,0.140501,-0.987005],"extended":true,"handId":276,"id":2761,"length":53.9285,"mcpPosition":[-64.1221,323.155,-39.2951],"pipPosition":[-66.9072,333.054,-77.3274],"stabilizedTipPosition":[-104.719,277.95,46.5279],"timeVisible":4.44687,"tipPosition":[-69.1303,335.337,-111.394],"tipVelocity":[-12.3691,123.229,-141.867],"tool":false,"touchDistance":-0.520171,"touchZone":"hovering","type":1,"width":17.738},{"bases":[[[0.970393,-0.235514,-0.0535798],[0.240878,0.92734,0.286389],[-0.0177619,-0.290816,0.956614]],[[0.970308,-0.236755,-0.0494908],[0.0985662,0.573903,-0.81297],[0.220877,0.783953,0.580199]],[[0.970308,-0.236755,-0.0494908],[-0.206091,-0.702169,-0.681531],[0.126605,0.671495,-0.730113]],[[0.970308,-0.236755,-0.0494908],[-0.239638,-0.968753,-0.0639635],[-0.0328007,0.0739242,-0.996724]]],"btipPosition":[-56.3601,269.395,-27.622],"carpPosition":[-44.9972,304.225,23.0116],"dipPosition":[-56.9254,270.669,-44.7985],"direction":[-0.126605,-0.671495,0.730114],"extended":false,"handId":276,"id":2762,"length":61.4471,"mcpPosition":[-43.8608,322.831,-38.1922],"pipPosition":[-53.6239,288.18,-63.8377],"stabilizedTipPosition":[-82.1362,213.787,143.569],"timeVisible":4.44687,"tipPosition":[-56.4136,269.778,-31.519],"tipVelocity":[-10.462,59.2826,-148.87],"tool":false,"touchDistance":0.333333,"touchZone":"none","type":2,"width":17.4211},{"bases":[[[0.936264,-0.344975,0.0663421],[0.308903,0.898401,0.312178],[-0.167295,-0.271788,0.947704]],[[0.933834,-0.34874,0.0795825],[0.248914,0.473753,-0.844748],[0.256895,0.808664,0.529213]],[[0.933834,-0.34874,0.0795825],[-0.222277,-0.74005,-0.634759],[0.280261,0.57507,-0.768601]],[[0.933834,-0.34874,0.0795825],[-0.346933,-0.9372,-0.0359525],[0.0871229,0.00596387,-0.99618]]],"btipPosition":[-43.4345,270.337,-17.6008],"carpPosition":[-33.9064,302.569,21.9277],"dipPosition":[-41.9418,270.44,-34.6692],"direction":[-0.280261,-0.57507,0.768601],"extended":false,"handId":276,"id":2763,"length":59.0831,"mcpPosition":[-24.2964,318.182,-32.5112],"pipPosition":[-34.8221,285.049,-54.1945],"stabilizedTipPosition":[-63.4623,217.1,137.57],"timeVisible":4.44687,"tipPosition":[-42.973,270.397,-21.7724],"tipVelocity":[-16.763,64.3615,-132.01],"tool":false,"touchDistance":0.333333,"touchZone":"none","type":3,"width":16.5772},{"bases":[[[0.846613,-0.517781,0.123084],[0.434764,0.806243,0.401189],[-0.306963,-0.286139,0.907688]],[[0.81668,-0.540722,0.201625],[0.457528,0.393741,-0.797268],[0.351712,0.743362,0.568956]],[[0.81668,-0.540722,0.201625],[-0.288698,-0.685329,-0.668564],[0.499687,0.487794,-0.7158]],[[0.81668,-0.540722,0.201625],[-0.529569,-0.841039,-0.110501],[0.229325,-0.0165299,-0.97321]]],"btipPosition":[-31.4802,276.962,-17.3892],"carpPosition":[-23.811,294.339,21.1033],"dipPosition":[-27.8553,276.701,-32.7725],"direction":[-0.499687,-0.487794,0.7158],"extended":false,"handId":276,"id":2764,"length":46.32,"mcpPosition":[-7.48838,309.554,-27.1624],"pipPosition":[-18.8929,285.45,-45.6111],"stabilizedTipPosition":[-53.1405,221.074,133.663],"timeVisible":4.44687,"tipPosition":[-30.6814,276.93,-20.6347],"tipVelocity":[-16.1046,63.3826,-140.869],"tool":false,"touchDistance":0.333333,"touchZone":"none","type":4,"width":14.7252}],"r":[[0.518423,-0.392943,0.759496],[0.600131,0.799891,0.00419985],[-0.609164,0.45362,0.650499]],"s":1.04389,"t":[54.5167,118.872,-225.516],"timestamp":3167963218},false],[6,{"currentFrameRate":110.137,"devices":[],"gestures":[],"hands":[{"armBasis":[[0.923417,0.133095,-0.359981],[0.0779855,0.85331,0.51554],[0.375791,-0.504131,0.777581]],"armWidth":58.4334,"confidence":0.64614,"direction":[0.0641154,0.425393,-0.902735],"elbow":[54.1203,166.746,218.912],"grabStrength":0,"id":276,"palmNormal":[-0.084633,-0.899019,-0.429654],"palmPosition":[-43.0362,309.799,-20.1734],"palmVelocity":[-23.0188,61.3432,-137.607],"palmWidth":83.4409,"pinchStrength":0.629847,"r":[[0.51657,-0.392896,0.760781],[0.598258,0.801268,0.00758848],[-0.612571,0.451223,0.648964]],"s":1.04744,"sphereCenter":[-52.4469,286.683,-52.0248],"sphereRadius":41.9126,"stabilizedPalmPosition":[-61.2169,253.196,143.501],"t":[54.3435,119.455,-226.673],"timeVisible":4.45658,"type":"right","wrist":[-38.9252,291.568,26.3832]}],"id":307920,"interactionBox":{"center":[0,200,0],"size":[235.247,235.247,147.751]},"pointables":[{"bases":[[[0.488332,0.845286,0.216848],[-0.787418,0.319695,0.527038],[0.376172,-0.428119,0.82171]],[[0.376092,0.926582,-0.000156598],[-0.862522,0.350152,0.365307],[0.338542,-0.137254,0.930887]],[[0.376092,0.926582,-0.000156598],[-0.920538,0.373619,-0.114103],[-0.105667,0.0430573,0.993469]],[[0.376092,0.926582,-0.000156598],[-0.73881,0.299774,-0.603569],[-0.559209,0.227113,0.797311]]],"btipPosition":[-66.1512,284.109,-66.3918],"carpPosition":[-65.9596,284.047,24.395],"dipPosition":[-78.1529,288.984,-49.28],"direction":[0.105667,-0.0430573,-0.993469],"extended":false,"handId":276,"id":2760,"length":47.7925,"mcpPosition":[-65.9596,284.047,24.395],"pipPosition":[-81.4567,290.33,-18.2174],"stabilizedTipPosition":[-104.889,222.566,110.66],"timeVisible":4.45658,"tipPosition":[-68.7075,283.932,-62.5099],"tipVelocity":[-8.80899,104.232,-149.615],"tool":false,"touchDistance":-0.526486,"touchZone":"hovering","type":0,"width":18.5699},{"bases":[[[0.990996,-0.0310484,-0.130239],[0.0683066,0.953869,0.29235],[0.115154,-0.298614,0.947401]],[[0.995445,-0.0456279,-0.0837095],[0.0655375,0.965176,0.253257],[0.0692388,-0.25759,0.96377]],[[0.995445,-0.0456279,-0.0837095],[0.0572918,0.988106,0.142704],[0.0762026,-0.14685,0.986219]],[[0.995445,-0.0456279,-0.0837095],[0.0502443,0.997282,0.0538957],[0.0810228,-0.0578562,0.995032]]],"btipPosition":[-69.9139,338.029,-115.937],"carpPosition":[-56.4585,303.573,23.401],"dipPosition":[-68.6444,337.123,-100.346],"direction":[-0.0762026,0.14685,-0.986219],"extended":true,"handId":276,"id":2761,"length":53.9285,"mcpPosition":[-64.2275,323.719,-40.5162],"pipPosition":[-66.9554,333.868,-78.4868],"stabilizedTipPosition":[-104.506,278.314,45.5622],"timeVisible":4.45658,"tipPosition":[-69.1083,336.345,-112.544],"tipVelocity":[-8.27788,118.132,-134.71],"tool":false,"touchDistance":-0.513587,"touchZone":"hovering","type":1,"width":17.738},{"bases":[[[0.971181,-0.23326,-0.0489621],[0.237375,0.9281,0.286852],[-0.0214694,-0.290207,0.956723]],[[0.971071,-0.234604,-0.0445243],[0.100324,0.570026,-0.815479],[0.216694,0.787421,0.577072]],[[0.971071,-0.234604,-0.0445243],[-0.201681,-0.705944,-0.678946],[0.127851,0.668284,-0.732837]],[[0.971071,-0.234604,-0.0445243],[-0.23707,-0.969512,-0.062004],[-0.0286205,0.0707657,-0.997082]]],"btipPosition":[-56.3898,269.992,-28.5345],"carpPosition":[-45.3445,304.876,21.8907],"dipPosition":[-56.883,271.212,-45.7171],"direction":[-0.127851,-0.668284,0.732837],"extended":false,"handId":276,"id":2762,"length":61.4471,"mcpPosition":[-43.9709,323.444,-39.32],"pipPosition":[-53.549,288.639,-64.8274],"stabilizedTipPosition":[-82.1324,213.795,143.543],"timeVisible":4.45658,"tipPosition":[-56.4334,270.36,-32.5234],"tipVelocity":[-7.79491,59.5557,-132.846],"tool":false,"touchDistance":0.333333,"touchZone":"none","type":2,"width":17.4211},{"bases":[[[0.93676,-0.34272,0.0708774],[0.305349,0.899339,0.312973],[-0.171005,-0.271538,0.947114]],[[0.934078,-0.346771,0.0851333],[0.249608,0.463644,-0.850135],[0.255331,0.815343,0.519637]],[[0.934078,-0.346771,0.0851333],[-0.220535,-0.747788,-0.62624],[0.280823,0.566182,-0.774968]],[[0.934078,-0.346771,0.0851333],[-0.345478,-0.937949,-0.0299488],[0.090236,-0.00143716,-0.995919]]],"btipPosition":[-43.5634,271.079,-18.0861],"carpPosition":[-34.2448,303.246,20.8589],"dipPosition":[-42.0173,271.054,-35.15],"direction":[-0.280823,-0.566182,0.774968],"extended":false,"handId":276,"id":2763,"length":59.0831,"mcpPosition":[-24.4218,318.844,-33.5461],"pipPosition":[-34.8834,285.437,-54.837],"stabilizedTipPosition":[-63.4548,217.12,137.512],"timeVisible":4.45658,"tipPosition":[-43.0809,271.085,-22.4428],"tipVelocity":[-15.3733,66.9901,-107.968],"tool":false,"touchDistance":0.333333,"touchZone":"none","type":3,"width":16.5772},{"bases":[[[0.847256,-0.515698,0.127326],[0.431017,0.807538,0.402624],[-0.310453,-0.286246,0.906467]],[[0.817555,-0.538319,0.204491],[0.457794,0.392166,-0.797892],[0.349326,0.745935,0.567056]],[[0.817555,-0.538319,0.204491],[-0.286334,-0.688124,-0.666707],[0.499616,0.486517,-0.716718]],[[0.817555,-0.538319,0.204491],[-0.527293,-0.842549,-0.109879],[0.231444,-0.0179943,-0.972682]]],"btipPosition":[-31.5649,277.63,-18.2713],"carpPosition":[-24.1264,295.039,20.0866],"dipPosition":[-27.9065,277.346,-33.6462],"direction":[-0.499616,-0.486517,0.716718],"extended":false,"handId":276,"id":2764,"length":46.32,"mcpPosition":[-7.61825,310.26,-28.1142],"pipPosition":[-18.9453,286.072,-46.5013],"stabilizedTipPosition":[-53.13