{"sensorType":"Leap","data":[[0,{"currentFrameRate":110.625,"devices":[],"gestures":[],"hands":[{"armBasis":[[0.946071,0.172061,-0.274489],[-0.0118281,0.865077,0.5015],[0.323742,-0.471208,0.820459]],"armWidth":58.4334,"confidence":0.636802,"direction":[-0.0235224,0.435368,-0.899945],"elbow":[55.683,193.013,234.952],"grabStrength":0,"id":269,"palmNormal":[0.0136163,-0.899971,-0.435736],"palmPosition":[-32.574,327.52,-14.3782],"palmVelocity":[24.5766,4.50379,-131.396],"palmWidth":83.4409,"pinchStrength":0.543602,"r":[[0.804102,-0.273173,0.528012],[0.219848,0.96185,0.16282],[-0.552346,-0.0148415,0.833483]],"s":0.955031,"sphereCenter":[-36.763,302.544,-46.1748],"sphereRadius":42.0794,"stabilizedPalmPosition":[-61.0272,266.718,159.204],"t":[52.1703,102.001,-242.772],"timeVisible":0.704882,"type":"right","wrist":[-24.4754,309.683,31.8066]}],"id":303212,"interactionBox":{"center":[0,200,0],"size":[235.247,235.247,147.751]},"pointables":[{"bases":[[[0.38548,0.898968,0.207993],[-0.801406,0.21446,0.55835],[0.457333,-0.381919,0.803109]],[[0.285517,0.957451,0.0420523],[-0.886625,0.247229,0.390863],[0.363835,-0.148883,0.919488]],[[0.285517,0.957451,0.0420523],[-0.942102,0.288451,-0.170995],[-0.17585,0.00920452,0.984374]],[[0.285517,0.957451,0.0420523],[-0.864816,0.276306,-0.419224],[-0.413006,0.0833283,0.906908]]],"btipPosition":[-52.6927,303.555,-61.6191],"carpPosition":[-50.3999,298.815,30.7136],"dipPosition":[-61.5566,305.343,-42.1552],"direction":[0.17585,-0.00920452,-0.984374],"extended":false,"handId":269,"id":2690,"length":47.7925,"mcpPosition":[-50.3999,298.815,30.7136],"pipPosition":[-67.0549,305.631,-11.377],"stabilizedTipPosition":[-88.2809,239.565,117.903],"timeVisible":0.704882,"tipPosition":[-53.9341,303.356,-57.1374],"tipVelocity":[-15.5785,35.8864,-122.816],"tool":false,"touchDistance":-0.497515,"touchZone":"hovering","type":0,"width":18.5699},{"bases":[[[0.98149,0.0952831,-0.166128],[-0.0418029,0.95312,0.299692],[0.186895,-0.2872,0.939461]],[[0.992502,0.0740955,-0.097208],[-0.0455016,0.962123,0.26879],[0.113442,-0.262352,0.958281]],[[0.992502,0.0740955,-0.097208],[-0.0589116,0.986823,0.1507],[0.107093,-0.143844,0.983789]],[[0.992502,0.0740955,-0.097208],[-0.0689354,0.996081,0.0554137],[0.100933,-0.0482971,0.99372]]],"btipPosition":[-64.515,353.049,-108.928],"carpPosition":[-43.4814,319.391,29.5832],"dipPosition":[-62.9335,352.292,-93.3583],"direction":[-0.107093,0.143844,-0.983789],"extended":true,"handId":269,"id":2691,"length":53.9285,"mcpPosition":[-56.0904,338.768,-33.7982],"pipPosition":[-60.5598,349.104,-71.5525],"stabilizedTipPosition":[-103.247,295.758,49.4731],"timeVisible":0.704882,"tipPosition":[-63.3065,351.746,-105.547],"tipVelocity":[11.5275,38.6308,-125.96],"tool":false,"touchDistance":-0.500243,"touchZone":"hovering","type":1,"width":17.738},{"bases":[[[0.990366,-0.108284,-0.0863154],[0.128845,0.94897,0.287845],[0.0507418,-0.296193,0.953779]],[[0.991254,-0.114895,-0.0649172],[0.00948334,0.552669,-0.833347],[0.131625,0.825443,0.548925]],[[0.991254,-0.114895,-0.0649172],[-0.128983,-0.739498,-0.660687],[0.0279035,0.663282,-0.74785]],[[0.991254,-0.114895,-0.0649172],[-0.118568,-0.991373,-0.0558735],[-0.0579376,0.0630819,-0.996325]]],"btipPosition":[-41.4778,286.18,-20.9265],"carpPosition":[-32.6841,322.099,27.6879],"dipPosition":[-42.4762,287.267,-38.096],"direction":[-0.0279035,-0.663282,0.74785],"extended":false,"handId":269,"id":2692,"length":61.4471,"mcpPosition":[-35.9306,341.049,-33.3345],"pipPosition":[-41.7486,304.563,-57.5978],"stabilizedTipPosition":[-71.739,214.111,173.673],"timeVisible":0.704882,"tipPosition":[-41.6978,286.494,-24.9059],"tipVelocity":[-3.20832,4.91792,-139.28],"tool":false,"touchDistance":0.333333,"touchZone":"none","type":2,"width":17.4211},{"bases":[[[0.974489,-0.221918,0.0335302],[0.200825,0.928883,0.3112],[-0.100207,-0.296527,0.949753]],[[0.974209,-0.222734,0.0361475],[0.149937,0.519259,-0.841361],[0.16863,0.825081,0.539263]],[[0.974209,-0.222734,0.0361475],[-0.145929,-0.744079,-0.65196],[0.17211,0.62987,-0.757392]],[[0.974209,-0.222734,0.0361475],[-0.220529,-0.97374,-0.0565534],[0.0477947,0.0471232,-0.997745]]],"btipPosition":[-27.8576,288.31,-14.0756],"carpPosition":[-21.5134,321.891,26.2403],"dipPosition":[-27.0387,289.118,-31.1708],"direction":[-0.17211,-0.62987,0.757392],"extended":false,"handId":269,"id":2693,"length":59.0831,"mcpPosition":[-15.7572,338.925,-28.3163],"pipPosition":[-22.6665,305.119,-50.4113],"stabilizedTipPosition":[-56.1256,216.708,178.848],"timeVisible":0.704882,"tipPosition":[-27.4985,288.625,-17.4485],"tipVelocity":[-3.64662,-5.5833,-167.046],"tool":false,"touchDistance":0.333333,"touchZone":"none","type":3,"width":16.5772},{"bases":[[[0.909674,-0.405154,0.0913452],[0.340301,0.853188,0.395304],[-0.238094,-0.328513,0.913997]],[[0.923758,-0.381879,0.0289877],[0.233801,0.502371,-0.832442],[0.30333,0.775752,0.553353]],[[0.923758,-0.381879,0.0289877],[-0.268445,-0.699627,-0.662163],[0.273147,0.603896,-0.748799]],[[0.923758,-0.381879,0.0289877],[-0.377737,-0.920981,-0.0954367],[0.0631424,0.0772107,-0.995013]]],"btipPosition":[-13.5484,295.296,-12.3672],"carpPosition":[-10.476,315.034,25.0184],"dipPosition":[-12.5503,296.517,-28.0951],"direction":[-0.273147,-0.603896,0.748799],"extended":false,"handId":269,"id":2694,"length":46.32,"mcpPosition":[2.18451,332.502,-23.5828],"pipPosition":[-7.65113,307.348,-41.5256],"stabilizedTipPosition":[-41.1798,233.38,160.014],"timeVisible":0.704882,"tipPosition":[-13.0954,295.661,-15.9179],"tipVelocity":[2.47633,-9.359,-137.559],"tool":false,"touchDistance":0.333333,"touchZone":"none","type":4,"width":14.7252}],"r":[[0.804102,-0.273173,0.528012],[0.219848,0.96185,0.16282],[-0.552346,-0.0148415,0.833483]],"s":0.955031,"t":[52.1703,102.001,-242.772],"timestamp":3124551339},false],[1,{"currentFrameRate":110.616,"devices":[],"gestures":[],"hands":[{"armBasis":[[0.947245,0.160315,-0.277534],[-0.00144118,0.868038,0.496495],[0.320506,-0.469903,0.822476]],"armWidth":58.4334,"confidence":0.646326,"direction":[-0.0216353,0.432323,-0.901459],"elbow":[55.0515,193.645,234.44],"grabStrength":0,"id":269,"palmNormal":[0.00301256,-0.901638,-0.432481],"palmPosition":[-32.3535,327.745,-15.4305],"palmVelocity":[24.5112,10.1115,-127.198],"palmWidth":83.4409,"pinchStrength":0.539958,"r":[[0.802833,-0.276611,0.528153],[0.225256,0.960928,0.160864],[-0.552014,-0.0101769,0.833773]],"s":0.954912,"sphereCenter":[-37.2838,302.725,-47.1841],"sphereRadius":42.1251,"stabilizedPalmPosition":[-61.0267,266.719,159.201],"t":[52.3952,102.185,-243.929],"timeVisible":0.713939,"type":"right","wrist":[-24.3054,309.992,30.7956]}],"id":303213,"interactionBox":{"center":[0,200,0],"size":[235.247,235.247,147.751]},"pointables":[{"bases":[[[0.395385,0.895668,0.203594],[-0.797506,0.224789,0.55987],[0.455692,-0.383731,0.803178]],[[0.298721,0.953384,0.0427275],[-0.878457,0.257197,0.402695],[0.372933,-0.157828,0.914337]],[[0.298721,0.953384,0.0427275],[-0.938438,0.301588,-0.168459],[-0.173492,0.0102252,0.984782]],[[0.298721,0.953384,0.0427275],[-0.866018,0.289614,-0.407598],[-0.400972,0.0847552,0.912161]]],"btipPosition":[-53.3856,304.476,-62.4054],"carpPosition":[-50.3443,299.39,29.8171],"dipPosition":[-61.9912,306.295,-42.8287],"direction":[0.173492,-0.0102252,-0.984782],"extended":false,"handId":269,"id":2690,"length":47.7925,"mcpPosition":[-50.3443,299.39,29.8171],"pipPosition":[-67.4158,306.615,-12.0377],"stabilizedTipPosition":[-88.2779,239.571,117.887],"timeVisible":0.713939,"tipPosition":[-54.5022,304.179,-57.9333],"tipVelocity":[-30.5861,54.2934,-112.085],"tool":false,"touchDistance":-0.487501,"touchZone":"hovering","type":0,"width":18.5699},{"bases":[[[0.981936,0.0844891,-0.169303],[-0.0310438,0.954582,0.296325],[0.18665,-0.285717,0.939962]],[[0.992653,0.0641327,-0.102604],[-0.0343734,0.962508,0.269067],[0.116013,-0.263563,0.957641]],[[0.992653,0.0641327,-0.102604],[-0.0481001,0.987251,0.151732],[0.111027,-0.145682,0.983082]],[[0.992653,0.0641327,-0.102604],[-0.058507,0.996662,0.056932],[0.105913,-0.0505106,0.993092]]],"btipPosition":[-64.4998,353.57,-109.903],"carpPosition":[-43.2162,319.889,28.5916],"dipPosition":[-62.8403,352.778,-94.3428],"direction":[-0.111027,0.145682,-0.983082],"extended":true,"handId":269,"id":2691,"length":53.9285,"mcpPosition":[-55.8087,339.165,-34.8237],"pipPosition":[-60.3794,349.549,-72.5527],"stabilizedTipPosition":[-103.239,295.771,49.4393],"timeVisible":0.713939,"tipPosition":[-63.2921,352.243,-106.529],"tipVelocity":[9.35547,43.6003,-120.966],"tool":false,"touchDistance":-0.493206,"touchZone":"hovering","type":1,"width":17.738},{"bases":[[[0.988934,-0.118868,-0.0887733],[0.139516,0.948619,0.284001],[0.0504533,-0.293244,0.954705]],[[0.989815,-0.125403,-0.0673803],[0.013383,0.553187,-0.83295],[0.141728,0.823564,0.549231]],[[0.989815,-0.125403,-0.0673803],[-0.138404,-0.736917,-0.661663],[0.0333206,0.66425,-0.746768]],[[0.989815,-0.125403,-0.0673803],[-0.12925,-0.990022,-0.0561278],[-0.0596695,0.064265,-0.996147]]],"btipPosition":[-41.7302,286.407,-22.0631],"carpPosition":[-32.3971,322.478,26.6552],"dipPosition":[-42.7585,287.515,-39.2296],"direction":[-0.0333206,-0.66425,0.746768],"extended":false,"handId":269,"id":2692,"length":61.4471,"mcpPosition":[-35.625,341.239,-34.4264],"pipPosition":[-41.8896,304.837,-58.7032],"stabilizedTipPosition":[-71.7386,214.112,173.67],"timeVisible":0.713939,"tipPosition":[-41.9483,286.743,-25.9448],"tipVelocity":[-10.226,10.6365,-135.456],"tool":false,"touchDistance":0.333333,"touchZone":"none","type":2,"width":17.4211},{"bases":[[[0.972229,-0.231896,0.0315321],[0.211352,0.927871,0.307222],[-0.100502,-0.292026,0.951115]],[[0.971822,-0.233056,0.0353139],[0.155858,0.522933,-0.838003],[0.176835,0.819894,0.544521]],[[0.971822,-0.233056,0.0353139],[-0.153125,-0.738085,-0.657102],[0.179206,0.633178,-0.752974]],[[0.971822,-0.233056,0.0353139],[-0.230734,-0.971184,-0.0596919],[0.0482078,0.0498618,-0.997592]]],"btipPosition":[-28.0841,288.391,-15.5482],"carpPosition":[-21.2333,322.149,25.1763],"dipPosition":[-27.2581,289.245,-32.6408],"direction":[-0.179206,-0.633178,0.752974],"extended":false,"handId":269,"id":2693,"length":59.0831,"mcpPosition":[-15.4602,338.924,-29.4586],"pipPosition":[-22.7056,305.33,-51.7691],"stabilizedTipPosition":[-56.1254,216.709,178.846],"timeVisible":0.713939,"tipPosition":[-27.7243,288.737,-18.7873],"tipVelocity":[-9.49375,-1.25627,-165.799],"tool":false,"touchDistance":0.333333,"touchZone":"none","type":3,"width":16.5772},{"bases":[[[0.905687,-0.414239,0.090203],[0.350281,0.851038,0.391201],[-0.238817,-0.322709,0.915874]],[[0.919662,-0.391669,0.0285899],[0.238841,0.50005,-0.832409],[0.311732,0.772363,0.553424]],[[0.919662,-0.391669,0.0285899],[-0.275965,-0.696344,-0.662532],[0.279401,0.601416,-0.748488]],[[0.919662,-0.391669,0.0285899],[-0.387593,-0.916983,-0.0944161],[0.0631962,0.0757496,-0.995122]]],"btipPosition":[-13.6907,295.304,-13.544],"carpPosition":[-10.2712,315.173,23.9476],"dipPosition":[-12.6917,296.501,-29.2736],"direction":[-0.279401,-0.601416,0.748488],"extended":false,"handId":269,"id":2694,"length":46.32,"mcpPosition":[2.42772,332.333,-24.7535],"pipPosition":[-7.68038,307.288,-42.6985],"stabilizedTipPosition":[-41.1795,233.381,160.012],"timeVisible":0.713939,"tipPosition":[-13.2404,295.665,-17.0313],"tipVelocity":[-2.5381,-6.69844,-135.465],"tool":false,"touchDistance":0.333333,"touchZone":"none","type":4,"width":14.7252}],"r":[[0.802833,-0.276611,0.528153],[0.225256,0.960928,0.160864],[-0.552014,-0.0101769,0.833773]],"s":0.954912,"t":[52.3952,102.185,-243.929],"timestamp":3124560396},false],[2,{"currentFrameRate":110.633,"devices":[],"gestures":[],"hands":[{"armBasis":[[0.948631,0.16275,-0.271315],[-0.00579292,0.866339,0.499423],[0.316332,-0.472196,0.822779]],"armWidth":58.4334,"confidence":0.650617,"direction":[-0.0213199,0.431226,-0.901992],"elbow":[54.234,193.578,233.351],"grabStrength":0,"id":269,"palmNormal":[0.00745152,-0.902104,-0.431455],"palmPosition":[-32.1043,328.162,-16.6322],"palmVelocity":[25.3791,20.0692,-128.899],"palmWidth":83.4409,"pinchStrength":0.533198,"r":[[0.801787,-0.278616,0.528688],[0.228765,0.960379,0.15918],[-0.552091,-0.00668304,0.833757]],"s":0.955217,"sphereCenter":[-37.3277,303.14,-48.4049],"sphereRadius":42.1808,"stabilizedPalmPosition":[-61.0262,266.72,159.198],"t":[52.6323,102.485,-245.109],"timeVisible":0.722948,"type":"right","wrist":[-24.0895,310.493,29.6315]}],"id":303214,"interactionBox":{"center":[0,200,0],"size":[235.247,235.247,147.751]},"pointables":[{"bases":[[[0.39147,0.897418,0.203451],[-0.799601,0.222329,0.557861],[0.455401,-0.381065,0.804611]],[[0.298693,0.953128,0.0482687],[-0.875526,0.253545,0.411303],[0.379786,-0.165114,0.91022]],[[0.298693,0.953128,0.0482687],[-0.937694,0.302513,-0.170926],[-0.177516,0.00579318,0.984101]],[[0.298693,0.953128,0.0482687],[-0.87084,0.292898,-0.394777],[-0.390411,0.075883,0.917508]]],"btipPosition":[-53.5408,305.538,-63.5197],"carpPosition":[-50.085,299.789,28.6077],"dipPosition":[-61.9197,307.166,-43.8283],"direction":[0.177516,-0.00579318,-0.984101],"extended":false,"handId":269,"id":2690,"length":47.7925,"mcpPosition":[-50.085,299.789,28.6077],"pipPosition":[-67.4701,307.348,-13.0586],"stabilizedTipPosition":[-88.2712,239.584,117.851],"timeVisible":0.722948,"tipPosition":[-54.5306,305.091,-59.0433],"tipVelocity":[-25.3235,70.4143,-114.472],"tool":false,"touchDistance":-0.483404,"touchZone":"hovering","type":0,"width":18.5699},{"bases":[[[0.981973,0.0880974,-0.167238],[-0.0353871,0.954787,0.295178],[0.185681,-0.283939,0.940692]],[[0.992352,0.0685229,-0.102678],[-0.0382752,0.961591,0.271806],[0.117359,-0.265797,0.956859]],[[0.992352,0.0685229,-0.102678],[-0.0520794,0.986535,0.155039],[0.111919,-0.148506,0.982558]],[[0.992352,0.0685229,-0.102678],[-0.0625249,0.996206,0.0605409],[0.106437,-0.053658,0.992871]]],"btipPosition":[-64.3327,354.075,-111.123],"carpPosition":[-43.0335,320.314,27.3747],"dipPosition":[-62.665,353.234,-95.5665],"direction":[-0.111919,0.148506,-0.982558],"extended":true,"handId":269,"id":2691,"length":53.9285,"mcpPosition":[-55.5606,339.47,-36.0898],"pipPosition":[-60.1843,349.942,-73.7881],"stabilizedTipPosition":[-103.23,295.784,49.4023],"timeVisible":0.722948,"tipPosition":[-63.1272,352.731,-107.754],"tipVelocity":[11.9384,46.6734,-124.97],"tool":false,"touchDistance":-0.490535,"touchZone":"hovering","type":1,"width":17.738},{"bases":[[[0.989579,-0.115141,-0.0864637],[0.135222,0.94947,0.283236],[0.0494826,-0.291976,0.955145]],[[0.990439,-0.121652,-0.0650492],[0.0136143,0.555432,-0.83145],[0.137278,0.822615,0.551778]],[[0.990439,-0.121652,-0.0650492],[-0.133951,-0.73536,-0.664306],[0.0329794,0.666668,-0.744625]],[[0.990439,-0.121652,-0.0650492],[-0.125476,-0.99038,-0.0583331],[-0.0573271,0.0659374,-0.996176]]],"btipPosition":[-41.326,286.741,-23.4552],"carpPosition":[-32.2202,322.942,25.4592],"dipPosition":[-42.3139,287.877,-40.6222],"direction":[-0.0329794,-0.666668,0.744625],"extended":false,"handId":269,"id":2692,"length":61.4471,"mcpPosition":[-35.386,341.623,-35.6505],"pipPosition":[-41.4539,305.262,-60.0399],"stabilizedTipPosition":[-71.7383,214.113,173.668],"timeVisible":0.722948,"tipPosition":[-41.5296,287.09,-27.2619],"tipVelocity":[5.19845,18.0897,-140.698],"tool":false,"touchDistance":0.333333,"touchZone":"none","type":2,"width":17.4211},{"bases":[[[0.973047,-0.228098,0.0339323],[0.207086,0.929026,0.306638],[-0.101468,-0.291347,0.951221]],[[0.972619,-0.2293,0.0378627],[0.155825,0.522546,-0.838251],[0.172426,0.821199,0.543969]],[[0.972619,-0.2293,0.0378627],[-0.148757,-0.739405,-0.656621],[0.178559,0.63301,-0.75327]],[[0.972619,-0.2293,0.0378627],[-0.226881,-0.972124,-0.0591541],[0.0503713,0.048944,-0.997531]]],"btipPosition":[-27.6873,288.825,-16.6963],"carpPosition":[-21.052,322.655,24.0052],"dipPosition":[-26.8242,289.663,-33.7878],"direction":[-0.178559,-0.63301,0.75327],"extended":false,"handId":269,"id":2693,"length":59.0831,"mcpPosition":[-15.2234,339.391,-30.6357],"pipPosition":[-22.2882,305.744,-52.9236],"stabilizedTipPosition":[-56.1252,216.709,178.845],"timeVisible":0.722948,"tipPosition":[-27.3226,289.166,-19.948],"tipVelocity":[5.47976,12.2058,-155.248],"tool":false,"touchDistance":0.333333,"touchZone":"none","type":3,"width":16.5772},{"bases":[[[0.907081,-0.410631,0.0926626],[0.346125,0.852824,0.391009],[-0.239585,-0.322604,0.915711]],[[0.920977,-0.388325,0.0317111],[0.242745,0.508234,-0.826301],[0.304756,0.768702,0.562335]],[[0.920977,-0.388325,0.0317111],[-0.268499,-0.691549,-0.670573],[0.28233,0.609068,-0.741165]],[[0.920977,-0.388325,0.0317111],[-0.383565,-0.917953,-0.101194],[0.0684054,0.0810339,-0.994361]]],"btipPosition":[-13.3476,295.744,-15.1067],"carpPosition":[-10.0603,315.72,22.8085],"dipPosition":[-12.2663,297.025,-30.8243],"direction":[-0.28233,-0.609068,0.741165],"extended":false,"handId":269,"id":2694,"length":46.32,"mcpPosition":[2.67945,332.874,-25.8838],"pipPosition":[-7.20245,307.949,-44.1179],"stabilizedTipPosition":[-41.1793,233.381,160.011],"timeVisible":0.722948,"tipPosition":[-12.8908,296.136,-18.4459],"tipVelocity":[9.20197,9.13676,-145.822],"tool":false,"touchDistance":0.333333,"touchZone":"none","type":4,"width":14.7252}],"r":[[0.801787,-0.278616,0.528688],[0.228765,0.960379,0.15918],[-0.552091,-0.00668304,0.833757]],"s":0.955217,"t":[52.6323,102.485,-245.109],"timestamp":3124569405},false],[3,{"currentFrameRate":110.572,"devices":[],"gestures":[],"hands":[{"armBasis":[[0.950705,0.162227,-0.264278],[-0.00836661,0.86535,0.501098],[0.309985,-0.474185,0.82405]],"armWidth":58.4334,"confidence":0.653505,"direction":[-0.0200489,0.432729,-0.901301],"elbow":[52.7903,193.441,232.074],"grabStrength":0,"id":269,"palmNormal":[0.00994011,-0.901352,-0.432974],"palmPosition":[-31.9036,328.583,-18.2112],"palmVelocity":[24.4188,27.2913,-141.055],"palmWidth":83.4409,"pinchStrength":0.541559,"r":[[0.800803,-0.280124,0.529381],[0.231174,0.959954,0.158263],[-0.552514,-0.00435798,0.833492]],"s":0.955383,"sphereCenter":[-37.5791,303.769,-50.0138],"sphereRadius":42.1661,"stabilizedPalmPosition":[-61.0257,266.721,159.195],"t":[52.8512,102.846,-246.488],"timeVisible":0.732099,"type":"right","wrist":[-23.9616,310.849,28.0401]}],"id":303215,"interactionBox":{"center":[0,200,0],"size":[235.247,235.247,147.751]},"pointables":[{"bases":[[[0.389494,0.897731,0.20585],[-0.801213,0.220022,0.55646],[0.45426,-0.381667,0.804971]],[[0.297572,0.953308,0.0515225],[-0.876358,0.251346,0.41088],[0.378745,-0.167419,0.910233]],[[0.297572,0.953308,0.0515225],[-0.936899,0.301971,-0.176165],[-0.183498,0.00415052,0.983011]],[[0.297572,0.953308,0.0515225],[-0.871971,0.293365,-0.391922],[-0.388737,0.0716989,0.918555]]],"btipPosition":[-53.1936,306.098,-65.1762],"carpPosition":[-49.9365,300.103,26.9402],"dipPosition":[-61.5366,307.637,-45.4623],"direction":[0.183498,-0.00415052,-0.983011],"extended":false,"handId":269,"id":2690,"length":47.7925,"mcpPosition":[-49.9365,300.103,26.9402],"pipPosition":[-67.274,307.766,-14.7267],"stabilizedTipPosition":[-88.262,239.603,117.801],"timeVisible":0.732099,"tipPosition":[-54.235,305.647,-60.6946],"tipVelocity":[-7.45406,67.2192,-132.845],"tool":false,"touchDistance":-0.488167,"touchZone":"hovering","type":0,"width":18.5699},{"bases":[[[0.982191,0.0900452,-0.164904],[-0.0376624,0.95422,0.296725],[0.184074,-0.28523,0.940617]],[[0.992175,0.0710803,-0.102649],[-0.040059,0.959893,0.277489],[0.118256,-0.271206,0.955229]],[[0.992175,0.0710803,-0.102649],[-0.0539507,0.985489,0.16094],[0.112599,-0.154142,0.981612]],[[0.992175,0.0710803,-0.102649],[-0.064462,0.995708,0.0664169],[0.106929,-0.0592802,0.992498]]],"btipPosition":[-64.166,354.915,-112.644],"carpPosition":[-42.9171,320.642,25.7579],"dipPosition":[-62.4906,353.986,-97.0932],"direction":[-0.112599,0.154142,-0.981612],"extended":true,"handId":269,"id":2691,"length":53.9285,"mcpPosition":[-55.3358,339.885,-37.7016],"pipPosition":[-59.9949,350.57,-75.3357],"stabilizedTipPosition":[-103.218,295.801,49.3567],"timeVisible":0.732099,"tipPosition":[-62.9632,353.547,-109.284],"tipVelocity":[13.7402,58.639,-136.489],"tool":false,"touchDistance":-0.492646,"touchZone":"hovering","type":1,"width":17.738},{"bases":[[[0.989962,-0.113318,-0.0844596],[0.132981,0.949212,0.285153],[0.0478571,-0.293523,0.954753]],[[0.990786,-0.119861,-0.0630607],[0.0155439,0.563162,-0.8262],[0.134543,0.817607,0.559836]],[[0.990786,-0.119861,-0.0630607],[-0.130941,-0.728736,-0.672159],[0.0346113,0.674223,-0.737717]],[[0.990786,-0.119861,-0.0630607],[-0.123997,-0.990062,-0.0663459],[-0.0544817,0.0735539,-0.995802]]],"btipPosition":[-41.0766,287.082,-25.5613],"carpPosition":[-32.1041,323.291,23.8709],"dipPosition":[-42.0155,288.349,-42.7218],"direction":[-0.0346113,-0.674223,0.737717],"extended":false,"handId":269,"id":2692,"length":61.4471,"mcpPosition":[-35.166,342.071,-37.2138],"pipPosition":[-41.1129,305.931,-61.9593],"stabilizedTipPosition":[-71.738,214.113,173.667],"timeVisible":0.732099,"tipPosition":[-41.2587,287.478,-29.224],"tipVelocity":[11.683,24.347,-165.562],"tool":false,"touchDistance":0.333333,"touchZone":"none","type":2,"width":17.4211},{"bases":[[[0.973355,-0.226508,0.0357067],[0.204828,0.92885,0.308681],[-0.103085,-0.293142,0.950495]],[[0.972867,-0.227864,0.0401099],[0.156473,0.520281,-0.839538],[0.170432,0.823035,0.541818]],[[0.972867,-0.227864,0.0401099],[-0.146646,-0.741381,-0.654866],[0.178957,0.631216,-0.75468]],[[0.972867,-0.227864,0.0401099],[-0.225356,-0.972504,-0.0587482],[0.0523936,0.0481151,-0.997467]]],"btipPosition":[-27.4377,289.283,-18.0957],"carpPosition":[-20.9323,323.025,22.4412],"dipPosition":[-26.54,290.107,-35.1862],"direction":[-0.178957,-0.631216,0.75468],"extended":false,"handId":269,"id":2693,"length":59.0831,"mcpPosition":[-15.0108,339.864,-32.158],"pipPosition":[-21.9938,306.142,-54.3578],"stabilizedTipPosition":[-56.1251,216.709,178.844],"timeVisible":0.732099,"tipPosition":[-27.0711,289.605,-21.4808],"tipVelocity":[11.7924,22.6451,-154.594],"tool":false,"touchDistance":0.333333,"touchZone":"none","type":3,"width":16.5772},{"bases":[[[0.907569,-0.409252,0.0939791],[0.343809,0.85274,0.39323],[-0.24107,-0.324572,0.914625]],[[0.921464,-0.387009,0.0335963],[0.246331,0.515251,-0.820876],[0.300376,0.764683,0.570117]],[[0.921464,-0.387009,0.0335963],[-0.263817,-0.686928,-0.677149],[0.285141,0.615105,-0.735079]],[[0.921464,-0.387009,0.0335963],[-0.381668,-0.918056,-0.10725],[0.0723501,0.0860043,-0.993664]]],"btipPosition":[-13.1053,296.183,-16.9728],"carpPosition":[-9.92618,316.111,21.2572],"dipPosition":[-11.9616,297.542,-32.6794],"direction":[-0.285141,-0.615105,0.735079],"extended":false,"handId":269,"id":2694,"length":46.32,"mcpPosition":[2.89255,333.37,-27.3774],"pipPosition":[-6.84732,308.575,-45.8638],"stabilizedTipPosition":[-41.1791,233.382,160.01],"timeVisible":0.732099,"tipPosition":[-12.6487,296.589,-20.2306],"tipVelocity":[14.4511,20.505,-161.925],"tool":false,"touchDistance":0.333333,"touchZone":"none","type":4,"width":14.7252}],"r":[[0.800803,-0.280124,0.529381],[0.231174,0.959954,0.158263],[-0.552514,-0.00435798,0.833492]],"s":0.955383,"t":[52.8512,102.846,-246.488],"timestamp":3124578556},false],[4,{"currentFrameRate":110.598,"devices":[],"gestures":[],"hands":[{"armBasis":[[0.951036,0.164434,-0.261709],[-0.0118182,0.865464,0.500831],[0.308854,-0.473216,0.825031]],"armWidth":58.4334,"confidence":0.662671,"direction":[-0.0197682,0.43344,-0.900966],"elbow":[52.651,193.519,231.649],"grabStrength":0,"id":269,"palmNormal":[0.0133565,-0.900947,-0.433724],"palmPosition":[-31.7352,328.437,-18.8778],"palmVelocity":[22.8528,15.337,-122.678],"palmWidth":83.4409,"pinchStrength":0.548478,"r":[[0.799996,-0.280946,0.530166],[0.232479,0.959719,0.157774],[-0.553136,-0.00296603,0.833085]],"s":0.955436,"sphereCenter":[-37.7537,303.775,-50.6955],"sphereRadius":42.1596,"stabilizedPalmPosition":[-61.0252,266.722,159.192],"t":[53.0448,102.953,-247.511],"timeVisible":0.741095,"type":"right","wrist":[-23.8209,310.686,27.372]}],"id":303216,"interactionBox":{"center":[0,200,0],"size":[235.247,235.247,147.751]},"pointables":[{"bases":[[[0.386479,0.898702,0.20729],[-0.802823,0.217175,0.555257],[0.453992,-0.381012,0.805432]],[[0.294943,0.954027,0.0533026],[-0.877571,0.248395,0.410084],[0.377991,-0.167728,0.910489]],[[0.294943,0.954027,0.0533026],[-0.936946,0.299705,-0.179745],[-0.187457,0.00307298,0.982268]],[[0.294943,0.954027,0.0533026],[-0.872966,0.291725,-0.390931],[-0.388508,0.068771,0.918875]]],"btipPosition":[-52.8656,305.97,-65.8939],"carpPosition":[-49.762,299.864,26.218],"dipPosition":[-61.2038,307.446,-46.1731],"direction":[0.187457,-0.00307298,-0.982268],"extended":false,"handId":269,"id":2690,"length":47.7925,"mcpPosition":[-49.762,299.864,26.218],"pipPosition":[-67.0649,307.542,-15.4607],"stabilizedTipPosition":[-88.2529,239.621,117.753],"timeVisible":0.741095,"tipPosition":[-53.9393,305.519,-61.4103],"tipVelocity":[4.63146,44.4386,-118.23],"tool":false,"touchDistance":-0.478424,"touchZone":"hovering","type":0,"width":18.5699},{"bases":[[[0.982204,0.0930905,-0.163124],[-0.0409991,0.95385,0.297472],[0.183288,-0.285491,0.940692]],[[0.991856,0.0747845,-0.103095],[-0.0429508,0.958444,0.282028],[0.119902,-0.275303,0.953851]],[[0.991856,0.0747845,-0.103095],[-0.0570588,0.984597,0.165269],[0.113867,-0.158041,0.980845]],[[0.991856,0.0747845,-0.103095],[-0.0677208,0.995218,0.0703968],[0.107867,-0.0628418,0.992177]]],"btipPosition":[-64.1049,355.02,-113.265],"carpPosition":[-42.8014,320.425,25.0653],"dipPosition":[-62.4148,354.035,-97.7195],"direction":[-0.113867,0.158041,-0.980845],"extended":true,"handId":269,"id":2691,"length":53.9285,"mcpPosition":[-55.167,339.686,-38.3992],"pipPosition":[-59.8909,350.532,-75.979],"stabilizedTipPosition":[-103.206,295.819,49.3089],"timeVisible":0.741095,"tipPosition":[-62.8994,353.645,-109.913],"tipVelocity":[11.9378,45.3472,-118.017],"tool":false,"touchDistance":-0.481052,"touchZone":"hovering","type":1,"width":17.738},{"bases":[[[0.990438,-0.110317,-0.0828391],[0.129678,0.949356,0.286192],[0.0470719,-0.294198,0.954585]],[[0.991244,-0.116876,-0.0614495],[0.0160963,0.568848,-0.822285],[0.13106,0.814096,0.565748]],[[0.991244,-0.116876,-0.0614495],[-0.127392,-0.723997,-0.677938],[0.034745,0.67983,-0.732547]],[[0.991244,-0.116876,-0.0614495],[-0.121203,-0.990001,-0.07217],[-0.0524002,0.0789859,-0.995498]]],"btipPosition":[-40.8007,286.857,-26.6234],"carpPosition":[-31.9929,323.108,23.1994],"dipPosition":[-41.7037,288.219,-43.7787],"direction":[-0.034745,-0.67983,0.732547],"extended":false,"handId":269,"id":2692,"length":61.4471,"mcpPosition":[-35.0046,341.931,-37.8746],"pipPosition":[-40.7976,305.947,-62.8814],"stabilizedTipPosition":[-71.7378,214.114,173.665],"timeVisible":0.741095,"tipPosition":[-40.9685,287.284,-30.1858],"tipVelocity":[17.1474,11.4767,-152.489],"tool":false,"touchDistance":0.333333,"touchZone":"none","type":2,"width":17.4211},{"bases":[[[0.973957,-0.223659,0.0372017],[0.201544,0.929186,0.309827],[-0.103863,-0.29426,0.950065]],[[0.973444,-0.225078,0.0417891],[0.156676,0.521939,-0.83847],[0.166909,0.822751,0.543343]],[[0.973444,-0.225078,0.0417891],[-0.143109,-0.740791,-0.656314],[0.178679,0.632905,-0.753329]],[[0.973444,-0.225078,0.0417891],[-0.222394,-0.973076,-0.0605377],[0.0542896,0.0496364,-0.997291]]],"btipPosition":[-27.1598,289.141,-18.8232],"carpPosition":[-20.8179,322.877,21.7888],"dipPosition":[-26.2296,289.991,-35.9106],"direction":[-0.178679,-0.632905,0.753329],"extended":false,"handId":269,"id":2693,"length":59.0831,"mcpPosition":[-14.8517,339.78,-32.7857],"pipPosition":[-21.6905,306.069,-55.0479],"stabilizedTipPosition":[-56.125,216.71,178.844],"timeVisible":0.741095,"tipPosition":[-26.7885,289.469,-22.2063],"tipVelocity":[17.2634,12.2854,-134.336],"tool":false,"touchDistance":0.333333,"touchZone":"none","type":3,"width":16.5772},{"bases":[[[0.908611,-0.406647,0.0952042],[0.340603,0.853416,0.394552],[-0.241692,-0.326067,0.913928]],[[0.922507,-0.384385,0.0350571],[0.24672,0.517382,-0.819417],[0.296834,0.764567,0.572124]],[[0.922507,-0.384385,0.0350571],[-0.2603,-0.686619,-0.678821],[0.285,0.617092,-0.733466]],[[0.922507,-0.384385,0.0350571],[-0.37879,-0.919029,-0.109105],[0.0741569,0.0873711,-0.993412]]],"btipPosition":[-12.8466,296.094,-17.673],"carpPosition":[-9.78942,315.996,20.618],"dipPosition":[-11.6744,297.475,-33.3755],"direction":[-0.285,-0.617092,0.733466],"extended":false,"handId":269,"id":2694,"length":46.32,"mcpPosition":[3.0624,333.335,-27.9796],"pipPosition":[-6.56261,308.543,-46.5311],"stabilizedTipPosition":[-41.179,233.382,160.009],"timeVisible":0.741095,"tipPosition":[-12.3896,296.501,-20.926],"tipVelocity":[18.5778,12.3114,-138.815],"tool":false,"touchDistance":0.333333,"touchZone":"none","type":4,"width":14.7252}],"r":[[0.799996,-0.280946,0.530166],[0.232479,0.959719,0.157774],[-0.553136,-0.00296603,0.833085]],"s":0.955436,"t":[53.0448,102.953,-247.511],"timestamp":3124587552},false],[5,{"currentFrameRate":110.566,"devices":[],"gestures":[],"hands":[{"armBasis":[[0.951585,0.163413,-0.260351],[-0.012434,0.866753,0.498582],[0.307135,-0.471206,0.826821]],"armWidth":58.4334,"confidence":0.668304,"direction":[-0.0195941,0.434956,-0.900239],"elbow":[52.4184,193.793,231.317],"grabStrength":0,"id":269,"palmNormal":[0.0138725,-0.900207,-0.435242],"palmPosition":[-31.5316,328.289,-19.626],"palmVelocity":[22.7204,6.58639,-111.463],"palmWidth":83.4409,"pinchStrength":0.548825,"r":[[0.79933,-0.281719,0.53076],[0.233437,0.959494,0.157727],[-0.553696,-0.00217691,0.832716]],"s":0.955685,"sphereCenter":[-38.0605,303.859,-51.4496],"sphereRadius":42.1598,"stabilizedPalmPosition":[-61.0247,266.723,159.189],"t":[53.2434,102.932,-248.396],"timeVisible":0.750195,"type":"right","wrist":[-23.628,310.463,26.5968]}],"id":303217,"interactionBox":{"center":[0,200,0],"size":[235.247,235.247,147.751]},"pointables":[{"bases":[[[0.38605,0.8985,0.208957],[-0.803119,0.215923,0.555317],[0.453834,-0.382197,0.80496]],[[0.294838,0.953935,0.0554884],[-0.877522,0.247323,0.410837],[0.378188,-0.169823,0.910019]],[[0.294838,0.953935,0.0554884],[-0.936494,0.30001,-0.181584],[-0.189866,0.00157321,0.981809]],[[0.294838,0.953935,0.0554884],[-0.874033,0.2927,-0.387804],[-0.386181,0.0658407,0.92007]]],"btipPosition":[-52.6517,305.945,-66.687],"carpPosition":[-49.5644,299.633,25.4145],"dipPosition":[-60.9399,307.358,-46.9406],"direction":[0.189866,-0.00157321,-0.981809],"extended":false,"handId":269,"id":2690,"length":47.7925,"mcpPosition":[-49.5644,299.633,25.4145],"pipPosition":[-66.8764,307.407,-16.2426],"stabilizedTipPosition":[-88.2449,239.637,117.71],"timeVisible":0.750195,"tipPosition":[-53.7389,305.488,-62.1978],"tipVelocity":[10.2138,30.9096,-109.44],"tool":false,"touchDistance":-0.470724,"touchZone":"hovering","type":0,"width":18.5699},{"bases":[[[0.98223,0.0937483,-0.162592],[-0.0414838,0.953329,0.29907],[0.183041,-0.28701,0.940277]],[[0.991547,0.0761109,-0.105078],[-0.042927,0.9567,0.287893],[0.12244,-0.280949,0.95188]],[[0.991547,0.0761109,-0.105078],[-0.0573746,0.983592,0.17104],[0.116372,-0.163565,0.979645]],[[0.991547,0.0761109,-0.105078],[-0.0683184,0.994775,0.0758698],[0.110303,-0.0680498,0.991566]]],"btipPosition":[-64.0919,355.323,-113.889],"carpPosition":[-42.6114,320.199,24.2993],"dipPosition":[-62.3636,354.256,-98.3533],"direction":[-0.116372,0.163565,-0.979645],"extended":true,"handId":269,"id":2691,"length":53.9285,"mcpPosition":[-54.9604,339.562,-39.1372],"pipPosition":[-59.7842,350.631,-76.6394],"stabilizedTipPosition":[-103.194,295.838,49.2573],"timeVisible":0.750195,"tipPosition":[-62.8786,353.926,-110.549],"tipVelocity":[9.29277,41.4249,-104.386],"tool":false,"touchDistance":-0.470676,"touchZone":"hovering","type":1,"width":17.738},{"bases":[[[0.990513,-0.109792,-0.0826479],[0.1292,0.948921,0.287847],[0.0468231,-0.295794,0.954103]],[[0.991311,-0.116369,-0.0613228],[0.0162299,0.570843,-0.820899],[0.130533,0.812771,0.567772]],[[0.991311,-0.116369,-0.0613228],[-0.126841,-0.7222,-0.679955],[0.0348388,0.681825,-0.730685]],[[0.991311,-0.116369,-0.0613228],[-0.120824,-0.989853,-0.0747776],[-0.0519987,0.0815371,-0.995313]]],"btipPosition":[-40.5812,286.703,-27.4911],"carpPosition":[-31.8033,322.889,22.442],"dipPosition":[-41.4772,288.108,-44.6432],"direction":[-0.0348388,-0.681825,0.730685],"extended":false,"handId":269,"id":2692,"length":61.4471,"mcpPosition":[-34.799,341.814,-38.6011],"pipPosition":[-40.5687,305.888,-63.6974],"stabilizedTipPosition":[-71.7377,214.114,173.664],"timeVisible":0.750195,"tipPosition":[-40.7478,287.14,-31.0493],"tipVelocity":[19.1296,3.90307,-136.631],"tool":false,"touchDistance":0.333333,"touchZone":"none","type":2,"width":17.4211},{"bases":[[[0.97403,-0.223343,0.0371947],[0.201064,0.928739,0.311475],[-0.10411,-0.295907,0.949526]],[[0.973499,-0.224814,0.0419242],[0.156971,0.523558,-0.837405],[0.166311,0.821794,0.544972]],[[0.973499,-0.224814,0.0419242],[-0.142487,-0.739657,-0.657727],[0.178876,0.634323,-0.752089]],[[0.973499,-0.224814,0.0419242],[-0.222027,-0.973048,-0.0623043],[0.0548011,0.0513449,-0.997176]]],"btipPosition":[-26.9445,288.997,-19.6459],"carpPosition":[-20.6276,322.664,21.0354],"dipPosition":[-26.0056,289.877,-36.7314],"direction":[-0.178876,-0.634323,0.752089],"extended":false,"handId":269,"id":2693,"length":59.0831,"mcpPosition":[-14.6473,339.662,-33.5082],"pipPosition":[-21.4615,305.991,-55.8372],"stabilizedTipPosition":[-56.1249,216.71,178.843],"timeVisible":0.750195,"tipPosition":[-26.5727,289.329,-23.0326],"tipVelocity":[19.0955,4.70718,-122.148],"tool":false,"touchDistance":0.333333,"touchZone":"none","type":3,"width":16.5772},{"bases":[[[0.908733,-0.406454,0.0948627],[0.34012,0.852879,0.396125],[-0.241913,-0.327707,0.913283]],[[0.92259,-0.384188,0.0350256],[0.247585,0.520023,-0.817482],[0.295853,0.762873,0.574888]],[[0.92259,-0.384188,0.0350256],[-0.259209,-0.684577,-0.681296],[0.285724,0.619478,-0.731169]],[[0.92259,-0.384188,0.0350256],[-0.37839,-0.918864,-0.111848],[0.0751546,0.0899368,-0.993108]]],"btipPosition":[-12.6383,295.946,-18.5352],"carpPosition":[-9.59599,315.79,19.8571],"dipPosition":[-11.4504,297.368,-34.233],"direction":[-0.285724,-0.619478,0.731169],"extended":false,"handId":269,"id":2694,"length":46.32,"mcpPosition":[3.26757,333.216,-28.7062],"pipPosition":[-6.32563,308.479,-47.3473],"stabilizedTipPosition":[-41.1788,233.382,160.008],"timeVisible":0.750195,"tipPosition":[-12.1826,296.36,-21.7747],"tipVelocity":[19.8813,4.69902,-126.568],"tool":false,"touchDistance":0.333333,"touchZone":"none","type":4,"width":14.7252}],"r":[[0.79933,-0.281719,0.53076],[0.233437,0.959494,0.157727],[-0.553696,-0.00217691,0.832716]],"s":0.955685,"t":[53.2434,102.932,-248.396],"timestamp":3124596652},false],[6,{"currentFrameRate":110.562,"devices":[],"gestures":[],"hands":[{"armBasis":[[0.952378,0.16543,-0.256142],[-0.0183013,0.86953,0.493541],[0.30437,-0.465349,0.831149]],"armWidth":58.4334,"confidence":0.668626,"direction":[-0.0163311,0.440496,-0.897606],"elbow":[51.8082,194.773,230.549],"grabStrength":0,"id":269,"palmNormal":[0.0193104,-0.897419,-0.440755],"palmPosition":[-31.2738,328.08,-21.395],"palmVelocity":[24.3095,-1.61364,-134.63],"palmWidth":83.4409,"pinchStrength":0.549699,"r":[[0.798425,-0.282447,0.531735],[0.233371,0.959278,0.159132],[-0.555028,-0.00296314,0.831826]],"s":0.956477,"sphereCenter":[-38.2385,304.079,-53.3391],"sphereRadius":42.1803,"stabilizedPalmPosition":[-61.0243,266.724,159.186],"t":[53.4716,102.818,-249.723],"timeVisible":0.759247,"type":"right","wrist":[-23.5535,309.993,24.7574]}],"id":303218,"interactionBox":{"center":[0,200,0],"size":[235.247,235.247,147.751]},"pointables":[{"bases":[[[0.38181,0.898503,0.216597],[-0.806799,0.209686,0.552365],[0.450884,-0.385649,0.804971]],[[0.291599,0.954424,0.0636035],[-0.88009,0.241652,0.408712],[0.374714,-0.175157,0.910444]],[[0.291599,0.954424,0.0636035],[-0.935919,0.298414,-0.187098],[-0.197551,-0.0049701,0.98028]],[[0.291599,0.954424,0.0636035],[-0.87415,0.29289,-0.387397],[-0.38837,0.0573655,0.919716]]],"btipPosition":[-52.0866,306.024,-68.696],"carpPosition":[-49.4455,299.082,23.3697],"dipPosition":[-60.4217,307.255,-48.9571],"direction":[0.197551,0.0049701,-0.98028],"extended":false,"handId":269,"id":2690,"length":47.7925,"mcpPosition":[-49.4455,299.082,23.3697],"pipPosition":[-66.5985,307.1,-18.3069],"stabilizedTipPosition":[-88.2383,239.649,117.675],"timeVisible":0.759247,"tipPosition":[-53.2093,305.534,-64.211],"tipVelocity":[24.2929,23.5073,-140.533],"tool":false,"touchDistance":-0.482146,"touchZone":"hovering","type":0,"width":18.5699},{"bases":[[[0.982746,0.0981429,-0.156772],[-0.0463836,0.951295,0.304771],[0.179048,-0.292241,0.939434]],[[0.991447,0.0811016,-0.102256],[-0.0471523,0.953153,0.298791],[0.121698,-0.291413,0.948824]],[[0.991447,0.0811016,-0.102256],[-0.061472,0.981321,0.182292],[0.11513,-0.174447,0.977913]],[[0.991447,0.0811016,-0.102256],[-0.0722909,0.993572,0.087112],[0.108664,-0.0789747,0.990936]]],"btipPosition":[-63.6869,355.979,-115.543],"carpPosition":[-42.5582,319.677,22.4195],"dipPosition":[-61.9843,354.741,-100.017],"direction":[-0.11513,0.174447,-0.977913],"extended":true,"handId":269,"id":2691,"length":53.9285,"mcpPosition":[-54.6378,339.393,-40.9602],"pipPosition":[-59.4325,350.875,-78.3419],"stabilizedTipPosition":[-103.18,295.859,49.2021],"timeVisible":0.759247,"tipPosition":[-62.4719,354.527,-112.22],"tipVelocity":[18.8927,48.7932,-126.079],"tool":false,"touchDistance":-0.47679,"touchZone":"hovering","type":1,"width":17.738},{"bases":[[[0.991313,-0.105863,-0.0780534],[0.124371,0.947545,0.294431],[0.04279,-0.30158,0.95248]],[[0.99202,-0.112556,-0.0568119],[0.0187049,0.576997,-0.816532],[0.124686,0.808954,0.574498]],[[0.99202,-0.112556,-0.0568119],[-0.120683,-0.717252,-0.686283],[0.0364967,0.687663,-0.725112]],[[0.99202,-0.112556,-0.0568119],[-0.117038,-0.989658,-0.0829452],[-0.0468884,0.0889324,-0.994933]]],"btipPosition":[-40.1425,286.49,-29.6419],"carpPosition":[-31.7498,322.416,20.6366],"dipPosition":[-40.9505,288.022,-46.7874],"direction":[-0.0364967,-0.687663,0.725112],"extended":false,"handId":269,"id":2692,"length":61.4471,"mcpPosition":[-34.4875,341.711,-40.3027],"pipPosition":[-39.9988,305.954,-65.6963],"stabilizedTipPosition":[-71.7375,214.115,173.663],"timeVisible":0.759247,"tipPosition":[-40.2908,286.956,-33.1845],"tipVelocity":[27.8398,-2.7881,-164.445],"tool":false,"touchDistance":0.333333,"touchZone":"none","type":2,"width":17.4211},{"bases":[[[0.97459,-0.220216,0.0409907],[0.196179,0.927464,0.318315],[-0.108115,-0.302185,0.947099]],[[0.973957,-0.221936,0.0463922],[0.159201,0.523707,-0.836891],[0.16144,0.822481,0.545401]],[[0.973957,-0.221936,0.0463922],[-0.137417,-0.740551,-0.6578],[0.180345,0.634293,-0.751763]],[[0.973957,-0.221936,0.0463922],[-0.21877,-0.973619,-0.0648479],[0.0595604,0.0530099,-0.996816]]],"btipPosition":[-26.5723,288.876,-21.2858],"carpPosition":[-20.5662,322.239,19.2881],"dipPosition":[-25.5518,289.785,-38.3651],"direction":[-0.180345,-0.634293,0.751763],"extended":false,"handId":269,"id":2693,"length":59.0831,"mcpPosition":[-14.3557,339.597,-35.1161],"pipPosition":[-20.9703,305.898,-57.4626],"stabilizedTipPosition":[-56.1248,216.71,178.842],"timeVisible":0.759247,"tipPosition":[-26.1887,289.187,-24.8422],"tipVelocity":[25.7459,-0.074242,-138.387],"tool":false,"touchDistance":0.333333,"touchZone":"none","type":3,"width":16.5772},{"bases":[[[0.909625,-0.403907,0.0971696],[0.335048,0.851557,0.40323],[-0.245613,-0.334232,0.909925]],[[0.923711,-0.38124,0.0375969],[0.250166,0.525966,-0.812881],[0.290128,0.760273,0.581214]],[[0.923711,-0.38124,0.0375969],[-0.253191,-0.681201,-0.68692],[0.287492,0.624997,-0.72576]],[[0.923711,-0.38124,0.0375969],[-0.37461,-0.91944,-0.119569],[0.0801525,0.096363,-0.992114]]],"btipPosition":[-12.2753,295.797,-20.4057],"carpPosition":[-9.5046,315.41,18.1258],"dipPosition":[-11.0084,297.32,-36.0878],"direction":[-0.287492,-0.624997,0.72576],"extended":false,"handId":269,"id":2694,"length":46.32,"mcpPosition":[3.5557,333.183,-30.2589],"pipPosition":[-5.85187,308.53,-49.1051],"stabilizedTipPosition