{"sensorType":"Leap","data":[[0,{"currentFrameRate":107.836,"devices":[],"gestures":[],"hands":[{"armBasis":[[0.913556,0.252932,-0.318497],[-0.0425213,0.838207,0.543692],[0.404483,-0.48315,0.776504]],"armWidth":58.4334,"confidence":0.604984,"direction":[0.0195611,0.427237,-0.903928],"elbow":[59.2449,178.06,224.578],"grabStrength":0,"id":268,"palmNormal":[0.0402607,-0.903704,-0.42626],"palmPosition":[-46.7599,315.068,-14.3782],"palmVelocity":[-11.6153,121.176,-159.77],"palmWidth":83.4409,"pinchStrength":0.411979,"r":[[0.614146,-0.489021,0.619422],[0.703604,0.694773,-0.149102],[-0.357444,0.527398,0.770769]],"s":1.10801,"sphereCenter":[-64.2844,291.552,-45.8932],"sphereRadius":44.6026,"stabilizedPalmPosition":[-48.6544,285.802,25.7567],"t":[46.9814,129.71,-184.581],"timeVisible":0.515484,"type":"right","wrist":[-40.9048,297.687,32.3166]}],"id":302754,"interactionBox":{"center":[0,200,0],"size":[235.247,235.247,147.751]},"pointables":[{"bases":[[[0.369801,0.902954,0.218908],[-0.829626,0.214835,0.515331],[0.418291,-0.372181,0.828561]],[[0.274819,0.960579,0.0419749],[-0.901872,0.242397,0.35759],[0.333319,-0.136129,0.932935]],[[0.274819,0.960579,0.0419749],[-0.942215,0.27775,-0.187314],[-0.191588,0.0119281,0.981403]],[[0.274819,0.960579,0.0419749],[-0.802678,0.25324,-0.53998],[-0.529323,0.114704,0.840631]]],"btipPosition":[-64.5915,290.059,-61.4133],"carpPosition":[-66.6841,286.663,30.0197],"dipPosition":[-75.9518,292.521,-43.3718],"direction":[0.191588,-0.0119281,-0.981403],"extended":false,"handId":268,"id":2680,"length":47.7925,"mcpPosition":[-66.6841,286.663,30.0197],"pipPosition":[-81.9421,292.894,-12.6865],"stabilizedTipPosition":[-68.4878,265.996,-25.8108],"timeVisible":0.515484,"tipPosition":[-66.4284,289.787,-56.9858],"tipVelocity":[2.07117,133.213,-170.605],"tool":false,"touchDistance":-0.565744,"touchZone":"hovering","type":0,"width":18.5699},{"bases":[[[0.9881,0.0993903,-0.117388],[-0.0618365,0.955484,0.28849],[0.140836,-0.277798,0.95026]],[[0.981234,0.111088,-0.157602],[-0.0465736,0.929706,0.365346],[0.187109,-0.35115,0.917433]],[[0.981234,0.111088,-0.157602],[-0.0926983,0.988485,0.119605],[0.169074,-0.102751,0.980233]],[[0.981234,0.111088,-0.157602],[-0.126167,0.987998,-0.0891156],[0.145811,0.107328,0.983473]]],"btipPosition":[-82.7307,340.439,-108.34],"carpPosition":[-59.8252,307.267,29.051],"dipPosition":[-80.4461,342.121,-92.931],"direction":[-0.169074,0.102751,-0.980233],"extended":true,"handId":268,"id":2681,"length":53.9285,"mcpPosition":[-69.3268,326.009,-35.0591],"pipPosition":[-76.6986,339.843,-71.204],"stabilizedTipPosition":[-86.3164,320.979,-81.6981],"timeVisible":0.515484,"tipPosition":[-81.9259,339.339,-104.495],"tipVelocity":[27.3803,153.596,-178.909],"tool":false,"touchDistance":-0.584381,"touchZone":"hovering","type":1,"width":17.738},{"bases":[[[0.99401,-0.103408,-0.0353742],[0.109211,0.952201,0.285284],[0.00418284,-0.287438,0.95779]],[[0.994001,-0.102923,-0.0369875],[0.0124724,0.442665,-0.8966],[0.108654,0.890761,0.441293]],[[0.994001,-0.102923,-0.0369875],[-0.0897388,-0.574226,-0.813764],[0.0625161,0.812201,-0.580018]],[[0.994001,-0.102923,-0.0369875],[-0.1083,-0.879152,-0.464073],[0.0152463,0.465295,-0.885025]]],"btipPosition":[-55.9238,259.838,-22.7313],"carpPosition":[-48.9606,310.019,27.6767],"dipPosition":[-55.6611,267.856,-37.9829],"direction":[-0.0625161,-0.812201,0.580018],"extended":false,"handId":268,"id":2682,"length":61.4471,"mcpPosition":[-49.2282,328.409,-33.6023],"pipPosition":[-54.0308,289.036,-53.1081],"stabilizedTipPosition":[-58.2045,231.02,15.6897],"timeVisible":0.515484,"tipPosition":[-55.9178,261.592,-26.8345],"tipVelocity":[-1.95723,119.989,-158.359],"tool":false,"touchDistance":0.333333,"touchZone":"none","type":2,"width":17.4211},{"bases":[[[0.972711,-0.216064,0.0845535],[0.180027,0.932731,0.312414],[-0.146367,-0.288667,0.946176]],[[0.975653,-0.209761,0.0640382],[0.141416,0.378502,-0.914734],[0.167637,0.901519,0.39895]],[[0.975653,-0.209761,0.0640382],[-0.080724,-0.614948,-0.784425],[0.203922,0.760158,-0.616909]],[[0.975653,-0.209761,0.0640382],[-0.161335,-0.884225,-0.438313],[0.148565,0.41731,-0.896538]]],"btipPosition":[-43.9167,263.045,-12.8692],"carpPosition":[-37.7301,309.862,26.7951],"dipPosition":[-41.3713,270.195,-28.2303],"direction":[-0.203922,-0.760158,0.616909],"extended":false,"handId":268,"id":2683,"length":59.0831,"mcpPosition":[-29.3224,326.444,-27.556],"pipPosition":[-36.1909,289.506,-43.9021],"stabilizedTipPosition":[-44.5685,235.604,22.9941],"timeVisible":0.515484,"tipPosition":[-43.3081,264.617,-16.8445],"tipVelocity":[-7.79508,120.83,-156.092],"tool":false,"touchDistance":0.333333,"touchZone":"none","type":3,"width":16.5772},{"bases":[[[0.906027,-0.399146,0.140705],[0.315484,0.858579,0.404119],[-0.282109,-0.321752,0.90382]],[[0.855419,-0.441662,0.270541],[0.446179,0.363121,-0.817966],[0.263026,0.820413,0.507681]],[[0.855419,-0.441662,0.270541],[-0.023782,-0.555287,-0.831319],[0.51739,0.704692,-0.485506]],[[0.855419,-0.441662,0.270541],[-0.249758,-0.809352,-0.531573],[0.453738,0.387148,-0.802644]]],"btipPosition":[-36.5893,274.805,-16.9338],"carpPosition":[-26.6094,303.057,26.1929],"dipPosition":[-29.4172,280.924,-29.6209],"direction":[-0.51739,-0.704692,0.485506],"extended":false,"handId":268,"id":2684,"length":46.32,"mcpPosition":[-11.6085,320.166,-21.8672],"pipPosition":[-20.1372,293.564,-38.329],"stabilizedTipPosition":[-36.1117,251.119,14.1637],"timeVisible":0.515484,"tipPosition":[-34.9148,276.366,-20.1997],"tipVelocity":[-0.499119,119.531,-165.805],"tool":false,"touchDistance":0.333333,"touchZone":"none","type":4,"width":14.7252}],"r":[[0.614146,-0.489021,0.619422],[0.703604,0.694773,-0.149102],[-0.357444,0.527398,0.770769]],"s":1.10801,"t":[46.9814,129.71,-184.581],"timestamp":3120357941},false],[1,{"currentFrameRate":108.05,"devices":[],"gestures":[],"hands":[{"armBasis":[[0.915669,0.257232,-0.308841],[-0.0493753,0.834555,0.548708],[0.39889,-0.487185,0.776877]],"armWidth":58.4334,"confidence":0.616984,"direction":[0.0222875,0.42558,-0.904646],"elbow":[57.6681,178.041,223.442],"grabStrength":0,"id":268,"palmNormal":[0.0466785,-0.904327,-0.42428],"palmPosition":[-46.789,315.93,-15.6702],"palmVelocity":[-9.35524,114.692,-155.951],"palmWidth":83.4409,"pinchStrength":0.408819,"r":[[0.611695,-0.488229,0.622464],[0.703624,0.69541,-0.146007],[-0.361583,0.527292,0.768909]],"s":1.10994,"sphereCenter":[-64.2448,292.369,-47.2275],"sphereRadius":44.6814,"stabilizedPalmPosition":[-48.5835,286.948,24.1807],"t":[46.9036,130.683,-185.965],"timeVisible":0.524352,"type":"right","wrist":[-41.0966,298.667,31.0883]}],"id":302755,"interactionBox":{"center":[0,200,0],"size":[235.247,235.247,147.751]},"pointables":[{"bases":[[[0.364457,0.905086,0.219065],[-0.83329,0.211965,0.510587],[0.415691,-0.368632,0.831451]],[[0.270868,0.961663,0.0428379],[-0.904427,0.239004,0.353395],[0.329609,-0.134467,0.934493]],[[0.270868,0.961663,0.0428379],[-0.942408,0.273989,-0.191826],[-0.196209,0.0115887,0.980494]],[[0.270868,0.961663,0.0428379],[-0.802121,0.250086,-0.542272],[-0.532196,0.112523,0.83911]]],"btipPosition":[-64.3436,290.897,-62.7644],"carpPosition":[-66.8121,287.519,28.6788],"dipPosition":[-75.7655,293.312,-44.7555],"direction":[0.196209,-0.0115887,-0.980494],"extended":false,"handId":268,"id":2680,"length":47.7925,"mcpPosition":[-66.8121,287.519,28.6788],"pipPosition":[-81.9003,293.674,-14.0986],"stabilizedTipPosition":[-68.3808,267.792,-28.1247],"timeVisible":0.524352,"tipPosition":[-66.208,290.614,-58.3505],"tipVelocity":[8.65632,122.36,-165.887],"tool":false,"touchDistance":-0.557882,"touchZone":"hovering","type":0,"width":18.5699},{"bases":[[[0.988226,0.103762,-0.112439],[-0.0677762,0.95574,0.286298],[0.13717,-0.275307,0.95152]],[[0.981465,0.115427,-0.152982],[-0.0525034,0.929677,0.364616],[0.18431,-0.349826,0.918505]],[[0.981465,0.115427,-0.152982],[-0.0965084,0.987349,0.125813],[0.165569,-0.108717,0.980187]],[[0.981465,0.115427,-0.152982],[-0.128312,0.988726,-0.0771865],[0.142348,0.0953853,0.98521]]],"btipPosition":[-82.46,341.424,-109.839],"carpPosition":[-60.0441,308.153,27.7056],"dipPosition":[-80.2297,342.918,-94.4026],"direction":[-0.165569,0.108717,-0.980187],"extended":true,"handId":268,"id":2681,"length":53.9285,"mcpPosition":[-69.2984,326.726,-36.4895],"pipPosition":[-76.5599,340.509,-72.6767],"stabilizedTipPosition":[-85.8729,323.089,-84.194],"timeVisible":0.524352,"tipPosition":[-81.6651,340.275,-106.017],"tipVelocity":[27.8504,140.74,-176.036],"tool":false,"touchDistance":-0.576665,"touchZone":"hovering","type":1,"width":17.738},{"bases":[[[0.99465,-0.0988481,-0.0300001],[0.103299,0.953247,0.283988],[0.000525815,-0.285568,0.958358]],[[0.994648,-0.0983673,-0.031613],[0.015089,0.440975,-0.897392],[0.102215,0.892112,0.440099]],[[0.994648,-0.0983673,-0.031613],[-0.0828261,-0.576186,-0.813111],[0.0617686,0.811378,-0.58125]],[[0.994648,-0.0983673,-0.031613],[-0.101794,-0.880518,-0.462953],[0.0177036,0.463694,-0.885819]]],"btipPosition":[-55.6528,260.641,-23.9633],"carpPosition":[-49.1853,310.952,26.3825],"dipPosition":[-55.3477,268.632,-39.2285],"direction":[-0.0617686,-0.811378,0.58125],"extended":false,"handId":268,"id":2682,"length":61.4471,"mcpPosition":[-49.219,329.223,-34.9328],"pipPosition":[-53.737,289.79,-54.3858],"stabilizedTipPosition":[-58.113,232.118,14.1825],"timeVisible":0.524352,"tipPosition":[-55.6332,262.388,-28.0667],"tipVelocity":[7.15735,111.816,-153.185],"tool":false,"touchDistance":0.333333,"touchZone":"none","type":2,"width":17.4211},{"bases":[[[0.97325,-0.211371,0.0900349],[0.174062,0.93416,0.311525],[-0.149954,-0.28752,0.945963]],[[0.97627,-0.205093,0.0695233],[0.144471,0.377662,-0.914604],[0.161323,0.902944,0.39833]],[[0.97627,-0.205093,0.0695233],[-0.0736973,-0.616529,-0.783876],[0.203631,0.760151,-0.617013]],[[0.97627,-0.205093,0.0695233],[-0.154878,-0.885641,-0.437782],[0.151359,0.416626,-0.896389]]],"btipPosition":[-43.7122,263.917,-14.0669],"carpPosition":[-37.9499,310.846,25.5597],"dipPosition":[-41.1188,271.055,-29.4255],"direction":[-0.203631,-0.76015,0.617014],"extended":false,"handId":268,"id":2683,"length":59.0831,"mcpPosition":[-29.336,327.362,-28.7792],"pipPosition":[-35.9459,290.366,-45.0999],"stabilizedTipPosition":[-44.5184,236.636,21.5959],"timeVisible":0.524352,"tipPosition":[-43.0906,265.489,-18.0237],"tipVelocity":[0.909209,114.636,-150.371],"tool":false,"touchDistance":0.333333,"touchZone":"none","type":3,"width":16.5772},{"bases":[[[0.907125,-0.394653,0.146196],[0.309383,0.860816,0.404078],[-0.285318,-0.321319,0.902966]],[[0.856323,-0.436975,0.275253],[0.447773,0.362664,-0.817297],[0.257314,0.823121,0.506223]],[[0.856323,-0.436975,0.275253],[-0.0179681,-0.557866,-0.829736],[0.516129,0.705576,-0.485565]],[[0.856323,-0.436975,0.275253],[-0.243829,-0.811925,-0.530401],[0.455257,0.387079,-0.801817]]],"btipPosition":[-36.42,275.714,-18.0174],"carpPosition":[-26.7947,304.092,25.0286],"dipPosition":[-29.2239,281.832,-30.6915],"direction":[-0.516129,-0.705576,0.485565],"extended":false,"handId":268,"id":2684,"length":46.32,"mcpPosition":[-11.6231,321.178,-22.9861],"pipPosition":[-19.9666,294.488,-39.4006],"stabilizedTipPosition":[-36.0686,251.953,13.0385],"timeVisible":0.524352,"tipPosition":[-34.7375,277.268,-21.2962],"tipVelocity":[4.97958,114.909,-153.889],"tool":false,"touchDistance":0.333333,"touchZone":"none","type":4,"width":14.7252}],"r":[[0.611695,-0.488229,0.622464],[0.703624,0.69541,-0.146007],[-0.361583,0.527292,0.768909]],"s":1.10994,"t":[46.9036,130.683,-185.965],"timestamp":3120366809},false],[2,{"currentFrameRate":108.297,"devices":[],"gestures":[],"hands":[{"armBasis":[[0.917741,0.258833,-0.301258],[-0.0541783,0.832987,0.550634],[0.393466,-0.489018,0.778489]],"armWidth":58.4334,"confidence":0.627221,"direction":[0.0255656,0.420204,-0.90707],"elbow":[56.1046,178.195,223.068],"grabStrength":0,"id":268,"palmNormal":[0.0509047,-0.906736,-0.418614],"palmPosition":[-46.8285,316.244,-16.5726],"palmVelocity":[-8.04775,93.4447,-141.622],"palmWidth":83.4409,"pinchStrength":0.401001,"r":[[0.609365,-0.486549,0.626055],[0.703427,0.696091,-0.143696],[-0.365876,0.527947,0.766425]],"s":1.1123,"sphereCenter":[-64.3013,292.552,-48.0755],"sphereRadius":44.7777,"stabilizedPalmPosition":[-48.5232,287.954,22.7808],"t":[46.8449,131.326,-187.109],"timeVisible":0.533139,"type":"right","wrist":[-41.3172,299.276,30.3153]}],"id":302756,"interactionBox":{"center":[0,200,0],"size":[235.247,235.247,147.751]},"pointables":[{"bases":[[[0.361202,0.907279,0.215357],[-0.83623,0.212967,0.505336],[0.412617,-0.362616,0.835618]],[[0.269799,0.962042,0.0410231],[-0.905611,0.239034,0.350329],[0.327225,-0.131669,0.935728]],[[0.269799,0.962042,0.0410231],[-0.942114,0.272538,-0.195306],[-0.199073,0.0140449,0.979884]],[[0.269799,0.962042,0.0410231],[-0.803835,0.248477,-0.54047],[-0.530149,0.112842,0.840363]]],"btipPosition":[-64.3704,291.216,-63.657],"carpPosition":[-66.9937,288.049,27.8506],"dipPosition":[-75.7484,293.638,-45.6213],"direction":[0.199073,-0.0140449,-0.979884],"extended":false,"handId":268,"id":2680,"length":47.7925,"mcpPosition":[-66.9937,288.049,27.8506],"pipPosition":[-81.9728,294.077,-14.9834],"stabilizedTipPosition":[-68.2945,269.277,-30.0686],"timeVisible":0.533139,"tipPosition":[-66.2038,290.908,-59.236],"tipVelocity":[5.81501,99.2608,-148.397],"tool":false,"touchDistance":-0.543723,"touchZone":"hovering","type":0,"width":18.5699},{"bases":[[[0.988496,0.105521,-0.10836],[-0.0714691,0.957269,0.280228],[0.1333,-0.26926,0.953798]],[[0.981823,0.117041,-0.149414],[-0.0560547,0.930925,0.360882],[0.181331,-0.345947,0.920565]],[[0.981823,0.117041,-0.149414],[-0.0979821,0.986776,0.12912],[0.16255,-0.112133,0.980308]],[[0.981823,0.117041,-0.149414],[-0.128285,0.989407,-0.0679462],[0.139878,0.0858787,0.986437]]],"btipPosition":[-82.2032,341.629,-111.016],"carpPosition":[-60.2714,308.694,26.7856],"dipPosition":[-80.0116,342.975,-95.5601],"direction":[-0.16255,0.112133,-0.980308],"extended":true,"handId":268,"id":2681,"length":53.9285,"mcpPosition":[-69.2646,326.86,-37.5631],"pipPosition":[-76.4087,340.489,-73.8315],"stabilizedTipPosition":[-85.4927,324.806,-86.3136],"timeVisible":0.533139,"tipPosition":[-81.4138,340.429,-107.216],"tipVelocity":[27.9479,108.109,-164.567],"tool":false,"touchDistance":-0.564916,"touchZone":"hovering","type":1,"width":17.738},{"bases":[[[0.99502,-0.0965743,-0.0246758],[0.0996206,0.955184,0.278746],[-0.00334981,-0.279816,0.960048]],[[0.995024,-0.0961036,-0.0262902],[0.018295,0.435611,-0.899949],[0.0979407,0.89499,0.435202]],[[0.995024,-0.0961036,-0.0262902],[-0.0775403,-0.581231,-0.810036],[0.0625666,0.808043,-0.585791]],[[0.995024,-0.0961036,-0.0262902],[-0.0974383,-0.883504,-0.458177],[0.020805,0.458459,-0.888472]]],"btipPosition":[-55.5181,260.883,-24.5759],"carpPosition":[-49.4133,311.512,25.4974],"dipPosition":[-55.1596,268.784,-39.8868],"direction":[-0.0625666,-0.808043,0.585791],"extended":false,"handId":268,"id":2682,"length":61.4471,"mcpPosition":[-49.1989,329.415,-35.926],"pipPosition":[-53.5281,289.855,-55.1626],"stabilizedTipPosition":[-58.0276,233.093,12.8349],"timeVisible":0.533139,"tipPosition":[-55.4829,262.607,-28.6864],"tipVelocity":[9.73215,88.51,-131.049],"tool":false,"touchDistance":0.333333,"touchZone":"none","type":2,"width":17.4211},{"bases":[[[0.973322,-0.208428,0.0959297],[0.170298,0.936436,0.306733],[-0.153764,-0.282214,0.946949]],[[0.976418,-0.202279,0.0754377],[0.148001,0.372788,-0.916037],[0.157173,0.9056,0.393935]],[[0.976418,-0.202279,0.0754377],[-0.0684046,-0.621303,-0.780579],[0.204764,0.757011,-0.620488]],[[0.976418,-0.202279,0.0754377],[-0.150621,-0.888621,-0.433205],[0.154664,0.411626,-0.898133]]],"btipPosition":[-43.6327,264.252,-14.6563],"carpPosition":[-38.1738,311.429,24.7287],"dipPosition":[-40.9827,271.304,-30.0448],"direction":[-0.204764,-0.757011,0.620488],"extended":false,"handId":268,"id":2683,"length":59.0831,"mcpPosition":[-29.3411,327.64,-29.6669],"pipPosition":[-35.7809,290.535,-45.8075],"stabilizedTipPosition":[-44.4702,237.578,20.3134],"timeVisible":0.533139,"tipPosition":[-42.9963,265.802,-18.6067],"tipVelocity":[3.49903,93.437,-128.172],"tool":false,"touchDistance":0.333333,"touchZone":"none","type":3,"width":16.5772},{"bases":[[[0.907376,-0.391533,0.152875],[0.305354,0.863982,0.400368],[-0.288838,-0.316603,0.903513]],[[0.856319,-0.433047,0.281404],[0.449922,0.358029,-0.81816],[0.253552,0.827215,0.501424]],[[0.856319,-0.433047,0.281404],[-0.0134665,-0.563421,-0.82606],[0.516272,0.703581,-0.488299]],[[0.856319,-0.433047,0.281404],[-0.239661,-0.815869,-0.526232],[0.457472,0.383181,-0.802429]]],"btipPosition":[-36.3535,276.035,-18.5696],"carpPosition":[-26.9997,304.699,24.2912],"dipPosition":[-29.1224,282.092,-31.2533],"direction":[-0.516272,-0.703581,0.488299],"extended":false,"handId":268,"id":2684,"length":46.32,"mcpPosition":[-11.6409,321.534,-23.7525],"pipPosition":[-19.8625,294.711,-40.0115],"stabilizedTipPosition":[-36.027,252.72,11.9983],"timeVisible":0.533139,"tipPosition":[-34.6602,277.57,-21.8606],"tipVelocity":[5.9234,93.3935,-129.459],"tool":false,"touchDistance":0.333333,"touchZone":"none","type":4,"width":14.7252}],"r":[[0.609365,-0.486549,0.626055],[0.703427,0.696091,-0.143696],[-0.365876,0.527947,0.766425]],"s":1.1123,"t":[46.8449,131.326,-187.109],"timestamp":3120375596},false],[3,{"currentFrameRate":108.344,"devices":[],"gestures":[],"hands":[{"armBasis":[[0.917929,0.260923,-0.298873],[-0.0571594,0.83243,0.551175],[0.392605,-0.488856,0.779026]],"armWidth":58.4334,"confidence":0.627815,"direction":[0.0273999,0.418403,-0.907848],"elbow":[55.7897,178.634,222.688],"grabStrength":0,"id":268,"palmNormal":[0.0535856,-0.907498,-0.416624],"palmPosition":[-46.8274,316.538,-17.1352],"palmVelocity":[-5.77359,76.3967,-119.329],"palmWidth":83.4409,"pinchStrength":0.396983,"r":[[0.607298,-0.484744,0.629454],[0.703107,0.696815,-0.14174],[-0.369905,0.528652,0.764001]],"s":1.11469,"sphereCenter":[-64.4844,292.931,-48.6397],"sphereRadius":44.8826,"stabilizedPalmPosition":[-48.4688,288.872,21.4999],"t":[46.8161,131.795,-187.962],"timeVisible":0.542284,"type":"right","wrist":[-41.4189,299.675,29.8023]}],"id":302757,"interactionBox":{"center":[0,200,0],"size":[235.247,235.247,147.751]},"pointables":[{"bases":[[[0.359086,0.908317,0.214517],[-0.837992,0.212594,0.502566],[0.410884,-0.360228,0.837502]],[[0.268891,0.962285,0.0412936],[-0.90653,0.238361,0.348407],[0.325424,-0.131117,0.936433]],[[0.268891,0.962285,0.0412936],[-0.941875,0.27167,-0.197653],[-0.201417,0.0142537,0.979402]],[[0.268891,0.962285,0.0412936],[-0.804867,0.248039,-0.539135],[-0.529044,0.111733,0.841207]]],"btipPosition":[-64.3143,291.559,-64.2542],"carpPosition":[-67.0696,288.4,27.2888],"dipPosition":[-75.6686,293.957,-46.2003],"direction":[0.201417,-0.0142537,-0.979402],"extended":false,"handId":268,"id":2680,"length":47.7925,"mcpPosition":[-67.0696,288.4,27.2888],"pipPosition":[-81.9662,294.402,-15.5775],"stabilizedTipPosition":[-68.217,270.569,-31.7681],"timeVisible":0.542284,"tipPosition":[-66.1579,291.248,-59.8335],"tipVelocity":[6.0703,81.9068,-125.141],"tool":false,"touchDistance":-0.526579,"touchZone":"hovering","type":0,"width":18.5699},{"bases":[[[0.988617,0.106954,-0.105815],[-0.0738474,0.957716,0.278078],[0.131082,-0.267099,0.954712]],[[0.982019,0.118412,-0.14703],[-0.0579196,0.930246,0.362337],[0.179679,-0.347306,0.920377]],[[0.982019,0.118412,-0.14703],[-0.0978799,0.98533,0.139804],[0.161428,-0.122899,0.979202]],[[0.982019,0.118412,-0.14703],[-0.126911,0.990663,-0.049798],[0.139761,0.0675622,0.987878]]],"btipPosition":[-82.0692,342.423,-111.653],"carpPosition":[-60.3788,309.054,26.2006],"dipPosition":[-79.8794,343.481,-96.1749],"direction":[-0.161428,0.122899,-0.979202],"extended":true,"handId":268,"id":2681,"length":53.9285,"mcpPosition":[-69.2224,327.074,-38.2098],"pipPosition":[-76.3014,340.757,-74.4708],"stabilizedTipPosition":[-85.1438,326.393,-88.2489],"timeVisible":0.542284,"tipPosition":[-81.284,341.106,-107.89],"tipVelocity":[24.2351,100.156,-138.005],"tool":false,"touchDistance":-0.546241,"touchZone":"hovering","type":1,"width":17.738},{"bases":[[[0.995245,-0.0949599,-0.0217018],[0.097249,0.955913,0.277079],[-0.0055663,-0.277871,0.960602]],[[0.995252,-0.0944929,-0.0233158],[0.0200837,0.433799,-0.900786],[0.0952323,0.896041,0.433638]],[[0.995252,-0.0944929,-0.0233158],[-0.074305,-0.582984,-0.809079],[0.0628595,0.80697,-0.587237]],[[0.995252,-0.0944929,-0.0233158],[-0.0946835,-0.884573,-0.45669],[0.0225294,0.45673,-0.88932]]],"btipPosition":[-55.4025,261.146,-25.0503],"carpPosition":[-49.5218,311.888,24.937],"dipPosition":[-55.0143,269.016,-40.3759],"direction":[-0.0628595,-0.80697,0.587237],"extended":false,"handId":268,"id":2682,"length":61.4471,"mcpPosition":[-49.1657,329.666,-36.522],"pipPosition":[-53.3751,290.06,-55.6893],"stabilizedTipPosition":[-57.9457,233.994,11.5854],"timeVisible":0.542284,"tipPosition":[-55.3583,262.862,-29.1611],"tipVelocity":[10.7507,71.6536,-109.117],"tool":false,"touchDistance":0.333333,"touchZone":"none","type":2,"width":17.4211},{"bases":[[[0.973396,-0.206605,0.09907],[0.167879,0.937341,0.305301],[-0.155939,-0.280547,0.947088]],[[0.976512,-0.200549,0.0787647],[0.151068,0.376623,-0.913966],[0.153631,0.904398,0.398074]],[[0.976512,-0.200549,0.0787647],[-0.0638032,-0.61832,-0.783333],[0.205799,0.759908,-0.616592]],[[0.976512,-0.200549,0.0787647],[-0.147152,-0.887786,-0.436098],[0.157385,0.414265,-0.896445]]],"btipPosition":[-43.5418,264.479,-15.4907],"carpPosition":[-38.2801,311.822,24.1998],"dipPosition":[-40.8452,271.577,-30.8503],"direction":[-0.205799,-0.759908,0.616592],"extended":false,"handId":268,"id":2683,"length":59.0831,"mcpPosition":[-29.3225,327.937,-30.2038],"pipPosition":[-35.6171,290.882,-46.514],"stabilizedTipPosition":[-44.424,238.43,19.1392],"timeVisible":0.542284,"tipPosition":[-42.899,266.071,-19.2614],"tipVelocity":[5.61702,74.671,-117.691],"tool":false,"touchDistance":0.333333,"touchZone":"none","type":3,"width":16.5772},{"bases":[[[0.907597,-0.389703,0.156204],[0.302793,0.865303,0.399459],[-0.290834,-0.31525,0.903345]],[[0.856726,-0.43075,0.28368],[0.449915,0.355215,-0.819389],[0.252185,0.829624,0.498123]],[[0.856726,-0.43075,0.28368],[-0.0121449,-0.566707,-0.82383],[0.515629,0.702352,-0.490744]],[[0.856726,-0.43075,0.28368],[-0.237836,-0.81798,-0.523777],[0.457662,0.381264,-0.803233]]],"btipPosition":[-36.2885,276.348,-18.8811],"carpPosition":[-27.0937,305.11,23.8072],"dipPosition":[-29.0543,282.374,-31.5776],"direction":[-0.515629,-0.702352,0.490744],"extended":false,"handId":268,"id":2684,"length":46.32,"mcpPosition":[-11.6288,321.873,-24.2277],"pipPosition":[-19.806,294.972,-40.3796],"stabilizedTipPosition":[-35.985,253.47,10.9844],"timeVisible":0.542284,"tipPosition":[-34.589,277.869,-22.2063],"tipVelocity":[6.2753,76.711,-102.998],"tool":false,"touchDistance":0.333333,"touchZone":"none","type":4,"width":14.7252}],"r":[[0.607298,-0.484744,0.629454],[0.703107,0.696815,-0.14174],[-0.369905,0.528652,0.764001]],"s":1.11469,"t":[46.8161,131.795,-187.962],"timestamp":3120384741},false],[4,{"currentFrameRate":108.372,"devices":[],"gestures":[],"hands":[{"armBasis":[[0.91875,0.261177,-0.296117],[-0.0592528,0.832674,0.550584],[0.390369,-0.488303,0.780495]],"armWidth":58.4334,"confidence":0.631567,"direction":[0.0275824,0.417562,-0.90823],"elbow":[55.2455,179.038,222.705],"grabStrength":0,"id":268,"palmNormal":[0.0556692,-0.907807,-0.415677],"palmPosition":[-46.7999,316.75,-17.5042],"palmVelocity":[-3.32464,61.4959,-97.2437],"palmWidth":83.4409,"pinchStrength":0.39246,"r":[[0.605677,-0.482954,0.632386],[0.702619,0.697624,-0.140168],[-0.373473,0.529223,0.761867]],"s":1.11709,"sphereCenter":[-64.6656,293.234,-49.0025],"sphereRadius":44.984,"stabilizedPalmPosition":[-48.4206,289.676,20.3749],"t":[46.8155,132.135,-188.573],"timeVisible":0.551461,"type":"right","wrist":[-41.4095,299.942,29.4554]}],"id":302758,"interactionBox":{"center":[0,200,0],"size":[235.247,235.247,147.751]},"pointables":[{"bases":[[[0.35721,0.909179,0.213997],[-0.8389,0.211561,0.501487],[0.410668,-0.358658,0.838282]],[[0.267955,0.962507,0.0421907],[-0.906825,0.237179,0.348446],[0.325375,-0.131627,0.936379]],[[0.267955,0.962507,0.0421907],[-0.942032,0.27093,-0.197922],[-0.201932,0.013289,0.979309]],[[0.267955,0.962507,0.0421907],[-0.807343,0.248224,-0.535334],[-0.525736,0.109383,0.843586]]],"btipPosition":[-64.3344,291.881,-64.6623],"carpPosition":[-67.037,288.618,26.9263],"dipPosition":[-75.6177,294.228,-46.5573],"direction":[0.201932,-0.013289,-0.979309],"extended":false,"handId":268,"id":2680,"length":47.7925,"mcpPosition":[-67.037,288.618,26.9263],"pipPosition":[-81.9314,294.644,-15.9375],"stabilizedTipPosition":[-68.152,271.674,-33.2204],"timeVisible":0.551461,"tipPosition":[-66.1679,291.555,-60.2332],"tipVelocity":[4.26205,68.4826,-102.265],"tool":false,"touchDistance":-0.5082,"touchZone":"hovering","type":0,"width":18.5699},{"bases":[[[0.98853,0.108649,-0.104894],[-0.0758783,0.957852,0.27706],[0.130576,-0.265924,0.95511]],[[0.981937,0.120081,-0.146221],[-0.0593458,0.929267,0.364609],[0.179661,-0.349346,0.919608]],[[0.981937,0.120081,-0.146221],[-0.0979853,0.983828,0.149935],[0.161861,-0.132899,0.977824]],[[0.981937,0.120081,-0.146221],[-0.126207,0.991444,-0.0333317],[0.140967,0.0511837,0.98869]]],"btipPosition":[-82.0667,343.131,-112.007],"carpPosition":[-60.3827,309.283,25.8248],"dipPosition":[-79.858,343.933,-96.5166],"direction":[-0.161861,0.132899,-0.977824],"extended":true,"handId":268,"id":2681,"length":53.9285,"mcpPosition":[-69.192,327.224,-38.6124],"pipPosition":[-76.2703,340.987,-74.8431],"stabilizedTipPosition":[-84.8275,327.886,-90.0307],"timeVisible":0.551461,"tipPosition":[-81.2825,341.731,-108.281],"tipVelocity":[17.6796,91.9515,-110.175],"tool":false,"touchDistance":-0.525223,"touchZone":"hovering","type":1,"width":17.738},{"bases":[[[0.995438,-0.0931697,-0.0205758],[0.0952221,0.95636,0.27624],[-0.00605937,-0.276939,0.960868]],[[0.995446,-0.0927046,-0.0221889],[0.020231,0.432939,-0.901196],[0.0931515,0.896644,0.432843]],[[0.995446,-0.0927046,-0.0221889],[-0.072401,-0.583892,-0.808597],[0.0620048,0.806521,-0.587945]],[[0.995446,-0.0927046,-0.0221889],[-0.0925983,-0.88517,-0.455959],[0.0226286,0.455938,-0.889724]]],"btipPosition":[-55.2662,261.332,-25.3741],"carpPosition":[-49.5295,312.136,24.5697],"dipPosition":[-54.8762,269.189,-40.7066],"direction":[-0.0620047,-0.806521,0.587945],"extended":false,"handId":268,"id":2682,"length":61.4471,"mcpPosition":[-49.1419,329.854,-36.9063],"pipPosition":[-53.2593,290.221,-56.0385],"stabilizedTipPosition":[-57.8695,234.797,10.4702],"timeVisible":0.551461,"tipPosition":[-55.2205,263.046,-29.4835],"tipVelocity":[11.9093,57.2336,-88.5555],"tool":false,"touchDistance":0.333333,"touchZone":"none","type":2,"width":17.4211},{"bases":[[[0.973667,-0.204736,0.100283],[0.165857,0.937944,0.304554],[-0.156413,-0.279901,0.947201]],[[0.976748,-0.198789,0.08029],[0.152091,0.378542,-0.913003],[0.151102,0.903985,0.399975]],[[0.976748,-0.198789,0.08029],[-0.0610691,-0.616966,-0.784616],[0.205509,0.761469,-0.61476]],[[0.976748,-0.198789,0.08029],[-0.144664,-0.887508,-0.437494],[0.158227,0.415706,-0.89563]]],"btipPosition":[-43.4249,264.662,-15.9911],"carpPosition":[-38.287,312.089,23.8442],"dipPosition":[-40.7139,271.785,-31.3367],"direction":[-0.205509,-0.761469,0.614761],"extended":false,"handId":268,"id":2683,"length":59.0831,"mcpPosition":[-29.3021,328.167,-30.5659],"pipPosition":[-35.4932,291.129,-46.9539],"stabilizedTipPosition":[-44.3815,239.159,18.1271],"timeVisible":0.551461,"tipPosition":[-42.7791,266.274,-19.6753],"tipVelocity":[7.70556,59.5602,-99.9625],"tool":false,"touchDistance":0.333333,"touchZone":"none","type":3,"width":16.5772},{"bases":[[[0.908141,-0.387897,0.157528],[0.300804,0.866244,0.398923],[-0.291199,-0.314893,0.903352]],[[0.857358,-0.428823,0.284689],[0.449744,0.355115,-0.819526],[0.250334,0.830665,0.497322]],[[0.857358,-0.428823,0.284689],[-0.0104958,-0.567545,-0.823276],[0.514614,0.702854,-0.49109]],[[0.857358,-0.428823,0.284689],[-0.235852,-0.818908,-0.523225],[0.457505,0.381446,-0.803236]]],"btipPosition":[-36.1827,276.571,-19.1866],"carpPosition":[-27.088,305.397,23.4698],"dipPosition":[-28.951,282.6,-31.8831],"direction":[-0.514614,-0.702854,0.49109],"extended":false,"handId":268,"id":2684,"length":46.32,"mcpPosition":[-11.6036,322.141,-24.5654],"pipPosition":[-19.7209,295.206,-40.6913],"stabilizedTipPosition":[-35.9428,254.174,10.033],"timeVisible":0.551461,"tipPosition":[-34.4851,278.091,-22.5093],"tipVelocity":[7.72472,62.0914,-83.5396],"tool":false,"touchDistance":0.333333,"touchZone":"none","type":4,"width":14.7252}],"r":[[0.605677,-0.482954,0.632386],[0.702619,0.697624,-0.140168],[-0.373473,0.529223,0.761867]],"s":1.11709,"t":[46.8155,132.135,-188.573],"timestamp":3120393918},false],[5,{"currentFrameRate":108.582,"devices":[],"gestures":[],"hands":[{"armBasis":[[0.919868,0.260209,-0.293487],[-0.0606281,0.83359,0.549046],[0.387514,-0.487256,0.782569]],"armWidth":58.4334,"confidence":0.638134,"direction":[0.0279262,0.420399,-0.906909],"elbow":[54.5023,179.83,222.61],"grabStrength":0,"id":268,"palmNormal":[0.0571009,-0.906453,-0.418429],"palmPosition":[-46.8129,317.421,-18.0653],"palmVelocity":[-2.82652,65.4197,-88.132],"palmWidth":83.4409,"pinchStrength":0.385092,"r":[[0.604367,-0.481771,0.634537],[0.702087,0.698522,-0.138353],[-0.376583,0.529116,0.760408]],"s":1.11957,"sphereCenter":[-64.7243,294.025,-49.6687],"sphereRadius":45.0425,"stabilizedPalmPosition":[-48.3775,290.42,19.3442],"t":[46.8086,132.641,-189.159],"timeVisible":0.560293,"type":"right","wrist":[-41.4459,300.474,28.8471]}],"id":302759,"interactionBox":{"center":[0,200,0],"size":[235.247,235.247,147.751]},"pointables":[{"bases":[[[0.35596,0.908925,0.217133],[-0.839601,0.209039,0.50137],[0.410319,-0.360773,0.837545]],[[0.268353,0.962111,0.0482501],[-0.906082,0.235084,0.351782],[0.327111,-0.138121,0.934837]],[[0.268353,0.962111,0.0482501],[-0.942293,0.272574,-0.194389],[-0.200176,0.00669934,0.979737]],[[0.268353,0.962111,0.0482501],[-0.811656,0.252797,-0.5266],[-0.518846,0.102153,0.848743]]],"btipPosition":[-64.6376,293.05,-65.3825],"carpPosition":[-67.058,289.129,26.2596],"dipPosition":[-75.773,295.242,-47.1669],"direction":[0.200176,-0.00669934,-0.979737],"extended":false,"handId":268,"id":2680,"length":47.7925,"mcpPosition":[-67.058,289.129,26.2596],"pipPosition":[-82.0318,295.452,-16.5336],"stabilizedTipPosition":[-68.1054,272.744,-34.5883],"timeVisible":0.560293,"tipPosition":[-66.3939,292.657,-60.9355],"tipVelocity":[-5.12547,84.6578,-95.8878],"tool":false,"touchDistance":-0.496135,"touchZone":"hovering","type":0,"width":18.5699},{"bases":[[[0.988499,0.110117,-0.103653],[-0.0772416,0.956902,0.27995],[0.130013,-0.268724,0.954402]],[[0.981902,0.12171,-0.145101],[-0.0604051,0.927407,0.369144],[0.179496,-0.353698,0.917975]],[[0.981902,0.12171,-0.145101],[-0.0982692,0.982373,0.15902],[0.161897,-0.141883,0.976554]],[[0.981902,0.12171,-0.145101],[-0.125995,0.991815,-0.0206811],[0.141396,0.0385888,0.989201]]],"btipPosition":[-82.0736,344.41,-112.472],"carpPosition":[-60.4266,309.805,25.228],"dipPosition":[-79.8582,345.014,-96.9732],"direction":[-0.161897,0.141883,-0.976554],"extended":true,"handId":268,"id":2681,"length":53.9285,"mcpPosition":[-69.198,327.934,-39.1615],"pipPosition":[-76.2698,341.869,-75.3278],"stabilizedTipPosition":[-84.5241,329.435,-91.7856],"timeVisible":0.560293,"tipPosition":[-81.2939,342.987,-108.775],"tipVelocity":[12.7356,104.836,-94.5614],"tool":false,"touchDistance":-0.507976,"touchZone":"hovering","type":1,"width":17.738},{"bases":[[[0.995563,-0.091954,-0.0199526],[0.0938611,0.955611,0.279282],[-0.00661421,-0.279915,0.960002]],[[0.995573,-0.0914838,-0.0215646],[0.0206962,0.437172,-0.89914],[0.0916842,0.894713,0.43713]],[[0.995573,-0.0914838,-0.0215646],[-0.0708719,-0.579964,-0.811554],[0.0617374,0.809489,-0.58388]],[[0.995573,-0.0914838,-0.0215646],[-0.0911206,-0.883155,-0.460146],[0.0230511,0.460074,-0.887581]]],"btipPosition":[-55.2122,261.997,-26.2291],"carpPosition":[-49.5756,312.674,23.9916],"dipPosition":[-54.815,269.926,-41.5247],"direction":[-0.0617374,-0.809489,0.58388],"extended":false,"handId":268,"id":2682,"length":61.4471,"mcpPosition":[-49.1525,330.583,-37.4289],"pipPosition":[-53.205,291.035,-56.7506],"stabilizedTipPosition":[-57.8009,235.521,9.46744],"timeVisible":0.560293,"tipPosition":[-55.1607,263.74,-30.2606],"tipVelocity":[10.3933,62.623,-90.5257],"tool":false,"touchDistance":0.333333,"touchZone":"none","type":2,"width":17.4211},{"bases":[[[0.973812,-0.203918,0.100541],[0.164491,0.937189,0.307603],[-0.156952,-0.283009,0.946188]],[[0.976903,-0.19791,0.080581],[0.152506,0.381591,-0.911664],[0.149678,0.902895,0.402959]],[[0.976903,-0.19791,0.080581],[-0.0596252,-0.614586,-0.786593],[0.205198,0.76362,-0.612191]],[[0.976903,-0.19791,0.080581],[-0.14323,-0.886309,-0.440388],[0.158577,0.418674,-0.894184]]],"btipPosition":[-43.3791,265.333,-16.7132],"carpPosition":[-38.3323,312.642,23.2763],"dipPosition":[-40.6621,272.507,-32.034],"direction":[-0.205198,-0.76362,0.612191],"extended":false,"handId":268,"id":2683,"length":59.0831,"mcpPosition":[-29.3166,328.899,-31.0755],"pipPosition":[-35.4493,291.905,-47.5859],"stabilizedTipPosition":[-44.3434,239.812,17.2277],"timeVisible":0.560293,"tipPosition":[-42.7319,266.958,-20.3888],"tipVelocity":[7.0668,64.356,-94.8667],"tool":false,"touchDistance":0.333333,"touchZone":"none","type":3,"width":16.5772},{"bases":[[[0.908446,-0.387332,0.15716],[0.299435,0.865353,0.401873],[-0.291657,-0.318021,0.902108]],[[0.857666,-0.428665,0.283999],[0.449979,0.358387,-0.817972],[0.248854,0.82934,0.500266]],[[0.857666,-0.428665,0.283999],[-0.00901271,-0.564752,-0.825212],[0.514128,0.705196,-0.488232]],[[0.857666,-0.428665,0.283999],[-0.234321,-0.817441,-0.526197],[0.457715,0.384754,-0.801537]]],"btipPosition":[-36.1422,277.253,-19.8723],"carpPosition":[-27.1253,305.965,22.8915],"dipPosition":[-28.9073,283.335,-32.542],"direction":[-0.514129,-0.705196,0.488232],"extended":false,"handId":268,"id":2684,"length":46.32,"mcpPosition":[-11.6166,322.875,-25.0775],"pipPosition":[-19.6858,295.983,-41.299],"stabilizedTipPosition":[-35.9025,254.848,9.1301],"timeVisible":0.560293,"tipPosition":[-34.4463,278.787,-23.1783],"tipVelocity":[6.8976,66.5639,-81.7568],"tool":false,"touchDistance":0.333333,"touchZone":"none","type":4,"width":14.7252}],"r":[[0.604367,-0.481771,0.634537],[0.702087,0.698522,-0.138353],[-0.376583,0.529116,0.760408]],"s":1.11957,"t":[46.8086,132.641,-189.159],"timestamp":3120402750},false],[6,{"currentFrameRate":108.523,"devices":[],"gestures":[],"hands":[{"armBasis":[[0.921575,0.26104,-0.287327],[-0.0660259,0.83477,0.546625],[0.382543,-0.484785,0.786539]],"armWidth":58.4334,"confidence":0.640991,"direction":[0.030406,0.422656,-0.90578],"elbow":[53.1006,181.396,222.143],"grabStrength":0,"id":268,"palmNormal":[0.06229,-0.905239,-0.420312],"palmPosition":[-46.8378,318.467,-19.4991],"palmVelocity":[-2.78123,78.6611,-106.715],"palmWidth":83.4409,"pinchStrength":0.382044,"r":[[0.603101,-0.480684,0.636563],[0.701263,0.699821,-0.135948],[-0.380132,0.528389,0.759148]],"s":1.12184,"sphereCenter":[-64.5885,295.112,-51.2502],"sphereRadius":45.0788,"stabilizedPalmPosition":[-48.3356,291.183,18.2874],"t":[46.7928,133.417,-190.169],"timeVisible":0.569614,"type":"right","wrist":[-41.6168,301.429,27.3965]}],"id":302760,"interactionBox":{"center":[0,200,0],"size":[235.247,235.247,147.751]},"pointables":[{"bases":[[[0.351649,0.909705,0.220861],[-0.842582,0.204766,0.498124],[0.407921,-0.361258,0.838506]],[[0.265481,0.962639,0.0533479],[-0.907803,0.230957,0.350076],[0.324675,-0.141368,0.935201]],[[0.265481,0.962639,0.0533479],[-0.942519,0.270783,-0.195791],[-0.202922,0.00169747,0.979193]],[[0.265481,0.962639,0.0533479],[-0.813815,0.253419,-0.522958],[-0.516939,0.09542,0.850688]]],"btipPosition":[-64.5984,294.366,-67.0152],"carpPosition":[-67.1752,289.996,24.6682],"dipPosition":[-75.6929,296.414,-48.7579],"direction":[0.202922,-0.00169747,-0.979193],"extended":false,"handId":268,"id":2680,"length":47.7925,"mcpPosition":[-67.1752,289.996,24.6682],"pipPosition":[-82.0376,296.467,-18.1416],"stabilizedTipPosition":[-68.057,273.862,-36.0172],"timeVisible":0.569614,"tipPosition":[-66.3362,293.946,-62.5605],"tipVelocity":[-2.20162,99.6458,-118.02],"tool":false,"touchDistance":-0.499202,"touchZone":"hovering","type":0,"width":18.5699},{"bases":[[[0.988538,0.113986,-0.0989948],[-0.0820012,0.955944,0.281864],[0.126762,-0.270516,0.954334]],[[0.982089,0.125645,-0.140411],[-0.0652999,0.925985,0.371871],[0.176742,-0.356041,0.917604]],[[0.982089,0.125645,-0.140411],[-0.10184,0.980942,0.165474],[0.158526,-0.148211,0.976167]],[[0.982089,0.125645,-0.140411],[-0.128472,0.99165,-0.0112168],[0.13783,0.0290548,0.99003]]],"btipPosition":[-81.8041,345.806,-113.97],"carpPosition":[-60.6154,310.698,23.7151],"dipPosition":[-79.6445,346.261,-98.4583],"direction":[-0.158526,0.148211,-0.976168],"extended":true,"handId":268,"id":2681,"length":53.9285,"mcpPosition":[-69.1675,328.949,-40.6698],"pipPosition":[-76.1308,342.976,-76.8215],"stabilizedTipPosition":[-84.1914,331.139,-93.7111],"timeVisible":0.569614,"tipPosition":[-81.0434,344.379,-110.29],"tipVelocity":[16.9239,116.506,-113.184],"tool":false,"touchDistance":-0.507938,"touchZone":"hovering","type":1,"width":17.738},{"bases":[[[0.995973,-0.0882559,-0.0157415],[0.0891064,0.955281,0.281954],[-0.0098465,-0.282221,0.959299]],[[0.995988,-0.0877889,-0.0173285],[0.0233222,0.441632,-0.896893],[0.08639,0.892891,0.441908]],[[0.995988,-0.0877889,-0.0173285],[-0.0649548,-0.576098,-0.814795],[0.0615471,0.812652,-0.57949]],[[0.995988,-0.0877889,-0.0173285],[-0.085772,-0.881426,-0.464469],[0.0255014,0.464092,-0.88542]]],"btipPosition":[-55.0027,263.01,-28.005],"carpPosition":[-49.7697,313.61,22.5337],"dipPosition":[-54.5632,271.007,-43.2633],"direction":[-0.0615471,-0.812652,0.57949],"extended":false,"handId":268,"id":2682,"length":61.4471,"mcpPosition":[-49.1397,331.666,-38.8418],"pipPosition":[-52.9583,292.199,-58.3748],"stabilizedTipPosition":[-57.7313,236.225,8.4828],"timeVisible":0.569614,"tipPosition":[-54.9347,264.782,-31.9336],"tipVelocity":[14.1055,76.113,-118.549],"tool":false,"touchDistance":0.333333,"touchZone":"none","type":2,"width":17.4211},{"bases":[[[0.974099,-0.200585,0.104389],[0.159677,0.937051,0.310546],[-0.160109,-0.285833,0.944809]],[[0.977254,-0.194522,0.0844718],[0.155165,0.384334,-0.910061],[0.144562,0.902468,0.405775]],[[0.977254,-0.194522,0.0844718],[-0.0538604,-0.612913,-0.788312],[0.205118,0.765832,-0.609449]],[[0.977254,-0.194522,0.0844718],[-0.138009,-0.885769,-0.443133],[0.161022,0.421396,-0.892467]]],"btipPosition":[-43.2189,266.389,-18.2564],"carpPosition":[-38.5233,313.621,21.8683],"dipPosition":[-40.46,273.609,-33.5478],"direction":[-0.205118,-0.765832,0.609449],"extended":false,"handId":268,"id":2683,"length":59.0831,"mcpPosition":[-29.3262,330.04,-32.4043],"pipPosition":[-35.2493,293.064,-49.03],"stabilizedTipPosition":[-44.3026,240.466,16.3242],"timeVisible":0.569614,"tipPosition":[-42.5614,268.025,-21.9237],"tipVelocity":[10.2204,78.5179,-114.657],"tool":false,"touchDistance":0.333333,"touchZone":"none","type":3,"width":16.5772},{"bases":[[[0.909158,-0.384372,0.160283],[0.294465,0.865487,0.405245],[-0.294487,-0.321234,0.900048]],[[0.858192,-0.426052,0.286334],[0.451615,0.361475,-0.815708],[0.244032,0.829347,0.502626]],[[0.858192,-0.426052,0.286334],[-0.00384703,-0.563119,-0.826367],[0.513315,0.708079,-0.484903]],[[0.858192,-0.426052,0.286334],[-0.229186,-0.817128,-0.528938],[0.459326,0.388307,-0.798897]]],"btipPosition":[-36.0111,278.337,-21.3146],"carpPosition":[-27.2901,306.986,21.5176],"dipPosition":[-28.7507,284.475,-33.9426],"direction":[-0.513315,-0.708079,0.484903],"extended":false,"handId":268,"id":2684,"length":46.32,"mcpPosition":[-11.6309,324.067,-26.3419],"pipPosition":[-19.5438,297.175,-42.6398],"stabilizedTipPosition":[-35.8581,255.557,8.1806],"timeVisible":0.569614,"tipPosition":[-34.3082,279.884,-24.614