{"sensorType":"Leap","data":[[0,{"currentFrameRate":109.917,"devices":[],"gestures":[],"hands":[{"armBasis":[[0.92684,0.101254,-0.361546],[0.106972,0.851826,0.512786],[0.359896,-0.513946,0.778675]],"armWidth":58.4334,"confidence":0.677383,"direction":[0.0384102,0.404676,-0.913653],"elbow":[51.4402,163.448,226.03],"grabStrength":0,"id":276,"palmNormal":[-0.112377,-0.906778,-0.406355],"palmPosition":[-43.1537,307.974,-13.5487],"palmVelocity":[-23.8788,51.4353,-167.928],"palmWidth":83.4409,"pinchStrength":0.76174,"r":[[0.853625,-0.291263,0.431845],[0.278228,0.955835,0.0947022],[-0.440356,0.0393112,0.896962]],"s":1.02301,"sphereCenter":[-53.4836,284.001,-44.8861],"sphereRadius":41.7934,"stabilizedPalmPosition":[-49.4723,258.66,121.081],"t":[54.3054,117.657,-219.52],"timeVisible":0.750124,"type":"right","wrist":[-37.6697,290.7,33.2306]}],"id":307516,"interactionBox":{"center":[0,200,0],"size":[235.247,235.247,147.751]},"pointables":[{"bases":[[[0.507557,0.842416,0.180888],[-0.763832,0.342785,0.546862],[0.39868,-0.415732,0.817448]],[[0.397865,0.917243,-0.0192287],[-0.853234,0.377641,0.359692],[0.337186,-0.126702,0.932873]],[[0.397865,0.917243,-0.0192287],[-0.911584,0.392872,-0.121102],[-0.103525,0.0657108,0.992454]],[[0.397865,0.917243,-0.0192287],[-0.707969,0.293625,-0.642312],[-0.58351,0.269167,0.766202]]],"btipPosition":[-64.536,281.51,-57.8268],"carpPosition":[-64.8611,283.542,32.3515],"dipPosition":[-77.0592,287.287,-41.3827],"direction":[0.103525,-0.0657108,-0.992454],"extended":false,"handId":276,"id":2760,"length":47.7925,"mcpPosition":[-64.8611,283.542,32.3515],"pipPosition":[-80.2961,289.342,-10.3518],"stabilizedTipPosition":[-87.8659,223.75,87.1342],"timeVisible":0.750124,"tipPosition":[-67.5381,281.794,-54.0232],"tipVelocity":[-14.0969,75.6988,-172.355],"tool":false,"touchDistance":-0.543143,"touchZone":"hovering","type":0,"width":18.5699},{"bases":[[[0.985276,-0.0486564,-0.1639],[0.0920199,0.95887,0.268517],[0.144093,-0.279645,0.949229]],[[0.992331,-0.0659554,-0.104543],[0.0920741,0.958688,0.269146],[0.0824722,-0.276708,0.957408]],[[0.992331,-0.0659554,-0.104543],[0.0820716,0.983983,0.158243],[0.0924314,-0.165609,0.98185]],[[0.992331,-0.0659554,-0.104543],[0.0732685,0.99501,0.0677266],[0.0995542,-0.0748669,0.992212]]],"btipPosition":[-71.7044,337.509,-108.475],"carpPosition":[-55.1253,302.897,30.5937],"dipPosition":[-70.1446,336.336,-92.9294],"direction":[-0.0924314,0.165609,-0.98185],"extended":true,"handId":276,"id":2761,"length":53.9285,"mcpPosition":[-64.8466,321.764,-33.4467],"pipPosition":[-68.0959,332.666,-71.1667],"stabilizedTipPosition":[-83.3659,282.9,13.2412],"timeVisible":0.750124,"tipPosition":[-70.8909,335.591,-105.131],"tipVelocity":[-13.0817,81.2626,-170.741],"tool":false,"touchDistance":-0.543403,"touchZone":"hovering","type":1,"width":17.738},{"bases":[[[0.965465,-0.248736,-0.0775064],[0.260409,0.930467,0.257717],[0.00801355,-0.269,0.963107]],[[0.965153,-0.258005,-0.0437269],[0.123732,0.597174,-0.792511],[0.230585,0.759485,0.608287]],[[0.965153,-0.258005,-0.0437269],[-0.204191,-0.63801,-0.742461],[0.163661,0.725518,-0.66846]],[[0.965153,-0.258005,-0.0437269],[-0.261672,-0.95317,-0.151639],[-0.00255554,0.157797,-0.987468]]],"btipPosition":[-58.9823,266.003,-25.3885],"carpPosition":[-44.0537,304.002,28.6693],"dipPosition":[-59.0264,268.723,-42.4055],"direction":[-0.163661,-0.725518,0.66846],"extended":false,"handId":276,"id":2762,"length":61.4471,"mcpPosition":[-44.5664,321.212,-32.9498],"pipPosition":[-54.7586,287.642,-59.837],"stabilizedTipPosition":[-71.1016,209.042,132.696],"timeVisible":0.750124,"tipPosition":[-58.9756,266.673,-28.548],"tipVelocity":[-9.01195,47.134,-162.323],"tool":false,"touchDistance":0.333333,"touchZone":"none","type":2,"width":17.4211},{"bases":[[[0.933725,-0.355041,0.0458617],[0.328844,0.901269,0.282091],[-0.141488,-0.248314,0.958291]],[[0.933411,-0.355588,0.047974],[0.238478,0.514912,-0.823404],[0.26809,0.780015,0.565424]],[[0.933411,-0.355588,0.047974],[-0.221332,-0.675842,-0.703029],[0.282411,0.645597,-0.709541]],[[0.933411,-0.355588,0.047974],[-0.347922,-0.929649,-0.121256],[0.0877162,0.0964907,-0.991461]]],"btipPosition":[-44.5554,266.435,-15.9129],"carpPosition":[-33.0213,302.184,27.2887],"dipPosition":[-43.0525,268.088,-32.9004],"direction":[-0.282411,-0.645597,0.709541],"extended":false,"handId":276,"id":2763,"length":59.0831,"mcpPosition":[-24.8938,316.448,-27.7584],"pipPosition":[-35.8782,284.489,-50.9254],"stabilizedTipPosition":[-51.6722,213.478,126.044],"timeVisible":0.750124,"tipPosition":[-44.0542,266.752,-19.5043],"tipVelocity":[-14.6074,53.2683,-156.998],"tool":false,"touchDistance":0.333333,"touchZone":"none","type":3,"width":16.5772},{"bases":[[[0.843818,-0.525397,0.109221],[0.456269,0.809573,0.369338],[-0.282471,-0.26182,0.922855]],[[0.852542,-0.516621,0.079207],[0.366323,0.482539,-0.79559],[0.372798,0.70729,0.600635]],[[0.852542,-0.516621,0.079207],[-0.303397,-0.612574,-0.729865],[0.425584,0.59821,-0.678987]],[[0.852542,-0.516621,0.079207],[-0.498109,-0.849014,-0.176243],[0.158299,0.110801,-0.981155]]],"btipPosition":[-30.2569,272.319,-14.5134],"carpPosition":[-23.0534,293.812,26.3476],"dipPosition":[-27.7547,274.07,-30.0222],"direction":[-0.425584,-0.59821,0.678987],"extended":false,"handId":276,"id":2764,"length":46.32,"mcpPosition":[-8.0332,307.734,-22.7246],"pipPosition":[-20.1214,284.799,-42.2006],"stabilizedTipPosition":[-35.9869,222.91,113.266],"timeVisible":0.750124,"tipPosition":[-29.5135,272.498,-17.5231],"tipVelocity":[-17.1756,57.6657,-163.608],"tool":false,"touchDistance":0.333333,"touchZone":"none","type":4,"width":14.7252}],"r":[[0.853625,-0.291263,0.431845],[0.278228,0.955835,0.0947022],[-0.440356,0.0393112,0.896962]],"s":1.02301,"t":[54.3054,117.657,-219.52],"timestamp":3164266468},false],[1,{"currentFrameRate":109.867,"devices":[],"gestures":[],"hands":[{"armBasis":[[0.926817,0.104175,-0.360775],[0.102966,0.853424,0.510945],[0.361121,-0.5107,0.780242]],"armWidth":58.4334,"confidence":0.669263,"direction":[0.0400727,0.404206,-0.91379],"elbow":[51.3879,164.881,224.869],"grabStrength":0,"id":276,"palmNormal":[-0.108442,-0.907363,-0.406119],"palmPosition":[-43.4141,308.558,-15.125],"palmVelocity":[-25.1255,54.8084,-168.933],"palmWidth":83.4409,"pinchStrength":0.756156,"r":[[0.852844,-0.289157,0.434794],[0.276162,0.956464,0.0944017],[-0.443162,0.0395635,0.895568]],"s":1.02527,"sphereCenter":[-54.1645,284.887,-46.4444],"sphereRadius":41.8454,"stabilizedPalmPosition":[-49.4715,258.667,121.064],"t":[54.0489,118.227,-221.151],"timeVisible":0.759314,"type":"right","wrist":[-38.0255,291.33,31.6823]}],"id":307517,"interactionBox":{"center":[0,200,0],"size":[235.247,235.247,147.751]},"pointables":[{"bases":[[[0.504512,0.84402,0.181927],[-0.76654,0.340885,0.544256],[0.397347,-0.414038,0.818956]],[[0.397264,0.917579,-0.0151962],[-0.853883,0.375653,0.360234],[0.336252,-0.130132,0.932738]],[[0.397264,0.917579,-0.0151962],[-0.911677,0.392706,-0.120939],[-0.105004,0.0618988,0.992544]],[[0.397264,0.917579,-0.0151962],[-0.705296,0.294678,-0.644766],[-0.587145,0.26686,0.764229]]],"btipPosition":[-64.7007,282.385,-59.4096],"carpPosition":[-65.1928,284.091,30.723],"dipPosition":[-77.3019,288.112,-43.0078],"direction":[0.105004,-0.0618988,-0.992544],"extended":false,"handId":276,"id":2760,"length":47.7925,"mcpPosition":[-65.1928,284.091,30.723],"pipPosition":[-80.5851,290.048,-11.9741],"stabilizedTipPosition":[-87.8549,223.782,87.0568],"timeVisible":0.759314,"tipPosition":[-67.6571,282.629,-55.6295],"tipVelocity":[-15.7115,80.7989,-172.617],"tool":false,"touchDistance":-0.54105,"touchZone":"hovering","type":0,"width":18.5699},{"bases":[[[0.985922,-0.0458629,-0.160794],[0.0883629,0.959307,0.268184],[0.141951,-0.278617,0.949854]],[[0.992636,-0.0624095,-0.103818],[0.0891027,0.956797,0.276766],[0.0820601,-0.283979,0.955313]],[[0.992636,-0.0624095,-0.103818],[0.0791464,0.982972,0.165836],[0.0917005,-0.172832,0.980673]],[[0.992636,-0.0624095,-0.103818],[0.070382,0.994697,0.0749888],[0.0985876,-0.0817436,0.991765]]],"btipPosition":[-71.8955,338.571,-110.013],"carpPosition":[-55.5085,303.474,28.9831],"dipPosition":[-70.3508,337.29,-94.4736],"direction":[-0.0917005,0.172832,-0.980673],"extended":true,"handId":276,"id":2761,"length":53.9285,"mcpPosition":[-65.0853,322.271,-35.0995],"pipPosition":[-68.3183,333.459,-72.7369],"stabilizedTipPosition":[-83.3221,283.105,12.7982],"timeVisible":0.759314,"tipPosition":[-71.0864,336.611,-106.683],"tipVelocity":[-15.3423,90.0759,-169.818],"tool":false,"touchDistance":-0.540477,"touchZone":"hovering","type":1,"width":17.738},{"bases":[[[0.966429,-0.245945,-0.0743337],[0.256868,0.931393,0.257928],[0.00579758,-0.268363,0.9633]],[[0.966041,-0.255175,-0.0406175],[0.124336,0.59688,-0.792638],[0.226505,0.760671,0.608338]],[[0.966041,-0.255175,-0.0406175],[-0.20014,-0.639541,-0.742247],[0.163427,0.725171,-0.668894]],[[0.966041,-0.255175,-0.0406175],[-0.258388,-0.954156,-0.151068],[-0.000206714,0.156433,-0.987689]]],"btipPosition":[-59.0751,266.551,-26.9648],"carpPosition":[-44.4342,304.61,27.0926],"dipPosition":[-59.0787,269.246,-43.9856],"direction":[-0.163427,-0.72517,0.668894],"extended":false,"handId":276,"id":2762,"length":61.4471,"mcpPosition":[-44.8052,321.779,-34.539],"pipPosition":[-54.817,288.157,-61.4284],"stabilizedTipPosition":[-71.101,209.045,132.687],"timeVisible":0.759314,"tipPosition":[-59.0643,267.208,-30.1523],"tipVelocity":[-9.03315,50.4379,-164.921],"tool":false,"touchDistance":0.333333,"touchZone":"none","type":2,"width":17.4211},{"bases":[[[0.934617,-0.352264,0.0490033],[0.325312,0.902411,0.282535],[-0.143748,-0.24812,0.958005]],[[0.934075,-0.353185,0.0525672],[0.240127,0.512349,-0.824523],[0.264276,0.782789,0.563382]],[[0.934075,-0.353185,0.0525672],[-0.217659,-0.679875,-0.700282],[0.283068,0.642674,-0.711929]],[[0.934075,-0.353185,0.0525672],[-0.345383,-0.93101,-0.118031],[0.0906274,0.0920942,-0.991618]]],"btipPosition":[-44.7069,267.099,-17.2906],"carpPosition":[-33.3923,302.823,25.7475],"dipPosition":[-43.1541,268.677,-34.2808],"direction":[-0.283068,-0.642674,0.711929],"extended":false,"handId":276,"id":2763,"length":59.0831,"mcpPosition":[-25.135,317.076,-29.2831],"pipPosition":[-35.9631,285.003,-52.3664],"stabilizedTipPosition":[-51.6712,213.485,126.026],"timeVisible":0.759314,"tipPosition":[-44.1978,267.38,-20.9686],"tipVelocity":[-14.7826,58.0516,-155.037],"tool":false,"touchDistance":0.333333,"touchZone":"none","type":3,"width":16.5772},{"bases":[[[0.845013,-0.522844,0.112191],[0.452733,0.811146,0.370237],[-0.28458,-0.262063,0.922137]],[[0.853543,-0.514346,0.0831426],[0.368232,0.482616,-0.794662],[0.368605,0.708894,0.601332]],[[0.853543,-0.514346,0.0831426],[-0.299181,-0.614486,-0.729998],[0.426561,0.59821,-0.678373]],[[0.853543,-0.514346,0.0831426],[-0.495367,-0.850573,-0.176456],[0.161478,0.109426,-0.980791]]],"btipPosition":[-30.4201,272.969,-16.0193],"carpPosition":[-23.397,294.48,24.8429],"dipPosition":[-27.8677,274.699,-31.5224],"direction":[-0.426561,-0.59821,0.678373],"extended":false,"handId":276,"id":2764,"length":46.32,"mcpPosition":[-8.26461,308.415,-24.1912],"pipPosition":[-20.2168,285.428,-43.6897],"stabilizedTipPosition":[-35.9858,222.919,113.241],"timeVisible":0.759314,"tipPosition":[-29.6668,273.14,-19.0433],"tipVelocity":[-16.9876,61.1878,-163.639],"tool":false,"touchDistance":0.333333,"touchZone":"none","type":4,"width":14.7252}],"r":[[0.852844,-0.289157,0.434794],[0.276162,0.956464,0.0944017],[-0.443162,0.0395635,0.895568]],"s":1.02527,"t":[54.0489,118.227,-221.151],"timestamp":3164275658},false],[2,{"currentFrameRate":109.71,"devices":[],"gestures":[],"hands":[{"armBasis":[[0.929126,0.109673,-0.353123],[0.0959948,0.850712,0.516793],[0.357084,-0.514064,0.779891]],"armWidth":58.4334,"confidence":0.673949,"direction":[0.0420873,0.401922,-0.914706],"elbow":[50.056,164.749,223.082],"grabStrength":0,"id":276,"palmNormal":[-0.102153,-0.908988,-0.40411],"palmPosition":[-43.6258,309.105,-16.896],"palmVelocity":[-24.3862,55.794,-174.504],"palmWidth":83.4409,"pinchStrength":0.747933,"r":[[0.85211,-0.286386,0.438054],[0.273475,0.957287,0.0938749],[-0.446228,0.0398053,0.894033]],"s":1.02796,"sphereCenter":[-54.7671,285.669,-48.157],"sphereRadius":41.9199,"stabilizedPalmPosition":[-49.4706,258.674,121.044],"t":[53.8148,118.785,-222.852],"timeVisible":0.768709,"type":"right","wrist":[-38.3577,292.031,29.9814]}],"id":307518,"interactionBox":{"center":[0,200,0],"size":[235.247,235.247,147.751]},"pointables":[{"bases":[[[0.499515,0.847008,0.181831],[-0.770608,0.338544,0.539955],[0.395788,-0.409836,0.821819]],[[0.395405,0.918434,-0.0115351],[-0.85508,0.372658,0.360506],[0.3354,-0.132683,0.932685]],[[0.395405,0.918434,-0.0115351],[-0.912097,0.391134,-0.122855],[-0.108323,0.0590989,0.992358]],[[0.395405,0.918434,-0.0115351],[-0.702196,0.294167,-0.648372],[-0.592094,0.26447,0.761236]]],"btipPosition":[-64.7433,283.205,-61.1374],"carpPosition":[-65.4843,284.655,28.9228],"dipPosition":[-77.4507,288.881,-44.7998],"direction":[0.108323,-0.0590989,-0.992358],"extended":false,"handId":276,"id":2760,"length":47.7925,"mcpPosition":[-65.4843,284.655,28.9228],"pipPosition":[-80.8376,290.728,-13.7719],"stabilizedTipPosition":[-87.8425,223.82,86.9679],"timeVisible":0.768709,"tipPosition":[-67.6486,283.391,-57.3885],"tipVelocity":[-13.2682,82.2701,-176.278],"tool":false,"touchDistance":-0.541416,"touchZone":"hovering","type":0,"width":18.5699},{"bases":[[[0.986835,-0.0413969,-0.156342],[0.0824237,0.960457,0.265947],[0.139151,-0.275332,0.951225]],[[0.993144,-0.0569648,-0.102075],[0.0838425,0.955609,0.282457],[0.0814533,-0.289078,0.953834]],[[0.993144,-0.0569648,-0.102075],[0.0740042,0.982346,0.171812],[0.0904853,-0.178189,0.979827]],[[0.993144,-0.0569648,-0.102075],[0.0653621,0.994577,0.080903],[0.0969123,-0.0870201,0.991481]]],"btipPosition":[-72.0097,339.358,-111.834],"carpPosition":[-55.8887,304.081,27.1724],"dipPosition":[-70.4913,337.995,-96.2997],"direction":[-0.0904853,0.178189,-0.979827],"extended":true,"handId":276,"id":2761,"length":53.9285,"mcpPosition":[-65.2766,322.656,-37.0027],"pipPosition":[-68.4857,334.045,-74.5818],"stabilizedTipPosition":[-83.2805,283.305,12.3661],"timeVisible":0.768709,"tipPosition":[-71.1957,337.368,-108.516],"tipVelocity":[-14.6186,87.7239,-176.707],"tool":false,"touchDistance":-0.542104,"touchZone":"hovering","type":1,"width":17.738},{"bases":[[[0.967955,-0.241339,-0.0694221],[0.251108,0.933354,0.256506],[0.00289047,-0.265719,0.964046]],[[0.967468,-0.250449,-0.0357968],[0.124491,0.594452,-0.794436],[0.220245,0.764135,0.606292]],[[0.967468,-0.250449,-0.0357968],[-0.194084,-0.643962,-0.74003],[0.162288,0.722903,-0.67162]],[[0.967468,-0.250449,-0.0357968],[-0.252979,-0.956136,-0.14767],[0.00275715,0.151922,-0.988389]]],"btipPosition":[-59.0116,267.022,-28.6041],"carpPosition":[-44.812,305.267,25.3274],"dipPosition":[-58.9641,269.64,-45.6369],"direction":[-0.162288,-0.722903,0.67162],"extended":false,"handId":276,"id":2762,"length":61.4471,"mcpPosition":[-44.997,322.267,-36.3519],"pipPosition":[-54.7321,288.491,-63.1509],"stabilizedTipPosition":[-71.1003,209.048,132.678],"timeVisible":0.768709,"tipPosition":[-58.9972,267.653,-31.8579],"tipVelocity":[-4.17915,49.8221,-167.729],"tool":false,"touchDistance":0.333333,"touchZone":"none","type":2,"width":17.4211},{"bases":[[[0.936128,-0.34748,0.0540642],[0.319587,0.90478,0.281492],[-0.146729,-0.246234,0.958039]],[[0.935308,-0.348827,0.0593249],[0.241453,0.506648,-0.827653],[0.258651,0.788434,0.558097]],[[0.935308,-0.348827,0.0593249],[-0.212488,-0.687791,-0.694113],[0.282928,0.636603,-0.717418]],[[0.935308,-0.348827,0.0593249],[-0.341126,-0.93348,-0.110669],[0.0939829,0.0832722,-0.992085]]],"btipPosition":[-44.7223,267.773,-18.6404],"carpPosition":[-33.7556,303.532,24.0356],"dipPosition":[-43.112,269.2,-35.6387],"direction":[-0.282928,-0.636603,0.717418],"extended":false,"handId":276,"id":2763,"length":59.0831,"mcpPosition":[-25.327,317.676,-30.997],"pipPosition":[-35.9246,285.372,-53.8637],"stabilizedTipPosition":[-51.6702,213.493,126.004],"timeVisible":0.768709,"tipPosition":[-44.2059,267.99,-22.4545],"tipVelocity":[-10.6412,60.8925,-151.859],"tool":false,"touchDistance":0.333333,"touchZone":"none","type":3,"width":16.5772},{"bases":[[[0.847094,-0.518331,0.117325],[0.447071,0.814387,0.370001],[-0.287331,-0.260973,0.921593]],[[0.855311,-0.510291,0.0897011],[0.369955,0.480295,-0.795267],[0.362735,0.713386,0.599586]],[[0.855311,-0.510291,0.0897011],[-0.293552,-0.619942,-0.727667],[0.426931,0.59605,-0.68004]],[[0.855311,-0.510291,0.0897011],[-0.491062,-0.853622,-0.173748],[0.165233,0.104559,-0.980696]]],"btipPosition":[-30.4676,273.637,-17.5505],"carpPosition":[-23.7151,295.235,23.1977],"dipPosition":[-27.8558,275.29,-33.0521],"direction":[-0.426931,-0.59605,0.68004],"extended":false,"handId":276,"id":2764,"length":46.32,"mcpPosition":[-8.43645,309.112,-25.8075],"pipPosition":[-20.1983,285.98,-45.2494],"stabilizedTipPosition":[-35.9846,222.93,113.214],"timeVisible":0.768709,"tipPosition":[-29.703,273.786,-20.6298],"tipVelocity":[-13.1759,63.4633,-163.443],"tool":false,"touchDistance":0.333333,"touchZone":"none","type":4,"width":14.7252}],"r":[[0.85211,-0.286386,0.438054],[0.273475,0.957287,0.0938749],[-0.446228,0.0398053,0.894033]],"s":1.02796,"t":[53.8148,118.785,-222.852],"timestamp":3164285053},false],[3,{"currentFrameRate":109.875,"devices":[],"gestures":[],"hands":[{"armBasis":[[0.929102,0.110764,-0.352846],[0.0940373,0.851977,0.515066],[0.357667,-0.511729,0.781158]],"armWidth":58.4334,"confidence":0.622766,"direction":[0.0435294,0.398935,-0.915945],"elbow":[49.9003,166.049,221.886],"grabStrength":0,"id":276,"palmNormal":[-0.100424,-0.910424,-0.401303],"palmPosition":[-43.8483,309.666,-18.4717],"palmVelocity":[-24.6235,57.9129,-175.688],"palmWidth":83.4409,"pinchStrength":0.738406,"r":[[0.851389,-0.283704,0.44119],[0.271096,0.958057,0.0929215],[-0.449047,0.0404924,0.89259]],"s":1.03093,"sphereCenter":[-55.5669,286.496,-49.6292],"sphereRadius":42.0029,"stabilizedPalmPosition":[-49.4698,258.682,121.023],"t":[53.5865,119.344,-224.49],"timeVisible":0.777517,"type":"right","wrist":[-38.6577,292.752,28.4725]}],"id":307519,"interactionBox":{"center":[0,200,0],"size":[235.247,235.247,147.751]},"pointables":[{"bases":[[[0.498295,0.84811,0.180032],[-0.772036,0.339549,0.537277],[0.394541,-0.406714,0.823967]],[[0.397169,0.917699,-0.00926022],[-0.853835,0.373191,0.362898],[0.336487,-0.136225,0.931783]],[[0.397169,0.917699,-0.00926022],[-0.911088,0.393054,-0.124204],[-0.110342,0.0577668,0.992214]],[[0.397169,0.917699,-0.00926022],[-0.697909,0.295463,-0.6524],[-0.59597,0.265576,0.757819]]],"btipPosition":[-64.9371,284.075,-62.5573],"carpPosition":[-65.7747,285.345,27.3836],"dipPosition":[-77.7277,289.775,-46.2931],"direction":[0.110342,-0.0577668,-0.992213],"extended":false,"handId":276,"id":2760,"length":47.7925,"mcpPosition":[-65.7747,285.345,27.3836],"pipPosition":[-81.1778,291.581,-15.2698],"stabilizedTipPosition":[-87.8292,223.86,86.8712],"timeVisible":0.777517,"tipPosition":[-67.8188,284.23,-58.8528],"tipVelocity":[-16.2091,86.8978,-172.733],"tool":false,"touchDistance":-0.537161,"touchZone":"hovering","type":0,"width":18.5699},{"bases":[[[0.98719,-0.0409151,-0.154215],[0.0809209,0.961415,0.262931],[0.137507,-0.272042,0.95241]],[[0.993154,-0.055478,-0.102801],[0.0830127,0.95434,0.286958],[0.0821871,-0.293527,0.952411]],[[0.993154,-0.055478,-0.102801],[0.0731355,0.981513,0.17687],[0.091088,-0.183178,0.978851]],[[0.993154,-0.055478,-0.102801],[0.0644534,0.994195,0.0861483],[0.0974248,-0.0921844,0.990964]]],"btipPosition":[-72.2556,340.197,-113.413],"carpPosition":[-56.1951,304.775,25.5883],"dipPosition":[-70.7291,338.753,-97.8861],"direction":[-0.091088,0.183178,-0.978851],"extended":true,"handId":276,"id":2761,"length":53.9285,"mcpPosition":[-65.4721,323.129,-38.6668],"pipPosition":[-68.7101,334.693,-76.1898],"stabilizedTipPosition":[-83.244,283.487,11.9738],"timeVisible":0.777517,"tipPosition":[-71.4302,338.176,-110.105],"tipVelocity":[-18.1455,89.1816,-177.432],"tool":false,"touchDistance":-0.539929,"touchZone":"hovering","type":1,"width":17.738},{"bases":[[[0.968335,-0.240587,-0.0666719],[0.249651,0.934451,0.25392],[0.00121171,-0.262524,0.964925]],[[0.967795,-0.24954,-0.0331934],[0.124575,0.589322,-0.798236],[0.218753,0.768394,0.60143]],[[0.967795,-0.24954,-0.0331934],[-0.192818,-0.650034,-0.735035],[0.161844,0.717764,-0.677216]],[[0.967795,-0.24954,-0.0331934],[-0.251716,-0.957495,-0.140862],[0.00336817,0.144681,-0.989473]]],"btipPosition":[-59.1411,267.587,-29.8465],"carpPosition":[-45.1159,305.966,23.7617],"dipPosition":[-59.0831,270.081,-46.898],"direction":[-0.161844,-0.717764,0.677216],"extended":false,"handId":276,"id":2762,"length":61.4471,"mcpPosition":[-45.1935,322.762,-37.9738],"pipPosition":[-54.8627,288.798,-64.5578],"stabilizedTipPosition":[-71.0996,209.052,132.668],"timeVisible":0.777517,"tipPosition":[-59.1333,268.176,-33.2325],"tipVelocity":[-6.94327,52.8164,-160.669],"tool":false,"touchDistance":0.333333,"touchZone":"none","type":2,"width":17.4211},{"bases":[[[0.936365,-0.346351,0.0571008],[0.318108,0.906029,0.279138],[-0.148415,-0.243211,0.958552]],[[0.935323,-0.348016,0.0636912],[0.242811,0.500495,-0.830992],[0.257321,0.79271,0.552627]],[[0.935323,-0.348016,0.0636912],[-0.211412,-0.694122,-0.688113],[0.283683,0.630142,-0.722803]],[[0.935323,-0.348016,0.0636912],[-0.34067,-0.934489,-0.103313],[0.0954733,0.0749333,-0.992608]]],"btipPosition":[-44.9153,268.437,-19.8377],"carpPosition":[-34.0552,304.238,22.498],"dipPosition":[-43.2795,269.721,-36.8449],"direction":[-0.283683,-0.630142,0.722803],"extended":false,"handId":276,"id":2763,"length":59.0831,"mcpPosition":[-25.5298,318.208,-32.5641],"pipPosition":[-36.0729,285.729,-55.2067],"stabilizedTipPosition":[-51.6689,213.502,125.978],"timeVisible":0.777517,"tipPosition":[-44.3979,268.6,-23.751],"tipVelocity":[-13.4996,63.802,-147.626],"tool":false,"touchDistance":0.333333,"touchZone":"none","type":3,"width":16.5772},{"bases":[[[0.847376,-0.517082,0.120747],[0.445504,0.816059,0.368203],[-0.288928,-0.258213,0.921871]],[[0.855016,-0.50977,0.095299],[0.371258,0.473362,-0.798809],[0.362098,0.718375,0.593989]],[[0.855016,-0.50977,0.095299],[-0.293194,-0.62673,-0.721974],[0.427768,0.589358,-0.685326]],[[0.855016,-0.50977,0.095299],[-0.491064,-0.854912,-0.167274],[0.166744,0.0962243,-0.981294]]],"btipPosition":[-30.6905,274.294,-18.7695],"carpPosition":[-24.0047,295.949,21.7077],"dipPosition":[-28.0548,275.815,-34.2806],"direction":[-0.427768,-0.589358,0.685326],"extended":false,"handId":276,"id":2764,"length":46.32,"mcpPosition":[-8.64111,309.679,-27.3122],"pipPosition":[-20.3823,286.385,-46.5726],"stabilizedTipPosition":[-35.9833,222.941,113.184],"timeVisible":0.777517,"tipPosition":[-29.917,274.408,-21.9617],"tipVelocity":[-16.2781,65.5294,-156.757],"tool":false,"touchDistance":0.333333,"touchZone":"none","type":4,"width":14.7252}],"r":[[0.851389,-0.283704,0.44119],[0.271096,0.958057,0.0929215],[-0.449047,0.0404924,0.89259]],"s":1.03093,"t":[53.5865,119.344,-224.49],"timestamp":3164293861},false],[4,{"currentFrameRate":109.85,"devices":[],"gestures":[],"hands":[{"armBasis":[[0.931961,0.121427,-0.341621],[0.0792602,0.851221,0.518788],[0.35379,-0.510567,0.78368]],"armWidth":58.4334,"confidence":0.631279,"direction":[0.0433561,0.401168,-0.914978],"elbow":[48.6709,166.949,220.715],"grabStrength":0,"id":276,"palmNormal":[-0.0856099,-0.910978,-0.403471],"palmPosition":[-44.0774,310.292,-20.2674],"palmVelocity":[-24.7393,60.8365,-181.426],"palmWidth":83.4409,"pinchStrength":0.73092,"r":[[0.851055,-0.279379,0.444582],[0.266457,0.959369,0.0928018],[-0.452445,0.0394826,0.890918]],"s":1.03447,"sphereCenter":[-55.9683,287.397,-51.471],"sphereRadius":42.1171,"stabilizedPalmPosition":[-49.4688,258.691,120.998],"t":[53.3578,119.937,-226.207],"timeVisible":0.786665,"type":"right","wrist":[-38.9272,293.365,26.6765]}],"id":307520,"interactionBox":{"center":[0,200,0],"size":[235.247,235.247,147.751]},"pointables":[{"bases":[[[0.485572,0.854525,0.184407],[-0.779714,0.327959,0.533375],[0.395304,-0.402777,0.825533]],[[0.387788,0.921749,0.000126836],[-0.857977,0.360908,0.365541],[0.336891,-0.141861,0.930795]],[[0.387788,0.921749,0.000126836],[-0.914481,0.384747,-0.125279],[-0.115525,0.0484658,0.992121]],[[0.387788,0.921749,0.000126836],[-0.690556,0.290614,-0.662326],[-0.610535,0.256754,0.749215]]],"btipPosition":[-64.6395,285.057,-64.2912],"carpPosition":[-65.9333,285.589,25.4171],"dipPosition":[-77.7428,290.567,-48.2116],"direction":[0.115525,-0.0484658,-0.992122],"extended":false,"handId":276,"id":2760,"length":47.7925,"mcpPosition":[-65.9333,285.589,25.4171],"pipPosition":[-81.3549,292.083,-17.1911],"stabilizedTipPosition":[-87.8135,223.909,86.7564],"timeVisible":0.786665,"tipPosition":[-67.5352,285.126,-60.687],"tipVelocity":[-4.82935,91.2694,-178.702],"tool":false,"touchDistance":-0.538422,"touchZone":"hovering","type":0,"width":18.5699},{"bases":[[[0.988534,-0.0271069,-0.148547],[0.0662112,0.961951,0.265078],[0.13571,-0.271874,0.952716]],[[0.994152,-0.0408845,-0.0999525],[0.0689182,0.952774,0.295755],[0.0831404,-0.300914,0.95002]],[[0.994152,-0.0408845,-0.0999525],[0.0590452,0.980753,0.186112],[0.0904196,-0.190925,0.977431]],[[0.994152,-0.0408845,-0.0999525],[0.0504829,0.994152,0.0954685],[0.0954648,-0.0999561,0.990402]]],"btipPosition":[-72.5419,341.147,-115.176],"carpPosition":[-56.6107,305.152,23.7115],"dipPosition":[-71.0462,339.581,-99.6579],"direction":[-0.0904196,0.190925,-0.977431],"extended":true,"handId":276,"id":2761,"length":53.9285,"mcpPosition":[-65.7665,323.494,-40.5643],"pipPosition":[-69.042,335.349,-77.9931],"stabilizedTipPosition":[-83.2083,283.672,11.5739],"timeVisible":0.786665,"tipPosition":[-71.6914,339.114,-111.883],"tipVelocity":[-22.0243,92.4065,-181.75],"tool":false,"touchDistance":-0.540745,"touchZone":"hovering","type":1,"width":17.738},{"bases":[[[0.971912,-0.227178,-0.0614643],[0.235345,0.937317,0.257],[-0.000773326,-0.264247,0.964455]],[[0.971307,-0.236151,-0.0281848],[0.120494,0.590814,-0.79776],[0.205044,0.771474,0.602316]],[[0.971307,-0.236151,-0.0281848],[-0.180252,-0.653668,-0.735001],[0.155148,0.718993,-0.67748]],[[0.971307,-0.236151,-0.0281848],[-0.237747,-0.96106,-0.140852],[0.00617506,0.143511,-0.989629]]],"btipPosition":[-58.7045,268.081,-31.6564],"carpPosition":[-45.5385,306.497,21.9513],"dipPosition":[-58.5981,270.554,-48.7106],"direction":[-0.155148,-0.718993,0.67748],"extended":false,"handId":276,"id":2762,"length":61.4471,"mcpPosition":[-45.489,323.404,-39.7541],"pipPosition":[-54.5523,289.304,-66.3773],"stabilizedTipPosition":[-71.0988,209.056,132.658],"timeVisible":0.786665,"tipPosition":[-58.6945,268.649,-35.1302],"tipVelocity":[8.61654,52.9991,-171.038],"tool":false,"touchDistance":0.333333,"touchZone":"none","type":2,"width":17.4211},{"bases":[[[0.940679,-0.333596,0.0619354],[0.304038,0.90979,0.282566],[-0.150611,-0.246973,0.957246]],[[0.939297,-0.335789,0.0704815],[0.239411,0.494293,-0.835678],[0.245773,0.801823,0.544679]],[[0.939297,-0.335789,0.0704815],[-0.201413,-0.705937,-0.679033],[0.277767,0.623618,-0.730716]],[[0.939297,-0.335789,0.0704815],[-0.328807,-0.939639,-0.0946788],[0.0980193,0.0657567,-0.99301]]],"btipPosition":[-44.6021,269.288,-20.9782],"carpPosition":[-34.448,304.923,20.7489],"dipPosition":[-42.9227,270.415,-37.9923],"direction":[-0.277767,-0.623618,0.730716],"extended":false,"handId":276,"id":2763,"length":59.0831,"mcpPosition":[-25.7964,319.11,-34.2382],"pipPosition":[-35.8664,286.257,-56.5552],"stabilizedTipPosition":[-51.6672,213.516,125.943],"timeVisible":0.786665,"tipPosition":[-44.0753,269.384,-25.1509],"tipVelocity":[0.0955467,70.8472,-141.286],"tool":false,"touchDistance":0.333333,"touchZone":"none","type":3,"width":16.5772},{"bases":[[[0.853672,-0.505646,0.124765],[0.432138,0.82141,0.372212],[-0.290691,-0.263832,0.919724]],[[0.86055,-0.499018,0.102153],[0.367855,0.470126,-0.802287],[0.352331,0.727985,0.588133]],[[0.86055,-0.499018,0.102153],[-0.28475,-0.637583,-0.715825],[0.42234,0.586915,-0.690767]],[[0.86055,-0.499018,0.102153],[-0.480455,-0.861819,-0.162574],[0.169165,0.0908235,-0.981394]]],"btipPosition":[-30.4967,275.236,-20.0714],"carpPosition":[-24.2804,296.774,20.0025],"dipPosition":[-27.8227,276.671,-35.5841],"direction":[-0.42234,-0.586915,0.690767],"extended":false,"handId":276,"id":2764,"length":46.32,"mcpPosition":[-8.82309,310.803,-28.9032],"pipPosition":[-20.2476,287.198,-47.9737],"stabilizedTipPosition":[-35.9815,222.956,113.145],"timeVisible":0.786665,"tipPosition":[-29.7025,275.33,-23.473],"tipVelocity":[-5.58051,75.3518,-152.748],"tool":false,"touchDistance":0.333333,"touchZone":"none","type":4,"width":14.7252}],"r":[[0.851055,-0.279379,0.444582],[0.266457,0.959369,0.0928018],[-0.452445,0.0394826,0.890918]],"s":1.03447,"t":[53.3578,119.937,-226.207],"timestamp":3164303009},false],[5,{"currentFrameRate":110.013,"devices":[],"gestures":[],"hands":[{"armBasis":[[0.93294,0.126368,-0.337125],[0.0722258,0.851652,0.519107],[0.352712,-0.508645,0.785413]],"armWidth":58.4334,"confidence":0.640768,"direction":[0.0444207,0.403248,-0.914012],"elbow":[48.1581,167.654,220.359],"grabStrength":0,"id":276,"palmNormal":[-0.0785488,-0.910673,-0.405593],"palmPosition":[-44.2463,310.583,-21.0382],"palmVelocity":[-23.2472,53.3548,-156.148],"palmWidth":83.4409,"pinchStrength":0.72128,"r":[[0.850756,-0.275064,0.447832],[0.261507,0.960684,0.0932741],[-0.455882,0.0377579,0.889239]],"s":1.03836,"sphereCenter":[-56.5307,288.049,-52.2904],"sphereRadius":42.2407,"stabilizedPalmPosition":[-49.4679,258.701,120.971],"t":[53.159,120.379,-227.451],"timeVisible":0.795465,"type":"right","wrist":[-39.1731,293.594,25.8916]}],"id":307521,"interactionBox":{"center":[0,200,0],"size":[235.247,235.247,147.751]},"pointables":[{"bases":[[[0.47968,0.857077,0.187952],[-0.783718,0.322171,0.531029],[0.39458,-0.402025,0.826246]],[[0.385351,0.922727,0.00890775],[-0.858598,0.354999,0.369846],[0.338104,-0.150169,0.92905]],[[0.385351,0.922727,0.00890775],[-0.915342,0.383454,-0.122933],[-0.116849,0.0392187,0.992375]],[[0.385351,0.922727,0.00890775],[-0.685338,0.29265,-0.666834],[-0.617912,0.25086,0.745153]]],"btipPosition":[-64.6887,285.921,-65.0357],"carpPosition":[-66.1266,285.657,24.5134],"dipPosition":[-77.9502,291.305,-49.0433],"direction":[0.116849,-0.0392187,-0.992375],"extended":false,"handId":276,"id":2760,"length":47.7925,"mcpPosition":[-66.1266,285.657,24.5134],"pipPosition":[-81.6037,292.531,-18.0149],"stabilizedTipPosition":[-87.7949,223.968,86.6191],"timeVisible":0.795465,"tipPosition":[-67.5409,285.916,-61.4828],"tipVelocity":[-6.14671,92.2405,-153.969],"tool":false,"touchDistance":-0.524383,"touchZone":"hovering","type":0,"width":18.5699},{"bases":[[[0.98924,-0.02083,-0.144811],[0.0593705,0.961803,0.267227],[0.133713,-0.272949,0.952691]],[[0.994497,-0.0338414,-0.0991483],[0.0628139,0.950026,0.305785],[0.0838453,-0.31033,0.946924]],[[0.994497,-0.0338414,-0.0991483],[0.0529339,0.979016,0.19679],[0.0904081,-0.200955,0.97542]],[[0.994497,-0.0338414,-0.0991483],[0.0444044,0.993337,0.106347],[0.0948887,-0.110164,0.989374]]],"btipPosition":[-72.7313,342.1,-115.821],"carpPosition":[-56.9162,305.279,22.8821],"dipPosition":[-71.2445,340.374,-100.319],"direction":[-0.0904081,0.200955,-0.97542],"extended":true,"handId":276,"id":2761,"length":53.9285,"mcpPosition":[-65.9373,323.694,-41.3919],"pipPosition":[-69.2406,335.92,-78.6988],"stabilizedTipPosition":[-83.1715,283.869,11.1537],"timeVisible":0.795465,"tipPosition":[-71.8673,340.017,-112.551],"tipVelocity":[-21.9503,95.5671,-152.647],"tool":false,"touchDistance":-0.524734,"touchZone":"hovering","type":1,"width":17.738},{"bases":[[[0.973497,-0.221172,-0.0581872],[0.22868,0.938209,0.259749],[-0.00285731,-0.266171,0.963922]],[[0.972826,-0.230177,-0.0250672],[0.1195,0.591866,-0.797129],[0.198318,0.772472,0.603288]],[[0.972826,-0.230177,-0.0250672],[-0.173955,-0.655139,-0.735209],[0.152806,0.719591,-0.677377]],[[0.972826,-0.230177,-0.0250672],[-0.231387,-0.962558,-0.14122],[0.00837694,0.143182,-0.989661]]],"btipPosition":[-58.5579,268.348,-32.4517],"carpPosition":[-45.8457,306.695,21.167],"dipPosition":[-58.4136,270.816,-49.5064],"direction":[-0.152806,-0.719591,0.677377],"extended":false,"handId":276,"id":2762,"length":61.4471,"mcpPosition":[-45.6629,323.725,-40.5043],"pipPosition":[-54.4288,289.58,-67.1704],"stabilizedTipPosition":[-71.098,209.059,132.647],"timeVisible":0.795465,"tipPosition":[-58.5448,268.903,-35.9915],"tipVelocity":[11.0486,46.8549,-149.311],"tool":false,"touchDistance":0.333333,"touchZone":"none","type":2,"width":17.4211},{"bases":[[[0.942439,-0.328023,0.0648818],[0.29744,0.911047,0.285523],[-0.152768,-0.24979,0.956173]],[[0.940874,-0.33049,0.0743839],[0.239092,0.492301,-0.836943],[0.239982,0.805243,0.542211]],[[0.940874,-0.33049,0.0743839],[-0.196156,-0.710534,-0.675769],[0.276187,0.621223,-0.73335]],[[0.940874,-0.33049,0.0743839],[-0.323523,-0.94174,-0.0919727],[0.100446,0.0624698,-0.992979]]],"btipPosition":[-44.5358,269.695,-21.4939],"carpPosition":[-34.7414,305.191,20.004],"dipPosition":[-42.8148,270.765,-38.5075],"direction":[-0.276187,-0.621223,0.73335],"extended":false,"handId":276,"id":2763,"length":59.0831,"mcpPosition":[-25.9659,319.539,-34.9214],"pipPosition":[-35.7986,286.546,-57.1373],"stabilizedTipPosition":[-51.665,213.532,125.899],"timeVisible":0.795465,"tipPosition":[-44.0032,269.764,-25.7648],"tipVelocity":[2.39335,63.8033,-119.008],"tool":false,"touchDistance":0.333333,"touchZone":"none","type":3,"width":16.5772},{"bases":[[[0.856236,-0.500721,0.127038],[0.42573,0.823265,0.375485],[-0.292599,-0.26742,0.918081]],[[0.862471,-0.494711,0.106793],[0.366404,0.464779,-0.806057],[0.34913,0.73433,0.582123]],[[0.862471,-0.494711,0.106793],[-0.282424,-0.64555,-0.709579],[0.419977,0.58183,-0.696486]],[[0.862471,-0.494711,0.106793],[-0.47661,-0.864901,-0.157448],[0.170257,0.0848956,-0.981736]]],"btipPosition":[-30.5078,275.736,-20.4032],"carpPosition":[-24.5218,297.105,19.2806],"dipPosition":[-27.8166,277.078,-35.9212],"direction":[-0.419977,-0.58183,0.696486],"extended":false,"handId":276,"id":2764,"length":46.32,"mcpPosition":[-8.96307,311.325,-29.5378],"pipPosition":[-20.2838,287.514,-48.4134],"stabilizedTipPosition":[-35.9792,222.976,113.093],"timeVisible":0.795465,"tipPosition":[-29.7021,275.809,-23.9855],"tipVelocity":[-4.29437,69.7181,-121.793],"tool":false,"touchDistance":0.333333,"touchZone":"none","type":4,"width":14.7252}],"r":[[0.850756,-0.275064,0.447832],[0.261507,0.960684,0.0932741],[-0.455882,0.0377579,0.889239]],"s":1.03836,"t":[53.159,120.379,-227.451],"timestamp":3164311809},false],[6,{"currentFrameRate":109.931,"devices":[],"gestures":[],"hands":[{"armBasis":[[0.934335,0.134578,-0.33001],[0.0618873,0.850632,0.522106],[0.350981,-0.508245,0.786447]],"armWidth":58.4334,"confidence":0.643281,"direction":[0.0443714,0.407851,-0.91197],"elbow":[47.5716,167.988,219.937],"grabStrength":0,"id":276,"palmNormal":[-0.0680452,-0.909515,-0.410063],"palmPosition":[-44.3705,310.984,-21.6601],"palmVelocity":[-20.492,50.554,-131.195],"palmWidth":83.4409,"pinchStrength":0.700607,"r":[[0.850635,-0.270382,0.450902],[0.255605,0.962129,0.0947336],[-0.45944,0.0346693,0.887532]],"s":1.04284,"sphereCenter":[-56.9354,288.842,-53.0087],"sphereRadius":42.3692,"stabilizedPalmPosition":[-49.4667,258.713,120.937],"t":[52.9975,120.8,-228.384],"timeVisible":0.804707,"type":"right","wrist":[-39.331,293.829,25.2131]}],"id":307522,"interactionBox":{"center":[0,200,0],"size":[235.247,235.247,147.751]},"pointables":[{"bases":[[[0.470587,0.860787,0.193889],[-0.78902,0.312163,0.529152],[0.394962,-0.401994,0.826078]],[[0.379166,0.925121,0.0196183],[-0.860868,0.344898,0.374101],[0.339323,-0.158735,0.92718]],[[0.379166,0.925121,0.0196183],[-0.918037,0.37875,-0.11729],[-0.115938,0.0264622,0.992904]],[[0.379166,0.925121,0.0196183],[-0.684883,0.294834,-0.66634],[-0.622229,0.239217,0.74539]]],"btipPosition":[-64.7543,286.944,-65.801],"carpPosition":[-66.2006,285.639,23.6841],"dipPosition":[-78.1085,292.078,-49.8035],"direction":[0.115938,-0.0264622,-0.992904],"extended":false,"handId":276,"id":2760,"length":47.7925,"mcpPosition":[-66.2006,285.639,23.6841],"pipPosition":[-81.7335,292.906,-18.7586],"stabilizedTipPosition":[-87.768,224.054,86.4188],"timeVisible":0.804707,"tipPosition":[-67.5075,286.851,-62.2483],"tipVelocity":[-7.06141,95.6824,-133.948],"tool":false,"touchDistance":-0.511739,"touchZone":"hovering","type":0,"width":18.5699},{"bases":[[[0.989996,-0.0106321,-0.140696],[0.0489566,0.961093,0.271851],[0.132332,-0.276019,0.951999]],[[0.994906,-0.0229112,-0.0981692],[0.0531903,0.946546,0.318152],[0.0856325,-0.321753,0.942943]],[[0.994906,-0.0229112,-0.0981692],[0.0431325,0.976937,0.209128],[0.0911137,-0.212297,0.972948]],[[0.994906,-0.0229112,-0.0981692],[0.034525,0.992379,0.118291],[0.0947109,-0.121078,0.988114]]],"btipPosition":[-72.9784,343.257,-116.243],"carpPosition":[-57.1733,305.357,22.1813],"dipPosition":[-71.4945,341.36,-100.761],"direction":[-0.0911137,0.212297,-0.972948],"extended":true,"handId":276,"id":2761,"length":53.9285,"mcpPosition":[-66.1012,323.978,-42.046],"pipPosition":[-69.475,336.655,-79.196],"stabilizedTipPosition":[-83.1227,284.142,10.5799],"timeVisible":0.804707,"tipPosition":[-72.0892,341.142,-112.999],"tipVelocity":[-23.3158,102.693,-122.763],"tool":false,"touchDistance":-0.507003,"touchZone":"hovering","type":1,"width":17.738},{"bases":[[[0.975824,-0.211512,-0.0550529],[0.218516,0.939166,0.264986],[-0.00434385,-0.27061,0.962679]],[[0.975109,-0.220614,-0.0222045],[0.115276,0.589955,-0.799165],[0.189406,0.776713,0.600701]],[[0.975109,-0.220614,-0.0222045],[-0.166255,-0.661218,-0.731539],[0.146705,0.717022,-0.681438]],[[0.975109,-0.220614,-0.0222045],[-0.221546,-0.965351,-0.137892],[0.00898576,0.139379,-0.990198]]],"btipPosition":[-58.1845,268.769,-32.7899],"carpPosition":[-46.1099,306.887,20.5198],"dipPosition":[-58.0297,271.171,-49.8539],"direction":[-0.146705,-0.717022,0.681438],"extended":false,"handId":276,"id":2762,"length":61.4471,"mcpPosition":[-45.832,324.201,-41.072],"pipPosition":[-54.204,289.869,-67.6238],"stabilizedTipPosition":[-71.0969,209.065,132.633],"timeVisible":0.804707,"tipPosition":[-58.1776,269.292,-36.5635],"tipVelocity":[19.3657,46.0314,-117.724],"tool":false,"touchDistance":0.333333,"touchZone":"none","type":2,"width":17.4211},{"bases":[[[0.945281,-0.319221,0.0673953],[0.287426,0.91255,0.290929],[-0.154372,-0.255638,0.954368]],[[0.943583,-0.321926,0.077558],[0.237529,0.494826,-0.835899],[0.23072,0.807162,0.543376]],[[0.943583,-0.321926,0.077558],[-0.187566,-0.712627,-0.676004],[0.272894,0.623319,-0.732805]],[[0.943583,-0.321926,0.077558],[-0.314588,-0.944608,-0.093537],[0.103374,0.063861,-0.99259]]],"btipPosition":[-44.276,270.179,-22.0653],"carpPosition":[-34.9867,305.495,19.3972],"dipPosition":[-42.5048,271.274,-39.0722],"direction":[-0.272894,-0.623318,0.732805],"extended":false,"handId":276,"id":2763,"length":59.0831,"mcpPosition":[-26.1191,320.18,-35.4245],"pipPosition":[-35.5723,287.108,-57.6881],"stabilizedTipPosition":[-51.6617,213.556,125.834],"timeVisible":0.804707,"tipPosition":[-43.7334,270.249,-26.3959],"tipVelocity":[9.96435,60.7773,-102.903],"tool":false,"touchDistance":0.333333,"touchZone":"none","type":3,"width":16.5772},{"bases":[[[0.860488,-0.493025,0.128398],[0.416177,0.825596,0.381035],[-0.293864,-0.27444,0.915602]],[[0.866152,-0.48748,0.110197],[0.363899,0.464004,-0.807637],[0.342575,0.739637,0.579291]],[[0.866152,-0.48748,0.110197],[-0.277032,-0.651816,-0.705967],[0.415973,0.580947,-0.699619]],[[0.866152,-0.48748,0.110197],[-0.469421,-0.869193,-0.155396],[0.171535,0.0828673,-0.981687]]],"btipPosition":[-30.3411,276.392,-20.7243],"carpPosition":[-24.6866,297.512,18.6805],"dipPosition":[-27.6297,277.702,-36.2415],"direction":[-0.415973,-0.580947,0.699619],"extended":false,"handId":276,"id":2764,"length":46.32,"mcpPosition":[-9.06059,312.105,-30.0061],"pipPosition":[-20.1688,288.122,-48.7899],"stabilizedTipPosition":[-35.9753,2