{"sensorType":"Leap","data":[[0,{"currentFrameRate":110.294,"devices":[],"gestures":[],"hands":[{"armBasis":[[0.929589,0.155492,-0.334194],[0.0696332,0.816258,0.573475],[0.36196,-0.556367,0.747958]],"armWidth":58.4334,"confidence":0.487529,"direction":[0.0536313,0.478235,-0.876593],"elbow":[42.9841,163.374,215.282],"grabStrength":0,"id":275,"palmNormal":[-0.0759068,-0.873364,-0.481118],"palmPosition":[-51.2417,321.998,-15.3],"palmVelocity":[-10.049,30.729,-133.966],"palmWidth":83.4409,"pinchStrength":0.639793,"r":[[0.924967,-0.0224415,0.379385],[-0.0685637,0.972022,0.224661],[-0.373812,-0.233816,0.897549]],"s":1.09,"sphereCenter":[-59.6442,297.283,-49.7392],"sphereRadius":42.9906,"stabilizedPalmPosition":[-44.9392,283.25,103.228],"t":[14.6056,138.575,-194.152],"timeVisible":0.813473,"type":"right","wrist":[-46.6368,301.13,30.0884]}],"id":306659,"interactionBox":{"center":[0,200,0],"size":[235.247,235.247,147.751]},"pointables":[{"bases":[[[0.479014,0.837321,0.263513],[-0.788294,0.278259,0.548784],[0.386184,-0.470601,0.793345]],[[0.374162,0.924828,0.0685309],[-0.868108,0.323305,0.376645],[0.326176,-0.200419,0.923819]],[[0.374162,0.924828,0.0685309],[-0.915605,0.380139,-0.131004],[-0.147207,-0.0137307,0.98901]],[[0.374162,0.924828,0.0685309],[-0.813381,0.362772,-0.454761],[-0.445437,0.114413,0.887973]]],"btipPosition":[-74.355,300.542,-64.4709],"carpPosition":[-73.5866,293.394,27.7987],"dipPosition":[-83.9149,302.997,-45.4134],"direction":[0.147207,0.0137307,-0.98901],"extended":false,"handId":275,"id":2750,"length":47.7925,"mcpPosition":[-73.5866,293.394,27.7987],"pipPosition":[-88.5176,302.568,-14.4902],"stabilizedTipPosition":[-81.8616,256.015,60.4953],"timeVisible":0.813473,"tipPosition":[-76.2661,299.927,-60.2464],"tipVelocity":[16.7658,46.8125,-142.435],"tool":false,"touchDistance":-0.534159,"touchZone":"touching","type":0,"width":18.5699},{"bases":[[[0.990542,-0.0107348,-0.136793],[0.0581109,0.935935,0.347344],[0.124301,-0.352008,0.927707]],[[0.994941,-0.025735,-0.0971103],[0.057003,0.940577,0.334763],[0.0827245,-0.338605,0.937285]],[[0.994941,-0.025735,-0.0971103],[0.0460869,0.975839,0.213577],[0.0892676,-0.216972,0.972088]],[[0.994941,-0.025735,-0.0971103],[0.036833,0.992765,0.114281],[0.0934667,-0.117279,0.988691]]],"btipPosition":[-79.4233,356.799,-108.651],"carpPosition":[-64.335,313.064,27.9019],"dipPosition":[-77.9589,354.962,-93.1601],"direction":[-0.0892676,0.216972,-0.972088],"extended":true,"handId":275,"id":2751,"length":53.9285,"mcpPosition":[-72.7211,336.812,-34.6866],"pipPosition":[-75.9802,350.153,-71.6137],"stabilizedTipPosition":[-84.3081,314.314,-3.7653],"timeVisible":0.813473,"tipPosition":[-78.5065,354.886,-105.41],"tipVelocity":[1.02115,56.7662,-135.955],"tool":false,"touchDistance":-0.530567,"touchZone":"hovering","type":1,"width":17.738},{"bases":[[[0.973711,-0.21759,-0.0673946],[0.227452,0.912691,0.3395],[-0.0123613,-0.345904,0.938188]],[[0.972794,-0.228723,-0.036851],[0.118579,0.628226,-0.768941],[0.199025,0.743651,0.638257]],[[0.972794,-0.228723,-0.036851],[-0.0980501,-0.262355,-0.959977],[0.2099,0.937473,-0.277643]],[[0.972794,-0.228723,-0.036851],[-0.182366,-0.657907,-0.730685],[0.14288,0.717527,-0.681719]]],"btipPosition":[-69.189,267.044,-42.8337],"carpPosition":[-53.2469,314.595,26.4149],"dipPosition":[-66.7268,279.409,-54.5817],"direction":[-0.2099,-0.937473,0.277643],"extended":false,"handId":275,"id":2752,"length":61.4471,"mcpPosition":[-52.456,336.726,-33.61],"pipPosition":[-61.2532,303.856,-61.8218],"stabilizedTipPosition":[-71.9035,228.693,83.1525],"timeVisible":0.813473,"tipPosition":[-68.6139,270.021,-46.0633],"tipVelocity":[36.7471,8.66516,-89.0646],"tool":false,"touchDistance":0.333333,"touchZone":"none","type":2,"width":17.4211},{"bases":[[[0.941343,-0.3343,0.0460022],[0.295928,0.883321,0.363552],[-0.16217,-0.328614,0.930437]],[[0.942234,-0.33246,0.0408071],[0.217631,0.515029,-0.829085],[0.254621,0.790073,0.557632]],[[0.942234,-0.33246,0.0408071],[-0.0901021,-0.368909,-0.925088],[0.322609,0.867973,-0.377554]],[[0.942234,-0.33246,0.0408071],[-0.218807,-0.703166,-0.676521],[0.25361,0.628513,-0.735292]]],"btipPosition":[-55.7917,266.856,-28.8713],"carpPosition":[-42.1339,313.17,25.2339],"dipPosition":[-51.4464,277.625,-41.4696],"direction":[-0.322609,-0.867973,0.377554],"extended":false,"handId":275,"id":2753,"length":59.0831,"mcpPosition":[-32.8184,332.046,-28.2132],"pipPosition":[-43.2509,299.675,-51.0609],"stabilizedTipPosition":[-54.5095,223.22,94.8807],"timeVisible":0.813473,"tipPosition":[-54.6368,269.477,-32.9598],"tipVelocity":[25.5716,24.9026,-81.2933],"tool":false,"touchDistance":0.333333,"touchZone":"none","type":3,"width":16.5772},{"bases":[[[0.854325,-0.511411,0.092675],[0.423241,0.788046,0.447046],[-0.301656,-0.342698,0.889697]],[[0.869074,-0.492583,0.0455216],[0.325196,0.499547,-0.802932],[0.372771,0.712611,0.594329]],[[0.869074,-0.492583,0.0455216],[-0.129068,-0.314624,-0.940401],[0.477547,0.811402,-0.337008]],[[0.869074,-0.492583,0.0455216],[-0.315779,-0.623252,-0.71543],[0.38078,0.607387,-0.6972]]],"btipPosition":[-42.5499,276.113,-25.5838],"carpPosition":[-31.9188,305.151,23.9317],"dipPosition":[-36.531,285.714,-36.6043],"direction":[-0.477547,-0.811402,0.337008],"extended":false,"handId":275,"id":2754,"length":46.32,"mcpPosition":[-15.8784,323.374,-23.3774],"pipPosition":[-27.9657,300.267,-42.6489],"stabilizedTipPosition":[-40.0882,235.831,89.8985],"timeVisible":0.813473,"tipPosition":[-40.966,278.328,-28.7581],"tipVelocity":[17.6832,35.2038,-91.4514],"tool":false,"touchDistance":0.333333,"touchZone":"none","type":4,"width":14.7252}],"r":[[0.924967,-0.0224415,0.379385],[-0.0685637,0.972022,0.224661],[-0.373812,-0.233816,0.897549]],"s":1.09,"t":[14.6056,138.575,-194.152],"timestamp":3156366809},false],[1,{"currentFrameRate":110.293,"devices":[],"gestures":[],"hands":[{"armBasis":[[0.931013,0.156821,-0.329579],[0.0652555,0.816921,0.573046],[0.359105,-0.55502,0.750331]],"armWidth":58.4334,"confidence":0.505808,"direction":[0.054207,0.478859,-0.876217],"elbow":[42.2478,163.652,215.46],"grabStrength":0,"id":275,"palmNormal":[-0.0714899,-0.873394,-0.481739],"palmPosition":[-51.2273,321.948,-15.7111],"palmVelocity":[-6.83167,20.7075,-109.469],"palmWidth":83.4409,"pinchStrength":0.610839,"r":[[0.923446,-0.0182325,0.383294],[-0.0739412,0.971696,0.224363],[-0.376536,-0.235529,0.895961]],"s":1.09603,"sphereCenter":[-59.9904,297.467,-50.112],"sphereRadius":43.0466,"stabilizedPalmPosition":[-44.9395,283.252,103.221],"t":[14.5677,138.696,-194.94],"timeVisible":0.822542,"type":"right","wrist":[-46.6663,301.074,29.6791]}],"id":306660,"interactionBox":{"center":[0,200,0],"size":[235.247,235.247,147.751]},"pointables":[{"bases":[[[0.475295,0.838913,0.265178],[-0.790732,0.275141,0.546846],[0.385795,-0.469598,0.794129]],[[0.372648,0.925065,0.0734061],[-0.868752,0.319968,0.378008],[0.326195,-0.204636,0.922887]],[[0.372648,0.925065,0.0734061],[-0.916469,0.379292,-0.127367],[-0.145665,-0.0198111,0.989136]],[[0.372648,0.925065,0.0734061],[-0.814455,0.363949,-0.451889],[-0.444743,0.10861,0.889049]]],"btipPosition":[-74.4143,300.898,-64.9391],"carpPosition":[-73.5818,293.242,27.3149],"dipPosition":[-83.9593,303.229,-45.8585],"direction":[0.145665,0.0198111,-0.989136],"extended":false,"handId":275,"id":2750,"length":47.7925,"mcpPosition":[-73.5818,293.242,27.3149],"pipPosition":[-88.5138,302.609,-14.9313],"stabilizedTipPosition":[-81.8594,256.033,60.4461],"timeVisible":0.822542,"tipPosition":[-76.2499,300.231,-60.6951],"tipVelocity":[10.4309,43.8435,-117.177],"tool":false,"touchDistance":-0.516019,"touchZone":"touching","type":0,"width":18.5699},{"bases":[[[0.99093,-0.00709292,-0.134194],[0.0538197,0.935967,0.34795],[0.123133,-0.352016,0.927859]],[[0.99505,-0.0211188,-0.0971025],[0.0531856,0.938602,0.340878],[0.0839416,-0.344356,0.935079]],[[0.99505,-0.0211188,-0.0971025],[0.0420121,0.974937,0.218477],[0.0900548,-0.221475,0.970999]],[[0.99505,-0.0211188,-0.0971025],[0.0325691,0.992492,0.117892],[0.0938837,-0.120471,0.988267]]],"btipPosition":[-79.4831,357.058,-108.994],"carpPosition":[-64.4017,312.945,27.4519],"dipPosition":[-78.0122,355.17,-93.5093],"direction":[-0.0900548,0.221475,-0.970999],"extended":true,"handId":275,"id":2751,"length":53.9285,"mcpPosition":[-72.709,336.694,-35.1469],"pipPosition":[-76.0161,350.261,-71.9871],"stabilizedTipPosition":[-84.2972,314.403,-3.9794],"timeVisible":0.822542,"tipPosition":[-78.5509,355.147,-105.762],"tipVelocity":[-1.03843,48.5957,-108.868],"tool":false,"touchDistance":-0.511005,"touchZone":"hovering","type":1,"width":17.738},{"bases":[[[0.974664,-0.214041,-0.0649407],[0.223264,0.913338,0.34054],[-0.0135768,-0.346411,0.937985]],[[0.973714,-0.22514,-0.0345507],[0.115019,0.616929,-0.778569],[0.196602,0.754129,0.626607]],[[0.973714,-0.22514,-0.0345507],[-0.0982338,-0.278222,-0.95548],[0.205504,0.933758,-0.293025]],[[0.973714,-0.22514,-0.0345507],[-0.180031,-0.667779,-0.72226],[0.139537,0.709495,-0.690758]]],"btipPosition":[-68.9003,266.77,-42.1689],"carpPosition":[-53.3153,314.517,25.9948],"dipPosition":[-66.4957,278.997,-54.0727],"direction":[-0.205504,-0.933758,0.293025],"extended":false,"handId":275,"id":2752,"length":61.4471,"mcpPosition":[-52.4466,336.68,-34.017],"pipPosition":[-61.1367,303.347,-61.7139],"stabilizedTipPosition":[-71.9026,228.703,83.1214],"timeVisible":0.822542,"tipPosition":[-68.3324,269.78,-45.7094],"tipVelocity":[34.9857,-3.03209,-45.2842],"tool":false,"touchDistance":0.333333,"touchZone":"none","type":2,"width":17.4211},{"bases":[[[0.94242,-0.330924,0.048314],[0.291782,0.884203,0.364757],[-0.163426,-0.329657,0.929848]],[[0.943177,-0.329372,0.0439453],[0.216762,0.509618,-0.832649],[0.251855,0.794861,0.552055]],[[0.943177,-0.329372,0.0439453],[-0.0887249,-0.377074,-0.921923],[0.320226,0.865638,-0.384871]],[[0.943177,-0.329372,0.0439453],[-0.216186,-0.70867,-0.671603],[0.25235,0.62394,-0.739607]]],"btipPosition":[-55.5843,266.82,-28.7407],"carpPosition":[-42.1942,313.132,24.8423],"dipPosition":[-51.2606,277.511,-41.413],"direction":[-0.320226,-0.865638,0.384871],"extended":false,"handId":275,"id":2753,"length":59.0831,"mcpPosition":[-32.8065,332.069,-28.5709],"pipPosition":[-43.1257,299.501,-51.1901],"stabilizedTipPosition":[-54.5095,223.234,94.8423],"timeVisible":0.822542,"tipPosition":[-54.4319,269.416,-32.9138],"tipVelocity":[24.6718,16.377,-55.3648],"tool":false,"touchDistance":0.333333,"touchZone":"none","type":3,"width":16.5772},{"bases":[[[0.855919,-0.50837,0.094672],[0.419218,0.789347,0.448539],[-0.302753,-0.344225,0.888735]],[[0.870667,-0.489548,0.0477646],[0.324652,0.499002,-0.803491],[0.369513,0.71508,0.593397]],[[0.870667,-0.489548,0.0477646],[-0.12689,-0.317368,-0.939775],[0.475224,0.81217,-0.33844]],[[0.870667,-0.489548,0.0477646],[-0.312642,-0.625762,-0.714616],[0.379729,0.60726,-0.697884]]],"btipPosition":[-42.3557,276.103,-25.8345],"carpPosition":[-31.9468,305.151,23.5631],"dipPosition":[-36.3534,285.701,-36.8658],"direction":[-0.475224,-0.81217,0.33844],"extended":false,"handId":275,"id":2754,"length":46.32,"mcpPosition":[-15.8481,323.455,-23.6948],"pipPosition":[-27.8298,300.268,-42.9361],"stabilizedTipPosition":[-40.0884,235.842,89.8692],"timeVisible":0.822542,"tipPosition":[-40.7798,278.32,-29.0294],"tipVelocity":[18.599,25.1439,-73.8925],"tool":false,"touchDistance":0.333333,"touchZone":"none","type":4,"width":14.7252}],"r":[[0.923446,-0.0182325,0.383294],[-0.0739412,0.971696,0.224363],[-0.376536,-0.235529,0.895961]],"s":1.09603,"t":[14.5677,138.696,-194.94],"timestamp":3156375878},false],[2,{"currentFrameRate":110.329,"devices":[],"gestures":[],"hands":[{"armBasis":[[0.932445,0.158634,-0.324624],[0.0612304,0.816088,0.574675],[0.356085,-0.55573,0.751244]],"armWidth":58.4334,"confidence":0.522873,"direction":[0.0547377,0.47864,-0.876303],"elbow":[41.4716,163.484,215.357],"grabStrength":0,"id":275,"palmNormal":[-0.0676387,-0.873825,-0.481512],"palmPosition":[-51.2159,321.922,-16.0598],"palmVelocity":[-4.60679,14.2265,-90.0504],"palmWidth":83.4409,"pinchStrength":0.588397,"r":[[0.922034,-0.0142585,0.386846],[-0.0789531,0.971389,0.223986],[-0.378971,-0.237065,0.894528]],"s":1.10219,"sphereCenter":[-60.4273,297.662,-50.415],"sphereRadius":43.115,"stabilizedPalmPosition":[-44.9398,283.254,103.216],"t":[14.5545,138.743,-195.508],"timeVisible":0.831542,"type":"right","wrist":[-46.6947,301.083,29.3502]}],"id":306661,"interactionBox":{"center":[0,200,0],"size":[235.247,235.247,147.751]},"pointables":[{"bases":[[[0.47205,0.840515,0.265902],[-0.792855,0.272904,0.54489],[0.385422,-0.468037,0.79523]],[[0.371759,0.925079,0.0776177],[-0.868969,0.317351,0.379711],[0.326631,-0.208608,0.921843]],[[0.371759,0.925079,0.0776177],[-0.917166,0.37893,-0.123362],[-0.143531,-0.0253276,0.989322]],[[0.371759,0.925079,0.0776177],[-0.814892,0.36524,-0.450056],[-0.444686,0.104062,0.889621]]],"btipPosition":[-74.5004,301.273,-65.2972],"carpPosition":[-73.5801,293.165,26.9271],"dipPosition":[-84.0442,303.506,-46.2042],"direction":[0.143531,0.0253276,-0.989322],"extended":false,"handId":275,"id":2750,"length":47.7925,"mcpPosition":[-73.5801,293.165,26.9271],"pipPosition":[-88.532,302.714,-15.2713],"stabilizedTipPosition":[-81.857,256.055,60.3902],"timeVisible":0.831542,"tipPosition":[-76.2725,300.558,-61.0418],"tipVelocity":[4.94718,42.56,-95.8396],"tool":false,"touchDistance":-0.498079,"touchZone":"touching","type":0,"width":18.5699},{"bases":[[[0.991255,-0.00404863,-0.131896],[0.0500827,0.936284,0.347654],[0.122084,-0.35122,0.9283]],[[0.995063,-0.0169133,-0.0977978],[0.049971,0.936741,0.346438],[0.0857518,-0.349614,0.932961]],[[0.995063,-0.0169133,-0.0977978],[0.038511,0.973966,0.223399],[0.0914733,-0.226062,0.969809]],[[0.995063,-0.0169133,-0.0977978],[0.0288533,0.992111,0.121996],[0.0949629,-0.124216,0.987701]]],"btipPosition":[-79.5923,357.323,-109.28],"carpPosition":[-64.462,312.897,27.0766],"dipPosition":[-78.1044,355.377,-93.8045],"direction":[-0.0914733,0.226062,-0.969809],"extended":true,"handId":275,"id":2751,"length":53.9285,"mcpPosition":[-72.6985,336.592,-35.5519],"pipPosition":[-76.0769,350.366,-72.3087],"stabilizedTipPosition":[-84.2868,314.491,-4.19058],"timeVisible":0.831542,"tipPosition":[-78.6386,355.406,-106.06],"tipVelocity":[-3.96622,42.9418,-87.7723],"tool":false,"touchDistance":-0.492564,"touchZone":"hovering","type":1,"width":17.738},{"bases":[[[0.975477,-0.211016,-0.0625876],[0.219613,0.914183,0.340647],[-0.0146656,-0.346038,0.938106]],[[0.974495,-0.222073,-0.0322815],[0.112946,0.609673,-0.784565],[0.193912,0.760909,0.619206]],[[0.974495,-0.222073,-0.0322815],[-0.0972792,-0.288411,-0.952552],[0.202226,0.931398,-0.302658]],[[0.974495,-0.222073,-0.0322815],[-0.177407,-0.67429,-0.71684],[0.137424,0.704284,-0.69649]]],"btipPosition":[-68.6518,266.584,-41.8499],"carpPosition":[-53.3772,314.503,25.6445],"dipPosition":[-66.2835,278.721,-53.8524],"direction":[-0.202226,-0.931398,0.302658],"extended":false,"handId":275,"id":2752,"length":61.4471,"mcpPosition":[-52.4389,336.642,-34.3751],"pipPosition":[-61.0101,303.009,-61.7449],"stabilizedTipPosition":[-71.899,228.742,82.9987],"timeVisible":0.831542,"tipPosition":[-68.09,269.595,-45.5362],"tipVelocity":[32.7067,-8.51536,-23.81],"tool":false,"touchDistance":0.333333,"touchZone":"none","type":2,"width":17.4211},{"bases":[[[0.943337,-0.327949,0.0506445],[0.288166,0.885273,0.365036],[-0.164548,-0.329758,0.929615]],[[0.943954,-0.326696,0.0471186],[0.216402,0.504737,-0.83571],[0.249241,0.799068,0.547146]],[[0.943954,-0.326696,0.0471186],[-0.0870755,-0.384162,-0.91915],[0.318384,0.863533,-0.391078]],[[0.943954,-0.326696,0.0471186],[-0.21363,-0.713502,-0.667292],[0.251621,0.619827,-0.743305]]],"btipPosition":[-55.4085,266.798,-28.6291],"carpPosition":[-42.2492,313.152,24.5183],"dipPosition":[-51.0973,277.418,-41.3647],"direction":[-0.318384,-0.863533,0.391078],"extended":false,"handId":275,"id":2753,"length":59.0831,"mcpPosition":[-32.7971,332.095,-28.8815],"pipPosition":[-43.0092,299.355,-51.2996],"stabilizedTipPosition":[-54.5095,223.258,94.7788],"timeVisible":0.831542,"tipPosition":[-54.2576,269.367,-32.8455],"tipVelocity":[23.1735,10.6989,-37.2024],"tool":false,"touchDistance":0.333333,"touchZone":"none","type":3,"width":16.5772},{"bases":[[[0.857284,-0.505646,0.0968816],[0.415704,0.790854,0.449155],[-0.303732,-0.344779,0.888186]],[[0.871982,-0.486942,0.0503451],[0.323859,0.49669,-0.805242],[0.3671,0.718462,0.590805]],[[0.871982,-0.486942,0.0503451],[-0.125655,-0.322031,-0.938353],[0.473136,0.811901,-0.341992]],[[0.871982,-0.486942,0.0503451],[-0.310393,-0.629479,-0.712329],[0.378554,0.605512,-0.700038]]],"btipPosition":[-42.1964,276.107,-25.9202],"carpPosition":[-31.9739,305.203,23.2664],"dipPosition":[-36.2128,285.678,-36.9855],"direction":[-0.473136,-0.811901,0.341992],"extended":false,"handId":275,"id":2754,"length":46.32,"mcpPosition":[-15.8231,323.537,-23.9623],"pipPosition":[-27.7266,300.24,-43.1194],"stabilizedTipPosition":[-40.0886,235.854,89.8349],"timeVisible":0.831542,"tipPosition":[-40.6273,278.321,-29.1574],"tipVelocity":[18.2196,18.1684,-56.4551],"tool":false,"touchDistance":0.333333,"touchZone":"none","type":4,"width":14.7252}],"r":[[0.922034,-0.0142585,0.386846],[-0.0789531,0.971389,0.223986],[-0.378971,-0.237065,0.894528]],"s":1.10219,"t":[14.5545,138.743,-195.508],"timestamp":3156384878},false],[3,{"currentFrameRate":110.25,"devices":[],"gestures":[],"hands":[{"armBasis":[[0.929418,0.17127,-0.326876],[0.0501905,0.818879,0.571767],[0.365598,-0.547817,0.752485]],"armWidth":58.4334,"confidence":0.529542,"direction":[0.0564848,0.482099,-0.874294],"elbow":[43.7047,165.816,214.042],"grabStrength":0,"id":275,"palmNormal":[-0.0562627,-0.872764,-0.48489],"palmPosition":[-51.211,322.406,-17.6436],"palmVelocity":[-3.16814,24.9687,-112.986],"palmWidth":83.4409,"pinchStrength":0.563791,"r":[[0.920354,-0.0096619,0.390967],[-0.0850509,0.970824,0.224205],[-0.381727,-0.2396,0.892679]],"s":1.10878,"sphereCenter":[-60.6694,298.484,-52.0711],"sphereRadius":43.2054,"stabilizedPalmPosition":[-44.94,283.255,103.212],"t":[14.5503,139.009,-196.584],"timeVisible":0.840752,"type":"right","wrist":[-46.8171,301.455,27.7272]}],"id":306662,"interactionBox":{"center":[0,200,0],"size":[235.247,235.247,147.751]},"pointables":[{"bases":[[[0.462461,0.843881,0.272018],[-0.799115,0.263797,0.54021],[0.384116,-0.4672,0.796354]],[[0.36488,0.926972,0.0870944],[-0.87272,0.307929,0.378866],[0.324379,-0.21425,0.921344]],[[0.36488,0.926972,0.0870944],[-0.919481,0.373468,-0.122784],[-0.146344,-0.0352802,0.988604]],[[0.36488,0.926972,0.0870944],[-0.814702,0.363163,-0.452077],[-0.450692,0.0939978,0.887717]]],"btipPosition":[-74.2117,302.193,-67.0493],"carpPosition":[-73.6112,293.3,25.0888],"dipPosition":[-83.8844,304.211,-47.9972],"direction":[0.146344,0.0352802,-0.988604],"extended":false,"handId":275,"id":2750,"length":47.7925,"mcpPosition":[-73.6112,293.3,25.0888],"pipPosition":[-88.4601,303.108,-17.0867],"stabilizedTipPosition":[-81.854,256.081,60.3207],"timeVisible":0.840752,"tipPosition":[-75.9565,301.414,-62.8068],"tipVelocity":[11.4388,57.1232,-122.558],"tool":false,"touchDistance":-0.503028,"touchZone":"touching","type":0,"width":18.5699},{"bases":[[[0.99215,0.00545336,-0.124937],[0.0390729,0.935515,0.351121],[0.118795,-0.353246,0.927958]],[[0.995534,-0.0062254,-0.0941968],[0.0395485,0.933543,0.356277],[0.0857188,-0.358412,0.92962]],[[0.995534,-0.0062254,-0.0941968],[0.0281115,0.972105,0.232855],[0.0901196,-0.234464,0.967939]],[[0.995534,-0.0062254,-0.0941968],[0.0185708,0.99124,0.130758],[0.0925577,-0.131924,0.986929]]],"btipPosition":[-79.5149,358.331,-110.78],"carpPosition":[-64.6755,313.114,25.3682],"dipPosition":[-78.0647,356.264,-95.3167],"direction":[-0.0901196,0.234464,-0.967939],"extended":true,"handId":275,"id":2751,"length":53.9285,"mcpPosition":[-72.6901,336.946,-37.2372],"pipPosition":[-76.0672,351.067,-73.8623],"stabilizedTipPosition":[-84.2751,314.59,-4.42561],"timeVisible":0.840752,"tipPosition":[-78.5359,356.391,-107.576],"tipVelocity":[-0.765934,60.6992,-108.886],"tool":false,"touchDistance":-0.494184,"touchZone":"hovering","type":1,"width":17.738},{"bases":[[[0.977782,-0.201884,-0.0564323],[0.208844,0.914986,0.345232],[-0.0180621,-0.349347,0.936819]],[[0.976696,-0.213009,-0.0262901],[0.110472,0.603961,-0.789321],[0.184011,0.768022,0.613418]],[[0.976696,-0.213009,-0.0262901],[-0.0907028,-0.298636,-0.950047],[0.194518,0.930292,-0.310997]],[[0.976696,-0.213009,-0.0262901],[-0.167737,-0.681155,-0.712666],[0.133897,0.700468,-0.701011]]],"btipPosition":[-67.9539,266.899,-42.8414],"carpPosition":[-53.5961,314.826,24.0195],"dipPosition":[-65.6465,278.97,-54.9219],"direction":[-0.194518,-0.930292,0.310997],"extended":false,"handId":275,"id":2752,"length":61.4471,"mcpPosition":[-52.4405,337.177,-35.9178],"pipPosition":[-60.574,303.23,-63.0318],"stabilizedTipPosition":[-71.8916,228.81,82.7874],"timeVisible":0.840752,"tipPosition":[-67.4004,269.925,-46.7115],"tipVelocity":[44.3385,2.98526,-47.8313],"tool":false,"touchDistance":0.333333,"touchZone":"none","type":2,"width":17.4211},{"bases":[[[0.945923,-0.319491,0.0561801],[0.277486,0.886621,0.370005],[-0.168024,-0.334407,0.927329]],[[0.946407,-0.318517,0.0534831],[0.21623,0.501857,-0.837487],[0.239913,0.804168,0.543834]],[[0.946407,-0.318517,0.0534831],[-0.0795852,-0.390475,-0.917167],[0.313017,0.863757,-0.394898]],[[0.946407,-0.318517,0.0534831],[-0.204044,-0.718012,-0.665451],[0.250359,0.618874,-0.744523]]],"btipPosition":[-54.8681,267.295,-29.7954],"carpPosition":[-42.4486,313.581,22.9671],"dipPosition":[-50.5785,277.899,-42.5519],"direction":[-0.313017,-0.863757,0.394898],"extended":false,"handId":275,"id":2753,"length":59.0831,"mcpPosition":[-32.7968,332.79,-30.3015],"pipPosition":[-42.6267,299.842,-52.5838],"stabilizedTipPosition":[-54.509,223.291,94.688],"timeVisible":0.840752,"tipPosition":[-53.711,269.866,-34.0816],"tipVelocity":[32.9639,22.7102,-62.3897],"tool":false,"touchDistance":0.333333,"touchZone":"none","type":3,"width":16.5772},{"bases":[[[0.861179,-0.498122,0.101218],[0.405292,0.793085,0.454703],[-0.306772,-0.350558,0.884873]],[[0.875957,-0.479232,0.0550998],[0.322653,0.49715,-0.805442],[0.358601,0.723311,0.590107]],[[0.875957,-0.479232,0.0550998],[-0.119683,-0.326558,-0.937569],[0.467307,0.814676,-0.343407]],[[0.875957,-0.479232,0.0550998],[-0.302016,-0.633899,-0.71201],[0.376146,0.607049,-0.700004]]],"btipPosition":[-41.7352,276.71,-27.202],"carpPosition":[-32.0925,305.73,21.761],"dipPosition":[-35.7896,286.305,-38.2668],"direction":[-0.467307,-0.814676,0.343407],"extended":false,"handId":275,"id":2754,"length":46.32,"mcpPosition":[-15.7801,324.371,-25.2916],"pipPosition":[-27.4079,300.917,-44.4262],"stabilizedTipPosition":[-40.0887,235.87,89.7893],"timeVisible":0.840752,"tipPosition":[-40.1717,278.942,-30.5118],"tipVelocity":[26.8751,31.5867,-79.615],"tool":false,"touchDistance":0.333333,"touchZone":"none","type":4,"width":14.7252}],"r":[[0.920354,-0.0096619,0.390967],[-0.0850509,0.970824,0.224205],[-0.381727,-0.2396,0.892679]],"s":1.10878,"t":[14.5503,139.009,-196.584],"timestamp":3156394088},false],[4,{"currentFrameRate":110.353,"devices":[],"gestures":[],"hands":[{"armBasis":[[0.93332,0.179134,-0.311168],[0.0363493,0.815056,0.578241],[0.357202,-0.550994,0.754196]],"armWidth":58.4334,"confidence":0.549249,"direction":[0.0563021,0.481535,-0.874617],"elbow":[41.6965,165.125,213.19],"grabStrength":0,"id":275,"palmNormal":[-0.0428769,-0.874032,-0.483973],"palmPosition":[-51.101,322.386,-18.9758],"palmVelocity":[1.0549,17.5762,-123.044],"palmWidth":83.4409,"pinchStrength":0.53557,"r":[[0.918492,-0.00370795,0.395422],[-0.0925051,0.970196,0.22397],[-0.384467,-0.242293,0.890774]],"s":1.11571,"sphereCenter":[-60.6456,298.528,-53.3903],"sphereRadius":43.3198,"stabilizedPalmPosition":[-44.9402,283.257,103.208],"t":[14.6032,139.132,-197.789],"timeVisible":0.849631,"type":"right","wrist":[-46.7464,301.55,26.452]}],"id":306663,"interactionBox":{"center":[0,200,0],"size":[235.247,235.247,147.751]},"pointables":[{"bases":[[[0.450725,0.849666,0.273706],[-0.805574,0.255063,0.534784],[0.384575,-0.461531,0.799432]],[[0.356622,0.929521,0.0938669],[-0.875953,0.297741,0.379549],[0.32485,-0.217578,0.920398]],[[0.356622,0.929521,0.0938669],[-0.92261,0.366207,-0.121176],[-0.147011,-0.0433884,0.988183]],[[0.356622,0.929521,0.0938669],[-0.814886,0.358624,-0.455356],[-0.456926,0.0858991,0.885347]]],"btipPosition":[-73.8924,302.548,-68.3741],"carpPosition":[-73.425,293.076,23.6567],"dipPosition":[-83.6989,304.392,-49.3729],"direction":[0.147011,0.0433884,-0.988183],"extended":false,"handId":275,"id":2750,"length":47.7925,"mcpPosition":[-73.425,293.076,23.6567],"pipPosition":[-88.2954,303.035,-18.4756],"stabilizedTipPosition":[-81.8507,256.108,60.2499],"timeVisible":0.849631,"tipPosition":[-75.5869,301.676,-64.152],"tipVelocity":[17.1546,51.253,-130.149],"tool":false,"touchDistance":-0.501105,"touchZone":"touching","type":0,"width":18.5699},{"bases":[[[0.992785,0.0170203,-0.118692],[0.0257917,0.936392,0.350008],[0.1171,-0.350544,0.929197]],[[0.995831,0.00657629,-0.0909754],[0.0268158,0.932213,0.360916],[0.0871819,-0.361851,0.92815]],[[0.995831,0.00657629,-0.0909754],[0.0152702,0.971301,0.237362],[0.0899255,-0.237762,0.967152]],[[0.995831,0.00657629,-0.0909754],[0.00577971,0.990844,0.13489],[0.0910295,-0.134854,0.986675]]],"btipPosition":[-79.4805,358.283,-112.189],"carpPosition":[-64.7261,312.994,23.9637],"dipPosition":[-78.0543,356.17,-96.7294],"direction":[-0.0899255,0.237762,-0.967152],"extended":true,"handId":275,"id":2751,"length":53.9285,"mcpPosition":[-72.6263,336.644,-38.7252],"pipPosition":[-76.0611,350.9,-75.2925],"stabilizedTipPosition":[-84.2657,314.669,-4.61672],"timeVisible":0.849631,"tipPosition":[-78.4751,356.342,-108.991],"tipVelocity":[0.325005,42.4456,-122.425],"tool":false,"touchDistance":-0.494244,"touchZone":"hovering","type":1,"width":17.738},{"bases":[[[0.980438,-0.190379,-0.0499802],[0.195827,0.917865,0.345218],[-0.0198472,-0.348252,0.937191]],[[0.979305,-0.201397,-0.020042],[0.106215,0.595703,-0.796151],[0.172282,0.777545,0.604766]],[[0.979305,-0.201397,-0.020042],[-0.083619,-0.312436,-0.946251],[0.184311,0.928344,-0.32281]],[[0.979305,-0.201397,-0.020042],[-0.156579,-0.691165,-0.705531],[0.12824,0.694068,-0.708396]]],"btipPosition":[-67.0209,266.578,-43.3845],"carpPosition":[-53.6594,314.835,22.6824],"dipPosition":[-64.811,278.539,-55.5923],"direction":[-0.184311,-0.928344,0.32281],"extended":false,"handId":275,"id":2752,"length":61.4471,"mcpPosition":[-52.3896,337.116,-37.2787],"pipPosition":[-60.0047,302.748,-64.0102],"stabilizedTipPosition":[-71.8772,228.919,82.4411],"timeVisible":0.849631,"tipPosition":[-66.4863,269.59,-47.4068],"tipVelocity":[60.1413,-8.4016,-52.3471],"tool":false,"touchDistance":0.333333,"touchZone":"none","type":2,"width":17.4211},{"bases":[[[0.94926,-0.308199,0.062599],[0.264642,0.890348,0.370465],[-0.169912,-0.335101,0.926735]],[[0.94964,-0.307445,0.0605155],[0.214774,0.498027,-0.840143],[0.22816,0.810831,0.538978]],[[0.94964,-0.307445,0.0605155],[-0.0708196,-0.39872,-0.914334],[0.305236,0.864002,-0.400413]],[[0.94964,-0.307445,0.0605155],[-0.192499,-0.724802,-0.661519],[0.247242,0.616555,-0.747483]]],"btipPosition":[-54.07,267.235,-30.6365],"carpPosition":[-42.4916,313.721,21.702],"dipPosition":[-49.8338,277.799,-43.4438],"direction":[-0.305236,-0.864002,0.400413],"extended":false,"handId":275,"id":2753,"length":59.0831,"mcpPosition":[-32.7313,332.97,-31.5324],"pipPosition":[-42.0796,299.748,-53.6158],"stabilizedTipPosition":[-54.5077,223.334,94.567],"timeVisible":0.849631,"tipPosition":[-52.9199,269.789,-34.9508],"tipVelocity":[48.0403,14.4383,-71.5259],"tool":false,"touchDistance":0.333333,"touchZone":"none","type":3,"width":16.5772},{"bases":[[[0.866352,-0.487759,0.10736],[0.393007,0.798447,0.456101],[-0.308188,-0.352951,0.883428]],[[0.881414,-0.468445,0.0605723],[0.318546,0.494825,-0.808503],[0.348767,0.73192,0.585367]],[[0.881414,-0.468445,0.0605723],[-0.114084,-0.335568,-0.935082],[0.458361,0.817284,-0.349217]],[[0.881414,-0.468445,0.0605723],[-0.292634,-0.642219,-0.708463],[0.370777,0.606724,-0.703144]]],"btipPosition":[-41.0391,276.777,-28.0062],"carpPosition":[-32.0359,305.992,20.5725],"dipPosition":[-35.1783,286.368,-39.1206],"direction":[-0.458361,-0.817284,0.349217],"extended":false,"handId":275,"id":2754,"length":46.32,"mcpPosition":[-15.6482,324.759,-26.4033],"pipPosition":[-26.9571,301.027,-45.3841],"stabilizedTipPosition":[-40.0886,235.891,89.7312],"timeVisible":0.849631,"tipPosition":[-39.4976,279.022,-31.3953],"tipVelocity":[40.2638,25.0451,-82.9365],"tool":false,"touchDistance":0.333333,"touchZone":"none","type":4,"width":14.7252}],"r":[[0.918492,-0.00370795,0.395422],[-0.0925051,0.970196,0.22397],[-0.384467,-0.242293,0.890774]],"s":1.11571,"t":[14.6032,139.132,-197.789],"timestamp":3156402967},false],[5,{"currentFrameRate":110.329,"devices":[],"gestures":[],"hands":[{"armBasis":[[0.935515,0.18421,-0.30146],[0.0277219,0.812394,0.58245],[0.352197,-0.553248,0.7549]],"armWidth":58.4334,"confidence":0.560435,"direction":[0.0561152,0.480599,-0.875143],"elbow":[40.5103,164.656,212.741],"grabStrength":0,"id":275,"palmNormal":[-0.0345691,-0.875064,-0.482771],"palmPosition":[-51.0266,322.373,-19.648],"palmVelocity":[3.02754,12.303,-109.391],"palmWidth":83.4409,"pinchStrength":0.510584,"r":[[0.916649,0.00252099,0.399684],[-0.100066,0.969582,0.223379],[-0.386963,-0.244755,0.889019]],"s":1.12241,"sphereCenter":[-60.8589,298.613,-54.0459],"sphereRadius":43.4307,"stabilizedPalmPosition":[-44.9403,283.257,103.205],"t":[14.6668,139.187,-198.727],"timeVisible":0.858738,"type":"right","wrist":[-46.6933,301.639,25.8286]}],"id":306664,"interactionBox":{"center":[0,200,0],"size":[235.247,235.247,147.751]},"pointables":[{"bases":[[[0.443392,0.853386,0.274109],[-0.809484,0.24993,0.531291],[0.384889,-0.457457,0.801619]],[[0.352754,0.93038,0.0997925],[-0.876539,0.291236,0.383224],[0.32748,-0.222656,0.918249]],[[0.352754,0.93038,0.0997925],[-0.924348,0.363054,-0.117352],[-0.145412,-0.0508465,0.988064]],[[0.352754,0.93038,0.0997925],[-0.814352,0.357777,-0.456975],[-0.460863,0.0799333,0.883864]]],"btipPosition":[-73.851,303.03,-68.9528],"carpPosition":[-73.2978,292.964,22.9441],"dipPosition":[-83.742,304.746,-49.9834],"direction":[0.145412,0.0508465,-0.988064],"extended":false,"handId":275,"id":2750,"length":47.7925,"mcpPosition":[-73.2978,292.964,22.9441],"pipPosition":[-88.2886,303.156,-19.0898],"stabilizedTipPosition":[-81.847,256.139,60.1675],"timeVisible":0.858738,"tipPosition":[-75.4947,302.088,-64.7529],"tipVelocity":[13.0644,50.8173,-111.899],"tool":false,"touchDistance":-0.488118,"touchZone":"touching","type":0,"width":18.5699},{"bases":[[[0.993082,0.0241637,-0.114909],[0.0175401,0.937091,0.348645],[0.116105,-0.348248,0.930184]],[[0.995792,0.0149973,-0.0904078],[0.019182,0.930557,0.365645],[0.0896133,-0.36584,0.926353]],[[0.995792,0.0149973,-0.0904078],[0.00739659,0.970148,0.242403],[0.0913443,-0.242051,0.965954]],[[0.995792,0.0149973,-0.0904078],[-0.00220877,0.99016,0.139925],[0.0916166,-0.139136,0.986026]]],"btipPosition":[-79.571,358.4,-112.858],"carpPosition":[-64.7472,312.946,23.2535],"dipPosition":[-78.1355,356.22,-97.409],"direction":[-0.0913443,0.242051,-0.965954],"extended":true,"handId":275,"id":2751,"length":53.9285,"mcpPosition":[-72.5803,336.441,-39.5021],"pipPosition":[-76.1109,350.855,-75.9986],"stabilizedTipPosition":[-84.2581,314.734,-4.77527],"timeVisible":0.858738,"tipPosition":[-78.5395,356.444,-109.67],"tipVelocity":[-2.45501,33.7601,-108.928],"tool":false,"touchDistance":-0.483228,"touchZone":"hovering","type":1,"width":17.738},{"bases":[[[0.982,-0.183216,-0.0459218],[0.187725,0.919812,0.344536],[-0.020885,-0.346955,0.937649]],[[0.980841,-0.194143,-0.0161188],[0.10348,0.589322,-0.801243],[0.165055,0.784224,0.598121]],[[0.980841,-0.194143,-0.0161188],[-0.0793218,-0.322432,-0.943263],[0.17793,0.92647,-0.331654]],[[0.980841,-0.194143,-0.0161188],[-0.149716,-0.698273,-0.7],[0.124644,0.689001,-0.713961]]],"btipPosition":[-66.4369,266.368,-43.4643],"carpPosition":[-53.6896,314.867,22.0117],"dipPosition":[-64.2889,278.242,-55.7679],"direction":[-0.17793,-0.92647,0.331654],"extended":false,"handId":275,"id":2752,"length":61.4471,"mcpPosition":[-52.3534,337.065,-37.9787],"pipPosition":[-59.649,302.402,-64.4165],"stabilizedTipPosition":[-71.8489,229.11,81.8291],"timeVisible":0.858738,"tipPosition":[-65.9153,269.357,-47.5607],"tipVelocity":[60.8137,-13.0796,-40.9298],"tool":false,"touchDistance":0.333333,"touchZone":"none","type":2,"width":17.4211},{"bases":[[[0.951259,-0.301091,0.0667205],[0.256643,0.892843,0.37009],[-0.171001,-0.334927,0.926597]],[[0.951617,-0.300384,0.0647668],[0.2144,0.498057,-0.840221],[0.220131,0.813455,0.538362]],[[0.951617,-0.300384,0.0647668],[-0.0643659,-0.400947,-0.913837],[0.30047,0.865454,-0.400883]],[[0.951617,-0.300384,0.0647668],[-0.184631,-0.727411,-0.660897],[0.245635,0.616963,-0.747677]]],"btipPosition":[-53.5484,267.187,-31.2142],"carpPosition":[-42.5101,313.834,21.0759],"dipPosition":[-49.3397,277.758,-44.0248],"direction":[-0.30047,-0.865454,0.400883],"extended":false,"handId":275,"id":2753,"length":59.0831,"mcpPosition":[-32.6873,333.073,-32.1506],"pipPosition":[-41.7066,299.744,-54.2087],"stabilizedTipPosition":[-54.5052,223.395,94.3997],"timeVisible":0.858738,"tipPosition":[-52.4037,269.737,-35.4981],"tipVelocity":[50.4088,9.00757,-69.3055],"tool":false,"touchDistance":0.333333,"touchZone":"none","type":3,"width":16.5772},{"bases":[[[0.869505,-0.481188,0.111443],[0.385352,0.802022,0.456361],[-0.308975,-0.353863,0.882788]],[[0.884724,-0.461662,0.0642769],[0.316255,0.49324,-0.810368],[0.342413,0.73728,0.582384]],[[0.884724,-0.461662,0.0642769],[-0.1103,-0.34134,-0.933446],[0.452877,0.818752,-0.352913]],[[0.884724,-0.461662,0.0642769],[-0.286643,-0.647615,-0.705996],[0.367558,0.606187,-0.705293]]],"btipPosition":[-40.5996,276.823,-28.3491],"carpPosition":[-31.9935,306.18,19.9985],"dipPosition":[-34.7897,286.405,-39.4974],"direction":[-0.452877,-0.818752,0.352913],"extended":false,"handId":275,"id":2754,"length":46.32,"mcpPosition":[-15.5639,324.997,-26.9432],"pipPosition":[-26.6669,301.09,-45.8273],"stabilizedTipPosition":[-40.088,235.921,89.6473],"timeVisible":0.858738,"tipPosition":[-39.0756,279.069,-31.7642],"tipVelocity":[42.1255,19.4234,-70.6152],"tool":false,"touchDistance":0.333333,"touchZone":"none","type":4,"width":14.7252}],"r":[[0.916649,0.00252099,0.399684],[-0.100066,0.969582,0.223379],[-0.386963,-0.244755,0.889019]],"s":1.12241,"t":[14.6668,139.187,-198.727],"timestamp":3156412074},false],[6,{"currentFrameRate":110.38,"devices":[],"gestures":[],"hands":[{"armBasis":[[0.933229,0.191903,-0.303738],[0.0214279,0.814169,0.580233],[0.358643,-0.547999,0.755694]],"armWidth":58.4334,"confidence":0.563065,"direction":[0.0574562,0.48179,-0.874401],"elbow":[42.1099,166.207,211.777],"grabStrength":0,"id":275,"palmNormal":[-0.0281534,-0.874718,-0.483814],"palmPosition":[-50.932,322.65,-20.8051],"palmVelocity":[5.08694,17.4026,-114.762],"palmWidth":83.4409,"pinchStrength":0.489289,"r":[[0.914779,0.00832231,0.40387],[-0.107264,0.968901,0.222992],[-0.389454,-0.247309,0.887223]],"s":1.12924,"sphereCenter":[-61.1937,299.142,-55.2187],"sphereRadius":43.5584,"stabilizedPalmPosition":[-44.9404,283.258,103.203],"t":[14.746,139.353,-199.774],"timeVisible":0.867707,"type":"right","wrist":[-46.6897,301.891,24.6682]}],"id":306665,"interactionBox":{"center":[0,200,0],"size":[235.247,235.247,147.751]},"pointables":[{"bases":[[[0.437966,0.855292,0.276878],[-0.812977,0.245344,0.528085],[0.383737,-0.456379,0.802786]],[[0.350116,0.930616,0.10664],[-0.87726,0.285853,0.385621],[0.328382,-0.228563,0.916474]],[[0.350116,0.930616,0.10664],[-0.925347,0.361297,-0.114883],[-0.14544,-0.0584565,0.987639]],[[0.350116,0.930616,0.10664],[-0.813684,0.358555,-0.457555],[-0.464044,0.0734261,0.882764]]],"btipPosition":[-73.7634,303.801,-70.1175],"carpPosition":[-73.2381,293.086,21.6612],"dipPosition":[-83.7227,305.377,-51.1717],"direction":[0.14544,0.0584565,-0.987639],"extended":false,"handId":275,"id":2750,"length":47.7925,"mcpPosition":[-73.2381,293.086,21.6612],"pipPosition":[-88.2701,303.549,-20.2914],"stabilizedTipPosition":[-81.8424,256.176,60.0692],"timeVisible":0.867707,"tipPosition":[-75.3777,302.821,-65.9328],"tipVelocity":[11.6821,59.4387,-116.982],"tool":false,"touchDistance":-0.485192,"touchZone":"touching","type":0,"width":18.5699},{"bases":[[[0.993431,0.0292221,-0.110641],[0.0113884,0.9368,0.34968],[0.113866,-0.348643,0.930313]],[[0.99577,0.0212585,-0.0893823],[0.0136431,0.927862,0.372673],[0.090857,-0.372317,0.923648]],[[0.99577,0.0212585,-0.0893823],[0.0017395,0.968326,0.249684],[0.0918591,-0.248783,0.964193]],[[0.99577,0.0212585,-0.0893823],[-0.00791075,0.989088,0.147113],[0.0915344,-0.145783,0.985073]]],"btipPosition":[-79.5203,359.099,-113.932],"carpPosition":[-64.7884,313.111,22.0277],"dipPosition":[-78.0861,356.815,-98.4979],"direction":[-0.0918591,0.248783,-0.964193],"extended":true,"handId":275,"id":2751,"length":53.9285,"mcpPosition":[-72.4705,336.632,-40.7366],"pipPosition":[-76.0501,351.301,-77.1265],"stabilizedTipPosition":[-84.2513,314.794,-4.91836],"timeVisible":0.867707,"tipPosition":[-78.4686,357.122,-110.758],"tipVelocity":[-0.245549,45.1357,-111.993],"tool":false,"touchDistance":-0.4794,"touchZone":"hovering","type":1,"width":17.738},{"bases":[[[0.983086,-0.178282,-0.0419146],[0.181673,0.920372,0.346281],[-0.0231586,-0.348038,0.937194]],[[0.981867,-0.189172,-0.012331],[0.102487,0.584414,-0.804958],[0.159482,0.789097,0.593204]],[[0.981867,-0.189172,-0.012331],[-0.0754209,-0.330127,-0.940918],[0.173925,0.924786,-0.338409]],[[0.981867,-0.189172,-0.012331],[-0.144254,-0.703355,-0.696048],[0.123,0.685205,-0.717889]]],"btipPosition":[-65.958,266.552,-44.1506],"carpPosition":[-53.7353,315.088,20.8351],"dipPosition":[-63.8384,278.36,-56.5219],"direction":[-0.173925,-0.924786,0.338409],"extended":false,"handId":275,"id":2752,"length":61.4471,"mcpPosition":[-52.2536,337.355,-39.1262],"pipPosition":[-59.3029,302.476,-65.3466],"stabilizedTipPosition":[-71.81,229.355,81.0416],"timeVisible":0.867707,"tipPosition":[-65.4401,269.527,-48.3211],"tipVelocity":[58.5826,-4.34808,-51.1479],"tool":false,"touchDistance":0.333333,"touchZone":"none","type":2,"width":17.4211},{"bases":[[[0.952452,-0.296427,0.0704741],[0.250615,0.893719,0.3721],[-0.173284,-0.336746,0.925513]],[[0.952681,-0.295979,0.0692459],[0.213646,0.489938,-0.845172],[0.216227,0.819974,0.52999]],[[0.952681,-0.295979,0.0692459],[-0.0618274,-0.411721,-0.90921],[0.297618,0.861906,-0.410538]],[[0.952681,-0.295979,0.0692459],[-0.180481,-0.734079,-0.654641],[0.244592,0.611166,-0.752762]]],"btipPosition":[-53.2038,267.491,-31.6064],"carpPosition":[-42.5469,314.111,19.946],"dipPosition":[-49.013,277.963,-44.5041],"direction":[-0.297618,-0.861906,0.410538],"extended":false,"handId":275,"id":2753,"length":59.0831,"mcpPosition":[-32.593,333.455,-33.2182],"pipPosition":[-41.4524,299.858,-54.9333],"stabilizedTipPosition":[-54.5014,223.472,94.1837],"timeVisible":0.867707,"tipPosition":[-52.0507,270.021,-36.0246],"tipVelocity":[47.0011,15.122,-62.9135],"tool":false,"touchDistance":0.333333,"touchZone":"none","type":3,"width":16.5772},{"bases":[[[0.871405,-0.476975,0.114662],[0.379405,0.803449,0.458827],[-0.310974,-0.356321,0.881096]],[[0.886804,-0.457216,0.067328],[0.316092,0.493791,-0.810096],[0.337143,0.739678,0.582418]],[[0.886804,-0.457216,0.067328],[-0.106122,-0.343255,-0.933228],[0.449797,0.820445,-0.352921]],[[0.886804,-0.457216,0.067328],[-0.28136,-0.649711,-0.706196],[0.366627,0.607314,-0.704808]]],"btipPosition":[-40.2468,277.158,-29.3605],"carpPosition":[-31.9878,306.511,18.9057],"dipPosition":[-34.4516,286.758,-40.5012],"direction":[-0.449797,-0.820445,0.352921],"extended":false,"handId":275,"id":2754,"length":46.32,"mcpPosition":[-15.452,325.458,-27.946],"pipPosition":[-26.384,301.473,-46.8312],"stabilizedTipPosition":[-40.087,235.956,89.5489],"timeVisible":0.867707,"tipPosition":[-38.7296,279.412,-3