{"sensorType":"Leap","data":[[0,{"currentFrameRate":108.205,"devices":[],"gestures":[],"hands":[{"armBasis":[[0.949717,0.144213,-0.277922],[0.0212318,0.855913,0.516684],[0.312389,-0.496605,0.809813]],"armWidth":58.4334,"confidence":0.677839,"direction":[0.0385217,0.371493,-0.927636],"elbow":[49.7766,171.714,235.884],"grabStrength":0,"id":274,"palmNormal":[-0.0277751,-0.927569,-0.372619],"palmPosition":[-32.7556,309.675,-12.2148],"palmVelocity":[-16.8536,-18.7619,-101.743],"palmWidth":83.4409,"pinchStrength":0.83736,"r":[[0.942899,-0.101212,0.317329],[0.113293,0.993364,-0.0198014],[-0.313219,0.0546218,0.948109]],"s":0.986183,"sphereCenter":[-50.9132,288.704,-42.2321],"sphereRadius":43.2641,"stabilizedPalmPosition":[-31.4889,303.977,138.681],"t":[25.2652,124.097,-204.495],"timeVisible":1.33766,"type":"right","wrist":[-27.5707,294.673,35.3753]}],"id":305996,"interactionBox":{"center":[0,200,0],"size":[235.247,235.247,147.751]},"pointables":[{"bases":[[[0.434303,0.885989,0.162495],[-0.806498,0.302129,0.508212],[0.401175,-0.35177,0.845764]],[[0.329282,0.943453,-0.0383285],[-0.909947,0.327903,0.253922],[0.252131,-0.048735,0.966465]],[[0.329282,0.943453,-0.0383285],[-0.910951,0.306732,-0.275831],[-0.248478,0.125742,0.960442]],[[0.329282,0.943453,-0.0383285],[-0.487923,0.135261,-0.862343],[-0.808396,0.302655,0.504872]]],"btipPosition":[-40.5028,277.173,-51.1749],"carpPosition":[-54.08,285.369,33.9315],"dipPosition":[-57.8525,283.669,-40.3394],"direction":[0.248478,-0.125742,-0.960442],"extended":false,"handId":274,"id":2740,"length":47.7925,"mcpPosition":[-54.08,285.369,33.9315],"pipPosition":[-65.6216,287.6,-10.3095],"stabilizedTipPosition":[-60.0315,261.135,101.424],"timeVisible":1.33766,"tipPosition":[-44.9572,278.234,-49.1442],"tipVelocity":[5.12501,-18.6906,-88.3011],"tool":false,"touchDistance":-0.417454,"touchZone":"touching","type":0,"width":18.5699},{"bases":[[[0.991159,0.0228248,-0.130699],[0.00822248,0.972631,0.232211],[0.132422,-0.231233,0.963844]],[[0.994384,0.0165498,-0.104531],[0.0182661,0.946037,0.323544],[0.104244,-0.323637,0.940421]],[[0.994384,0.0165498,-0.104531],[0.00378671,0.981501,0.191419],[0.105765,-0.19074,0.975926]],[[0.994384,0.0165498,-0.104531],[-0.00824114,0.996807,0.079423],[0.105511,-0.0781155,0.991345]]],"btipPosition":[-62.8546,339.153,-107.543],"carpPosition":[-45.8161,305.35,31.6984],"dipPosition":[-61.2014,337.929,-92.0103],"direction":[-0.105765,0.19074,-0.975926],"extended":true,"handId":274,"id":2741,"length":53.9285,"mcpPosition":[-54.7501,320.951,-33.3281],"pipPosition":[-58.8571,333.701,-70.3788],"stabilizedTipPosition":[-65.603,313.842,53.8084],"timeVisible":1.33766,"tipPosition":[-61.8045,338.075,-104.187],"tipVelocity":[-19.3801,-2.68533,-99.7586],"tool":false,"touchDistance":-0.424926,"touchZone":"touching","type":1,"width":17.738},{"bases":[[[0.983916,-0.174772,-0.0369375],[0.178577,0.957174,0.227877],[-0.00447085,-0.230808,0.972989]],[[0.983387,-0.181288,-0.00915427],[0.0891696,0.526393,-0.845552],[0.158107,0.830689,0.533814]],[[0.983387,-0.181288,-0.00915427],[-0.133873,-0.69028,-0.711049],[0.122586,0.700463,-0.703082]],[[0.983387,-0.181288,-0.00915427],[-0.180628,-0.972325,-0.148182],[0.0179626,0.147373,-0.988918]]],"btipPosition":[-45.0121,264.492,-20.3902],"carpPosition":[-34.8034,307.248,30.0802],"dipPosition":[-44.7025,267.032,-37.4322],"direction":[-0.122586,-0.700463,0.703083],"extended":false,"handId":274,"id":2742,"length":61.4471,"mcpPosition":[-34.5173,322.015,-32.1712],"pipPosition":[-41.5059,285.298,-55.7665],"stabilizedTipPosition":[-48.0465,259.891,123.662],"timeVisible":1.33766,"tipPosition":[-44.8948,265.297,-25.3286],"tipVelocity":[-25.5075,-20.1286,-67.4484],"tool":false,"touchDistance":0.333333,"touchZone":"none","type":2,"width":17.4211},{"bases":[[[0.956254,-0.278488,0.089576],[0.248183,0.934396,0.255556],[-0.154869,-0.222145,0.962636]],[[0.949805,-0.286587,0.125451],[0.245489,0.434201,-0.86672],[0.193919,0.854013,0.482761]],[[0.949805,-0.286587,0.125451],[-0.132513,-0.731806,-0.668506],[0.283391,0.618327,-0.73305]],[[0.949805,-0.286587,0.125451],[-0.271105,-0.954124,-0.12708],[0.156115,0.0866906,-0.983927]]],"btipPosition":[-32.5456,266.829,-10.4738],"carpPosition":[-23.6223,306.253,29.1223],"dipPosition":[-29.8708,268.315,-27.3322],"direction":[-0.283391,-0.618327,0.73305],"extended":false,"handId":274,"id":2743,"length":59.0831,"mcpPosition":[-14.7262,319.014,-26.1744],"pipPosition":[-22.6716,284.023,-45.9544],"stabilizedTipPosition":[-32.0284,262.447,127.126],"timeVisible":1.33766,"tipPosition":[-31.8112,267.284,-15.286],"tipVelocity":[-27.2137,-19.9548,-75.0224],"tool":false,"touchDistance":0.333333,"touchZone":"none","type":3,"width":16.5772},{"bases":[[[0.877662,-0.452862,0.156924],[0.37923,0.856385,0.350413],[-0.293076,-0.248034,0.923356]],[[0.829383,-0.482507,0.281622],[0.481176,0.360783,-0.79894],[0.28389,0.798137,0.531398]],[[0.829383,-0.482507,0.281622],[-0.165586,-0.693738,-0.700934],[0.533578,0.53471,-0.655271]],[[0.829383,-0.482507,0.281622],[-0.437417,-0.87441,-0.209936],[0.347549,0.050931,-0.936278]]],"btipPosition":[-21.695,275.575,-10.9419],"carpPosition":[-13.01,298.661,28.8354],"dipPosition":[-16.2014,276.38,-25.7414],"direction":[-0.533578,-0.53471,0.655271],"extended":false,"handId":274,"id":2744,"length":46.32,"mcpPosition":[2.57417,311.85,-20.2635],"pipPosition":[-6.63111,285.97,-37.4943],"stabilizedTipPosition":[-19.6549,271.011,128.515],"timeVisible":1.33766,"tipPosition":[-20.213,275.888,-15.1106],"tipVelocity":[-25.9195,-22.8832,-89.1833],"tool":false,"touchDistance":0.333333,"touchZone":"none","type":4,"width":14.7252}],"r":[[0.942899,-0.101212,0.317329],[0.113293,0.993364,-0.0198014],[-0.313219,0.0546218,0.948109]],"s":0.986183,"t":[25.2652,124.097,-204.495],"timestamp":3150220671},false],[1,{"currentFrameRate":108.186,"devices":[],"gestures":[],"hands":[{"armBasis":[[0.949666,0.144359,-0.278021],[0.0204177,0.857083,0.514774],[0.312599,-0.49454,0.810994]],"armWidth":58.4334,"confidence":0.688452,"direction":[0.0393551,0.369119,-0.928549],"elbow":[49.6453,172.13,235.634],"grabStrength":0,"id":274,"palmNormal":[-0.0270997,-0.928532,-0.370261],"palmPosition":[-32.8948,309.455,-12.8013],"palmVelocity":[-16.3321,-20.1407,-90.8871],"palmWidth":83.4409,"pinchStrength":0.824859,"r":[[0.942612,-0.102388,0.317803],[0.114772,0.993182,-0.0204371],[-0.313544,0.055739,0.947936]],"s":0.988012,"sphereCenter":[-51.4554,288.621,-42.7242],"sphereRadius":43.4171,"stabilizedPalmPosition":[-31.4889,303.977,138.681],"t":[25.1083,123.864,-205.236],"timeVisible":1.34694,"type":"right","wrist":[-27.7539,294.577,34.8326]}],"id":305997,"interactionBox":{"center":[0,200,0],"size":[235.247,235.247,147.751]},"pointables":[{"bases":[[[0.433856,0.886542,0.160661],[-0.807114,0.303177,0.506607],[0.400419,-0.349466,0.847076]],[[0.329485,0.94333,-0.0396038],[-0.910883,0.328631,0.249588],[0.248459,-0.0461612,0.967542]],[[0.329485,0.94333,-0.0396038],[-0.909652,0.305927,-0.280965],[-0.252927,0.1286,0.9589]],[[0.329485,0.94333,-0.0396038],[-0.482448,0.132156,-0.865898],[-0.811593,0.304407,0.498651]]],"btipPosition":[-40.3058,276.821,-51.5885],"carpPosition":[-54.2588,285.262,33.3855],"dipPosition":[-57.7241,283.354,-40.8865],"direction":[0.252927,-0.1286,-0.9589],"extended":false,"handId":274,"id":2740,"length":47.7925,"mcpPosition":[-54.2588,285.262,33.3855],"pipPosition":[-65.6323,287.375,-10.9048],"stabilizedTipPosition":[-60.0308,261.136,101.417],"timeVisible":1.34694,"tipPosition":[-44.8387,277.934,-49.5759],"tipVelocity":[9.18501,-23.861,-76.915],"tool":false,"touchDistance":-0.410707,"touchZone":"touching","type":0,"width":18.5699},{"bases":[[[0.991285,0.0228048,-0.129742],[0.00767673,0.973227,0.229718],[0.131507,-0.228712,0.964571]],[[0.994274,0.0170567,-0.105489],[0.0182257,0.945646,0.324685],[0.105294,-0.324749,0.939921]],[[0.994274,0.0170567,-0.105489],[0.00364598,0.981189,0.193014],[0.106797,-0.192293,0.975509]],[[0.994274,0.0170567,-0.105489],[-0.0084767,0.996657,0.0812545],[0.106523,-0.0798951,0.991095]]],"btipPosition":[-63.0558,338.978,-108.148],"carpPosition":[-45.999,305.24,31.1095],"dipPosition":[-61.3868,337.726,-92.6192],"direction":[-0.106797,0.192293,-0.975509],"extended":true,"handId":274,"id":2741,"length":53.9285,"mcpPosition":[-54.8712,320.67,-33.9661],"pipPosition":[-59.0196,333.464,-70.997],"stabilizedTipPosition":[-65.6029,313.842,53.8042],"timeVisible":1.34694,"tipPosition":[-62.0053,337.856,-104.801],"tipVelocity":[-19.9185,-7.42781,-90.0527],"tool":false,"touchDistance":-0.419856,"touchZone":"touching","type":1,"width":17.738},{"bases":[[[0.984008,-0.174553,-0.03548],[0.17804,0.957814,0.225597],[-0.00539535,-0.228307,0.973574]],[[0.98346,-0.180956,-0.00785874],[0.0879284,0.514906,-0.852725],[0.158353,0.83793,0.5223]],[[0.98346,-0.180956,-0.00785874],[-0.134208,-0.698884,-0.702531],[0.121635,0.691966,-0.71161]],[[0.98346,-0.180956,-0.00785874],[-0.180247,-0.973486,-0.14084],[0.0178355,0.139927,-0.990001]]],"btipPosition":[-45.1186,264.251,-20.2602],"carpPosition":[-34.9851,307.137,29.4977],"dipPosition":[-44.8112,266.662,-37.3208],"direction":[-0.121635,-0.691966,0.71161],"extended":false,"handId":274,"id":2742,"length":61.4471,"mcpPosition":[-34.6399,321.744,-32.7911],"pipPosition":[-41.6394,284.706,-55.8775],"stabilizedTipPosition":[-48.0465,259.891,123.659],"timeVisible":1.34694,"tipPosition":[-45.0063,265.013,-25.2981],"tipVelocity":[-21.5707,-22.6886,-44.6274],"tool":false,"touchDistance":0.333333,"touchZone":"none","type":2,"width":17.4211},{"bases":[[[0.956249,-0.277951,0.0912714],[0.247625,0.935129,0.253406],[-0.155785,-0.219719,0.963045]],[[0.949882,-0.285834,0.126583],[0.244989,0.429139,-0.869379],[0.194176,0.856819,0.477658]],[[0.949882,-0.285834,0.126583],[-0.132452,-0.734774,-0.665255],[0.283162,0.615148,-0.735807]],[[0.949882,-0.285834,0.126583],[-0.270622,-0.95457,-0.124737],[0.156486,0.084229,-0.984082]]],"btipPosition":[-32.6845,266.588,-10.7839],"carpPosition":[-23.8028,306.143,28.5538],"dipPosition":[-30.0033,268.031,-27.6451],"direction":[-0.283162,-0.615148,0.735807],"extended":false,"handId":274,"id":2743,"length":59.0831,"mcpPosition":[-14.8541,318.764,-26.7663],"pipPosition":[-22.81,283.658,-46.3373],"stabilizedTipPosition":[-32.0284,262.447,127.125],"timeVisible":1.34694,"tipPosition":[-31.9494,267.035,-15.5981],"tipVelocity":[-23.721,-21.9665,-63.3235],"tool":false,"touchDistance":0.333333,"touchZone":"none","type":3,"width":16.5772},{"bases":[[[0.877644,-0.452177,0.158987],[0.3786,0.857404,0.348598],[-0.293944,-0.245753,0.92369]],[[0.829697,-0.481317,0.282732],[0.480256,0.357321,-0.801047],[0.284531,0.800409,0.527624]],[[0.829697,-0.481317,0.282732],[-0.165733,-0.696057,-0.698596],[0.533044,0.532765,-0.657287]],[[0.829697,-0.481317,0.282732],[-0.436726,-0.875159,-0.20825],[0.34767,0.0493081,-0.93632]]],"btipPosition":[-21.8398,275.333,-11.3385],"carpPosition":[-13.1878,298.554,28.2973],"dipPosition":[-16.3443,276.112,-26.1387],"direction":[-0.533044,-0.532765,0.657287],"extended":false,"handId":274,"id":2744,"length":46.32,"mcpPosition":[2.44251,311.621,-20.8193],"pipPosition":[-6.78357,285.668,-37.9278],"stabilizedTipPosition":[-19.6549,271.011,128.514],"timeVisible":1.34694,"tipPosition":[-20.3588,275.643,-15.5072],"tipVelocity":[-23.0008,-23.9651,-76.1063],"tool":false,"touchDistance":0.333333,"touchZone":"none","type":4,"width":14.7252}],"r":[[0.942612,-0.102388,0.317803],[0.114772,0.993182,-0.0204371],[-0.313544,0.055739,0.947936]],"s":0.988012,"t":[25.1083,123.864,-205.236],"timestamp":3150229949},false],[2,{"currentFrameRate":108.177,"devices":[],"gestures":[],"hands":[{"armBasis":[[0.950029,0.144401,-0.276755],[0.0196775,0.85711,0.514757],[0.311541,-0.49448,0.811438]],"armWidth":58.4334,"confidence":0.695427,"direction":[0.0393341,0.367137,-0.929335],"elbow":[49.2096,172.184,235.019],"grabStrength":0,"id":274,"palmNormal":[-0.0264396,-0.929346,-0.368261],"palmPosition":[-33.067,309.389,-13.5597],"palmVelocity":[-16.9706,-16.4945,-88.3602],"palmWidth":83.4409,"pinchStrength":0.81742,"r":[[0.94238,-0.103074,0.31827],[0.115832,0.993039,-0.0213688],[-0.313852,0.0570034,0.947759]],"s":0.990156,"sphereCenter":[-52.0529,288.706,-43.3826],"sphereRadius":43.5755,"stabilizedPalmPosition":[-31.4889,303.977,138.681],"t":[24.9436,123.714,-205.985],"timeVisible":1.3562,"type":"right","wrist":[-27.9276,294.617,34.1073]}],"id":305998,"interactionBox":{"center":[0,200,0],"size":[235.247,235.247,147.751]},"pointables":[{"bases":[[[0.433269,0.887157,0.158843],[-0.807416,0.303768,0.505771],[0.400446,-0.347387,0.847918]],[[0.329104,0.943394,-0.0412229],[-0.912168,0.328894,0.244497],[0.244215,-0.0428626,0.968773]],[[0.329104,0.943394,-0.0412229],[-0.908387,0.304364,-0.286698],[-0.257922,0.1318,0.957134]],[[0.329104,0.943394,-0.0412229],[-0.478395,0.128932,-0.868628],[-0.814143,0.30559,0.493747]]],"btipPosition":[-40.0681,276.564,-52.1954],"carpPosition":[-54.4264,285.282,32.6745],"dipPosition":[-57.5412,283.123,-41.5987],"direction":[0.257922,-0.1318,-0.957134],"extended":false,"handId":274,"id":2740,"length":47.7925,"mcpPosition":[-54.4264,285.282,32.6745],"pipPosition":[-65.6056,287.244,-11.6722],"stabilizedTipPosition":[-60.03,261.136,101.41],"timeVisible":1.3562,"tipPosition":[-44.6989,277.758,-50.185],"tipVelocity":[13.4373,-24.7602,-74.4519],"tool":false,"touchDistance":-0.407437,"touchZone":"touching","type":0,"width":18.5699},{"bases":[[[0.9913,0.0231411,-0.12957],[0.00702039,0.973725,0.227617],[0.131433,-0.226547,0.965092]],[[0.994107,0.0178273,-0.106925],[0.0180954,0.945253,0.325837],[0.10688,-0.325852,0.93936]],[[0.994107,0.0178273,-0.106925],[0.0033358,0.980886,0.194555],[0.108349,-0.193765,0.975046]],[[0.994107,0.0178273,-0.106925],[-0.00894388,0.99651,0.0829923],[0.108031,-0.0815469,0.990797]]],"btipPosition":[-63.3508,338.954,-108.898],"carpPosition":[-46.1785,305.26,30.3571],"dipPosition":[-61.6581,337.677,-93.3744],"direction":[-0.108349,0.193765,-0.975046],"extended":true,"handId":274,"id":2741,"length":53.9285,"mcpPosition":[-55.0457,320.544,-34.7536],"pipPosition":[-59.2565,333.382,-71.7624],"stabilizedTipPosition":[-65.6028,313.843,53.8002],"timeVisible":1.3562,"tipPosition":[-62.3035,337.799,-105.558],"tipVelocity":[-23.1115,-6.24593,-87.5518],"tool":false,"touchDistance":-0.417477,"touchZone":"touching","type":1,"width":17.738},{"bases":[[[0.984125,-0.174017,-0.0348835],[0.177394,0.958409,0.223568],[-0.00547196,-0.226207,0.974064]],[[0.983577,-0.180338,-0.00734962],[0.0864943,0.506704,-0.85777],[0.158413,0.843047,0.513981]],[[0.983577,-0.180338,-0.00734962],[-0.134415,-0.704719,-0.696637],[0.120451,0.686184,-0.717386]],[[0.983577,-0.180338,-0.00734962],[-0.179651,-0.974285,-0.135998],[0.0173649,0.135085,-0.990682]]],"btipPosition":[-45.2577,264.148,-20.5154],"carpPosition":[-35.1655,307.161,28.7438],"dipPosition":[-44.9584,266.476,-37.5878],"direction":[-0.120451,-0.686184,0.717386],"extended":false,"handId":274,"id":2742,"length":61.4471,"mcpPosition":[-34.8154,321.633,-33.5765],"pipPosition":[-41.8174,284.369,-56.2951],"stabilizedTipPosition":[-48.0464,259.891,123.653],"timeVisible":1.3562,"tipPosition":[-45.1505,264.882,-25.5925],"tipVelocity":[-19.7847,-20.0103,-39.9093],"tool":false,"touchDistance":0.333333,"touchZone":"none","type":2,"width":17.4211},{"bases":[[[0.956401,-0.277159,0.0920847],[0.246987,0.935828,0.251442],[-0.155865,-0.217735,0.963482]],[[0.950202,-0.284783,0.12655],[0.242939,0.422574,-0.873162],[0.195185,0.860424,0.470716]],[[0.950202,-0.284783,0.12655],[-0.133458,-0.738826,-0.660549],[0.281612,0.610765,-0.740041]],[[0.950202,-0.284783,0.12655],[-0.270131,-0.955167,-0.121186],[0.155388,0.0809659,-0.98453]]],"btipPosition":[-32.8426,266.522,-11.1588],"carpPosition":[-23.9823,306.171,27.8045],"dipPosition":[-30.1802,267.909,-28.0275],"direction":[-0.281612,-0.610765,0.740041],"extended":false,"handId":274,"id":2743,"length":59.0831,"mcpPosition":[-15.029,318.679,-27.5408],"pipPosition":[-23.0262,283.425,-46.8273],"stabilizedTipPosition":[-32.0284,262.447,127.123],"timeVisible":1.3562,"tipPosition":[-32.1125,266.952,-16.0081],"tipVelocity":[-21.9803,-18.1806,-56.9507],"tool":false,"touchDistance":0.333333,"touchZone":"none","type":3,"width":16.5772},{"bases":[[[0.877889,-0.451287,0.160159],[0.377989,0.85839,0.34683],[-0.293998,-0.24394,0.924153]],[[0.830637,-0.479878,0.282416],[0.477202,0.352165,-0.805145],[0.286914,0.803553,0.52152]],[[0.830637,-0.479878,0.282416],[-0.167787,-0.69934,-0.694817],[0.530932,0.529755,-0.661415]],[[0.830637,-0.479878,0.282416],[-0.436281,-0.876054,-0.205396],[0.345977,0.0473969,-0.937045]]],"btipPosition":[-22.0243,275.253,-11.8103],"carpPosition":[-13.3625,298.588,27.5667],"dipPosition":[-16.5555,276.002,-26.6219],"direction":[-0.530932,-0.529755,0.661415],"extended":false,"handId":274,"id":2744,"length":46.32,"mcpPosition":[2.2707,311.56,-21.5745],"pipPosition":[-7.03265,285.504,-38.4851],"stabilizedTipPosition":[-19.6549,271.011,128.513],"timeVisible":1.3562,"tipPosition":[-20.5465,275.558,-16.0077],"tipVelocity":[-22.3206,-19.8519,-69.1092],"tool":false,"touchDistance":0.333333,"touchZone":"none","type":4,"width":14.7252}],"r":[[0.94238,-0.103074,0.31827],[0.115832,0.993039,-0.0213688],[-0.313852,0.0570034,0.947759]],"s":0.990156,"t":[24.9436,123.714,-205.985],"timestamp":3150239209},false],[3,{"currentFrameRate":108.526,"devices":[],"gestures":[],"hands":[{"armBasis":[[0.950452,0.143387,-0.275828],[0.0199103,0.857375,0.514307],[0.310233,-0.494316,0.812039]],"armWidth":58.4334,"confidence":0.703358,"direction":[0.0403929,0.364615,-0.930282],"elbow":[48.6822,172.264,234.579],"grabStrength":0,"id":274,"palmNormal":[-0.026946,-0.930305,-0.365795],"palmPosition":[-33.2198,309.305,-14.1921],"palmVelocity":[-17.1877,-14.7364,-84.481],"palmWidth":83.4409,"pinchStrength":0.811893,"r":[[0.942125,-0.103614,0.31885],[0.116855,0.992891,-0.0226265],[-0.314239,0.0585762,0.947535]],"s":0.992354,"sphereCenter":[-52.5513,288.729,-43.94],"sphereRadius":43.7064,"stabilizedPalmPosition":[-31.4889,303.977,138.681],"t":[24.785,123.597,-206.676],"timeVisible":1.36478,"type":"right","wrist":[-28.1312,294.656,33.5184]}],"id":305999,"interactionBox":{"center":[0,200,0],"size":[235.247,235.247,147.751]},"pointables":[{"bases":[[[0.433906,0.887206,0.156816],[-0.807558,0.305814,0.504309],[0.399469,-0.345461,0.849165]],[[0.330152,0.942942,-0.0431248],[-0.912392,0.330499,0.241476],[0.241951,-0.0403772,0.969448]],[[0.330152,0.942942,-0.0431248],[-0.907312,0.304413,-0.29003],[-0.260354,0.134882,0.956045]],[[0.330152,0.942942,-0.0431248],[-0.477453,0.12741,-0.869371],[-0.814272,0.307615,0.492275]]],"btipPosition":[-40.0962,276.369,-52.7458],"carpPosition":[-54.6369,285.34,32.0894],"dipPosition":[-57.572,282.971,-42.1807],"direction":[0.260354,-0.134882,-0.956045],"extended":false,"handId":274,"id":2740,"length":47.7925,"mcpPosition":[-54.6369,285.34,32.0894],"pipPosition":[-65.7124,287.188,-12.2882],"stabilizedTipPosition":[-60.0292,261.137,101.402],"timeVisible":1.36478,"tipPosition":[-44.7401,277.595,-50.7184],"tipVelocity":[9.01196,-23.9384,-71.9473],"tool":false,"touchDistance":-0.403391,"touchZone":"touching","type":0,"width":18.5699},{"bases":[[[0.991423,0.0219424,-0.128837],[0.00767746,0.974325,0.225017],[0.130467,-0.224076,0.965799]],[[0.994027,0.0170625,-0.107796],[0.0191513,0.945108,0.326197],[0.107445,-0.326313,0.939135]],[[0.994027,0.0170625,-0.107796],[0.0043243,0.98077,0.195117],[0.109053,-0.194417,0.974838]],[[0.994027,0.0170625,-0.107796],[-0.00803659,0.996466,0.083617],[0.108842,-0.0822512,0.99065]]],"btipPosition":[-63.5275,338.876,-109.562],"carpPosition":[-46.3699,305.304,29.7252],"dipPosition":[-61.8222,337.587,-94.0406],"direction":[-0.109053,0.194417,-0.974838],"extended":true,"handId":274,"id":2741,"length":53.9285,"mcpPosition":[-55.1719,320.422,-35.4332],"pipPosition":[-59.405,333.278,-72.4333],"stabilizedTipPosition":[-65.6028,313.844,53.7966],"timeVisible":1.36478,"tipPosition":[-62.4825,337.699,-106.226],"tipVelocity":[-22.356,-7.09042,-84.8729],"tool":false,"touchDistance":-0.414029,"touchZone":"touching","type":1,"width":17.738},{"bases":[[[0.984002,-0.174955,-0.0336292],[0.178041,0.958851,0.221146],[-0.0064451,-0.223595,0.974661]],[[0.983432,-0.181173,-0.00620876],[0.0868037,0.500697,-0.86126],[0.159146,0.846451,0.508127]],[[0.983432,-0.181173,-0.00620876],[-0.13491,-0.70857,-0.692624],[0.121086,0.681986,-0.721272]],[[0.983432,-0.181173,-0.00620876],[-0.180388,-0.974626,-0.132532],[0.01796,0.131456,-0.991159]]],"btipPosition":[-45.4431,264.033,-20.8135],"carpPosition":[-35.3539,307.191,28.1156],"dipPosition":[-45.1336,266.298,-37.8941],"direction":[-0.121086,-0.681986,0.721272],"extended":false,"handId":274,"id":2742,"length":61.4471,"mcpPosition":[-34.9416,321.497,-34.2428],"pipPosition":[-41.976,284.083,-56.7028],"stabilizedTipPosition":[-48.0462,259.891,123.645],"timeVisible":1.36478,"tipPosition":[-45.3345,264.748,-25.8929],"tipVelocity":[-20.191,-18.7052,-38.5992],"tool":false,"touchDistance":0.333333,"touchZone":"none","type":2,"width":17.4211},{"bases":[[[0.956088,-0.277733,0.0935921],[0.247593,0.936285,0.249135],[-0.156822,-0.215022,0.963936]],[[0.949948,-0.285159,0.127603],[0.242669,0.416301,-0.876245],[0.196748,0.863353,0.464663]],[[0.949948,-0.285159,0.127603],[-0.13454,-0.742052,-0.656703],[0.281953,0.606666,-0.743276]],[[0.949948,-0.285159,0.127603],[-0.270848,-0.9553,-0.118502],[0.155691,0.0780094,-0.984721]]],"btipPosition":[-33.0541,266.419,-11.468],"carpPosition":[-24.1709,306.19,27.1879],"dipPosition":[-30.3865,267.756,-28.34],"direction":[-0.281953,-0.606666,0.743276],"extended":false,"handId":274,"id":2743,"length":59.0831,"mcpPosition":[-15.1626,318.541,-28.1835],"pipPosition":[-23.2239,283.168,-47.222],"stabilizedTipPosition":[-32.0284,262.447,127.12],"timeVisible":1.36478,"tipPosition":[-32.3207,266.839,-16.3294],"tipVelocity":[-22.6444,-16.8934,-51.4527],"tool":false,"touchDistance":0.333333,"touchZone":"none","type":3,"width":16.5772},{"bases":[[[0.877372,-0.451611,0.162069],[0.378451,0.85899,0.344835],[-0.294947,-0.241214,0.924566]],[[0.83042,-0.47965,0.283442],[0.476482,0.347768,-0.807479],[0.288735,0.805601,0.517338]],[[0.83042,-0.47965,0.283442],[-0.168946,-0.701583,-0.692271],[0.530905,0.526989,-0.663643]],[[0.83042,-0.47965,0.283442],[-0.436657,-0.87629,-0.203582],[0.346025,0.0452915,-0.937131]]],"btipPosition":[-22.2281,275.133,-12.2431],"carpPosition":[-13.5574,298.597,26.9789],"dipPosition":[-16.7586,275.849,-27.0561],"direction":[-0.530905,-0.526989,0.663643],"extended":false,"handId":274,"id":2744,"length":46.32,"mcpPosition":[2.12619,311.423,-22.1843],"pipPosition":[-7.2362,285.301,-38.9593],"stabilizedTipPosition":[-19.6549,271.011,128.511],"timeVisible":1.36478,"tipPosition":[-20.7504,275.433,-16.4401],"tipVelocity":[-22.6902,-18.5294,-64.189],"tool":false,"touchDistance":0.333333,"touchZone":"none","type":4,"width":14.7252}],"r":[[0.942125,-0.103614,0.31885],[0.116855,0.992891,-0.0226265],[-0.314239,0.0585762,0.947535]],"s":0.992354,"t":[24.785,123.597,-206.676],"timestamp":3150247794},false],[4,{"currentFrameRate":108.438,"devices":[],"gestures":[],"hands":[{"armBasis":[[0.950692,0.145551,-0.273861],[0.0164058,0.858195,0.513061],[0.309703,-0.492256,0.813491]],"armWidth":58.4334,"confidence":0.704253,"direction":[0.0411425,0.361554,-0.931443],"elbow":[48.1934,173.149,233.471],"grabStrength":0,"id":274,"palmNormal":[-0.0236048,-0.93162,-0.362666],"palmPosition":[-33.5274,309.503,-15.7186],"palmVelocity":[-21.625,-4.53896,-106.734],"palmWidth":83.4409,"pinchStrength":0.808336,"r":[[0.941857,-0.103292,0.319744],[0.117119,0.992821,-0.0242658],[-0.314943,0.0603029,0.947193]],"s":0.995177,"sphereCenter":[-53.2502,289.02,-45.3681],"sphereRadius":43.9118,"stabilizedPalmPosition":[-31.4889,303.977,138.681],"t":[24.5518,123.637,-207.785],"timeVisible":1.37417,"type":"right","wrist":[-28.4888,295.031,32.0513]}],"id":306000,"interactionBox":{"center":[0,200,0],"size":[235.247,235.247,147.751]},"pointables":[{"bases":[[[0.431085,0.888966,0.154613],[-0.809388,0.305235,0.50172],[0.398819,-0.341426,0.851101]],[[0.327778,0.943667,-0.0453253],[-0.914554,0.328968,0.235309],[0.236964,-0.0356766,0.970863]],[[0.327778,0.943667,-0.0453253],[-0.906479,0.300618,-0.296521],[-0.266192,0.13828,0.95395]],[[0.327778,0.943667,-0.0453253],[-0.474548,0.122968,-0.871598],[-0.816925,0.3072,0.488121]]],"btipPosition":[-39.9567,276.351,-54.1418],"carpPosition":[-54.9651,285.635,30.6035],"dipPosition":[-57.4894,282.945,-43.6658],"direction":[0.266192,-0.13828,-0.95395],"extended":false,"handId":274,"id":2740,"length":47.7925,"mcpPosition":[-54.9651,285.635,30.6035],"pipPosition":[-65.8124,287.268,-13.8389],"stabilizedTipPosition":[-60.0285,261.138,101.395],"timeVisible":1.37417,"tipPosition":[-44.6641,277.621,-52.1101],"tipVelocity":[10.282,-17.7141,-94.4292],"tool":false,"touchDistance":-0.412633,"touchZone":"touching","type":0,"width":18.5699},{"bases":[[[0.991602,0.0243221,-0.127019],[0.00448152,0.975104,0.221702],[0.129249,-0.220409,0.966806]],[[0.993989,0.0199093,-0.107659],[0.0164253,0.945081,0.326424],[0.108245,-0.32623,0.939072]],[[0.993989,0.0199093,-0.107659],[0.00157038,0.980633,0.195847],[0.109473,-0.194838,0.974707]],[[0.993989,0.0199093,-0.107659],[-0.010789,0.996353,0.0846431],[0.108952,-0.0829727,0.990578]]],"btipPosition":[-63.8684,338.956,-111.162],"carpPosition":[-46.7503,305.615,28.1869],"dipPosition":[-62.1613,337.656,-95.6414],"direction":[-0.109473,0.194838,-0.974707],"extended":true,"handId":274,"id":2741,"length":53.9285,"mcpPosition":[-55.4702,320.485,-37.0395],"pipPosition":[-59.7348,333.338,-74.037],"stabilizedTipPosition":[-65.6027,313.844,53.793],"timeVisible":1.37417,"tipPosition":[-62.8288,337.749,-107.83],"tipVelocity":[-26.3198,-2.71159,-109.241],"tool":false,"touchDistance":-0.424959,"touchZone":"touching","type":1,"width":17.738},{"bases":[[[0.984557,-0.17227,-0.0311536],[0.174896,0.960102,0.218208],[-0.00768005,-0.220287,0.975405]],[[0.983956,-0.178373,-0.00381881],[0.0863841,0.495029,-0.864572],[0.156107,0.85037,0.502495]],[[0.983956,-0.178373,-0.00381881],[-0.131928,-0.71301,-0.68863],[0.12011,0.678085,-0.725103]],[[0.983956,-0.178373,-0.00381881],[-0.177374,-0.975688,-0.12873],[0.019236,0.127342,-0.991672]]],"btipPosition":[-45.609,264.157,-22.0271],"carpPosition":[-35.7367,307.528,26.5919],"dipPosition":[-45.2775,266.352,-39.1165],"direction":[-0.12011,-0.678085,0.725103],"extended":false,"handId":274,"id":2742,"length":61.4471,"mcpPosition":[-35.2453,321.622,-35.8141],"pipPosition":[-42.1454,284.034,-58.0251],"stabilizedTipPosition":[-48.0461,259.891,123.636],"timeVisible":1.37417,"tipPosition":[-45.4957,264.849,-27.1018],"tipVelocity":[-19.3261,-10.117,-64.4751],"tool":false,"touchDistance":0.333333,"touchZone":"none","type":2,"width":17.4211},{"bases":[[[0.956691,-0.274693,0.0963645],[0.244457,0.937829,0.246408],[-0.15806,-0.212179,0.964364]],[[0.950722,-0.281792,0.129308],[0.238632,0.398791,-0.885449],[0.197946,0.872673,0.446384]],[[0.950722,-0.281792,0.129308],[-0.135717,-0.753225,-0.64361],[0.278763,0.594345,-0.754351]],[[0.950722,-0.281792,0.129308],[-0.268831,-0.957002,-0.108983],[0.154459,0.0688509,-0.985597]]],"btipPosition":[-33.3081,266.709,-11.9462],"carpPosition":[-24.5491,306.555,25.689],"dipPosition":[-30.6616,267.889,-28.8332],"direction":[-0.278763,-0.594345,0.754351],"extended":false,"handId":274,"id":2743,"length":59.0831,"mcpPosition":[-15.4696,318.743,-29.707],"pipPosition":[-23.58,282.987,-47.9965],"stabilizedTipPosition":[-32.0284,262.447,127.116],"timeVisible":1.37417,"tipPosition":[-32.5614,267.073,-16.9846],"tipVelocity":[-24.0521,-4.40039,-51.4226],"tool":false,"touchDistance":0.333333,"touchZone":"none","type":3,"width":16.5772},{"bases":[[[0.878337,-0.448559,0.165284],[0.37535,0.861233,0.342621],[-0.296034,-0.238897,0.92482]],[[0.831671,-0.476126,0.285703],[0.475658,0.345427,-0.808968],[0.286482,0.808693,0.513755]],[[0.831671,-0.476126,0.285703],[-0.16639,-0.704584,-0.689838],[0.529752,0.52618,-0.665205]],[[0.831671,-0.476126,0.285703],[-0.433517,-0.87828,-0.201709],[0.346966,0.0438985,-0.93685]]],"btipPosition":[-22.4477,275.341,-13.5696],"carpPosition":[-13.9137,298.992,25.5262],"dipPosition":[-16.9633,276.035,-28.3782],"direction":[-0.529752,-0.52618,0.665205],"extended":false,"handId":274,"id":2744,"length":46.32,"mcpPosition":[1.82771,311.695,-23.6505],"pipPosition":[-7.46163,285.472,-40.3093],"stabilizedTipPosition":[-19.6549,271.011,128.509],"timeVisible":1.37417,"tipPosition":[-20.9706,275.639,-17.7582],"tipVelocity":[-22.792,-7.11828,-86.1182],"tool":false,"touchDistance":0.333333,"touchZone":"none","type":4,"width":14.7252}],"r":[[0.941857,-0.103292,0.319744],[0.117119,0.992821,-0.0242658],[-0.314943,0.0603029,0.947193]],"s":0.995177,"t":[24.5518,123.637,-207.785],"timestamp":3150257174},false],[5,{"currentFrameRate":108.696,"devices":[],"gestures":[],"hands":[{"armBasis":[[0.951779,0.14776,-0.268857],[0.0123311,0.857235,0.514777],[0.306537,-0.49327,0.814076]],"armWidth":58.4334,"confidence":0.707995,"direction":[0.0416254,0.36137,-0.931493],"elbow":[47.1657,173.076,232.598],"grabStrength":0,"id":274,"palmNormal":[-0.0196585,-0.931824,-0.362377],"palmPosition":[-33.7319,309.646,-16.7514],"palmVelocity":[-22.1043,1.0515,-109.812],"palmWidth":83.4409,"pinchStrength":0.801207,"r":[[0.941594,-0.102349,0.32082],[0.116644,0.992844,-0.0256038],[-0.315904,0.0615301,0.946794]],"s":0.998461,"sphereCenter":[-53.7489,289.318,-46.3722],"sphereRadius":44.087,"stabilizedPalmPosition":[-31.4889,303.977,138.68],"t":[24.333,123.729,-208.856],"timeVisible":1.3829,"type":"right","wrist":[-28.7324,295.209,31.033]}],"id":306001,"interactionBox":{"center":[0,200,0],"size":[235.247,235.247,147.751]},"pointables":[{"bases":[[[0.427676,0.890525,0.155105],[-0.811394,0.302572,0.50009],[0.398413,-0.339728,0.85197]],[[0.324756,0.944742,-0.0446864],[-0.916704,0.326043,0.230974],[0.232781,-0.0340459,0.971933]],[[0.324756,0.944742,-0.0446864],[-0.906301,0.297335,-0.300349],[-0.270465,0.138039,0.952782]],[[0.324756,0.944742,-0.0446864],[-0.473694,0.121575,-0.872258],[-0.818626,0.304438,0.487]]],"btipPosition":[-39.8029,276.428,-55.1949],"carpPosition":[-55.1729,285.719,29.5388],"dipPosition":[-57.3721,282.961,-44.743],"direction":[0.270465,-0.138039,-0.952782],"extended":false,"handId":274,"id":2740,"length":47.7925,"mcpPosition":[-55.1729,285.719,29.5388],"pipPosition":[-65.8287,287.277,-14.9525],"stabilizedTipPosition":[-60.028,261.138,101.391],"timeVisible":1.3829,"tipPosition":[-44.5387,277.71,-53.1389],"tipVelocity":[11.9858,-11.0566,-101.591],"tool":false,"touchDistance":-0.415582,"touchZone":"touching","type":0,"width":18.5699},{"bases":[[[0.991748,0.027753,-0.125166],[0.000647795,0.975191,0.221362],[0.128204,-0.219616,0.967126]],[[0.993952,0.0236813,-0.107235],[0.0130469,0.944093,0.329421],[0.109041,-0.328827,0.938074]],[[0.993952,0.0236813,-0.107235],[-0.00182046,0.979892,0.199522],[0.109803,-0.19812,0.974008]],[[0.993952,0.0236813,-0.107235],[-0.0141562,0.995955,0.0887306],[0.108902,-0.0866758,0.990266]]],"btipPosition":[-64.109,339.248,-112.18],"carpPosition":[-47.0236,305.727,27.1305],"dipPosition":[-62.4027,337.89,-96.6646],"direction":[-0.109803,0.19812,-0.974008],"extended":true,"handId":274,"id":2741,"length":53.9285,"mcpPosition":[-55.673,320.543,-38.1174],"pipPosition":[-59.9689,333.498,-75.0756],"stabilizedTipPosition":[-65.6027,313.845,53.7899],"timeVisible":1.3829,"tipPosition":[-63.0785,338.002,-108.856],"tipVelocity":[-26.6548,6.53621,-111.234],"tool":false,"touchDistance":-0.426087,"touchZone":"touching","type":1,"width":17.738},{"bases":[[[0.985211,-0.168829,-0.0292433],[0.17112,0.960786,0.218194],[-0.00874092,-0.219971,0.975467]],[[0.984583,-0.174909,-0.00197638],[0.0853953,0.490499,-0.867248],[0.152659,0.853708,0.497873]],[[0.984583,-0.174909,-0.00197638],[-0.128624,-0.716288,-0.685848],[0.118545,0.675528,-0.727742]],[[0.984583,-0.174909,-0.00197638],[-0.173731,-0.97651,-0.127462],[0.0203643,0.12584,-0.991842]]],"btipPosition":[-45.6445,264.232,-22.7915],"carpPosition":[-36.0138,307.678,25.5555],"dipPosition":[-45.2936,266.4,-39.8838],"direction":[-0.118545,-0.675528,0.727742],"extended":false,"handId":274,"id":2742,"length":61.4471,"mcpPosition":[-35.4545,321.751,-36.8545],"pipPosition":[-42.2023,284.016,-58.8612],"stabilizedTipPosition":[-48.046,259.892,123.63],"timeVisible":1.3829,"tipPosition":[-45.5263,264.917,-27.8817],"tipVelocity":[-15.1032,-5.30332,-70.6574],"tool":false,"touchDistance":0.333333,"touchZone":"none","type":2,"width":17.4211},{"bases":[[[0.957465,-0.271304,0.0982589],[0.240706,0.938767,0.246532],[-0.159127,-0.212394,0.964141]],[[0.951605,-0.278258,0.13046],[0.236126,0.390293,-0.889897],[0.196703,0.877635,0.437109]],[[0.951605,-0.278258,0.13046],[-0.134429,-0.758624,-0.637509],[0.276362,0.58912,-0.759317]],[[0.951605,-0.278258,0.13046],[-0.26569,-0.958234,-0.105809],[0.154454,0.0660267,-0.985791]]],"btipPosition":[-33.4069,266.888,-12.4389],"carpPosition":[-24.8212,306.744,24.6739],"dipPosition":[-30.7605,268.019,-29.3293],"direction":[-0.276362,-0.58912,0.759317],"extended":false,"handId":274,"id":2743,"length":59.0831,"mcpPosition":[-15.6804,318.944,-30.7092],"pipPosition":[-23.7399,282.985,-48.6187],"stabilizedTipPosition":[-32.0284,262.447,127.112],"timeVisible":1.3829,"tipPosition":[-32.6554,267.23,-17.5321],"tipVelocity":[-20.6415,1.91981,-52.7794],"tool":false,"touchDistance":0.333333,"touchZone":"none","type":3,"width":16.5772},{"bases":[[[0.879591,-0.44542,0.167093],[0.371686,0.862664,0.343018],[-0.296932,-0.239609,0.924348]],[[0.833609,-0.472753,0.285659],[0.471629,0.340008,-0.813609],[0.28751,0.812957,0.506398]],[[0.833609,-0.472753,0.285659],[-0.167013,-0.708688,-0.68547],[0.5265,0.523705,-0.669724]],[[0.833609,-0.472753,0.285659],[-0.430711,-0.880125,-0.199668],[0.345809,0.043409,-0.9373]]],"btipPosition":[-22.602,275.519,-14.2101],"carpPosition":[-14.1591,299.218,24.5338],"dipPosition":[-17.1359,276.205,-29.0258],"direction":[-0.5265,-0.523705,0.669724],"extended":false,"handId":274,"id":2744,"length":46.32,"mcpPosition":[1.6301,311.959,-24.6178],"pipPosition":[-7.69257,285.598,-41.038],"stabilizedTipPosition":[-19.655,271.011,128.508],"timeVisible":1.3829,"tipPosition":[-21.114,275.812,-18.4623],"tipVelocity":[-21.5487,0.180525,-82.7419],"tool":false,"touchDistance":0.333333,"touchZone":"none","type":4,"width":14.7252}],"r":[[0.941594,-0.102349,0.32082],[0.116644,0.992844,-0.0256038],[-0.315904,0.0615301,0.946794]],"s":0.998461,"t":[24.333,123.729,-208.856],"timestamp":3150265910},false],[6,{"currentFrameRate":108.677,"devices":[],"gestures":[],"hands":[{"armBasis":[[0.95252,0.14997,-0.264982],[0.00903239,0.855984,0.516924],[0.304344,-0.494774,0.813987]],"armWidth":58.4334,"confidence":0.712317,"direction":[0.0415582,0.361266,-0.931536],"elbow":[46.4467,172.738,231.983],"grabStrength":0,"id":274,"palmNormal":[-0.0164216,-0.931969,-0.362167],"palmPosition":[-33.8989,309.653,-17.3532],"palmVelocity":[-20.9734,0.994167,-97.2822],"palmWidth":83.4409,"pinchStrength":0.783379,"r":[[0.941373,-0.101006,0.321893],[0.115667,0.992929,-0.0266982],[-0.316921,0.0623653,0.946399]],"s":1.00204,"sphereCenter":[-54.2712,289.49,-46.9204],"sphereRadius":44.2739,"stabilizedPalmPosition":[-31.4889,303.977,138.68],"t":[24.1401,123.778,-209.692],"timeVisible":1.39214,"type":"right","wrist":[-28.9084,295.243,30.4403]}],"id":306002,"interactionBox":{"center":[0,200,0],"size":[235.247,235.247,147.751]},"pointables":[{"bases":[[[0.424793,0.891861,0.155357],[-0.812865,0.300224,0.499116],[0.3985,-0.338305,0.852495]],[[0.322105,0.945669,-0.044248],[-0.918834,0.323538,0.225979],[0.228017,-0.0321323,0.973127]],[[0.322105,0.945669,-0.044248],[-0.906098,0.294411,-0.303822],[-0.274288,0.137956,0.951701]],[[0.322105,0.945669,-0.044248],[-0.472375,0.120039,-0.873185],[-0.820433,0.302159,0.485375]]],"btipPosition":[-39.5718,276.346,-55.8005],"carpPosition":[-55.3182,285.673,28.9192],"dipPosition":[-57.1798,282.83,-45.3834],"direction":[0.274288,-0.137956,-0.951701],"extended":false,"handId":274,"id":2740,"length":47.7925,"mcpPosition":[-55.3182,285.673,28.9192],"pipPosition":[-65.7559,287.144,-15.6268],"stabilizedTipPosition":[-60.0276,261.139,101.386],"timeVisible":1.39214,"tipPosition":[-44.3549,277.659,-53.7219],"tipVelocity":[15.3726,-10.7876,-91.727],"tool":false,"touchDistance":-0.411561,"touchZone":"touching","type":0,"width":18.5699},{"bases":[[[0.991797,0.0307399,-0.124074],[-0.00256463,0.975243,0.22112],[0.127799,-0.218988,0.967322]],[[0.99381,0.027045,-0.107754],[0.0103823,0.943063,0.332452],[0.11061,-0.331512,0.936944]],[[0.99381,0.027045,-0.107754],[-0.00465819,0.979208,0.202806],[0.110999,-0.201049,0.973272]],[[0.99381,0.027045,-0.107754],[-0.0171117,0.995606,0.0920649],[0.109771,-0.0896511,0.989906]]],"btipPosition":[-64.3873,339.401,-112.742],"carpPosition":[-47.2271,305.705,26.5149],"dipPosition":[-62.6674,337.996,-97.2325],"direction":[-0.110999,0.201049,-0.973272],"extended":true,"handId":274,"id":2741,"length":53.9285,"mcpPosition":[-55.8492,320.479,-38.7462],"pipPosition":[-60.2071,333.54,-75.6599],"stabilizedTipPosition":[-65.6027,313.845,53.7864],"timeVisible":1.39214,"tipPosition":[-63.3574,338.129,-109.425],"tipVelocity":[-27.5341,9.02834,-97.1452],"tool":false,"touchDistance":-0.420266,"touchZone":"touching","type":1,"width":17.738},{"bases":[[[0.985752,-0.165837,-0.02811],[0.167954,0.961356,0.218144],[-0.00915281,-0.219757,0.975512]],[[0.985116,-0.171886,-0.000964324],[0.0826516,0.478599,-0.874135],[0.150713,0.861045,0.485682]],[[0.985116,-0.171886,-0.000964324],[-0.127047,-0.724334,-0.677642],[0.115779,0.667679,-0.735391]],[[0.985116,-0.171886,-0.000964324],[-0.17071,-0.977689,-0.122399],[0.0200959,0.120742,-0.99248]]],"btipPosition":[-45.6632,264.198,-22.6488],"carpPosition":[-36.2216,307.689,24.9516],"dipPosition":[-45.3169,266.278,-39.7521],"direction":[-0.115779,-0.667679,0.735391],"extended":false,"handId":274,"id":2742,"length":61.4471,"mcpPosition":[-35.636,321.749,-37.4612],"pipPosition":[-42.2977,283.689,-58.929],"stabilizedTipPosition":[-48.0459,259.892,123.625],"timeVisible":1.39214,"tipPosition":[-45.5473,264.861,-27.8544],"tipVelocity":[-11.4645,-5.46727,-46.5707],"tool":false,"touchDistance":0.333333,"touchZone":"none","type":2,"width":17.4211},{"bases":[[[0.958177,-0.268365,0.0993869],[0.237575,0.939555,0.246565],[-0.159549,-0.212641,0.964017]],[[0.952406,-0.275218,0.131062],[0.23451,0.386836,-0.891831],[0.194749,0.880121,0.432967]],[[0.952406,-0.275218,0.131062],[-0.132532,-0.761039,-0.635024],[0.274513,0.587431,-0.761294]],[[0.952406,-0.275218,0.131062],[-0.262739,-0.959153,-0.104854],[0.154566,0.0654289,-0.985814]]],"btipPosition":[-33.4616,266.899,-12.8027],"carpPosition":[-25.0252,306.789,24.0827],"dipPosition":[-30.8133,268.02,-29.6935],"direction":[-0.274513,-0.587431,0.761294],"extended":false,"handId":274,"id":2743,"length":59.0831,"mcpPosition":[-15.8603,319.003,-31.2933],"pipPosition":[-23.8396,282.943,-49.0331],"stabilizedTipPosition":[-32.0284,262.448,127.108],"timeVisible":1.39214,"tipPosition":[-32.7125,267.235,-17.8868],"tipVelocity":[-16.498,1.63144,-49.0249],"tool":false,"touchDistance":0.333333,"touchZone":"none","type":3,"width":16.5772},{"bases":[[[0.880757,-0.4427,0.168178],[0.368679,0.863875,0.343215],[-0.297226,-0.240285,0.924078]],[[0.835482,-0.469808,0.285043],[0.467713,0.335661,-0.817665],[0.288468,0.816463,0.500174]],[[0.835482,-0.469808,0.285043],[-0.16757,-0.711826,-0.682073],[0.523345,0.522096,-0.673444]],[[0.835482,-0.469808,0.285043],[-0.428116,-0.881687,-0.198358],[0.344509,0.0436933,-0.937766]]],"btipPosition":[-22.7214,275.543,-14.4974],"carpPosition":[-14.3401,299.295,23.9563],"dipPosition":[-17.2758,276.234,-29.3204],"direction":[-0.523345,-0.522096,0.673444],"extended":false,"handId":274,"id":2744,"length":46.32,"mcpPosition":[1.46467,312.072,-25.181],"pipPosition":[-7.88907,285.598,-41.3994],"stabilizedTipPosition":[-19.655,271.011,128.506],"timeVisible":1.39214,"tipPosition":[-21.2311,275.837,-