{"sensorType":"Leap","data":[[0,{"currentFrameRate":109.428,"devices":[],"gestures":[],"hands":[{"armBasis":[[0.749224,-0.434674,-0.499722],[0.59976,0.765361,0.233473],[0.280983,-0.474637,0.834127]],"armWidth":58.4334,"confidence":0.557507,"direction":[0.0522964,0.340495,-0.938791],"elbow":[66.3301,182.539,238.337],"grabStrength":0,"id":260,"palmNormal":[-0.597539,-0.742548,-0.302605],"palmPosition":[-8.61165,318.01,-14.7288],"palmVelocity":[-128.908,-87.071,-372.81],"palmWidth":83.4409,"pinchStrength":1,"r":[[0.936126,0.207562,0.283876],[-0.0959047,0.927322,-0.361769],[-0.338334,0.311436,0.887997]],"s":0.995049,"sphereCenter":[-27.0072,292.22,-45.7995],"sphereRadius":41.707,"stabilizedPalmPosition":[6.4475,363.82,166.868],"t":[-14.1225,-48.6936,-193.077],"timeVisible":0.262128,"type":"right","wrist":[-3.24097,300.059,31.8079]}],"id":297026,"interactionBox":{"center":[0,200,0],"size":[235.247,235.247,147.751]},"pointables":[{"bases":[[[0.866631,0.498498,0.0212245],[-0.397124,0.663391,0.634196],[0.302066,-0.558043,0.772881]],[[0.676224,0.678702,-0.286505],[-0.590401,0.731881,0.34026],[0.440622,-0.0609389,0.895622]],[[0.676224,0.678702,-0.286505],[-0.736591,0.629466,-0.247399],[0.0124348,0.378334,0.925586]],[[0.676224,0.678702,-0.286505],[-0.708845,0.493514,-0.503967],[-0.200649,0.543882,0.814821]]],"btipPosition":[-46.4933,286.002,-51.3651],"carpPosition":[-30.2408,306.715,36.0607],"dipPosition":[-50.7996,297.675,-33.8775],"direction":[-0.0124348,-0.378334,-0.925586],"extended":false,"handId":260,"id":2600,"length":47.7925,"mcpPosition":[-30.2408,306.715,36.0607],"pipPosition":[-50.4108,309.504,-4.93736],"stabilizedTipPosition":[-51.5273,351.327,104.508],"timeVisible":0.262128,"tipPosition":[-48.6289,289.946,-47.5722],"tipVelocity":[-126.417,-72.1496,-378.758],"tool":false,"touchDistance":-0.652672,"touchZone":"hovering","type":0,"width":18.5699},{"bases":[[[0.797555,-0.511431,-0.319914],[0.578647,0.798491,0.166074],[0.170513,-0.31757,0.932778]],[[0.815333,-0.561355,-0.141822],[0.57613,0.810915,0.102429],[0.0575061,-0.165222,0.984578]],[[0.815333,-0.561355,-0.141822],[0.567829,0.823122,0.0063926],[0.113148,-0.0857426,0.989872]],[[0.815333,-0.561355,-0.141822],[0.557549,0.827263,-0.0691046],[0.156116,-0.0227293,0.987477]]],"btipPosition":[-31.8186,349.296,-108.076],"carpPosition":[-13.0952,319.105,31.0571],"dipPosition":[-29.3726,348.94,-92.6044],"direction":[-0.113148,0.0857426,-0.989872],"extended":true,"handId":260,"id":2601,"length":53.9285,"mcpPosition":[-24.599,340.53,-31.8735],"pipPosition":[-26.8646,347.039,-70.6639],"stabilizedTipPosition":[-37.2183,392.109,57.3046],"timeVisible":0.262128,"tipPosition":[-31.9807,347.514,-104.474],"tipVelocity":[-71.6926,6.72478,-368.145],"tool":false,"touchDistance":0.330067,"touchZone":"hovering","type":1,"width":17.738},{"bases":[[[0.70285,-0.678213,-0.214544],[0.708755,0.693366,0.130036],[0.060565,-0.243455,0.968019]],[[0.703815,-0.682432,-0.19731],[0.471462,0.656488,-0.588852],[0.531383,0.321418,0.783787]],[[0.703815,-0.682432,-0.19731],[-0.467286,-0.235546,-0.852152],[0.53506,0.691957,-0.484671]],[[0.703815,-0.682432,-0.19731],[-0.710346,-0.678923,-0.185663],[-0.00725603,0.270831,-0.9626]]],"btipPosition":[-44.5657,293.467,-40.1118],"carpPosition":[-3.37517,314.81,27.2389],"dipPosition":[-44.6908,298.135,-56.7002],"direction":[-0.53506,-0.691957,0.484671],"extended":false,"handId":260,"id":2602,"length":61.4471,"mcpPosition":[-7.25009,330.386,-34.6945],"pipPosition":[-30.738,316.179,-69.339],"stabilizedTipPosition":[-36.0739,342.258,113.588],"timeVisible":0.262128,"tipPosition":[-44.5612,294.434,-43.4382],"tipVelocity":[-130.518,-56.5761,-390.942],"tool":false,"touchDistance":0.333333,"touchZone":"none","type":2,"width":17.4211},{"bases":[[[0.648659,-0.756974,-0.0789416],[0.758729,0.635025,0.145168],[-0.0597585,-0.15406,0.986253]],[[0.649534,-0.754408,-0.0947369],[0.564197,0.56175,-0.605077],[0.509693,0.339568,0.79051]],[[0.649534,-0.754408,-0.0947369],[-0.431596,-0.263249,-0.862801],[0.625964,0.601306,-0.496588]],[[0.649534,-0.754408,-0.0947369],[-0.755304,-0.625903,-0.194321],[0.0873011,0.197773,-0.976353]]],"btipPosition":[-29.8046,284.235,-35.4859],"carpPosition":[5.04379,307.962,24.2129],"dipPosition":[-28.3088,287.624,-52.2146],"direction":[-0.625964,-0.601306,0.496588],"extended":false,"handId":260,"id":2603,"length":59.0831,"mcpPosition":[8.47649,316.812,-32.4404],"pipPosition":[-12.407,302.899,-64.8298],"stabilizedTipPosition":[-21.4835,327.246,96.1979],"timeVisible":0.262128,"tipPosition":[-29.513,285.028,-39.9868],"tipVelocity":[-140.383,-74.0846,-367.821],"tool":false,"touchDistance":0.333333,"touchZone":"none","type":3,"width":16.5772},{"bases":[[[0.503043,-0.864166,0.0128434],[0.842103,0.493435,0.217682],[-0.19445,-0.0986876,0.975935]],[[0.515461,-0.855097,-0.0557546],[0.672985,0.444243,-0.591387],[0.530462,0.267315,0.804458]],[[0.515461,-0.855097,-0.0557546],[-0.432825,-0.203652,-0.878173],[0.739569,0.476796,-0.475082]],[[0.515461,-0.855097,-0.0557546],[-0.837524,-0.488968,-0.243851],[0.181254,0.172392,-0.968209]]],"btipPosition":[-13.4352,281.16,-31.7956],"carpPosition":[9.55557,295.857,22.3588],"dipPosition":[-10.5702,283.885,-47.0998],"direction":[-0.739569,-0.476796,0.475082],"extended":false,"handId":260,"id":2604,"length":46.32,"mcpPosition":[19.8953,301.104,-29.5359],"pipPosition":[2.6948,292.436,-55.6209],"stabilizedTipPosition":[-6.08876,325.41,103.01],"timeVisible":0.262128,"tipPosition":[-12.9543,281.725,-35.4903],"tipVelocity":[-133.101,-75.9041,-407.084],"tool":false,"touchDistance":0.333333,"touchZone":"none","type":4,"width":14.7252}],"r":[[0.936126,0.207562,0.283876],[-0.0959047,0.927322,-0.361769],[-0.338334,0.311436,0.887997]],"s":0.995049,"t":[-14.1225,-48.6936,-193.077],"timestamp":3067699319},false],[1,{"currentFrameRate":109.359,"devices":[],"gestures":[],"hands":[{"armBasis":[[0.750754,-0.439382,-0.493267],[0.599265,0.767186,0.228706],[0.277938,-0.4673,0.839274]],"armWidth":58.4334,"confidence":0.572167,"direction":[0.0547167,0.345771,-0.936722],"elbow":[64.2832,183.045,236.828],"grabStrength":0,"id":260,"palmNormal":[-0.596779,-0.740809,-0.308313],"palmPosition":[-9.78472,316.961,-17.4244],"palmVelocity":[-128.251,-94.4111,-349.739],"palmWidth":83.4409,"pinchStrength":1,"r":[[0.936158,0.204663,0.28587],[-0.0925456,0.927874,-0.361228],[-0.339181,0.31171,0.887577]],"s":0.998556,"sphereCenter":[-28.2725,291.857,-48.6421],"sphereRadius":41.6135,"stabilizedPalmPosition":[6.42587,363.758,166.622],"t":[-15.3274,-49.671,-196.194],"timeVisible":0.271396,"type":"right","wrist":[-4.53407,298.748,29.0242]}],"id":297027,"interactionBox":{"center":[0,200,0],"size":[235.247,235.247,147.751]},"pointables":[{"bases":[[[0.866587,0.498336,0.0262557],[-0.398734,0.659827,0.636898],[0.300065,-0.562396,0.770501]],[[0.676971,0.680279,-0.280948],[-0.59072,0.729896,0.343951],[0.439045,-0.0668831,0.895972]],[[0.676971,0.680279,-0.280948],[-0.735968,0.629761,-0.2485],[0.00788055,0.374996,0.926993]],[[0.676971,0.680279,-0.280948],[-0.707473,0.496187,-0.50327],[-0.202961,0.539462,0.817183]]],"btipPosition":[-47.5328,285.14,-54.2915],"carpPosition":[-31.5446,305.381,33.245],"dipPosition":[-51.8888,296.718,-36.7532],"direction":[-0.00788055,-0.374996,-0.926993],"extended":false,"handId":260,"id":2600,"length":47.7925,"mcpPosition":[-31.5446,305.381,33.245],"pipPosition":[-51.6424,308.443,-7.76907],"stabilizedTipPosition":[-51.5108,350.977,103.655],"timeVisible":0.271396,"tipPosition":[-49.6493,289.023,-50.49],"tipVelocity":[-122.752,-78.687,-360.669],"tool":false,"touchDistance":-0.659459,"touchZone":"hovering","type":0,"width":18.5699},{"bases":[[[0.79836,-0.509655,-0.320738],[0.578239,0.79752,0.172051],[0.168108,-0.322822,0.931411]],[[0.815647,-0.560187,-0.144602],[0.576293,0.808732,0.11764],[0.0510438,-0.179286,0.982472]],[[0.815647,-0.560187,-0.144602],[0.568548,0.82238,0.0210808],[0.107109,-0.0994078,0.989265]],[[0.815647,-0.560187,-0.144602],[0.558612,0.827593,-0.0551607],[0.150572,-0.0357848,0.987951]]],"btipPosition":[-32.4717,349.405,-110.597],"carpPosition":[-14.3859,317.798,28.3553],"dipPosition":[-30.1125,348.845,-95.1176],"direction":[-0.107109,0.0994078,-0.989265],"extended":true,"handId":260,"id":2601,"length":53.9285,"mcpPosition":[-25.7274,339.578,-34.4831],"pipPosition":[-27.7384,346.641,-73.1904],"stabilizedTipPosition":[-37.2153,392.085,57.2111],"timeVisible":0.271396,"tipPosition":[-32.6583,347.577,-107.02],"tipVelocity":[-71.9532,6.73413,-341.019],"tool":false,"touchDistance":0.331071,"touchZone":"hovering","type":1,"width":17.738},{"bases":[[[0.70338,-0.677024,-0.216552],[0.708437,0.692594,0.135757],[0.0580718,-0.248902,0.966786]],[[0.704312,-0.681396,-0.199108],[0.473793,0.660069,-0.582949],[0.528644,0.316242,0.787735]],[[0.704312,-0.681396,-0.199108],[-0.465915,-0.232084,-0.85385],[0.5356,0.694144,-0.480933]],[[0.704312,-0.681396,-0.199108],[-0.709851,-0.678972,-0.187373],[-0.00751373,0.273306,-0.961898]]],"btipPosition":[-45.5758,292.66,-43.0179],"carpPosition":[-4.65614,313.525,24.538],"dipPosition":[-45.7053,297.37,-59.5942],"direction":[-0.5356,-0.694144,0.480933],"extended":false,"handId":260,"id":2602,"length":61.4471,"mcpPosition":[-8.37155,329.449,-37.3166],"pipPosition":[-31.7384,315.471,-72.1355],"stabilizedTipPosition":[-36.0956,342.148,113.222],"timeVisible":0.271396,"tipPosition":[-45.608,293.608,-46.3743],"tipVelocity":[-124.487,-64.8759,-369.077],"tool":false,"touchDistance":0.333333,"touchZone":"none","type":2,"width":17.4211},{"bases":[[[0.64884,-0.756544,-0.0815344],[0.758371,0.634166,0.150688],[-0.0622958,-0.159606,0.985213]],[[0.649865,-0.753519,-0.0994246],[0.561104,0.563876,-0.605975],[0.512677,0.338014,0.789246]],[[0.649865,-0.753519,-0.0994246],[-0.435514,-0.261969,-0.86122],[0.622899,0.602977,-0.498413]],[[0.649865,-0.753519,-0.0994246],[-0.755402,-0.625897,-0.19396],[0.0839228,0.201153,-0.975958]]],"btipPosition":[-30.9187,283.249,-38.0526],"carpPosition":[3.77038,306.694,21.4951],"dipPosition":[-29.4808,286.695,-54.7745],"direction":[-0.622899,-0.602977,0.498413],"extended":false,"handId":260,"id":2603,"length":59.0831,"mcpPosition":[7.34883,315.862,-35.0985],"pipPosition":[-13.6569,302.013,-67.436],"stabilizedTipPosition":[-21.5194,327.076,95.6525],"timeVisible":0.271396,"tipPosition":[-30.622,284.081,-42.6222],"tipVelocity":[-135.11,-82.784,-342.192],"tool":false,"touchDistance":0.333333,"touchZone":"none","type":3,"width":16.5772},{"bases":[[[0.502985,-0.864245,0.00927162],[0.841554,0.492167,0.222617],[-0.196959,-0.104171,0.974862]],[[0.516396,-0.853939,-0.0642105],[0.677619,0.453315,-0.579084],[0.52361,0.255526,0.812735]],[[0.516396,-0.853939,-0.0642105],[-0.42654,-0.19147,-0.88397],[0.742562,0.483867,-0.463113]],[[0.516396,-0.853939,-0.0642105],[-0.836319,-0.486775,-0.252229],[0.184132,0.183951,-0.965535]]],"btipPosition":[-14.4478,280.266,-35.0382],"carpPosition":[8.28658,294.599,19.5845],"dipPosition":[-11.5372,283.174,-50.3001],"direction":[-0.742562,-0.483867,0.463113],"extended":false,"handId":260,"id":2604,"length":46.32,"mcpPosition":[18.7598,300.138,-32.2532],"pipPosition":[1.78142,291.852,-58.6066],"stabilizedTipPosition":[-6.11125,325.28,102.596],"timeVisible":0.271396,"tipPosition":[-13.9816,280.859,-38.587],"tipVelocity":[-126.07,-80.3987,-390.683],"tool":false,"touchDistance":0.333333,"touchZone":"none","type":4,"width":14.7252}],"r":[[0.936158,0.204663,0.28587],[-0.0925456,0.927874,-0.361228],[-0.339181,0.31171,0.887577]],"s":0.998556,"t":[-15.3274,-49.671,-196.194],"timestamp":3067708587},false],[2,{"currentFrameRate":109.482,"devices":[],"gestures":[],"hands":[{"armBasis":[[0.753695,-0.442185,-0.486227],[0.596975,0.770041,0.225072],[0.274891,-0.459901,0.844349]],"armWidth":58.4334,"confidence":0.569508,"direction":[0.0608558,0.352543,-0.933815],"elbow":[61.909,184.025,234.449],"grabStrength":0,"id":260,"palmNormal":[-0.593871,-0.739154,-0.317755],"palmPosition":[-11.1009,316.438,-20.9636],"palmVelocity":[-133.534,-84.7012,-362.621],"palmWidth":83.4409,"pinchStrength":1,"r":[[0.935733,0.202115,0.289055],[-0.0895402,0.928806,-0.359585],[-0.341154,0.310593,0.887212]],"s":1.00261,"sphereCenter":[-29.5385,292.112,-52.3831],"sphereRadius":41.4736,"stabilizedPalmPosition":[6.40207,363.694,166.367],"t":[-16.5879,-50.4216,-199.522],"timeVisible":0.28031,"type":"right","wrist":[-6.15376,297.896,25.3885]}],"id":297028,"interactionBox":{"center":[0,200,0],"size":[235.247,235.247,147.751]},"pointables":[{"bases":[[[0.865875,0.498975,0.0358439],[-0.403813,0.654848,0.638834],[0.29529,-0.567624,0.768509]],[[0.677991,0.68305,-0.271609],[-0.593469,0.726672,0.346039],[0.433732,-0.0734201,0.898045]],[[0.677991,0.68305,-0.271609],[-0.735061,0.628082,-0.255341],[-0.00381836,0.372768,0.927917]],[[0.677991,0.68305,-0.271609],[-0.703628,0.496148,-0.508669],[-0.212688,0.535984,0.816997]]],"btipPosition":[-48.3701,284.675,-58.1871],"carpPosition":[-33.1996,304.473,29.4692],"dipPosition":[-52.9348,296.178,-40.6528],"direction":[0.00381836,-0.372768,-0.927917],"extended":false,"handId":260,"id":2600,"length":47.7925,"mcpPosition":[-33.1996,304.473,29.4692],"pipPosition":[-53.0542,307.834,-11.6398],"stabilizedTipPosition":[-51.5009,350.674,102.904],"timeVisible":0.28031,"tipPosition":[-50.518,288.515,-54.4088],"tipVelocity":[-116.369,-71.9879,-381.492],"tool":false,"touchDistance":-0.680295,"touchZone":"hovering","type":0,"width":18.5699},{"bases":[[[0.801084,-0.506562,-0.318839],[0.576218,0.796825,0.181778],[0.161977,-0.32934,0.930214]],[[0.817182,-0.557992,-0.144423],[0.574986,0.806615,0.136981],[0.0400596,-0.194979,0.979989]],[[0.817182,-0.557992,-0.144423],[0.568247,0.821895,0.0398131],[0.0964851,-0.114602,0.988715]],[[0.817182,-0.557992,-0.144423],[0.559008,0.828323,-0.0372983],[0.140441,-0.0502541,0.988813]]],"btipPosition":[-32.8653,350.17,-113.987],"carpPosition":[-16.0201,316.941,24.7879],"dipPosition":[-30.6649,349.382,-98.4942],"direction":[-0.0964851,0.114602,-0.988715],"extended":true,"handId":260,"id":2601,"length":53.9285,"mcpPosition":[-26.948,339.16,-37.9697],"pipPosition":[-28.5263,346.842,-76.5793],"stabilizedTipPosition":[-37.2131,392.065,57.1337],"timeVisible":0.28031,"tipPosition":[-33.1023,348.283,-110.439],"tipVelocity":[-65.4993,26.6637,-351.628],"tool":false,"touchDistance":0.330398,"touchZone":"hovering","type":1,"width":17.738},{"bases":[[[0.705556,-0.674768,-0.216518],[0.706772,0.692289,0.145636],[0.0516225,-0.255783,0.965355]],[[0.706388,-0.679372,-0.198669],[0.471955,0.661242,-0.58311],[0.527517,0.318139,0.787727]],[[0.706388,-0.679372,-0.198669],[-0.469056,-0.239087,-0.85019],[0.530097,0.693751,-0.487552]],[[0.706388,-0.679372,-0.198669],[-0.707689,-0.683357,-0.179443],[-0.0138532,0.267352,-0.963499]]],"btipPosition":[-46.4642,292.309,-46.2561],"carpPosition":[-6.25981,312.705,21.0076],"dipPosition":[-46.703,296.916,-62.86],"direction":[-0.530097,-0.693751,0.487552],"extended":false,"handId":260,"id":2602,"length":61.4471,"mcpPosition":[-9.56259,329.07,-40.7554],"pipPosition":[-32.8796,315.007,-75.574],"stabilizedTipPosition":[-36.1168,342.049,112.89],"timeVisible":0.28031,"tipPosition":[-46.5758,293.269,-49.9285],"tipVelocity":[-118.496,-58.6473,-367.69],"tool":false,"touchDistance":0.333333,"touchZone":"none","type":2,"width":17.4211},{"bases":[[[0.650162,-0.755308,-0.0824566],[0.75666,0.633804,0.160494],[-0.068961,-0.166738,0.983587]],[[0.651414,-0.751812,-0.102167],[0.559122,0.566696,-0.605176],[0.512876,0.337097,0.789508]],[[0.651414,-0.751812,-0.102167],[-0.436462,-0.261174,-0.860982],[0.620614,0.605447,-0.498269]],[[0.651414,-0.751812,-0.102167],[-0.754067,-0.626627,-0.196779],[0.0839203,0.205225,-0.97511]]],"btipPosition":[-32.0618,282.773,-41.5088],"carpPosition":[2.19457,305.904,17.9743],"dipPosition":[-30.6239,286.29,-58.2162],"direction":[-0.620614,-0.605447,0.498269],"extended":false,"handId":260,"id":2603,"length":59.0831,"mcpPosition":[6.1559,315.482,-38.5258],"pipPosition":[-14.858,301.67,-70.8741],"stabilizedTipPosition":[-21.5572,326.915,95.1309],"timeVisible":0.28031,"tipPosition":[-31.7382,283.658,-46.1681],"tipVelocity":[-133.236,-74.2623,-354.493],"tool":false,"touchDistance":0.333333,"touchZone":"none","type":3,"width":16.5772},{"bases":[[[0.503791,-0.863801,0.00655994],[0.839487,0.491373,0.231978],[-0.203606,-0.111361,0.972699]],[[0.518299,-0.852306,-0.0702889],[0.683274,0.462129,-0.565308],[0.514298,0.244972,0.82188]],[[0.518299,-0.852306,-0.0702889],[-0.417356,-0.180347,-0.890668],[0.746445,0.490968,-0.449188]],[[0.518299,-0.852306,-0.0702889],[-0.833626,-0.485171,-0.263963],[0.190875,0.195407,-0.961968]]],"btipPosition":[-15.5189,279.911,-39.1019],"carpPosition":[6.73626,293.827,16.0084],"dipPosition":[-12.5018,283,-54.3075],"direction":[-0.746445,-0.490968,0.449188],"extended":false,"handId":260,"id":2604,"length":46.32,"mcpPosition":[17.5629,299.749,-35.7142],"pipPosition":[0.886474,291.806,-62.3642],"stabilizedTipPosition":[-6.13303,325.169,102.233],"timeVisible":0.28031,"tipPosition":[-15.0439,280.534,-42.5508],"tipVelocity":[-123.714,-68.0851,-408.044],"tool":false,"touchDistance":0.333333,"touchZone":"none","type":4,"width":14.7252}],"r":[[0.935733,0.202115,0.289055],[-0.0895402,0.928806,-0.359585],[-0.341154,0.310593,0.887212]],"s":1.00261,"t":[-16.5879,-50.4216,-199.522],"timestamp":3067717501},false],[3,{"currentFrameRate":109.44,"devices":[],"gestures":[],"hands":[{"armBasis":[[0.752304,-0.445182,-0.485646],[0.599075,0.768983,0.223102],[0.274132,-0.458779,0.845206]],"armWidth":58.4334,"confidence":0.580822,"direction":[0.0641886,0.346383,-0.935895],"elbow":[60.746,183.496,232.586],"grabStrength":0,"id":260,"palmNormal":[-0.595664,-0.73914,-0.314416],"palmPosition":[-11.9069,315.352,-23.1668],"palmVelocity":[-120.64,-93.9771,-328.048],"palmWidth":83.4409,"pinchStrength":1,"r":[[0.935386,0.199804,0.291773],[-0.0863385,0.929148,-0.359485],[-0.342927,0.311066,0.886363]],"s":1.00683,"sphereCenter":[-30.5542,291.481,-54.3938],"sphereRadius":41.3528,"stabilizedPalmPosition":[6.37388,363.619,166.076],"t":[-17.6212,-51.3396,-202.288],"timeVisible":0.289522,"type":"right","wrist":[-7.12879,297.09,23.3135]}],"id":297029,"interactionBox":{"center":[0,200,0],"size":[235.247,235.247,147.751]},"pointables":[{"bases":[[[0.867489,0.496248,0.0346642],[-0.403032,0.66027,0.633726],[0.291597,-0.563721,0.772781]],[[0.680458,0.679249,-0.274948],[-0.591236,0.730571,0.341623],[0.432916,-0.069901,0.89872]],[[0.680458,0.679249,-0.274948],[-0.732733,0.626163,-0.266499],[-0.00885695,0.382805,0.923787]],[[0.680458,0.679249,-0.274948],[-0.699891,0.491271,-0.518465],[-0.217093,0.545228,0.80969]]],"btipPosition":[-49.0424,283.313,-60.1112],"carpPosition":[-34.1613,303.784,27.2901],"dipPosition":[-53.7016,295.015,-42.7337],"direction":[0.00885695,-0.382805,-0.923787],"extended":false,"handId":260,"id":2600,"length":47.7925,"mcpPosition":[-34.1613,303.784,27.2901],"pipPosition":[-53.9785,306.984,-13.8498],"stabilizedTipPosition":[-51.4943,350.367,102.148],"timeVisible":0.289522,"tipPosition":[-51.1752,287.169,-56.4091],"tipVelocity":[-104.878,-91.8535,-334.245],"tool":false,"touchDistance":-0.670001,"touchZone":"hovering","type":0,"width":18.5699},{"bases":[[[0.800076,-0.511302,-0.313766],[0.578518,0.796003,0.178034],[0.15873,-0.32396,0.93266]],[[0.815581,-0.561301,-0.1406],[0.577692,0.803762,0.142263],[0.0331565,-0.197251,0.979792]],[[0.815581,-0.561301,-0.1406],[0.571574,0.819338,0.0445934],[0.0901687,-0.116733,0.989062]],[[0.815581,-0.561301,-0.1406],[0.562732,0.825973,-0.0331857],[0.134759,-0.0520545,0.98951]]],"btipPosition":[-33.0538,349.194,-116.382],"carpPosition":[-16.9287,316.164,22.5691],"dipPosition":[-30.9424,348.379,-100.878],"direction":[-0.0901687,0.116733,-0.989062],"extended":true,"handId":260,"id":2601,"length":53.9285,"mcpPosition":[-27.6375,338.02,-40.3535],"pipPosition":[-28.9438,345.791,-78.9553],"stabilizedTipPosition":[-37.2113,392.049,57.0685],"timeVisible":0.289522,"tipPosition":[-33.3239,347.305,-112.837],"tipVelocity":[-53.5093,-10.6551,-325.877],"tool":false,"touchDistance":0.331193,"touchZone":"hovering","type":1,"width":17.738},{"bases":[[[0.70374,-0.678526,-0.210598],[0.708797,0.690796,0.142858],[0.0485472,-0.249806,0.967078]],[[0.704528,-0.683095,-0.192413],[0.474254,0.654876,-0.588405],[0.527943,0.323295,0.785338]],[[0.704528,-0.683095,-0.192413],[-0.472246,-0.248876,-0.845603],[0.52974,0.686617,-0.497929]],[[0.704528,-0.683095,-0.192413],[-0.709444,-0.684862,-0.166292],[-0.0181831,0.253664,-0.967122]]],"btipPosition":[-47.1169,291.286,-48.0971],"carpPosition":[-7.1743,311.87,18.8384],"dipPosition":[-47.4302,295.658,-64.7634],"direction":[-0.52974,-0.686617,0.497929],"extended":false,"handId":260,"id":2602,"length":61.4471,"mcpPosition":[-10.2803,327.853,-43.0349],"pipPosition":[-33.6161,313.563,-77.7479],"stabilizedTipPosition":[-36.1399,341.945,112.546],"timeVisible":0.289522,"tipPosition":[-47.2928,292.179,-51.903],"tipVelocity":[-105.674,-74.9693,-321.121],"tool":false,"touchDistance":0.333333,"touchZone":"none","type":2,"width":17.4211},{"bases":[[[0.647766,-0.758023,-0.0761552],[0.758451,0.632238,0.158203],[-0.071773,-0.160238,0.984466]],[[0.649164,-0.75439,-0.0973742],[0.556877,0.55855,-0.614744],[0.518145,0.344844,0.782693]],[[0.649164,-0.75439,-0.0973742],[-0.4424,-0.270317,-0.855109],[0.618764,0.598184,-0.509222]],[[0.649164,-0.75439,-0.0973742],[-0.75637,-0.626641,-0.187686],[0.0805698,0.19549,-0.977391]]],"btipPosition":[-32.9426,281.552,-43.0692],"carpPosition":[1.26371,305.022,15.8678],"dipPosition":[-31.5621,284.901,-59.8157],"direction":[-0.618764,-0.598184,0.509222],"extended":false,"handId":260,"id":2603,"length":59.0831,"mcpPosition":[5.38657,314.226,-40.6828],"pipPosition":[-15.8432,300.097,-72.7518],"stabilizedTipPosition":[-21.6028,326.731,94.5459],"timeVisible":0.289522,"tipPosition":[-32.6108,282.421,-47.8201],"tipVelocity":[-123.102,-91.7792,-302.928],"tool":false,"touchDistance":0.333333,"touchZone":"none","type":3,"width":16.5772},{"bases":[[[0.500824,-0.865449,0.013212],[0.840628,0.489984,0.230781],[-0.206203,-0.104474,0.972916]],[[0.516029,-0.853985,-0.0665119],[0.687805,0.459387,-0.56204],[0.510528,0.244282,0.824431]],[[0.516029,-0.853985,-0.0665119],[-0.413657,-0.180455,-0.89237],[0.750068,0.488002,-0.446377]],[[0.516029,-0.853985,-0.0665119],[-0.83433,-0.483533,-0.264743],[0.193926,0.192108,-0.962023]]],"btipPosition":[-16.3394,278.762,-41.265],"carpPosition":[5.76863,292.917,13.9892],"dipPosition":[-13.2741,281.799,-56.4714],"direction":[-0.750068,-0.488002,0.446377],"extended":false,"handId":260,"id":2604,"length":46.32,"mcpPosition":[16.7333,298.473,-37.745],"pipPosition":[0.179173,290.552,-64.4777],"stabilizedTipPosition":[-6.1564,325.056,101.872],"timeVisible":0.289522,"tipPosition":[-15.8644,279.366,-44.6487],"tipVelocity":[-113.674,-84.2988,-359.536],"tool":false,"touchDistance":0.333333,"touchZone":"none","type":4,"width":14.7252}],"r":[[0.935386,0.199804,0.291773],[-0.0863385,0.929148,-0.359485],[-0.342927,0.311066,0.886363]],"s":1.00683,"t":[-17.6212,-51.3396,-202.288],"timestamp":3067726713},false],[4,{"currentFrameRate":109.564,"devices":[],"gestures":[],"hands":[{"armBasis":[[0.754742,-0.444164,-0.482786],[0.59725,0.769679,0.225578],[0.271397,-0.458598,0.846187]],"armWidth":58.4334,"confidence":0.582474,"direction":[0.0675318,0.344418,-0.936384],"elbow":[59.2182,182.88,231.413],"grabStrength":0,"id":260,"palmNormal":[-0.593528,-0.740529,-0.315184],"palmPosition":[-12.5926,314.584,-24.6411],"palmVelocity":[-108.762,-91.8899,-283.824],"palmWidth":83.4409,"pinchStrength":1,"r":[[0.934817,0.198305,0.294607],[-0.0837083,0.929239,-0.359871],[-0.345124,0.311753,0.885268]],"s":1.01113,"sphereCenter":[-31.1766,291.029,-55.8364],"sphereRadius":41.2852,"stabilizedPalmPosition":[6.34202,363.537,165.755],"t":[-18.4807,-52.1829,-204.408],"timeVisible":0.298428,"type":"right","wrist":[-7.97935,296.428,21.8977]}],"id":297030,"interactionBox":{"center":[0,200,0],"size":[235.247,235.247,147.751]},"pointables":[{"bases":[[[0.866758,0.497351,0.0370552],[-0.406346,0.661171,0.630663],[0.289161,-0.561689,0.775172]],[[0.680593,0.67954,-0.273896],[-0.592912,0.730453,0.338961],[0.430405,-0.0682976,0.900048]],[[0.680593,0.67954,-0.273896],[-0.73253,0.624027,-0.272011],[-0.0139235,0.385766,0.922492]],[[0.680593,0.67954,-0.273896],[-0.698423,0.4888,-0.522762],[-0.221357,0.547083,0.80728]]],"btipPosition":[-49.5517,282.422,-61.6185],"carpPosition":[-35.0355,303.099,25.7513],"dipPosition":[-54.3024,294.164,-44.2928],"direction":[0.0139235,-0.385766,-0.922492],"extended":false,"handId":260,"id":2600,"length":47.7925,"mcpPosition":[-35.0355,303.099,25.7513],"pipPosition":[-54.7377,306.225,-15.4494],"stabilizedTipPosition":[-51.4903,350.061,101.4],"timeVisible":0.298428,"tipPosition":[-51.6667,286.248,-57.9418],"tipVelocity":[-92.5413,-93.798,-289.707],"tool":false,"touchDistance":-0.654123,"touchZone":"hovering","type":0,"width":18.5699},{"bases":[[[0.801929,-0.511035,-0.309441],[0.576862,0.797074,0.178611],[0.155371,-0.321739,0.933994]],[[0.816786,-0.560323,-0.137474],[0.576366,0.803099,0.151111],[0.025734,-0.20266,0.978911]],[[0.816786,-0.560323,-0.137474],[0.570935,0.819293,0.0528342],[0.083027,-0.121643,0.989095]],[[0.816786,-0.560323,-0.137474],[0.562562,0.826356,-0.0256986],[0.128002,-0.0563472,0.990172]]],"btipPosition":[-33.1406,348.759,-117.945],"carpPosition":[-17.7986,315.489,21.0724],"dipPosition":[-31.135,347.876,-102.431],"direction":[-0.083027,0.121643,-0.989095],"extended":true,"handId":260,"id":2601,"length":53.9285,"mcpPosition":[-28.2809,337.195,-41.9402],"pipPosition":[-29.2947,345.18,-80.5073],"stabilizedTipPosition":[-37.2099,392.036,57.0166],"timeVisible":0.298428,"tipPosition":[-33.4411,346.865,-114.411],"tipVelocity":[-42.3419,-21.5397,-284.882],"tool":false,"touchDistance":0.331926,"touchZone":"hovering","type":1,"width":17.738},{"bases":[[[0.705377,-0.678148,-0.206295],[0.707404,0.691946,0.144188],[0.0449643,-0.247641,0.967808]],[[0.706114,-0.6828,-0.187585],[0.472063,0.651377,-0.594023],[0.527788,0.330896,0.782271]],[[0.706114,-0.6828,-0.187585],[-0.47402,-0.259004,-0.841559],[0.526031,0.683155,-0.506547]],[[0.706114,-0.6828,-0.187585],[-0.707781,-0.688512,-0.158104],[-0.021201,0.244408,-0.969441]]],"btipPosition":[-47.5821,290.39,-49.1917],"carpPosition":[-8.02432,311.199,17.3901],"dipPosition":[-47.9474,294.602,-65.898],"direction":[-0.526031,-0.683155,0.506547],"extended":false,"handId":260,"id":2602,"length":61.4471,"mcpPosition":[-10.9011,327.043,-44.5298],"pipPosition":[-34.2301,312.417,-79.1073],"stabilizedTipPosition":[-36.165,341.835,112.186],"timeVisible":0.298428,"tipPosition":[-47.7787,291.285,-53.1763],"tipVelocity":[-91.4958,-83.0757,-267.46],"tool":false,"touchDistance":0.333333,"touchZone":"none","type":2,"width":17.4211},{"bases":[[[0.648958,-0.757419,-0.0719039],[0.757066,0.63348,0.159858],[-0.07553,-0.158177,0.984518]],[[0.650491,-0.753674,-0.0940015],[0.555975,0.556828,-0.617118],[0.517449,0.349168,0.781235]],[[0.650491,-0.753674,-0.0940015],[-0.44229,-0.275275,-0.853583],[0.617447,0.596824,-0.512406]],[[0.650491,-0.753674,-0.0940015],[-0.755217,-0.628693,-0.185451],[0.0806713,0.191626,-0.978147]]],"btipPosition":[-33.4966,280.689,-44.3181],"carpPosition":[0.433589,304.354,14.4684],"dipPosition":[-32.1144,283.972,-61.0775],"direction":[-0.617447,-0.596824,0.512406],"extended":false,"handId":260,"id":2603,"length":59.0831,"mcpPosition":[4.77226,313.44,-42.0852],"pipPosition":[-16.429,299.134,-74.0945],"stabilizedTipPosition":[-21.6541,326.53,93.9136],"timeVisible":0.298428,"tipPosition":[-33.1589,281.547,-49.0909],"tipVelocity":[-106.519,-93.629,-258.741],"tool":false,"touchDistance":0.333333,"touchZone":"none","type":3,"width":16.5772},{"bases":[[[0.501785,-0.864823,0.0171083],[0.839119,0.491482,0.233076],[-0.209978,-0.102598,0.972308]],[[0.517677,-0.85312,-0.0647845],[0.690773,0.461439,-0.556692],[0.504819,0.243436,0.828189]],[[0.517677,-0.85312,-0.0647845],[-0.408105,-0.179669,-0.895081],[0.751971,0.489802,-0.441173]],[[0.517677,-0.85312,-0.0647845],[-0.832424,-0.484727,-0.268534],[0.197689,0.192942,-0.961089]]],"btipPosition":[-16.8556,277.978,-42.8175],"carpPosition":[4.96025,292.251,12.6342],"dipPosition":[-13.7308,281.028,-58.0092],"direction":[-0.751971,-0.489802,0.441173],"extended":false,"handId":260,"id":2604,"length":46.32,"mcpPosition":[16.1257,297.706,-39.0676],"pipPosition":[-0.243348,289.813,-65.9221],"stabilizedTipPosition":[-6.17984,324.947,101.524],"timeVisible":0.298428,"tipPosition":[-16.3741,278.578,-46.1518],"tipVelocity":[-98.0924,-85.2355,-309.028],"tool":false,"touchDistance":0.333333,"touchZone":"none","type":4,"width":14.7252}],"r":[[0.934817,0.198305,0.294607],[-0.0837083,0.929239,-0.359871],[-0.345124,0.311753,0.885268]],"s":1.01113,"t":[-18.4807,-52.1829,-204.408],"timestamp":3067735619},false],[5,{"currentFrameRate":109.555,"devices":[],"gestures":[],"hands":[{"armBasis":[[0.75733,-0.444454,-0.478448],[0.595979,0.769902,0.228168],[0.266948,-0.457944,0.847954]],"armWidth":58.4334,"confidence":0.58762,"direction":[0.0722156,0.340517,-0.937461],"elbow":[57.2017,182.501,230.584],"grabStrength":0,"id":260,"palmNormal":[-0.591857,-0.74191,-0.315079],"palmPosition":[-13.2747,313.849,-26.005],"palmVelocity":[-99.2547,-88.6828,-246.346],"palmWidth":83.4409,"pinchStrength":1,"r":[[0.934049,0.197375,0.297649],[-0.0812605,0.929006,-0.361033],[-0.347776,0.313036,0.883776]],"s":1.01586,"sphereCenter":[-31.7586,290.551,-57.1121],"sphereRadius":41.209,"stabilizedPalmPosition":[6.30261,363.437,165.37],"t":[-19.2515,-52.972,-206.15],"timeVisible":0.307572,"type":"right","wrist":[-8.89427,295.888,20.6318]}],"id":297031,"interactionBox":{"center":[0,200,0],"size":[235.247,235.247,147.751]},"pointables":[{"bases":[[[0.86651,0.497607,0.0393476],[-0.409586,0.663747,0.625843],[0.285307,-0.558415,0.778956]],[[0.681736,0.678557,-0.273488],[-0.593913,0.731598,0.334711],[0.427204,-0.065757,0.901761]],[[0.681736,0.678557,-0.273488],[-0.731341,0.62219,-0.279319],[-0.0193724,0.390435,0.920427]],[[0.681736,0.678557,-0.273488],[-0.695857,0.486006,-0.528755],[-0.225874,0.550779,0.803507]]],"btipPosition":[-50.0725,281.553,-62.9815],"carpPosition":[-35.9701,302.571,24.3212],"dipPosition":[-54.9202,293.374,-45.7368],"direction":[0.0193724,-0.390435,-0.920427],"extended":false,"handId":260,"id":2600,"length":47.7925,"mcpPosition":[-35.9701,302.571,24.3212],"pipPosition":[-55.5259,305.582,-16.958],"stabilizedTipPosition":[-51.4887,349.722,100.573],"timeVisible":0.307572,"tipPosition":[-52.158,285.345,-59.3402],"tipVelocity":[-83.3167,-93.5842,-251.132],"tool":false,"touchDistance":-0.637769,"touchZone":"hovering","type":0,"width":18.5699},{"bases":[[[0.80353,-0.512223,-0.303261],[0.575874,0.797883,0.178189],[0.150694,-0.317821,0.936099]],[[0.817518,-0.56047,-0.132431],[0.575652,0.80206,0.159136],[0.0170271,-0.206331,0.978334]],[[0.817518,-0.56047,-0.132431],[0.571056,0.818687,0.0603978],[0.0745687,-0.125002,0.98935]],[[0.817518,-0.56047,-0.132431],[0.563279,0.826053,-0.0187823],[0.119922,-0.059241,0.991014]]],"btipPosition":[-33.0805,348.214,-119.478],"carpPosition":[-18.7112,314.944,19.6775],"dipPosition":[-31.2016,347.286,-103.951],"direction":[-0.0745687,0.125002,-0.98935],"extended":true,"handId":260,"id":2601,"length":53.9285,"mcpPosition":[-28.8779,336.386,-43.4771],"pipPosition":[-29.5487,344.515,-82.0215],"stabilizedTipPosition":[-37.2087,392.024,56.9725],"timeVisible":0.307572,"tipPosition":[-33.4223,346.321,-115.951],"tipVelocity":[-29.6165,-32.4416,-252.165],"tool":false,"touchDistance":0.331988,"touchZone":"hovering","type":1,"width":17.738},{"bases":[[[0.706477,-0.678917,-0.199906],[0.706599,0.692628,0.144863],[0.0401109,-0.243596,0.969047]],[[0.707141,-0.683686,-0.180345],[0.465736,0.642287,-0.608734],[0.532016,0.346468,0.772605]],[[0.707141,-0.683686,-0.180345],[-0.481532,-0.278881,-0.830874],[0.517763,0.674387,-0.526425]],[[0.707141,-0.683686,-0.180345],[-0.70646,-0.693772,-0.139979],[-0.0294166,0.226391,-0.973592]]],"btipPosition":[-47.995,289.423,-49.5815],"carpPosition":[-8.91802,310.64,16.0625],"dipPosition":[-48.5019,293.324,-66.3593],"direction":[-0.517763,-0.674387,0.526425],"extended":false,"handId":260,"id":2602,"length":61.4471,"mcpPosition":[-11.4843,326.225,-45.9367],"pipPosition":[-35.0001,310.91,-80.0869],"stabilizedTipPosition":[-36.1992,341.687,111.712],"timeVisible":0.307572,"tipPosition":[-48.2218,290.338,-53.9138],"tipVelocity":[-79.5903,-91.5569,-205.389],"tool":false,"touchDistance":0.333333,"touchZone":"none","type":2,"width":17.4211},{"bases":[[[0.649389,-0.757633,-0.0654721],[0.756186,0.634234,0.161028],[-0.0804751,-0.154079,0.984776]],[[0.65107,-0.753884,-0.0881287],[0.55691,0.553365,-0.619385],[0.515712,0.354183,0.780125]],[[0.65107,-0.753884,-0.0881287],[-0.440777,-0.281008,-0.852497],[0.617919,0.59388,-0.51525]],[[0.65107,-0.753884,-0.0881287],[-0.75448,-0.630122,-0.183594],[0.0828767,0.186024,-0.979044]]],"btipPosition":[-34.0696,279.849,-45.4562],"carpPosition":[-0.444799,303.784,13.212],"dipPosition":[-32.6496,283.036,-62.231],"direction":[-0.617919,-0.59388,0.51525],"extended":false,"handId":260,"id":2603,"length":59.0831,"mcpPosition":[4.17793,312.634,-43.3565],"pipPosition":[-16.9522,298.123,-75.3203],"stabilizedTipPosition":[-21.7179,326.288,93.1574],"timeVisible":0.307572,"tipPosition":[-33.7166,280.685,-50.2429],"tipVelocity":[-94.0478,-93.8164,-221.481],"tool":false,"touchDistance":0.333333,"touchZone":"none","type":3,"width":16.5772},{"bases":[[[0.50178,-0.864683,0.0232447],[0.837884,0.492552,0.23525],[-0.214866,-0.0985673,0.971657]],[[0.518224,-0.853179,-0.0594084],[0.692828,0.459522,-0.555725],[0.501432,0.24683,0.829241]],[[0.518224,-0.853179,-0.0594084],[-0.404695,-0.183433,-0.895865],[0.753436,0.488301,-0.440337]],[[0.518224,-0.853179,-0.0594084],[-0.831217,-0.486098,-0.269792],[0.201303,0.189194,-0.961084]]],"btipPosition":[-17.4372,277.163,-44.0152],"carpPosition":[4.09227,291.674,11.4512],"dipPosition":[-14.2553,280.153,-59.2067],"direction":[-0.753436,-0.488301,0.440337],"extended":false,"handId":260,"id":2604,"length":46.32,"mcpPosition":[15.5176,296.915,-40.216],"pipPosition":[-0.741606,288.911,-67.1047],"stabilizedTipPosition":[-6.20687,324.826,101.141],"timeVisible":0.307572,"tipPosition":[-16.9375,277.753,-47.3672],"tipVelocity":[-88.0961,-86.7425,-259.475],"tool":false,"touchDistance":0.333333,"touchZone":"none","type":4,"width":14.7252}],"r":[[0.934049,0.197375,0.297649],[-0.0812605,0.929006,-0.361033],[-0.347776,0.313036,0.883776]],"s":1.01586,"t":[-19.2515,-52.972,-206.15],"timestamp":3067744763},false],[6,{"currentFrameRate":109.609,"devices":[],"gestures":[],"hands":[{"armBasis":[[0.758144,-0.442566,-0.478907],[0.594855,0.77026,0.229887],[0.267143,-0.459168,0.847231]],"armWidth":58.4334,"confidence":0.59808,"direction":[0.0767845,0.332621,-0.93993],"elbow":[56.1841,181.953,229.008],"grabStrength":0,"id":260,"palmNormal":[-0.590444,-0.744466,-0.311685],"palmPosition":[-14.1131,313.212,-27.5719],"palmVelocity":[-97.4977,-83.6994,-226.314],"palmWidth":83.4409,"pinchStrength":1,"r":[[0.933144,0.197113,0.300648],[-0.0789251,0.928208,-0.363593],[-0.350733,0.315556,0.881709]],"s":1.02039,"sphereCenter":[-32.5354,290.113,-58.5223],"sphereRadius":41.1323,"stabilizedPalmPosition":[6.25522,363.32,164.922],"t":[-20.0561,-53.6851,-207.804],"timeVisible":0.316599,"type":"right","wrist":[-9.96017,295.643,19.2347]}],"id":297032,"interactionBox":{"center":[0,200,0],"size":[235.247,235.247,147.751]},"pointables":[{"bases":[[[0.866385,0.497824,0.0393424],[-0.412498,0.669027,0.618263],[0.281465,-0.551882,0.784986]],[[0.683078,0.676196,-0.275976],[-0.594733,0.734325,0.327198],[0.423906,-0.0593697,0.903758]],[[0.683078,0.676196,-0.275976],[-0.729924,0.61924,-0.289401],[-0.0247966,0.399125,0.916561]],[[0.683078,0.676196,-0.275976],[-0.693092,0.481034,-0.53687],[-0.230276,0.558001,0.79725]]],"btipPosition":[-50.7398,280.623,-64.4017],"carpPosition":[-37.0525,302.36,22.7372],"dipPosition":[-55.6819,292.598,-47.2912],"direction":[0.0247966,-0.399125,-0.916561],"extended":false,"handId":260,"id":2600,"length":47.7925,"mcpPosition":[-37.0525,302.36,22.7372],"pipPosition":[-56.4572,305.078,-18.6333],"stabilizedTipPosition":[-51.491,349.339,99.6427],"timeVisible":0.316599,"tipPosition":[-52.8103,284.407,-60.8117],"tipVelocity":[-81.3936,-95.1092,-226.252],"tool":false,"touchDistance":-0.624092,"touchZone":"hovering","type":0,"width":18.5699},{"bases":[[[0.804905,-0.514842,-0.29507],[0.575129,0.799288,0.174254],[0.146133,-0.309961,0.939452]],[[0.818059,-0.561333,-0.125237],[0.575069,0.801608,0.163463],[0.00863333,-0.205742,0.978568]],[[0.818059,-0.561333,-0.125237],[0.571306,0.818197,0.0645263],[0.0662475,-0.124335,0.990026]],[[0.818059,-0.561333,-0.125237],[0.564155,0.825532,-0.0150581],[0.111839,-0.0583345,0.992013]]],"btipPosition":[-33.1893,347.379,-121.348],"carpPosition":[-19.7695,314.691,18.0731],"dipPosition":[-31.437,346.465,-105.805],"direction":[-0.0662475,0.124335,-0.990026],"extended":true,"handId":260,"id":2601,"length":53.9285,"mcpPosition":[-29.6285,335.603,-45.3078],"pipPosition":[-29.9686,343.709,-83.8614],"stabilizedTipPosition":[-37.2077,392.014,56.9333],"timeVisible":0.316599,"tipPosition":[-33.5746,345.5,-117.82],"tipVelocity":[-25.6692,-48.8803,-239.681],"tool":false,"touchDistance":0.33171,"touchZone":"hovering","type":1,"width":17.738},{"bases":[[[0.707329,-0.680651,-0.190787],[0.705997,0.693742,0.142443],[0.0354031,-0.23545,0.971242]],[[0.707909,-0.68536,-0.170722],[0.466591,0.635245,-0.615432],[0.530243,0.356012,0.769479]],[[0.707909,-0.68536,-0.170722],[-0.480644,-0.290339,-0.827457],[0.517538,0.667821,-0.534948]],[[0.707909,-0.68536,-0.170722],[-0.705731,-0.696092,-0.131906],[-0.0284357,0.213861,-0.97645]]],"btipPosition":[-48.6681,288.583,-50.8331],"carpPosition":[-9.95967,310.356,14.5416],"dipPosition":[-49.1581,292.269,-67.6601],"direction":[-0.517538,-0.667821,0.534948],"extended":false,"handId":260,"id":2602,"length":61.4471,"mcpPosition":[-12.2247,325.42,-47.598],"pipPosition":[-35.6622,309.683,-81.6101],"stabilizedTipPosition":[-36.246,341.493,111.093],"timeVisible":0.316599,"tipPosition":[-48.8919,289.455,-55.234],"tipVelocity":[-78.0895,-93.4818,-187.363],"tool":false,"touchDistance":0.333333,"touchZone":"none","type":2,"width":17.4211},{"bases":[[[0.649583,-0.758228,-0.0559731],[0.755497,0.635481,0.159337],[-0.0852438,-0.14579,0.985636]],[[0.651388,-0.754636,-0.0788585],[0.559725,0.548094,-0.621531],[0.512251,0.360719,0.77941]],[[0.651388,-0.754636,-0.0788585],[-0.437238,-0.288399,-0.85185],[0.620094,0.589365,-0.517815]],[[0.651388,-0.754636,-0.0788585],[-0.753756,-0.631702,-0.181119],[0.086864,0.177419,-0.980294]]],"btipPosition":[-34.8065,279.058,-46.8121],"carpPosition":[-1.47384,303.475,11.7897],"dipPosition":[-33.3182,282.098,-63.6083],"direction":[-0.620094,-0.589365,0.517815],"extended":false,"handId":260,"id":2603,"length":59.0831,"mcpPosition":[3.42282,311.85,-44.8282],"pipPosition":[-17.5655,297.07,-76.7627],"stabilizedTipPosition":[-21.7962,326.002,92.2739],"timeVisible":0.316599,"tipPosition":[-34.4377,279.849,-51.59],"tipVelocity":[-90.1508,-93.1296,-202.009],"tool":false,"touchDistance":0.333333,"touchZone":"none","type":3,"width":16.5772},{"bases":[[[0.501532,-0.864513,0.0329273],[0.836815,0.494419,0.23514],[-0.219561,-0.090376,0.971404]],[[0.518835,-0.853275,-0.0522799],[0.690349,0.454267,-0.56308],[0.504211,0.256054,0.824747]],[[0.518835,-0.853275,-0.0522799],[-0.408465,-0.193716,-0.891981],[0.750977,0.484145,-0.449039]],[[0.518835,-0.853275,-0.0522799],[-0.831381,-0.489393,-0.263251],[0.19904,0.180048,-0.96331]]],"btipPosition":[-18.2202,276.323,-44.9633],"carpPosition":[3.06983,291.35,10.1526],"dipPosition":[-15.074,279.169,-60.1901],"direction":[-0.750977,-0.484145,0.449039],"extended":false,"handId":260,"id":2604,"length":46.32,"mcpPosition":[14.7449,296.156,-41.5012],"pipPosition":[-1.60446,287.853,-68.2441],"stabilizedTipPosition":[-6.24139,324.68,100.683],"timeVisible":0.316599,"tipPosition":[-17.6848,2