{"sensorType":"Leap","data":[[0,{"currentFrameRate":110.406,"devices":[],"gestures":[],"hands":[{"armBasis":[[0.931923,-0.0683679,-0.356154],[0.227987,0.874184,0.428747],[0.282032,-0.480757,0.83026]],"armWidth":58.4334,"confidence":0.698456,"direction":[0.167119,0.415961,-0.893895],"elbow":[55.2344,169.609,239.138],"grabStrength":0,"id":258,"palmNormal":[-0.224938,-0.866648,-0.445336],"palmPosition":[-13.922,307.735,-12.8216],"palmVelocity":[-35.259,73.1387,-219.35],"palmWidth":83.4409,"pinchStrength":0.638923,"r":[[0.754,-0.418339,0.506436],[0.447264,0.89161,0.0706069],[-0.481081,0.173273,0.859382]],"s":1.06432,"sphereCenter":[-17.0786,282.164,-45.5315],"sphereRadius":43.5507,"stabilizedPalmPosition":[-23.6188,265.089,81.9144],"t":[75.1345,105.699,-201.24],"timeVisible":0.669152,"type":"right","wrist":[-14.5963,288.644,33.5665]}],"id":295571,"interactionBox":{"center":[0,200,0],"size":[235.247,235.247,147.751]},"pointables":[{"bases":[[[0.620076,0.745463,0.244523],[-0.737175,0.446959,0.506755],[0.268476,-0.494483,0.826685]],[[0.505558,0.862424,-0.0252262],[-0.803879,0.481454,0.349257],[0.313353,-0.156291,0.936687]],[[0.505558,0.862424,-0.0252262],[-0.843089,0.487588,-0.226844],[-0.183335,0.13595,0.973604]],[[0.505558,0.862424,-0.0252262],[-0.73326,0.414065,-0.539333],[-0.454688,0.291161,0.841715]]],"btipPosition":[-41.2972,282.612,-60.7635],"carpPosition":[-42.4439,285.957,30.6207],"dipPosition":[-51.0557,288.861,-42.6987],"direction":[0.183335,-0.13595,-0.973604],"extended":false,"handId":258,"id":2580,"length":47.7925,"mcpPosition":[-42.4439,285.957,30.6207],"pipPosition":[-56.788,293.112,-12.2572],"stabilizedTipPosition":[-47.7361,242.755,12.6769],"timeVisible":0.669152,"tipPosition":[-42.2663,282.717,-56.4428],"tipVelocity":[-126.273,188.56,-242.883],"tool":false,"touchDistance":-0.592138,"touchZone":"hovering","type":0,"width":18.5699},{"bases":[[[0.974367,-0.201743,-0.0995463],[0.222979,0.924749,0.308414],[0.0298351,-0.322705,0.946029]],[[0.968892,-0.245087,0.0343743],[0.220201,0.917114,0.332285],[-0.112964,-0.314379,0.942552]],[[0.968892,-0.245087,0.0343743],[0.232538,0.949088,0.212505],[-0.0847063,-0.197901,0.976555]],[[0.968892,-0.245087,0.0343743],[0.239877,0.964178,0.113226],[-0.0608932,-0.101459,0.992974]]],"btipPosition":[-24.4015,343.675,-107.949],"carpPosition":[-29.6708,303.541,30.2137],"dipPosition":[-25.3556,342.085,-92.3909],"direction":[0.0847063,0.197901,-0.976555],"extended":true,"handId":258,"id":2581,"length":53.9285,"mcpPosition":[-31.6837,325.313,-33.6109],"pipPosition":[-27.2331,337.699,-70.7455],"stabilizedTipPosition":[-34.1332,317.483,-63.3881],"timeVisible":0.669152,"tipPosition":[-24.5034,342.006,-104.573],"tipVelocity":[21.7049,137.741,-206.872],"tool":false,"touchDistance":-0.56062,"touchZone":"hovering","type":1,"width":17.738},{"bases":[[[0.917055,-0.398158,-0.0219277],[0.385098,0.87002,0.307839],[-0.103491,-0.29075,0.951186]],[[0.917976,-0.395442,-0.0307556],[0.194132,0.515565,-0.834569],[0.345881,0.760143,0.550044]],[[0.917976,-0.395442,-0.0307556],[-0.253232,-0.524635,-0.812792],[0.305277,0.753912,-0.581741]],[[0.917976,-0.395442,-0.0307556],[-0.376198,-0.84348,-0.383427],[0.125682,0.363547,-0.923059]]],"btipPosition":[-37.2486,261.984,-25.0199],"carpPosition":[-18.455,302.906,29.0722],"dipPosition":[-35.0828,268.249,-40.9269],"direction":[-0.305277,-0.753912,0.581741],"extended":false,"handId":258,"id":2582,"length":61.4471,"mcpPosition":[-11.8336,321.508,-31.7843],"pipPosition":[-27.122,287.908,-56.097],"stabilizedTipPosition":[-50.744,206.266,90.324],"timeVisible":0.669152,"tipPosition":[-36.681,263.516,-29.2443],"tipVelocity":[-78.7041,98.6556,-198.917],"tool":false,"touchDistance":0.333333,"touchZone":"none","type":2,"width":17.4211},{"bases":[[[0.860172,-0.50105,0.0951427],[0.446138,0.829638,0.335651],[-0.247112,-0.246271,0.937169]],[[0.863519,-0.497584,0.082127],[0.318482,0.411776,-0.853821],[0.39103,0.763447,0.514048]],[[0.863519,-0.497584,0.082127],[-0.250219,-0.564111,-0.786873],[0.437864,0.658931,-0.611625]],[[0.863519,-0.497584,0.082127],[-0.437983,-0.820659,-0.367001],[0.250012,0.280942,-0.926588]]],"btipPosition":[-25.0122,260.692,-15.1172],"carpPosition":[-7.77846,299.379,28.3649],"dipPosition":[-20.7285,265.506,-30.9933],"direction":[-0.437864,-0.658931,0.611625],"extended":false,"handId":258,"id":2583,"length":59.0831,"mcpPosition":[6.41638,313.526,-25.4689],"pipPosition":[-9.60515,282.245,-46.5308],"stabilizedTipPosition":[-37.2902,206.92,96.5407],"timeVisible":0.669152,"tipPosition":[-23.9991,261.871,-19.3049],"tipVelocity":[-82.9149,84.1202,-213.6],"tool":false,"touchDistance":0.333333,"touchZone":"none","type":3,"width":16.5772},{"bases":[[[0.740172,-0.656332,0.146195],[0.550899,0.716568,0.427832],[-0.385558,-0.236131,0.891957]],[[0.73334,-0.660348,0.161718],[0.475265,0.327844,-0.816481],[0.486143,0.675617,0.554261]],[[0.73334,-0.660348,0.161718],[-0.28183,-0.511742,-0.811598],[0.618695,0.549601,-0.561387]],[[0.73334,-0.660348,0.161718],[-0.550461,-0.716321,-0.428807],[0.399004,0.225442,-0.888803]]],"btipPosition":[-11.8833,266.772,-13.4943],"carpPosition":[0.782303,289.545,27.789],"dipPosition":[-5.57632,270.336,-27.5434],"direction":[-0.618695,-0.549601,0.561387],"extended":false,"handId":258,"id":2584,"length":46.32,"mcpPosition":[21.2841,302.101,-19.6402],"pipPosition":[5.52065,280.193,-37.6125],"stabilizedTipPosition":[-19.361,220.514,85.4651],"timeVisible":0.669152,"tipPosition":[-10.2737,267.527,-16.9824],"tipVelocity":[-82.9509,72.6956,-205.44],"tool":false,"touchDistance":0.333333,"touchZone":"none","type":4,"width":14.7252}],"r":[[0.754,-0.418339,0.506436],[0.447264,0.89161,0.0706069],[-0.481081,0.173273,0.859382]],"s":1.06432,"t":[75.1345,105.699,-201.24],"timestamp":3054313616},false],[1,{"currentFrameRate":110.58,"devices":[],"gestures":[],"hands":[{"armBasis":[[0.932596,-0.0705234,-0.353964],[0.229546,0.87271,0.430912],[0.278519,-0.483118,0.830075]],"armWidth":58.4334,"confidence":0.703638,"direction":[0.169453,0.416916,-0.89301],"elbow":[54.0022,169.187,238.381],"grabStrength":0,"id":258,"palmNormal":[-0.226543,-0.865372,-0.447001],"palmPosition":[-14.1698,307.967,-13.502],"palmVelocity":[-33.4134,60.6933,-181.477],"palmWidth":83.4409,"pinchStrength":0.617045,"r":[[0.749673,-0.424983,0.507326],[0.453537,0.888174,0.0738285],[-0.48197,0.174744,0.858586]],"s":1.06962,"sphereCenter":[-17.3402,282.431,-46.2861],"sphereRadius":43.643,"stabilizedPalmPosition":[-23.6047,265.152,81.7723],"t":[74.8383,106.147,-202.586],"timeVisible":0.677888,"type":"right","wrist":[-14.9588,288.806,32.8553]}],"id":295572,"interactionBox":{"center":[0,200,0],"size":[235.247,235.247,147.751]},"pointables":[{"bases":[[[0.621651,0.743479,0.246555],[-0.736734,0.448073,0.506413],[0.266032,-0.496457,0.826291]],[[0.50907,0.860475,-0.0207462],[-0.800749,0.4823,0.355229],[0.315671,-0.164224,0.934549]],[[0.50907,0.860475,-0.0207462],[-0.842138,0.49295,-0.218643],[-0.17791,0.128776,0.975584]],[[0.50907,0.860475,-0.0207462],[-0.736684,0.423115,-0.527514],[-0.445134,0.283825,0.849293]]],"btipPosition":[-42.1432,283.596,-61.6447],"carpPosition":[-42.8091,286.196,29.8662],"dipPosition":[-51.6966,289.688,-43.4173],"direction":[0.17791,-0.128776,-0.975584],"extended":false,"handId":258,"id":2580,"length":47.7925,"mcpPosition":[-42.8091,286.196,29.8662],"pipPosition":[-57.2593,293.714,-12.9139],"stabilizedTipPosition":[-47.5825,244.665,9.50494],"timeVisible":0.677888,"tipPosition":[-43.0521,283.662,-57.2712],"tipVelocity":[-116.948,167.125,-203.717],"tool":false,"touchDistance":-0.573915,"touchZone":"hovering","type":0,"width":18.5699},{"bases":[[[0.973983,-0.204103,-0.0984889],[0.224928,0.923691,0.310166],[0.0276674,-0.324249,0.945567]],[[0.968298,-0.247394,0.0345574],[0.22194,0.915531,0.335477],[-0.114634,-0.317172,0.941414]],[[0.968298,-0.247394,0.0345574],[0.234521,0.94798,0.215254],[-0.0860123,-0.200326,0.975946]],[[0.968298,-0.247394,0.0345574],[0.242014,0.963373,0.115505],[-0.0618669,-0.10348,0.992706]]],"btipPosition":[-24.4646,344.181,-108.564],"carpPosition":[-29.9901,303.748,29.5045],"dipPosition":[-25.4339,342.56,-93.0106],"direction":[0.0860123,0.200326,-0.975946],"extended":true,"handId":258,"id":2581,"length":53.9285,"mcpPosition":[-31.8567,325.624,-34.2889],"pipPosition":[-27.3404,338.12,-71.3787],"stabilizedTipPosition":[-33.863,318.236,-64.5784],"timeVisible":0.677888,"tipPosition":[-24.5634,342.53,-105.19],"tipVelocity":[13.8541,116.159,-170.379],"tool":false,"touchDistance":-0.542138,"touchZone":"hovering","type":1,"width":17.738},{"bases":[[[0.916055,-0.40049,-0.0212569],[0.386906,0.868544,0.309735],[-0.105583,-0.291958,0.950585]],[[0.916951,-0.397898,-0.0296448],[0.194774,0.511222,-0.837087],[0.34823,0.761794,0.546265]],[[0.916951,-0.397898,-0.0296448],[-0.25502,-0.527306,-0.810501],[0.306865,0.75075,-0.584986]],[[0.916951,-0.397898,-0.0296448],[-0.378263,-0.84325,-0.381898],[0.126958,0.361395,-0.923729]]],"btipPosition":[-37.6014,262.287,-25.4127],"carpPosition":[-18.7743,303.085,28.3778],"dipPosition":[-35.4136,268.515,-41.3312],"direction":[-0.306865,-0.75075,0.584986],"extended":false,"handId":258,"id":2582,"length":61.4471,"mcpPosition":[-12.0192,321.765,-32.4403],"pipPosition":[-27.4114,288.092,-56.586],"stabilizedTipPosition":[-50.6815,206.529,89.7767],"timeVisible":0.677888,"tipPosition":[-37.0302,263.815,-29.7249],"tipVelocity":[-68.2896,81.2804,-157.782],"tool":false,"touchDistance":0.333333,"touchZone":"none","type":2,"width":17.4211},{"bases":[[[0.858742,-0.503416,0.0955731],[0.447802,0.827961,0.337569],[-0.249069,-0.247087,0.936436]],[[0.862119,-0.499935,0.0825556],[0.320731,0.412273,-0.852738],[0.392278,0.76164,0.515773]],[[0.862119,-0.499935,0.0825556],[-0.250566,-0.562233,-0.788106],[0.440417,0.658756,-0.609978]],[[0.862119,-0.499935,0.0825556],[-0.439575,-0.818949,-0.368912],[0.252041,0.281756,-0.925791]]],"btipPosition":[-25.3781,260.957,-15.8862],"carpPosition":[-8.10596,299.532,27.6801],"dipPosition":[-21.0596,265.784,-31.7485],"direction":[-0.440417,-0.658756,0.609978],"extended":false,"handId":258,"id":2583,"length":59.0831,"mcpPosition":[6.20128,313.726,-26.1116],"pipPosition":[-9.87142,282.519,-47.2442],"stabilizedTipPosition":[-37.2449,207.114,96.1329],"timeVisible":0.677888,"tipPosition":[-24.3561,262.139,-20.0685],"tipVelocity":[-71.685,69.8017,-179.883],"tool":false,"touchDistance":0.333333,"touchZone":"none","type":3,"width":16.5772},{"bases":[[[0.73827,-0.658467,0.146214],[0.552141,0.714479,0.429722],[-0.387425,-0.23652,0.891045]],[[0.731275,-0.662563,0.162011],[0.477319,0.327425,-0.81545],[0.48724,0.67365,0.555692]],[[0.731275,-0.662563,0.162011],[-0.282037,-0.509992,-0.812628],[0.621041,0.548561,-0.559811]],[[0.731275,-0.662563,0.162011],[-0.551741,-0.714254,-0.430609],[0.401023,0.225505,-0.887878]]],"btipPosition":[-12.2457,267.006,-14.2232],"carpPosition":[0.430209,289.676,27.1009],"dipPosition":[-5.90682,270.571,-28.2577],"direction":[-0.621041,-0.548561,0.559811],"extended":false,"handId":258,"id":2584,"length":46.32,"mcpPosition":[21.0313,302.253,-20.2799],"pipPosition":[5.23222,280.41,-38.2985],"stabilizedTipPosition":[-19.3343,220.661,85.1443],"timeVisible":0.677888,"tipPosition":[-10.6283,267.761,-17.7072],"tipVelocity":[-71.6243,60.4119,-172.674],"tool":false,"touchDistance":0.333333,"touchZone":"none","type":4,"width":14.7252}],"r":[[0.749673,-0.424983,0.507326],[0.453537,0.888174,0.0738285],[-0.48197,0.174744,0.858586]],"s":1.06962,"t":[74.8383,106.147,-202.586],"timestamp":3054322352},false],[2,{"currentFrameRate":110.596,"devices":[],"gestures":[],"hands":[{"armBasis":[[0.932745,-0.0737111,-0.352922],[0.232569,0.871002,0.432744],[0.275498,-0.485719,0.829565]],"armWidth":58.4334,"confidence":0.711143,"direction":[0.173854,0.418373,-0.891481],"elbow":[52.7828,168.671,237.257],"grabStrength":0,"id":258,"palmNormal":[-0.229298,-0.863187,-0.449811],"palmPosition":[-14.4239,308.208,-14.4488],"palmVelocity":[-31.9786,51.3588,-160.461],"palmWidth":83.4409,"pinchStrength":0.594277,"r":[[0.745495,-0.431224,0.508216],[0.459307,0.884924,0.0771113],[-0.482985,0.175941,0.857771]],"s":1.07471,"sphereCenter":[-17.6304,282.754,-47.3458],"sphereRadius":43.7439,"stabilizedPalmPosition":[-23.5923,265.211,81.6414],"t":[74.5632,106.491,-203.733],"timeVisible":0.686902,"type":"right","wrist":[-15.4301,288.935,31.8575]}],"id":295573,"interactionBox":{"center":[0,200,0],"size":[235.247,235.247,147.751]},"pointables":[{"bases":[[[0.624393,0.739972,0.250151],[-0.736058,0.450202,0.505507],[0.261442,-0.49976,0.825765]],[[0.514611,0.857306,-0.0141981],[-0.796977,0.484373,0.360847],[0.316234,-0.17438,0.932517]],[[0.514611,0.857306,-0.0141981],[-0.839796,0.500621,-0.210052],[-0.172971,0.120018,0.977587]],[[0.514611,0.857306,-0.0141981],[-0.740309,0.435905,-0.51179],[-0.432572,0.273884,0.858993]]],"btipPosition":[-43.0676,284.813,-62.9038],"carpPosition":[-43.2837,286.461,28.7849],"dipPosition":[-52.3514,290.691,-44.4682],"direction":[0.172971,-0.120018,-0.977587],"extended":false,"handId":258,"id":2580,"length":47.7925,"mcpPosition":[-43.2837,286.461,28.7849],"pipPosition":[-57.7597,294.444,-13.9021],"stabilizedTipPosition":[-47.4617,246.771,6.04569],"timeVisible":0.686902,"tipPosition":[-43.8907,284.803,-58.4534],"tipVelocity":[-111.098,156.795,-184.65],"tool":false,"touchDistance":-0.563024,"touchZone":"hovering","type":0,"width":18.5699},{"bases":[[[0.973299,-0.208359,-0.0963133],[0.228332,0.921857,0.313121],[0.0235456,-0.326751,0.944817]],[[0.967173,-0.251624,0.0355314],[0.225011,0.912951,0.340427],[-0.118098,-0.321256,0.939599]],[[0.967173,-0.251624,0.0355314],[0.238052,0.946047,0.21983],[-0.0889289,-0.204155,0.974891]],[[0.967173,-0.251624,0.0355314],[0.245856,0.961895,0.119632],[-0.0642798,-0.106969,0.992182]]],"btipPosition":[-24.3403,344.857,-109.412],"carpPosition":[-30.3828,303.954,28.503],"dipPosition":[-25.3474,343.181,-93.8666],"direction":[0.0889289,0.204155,-0.974891],"extended":true,"handId":258,"id":2581,"length":53.9285,"mcpPosition":[-31.9714,325.999,-35.2398],"pipPosition":[-27.3185,338.656,-72.2581],"stabilizedTipPosition":[-33.603,318.97,-65.7327],"timeVisible":0.686902,"tipPosition":[-24.4414,343.212,-106.043],"tipVelocity":[13.5713,104.439,-149.452],"tool":false,"touchDistance":-0.529003,"touchZone":"hovering","type":1,"width":17.738},{"bases":[[[0.91425,-0.404669,-0.0197384],[0.390054,0.865962,0.312997],[-0.109568,-0.293857,0.949549]],[[0.915146,-0.402162,-0.0277914],[0.198041,0.50856,-0.837942],[0.351122,0.761335,0.545052]],[[0.915146,-0.402162,-0.0277914],[-0.256413,-0.527515,-0.809926],[0.311062,0.748327,-0.585873]],[[0.915146,-0.402162,-0.0277914],[-0.381429,-0.841531,-0.382541],[0.130456,0.360681,-0.923521]]],"btipPosition":[-38.0369,262.661,-26.2454],"carpPosition":[-19.1671,303.242,27.4056],"dipPosition":[-35.7887,268.877,-42.1603],"direction":[-0.311062,-0.748327,0.585873],"extended":false,"handId":258,"id":2582,"length":61.4471,"mcpPosition":[-12.1571,322.043,-33.3461],"pipPosition":[-27.6771,288.391,-57.4382],"stabilizedTipPosition":[-50.6143,206.823,89.1655],"timeVisible":0.686902,"tipPosition":[-37.452,264.188,-30.6088],"tipVelocity":[-62.373,70.2632,-139.775],"tool":false,"touchDistance":0.333333,"touchZone":"none","type":2,"width":17.4211},{"bases":[[[0.856139,-0.507623,0.0966721],[0.450684,0.825029,0.340897],[-0.252805,-0.248287,0.935117]],[[0.859582,-0.50411,0.0836164],[0.324984,0.41303,-0.850759],[0.39434,0.758472,0.518861]],[[0.859582,-0.50411,0.0836164],[-0.250926,-0.558956,-0.790319],[0.445146,0.658363,-0.606962]],[[0.859582,-0.50411,0.0836164],[-0.442287,-0.815927,-0.372351],[0.255931,0.283084,-0.924317]]],"btipPosition":[-25.8421,261.252,-16.9905],"carpPosition":[-8.51342,299.642,26.7284],"dipPosition":[-21.4571,266.103,-32.8276],"direction":[-0.445146,-0.658363,0.606963],"extended":false,"handId":258,"id":2583,"length":59.0831,"mcpPosition":[6.00842,313.904,-26.9875],"pipPosition":[-10.1487,282.828,-48.2466],"stabilizedTipPosition":[-37.2007,207.31,95.7172],"timeVisible":0.686902,"tipPosition":[-24.8037,262.442,-21.1569],"tipVelocity":[-65.6633,59.7827,-163.931],"tool":false,"touchDistance":0.333333,"touchZone":"none","type":3,"width":16.5772},{"bases":[[[0.734811,-0.662242,0.146588],[0.554242,0.710833,0.433051],[-0.390984,-0.236965,0.88937]],[[0.72761,-0.666425,0.162671],[0.480767,0.326238,-0.813899],[0.489333,0.670408,0.557769]],[[0.72761,-0.666425,0.162671],[-0.282524,-0.507205,-0.814201],[0.625111,0.546462,-0.557329]],[[0.72761,-0.666425,0.162671],[-0.553975,-0.710684,-0.433635],[0.404592,0.225402,-0.886284]]],"btipPosition":[-12.7052,267.246,-15.2243],"carpPosition":[-0.0213077,289.748,26.1479],"dipPosition":[-6.30993,270.809,-29.2335],"direction":[-0.625111,-0.546462,0.557329],"extended":false,"handId":258,"id":2584,"length":46.32,"mcpPosition":[20.769,302.349,-21.1438],"pipPosition":[4.90211,280.61,-39.2298],"stabilizedTipPosition":[-19.3087,220.811,84.8164],"timeVisible":0.686902,"tipPosition":[-11.0724,268.001,-18.7111],"tipVelocity":[-65.5526,51.102,-155.556],"tool":false,"touchDistance":0.333333,"touchZone":"none","type":4,"width":14.7252}],"r":[[0.745495,-0.431224,0.508216],[0.459307,0.884924,0.0771113],[-0.482985,0.175941,0.857771]],"s":1.07471,"t":[74.5632,106.491,-203.733],"timestamp":3054331366},false],[3,{"currentFrameRate":110.563,"devices":[],"gestures":[],"hands":[{"armBasis":[[0.929562,-0.0707837,-0.361806],[0.230804,0.877008,0.421409],[0.287478,-0.475232,0.831571]],"armWidth":58.4334,"confidence":0.713637,"direction":[0.181899,0.424161,-0.88713],"elbow":[54.8335,172.095,235.603],"grabStrength":0,"id":258,"palmNormal":[-0.223684,-0.86068,-0.457379],"palmPosition":[-14.9177,309.326,-16.4669],"palmVelocity":[-38.1518,71.1461,-177.436],"palmWidth":83.4409,"pinchStrength":0.578106,"r":[[0.74125,-0.43662,0.509815],[0.463499,0.88232,0.0817362],[-0.485508,0.175712,0.856392]],"s":1.07979,"sphereCenter":[-17.9358,284.204,-49.5631],"sphereRadius":43.8008,"stabilizedPalmPosition":[-23.5805,265.271,81.5079],"t":[74.1787,107.222,-205.315],"timeVisible":0.696005,"type":"right","wrist":[-16.3457,289.762,29.7067]}],"id":295574,"interactionBox":{"center":[0,200,0],"size":[235.247,235.247,147.751]},"pointables":[{"bases":[[[0.620874,0.739254,0.260804],[-0.741575,0.44603,0.501123],[0.254131,-0.50454,0.825141]],[[0.514229,0.85765,-0.0023912],[-0.799392,0.480306,0.360941],[0.310709,-0.183695,0.932586]],[[0.514229,0.85765,-0.0023912],[-0.839125,0.502541,-0.208139],[-0.177309,0.109038,0.978096]],[[0.514229,0.85765,-0.0023912],[-0.741579,0.443231,-0.503594],[-0.430848,0.260736,0.863937]]],"btipPosition":[-43.597,286.673,-65.4655],"carpPosition":[-44.1646,287.27,26.3483],"dipPosition":[-52.8438,292.269,-46.9238],"direction":[0.177309,-0.109038,-0.978096],"extended":false,"handId":258,"id":2580,"length":47.7925,"mcpPosition":[-44.1646,287.27,26.3483],"pipPosition":[-58.3877,295.679,-16.3419],"stabilizedTipPosition":[-47.3703,248.939,2.50666],"timeVisible":0.696005,"tipPosition":[-44.4071,286.624,-60.9757],"tipVelocity":[-96.1607,168.008,-210.735],"tool":false,"touchDistance":-0.573116,"touchZone":"hovering","type":0,"width":18.5699},{"bases":[[[0.974485,-0.206418,-0.0881475],[0.22396,0.920199,0.321054],[0.0148419,-0.332604,0.94295]],[[0.967331,-0.250038,0.0418658],[0.220016,0.910016,0.351375],[-0.125956,-0.330685,0.935298]],[[0.967331,-0.250038,0.0418658],[0.234095,0.944348,0.231099],[-0.0973194,-0.213748,0.972029]],[[0.967331,-0.250038,0.0418658],[0.242788,0.961204,0.13092],[-0.0729765,-0.116478,0.990509]]],"btipPosition":[-24.0251,346.812,-111.229],"carpPosition":[-31.2867,304.782,26.3006],"dipPosition":[-25.1685,344.987,-95.7102],"direction":[0.0973194,0.213748,-0.972029],"extended":true,"handId":258,"id":2581,"length":53.9285,"mcpPosition":[-32.288,327.221,-37.3162],"pipPosition":[-27.3256,340.249,-74.1651],"stabilizedTipPosition":[-33.3323,319.767,-66.9512],"timeVisible":0.696005,"tipPosition":[-24.1426,345.135,-107.878],"tipVelocity":[18.4531,133.997,-163.55],"tool":false,"touchDistance":-0.531787,"touchZone":"hovering","type":1,"width":17.738},{"bases":[[[0.914978,-0.403283,-0.0133727],[0.385756,0.864529,0.322154],[-0.118358,-0.299922,0.946593]],[[0.91592,-0.400803,-0.0211565],[0.204393,0.511148,-0.834836],[0.345419,0.760319,0.550092]],[[0.91592,-0.400803,-0.0211565],[-0.248706,-0.525394,-0.813699],[0.315018,0.750545,-0.580901]],[[0.91592,-0.400803,-0.0211565],[-0.37676,-0.840414,-0.389558],[0.138356,0.364775,-0.920759]]],"btipPosition":[-38.3544,263.816,-28.5541],"carpPosition":[-20.0599,304.092,25.3078],"dipPosition":[-35.9701,270.102,-44.4214],"direction":[-0.315018,-0.750545,0.580901],"extended":false,"handId":258,"id":2582,"length":61.4471,"mcpPosition":[-12.4874,323.281,-35.2548],"pipPosition":[-27.7554,289.674,-59.5696],"stabilizedTipPosition":[-50.5481,207.125,88.5387],"timeVisible":0.696005,"tipPosition":[-37.7337,265.363,-32.9367],"tipVelocity":[-53.7971,86.4369,-171.003],"tool":false,"touchDistance":0.333333,"touchZone":"none","type":2,"width":17.4211},{"bases":[[[0.855887,-0.50704,0.101825],[0.446171,0.823505,0.350386],[-0.261513,-0.254459,0.931054]],[[0.859539,-0.503349,0.0885],[0.329351,0.413134,-0.849028],[0.390795,0.75892,0.520883]],[[0.859539,-0.503349,0.0885],[-0.245799,-0.558972,-0.791917],[0.44808,0.65893,-0.604181]],[[0.859539,-0.503349,0.0885],[-0.438674,-0.815482,-0.377564],[0.262217,0.285708,-0.921745]]],"btipPosition":[-26.2604,262.398,-18.9713],"carpPosition":[-9.39491,300.511,24.7117],"dipPosition":[-21.7676,267.293,-34.7643],"direction":[-0.44808,-0.65893,0.604181],"extended":false,"handId":258,"id":2583,"length":59.0831,"mcpPosition":[5.62719,315.128,-28.7708],"pipPosition":[-10.3848,284.033,-50.1127],"stabilizedTipPosition":[-37.1579,207.511,95.2939],"timeVisible":0.696005,"tipPosition":[-25.1825,263.594,-23.2353],"tipVelocity":[-59.4429,78.4135,-178.502],"tool":false,"touchDistance":0.333333,"touchZone":"none","type":3,"width":16.5772},{"bases":[[[0.734302,-0.662134,0.149597],[0.548993,0.708879,0.442829],[-0.399258,-0.243043,0.884038]],[[0.726854,-0.666481,0.16579],[0.488156,0.33155,-0.807328],[0.483101,0.667741,0.566335]],[[0.726854,-0.666481,0.16579],[-0.273969,-0.502734,-0.819878],[0.629781,0.55051,-0.54801]],[[0.726854,-0.666481,0.16579],[-0.54877,-0.708754,-0.443305],[0.412959,0.231238,-0.880905]]],"btipPosition":[-13.1412,268.375,-17.4664],"carpPosition":[-0.883389,290.632,24.1522],"dipPosition":[-6.61371,272.03,-31.3906],"direction":[-0.629781,-0.55051,0.54801],"extended":false,"handId":258,"id":2584,"length":46.32,"mcpPosition":[20.3469,303.556,-22.856],"pipPosition":[4.68209,281.904,-41.2197],"stabilizedTipPosition":[-19.2848,220.962,84.4885],"timeVisible":0.696005,"tipPosition":[-11.4753,269.154,-20.9329],"tipVelocity":[-59.7319,71.9663,-180.119],"tool":false,"touchDistance":0.333333,"touchZone":"none","type":4,"width":14.7252}],"r":[[0.74125,-0.43662,0.509815],[0.463499,0.88232,0.0817362],[-0.485508,0.175712,0.856392]],"s":1.07979,"t":[74.1787,107.222,-205.315],"timestamp":3054340469},false],[4,{"currentFrameRate":110.453,"devices":[],"gestures":[],"hands":[{"armBasis":[[0.931811,-0.0703931,-0.356051],[0.228131,0.876589,0.423731],[0.282283,-0.476063,0.832875]],"armWidth":58.4334,"confidence":0.72268,"direction":[0.186027,0.424802,-0.885967],"elbow":[52.9901,172.423,234.784],"grabStrength":0,"id":258,"palmNormal":[-0.220973,-0.860518,-0.458998],"palmPosition":[-15.2585,309.888,-17.5895],"palmVelocity":[-37.7872,68.2405,-161.693],"palmWidth":83.4409,"pinchStrength":0.552163,"r":[[0.737374,-0.440909,0.511741],[0.466652,0.880249,0.0860058],[-0.488381,0.175387,0.854824]],"s":1.08504,"sphereCenter":[-18.1223,284.756,-50.7763],"sphereRadius":43.9299,"stabilizedPalmPosition":[-23.5687,265.334,81.368],"t":[73.8161,107.868,-206.667],"timeVisible":0.705252,"type":"right","wrist":[-16.9028,290.295,28.5646]}],"id":295575,"interactionBox":{"center":[0,200,0],"size":[235.247,235.247,147.751]},"pointables":[{"bases":[[[0.619189,0.739425,0.264302],[-0.744266,0.445327,0.497746],[0.250345,-0.50491,0.826071]],[[0.515938,0.856611,0.00507054],[-0.79818,0.47858,0.365882],[0.310992,-0.19282,0.930647]],[[0.515938,0.856611,0.00507054],[-0.838743,0.506362,-0.200267],[-0.174119,0.0990727,0.979728]],[[0.515938,0.856611,0.00507054],[-0.748592,0.45374,-0.483456],[-0.416434,0.245637,0.875354]]],"btipPosition":[-44.5579,288.247,-66.9531],"carpPosition":[-44.7035,287.79,25.068],"dipPosition":[-53.4954,293.519,-48.1664],"direction":[0.174119,-0.0990727,-0.979728],"extended":false,"handId":258,"id":2580,"length":47.7925,"mcpPosition":[-44.7035,287.79,25.068],"pipPosition":[-58.9395,296.617,-17.5334],"stabilizedTipPosition":[-47.3278,251.215,-1.15261],"timeVisible":0.705252,"tipPosition":[-45.2409,288.052,-62.3685],"tipVelocity":[-96.178,166.355,-195.014],"tool":false,"touchDistance":-0.565606,"touchZone":"hovering","type":0,"width":18.5699},{"bases":[[[0.975017,-0.205844,-0.0834855],[0.221887,0.920121,0.322712],[0.0103885,-0.333174,0.942808]],[[0.967409,-0.249149,0.0452189],[0.21756,0.909188,0.355027],[-0.129567,-0.333618,0.933762]],[[0.967409,-0.249149,0.0452189],[0.23213,0.943932,0.234749],[-0.101171,-0.216602,0.971004]],[[0.967409,-0.249149,0.0452189],[0.241242,0.961107,0.134448],[-0.0769578,-0.119157,0.989888]]],"btipPosition":[-23.9828,347.599,-112.333],"carpPosition":[-31.8349,305.309,25.0943],"dipPosition":[-25.1886,345.732,-96.8236],"direction":[0.101171,0.216602,-0.971004],"extended":true,"handId":258,"id":2581,"length":53.9285,"mcpPosition":[-32.5358,327.787,-38.5129],"pipPosition":[-27.4311,340.931,-75.3013],"stabilizedTipPosition":[-33.0642,320.577,-68.1869],"timeVisible":0.705252,"tipPosition":[-24.1002,345.931,-108.983],"tipVelocity":[14.1172,119.956,-151.204],"tool":false,"touchDistance":-0.523531,"touchZone":"hovering","type":1,"width":17.738},{"bases":[[[0.915248,-0.402786,-0.00912428],[0.383705,0.864536,0.324573],[-0.122845,-0.300566,0.945817]],[[0.916204,-0.400363,-0.0167093],[0.207401,0.509478,-0.835115],[0.342862,0.76167,0.549821]],[[0.916204,-0.400363,-0.0167093],[-0.245157,-0.527066,-0.813695],[0.316966,0.749607,-0.581052]],[[0.916204,-0.400363,-0.0167093],[-0.37461,-0.840975,-0.39042],[0.142258,0.363964,-0.920485]]],"btipPosition":[-38.6154,264.37,-29.6448],"carpPosition":[-20.603,304.626,24.1563],"dipPosition":[-36.1639,270.642,-45.5074],"direction":[-0.316966,-0.749607,0.581052],"extended":false,"handId":258,"id":2582,"length":61.4471,"mcpPosition":[-12.7434,323.856,-36.3567],"pipPosition":[-27.8984,290.189,-60.6596],"stabilizedTipPosition":[-50.4836,207.428,87.9094],"timeVisible":0.705252,"tipPosition":[-37.9778,265.912,-34.0449],"tipVelocity":[-46.1449,78.8798,-156.067],"tool":false,"touchDistance":0.333333,"touchZone":"none","type":2,"width":17.4211},{"bases":[[[0.855648,-0.506646,0.105718],[0.444003,0.823528,0.353077],[-0.265947,-0.25517,0.929602]],[[0.859386,-0.502922,0.0923337],[0.332939,0.413318,-0.847537],[0.388082,0.759103,0.522642]],[[0.859386,-0.502922,0.0923337],[-0.241864,-0.558915,-0.793169],[0.450509,0.659306,-0.601962]],[[0.859386,-0.502922,0.0923337],[-0.43642,-0.815526,-0.380072],[0.266447,0.286332,-0.920337]]],"btipPosition":[-26.5671,262.951,-20.1418],"carpPosition":[-9.9333,301.051,23.6104],"dipPosition":[-22.0019,267.857,-35.9108],"direction":[-0.450509,-0.659306,0.601962],"extended":false,"handId":258,"id":2583,"length":59.0831,"mcpPosition":[5.34347,315.708,-29.7887],"pipPosition":[-10.5573,284.606,-51.2028],"stabilizedTipPosition":[-37.1162,207.714,94.8681],"timeVisible":0.705252,"tipPosition":[-25.4695,264.149,-24.3918],"tipVelocity":[-51.5554,73.2612,-163.748],"tool":false,"touchDistance":0.333333,"touchZone":"none","type":3,"width":16.5772},{"bases":[[[0.733914,-0.661833,0.152798],[0.546431,0.7089,0.445953],[-0.403465,-0.243798,0.881918]],[[0.726152,-0.666326,0.16945],[0.491241,0.330397,-0.805928],[0.481025,0.668467,0.567245]],[[0.726152,-0.666326,0.16945],[-0.270716,-0.503653,-0.820394],[0.631993,0.549858,-0.546114]],[[0.726152,-0.666326,0.16945],[-0.546691,-0.709044,-0.445405],[0.416932,0.230795,-0.879148]]],"btipPosition":[-13.4831,268.955,-18.5104],"carpPosition":[-1.41383,291.177,23.0866],"dipPosition":[-6.89282,272.603,-32.4069],"direction":[-0.631993,-0.549858,0.546114],"extended":false,"handId":258,"id":2584,"length":46.32,"mcpPosition":[20.0402,304.141,-23.8088],"pipPosition":[4.44266,282.465,-42.202],"stabilizedTipPosition":[-19.2619,221.115,84.1559],"timeVisible":0.705252,"tipPosition":[-11.7974,269.731,-21.9936],"tipVelocity":[-52.8998,69.3246,-161.043],"tool":false,"touchDistance":0.333333,"touchZone":"none","type":4,"width":14.7252}],"r":[[0.737374,-0.440909,0.511741],[0.466652,0.880249,0.0860058],[-0.488381,0.175387,0.854824]],"s":1.08504,"t":[73.8161,107.868,-206.667],"timestamp":3054349716},false],[5,{"currentFrameRate":110.381,"devices":[],"gestures":[],"hands":[{"armBasis":[[0.9353,-0.0706108,-0.34674],[0.225108,0.874772,0.429069],[0.273021,-0.479362,0.834069]],"armWidth":58.4334,"confidence":0.72749,"direction":[0.18976,0.426487,-0.884364],"elbow":[50.2156,172.486,233.131],"grabStrength":0,"id":258,"palmNormal":[-0.218356,-0.859841,-0.461514],"palmPosition":[-15.5438,310.851,-19.4953],"palmVelocity":[-35.9064,78.4636,-174.478],"palmWidth":83.4409,"pinchStrength":0.532166,"r":[[0.733847,-0.444421,0.513769],[0.468965,0.878603,0.0901605],[-0.491468,0.174776,0.853178]],"s":1.09016,"sphereCenter":[-18.4277,285.895,-52.75],"sphereRadius":43.9858,"stabilizedPalmPosition":[-23.5571,265.4,81.2217],"t":[73.4921,108.673,-208.296],"timeVisible":0.714439,"type":"right","wrist":[-17.3842,291.176,26.6161]}],"id":295576,"interactionBox":{"center":[0,200,0],"size":[235.247,235.247,147.751]},"pointables":[{"bases":[[[0.617523,0.73934,0.268405],[-0.746787,0.443982,0.495166],[0.246929,-0.506218,0.826299]],[[0.516771,0.856042,0.0118168],[-0.797782,0.476502,0.369444],[0.310629,-0.200345,0.929178]],[[0.516771,0.856042,0.0118168],[-0.838021,0.50862,-0.197552],[-0.175123,0.0921867,0.980221]],[[0.516771,0.856042,0.0118168],[-0.750147,0.459411,-0.475627],[-0.412585,0.236926,0.879568]]],"btipPosition":[-45.0563,289.863,-69.0702],"carpPosition":[-45.1673,288.659,22.9895],"dipPosition":[-53.9112,294.948,-50.193],"direction":[0.175123,-0.0921867,-0.980221],"extended":false,"handId":258,"id":2580,"length":47.7925,"mcpPosition":[-45.1673,288.659,22.9895],"pipPosition":[-59.3867,297.83,-19.5446],"stabilizedTipPosition":[-47.3145,253.47,-4.75219],"timeVisible":0.714439,"tipPosition":[-45.7547,289.633,-64.4843],"tipVelocity":[-83.8851,167.715,-204.28],"tool":false,"touchDistance":-0.568823,"touchZone":"hovering","type":0,"width":18.5699},{"bases":[[[0.975514,-0.20509,-0.0794433],[0.219848,0.919686,0.325339],[0.0063391,-0.334838,0.942255]],[[0.967505,-0.248255,0.047989],[0.215069,0.907782,0.360107],[-0.132962,-0.338084,0.931676]],[[0.967505,-0.248255,0.047989],[0.230092,0.943112,0.239996],[-0.104839,-0.221156,0.969587]],[[0.967505,-0.248255,0.047989],[0.239599,0.960772,0.139676],[-0.0807819,-0.12364,0.989034]]],"btipPosition":[-23.9097,348.935,-114.158],"carpPosition":[-32.31,306.186,23.105],"dipPosition":[-25.1754,346.998,-98.662],"direction":[0.104839,0.221156,-0.969587],"extended":true,"handId":258,"id":2581,"length":53.9285,"mcpPosition":[-32.7376,328.776,-40.465],"pipPosition":[-27.4992,342.096,-77.1711],"stabilizedTipPosition":[-32.8076,321.385,-69.4145],"timeVisible":0.714439,"tipPosition":[-24.0339,347.259,-110.816],"tipVelocity":[11.9767,126.595,-164.555],"tool":false,"touchDistance":-0.526933,"touchZone":"hovering","type":1,"width":17.738},{"bases":[[[0.915533,-0.402201,-0.00570139],[0.381691,0.864198,0.327832],[-0.126927,-0.302317,0.944719]],[[0.916487,-0.399853,-0.0130028],[0.208814,0.505831,-0.836978],[0.341245,0.764364,0.547083]],[[0.916487,-0.399853,-0.0130028],[-0.242993,-0.530546,-0.812081],[0.317814,0.747421,-0.5834]],[[0.916487,-0.399853,-0.0130028],[-0.372872,-0.841965,-0.389952],[0.144975,0.362234,-0.920744]]],"btipPosition":[-38.8222,265.335,-31.3276],"carpPosition":[-21.0735,305.512,22.2164],"dipPosition":[-36.3239,271.577,-47.1947],"direction":[-0.317814,-0.747421,0.5834],"extended":false,"handId":258,"id":2582,"length":61.4471,"mcpPosition":[-12.9527,324.854,-38.2263],"pipPosition":[-28.0362,291.068,-62.4081],"stabilizedTipPosition":[-50.4221,207.726,87.2925],"timeVisible":0.714439,"tipPosition":[-38.1724,266.874,-35.8055],"tipVelocity":[-39.2136,85.9994,-163.672],"tool":false,"touchDistance":0.333333,"touchZone":"none","type":2,"width":17.4211},{"bases":[[[0.85548,-0.506301,0.108687],[0.441885,0.823177,0.356536],[-0.269983,-0.256982,0.927938]],[[0.859418,-0.502405,0.0948117],[0.333616,0.410538,-0.848622],[0.387428,0.760952,0.520434]],[[0.859418,-0.502405,0.0948117],[-0.24068,-0.561161,-0.791942],[0.45108,0.65779,-0.603191]],[[0.859418,-0.502405,0.0948117],[-0.43508,-0.816053,-0.380478],[0.268526,0.285739,-0.919917]]],"btipPosition":[-26.8246,263.921,-21.8297],"carpPosition":[-10.3992,301.944,21.7125],"dipPosition":[-22.2237,268.817,-37.5914],"direction":[-0.45108,-0.65779,0.603191],"extended":false,"handId":258,"id":2583,"length":59.0831,"mcpPosition":[5.1094,316.706,-31.5911],"pipPosition":[-10.7646,285.527,-52.9146],"stabilizedTipPosition":[-37.0763,207.916,94.4444],"timeVisible":0.714439,"tipPosition":[-25.7097,265.116,-26.1527],"tipVelocity":[-44.7303,82.2325,-169.278],"tool":false,"touchDistance":0.333333,"touchZone":"none","type":3,"width":16.5772},{"bases":[[[0.733632,-0.661647,0.154941],[0.543965,0.708448,0.449671],[-0.407291,-0.245611,0.879653]],[[0.725638,-0.666262,0.171883],[0.494459,0.331203,-0.803626],[0.478498,0.668131,0.569773]],[[0.725638,-0.666262,0.171883],[-0.267079,-0.502946,-0.822018],[0.634128,0.550581,-0.542901]],[[0.725638,-0.666262,0.171883],[-0.544419,-0.708699,-0.448724],[0.420781,0.232035,-0.876985]]],"btipPosition":[-13.7543,269.929,-20.4407],"carpPosition":[-1.87126,292.077,21.2097],"dipPosition":[-7.10313,273.597,-34.3029],"direction":[-0.634128,-0.550581,0.542901],"extended":false,"handId":258,"id":2584,"length":46.32,"mcpPosition":[19.7862,305.137,-25.5652],"pipPosition":[4.27063,283.472,-44.0405],"stabilizedTipPosition":[-19.2405,221.266,83.8278],"timeVisible":0.714439,"tipPosition":[-12.0523,270.711,-23.9218],"tipVelocity":[-45.9405,79.7252,-174.512],"tool":false,"touchDistance":0.333333,"touchZone":"none","type":4,"width":14.7252}],"r":[[0.733847,-0.444421,0.513769],[0.468965,0.878603,0.0901605],[-0.491468,0.174776,0.853178]],"s":1.09016,"t":[73.4921,108.673,-208.296],"timestamp":3054358903},false],[6,{"currentFrameRate":110.483,"devices":[],"gestures":[],"hands":[{"armBasis":[[0.936233,-0.0659346,-0.345137],[0.219916,0.876028,0.429198],[0.274051,-0.477731,0.834667]],"armWidth":58.4334,"confidence":0.732728,"direction":[0.193426,0.425101,-0.884237],"elbow":[49.9335,173.436,232.099],"grabStrength":0,"id":258,"palmNormal":[-0.213198,-0.86151,-0.460812],"palmPosition":[-15.8817,311.301,-20.708],"palmVelocity":[-36.5001,70.9383,-164.233],"palmWidth":83.4409,"pinchStrength":0.513181,"r":[[0.730703,-0.44656,0.516389],[0.470169,0.877597,0.0936216],[-0.494989,0.174381,0.851221]],"s":1.09518,"sphereCenter":[-18.6864,286.353,-53.9567],"sphereRadius":44.0608,"stabilizedPalmPosition":[-23.5462,265.465,81.0772],"t":[73.1611,109.3,-209.717],"timeVisible":0.72331,"type":"right","wrist":[-17.9212,291.722,25.4361]}],"id":295577,"interactionBox":{"center":[0,200,0],"size":[235.247,235.247,147.751]},"pointables":[{"bases":[[[0.613798,0.741783,0.270204],[-0.75087,0.442829,0.489997],[0.243817,-0.503647,0.82879]],[[0.516089,0.856368,0.0169209],[-0.798394,0.473809,0.371581],[0.310193,-0.205279,0.928246]],[[0.516089,0.856368,0.0169209],[-0.83834,0.509077,-0.195002],[-0.175608,0.0864531,0.980657]],[[0.516089,0.856368,0.0169209],[-0.751917,0.462426,-0.469875],[-0.410211,0.229774,0.882571]]],"btipPosition":[-45.5807,290.877,-70.4352],"carpPosition":[-45.6759,289.114,21.6599],"dipPosition":[-54.3846,295.808,-51.4936],"direction":[0.175608,-0.0864531,-0.980657],"extended":false,"handId":258,"id":2580,"length":47.7925,"mcpPosition":[-45.6759,289.114,21.6599],"pipPosition":[-59.8753,298.511,-20.8316],"stabilizedTipPosition":[-47.3303,255.568,-8.09089],"timeVisible":0.72331,"tipPosition":[-46.2715,290.577,-65.8452],"tipVelocity":[-76.8086,152.133,-190.155],"tool":false,"touchDistance":-0.560527,"touchZone":"hovering","type":0,"width":18.5699},{"bases":[[[0.976552,-0.202334,-0.0735359],[0.215272,0.921058,0.324514],[0.00207072,-0.332735,0.943018]],[[0.968116,-0.244873,0.0527983],[0.210038,0.908363,0.361609],[-0.136508,-0.33899,0.930834]],[[0.968116,-0.244873,0.0527983],[0.225558,0.943824,0.241493],[-0.108968,-0.221884,0.968965]],[[0.968116,-0.244873,0.0527983],[0.235525,0.961575,0.14107],[-0.0853137,-0.124137,0.988591]]],"btipPosition":[-23.8815,349.347,-115.453],"carpPosition":[-32.8719,306.68,21.8082],"dipPosition":[-25.2182,347.402,-99.9634],"direction":[0.108968,0.221884,-0.968965],"extended":true,"handId":258,"id":2581,"length":53.9285,"mcpPosition":[-33.0116,329.128,-41.8133],"pipPosition":[-27.6334,342.484,-78.4862],"stabilizedTipPosition":[-32.5865,322.091,-70.5044],"timeVisible":0.72331,"tipPosition":[-24.0108,347.679,-112.11],"tipVelocity":[9.09377,104.784,-159.547],"tool":false,"touchDistance":-0.522013,"touchZone":"hovering","type":1,"width":17.738},{"bases":[[[0.91675,-0.399461,0.000308301],[0.377264,0.866063,0.328035],[-0.131304,-0.30061,0.944665]],[[0.917691,-0.397239,-0.00664004],[0.211164,0.501848,-0.838784],[0.33653,0.768343,0.544424]],[[0.917691,-0.397239,-0.00664004],[-0.237614,-0.535381,-0.810498],[0.318406,0.745364,-0.585704]],[[0.917691,-0.397239,-0.00664004],[-0.3684,-0.844573,-0.388559],[0.148743,0.359023,-0.9214]]],"btipPosition":[-38.9693,265.684,-32.3678],"carpPosition":[-21.6286,306.037,20.9839],"dipPosition":[-36.406,271.871,-48.2462],"direction":[-0.318406,-0.745364,0.585704],"extended":false,"handId":258,"id":2582,"length":61.4471,"mcpPosition":[-13.2278,325.27,-39.4554],"pipPosition":[-28.1029,291.308,-63.5196],"stabilizedTipPosition":[-50.3677,207.994,86.735],"timeVisible":0.72331,"tipPosition":[-38.3005,267.208,-36.865],"tipVelocity":[-32.6175,72.9657,-151.161],"tool":false,"touchDistance":0.333333,"touchZone":"none","type":2,"width":17.4211},{"bases":[[[0.85637,-0.503487,0.114591],[0.43742,0.825286,0.357166],[-0.274398,-0.255742,0.926985]],[[0.860373,-0.499612,0.100734],[0.335074,0.405555,-0.850441],[0.384037,0.76545,0.516335]],[[0.860373,-0.499612,0.100734],[-0.236719,-0.566759,-0.789144],[0.451357,0.655112,-0.605892]],[[0.860373,-0.499612,0.100734],[-0.431273,-0.818998,-0.378479],[0.271593,0.282189,-0.920112]]],"btipPosition":[-27.0334,264.351,-22.6999],"carpPosition":[-10.9411,302.5,20.5476],"dipPosition":[-22.38,269.186,-38.465],"direction":[-0.451357,-0.655112,0.605892],"extended":false,"handId":258,"id":2583,"length":59.0831,"mcpPosition":[4.82117,317.191,-32.7012],"pipPosition":[-10.9139,285.828,-53.8569],"stabilizedTipPosition":[-37.0392,208.107,94.0419],"timeVisible":0.72331,"tipPosition":[-25.8953,265.524,-27.0755],"tipVelocity":[-38.6148,72.6413,-149.996],"tool":false,"touchDistance":0.333333,"touchZone":"none","type":3,"width":16.5772},{"bases":[[[0.734731,-0.659096,0.160509],[0.539319,0.71107,0.451125],[-0.411468,-0.24489,0.877908]],[[0.726378,-0.663849,0.177987],[0.497028,0.32851,-0.803146],[0.474698,0.671852,0.568574]],[[0.726378,-0.663849,0.177987],[-0.262441,-0.507246,-0.820869],[0.635216,0.54955,-0.542674]],[[0.726378,-0.663849,0.177987],[-0.540496,-0.711709,-0.448702],[0.424545,0.229726,-0.875778]]],"btipPosition":[-13.9977,270.406,-21.4275],"carpPosition":[-2.38097,292.658,20.1144],"dipPosition":[-7.28704,274.038,-35.2707],"direction":[-0.635216,-0.54955,0.542674],"extended":false,"handId":258,"id":2584,"length":46.32,"mcpPosition":[19.4986,305.68,-26.5678],"pipPosition":[4.10624,283.894,-45.0041],"stabilizedTipPosition":[-19.2211,221.409,83.5171],"timeVisible":0.72331,"tipPosition":[-12.2752,271.177,-24.9346],"tipVelocity":[-40.5037,72.4297,-157.217],"tool":false,"touchDistance":0.