{"sensorType":"Leap","data":[[0,{"currentFrameRate":110.05,"devices":[],"gestures":[],"hands":[{"armBasis":[[0.905967,-0.150348,-0.395751],[0.330056,0.836257,0.437878],[0.265116,-0.527323,0.807245]],"armWidth":58.4334,"confidence":0.665373,"direction":[0.265279,0.50679,-0.820238],"elbow":[44.9532,164.977,226.579],"grabStrength":0,"id":255,"palmNormal":[-0.293096,-0.768072,-0.569351],"palmPosition":[-15.1347,320.332,-16.5531],"palmVelocity":[31.7442,13.9645,-115.435],"palmWidth":83.4409,"pinchStrength":0.659132,"r":[[0.967212,-0.0805394,0.24086],[0.083708,0.996486,-0.00293524],[-0.239777,0.0230009,0.970555]],"s":1.19322,"sphereCenter":[-26.2268,299.154,-55.3494],"sphereRadius":43.955,"stabilizedPalmPosition":[-31.1803,254.2,150.995],"t":[19.9106,95.4625,-224.709],"timeVisible":0.57845,"type":"right","wrist":[-20.6892,295.542,26.7065]}],"id":294418,"interactionBox":{"center":[0,200,0],"size":[235.247,235.247,147.751]},"pointables":[{"bases":[[[0.683537,0.628359,0.371406],[-0.711691,0.460742,0.530295],[0.162093,-0.626802,0.762132]],[[0.601539,0.789583,0.121282],[-0.715721,0.465265,0.520838],[0.354816,-0.400109,0.844996]],[[0.601539,0.789583,0.121282],[-0.786279,0.612036,-0.0847227],[-0.141125,-0.0443978,0.988996]],[[0.601539,0.789583,0.121282],[-0.575675,0.533726,-0.619464],[-0.55385,0.302812,0.7756]]],"btipPosition":[-48.3808,309.783,-64.0511],"carpPosition":[-48.4378,296.578,22.1981],"dipPosition":[-60.2674,316.282,-47.4053],"direction":[0.141125,0.0443978,-0.988996],"extended":false,"handId":255,"id":2550,"length":47.7925,"mcpPosition":[-48.4378,296.578,22.1981],"pipPosition":[-64.6799,314.893,-16.4825],"stabilizedTipPosition":[-82.0385,251.808,88.9317],"timeVisible":0.57845,"tipPosition":[-50.8758,310.236,-60.5495],"tipVelocity":[59.3921,3.92285,-129.874],"tool":false,"touchDistance":-0.500297,"touchZone":"hovering","type":0,"width":18.5699},{"bases":[[[0.950044,-0.300797,-0.0832885],[0.305768,0.843434,0.44173],[-0.0626224,-0.44513,0.893274]],[[0.943843,-0.329509,-0.0241722],[0.316581,0.881024,0.351531],[-0.0945363,-0.339442,0.935864]],[[0.943843,-0.329509,-0.0241722],[0.325303,0.914013,0.2424],[-0.0577794,-0.236651,0.969875]],[[0.943843,-0.329509,-0.0241722],[0.329146,0.931399,0.155432],[-0.0287021,-0.154659,0.987551]]],"btipPosition":[-24.1057,363.501,-109.34],"carpPosition":[-33.7855,312.428,24.7668],"dipPosition":[-24.5554,361.078,-93.8671],"direction":[0.0577794,0.236651,-0.969875],"extended":true,"handId":255,"id":2551,"length":53.9285,"mcpPosition":[-29.5606,342.459,-35.4986],"pipPosition":[-25.8361,355.833,-72.3697],"stabilizedTipPosition":[-52.5474,309.843,7.64452],"timeVisible":0.57845,"tipPosition":[-24.3611,361.377,-106.104],"tipVelocity":[84.6062,15.212,-128.209],"tool":false,"touchDistance":-0.501181,"touchZone":"hovering","type":1,"width":17.738},{"bases":[[[0.86671,-0.497518,-0.0359138],[0.460533,0.770461,0.440794],[-0.191633,-0.39858,0.89689]],[[0.868306,-0.494115,-0.0435304],[0.338148,0.653856,-0.676852],[0.362905,0.572995,0.734831]],[[0.868306,-0.494115,-0.0435304],[-0.0170374,0.0579969,-0.998171],[0.495736,0.86746,0.0419406]],[[0.868306,-0.494115,-0.0435304],[-0.20084,-0.269975,-0.941688],[0.45355,0.826417,-0.333659]]],"btipPosition":[-47.1858,273.937,-61.1635],"carpPosition":[-22.6621,310.625,24.0435],"dipPosition":[-39.3698,288.178,-66.9134],"direction":[-0.495736,-0.86746,-0.0419406],"extended":false,"handId":255,"id":2552,"length":61.4471,"mcpPosition":[-10.4016,336.126,-33.3391],"pipPosition":[-26.4425,310.799,-65.8197],"stabilizedTipPosition":[-71.0312,226.027,87.3691],"timeVisible":0.57845,"tipPosition":[-45.2236,277.593,-63.4363],"tipVelocity":[68.3092,-13.4724,-111.305],"tool":false,"touchDistance":-0.477154,"touchZone":"hovering","type":2,"width":17.4211},{"bases":[[[0.791863,-0.607405,0.0633364],[0.514935,0.719848,0.465468],[-0.32832,-0.335973,0.882796]],[[0.790446,-0.608842,0.0671265],[0.438642,0.486149,-0.755812],[0.427537,0.626874,0.651338]],[[0.790446,-0.608842,0.0671265],[0.0108367,-0.0956714,-0.995354],[0.612435,0.787501,-0.0690253]],[[0.790446,-0.608842,0.0671265],[-0.200679,-0.360949,-0.910738],[0.578725,0.706419,-0.407492]]],"btipPosition":[-36.553,267.489,-45.332],"carpPosition":[-12.4214,305.984,23.3301],"dipPosition":[-26.6372,279.593,-52.3139],"direction":[-0.612435,-0.787501,0.0690253],"extended":false,"handId":255,"id":2553,"length":59.0831,"mcpPosition":[6.43825,325.283,-27.3804],"pipPosition":[-11.0791,299.598,-54.0674],"stabilizedTipPosition":[-55.4817,219.084,91.497],"timeVisible":0.57845,"tipPosition":[-33.9003,270.629,-48.2867],"tipVelocity":[55.3247,-9.43235,-79.0493],"tool":false,"touchDistance":0.333333,"touchZone":"none","type":3,"width":16.5772},{"bases":[[[0.652501,-0.752742,0.0872995],[0.600788,0.584082,0.545804],[-0.46184,-0.30369,0.833352]],[[0.553918,-0.796447,0.242584],[0.688085,0.273888,-0.671955],[0.468736,0.539127,0.699735]],[[0.553918,-0.796447,0.242584],[0.159576,-0.184404,-0.96981],[0.817135,0.575906,0.0249486]],[[0.553918,-0.796447,0.242584],[-0.12828,-0.369531,-0.920321],[0.822629,0.478664,-0.306858]]],"btipPosition":[-23.2897,276.138,-40.8102],"carpPosition":[-4.98949,295.366,21.7891],"dipPosition":[-10.2867,283.704,-45.6607],"direction":[-0.817135,-0.575906,-0.0249486],"extended":false,"handId":255,"id":2554,"length":46.32,"mcpPosition":[19.5686,311.515,-22.5239],"pipPosition":[4.36953,294.033,-45.2132],"stabilizedTipPosition":[-38.212,220.659,99.7995],"timeVisible":0.57845,"tipPosition":[-19.7318,277.966,-43.0131],"tipVelocity":[50.9634,0.980549,-88.6342],"tool":false,"touchDistance":0.333333,"touchZone":"none","type":4,"width":14.7252}],"r":[[0.967212,-0.0805394,0.24086],[0.083708,0.996486,-0.00293524],[-0.239777,0.0230009,0.970555]],"s":1.19322,"t":[19.9106,95.4625,-224.709],"timestamp":3043702084},false],[1,{"currentFrameRate":110.062,"devices":[],"gestures":[],"hands":[{"armBasis":[[0.905758,-0.150954,-0.396],[0.329903,0.837687,0.435252],[0.266021,-0.524874,0.808542]],"armWidth":58.4334,"confidence":0.671554,"direction":[0.271766,0.500209,-0.822152],"elbow":[45.2583,166.12,225.078],"grabStrength":0,"id":255,"palmNormal":[-0.292255,-0.771061,-0.565731],"palmPosition":[-14.7177,320.548,-18.5128],"palmVelocity":[35.6827,16.697,-143.268],"palmWidth":83.4409,"pinchStrength":0.656211,"r":[[0.965898,-0.0788934,0.246613],[0.0831044,0.996518,-0.00669733],[-0.245226,0.0269635,0.969091]],"s":1.19604,"sphereCenter":[-25.8659,299.385,-57.2132],"sphereRadius":43.9572,"stabilizedPalmPosition":[-31.179,254.205,150.982],"t":[20.2654,95.6505,-226.17],"timeVisible":0.587515,"type":"right","wrist":[-20.6082,296.078,24.8841]}],"id":294419,"interactionBox":{"center":[0,200,0],"size":[235.247,235.247,147.751]},"pointables":[{"bases":[[[0.683395,0.628711,0.371072],[-0.713286,0.466724,0.522868],[0.155545,-0.622006,0.767408]],[[0.603755,0.788057,0.120191],[-0.716741,0.470636,0.514572],[0.348946,-0.396821,0.848981]],[[0.603755,0.788057,0.120191],[-0.783506,0.614418,-0.0927847],[-0.146967,-0.0381513,0.988405]],[[0.603755,0.788057,0.120191],[-0.56923,0.531743,-0.627078],[-0.558084,0.310185,0.769628]]],"btipPosition":[-47.7269,309.873,-66.0803],"carpPosition":[-48.3262,297.173,20.2047],"dipPosition":[-59.7044,316.53,-49.5626],"direction":[0.146967,0.0381513,-0.988405],"extended":false,"handId":255,"id":2550,"length":47.7925,"mcpPosition":[-48.3262,297.173,20.2047],"pipPosition":[-64.2996,315.337,-18.6583],"stabilizedTipPosition":[-82.0171,251.848,88.829],"timeVisible":0.587515,"tipPosition":[-50.2502,310.375,-62.6018],"tipVelocity":[62.2751,6.70445,-156.733],"tool":false,"touchDistance":-0.50948,"touchZone":"hovering","type":0,"width":18.5699},{"bases":[[[0.949527,-0.304445,-0.0755813],[0.305926,0.845492,0.437666],[-0.0693419,-0.438698,0.895955]],[[0.943086,-0.332079,-0.017696],[0.316672,0.88054,0.352659],[-0.101529,-0.338192,0.935584]],[[0.943086,-0.332079,-0.017696],[0.326245,0.913581,0.242762],[-0.0644492,-0.234718,0.969925]],[[0.943086,-0.332079,-0.017696],[0.330704,0.930922,0.154981],[-0.0349923,-0.152013,0.987759]]],"btipPosition":[-22.9823,363.498,-111.531],"carpPosition":[-33.6373,312.993,22.75],"dipPosition":[-23.5306,361.116,-96.0549],"direction":[0.0644492,0.234718,-0.969925],"extended":true,"handId":255,"id":2551,"length":53.9285,"mcpPosition":[-28.9591,342.59,-37.6963],"pipPosition":[-24.9591,355.914,-74.5564],"stabilizedTipPosition":[-52.3805,310.144,6.98934],"timeVisible":0.587515,"tipPosition":[-23.2576,361.388,-108.293],"tipVelocity":[94.777,11.2067,-159.54],"tool":false,"touchDistance":-0.512251,"touchZone":"hovering","type":1,"width":17.738},{"bases":[[[0.86527,-0.500561,-0.0273362],[0.460454,0.772013,0.438152],[-0.198218,-0.391707,0.898485]],[[0.866921,-0.497218,-0.0349606],[0.344111,0.647763,-0.679699],[0.360605,0.577215,0.732657]],[[0.866921,-0.497218,-0.0349606],[-0.0112386,0.0506228,-0.998655],[0.498319,0.866147,0.0382979]],[[0.866921,-0.497218,-0.0349606],[-0.196403,-0.276287,-0.940793],[0.45812,0.822459,-0.337174]]],"btipPosition":[-46.6627,273.936,-62.9524],"carpPosition":[-22.5159,311.149,22.105],"dipPosition":[-38.768,288.11,-68.7629],"direction":[-0.498319,-0.866147,-0.0382979],"extended":false,"handId":255,"id":2552,"length":61.4471,"mcpPosition":[-9.834,336.21,-35.3798],"pipPosition":[-25.7732,310.696,-67.7642],"stabilizedTipPosition":[-70.9946,226.098,87.157],"timeVisible":0.587515,"tipPosition":[-44.6781,277.564,-65.2277],"tipVelocity":[65.9315,-10.2415,-135.501],"tool":false,"touchDistance":-0.484816,"touchZone":"hovering","type":2,"width":17.4211},{"bases":[[[0.78948,-0.609512,0.0722298],[0.514544,0.721398,0.463498],[-0.334614,-0.328757,0.883149]],[[0.788152,-0.610805,0.0757175],[0.444134,0.479246,-0.757013],[0.4261,0.63027,0.648998]],[[0.788152,-0.610805,0.0757175],[0.0157022,-0.103027,-0.994555],[0.61528,0.785049,-0.07161]],[[0.788152,-0.610805,0.0757175],[-0.197033,-0.366942,-0.909138],[0.58309,0.70162,-0.409555]]],"btipPosition":[-36.1447,267.566,-47.0012],"carpPosition":[-12.2864,306.469,21.4843],"dipPosition":[-26.1541,279.587,-54.0184],"direction":[-0.61528,-0.785049,0.07161],"extended":false,"handId":255,"id":2553,"length":59.0831,"mcpPosition":[6.93476,325.354,-29.2464],"pipPosition":[-10.5237,299.53,-55.8376],"stabilizedTipPosition":[-55.4458,219.169,91.2649],"timeVisible":0.587515,"tipPosition":[-33.476,270.668,-49.9358],"tipVelocity":[53.0084,-5.07959,-108.327],"tool":false,"touchDistance":0.333333,"touchZone":"none","type":3,"width":16.5772},{"bases":[[[0.649503,-0.754226,0.0963765],[0.599476,0.585916,0.545281],[-0.467734,-0.296386,0.832695]],[[0.550294,-0.79642,0.250784],[0.690816,0.265565,-0.672494],[0.468988,0.543315,0.696319]],[[0.550294,-0.79642,0.250784],[0.161201,-0.193364,-0.967794],[0.819262,0.572998,0.0219767]],[[0.550294,-0.79642,0.250784],[-0.12693,-0.376651,-0.917618],[0.825267,0.473127,-0.308359]]],"btipPosition":[-22.9553,276.204,-42.3155],"carpPosition":[-4.88042,295.817,20.061],"dipPosition":[-9.91053,283.683,-47.1897],"direction":[-0.819262,-0.572998,-0.0219767],"extended":false,"handId":255,"id":2554,"length":46.32,"mcpPosition":[19.991,311.577,-24.217],"pipPosition":[4.78382,293.96,-46.7955],"stabilizedTipPosition":[-38.1981,220.702,99.6908],"timeVisible":0.587515,"tipPosition":[-19.3847,278.003,-44.5196],"tipVelocity":[47.3687,2.12015,-110.189],"tool":false,"touchDistance":0.333333,"touchZone":"none","type":4,"width":14.7252}],"r":[[0.965898,-0.0788934,0.246613],[0.0831044,0.996518,-0.00669733],[-0.245226,0.0269635,0.969091]],"s":1.19604,"t":[20.2654,95.6505,-226.17],"timestamp":3043711149},false],[2,{"currentFrameRate":110.062,"devices":[],"gestures":[],"hands":[{"armBasis":[[0.907501,-0.148791,-0.392813],[0.328052,0.835107,0.441562],[0.262341,-0.529582,0.806672]],"armWidth":58.4334,"confidence":0.673325,"direction":[0.274962,0.496486,-0.823345],"elbow":[44.5868,165.146,223.497],"grabStrength":0,"id":255,"palmNormal":[-0.29214,-0.772721,-0.563521],"palmPosition":[-14.3129,320.559,-19.7102],"palmVelocity":[38.1408,12.4257,-140.094],"palmWidth":83.4409,"pinchStrength":0.653291,"r":[[0.964654,-0.077724,0.251797],[0.0830149,0.996494,-0.0104417],[-0.250103,0.0309755,0.967724]],"s":1.19867,"sphereCenter":[-25.6085,299.506,-58.3474],"sphereRadius":43.9589,"stabilizedPalmPosition":[-31.1778,254.209,150.97],"t":[20.6452,95.7503,-227.499],"timeVisible":0.5966,"type":"right","wrist":[-20.3685,296.27,23.7655]}],"id":294420,"interactionBox":{"center":[0,200,0],"size":[235.247,235.247,147.751]},"pointables":[{"bases":[[[0.683547,0.628883,0.370499],[-0.713847,0.47009,0.519073],[0.152269,-0.619291,0.770255]],[[0.60525,0.786994,0.119633],[-0.716758,0.473403,0.512004],[0.346309,-0.395638,0.850612]],[[0.60525,0.786994,0.119633],[-0.781825,0.615964,-0.0966305],[-0.149737,-0.0350463,0.988105]],[[0.60525,0.786994,0.119633],[-0.565556,0.530886,-0.631115],[-0.560196,0.314324,0.766408]]],"btipPosition":[-47.2195,309.859,-67.2757],"carpPosition":[-48.0714,297.398,19.0054],"dipPosition":[-59.2423,316.605,-50.8272],"direction":[0.149737,0.0350463,-0.988105],"extended":false,"handId":255,"id":2550,"length":47.7925,"mcpPosition":[-48.0714,297.398,19.0054],"pipPosition":[-63.9241,315.509,-19.9323],"stabilizedTipPosition":[-81.9957,251.888,88.7275],"timeVisible":0.5966,"tipPosition":[-49.7601,310.393,-63.8108],"tipVelocity":[60.1793,5.02785,-150.257],"tool":false,"touchDistance":-0.505036,"touchZone":"hovering","type":0,"width":18.5699},{"bases":[[[0.94916,-0.306504,-0.071773],[0.306302,0.846625,0.435206],[-0.0726274,-0.435064,0.897466]],[[0.942706,-0.333282,-0.0151381],[0.316671,0.879595,0.35501],[-0.105003,-0.339463,0.93474]],[[0.942706,-0.333282,-0.0151381],[0.326681,0.912924,0.24464],[-0.0677141,-0.235569,0.969496]],[[0.942706,-0.333282,-0.0151381],[0.331454,0.930437,0.156288],[-0.0380029,-0.152351,0.987596]]],"btipPosition":[-22.227,363.535,-112.808],"carpPosition":[-33.36,313.201,21.5294],"dipPosition":[-22.8224,361.148,-97.3346],"direction":[0.0677141,0.235569,-0.969496],"extended":true,"handId":255,"id":2551,"length":53.9285,"mcpPosition":[-28.4602,342.553,-39.0188],"pipPosition":[-24.3233,355.927,-75.8457],"stabilizedTipPosition":[-52.2096,310.445,6.3276],"timeVisible":0.5966,"tipPosition":[-22.508,361.435,-109.572],"tipVelocity":[91.2273,9.19712,-154.31],"tool":false,"touchDistance":-0.508525,"touchZone":"hovering","type":1,"width":17.738},{"bases":[[[0.864404,-0.502273,-0.0229955],[0.460691,0.772862,0.436404],[-0.201422,-0.387823,0.899457]],[[0.866081,-0.498965,-0.0306229],[0.347047,0.644217,-0.681574],[0.35981,0.57967,0.731108]],[[0.866081,-0.498965,-0.0306229],[-0.00864128,0.0463056,-0.99889],[0.49983,0.865384,0.0357927]],[[0.866081,-0.498965,-0.0306229],[-0.194537,-0.279972,-0.940091],[0.460499,0.820152,-0.339545]]],"btipPosition":[-46.2274,273.824,-64.0226],"carpPosition":[-22.2403,311.334,20.9223],"dipPosition":[-38.2917,287.957,-69.874],"direction":[-0.49983,-0.865384,-0.0357927],"extended":false,"handId":255,"id":2552,"length":61.4471,"mcpPosition":[-9.35345,336.146,-36.6246],"pipPosition":[-25.2575,310.524,-68.9406],"stabilizedTipPosition":[-70.958,226.168,86.9469],"timeVisible":0.5966,"tipPosition":[-44.2326,277.433,-66.2956],"tipVelocity":[61.2327,-11.113,-130.887],"tool":false,"touchDistance":-0.480861,"touchZone":"hovering","type":2,"width":17.4211},{"bases":[[[0.788136,-0.610692,0.0767854],[0.514616,0.722245,0.462097],[-0.337657,-0.32468,0.883499]],[[0.786851,-0.611918,0.0801329],[0.446858,0.475359,-0.75786],[0.425657,0.632131,0.647477]],[[0.786851,-0.611918,0.0801329],[0.0179128,-0.107145,-0.994082],[0.616883,0.78363,-0.073346]],[[0.786851,-0.611918,0.0801329],[-0.195489,-0.370296,-0.908111],[0.585363,0.698883,-0.410991]]],"btipPosition":[-35.7629,267.502,-48.0265],"carpPosition":[-12.018,306.633,20.3481],"dipPosition":[-25.7334,279.476,-55.0683],"direction":[-0.616883,-0.78363,0.073346],"extended":false,"handId":255,"id":2553,"length":59.0831,"mcpPosition":[7.37803,325.283,-30.4027],"pipPosition":[-10.0623,299.383,-56.9316],"stabilizedTipPosition":[-55.4118,219.248,91.0471],"timeVisible":0.5966,"tipPosition":[-33.0881,270.582,-50.9463],"tipVelocity":[50.2414,-5.95428,-109.753],"tool":false,"touchDistance":0.333333,"touchZone":"none","type":3,"width":16.5772},{"bases":[[[0.647823,-0.755051,0.10111],[0.599068,0.586926,0.544642],[-0.470577,-0.292259,0.832552]],[[0.548444,-0.796373,0.254951],[0.691894,0.260979,-0.673181],[0.469566,0.545601,0.694138]],[[0.548444,-0.796373,0.254951],[0.161415,-0.198334,-0.966752],[0.82046,0.571362,0.0197717]],[[0.548444,-0.796373,0.254951],[-0.126861,-0.380612,-0.915991],[0.826508,0.470026,-0.309773]]],"btipPosition":[-22.6116,276.133,-43.2495],"carpPosition":[-4.62802,295.961,18.9868],"dipPosition":[-9.54719,283.563,-48.146],"direction":[-0.82046,-0.571362,-0.0197717],"extended":false,"handId":255,"id":2554,"length":46.32,"mcpPosition":[20.3946,311.502,-25.2836],"pipPosition":[5.16864,293.811,-47.7914],"stabilizedTipPosition":[-38.1846,220.744,99.5862],"timeVisible":0.5966,"tipPosition":[-19.0445,277.914,-45.4422],"tipVelocity":[44.8671,-0.974874,-108.301],"tool":false,"touchDistance":0.333333,"touchZone":"none","type":4,"width":14.7252}],"r":[[0.964654,-0.077724,0.251797],[0.0830149,0.996494,-0.0104417],[-0.250103,0.0309755,0.967724]],"s":1.19867,"t":[20.6452,95.7503,-227.499],"timestamp":3043720234},false],[3,{"currentFrameRate":110.106,"devices":[],"gestures":[],"hands":[{"armBasis":[[0.907061,-0.148833,-0.393813],[0.328256,0.835738,0.440216],[0.263606,-0.528574,0.806921]],"armWidth":58.4334,"confidence":0.6836,"direction":[0.277232,0.494094,-0.824023],"elbow":[45.0836,165.5,222.734],"grabStrength":0,"id":255,"palmNormal":[-0.29204,-0.773728,-0.56219],"palmPosition":[-14.0119,320.548,-20.5823],"palmVelocity":[36.8447,8.67962,-128.218],"palmWidth":83.4409,"pinchStrength":0.6474,"r":[[0.963519,-0.0768982,0.256355],[0.0832223,0.996434,-0.0138959],[-0.254372,0.0347234,0.966483]],"s":1.20125,"sphereCenter":[-25.4194,299.587,-59.1912],"sphereRadius":43.974,"stabilizedPalmPosition":[-31.1765,254.214,150.957],"t":[20.9856,95.7947,-228.6],"timeVisible":0.605604,"type":"right","wrist":[-20.1849,296.374,22.9411]}],"id":294421,"interactionBox":{"center":[0,200,0],"size":[235.247,235.247,147.751]},"pointables":[{"bases":[[[0.683637,0.628905,0.370296],[-0.714253,0.472299,0.516504],[0.149941,-0.617586,0.772078]],[[0.606647,0.785808,0.120354],[-0.716258,0.474598,0.511597],[0.344898,-0.396563,0.850755]],[[0.606647,0.785808,0.120354],[-0.780477,0.617499,-0.0977273],[-0.151113,-0.0346472,0.987909]],[[0.606647,0.785808,0.120354],[-0.563248,0.531701,-0.632492],[-0.561009,0.31591,0.76516]]],"btipPosition":[-46.8999,309.983,-68.1312],"carpPosition":[-47.877,297.527,18.1236],"dipPosition":[-58.9402,316.763,-51.7094],"direction":[0.151113,0.0346472,-0.987909],"extended":false,"handId":255,"id":2550,"length":47.7925,"mcpPosition":[-47.877,297.527,18.1236],"pipPosition":[-63.665,315.68,-20.8207],"stabilizedTipPosition":[-81.975,251.926,88.6292],"timeVisible":0.605604,"tipPosition":[-49.4357,310.519,-64.6678],"tipVelocity":[53.2762,7.68382,-135.27],"tool":false,"touchDistance":-0.49579,"touchZone":"hovering","type":0,"width":18.5699},{"bases":[[[0.948898,-0.307916,-0.0691442],[0.306551,0.847297,0.433721],[-0.074964,-0.432753,0.89839]],[[0.942433,-0.334127,-0.0133716],[0.316621,0.878765,0.357103],[-0.107567,-0.34078,0.933969]],[[0.942433,-0.334127,-0.0133716],[0.326989,0.912458,0.245965],[-0.0699825,-0.236178,0.969186]],[[0.942433,-0.334127,-0.0133716],[0.331997,0.930148,0.156851],[-0.0399707,-0.152261,0.987532]]],"btipPosition":[-21.6771,363.559,-113.724],"carpPosition":[-33.1499,313.316,20.6376],"dipPosition":[-22.3033,361.173,-98.2515],"direction":[0.0699825,0.236178,-0.969186],"extended":true,"handId":255,"id":2551,"length":53.9285,"mcpPosition":[-28.0924,342.512,-39.973],"pipPosition":[-23.8545,355.938,-76.7695],"stabilizedTipPosition":[-52.0391,310.74,5.67378],"timeVisible":0.605604,"tipPosition":[-21.96,361.486,-110.486],"tipVelocity":[82.7282,7.40456,-139.873],"tool":false,"touchDistance":-0.499749,"touchZone":"hovering","type":1,"width":17.738},{"bases":[[[0.86379,-0.503453,-0.0200517],[0.46084,0.773336,0.435406],[-0.2037,-0.38534,0.900011]],[[0.865485,-0.50017,-0.0276789],[0.349099,0.641859,-0.68275],[0.359257,0.581247,0.730128]],[[0.865485,-0.50017,-0.0276789],[-0.00683649,0.0434557,-0.999032],[0.500888,0.864836,0.0341909]],[[0.865485,-0.50017,-0.0276789],[-0.193239,-0.282379,-0.939638],[0.462163,0.818592,-0.341048]]],"btipPosition":[-45.9046,273.736,-64.8123],"carpPosition":[-22.0315,311.433,20.057],"dipPosition":[-37.9402,287.843,-70.6896],"direction":[-0.500888,-0.864836,-0.0341909],"extended":false,"handId":255,"id":2552,"length":61.4471,"mcpPosition":[-8.99883,336.087,-37.5253],"pipPosition":[-24.8785,310.395,-69.798],"stabilizedTipPosition":[-70.9225,226.235,86.7449],"timeVisible":0.605604,"tipPosition":[-43.9034,277.331,-67.0796],"tipVelocity":[54.4618,-10.9247,-119.207],"tool":false,"touchDistance":-0.473043,"touchZone":"hovering","type":2,"width":17.4211},{"bases":[[[0.787184,-0.611527,0.0798456],[0.514648,0.722712,0.461329],[-0.339821,-0.322059,0.883629]],[[0.785912,-0.612724,0.0831393],[0.448917,0.472932,-0.758161],[0.425224,0.633171,0.646745]],[[0.785912,-0.612724,0.0831393],[0.0196698,-0.109615,-0.99378],[0.618026,0.782658,-0.0740953]],[[0.785912,-0.612724,0.0831393],[-0.194236,-0.372283,-0.907567],[0.587039,0.697119,-0.411595]]],"btipPosition":[-35.4748,267.448,-48.808],"carpPosition":[-11.8142,306.718,19.5146],"dipPosition":[-25.4165,279.393,-55.8603],"direction":[-0.618026,-0.782659,0.0740953],"extended":false,"handId":255,"id":2553,"length":59.0831,"mcpPosition":[7.70614,325.218,-31.2437],"pipPosition":[-9.71643,299.275,-57.7425],"stabilizedTipPosition":[-55.3807,219.319,90.8489],"timeVisible":0.605604,"tipPosition":[-32.7931,270.516,-51.7225],"tipVelocity":[45.431,-6.15588,-103.521],"tool":false,"touchDistance":0.333333,"touchZone":"none","type":3,"width":16.5772},{"bases":[[[0.646635,-0.755642,0.104249],[0.598761,0.587488,0.544374],[-0.472597,-0.289591,0.832339]],[[0.547338,-0.796347,0.257395],[0.690699,0.256145,-0.676257],[0.472605,0.547924,0.690234]],[[0.547338,-0.796347,0.257395],[0.158144,-0.2036,-0.966197],[0.821834,0.569542,0.0144992]],[[0.547338,-0.796347,0.257395],[-0.129658,-0.384527,-0.913963],[0.826807,0.466873,-0.313719]]],"btipPosition":[-22.4395,276.07,-43.7473],"carpPosition":[-4.4355,296.033,18.1942],"dipPosition":[-9.3704,283.45,-48.7062],"direction":[-0.821834,-0.569542,-0.0144992],"extended":false,"handId":255,"id":2554,"length":46.32,"mcpPosition":[20.6946,311.432,-26.0649],"pipPosition":[5.37008,293.665,-48.4461],"stabilizedTipPosition":[-38.172,220.782,99.4885],"timeVisible":0.605604,"tipPosition":[-18.865,277.836,-45.9676],"tipVelocity":[37.8251,-2.96947,-94.1765],"tool":false,"touchDistance":0.333333,"touchZone":"none","type":4,"width":14.7252}],"r":[[0.963519,-0.0768982,0.256355],[0.0832223,0.996434,-0.0138959],[-0.254372,0.0347234,0.966483]],"s":1.20125,"t":[20.9856,95.7947,-228.6],"timestamp":3043729238},false],[4,{"currentFrameRate":110.126,"devices":[],"gestures":[],"hands":[{"armBasis":[[0.907793,-0.14685,-0.392869],[0.326923,0.834538,0.443472],[0.262741,-0.531018,0.805597]],"armWidth":58.4334,"confidence":0.689506,"direction":[0.280644,0.487631,-0.826713],"elbow":[45.0334,164.779,221.955],"grabStrength":0,"id":255,"palmNormal":[-0.292419,-0.776942,-0.557541],"palmPosition":[-13.6724,320.112,-21.1852],"palmVelocity":[37.034,-7.02742,-111.239],"palmWidth":83.4409,"pinchStrength":0.636353,"r":[[0.962419,-0.0763299,0.26062],[0.0838948,0.996312,-0.0180095],[-0.258284,0.0391973,0.965273]],"s":1.20412,"sphereCenter":[-25.2677,299.135,-59.6896],"sphereRadius":44.0043,"stabilizedPalmPosition":[-31.1751,254.22,150.943],"t":[21.3256,95.5986,-229.452],"timeVisible":0.61465,"type":"right","wrist":[-20.021,296.259,22.4896]}],"id":294422,"interactionBox":{"center":[0,200,0],"size":[235.247,235.247,147.751]},"pointables":[{"bases":[[[0.684175,0.629829,0.367723],[-0.71448,0.477637,0.511254],[0.146365,-0.612518,0.776788]],[[0.60926,0.78399,0.119005],[-0.71492,0.478144,0.510165],[0.343062,-0.395902,0.851804]],[[0.60926,0.78399,0.119005],[-0.778252,0.61996,-0.0998674],[-0.152073,-0.0317708,0.987858]],[[0.60926,0.78399,0.119005],[-0.560599,0.531986,-0.634602],[-0.56083,0.319923,0.763622]]],"btipPosition":[-46.6098,309.694,-68.6787],"carpPosition":[-47.6971,297.444,17.5895],"dipPosition":[-58.6463,316.56,-52.2899],"direction":[0.152073,0.0317708,-0.987858],"extended":false,"handId":255,"id":2550,"length":47.7925,"mcpPosition":[-47.6971,297.444,17.5895],"pipPosition":[-63.4011,315.567,-21.4027],"stabilizedTipPosition":[-81.9542,251.964,88.5313],"timeVisible":0.61465,"tipPosition":[-49.1108,310.208,-65.2102],"tipVelocity":[47.4538,-2.64127,-114.887],"tool":false,"touchDistance":-0.48287,"touchZone":"hovering","type":0,"width":18.5699},{"bases":[[[0.948325,-0.31069,-0.0644268],[0.307455,0.849573,0.428599],[-0.0784262,-0.42626,0.901195]],[[0.941842,-0.335913,-0.0097785],[0.317171,0.878923,0.356226],[-0.111066,-0.33861,0.934349]],[[0.941842,-0.335913,-0.0097785],[0.32801,0.912576,0.24416],[-0.0730929,-0.233168,0.969686]],[[0.941842,-0.335913,-0.0097785],[0.333333,0.930121,0.154156],[-0.0426877,-0.14845,0.987998]]],"btipPosition":[-20.9825,362.808,-114.552],"carpPosition":[-32.9384,313.215,20.0326],"dipPosition":[-21.6514,360.482,-99.0717],"direction":[0.0730929,0.233168,-0.969686],"extended":true,"handId":255,"id":2551,"length":53.9285,"mcpPosition":[-27.6473,341.973,-40.7672],"pipPosition":[-23.2715,355.314,-77.5786],"stabilizedTipPosition":[-51.8573,311.043,4.98763],"timeVisible":0.61465,"tipPosition":[-21.2684,360.76,-111.307],"tipVelocity":[80.7879,-17.1171,-126.476],"tool":false,"touchDistance":-0.490495,"touchZone":"hovering","type":1,"width":17.738},{"bases":[[[0.862609,-0.505671,-0.0141952],[0.461558,0.775252,0.431219],[-0.20705,-0.378525,0.902136]],[[0.864332,-0.502447,-0.021836],[0.352371,0.636001,-0.68654],[0.358838,0.585704,0.726764]],[[0.864332,-0.502447,-0.021836],[-0.00426159,0.0360997,-0.999339],[0.502903,0.863854,0.0290609]],[[0.864332,-0.502447,-0.021836],[-0.191585,-0.288808,-0.938022],[0.465,0.814946,-0.345888]]],"btipPosition":[-45.5647,273.059,-65.1442],"carpPosition":[-21.823,311.301,19.4952],"dipPosition":[-37.5515,287.103,-71.1049],"direction":[-0.502903,-0.863854,-0.0290609],"extended":false,"handId":255,"id":2552,"length":61.4471,"mcpPosition":[-8.57605,335.519,-38.2231],"pipPosition":[-24.4372,309.63,-70.347],"stabilizedTipPosition":[-70.8819,226.31,86.5159],"timeVisible":0.61465,"tipPosition":[-43.5514,276.629,-67.4208],"tipVelocity":[50.1458,-28.981,-97.0358],"tool":false,"touchDistance":-0.459338,"touchZone":"hovering","type":2,"width":17.4211},{"bases":[[[0.785473,-0.612856,0.0862498],[0.515172,0.724681,0.457641],[-0.342972,-0.315031,0.884944]],[[0.784256,-0.613966,0.0893783],[0.451867,0.466503,-0.760389],[0.425158,0.636726,0.643289]],[[0.784256,-0.613966,0.0893783],[0.0218028,-0.116696,-0.992928],[0.620055,0.780658,-0.0781331]],[[0.784256,-0.613966,0.0893783],[-0.192912,-0.37822,-0.905392],[0.589685,0.692817,-0.415063]]],"btipPosition":[-35.1896,266.863,-49.0812],"carpPosition":[-11.6158,306.557,19.0134],"dipPosition":[-25.0861,278.734,-56.1928],"direction":[-0.620055,-0.780658,0.0781331],"extended":false,"handId":255,"id":2553,"length":59.0831,"mcpPosition":[8.08546,324.654,-31.8204],"pipPosition":[-9.3344,298.565,-58.1777],"stabilizedTipPosition":[-55.3472,219.394,90.6382],"timeVisible":0.61465,"tipPosition":[-32.4991,269.9,-51.9938],"tipVelocity":[41.9134,-22.8195,-83.7165],"tool":false,"touchDistance":0.333333,"touchZone":"none","type":3,"width":16.5772},{"bases":[[[0.644508,-0.756456,0.111284],[0.598732,0.589839,0.541858],[-0.475531,-0.282602,0.83307]],[[0.544939,-0.79579,0.26412],[0.692221,0.249229,-0.677285],[0.47315,0.551909,0.686677]],[[0.544939,-0.79579,0.26412],[0.158706,-0.211411,-0.964426],[0.823319,0.567471,0.0110904]],[[0.544939,-0.79579,0.26412],[-0.129448,-0.391071,-0.911211],[0.828423,0.462365,-0.316124]]],"btipPosition":[-22.1776,275.491,-43.9781],"carpPosition":[-4.25976,295.846,17.7878],"dipPosition":[-9.08298,282.799,-48.975],"direction":[-0.823319,-0.567471,-0.0110904],"extended":false,"handId":255,"id":2554,"length":46.32,"mcpPosition":[21.0263,310.873,-26.5102],"pipPosition":[5.68412,292.977,-48.7761],"stabilizedTipPosition":[-38.1573,220.826,99.3768],"timeVisible":0.61465,"tipPosition":[-18.6074,277.23,-46.1862],"tipVelocity":[35.5568,-20.3237,-75.508],"tool":false,"touchDistance":0.333333,"touchZone":"none","type":4,"width":14.7252}],"r":[[0.962419,-0.0763299,0.26062],[0.0838948,0.996312,-0.0180095],[-0.258284,0.0391973,0.965273]],"s":1.20412,"t":[21.3256,95.5986,-229.452],"timestamp":3043738284},false],[5,{"currentFrameRate":110.128,"devices":[],"gestures":[],"hands":[{"armBasis":[[0.908834,-0.144836,-0.391207],[0.32512,0.833514,0.446712],[0.261377,-0.533177,0.804615]],"armWidth":58.4334,"confidence":0.693457,"direction":[0.28245,0.483881,-0.8283],"elbow":[44.8737,164.137,221.345],"grabStrength":0,"id":255,"palmNormal":[-0.29207,-0.779085,-0.554726],"palmPosition":[-13.4004,319.813,-21.6424],"palmVelocity":[35.0807,-14.1894,-94.4042],"palmWidth":83.4409,"pinchStrength":0.628148,"r":[[0.961424,-0.075787,0.264424],[0.0846092,0.996169,-0.0221185],[-0.261734,0.043638,0.964153]],"s":1.20699,"sphereCenter":[-25.1676,298.898,-60.0814],"sphereRadius":44.0261,"stabilizedPalmPosition":[-31.1733,254.226,150.925],"t":[21.6316,95.3511,-230.106],"timeVisible":0.623727,"type":"right","wrist":[-19.8428,296.151,22.1228]}],"id":294423,"interactionBox":{"center":[0,200,0],"size":[235.247,235.247,147.751]},"pointables":[{"bases":[[[0.684036,0.630859,0.366212],[-0.714983,0.480371,0.50798],[0.144546,-0.609312,0.779644]],[[0.610525,0.78303,0.118844],[-0.714398,0.479692,0.509442],[0.3419,-0.395929,0.852259]],[[0.610525,0.78303,0.118844],[-0.777089,0.621228,-0.101038],[-0.152945,-0.0306662,0.987759]],[[0.610525,0.78303,0.118844],[-0.559282,0.532497,-0.635335],[-0.56077,0.32142,0.763037]]],"btipPosition":[-46.3431,309.522,-69.1034],"carpPosition":[-47.5096,297.337,17.1699],"dipPosition":[-58.3783,316.42,-52.7272],"direction":[0.152945,0.0306662,-0.987759],"extended":false,"handId":255,"id":2550,"length":47.7925,"mcpPosition":[-47.5096,297.337,17.1699],"pipPosition":[-63.1604,315.461,-21.8431],"stabilizedTipPosition":[-81.9324,252.003,88.4294],"timeVisible":0.623727,"tipPosition":[-48.8363,310.029,-65.6243],"tipVelocity":[42.4644,-6.93025,-96.1431],"tool":false,"touchDistance":-0.469331,"touchZone":"hovering","type":0,"width":18.5699},{"bases":[[[0.94819,-0.311701,-0.0614656],[0.307385,0.851154,0.425502],[-0.0803126,-0.42235,0.902868]],[[0.941796,-0.336087,-0.00806647],[0.316599,0.878607,0.357511],[-0.113068,-0.339257,0.933874]],[[0.941796,-0.336087,-0.00806647],[0.327767,0.912619,0.244326],[-0.0747532,-0.232749,0.96966]],[[0.941796,-0.336087,-0.00806647],[0.333292,0.930287,0.153242],[-0.0439984,-0.147011,0.988156]]],"btipPosition":[-20.5234,362.43,-115.109],"carpPosition":[-32.7426,313.107,19.5712],"dipPosition":[-21.2128,360.126,-99.6268],"direction":[0.0747532,0.232749,-0.96966],"extended":true,"handId":255,"id":2551,"length":53.9285,"mcpPosition":[-27.3243,341.601,-41.3415],"pipPosition":[-22.8697,354.967,-78.1342],"stabilizedTipPosition":[-51.6601,311.365,4.25033],"timeVisible":0.623727,"tipPosition":[-20.803,360.401,-111.862],"tipVelocity":[72.2908,-23.7434,-108.466],"tool":false,"touchDistance":-0.478133,"touchZone":"hovering","type":1,"width":17.738},{"bases":[[[0.862234,-0.5064,-0.0105508],[0.461425,0.776724,0.428704],[-0.2089,-0.374511,0.903384]],[[0.863972,-0.503211,-0.018198],[0.353941,0.632599,-0.688872],[0.35816,0.588725,0.724655]],[[0.863972,-0.503211,-0.018198],[-0.00270493,0.0315016,-0.9995],[0.503533,0.863589,0.0258554]],[[0.863972,-0.503211,-0.018198],[-0.19036,-0.292948,-0.936987],[0.466171,0.812995,-0.34889]]],"btipPosition":[-45.2579,272.591,-65.4296],"carpPosition":[-21.6279,311.182,19.0611],"dipPosition":[-37.2244,286.601,-71.442],"direction":[-0.503533,-0.863589,-0.0258554],"extended":false,"handId":255,"id":2552,"length":61.4471,"mcpPosition":[-8.26256,335.143,-38.737],"pipPosition":[-24.0937,309.121,-70.7678],"stabilizedTipPosition":[-70.8297,226.404,86.2246],"timeVisible":0.623727,"tipPosition":[-43.2404,276.144,-67.7077],"tipVelocity":[45.768,-35.4799,-79.2567],"tool":false,"touchDistance":-0.446197,"touchZone":"hovering","type":2,"width":17.4211},{"bases":[[[0.784841,-0.613095,0.0902173],[0.514954,0.726225,0.455434],[-0.344742,-0.310985,0.885687]],[[0.783728,-0.614092,0.0930657],[0.452794,0.462335,-0.762381],[0.425144,0.639639,0.640402]],[[0.783728,-0.614092,0.0930657],[0.0223642,-0.121841,-0.992298],[0.620701,0.779773,-0.0817564]],[[0.783728,-0.614092,0.0930657],[-0.192511,-0.382634,-0.903621],[0.590516,0.690277,-0.4181]]],"btipPosition":[-34.9259,266.448,-49.2577],"carpPosition":[-11.4237,306.428,18.6171],"dipPosition":[-24.808,278.275,-56.4214],"direction":[-0.620701,-0.779773,0.0817564],"extended":false,"handId":255,"id":2553,"length":59.0831,"mcpPosition":[8.37935,324.292,-32.2593],"pipPosition":[-9.03996,298.085,-58.4983],"stabilizedTipPosition":[-55.3054,219.485,90.3783],"timeVisible":0.623727,"tipPosition":[-32.2385,269.463,-52.162],"tipVelocity":[38.4581,-29.4442,-66.3075],"tool":false,"touchDistance":0.333333,"touchZone":"none","type":3,"width":16.5772},{"bases":[[[0.64372,-0.756477,0.11562],[0.598263,0.591679,0.540369],[-0.477186,-0.278675,0.833447]],[[0.543853,-0.795081,0.268457],[0.693584,0.24579,-0.677147],[0.472403,0.554466,0.68513]],[[0.543853,-0.795081,0.268457],[0.160194,-0.215659,-0.963239],[0.823749,0.566866,0.0100802]],[[0.543853,-0.795081,0.268457],[-0.128197,-0.394865,-0.909751],[0.829331,0.460356,-0.316675]]],"btipPosition":[-21.9016,275.102,-44.259],"carpPosition":[-4.0739,295.706,17.4499],"dipPosition":[-8.79258,282.379,-49.2646],"direction":[-0.823749,-0.566866,-0.0100802],"extended":false,"handId":255,"id":2554,"length":46.32,"mcpPosition":[21.3002,310.525,-26.8681],"pipPosition":[5.98223,292.546,-49.0838],"stabilizedTipPosition":[-38.1374,220.884,99.2274],"timeVisible":0.623727,"tipPosition":[-18.3287,276.828,-46.4637],"tipVelocity":[34.2344,-26.7727,-63.2443],"tool":false,"touchDistance":0.333333,"touchZone":"none","type":4,"width":14.7252}],"r":[[0.961424,-0.075787,0.264424],[0.0846092,0.996169,-0.0221185],[-0.261734,0.043638,0.964153]],"s":1.20699,"t":[21.6316,95.3511,-230.106],"timestamp":3043747361},false],[6,{"currentFrameRate":110.145,"devices":[],"gestures":[],"hands":[{"armBasis":[[0.91015,-0.143057,-0.388796],[0.322771,0.833187,0.44902],[0.259704,-0.534167,0.8045]],"armWidth":58.4334,"confidence":0.698542,"direction":[0.285725,0.481168,-0.828757],"elbow":[44.5554,163.766,220.744],"grabStrength":0,"id":255,"palmNormal":[-0.290332,-0.780702,-0.553364],"palmPosition":[-13.1322,319.547,-22.2646],"palmVelocity":[33.5807,-18.3896,-87.3332],"palmWidth":83.4409,"pinchStrength":0.615947,"r":[[0.960413,-0.0752506,0.268223],[0.0852916,0.996018,-0.0259645],[-0.265201,0.0478138,0.963007]],"s":1.21,"sphereCenter":[-24.9163,298.659,-60.6972],"sphereRadius":44.0631,"stabilizedPalmPosition":[-31.1709,254.235,150.903],"t":[21.9187,95.0942,-230.745],"timeVisible":0.632775,"type":"right","wrist":[-19.747,296.025,21.5502]}],"id":294424,"interactionBox":{"center":[0,200,0],"size":[235.247,235.247,147.751]},"pointables":[{"bases":[[[0.682934,0.631727,0.366773],[-0.716665,0.48225,0.503812],[0.141396,-0.606924,0.782081]],[[0.611602,0.781748,0.121704],[-0.714989,0.480278,0.508059],[0.338722,-0.397747,0.852681]],[[0.611602,0.781748,0.121704],[-0.775785,0.622759,-0.101631],[-0.155242,-0.0322587,0.98735]],[[0.611602,0.781748,0.121704],[-0.559552,0.536159,-0.632009],[-0.559325,0.318438,0.765345]]],"btipPosition":[-46.0419,309.588,-69.8385],"carpPosition":[-47.3946,297.207,16.491],"dipPosition":[-58.0461,316.423,-53.4127],"direction":[0.155242,0.0322587,-0.98735],"extended":false,"handId":255,"id":2550,"length":47.7925,"mcpPosition":[-47.3946,297.207,16.491],"pipPosition":[-62.9,315.414,-22.5415],"stabilizedTipPosition":[-81.9103,252.043,88.3263],"timeVisible":0.632775,"tipPosition":[-48.5073,310.034,-66.3109],"tipVelocity":[40.1515,-3.44267,-91.6843],"tool":false,"touchDistance":-0.461586,"touchZone":"hovering","type":0,"width":18.5699},{"bases":[[[0.948282,-0.312275,-0.0569655],[0.306156,0.852359,0.423972],[-0.083841,-0.419485,0.903882]],[[0.941842,-0.336024,-0.00456984],[0.315092,0.878279,0.359644],[-0.116835,-0.340167,0.933079]],[[0.941842,-0.336024,-0.00456984],[0.326796,0.912635,0.245564],[-0.078345,-0.232776,0.96937]],[[0.941842,-0.336024,-0.00456984],[0.332701,0.930438,0.153608],[-0.047364,-0.146195,0.988121]]],"btipPosition":[-19.8921,362.131,-115.813],"carpPosition":[-32.6302,312.978,18.8976],"dipPosition":[-20.6342,359.84,-100.331],"direction":[0.078345,0.232776,-0.96937],"extended":true,"handId":255,"id":2551,"length":53.9285,"mcpPosition":[-26.9738,341.279,-42.0835],"pipPosition":[-22.3707,354.681,-78.8449],"stabilizedTipPosition":[-51.4402,311.714,3.43959],"timeVisible":0.632775,"tipPosition":[-20.1749,360.126,-112.564],"tipVelocity":[71.2271,-26.2107,-100.004],"tool":false,"touchDistance":-0.46921,"touchZone":"hovering","type":1,"width":17.738},{"bases":[[[0.862057,-0.506779,-0.00576065],[0.460152,0.777878,0.427979],[-0.21241,-0.371593,0.90377]],[[0.863823,-0.503617,-0.0134074],[0.356657,0.630116,-0.689746],[0.355816,0.591037,0.723927]],[[0.863823,-0.503617,-0.0134074],[0.000843366,0.0280584,-0.999606],[0.503794,0.863472,0.0246622]],[[0.863823,-0.503617,-0.0134074],[-0.187151,-0.296074,-0.936651],[0.467743,0.81161,-0.350008]]],"btipPosition":[-44.8502,272.194,-65.998],"carpPosition":[-21.5144,311.047,18.4349],"dipPosition":[-36.7896,286.18,-72.0297],"direction":[-0.503794,-0.863472,-0.0246622],"extended":false,"handId":255,"id":2552,"length":61.4471,"mcpPosition":[-7.92453,334.822,-39.388],"pipPosition":[-23.6521,308.697,-71.3866],"stabilizedTipPosition":[-70.7623,226.523,85.8528],"timeVisible":0.632775,"tipPosition":[-42.8252,275.734,-68.2698],"tipVelocity":[45.7639,-37.9685,-74.8591],"tool":false,"touchDistance":-0.438504,"touchZone":"hovering","type":2,"width":17.4211},{"bases":[[[0.784246,-0.613126,0.095053],[0.513561,0.727441,0.455066],[-0.348158,-0.308068,0.88537]],[[0.783232,-0.614018,0.0976218],[0.45534,0.459592,-0.762523],[0.423336,0.641683,0.639554]],[[0.783232,-0.614018,0.0976218],[0.0253745,-0.125316,-0.991792],[0.621212,0.779281,-0.0825713]],[[0.783232,-0.614018,0.0976218],[-0.189823,-0.385686,-0.902892],[0.592043,0.688643,-0.418636]]],"btipPosition":[-34.5816,266.097,-49.7483],"carpPosition":[-11.3106,306.288,18.0437],"dipPosition":[-24.4376,277.896,-56.9212],"direction":[-0.621212,-0.77928,0.0825713],"extended":false,"handId":255,"id":2553,"length":59.0831,"mcpPosition":[8.6887,323.984,-32.8145],"pipPosition":[-8.65653,297.693,-59.0188],"stabilizedTipPosition":[-55.2527,219.598,90.0543],"timeVisible":0.632775,"tipPosition":[-31.8922,269.095,-52.632],"tipVelocity":[38.5299,-32.2355,-63.0374],"tool":false,"touchDistance":0.333333,"touchZone":"none","type":3,"width":16.5772},{"bases":[[[0.642971,-0.756371,0.120381],[0.596498,0.593128,0.540731],[-0.480394,-0.275868,0.832537]],[[0.542531,-0.794454,0.272953],[0.696006,0.243183,-0.675602],[0.470357,0.556512,0.684879]],[[0.542531,-0.794454,0.272953],[0.163322,-0.218973,-0.961965],[0.824006,0.566475,0.0109522]],[[0.542531,-0.794454,0.272953],[-0.125291,-0.397823,-0.908867],[0.83064,0.45889,-0.315369]]],"btipPosition":[-21.577,274.769,-44.7513],"carpPosition":[-3.96097,295.559,16.9374],"dipPosition":[-8.44735,282.023,-49.7362],"direction":[-0.824006,-0.566475,-0.0109522],"extended":false,"handId":255,"id":2554,"length":46.32,"mcpPosition":[21.5837,310.228,-27.3322],"pipPosition":[6.33209,292.183,-49.5398],"stabilizedTipPosition":[-38.1104,220.96,99.0272],"timeVisible":0.632775,"tipPosition":[-18.0035,276.486,-46.9351],"tipVelocity":