{"sensorType":"Leap","data":[[0,{"currentFrameRate":107.463,"devices":[],"gestures":[],"hands":[{"armBasis":[[0.94242,-0.0365954,-0.332423],[0.191997,0.873073,0.448197],[0.273827,-0.486214,0.829828]],"armWidth":58.4334,"confidence":0.680114,"direction":[0.0608448,0.336052,-0.939876],"elbow":[59.7813,169.838,241.437],"grabStrength":0,"id":259,"palmNormal":[-0.200422,-0.91833,-0.341323],"palmPosition":[-12.6343,304.689,-11.8422],"palmVelocity":[3.34737,40.2442,-159.347],"palmWidth":83.4409,"pinchStrength":0.89159,"r":[[0.727575,-0.440564,0.52587],[0.489255,0.870564,0.0524256],[-0.4809,0.219141,0.848948]],"s":0.882554,"sphereCenter":[-9.73734,274.189,-42.3312],"sphereRadius":44.2708,"stabilizedPalmPosition":[-43.3859,250.145,175.784],"t":[64.629,66.1586,-221.316],"timeVisible":0.804856,"type":"right","wrist":[-8.01812,290.224,35.9723]}],"id":296258,"interactionBox":{"center":[0,200,0],"size":[235.247,235.247,147.751]},"pointables":[{"bases":[[[0.584607,0.802796,0.11727],[-0.721056,0.447855,0.528681],[0.371903,-0.393629,0.840681]],[[0.444827,0.88423,-0.142358],[-0.815815,0.465628,0.342981],[0.36956,-0.0364291,0.928493]],[[0.444827,0.88423,-0.142358],[-0.881975,0.404845,-0.241289],[-0.155722,0.232888,0.959955]],[[0.444827,0.88423,-0.142358],[-0.733226,0.268266,-0.62483],[-0.514304,0.382322,0.767673]]],"btipPosition":[-36.7671,271.723,-53.152],"carpPosition":[-35.757,285.542,35.8412],"dipPosition":[-47.8051,279.928,-36.6763],"direction":[0.155722,-0.232888,-0.959955],"extended":false,"handId":259,"id":2590,"length":47.7925,"mcpPosition":[-35.757,285.542,35.8412],"pipPosition":[-52.674,287.21,-6.66154],"stabilizedTipPosition":[-111.075,221.227,178.526],"timeVisible":0.804856,"tipPosition":[-38.8091,272.372,-49.1606],"tipVelocity":[18.6513,62.7989,-172.06],"tool":false,"touchDistance":-0.574486,"touchZone":"hovering","type":0,"width":18.5699},{"bases":[[[0.974153,-0.149747,-0.169121],[0.182748,0.962521,0.20039],[0.132774,-0.226117,0.965009]],[[0.979076,-0.196727,0.0520474],[0.173684,0.941127,0.290025],[-0.106039,-0.274916,0.955603]],[[0.979076,-0.196727,0.0520474],[0.18389,0.964854,0.187728],[-0.0871493,-0.174229,0.980841]],[[0.979076,-0.196727,0.0520474],[0.190787,0.976368,0.101515],[-0.0707883,-0.0894611,0.993472]]],"btipPosition":[-26.0732,335.109,-107.406],"carpPosition":[-24.334,303.759,32.6539],"dipPosition":[-27.1824,333.707,-91.8404],"direction":[0.0871493,0.174229,-0.980841],"extended":true,"handId":259,"id":2591,"length":53.9285,"mcpPosition":[-33.2918,319.015,-32.4512],"pipPosition":[-29.114,329.846,-70.1],"stabilizedTipPosition":[-70.3816,279.424,39.0645],"timeVisible":0.804856,"tipPosition":[-26.2384,333.424,-103.932],"tipVelocity":[41.3023,63.2898,-165.095],"tool":false,"touchDistance":-0.579008,"touchZone":"hovering","type":1,"width":17.738},{"bases":[[[0.937612,-0.340797,-0.0688565],[0.34768,0.91815,0.190051],[-0.0015482,-0.202134,0.979357]],[[0.93759,-0.341867,-0.0636475],[0.143288,0.54658,-0.825057],[0.316848,0.764445,0.561454]],[[0.93759,-0.341867,-0.0636475],[-0.249316,-0.533263,-0.808376],[0.242416,0.773794,-0.585215]],[[0.93759,-0.341867,-0.0636475],[-0.342954,-0.878796,-0.331814],[0.057503,0.332933,-0.941195]]],"btipPosition":[-34.4575,256.939,-25.4393],"carpPosition":[-13.239,303.711,30.5563],"dipPosition":[-33.4665,262.676,-41.6588],"direction":[-0.242416,-0.773794,0.585215],"extended":false,"handId":259,"id":2592,"length":61.4471,"mcpPosition":[-13.1399,316.644,-32.1025],"pipPosition":[-27.145,282.854,-56.9195],"stabilizedTipPosition":[-68.8896,193.897,173.56],"timeVisible":0.804856,"tipPosition":[-34.0345,258.528,-27.8395],"tipVelocity":[16.2144,33.5366,-251.624],"tool":false,"touchDistance":0.333333,"touchZone":"none","type":2,"width":17.4211},{"bases":[[[0.898269,-0.435066,0.0618847],[0.413553,0.884544,0.215769],[-0.148613,-0.168226,0.974481]],[[0.900028,-0.432965,0.0499023],[0.286527,0.501533,-0.816313],[0.328408,0.749003,0.57545]],[[0.900028,-0.432965,0.0499023],[-0.210108,-0.531351,-0.820683],[0.381843,0.728153,-0.569201]],[[0.900028,-0.432965,0.0499023],[-0.38971,-0.850754,-0.352623],[0.195128,0.297923,-0.934434]]],"btipPosition":[-20.402,256.173,-19.8801],"carpPosition":[-2.43958,300.801,29.2045],"dipPosition":[-17.0587,261.278,-35.8905],"direction":[-0.381843,-0.728153,0.569201],"extended":false,"handId":259,"id":2593,"length":59.0831,"mcpPosition":[6.09722,310.464,-26.7726],"pipPosition":[-7.35853,279.776,-50.3503],"stabilizedTipPosition":[-57.8088,193.858,193.447],"timeVisible":0.804856,"tipPosition":[-19.6799,257.21,-23.0091],"tipVelocity":[21.9738,38.6557,-213.69],"tool":false,"touchDistance":0.333333,"touchZone":"none","type":3,"width":16.5772},{"bases":[[[0.79427,-0.591744,0.137747],[0.533467,0.787746,0.308007],[-0.290771,-0.171158,0.941359]],[[0.787438,-0.59549,0.159161],[0.45437,0.386285,-0.802703],[0.41652,0.704397,0.574749]],[[0.787438,-0.59549,0.159161],[-0.229269,-0.522644,-0.821145],[0.572168,0.61011,-0.548078]],[[0.787438,-0.59549,0.159161],[-0.502636,-0.769801,-0.3934],[0.356788,0.229778,-0.905486]]],"btipPosition":[-7.23434,263.192,-15.7932],"carpPosition":[6.7121,291.507,28.7564],"dipPosition":[-1.59469,266.824,-30.106],"direction":[-0.572168,-0.61011,0.548078],"extended":false,"handId":259,"id":2594,"length":46.32,"mcpPosition":[22.1737,300.608,-21.2998],"pipPosition":[8.66777,277.767,-39.9363],"stabilizedTipPosition":[-50.3619,208.301,175.491],"timeVisible":0.804856,"tipPosition":[-6.08828,263.918,-18.4991],"tipVelocity":[24.1345,44.88,-177.261],"tool":false,"touchDistance":0.333333,"touchZone":"none","type":4,"width":14.7252}],"r":[[0.727575,-0.440564,0.52587],[0.489255,0.870564,0.0524256],[-0.4809,0.219141,0.848948]],"s":0.882554,"t":[64.629,66.1586,-221.316],"timestamp":3060631622},false],[1,{"currentFrameRate":107.814,"devices":[],"gestures":[],"hands":[{"armBasis":[[0.943427,-0.0305279,-0.330173],[0.185908,0.873221,0.45047],[0.274562,-0.486367,0.829495]],"armWidth":58.4334,"confidence":0.68482,"direction":[0.0647789,0.332562,-0.940854],"elbow":[59.6706,170.23,240.405],"grabStrength":0,"id":259,"palmNormal":[-0.195215,-0.920394,-0.338771],"palmPosition":[-12.7172,304.914,-12.8729],"palmVelocity":[-0.0827217,36.4617,-148.735],"palmWidth":83.4409,"pinchStrength":0.907679,"r":[[0.725718,-0.437612,0.530876],[0.486557,0.871999,0.0536746],[-0.486412,0.219349,0.845748]],"s":0.880568,"sphereCenter":[-9.82231,274.459,-43.3083],"sphereRadius":44.1912,"stabilizedPalmPosition":[-43.3851,250.146,175.779],"t":[64.5836,66.4503,-222.523],"timeVisible":0.813494,"type":"right","wrist":[-8.3108,290.654,35.023]}],"id":296259,"interactionBox":{"center":[0,200,0],"size":[235.247,235.247,147.751]},"pointables":[{"bases":[[[0.581039,0.805381,0.117282],[-0.725565,0.447303,0.52295],[0.368713,-0.38895,0.844256]],[[0.443638,0.884975,-0.141436],[-0.818552,0.464378,0.338121],[0.364908,-0.0342302,0.930414]],[[0.443638,0.884975,-0.141436],[-0.881995,0.403139,-0.244056],[-0.158965,0.233018,0.959392]],[[0.443638,0.884975,-0.141436],[-0.731082,0.266082,-0.628267],[-0.518368,0.382125,0.765033]]],"btipPosition":[-36.64,271.95,-54.2481],"carpPosition":[-36.0314,285.87,34.7588],"dipPosition":[-47.7651,280.152,-37.829],"direction":[0.158965,-0.233018,-0.959392],"extended":false,"handId":259,"id":2590,"length":47.7925,"mcpPosition":[-36.0314,285.87,34.7588],"pipPosition":[-52.7354,287.437,-7.83189],"stabilizedTipPosition":[-111.019,221.268,178.348],"timeVisible":0.813494,"tipPosition":[-38.6879,272.61,-50.2556],"tipVelocity":[16.9937,53.1124,-160.483],"tool":false,"touchDistance":-0.562007,"touchZone":"hovering","type":0,"width":18.5699},{"bases":[[[0.975603,-0.146857,-0.163195],[0.178154,0.963964,0.197569],[0.1283,-0.221823,0.966609]],[[0.97972,-0.192479,0.0556885],[0.168366,0.941472,0.292032],[-0.108639,-0.276734,0.954786]],[[0.97972,-0.192479,0.0556885],[0.178995,0.965623,0.1885],[-0.0900564,-0.174709,0.980493]],[[0.97972,-0.192479,0.0556885],[0.186255,0.977287,0.101092],[-0.0738817,-0.0886696,0.993317]]],"btipPosition":[-25.8792,335.247,-108.564],"carpPosition":[-24.6572,304.117,31.5619],"dipPosition":[-27.0368,333.857,-93.0005],"direction":[0.0900564,0.174709,-0.980493],"extended":true,"handId":259,"id":2591,"length":53.9285,"mcpPosition":[-33.3131,319.082,-33.6512],"pipPosition":[-29.0329,329.985,-71.2678],"stabilizedTipPosition":[-70.1899,279.664,38.4402],"timeVisible":0.813494,"tipPosition":[-26.0115,333.564,-105.096],"tipVelocity":[35.9646,50.8131,-156.874],"tool":false,"touchDistance":-0.566815,"touchZone":"hovering","type":1,"width":17.738},{"bases":[[[0.939206,-0.337642,-0.0623756],[0.3433,0.920155,0.188309],[-0.00618582,-0.198274,0.980127]],[[0.939159,-0.338689,-0.0571752],[0.150994,0.556604,-0.816941],[0.308513,0.758605,0.57388]],[[0.939159,-0.338689,-0.0571752],[-0.238709,-0.52389,-0.817653],[0.246977,0.781555,-0.572865]],[[0.939159,-0.338689,-0.0571752],[-0.337207,-0.877472,-0.341078],[0.06535,0.339607,-0.938294]]],"btipPosition":[-34.3583,257.022,-27.441],"carpPosition":[-13.5507,304.101,29.5252],"dipPosition":[-33.2321,262.874,-43.6105],"direction":[-0.246977,-0.781555,0.572865],"extended":false,"handId":259,"id":2592,"length":61.4471,"mcpPosition":[-13.155,316.786,-33.1829],"pipPosition":[-26.7917,283.255,-58.5492],"stabilizedTipPosition":[-68.8784,193.918,173.495],"timeVisible":0.813494,"tipPosition":[-33.9167,258.61,-29.6829],"tipVelocity":[15.9146,28.0117,-245.997],"tool":false,"touchDistance":0.333333,"touchZone":"none","type":2,"width":17.4211},{"bases":[[[0.899489,-0.431538,0.0685212],[0.409152,0.886891,0.21452],[-0.153344,-0.164922,0.974313]],[[0.901157,-0.429655,0.0575564],[0.293312,0.506581,-0.810767],[0.319193,0.74751,0.582532]],[[0.901157,-0.429655,0.0575564],[-0.199259,-0.528473,-0.825234],[0.384983,0.732197,-0.56185]],[[0.901157,-0.429655,0.0575564],[-0.383258,-0.851714,-0.357348],[0.202558,0.299967,-0.932196]]],"btipPosition":[-20.2539,256.331,-21.3462],"carpPosition":[-2.73363,301.225,28.244],"dipPosition":[-16.7833,261.47,-37.3183],"direction":[-0.384983,-0.732197,0.56185],"extended":false,"handId":259,"id":2593,"length":59.0831,"mcpPosition":[6.07491,310.698,-27.7234],"pipPosition":[-7.0033,280.071,-51.5913],"stabilizedTipPosition":[-57.7916,193.886,193.35],"timeVisible":0.813494,"tipPosition":[-19.5026,257.396,-24.3271],"tipVelocity":[21.5937,33.4782,-201.761],"tool":false,"touchDistance":0.333333,"touchZone":"none","type":3,"width":16.5772},{"bases":[[[0.795644,-0.588294,0.144434],[0.528909,0.790896,0.307796],[-0.295306,-0.168503,0.940426]],[[0.788398,-0.592134,0.166753],[0.462401,0.391646,-0.795486],[0.405726,0.704266,0.582576]],[[0.788398,-0.592134,0.166753],[-0.217436,-0.521805,-0.824889],[0.575457,0.614082,-0.540141]],[[0.788398,-0.592134,0.166753],[-0.495863,-0.772133,-0.397405],[0.364072,0.230627,-0.902365]]],"btipPosition":[-7.07538,263.426,-17.0627],"carpPosition":[6.45403,291.962,27.8828],"dipPosition":[-1.32059,267.071,-31.3261],"direction":[-0.575457,-0.614082,0.540141],"extended":false,"handId":259,"id":2594,"length":46.32,"mcpPosition":[22.1568,300.922,-22.1237],"pipPosition":[9.00085,278.086,-41.0141],"stabilizedTipPosition":[-50.3451,208.322,175.417],"timeVisible":0.813494,"tipPosition":[-5.91503,264.167,-19.6579],"tipVelocity":[23.4274,40.2498,-168.878],"tool":false,"touchDistance":0.333333,"touchZone":"none","type":4,"width":14.7252}],"r":[[0.725718,-0.437612,0.530876],[0.486557,0.871999,0.0536746],[-0.486412,0.219349,0.845748]],"s":0.880568,"t":[64.5836,66.4503,-222.523],"timestamp":3060640260},false],[2,{"currentFrameRate":107.797,"devices":[],"gestures":[],"hands":[{"armBasis":[[0.944845,-0.0285271,-0.326274],[0.182646,0.872805,0.452606],[0.271862,-0.487235,0.829875]],"armWidth":58.4334,"confidence":0.690166,"direction":[0.0680713,0.331231,-0.941091],"elbow":[58.7529,170.272,239.824],"grabStrength":0,"id":259,"palmNormal":[-0.192611,-0.92117,-0.338152],"palmPosition":[-12.7949,305.092,-13.5868],"palmVelocity":[-2.4198,31.5817,-128.39],"palmWidth":83.4409,"pinchStrength":0.914111,"r":[[0.723898,-0.43489,0.535577],[0.484108,0.873292,0.0547824],[-0.491539,0.21962,0.842708]],"s":0.878648,"sphereCenter":[-10.0183,274.766,-44.0512],"sphereRadius":44.1233,"stabilizedPalmPosition":[-43.3841,250.148,175.773],"t":[64.5221,66.6854,-223.484],"timeVisible":0.822801,"type":"right","wrist":[-8.55987,290.911,34.3478]}],"id":296260,"interactionBox":{"center":[0,200,0],"size":[235.247,235.247,147.751]},"pointables":[{"bases":[[[0.579471,0.80635,0.118374],[-0.728249,0.447098,0.519381],[0.365878,-0.387172,0.846304]],[[0.444837,0.884911,-0.138029],[-0.819371,0.464331,0.336197],[0.361596,-0.0364561,0.931622]],[[0.444837,0.884911,-0.138029],[-0.881425,0.405239,-0.242634],[-0.158775,0.229595,0.960248]],[[0.444837,0.884911,-0.138029],[-0.729463,0.268569,-0.62909],[-0.519618,0.38053,0.76498]]],"btipPosition":[-36.7087,272.412,-55.1073],"carpPosition":[-36.2726,286.089,33.9805],"dipPosition":[-47.8607,280.579,-38.6894],"direction":[0.158775,-0.229595,-0.960248],"extended":false,"handId":259,"id":2590,"length":47.7925,"mcpPosition":[-36.2726,286.089,33.9805],"pipPosition":[-52.8251,287.758,-8.66551],"stabilizedTipPosition":[-110.964,221.308,178.174],"timeVisible":0.822801,"tipPosition":[-38.7402,273.057,-51.0976],"tipVelocity":[9.91936,51.8838,-141.237],"tool":false,"touchDistance":-0.547033,"touchZone":"hovering","type":0,"width":18.5699},{"bases":[[[0.976444,-0.145769,-0.159089],[0.176053,0.964504,0.196818],[0.124752,-0.220189,0.967447]],[[0.980027,-0.190519,0.0570026],[0.165528,0.940377,0.297139],[-0.110215,-0.281769,0.953131]],[[0.980027,-0.190519,0.0570026],[0.176475,0.965332,0.192329],[-0.0916688,-0.178429,0.979673]],[[0.980027,-0.190519,0.0570026],[0.183991,0.977451,0.103619],[-0.0754586,-0.0910617,0.992982]]],"btipPosition":[-25.7709,335.684,-109.292],"carpPosition":[-24.9107,304.346,30.8012],"dipPosition":[-26.9532,334.257,-93.7343],"direction":[0.0916688,0.178429,-0.979673],"extended":true,"handId":259,"id":2591,"length":53.9285,"mcpPosition":[-33.3272,319.201,-34.4683],"pipPosition":[-28.985,330.302,-72.0198],"stabilizedTipPosition":[-70.0116,279.889,37.8578],"timeVisible":0.822801,"tipPosition":[-25.868,333.981,-105.837],"tipVelocity":[28.9215,49.4717,-134.709],"tool":false,"touchDistance":-0.549413,"touchZone":"hovering","type":1,"width":17.738},{"bases":[[[0.939905,-0.336451,-0.0581269],[0.341294,0.920906,0.188281],[-0.00981786,-0.196804,0.980394]],[[0.93984,-0.337489,-0.052934],[0.157084,0.564542,-0.810319],[0.303357,0.753255,0.583594]],[[0.93984,-0.337489,-0.052934],[-0.23168,-0.51582,-0.824775],[0.251048,0.787421,-0.562977]],[[0.93984,-0.337489,-0.052934],[-0.334079,-0.875642,-0.348773],[0.0713559,0.345475,-0.935711]]],"btipPosition":[-34.3531,257.152,-28.9062],"carpPosition":[-13.7962,304.342,28.8088],"dipPosition":[-33.1235,263.105,-45.0312],"direction":[-0.251048,-0.787421,0.562977],"extended":false,"handId":259,"id":2592,"length":61.4471,"mcpPosition":[-13.168,316.934,-33.9164],"pipPosition":[-26.5768,283.639,-59.712],"stabilizedTipPosition":[-68.87,193.933,173.445],"timeVisible":0.822801,"tipPosition":[-33.904,258.732,-31.0865],"tipVelocity":[12.2985,24.7417,-220.667],"tool":false,"touchDistance":0.333333,"touchZone":"none","type":2,"width":17.4211},{"bases":[[[0.899795,-0.430204,0.0727528],[0.407087,0.887772,0.214803],[-0.156997,-0.163662,0.973944]],[[0.901354,-0.428507,0.0627868],[0.301251,0.5162,-0.801739],[0.31114,0.741566,0.594367]],[[0.901354,-0.428507,0.0627868],[-0.188875,-0.519406,-0.833393],[0.389727,0.739324,-0.549103]],[[0.901354,-0.428507,0.0627868],[-0.378387,-0.849723,-0.367144],[0.210675,0.307169,-0.928043]]],"btipPosition":[-20.2102,256.452,-22.8738],"carpPosition":[-2.97016,301.479,27.575],"dipPosition":[-16.6005,261.715,-38.7748],"direction":[-0.389727,-0.739324,0.549103],"extended":false,"handId":259,"id":2593,"length":59.0831,"mcpPosition":[6.04822,310.88,-28.3712],"pipPosition":[-6.70004,280.496,-52.724],"stabilizedTipPosition":[-57.7782,193.909,193.273],"timeVisible":0.822801,"tipPosition":[-19.4283,257.575,-25.6427],"tipVelocity":[17.7907,28.5549,-190.638],"tool":false,"touchDistance":0.333333,"touchZone":"none","type":3,"width":16.5772},{"bases":[[[0.795863,-0.586987,0.148489],[0.526602,0.792082,0.3087],[-0.298818,-0.167489,0.939497]],[[0.788145,-0.59099,0.171925],[0.470026,0.397579,-0.78804],[0.39737,0.701899,0.59113]],[[0.788145,-0.59099,0.171925],[-0.208039,-0.518684,-0.829269],[0.579264,0.617817,-0.531747]],[[0.788145,-0.59099,0.171925],[-0.49146,-0.772434,-0.40226],[0.370532,0.232545,-0.899238]]],"btipPosition":[-7.01062,263.618,-18.1091],"carpPosition":[6.23147,292.228,27.2644],"dipPosition":[-1.15372,267.294,-32.3231],"direction":[-0.579264,-0.617817,0.531747],"extended":false,"handId":259,"id":2594,"length":46.32,"mcpPosition":[22.1209,301.134,-22.6928],"pipPosition":[9.236,278.375,-41.8605],"stabilizedTipPosition":[-50.3305,208.34,175.353],"timeVisible":0.822801,"tipPosition":[-5.83734,264.373,-20.6108],"tipVelocity":[19.4879,34.912,-152.588],"tool":false,"touchDistance":0.333333,"touchZone":"none","type":4,"width":14.7252}],"r":[[0.723898,-0.43489,0.535577],[0.484108,0.873292,0.0547824],[-0.491539,0.21962,0.842708]],"s":0.878648,"t":[64.5221,66.6854,-223.484],"timestamp":3060649567},false],[3,{"currentFrameRate":107.919,"devices":[],"gestures":[],"hands":[{"armBasis":[[0.945828,-0.0271988,-0.323526],[0.180954,0.87152,0.45575],[0.269563,-0.489605,0.82923]],"armWidth":58.4334,"confidence":0.693431,"direction":[0.070729,0.330139,-0.941279],"elbow":[58.0059,169.924,239.059],"grabStrength":0,"id":259,"palmNormal":[-0.191628,-0.921568,-0.337625],"palmPosition":[-12.8373,305.275,-14.22],"palmVelocity":[-3.04487,28.4485,-112.286],"palmWidth":83.4409,"pinchStrength":0.913817,"r":[[0.722116,-0.432579,0.539837],[0.482106,0.874339,0.0557274],[-0.496107,0.220017,0.839923]],"s":0.877191,"sphereCenter":[-10.3037,275.114,-44.7073],"sphereRadius":44.0511,"stabilizedPalmPosition":[-43.3833,250.15,175.768],"t":[64.4701,66.8945,-224.281],"timeVisible":0.831847,"type":"right","wrist":[-8.73774,291.15,33.7429]}],"id":296261,"interactionBox":{"center":[0,200,0],"size":[235.247,235.247,147.751]},"pointables":[{"bases":[[[0.579112,0.806505,0.119078],[-0.72973,0.44768,0.516795],[0.363488,-0.386177,0.847787]],[[0.447379,0.884211,-0.134246],[-0.818706,0.465318,0.336452],[0.359962,-0.0406135,0.932083]],[[0.447379,0.884211,-0.134246],[-0.880459,0.409096,-0.239649],[-0.156981,0.225412,0.961533]],[[0.447379,0.884211,-0.134246],[-0.726877,0.272034,-0.630593],[-0.521058,0.379695,0.764415]]],"btipPosition":[-36.8357,272.989,-55.8343],"carpPosition":[-36.4492,286.326,33.3027],"dipPosition":[-48.0186,281.138,-39.4285],"direction":[0.156981,-0.225412,-0.961533],"extended":false,"handId":259,"id":2590,"length":47.7925,"mcpPosition":[-36.4492,286.326,33.3027],"pipPosition":[-52.9269,288.186,-9.36442],"stabilizedTipPosition":[-110.912,221.347,178.005],"timeVisible":0.831847,"tipPosition":[-38.853,273.609,-51.8241],"tipVelocity":[3.09611,55.0264,-124.535],"tool":false,"touchDistance":-0.531609,"touchZone":"hovering","type":0,"width":18.5699},{"bases":[[[0.976894,-0.145925,-0.156152],[0.175469,0.964737,0.196194],[0.122016,-0.219061,0.968052]],[[0.980143,-0.189888,0.0571222],[0.164268,0.938893,0.302484],[-0.11107,-0.287094,0.951441]],[[0.980143,-0.189888,0.0571222],[0.175456,0.964712,0.196332],[-0.0923875,-0.182411,0.978872]],[[0.980143,-0.189888,0.0571222],[0.18315,0.977327,0.106248],[-0.0760023,-0.0936767,0.992698]]],"btipPosition":[-25.6962,336.181,-109.911],"carpPosition":[-25.0788,304.58,30.1344],"dipPosition":[-26.887,334.713,-94.3576],"direction":[0.0923875,0.182411,-0.978872],"extended":true,"handId":259,"id":2591,"length":53.9285,"mcpPosition":[-33.3107,319.359,-35.176],"pipPosition":[-28.9348,330.67,-72.6608],"stabilizedTipPosition":[-69.8519,280.092,37.335],"timeVisible":0.831847,"tipPosition":[-25.7603,334.454,-106.469],"tipVelocity":[23.1611,50.6945,-116.457],"tool":false,"touchDistance":-0.532103,"touchZone":"hovering","type":1,"width":17.738},{"bases":[[[0.940075,-0.336491,-0.055072],[0.340735,0.921135,0.188176],[-0.0125907,-0.195664,0.98059]],[[0.939995,-0.337521,-0.0498836],[0.161562,0.569106,-0.806236],[0.300511,0.749799,0.589487]],[[0.939995,-0.337521,-0.0498836],[-0.227411,-0.510806,-0.829073],[0.254349,0.790669,-0.556911]],[[0.939995,-0.337521,-0.0498836],[-0.332689,-0.874301,-0.353434],[0.0756781,0.348822,-0.934129]]],"btipPosition":[-34.373,257.321,-30.0001],"carpPosition":[-13.9587,304.574,28.1735],"dipPosition":[-33.0688,263.332,-46.0978],"direction":[-0.254349,-0.790669,0.556911],"extended":false,"handId":259,"id":2592,"length":61.4471,"mcpPosition":[-13.1531,317.093,-34.5643],"pipPosition":[-26.4361,283.951,-60.6204],"stabilizedTipPosition":[-68.8641,193.944,173.41],"timeVisible":0.831847,"tipPosition":[-33.9203,258.892,-32.1713],"tipVelocity":[8.82416,23.4948,-192.969],"tool":false,"touchDistance":0.333333,"touchZone":"none","type":2,"width":17.4211},{"bases":[[[0.899597,-0.430092,0.0758024],[0.406454,0.888033,0.214924],[-0.159752,-0.162534,0.973685]],[[0.901018,-0.42859,0.0669081],[0.30701,0.5211,-0.796366],[0.306449,0.738082,0.601103]],[[0.901018,-0.42859,0.0669081],[-0.182392,-0.514264,-0.838013],[0.393572,0.742861,-0.541533]],[[0.901018,-0.42859,0.0669081],[-0.375843,-0.848343,-0.372902],[0.216583,0.310845,-0.925455]]],"btipPosition":[-20.2176,256.608,-23.9729],"carpPosition":[-3.12914,301.71,26.9737],"dipPosition":[-16.5067,261.934,-39.8295],"direction":[-0.393572,-0.742861,0.541533],"extended":false,"handId":259,"id":2593,"length":59.0831,"mcpPosition":[6.0475,311.046,-28.9576],"pipPosition":[-6.50853,280.805,-53.5864],"stabilizedTipPosition":[-57.7687,193.925,193.218],"timeVisible":0.831847,"tipPosition":[-19.4123,257.76,-26.6536],"tipVelocity":[13.3683,25.8824,-171.26],"tool":false,"touchDistance":0.333333,"touchZone":"none","type":3,"width":16.5772},{"bases":[[[0.795454,-0.58679,0.151426],[0.525705,0.792456,0.30927],[-0.301475,-0.166405,0.938841]],[[0.787297,-0.590941,0.175929],[0.477383,0.403646,-0.780497],[0.390215,0.698468,0.599895]],[[0.787297,-0.590941,0.175929],[-0.199627,-0.514269,-0.834072],[0.583362,0.621543,-0.522851]],[[0.787297,-0.590941,0.175929],[-0.488117,-0.771689,-0.407723],[0.376703,0.235126,-0.895997]]],"btipPosition":[-6.96629,263.795,-19.1336],"carpPosition":[6.07358,292.459,26.6999],"dipPosition":[-1.01186,267.511,-33.2964],"direction":[-0.583362,-0.621543,0.522851],"extended":false,"handId":259,"id":2594,"length":46.32,"mcpPosition":[22.1043,301.308,-23.2224],"pipPosition":[9.45137,278.659,-42.6743],"stabilizedTipPosition":[-50.3192,208.355,175.302],"timeVisible":0.831847,"tipPosition":[-5.78055,264.57,-21.5373],"tipVelocity":[16.149,30.9658,-141.384],"tool":false,"touchDistance":0.333333,"touchZone":"none","type":4,"width":14.7252}],"r":[[0.722116,-0.432579,0.539837],[0.482106,0.874339,0.0557274],[-0.496107,0.220017,0.839923]],"s":0.877191,"t":[64.4701,66.8945,-224.281],"timestamp":3060658613},false],[4,{"currentFrameRate":107.993,"devices":[],"gestures":[],"hands":[{"armBasis":[[0.946324,-0.0279307,-0.322011],[0.18079,0.871578,0.455705],[0.267929,-0.489461,0.829845]],"armWidth":58.4334,"confidence":0.662873,"direction":[0.0741129,0.328867,-0.941464],"elbow":[57.3747,170.239,238.367],"grabStrength":0,"id":259,"palmNormal":[-0.191954,-0.921702,-0.337075],"palmPosition":[-12.8954,305.501,-15.0943],"palmVelocity":[-3.9679,27.4183,-107.709],"palmWidth":83.4409,"pinchStrength":0.908939,"r":[[0.72021,-0.430807,0.543786],[0.480724,0.875046,0.0565549],[-0.500202,0.22068,0.837316]],"s":0.876444,"sphereCenter":[-10.6348,275.514,-45.5936],"sphereRadius":43.9909,"stabilizedPalmPosition":[-43.3825,250.151,175.763],"t":[64.415,67.1119,-225.117],"timeVisible":0.840972,"type":"right","wrist":[-8.96432,291.429,32.8984]}],"id":296262,"interactionBox":{"center":[0,200,0],"size":[235.247,235.247,147.751]},"pointables":[{"bases":[[[0.579937,0.805795,0.119864],[-0.730652,0.449398,0.513994],[0.360307,-0.385663,0.849378]],[[0.451326,0.882797,-0.130284],[-0.81728,0.467541,0.336836],[0.358271,-0.0455441,0.932506]],[[0.451326,0.882797,-0.130284],[-0.878757,0.414289,-0.236963],[-0.155214,0.221436,0.962743]],[[0.451326,0.882797,-0.130284],[-0.725643,0.278099,-0.629368],[-0.519372,0.37859,0.766109]]],"btipPosition":[-37.0819,273.682,-56.8517],"carpPosition":[-36.6814,286.646,32.3789],"dipPosition":[-48.2286,281.807,-40.4095],"direction":[0.155214,-0.221436,-0.962743],"extended":false,"handId":259,"id":2590,"length":47.7925,"mcpPosition":[-36.6814,286.646,32.3789],"pipPosition":[-53.0817,288.731,-10.3076],"stabilizedTipPosition":[-110.854,221.391,177.818],"timeVisible":0.840972,"tipPosition":[-39.0596,274.277,-52.8198],"tipVelocity":[-5.0066,60.6818,-120.658],"tool":false,"touchDistance":-0.521917,"touchZone":"hovering","type":0,"width":18.5699},{"bases":[[[0.977153,-0.147562,-0.152965],[0.176294,0.964719,0.195542],[0.118713,-0.218041,0.968693]],[[0.979953,-0.190739,0.0575301],[0.164322,0.937108,0.307939],[-0.112648,-0.292312,0.949665]],[[0.979953,-0.190739,0.0575301],[0.175787,0.963717,0.20087],[-0.0937565,-0.18673,0.977927]],[[0.979953,-0.190739,0.0575301],[0.183688,0.976836,0.109772],[-0.0771352,-0.0970034,0.992291]]],"btipPosition":[-25.5586,336.764,-110.769],"carpPosition":[-25.2743,304.879,29.223],"dipPosition":[-26.7672,335.245,-95.2213],"direction":[0.0937565,0.18673,-0.977927],"extended":true,"handId":259,"id":2591,"length":53.9285,"mcpPosition":[-33.2834,319.589,-36.1306],"pipPosition":[-28.8453,331.106,-73.5454],"stabilizedTipPosition":[-69.6955,280.292,36.8215],"timeVisible":0.840972,"tipPosition":[-25.6009,335.008,-107.34],"tipVelocity":[20.7921,54.0093,-110.249],"tool":false,"touchDistance":-0.520107,"touchZone":"hovering","type":1,"width":17.738},{"bases":[[[0.93974,-0.337948,-0.0517632],[0.341519,0.920863,0.188086],[-0.0158966,-0.19443,0.980787]],[[0.939643,-0.338971,-0.0465776],[0.166417,0.57171,-0.803401],[0.298958,0.747159,0.593614]],[[0.939643,-0.338971,-0.0465776],[-0.224248,-0.507288,-0.832089],[0.258426,0.792311,-0.552683]],[[0.939643,-0.338971,-0.0465776],[-0.332613,-0.873005,-0.356694],[0.0802463,0.350657,-0.93306]]],"btipPosition":[-34.4674,257.564,-31.2009],"carpPosition":[-14.1482,304.854,27.2963],"dipPosition":[-33.0845,263.607,-47.2802],"direction":[-0.258426,-0.792311,0.552683],"extended":false,"handId":259,"id":2592,"length":61.4471,"mcpPosition":[-13.1312,317.294,-35.454],"pipPosition":[-26.3455,284.268,-61.6926],"stabilizedTipPosition":[-68.8599,193.952,173.384],"timeVisible":0.840972,"tipPosition":[-34.0092,259.125,-33.3834],"tipVelocity":[4.04915,24.5941,-175.791],"tool":false,"touchDistance":0.333333,"touchZone":"none","type":2,"width":17.4211},{"bases":[[[0.898721,-0.431327,0.0791015],[0.407106,0.887697,0.215077],[-0.162987,-0.161092,0.973388]],[[0.90003,-0.429989,0.0711022],[0.312892,0.523931,-0.792209],[0.303388,0.735259,0.606094]],[[0.90003,-0.429989,0.0711022],[-0.177655,-0.510935,-0.841061],[0.397976,0.744349,-0.536246]],[[0.90003,-0.429989,0.0711022],[-0.374999,-0.847169,-0.376405],[0.222086,0.312112,-0.923723]]],"btipPosition":[-20.3027,256.843,-25.1646],"carpPosition":[-3.31928,301.972,26.1335],"dipPosition":[-16.4975,262.191,-40.9915],"direction":[-0.397976,-0.744349,0.536246],"extended":false,"handId":259,"id":2593,"length":59.0831,"mcpPosition":[6.04316,311.226,-29.7808],"pipPosition":[-6.38747,281.1,-54.6141],"stabilizedTipPosition":[-57.7616,193.937,193.177],"timeVisible":0.840972,"tipPosition":[-19.4799,258.004,-27.7983],"tipVelocity":[7.7243,26.0208,-159.755],"tool":false,"touchDistance":0.333333,"touchZone":"none","type":3,"width":16.5772},{"bases":[[[0.794115,-0.587777,0.154597],[0.525924,0.792061,0.309908],[-0.304607,-0.164796,0.938113]],[[0.78556,-0.592031,0.179986],[0.484375,0.407329,-0.77425],[0.385066,0.695401,0.606746]],[[0.78556,-0.592031,0.179986],[-0.192937,-0.510716,-0.837821],[0.587938,0.623433,-0.515423]],[[0.78556,-0.592031,0.179986],[-0.486166,-0.770454,-0.412364],[0.382803,0.236434,-0.893063]]],"btipPosition":[-7.01433,264.003,-20.2972],"carpPosition":[5.87052,292.708,25.8994],"dipPosition":[-0.963471,267.74,-34.4136],"direction":[-0.587938,-0.623433,0.515423],"extended":false,"handId":259,"id":2594,"length":46.32,"mcpPosition":[22.0678,301.471,-23.9842],"pipPosition":[9.58182,278.922,-43.6583],"stabilizedTipPosition":[-50.3102,208.366,175.263],"timeVisible":0.840972,"tipPosition":[-5.81285,264.792,-22.639],"tipVelocity":[10.8753,28.8357,-137.207],"tool":false,"touchDistance":0.333333,"touchZone":"none","type":4,"width":14.7252}],"r":[[0.72021,-0.430807,0.543786],[0.480724,0.875046,0.0565549],[-0.500202,0.22068,0.837316]],"s":0.876444,"t":[64.415,67.1119,-225.117],"timestamp":3060667738},false],[5,{"currentFrameRate":108.265,"devices":[],"gestures":[],"hands":[{"armBasis":[[0.946429,-0.0296951,-0.321544],[0.182228,0.871169,0.455914],[0.26658,-0.490084,0.829911]],"armWidth":58.4334,"confidence":0.659841,"direction":[0.0795477,0.327695,-0.941429],"elbow":[56.6761,170.677,236.821],"grabStrength":0,"id":259,"palmNormal":[-0.194136,-0.921245,-0.337073],"palmPosition":[-12.9936,306.064,-16.6868],"palmVelocity":[-5.91173,37.3178,-127.64],"palmWidth":83.4409,"pinchStrength":0.909658,"r":[[0.717849,-0.429858,0.547646],[0.48026,0.875241,0.0574733],[-0.504027,0.221755,0.834734]],"s":0.87609,"sphereCenter":[-11.1659,276.334,-47.1744],"sphereRadius":43.8658,"stabilizedPalmPosition":[-43.3816,250.153,175.757],"t":[64.3384,67.502,-226.331],"timeVisible":0.849718,"type":"right","wrist":[-9.32894,292.021,31.3355]}],"id":296263,"interactionBox":{"center":[0,200,0],"size":[235.247,235.247,147.751]},"pointables":[{"bases":[[[0.582605,0.803597,0.121673],[-0.731107,0.452774,0.510371],[0.355042,-0.386301,0.851303]],[[0.456842,0.88048,-0.126689],[-0.815563,0.471441,0.335559],[0.355179,-0.0499743,0.933461]],[[0.456842,0.88048,-0.126689],[-0.875297,0.41955,-0.240483],[-0.158588,0.220753,0.96235]],[[0.456842,0.88048,-0.126689],[-0.719473,0.281978,-0.634702],[-0.523119,0.381108,0.762301]]],"btipPosition":[-37.1354,274.554,-58.4816],"carpPosition":[-37.0623,287.348,30.6987],"dipPosition":[-48.3625,282.733,-42.1212],"direction":[0.158588,-0.220753,-0.96235],"extended":false,"handId":259,"id":2590,"length":47.7925,"mcpPosition":[-37.0623,287.348,30.6987],"pipPosition":[-53.321,289.635,-12.0315],"stabilizedTipPosition":[-110.794,221.438,177.622],"timeVisible":0.849718,"tipPosition":[-39.1715,275.171,-54.4952],"tipVelocity":[-5.86975,71.5113,-138.841],"tool":false,"touchDistance":-0.522789,"touchZone":"hovering","type":0,"width":18.5699},{"bases":[[[0.97722,-0.151583,-0.148539],[0.179269,0.964193,0.195434],[0.113596,-0.21761,0.969403]],[[0.97918,-0.194101,0.0594274],[0.166359,0.935066,0.313011],[-0.116324,-0.296608,0.947888]],[[0.97918,-0.194101,0.0594274],[0.178299,0.962321,0.2053],[-0.0970371,-0.19043,0.976893]],[[0.97918,-0.194101,0.0594274],[0.18656,0.975872,0.113439],[-0.0800122,-0.0999907,0.991766]]],"btipPosition":[-25.2455,337.687,-112.362],"carpPosition":[-25.5691,305.532,27.5763],"dipPosition":[-26.4992,336.12,-96.823],"direction":[0.0970371,0.19043,-0.976893],"extended":true,"handId":259,"id":2591,"length":53.9285,"mcpPosition":[-33.2329,320.213,-37.8252],"pipPosition":[-28.65,331.899,-75.1701],"stabilizedTipPosition":[-69.5446,280.487,36.3239],"timeVisible":0.849718,"tipPosition":[-25.2799,335.914,-108.944],"tipVelocity":[24.4961,67.463,-129.587],"tool":false,"touchDistance":-0.520361,"touchZone":"hovering","type":1,"width":17.738},{"bases":[[[0.938607,-0.341725,-0.0473296],[0.344349,0.919674,0.188744],[-0.0209706,-0.193454,0.980885]],[[0.938484,-0.342742,-0.0421464],[0.17332,0.573073,-0.800967],[0.298678,0.744389,0.597223]],[[0.938484,-0.342742,-0.0421464],[-0.221593,-0.504113,-0.834725],[0.264849,0.792715,-0.549052]],[[0.938484,-0.342742,-0.0421464],[-0.334292,-0.871106,-0.359756],[0.0865895,0.351714,-0.932094]]],"btipPosition":[-34.6938,258.203,-33.0758],"carpPosition":[-14.4348,305.462,25.6985],"dipPosition":[-33.2016,264.264,-49.1385],"direction":[-0.264849,-0.792715,0.549052],"extended":false,"handId":259,"id":2592,"length":61.4471,"mcpPosition":[-13.0931,317.839,-37.0581],"pipPosition":[-26.2951,284.936,-63.4562],"stabilizedTipPosition":[-68.8566,193.958,173.364],"timeVisible":0.849718,"tipPosition":[-34.2233,259.753,-35.2769],"tipVelocity":[-3.20267,37.6944,-186.014],"tool":false,"touchDistance":0.333333,"touchZone":"none","type":2,"width":17.4211},{"bases":[[[0.896644,-0.434819,0.0834389],[0.409684,0.886273,0.216052],[-0.167893,-0.159538,0.97281]],[[0.897941,-0.433546,0.0757583],[0.318971,0.522462,-0.790754],[0.303247,0.734215,0.607428]],[[0.897941,-0.433546,0.0757583],[-0.175488,-0.51055,-0.84175],[0.403616,0.742547,-0.534526]],[[0.897941,-0.433546,0.0757583],[-0.376568,-0.845921,-0.377644],[0.227812,0.310574,-0.922846]]],"btipPosition":[-20.5496,257.432,-26.7924],"carpPosition":[-3.61242,302.536,24.5858],"dipPosition":[-16.6463,262.754,-42.6043],"direction":[-0.403616,-0.742547,0.534526],"extended":false,"handId":259,"id":2593,"length":59.0831,"mcpPosition":[6.03186,311.7,-31.2953],"pipPosition":[-6.393,281.617,-56.1833],"stabilizedTipPosition":[-57.7562,193.946,193.145],"timeVisible":0.849718,"tipPosition":[-19.7075,258.588,-29.4412],"tipVelocity":[-1.2197,36.9056,-166.716],"tool":false,"touchDistance":0.333333,"touchZone":"none","type":3,"width":16.5772},{"bases":[[[0.791086,-0.590782,0.158618],[0.527705,0.790254,0.311491],[-0.309371,-0.162713,0.936917]],[[0.782173,-0.59508,0.184623],[0.492056,0.408198,-0.768931],[0.382213,0.692282,0.612094]],[[0.782173,-0.59508,0.184623],[-0.188114,-0.508035,-0.840544],[0.593986,0.62272,-0.509314]],[[0.782173,-0.59508,0.184623],[-0.48629,-0.768306,-0.416206],[0.389523,0.235764,-0.89033]]],"btipPosition":[-7.21229,264.543,-22.0587],"carpPosition":[5.54141,293.234,24.4005],"dipPosition":[-1.05521,268.27,-36.1319],"direction":[-0.593986,-0.62272,0.509314],"extended":false,"handId":259,"id":2594,"length":46.32,"mcpPosition":[21.992,301.886,-25.4195],"pipPosition":[9.59856,279.439,-45.267],"stabilizedTipPosition":[-50.3032,208.375,175.231],"timeVisible":0.849718,"tipPosition":[-5.99266,265.334,-24.3713],"tipVelocity":[2.64397,37.5897,-154.104],"tool":false,"touchDistance":0.333333,"touchZone":"none","type":4,"width":14.7252}],"r":[[0.717849,-0.429858,0.547646],[0.48026,0.875241,0.0574733],[-0.504027,0.221755,0.834734]],"s":0.87609,"t":[64.3384,67.502,-226.331],"timestamp":3060676484},false],[6,{"currentFrameRate":108.239,"devices":[],"gestures":[],"hands":[{"armBasis":[[0.946977,-0.0304141,-0.319859],[0.183064,0.869196,0.459331],[0.26405,-0.493531,0.828676]],"armWidth":58.4334,"confidence":0.648642,"direction":[0.0857726,0.327057,-0.941104],"elbow":[55.6476,170.298,234.78],"grabStrength":0,"id":259,"palmNormal":[-0.196136,-0.920558,-0.337793],"palmPosition":[-13.0889,306.538,-18.4444],"palmVelocity":[-7.13819,41.1947,-145.027],"palmWidth":83.4409,"pinchStrength":0.914153,"r":[[0.715024,-0.429643,0.551495],[0.480538,0.87501,0.0586511],[-0.507763,0.223078,0.832114]],"s":0.876131,"sphereCenter":[-11.8174,277.229,-48.9235],"sphereRadius":43.6817,"stabilizedPalmPosition":[-43.3806,250.155,175.751],"t":[64.2525,67.9341,-227.816],"timeVisible":0.859002,"type":"right","wrist":[-9.73103,292.496,29.6006]}],"id":296264,"interactionBox":{"center":[0,200,0],"size":[235.247,235.247,147.751]},"pointables":[{"bases":[[[0.585235,0.801256,0.124451],[-0.731897,0.455917,0.506425],[0.349037,-0.387463,0.853256]],[[0.461734,0.878383,-0.12347],[-0.81468,0.475008,0.332662],[0.350854,-0.0530124,0.934928]],[[0.461734,0.878383,-0.12347],[-0.87164,0.423504,-0.246756],[-0.164456,0.221557,0.96118]],[[0.461734,0.878383,-0.12347],[-0.711581,0.283699,-0.64278],[-0.529579,0.384652,0.756035]]],"btipPosition":[-37.0325,275.18,-60.2552],"carpPosition":[-37.4795,287.936,28.8211],"dipPosition":[-48.3982,283.435,-44.0293],"direction":[0.164456,-0.221557,-0.96118],"extended":false,"handId":259,"id":2590,"length":47.7925,"mcpPosition":[-37.4795,287.936,28.8211],"pipPosition":[-53.5402,290.362,-13.9763],"stabilizedTipPosition":[-110.731,221.487,177.413],"timeVisible":0.859002,"tipPosition":[-39.1708,275.858,-56.3384],"tipVelocity":[-2.05902,70.887,-154.495],"tool":false,"touchDistance":-0.525912,"touchZone":"hovering","type":0,"width":18.5699},{"bases":[[[0.977352,-0.155612,-0.143412],[0.182179,0.963519,0.196065],[0.107671,-0.217751,0.970047]],[[0.978371,-0.197503,0.0615058],[0.168075,0.932314,0.32022],[-0.120587,-0.302956,0.945344]],[[0.978371,-0.197503,0.0615058],[0.180562,0.960454,0.211956],[-0.100935,-0.196266,0.975342]],[[0.978371,-0.197503,0.0615058],[0.189249,0.974649,0.119348],[-0.0835182,-0.105127,0.990946]]],"btipPosition":[-24.8636,338.696,-114.081],"carpPosition":[-25.8962,306.072,25.7529],"dipPosition":[-26.1721,337.049,-98.5552],"direction":[0.100935,0.196266,-0.975342],"extended":true,"handId":259,"id":2591,"length":53.9285,"mcpPosition":[-33.1603,320.763,-39.6921],"pipPosition":[-28.4094,332.699,-76.9367],"stabilizedTipPosition":[-69.3796,280.702,35.7779],"timeVisible":0.859002,"tipPosition":[-24.8925,336.879,-110.681],"tipVelocity":[28.8043,78.5341,-145.354],"tool":false,"touchDistance":-0.522493,"touchZone":"hovering","type":1,"width":17.738},{"bases":[[[0.93744,-0.345562,-0.0423459],[0.347109,0.918325,0.190246],[-0.0268546,-0.193043,0.980823]],[[0.937285,-0.346576,-0.0371654],[0.180722,0.574364,-0.798402],[0.298054,0.741614,0.600976]],[[0.937285,-0.346576,-0.0371654],[-0.21845,-0.500976,-0.837438],[0.271617,0.793037,-0.545267]],[[0.937285,-0.346576,-0.0371654],[-0.335769,-0.869112,-0.363186],[0.0935708,0.352888,-0.930975]]],"btipPosition":[-34.9045,258.765,-35.1212],"carpPosition":[-14.7527,305.956,23.933],"dipPosition":[-33.292,264.846,-51.1646],"direction":[-0.271617,-0.793037,0.545267],"extended":false,"handId":259,"id":2592,"length":61.4471,"mcpPosition":[-13.0346,318.306,-38.8196],"pipPosition":[-26.209,285.526,-65.3836],"stabilizedTipPosition":[-68.8538,193.964,173.347],"timeVisible":0.859002,"tipPosition":[-34.4195,260.306,-37.3445],"tipVelocity":[-7.85576,44.2674,-195.547],"tool":false,"touchDistance":0.333333,"touchZone":"none","type":2,"width":17.4211},{"bases":[[[0.894419,-0.438441,0.0882316],[0.412165,0.884668,0.217904],[-0.173594,-0.158532,0.971974]],[[0.895697,-0.437238,0.0809325],[0.325155,0.519873,-0.789941],[0.303318,0.733863,0.607818]],[[0.895697,-0.437238,0.0809325],[-0.173465,-0.511164,-0.841796],[0.409435,0.739955,-0.533694]],[[0.895697,-0.437238,0.0809325],[-0.378204,-0.844819,-0.378473],[0.233856,0.308388,-0.922067]]],"btipPosition":[-20.8007,257.942,-28.5032],"carpPosition":[-3.93671,302.985,22.8775],"dipPosition":[-16.7939,263.226,-44.3018],"direction":[-0.409435,-0.739955,0.533694],"extended":false,"handId":259,"id":2593,"length":59.0831,"mcpPosition":[6.03503,312.092,-32.9556],"pipPosition":[-6.39271,282.023,-57.8595],"stabilizedTipPosition":[-57.7514,193.954,193.117],"timeVisible":0.859002,"tipPosition":[-19.934,259.091,-31.2127],"tipVelocity":[-7.7774,41.7099,-171.571],"tool":false,"touchDistance":0.333333,"touchZone":"none","type":3,"width":16.5772},{"bases":[[[0.787837,-0.593948,0.162909],[0.529296,0.7882,0.313985],[-0.314895,-0.161142,0.935347]],[[0.778685,-0.598238,0.189106],[0.499098,0.407981,-0.764495],[0.380198,0.689683,0.616268]],[[0.778685,-0.598238,0.189106],[-0.184301,-0.506207,-0.842489],[0.599735,0.621181,-0.504432]],[[0.778685,-0.598238,0.189106],[-0.486829,-0.766238,-0.419377],[0.395787,0.2345,-0.887898]]],"btipPosition":[-7.4168,265.004,-23.8944],"carpPosition":[5.17998,293.647,22.7426],"dipPosition":[-1.1607,268.71,-37.9292],"direction":[-0.599735,-0.621181,0.504432],"extended":false,"handId":259,"id":2594,"length":46.32,"mcpPosition":[21.9243,302.215,-26.9939],"pipPosition":[9.59619,279.852,-46.9767],"stabilizedTipPosition":[-50.2971,208.383,175.203],"timeVisible":0.859002,"tipPosition":[-6.18093,265.791,-26.2035],"tipVelocity":[-3.61934,40.8393,-166.135],"tool":false,"touchDistance":0.333333,"touchZone":"none","type":4,"width":