{"sensorType":"Leap","data":[[0,{"currentFrameRate":110.393,"devices":[],"gestures":[],"hands":[{"armBasis":[[0.891287,-0.0793563,-0.446441],[0.290053,0.856564,0.426811],[0.348535,-0.509903,0.786462]],"armWidth":58.4334,"confidence":0.637811,"direction":[0.208452,0.556633,-0.804182],"elbow":[71.4422,155.747,220.865],"grabStrength":0,"id":262,"palmNormal":[-0.254444,-0.763066,-0.594128],"palmPosition":[-12.1417,308.836,-16.1611],"palmVelocity":[2.7514,57.1587,-239.759],"palmWidth":83.4409,"pinchStrength":0.78442,"r":[[0.784605,-0.435203,0.441581],[0.43867,0.892993,0.100661],[-0.438136,0.114729,0.891557]],"s":0.872996,"sphereCenter":[-18.8825,286.668,-54.1332],"sphereRadius":42.9231,"stabilizedPalmPosition":[-36.4251,263.6,149.583],"t":[35.445,42.6237,-233.439],"timeVisible":3.95865,"type":"right","wrist":[-14.8548,281.999,26.1373]}],"id":298553,"interactionBox":{"center":[0,200,0],"size":[235.247,235.247,147.751]},"pointables":[{"bases":[[[0.648263,0.65895,0.381496],[-0.727572,0.388367,0.565518],[0.224488,-0.64417,0.731198]],[[0.527049,0.844121,0.0983819],[-0.775132,0.430026,0.46287],[0.348412,-0.320214,0.88095]],[[0.527049,0.844121,0.0983819],[-0.837826,0.5355,-0.106238],[-0.142361,-0.0264345,0.989462]],[[0.527049,0.844121,0.0983819],[-0.655731,0.477575,-0.584755],[-0.540589,0.243683,0.805222]]],"btipPosition":[-42.6128,291.537,-66.2243],"carpPosition":[-42.7171,281.282,22.321],"dipPosition":[-54.2149,296.767,-48.9428],"direction":[0.142361,0.0264345,-0.989462],"extended":false,"handId":262,"id":2620,"length":47.7925,"mcpPosition":[-42.7171,281.282,22.321],"pipPosition":[-58.666,295.94,-18.0055],"stabilizedTipPosition":[-81.2261,233.08,133.15],"timeVisible":3.95865,"tipPosition":[-44.3838,291.919,-62.239],"tipVelocity":[12.3101,83.586,-258.419],"tool":false,"touchDistance":-0.677572,"touchZone":"hovering","type":0,"width":18.5699},{"bases":[[[0.965948,-0.230343,-0.117841],[0.258591,0.844204,0.469522],[-0.0086697,-0.484006,0.875022]],[[0.963195,-0.262263,-0.0589329],[0.267994,0.919941,0.286159],[-0.0208342,-0.291421,0.956368]],[[0.963195,-0.262263,-0.0589329],[0.268526,0.948735,0.166721],[0.0121871,-0.17641,0.984241]],[[0.963195,-0.262263,-0.0589329],[0.266265,0.960943,0.0754365],[0.036847,-0.0883518,0.995408]]],"btipPosition":[-28.5663,347.427,-108.913],"carpPosition":[-29.1245,297.997,25.2121],"dipPosition":[-27.9889,346.042,-93.3167],"direction":[-0.0121871,0.17641,-0.984241],"extended":true,"handId":262,"id":2621,"length":53.9285,"mcpPosition":[-28.5396,330.651,-33.8219],"pipPosition":[-27.7188,342.132,-71.5009],"stabilizedTipPosition":[-71.7667,296.516,46.0165],"timeVisible":3.95865,"tipPosition":[-28.6158,345.371,-105.512],"tipVelocity":[58.4681,87.247,-249.012],"tool":false,"touchDistance":-0.684459,"touchZone":"hovering","type":1,"width":17.738},{"bases":[[[0.897564,-0.434135,-0.0768423],[0.41792,0.782277,0.461937],[-0.140431,-0.446732,0.883578]],[[0.895584,-0.440135,-0.0648892],[0.281916,0.67427,-0.682557],[0.34417,0.592993,0.727946]],[[0.895584,-0.440135,-0.0648892],[-0.207404,-0.284011,-0.93612],[0.39359,0.851833,-0.345641]],[[0.895584,-0.440135,-0.0648892],[-0.385025,-0.693702,-0.608714],[0.222903,0.570138,-0.790732]]],"btipPosition":[-38.2594,267.336,-41.9112],"carpPosition":[-17.9263,297.003,24.156],"dipPosition":[-34.4181,277.161,-55.5378],"direction":[-0.39359,-0.851833,0.345641],"extended":false,"handId":262,"id":2622,"length":61.4471,"mcpPosition":[-8.94161,325.585,-32.3749],"pipPosition":[-24.1544,299.374,-64.5511],"stabilizedTipPosition":[-70.6162,222.674,126.665],"timeVisible":3.95865,"tipPosition":[-37.337,269.769,-45.8493],"tipVelocity":[44.0963,33.3159,-225.608],"tool":false,"touchDistance":0.333333,"touchZone":"none","type":2,"width":17.4211},{"bases":[[[0.83304,-0.552871,0.0194184],[0.476289,0.734621,0.483197],[-0.281411,-0.393274,0.875296]],[[0.832857,-0.553128,0.0199893],[0.391217,0.562749,-0.728191],[0.391534,0.614299,0.685082]],[[0.832857,-0.553128,0.0199893],[-0.210409,-0.349808,-0.912887],[0.511936,0.756098,-0.407723]],[[0.832857,-0.553128,0.0199893],[-0.442543,-0.687168,-0.576156],[0.332424,0.471009,-0.817096]]],"btipPosition":[-25.9913,263.262,-30.9804],"carpPosition":[-7.41343,293.118,23.0113],"dipPosition":[-20.2956,271.332,-44.9804],"direction":[-0.511936,-0.756098,0.407723],"extended":false,"handId":262,"id":2623,"length":59.0831,"mcpPosition":[8.75166,315.709,-27.2683],"pipPosition":[-7.29053,290.54,-55.338],"stabilizedTipPosition":[-53.9127,220.475,128.155],"timeVisible":3.95865,"tipPosition":[-24.5772,265.247,-35.1042],"tipVelocity":[36.6634,44.7889,-210.877],"tool":false,"touchDistance":0.333333,"touchZone":"none","type":3,"width":16.5772},{"bases":[[[0.704646,-0.708403,0.040487],[0.573314,0.602037,0.555755],[-0.418073,-0.368399,0.83036]],[[0.720273,-0.69364,0.00837394],[0.48801,0.498095,-0.716762],[0.493004,0.520351,0.697267]],[[0.720273,-0.69364,0.00837394],[-0.268054,-0.28944,-0.918897],[0.639807,0.659612,-0.394409]],[[0.720273,-0.69364,0.00837394],[-0.549136,-0.577515,-0.604091],[0.423858,0.430512,-0.796871]]],"btipPosition":[-11.244,267.195,-26.2388],"carpPosition":[0.686634,283.115,20.8543],"dipPosition":[-4.54416,274,-38.8347],"direction":[-0.639807,-0.659612,0.394409],"extended":false,"handId":262,"id":2624,"length":46.32,"mcpPosition":[22.9174,302.704,-23.2996],"pipPosition":[6.93146,285.831,-45.9089],"stabilizedTipPosition":[-40.3646,224.173,134.429],"timeVisible":3.95865,"tipPosition":[-9.59606,268.92,-29.855],"tipVelocity":[31.8266,55.0174,-218.864],"tool":false,"touchDistance":0.333333,"touchZone":"none","type":4,"width":14.7252}],"r":[[0.784605,-0.435203,0.441581],[0.43867,0.892993,0.100661],[-0.438136,0.114729,0.891557]],"s":0.872996,"t":[35.445,42.6237,-233.439],"timestamp":3081736048},false],[1,{"currentFrameRate":110.387,"devices":[],"gestures":[],"hands":[{"armBasis":[[0.894212,-0.0815706,-0.440149],[0.288649,0.856609,0.427671],[0.342151,-0.509477,0.789536]],"armWidth":58.4334,"confidence":0.647758,"direction":[0.210809,0.555952,-0.804038],"elbow":[69.8019,156.197,219.78],"grabStrength":0,"id":262,"palmNormal":[-0.252678,-0.763578,-0.594225],"palmPosition":[-12.0771,309.144,-18.0211],"palmVelocity":[3.96027,50.7441,-230.17],"palmWidth":83.4409,"pinchStrength":0.765324,"r":[[0.783299,-0.432079,0.446933],[0.435122,0.89455,0.102221],[-0.443972,0.1144,0.888708]],"s":0.879055,"sphereCenter":[-18.8947,287.103,-55.9749],"sphereRadius":42.9667,"stabilizedPalmPosition":[-36.4246,263.601,149.579],"t":[35.4856,43.0318,-235.463],"timeVisible":3.96772,"type":"right","wrist":[-14.9143,282.343,24.2921]}],"id":298554,"interactionBox":{"center":[0,200,0],"size":[235.247,235.247,147.751]},"pointables":[{"bases":[[[0.647124,0.659289,0.382843],[-0.729242,0.388833,0.56304],[0.222344,-0.643542,0.732405]],[[0.528399,0.842806,0.102337],[-0.774927,0.429543,0.463659],[0.346817,-0.324301,0.880084]],[[0.528399,0.842806,0.102337],[-0.836903,0.537347,-0.104167],[-0.142783,-0.0306043,0.989281]],[[0.528399,0.842806,0.102337],[-0.659468,0.483362,-0.575729],[-0.534693,0.236727,0.811211]]],"btipPosition":[-42.7012,292.343,-68.2343],"carpPosition":[-42.7652,281.622,20.3943],"dipPosition":[-54.1767,297.424,-50.8242],"direction":[0.142783,0.0306043,-0.989281],"extended":false,"handId":262,"id":2620,"length":47.7925,"mcpPosition":[-42.7652,281.622,20.3943],"pipPosition":[-58.6411,296.467,-19.8925],"stabilizedTipPosition":[-81.2241,233.083,133.139],"timeVisible":3.96772,"tipPosition":[-44.4517,292.617,-64.1966],"tipVelocity":[7.09981,84.0238,-247.344],"tool":false,"touchDistance":-0.667854,"touchZone":"hovering","type":0,"width":18.5699},{"bases":[[[0.966295,-0.230423,-0.114798],[0.25719,0.844609,0.469562],[-0.0112386,-0.48326,0.875405]],[[0.963486,-0.26157,-0.0572335],[0.266733,0.918929,0.290555],[-0.023407,-0.295212,0.955145]],[[0.963486,-0.26157,-0.0572335],[0.267587,0.948263,0.170863],[0.00957975,-0.179939,0.983631]],[[0.963486,-0.26157,-0.0572335],[0.265555,0.960839,0.0791793],[0.0342813,-0.0914868,0.995216]]],"btipPosition":[-28.2506,347.996,-110.775],"carpPosition":[-29.1815,298.34,23.3111],"dipPosition":[-27.7135,346.563,-95.1817],"direction":[-0.00957975,0.179939,-0.983631],"extended":true,"handId":262,"id":2621,"length":53.9285,"mcpPosition":[-28.4233,330.943,-35.7487],"pipPosition":[-27.5011,342.574,-73.3795],"stabilizedTipPosition":[-71.6826,296.614,45.721],"timeVisible":3.96772,"tipPosition":[-28.287,345.961,-107.383],"tipVelocity":[51.6458,80.1346,-236.951],"tool":false,"touchDistance":-0.672288,"touchZone":"hovering","type":1,"width":17.738},{"bases":[[[0.897795,-0.434181,-0.0738273],[0.416542,0.782679,0.462499],[-0.143025,-0.445982,0.883541]],[[0.895754,-0.440243,-0.0617299],[0.282296,0.670576,-0.68603],[0.343415,0.597088,0.72495]],[[0.895754,-0.440243,-0.0617299],[-0.206786,-0.289709,-0.934509],[0.393528,0.849856,-0.350544]],[[0.895754,-0.440243,-0.0617299],[-0.384182,-0.696748,-0.605761],[0.223672,0.566328,-0.793249]]],"btipPosition":[-38.1255,267.566,-43.4722],"carpPosition":[-17.9802,297.346,22.2889],"dipPosition":[-34.271,277.325,-57.1422],"direction":[-0.393528,-0.849856,0.350544],"extended":false,"handId":262,"id":2622,"length":61.4471,"mcpPosition":[-8.82955,325.879,-34.2396],"pipPosition":[-24.0089,299.487,-66.2834],"stabilizedTipPosition":[-70.6154,222.675,126.66],"timeVisible":3.96772,"tipPosition":[-37.195,269.996,-47.4689],"tipVelocity":[36.0798,30.6685,-211.126],"tool":false,"touchDistance":0.333333,"touchZone":"none","type":2,"width":17.4211},{"bases":[[[0.83299,-0.552837,0.022344],[0.47485,0.735043,0.483972],[-0.283981,-0.392534,0.874798]],[[0.83267,-0.553277,0.023327],[0.390694,0.55709,-0.732809],[0.392451,0.619302,0.680035]],[[0.83267,-0.553277,0.023327],[-0.211756,-0.357046,-0.909768],[0.511683,0.752597,-0.414461]],[[0.83267,-0.553277,0.023327],[-0.442872,-0.690619,-0.57176],[0.332452,0.465756,-0.820089]]],"btipPosition":[-25.9258,263.535,-32.3553],"carpPosition":[-7.46395,293.46,21.1785],"dipPosition":[-20.2296,271.515,-46.4066],"direction":[-0.511683,-0.752597,0.414461],"extended":false,"handId":262,"id":2623,"length":59.0831,"mcpPosition":[8.84879,316.008,-29.0725],"pipPosition":[-7.23099,290.634,-56.9354],"stabilizedTipPosition":[-53.9117,220.477,128.149],"timeVisible":3.96772,"tipPosition":[-24.4978,265.506,-36.5676],"tipVelocity":[28.529,40.0941,-194.85],"tool":false,"touchDistance":0.333333,"touchZone":"none","type":3,"width":16.5772},{"bases":[[[0.704538,-0.708353,0.0431668],[0.571662,0.602522,0.556928],[-0.420511,-0.3677,0.829438]],[[0.720074,-0.693802,0.0114775],[0.489289,0.495949,-0.717378],[0.492026,0.522181,0.69659]],[[0.720074,-0.693802,0.0114775],[-0.266889,-0.292187,-0.918366],[0.640518,0.658229,-0.395565]],[[0.720074,-0.693802,0.0114775],[-0.548235,-0.578979,-0.603508],[0.42536,0.428278,-0.797274]]],"btipPosition":[-11.1631,267.499,-27.9411],"carpPosition":[0.642631,283.454,19.0539],"dipPosition":[-4.43959,274.269,-40.5434],"direction":[-0.640518,-0.658229,0.395565],"extended":false,"handId":262,"id":2624,"length":46.32,"mcpPosition":[23.003,303.007,-25.051],"pipPosition":[7.04879,286.075,-47.6383],"stabilizedTipPosition":[-40.3635,224.175,134.423],"timeVisible":3.96772,"tipPosition":[-9.50632,269.208,-31.5642],"tipVelocity":[25.6594,48.8094,-210.292],"tool":false,"touchDistance":0.333333,"touchZone":"none","type":4,"width":14.7252}],"r":[[0.783299,-0.432079,0.446933],[0.435122,0.89455,0.102221],[-0.443972,0.1144,0.888708]],"s":0.879055,"t":[35.4856,43.0318,-235.463],"timestamp":3081745118},false],[2,{"currentFrameRate":110.353,"devices":[],"gestures":[],"hands":[{"armBasis":[[0.897711,-0.0764903,-0.433895],[0.282311,0.855944,0.433198],[0.338255,-0.511379,0.789984]],"armWidth":58.4334,"confidence":0.622585,"direction":[0.216617,0.55319,-0.804399],"elbow":[68.3159,156.741,217.341],"grabStrength":0,"id":262,"palmNormal":[-0.246286,-0.766346,-0.593344],"palmPosition":[-12.288,309.999,-20.6504],"palmVelocity":[-3.56256,62.6797,-246.292],"palmWidth":83.4409,"pinchStrength":0.758191,"r":[[0.781612,-0.428946,0.452865],[0.431777,0.896024,0.103485],[-0.450168,0.114652,0.885553]],"s":0.884515,"sphereCenter":[-19.0659,288.095,-58.5261],"sphereRadius":42.9513,"stabilizedPalmPosition":[-36.4241,263.602,149.576],"t":[35.4004,43.6634,-237.79],"timeVisible":3.97685,"type":"right","wrist":[-15.4355,283.358,21.7419]}],"id":298555,"interactionBox":{"center":[0,200,0],"size":[235.247,235.247,147.751]},"pointables":[{"bases":[[[0.642691,0.661947,0.385714],[-0.734668,0.389708,0.555329],[0.217283,-0.640276,0.736773]],[[0.52661,0.843642,0.10464],[-0.77882,0.429441,0.457187],[0.340765,-0.322255,0.883194]],[[0.52661,0.843642,0.10464],[-0.836622,0.536153,-0.112269],[-0.150818,-0.028422,0.988153]],[[0.52661,0.843642,0.10464],[-0.654674,0.480984,-0.583144],[-0.542295,0.238585,0.805602]]],"btipPosition":[-42.4958,293.091,-71.0036],"carpPosition":[-43.2511,282.572,17.6116],"dipPosition":[-54.1345,298.212,-53.7139],"direction":[0.150818,0.028422,-0.988153],"extended":false,"handId":262,"id":2620,"length":47.7925,"mcpPosition":[-43.2511,282.572,17.6116],"pipPosition":[-58.85,297.323,-22.8175],"stabilizedTipPosition":[-81.2218,233.087,133.126],"timeVisible":3.97685,"tipPosition":[-44.3231,293.382,-67.0031],"tipVelocity":[10.2396,83.7336,-263.8],"tool":false,"touchDistance":-0.671358,"touchZone":"hovering","type":0,"width":18.5699},{"bases":[[[0.967639,-0.229122,-0.105722],[0.251709,0.846899,0.468407],[-0.017786,-0.47986,0.877165]],[[0.96453,-0.259291,-0.049504],[0.262144,0.9188,0.295105],[-0.0310338,-0.297615,0.954181]],[[0.96453,-0.259291,-0.049504],[0.26397,0.948443,0.175431],[0.00146399,-0.182276,0.983246]],[[0.96453,-0.259291,-0.049504],[0.262697,0.961257,0.083518],[0.0259306,-0.0935602,0.995276]]],"btipPosition":[-27.7385,348.931,-113.581],"carpPosition":[-29.7223,299.325,20.5777],"dipPosition":[-27.3322,347.465,-97.9874],"direction":[-0.00146399,0.182276,-0.983246],"extended":true,"handId":262,"id":2621,"length":53.9285,"mcpPosition":[-28.5224,331.699,-38.6009],"pipPosition":[-27.2997,343.425,-76.1937],"stabilizedTipPosition":[-71.604,296.707,45.4434],"timeVisible":3.97685,"tipPosition":[-27.789,346.895,-110.198],"tipVelocity":[51.9769,86.1158,-256.579],"tool":false,"touchDistance":-0.675488,"touchZone":"hovering","type":1,"width":17.738},{"bases":[[[0.899157,-0.432842,-0.0645347],[0.411225,0.78523,0.462934],[-0.149703,-0.442789,0.88404]],[[0.897004,-0.438914,-0.0523232],[0.285717,0.666054,-0.689012],[0.337267,0.603097,0.722858]],[[0.897004,-0.438914,-0.0523232],[-0.199962,-0.297367,-0.933589],[0.394206,0.847896,-0.354506]],[[0.897004,-0.438914,-0.0523232],[-0.378541,-0.70166,-0.603639],[0.228233,0.561273,-0.795539]]],"btipPosition":[-38.0537,268.236,-45.9038],"carpPosition":[-18.511,298.347,19.6541],"dipPosition":[-34.1206,277.908,-59.6133],"direction":[-0.394206,-0.847896,0.354506],"extended":false,"handId":262,"id":2622,"length":61.4471,"mcpPosition":[-8.93313,326.677,-36.9064],"pipPosition":[-23.8408,300.019,-68.8577],"stabilizedTipPosition":[-70.6146,222.676,126.656],"timeVisible":3.97685,"tipPosition":[-37.0968,270.649,-49.936],"tipVelocity":[28.7967,41.9383,-226.792],"tool":false,"touchDistance":0.333333,"touchZone":"none","type":2,"width":17.4211},{"bases":[[[0.833751,-0.551238,0.0315494],[0.469433,0.737783,0.485086],[-0.290675,-0.38963,0.873897]],[[0.833318,-0.551817,0.0328478],[0.393876,0.551013,-0.735694],[0.387869,0.626005,0.676517]],[[0.833318,-0.551817,0.0328478],[-0.206532,-0.365909,-0.907444],[0.512762,0.749406,-0.418887]],[[0.833318,-0.551817,0.0328478],[-0.438382,-0.695878,-0.568837],[0.336752,0.459622,-0.821794]]],"btipPosition":[-25.9695,264.296,-34.5484],"carpPosition":[-7.97885,294.476,18.6478],"dipPosition":[-20.1997,272.171,-48.6289],"direction":[-0.512762,-0.749406,0.418887],"extended":false,"handId":262,"id":2623,"length":59.0831,"mcpPosition":[8.71836,316.858,-31.5515],"pipPosition":[-7.17366,291.209,-59.2702],"stabilizedTipPosition":[-53.9107,220.479,128.144],"timeVisible":3.97685,"tipPosition":[-24.5108,266.241,-38.808],"tipVelocity":[19.7883,51.3949,-207.705],"tool":false,"touchDistance":0.333333,"touchZone":"none","type":3,"width":16.5772},{"bases":[[[0.705403,-0.706904,0.0518947],[0.56586,0.605723,0.559376],[-0.426859,-0.365221,0.827288]],[[0.72104,-0.692588,0.0205755],[0.493372,0.492337,-0.717069],[0.486504,0.527187,0.696698]],[[0.72104,-0.692588,0.0205755],[-0.260489,-0.298467,-0.918184],[0.642065,0.656688,-0.395618]],[[0.72104,-0.692588,0.0205755],[-0.543147,-0.583399,-0.603851],[0.430224,0.424225,-0.796831]]],"btipPosition":[-11.2306,268.319,-30.2592],"carpPosition":[0.163157,284.477,16.631],"dipPosition":[-4.43018,275.025,-42.8545],"direction":[-0.642065,-0.656688,0.395618],"extended":false,"handId":262,"id":2624,"length":46.32,"mcpPosition":[22.8611,303.898,-27.3595],"pipPosition":[7.08594,286.803,-49.9503],"stabilizedTipPosition":[-40.3624,224.177,134.417],"timeVisible":3.97685,"tipPosition":[-9.54879,270.006,-33.8922],"tipVelocity":[17.0165,59.7814,-222.408],"tool":false,"touchDistance":0.333333,"touchZone":"none","type":4,"width":14.7252}],"r":[[0.781612,-0.428946,0.452865],[0.431777,0.896024,0.103485],[-0.450168,0.114652,0.885553]],"s":0.884515,"t":[35.4004,43.6634,-237.79],"timestamp":3081754241},false],[3,{"currentFrameRate":110.379,"devices":[],"gestures":[],"hands":[{"armBasis":[[0.898271,-0.0767593,-0.432686],[0.281329,0.856851,0.432042],[0.337584,-0.509819,0.791279]],"armWidth":58.4334,"confidence":0.629098,"direction":[0.220986,0.552136,-0.803935],"elbow":[67.7842,157.581,216.163],"grabStrength":0,"id":262,"palmNormal":[-0.244149,-0.766748,-0.593708],"palmPosition":[-12.4257,310.405,-22.1612],"palmVelocity":[-6.78235,57.8253,-224.672],"palmWidth":83.4409,"pinchStrength":0.746123,"r":[[0.779709,-0.426484,0.458437],[0.429157,0.897141,0.1047],[-0.455936,0.115106,0.882538]],"s":0.889697,"sphereCenter":[-19.2578,288.674,-60.0318],"sphereRadius":42.977,"stabilizedPalmPosition":[-36.4236,263.603,149.572],"t":[35.289,44.182,-239.709],"timeVisible":3.98586,"type":"right","wrist":[-15.8013,283.812,20.2436]}],"id":298556,"interactionBox":{"center":[0,200,0],"size":[235.247,235.247,147.751]},"pointables":[{"bases":[[[0.641448,0.661762,0.388093],[-0.736961,0.390976,0.551386],[0.213151,-0.639695,0.738483]],[[0.527931,0.842352,0.108318],[-0.779476,0.429938,0.455599],[0.337204,-0.324956,0.88357]],[[0.527931,0.842352,0.108318],[-0.835335,0.53804,-0.112816],[-0.15331,-0.0309229,0.987694]],[[0.527931,0.842352,0.108318],[-0.654472,0.484789,-0.580212],[-0.541254,0.235421,0.80723]]],"btipPosition":[-42.6235,293.836,-72.6723],"carpPosition":[-43.5974,283.046,15.9808],"dipPosition":[-54.2398,298.889,-55.3477],"direction":[0.15331,0.0309229,-0.987694],"extended":false,"handId":262,"id":2620,"length":47.7925,"mcpPosition":[-43.5974,283.046,15.9808],"pipPosition":[-59.0334,297.922,-24.4656],"stabilizedTipPosition":[-81.2191,233.092,133.111],"timeVisible":3.98586,"tipPosition":[-44.4498,294.07,-68.6533],"tipVelocity":[3.68645,82.9551,-241.938],"tool":false,"touchDistance":-0.657465,"touchZone":"hovering","type":0,"width":18.5699},{"bases":[[[0.967922,-0.230127,-0.100837],[0.250246,0.847162,0.468714],[-0.022439,-0.478913,0.877576]],[[0.964639,-0.259547,-0.04591],[0.261104,0.917182,0.301002],[-0.0360163,-0.302345,0.952518]],[[0.964639,-0.259547,-0.04591],[0.263552,0.947453,0.18131],[-0.00356087,-0.186998,0.982354]],[[0.964639,-0.259547,-0.04591],[0.26274,0.96074,0.0891375],[0.0209722,-0.0980479,0.994961]]],"btipPosition":[-27.3843,349.694,-115.103],"carpPosition":[-30.0675,299.791,18.9941],"dipPosition":[-27.0557,348.158,-99.5135],"direction":[0.00356087,0.186998,-0.982354],"extended":true,"handId":262,"id":2621,"length":53.9285,"mcpPosition":[-28.5536,332.101,-40.2123],"pipPosition":[-27.1346,344.013,-77.7395],"stabilizedTipPosition":[-71.5293,296.796,45.1786],"timeVisible":3.98586,"tipPosition":[-27.4441,347.657,-111.731],"tipVelocity":[47.9466,85.2238,-232.481],"tool":false,"touchDistance":-0.659107,"touchZone":"hovering","type":1,"width":17.738},{"bases":[[[0.899054,-0.433741,-0.0597627],[0.409729,0.78534,0.464072],[-0.154353,-0.441712,0.883779]],[[0.896821,-0.439838,-0.0474724],[0.288737,0.663251,-0.690456],[0.335175,0.605508,0.721815]],[[0.896821,-0.439838,-0.0474724],[-0.196992,-0.300955,-0.93307],[0.396113,0.846149,-0.356547]],[[0.896821,-0.439838,-0.0474724],[-0.376864,-0.703366,-0.602702],[0.231701,0.558406,-0.796553]]],"btipPosition":[-38.1149,268.61,-47.2991],"carpPosition":[-18.8528,298.802,18.1253],"dipPosition":[-34.1221,278.233,-61.026],"direction":[-0.396113,-0.846149,0.356547],"extended":false,"handId":262,"id":2622,"length":61.4471,"mcpPosition":[-8.97736,327.062,-38.4185],"pipPosition":[-23.7926,300.298,-70.3238],"stabilizedTipPosition":[-70.6138,222.677,126.652],"timeVisible":3.98586,"tipPosition":[-37.1394,271.013,-51.3481],"tipVelocity":[19.4312,41.4639,-207.132],"tool":false,"touchDistance":0.333333,"touchZone":"none","type":2,"width":17.4211},{"bases":[[[0.833078,-0.551974,0.0361316],[0.467786,0.737864,0.486553],[-0.295225,-0.388434,0.872904]],[[0.832675,-0.552503,0.0373209],[0.396939,0.548515,-0.735915],[0.386124,0.627592,0.676045]],[[0.832675,-0.552503,0.0373209],[-0.203862,-0.368506,-0.906997],[0.514872,0.747625,-0.41948]],[[0.832675,-0.552503,0.0373209],[-0.436954,-0.696941,-0.568634],[0.340183,0.45718,-0.821744]]],"btipPosition":[-26.0897,264.693,-35.932],"carpPosition":[-8.31949,294.92,17.1736],"dipPosition":[-20.2611,272.526,-50.0116],"direction":[-0.514872,-0.747625,0.41948],"extended":false,"handId":262,"id":2623,"length":59.0831,"mcpPosition":[8.6391,317.233,-32.9686],"pipPosition":[-7.18144,291.518,-60.668],"stabilizedTipPosition":[-53.9097,220.48,128.138],"timeVisible":3.98586,"tipPosition":[-24.6158,266.624,-40.1839],"tipVelocity":[11.0958,49.0777,-192.806],"tool":false,"touchDistance":0.333333,"touchZone":"none","type":3,"width":16.5772},{"bases":[[[0.704489,-0.7075,0.0560252],[0.563733,0.605794,0.561444],[-0.431161,-0.363948,0.825616]],[[0.720136,-0.69338,0.0250795],[0.495716,0.488881,-0.717817],[0.485459,0.529358,0.69578]],[[0.720136,-0.69338,0.0250795],[-0.258803,-0.301977,-0.917513],[0.643759,0.654244,-0.396913]],[[0.720136,-0.69338,0.0250795],[-0.542071,-0.584815,-0.603449],[0.433086,0.42097,-0.797007]]],"btipPosition":[-11.3839,268.71,-31.539],"carpPosition":[-0.17719,284.911,15.2065],"dipPosition":[-4.53825,275.364,-44.1371],"direction":[-0.643759,-0.654244,0.396913],"extended":false,"handId":262,"id":2624,"length":46.32,"mcpPosition":[22.7495,304.264,-28.6951],"pipPosition":[7.00826,287.099,-51.2562],"stabilizedTipPosition":[-40.3612,224.178,134.411],"timeVisible":3.98586,"tipPosition":[-9.6838,270.381,-35.1928],"tipVelocity":[7.97998,54.9142,-200.328],"tool":false,"touchDistance":0.333333,"touchZone":"none","type":4,"width":14.7252}],"r":[[0.779709,-0.426484,0.458437],[0.429157,0.897141,0.1047],[-0.455936,0.115106,0.882538]],"s":0.889697,"t":[35.289,44.182,-239.709],"timestamp":3081763253},false],[4,{"currentFrameRate":110.33,"devices":[],"gestures":[],"hands":[{"armBasis":[[0.899293,-0.0792903,-0.4301],[0.282308,0.856346,0.432405],[0.334028,-0.51028,0.79249]],"armWidth":58.4334,"confidence":0.63036,"direction":[0.225389,0.545688,-0.807109],"elbow":[66.7064,158.02,215.259],"grabStrength":0,"id":262,"palmNormal":[-0.245399,-0.769918,-0.589072],"palmPosition":[-12.4006,310.65,-23.5394],"palmVelocity":[-4.12873,49.1669,-204.038],"palmWidth":83.4409,"pinchStrength":0.731106,"r":[[0.777565,-0.424466,0.46392],[0.427685,0.897849,0.104659],[-0.460954,0.117033,0.879673]],"s":0.894875,"sphereCenter":[-19.4433,288.899,-61.278],"sphereRadius":43.0178,"stabilizedPalmPosition":[-36.423,263.604,149.568],"t":[35.2459,44.5637,-241.357],"timeVisible":3.99501,"type":"right","wrist":[-15.9988,284.365,19.0391]}],"id":298557,"interactionBox":{"center":[0,200,0],"size":[235.247,235.247,147.751]},"pointables":[{"bases":[[[0.642875,0.66199,0.385332],[-0.737021,0.397609,0.546541],[0.208594,-0.635355,0.743514]],[[0.532159,0.839908,0.106593],[-0.777555,0.435029,0.454046],[0.334986,-0.324507,0.884579]],[[0.532159,0.839908,0.106593],[-0.832809,0.541965,-0.112709],[-0.152435,-0.0287931,0.987894]],[[0.532159,0.839908,0.106593],[-0.655552,0.488442,-0.575914],[-0.535779,0.2366,0.810531]]],"btipPosition":[-42.8548,294.353,-74.0745],"carpPosition":[-43.7854,283.676,14.7019],"dipPosition":[-54.3536,299.431,-56.6789],"direction":[0.152435,0.0287931,-0.987894],"extended":false,"handId":262,"id":2620,"length":47.7925,"mcpPosition":[-43.7854,283.676,14.7019],"pipPosition":[-59.1198,298.531,-25.7906],"stabilizedTipPosition":[-81.2161,233.097,133.094],"timeVisible":3.99501,"tipPosition":[-44.6401,294.532,-70.0198],"tipVelocity":[-3.55592,75.7667,-216.729],"tool":false,"touchDistance":-0.640839,"touchZone":"hovering","type":0,"width":18.5699},{"bases":[[[0.967315,-0.234515,-0.0964573],[0.25216,0.849438,0.46354],[-0.0267726,-0.472712,0.88081]],[[0.96392,-0.262703,-0.0429555],[0.263193,0.916413,0.301523],[-0.0398462,-0.30195,0.952491]],[[0.96392,-0.262703,-0.0429555],[0.266098,0.946668,0.18169],[-0.00706609,-0.186565,0.982417]],[[0.96392,-0.262703,-0.0429555],[0.265596,0.959951,0.0891824],[0.0178066,-0.0973735,0.995089]]],"btipPosition":[-26.9462,349.838,-116.679],"carpPosition":[-30.1999,300.389,17.6378],"dipPosition":[-26.6672,348.313,-101.088],"direction":[0.00706609,0.186565,-0.982417],"extended":true,"handId":262,"id":2621,"length":53.9285,"mcpPosition":[-28.3937,332.281,-41.7868],"pipPosition":[-26.8238,344.177,-79.313],"stabilizedTipPosition":[-71.4604,296.877,44.9344],"timeVisible":3.99501,"tipPosition":[-27.01,347.808,-113.31],"tipVelocity":[47.5775,65.9556,-215.705],"tool":false,"touchDistance":-0.645175,"touchZone":"hovering","type":1,"width":17.738},{"bases":[[[0.897549,-0.437574,-0.0541695],[0.411417,0.786978,0.459785],[-0.15856,-0.434966,0.886376]],[[0.895246,-0.44361,-0.0417763],[0.292511,0.655851,-0.695914],[0.336113,0.610794,0.716909]],[[0.895246,-0.44361,-0.0417763],[-0.1965,-0.308921,-0.930567],[0.399903,0.841296,-0.36373]],[[0.895246,-0.44361,-0.0417763],[-0.378314,-0.707227,-0.597251],[0.235401,0.550491,-0.800965]]],"btipPosition":[-38.1838,268.757,-48.3023],"carpPosition":[-18.9867,299.351,16.8081],"dipPosition":[-34.1271,278.244,-62.1052],"direction":[-0.399903,-0.841296,0.36373],"extended":false,"handId":262,"id":2622,"length":61.4471,"mcpPosition":[-8.84212,327.18,-39.9019],"pipPosition":[-23.6988,300.182,-71.5902],"stabilizedTipPosition":[-70.6132,222.678,126.649],"timeVisible":3.99501,"tipPosition":[-37.1903,271.124,-52.3749],"tipVelocity":[12.371,33.4445,-180.504],"tool":false,"touchDistance":0.333333,"touchZone":"none","type":2,"width":17.4211},{"bases":[[[0.830848,-0.554885,0.0423532],[0.469227,0.739437,0.482762],[-0.299195,-0.381228,0.874727]],[[0.830467,-0.555369,0.0434638],[0.400397,0.540841,-0.739712],[0.387306,0.631709,0.671519]],[[0.830467,-0.555369,0.0434638],[-0.203713,-0.375386,-0.904205],[0.518483,0.742059,-0.424882]],[[0.830467,-0.555369,0.0434638],[-0.438506,-0.699845,-0.563853],[0.343564,0.449202,-0.824731]]],"btipPosition":[-26.206,264.891,-36.9229],"carpPosition":[-8.46571,295.423,15.9136],"dipPosition":[-20.3194,272.588,-51.0537],"direction":[-0.518483,-0.742059,0.424882],"extended":false,"handId":262,"id":2623,"length":59.0831,"mcpPosition":[8.72093,317.322,-34.3333],"pipPosition":[-7.14803,291.439,-61.8472],"stabilizedTipPosition":[-53.9087,220.482,128.132],"timeVisible":3.99501,"tipPosition":[-24.7184,266.781,-41.1782],"tipVelocity":[4.87274,40.489,-169.62],"tool":false,"touchDistance":0.333333,"touchZone":"none","type":3,"width":16.5772},{"bases":[[[0.701608,-0.709777,0.0629563],[0.564453,0.607525,0.558843],[-0.434901,-0.356553,0.82688]],[[0.717234,-0.696084,0.0322872],[0.498579,0.480255,-0.721647],[0.486821,0.533688,0.691508]],[[0.717234,-0.696084,0.0322872],[-0.259082,-0.309394,-0.91496],[0.646878,0.647875,-0.402251]],[[0.717234,-0.696084,0.0322872],[-0.543518,-0.587827,-0.599206],[0.436077,0.412222,-0.799944]]],"btipPosition":[-11.5115,268.888,-32.4927],"carpPosition":[-0.35631,285.37,14.0394],"dipPosition":[-4.6186,275.404,-45.1372],"direction":[-0.646878,-0.647875,0.402251],"extended":false,"handId":262,"id":2624,"length":46.32,"mcpPosition":[22.7693,304.329,-29.9295],"pipPosition":[6.98385,287.024,-52.352],"stabilizedTipPosition":[-40.3601,224.18,134.404],"timeVisible":3.99501,"tipPosition":[-9.79548,270.516,-36.1651],"tipVelocity":[2.20454,44.0491,-173.881],"tool":false,"touchDistance":0.333333,"touchZone":"none","type":4,"width":14.7252}],"r":[[0.777565,-0.424466,0.46392],[0.427685,0.897849,0.104659],[-0.460954,0.117033,0.879673]],"s":0.894875,"t":[35.2459,44.5637,-241.357],"timestamp":3081772405},false],[5,{"currentFrameRate":110.307,"devices":[],"gestures":[],"hands":[{"armBasis":[[0.899366,-0.0805984,-0.429704],[0.282358,0.857469,0.43014],[0.333789,-0.508184,0.793936]],"armWidth":58.4334,"confidence":0.632391,"direction":[0.229971,0.541102,-0.808902],"elbow":[66.3824,159.017,213.704],"grabStrength":0,"id":262,"palmNormal":[-0.244782,-0.772297,-0.586208],"palmPosition":[-12.4293,310.906,-25.5682],"palmVelocity":[-3.8577,43.3232,-209.241],"palmWidth":83.4409,"pinchStrength":0.718359,"r":[[0.775242,-0.422735,0.469356],[0.426841,0.898319,0.104069],[-0.465625,0.119662,0.876855]],"s":0.899929,"sphereCenter":[-19.6364,289.238,-63.2195],"sphereRadius":43.0444,"stabilizedPalmPosition":[-36.4226,263.605,149.564],"t":[35.21,44.8824,-243.196],"timeVisible":4.00412,"type":"right","wrist":[-16.2634,284.843,17.1264]}],"id":298558,"interactionBox":{"center":[0,200,0],"size":[235.247,235.247,147.751]},"pointables":[{"bases":[[[0.642837,0.662426,0.384647],[-0.738323,0.402057,0.541507],[0.204058,-0.632094,0.747541]],[[0.534923,0.838087,0.107085],[-0.777145,0.438326,0.451571],[0.331518,-0.324776,0.885786]],[[0.534923,0.838087,0.107085],[-0.83084,0.544805,-0.113546],[-0.153502,-0.0282327,0.987745]],[[0.534923,0.838087,0.107085],[-0.655561,0.491657,-0.573161],[-0.533008,0.236396,0.812416]]],"btipPosition":[-42.9703,294.873,-76.1889],"carpPosition":[-44.0336,284.197,12.6786],"dipPosition":[-54.4097,299.947,-58.7529],"direction":[0.153502,0.0282327,-0.987745],"extended":false,"handId":262,"id":2620,"length":47.7925,"mcpPosition":[-44.0336,284.197,12.6786],"pipPosition":[-59.2092,299.064,-27.8693],"stabilizedTipPosition":[-81.213,233.103,133.076],"timeVisible":4.00412,"tipPosition":[-44.7496,295.01,-72.111],"tipVelocity":[-5.67178,70.5704,-220.736],"tool":false,"touchDistance":-0.636665,"touchZone":"hovering","type":0,"width":18.5699},{"bases":[[[0.967151,-0.237238,-0.0913037],[0.252244,0.85117,0.460308],[-0.0314878,-0.468218,0.883052]],[[0.963647,-0.264254,-0.039428],[0.263454,0.915253,0.3048],[-0.044458,-0.304107,0.9516]],[[0.963647,-0.264254,-0.039428],[0.266927,0.945783,0.185052],[-0.0116103,-0.188849,0.981938]],[[0.963647,-0.264254,-0.039428],[0.266842,0.959307,0.0923359],[0.0134234,-0.0995002,0.994947]]],"btipPosition":[-26.4983,350.208,-118.834],"carpPosition":[-30.4212,300.893,15.5864],"dipPosition":[-26.288,348.649,-103.245],"direction":[0.0116103,0.188849,-0.981938],"extended":true,"handId":262,"id":2621,"length":53.9285,"mcpPosition":[-28.2968,332.482,-43.9894],"pipPosition":[-26.5453,344.463,-81.4805],"stabilizedTipPosition":[-71.4006,296.947,44.7216],"timeVisible":4.00412,"tipPosition":[-26.5701,348.165,-115.473],"tipVelocity":[47.5444,58.6942,-221.521],"tool":false,"touchDistance":-0.641319,"touchZone":"hovering","type":1,"width":17.738},{"bases":[[[0.896738,-0.43992,-0.0482852],[0.411368,0.788322,0.457521],[-0.163208,-0.430139,0.887887]],[[0.894359,-0.445914,-0.0358167],[0.296301,0.650457,-0.699365],[0.335154,0.614871,0.713866]],[[0.894359,-0.445914,-0.0358167],[-0.194235,-0.314951,-0.92902],[0.402983,0.837834,-0.368291]],[[0.894359,-0.445914,-0.0358167],[-0.377905,-0.710249,-0.593914],[0.239396,0.544707,-0.803731]]],"btipPosition":[-38.2135,268.932,-50.0979],"carpPosition":[-19.2071,299.825,14.808],"dipPosition":[-34.0881,278.319,-63.9485],"direction":[-0.402983,-0.837834,0.368291],"extended":false,"handId":262,"id":2622,"length":61.4471,"mcpPosition":[-8.76514,327.345,-41.9986],"pipPosition":[-23.5794,300.167,-73.5525],"stabilizedTipPosition":[-70.6126,222.679,126.646],"timeVisible":4.00412,"tipPosition":[-37.2005,271.27,-54.1822],"tipVelocity":[8.51582,28.797,-185.466],"tool":false,"touchDistance":0.333333,"touchZone":"none","type":2,"width":17.4211},{"bases":[[[0.829367,-0.55659,0.0485494],[0.468973,0.740763,0.480972],[-0.303668,-0.376135,0.87539]],[[0.829005,-0.557038,0.0495931],[0.404077,0.535327,-0.741719],[0.386617,0.634928,0.668874]],[[0.829005,-0.557038,0.0495931],[-0.201739,-0.380583,-0.902473],[0.521586,0.73815,-0.427882]],[[0.829005,-0.557038,0.0495931],[-0.43825,-0.702178,-0.561145],[0.347402,0.443458,-0.826231]]],"btipPosition":[-26.2915,265.11,-38.6879],"carpPosition":[-8.69176,295.868,13.9765],"dipPosition":[-20.3391,272.708,-52.8444],"direction":[-0.521586,-0.73815,0.427882],"extended":false,"handId":262,"id":2623,"length":59.0831,"mcpPosition":[8.75184,317.474,-36.3085],"pipPosition":[-7.08891,291.459,-63.7141],"stabilizedTipPosition":[-53.9079,220.483,128.128],"timeVisible":4.00412,"tipPosition":[-24.7873,266.969,-42.9391],"tipVelocity":[1.37887,35.2216,-176.513],"tool":false,"touchDistance":0.333333,"touchZone":"none","type":3,"width":16.5772},{"bases":[[[0.699682,-0.711076,0.0693976],[0.563577,0.609015,0.558105],[-0.439119,-0.351385,0.826863]],[[0.715392,-0.697641,0.0388735],[0.501748,0.474203,-0.723451],[0.486275,0.537055,0.689281]],[[0.715392,-0.697641,0.0388735],[-0.257443,-0.314897,-0.913544],[0.649567,0.643534,-0.404877]],[[0.715392,-0.697641,0.0388735],[-0.543149,-0.590243,-0.597162],[0.43955,0.406091,-0.801178]]],"btipPosition":[-11.6147,269.096,-34.2063],"carpPosition":[-0.598276,285.787,12.186],"dipPosition":[-4.66682,275.514,-46.8703],"direction":[-0.649567,-0.643534,0.404877],"extended":false,"handId":262,"id":2624,"length":46.32,"mcpPosition":[22.7516,304.471,-31.7819],"pipPosition":[6.98387,287.057,-54.1322],"stabilizedTipPosition":[-40.3592,224.182,134.399],"timeVisible":4.00412,"tipPosition":[-9.8821,270.695,-37.8853],"tipVelocity":[-1.16292,37.4853,-177.985],"tool":false,"touchDistance":0.333333,"touchZone":"none","type":4,"width":14.7252}],"r":[[0.775242,-0.422735,0.469356],[0.426841,0.898319,0.104069],[-0.465625,0.119662,0.876855]],"s":0.899929,"t":[35.21,44.8824,-243.196],"timestamp":3081781511},false],[6,{"currentFrameRate":110.287,"devices":[],"gestures":[],"hands":[{"armBasis":[[0.901086,-0.0886384,-0.424485],[0.28493,0.858941,0.425483],[0.326894,-0.504345,0.799235]],"armWidth":58.4334,"confidence":0.594702,"direction":[0.234535,0.542742,-0.806489],"elbow":[64.4375,160.225,212.33],"grabStrength":0,"id":262,"palmNormal":[-0.244854,-0.769898,-0.589324],"palmPosition":[-12.4332,311.274,-28.165],"palmVelocity":[-2.90915,42.5257,-230.32],"palmWidth":83.4409,"pinchStrength":0.714178,"r":[[0.772769,-0.422058,0.47402],[0.426612,0.898386,0.104424],[-0.469926,0.121527,0.8743]],"s":0.904868,"sphereCenter":[-19.9873,290.155,-65.849],"sphereRadius":43.0282,"stabilizedPalmPosition":[-36.4221,263.606,149.561],"t":[35.19,45.2259,-245.413],"timeVisible":4.01322,"type":"right","wrist":[-16.5011,285.101,14.4401]}],"id":298559,"interactionBox":{"center":[0,200,0],"size":[235.247,235.247,147.751]},"pointables":[{"bases":[[[0.643331,0.659444,0.38892],[-0.739151,0.402657,0.539929],[0.199452,-0.634824,0.74647]],[[0.537415,0.835792,0.11241],[-0.77689,0.438811,0.451538],[0.328066,-0.329994,0.885142]],[[0.537415,0.835792,0.11241],[-0.828412,0.548156,-0.115143],[-0.157854,-0.0312422,0.986968]],[[0.537415,0.835792,0.11241],[-0.652451,0.496527,-0.572511],[-0.534315,0.234334,0.812155]]],"btipPosition":[-42.871,295.602,-78.9202],"carpPosition":[-44.2564,284.548,9.88787],"dipPosition":[-54.3384,300.631,-61.4898],"direction":[0.157854,0.0312422,-0.986968],"extended":false,"handId":262,"id":2620,"length":47.7925,"mcpPosition":[-44.2564,284.548,9.88787],"pipPosition":[-59.274,299.654,-30.6305],"stabilizedTipPosition":[-81.2098,233.108,133.057],"timeVisible":4.01322,"tipPosition":[-44.6955,295.741,-74.8572],"tipVelocity":[-1.27106,72.8763,-242.765],"tool":false,"touchDistance":-0.642322,"touchZone":"hovering","type":0,"width":18.5699},{"bases":[[[0.966789,-0.239796,-0.0884124],[0.253011,0.849109,0.46368],[-0.0361171,-0.47065,0.88158]],[[0.963207,-0.265991,-0.0384884],[0.264218,0.910939,0.316827],[-0.0492126,-0.315339,0.947702]],[[0.963207,-0.265991,-0.0384884],[0.268266,0.942824,0.19778],[-0.01632,-0.200828,0.97949]],[[0.963207,-0.265991,-0.0384884],[0.268615,0.957488,0.105181],[0.00887484,-0.11165,0.993708]]],"btipPosition":[-26.0082,351.574,-121.2],"carpPosition":[-30.6064,301.196,12.8939],"dipPosition":[-25.8691,349.824,-105.631],"direction":[0.01632,0.200828,-0.979491],"extended":true,"handId":262,"id":2621,"length":53.9285,"mcpPosition":[-28.1697,332.949,-46.5826],"pipPosition":[-26.2309,345.373,-83.9202],"stabilizedTipPosition":[-71.3423,297.017,44.513],"timeVisible":4.01322,"tipPosition":[-26.0995,349.462,-117.87],"tipVelocity":[48.79,82.6739,-232.302],"tool":false,"touchDistance":-0.641077,"touchZone":"hovering","type":1,"width":17.738},{"bases":[[[0.895628,-0.442394,-0.0462369],[0.411961,0.785805,0.4613],[-0.167743,-0.432201,0.886039]],[[0.893176,-0.448439,-0.0337486],[0.30028,0.650577,-0.697554],[0.334767,0.612905,0.715737]],[[0.893176,-0.448439,-0.0337486],[-0.19241,-0.313243,-0.929977],[0.406467,0.837127,-0.366066]],[[0.893176,-0.448439,-0.0337486],[-0.378099,-0.708205,-0.596227],[0.243471,0.545296,-0.802106]]],"btipPosition":[-38.2529,269.431,-52.8025],"carpPosition":[-19.3927,300.098,12.1539],"dipPosition":[-34.0572,278.829,-66.6251],"direction":[-0.406467,-0.837127,0.366066],"extended":false,"handId":262,"id":2622,"length":61.4471,"mcpPosition":[-8.66055,327.75,-44.5345],"pipPosition":[-23.4577,300.658,-76.171],"stabilizedTipPosition":[-70.6122,222.68,126.643],"timeVisible":4.01322,"tipPosition":[-37.2204,271.774,-56.8763],"tipVelocity":[5.44871,36.1009,-216.222],"tool":false,"touchDistance":0.333333,"touchZone":"none","type":2,"width":17.4211},{"bases":[[[0.827561,-0.559144,0.0500126],[0.46934,0.738012,0.484828],[-0.307998,-0.377752,0.873179]],[[0.827239,-0.559538,0.0509241],[0.405258,0.531448,-0.743861],[0.389155,0.635988,0.666392]],[[0.827239,-0.559538,0.0509241],[-0.203878,-0.383402,-0.900798],[0.523555,0.734792,-0.431243]],[[0.827239,-0.559538,0.0509241],[-0.440341,-0.701961,-0.559777],[0.348963,0.440645,-0.827077]]],"btipPosition":[-26.4175,265.537,-40.9858],"carpPosition":[-8.88586,296.112,11.3498],"dipPosition":[-20.4384,273.087,-55.1568],"direction":[-0.523555,-0.734792,0.431243],"extended":false,"handId":262,"id":2623,"length":59.0831,"mcpPosition":[8.80648,317.811,-38.8081],"pipPosition":[-7.13824,291.753,-66.112],"stabilizedTipPosition":[-53.9073,220.484,128.124],"timeVisible":4.01322,"tipPosition":[-24.8953,267.395,-45.3111],"tipVelocity":[-2.65582,38.1281,-197.665],"tool":false,"touchDistance":0.333333,"touchZone":"none","type":3,"width":16.5772},{"bases":[[[0.697351,-0.71331,0.0699377],[0.563275,0.605768,0.56193],[-0.443196,-0.352468,0.824223]],[[0.713144,-0.699896,0.0396466],[0.504933,0.473613,-0.721619],[0.486281,0.534637,0.691154]],[[0.713144,-0.699896,0.0396466],[-0.256331,-0.312987,-0.914513],[0.652473,0.642016,-0.40261]],[[0.713144,-0.699896,0.0396466],[-0.543362,-0.58761,-0.59956],[0.442926,0.40603,-0.799347]]],"btipPosition":[-11.7204,269.486,-36.822],"carpPosition":[-0.815141,286.012,9.56032],"dipPosition":[-4.71919,275.904,-49.457],"direction":[-0.652473,-0.642016,0.40261],"extended":false,"handId":262,"id":2624,"length":46.32,"mcpPosition":[22.7516,304.755,-34.2672],"pipPosition":[6.98361,287.419,-56.6783],"stabilizedTipPosition":[-40.3584,224.183,134.395],"timeVisible":4.01322,"tipPosition":[-9.97238,271.083,-40.4949],"tipVelocity":[-3.68684,38.9646,-208.1],"tool":false,"touchDistance":0.333333,"touchZone":"none","type":4,"width":14.7252}],"r":[[0.772769,-0.4