{"sensorType":"Leap","data":[[0,{"currentFrameRate":106.06,"devices":[],"gestures":[],"hands":[{"armBasis":[[0.862663,-0.0763331,-0.499986],[0.31949,0.848592,0.421685],[0.392096,-0.523512,0.756436]],"armWidth":58.4334,"confidence":0.715845,"direction":[0.274675,0.421545,-0.864207],"elbow":[83.2663,159.803,220.845],"grabStrength":0,"id":264,"palmNormal":[-0.298208,-0.817113,-0.493354],"palmPosition":[-7.78579,309.811,-11.8878],"palmVelocity":[-22.4215,30.3473,-99.0471],"palmWidth":83.4409,"pinchStrength":0.70581,"r":[[0.670428,-0.3063,0.675801],[0.408884,0.912552,0.00797225],[-0.619145,0.270979,0.737041]],"s":1.13626,"sphereCenter":[-31.0932,294.746,-46.5204],"sphereRadius":44.1665,"stabilizedPalmPosition":[-4.99448,282.324,30.8745],"t":[67.7144,148.597,-183.719],"timeVisible":6.57118,"type":"right","wrist":[-13.8163,289.424,33.5522]}],"id":299745,"interactionBox":{"center":[0,200,0],"size":[235.247,235.247,147.751]},"pointables":[{"bases":[[[0.688165,0.654872,0.312364],[-0.709516,0.517376,0.478444],[0.15171,-0.550876,0.820682]],[[0.568325,0.821541,-0.045585],[-0.7259,0.526706,0.442323],[0.387396,-0.218293,0.895696]],[[0.568325,0.821541,-0.045585],[-0.802463,0.541181,-0.251347],[-0.181822,0.179427,0.966823]],[[0.568325,0.821541,-0.045585],[-0.580674,0.361214,-0.729618],[-0.582945,0.44113,0.682334]]],"btipPosition":[-41.0669,285.204,-57.0783],"carpPosition":[-41.5295,290.289,28.7968],"dipPosition":[-53.578,294.671,-42.4342],"direction":[0.181822,-0.179427,-0.966823],"extended":false,"handId":264,"id":2640,"length":47.7925,"mcpPosition":[-41.5295,290.289,28.7968],"pipPosition":[-59.263,300.282,-12.2047],"stabilizedTipPosition":[-49.0148,248.714,20.4271],"timeVisible":6.57118,"tipPosition":[-44.238,287.537,-53.6204],"tipVelocity":[-8.97307,2.57845,-94.7012],"tool":false,"touchDistance":-0.419195,"touchZone":"touching","type":0,"width":18.5699},{"bases":[[[0.947267,-0.316865,-0.0477707],[0.312308,0.879511,0.35906],[-0.0717587,-0.355045,0.932091]],[[0.948159,-0.26519,-0.175124],[0.294998,0.939401,0.174647],[0.118197,-0.217254,0.968932]],[[0.948159,-0.26519,-0.175124],[0.277878,0.95921,0.0519628],[0.1542,-0.0979322,0.983174]],[[0.948159,-0.26519,-0.175124],[0.262137,0.964169,-0.0407757],[0.179662,-0.00724448,0.983702]]],"btipPosition":[-32.7742,340.966,-108.37],"carpPosition":[-26.726,306.169,29.8932],"dipPosition":[-29.9593,340.852,-92.9571],"direction":[-0.1542,0.0979322,-0.983174],"extended":true,"handId":264,"id":2641,"length":53.9285,"mcpPosition":[-21.8847,330.122,-32.991],"pipPosition":[-26.5414,338.682,-71.165],"stabilizedTipPosition":[-34.3036,310.997,-40.8712],"timeVisible":6.57118,"tipPosition":[-32.364,339.642,-104.885],"tipVelocity":[-13.139,22.447,-109.102],"tool":false,"touchDistance":-0.441637,"touchZone":"touching","type":1,"width":17.738},{"bases":[[[0.86165,-0.507181,0.0180911],[0.466307,0.805271,0.366191],[-0.200293,-0.307092,0.930364]],[[0.860266,-0.509261,0.024426],[0.295019,0.458142,-0.838492],[0.41582,0.728532,0.544366]],[[0.860266,-0.509261,0.024426],[-0.251059,-0.464824,-0.849063],[0.443748,0.724288,-0.527726]],[[0.860266,-0.509261,0.024426],[-0.433698,-0.756129,-0.490076],[0.268046,0.411002,-0.871337]]],"btipPosition":[-37.3745,265.669,-25.3922],"carpPosition":[-15.6185,304.194,29.4166],"dipPosition":[-32.7553,272.752,-40.4078],"direction":[-0.443748,-0.724288,0.527726],"extended":false,"handId":264,"id":2642,"length":61.4471,"mcpPosition":[-2.80378,323.842,-30.1077],"pipPosition":[-21.1836,291.64,-54.1694],"stabilizedTipPosition":[-33.8357,232.774,22.9675],"timeVisible":6.57118,"tipPosition":[-36.2054,267.483,-28.5659],"tipVelocity":[-15.4364,18.507,-89.6014],"tool":false,"touchDistance":0.333333,"touchZone":"none","type":2,"width":17.4211},{"bases":[[[0.785163,-0.606096,0.127148],[0.520054,0.756778,0.396019],[-0.336248,-0.244816,0.909397]],[[0.795087,-0.598319,0.0992521],[0.377642,0.360344,-0.852959],[0.474576,0.715658,0.512455]],[[0.795087,-0.598319,0.0992521],[-0.26786,-0.493242,-0.827625],[0.544139,0.631449,-0.552436]],[[0.795087,-0.598319,0.0992521],[-0.48922,-0.729423,-0.478128],[0.35847,0.331597,-0.872664]]],"btipPosition":[-25.5179,262.422,-15.0273],"carpPosition":[-5.42322,299.404,29.2218],"dipPosition":[-19.3759,268.104,-29.9794],"direction":[-0.544139,-0.631449,0.552436],"extended":false,"handId":264,"id":2643,"length":59.0831,"mcpPosition":[13.8919,313.467,-23.0166],"pipPosition":[-5.55277,284.145,-44.0133],"stabilizedTipPosition":[-20.5057,234.535,23.2386],"timeVisible":6.57118,"tipPosition":[-24.0443,263.929,-18.065],"tipVelocity":[-14.8678,23.9372,-88.153],"tool":false,"touchDistance":0.333333,"touchZone":"none","type":3,"width":16.5772},{"bases":[[[0.644175,-0.747012,0.164353],[0.604081,0.628673,0.489751],[-0.469174,-0.216203,0.856231]],[[0.66934,-0.733791,0.116342],[0.489626,0.317892,-0.811918],[0.558794,0.600413,0.572061]],[[0.66934,-0.733791,0.116342],[-0.297309,-0.408054,-0.863191],[0.680875,0.543179,-0.49129]],[[0.66934,-0.733791,0.116342],[-0.574305,-0.61036,-0.545559],[0.471337,0.298348,-0.829958]]],"btipPosition":[-10.9283,266.183,-13.3779],"carpPosition":[1.90538,288.614,28.7703],"dipPosition":[-3.47803,270.899,-26.4968],"direction":[-0.680875,-0.543179,0.49129],"extended":false,"handId":264,"id":2644,"length":46.32,"mcpPosition":[26.8534,300.11,-16.7592],"pipPosition":[8.7342,280.642,-35.3086],"stabilizedTipPosition":[-6.17496,237.025,26.1364],"timeVisible":6.57118,"tipPosition":[-9.1692,267.469,-16.2992],"tipVelocity":[-15.4115,27.1265,-83.4409],"tool":false,"touchDistance":0.333333,"touchZone":"none","type":4,"width":14.7252}],"r":[[0.670428,-0.3063,0.675801],[0.408884,0.912552,0.00797225],[-0.619145,0.270979,0.737041]],"s":1.13626,"t":[67.7144,148.597,-183.719],"timestamp":3092699920},false],[1,{"currentFrameRate":106.257,"devices":[],"gestures":[],"hands":[{"armBasis":[[0.862602,-0.0792896,-0.499631],[0.319584,0.851015,0.416701],[0.392154,-0.519121,0.759427]],"armWidth":58.4334,"confidence":0.719765,"direction":[0.27658,0.4211,-0.863816],"elbow":[83.0382,161.175,220.44],"grabStrength":0,"id":264,"palmNormal":[-0.296696,-0.817549,-0.493543],"palmPosition":[-7.92726,310.068,-13.032],"palmVelocity":[-20.5485,29.8181,-106.602],"palmWidth":83.4409,"pinchStrength":0.707065,"r":[[0.670079,-0.303641,0.677345],[0.40788,0.913017,0.00578361],[-0.620184,0.2724,0.735643]],"s":1.13708,"sphereCenter":[-31.2677,295.138,-47.7053],"sphereRadius":44.2237,"stabilizedPalmPosition":[-5.01091,282.479,30.6285],"t":[67.567,148.875,-184.768],"timeVisible":6.58023,"type":"right","wrist":[-14.0586,289.708,32.4065]}],"id":299746,"interactionBox":{"center":[0,200,0],"size":[235.247,235.247,147.751]},"pointables":[{"bases":[[[0.687151,0.655349,0.313594],[-0.710869,0.517398,0.476408],[0.14996,-0.550288,0.821398]],[[0.567993,0.821803,-0.0449836],[-0.727697,0.526983,0.439029],[0.384501,-0.216631,0.897346]],[[0.567993,0.821803,-0.0449836],[-0.801897,0.540272,-0.255084],[-0.185325,0.180958,0.965872]],[[0.567993,0.821803,-0.0449836],[-0.580324,0.361139,-0.729933],[-0.583616,0.440702,0.682037]]],"btipPosition":[-41.0416,285.359,-58.3305],"carpPosition":[-41.7607,290.559,27.584],"dipPosition":[-53.5671,294.817,-43.6927],"direction":[0.185325,-0.180958,-0.965872],"extended":false,"handId":264,"id":2640,"length":47.7925,"mcpPosition":[-41.7607,290.559,27.584],"pipPosition":[-59.3616,300.475,-13.493],"stabilizedTipPosition":[-49.0127,248.73,20.3953],"timeVisible":6.58023,"tipPosition":[-44.2243,287.707,-54.8637],"tipVelocity":[-5.82802,6.5302,-106.791],"tool":false,"touchDistance":-0.424414,"touchZone":"touching","type":0,"width":18.5699},{"bases":[[[0.947505,-0.316515,-0.0452938],[0.311094,0.879867,0.359243],[-0.0738534,-0.354475,0.932144]],[[0.94867,-0.264836,-0.172878],[0.294662,0.938696,0.178954],[0.114886,-0.220709,0.96855]],[[0.94867,-0.264836,-0.172878],[0.277996,0.958918,0.05652],[0.150807,-0.101678,0.98332]],[[0.94867,-0.264836,-0.172878],[0.262581,0.96423,-0.0362107],[0.176284,-0.0110425,0.984277]]],"btipPosition":[-32.6146,341.482,-109.558],"carpPosition":[-26.9662,306.445,28.7058],"dipPosition":[-29.8526,341.309,-94.1363],"direction":[-0.150807,0.101678,-0.98332],"extended":true,"handId":264,"id":2641,"length":53.9285,"mcpPosition":[-21.9836,330.36,-34.1821],"pipPosition":[-26.5099,339.056,-72.341],"stabilizedTipPosition":[-34.2978,311.073,-41.0331],"timeVisible":6.58023,"tipPosition":[-32.2241,340.139,-106.076],"tipVelocity":[-5.01886,31.589,-115.161],"tool":false,"touchDistance":-0.443598,"touchZone":"touching","type":1,"width":17.738},{"bases":[[[0.861806,-0.506823,0.0204848],[0.465105,0.805693,0.366791],[-0.202403,-0.306575,0.930078]],[[0.860397,-0.508916,0.026868],[0.297059,0.457987,-0.837857],[0.414093,0.728871,0.545228]],[[0.860397,-0.508916,0.026868],[-0.248446,-0.464899,-0.84979],[0.444962,0.724481,-0.526436]],[[0.860397,-0.508916,0.026868],[-0.431976,-0.756262,-0.491391],[0.270396,0.411185,-0.870524]]],"btipPosition":[-37.4737,265.894,-26.6192],"carpPosition":[-15.8568,304.475,28.2571],"dipPosition":[-32.814,272.98,-41.6208],"direction":[-0.444962,-0.724481,0.526436],"extended":false,"handId":264,"id":2642,"length":61.4471,"mcpPosition":[-2.90715,324.089,-31.2489],"pipPosition":[-21.2107,291.872,-55.3488],"stabilizedTipPosition":[-33.8391,232.82,22.8971],"timeVisible":6.58023,"tipPosition":[-36.2967,267.707,-29.783],"tipVelocity":[-13.9179,20.2642,-102.188],"tool":false,"touchDistance":0.333333,"touchZone":"none","type":2,"width":17.4211},{"bases":[[[0.785098,-0.605699,0.129421],[0.5188,0.75724,0.396779],[-0.338332,-0.244367,0.908744]],[[0.795133,-0.597896,0.101408],[0.378864,0.359186,-0.852905],[0.473524,0.716593,0.512122]],[[0.795133,-0.597896,0.101408],[-0.266162,-0.494321,-0.827529],[0.544905,0.631005,-0.552188]],[[0.795133,-0.597896,0.101408],[-0.487881,-0.730002,-0.478612],[0.360188,0.331085,-0.872151]]],"btipPosition":[-25.64,262.663,-16.1232],"carpPosition":[-5.65919,299.689,28.0898],"dipPosition":[-19.4685,268.335,-31.0666],"direction":[-0.544905,-0.631005,0.552188],"extended":false,"handId":264,"id":2643,"length":59.0831,"mcpPosition":[13.7756,313.726,-24.1111],"pipPosition":[-5.62597,284.365,-45.0942],"stabilizedTipPosition":[-20.5129,234.592,23.1562],"timeVisible":6.58023,"tipPosition":[-24.1594,264.164,-19.1957],"tipVelocity":[-14.2818,24.6066,-97.1809],"tool":false,"touchDistance":0.333333,"touchZone":"none","type":3,"width":16.5772},{"bases":[[[0.644078,-0.746647,0.166378],[0.602653,0.62923,0.490795],[-0.471141,-0.215842,0.855242]],[[0.669438,-0.733396,0.118249],[0.491367,0.317769,-0.810914],[0.557145,0.60096,0.573093]],[[0.669438,-0.733396,0.118249],[-0.29496,-0.408508,-0.863782],[0.6818,0.54337,-0.489793]],[[0.669438,-0.733396,0.118249],[-0.572611,-0.610839,-0.546802],[0.473254,0.298339,-0.82887]]],"btipPosition":[-11.0478,266.43,-14.5103],"carpPosition":[1.67478,288.901,27.6629],"dipPosition":[-3.56717,271.146,-27.612],"direction":[-0.6818,-0.54337,0.489793],"extended":false,"handId":264,"id":2644,"length":46.32,"mcpPosition":[26.7274,300.379,-17.8141],"pipPosition":[8.66165,280.892,-36.3969],"stabilizedTipPosition":[-6.18317,237.104,26.0226],"timeVisible":6.58023,"tipPosition":[-9.28309,267.716,-17.4259],"tipVelocity":[-14.5884,27.1725,-94.8197],"tool":false,"touchDistance":0.333333,"touchZone":"none","type":4,"width":14.7252}],"r":[[0.670079,-0.303641,0.677345],[0.40788,0.913017,0.00578361],[-0.620184,0.2724,0.735643]],"s":1.13708,"t":[67.567,148.875,-184.768],"timestamp":3092708970},false],[2,{"currentFrameRate":106.385,"devices":[],"gestures":[],"hands":[{"armBasis":[[0.864337,-0.0829896,-0.496018],[0.319944,0.851701,0.41502],[0.388017,-0.517415,0.762709]],"armWidth":58.4334,"confidence":0.712828,"direction":[0.278344,0.419,-0.864271],"elbow":[81.9084,161.817,220.357],"grabStrength":0,"id":264,"palmNormal":[-0.296796,-0.818272,-0.492284],"palmPosition":[-7.94181,310.187,-13.9602],"palmVelocity":[-15.262,25.1088,-105.12],"palmWidth":83.4409,"pinchStrength":0.708762,"r":[[0.669526,-0.301366,0.678906],[0.407268,0.913301,0.00377353],[-0.621182,0.27397,0.734216]],"s":1.13799,"sphereCenter":[-31.4065,295.409,-48.6332],"sphereRadius":44.2935,"stabilizedPalmPosition":[-5.02339,282.597,30.4387],"t":[67.4861,149.073,-185.757],"timeVisible":6.5894,"type":"right","wrist":[-14.1641,289.929,31.5114]}],"id":299747,"interactionBox":{"center":[0,200,0],"size":[235.247,235.247,147.751]},"pointables":[{"bases":[[[0.687356,0.655287,0.313274],[-0.711056,0.519138,0.474232],[0.148126,-0.548722,0.822778]],[[0.568816,0.821174,-0.0460593],[-0.728131,0.528826,0.436083],[0.382458,-0.214514,0.898727]],[[0.568816,0.821174,-0.0460593],[-0.800753,0.540148,-0.25891],[-0.187731,0.184154,0.964803]],[[0.568816,0.821174,-0.0460593],[-0.57882,0.359898,-0.731738],[-0.584308,0.442884,0.680027]]],"btipPosition":[-40.9552,285.354,-59.2565],"carpPosition":[-41.8578,290.798,26.6447],"dipPosition":[-53.4955,294.859,-44.6618],"direction":[0.187731,-0.184154,-0.964803],"extended":false,"handId":264,"id":2640,"length":47.7925,"mcpPosition":[-41.8578,290.798,26.6447],"pipPosition":[-59.3653,300.617,-14.4955],"stabilizedTipPosition":[-49.0112,248.741,20.3734],"timeVisible":6.5894,"tipPosition":[-44.1501,287.731,-55.8042],"tipVelocity":[-1.67636,4.8943,-105.492],"tool":false,"touchDistance":-0.424345,"touchZone":"touching","type":0,"width":18.5699},{"bases":[[[0.947242,-0.317599,-0.0431773],[0.311464,0.880292,0.357876],[-0.0756523,-0.352443,0.93277]],[[0.948619,-0.265923,-0.171485],[0.295751,0.937816,0.18175],[0.11249,-0.223128,0.968277]],[[0.948619,-0.265923,-0.171485],[0.279441,0.958301,0.0597641],[0.148442,-0.104613,0.983372]],[[0.948619,-0.265923,-0.171485],[0.264274,0.96389,-0.0328035],[0.174016,-0.0142012,0.98464]]],"btipPosition":[-32.3931,341.781,-110.546],"carpPosition":[-27.0484,306.671,27.7558],"dipPosition":[-29.6666,341.559,-95.1189],"direction":[-0.148442,0.104613,-0.983372],"extended":true,"handId":264,"id":2641,"length":53.9285,"mcpPosition":[-21.9445,330.449,-35.1743],"pipPosition":[-26.3764,339.24,-73.3224],"stabilizedTipPosition":[-34.2928,311.134,-41.1648],"timeVisible":6.5894,"tipPosition":[-32.0098,340.416,-107.068],"tipVelocity":[2.87074,31.5203,-113.081],"tool":false,"touchDistance":-0.442376,"touchZone":"touching","type":1,"width":17.738},{"bases":[[[0.861243,-0.507679,0.0228681],[0.465386,0.805974,0.365816],[-0.204148,-0.304414,0.930406]],[[0.859814,-0.509766,0.0292841],[0.298928,0.456043,-0.838252],[0.413958,0.729495,0.544496]],[[0.859814,-0.509766,0.0292841],[-0.247395,-0.466075,-0.849452],[0.446671,0.723127,-0.526852]],[[0.859814,-0.509766,0.0292841],[-0.431856,-0.756609,-0.490961],[0.272432,0.409489,-0.870689]]],"btipPosition":[-37.5193,266.006,-27.5229],"carpPosition":[-15.9404,304.688,27.3283],"dipPosition":[-32.8245,273.063,-42.5274],"direction":[-0.446671,-0.723127,0.526852],"extended":false,"handId":264,"id":2642,"length":61.4471,"mcpPosition":[-2.87912,324.164,-32.1987],"pipPosition":[-21.1766,291.92,-56.2661],"stabilizedTipPosition":[-33.8416,232.854,22.8449],"timeVisible":6.5894,"tipPosition":[-36.335,267.811,-30.6856],"tipVelocity":[-11.1801,17.8162,-101.212],"tool":false,"touchDistance":0.333333,"touchZone":"none","type":2,"width":17.4211},{"bases":[[[0.784264,-0.606246,0.131894],[0.518984,0.757528,0.395988],[-0.339979,-0.242108,0.908734]],[[0.794365,-0.5985,0.103838],[0.380211,0.356577,-0.8534],[0.473734,0.717391,0.510809]],[[0.794365,-0.5985,0.103838],[-0.265634,-0.495994,-0.826698],[0.546282,0.629116,-0.552982]],[[0.794365,-0.5985,0.103838],[-0.487942,-0.730516,-0.477765],[0.361798,0.328853,-0.872329]]],"btipPosition":[-25.7049,262.789,-16.9487],"carpPosition":[-5.74761,299.891,27.1867],"dipPosition":[-19.5059,268.423,-31.8951],"direction":[-0.546282,-0.629116,0.552982],"extended":false,"handId":264,"id":2643,"length":59.0831,"mcpPosition":[13.7818,313.799,-25.0136],"pipPosition":[-5.62836,284.405,-45.9429],"stabilizedTipPosition":[-20.5183,234.634,23.0934],"timeVisible":6.5894,"tipPosition":[-24.2176,264.279,-20.0435],"tipVelocity":[-12.0827,21.3141,-95.2222],"tool":false,"touchDistance":0.333333,"touchZone":"none","type":3,"width":16.5772},{"bases":[[[0.64304,-0.746969,0.168929],[0.602559,0.629627,0.4904],[-0.472676,-0.213557,0.854968]],[[0.668566,-0.7338,0.120656],[0.492638,0.315487,-0.811034],[0.557071,0.601669,0.572421]],[[0.668566,-0.7338,0.120656],[-0.294211,-0.41001,-0.863326],[0.682979,0.541692,-0.49001]],[[0.668566,-0.7338,0.120656],[-0.572393,-0.611359,-0.546449],[0.474748,0.296274,-0.828756]]],"btipPosition":[-11.1075,266.542,-15.3411],"carpPosition":[1.57571,289.095,26.7936],"dipPosition":[-3.60332,271.226,-28.441],"direction":[-0.682979,-0.541692,0.49001],"extended":false,"handId":264,"id":2644,"length":46.32,"mcpPosition":[26.71,300.451,-18.6688],"pipPosition":[8.64663,280.941,-37.2299],"stabilizedTipPosition":[-6.18943,237.164,25.9358],"timeVisible":6.5894,"tipPosition":[-9.3372,267.82,-18.2624],"tipVelocity":[-12.1743,22.7766,-93.6479],"tool":false,"touchDistance":0.333333,"touchZone":"none","type":4,"width":14.7252}],"r":[[0.669526,-0.301366,0.678906],[0.407268,0.913301,0.00377353],[-0.621182,0.27397,0.734216]],"s":1.13799,"t":[67.4861,149.073,-185.757],"timestamp":3092718134},false],[3,{"currentFrameRate":106.678,"devices":[],"gestures":[],"hands":[{"armBasis":[[0.863002,-0.0897981,-0.497156],[0.324352,0.852958,0.408972],[0.387328,-0.514197,0.765231]],"armWidth":58.4334,"confidence":0.720335,"direction":[0.280789,0.416788,-0.864549],"elbow":[81.593,162.692,219.963],"grabStrength":0,"id":264,"palmNormal":[-0.299537,-0.817741,-0.491506],"palmPosition":[-7.96505,310.182,-14.9997],"palmVelocity":[-11.8469,18.1707,-108.502],"palmWidth":83.4409,"pinchStrength":0.708936,"r":[[0.668719,-0.299892,0.680352],[0.407494,0.913206,0.00200503],[-0.621903,0.275899,0.732882]],"s":1.13905,"sphereCenter":[-31.625,295.658,-49.6707],"sphereRadius":44.3692,"stabilizedPalmPosition":[-5.03212,282.679,30.3038],"t":[67.434,149.169,-186.771],"timeVisible":6.59823,"type":"right","wrist":[-14.309,290.007,30.4921]}],"id":299748,"interactionBox":{"center":[0,200,0],"size":[235.247,235.247,147.751]},"pointables":[{"bases":[[[0.689623,0.652997,0.313073],[-0.709461,0.522529,0.472893],[0.145208,-0.548232,0.823624]],[[0.57219,0.818812,-0.0463257],[-0.726677,0.53237,0.434191],[0.380184,-0.214776,0.899629]],[[0.57219,0.818812,-0.0463257],[-0.798148,0.542982,-0.261017],[-0.18857,0.186326,0.964222]],[[0.57219,0.818812,-0.0463257],[-0.57676,0.361598,-0.732526],[-0.58305,0.445863,0.679161]]],"btipPosition":[-40.9886,285.415,-60.3074],"carpPosition":[-41.9946,290.978,25.5983],"dipPosition":[-53.502,294.984,-45.7313],"direction":[0.18857,-0.186326,-0.964222],"extended":false,"handId":264,"id":2640,"length":47.7925,"mcpPosition":[-41.9946,290.978,25.5983],"pipPosition":[-59.398,300.81,-15.5832],"stabilizedTipPosition":[-49.0102,248.749,20.3587],"timeVisible":6.59823,"tipPosition":[-44.1846,287.804,-56.8583],"tipVelocity":[-2.0569,5.87815,-109.253],"tool":false,"touchDistance":-0.426071,"touchZone":"touching","type":0,"width":18.5699},{"bases":[[[0.946031,-0.321359,-0.0418775],[0.314573,0.87953,0.357032],[-0.0779027,-0.350937,0.933153]],[[0.94769,-0.269557,-0.170948],[0.299618,0.935906,0.185227],[0.110062,-0.226757,0.967713]],[[0.94769,-0.269557,-0.170948],[0.283705,0.956765,0.0641217],[0.146273,-0.109266,0.983191]],[[0.94769,-0.269557,-0.170948],[0.268809,0.962788,-0.0279549],[0.172122,-0.0194599,0.984883]]],"btipPosition":[-32.1437,342.132,-111.603],"carpPosition":[-27.1243,306.795,26.7029],"dipPosition":[-29.4469,341.827,-96.1714],"direction":[-0.146273,0.109266,-0.983191],"extended":true,"handId":264,"id":2641,"length":53.9285,"mcpPosition":[-21.8685,330.471,-36.253],"pipPosition":[-26.2047,339.405,-74.3789],"stabilizedTipPosition":[-34.2883,311.183,-41.2712],"timeVisible":6.59823,"tipPosition":[-31.7701,340.733,-108.129],"tipVelocity":[9.51637,33.1497,-114.799],"tool":false,"touchDistance":-0.442304,"touchZone":"touching","type":1,"width":17.738},{"bases":[[[0.859227,-0.511015,0.0243325],[0.468195,0.80462,0.365212],[-0.206207,-0.302408,0.930606]],[[0.857781,-0.513094,0.0307677],[0.301507,0.453768,-0.838563],[0.4163,0.72858,0.543935]],[[0.857781,-0.513094,0.0307677],[-0.248354,-0.466112,-0.849152],[0.450036,0.720745,-0.527251]],[[0.857781,-0.513094,0.0307677],[-0.434298,-0.755468,-0.490564],[0.274949,0.407434,-0.870862]]],"btipPosition":[-37.7055,266.095,-28.5375],"carpPosition":[-16.0237,304.768,26.2883],"dipPosition":[-32.9674,273.117,-43.5449],"direction":[-0.450036,-0.720745,0.527251],"extended":false,"handId":264,"id":2642,"length":61.4471,"mcpPosition":[-2.83065,324.116,-33.2515],"pipPosition":[-21.2317,291.912,-57.2941],"stabilizedTipPosition":[-33.8435,232.878,22.8076],"timeVisible":6.59823,"tipPosition":[-36.511,267.892,-31.7026],"tipVelocity":[-13.5492,15.4896,-104.91],"tool":false,"touchDistance":0.333333,"touchZone":"none","type":2,"width":17.4211},{"bases":[[[0.781761,-0.609139,0.133413],[0.521575,0.756004,0.395497],[-0.341773,-0.2396,0.908726]],[[0.791915,-0.601472,0.105367],[0.381919,0.353235,-0.854027],[0.476454,0.716558,0.509446]],[[0.791915,-0.601472,0.105367],[-0.267226,-0.496515,-0.825871],[0.549055,0.625863,-0.553926]],[[0.791915,-0.601472,0.105367],[-0.490488,-0.729342,-0.47695],[0.363721,0.326023,-0.872592]]],"btipPosition":[-25.9187,262.85,-17.8882],"carpPosition":[-5.84961,299.931,26.1625],"dipPosition":[-19.6868,268.436,-32.839],"direction":[-0.549055,-0.625863,0.553926],"extended":false,"handId":264,"id":2643,"length":59.0831,"mcpPosition":[13.7829,313.694,-26.0374],"pipPosition":[-5.73875,284.335,-46.9108],"stabilizedTipPosition":[-20.5224,234.665,23.0477],"timeVisible":6.59823,"tipPosition":[-24.4219,264.323,-21.0167],"tipVelocity":[-15.1249,17.0776,-98.2505],"tool":false,"touchDistance":0.333333,"touchZone":"none","type":3,"width":16.5772},{"bases":[[[0.639953,-0.74926,0.170497],[0.60456,0.627899,0.490153],[-0.474307,-0.210599,0.854799]],[[0.665628,-0.736223,0.122128],[0.494593,0.312645,-0.810944],[0.558853,0.600191,0.572236]],[[0.665628,-0.736223,0.122128],[-0.294866,-0.409785,-0.863209],[0.68556,0.538565,-0.489852]],[[0.665628,-0.736223,0.122128],[-0.574126,-0.609723,-0.546459],[0.476779,0.293622,-0.828534]]],"btipPosition":[-11.301,266.542,-16.3358],"carpPosition":[1.43176,289.106,25.7902],"dipPosition":[-3.76464,271.183,-29.4322],"direction":[-0.68556,-0.538565,0.489852],"extended":false,"handId":264,"id":2644,"length":46.32,"mcpPosition":[26.6527,300.304,-19.6632],"pipPosition":[8.53162,280.843,-38.2182],"stabilizedTipPosition":[-6.19408,237.206,25.8735],"timeVisible":6.59823,"tipPosition":[-9.52303,267.809,-19.2547],"tipVelocity":[-14.5747,16.3071,-98.7373],"tool":false,"touchDistance":0.333333,"touchZone":"none","type":4,"width":14.7252}],"r":[[0.668719,-0.299892,0.680352],[0.407494,0.913206,0.00200503],[-0.621903,0.275899,0.732882]],"s":1.13905,"t":[67.434,149.169,-186.771],"timestamp":3092726971},false],[4,{"currentFrameRate":106.746,"devices":[],"gestures":[],"hands":[{"armBasis":[[0.862501,-0.0947563,-0.497104],[0.327156,0.853841,0.404877],[0.386083,-0.511837,0.767439]],"armWidth":58.4334,"confidence":0.72177,"direction":[0.283098,0.415785,-0.864279],"elbow":[81.137,163.262,219.527],"grabStrength":0,"id":264,"palmNormal":[-0.300936,-0.817126,-0.491673],"palmPosition":[-7.9959,310.136,-15.9793],"palmVelocity":[-9.45689,11.686,-107.796],"palmWidth":83.4409,"pinchStrength":0.707894,"r":[[0.667724,-0.29901,0.681717],[0.408146,0.912917,0.000648969],[-0.622545,0.277807,0.731615]],"s":1.14032,"sphereCenter":[-31.8368,295.904,-50.6734],"sphereRadius":44.4554,"stabilizedPalmPosition":[-5.03847,282.738,30.2046],"t":[67.3925,149.195,-187.768],"timeVisible":6.60748,"type":"right","wrist":[-14.4569,289.993,29.5098]}],"id":299749,"interactionBox":{"center":[0,200,0],"size":[235.247,235.247,147.751]},"pointables":[{"bases":[[[0.690852,0.651322,0.313852],[-0.70879,0.524506,0.47171],[0.142618,-0.548337,0.824006]],[[0.574639,0.81716,-0.0451686],[-0.726348,0.534654,0.431931],[0.377106,-0.215397,0.900775]],[[0.574639,0.81716,-0.0451686],[-0.795967,0.545196,-0.263056],[-0.190333,0.187115,0.963723]],[[0.574639,0.81716,-0.0451686],[-0.575818,0.364471,-0.731843],[-0.58157,0.446555,0.679974]]],"btipPosition":[-40.9626,285.459,-61.384],"carpPosition":[-42.1329,291.034,24.576],"dipPosition":[-53.4442,295.043,-46.7905],"direction":[0.190333,-0.187115,-0.963723],"extended":false,"handId":264,"id":2640,"length":47.7925,"mcpPosition":[-42.1329,291.034,24.576],"pipPosition":[-59.3953,300.894,-16.6579],"stabilizedTipPosition":[-49.0095,248.754,20.3482],"timeVisible":6.60748,"tipPosition":[-44.1625,287.838,-57.9159],"tipVelocity":[-0.467194,5.67291,-111.16],"tool":false,"touchDistance":-0.427886,"touchZone":"touching","type":0,"width":18.5699},{"bases":[[[0.94526,-0.323805,-0.0404198],[0.316324,0.878833,0.357201],[-0.0801411,-0.350433,0.933153]],[[0.947188,-0.271687,-0.170355],[0.302194,0.933979,0.190687],[0.107301,-0.232097,0.966756]],[[0.947188,-0.271687,-0.170355],[0.286734,0.955408,0.0705548],[0.14359,-0.115675,0.982854]],[[0.947188,-0.271687,-0.170355],[0.272163,0.962022,-0.0210084],[0.169593,-0.0264655,0.985159]]],"btipPosition":[-31.8839,342.577,-112.568],"carpPosition":[-27.2234,306.812,25.6968],"dipPosition":[-29.2267,342.163,-97.1323],"direction":[-0.14359,0.115675,-0.982854],"extended":true,"handId":264,"id":2641,"length":53.9285,"mcpPosition":[-21.8166,330.455,-37.259],"pipPosition":[-26.0441,339.599,-75.3473],"stabilizedTipPosition":[-34.2839,311.229,-41.3713],"timeVisible":6.60748,"tipPosition":[-31.5218,341.129,-109.102],"tipVelocity":[14.4591,36.6103,-111.855],"tool":false,"touchDistance":-0.440869,"touchZone":"touching","type":1,"width":17.738},{"bases":[[[0.857874,-0.513216,0.0257263],[0.469741,0.803531,0.365625],[-0.208317,-0.301576,0.930407]],[[0.856405,-0.5153,0.0321926],[0.303822,0.452562,-0.838379],[0.417447,0.727773,0.544136]],[[0.856405,-0.5153,0.0321926],[-0.248324,-0.465765,-0.849352],[0.452665,0.719395,-0.526845]],[[0.856405,-0.5153,0.0321926],[-0.4355,-0.754458,-0.491053],[0.277327,0.40652,-0.870535]]],"btipPosition":[-37.8346,266.117,-29.5393],"carpPosition":[-16.1276,304.757,25.2989],"dipPosition":[-33.0555,273.123,-44.5411],"direction":[-0.452665,-0.719395,0.526845],"extended":false,"handId":264,"id":2642,"length":61.4471,"mcpPosition":[-2.79954,324.051,-34.2282],"pipPosition":[-21.2513,291.883,-58.2797],"stabilizedTipPosition":[-33.845,232.895,22.7795],"timeVisible":6.60748,"tipPosition":[-36.6304,267.91,-32.7095],"tipVelocity":[-13.3804,11.698,-105.847],"tool":false,"touchDistance":0.333333,"touchZone":"none","type":2,"width":17.4211},{"bases":[[[0.779999,-0.611105,0.134727],[0.522952,0.754787,0.396002],[-0.343689,-0.238426,0.908312]],[[0.79021,-0.603476,0.106702],[0.383965,0.351833,-0.853689],[0.47764,0.715563,0.509735]],[[0.79021,-0.603476,0.106702],[-0.267348,-0.496132,-0.826062],[0.551447,0.624236,-0.553386]],[[0.79021,-0.603476,0.106702],[-0.491659,-0.728215,-0.477467],[0.365842,0.324838,-0.872147]]],"btipPosition":[-26.0705,262.847,-18.8709],"carpPosition":[-5.96575,299.893,25.1892],"dipPosition":[-19.8022,268.413,-33.8142],"direction":[-0.551447,-0.624236,0.553386],"extended":false,"handId":264,"id":2643,"length":59.0831,"mcpPosition":[13.7768,313.589,-26.987],"pipPosition":[-5.79341,284.271,-47.8722],"stabilizedTipPosition":[-20.5255,234.687,23.0129],"timeVisible":6.60748,"tipPosition":[-24.5649,264.314,-22.005],"tipVelocity":[-15.2347,12.0609,-100.465],"tool":false,"touchDistance":0.333333,"touchZone":"none","type":3,"width":16.5772},{"bases":[[[0.637778,-0.750849,0.171653],[0.605472,0.6265,0.490817],[-0.47607,-0.209101,0.854186]],[[0.663654,-0.737837,0.123124],[0.496289,0.311145,-0.810485],[0.559697,0.598987,0.572673]],[[0.663654,-0.737837,0.123124],[-0.294809,-0.409258,-0.863479],[0.687496,0.536753,-0.489127]],[[0.663654,-0.737837,0.123124],[-0.574896,-0.608395,-0.54713],[0.478601,0.292321,-0.827943]]],"btipPosition":[-11.4416,266.498,-17.2992],"carpPosition":[1.28826,289.049,24.8307],"dipPosition":[-3.87647,271.119,-30.3863],"direction":[-0.687496,-0.536753,0.489127],"extended":false,"handId":264,"id":2644,"length":46.32,"mcpPosition":[26.603,300.168,-20.59],"pipPosition":[8.45452,280.746,-39.1593],"stabilizedTipPosition":[-6.19762,237.237,25.8268],"timeVisible":6.60748,"tipPosition":[-9.6573,267.76,-20.22],"tipVelocity":[-14.5528,10.2496,-100.214],"tool":false,"touchDistance":0.333333,"touchZone":"none","type":4,"width":14.7252}],"r":[[0.667724,-0.29901,0.681717],[0.408146,0.912917,0.000648969],[-0.622545,0.277807,0.731615]],"s":1.14032,"t":[67.3925,149.195,-187.768],"timestamp":3092736214},false],[5,{"currentFrameRate":106.903,"devices":[],"gestures":[],"hands":[{"armBasis":[[0.862373,-0.0966952,-0.496954],[0.328088,0.854321,0.403106],[0.38558,-0.510672,0.768468]],"armWidth":58.4334,"confidence":0.72399,"direction":[0.284207,0.415188,-0.864202],"elbow":[80.9113,163.526,219.19],"grabStrength":0,"id":264,"palmNormal":[-0.301283,-0.817036,-0.49161],"palmPosition":[-8.04005,310.088,-16.5734],"palmVelocity":[-8.18913,6.97406,-96.1122],"palmWidth":83.4409,"pinchStrength":0.706721,"r":[[0.666757,-0.298372,0.682942],[0.408837,0.912607,-0.000436761],[-0.623127,0.279503,0.730473]],"s":1.14158,"sphereCenter":[-32.0201,296.057,-51.2738],"sphereRadius":44.5239,"stabilizedPalmPosition":[-5.04282,282.777,30.1369],"t":[67.3497,149.183,-188.564],"timeVisible":6.61655,"type":"right","wrist":[-14.5578,289.968,28.918]}],"id":299750,"interactionBox":{"center":[0,200,0],"size":[235.247,235.247,147.751]},"pointables":[{"bases":[[[0.691194,0.650801,0.31418],[-0.708697,0.525345,0.470914],[0.141419,-0.548151,0.824337]],[[0.575708,0.816448,-0.0444114],[-0.726604,0.535753,0.430135],[0.374976,-0.215363,0.901672]],[[0.575708,0.816448,-0.0444114],[-0.794698,0.545938,-0.265341],[-0.192391,0.188053,0.963131]],[[0.575708,0.816448,-0.0444114],[-0.575126,0.365739,-0.731755],[-0.581197,0.44682,0.680119]]],"btipPosition":[-40.9046,285.421,-62.025],"carpPosition":[-42.2287,291.032,23.9607],"dipPosition":[-53.3781,295.011,-47.4284],"direction":[0.192391,-0.188053,-0.963131],"extended":false,"handId":264,"id":2640,"length":47.7925,"mcpPosition":[-42.2287,291.032,23.9607],"pipPosition":[-59.3936,300.891,-17.3144],"stabilizedTipPosition":[-49.009,248.758,20.3412],"timeVisible":6.61655,"tipPosition":[-44.1229,287.796,-58.5512],"tipVelocity":[1.48725,2.9909,-99.9548],"tool":false,"touchDistance":-0.423036,"touchZone":"touching","type":0,"width":18.5699},{"bases":[[[0.944993,-0.324698,-0.0395037],[0.316841,0.878676,0.357127],[-0.0812474,-0.349999,0.93322]],[[0.947041,-0.272355,-0.170106],[0.303241,0.932798,0.194761],[0.105631,-0.23603,0.965988]],[[0.947041,-0.272355,-0.170106],[0.288076,0.954637,0.0753633],[0.141864,-0.120376,0.98254]],[[0.947041,-0.272355,-0.170106],[0.273723,0.961678,-0.0158151],[0.167895,-0.0315845,0.985299]]],"btipPosition":[-31.7608,342.873,-113.146],"carpPosition":[-27.3055,306.798,25.0879],"dipPosition":[-29.1302,342.378,-97.7085],"direction":[-0.141864,0.120376,-0.98254],"extended":true,"handId":264,"id":2641,"length":53.9285,"mcpPosition":[-21.8241,330.411,-37.8725],"pipPosition":[-25.9857,339.71,-75.9305],"stabilizedTipPosition":[-34.2797,311.272,-41.4634],"timeVisible":6.61655,"tipPosition":[-31.4032,341.402,-109.686],"tipVelocity":[14.0306,34.9306,-98.5568],"tool":false,"touchDistance":-0.433785,"touchZone":"touching","type":1,"width":17.738},{"bases":[[[0.857375,-0.514002,0.0266422],[0.470181,0.803235,0.365709],[-0.209375,-0.301023,0.930348]],[[0.855889,-0.516096,0.033152],[0.304532,0.451147,-0.838884],[0.417988,0.728088,0.543299]],[[0.855889,-0.516096,0.033152],[-0.248323,-0.466355,-0.849028],[0.45364,0.718441,-0.527307]],[[0.855889,-0.516096,0.033152],[-0.43583,-0.754315,-0.49098],[0.2784,0.405776,-0.87054]]],"btipPosition":[-37.9184,266.081,-30.0853],"carpPosition":[-16.2112,304.731,24.7],"dipPosition":[-33.1208,273.073,-45.0872],"direction":[-0.45364,-0.718441,0.527307],"extended":false,"handId":264,"id":2642,"length":61.4471,"mcpPosition":[-2.8155,323.991,-34.8233],"pipPosition":[-21.2912,291.808,-58.8378],"stabilizedTipPosition":[-33.846,232.907,22.7598],"timeVisible":6.61655,"tipPosition":[-36.7095,267.869,-33.2864],"tipVelocity":[-12.107,7.25584,-93.2358],"tool":false,"touchDistance":0.333333,"touchZone":"none","type":2,"width":17.4211},{"bases":[[[0.779319,-0.611777,0.135615],[0.523321,0.754454,0.396149],[-0.34467,-0.237756,0.908116]],[[0.789559,-0.604168,0.107598],[0.384995,0.351128,-0.853515],[0.477886,0.715325,0.509838]],[[0.789559,-0.604168,0.107598],[-0.267101,-0.496185,-0.82611],[0.552498,0.623523,-0.553141]],[[0.789559,-0.604168,0.107598],[-0.491914,-0.727924,-0.477648],[0.366903,0.324203,-0.871938]]],"btipPosition":[-26.1572,262.813,-19.4622],"carpPosition":[-6.05387,299.859,24.6007],"dipPosition":[-19.8707,268.368,-34.4018],"direction":[-0.552498,-0.623523,0.553141],"extended":false,"handId":264,"id":2643,"length":59.0831,"mcpPosition":[13.745,313.516,-27.5642],"pipPosition":[-5.83527,284.207,-48.4536],"stabilizedTipPosition":[-20.5278,234.703,22.9882],"timeVisible":6.61655,"tipPosition":[-24.6475,264.277,-22.5971],"tipVelocity":[-13.54,7.60479,-90.6948],"tool":false,"touchDistance":0.333333,"touchZone":"none","type":3,"width":16.5772},{"bases":[[[0.636937,-0.751374,0.172476],[0.605642,0.626127,0.491083],[-0.476979,-0.20833,0.853867]],[[0.662969,-0.738346,0.123761],[0.497069,0.310511,-0.81025],[0.559816,0.598688,0.572868]],[[0.662969,-0.738346,0.123761],[-0.29444,-0.409146,-0.863658],[0.688315,0.536138,-0.48865]],[[0.662969,-0.738346,0.123761],[-0.574889,-0.607985,-0.547591],[0.479557,0.291888,-0.827543]]],"btipPosition":[-11.5248,266.443,-17.8817],"carpPosition":[1.19037,289.008,24.2525],"dipPosition":[-3.94459,271.057,-30.9625],"direction":[-0.688315,-0.536138,0.48865],"extended":false,"handId":264,"id":2644,"length":46.32,"mcpPosition":[26.5534,300.086,-21.1513],"pipPosition":[8.40107,280.673,-39.7269],"stabilizedTipPosition":[-6.20012,237.258,25.7942],"timeVisible":6.61655,"tipPosition":[-9.73761,267.704,-20.8015],"tipVelocity":[-12.9618,5.69397,-90.2283],"tool":false,"touchDistance":0.333333,"touchZone":"none","type":4,"width":14.7252}],"r":[[0.666757,-0.298372,0.682942],[0.408837,0.912607,-0.000436761],[-0.623127,0.279503,0.730473]],"s":1.14158,"t":[67.3497,149.183,-188.564],"timestamp":3092745282},false],[6,{"currentFrameRate":107.153,"devices":[],"gestures":[],"hands":[{"armBasis":[[0.863066,-0.097533,-0.495585],[0.327751,0.854701,0.402574],[0.384313,-0.509876,0.76963]],"armWidth":58.4334,"confidence":0.725778,"direction":[0.285029,0.413852,-0.864572],"elbow":[80.5061,163.832,218.853],"grabStrength":0,"id":264,"palmNormal":[-0.300991,-0.817719,-0.490653],"palmPosition":[-8.08855,310.127,-17.2223],"palmVelocity":[-7.45005,6.29807,-89.8697],"palmWidth":83.4409,"pinchStrength":0.704977,"r":[[0.665854,-0.297679,0.684125],[0.409422,0.912344,-0.00150533],[-0.623709,0.281098,0.729364]],"s":1.14281,"sphereCenter":[-32.1487,296.184,-51.9204],"sphereRadius":44.575,"stabilizedPalmPosition":[-5.04582,282.804,30.0903],"t":[67.3041,149.197,-189.286],"timeVisible":6.62542,"type":"right","wrist":[-14.6493,290.076,28.2935]}],"id":299751,"interactionBox":{"center":[0,200,0],"size":[235.247,235.247,147.751]},"pointables":[{"bases":[[[0.691028,0.651155,0.313811],[-0.70902,0.526164,0.469512],[0.140609,-0.546944,0.825276]],[[0.576232,0.816081,-0.0443704],[-0.726993,0.536619,0.428394],[0.373414,-0.214597,0.902502]],[[0.576232,0.816081,-0.0443704],[-0.793947,0.54607,-0.267312],[-0.193919,0.189262,0.962588]],[[0.576232,0.816081,-0.0443704],[-0.575959,0.366966,-0.730484],[-0.579852,0.446484,0.681486]]],"btipPosition":[-40.9012,285.462,-62.7256],"carpPosition":[-42.3156,291.138,23.3104],"dipPosition":[-53.3459,295.044,-48.0997],"direction":[0.193919,-0.189262,-0.962588],"extended":false,"handId":264,"id":2640,"length":47.7925,"mcpPosition":[-42.3156,291.138,23.3104],"pipPosition":[-59.4091,300.962,-18.0026],"stabilizedTipPosition":[-49.0087,248.76,20.3365],"timeVisible":6.62542,"tipPosition":[-44.1094,287.807,-59.2311],"tipVelocity":[1.39093,3.36093,-94.047],"tool":false,"touchDistance":-0.419473,"touchZone":"touching","type":0,"width":18.5699},{"bases":[[[0.944972,-0.324912,-0.0381956],[0.316676,0.879156,0.356092],[-0.0821188,-0.348593,0.93367]],[[0.947122,-0.272601,-0.169258],[0.303503,0.932282,0.196817],[0.104144,-0.23778,0.96572]],[[0.947122,-0.272601,-0.169258],[0.288594,0.954271,0.0779781],[0.140261,-0.122702,0.982482]],[[0.947122,-0.272601,-0.169258],[0.27444,0.961518,-0.0128988],[0.166261,-0.0342345,0.985487]]],"btipPosition":[-31.6676,343.045,-113.828],"carpPosition":[-27.3909,306.903,24.4271],"dipPosition":[-29.0626,342.509,-98.3878],"direction":[-0.140261,0.122702,-0.982482],"extended":true,"handId":264,"id":2641,"length":53.9285,"mcpPosition":[-21.8507,330.421,-38.5636],"pipPosition":[-25.9537,339.789,-76.611],"stabilizedTipPosition":[-34.2758,311.31,-41.5455],"timeVisible":6.62542,"tipPosition":[-31.3151,341.573,-110.37],"tipVelocity":[12.8918,30.4288,-92.652],"tool":false,"touchDistance":-0.428963,"touchZone":"touching","type":1,"width":17.738},{"bases":[[[0.857266,-0.514103,0.0281561],[0.469996,0.803702,0.36492],[-0.210236,-0.2996,0.930613]],[[0.855769,-0.516193,0.0346864],[0.305337,0.449802,-0.839314],[0.417646,0.72885,0.54254]],[[0.855769,-0.516193,0.0346864],[-0.247629,-0.467552,-0.848573],[0.454245,0.717593,-0.527941]],[[0.855769,-0.516193,0.0346864],[-0.435497,-0.754934,-0.490323],[0.279288,0.404498,-0.87085]]],"btipPosition":[-37.9647,266.103,-30.6948],"carpPosition":[-16.2966,304.834,24.052],"dipPosition":[-33.1517,273.073,-45.7021],"direction":[-0.454245,-0.717593,0.527941],"extended":false,"handId":264,"id":2642,"length":61.4471,"mcpPosition":[-2.84579,324.002,-35.4883],"pipPosition":[-21.3063,291.786,-59.4693],"stabilizedTipPosition":[-33.8467,232.916,22.746],"timeVisible":6.62542,"tipPosition":[-36.7525,267.885,-33.8992],"tipVelocity":[-10.1276,5.80871,-86.6108],"tool":false,"touchDistance":0.333333,"touchZone":"none","type":2,"width":17.4211},{"bases":[[[0.779098,-0.611703,0.137207],[0.523101,0.754958,0.395479],[-0.345501,-0.236344,0.908169]],[[0.789364,-0.604138,0.109188],[0.385787,0.349773,-0.853714],[0.47757,0.716014,0.509167]],[[0.789364,-0.604138,0.109188],[-0.266448,-0.497357,-0.825616],[0.553092,0.622618,-0.553567]],[[0.789364,-0.604138,0.109188],[-0.491598,-0.728537,-0.477038],[0.367745,0.32288,-0.872074]]],"btipPosition":[-26.2121,262.85,-20.0564],"carpPosition":[-6.13996,299.96,23.9688],"dipPosition":[-19.9112,268.382,-34.9984],"direction":[-0.553092,-0.622618,0.553567],"extended":false,"handId":264,"id":2643,"length":59.0831,"mcpPosition":[13.7066,313.536,-28.1991],"pipPosition":[-5.86068,284.199,-49.061],"stabilizedTipPosition":[-20.5294,234.714,22.9708],"timeVisible":6.62542,"tipPosition":[-24.6993,264.309,-23.1937],"tipVelocity":[-11.4439,6.5189,-84.2711],"tool":false,"touchDistance":0.333333,"touchZone":"none","type":3,"width":16.5772},{"bases":[[[0.636661,-0.751222,0.174152],[0.605318,0.626759,0.490676],[-0.477758,-0.206977,0.853761]],[[0.662855,-0.738204,0.12521],[0.497596,0.309356,-0.810369],[0.559483,0.599461,0.572386]],[[0.662855,-0.738204,0.12521],[-0.293731,-0.410195,-0.863402],[0.688727,0.535533,-0.488733]],[[0.662855,-0.738204,0.12521],[-0.574377,-0.608604,-0.547442],[0.480327,0.290957,-0.827424]]],"btipPosition":[-11.5798,266.471,-18.4702],"carpPosition":[1.10277,289.107,23.6431],"dipPosition":[-3.98738,271.07,-31.5491],"direction":[-0.688727,-0.535533,0.488733],"extended":false,"handId":264,"id":2644,"length":46.32,"mcpPosition":[26.5072,300.113,-21.7551],"pipPosition":[8.36568,280.675,-40.315],"stabilizedTipPosition":[-6.20188,237.272,25.7714],"timeVisible":6.62542,"tipPosition":[-9.79028,267.729,-21.3906],"tipVelocity":[-11.0396,4.89425,-83.7243],"tool":false,"touchDistance":0.333333,"touchZone":"none","type":4,"width":14.7252}],"r":[[0.665854,-0.297679,0.684125],[0.409422,0.912344,-0.00150533],[-0.623709,0.2