{"sensorType":"Leap","data":[[0,{"currentFrameRate":110.417,"devices":[],"gestures":[],"hands":[{"armBasis":[[0.893271,-0.0138338,-0.449305],[0.242208,0.856835,0.455157],[0.378684,-0.515405,0.768737]],"armWidth":58.4334,"confidence":0.663782,"direction":[0.16198,0.523942,-0.83621],"elbow":[76.5056,130.527,215.802],"grabStrength":0,"id":263,"palmNormal":[-0.226098,-0.805152,-0.548279],"palmPosition":[-16.8451,282.839,-18.2007],"palmVelocity":[45.2596,122.564,-311.362],"palmWidth":83.4409,"pinchStrength":0.895577,"r":[[0.74848,-0.446024,0.490754],[0.468561,0.879372,0.0845889],[-0.469284,0.166635,0.867182]],"s":1.11795,"sphereCenter":[-27.5811,264.133,-55.1889],"sphereRadius":43.5574,"stabilizedPalmPosition":[-63.0837,221.3,176.169],"t":[54.3559,69.3377,-216.531],"timeVisible":0.515208,"type":"right","wrist":[-17.2562,258.14,25.4639]}],"id":298820,"interactionBox":{"center":[0,200,0],"size":[235.247,235.247,147.751]},"pointables":[{"bases":[[[0.620355,0.710571,0.332035],[-0.73514,0.379232,0.561919],[0.273365,-0.592682,0.757628]],[[0.525547,0.842396,0.119034],[-0.783448,0.424657,0.453735],[0.331676,-0.331716,0.883151]],[[0.525547,0.842396,0.119034],[-0.850274,0.524827,0.0398828],[-0.0288751,-0.122172,0.992089]],[[0.525547,0.842396,0.119034],[-0.687963,0.50311,-0.523056],[-0.500507,0.193,0.843945]]],"btipPosition":[-48.6532,270.649,-67.2141],"carpPosition":[-45.1151,255.786,22.3452],"dipPosition":[-59.3951,274.791,-49.1014],"direction":[0.0288751,0.122172,-0.992089],"extended":false,"handId":263,"id":2630,"length":47.7925,"mcpPosition":[-45.1151,255.786,22.3452],"pipPosition":[-60.2979,270.971,-18.082],"stabilizedTipPosition":[-101.532,207.711,126.618],"timeVisible":0.515208,"tipPosition":[-50.6091,271.873,-63.3383],"tipVelocity":[78.2205,123.233,-340.878],"tool":false,"touchDistance":-0.745477,"touchZone":"hovering","type":0,"width":18.5699},{"bases":[[[0.974103,-0.18596,-0.128615],[0.22336,0.879783,0.419633],[0.0351181,-0.437493,0.898536]],[[0.974486,-0.211298,-0.0756965],[0.222733,0.868789,0.442262],[-0.0276847,-0.447839,0.893686]],[[0.974486,-0.211298,-0.0756965],[0.223603,0.943171,0.245826],[0.0194523,-0.25648,0.966354]],[[0.974486,-0.211298,-0.0756965],[0.217098,0.972952,0.0789533],[0.0569664,-0.0933725,0.994]]],"btipPosition":[-34.9693,327.617,-108.764],"carpPosition":[-32.3671,273.31,24.0594],"dipPosition":[-34.0768,326.154,-93.1897],"direction":[-0.0194523,0.25648,-0.966354],"extended":true,"handId":263,"id":2631,"length":53.9285,"mcpPosition":[-34.7363,302.826,-36.561],"pipPosition":[-33.6456,320.469,-71.7704],"stabilizedTipPosition":[-89.0017,282.575,26.0996],"timeVisible":0.515208,"tipPosition":[-34.9093,325.852,-105.31],"tipVelocity":[135.592,164.251,-324.951],"tool":false,"touchDistance":-0.742943,"touchZone":"hovering","type":1,"width":17.738},{"bases":[[[0.917446,-0.390596,-0.0756767],[0.385545,0.82586,0.411473],[-0.0982212,-0.406681,0.908275]],[[0.916172,-0.395558,-0.0645224],[0.342016,0.855555,-0.388652],[0.208937,0.334004,0.919123]],[[0.916172,-0.395558,-0.0645224],[-0.0452155,0.0579504,-0.997295],[0.398227,0.916611,0.0352071]],[[0.916172,-0.395558,-0.0645224],[-0.281213,-0.519742,-0.806714],[0.285567,0.757233,-0.587409]]],"btipPosition":[-39.4133,247.146,-66.7404],"carpPosition":[-21.1564,272.842,22.7925],"dipPosition":[-34.4922,260.196,-76.8632],"direction":[-0.398227,-0.916611,-0.0352071],"extended":false,"handId":263,"id":2632,"length":61.4471,"mcpPosition":[-14.8722,298.862,-35.3186],"pipPosition":[-24.1075,284.098,-75.9451],"stabilizedTipPosition":[-90.4965,196.485,105.809],"timeVisible":0.515208,"tipPosition":[-38.0365,250.834,-70.1501],"tipVelocity":[93.0807,107.127,-313.504],"tool":false,"touchDistance":-0.703557,"touchZone":"hovering","type":2,"width":17.4211},{"bases":[[[0.861301,-0.507323,0.0280064],[0.446779,0.782459,0.433759],[-0.24197,-0.361084,0.900594]],[[0.855921,-0.514939,0.0472862],[0.370441,0.546788,-0.750864],[0.360794,0.660197,0.658762]],[[0.855921,-0.514939,0.0472862],[-0.319742,-0.598892,-0.73423],[0.406403,0.613324,-0.677252]],[[0.855921,-0.514939,0.0472862],[-0.503825,-0.851037,-0.147975],[0.116441,0.102831,-0.98786]]],"btipPosition":[-23.6815,245.8,-22.993],"carpPosition":[-10.4791,269.451,21.6005],"dipPosition":[-21.6865,247.562,-39.9188],"direction":[-0.406403,-0.613324,0.677252],"extended":false,"handId":263,"id":2633,"length":59.0831,"mcpPosition":[3.42036,290.193,-30.1323],"pipPosition":[-11.3623,263.143,-57.1235],"stabilizedTipPosition":[-67.1344,184.808,161.338],"timeVisible":0.515208,"tipPosition":[-23.0625,246.436,-28.111],"tipVelocity":[51.3331,115.909,-285.337],"tool":false,"touchDistance":0.333333,"touchZone":"none","type":3,"width":16.5772},{"bases":[[[0.741767,-0.667969,0.059995],[0.55216,0.659031,0.510684],[-0.38066,-0.345682,0.857672]],[[0.722035,-0.684246,0.102335],[0.543632,0.469615,-0.695648],[0.427936,0.557914,0.711057]],[[0.722035,-0.684246,0.102335],[-0.366564,-0.503792,-0.782192],[0.586768,0.527258,-0.614575]],[[0.722035,-0.684246,0.102335],[-0.651814,-0.722354,-0.230963],[0.231957,0.10006,-0.967566]]],"btipPosition":[-9.73416,249.033,-22.5787],"carpPosition":[-1.90864,259.78,19.7668],"dipPosition":[-6.06767,250.614,-37.8727],"direction":[-0.586768,-0.527258,0.614575],"extended":false,"handId":263,"id":2634,"length":46.32,"mcpPosition":[18.3327,278.162,-25.8394],"pipPosition":[4.45664,260.071,-48.8958],"stabilizedTipPosition":[-54.6064,192.011,161.764],"timeVisible":0.515208,"tipPosition":[-8.67224,249.639,-27.0889],"tipVelocity":[48.6341,115.441,-276.259],"tool":false,"touchDistance":0.333333,"touchZone":"none","type":4,"width":14.7252}],"r":[[0.74848,-0.446024,0.490754],[0.468561,0.879372,0.0845889],[-0.469284,0.166635,0.867182]],"s":1.11795,"t":[54.3559,69.3377,-216.531],"timestamp":3084194514},false],[1,{"currentFrameRate":110.428,"devices":[],"gestures":[],"hands":[{"armBasis":[[0.896614,-0.0103308,-0.442692],[0.237968,0.854339,0.462034],[0.373436,-0.519613,0.768471]],"armWidth":58.4334,"confidence":0.669272,"direction":[0.166348,0.519609,-0.838054],"elbow":[75.2141,130.777,213.452],"grabStrength":0,"id":263,"palmNormal":[-0.222985,-0.808057,-0.545271],"palmPosition":[-16.6086,283.903,-20.6106],"palmVelocity":[40.0034,121.254,-299.058],"palmWidth":83.4409,"pinchStrength":0.888041,"r":[[0.744132,-0.445829,0.497498],[0.468863,0.879031,0.086437],[-0.475852,0.168938,0.863148]],"s":1.12256,"sphereCenter":[-27.3595,265.296,-57.4842],"sphereRadius":43.6,"stabilizedPalmPosition":[-63.0608,221.331,176.072],"t":[54.6499,70.498,-219.144],"timeVisible":0.524244,"type":"right","wrist":[-17.2484,259.433,23.1795]}],"id":298821,"interactionBox":{"center":[0,200,0],"size":[235.247,235.247,147.751]},"pointables":[{"bases":[[[0.618416,0.712444,0.33164],[-0.738222,0.381983,0.555984],[0.269426,-0.588653,0.762166]],[[0.525357,0.842564,0.118682],[-0.783988,0.425114,0.452373],[0.3307,-0.330702,0.883897]],[[0.525357,0.842564,0.118682],[-0.850083,0.525776,0.0303074],[-0.036864,-0.116811,0.99247]],[[0.525357,0.842564,0.118682],[-0.687649,0.502572,-0.523985],[-0.501137,0.193668,0.843418]]],"btipPosition":[-48.3198,271.69,-69.6701],"carpPosition":[-45.0896,257.056,19.9239],"dipPosition":[-59.0752,275.847,-51.5688],"direction":[0.036864,0.116811,-0.99247],"extended":false,"handId":263,"id":2630,"length":47.7925,"mcpPosition":[-45.0896,257.056,19.9239],"pipPosition":[-60.2278,272.194,-20.5374],"stabilizedTipPosition":[-101.476,207.783,126.404],"timeVisible":0.524244,"tipPosition":[-50.2573,272.819,-65.7951],"tipVelocity":[66.7402,121.134,-321.927],"tool":false,"touchDistance":-0.736142,"touchZone":"hovering","type":0,"width":18.5699},{"bases":[[[0.974818,-0.186394,-0.12242],[0.22092,0.882016,0.416224],[0.0303947,-0.432788,0.900983]],[[0.974941,-0.211169,-0.0699865],[0.220076,0.869525,0.442145],[-0.0325122,-0.446468,0.894209]],[[0.974941,-0.211169,-0.0699865],[0.222067,0.942582,0.249452],[0.0132915,-0.258743,0.965855]],[[0.974941,-0.211169,-0.0699865],[0.216776,0.972461,0.0855968],[0.0499838,-0.0986233,0.993869]]],"btipPosition":[-34.2022,328.66,-111.381],"carpPosition":[-32.3547,274.591,21.6149],"dipPosition":[-33.419,327.115,-95.8089],"direction":[-0.0132915,0.258743,-0.965855],"extended":true,"handId":263,"id":2631,"length":53.9285,"mcpPosition":[-34.4053,303.79,-39.1706],"pipPosition":[-33.1244,321.38,-74.4006],"stabilizedTipPosition":[-87.8566,283.527,23.3107],"timeVisible":0.524244,"tipPosition":[-34.1691,326.869,-107.945],"tipVelocity":[120.858,150.208,-315.235],"tool":false,"touchDistance":-0.736246,"touchZone":"hovering","type":1,"width":17.738},{"bases":[[[0.917922,-0.390765,-0.0687189],[0.383158,0.82809,0.409215],[-0.103002,-0.401958,0.909846]],[[0.916599,-0.395632,-0.0576301],[0.343632,0.853262,-0.39225],[0.20436,0.339733,0.918052]],[[0.916599,-0.395632,-0.0576301],[-0.0405367,0.0514378,-0.997853],[0.397747,0.916967,0.0311103]],[[0.916599,-0.395632,-0.0576301],[-0.277205,-0.525012,-0.804686],[0.288104,0.75355,-0.590896]]],"btipPosition":[-38.9173,247.923,-69.0087],"carpPosition":[-21.1373,274.12,20.4105],"dipPosition":[-33.9525,260.908,-79.1915],"direction":[-0.397747,-0.916967,-0.0311103],"extended":false,"handId":263,"id":2632,"length":61.4471,"mcpPosition":[-14.5474,299.837,-37.8011],"pipPosition":[-23.5804,284.82,-78.3803],"stabilizedTipPosition":[-90.4451,196.538,105.636],"timeVisible":0.524244,"tipPosition":[-37.5308,251.575,-72.4171],"tipVelocity":[82.865,100.84,-296.712],"tool":false,"touchDistance":-0.695766,"touchZone":"hovering","type":2,"width":17.4211},{"bases":[[[0.861246,-0.506963,0.03527],[0.444282,0.78482,0.432055],[-0.246716,-0.356436,0.901157]],[[0.856125,-0.514009,0.0533354],[0.368957,0.535718,-0.759524],[0.361829,0.669926,0.648289]],[[0.856125,-0.514009,0.0533354],[-0.32014,-0.608558,-0.726063],[0.405661,0.604526,-0.685557]],[[0.856125,-0.514009,0.0533354],[-0.503039,-0.852562,-0.14174],[0.118327,0.0945173,-0.988466]]],"btipPosition":[-23.4388,246.775,-24.6819],"carpPosition":[-10.4531,270.725,19.2935],"dipPosition":[-21.4114,248.394,-41.6182],"direction":[-0.405661,-0.604526,0.685557],"extended":false,"handId":263,"id":2633,"length":59.0831,"mcpPosition":[3.71903,291.2,-32.4717],"pipPosition":[-11.1061,263.751,-59.0338],"stabilizedTipPosition":[-67.1137,184.837,161.249],"timeVisible":0.524244,"tipPosition":[-22.8023,247.381,-29.8658],"tipVelocity":[44.8189,112.684,-258.293],"tool":false,"touchDistance":0.333333,"touchZone":"none","type":3,"width":16.5772},{"bases":[[[0.741576,-0.667468,0.0674559],[0.549274,0.66182,0.510188],[-0.385178,-0.341291,0.857414]],[[0.722709,-0.682731,0.107567],[0.538998,0.459318,-0.706051],[0.432635,0.568248,0.699944]],[[0.722709,-0.682731,0.107567],[-0.371251,-0.514747,-0.772792],[0.582979,0.518569,-0.625477]],[[0.722709,-0.682731,0.107567],[-0.651742,-0.724998,-0.222732],[0.230052,0.0908643,-0.968927]]],"btipPosition":[-9.51044,250.032,-24.1981],"carpPosition":[-1.87087,261.047,17.5563],"dipPosition":[-5.87407,251.468,-39.5136],"direction":[-0.582979,-0.518569,0.625477],"extended":false,"handId":263,"id":2634,"length":46.32,"mcpPosition":[18.6107,279.195,-28.0362],"pipPosition":[4.58228,260.769,-50.7322],"stabilizedTipPosition":[-54.5893,192.033,161.693],"timeVisible":0.524244,"tipPosition":[-8.43921,250.603,-28.8041],"tipVelocity":[41.845,113.085,-249.673],"tool":false,"touchDistance":0.333333,"touchZone":"none","type":4,"width":14.7252}],"r":[[0.744132,-0.445829,0.497498],[0.468863,0.879031,0.086437],[-0.475852,0.168938,0.863148]],"s":1.12256,"t":[54.6499,70.498,-219.144],"timestamp":3084203550},false],[2,{"currentFrameRate":110.437,"devices":[],"gestures":[],"hands":[{"armBasis":[[0.901713,-0.0112684,-0.432188],[0.232328,0.855684,0.462416],[0.364606,-0.517376,0.774199]],"armWidth":58.4334,"confidence":0.618175,"direction":[0.168182,0.522171,-0.836093],"elbow":[73.2033,132.417,212.447],"grabStrength":0,"id":263,"palmNormal":[-0.216704,-0.807841,-0.548117],"palmPosition":[-16.3251,285.087,-22.9775],"palmVelocity":[37.6227,123.951,-288.814],"palmWidth":83.4409,"pinchStrength":0.883226,"r":[[0.740513,-0.44522,0.503408],[0.468225,0.87914,0.0887626],[-0.482085,0.169978,0.859477]],"s":1.12735,"sphereCenter":[-27.0317,266.805,-59.8727],"sphereRadius":43.6301,"stabilizedPalmPosition":[-63.0341,221.367,175.958],"t":[54.9387,71.6703,-221.634],"timeVisible":0.533282,"type":"right","wrist":[-17.0728,260.519,20.7558]}],"id":298822,"interactionBox":{"center":[0,200,0],"size":[235.247,235.247,147.751]},"pointables":[{"bases":[[[0.613605,0.714445,0.336239],[-0.742646,0.377498,0.553148],[0.268264,-0.589121,0.762214]],[[0.521406,0.844273,0.123853],[-0.786688,0.419384,0.453032],[0.330541,-0.333648,0.882849]],[[0.521406,0.844273,0.123853],[-0.852193,0.522629,0.0250051],[-0.0436181,-0.118584,0.991985]],[[0.521406,0.844273,0.123853],[-0.68904,0.50219,-0.522521],[-0.503348,0.187106,0.843583]]],"btipPosition":[-47.8511,272.991,-72.1771],"carpPosition":[-44.8868,258.026,17.3573],"dipPosition":[-58.6539,277.007,-54.0723],"direction":[0.0436181,0.118584,-0.991985],"extended":false,"handId":263,"id":2630,"length":47.7925,"mcpPosition":[-44.8868,258.026,17.3573],"pipPosition":[-60.0177,273.299,-23.0561],"stabilizedTipPosition":[-101.414,207.863,126.17],"timeVisible":0.533282,"tipPosition":[-49.794,274.031,-68.2964],"tipVelocity":[62.3086,126.438,-309.629],"tool":false,"touchDistance":-0.728455,"touchZone":"hovering","type":0,"width":18.5699},{"bases":[[[0.976228,-0.181814,-0.117996],[0.214949,0.882071,0.419222],[0.027861,-0.434619,0.900183]],[[0.976218,-0.206448,-0.0661589],[0.21391,0.867724,0.448663],[-0.0352179,-0.452145,0.891249]],[[0.976218,-0.206448,-0.0661589],[0.216619,0.941037,0.259855],[0.00861135,-0.268007,0.963378]],[[0.976218,-0.206448,-0.0661589],[0.212299,0.972186,0.0989167],[0.0438976,-0.11061,0.992894]]],"btipPosition":[-33.6091,330.423,-113.606],"carpPosition":[-32.2383,275.614,19.1493],"dipPosition":[-32.9213,328.69,-98.049],"direction":[-0.00861135,0.268007,-0.963378],"extended":true,"handId":263,"id":2631,"length":53.9285,"mcpPosition":[-34.1179,304.936,-41.5823],"pipPosition":[-32.7304,322.749,-76.6957],"stabilizedTipPosition":[-86.7181,284.5,20.5205],"timeVisible":0.533282,"tipPosition":[-33.5962,328.578,-110.203],"tipVelocity":[104.969,161.246,-296.31],"tool":false,"touchDistance":-0.724381,"touchZone":"hovering","type":1,"width":17.738},{"bases":[[[0.919973,-0.386551,-0.06502],[0.377457,0.828879,0.412899],[-0.105713,-0.404399,0.908453]],[[0.918627,-0.391416,-0.0540213],[0.341542,0.855339,-0.389544],[0.19868,0.339395,0.919422]],[[0.918627,-0.391416,-0.0540213],[-0.0363972,0.0523127,-0.997967],[0.393447,0.918726,0.0338094]],[[0.918627,-0.391416,-0.0540213],[-0.271269,-0.52534,-0.806493],[0.287295,0.75552,-0.588771]]],"btipPosition":[-38.2425,249.089,-71.4982],"carpPosition":[-21.0131,275.195,17.9994],"dipPosition":[-33.2915,262.108,-81.6444],"direction":[-0.393447,-0.918726,-0.0338094],"extended":false,"handId":263,"id":2632,"length":61.4471,"mcpPosition":[-14.2496,301.068,-40.1231],"pipPosition":[-23.0316,286.066,-80.7628],"stabilizedTipPosition":[-90.3877,196.598,105.443],"timeVisible":0.533282,"tipPosition":[-36.8625,252.738,-74.8786],"tipVelocity":[80.5094,108.84,-290.597],"tool":false,"touchDistance":-0.691739,"touchZone":"hovering","type":2,"width":17.4211},{"bases":[[[0.8633,-0.503225,0.0384351],[0.438658,0.78583,0.435948],[-0.249583,-0.359494,0.899151]],[[0.858467,-0.509879,0.0552925],[0.365684,0.532944,-0.76305],[0.359596,0.675273,0.64397]],[[0.858467,-0.509879,0.0552925],[-0.317385,-0.612846,-0.723662],[0.402866,0.603691,-0.687937]],[[0.858467,-0.509879,0.0552925],[-0.498575,-0.854953,-0.143102],[0.120237,0.0952809,-0.988162]]],"btipPosition":[-22.9997,247.864,-26.7],"carpPosition":[-10.3085,271.85,16.9279],"dipPosition":[-20.9396,249.496,-43.631],"direction":[-0.402866,-0.603691,0.687937],"extended":false,"handId":263,"id":2633,"length":59.0831,"mcpPosition":[4.02831,292.5,-34.722],"pipPosition":[-10.7053,264.832,-61.1071],"stabilizedTipPosition":[-67.0877,184.874,161.137],"timeVisible":0.533282,"tipPosition":[-22.3494,248.487,-31.9097],"tipVelocity":[46.0852,114.932,-248.61],"tool":false,"touchDistance":0.333333,"touchZone":"none","type":3,"width":16.5772},{"bases":[[[0.744186,-0.664329,0.0696806],[0.543808,0.663125,0.514333],[-0.387893,-0.344866,0.854755]],[[0.725805,-0.679303,0.108422],[0.534303,0.457425,-0.710832],[0.433276,0.573855,0.694955]],[[0.725805,-0.679303,0.108422],[-0.371679,-0.519882,-0.76914],[0.578846,0.517948,-0.629816]],[[0.725805,-0.679303,0.108422],[-0.648375,-0.728207,-0.222093],[0.229822,0.0908982,-0.968979]]],"btipPosition":[-9.11318,251.217,-26.1603],"carpPosition":[-1.67498,262.213,15.2123],"dipPosition":[-5.48045,252.654,-41.4767],"direction":[-0.578846,-0.517948,0.629816],"extended":false,"handId":263,"id":2634,"length":46.32,"mcpPosition":[18.951,280.551,-30.2388],"pipPosition":[4.90177,261.944,-52.7731],"stabilizedTipPosition":[-54.5663,192.063,161.598],"timeVisible":0.533282,"tipPosition":[-8.03098,251.79,-30.8089],"tipVelocity":[42.4006,118.063,-240.706],"tool":false,"touchDistance":0.333333,"touchZone":"none","type":4,"width":14.7252}],"r":[[0.740513,-0.44522,0.503408],[0.468225,0.87914,0.0887626],[-0.482085,0.169978,0.859477]],"s":1.12735,"t":[54.9387,71.6703,-221.634],"timestamp":3084212588},false],[3,{"currentFrameRate":110.437,"devices":[],"gestures":[],"hands":[{"armBasis":[[0.905437,-0.0176372,-0.424115],[0.231289,0.858293,0.458082],[0.355935,-0.512857,0.781209]],"armWidth":58.4334,"confidence":0.622938,"direction":[0.171926,0.524295,-0.834],"elbow":[71.1875,134.518,211.888],"grabStrength":0,"id":263,"palmNormal":[-0.214014,-0.806507,-0.55113],"palmPosition":[-15.9976,286.179,-25.2062],"palmVelocity":[37.2204,123.002,-277.023],"palmWidth":83.4409,"pinchStrength":0.878551,"r":[[0.737137,-0.444951,0.508574],[0.467582,0.879202,0.0914907],[-0.487848,0.170359,0.856144]],"s":1.13238,"sphereCenter":[-26.826,268.352,-62.1097],"sphereRadius":43.6601,"stabilizedPalmPosition":[-63.0029,221.41,175.825],"t":[55.2468,72.8021,-223.993],"timeVisible":0.542338,"type":"right","wrist":[-16.9417,261.501,18.4616]}],"id":298823,"interactionBox":{"center":[0,200,0],"size":[235.247,235.247,147.751]},"pointables":[{"bases":[[[0.611906,0.713718,0.340849],[-0.745262,0.37597,0.550664],[0.26487,-0.590977,0.761965]],[[0.520928,0.843812,0.128898],[-0.787446,0.416758,0.454139],[0.329488,-0.338074,0.881557]],[[0.520928,0.843812,0.128898],[-0.852141,0.522902,0.0207419],[-0.049899,-0.120645,0.991441]],[[0.520928,0.843812,0.128898],[-0.687939,0.504413,-0.52183],[-0.505345,0.183162,0.843255]]],"btipPosition":[-47.4162,274.328,-74.5225],"carpPosition":[-44.7393,259.011,14.9288],"dipPosition":[-58.2618,278.259,-56.4246],"direction":[0.049899,0.120645,-0.991441],"extended":false,"handId":263,"id":2630,"length":47.7925,"mcpPosition":[-44.7393,259.011,14.9288],"pipPosition":[-59.822,274.487,-25.4255],"stabilizedTipPosition":[-101.344,207.954,125.904],"timeVisible":0.542338,"tipPosition":[-49.357,275.299,-70.6448],"tipVelocity":[58.0653,131.687,-295.698],"tool":false,"touchDistance":-0.719147,"touchZone":"hovering","type":0,"width":18.5699},{"bases":[[[0.976798,-0.181332,-0.113953],[0.212838,0.88106,0.422414],[0.0238021,-0.436866,0.899212]],[[0.97658,-0.205759,-0.0628922],[0.211507,0.86447,0.456023],[-0.0394626,-0.458645,0.887743]],[[0.97658,-0.205759,-0.0628922],[0.215136,0.937906,0.272121],[0.00299549,-0.279278,0.960206]],[[0.97658,-0.205759,-0.0628922],[0.211883,0.970513,0.114936],[0.0373886,-0.12557,0.99138]]],"btipPosition":[-32.806,332.297,-115.634],"carpPosition":[-32.1027,276.597,16.823],"dipPosition":[-32.2202,330.33,-100.101],"direction":[-0.00299549,0.279278,-0.960206],"extended":true,"handId":263,"id":2631,"length":53.9285,"mcpPosition":[-33.7085,306.07,-43.843],"pipPosition":[-32.1538,324.14,-78.8183],"stabilizedTipPosition":[-85.5194,285.55,17.5799],"timeVisible":0.542338,"tipPosition":[-32.8212,330.371,-112.271],"tipVelocity":[99.7573,172.238,-276.516],"tool":false,"touchDistance":-0.710786,"touchZone":"hovering","type":1,"width":17.738},{"bases":[[[0.920341,-0.386211,-0.0617486],[0.375384,0.827915,0.416707],[-0.109814,-0.406692,0.906941]],[[0.918953,-0.391077,-0.0508323],[0.342954,0.856121,-0.386574],[0.194698,0.33781,0.920857]],[[0.918953,-0.391077,-0.0508323],[-0.0323064,0.0538104,-0.998028],[0.393041,0.918784,0.0368149]],[[0.918953,-0.391077,-0.0508323],[-0.267775,-0.524138,-0.80844],[0.289519,0.75653,-0.586379]]],"btipPosition":[-37.691,250.274,-73.8601],"carpPosition":[-20.8723,276.182,15.7238],"dipPosition":[-32.7017,263.312,-83.9651],"direction":[-0.393041,-0.918784,-0.0368149],"extended":false,"handId":263,"id":2632,"length":61.4471,"mcpPosition":[-13.8464,302.202,-42.3019],"pipPosition":[-22.4523,287.271,-83.0051],"stabilizedTipPosition":[-90.3227,196.667,105.223],"timeVisible":0.542338,"tipPosition":[-36.3028,253.917,-77.2118],"tipVelocity":[75.365,115.061,-282.085],"tool":false,"touchDistance":-0.686184,"touchZone":"hovering","type":2,"width":17.4211},{"bases":[[[0.863216,-0.503155,0.0411521],[0.436487,0.784819,0.439929],[-0.25365,-0.361791,0.897089]],[[0.858667,-0.509381,0.0567713],[0.363474,0.527098,-0.76815],[0.361357,0.68022,0.637748]],[[0.858667,-0.509381,0.0567713],[-0.319235,-0.61819,-0.718283],[0.400975,0.598643,-0.693431]],[[0.858667,-0.509381,0.0567713],[-0.498272,-0.855584,-0.140359],[0.120069,0.0922341,-0.988472]]],"btipPosition":[-22.641,248.966,-28.4164],"carpPosition":[-10.1622,272.842,14.6933],"dipPosition":[-20.5838,250.547,-45.3527],"direction":[-0.400975,-0.598643,0.693431],"extended":false,"handId":263,"id":2633,"length":59.0831,"mcpPosition":[4.40821,293.625,-36.8382],"pipPosition":[-10.3976,265.754,-62.9684],"stabilizedTipPosition":[-67.0545,184.922,160.994],"timeVisible":0.542338,"tipPosition":[-21.9946,249.567,-33.6933],"tipVelocity":[44.2759,116.442,-232.34],"tool":false,"touchDistance":0.333333,"touchZone":"none","type":3,"width":16.5772},{"bases":[[[0.743991,-0.664359,0.0714453],[0.541299,0.661939,0.51849],[-0.391756,-0.347079,0.852094]],[[0.725698,-0.679237,0.109537],[0.533523,0.455044,-0.712943],[0.434414,0.575822,0.692613]],[[0.725698,-0.679237,0.109537],[-0.371982,-0.521285,-0.768044],[0.578784,0.516622,-0.63096]],[[0.725698,-0.679237,0.109537],[-0.647702,-0.728161,-0.224196],[0.232043,0.0917512,-0.968369]]],"btipPosition":[-8.82258,252.28,-28.1509],"carpPosition":[-1.51891,263.212,12.9933],"dipPosition":[-5.15475,253.73,-43.4577],"direction":[-0.578784,-0.516622,0.63096],"extended":false,"handId":263,"id":2634,"length":46.32,"mcpPosition":[19.3125,281.668,-32.3162],"pipPosition":[5.22636,262.996,-54.7746],"stabilizedTipPosition":[-54.5365,192.101,161.474],"timeVisible":0.542338,"tipPosition":[-7.72047,252.858,-32.805],"tipVelocity":[39.8004,117.961,-234.87],"tool":false,"touchDistance":0.333333,"touchZone":"none","type":4,"width":14.7252}],"r":[[0.737137,-0.444951,0.508574],[0.467582,0.879202,0.0914907],[-0.487848,0.170359,0.856144]],"s":1.13238,"t":[55.2468,72.8021,-223.993],"timestamp":3084221644},false],[4,{"currentFrameRate":110.424,"devices":[],"gestures":[],"hands":[{"armBasis":[[0.90261,-0.0150196,-0.430197],[0.230765,0.860531,0.454131],[0.363377,-0.509177,0.78019]],"armWidth":58.4334,"confidence":0.635407,"direction":[0.174396,0.524974,-0.83306],"elbow":[72.9924,136.186,210.19],"grabStrength":0,"id":263,"palmNormal":[-0.212315,-0.806076,-0.552416],"palmPosition":[-15.9057,286.971,-26.6289],"palmVelocity":[29.7239,113.114,-243.74],"palmWidth":83.4409,"pinchStrength":0.872036,"r":[[0.73411,-0.444808,0.513059],[0.466988,0.879244,0.0940912],[-0.492956,0.170519,0.853181]],"s":1.13719,"sphereCenter":[-26.8196,269.42,-63.5283],"sphereRadius":43.6966,"stabilizedPalmPosition":[-62.9669,221.46,175.67],"t":[55.4468,73.7641,-225.884],"timeVisible":0.551417,"type":"right","wrist":[-16.9794,262.258,17.016]}],"id":298824,"interactionBox":{"center":[0,200,0],"size":[235.247,235.247,147.751]},"pointables":[{"bases":[[[0.610841,0.713476,0.343256],[-0.746931,0.375488,0.548729],[0.262617,-0.591575,0.762281]],[[0.520838,0.843416,0.131827],[-0.78717,0.414762,0.456438],[0.330291,-0.3415,0.879935]],[[0.520838,0.843416,0.131827],[-0.851914,0.5234,0.0171807],[-0.0545076,-0.121253,0.991124]],[[0.520838,0.843416,0.131827],[-0.689139,0.506555,-0.51816],[-0.503801,0.17903,0.845063]]],"btipPosition":[-47.3687,275.351,-76.008],"carpPosition":[-44.7661,259.77,13.3979],"dipPosition":[-58.1813,279.193,-57.8714],"direction":[0.0545076,0.121253,-0.991124],"extended":false,"handId":263,"id":2630,"length":47.7925,"mcpPosition":[-44.7661,259.77,13.3979],"pipPosition":[-59.8855,275.402,-26.8821],"stabilizedTipPosition":[-101.265,208.059,125.6],"timeVisible":0.551417,"tipPosition":[-49.2756,276.234,-72.1153],"tipVelocity":[43.6809,125.807,-258.891],"tool":false,"touchDistance":-0.697715,"touchZone":"hovering","type":0,"width":18.5699},{"bases":[[[0.977145,-0.181188,-0.111169],[0.211521,0.880732,0.423757],[0.0211304,-0.437587,0.898928]],[[0.976792,-0.205441,-0.0605857],[0.209961,0.862489,0.460466],[-0.0423442,-0.462501,0.885607]],[[0.976792,-0.205441,-0.0605857],[0.214186,0.935667,0.280447],[-0.000927331,-0.286916,0.957955]],[[0.976792,-0.205441,-0.0605857],[0.211667,0.969146,0.126306],[0.0327679,-0.136199,0.990139]]],"btipPosition":[-32.3864,333.591,-116.941],"carpPosition":[-32.1362,277.354,15.3441],"dipPosition":[-31.873,331.457,-101.427],"direction":[0.000927331,0.286916,-0.957955],"extended":true,"handId":263,"id":2631,"length":53.9285,"mcpPosition":[-33.5618,306.876,-45.3027],"pipPosition":[-31.8935,325.098,-80.1938],"stabilizedTipPosition":[-84.2465,286.687,14.4498],"timeVisible":0.551417,"tipPosition":[-32.4221,331.629,-113.603],"tipVelocity":[84.4394,162.852,-239.962],"tool":false,"touchDistance":-0.687702,"touchZone":"hovering","type":1,"width":17.738},{"bases":[[[0.920544,-0.386112,-0.0592991],[0.374086,0.8276,0.418495],[-0.11251,-0.407426,0.906281]],[[0.919144,-0.39092,-0.0485402],[0.343755,0.85615,-0.385797],[0.192373,0.337917,0.921306]],[[0.919144,-0.39092,-0.0485402],[-0.0301974,0.052937,-0.998141],[0.392763,0.918901,0.036852]],[[0.919144,-0.39092,-0.0485402],[-0.266005,-0.525058,-0.808428],[0.290544,0.755973,-0.58659]]],"btipPosition":[-37.4564,251.082,-75.2806],"carpPosition":[-20.9025,276.942,14.2783],"dipPosition":[-32.4495,264.11,-85.3892],"direction":[-0.392763,-0.918901,-0.0368519],"extended":false,"handId":263,"id":2632,"length":61.4471,"mcpPosition":[-13.7042,303.009,-43.7052],"pipPosition":[-22.2073,288.072,-84.4282],"stabilizedTipPosition":[-90.2495,196.744,104.976],"timeVisible":0.551417,"tipPosition":[-36.0684,254.706,-78.621],"tipVelocity":[61.7882,107.78,-247.359],"tool":false,"touchDistance":-0.667219,"touchZone":"hovering","type":2,"width":17.4211},{"bases":[[[0.863116,-0.503142,0.0433358],[0.435122,0.784489,0.441866],[-0.256318,-0.362526,0.896034]],[[0.858949,-0.50882,0.0575188],[0.361364,0.522745,-0.77211],[0.362797,0.683989,0.63288]],[[0.858949,-0.50882,0.0575188],[-0.320546,-0.621891,-0.714494],[0.399319,0.595277,-0.697273]],[[0.858949,-0.50882,0.0575188],[-0.497859,-0.856113,-0.138586],[0.119758,0.090402,-0.988679]]],"btipPosition":[-22.5264,249.731,-29.4713],"carpPosition":[-10.1892,273.603,13.2772],"dipPosition":[-20.4745,251.28,-46.4112],"direction":[-0.399319,-0.595277,0.697273],"extended":false,"handId":263,"id":2633,"length":59.0831,"mcpPosition":[4.53446,294.427,-38.1936],"pipPosition":[-10.3303,266.403,-64.1245],"stabilizedTipPosition":[-67.0125,184.983,160.812],"timeVisible":0.551417,"tipPosition":[-21.8893,250.32,-34.7587],"tipVelocity":[35.4835,107.323,-200.235],"tool":false,"touchDistance":0.333333,"touchZone":"none","type":3,"width":16.5772},{"bases":[[[0.74381,-0.664377,0.0731419],[0.539705,0.661551,0.520642],[-0.39429,-0.347784,0.850636]],[[0.725717,-0.679054,0.110548],[0.533178,0.453554,-0.71415],[0.434807,0.577213,0.691208]],[[0.725717,-0.679054,0.110548],[-0.371777,-0.522268,-0.767475],[0.578893,0.51587,-0.631475]],[[0.725717,-0.679054,0.110548],[-0.647097,-0.728282,-0.225546],[0.233669,0.0921473,-0.96794]]],"btipPosition":[-8.7497,253.042,-29.4233],"carpPosition":[-1.54034,263.974,11.5954],"dipPosition":[-5.05617,254.498,-44.7233],"direction":[-0.578893,-0.51587,0.631475],"extended":false,"handId":263,"id":2634,"length":46.32,"mcpPosition":[19.4258,282.467,-33.6366],"pipPosition":[5.3269,263.751,-56.0494],"stabilizedTipPosition":[-54.4996,192.15,161.321],"timeVisible":0.551417,"tipPosition":[-7.64003,253.621,-34.0626],"tipVelocity":[31.1913,108.591,-208.62],"tool":false,"touchDistance":0.333333,"touchZone":"none","type":4,"width":14.7252}],"r":[[0.73411,-0.444808,0.513059],[0.466988,0.879244,0.0940912],[-0.492956,0.170519,0.853181]],"s":1.13719,"t":[55.4468,73.7641,-225.884],"timestamp":3084230723},false],[5,{"currentFrameRate":110.378,"devices":[],"gestures":[],"hands":[{"armBasis":[[0.905747,-0.0215625,-0.423269],[0.231553,0.861649,0.451601],[0.354972,-0.507046,0.785429]],"armWidth":58.4334,"confidence":0.640371,"direction":[0.178047,0.522501,-0.833842],"elbow":[70.9212,137.44,209.599],"grabStrength":0,"id":263,"palmNormal":[-0.212506,-0.806969,-0.551037],"palmPosition":[-15.7109,287.586,-28.5752],"palmVelocity":[27.3844,100.35,-235.166],"palmWidth":83.4409,"pinchStrength":0.868271,"r":[[0.73116,-0.444768,0.517288],[0.466843,0.879113,0.0960083],[-0.497456,0.171295,0.850409]],"s":1.14149,"sphereCenter":[-26.746,270.203,-65.4132],"sphereRadius":43.7157,"stabilizedPalmPosition":[-62.9284,221.514,175.504],"t":[55.6442,74.5525,-227.802],"timeVisible":0.560558,"type":"right","wrist":[-16.9695,262.984,15.1276]}],"id":298825,"interactionBox":{"center":[0,200,0],"size":[235.247,235.247,147.751]},"pointables":[{"bases":[[[0.611438,0.712949,0.343289],[-0.747697,0.37854,0.545579],[0.259021,-0.590264,0.764523]],[[0.522668,0.84227,0.131905],[-0.786555,0.416727,0.455708],[0.328861,-0.341934,0.880302]],[[0.522668,0.84227,0.131905],[-0.850464,0.525899,0.011835],[-0.0594006,-0.118366,0.991192]],[[0.522668,0.84227,0.131905],[-0.688042,0.508101,-0.518105],[-0.503405,0.18004,0.845085]]],"btipPosition":[-47.1437,276.039,-77.9919],"carpPosition":[-44.751,260.549,11.4334],"dipPosition":[-57.9477,279.903,-59.8548],"direction":[0.0594006,0.118366,-0.991192],"extended":false,"handId":263,"id":2630,"length":47.7925,"mcpPosition":[-44.751,260.549,11.4334],"pipPosition":[-59.805,276.202,-28.8634],"stabilizedTipPosition":[-101.181,208.171,125.275],"timeVisible":0.560558,"tipPosition":[-49.0505,276.884,-74.0926],"tipVelocity":[38.4368,111.885,-247.241],"tool":false,"touchDistance":-0.686033,"touchZone":"hovering","type":0,"width":18.5699},{"bases":[[[0.977057,-0.18367,-0.107823],[0.212261,0.881306,0.422191],[0.0174815,-0.435392,0.900071]],[[0.976518,-0.207584,-0.0576326],[0.210416,0.861587,0.461944],[-0.0462367,-0.463223,0.885035]],[[0.976518,-0.207584,-0.0576326],[0.215367,0.933865,0.285506],[-0.00544543,-0.291214,0.956643]],[[0.976518,-0.207584,-0.0576326],[0.213622,0.967645,0.134271],[0.0278954,-0.14343,0.989267]]],"btipPosition":[-31.7613,334.436,-118.923],"carpPosition":[-32.0872,278.11,13.3733],"dipPosition":[-31.3242,332.189,-103.423],"direction":[0.00544543,0.291214,-0.956643],"extended":true,"handId":263,"id":2631,"length":53.9285,"mcpPosition":[-33.2666,307.484,-47.3507],"pipPosition":[-31.4449,325.734,-82.2192],"stabilizedTipPosition":[-82.9699,287.833,11.2985],"timeVisible":0.560558,"tipPosition":[-31.821,332.448,-115.603],"tipVelocity":[79.4382,142.464,-233.64],"tool":false,"touchDistance":-0.677051,"touchZone":"hovering","type":1,"width":17.738},{"bases":[[[0.919838,-0.388336,-0.0556121],[0.374721,0.827793,0.417543],[-0.116112,-0.404911,0.906954]],[[0.918412,-0.393062,-0.044964],[0.346523,0.854053,-0.387964],[0.190895,0.340729,0.920577]],[[0.918412,-0.393062,-0.044964],[-0.0280621,0.0486449,-0.998422],[0.394629,0.918225,0.0336459]],[[0.918412,-0.393062,-0.044964],[-0.265528,-0.528156,-0.806564],[0.293281,0.752698,-0.589434]]],"btipPosition":[-37.2052,251.599,-77.0953],"carpPosition":[-20.8513,277.669,12.3418],"dipPosition":[-32.1511,264.57,-87.2529],"direction":[-0.394629,-0.918225,-0.0336459],"extended":false,"handId":263,"id":2632,"length":61.4471,"mcpPosition":[-13.4225,303.576,-45.6848],"pipPosition":[-21.8603,288.515,-86.3756],"stabilizedTipPosition":[-90.174,196.825,104.719],"timeVisible":0.560558,"tipPosition":[-35.8093,255.19,-80.4379],"tipVelocity":[52.5722,93.127,-234.116],"tool":false,"touchDistance":-0.656221,"touchZone":"hovering","type":2,"width":17.4211},{"bases":[[[0.861843,-0.50498,0.0471429],[0.435589,0.784604,0.441202],[-0.259786,-0.359712,0.896169]],[[0.857927,-0.510218,0.0603238],[0.36171,0.516444,-0.776177],[0.364865,0.687723,0.627623]],[[0.857927,-0.510218,0.0603238],[-0.322314,-0.625932,-0.710157],[0.400093,0.589819,-0.701454]],[[0.857927,-0.510218,0.0603238],[-0.499424,-0.855754,-0.13513],[0.120568,0.0858045,-0.98899]]],"btipPosition":[-22.3989,250.335,-31.0485],"carpPosition":[-10.1427,274.304,11.3807],"dipPosition":[-20.3331,251.806,-47.9937],"direction":[-0.400093,-0.589819,0.701454],"extended":false,"handId":263,"id":2633,"length":59.0831,"mcpPosition":[4.78024,294.967,-40.0979],"pipPosition":[-10.1693,266.789,-65.8133],"stabilizedTipPosition":[-66.9648,185.052,160.606],"timeVisible":0.560558,"tipPosition":[-21.7648,250.895,-36.3295],"tipVelocity":[29.5887,95.2964,-192.569],"tool":false,"touchDistance":0.333333,"touchZone":"none","type":3,"width":16.5772},{"bases":[[[0.742084,-0.66587,0.0769962],[0.53966,0.661627,0.520593],[-0.39759,-0.344772,0.850326]],[[0.724209,-0.680147,0.113671],[0.53453,0.449551,-0.715669],[0.435659,0.579055,0.689128]],[[0.724209,-0.680147,0.113671],[-0.371892,-0.52404,-0.76621],[0.580704,0.512623,-0.632456]],[[0.724209,-0.680147,0.113671],[-0.647941,-0.727583,-0.225377],[0.235995,0.0895674,-0.967618]]],"btipPosition":[-8.64146,253.599,-31.1738],"carpPosition":[-1.51069,264.652,9.74851],"dipPosition":[-4.91116,255.014,-46.4686],"direction":[-0.580704,-0.512623,0.632456],"extended":false,"handId":263,"id":2634,"length":46.32,"mcpPosition":[19.6309,282.985,-35.4671],"pipPosition":[5.50439,264.209,-57.8124],"stabilizedTipPosition":[-54.4591,192.204,161.15],"timeVisible":0.560558,"tipPosition":[-7.52315,254.167,-35.7931],"tipVelocity":[26.0651,95.0371,-203.82],"tool":false,"touchDistance":0.333333,"touchZone":"none","type":4,"width":14.7252}],"r":[[0.73116,-0.444768,0.517288],[0.466843,0.879113,0.0960083],[-0.497456,0.171295,0.850409]],"s":1.14149,"t":[55.6442,74.5525,-227.802],"timestamp":3084239864},false],[6,{"currentFrameRate":110.471,"devices":[],"gestures":[],"hands":[{"armBasis":[[0.908086,-0.0315516,-0.417594],[0.234793,0.864055,0.445288],[0.346775,-0.502407,0.792044]],"armWidth":58.4334,"confidence":0.601823,"direction":[0.185665,0.522699,-0.832054],"elbow":[68.6947,139.462,208.53],"grabStrength":0,"id":263,"palmNormal":[-0.2133,-0.805147,-0.553391],"palmPosition":[-15.5223,288.511,-31.2406],"palmVelocity":[25.7085,101.366,-252.755],"palmWidth":83.4409,"pinchStrength":0.86424,"r":[[0.727712,-0.445612,0.521407],[0.467494,0.87851,0.0983367],[-0.501881,0.172194,0.847623]],"s":1.14531,"sphereCenter":[-26.6511,271.485,-68.1195],"sphereRadius":43.7315,"stabilizedPalmPosition":[-62.8908,221.567,175.34],"t":[55.8372,75.4091,-230.094],"timeVisible":0.569445,"type":"right","wrist":[-17.1664,263.858,12.4205]}],"id":298826,"interactionBox":{"center":[0,200,0],"size":[235.247,235.247,147.751]},"pointables":[{"bases":[[[0.612983,0.709379,0.347897],[-0.749012,0.381604,0.541627],[0.25146,-0.592587,0.76525]],[[0.526586,0.838994,0.137098],[-0.786205,0.41927,0.453977],[0.323403,-0.346845,0.880403]],[[0.526586,0.838994,0.137098],[-0.847419,0.530891,0.00600747],[-0.0677437,-0.119343,0.990539]],[[0.526586,0.838994,0.137098],[-0.684072,0.513931,-0.51761],[-0.504731,0.178781,0.844561]]],"btipPosition":[-46.7909,277.341,-80.8408],"carpPosition":[-44.9373,261.569,8.55746],"dipPosition":[-57.6233,281.178,-62.715],"direction":[0.0677437,0.119343,-0.990539],"extended":false,"handId":263,"id":2630,"length":47.7925,"mcpPosition":[-44.9373,261.569,8.55746],"pipPosition":[-59.7415,277.446,-31.744],"stabilizedTipPosition":[-101.095,208.287,124.942],"timeVisible":0.569445,"tipPosition":[-48.712,278.13,-76.9338],"tipVelocity":[38.5801,121.097,-267.241],"tool":false,"touchDistance":-0.688536,"touchZone":"hovering","type":0,"width":18.5699},{"bases":[[[0.976739,-0.188483,-0.102247],[0.214201,0.879655,0.424647],[0.00990376,-0.436671,0.899567]],[[0.975817,-0.212106,-0.0528468],[0.211848,0.858085,0.467773],[-0.0538703,-0.467656,0.882267]],[[0.975817,-0.212106,-0.0528468],[0.218181,0.930324,0.294779],[-0.0133598,-0.299181,0.954103]],[[0.975817,-0.212106,-0.0528468],[0.217674,0.965013,0.146177],[0.0199928,-0.154146,0.987846]]],"btipPosition":[-30.7594,335.994,-121.478],"carpPosition":[-32.1965,279.063,10.5967],"dipPosition":[-30.4461,333.579,-106.001],"direction":[0.0133598,0.299181,-0.954103],"extended":true,"handId":263,"id":2631,"length":53.9285,"mcpPosition":[-32.8646,308.523,-50.0933],"pipPosition":[-30.7422,326.948,-84.8528],"stabilizedTipPosition":[-81.723,288.969,8.21681],"timeVisible":0.569445,"tipPosition":[-30.8493,333.964,-118.187],"tipVelocity":[87.6144,150.206,-248.427],"tool":false,"touchDistance":-0.676081,"touchZone":"hovering","type":1,"width":17.738},{"bases":[[[0.918174,-0.392925,-0.0506564],[0.376412,0.825325,0.420895],[-0.123572,-0.405522,0.905694]],[[0.916676,-0.397613,-0.0401242],[0.352895,0.852496,-0.385637],[0.18754,0.339345,0.921778]],[[0.916676,-0.397613,-0.0401242],[-0.0226642,0.0485169,-0.998565],[0.398989,0.91627,0.0354627]],[[0.916676,-0.397613,-0.0401242],[-0.264016,-0.527167,-0.807707],[0.300002,0.750998,-0.588218]]],"btipPosition":[-36.9148,252.676,-79.8463],"carpPosition":[-20.957,278.566,9.63152],"dipPosition":[-31.7449,265.618,-89.983],"direction":[-0.398989,-0.91627,-0.0354627],"extended":false,"handId":263,"id":2632,"length":61.4471,"mcpPosition":[-13.0509,304.511,-48.3144],"pipPosition":[-21.3405,289.512,-89.0583],"stabilizedTipPosition":[-90.1007,196.904,104.467],"timeVisible":0.569445,"tipPosition":[-35.4901,256.245,-83.1708],"tipVelocity":[47.9808,100.557,-254.462],"tool":false,"touchDistance":-0.660125,"touchZone":"hovering","type":2,"width":17.4211},{"bases":[[[0.858976,-0.509409,0.0515924],[0.436919,0.781796,0.444857],[-0.266949,-0.35958,0.894114]],[[0.855187,-0.514353,0.0640029],[0.366638,0.513011,-0.776142],[0.366377,0.687212,0.627302]],[[0.855187,-0.514353,0.0640029],[-0.323081,-0.625536,-0.710157],[0.405308,0.586639,-0.701128]],[[0.855187,-0.514353,0.0640029],[-0.502976,-0.853342,-0.137199],[0.125185,0.0851389,-0.988474]]],"btipPosition":[-22.3783,251.285,-33.5855],"carpPosition":[-10.26,275.148,8.72977],"dipPosition":[-20.2334,252.744,-50.5218],"direction":[-0.405308,-0.586639,0.701128],"extended":false,"handId":263,"id":2633,"length":59.0831,"mcpPosition":[5.07431,295.803,-42.6308],"pipPosition":[-9.93713,267.646,-68.3331],"stabilizedTipPosition":[-66.9173,185.122,160.397],"timeVisible":0.569445,"tipPosition":[-21.7261,251.836,-38.8474],"tipVelocity":[22.7358,98.3499,-217.742],"tool":false,"touchDistance":0.333333,"touchZone":"none","type":3,"width":16.5772},{"bases":[[[0.738228,-0.669729,0.0805124],[0.53989,0.658187,0.524699],[-0.404399,-0.34388,0.847472]],[[0.720434,-0.683695,0.116341],[0.539796,0.447472,-0.713014],[0.435425,0.57648,0.69143]],[[0.720434,-0.683695,0.116341],[-0.370509,-0.521239,-0.768787],[0.586258,0.510755,-0.628834]],[[0.720434,-0.683695,0.116341],[-0.649969,-0.724134,-0.230588],[0.241898,0.0905049,-0.966071]]],"btipPosition":[-8.62154,254.456,-33.7986],"carpPosition":[-1.66749,265.454,7.1359],"dipPosition":[-4.79792,255.886,-49.0691],"direction":[-0.586258,-0.510755,0.628834],"extended":false,"handId":263,"id":2634,"length":46.32,"mcpPosition":[19.8362,283.74,-37.9279],"pipPosition":[5.71724,265.047,-60.3479],"stabilizedTipPosition":[-54.4199,192.256,160.984],"timeVisible":0.569445,"tipPosition":[-7.47796,255.032,-38.3892],"tipVelocity":[20.2496,95.5228,-228.516],"tool":f