{"sensorType":"Leap","data":[[0,{"currentFrameRate":109.886,"devices":[],"gestures":[],"hands":[{"armBasis":[[0.953315,0.00352453,-0.301958],[0.159934,0.842285,0.51476],[0.256149,-0.539022,0.802399]],"armWidth":58.4334,"confidence":0.638616,"direction":[0.145447,0.408189,-0.901236],"elbow":[37.0681,165.534,232.907],"grabStrength":0,"id":257,"palmNormal":[-0.174842,-0.885981,-0.429497],"palmPosition":[-26.6513,317.237,-12.499],"palmVelocity":[29.3679,82.2562,-154.311],"palmWidth":83.4409,"pinchStrength":1,"r":[[0.701895,-0.5435,0.460382],[0.622086,0.782563,-0.0245786],[-0.346919,0.303648,0.887381]],"s":0.879884,"sphereCenter":[-30.863,290.716,-45.3884],"sphereRadius":41.7564,"stabilizedPalmPosition":[-54.9926,256.887,111.881],"t":[56.4553,95.3745,-187.949],"timeVisible":0.714508,"type":"right","wrist":[-26.3541,298.996,34.2334]}],"id":295169,"interactionBox":{"center":[0,200,0],"size":[235.247,235.247,147.751]},"pointables":[{"bases":[[[0.576617,0.783552,0.231429],[-0.762275,0.414011,0.497526],[0.294023,-0.463294,0.836008]],[[0.41977,0.901316,-0.106877],[-0.879718,0.433008,0.196468],[0.223358,0.0115504,0.974668]],[[0.41977,0.901316,-0.106877],[-0.876412,0.371894,-0.305936],[-0.235998,0.222091,0.946034]],[[0.41977,0.901316,-0.106877],[-0.774547,0.294343,-0.559856],[-0.473149,0.317792,0.821668]]],"btipPosition":[-46.6908,280.399,-60.5258],"carpPosition":[-53.9999,294.692,31.3047],"dipPosition":[-56.8454,287.22,-42.8912],"direction":[0.235998,-0.222091,-0.946034],"extended":false,"handId":257,"id":2570,"length":47.7925,"mcpPosition":[-53.9999,294.692,31.3047],"pipPosition":[-64.2243,294.164,-13.3118],"stabilizedTipPosition":[-97.7923,229.055,84.1124],"timeVisible":0.714508,"tipPosition":[-50.0465,283.094,-56.705],"tipVelocity":[56.2898,56.0003,-145.901],"tool":false,"touchDistance":-0.49787,"touchZone":"touching","type":0,"width":18.5699},{"bases":[[[0.984391,-0.148383,-0.0946404],[0.169923,0.941351,0.291521],[0.045833,-0.303052,0.951871]],[[0.982033,-0.186393,0.0294717],[0.172051,0.948515,0.26593],[-0.0775219,-0.256081,0.963542]],[[0.982033,-0.186393,0.0294717],[0.180438,0.973199,0.142572],[-0.0552563,-0.134693,0.989346]],[[0.982033,-0.186393,0.0294717],[0.185062,0.981793,0.0428315],[-0.0369186,-0.0366078,0.998648]]],"btipPosition":[-40.4699,347.051,-109.168],"carpPosition":[-42.2352,312.957,30.5878],"dipPosition":[-41.0484,346.477,-93.5215],"direction":[0.0552563,0.134693,-0.989346],"extended":true,"handId":257,"id":2571,"length":53.9285,"mcpPosition":[-45.3273,333.403,-33.631],"pipPosition":[-42.2731,343.492,-71.5925],"stabilizedTipPosition":[-57.9187,319.435,-60.3518],"timeVisible":0.714508,"tipPosition":[-40.4073,345.554,-105.693],"tipVelocity":[76.6346,114.871,-157.572],"tool":false,"touchDistance":-0.511878,"touchZone":"touching","type":1,"width":17.738},{"bases":[[[0.938045,-0.346251,-0.0134703],[0.334865,0.895831,0.292151],[-0.0890907,-0.278562,0.956277]],[[0.935563,-0.353015,0.0101128],[0.244938,0.627978,-0.738681],[0.254414,0.693559,0.67398]],[[0.935563,-0.353015,0.0101128],[-0.100859,-0.294521,-0.950308],[0.338451,0.888053,-0.311148]],[[0.935563,-0.353015,0.0101128],[-0.259374,-0.706266,-0.658722],[0.239681,0.613653,-0.752319]]],"btipPosition":[-49.5005,266.366,-40.4231],"carpPosition":[-30.9988,312.933,29.4715],"dipPosition":[-45.3701,276.941,-53.3877],"direction":[-0.338451,-0.888053,0.311148],"extended":false,"handId":257,"id":2572,"length":61.4471,"mcpPosition":[-25.2988,330.755,-31.7107],"pipPosition":[-36.5443,300.099,-61.5016],"stabilizedTipPosition":[-72.3462,200.573,100.115],"timeVisible":0.714508,"tipPosition":[-48.5152,268.883,-43.4003],"tipVelocity":[8.43868,91.761,-152.172],"tool":false,"touchDistance":0.333333,"touchZone":"none","type":2,"width":17.4211},{"bases":[[[0.88678,-0.45001,0.105416],[0.398017,0.859467,0.320778],[-0.234954,-0.242502,0.94127]],[[0.887418,-0.449346,0.102844],[0.356694,0.528052,-0.770669],[0.29199,0.72059,0.628882]],[[0.887418,-0.449346,0.102844],[-0.0780003,-0.366265,-0.927236],[0.454318,0.814824,-0.360079]],[[0.887418,-0.449346,0.102844],[-0.290123,-0.717822,-0.632899],[0.358214,0.531809,-0.767374]]],"btipPosition":[-36.2854,264.594,-28.6987],"carpPosition":[-20.1393,310,28.8423],"dipPosition":[-30.1478,273.706,-41.8467],"direction":[-0.454318,-0.814824,0.360079],"extended":false,"handId":257,"id":2573,"length":59.0831,"mcpPosition":[-6.64283,323.93,-25.2271],"pipPosition":[-18.6064,294.406,-50.9941],"stabilizedTipPosition":[-58.7715,195.644,119.903],"timeVisible":0.714508,"tipPosition":[-34.7598,266.784,-31.9696],"tipVelocity":[-0.907702,82.1889,-127.517],"tool":false,"touchDistance":0.333333,"touchZone":"none","type":3,"width":16.5772},{"bases":[[[0.775591,-0.610834,0.159188],[0.508767,0.754188,0.415159],[-0.373651,-0.241004,0.895713]],[[0.685599,-0.646604,0.334451],[0.652964,0.343088,-0.675225],[0.321857,0.681318,0.65743]],[[0.685599,-0.646604,0.334451],[0.0423552,-0.423216,-0.905038],[0.726746,0.634659,-0.262769]],[[0.685599,-0.646604,0.334451],[-0.311015,-0.675552,-0.668506],[0.658197,0.354308,-0.664261]]],"btipPosition":[-25.0443,274.393,-25.2752],"carpPosition":[-11.0376,300.654,28.4585],"dipPosition":[-14.6403,279.994,-35.775],"direction":[-0.726746,-0.634659,0.262769],"extended":false,"handId":257,"id":2574,"length":46.32,"mcpPosition":[8.83101,313.469,-19.1705],"pipPosition":[-1.60537,291.377,-40.488],"stabilizedTipPosition":[-52.4282,208.341,117.543],"timeVisible":0.714508,"tipPosition":[-22.59,275.702,-27.5847],"tipVelocity":[1.92019,77.7325,-135.838],"tool":false,"touchDistance":0.333333,"touchZone":"none","type":4,"width":14.7252}],"r":[[0.701895,-0.5435,0.460382],[0.622086,0.782563,-0.0245786],[-0.346919,0.303648,0.887381]],"s":0.879884,"t":[56.4553,95.3745,-187.949],"timestamp":3050626065},false],[1,{"currentFrameRate":110.075,"devices":[],"gestures":[],"hands":[{"armBasis":[[0.953039,-0.00381633,-0.302825],[0.16653,0.841783,0.513488],[0.252953,-0.539803,0.802887]],"armWidth":58.4334,"confidence":0.645469,"direction":[0.148756,0.405931,-0.901716],"elbow":[36.3628,165.789,232.13],"grabStrength":0,"id":257,"palmNormal":[-0.18174,-0.885107,-0.428435],"palmPosition":[-26.4165,317.63,-13.4187],"palmVelocity":[28.6896,72.2479,-141.125],"palmWidth":83.4409,"pinchStrength":1,"r":[[0.697262,-0.547177,0.463058],[0.626898,0.778738,-0.0237653],[-0.347598,0.306861,0.886009]],"s":0.880867,"sphereCenter":[-31.2337,291.38,-46.2713],"sphereRadius":41.7024,"stabilizedPalmPosition":[-54.7658,257.369,110.887],"t":[56.7141,95.9545,-189.133],"timeVisible":0.723257,"type":"right","wrist":[-26.2681,299.444,33.336]}],"id":295170,"interactionBox":{"center":[0,200,0],"size":[235.247,235.247,147.751]},"pointables":[{"bases":[[[0.582723,0.779284,0.230546],[-0.759062,0.420591,0.496919],[0.290276,-0.464564,0.836612]],[[0.426539,0.897942,-0.108463],[-0.876447,0.43996,0.195641],[0.223394,0.011614,0.974659]],[[0.426539,0.897942,-0.108463],[-0.872509,0.3769,-0.310925],[-0.238313,0.227257,0.944225]],[[0.426539,0.897942,-0.108463],[-0.767538,0.295911,-0.568614],[-0.478488,0.325786,0.815422]]],"btipPosition":[-46.4521,280.725,-61.2305],"carpPosition":[-53.9465,295.355,30.409],"dipPosition":[-56.7213,287.717,-43.73],"direction":[0.238313,-0.227257,-0.944225],"extended":false,"handId":257,"id":2570,"length":47.7925,"mcpPosition":[-53.9465,295.355,30.409],"pipPosition":[-64.1726,294.823,-14.2071],"stabilizedTipPosition":[-97.5186,229.353,83.3227],"timeVisible":0.723257,"tipPosition":[-49.8338,283.43,-57.4706],"tipVelocity":[47.7064,52.1881,-129.327],"tool":false,"touchDistance":-0.48745,"touchZone":"touching","type":0,"width":18.5699},{"bases":[[[0.983207,-0.156222,-0.0943302],[0.177272,0.940344,0.290391],[0.0433372,-0.302237,0.952247]],[[0.980679,-0.193581,0.0281858],[0.179172,0.946676,0.267773],[-0.0785185,-0.25755,0.96307]],[[0.980679,-0.193581,0.0281858],[0.187642,0.971593,0.144217],[-0.0553026,-0.136141,0.989145]],[[0.980679,-0.193581,0.0281858],[0.192246,0.980352,0.0441828],[-0.0361849,-0.0379106,0.998626]]],"btipPosition":[-40.0763,347.674,-110.087],"carpPosition":[-42.0387,313.525,29.6712],"dipPosition":[-40.6432,347.08,-94.4403],"direction":[0.0553026,0.136141,-0.989145],"extended":true,"handId":257,"id":2571,"length":53.9285,"mcpPosition":[-44.9625,333.916,-34.5729],"pipPosition":[-41.869,344.063,-72.5158],"stabilizedTipPosition":[-56.9745,320.933,-62.8113],"timeVisible":0.723257,"tipPosition":[-40.0057,346.185,-106.613],"tipVelocity":[68.2337,103.042,-143.478],"tool":false,"touchDistance":-0.502802,"touchZone":"touching","type":1,"width":17.738},{"bases":[[[0.9353,-0.353621,-0.0129241],[0.341852,0.893532,0.291099],[-0.0913906,-0.276683,0.956606]],[[0.932758,-0.360345,0.0106994],[0.249667,0.624289,-0.740223],[0.260056,0.69312,0.672276]],[[0.932758,-0.360345,0.0106994],[-0.103397,-0.295841,-0.949625],[0.345358,0.884664,-0.313207]],[[0.932758,-0.360345,0.0106994],[-0.264983,-0.705432,-0.657381],[0.244431,0.610342,-0.753483]]],"btipPosition":[-49.6686,266.889,-41.2101],"carpPosition":[-30.8027,313.411,28.5564],"dipPosition":[-45.4564,277.407,-54.1948],"direction":[-0.345358,-0.884664,0.313207],"extended":false,"handId":257,"id":2572,"length":61.4471,"mcpPosition":[-24.9556,331.113,-32.6468],"pipPosition":[-36.4504,300.477,-62.3623],"stabilizedTipPosition":[-72.2324,200.904,99.4202],"timeVisible":0.723257,"tipPosition":[-48.662,269.397,-44.2195],"tipVelocity":[1.60227,82.7951,-135.636],"tool":false,"touchDistance":0.333333,"touchZone":"none","type":2,"width":17.4211},{"bases":[[[0.883207,-0.456828,0.106082],[0.404714,0.856708,0.319778],[-0.236965,-0.239497,0.941535]],[[0.883816,-0.456208,0.10365],[0.360378,0.522617,-0.772657],[0.298323,0.72024,0.626305]],[[0.883816,-0.456208,0.10365],[-0.0815788,-0.368443,-0.926064],[0.460667,0.810015,-0.362853]],[[0.883816,-0.456208,0.10365],[-0.296084,-0.716987,-0.631081],[0.36222,0.527071,-0.768761]]],"btipPosition":[-36.4865,265.032,-29.4241],"carpPosition":[-19.9665,310.393,27.9322],"dipPosition":[-30.2803,274.063,-42.596],"direction":[-0.460667,-0.810015,0.362853],"extended":false,"handId":257,"id":2573,"length":59.0831,"mcpPosition":[-6.35456,324.15,-26.1524],"pipPosition":[-18.5777,294.64,-51.8137],"stabilizedTipPosition":[-58.6605,195.978,119.19],"timeVisible":0.723257,"tipPosition":[-34.9409,267.204,-32.7347],"tipVelocity":[-6.34397,73,-115.729],"tool":false,"touchDistance":0.333333,"touchZone":"none","type":3,"width":16.5772},{"bases":[[[0.770752,-0.616708,0.160037],[0.514622,0.750678,0.414302],[-0.37564,-0.236966,0.895959]],[[0.681076,-0.651426,0.334333],[0.653352,0.33454,-0.679127],[0.330554,0.680975,0.653458]],[[0.681076,-0.651426,0.334333],[0.0352375,-0.426917,-0.903604],[0.731364,0.627204,-0.267809]],[[0.681076,-0.651426,0.334333],[-0.318486,-0.674709,-0.665834],[0.659319,0.347003,-0.666998]]],"btipPosition":[-25.2219,274.76,-25.9232],"carpPosition":[-10.9385,300.975,27.5611],"dipPosition":[-14.8002,280.245,-36.4662],"direction":[-0.731364,-0.627204,0.267809],"extended":false,"handId":257,"id":2574,"length":46.32,"mcpPosition":[9.03595,313.576,-20.0809],"pipPosition":[-1.68245,291.495,-41.2697],"stabilizedTipPosition":[-52.3119,208.607,116.97],"timeVisible":0.723257,"tipPosition":[-22.734,276.044,-28.3266],"tipVelocity":[-3.91229,67.3178,-119.584],"tool":false,"touchDistance":0.333333,"touchZone":"none","type":4,"width":14.7252}],"r":[[0.697262,-0.547177,0.463058],[0.626898,0.778738,-0.0237653],[-0.347598,0.306861,0.886009]],"s":0.880867,"t":[56.7141,95.9545,-189.133],"timestamp":3050634814},false],[2,{"currentFrameRate":110.033,"devices":[],"gestures":[],"hands":[{"armBasis":[[0.951745,-0.00980966,-0.306735],[0.172962,0.842776,0.509718],[0.253508,-0.538175,0.803804]],"armWidth":58.4334,"confidence":0.650552,"direction":[0.151795,0.402805,-0.902611],"elbow":[36.5043,166.427,232.062],"grabStrength":0,"id":257,"palmNormal":[-0.188123,-0.884726,-0.426461],"palmPosition":[-26.2756,317.76,-13.7543],"palmVelocity":[24.9801,56.0407,-111.991],"palmWidth":83.4409,"pinchStrength":1,"r":[[0.692724,-0.550894,0.465456],[0.631858,0.77473,-0.0234359],[-0.347692,0.310337,0.884761]],"s":0.881454,"sphereCenter":[-31.6028,291.697,-46.563],"sphereRadius":41.6616,"stabilizedPalmPosition":[-54.544,257.839,109.917],"t":[56.914,96.3092,-189.893],"timeVisible":0.73242,"type":"right","wrist":[-26.2642,299.678,33.0414]}],"id":295171,"interactionBox":{"center":[0,200,0],"size":[235.247,235.247,147.751]},"pointables":[{"bases":[[[0.588346,0.775547,0.228858],[-0.756036,0.427215,0.49588],[0.286806,-0.464774,0.837692]],[[0.432923,0.89461,-0.110683],[-0.873291,0.446674,0.194538],[0.223474,0.0124385,0.97463]],[[0.432923,0.89461,-0.110683],[-0.869113,0.38166,-0.31461],[-0.23921,0.232397,0.942746]],[[0.432923,0.89461,-0.110683],[-0.762963,0.298258,-0.573525],[-0.480069,0.332738,0.811677]]],"btipPosition":[-46.4185,280.806,-61.3913],"carpPosition":[-53.9712,295.783,30.1203],"dipPosition":[-56.7217,287.948,-43.9712],"direction":[0.23921,-0.232397,-0.942746],"extended":false,"handId":257,"id":2570,"length":47.7925,"mcpPosition":[-53.9712,295.783,30.1203],"pipPosition":[-64.201,295.214,-14.4945],"stabilizedTipPosition":[-97.2467,229.649,82.5377],"timeVisible":0.73242,"tipPosition":[-49.7861,283.511,-57.6632],"tipVelocity":[35.1908,41.1508,-98.7271],"tool":false,"touchDistance":-0.469727,"touchZone":"touching","type":0,"width":18.5699},{"bases":[[[0.982056,-0.163575,-0.0938605],[0.184071,0.939684,0.288293],[0.0410417,-0.300397,0.952931]],[[0.979389,-0.200158,0.0270828],[0.185731,0.945152,0.268686],[-0.079377,-0.258119,0.962847]],[[0.979389,-0.200158,0.0270828],[0.194268,0.970182,0.14494],[-0.0552861,-0.136691,0.98907]],[[0.979389,-0.200158,0.0270828],[0.198847,0.979014,0.0446345],[-0.0354484,-0.0383292,0.998636]]],"btipPosition":[-39.7924,347.931,-110.451],"carpPosition":[-41.9316,313.865,29.343],"dipPosition":[-40.3478,347.331,-94.8043],"direction":[0.0552861,0.136691,-0.98907],"extended":true,"handId":257,"id":2571,"length":53.9285,"mcpPosition":[-44.7005,334.132,-34.9473],"pipPosition":[-41.5732,344.301,-72.8815],"stabilizedTipPosition":[-56.0056,322.459,-65.3133],"timeVisible":0.73242,"tipPosition":[-39.715,346.453,-106.978],"tipVelocity":[57.9291,82.0906,-114.556],"tool":false,"touchDistance":-0.486317,"touchZone":"touching","type":1,"width":17.738},{"bases":[[[0.932707,-0.360436,-0.0120155],[0.348306,0.891678,0.289126],[-0.0934973,-0.273854,0.957216]],[[0.93011,-0.367096,0.0116527],[0.254009,0.620017,-0.742333],[0.265283,0.693411,0.66993]],[[0.93011,-0.367096,0.0116527],[-0.105767,-0.298094,-0.948659],[0.351723,0.881124,-0.316087]],[[0.93011,-0.367096,0.0116527],[-0.270177,-0.705349,-0.655353],[0.248797,0.606402,-0.755233]]],"btipPosition":[-49.9,267.111,-41.3668],"carpPosition":[-30.6967,313.667,28.2298],"dipPosition":[-45.6125,277.562,-54.3817],"direction":[-0.351723,-0.881124,0.316087],"extended":false,"handId":257,"id":2572,"length":61.4471,"mcpPosition":[-24.7147,331.188,-33.0125],"pipPosition":[-36.4406,300.539,-62.6243],"stabilizedTipPosition":[-72.1171,201.243,98.7092],"timeVisible":0.73242,"tipPosition":[-48.8738,269.607,-44.4075],"tipVelocity":[-5.35727,66.0008,-102.801],"tool":false,"touchDistance":0.333333,"touchZone":"none","type":2,"width":17.4211},{"bases":[[[0.879853,-0.462994,0.107217],[0.410895,0.854464,0.317895],[-0.238796,-0.235646,0.942044]],[[0.880471,-0.462379,0.104766],[0.366207,0.52294,-0.769692],[0.301103,0.716058,0.62976]],[[0.880471,-0.462379,0.104766],[-0.0810147,-0.364466,-0.927686],[0.467126,0.808313,-0.358361]],[[0.880471,-0.462379,0.104766],[-0.299363,-0.71357,-0.633404],[0.367631,0.526331,-0.766697]]],"btipPosition":[-36.6681,265.214,-30.063],"carpPosition":[-19.8826,310.569,27.6137],"dipPosition":[-30.3692,274.232,-43.1994],"direction":[-0.467126,-0.808313,0.358361],"extended":false,"handId":257,"id":2573,"length":59.0831,"mcpPosition":[-6.16543,324.105,-26.5002],"pipPosition":[-18.5024,294.766,-52.3031],"stabilizedTipPosition":[-58.5548,196.3,118.504],"timeVisible":0.73242,"tipPosition":[-35.1317,267.368,-33.1917],"tipVelocity":[-9.45133,58.0938,-102.655],"tool":false,"touchDistance":0.333333,"touchZone":"none","type":3,"width":16.5772},{"bases":[[[0.766234,-0.62193,0.161518],[0.52002,0.747851,0.412671],[-0.377444,-0.23221,0.896445]],[[0.676481,-0.655565,0.335573],[0.655108,0.327481,-0.680874],[0.336463,0.680434,0.651001]],[[0.676481,-0.655565,0.335573],[0.0310298,-0.429879,-0.902353],[0.735806,0.620837,-0.270463]],[[0.676481,-0.655565,0.335573],[-0.32401,-0.674117,-0.663765],[0.661356,0.340295,-0.668437]]],"btipPosition":[-25.4142,274.855,-26.0953],"carpPosition":[-10.9232,301.085,27.2648],"dipPosition":[-14.9603,280.234,-36.6611],"direction":[-0.735806,-0.620837,0.270463],"extended":false,"handId":257,"id":2574,"length":46.32,"mcpPosition":[9.14719,313.432,-20.4031],"pipPosition":[-1.76281,291.369,-41.5122],"stabilizedTipPosition":[-52.2008,208.863,116.418],"timeVisible":0.73242,"tipPosition":[-22.9125,276.113,-28.5292],"tipVelocity":[-8.44515,50.6858,-91.6419],"tool":false,"touchDistance":0.333333,"touchZone":"none","type":4,"width":14.7252}],"r":[[0.692724,-0.550894,0.465456],[0.631858,0.77473,-0.0234359],[-0.347692,0.310337,0.884761]],"s":0.881454,"t":[56.914,96.3092,-189.893],"timestamp":3050643977},false],[3,{"currentFrameRate":110.156,"devices":[],"gestures":[],"hands":[{"armBasis":[[0.951227,-0.0157169,-0.308092],[0.178785,0.841969,0.509042],[0.251403,-0.539296,0.803714]],"armWidth":58.4334,"confidence":0.65302,"direction":[0.153103,0.402168,-0.902674],"elbow":[36.1376,166.449,231.719],"grabStrength":0,"id":257,"palmNormal":[-0.193952,-0.883449,-0.426499],"palmPosition":[-26.0699,318.074,-14.0695],"palmVelocity":[24.5008,50.4616,-91.2855],"palmWidth":83.4409,"pinchStrength":1,"r":[[0.688521,-0.554701,0.467167],[0.636726,0.770739,-0.0232667],[-0.347158,0.313477,0.883863]],"s":0.881914,"sphereCenter":[-31.8228,292.212,-46.8942],"sphereRadius":41.6448,"stabilizedPalmPosition":[-54.3321,258.287,108.994],"t":[57.1168,96.6436,-190.43],"timeVisible":0.74128,"type":"right","wrist":[-26.1097,299.978,32.7206]}],"id":295172,"interactionBox":{"center":[0,200,0],"size":[235.247,235.247,147.751]},"pointables":[{"bases":[[[0.59327,0.771931,0.228371],[-0.75285,0.43159,0.496937],[0.285038,-0.466747,0.837198]],[[0.438505,0.891932,-0.110317],[-0.870039,0.452064,0.19665],[0.225269,0.00974812,0.974248]],[[0.438505,0.891932,-0.110317],[-0.866746,0.387247,-0.314312],[-0.237625,0.233444,0.942888]],[[0.438505,0.891932,-0.110317],[-0.762066,0.303945,-0.571728],[-0.476412,0.334774,0.812993]]],"btipPosition":[-46.5006,281.32,-61.6944],"carpPosition":[-53.8432,296.25,29.8324],"dipPosition":[-56.7253,288.505,-44.246],"direction":[0.237625,-0.233444,-0.942888],"extended":false,"handId":257,"id":2570,"length":47.7925,"mcpPosition":[-53.8432,296.25,29.8324],"pipPosition":[-64.1551,295.804,-14.7649],"stabilizedTipPosition":[-96.9779,229.945,81.7589],"timeVisible":0.74128,"tipPosition":[-49.8088,283.983,-57.949],"tipVelocity":[23.6969,46.0208,-81.0466],"tool":false,"touchDistance":-0.455536,"touchZone":"touching","type":0,"width":18.5699},{"bases":[[[0.98094,-0.169437,-0.0951158],[0.190061,0.938472,0.288352],[0.0404063,-0.300934,0.952789]],[[0.97833,-0.205615,0.0243502],[0.19146,0.943154,0.271667],[-0.0788247,-0.261118,0.962083]],[[0.97833,-0.205615,0.0243502],[0.199891,0.968602,0.147831],[-0.0539818,-0.13976,0.988713]],[[0.97833,-0.205615,0.0243502],[0.204317,0.977761,0.0473169],[-0.0335377,-0.0413164,0.998583]]],"btipPosition":[-39.5947,348.595,-110.7],"carpPosition":[-41.6962,314.26,29.0458],"dipPosition":[-40.1202,347.948,-95.0539],"direction":[0.0539818,0.13976,-0.988713],"extended":true,"handId":257,"id":2571,"length":53.9285,"mcpPosition":[-44.4222,334.563,-35.2349],"pipPosition":[-41.3167,344.85,-73.139],"stabilizedTipPosition":[-55.0458,323.99,-67.7755],"timeVisible":0.74128,"tipPosition":[-39.5103,347.118,-107.232],"tipVelocity":[48.4888,79.8235,-91.1299],"tool":false,"touchDistance":-0.469752,"touchZone":"touching","type":1,"width":17.738},{"bases":[[[0.930511,-0.366023,-0.01327],[0.354005,0.889482,0.288968],[-0.0939657,-0.273586,0.957247]],[[0.927901,-0.37268,0.0104168],[0.255992,0.616561,-0.744527],[0.271048,0.693515,0.667511]],[[0.927901,-0.37268,0.0104168],[-0.109722,-0.299675,-0.947711],[0.356315,0.878239,-0.31896]],[[0.927901,-0.37268,0.0104168],[-0.275676,-0.704654,-0.653809],[0.251002,0.603799,-0.756588]]],"btipPosition":[-50.05,267.537,-41.4746],"carpPosition":[-30.464,313.995,27.9187],"dipPosition":[-45.7245,277.943,-54.5128],"direction":[-0.356315,-0.878239,0.31896],"extended":false,"handId":257,"id":2572,"length":61.4471,"mcpPosition":[-24.4521,331.499,-33.3255],"pipPosition":[-36.4328,300.845,-62.8304],"stabilizedTipPosition":[-71.9983,201.597,97.9719],"timeVisible":0.74128,"tipPosition":[-49.009,270.035,-44.5878],"tipVelocity":[-8.22439,60.8294,-78.4083],"tool":false,"touchDistance":0.333333,"touchZone":"none","type":2,"width":17.4211},{"bases":[[[0.877189,-0.468299,0.105996],[0.416406,0.851883,0.317649],[-0.239051,-0.234501,0.942265]],[[0.877797,-0.467699,0.10359],[0.37033,0.525381,-0.766048],[0.303856,0.710797,0.634381]],[[0.877797,-0.467699,0.10359],[-0.0814094,-0.358749,-0.929877],[0.472065,0.80781,-0.352984]],[[0.877797,-0.467699,0.10359],[-0.302773,-0.70926,-0.636615],[0.371216,0.527455,-0.764192]]],"btipPosition":[-36.74,265.62,-30.7698],"carpPosition":[-19.6695,310.832,27.2884],"dipPosition":[-30.3797,274.658,-43.8633],"direction":[-0.472065,-0.80781,0.352984],"extended":false,"handId":257,"id":2573,"length":59.0831,"mcpPosition":[-5.9377,324.302,-26.8381],"pipPosition":[-18.3875,295.179,-52.8304],"stabilizedTipPosition":[-58.4605,196.589,117.886],"timeVisible":0.74128,"tipPosition":[-35.218,267.762,-33.7416],"tipVelocity":[-8.65812,54.9146,-96.1532],"tool":false,"touchDistance":0.333333,"touchZone":"none","type":3,"width":16.5772},{"bases":[[[0.762685,-0.626568,0.160389],[0.525005,0.744589,0.412259],[-0.377732,-0.230219,0.896838]],[[0.672747,-0.659756,0.334864],[0.657507,0.325583,-0.67947],[0.339258,0.677287,0.652829]],[[0.672747,-0.659756,0.334864],[0.0299188,-0.427969,-0.903298],[0.739268,0.61771,-0.268175]],[[0.672747,-0.659756,0.334864],[-0.327132,-0.671197,-0.665192],[0.663624,0.337961,-0.667372]]],"btipPosition":[-25.4319,275.153,-26.5724],"carpPosition":[-10.7676,301.294,26.9257],"dipPosition":[-14.9421,280.495,-37.1214],"direction":[-0.739268,-0.61771,0.268175],"extended":false,"handId":257,"id":2574,"length":46.32,"mcpPosition":[9.31806,313.536,-20.7631],"pipPosition":[-1.68258,291.575,-41.9314],"stabilizedTipPosition":[-52.1011,209.094,115.921],"timeVisible":0.74128,"tipPosition":[-22.9458,276.406,-28.9485],"tipVelocity":[-6.44581,45.8266,-81.2844],"tool":false,"touchDistance":0.333333,"touchZone":"none","type":4,"width":14.7252}],"r":[[0.688521,-0.554701,0.467167],[0.636726,0.770739,-0.0232667],[-0.347158,0.313477,0.883863]],"s":0.881914,"t":[57.1168,96.6436,-190.43],"timestamp":3050652837},false],[4,{"currentFrameRate":110.234,"devices":[],"gestures":[],"hands":[{"armBasis":[[0.951641,-0.0203694,-0.306537],[0.183162,0.838685,0.512893],[0.246641,-0.544236,0.801858]],"armWidth":58.4334,"confidence":0.660502,"direction":[0.155755,0.401155,-0.902671],"elbow":[35.0674,165.646,230.87],"grabStrength":0,"id":257,"palmNormal":[-0.199386,-0.882246,-0.426482],"palmPosition":[-25.8404,318.491,-14.4603],"palmVelocity":[24.8258,49.4455,-78.3188],"palmWidth":83.4409,"pinchStrength":1,"r":[[0.684429,-0.558575,0.468563],[0.641559,0.766725,-0.0231092],[-0.346351,0.316427,0.883128]],"s":0.882015,"sphereCenter":[-31.9728,292.824,-47.3159],"sphereRadius":41.633,"stabilizedPalmPosition":[-54.1056,258.766,108.013],"t":[57.3329,97.0195,-190.894],"timeVisible":0.750212,"type":"right","wrist":[-26.0006,300.399,32.3308]}],"id":295173,"interactionBox":{"center":[0,200,0],"size":[235.247,235.247,147.751]},"pointables":[{"bases":[[[0.598034,0.76823,0.228426],[-0.750226,0.436303,0.496791],[0.281986,-0.468469,0.83727]],[[0.444474,0.889063,-0.109592],[-0.866792,0.457731,0.197875],[0.226087,0.00704366,0.974082]],[[0.444474,0.889063,-0.109592],[-0.86376,0.392937,-0.315467],[-0.237407,0.234879,0.942587]],[[0.444474,0.889063,-0.109592],[-0.759749,0.309325,-0.571927],[-0.474579,0.337469,0.812951]]],"btipPosition":[-46.4974,281.935,-62.0706],"carpPosition":[-53.7564,296.844,29.4382],"dipPosition":[-56.6828,289.177,-44.6232],"direction":[0.237407,-0.234879,-0.942587],"extended":false,"handId":257,"id":2570,"length":47.7925,"mcpPosition":[-53.7564,296.844,29.4382],"pipPosition":[-64.1057,296.521,-15.1515],"stabilizedTipPosition":[-96.6671,230.291,80.8561],"timeVisible":0.750212,"tipPosition":[-49.7502,284.551,-58.3208],"tipVelocity":[17.6061,52.6429,-70.4342],"tool":false,"touchDistance":-0.443963,"touchZone":"touching","type":0,"width":18.5699},{"bases":[[[0.979881,-0.175554,-0.0949463],[0.195861,0.937285,0.288332],[0.038374,-0.301127,0.952812]],[[0.977153,-0.211282,0.0230499],[0.196976,0.941004,0.275157],[-0.079826,-0.264331,0.961123]],[[0.977153,-0.211282,0.0230499],[0.205509,0.966929,0.151047],[-0.0542013,-0.142859,0.988258]],[[0.977153,-0.211282,0.0230499],[0.209942,0.976427,0.0501456],[-0.0331015,-0.0441608,0.998476]]],"btipPosition":[-39.2212,349.366,-111.045],"carpPosition":[-41.4972,314.777,28.6526],"dipPosition":[-39.7398,348.674,-95.4007],"direction":[0.0542013,0.142859,-0.988258],"extended":true,"handId":257,"id":2571,"length":53.9285,"mcpPosition":[-44.0862,335.093,-35.6296],"pipPosition":[-40.9412,345.507,-73.4959],"stabilizedTipPosition":[-53.9906,325.684,-70.4409],"timeVisible":0.750212,"tipPosition":[-39.1411,347.883,-107.583],"tipVelocity":[46.7182,81.2581,-76.8214],"tool":false,"touchDistance":-0.456293,"touchZone":"touching","type":1,"width":17.738},{"bases":[[[0.928213,-0.371818,-0.0130981],[0.359496,0.887273,0.288978],[-0.0958256,-0.272942,0.957246]],[[0.925557,-0.378459,0.0105956],[0.260071,0.615191,-0.744247],[0.275148,0.691599,0.667821]],[[0.925557,-0.378459,0.0105956],[-0.111247,-0.298602,-0.947872],[0.361894,0.876131,-0.318475]],[[0.925557,-0.378459,0.0105956],[-0.279843,-0.702696,-0.654145],[0.255013,0.602484,-0.756295]]],"btipPosition":[-50.1295,268.106,-41.8974],"carpPosition":[-30.2667,314.442,27.5274],"dipPosition":[-45.7349,278.488,-54.9305],"direction":[-0.361894,-0.876131,0.318475],"extended":false,"handId":257,"id":2572,"length":61.4471,"mcpPosition":[-24.1358,331.905,-33.7168],"pipPosition":[-36.2978,301.335,-63.2354],"stabilizedTipPosition":[-71.8639,202.001,97.1328],"timeVisible":0.750212,"tipPosition":[-49.0736,270.594,-44.9954],"tipVelocity":[-7.92585,61.435,-69.8931],"tool":false,"touchDistance":0.333333,"touchZone":"none","type":2,"width":17.4211},{"bases":[[[0.874236,-0.473752,0.106164],[0.421656,0.849288,0.317671],[-0.240662,-0.232955,0.942239]],[[0.874833,-0.47317,0.103816],[0.376668,0.529667,-0.759983],[0.304613,0.703962,0.641598]],[[0.874833,-0.47317,0.103816],[-0.0789574,-0.35072,-0.933146],[0.477947,0.808149,-0.344181]],[[0.874833,-0.47317,0.103816],[-0.30451,-0.703817,-0.641807],[0.376751,0.52986,-0.759807]]],"btipPosition":[-36.7453,266.142,-31.7521],"carpPosition":[-19.492,311.212,26.899],"dipPosition":[-30.2901,275.22,-44.7705],"direction":[-0.477947,-0.808149,0.344181],"extended":false,"handId":257,"id":2573,"length":59.0831,"mcpPosition":[-5.6677,324.593,-27.226],"pipPosition":[-18.1485,295.75,-53.514],"stabilizedTipPosition":[-58.3727,196.86,117.309],"timeVisible":0.750212,"tipPosition":[-35.2384,268.273,-34.5061],"tipVelocity":[-5.79242,56.1462,-99.3981],"tool":false,"touchDistance":0.333333,"touchZone":"none","type":3,"width":16.5772},{"bases":[[[0.758738,-0.631301,0.160547],[0.529569,0.741324,0.412305],[-0.379306,-0.22781,0.896788]],[[0.668301,-0.663968,0.33544],[0.661278,0.323724,-0.676694],[0.340713,0.674054,0.655413]],[[0.668301,-0.663968,0.33544],[0.03072,-0.425909,-0.904244],[0.743256,0.614612,-0.264238]],[[0.668301,-0.663968,0.33544],[-0.328951,-0.668217,-0.667291],[0.667207,0.335608,-0.664983]]],"btipPosition":[-25.4056,275.547,-27.1494],"carpPosition":[-10.6497,301.619,26.5383],"dipPosition":[-14.8593,280.852,-37.6606],"direction":[-0.743257,-0.614612,0.264238],"extended":false,"handId":257,"id":2574,"length":46.32,"mcpPosition":[9.51965,313.733,-21.1479],"pipPosition":[-1.52815,291.876,-42.4],"stabilizedTipPosition":[-52.0058,209.315,115.445],"timeVisible":0.750212,"tipPosition":[-22.9346,276.795,-29.4522],"tipVelocity":[-3.48783,45.1019,-76.466],"tool":false,"touchDistance":0.333333,"touchZone":"none","type":4,"width":14.7252}],"r":[[0.684429,-0.558575,0.468563],[0.641559,0.766725,-0.0231092],[-0.346351,0.316427,0.883128]],"s":0.882015,"t":[57.3329,97.0195,-190.894],"timestamp":3050661769},false],[5,{"currentFrameRate":110.258,"devices":[],"gestures":[],"hands":[{"armBasis":[[0.950794,-0.0284165,-0.308518],[0.189865,0.840335,0.507728],[0.244831,-0.541322,0.804381]],"armWidth":58.4334,"confidence":0.665903,"direction":[0.162891,0.392608,-0.905166],"elbow":[34.641,167.362,230.441],"grabStrength":0,"id":257,"palmNormal":[-0.206959,-0.883413,-0.420416],"palmPosition":[-25.476,319.123,-15.6505],"palmVelocity":[29.1054,55.1059,-93.0529],"palmWidth":83.4409,"pinchStrength":1,"r":[[0.679668,-0.562324,0.471002],[0.646981,0.762137,-0.0237038],[-0.345639,0.32084,0.881814]],"s":0.882288,"sphereCenter":[-32.0262,293.457,-48.3546],"sphereRadius":41.6322,"stabilizedPalmPosition":[-53.8691,259.264,106.991],"t":[57.6232,97.5234,-191.721],"timeVisible":0.759239,"type":"right","wrist":[-25.9789,301.393,31.2766]}],"id":295174,"interactionBox":{"center":[0,200,0],"size":[235.247,235.247,147.751]},"pointables":[{"bases":[[[0.605085,0.76382,0.224613],[-0.747396,0.447731,0.490853],[0.274357,-0.464883,0.841791]],[[0.454694,0.883393,-0.113448],[-0.861982,0.468531,0.193561],[0.224144,0.00977845,0.974507]],[[0.454694,0.883393,-0.113448],[-0.857893,0.400178,-0.3223],[-0.239319,0.243874,0.939815]],[[0.454694,0.883393,-0.113448],[-0.752936,0.313218,-0.578776],[-0.475753,0.348585,0.807557]]],"btipPosition":[-46.3268,282.545,-63.0103],"carpPosition":[-53.7597,298.099,28.3155],"dipPosition":[-56.5374,290.026,-45.6786],"direction":[0.239319,-0.243874,-0.939815],"extended":false,"handId":257,"id":2570,"length":47.7925,"mcpPosition":[-53.7597,298.099,28.3155],"pipPosition":[-64.0201,297.652,-16.2936],"stabilizedTipPosition":[-96.3189,230.683,79.8413],"timeVisible":0.759239,"tipPosition":[-49.529,285.124,-59.2948],"tipVelocity":[17.7842,58.4356,-80.5126],"tool":false,"touchDistance":-0.442395,"touchZone":"touching","type":0,"width":18.5699},{"bases":[[[0.978349,-0.186263,-0.0902218],[0.204462,0.937423,0.281838],[0.0320801,-0.294183,0.955211]],[[0.975007,-0.2206,0.0264116],[0.205298,0.939999,0.272495],[-0.0849394,-0.260263,0.961795]],[[0.975007,-0.2206,0.0264116],[0.214428,0.965454,0.148048],[-0.0581586,-0.138685,0.988627]],[[0.975007,-0.2206,0.0264116],[0.21923,0.974551,0.0467731],[-0.0360576,-0.0398139,0.998556]]],"btipPosition":[-38.279,349.699,-112.46],"carpPosition":[-41.3152,315.9,27.4353],"dipPosition":[-38.844,349.075,-96.8145],"direction":[0.0581586,0.138685,-0.988627],"extended":true,"handId":257,"id":2571,"length":53.9285,"mcpPosition":[-43.4795,335.747,-37.0087],"pipPosition":[-40.1331,346.001,-74.9015],"stabilizedTipPosition":[-52.9192,327.326,-73.0826],"timeVisible":0.759239,"tipPosition":[-38.2213,348.23,-108.993],"tipVelocity":[62.2632,69.5333,-98.8178],"tool":false,"touchDistance":-0.460219,"touchZone":"touching","type":1,"width":17.738},{"bases":[[[0.924401,-0.381356,-0.00705566],[0.367575,0.885752,0.283431],[-0.101838,-0.264597,0.958967]],[[0.921603,-0.387778,0.0166438],[0.269452,0.608344,-0.746534],[0.279364,0.692492,0.665139]],[[0.921603,-0.387778,0.0166438],[-0.110242,-0.302636,-0.946709],[0.37215,0.870655,-0.32166]],[[0.921603,-0.387778,0.0166438],[-0.284337,-0.70371,-0.651111],[0.264199,0.595333,-0.7588]]],"btipPosition":[-50.1752,268.798,-42.9386],"carpPosition":[-30.085,315.442,26.3514],"dipPosition":[-45.6223,279.057,-56.015],"direction":[-0.37215,-0.870655,0.32166],"extended":false,"handId":257,"id":2572,"length":61.4471,"mcpPosition":[-23.5694,332.371,-35.0029],"pipPosition":[-35.9177,301.762,-64.4029],"stabilizedTipPosition":[-71.7229,202.43,96.2452],"timeVisible":0.759239,"tipPosition":[-49.0886,271.243,-45.9855],"tipVelocity":[-6.02619,64.7699,-82.7096],"tool":false,"touchDistance":0.333333,"touchZone":"none","type":2,"width":17.4211},{"bases":[[[0.868982,-0.481816,0.112795],[0.429246,0.847356,0.312628],[-0.246207,-0.223251,0.943155]],[[0.869592,-0.48126,0.110449],[0.384616,0.519921,-0.762727],[0.309645,0.705742,0.637219]],[[0.869592,-0.48126,0.110449],[-0.0794077,-0.357076,-0.930694],[0.487344,0.800553,-0.348726]],[[0.869592,-0.48126,0.110449],[-0.309534,-0.705591,-0.63744],[0.384706,0.520125,-0.762542]]],"btipPosition":[-36.8578,266.756,-32.5771],"carpPosition":[-19.3418,312.097,25.7849],"dipPosition":[-30.2663,275.668,-45.6424],"direction":[-0.487344,-0.800553,0.348726],"extended":false,"handId":257,"id":2573,"length":59.0831,"mcpPosition":[-5.19899,324.921,-28.3927],"pipPosition":[-17.886,296.005,-54.5013],"stabilizedTipPosition":[-58.2887,197.123,116.751],"timeVisible":0.759239,"tipPosition":[-35.3197,268.85,-35.3437],"tipVelocity":[-6.67103,58.2624,-97.5223],"tool":false,"touchDistance":0.333333,"touchZone":"none","type":3,"width":16.5772},{"bases":[[[0.751697,-0.637757,0.167981],[0.535729,0.739025,0.408455],[-0.384637,-0.217042,0.897188]],[[0.660266,-0.668169,0.342926],[0.668105,0.313992,-0.67457],[0.343051,0.674507,0.653726]],[[0.660266,-0.668169,0.342926],[0.0321519,-0.431041,-0.901759],[0.750343,0.606427,-0.263119]],[[0.660266,-0.668169,0.342926],[-0.331682,-0.66909,-0.66506],[0.673821,0.325374,-0.663397]]],"btipPosition":[-25.3768,276.062,-28.1714],"carpPosition":[-10.5969,302.412,25.528],"dipPosition":[-14.7259,281.205,-38.6576],"direction":[-0.750343,-0.606427,0.263119],"extended":false,"handId":257,"id":2574,"length":46.32,"mcpPosition":[9.85593,313.953,-22.1795],"pipPosition":[-1.26768,292.082,-43.3769],"stabilizedTipPosition":[-51.9174,209.522,115.001],"timeVisible":0.759239,"tipPosition":[-22.9074,277.277,-30.4168],"tipVelocity":[-0.915594,47.2342,-86.4076],"tool":false,"touchDistance":0.333333,"touchZone":"none","type":4,"width":14.7252}],"r":[[0.679668,-0.562324,0.471002],[0.646981,0.762137,-0.0237038],[-0.345639,0.32084,0.881814]],"s":0.882288,"t":[57.6232,97.5234,-191.721],"timestamp":3050670796},false],[6,{"currentFrameRate":110.267,"devices":[],"gestures":[],"hands":[{"armBasis":[[0.950177,-0.0325976,-0.310003],[0.193864,0.840575,0.505816],[0.244092,-0.540713,0.805015]],"armWidth":58.4334,"confidence":0.67425,"direction":[0.166608,0.388403,-0.906303],"elbow":[34.5212,168.096,229.979],"grabStrength":0,"id":257,"palmNormal":[-0.211518,-0.883674,-0.417589],"palmPosition":[-25.2355,319.536,-16.3312],"palmVelocity":[28.4058,52.471,-88.1252],"palmWidth":83.4409,"pinchStrength":1,"r":[[0.675023,-0.565754,0.473567],[0.652199,0.757652,-0.0245039],[-0.344936,0.3254,0.880417]],"s":0.882838,"sphereCenter":[-32.1148,293.963,-48.9786],"sphereRadius":41.6405,"stabilizedPalmPosition":[-53.6256,259.777,105.942],"t":[57.8886,97.9816,-192.475],"timeVisible":0.768292,"type":"right","wrist":[-25.9158,301.976,30.6579]}],"id":295175,"interactionBox":{"center":[0,200,0],"size":[235.247,235.247,147.751]},"pointables":[{"bases":[[[0.609234,0.761036,0.222839],[-0.7455,0.453882,0.488079],[0.270303,-0.463481,0.843873]],[[0.460973,0.880026,-0.11427],[-0.858592,0.47484,0.193254],[0.224329,0.00902654,0.974472]],[[0.460973,0.880026,-0.11427],[-0.854365,0.405297,-0.325262],[-0.239925,0.247565,0.938694]],[[0.460973,0.880026,-0.11427],[-0.749092,0.316844,-0.581783],[-0.475779,0.353786,0.805277]]],"btipPosition":[-46.2669,283.089,-63.5753],"carpPosition":[-53.7108,298.836,27.665],"dipPosition":[-56.478,290.682,-46.2925],"direction":[0.239925,-0.247565,-0.938694],"extended":false,"handId":257,"id":2570,"length":47.7925,"mcpPosition":[-53.7108,298.836,27.665],"pipPosition":[-63.9797,298.423,-16.9426],"stabilizedTipPosition":[-95.9254,231.13,78.691],"timeVisible":0.768292,"tipPosition":[-49.3933,285.582,-59.8631],"tipVelocity":[14.6994,59.6822,-75.8596],"tool":false,"touchDistance":-0.435132,"touchZone":"touching","type":0,"width":18.5699},{"bases":[[[0.977371,-0.19235,-0.0880203],[0.209555,0.937203,0.278815],[0.0288626,-0.290951,0.956302]],[[0.973784,-0.225838,0.0272386],[0.210062,0.938722,0.273266],[-0.0872833,-0.260381,0.961553]],[[0.973784,-0.225838,0.0272386],[0.21947,0.964244,0.148547],[-0.0598123,-0.138675,0.98853]],[[0.973784,-0.225838,0.0272386],[0.224427,0.973361,0.0469153],[-0.0371083,-0.0395722,0.998527]]],"btipPosition":[-37.7615,350.142,-113.216],"carpPosition":[-41.1602,316.56,26.7408],"dipPosition":[-38.3429,349.522,-97.5709],"direction":[0.0598123,0.138675,-0.98853],"extended":true,"handId":257,"id":2571,"length":53.9285,"mcpPosition":[-43.1074,336.189,-37.7769],"pipPosition":[-39.6686,346.448,-75.6601],"stabilizedTipPosition":[-51.8823,328.891,-75.6041],"timeVisible":0.768292,"tipPosition":[-37.7175,348.675,-109.751],"tipVelocity":[60.7426,63.8608,-94.5961],"tool":false,"touchDistance":-0.453872,"touchZone":"touching","type":1,"width":17.738},{"bases":[[[0.922144,-0.386823,-0.00424402],[0.372357,0.884576,0.280848],[-0.104885,-0.260563,0.959743]],[[0.919269,-0.393148,0.0194869],[0.27516,0.60641,-0.746025],[0.281481,0.69116,0.665633]],[[0.919269,-0.393148,0.0194869],[-0.109251,-0.302388,-0.946903],[0.378165,0.86833,-0.320927]],[[0.919269,-0.393148,0.0194869],[-0.286791,-0.702848,-0.650965],[0.269622,0.592824,-0.758857]]],"btipPosition":[-50.1704,269.293,-43.7034],"carpPosition":[-29.9312,316.032,25.6763],"dipPosition":[-45.524,279.509,-56.7807],"direction":[-0.378165,-0.86833,0.320927],"extended":false,"handId":257,"id":2572,"length":61.4471,"mcpPosition":[-23.2207,332.702,-35.7277],"pipPosition":[-35.6626,302.152,-65.1496],"stabilizedTipPosition":[-71.5814,202.863,95.3507],"timeVisible":0.768292,"tipPosition":[-49.0717,271.709,-46.6665],"tipVelocity":[-3.56128,61.6659,-83.2041],"tool":false,"touchDistance":0.333333,"touchZone":"none","type":2,"width":17.4211},{"bases":[[[0.865947,-0.486526,0.115877],[0.433755,0.845922,0.310279],[-0.248982,-0.218423,0.943557]],[[0.866515,-0.486025,0.113717],[0.388604,0.513884,-0.764794],[0.313272,0.706896,0.63416]],[[0.866515,-0.486025,0.113717],[-0.0805435,-0.360981,-0.929089],[0.49261,0.79591,-0.351941]],[[0.866515,-0.486025,0.113717],[-0.31296,-0.706484,-0.634773],[0.388855,0.514452,-0.764285]]],"btipPosition":[-36.9171,267.171,-33.0097],"carpPosition":[-19.2071,312.622,25.1385],"dipPosition":[-30.2545,275.986,-46.1048],"direction":[-0.49261,-0.79591,0.351941],"extended":false,"handId":257,"id":2573,"length":59.0831,"mcpPosition":[-4.90485,325.168,-29.0622],"pipPosition":[-17.7404,296.205,-55.0454],"stabilizedTipPosition":[-58.2057,197.384,116.198],"timeVisible":0.768292,"tipPosition":[-35.3569,269.245,-35.8223],"tipVelocity":[-6.14017,54.1549,-84.0065],"tool":false,"touchDistance":0.333333,"touchZone":"none","type":3,"width":16.5772},{"bases":[[[0.747658,-0.641574,0.171434],[0.539449,0.737308,0.406659],[-0.387302,-0.211562,0.897351]],[[0.655684,-0.670835,0.346493],[0.67102,0.307359,-0.674731],[0.346136,0.674915,0.651675]],[[0.655684,-0.670835,0.346493],[0.0309079,-0.434678,-0.900055],[0.754402,0.600862,-0.264277]],[[0.655684,-0.670835,0.346493],[-0.334678,-0.669592,-0.663052],[0.676808,0.318789,-0.663555]]],"btipPosition":[-25.3774,276.433,-28.6884],"carpPosition":[-10.5191,302.884,24.9298],"dipPosition":[-14.6793,281.472,-39.1771],"direction":[-0.754402,-0.600862,0.264277],"extended":false,"handId":257,"id":2574,"length":46.32,"mcpPosition":[10.0754,314.134,-22.7862],"pipPosition":[-1.14824,292.249,-43.9172],"stabilizedTipPosition":[-51.8342,209.717,114.582],"timeVisible":0.768292,"tipPosition":[-22.8951,277.624,-30.9405],"tipVelocity":[-0.349405,44.795,-78.3397],"tool":false,"touchDistance":0.333333,"touchZone":"none","type":4,"width":14.7252}],"r":[[0.675023,-0.5