{"sensorType":"Leap","data":[[0,{"currentFrameRate":109.479,"devices":[],"gestures":[],"hands":[{"armBasis":[[0.948699,0.244194,-0.200845],[-0.128601,0.878323,0.460446],[0.288845,-0.410996,0.864668]],"armWidth":58.4334,"confidence":0.653278,"direction":[0.0335559,0.371351,-0.927886],"elbow":[40.7702,197.96,253.403],"grabStrength":0,"id":223,"palmNormal":[0.125765,-0.922598,-0.364686],"palmPosition":[-35.5184,313.726,-8.62484],"palmVelocity":[1.25937,-21.7153,-154.137],"palmWidth":83.4409,"pinchStrength":0.563373,"r":[[0.757251,0.204493,0.620284],[-0.192152,0.977442,-0.0876583],[-0.624218,-0.0528095,0.779463]],"s":1.10775,"sphereCenter":[-34.5975,284.458,-39.7541],"sphereRadius":43.0021,"stabilizedPalmPosition":[-74.7082,307.764,127.168],"t":[86.3806,75.0887,-231.097],"timeVisible":0.867616,"type":"right","wrist":[-30.7475,299.722,39.3115]}],"id":269696,"interactionBox":{"center":[0,200,0],"size":[235.247,235.247,147.751]},"pointables":[{"bases":[[[0.293034,0.939693,0.176375],[-0.867287,0.183606,0.462712],[0.402424,-0.288558,0.868786]],[[0.204408,0.978871,-0.00528781],[-0.918345,0.193634,0.345178],[0.338909,-0.0657011,0.938522]],[[0.204408,0.978871,-0.00528781],[-0.956334,0.198543,-0.214488],[-0.208907,0.0489,0.976712]],[[0.204408,0.978871,-0.00528781],[-0.797721,0.163445,-0.580455],[-0.567326,0.122868,0.814275]]],"btipPosition":[-52.3339,285.53,-54.3953],"carpPosition":[-55.5277,286.688,36.5811],"dipPosition":[-64.5098,288.167,-36.9194],"direction":[0.208907,-0.0489,-0.976712],"extended":false,"handId":223,"id":2230,"length":47.7925,"mcpPosition":[-55.5277,286.688,36.5811],"pipPosition":[-71.0416,289.696,-6.38076],"stabilizedTipPosition":[-104.817,275.307,98.0789],"timeVisible":0.867616,"tipPosition":[-54.3422,284.986,-50.0472],"tipVelocity":[-6.23648,33.5837,-176.488],"tool":false,"touchDistance":-0.51868,"touchZone":"hovering","type":0,"width":18.5699},{"bases":[[[0.983051,0.165326,-0.0792349],[-0.144161,0.964093,0.223028],[0.113262,-0.207825,0.971586]],[[0.988642,0.149999,-0.00936889],[-0.144695,0.966829,0.210488],[0.0406312,-0.206742,0.977551]],[[0.988642,0.149999,-0.00936889],[-0.148575,0.984842,0.0895035],[0.0226523,-0.0870949,0.995942]],[[0.988642,0.149999,-0.00936889],[-0.150076,0.988641,-0.00808792],[0.00804929,0.0094021,0.999923]]],"btipPosition":[-59.9905,331.597,-107.215],"carpPosition":[-50.1202,307.648,34.5897],"dipPosition":[-59.8644,331.745,-91.5478],"direction":[-0.0226523,0.0870949,-0.995942],"extended":true,"handId":223,"id":2231,"length":53.9285,"mcpPosition":[-57.7615,321.669,-30.9591],"pipPosition":[-59.3623,329.814,-69.4727],"stabilizedTipPosition":[-111.204,322.815,34.3362],"timeVisible":0.867616,"tipPosition":[-59.1755,330.421,-103.685],"tipVelocity":[5.99923,13.8618,-155.499],"tool":false,"touchDistance":-0.510381,"touchZone":"touching","type":1,"width":17.738},{"bases":[[[0.999391,-0.0310653,0.0159064],[0.0266323,0.973367,0.227699],[-0.0225563,-0.227136,0.973602]],[[0.998262,-0.0378755,0.0451505],[0.0583431,0.527005,-0.847857],[0.00831846,0.849018,0.528299]],[[0.998262,-0.0378755,0.0451505],[0.0163,-0.558795,-0.829145],[0.0566341,0.82844,-0.557207]],[[0.998262,-0.0378755,0.0451505],[-0.0155768,-0.908459,-0.417683],[0.0568373,0.416254,-0.90747]]],"btipPosition":[-40.8064,259.34,-21.9456],"carpPosition":[-39.4255,311.112,33.5279],"dipPosition":[-39.8269,266.513,-37.5839],"direction":[-0.0566341,-0.82844,0.557207],"extended":false,"handId":223,"id":2232,"length":61.4471,"mcpPosition":[-37.9824,325.644,-28.7627],"pipPosition":[-38.3501,288.116,-52.1142],"stabilizedTipPosition":[-85.4818,257.743,106.483],"timeVisible":0.867616,"tipPosition":[-40.566,261.187,-25.7],"tipVelocity":[40.0588,-26.865,-135.395],"tool":false,"touchDistance":0.333333,"touchZone":"none","type":2,"width":17.4211},{"bases":[[[0.980308,-0.137439,0.141796],[0.0972336,0.960924,0.259173],[-0.171876,-0.240282,0.955365]],[[0.978896,-0.139365,0.149468],[0.197745,0.461363,-0.864893],[0.0515774,0.876197,0.479185]],[[0.978896,-0.139365,0.149468],[0.0349486,-0.606454,-0.79435],[0.20135,0.78281,-0.588784]],[[0.978896,-0.139365,0.149468],[-0.0696276,-0.915077,-0.397223],[0.192134,0.378433,-0.905469]]],"btipPosition":[-28.8301,263.27,-10.8793],"carpPosition":[-28.1829,311.738,33.1618],"dipPosition":[-25.5381,269.754,-26.3935],"direction":[-0.20135,-0.78281,0.588784],"extended":false,"handId":223,"id":2233,"length":59.0831,"mcpPosition":[-18.3098,325.541,-21.7172],"pipPosition":[-20.4231,289.641,-41.3508],"stabilizedTipPosition":[-65.594,264.069,105.17],"timeVisible":0.867616,"tipPosition":[-27.8791,264.913,-14.906],"tipVelocity":[30.5743,-17.8755,-140.272],"tool":false,"touchDistance":0.333333,"touchZone":"none","type":3,"width":16.5772},{"bases":[[[0.924195,-0.321196,0.206631],[0.232954,0.90282,0.361452],[-0.302648,-0.285917,0.909206]],[[0.915598,-0.328874,0.231348],[0.370208,0.464937,-0.804226],[0.156926,0.821995,0.547448]],[[0.915598,-0.328874,0.231348],[0.00920998,-0.558054,-0.829753],[0.401989,0.761851,-0.507925]],[[0.915598,-0.328874,0.231348],[-0.189567,-0.860458,-0.472944],[0.354604,0.389171,-0.850178]]],"btipPosition":[-18.3985,274.49,-10.0499],"carpPosition":[-16.5879,305.756,33.4992],"dipPosition":[-12.7933,280.641,-23.4884],"direction":[-0.401989,-0.761851,0.507925],"extended":false,"handId":223,"id":2234,"length":46.32,"mcpPosition":[-0.494798,320.96,-14.8473],"pipPosition":[-5.58322,294.306,-32.5986],"stabilizedTipPosition":[-50.3229,277.074,100.778],"timeVisible":0.867616,"tipPosition":[-16.7823,275.977,-13.103],"tipVelocity":[17.965,-9.71998,-137.496],"tool":false,"touchDistance":0.333333,"touchZone":"none","type":4,"width":14.7252}],"r":[[0.757251,0.204493,0.620284],[-0.192152,0.977442,-0.0876583],[-0.624218,-0.0528095,0.779463]],"s":1.10775,"t":[86.3806,75.0887,-231.097],"timestamp":2816185436},false],[1,{"currentFrameRate":109.543,"devices":[],"gestures":[],"hands":[{"armBasis":[[0.949868,0.242696,-0.197102],[-0.130091,0.880056,0.456702],[0.2843,-0.408166,0.86751]],"armWidth":58.4334,"confidence":0.663474,"direction":[0.0358713,0.370375,-0.928189],"elbow":[39.4697,198.317,252.199],"grabStrength":0,"id":223,"palmNormal":[0.127081,-0.922938,-0.363368],"palmPosition":[-35.5721,313.33,-10.559],"palmVelocity":[-0.7253,-27.8192,-170.748],"palmWidth":83.4409,"pinchStrength":0.5472,"r":[[0.754349,0.207305,0.622883],[-0.195969,0.976678,-0.0877229],[-0.626541,-0.0558923,0.777382]],"s":1.11262,"sphereCenter":[-35.0246,284.134,-41.6532],"sphereRadius":43.0243,"stabilizedPalmPosition":[-74.7074,307.764,127.165],"t":[86.3426,74.83,-232.842],"timeVisible":0.876631,"type":"right","wrist":[-30.9228,299.379,37.4047]}],"id":269697,"interactionBox":{"center":[0,200,0],"size":[235.247,235.247,147.751]},"pointables":[{"bases":[[[0.292209,0.939992,0.176149],[-0.868578,0.183767,0.460219],[0.400232,-0.287479,0.870155]],[[0.206114,0.978526,-0.00172506],[-0.918169,0.19401,0.345435],[0.338352,-0.0696153,0.938441]],[[0.206114,0.978526,-0.00172506],[-0.955114,0.200799,-0.217803],[-0.212779,0.0465399,0.975991]],[[0.206114,0.978526,-0.00172506],[-0.797496,0.16696,-0.579763],[-0.567025,0.120873,0.814784]]],"btipPosition":[-52.3568,285.47,-56.3384],"carpPosition":[-55.6907,286.333,34.6227],"dipPosition":[-64.5262,288.064,-38.8517],"direction":[0.212779,-0.0465399,-0.975991],"extended":false,"handId":223,"id":2230,"length":47.7925,"mcpPosition":[-55.6907,286.333,34.6227],"pipPosition":[-71.1792,289.52,-8.33553],"stabilizedTipPosition":[-104.816,275.307,98.0782],"timeVisible":0.876631,"tipPosition":[-54.4055,284.9,-52.0184],"tipVelocity":[-5.17633,22.2304,-187.151],"tool":false,"touchDistance":-0.524254,"touchZone":"hovering","type":0,"width":18.5699},{"bases":[[[0.983194,0.165618,-0.0768083],[-0.145118,0.964275,0.221618],[0.110768,-0.206747,0.972104]],[[0.988533,0.150758,-0.00865628],[-0.145487,0.966192,0.212855],[0.0404533,-0.209155,0.977045]],[[0.988533,0.150758,-0.00865628],[-0.149332,0.984475,0.0922398],[0.0224278,-0.0898894,0.995699]],[[0.988533,0.150758,-0.00865628],[-0.150806,0.98855,-0.00519855],[0.00777344,0.00644436,0.999949]]],"btipPosition":[-59.9717,331.373,-109.191],"carpPosition":[-50.286,307.292,32.6232],"dipPosition":[-59.85,331.474,-93.5239],"direction":[-0.0224278,0.0898895,-0.995699],"extended":true,"handId":223,"id":2231,"length":53.9285,"mcpPosition":[-57.7591,321.241,-32.9606],"pipPosition":[-59.3528,329.481,-71.4541],"stabilizedTipPosition":[-111.203,322.815,34.335],"timeVisible":0.876631,"tipPosition":[-59.1636,330.188,-105.664],"tipVelocity":[4.89222,2.86736,-173.024],"tool":false,"touchDistance":-0.517322,"touchZone":"touching","type":1,"width":17.738},{"bases":[[[0.999357,-0.0306652,0.0185851],[0.0256589,0.973619,0.226731],[-0.0250476,-0.226108,0.97378]],[[0.998166,-0.0373931,0.0476106],[0.0601133,0.519053,-0.852625],[0.00716984,0.853924,0.520349]],[[0.998166,-0.0373931,0.0476106],[0.0181567,-0.56533,-0.824665],[0.0577525,0.824017,-0.563615]],[[0.998166,-0.0373931,0.0476106],[-0.0143882,-0.910436,-0.413399],[0.0588047,0.411956,-0.909304]]],"btipPosition":[-40.8236,258.894,-23.3488],"carpPosition":[-39.5899,310.759,31.5861],"dipPosition":[-39.8103,265.993,-39.0187],"direction":[-0.0577525,-0.824017,0.563615],"extended":false,"handId":223,"id":2232,"length":61.4471,"mcpPosition":[-37.9873,325.226,-30.716],"pipPosition":[-38.3042,287.481,-53.7161],"stabilizedTipPosition":[-85.4671,257.744,106.439],"timeVisible":0.876631,"tipPosition":[-40.5688,260.727,-27.2646],"tipVelocity":[28.7565,-33.5921,-141.187],"tool":false,"touchDistance":0.333333,"touchZone":"none","type":2,"width":17.4211},{"bases":[[[0.979982,-0.136912,0.144537],[0.0961813,0.961237,0.258406],[-0.174313,-0.239331,0.955163]],[[0.978442,-0.138971,0.152768],[0.200005,0.453274,-0.868643],[0.0514703,0.880471,0.471297]],[[0.978442,-0.138971,0.152768],[0.0362227,-0.612773,-0.789428],[0.20332,0.777943,-0.594529]],[[0.978442,-0.138971,0.152768],[-0.0689252,-0.917048,-0.392776],[0.19468,0.373779,-0.906857]]],"btipPosition":[-28.943,262.895,-12.2875],"carpPosition":[-28.3465,311.39,31.249],"dipPosition":[-25.6074,269.3,-27.8255],"direction":[-0.20332,-0.777943,0.594529],"extended":false,"handId":223,"id":2233,"length":59.0831,"mcpPosition":[-18.3334,325.138,-23.6184],"pipPosition":[-20.4423,289.062,-42.9287],"stabilizedTipPosition":[-65.5881,264.069,105.151],"timeVisible":0.876631,"tipPosition":[-27.9692,264.51,-16.4377],"tipVelocity":[19.03,-24.9575,-144.82],"tool":false,"touchDistance":0.333333,"touchZone":"none","type":3,"width":16.5772},{"bases":[[[0.923767,-0.320622,0.209419],[0.231653,0.903294,0.361105],[-0.304945,-0.285064,0.908706]],[[0.914681,-0.328632,0.235287],[0.373015,0.462227,-0.804491],[0.155626,0.823618,0.545375]],[[0.914681,-0.328632,0.235287],[0.012007,-0.559788,-0.828549],[0.403999,0.760683,-0.508081]],[[0.914681,-0.328632,0.235287],[-0.187736,-0.860978,-0.472729],[0.357931,0.388224,-0.849216]]],"btipPosition":[-18.485,274.084,-11.8442],"carpPosition":[-16.7502,305.412,31.6235],"dipPosition":[-12.8273,280.221,-25.2675],"direction":[-0.403999,-0.760683,0.508081],"extended":false,"handId":223,"id":2234,"length":46.32,"mcpPosition":[-0.534915,320.571,-16.6964],"pipPosition":[-5.58117,293.864,-34.3805],"stabilizedTipPosition":[-50.3217,277.074,100.774],"timeVisible":0.876631,"tipPosition":[-16.8531,275.571,-14.9154],"tipVelocity":[10.753,-19.5299,-154.311],"tool":false,"touchDistance":0.333333,"touchZone":"none","type":4,"width":14.7252}],"r":[[0.754349,0.207305,0.622883],[-0.195969,0.976678,-0.0877229],[-0.626541,-0.0558923,0.777382]],"s":1.11262,"t":[86.3426,74.83,-232.842],"timestamp":2816194451},false],[2,{"currentFrameRate":109.573,"devices":[],"gestures":[],"hands":[{"armBasis":[[0.950636,0.244881,-0.190588],[-0.135795,0.880558,0.454067],[0.279016,-0.405771,0.870345]],"armWidth":58.4334,"confidence":0.664284,"direction":[0.0371595,0.375248,-0.926179],"elbow":[38.0051,198.435,251.084],"grabStrength":0,"id":223,"palmNormal":[0.132862,-0.920446,-0.367595],"palmPosition":[-35.6359,313.074,-12.3208],"palmVelocity":[-2.46875,-27.9178,-177.232],"palmWidth":83.4409,"pinchStrength":0.543639,"r":[[0.751384,0.209654,0.625674],[-0.199926,0.975947,-0.0869304],[-0.62885,-0.0597706,0.775226]],"s":1.11738,"sphereCenter":[-35.3749,284.186,-43.5488],"sphereRadius":43.0494,"stabilizedPalmPosition":[-74.7068,307.764,127.163],"t":[86.2917,74.5728,-234.596],"timeVisible":0.885703,"type":"right","wrist":[-31.0789,298.903,35.5873]}],"id":269698,"interactionBox":{"center":[0,200,0],"size":[235.247,235.247,147.751]},"pointables":[{"bases":[[[0.286965,0.940515,0.181885],[-0.871018,0.17715,0.458198],[0.398721,-0.289912,0.870042]],[[0.202235,0.97932,0.0058123],[-0.919893,0.18792,0.344215],[0.336004,-0.0749588,0.938873]],[[0.202235,0.97932,0.0058123],[-0.954783,0.198481,-0.221349],[-0.217925,0.0392149,0.975177]],[[0.202235,0.97932,0.0058123],[-0.796608,0.16795,-0.580696],[-0.569663,0.112807,0.8141]]],"btipPosition":[-52.1137,285.534,-58.2853],"carpPosition":[-55.7726,285.75,32.6555],"dipPosition":[-64.3397,287.955,-40.8132],"direction":[0.217925,-0.0392149,-0.975177],"extended":false,"handId":223,"id":2230,"length":47.7925,"mcpPosition":[-55.7726,285.75,32.6555],"pipPosition":[-71.1535,289.181,-10.3225],"stabilizedTipPosition":[-104.816,275.307,98.0776],"timeVisible":0.885703,"tipPosition":[-54.2245,284.94,-53.995],"tipVelocity":[3.26759,16.8112,-194.841],"tool":false,"touchDistance":-0.529416,"touchZone":"hovering","type":0,"width":18.5699},{"bases":[[[0.982616,0.170846,-0.0726409],[-0.150627,0.962412,0.225995],[0.108521,-0.211125,0.971416]],[[0.987722,0.156089,-0.00639174],[-0.150809,0.963391,0.221665],[0.0407571,-0.217979,0.975102]],[[0.987722,0.156089,-0.00639174],[-0.154652,0.982775,0.101176],[0.0220741,-0.0989454,0.994848]],[[0.987722,0.156089,-0.00639174],[-0.156068,0.98774,0.00358312],[0.00687266,-0.00254158,0.999973]]],"btipPosition":[-59.989,331.81,-110.893],"carpPosition":[-50.4648,306.746,30.7802],"dipPosition":[-59.8813,331.77,-95.225],"direction":[-0.0220741,0.0989454,-0.994848],"extended":true,"handId":223,"id":2231,"length":53.9285,"mcpPosition":[-57.7863,320.989,-34.7571],"pipPosition":[-59.392,329.577,-73.1741],"stabilizedTipPosition":[-111.203,322.815,34.3341],"timeVisible":0.885703,"tipPosition":[-59.1839,330.594,-107.376],"tipVelocity":[2.91601,14.4237,-177.038],"tool":false,"touchDistance":-0.519444,"touchZone":"touching","type":1,"width":17.738},{"bases":[[[0.999428,-0.025836,0.0218136],[0.0200839,0.972572,0.231733],[-0.0272024,-0.231163,0.972535]],[[0.998178,-0.0326948,0.050708],[0.0603207,0.522808,-0.850313],[0.00129027,0.851823,0.523828]],[[0.998178,-0.0326948,0.050708],[0.0236515,-0.561142,-0.827382],[0.0555055,0.827074,-0.559346]],[[0.998178,-0.0326948,0.050708],[-0.00848113,-0.908137,-0.418587],[0.0597354,0.417394,-0.90676]]],"btipPosition":[-40.576,258.648,-25.3672],"carpPosition":[-39.7825,310.27,29.7969],"dipPosition":[-39.5466,265.841,-40.9933],"direction":[-0.0555055,-0.827074,0.559346],"extended":false,"handId":223,"id":2232,"length":61.4471,"mcpPosition":[-38.0421,325.06,-32.4255],"pipPosition":[-38.0992,287.408,-55.5794],"stabilizedTipPosition":[-85.4552,257.745,106.404],"timeVisible":0.885703,"tipPosition":[-40.3178,260.507,-29.274],"tipVelocity":[28.4654,-31.1512,-163.355],"tool":false,"touchDistance":0.333333,"touchZone":"none","type":2,"width":17.4211},{"bases":[[[0.980155,-0.132814,0.147161],[0.0905598,0.960376,0.263584],[-0.176338,-0.245026,0.953345]],[[0.978546,-0.134992,0.155647],[0.200049,0.441814,-0.874518],[0.0492859,0.886892,0.45934]],[[0.978546,-0.134992,0.155647],[0.038341,-0.622944,-0.781326],[0.202432,0.770531,-0.604403]],[[0.978546,-0.134992,0.155647],[-0.0654919,-0.920074,-0.386231],[0.195344,0.367751,-0.909175]]],"btipPosition":[-28.9209,262.819,-13.1506],"carpPosition":[-28.5413,310.958,29.5011],"dipPosition":[-25.5739,269.12,-28.7282],"direction":[-0.202432,-0.770531,0.604403],"extended":false,"handId":223,"id":2233,"length":59.0831,"mcpPosition":[-18.412,325.033,-25.2619],"pipPosition":[-20.4314,288.694,-44.0823],"stabilizedTipPosition":[-65.5836,264.069,105.136],"timeVisible":0.885703,"tipPosition":[-27.9145,264.384,-17.5963],"tipVelocity":[14.523,-21.1069,-131.363],"tool":false,"touchDistance":0.333333,"touchZone":"none","type":3,"width":16.5772},{"bases":[[[0.924631,-0.317125,0.210923],[0.22597,0.902582,0.366447],[-0.306585,-0.291166,0.906216]],[[0.914985,-0.325744,0.238102],[0.374148,0.464066,-0.802905],[0.151047,0.823731,0.54649]],[[0.914985,-0.325744,0.238102],[0.0170404,-0.558386,-0.829406],[0.403127,0.762952,-0.505364]],[[0.914985,-0.325744,0.238102],[-0.182302,-0.860195,-0.476267],[0.359955,0.392371,-0.84645]]],"btipPosition":[-18.4325,273.922,-13.5793],"carpPosition":[-16.917,305.036,29.8846],"dipPosition":[-12.7428,280.124,-26.9589],"direction":[-0.403127,-0.762952,0.505364],"extended":false,"handId":223,"id":2234,"length":46.32,"mcpPosition":[-0.614498,320.519,-18.3029],"pipPosition":[-5.51228,293.809,-36.0231],"stabilizedTipPosition":[-50.3208,277.074,100.771],"timeVisible":0.885703,"tipPosition":[-16.7848,275.425,-16.7017],"tipVelocity":[9.60553,-18.6083,-164.218],"tool":false,"touchDistance":0.333333,"touchZone":"none","type":4,"width":14.7252}],"r":[[0.751384,0.209654,0.625674],[-0.199926,0.975947,-0.0869304],[-0.62885,-0.0597706,0.775226]],"s":1.11738,"t":[86.2917,74.5728,-234.596],"timestamp":2816203523},false],[3,{"currentFrameRate":109.646,"devices":[],"gestures":[],"hands":[{"armBasis":[[0.950287,0.245732,-0.191234],[-0.136981,0.881456,0.451965],[0.279627,-0.403301,0.871296]],"armWidth":58.4334,"confidence":0.670792,"direction":[0.0385115,0.376605,-0.925573],"elbow":[38.0618,198.742,250.593],"grabStrength":0,"id":223,"palmNormal":[0.134016,-0.919839,-0.368696],"palmPosition":[-35.6575,312.837,-13.0339],"palmVelocity":[-2.4495,-27.5054,-150.373],"palmWidth":83.4409,"pinchStrength":0.531854,"r":[[0.748761,0.211427,0.628217],[-0.203175,0.97535,-0.0860941],[-0.630934,-0.0631739,0.77326]],"s":1.122,"sphereCenter":[-35.6474,284.062,-44.3017],"sphereRadius":43.0939,"stabilizedPalmPosition":[-74.7062,307.764,127.161],"t":[86.2555,74.3255,-235.829],"timeVisible":0.894693,"type":"right","wrist":[-31.1735,298.599,34.8614]}],"id":269699,"interactionBox":{"center":[0,200,0],"size":[235.247,235.247,147.751]},"pointables":[{"bases":[[[0.286114,0.940417,0.183726],[-0.871895,0.175989,0.456976],[0.397414,-0.290937,0.870297]],[[0.203224,0.979074,0.0106881],[-0.919601,0.187108,0.345435],[0.336206,-0.0800295,0.938382]],[[0.203224,0.979074,0.0106881],[-0.954174,0.200481,-0.22217],[-0.219664,0.034952,0.974949]],[[0.203224,0.979074,0.0106881],[-0.797272,0.171805,-0.578653],[-0.568381,0.109075,0.815504]]],"btipPosition":[-52.178,285.665,-59.0725],"carpPosition":[-55.8545,285.436,31.8688],"dipPosition":[-64.3765,288.006,-41.5703],"direction":[0.219664,-0.034952,-0.974949],"extended":false,"handId":223,"id":2230,"length":47.7925,"mcpPosition":[-55.8545,285.436,31.8688],"pipPosition":[-71.2447,289.099,-11.0867],"stabilizedTipPosition":[-104.816,275.307,98.0772],"timeVisible":0.894693,"tipPosition":[-54.2929,285.044,-54.7966],"tipVelocity":[0.600406,15.6537,-165.202],"tool":false,"touchDistance":-0.516512,"touchZone":"hovering","type":0,"width":18.5699},{"bases":[[[0.982639,0.171516,-0.0707295],[-0.151564,0.961999,0.227127],[0.106997,-0.212463,0.971293]],[[0.987582,0.156993,-0.00592002],[-0.151632,0.962361,0.22554],[0.0411054,-0.221842,0.974216]],[[0.987582,0.156993,-0.00592002],[-0.155531,0.982317,0.104228],[0.0221784,-0.102013,0.994536]],[[0.987582,0.156993,-0.00592002],[-0.156959,0.987588,0.0058313],[0.00676202,-0.00482969,0.999965]]],"btipPosition":[-59.9914,331.848,-111.59],"carpPosition":[-50.5557,306.437,30.0328],"dipPosition":[-59.8854,331.773,-95.9223],"direction":[-0.0221784,0.102013,-0.994536],"extended":true,"handId":223,"id":2231,"length":53.9285,"mcpPosition":[-57.7744,320.771,-35.4963],"pipPosition":[-59.3938,329.512,-73.8784],"stabilizedTipPosition":[-111.203,322.815,34.3335],"timeVisible":0.894693,"tipPosition":[-59.1931,330.652,-108.078],"tipVelocity":[2.03069,11.3808,-149.748],"tool":false,"touchDistance":-0.506291,"touchZone":"touching","type":1,"width":17.738},{"bases":[[[0.999405,-0.0252932,0.0234698],[0.0191302,0.972248,0.233169],[-0.028716,-0.232581,0.972153]],[[0.998114,-0.0321758,0.0522743],[0.0613826,0.51985,-0.85205],[0.000240611,0.853652,0.520845]],[[0.998114,-0.0321758,0.0522743],[0.0251276,-0.562812,-0.826203],[0.0560043,0.825958,-0.560943]],[[0.998114,-0.0321758,0.0522743],[-0.00734435,-0.908088,-0.418714],[0.0609421,0.417541,-0.906612]]],"btipPosition":[-40.5578,258.384,-25.8961],"carpPosition":[-39.8738,309.97,29.0726],"dipPosition":[-39.5076,265.579,-41.5196],"direction":[-0.0560043,-0.825958,0.560943],"extended":false,"handId":223,"id":2232,"length":61.4471,"mcpPosition":[-38.0366,324.85,-33.1253],"pipPosition":[-38.0472,287.118,-56.1474],"stabilizedTipPosition":[-85.4454,257.746,106.374],"timeVisible":0.894693,"tipPosition":[-40.2906,260.249,-29.8774],"tipVelocity":[21.357,-30.6474,-134.664],"tool":false,"touchDistance":0.333333,"touchZone":"none","type":2,"width":17.4211},{"bases":[[[0.979981,-0.132463,0.14863],[0.0895591,0.960047,0.265121],[-0.17781,-0.246502,0.952691]],[[0.978432,-0.134556,0.156731],[0.20052,0.436441,-0.877104],[0.0496158,0.889614,0.454009]],[[0.978432,-0.134556,0.156731],[0.0385397,-0.626509,-0.77846],[0.20294,0.767711,-0.607811]],[[0.978432,-0.134556,0.156731],[-0.0649929,-0.920737,-0.384733],[0.196077,0.366249,-0.909624]]],"btipPosition":[-28.9664,262.596,-13.5045],"carpPosition":[-28.6325,310.664,28.7969],"dipPosition":[-25.6069,268.871,-29.0899],"direction":[-0.20294,-0.767711,0.607811],"extended":false,"handId":223,"id":2233,"length":59.0831,"mcpPosition":[-18.4186,324.824,-25.9285],"pipPosition":[-20.4515,288.374,-44.5305],"stabilizedTipPosition":[-65.58,264.069,105.125],"timeVisible":0.894693,"tipPosition":[-27.9601,264.149,-18.0056],"tipVelocity":[9.23667,-22.3045,-106.182],"tool":false,"touchDistance":0.333333,"touchZone":"none","type":3,"width":16.5772},{"bases":[[[0.924456,-0.316898,0.212032],[0.224828,0.902182,0.36813],[-0.307951,-0.292649,0.905275]],[[0.914164,-0.32607,0.240796],[0.374968,0.454636,-0.807901],[0.153958,0.828845,0.537878]],[[0.914164,-0.32607,0.240796],[0.0153568,-0.565765,-0.824423],[0.405053,0.757356,-0.512195]],[[0.914164,-0.32607,0.240796],[-0.18314,-0.862215,-0.472278],[0.361613,0.38764,-0.847922]]],"btipPosition":[-18.6034,273.723,-13.7972],"carpPosition":[-17.0054,304.748,29.1915],"dipPosition":[-12.8875,279.85,-27.2001],"direction":[-0.405053,-0.757356,0.512195],"extended":false,"handId":223,"id":2234,"length":46.32,"mcpPosition":[-0.630282,320.31,-18.9459],"pipPosition":[-5.62245,293.434,-36.3869],"stabilizedTipPosition":[-50.3201,277.074,100.768],"timeVisible":0.894693,"tipPosition":[-16.9217,275.21,-17.101],"tipVelocity":[1.9389,-20.1127,-125.983],"tool":false,"touchDistance":0.333333,"touchZone":"none","type":4,"width":14.7252}],"r":[[0.748761,0.211427,0.628217],[-0.203175,0.97535,-0.0860941],[-0.630934,-0.0631739,0.77326]],"s":1.122,"t":[86.2555,74.3255,-235.829],"timestamp":2816212513},false],[4,{"currentFrameRate":109.394,"devices":[],"gestures":[],"hands":[{"armBasis":[[0.950613,0.245453,-0.189969],[-0.137467,0.881705,0.451331],[0.278277,-0.402927,0.871901]],"armWidth":58.4334,"confidence":0.657115,"direction":[0.0390511,0.37913,-0.924519],"elbow":[37.6355,198.594,249.615],"grabStrength":0,"id":223,"palmNormal":[0.134543,-0.918794,-0.3711],"palmPosition":[-35.7202,312.725,-14.1263],"palmVelocity":[-3.63511,-22.9146,-139.806],"palmWidth":83.4409,"pinchStrength":0.513631,"r":[[0.746552,0.212537,0.630467],[-0.205819,0.974897,-0.084932],[-0.632691,-0.0663562,0.771556]],"s":1.12674,"sphereCenter":[-36.1165,284.162,-45.4565],"sphereRadius":43.1314,"stabilizedPalmPosition":[-74.7057,307.764,127.159],"t":[86.206,74.1459,-236.992],"timeVisible":0.904284,"type":"right","wrist":[-31.2657,298.359,33.7332]}],"id":269700,"interactionBox":{"center":[0,200,0],"size":[235.247,235.247,147.751]},"pointables":[{"bases":[[[0.28571,0.939997,0.186482],[-0.872267,0.174493,0.45684],[0.396888,-0.293186,0.869782]],[[0.204186,0.978801,0.0160027],[-0.91923,0.186086,0.34697],[0.336637,-0.0855566,0.93774]],[[0.204186,0.978801,0.0160027],[-0.953801,0.202598,-0.22185],[-0.220389,0.0300353,0.974949]],[[0.204186,0.978801,0.0160027],[-0.799318,0.176137,-0.574514],[-0.565154,0.104517,0.818338]]],"btipPosition":[-52.3305,285.93,-60.2852],"carpPosition":[-55.9407,285.196,30.6875],"dipPosition":[-64.4598,288.174,-42.7221],"direction":[0.220389,-0.0300353,-0.974949],"extended":false,"handId":223,"id":2230,"length":47.7925,"mcpPosition":[-55.9407,285.196,30.6875],"pipPosition":[-71.3507,289.113,-12.2386],"stabilizedTipPosition":[-104.816,275.307,98.0769],"timeVisible":0.904284,"tipPosition":[-54.4423,285.292,-56.0077],"tipVelocity":[-3.6994,18.4424,-153.55],"tool":false,"touchDistance":-0.511174,"touchZone":"hovering","type":0,"width":18.5699},{"bases":[[[0.982638,0.171992,-0.0695727],[-0.152005,0.961334,0.229633],[0.106378,-0.215071,0.970787]],[[0.98746,0.157728,-0.00666567],[-0.151894,0.960748,0.232147],[0.0430201,-0.228223,0.972658]],[[0.98746,0.157728,-0.00666567],[-0.156034,0.981533,0.110667],[0.0239979,-0.108239,0.993835]],[[0.98746,0.157728,-0.00666567],[-0.157642,0.987424,0.0119177],[0.0084616,-0.0107174,0.999907]]],"btipPosition":[-60.1831,332.273,-112.598],"carpPosition":[-50.6468,306.204,28.9124],"dipPosition":[-60.0505,332.105,-96.9317],"direction":[-0.0239979,0.108239,-0.993835],"extended":true,"handId":223,"id":2231,"length":53.9285,"mcpPosition":[-57.8237,320.714,-36.5826],"pipPosition":[-59.5186,329.706,-74.9033],"stabilizedTipPosition":[-111.202,322.815,34.3329],"timeVisible":0.904284,"tipPosition":[-59.3776,331.057,-109.096],"tipVelocity":[-4.16266,20.2635,-136.833],"tool":false,"touchDistance":-0.499126,"touchZone":"touching","type":1,"width":17.738},{"bases":[[[0.999395,-0.0250669,0.0241032],[0.0186826,0.971616,0.235823],[-0.0293304,-0.23523,0.971497]],[[0.998094,-0.0319971,0.0527595],[0.0617028,0.512178,-0.85666],[0.000388397,0.858283,0.513176]],[[0.998094,-0.0319971,0.0527595],[0.0252159,-0.568876,-0.822036],[0.0563164,0.8218,-0.566986]],[[0.998094,-0.0319971,0.0527595],[-0.00717054,-0.909395,-0.415871],[0.0612859,0.4147,-0.907892]]],"btipPosition":[-40.6306,258.278,-26.4388],"carpPosition":[-39.9653,309.742,27.9693],"dipPosition":[-39.5744,265.425,-42.0844],"direction":[-0.0563164,-0.8218,0.566986],"extended":false,"handId":223,"id":2232,"length":61.4471,"mcpPosition":[-38.0887,324.792,-34.1867],"pipPosition":[-38.1059,286.855,-56.8698],"stabilizedTipPosition":[-85.4371,257.746,106.349],"timeVisible":0.904284,"tipPosition":[-40.3519,260.136,-30.6188],"tipVelocity":[13.0133,-25.2897,-112.199],"tool":false,"touchDistance":0.333333,"touchZone":"none","type":2,"width":17.4211},{"bases":[[[0.979915,-0.132582,0.148958],[0.0890926,0.959349,0.267792],[-0.178407,-0.249142,0.951892]],[[0.978385,-0.134667,0.156933],[0.200545,0.432762,-0.878919],[0.0504463,0.891393,0.450415]],[[0.978385,-0.134667,0.156933],[0.038,-0.628889,-0.776566],[0.203271,0.765744,-0.610178]],[[0.978385,-0.134667,0.156933],[-0.0651369,-0.920952,-0.384193],[0.196266,0.365666,-0.909818]]],"btipPosition":[-29.0693,262.511,-14.3415],"carpPosition":[-28.724,310.441,27.7033],"dipPosition":[-25.7065,268.777,-29.9302],"direction":[-0.203271,-0.765744,0.610178],"extended":false,"handId":223,"id":2233,"length":59.0831,"mcpPosition":[-18.4758,324.752,-26.9762],"pipPosition":[-20.5427,288.229,-45.4309],"stabilizedTipPosition":[-65.5771,264.069,105.115],"timeVisible":0.904284,"tipPosition":[-28.0626,264.055,-18.8941],"tipVelocity":[3.47582,-18.4715,-100.725],"tool":false,"touchDistance":0.333333,"touchZone":"none","type":3,"width":16.5772},{"bases":[[[0.924399,-0.317204,0.21182],[0.224306,0.901243,0.370738],[-0.308501,-0.295198,0.90426]],[[0.913566,-0.326898,0.24194],[0.375465,0.44934,-0.810629],[0.15628,0.831403,0.533241]],[[0.913566,-0.326898,0.24194],[0.0140147,-0.56924,-0.822052],[0.406449,0.754389,-0.515457]],[[0.913566,-0.326898,0.24194],[-0.183851,-0.862604,-0.471289],[0.362762,0.386073,-0.848146]]],"btipPosition":[-18.7827,273.632,-14.6323],"carpPosition":[-17.0954,304.527,28.0901],"dipPosition":[-13.0486,279.735,-28.0387],"direction":[-0.406449,-0.754389,0.515457],"extended":false,"handId":223,"id":2234,"length":46.32,"mcpPosition":[-0.691068,320.224,-19.9934],"pipPosition":[-5.75854,293.265,-37.284],"stabilizedTipPosition":[-50.3195,277.074,100.766],"timeVisible":0.904284,"tipPosition":[-17.085,275.112,-18.0399],"tipVelocity":[-3.91257,-17.1941,-114.733],"tool":false,"touchDistance":0.333333,"touchZone":"none","type":4,"width":14.7252}],"r":[[0.746552,0.212537,0.630467],[-0.205819,0.974897,-0.084932],[-0.632691,-0.0663562,0.771556]],"s":1.12674,"t":[86.206,74.1459,-236.992],"timestamp":2816222104},false],[5,{"currentFrameRate":109.619,"devices":[],"gestures":[],"hands":[{"armBasis":[[0.951502,0.243546,-0.187961],[-0.137238,0.882837,0.449181],[0.275335,-0.401601,0.873445]],"armWidth":58.4334,"confidence":0.666679,"direction":[0.0386867,0.378303,-0.924873],"elbow":[36.8586,198.629,248.857],"grabStrength":0,"id":223,"palmNormal":[0.134388,-0.919127,-0.370332],"palmPosition":[-35.7876,312.389,-15.278],"palmVelocity":[-4.72909,-27.1021,-137.731],"palmWidth":83.4409,"pinchStrength":0.502804,"r":[[0.744829,0.213529,0.632167],[-0.207941,0.974514,-0.0841663],[-0.634027,-0.0687638,0.770247]],"s":1.13115,"sphereCenter":[-36.6806,283.965,-46.566],"sphereRadius":43.1477,"stabilizedPalmPosition":[-74.7054,307.764,127.158],"t":[86.1476,73.8879,-238.149],"timeVisible":0.913006,"type":"right","wrist":[-31.3142,298.065,32.5926]}],"id":269701,"interactionBox":{"center":[0,200,0],"size":[235.247,235.247,147.751]},"pointables":[{"bases":[[[0.285791,0.940161,0.185528],[-0.872084,0.174908,0.45703],[0.397232,-0.292411,0.869887]],[[0.204367,0.978773,0.0153807],[-0.919117,0.186457,0.347071],[0.336836,-0.0850665,0.937713]],[[0.204367,0.978773,0.0153807],[-0.953766,0.202634,-0.221967],[-0.220372,0.0306932,0.974933]],[[0.204367,0.978773,0.0153807],[-0.80016,0.176083,-0.573358],[-0.563895,0.104868,0.819161]]],"btipPosition":[-52.417,285.584,-61.4202],"carpPosition":[-55.9905,284.9,29.5684],"dipPosition":[-64.5192,287.834,-43.8394],"direction":[0.220372,-0.0306932,-0.974933],"extended":false,"handId":223,"id":2230,"length":47.7925,"mcpPosition":[-55.9905,284.9,29.5684],"pipPosition":[-71.4096,288.794,-13.3564],"stabilizedTipPosition":[-104.816,275.307,98.0767],"timeVisible":0.913006,"tipPosition":[-54.5431,284.969,-57.1403],"tipVelocity":[-5.16958,2.93508,-147.163],"tool":false,"touchDistance":-0.505354,"touchZone":"hovering","type":0,"width":18.5699},{"bases":[[[0.982612,0.171922,-0.0701168],[-0.151906,0.96154,0.228834],[0.106762,-0.214204,0.970937]],[[0.987363,0.158199,-0.00930103],[-0.151561,0.959817,0.236178],[0.0462905,-0.231784,0.971665]],[[0.987363,0.158199,-0.00930103],[-0.15611,0.981062,0.114663],[0.0272645,-0.111762,0.993361]],[[0.987363,0.158199,-0.00930103],[-0.158043,0.987308,0.0156748],[0.0116627,-0.0140067,0.999834]]],"btipPosition":[-60.5107,332.186,-113.698],"carpPosition":[-50.6971,305.906,27.7724],"dipPosition":[-60.328,331.967,-98.0322],"direction":[-0.0272645,0.111762,-0.993361],"extended":true,"handId":223,"id":2231,"length":53.9285,"mcpPosition":[-57.8999,320.358,-37.7326],"pipPosition":[-59.7237,329.49,-76.0142],"stabilizedTipPosition":[-111.202,322.815,34.3325],"timeVisible":0.913006,"tipPosition":[-59.6866,330.946,-110.203],"tipVelocity":[-12.7398,11.8317,-133.955],"tool":false,"touchDistance":-0.49404,"touchZone":"touching","type":1,"width":17.738},{"bases":[[[0.999404,-0.0250533,0.0237285],[0.0187837,0.971827,0.234947],[-0.0289462,-0.234361,0.971719]],[[0.998122,-0.0319314,0.0522811],[0.061249,0.503203,-0.861995],[0.00121669,0.863578,0.504213]],[[0.998122,-0.0319314,0.0522811],[0.0243534,-0.576263,-0.816901],[0.0562124,0.81664,-0.574403]],[[0.998122,-0.0319314,0.0522811],[-0.00764602,-0.911674,-0.410843],[0.0607821,0.409672,-0.910206]]],"btipPosition":[-40.7311,257.911,-26.9709],"carpPosition":[-40.0159,309.444,26.8219],"dipPosition":[-39.6836,264.971,-42.6564],"direction":[-0.0562124,-0.81664,0.574403],"extended":false,"handId":223,"id":2232,"length":61.4471,"mcpPosition":[-38.164,324.438,-35.3482],"pipPosition":[-38.2178,286.267,-57.6352],"stabilizedTipPosition":[-85.4304,257.746,106.329],"timeVisible":0.913006,"tipPosition":[-40.4482,259.745,-31.2923],"tipVelocity":[6.39267,-30.3961,-98.7922],"tool":false,"touchDistance":0.333333,"touchZone":"none","type":2,"width":17.4211},{"bases":[[[0.979973,-0.132457,0.148687],[0.0892064,0.959587,0.266898],[-0.178031,-0.248289,0.952186]],[[0.978478,-0.134491,0.156499],[0.199796,0.427871,-0.881481],[0.0515898,0.893778,0.445533]],[[0.978478,-0.134491,0.156499],[0.0367377,-0.632763,-0.773473],[0.203052,0.762576,-0.614204]],[[0.978478,-0.134491,0.156499],[-0.0658291,-0.922242,-0.380966],[0.195567,0.362465,-0.911248]]],"btipPosition":[-29.171,262.201,-15.184],"carpPosition":[-28.7748,310.141,26.5508],"dipPosition":[-25.8202,268.411,-30.7972],"direction":[-0.203052,-0.762576,0.614204],"extended":false,"handId":223,"id":2233,"length":59.0831,"mcpPosition":[-18.5482,324.404,-28.1455],"pipPosition":[-20.6619,287.783,-46.4002],"stabilizedTipPosition":[-65.5749,264.069,105.108],"timeVisible":0.913006,"tipPosition":[-28.1717,263.719,-19.7655],"tipVelocity":[-0.656151,-23.4376,-99.7931],"tool":false,"touchDistance":0.333333,"touchZone":"none","type":3,"width":16.5772},{"bases":[[[0.924481,-0.317022,0.211736],[0.224461,0.901573,0.369843],[-0.308144,-0.294387,0.904646]],[[0.91326,-0.327022,0.242923],[0.375197,0.442922,-0.814277],[0.158691,0.834791,0.527201]],[[0.91326,-0.327022,0.242923],[0.0121173,-0.574241,-0.818596],[0.407196,0.750535,-0.520469]],[[0.91326,-0.327022,0.242923],[-0.185031,-0.864239,-0.46782],[0.362931,0.382293,-0.849784]]],"btipPosition":[-18.9466,273.309,-15.493],"carpPosition":[-17.1461,304.228,26.9383],"dipPosition":[-13.2099,279.352,-28.9253],"direction":[-0.407196,-0.750535,0.520469],"extended":false,"handId":223,"id":2234,"length":46.32,"mcpPosition":[-0.760739,319.882,-21.1657],"pipPosition":[-5.90638,292.814,-38.2605],"stabilizedTipPosition":[-50.3191,277.074,100.765],"timeVisible":0.913006,"tipPosition":[-17.2424,274.772,-18.9763],"tipVelocity":[-7.87167,-22.919,-110.624],"tool":false,"touchDistance":0.333333,"touchZone":"none","type":4,"width":14.7252}],"r":[[0.744829,0.213529,0.632167],[-0.207941,0.974514,-0.0841663],[-0.634027,-0.0687638,0.770247]],"s":1.13115,"t":[86.1476,73.8879,-238.149],"timestamp":2816230826},false],[6,{"currentFrameRate":109.674,"devices":[],"gestures":[],"hands":[{"armBasis":[[0.950304,0.239886,-0.198434],[-0.131447,0.886962,0.442742],[0.282211,-0.394656,0.874416]],"armWidth":58.4334,"confidence":0.670674,"direction":[0.0416813,0.377744,-0.924971],"elbow":[38.3661,200.245,247.655],"grabStrength":0,"id":223,"palmNormal":[0.128526,-0.920111,-0.369968],"palmPosition":[-35.8621,312.299,-16.7266],"palmVelocity":[-5.6993,-22.3695,-144.022],"palmWidth":83.4409,"pinchStrength":0.48726,"r":[[0.743659,0.213379,0.633593],[-0.208344,0.974473,-0.0836417],[-0.635267,-0.0698044,0.769132]],"s":1.13587,"sphereCenter":[-37.345,283.986,-47.9847],"sphereRadius":43.2026,"stabilizedPalmPosition":[-74.705,307.764,127.157],"t":[86.0811,73.7142,-239.452],"timeVisible":0.922026,"type":"right","wrist":[-31.5091,297.962,31.1509]}],"id":269702,"interactionBox":{"center":[0,200,0],"size":[235.247,235.247,147.751]},"pointables":[{"bases":[[[0.291884,0.938315,0.185386],[-0.871159,0.180801,0.456501],[0.394824,-0.294746,0.870195]],[[0.211847,0.97715,0.0172676],[-0.917524,0.192773,0.347835],[0.336558,-0.0895312,0.937397]],[[0.211847,0.97715,0.0172676],[-0.952049,0.210331,-0.222178],[-0.220734,0.0306281,0.974853]],[[0.211847,0.97715,0.0172676],[-0.801324,0.183788,-0.569299],[-0.559464,0.106767,0.821949]]],"btipPosition":[-52.7677,285.808,-62.914],"carpPosition":[-56.2701,284.959,28.1175],"dipPosition":[-64.7748,288.1,-45.2734],"direction":[0.220734,-0.0306281,-0.974853],"extended":false,"handId":223,"id":2230,"length":47.7925,"mcpPosition":[-56.2701,284.959,28.1175],"pipPosition":[-71.6764,289.057,-14.7928],"stabilizedTipPosition":[-104.816,275.307,98.0765],"timeVisible":0.922026,"tipPosition":[-54.8851,285.203,-58.6228],"tipVelocity":[-13.7756,9.26095,-151.818],"tool":false,"touchDistance":-0.505352,"touchZone":"hovering","type":0,"width":18.5699},{"bases":[[[0.983762,0.165417,-0.0696368],[-0.145687,0.962594,0.228447],[0.104821,-0.214593,0.971063]],[[0.988295,0.152165,-0.0109056],[-0.1452,0.960167,0.238739],[0.0467989,-0.234361,0.971023]],[[0.988295,0.152165,-0.0109056],[-0.149869,0.981766,0.116941],[0.0285011,-0.113938,0.993079]],[[0.988295,0.152165,-0.0109056],[-0.151961,0.98823,0.0175915],[0.0134541,-0.0157284,0.999786]]],"btipPosition":[-60.5955,332.412,-115.128],"carpPosition":[-50.8373,305.929,26.3177],"dipPosition":[-60.3847,332.166,-99.4637],"direction":[-0.0285011,0.113938,-0.993079],"extended":true,"handId":223,"id":2231,"length":53.9285,"mcpPosition":[-57.9092,320.407,-39.1958],"pipPosition":[-59.753,329.64,-77.4521],"stabilizedTipPosition":[-111.202,322.815,34.3321],"timeVisible":0.922026,"tipPosition":[-59.7646,331.188,-111.637],"tipVelocity":[-11.624,15.2774,-140.747],"tool":false,"touchDistance":-0.494434,"touchZone":"touching","type":1,"width":17.738},{"bases":[[[0.999205,-0.0316346,0.02428],[0.0250638,0.971757,0.23465],[-0.0310173,-0.233855,0.971777]],[[0.997876,-0.0384386,0.0525994],[0.0647333,0.494103,-0.86699],[0.00733641,0.868553,0.495542]],[[0.997876,-0.0384386,0.0525994],[0.0203126,-0.583564,-0.811813],[0.0619001,0.811157,-0.581543]],[[0.997876,-0.0384386,0.0525994],[-0.0137986,-0.913773,-0.405991],[0.0636696,0.404403,-0.912362]]],"btipPosition":[-41.1837,257.845,-27.818],"carpPosition":[-40.1325,309.396,25.3719],"dipPosition":[-40.0865,264.814,-43.5406],"direction":[-0.0619001,-0.811157,0.581543],"extended":false,"handId":223,"id":2232,"length":61.4471,"mcpPosition":[-38.1481,324.358,-36.8019],"pipPosition":[-38.4724,285.966,-58.7056],"stabilizedTipPosition":[-85.4247,257.746,106.311],"timeVisible":0.922026,"tipPosition":[-40.8826,259.65,-32.2689],"tipVelocity":[-8.82289,-24.6967,-97.7094],"tool":false,"touchDistance":0.333333,"touchZone":"none","type":2,"width":17.4211},{"bases":[[[0.978998,-0.138868,0.149262],[0.0953869,0.959063,0.266643],[-0.18018,-0.246806,0.952167]],[[0.977528,-0.140834,0.156857],[0.202305,0.417595,-0.885826],[0.0592513,0.897653,0.436702]],[[0.977528,-0.140834,0.156857],[0.0309751,-0.640053,-0.767706],[0.208516,0.755313,-0.621308]],[[0.977528,-0.140834,0.156857],[-0.0728833,-0.923994,-0.375398],[0.197803,0.35553,-0.913494]]],"btipPosition":[-29.6507,262.138,-16.0462],"carpPosition":[-28.8869,310.019,25.1068],"dipPosition":[-26.2616,268.23,-31.6979],"direction":[-0.208516,-0.755313,0.621308],"extended":false,"handId":223,"id":2233,"length":59.0831,"mcpPosition":[-18.5368,324.197,-29.5885],"pipPosition":[-20.9645,287.417,-47.4814],"stabilizedTipPosition":[-65.573,264.069,105.102],"timeVisible":0.922026,"tipPosition":[-28.6377,263.609,-20.7266],"tipVelocity":[-14.8361,-19.7375,-98.9071],"tool":false,"touchDistance":0.333333,"touchZone":"none","type":3,"width":16.5772},{"bases":[[[0.922256,-0.323043,0.212339],[0.2302,0.900191,0.36968],[-0.310568,-0.292059,0.904571]],[[0.910651,-0.333206,0.244312],[0.377038,0.428321,-0.821209],[0.168988,0.83995,0.515682]],[[0.910651,-0.333206,0.244312],[0.00396726,-0.584224,-0.811583],[0.413157,0.740038,-0.530702]],[[0.910651,-0.333206,0.244312],[-0.193381,-0.866262,-0.460645],[0.365128,0.372242,-0.853298]]],"btipPosition":[-19.4448,273.167,-16.3123],"carpPosition":[-17.2976,304.03,25.5024],"dipPosition":[-13.6733,279.051,-29.8002],"direction":[-0.413157,-0.740038,0.530702],"extended":false,"handId":223,"id":2234,"length":46.32,"mcpPosition":[-0.783374,319.56,-22.5976],"pipPosition":[-6.2