{"sensorType":"Leap","data":[[0,{"currentFrameRate":110.57,"devices":[],"gestures":[],"hands":[{"armBasis":[[0.934743,0.110535,-0.337695],[0.0513556,0.898377,0.436212],[0.351594,-0.425089,0.834075]],"armWidth":58.4334,"confidence":0.67178,"direction":[0.0102965,0.414109,-0.910169],"elbow":[43.3767,160.61,242.504],"grabStrength":0,"id":229,"palmNormal":[-0.0516231,-0.908784,-0.414062],"palmPosition":[-50.3529,283.127,-10.6396],"palmVelocity":[51.7772,216.384,-218.065],"palmWidth":83.4409,"pinchStrength":1,"r":[[0.909997,-0.131356,0.393257],[0.0761777,0.985311,0.152839],[-0.407556,-0.109126,0.906636]],"s":0.973878,"sphereCenter":[-47.1256,250.849,-45.8795],"sphereRadius":44.9679,"stabilizedPalmPosition":[-54.4453,270.71,2.39137],"t":[83.7108,114.708,-131.95],"timeVisible":0.298231,"type":"right","wrist":[-43.6777,265.862,35.9881]}],"id":271875,"interactionBox":{"center":[0,200,0],"size":[235.247,235.247,147.751]},"pointables":[{"bases":[[[0.450022,0.873024,0.187908],[-0.78461,0.286054,0.550055],[0.426459,-0.394971,0.813714]],[[0.312699,0.948673,-0.0473132],[-0.884535,0.308987,0.349463],[0.346145,-0.0674265,0.935755]],[[0.312699,0.948673,-0.0473132],[-0.943968,0.30484,-0.126484],[-0.105569,0.0842134,0.99084]],[[0.312699,0.948673,-0.0473132],[-0.878525,0.26992,-0.394129],[-0.361129,0.164809,0.917837]]],"btipPosition":[-75.1218,253.818,-58.4565],"carpPosition":[-70.3279,256.902,35.0576],"dipPosition":[-82.8723,257.355,-38.758],"direction":[0.105569,-0.0842134,-0.99084],"extended":false,"handId":229,"id":2290,"length":47.7925,"mcpPosition":[-70.3279,256.902,35.0576],"pipPosition":[-86.1731,259.988,-7.77759],"stabilizedTipPosition":[-83.1266,241.695,-39.961],"timeVisible":0.298231,"tipPosition":[-77.3999,254.08,-54.0218],"tipVelocity":[87.0795,234.052,-239.488],"tool":false,"touchDistance":-0.676761,"touchZone":"hovering","type":0,"width":18.5699},{"bases":[[[0.986166,0.0190081,-0.164669],[0.0276855,0.960563,0.276682],[0.163434,-0.277414,0.946748]],[[0.997603,-0.00898837,-0.0686175],[0.0260246,0.967474,0.25163],[0.0641239,-0.252812,0.965388]],[[0.997603,-0.00898837,-0.0686175],[0.011993,0.998981,0.0435032],[0.0681566,-0.0442218,0.996694]],[[0.997603,-0.00898837,-0.0686175],[0.000432351,0.99232,-0.1237],[0.0692023,0.123374,0.989944]]],"btipPosition":[-78.0628,304.605,-106.048],"carpPosition":[-61.9153,276.882,33.4621],"dipPosition":[-76.9785,306.538,-90.5371],"direction":[-0.0681566,0.0442218,-0.996694],"extended":true,"handId":229,"id":2291,"length":53.9285,"mcpPosition":[-72.9414,295.598,-30.411],"pipPosition":[-75.4678,305.558,-68.4453],"stabilizedTipPosition":[-82.7007,292.482,-90.8008],"timeVisible":0.298231,"tipPosition":[-77.339,303.864,-102.222],"tipVelocity":[77.6199,274.523,-225.927],"tool":false,"touchDistance":-0.545498,"touchZone":"hovering","type":1,"width":17.738},{"bases":[[[0.979914,-0.182679,-0.0799844],[0.197591,0.943624,0.265578],[0.0269596,-0.276048,0.960766]],[[0.980281,-0.189482,-0.0560861],[0.138128,0.860007,-0.491232],[0.141314,0.473799,0.869221]],[[0.980281,-0.189482,-0.0560861],[-0.0837432,-0.141265,-0.986424],[0.178987,0.971669,-0.154347]],[[0.980281,-0.189482,-0.0560861],[-0.18117,-0.748438,-0.63798],[0.0789088,0.635561,-0.768008]]],"btipPosition":[-64.943,239.171,-51.0871],"carpPosition":[-50.9446,278.743,31.5432],"dipPosition":[-63.5832,250.124,-64.3221],"direction":[-0.178987,-0.971669,0.154347],"extended":false,"handId":229,"id":2292,"length":61.4471,"mcpPosition":[-52.6695,296.405,-29.9262],"pipPosition":[-58.9158,275.462,-68.347],"stabilizedTipPosition":[-73.5846,223.705,-32.6646],"timeVisible":0.298231,"tipPosition":[-64.6383,241.184,-52.7215],"tipVelocity":[86.0913,230.638,-248.647],"tool":false,"touchDistance":0.333333,"touchZone":"none","type":2,"width":17.4211},{"bases":[[[0.955498,-0.291922,0.0424807],[0.267856,0.91888,0.289677],[-0.123598,-0.265407,0.956181]],[[0.950205,-0.301648,0.0782265],[0.298148,0.806974,-0.509804],[0.0906545,0.507741,0.856727]],[[0.950205,-0.301648,0.0782265],[0.018497,-0.195989,-0.980432],[0.311077,0.933058,-0.18065]],[[0.950205,-0.301648,0.0782265],[-0.18875,-0.756847,-0.625744],[0.24796,0.57982,-0.776096]]],"btipPosition":[-48.5819,238.487,-41.9986],"carpPosition":[-39.8164,277.682,30.143],"dipPosition":[-44.3334,248.421,-55.2961],"direction":[-0.311077,-0.933058,0.18065],"extended":false,"handId":229,"id":2293,"length":59.0831,"mcpPosition":[-32.7166,292.928,-24.7829],"pipPosition":[-36.4309,272.124,-59.8853],"stabilizedTipPosition":[-53.3694,228.319,-32.3303],"timeVisible":0.298231,"tipPosition":[-47.73,240.486,-44.6118],"tipVelocity":[80.9929,227.782,-214.376],"tool":false,"touchDistance":0.333333,"touchZone":"none","type":3,"width":16.5772},{"bases":[[[0.877291,-0.468464,0.104412],[0.401231,0.835207,0.376089],[-0.263389,-0.288046,0.920682]],[[0.86577,-0.479866,0.142024],[0.484713,0.733488,-0.476496],[0.124481,0.481377,0.867629]],[[0.86577,-0.479866,0.142024],[0.0518323,-0.196288,-0.979175],[0.49775,0.855102,-0.145068]],[[0.86577,-0.479866,0.142024],[-0.277173,-0.696091,-0.662293],[0.416674,0.534028,-0.735661]]],"btipPosition":[-34.8545,245.936,-33.7331],"carpPosition":[-29.3098,270.006,29.1266],"dipPosition":[-28.2682,254.377,-45.3615],"direction":[-0.49775,-0.855102,0.145068],"extended":false,"handId":229,"id":2294,"length":46.32,"mcpPosition":[-15.3042,285.323,-19.8301],"pipPosition":[-19.3406,269.714,-47.9634],"stabilizedTipPosition":[-37.4293,237.648,-26.3167],"timeVisible":0.298231,"tipPosition":[-33.4574,247.478,-35.8677],"tipVelocity":[77.9925,233.657,-223.685],"tool":false,"touchDistance":0.333333,"touchZone":"none","type":4,"width":14.7252}],"r":[[0.909997,-0.131356,0.393257],[0.0761777,0.985311,0.152839],[-0.407556,-0.109126,0.906636]],"s":0.973878,"t":[83.7108,114.708,-131.95],"timestamp":2836232796},false],[1,{"currentFrameRate":110.571,"devices":[],"gestures":[],"hands":[{"armBasis":[[0.935848,0.112937,-0.333818],[0.0478199,0.897797,0.437805],[0.349145,-0.425682,0.834801]],"armWidth":58.4334,"confidence":0.680924,"direction":[0.0142012,0.415668,-0.909406],"elbow":[42.8756,161.702,241.384],"grabStrength":0,"id":229,"palmNormal":[-0.0481788,-0.908157,-0.415849],"palmPosition":[-50.0415,284.434,-11.9433],"palmVelocity":[46.998,196.577,-197.691],"palmWidth":83.4409,"pinchStrength":1,"r":[[0.90819,-0.130048,0.397841],[0.0730775,0.985174,0.155216],[-0.412129,-0.111893,0.904229]],"s":0.975902,"sphereCenter":[-46.9579,252.366,-47.2092],"sphereRadius":44.8774,"stabilizedPalmPosition":[-53.8087,272.694,0.319194],"t":[84.0275,116.278,-133.507],"timeVisible":0.307274,"type":"right","wrist":[-43.5724,267.1,34.6879]}],"id":271876,"interactionBox":{"center":[0,200,0],"size":[235.247,235.247,147.751]},"pointables":[{"bases":[[[0.447753,0.873383,0.191623],[-0.787774,0.283934,0.54662],[0.423,-0.395706,0.815161]],[[0.312536,0.948955,-0.0425029],[-0.886452,0.307445,0.345948],[0.341356,-0.0704443,0.937291]],[[0.312536,0.948955,-0.0425029],[-0.943369,0.304834,-0.130884],[-0.111246,0.0810018,0.990486]],[[0.312536,0.948955,-0.0425029],[-0.87652,0.270857,-0.39793],[-0.366106,0.161622,0.916431]]],"btipPosition":[-74.4943,255.324,-59.9337],"carpPosition":[-70.2039,258.101,33.6095],"dipPosition":[-82.3516,258.793,-40.2654],"direction":[0.111246,-0.0810018,-0.990486],"extended":false,"handId":229,"id":2290,"length":47.7925,"mcpPosition":[-70.2039,258.101,33.6095],"pipPosition":[-85.8299,261.326,-9.29605],"stabilizedTipPosition":[-82.0878,243.891,-42.3125],"timeVisible":0.307274,"tipPosition":[-76.7792,255.545,-55.5027],"tipVelocity":[81.4537,214.971,-218.711],"tool":false,"touchDistance":-0.659681,"touchZone":"hovering","type":0,"width":18.5699},{"bases":[[[0.986944,0.0207775,-0.159719],[0.0248473,0.960132,0.278439],[0.159137,-0.278772,0.94708]],[[0.997838,-0.00686972,-0.0653563],[0.023355,0.966667,0.254968],[0.0614263,-0.255943,0.964738]],[[0.997838,-0.00686972,-0.0653563],[0.0101814,0.998673,0.0504744],[0.0649229,-0.0510307,0.996585]],[[0.997838,-0.00686972,-0.0653563],[-0.00063105,0.993474,-0.11406],[0.0657133,0.113855,0.991322]]],"btipPosition":[-77.4388,306.335,-107.436],"carpPosition":[-61.8138,278.096,32.0896],"dipPosition":[-76.4092,308.119,-91.904],"direction":[-0.0649229,0.0510307,-0.996585],"extended":true,"handId":229,"id":2291,"length":53.9285,"mcpPosition":[-72.5501,296.904,-31.8059],"pipPosition":[-74.9702,306.988,-69.8146],"stabilizedTipPosition":[-81.6695,295.156,-93.2505],"timeVisible":0.307274,"tipPosition":[-76.7209,305.556,-103.63],"tipVelocity":[74.859,250.531,-205.819],"tool":false,"touchDistance":-0.540034,"touchZone":"hovering","type":1,"width":17.738},{"bases":[[[0.980576,-0.181062,-0.0754079],[0.194832,0.943469,0.268154],[0.0225925,-0.277637,0.96042]],[[0.980835,-0.187948,-0.0513689],[0.139424,0.861195,-0.488778],[0.136104,0.472248,0.870895]],[[0.980835,-0.187948,-0.0513689],[-0.0786238,-0.140564,-0.986945],[0.178274,0.972069,-0.152647]],[[0.980835,-0.187948,-0.0513689],[-0.176926,-0.748706,-0.638855],[0.0816114,0.6357,-0.76761]]],"btipPosition":[-64.3533,240.563,-52.5047],"carpPosition":[-50.8366,279.978,30.2286],"dipPosition":[-62.9469,251.518,-65.7329],"direction":[-0.178274,-0.972069,0.152647],"extended":false,"handId":229,"id":2292,"length":61.4471,"mcpPosition":[-52.2821,297.741,-31.2187],"pipPosition":[-58.2981,276.867,-69.7135],"stabilizedTipPosition":[-72.4681,225.969,-35.3385],"timeVisible":0.307274,"tipPosition":[-64.0471,242.577,-54.1922],"tipVelocity":[80.6621,209.507,-223.269],"tool":false,"touchDistance":0.333333,"touchZone":"none","type":2,"width":17.4211},{"bases":[[[0.955717,-0.290549,0.0467492],[0.265013,0.918791,0.29256],[-0.127956,-0.267216,0.955104]],[[0.950224,-0.300401,0.0826631],[0.299433,0.80717,-0.50874],[0.0861026,0.508169,0.856943]],[[0.950224,-0.300401,0.0826631],[0.0227739,-0.197637,-0.980011],[0.310733,0.933112,-0.180959]],[[0.950224,-0.300401,0.0826631],[-0.18532,-0.758218,-0.625109],[0.25046,0.578675,-0.776148]]],"btipPosition":[-48.0628,239.845,-43.1978],"carpPosition":[-39.7,278.936,28.8821],"dipPosition":[-43.7714,249.76,-56.4962],"direction":[-0.310733,-0.933112,0.180959],"extended":false,"handId":229,"id":2293,"length":59.0831,"mcpPosition":[-32.3498,294.286,-25.9819],"pipPosition":[-35.8776,273.465,-61.0932],"stabilizedTipPosition":[-52.332,230.595,-34.6259],"timeVisible":0.307274,"tipPosition":[-47.1881,241.864,-45.8996],"tipVelocity":[74.7919,206.26,-191.839],"tool":false,"touchDistance":0.333333,"touchZone":"none","type":3,"width":16.5772},{"bases":[[[0.877471,-0.467314,0.107992],[0.398083,0.835173,0.379494],[-0.267535,-0.290005,0.91887]],[[0.864356,-0.480055,0.149788],[0.489121,0.733346,-0.472192],[0.116832,0.481406,0.868676]],[[0.864356,-0.480055,0.149788],[0.0599231,-0.197416,-0.978487],[0.499297,0.854737,-0.141871]],[[0.864356,-0.480055,0.149788],[-0.272232,-0.697117,-0.663263],[0.422822,0.532518,-0.733243]]],"btipPosition":[-34.378,247.341,-34.9878],"carpPosition":[-29.1767,271.278,27.9051],"dipPosition":[-27.6945,255.758,-46.5779],"direction":[-0.499297,-0.854737,0.141871],"extended":false,"handId":229,"id":2294,"length":46.32,"mcpPosition":[-14.9508,286.699,-20.9552],"pipPosition":[-18.7391,271.089,-49.1225],"stabilizedTipPosition":[-36.6107,239.723,-28.3391],"timeVisible":0.307274,"tipPosition":[-32.9602,248.88,-37.1434],"tipVelocity":[71.6999,211.909,-199.999],"tool":false,"touchDistance":0.333333,"touchZone":"none","type":4,"width":14.7252}],"r":[[0.90819,-0.130048,0.397841],[0.0730775,0.985174,0.155216],[-0.412129,-0.111893,0.904229]],"s":0.975902,"t":[84.0275,116.278,-133.507],"timestamp":2836241839},false],[2,{"currentFrameRate":110.584,"devices":[],"gestures":[],"hands":[{"armBasis":[[0.93827,0.114113,-0.326539],[0.0447786,0.896003,0.441784],[0.342993,-0.429135,0.835583]],"armWidth":58.4334,"confidence":0.688489,"direction":[0.0196014,0.418298,-0.908098],"elbow":[41.2139,162.574,239.773],"grabStrength":0,"id":229,"palmNormal":[-0.0452934,-0.906969,-0.418755],"palmPosition":[-49.9014,286.294,-13.7361],"palmVelocity":[38.34,199.227,-197.983],"palmWidth":83.4409,"pinchStrength":1,"r":[[0.906244,-0.129177,0.402537],[0.0703233,0.98497,0.157762],[-0.416866,-0.114663,0.901707]],"s":0.977932,"sphereCenter":[-47.0798,254.521,-49.0641],"sphereRadius":44.7615,"stabilizedPalmPosition":[-53.245,274.656,-1.70843],"t":[84.2559,117.992,-135.182],"timeVisible":0.316294,"type":"right","wrist":[-43.7109,268.828,32.8836]}],"id":271877,"interactionBox":{"center":[0,200,0],"size":[235.247,235.247,147.751]},"pointables":[{"bases":[[[0.446243,0.872987,0.196877],[-0.791207,0.28207,0.542612],[0.41816,-0.397907,0.816585]],[[0.313625,0.948866,-0.035946],[-0.888102,0.306516,0.342525],[0.336028,-0.0755005,0.938821]],[[0.313625,0.948866,-0.035946],[-0.942122,0.306224,-0.136505],[-0.118518,0.0766768,0.989987]],[[0.313625,0.948866,-0.035946],[-0.872202,0.272907,-0.405938],[-0.375371,0.158664,0.913194]]],"btipPosition":[-73.9522,257.476,-61.9117],"carpPosition":[-70.332,259.822,31.6164],"dipPosition":[-82.0084,260.881,-42.3129],"direction":[0.118518,-0.0766768,-0.989987],"extended":false,"handId":229,"id":2290,"length":47.7925,"mcpPosition":[-70.332,259.822,31.6164],"pipPosition":[-85.714,263.279,-11.3591],"stabilizedTipPosition":[-81.128,246.086,-44.6179],"timeVisible":0.316294,"tipPosition":[-76.2812,257.659,-57.5084],"tipVelocity":[74.184,221.004,-219.358],"tool":false,"touchDistance":-0.651956,"touchZone":"hovering","type":0,"width":18.5699},{"bases":[[[0.987894,0.0215945,-0.153623],[0.0227824,0.959333,0.281356],[0.153452,-0.28145,0.947227]],[[0.998102,-0.00572104,-0.0613129],[0.0214975,0.965403,0.259874],[0.0577049,-0.260699,0.963694]],[[0.998102,-0.00572104,-0.0613129],[0.00939908,0.998162,0.0598687],[0.0608577,-0.0603314,0.996321]],[[0.998102,-0.00572104,-0.0613129],[-0.000524817,0.994848,-0.101372],[0.061577,0.101211,0.992957]]],"btipPosition":[-76.8802,308.836,-109.309],"carpPosition":[-61.9403,279.825,30.2056],"dipPosition":[-75.9154,310.422,-93.7509],"direction":[-0.0608577,0.0603314,-0.996321],"extended":true,"handId":229,"id":2291,"length":53.9285,"mcpPosition":[-72.293,298.813,-33.6998],"pipPosition":[-74.5665,309.084,-71.6673],"stabilizedTipPosition":[-80.6956,297.886,-95.6758],"timeVisible":0.316294,"tipPosition":[-76.1675,307.994,-105.522],"tipVelocity":[70.8491,256.494,-206.128],"tool":false,"touchDistance":-0.542364,"touchZone":"hovering","type":1,"width":17.738},{"bases":[[[0.981087,-0.18049,-0.0699354],[0.192833,0.942761,0.272062],[0.0168278,-0.280402,0.959735]],[[0.9812,-0.187501,-0.045723],[0.142356,0.863114,-0.48453],[0.130314,0.468912,0.873579]],[[0.9812,-0.187501,-0.045723],[-0.0724323,-0.138172,-0.987756],[0.178887,0.972498,-0.149156]],[[0.9812,-0.187501,-0.045723],[-0.172793,-0.74796,-0.640857],[0.0859621,0.63671,-0.766297]]],"btipPosition":[-63.9355,242.597,-54.5046],"carpPosition":[-50.9526,281.716,28.4171],"dipPosition":[-62.4542,253.569,-67.7101],"direction":[-0.178887,-0.972498,0.149156],"extended":false,"handId":229,"id":2292,"length":61.4471,"mcpPosition":[-52.0292,299.656,-32.9863],"pipPosition":[-57.7893,278.929,-71.5997],"stabilizedTipPosition":[-71.4124,228.247,-37.98],"timeVisible":0.316294,"tipPosition":[-63.624,244.607,-56.2359],"tipVelocity":[71.7399,214.02,-222.684],"tool":false,"touchDistance":0.333333,"touchZone":"none","type":2,"width":17.4211},{"bases":[[[0.955523,-0.290339,0.051751],[0.262873,0.918037,0.296826],[-0.133689,-0.27002,0.953528]],[[0.949784,-0.300343,0.0877737],[0.30222,0.807836,-0.506027],[0.0810748,0.507144,0.85804]],[[0.949784,-0.300343,0.0877737],[0.0280978,-0.197516,-0.979897],[0.311642,0.933157,-0.179158]],[[0.949784,-0.300343,0.0877737],[-0.181906,-0.758224,-0.626104],[0.254598,0.578697,-0.774783]]],"btipPosition":[-47.7289,241.793,-44.9677],"carpPosition":[-39.8075,280.682,27.1357],"dipPosition":[-43.3667,251.708,-58.2427],"direction":[-0.311642,-0.933157,0.179158],"extended":false,"handId":229,"id":2293,"length":59.0831,"mcpPosition":[-32.128,296.193,-27.6378],"pipPosition":[-35.4499,275.414,-62.794],"stabilizedTipPosition":[-51.3945,232.849,-36.8657],"timeVisible":0.316294,"tipPosition":[-46.8278,243.83,-47.7343],"tipVelocity":[64.8947,208.914,-192.88],"tool":false,"touchDistance":0.333333,"touchZone":"none","type":3,"width":16.5772},{"bases":[[[0.876971,-0.467308,0.112003],[0.395441,0.834217,0.384329],[-0.273035,-0.292755,0.916377]],[[0.86085,-0.482516,0.161601],[0.497395,0.730868,-0.467365],[0.107402,0.482711,0.869169]],[[0.86085,-0.482516,0.161601],[0.0701763,-0.201969,-0.976875],[0.503996,0.852283,-0.140003]],[[0.86085,-0.482516,0.161601],[-0.26782,-0.699656,-0.662386],[0.432677,0.526935,-0.731526]]],"btipPosition":[-34.1187,249.329,-36.6359],"carpPosition":[-29.2756,273.03,26.201],"dipPosition":[-27.2795,257.659,-48.1989],"direction":[-0.503996,-0.852283,0.140003],"extended":false,"handId":229,"id":2294,"length":46.32,"mcpPosition":[-14.7572,288.597,-22.5267],"pipPosition":[-18.2397,272.945,-50.71],"stabilizedTipPosition":[-35.8806,241.792,-30.3068],"timeVisible":0.316294,"tipPosition":[-32.6606,250.863,-38.8725],"tipVelocity":[60.9762,213.645,-195.055],"tool":false,"touchDistance":0.333333,"touchZone":"none","type":4,"width":14.7252}],"r":[[0.906244,-0.129177,0.402537],[0.0703233,0.98497,0.157762],[-0.416866,-0.114663,0.901707]],"s":0.977932,"t":[84.2559,117.992,-135.182],"timestamp":2836250859},false],[3,{"currentFrameRate":110.541,"devices":[],"gestures":[],"hands":[{"armBasis":[[0.939483,0.117965,-0.321645],[0.0406702,0.893808,0.446602],[0.340172,-0.432656,0.83492]],"armWidth":58.4334,"confidence":0.701844,"direction":[0.0211809,0.418165,-0.908124],"elbow":[40.6042,162.953,238.661],"grabStrength":0,"id":229,"palmNormal":[-0.0413455,-0.907184,-0.418697],"palmPosition":[-49.7197,287.516,-14.707],"palmVelocity":[33.2256,181.121,-172.563],"palmWidth":83.4409,"pinchStrength":1,"r":[[0.90449,-0.127944,0.406851],[0.067436,0.984845,0.159787],[-0.421129,-0.117089,0.899411]],"s":0.979559,"sphereCenter":[-47.0196,255.852,-50.0519],"sphereRadius":44.7285,"stabilizedPalmPosition":[-52.7245,276.555,-3.6279],"t":[84.4609,119.461,-136.505],"timeVisible":0.325415,"type":"right","wrist":[-43.622,270.078,31.9353]}],"id":271878,"interactionBox":{"center":[0,200,0],"size":[235.247,235.247,147.751]},"pointables":[{"bases":[[[0.443077,0.87433,0.198064],[-0.793701,0.279865,0.540106],[0.4168,-0.396512,0.817959]],[[0.312785,0.949277,-0.0322369],[-0.889023,0.304543,0.341895],[0.33437,-0.0782804,0.939185]],[[0.312785,0.949277,-0.0322369],[-0.941843,0.305588,-0.139811],[-0.122868,0.0740929,0.989653]],[[0.312785,0.949277,-0.0322369],[-0.868993,0.272301,-0.413162],[-0.383427,0.157245,0.910087]]],"btipPosition":[-73.448,258.887,-62.8798],"carpPosition":[-70.2126,260.995,30.5879],"dipPosition":[-81.6771,262.261,-43.3476],"direction":[0.122868,-0.0740929,-0.989653],"extended":false,"handId":229,"id":2290,"length":47.7925,"mcpPosition":[-70.2126,260.995,30.5879],"pipPosition":[-85.5188,264.578,-12.4043],"stabilizedTipPosition":[-80.2123,248.234,-46.7967],"timeVisible":0.325415,"tipPosition":[-75.7999,259.013,-58.5043],"tipVelocity":[67.7221,202.368,-188.382],"tool":false,"touchDistance":-0.629845,"touchZone":"hovering","type":0,"width":18.5699},{"bases":[[[0.988296,0.0244544,-0.150577],[0.0191057,0.959454,0.281217],[0.151349,-0.280803,0.947757]],[[0.998195,-0.00228843,-0.0600091],[0.0179453,0.964982,0.261703],[0.0573088,-0.262308,0.963281]],[[0.998195,-0.00228843,-0.0600091],[0.00623871,0.997818,0.0657236],[0.0597278,-0.0659793,0.996032]],[[0.998195,-0.00228843,-0.0600091],[-0.00327726,0.995709,-0.0924853],[0.0599632,0.0925151,0.993904]]],"btipPosition":[-76.6073,310.313,-110.343],"carpPosition":[-61.8752,281.021,29.1987],"dipPosition":[-75.6678,311.763,-94.7708],"direction":[-0.0597278,0.0659793,-0.996032],"extended":true,"handId":229,"id":2291,"length":53.9285,"mcpPosition":[-72.0861,299.966,-34.7424],"pipPosition":[-74.3439,310.3,-72.6937],"stabilizedTipPosition":[-79.8177,300.488,-97.9369],"timeVisible":0.325415,"tipPosition":[-75.8938,309.431,-106.575],"tipVelocity":[59.3046,229.297,-180.288],"tool":false,"touchDistance":-0.531932,"touchZone":"hovering","type":1,"width":17.738},{"bases":[[[0.981823,-0.177632,-0.0668672],[0.189232,0.943378,0.272452],[0.0146849,-0.280152,0.959843]],[[0.981879,-0.184688,-0.0424765],[0.141573,0.86385,-0.483447],[0.12598,0.468673,0.874342]],[[0.981879,-0.184688,-0.0424765],[-0.0688795,-0.138986,-0.987896],[0.176548,0.97292,-0.149189]],[[0.981879,-0.184688,-0.0424765],[-0.168678,-0.749551,-0.640095],[0.0863793,0.635661,-0.767121]]],"btipPosition":[-63.4881,243.827,-55.5036],"carpPosition":[-50.8876,282.944,27.4438],"dipPosition":[-61.9995,254.781,-68.7233],"direction":[-0.176548,-0.97292,0.149189],"extended":false,"handId":229,"id":2292,"length":61.4471,"mcpPosition":[-51.8272,300.868,-33.9666],"pipPosition":[-57.3957,280.152,-72.6137],"stabilizedTipPosition":[-70.3852,230.497,-40.5355],"timeVisible":0.325415,"tipPosition":[-63.1807,245.83,-57.2827],"tipVelocity":[65.4906,191.903,-191.359],"tool":false,"touchDistance":0.333333,"touchZone":"none","type":2,"width":17.4211},{"bases":[[[0.956205,-0.28753,0.0547634],[0.259267,0.918865,0.297437],[-0.135842,-0.270212,0.95317]],[[0.950363,-0.297574,0.0908858],[0.302273,0.813748,-0.496433],[0.0737676,0.499264,0.863304]],[[0.950363,-0.297574,0.0908858],[0.0339353,-0.191228,-0.980959],[0.309288,0.935351,-0.171637]],[[0.950363,-0.297574,0.0908858],[-0.177295,-0.757957,-0.627748],[0.255689,0.580475,-0.773092]]],"btipPosition":[-47.1929,243.301,-46.3215],"carpPosition":[-39.7357,281.942,26.197],"dipPosition":[-42.812,253.247,-59.5676],"direction":[-0.309288,-0.935351,0.171637],"extended":false,"handId":229,"id":2293,"length":59.0831,"mcpPosition":[-31.9325,297.464,-28.5559],"pipPosition":[-34.955,277.008,-63.9278],"stabilizedTipPosition":[-50.4982,235.041,-39.0169],"timeVisible":0.325415,"tipPosition":[-46.3228,245.27,-48.9611],"tipVelocity":[63.3235,197.032,-180.334],"tool":false,"touchDistance":0.333333,"touchZone":"none","type":3,"width":16.5772},{"bases":[[[0.877985,-0.464716,0.114811],[0.391809,0.835451,0.385368],[-0.275006,-0.293363,0.915593]],[[0.859281,-0.481981,0.171259],[0.501615,0.728516,-0.466527],[0.100092,0.486784,0.867769]],[[0.859281,-0.481981,0.171259],[0.0772103,-0.208759,-0.974915],[0.505643,0.850949,-0.142169]],[[0.859281,-0.481981,0.171259],[-0.263834,-0.704476,-0.658866],[0.438209,0.520967,-0.732506]]],"btipPosition":[-33.7968,250.639,-37.3991],"carpPosition":[-29.1786,274.321,25.2964],"dipPosition":[-26.8701,258.874,-48.9776],"direction":[-0.505643,-0.850949,0.142169],"extended":false,"handId":229,"id":2294,"length":46.32,"mcpPosition":[-14.5554,289.921,-23.3896],"pipPosition":[-17.8009,274.137,-51.5275],"stabilizedTipPosition":[-35.1942,243.797,-32.128],"timeVisible":0.325415,"tipPosition":[-32.3085,252.169,-39.7189],"tipVelocity":[54.455,193.531,-164.232],"tool":false,"touchDistance":0.333333,"touchZone":"none","type":4,"width":14.7252}],"r":[[0.90449,-0.127944,0.406851],[0.067436,0.984845,0.159787],[-0.421129,-0.117089,0.899411]],"s":0.979559,"t":[84.4609,119.461,-136.505],"timestamp":2836259980},false],[4,{"currentFrameRate":110.562,"devices":[],"gestures":[],"hands":[{"armBasis":[[0.938578,0.121501,-0.322968],[0.0383218,0.893467,0.44749],[0.342932,-0.432382,0.833933]],"armWidth":58.4334,"confidence":0.714468,"direction":[0.0218557,0.420622,-0.906972],"elbow":[41.3832,163.961,237.729],"grabStrength":0,"id":229,"palmNormal":[-0.0389769,-0.906141,-0.421176],"palmPosition":[-49.5818,288.57,-15.3572],"palmVelocity":[28.3032,163.484,-144.979],"palmWidth":83.4409,"pinchStrength":1,"r":[[0.902986,-0.126845,0.41052],[0.0646982,0.984677,0.161941],[-0.424771,-0.11967,0.897356]],"s":0.983332,"sphereCenter":[-47.5521,257.357,-50.6658],"sphereRadius":44.4728,"stabilizedPalmPosition":[-52.2503,278.367,-5.39742],"t":[84.6324,120.722,-137.492],"timeVisible":0.334423,"type":"right","wrist":[-43.5263,271.019,31.2483]}],"id":271879,"interactionBox":{"center":[0,200,0],"size":[235.247,235.247,147.751]},"pointables":[{"bases":[[[0.441122,0.874625,0.201104],[-0.795088,0.276943,0.539571],[0.416228,-0.397912,0.81757]],[[0.313286,0.949314,-0.0256058],[-0.888767,0.302591,0.344285],[0.334583,-0.0851021,0.938516]],[[0.313286,0.949314,-0.0256058],[-0.941519,0.306965,-0.138977],[-0.124073,0.0676479,0.989964]],[[0.313286,0.949314,-0.0256058],[-0.866201,0.274597,-0.417483],[-0.389291,0.152971,0.908324]]],"btipPosition":[-73.1793,260.387,-63.575],"carpPosition":[-70.0977,261.889,29.834],"dipPosition":[-81.5342,263.67,-44.0807],"direction":[0.124073,-0.0676479,-0.989964],"extended":false,"handId":229,"id":2290,"length":47.7925,"mcpPosition":[-70.0977,261.889,29.834],"pipPosition":[-85.4136,265.785,-13.1277],"stabilizedTipPosition":[-79.3683,250.365,-48.8267],"timeVisible":0.334423,"tipPosition":[-75.5068,260.426,-59.2186],"tipVelocity":[56.4269,191.875,-158.09],"tool":false,"touchDistance":-0.605753,"touchZone":"hovering","type":0,"width":18.5699},{"bases":[[[0.988489,0.0266998,-0.148921],[0.01686,0.958735,0.283801],[0.150353,-0.283045,0.947248]],[[0.998174,0.000326644,-0.0604028],[0.0158302,0.963619,0.266809],[0.0582924,-0.267278,0.961855]],[[0.998174,0.000326644,-0.0604028],[0.0042799,0.99709,0.0761187],[0.0602518,-0.0762383,0.995268]],[[0.998174,0.000326644,-0.0604028],[-0.005056,0.996928,-0.0781608],[0.0601917,0.0783235,0.995109]]],"btipPosition":[-76.5144,312.024,-110.942],"carpPosition":[-61.7955,281.935,28.5115],"dipPosition":[-75.5713,313.251,-95.3507],"direction":[-0.0602518,0.0762383,-0.995268],"extended":true,"handId":229,"id":2291,"length":53.9285,"mcpPosition":[-71.9392,301.031,-35.3954],"pipPosition":[-74.2358,311.561,-73.2905],"stabilizedTipPosition":[-79.0606,303.03,-99.9628],"timeVisible":0.334423,"tipPosition":[-75.7938,311.06,-107.197],"tipVelocity":[45.8677,216.908,-148.878],"tool":false,"touchDistance":-0.515987,"touchZone":"hovering","type":1,"width":17.738},{"bases":[[[0.982259,-0.175621,-0.0657597],[0.18703,0.943,0.275266],[0.0136689,-0.282681,0.959116]],[[0.982288,-0.182779,-0.0412562],[0.14083,0.865393,-0.480897],[0.123601,0.466569,0.875806]],[[0.982288,-0.182779,-0.0412562],[-0.0670625,-0.137342,-0.988251],[0.174966,0.973514,-0.147167]],[[0.982288,-0.182779,-0.0412562],[-0.166315,-0.749058,-0.641289],[0.086311,0.636792,-0.766189]]],"btipPosition":[-63.1966,244.986,-56.255],"carpPosition":[-50.8088,283.883,26.7793],"dipPosition":[-61.7092,255.959,-69.4587],"direction":[-0.174966,-0.973514,0.147167],"extended":false,"handId":229,"id":2292,"length":61.4471,"mcpPosition":[-51.6833,301.969,-34.5846],"pipPosition":[-57.1466,281.346,-73.2964],"stabilizedTipPosition":[-69.4115,232.696,-42.9606],"timeVisible":0.334423,"tipPosition":[-62.8917,246.997,-58.0802],"tipVelocity":[56.3779,174.652,-161.585],"tool":false,"touchDistance":0.333333,"touchZone":"none","type":2,"width":17.4211},{"bases":[[[0.956652,-0.28589,0.0555366],[0.25707,0.918551,0.300299],[-0.136866,-0.273004,0.952227]],[[0.9507,-0.296148,0.0920074],[0.298664,0.794517,-0.528718],[0.0834772,0.530132,0.843796]],[[0.9507,-0.296148,0.0920074],[0.0164439,-0.248133,-0.968586],[0.309675,0.922349,-0.23103]],[[0.9507,-0.296148,0.0920074],[-0.190678,-0.792217,-0.579684],[0.244562,0.533562,-0.80963]]],"btipPosition":[-47.2684,244.294,-43.9824],"carpPosition":[-39.653,282.905,25.5478],"dipPosition":[-43.0782,253.436,-57.8545],"direction":[-0.309675,-0.922348,0.23103],"extended":false,"handId":229,"id":2293,"length":59.0831,"mcpPosition":[-31.791,298.588,-29.1509],"pipPosition":[-35.2113,276.867,-63.7235],"stabilizedTipPosition":[-49.632,237.386,-40.7017],"timeVisible":0.334423,"tipPosition":[-46.2557,246.371,-47.773],"tipVelocity":[42.2821,167.534,-63.8183],"tool":false,"touchDistance":0.333333,"touchZone":"none","type":3,"width":16.5772},{"bases":[[[0.878667,-0.463381,0.114987],[0.389627,0.83515,0.38822],[-0.275925,-0.296315,0.914365]],[[0.858809,-0.481713,0.174355],[0.503289,0.729804,-0.462694],[0.0956412,0.485117,0.869203]],[[0.858809,-0.481713,0.174355],[0.0813997,-0.207705,-0.974799],[0.505788,0.851358,-0.139167]],[[0.858809,-0.481713,0.174355],[-0.261088,-0.704381,-0.660061],[0.440772,0.521344,-0.730699]]],"btipPosition":[-33.5483,251.822,-38.1151],"carpPosition":[-29.0802,275.307,24.644],"dipPosition":[-26.5812,260.063,-49.6651],"direction":[-0.505788,-0.851358,0.139168],"extended":false,"handId":229,"id":2294,"length":46.32,"mcpPosition":[-14.4081,291.063,-23.9768],"pipPosition":[-17.5093,275.333,-52.1612],"stabilizedTipPosition":[-34.5695,245.705,-33.7902],"timeVisible":0.334423,"tipPosition":[-32.0528,253.35,-40.4408],"tipVelocity":[47.3551,176.476,-140.746],"tool":false,"touchDistance":0.333333,"touchZone":"none","type":4,"width":14.7252}],"r":[[0.902986,-0.126845,0.41052],[0.0646982,0.984677,0.161941],[-0.424771,-0.11967,0.897356]],"s":0.983332,"t":[84.6324,120.722,-137.492],"timestamp":2836268988},false],[5,{"currentFrameRate":110.551,"devices":[],"gestures":[],"hands":[{"armBasis":[[0.939167,0.127112,-0.319073],[0.0327224,0.891654,0.451533],[0.341898,-0.434506,0.833253]],"armWidth":58.4334,"confidence":0.722809,"direction":[0.0234877,0.420406,-0.907032],"elbow":[41.1147,164.765,236.691],"grabStrength":0,"id":229,"palmNormal":[-0.0335387,-0.90644,-0.421001],"palmPosition":[-49.4931,289.857,-16.2556],"palmVelocity":[23.1865,157.554,-132.307],"palmWidth":83.4409,"pinchStrength":1,"r":[[0.901564,-0.125179,0.414141],[0.0615421,0.9846,0.163633],[-0.428247,-0.122039,0.895383]],"s":0.98887,"sphereCenter":[-48.0317,259.005,-51.431],"sphereRadius":44.2452,"stabilizedPalmPosition":[-51.813,280.19,-7.11967],"t":[84.7625,121.996,-138.434],"timeVisible":0.343488,"type":"right","wrist":[-43.5389,272.348,30.3785]}],"id":271880,"interactionBox":{"center":[0,200,0],"size":[235.247,235.247,147.751]},"pointables":[{"bases":[[[0.436641,0.876559,0.202456],[-0.798286,0.273743,0.536473],[0.414829,-0.395864,0.819273]],[[0.31161,0.949977,-0.0210564],[-0.889868,0.29952,0.344125],[0.333218,-0.0884953,0.938688]],[[0.31161,0.949977,-0.0210564],[-0.941683,0.305775,-0.140479],[-0.127014,0.0636031,0.98986]],[[0.31161,0.949977,-0.0210564],[-0.863069,0.273693,-0.424505],[-0.397507,0.150453,0.905181]]],"btipPosition":[-72.8166,261.938,-64.4788],"carpPosition":[-70.0657,263.105,28.8673],"dipPosition":[-81.3478,265.167,-45.0519],"direction":[0.127014,-0.0636031,-0.98986],"extended":false,"handId":229,"id":2290,"length":47.7925,"mcpPosition":[-70.0657,263.105,28.8673],"pipPosition":[-85.3191,267.156,-14.1022],"stabilizedTipPosition":[-78.5543,252.55,-50.8104],"timeVisible":0.343488,"tipPosition":[-75.1221,261.902,-60.1467],"tipVelocity":[50.6577,185.772,-142.432],"tool":false,"touchDistance":-0.5873,"touchZone":"hovering","type":0,"width":18.5699},{"bases":[[[0.988921,0.0308503,-0.145204],[0.0117166,0.958893,0.283524],[0.147982,-0.282084,0.947908]],[[0.99827,0.00512137,-0.058574],[0.0108493,0.963049,0.269108],[0.0577878,-0.269278,0.961327]],[[0.99827,0.00512137,-0.058574],[-0.000162967,0.996437,0.0843453],[0.0587972,-0.0841898,0.994714]],[[0.99827,0.00512137,-0.058574],[-0.00895521,0.99782,-0.0653789],[0.0581115,0.0657903,0.99614]]],"btipPosition":[-76.318,313.661,-111.912],"carpPosition":[-61.8438,283.185,27.5691],"dipPosition":[-75.4075,314.692,-96.3045],"direction":[-0.0587972,0.0841898,-0.994713],"extended":true,"handId":229,"id":2291,"length":53.9285,"mcpPosition":[-71.8276,302.217,-36.3823],"pipPosition":[-74.1043,312.826,-74.2566],"stabilizedTipPosition":[-78.3814,305.53,-101.886],"timeVisible":0.343488,"tipPosition":[-75.6007,312.621,-108.184],"tipVelocity":[38.9518,205.495,-137.197],"tool":false,"touchDistance":-0.507216,"touchZone":"hovering","type":1,"width":17.738},{"bases":[[[0.983237,-0.171467,-0.0619955],[0.181983,0.943879,0.275636],[0.0112537,-0.282298,0.959261]],[[0.983201,-0.178674,-0.037291],[0.139262,0.866408,-0.479524],[0.117988,0.466275,0.876736]],[[0.983201,-0.178674,-0.037291],[-0.0625594,-0.137948,-0.988462],[0.171469,0.97419,-0.146808]],[[0.983201,-0.178674,-0.037291],[-0.160728,-0.75071,-0.640781],[0.0864964,0.63601,-0.766817]]],"btipPosition":[-62.7562,246.266,-57.2056],"carpPosition":[-50.859,285.179,25.8776],"dipPosition":[-61.2657,257.227,-70.4201],"direction":[-0.171469,-0.97419,0.146808],"extended":false,"handId":229,"id":2292,"length":61.4471,"mcpPosition":[-51.579,303.241,-35.4955],"pipPosition":[-56.7943,282.631,-74.2484],"stabilizedTipPosition":[-68.4446,234.919,-45.3487],"timeVisible":0.343488,"tipPosition":[-62.4561,248.271,-59.0693],"tipVelocity":[54.2458,165.339,-145.99],"tool":false,"touchDistance":0.333333,"touchZone":"none","type":2,"width":17.4211},{"bases":[[[0.957642,-0.281803,0.0592423],[0.252032,0.919736,0.300941],[-0.139293,-0.273263,0.951801]],[[0.951616,-0.292044,0.095588],[0.293524,0.771826,-0.564028],[0.0909439,0.564796,0.820204]],[[0.951616,-0.292044,0.095588],[0.00625184,-0.292603,-0.956213],[0.307226,0.910546,-0.27662]],[[0.951616,-0.292044,0.095588],[-0.19409,-0.812403,-0.549846],[0.238235,0.504689,-0.829779]]],"btipPosition":[-47.306,245.026,-42.3472],"carpPosition":[-39.6946,284.249,24.6885],"dipPosition":[-43.2241,253.673,-56.5646],"direction":[-0.307226,-0.910546,0.27662],"extended":false,"handId":229,"id":2293,"length":59.0831,"mcpPosition":[-31.6932,299.946,-29.9857],"pipPosition":[-35.4194,276.805,-63.5917],"stabilizedTipPosition":[-48.7818,239.894,-41.9818],"timeVisible":0.343488,"tipPosition":[-46.1763,247.263,-46.7647],"tipVelocity":[28.6985,140.109,1.22601],"tool":false,"touchDistance":0.333333,"touchZone":"none","type":3,"width":16.5772},{"bases":[[[0.880188,-0.459604,0.118461],[0.384609,0.836929,0.389391],[-0.278109,-0.297177,0.913423]],[[0.857093,-0.480413,0.185999],[0.507587,0.725837,-0.464238],[0.0880214,0.492306,0.86596]],[[0.857093,-0.480413,0.185999],[0.0869456,-0.220972,-0.971397],[0.507772,0.848749,-0.147624]],[[0.857093,-0.480413,0.185999],[-0.258865,-0.713788,-0.650766],[0.4454,0.509618,-0.736145]]],"btipPosition":[-33.3,253.255,-38.5389],"carpPosition":[-29.0864,276.695,23.8272],"dipPosition":[-26.2597,261.31,-50.1749],"direction":[-0.507772,-0.848749,0.147624],"extended":false,"handId":229,"id":2294,"length":46.32,"mcpPosition":[-14.2981,292.497,-24.7435],"pipPosition":[-17.1522,276.534,-52.8227],"stabilizedTipPosition":[-33.9671,247.666,-35.3386],"timeVisible":0.343488,"tipPosition":[-31.7599,254.772,-41.0549],"tipVelocity":[42.354,170.095,-115.381],"tool":false,"touchDistance":0.333333,"touchZone":"none","type":4,"width":14.7252}],"r":[[0.901564,-0.125179,0.414141],[0.0615421,0.9846,0.163633],[-0.428247,-0.122039,0.895383]],"s":0.98887,"t":[84.7625,121.996,-138.434],"timestamp":2836278053},false],[6,{"currentFrameRate":110.56,"devices":[],"gestures":[],"hands":[{"armBasis":[[0.941009,0.131744,-0.311682],[0.02669,0.889329,0.456488],[0.337328,-0.437878,0.833351]],"armWidth":58.4334,"confidence":0.726897,"direction":[0.0249999,0.419748,-0.907296],"elbow":[39.9789,165.345,235.484],"grabStrength":0,"id":229,"palmNormal":[-0.0277176,-0.90694,-0.420347],"palmPosition":[-49.4003,291.205,-17.5242],"palmVelocity":[19.6316,155.279,-134.558],"palmWidth":83.4409,"pinchStrength":1,"r":[[0.900208,-0.122945,0.417744],[0.0579718,0.984613,0.164854],[-0.431584,-0.124186,0.893483]],"s":0.994172,"sphereCenter":[-48.2887,260.65,-52.6582],"sphereRadius":44.1243,"stabilizedPalmPosition":[-51.4205,281.982,-8.81216],"t":[84.8739,123.307,-139.54],"timeVisible":0.352518,"type":"right","wrist":[-43.5431,273.763,29.1474]}],"id":271881,"interactionBox":{"center":[0,200,0],"size":[235.247,235.247,147.751]},"pointables":[{"bases":[[[0.431787,0.87875,0.203369],[-0.801594,0.27048,0.533187],[0.41353,-0.393242,0.82119]],[[0.309689,0.950691,-0.0166876],[-0.890901,0.296256,0.344278],[0.332246,-0.0917521,0.93872]],[[0.309689,0.950691,-0.0166876],[-0.941881,0.304321,-0.142299],[-0.130204,0.0597863,0.989683]],[[0.309689,0.950691,-0.0166876],[-0.85927,0.272308,-0.433016],[-0.40712,0.14844,0.901232]]],"btipPosition":[-72.4209,263.54,-65.7145],"carpPosition":[-70.0207,264.396,27.5428],"dipPosition":[-81.1585,266.726,-46.3723],"direction":[0.130204,-0.0597863,-0.989683],"extended":false,"handId":229,"id":2290,"length":47.7925,"mcpPosition":[-70.0207,264.396,27.5428],"pipPosition":[-85.2296,268.596,-15.4281],"stabilizedTipPosition":[-77.7847,254.738,-52.7616],"timeVisible":0.352518,"tipPosition":[-74.7186,263.433,-61.4154],"tipVelocity":[47.3258,183.176,-141.487],"tool":false,"touchDistance":-0.575731,"touchZone":"hovering","type":0,"width":18.5699},{"bases":[[[0.989314,0.035326,-0.141455],[0.0061775,0.959176,0.282744],[0.145668,-0.280596,0.948708]],[[0.998325,0.0103488,-0.0569191],[0.00559865,0.96197,0.273099],[0.0575807,-0.27296,0.960301]],[[0.998325,0.0103488,-0.0569191],[-0.00487308,0.995416,0.0955126],[0.0576467,-0.0950752,0.9938]],[[0.998325,0.0103488,-0.0569191],[-0.0131333,0.998724,-0.0487646],[0.0563419,0.0494304,0.997187]]],"btipPosition":[-76.144,315.531,-113.232],"carpPosition":[-61.8873,284.513,26.2587],"dipPosition":[-75.2612,316.305,-97.6081],"direction":[-0.0576467,0.0950752,-0.9938],"extended":true,"handId":229,"id":2291,"length":53.9285,"mcpPosition":[-71.7149,303.444,-37.7466],"pipPosition":[-73.9835,314.198,-75.5805],"stabilizedTipPosition":[-77.7947,307.978,-103.75],"timeVisible":0.352518,"tipPosition":[-75.4363,314.356,-109.528],"tipVelocity":[33.3395,204.132,-139.555],"tool":false,"touchDistance":-0.504571,"touchZone":"hovering","type":1,"width":17.738},{"bases":[[[0.984253,-0.166945,-0.0580945],[0.176541,0.944946,0.275519],[0.00889957,-0.281436,0.959539]],[[0.984153,-0.174185,-0.0331993],[0.137337,0.867189,-0.478667],[0.112167,0.466523,0.877368]],[[0.984153,-0.174185,-0.0331993],[-0.0579608,-0.139058,-0.988587],[0.167581,0.974845,-0.146951]],[[0.984153,-0.174185,-0.0331993],[-0.154803,-0.752672,-0.639938],[0.0864798,0.634936,-0.767709]]],"btipPosition":[-62.2931,247.579,-58.5024],"carpPosition":[-50.9055,286.557,24.6075],"dipPosition":[-60.8028,258.521,-71.7322],"direction":[-0.167581,-0.974845,0.146951],"extended":false,"handId":229,"id":2292,"length":61.4471,"mcpPosition":[-51.4749,304.563,-36.7834],"pipPosition":[-56.4328,283.942,-75.5642],"stabilizedTipPosition":[-67.5105,237.102,-47.6784],"timeVisible":0.352518,"tipPosition":[-61.9977,249.576,-60.4041],"tipVelocity":[53.4292,159.708,-145.441],"tool":false,"touchDistance":0.333333,"touchZone":"none","type":2,"width":17.4211},{"bases":[[[0.958707,-0.277297,0.0631394],[0.246604,0.921151,0.301111],[-0.141658,-0.273107,0.951496]],[[0.952582,-0.287549,0.0995184],[0.292215,0.773292,-0.562699],[0.0848469,0.565098,0.82065]],[[0.952582,-0.287549,0.0995184],[0.0120802,-0.291062,-0.956628],[0.304044,0.912468,-0.273787]],[[0.952582,-0.287549,0.0995184],[-0.187468,-0.81222,-0.552408],[0.239675,0.507557,-0.827612]]],"btipPosition":[-46.9019,246.335,-43.6838],"carpPosition":[-39.7324,285.677,23.4619],"dipPosition":[-42.7953,255.031,-57.864],"direction":[-0.304044,-0.912468,0.273787],"extended":false,"handId":229,"id":2293,"length":59.0831,"mcpPosition":[-31.5951,301.365,-31.1949],"pipPosition":[-35.0715,278.212,-64.8191],"stabilizedTipPosition":[-47.9269,242.449,-43.484],"timeVisible":0.352518,"tipPosition":[-45.7726,248.582,-48.0066],"tipVelocity":[33.2899,141.785,-39.6069],"tool":false,"touchDistance":0.333333,"touchZone":"none","type":3,"width":16.5772},{"bases":[[[0.881855,-0.455406,0.122214],[0.379225,0.839036,0.390138],[-0.280213,-0.297699,0.912609]],[[0.854853,-0.479057,0.199325],[0.511633,0.714313,-0.477481],[0.0863603,0.510158,0.855734]],[[0.854853,-0.479057,0.199325],[0.0856725,-0.248562,-0.96482],[0.511748,0.841856,-0.171442]],[[0.854853,-0.479057,0.199325],[-0.261693,-0.729779,-0.631616],[0.448044,0.487777,-0.74922]]],"btipPosition":[-33.2469,254.65,-38.7099],"carpPosition":[-29.0859,278.172,22.6475],"dipPosition":[-26.1648,262.36,-50.5526],"direction":[-0.511748,-0.841856,0.171442],"extended":false,"handId":229,"id":2294,"length":46.32,"mcpPosition":[-14.1858,294.002,-25.8799],"pipPosition":[-16.986,277.459,-53.6276],"stabilizedTipPosition":[-33.4243,249.689,-36.74