{"sensorType":"Leap","data":[[0,{"currentFrameRate":110.534,"devices":[],"gestures":[],"hands":[{"armBasis":[[0.94455,0.269718,-0.187292],[-0.144456,0.853521,0.500635],[0.294888,-0.445819,0.845155]],"armWidth":58.4334,"confidence":0.760183,"direction":[0.0997312,0.447597,-0.888657],"elbow":[30.9709,188.334,245.522],"grabStrength":0,"id":218,"palmNormal":[0.13716,-0.890768,-0.433267],"palmPosition":[-43.4501,316.804,-10.5099],"palmVelocity":[-3.5724,-23.5926,-150.816],"palmWidth":83.4409,"pinchStrength":0.509203,"r":[[0.908661,-0.172487,0.380241],[0.231261,0.966145,-0.114375],[-0.34764,0.191863,0.917788]],"s":1.09766,"sphereCenter":[-46.63,292.153,-43.7447],"sphereRadius":42.9923,"stabilizedPalmPosition":[-57.6529,301.322,61.3167],"t":[67.484,134.248,-203.751],"timeVisible":1.67203,"type":"right","wrist":[-42.043,298.718,36.2628]}],"id":267766,"interactionBox":{"center":[0,200,0],"size":[235.247,235.247,147.751]},"pointables":[{"bases":[[[0.29335,0.915727,0.274572],[-0.893398,0.160363,0.41967],[0.340272,-0.368413,0.865151]],[[0.199929,0.978444,0.0517306],[-0.933463,0.17416,0.313553],[0.297784,-0.110977,0.948161]],[[0.199929,0.978444,0.0517306],[-0.951667,0.206478,-0.22737],[-0.23315,-0.00377254,0.972434]],[[0.199929,0.978444,0.0517306],[-0.709222,0.180942,-0.681369],[-0.676042,0.0995368,0.73011]]],"btipPosition":[-58.5942,289.497,-58.6446],"carpPosition":[-66.7618,286.435,30.8329],"dipPosition":[-73.1033,291.633,-42.9751],"direction":[0.23315,0.00377254,-0.972434],"extended":false,"handId":218,"id":2180,"length":47.7925,"mcpPosition":[-66.7618,286.435,30.8329],"pipPosition":[-80.3932,291.515,-12.5702],"stabilizedTipPosition":[-76.8819,281.392,3.4265],"timeVisible":1.67203,"tipPosition":[-61.4356,289.258,-54.9318],"tipVelocity":[-16.2565,-8.98677,-151.276],"tool":false,"touchDistance":-0.246188,"touchZone":"touching","type":0,"width":18.5699},{"bases":[[[0.98827,0.152713,-0.00111021],[-0.145604,0.944407,0.29478],[0.0460652,-0.29116,0.955565]],[[0.989142,0.144963,0.0241518],[-0.145744,0.946515,0.287869],[0.0188701,-0.288263,0.957365]],[[0.989142,0.144963,0.0241518],[-0.146924,0.979133,0.140399],[-0.00329521,-0.142423,0.9898]],[[0.989142,0.144963,0.0241518],[-0.145455,0.989162,0.0200282],[-0.0209867,-0.0233237,0.999508]]],"btipPosition":[-64.4029,341.904,-108.793],"carpPosition":[-60.9535,307.381,30.9929],"dipPosition":[-64.7317,341.538,-93.1323],"direction":[0.00329521,0.142423,-0.9898],"extended":true,"handId":218,"id":2181,"length":53.9285,"mcpPosition":[-64.0613,327.025,-33.475],"pipPosition":[-64.8048,338.382,-71.1933],"stabilizedTipPosition":[-79.5775,331.426,-51.3266],"timeVisible":1.67203,"tipPosition":[-63.8553,340.885,-105.322],"tipVelocity":[0.828959,-19.2928,-153.284],"tool":false,"touchDistance":-0.240554,"touchZone":"touching","type":1,"width":17.738},{"bases":[[[0.995652,-0.0512786,0.0777639],[0.0246176,0.950007,0.311256],[-0.089837,-0.307988,0.947139]],[[0.994826,-0.053977,0.0860653],[0.101587,0.520591,-0.847741],[0.000953761,0.852099,0.523381]],[[0.994826,-0.053977,0.0860653],[0.0326886,-0.632045,-0.774242],[0.0961884,0.77305,-0.62701]],[[0.994826,-0.053977,0.0860653],[-0.0232679,-0.945714,-0.324165],[0.0988907,0.320485,-0.942077]]],"btipPosition":[-48.6734,267.078,-20.2219],"carpPosition":[-50.1665,310.719,30.9245],"dipPosition":[-46.9692,272.601,-36.4566],"direction":[-0.0961884,-0.77305,0.62701],"extended":false,"handId":218,"id":2182,"length":61.4471,"mcpPosition":[-44.4187,330.424,-29.6731],"pipPosition":[-44.4609,292.76,-52.8073],"stabilizedTipPosition":[-71.5718,239.968,76.3739],"timeVisible":1.67203,"tipPosition":[-48.2201,268.541,-24.2853],"tipVelocity":[-18.247,-26.656,-149.007],"tool":false,"touchDistance":0.333333,"touchZone":"none","type":2,"width":17.4211},{"bases":[[[0.966872,-0.167511,0.192609],[0.0928132,0.933614,0.34605],[-0.23779,-0.31671,0.918232]],[[0.966444,-0.168079,0.194255],[0.251683,0.468271,-0.846982],[0.0513957,0.867451,0.494861]],[[0.966444,-0.168079,0.194255],[0.0361177,-0.659795,-0.750577],[0.254325,0.732407,-0.631585]],[[0.966444,-0.168079,0.194255],[-0.0985251,-0.940927,-0.32396],[0.237231,0.29395,-0.925913]]],"btipPosition":[-37.8887,270.169,-9.77209],"carpPosition":[-38.9168,311.16,31.3407],"dipPosition":[-33.824,275.205,-25.6365],"direction":[-0.254325,-0.732407,0.631585],"extended":false,"handId":218,"id":2183,"length":59.0831,"mcpPosition":[-25.2574,329.353,-21.4053],"pipPosition":[-27.3632,293.811,-41.6811],"stabilizedTipPosition":[-59.1736,241.915,84.5559],"timeVisible":1.67203,"tipPosition":[-37.0491,271.557,-13.4717],"tipVelocity":[-13.1008,-31.5627,-155.272],"tool":false,"touchDistance":0.333333,"touchZone":"none","type":3,"width":16.5772},{"bases":[[[0.904137,-0.354983,0.237747],[0.220692,0.864521,0.451551],[-0.36583,-0.355795,0.859987]],[[0.864419,-0.387799,0.319986],[0.479551,0.444768,-0.756447],[0.15103,0.807337,0.570435]],[[0.864419,-0.387799,0.319986],[0.0194138,-0.610225,-0.79199],[0.502397,0.690824,-0.519961]],[[0.864419,-0.387799,0.319986],[-0.2364,-0.875202,-0.422062],[0.443728,0.289194,-0.848217]]],"btipPosition":[-28.9201,280.73,-9.57772],"carpPosition":[-27.4508,304.952,31.9147],"dipPosition":[-21.9062,285.302,-22.9853],"direction":[-0.502397,-0.690824,0.519961],"extended":false,"handId":218,"id":2184,"length":46.32,"mcpPosition":[-7.99799,323.871,-13.8146],"pipPosition":[-12.8952,297.692,-32.3113],"stabilizedTipPosition":[-42.8908,262.456,61.3307],"timeVisible":1.67203,"tipPosition":[-27.0142,281.852,-12.4456],"tipVelocity":[-14.7364,-31.4696,-158.129],"tool":false,"touchDistance":0.333333,"touchZone":"none","type":4,"width":14.7252}],"r":[[0.908661,-0.172487,0.380241],[0.231261,0.966145,-0.114375],[-0.34764,0.191863,0.917788]],"s":1.09766,"t":[67.484,134.248,-203.751],"timestamp":2798443033},false],[1,{"currentFrameRate":110.617,"devices":[],"gestures":[],"hands":[{"armBasis":[[0.945704,0.266732,-0.185738],[-0.143283,0.855047,0.498362],[0.291744,-0.444689,0.846839]],"armWidth":58.4334,"confidence":0.760991,"direction":[0.102547,0.4455,-0.889389],"elbow":[29.9499,188.369,244.825],"grabStrength":0,"id":218,"palmNormal":[0.135789,-0.892003,-0.431153],"palmPosition":[-43.5578,316.466,-11.6645],"palmVelocity":[-5.89519,-27.5373,-145.107],"palmWidth":83.4409,"pinchStrength":0.506258,"r":[[0.907829,-0.174117,0.381485],[0.233652,0.96545,-0.115379],[-0.348215,0.193879,0.917146]],"s":1.09795,"sphereCenter":[-46.8999,291.782,-44.877],"sphereRadius":43.0083,"stabilizedPalmPosition":[-57.6529,301.322,61.3167],"t":[67.402,133.956,-205.047],"timeVisible":1.68093,"type":"right","wrist":[-42.2855,298.473,35.1482]}],"id":267767,"interactionBox":{"center":[0,200,0],"size":[235.247,235.247,147.751]},"pointables":[{"bases":[[[0.295086,0.915569,0.273237],[-0.893805,0.163441,0.417613],[0.337695,-0.367452,0.866569]],[[0.203119,0.977769,0.0520595],[-0.933615,0.177372,0.311292],[0.295137,-0.111833,0.948887]],[[0.203119,0.977769,0.0520595],[-0.950789,0.20966,-0.228131],[-0.233974,-0.00315991,0.972238]],[[0.203119,0.977769,0.0520595],[-0.710804,0.18381,-0.678949],[-0.673425,0.100903,0.732337]]],"btipPosition":[-58.7657,289.292,-59.8562],"carpPosition":[-67.0241,286.24,29.6962],"dipPosition":[-73.2187,291.458,-44.1389],"direction":[0.233974,0.00315991,-0.972238],"extended":false,"handId":218,"id":2180,"length":47.7925,"mcpPosition":[-67.0241,286.24,29.6962],"pipPosition":[-80.5343,291.359,-13.7401],"stabilizedTipPosition":[-76.8819,281.392,3.42647],"timeVisible":1.68093,"tipPosition":[-61.6034,289.039,-56.1107],"tipVelocity":[-16.685,-12.588,-146.85],"tool":false,"touchDistance":-0.266199,"touchZone":"touching","type":0,"width":18.5699},{"bases":[[[0.988645,0.15027,0.000479035],[-0.143834,0.945375,0.292538],[0.0435067,-0.289285,0.956254]],[[0.989426,0.142951,0.0245149],[-0.143926,0.946829,0.287751],[0.0179228,-0.288237,0.957391]],[[0.989426,0.142951,0.0245149],[-0.144981,0.979534,0.139621],[-0.00405434,-0.141698,0.989902]],[[0.989426,0.142951,0.0245149],[-0.143421,0.989487,0.0186236],[-0.0215949,-0.0219426,0.999526]]],"btipPosition":[-64.3774,341.529,-110.012],"carpPosition":[-61.1643,307.172,29.8239],"dipPosition":[-64.7158,341.185,-94.351],"direction":[0.00405434,0.141698,-0.989902],"extended":true,"handId":218,"id":2181,"length":53.9285,"mcpPosition":[-64.0995,326.689,-34.6905],"pipPosition":[-64.8057,338.045,-72.4097],"stabilizedTipPosition":[-79.5773,331.426,-51.3273],"timeVisible":1.68093,"tipPosition":[-63.8289,340.525,-106.54],"tipVelocity":[1.31486,-25.344,-148.871],"tool":false,"touchDistance":-0.260869,"touchZone":"touching","type":1,"width":17.738},{"bases":[[[0.995371,-0.0535753,0.0797903],[0.0263685,0.950589,0.309331],[-0.0924203,-0.305795,0.947601]],[[0.994504,-0.0563093,0.0882661],[0.104681,0.51977,-0.847868],[0.00186484,0.852448,0.522808]],[[0.994504,-0.0563093,0.0882661],[0.0329321,-0.632024,-0.774249],[0.0993837,0.7729,-0.626696]],[[0.994504,-0.0563093,0.0882661],[-0.0247636,-0.945644,-0.324259],[0.101727,0.320291,-0.941841]]],"btipPosition":[-48.8831,266.693,-21.3935],"carpPosition":[-50.369,310.483,29.7694],"dipPosition":[-47.13,272.213,-37.6241],"direction":[-0.0993837,-0.7729,0.626696],"extended":false,"handId":218,"id":2182,"length":61.4471,"mcpPosition":[-44.456,330.047,-30.8577],"pipPosition":[-44.5384,292.368,-53.9666],"stabilizedTipPosition":[-71.5717,239.968,76.3732],"timeVisible":1.68093,"tipPosition":[-48.4215,268.158,-25.3998],"tipVelocity":[-19.3522,-31.1898,-144.281],"tool":false,"touchDistance":0.333333,"touchZone":"none","type":2,"width":17.4211},{"bases":[[[0.966083,-0.169498,0.194821],[0.0944563,0.934099,0.344291],[-0.240338,-0.314211,0.918427]],[[0.965782,-0.169889,0.195965],[0.253963,0.466236,-0.847424],[0.0526022,0.868195,0.493428]],[[0.965782,-0.169889,0.195965],[0.0358528,-0.660879,-0.749635],[0.256864,0.731011,-0.632175]],[[0.965782,-0.169889,0.195965],[-0.100027,-0.941123,-0.322927],[0.239289,0.292276,-0.925913]]],"btipPosition":[-38.0937,269.796,-10.8439],"carpPosition":[-39.119,310.897,30.2064],"dipPosition":[-33.9938,274.803,-26.7083],"direction":[-0.256864,-0.731011,0.632174],"extended":false,"handId":218,"id":2183,"length":59.0831,"mcpPosition":[-25.3133,328.946,-22.5508],"pipPosition":[-27.4685,293.374,-42.7679],"stabilizedTipPosition":[-59.1734,241.915,84.5552],"timeVisible":1.68093,"tipPosition":[-37.2498,271.178,-14.5336],"tipVelocity":[-15.5589,-34.5806,-145.821],"tool":false,"touchDistance":0.333333,"touchZone":"none","type":3,"width":16.5772},{"bases":[[[0.902797,-0.35672,0.240226],[0.221961,0.864911,0.450181],[-0.368363,-0.353101,0.860017]],[[0.8622,-0.389712,0.323629],[0.483572,0.44289,-0.754988],[0.150895,0.807448,0.570314]],[[0.8622,-0.389712,0.323629],[0.0213341,-0.610364,-0.791833],[0.506119,0.689623,-0.517942]],[[0.8622,-0.389712,0.323629],[-0.2367,-0.874771,-0.422787],[0.447867,0.287924,-0.846472]]],"btipPosition":[-29.1321,280.335,-10.7384],"carpPosition":[-27.6696,304.661,30.8154],"dipPosition":[-22.0528,284.886,-24.1184],"direction":[-0.506119,-0.689623,0.517942],"extended":false,"handId":218,"id":2184,"length":46.32,"mcpPosition":[-8.0821,323.437,-14.9155],"pipPosition":[-12.975,297.255,-33.4082],"stabilizedTipPosition":[-42.8907,262.456,61.3304],"timeVisible":1.68093,"tipPosition":[-27.2219,281.455,-13.5707],"tipVelocity":[-16.7481,-35.1391,-150.426],"tool":false,"touchDistance":0.333333,"touchZone":"none","type":4,"width":14.7252}],"r":[[0.907829,-0.174117,0.381485],[0.233652,0.96545,-0.115379],[-0.348215,0.193879,0.917146]],"s":1.09795,"t":[67.402,133.956,-205.047],"timestamp":2798451927},false],[2,{"currentFrameRate":110.604,"devices":[],"gestures":[],"hands":[{"armBasis":[[0.946157,0.268077,-0.181444],[-0.146721,0.854782,0.497816],[0.288548,-0.444391,0.84809]],"armWidth":58.4334,"confidence":0.762187,"direction":[0.105496,0.445213,-0.889188],"elbow":[28.8519,188.335,243.616],"grabStrength":0,"id":218,"palmNormal":[0.138957,-0.892005,-0.430138],"palmPosition":[-43.7006,316.333,-13.1972],"palmVelocity":[-8.61903,-23.9838,-151.734],"palmWidth":83.4409,"pinchStrength":0.505601,"r":[[0.9069,-0.175093,0.383243],[0.235357,0.964951,-0.116086],[-0.349485,0.195477,0.916324]],"s":1.09835,"sphereCenter":[-47.0542,291.672,-46.4288],"sphereRadius":43.0265,"stabilizedPalmPosition":[-57.6529,301.322,61.3166],"t":[67.2897,133.744,-206.461],"timeVisible":1.68999,"type":"right","wrist":[-42.5922,298.366,33.6295]}],"id":267768,"interactionBox":{"center":[0,200,0],"size":[235.247,235.247,147.751]},"pointables":[{"bases":[[[0.292525,0.916169,0.273978],[-0.895766,0.162246,0.41386],[0.334713,-0.366485,0.868134]],[[0.202032,0.977894,0.0539166],[-0.935214,0.176284,0.30708],[0.290787,-0.112464,0.950155]],[[0.202032,0.977894,0.0539166],[-0.950081,0.209056,-0.231608],[-0.23776,-0.00443281,0.971314]],[[0.202032,0.977894,0.0539166],[-0.709504,0.184088,-0.680232],[-0.67512,0.099175,0.731011]]],"btipPosition":[-58.6767,289.249,-61.4708],"carpPosition":[-67.2889,286.091,28.0823],"dipPosition":[-73.166,291.377,-45.782],"direction":[0.23776,0.00443281,-0.971314],"extended":false,"handId":218,"id":2180,"length":47.7925,"mcpPosition":[-67.2889,286.091,28.0823],"pipPosition":[-80.6,291.239,-15.4121],"stabilizedTipPosition":[-76.8819,281.392,3.42642],"timeVisible":1.68999,"tipPosition":[-61.5482,288.979,-57.726],"tipVelocity":[-9.61674,-10.6887,-155.691],"tool":false,"touchDistance":-0.292229,"touchZone":"touching","type":0,"width":18.5699},{"bases":[[[0.988398,0.151823,0.00445767],[-0.146517,0.945294,0.291464],[0.0400372,-0.288735,0.956571]],[[0.989072,0.144886,0.0272958],[-0.146561,0.946095,0.288832],[0.0160233,-0.289676,0.956991]],[[0.989072,0.144886,0.0272958],[-0.147294,0.979127,0.140055],[-0.00643411,-0.142545,0.989767]],[[0.989072,0.144886,0.0272958],[-0.145413,0.9892,0.0184137],[-0.0243332,-0.0221816,0.999458]]],"btipPosition":[-64.2711,341.432,-111.614],"carpPosition":[-61.4626,307.032,28.2234],"dipPosition":[-64.6524,341.084,-95.9542],"direction":[0.00643411,0.142545,-0.989767],"extended":true,"handId":218,"id":2181,"length":53.9285,"mcpPosition":[-64.1637,326.512,-36.3124],"pipPosition":[-64.795,337.925,-74.0159],"stabilizedTipPosition":[-79.5772,331.426,-51.3278],"timeVisible":1.68999,"tipPosition":[-63.7272,340.438,-108.141],"tipVelocity":[3.89047,-21.3455,-156.582],"tool":false,"touchDistance":-0.287151,"touchZone":"touching","type":1,"width":17.738},{"bases":[[[0.995118,-0.0519709,0.0838997],[0.0236074,0.950785,0.308952],[-0.0958271,-0.305463,0.94737]],[[0.994197,-0.0547697,0.0925832],[0.107555,0.520746,-0.846909],[-0.00182738,0.851953,0.523615]],[[0.994197,-0.0547697,0.0925832],[0.0374665,-0.630476,-0.775304],[0.100835,0.774274,-0.624765]],[[0.994197,-0.0547697,0.0925832],[-0.0216902,-0.945067,-0.326157],[0.105361,0.322257,-0.940771]]],"btipPosition":[-48.9057,266.501,-23.0411],"carpPosition":[-50.6723,310.36,28.2115],"dipPosition":[-47.09,272.055,-39.2533],"direction":[-0.100835,-0.774274,0.624765],"extended":false,"handId":218,"id":2182,"length":61.4471,"mcpPosition":[-44.5413,329.903,-32.4009],"pipPosition":[-44.4606,292.246,-55.5454],"stabilizedTipPosition":[-71.5715,239.968,76.3726],"timeVisible":1.68999,"tipPosition":[-48.4329,267.978,-26.9859],"tipVelocity":[-14.2572,-28.1844,-154.509],"tool":false,"touchDistance":0.333333,"touchZone":"none","type":2,"width":17.4211},{"bases":[[[0.96554,-0.167881,0.198868],[0.091577,0.93442,0.344199],[-0.243611,-0.314127,0.917594]],[[0.965357,-0.168116,0.199554],[0.256238,0.4664,-0.846648],[0.0492632,0.868452,0.49332]],[[0.965357,-0.168116,0.199554],[0.0399276,-0.660597,-0.749678],[0.257858,0.731675,-0.631]],[[0.965357,-0.168116,0.199554],[-0.0969693,-0.941149,-0.323783],[0.242243,0.293215,-0.924847]]],"btipPosition":[-38.1507,269.642,-12.3517],"carpPosition":[-39.4249,310.792,28.6944],"dipPosition":[-34.0001,274.666,-28.1979],"direction":[-0.257858,-0.731675,0.631],"extended":false,"handId":218,"id":2183,"length":59.0831,"mcpPosition":[-25.4312,328.836,-24.0149],"pipPosition":[-27.4496,293.253,-44.2276],"stabilizedTipPosition":[-59.1733,241.916,84.5546],"timeVisible":1.68999,"tipPosition":[-37.2983,271.032,-16.0288],"tipVelocity":[-12.6429,-29.5881,-151.365],"tool":false,"touchDistance":0.333333,"touchZone":"none","type":3,"width":16.5772},{"bases":[[[0.902363,-0.35518,0.244109],[0.218754,0.865485,0.450647],[-0.371333,-0.353247,0.858678]],[[0.86114,-0.388425,0.327969],[0.486142,0.440527,-0.754719],[0.148673,0.809359,0.568186]],[[0.86114,-0.388425,0.327969],[0.0245833,-0.612569,-0.790035],[0.507773,0.688393,-0.517959]],[[0.86114,-0.388425,0.327969],[-0.234183,-0.875709,-0.422246],[0.451217,0.286808,-0.845071]]],"btipPosition":[-29.2834,280.234,-12.082],"carpPosition":[-27.9683,304.575,29.3535],"dipPosition":[-22.1511,284.767,-25.4398],"direction":[-0.507773,-0.688393,0.517959],"extended":false,"handId":218,"id":2184,"length":46.32,"mcpPosition":[-8.22286,323.358,-16.3062],"pipPosition":[-13.0437,297.115,-34.7299],"stabilizedTipPosition":[-42.8907,262.457,61.3301],"timeVisible":1.68999,"tipPosition":[-27.3527,281.347,-14.9617],"tipVelocity":[-16.3618,-28.6386,-149.663],"tool":false,"touchDistance":0.333333,"touchZone":"none","type":4,"width":14.7252}],"r":[[0.9069,-0.175093,0.383243],[0.235357,0.964951,-0.116086],[-0.349485,0.195477,0.916324]],"s":1.09835,"t":[67.2897,133.744,-206.461],"timestamp":2798460991},false],[3,{"currentFrameRate":110.497,"devices":[],"gestures":[],"hands":[{"armBasis":[[0.946156,0.26896,-0.180138],[-0.148581,0.855222,0.496507],[0.287599,-0.443008,0.849135]],"armWidth":58.4334,"confidence":0.763658,"direction":[0.106436,0.443837,-0.889764],"elbow":[28.3977,188.572,242.81],"grabStrength":0,"id":218,"palmNormal":[0.140707,-0.892565,-0.428402],"palmPosition":[-43.8641,316.147,-14.2935],"palmVelocity":[-11.167,-22.8935,-142.444],"palmWidth":83.4409,"pinchStrength":0.506447,"r":[[0.906069,-0.175529,0.385005],[0.236533,0.964566,-0.116897],[-0.350844,0.196984,0.915481]],"s":1.09877,"sphereCenter":[-47.4155,291.506,-47.5117],"sphereRadius":43.0491,"stabilizedPalmPosition":[-57.6528,301.322,61.3165],"t":[67.1517,133.545,-207.717],"timeVisible":1.69923,"type":"right","wrist":[-42.8116,298.26,32.5653]}],"id":267769,"interactionBox":{"center":[0,200,0],"size":[235.247,235.247,147.751]},"pointables":[{"bases":[[[0.291002,0.916972,0.272911],[-0.896634,0.161894,0.412115],[0.333715,-0.364627,0.869299]],[[0.201383,0.978026,0.0539436],[-0.935946,0.175893,0.305067],[0.288875,-0.111924,0.950802]],[[0.201383,0.978026,0.0539436],[-0.949708,0.208441,-0.233681],[-0.23979,-0.00417125,0.970816]],[[0.201383,0.978026,0.0539436],[-0.707569,0.183335,-0.682447],[-0.677341,0.0992647,0.728942]]],"btipPosition":[-58.6739,289.07,-62.5245],"carpPosition":[-67.4848,285.947,26.9983],"dipPosition":[-73.2109,291.201,-46.88],"direction":[0.23979,0.00417125,-0.970816],"extended":false,"handId":218,"id":2180,"length":47.7925,"mcpPosition":[-67.4848,285.947,26.9983],"pipPosition":[-80.7084,291.07,-16.5257],"stabilizedTipPosition":[-76.8819,281.392,3.42636],"timeVisible":1.69923,"tipPosition":[-61.5979,288.8,-58.8007],"tipVelocity":[-7.16599,-13.0989,-144.305],"tool":false,"touchDistance":-0.307298,"touchZone":"touching","type":0,"width":18.5699},{"bases":[[[0.988211,0.15299,0.00582323],[-0.148101,0.945612,0.289627],[0.0388033,-0.287075,0.957122]],[[0.988831,0.146534,0.0272161],[-0.148094,0.945484,0.290048],[0.0167697,-0.290839,0.956625]],[[0.988831,0.146534,0.0272161],[-0.14892,0.978751,0.140957],[-0.00598266,-0.143436,0.989642]],[[0.988831,0.146534,0.0272161],[-0.147072,0.988945,0.01891],[-0.0241442,-0.0227015,0.999451]]],"btipPosition":[-64.4509,341.257,-112.743],"carpPosition":[-61.6832,306.895,27.1136],"dipPosition":[-64.8292,340.901,-97.084],"direction":[0.00598266,0.143436,-0.989642],"extended":true,"handId":218,"id":2181,"length":53.9285,"mcpPosition":[-64.3011,326.263,-37.4594],"pipPosition":[-64.9618,337.722,-75.1485],"stabilizedTipPosition":[-79.577,331.426,-51.3284],"timeVisible":1.69923,"tipPosition":[-63.8989,340.255,-109.273],"tipVelocity":[-2.64326,-20.7279,-146.947],"tool":false,"touchDistance":-0.303715,"touchZone":"touching","type":1,"width":17.738},{"bases":[[[0.995039,-0.0506623,0.0856202],[0.0219874,0.951331,0.307385],[-0.097026,-0.303977,0.947726]],[[0.994087,-0.0535054,0.0944874],[0.108516,0.520509,-0.846933],[-0.00386608,0.852178,0.523237]],[[0.994087,-0.0535054,0.0944874],[0.0397938,-0.630116,-0.775481],[0.10103,0.774655,-0.624261]],[[0.994087,-0.0535054,0.0944874],[-0.0198226,-0.944969,-0.326558],[0.10676,0.322754,-0.940443]]],"btipPosition":[-48.9926,266.254,-24.1637],"carpPosition":[-50.8968,310.236,27.1137],"dipPosition":[-47.1528,271.816,-40.3703],"direction":[-0.10103,-0.774655,0.624261],"extended":false,"handId":218,"id":2182,"length":61.4471,"mcpPosition":[-44.6891,329.684,-33.5214],"pipPosition":[-44.5183,292.017,-56.6492],"stabilizedTipPosition":[-71.5714,239.968,76.372],"timeVisible":1.69923,"tipPosition":[-48.5178,267.735,-28.0598],"tipVelocity":[-12.7271,-27.7348,-145.201],"tool":false,"touchDistance":0.333333,"touchZone":"none","type":2,"width":17.4211},{"bases":[[[0.965408,-0.166413,0.200735],[0.0899181,0.935106,0.342771],[-0.24475,-0.312864,0.917722]],[[0.965331,-0.166511,0.201023],[0.256654,0.465055,-0.847262],[0.0475919,0.869482,0.491667]],[[0.965331,-0.166511,0.201023],[0.041737,-0.661748,-0.748563],[0.257671,0.731002,-0.631856]],[[0.965331,-0.166511,0.201023],[-0.0952522,-0.941719,-0.322634],[0.243029,0.292301,-0.924931]]],"btipPosition":[-38.2513,269.45,-13.3482],"carpPosition":[-39.6507,310.682,27.6143],"dipPosition":[-34.0873,274.459,-29.1958],"direction":[-0.257671,-0.731002,0.631856],"extended":false,"handId":218,"id":2183,"length":59.0831,"mcpPosition":[-25.5916,328.654,-25.1023],"pipPosition":[-27.5415,293.029,-45.2473],"stabilizedTipPosition":[-59.1731,241.916,84.554],"timeVisible":1.69923,"tipPosition":[-37.397,270.837,-17.0303],"tipVelocity":[-12.0567,-27.2241,-139.156],"tool":false,"touchDistance":0.333333,"touchZone":"none","type":3,"width":16.5772},{"bases":[[[0.902375,-0.353709,0.246189],[0.217001,0.8665,0.449543],[-0.37233,-0.352233,0.858663]],[[0.860892,-0.386972,0.330329],[0.487118,0.439432,-0.754728],[0.146902,0.810649,0.566805]],[[0.860892,-0.386972,0.330329],[0.0267269,-0.613955,-0.788889],[0.508085,0.687977,-0.518206]],[[0.860892,-0.386972,0.330329],[-0.232385,-0.876633,-0.421321],[0.452616,0.285949,-0.844613]]],"btipPosition":[-29.4203,280.064,-13.0899],"carpPosition":[-28.188,304.479,28.3028],"dipPosition":[-22.266,284.584,-26.4405],"direction":[-0.508085,-0.687977,0.518206],"extended":false,"handId":218,"id":2184,"length":46.32,"mcpPosition":[-8.38954,323.209,-17.3561],"pipPosition":[-13.1529,296.923,-35.7351],"stabilizedTipPosition":[-42.8906,262.457,61.3298],"timeVisible":1.69923,"tipPosition":[-27.4853,281.174,-15.9729],"tipVelocity":[-15.7753,-25.8635,-138.22],"tool":false,"touchDistance":0.333333,"touchZone":"none","type":4,"width":14.7252}],"r":[[0.906069,-0.175529,0.385005],[0.236533,0.964566,-0.116897],[-0.350844,0.196984,0.915481]],"s":1.09877,"t":[67.1517,133.545,-207.717],"timestamp":2798470231},false],[4,{"currentFrameRate":110.613,"devices":[],"gestures":[],"hands":[{"armBasis":[[0.946641,0.269267,-0.177104],[-0.150292,0.854928,0.496498],[0.285102,-0.443388,0.849779]],"armWidth":58.4334,"confidence":0.689765,"direction":[0.106943,0.443707,-0.889768],"elbow":[27.6653,188.292,242.033],"grabStrength":0,"id":218,"palmNormal":[0.142336,-0.892515,-0.427969],"palmPosition":[-43.9446,315.946,-15.2368],"palmVelocity":[-10.6109,-22.8574,-132.801],"palmWidth":83.4409,"pinchStrength":0.505575,"r":[[0.905353,-0.175626,0.386641],[0.237262,0.964308,-0.117545],[-0.352197,0.198155,0.914708]],"s":1.0993,"sphereCenter":[-47.751,291.398,-48.4761],"sphereRadius":43.0814,"stabilizedPalmPosition":[-57.6528,301.322,61.3164],"t":[67.0425,133.345,-208.816],"timeVisible":1.70807,"type":"right","wrist":[-42.9256,298.075,31.6285]}],"id":267770,"interactionBox":{"center":[0,200,0],"size":[235.247,235.247,147.751]},"pointables":[{"bases":[[[0.289528,0.917416,0.272986],[-0.897327,0.160892,0.410996],[0.333133,-0.363952,0.869805]],[[0.200655,0.978106,0.0551912],[-0.936396,0.174931,0.30424],[0.287924,-0.112728,0.950995]],[[0.200655,0.978106,0.0551912],[-0.949549,0.208039,-0.234682],[-0.241026,-0.00531658,0.970504]],[[0.200655,0.978106,0.0551912],[-0.705471,0.183355,-0.684611],[-0.679742,0.0984348,0.726816]]],"btipPosition":[-58.6321,288.942,-63.4406],"carpPosition":[-67.5768,285.728,26.0357],"dipPosition":[-73.2207,291.055,-47.8417],"direction":[0.241026,0.00531658,-0.970504],"extended":false,"handId":218,"id":2180,"length":47.7925,"mcpPosition":[-67.5768,285.728,26.0357],"pipPosition":[-80.7568,290.889,-17.4972],"stabilizedTipPosition":[-76.8819,281.392,3.42629],"timeVisible":1.70807,"tipPosition":[-61.5964,288.665,-59.7435],"tipVelocity":[-4.31408,-13.6002,-133.647],"tool":false,"touchDistance":-0.3188,"touchZone":"touching","type":0,"width":18.5699},{"bases":[[[0.988011,0.154229,0.00695807],[-0.149631,0.945511,0.289169],[0.0380192,-0.286743,0.957253]],[[0.988587,0.148247,0.0268136],[-0.149552,0.94422,0.293399],[0.0181777,-0.294061,0.955614]],[[0.988587,0.148247,0.0268136],[-0.150576,0.977986,0.144464],[-0.00480702,-0.146852,0.989147]],[[0.988587,0.148247,0.0268136],[-0.148856,0.988607,0.022335],[-0.023197,-0.0260715,0.999391]]],"btipPosition":[-64.6127,341.279,-113.662],"carpPosition":[-61.8016,306.684,26.1517],"dipPosition":[-64.9762,340.87,-98.0039],"direction":[0.00480702,0.146852,-0.989147],"extended":true,"handId":218,"id":2181,"length":53.9285,"mcpPosition":[-64.3665,326.03,-38.4301],"pipPosition":[-65.0827,337.615,-76.0794],"stabilizedTipPosition":[-79.5769,331.426,-51.3289],"timeVisible":1.70807,"tipPosition":[-64.0494,340.243,-110.198],"tipVelocity":[-6.77485,-14.8255,-135.348],"tool":false,"touchDistance":-0.315465,"touchZone":"touching","type":1,"width":17.738},{"bases":[[[0.994999,-0.049391,0.0868236],[0.0204292,0.951449,0.307128],[-0.0977775,-0.303819,0.947699]],[[0.994031,-0.0522575,0.0957682],[0.108957,0.520231,-0.847047],[-0.00555698,0.852425,0.522819]],[[0.994031,-0.0522575,0.0957682],[0.0415714,-0.630162,-0.77535],[0.100867,0.774704,-0.624228]],[[0.994031,-0.0522575,0.0957682],[-0.0182048,-0.944961,-0.326676],[0.107569,0.322982,-0.940272]]],"btipPosition":[-49.002,266.03,-25.0974],"carpPosition":[-51.0194,310.038,26.1637],"dipPosition":[-47.1483,271.596,-41.301],"direction":[-0.100867,-0.774704,0.624228],"extended":false,"handId":218,"id":2182,"length":61.4471,"mcpPosition":[-44.7636,329.476,-34.4697],"pipPosition":[-44.518,291.798,-57.579],"stabilizedTipPosition":[-71.5713,239.968,76.3715],"timeVisible":1.70807,"tipPosition":[-48.5237,267.514,-28.9907],"tipVelocity":[-9.47625,-27.0613,-134.496],"tool":false,"touchDistance":0.333333,"touchZone":"none","type":2,"width":17.4211},{"bases":[[[0.965375,-0.165145,0.201938],[0.0883378,0.935319,0.342601],[-0.245455,-0.312899,0.917522]],[[0.965445,-0.165055,0.201675],[0.256523,0.465402,-0.847111],[0.04596,0.869573,0.491661]],[[0.965445,-0.165055,0.201675],[0.043405,-0.661216,-0.748939],[0.256967,0.731813,-0.631204]],[[0.965445,-0.165055,0.201675],[-0.0934016,-0.941605,-0.323505],[0.243295,0.293489,-0.924485]]],"btipPosition":[-38.2544,269.224,-14.2973],"carpPosition":[-39.7745,310.498,26.6776],"dipPosition":[-34.0858,274.253,-30.1373],"direction":[-0.256967,-0.731813,0.631204],"extended":false,"handId":218,"id":2183,"length":59.0831,"mcpPosition":[-25.6748,328.472,-26.0275],"pipPosition":[-27.5579,292.844,-46.1722],"stabilizedTipPosition":[-59.173,241.916,84.5535],"timeVisible":1.70807,"tipPosition":[-37.4035,270.62,-17.9672],"tipVelocity":[-8.85947,-26.64,-130.527],"tool":false,"touchDistance":0.333333,"touchZone":"none","type":3,"width":16.5772},{"bases":[[[0.902523,-0.352506,0.247371],[0.215379,0.866903,0.449545],[-0.372914,-0.352446,0.858322]],[[0.860869,-0.385873,0.331672],[0.48765,0.439586,-0.754296],[0.145264,0.81109,0.566597]],[[0.860869,-0.385873,0.331672],[0.0285467,-0.614184,-0.788646],[0.508024,0.68839,-0.517717]],[[0.860869,-0.385873,0.331672],[-0.230719,-0.877,-0.421474],[0.453511,0.286311,-0.84401]]],"btipPosition":[-29.466,279.879,-14.0045],"carpPosition":[-28.3047,304.31,27.3816],"dipPosition":[-22.2975,284.404,-27.3456],"direction":[-0.508024,-0.68839,0.517717],"extended":false,"handId":218,"id":2184,"length":46.32,"mcpPosition":[-8.47525,323.052,-18.2591],"pipPosition":[-13.1855,296.751,-36.6314],"stabilizedTipPosition":[-42.8906,262.457,61.3295],"timeVisible":1.70807,"tipPosition":[-27.5286,280.991,-16.888],"tipVelocity":[-12.8087,-24.492,-128.774],"tool":false,"touchDistance":0.333333,"touchZone":"none","type":4,"width":14.7252}],"r":[[0.905353,-0.175626,0.386641],[0.237262,0.964308,-0.117545],[-0.352197,0.198155,0.914708]],"s":1.0993,"t":[67.0425,133.345,-208.816],"timestamp":2798479066},false],[5,{"currentFrameRate":110.606,"devices":[],"gestures":[],"hands":[{"armBasis":[[0.946964,0.270018,-0.174212],[-0.152175,0.854321,0.49697],[0.283024,-0.444102,0.850101]],"armWidth":58.4334,"confidence":0.694528,"direction":[0.107084,0.442651,-0.890277],"elbow":[27.0366,188.021,241.473],"grabStrength":0,"id":218,"palmNormal":[0.144015,-0.892888,-0.426627],"palmPosition":[-44.0433,315.786,-15.9017],"palmVelocity":[-10.6912,-21.4184,-116.421],"palmWidth":83.4409,"pinchStrength":0.502191,"r":[[0.904761,-0.175333,0.388157],[0.237585,0.964138,-0.118283],[-0.353498,0.199238,0.913971]],"s":1.10002,"sphereCenter":[-48.0508,291.265,-49.1324],"sphereRadius":43.1182,"stabilizedPalmPosition":[-57.6528,301.322,61.3163],"t":[66.9386,133.165,-209.698],"timeVisible":1.71712,"type":"right","wrist":[-43.0398,297.98,30.9888]}],"id":267771,"interactionBox":{"center":[0,200,0],"size":[235.247,235.247,147.751]},"pointables":[{"bases":[[[0.287949,0.918208,0.271991],[-0.897924,0.160143,0.409983],[0.332892,-0.362282,0.870594]],[[0.200042,0.978184,0.0560352],[-0.936608,0.174122,0.30405],[0.28766,-0.113306,0.951007]],[[0.200042,0.978184,0.0560352],[-0.949645,0.207647,-0.234641],[-0.241158,-0.00627536,0.970466]],[[0.200042,0.978184,0.0560352],[-0.704202,0.183305,-0.685929],[-0.681237,0.0977548,0.725507]]],"btipPosition":[-58.675,288.875,-64.0564],"carpPosition":[-67.668,285.59,25.3911],"dipPosition":[-73.2957,290.973,-48.4857],"direction":[0.241158,0.00627536,-0.970466],"extended":false,"handId":218,"id":2180,"length":47.7925,"mcpPosition":[-67.668,285.59,25.3911],"pipPosition":[-80.8359,290.777,-18.1423],"stabilizedTipPosition":[-76.8819,281.392,3.42624],"timeVisible":1.71712,"tipPosition":[-61.658,288.578,-60.3783],"tipVelocity":[-4.6562,-11.989,-115.737],"tool":false,"touchDistance":-0.324588,"touchZone":"touching","type":0,"width":18.5699},{"bases":[[[0.987778,0.155678,0.0076211],[-0.151264,0.945685,0.287748],[0.037589,-0.285384,0.957676]],[[0.988322,0.150109,0.0262113],[-0.15112,0.943461,0.295033],[0.0195578,-0.295549,0.955127]],[[0.988322,0.150109,0.0262113],[-0.152337,0.977397,0.146587],[-0.00361485,-0.148868,0.98885]],[[0.988322,0.150109,0.0262113],[-0.150755,0.988262,0.0247043],[-0.0221953,-0.0283673,0.999351]]],"btipPosition":[-64.802,341.197,-114.333],"carpPosition":[-61.9234,306.555,25.4836],"dipPosition":[-65.1498,340.752,-98.6748],"direction":[0.00361485,0.148868,-0.98885],"extended":true,"handId":218,"id":2181,"length":53.9285,"mcpPosition":[-64.4594,325.809,-39.1268],"pipPosition":[-65.2299,337.453,-76.7568],"stabilizedTipPosition":[-79.5768,331.426,-51.3294],"timeVisible":1.71712,"tipPosition":[-64.2348,340.142,-110.872],"tipVelocity":[-10.5658,-13.4799,-118.434],"tool":false,"touchDistance":-0.322308,"touchZone":"touching","type":1,"width":17.738},{"bases":[[[0.994992,-0.0478219,0.0877701],[0.0187709,0.951895,0.30585],[-0.0981742,-0.302671,0.948026]],[[0.994005,-0.0507234,0.0968611],[0.109102,0.518436,-0.848128],[-0.00719635,0.853611,0.520862]],[[0.994005,-0.0507234,0.0968611],[0.0432371,-0.631325,-0.774313],[0.100427,0.773858,-0.625346]],[[0.994005,-0.0507234,0.0968611],[-0.0164918,-0.9453,-0.325785],[0.108088,0.322234,-0.940469]]],"btipPosition":[-49.0284,265.825,-25.6623],"carpPosition":[-51.1461,309.924,25.5006],"dipPosition":[-47.1657,271.378,-41.8693],"direction":[-0.100427,-0.773858,0.625346],"extended":false,"handId":218,"id":2182,"length":61.4471,"mcpPosition":[-44.865,329.289,-35.1537],"pipPosition":[-44.5469,291.558,-58.1765],"stabilizedTipPosition":[-71.5712,239.968,76.3709],"timeVisible":1.71712,"tipPosition":[-48.5465,267.309,-29.5659],"tipVelocity":[-7.60208,-25.9198,-114.625],"tool":false,"touchDistance":0.333333,"touchZone":"none","type":2,"width":17.4211},{"bases":[[[0.965435,-0.163462,0.203016],[0.0866715,0.935912,0.341404],[-0.245811,-0.312008,0.91773]],[[0.96564,-0.163201,0.202248],[0.25605,0.464315,-0.84785],[0.0444632,0.870504,0.490149]],[[0.96564,-0.163201,0.202248],[0.0447723,-0.662122,-0.748057],[0.255996,0.731409,-0.632065]],[[0.96564,-0.163201,0.202248],[-0.0916468,-0.942079,-0.322626],[0.243186,0.293005,-0.924667]]],"btipPosition":[-38.274,269.057,-14.8761],"carpPosition":[-39.9024,310.402,26.0238],"dipPosition":[-34.1073,274.077,-30.7192],"direction":[-0.255996,-0.731409,0.632065],"extended":false,"handId":218,"id":2183,"length":59.0831,"mcpPosition":[-25.7822,328.324,-26.6933],"pipPosition":[-27.604,292.658,-46.776],"stabilizedTipPosition":[-59.1729,241.916,84.5529],"timeVisible":1.71712,"tipPosition":[-37.425,270.451,-18.5533],"tipVelocity":[-7.02416,-24.4492,-112.173],"tool":false,"touchDistance":0.333333,"touchZone":"none","type":3,"width":16.5772},{"bases":[[[0.902816,-0.350853,0.248649],[0.213717,0.867828,0.448553],[-0.373161,-0.35182,0.858472]],[[0.860982,-0.384271,0.333237],[0.487977,0.43922,-0.754297],[0.14349,0.812048,0.565676]],[[0.860982,-0.384271,0.333237],[0.0304972,-0.614977,-0.787955],[0.507721,0.688577,-0.517765]],[[0.860982,-0.384271,0.333237],[-0.228829,-0.877747,-0.420948],[0.454256,0.286175,-0.843656]]],"btipPosition":[-29.5212,279.734,-14.6226],"carpPosition":[-28.4243,304.232,26.7463],"dipPosition":[-22.341,284.258,-27.958],"direction":[-0.507721,-0.688577,0.517765],"extended":false,"handId":218,"id":2184,"length":46.32,"mcpPosition":[-8.58168,322.939,-18.9023],"pipPosition":[-13.2344,296.608,-37.2447],"stabilizedTipPosition":[-42.8905,262.457,61.3292],"timeVisible":1.71712,"tipPosition":[-27.5841,280.848,-17.5026],"tipVelocity":[-10.8756,-22.1503,-112.039],"tool":false,"touchDistance":0.333333,"touchZone":"none","type":4,"width":14.7252}],"r":[[0.904761,-0.175333,0.388157],[0.237585,0.964138,-0.118283],[-0.353498,0.199238,0.913971]],"s":1.10002,"t":[66.9386,133.165,-209.698],"timestamp":2798488119},false],[6,{"currentFrameRate":110.566,"devices":[],"gestures":[],"hands":[{"armBasis":[[0.942516,0.28123,-0.180482],[-0.160592,0.854851,0.493396],[0.293043,-0.43605,0.850874]],"armWidth":58.4334,"confidence":0.683808,"direction":[0.107414,0.441931,-0.890595],"elbow":[29.5198,189.517,240.924],"grabStrength":0,"id":218,"palmNormal":[0.152595,-0.892492,-0.424468],"palmPosition":[-43.9813,315.2,-16.677],"palmVelocity":[-5.83679,-33.324,-107.716],"palmWidth":83.4409,"pinchStrength":0.495036,"r":[[0.904228,-0.173582,0.390181],[0.236472,0.964322,-0.119011],[-0.355602,0.19988,0.913014]],"s":1.10119,"sphereCenter":[-48.0151,290.7,-49.9201],"sphereRadius":43.1825,"stabilizedPalmPosition":[-57.6527,301.322,61.316],"t":[66.9176,132.782,-210.527],"timeVisible":1.72624,"type":"right","wrist":[-43.0374,297.482,30.2482]}],"id":267772,"interactionBox":{"center":[0,200,0],"size":[235.247,235.247,147.751]},"pointables":[{"bases":[[[0.279804,0.920843,0.271585],[-0.900819,0.153986,0.405971],[0.332015,-0.358241,0.872599]],[[0.193847,0.979275,0.0586903],[-0.93837,0.167635,0.30226],[0.286157,-0.113665,0.951417]],[[0.193847,0.979275,0.0586903],[-0.950608,0.202283,-0.235427],[-0.24242,-0.0101545,0.970118]],[[0.193847,0.979275,0.0586903],[-0.703012,0.18039,-0.687919],[-0.684249,0.0920913,0.72341]]],"btipPosition":[-58.381,288.44,-64.8406],"carpPosition":[-67.5469,284.896,24.5698],"dipPosition":[-73.0663,290.416,-49.3148],"direction":[0.24242,0.0101545,-0.970118],"extended":false,"handId":218,"id":2180,"length":47.7925,"mcpPosition":[-67.5469,284.896,24.5698],"pipPosition":[-80.646,290.099,-18.9823],"stabilizedTipPosition":[-76.8818,281.392,3.42614],"timeVisible":1.72624,"tipPosition":[-61.3434,288.071,-61.1781],"tipVelocity":[5.13588,-22.7788,-107.806],"tool":false,"touchDistance":-0.33238,"touchZone":"touching","type":0,"width":18.5699},{"bases":[[[0.986522,0.163226,0.0114514],[-0.159668,0.944994,0.285469],[0.0357744,-0.28345,0.958319]],[[0.987003,0.158155,0.0285065],[-0.159422,0.941255,0.297697],[0.0202503,-0.298373,0.954235]],[[0.987003,0.158155,0.0285065],[-0.160652,0.975516,0.150197],[-0.00405418,-0.152825,0.988245]],[[0.987003,0.158155,0.0285065],[-0.158966,0.986862,0.0288507],[-0.0235691,-0.0330073,0.999177]]],"btipPosition":[-64.715,340.686,-115.159],"carpPosition":[-61.9627,305.903,24.6497],"dipPosition":[-65.0843,340.169,-99.5035],"direction":[0.00405418,0.152825,-0.988245],"extended":true,"handId":218,"id":2181,"length":53.9285,"mcpPosition":[-64.3763,325.026,-40.0041],"pipPosition":[-65.1741,336.782,-77.599],"stabilizedTipPosition":[-79.5766,331.426,-51.3299],"timeVisible":1.72624,"tipPosition":[-64.1415,339.571,-111.705],"tipVelocity":[-5.13346,-25.7906,-110.733],"tool":false,"touchDistance":-0.330809,"touchZone":"touching","type":1,"width":17.738},{"bases":[[[0.994954,-0.0400762,0.0919841],[0.0102379,0.952532,0.304266],[-0.0998117,-0.301789,0.948136]],[[0.993935,-0.0430123,0.10121],[0.108828,0.517054,-0.849007],[-0.0158133,0.854872,0.518599]],[[0.993935,-0.0430123,0.10121],[0.0513324,-0.632458,-0.772892],[0.0972549,0.7734,-0.626414]],[[0.993935,-0.0430123,0.10121],[-0.0078816,-0.945833,-0.324559],[0.109688,0.321793,-0.940435]]],"btipPosition":[-48.5531,265.163,-26.337],"carpPosition":[-51.2116,309.355,24.7056],"dipPosition":[-46.6629,270.709,-42.5434],"direction":[-0.0972549,-0.7734,0.626414],"extended":false,"handId":218,"id":2182,"length":61.4471,"mcpPosition":[-44.8257,328.663,-35.9558],"pipPosition":[-44.1268,290.877,-58.8785],"stabilizedTipPosition":[-71.571,239.969,76.37],"timeVisible":1.72624,"tipPosition":[-48.0643,266.648,-30.2488],"tipVelocity":[9.17242,-38.9372,-103.353],"tool":false,"touchDistance":0.333333,"touchZone":"none","type":2,"width":17.4211},{"bases":[[[0.965799,-0.155741,0.207307],[0.0781097,0.937129,0.34013],[-0.247246,-0.312304,0.917243]],[[0.966192,-0.155244,0.205846],[0.255314,0.464973,-0.847711],[0.0358888,0.871607,0.488889]],[[0.966192,-0.155244,0.205846],[0.0528715,-0.662127,-0.747524],[0.252345,0.733135,-0.631534]],[[0.966192,-0.155244,0.205846],[-0.0827037,-0.942825,-0.322863],[0.2442,0.294923,-0.923789]]],"btipPosition":[-37.8366,268.469,-15.5743],"carpPosition":[-39.9741,309.919,25.2747],"dipPosition":[-33.6525,273.522,-31.4024],"direction":[-0.252345,-0.733135,0.631534],"extended":false,"handId":218,"id":2183,"length":59.0831,"mcpPosition":[-25.7716,327.859,-27.4145],"pipPosition":[-27.2421,292.147,-47.4456],"stabilizedTipPosition":[-59.1728,241.916,84.5522],"timeVisible":1.72624,"tipPosition":[-36.9899,269.879,-19.2378],"tipVelocity":[8.36434,-35.3256,-102.192],"tool":false,"touchDistance":0.333333,"touchZone":"none","type":3,"width":16.5772},{"bases":[[[0.904421,-0.343526,0.253007],[0.205223,0.8702,0.447924],[-0.37404,-0.353189,0.857526]],[[0.862358,-0.377209,0.337716],[0.487993,0.441511,-0.752948],[0.134913,0.814114,0.564816]],[[0.862358,-0.377209,0.337716],[0.0387306,-0.615926,-0.786851],[0.504816,0.691627,-0.516539]],[[0.862358,-0.377209,0.337716],[-0.220185,-0.880059,-0.420732],[0.455914,0.288461,-0.841981]]],"btipPosition":[-29.1987,279.256,-15.2837],"carpPosition":[-28.4524,303.838,26.0556],"dipPosition":[-21.9921,283.815,-28.5926],"direction":[-0.504816,-0.691627,0.516539],"extended":false,"handId":218,"id":2184,"length":46.32,"mcpPosition":[-8.56309,322.618,-19.5428],"pipPosition":[-12.9377,296.22,-37.8573],"stabilizedTipPosition":[-42.8904,262.457,61.3289],"timeVisible":1.72624,"tipPosition":[-27.2585,280.381,-18.1564],"t