{"sensorType":"Leap","data":[[0,{"currentFrameRate":102.783,"devices":[],"gestures":[],"hands":[{"armBasis":[[0.932954,0.323195,-0.158563],[-0.201232,0.833412,0.514714],[0.298501,-0.448297,0.842572]],"armWidth":58.4334,"confidence":0.66219,"direction":[-0.025456,0.432854,-0.901104],"elbow":[37.3435,191.248,242.217],"grabStrength":0,"id":225,"palmNormal":[0.204709,-0.880038,-0.428518],"palmPosition":[-43.8547,318.829,-13.1861],"palmVelocity":[-37.7855,60.3739,-151.343],"palmWidth":83.4409,"pinchStrength":0.480589,"r":[[0.894411,-0.26648,0.359189],[0.193845,0.954735,0.225621],[-0.403054,-0.132171,0.905582]],"s":0.987147,"sphereCenter":[-44.1076,295.974,-45.1752],"sphereRadius":42.6969,"stabilizedPalmPosition":[-65.319,266.064,125.812],"t":[54.3091,96.5808,-209.271],"timeVisible":0.759403,"type":"right","wrist":[-36.5651,302.246,33.5968]}],"id":270531,"interactionBox":{"center":[0,200,0],"size":[235.247,235.247,147.751]},"pointables":[{"bases":[[[0.205678,0.950211,0.234085],[-0.869098,0.0674029,0.490025],[0.449849,-0.30423,0.83969]],[[0.123299,0.988921,0.0826548],[-0.921935,0.0833309,0.378274],[0.367195,-0.122843,0.921996]],[[0.123299,0.988921,0.0826548],[-0.975601,0.136041,-0.172326],[-0.181661,-0.0593904,0.981566]],[[0.123299,0.988921,0.0826548],[-0.828573,0.148428,-0.539847],[-0.546135,-0.00192285,0.837695]]],"btipPosition":[-59.4461,294.586,-60.4247],"carpPosition":[-60.0383,287.064,30.4497],"dipPosition":[-71.1672,294.544,-42.4462],"direction":[0.181661,0.0593904,-0.981566],"extended":false,"handId":225,"id":2250,"length":47.7925,"mcpPosition":[-60.0383,287.064,30.4497],"pipPosition":[-76.8471,292.687,-11.7557],"stabilizedTipPosition":[-85.0154,241.183,73.5388],"timeVisible":0.759403,"tipPosition":[-62.1111,293.92,-56.3767],"tipVelocity":[-34.6307,73.6166,-154.593],"tool":false,"touchDistance":-0.534253,"touchZone":"touching","type":0,"width":18.5699},{"bases":[[[0.960327,0.265276,-0.0860301],[-0.230538,0.928734,0.290355],[0.156923,-0.259003,0.953044]],[[0.970401,0.241491,-0.00195104],[-0.221913,0.894859,0.387275],[0.0952691,-0.375379,0.921962]],[[0.970401,0.241491,-0.00195104],[-0.234336,0.943543,0.234122],[0.0583793,-0.226735,0.972205]],[[0.970401,0.241491,-0.00195104],[-0.240024,0.965335,0.102548],[0.0266479,-0.0990447,0.994726]]],"btipPosition":[-72.7735,347.377,-107.975],"carpPosition":[-56.7217,308.536,29.7809],"dipPosition":[-72.356,345.825,-92.3894],"direction":[-0.0583793,0.226736,-0.972205],"extended":true,"handId":225,"id":2251,"length":53.9285,"mcpPosition":[-67.3086,326.01,-34.517],"pipPosition":[-71.062,340.799,-70.8404],"stabilizedTipPosition":[-86.4456,307.713,-16.9428],"timeVisible":0.759403,"tipPosition":[-71.681,346.277,-104.506],"tipVelocity":[-15.7343,77.572,-158.423],"tool":false,"touchDistance":-0.527384,"touchZone":"touching","type":1,"width":17.738},{"bases":[[[0.997835,0.0656056,-0.00470895],[-0.061363,0.9543,0.292484],[0.0236823,-0.291562,0.956259]],[[0.998082,0.0610618,0.0101683],[-0.024557,0.541348,-0.84044],[-0.0568234,0.838578,0.541809]],[[0.998082,0.0610618,0.0101683],[0.0513477,-0.72491,-0.686927],[-0.0345739,0.686132,-0.726655]],[[0.998082,0.0610618,0.0101683],[0.0618266,-0.991455,-0.114864],[0.00306762,0.115272,-0.993329]]],"btipPosition":[-44.594,274.798,-20.3045],"carpPosition":[-46.4393,313.089,28.7583],"dipPosition":[-44.5412,276.785,-37.4224],"direction":[0.0345739,-0.686132,0.726655],"extended":false,"handId":225,"id":2252,"length":61.4471,"mcpPosition":[-47.9544,331.743,-32.4227],"pipPosition":[-45.4428,294.677,-56.3715],"stabilizedTipPosition":[-73.3284,205.871,146.895],"timeVisible":0.759403,"tipPosition":[-44.5683,275.267,-24.3918],"tipVelocity":[-55.2172,58.9415,-137.585],"tool":false,"touchDistance":0.333333,"touchZone":"none","type":2,"width":17.4211},{"bases":[[[0.992211,-0.0501422,0.114029],[0.0108708,0.946767,0.321735],[-0.124091,-0.317989,0.939938]],[[0.991939,-0.0508342,0.116074],[0.125723,0.509347,-0.851328],[-0.0158454,0.859058,0.511632]],[[0.991939,-0.0508342,0.116074],[0.0387447,-0.75047,-0.659768],[0.120649,0.658947,-0.742451]],[[0.991939,-0.0508342,0.116074],[-0.0383999,-0.993522,-0.106953],[0.120759,0.101634,-0.987465]]],"btipPosition":[-32.6781,279.419,-10.9482],"carpPosition":[-35.3215,314.832,28.2276],"dipPosition":[-30.609,281.161,-27.8673],"direction":[-0.120649,-0.658947,0.742451],"extended":false,"handId":225,"id":2253,"length":59.0831,"mcpPosition":[-28.1933,333.098,-25.7653],"pipPosition":[-27.5441,297.9,-46.7282],"stabilizedTipPosition":[-61.6276,211.201,161.837],"timeVisible":0.759403,"tipPosition":[-32.0653,279.9,-14.7799],"tipVelocity":[-56.0322,53.7645,-143.108],"tool":false,"touchDistance":0.333333,"touchZone":"none","type":3,"width":16.5772},{"bases":[[[0.955654,-0.242349,0.167312],[0.154057,0.895605,0.417322],[-0.250983,-0.37304,0.893224]],[[0.95247,-0.246953,0.178368],[0.284358,0.510704,-0.81137],[0.109277,0.823526,0.556653]],[[0.95247,-0.246953,0.178368],[-0.0557596,-0.716957,-0.694884],[0.299486,0.65191,-0.69665]],[[0.95247,-0.246953,0.178368],[-0.215664,-0.960158,-0.177725],[0.215151,0.13081,-0.96778]]],"btipPosition":[-22.1704,289.373,-9.80861],"carpPosition":[-23.2005,310.001,27.9452],"dipPosition":[-18.7696,291.441,-25.106],"direction":[-0.299486,-0.65191,0.69665],"extended":false,"handId":225,"id":2254,"length":46.32,"mcpPosition":[-9.85462,329.837,-19.5514],"pipPosition":[-13.398,303.134,-37.6012],"stabilizedTipPosition":[-48.5077,225.864,146.971],"timeVisible":0.759403,"tipPosition":[-20.9438,289.864,-13.27],"tipVelocity":[-55.1389,49.747,-139.07],"tool":false,"touchDistance":0.333333,"touchZone":"none","type":4,"width":14.7252}],"r":[[0.894411,-0.26648,0.359189],[0.193845,0.954735,0.225621],[-0.403054,-0.132171,0.905582]],"s":0.987147,"t":[54.3091,96.5808,-209.271],"timestamp":2823868363},false],[1,{"currentFrameRate":103.002,"devices":[],"gestures":[],"hands":[{"armBasis":[[0.935164,0.318482,-0.155041],[-0.19861,0.833878,0.514977],[0.293296,-0.450795,0.843067]],"armWidth":58.4334,"confidence":0.660267,"direction":[-0.0207181,0.429204,-0.90297],"elbow":[35.679,191.203,241.162],"grabStrength":0,"id":225,"palmNormal":[0.201817,-0.882776,-0.424236],"palmPosition":[-44.0123,319.241,-14.4537],"palmVelocity":[-31.9097,55.8537,-147.122],"palmWidth":83.4409,"pinchStrength":0.481007,"r":[[0.892465,-0.269337,0.361888],[0.19653,0.954213,0.22551],[-0.406056,-0.130138,0.904534]],"s":0.987752,"sphereCenter":[-44.7557,296.31,-46.3394],"sphereRadius":42.6939,"stabilizedPalmPosition":[-65.2325,266.28,125.243],"t":[54.0746,97.1081,-210.717],"timeVisible":0.768697,"type":"right","wrist":[-36.9409,302.819,32.4195]}],"id":270532,"interactionBox":{"center":[0,200,0],"size":[235.247,235.247,147.751]},"pointables":[{"bases":[[[0.209476,0.950198,0.230745],[-0.870227,0.0735518,0.487129],[0.445897,-0.302843,0.842296]],[[0.127882,0.988623,0.0791816],[-0.92298,0.089411,0.374317],[0.362979,-0.120952,0.923914]],[[0.127882,0.988623,0.0791816],[-0.974257,0.140166,-0.176572],[-0.185661,-0.0545628,0.981098]],[[0.127882,0.988623,0.0791816],[-0.826111,0.150357,-0.543078],[-0.548805,0.00403728,0.835941]]],"btipPosition":[-59.5086,294.892,-61.6447],"carpPosition":[-60.4763,287.735,29.2651],"dipPosition":[-71.287,294.978,-43.7039],"direction":[0.185661,0.0545628,-0.981098],"extended":false,"handId":225,"id":2250,"length":47.7925,"mcpPosition":[-60.4763,287.735,29.2651],"pipPosition":[-77.0921,293.272,-13.0281],"stabilizedTipPosition":[-84.8403,241.596,72.5326],"timeVisible":0.768697,"tipPosition":[-62.2168,294.273,-57.5962],"tipVelocity":[-27.1584,63.0286,-148.275],"tool":false,"touchDistance":-0.527591,"touchZone":"touching","type":0,"width":18.5699},{"bases":[[[0.961824,0.260376,-0.0842493],[-0.227003,0.931016,0.285795],[0.152852,-0.25576,0.95458]],[[0.971341,0.237676,-0.00274226],[-0.218346,0.896783,0.384844],[0.0939275,-0.373216,0.922978]],[[0.971341,0.237676,-0.00274226],[-0.230573,0.944988,0.232022],[0.0577374,-0.22474,0.972707]],[[0.971341,0.237676,-0.00274226],[-0.236201,0.966472,0.100705],[0.0265855,-0.0971709,0.994913]]],"btipPosition":[-72.7651,347.652,-109.396],"carpPosition":[-57.056,309.189,28.517],"dipPosition":[-72.3486,346.129,-93.8081],"direction":[-0.0577374,0.22474,-0.972707],"extended":true,"handId":225,"id":2251,"length":53.9285,"mcpPosition":[-67.3683,326.444,-35.8845],"pipPosition":[-71.0688,341.148,-72.248],"stabilizedTipPosition":[-86.1602,308.533,-18.784],"timeVisible":0.768697,"tipPosition":[-71.6637,346.568,-105.928],"tipVelocity":[-11.0457,64.238,-156.861],"tool":false,"touchDistance":-0.524293,"touchZone":"touching","type":1,"width":17.738},{"bases":[[[0.998144,0.0608722,-0.00198578],[-0.0577157,0.955792,0.288325],[0.019449,-0.287675,0.95753]],[[0.998325,0.0563852,0.0129249],[-0.0194734,0.537963,-0.842743],[-0.0544714,0.84108,0.53816]],[[0.998325,0.0563852,0.0129249],[0.0499677,-0.727956,-0.683801],[-0.0291475,0.683302,-0.729554]],[[0.998325,0.0563852,0.0129249],[0.0574715,-0.992197,-0.11064],[0.00658564,0.111197,-0.993777]]],"btipPosition":[-44.9392,275.183,-21.3932],"carpPosition":[-46.7491,313.689,27.5063],"dipPosition":[-44.8257,277.099,-38.5188],"direction":[0.0291475,-0.683302,0.729554],"extended":false,"handId":225,"id":2252,"length":61.4471,"mcpPosition":[-47.9935,332.094,-33.7561],"pipPosition":[-45.5858,294.918,-57.5435],"stabilizedTipPosition":[-73.274,206.004,146.566],"timeVisible":0.768697,"tipPosition":[-44.899,275.635,-25.4804],"tipVelocity":[-49.6917,53.492,-131.871],"tool":false,"touchDistance":0.333333,"touchZone":"none","type":2,"width":17.4211},{"bases":[[[0.991618,-0.0543511,0.117215],[0.014394,0.948041,0.317824],[-0.128399,-0.313473,0.940877]],[[0.991354,-0.0549915,0.119137],[0.130572,0.503297,-0.854191],[-0.0129881,0.862362,0.506126]],[[0.991354,-0.0549915,0.119137],[0.0368572,-0.754691,-0.655044],[0.125934,0.653771,-0.746139]],[[0.991354,-0.0549915,0.119137],[-0.0428924,-0.993875,-0.101842],[0.124008,0.0958513,-0.987641]]],"btipPosition":[-33.0378,279.8,-11.9056],"carpPosition":[-35.6217,315.377,27.0018],"dipPosition":[-30.9131,281.442,-28.8277],"direction":[-0.125934,-0.653771,0.746139],"extended":false,"handId":225,"id":2253,"length":59.0831,"mcpPosition":[-28.2461,333.384,-27.045],"pipPosition":[-27.7139,298.051,-47.7823],"stabilizedTipPosition":[-61.5735,211.33,161.506],"timeVisible":0.768697,"tipPosition":[-32.415,280.252,-15.7833],"tipVelocity":[-50.7561,49.4588,-131.816],"tool":false,"touchDistance":0.333333,"touchZone":"none","type":3,"width":16.5772},{"bases":[[[0.953992,-0.246158,0.171188],[0.157051,0.896602,0.414053],[-0.25541,-0.368118,0.894011]],[[0.950313,-0.251301,0.183719],[0.291012,0.507626,-0.810943],[0.11053,0.824114,0.555535]],[[0.950313,-0.251301,0.183719],[-0.0556578,-0.71783,-0.69399],[0.30628,0.649282,-0.69615]],[[0.950313,-0.251301,0.183719],[-0.219589,-0.95948,-0.176575],[0.220648,0.127458,-0.96699]]],"btipPosition":[-22.5069,289.679,-11.005],"carpPosition":[-23.5229,310.487,26.7759],"dipPosition":[-19.0191,291.694,-26.2899],"direction":[-0.30628,-0.649282,0.69615],"extended":false,"handId":225,"id":2254,"length":46.32,"mcpPosition":[-9.94167,330.062,-20.7626],"pipPosition":[-13.5257,303.339,-38.7761],"stabilizedTipPosition":[-48.4437,226.017,146.586],"timeVisible":0.768697,"tipPosition":[-21.2727,290.161,-14.422],"tipVelocity":[-49.1883,44.628,-136.064],"tool":false,"touchDistance":0.333333,"touchZone":"none","type":4,"width":14.7252}],"r":[[0.892465,-0.269337,0.361888],[0.19653,0.954213,0.22551],[-0.406056,-0.130138,0.904534]],"s":0.987752,"t":[54.0746,97.1081,-210.717],"timestamp":2823877657},false],[2,{"currentFrameRate":103.507,"devices":[],"gestures":[],"hands":[{"armBasis":[[0.939644,0.30534,-0.154394],[-0.187511,0.836989,0.514091],[0.286198,-0.454112,0.843726]],"armWidth":58.4334,"confidence":0.661501,"direction":[-0.0140272,0.42542,-0.904887],"elbow":[33.4243,190.951,239.664],"grabStrength":0,"id":225,"palmNormal":[0.190086,-0.887339,-0.420117],"palmPosition":[-44.2418,319.696,-16.1943],"palmVelocity":[-30.4284,54.9106,-161.219],"palmWidth":83.4409,"pinchStrength":0.484861,"r":[[0.89008,-0.273734,0.364454],[0.201247,0.95344,0.224616],[-0.40897,-0.126581,0.903726]],"s":0.988093,"sphereCenter":[-45.8374,296.734,-47.9555],"sphereRadius":42.6772,"stabilizedPalmPosition":[-65.1631,266.457,124.775],"t":[53.8425,97.5995,-212.309],"timeVisible":0.777403,"type":"right","wrist":[-37.438,303.388,30.7582]}],"id":270533,"interactionBox":{"center":[0,200,0],"size":[235.247,235.247,147.751]},"pointables":[{"bases":[[[0.222266,0.948259,0.226722],[-0.869574,0.0876317,0.485964],[0.440952,-0.305165,0.844059]],[[0.141273,0.987142,0.0747851],[-0.923355,0.104148,0.369551],[0.357011,-0.121261,0.926196]],[[0.141273,0.987142,0.0747851],[-0.97146,0.152776,-0.181453],[-0.190545,-0.0470163,0.980552]],[[0.141273,0.987142,0.0747851],[-0.821418,0.159049,-0.547701],[-0.552553,0.0159457,0.833325]]],"btipPosition":[-59.701,295.293,-63.2929],"carpPosition":[-61.175,288.614,27.6483],"dipPosition":[-71.5598,295.635,-45.4081],"direction":[0.190545,0.0470163,-0.980552],"extended":false,"handId":225,"id":2250,"length":47.7925,"mcpPosition":[-61.175,288.614,27.6483],"pipPosition":[-77.5176,294.165,-14.7494],"stabilizedTipPosition":[-84.7019,241.928,71.7191],"timeVisible":0.777403,"tipPosition":[-62.5496,294.805,-59.2416],"tipVelocity":[-26.375,60.3211,-159.625],"tool":false,"touchDistance":-0.528081,"touchZone":"touching","type":0,"width":18.5699},{"bases":[[[0.965376,0.246802,-0.0844842],[-0.214484,0.935302,0.281439],[0.148478,-0.253574,0.955853]],[[0.9743,0.225177,-0.00581662],[-0.205806,0.900387,0.383337],[0.0915559,-0.372288,0.92359]],[[0.9743,0.225177,-0.00581662],[-0.217766,0.948208,0.231254],[0.0575886,-0.224044,0.972876]],[[0.9743,0.225177,-0.00581662],[-0.223471,0.969516,0.100498],[0.0282691,-0.0966153,0.99492]]],"btipPosition":[-72.8042,348.27,-111.219],"carpPosition":[-57.4605,310.016,26.8081],"dipPosition":[-72.3612,346.757,-95.6307],"direction":[-0.0575886,0.224044,-0.972876],"extended":true,"handId":225,"id":2251,"length":53.9285,"mcpPosition":[-67.4777,327.123,-37.6793],"pipPosition":[-71.0848,341.791,-74.0669],"stabilizedTipPosition":[-85.9492,309.151,-20.1771],"timeVisible":0.777403,"tipPosition":[-71.6899,347.169,-107.759],"tipVelocity":[-9.10845,66.1144,-170.876],"tool":false,"touchDistance":-0.527538,"touchZone":"touching","type":1,"width":17.738},{"bases":[[[0.998885,0.047188,-0.00130055],[-0.0448758,0.957767,0.284021],[0.014648,-0.283646,0.958817]],[[0.998992,0.0427609,0.0136452],[-0.0113326,0.53444,-0.845131],[-0.0434311,0.844124,0.534386]],[[0.998992,0.0427609,0.0136452],[0.0406095,-0.731557,-0.68057],[-0.0191195,0.680438,-0.732556]],[[0.998992,0.0427609,0.0136452],[0.0439716,-0.993364,-0.106271],[0.00901041,0.106764,-0.994244]]],"btipPosition":[-45.7662,275.622,-22.9413],"carpPosition":[-47.092,314.37,25.7873],"dipPosition":[-45.6109,277.462,-40.075],"direction":[0.0191195,-0.680438,0.732556],"extended":false,"handId":225,"id":2252,"length":61.4471,"mcpPosition":[-48.0292,332.517,-35.5574],"pipPosition":[-46.1095,295.206,-59.178],"stabilizedTipPosition":[-73.2241,206.131,146.251],"timeVisible":0.777403,"tipPosition":[-45.7161,276.057,-27.0283],"tipVelocity":[-61.4899,52.1419,-144.194],"tool":false,"touchDistance":0.333333,"touchZone":"none","type":2,"width":17.4211},{"bases":[[[0.990675,-0.0674029,0.118404],[0.0270945,0.949161,0.313623],[-0.133524,-0.30749,0.942137]],[[0.990404,-0.0680233,0.120305],[0.138195,0.49755,-0.856356],[-0.00160587,0.864764,0.502176]],[[0.990404,-0.0680233,0.120305],[0.0270868,-0.758065,-0.651616],[0.135524,0.648622,-0.748948]],[[0.990404,-0.0680233,0.120305],[-0.0564025,-0.993637,-0.0974948],[0.126172,0.0897736,-0.987938]]],"btipPosition":[-33.8109,280.119,-13.4555],"carpPosition":[-35.9421,315.903,25.2859],"dipPosition":[-31.6491,281.657,-30.3827],"direction":[-0.135524,-0.648622,0.748948],"extended":false,"handId":225,"id":2253,"length":59.0831,"mcpPosition":[-28.272,333.566,-28.8332],"pipPosition":[-28.2063,298.134,-49.4087],"stabilizedTipPosition":[-61.5254,211.447,161.202],"timeVisible":0.777403,"tipPosition":[-33.1802,280.545,-17.3368],"tipVelocity":[-60.6481,45.2899,-144.188],"tool":false,"touchDistance":0.333333,"touchZone":"none","type":3,"width":16.5772},{"bases":[[[0.950377,-0.258435,0.173193],[0.168947,0.896203,0.410216],[-0.26123,-0.360599,0.895392]],[[0.946475,-0.263655,0.186204],[0.299094,0.499479,-0.813058],[0.121362,0.825231,0.551602]],[[0.946475,-0.263655,0.186204],[-0.0647902,-0.720322,-0.690607],[0.316209,0.641578,-0.698849]],[[0.946475,-0.263655,0.186204],[-0.232693,-0.957135,-0.172472],[0.223696,0.119912,-0.967255]]],"btipPosition":[-23.1631,289.86,-12.5808],"carpPosition":[-23.9112,310.847,25.0933],"dipPosition":[-19.6272,291.755,-27.87],"direction":[-0.316209,-0.641578,0.698849],"extended":false,"handId":225,"id":2254,"length":46.32,"mcpPosition":[-10.0205,330.021,-22.5186],"pipPosition":[-13.9557,303.263,-40.4046],"stabilizedTipPosition":[-48.3918,226.145,146.262],"timeVisible":0.777403,"tipPosition":[-21.9201,290.308,-16.0056],"tipVelocity":[-55.8412,37.4215,-148.091],"tool":false,"touchDistance":0.333333,"touchZone":"none","type":4,"width":14.7252}],"r":[[0.89008,-0.273734,0.364454],[0.201247,0.95344,0.224616],[-0.40897,-0.126581,0.903726]],"s":0.988093,"t":[53.8425,97.5995,-212.309],"timestamp":2823886363},false],[3,{"currentFrameRate":103.641,"devices":[],"gestures":[],"hands":[{"armBasis":[[0.941468,0.298862,-0.15595],[-0.181149,0.83867,0.513632],[0.284295,-0.455317,0.843719]],"armWidth":58.4334,"confidence":0.665331,"direction":[-0.0108496,0.424246,-0.905482],"elbow":[32.6729,191.01,238.329],"grabStrength":0,"id":225,"palmNormal":[0.183372,-0.889334,-0.418878],"palmPosition":[-44.4005,320.039,-17.5498],"palmVelocity":[-26.5747,49.6695,-156.392],"palmWidth":83.4409,"pinchStrength":0.488781,"r":[[0.887733,-0.278477,0.36658],[0.206459,0.952553,0.223644],[-0.411467,-0.122853,0.903107]],"s":0.987917,"sphereCenter":[-46.6964,297.127,-49.2725],"sphereRadius":42.6563,"stabilizedPalmPosition":[-65.1012,266.617,124.351],"t":[53.6472,98.0167,-213.784],"timeVisible":0.786799,"type":"right","wrist":[-37.7183,303.746,29.4253]}],"id":270534,"interactionBox":{"center":[0,200,0],"size":[235.247,235.247,147.751]},"pointables":[{"bases":[[[0.22942,0.946872,0.225389],[-0.868872,0.0948688,0.485862],[0.438667,-0.3073,0.844475]],[[0.148682,0.986162,0.073332],[-0.923731,0.112031,0.366292],[0.353008,-0.1222,0.927606]],[[0.148682,0.986162,0.073332],[-0.969601,0.159954,-0.18517],[-0.194338,-0.0435714,0.979967]],[[0.148682,0.986162,0.073332],[-0.817071,0.164283,-0.552635],[-0.557035,0.0222492,0.830191]]],"btipPosition":[-59.6942,295.626,-64.5834],"carpPosition":[-61.5662,289.147,26.3366],"dipPosition":[-71.6492,296.104,-46.766],"direction":[0.194338,0.0435714,-0.979967],"extended":false,"handId":225,"id":2250,"length":47.7925,"mcpPosition":[-61.5662,289.147,26.3366],"pipPosition":[-77.7255,294.741,-16.1256],"stabilizedTipPosition":[-84.58,242.223,70.9951],"timeVisible":0.786799,"tipPosition":[-62.678,295.241,-60.5442],"tipVelocity":[-19.3277,54.1799,-153.752],"tool":false,"touchDistance":-0.523197,"touchZone":"touching","type":0,"width":18.5699},{"bases":[[[0.967207,0.239395,-0.0848535],[-0.207413,0.937286,0.280134],[0.146595,-0.253348,0.956203]],[[0.975765,0.218635,-0.00905647],[-0.198417,0.90147,0.384685],[0.0922696,-0.373565,0.923003]],[[0.975765,0.218635,-0.00905647],[-0.21054,0.94931,0.233417],[0.0596305,-0.225854,0.972335]],[[0.975765,0.218635,-0.00905647],[-0.216563,0.970796,0.103228],[0.0313612,-0.0987651,0.994616]]],"btipPosition":[-73.0288,348.882,-112.545],"carpPosition":[-57.6904,310.519,25.4664],"dipPosition":[-72.5374,347.335,-96.961],"direction":[-0.0596305,0.225854,-0.972335],"extended":true,"handId":225,"id":2251,"length":53.9285,"mcpPosition":[-67.5805,327.611,-39.0446],"pipPosition":[-71.2157,342.329,-75.4091],"stabilizedTipPosition":[-85.7696,309.694,-21.4007],"timeVisible":0.786799,"tipPosition":[-71.8989,347.766,-109.096],"tipVelocity":[-12.985,65.6025,-162.421],"tool":false,"touchDistance":-0.523016,"touchZone":"touching","type":1,"width":17.738},{"bases":[[[0.999213,0.0396502,-0.00139112],[-0.0376401,0.958475,0.282681],[0.0125417,-0.282406,0.959213]],[[0.999287,0.0352331,0.0135956],[-0.00727675,0.532894,-0.846151],[-0.0370575,0.845448,0.53277]],[[0.999287,0.0352331,0.0135956],[0.0350874,-0.733034,-0.679287],[-0.0139673,0.679279,-0.733747]],[[0.999287,0.0352331,0.0135956],[0.0364662,-0.993826,-0.104787],[0.00981968,0.105209,-0.994402]]],"btipPosition":[-46.2588,275.965,-24.2095],"carpPosition":[-47.2894,314.793,24.4393],"dipPosition":[-46.0896,277.778,-41.3459],"direction":[0.0139673,-0.679279,0.733747],"extended":false,"handId":225,"id":2252,"length":61.4471,"mcpPosition":[-48.0918,332.861,-36.9308],"pipPosition":[-46.4538,295.491,-60.4799],"stabilizedTipPosition":[-73.1722,206.266,145.917],"timeVisible":0.786799,"tipPosition":[-46.2054,276.394,-28.3037],"tipVelocity":[-58.8128,47.4894,-141.587],"tool":false,"touchDistance":0.333333,"touchZone":"none","type":2,"width":17.4211},{"bases":[[[0.990143,-0.0747078,0.118474],[0.0342643,0.949368,0.312292],[-0.135807,-0.305155,0.94257]],[[0.989881,-0.075291,0.120276],[0.141843,0.501397,-0.853511],[0.00395573,0.861935,0.507003]],[[0.989881,-0.075291,0.120276],[0.0223427,-0.754348,-0.656094],[0.140128,0.652142,-0.745033]],[[0.989881,-0.075291,0.120276],[-0.0632391,-0.992869,-0.101058],[0.127027,0.0924294,-0.987583]]],"btipPosition":[-34.2254,280.304,-15.1341],"carpPosition":[-36.1282,316.241,23.9355],"dipPosition":[-32.0489,281.888,-32.0552],"direction":[-0.140128,-0.652142,0.745033],"extended":false,"handId":225,"id":2253,"length":59.0831,"mcpPosition":[-28.3271,333.77,-30.2085],"pipPosition":[-28.4891,298.455,-50.9818],"stabilizedTipPosition":[-61.4801,211.56,160.908],"timeVisible":0.786799,"tipPosition":[-33.6181,280.762,-18.8788],"tipVelocity":[-55.8377,38.3289,-153.96],"tool":false,"touchDistance":0.333333,"touchZone":"none","type":3,"width":16.5772},{"bases":[[[0.948406,-0.265353,0.173531],[0.175717,0.895477,0.408956],[-0.263911,-0.357365,0.895903]],[[0.944353,-0.270668,0.186911],[0.303204,0.495984,-0.813675],[0.127531,0.825069,0.550452]],[[0.944353,-0.270668,0.186911],[-0.0700604,-0.720706,-0.689691],[0.321385,0.638217,-0.699565]],[[0.944353,-0.270668,0.186911],[-0.239957,-0.955539,-0.171364],[0.224983,0.116978,-0.967315]]],"btipPosition":[-23.5584,290.048,-13.9006],"carpPosition":[-24.1358,311.095,23.7497],"dipPosition":[-20.0022,291.897,-29.1907],"direction":[-0.321385,-0.638217,0.699565],"extended":false,"handId":225,"id":2254,"length":46.32,"mcpPosition":[-10.1025,330.097,-23.8894],"pipPosition":[-14.2378,303.344,-41.7381],"stabilizedTipPosition":[-48.3447,226.263,145.962],"timeVisible":0.786799,"tipPosition":[-22.3133,290.483,-17.325],"tipVelocity":[-51.7783,32.1292,-145.924],"tool":false,"touchDistance":0.333333,"touchZone":"none","type":4,"width":14.7252}],"r":[[0.887733,-0.278477,0.36658],[0.206459,0.952553,0.223644],[-0.411467,-0.122853,0.903107]],"s":0.987917,"t":[53.6472,98.0167,-213.784],"timestamp":2823895759},false],[4,{"currentFrameRate":104.089,"devices":[],"gestures":[],"hands":[{"armBasis":[[0.942303,0.295802,-0.156734],[-0.17828,0.839711,0.512935],[0.283338,-0.455397,0.843998]],"armWidth":58.4334,"confidence":0.671076,"direction":[-0.00923298,0.424203,-0.90552],"elbow":[32.3295,191.097,237.899],"grabStrength":0,"id":225,"palmNormal":[0.180292,-0.890012,-0.418776],"palmPosition":[-44.4432,320.165,-18.051],"palmVelocity":[-20.747,40.1827,-129.752],"palmWidth":83.4409,"pinchStrength":0.490019,"r":[[0.885623,-0.282877,0.368311],[0.21129,0.951676,0.222864],[-0.413556,-0.119553,0.902595]],"s":0.987586,"sphereCenter":[-47.2682,297.319,-49.77],"sphereRadius":42.6555,"stabilizedPalmPosition":[-65.0532,266.741,124.02],"t":[53.5281,98.2882,-214.771],"timeVisible":0.795565,"type":"right","wrist":[-37.8248,303.853,28.9264]}],"id":270535,"interactionBox":{"center":[0,200,0],"size":[235.247,235.247,147.751]},"pointables":[{"bases":[[[0.232726,0.946077,0.225337],[-0.868597,0.0979737,0.485737],[0.437468,-0.308771,0.84456]],[[0.152185,0.985628,0.0733356],[-0.923934,0.115524,0.364692],[0.350978,-0.123258,0.928236]],[[0.152185,0.985628,0.0733356],[-0.968742,0.163462,-0.186599],[-0.195904,-0.0426457,0.979695]],[[0.152185,0.985628,0.0733356],[-0.814794,0.167113,-0.555143],[-0.55942,0.0247311,0.828516]]],"btipPosition":[-59.6585,295.783,-65.0687],"carpPosition":[-61.7235,289.338,25.8358],"dipPosition":[-71.6647,296.313,-47.2872],"direction":[0.195904,0.0426457,-0.979695],"extended":false,"handId":225,"id":2250,"length":47.7925,"mcpPosition":[-61.7235,289.338,25.8358],"pipPosition":[-77.79,294.98,-16.6552],"stabilizedTipPosition":[-84.4862,242.45,70.4365],"timeVisible":0.795565,"tipPosition":[-62.6972,295.446,-61.0364],"tipVelocity":[-13.4047,44.7993,-127.585],"tool":false,"touchDistance":-0.506613,"touchZone":"touching","type":0,"width":18.5699},{"bases":[[[0.968057,0.235976,-0.0847448],[-0.204145,0.938036,0.280025],[0.145573,-0.253779,0.956245]],[[0.976341,0.215927,-0.011545],[-0.194768,0.90135,0.386825],[0.0939321,-0.375424,0.922081]],[[0.976341,0.215927,-0.011545],[-0.207204,0.949496,0.235634],[0.0618418,-0.227667,0.971773]],[[0.976341,0.215927,-0.011545],[-0.213552,0.971235,0.10535],[0.0339609,-0.100392,0.994368]]],"btipPosition":[-73.197,349.227,-112.997],"carpPosition":[-57.7723,310.695,24.9642],"dipPosition":[-72.6649,347.654,-97.4171],"direction":[-0.0618418,0.227667,-0.971773],"extended":true,"handId":225,"id":2251,"length":53.9285,"mcpPosition":[-67.5935,327.817,-39.5496],"pipPosition":[-71.2942,342.608,-75.8777],"stabilizedTipPosition":[-85.6298,310.125,-22.3694],"timeVisible":0.795565,"tipPosition":[-72.0523,348.114,-109.556],"tipVelocity":[-14.3646,58.3582,-132.691],"tool":false,"touchDistance":-0.505845,"touchZone":"touching","type":1,"width":17.738},{"bases":[[[0.999346,0.0361272,-0.00126085],[-0.0342986,0.958627,0.282592],[0.011418,-0.282364,0.959239]],[[0.999403,0.0317025,0.013756],[-0.00523493,0.532339,-0.846515],[-0.0341595,0.845937,0.532187]],[[0.999403,0.0317025,0.013756],[0.0326123,-0.733504,-0.678903],[-0.0114328,0.678946,-0.734099]],[[0.999403,0.0317025,0.013756],[0.0329694,-0.993972,-0.104558],[0.0103583,0.104949,-0.994424]]],"btipPosition":[-46.4572,276.093,-24.677],"carpPosition":[-47.3562,314.933,23.9382],"dipPosition":[-46.2787,277.902,-41.8138],"direction":[0.0114328,-0.678946,0.734099],"extended":false,"handId":225,"id":2252,"length":61.4471,"mcpPosition":[-48.0867,332.998,-37.4336],"pipPosition":[-46.5768,295.607,-60.957],"stabilizedTipPosition":[-73.1258,206.388,145.614],"timeVisible":0.795565,"tipPosition":[-46.4015,276.523,-28.7792],"tipVelocity":[-49.0317,38.6418,-117.892],"tool":false,"touchDistance":0.333333,"touchZone":"none","type":2,"width":17.4211},{"bases":[[[0.989857,-0.0781876,0.118613],[0.0375692,0.949268,0.312215],[-0.137007,-0.304592,0.942578]],[[0.989605,-0.0787444,0.120337],[0.143664,0.503564,-0.85193],[0.00648751,0.860362,0.509642]],[[0.989605,-0.0787444,0.120337],[0.0202242,-0.752251,-0.658566],[0.142382,0.654154,-0.742839]],[[0.989605,-0.0787444,0.120337],[-0.0664058,-0.992429,-0.103316],[0.127561,0.0942515,-0.987342]]],"btipPosition":[-34.3882,280.354,-15.8024],"carpPosition":[-36.1899,316.341,23.4357],"dipPosition":[-32.2026,281.969,-32.7193],"direction":[-0.142382,-0.654154,0.742839],"extended":false,"handId":225,"id":2253,"length":59.0831,"mcpPosition":[-28.3198,333.838,-30.7088],"pipPosition":[-28.5856,298.587,-51.5902],"stabilizedTipPosition":[-61.4435,211.652,160.669],"timeVisible":0.795565,"tipPosition":[-33.7929,280.826,-19.4919],"tipVelocity":[-45.7685,29.7879,-133.06],"tool":false,"touchDistance":0.333333,"touchZone":"none","type":3,"width":16.5772},{"bases":[[[0.947442,-0.26868,0.173681],[0.178818,0.894887,0.408902],[-0.265289,-0.356354,0.895898]],[[0.943078,-0.274344,0.187986],[0.306379,0.496822,-0.811973],[0.129365,0.823349,0.552595]],[[0.943078,-0.274344,0.187986],[-0.0711433,-0.718587,-0.691789],[0.324872,0.639037,-0.697201]],[[0.943078,-0.274344,0.187986],[-0.243007,-0.954352,-0.173664],[0.227048,0.118097,-0.966697]]],"btipPosition":[-23.7197,290.075,-14.5197],"carpPosition":[-24.2157,311.152,23.2519],"dipPosition":[-20.1308,291.942,-29.8],"direction":[-0.324872,-0.639037,0.697201],"extended":false,"handId":225,"id":2254,"length":46.32,"mcpPosition":[-10.1091,330.101,-24.3869],"pipPosition":[-14.3039,303.404,-42.3051],"stabilizedTipPosition":[-48.3077,226.357,145.724],"timeVisible":0.795565,"tipPosition":[-22.4844,290.52,-17.9006],"tipVelocity":[-42.5847,24.4702,-125.639],"tool":false,"touchDistance":0.333333,"touchZone":"none","type":4,"width":14.7252}],"r":[[0.885623,-0.282877,0.368311],[0.21129,0.951676,0.222864],[-0.413556,-0.119553,0.902595]],"s":0.987586,"t":[53.5281,98.2882,-214.771],"timestamp":2823904525},false],[5,{"currentFrameRate":104.327,"devices":[],"gestures":[],"hands":[{"armBasis":[[0.941269,0.296853,-0.160907],[-0.177749,0.840786,0.511356],[0.287086,-0.452723,0.844171]],"armWidth":58.4334,"confidence":0.589326,"direction":[-0.00578245,0.422518,-0.906336],"elbow":[33.067,191.914,236.915],"grabStrength":0,"id":225,"palmNormal":[0.179402,-0.891208,-0.41661],"palmPosition":[-44.4676,320.246,-19.1269],"palmVelocity":[-15.7171,31.479,-126.405],"palmWidth":83.4409,"pinchStrength":0.492007,"r":[[0.883582,-0.286651,0.370289],[0.215466,0.95094,0.222006],[-0.415761,-0.116376,0.901997]],"s":0.987334,"sphereCenter":[-47.723,297.422,-50.8015],"sphereRadius":42.668,"stabilizedPalmPosition":[-65.0145,266.842,123.751],"t":[53.4564,98.4645,-215.803],"timeVisible":0.804704,"type":"right","wrist":[-38.0152,304.007,27.899]}],"id":270536,"interactionBox":{"center":[0,200,0],"size":[235.247,235.247,147.751]},"pointables":[{"bases":[[[0.234272,0.945966,0.2242],[-0.869698,0.10087,0.483168],[0.434446,-0.308179,0.846335]],[[0.154241,0.985413,0.0719102],[-0.925119,0.11848,0.360719],[0.346937,-0.122163,0.929898]],[[0.154241,0.985413,0.0719102],[-0.967627,0.16537,-0.190656],[-0.199767,-0.0401753,0.979019]],[[0.154241,0.985413,0.0719102],[-0.811457,0.167863,-0.559785],[-0.56369,0.0279898,0.825512]]],"btipPosition":[-59.476,295.789,-66.1248],"carpPosition":[-61.9385,289.541,24.7701],"dipPosition":[-71.5738,296.389,-48.4078],"direction":[0.199767,0.0401753,-0.979019],"extended":false,"handId":225,"id":2250,"length":47.7925,"mcpPosition":[-61.9385,289.541,24.7701],"pipPosition":[-77.8199,295.133,-17.797],"stabilizedTipPosition":[-84.4121,242.628,69.9946],"timeVisible":0.804704,"tipPosition":[-62.5689,295.5,-62.1068],"tipVelocity":[-4.76321,33.0142,-124.694],"tool":false,"touchDistance":-0.500351,"touchZone":"touching","type":0,"width":18.5699},{"bases":[[[0.968822,0.233606,-0.0825314],[-0.202765,0.939025,0.277704],[0.142372,-0.252311,0.957115]],[[0.97669,0.214337,-0.0116299],[-0.193272,0.901686,0.386793],[0.0933907,-0.375529,0.922093]],[[0.97669,0.214337,-0.0116299],[-0.205608,0.949723,0.236116],[0.0616538,-0.228221,0.971655]],[[0.97669,0.214337,-0.0116299],[-0.211933,0.971498,0.106186],[0.0340582,-0.101246,0.994278]]],"btipPosition":[-73.1209,349.35,-114.147],"carpPosition":[-57.936,310.888,23.8693],"dipPosition":[-72.5872,347.764,-98.5686],"direction":[-0.0616538,0.228221,-0.971655],"extended":true,"handId":225,"id":2251,"length":53.9285,"mcpPosition":[-67.5413,327.91,-40.7032],"pipPosition":[-71.2207,342.705,-77.0318],"stabilizedTipPosition":[-85.5155,310.476,-23.1674],"timeVisible":0.804704,"tipPosition":[-71.9762,348.235,-110.711],"tipVelocity":[-8.04018,45.7873,-130.795],"tool":false,"touchDistance":-0.50085,"touchZone":"touching","type":1,"width":17.738},{"bases":[[[0.999426,0.033844,0.00141285],[-0.0328797,0.959233,0.280699],[0.00814472,-0.280584,0.959795]],[[0.999431,0.0294483,0.016435],[-0.00171113,0.530991,-0.847376],[-0.0336806,0.846866,0.53074]],[[0.999431,0.0294483,0.016435],[0.0327893,-0.734586,-0.677723],[-0.00788486,0.677876,-0.735134]],[[0.999431,0.0294483,0.016435],[0.0309872,-0.994204,-0.102948],[0.0133081,0.103398,-0.994551]]],"btipPosition":[-46.5636,276.16,-25.6936],"carpPosition":[-47.5075,315.1,22.8639],"dipPosition":[-46.3342,277.941,-42.8326],"direction":[0.00788486,-0.677876,0.735134],"extended":false,"handId":225,"id":2252,"length":61.4471,"mcpPosition":[-48.0286,333.051,-38.5434],"pipPosition":[-46.5399,295.619,-62.0028],"stabilizedTipPosition":[-73.0843,206.497,145.341],"timeVisible":0.804704,"tipPosition":[-46.4962,276.585,-29.7863],"tipVelocity":[-38.2755,29.7344,-116.058],"tool":false,"touchDistance":0.333333,"touchZone":"none","type":2,"width":17.4211},{"bases":[[[0.989347,-0.0802231,0.121475],[0.0388851,0.949766,0.310535],[-0.140285,-0.302504,0.942768]],[[0.989055,-0.0808478,0.123422],[0.14736,0.49946,-0.853713],[0.00737641,0.862557,0.505907]],[[0.989055,-0.0808478,0.123422],[0.0200513,-0.755095,-0.655309],[0.146176,0.650611,-0.74521]],[[0.989055,-0.0808478,0.123422],[-0.0686305,-0.992595,-0.100223],[0.130611,0.0906556,-0.98728]]],"btipPosition":[-34.5318,280.436,-16.6474],"carpPosition":[-36.3367,316.482,22.3894],"dipPosition":[-32.2939,281.99,-33.5633],"direction":[-0.146176,-0.650611,0.74521],"extended":false,"handId":225,"id":2253,"length":59.0831,"mcpPosition":[-28.2783,333.859,-31.766],"pipPosition":[-28.5805,298.517,-52.4943],"stabilizedTipPosition":[-61.4122,211.731,160.462],"timeVisible":0.804704,"tipPosition":[-33.9212,280.885,-20.3951],"tipVelocity":[-37.0413,23.5753,-121.759],"tool":false,"touchDistance":0.333333,"touchZone":"none","type":3,"width":16.5772},{"bases":[[[0.946346,-0.270514,0.176783],[0.179744,0.895245,0.407712],[-0.268556,-0.354061,0.895834]],[[0.941575,-0.276578,0.192201],[0.311448,0.497774,-0.809457],[0.128205,0.822025,0.554832]],[[0.941575,-0.276578,0.192201],[-0.0689495,-0.716865,-0.693794],[0.329671,0.640007,-0.694052]],[[0.941575,-0.276578,0.192201],[-0.244243,-0.953649,-0.175781],[0.23191,0.118567,-0.965484]]],"btipPosition":[-23.8295,290.084,-15.6682],"carpPosition":[-24.3739,311.265,22.2483],"dipPosition":[-20.1638,291.958,-30.9293],"direction":[-0.329671,-0.640007,0.694052],"extended":false,"handId":225,"id":2254,"length":46.32,"mcpPosition":[-10.0936,330.092,-25.3872],"pipPosition":[-14.2508,303.438,-43.3779],"stabilizedTipPosition":[-48.2779,226.432,145.529],"timeVisible":0.804704,"tipPosition":[-22.6014,290.54,-18.9837],"tipVelocity":[-33.5429,17.9908,-125.511],"tool":false,"touchDistance":0.333333,"touchZone":"none","type":4,"width":14.7252}],"r":[[0.883582,-0.286651,0.370289],[0.215466,0.95094,0.222006],[-0.415761,-0.116376,0.901997]],"s":0.987334,"t":[53.4564,98.4645,-215.803],"timestamp":2823913664},false],[6,{"currentFrameRate":104.781,"devices":[],"gestures":[],"hands":[{"armBasis":[[0.941843,0.297976,-0.155377],[-0.180801,0.839047,0.513139],[0.283271,-0.455204,0.844125]],"armWidth":58.4334,"confidence":0.599228,"direction":[-0.00158761,0.41592,-0.9094],"elbow":[31.9491,191.891,235.534],"grabStrength":0,"id":225,"palmNormal":[0.182247,-0.894051,-0.409218],"palmPosition":[-44.4184,320.491,-20.6448],"palmVelocity":[-10.0193,30.5767,-139.249],"palmWidth":83.4409,"pinchStrength":0.496558,"r":[[0.881612,-0.288966,0.373174],[0.218419,0.950696,0.22016],[-0.418394,-0.112588,0.901261]],"s":0.987299,"sphereCenter":[-48.0178,297.543,-52.1495],"sphereRadius":42.6933,"stabilizedPalmPosition":[-64.9864,266.915,123.554],"t":[53.4452,98.6749,-217.078],"timeVisible":0.813399,"type":"right","wrist":[-38.1886,304.599,26.5296]}],"id":270537,"interactionBox":{"center":[0,200,0],"size":[235.247,235.247,147.751]},"pointables":[{"bases":[[[0.232341,0.947776,0.218493],[-0.872199,0.103607,0.478053],[0.43045,-0.301641,0.850721]],[[0.152754,0.986126,0.0649764],[-0.927672,0.120411,0.353448],[0.34072,-0.114267,0.933195]],[[0.152754,0.986126,0.0649764],[-0.966428,0.162801,-0.19878],[-0.206601,-0.0324305,0.977888]],[[0.152754,0.986126,0.0649764],[-0.806247,0.162373,-0.56886],[-0.571518,0.0345088,0.819864]]],"btipPosition":[-58.9549,295.594,-67.5033],"carpPosition":[-62.0836,290.09,23.386],"dipPosition":[-71.2207,296.334,-49.9075],"direction":[0.206601,0.0324305,-0.977888],"extended":false,"handId":225,"id":2250,"length":47.7925,"mcpPosition":[-62.0836,290.09,23.386],"pipPosition":[-77.6805,295.32,-19.3321],"stabilizedTipPosition":[-84.3605,242.749,69.6906],"timeVisible":0.813399,"tipPosition":[-62.1389,295.396,-63.5146],"tipVelocity":[11.3026,19.2162,-134.573],"tool":false,"touchDistance":-0.499744,"touchZone":"touching","type":0,"width":18.5699},{"bases":[[[0.969026,0.233857,-0.0793651],[-0.204952,0.940837,0.269852],[0.137776,-0.245228,0.959625]],[[0.976385,0.21577,-0.0107176],[-0.195415,0.90325,0.382037],[0.092113,-0.370921,0.924085]],[[0.976385,0.21577,-0.0107176],[-0.2075,0.950459,0.231456],[0.0601279,-0.223766,0.972786]],[[0.976385,0.21577,-0.0107176],[-0.213603,0.971624,0.101592],[0.0323339,-0.0969035,0.994768]]],"btipPosition":[-72.8584,349.069,-115.947],"carpPosition":[-58.0948,311.433,22.3502],"dipPosition":[-72.3518,347.551,-100.361],"direction":[-0.0601279,0.223766,-0.972786],"extended":true,"handId":225,"id":2251,"length":53.9285,"mcpPosition":[-67.39,327.977,-42.3917],"pipPosition":[-71.019,342.591,-78.7988],"stabilizedTipPosition":[-85.4373,310.711,-23.7139],"timeVisible":0.813399,"tipPosition":[-71.7157,347.962,-112.51],"tipVelocity":[1.96325,25.4309,-151.057],"tool":false,"touchDistance":-0.506068,"touchZone":"touching","type":1,"width":17.738},{"bases":[[[0.999377,0.0347364,0.00618087],[-0.0351018,0.961216,0.273553],[0.00356108,-0.273599,0.961837]],[[0.999311,0.030453,0.0212236],[0.0020479,0.525669,-0.850687],[-0.0370625,0.850144,0.525245]],[[0.999311,0.030453,0.0212236],[0.0368045,-0.738612,-0.673125],[-0.00482261,0.673443,-0.739224]],[[0.999311,0.030453,0.0212236],[0.0323667,-0.994799,-0.0965805],[0.0181721,0.0972009,-0.995099]]],"btipPosition":[-46.4419,276.337,-26.9627],"carpPosition":[-47.6649,315.646,21.3665],"dipPosition":[-46.1287,278.012,-44.1111],"direction":[0.00482261,-0.673443,0.739224],"extended":false,"handId":225,"id":2252,"length":61.4471,"mcpPosition":[-47.8927,333.151,-40.1714],"pipPosition":[-46.2545,295.573,-63.388],"stabilizedTipPosition":[-73.0535,206.578,145.138],"timeVisible":0.813399,"tipPosition":[-46.3559,276.742,-31.029],"tipVelocity":[-23.7467,26.4901,-124.097],"tool":false,"touchDistance":0.333333,"touchZone":"none","type":2,"width":17.4211},{"bases":[[[0.988792,-0.0784647,0.127017],[0.0365203,0.95203,0.303817],[-0.144762,-0.295773,0.944226]],[[0.988461,-0.079137,0.129163],[0.151403,0.489155,-0.858955],[0.00479433,0.868599,0.495492]],[[0.988461,-0.079137,0.129163],[0.0233695,-0.762805,-0.646206],[0.149665,0.641767,-0.752154]],[[0.988461,-0.079137,0.129163],[-0.0677092,-0.993584,-0.090594],[0.135504,0.0808031,-0.987476]]],"btipPosition":[-34.4976,280.749,-17.576],"carpPosition":[-36.493,317.035,20.938],"dipPosition":[-32.1759,282.133,-34.4953],"direction":[-0.149665,-0.641767,0.752154],"extended":false,"handId":225,"id":2253,"length":59.0831,"mcpPosition":[-28.1774,334.025,-33.3011],"pipPosition":[-28.3738,298.436,-53.6027],"stabilizedTipPosition":[-61.3883,211.791,160.304],"timeVisible":0.813399,"tipPosition":[-33.862,281.146,-21.4271],"tipVelocity":[-25.5241,25.6768,-117.794],"tool":false,"touchDistance":0.333333,"touchZone":"none","type":3,"width":16.5772},{"bases":[[[0.945674,-0.268387,0.18349],[0.176935,0.89834,0.402093],[-0.272753,-0.347783,0.897024]],[[0.940804,-0.274376,0.199013],[0.315168,0.492065,-0.811505],[0.12473,0.82619,0.549411]],[[0.940804,-0.274376,0.199013],[-0.0648364,-0.721977,-0.688873],[0.332693,0.635191,-0.697028]],[[0.940804,-0.274376,0.199013],[-0.242568,-0.955108,-0.170088],[0.236747,0.111745,-0.965124]]],"btipPosition":[-23.7757,290.372,-16.8615],"carpPosition":[-24.5253,311.828,20.8948],"dipPosition":[-20.0335,292.139,-32.1169],"direction":[-0.332693,-0.635191,0.697028],"extended":false,"handId":225,"id":2254,"length":46.32,"mcpPosition":[-10.0218,330.321,-26.8039],"pipPosition":[-14.0663,303.532,-44.6189],"stabilizedTipPosition