{"sensorType":"Leap","data":[[0,{"currentFrameRate":102.08,"devices":[],"gestures":[],"hands":[{"armBasis":[[0.963378,0.167796,-0.209161],[-0.0556928,0.888216,0.456039],[0.262301,-0.427689,0.865032]],"armWidth":58.4334,"confidence":0.631126,"direction":[0.0525335,0.553698,-0.831059],"elbow":[42.3641,178.018,243.463],"grabStrength":0,"id":226,"palmNormal":[0.0618398,-0.832414,-0.550693],"palmPosition":[-26.7022,307.878,-14.5987],"palmVelocity":[-7.18834,77.8383,-163.4],"palmWidth":83.4409,"pinchStrength":0.368326,"r":[[0.868564,-0.204207,0.451549],[0.244038,0.969268,-0.0310754],[-0.431326,0.137186,0.891705]],"s":1.1616,"sphereCenter":[-38.9101,288.611,-49.9865],"sphereRadius":43.6719,"stabilizedPalmPosition":[-93.0132,265.833,173.558],"t":[90.3617,56.4329,-238.98],"timeVisible":0.58761,"type":"right","wrist":[-22.5814,283.913,29.2818]}],"id":270904,"interactionBox":{"center":[0,200,0],"size":[235.247,235.247,147.751]},"pointables":[{"bases":[[[0.35601,0.861617,0.361763],[-0.850298,0.138101,0.50786],[0.387621,-0.48841,0.781797]],[[0.275198,0.939197,0.205365],[-0.872436,0.154232,0.463753],[0.403882,-0.306792,0.861834]],[[0.275198,0.939197,0.205365],[-0.952418,0.29545,-0.0749003],[-0.131021,-0.174981,0.975815]],[[0.275198,0.939197,0.205365],[-0.770519,0.34322,-0.537122],[-0.574949,-0.010423,0.818123]]],"btipPosition":[-50.2424,293.083,-63.1232],"carpPosition":[-48.1904,273.344,24.3973],"dipPosition":[-62.5819,292.859,-45.5648],"direction":[0.131021,0.174981,-0.975815],"extended":false,"handId":226,"id":2260,"length":47.7925,"mcpPosition":[-48.1904,273.344,24.3973],"pipPosition":[-66.6785,287.388,-15.0541],"stabilizedTipPosition":[-120.497,242.115,127.445],"timeVisible":0.58761,"tipPosition":[-52.3276,291.665,-59.025],"tipVelocity":[-2.66539,100.709,-168.338],"tool":false,"touchDistance":-0.615093,"touchZone":"hovering","type":0,"width":18.5699},{"bases":[[[0.991374,0.115111,-0.062673],[-0.078298,0.903615,0.421128],[0.105109,-0.412588,0.904833]],[[0.987584,0.128009,-0.0910527],[-0.0857972,0.925077,0.369962],[0.131589,-0.357556,0.924574]],[[0.987584,0.128009,-0.0910527],[-0.101149,0.961666,0.254887],[0.12019,-0.242512,0.962674]],[[0.987584,0.128009,-0.0910527],[-0.112179,0.980449,0.161664],[0.109967,-0.149442,0.982636]]],"btipPosition":[-58.0745,343.509,-107.512],"carpPosition":[-41.412,293.87,26.6935],"dipPosition":[-56.3516,341.168,-92.1158],"direction":[-0.12019,0.242512,-0.962674],"extended":true,"handId":226,"id":2261,"length":53.9285,"mcpPosition":[-48.5032,321.706,-34.3517],"pipPosition":[-53.6875,335.792,-70.7781],"stabilizedTipPosition":[-113.91,296.561,34.3486],"timeVisible":0.58761,"tipPosition":[-57.0957,341.457,-104.3],"tipVelocity":[-6.77414,120.133,-153.474],"tool":false,"touchDistance":-0.610159,"touchZone":"hovering","type":1,"width":17.738},{"bases":[[[0.995184,-0.0974319,-0.0107182],[0.0927594,0.90079,0.424233],[-0.031679,-0.423185,0.90549]],[[0.995467,-0.0928823,-0.0204405],[0.0390576,0.595229,-0.802606],[0.0867147,0.79817,0.596159]],[[0.995467,-0.0928823,-0.0204405],[-0.0765281,-0.654698,-0.752007],[0.0564657,0.750162,-0.658838]],[[0.995467,-0.0928823,-0.0204405],[-0.0950534,-0.964611,-0.245947],[0.00312692,0.246775,-0.969068]]],"btipPosition":[-33.8495,264.769,-24.2413],"carpPosition":[-30.5171,296.789,26.1621],"dipPosition":[-33.7957,269.022,-40.9412],"direction":[-0.0564657,-0.750162,0.658838],"extended":false,"handId":226,"id":2262,"length":61.4471,"mcpPosition":[-28.4903,323.864,-31.7708],"pipPosition":[-32.3232,288.584,-58.1218],"stabilizedTipPosition":[-109.504,218.547,187.334],"timeVisible":0.58761,"tipPosition":[-33.8144,265.951,-28.5348],"tipVelocity":[-3.7529,77.3516,-142.729],"tool":false,"touchDistance":0.333333,"touchZone":"none","type":2,"width":17.4211},{"bases":[[[0.969832,-0.226271,0.0906991],[0.162567,0.877577,0.451032],[-0.181651,-0.422681,0.887887]],[[0.965317,-0.236098,0.111447],[0.223081,0.524123,-0.821907],[0.135639,0.818262,0.558614]],[[0.965317,-0.236098,0.111447],[-0.0851723,-0.688298,-0.720411],[0.246797,0.685933,-0.684535]],[[0.965317,-0.236098,0.111447],[-0.205849,-0.950844,-0.231347],[0.160589,0.200382,-0.966467]]],"btipPosition":[-23.4041,266.654,-14.2308],"carpPosition":[-19.2601,296.759,25.711],"dipPosition":[-20.6526,270.087,-30.7901],"direction":[-0.246797,-0.685933,0.684535],"extended":false,"handId":226,"id":2263,"length":59.0831,"mcpPosition":[-8.82553,321.039,-25.2919],"pipPosition":[-14.383,287.513,-48.1798],"stabilizedTipPosition":[-93.8465,220.731,183.509],"timeVisible":0.58761,"tipPosition":[-22.5935,267.443,-18.5401],"tipVelocity":[-6.91357,78.6815,-159.872],"tool":false,"touchDistance":0.333333,"touchZone":"none","type":3,"width":16.5772},{"bases":[[[0.902008,-0.415541,0.117074],[0.294741,0.790887,0.536308],[-0.31545,-0.449247,0.835864]],[[0.839873,-0.482103,0.249379],[0.489033,0.472768,-0.733032],[0.235498,0.737609,0.63283]],[[0.839873,-0.482103,0.249379],[-0.126576,-0.62074,-0.773732],[0.527818,0.618271,-0.582365]],[[0.839873,-0.482103,0.249379],[-0.395212,-0.858091,-0.327853],[0.372049,0.176797,-0.91122]]],"btipPosition":[-14.2974,276.198,-15.5485],"carpPosition":[-8.08722,290.11,24.5691],"dipPosition":[-8.4165,278.992,-29.9519],"direction":[-0.527818,-0.618271,0.582365],"extended":false,"handId":226,"id":2264,"length":46.32,"mcpPosition":[8.68664,313.999,-19.8774],"pipPosition":[1.05048,290.082,-40.3973],"stabilizedTipPosition":[-84.9875,233.029,178.234],"timeVisible":0.58761,"tipPosition":[-12.9501,276.939,-18.6952],"tipVelocity":[-6.20278,78.3191,-162.168],"tool":false,"touchDistance":0.333333,"touchZone":"none","type":4,"width":14.7252}],"r":[[0.868564,-0.204207,0.451549],[0.244038,0.969268,-0.0310754],[-0.431326,0.137186,0.891705]],"s":1.1616,"t":[90.3617,56.4329,-238.98],"timestamp":2827302930},false],[1,{"currentFrameRate":102.527,"devices":[],"gestures":[],"hands":[{"armBasis":[[0.964723,0.167333,-0.203249],[-0.0576427,0.887544,0.457103],[0.256881,-0.429262,0.865879]],"armWidth":58.4334,"confidence":0.633409,"direction":[0.0534163,0.552062,-0.83209],"elbow":[40.7855,178.416,242.504],"grabStrength":0,"id":226,"palmNormal":[0.0636967,-0.833466,-0.548887],"palmPosition":[-26.8866,308.571,-15.8233],"palmVelocity":[-10.8679,77.8622,-156.374],"palmWidth":83.4409,"pinchStrength":0.365561,"r":[[0.86792,-0.20239,0.453599],[0.24185,0.969849,-0.0300242],[-0.433846,0.135762,0.8907]],"s":1.16388,"sphereCenter":[-39.3103,289.348,-51.158],"sphereRadius":43.7226,"stabilizedPalmPosition":[-92.9183,265.895,173.286],"t":[90.1979,57.2361,-240.532],"timeVisible":0.596511,"type":"right","wrist":[-22.818,284.701,28.1132]}],"id":270905,"interactionBox":{"center":[0,200,0],"size":[235.247,235.247,147.751]},"pointables":[{"bases":[[[0.354456,0.86273,0.360636],[-0.851341,0.138228,0.506075],[0.386756,-0.486406,0.783473]],[[0.274805,0.939228,0.205749],[-0.8738,0.154666,0.461033],[0.401193,-0.306478,0.863201]],[[0.274805,0.939228,0.205749],[-0.952025,0.29576,-0.0785699],[-0.134647,-0.174287,0.975446]],[[0.274805,0.939228,0.205749],[-0.768725,0.343152,-0.53973],[-0.577533,-0.00984427,0.816308]]],"btipPosition":[-50.1672,293.785,-64.3276],"carpPosition":[-48.4071,274.095,23.2049],"dipPosition":[-62.5622,293.573,-46.8081],"direction":[0.134647,0.174287,-0.975446],"extended":false,"handId":226,"id":2260,"length":47.7925,"mcpPosition":[-48.4071,274.095,23.2049],"pipPosition":[-66.7722,288.124,-16.309],"stabilizedTipPosition":[-119.922,242.555,125.845],"timeVisible":0.596511,"tipPosition":[-52.3693,292.407,-60.2478],"tipVelocity":[-0.0312331,94.8437,-159.628],"tool":false,"touchDistance":-0.600117,"touchZone":"hovering","type":0,"width":18.5699},{"bases":[[[0.99136,0.116038,-0.0611555],[-0.0800012,0.904386,0.419149],[0.103945,-0.410635,0.905856]],[[0.98744,0.129377,-0.0906851],[-0.0869054,0.924111,0.372111],[0.131946,-0.359556,0.923748]],[[0.98744,0.129377,-0.0906851],[-0.102247,0.960857,0.257485],[0.120448,-0.244979,0.962017]],[[0.98744,0.129377,-0.0906851],[-0.113279,0.979857,0.164465],[0.110136,-0.152127,0.982205]]],"btipPosition":[-58.261,344.315,-108.749],"carpPosition":[-41.6545,294.632,25.4714],"dipPosition":[-56.5354,341.931,-93.3598],"direction":[-0.120448,0.244979,-0.962017],"extended":true,"handId":226,"id":2261,"length":53.9285,"mcpPosition":[-48.6673,322.336,-35.6428],"pipPosition":[-53.8657,336.501,-72.0366],"stabilizedTipPosition":[-113.072,297.267,32.2622],"timeVisible":0.596511,"tipPosition":[-57.2879,342.273,-105.543],"tipVelocity":[-10.6119,111.783,-149.584],"tool":false,"touchDistance":-0.596058,"touchZone":"hovering","type":1,"width":17.738},{"bases":[[[0.995305,-0.0963944,-0.00876146],[0.0910533,0.901749,0.422562],[-0.0328319,-0.421375,0.906292]],[[0.995599,-0.0918816,-0.0184551],[0.0396534,0.591436,-0.805376],[0.0849143,0.8011,0.592477]],[[0.995599,-0.0918816,-0.0184551],[-0.0746373,-0.658293,-0.749053],[0.0566753,0.747134,-0.662253]],[[0.995599,-0.0918816,-0.0184551],[-0.0936103,-0.96561,-0.242558],[0.0044662,0.243218,-0.969961]]],"btipPosition":[-33.9695,265.437,-25.2343],"carpPosition":[-30.7618,297.562,24.9532],"dipPosition":[-33.8925,269.628,-41.9496],"direction":[-0.0566753,-0.747134,0.662253],"extended":false,"handId":226,"id":2262,"length":61.4471,"mcpPosition":[-28.6612,324.521,-33.0309],"pipPosition":[-32.4146,289.111,-59.2192],"stabilizedTipPosition":[-109.282,218.688,186.698],"timeVisible":0.596511,"tipPosition":[-33.9301,266.595,-29.5631],"tipVelocity":[-6.23484,76.2795,-134.359],"tool":false,"touchDistance":0.333333,"touchZone":"none","type":2,"width":17.4211},{"bases":[[[0.96991,-0.225054,0.0928729],[0.160838,0.878665,0.449531],[-0.182773,-0.421067,0.888423]],[[0.965366,-0.234847,0.113641],[0.223987,0.522683,-0.822577],[0.133782,0.819542,0.557183]],[[0.965366,-0.234847,0.113641],[-0.0831682,-0.689862,-0.719148],[0.247287,0.68479,-0.685501]],[[0.965366,-0.234847,0.113641],[-0.204436,-0.951534,-0.229759],[0.162091,0.19857,-0.96659]]],"btipPosition":[-23.5456,267.353,-15.3652],"carpPosition":[-19.504,297.543,24.5221],"dipPosition":[-20.7684,270.755,-31.9267],"direction":[-0.247287,-0.68479,0.685501],"extended":false,"handId":226,"id":2263,"length":59.0831,"mcpPosition":[-9.005,321.73,-26.5116],"pipPosition":[-14.4864,288.151,-49.3409],"stabilizedTipPosition":[-93.6432,220.867,182.928],"timeVisible":0.596511,"tipPosition":[-22.7289,268.134,-19.6728],"tipVelocity":[-9.17836,78.4073,-151.068],"tool":false,"touchDistance":0.333333,"touchZone":"none","type":3,"width":16.5772},{"bases":[[[0.90224,-0.414342,0.119513],[0.292952,0.792289,0.535216],[-0.316452,-0.447882,0.836218]],[[0.839982,-0.480667,0.251773],[0.489719,0.471726,-0.733246],[0.23368,0.739211,0.631633]],[[0.839982,-0.480667,0.251773],[-0.124629,-0.622498,-0.772634],[0.528108,0.61762,-0.582792]],[[0.839982,-0.480667,0.251773],[-0.393686,-0.859178,-0.326841],[0.373419,0.175421,-0.910926]]],"btipPosition":[-14.4469,276.9,-16.6812],"carpPosition":[-8.3221,290.904,23.4135],"dipPosition":[-8.54436,279.672,-31.0799],"direction":[-0.528108,-0.61762,0.582792],"extended":false,"handId":226,"id":2264,"length":46.32,"mcpPosition":[8.50502,314.719,-21.0519],"pipPosition":[0.927824,290.75,-41.5329],"stabilizedTipPosition":[-84.7871,233.153,177.681],"timeVisible":0.596511,"tipPosition":[-13.0947,277.636,-19.8309],"tipVelocity":[-8.93276,78.3152,-152.636],"tool":false,"touchDistance":0.333333,"touchZone":"none","type":4,"width":14.7252}],"r":[[0.86792,-0.20239,0.453599],[0.24185,0.969849,-0.0300242],[-0.433846,0.135762,0.8907]],"s":1.16388,"t":[90.1979,57.2361,-240.532],"timestamp":2827311831},false],[2,{"currentFrameRate":102.759,"devices":[],"gestures":[],"hands":[{"armBasis":[[0.961901,0.171148,-0.2132],[-0.0567673,0.887853,0.456613],[0.267439,-0.427113,0.863742]],"armWidth":58.4334,"confidence":0.638166,"direction":[0.0545984,0.549705,-0.833573],"elbow":[43.0527,179.719,241.165],"grabStrength":0,"id":226,"palmNormal":[0.0628068,-0.835056,-0.546569],"palmPosition":[-27.1783,309.228,-16.7003],"palmVelocity":[-16.6602,75.8298,-138.898],"palmWidth":83.4409,"pinchStrength":0.360796,"r":[[0.867297,-0.200931,0.455437],[0.240371,0.970227,-0.0296947],[-0.43591,0.135228,0.889773]],"s":1.16594,"sphereCenter":[-39.952,290.067,-51.9558],"sphereRadius":43.7951,"stabilizedPalmPosition":[-92.8079,265.967,172.967],"t":[89.9701,57.9659,-241.747],"timeVisible":0.605801,"type":"right","wrist":[-23.1648,285.472,27.3033]}],"id":270906,"interactionBox":{"center":[0,200,0],"size":[235.247,235.247,147.751]},"pointables":[{"bases":[[[0.355479,0.86322,0.358448],[-0.851398,0.1408,0.505269],[0.385689,-0.484795,0.784996]],[[0.277521,0.938341,0.206152],[-0.873858,0.157389,0.460001],[0.399191,-0.307808,0.863655]],[[0.277521,0.938341,0.206152],[-0.951012,0.298745,-0.0795439],[-0.136226,-0.173978,0.975281]],[[0.277521,0.938341,0.206152],[-0.767565,0.34561,-0.539813],[-0.577777,-0.00842575,0.816151]]],"btipPosition":[-50.3801,294.599,-65.1334],"carpPosition":[-48.7662,274.888,22.4114],"dipPosition":[-62.7803,294.418,-47.6173],"direction":[0.136226,0.173978,-0.975281],"extended":false,"handId":226,"id":2260,"length":47.7925,"mcpPosition":[-48.7662,274.888,22.4114],"pipPosition":[-67.0397,288.978,-17.1233],"stabilizedTipPosition":[-119.315,243.028,124.144],"timeVisible":0.605801,"tipPosition":[-52.6612,293.234,-61.0686],"tipVelocity":[-6.52307,93.0287,-139.093],"tool":false,"touchDistance":-0.580537,"touchZone":"hovering","type":0,"width":18.5699},{"bases":[[[0.991551,0.114489,-0.060978],[-0.078948,0.905642,0.416629],[0.102924,-0.408295,0.907029]],[[0.987483,0.128291,-0.0917506],[-0.0851603,0.923316,0.37448],[0.132757,-0.36198,0.922684]],[[0.987483,0.128291,-0.0917506],[-0.100567,0.960268,0.26033],[0.121503,-0.247845,0.96115]],[[0.987483,0.128291,-0.0917506],[-0.111694,0.979524,0.167504],[0.111361,-0.155159,0.981593]]],"btipPosition":[-58.5983,345.154,-109.604],"carpPosition":[-41.9861,295.422,24.625],"dipPosition":[-56.8535,342.723,-94.2243],"direction":[-0.121503,0.247845,-0.96115],"extended":true,"handId":226,"id":2261,"length":53.9285,"mcpPosition":[-48.93,322.968,-36.5684],"pipPosition":[-54.1603,337.229,-72.9203],"stabilizedTipPosition":[-112.145,298.067,29.9259],"timeVisible":0.605801,"tipPosition":[-57.6299,343.107,-106.407],"tipVelocity":[-17.7241,105.391,-133.416],"tool":false,"touchDistance":-0.577642,"touchZone":"hovering","type":1,"width":17.738},{"bases":[[[0.995174,-0.0978042,-0.00800007],[0.0921009,0.902776,0.420135],[-0.0338687,-0.418844,0.907427]],[[0.995478,-0.0933328,-0.017675],[0.0407159,0.587347,-0.808311],[0.0858232,0.803936,0.588491]],[[0.995478,-0.0933328,-0.017675],[-0.0752972,-0.661871,-0.745826],[0.0579115,0.743785,-0.665906]],[[0.995478,-0.0933328,-0.017675],[-0.0948497,-0.966465,-0.238642],[0.00519085,0.239239,-0.970947]]],"btipPosition":[-34.3153,266.079,-25.8675],"carpPosition":[-31.0891,298.335,24.1042],"dipPosition":[-34.2259,270.202,-42.5997],"direction":[-0.0579115,-0.743785,0.665906],"extended":false,"handId":226,"id":2262,"length":61.4471,"mcpPosition":[-28.9222,325.133,-33.9525],"pipPosition":[-32.7157,289.598,-59.9646],"stabilizedTipPosition":[-109.029,218.851,185.968],"timeVisible":0.605801,"tipPosition":[-34.2741,267.212,-30.2232],"tipVelocity":[-14.8901,73.7827,-115.805],"tool":false,"touchDistance":0.333333,"touchZone":"none","type":2,"width":17.4211},{"bases":[[[0.969549,-0.226149,0.0939738],[0.16184,0.879669,0.447202],[-0.1838,-0.418376,0.889483]],[[0.964965,-0.235913,0.114837],[0.225024,0.519023,-0.824609],[0.134932,0.82156,0.553925]],[[0.964965,-0.235913,0.114837],[-0.0840613,-0.692581,-0.716425],[0.248548,0.681672,-0.688148]],[[0.964965,-0.235913,0.114837],[-0.205791,-0.95202,-0.226513],[0.162765,0.194944,-0.967215]]],"btipPosition":[-23.9045,268.013,-16.058],"carpPosition":[-19.8312,298.299,23.6788],"dipPosition":[-21.1157,271.354,-32.6301],"direction":[-0.248548,-0.681672,0.688148],"extended":false,"handId":226,"id":2263,"length":59.0831,"mcpPosition":[-9.27312,322.332,-27.4158],"pipPosition":[-14.8017,288.671,-50.1116],"stabilizedTipPosition":[-93.4215,221.018,182.29],"timeVisible":0.605801,"tipPosition":[-23.0877,268.777,-20.3758],"tipVelocity":[-17.4036,75.9206,-129.565],"tool":false,"touchDistance":0.333333,"touchZone":"none","type":3,"width":16.5772},{"bases":[[[0.901602,-0.415269,0.121099],[0.293791,0.793345,0.533189],[-0.31749,-0.445147,0.837284]],[[0.839208,-0.481127,0.25347],[0.490685,0.469008,-0.734343],[0.234433,0.74064,0.629677]],[[0.839208,-0.481127,0.25347],[-0.125151,-0.62446,-0.770965],[0.529214,0.615278,-0.584265]],[[0.839208,-0.481127,0.25347],[-0.394697,-0.85952,-0.324714],[0.374091,0.172459,-0.911216]]],"btipPosition":[-14.7824,277.535,-17.463],"carpPosition":[-8.65795,291.642,22.594],"dipPosition":[-8.86924,280.261,-31.8663],"direction":[-0.529214,-0.615278,0.584265],"extended":false,"handId":226,"id":2264,"length":46.32,"mcpPosition":[8.2244,315.312,-21.9281],"pipPosition":[0.622781,291.297,-42.3457],"stabilizedTipPosition":[-84.5719,233.289,177.083],"timeVisible":0.605801,"tipPosition":[-13.4276,278.261,-20.6162],"tipVelocity":[-16.5249,75.1863,-133.353],"tool":false,"touchDistance":0.333333,"touchZone":"none","type":4,"width":14.7252}],"r":[[0.867297,-0.200931,0.455437],[0.240371,0.970227,-0.0296947],[-0.43591,0.135228,0.889773]],"s":1.16594,"t":[89.9701,57.9659,-241.747],"timestamp":2827321121},false],[3,{"currentFrameRate":103.143,"devices":[],"gestures":[],"hands":[{"armBasis":[[0.962604,0.171001,-0.210126],[-0.0581264,0.88792,0.456311],[0.264605,-0.427033,0.864654]],"armWidth":58.4334,"confidence":0.638412,"direction":[0.0522969,0.549589,-0.833797],"elbow":[42.1541,180.358,240.606],"grabStrength":0,"id":226,"palmNormal":[0.0639403,-0.835069,-0.546417],"palmPosition":[-27.4851,309.825,-17.4864],"palmVelocity":[-21.4651,73.3189,-124.872],"palmWidth":83.4409,"pinchStrength":0.358012,"r":[[0.867001,-0.199356,0.45669],[0.23875,0.970631,-0.0295504],[-0.437387,0.134655,0.889135]],"s":1.16775,"sphereCenter":[-40.6179,290.788,-52.6831],"sphereRadius":43.8655,"stabilizedPalmPosition":[-92.6851,266.05,172.609],"t":[89.7028,58.6297,-242.747],"timeVisible":0.614768,"type":"right","wrist":[-23.3617,286.091,26.5187]}],"id":270907,"interactionBox":{"center":[0,200,0],"size":[235.247,235.247,147.751]},"pointables":[{"bases":[[[0.354037,0.864105,0.357743],[-0.851048,0.139061,0.506339],[0.387782,-0.483719,0.784628]],[[0.276757,0.938273,0.207483],[-0.873818,0.155895,0.460586],[0.39981,-0.308772,0.863025]],[[0.276757,0.938273,0.207483],[-0.95132,0.297999,-0.0786559],[-0.13563,-0.175614,0.975071]],[[0.276757,0.938273,0.207483],[-0.768099,0.345745,-0.538967],[-0.577434,-0.0102042,0.816374]]],"btipPosition":[-50.6143,295.293,-65.8511],"carpPosition":[-48.9461,275.449,21.6631],"dipPosition":[-63.0071,295.074,-48.3302],"direction":[0.13563,0.175614,-0.975071],"extended":false,"handId":226,"id":2260,"length":47.7925,"mcpPosition":[-48.9461,275.449,21.6631],"pipPosition":[-67.2478,289.584,-17.8428],"stabilizedTipPosition":[-118.704,243.513,122.417],"timeVisible":0.614768,"tipPosition":[-52.9645,293.945,-61.7988],"tipVelocity":[-11.8338,88.4984,-122.893],"tool":false,"touchDistance":-0.561565,"touchZone":"hovering","type":0,"width":18.5699},{"bases":[[[0.991215,0.116663,-0.0623025],[-0.0804068,0.905583,0.416479],[0.105008,-0.407811,0.907008]],[[0.98689,0.130988,-0.0942854],[-0.0859883,0.921125,0.37965],[0.136578,-0.366566,0.920313]],[[0.98689,0.130988,-0.0942854],[-0.101757,0.958459,0.266463],[0.125272,-0.253376,0.959222]],[[0.98689,0.130988,-0.0942854],[-0.113191,0.978185,0.174189],[0.115045,-0.161233,0.980188]]],"btipPosition":[-59.2531,346.096,-110.207],"carpPosition":[-42.2085,295.999,23.8621],"dipPosition":[-57.4505,343.57,-94.8496],"direction":[-0.125272,0.253376,-0.959222],"extended":true,"handId":226,"id":2261,"length":53.9285,"mcpPosition":[-49.293,323.512,-37.3299],"pipPosition":[-54.6739,337.954,-73.5884],"stabilizedTipPosition":[-111.137,298.963,27.3443],"timeVisible":0.614768,"tipPosition":[-58.2755,344.026,-107.03],"tipVelocity":[-32.4555,104.643,-115.468],"tool":false,"touchDistance":-0.557337,"touchZone":"hovering","type":1,"width":17.738},{"bases":[[[0.995376,-0.0956067,-0.00927005],[0.0906524,0.903096,0.419762],[-0.0317603,-0.418662,0.907587]],[[0.995657,-0.0911489,-0.0189217],[0.0382362,0.585735,-0.8096],[0.0848772,0.805361,0.586677]],[[0.995657,-0.0911489,-0.0189217],[-0.0748925,-0.663558,-0.744367],[0.0552926,0.742551,-0.667503]],[[0.995657,-0.0911489,-0.0189217],[-0.0930329,-0.966999,-0.237188],[0.00332215,0.237918,-0.97128]]],"btipPosition":[-34.5375,266.66,-26.5281],"carpPosition":[-31.3187,298.936,23.3263],"dipPosition":[-34.4802,270.76,-43.2661],"direction":[-0.0552926,-0.742551,0.667503],"extended":false,"handId":226,"id":2262,"length":61.4471,"mcpPosition":[-29.2866,325.722,-34.7407],"pipPosition":[-33.0383,290.124,-60.6726],"stabilizedTipPosition":[-108.755,219.03,185.172],"timeVisible":0.614768,"tipPosition":[-34.5059,267.781,-30.9007],"tipVelocity":[-17.8206,71.1592,-104.312],"tool":false,"touchDistance":0.333333,"touchZone":"none","type":2,"width":17.4211},{"bases":[[[0.970168,-0.22398,0.092773],[0.160477,0.880151,0.446745],[-0.181716,-0.41853,0.889838]],[[0.965631,-0.23375,0.113653],[0.222809,0.519281,-0.825047],[0.133837,0.822014,0.553516]],[[0.965631,-0.23375,0.113653],[-0.0834511,-0.692941,-0.716148],[0.246155,0.682051,-0.688632]],[[0.965631,-0.23375,0.113653],[-0.203973,-0.952524,-0.226038],[0.161093,0.195087,-0.967466]]],"btipPosition":[-24.12,268.617,-16.8376],"carpPosition":[-20.0612,298.925,22.8862],"dipPosition":[-21.3598,271.96,-33.414],"direction":[-0.246155,-0.682051,0.688632],"extended":false,"handId":226,"id":2263,"length":59.0831,"mcpPosition":[-9.62291,322.966,-28.2288],"pipPosition":[-15.1066,289.286,-50.9078],"stabilizedTipPosition":[-93.1915,221.177,181.622],"timeVisible":0.614768,"tipPosition":[-23.3112,269.382,-21.1535],"tipVelocity":[-19.4188,73.5794,-117.929],"tool":false,"touchDistance":0.333333,"touchZone":"none","type":3,"width":16.5772},{"bases":[[[0.902675,-0.413241,0.120039],[0.292731,0.794142,0.532585],[-0.315414,-0.445611,0.837821]],[[0.840631,-0.479174,0.252454],[0.488601,0.46982,-0.735213],[0.233687,0.741392,0.629069]],[[0.840631,-0.479174,0.252454],[-0.124856,-0.625013,-0.770564],[0.527021,0.616239,-0.585233]],[[0.840631,-0.479174,0.252454],[-0.393201,-0.860488,-0.323964],[0.372469,0.173069,-0.911764]]],"btipPosition":[-15.0204,278.158,-18.2511],"carpPosition":[-8.87473,292.292,21.7887],"dipPosition":[-9.13289,280.894,-32.6631],"direction":[-0.527021,-0.616239,0.585233],"extended":false,"handId":226,"id":2264,"length":46.32,"mcpPosition":[7.89723,315.987,-22.7619],"pipPosition":[0.319798,291.947,-43.1599],"stabilizedTipPosition":[-84.349,233.432,176.458],"timeVisible":0.614768,"tipPosition":[-13.6713,278.886,-21.41],"tipVelocity":[-19.447,73.6974,-120.97],"tool":false,"touchDistance":0.333333,"touchZone":"none","type":4,"width":14.7252}],"r":[[0.867001,-0.199356,0.45669],[0.23875,0.970631,-0.0295504],[-0.437387,0.134655,0.889135]],"s":1.16775,"t":[89.7028,58.6297,-242.747],"timestamp":2827330088},false],[4,{"currentFrameRate":103.444,"devices":[],"gestures":[],"hands":[{"armBasis":[[0.964035,0.168873,-0.205229],[-0.0582087,0.887594,0.456933],[0.259324,-0.428554,0.865502]],"armWidth":58.4334,"confidence":0.551826,"direction":[0.0503284,0.551226,-0.832837],"elbow":[40.1882,181.208,238.366],"grabStrength":0,"id":226,"palmNormal":[0.0638911,-0.833962,-0.54811],"palmPosition":[-28.2419,311.131,-19.8846],"palmVelocity":[-38.5652,92.7637,-163.306],"palmWidth":83.4409,"pinchStrength":0.361943,"r":[[0.866956,-0.198089,0.457327],[0.23724,0.971014,-0.0291477],[-0.438297,0.133766,0.888821]],"s":1.16902,"sphereCenter":[-41.8796,292.366,-55.0319],"sphereRadius":43.9384,"stabilizedPalmPosition":[-92.5439,266.149,172.187],"t":[89.1908,59.6144,-244.446],"timeVisible":0.623868,"type":"right","wrist":[-24.0201,287.317,24.0683]}],"id":270908,"interactionBox":{"center":[0,200,0],"size":[235.247,235.247,147.751]},"pointables":[{"bases":[[[0.353739,0.863792,0.358793],[-0.850342,0.137212,0.508027],[0.389599,-0.484805,0.783056]],[[0.27711,0.937467,0.210631],[-0.874357,0.155143,0.459817],[0.398385,-0.311586,0.862672]],[[0.27711,0.937467,0.210631],[-0.950697,0.299281,-0.0812737],[-0.139229,-0.177724,0.974181]],[[0.27711,0.937467,0.210631],[-0.76313,0.347934,-0.544586],[-0.583817,-0.00982845,0.811826]]],"btipPosition":[-50.955,296.689,-68.1373],"carpPosition":[-49.6015,276.658,19.2353],"dipPosition":[-63.4848,296.478,-50.714],"direction":[0.139229,0.177724,-0.974181],"extended":false,"handId":226,"id":2260,"length":47.7925,"mcpPosition":[-49.6015,276.658,19.2353],"pipPosition":[-67.838,290.921,-20.2545],"stabilizedTipPosition":[-118.08,244.024,120.624],"timeVisible":0.623868,"tipPosition":[-53.5457,295.448,-64.1353],"tipVelocity":[-19.8896,106.536,-159.148],"tool":false,"touchDistance":-0.568372,"touchZone":"hovering","type":0,"width":18.5699},{"bases":[[[0.990988,0.117814,-0.0637403],[-0.0806486,0.904706,0.418334],[0.106952,-0.409424,0.906054]],[[0.986392,0.132769,-0.0969705],[-0.085347,0.91761,0.388211],[0.140524,-0.374652,0.916455]],[[0.986392,0.132769,-0.0969705],[-0.101456,0.955659,0.276445],[0.129374,-0.262845,0.956125]],[[0.986392,0.132769,-0.0969705],[-0.113208,0.976192,0.18502],[0.119227,-0.171524,0.977939]]],"btipPosition":[-60.3691,348.107,-112.287],"carpPosition":[-42.8816,297.211,21.4621],"dipPosition":[-58.5011,345.419,-96.9646],"direction":[-0.129374,0.262845,-0.956125],"extended":true,"handId":226,"id":2261,"length":53.9285,"mcpPosition":[-50.0972,324.833,-39.6656],"pipPosition":[-55.6335,339.593,-75.772],"stabilizedTipPosition":[-109.982,300.058,24.2725],"timeVisible":0.623868,"tipPosition":[-59.3836,345.979,-109.141],"tipVelocity":[-56.9942,135.739,-147.054],"tool":false,"touchDistance":-0.561254,"touchZone":"hovering","type":1,"width":17.738},{"bases":[[[0.995458,-0.0945523,-0.0111187],[0.0904184,0.90239,0.421326],[-0.029804,-0.420418,0.906841]],[[0.995718,-0.0900859,-0.0207405],[0.0361587,0.586029,-0.809483],[0.0850776,0.805267,0.586777]],[[0.995718,-0.0900859,-0.0207405],[-0.075524,-0.663365,-0.744475],[0.0533082,0.742854,-0.667328]],[[0.995718,-0.0900859,-0.0207405],[-0.0924323,-0.96687,-0.237945],[0.00138213,0.238844,-0.971057]]],"btipPosition":[-35.2633,267.977,-28.9058],"carpPosition":[-31.9957,300.16,20.9137],"dipPosition":[-35.2395,272.093,-45.64],"direction":[-0.0533082,-0.742854,0.667328],"extended":false,"handId":226,"id":2262,"length":61.4471,"mcpPosition":[-30.0888,327.058,-37.1056],"pipPosition":[-33.8494,291.464,-63.042],"stabilizedTipPosition":[-108.458,219.232,184.291],"timeVisible":0.623868,"tipPosition":[-35.2416,269.096,-33.2885],"tipVelocity":[-35.224,91.6547,-147.794],"tool":false,"touchDistance":0.333333,"touchZone":"none","type":2,"width":17.4211},{"bases":[[[0.970554,-0.223145,0.0907221],[0.160312,0.879467,0.448149],[-0.179789,-0.420409,0.889344]],[[0.966063,-0.23296,0.11159],[0.220855,0.5209,-0.824552],[0.13396,0.821215,0.554672]],[[0.966063,-0.23296,0.11159],[-0.0839755,-0.691786,-0.717203],[0.244276,0.683493,-0.687871]],[[0.966063,-0.23296,0.11159],[-0.203374,-0.952319,-0.227435],[0.159252,0.197022,-0.967378]]],"btipPosition":[-24.8342,269.925,-19.3089],"carpPosition":[-20.739,300.161,20.4547],"dipPosition":[-22.1056,273.3,-35.8838],"direction":[-0.244276,-0.683493,0.687871],"extended":false,"handId":226,"id":2263,"length":59.0831,"mcpPosition":[-10.4114,324.311,-30.6319],"pipPosition":[-15.9001,290.664,-53.3583],"stabilizedTipPosition":[-92.9474,221.352,180.898],"timeVisible":0.623868,"tipPosition":[-24.0355,270.699,-23.6216],"tipVelocity":[-36.0109,93.2442,-160.504],"tool":false,"touchDistance":0.333333,"touchZone":"none","type":3,"width":16.5772},{"bases":[[[0.903304,-0.412528,0.117742],[0.292799,0.793433,0.533603],[-0.313546,-0.447531,0.837499]],[[0.841615,-0.478722,0.250018],[0.486726,0.471686,-0.735262],[0.234056,0.740498,0.629985]],[[0.841615,-0.478722,0.250018],[-0.125607,-0.623735,-0.771477],[0.525268,0.617883,-0.585076]],[[0.841615,-0.478722,0.250018],[-0.392818,-0.860295,-0.324941],[0.370646,0.175264,-0.912088]]],"btipPosition":[-15.7442,279.475,-20.7242],"carpPosition":[-9.54749,293.542,19.3258],"dipPosition":[-9.88552,282.246,-35.1413],"direction":[-0.525268,-0.617883,0.585076],"extended":false,"handId":226,"id":2264,"length":46.32,"mcpPosition":[7.12515,317.339,-25.2077],"pipPosition":[-0.464264,293.328,-45.6353],"stabilizedTipPosition":[-84.111,233.591,175.776],"timeVisible":0.623868,"tipPosition":[-14.4019,280.211,-23.8883],"tipVelocity":[-36.3045,93.6361,-162.803],"tool":false,"touchDistance":0.333333,"touchZone":"none","type":4,"width":14.7252}],"r":[[0.866956,-0.198089,0.457327],[0.23724,0.971014,-0.0291477],[-0.438297,0.133766,0.888821]],"s":1.16902,"t":[89.1908,59.6144,-244.446],"timestamp":2827339188},false],[5,{"currentFrameRate":103.72,"devices":[],"gestures":[],"hands":[{"armBasis":[[0.963716,0.166935,-0.208288],[-0.0555157,0.888599,0.455314],[0.261092,-0.42723,0.865624]],"armWidth":58.4334,"confidence":0.556323,"direction":[0.0497686,0.548364,-0.834758],"elbow":[40.0958,182.327,237.287],"grabStrength":0,"id":226,"palmNormal":[0.0610472,-0.835901,-0.545475],"palmPosition":[-28.8125,311.785,-21.0638],"palmVelocity":[-45.2311,86.93,-153.863],"palmWidth":83.4409,"pinchStrength":0.361826,"r":[[0.867022,-0.197132,0.457615],[0.236423,0.9712,-0.029566],[-0.438607,0.133825,0.888659]],"s":1.17014,"sphereCenter":[-42.97,293.117,-56.0756],"sphereRadius":44.0244,"stabilizedPalmPosition":[-92.3834,266.264,171.701],"t":[88.6494,60.4339,-245.886],"timeVisible":0.632988,"type":"right","wrist":[-24.5503,288.109,22.959]}],"id":270909,"interactionBox":{"center":[0,200,0],"size":[235.247,235.247,147.751]},"pointables":[{"bases":[[[0.356256,0.864238,0.35521],[-0.849018,0.140656,0.509298],[0.390192,-0.483021,0.783863]],[[0.28088,0.936581,0.209576],[-0.873306,0.158848,0.460548],[0.39805,-0.312383,0.862539]],[[0.28088,0.936581,0.209576],[-0.949432,0.30308,-0.0819832],[-0.140302,-0.175951,0.974349]],[[0.28088,0.936581,0.209576],[-0.7595,0.350412,-0.548062],[-0.586742,-0.00523339,0.809757]]],"btipPosition":[-51.4053,297.4,-69.114],"carpPosition":[-50.1635,277.487,18.2134],"dipPosition":[-63.9979,297.288,-51.7351],"direction":[0.140302,0.175951,-0.974349],"extended":false,"handId":226,"id":2260,"length":47.7925,"mcpPosition":[-50.1635,277.487,18.2134],"pipPosition":[-68.3847,291.786,-21.2703],"stabilizedTipPosition":[-117.444,244.555,118.772],"timeVisible":0.632988,"tipPosition":[-54.12,296.212,-65.1504],"tipVelocity":[-28.5178,99.2856,-145.004],"tool":false,"touchDistance":-0.554672,"touchZone":"hovering","type":0,"width":18.5699},{"bases":[[[0.991097,0.115545,-0.0661456],[-0.0779232,0.906249,0.415499],[0.107953,-0.406646,0.907185]],[[0.986282,0.130908,-0.100556],[-0.0817428,0.916559,0.391456],[0.14341,-0.377866,0.914686]],[[0.986282,0.130908,-0.100556],[-0.098138,0.954832,0.280473],[0.13273,-0.266757,0.95458]],[[0.986282,0.130908,-0.100556],[-0.110187,0.975688,0.189449],[0.122911,-0.17577,0.976728]]],"btipPosition":[-61.1976,349.021,-113.344],"carpPosition":[-43.3966,298.032,20.3584],"dipPosition":[-59.2718,346.267,-98.0406],"direction":[-0.13273,0.266757,-0.95458],"extended":true,"handId":226,"id":2261,"length":53.9285,"mcpPosition":[-50.6797,325.467,-40.8455],"pipPosition":[-56.3298,340.354,-76.8823],"stabilizedTipPosition":[-108.698,301.319,20.7757],"timeVisible":0.632988,"tipPosition":[-60.2128,346.871,-110.213],"tipVelocity":[-65.9866,125.414,-138.539],"tool":false,"touchDistance":-0.549384,"touchZone":"hovering","type":1,"width":17.738},{"bases":[[[0.995235,-0.0966542,-0.0128303],[0.0931445,0.903589,0.418151],[-0.0288228,-0.417354,0.908287]],[[0.995485,-0.0922288,-0.0224487],[0.0356185,0.582166,-0.812289],[0.0879853,0.807822,0.582823]],[[0.995485,-0.0922288,-0.0224487],[-0.0784778,-0.666644,-0.741233],[0.0533978,0.739648,-0.670872]],[[0.995485,-0.0922288,-0.0224487],[-0.0949214,-0.96765,-0.233759],[-0.000163172,0.234835,-0.972035]]],"btipPosition":[-35.9404,268.618,-29.8499],"carpPosition":[-32.5058,300.957,19.7781],"dipPosition":[-35.9432,272.665,-46.6009],"direction":[-0.0533978,-0.739648,0.670872],"extended":false,"handId":226,"id":2262,"length":61.4471,"mcpPosition":[-30.6617,327.659,-38.3337],"pipPosition":[-34.5508,291.953,-64.0953],"stabilizedTipPosition":[-108.13,219.459,183.307],"timeVisible":0.632988,"tipPosition":[-35.9265,269.713,-34.2449],"tipVelocity":[-46.2446,85.234,-135.616],"tool":false,"touchDistance":0.333333,"touchZone":"none","type":2,"width":17.4211},{"bases":[[[0.970274,-0.224857,0.0894862],[0.163045,0.88061,0.444907],[-0.178843,-0.417092,0.891095]],[[0.965809,-0.234584,0.110374],[0.220153,0.517274,-0.827019],[0.136911,0.823042,0.551233]],[[0.965809,-0.234584,0.110374],[-0.0870032,-0.694326,-0.714382],[0.244218,0.680354,-0.690997]],[[0.965809,-0.234584,0.110374],[-0.205851,-0.952703,-0.223569],[0.157599,0.193204,-0.968419]]],"btipPosition":[-25.4907,270.577,-20.3298],"carpPosition":[-21.25,300.934,19.2962],"dipPosition":[-22.7904,273.887,-36.9226],"direction":[-0.244218,-0.680354,0.690997],"extended":false,"handId":226,"id":2263,"length":59.0831,"mcpPosition":[-10.9768,324.893,-31.8909],"pipPosition":[-16.5864,291.17,-54.4764],"stabilizedTipPosition":[-92.684,221.545,180.105],"timeVisible":0.632988,"tipPosition":[-24.7028,271.334,-24.646],"tipVelocity":[-46.1993,86.7477,-147.144],"tool":false,"touchDistance":0.333333,"touchZone":"none","type":3,"width":16.5772},{"bases":[[[0.902687,-0.41401,0.117269],[0.295528,0.794584,0.530376],[-0.312762,-0.444107,0.839612]],[[0.841235,-0.479554,0.249704],[0.485943,0.468148,-0.738035],[0.237029,0.742203,0.626858]],[[0.841235,-0.479554,0.249704],[-0.128662,-0.626134,-0.769027],[0.525138,0.614805,-0.588426]],[[0.841235,-0.479554,0.249704],[-0.395223,-0.860578,-0.321254],[0.368948,0.171561,-0.913479]]],"btipPosition":[-16.3802,280.097,-21.8124],"carpPosition":[-10.0746,294.287,18.1665],"dipPosition":[-10.5484,282.809,-36.2516],"direction":[-0.525138,-0.614805,0.588426],"extended":false,"handId":226,"id":2264,"length":46.32,"mcpPosition":[6.55633,317.902,-26.4794],"pipPosition":[-1.12947,293.836,-46.8056],"stabilizedTipPosition":[-83.8562,233.765,175.035],"timeVisible":0.632988,"tipPosition":[-15.0439,280.82,-24.9888],"tipVelocity":[-45.777,86.1571,-150.884],"tool":false,"touchDistance":0.333333,"touchZone":"none","type":4,"width":14.7252}],"r":[[0.867022,-0.197132,0.457615],[0.236423,0.9712,-0.029566],[-0.438607,0.133825,0.888659]],"s":1.17014,"t":[88.6494,60.4339,-245.886],"timestamp":2827348308},false],[6,{"currentFrameRate":104.071,"devices":[],"gestures":[],"hands":[{"armBasis":[[0.964719,0.16337,-0.206466],[-0.0532795,0.889114,0.454575],[0.257836,-0.427536,0.866449]],"armWidth":58.4334,"confidence":0.564223,"direction":[0.0490759,0.544999,-0.837],"elbow":[38.9952,182.861,236.794],"grabStrength":0,"id":226,"palmNormal":[0.0585616,-0.838138,-0.542306],"palmPosition":[-29.1523,312.23,-21.8454],"palmVelocity":[-43.2456,76.7425,-135.686],"palmWidth":83.4409,"pinchStrength":0.365541,"r":[[0.867185,-0.196303,0.457663],[0.23609,0.971244,-0.0307553],[-0.438465,0.13472,0.888594]],"s":1.1711,"sphereCenter":[-43.8525,293.661,-56.6895],"sphereRadius":44.1171,"stabilizedPalmPosition":[-92.2079,266.391,171.163],"t":[88.2089,61.0659,-246.996],"timeVisible":0.641937,"type":"right","wrist":[-24.8446,288.719,22.2616]}],"id":270910,"interactionBox":{"center":[0,200,0],"size":[235.247,235.247,147.751]},"pointables":[{"bases":[[[0.358418,0.865014,0.351122],[-0.847784,0.144104,0.510389],[0.390896,-0.480608,0.784995]],[[0.28381,0.936253,0.20708],[-0.872778,0.162788,0.460173],[0.397128,-0.311337,0.863342]],[[0.28381,0.936253,0.20708],[-0.948208,0.30616,-0.0846617],[-0.142664,-0.172327,0.974654]],[[0.28381,0.936253,0.20708],[-0.753211,0.351322,-0.556099],[-0.593401,0.00185163,0.804905]]],"btipPosition":[-51.4679,297.722,-69.662],"carpPosition":[-50.4851,278.122,17.6075],"dipPosition":[-64.2034,297.762,-52.3872],"direction":[0.142664,0.172327,-0.974654],"extended":false,"handId":226,"id":2260,"length":47.7925,"mcpPosition":[-50.4851,278.122,17.6075],"pipPosition":[-68.664,292.374,-21.9129],"stabilizedTipPosition":[-116.82,245.082,116.944],"timeVisible":0.641937,"tipPosition":[-54.3651,296.651,-65.7494],"tipVelocity":[-23.6397,83.0533,-122.845],"tool":false,"touchDistance":-0.536117,"touchZone":"hovering","type":0,"width":18.5699},{"bases":[[[0.991162,0.11359,-0.0685225],[-0.075571,0.908004,0.412088],[0.109028,-0.403268,0.908564]],[[0.986122,0.129321,-0.104109],[-0.0784768,0.9157,0.394125],[0.146302,-0.380485,0.913141]],[[0.986122,0.129321,-0.104109],[-0.0951242,0.954065,0.284096],[0.136067,-0.27025,0.953127]],[[0.986122,0.129321,-0.104109],[-0.107443,0.975174,0.193628],[0.126565,-0.179755,0.975535]]],"btipPosition":[-61.7976,349.668,-114.025],"carpPosition":[-43.679,298.664,19.6587],"dipPosition":[-59.8146,346.851,-98.7403],"direction":[-0.136067,0.27025,-0.953127],"extended":true,"handId":226,"id":2261,"length":53.9285,"mcpPosition":[-51.0347,325.871,-41.6382],"pipPosition":[-56.7986,340.861,-77.6141],"stabilizedTipPosition":[-107.326,302.701,16.9707],"timeVisible":0.641937,"tipPosition":[-60.8109,347.492,-110.909],"tipVelocity":[-65.8756,110.461,-121.606],"tool":false,"touchDistance":-0.533057,"touchZone":"hovering","type":1,"width":17.738},{"bases":[[[0.995042,-0.0984053,-0.0143826],[0.0954967,0.905062,0.414419],[-0.0277639,-0.413738,0.909973]],[[0.99528,-0.0940254,-0.0240026],[0.0349375,0.577955,-0.81532],[0.0905333,0.810634,0.578512]],[[0.99528,-0.0940254,-0.0240026],[-0.08111,-0.670253,-0.737687],[0.0532736,0.736153,-0.674716]],[[0.99528,-0.0940254,-0.0240026],[-0.0970257,-0.968558,-0.229086],[-0.001708,0.230334,-0.97311]]],"btipPosition":[-36.3695,269.042,-30.3808],"carpPosition":[-32.7844,301.568,19.0458],"dipPosition":[-36.399,273.011,-47.1503],"direction":[-0.0532736,-0.736153,0.674716],"extended":false,"handId":226,"id":2262,"length":61.4471,"mcpPosition":[-31.0081,328.039,-39.1739],"pipPosition":[-35.0097,292.208,-64.7449],"stabilizedTipPosition":[-107.772,219.711,182.22],"timeVisible":0.641937,"tipPosition":[-36.3634,270.112,-34.7861],"tipVelocity":[-46.8983,74.3452,-114.899],"tool":false,"touchDistance":0.333333,"touchZone":"none","type":2,"width":17.4211},{"bases":[[[0.970062,-0.226163,0.0884848],[0.16541,0.882069,0.441129],[-0.177817,-0.413286,0.893071]],[[0.965658,-0.235727,0.109261],[0.218624,0.509989,-0.831935],[0.140388,0.827251,0.54401]],[[0.965658,-0.235727,0.109261],[-0.0907383,-0.700024,-0.708331],[0.243458,0.674091,-0.697373]],[[0.965658,-0.235727,0.109261],[-0.208326,-0.953783,-0.21656],[0.15526,0.186361,-0.970136]]],"btipPosition":[-25.9124,271.052,-20.7101],"carpPosition":[-21.5297,301.524,18.5421],"dipPosition":[-23.2522,274.245,-37.3323],"direction":[-0.243458,-0.674091,0.697373],"extended":false,"handId":226,"id":2263,"length":59.0831,"mcpPosition":[-11.3153,325.264,-32.7585],"pipPosition":[-17.0674,291.369,-55.0481],"stabilizedTipPosition":[-92.3904,221.764,179.213],"timeVisible":0.641937,"tipPosition":[-25.1393,271.774,-25.0891],"tipVelocity":[-46.7315,76.7267,-118.753],"tool":false,"touchDistance":0.333333,"touchZone":"none","type":3,"width":16.5772},{"bases":[[[0.902207,-0.41509,0.117142],[0.297913,0.796153,0.526677],[-0.311881,-0.440274,0.841955]],[[0.840999,-0.479929,0.249778],[0.485066,0.464342,-0.741011],[0.23965,0.744348,0.623308]],[[0.840999,-0.479929,0.249778],[-0.131371,-0.628991,-0.766232],[0.524846,0.611586,-0.59203]],[[0.840999,-0.479929,0.249778],[-0.397251,-0.861171,-0.317136],[0.367305,0.167486,-0.914896]]],"btipPosition":[-16.774,280.512,-22.4845],"carpPosition":[-10.3678,294.854,17.4168],"dipPosition":[-10.9681,283.16,-36.946],"direction":[-0.524846,-0.611587,0.59203],"extended":false,"handId":226,"id":2264,"length":46.32,"mcpPosition":[6.21632,318.265,-27.3536],"pipPosition":[-1.55448,294.129,-47.5647],"stabilizedTipPosition":[-83.5879,233.951,174.248],"timeVisible":0.641937,"tipPosition":[-15.4435,281.221,-25.6721],"ti