{"sensorType":"Leap","data":[[0,{"currentFrameRate":110.476,"devices":[],"gestures":[],"hands":[{"armBasis":[[0.956715,0.241948,-0.161733],[-0.139106,0.868315,0.476107],[0.255629,-0.433001,0.864387]],"armWidth":58.4334,"confidence":0.718196,"direction":[-0.0441332,0.310438,-0.949568],"elbow":[45.3202,199.588,251.456],"grabStrength":0,"id":224,"palmNormal":[0.149231,-0.937782,-0.313521],"palmPosition":[-26.4726,317.369,-10.8645],"palmVelocity":[-22.0814,10.499,-110.943],"palmWidth":83.4409,"pinchStrength":0.551435,"r":[[0.890356,-0.0621461,0.451003],[0.15054,0.975102,-0.162828],[-0.429655,0.212869,0.877544]],"s":1.03384,"sphereCenter":[-28.5311,288.345,-40.2959],"sphereRadius":42.768,"stabilizedPalmPosition":[-57.6478,278.101,101.252],"t":[71.3449,81.1504,-195.057],"timeVisible":0.704757,"type":"right","wrist":[-17.9732,306.798,37.4345]}],"id":270113,"interactionBox":{"center":[0,200,0],"size":[235.247,235.247,147.751]},"pointables":[{"bases":[[[0.255407,0.961944,0.0971177],[-0.844504,0.173057,0.506818],[0.470724,-0.211461,0.856565]],[[0.165271,0.984376,-0.0607333],[-0.909992,0.175946,0.375444],[0.380264,-0.00678318,0.924853]],[[0.165271,0.984376,-0.0607333],[-0.969922,0.151068,-0.190866],[-0.17871,0.0904513,0.979735]],[[0.165271,0.984376,-0.0607333],[-0.923132,0.132725,-0.360849],[-0.347151,0.115703,0.930645]]],"btipPosition":[-46.5499,287.469,-55.7627],"carpPosition":[-42.1811,292.47,37.1801],"dipPosition":[-54.0004,289.952,-35.7893],"direction":[0.17871,-0.0904513,-0.979735],"extended":false,"handId":224,"id":2240,"length":47.7925,"mcpPosition":[-42.1811,292.47,37.1801],"pipPosition":[-59.588,292.781,-5.1561],"stabilizedTipPosition":[-63.401,260.164,15.1069],"timeVisible":0.704757,"tipPosition":[-47.2199,286.989,-50.8593],"tipVelocity":[-46.1891,41.4576,-114.605],"tool":false,"touchDistance":-0.459443,"touchZone":"hovering","type":0,"width":18.5699},{"bases":[[[0.966384,0.205457,-0.154565],[-0.178637,0.968929,0.171069],[0.18491,-0.137708,0.97306]],[[0.978032,0.193849,-0.0766548],[-0.168317,0.951316,0.258202],[0.122975,-0.239627,0.963045]],[[0.978032,0.193849,-0.0766548],[-0.183576,0.975173,0.123848],[0.0987596,-0.107056,0.989336]],[[0.978032,0.193849,-0.0766548],[-0.193565,0.981024,0.0111992],[0.0773711,0.00388448,0.996995]]],"btipPosition":[-58.7052,334.526,-107.619],"carpPosition":[-37.9839,313.482,33.5206],"dipPosition":[-57.493,334.586,-91.9984],"direction":[-0.0987596,0.107056,-0.989336],"extended":true,"handId":224,"id":2241,"length":53.9285,"mcpPosition":[-50.459,322.773,-32.1277],"pipPosition":[-55.304,332.213,-70.0697],"stabilizedTipPosition":[-82.238,303.272,-22.5355],"timeVisible":0.704757,"tipPosition":[-57.5653,333.444,-104.172],"tipVelocity":[-38.8122,41.0552,-106.249],"tool":false,"touchDistance":-0.448858,"touchZone":"hovering","type":1,"width":17.738},{"bases":[[[0.99868,0.016754,-0.0485631],[-0.00858393,0.986457,0.163797],[0.0506496,-0.163164,0.985298]],[[0.999185,0.0149207,-0.0374955],[-0.039772,0.521485,-0.852333],[0.00683599,0.85313,0.521654]],[[0.999185,0.0149207,-0.0374955],[-0.0207963,-0.605881,-0.795283],[-0.034584,0.795415,-0.605078]],[[0.999185,0.0149207,-0.0374955],[0.0019583,-0.94597,-0.324247],[-0.0403076,0.32391,-0.945229]]],"btipPosition":[-29.5142,263.77,-22.4936],"carpPosition":[-27.5679,317.364,31.5354],"dipPosition":[-30.2088,269.352,-38.7827],"direction":[0.034584,-0.795415,0.605078],"extended":false,"handId":224,"id":2242,"length":61.4471,"mcpPosition":[-30.8085,327.803,-31.5035],"pipPosition":[-31.1106,290.094,-54.5613],"stabilizedTipPosition":[-69.0736,232.019,89.78],"timeVisible":0.704757,"tipPosition":[-29.6129,265.393,-25.5874],"tipVelocity":[-24.5004,8.59792,-97.1661],"tool":false,"touchDistance":0.333333,"touchZone":"none","type":2,"width":17.4211},{"bases":[[[0.993034,-0.0818509,0.0847523],[0.0644081,0.979429,0.191235],[-0.0986616,-0.184444,0.977878]],[[0.993312,-0.0813236,0.0819584],[0.110396,0.461065,-0.880472],[0.0338151,0.883632,0.466959]],[[0.993312,-0.0813236,0.0819584],[0.00913288,-0.652284,-0.75792],[0.115097,0.7536,-0.647179]],[[0.993312,-0.0813236,0.0819584],[-0.0533202,-0.952725,-0.29912],[0.102409,0.29275,-0.950689]]],"btipPosition":[-16.814,268.719,-12.1901],"carpPosition":[-16.4174,318.489,30.385],"dipPosition":[-15.0593,273.735,-28.4791],"direction":[-0.115097,-0.7536,0.647179],"extended":false,"handId":224,"id":2243,"length":59.0831,"mcpPosition":[-10.75,329.084,-25.7872],"pipPosition":[-12.1355,292.879,-44.9198],"stabilizedTipPosition":[-58.4926,229.941,107.301],"timeVisible":0.704757,"tipPosition":[-16.3424,270.112,-16.1184],"tipVelocity":[-29.8944,11.8678,-61.8383],"tool":false,"touchDistance":0.333333,"touchZone":"none","type":3,"width":16.5772},{"bases":[[[0.950557,-0.263345,0.164591],[0.209106,0.934606,0.287726],[-0.229599,-0.239083,0.943464]],[[0.926117,-0.283738,0.248594],[0.356377,0.441978,-0.823196],[0.123699,0.850969,0.510441]],[[0.926117,-0.283738,0.248594],[0.015143,-0.630496,-0.776045],[0.376931,0.722473,-0.579617]],[[0.926117,-0.283738,0.248594],[-0.183336,-0.914468,-0.360744],[0.329688,0.288515,-0.898924]]],"btipPosition":[-8.30913,280.692,-11.7872],"carpPosition":[-4.53495,313.09,30.3271],"dipPosition":[-3.09784,285.252,-25.9963],"direction":[-0.376931,-0.722473,0.579617],"extended":false,"handId":224,"id":2244,"length":46.32,"mcpPosition":[7.67384,325.804,-19.841],"pipPosition":[3.66282,298.21,-36.3923],"stabilizedTipPosition":[-46.4017,242.032,98.4188],"timeVisible":0.704757,"tipPosition":[-6.90634,281.959,-15.0185],"tipVelocity":[-36.7751,11.568,-79.2948],"tool":false,"touchDistance":0.333333,"touchZone":"none","type":4,"width":14.7252}],"r":[[0.890356,-0.0621461,0.451003],[0.15054,0.975102,-0.162828],[-0.429655,0.212869,0.877544]],"s":1.03384,"t":[71.3449,81.1504,-195.057],"timestamp":2820017764},false],[1,{"currentFrameRate":110.467,"devices":[],"gestures":[],"hands":[{"armBasis":[[0.957095,0.242109,-0.159226],[-0.140444,0.868198,0.475928],[0.253466,-0.433146,0.86495]],"armWidth":58.4334,"confidence":0.726431,"direction":[-0.0449077,0.311355,-0.949232],"elbow":[44.6348,199.539,251.088],"grabStrength":0,"id":224,"palmNormal":[0.150638,-0.937215,-0.31454],"palmPosition":[-26.6537,317.393,-11.3585],"palmVelocity":[-21.4968,8.33261,-95.3406],"palmWidth":83.4409,"pinchStrength":0.538471,"r":[[0.890095,-0.0621787,0.451513],[0.150556,0.975153,-0.162509],[-0.43019,0.212627,0.877341]],"s":1.0386,"sphereCenter":[-29.2608,288.539,-40.754],"sphereRadius":42.8235,"stabilizedPalmPosition":[-57.6465,278.103,101.247],"t":[71.1385,81.1841,-195.808],"timeVisible":0.713825,"type":"right","wrist":[-18.1232,306.786,36.927]}],"id":270114,"interactionBox":{"center":[0,200,0],"size":[235.247,235.247,147.751]},"pointables":[{"bases":[[[0.253897,0.962249,0.0980442],[-0.844631,0.171179,0.507244],[0.471312,-0.211599,0.856207]],[[0.164849,0.984625,-0.0577852],[-0.908902,0.174401,0.378789],[0.383043,-0.00992179,0.923677]],[[0.164849,0.984625,-0.0577852],[-0.970197,0.151326,-0.189254],[-0.1776,0.0872614,0.980226]],[[0.164849,0.984625,-0.0577852],[-0.923131,0.13339,-0.360605],[-0.347352,0.112789,0.930927]]],"btipPosition":[-46.8346,287.724,-56.2456],"carpPosition":[-42.3082,292.419,36.6647],"dipPosition":[-54.2894,290.145,-36.2662],"direction":[0.1776,-0.0872614,-0.980226],"extended":false,"handId":224,"id":2240,"length":47.7925,"mcpPosition":[-42.3082,292.419,36.6647],"pipPosition":[-59.8424,292.873,-5.61766],"stabilizedTipPosition":[-63.3584,260.245,14.9151],"timeVisible":0.713825,"tipPosition":[-47.5307,287.241,-51.3777],"tipVelocity":[-42.133,37.3349,-97.6111],"tool":false,"touchDistance":-0.449056,"touchZone":"hovering","type":0,"width":18.5699},{"bases":[[[0.966009,0.207162,-0.154633],[-0.180135,0.968464,0.17213],[0.185415,-0.138424,0.972862]],[[0.977437,0.195861,-0.07909],[-0.16911,0.949973,0.262589],[0.126564,-0.243289,0.961661]],[[0.977437,0.195861,-0.07909],[-0.184858,0.974349,0.128343],[0.102199,-0.110827,0.988571]],[[0.977437,0.195861,-0.07909],[-0.195241,0.980632,0.0155812],[0.0806099,0.00021191,0.996746]]],"btipPosition":[-59.1695,334.819,-108.025],"carpPosition":[-38.1457,313.442,33.0258],"dipPosition":[-57.9065,334.822,-92.4083],"direction":[-0.102199,0.110827,-0.988571],"extended":true,"handId":224,"id":2241,"length":53.9285,"mcpPosition":[-50.6549,322.781,-32.6091],"pipPosition":[-55.6413,332.366,-70.4965],"stabilizedTipPosition":[-82.2037,303.319,-22.6559],"timeVisible":0.713825,"tipPosition":[-58.0062,333.737,-104.587],"tipVelocity":[-41.8795,38.2448,-89.2886],"tool":false,"touchDistance":-0.43841,"touchZone":"hovering","type":1,"width":17.738},{"bases":[[[0.998637,0.0184007,-0.0488367],[-0.0101123,0.986271,0.164826],[0.0511992,-0.164108,0.985113]],[[0.999173,0.0164575,-0.0371765],[-0.0403385,0.515429,-0.855982],[0.00507451,0.856774,0.515667]],[[0.999173,0.0164575,-0.0371765],[-0.0194047,-0.610491,-0.791785],[-0.0357268,0.791852,-0.609667]],[[0.999173,0.0164575,-0.0371765],[0.00362319,-0.946813,-0.321763],[-0.0404946,0.321362,-0.94609]]],"btipPosition":[-29.6071,263.784,-22.5764],"carpPosition":[-27.7365,317.342,31.0417],"dipPosition":[-30.3049,269.322,-38.8802],"direction":[0.0357268,-0.791852,0.609667],"extended":false,"handId":224,"id":2242,"length":61.4471,"mcpPosition":[-31.0122,327.842,-31.9854],"pipPosition":[-31.2365,289.971,-54.7786],"stabilizedTipPosition":[-69.0718,232.021,89.7746],"timeVisible":0.713825,"tipPosition":[-29.717,265.38,-25.9024],"tipVelocity":[-20.5833,6.35233,-72.9408],"tool":false,"touchDistance":0.333333,"touchZone":"none","type":2,"width":17.4211},{"bases":[[[0.993189,-0.0803517,0.0843776],[0.062899,0.979331,0.192235],[-0.09808,-0.185619,0.977715]],[[0.993442,-0.0798652,0.0818164],[0.108981,0.445049,-0.88885],[0.0345759,0.891938,0.450834]],[[0.993442,-0.0798652,0.0818164],[0.00796043,-0.665536,-0.746323],[0.114057,0.74208,-0.660536]],[[0.993442,-0.0798652,0.0818164],[-0.0531352,-0.956116,-0.288129],[0.101237,0.281892,-0.95409]]],"btipPosition":[-17.0029,268.922,-11.6183],"carpPosition":[-16.5881,318.486,29.8892],"dipPosition":[-15.2683,273.752,-27.9655],"direction":[-0.114057,-0.74208,0.660536],"extended":false,"handId":224,"id":2243,"length":59.0831,"mcpPosition":[-10.9541,329.149,-26.2737],"pipPosition":[-12.3708,292.604,-44.7456],"stabilizedTipPosition":[-58.4702,229.963,107.236],"timeVisible":0.713825,"tipPosition":[-16.5161,270.22,-15.9043],"tipVelocity":[-27.5291,13.4739,-27.7311],"tool":false,"touchDistance":0.333333,"touchZone":"none","type":3,"width":16.5772},{"bases":[[[0.951025,-0.261997,0.16404],[0.207696,0.934639,0.288637],[-0.22894,-0.240431,0.943281]],[[0.925754,-0.283125,0.250639],[0.356333,0.431437,-0.828787],[0.126515,0.856564,0.500292]],[[0.925754,-0.283125,0.250639],[0.0129257,-0.638762,-0.769296],[0.377905,0.715418,-0.587677]],[[0.925754,-0.283125,0.250639],[-0.184217,-0.91656,-0.354938],[0.330217,0.282413,-0.900666]]],"btipPosition":[-8.62349,280.821,-11.7812],"carpPosition":[-4.69712,313.107,29.8222],"dipPosition":[-3.40384,285.285,-26.0178],"direction":[-0.377905,-0.715418,0.587677],"extended":false,"handId":224,"id":2244,"length":46.32,"mcpPosition":[7.47663,325.892,-20.3362],"pipPosition":[3.3743,298.117,-36.5584],"stabilizedTipPosition":[-46.3871,242.047,98.3764],"timeVisible":0.713825,"tipPosition":[-7.17339,282.037,-15.2127],"tipVelocity":[-36.1339,11.6443,-57.3929],"tool":false,"touchDistance":0.333333,"touchZone":"none","type":4,"width":14.7252}],"r":[[0.890095,-0.0621787,0.451513],[0.150556,0.975153,-0.162509],[-0.43019,0.212627,0.877341]],"s":1.0386,"t":[71.1385,81.1841,-195.808],"timestamp":2820026832},false],[2,{"currentFrameRate":110.492,"devices":[],"gestures":[],"hands":[{"armBasis":[[0.956312,0.245744,-0.158357],[-0.144304,0.867878,0.475357],[0.254251,-0.431738,0.865424]],"armWidth":58.4334,"confidence":0.73392,"direction":[-0.045284,0.311641,-0.94912],"elbow":[44.5734,199.842,250.547],"grabStrength":0,"id":224,"palmNormal":[0.154553,-0.93647,-0.314861],"palmPosition":[-26.9082,317.337,-12.0195],"palmVelocity":[-23.3545,4.34237,-89.3064],"palmWidth":83.4409,"pinchStrength":0.524477,"r":[[0.889855,-0.0615573,0.452072],[0.149838,0.975326,-0.162134],[-0.430937,0.212013,0.877123]],"s":1.04325,"sphereCenter":[-29.8934,288.599,-41.3791],"sphereRadius":42.8699,"stabilizedPalmPosition":[-57.6452,278.105,101.243],"t":[70.908,81.1731,-196.514],"timeVisible":0.722832,"type":"right","wrist":[-18.3789,306.74,36.2684]}],"id":270115,"interactionBox":{"center":[0,200,0],"size":[235.247,235.247,147.751]},"pointables":[{"bases":[[[0.250071,0.96318,0.0987329],[-0.845734,0.16765,0.506584],[0.471379,-0.210184,0.856519]],[[0.162196,0.98521,-0.0552635],[-0.908721,0.170963,0.380786],[0.384602,-0.011543,0.92301]],[[0.162196,0.98521,-0.0552635],[-0.970563,0.149179,-0.189087],[-0.178046,0.0843059,0.980404]],[[0.162196,0.98521,-0.0552635],[-0.922413,0.131489,-0.363133],[-0.350496,0.109875,0.930097]]],"btipPosition":[-47.0241,287.814,-56.8897],"carpPosition":[-42.5077,292.279,35.9779],"dipPosition":[-54.5464,290.172,-36.928],"direction":[0.178046,-0.0843059,-0.980404],"extended":false,"handId":224,"id":2240,"length":47.7925,"mcpPosition":[-42.5077,292.279,35.9779],"pipPosition":[-60.1133,292.808,-6.27393],"stabilizedTipPosition":[-63.3193,260.32,14.7352],"timeVisible":0.722832,"tipPosition":[-47.7659,287.326,-52.0601],"tipVelocity":[-36.8093,29.365,-90.5621],"tool":false,"touchDistance":-0.442205,"touchZone":"hovering","type":0,"width":18.5699},{"bases":[[[0.965332,0.210988,-0.153683],[-0.184047,0.967673,0.17244],[0.185098,-0.138177,0.972957]],[[0.976483,0.200047,-0.0803836],[-0.172419,0.948461,0.265884],[0.12943,-0.245772,0.960648]],[[0.976483,0.200047,-0.0803836],[-0.188535,0.9732,0.13167],[0.104569,-0.113418,0.988029]],[[0.976483,0.200047,-0.0803836],[-0.199178,0.979784,0.0187661],[0.0825127,-0.00231414,0.996587]]],"btipPosition":[-59.6214,334.875,-108.65],"carpPosition":[-38.4237,313.32,32.3529],"dipPosition":[-58.3286,334.839,-93.0358],"direction":[-0.104569,0.113418,-0.988029],"extended":true,"handId":224,"id":2241,"length":53.9285,"mcpPosition":[-50.9115,322.642,-33.2885],"pipPosition":[-56.0108,332.325,-71.136],"stabilizedTipPosition":[-82.1656,303.371,-22.7929],"timeVisible":0.722832,"tipPosition":[-58.4401,333.805,-105.219],"tipVelocity":[-43.9481,29.1718,-83.8387],"tool":false,"touchDistance":-0.432285,"touchZone":"hovering","type":1,"width":17.738},{"bases":[[[0.998601,0.0223033,-0.0479498],[-0.0140881,0.986144,0.165295],[0.050972,-0.164388,0.985078]],[[0.999155,0.0202688,-0.0357651],[-0.0411034,0.507183,-0.860858],[0.000690877,0.8616,0.507588]],[[0.999155,0.0202688,-0.0357651],[-0.0156461,-0.617031,-0.786783],[-0.0380154,0.786678,-0.616193]],[[0.999155,0.0202688,-0.0357651],[0.00787098,-0.948228,-0.317493],[-0.0403487,0.316943,-0.947586]]],"btipPosition":[-29.6331,263.719,-22.683],"carpPosition":[-28.0281,317.262,30.3798],"dipPosition":[-30.3284,269.181,-39.0126],"direction":[0.0380154,-0.786678,0.616193],"extended":false,"handId":224,"id":2242,"length":61.4471,"mcpPosition":[-31.2892,327.779,-32.6451],"pipPosition":[-31.3198,289.695,-55.0812],"stabilizedTipPosition":[-69.07,232.022,89.7694],"timeVisible":0.722832,"tipPosition":[-29.755,265.278,-26.2647],"tipVelocity":[-15.7048,2.09147,-56.3329],"tool":false,"touchDistance":0.333333,"touchZone":"none","type":2,"width":17.4211},{"bases":[[[0.993419,-0.0765344,0.085212],[0.0589254,0.979474,0.192764],[-0.098216,-0.186474,0.977538]],[[0.993636,-0.0761168,0.0830234],[0.108047,0.43589,-0.893491],[0.0318206,0.896776,0.44134]],[[0.993636,-0.0761168,0.0830234],[0.0102256,-0.673096,-0.739484],[0.11217,0.735627,-0.668035]],[[0.993636,-0.0761168,0.0830234],[-0.049847,-0.958156,-0.281872],[0.101005,0.27594,-0.955853]]],"btipPosition":[-17.1253,269.002,-11.65],"carpPosition":[-16.8832,318.45,29.2376],"dipPosition":[-15.3947,273.73,-28.0274],"direction":[-0.11217,-0.735627,0.668035],"extended":false,"handId":224,"id":2243,"length":59.0831,"mcpPosition":[-11.2414,329.161,-26.9151],"pipPosition":[-12.5451,292.418,-44.998],"stabilizedTipPosition":[-58.4233,230.008,107.098],"timeVisible":0.722832,"tipPosition":[-16.6312,270.238,-16.0971],"tipVelocity":[-23.7271,11.4995,-21.2913],"tool":false,"touchDistance":0.333333,"touchZone":"none","type":3,"width":16.5772},{"bases":[[[0.951891,-0.258381,0.164749],[0.203811,0.935298,0.289272],[-0.228832,-0.241778,0.942963]],[[0.925814,-0.280203,0.253681],[0.35682,0.426507,-0.831126],[0.124688,0.859987,0.494848]],[[0.925814,-0.280203,0.253681],[0.015031,-0.643327,-0.765444],[0.37768,0.712472,-0.59139]],[[0.925814,-0.280203,0.253681],[-0.181478,-0.918256,-0.351953],[0.331562,0.279805,-0.900986]]],"btipPosition":[-8.86137,280.885,-12.1599],"carpPosition":[-4.97129,313.116,29.1785],"dipPosition":[-3.62046,285.308,-26.4015],"direction":[-0.37768,-0.712472,0.59139],"extended":false,"handId":224,"id":2244,"length":46.32,"mcpPosition":[7.19671,325.973,-20.963],"pipPosition":[3.15363,298.087,-37.0087],"stabilizedTipPosition":[-46.3675,242.067,98.3187],"timeVisible":0.722832,"tipPosition":[-7.38496,282.069,-15.6814],"tipVelocity":[-33.3131,10.114,-53.2098],"tool":false,"touchDistance":0.333333,"touchZone":"none","type":4,"width":14.7252}],"r":[[0.889855,-0.0615573,0.452072],[0.149838,0.975326,-0.162134],[-0.430937,0.212013,0.877123]],"s":1.04325,"t":[70.908,81.1731,-196.514],"timestamp":2820035839},false],[3,{"currentFrameRate":110.476,"devices":[],"gestures":[],"hands":[{"armBasis":[[0.955869,0.249469,-0.155178],[-0.149067,0.866971,0.475543],[0.253168,-0.431424,0.865898]],"armWidth":58.4334,"confidence":0.743593,"direction":[-0.0466398,0.316255,-0.947527],"elbow":[44.0062,199.784,249.792],"grabStrength":0,"id":224,"palmNormal":[0.159274,-0.934069,-0.319604],"palmPosition":[-27.25,317.405,-12.8382],"palmVelocity":[-27.3087,5.21511,-89.5449],"palmWidth":83.4409,"pinchStrength":0.504079,"r":[[0.889702,-0.0606372,0.452496],[0.148301,0.975777,-0.160831],[-0.431783,0.210197,0.877144]],"s":1.04809,"sphereCenter":[-30.6887,288.954,-42.2633],"sphereRadius":42.9221,"stabilizedPalmPosition":[-57.6439,278.106,101.238],"t":[70.6219,81.2016,-197.276],"timeVisible":0.731912,"type":"right","wrist":[-18.678,306.604,35.3969]}],"id":270116,"interactionBox":{"center":[0,200,0],"size":[235.247,235.247,147.751]},"pointables":[{"bases":[[[0.245257,0.963895,0.103708],[-0.846661,0.160852,0.50724],[0.472244,-0.212209,0.855542]],[[0.158062,0.986217,-0.0489135],[-0.908848,0.16467,0.383247],[0.38602,-0.0161217,0.92235]],[[0.158062,0.986217,-0.0489135],[-0.97118,0.14632,-0.188151],[-0.178401,0.0772432,0.980921]],[[0.158062,0.986217,-0.0489135],[-0.921976,0.129668,-0.364893],[-0.353521,0.102773,0.929764]]],"btipPosition":[-47.2398,288.142,-57.8193],"carpPosition":[-42.7345,292.025,35.027],"dipPosition":[-54.827,290.348,-37.8649],"direction":[0.178401,-0.0772432,-0.980921],"extended":false,"handId":224,"id":2240,"length":47.7925,"mcpPosition":[-42.7345,292.025,35.027],"pipPosition":[-60.405,292.763,-7.19459],"stabilizedTipPosition":[-63.2842,260.39,14.569],"timeVisible":0.731912,"tipPosition":[-48.0315,287.636,-53.0236],"tipVelocity":[-33.6527,30.1914,-93.8839],"tool":false,"touchDistance":-0.440288,"touchZone":"hovering","type":0,"width":18.5699},{"bases":[[[0.964302,0.216569,-0.152382],[-0.188894,0.965852,0.177337],[0.185584,-0.142222,0.972282]],[[0.975207,0.205704,-0.0815925],[-0.176415,0.945252,0.274547],[0.133601,-0.253346,0.958106]],[[0.975207,0.205704,-0.0815925],[-0.193054,0.971047,0.140709],[0.108174,-0.121468,0.986683]],[[0.975207,0.205704,-0.0815925],[-0.204081,0.978558,0.027841],[0.08557,-0.0104993,0.996277]]],"btipPosition":[-60.2771,335.537,-109.312],"carpPosition":[-38.7545,313.104,31.5104],"dipPosition":[-58.9364,335.373,-93.7027],"direction":[-0.108174,0.121468,-0.986683],"extended":true,"handId":224,"id":2241,"length":53.9285,"mcpPosition":[-51.2751,322.699,-34.0854],"pipPosition":[-56.5387,332.68,-71.8328],"stabilizedTipPosition":[-82.1162,303.443,-22.9776],"timeVisible":0.731912,"tipPosition":[-59.0708,334.442,-105.896],"tipVelocity":[-51.4323,40.3807,-80.8497],"tool":false,"touchDistance":-0.427338,"touchZone":"hovering","type":1,"width":17.738},{"bases":[[[0.998487,0.0275139,-0.0476059],[-0.0190271,0.985204,0.170325],[0.0515878,-0.169162,0.984237]],[[0.999072,0.0253171,-0.0348335],[-0.042808,0.496193,-0.867156],[-0.00466974,0.867843,0.496816]],[[0.999072,0.0253171,-0.0348335],[-0.0113307,-0.625857,-0.779855],[-0.0415445,0.779527,-0.62499]],[[0.999072,0.0253171,-0.0348335],[0.013166,-0.949769,-0.312675],[-0.0409998,0.311926,-0.949221]]],"btipPosition":[-29.6824,263.867,-22.7154],"carpPosition":[-28.3782,317.108,29.5598],"dipPosition":[-30.389,269.243,-39.0733],"direction":[0.0415445,-0.779527,0.62499],"extended":false,"handId":224,"id":2242,"length":61.4471,"mcpPosition":[-31.6787,327.931,-33.4113],"pipPosition":[-31.4723,289.571,-55.3712],"stabilizedTipPosition":[-69.0681,232.024,89.7636],"timeVisible":0.731912,"tipPosition":[-29.8248,265.381,-26.6812],"tipVelocity":[-12.9414,5.4265,-41.9344],"tool":false,"touchDistance":0.333333,"touchZone":"none","type":2,"width":17.4211},{"bases":[[[0.99377,-0.0720272,0.0850481],[0.0540131,0.978758,0.197777],[-0.0974869,-0.191951,0.976551]],[[0.993986,-0.0715972,0.0828615],[0.1057,0.429444,-0.896887],[0.0286302,0.900251,0.434429]],[[0.993986,-0.0715972,0.0828615],[0.0124573,-0.677826,-0.735117],[0.108798,0.731728,-0.672858]],[[0.993986,-0.0715972,0.0828615],[-0.0457331,-0.958921,-0.279961],[0.0995021,0.274488,-0.956429]]],"btipPosition":[-17.281,269.206,-11.989],"carpPosition":[-17.2391,318.357,28.4263],"dipPosition":[-15.5761,273.909,-28.3763],"direction":[-0.108798,-0.731728,0.672858],"extended":false,"handId":224,"id":2243,"length":59.0831,"mcpPosition":[-11.6392,329.383,-27.6696],"pipPosition":[-12.8122,292.497,-45.4694],"stabilizedTipPosition":[-58.3536,230.075,106.892],"timeVisible":0.731912,"tipPosition":[-16.7854,270.412,-16.6003],"tipVelocity":[-22.087,14.3383,-25.7994],"tool":false,"touchDistance":0.333333,"touchZone":"none","type":3,"width":16.5772},{"bases":[[[0.953131,-0.254482,0.163646],[0.199097,0.934811,0.294091],[-0.227819,-0.247726,0.941664]],[[0.926515,-0.277327,0.254284],[0.356202,0.428796,-0.830214],[0.121205,0.859781,0.49607]],[[0.926515,-0.277327,0.254284],[0.0182293,-0.641942,-0.766537],[0.375817,0.714843,-0.589713]],[[0.926515,-0.277327,0.254284],[-0.177315,-0.917894,-0.355006],[0.331858,0.28383,-0.899617]]],"btipPosition":[-9.10312,281.069,-13.0179],"carpPosition":[-5.30082,313.083,28.3427],"dipPosition":[-3.85752,285.555,-27.2379],"direction":[-0.375817,-0.714843,0.589713],"extended":false,"handId":224,"id":2244,"length":46.32,"mcpPosition":[6.81331,326.256,-21.7297],"pipPosition":[2.88316,298.377,-37.815],"stabilizedTipPosition":[-46.3461,242.089,98.255],"timeVisible":0.731912,"tipPosition":[-7.61502,282.255,-16.5719],"tipVelocity":[-31.4298,13.3581,-64.4795],"tool":false,"touchDistance":0.333333,"touchZone":"none","type":4,"width":14.7252}],"r":[[0.889702,-0.0606372,0.452496],[0.148301,0.975777,-0.160831],[-0.431783,0.210197,0.877144]],"s":1.04809,"t":[70.6219,81.2016,-197.276],"timestamp":2820044919},false],[4,{"currentFrameRate":110.468,"devices":[],"gestures":[],"hands":[{"armBasis":[[0.95589,0.250514,-0.153356],[-0.150885,0.866745,0.475381],[0.25201,-0.431273,0.866311]],"armWidth":58.4334,"confidence":0.747645,"direction":[-0.047642,0.318745,-0.946642],"elbow":[43.4347,199.785,249.228],"grabStrength":0,"id":224,"palmNormal":[0.16107,-0.932864,-0.322212],"palmPosition":[-27.5749,317.483,-13.4724],"palmVelocity":[-29.6642,6.15642,-84.132],"palmWidth":83.4409,"pinchStrength":0.481901,"r":[[0.889637,-0.0597839,0.452737],[0.146657,0.976282,-0.159266],[-0.432478,0.208086,0.877304]],"s":1.05266,"sphereCenter":[-31.2698,289.12,-42.954],"sphereRadius":42.9967,"stabilizedPalmPosition":[-57.6424,278.108,101.232],"t":[70.3164,81.2549,-197.974],"timeVisible":0.740978,"type":"right","wrist":[-18.9628,306.568,34.7298]}],"id":270117,"interactionBox":{"center":[0,200,0],"size":[235.247,235.247,147.751]},"pointables":[{"bases":[[[0.243319,0.964109,0.10625],[-0.846799,0.157729,0.507988],[0.472998,-0.213576,0.854786]],[[0.158488,0.986463,-0.0421015],[-0.905968,0.162244,0.391023],[0.39256,-0.0238296,0.919418]],[[0.158488,0.986463,-0.0421015],[-0.971684,0.148261,-0.183979],[-0.175246,0.0700677,0.982028]],[[0.158488,0.986463,-0.0421015],[-0.920908,0.132308,-0.366637],[-0.356104,0.096879,0.929411]]],"btipPosition":[-47.8373,288.762,-58.4102],"carpPosition":[-42.9895,291.941,34.329],"dipPosition":[-55.4799,290.841,-38.4633],"direction":[0.175246,-0.0700677,-0.982028],"extended":false,"handId":224,"id":2240,"length":47.7925,"mcpPosition":[-42.9895,291.941,34.329],"pipPosition":[-60.9593,293.032,-7.75838],"stabilizedTipPosition":[-63.2473,260.467,14.3845],"timeVisible":0.740978,"tipPosition":[-48.6191,288.2,-53.6741],"tipVelocity":[-42.9529,39.8432,-86.0036],"tool":false,"touchDistance":-0.433481,"touchZone":"hovering","type":0,"width":18.5699},{"bases":[[[0.963799,0.218962,-0.152144],[-0.190807,0.964975,0.180044],[0.186238,-0.144496,0.971821]],[[0.97454,0.208217,-0.0831718],[-0.177828,0.943713,0.278894],[0.136561,-0.257003,0.956713]],[[0.97454,0.208217,-0.0831718],[-0.194909,0.970079,0.144765],[0.110826,-0.124869,0.985964]],[[0.97454,0.208217,-0.0831718],[-0.206263,0.977989,0.0315193],[0.087904,-0.0135615,0.996037]]],"btipPosition":[-60.8327,335.892,-109.849],"carpPosition":[-39.054,313.037,30.8685],"dipPosition":[-59.4554,335.679,-94.2427],"direction":[-0.110826,0.124869,-0.985964],"extended":true,"handId":224,"id":2241,"length":53.9285,"mcpPosition":[-51.6187,322.786,-34.6962],"pipPosition":[-56.9989,332.911,-72.3887],"stabilizedTipPosition":[-82.0519,303.539,-23.2254],"timeVisible":0.740978,"tipPosition":[-59.6166,334.826,-106.437],"tipVelocity":[-53.8969,39.6861,-74.8808],"tool":false,"touchDistance":-0.420994,"touchZone":"hovering","type":1,"width":17.738},{"bases":[[[0.998411,0.029692,-0.0478979],[-0.0209835,0.984694,0.173023],[0.0523021,-0.171743,0.983752]],[[0.999022,0.0273877,-0.0347096],[-0.0436635,0.487684,-0.871928],[-0.0069528,0.872591,0.488403]],[[0.999022,0.0273877,-0.0347096],[-0.00955861,-0.632691,-0.774345],[-0.043168,0.77392,-0.63181]],[[0.999022,0.0273877,-0.0347096],[0.0153581,-0.951119,-0.308443],[-0.0414605,0.307608,-0.950609]]],"btipPosition":[-29.8854,264.003,-22.7455],"carpPosition":[-28.6866,317.068,28.9251],"dipPosition":[-30.5998,269.304,-39.1273],"direction":[0.043168,-0.77392,0.63181],"extended":false,"handId":224,"id":2242,"length":61.4471,"mcpPosition":[-32.0329,328.056,-34.015],"pipPosition":[-31.7255,289.486,-55.6031],"stabilizedTipPosition":[-69.0646,232.027,89.7534],"timeVisible":0.740978,"tipPosition":[-30.04,265.472,-26.9431],"tipVelocity":[-15.606,7.54981,-31.4326],"tool":false,"touchDistance":0.333333,"touchZone":"none","type":2,"width":17.4211},{"bases":[[[0.993947,-0.0702204,0.0844855],[0.05208,0.978323,0.20043],[-0.0967284,-0.194817,0.976058]],[[0.99416,-0.0697869,0.0823142],[0.104394,0.428637,-0.897425],[0.0273456,0.900777,0.433419]],[[0.99416,-0.0697869,0.0823142],[0.01328,-0.67785,-0.73508],[0.107096,0.73188,-0.672965]],[[0.99416,-0.0697869,0.0823142],[-0.043983,-0.958562,-0.281469],[0.0985461,0.276205,-0.956033]]],"btipPosition":[-17.5237,269.302,-12.5589],"carpPosition":[-17.5505,318.343,27.7909],"dipPosition":[-15.8352,274.034,-28.9394],"direction":[-0.107096,-0.73188,0.672965],"extended":false,"handId":224,"id":2243,"length":59.0831,"mcpPosition":[-11.9942,329.534,-28.2768],"pipPosition":[-13.1146,292.626,-46.0352],"stabilizedTipPosition":[-58.2761,230.151,106.66],"timeVisible":0.740978,"tipPosition":[-17.0337,270.511,-17.1788],"tipVelocity":[-23.4971,13.5016,-35.9901],"tool":false,"touchDistance":0.333333,"touchZone":"none","type":3,"width":16.5772},{"bases":[[[0.953712,-0.252972,0.1626],[0.197289,0.93441,0.296571],[-0.226959,-0.250764,0.941067]],[[0.926693,-0.27646,0.254578],[0.356037,0.428929,-0.830215],[0.120325,0.859994,0.495916]],[[0.926693,-0.27646,0.254578],[0.0191299,-0.641818,-0.766619],[0.375332,0.71529,-0.589479]],[[0.926693,-0.27646,0.254578],[-0.175937,-0.917712,-0.356161],[0.332094,0.285262,-0.899077]]],"btipPosition":[-9.41602,281.204,-13.6481],"carpPosition":[-5.6015,313.094,27.6885],"dipPosition":[-4.16671,285.713,-27.8596],"direction":[-0.375332,-0.71529,0.589479],"extended":false,"handId":224,"id":2244,"length":46.32,"mcpPosition":[6.4669,326.428,-22.3522],"pipPosition":[2.56528,298.542,-38.4325],"stabilizedTipPosition":[-46.3233,242.113,98.1863],"timeVisible":0.740978,"tipPosition":[-7.92032,282.385,-17.2267],"tipVelocity":[-32.2558,13.932,-65.8114],"tool":false,"touchDistance":0.333333,"touchZone":"none","type":4,"width":14.7252}],"r":[[0.889637,-0.0597839,0.452737],[0.146657,0.976282,-0.159266],[-0.432478,0.208086,0.877304]],"s":1.05266,"t":[70.3164,81.2549,-197.974],"timestamp":2820053985},false],[5,{"currentFrameRate":110.489,"devices":[],"gestures":[],"hands":[{"armBasis":[[0.956647,0.248932,-0.151193],[-0.150522,0.866989,0.475051],[0.249338,-0.431699,0.866872]],"armWidth":58.4334,"confidence":0.753733,"direction":[-0.0487975,0.323103,-0.945105],"elbow":[42.5746,199.658,248.686],"grabStrength":0,"id":224,"palmNormal":[0.16051,-0.931397,-0.326704],"palmPosition":[-27.833,317.685,-14.0913],"palmVelocity":[-29.3815,10.6009,-79.8825],"palmWidth":83.4409,"pinchStrength":0.461213,"r":[[0.889698,-0.0595451,0.452649],[0.145331,0.976822,-0.157153],[-0.4328,0.205603,0.877731]],"s":1.05705,"sphereCenter":[-31.8723,289.458,-43.6833],"sphereRadius":43.0808,"stabilizedPalmPosition":[-57.6406,278.111,101.225],"t":[70.0346,81.3822,-198.633],"timeVisible":0.749991,"type":"right","wrist":[-19.1612,306.546,34.0491]}],"id":270118,"interactionBox":{"center":[0,200,0],"size":[235.247,235.247,147.751]},"pointables":[{"bases":[[[0.243608,0.963573,0.110373],[-0.846126,0.155522,0.509788],[0.474052,-0.217577,0.853191]],[[0.161282,0.986349,-0.0332166],[-0.901989,0.16098,0.400626],[0.400505,-0.0346529,0.915639]],[[0.161282,0.986349,-0.0332166],[-0.972036,0.152941,-0.178199],[-0.170686,0.061028,0.983434]],[[0.161282,0.986349,-0.0332166],[-0.9197,0.138006,-0.367569],[-0.357967,0.0898316,0.929403]]],"btipPosition":[-48.5048,289.675,-58.9983],"carpPosition":[-43.1907,291.925,33.6117],"dipPosition":[-56.1874,291.603,-39.0516],"direction":[0.170686,-0.061028,-0.983434],"extended":false,"handId":224,"id":2240,"length":47.7925,"mcpPosition":[-43.1907,291.925,33.6117],"pipPosition":[-61.5242,293.511,-8.30274],"stabilizedTipPosition":[-63.2006,260.574,14.1372],"timeVisible":0.749991,"tipPosition":[-49.2776,289.053,-54.3238],"tipVelocity":[-51.7851,55.6872,-80.3003],"tool":false,"touchDistance":-0.427289,"touchZone":"hovering","type":0,"width":18.5699},{"bases":[[[0.963639,0.219511,-0.152364],[-0.190424,0.964166,0.184723],[0.187453,-0.148993,0.970908]],[[0.974242,0.208754,-0.0852853],[-0.176905,0.942053,0.285026],[0.139844,-0.262597,0.954718]],[[0.974242,0.208754,-0.0852853],[-0.194536,0.969307,0.150331],[0.11405,-0.129868,0.98495]],[[0.974242,0.208754,-0.0852853],[-0.206326,0.977804,0.0364504],[0.0910014,-0.017915,0.99569]]],"btipPosition":[-61.3663,336.593,-110.306],"carpPosition":[-39.2563,313.036,30.2432],"dipPosition":[-59.9404,336.313,-94.7053],"direction":[-0.11405,0.129868,-0.98495],"extended":true,"handId":224,"id":2241,"length":53.9285,"mcpPosition":[-51.903,323.088,-35.2598],"pipPosition":[-57.4125,333.434,-72.8738],"stabilizedTipPosition":[-81.9637,303.678,-23.5758],"timeVisible":0.749991,"tipPosition":[-60.1362,335.552,-106.902],"tipVelocity":[-55.0153,49.7057,-68.277],"tool":false,"touchDistance":-0.414104,"touchZone":"hovering","type":1,"width":17.738},{"bases":[[[0.998354,0.0297587,-0.0490338],[-0.020606,0.983891,0.177576],[0.0535284,-0.176273,0.982885]],[[0.998995,0.0273328,-0.0355184],[-0.0443046,0.482675,-0.874678],[-0.00676353,0.875373,0.483401]],[[0.998995,0.0273328,-0.0355184],[-0.0100159,-0.636307,-0.771371],[-0.0436843,0.770952,-0.635394]],[[0.998995,0.0273328,-0.0355184],[0.0150963,-0.951412,-0.307549],[-0.0421989,0.306704,-0.950869]]],"btipPosition":[-30.1501,264.27,-22.9909],"carpPosition":[-28.8907,317.074,28.3052],"dipPosition":[-30.8773,269.555,-39.3772],"direction":[0.0436843,-0.770952,0.635394],"extended":false,"handId":224,"id":2242,"length":61.4471,"mcpPosition":[-32.3155,328.352,-34.5794],"pipPosition":[-32.0165,289.659,-55.9464],"stabilizedTipPosition":[-69.0568,232.034,89.7298],"timeVisible":0.749991,"tipPosition":[-30.3155,265.715,-27.3504],"tipVelocity":[-19.4808,13.4861,-30.3089],"tool":false,"touchDistance":0.333333,"touchZone":"none","type":2,"width":17.4211},{"bases":[[[0.994043,-0.0707609,0.0828942],[0.0524914,0.977383,0.204861],[-0.0955155,-0.199289,0.975275]],[[0.994292,-0.0702338,0.0803157],[0.102757,0.427806,-0.89801],[0.0287112,0.901138,0.432581]],[[0.994292,-0.0702338,0.0803157],[0.0114245,-0.67836,-0.73464],[0.10608,0.731365,-0.673686]],[[0.994292,-0.0702338,0.0803157],[-0.0448726,-0.958236,-0.282437],[0.096798,0.277221,-0.955918]]],"btipPosition":[-17.7989,269.549,-13.0914],"carpPosition":[-17.7559,318.353,27.1626],"dipPosition":[-16.1404,274.299,-29.47],"direction":[-0.10608,-0.731365,0.673686],"extended":false,"handId":224,"id":2243,"length":59.0831,"mcpPosition":[-12.2692,329.8,-28.8601],"pipPosition":[-13.4456,292.878,-46.5841],"stabilizedTipPosition":[-58.1938,230.233,106.411],"timeVisible":0.749991,"tipPosition":[-17.3196,270.746,-17.7571],"tipVelocity":[-25.6429,17.467,-42.3262],"tool":false,"touchDistance":0.333333,"touchZone":"none","type":3,"width":16.5772},{"bases":[[[0.953878,-0.253864,0.160218],[0.197816,0.933006,0.300613],[-0.2258,-0.255054,0.940192]],[[0.926601,-0.278037,0.253193],[0.355861,0.430689,-0.829379],[0.12155,0.858605,0.498019]],[[0.926601,-0.278037,0.253193],[0.0181204,-0.639508,-0.768571],[0.37561,0.716746,-0.587531]],[[0.926601,-0.278037,0.253193],[-0.176665,-0.91623,-0.359599],[0.331965,0.288474,-0.898099]]],"btipPosition":[-9.7267,281.409,-14.3879],"carpPosition":[-5.80786,313.102,27.0208],"dipPosition":[-4.47941,285.968,-28.5839],"direction":[-0.37561,-0.716746,0.587531],"extended":false,"handId":224,"id":2244,"length":46.32,"mcpPosition":[6.19889,326.665,-22.9733],"pipPosition":[2.25756,298.824,-39.1219],"stabilizedTipPosition":[-46.2998,242.138,98.1142],"timeVisible":0.749991,"tipPosition":[-8.22768,282.597,-17.9762],"tipVelocity":[-32.8787,16.7068,-70.1744],"tool":false,"touchDistance":0.333333,"touchZone":"none","type":4,"width":14.7252}],"r":[[0.889698,-0.0595451,0.452649],[0.145331,0.976822,-0.157153],[-0.4328,0.205603,0.877731]],"s":1.05705,"t":[70.0346,81.3822,-198.633],"timestamp":2820062998},false],[6,{"currentFrameRate":110.498,"devices":[],"gestures":[],"hands":[{"armBasis":[[0.953306,0.255567,-0.160911],[-0.152531,0.867302,0.473836],[0.260655,-0.427167,0.865787]],"armWidth":58.4334,"confidence":0.758658,"direction":[-0.0492057,0.328132,-0.943349],"elbow":[45.0176,200.794,247.057],"grabStrength":0,"id":224,"palmNormal":[0.16211,-0.929346,-0.331717],"palmPosition":[-28.2041,317.944,-15.3916],"palmVelocity":[-32.6036,15.5999,-97.5245],"palmWidth":83.4409,"pinchStrength":0.44906,"r":[[0.889754,-0.0595469,0.45254],[0.143947,0.977466,-0.1544],[-0.433148,0.20252,0.878276]],"s":1.06106,"sphereCenter":[-32.6099,289.922,-45.1249],"sphereRadius":43.1491,"stabilizedPalmPosition":[-57.6386,278.113,101.217],"t":[69.7081,81.5757,-199.613],"timeVisible":0.759025,"type":"right","wrist":[-19.5204,306.56,32.6892]}],"id":270119,"interactionBox":{"center":[0,200,0],"size":[235.247,235.247,147.751]},"pointables":[{"bases":[[[0.241984,0.963367,0.115622],[-0.846455,0.151348,0.510497],[0.474297,-0.221401,0.852071]],[[0.161853,0.98652,-0.024107],[-0.899642,0.15755,0.407213],[0.405522,-0.044221,0.913015]],[[0.161853,0.98652,-0.024107],[-0.972248,0.155234,-0.17503],[-0.168928,0.0517671,0.984268]],[[0.161853,0.98652,-0.024107],[-0.917713,0.141494,-0.371191],[-0.362777,0.0822018,0.928243]]],"btipPosition":[-49.0209,290.543,-60.322],"carpPosition":[-43.5254,291.901,32.169],"dipPosition":[-56.8068,292.307,-40.4002],"direction":[0.168928,-0.0517671,-0.984268],"extended":false,"handId":224,"id":2240,"length":47.7925,"mcpPosition":[-43.5254,291.901,32.169],"pipPosition":[-62.0886,293.926,-9.62525],"stabilizedTipPosition":[-63.1469,260.706,13.8344],"timeVisible":0.759025,"tipPosition":[-49.8375,289.872,-55.7054],"tipVelocity":[-53.9813,65.6537,-98.7173],"tool":false,"touchDistance":-0.432835,"touchZone":"hovering","type":0,"width":18.5699},{"bases":[[[0.963292,0.22194,-0.151032],[-0.192058,0.962833,0.189911],[0.187567,-0.153933,0.970115]],[[0.973614,0.211238,-0.0863377],[-0.177906,0.939554,0.292553],[0.142917,-0.269474,0.952344]],[[0.973614,0.211238,-0.0863377],[-0.196014,0.967855,0.157593],[0.116852,-0.136511,0.983723]],[[0.973614,0.211238,-0.0863377],[-0.208165,0.977136,0.0432742],[0.0935048,-0.0241599,0.995326]]],"btipPosition":[-61.9658,337.443,-111.454],"carpPosition":[-39.6258,313.037,28.9155],"dipPosition":[-60.5008,337.065,-95.8588],"direction":[-0.116852,0.136511,-0.983723],"extended":true,"handId":224,"id":2241,"length":53.9285,"mcpPosition":[-52.2801,323.422,-36.5341],"pipPosition":[-57.9108,334.039,-74.0545],"stabilizedTipPosition":[-81.8555,303.857,-24.0247],"timeVisible":0.759025,"tipPosition":[-60.7145,336.406,-108.06],"tipVelocity":[-57.868,61.2473,-84.5072],"tool":false,"touchDistance":-0.418263,"touchZone":"hovering","type":1,"width":17.738},{"bases":[[[0.998309,0.031689,-0.0487246],[-0.0222727,0.98288,0.182896],[0.0536862,-0.181501,0.981924]],[[0.998958,0.0291671,-0.0350926],[-0.0448202,0.482823,-0.87457],[-0.00856513,0.875232,0.483628]],[[0.998958,0.0291671,-0.0350926],[-0.00857112,-0.635423,-0.772117],[-0.0448191,0.771614,-0.634511]],[[0.998958,0.0291671,-0.0350926],[0.0168382,-0.950394,-0.310594],[-0.0424109,0.309679,-0.949895]]],"btipPosition":[-30.4233,264.57,-24.2836],"carpPosition":[-29.2667,317.103,27.0008],"dipPosition":[-31.1542,269.907,-40.6531],"direction":[0.0448191,-0.771614,0.634511],"extended":false,"handId":224,"id":2242,"length":61.4471,"mcpPosition":[-32.7015,328.715,-35.8223],"pipPosition":[-32.3229,290.028,-57.1993],"stabilizedTipPosition":[-69.0479,232.042,89.7026],"timeVisible":0.759025,"tipPosition":[-30.5932,266.018,-28.6944],"tipVelocity":[-22.47,19.2985,-61.2583],"tool":false,"touchDistance":0.333333,"touchZone":"none","type":2,"width":17.4211},{"bases":[[[0.994148,-0.0695502,0.0826568],[0.0508317,0.976346,0.210156],[-0.095318,-0.204724,0.974168]],[[0.994417,-0.0689648,0.079872],[0.101942,0.432237,-0.895979],[0.0272673,0.899119,0.436855]],[[0.994417,-0.0689648,0.079872],[0.0124984,-0.674597,-0.738081],[0.104783,0.734958,-0.669968]],[[0.994417,-0.0689648,0.079872],[-0.0432492,-0.95676,-0.287647],[0.0962558,0.282586,-0.9544]]],"btipPosition":[-18.0868,269.814,-14.6191],"carpPosition":[-18.1339,318.406,25.8669],"dipPosition":[-16.4376,274.656,-30.9717],"direction":[-0.104783,-0.734958,0.669968],"extended":false,"handId":224,"id":2243,"length":59.0831,"mcpPosition":[-12.6585,330.166,-30.0922],"pipPosition":[-13.7757,293.327,-47.9913],"stabilizedTipPosition":[-58.1241,230.303,106.196],"timeVisible":0.759025,"tipPosition":[-17.6135,271.036,-19.2627],"tipVelocity":[-27.4233,21.3785,-77.0663],"tool":false,"touchDistance":0.333333,"touchZone":"none","type":3,"width":16.5772},{"bases":[[[0.954278,-0.253135,0.158983],[0.196217,0.931694,0.305688],[-0.225504,-0.260516,0.938765]],[[0.926099,-0.278533,0.25448],[0.356155,0.42288,-0.833262],[0.124477,0.862318,0.49083]],[[0.926099,-0.278533,0.25448],[0.0161023,-0.644716,-0.764253],[0.376937,0.711871,-0.592585]],[[0.926099,-0.278533,0.25448],[-0.17739,-0.916768,-0.357866],[0.332977,0.286277,-0.898427]]],"btipPosition":[-10.2463,281.775,-15.3054],"carpPosition":[-6.17705,313.176,25.6984],"dipPosition":[-4.98303,286.3,-29.5066],"direction":[-0.376937,-0.711871,0.592585],"extended":false,"handId":224,"id":2244,"length":46.32,"mcpPosition":[5.81398,327.029,-24.2198],"pipPosition":[1.77775,299.068,-40.1352],"stabilizedTipPosition":[-46.2