{"sensorType":"Leap","data":[[0,{"currentFrameRate":102.465,"devices":[],"gestures":[],"hands":[{"armBasis":[[0.960967,0.0862342,-0.262879],[0.0233255,0.921545,0.387569],[0.275677,-0.378573,0.883564]],"armWidth":58.4334,"confidence":0.651216,"direction":[0.0125587,0.284018,-0.958737],"elbow":[40.4096,214.621,257.754],"grabStrength":0,"id":222,"palmNormal":[-0.0248509,-0.958428,-0.284252],"palmPosition":[-34.3118,318.814,-9.65325],"palmVelocity":[-0.696769,-12.541,-116.839],"palmWidth":83.4409,"pinchStrength":1,"r":[[0.816799,0.190223,0.544661],[-0.203145,0.978446,-0.0370769],[-0.539974,-0.0803606,0.837836]],"s":0.875171,"sphereCenter":[-33.4648,285.292,-38.2568],"sphereRadius":42.0519,"stabilizedPalmPosition":[-55.294,294.692,64.7577],"t":[105.132,111.896,-218.037],"timeVisible":0.705095,"type":"right","wrist":[-27.8477,308.355,38.9841]}],"id":269280,"interactionBox":{"center":[0,200,0],"size":[235.247,235.247,147.751]},"pointables":[{"bases":[[[0.426919,0.901641,0.0691652],[-0.798269,0.339828,0.497276],[0.42486,-0.267509,0.864831]],[[0.294151,0.940433,-0.170476],[-0.899339,0.332724,0.283696],[0.323519,0.0698662,0.943639]],[[0.294151,0.940433,-0.170476],[-0.919715,0.229997,-0.318159],[-0.259998,0.250376,0.932584]],[[0.294151,0.940433,-0.170476],[-0.81533,0.153836,-0.558186],[-0.498711,0.303185,0.812014]]],"btipPosition":[-50.2428,281.154,-50.7351],"carpPosition":[-54.2659,298.688,39.0473],"dipPosition":[-60.9461,287.661,-33.3077],"direction":[0.259998,-0.250376,-0.932584],"extended":false,"handId":222,"id":2220,"length":47.7925,"mcpPosition":[-54.2659,298.688,39.0473],"pipPosition":[-69.0754,295.49,-4.14882],"stabilizedTipPosition":[-68.7497,272.513,3.76701],"timeVisible":0.705095,"tipPosition":[-52.5746,282.285,-46.6933],"tipVelocity":[8.6566,26.8429,-132.783],"tool":false,"touchDistance":-0.485624,"touchZone":"hovering","type":0,"width":18.5699},{"bases":[[[0.98753,0.0206808,-0.156066],[0.00151547,0.990039,0.140782],[0.157423,-0.139263,0.977662]],[[0.999154,0.00428827,-0.0409123],[-0.0014542,0.997612,0.0690516],[0.0411108,-0.0689336,0.996774]],[[0.999154,0.00428827,-0.0409123],[-0.00585942,0.999247,-0.0383605],[0.040717,0.0385678,0.998426]],[[0.999154,0.00428827,-0.0409123],[-0.00926189,0.992467,-0.122166],[0.0400803,0.122441,0.991666]]],"btipPosition":[-60.0746,327.796,-108.124],"carpPosition":[-46.3038,318.458,34.7733],"dipPosition":[-59.4466,329.714,-92.5865],"direction":[-0.040717,-0.0385678,-0.998426],"extended":true,"handId":222,"id":2221,"length":53.9285,"mcpPosition":[-56.9244,327.853,-31.1855],"pipPosition":[-58.5441,330.569,-70.4563],"stabilizedTipPosition":[-86.0817,308.137,-30.4568],"timeVisible":0.705095,"tipPosition":[-59.622,326.698,-104.439],"tipVelocity":[13.431,23.2039,-124.787],"tool":false,"touchDistance":-0.502294,"touchZone":"hovering","type":1,"width":17.738},{"bases":[[[0.984895,-0.167407,-0.0442432],[0.171903,0.975985,0.133801],[0.0207815,-0.139386,0.99002]],[[0.985114,-0.170243,-0.0238415],[0.0888334,0.622887,-0.777252],[0.147172,0.763563,0.628738]],[[0.985114,-0.170243,-0.0238415],[-0.118971,-0.575074,-0.809405],[0.124084,0.800192,-0.586767]],[[0.985114,-0.170243,-0.0238415],[-0.170886,-0.954749,-0.243419],[0.0186776,0.243869,-0.969628]]],"btipPosition":[-46.7479,270.408,-26.3998],"carpPosition":[-35.3555,320.31,32.7216],"dipPosition":[-46.4261,274.61,-43.1093],"direction":[-0.124084,-0.800192,0.586767],"extended":false,"handId":222,"id":2222,"length":61.4471,"mcpPosition":[-36.6851,329.228,-30.6195],"pipPosition":[-43.1903,295.477,-58.4105],"stabilizedTipPosition":[-72.9965,247.452,52.6031],"timeVisible":0.705095,"tipPosition":[-46.6466,271.377,-28.9754],"tipVelocity":[41.304,-19.928,-142.398],"tool":false,"touchDistance":0.333333,"touchZone":"none","type":2,"width":17.4211},{"bases":[[[0.961438,-0.259188,0.0919688],[0.242405,0.95659,0.16179],[-0.12991,-0.133257,0.98253]],[[0.963296,-0.257139,0.0770694],[0.217364,0.578696,-0.786043],[0.157523,0.773944,0.613349]],[[0.963296,-0.257139,0.0770694],[-0.094984,-0.595027,-0.798074],[0.251074,0.761461,-0.597611]],[[0.963296,-0.257139,0.0770694],[-0.231839,-0.941651,-0.244017],[0.135319,0.217193,-0.966704]]],"btipPosition":[-31.8764,272.223,-18.2339],"carpPosition":[-24.188,319.344,31.5913],"dipPosition":[-29.5579,275.944,-34.7972],"direction":[-0.251074,-0.761461,0.597611],"extended":false,"handId":222,"id":2223,"length":59.0831,"mcpPosition":[-16.7256,326.998,-24.8482],"pipPosition":[-23.1797,295.288,-49.9787],"stabilizedTipPosition":[-56.0969,250.355,50.3611],"timeVisible":0.705095,"tipPosition":[-31.414,273.219,-21.8579],"tipVelocity":[34.2303,-13.9588,-53.704],"tool":false,"touchDistance":0.333333,"touchZone":"none","type":3,"width":16.5772},{"bases":[[[0.886583,-0.427339,0.177063],[0.376557,0.889075,0.260289],[-0.268654,-0.164094,0.949157]],[[0.89111,-0.424428,0.160571],[0.388756,0.531496,-0.752583],[0.234075,0.733057,0.63862]],[[0.89111,-0.424428,0.160571],[-0.123035,-0.566568,-0.814778],[0.436789,0.706301,-0.557094]],[[0.89111,-0.424428,0.160571],[-0.36458,-0.880301,-0.303563],[0.270191,0.211967,-0.939184]]],"btipPosition":[-18.9015,280.804,-14.5868],"carpPosition":[-13.4918,311.867,31.7541],"dipPosition":[-14.6306,284.154,-29.4322],"direction":[-0.436789,-0.706301,0.557094],"extended":false,"handId":222,"id":2224,"length":46.32,"mcpPosition":[0.793657,320.592,-18.7167],"pipPosition":[-6.79635,296.822,-39.4243],"stabilizedTipPosition":[-35.9972,262.996,42.6451],"timeVisible":0.705095,"tipPosition":[-17.914,281.59,-17.3162],"tipVelocity":[34.7486,0.14997,-130.405],"tool":false,"touchDistance":0.333333,"touchZone":"none","type":4,"width":14.7252}],"r":[[0.816799,0.190223,0.544661],[-0.203145,0.978446,-0.0370769],[-0.539974,-0.0803606,0.837836]],"s":0.875171,"t":[105.132,111.896,-218.037],"timestamp":2812371322},false],[1,{"currentFrameRate":102.916,"devices":[],"gestures":[],"hands":[{"armBasis":[[0.961037,0.100708,-0.25742],[0.00765279,0.921219,0.38897],[0.276313,-0.375784,0.884555]],"armWidth":58.4334,"confidence":0.638338,"direction":[0.0127896,0.28725,-0.95777],"elbow":[40.4394,215.139,257.153],"grabStrength":0,"id":222,"palmNormal":[-0.00908481,-0.957776,-0.287373],"palmPosition":[-34.3675,318.699,-10.496],"palmVelocity":[-2.2087,-12.6595,-110.955],"palmWidth":83.4409,"pinchStrength":1,"r":[[0.814256,0.194683,0.546888],[-0.208251,0.977343,-0.0378561],[-0.541867,-0.0830652,0.83635]],"s":0.881117,"sphereCenter":[-33.2072,285.487,-39.2389],"sphereRadius":42.1,"stabilizedPalmPosition":[-55.2938,294.693,64.7568],"t":[105.085,111.764,-219.065],"timeVisible":0.713955,"type":"right","wrist":[-27.9754,308.183,38.1384]}],"id":269281,"interactionBox":{"center":[0,200,0],"size":[235.247,235.247,147.751]},"pointables":[{"bases":[[[0.412969,0.907732,0.0740209],[-0.805623,0.326188,0.494543],[0.424767,-0.263864,0.865996]],[[0.285244,0.945213,-0.158769],[-0.903091,0.320539,0.285802],[0.321035,0.0618596,0.945045]],[[0.285244,0.945213,-0.158769],[-0.921752,0.225129,-0.315738],[-0.262697,0.236408,0.935469]],[[0.285244,0.945213,-0.158769],[-0.826066,0.158442,-0.540843],[-0.486056,0.285426,0.826003]]],"btipPosition":[-50.2955,281.77,-52.1914],"carpPosition":[-54.2451,298.119,38.0458],"dipPosition":[-60.7271,287.896,-34.4638],"direction":[0.262697,-0.236408,-0.935469],"extended":false,"handId":222,"id":2220,"length":47.7925,"mcpPosition":[-54.2451,298.119,38.0458],"pipPosition":[-68.9408,295.287,-5.21469],"stabilizedTipPosition":[-68.7491,272.513,3.76502],"timeVisible":0.713955,"tipPosition":[-52.3603,282.636,-47.9574],"tipVelocity":[6.61034,35.71,-139.23],"tool":false,"touchDistance":-0.486204,"touchZone":"hovering","type":0,"width":18.5699},{"bases":[[[0.98783,0.0360289,-0.151308],[-0.014049,0.989493,0.143894],[0.154903,-0.140017,0.977957]],[[0.999083,0.0197135,-0.0380159],[-0.0165078,0.996424,0.0828684],[0.0395136,-0.0821648,0.995835]],[[0.999083,0.0197135,-0.0380159],[-0.0206415,0.999495,-0.0241756],[0.0375201,0.0249381,0.998985]],[[0.999083,0.0197135,-0.0380159],[-0.023724,0.993856,-0.10811],[0.0356511,0.108912,0.993412]]],"btipPosition":[-59.959,328.444,-109.048],"carpPosition":[-46.5614,318.02,33.8717],"dipPosition":[-59.4005,330.151,-93.4834],"direction":[-0.0375201,-0.0249381,-0.998985],"extended":true,"handId":222,"id":2221,"length":53.9285,"mcpPosition":[-57.0121,327.466,-32.107],"pipPosition":[-58.5688,330.704,-71.3408],"stabilizedTipPosition":[-86.0799,308.139,-30.462],"timeVisible":0.713955,"tipPosition":[-59.4936,327.233,-105.368],"tipVelocity":[12.8377,35.2536,-119.048],"tool":false,"touchDistance":-0.494167,"touchZone":"hovering","type":1,"width":17.738},{"bases":[[[0.9875,-0.152435,-0.0400902],[0.156562,0.978025,0.137678],[0.0182223,-0.142234,0.989665]],[[0.987666,-0.155331,-0.0197056],[0.0833637,0.628201,-0.773573],[0.132539,0.762389,0.633401]],[[0.987666,-0.155331,-0.0197056],[-0.106266,-0.572557,-0.812949],[0.114994,0.805016,-0.582001]],[[0.987666,-0.155331,-0.0197056],[-0.155324,-0.956091,-0.248526],[0.0197635,0.248521,-0.968425]]],"btipPosition":[-45.9963,270.169,-27.572],"carpPosition":[-35.6327,320.043,31.8779],"dipPosition":[-45.6557,274.452,-44.2608],"direction":[-0.114994,-0.805016,0.582001],"extended":false,"handId":222,"id":2222,"length":61.4471,"mcpPosition":[-36.7986,329.143,-31.4405],"pipPosition":[-42.657,295.444,-59.4377],"stabilizedTipPosition":[-72.9946,247.454,52.5969],"timeVisible":0.713955,"tipPosition":[-45.8973,271.15,-30.1634],"tipVelocity":[53.2308,-21.263,-139.517],"tool":false,"touchDistance":0.333333,"touchZone":"none","type":2,"width":17.4211},{"bases":[[[0.964787,-0.244996,0.0957203],[0.227215,0.959603,0.16594],[-0.132508,-0.138348,0.981479]],[[0.966954,-0.242542,0.0785674],[0.20799,0.572233,-0.793278],[0.147445,0.783404,0.60377]],[[0.966954,-0.242542,0.0785674],[-0.0876167,-0.605531,-0.790984],[0.239422,0.757961,-0.606771]],[[0.966954,-0.242542,0.0785674],[-0.218023,-0.946399,-0.238315],[0.132158,0.21331,-0.968005]]],"btipPosition":[-31.2229,272.188,-18.3197],"carpPosition":[-24.4468,319.249,30.7976],"dipPosition":[-28.9585,275.842,-34.9054],"direction":[-0.239422,-0.757961,0.606771],"extended":false,"handId":222,"id":2223,"length":59.0831,"mcpPosition":[-16.8351,327.196,-25.5815],"pipPosition":[-22.8763,295.097,-50.3196],"stabilizedTipPosition":[-56.0789,250.371,50.3098],"timeVisible":0.713955,"tipPosition":[-30.74,273.167,-22.2697],"tipVelocity":[44.5614,-11.7126,-41.9355],"tool":false,"touchDistance":0.333333,"touchZone":"none","type":3,"width":16.5772},{"bases":[[[0.892073,-0.414525,0.17993],[0.361904,0.893797,0.264863],[-0.270613,-0.17116,0.94735]],[[0.896592,-0.411522,0.163621],[0.384892,0.541361,-0.74752],[0.219043,0.733197,0.643772]],[[0.896592,-0.411522,0.163621],[-0.109359,-0.563763,-0.818664],[0.429142,0.716115,-0.55047]],[[0.896592,-0.411522,0.163621],[-0.349236,-0.884211,-0.310169],[0.272317,0.220953,-0.936495]]],"btipPosition":[-18.3546,280.923,-15.5855],"carpPosition":[-13.6401,311.933,30.9877],"dipPosition":[-14.0502,284.415,-30.3885],"direction":[-0.429142,-0.716115,0.55047],"extended":false,"handId":222,"id":2224,"length":46.32,"mcpPosition":[0.749532,321.034,-19.387],"pipPosition":[-6.35306,297.26,-40.2617],"stabilizedTipPosition":[-35.9956,262.998,42.6396],"timeVisible":0.713955,"tipPosition":[-17.3672,281.744,-18.2997],"tipVelocity":[42.2934,4.75361,-125.314],"tool":false,"touchDistance":0.333333,"touchZone":"none","type":4,"width":14.7252}],"r":[[0.814256,0.194683,0.546888],[-0.208251,0.977343,-0.0378561],[-0.541867,-0.0830652,0.83635]],"s":0.881117,"t":[105.085,111.764,-219.065],"timestamp":2812380182},false],[2,{"currentFrameRate":103.227,"devices":[],"gestures":[],"hands":[{"armBasis":[[0.961446,0.108048,-0.252879],[0.000235183,0.919254,0.393664],[0.274995,-0.378546,0.883788]],"armWidth":58.4334,"confidence":0.617064,"direction":[0.0153622,0.289167,-0.957155],"elbow":[39.8542,214.502,256.358],"grabStrength":0,"id":222,"palmNormal":[-0.00195207,-0.957258,-0.28923],"palmPosition":[-34.4707,318.801,-11.1093],"palmVelocity":[-4.74194,-6.06996,-98.8876],"palmWidth":83.4409,"pinchStrength":0.964474,"r":[[0.811462,0.199021,0.549473],[-0.213484,0.976195,-0.0383078],[-0.544017,-0.0862183,0.834633]],"s":0.888282,"sphereCenter":[-33.1517,285.736,-39.968],"sphereRadius":42.2267,"stabilizedPalmPosition":[-55.2936,294.693,64.7562],"t":[105.01,111.748,-219.885],"timeVisible":0.723053,"type":"right","wrist":[-28.2342,308.229,37.5335]}],"id":269282,"interactionBox":{"center":[0,200,0],"size":[235.247,235.247,147.751]},"pointables":[{"bases":[[[0.407093,0.910083,0.0776131],[-0.80982,0.320327,0.491511],[0.422454,-0.262943,0.867406]],[[0.285999,0.947044,-0.14599],[-0.90161,0.317553,0.293698],[0.324505,0.0476289,0.944684]],[[0.285999,0.947044,-0.14599],[-0.922758,0.231127,-0.30838],[-0.258307,0.22291,0.939994]],[[0.285999,0.947044,-0.14599],[-0.83424,0.17113,-0.524174],[-0.471432,0.271704,0.839005]]],"btipPosition":[-51.1018,283.025,-53.3383],"carpPosition":[-54.4415,298.006,37.3029],"dipPosition":[-61.2197,288.856,-35.3317],"direction":[0.258307,-0.22291,-0.939994],"extended":false,"handId":222,"id":2220,"length":47.7925,"mcpPosition":[-54.4415,298.006,37.3029],"pipPosition":[-69.2961,295.826,-5.94108],"stabilizedTipPosition":[-68.7478,272.514,3.76044],"timeVisible":0.723053,"tipPosition":[-52.8103,283.617,-48.9463],"tipVelocity":[-17.5836,61.9788,-133.626],"tool":false,"touchDistance":-0.482158,"touchZone":"hovering","type":0,"width":18.5699},{"bases":[[[0.988265,0.0423297,-0.146768],[-0.0207267,0.98911,0.145708],[0.151337,-0.140956,0.97838]],[[0.999027,0.0261632,-0.0354941],[-0.0227199,0.995297,0.094166],[0.0377909,-0.093268,0.994924]],[[0.999027,0.0261632,-0.0354941],[-0.0266258,0.999566,-0.0126234],[0.0351484,0.0135562,0.99929]],[[0.999027,0.0261632,-0.0354941],[-0.0294902,0.994876,-0.096703],[0.0327822,0.0976557,0.99468]]],"btipPosition":[-59.8521,329.315,-109.738],"carpPosition":[-46.8605,317.962,33.2014],"dipPosition":[-59.3385,330.845,-94.1531],"direction":[-0.0351484,-0.0135562,-0.99929],"extended":true,"handId":222,"id":2221,"length":53.9285,"mcpPosition":[-57.0705,327.471,-32.8058],"pipPosition":[-58.5594,331.146,-72.0038],"stabilizedTipPosition":[-86.0764,308.141,-30.472],"timeVisible":0.723053,"tipPosition":[-59.3766,328.03,-106.066],"tipVelocity":[12.2215,50.7772,-106.922],"tool":false,"touchDistance":-0.483359,"touchZone":"hovering","type":1,"width":17.738},{"bases":[[[0.988581,-0.146347,-0.0359105],[0.149977,0.978692,0.140243],[0.0146213,-0.144027,0.989466]],[[0.988673,-0.14927,-0.0156075],[0.0822803,0.626051,-0.775429],[0.12552,0.765361,0.631242]],[[0.988673,-0.14927,-0.0156075],[-0.099742,-0.57578,-0.811498],[0.112146,0.803863,-0.584146]],[[0.988673,-0.14927,-0.0156075],[-0.148452,-0.95733,-0.247955],[0.0220707,0.247463,-0.968646]]],"btipPosition":[-45.7238,270.212,-28.021],"carpPosition":[-35.9354,320.055,31.2609],"dipPosition":[-45.3435,274.477,-44.7136],"direction":[-0.112146,-0.803863,0.584146],"extended":false,"handId":222,"id":2222,"length":61.4471,"mcpPosition":[-36.8709,329.269,-32.0447],"pipPosition":[-42.419,295.439,-59.9465],"stabilizedTipPosition":[-72.9916,247.456,52.5877],"timeVisible":0.723053,"tipPosition":[-45.622,271.203,-30.8199],"tipVelocity":[47.058,-14.1759,-114.558],"tool":false,"touchDistance":0.333333,"touchZone":"none","type":2,"width":17.4211},{"bases":[[[0.96582,-0.239305,0.0996197],[0.220613,0.960646,0.168789],[-0.136091,-0.141042,0.980605]],[[0.968131,-0.236706,0.0818045],[0.206713,0.570847,-0.794609],[0.141391,0.786196,0.601585]],[[0.968131,-0.236706,0.0818045],[-0.0821492,-0.608711,-0.789128],[0.236586,0.757259,-0.608757]],[[0.968131,-0.236706,0.0818045],[-0.211743,-0.948064,-0.237357],[0.13374,0.212471,-0.967972]]],"btipPosition":[-31.0174,272.342,-18.6979],"carpPosition":[-24.74,319.33,30.2297],"dipPosition":[-28.7259,275.983,-35.283],"direction":[-0.236586,-0.757259,0.608757],"extended":false,"handId":222,"id":2223,"length":59.0831,"mcpPosition":[-16.9226,327.432,-26.0991],"pipPosition":[-22.7157,295.22,-50.7477],"stabilizedTipPosition":[-56.0434,250.403,50.2089],"timeVisible":0.723053,"tipPosition":[-30.5177,273.307,-22.7455],"tipVelocity":[38.6629,-3.85996,-41.8304],"tool":false,"touchDistance":0.333333,"touchZone":"none","type":3,"width":16.5772},{"bases":[[[0.893761,-0.409436,0.183177],[0.355252,0.89547,0.268195],[-0.273838,-0.174628,0.945789]],[[0.898295,-0.406402,0.167042],[0.384967,0.54467,-0.745074],[0.211817,0.733602,0.645726]],[[0.898295,-0.406402,0.167042],[-0.102355,-0.56325,-0.819922],[0.427305,0.719435,-0.547562]],[[0.898295,-0.406402,0.167042],[-0.342517,-0.885792,-0.313136],[0.275224,0.224074,-0.934903]]],"btipPosition":[-18.2117,281.133,-16.176],"carpPosition":[-13.89,312.08,30.4549],"dipPosition":[-13.8613,284.675,-30.9538],"direction":[-0.427305,-0.719435,0.547562],"extended":false,"handId":222,"id":2224,"length":46.32,"mcpPosition":[0.671165,321.366,-19.8369],"pipPosition":[-6.19711,297.578,-40.7749],"stabilizedTipPosition":[-35.9936,263,42.6331],"timeVisible":0.723053,"tipPosition":[-17.2143,281.964,-18.9065],"tipVelocity":[35.2491,10.1754,-108.398],"tool":false,"touchDistance":0.333333,"touchZone":"none","type":4,"width":14.7252}],"r":[[0.811462,0.199021,0.549473],[-0.213484,0.976195,-0.0383078],[-0.544017,-0.0862183,0.834633]],"s":0.888282,"t":[105.01,111.748,-219.885],"timestamp":2812389280},false],[3,{"currentFrameRate":103.547,"devices":[],"gestures":[],"hands":[{"armBasis":[[0.962109,0.114667,-0.247382],[-0.00693172,0.917266,0.398214],[0.272577,-0.38141,0.883305]],"armWidth":58.4334,"confidence":0.618993,"direction":[0.0170743,0.288326,-0.95738],"elbow":[39.0117,213.967,255.641],"grabStrength":0,"id":222,"palmNormal":[0.00497,-0.957532,-0.288284],"palmPosition":[-34.6021,318.89,-11.7397],"palmVelocity":[-7.43841,-1.67627,-90.8109],"palmWidth":83.4409,"pinchStrength":0.931763,"r":[[0.808553,0.20358,0.552084],[-0.218832,0.974981,-0.0390316],[-0.546218,-0.0892549,0.832874]],"s":0.895744,"sphereCenter":[-33.1778,285.889,-40.6144],"sphereRadius":42.322,"stabilizedPalmPosition":[-55.2935,294.693,64.7557],"t":[104.906,111.785,-220.611],"timeVisible":0.732107,"type":"right","wrist":[-28.4781,308.404,36.936]}],"id":269283,"interactionBox":{"center":[0,200,0],"size":[235.247,235.247,147.751]},"pointables":[{"bases":[[[0.40122,0.912638,0.0781882],[-0.813553,0.31583,0.488245],[0.420897,-0.259504,0.869197]],[[0.28549,0.948423,-0.137798],[-0.900559,0.314665,0.299967],[0.327856,0.0384578,0.943945]],[[0.28549,0.948423,-0.137798],[-0.923779,0.234036,-0.303084],[-0.255202,0.213823,0.942948]],[[0.28549,0.948423,-0.137798],[-0.840928,0.178931,-0.510709],[-0.459712,0.261681,0.848639]]],"btipPosition":[-51.7835,283.958,-54.2863],"carpPosition":[-54.6212,298.02,36.6202],"dipPosition":[-61.6498,289.574,-36.0729],"direction":[0.255202,-0.213823,-0.942948],"extended":false,"handId":222,"id":2220,"length":47.7925,"mcpPosition":[-54.6212,298.02,36.6202],"pipPosition":[-69.6291,296.26,-6.58987],"stabilizedTipPosition":[-68.7446,272.517,3.74869],"timeVisible":0.732107,"tipPosition":[-53.2536,284.369,-49.7976],"tipVelocity":[-31.7457,71.8102,-124.193],"tool":false,"touchDistance":-0.475781,"touchZone":"hovering","type":0,"width":18.5699},{"bases":[[[0.988515,0.0482488,-0.143216],[-0.0273209,0.989106,0.144649],[0.148635,-0.139075,0.979064]],[[0.998898,0.0325387,-0.0338299],[-0.0289828,0.994489,0.100756],[0.0369219,-0.0996648,0.994336]],[[0.998898,0.0325387,-0.0338299],[-0.0327571,0.999446,-0.00592269],[0.0336184,0.00702433,0.99941]],[[0.998898,0.0325387,-0.0338299],[-0.0354755,0.995293,-0.0901828],[0.0307362,0.0912835,0.99535]]],"btipPosition":[-59.8569,329.741,-110.449],"carpPosition":[-47.1477,318.018,32.5265],"dipPosition":[-59.3753,331.172,-94.8536],"direction":[-0.0336184,-0.00702433,-0.99941],"extended":true,"handId":222,"id":2221,"length":53.9285,"mcpPosition":[-57.1755,327.401,-33.5268],"pipPosition":[-58.6302,331.327,-72.7016],"stabilizedTipPosition":[-86.0708,308.146,-30.4883],"timeVisible":0.732107,"tipPosition":[-59.3669,328.428,-106.784],"tipVelocity":[8.47839,49.0473,-99.0117],"tool":false,"touchDistance":-0.473984,"touchZone":"hovering","type":1,"width":17.738},{"bases":[[[0.989584,-0.140314,-0.0321711],[0.143462,0.97973,0.139814],[0.011901,-0.142973,0.989655]],[[0.989621,-0.143208,-0.0119343],[0.0806216,0.622031,-0.778831],[0.118958,0.769785,0.62712]],[[0.989621,-0.143208,-0.0119343],[-0.0938142,-0.580912,-0.808542],[0.108857,0.801269,-0.588317]],[[0.989621,-0.143208,-0.0119343],[-0.141753,-0.959169,-0.244748],[0.0236028,0.243899,-0.969513]]],"btipPosition":[-45.4937,270.2,-28.3645],"carpPosition":[-36.2287,320.176,30.6237],"dipPosition":[-45.0869,274.403,-45.072],"direction":[-0.108857,-0.801269,0.588318],"extended":false,"handId":222,"id":2222,"length":61.4471,"mcpPosition":[-36.9902,329.323,-32.694],"pipPosition":[-42.2483,295.298,-60.4136],"stabilizedTipPosition":[-72.9873,247.46,52.5745],"timeVisible":0.732107,"tipPosition":[-45.3899,271.19,-31.3492],"tipVelocity":[41.2703,-11.0769,-93.5147],"tool":false,"touchDistance":0.333333,"touchZone":"none","type":2,"width":17.4211},{"bases":[[[0.9669,-0.233279,0.103368],[0.214103,0.962144,0.168635],[-0.138794,-0.140922,0.980243]],[[0.969281,-0.230658,0.0853921],[0.205839,0.570685,-0.794952],[0.13463,0.788109,0.600633]],[[0.969281,-0.230658,0.0853921],[-0.0758208,-0.610487,-0.788389],[0.233979,0.757695,-0.609222]],[[0.969281,-0.230658,0.0853921],[-0.20512,-0.949646,-0.236849],[0.135723,0.212057,-0.967787]]],"btipPosition":[-30.8383,272.442,-19.2253],"carpPosition":[-25.0255,319.519,29.6339],"dipPosition":[-28.5128,276.075,-35.8072],"direction":[-0.233979,-0.757695,0.609222],"extended":false,"handId":222,"id":2223,"length":59.0831,"mcpPosition":[-17.0527,327.614,-26.6742],"pipPosition":[-22.5689,295.324,-51.2837],"stabilizedTipPosition":[-55.9974,250.444,50.0778],"timeVisible":0.732107,"tipPosition":[-30.3286,273.402,-23.2811],"tipVelocity":[33.6892,0.196253,-46.3393],"tool":false,"touchDistance":0.333333,"touchZone":"none","type":3,"width":16.5772},{"bases":[[[0.895581,-0.403767,0.186832],[0.348776,0.897893,0.268595],[-0.276205,-0.175386,0.944961]],[[0.899942,-0.40087,0.171484],[0.383992,0.542403,-0.747228],[0.206528,0.73831,0.642062]],[[0.899942,-0.40087,0.171484],[-0.0975291,-0.56842,-0.816938],[0.424961,0.718472,-0.550641]],[[0.899942,-0.40087,0.171484],[-0.336815,-0.88893,-0.310418],[0.276875,0.2216,-0.935005]]],"btipPosition":[-18.1405,281.333,-16.5055],"carpPosition":[-14.1321,312.336,29.9057],"dipPosition":[-13.764,284.835,-31.2848],"direction":[-0.424961,-0.718472,0.550641],"extended":false,"handId":222,"id":2224,"length":46.32,"mcpPosition":[0.554927,321.662,-20.342],"pipPosition":[-6.14186,297.722,-41.1612],"stabilizedTipPosition":[-35.9915,263.002,42.626],"timeVisible":0.732107,"tipPosition":[-17.121,282.156,-19.3539],"tipVelocity":[27.8742,13.1871,-88.5356],"tool":false,"touchDistance":0.333333,"touchZone":"none","type":4,"width":14.7252}],"r":[[0.808553,0.20358,0.552084],[-0.218832,0.974981,-0.0390316],[-0.546218,-0.0892549,0.832874]],"s":0.895744,"t":[104.906,111.785,-220.611],"timestamp":2812398334},false],[4,{"currentFrameRate":103.697,"devices":[],"gestures":[],"hands":[{"armBasis":[[0.959894,0.132352,-0.247158],[-0.0228736,0.915592,0.401458],[0.27943,-0.379704,0.881898]],"armWidth":58.4334,"confidence":0.625633,"direction":[0.0185133,0.284583,-0.958473],"elbow":[40.4961,214.405,254.533],"grabStrength":0,"id":222,"palmNormal":[0.0207276,-0.95854,-0.284203],"palmPosition":[-34.6791,318.612,-12.5786],"palmVelocity":[-7.66236,-9.62067,-90.4756],"palmWidth":83.4409,"pinchStrength":0.901392,"r":[[0.804936,0.210046,0.55494],[-0.225917,0.973296,-0.0407044],[-0.548671,-0.092606,0.830894]],"s":0.903143,"sphereCenter":[-32.8548,285.582,-41.3615],"sphereRadius":42.4153,"stabilizedPalmPosition":[-55.2934,294.693,64.7553],"t":[104.816,111.664,-221.393],"timeVisible":0.741467,"type":"right","wrist":[-28.6904,308.419,36.1759]}],"id":269284,"interactionBox":{"center":[0,200,0],"size":[235.247,235.247,147.751]},"pointables":[{"bases":[[[0.387315,0.918753,0.0766839],[-0.820978,0.305856,0.482128],[0.419503,-0.249691,0.872738]],[[0.277624,0.951715,-0.131012],[-0.902517,0.30511,0.303927],[0.329225,0.0338631,0.943644]],[[0.277624,0.951715,-0.131012],[-0.926022,0.228801,-0.300222],[-0.25575,0.204669,0.944829]],[[0.277624,0.951715,-0.131012],[-0.843421,0.176165,-0.50755],[-0.459963,0.251406,0.851604]]],"btipPosition":[-51.8784,284.306,-55.2644],"carpPosition":[-54.676,297.651,35.7508],"dipPosition":[-61.7501,289.701,-36.9873],"direction":[0.25575,-0.204669,-0.944829],"extended":false,"handId":222,"id":2220,"length":47.7925,"mcpPosition":[-54.676,297.651,35.7508],"pipPosition":[-69.7466,296.101,-7.44553],"stabilizedTipPosition":[-68.7393,272.522,3.72876],"timeVisible":0.741467,"tipPosition":[-53.2194,284.542,-50.7434],"tipVelocity":[-25.6514,60.4322,-118.159],"tool":false,"touchDistance":-0.470988,"touchZone":"hovering","type":0,"width":18.5699},{"bases":[[[0.988531,0.06218,-0.137621],[-0.042688,0.989187,0.140308],[0.144857,-0.132824,0.980497]],[[0.99843,0.0473366,-0.0299613],[-0.0439887,0.993609,0.103951],[0.0346905,-0.10247,0.994131]],[[0.99843,0.0473366,-0.0299613],[-0.0474552,0.998868,-0.00325851],[0.0297731,0.00467521,0.999546]],[[0.99843,0.0473366,-0.0299613],[-0.0498134,0.994858,-0.0881786],[0.0256332,0.0895326,0.995654]]],"btipPosition":[-59.6738,329.231,-111.455],"carpPosition":[-47.4726,317.739,31.6166],"dipPosition":[-59.2722,330.634,-95.8552],"direction":[-0.0297731,-0.00467521,-0.999546],"extended":true,"handId":222,"id":2221,"length":53.9285,"mcpPosition":[-57.2455,326.7,-34.5334],"pipPosition":[-58.6122,330.737,-73.7002],"stabilizedTipPosition":[-86.066,308.15,-30.502],"timeVisible":0.741467,"tipPosition":[-59.1685,327.915,-107.792],"tipVelocity":[11.0669,19.4515,-101.393],"tool":false,"touchDistance":-0.469998,"touchZone":"hovering","type":1,"width":17.738},{"bases":[[[0.99171,-0.125886,-0.0257757],[0.12824,0.982303,0.136514],[0.0081343,-0.138688,0.990303]],[[0.99167,-0.128687,-0.00558229],[0.0756431,0.616892,-0.783404],[0.104258,0.776456,0.621487]],[[0.99167,-0.128687,-0.00558229],[-0.0809025,-0.588544,-0.804407],[0.100231,0.798157,-0.594053]],[[0.99167,-0.128687,-0.00558229],[-0.126275,-0.962702,-0.239288],[0.0254193,0.238,-0.970933]]],"btipPosition":[-44.756,269.687,-28.8379],"carpPosition":[-36.5754,320.05,29.7687],"dipPosition":[-44.3179,273.789,-45.5699],"direction":[-0.100231,-0.798157,0.594052],"extended":false,"handId":222,"id":2222,"length":61.4471,"mcpPosition":[-37.0958,328.923,-33.5905],"pipPosition":[-41.7042,294.602,-61.0611],"stabilizedTipPosition":[-72.9772,247.468,52.5441],"timeVisible":0.741467,"tipPosition":[-44.65,270.666,-31.9707],"tipVelocity":[52.1457,-24.19,-81.4997],"tool":false,"touchDistance":0.333333,"touchZone":"none","type":2,"width":17.4211},{"bases":[[[0.96959,-0.218613,0.110019],[0.19896,0.965877,0.165823],[-0.142516,-0.13889,0.979999]],[[0.972057,-0.21601,0.0918989],[0.20167,0.568075,-0.797885],[0.120146,0.794122,0.595764]],[[0.972057,-0.21601,0.0918989],[-0.0628654,-0.616724,-0.784665],[0.226172,0.756962,-0.613071]],[[0.972057,-0.21601,0.0918989],[-0.189963,-0.953826,-0.23266],[0.137912,0.208701,-0.968207]]],"btipPosition":[-30.2027,272.189,-19.6934],"carpPosition":[-25.358,319.554,28.8474],"dipPosition":[-27.8398,275.765,-36.2825],"direction":[-0.226172,-0.756962,0.613071],"extended":false,"handId":222,"id":2223,"length":59.0831,"mcpPosition":[-17.1715,327.532,-27.4467],"pipPosition":[-22.0942,294.995,-51.8567],"stabilizedTipPosition":[-55.9245,250.506,49.8743],"timeVisible":0.741467,"tipPosition":[-29.6775,273.133,-23.7946],"tipVelocity":[43.6616,-7.92592,-47.43],"tool":false,"touchDistance":0.333333,"touchZone":"none","type":3,"width":16.5772},{"bases":[[[0.900287,-0.389784,0.193783],[0.333966,0.904026,0.266841],[-0.279195,-0.175516,0.944057]],[[0.904518,-0.387009,0.179087],[0.380829,0.544127,-0.747593],[0.191879,0.744412,0.639556]],[[0.904518,-0.387009,0.179087],[-0.0842029,-0.573783,-0.814667],[0.418041,0.721801,-0.551584]],[[0.904518,-0.387009,0.179087],[-0.321956,-0.895147,-0.308313],[0.279629,0.221217,-0.934276]]],"btipPosition":[-17.656,281.284,-17.0631],"carpPosition":[-14.3622,312.532,29.2134],"dipPosition":[-13.236,284.781,-31.831],"direction":[-0.418041,-0.721801,0.551584],"extended":false,"handId":222,"id":2224,"length":46.32,"mcpPosition":[0.4838,321.865,-20.9862],"pipPosition":[-5.73799,297.727,-41.7242],"stabilizedTipPosition":[-35.9883,263.005,42.6156],"timeVisible":0.741467,"tipPosition":[-16.625,282.108,-19.9345],"tipVelocity":[34.9569,7.93553,-80.2359],"tool":false,"touchDistance":0.333333,"touchZone":"none","type":4,"width":14.7252}],"r":[[0.804936,0.210046,0.55494],[-0.225917,0.973296,-0.0407044],[-0.548671,-0.092606,0.830894]],"s":0.903143,"t":[104.816,111.664,-221.393],"timestamp":2812407694},false],[5,{"currentFrameRate":103.96,"devices":[],"gestures":[],"hands":[{"armBasis":[[0.960723,0.137955,-0.240791],[-0.0299615,0.914175,0.404211],[0.275889,-0.381121,0.882402]],"armWidth":58.4334,"confidence":0.634013,"direction":[0.0189955,0.287522,-0.957586],"elbow":[39.5346,213.957,254.33],"grabStrength":0,"id":222,"palmNormal":[0.0278084,-0.95754,-0.286956],"palmPosition":[-34.7106,318.619,-12.8914],"palmVelocity":[-6.49271,-6.74229,-74.8636],"palmWidth":83.4409,"pinchStrength":0.869863,"r":[[0.801437,0.215942,0.557735],[-0.232844,0.971624,-0.0416055],[-0.550893,-0.0965209,0.828976]],"s":0.910837,"sphereCenter":[-32.7962,285.705,-41.8154],"sphereRadius":42.5344,"stabilizedPalmPosition":[-55.2933,294.693,64.755],"t":[104.755,111.608,-221.941],"timeVisible":0.750592,"type":"right","wrist":[-28.7751,308.322,35.8479]}],"id":269285,"interactionBox":{"center":[0,200,0],"size":[235.247,235.247,147.751]},"pointables":[{"bases":[[[0.381003,0.921076,0.0803421],[-0.824187,0.298972,0.48097],[0.41899,-0.249468,0.873048]],[[0.276664,0.95361,-0.118676],[-0.900518,0.300385,0.314382],[0.335446,0.0198913,0.941849]],[[0.276664,0.95361,-0.118676],[-0.928118,0.233148,-0.290239],[-0.249106,0.190444,0.949567]],[[0.276664,0.95361,-0.118676],[-0.846981,0.183641,-0.498899],[-0.453961,0.238543,0.858497]]],"btipPosition":[-52.5111,285.398,-55.9028],"carpPosition":[-54.6873,297.383,35.3263],"dipPosition":[-62.254,290.518,-37.4778],"direction":[0.249106,-0.190444,-0.949567],"extended":false,"handId":222,"id":2220,"length":47.7925,"mcpPosition":[-54.6873,297.383,35.3263],"pipPosition":[-70.0427,296.472,-7.78788],"stabilizedTipPosition":[-68.7286,272.532,3.68664],"timeVisible":0.750592,"tipPosition":[-53.675,285.465,-51.3415],"tipVelocity":[-36.8857,74.9701,-103.734],"tool":false,"touchDistance":-0.461289,"touchZone":"hovering","type":0,"width":18.5699},{"bases":[[[0.988434,0.0691529,-0.134968],[-0.0496155,0.988464,0.143097],[0.143306,-0.134746,0.980463]],[[0.998095,0.0543314,-0.0292365],[-0.0507333,0.992387,0.112227],[0.0351114,-0.11053,0.993252]],[[0.998095,0.0543314,-0.0292365],[-0.0542241,0.998519,0.00445201],[0.0294351,-0.00285821,0.999563]],[[0.998095,0.0543314,-0.0292365],[-0.0565451,0.995097,-0.0811437],[0.0246845,0.0826423,0.996274]]],"btipPosition":[-59.6983,329.745,-111.776],"carpPosition":[-47.6076,317.531,31.2689],"dipPosition":[-59.3116,331.039,-96.1662],"direction":[-0.0294351,0.00285821,-0.999563],"extended":true,"handId":222,"id":2221,"length":53.9285,"mcpPosition":[-57.2758,326.621,-34.8787],"pipPosition":[-58.6591,330.976,-74.0109],"stabilizedTipPosition":[-86.0611,308.154,-30.5165],"timeVisible":0.750592,"tipPosition":[-59.1699,328.431,-108.126],"tipVelocity":[7.14117,28.9324,-82.923],"tool":false,"touchDistance":-0.45611,"touchZone":"hovering","type":1,"width":17.738},{"bases":[[[0.992586,-0.119217,-0.0236666],[0.121364,0.982727,0.13971],[0.00660199,-0.141547,0.98991]],[[0.992515,-0.122071,-0.00352415],[0.0731487,0.617357,-0.783275],[0.0977911,0.777155,0.621665]],[[0.992515,-0.122071,-0.00352415],[-0.0752973,-0.588983,-0.80463],[0.0961466,0.798872,-0.593767]],[[0.992515,-0.122071,-0.00352415],[-0.119325,-0.963235,-0.240708],[0.0259889,0.239327,-0.970591]]],"btipPosition":[-44.4214,269.667,-29.1476],"carpPosition":[-36.7214,319.919,29.455],"dipPosition":[-43.9735,273.791,-45.8737],"direction":[-0.0961466,-0.798872,0.593767],"extended":false,"handId":222,"id":2222,"length":61.4471,"mcpPosition":[-37.1438,328.975,-33.879],"pipPosition":[-41.4663,294.624,-61.3574],"stabilizedTipPosition":[-72.9591,247.483,52.4901],"timeVisible":0.750592,"tipPosition":[-44.3148,270.654,-32.3858],"tipVelocity":[47.9145,-17.9206,-68.2453],"tool":false,"touchDistance":0.333333,"touchZone":"none","type":2,"width":17.4211},{"bases":[[[0.970747,-0.212488,0.111801],[0.192118,0.966685,0.169148],[-0.144018,-0.142721,0.979229]],[[0.973244,-0.209813,0.093676],[0.198814,0.56456,-0.80109],[0.115193,0.79828,0.591169]],[[0.973244,-0.209813,0.093676],[-0.0587406,-0.621328,-0.781346],[0.22214,0.754938,-0.617028]],[[0.973244,-0.209813,0.093676],[-0.183772,-0.955492,-0.230787],[0.137929,0.207397,-0.968484]]],"btipPosition":[-29.9521,272.259,-19.6426],"carpPosition":[-25.4987,319.5,28.5603],"dipPosition":[-27.5888,275.813,-36.2365],"direction":[-0.22214,-0.754938,0.617028],"extended":false,"handId":222,"id":2223,"length":59.0831,"mcpPosition":[-17.2259,327.699,-27.6895],"pipPosition":[-21.9457,294.991,-51.9113],"stabilizedTipPosition":[-55.8122,250.602,49.5636],"timeVisible":0.750592,"tipPosition":[-29.4063,273.197,-23.8895],"tipVelocity":[39.1648,-3.74648,-32.7419],"tool":false,"touchDistance":0.333333,"touchZone":"none","type":3,"width":16.5772},{"bases":[[[0.902377,-0.384362,0.194889],[0.327282,0.905435,0.270321],[-0.28036,-0.180148,0.942839]],[[0.906418,-0.38166,0.180948],[0.379479,0.547718,-0.745654],[0.185478,0.74454,0.641294]],[[0.906418,-0.38166,0.180948],[-0.0783872,-0.572955,-0.81583],[0.415045,0.725298,-0.549254]],[[0.906418,-0.38166,0.180948],[-0.315411,-0.896539,-0.311021],[0.280931,0.224842,-0.933019]]],"btipPosition":[-17.4485,281.425,-17.3965],"carpPosition":[-14.4574,312.551,28.9333],"dipPosition":[-13.0079,284.979,-32.1445],"direction":[-0.415045,-0.725298,0.549254],"extended":false,"handId":222,"id":2224,"length":46.32,"mcpPosition":[0.450612,322.13,-21.2016],"pipPosition":[-5.56362,297.988,-41.9959],"stabilizedTipPosition":[-35.9839,263.01,42.6014],"timeVisible":0.750592,"tipPosition":[-16.4077,282.259,-20.2975],"tipVelocity":[31.7078,10.4227,-67.9554],"tool":false,"touchDistance":0.333333,"touchZone":"none","type":4,"width":14.7252}],"r":[[0.801437,0.215942,0.557735],[-0.232844,0.971624,-0.0416055],[-0.550893,-0.0965209,0.828976]],"s":0.910837,"t":[104.755,111.608,-221.941],"timestamp":2812416819},false],[6,{"currentFrameRate":104.359,"devices":[],"gestures":[],"hands":[{"armBasis":[[0.960278,0.144607,-0.238651],[-0.0370891,0.913801,0.404466],[0.276568,-0.379549,0.882866]],"armWidth":58.4334,"confidence":0.635422,"direction":[0.0199851,0.291423,-0.956386],"elbow":[39.586,214.157,253.803],"grabStrength":0,"id":222,"palmNormal":[0.0349234,-0.956196,-0.290635],"palmPosition":[-34.7486,318.583,-13.5104],"palmVelocity":[-5.89859,-6.01998,-73.5667],"palmWidth":83.4409,"pinchStrength":0.844735,"r":[[0.797975,0.221242,0.560614],[-0.239617,0.969971,-0.041722],[-0.553009,-0.101039,0.827026]],"s":0.918276,"sphereCenter":[-32.8007,285.851,-42.5998],"sphereRadius":42.61,"stabilizedPalmPosition":[-55.2932,294.693,64.7547],"t":[104.706,111.561,-222.524],"timeVisible":0.759426,"type":"right","wrist":[-28.8919,308.133,35.2058]}],"id":269286,"interactionBox":{"center":[0,200,0],"size":[235.247,235.247,147.751]},"pointables":[{"bases":[[[0.374735,0.923217,0.0851153],[-0.82756,0.291687,0.479649],[0.417993,-0.250179,0.873322]],[[0.274879,0.955527,-0.106818],[-0.899634,0.294808,0.322099],[0.339265,0.00755903,0.940661]],[[0.274879,0.955527,-0.106818],[-0.929543,0.235708,-0.283535],[-0.245747,0.17723,0.952994]],[[0.274879,0.955527,-0.106818],[-0.849568,0.189362,-0.492318],[-0.450195,0.226077,0.863836]]],"btipPosition":[-52.9149,286.287,-56.8335],"carpPosition":[-54.7304,297.027,34.5629],"dipPosition":[-62.5769,291.139,-38.294],"direction":[0.245747,-0.17723,-0.952994],"extended":false,"handId":222,"id":2220,"length":47.7925,"mcpPosition":[-54.7304,297.027,34.5629],"pipPosition":[-70.2607,296.681,-8.49691],"stabilizedTipPosition":[-68.7107,272.552,3.61248],"timeVisible":0.759426,"tipPosition":[-53.9928,286.233,-52.2553],"tipVelocity":[-38.7005,80.0238,-103.368],"tool":false,"touchDistance":-0.45706,"touchZone":"hovering","type":0,"width":18.5699},{"bases":[[[0.988361,0.0761306,-0.131708],[-0.056501,0.987546,0.146834],[0.141246,-0.137683,0.980353]],[[0.997736,0.0612235,-0.0278411],[-0.0574337,0.990992,0.120983],[0.0349973,-0.11911,0.992264]],[[0.997736,0.0612235,-0.0278411],[-0.0608871,0.998063,0.0127753],[0.0285694,-0.0110512,0.999531]],[[0.997736,0.0612235,-0.0278411],[-0.0631221,0.995304,-0.0733858],[0.0232175,0.0749771,0.996915]]],"btipPosition":[-59.6754,330.288,-112.402],"carpPosition":[-47.7703,317.236,30.6062],"dipPosition":[-59.3117,331.463,-96.782],"direction":[-0.0285694,0.0110512,-0.999531],"extended":true,"handId":222,"id":2221,"length":53.9285,"mcpPosition":[-57.2996,326.525,-35.5341],"pipPosition":[-58.6784,331.218,-74.6273],"stabilizedTipPosition":[-86.0548,308.159,-30.5353],"timeVisible":0.759426,"tipPosition":[-59.1286,328.972,-108.764],"tipVelocity":[5.74984,36.8899,-79.5863],"tool":false,"touchDistance":-0.448185,"touchZone":"hovering","type":1,"width":17.738},{"bases":[[[0.99341,-0.112646,-0.0211362],[0.114521,0.982937,0.143941],[0.00456112,-0.145413,0.989361]],[[0.993298,-0.115576,-0.00103967],[0.0712096,0.619034,-0.78213],[0.0910392,0.776814,0.623115]],[[0.993298,-0.115576,-0.00103967],[-0.0692753,-0.588125,-0.805798],[0.0925196,0.80047,-0.59219]],[[0.993298,-0.115576,-0.00103967],[-0.11235,-0.963379,-0.243472],[0.027138,0.241957,-0.969907]]],"btipPosition":[-44.0908,269.626,-29.8499],"carpPosition":[-36.8946,319.702,28.8346],"dipPosition":[-43.6231,273.796,-46.5642],"direction":[-0.0925196,-0.80047,0.59219],"extended":false,"handId":222,"id":2222,"length":61.4471,"mcpPosition":[-37.1864,329.006,-34.4643],"pipPosition":[-41.2105,294.67,-62.0068],"stabilizedTipPosition":[-72.9349,247.502,52.4181],"timeVisible":0.759426,"tipPosition":[-43.9813,270.625,-33.1697],"tipVelocity":[45.2173,-14.0149,-71.2042],"tool":false,"touchDistance":0.333333,"touchZone":"none","type":2,"width":17.4211},{"bases":[[[0.971775,-0.206593,0.113896],[0.18529,0.967241,0.173528],[-0.146015,-0.147527,0.978221]],[[0.974312,-0.203826,0.0957674],[0.196789,0.563794,-0.802129],[0.109502,0.800369,0.589422]],[[0.974312,-0.203826,0.0957674],[-0.0536906,-0.623223,-0.780199],[0.218709,0.755016,-0.618157]],[[0.974312,-0.203826,0.0957674],[-0.177345,-0.956522,-0.231546],[0.138799,0.208614,-0.968099]]],"btipPosition":[-29.7,272.287,-20.0792],"carpPosition":[-25.6668,319.361,27.9722],"dipPosition":[-27.3219,275.861,-36.6665],"direction":[-0.218709,-0.755016,0.618157],"extended":false,"handId":222,"id":2223,"length":59.0831,"mcpPosition":[-17.2793,327.835,-28.2197],"pipPosition":[-21.7659,295.042,-52.3699],"stabilizedTipPosition":[-55.6764,250.716,49.1895],"timeVisible":0.759426,"tipPosition":[-29.1368,273.228,-24.411],"tipVelocity":[36.3954,-1.7351,-37.2036],"tool":false,"touchDistance":0.333333,"touchZone":"none","type":3,"width":16.5772},{"bases":[[[0.904281,-0.379236,0.196101],[0.320548,0.906475,0.274868],[-0.282001,-0.185698,0.941271]],[[0.908015,-0.376688,0.183344],[0.378632,0.550592,-0.743967],[0.179296,0.744953,0.642572]],[[0.908015,-0.376688,0.183344],[-0.0726776,-0.572641,-0.816578],[0.412586,0.72814,-0.547343]],[[0.908015,-0.376688,0.183344],[-0.309125,-0.897813,-0.313646],[0.282755,0.228119,-0.931671]]],"btipPosition":[-17.2696,281.535,-17.9923],"carpPosition":[-14.5815,312.482,28.3511],"dipPosition":[-12.8002,285.141,-32.719],"direction":[-0.412586,-0.72814,0.547343],"extended":false,"handId":222,"id":2224,"length":46.32,"mcpPosition":[0.413718,322.357,-21.7004],"pipPosition":[-5.40005,298.201,-42.5362],"s