{"sensorType":"Leap","data":[[0,{"currentFrameRate":110.628,"devices":[],"gestures":[],"hands":[{"armBasis":[[0.95236,0.1563,-0.261877],[-0.0255995,0.896625,0.44205],[0.303898,-0.414287,0.857912]],"armWidth":58.4334,"confidence":0.64773,"direction":[-0.017908,0.518583,-0.854839],"elbow":[47.5482,184.691,244.223],"grabStrength":0,"id":221,"palmNormal":[0.0241243,-0.854504,-0.518885],"palmPosition":[-35.4751,309.354,-12.5629],"palmVelocity":[76.3935,86.2964,-227.461],"palmWidth":83.4409,"pinchStrength":0.625716,"r":[[0.859691,-0.209035,0.466086],[0.217901,0.975325,0.035508],[-0.462007,0.0710345,0.884027]],"s":1.00492,"sphereCenter":[-26.8307,280.147,-48.7799],"sphereRadius":44.7904,"stabilizedPalmPosition":[-83.7173,256.1,159.047],"t":[72.7521,85.0977,-230.708],"timeVisible":0.560421,"type":"right","wrist":[-27.6967,287.268,31.8047]}],"id":268890,"interactionBox":{"center":[0,200,0],"size":[235.247,235.247,147.751]},"pointables":[{"bases":[[[0.377144,0.877521,0.296174],[-0.80823,0.155686,0.567913],[0.452246,-0.453562,0.767955]],[[0.231361,0.970818,0.063126],[-0.891649,0.185644,0.412915],[0.389146,-0.151819,0.908579]],[[0.231361,0.970818,0.063126],[-0.964212,0.237456,-0.117945],[-0.129492,-0.0335791,0.991012]],[[0.231361,0.970818,0.063126],[-0.797553,0.226427,-0.559143],[-0.557119,0.0790175,0.826664]]],"btipPosition":[-55.3406,282.699,-60.8975],"carpPosition":[-53.5326,276.396,29.4212],"dipPosition":[-67.2974,284.395,-43.1558],"direction":[0.129492,0.0335791,-0.991012],"extended":false,"handId":221,"id":2210,"length":47.7925,"mcpPosition":[-53.5326,276.396,29.4212],"pipPosition":[-71.3462,283.345,-12.17],"stabilizedTipPosition":[-112.56,238.826,96.0243],"timeVisible":0.560421,"tipPosition":[-57.9498,282.099,-56.9115],"tipVelocity":[102.038,108.291,-235.215],"tool":false,"touchDistance":-0.662529,"touchZone":"hovering","type":0,"width":18.5699},{"bases":[[[0.982352,0.116561,-0.146282],[-0.0513716,0.920139,0.388207],[0.179849,-0.373841,0.909889]],[[0.996921,0.0703065,-0.0347195],[-0.0632615,0.982775,0.173641],[0.0463295,-0.17091,0.984197]],[[0.996921,0.0703065,-0.0347195],[-0.0681119,0.995824,0.0607923],[0.0388486,-0.0582404,0.997546]],[[0.996921,0.0703065,-0.0347195],[-0.071148,0.997186,-0.0236265],[0.0329607,0.0260239,0.999118]]],"btipPosition":[-62.0845,329.866,-107.61],"carpPosition":[-46.7481,297.028,30.3165],"dipPosition":[-61.5681,330.274,-91.9559],"direction":[-0.0388486,0.0582404,-0.997546],"extended":true,"handId":221,"id":2211,"length":53.9285,"mcpPosition":[-58.8817,322.249,-31.0699],"pipPosition":[-60.707,328.983,-69.8452],"stabilizedTipPosition":[-118.587,286.094,42.8613],"timeVisible":0.560421,"tipPosition":[-61.395,328.304,-104.036],"tipVelocity":[108.641,137.56,-240.933],"tool":false,"touchDistance":-0.689674,"touchZone":"hovering","type":1,"width":17.738},{"bases":[[[0.991886,-0.0935985,-0.0860295],[0.119407,0.918168,0.37777],[0.0436309,-0.384977,0.921894]],[[0.991682,-0.0918835,-0.0901333],[-0.0185013,0.591242,-0.806282],[0.127375,0.801243,0.584624]],[[0.991682,-0.0918835,-0.0901333],[-0.116454,-0.342269,-0.932358],[0.0548185,0.935099,-0.350122]],[[0.991682,-0.0918835,-0.0901333],[-0.128708,-0.713181,-0.689063],[-0.000967755,0.694932,-0.719074]]],"btipPosition":[-45.7868,252.822,-34.5047],"carpPosition":[-35.9523,299.968,28.797],"dipPosition":[-45.8034,264.798,-46.8965],"direction":[-0.0548185,-0.935099,0.350122],"extended":false,"handId":221,"id":2212,"length":61.4471,"mcpPosition":[-38.7438,324.599,-30.1855],"pipPosition":[-44.3739,289.183,-56.0267],"stabilizedTipPosition":[-100.763,204.199,133.679],"timeVisible":0.560421,"tipPosition":[-45.7478,255.525,-37.0098],"tipVelocity":[97.4212,79.1471,-215.744],"tool":false,"touchDistance":0.333333,"touchZone":"none","type":2,"width":17.4211},{"bases":[[[0.975653,-0.218178,0.0223411],[0.191298,0.896394,0.399853],[-0.107266,-0.385844,0.916307]],[[0.975629,-0.218265,0.0225481],[0.137507,0.528077,-0.837989],[0.170997,0.820667,0.545221]],[[0.975629,-0.218265,0.0225481],[-0.0661232,-0.390427,-0.918256],[0.209227,0.894386,-0.395345]],[[0.975629,-0.218265,0.0225481],[-0.146948,-0.726225,-0.671568],[0.162955,0.651888,-0.740599]]],"btipPosition":[-33.7187,254.616,-24.7912],"carpPosition":[-24.767,299.967,27.4509],"dipPosition":[-30.9266,265.785,-37.4805],"direction":[-0.209227,-0.894386,0.395345],"extended":false,"handId":221,"id":2213,"length":59.0831,"mcpPosition":[-18.6053,322.131,-25.1845],"pipPosition":[-25.6115,288.506,-47.5237],"stabilizedTipPosition":[-87.6367,198.336,151.611],"timeVisible":0.560421,"tipPosition":[-32.9308,257.242,-27.6342],"tipVelocity":[86.2768,80.9952,-194.962],"tool":false,"touchDistance":0.333333,"touchZone":"none","type":3,"width":16.5772},{"bases":[[[0.911572,-0.40646,0.061867],[0.330486,0.813914,0.477833],[-0.244574,-0.415132,0.87627]],[[0.904777,-0.417309,0.0850456],[0.31256,0.515006,-0.79817],[0.289284,0.748747,0.596399]],[[0.904777,-0.417309,0.0850456],[-0.069239,-0.341166,-0.937449],[0.42022,0.842294,-0.337573]],[[0.904777,-0.417309,0.0850456],[-0.235672,-0.65692,-0.716181],[0.354737,0.627941,-0.692714]]],"btipPosition":[-23.1899,266.086,-23.2315],"carpPosition":[-13.6704,293.323,25.6979],"dipPosition":[-17.5827,276.012,-34.181],"direction":[-0.42022,-0.842294,0.337573],"extended":false,"handId":221,"id":2214,"length":46.32,"mcpPosition":[-0.665354,315.398,-20.8972],"pipPosition":[-10.0456,291.119,-40.2358],"stabilizedTipPosition":[-79.2856,208.219,151.054],"timeVisible":0.560421,"tipPosition":[-21.7296,268.455,-25.526],"tipVelocity":[86.9441,83.608,-205.604],"tool":false,"touchDistance":0.333333,"touchZone":"none","type":4,"width":14.7252}],"r":[[0.859691,-0.209035,0.466086],[0.217901,0.975325,0.035508],[-0.462007,0.0710345,0.884027]],"s":1.00492,"t":[72.7521,85.0977,-230.708],"timestamp":2808773937},false],[1,{"currentFrameRate":110.535,"devices":[],"gestures":[],"hands":[{"armBasis":[[0.954675,0.156384,-0.253259],[-0.0296435,0.896582,0.441885],[0.296171,-0.414349,0.86058]],"armWidth":58.4334,"confidence":0.654742,"direction":[-0.01733,0.517097,-0.855752],"elbow":[46.1278,185.235,243.958],"grabStrength":0,"id":221,"palmNormal":[0.0282579,-0.855285,-0.517387],"palmPosition":[-34.9365,309.814,-13.5457],"palmVelocity":[71.3724,76.1234,-193.641],"palmWidth":83.4409,"pinchStrength":0.614365,"r":[[0.857557,-0.206618,0.471068],[0.215714,0.975818,0.0353135],[-0.466973,0.0713325,0.88139]],"s":1.00908,"sphereCenter":[-26.3413,280.649,-49.701],"sphereRadius":44.7747,"stabilizedPalmPosition":[-83.5646,256.268,158.507],"t":[73.3193,85.6825,-232.092],"timeVisible":0.569633,"type":"right","wrist":[-27.2038,287.828,30.8791]}],"id":268891,"interactionBox":{"center":[0,200,0],"size":[235.247,235.247,147.751]},"pointables":[{"bases":[[[0.37352,0.879231,0.295695],[-0.810226,0.154013,0.565521],[0.451683,-0.450813,0.769903]],[[0.231003,0.97067,0.0666078],[-0.892706,0.184228,0.411262],[0.386929,-0.154464,0.90908]],[[0.231003,0.97067,0.0666078],[-0.964212,0.237546,-0.117758],[-0.130127,-0.0370216,0.990806]],[[0.231003,0.97067,0.0666078],[-0.79707,0.228059,-0.559167],[-0.557958,0.0760781,0.826375]]],"btipPosition":[-54.6667,283.463,-61.8832],"carpPosition":[-52.998,276.868,28.4458],"dipPosition":[-66.6415,285.096,-44.1477],"direction":[0.130127,0.0370216,-0.990806],"extended":false,"handId":221,"id":2210,"length":47.7925,"mcpPosition":[-52.998,276.868,28.4458],"pipPosition":[-70.7101,283.939,-13.1683],"stabilizedTipPosition":[-111.808,239.44,93.927],"timeVisible":0.569633,"tipPosition":[-57.2627,282.795,-57.8871],"tipVelocity":[93.8232,100.745,-199.352],"tool":false,"touchDistance":-0.639416,"touchZone":"hovering","type":0,"width":18.5699},{"bases":[[[0.982352,0.119499,-0.143889],[-0.0553725,0.920614,0.386528],[0.178656,-0.371739,0.910984]],[[0.99668,0.0741075,-0.0337254],[-0.0669975,0.981837,0.177505],[0.0462673,-0.174656,0.983542]],[[0.99668,0.0741075,-0.0337254],[-0.0717859,0.995267,0.0655043],[0.0384201,-0.0628658,0.997282]],[[0.99668,0.0741075,-0.0337254],[-0.0747592,0.99703,-0.0184883],[0.0322551,0.0209482,0.99926]]],"btipPosition":[-61.5156,330.549,-108.647],"carpPosition":[-46.2827,297.523,29.3244],"dipPosition":[-61.0103,330.877,-92.9903],"direction":[-0.0384201,0.0628658,-0.997282],"extended":true,"handId":221,"id":2211,"length":53.9285,"mcpPosition":[-58.3358,322.603,-32.1359],"pipPosition":[-60.1587,329.484,-70.8855],"stabilizedTipPosition":[-117.315,287.085,39.5694],"timeVisible":0.569633,"tipPosition":[-60.8318,328.982,-105.079],"tipVelocity":[95.4335,119.25,-204.958],"tool":false,"touchDistance":-0.664581,"touchZone":"hovering","type":1,"width":17.738},{"bases":[[[0.992407,-0.0905278,-0.0832602],[0.115439,0.919178,0.376543],[0.0424434,-0.383296,0.92265]],[[0.99221,-0.0888296,-0.0873452],[-0.0184662,0.588509,-0.80828],[0.123203,0.803596,0.582284]],[[0.99221,-0.0888296,-0.0873452],[-0.112952,-0.345697,-0.931523],[0.0525519,0.934132,-0.353037]],[[0.99221,-0.0888296,-0.0873452],[-0.12457,-0.715545,-0.68737],[-0.0014407,0.692896,-0.721037]]],"btipPosition":[-44.9993,253.199,-35.3084],"carpPosition":[-35.4925,300.496,27.8284],"dipPosition":[-45.0241,265.14,-47.734],"direction":[-0.0525519,-0.934132,0.353037],"extended":false,"handId":221,"id":2212,"length":61.4471,"mcpPosition":[-38.208,325.019,-31.2024],"pipPosition":[-43.6537,289.499,-56.9402],"stabilizedTipPosition":[-100.236,204.688,132.055],"timeVisible":0.569633,"tipPosition":[-44.9679,255.904,-37.8789],"tipVelocity":[94.0201,68.1837,-179.993],"tool":false,"touchDistance":0.333333,"touchZone":"none","type":2,"width":17.4211},{"bases":[[[0.976292,-0.214979,0.0252759],[0.187341,0.897675,0.398853],[-0.108434,-0.384661,0.916667]],[[0.97622,-0.215231,0.0258768],[0.138379,0.526818,-0.838638],[0.166868,0.822276,0.544074]],[[0.97622,-0.215231,0.0258768],[-0.0621922,-0.392416,-0.917683],[0.207668,0.894251,-0.39647]],[[0.97622,-0.215231,0.0258768],[-0.142708,-0.727912,-0.670656],[0.163182,0.651015,-0.741317]]],"btipPosition":[-32.9834,255.062,-25.6631],"carpPosition":[-24.3037,300.528,26.5117],"dipPosition":[-30.1875,266.216,-38.3647],"direction":[-0.207668,-0.894251,0.39647],"extended":false,"handId":221,"id":2213,"length":59.0831,"mcpPosition":[-18.0749,322.625,-26.1443],"pipPosition":[-24.9119,288.934,-48.4365],"stabilizedTipPosition":[-87.0746,198.939,149.779],"timeVisible":0.569633,"tipPosition":[-32.1944,257.684,-28.5162],"tipVelocity":[84.4948,71.7765,-166.957],"tool":false,"touchDistance":0.333333,"touchZone":"none","type":3,"width":16.5772},{"bases":[[[0.912715,-0.403401,0.0649484],[0.326589,0.815776,0.477337],[-0.245541,-0.414461,0.876317]],[[0.905884,-0.414249,0.0881619],[0.312962,0.514481,-0.798351],[0.285358,0.750804,0.595704]],[[0.905884,-0.414249,0.0881619],[-0.0656882,-0.343066,-0.937012],[0.418401,0.843032,-0.337989]],[[0.905884,-0.414249,0.0881619],[-0.231645,-0.65888,-0.715694],[0.354564,0.627914,-0.692827]]],"btipPosition":[-22.4865,266.566,-24.101],"carpPosition":[-13.1812,293.918,24.7991],"dipPosition":[-16.882,276.491,-35.0523],"direction":[-0.418401,-0.843032,0.337989],"extended":false,"handId":221,"id":2214,"length":46.32,"mcpPosition":[-0.12465,315.957,-21.7985],"pipPosition":[-9.37755,291.612,-41.1145],"stabilizedTipPosition":[-78.7218,208.807,149.33],"timeVisible":0.569633,"tipPosition":[-21.0289,268.935,-26.4022],"tipVelocity":[83.959,74.7722,-174.471],"tool":false,"touchDistance":0.333333,"touchZone":"none","type":4,"width":14.7252}],"r":[[0.857557,-0.206618,0.471068],[0.215714,0.975818,0.0353135],[-0.466973,0.0713325,0.88139]],"s":1.00908,"t":[73.3193,85.6825,-232.092],"timestamp":2808783149},false],[2,{"currentFrameRate":110.567,"devices":[],"gestures":[],"hands":[{"armBasis":[[0.95752,0.161471,-0.238921],[-0.0400359,0.894943,0.444381],[0.285575,-0.415938,0.86339]],"armWidth":58.4334,"confidence":0.659435,"direction":[-0.016631,0.517037,-0.855802],"elbow":[43.9287,185.752,242.805],"grabStrength":0,"id":221,"palmNormal":[0.0387882,-0.854942,-0.517271],"palmPosition":[-34.4335,310.662,-15.439],"palmVelocity":[67.1475,81.1092,-198.304],"palmWidth":83.4409,"pinchStrength":0.600761,"r":[[0.855604,-0.203209,0.476075],[0.21223,0.976577,0.0354234],[-0.472122,0.0707291,0.878691]],"s":1.01335,"sphereCenter":[-25.6387,281.644,-51.5597],"sphereRadius":44.7719,"stabilizedPalmPosition":[-83.4117,256.437,157.966],"t":[73.8545,86.3986,-233.731],"timeVisible":0.578621,"type":"right","wrist":[-26.7795,288.737,29.0301]}],"id":268892,"interactionBox":{"center":[0,200,0],"size":[235.247,235.247,147.751]},"pointables":[{"bases":[[[0.3641,0.882393,0.298015],[-0.814933,0.146922,0.560623],[0.450905,-0.446986,0.772586]],[[0.225191,0.971597,0.072716],[-0.895655,0.177055,0.407988],[0.383526,-0.157004,0.910087]],[[0.225191,0.971597,0.072716],[-0.965252,0.23263,-0.119044],[-0.132579,-0.0433815,0.990223]],[[0.225191,0.971597,0.072716],[-0.797299,0.22666,-0.559409],[-0.560002,0.0679974,0.825696]]],"btipPosition":[-53.855,284.639,-63.9022],"carpPosition":[-52.4627,277.555,26.4401],"dipPosition":[-65.8737,286.098,-46.1812],"direction":[0.132579,0.0433815,-0.990223],"extended":false,"handId":221,"id":2210,"length":47.7925,"mcpPosition":[-52.4627,277.555,26.4401],"pipPosition":[-70.019,284.742,-15.2201],"stabilizedTipPosition":[-111.047,240.068,91.8055],"timeVisible":0.578621,"tipPosition":[-56.3962,283.88,-59.8969],"tipVelocity":[92.5514,107.771,-206.389],"tool":false,"touchDistance":-0.634143,"touchZone":"hovering","type":0,"width":18.5699},{"bases":[[[0.982133,0.128016,-0.137937],[-0.0656756,0.920051,0.386255],[0.176356,-0.370295,0.91202]],[[0.996071,0.0834941,-0.0295174],[-0.0767537,0.980196,0.18255],[0.0441746,-0.179567,0.982753]],[[0.996071,0.0834941,-0.0295174],[-0.081215,0.994134,0.0714287],[0.0353081,-0.0687508,0.997009]],[[0.996071,0.0834941,-0.0295174],[-0.0838806,0.996402,-0.0121063],[0.0284004,0.0145346,0.999491]]],"btipPosition":[-60.7978,331.621,-110.647],"carpPosition":[-45.9318,298.268,27.3608],"dipPosition":[-60.3528,331.848,-94.9866],"direction":[-0.0353081,0.0687508,-0.997009],"extended":true,"handId":221,"id":2211,"length":53.9285,"mcpPosition":[-57.8298,323.25,-34.1694],"pipPosition":[-59.5702,330.324,-72.8878],"stabilizedTipPosition":[-116.072,288.064,36.3518],"timeVisible":0.578621,"tipPosition":[-60.1115,330.048,-107.085],"tipVelocity":[90.7408,118.53,-209.747],"tool":false,"touchDistance":-0.656443,"touchZone":"hovering","type":1,"width":17.738},{"bases":[[[0.993639,-0.0819238,-0.0772643],[0.105199,0.920095,0.377304],[0.0401803,-0.383032,0.922861]],[[0.993451,-0.0802233,-0.0813588],[-0.0188921,0.586926,-0.80942],[0.112686,0.805656,0.581566]],[[0.993451,-0.0802233,-0.0813588],[-0.104404,-0.348062,-0.93164],[0.0464213,0.934033,-0.354158]],[[0.993451,-0.0802233,-0.0813588],[-0.114214,-0.717228,-0.687415],[-0.00320609,0.692206,-0.721693]]],"btipPosition":[-43.8658,253.943,-37.1477],"carpPosition":[-35.1589,301.334,25.9303],"dipPosition":[-43.9211,265.872,-49.5846],"direction":[-0.0464213,-0.934033,0.354158],"extended":false,"handId":221,"id":2212,"length":61.4471,"mcpPosition":[-37.7296,325.84,-33.114],"pipPosition":[-42.7105,290.229,-58.82],"stabilizedTipPosition":[-99.6915,205.191,130.392],"timeVisible":0.578621,"tipPosition":[-43.8474,256.657,-39.7786],"tipVelocity":[102.609,72.1141,-186.833],"tool":false,"touchDistance":0.333333,"touchZone":"none","type":2,"width":17.4211},{"bases":[[[0.977945,-0.206523,0.0311629],[0.177148,0.899212,0.400046],[-0.110641,-0.385703,0.915965]],[[0.977757,-0.207174,0.0327096],[0.139387,0.525304,-0.839421],[0.156724,0.825309,0.542497]],[[0.977757,-0.207174,0.0327096],[-0.0531781,-0.395727,-0.916827],[0.202887,0.894695,-0.397942]],[[0.977757,-0.207174,0.0327096],[-0.132383,-0.730549,-0.669905],[0.162683,0.650674,-0.741726]]],"btipPosition":[-31.9704,255.927,-27.3442],"carpPosition":[-23.9631,301.463,24.6813],"dipPosition":[-29.183,267.076,-40.0528],"direction":[-0.202887,-0.894695,0.397942],"extended":false,"handId":221,"id":2213,"length":59.0831,"mcpPosition":[-17.6075,323.619,-27.9344],"pipPosition":[-24.0289,289.804,-50.162],"stabilizedTipPosition":[-86.4924,199.561,147.898],"timeVisible":0.578621,"tipPosition":[-31.1811,258.551,-30.2764],"tipVelocity":[92.1729,78.4437,-172.513],"tool":false,"touchDistance":0.333333,"touchZone":"none","type":3,"width":16.5772},{"bases":[[[0.915764,-0.395494,0.0704359],[0.316623,0.818511,0.479365],[-0.247238,-0.416683,0.874785]],[[0.90888,-0.406412,0.0936249],[0.313321,0.51722,-0.796438],[0.275257,0.753201,0.597429]],[[0.90888,-0.406412,0.0936249],[-0.0570378,-0.343509,-0.937416],[0.413138,0.846659,-0.335389]],[[0.90888,-0.406412,0.0936249],[-0.221582,-0.660746,-0.717158],[0.353324,0.631066,-0.690593]]],"btipPosition":[-21.5472,267.523,-25.921],"carpPosition":[-12.7736,294.95,23.0355],"dipPosition":[-15.9623,277.498,-36.837],"direction":[-0.413138,-0.846659,0.335389],"extended":false,"handId":221,"id":2214,"length":46.32,"mcpPosition":[0.37318,317.107,-23.4806],"pipPosition":[-8.55219,292.684,-42.8526],"stabilizedTipPosition":[-78.1489,209.405,147.587],"timeVisible":0.578621,"tipPosition":[-20.0968,269.905,-28.2149],"tipVelocity":[89.4588,83.8213,-181.908],"tool":false,"touchDistance":0.333333,"touchZone":"none","type":4,"width":14.7252}],"r":[[0.855604,-0.203209,0.476075],[0.21223,0.976577,0.0354234],[-0.472122,0.0707291,0.878691]],"s":1.01335,"t":[73.8545,86.3986,-233.731],"timestamp":2808792137},false],[3,{"currentFrameRate":110.576,"devices":[],"gestures":[],"hands":[{"armBasis":[[0.958451,0.164701,-0.232905],[-0.0456629,0.894533,0.444664],[0.281578,-0.415554,0.864887]],"armWidth":58.4334,"confidence":0.655319,"direction":[-0.0160227,0.516969,-0.855854],"elbow":[43.3567,186.39,241.951],"grabStrength":0,"id":221,"palmNormal":[0.0444913,-0.854747,-0.517134],"palmPosition":[-33.9614,311.171,-16.6899],"palmVelocity":[63.0576,74.2897,-181.856],"palmWidth":83.4409,"pinchStrength":0.582548,"r":[[0.853864,-0.199702,0.480662],[0.208523,0.977368,0.0356426],[-0.476901,0.0697951,0.876181]],"s":1.01801,"sphereCenter":[-25.1647,282.249,-52.8166],"sphereRadius":44.801,"stabilizedPalmPosition":[-83.2546,256.611,157.411],"t":[74.3581,87.011,-235.176],"timeVisible":0.587649,"type":"right","wrist":[-26.3617,289.281,27.8055]}],"id":268893,"interactionBox":{"center":[0,200,0],"size":[235.247,235.247,147.751]},"pointables":[{"bases":[[[0.359026,0.884043,0.299278],[-0.817538,0.143187,0.55779],[0.450258,-0.444933,0.774146]],[[0.224473,0.971217,0.079689],[-0.896092,0.17359,0.408517],[0.382925,-0.16311,0.909265]],[[0.224473,0.971217,0.079689],[-0.96565,0.232678,-0.115677],[-0.130889,-0.0509854,0.990085]],[[0.224473,0.971217,0.079689],[-0.799511,0.230304,-0.554745],[-0.557131,0.060813,0.828195]]],"btipPosition":[-53.4637,285.736,-65.2278],"carpPosition":[-51.9844,277.981,25.1263],"dipPosition":[-65.4207,287.041,-47.4531],"direction":[0.130889,0.0509854,-0.990085],"extended":false,"handId":221,"id":2210,"length":47.7925,"mcpPosition":[-51.9844,277.981,25.1263],"pipPosition":[-69.5132,285.447,-16.4963],"stabilizedTipPosition":[-110.249,240.737,89.5807],"timeVisible":0.587649,"tipPosition":[-55.891,284.869,-61.1953],"tipVelocity":[79.4368,110.483,-189.614],"tool":false,"touchDistance":-0.61876,"touchZone":"hovering","type":0,"width":18.5699},{"bases":[[[0.982011,0.132506,-0.134526],[-0.071221,0.919735,0.386025],[0.174879,-0.3695,0.912626]],[[0.995658,0.088809,-0.0278971],[-0.0820118,0.978651,0.188456],[0.0440381,-0.185349,0.981685]],[[0.995658,0.088809,-0.0278971],[-0.0864023,0.993197,0.078061],[0.0346399,-0.0753117,0.996558]],[[0.995658,0.088809,-0.0278971],[-0.0889862,0.996019,-0.0051731],[0.0273267,0.0076331,0.999597]]],"btipPosition":[-60.2808,332.504,-111.928],"carpPosition":[-45.5515,298.723,26.0697],"dipPosition":[-59.8526,332.623,-96.2666],"direction":[-0.0346399,0.0753117,-0.996558],"extended":true,"handId":221,"id":2211,"length":53.9285,"mcpPosition":[-57.3498,323.652,-35.5014],"pipPosition":[-59.0848,330.954,-74.1778],"stabilizedTipPosition":[-114.826,289.055,33.1263],"timeVisible":0.587649,"tipPosition":[-59.5907,330.913,-108.376],"tipVelocity":[81.4065,112.074,-191.074],"tool":false,"touchDistance":-0.638351,"touchZone":"hovering","type":1,"width":17.738},{"bases":[[[0.994265,-0.07738,-0.073814],[0.0996817,0.92056,0.377668],[0.0387263,-0.38286,0.922994]],[[0.994083,-0.0756772,-0.0779165],[-0.0189467,0.58553,-0.810429],[0.106953,0.807111,0.580632]],[[0.994083,-0.0756772,-0.0779165],[-0.0996436,-0.349847,-0.931492],[0.0432338,0.933745,-0.355318]],[[0.994083,-0.0756772,-0.0779165],[-0.108546,-0.718358,-0.687153],[-0.00397017,0.691545,-0.722322]]],"btipPosition":[-43.052,254.392,-38.3276],"carpPosition":[-34.7878,301.839,24.6766],"dipPosition":[-43.1204,266.309,-50.7753],"direction":[-0.0432338,-0.933745,0.355318],"extended":false,"handId":221,"id":2212,"length":61.4471,"mcpPosition":[-37.2655,326.334,-34.3762],"pipPosition":[-41.993,290.658,-60.0409],"stabilizedTipPosition":[-99.1122,205.722,128.637],"timeVisible":0.587649,"tipPosition":[-43.0411,257.113,-41.01],"tipVelocity":[99.0844,65.8515,-171.452],"tool":false,"touchDistance":0.333333,"touchZone":"none","type":2,"width":17.4211},{"bases":[[[0.978765,-0.202052,0.034558],[0.171646,0.900005,0.400659],[-0.112056,-0.38622,0.915575]],[[0.978495,-0.202971,0.0367392],[0.140343,0.524578,-0.839715],[0.151165,0.826813,0.541783]],[[0.978495,-0.202971,0.0367392],[-0.0480171,-0.397359,-0.916406],[0.200603,0.894935,-0.39856]],[[0.978495,-0.202971,0.0367392],[-0.126672,-0.731866,-0.669572],[0.162792,0.650519,-0.741838]]],"btipPosition":[-31.2305,256.448,-28.4897],"carpPosition":[-23.5884,302.019,23.4665],"dipPosition":[-28.4412,267.593,-41.2003],"direction":[-0.200603,-0.894935,0.39856],"extended":false,"handId":221,"id":2213,"length":59.0831,"mcpPosition":[-17.1515,324.205,-29.1268],"pipPosition":[-23.3452,290.328,-51.3251],"stabilizedTipPosition":[-85.8741,200.218,145.915],"timeVisible":0.587649,"tipPosition":[-30.4401,259.071,-31.4573],"tipVelocity":[89.373,72.7028,-159.965],"tool":false,"touchDistance":0.333333,"touchZone":"none","type":3,"width":16.5772},{"bases":[[[0.917312,-0.391305,0.0736149],[0.311212,0.819942,0.480461],[-0.248367,-0.417823,0.873921]],[[0.91036,-0.402312,0.0969014],[0.313575,0.517857,-0.795924],[0.270029,0.754963,0.597591]],[[0.91036,-0.402312,0.0969014],[-0.0524072,-0.344365,-0.937372],[0.410485,0.848268,-0.33458]],[[0.91036,-0.402312,0.0969014],[-0.216133,-0.661941,-0.717719],[0.35289,0.632439,-0.689557]]],"btipPosition":[-20.8532,268.083,-27.0872],"carpPosition":[-12.3636,295.557,21.8596],"dipPosition":[-15.2752,278.08,-37.9868],"direction":[-0.410485,-0.848268,0.33458],"extended":false,"handId":221,"id":2214,"length":46.32,"mcpPosition":[0.843159,317.774,-24.6106],"pipPosition":[-7.91267,293.294,-43.9879],"stabilizedTipPosition":[-77.5491,210.03,145.773],"timeVisible":0.587649,"tipPosition":[-19.4059,270.472,-29.3981],"tipVelocity":[85.9444,77.9767,-167.275],"tool":false,"touchDistance":0.333333,"touchZone":"none","type":4,"width":14.7252}],"r":[[0.853864,-0.199702,0.480662],[0.208523,0.977368,0.0356426],[-0.476901,0.0697951,0.876181]],"s":1.01801,"t":[74.3581,87.011,-235.176],"timestamp":2808801165},false],[4,{"currentFrameRate":110.67,"devices":[],"gestures":[],"hands":[{"armBasis":[[0.958822,0.165998,-0.230446],[-0.0483506,0.894969,0.443501],[0.279863,-0.414096,0.866142]],"armWidth":58.4334,"confidence":0.655678,"direction":[-0.0179493,0.517219,-0.855665],"elbow":[43.41,187.166,241.107],"grabStrength":0,"id":221,"palmNormal":[0.0470051,-0.85442,-0.517453],"palmPosition":[-33.5677,311.578,-17.8341],"palmVelocity":[57.9932,66.5934,-167.526],"palmWidth":83.4409,"pinchStrength":0.568095,"r":[[0.852603,-0.196394,0.484249],[0.20494,0.978118,0.0358571],[-0.480695,0.06867,0.874195]],"s":1.02271,"sphereCenter":[-25.0943,282.835,-53.9683],"sphereRadius":44.7533,"stabilizedPalmPosition":[-83.1,256.782,156.866],"t":[74.8067,87.5208,-236.471],"timeVisible":0.596518,"type":"right","wrist":[-25.8836,289.696,26.6509]}],"id":268894,"interactionBox":{"center":[0,200,0],"size":[235.247,235.247,147.751]},"pointables":[{"bases":[[[0.356343,0.885064,0.299468],[-0.817791,0.140412,0.558124],[0.451927,-0.443785,0.773832]],[[0.223969,0.970979,0.0838931],[-0.895807,0.171192,0.41015],[0.383886,-0.167013,0.908151]],[[0.223969,0.970979,0.0838931],[-0.966049,0.232556,-0.112547],[-0.12879,-0.0558379,0.990099]],[[0.223969,0.970979,0.0838931],[-0.800935,0.232422,-0.5518],[-0.555285,0.0563931,0.829746]]],"btipPosition":[-53.1,286.497,-66.3602],"carpPosition":[-51.4715,278.317,23.9765],"dipPosition":[-65.0174,287.708,-48.5523],"direction":[0.12879,0.0558379,-0.990099],"extended":false,"handId":221,"id":2210,"length":47.7925,"mcpPosition":[-51.4715,278.317,23.9765],"pipPosition":[-69.0443,285.962,-17.5951],"stabilizedTipPosition":[-109.443,241.419,87.3315],"timeVisible":0.596518,"tipPosition":[-55.5138,285.589,-62.3189],"tipVelocity":[69.2929,103.122,-172.586],"tool":false,"touchDistance":-0.602089,"touchZone":"hovering","type":0,"width":18.5699},{"bases":[[[0.981541,0.135648,-0.134819],[-0.073985,0.919369,0.386377],[0.17636,-0.36927,0.912434]],[[0.995226,0.0927971,-0.0302373],[-0.0850961,0.97675,0.196768],[0.0477938,-0.193256,0.979984]],[[0.995226,0.0927971,-0.0302373],[-0.0898517,0.992114,0.0873924],[0.0381086,-0.0842583,0.995715]],[[0.995226,0.0927971,-0.0302373],[-0.092699,0.995683,0.00463297],[0.0305367,-0.00180788,0.999532]]],"btipPosition":[-60.2081,333.502,-112.973],"carpPosition":[-45.1037,299.079,24.9251],"dipPosition":[-59.7296,333.473,-97.3125],"direction":[-0.0381086,0.0842583,-0.995715],"extended":true,"handId":221,"id":2211,"length":53.9285,"mcpPosition":[-57.0019,323.992,-36.6331],"pipPosition":[-58.8849,331.606,-75.2424],"stabilizedTipPosition":[-113.609,290.043,29.9587],"timeVisible":0.596518,"tipPosition":[-59.5006,331.855,-109.436],"tipVelocity":[61.9078,111.15,-171.214],"tool":false,"touchDistance":-0.618526,"touchZone":"hovering","type":1,"width":17.738},{"bases":[[[0.994479,-0.0742199,-0.0741859],[0.0969113,0.920736,0.37796],[0.0402534,-0.383063,0.922845]],[[0.994297,-0.0725784,-0.0781381],[-0.0214571,0.581561,-0.81322],[0.104464,0.810259,0.576687]],[[0.994297,-0.0725784,-0.0781381],[-0.0989383,-0.354305,-0.929881],[0.0398046,0.932309,-0.359465]],[[0.994297,-0.0725784,-0.0781381],[-0.106441,-0.72073,-0.684995],[-0.00660062,0.689406,-0.724345]]],"btipPosition":[-42.4675,254.73,-39.1479],"carpPosition":[-34.3504,302.229,23.5293],"dipPosition":[-42.5813,266.61,-51.6304],"direction":[-0.0398046,-0.932309,0.359465],"extended":false,"handId":221,"id":2212,"length":61.4471,"mcpPosition":[-36.9258,326.737,-35.5139],"pipPosition":[-41.5433,290.922,-61.0042],"stabilizedTipPosition":[-98.5137,206.269,126.833],"timeVisible":0.596518,"tipPosition":[-42.4758,257.469,-41.9736],"tipVelocity":[89.7673,58.0721,-150.284],"tool":false,"touchDistance":0.333333,"touchZone":"none","type":2,"width":17.4211},{"bases":[[[0.979409,-0.198978,0.0341472],[0.168948,0.9004,0.40092],[-0.11052,-0.386895,0.915477]],[[0.979069,-0.200152,0.0369262],[0.138784,0.523828,-0.840442],[0.148873,0.827975,0.540642]],[[0.979069,-0.200152,0.0369262],[-0.0469457,-0.398619,-0.915914],[0.198041,0.89501,-0.399672]],[[0.979069,-0.200152,0.0369262],[-0.124557,-0.73272,-0.669034],[0.160965,0.650431,-0.742314]]],"btipPosition":[-30.6921,256.864,-29.552],"carpPosition":[-23.152,302.445,22.3155],"dipPosition":[-27.9341,268.008,-42.2707],"direction":[-0.198041,-0.89501,0.399672],"extended":false,"handId":221,"id":2213,"length":59.0831,"mcpPosition":[-16.8034,324.669,-30.2722],"pipPosition":[-22.9031,290.745,-52.4238],"stabilizedTipPosition":[-85.2525,200.878,143.929],"timeVisible":0.596518,"tipPosition":[-29.9081,259.488,-32.5573],"tipVelocity":[81.3799,65.7109,-149.123],"tool":false,"touchDistance":0.333333,"touchZone":"none","type":3,"width":16.5772},{"bases":[[[0.918566,-0.388438,0.0731581],[0.308793,0.820748,0.480645],[-0.246745,-0.418913,0.873858]],[[0.911622,-0.399528,0.096556],[0.311681,0.518788,-0.796061],[0.267957,0.755802,0.597464]],[[0.911622,-0.399528,0.096556],[-0.0516517,-0.344403,-0.9374],[0.407772,0.849567,-0.334601]],[[0.911622,-0.399528,0.096556],[-0.21427,-0.662398,-0.717856],[0.350762,0.633724,-0.689463]]],"btipPosition":[-20.3338,268.532,-28.2381],"carpPosition":[-11.9075,296.018,20.7023],"dipPosition":[-14.7894,278.549,-39.1362],"direction":[-0.407772,-0.849567,0.334601],"extended":false,"handId":221,"id":2214,"length":46.32,"mcpPosition":[1.21305,318.294,-25.7645],"pipPosition":[-7.4756,293.787,-45.1377],"stabilizedTipPosition":[-76.9546,210.648,143.979],"timeVisible":0.596518,"tipPosition":[-18.895,270.926,-30.5573],"tipVelocity":[78.2819,70.6972,-157.093],"tool":false,"touchDistance":0.333333,"touchZone":"none","type":4,"width":14.7252}],"r":[[0.852603,-0.196394,0.484249],[0.20494,0.978118,0.0358571],[-0.480695,0.06867,0.874195]],"s":1.02271,"t":[74.8067,87.5208,-236.471],"timestamp":2808810034},false],[5,{"currentFrameRate":110.672,"devices":[],"gestures":[],"hands":[{"armBasis":[[0.960054,0.167854,-0.223878],[-0.0529668,0.894644,0.44363],[0.274756,-0.41405,0.867797]],"armWidth":58.4334,"confidence":0.66148,"direction":[-0.0195357,0.517362,-0.855543],"elbow":[42.5583,187.52,240.793],"grabStrength":0,"id":221,"palmNormal":[0.0515026,-0.85405,-0.517635],"palmPosition":[-33.214,311.896,-18.5589],"palmVelocity":[52.8057,57.9558,-143.483],"palmWidth":83.4409,"pinchStrength":0.552117,"r":[[0.851662,-0.192978,0.48727],[0.201148,0.978895,0.0361089],[-0.483954,0.0672607,0.872505]],"s":1.02757,"sphereCenter":[-24.8773,283.289,-54.7177],"sphereRadius":44.7603,"stabilizedPalmPosition":[-82.9403,256.958,156.304],"t":[75.2079,87.9348,-237.48],"timeVisible":0.605551,"type":"right","wrist":[-25.4709,290.038,25.9277]}],"id":268895,"interactionBox":{"center":[0,200,0],"size":[235.247,235.247,147.751]},"pointables":[{"bases":[[[0.351909,0.886639,0.300051],[-0.818981,0.136435,0.557365],[0.453245,-0.441878,0.774153]],[[0.222397,0.970874,0.0891296],[-0.895658,0.167339,0.41206],[0.385143,-0.171471,0.906787]],[[0.222397,0.970874,0.0891296],[-0.966942,0.231343,-0.107253],[-0.124749,-0.0623304,0.990229]],[[0.222397,0.970874,0.0891296],[-0.804921,0.234426,-0.545111],[-0.550129,0.0494889,0.833612]]],"btipPosition":[-52.9258,287.276,-67.1359],"carpPosition":[-51.0027,278.54,23.2254],"dipPosition":[-64.7326,288.338,-49.245],"direction":[0.124749,0.0623304,-0.990229],"extended":false,"handId":221,"id":2210,"length":47.7925,"mcpPosition":[-51.0027,278.54,23.2254],"pipPosition":[-68.6331,286.389,-18.2837],"stabilizedTipPosition":[-108.589,242.151,84.9443],"timeVisible":0.605551,"tipPosition":[-55.2326,286.299,-63.0601],"tipVelocity":[56.2949,97.4272,-148.121],"tool":false,"touchDistance":-0.581563,"touchZone":"hovering","type":0,"width":18.5699},{"bases":[[[0.981027,0.140272,-0.133828],[-0.0786584,0.918908,0.38655],[0.177198,-0.368689,0.912507]],[[0.994659,0.0983343,-0.031359],[-0.089952,0.974868,0.203814],[0.0506129,-0.199905,0.978507]],[[0.994659,0.0983343,-0.031359],[-0.0949748,0.990945,0.0949102],[0.040408,-0.091425,0.994992]],[[0.994659,0.0983343,-0.031359],[-0.0979931,0.995112,0.0122399],[0.0324093,-0.00910161,0.999433]]],"btipPosition":[-60.0852,334.25,-113.642],"carpPosition":[-44.7329,299.332,24.1857],"dipPosition":[-59.5774,334.108,-97.9826],"direction":[-0.040408,0.091425,-0.994992],"extended":true,"handId":221,"id":2211,"length":53.9285,"mcpPosition":[-56.6877,324.205,-37.3773],"pipPosition":[-58.6818,332.081,-75.9285],"stabilizedTipPosition":[-112.356,291.075,26.6866],"timeVisible":0.605551,"tipPosition":[-59.3596,332.586,-110.118],"tipVelocity":[48.808,102.565,-144.451],"tool":false,"touchDistance":-0.59504,"touchZone":"hovering","type":1,"width":17.738},{"bases":[[[0.994886,-0.0695493,-0.0732377],[0.0922377,0.921076,0.3783],[0.041147,-0.383121,0.922781]],[[0.994709,-0.0679749,-0.0770276],[-0.0234219,0.579988,-0.814288],[0.100026,0.811784,0.575327]],[[0.994709,-0.0679749,-0.0770276],[-0.0963125,-0.356155,-0.92945],[0.0357455,0.931951,-0.360818]],[[0.994709,-0.0679749,-0.0770276],[-0.102331,-0.721786,-0.684509],[-0.00906803,0.68877,-0.724924]]],"btipPosition":[-41.8229,254.99,-39.7665],"carpPosition":[-33.9932,302.532,22.8013],"dipPosition":[-41.9792,266.859,-52.2591],"direction":[-0.0357455,-0.931951,0.360818],"extended":false,"handId":221,"id":2212,"length":61.4471,"mcpPosition":[-36.6257,327.044,-36.2379],"pipPosition":[-41.047,291.162,-61.6682],"stabilizedTipPosition":[-97.8551,206.867,124.863],"timeVisible":0.605551,"tipPosition":[-41.8438,257.737,-42.6447],"tipVelocity":[84.3994,49.9311,-127.824],"tool":false,"touchDistance":0.333333,"touchZone":"none","type":2,"width":17.4211},{"bases":[[[0.980295,-0.194406,0.0350473],[0.164347,0.901071,0.401324],[-0.1096,-0.387656,0.915265]],[[0.979904,-0.195764,0.0382566],[0.137486,0.523921,-0.840597],[0.144515,0.828965,0.540308]],[[0.979904,-0.195764,0.0382566],[-0.044021,-0.399308,-0.915759],[0.194549,0.895673,-0.399902]],[[0.979904,-0.195764,0.0382566],[-0.120409,-0.733449,-0.668995],[0.159025,0.650944,-0.742282]]],"btipPosition":[-30.0871,257.198,-30.238],"carpPosition":[-22.7947,302.801,21.5984],"dipPosition":[-27.3624,268.351,-42.9561],"direction":[-0.194549,-0.895673,0.399902],"extended":false,"handId":221,"id":2213,"length":59.0831,"mcpPosition":[-16.499,325.069,-30.9772],"pipPosition":[-22.4202,291.104,-53.1151],"stabilizedTipPosition":[-84.5889,201.578,141.822],"timeVisible":0.605551,"tipPosition":[-29.3107,259.824,-33.2594],"tipVelocity":[77.1771,57.8487,-128.963],"tool":false,"touchDistance":0.333333,"touchZone":"none","type":3,"width":16.5772},{"bases":[[[0.920301,-0.384159,0.0739484],[0.304485,0.822052,0.481164],[-0.245633,-0.4203,0.873506]],[[0.913337,-0.395361,0.0974921],[0.310004,0.519861,-0.796017],[0.264031,0.757255,0.597371]],[[0.913337,-0.395361,0.0974921],[-0.0492701,-0.344956,-0.937325],[0.404212,0.85129,-0.334541]],[[0.913337,-0.395361,0.0974921],[-0.210563,-0.663472,-0.717961],[0.348537,0.635213,-0.689222]]],"btipPosition":[-19.7779,268.913,-28.9291],"carpPosition":[-11.5187,296.428,19.9944],"dipPosition":[-14.2687,278.954,-39.8234],"direction":[-0.404212,-0.85129,0.334541],"extended":false,"handId":221,"id":2214,"length":46.32,"mcpPosition":[1.54268,318.777,-26.4537],"pipPosition":[-7.01868,294.223,-45.8238],"stabilizedTipPosition":[-76.3275,211.298,142.097],"timeVisible":0.605551,"tipPosition":[-18.3486,271.312,-31.2643],"tipVelocity":[73.4253,63.0196,-134.868],"tool":false,"touchDistance":0.333333,"touchZone":"none","type":4,"width":14.7252}],"r":[[0.851662,-0.192978,0.48727],[0.201148,0.978895,0.0361089],[-0.483954,0.0672607,0.872505]],"s":1.02757,"t":[75.2079,87.9348,-237.48],"timestamp":2808819067},false],[6,{"currentFrameRate":110.639,"devices":[],"gestures":[],"hands":[{"armBasis":[[0.960749,0.167973,-0.220785],[-0.05456,0.894721,0.443281],[0.272,-0.413836,0.868767]],"armWidth":58.4334,"confidence":0.664337,"direction":[-0.0213873,0.517182,-0.855608],"elbow":[42.2385,187.812,240.55],"grabStrength":0,"id":221,"palmNormal":[0.05294,-0.854018,-0.517543],"palmPosition":[-32.9368,312.111,-19.0398],"palmVelocity":[46.6171,48.4433,-118.374],"palmWidth":83.4409,"pinchStrength":0.533412,"r":[[0.851058,-0.189857,0.489546],[0.197688,0.979595,0.036235],[-0.486436,0.0659395,0.871224]],"s":1.03255,"sphereCenter":[-24.8052,283.575,-55.2371],"sphereRadius":44.7905,"stabilizedPalmPosition":[-82.7754,257.14,155.726],"t":[75.5471,88.2493,-238.226],"timeVisible":0.614648,"type":"right","wrist":[-25.1085,290.277,25.4438]}],"id":268896,"interactionBox":{"center":[0,200,0],"size":[235.247,235.247,147.751]},"pointables":[{"bases":[[[0.350217,0.887456,0.299616],[-0.81881,0.134729,0.558031],[0.454861,-0.44076,0.773842]],[[0.223964,0.970012,0.0944316],[-0.894091,0.165936,0.416013],[0.387868,-0.177602,0.904442]],[[0.223964,0.970012,0.0944316],[-0.967215,0.233126,-0.100738],[-0.119732,-0.0687738,0.990421]],[[0.223964,0.970012,0.0944316],[-0.81243,0.239339,-0.531671],[-0.538328,0.0423564,0.84167]]],"btipPosition":[-53.0752,288.094,-67.6683],"carpPosition":[-50.6173,278.723,22.7647],"dipPosition":[-64.6288,289.003,-49.6045],"direction":[0.119732,0.0687738,-0.990421],"extended":false,"handId":221,"id":2210,"length":47.7925,"mcpPosition":[-50.6173,278.723,22.7647],"pipPosition":[-68.3724,286.853,-18.6371],"stabilizedTipPosition":[-107.671,242.953,82.3646],"timeVisible":0.614648,"tipPosition":[-55.2369,287.035,-63.5245],"tipVelocity":[37.9193,94.2718,-122.082],"tool":false,"touchDistance":-0.559129,"touchZone":"hovering","type":0,"width":18.5699},{"bases":[[[0.980605,0.1424,-0.134673],[-0.0803479,0.918795,0.386471],[0.178771,-0.368155,0.912416]],[[0.994269,0.101307,-0.034137],[-0.0919583,0.973333,0.210159],[0.0545172,-0.205815,0.977071]],[[0.994269,0.101307,-0.034137],[-0.0974091,0.990092,0.101135],[0.0440445,-0.0972306,0.994287]],[[0.994269,0.101307,-0.034137],[-0.100734,0.994748,0.0181231],[0.0357937,-0.0145805,0.999253]]],"btipPosition":[-60.1382,334.858,-114.03],"carpPosition":[-44.3923,299.528,23.7164],"dipPosition":[-59.5773,334.63,-98.3735],"direction":[-0.0440445,0.0972306,-0.994287],"extended":true,"handId":221,"id":2211,"length":53.9285,"mcpPosition":[-56.4532,324.366,-37.8405],"pipPosition":[-58.6011,332.475,-76.3351],"stabilizedTipPosition":[-111.057,292.161,23.2838],"timeVisible":0.614648,"tipPosition":[-59.3952,333.188,-110.519],"tipVelocity":[34.0424,92.0577,-116.267],"tool":false,"touchDistance":-0.5697,"touchZone":"hovering","type":1,"width":17.738},{"bases":[[[0.994975,-0.0673804,-0.0740617],[0.090536,0.921336,0.378077],[0.0427607,-0.382883,0.922807]],[[0.994797,-0.0658574,-0.0777306],[-0.025401,0.578544,-0.815256],[0.0986612,0.812988,0.573861]],[[0.994797,-0.0658574,-0.0777306],[-0.0962605,-0.357741,-0.928846],[0.0333639,0.931496,-0.362219]],[[0.994797,-0.0658574,-0.0777306],[-0.101267,-0.72268,-0.683724],[-0.011146,0.688038,-0.725589]]],"btipPosition":[-41.4355,255.166,-40.1341],"carpPosition":[-33.6607,302.752,22.3225],"dipPosition":[-41.6275,267.023,-52.6381],"direction":[-0.0333639,-0.931496,0.362219],"extended":false,"handId":221,"id":2212,"length":61.4471,"mcpPosition":[-36.3966,327.249,-36.7183],"pipPosition":[-40.7575,291.313,-62.0837],"stabilizedTipPosition":[-97.1382,207.516,122.728],"timeVisible":0.614648,"tipPosition":[-41.4667,257.917,-43.0506],"tipVelocity":[72.5633,41.3634,-103.682],"tool":false,"touchDistance":0.333333,"touchZone":"none","type":2,"width":17.4211},{"bases":[[[0.980748,-0.192252,0.0342552],[0.162708,0.901493,0.401044],[-0.107982,-0.387749,0.915418]],[[0.980324,-0.193747,0.0377881],[0.136054,0.52448,-0.840482],[0.143022,0.829086,0.54052]],[[0.980324,-0.193747,0.0377881],[-0.0435626,-0.399053,-0.915892],[0.192531,0.896225,-0.399642]],[[0.980324,-0.193747,0.0377881],[-0.119176,-0.733516,-0.669142],[0.157362,0.651472,-0.742173]]],"btipPosition":[-29.7083,257.419,-30.7521],"carpPosition":[-22.4639,303.045,21.1101],"dipPosition":[-27.0121,268.581,-43.4684],"direction":[-0.192531,-0.896225,0.399642],"extended":false,"handId":221,"id":2213,"length":59.0831,"mcpPosition":[-16.2611,325.319,-31.4742],"pipPosition":[-22.1211,291.349,-53.6208],"stabilizedTipPosition":[-83.8959,202.307,139.631],"timeVisible":0.614648,"tipPosition":[-28.9398,260.046,-33.7559],"tipVelocity":[67.1316,48.6305,-108.876],"tool":false,"touchDistance":0.333333,"touchZone":"none","type":3,"width":16.5772},{"bases":[[[0.921202,-0.38213,0.0732366],[0.303086,0.822794,0.480779],[-0.243978,-0.420698,0.873778]],[[0.914263,-0.393374,0.0968544],[0.308254,0.520353,-0.796374],[0.262874,0.757951,0.596998]],[[0.914263,-0.393374,0.0968544],[-0.0492569,-0.345238,-0.937222],[0.402116,0.852096,-0.335015]],[[0.914263,-0.393374,0.0968544],[-0.209684,-0.664044,-0.71769],[0.346636,0.635848,-0.689595]]],"btipPosition":[-19.4173,269.156,-29.4138],"carpPosition":[-11.1753,296.696,19.4978],"dipPosition":[-13.9382,279.206,-40.314],"direction":[-0.402116,-0.852096,0.335015],"extended":false,"handId":221,"id":2214,"length":46.32,"mcpPosition":[1.79808,319.067,-26.9648],"pipPosition":[-6.72577,294.49,-46.