{"sensorType":"Leap","data":[[0,{"currentFrameRate":110.364,"devices":[],"gestures":[],"hands":[{"armBasis":[[-0.817517,-0.575179,-0.0288922],[-0.48476,0.660184,0.573728],[0.310922,-0.483039,0.818536]],"armWidth":58.4334,"confidence":0.530841,"direction":[-0.368446,0.225391,-0.901913],"elbow":[38.3125,181.677,238.434],"grabStrength":0,"id":227,"palmNormal":[0.56508,-0.716069,-0.409792],"palmPosition":[-49.5181,314.22,-11.4745],"palmVelocity":[11.8126,15.4427,-172.142],"palmWidth":83.4409,"pinchStrength":1,"r":[[0.710554,-0.468026,0.525419],[0.603483,0.789326,-0.113019],[-0.361831,0.397387,0.843304]],"s":0.977519,"sphereCenter":[-38.1057,286.191,-44.4683],"sphereRadius":42.4853,"stabilizedPalmPosition":[-102.4,263.76,165.131],"t":[83.6977,94.2904,-251.528],"timeVisible":0.587552,"type":"left","wrist":[-38.6715,301.277,35.7654]}],"id":271233,"interactionBox":{"center":[0,200,0],"size":[235.247,235.247,147.751]},"pointables":[{"bases":[[[-0.874367,0.418613,0.245452],[0.485174,0.763953,0.42542],[0.00942746,-0.49106,0.871075]],[[-0.798973,0.585004,-0.13933],[0.577936,0.810993,0.0909978],[-0.16623,0.00781908,0.986056]],[[-0.798973,0.585004,-0.13933],[0.542868,0.60195,-0.58562],[0.25872,0.543532,0.798522]],[[-0.798973,0.585004,-0.13933],[0.378619,0.30934,-0.872328],[0.467215,0.74972,0.468648]]],"btipPosition":[-23.1276,277.306,-49.1937],"carpPosition":[-12.6202,310.749,30.9694],"dipPosition":[-13.1002,293.397,-39.1356],"direction":[-0.25872,-0.543532,-0.798522],"extended":false,"handId":227,"id":2270,"length":47.7925,"mcpPosition":[-12.6202,310.749,30.9694],"pipPosition":[-5.01089,310.391,-14.1684],"stabilizedTipPosition":[-71.735,249.593,82.8257],"timeVisible":0.587552,"tipPosition":[-20.5064,281.484,-47.5963],"tipVelocity":[4.47136,2.92182,-150.172],"tool":false,"touchDistance":-0.539599,"touchZone":"hovering","type":0,"width":18.5699},{"bases":[[[-0.789578,-0.613417,-0.0169011],[-0.594322,0.757561,0.269969],[0.1528,-0.223206,0.962721]],[[-0.740721,-0.646372,0.183128],[-0.595317,0.757847,0.266957],[0.311337,-0.0887216,0.946149]],[[-0.740721,-0.646372,0.183128],[-0.636562,0.762414,0.116247],[0.214758,0.0304659,0.976192]],[[-0.740721,-0.646372,0.183128],[-0.658398,0.752641,-0.00657055],[0.133583,0.125438,0.983067]]],"btipPosition":[-61.2559,336.828,-108.791],"carpPosition":[-31.828,320.915,30.4766],"dipPosition":[-59.163,338.794,-93.3878],"direction":[-0.214758,-0.0304659,-0.976192],"extended":true,"handId":227,"id":2271,"length":53.9285,"mcpPosition":[-42.1368,335.973,-34.4741],"pipPosition":[-54.4028,339.469,-71.7505],"stabilizedTipPosition":[-118.462,295.68,28.8439],"timeVisible":0.587552,"tipPosition":[-59.9851,336.427,-105.293],"tipVelocity":[39.5959,43.9952,-168.985],"tool":false,"touchDistance":-0.589716,"touchZone":"hovering","type":1,"width":17.738},{"bases":[[[-0.648711,-0.758031,0.0675476],[-0.715755,0.637865,0.284296],[0.258591,-0.136078,0.956354]],[[-0.644107,-0.760287,0.0841983],[-0.685236,0.524571,-0.505248],[-0.339966,0.38313,0.858857]],[[-0.644107,-0.760287,0.0841983],[0.0396599,-0.143117,-0.988911],[-0.763906,0.633626,-0.122336]],[[-0.644107,-0.760287,0.0841983],[0.512009,-0.510291,-0.690977],[-0.568307,0.401953,-0.717956]]],"btipPosition":[-13.4617,283.687,-53.398],"carpPosition":[-41.6581,315.366,30.1892],"dipPosition":[-23.2552,290.614,-65.7705],"direction":[0.763906,-0.633626,0.122336],"extended":false,"handId":227,"id":2272,"length":61.4471,"mcpPosition":[-58.2027,324.072,-30.998],"pipPosition":[-43.1757,307.137,-68.9606],"stabilizedTipPosition":[-77.6258,247.413,92.2425],"timeVisible":0.587552,"tipPosition":[-16.2432,285.544,-57.6786],"tipVelocity":[35.5125,15.224,-105.264],"tool":false,"touchDistance":0.333333,"touchZone":"none","type":2,"width":17.4211},{"bases":[[[-0.547772,-0.815708,0.185922],[-0.751665,0.577414,0.318737],[0.36735,-0.0348441,0.92943]],[[-0.528089,-0.816419,0.233628],[-0.810314,0.402177,-0.426199],[-0.253997,0.414383,0.873941]],[[-0.528089,-0.816419,0.233628],[-0.110482,-0.206726,-0.972141],[-0.841972,0.539188,-0.0189701]],[[-0.528089,-0.816419,0.233628],[0.440795,-0.498693,-0.746328],[-0.725825,0.291145,-0.623228]]],"btipPosition":[-26.5854,273.834,-47.5751],"carpPosition":[-49.716,307.497,30.4616],"dipPosition":[-39.0216,278.823,-58.2534],"direction":[0.841972,-0.539188,0.0189701],"extended":false,"handId":227,"id":2273,"length":59.0831,"mcpPosition":[-70.8177,309.498,-22.9276],"pipPosition":[-60.4108,292.52,-58.7353],"stabilizedTipPosition":[-77.0541,239.69,75.1054],"timeVisible":0.587552,"tipPosition":[-30.3738,275.035,-51.5338],"tipVelocity":[38.1502,23.3534,-123.825],"tool":false,"touchDistance":0.333333,"touchZone":"none","type":3,"width":16.5772},{"bases":[[[-0.369796,-0.898376,0.237006],[-0.792286,0.43815,0.424627],[0.485319,0.0307513,0.873796]],[[-0.451561,-0.889094,0.0748689],[-0.843911,0.398353,-0.359346],[-0.289668,0.225449,0.930196]],[[-0.451561,-0.889094,0.0748689],[-0.102427,-0.031701,-0.994235],[-0.886342,0.456626,0.0767525]],[[-0.451561,-0.889094,0.0748689],[0.465017,-0.306128,-0.83069],[-0.76148,0.340292,-0.551678]]],"btipPosition":[-41.5769,272.391,-38.2071],"carpPosition":[-53.097,294.906,31.075],"dipPosition":[-53.6134,277.77,-46.9273],"direction":[0.886342,-0.456626,-0.0767525],"extended":false,"handId":227,"id":2274,"length":46.32,"mcpPosition":[-78.9035,293.271,-15.3885],"pipPosition":[-69.5109,285.96,-45.5507],"stabilizedTipPosition":[-100.242,221.407,130.716],"timeVisible":0.587552,"tipPosition":[-45.1948,274.043,-41.5233],"tipVelocity":[35.4546,12.7158,-133.34],"tool":false,"touchDistance":-0.517594,"touchZone":"hovering","type":4,"width":14.7252}],"r":[[0.710554,-0.468026,0.525419],[0.603483,0.789326,-0.113019],[-0.361831,0.397387,0.843304]],"s":0.977519,"t":[83.6977,94.2904,-251.528],"timestamp":2830330745},false],[1,{"currentFrameRate":110.351,"devices":[],"gestures":[],"hands":[{"armBasis":[[-0.819076,-0.572975,-0.0285303],[-0.483891,0.663305,0.570855],[0.308161,-0.481379,0.820555]],"armWidth":58.4334,"confidence":0.534899,"direction":[-0.366699,0.229149,-0.901678],"elbow":[37.5964,182.054,238.252],"grabStrength":0,"id":227,"palmNormal":[0.561561,-0.7182,-0.410899],"palmPosition":[-49.4532,314.338,-12.1372],"palmVelocity":[10.5185,14.755,-144.681],"palmWidth":83.4409,"pinchStrength":1,"r":[[0.70789,-0.470584,0.526728],[0.605532,0.788242,-0.109575],[-0.363625,0.396518,0.842942]],"s":0.979187,"sphereCenter":[-38.2343,286.337,-45.1439],"sphereRadius":42.4402,"stabilizedPalmPosition":[-102.396,263.764,165.118],"t":[83.7466,94.4167,-252.626],"timeVisible":0.596638,"type":"left","wrist":[-38.704,301.243,35.083]}],"id":271234,"interactionBox":{"center":[0,200,0],"size":[235.247,235.247,147.751]},"pointables":[{"bases":[[[-0.872305,0.422708,0.245769],[0.488922,0.760529,0.427261],[0.00630775,-0.492863,0.870084]],[[-0.795687,0.589564,-0.138913],[0.582142,0.807695,0.0934834],[-0.167314,0.00648363,0.985882]],[[-0.795687,0.589564,-0.138913],[0.546679,0.600248,-0.583819],[0.260817,0.540478,0.799911]],[[-0.795687,0.589564,-0.138913],[0.379292,0.306166,-0.873155],[0.472251,0.747447,0.467229]]],"btipPosition":[-23.2317,277.35,-49.8462],"carpPosition":[-12.6004,310.587,30.322],"dipPosition":[-13.0963,293.391,-39.8185],"direction":[-0.260817,-0.540478,-0.799911],"extended":false,"handId":227,"id":2270,"length":47.7925,"mcpPosition":[-12.6004,310.587,30.322],"pipPosition":[-4.94138,310.29,-14.8079],"stabilizedTipPosition":[-71.713,249.606,82.7692],"timeVisible":0.596638,"tipPosition":[-20.5971,281.503,-48.249],"tipVelocity":[0.819002,3.09099,-128.695],"tool":false,"touchDistance":-0.523864,"touchZone":"hovering","type":0,"width":18.5699},{"bases":[[[-0.792782,-0.609221,-0.0186227],[-0.590497,0.760128,0.271142],[0.15103,-0.225953,0.962359]],[[-0.744043,-0.642891,0.181911],[-0.59131,0.760371,0.26868],[0.311052,-0.0923435,0.945896]],[[-0.744043,-0.642891,0.181911],[-0.632529,0.765476,0.118129],[0.215193,0.027171,0.976194]],[[-0.744043,-0.642891,0.181911],[-0.654438,0.756101,-0.00461595],[0.134576,0.122484,0.983304]]],"btipPosition":[-61.0766,337.215,-109.398],"carpPosition":[-31.7541,320.854,29.8381],"dipPosition":[-58.9681,339.134,-93.992],"direction":[-0.215193,-0.027171,-0.976194],"extended":true,"handId":227,"id":2271,"length":53.9285,"mcpPosition":[-41.9435,336.098,-35.0882],"pipPosition":[-54.1983,339.737,-72.3546],"stabilizedTipPosition":[-118.222,295.854,28.2853],"timeVisible":0.596638,"tipPosition":[-59.8102,336.827,-105.905],"tipVelocity":[34.2084,43.2858,-140.702],"tool":false,"touchDistance":-0.568183,"touchZone":"hovering","type":1,"width":17.738},{"bases":[[[-0.652729,-0.754744,0.0656183],[-0.712566,0.641044,0.285153],[0.257282,-0.13937,0.956233]],[[-0.648249,-0.75701,0.0819065],[-0.680114,0.527294,-0.509318],[-0.34237,0.385871,0.856672]],[[-0.648249,-0.75701,0.0819065],[0.0485603,-0.148453,-0.987726],[-0.759878,0.636315,-0.132995]],[[-0.648249,-0.75701,0.0819065],[0.517457,-0.516898,-0.68195],[-0.55858,0.39969,-0.726798]]],"btipPosition":[-13.4992,283.738,-53.519],"carpPosition":[-41.6131,315.358,29.5335],"dipPosition":[-23.1252,290.625,-66.0439],"direction":[0.759878,-0.636315,0.132995],"extended":false,"handId":227,"id":2272,"length":61.4471,"mcpPosition":[-58.0738,324.275,-31.6459],"pipPosition":[-42.9406,307.219,-69.512],"stabilizedTipPosition":[-76.9985,247.797,90.7364],"timeVisible":0.596638,"tipPosition":[-16.2091,285.561,-57.8643],"tipVelocity":[25.7132,12.2733,-80.8811],"tool":false,"touchDistance":0.333333,"touchZone":"none","type":2,"width":17.4211},{"bases":[[[-0.552167,-0.81319,0.183937],[-0.748815,0.580713,0.31945],[0.366588,-0.0386552,0.92958]],[[-0.532763,-0.814103,0.231082],[-0.807182,0.406824,-0.427727],[-0.254205,0.414403,0.873871]],[[-0.532763,-0.814103,0.231082],[-0.105458,-0.207066,-0.972627],[-0.839668,0.542549,-0.0244636]],[[-0.532763,-0.814103,0.231082],[0.444654,-0.501623,-0.742063],[-0.720032,0.292592,-0.629241]]],"btipPosition":[-26.6873,273.976,-48.0148],"carpPosition":[-49.7124,307.531,29.7851],"dipPosition":[-39.0242,278.989,-58.7961],"direction":[0.839668,-0.542549,0.0244636],"extended":false,"handId":227,"id":2273,"length":59.0831,"mcpPosition":[-70.7703,309.751,-23.6127],"pipPosition":[-60.3549,292.772,-59.4175],"stabilizedTipPosition":[-76.2702,240.275,73.0337],"timeVisible":0.596638,"tipPosition":[-30.3928,275.166,-51.9717],"tipVelocity":[25.182,21.3888,-103.667],"tool":false,"touchDistance":0.333333,"touchZone":"none","type":3,"width":16.5772},{"bases":[[[-0.374661,-0.896896,0.234961],[-0.790233,0.441451,0.425033],[0.484934,0.0264313,0.874151]],[[-0.455707,-0.887045,0.0740456],[-0.840132,0.401133,-0.365063],[-0.294125,0.22857,0.928034]],[[-0.455707,-0.887045,0.0740456],[-0.0924281,-0.0355804,-0.995083],[-0.885318,0.460311,0.0657736]],[[-0.455707,-0.887045,0.0740456],[0.472995,-0.311782,-0.824055],[-0.75406,0.340505,-0.561649]]],"btipPosition":[-41.6105,272.501,-38.5054],"carpPosition":[-53.1599,294.957,30.371],"dipPosition":[-53.5297,277.883,-47.3832],"direction":[0.885318,-0.460311,-0.0657736],"extended":false,"handId":227,"id":2274,"length":46.32,"mcpPosition":[-78.946,293.551,-16.1115],"pipPosition":[-69.4088,286.14,-46.2035],"stabilizedTipPosition":[-99.8932,221.734,129.648],"timeVisible":0.596638,"tipPosition":[-45.1671,274.139,-41.8764],"tipVelocity":[25.439,12.5672,-106.623],"tool":false,"touchDistance":-0.499186,"touchZone":"hovering","type":4,"width":14.7252}],"r":[[0.70789,-0.470584,0.526728],[0.605532,0.788242,-0.109575],[-0.363625,0.396518,0.842942]],"s":0.979187,"t":[83.7466,94.4167,-252.626],"timestamp":2830339831},false],[2,{"currentFrameRate":110.281,"devices":[],"gestures":[],"hands":[{"armBasis":[[-0.82218,-0.568557,-0.0276316],[-0.480004,0.666397,0.570536],[0.305969,-0.482346,0.820808]],"armWidth":58.4334,"confidence":0.531331,"direction":[-0.363332,0.231253,-0.902503],"elbow":[36.9234,181.776,237.589],"grabStrength":0,"id":227,"palmNormal":[0.557502,-0.72216,-0.409483],"palmPosition":[-49.3998,314.353,-12.8895],"palmVelocity":[9.20205,11.088,-127.121],"palmWidth":83.4409,"pinchStrength":1,"r":[[0.704899,-0.473541,0.528087],[0.608271,0.786533,-0.106637],[-0.364861,0.396388,0.842468]],"s":0.980841,"sphereCenter":[-38.3226,286.382,-45.837],"sphereRadius":42.3691,"stabilizedPalmPosition":[-102.393,263.766,165.109],"t":[83.7978,94.4873,-253.551],"timeVisible":0.605829,"type":"left","wrist":[-38.8342,301.205,34.3574]}],"id":271235,"interactionBox":{"center":[0,200,0],"size":[235.247,235.247,147.751]},"pointables":[{"bases":[[[-0.86991,0.428712,0.243849],[0.493208,0.757376,0.427934],[0.00122511,-0.492532,0.870293]],[[-0.79119,0.595036,-0.141248],[0.587932,0.803636,0.0922248],[-0.168389,0.0100768,0.985669]],[[-0.79119,0.595036,-0.141248],[0.551496,0.594357,-0.585314],[0.264331,0.540992,0.798409]],[[-0.79119,0.595036,-0.141248],[0.377848,0.294,-0.877949],[0.480885,0.747994,0.457443]]],"btipPosition":[-23.5356,276.94,-50.2564],"carpPosition":[-12.6583,310.37,29.645],"dipPosition":[-13.2149,292.994,-40.4388],"direction":[-0.264331,-0.540992,-0.798409],"extended":false,"handId":227,"id":2270,"length":47.7925,"mcpPosition":[-12.6583,310.37,29.645],"pipPosition":[-4.95014,309.909,-15.4751],"stabilizedTipPosition":[-71.6975,249.616,82.729],"timeVisible":0.605829,"tipPosition":[-20.8194,281.139,-48.7273],"tipVelocity":[-7.35736,-10.1357,-106.669],"tool":false,"touchDistance":-0.50669,"touchZone":"hovering","type":0,"width":18.5699},{"bases":[[[-0.796854,-0.603843,-0.0199667],[-0.585874,0.764225,0.269651],[0.147568,-0.226571,0.962751]],[[-0.74853,-0.637824,0.181334],[-0.586304,0.764357,0.268341],[0.309758,-0.0945443,0.946103]],[[-0.74853,-0.637824,0.181334],[-0.627277,0.769768,0.11824],[0.215002,0.0252405,0.976287]],[[-0.74853,-0.637824,0.181334],[-0.649158,0.760643,-0.00417856],[0.135265,0.120842,0.983413]]],"btipPosition":[-60.7856,337.325,-110.156],"carpPosition":[-31.7411,320.767,29.1185],"dipPosition":[-58.6662,339.218,-94.7482],"direction":[-0.215002,-0.0252405,-0.976287],"extended":true,"handId":227,"id":2271,"length":53.9285,"mcpPosition":[-41.6968,336.053,-35.8342],"pipPosition":[-53.9007,339.777,-73.1087],"stabilizedTipPosition":[-118.011,296.006,27.7948],"timeVisible":0.605829,"tipPosition":[-59.5173,336.949,-106.668],"tipVelocity":[33.5729,34.3312,-124.413],"tool":false,"touchDistance":-0.551061,"touchZone":"hovering","type":1,"width":17.738},{"bases":[[[-0.657959,-0.750276,0.0646136],[-0.708775,0.645976,0.283465],[0.254416,-0.140712,0.956803]],[[-0.653572,-0.752544,0.0807529],[-0.67414,0.530312,-0.514105],[-0.344063,0.390443,0.853917]],[[-0.653572,-0.752544,0.0807529],[0.0556254,-0.154165,-0.986478],[-0.754818,0.640242,-0.142619]],[[-0.653572,-0.752544,0.0807529],[0.520462,-0.524331,-0.673941],[-0.549512,0.39844,-0.734358]]],"btipPosition":[-13.5526,283.52,-53.7896],"carpPosition":[-41.6364,315.337,28.7964],"dipPosition":[-23.0223,290.386,-66.4447],"direction":[0.754818,-0.640242,0.142619],"extended":false,"handId":227,"id":2272,"length":61.4471,"mcpPosition":[-57.9138,324.34,-32.4195],"pipPosition":[-42.7058,307.082,-70.1638],"stabilizedTipPosition":[-76.5404,248.076,89.634],"timeVisible":0.605829,"tipPosition":[-16.1941,285.318,-58.1643],"tipVelocity":[17.995,2.0665,-67.4149],"tool":false,"touchDistance":0.333333,"touchZone":"none","type":2,"width":17.4211},{"bases":[[[-0.558033,-0.809353,0.183157],[-0.745501,0.585907,0.317714],[0.364455,-0.0407512,0.930329]],[[-0.538937,-0.810378,0.229857],[-0.802884,0.41165,-0.431187],[-0.254804,0.416931,0.872493]],[[-0.538937,-0.810378,0.229857],[-0.100045,-0.209366,-0.972706],[-0.836384,0.547223,-0.031761]],[[-0.538937,-0.810378,0.229857],[0.447992,-0.506834,-0.736493],[-0.713337,0.293949,-0.636195]]],"btipPosition":[-26.8151,273.885,-48.447],"carpPosition":[-49.7891,307.565,29.0349],"dipPosition":[-39.0373,278.922,-59.3475],"direction":[0.836384,-0.547223,0.031761],"extended":false,"handId":227,"id":2273,"length":59.0831,"mcpPosition":[-70.7245,309.906,-24.4059],"pipPosition":[-60.2845,292.823,-60.1543],"stabilizedTipPosition":[-75.7214,240.684,71.575],"timeVisible":0.605829,"tipPosition":[-30.4435,275.065,-52.4129],"tipVelocity":[15.06,12.8137,-88.6688],"tool":false,"touchDistance":0.333333,"touchZone":"none","type":3,"width":16.5772},{"bases":[[[-0.3812,-0.894239,0.234571],[-0.788072,0.446973,0.423269],[0.483351,0.0235087,0.875111]],[[-0.461488,-0.884029,0.0743047],[-0.835702,0.405093,-0.370812],[-0.297709,0.233222,0.925731]],[[-0.461488,-0.884029,0.0743047],[-0.0832899,-0.0402123,-0.995714],[-0.883228,0.465699,0.0550731]],[[-0.461488,-0.884029,0.0743047],[0.47996,-0.319236,-0.817146],[-0.746101,0.34144,-0.571622]]],"btipPosition":[-41.7364,272.453,-38.8842],"carpPosition":[-53.3229,295.015,29.6189],"dipPosition":[-53.5298,277.85,-47.9197],"direction":[0.883228,-0.465699,-0.0550731],"extended":false,"handId":227,"id":2274,"length":46.32,"mcpPosition":[-79.0248,293.765,-16.9146],"pipPosition":[-69.3714,286.202,-46.9319],"stabilizedTipPosition":[-99.6465,221.965,128.889],"timeVisible":0.605829,"tipPosition":[-45.2188,274.073,-42.2936],"tipVelocity":[15.3801,7.68116,-89.4446],"tool":false,"touchDistance":-0.483827,"touchZone":"hovering","type":4,"width":14.7252}],"r":[[0.704899,-0.473541,0.528087],[0.608271,0.786533,-0.106637],[-0.364861,0.396388,0.842468]],"s":0.980841,"t":[83.7978,94.4873,-253.551],"timestamp":2830349022},false],[3,{"currentFrameRate":110.337,"devices":[],"gestures":[],"hands":[{"armBasis":[[-0.822784,-0.567657,-0.0281646],[-0.479612,0.666872,0.570311],[0.304958,-0.48275,0.820946]],"armWidth":58.4334,"confidence":0.535889,"direction":[-0.362542,0.232612,-0.902471],"elbow":[36.6591,181.694,237.043],"grabStrength":0,"id":227,"palmNormal":[0.556611,-0.722632,-0.409862],"palmPosition":[-49.3711,314.429,-13.4628],"palmVelocity":[7.56123,10.3834,-109.831],"palmWidth":83.4409,"pinchStrength":1,"r":[[0.702301,-0.47621,0.529148],[0.6107,0.784992,-0.104081],[-0.365812,0.396247,0.842122]],"s":0.982457,"sphereCenter":[-38.3705,286.508,-46.4044],"sphereRadius":42.3364,"stabilizedPalmPosition":[-102.391,263.768,165.102],"t":[83.8377,94.5608,-254.3],"timeVisible":0.614794,"type":"left","wrist":[-38.8483,301.223,33.7774]}],"id":271236,"interactionBox":{"center":[0,200,0],"size":[235.247,235.247,147.751]},"pointables":[{"bases":[[[-0.869381,0.429804,0.243812],[0.494142,0.756246,0.428855],[0.000057732,-0.493316,0.86985]],[[-0.790146,0.596412,-0.141283],[0.589095,0.802625,0.0935989],[-0.169221,0.00927236,0.985535]],[[-0.790146,0.596412,-0.141283],[0.552914,0.594126,-0.58421],[0.26449,0.539729,0.799211]],[[-0.790146,0.596412,-0.141283],[0.377813,0.292436,-0.878487],[0.482624,0.747512,0.456399]]],"btipPosition":[-23.5379,277.01,-50.812],"carpPosition":[-12.6564,310.353,29.0859],"dipPosition":[-13.1799,293.053,-41.0168],"direction":[-0.26449,-0.539729,-0.799211],"extended":false,"handId":227,"id":2270,"length":47.7925,"mcpPosition":[-12.6564,310.353,29.0859],"pipPosition":[-4.9101,309.928,-16.028],"stabilizedTipPosition":[-71.687,249.622,82.7018],"timeVisible":0.614794,"tipPosition":[-20.8259,281.191,-49.2778],"tipVelocity":[-5.15084,-5.31893,-94.5921],"tool":false,"touchDistance":-0.492764,"touchZone":"hovering","type":0,"width":18.5699},{"bases":[[[-0.797754,-0.602621,-0.0208977],[-0.584852,0.764865,0.270054],[0.146757,-0.227659,0.962618]],[[-0.749396,-0.636914,0.180957],[-0.584942,0.764893,0.269779],[0.310239,-0.0963224,0.945766]],[[-0.749396,-0.636914,0.180957],[-0.625923,0.770583,0.12009],[0.215929,0.0232697,0.976132]],[[-0.749396,-0.636914,0.180957],[-0.647894,0.761727,-0.00206946],[0.136522,0.118792,0.983489]]],"btipPosition":[-60.7721,337.556,-110.691],"carpPosition":[-31.7231,320.779,28.5596],"dipPosition":[-58.633,339.417,-95.2815],"direction":[-0.215929,-0.0232697,-0.976132],"extended":true,"handId":227,"id":2271,"length":53.9285,"mcpPosition":[-41.6242,336.138,-36.3842],"pipPosition":[-53.847,339.933,-73.6454],"stabilizedTipPosition":[-117.833,296.135,27.3792],"timeVisible":0.614794,"tipPosition":[-59.4991,337.194,-107.209],"tipVelocity":[24.9347,31.7669,-106.671],"tool":false,"touchDistance":-0.532301,"touchZone":"hovering","type":1,"width":17.738},{"bases":[[[-0.659122,-0.74934,0.0636183],[-0.707938,0.64679,0.283702],[0.253737,-0.141956,0.9568]],[[-0.654744,-0.75163,0.0797638],[-0.672176,0.530749,-0.516222],[-0.345674,0.391609,0.852732]],[[-0.654744,-0.75163,0.0797638],[0.0601146,-0.156977,-0.985771],[-0.753457,0.640633,-0.147964]],[[-0.654744,-0.75163,0.0797638],[0.523587,-0.527125,-0.669325],[-0.545131,0.396473,-0.738675]]],"btipPosition":[-13.5391,283.599,-54.0919],"carpPosition":[-41.6265,315.364,28.2277],"dipPosition":[-22.9332,290.431,-66.8214],"direction":[0.753457,-0.640633,0.147964],"extended":false,"handId":227,"id":2272,"length":61.4471,"mcpPosition":[-57.8605,324.447,-32.9879],"pipPosition":[-42.5812,307.137,-70.6799],"stabilizedTipPosition":[-76.2162,248.274,88.8526],"timeVisible":0.614794,"tipPosition":[-16.1381,285.374,-58.4688],"tipVelocity":[14.0143,3.67249,-58.7144],"tool":false,"touchDistance":0.333333,"touchZone":"none","type":2,"width":17.4211},{"bases":[[[-0.559343,-0.808674,0.182157],[-0.744771,0.586745,0.317878],[0.36394,-0.0421379,0.930469]],[[-0.540609,-0.809769,0.228069],[-0.80067,0.412043,-0.434912],[-0.258204,0.417725,0.871112]],[[-0.540609,-0.809769,0.228069],[-0.0922316,-0.212416,-0.972817],[-0.836203,0.546949,-0.0401478]],[[-0.540609,-0.809769,0.228069],[0.455005,-0.509467,-0.730352],[-0.70761,0.291063,-0.643871]]],"btipPosition":[-26.7508,274.028,-48.6335],"carpPosition":[-49.791,307.604,28.4553],"dipPosition":[-38.8749,279.015,-59.6655],"direction":[0.836203,-0.546949,0.0401478],"extended":false,"handId":227,"id":2273,"length":59.0831,"mcpPosition":[-70.6968,310.025,-24.9936],"pipPosition":[-60.1175,292.91,-60.6854],"stabilizedTipPosition":[-75.3333,240.974,70.5434],"timeVisible":0.614794,"tipPosition":[-30.3238,275.181,-52.6369],"tipVelocity":[13.5893,13.3163,-71.0183],"tool":false,"touchDistance":0.333333,"touchZone":"none","type":3,"width":16.5772},{"bases":[[[-0.382663,-0.893873,0.233581],[-0.787604,0.447781,0.423288],[0.482959,0.0219922,0.875367]],[[-0.462542,-0.883505,0.0739852],[-0.834231,0.405449,-0.373725],[-0.300191,0.234584,0.924584]],[[-0.462542,-0.883505,0.0739852],[-0.0767296,-0.0432448,-0.996114],[-0.883271,0.466421,0.0477885]],[[-0.462542,-0.883505,0.0739852],[0.48628,-0.322586,-0.812078],[-0.741341,0.339642,-0.57884]]],"btipPosition":[-41.7307,272.549,-39.2085],"carpPosition":[-53.3441,295.059,29.0263],"dipPosition":[-53.4488,277.917,-48.3581],"direction":[0.883271,-0.466421,-0.0477885],"extended":false,"handId":227,"id":2274,"length":46.32,"mcpPosition":[-79.0251,293.89,-17.5208],"pipPosition":[-69.2913,286.283,-47.5009],"stabilizedTipPosition":[-99.4752,222.126,128.361],"timeVisible":0.614794,"tipPosition":[-45.1555,274.141,-42.6391],"tipVelocity":[11.8736,8.30939,-75.666],"tool":false,"touchDistance":-0.469035,"touchZone":"hovering","type":4,"width":14.7252}],"r":[[0.702301,-0.47621,0.529148],[0.6107,0.784992,-0.104081],[-0.365812,0.396247,0.842122]],"s":0.982457,"t":[83.8377,94.5608,-254.3],"timestamp":2830357987},false],[4,{"currentFrameRate":110.425,"devices":[],"gestures":[],"hands":[{"armBasis":[[-0.822979,-0.567257,-0.0304208],[-0.480723,0.666903,0.569338],[0.302673,-0.483177,0.821541]],"armWidth":58.4334,"confidence":0.53862,"direction":[-0.361806,0.23428,-0.902336],"elbow":[35.9669,181.62,236.64],"grabStrength":0,"id":227,"palmNormal":[0.556595,-0.72218,-0.41068],"palmPosition":[-49.4583,314.544,-13.9981],"palmVelocity":[2.83884,11.0605,-96.3174],"palmWidth":83.4409,"pinchStrength":1,"r":[[0.700101,-0.478578,0.529927],[0.612716,0.783734,-0.101684],[-0.366658,0.395884,0.841925]],"s":0.983959,"sphereCenter":[-38.5319,286.638,-46.9559],"sphereRadius":42.3356,"stabilizedPalmPosition":[-102.39,263.77,165.097],"t":[83.8141,94.6548,-254.942],"timeVisible":0.623694,"type":"left","wrist":[-38.9746,301.254,33.2273]}],"id":271237,"interactionBox":{"center":[0,200,0],"size":[235.247,235.247,147.751]},"pointables":[{"bases":[[[-0.869372,0.429764,0.243918],[0.494158,0.755315,0.430473],[-0.000766328,-0.494775,0.869021]],[[-0.789658,0.597085,-0.141172],[0.589038,0.802157,0.0978714],[-0.17168,0.00587067,0.985135]],[[-0.789658,0.597085,-0.141172],[0.554534,0.596097,-0.580655],[0.262548,0.536804,0.801817]],[[-0.789658,0.597085,-0.141172],[0.377766,0.291848,-0.878702],[0.483459,0.747205,0.456018]]],"btipPosition":[-23.5016,277.291,-51.3832],"carpPosition":[-12.7754,310.38,28.5697],"dipPosition":[-13.1257,293.328,-41.5962],"direction":[-0.262548,-0.536804,-0.801817],"extended":false,"handId":227,"id":2270,"length":47.7925,"mcpPosition":[-12.7754,310.38,28.5697],"pipPosition":[-4.91661,310.112,-16.526],"stabilizedTipPosition":[-71.6798,249.627,82.6831],"timeVisible":0.623694,"tipPosition":[-20.8479,281.4,-49.8069],"tipVelocity":[-2.51461,4.67982,-86.3807],"tool":false,"touchDistance":-0.480419,"touchZone":"hovering","type":0,"width":18.5699},{"bases":[[[-0.797994,-0.602247,-0.0224726],[-0.584719,0.764659,0.270924],[0.145979,-0.229336,0.962338]],[[-0.749677,-0.636936,0.179714],[-0.58456,0.764609,0.271408],[0.31028,-0.0984146,0.945537]],[[-0.749677,-0.636936,0.179714],[-0.625502,0.770631,0.121964],[0.216176,0.020978,0.976129]],[[-0.749677,-0.636936,0.179714],[-0.647485,0.762078,-0.0000546346],[0.136921,0.116403,0.983719]]],"btipPosition":[-60.8473,337.876,-111.179],"carpPosition":[-31.8374,320.815,28.0474],"dipPosition":[-58.702,339.7,-95.7657],"direction":[-0.216176,-0.020978,-0.976129],"extended":true,"handId":227,"id":2271,"length":53.9285,"mcpPosition":[-41.686,336.288,-36.8775],"pipPosition":[-53.9104,340.165,-74.1298],"stabilizedTipPosition":[-117.677,296.25,27.0122],"timeVisible":0.623694,"tipPosition":[-59.5792,337.524,-107.701],"tipVelocity":[15.8985,32.6537,-92.5419],"tool":false,"touchDistance":-0.51471,"touchZone":"hovering","type":1,"width":17.738},{"bases":[[[-0.659484,-0.749166,0.061895],[-0.707864,0.646614,0.284287],[0.253,-0.143669,0.956739]],[[-0.655112,-0.751488,0.0780614],[-0.670216,0.530332,-0.51919],[-0.348767,0.392446,0.851086]],[[-0.655112,-0.751488,0.0780614],[0.0669243,-0.160632,-0.984743],[-0.752562,0.639893,-0.155525]],[[-0.655112,-0.751488,0.0780614],[0.528975,-0.529985,-0.662798],[-0.539456,0.392915,-0.744718]]],"btipPosition":[-13.5926,283.793,-54.2423],"carpPosition":[-41.7428,315.406,27.6994],"dipPosition":[-22.889,290.564,-67.0759],"direction":[0.752562,-0.639893,0.155525],"extended":false,"handId":227,"id":2272,"length":61.4471,"mcpPosition":[-57.9297,324.597,-33.5124],"pipPosition":[-42.5137,307.251,-71.1316],"stabilizedTipPosition":[-75.9787,248.419,88.2792],"timeVisible":0.623694,"tipPosition":[-16.1466,285.54,-58.6535],"tipVelocity":[9.25243,8.18731,-48.0724],"tool":false,"touchDistance":0.333333,"touchZone":"none","type":2,"width":17.4211},{"bases":[[[-0.559814,-0.808741,0.180404],[-0.744747,0.586527,0.318336],[0.363264,-0.0438535,0.930654]],[[-0.541251,-0.80992,0.226003],[-0.79988,0.413041,-0.435419],[-0.259306,0.416446,0.871397]],[[-0.541251,-0.80992,0.226003],[-0.0886329,-0.212326,-0.973171],[-0.836177,0.546761,-0.043136]],[[-0.541251,-0.80992,0.226003],[0.45879,-0.509693,-0.727822],[-0.704669,0.290247,-0.647455]]],"btipPosition":[-26.8376,274.242,-49.0656],"carpPosition":[-49.9108,307.649,27.9082],"dipPosition":[-38.9113,279.215,-60.159],"direction":[0.836177,-0.546761,0.043136],"extended":false,"handId":227,"id":2273,"length":59.0831,"mcpPosition":[-70.7777,310.168,-25.5513],"pipPosition":[-60.1533,293.105,-61.2548],"stabilizedTipPosition":[-75.0504,241.187,69.7875],"timeVisible":0.623694,"tipPosition":[-30.3536,275.379,-53.0495],"tipVelocity":[7.59364,16.1406,-65.3393],"tool":false,"touchDistance":0.333333,"touchZone":"none","type":3,"width":16.5772},{"bases":[[[-0.383207,-0.894101,0.23181],[-0.787713,0.447404,0.423483],[0.482349,0.0203184,0.875743]],[[-0.462593,-0.883559,0.0730077],[-0.832725,0.40476,-0.377808],[-0.304265,0.235567,0.923001]],[[-0.462593,-0.883559,0.0730077],[-0.0683302,-0.0465713,-0.996575],[-0.883933,0.465998,0.0388302]],[[-0.462593,-0.883559,0.0730077],[0.494274,-0.325389,-0.806111],[-0.736003,0.336816,-0.587243]]],"btipPosition":[-41.7641,272.703,-39.4544],"carpPosition":[-53.4696,295.104,28.4556],"dipPosition":[-53.3979,278.027,-48.7368],"direction":[0.883933,-0.465998,-0.0388302],"extended":false,"handId":227,"id":2274,"length":46.32,"mcpPosition":[-79.1182,294.024,-18.1115],"pipPosition":[-69.2522,286.385,-48.0403],"stabilizedTipPosition":[-99.3516,222.242,127.979],"timeVisible":0.623694,"tipPosition":[-45.1381,274.267,-42.923],"tipVelocity":[8.21544,10.4542,-63.5337],"tool":false,"touchDistance":-0.454612,"touchZone":"hovering","type":4,"width":14.7252}],"r":[[0.700101,-0.478578,0.529927],[0.612716,0.783734,-0.101684],[-0.366658,0.395884,0.841925]],"s":0.983959,"t":[83.8141,94.6548,-254.942],"timestamp":2830366887},false],[5,{"currentFrameRate":110.445,"devices":[],"gestures":[],"hands":[{"armBasis":[[-0.82589,-0.563101,-0.0287011],[-0.476912,0.670512,0.568304],[0.300768,-0.483044,0.822318]],"armWidth":58.4334,"confidence":0.538848,"direction":[-0.361295,0.236579,-0.90194],"elbow":[35.4928,181.48,235.9],"grabStrength":0,"id":227,"palmNormal":[0.551716,-0.725554,-0.411317],"palmPosition":[-49.428,314.439,-14.9181],"palmVelocity":[2.98387,4.83621,-97.8809],"palmWidth":83.4409,"pinchStrength":1,"r":[[0.697854,-0.481337,0.530392],[0.615265,0.781968,-0.0998794],[-0.366673,0.396033,0.841848]],"s":0.985331,"sphereCenter":[-38.7616,286.479,-47.8736],"sphereRadius":42.3243,"stabilizedPalmPosition":[-102.388,263.771,165.093],"t":[83.8174,94.6497,-255.724],"timeVisible":0.632713,"type":"left","wrist":[-38.9771,301.081,32.2953]}],"id":271238,"interactionBox":{"center":[0,200,0],"size":[235.247,235.247,147.751]},"pointables":[{"bases":[[[-0.866458,0.435081,0.244857],[0.499242,0.752224,0.430019],[-0.00290617,-0.494836,0.868982]],[[-0.786056,0.601987,-0.140454],[0.593927,0.798482,0.0983708],[-0.171368,0.00609423,0.985188]],[[-0.786056,0.601987,-0.140454],[0.557891,0.593013,-0.580598],[0.266222,0.53474,0.801984]],[[-0.786056,0.601987,-0.140454],[0.377619,0.287737,-0.88012],[0.489408,0.744862,0.453499]]],"btipPosition":[-23.7101,277.062,-52.2953],"carpPosition":[-12.7272,310.047,27.6112],"dipPosition":[-13.2065,293.048,-42.5623],"direction":[-0.266222,-0.53474,-0.801984],"extended":false,"handId":227,"id":2270,"length":47.7925,"mcpPosition":[-12.7272,310.047,27.6112],"pipPosition":[-4.88261,309.768,-17.4869],"stabilizedTipPosition":[-71.6748,249.63,82.6698],"timeVisible":0.632713,"tipPosition":[-21.0479,281.13,-50.7174],"tipVelocity":[-7.28762,-3.94351,-90.8155],"tool":false,"touchDistance":-0.474577,"touchZone":"hovering","type":0,"width":18.5699},{"bases":[[[-0.801706,-0.597325,-0.0216909],[-0.579723,0.768218,0.271593],[0.145566,-0.230313,0.962168]],[[-0.753273,-0.632367,0.180807],[-0.579223,0.768057,0.273112],[0.311577,-0.101001,0.944838]],[[-0.753273,-0.632367,0.180807],[-0.62037,0.774442,0.124019],[0.21845,0.0187466,0.975668]],[[-0.753273,-0.632367,0.180807],[-0.642651,0.766156,0.00221133],[0.139924,0.11453,0.983516]]],"btipPosition":[-60.8556,337.906,-112.064],"carpPosition":[-31.7251,320.599,27.1096],"dipPosition":[-58.6633,339.701,-96.6543],"direction":[-0.21845,-0.0187466,-0.975668],"extended":true,"handId":227,"id":2271,"length":53.9285,"mcpPosition":[-41.5458,336.137,-37.8038],"pipPosition":[-53.8213,340.116,-75.0285],"stabilizedTipPosition":[-117.552,296.342,26.7163],"timeVisible":0.632713,"tipPosition":[-59.5866,337.557,-108.592],"tipVelocity":[11.6003,24.3846,-94.1106],"tool":false,"touchDistance":-0.504863,"touchZone":"hovering","type":1,"width":17.738},{"bases":[[[-0.664014,-0.745101,0.0625208],[-0.703578,0.65093,0.285074],[0.253106,-0.145305,0.956464]],[[-0.659636,-0.747454,0.0786998],[-0.666387,0.53322,-0.521158],[-0.347577,0.396219,0.849824]],[[-0.659636,-0.747454,0.0786998],[0.0698336,-0.165212,-0.983783],[-0.748334,0.643442,-0.161177]],[[-0.659636,-0.747454,0.0786998],[0.529087,-0.536175,-0.657711],[-0.533805,0.39221,-0.749148]]],"btipPosition":[-13.7808,283.495,-54.8731],"carpPosition":[-41.664,315.25,26.7715],"dipPosition":[-22.9798,290.254,-67.7831],"direction":[0.748334,-0.643442,0.161177],"extended":false,"handId":227,"id":2272,"length":61.4471,"mcpPosition":[-57.8576,324.547,-34.4227],"pipPosition":[-42.4942,307.033,-71.9861],"stabilizedTipPosition":[-75.8168,248.518,87.8853],"timeVisible":0.632713,"tipPosition":[-16.2914,285.226,-59.293],"tipVelocity":[1.65234,-3.23577,-54.6238],"tool":false,"touchDistance":0.333333,"touchZone":"none","type":2,"width":17.4211},{"bases":[[[-0.56459,-0.805299,0.180922],[-0.740794,0.591069,0.319157],[0.363954,-0.0461673,0.930272]],[[-0.54609,-0.806593,0.226259],[-0.797548,0.417936,-0.435026],[-0.256327,0.418016,0.871527]],[[-0.54609,-0.806593,0.226259],[-0.0887177,-0.212885,-0.973041],[-0.833016,0.551441,-0.0446951]],[[-0.54609,-0.806593,0.226259],[0.457477,-0.513391,-0.726047],[-0.701784,0.292979,-0.649356]]],"btipPosition":[-27.0975,274.04,-49.8968],"carpPosition":[-49.8793,307.544,26.9882],"dipPosition":[-39.1218,279.06,-61.0228],"direction":[0.833016,-0.551441,0.0446951],"extended":false,"handId":227,"id":2273,"length":59.0831,"mcpPosition":[-70.7859,310.196,-26.4494],"pipPosition":[-60.2835,293.069,-62.1582],"stabilizedTipPosition":[-74.8579,241.331,69.2667],"timeVisible":0.632713,"tipPosition":[-30.5691,275.181,-53.8578],"tipVelocity":[-2.07573,5.86438,-72.9476],"tool":false,"touchDistance":0.333333,"touchZone":"none","type":3,"width":16.5772},{"bases":[[[-0.388458,-0.891747,0.232137],[-0.784506,0.452204,0.424337],[0.483375,0.0172757,0.875243]],[[-0.467805,-0.880751,0.0737227],[-0.83018,0.409258,-0.378561],[-0.303247,0.238296,0.922636]],[[-0.467805,-0.880751,0.0737227],[-0.0652384,-0.0487752,-0.996677],[-0.881421,0.47106,0.0346415]],[[-0.467805,-0.880751,0.0737227],[0.496198,-0.330745,-0.802742],[-0.7314,0.338946,-0.591751]]],"btipPosition":[-42.0145,272.569,-40.1869],"carpPosition":[-53.5146,295.021,27.5383],"dipPosition":[-53.5755,277.927,-49.5405],"direction":[0.881421,-0.47106,-0.0346415],"extended":false,"handId":227,"id":2274,"length":46.32,"mcpPosition":[-79.2177,294.102,-19.0022],"pipPosition":[-69.3848,286.375,-48.9192],"stabilizedTipPosition":[-99.2675,222.321,127.717],"timeVisible":0.632713,"tipPosition":[-45.3335,274.122,-43.6526],"tipVelocity":[-1.1709,3.72344,-68.898],"tool":false,"touchDistance":-0.448717,"touchZone":"hovering","type":4,"width":14.7252}],"r":[[0.697854,-0.481337,0.530392],[0.615265,0.781968,-0.0998794],[-0.366673,0.396033,0.841848]],"s":0.985331,"t":[83.8174,94.6497,-255.724],"timestamp":2830375906},false],[6,{"currentFrameRate":110.43,"devices":[],"gestures":[],"hands":[{"armBasis":[[-0.827274,-0.561117,-0.0276806],[-0.475926,0.673789,0.565246],[0.298518,-0.480787,0.824458]],"armWidth":58.4334,"confidence":0.527622,"direction":[-0.361505,0.236678,-0.90183],"elbow":[34.8767,181.877,235.678],"grabStrength":0,"id":227,"palmNormal":[0.549152,-0.727624,-0.411091],"palmPosition":[-49.4951,314.258,-15.6737],"palmVelocity":[0.11215,-2.03429,-93.8228],"palmWidth":83.4409,"pinchStrength":1,"r":[[0.695871,-0.483838,0.530721],[0.61774,0.78016,-0.0987268],[-0.36628,0.396549,0.841777]],"s":0.987081,"sphereCenter":[-39.0511,286.352,-48.6044],"sphereRadius":42.3081,"stabilizedPalmPosition":[-102.388,263.772,165.091],"t":[83.7855,94.5563,-256.492],"timeVisible":0.641794,"type":"left","wrist":[-39.0361,300.919,31.5435]}],"id":271239,"interactionBox":{"center":[0,200,0],"size":[235.247,235.247,147.751]},"pointables":[{"bases":[[[-0.86492,0.437906,0.24526],[0.501898,0.751206,0.428705],[-0.00349157,-0.493892,0.869517]],[[-0.78438,0.604184,-0.140392],[0.596343,0.796811,0.0973014],[-0.170654,0.00740076,0.985303]],[[-0.78438,0.604184,-0.140392],[0.559183,0.590815,-0.581594],[0.268443,0.534696,0.801273]],[[-0.78438,0.604184,-0.140392],[0.376971,0.284589,-0.881421],[0.492586,0.744293,0.450985]]],"btipPosition":[-23.9178,276.771,-53.0123],"carpPosition":[-12.7645,309.802,26.8233],"dipPosition":[-13.346,292.745,-43.3333],"direction":[-0.268443,-0.534696,-0.801273],"extended":false,"handId":227,"id":2270,"length":47.7925,"mcpPosition":[-12.7645,309.802,26.8233],"pipPosition":[-4.95263,309.464,-18.2801],"stabilizedTipPosition":[-71.6707,249.632,82.659],"timeVisible":0.641794,"tipPosition":[-21.249,280.824,-51.4397],"tipVelocity":[-11.121,-11.7937,-87.9131],"tool":false,"touchDistance":-0.466394,"touchZone":"hovering","type":0,"width":18.5699},{"bases":[[[-0.80349,-0.594974,-0.0202401],[-0.577174,0.770221,0.271349],[0.145856,-0.229709,0.962268]],[[-0.754622,-0.630048,0.183263],[-0.57474,0.769431,0.278655],[0.316574,-0.104951,0.942744]],[[-0.754622,-0.630048,0.183263],[-0.616848,0.776401,0.129227],[0.223705,0.0155278,0.974533]],[[-0.754622,-0.630048,0.183263],[-0.639915,0.768416,0.0067952],[0.145103,0.112145,0.98304]]],"btipPosition":[-61.2763,337.941,-112.736],"carpPosition":[-31.7317,320.41,26.3294],"dipPosition":[-59.0028,339.698,-97.3335],"direction":[-0.223705,-0.0155278,-0.974533],"extended":true,"handId":227,"id":2271,"length":53.9285,"mcpPosition":[-41.572,335.907,-38.5908],"pipPosition":[-54.0444,340.042,-75.7329],"stabilizedTipPosition":[-117.459,296.41,26.4946],"timeVisible":0.641794,"tipPosition":[-59.9476,337.551,-109.289],"tipVelocity":[-3.85736,18.435,-88.5938],"tool":false,"touchDistance":-0.492814,"touchZone":"hovering","type":1,"width":17.738},{"bases":[[[-0.666152,-0.743066,0.063992],[-0.701362,0.653315,0.285082],[0.253641,-0.145026,0.956365]],[[-0.661773,-0.745409,0.080134],[-0.665216,0.534535,-0.521306],[-0.345752,0.398292,0.849599]],[[-0.661773,-0.745409,0.080134],[0.0697251,-0.167619,-0.983383],[-0.746455,0.645189,-0.162899]],[[-0.661773,-0.745409,0.080134],[0.52824,-0.53946,-0.655702],[-0.531996,0.391596,-0.750755]]],"btipPosition":[-13.9986,283.191,-55.5486],"carpPosition":[-41.6866,315.09,26.0071],"dipPosition":[-23.1664,289.939,-68.4863],"direction":[0.746455,-0.645189,0.162899],"extended":false,"handId":227,"id":2272,"length":61.4471,"mcpPosition":[-57.9145,324.369,-35.1807],"pipPosition":[-42.6318,306.764,-72.7342],"stabilizedTipPosition":[-75.699,248.59,87.5964],"timeVisible":0.641794,"tipPosition":[-16.4808,284.903,-59.9393],"tipVelocity":[-5.22242,-11.6854,-60.2851],"tool":false,"touchDistance":0.333333,"touchZone":"none","type":2,"width":17.4211},{"bases":[[[-0.566786,-0.80343,0.182357],[-0.73872,0.593601,0.319267],[0.364756,-0.0462446,0.929954]],[[-0.548335,-0.804729,0.227464],[-0.796381,0.419505,-0.435653],[-0.25516,0.420032,0.8709]],[[-0.548335,-0.804729,0.227464],[-0.0872703,-0.215451,-0.972607],[-0.831693,0.553165,-0.0479105]],[[-0.548335,-0.804729,0.227464],[0.458559,-0.516803,-0.722937],[-0.699323,0.292106,-0.652397]]],"btipPosition":[-27.3124,273.798,-50.4669],"carpPosition":[-49.9245,307.409,26.2403],"dipPosition":[-39.2945,278.803,-61.645],"direction":[0.831693,-0.553165,0.0479105],"extended":false,"handId":227,"id":2273,"length":59.0831,"mcpPosition":[-70.8771,310.065,-27.179],"pipPosition":[-60.4225,292.855,-62.8621],"stabilizedTipPosition":[-74.726,241.43,68.9065],"timeVisible":0.641794,"tipPosition":[-30.7431,274.925,-54.4168],"tipVelocity":[-7.75174,-3.24273,-70.4989],"tool":false,"touchDistance":0.333333,"touchZone":"none","type":3,"width":16.5772},{"bases":[[[-0.390858,-0.890344,0.233488],[-0.782736,0.454978,0.42464],[0.484308,0.0167857,0.874737]],[[-0.470119,-0.879358,0.0756154],[-0.829164,0.410673,-0.379257],[-0.302449,0.240994,0.922197]],[[-0.470119,-0.879358,0.0756154],[-0.0632875,-0.0518665,-0.996647],[-0.880331,0.473328,0.0312689]],[[-0.470119,-0.879358,0.0756154],[0.49789,-0.334966,-0.79994],[-0.728762,0.338419,-0.595297]]],"btipPosition":[-42.2329,272.351,-40.7599],"carpPosition":[-53.5962,294.897,26.8076],"dipPosition":[-53.7522,277.701,-50.1696],"direction":[0.880331,-0.473328,-0.0312689],"extended":false,"handId":227,"id":2274,"length":46.32,"mcpPosition":[-79.349,294.005,-19.706],"pipPosition":[-69.5419,286.19,-49.6087],"stabilizedTipPosition"