{"sensorType":"Leap","data":[[0,{"currentFrameRate":110.437,"devices":[],"gestures":[],"hands":[{"armBasis":[[0.95889,0.167068,-0.229387],[-0.0491998,0.893965,0.445429],[0.27948,-0.415831,0.865433]],"armWidth":58.4334,"confidence":0.695508,"direction":[0.0201131,0.507432,-0.861457],"elbow":[36.8381,188.393,245.597],"grabStrength":0,"id":219,"palmNormal":[0.0507066,-0.86104,-0.506003],"palmPosition":[-38.144,312.835,-13.6482],"palmVelocity":[76.4947,-29.2945,-209.118],"palmWidth":83.4409,"pinchStrength":0.616042,"r":[[0.8488,0.104445,0.518295],[-0.0149175,0.984634,-0.17399],[-0.528504,0.139951,0.837316]],"s":1.08081,"sphereCenter":[-35.2279,287.182,-48.7368],"sphereRadius":43.0321,"stabilizedPalmPosition":[-58.4091,297.557,43.0988],"t":[103.478,123.569,-186.405],"timeVisible":0.470199,"type":"right","wrist":[-32.361,291.352,31.3164]}],"id":268149,"interactionBox":{"center":[0,200,0],"size":[235.247,235.247,147.751]},"pointables":[{"bases":[[[0.36037,0.882636,0.301807],[-0.834122,0.160072,0.527843],[0.417582,-0.441962,0.793911]],[[0.272642,0.951537,0.142282],[-0.877729,0.185429,0.441823],[0.394028,-0.245344,0.885747]],[[0.272642,0.951537,0.142282],[-0.946333,0.291898,-0.138745],[-0.173552,-0.0968181,0.980054]],[[0.272642,0.951537,0.142282],[-0.778346,0.30507,-0.548734],[-0.565547,0.0388639,0.8238]]],"btipPosition":[-58.4987,293.78,-60.9866],"carpPosition":[-58.0258,280.356,27.8829],"dipPosition":[-70.6364,294.614,-43.3063],"direction":[0.173552,0.0968181,-0.980054],"extended":false,"handId":219,"id":2190,"length":47.7925,"mcpPosition":[-58.0258,280.356,27.8829],"pipPosition":[-76.0629,291.587,-12.6632],"stabilizedTipPosition":[-87.1095,279.904,-6.99326],"timeVisible":0.470199,"tipPosition":[-60.6762,292.597,-57.1319],"tipVelocity":[94.8976,4.08129,-207.497],"tool":false,"touchDistance":-0.621527,"touchZone":"hovering","type":0,"width":18.5699},{"bases":[[[0.987713,0.118227,-0.102203],[-0.0720739,0.924884,0.373358],[0.138667,-0.361404,0.92204]],[[0.996833,0.0794073,-0.00427685],[-0.0753808,0.96068,0.267229],[0.0253286,-0.266061,0.963623]],[[0.996833,0.0794073,-0.00427685],[-0.0781426,0.988095,0.132522],[0.0147491,-0.131768,0.991171]],[[0.996833,0.0794073,-0.00427685],[-0.0792655,0.996495,0.0267469],[0.00638576,-0.0263232,0.999633]]],"btipPosition":[-62.1326,339.22,-108.981],"carpPosition":[-51.3525,301.023,28.8213],"dipPosition":[-62.0326,338.808,-93.3191],"direction":[-0.0147491,0.131768,-0.991171],"extended":true,"handId":219,"id":2191,"length":53.9285,"mcpPosition":[-60.7078,325.405,-33.3849],"pipPosition":[-61.7057,335.887,-71.3497],"stabilizedTipPosition":[-88.7907,326.768,-44.1273],"timeVisible":0.470199,"tipPosition":[-61.3384,337.818,-105.416],"tipVelocity":[92.2274,-41.8392,-226.615],"tool":false,"touchDistance":-0.655403,"touchZone":"hovering","type":1,"width":17.738},{"bases":[[[0.995084,-0.0911005,-0.0388332],[0.0990102,0.923397,0.370856],[0.00207326,-0.372878,0.927878]],[[0.994544,-0.104131,-0.00624507],[0.0654846,0.669798,-0.73965],[0.0812032,0.735206,0.672962]],[[0.994544,-0.104131,-0.00624507],[-0.067304,-0.594772,-0.801072],[0.0797018,0.797122,-0.598535]],[[0.994544,-0.104131,-0.00624507],[-0.102226,-0.960921,-0.257255],[0.0207871,0.25649,-0.966323]]],"btipPosition":[-46.6655,270.135,-29.0861],"carpPosition":[-40.5069,303.982,27.7644],"dipPosition":[-46.3073,274.555,-45.7387],"direction":[-0.0797018,-0.797122,0.598535],"extended":false,"handId":219,"id":2192,"length":61.4471,"mcpPosition":[-40.6396,327.839,-31.6009],"pipPosition":[-44.2289,295.342,-61.3467],"stabilizedTipPosition":[-74.1788,258.31,19.4871],"timeVisible":0.470199,"tipPosition":[-46.5835,271.38,-33.3362],"tipVelocity":[140.337,-51.0702,-176.997],"tool":false,"touchDistance":0.333333,"touchZone":"none","type":2,"width":17.4211},{"bases":[[[0.974229,-0.214328,0.0702894],[0.169867,0.902172,0.396524],[-0.148399,-0.374366,0.915329]],[[0.975926,-0.209859,0.0593932],[0.176792,0.601712,-0.778901],[0.127722,0.77065,0.624328]],[[0.975926,-0.209859,0.0593932],[-0.091491,-0.641118,-0.761969],[0.197984,0.738191,-0.644884]],[[0.975926,-0.209859,0.0593932],[-0.191135,-0.954104,-0.230548],[0.10505,0.213646,-0.971247]]],"btipPosition":[-32.8093,271.52,-18.1988],"carpPosition":[-29.2713,304.004,26.9372],"dipPosition":[-31.0094,275.18,-34.84],"direction":[-0.197984,-0.738191,0.644884],"extended":false,"handId":219,"id":2193,"length":59.0831,"mcpPosition":[-20.7468,325.508,-25.6421],"pipPosition":[-25.9799,293.933,-51.2225],"stabilizedTipPosition":[-54.7266,261.31,17.5488],"timeVisible":0.470199,"tipPosition":[-32.2255,272.527,-22.9321],"tipVelocity":[127.247,-29.2553,-145.116],"tool":false,"touchDistance":0.333333,"touchZone":"none","type":3,"width":16.5772},{"bases":[[[0.908957,-0.402315,0.109266],[0.305545,0.821211,0.481929],[-0.283618,-0.404667,0.869371]],[[0.889107,-0.427206,0.164265],[0.399738,0.549977,-0.733304],[0.22293,0.717649,0.659759]],[[0.889107,-0.427206,0.164265],[-0.142638,-0.599644,-0.787452],[0.434905,0.676699,-0.594084]],[[0.889107,-0.427206,0.164265],[-0.368744,-0.881193,-0.29585],[0.271138,0.202471,-0.941005]]],"btipPosition":[-22.3192,280.289,-16.3053],"carpPosition":[-18.0855,297.379,25.7862],"dipPosition":[-18.0334,283.489,-31.1795],"direction":[-0.434905,-0.676699,0.594084],"extended":false,"handId":219,"id":2194,"length":46.32,"mcpPosition":[-3.00424,318.897,-20.442],"pipPosition":[-10.2329,295.626,-41.835],"stabilizedTipPosition":[-39.791,269.201,17.7369],"timeVisible":0.470199,"tipPosition":[-20.7624,280.856,-20.2912],"tipVelocity":[102.863,-6.24161,-151.979],"tool":false,"touchDistance":0.333333,"touchZone":"none","type":4,"width":14.7252}],"r":[[0.8488,0.104445,0.518295],[-0.0149175,0.984634,-0.17399],[-0.528504,0.139951,0.837316]],"s":1.08081,"t":[103.478,123.569,-186.405],"timestamp":2801959362},false],[1,{"currentFrameRate":110.657,"devices":[],"gestures":[],"hands":[{"armBasis":[[0.960512,0.172924,-0.217979],[-0.0612823,0.895661,0.440495],[0.271407,-0.409743,0.87089]],"armWidth":58.4334,"confidence":0.6728,"direction":[0.0203939,0.511181,-0.859231],"elbow":[35.5991,188.749,245.068],"grabStrength":0,"id":219,"palmNormal":[0.063068,-0.858356,-0.509164],"palmPosition":[-37.3163,311.808,-15.4774],"palmVelocity":[81.5953,-53.0285,-209.752],"palmWidth":83.4409,"pinchStrength":0.599155,"r":[[0.84422,0.11349,0.523844],[-0.023613,0.984253,-0.175182],[-0.535476,0.135522,0.833606]],"s":1.08734,"sphereCenter":[-34.5971,286.598,-50.5905],"sphereRadius":43.0184,"stabilizedPalmPosition":[-58.2799,297.644,42.74],"t":[104.227,122.892,-188.315],"timeVisible":0.478847,"type":"right","wrist":[-31.6011,290.201,29.4364]}],"id":268150,"interactionBox":{"center":[0,200,0],"size":[235.247,235.247,147.751]},"pointables":[{"bases":[[[0.349082,0.885112,0.307763],[-0.839188,0.149118,0.522998],[0.417019,-0.44084,0.79483]],[[0.264987,0.95191,0.153781],[-0.88043,0.173818,0.441169],[0.393223,-0.252298,0.88415]],[[0.264987,0.95191,0.153781],[-0.947894,0.286409,-0.139525],[-0.176859,-0.108796,0.978205]],[[0.264987,0.95191,0.153781],[-0.780184,0.30538,-0.545945],[-0.566652,0.024691,0.823587]]],"btipPosition":[-57.4348,293.372,-62.9445],"carpPosition":[-57.1258,278.951,25.7895],"dipPosition":[-69.5962,293.902,-45.2687],"direction":[0.176859,0.108796,-0.978205],"extended":false,"handId":219,"id":2190,"length":47.7925,"mcpPosition":[-57.1258,278.951,25.7895],"pipPosition":[-75.1261,290.5,-14.6834],"stabilizedTipPosition":[-86.7065,280.107,-7.7713],"timeVisible":0.478847,"tipPosition":[-59.5833,292.094,-59.0902],"tipVelocity":[102.196,-11.6852,-212.545],"tool":false,"touchDistance":-0.617091,"touchZone":"hovering","type":0,"width":18.5699},{"bases":[[[0.98706,0.129013,-0.0952283],[-0.0842398,0.922521,0.376642],[0.136442,-0.363747,0.921451]],[[0.995858,0.0909205,0.0000394197],[-0.0873799,0.956957,0.276762],[0.0251256,-0.275619,0.960939]],[[0.995858,0.0909205,0.0000394197],[-0.0899546,0.985215,0.145804],[0.0132177,-0.145203,0.989314]],[[0.995858,0.0909205,0.0000394197],[-0.0908394,0.994952,0.0426478],[0.00383833,-0.0424747,0.99909]]],"btipPosition":[-61.2248,338.965,-110.751],"carpPosition":[-50.6766,299.682,26.8559],"dipPosition":[-61.1647,338.3,-95.0977],"direction":[-0.0132177,0.145203,-0.989314],"extended":true,"handId":219,"id":2191,"length":53.9285,"mcpPosition":[-59.8818,324.222,-35.3105],"pipPosition":[-60.8717,335.081,-73.1695],"stabilizedTipPosition":[-88.5294,326.882,-44.7246],"timeVisible":0.478847,"tipPosition":[-60.4302,337.455,-107.212],"tipVelocity":[95.3293,-40.3495,-220.854],"tool":false,"touchDistance":-0.644777,"touchZone":"hovering","type":1,"width":17.738},{"bases":[[[0.99622,-0.0804873,-0.0326651],[0.0868632,0.922841,0.375259],[-0.0000589808,-0.376678,0.926344]],[[0.995609,-0.0936039,-0.000267383],[0.0627647,0.669705,-0.73997],[0.0694431,0.736704,0.67264]],[[0.995609,-0.0936039,-0.000267383],[-0.0562544,-0.596057,-0.800969],[0.0748144,0.797468,-0.598706]],[[0.995609,-0.0936039,-0.000267383],[-0.0904792,-0.961634,-0.258986],[0.023985,0.257873,-0.965881]]],"btipPosition":[-45.2862,269.056,-30.8589],"carpPosition":[-39.8562,302.76,25.8824],"dipPosition":[-44.8728,273.5,-47.5038],"direction":[-0.0748144,-0.797468,0.598706],"extended":false,"handId":219,"id":2192,"length":61.4471,"mcpPosition":[-39.8524,326.859,-33.3847],"pipPosition":[-42.9219,294.296,-63.1163],"stabilizedTipPosition":[-72.5595,258.967,16.4608],"timeVisible":0.478847,"tipPosition":[-45.1903,270.31,-35.1788],"tipVelocity":[145.811,-70.4471,-184.374],"tool":false,"touchDistance":0.333333,"touchZone":"none","type":2,"width":17.4211},{"bases":[[[0.975952,-0.204379,0.0758151],[0.157771,0.902254,0.401305],[-0.150423,-0.379693,0.912801]],[[0.977359,-0.200702,0.0669948],[0.174847,0.587784,-0.789898],[0.119155,0.783727,0.609568]],[[0.977359,-0.200702,0.0669948],[-0.0837584,-0.657752,-0.748563],[0.194304,0.726003,-0.65967]],[[0.977359,-0.200702,0.0669948],[-0.181882,-0.958701,-0.218659],[0.108113,0.201523,-0.973499]]],"btipPosition":[-31.646,270.706,-18.8427],"carpPosition":[-28.6162,302.903,25.1291],"dipPosition":[-29.7936,274.159,-35.5225],"direction":[-0.194304,-0.726004,0.65967],"extended":false,"handId":219,"id":2193,"length":59.0831,"mcpPosition":[-19.9755,324.713,-27.3049],"pipPosition":[-24.8576,292.602,-52.2805],"stabilizedTipPosition":[-53.3126,261.923,15.1289],"timeVisible":0.478847,"tipPosition":[-31.0278,271.656,-23.876],"tipVelocity":[129.546,-47.9268,-126.633],"tool":false,"touchDistance":0.333333,"touchZone":"none","type":3,"width":16.5772},{"bases":[[[0.912409,-0.3932,0.113596],[0.293733,0.822369,0.487269],[-0.285012,-0.411221,0.865832]],[[0.891773,-0.4193,0.170083],[0.399888,0.55443,-0.729861],[0.211731,0.718884,0.662099]],[[0.891773,-0.4193,0.170083],[-0.131515,-0.599848,-0.789231],[0.432949,0.681447,-0.590073]],[[0.891773,-0.4193,0.170083],[-0.358255,-0.883894,-0.300642],[0.276395,0.207171,-0.938449]]],"btipPosition":[-21.1985,279.459,-18.0669],"carpPosition":[-17.354,296.4,24.0247],"dipPosition":[-16.8296,282.734,-32.9007],"direction":[-0.432949,-0.681447,0.590073],"extended":false,"handId":219,"id":2194,"length":46.32,"mcpPosition":[-2.19867,318.267,-22.0153],"pipPosition":[-9.06418,294.956,-43.4843],"stabilizedTipPosition":[-39.2161,269.524,16.5865],"timeVisible":0.478847,"tipPosition":[-19.6234,280.058,-22.0482],"tipVelocity":[110.544,-29.5186,-165.42],"tool":false,"touchDistance":0.333333,"touchZone":"none","type":4,"width":14.7252}],"r":[[0.84422,0.11349,0.523844],[-0.023613,0.984253,-0.175182],[-0.535476,0.135522,0.833606]],"s":1.08734,"t":[104.227,122.892,-188.315],"timestamp":2801968010},false],[2,{"currentFrameRate":110.558,"devices":[],"gestures":[],"hands":[{"armBasis":[[0.959875,0.18333,-0.212203],[-0.0744281,0.896121,0.437524],[0.270371,-0.404175,0.873809]],"armWidth":58.4334,"confidence":0.678022,"direction":[0.0207033,0.51804,-0.855106],"elbow":[35.9038,189.558,244.164],"grabStrength":0,"id":219,"palmNormal":[0.0765623,-0.853599,-0.515274],"palmPosition":[-36.6796,311.52,-16.9774],"palmVelocity":[78.0819,-46.9331,-196.564],"palmWidth":83.4409,"pinchStrength":0.568832,"r":[[0.839425,0.121804,0.52965],[-0.0325635,0.984083,-0.174702],[-0.542499,0.129402,0.83003]],"s":1.0946,"sphereCenter":[-34.0773,286.861,-52.2164],"sphereRadius":43.0371,"stabilizedPalmPosition":[-58.1399,297.734,42.3528],"t":[104.919,122.409,-190.02],"timeVisible":0.488067,"type":"right","wrist":[-31.0398,289.631,27.8094]}],"id":268151,"interactionBox":{"center":[0,200,0],"size":[235.247,235.247,147.751]},"pointables":[{"bases":[[[0.33669,0.88662,0.317087],[-0.844578,0.135465,0.518012],[0.416326,-0.442215,0.79443]],[[0.25698,0.95131,0.170209],[-0.882858,0.159452,0.441744],[0.393095,-0.26379,0.880847]],[[0.25698,0.95131,0.170209],[-0.949985,0.281002,-0.13626],[-0.177455,-0.12668,0.975942]],[[0.25698,0.95131,0.170209],[-0.782952,0.308186,-0.540377],[-0.566522,0.00560029,0.824028]]],"btipPosition":[-56.6943,294.035,-64.6309],"carpPosition":[-56.407,278.119,23.8906],"dipPosition":[-68.8529,294.155,-46.9457],"direction":[0.177455,0.12668,-0.975942],"extended":false,"handId":219,"id":2190,"length":47.7925,"mcpPosition":[-56.407,278.119,23.8906],"pipPosition":[-74.4013,290.194,-16.4311],"stabilizedTipPosition":[-86.3065,280.312,-8.54708],"timeVisible":0.488067,"tipPosition":[-58.7679,292.626,-60.7751],"tipVelocity":[96.0842,8.88079,-204.174],"tool":false,"touchDistance":-0.608979,"touchZone":"hovering","type":0,"width":18.5699},{"bases":[[[0.986174,0.141003,-0.0870531],[-0.0975159,0.918545,0.383099],[0.13398,-0.369313,0.919596]],[[0.994624,0.103424,0.00519945],[-0.100487,0.951816,0.289737],[0.0250169,-0.288702,0.957092]],[[0.994624,0.103424,0.00519945],[-0.102894,0.981373,0.162236],[0.0116766,-0.161899,0.986738]],[[0.994624,0.103424,0.00519945],[-0.103548,0.992726,0.0614243],[0.00119112,-0.0616324,0.998098]]],"btipPosition":[-60.506,339.758,-112.095],"carpPosition":[-50.2038,298.913,25.1632],"dipPosition":[-60.4873,338.792,-96.4567],"direction":[-0.0116766,0.161899,-0.986738],"extended":true,"handId":219,"id":2191,"length":53.9285,"mcpPosition":[-59.2429,323.829,-36.8781],"pipPosition":[-60.2285,335.204,-74.5856],"stabilizedTipPosition":[-88.2634,327.002,-45.3298],"timeVisible":0.488067,"tipPosition":[-59.7082,338.151,-108.587],"tipVelocity":[90.173,-7.04516,-199.903],"tool":false,"touchDistance":-0.628838,"touchZone":"hovering","type":1,"width":17.738},{"bases":[[[0.997287,-0.0688584,-0.026037],[0.0735776,0.920829,0.382963],[-0.00239462,-0.38384,0.923397]],[[0.996626,-0.0818942,0.00543425],[0.0587989,0.666233,-0.743422],[0.0572615,0.741233,0.668801]],[[0.996626,-0.0818942,0.00543425],[-0.0449713,-0.600274,-0.798529],[0.0686569,0.79559,-0.601932]],[[0.996626,-0.0818942,0.00543425],[-0.0776636,-0.962411,-0.260257],[0.0265435,0.258957,-0.965524]]],"btipPosition":[-44.0382,268.707,-32.013],"carpPosition":[-39.4126,302.122,24.2921],"dipPosition":[-43.5808,273.169,-48.6517],"direction":[-0.0686569,-0.79559,0.601932],"extended":false,"handId":219,"id":2192,"length":61.4471,"mcpPosition":[-39.2594,326.68,-34.7865],"pipPosition":[-41.7904,293.916,-64.3484],"stabilizedTipPosition":[-70.7283,259.656,13.1153],"timeVisible":0.488067,"tipPosition":[-43.9302,269.994,-36.5181],"tipVelocity":[143.188,-61.199,-167.739],"tool":false,"touchDistance":0.333333,"touchZone":"none","type":2,"width":17.4211},{"bases":[[[0.977661,-0.193812,0.0813375],[0.144527,0.900851,0.409365],[-0.152613,-0.388465,0.908738]],[[0.978871,-0.190642,0.0739348],[0.17409,0.587356,-0.790383],[0.107254,0.786555,0.608135]],[[0.978871,-0.190642,0.0739348],[-0.0722966,-0.660907,-0.746977],[0.191269,0.725849,-0.660726]],[[0.978871,-0.190642,0.0739348],[-0.170419,-0.960444,-0.220237],[0.112997,0.202984,-0.97264]]],"btipPosition":[-30.5929,270.569,-20.0459],"carpPosition":[-28.1699,302.399,23.6217],"dipPosition":[-28.6568,274.047,-36.711],"direction":[-0.191269,-0.72585,0.660726],"extended":false,"handId":219,"id":2193,"length":59.0831,"mcpPosition":[-19.4034,324.714,-28.5789],"pipPosition":[-23.7979,292.486,-53.4959],"stabilizedTipPosition":[-51.6625,262.596,12.3504],"timeVisible":0.488067,"tipPosition":[-29.9474,271.514,-25.1181],"tipVelocity":[125.837,-38.4794,-127.615],"tool":false,"touchDistance":0.333333,"touchZone":"none","type":3,"width":16.5772},{"bases":[[[0.916018,-0.383634,0.117203],[0.280775,0.821857,0.495698],[-0.286491,-0.421161,0.86055]],[[0.894239,-0.411586,0.175882],[0.398745,0.554066,-0.730762],[0.203321,0.723608,0.659585]],[[0.894239,-0.411586,0.175882],[-0.123598,-0.604745,-0.78677],[0.430187,0.681822,-0.591657]],[[0.894239,-0.411586,0.175882],[-0.34893,-0.887158,-0.301993],[0.280331,0.208683,-0.936945]]],"btipPosition":[-20.332,279.438,-19.1753],"carpPosition":[-16.8262,296.034,22.5493],"dipPosition":[-15.9009,282.736,-33.9854],"direction":[-0.430187,-0.681822,0.591657],"extended":false,"handId":219,"id":2194,"length":46.32,"mcpPosition":[-1.59226,318.429,-23.21],"pipPosition":[-8.18506,294.966,-44.5974],"stabilizedTipPosition":[-38.573,269.869,15.3208],"timeVisible":0.488067,"tipPosition":[-18.7368,280.069,-23.2716],"tipVelocity":[106.335,-21.7256,-152.588],"tool":false,"touchDistance":0.333333,"touchZone":"none","type":4,"width":14.7252}],"r":[[0.839425,0.121804,0.52965],[-0.0325635,0.984083,-0.174702],[-0.542499,0.129402,0.83003]],"s":1.0946,"t":[104.919,122.409,-190.02],"timestamp":2801977230},false],[3,{"currentFrameRate":110.665,"devices":[],"gestures":[],"hands":[{"armBasis":[[0.959965,0.191178,-0.204741],[-0.0844023,0.894339,0.439357],[0.267103,-0.404486,0.874669]],"armWidth":58.4334,"confidence":0.620194,"direction":[0.0204057,0.521147,-0.853223],"elbow":[35.4703,189.317,243.023],"grabStrength":0,"id":219,"palmNormal":[0.0865758,-0.851116,-0.51779],"palmPosition":[-36.2734,311.461,-18.2842],"palmVelocity":[69.3737,-36.0338,-183.339],"palmWidth":83.4409,"pinchStrength":0.538262,"r":[[0.834744,0.129512,0.53519],[-0.0412735,0.983928,-0.173728],[-0.549089,0.122929,0.826674]],"s":1.10173,"sphereCenter":[-33.8025,287.191,-53.5071],"sphereRadius":43.0136,"stabilizedPalmPosition":[-58.0101,297.815,41.9928],"t":[105.469,122.139,-191.526],"timeVisible":0.496915,"type":"right","wrist":[-30.6642,289.468,26.4553]}],"id":268152,"interactionBox":{"center":[0,200,0],"size":[235.247,235.247,147.751]},"pointables":[{"bases":[[[0.327348,0.888427,0.321778],[-0.848285,0.1263,0.514257],[0.416239,-0.441301,0.794984]],[[0.249581,0.951869,0.177917],[-0.885589,0.150042,0.439567],[0.391715,-0.267269,0.880413]],[[0.249581,0.951869,0.177917],[-0.95159,0.275124,-0.137049],[-0.179402,-0.135099,0.974455]],[[0.249581,0.951869,0.177917],[-0.785065,0.306459,-0.538291],[-0.566906,-0.00532911,0.823765]]],"btipPosition":[-56.0651,294.321,-66.0785],"carpPosition":[-55.9101,277.748,22.371],"dipPosition":[-68.2319,294.207,-48.399],"direction":[0.179402,0.135099,-0.974455],"extended":false,"handId":219,"id":2190,"length":47.7925,"mcpPosition":[-55.9101,277.748,22.371],"pipPosition":[-73.8413,289.983,-17.9309],"stabilizedTipPosition":[-85.9485,280.495,-9.24449],"timeVisible":0.496915,"tipPosition":[-58.1441,292.889,-62.2112],"tipVelocity":[89.2681,13.589,-193.235],"tool":false,"touchDistance":-0.598148,"touchZone":"hovering","type":0,"width":18.5699},{"bases":[[[0.985322,0.149906,-0.0816584],[-0.107442,0.916333,0.385734],[0.13265,-0.371299,0.918989]],[[0.993556,0.11305,0.00818788],[-0.11034,0.948156,0.298037],[0.0259296,-0.29702,0.954519]],[[0.993556,0.11305,0.00818788],[-0.112753,0.978406,0.173227],[0.0115722,-0.173034,0.984848]],[[0.993556,0.11305,0.00818788],[-0.113345,0.990776,0.0742629],[0.000283034,-0.0747124,0.997205]]],"btipPosition":[-60.1272,340.349,-113.315],"carpPosition":[-49.8953,298.592,23.7453],"dipPosition":[-60.1227,339.179,-97.6904],"direction":[-0.0115722,0.173034,-0.984848],"extended":true,"handId":219,"id":2191,"length":53.9285,"mcpPosition":[-58.8447,323.642,-38.2551],"pipPosition":[-59.8663,335.344,-75.8612],"stabilizedTipPosition":[-88.0268,327.112,-45.8712],"timeVisible":0.496915,"tipPosition":[-59.3281,338.681,-109.831],"tipVelocity":[77.2544,11.5166,-183.208],"tool":false,"touchDistance":-0.612632,"touchZone":"hovering","type":1,"width":17.738},{"bases":[[[0.997967,-0.0600601,-0.0213027],[0.0636238,0.92011,0.386458],[-0.0036099,-0.387028,0.922061]],[[0.997295,-0.0729043,0.00938864],[0.0548246,0.652659,-0.755666],[0.0489637,0.754136,0.65489]],[[0.997295,-0.0729043,0.00938864],[-0.0375711,-0.615349,-0.787359],[0.0631792,0.784876,-0.616424]],[[0.997295,-0.0729043,0.00938864],[-0.0682398,-0.965733,-0.250406],[0.0273226,0.249087,-0.968096]]],"btipPosition":[-43.1801,268.565,-32.2436],"carpPosition":[-39.1284,301.897,22.9388],"dipPosition":[-42.7093,272.858,-48.9267],"direction":[-0.0631792,-0.784876,0.616424],"extended":false,"handId":219,"id":2192,"length":61.4471,"mcpPosition":[-38.8975,326.659,-36.0542],"pipPosition":[-41.0617,293.325,-65.0013],"stabilizedTipPosition":[-68.8091,260.343,9.70125],"timeVisible":0.496915,"tipPosition":[-43.0632,269.844,-37.0586],"tipVelocity":[130.777,-50.1623,-129.71],"tool":false,"touchDistance":0.333333,"touchZone":"none","type":2,"width":17.4211},{"bases":[[[0.978904,-0.18555,0.0855465],[0.134614,0.900661,0.413145],[-0.153707,-0.392914,0.906638]],[[0.980014,-0.182638,0.0788365],[0.173084,0.587541,-0.790467],[0.0980493,0.788314,0.60741]],[[0.980014,-0.182638,0.0788365],[-0.0634076,-0.662438,-0.746428],[0.18855,0.726511,-0.66078]],[[0.980014,-0.182638,0.0788365],[-0.161398,-0.961692,-0.221582],[0.116286,0.20443,-0.97195]]],"btipPosition":[-29.8557,270.587,-21.2023],"carpPosition":[-27.8854,302.275,22.3254],"dipPosition":[-27.8632,274.089,-37.8556],"direction":[-0.18855,-0.726511,0.66078],"extended":false,"handId":219,"id":2193,"length":59.0831,"mcpPosition":[-19.056,324.845,-29.7546],"pipPosition":[-23.0734,292.545,-54.6418],"stabilizedTipPosition":[-50.0693,263.226,9.6754],"timeVisible":0.496915,"tipPosition":[-29.1939,271.534,-26.2662],"tipVelocity":[114.727,-27.3522,-128.365],"tool":false,"touchDistance":0.333333,"touchZone":"none","type":3,"width":16.5772},{"bases":[[[0.918746,-0.376026,0.120458],[0.271119,0.822562,0.499887],[-0.287054,-0.426611,0.857673]],[[0.896127,-0.405276,0.180856],[0.39832,0.554779,-0.730453],[0.195699,0.726617,0.658581]],[[0.896127,-0.405276,0.180856],[-0.116296,-0.607721,-0.785589],[0.42829,0.682954,-0.591727]],[[0.896127,-0.405276,0.180856],[-0.341281,-0.889809,-0.30293],[0.283698,0.209741,-0.935695]]],"btipPosition":[-19.7293,279.572,-20.2697],"carpPosition":[-16.4813,296.013,21.2879],"dipPosition":[-15.2449,282.887,-35.06],"direction":[-0.42829,-0.682954,0.591727],"extended":false,"handId":219,"id":2194,"length":46.32,"mcpPosition":[-1.21742,318.698,-24.3184],"pipPosition":[-7.56309,295.137,-45.6732],"stabilizedTipPosition":[-37.9547,270.194,14.1078],"timeVisible":0.496915,"tipPosition":[-18.1282,280.218,-24.3922],"tipVelocity":[96.3679,-11.6317,-144.627],"tool":false,"touchDistance":0.333333,"touchZone":"none","type":4,"width":14.7252}],"r":[[0.834744,0.129512,0.53519],[-0.0412735,0.983928,-0.173728],[-0.549089,0.122929,0.826674]],"s":1.10173,"t":[105.469,122.139,-191.526],"timestamp":2801986078},false],[4,{"currentFrameRate":101.383,"devices":[],"gestures":[],"hands":[{"armBasis":[[0.963648,0.18438,-0.193356],[-0.0833183,0.895002,0.438212],[0.253851,-0.406172,0.877829]],"armWidth":58.4334,"confidence":0.630912,"direction":[0.0244006,0.513453,-0.857771],"elbow":[33.789,188.286,239.338],"grabStrength":0,"id":219,"palmNormal":[0.0855955,-0.855948,-0.509927],"palmPosition":[-34.4795,310.463,-22.9618],"palmVelocity":[67.602,-36.6225,-177.208],"palmWidth":83.4409,"pinchStrength":0.497458,"r":[[0.830674,0.136113,0.539864],[-0.0475615,0.983459,-0.174772],[-0.554723,0.119502,0.823408]],"s":1.10897,"sphereCenter":[-32.7027,286.278,-57.8193],"sphereRadius":42.9369,"stabilizedPalmPosition":[-57.6622,298.002,41.0325],"t":[106.641,121.504,-194.617],"timeVisible":0.523888,"type":"right","wrist":[-29.0643,288.854,21.9882]}],"id":268153,"interactionBox":{"center":[0,200,0],"size":[235.247,235.247,147.751]},"pointables":[{"bases":[[[0.329003,0.890312,0.314803],[-0.849402,0.133334,0.510625],[0.412642,-0.435392,0.8001]],[[0.252187,0.952488,0.170789],[-0.886628,0.15673,0.435117],[0.387676,-0.261157,0.884027]],[[0.252187,0.952488,0.170789],[-0.950256,0.2771,-0.142231],[-0.182799,-0.126425,0.974988]],[[0.252187,0.952488,0.170789],[-0.783527,0.304565,-0.541596],[-0.56788,0.00276564,0.823107]]],"btipPosition":[-54.1752,293.02,-70.6829],"carpPosition":[-54.3323,277.171,17.9346],"dipPosition":[-66.363,293.079,-53.0174],"direction":[0.182799,0.126425,-0.974988],"extended":false,"handId":219,"id":2190,"length":47.7925,"mcpPosition":[-54.3323,277.171,17.9346],"pipPosition":[-72.0785,289.126,-22.5327],"stabilizedTipPosition":[-85.0537,280.882,-11.0166],"timeVisible":0.523888,"tipPosition":[-56.3052,291.673,-66.7871],"tipVelocity":[77.2916,-23.7048,-179.386],"tool":false,"touchDistance":-0.635781,"touchZone":"hovering","type":0,"width":18.5699},{"bases":[[[0.985988,0.146323,-0.0801068],[-0.105888,0.920044,0.377235],[0.1289,-0.363467,0.922647]],[[0.993736,0.111537,0.00690751],[-0.108496,0.948143,0.298753],[0.0267728,-0.297631,0.954305]],[[0.993736,0.111537,0.00690751],[-0.110985,0.977818,0.177636],[0.0130587,-0.17729,0.984072]],[[0.993736,0.111537,0.00690751],[-0.111729,0.990409,0.0812876],[0.00222533,-0.0815502,0.996667]]],"btipPosition":[-58.3363,339.464,-118.132],"carpPosition":[-48.2608,298.009,19.1407],"dipPosition":[-58.3014,338.186,-102.516],"direction":[-0.0130587,0.17729,-0.984072],"extended":true,"handId":219,"id":2191,"length":53.9285,"mcpPosition":[-56.9571,322.53,-43.1064],"pipPosition":[-58.0119,334.257,-80.7041],"stabilizedTipPosition":[-87.4511,327.346,-47.2024],"timeVisible":0.523888,"tipPosition":[-57.5555,337.719,-114.671],"tipVelocity":[70.706,-16.4505,-180.403],"tool":false,"touchDistance":-0.65199,"touchZone":"hovering","type":1,"width":17.738},{"bases":[[[0.997846,-0.0631315,-0.0178452],[0.065185,0.923333,0.378426],[-0.00741352,-0.378774,0.925459]],[[0.997084,-0.0753494,0.0120968],[0.056158,0.617124,-0.784859],[0.0516734,0.78325,0.619556]],[[0.997084,-0.0753494,0.0120968],[-0.0399827,-0.650806,-0.758191],[0.0650019,0.755496,-0.65192]],[[0.997084,-0.0753494,0.0120968],[-0.0708939,-0.973226,-0.218644],[0.0282476,0.217148,-0.97573]]],"btipPosition":[-41.4736,267.446,-34.4445],"carpPosition":[-37.482,301.276,18.3363],"dipPosition":[-40.9868,271.188,-51.2592],"direction":[-0.0650019,-0.755496,0.65192],"extended":false,"handId":219,"id":2192,"length":61.4471,"mcpPosition":[-37.0077,325.51,-40.8742],"pipPosition":[-39.2918,290.889,-68.2594],"stabilizedTipPosition":[-62.2825,262.236,-1.71557],"timeVisible":0.523888,"tipPosition":[-41.3435,268.589,-39.6976],"tipVelocity":[89.1474,-47.7146,-100.674],"tool":false,"touchDistance":0.333333,"touchZone":"none","type":2,"width":17.4211},{"bases":[[[0.978107,-0.187607,0.090062],[0.13604,0.903918,0.405493],[-0.157482,-0.384363,0.909651]],[[0.979125,-0.185066,0.0840549],[0.178112,0.581943,-0.793485],[0.0979316,0.791892,0.602758]],[[0.979125,-0.185066,0.0840549],[-0.0622826,-0.666809,-0.742622],[0.193482,0.721884,-0.664415]],[[0.979125,-0.185066,0.0840549],[-0.163458,-0.962713,-0.215559],[0.120813,0.19732,-0.972866]]],"btipPosition":[-28.1877,269.529,-25.6496],"carpPosition":[-26.2362,301.616,17.7525],"dipPosition":[-26.1177,272.91,-42.3186],"direction":[-0.193482,-0.721884,0.664415],"extended":false,"handId":219,"id":2193,"length":59.0831,"mcpPosition":[-17.19,323.694,-34.5005],"pipPosition":[-21.2025,291.249,-59.1971],"stabilizedTipPosition":[-46.7858,264.266,3.92434],"timeVisible":0.523888,"tipPosition":[-27.5118,270.434,-30.5844],"tipVelocity":[82.4568,-35.3191,-151.01],"tool":false,"touchDistance":0.333333,"touchZone":"none","type":3,"width":16.5772},{"bases":[[[0.917293,-0.377589,0.126493],[0.272064,0.826202,0.493326],[-0.290784,-0.41811,0.860598]],[[0.893841,-0.40686,0.188448],[0.403107,0.545127,-0.735079],[0.196347,0.733009,0.651265]],[[0.893841,-0.40686,0.188448],[-0.116045,-0.615873,-0.779252],[0.433106,0.67466,-0.597707]],[[0.893841,-0.40686,0.188448],[-0.343662,-0.89159,-0.294897],[0.288,0.198829,-0.936762]]],"btipPosition":[-18.0724,278.533,-24.5476],"carpPosition":[-14.8475,295.312,16.8042],"dipPosition":[-13.5201,281.676,-39.3547],"direction":[-0.433106,-0.67466,0.597706],"extended":false,"handId":219,"id":2194,"length":46.32,"mcpPosition":[0.614765,317.544,-28.9576],"pipPosition":[-5.75188,293.776,-50.0752],"stabilizedTipPosition":[-36.4761,270.834,11.1363],"timeVisible":0.523888,"tipPosition":[-16.4682,279.132,-28.6569],"tipVelocity":[75.1353,-29.1571,-153.348],"tool":false,"touchDistance":0.333333,"touchZone":"none","type":4,"width":14.7252}],"r":[[0.830674,0.136113,0.539864],[-0.0475615,0.983459,-0.174772],[-0.554723,0.119502,0.823408]],"s":1.10897,"t":[106.641,121.504,-194.617],"timestamp":2802013051},false],[5,{"currentFrameRate":101.647,"devices":[],"gestures":[],"hands":[{"armBasis":[[0.96418,0.183311,-0.191714],[-0.0833473,0.895538,0.43711],[0.251814,-0.405474,0.878738]],"armWidth":58.4334,"confidence":0.634358,"direction":[0.0259009,0.512597,-0.858239],"elbow":[33.6317,188.229,238.733],"grabStrength":0,"id":219,"palmNormal":[0.0857516,-0.856501,-0.508971],"palmPosition":[-34.0572,310.193,-23.8206],"palmVelocity":[61.2798,-34.4594,-153.103],"palmWidth":83.4409,"pinchStrength":0.491984,"r":[[0.827233,0.141377,0.543782],[-0.0524118,0.983022,-0.175842],[-0.55941,0.116962,0.820598]],"s":1.1146,"sphereCenter":[-32.5001,286.1,-58.6217],"sphereRadius":42.9163,"stabilizedPalmPosition":[-57.5465,298.062,40.7148],"t":[107.438,121.052,-196.592],"timeVisible":0.533218,"type":"right","wrist":[-28.7173,288.624,21.1579]}],"id":268154,"interactionBox":{"center":[0,200,0],"size":[235.247,235.247,147.751]},"pointables":[{"bases":[[[0.329135,0.890412,0.314382],[-0.850016,0.134371,0.50933],[0.41127,-0.434868,0.801091]],[[0.252567,0.952489,0.170221],[-0.887257,0.157809,0.433441],[0.385985,-0.260503,0.88496]],[[0.252567,0.952489,0.170221],[-0.94988,0.277575,-0.143808],[-0.184225,-0.125369,0.974856]],[[0.252567,0.952489,0.170221],[-0.782808,0.30455,-0.542643],[-0.568702,0.00380305,0.822535]]],"btipPosition":[-53.6904,292.717,-71.5627],"carpPosition":[-53.987,276.954,17.0811],"dipPosition":[-65.8958,292.798,-53.9095],"direction":[0.184225,0.125369,-0.974856],"extended":false,"handId":219,"id":2190,"length":47.7925,"mcpPosition":[-53.987,276.954,17.0811],"pipPosition":[-71.6559,288.879,-23.4289],"stabilizedTipPosition":[-84.7575,281.005,-11.6025],"timeVisible":0.533218,"tipPosition":[-55.837,291.391,-67.6613],"tipVelocity":[70.0001,-26.032,-155.386],"tool":false,"touchDistance":-0.613775,"touchZone":"hovering","type":0,"width":18.5699},{"bases":[[[0.986189,0.145621,-0.0788987],[-0.105822,0.92048,0.376189],[0.127406,-0.362644,0.923178]],[[0.993755,0.111363,0.00705446],[-0.108309,0.947429,0.301076],[0.026845,-0.29996,0.953574]],[[0.993755,0.111363,0.00705446],[-0.110791,0.977171,0.181281],[0.0132945,-0.18093,0.983406]],[[0.993755,0.111363,0.00705446],[-0.111556,0.990043,0.0858511],[0.00257638,-0.0861019,0.996283]]],"btipPosition":[-57.8922,339.432,-118.984],"carpPosition":[-47.904,297.788,18.2751],"dipPosition":[-57.8519,338.083,-103.374],"direction":[-0.0132945,0.18093,-0.983406],"extended":true,"handId":219,"id":2191,"length":53.9285,"mcpPosition":[-56.4995,322.255,-44.0078],"pipPosition":[-57.5572,334.072,-81.5767],"stabilizedTipPosition":[-87.2626,327.421,-47.6372],"timeVisible":0.533218,"tipPosition":[-57.1171,337.652,-115.534],"tipVelocity":[64.2017,-13.268,-155.223],"tool":false,"touchDistance":-0.627923,"touchZone":"hovering","type":1,"width":17.738},{"bases":[[[0.997829,-0.0637799,-0.0164159],[0.0652516,0.923662,0.377611],[-0.0089212,-0.377863,0.925819]],[[0.997025,-0.0759035,0.0133781],[0.0572033,0.612424,-0.788457],[0.0516536,0.786877,0.614945]],[[0.997025,-0.0759035,0.0133781],[-0.039753,-0.655146,-0.754455],[0.0660304,0.751679,-0.656215]],[[0.997025,-0.0759035,0.0133781],[-0.0712696,-0.974033,-0.214895],[0.029342,0.213303,-0.976545]]],"btipPosition":[-41.062,267.165,-34.9917],"carpPosition":[-37.1221,301.048,17.4823],"dipPosition":[-40.5563,270.841,-51.8204],"direction":[-0.0660304,-0.751679,0.656215],"extended":false,"handId":219,"id":2192,"length":61.4471,"mcpPosition":[-36.5513,325.223,-41.7512],"pipPosition":[-38.8345,290.442,-68.9326],"stabilizedTipPosition":[-60.371,262.754,-5.04343],"timeVisible":0.533218,"tipPosition":[-40.9262,268.28,-40.2507],"tipVelocity":[76.5325,-43.1919,-88.874],"tool":false,"touchDistance":0.333333,"touchZone":"none","type":2,"width":17.4211},{"bases":[[[0.977863,-0.188137,0.0915859],[0.136058,0.904229,0.404794],[-0.158971,-0.383372,0.90981]],[[0.978833,-0.185749,0.0859258],[0.179737,0.5794,-0.794979],[0.0978813,0.793595,0.600521]],[[0.978833,-0.185749,0.0859258],[-0.0619128,-0.668922,-0.740749],[0.195071,0.71975,-0.666263]],[[0.978833,-0.185749,0.0859258],[-0.163994,-0.96304,-0.213682],[0.122441,0.195068,-0.973117]]],"btipPosition":[-27.8074,269.26,-26.3548],"carpPosition":[-25.8753,301.38,16.9136],"dipPosition":[-25.7095,272.602,-43.0281],"direction":[-0.195071,-0.71975,0.666264],"extended":false,"handId":219,"id":2193,"length":59.0831,"mcpPosition":[-16.7435,323.402,-35.3486],"pipPosition":[-20.7539,290.886,-59.9536],"stabilizedTipPosition":[-45.8821,264.533,2.34023],"timeVisible":0.533218,"tipPosition":[-27.1227,270.151,-31.2958],"tipVelocity":[70.849,-33.7709,-129.689],"tool":false,"touchDistance":0.333333,"touchZone":"none","type":3,"width":16.5772},{"bases":[[[0.916879,-0.378045,0.12812],[0.271912,0.826513,0.49289],[-0.292227,-0.417083,0.860607]],[[0.893231,-0.407342,0.190292],[0.404705,0.544111,-0.734954],[0.195837,0.733496,0.65087]],[[0.893231,-0.407342,0.190292],[-0.115236,-0.616536,-0.778848],[0.434579,0.673762,-0.59765]],[[0.893231,-0.407342,0.190292],[-0.343852,-0.891623,-0.294575],[0.289661,0.197692,-0.93649]]],"btipPosition":[-17.6736,278.252,-25.3577],"carpPosition":[-14.4892,295.068,15.987],"dipPosition":[-13.095,281.377,-40.1606],"direction":[-0.434579,-0.673763,0.59765],"extended":false,"handId":219,"id":2194,"length":46.32,"mcpPosition":[1.04977,317.246,-29.7752],"pipPosition":[-5.30037,293.462,-50.8801],"stabilizedTipPosition":[-36.029,271.018,10.2378],"timeVisible":0.533218,"tipPosition":[-16.0653,278.847,-29.4574],"tipVelocity":[66.1507,-29.5295,-134.49],"tool":false,"touchDistance":0.333333,"touchZone":"none","type":4,"width":14.7252}],"r":[[0.827233,0.141377,0.543782],[-0.0524118,0.983022,-0.175842],[-0.55941,0.116962,0.820598]],"s":1.1146,"t":[107.438,121.052,-196.592],"timestamp":2802022381},false],[6,{"currentFrameRate":101.987,"devices":[],"gestures":[],"hands":[{"armBasis":[[0.963987,0.191134,-0.184923],[-0.0939325,0.895215,0.435623],[0.248808,-0.402565,0.880929]],"armWidth":58.4334,"confidence":0.610304,"direction":[0.0282465,0.512167,-0.858421],"elbow":[33.1863,188.82,237.399],"grabStrength":0,"id":219,"palmNormal":[0.0965702,-0.856145,-0.507631],"palmPosition":[-33.5918,309.986,-25.7532],"palmVelocity":[58.3696,-31.1465,-169.259],"palmWidth":83.4409,"pinchStrength":0.496685,"r":[[0.823375,0.146999,0.548128],[-0.057616,0.982532,-0.17695],[-0.564565,0.114115,0.817462]],"s":1.11885,"sphereCenter":[-32.0133,286.104,-60.475],"sphereRadius":42.845,"stabilizedPalmPosition":[-57.4452,298.112,40.4336],"t":[108.069,120.723,-198.546],"timeVisible":0.542373,"type":"right","wrist":[-28.4183,288.495,19.2814]}],"id":268155,"interactionBox":{"center":[0,200,0],"size":[235.247,235.247,147.751]},"pointables":[{"bases":[[[0.319492,0.893288,0.316167],[-0.854921,0.127823,0.502764],[0.408699,-0.430927,0.804529]],[[0.242904,0.954995,0.170245],[-0.893574,0.15198,0.422407],[0.377523,-0.25473,0.890275]],[[0.242904,0.954995,0.170245],[-0.950587,0.269316,-0.154448],[-0.193347,-0.124316,0.973223]],[[0.242904,0.954995,0.170245],[-0.779384,0.29662,-0.551885],[-0.577546,0.00136906,0.816357]]],"btipPosition":[-52.4016,292.134,-73.681],"carpPosition":[-53.5607,276.616,15.0224],"dipPosition":[-64.7968,292.163,-56.1605],"direction":[0.193347,0.124316,-0.973223],"extended":false,"handId":219,"id":2190,"length":47.7925,"mcpPosition":[-53.5607,276.616,15.0224],"pipPosition":[-70.8422,288.276,-25.7309],"stabilizedTipPosition":[-84.4546,281.119,-12.1986],"timeVisible":0.542373,"tipPosition":[-54.7452,290.979,-69.7652],"tipVelocity":[88.387,-36.8799,-177.487],"tool":false,"touchDistance":-0.612964,"touchZone":"hovering","type":0,"width":18.5699},{"bases":[[[0.985544,0.15358,-0.0715328],[-0.116151,0.919862,0.37465],[0.123339,-0.360925,0.924403]],[[0.992658,0.120331,0.0123057],[-0.118307,0.944671,0.30594],[0.0251894,-0.30515,0.951971]],[[0.992658,0.120331,0.0123057],[-0.120491,0.974739,0.188057],[0.0106344,-0.188159,0.982081]],[[0.992658,0.120331,0.0123057],[-0.120956,0.988208,0.0938856],[-0.000863167,-0.0946847,0.995507]]],"btipPosition":[-57.1922,339.527,-120.991],"carpPosition":[-47.6564,297.5,16.2461],"dipPosition":[-57.2057,338.043,-105.393],"direction":[-0.0106344,0.188159,-0.982081],"extended":true,"handId":219,"id":2191,"length":53.9285,"mcpPosition":[-55.9776,321.85,-46.1195],"pipPosition":[-56.97,333.873,-83.6252],"stabilizedTipPosition":[-87.0899,327.489,-48.0378],"timeVisible":0.542373,"tipPosition":[-56.4205,337.695,-117.558],"tipVelocity":[67.2403,-7.62297,-173.138],"tool":false,"touchDistance":-0.623611,"touchZone":"hovering","type":1,"width":17.738},{"bases":[[[0.99841,-0.055674,-0.00879859],[0.0548747,0.924436,0.377367],[-0.0128758,-0.37725,0.926022]],[[0.99748,-0.0677763,0.0209836],[0.0581918,0.61231,-0.788473],[0.0405913,0.787707,0.614711]],[[0.99748,-0.0677763,0.0209836],[-0.0287052,-0.655973,-0.754238],[0.0648841,0.751735,-0.656266]],[[0.99748,-0.0677763,0.0209836],[-0.0617141,-0.97473,-0.214691],[0.0350043,0.212855,-0.976457]]],"btipPosition":[-40.1613,266.894,-36.9444],"carpPosition":[-36.8956,300.847,15.5325],"dipPosition":[-39.558,270.562,-53.7715],"direction":[-0.0648841,-0.751735,0.656266],"extended":false,"handId":219,"id":2192,"length":61.4471,"mcpPosition":[-36.0718,324.983,-43.714],"pipPosition":[-37.866,290.165,-70.8851],"stabilizedTipPosition":[-58.765,263.147,-7.86667],"timeVisible":0.542373,"tipPosition":[-39.9949,268.006,-42.1953],"tipVelocity":[83.3035,-39.4555,-123.524],"tool":false,"touchDistance":0.333333,"touchZone":"none","type":2,"width":17.4211},{"bases":[[[0.978637,-0.180111,0.0991467],[0.125628,0.905599,0.405102],[-0.162751,-0.383992,0.90888]],[[0.979522,-0.177986,0.0941206],[0.181399,0.577314,-0.796117],[0.0873603,0.796888,0.597778]],[[0.979522,-0.177986,0.0941206],[-0.0512569,-0.672512,-0.738309],[0.194706,0.718366,-0.667863]],[[0.979522,-0.177986,0.0941206],[-0.154955,-0.9649,-0.212031],[0.128555,0.193104,-0.97272]]],"btipPosition":[-27.0273,269.119,-28.02],"carpPosition":[-25.6479,301.27,15.0488],"dipPosition":[-24.8247,272.428,-44.6864],"direction":[-0.194706,-0.718366,0.667863],"extended":false,"handId":219,"id":2193,"length":59.0831,"mcpPosition":[-16.299,323.327,-37.16],"pipPosition":[-19.8784,290.677,-61.6526],"stabilizedTipPosition":[-45.1281,264.741,1.00859],"timeVisible":0.542373,"tipPosition":[-26.3112,269.995,-32.9588],"tipVelocity":[75.5813,-28.8796,-144.182],"tool":false,"touchDistance":0.333333,"touchZone":"none","type":3,"width":16.5772},{"bases":[[[0.918923,-0.370482,0.135367],[0.261437,0.829055,0.494286],[-0.295351,-0.418821,0.858695]],[[0.894801,-0.400186,0.197946],[0.406311,0.54615,-0.732552],[0.185049,0.735916,0.651295]],[[0.894801,-0.400186,0.197946],[-0.104334,-0.618516,-0.778815],[0.434104,0.676232,-0.595201]],[[0.894801,-0.400186,0.197946],[-0.334587,-0.894617,-0.296163],[0.295606,0.198776,-0.934401]]],"btipPosition":[-16.9581,278.187,-27.1202],"carpPosition":[-14.2042,295.05,14.2136],"dipPosition":[-12.2856,281.329,-41.89],"direction":[-0.434104,-0.676232,0.595201],"extended":false,"handId":219,"id":2194,"length":46.32,"mcpPosition":[1.50084,317.32,-31.447],"pipPosition":[-4.49946,293.458,-52.5656],"stabilizedTipPosition":[-35.6453,271.168,9.46171],"ti