{"sensorType":"Leap","data":[[0,{"currentFrameRate":108.783,"devices":[],"gestures":[],"hands":[{"armBasis":[[0.952163,0.16148,-0.259441],[-0.0345444,0.900417,0.433654],[0.303632,-0.403947,0.862922]],"armWidth":58.4334,"confidence":0.621134,"direction":[0.0175348,0.558763,-0.829142],"elbow":[38.3633,181.535,243.165],"grabStrength":0,"id":220,"palmNormal":[0.0374355,-0.829055,-0.557912],"palmPosition":[-42.7833,305.789,-14.0107],"palmVelocity":[55.9039,47.1633,-224.968],"palmWidth":83.4409,"pinchStrength":0.567485,"r":[[0.823464,0.126592,0.553065],[-0.16403,0.986282,0.0184741],[-0.54314,-0.105932,0.832933]],"s":1.05276,"sphereCenter":[-36.7348,281.575,-50.5442],"sphereRadius":43.9126,"stabilizedPalmPosition":[-65.2976,279.167,56.7188],"t":[90.5896,128.504,-188.067],"timeVisible":0.515272,"type":"right","wrist":[-36.8155,281.552,29.5063]}],"id":268505,"interactionBox":{"center":[0,200,0],"size":[235.247,235.247,147.751]},"pointables":[{"bases":[[[0.371992,0.859116,0.351486],[-0.827691,0.135593,0.544557],[0.420179,-0.493493,0.761522]],[[0.280986,0.940106,0.192997],[-0.877657,0.17035,0.447995],[0.388285,-0.295265,0.872956]],[[0.280986,0.940106,0.192997],[-0.94961,0.301449,-0.0858437],[-0.138881,-0.159151,0.977437]],[[0.280986,0.940106,0.192997],[-0.773028,0.34088,-0.535003],[-0.568748,0.00113608,0.822511]]],"btipPosition":[-63.8457,289.5,-62.5188],"carpPosition":[-62.6203,271.032,25.6557],"dipPosition":[-76.0521,289.525,-44.8661],"direction":[0.138881,0.159151,-0.977437],"extended":false,"handId":220,"id":2200,"length":47.7925,"mcpPosition":[-62.6203,271.032,25.6557],"pipPosition":[-80.3945,284.548,-14.3048],"stabilizedTipPosition":[-93.9093,261,9.243],"timeVisible":0.515272,"tipPosition":[-65.8175,288.015,-58.3611],"tipVelocity":[77.9213,85.2059,-236.296],"tool":false,"touchDistance":-0.639055,"touchZone":"hovering","type":0,"width":18.5699},{"bases":[[[0.987905,0.114772,-0.104263],[-0.0593425,0.901064,0.429607],[0.143255,-0.418224,0.896976]],[[0.998015,0.0626523,0.00645002],[-0.0616393,0.950537,0.304435],[0.0129426,-0.304228,0.952511]],[[0.998015,0.0626523,0.00645002],[-0.062692,0.978334,0.197313],[0.00605181,-0.197325,0.980319]],[[0.998015,0.0626523,0.00645002],[-0.0629793,0.991529,0.113593],[0.000721461,-0.113773,0.993506]]],"btipPosition":[-66.0498,337.897,-107.552],"carpPosition":[-55.7296,291.538,27.7858],"dipPosition":[-66.0385,336.114,-91.9852],"direction":[-0.00605181,0.197325,-0.980319],"extended":true,"handId":220,"id":2201,"length":53.9285,"mcpPosition":[-65.3944,319.754,-32.7294],"pipPosition":[-65.9043,331.74,-70.2564],"stabilizedTipPosition":[-92.212,313.305,-41.3515],"timeVisible":0.515272,"tipPosition":[-65.3988,335.893,-104.191],"tipVelocity":[95.3561,69.1672,-243.13],"tool":false,"touchDistance":-0.647682,"touchZone":"hovering","type":1,"width":17.738},{"bases":[[[0.993721,-0.0980891,-0.0538193],[0.111688,0.898095,0.425384],[0.00660927,-0.428724,0.903411]],[[0.993338,-0.113115,-0.0219952],[0.0615967,0.682531,-0.728256],[0.0973892,0.72205,0.684952]],[[0.993338,-0.113115,-0.0219952],[-0.0839787,-0.579901,-0.810347],[0.0789075,0.806796,-0.585537]],[[0.993338,-0.113115,-0.0219952],[-0.114652,-0.950996,-0.287162],[0.011565,0.287771,-0.957629]]],"btipPosition":[-51.8491,263.969,-29.4966],"carpPosition":[-44.8645,294.453,26.8073],"dipPosition":[-51.6498,268.928,-45.9993],"direction":[-0.0789075,-0.806796,0.585537],"extended":false,"handId":220,"id":2202,"length":61.4471,"mcpPosition":[-45.2874,321.883,-30.9926],"pipPosition":[-49.5921,289.967,-61.2684],"stabilizedTipPosition":[-85.4715,238.582,44.3624],"timeVisible":0.515272,"tipPosition":[-51.8278,265.288,-32.901],"tipVelocity":[108.216,25.48,-194.888],"tool":false,"touchDistance":0.333333,"touchZone":"none","type":2,"width":17.4211},{"bases":[[[0.972597,-0.227532,0.0477986],[0.182554,0.874667,0.449034],[-0.143977,-0.428003,0.892235]],[[0.975532,-0.21805,0.0281354],[0.161891,0.625838,-0.762967],[0.148756,0.748853,0.645825]],[[0.975532,-0.21805,0.0281354],[-0.115146,-0.615731,-0.779498],[0.187293,0.757185,-0.625773]],[[0.975532,-0.21805,0.0281354],[-0.20293,-0.942261,-0.26639],[0.0845971,0.254162,-0.963455]]],"btipPosition":[-37.669,264.731,-19.4337],"carpPosition":[-33.6371,294.417,25.8755],"dipPosition":[-36.2195,269.085,-35.9414],"direction":[-0.187293,-0.757185,0.625773],"extended":false,"handId":220,"id":2203,"length":59.0831,"mcpPosition":[-25.3666,319.003,-25.3772],"pipPosition":[-31.4616,288.321,-51.8383],"stabilizedTipPosition":[-63.8675,242.492,37.155],"timeVisible":0.515272,"tipPosition":[-37.1985,265.825,-23.4106],"tipVelocity":[94.6497,44.1163,-183.485],"tool":false,"touchDistance":0.333333,"touchZone":"none","type":3,"width":16.5772},{"bases":[[[0.905774,-0.416911,0.0758889],[0.318164,0.787357,0.528053],[-0.279903,-0.454152,0.845814]],[[0.918553,-0.39385,0.033805],[0.299445,0.637443,-0.709929],[0.258057,0.66223,0.703461]],[[0.918553,-0.39385,0.033805],[-0.19535,-0.526615,-0.827354],[0.343656,0.753365,-0.560663]],[[0.918553,-0.39385,0.033805],[-0.358776,-0.866534,-0.346986],[0.165954,0.306597,-0.937261]]],"btipPosition":[-24.8008,272.085,-18.6979],"carpPosition":[-22.5298,287.768,24.2167],"dipPosition":[-22.1776,276.931,-33.513],"direction":[-0.343656,-0.753365,0.560663],"extended":false,"handId":220,"id":2204,"length":46.32,"mcpPosition":[-7.64616,311.917,-20.7589],"pipPosition":[-16.0138,290.444,-43.569],"stabilizedTipPosition":[-45.3787,252.086,28.381],"timeVisible":0.515272,"tipPosition":[-24.032,272.869,-21.768],"tipVelocity":[86.9048,58.7949,-195.071],"tool":false,"touchDistance":0.333333,"touchZone":"none","type":4,"width":14.7252}],"r":[[0.823464,0.126592,0.553065],[-0.16403,0.986282,0.0184741],[-0.54314,-0.105932,0.832933]],"s":1.05276,"t":[90.5896,128.504,-188.067],"timestamp":2805239905},false],[1,{"currentFrameRate":108.878,"devices":[],"gestures":[],"hands":[{"armBasis":[[0.949697,0.172839,-0.261156],[-0.0440118,0.899294,0.435125],[0.310063,-0.401743,0.861663]],"armWidth":58.4334,"confidence":0.625692,"direction":[0.0235673,0.55502,-0.831503],"elbow":[40.1036,182.606,241.658],"grabStrength":0,"id":220,"palmNormal":[0.0476684,-0.831412,-0.553608],"palmPosition":[-42.2921,306.082,-15.3801],"palmVelocity":[55.5149,43.1388,-204.889],"palmWidth":83.4409,"pinchStrength":0.553645,"r":[[0.817706,0.133891,0.559848],[-0.170672,0.985233,0.013656],[-0.549753,-0.106717,0.828483]],"s":1.0589,"sphereCenter":[-36.2904,282.013,-51.6504],"sphereRadius":43.8516,"stabilizedPalmPosition":[-65.2296,279.247,56.5055],"t":[91.0842,128.849,-189.704],"timeVisible":0.524285,"type":"right","wrist":[-36.6676,282.078,28.3108]}],"id":268506,"interactionBox":{"center":[0,200,0],"size":[235.247,235.247,147.751]},"pointables":[{"bases":[[[0.363791,0.862639,0.35144],[-0.834171,0.133815,0.535026],[0.414506,-0.487798,0.768269]],[[0.275629,0.941427,0.194279],[-0.882497,0.167697,0.439405],[0.381088,-0.292564,0.877028]],[[0.275629,0.941427,0.194279],[-0.949838,0.297801,-0.0955074],[-0.14777,-0.158209,0.976286]],[[0.275629,0.941427,0.194279],[-0.771454,0.337216,-0.539578],[-0.573487,-0.0011542,0.819214]]],"btipPosition":[-62.8917,289.77,-64.0208],"carpPosition":[-62.3753,271.406,24.2333],"dipPosition":[-75.1998,289.746,-46.439],"direction":[0.14777,0.158209,-0.976286],"extended":false,"handId":220,"id":2200,"length":47.7925,"mcpPosition":[-62.3753,271.406,24.2333],"pipPosition":[-79.8201,284.799,-15.9136],"stabilizedTipPosition":[-93.5396,261.377,8.33513],"timeVisible":0.524285,"tipPosition":[-64.9059,288.303,-59.8796],"tipVelocity":[84.8879,69.6759,-217.647],"tool":false,"touchDistance":-0.626257,"touchZone":"hovering","type":0,"width":18.5699},{"bases":[[[0.988366,0.119401,-0.0942136],[-0.068566,0.902714,0.424742],[0.135763,-0.413341,0.900399]],[[0.997516,0.0689125,0.0145675],[-0.0700513,0.949056,0.307222],[0.00734605,-0.30748,0.951526]],[[0.997516,0.0689125,0.0145675],[-0.0704341,0.97719,0.200345],[-0.000428972,-0.200873,0.979617]],[[0.997516,0.0689125,0.0145675],[-0.0701439,0.990707,0.116531],[-0.0064017,-0.117263,0.99308]]],"btipPosition":[-64.952,338.248,-109.166],"carpPosition":[-55.6131,291.957,26.3414],"dipPosition":[-65.0523,336.41,-93.6062],"direction":[0.000428972,0.200873,-0.979617],"extended":true,"handId":220,"id":2201,"length":53.9285,"mcpPosition":[-64.7724,319.844,-34.4047],"pipPosition":[-65.0618,331.958,-71.8929],"stabilizedTipPosition":[-91.9049,313.582,-42.0757],"timeVisible":0.524285,"tipPosition":[-64.3214,336.222,-105.81],"tipVelocity":[101.842,60.4752,-225.574],"tool":false,"touchDistance":-0.635483,"touchZone":"hovering","type":1,"width":17.738},{"bases":[[[0.994731,-0.0931928,-0.0427187],[0.102513,0.900611,0.422364],[-0.00088834,-0.424518,0.905419]],[[0.994101,-0.107869,-0.011272],[0.0648232,0.674272,-0.735633],[0.0869522,0.730563,0.677287]],[[0.994101,-0.107869,-0.011272],[-0.0730692,-0.589316,-0.804592],[0.0801475,0.800669,-0.593721]],[[0.994101,-0.107869,-0.011272],[-0.10669,-0.953939,-0.280387],[0.0194921,0.279935,-0.959821]]],"btipPosition":[-50.9657,264.089,-30.3766],"carpPosition":[-44.7532,294.924,25.4657],"dipPosition":[-50.6298,268.913,-46.9171],"direction":[-0.0801475,-0.800669,0.593721],"extended":false,"handId":220,"id":2202,"length":61.4471,"mcpPosition":[-44.6963,322.084,-32.4626],"pipPosition":[-48.5398,289.792,-62.3997],"stabilizedTipPosition":[-85.0758,238.886,43.4636],"timeVisible":0.524285,"tipPosition":[-50.9168,265.392,-33.9656],"tipVelocity":[106.37,21.1914,-168.418],"tool":false,"touchDistance":0.333333,"touchZone":"none","type":2,"width":17.4211},{"bases":[[[0.973181,-0.222273,0.0592695],[0.17324,0.877659,0.44688],[-0.151348,-0.424628,0.892628]],[[0.976268,-0.212903,0.0396694],[0.164821,0.611609,-0.773801],[0.140482,0.761975,0.632185]],[[0.976268,-0.212903,0.0396694],[-0.106469,-0.631343,-0.76816],[0.188588,0.745706,-0.639028]],[[0.976268,-0.212903,0.0396694],[-0.196155,-0.946925,-0.254671],[0.091784,0.240845,-0.966214]]],"btipPosition":[-36.9419,265.043,-19.7346],"carpPosition":[-33.5164,294.942,24.6543],"dipPosition":[-35.3693,269.17,-36.2896],"direction":[-0.188588,-0.745706,0.639028],"extended":false,"handId":220,"id":2203,"length":59.0831,"mcpPosition":[-24.8225,319.334,-26.6209],"pipPosition":[-30.5784,288.114,-52.5232],"stabilizedTipPosition":[-63.4554,242.847,36.2383],"timeVisible":0.524285,"tipPosition":[-36.443,266.096,-23.977],"tipVelocity":[91.671,39.9259,-142.55],"tool":false,"touchDistance":0.333333,"touchZone":"none","type":3,"width":16.5772},{"bases":[[[0.907032,-0.411864,0.0875254],[0.30844,0.791417,0.527753],[-0.286632,-0.451693,0.844876]],[[0.919185,-0.390788,0.0488168],[0.30504,0.628069,-0.715877],[0.249096,0.672915,0.696518]],[[0.919185,-0.390788,0.0488168],[-0.185455,-0.538864,-0.821725],[0.347426,0.746264,-0.56779]],[[0.919185,-0.390788,0.0488168],[-0.352305,-0.871334,-0.341552],[0.17601,0.296752,-0.938594]]],"btipPosition":[-24.2072,272.465,-19.3451],"carpPosition":[-22.358,288.342,23.1456],"dipPosition":[-21.4251,277.156,-34.1812],"direction":[-0.347426,-0.746264,0.56779],"extended":false,"handId":220,"id":2204,"length":46.32,"mcpPosition":[-7.11652,312.361,-21.7802],"pipPosition":[-15.1936,290.541,-44.3652],"stabilizedTipPosition":[-45.0424,252.417,27.5925],"timeVisible":0.524285,"tipPosition":[-23.3765,273.255,-22.5787],"tipVelocity":[82.2353,53.1379,-161.332],"tool":false,"touchDistance":0.333333,"touchZone":"none","type":4,"width":14.7252}],"r":[[0.817706,0.133891,0.559848],[-0.170672,0.985233,0.013656],[-0.549753,-0.106717,0.828483]],"s":1.0589,"t":[91.0842,128.849,-189.704],"timestamp":2805248918},false],[2,{"currentFrameRate":108.947,"devices":[],"gestures":[],"hands":[{"armBasis":[[0.950688,0.179162,-0.253169],[-0.0527758,0.897821,0.437186],[0.305627,-0.402266,0.863003]],"armWidth":58.4334,"confidence":0.615053,"direction":[0.0261432,0.55421,-0.831966],"elbow":[39.3013,182.757,241.159],"grabStrength":0,"id":220,"palmNormal":[0.0567393,-0.831732,-0.552271],"palmPosition":[-41.8289,306.279,-16.2784],"palmVelocity":[54.3135,37.2084,-175.719],"palmWidth":83.4409,"pinchStrength":0.538045,"r":[[0.812038,0.140848,0.566354],[-0.177171,0.984136,0.00928026],[-0.556063,-0.107877,0.82411]],"s":1.06473,"sphereCenter":[-35.7969,282.404,-52.4365],"sphereRadius":43.8271,"stabilizedPalmPosition":[-65.1674,279.319,56.312],"t":[91.5632,129.119,-190.972],"timeVisible":0.53334,"type":"right","wrist":[-36.3716,282.358,27.4801]}],"id":268507,"interactionBox":{"center":[0,200,0],"size":[235.247,235.247,147.751]},"pointables":[{"bases":[[[0.355964,0.865253,0.353026],[-0.838799,0.129303,0.528863],[0.411954,-0.484374,0.771801]],[[0.269716,0.942501,0.197347],[-0.886086,0.162691,0.434032],[0.376969,-0.291931,0.879017]],[[0.269716,0.942501,0.197347],[-0.950972,0.292921,-0.0992447],[-0.151345,-0.160903,0.975297]],[[0.269716,0.942501,0.197347],[-0.774079,0.334115,-0.537745],[-0.572761,-0.00772356,0.819686]]],"btipPosition":[-62.215,290.085,-65.0937],"carpPosition":[-61.9835,271.525,23.2307],"dipPosition":[-74.5076,289.919,-47.5017],"direction":[0.151345,0.160903,-0.975297],"extended":false,"handId":220,"id":2200,"length":47.7925,"mcpPosition":[-61.9835,271.525,23.2307],"pipPosition":[-79.2396,284.888,-17.0073],"stabilizedTipPosition":[-93.1798,261.739,7.4591],"timeVisible":0.53334,"tipPosition":[-64.2149,288.619,-60.9382],"tipVelocity":[82.1918,59.0515,-190.207],"tool":false,"touchDistance":-0.608024,"touchZone":"hovering","type":0,"width":18.5699},{"bases":[[[0.988268,0.125355,-0.0872543],[-0.0771465,0.902758,0.423174],[0.131816,-0.411477,0.901837]],[[0.996915,0.0760024,0.0196059],[-0.0783209,0.946818,0.312092],[0.00515648,-0.312665,0.94985]],[[0.996915,0.0760024,0.0196059],[-0.07841,0.975635,0.204912],[-0.00355442,-0.205817,0.978584]],[[0.996915,0.0760024,0.0196059],[-0.0778201,0.989646,0.120603],[-0.0102368,-0.121757,0.992507]]],"btipPosition":[-64.2197,338.668,-110.143],"carpPosition":[-55.3626,292.119,25.3631],"dipPosition":[-64.3801,336.76,-94.5926],"direction":[0.00355442,0.205817,-0.978584],"extended":true,"handId":220,"id":2201,"length":53.9285,"mcpPosition":[-64.2557,319.88,-35.4801],"pipPosition":[-64.4588,332.198,-72.9022],"stabilizedTipPosition":[-91.5779,313.873,-42.8385],"timeVisible":0.53334,"tipPosition":[-63.595,336.642,-106.796],"tipVelocity":[95.6347,56.1088,-193.172],"tool":false,"touchDistance":-0.614962,"touchZone":"hovering","type":1,"width":17.738},{"bases":[[[0.995565,-0.0871371,-0.0354643],[0.0939552,0.901701,0.422027],[-0.00479601,-0.423487,0.905889]],[[0.994817,-0.101589,-0.00441875],[0.0649626,0.668377,-0.74098],[0.0782292,0.736852,0.671512]],[[0.994817,-0.101589,-0.00441875],[-0.0644312,-0.596134,-0.800296],[0.0786675,0.796432,-0.599589]],[[0.994817,-0.101589,-0.00441875],[-0.0988513,-0.955987,-0.276257],[0.0238405,0.275262,-0.961074]]],"btipPosition":[-50.1283,264.164,-30.8807],"carpPosition":[-44.5151,295.151,24.5618],"dipPosition":[-49.7175,268.907,-47.4428],"direction":[-0.0786675,-0.796432,0.599589],"extended":false,"handId":220,"id":2202,"length":61.4471,"mcpPosition":[-44.2082,322.246,-33.3966],"pipPosition":[-47.666,289.676,-63.0784],"stabilizedTipPosition":[-84.6131,239.234,42.4316],"timeVisible":0.53334,"tipPosition":[-50.0627,265.459,-34.6391],"tipVelocity":[103.061,17.0528,-137.451],"tool":false,"touchDistance":0.333333,"touchZone":"none","type":2,"width":17.4211},{"bases":[[[0.974074,-0.216231,0.0665187],[0.164643,0.879212,0.447078],[-0.155156,-0.424535,0.892018]],[[0.977248,-0.206849,0.0468988],[0.166527,0.611341,-0.773648],[0.131357,0.763856,0.631878]],[[0.977248,-0.206849,0.0468988],[-0.0971572,-0.633126,-0.767927],[0.188538,0.745899,-0.638818]],[[0.977248,-0.206849,0.0468988],[-0.188519,-0.948429,-0.25484],[0.0971938,0.240201,-0.965845]]],"btipPosition":[-36.1973,265.263,-20.5218],"carpPosition":[-33.273,295.237,23.8312],"dipPosition":[-34.532,269.378,-37.0704],"direction":[-0.188538,-0.745899,0.638818],"extended":false,"handId":220,"id":2203,"length":59.0831,"mcpPosition":[-24.3604,319.624,-27.409],"pipPosition":[-29.7425,288.327,-53.2987],"stabilizedTipPosition":[-62.9931,243.238,35.2254],"timeVisible":0.53334,"tipPosition":[-35.6794,266.311,-24.7543],"tipVelocity":[89.7142,35.5135,-127.156],"tool":false,"touchDistance":0.333333,"touchZone":"none","type":3,"width":16.5772},{"bases":[[[0.908886,-0.406193,0.0945224],[0.299784,0.793893,0.529021],[-0.289925,-0.452483,0.843328]],[[0.920037,-0.387245,0.0597693],[0.306952,0.617495,-0.72421],[0.24354,0.684647,0.686984]],[[0.920037,-0.387245,0.0597693],[-0.179692,-0.552541,-0.813885],[0.348198,0.738065,-0.577943]],[[0.920037,-0.387245,0.0597693],[-0.347084,-0.876221,-0.33432],[0.181835,0.286842,-0.940562]]],"btipPosition":[-23.6637,272.793,-19.4757],"carpPosition":[-22.0639,288.705,22.4104],"dipPosition":[-20.7895,277.327,-34.3429],"direction":[-0.348198,-0.738065,0.577943],"extended":false,"handId":220,"id":2204,"length":46.32,"mcpPosition":[-6.64728,312.765,-22.4331],"pipPosition":[-14.5442,290.565,-44.7089],"stabilizedTipPosition":[-44.667,252.782,26.7325],"timeVisible":0.53334,"tipPosition":[-22.7783,273.599,-22.9411],"tipVelocity":[76.7493,47.3633,-121.001],"tool":false,"touchDistance":0.333333,"touchZone":"none","type":4,"width":14.7252}],"r":[[0.812038,0.140848,0.566354],[-0.177171,0.984136,0.00928026],[-0.556063,-0.107877,0.82411]],"s":1.06473,"t":[91.5632,129.119,-190.972],"timestamp":2805257973},false],[3,{"currentFrameRate":109.043,"devices":[],"gestures":[],"hands":[{"armBasis":[[0.949938,0.201154,-0.239072],[-0.0783237,0.894061,0.441046],[0.302463,-0.400241,0.865057]],"armWidth":58.4334,"confidence":0.609317,"direction":[0.0274027,0.557874,-0.829473],"elbow":[38.7909,183.638,240.011],"grabStrength":0,"id":220,"palmNormal":[0.0826174,-0.82821,-0.554295],"palmPosition":[-41.3781,306.709,-17.9283],"palmVelocity":[53.1545,40.1305,-177.813],"palmWidth":83.4409,"pinchStrength":0.512774,"r":[[0.80504,0.149345,0.574114],[-0.186459,0.982445,0.00589237],[-0.563156,-0.111792,0.818754]],"s":1.0707,"sphereCenter":[-34.7445,283.337,-53.9801],"sphereRadius":43.7745,"stabilizedPalmPosition":[-65.1108,279.384,56.1355],"t":[92.028,129.47,-192.431],"timeVisible":0.542339,"type":"right","wrist":[-36.0986,282.737,25.8237]}],"id":268508,"interactionBox":{"center":[0,200,0],"size":[235.247,235.247,147.751]},"pointables":[{"bases":[[[0.332322,0.871096,0.361598],[-0.849381,0.109741,0.516244],[0.410016,-0.478694,0.776362]],[[0.247615,0.94667,0.206164],[-0.895656,0.142523,0.421292],[0.369441,-0.28897,0.883182]],[[0.247615,0.94667,0.206164],[-0.95533,0.274001,-0.110759],[-0.161341,-0.169529,0.972229]],[[0.247615,0.94667,0.206164],[-0.775041,0.321231,-0.544172],[-0.581377,-0.0250403,0.813249]]],"btipPosition":[-60.7995,290.456,-67.1422],"carpPosition":[-61.41,271.39,21.1387],"dipPosition":[-73.2769,289.918,-49.6884],"direction":[0.161341,0.169529,-0.972229],"extended":false,"handId":220,"id":2200,"length":47.7925,"mcpPosition":[-61.41,271.39,21.1387],"pipPosition":[-78.3215,284.617,-19.2899],"stabilizedTipPosition":[-92.8184,262.089,6.59472],"timeVisible":0.542339,"tipPosition":[-62.829,288.958,-63.0101],"tipVelocity":[101.516,51.5298,-201.453],"tool":false,"touchDistance":-0.606759,"touchZone":"hovering","type":0,"width":18.5699},{"bases":[[[0.986663,0.146251,-0.0714613],[-0.102508,0.899299,0.425152],[0.126444,-0.412156,0.902297]],[[0.994663,0.0976926,0.0331797],[-0.103173,0.94169,0.320274],[0.0000434588,-0.321988,0.946744]],[[0.994663,0.0976926,0.0331797],[-0.102534,0.971732,0.212657],[-0.0114667,-0.214924,0.976563]],[[0.994663,0.0976926,0.0331797],[-0.101165,0.986637,0.127726],[-0.0202584,-0.130401,0.991254]]],"btipPosition":[-63.2151,339.408,-111.903],"carpPosition":[-55.2544,292.109,23.4472],"dipPosition":[-63.5325,337.365,-96.3723],"direction":[0.0114667,0.214924,-0.976563],"extended":true,"handId":220,"id":2201,"length":53.9285,"mcpPosition":[-63.785,319.915,-37.4269],"pipPosition":[-63.7867,332.601,-74.7267],"stabilizedTipPosition":[-91.2286,314.183,-43.6472],"timeVisible":0.542339,"tipPosition":[-62.5866,337.382,-108.566],"tipVelocity":[98.9236,62.3289,-193.972],"tool":false,"touchDistance":-0.608267,"touchZone":"hovering","type":1,"width":17.738},{"bases":[[[0.997596,-0.0662435,-0.0203247],[0.0685755,0.90181,0.426656],[-0.00993418,-0.427024,0.904185]],[[0.996696,-0.080585,0.0101333],[0.0608568,0.658351,-0.750247],[0.0537874,0.748385,0.66108]],[[0.996696,-0.080585,0.0101333],[-0.0411799,-0.608934,-0.792151],[0.070006,0.789117,-0.610241]],[[0.996696,-0.080585,0.0101333],[-0.0748631,-0.959899,-0.270165],[0.0314983,0.268514,-0.962761]]],"btipPosition":[-48.5717,264.405,-31.7403],"carpPosition":[-44.4614,295.369,22.8252],"dipPosition":[-48.0289,269.032,-48.3315],"direction":[-0.070006,-0.789117,0.610241],"extended":false,"handId":220,"id":2202,"length":61.4471,"mcpPosition":[-43.8259,322.69,-35.0242],"pipPosition":[-46.2033,289.61,-64.2448],"stabilizedTipPosition":[-83.9912,239.685,41.0907],"timeVisible":0.542339,"tipPosition":[-48.4701,265.708,-35.8662],"tipVelocity":[123.183,18.9231,-126.143],"tool":false,"touchDistance":0.333333,"touchZone":"none","type":2,"width":17.4211},{"bases":[[[0.977234,-0.196154,0.0808503],[0.139322,0.880701,0.45272],[-0.160008,-0.431149,0.88798]],[[0.980521,-0.186611,0.0612729],[0.164748,0.611553,-0.773861],[0.106939,0.768882,0.630384]],[[0.980521,-0.186611,0.0612729],[-0.0734942,-0.637883,-0.766619],[0.182144,0.747183,-0.639172]],[[0.980521,-0.186611,0.0612729],[-0.165225,-0.952344,-0.256403],[0.1062,0.241285,-0.964626]]],"btipPosition":[-34.8507,265.84,-21.8022],"carpPosition":[-33.2137,295.692,22.2694],"dipPosition":[-33.0311,269.974,-38.33],"direction":[-0.182144,-0.747183,0.639172],"extended":false,"handId":220,"id":2203,"length":59.0831,"mcpPosition":[-24.0224,320.459,-28.7388],"pipPosition":[-28.404,288.956,-54.5673],"stabilizedTipPosition":[-62.4334,243.699,34.0335],"timeVisible":0.542339,"tipPosition":[-34.2943,266.9,-26.1416],"tipVelocity":[107.249,43.5199,-131.164],"tool":false,"touchDistance":0.333333,"touchZone":"none","type":3,"width":16.5772},{"bases":[[[0.915604,-0.387539,0.10716],[0.274935,0.797896,0.536444],[-0.293396,-0.461708,0.837105]],[[0.92627,-0.369385,0.0746908],[0.306301,0.622447,-0.720236],[0.219553,0.69001,0.689697]],[[0.92627,-0.369385,0.0746908],[-0.156305,-0.556895,-0.815743],[0.342918,0.743924,-0.573572]],[[0.92627,-0.369385,0.0746908],[-0.324566,-0.882634,-0.34002],[0.191523,0.290708,-0.937447]]],"btipPosition":[-22.5459,273.639,-20.7714],"carpPosition":[-21.85,289.4,20.9993],"dipPosition":[-19.5186,278.234,-35.5894],"direction":[-0.342918,-0.743924,0.573572],"extended":false,"handId":220,"id":2204,"length":46.32,"mcpPosition":[-6.24883,313.951,-23.5132],"pipPosition":[-13.368,291.577,-45.877],"stabilizedTipPosition":[-44.2144,253.217,25.7228],"timeVisible":0.542339,"tipPosition":[-21.6101,274.481,-24.2894],"tipVelocity":[90.855,60.5935,-126.965],"tool":false,"touchDistance":0.333333,"touchZone":"none","type":4,"width":14.7252}],"r":[[0.80504,0.149345,0.574114],[-0.186459,0.982445,0.00589237],[-0.563156,-0.111792,0.818754]],"s":1.0707,"t":[92.028,129.47,-192.431],"timestamp":2805266972},false],[4,{"currentFrameRate":109.059,"devices":[],"gestures":[],"hands":[{"armBasis":[[0.951984,0.204687,-0.227663],[-0.0865761,0.893272,0.441101],[0.293652,-0.40021,0.868101]],"armWidth":58.4334,"confidence":0.544566,"direction":[0.0283516,0.559512,-0.828337],"elbow":[36.8739,183.945,238.848],"grabStrength":0,"id":220,"palmNormal":[0.0911142,-0.826667,-0.555265],"palmPosition":[-41.0276,307.051,-19.8317],"palmVelocity":[49.0348,39.3626,-186.281],"palmWidth":83.4409,"pinchStrength":0.496005,"r":[[0.79848,0.15695,0.581202],[-0.195143,0.980769,0.00324498],[-0.569516,-0.116009,0.813753]],"s":1.07698,"sphereCenter":[-34.6287,284.082,-55.7682],"sphereRadius":43.7056,"stabilizedPalmPosition":[-65.0608,279.441,55.9776],"t":[92.4357,129.816,-194.112],"timeVisible":0.551479,"type":"right","wrist":[-35.8341,283.036,23.9073]}],"id":268509,"interactionBox":{"center":[0,200,0],"size":[235.247,235.247,147.751]},"pointables":[{"bases":[[[0.324598,0.872608,0.364954],[-0.852934,0.103269,0.511703],[0.408828,-0.477379,0.777798]],[[0.240382,0.947823,0.209398],[-0.899028,0.136054,0.416218],[0.366012,-0.288306,0.884825]],[[0.240382,0.947823,0.209398],[-0.956488,0.268042,-0.115253],[-0.165367,-0.172582,0.971015]],[[0.240382,0.947823,0.209398],[-0.775338,0.317277,-0.546064],[-0.58401,-0.0310901,0.811151]]],"btipPosition":[-60.0944,290.793,-69.2113],"carpPosition":[-61.0443,271.532,19.0619],"dipPosition":[-72.6284,290.125,-51.8025],"direction":[0.165367,0.172582,-0.971015],"extended":false,"handId":220,"id":2200,"length":47.7925,"mcpPosition":[-61.0443,271.532,19.0619],"pipPosition":[-77.7989,284.729,-21.4419],"stabilizedTipPosition":[-92.4774,262.416,5.7742],"timeVisible":0.551479,"tipPosition":[-62.1495,289.303,-65.0813],"tipVelocity":[94.3388,46.5434,-208.701],"tool":false,"touchDistance":-0.605607,"touchZone":"hovering","type":0,"width":18.5699},{"bases":[[[0.986066,0.152826,-0.0657191],[-0.110753,0.897854,0.426137],[0.124131,-0.41292,0.902269]],[[0.993776,0.105218,0.0365915],[-0.111399,0.937743,0.32898],[0.000301353,-0.331008,0.943628]],[[0.993776,0.105218,0.0365915],[-0.110727,0.969004,0.220842],[-0.0122206,-0.223519,0.974623]],[[0.993776,0.105218,0.0365915],[-0.109243,0.984782,0.135169],[-0.0218124,-0.138325,0.990147]]],"btipPosition":[-62.8112,340.307,-113.725],"carpPosition":[-55.0374,292.287,21.4406],"dipPosition":[-63.153,338.14,-98.2113],"direction":[0.0122206,0.223519,-0.974623],"extended":true,"handId":220,"id":2201,"length":53.9285,"mcpPosition":[-63.412,320.145,-39.4317],"pipPosition":[-63.4238,333.186,-76.6087],"stabilizedTipPosition":[-90.882,314.496,-44.4607],"timeVisible":0.551479,"tipPosition":[-62.1744,338.25,-110.408],"tipVelocity":[83.5275,71.4943,-195.576],"tool":false,"touchDistance":-0.603158,"touchZone":"hovering","type":1,"width":17.738},{"bases":[[[0.998106,-0.0596827,-0.0148917],[0.0602996,0.901481,0.428597],[-0.0121553,-0.428683,0.903373]],[[0.99715,-0.0739027,0.0151521],[0.059655,0.649494,-0.758023],[0.0461787,0.756767,0.652051]],[[0.99715,-0.0739027,0.0151521],[-0.0339135,-0.618539,-0.785022],[0.0673874,0.782271,-0.619282]],[[0.99715,-0.0739027,0.0151521],[-0.0672952,-0.962145,-0.264098],[0.034096,0.262325,-0.964377]]],"btipPosition":[-47.8711,264.675,-32.9666],"carpPosition":[-44.2627,295.619,20.8843],"dipPosition":[-47.2835,269.196,-49.5856],"direction":[-0.0673874,-0.782271,0.619282],"extended":false,"handId":220,"id":2202,"length":61.4471,"mcpPosition":[-43.4851,323.046,-36.9131],"pipPosition":[-45.5262,289.595,-65.7347],"stabilizedTipPosition":[-83.2588,240.211,39.5172],"timeVisible":0.551479,"tipPosition":[-47.7515,265.963,-37.3214],"tipVelocity":[110.552,21.1354,-128.57],"tool":false,"touchDistance":0.333333,"touchZone":"none","type":2,"width":17.4211},{"bases":[[[0.978034,-0.189903,0.0859426],[0.131037,0.880789,0.455017],[-0.162106,-0.43376,0.886326]],[[0.981279,-0.180576,0.0669543],[0.163814,0.599791,-0.783209],[0.101271,0.779515,0.618143]],[[0.981279,-0.180576,0.0669543],[-0.0680036,-0.650137,-0.756768],[0.180184,0.738048,-0.650246]],[[0.981279,-0.180576,0.0669543],[-0.15888,-0.955514,-0.248494],[0.108848,0.233205,-0.966317]]],"btipPosition":[-34.2943,266.249,-22.7732],"carpPosition":[-33.0145,296.016,20.3916],"dipPosition":[-32.4293,270.245,-39.33],"direction":[-0.180184,-0.738048,0.650245],"extended":false,"handId":220,"id":2203,"length":59.0831,"mcpPosition":[-23.7026,320.933,-30.5216],"pipPosition":[-27.852,288.994,-55.8486],"stabilizedTipPosition":[-61.8044,244.216,32.6987],"timeVisible":0.551479,"tipPosition":[-33.7127,267.292,-27.3673],"tipVelocity":[94.6682,42.8854,-124.432],"tool":false,"touchDistance":0.333333,"touchZone":"none","type":3,"width":16.5772},{"bases":[[[0.917513,-0.381734,0.111576],[0.266722,0.798724,0.53935],[-0.295007,-0.465101,0.834657]],[[0.927645,-0.364547,0.0811143],[0.306918,0.62041,-0.721729],[0.21278,0.694404,0.687406]],[[0.927645,-0.364547,0.0811143],[-0.149593,-0.561715,-0.813694],[0.342193,0.742685,-0.575606]],[[0.927645,-0.364547,0.0811143],[-0.318188,-0.885195,-0.33939],[0.195526,0.289024,-0.937142]]],"btipPosition":[-22.0438,274.126,-22.3608],"carpPosition":[-21.6029,289.801,19.1738],"dipPosition":[-18.9532,278.695,-37.174],"direction":[-0.342193,-0.742685,0.575606],"extended":false,"handId":220,"id":2204,"length":46.32,"mcpPosition":[-5.91608,314.532,-25.2085],"pipPosition":[-12.8156,292.016,-47.4981],"stabilizedTipPosition":[-43.7408,253.671,24.657],"timeVisible":0.551479,"tipPosition":[-21.081,274.985,-25.9646],"tipVelocity":[81.3054,58.3846,-139.988],"tool":false,"touchDistance":0.333333,"touchZone":"none","type":4,"width":14.7252}],"r":[[0.79848,0.15695,0.581202],[-0.195143,0.980769,0.00324498],[-0.569516,-0.116009,0.813753]],"s":1.07698,"t":[92.4357,129.816,-194.112],"timestamp":2805276112},false],[5,{"currentFrameRate":109.191,"devices":[],"gestures":[],"hands":[{"armBasis":[[0.953448,0.205898,-0.220325],[-0.0907972,0.892729,0.44135],[0.287564,-0.400799,0.869866]],"armWidth":58.4334,"confidence":0.547438,"direction":[0.030112,0.55901,-0.828614],"elbow":[35.608,183.903,238.115],"grabStrength":0,"id":220,"palmNormal":[0.0955482,-0.826803,-0.554316],"palmPosition":[-40.678,307.11,-21.0393],"palmVelocity":[46.3503,30.444,-172.398],"palmWidth":83.4409,"pinchStrength":0.484193,"r":[[0.792586,0.16351,0.587428],[-0.202594,0.979262,0.000772938],[-0.57512,-0.119622,0.809276]],"s":1.08315,"sphereCenter":[-34.6135,284.398,-56.8448],"sphereRadius":43.6551,"stabilizedPalmPosition":[-65.0186,279.489,55.8445],"t":[92.8143,130.018,-195.556],"timeVisible":0.560401,"type":"right","wrist":[-35.5925,283.14,22.7369]}],"id":268510,"interactionBox":{"center":[0,200,0],"size":[235.247,235.247,147.751]},"pointables":[{"bases":[[[0.320788,0.873739,0.365617],[-0.855227,0.101312,0.508254],[0.40704,-0.475728,0.779745]],[[0.237225,0.94846,0.210114],[-0.901099,0.134024,0.412382],[0.362967,-0.28716,0.88645]],[[0.237225,0.94846,0.210114],[-0.95679,0.265553,-0.11847],[-0.16816,-0.172931,0.970473]],[[0.237225,0.94846,0.210114],[-0.775735,0.315143,-0.546736],[-0.584773,-0.0332929,0.810513]]],"btipPosition":[-59.5591,290.83,-70.517],"carpPosition":[-60.752,271.564,17.8],"dipPosition":[-72.1094,290.116,-53.1218],"direction":[0.16816,0.172931,-0.970473],"extended":false,"handId":220,"id":2200,"length":47.7925,"mcpPosition":[-60.752,271.564,17.8],"pipPosition":[-77.3673,284.709,-22.7783],"stabilizedTipPosition":[-92.1757,262.699,5.04791],"timeVisible":0.560401,"tipPosition":[-61.6317,289.362,-66.3801],"tipVelocity":[84.8647,34.6837,-191.801],"tool":false,"touchDistance":-0.593013,"touchZone":"hovering","type":0,"width":18.5699},{"bases":[[[0.9859,0.155453,-0.0619285],[-0.114869,0.897846,0.425061],[0.121679,-0.411954,0.903044]],[[0.993309,0.108967,0.0382647],[-0.115488,0.935156,0.334881],[0.000707528,-0.33706,0.941483]],[[0.993309,0.108967,0.0382647],[-0.114828,0.967254,0.226351],[-0.0123469,-0.22923,0.973294]],[[0.993309,0.108967,0.0382647],[-0.113302,0.983639,0.140058],[-0.022377,-0.143456,0.989404]]],"btipPosition":[-62.4236,340.738,-114.905],"carpPosition":[-54.8109,292.337,20.1877],"dipPosition":[-62.7742,338.49,-99.4025],"direction":[0.0123469,0.22923,-0.973294],"extended":true,"handId":220,"id":2201,"length":53.9285,"mcpPosition":[-63.02,320.13,-40.7368],"pipPosition":[-63.0479,333.409,-77.8293],"stabilizedTipPosition":[-90.5579,314.79,-45.2243],"timeVisible":0.560401,"tipPosition":[-61.7833,338.665,-111.6],"tipVelocity":[72.5389,64.587,-178.386],"tool":false,"touchDistance":-0.588909,"touchZone":"hovering","type":1,"width":17.738},{"bases":[[[0.998315,-0.0569868,-0.0109037],[0.0561622,0.901939,0.428195],[-0.0145669,-0.428086,0.903621]],[[0.997292,-0.0710735,0.0189024],[0.060259,0.642343,-0.764045],[0.0421615,0.763115,0.644886]],[[0.997292,-0.0710735,0.0189024],[-0.0298378,-0.625939,-0.779301],[0.0672194,0.776627,-0.626364]],[[0.997292,-0.0710735,0.0189024],[-0.0637944,-0.963903,-0.2585],[0.0365926,0.256594,-0.965826]]],"btipPosition":[-47.3583,264.681,-33.6687],"carpPosition":[-44.0432,295.697,19.6717],"dipPosition":[-46.7277,269.103,-50.3127],"direction":[-0.0672194,-0.776627,0.626364],"extended":false,"handId":220,"id":2202,"length":61.4471,"mcpPosition":[-43.1112,323.086,-38.1416],"pipPosition":[-44.9748,289.355,-66.6464],"stabilizedTipPosition":[-82.4779,240.763,37.8489],"timeVisible":0.560401,"tipPosition":[-47.2228,265.942,-38.1462],"tipVelocity":[96.3881,14.8646,-115.15],"tool":false,"touchDistance":0.333333,"touchZone":"none","type":2,"width":17.4211},{"bases":[[[0.978197,-0.187191,0.0899424],[0.126851,0.881457,0.454909],[-0.164435,-0.433581,0.885984]],[[0.981428,-0.178065,0.0713586],[0.164438,0.589346,-0.790969],[0.0987888,0.788013,0.607681]],[[0.981428,-0.178065,0.0713586],[-0.0653726,-0.660173,-0.748264],[0.180348,0.729702,-0.659552]],[[0.981428,-0.178065,0.0713586],[-0.156278,-0.957886,-0.240896],[0.111248,0.22527,-0.967924]]],"btipPosition":[-33.8838,266.348,-23.2294],"carpPosition":[-32.7942,296.125,19.2232],"dipPosition":[-31.9777,270.207,-39.8137],"direction":[-0.180348,-0.729702,0.659552],"extended":false,"handId":220,"id":2203,"length":59.0831,"mcpPosition":[-23.3485,321.031,-31.6704],"pipPosition":[-27.3962,288.744,-56.5687],"stabilizedTipPosition":[-61.144,244.752,31.3076],"timeVisible":0.560401,"tipPosition":[-33.2863,267.357,-27.9661],"tipVelocity":[81.6938,33.2508,-104.646],"tool":false,"touchDistance":0.333333,"touchZone":"none","type":3,"width":16.5772},{"bases":[[[0.918095,-0.379167,0.115472],[0.262423,0.79982,0.539836],[-0.297045,-0.465318,0.833813]],[[0.92736,-0.363672,0.0880114],[0.308828,0.611133,-0.728795],[0.211256,0.703036,0.679052]],[[0.92736,-0.363672,0.0880114],[-0.147838,-0.572207,-0.806674],[0.343726,0.735066,-0.584407]],[[0.92736,-0.363672,0.0880114],[-0.316777,-0.888271,-0.332607],[0.199138,0.280566,-0.93895]]],"btipPosition":[-21.7288,274.268,-22.9775],"carpPosition":[-21.361,289.94,18.0549],"dipPosition":[-18.581,278.702,-37.8192],"direction":[-0.343726,-0.735066,0.584407],"extended":false,"handId":220,"id":2204,"length":46.32,"mcpPosition":[-5.56587,314.683,-26.2826],"pipPosition":[-12.416,291.887,-48.3012],"stabilizedTipPosition":[-43.2837,254.106,23.6307],"timeVisible":0.560401,"tipPosition":[-20.7289,275.125,-26.7391],"tipVelocity":[69.1708,45.844,-120.873],"tool":false,"touchDistance":0.333333,"touchZone":"none","type":4,"width":14.7252}],"r":[[0.792586,0.16351,0.587428],[-0.202594,0.979262,0.000772938],[-0.57512,-0.119622,0.809276]],"s":1.08315,"t":[92.8143,130.018,-195.556],"timestamp":2805285034},false],[6,{"currentFrameRate":109.24,"devices":[],"gestures":[],"hands":[{"armBasis":[[0.956009,0.201437,-0.213238],[-0.0898702,0.89311,0.440769],[0.279232,-0.402215,0.871924]],"armWidth":58.4334,"confidence":0.553545,"direction":[0.0321073,0.555702,-0.830762],"elbow":[33.8085,183.781,237.454],"grabStrength":0,"id":220,"palmNormal":[0.0947256,-0.829141,-0.550956],"palmPosition":[-40.3192,307.176,-22.3092],"palmVelocity":[44.477,24.036,-163.462],"palmWidth":83.4409,"pinchStrength":0.473606,"r":[[0.787715,0.16891,0.592431],[-0.208177,0.978089,-0.00206754],[-0.579799,-0.121702,0.805619]],"s":1.0887,"sphereCenter":[-34.7124,284.537,-57.9722],"sphereRadius":43.6106,"stabilizedPalmPosition":[-64.982,279.53,55.7286],"t":[93.1831,130.153,-196.913],"timeVisible":0.569468,"type":"right","wrist":[-35.3292,283.369,21.5667]}],"id":268511,"interactionBox":{"center":[0,200,0],"size":[235.247,235.247,147.751]},"pointables":[{"bases":[[[0.32192,0.874589,0.362576],[-0.855651,0.104836,0.506824],[0.405251,-0.473395,0.782092]],[[0.239193,0.948515,0.20762],[-0.901297,0.137355,0.41085],[0.361179,-0.285399,0.887748]],[[0.239193,0.948515,0.20762],[-0.956312,0.26715,-0.118739],[-0.168092,-0.170148,0.970976]],[[0.239193,0.948515,0.20762],[-0.777593,0.315181,-0.544068],[-0.581495,-0.0313065,0.812948]]],"btipPosition":[-59.3012,290.875,-71.7994],"carpPosition":[-60.5035,271.818,16.6449],"dipPosition":[-71.7812,290.203,-54.3521],"direction":[0.168092,0.170148,-0.970976],"extended":false,"handId":220,"id":2200,"length":47.7925,"mcpPosition":[-60.5035,271.818,16.6449],"pipPosition":[-77.0369,284.883,-23.9927],"stabilizedTipPosition":[-91.9138,262.944,4.41228],"timeVisible":0.569468,"tipPosition":[-61.368,289.446,-67.6362],"tipVelocity":[69.7664,26.743,-177.521],"tool":false,"touchDistance":-0.581101,"touchZone":"hovering","type":0,"width":18.5699},{"bases":[[[0.986251,0.153442,-0.0613511],[-0.113764,0.899711,0.421401],[0.119859,-0.408627,0.904797]],[[0.993432,0.108261,0.0370512],[-0.114408,0.934152,0.33804],[0.00198515,-0.340059,0.940402]],[[0.993432,0.108261,0.0370512],[-0.113893,0.966736,0.229021],[-0.0110247,-0.231736,0.972716]],[[0.993432,0.108261,0.0370512],[-0.112472,0.983445,0.142078],[-0.0210562,-0.145312,0.989162]]],"btipPosition":[-62.1182,340.969,-116.193],"carpPosition":[-54.5279,292.59,18.9584],"dipPosition":[-62.4481,338.692,-100.695],"direction":[0.0110247,0.231736,-0.972716],"extended":true,"handId":220,"id":2201,"length":53.9285,"mcpPosition":[-62.6143,320.158,-42.0845],"pipPosition":[-62.6925,333.556,-79.1344],"stabilizedTipPosition":[-90.2606,315.059,-45.9309],"timeVisible":0.569468,"tipPosition":[-61.4805,338.889,-112.897],"tipVelocity":[61.9491,53.5836,-168.387],"tool":false,"touchDistance":-0.577691,"touchZone":"hovering","type":1,"width":17.738},{"bases":[[[0.998224,-0.0588179,-0.0094792],[0.0572703,0.90351,0.424724],[-0.0164168,-0.424513,0.905273]],[[0.997144,-0.0727428,0.0202886],[0.0619673,0.634572,-0.770376],[0.0431647,0.769433,0.637267]],[[0.997144,-0.0727428,0.0202886],[-0.0304881,-0.63355,-0.773101],[0.0690913,0.770275,-0.633959]],[[0.997144,-0.0727428,0.0202886],[-0.065341,-0.965736,-0.251167],[0.037864,0.249124,-0.967731]]],"btipPosition":[-47.0654,264.699,-34.4363],"carpPosition":[-43.7536,295.929,18.4421],"dipPosition":[-46.4129,268.992,-51.1131],"direction":[-0.0690913,-0.770275,0.633959],"extended":false,"handId":220,"id":2202,"length":61.4471,"mcpPosition":[-42.7032,323.089,-39.4769],"pipPosition":[-44.6112,289.079,-67.645],"stabilizedTipPosition":[-81.6893,241.316,36.1608],"timeVisible":0.569468,"tipPosition":[-46.9203,265.919,-38.9871],"tipVelocity":[78.8339,10.4038,-106.957],"tool":false,"touchDistance":0.333333,"touchZone":"none","type":2,"width":17.4211},{"bases":[[[0.977751,-0.188589,0.0918522],[0.12789,0.883005,0.451603],[-0.166273,-0.429809,0.887478]],[[0.981003,-0.179595,0.0733445],[0.166455,0.585095,-0.793698],[0.0996304,0.790829,0.603874]],[[0.981003,-0.179595,0.0733445],[-0.065796,-0.663692,-0.745107],[0.182495,0.726126,-0.6629]],[[0.981003,-0.179595,0.0733445],[-0.157801,-0.95866,-0.23679],[0.112839,0.220718,-0.968788]]],"btipPosition":[-33.6036,266.394,-24.2771],"carpPosition":[-32.5033,296.335,18.0055],"dipPosition":[-31.6702,270.176,-40.8762],"direction":[-0.182495,-0.726126,0.6629],"extended":false,"handId":220,"id":2203,"length":59.0831,"mcpPosition":[-22.9521,321.024,-32.9739],"pipPosition":[-27.0342,288.622,-57.7163],"stabilizedTipPosition":[-60.5129,245.26,29.9678],"timeVisible":0.569468,"tipPosition":[-33.0029,267.377,-28.9958],"tipVelocity":[67.8509,24.9292,-107.762],"tool":false,"touchDistance":0.333333,"touchZone":"none","type":3,"width":16.5772},{"bases":[[[0.917274,-0.380356,0.118062],[0.263213,0.801459,0.537013],[-0.298877,-0.461512,0.835272]],[[0.924889,-0.367962,0.095833],[0.313787,0.596272,-0.738916],[0.214751,0.713487,0.666948]],[[0.924889,-0.367962,0.095833],[-0.150621,-0.585961,-0.796218],[0.349133,0.721978,-0.597372]],[[0.924889,-0.367962,0.095833],[-0.321249,-0.891015,-0.320768],[0.203419,0.265888,-0.942297]]],"btipPosition":[-21.6282,274.378,-23.5568],"carpPosition":[-21.0799,290.124,16.8752],"dipPosition":[-18.4128,278.58,-38.4515],"direction":[-0.349133,-0.721978,0.597372],"extended":false,"handId":220,"id":2204,"length":46.32,"mcpPosition":[-5.18728,314.665,-27.5398],"pipPosition":[-12.1507,291.53,-49.166],"stabilizedTipPosition":[-42.8578,254.51,22.6681],"timeVisible":0.569468,"tipPosi