{"sensorType":"Leap","data":[[0,{"currentFrameRate":109.377,"devices":[],"gestures":[],"hands":[{"armBasis":[[0.929588,0.0594343,-0.363776],[0.104836,0.903525,0.415515],[0.353376,-0.424395,0.833675]],"armWidth":58.4334,"confidence":0.656419,"direction":[0.0377845,0.524659,-0.850474],"elbow":[64.1817,150.484,236.988],"grabStrength":0,"id":217,"palmNormal":[-0.100914,-0.844727,-0.525597],"palmPosition":[-28.7922,278.937,-13.4797],"palmVelocity":[44.8064,114.773,-263.675],"palmWidth":83.4409,"pinchStrength":0.747044,"r":[[0.858983,0.00208028,0.511999],[-0.00105159,0.999997,-0.00229878],[-0.512003,0.0014362,0.858983]],"s":0.92885,"sphereCenter":[-31.2358,251.601,-50.582],"sphereRadius":43.2983,"stabilizedPalmPosition":[-45.2135,257.992,31.6849],"t":[114.122,112.991,-175.236],"timeVisible":0.397759,"type":"right","wrist":[-23.3139,255.563,30.5708]}],"id":266326,"interactionBox":{"center":[0,200,0],"size":[235.247,235.247,147.751]},"pointables":[{"bases":[[[0.497687,0.815398,0.295692],[-0.769724,0.258072,0.583887],[0.399791,-0.518194,0.75607]],[[0.38979,0.914344,0.10972],[-0.808266,0.28258,0.51658],[0.441327,-0.290041,0.84918]],[[0.38979,0.914344,0.10972],[-0.902601,0.402957,-0.151447],[-0.182687,-0.0400009,0.982357]],[[0.38979,0.914344,0.10972],[-0.713421,0.375157,-0.591851],[-0.582318,0.152421,0.798545]]],"btipPosition":[-52.4151,259.57,-58.1418],"carpPosition":[-50.4226,248.314,28.5838],"dipPosition":[-64.9128,262.841,-41.0035],"direction":[0.182687,0.0400009,-0.982357],"extended":false,"handId":217,"id":2170,"length":47.7925,"mcpPosition":[-50.4226,248.314,28.5838],"pipPosition":[-70.6248,261.591,-10.2883],"stabilizedTipPosition":[-74.8125,240.412,-9.68626],"timeVisible":0.397759,"tipPosition":[-54.8935,259.055,-54.0289],"tipVelocity":[88.1676,125.494,-296.112],"tool":false,"touchDistance":-0.710561,"touchZone":"hovering","type":0,"width":18.5699},{"bases":[[[0.986408,-0.0160924,-0.163525],[0.080561,0.914737,0.395937],[0.143211,-0.403729,0.9036]],[[0.996535,-0.0656776,-0.0510287],[0.0767118,0.962879,0.258803],[0.0321369,-0.261821,0.964581]],[[0.996535,-0.0656776,-0.0510287],[0.072617,0.986193,0.148831],[0.0405493,-0.152021,0.987545]],[[0.996535,-0.0656776,-0.0510287],[0.0688715,0.995597,0.0635798],[0.0466283,-0.066874,0.996671]]],"btipPosition":[-53.4465,309.798,-106.962],"carpPosition":[-40.8892,267.827,29.5074],"dipPosition":[-52.716,308.75,-91.3462],"direction":[-0.0405493,0.152021,-0.987545],"extended":true,"handId":217,"id":2171,"length":53.9285,"mcpPosition":[-50.551,295.065,-31.4547],"pipPosition":[-51.8172,305.38,-69.4572],"stabilizedTipPosition":[-74.0251,289.769,-59.1384],"timeVisible":0.397759,"tipPosition":[-52.8512,308.084,-103.505],"tipVelocity":[74.6863,145.146,-277.453],"tool":false,"touchDistance":-0.708806,"touchZone":"hovering","type":1,"width":17.738},{"bases":[[[0.968404,-0.226193,-0.105028],[0.24929,0.889762,0.382333],[0.00696872,-0.396435,0.918036]],[[0.968429,-0.22867,-0.099279],[0.0999617,0.721027,-0.685658],[0.228372,0.654087,0.721122]],[[0.968429,-0.22867,-0.099279],[-0.134445,-0.143714,-0.980444],[0.20993,0.962838,-0.169921]],[[0.968429,-0.22867,-0.099279],[-0.217536,-0.580656,-0.784549],[0.121756,0.781376,-0.612068]]],"btipPosition":[-47.9352,227.172,-47.8207],"carpPosition":[-29.8224,269.294,27.8107],"dipPosition":[-45.837,240.638,-58.3684],"direction":[-0.20993,-0.962838,0.169921],"extended":false,"handId":217,"id":2172,"length":61.4471,"mcpPosition":[-30.2683,294.657,-30.9248],"pipPosition":[-40.3626,265.746,-62.7994],"stabilizedTipPosition":[-76.2977,207.461,8.1365],"timeVisible":0.397759,"tipPosition":[-47.3835,229.953,-48.9686],"tipVelocity":[133.041,89.2026,-286.653],"tool":false,"touchDistance":0.333333,"touchZone":"none","type":2,"width":17.4211},{"bases":[[[0.937308,-0.348492,0.00269249],[0.317936,0.858237,0.402923],[-0.142726,-0.376806,0.91523]],[[0.936865,-0.349647,0.00550233],[0.24926,0.656679,-0.711788],[0.245261,0.668221,0.702373]],[[0.936865,-0.349647,0.00550233],[-0.0666848,-0.194081,-0.978716],[0.343273,0.916558,-0.205144]],[[0.936865,-0.349647,0.00550233],[-0.217422,-0.594752,-0.77395],[0.273882,0.72389,-0.633223]]],"btipPosition":[-34.0289,226.37,-39.0324],"carpPosition":[-18.7655,267.791,26.2583],"dipPosition":[-29.3363,238.773,-49.8819],"direction":[-0.343273,-0.916558,0.205144],"extended":false,"handId":217,"id":2173,"length":59.0831,"mcpPosition":[-10.5669,289.436,-26.3152],"pipPosition":[-20.6159,262.057,-55.0933],"stabilizedTipPosition":[-58.0359,208.422,6.41759],"timeVisible":0.397759,"tipPosition":[-32.9459,229.005,-40.2279],"tipVelocity":[128.092,104.953,-267.217],"tool":false,"touchDistance":0.333333,"touchZone":"none","type":3,"width":16.5772},{"bases":[[[0.848986,-0.526744,0.0419906],[0.445984,0.756901,0.477701],[-0.283409,-0.386835,0.877518]],[[0.794883,-0.580275,0.177319],[0.533582,0.529363,-0.659595],[0.28888,0.618915,0.730406]],[[0.794883,-0.580275,0.177319],[0.0546922,-0.222527,-0.973391],[0.604293,0.78343,-0.145147]],[[0.794883,-0.580275,0.177319],[-0.224794,-0.553075,-0.802231],[0.563586,0.59782,-0.570072]]],"btipPosition":[-22.7481,236.723,-34.4797],"carpPosition":[-8.704,259.724,24.2513],"dipPosition":[-13.8396,246.173,-43.4907],"direction":[-0.604293,-0.78343,0.145147],"extended":false,"handId":217,"id":2174,"length":46.32,"mcpPosition":[6.3661,280.293,-22.4102],"pipPosition":[-3.00099,260.225,-46.094],"stabilizedTipPosition":[-41.6365,219.667,4.37071],"timeVisible":0.397759,"tipPosition":[-20.6321,238.888,-36.1945],"tipVelocity":[103.033,115.724,-227.988],"tool":false,"touchDistance":0.333333,"touchZone":"none","type":4,"width":14.7252}],"r":[[0.858983,0.00208028,0.511999],[-0.00105159,0.999997,-0.00229878],[-0.512003,0.0014362,0.858983]],"s":0.92885,"t":[114.122,112.991,-175.236],"timestamp":2785219715},false],[1,{"currentFrameRate":109.489,"devices":[],"gestures":[],"hands":[{"armBasis":[[0.933224,0.0633756,-0.353661],[0.0950118,0.905751,0.413023],[0.346504,-0.419045,0.839248]],"armWidth":58.4334,"confidence":0.658535,"direction":[0.0386418,0.525485,-0.849925],"elbow":[62.5451,152.599,236.151],"grabStrength":0,"id":217,"palmNormal":[-0.0907966,-0.845195,-0.526689],"palmPosition":[-28.6513,279.709,-15.715],"palmVelocity":[36.8853,107.046,-259.999],"palmWidth":83.4409,"pinchStrength":0.732222,"r":[[0.854946,0.0106,0.518609],[-0.0104471,0.99994,-0.00321547],[-0.518612,-0.00266893,0.855006]],"s":0.934453,"sphereCenter":[-30.941,252.575,-52.8349],"sphereRadius":43.3167,"stabilizedPalmPosition":[-44.8992,258.404,30.7855],"t":[114.344,113.799,-177.411],"timeVisible":0.406693,"type":"right","wrist":[-23.2489,256.354,28.3544]}],"id":266327,"interactionBox":{"center":[0,200,0],"size":[235.247,235.247,147.751]},"pointables":[{"bases":[[[0.489185,0.819262,0.299179],[-0.775341,0.251391,0.579352],[0.39943,-0.515376,0.758184]],[[0.384065,0.915919,0.116558],[-0.813116,0.275717,0.512662],[0.43742,-0.291671,0.850642]],[[0.384065,0.915919,0.116558],[-0.904009,0.398705,-0.154278],[-0.187778,-0.0461171,0.981128]],[[0.384065,0.915919,0.116558],[-0.722216,0.376665,-0.58011],[-0.575238,0.13862,0.806155]]],"btipPosition":[-52.0911,260.702,-60.7187],"carpPosition":[-50.2847,248.884,26.1987],"dipPosition":[-64.4368,263.677,-43.4171],"direction":[0.187778,0.0461171,-0.981128],"extended":false,"handId":217,"id":2170,"length":47.7925,"mcpPosition":[-50.2847,248.884,26.1987],"pipPosition":[-70.3081,262.235,-12.7404],"stabilizedTipPosition":[-74.3113,240.94,-10.8726],"timeVisible":0.406693,"tipPosition":[-54.5067,260.098,-56.5276],"tipVelocity":[75.0721,123.74,-292.873],"tool":false,"touchDistance":-0.705929,"touchZone":"hovering","type":0,"width":18.5699},{"bases":[[[0.987481,-0.00790815,-0.157543],[0.0706578,0.915117,0.396948],[0.141031,-0.40311,0.904219]],[[0.997274,-0.0563338,-0.0476465],[0.0670996,0.961025,0.268195],[0.030681,-0.270661,0.962186]],[[0.997274,-0.0563338,-0.0476465],[0.0632933,0.98507,0.160097],[0.0379163,-0.162676,0.985951]],[[0.997274,-0.0563338,-0.0476465],[0.0598526,0.995312,0.0759711],[0.0431434,-0.0786158,0.995971]]],"btipPosition":[-53.1573,311.171,-109.179],"carpPosition":[-40.9173,268.474,27.1914],"dipPosition":[-52.4813,309.939,-93.5742],"direction":[-0.0379163,0.162676,-0.985951],"extended":true,"handId":217,"id":2171,"length":53.9285,"mcpPosition":[-50.4321,295.67,-33.8124],"pipPosition":[-51.6409,306.334,-71.7206],"stabilizedTipPosition":[-73.3068,290.49,-60.7255],"timeVisible":0.406693,"tipPosition":[-52.5657,309.36,-105.746],"tipVelocity":[62.7582,146.192,-269.536],"tool":false,"touchDistance":-0.699552,"touchZone":"hovering","type":1,"width":17.738},{"bases":[[[0.970845,-0.218186,-0.0992771],[0.239665,0.891534,0.384354],[0.0046483,-0.396942,0.917832]],[[0.970855,-0.220658,-0.0935494],[0.0979491,0.721542,-0.685407],[0.21874,0.656268,0.722126]],[[0.970855,-0.220658,-0.0935494],[-0.127579,-0.145375,-0.981116],[0.202891,0.964456,-0.16929]],[[0.970855,-0.220658,-0.0935494],[-0.208137,-0.58272,-0.785567],[0.118828,0.782143,-0.611664]]],"btipPosition":[-47.1574,227.791,-50.1233],"carpPosition":[-29.8528,270.032,25.5628],"dipPosition":[-45.1097,241.27,-60.664],"direction":[-0.202891,-0.964456,0.16929],"extended":false,"handId":217,"id":2172,"length":61.4471,"mcpPosition":[-30.1502,295.428,-33.1597],"pipPosition":[-39.8188,266.42,-65.0786],"stabilizedTipPosition":[-75.6428,207.98,6.79431],"timeVisible":0.406693,"tipPosition":[-46.6259,230.596,-51.3507],"tipVelocity":[120.139,83.8572,-278.714],"tool":false,"touchDistance":0.333333,"touchZone":"none","type":2,"width":17.4211},{"bases":[[[0.940099,-0.340803,0.00818159],[0.308441,0.860559,0.405342],[-0.145183,-0.378538,0.914129]],[[0.939592,-0.342109,0.0113385],[0.247144,0.655111,-0.713967],[0.236826,0.67364,0.700087]],[[0.939592,-0.342109,0.0113385],[-0.06057,-0.198773,-0.978172],[0.336895,0.918396,-0.207487]],[[0.939592,-0.342109,0.0113385],[-0.208554,-0.598426,-0.773558],[0.271426,0.724464,-0.633625]]],"btipPosition":[-33.3474,227.021,-40.9906],"carpPosition":[-18.7748,268.621,24.0767],"dipPosition":[-28.6968,239.434,-51.8471],"direction":[-0.336895,-0.918396,0.207487],"extended":false,"handId":217,"id":2173,"length":59.0831,"mcpPosition":[-10.435,290.365,-28.4335],"pipPosition":[-20.1384,262.764,-57.118],"stabilizedTipPosition":[-57.2353,209.088,4.86646],"timeVisible":0.406693,"tipPosition":[-32.262,229.717,-42.4121],"tipVelocity":[113.661,96.2619,-254.16],"tool":false,"touchDistance":0.333333,"touchZone":"none","type":3,"width":16.5772},{"bases":[[[0.853004,-0.519798,0.0468396],[0.43686,0.760229,0.480838],[-0.285547,-0.389695,0.875557]],[[0.798479,-0.573886,0.181895],[0.533273,0.534027,-0.656075],[0.279376,0.620862,0.732448]],[[0.798479,-0.573886,0.181895],[0.062429,-0.221579,-0.973142],[0.598777,0.788389,-0.141099]],[[0.798479,-0.573886,0.181895],[-0.215391,-0.554467,-0.803849],[0.562173,0.602678,-0.56634]]],"btipPosition":[-22.1364,237.56,-36.6984],"carpPosition":[-8.63551,260.637,22.1261],"dipPosition":[-13.2503,247.087,-45.6504],"direction":[-0.598777,-0.788389,0.141099],"extended":false,"handId":217,"id":2174,"length":46.32,"mcpPosition":[6.54829,281.359,-24.4311],"pipPosition":[-2.51062,261.227,-48.1811],"stabilizedTipPosition":[-40.8388,220.411,2.77383],"timeVisible":0.406693,"tipPosition":[-20.0276,239.743,-38.4047],"tipVelocity":[93.4428,110.253,-233.127],"tool":false,"touchDistance":0.333333,"touchZone":"none","type":4,"width":14.7252}],"r":[[0.854946,0.0106,0.518609],[-0.0104471,0.99994,-0.00321547],[-0.518612,-0.00266893,0.855006]],"s":0.934453,"t":[114.344,113.799,-177.411],"timestamp":2785228649},false],[2,{"currentFrameRate":109.448,"devices":[],"gestures":[],"hands":[{"armBasis":[[0.935559,0.070933,-0.345974],[0.0853082,0.905227,0.416278],[0.342713,-0.418967,0.840842]],"armWidth":58.4334,"confidence":0.662172,"direction":[0.0399466,0.52418,-0.85067],"elbow":[61.7273,153.017,235.376],"grabStrength":0,"id":217,"palmNormal":[-0.080986,-0.84685,-0.525629],"palmPosition":[-28.4325,279.984,-16.9624],"palmVelocity":[33.209,85.4161,-225.115],"palmWidth":83.4409,"pinchStrength":0.711846,"r":[[0.850935,0.0188989,0.524931],[-0.0194892,0.9998,-0.00440263],[-0.52491,-0.00648415,0.851133]],"s":0.94058,"sphereCenter":[-30.5262,252.915,-54.0545],"sphereRadius":43.3651,"stabilizedPalmPosition":[-44.623,258.766,29.9846],"t":[114.565,114.341,-179.122],"timeVisible":0.415904,"type":"right","wrist":[-23.128,256.753,27.1847]}],"id":266328,"interactionBox":{"center":[0,200,0],"size":[235.247,235.247,147.751]},"pointables":[{"bases":[[[0.480984,0.823559,0.300674],[-0.780878,0.246497,0.573994],[0.398603,-0.510872,0.76166]],[[0.379277,0.917192,0.122098],[-0.817376,0.270273,0.508772],[0.433641,-0.292766,0.852199]],[[0.379277,0.917192,0.122098],[-0.905287,0.395121,-0.155998],[-0.191324,-0.0513675,0.980182]],[[0.379277,0.917192,0.122098],[-0.735197,0.378847,-0.562104],[-0.561814,0.123427,0.818004]]],"btipPosition":[-51.9023,261.43,-62.3397],"carpPosition":[-50.0915,249.071,24.8737],"dipPosition":[-63.9598,264.079,-44.7838],"direction":[0.191324,0.0513675,-0.980182],"extended":false,"handId":217,"id":2170,"length":47.7925,"mcpPosition":[-50.0915,249.071,24.8737],"pipPosition":[-69.9419,262.472,-14.1366],"stabilizedTipPosition":[-73.8555,241.43,-11.9736],"timeVisible":0.415904,"tipPosition":[-54.1761,260.707,-58.0294],"tipVelocity":[61.8072,108.928,-258.363],"tool":false,"touchDistance":-0.687107,"touchZone":"hovering","type":0,"width":18.5699},{"bases":[[[0.988483,-0.000602608,-0.151329],[0.0611267,0.916373,0.395631],[0.138436,-0.400325,0.905856]],[[0.997897,-0.0475353,-0.0440766],[0.0578433,0.959883,0.27437],[0.0292662,-0.276342,0.960614]],[[0.997897,-0.0475353,-0.0440766],[0.054297,0.984341,0.167704],[0.0354146,-0.169745,0.984852]],[[0.997897,-0.0475353,-0.0440766],[0.0511318,0.995117,0.084422],[0.0398484,-0.0864981,0.995455]]],"btipPosition":[-52.7834,311.748,-110.499],"carpPosition":[-40.8814,268.734,25.8877],"dipPosition":[-52.159,310.392,-94.9021],"direction":[-0.0354146,0.169745,-0.984852],"extended":true,"handId":217,"id":2171,"length":53.9285,"mcpPosition":[-50.221,295.743,-35.2266],"pipPosition":[-51.3741,306.63,-73.0728],"stabilizedTipPosition":[-72.6308,291.176,-62.2364],"timeVisible":0.415904,"tipPosition":[-52.1861,309.881,-107.082],"tipVelocity":[56.1896,121.922,-234.239],"tool":false,"touchDistance":-0.677755,"touchZone":"hovering","type":1,"width":17.738},{"bases":[[[0.973097,-0.210893,-0.0927667],[0.230386,0.894067,0.384143],[0.00192662,-0.395181,0.918601]],[[0.973091,-0.213343,-0.0870601],[0.0965551,0.72059,-0.686605],[0.209217,0.659723,0.721799]],[[0.973091,-0.213343,-0.0870601],[-0.12045,-0.148868,-0.981494],[0.196434,0.965569,-0.170559]],[[0.973091,-0.213343,-0.0870601],[-0.198793,-0.586236,-0.785371],[0.116516,0.781544,-0.612872]]],"btipPosition":[-46.3204,227.85,-51.3414],"carpPosition":[-29.8192,270.374,24.3256],"dipPosition":[-44.3125,241.318,-61.903],"direction":[-0.196434,-0.965569,0.170559],"extended":false,"handId":217,"id":2172,"length":61.4471,"mcpPosition":[-29.9424,295.658,-34.4462],"pipPosition":[-39.1901,266.497,-66.3507],"stabilizedTipPosition":[-75.0041,208.472,5.4956],"timeVisible":0.415904,"tipPosition":[-45.8056,230.669,-52.627],"tipVelocity":[111.664,62.082,-237.846],"tool":false,"touchDistance":0.333333,"touchZone":"none","type":2,"width":17.4211},{"bases":[[[0.94262,-0.333543,0.0147315],[0.299265,0.863662,0.405621],[-0.148015,-0.377938,0.913923]],[[0.942025,-0.33504,0.0183572],[0.24627,0.653203,-0.716015],[0.227902,0.679025,0.697844]],[[0.942025,-0.33504,0.0183572],[-0.0535611,-0.204154,-0.977472],[0.33124,0.91982,-0.210263]],[[0.942025,-0.33504,0.0183572],[-0.199474,-0.603172,-0.772265],[0.269812,0.723831,-0.635035]]],"btipPosition":[-32.5944,227.165,-41.9572],"carpPosition":[-18.7214,269.046,22.9117],"dipPosition":[-27.9715,239.567,-52.8378],"direction":[-0.33124,-0.91982,0.210263],"extended":false,"handId":217,"id":2173,"length":59.0831,"mcpPosition":[-10.219,290.756,-29.5868],"pipPosition":[-19.5568,262.934,-58.1793],"stabilizedTipPosition":[-56.4481,209.729,3.35592],"timeVisible":0.415904,"tipPosition":[-31.5106,229.894,-43.5338],"tipVelocity":[104.531,73.6289,-212.545],"tool":false,"touchDistance":0.333333,"touchZone":"none","type":3,"width":16.5772},{"bases":[[[0.856662,-0.51313,0.0531849],[0.427973,0.764464,0.482113],[-0.288045,-0.390246,0.874493]],[[0.80167,-0.56741,0.188071],[0.533307,0.536782,-0.653796],[0.270017,0.624428,0.732926]],[[0.80167,-0.56741,0.188071],[0.0702418,-0.223026,-0.972279],[0.593626,0.792657,-0.138937]],[[0.80167,-0.56741,0.188071],[-0.206078,-0.557674,-0.804072],[0.561121,0.605843,-0.564001]]],"btipPosition":[-21.4647,237.847,-37.8192],"carpPosition":[-8.50908,261.137,21.04],"dipPosition":[-12.5953,247.424,-46.7342],"direction":[-0.593626,-0.792657,0.138937],"extended":false,"handId":217,"id":2174,"length":46.32,"mcpPosition":[6.80751,281.888,-25.4606],"pipPosition":[-1.94795,261.641,-49.2262],"stabilizedTipPosition":[-40.0623,221.123,1.22757],"timeVisible":0.415904,"tipPosition":[-19.3616,240.043,-39.5219],"tipVelocity":[87.5807,88.4507,-201.66],"tool":false,"touchDistance":0.333333,"touchZone":"none","type":4,"width":14.7252}],"r":[[0.850935,0.0188989,0.524931],[-0.0194892,0.9998,-0.00440263],[-0.52491,-0.00648415,0.851133]],"s":0.94058,"t":[114.565,114.341,-179.122],"timestamp":2785237860},false],[3,{"currentFrameRate":109.594,"devices":[],"gestures":[],"hands":[{"armBasis":[[0.936105,0.0785469,-0.342839],[0.0775883,0.904616,0.419105],[0.343057,-0.418927,0.840721]],"armWidth":58.4334,"confidence":0.663723,"direction":[0.0419098,0.522998,-0.851303],"elbow":[61.876,153.268,234.439],"grabStrength":0,"id":217,"palmNormal":[-0.0731013,-0.848163,-0.524668],"palmPosition":[-28.2443,280.121,-17.9393],"palmVelocity":[29.9625,66.4711,-193.968],"palmWidth":83.4409,"pinchStrength":0.678895,"r":[[0.846991,0.0266582,0.530939],[-0.0278478,0.999596,-0.00576437],[-0.530878,-0.00990313,0.847391]],"s":0.94772,"sphereCenter":[-30.091,253.055,-55.0359],"sphereRadius":43.4687,"stabilizedPalmPosition":[-44.3984,259.059,29.3275],"t":[114.769,114.68,-180.466],"timeVisible":0.424768,"type":"right","wrist":[-23.0646,256.994,26.2768]}],"id":266329,"interactionBox":{"center":[0,200,0],"size":[235.247,235.247,147.751]},"pointables":[{"bases":[[[0.474528,0.826784,0.30208],[-0.785596,0.242982,0.569033],[0.397067,-0.507335,0.76482]],[[0.377523,0.916874,0.129687],[-0.819972,0.265928,0.506881],[0.430258,-0.297699,0.852205]],[[0.377523,0.916874,0.129687],[-0.905959,0.394692,-0.153157],[-0.191612,-0.0596705,0.979655]],[[0.377523,0.916874,0.129687],[-0.753377,0.385551,-0.532703],[-0.538423,0.103404,0.836307]]],"btipPosition":[-52.1188,262.428,-63.7678],"carpPosition":[-49.97,249.154,23.8222],"dipPosition":[-63.6744,264.647,-45.8191],"direction":[0.191612,0.0596705,-0.979655],"extended":false,"handId":217,"id":2170,"length":47.7925,"mcpPosition":[-49.97,249.154,23.8222],"pipPosition":[-69.6655,262.782,-15.1884],"stabilizedTipPosition":[-73.465,241.87,-12.949],"timeVisible":0.424768,"tipPosition":[-54.1437,261.518,-59.2912],"tipVelocity":[41.9618,106.916,-229.241],"tool":false,"touchDistance":-0.666796,"touchZone":"hovering","type":0,"width":18.5699},{"bases":[[[0.989334,0.00478791,-0.145583],[0.0536031,0.917357,0.39444],[0.13544,-0.398037,0.907316]],[[0.998338,-0.0408593,-0.0406436],[0.0506337,0.958674,0.279964],[0.0275249,-0.281557,0.95915]],[[0.998338,-0.0408593,-0.0406436],[0.0473395,0.983611,0.173978],[0.0328689,-0.175613,0.98391]],[[0.998338,-0.0408593,-0.0406436],[0.0444206,0.994862,0.0909715],[0.0367178,-0.0926257,0.995024]]],"btipPosition":[-52.4039,312.162,-111.543],"carpPosition":[-40.878,268.872,24.8566],"dipPosition":[-51.8286,310.711,-95.9532],"direction":[-0.0328689,0.175613,-0.98391],"extended":true,"handId":217,"id":2171,"length":53.9285,"mcpPosition":[-50.0156,295.726,-36.3562],"pipPosition":[-51.1,306.818,-74.1447],"stabilizedTipPosition":[-72.0348,291.78,-63.5748],"timeVisible":0.424768,"tipPosition":[-51.8054,310.261,-108.14],"tipVelocity":[52.2197,100.872,-202.729],"tool":false,"touchDistance":-0.654,"touchZone":"hovering","type":1,"width":17.738},{"bases":[[[0.974806,-0.20549,-0.0867576],[0.223051,0.895998,0.383973],[-0.001168,-0.393651,0.919259]],[[0.974782,-0.20785,-0.0812372],[0.0956087,0.717898,-0.689551],[0.201643,0.664395,0.719666]],[[0.974782,-0.20785,-0.0812372],[-0.114671,-0.154231,-0.981358],[0.191445,0.965925,-0.174176]],[[0.974782,-0.20785,-0.0812372],[-0.19125,-0.590486,-0.78406],[0.114997,0.779824,-0.615346]]],"btipPosition":[-45.6287,227.764,-52.1218],"carpPosition":[-29.8164,270.572,23.356],"dipPosition":[-43.647,241.202,-62.726],"direction":[-0.191445,-0.965925,0.174176],"extended":false,"handId":217,"id":2172,"length":61.4471,"mcpPosition":[-29.7417,295.758,-35.4578],"pipPosition":[-38.6546,266.391,-67.268],"stabilizedTipPosition":[-74.4095,208.918,4.2985],"timeVisible":0.424768,"tipPosition":[-45.1287,230.625,-53.5666],"tipVelocity":[102.366,42.4093,-197.541],"tool":false,"touchDistance":0.333333,"touchZone":"none","type":2,"width":17.4211},{"bases":[[[0.944403,-0.328135,0.0207676],[0.291975,0.866022,0.405902],[-0.151176,-0.377271,0.913681]],[[0.943736,-0.329772,0.0247394],[0.246493,0.651592,-0.717405],[0.22046,0.683139,0.696217]],[[0.943736,-0.329772,0.0247394],[-0.0471963,-0.208354,-0.976914],[0.327313,0.920782,-0.212195]],[[0.943736,-0.329772,0.0247394],[-0.191829,-0.606838,-0.77133],[0.269376,0.723186,-0.635955]]],"btipPosition":[-31.9825,227.204,-42.7147],"carpPosition":[-18.7033,269.305,22.0089],"dipPosition":[-27.3671,239.595,-53.611],"direction":[-0.327313,-0.920782,0.212195],"extended":false,"handId":217,"id":2173,"length":59.0831,"mcpPosition":[-10.0193,290.976,-30.4757],"pipPosition":[-19.0521,262.986,-59.0016],"stabilizedTipPosition":[-55.7177,210.311,1.96602],"timeVisible":0.424768,"tipPosition":[-30.8975,229.955,-44.404],"tipVelocity":[94.8553,54.7733,-178.206],"tool":false,"touchDistance":0.333333,"touchZone":"none","type":3,"width":16.5772},{"bases":[[[0.859247,-0.508145,0.0590225],[0.420799,0.767686,0.483307],[-0.290901,-0.390443,0.873459]],[[0.803779,-0.562518,0.193682],[0.534024,0.538699,-0.65163],[0.262217,0.627197,0.733393]],[[0.803779,-0.562518,0.193682],[0.0771492,-0.224252,-0.971473],[0.589905,0.795792,-0.136851]],[[0.803779,-0.562518,0.193682],[-0.19822,-0.56017,-0.804313],[0.560935,0.608098,-0.561755]]],"btipPosition":[-20.9165,237.99,-38.6824],"carpPosition":[-8.43534,261.451,20.2098],"dipPosition":[-12.05,247.602,-47.5619],"direction":[-0.589904,-0.795792,0.136851],"extended":false,"handId":217,"id":2174,"length":46.32,"mcpPosition":[7.03314,282.213,-26.2358],"pipPosition":[-1.46941,261.876,-50.0165],"stabilizedTipPosition":[-39.3566,221.758,-0.16992],"timeVisible":0.424768,"tipPosition":[-18.816,240.196,-40.3798],"tipVelocity":[80.5849,69.0982,-173.147],"tool":false,"touchDistance":0.333333,"touchZone":"none","type":4,"width":14.7252}],"r":[[0.846991,0.0266582,0.530939],[-0.0278478,0.999596,-0.00576437],[-0.530878,-0.00990313,0.847391]],"s":0.94772,"t":[114.769,114.68,-180.466],"timestamp":2785246724},false],[4,{"currentFrameRate":109.569,"devices":[],"gestures":[],"hands":[{"armBasis":[[0.936722,0.0888033,-0.338624],[0.0655837,0.905649,0.418926],[0.343876,-0.414625,0.842517]],"armWidth":58.4334,"confidence":0.655963,"direction":[0.0428294,0.523869,-0.850722],"elbow":[62.2132,154.615,233.654],"grabStrength":0,"id":217,"palmNormal":[-0.0608534,-0.848554,-0.525598],"palmPosition":[-28.0214,280.376,-19.193],"palmVelocity":[28.3823,55.6623,-177.991],"palmWidth":83.4409,"pinchStrength":0.652663,"r":[[0.842918,0.0344733,0.536937],[-0.0365103,0.99931,-0.00684314],[-0.536802,-0.0138355,0.843595]],"s":0.955252,"sphereCenter":[-29.5774,253.498,-56.3146],"sphereRadius":43.5157,"stabilizedPalmPosition":[-44.2044,259.312,28.7526],"t":[114.983,114.977,-181.765],"timeVisible":0.433939,"type":"right","wrist":[-22.9303,257.276,25.048]}],"id":266330,"interactionBox":{"center":[0,200,0],"size":[235.247,235.247,147.751]},"pointables":[{"bases":[[[0.464068,0.831303,0.305901],[-0.792063,0.234818,0.563469],[0.396582,-0.503781,0.767416]],[[0.369943,0.918884,0.137093],[-0.825326,0.257286,0.502633],[0.426589,-0.299092,0.853561]],[[0.369943,0.918884,0.137093],[-0.908436,0.388688,-0.153837],[-0.194644,-0.0676291,0.97854]],[[0.369943,0.918884,0.137093],[-0.767979,0.385497,-0.511469],[-0.522829,0.0839299,0.848296]]],"btipPosition":[-51.9586,263.174,-65.4791],"carpPosition":[-49.7378,249.17,22.3954],"dipPosition":[-63.1795,264.976,-47.2731],"direction":[0.194644,0.0676291,-0.97854],"extended":false,"handId":217,"id":2170,"length":47.7925,"mcpPosition":[-49.7378,249.17,22.3954],"pipPosition":[-69.2654,262.861,-16.6773],"stabilizedTipPosition":[-73.1022,242.287,-13.8758],"timeVisible":0.433939,"tipPosition":[-53.835,262.17,-60.9012],"tipVelocity":[37.472,96.8675,-215.542],"tool":false,"touchDistance":-0.653231,"touchZone":"hovering","type":0,"width":18.5699},{"bases":[[[0.990262,0.0147327,-0.138437],[0.0416057,0.917624,0.395266],[0.132857,-0.397177,0.908075]],[[0.998899,-0.029619,-0.0363824],[0.0389088,0.956321,0.289718],[0.0262121,-0.290815,0.95642]],[[0.998899,-0.029619,-0.0363824],[0.0358423,0.982184,0.184472],[0.0302704,-0.185573,0.982164]],[[0.998899,-0.029619,-0.0363824],[0.0331856,0.994262,0.101697],[0.0331615,-0.102792,0.99415]]],"btipPosition":[-52.0372,312.954,-112.786],"carpPosition":[-40.8507,268.977,23.5051],"dipPosition":[-51.5176,311.343,-97.2096],"direction":[-0.0302704,0.185573,-0.982164],"extended":true,"handId":217,"id":2171,"length":53.9285,"mcpPosition":[-49.8139,295.772,-37.7589],"pipPosition":[-50.8466,307.23,-75.4399],"stabilizedTipPosition":[-71.4574,292.377,-64.8845],"timeVisible":0.433939,"tipPosition":[-51.4292,310.979,-109.407],"tipVelocity":[48.4164,95.6977,-184.07],"tool":false,"touchDistance":-0.635622,"touchZone":"hovering","type":1,"width":17.738},{"bases":[[[0.977407,-0.195713,-0.0798216],[0.211329,0.897961,0.386012],[-0.00387074,-0.39416,0.919034]],[[0.977368,-0.198009,-0.074458],[0.0919079,0.714473,-0.693601],[0.190537,0.67106,0.716501]],[[0.977368,-0.198009,-0.074458],[-0.107451,-0.161483,-0.981009],[0.182225,0.966807,-0.179104]],[[0.977368,-0.198009,-0.074458],[-0.180329,-0.595809,-0.782619],[0.110603,0.778334,-0.618032]]],"btipPosition":[-44.6283,227.72,-53.0635],"carpPosition":[-29.796,270.788,22.0852],"dipPosition":[-42.7223,241.133,-63.714],"direction":[-0.182225,-0.966807,0.179104],"extended":false,"handId":217,"id":2172,"length":61.4471,"mcpPosition":[-29.5484,296.006,-36.7142],"pipPosition":[-37.9704,266.345,-68.3845],"stabilizedTipPosition":[-73.773,209.379,3.03868],"timeVisible":0.433939,"tipPosition":[-44.1543,230.66,-54.7759],"tipVelocity":[103.71,29.0753,-171.4],"tool":false,"touchDistance":0.333333,"touchZone":"none","type":2,"width":17.4211},{"bases":[[[0.947454,-0.318715,0.0274212],[0.280389,0.868661,0.408423],[-0.15399,-0.379273,0.912381]],[[0.946736,-0.320454,0.0316135],[0.245168,0.653683,-0.715955],[0.208766,0.685571,0.697431]],[[0.946736,-0.320454,0.0316135],[-0.0380655,-0.208862,-0.977204],[0.319752,0.923951,-0.209936]],[[0.946736,-0.320454,0.0316135],[-0.180134,-0.608427,-0.772896],[0.266912,0.726034,-0.633744]]],"btipPosition":[-31.0655,227.417,-43.9762],"carpPosition":[-18.6614,269.632,20.8177],"dipPosition":[-26.4923,239.857,-54.8347],"direction":[-0.319752,-0.923951,0.209936],"extended":false,"handId":217,"id":2173,"length":59.0831,"mcpPosition":[-9.8157,291.419,-31.5922],"pipPosition":[-18.3694,263.329,-60.1678],"stabilizedTipPosition":[-54.9649,210.896,0.547252],"timeVisible":0.433939,"tipPosition":[-29.9912,230.191,-45.7017],"tipVelocity":[95.9933,46.3303,-166.6],"tool":false,"touchDistance":0.333333,"touchZone":"none","type":3,"width":16.5772},{"bases":[[[0.863824,-0.499587,0.0649723],[0.409626,0.771571,0.486707],[-0.293284,-0.393815,0.871146]],[[0.807983,-0.554548,0.199099],[0.532899,0.543628,-0.64845],[0.251361,0.630036,0.73476]],[[0.807983,-0.554548,0.199099],[0.0856122,-0.223829,-0.970861],[0.582953,0.801484,-0.133374]],[[0.807983,-0.554548,0.199099],[-0.187325,-0.562148,-0.805543],[0.558635,0.613569,-0.558087]]],"btipPosition":[-20.1443,238.32,-39.845],"carpPosition":[-8.30289,261.883,19.0889],"dipPosition":[-11.3141,248.019,-48.6665],"direction":[-0.582953,-0.801484,0.133374],"extended":false,"handId":217,"id":2174,"length":46.32,"mcpPosition":[7.29227,282.823,-27.2337],"pipPosition":[-0.858259,262.394,-51.0587],"stabilizedTipPosition":[-38.6463,222.387,-1.56432],"timeVisible":0.433939,"tipPosition":[-18.0484,240.551,-41.5621],"tipVelocity":[81.3389,60.4624,-159.801],"tool":false,"touchDistance":0.333333,"touchZone":"none","type":4,"width":14.7252}],"r":[[0.842918,0.0344733,0.536937],[-0.0365103,0.99931,-0.00684314],[-0.536802,-0.0138355,0.843595]],"s":0.955252,"t":[114.983,114.977,-181.765],"timestamp":2785255895},false],[5,{"currentFrameRate":109.669,"devices":[],"gestures":[],"hands":[{"armBasis":[[0.940039,0.108983,-0.323188],[0.0415227,0.903958,0.4256],[0.338531,-0.4135,0.84523]],"armWidth":58.4334,"confidence":0.661,"direction":[0.0421207,0.524258,-0.850517],"elbow":[61.0241,155.621,232.379],"grabStrength":0,"id":217,"palmNormal":[-0.0369742,-0.849871,-0.525692],"palmPosition":[-27.8359,280.972,-21.2137],"palmVelocity":[26.2992,58.6747,-191.109],"palmWidth":83.4409,"pinchStrength":0.63612,"r":[[0.838108,0.0442481,0.543706],[-0.0475554,0.998837,-0.00798239],[-0.543427,-0.0191661,0.839238]],"s":0.962565,"sphereCenter":[-28.7555,254.282,-58.3103],"sphereRadius":43.5191,"stabilizedPalmPosition":[-44.0462,259.521,28.2696],"t":[115.182,115.424,-183.425],"timeVisible":0.442879,"type":"right","wrist":[-22.7959,258.003,23.101]}],"id":266331,"interactionBox":{"center":[0,200,0],"size":[235.247,235.247,147.751]},"pointables":[{"bases":[[[0.443055,0.840883,0.310834],[-0.803432,0.218604,0.553814],[0.397744,-0.495104,0.772446]],[[0.35081,0.92536,0.143667],[-0.836015,0.240357,0.493262],[0.421914,-0.29315,0.857935]],[[0.35081,0.92536,0.143667],[-0.914161,0.371678,-0.161755],[-0.20308,-0.0745899,0.976317]],[[0.35081,0.92536,0.143667],[-0.777986,0.373389,-0.505291],[-0.52122,0.06549,0.850906]]],"btipPosition":[-51.1736,263.687,-67.9268],"carpPosition":[-49.396,249.342,20.1345],"dipPosition":[-62.36,265.093,-49.6648],"direction":[0.20308,0.0745899,-0.976317],"extended":false,"handId":217,"id":2170,"length":47.7925,"mcpPosition":[-49.396,249.342,20.1345],"pipPosition":[-68.7096,262.761,-19.1385],"stabilizedTipPosition":[-72.7862,242.641,-14.6897],"timeVisible":0.442879,"tipPosition":[-53.009,262.624,-63.3202],"tipVelocity":[51.4569,83.3076,-231.053],"tool":false,"touchDistance":-0.652764,"touchZone":"hovering","type":0,"width":18.5699},{"bases":[[[0.991326,0.0351951,-0.126623],[0.0178571,0.918468,0.395092],[0.130205,-0.393926,0.909873]],[[0.999597,-0.00768668,-0.0273101],[0.0154915,0.95431,0.298418],[0.0237684,-0.298721,0.954044]],[[0.999597,-0.00768668,-0.0273101],[0.0128437,0.980914,0.194015],[0.0252975,-0.194288,0.980618]],[[0.999597,-0.00768668,-0.0273101],[0.0106894,0.9937,0.111565],[0.0262804,-0.111812,0.993382]]],"btipPosition":[-51.6284,313.733,-114.936],"carpPosition":[-40.9352,269.329,21.3362],"dipPosition":[-51.2167,311.981,-99.372],"direction":[-0.0252975,0.194288,-0.980618],"extended":true,"handId":217,"id":2171,"length":53.9285,"mcpPosition":[-49.7195,295.905,-40.0491],"pipPosition":[-50.6559,307.674,-77.6365],"stabilizedTipPosition":[-70.949,292.912,-66.0702],"timeVisible":0.442879,"tipPosition":[-51.0059,311.698,-111.576],"tipVelocity":[46.9227,92.3603,-199.57],"tool":false,"touchDistance":-0.63269,"touchZone":"hovering","type":1,"width":17.738},{"bases":[[[0.982137,-0.175445,-0.0680177],[0.18805,0.902324,0.387877],[-0.006677,-0.393739,0.919198]],[[0.982081,-0.177737,-0.0626596],[0.0844967,0.712466,-0.696601],[0.168454,0.678824,0.714718]],[[0.982081,-0.177737,-0.0626596],[-0.0931746,-0.168915,-0.981217],[0.163814,0.969473,-0.182449]],[[0.982081,-0.177737,-0.0626596],[-0.15895,-0.602561,-0.782084],[0.101249,0.77803,-0.620015]]],"btipPosition":[-42.9396,227.866,-54.912],"carpPosition":[-29.9043,271.368,20.047],"dipPosition":[-41.1948,241.274,-65.5966],"direction":[-0.163814,-0.969473,0.182449],"extended":false,"handId":217,"id":2172,"length":61.4471,"mcpPosition":[-29.4771,296.56,-38.7629],"pipPosition":[-36.923,266.555,-70.3544],"stabilizedTipPosition":[-73.079,209.859,1.69661],"timeVisible":0.442879,"tipPosition":[-42.5106,230.861,-56.8114],"tipVelocity":[125.835,25.5543,-181.295],"tool":false,"touchDistance":0.333333,"touchZone":"none","type":2,"width":17.4211},{"bases":[[[0.95346,-0.298993,0.0389463],[0.25743,0.874472,0.41113],[-0.156983,-0.381971,0.910744]],[[0.952637,-0.300961,0.0436487],[0.239827,0.655235,-0.716345],[0.186992,0.692885,0.69638]],[[0.952637,-0.300961,0.0436487],[-0.0227656,-0.213702,-0.976634],[0.303257,0.929383,-0.210432]],[[0.952637,-0.300961,0.0436487],[-0.158652,-0.614287,-0.772969],[0.259447,0.729434,-0.63294]]],"btipPosition":[-29.5269,227.887,-45.7447],"carpPosition":[-18.7337,270.443,18.9132],"dipPosition":[-25.0816,240.385,-56.5894],"direction":[-0.303257,-0.929383,0.210432],"extended":false,"handId":217,"id":2173,"length":59.0831,"mcpPosition":[-9.71615,292.384,-33.4026],"pipPosition":[-17.3777,263.995,-61.9352],"stabilizedTipPosition":[-54.1752,211.489,-0.908645],"timeVisible":0.442879,"tipPosition":[-28.4754,230.709,-47.6102],"tipVelocity":[115.876,48.4365,-175.028],"tool":false,"touchDistance":0.333333,"touchZone":"none","type":3,"width":16.5772},{"bases":[[[0.873154,-0.481543,0.0756237],[0.387707,0.780118,0.491019],[-0.295442,-0.399415,0.86786]],[[0.816929,-0.537542,0.208988],[0.528849,0.553613,-0.643297],[0.230101,0.636051,0.736541]],[[0.816929,-0.537542,0.208988],[0.101059,-0.223338,-0.969488],[0.567816,0.813123,-0.128127]],[[0.816929,-0.537542,0.208988],[-0.166549,-0.566802,-0.806844],[0.552168,0.624327,-0.552563]]],"btipPosition":[-18.8605,239.07,-41.6847],"carpPosition":[-8.19695,262.909,17.3136],"dipPosition":[-10.1325,248.939,-50.4189],"direction":[-0.567816,-0.813123,0.128127],"extended":false,"handId":217,"id":2174,"length":46.32,"mcpPosition":[7.513,284.148,-28.8343],"pipPosition":[0.0518537,263.523,-52.717],"stabilizedTipPosition":[-37.9268,223.012,-2.95531],"timeVisible":0.442879,"tipPosition":[-16.7866,241.346,-43.4122],"tipVelocity":[97.6218,68.0627,-171.744],"tool":false,"touchDistance":0.333333,"touchZone":"none","type":4,"width":14.7252}],"r":[[0.838108,0.0442481,0.543706],[-0.0475554,0.998837,-0.00798239],[-0.543427,-0.0191661,0.839238]],"s":0.962565,"t":[115.182,115.424,-183.425],"timestamp":2785264835},false],[6,{"currentFrameRate":109.658,"devices":[],"gestures":[],"hands":[{"armBasis":[[0.942784,0.123398,-0.309727],[0.0220763,0.903842,0.427296],[0.332672,-0.409686,0.849404]],"armWidth":58.4334,"confidence":0.664772,"direction":[0.0411974,0.524991,-0.85011],"elbow":[59.7562,156.936,232.119],"grabStrength":0,"id":217,"palmNormal":[-0.017566,-0.85032,-0.525972],"palmPosition":[-27.6257,281.259,-22.5541],"palmVelocity":[25.38,51.0925,-178.745],"palmWidth":83.4409,"pinchStrength":0.626159,"r":[[0.832927,0.0548676,0.550656],[-0.0597601,0.998172,-0.00906458],[-0.550147,-0.0253571,0.834683]],"s":0.968963,"sphereCenter":[-28.0847,254.757,-59.6364],"sphereRadius":43.502,"stabilizedPalmPosition":[-43.9117,259.699,27.8534],"t":[115.387,115.791,-184.925],"timeVisible":0.452018,"type":"right","wrist":[-22.6129,258.374,21.8073]}],"id":266332,"interactionBox":{"center":[0,200,0],"size":[235.247,235.247,147.751]},"pointables":[{"bases":[[[0.425744,0.848264,0.314945],[-0.812209,0.204846,0.546219],[0.398822,-0.488351,0.776179]],[[0.334758,0.930479,0.148819],[-0.844748,0.226354,0.484938],[0.417539,-0.288051,0.861793]],[[0.334758,0.930479,0.148819],[-0.918336,0.357542,-0.169773],[-0.21118,-0.0798328,0.974182]],[[0.334758,0.930479,0.148819],[-0.785818,0.362819,-0.500852],[-0.520026,0.0507192,0.852643]]],"btipPosition":[-50.3825,263.856,-69.6174],"carpPosition":[-49.0328,249.262,18.5911],"dipPosition":[-61.5432,264.944,-51.318],"direction":[0.21118,0.0798328,-0.974182],"extended":false,"handId":217,"id":2170,"length":47.7925,"mcpPosition":[-49.0328,249.262,18.5911],"pipPosition":[-68.1461,262.448,-20.8585],"stabilizedTipPosition":[-72.5001,242.951,-15.4213],"timeVisible":0.452018,"tipPosition":[-52.2178,262.757,-64.9857],"tipVelocity":[61.4023,63.0297,-217.976],"tool":false,"touchDistance":-0.64105,"touchZone":"hovering","type":0,"width":18.5699},{"bases":[[[0.991732,0.0520649,-0.117293],[-0.00148547,0.918596,0.395195],[0.12832,-0.391753,0.911078]],[[0.999732,0.0104962,-0.0206397],[-0.0036818,0.952077,0.305837],[0.0228607,-0.305679,0.95186]],[[0.999732,0.0104962,-0.0206397],[-0.00611514,0.979394,0.201865],[0.0223332,-0.201684,0.979196]],[[0.999732,0.0104962,-0.0206397],[-0.00795686,0.992805,0.119477],[0.0217453,-0.119281,0.992622]]],"btipPosition":[-51.3184,314.202,-116.353],"carpPosition":[-40.9248,269.39,19.8713],"dipPosition":[-50.9777,312.333,-100.801],"direction":[-0.0223332,0.201684,-0.979196],"extended":true,"handId":217,"id":2171,"length":53.9285,"mcpPosition":[-49.582,295.82,-41.5953],"pipPosition":[-50.4827,307.863,-79.0966],"stabilizedTipPosition":[-70.4897,293.398,-67.1586],"timeVisible":0.452018,"tipPosition":[-50.6757,312.149,-113.007],"tipVelocity":[42.8087,80.1516,-187.259],"tool":false,"touchDistance":-0.619045,"touchZone":"hovering","type":1,"width":17.738},{"bases":[[[0.985575,-0.158707,-0.0587652],[0.169018,0.90535,0.389582],[-0.00862654,-0.393895,0.919115]],[[0.985508,-0.161014,-0.0533755],[0.0784872,0.711778,-0.698006],[0.15038,0.683701,0.7141]],[[0.985508,-0.161014,-0.0533755],[-0.081445,-0.173123,-0.981527],[0.148799,0.97165,-0.183728]],[[0.985508,-0.161014,-0.0533755],[-0.141478,-0.6066,-0.782318],[0.0935865,0.778532,-0.620589]]],"btipPosition":[-41.5067,227.844,-56.1973],"carpPosition":[-29.9186,271.617,18.6859],"dipPosition":[-39.8939,241.26,-66.8918],"direction":[-0.148799,-0.97165,0.183728],"extended":false,"handId":217,"id":2172,"length":61.4471,"mcpPosition":[-29.3667,296.819,-40.1187],"pipPosition":[-36.0137,266.598,-71.6829],"stabilizedTipPosition":[-72.2537,210.403,0.13729],"timeVisible":0.452018,"tipPosition":[-41.1127,230.874,-58.2056],"tipVelocity":[133.522,17.833,-170.054],"tool":false,"touchDistance":0.333333,"touchZone":"none","type":2,"width":17.4211},{"bases":[[[0.957999,-0.282737,0.0479306],[0.238639,0.87868,0.413489],[-0.159024,-0.384684,0.909247]],[[0.957134,-0.284793,0.0528001],[0.235483,0.658973,-0.714355],[0.16865,0.696167,0.697789]],[[0.957134,-0.284793,0.0528001],[-0.00979439,-0.21401,-0.976782],[0.289481,0.934394,-0.207626]],[[0.957134,-0.284793,0.0528001],[-0.140752,-0.616641,-0.774559],[0.253148,0.733925,-0.630294]]],"btipPosition":[-28.1902,228.144,-47.089],"carpPosition":[-18.7237,270.882,17.6573],"dipPosition":[-23.8528,240.718,-57.8883],"direction":[-0.289481,-0.934394,0.207626],"extended":false,"handId":217,"id":2173,"length":59.0831,"mcpPosition":[-9.58887,292.979,-34.5725],"pipPosition":[-16.4989,264.456,-63.1628],"stabilizedTipPosition":[-53.2814,212.136,-2.52075],"timeVisible":0.452018,"tipPosition":[-27.1665,230.99,-48.9611],"tipVelocity":[123.573,43.302,-166.939],"tool":false,"touchDistance":0.333333,"touchZone":"none","type":3,"width":16.5772},{"bases":[[[0.880468,-0.46663,0.0838602],[0.369745,0.786546,0.494605],[-0.296758,-0.404477,0.865063]],[[0.824003,-0.523552,0.216591],[0.525005,0.5618,-0.639336],[0.213045,0.640526,0.737793]],[[0.824003,-0.523552,0.216591],[0.113066,-0.222638,-0.968322],[0.555189,0.82239,-0.124258]],[[0.824003,-0.523552,0.216591],[-0.149976,-0.570188,-0.807709],[0.546375,0.633071,-0.548357]]],"btipPosition":[-17.7683,239.51,-42.8688],"carpPosition":[-8.04575,263.529,16.1573],"dipPosition":[-9.13187,249.516,-51.5365],"direction":[-0.555189,-0.82239,0.124258],"extended":false,"handId":217,"id":2174,"length":46.32,"mcpPosition":[7.73415,285.036,-29.8419],"pipPosition":[0.826036,264.267,-53.7652],"stabilizedTipPosition":[-37.1385,223.682,-4.447],"timeVisi