{"sensorType":"Leap","data":[[0,{"currentFrameRate":110.616,"devices":[],"gestures":[],"hands":[{"armBasis":[[0.916935,0.279551,-0.284749],[-0.107937,0.860747,0.497458],[0.384162,-0.425401,0.819423]],"armWidth":58.4334,"confidence":0.639875,"direction":[-0.0146989,0.535128,-0.844643],"elbow":[65.0274,159.865,234.005],"grabStrength":0,"id":210,"palmNormal":[0.107415,-0.839001,-0.533422],"palmPosition":[-37.3421,287.68,-13.139],"palmVelocity":[16.9276,-1.27074,-151.614],"palmWidth":83.4409,"pinchStrength":0.545535,"r":[[0.693532,0.241747,0.678655],[-0.244086,0.965151,-0.0943654],[-0.677817,-0.100205,0.72837]],"s":1.05616,"sphereCenter":[-35.3011,263.691,-49.1502],"sphereRadius":42.8253,"stabilizedPalmPosition":[-55.2305,261.115,71.7062],"t":[96.7522,113.193,-199.146],"timeVisible":0.614705,"type":"right","wrist":[-30.0907,265.194,31.1164]}],"id":263767,"interactionBox":{"center":[0,200,0],"size":[235.247,235.247,147.751]},"pointables":[{"bases":[[[0.301083,0.894509,0.330458],[-0.842351,0.0870448,0.531853],[0.446983,-0.438493,0.779699]],[[0.199493,0.96713,0.157674],[-0.900596,0.117546,0.418461],[0.386173,-0.225481,0.894443]],[[0.199493,0.96713,0.157674],[-0.967832,0.219643,-0.122708],[-0.153307,-0.128123,0.979837]],[[0.199493,0.96713,0.157674],[-0.855127,0.250397,-0.453937],[-0.478497,-0.0442744,0.876972]]],"btipPosition":[-57.5841,267.906,-63.0984],"carpPosition":[-54.9695,252.628,27.3036],"dipPosition":[-67.8535,266.956,-44.2769],"direction":[0.153307,0.128123,-0.979837],"extended":false,"handId":210,"id":2100,"length":47.7925,"mcpPosition":[-54.9695,252.628,27.3036],"pipPosition":[-72.6469,262.95,-13.6405],"stabilizedTipPosition":[-88.5107,241.42,21.7999],"timeVisible":0.614705,"tipPosition":[-59.2542,266.404,-58.8099],"tipVelocity":[36.5208,1.97094,-158.074],"tool":false,"touchDistance":-0.53885,"touchZone":"hovering","type":0,"width":18.5699},{"bases":[[[0.977525,0.187017,-0.09731],[-0.133136,0.905518,0.40288],[0.163462,-0.38087,0.910065]],[[0.987586,0.155397,-0.0229146],[-0.139616,0.935256,0.325274],[0.0719776,-0.318037,0.945342]],[[0.987586,0.155397,-0.0229146],[-0.147171,0.96639,0.210787],[0.0549001,-0.204798,0.977263]],[[0.987586,0.155397,-0.0229146],[-0.151624,0.981206,0.119351],[0.0410307,-0.114395,0.992588]]],"btipPosition":[-65.4107,318.21,-106.942],"carpPosition":[-49.6872,273.652,28.9141],"dipPosition":[-64.7679,316.418,-91.3898],"direction":[-0.0549001,0.204798,-0.977263],"extended":true,"handId":210,"id":2101,"length":53.9285,"mcpPosition":[-60.7152,299.348,-32.4841],"pipPosition":[-63.551,311.878,-69.7287],"stabilizedTipPosition":[-91.8212,297.117,-15.8627],"timeVisible":0.614705,"tipPosition":[-64.5666,316.487,-103.616],"tipVelocity":[38.5509,-5.50041,-167.443],"tool":false,"touchDistance":-0.564002,"touchZone":"hovering","type":1,"width":17.738},{"bases":[[[0.9989,-0.0232862,-0.0407082],[0.0376645,0.915517,0.400511],[0.0279426,-0.401604,0.915387]],[[0.999285,-0.033144,-0.0182107],[0.00863485,0.668792,-0.7434],[0.0368184,0.742711,0.6686]],[[0.999285,-0.033144,-0.0182107],[-0.0320993,-0.488772,-0.871821],[0.0199948,0.871782,-0.489486]],[[0.999285,-0.033144,-0.0182107],[-0.0377959,-0.891532,-0.451378],[-0.00127489,0.451743,-0.892147]]],"btipPosition":[-42.9787,239.708,-32.016],"carpPosition":[-39.0641,277.361,27.9645],"dipPosition":[-43.0007,247.493,-47.3903],"direction":[-0.0199948,-0.871782,0.489486],"extended":false,"handId":210,"id":2102,"length":61.4471,"mcpPosition":[-40.8519,303.055,-30.6016],"pipPosition":[-42.4793,270.226,-60.1547],"stabilizedTipPosition":[-78.2879,217.999,52.128],"timeVisible":0.614705,"tipPosition":[-42.9354,241.628,-35.7439],"tipVelocity":[42.0659,-16.4374,-117.129],"tool":false,"touchDistance":0.333333,"touchZone":"none","type":2,"width":17.4211},{"bases":[[[0.986424,-0.151081,0.0643667],[0.109807,0.898245,0.425556],[-0.12211,-0.41271,0.90264]],[[0.981615,-0.165252,0.09552],[0.179413,0.628038,-0.757219],[0.0651418,0.760434,0.646139]],[[0.981615,-0.165252,0.09552],[-0.00387026,-0.517568,-0.855633],[0.190833,0.839533,-0.508692]],[[0.981615,-0.165252,0.09552],[-0.106587,-0.889718,-0.443893],[0.15834,0.425551,-0.890974]]],"btipPosition":[-31.0713,242.09,-22.9858],"carpPosition":[-27.8558,278.158,27.1501],"dipPosition":[-28.3584,249.381,-38.2516],"direction":[-0.190833,-0.839533,0.508692],"extended":false,"handId":210,"id":2103,"length":59.0831,"mcpPosition":[-20.8415,301.865,-24.7002],"pipPosition":[-23.5105,270.708,-51.1743],"stabilizedTipPosition":[-58.6157,221.878,44.7737],"timeVisible":0.614705,"tipPosition":[-30.2769,243.895,-26.9398],"tipVelocity":[34.2776,-6.43342,-126.186],"tool":false,"touchDistance":0.333333,"touchZone":"none","type":3,"width":16.5772},{"bases":[[[0.933867,-0.344157,0.0971999],[0.250672,0.823797,0.50845],[-0.25506,-0.450459,0.855588]],[[0.893727,-0.39878,0.205491],[0.418242,0.575004,-0.703167],[0.162251,0.714384,0.680683]],[[0.893727,-0.39878,0.205491],[-0.0207869,-0.494379,-0.868998],[0.44813,0.772375,-0.450129]],[[0.893727,-0.39878,0.205491],[-0.255868,-0.82937,-0.496666],[0.368488,0.391305,-0.843265]]],"btipPosition":[-21.8154,253.083,-20.366],"carpPosition":[-16.2546,272.333,25.7981],"dipPosition":[-15.9908,259.268,-33.6953],"direction":[-0.44813,-0.772375,0.450129],"extended":false,"handId":210,"id":2104,"length":46.32,"mcpPosition":[-2.69199,296.286,-19.6973],"pipPosition":[-7.95308,273.122,-41.7688],"stabilizedTipPosition":[-44.0048,232.955,41.815],"timeVisible":0.614705,"tipPosition":[-20.3769,254.594,-23.6645],"tipVelocity":[31.755,-1.2235,-129.962],"tool":false,"touchDistance":0.333333,"touchZone":"none","type":4,"width":14.7252}],"r":[[0.693532,0.241747,0.678655],[-0.244086,0.965151,-0.0943654],[-0.677817,-0.100205,0.72837]],"s":1.05616,"t":[96.7522,113.193,-199.146],"timestamp":2761665411},false],[1,{"currentFrameRate":110.676,"devices":[],"gestures":[],"hands":[{"armBasis":[[0.916349,0.282206,-0.284015],[-0.111837,0.86154,0.495218],[0.384444,-0.422029,0.821032]],"armWidth":58.4334,"confidence":0.642211,"direction":[-0.0118285,0.533443,-0.845753],"elbow":[65.1253,160.797,233.186],"grabStrength":0,"id":210,"palmNormal":[0.111438,-0.83984,-0.531272],"palmPosition":[-37.1532,287.677,-14.4334],"palmVelocity":[18.0809,-1.02102,-149.795],"palmWidth":83.4409,"pinchStrength":0.546094,"r":[[0.689329,0.245653,0.681528],[-0.246479,0.964158,-0.0982256],[-0.68123,-0.100273,0.72517]],"s":1.05872,"sphereCenter":[-35.3756,263.777,-50.3517],"sphereRadius":42.7888,"stabilizedPalmPosition":[-55.2299,261.116,71.7036],"t":[96.926,113.183,-200.43],"timeVisible":0.623635,"type":"right","wrist":[-30.0627,265.291,29.8989]}],"id":263768,"interactionBox":{"center":[0,200,0],"size":[235.247,235.247,147.751]},"pointables":[{"bases":[[[0.297881,0.895722,0.330074],[-0.844945,0.0864953,0.527813],[0.444224,-0.43612,0.782601]],[[0.197079,0.967751,0.156902],[-0.902894,0.116799,0.41369],[0.382023,-0.223196,0.896796]],[[0.197079,0.967751,0.156902],[-0.967661,0.217716,-0.127402],[-0.157454,-0.12672,0.979362]],[[0.197079,0.967751,0.156902],[-0.85417,0.248045,-0.457019],[-0.4812,-0.0439522,0.875509]]],"btipPosition":[-57.137,267.794,-64.4665],"carpPosition":[-54.9,252.671,25.9969],"dipPosition":[-67.4645,266.85,-45.6765],"direction":[0.157454,0.12672,-0.979362],"extended":false,"handId":210,"id":2100,"length":47.7925,"mcpPosition":[-54.9,252.671,25.9969],"pipPosition":[-72.3876,262.888,-15.0549],"stabilizedTipPosition":[-88.4986,241.431,21.7656],"timeVisible":0.623635,"tipPosition":[-58.8344,266.317,-60.1717],"tipVelocity":[39.8069,-1.95514,-156.967],"tool":false,"touchDistance":-0.533929,"touchZone":"hovering","type":0,"width":18.5699},{"bases":[[[0.977608,0.188672,-0.0931944],[-0.136685,0.906052,0.400483],[0.159999,-0.378777,0.911553]],[[0.987201,0.15812,-0.020798],[-0.142643,0.933754,0.328262],[0.0713249,-0.321094,0.944358]],[[0.987201,0.15812,-0.020798],[-0.150116,0.965324,0.213576],[0.0538473,-0.20772,0.976705]],[[0.987201,0.15812,-0.020798],[-0.154476,0.980465,0.121761],[0.0396445,-0.11699,0.992342]]],"btipPosition":[-65.0839,318.351,-108.311],"carpPosition":[-49.6647,273.708,27.5903],"dipPosition":[-64.4628,316.518,-92.7628],"direction":[-0.0538473,0.20772,-0.976705],"extended":true,"handId":210,"id":2101,"length":53.9285,"mcpPosition":[-60.4592,299.263,-33.9083],"pipPosition":[-63.2692,311.913,-71.1141],"stabilizedTipPosition":[-91.8173,297.12,-15.8755],"timeVisible":0.623635,"tipPosition":[-64.2312,316.616,-104.991],"tipVelocity":[37.8658,0.00887657,-163.62],"tool":false,"touchDistance":-0.556487,"touchZone":"hovering","type":1,"width":17.738},{"bases":[[[0.999118,-0.0214792,-0.0360815],[0.0341051,0.91637,0.398878],[0.0244964,-0.399756,0.916294]],[[0.999418,-0.0314048,-0.0133044],[0.0110924,0.668165,-0.743931],[0.0322525,0.74335,0.668124]],[[0.999418,-0.0314048,-0.0133044],[-0.026982,-0.489406,-0.871639],[0.0208623,0.87149,-0.489968]],[[0.999418,-0.0314048,-0.0133044],[-0.0340299,-0.892014,-0.450724],[0.00228714,0.450915,-0.892564]]],"btipPosition":[-42.6207,239.658,-33.3157],"carpPosition":[-39.0444,277.435,26.682],"dipPosition":[-42.5813,247.428,-48.6971],"direction":[-0.0208623,-0.87149,0.489968],"extended":false,"handId":210,"id":2102,"length":61.4471,"mcpPosition":[-40.6117,303.011,-31.9421],"pipPosition":[-42.0373,270.154,-61.4741],"stabilizedTipPosition":[-78.2259,218.04,51.9734],"timeVisible":0.623635,"tipPosition":[-42.5617,241.568,-37.0105],"tipVelocity":[41.9585,-13.596,-124.93],"tool":false,"touchDistance":0.333333,"touchZone":"none","type":2,"width":17.4211},{"bases":[[[0.9864,-0.149091,0.0691862],[0.106164,0.899283,0.424287],[-0.125475,-0.411171,0.902881]],[[0.981453,-0.163267,0.100471],[0.181428,0.621769,-0.761897],[0.0619231,0.765994,0.639858]],[[0.981453,-0.163267,0.100471],[-0.000168987,-0.524829,-0.851208],[0.191704,0.835403,-0.515123]],[[0.981453,-0.163267,0.100471],[-0.103597,-0.892678,-0.438627],[0.161301,0.420084,-0.893035]]],"btipPosition":[-30.7972,242.066,-23.7763],"carpPosition":[-27.834,278.252,25.9175],"dipPosition":[-28.0335,249.263,-39.0774],"direction":[-0.191704,-0.835403,0.515123],"extended":false,"handId":210,"id":2103,"length":59.0831,"mcpPosition":[-20.6263,301.87,-25.9467],"pipPosition":[-23.1635,270.486,-52.1634],"stabilizedTipPosition":[-58.5819,221.904,44.6881],"timeVisible":0.623635,"tipPosition":[-29.9869,243.854,-27.8353],"tipVelocity":[33.6577,-6.06732,-116.158],"tool":false,"touchDistance":0.333333,"touchZone":"none","type":3,"width":16.5772},{"bases":[[[0.934057,-0.342202,0.102158],[0.246787,0.825264,0.507972],[-0.258136,-0.449263,0.855294]],[[0.893526,-0.396685,0.210363],[0.420369,0.574388,-0.702402],[0.157802,0.716044,0.679985]],[[0.893526,-0.396685,0.210363],[-0.0158559,-0.496086,-0.868128],[0.448731,0.77236,-0.449556]],[[0.893526,-0.396685,0.210363],[-0.251994,-0.830788,-0.496276],[0.371632,0.390426,-0.842293]]],"btipPosition":[-21.5292,253.093,-21.5213],"carpPosition":[-16.2158,272.446,24.6301],"dipPosition":[-15.6549,259.264,-34.8352],"direction":[-0.448731,-0.77236,0.449556],"extended":false,"handId":210,"id":2104,"length":46.32,"mcpPosition":[-2.48957,296.336,-20.8496],"pipPosition":[-7.60639,273.117,-42.8985],"stabilizedTipPosition":[-43.9863,232.972,41.7632],"timeVisible":0.623635,"tipPosition":[-20.0788,254.601,-24.8143],"tipVelocity":[32.1845,-0.689612,-129.694],"tool":false,"touchDistance":0.333333,"touchZone":"none","type":4,"width":14.7252}],"r":[[0.689329,0.245653,0.681528],[-0.246479,0.964158,-0.0982256],[-0.68123,-0.100273,0.72517]],"s":1.05872,"t":[96.926,113.183,-200.43],"timestamp":2761674341},false],[2,{"currentFrameRate":110.626,"devices":[],"gestures":[],"hands":[{"armBasis":[[0.916214,0.283657,-0.283003],[-0.114164,0.861817,0.494205],[0.384081,-0.420489,0.821992]],"armWidth":58.4334,"confidence":0.645193,"direction":[-0.00882842,0.529691,-0.848145],"elbow":[65.0427,161.3,232.599],"grabStrength":0,"id":210,"palmNormal":[0.113909,-0.842124,-0.527117],"palmPosition":[-36.986,287.599,-15.3835],"palmVelocity":[18.1484,-3.11333,-137.098],"palmWidth":83.4409,"pinchStrength":0.546714,"r":[[0.685393,0.249449,0.684114],[-0.248395,0.963235,-0.102365],[-0.684497,-0.0997708,0.722156]],"s":1.06118,"sphereCenter":[-35.5273,263.695,-51.1562],"sphereRadius":42.7557,"stabilizedPalmPosition":[-55.2295,261.116,71.7015],"t":[97.0966,113.139,-201.547],"timeVisible":0.632762,"type":"right","wrist":[-30.0555,265.413,29.0745]}],"id":263769,"interactionBox":{"center":[0,200,0],"size":[235.247,235.247,147.751]},"pointables":[{"bases":[[[0.296156,0.897327,0.327254],[-0.84702,0.0883924,0.524159],[0.441416,-0.432424,0.786232]],[[0.196085,0.968491,0.153542],[-0.904724,0.118293,0.409245],[0.378187,-0.21916,0.899413]],[[0.196085,0.968491,0.153542],[-0.967278,0.216747,-0.131884],[-0.161008,-0.122657,0.979302]],[[0.196085,0.968491,0.153542],[-0.853209,0.245684,-0.46008],[-0.483306,-0.0407886,0.874501]]],"btipPosition":[-56.7764,267.506,-65.4272],"carpPosition":[-54.8713,252.763,25.1325],"dipPosition":[-67.1491,266.63,-46.6588],"direction":[0.161008,0.122657,-0.979302],"extended":false,"handId":210,"id":2100,"length":47.7925,"mcpPosition":[-54.8713,252.763,25.1325],"pipPosition":[-72.1833,262.795,-16.0391],"stabilizedTipPosition":[-88.4874,241.441,21.734],"timeVisible":0.632762,"tipPosition":[-58.4981,266.067,-61.121],"tipVelocity":[39.4088,-9.69551,-142.75],"tool":false,"touchDistance":-0.523354,"touchZone":"hovering","type":0,"width":18.5699},{"bases":[[[0.977866,0.188764,-0.0902541],[-0.138683,0.907744,0.395939],[0.156667,-0.374659,0.913831]],[[0.98701,0.159435,-0.0198117],[-0.144151,0.933271,0.328976],[0.0709399,-0.321846,0.944131]],[[0.98701,0.159435,-0.0198117],[-0.151585,0.965005,0.213981],[0.0532344,-0.208198,0.976637]],[[0.98701,0.159435,-0.0198117],[-0.155898,0.980243,0.121734],[0.0388289,-0.117064,0.992365]]],"btipPosition":[-64.8055,318.216,-109.392],"carpPosition":[-49.6527,273.81,26.6529],"dipPosition":[-64.1972,316.381,-93.8434],"direction":[-0.0532344,0.208198,-0.976637],"extended":true,"handId":210,"id":2101,"length":53.9285,"mcpPosition":[-60.2223,299.087,-34.9994],"pipPosition":[-63.0172,311.767,-72.1962],"stabilizedTipPosition":[-91.8137,297.123,-15.8876],"timeVisible":0.632762,"tipPosition":[-63.9451,316.48,-106.074],"tipVelocity":[35.7298,-4.11011,-151.061],"tool":false,"touchDistance":-0.545384,"touchZone":"hovering","type":1,"width":17.738},{"bases":[[[0.999261,-0.0211222,-0.0321292],[0.0321063,0.918143,0.394947],[0.021157,-0.395687,0.918142]],[[0.999477,-0.03106,-0.00904412],[0.0139364,0.665704,-0.746086],[0.0291941,0.745569,0.665788]],[[0.999477,-0.03106,-0.00904412],[-0.0231678,-0.492121,-0.870218],[0.0225782,0.869972,-0.492583]],[[0.999477,-0.03106,-0.00904412],[-0.0318205,-0.893542,-0.44785],[0.00582893,0.447904,-0.894063]]],"btipPosition":[-42.3641,239.494,-34.1494],"carpPosition":[-39.0308,277.538,25.7692],"dipPosition":[-42.2636,247.212,-49.5567],"direction":[-0.0225782,-0.869972,0.492583],"extended":false,"handId":210,"id":2102,"length":61.4471,"mcpPosition":[-40.3844,302.854,-32.9731],"pipPosition":[-41.6749,269.899,-62.4019],"stabilizedTipPosition":[-78.1704,218.076,51.8346],"timeVisible":0.632762,"tipPosition":[-42.2899,241.386,-37.8161],"tipVelocity":[38.5401,-15.1751,-115.781],"tool":false,"touchDistance":0.333333,"touchZone":"none","type":2,"width":17.4211},{"bases":[[[0.9862,-0.148274,0.0736524],[0.104075,0.901206,0.42071],[-0.128756,-0.407239,0.904201]],[[0.98112,-0.162361,0.105085],[0.183837,0.614177,-0.767457],[0.060064,0.772286,0.63243]],[[0.98112,-0.162361,0.105085],[0.0023714,-0.533213,-0.845978],[0.193386,0.830255,-0.522761]],[[0.98112,-0.162361,0.105085],[-0.102069,-0.896213,-0.431723],[0.164273,0.412846,-0.895864]]],"btipPosition":[-30.6102,241.942,-24.1783],"carpPosition":[-27.818,278.357,25.0444],"dipPosition":[-27.7955,249.016,-39.5279],"direction":[-0.193386,-0.830255,0.522761],"extended":false,"handId":210,"id":2103,"length":59.0831,"mcpPosition":[-20.4219,301.75,-26.8956],"pipPosition":[-22.8828,270.107,-52.8079],"stabilizedTipPosition":[-58.5519,221.927,44.6121],"timeVisible":0.632762,"tipPosition":[-29.7862,243.699,-28.3171],"tipVelocity":[30.3556,-9.01136,-96.4614],"tool":false,"touchDistance":0.333333,"touchZone":"none","type":3,"width":16.5772},{"bases":[[[0.933826,-0.341264,0.107276],[0.244411,0.82763,0.505264],[-0.261213,-0.445609,0.856271]],[[0.892895,-0.395299,0.215586],[0.422714,0.571019,-0.70374],[0.155084,0.719497,0.676959]],[[0.892895,-0.395299,0.215586],[-0.0123949,-0.500195,-0.865824],[0.450094,0.770418,-0.451521]],[[0.892895,-0.395299,0.215586],[-0.249657,-0.833103,-0.49357],[0.374712,0.386884,-0.842563]]],"btipPosition":[-21.3267,252.983,-22.2382],"carpPosition":[-16.192,272.552,23.8276],"dipPosition":[-15.4037,259.099,-35.5564],"direction":[-0.450094,-0.770418,0.451521],"extended":false,"handId":210,"id":2104,"length":46.32,"mcpPosition":[-2.30214,296.247,-21.7041],"pipPosition":[-7.33083,272.917,-43.6549],"stabilizedTipPosition":[-43.9707,232.986,41.7197],"timeVisible":0.632762,"tipPosition":[-19.8629,254.479,-25.5348],"tipVelocity":[29.7455,-4.23082,-115.512],"tool":false,"touchDistance":0.333333,"touchZone":"none","type":4,"width":14.7252}],"r":[[0.685393,0.249449,0.684114],[-0.248395,0.963235,-0.102365],[-0.684497,-0.0997708,0.722156]],"s":1.06118,"t":[97.0966,113.139,-201.547],"timestamp":2761683468},false],[3,{"currentFrameRate":110.683,"devices":[],"gestures":[],"hands":[{"armBasis":[[0.916786,0.28348,-0.281323],[-0.115687,0.862699,0.492308],[0.382256,-0.418796,0.823705]],"armWidth":58.4334,"confidence":0.621534,"direction":[-0.00570292,0.526991,-0.849852],"elbow":[64.5054,162.164,231.143],"grabStrength":0,"id":210,"palmNormal":[0.115555,-0.843825,-0.524029],"palmPosition":[-36.909,287.904,-17.3582],"palmVelocity":[15.548,7.03856,-159.998],"palmWidth":83.4409,"pinchStrength":0.546694,"r":[[0.681757,0.252886,0.686481],[-0.249789,0.962429,-0.106469],[-0.687614,-0.0988898,0.71931]],"s":1.06388,"sphereCenter":[-35.8814,264.107,-52.9877],"sphereRadius":42.7141,"stabilizedPalmPosition":[-55.2291,261.117,71.6999],"t":[97.2204,113.269,-203.093],"timeVisible":0.641697,"type":"right","wrist":[-30.141,265.858,27.1943]}],"id":263770,"interactionBox":{"center":[0,200,0],"size":[235.247,235.247,147.751]},"pointables":[{"bases":[[[0.295226,0.898293,0.32544],[-0.848842,0.0902647,0.520884],[0.43853,-0.430026,0.789157]],[[0.195733,0.968953,0.151059],[-0.906728,0.120143,0.404239],[0.37354,-0.216093,0.902093]],[[0.195733,0.968953,0.151059],[-0.96657,0.216634,-0.137157],[-0.165623,-0.119163,0.978963]],[[0.195733,0.968953,0.151059],[-0.851147,0.244364,-0.464581],[-0.48707,-0.0376396,0.872551]]],"btipPosition":[-56.4132,267.627,-67.4249],"carpPosition":[-54.9459,253.201,23.205],"dipPosition":[-66.8666,266.819,-48.6983],"direction":[0.165623,0.119163,-0.978963],"extended":false,"handId":210,"id":2100,"length":47.7925,"mcpPosition":[-54.9459,253.201,23.205],"pipPosition":[-72.0451,263.093,-18.0893],"stabilizedTipPosition":[-88.4782,241.449,21.7076],"timeVisible":0.641697,"tipPosition":[-58.2273,266.273,-63.1137],"tipVelocity":[39.1806,-2.88508,-165.103],"tool":false,"touchDistance":-0.529462,"touchZone":"hovering","type":0,"width":18.5699},{"bases":[[[0.978226,0.18824,-0.0874037],[-0.13985,0.909033,0.392557],[0.153348,-0.371786,0.915565]],[[0.986921,0.160073,-0.0190813],[-0.144755,0.932068,0.332107],[0.0709464,-0.325001,0.943049]],[[0.986921,0.160073,-0.0190813],[-0.152194,0.96422,0.217063],[0.0531444,-0.211319,0.975971]],[[0.986921,0.160073,-0.0190813],[-0.15651,0.979796,0.124519],[0.0386279,-0.119904,0.992034]]],"btipPosition":[-64.6514,318.701,-111.422],"carpPosition":[-49.7274,274.251,24.6769],"dipPosition":[-64.0462,316.823,-95.8791],"direction":[-0.0531444,0.211319,-0.975971],"extended":true,"handId":210,"id":2101,"length":53.9285,"mcpPosition":[-60.0731,299.334,-37.0924],"pipPosition":[-62.8682,312.139,-74.2466],"stabilizedTipPosition":[-91.8107,297.125,-15.8976],"timeVisible":0.641697,"tipPosition":[-63.7813,316.933,-108.114],"tipVelocity":[30.665,11.5321,-171.89],"tool":false,"touchDistance":-0.549654,"touchZone":"hovering","type":1,"width":17.738},{"bases":[[[0.999362,-0.0214653,-0.028536],[0.0309446,0.919387,0.392134],[0.0178183,-0.392767,0.919465]],[[0.999492,-0.031434,-0.00517389],[0.0169513,0.662286,-0.74906],[0.0269725,0.748592,0.662482]],[[0.999492,-0.031434,-0.00517389],[-0.0200861,-0.495762,-0.868226],[0.0247268,0.867889,-0.496142]],[[0.999492,-0.031434,-0.00517389],[-0.0304541,-0.895129,-0.444766],[0.00934948,0.444698,-0.895632]]],"btipPosition":[-42.2397,239.719,-35.9186],"carpPosition":[-39.1015,277.974,23.8188],"dipPosition":[-42.0785,247.382,-51.3529],"direction":[-0.0247268,-0.867889,0.496142],"extended":false,"handId":210,"id":2102,"length":61.4471,"mcpPosition":[-40.2415,303.103,-35.0082],"pipPosition":[-41.4337,270.014,-64.2908],"stabilizedTipPosition":[-78.1286,218.103,51.7286],"timeVisible":0.641697,"tipPosition":[-42.151,241.603,-39.614],"tipVelocity":[32.2493,-4.54138,-138.408],"tool":false,"touchDistance":0.333333,"touchZone":"none","type":2,"width":17.4211},{"bases":[[[0.985897,-0.148276,0.077603],[0.102818,0.902515,0.418204],[-0.132048,-0.404327,0.905032]],[[0.980688,-0.162296,0.10914],[0.186538,0.60845,-0.771357],[0.058782,0.776819,0.626974]],[[0.980688,-0.162296,0.10914],[0.00445839,-0.539337,-0.842078],[0.19553,0.826302,-0.528197]],[[0.980688,-0.162296,0.10914],[-0.101238,-0.898698,-0.426723],[0.16734,0.407433,-0.897773]]],"btipPosition":[-30.5436,242.213,-25.7452],"carpPosition":[-27.886,278.788,23.1309],"dipPosition":[-27.6764,249.194,-41.1275],"direction":[-0.19553,-0.826302,0.528197],"extended":false,"handId":210,"id":2103,"length":59.0831,"mcpPosition":[-20.3008,302.014,-28.8568],"pipPosition":[-22.7092,270.185,-54.5456],"stabilizedTipPosition":[-58.5296,221.944,44.5547],"timeVisible":0.641697,"tipPosition":[-29.7067,243.945,-29.9337],"tipVelocity":[24.4753,1.08122,-118.223],"tool":false,"touchDistance":0.333333,"touchZone":"none","type":3,"width":16.5772},{"bases":[[[0.933356,-0.341146,0.111656],[0.242836,0.829175,0.503487],[-0.264344,-0.442818,0.856758]],[[0.892383,-0.394458,0.219215],[0.422326,0.55879,-0.713719],[0.159037,0.729491,0.665245]],[[0.892383,-0.394458,0.219215],[-0.0155065,-0.51228,-0.858679],[0.451012,0.762871,-0.463267]],[[0.892383,-0.394458,0.219215],[-0.2508,-0.83734,-0.485758],[0.375169,0.378504,-0.846158]]],"btipPosition":[-21.3773,253.203,-23.4707],"carpPosition":[-16.2572,272.976,21.9736],"dipPosition":[-15.4471,259.186,-36.8457],"direction":[-0.451012,-0.762871,0.463267],"extended":false,"handId":210,"id":2104,"length":46.32,"mcpPosition":[-2.20087,296.523,-23.5839],"pipPosition":[-7.35772,272.869,-45.1549],"stabilizedTipPosition":[-43.9595,232.996,41.6878],"timeVisible":0.641697,"tipPosition":[-19.8614,254.697,-26.9514],"tipVelocity":[20.1342,2.70671,-122.031],"tool":false,"touchDistance":0.333333,"touchZone":"none","type":4,"width":14.7252}],"r":[[0.681757,0.252886,0.686481],[-0.249789,0.962429,-0.106469],[-0.687614,-0.0988898,0.71931]],"s":1.06388,"t":[97.2204,113.269,-203.093],"timestamp":2761692403},false],[4,{"currentFrameRate":110.473,"devices":[],"gestures":[],"hands":[{"armBasis":[[0.918638,0.280673,-0.278078],[-0.115569,0.863917,0.490195],[0.377821,-0.418175,0.826064]],"armWidth":58.4334,"confidence":0.626434,"direction":[-0.00222336,0.523253,-0.852174],"elbow":[63.3816,162.545,230.548],"grabStrength":0,"id":210,"palmNormal":[0.115561,-0.846333,-0.519968],"palmPosition":[-36.7622,287.947,-18.6531],"palmVelocity":[15.5559,6.32534,-153.557],"palmWidth":83.4409,"pinchStrength":0.535091,"r":[[0.678519,0.255993,0.688534],[-0.250473,0.961768,-0.11075],[-0.690561,-0.0973128,0.716697]],"s":1.06725,"sphereCenter":[-36.1937,264.218,-54.0994],"sphereRadius":42.694,"stabilizedPalmPosition":[-55.2289,261.117,71.6986],"t":[97.3556,113.356,-204.513],"timeVisible":0.651119,"type":"right","wrist":[-30.1664,266.084,26.0158]}],"id":263771,"interactionBox":{"center":[0,200,0],"size":[235.247,235.247,147.751]},"pointables":[{"bases":[[[0.295906,0.899179,0.322361],[-0.850213,0.0940997,0.517961],[0.435405,-0.427343,0.792338]],[[0.197147,0.96921,0.14753],[-0.90796,0.123745,0.400371],[0.369787,-0.212884,0.904399]],[[0.197147,0.96921,0.14753],[-0.965665,0.217948,-0.141385],[-0.169185,-0.114591,0.9789]],[[0.197147,0.96921,0.14753],[-0.849441,0.244005,-0.467881],[-0.489473,-0.0330768,0.871391]]],"btipPosition":[-56.1151,267.493,-68.7],"carpPosition":[-54.9826,253.456,22.0087],"dipPosition":[-66.6201,266.784,-49.9983],"direction":[0.169185,0.114591,-0.9789],"extended":false,"handId":210,"id":2100,"length":47.7925,"mcpPosition":[-54.9826,253.456,22.0087],"pipPosition":[-71.91,263.201,-19.3912],"stabilizedTipPosition":[-88.47,241.456,21.6842],"timeVisible":0.651119,"tipPosition":[-57.9778,266.195,-64.3834],"tipVelocity":[36.6673,-5.41502,-156.778],"tool":false,"touchDistance":-0.524061,"touchZone":"hovering","type":0,"width":18.5699},{"bases":[[[0.978823,0.186075,-0.0853275],[-0.139347,0.911005,0.388138],[0.149957,-0.368029,0.917643]],[[0.98707,0.159141,-0.0191488],[-0.143729,0.931637,0.333757],[0.0709541,-0.32669,0.942465]],[[0.98707,0.159141,-0.0191488],[-0.151183,0.96402,0.218655],[0.0532568,-0.212933,0.975614]],[[0.98707,0.159141,-0.0191488],[-0.155524,0.979782,0.125854],[0.0387902,-0.121249,0.991864]]],"btipPosition":[-64.4305,318.822,-112.802],"carpPosition":[-49.7299,274.503,23.4034],"dipPosition":[-63.8227,316.923,-97.2618],"direction":[-0.0532568,0.212933,-0.975614],"extended":true,"handId":210,"id":2101,"length":53.9285,"mcpPosition":[-59.8469,299.332,-38.506],"pipPosition":[-62.6423,312.203,-75.6372],"stabilizedTipPosition":[-91.8081,297.127,-15.9063],"timeVisible":0.651119,"tipPosition":[-63.5537,317.039,-109.499],"tipVelocity":[28.6214,11.765,-164.653],"tool":false,"touchDistance":-0.543732,"touchZone":"hovering","type":1,"width":17.738},{"bases":[[[0.999401,-0.0234067,-0.0254756],[0.0314665,0.921047,0.388177],[0.0143783,-0.388747,0.921232]],[[0.999437,-0.0335326,-0.00145229],[0.0207361,0.650905,-0.758876],[0.0263924,0.758418,0.651233]],[[0.999437,-0.0335326,-0.00145229],[-0.0182762,-0.507411,-0.861511],[0.0281517,0.861052,-0.507738]],[[0.999437,-0.0335326,-0.00145229],[-0.0308036,-0.899197,-0.436459],[0.0133297,0.436257,-0.899723]]],"btipPosition":[-42.1451,239.579,-36.4198],"carpPosition":[-39.0948,278.202,22.5605],"dipPosition":[-41.9154,247.097,-51.9246],"direction":[-0.0281517,-0.861052,0.507738],"extended":false,"handId":210,"id":2102,"length":61.4471,"mcpPosition":[-40.0147,303.074,-36.3796],"pipPosition":[-41.1813,269.551,-65.165],"stabilizedTipPosition":[-78.0948,218.125,51.6425],"timeVisible":0.651119,"tipPosition":[-42.0406,241.47,-40.3219],"tipVelocity":[26.3873,-8.48889,-114.579],"tool":false,"touchDistance":0.333333,"touchZone":"none","type":2,"width":17.4211},{"bases":[[[0.98539,-0.149724,0.0811795],[0.103231,0.90416,0.414534],[-0.135465,-0.400098,0.906406]],[[0.980026,-0.16368,0.112955],[0.190262,0.606374,-0.772082],[0.0578815,0.778151,0.625405]],[[0.980026,-0.16368,0.112955],[0.00656551,-0.541039,-0.840972],[0.198763,0.824915,-0.529158]],[[0.980026,-0.16368,0.112955],[-0.101295,-0.899623,-0.424756],[0.171141,0.40483,-0.898234]]],"btipPosition":[-30.4474,242.2,-26.9561],"carpPosition":[-27.8758,278.993,21.9023],"dipPosition":[-27.5151,249.137,-42.3463],"direction":[-0.198763,-0.824915,0.529158],"extended":false,"handId":210,"id":2103,"length":59.0831,"mcpPosition":[-20.0943,301.976,-30.1643],"pipPosition":[-22.4658,270.093,-55.7888],"stabilizedTipPosition":[-58.5126,221.957,44.5102],"timeVisible":0.651119,"tipPosition":[-29.6054,243.915,-31.0647],"tipVelocity":[20.8557,0.0703548,-121.216],"tool":false,"touchDistance":0.333333,"touchZone":"none","type":3,"width":16.5772},{"bases":[[[0.932395,-0.342346,0.115924],[0.242862,0.830942,0.500554],[-0.267689,-0.43856,0.857909]],[[0.8922,-0.393886,0.220984],[0.418866,0.538646,-0.731035],[0.168912,0.744791,0.645565]],[[0.8922,-0.393886,0.220984],[-0.0253569,-0.532205,-0.846236],[0.450929,0.749408,-0.484821]],[[0.8922,-0.393886,0.220984],[-0.256081,-0.844224,-0.47086],[0.372025,0.363512,-0.854082]]],"btipPosition":[-21.4656,253.138,-23.5504],"carpPosition":[-16.2543,273.155,20.8051],"dipPosition":[-15.5851,258.884,-37.0507],"direction":[-0.450929,-0.749408,0.484821],"extended":false,"handId":210,"id":2104,"length":46.32,"mcpPosition":[-2.02012,296.475,-24.8136],"pipPosition":[-7.49719,272.325,-45.7465],"stabilizedTipPosition":[-43.9512,233.003,41.6642],"timeVisible":0.651119,"tipPosition":[-19.8957,254.611,-27.3287],"tipVelocity":[11.3669,-1.70077,-90.4893],"tool":false,"touchDistance":0.333333,"touchZone":"none","type":4,"width":14.7252}],"r":[[0.678519,0.255993,0.688534],[-0.250473,0.961768,-0.11075],[-0.690561,-0.0973128,0.716697]],"s":1.06725,"t":[97.3556,113.356,-204.513],"timestamp":2761701825},false],[5,{"currentFrameRate":110.642,"devices":[],"gestures":[],"hands":[{"armBasis":[[0.919866,0.280829,-0.273827],[-0.118318,0.864273,0.48891],[0.373961,-0.417333,0.828243]],"armWidth":58.4334,"confidence":0.628012,"direction":[-0.00141533,0.520462,-0.853883],"elbow":[62.4825,162.982,230.251],"grabStrength":0,"id":210,"palmNormal":[0.118334,-0.847798,-0.516949],"palmPosition":[-36.6525,288.016,-19.5749],"palmVelocity":[14.7525,6.75733,-140.678],"palmWidth":83.4409,"pinchStrength":0.524577,"r":[[0.675523,0.259197,0.690279],[-0.251333,0.961055,-0.114912],[-0.693181,-0.0958642,0.71436]],"s":1.0702,"sphereCenter":[-36.393,264.327,-54.8791],"sphereRadius":42.654,"stabilizedPalmPosition":[-55.2287,261.117,71.6977],"t":[97.4782,113.434,-205.684],"timeVisible":0.659859,"type":"right","wrist":[-30.11,266.313,25.1793]}],"id":263772,"interactionBox":{"center":[0,200,0],"size":[235.247,235.247,147.751]},"pointables":[{"bases":[[[0.293452,0.900806,0.320053],[-0.851507,0.0941206,0.515827],[0.434536,-0.423898,0.794663]],[[0.194857,0.970107,0.144651],[-0.909705,0.123613,0.39643],[0.366699,-0.208836,0.906598]],[[0.194857,0.970107,0.144651],[-0.965484,0.215697,-0.145996],[-0.172832,-0.11121,0.978653]],[[0.194857,0.970107,0.144651],[-0.847611,0.240758,-0.472854],[-0.493545,-0.0304687,0.869186]]],"btipPosition":[-55.6824,267.313,-69.5939],"carpPosition":[-54.8927,253.622,21.1603],"dipPosition":[-66.2748,266.659,-50.9396],"direction":[0.172832,0.11121,-0.978653],"extended":false,"handId":210,"id":2100,"length":47.7925,"mcpPosition":[-54.8927,253.622,21.1603],"pipPosition":[-71.6787,263.182,-20.3402],"stabilizedTipPosition":[-88.463,241.462,21.664],"timeVisible":0.659859,"tipPosition":[-57.6564,266.111,-65.2817],"tipVelocity":[39.4898,-9.09681,-142.517],"tool":false,"touchDistance":-0.513561,"touchZone":"hovering","type":0,"width":18.5699},{"bases":[[[0.978639,0.187717,-0.0838373],[-0.141964,0.911993,0.384858],[0.148704,-0.364735,0.91916]],[[0.986647,0.161725,-0.0192901],[-0.14605,0.93094,0.334693],[0.0720863,-0.327407,0.94213]],[[0.986647,0.161725,-0.0192901],[-0.153629,0.963437,0.219518],[0.0540864,-0.213623,0.975418]],[[0.986647,0.161725,-0.0192901],[-0.158046,0.979293,0.126514],[0.0393512,-0.121776,0.991777]]],"btipPosition":[-64.3721,318.833,-113.792],"carpPosition":[-49.6842,274.684,22.4975],"dipPosition":[-63.7555,316.925,-98.2525],"direction":[-0.0540864,0.213623,-0.975418],"extended":true,"handId":210,"id":2101,"length":53.9285,"mcpPosition":[-59.7166,299.291,-39.5144],"pipPosition":[-62.5567,312.19,-76.6323],"stabilizedTipPosition":[-91.8062,297.129,-15.9129],"timeVisible":0.659859,"tipPosition":[-63.4901,317.062,-110.488],"tipVelocity":[22.809,8.89145,-150.884],"tool":false,"touchDistance":-0.532538,"touchZone":"hovering","type":1,"width":17.738},{"bases":[[[0.999498,-0.0215271,-0.023257],[0.0288298,0.92237,0.385231],[0.0131586,-0.385708,0.922527]],[[0.999492,-0.031843,0.00144316],[0.0214824,0.63946,-0.768524],[0.0235493,0.768165,0.639819]],[[0.999492,-0.031843,0.00144316],[-0.0153236,-0.519693,-0.854216],[0.0279508,0.853759,-0.519917]],[[0.999492,-0.031843,0.00144316],[-0.0281718,-0.903629,-0.42739],[0.0149135,0.427132,-0.904066]]],"btipPosition":[-41.9232,239.501,-36.5009],"carpPosition":[-39.0545,278.402,21.6653],"dipPosition":[-41.6662,246.862,-52.0806],"direction":[-0.0279508,-0.853759,0.519917],"extended":false,"handId":210,"id":2102,"length":61.4471,"mcpPosition":[-39.8964,303.079,-37.3576],"pipPosition":[-40.9373,269.125,-65.6385],"stabilizedTipPosition":[-78.0672,218.142,51.5728],"timeVisible":0.659859,"tipPosition":[-41.8128,241.383,-40.6155],"tipVelocity":[26.3115,-9.72535,-86.9046],"tool":false,"touchDistance":0.333333,"touchZone":"none","type":2,"width":17.4211},{"bases":[[[0.985504,-0.147523,0.0837803],[0.10057,0.905709,0.411796],[-0.13663,-0.397401,0.907416]],[[0.980095,-0.161395,0.115612],[0.190749,0.604094,-0.773747],[0.0550387,0.780398,0.622856]],[[0.980095,-0.161395,0.115612],[0.00944807,-0.543758,-0.839189],[0.198306,0.823577,-0.53141]],[[0.980095,-0.161395,0.115612],[-0.0985963,-0.901144,-0.422159],[0.172317,0.402357,-0.899119]]],"btipPosition":[-30.2325,242.249,-27.7111],"carpPosition":[-27.8357,279.212,21.0286],"dipPosition":[-27.2801,249.143,-43.1165],"direction":[-0.198306,-0.823577,0.53141],"extended":false,"handId":210,"id":2103,"length":59.0831,"mcpPosition":[-19.9873,302.04,-31.0961],"pipPosition":[-22.2424,270.065,-56.6162],"stabilizedTipPosition":[-58.5004,221.966,44.4784],"timeVisible":0.659859,"tipPosition":[-29.3859,243.953,-31.8185],"tipVelocity":[21.9975,1.24584,-111.995],"tool":false,"touchDistance":0.333333,"touchZone":"none","type":3,"width":16.5772},{"bases":[[[0.932812,-0.340134,0.119041],[0.240159,0.833047,0.498354],[-0.268674,-0.436282,0.858762]],[[0.89238,-0.391523,0.224427],[0.419749,0.53747,-0.731394],[0.165735,0.746884,0.643969]],[[0.89238,-0.391523,0.224427],[-0.0220766,-0.534584,-0.844827],[0.450744,0.748952,-0.485696]],[[0.89238,-0.391523,0.224427],[-0.253268,-0.846102,-0.469006],[0.373514,0.361692,-0.854205]]],"btipPosition":[-21.2766,253.224,-24.3562],"carpPosition":[-16.2005,273.394,19.9753],"dipPosition":[-15.3726,258.941,-37.8584],"direction":[-0.450744,-0.748952,0.485696],"extended":false,"handId":210,"id":2104,"length":46.32,"mcpPosition":[-1.91397,296.593,-25.6888],"pipPosition":[-7.28803,272.375,-46.5699],"stabilizedTipPosition":[-43.9455,233.008,41.6476],"timeVisible":0.659859,"tipPosition":[-19.7036,254.686,-28.1144],"tipVelocity":[14.2779,1.20329,-90.9594],"tool":false,"touchDistance":0.333333,"touchZone":"none","type":4,"width":14.7252}],"r":[[0.675523,0.259197,0.690279],[-0.251333,0.961055,-0.114912],[-0.693181,-0.0958642,0.71436]],"s":1.0702,"t":[97.4782,113.434,-205.684],"timestamp":2761710565},false],[6,{"currentFrameRate":110.618,"devices":[],"gestures":[],"hands":[{"armBasis":[[0.920274,0.280646,-0.272642],[-0.119025,0.864576,0.488202],[0.372731,-0.416829,0.829051]],"armWidth":58.4334,"confidence":0.634513,"direction":[0.000410363,0.516879,-0.856058],"elbow":[62.1917,163.264,229.79],"grabStrength":0,"id":210,"palmNormal":[0.119087,-0.849992,-0.513159],"palmPosition":[-36.5447,287.988,-20.3398],"palmVelocity":[13.9531,4.03519,-125.058],"palmWidth":83.4409,"pinchStrength":0.517649,"r":[[0.672863,0.2623,0.691704],[-0.251904,0.96039,-0.119145],[-0.695557,-0.0940741,0.712285]],"s":1.0726,"sphereCenter":[-36.6804,264.31,-55.491],"sphereRadius":42.6106,"stabilizedPalmPosition":[-55.2285,261.118,71.697],"t":[97.5933,113.459,-206.652],"timeVisible":0.668941,"type":"right","wrist":[-30.0962,266.471,24.5176]}],"id":263773,"interactionBox":{"center":[0,200,0],"size":[235.247,235.247,147.751]},"pointables":[{"bases":[[[0.293099,0.902053,0.316848],[-0.852484,0.096533,0.513763],[0.432855,-0.420692,0.79728]],[[0.194658,0.970742,0.140598],[-0.911229,0.125922,0.392181],[0.363002,-0.204458,0.90908]],[[0.194658,0.970742,0.140598],[-0.964904,0.21527,-0.150399],[-0.176265,-0.106387,0.978577]],[[0.194658,0.970742,0.140598],[-0.844924,0.238753,-0.478645],[-0.498209,-0.0256225,0.866678]]],"btipPosition":[-55.288,267.006,-70.3083],"carpPosition":[-54.8749,253.771,20.5034],"dipPosition":[-65.9805,266.456,-51.7077],"direction":[0.176265,0.106387,-0.978577],"extended":false,"handId":210,"id":2100,"length":47.7925,"mcpPosition":[-54.8749,253.771,20.5034],"pipPosition":[-71.4917,263.13,-21.1108],"stabilizedTipPosition":[-88.4552,241.468,21.6419],"timeVisible":0.668941,"tipPosition":[-57.3824,265.924,-66.0006],"tipVelocity":[39.8797,-15.1978,-125.223],"tool":false,"touchDistance":-0.501439,"touchZone":"hovering","type":0,"width":18.5699},{"bases":[[[0.978857,0.187075,-0.0827103],[-0.142439,0.913639,0.380755],[0.146797,-0.360924,0.920969]],[[0.986581,0.162068,-0.0198147],[-0.146159,0.930725,0.335244],[0.0727744,-0.32785,0.941923]],[[0.986581,0.162068,-0.0198147],[-0.153809,0.963236,0.220272],[0.0547853,-0.214268,0.975237]],[[0.986581,0.162068,-0.0198147],[-0.158292,0.979155,0.127279],[0.0400295,-0.122434,0.991669]]],"btipPosition":[-64.2751,318.771,-114.635],"carpPosition":[-49.6627,274.836,21.7625],"dipPosition":[-63.648,316.852,-99.0975],"direction":[-0.0547853,0.214268,-0.975237],"extended":true,"handId":210,"id":2101,"length":53.9285,"mcpPosition":[-59.5665,299.186,-40.3714],"pipPosition":[-62.4336,312.103,-77.4813],"stabilizedTipPosition":[-91.8047,297.13,-15.9182],"timeVisible":0.668941,"tipPosition":[-63.3913,316.999,-111.333],"tipVelocity":[19.5252,4.44624,-134.837],"tool":false,"touchDistance":-0.520272,"touchZone":"hovering","type":1,"width":17.738},{"bases":[[[0.999535,-0.0219193,-0.021213],[0.028357,0.923968,0.381417],[0.0112397,-0.381842,0.924159]],[[0.999469,-0.0323333,0.00401921],[0.0234824,0.629316,-0.776795],[0.022587,0.776477,0.629741]],[[0.999469,-0.0323333,0.00401921],[-0.0137487,-0.530362,-0.84766],[0.0295393,0.847155,-0.530524]],[[0.999469,-0.0323333,0.00401921],[-0.0276764,-0.907595,-0.418935],[0.0171933,0.418601,-0.908008]]],"btipPosition":[-41.8143,239.351,-36.5451],"carpPosition":[-39.0303,278.547,20.9355],"dipPosition":[-41.5181,246.565,-52.1927],"direction":[-0.0295393,-0.847155,0.530524],"extended":false,"handId":210,"id":2102,"length":61.4471,"mcpPosition":[-39.7494,302.977,-38.1919],"pipPosition":[-40.7478,268.656,-66.0273],"stabilizedTipPosition":[-78.0391,218.16,51.5017],"timeVisible":0.668941,"tipPosition":[-41.6947,241.208,-40.7985],"tipVelocity":[22.6236,-12.6302,-64.6818],"tool":false,"touchDistance":0.333333,"touchZone":"none","type":2,"width":17.4211},{"bases":[[[0.985294,-0.147461,0.0863238],[0.100041,0.907398,0.408193],[-0.138523,-0.393554,0.908805]],[[0.979816,-0.161203,0.118213],[0.192432,0.600458,-0.776157],[0.0541367,0.783239,0.619359]],[[0.979816,-0.161203,0.118213],[0.0108866,-0.547448,-0.836769],[0.199605,0.821166,-0.534643]],[[0.979816,-0.161203,0.118213],[-0.0980412,-0.902868,-0.418589],[0.174209,0.39855,-0.900449]]],"btipPosition":[-30.1265,242.178,-28.2539],"carpPosition":[-27.81,279.352,20.3173],"dipPosition":[-27.1417,249.007,-43.6821],"direction":[-0.199605,-0.821166,0.534643],"extended":false,"handId":210,"id":2103,"length":59.0831,"mcpPosition":[-19.8528,301.959,-31.8872],"pipPosition":[-22.0709,269.867,-57.264],"stabilizedTipPosition":[-58.4907,221.973,44.4528],"timeVisible":0.668941,"tipPosition":[-29.2733,243.865,-32.3624],"tipVelocity":[19.3674,-1.72643,-97.7045],"tool":false,"touchDistance":0.333333,"touchZone":"none","type":3,"width":16.5772},{"bases":[[[0.932474,-0.339908,0.122288],[0.239438,0.835057,0.495327],[-0.270483,-0.432599,0.860056]],[[0.890996,-0.391672,0.229606],[0.424046,0.537242,-0.729079],[0.162206,0.74697,0.644767]],[[0.890996,-0.391672,0.229606],[-0.0172676,-0.534597,-0.844931],[0.453682,0.748866,-0.483087]],[[0.890996,-0.391672,0.229606],[-0.251274,-0.846626,-0.469133],[0.378136,0.360302,-0.852758]]],"btipPosition":[-21.1657,253.181,-25.1847],"carpPosition":[-16.1745,273.526,19.3112],"dipPosition":[-15.1886,258.876,-38.664],"direction":[-0.453682,-0.748866,0.483087],"extended":false,"handId":210,"id":2104,"length":46.32,"mcpPosition":[-1.79175,296.529,-26.4218],"pipPosition":[-7.05137,272.308,-47.3287],"stabilizedTipPosition":[-43.941,233.012,41.6348],"timeVisible":0.66894