{"sensorType":"Leap","data":[[0,{"currentFrameRate":109.517,"devices":[],"gestures":[],"hands":[{"armBasis":[[0.913016,0.248153,-0.323762],[-0.066115,0.873208,0.482841],[0.40253,-0.419436,0.81366]],"armWidth":58.4334,"confidence":0.798045,"direction":[-0.0130925,0.426062,-0.904599],"elbow":[79.8404,151.762,236.701],"grabStrength":0,"id":204,"palmNormal":[0.0670882,-0.902264,-0.425933],"palmPosition":[-27.1822,272.675,-11.361],"palmVelocity":[14.9449,9.83756,-93.4504],"palmWidth":83.4409,"pinchStrength":0.584744,"r":[[0.82187,-0.0364904,0.568505],[0.0081191,0.998595,0.0523588],[-0.569617,-0.0384164,0.821012]],"s":1.08942,"sphereCenter":[-32.8989,247.97,-43.5197],"sphereRadius":42.4362,"stabilizedPalmPosition":[-26.9405,266.249,47.205],"t":[90.7146,115.032,-151.535],"timeVisible":0.949089,"type":"right","wrist":[-19.8257,255.614,35.2392]}],"id":261207,"interactionBox":{"center":[0,200,0],"size":[235.247,235.247,147.751]},"pointables":[{"bases":[[[0.338896,0.916812,0.211198],[-0.827805,0.183899,0.530019],[0.447089,-0.354452,0.821264]],[[0.235595,0.971359,0.0309322],[-0.88833,0.202329,0.412228],[0.394163,-0.124597,0.910555]],[[0.235595,0.971359,0.0309322],[-0.96564,0.237563,-0.105368],[-0.109698,-0.00504535,0.993952]],[[0.235595,0.971359,0.0309322],[-0.808748,0.213605,-0.547996],[-0.538909,0.104089,0.835909]]],"btipPosition":[-48.2492,247.236,-57.2786],"carpPosition":[-45.2019,243.609,33.421],"dipPosition":[-59.8152,249.47,-39.3384],"direction":[0.109698,0.00504535,-0.993952],"extended":false,"handId":204,"id":2040,"length":47.7925,"mcpPosition":[-45.2019,243.609,33.421],"pipPosition":[-63.2451,249.312,-8.26071],"stabilizedTipPosition":[-53.4385,239.98,-5.35717],"timeVisible":0.949089,"tipPosition":[-50.7453,247.27,-53.3558],"tipVelocity":[53.2941,-16.5572,-88.0918],"tool":false,"touchDistance":-0.375105,"touchZone":"touching","type":0,"width":18.5699},{"bases":[[[0.9813,0.13686,-0.135351],[-0.093109,0.952936,0.28852],[0.168468,-0.270522,0.947859]],[[0.989046,0.121857,-0.0832963],[-0.0889321,0.942342,0.322617],[0.117807,-0.311676,0.942857]],[[0.989046,0.121857,-0.0832963],[-0.107281,0.981047,0.161363],[0.101381,-0.150659,0.983374]],[[0.989046,0.121857,-0.0832963],[-0.11999,0.992406,0.0270794],[0.0859635,-0.0167881,0.996157]]],"btipPosition":[-58.7556,298.591,-106.193],"carpPosition":[-39.1544,264.458,32.3059],"dipPosition":[-57.4087,298.328,-90.5853],"direction":[-0.101381,0.150659,-0.983374],"extended":true,"handId":204,"id":2041,"length":53.9285,"mcpPosition":[-50.5202,282.709,-31.6421],"pipPosition":[-55.1616,294.989,-68.7888],"stabilizedTipPosition":[-57.0609,295.697,-75.5591],"timeVisible":0.949089,"tipPosition":[-57.722,297.679,-102.821],"tipVelocity":[24.5519,-22.1215,-109.208],"tool":false,"touchDistance":-0.391046,"touchZone":"touching","type":1,"width":17.738},{"bases":[[[0.996437,-0.0654174,-0.0532366],[0.0778531,0.956185,0.282223],[0.0324417,-0.285362,0.95787]],[[0.996964,-0.0750508,-0.0207436],[0.0266495,0.5792,-0.81475],[0.0731624,0.811724,0.579441]],[[0.996964,-0.0750508,-0.0207436],[-0.0661854,-0.676463,-0.733496],[0.0410172,0.732642,-0.679377]],[[0.996964,-0.0750508,-0.0207436],[-0.0774928,-0.982354,-0.170222],[-0.00760224,0.171313,-0.985187]]],"btipPosition":[-34.6775,227.941,-21.4701],"carpPosition":[-28.4294,267.621,30.7324],"dipPosition":[-34.8085,230.894,-38.4477],"direction":[-0.0410172,-0.732642,0.679377],"extended":false,"handId":204,"id":2042,"length":61.4471,"mcpPosition":[-30.505,285.878,-30.5518],"pipPosition":[-33.7389,249.999,-56.1639],"stabilizedTipPosition":[-39.4239,222.87,23.5969],"timeVisible":0.949089,"tipPosition":[-34.7222,228.841,-26.2505],"tipVelocity":[40.4049,-4.86262,-43.0467],"tool":false,"touchDistance":0.333333,"touchZone":"none","type":2,"width":17.4211},{"bases":[[[0.981627,-0.178592,0.0671795],[0.14984,0.939483,0.30809],[-0.118136,-0.292363,0.948982]],[[0.981263,-0.179482,0.0700717],[0.157781,0.539797,-0.826876],[0.110585,0.822439,0.558001]],[[0.981263,-0.179482,0.0700717],[-0.0750851,-0.691137,-0.718813],[0.177443,0.700083,-0.691663]],[[0.981263,-0.179482,0.0700717],[-0.16535,-0.97113,-0.171947],[0.0989101,0.157139,-0.982611]]],"btipPosition":[-21.1662,230.511,-13.3206],"carpPosition":[-17.2189,267.891,29.6479],"dipPosition":[-19.4715,233.203,-30.1565],"direction":[-0.177443,-0.700083,0.691663],"extended":false,"handId":204,"id":2043,"length":59.0831,"mcpPosition":[-10.4328,284.686,-24.8644],"pipPosition":[-14.9638,250.988,-47.7272],"stabilizedTipPosition":[-23.1097,225.399,29.7855],"timeVisible":0.949089,"tipPosition":[-20.7136,231.319,-17.8886],"tipVelocity":[35.5085,4.30289,-70.8642],"tool":false,"touchDistance":0.333333,"touchZone":"none","type":3,"width":16.5772},{"bases":[[[0.923015,-0.363988,0.124727],[0.289665,0.870724,0.39741],[-0.253255,-0.330686,0.909125]],[[0.919292,-0.368688,0.137739],[0.330036,0.531461,-0.780144],[0.214427,0.762639,0.610248]],[[0.919292,-0.368688,0.137739],[-0.141126,-0.635483,-0.759108],[0.367405,0.678403,-0.636225]],[[0.919292,-0.368688,0.137739],[-0.328783,-0.911758,-0.246168],[0.216344,0.181013,-0.95939]]],"btipPosition":[-9.35454,239.341,-12.7016],"carpPosition":[-5.85884,261.515,28.852],"dipPosition":[-5.93485,242.202,-27.8664],"direction":[-0.367405,-0.678403,0.636225],"extended":false,"handId":204,"id":2044,"length":46.32,"mcpPosition":[7.60786,279.099,-19.4901],"pipPosition":[0.65495,254.37,-39.2778],"stabilizedTipPosition":[-8.49636,233.955,35.8677],"timeVisible":0.949089,"tipPosition":[-8.31494,240.075,-16.6207],"tipVelocity":[27.424,10.9639,-61.4429],"tool":false,"touchDistance":0.333333,"touchZone":"none","type":4,"width":14.7252}],"r":[[0.82187,-0.0364904,0.568505],[0.0081191,0.998595,0.0523588],[-0.569617,-0.0384164,0.821012]],"s":1.08942,"t":[90.7146,115.032,-151.535],"timestamp":2738120164},false],[1,{"currentFrameRate":109.488,"devices":[],"gestures":[],"hands":[{"armBasis":[[0.913275,0.247195,-0.323766],[-0.067116,0.875272,0.478951],[0.401777,-0.415684,0.815955]],"armWidth":58.4334,"confidence":0.774524,"direction":[-0.0111427,0.426074,-0.904619],"elbow":[79.7535,152.774,236.379],"grabStrength":0,"id":204,"palmNormal":[0.0679006,-0.902265,-0.425802],"palmPosition":[-26.9828,272.759,-12.2656],"palmVelocity":[16.8354,9.65721,-94.8535],"palmWidth":83.4409,"pinchStrength":0.575634,"r":[[0.820335,-0.0330193,0.57093],[0.00521459,0.998722,0.0502678],[-0.57186,-0.0382593,0.819459]],"s":1.09073,"sphereCenter":[-33.0695,248.197,-44.3631],"sphereRadius":42.4481,"stabilizedPalmPosition":[-26.9405,266.251,47.1788],"t":[90.9002,115.17,-152.477],"timeVisible":0.958275,"type":"right","wrist":[-19.7262,255.697,34.3498]}],"id":261208,"interactionBox":{"center":[0,200,0],"size":[235.247,235.247,147.751]},"pointables":[{"bases":[[[0.338537,0.916777,0.211924],[-0.828904,0.183971,0.528273],[0.445321,-0.354505,0.822202]],[[0.235705,0.971311,0.031581],[-0.8892,0.202439,0.410295],[0.392131,-0.124791,0.911406]],[[0.235705,0.971311,0.031581],[-0.964985,0.237771,-0.110767],[-0.115098,-0.00436687,0.993345]],[[0.235705,0.971311,0.031581],[-0.802583,0.212879,-0.557264],[-0.547999,0.106004,0.829735]]],"btipPosition":[-47.69,247.268,-58.1091],"carpPosition":[-45.0997,243.694,32.4779],"dipPosition":[-59.4511,249.543,-40.3014],"direction":[0.115098,0.00436687,-0.993345],"extended":false,"handId":204,"id":2040,"length":47.7925,"mcpPosition":[-45.0997,243.694,32.4779],"pipPosition":[-63.0499,249.407,-9.2427],"stabilizedTipPosition":[-53.4158,240.038,-5.71962],"timeVisible":0.958275,"tipPosition":[-50.3294,247.365,-54.2322],"tipVelocity":[54.0464,-10.6653,-89.6658],"tool":false,"touchDistance":-0.378842,"touchZone":"touching","type":0,"width":18.5699},{"bases":[[[0.981596,0.136768,-0.133278],[-0.0936265,0.952941,0.288334],[0.166441,-0.270549,0.948209]],[[0.989006,0.122316,-0.0831079],[-0.0891539,0.941566,0.324816],[0.117982,-0.313836,0.942119]],[[0.989006,0.122316,-0.0831079],[-0.107535,0.980649,0.163596],[0.10151,-0.15286,0.983021]],[[0.989006,0.122316,-0.0831079],[-0.120273,0.992312,0.0291832],[0.0860385,-0.0188667,0.996113]]],"btipPosition":[-58.5232,298.844,-107.109],"carpPosition":[-39.0479,264.543,31.3759],"dipPosition":[-57.1752,298.549,-91.5021],"direction":[-0.10151,0.15286,-0.983021],"extended":true,"handId":204,"id":2041,"length":53.9285,"mcpPosition":[-50.277,282.796,-32.5958],"pipPosition":[-54.9252,295.161,-69.7133],"stabilizedTipPosition":[-57.0663,295.712,-75.6907],"timeVisible":0.958275,"tipPosition":[-57.4801,297.926,-103.738],"tipVelocity":[24.7665,-8.46329,-106.563],"tool":false,"touchDistance":-0.394017,"touchZone":"touching","type":1,"width":17.738},{"bases":[[[0.996541,-0.0655121,-0.0511345],[0.0773489,0.956174,0.282399],[0.0303929,-0.285377,0.957933]],[[0.997,-0.0749563,-0.0192834],[0.0268957,0.569157,-0.821789],[0.0725735,0.818805,0.569466]],[[0.997,-0.0749563,-0.0192834],[-0.0654446,-0.683437,-0.72707],[0.0413195,0.726151,-0.686292]],[[0.997,-0.0749563,-0.0192834],[-0.0771258,-0.983016,-0.166527],[-0.00647369,0.167514,-0.985848]]],"btipPosition":[-34.4376,227.948,-21.7488],"carpPosition":[-28.3193,267.705,29.825],"dipPosition":[-34.5491,230.835,-38.7378],"direction":[-0.0413195,-0.726151,0.686292],"extended":false,"handId":204,"id":2042,"length":61.4471,"mcpPosition":[-30.2638,285.963,-31.4632],"pipPosition":[-33.4716,249.771,-56.6344],"stabilizedTipPosition":[-39.3724,222.93,23.0861],"timeVisible":0.958275,"tipPosition":[-34.4791,228.848,-26.6454],"tipVelocity":[36.5492,-3.75782,-39.5776],"tool":false,"touchDistance":0.333333,"touchZone":"none","type":2,"width":17.4211},{"bases":[[[0.981466,-0.178686,0.0692487],[0.149279,0.939465,0.308417],[-0.120167,-0.292363,0.948727]],[[0.98116,-0.179422,0.0716372],[0.158661,0.536765,-0.82868],[0.110231,0.824434,0.55512]],[[0.98116,-0.179422,0.0716372],[-0.0742875,-0.692676,-0.717413],[0.178341,0.698575,-0.692955]],[[0.98116,-0.179422,0.0716372],[-0.165033,-0.971167,-0.172041],[0.10044,0.156977,-0.982482]]],"btipPosition":[-20.9717,230.553,-14.0409],"carpPosition":[-17.1065,267.974,28.7642],"dipPosition":[-19.2508,233.243,-30.8746],"direction":[-0.178341,-0.698575,0.692955],"extended":false,"handId":204,"id":2043,"length":59.0831,"mcpPosition":[-10.2038,284.769,-25.7335],"pipPosition":[-14.7202,250.989,-48.4782],"stabilizedTipPosition":[-23.089,225.446,29.3964],"timeVisible":0.958275,"tipPosition":[-20.5117,231.367,-18.6325],"tipVelocity":[31.6881,4.3686,-72.9601],"tool":false,"touchDistance":0.333333,"touchZone":"none","type":3,"width":16.5772},{"bases":[[[0.922715,-0.364077,0.12667],[0.288909,0.870691,0.398031],[-0.255205,-0.330673,0.908585]],[[0.919072,-0.368646,0.139307],[0.3313,0.531328,-0.779699],[0.213415,0.762752,0.610461]],[[0.919072,-0.368646,0.139307],[-0.139517,-0.634964,-0.759839],[0.368566,0.678912,-0.63501]],[[0.919072,-0.368646,0.139307],[-0.328029,-0.91153,-0.248011],[0.218411,0.182244,-0.958689]]],"btipPosition":[-9.1581,239.39,-13.5724],"carpPosition":[-5.74537,261.597,27.9922],"dipPosition":[-5.70574,242.271,-28.7262],"direction":[-0.368566,-0.678912,0.63501],"extended":false,"handId":204,"id":2044,"length":46.32,"mcpPosition":[7.82499,279.181,-20.3212],"pipPosition":[0.904888,254.448,-40.1157],"stabilizedTipPosition":[-8.49614,233.965,35.7821],"timeVisible":0.958275,"tipPosition":[-8.11547,240.138,-17.4767],"tipVelocity":[25.9652,9.5261,-70.6846],"tool":false,"touchDistance":0.333333,"touchZone":"none","type":4,"width":14.7252}],"r":[[0.820335,-0.0330193,0.57093],[0.00521459,0.998722,0.0502678],[-0.57186,-0.0382593,0.819459]],"s":1.09073,"t":[90.9002,115.17,-152.477],"timestamp":2738129350},false],[2,{"currentFrameRate":109.644,"devices":[],"gestures":[],"hands":[{"armBasis":[[0.913921,0.246272,-0.322642],[-0.0684029,0.876978,0.475637],[0.400086,-0.412625,0.818335]],"armWidth":58.4334,"confidence":0.777628,"direction":[-0.0097788,0.424795,-0.905237],"elbow":[79.4163,153.685,236.431],"grabStrength":0,"id":204,"palmNormal":[0.0690775,-0.90283,-0.424412],"palmPosition":[-26.8285,272.844,-12.8393],"palmVelocity":[17.0003,9.62459,-86.7469],"palmWidth":83.4409,"pinchStrength":0.572484,"r":[[0.818898,-0.0300008,0.573154],[0.00278105,0.998829,0.0483086],[-0.573932,-0.0379659,0.818023]],"s":1.09185,"sphereCenter":[-33.2865,248.382,-44.8491],"sphereRadius":42.4543,"stabilizedPalmPosition":[-26.9405,266.254,47.1594],"t":[91.0702,115.282,-153.235],"timeVisible":0.967117,"type":"right","wrist":[-19.6446,255.851,33.8126]}],"id":261209,"interactionBox":{"center":[0,200,0],"size":[235.247,235.247,147.751]},"pointables":[{"bases":[[[0.337724,0.91724,0.21122],[-0.829909,0.184311,0.526574],[0.444065,-0.35313,0.823472]],[[0.235167,0.971473,0.0306023],[-0.890266,0.202661,0.407866],[0.390029,-0.123161,0.912529]],[[0.235167,0.971473,0.0306023],[-0.964347,0.237142,-0.117468],[-0.121374,-0.0018867,0.992605]],[[0.235167,0.971473,0.0306023],[-0.795941,0.210555,-0.567578],[-0.557831,0.109118,0.82275]]],"btipPosition":[-47.0959,247.188,-58.5518],"carpPosition":[-45.009,243.833,31.9136],"dipPosition":[-59.068,249.53,-40.894],"direction":[0.121374,0.0018867,-0.992605],"extended":false,"handId":204,"id":2040,"length":47.7925,"mcpPosition":[-45.009,243.833,31.9136],"pipPosition":[-62.863,249.471,-9.85842],"stabilizedTipPosition":[-53.3901,240.094,-6.07178],"timeVisible":0.967117,"tipPosition":[-49.9029,247.364,-54.7231],"tipVelocity":[56.1187,-9.77287,-80.01],"tool":false,"touchDistance":-0.376449,"touchZone":"touching","type":0,"width":18.5699},{"bases":[[[0.98176,0.137059,-0.131767],[-0.0945893,0.953301,0.286829],[0.164926,-0.269133,0.948876]],[[0.988864,0.123225,-0.0834454],[-0.0897839,0.941153,0.325837],[0.118686,-0.314716,0.941736]],[[0.988864,0.123225,-0.0834454],[-0.108259,0.980367,0.164805],[0.102115,-0.153936,0.98279]],[[0.988864,0.123225,-0.0834454],[-0.121071,0.992178,0.030415],[0.0865406,-0.0199735,0.996048]]],"btipPosition":[-58.3876,298.965,-107.716],"carpPosition":[-38.9654,264.683,30.7927],"dipPosition":[-57.0316,298.652,-92.1101],"direction":[-0.102115,0.153936,-0.98279],"extended":true,"handId":204,"id":2041,"length":53.9285,"mcpPosition":[-50.0922,282.84,-33.224],"pipPosition":[-54.7682,295.24,-70.3265],"stabilizedTipPosition":[-57.0696,295.722,-75.7847],"timeVisible":0.967117,"tipPosition":[-57.3344,298.039,-104.347],"tipVelocity":[22.2737,-2.61863,-96.3154],"tool":false,"touchDistance":-0.392058,"touchZone":"touching","type":1,"width":17.738},{"bases":[[[0.99666,-0.0650981,-0.0493126],[0.0763945,0.956608,0.281186],[0.0288682,-0.284014,0.958386]],[[0.99707,-0.0743694,-0.0178828],[0.0270178,0.561153,-0.827271],[0.0715586,0.824364,0.561519]],[[0.99707,-0.0743694,-0.0178828],[-0.064349,-0.689181,-0.721726],[0.0413498,0.720763,-0.691947]],[[0.99707,-0.0743694,-0.0178828],[-0.0762916,-0.983729,-0.162653],[-0.00549546,0.163541,-0.986521]]],"btipPosition":[-34.2292,227.967,-21.8364],"carpPosition":[-28.2356,267.848,29.256],"dipPosition":[-34.3239,230.785,-38.837],"direction":[-0.0413498,-0.720763,0.691947],"extended":false,"handId":204,"id":2042,"length":61.4471,"mcpPosition":[-30.0826,286.019,-32.0611],"pipPosition":[-33.2456,249.581,-56.881],"stabilizedTipPosition":[-39.3227,222.985,22.6122],"timeVisible":0.967117,"tipPosition":[-34.2675,228.853,-26.79],"tipVelocity":[33.1567,-2.64315,-31.6332],"tool":false,"touchDistance":0.333333,"touchZone":"none","type":2,"width":17.4211},{"bases":[[[0.981431,-0.17811,0.0712035],[0.148287,0.939971,0.307352],[-0.121672,-0.291086,0.948928]],[[0.981171,-0.178727,0.0732153],[0.159292,0.534442,-0.830059],[0.109225,0.826092,0.552849]],[[0.981171,-0.178727,0.0732153],[-0.0730671,-0.694384,-0.715886],[0.178788,0.697057,-0.694368]],[[0.981171,-0.178727,0.0732153],[-0.164226,-0.971526,-0.170785],[0.101655,0.155546,-0.982584]]],"btipPosition":[-20.7908,230.622,-14.4717],"carpPosition":[-17.0212,268.121,28.2143],"dipPosition":[-19.0491,233.287,-31.3072],"direction":[-0.178788,-0.697057,0.694368],"extended":false,"handId":204,"id":2043,"length":59.0831,"mcpPosition":[-10.032,284.842,-26.2949],"pipPosition":[-14.5072,250.995,-48.9466],"stabilizedTipPosition":[-23.0726,225.481,29.1066],"timeVisible":0.967117,"tipPosition":[-20.3278,231.428,-19.0621],"tipVelocity":[28.796,5.11592,-66.4154],"tool":false,"touchDistance":0.333333,"touchZone":"none","type":3,"width":16.5772},{"bases":[[[0.92267,-0.363449,0.128784],[0.287795,0.871391,0.397305],[-0.256622,-0.329518,0.908605]],[[0.919154,-0.367825,0.140928],[0.331355,0.528584,-0.781539],[0.212977,0.765052,0.607731]],[[0.919154,-0.367825,0.140928],[-0.138589,-0.63689,-0.758396],[0.368712,0.677552,-0.636377]],[[0.919154,-0.367825,0.140928],[-0.327024,-0.912028,-0.247506],[0.219569,0.18141,-0.958582]]],"btipPosition":[-8.99975,239.443,-13.9834],"carpPosition":[-5.65563,261.749,27.471],"dipPosition":[-5.52909,242.311,-29.1354],"direction":[-0.368712,-0.677552,0.636377],"extended":false,"handId":204,"id":2044,"length":46.32,"mcpPosition":[7.99006,279.27,-20.8435],"pipPosition":[1.08416,254.463,-40.5495],"stabilizedTipPosition":[-8.49577,233.973,35.7148],"timeVisible":0.967117,"tipPosition":[-7.95636,240.198,-17.9009],"tipVelocity":[23.9149,8.47712,-64.1251],"tool":false,"touchDistance":0.333333,"touchZone":"none","type":4,"width":14.7252}],"r":[[0.818898,-0.0300008,0.573154],[0.00278105,0.998829,0.0483086],[-0.573932,-0.0379659,0.818023]],"s":1.09185,"t":[91.0702,115.282,-153.235],"timestamp":2738138192},false],[3,{"currentFrameRate":109.535,"devices":[],"gestures":[],"hands":[{"armBasis":[[0.912818,0.248063,-0.324389],[-0.0705649,0.878223,0.473017],[0.402224,-0.408888,0.819162]],"armWidth":58.4334,"confidence":0.773968,"direction":[-0.00862962,0.421564,-0.906757],"elbow":[80.0547,154.812,236.347],"grabStrength":0,"id":204,"palmNormal":[0.0711863,-0.904232,-0.421067],"palmPosition":[-26.6533,272.87,-13.202],"palmVelocity":[17.5078,7.68484,-73.2119],"palmWidth":83.4409,"pinchStrength":0.566107,"r":[[0.817525,-0.0269436,0.575262],[0.000534968,0.99894,0.0460272],[-0.575893,-0.0373206,0.816673]],"s":1.09306,"sphereCenter":[-33.2725,248.367,-45.1003],"sphereRadius":42.4733,"stabilizedPalmPosition":[-26.9404,266.255,47.1431],"t":[91.2428,115.35,-153.795],"timeVisible":0.976441,"type":"right","wrist":[-19.5356,256.053,33.5237]}],"id":261210,"interactionBox":{"center":[0,200,0],"size":[235.247,235.247,147.751]},"pointables":[{"bases":[[[0.336007,0.918466,0.208612],[-0.83119,0.184991,0.524311],[0.442971,-0.349568,0.825578]],[[0.234028,0.971823,0.0281195],[-0.891275,0.202897,0.405539],[0.388407,-0.11997,0.913645]],[[0.234028,0.971823,0.0281195],[-0.964282,0.235708,-0.120835],[-0.124058,0.00116371,0.992274]],[[0.234028,0.971823,0.0281195],[-0.793664,0.20767,-0.571814],[-0.561541,0.111503,0.819901]]],"btipPosition":[-46.7282,247.054,-58.8266],"carpPosition":[-44.8791,243.992,31.6184],"dipPosition":[-58.7799,249.447,-41.2299],"direction":[0.124058,-0.00116371,-0.992274],"extended":false,"handId":204,"id":2040,"length":47.7925,"mcpPosition":[-44.8791,243.992,31.6184],"pipPosition":[-62.6588,249.483,-10.2047],"stabilizedTipPosition":[-53.3593,240.153,-6.4574],"timeVisible":0.976441,"tipPosition":[-49.5726,247.244,-55.0114],"tipVelocity":[50.8435,-10.709,-66.1385],"tool":false,"touchDistance":-0.37147,"touchZone":"touching","type":0,"width":18.5699},{"bases":[[[0.981817,0.137996,-0.130355],[-0.0965032,0.954177,0.283256],[0.16347,-0.265526,0.950144]],[[0.988679,0.124744,-0.0833777],[-0.0915049,0.94168,0.323829],[0.118911,-0.312534,0.942435]],[[0.988679,0.124744,-0.0833777],[-0.110013,0.980552,0.162525],[0.10203,-0.151513,0.983175]],[[0.988679,0.124744,-0.0833777],[-0.122816,0.992038,0.0278861],[0.0861925,-0.0173303,0.996128]]],"btipPosition":[-58.1885,298.703,-108.197],"carpPosition":[-38.863,264.847,30.4351],"dipPosition":[-56.838,298.432,-92.5892],"direction":[-0.10203,0.151513,-0.983175],"extended":true,"handId":204,"id":2041,"length":53.9285,"mcpPosition":[-49.8917,282.76,-33.6671],"pipPosition":[-54.5765,295.074,-70.7971],"stabilizedTipPosition":[-57.0717,295.73,-75.86],"timeVisible":0.976441,"tipPosition":[-57.135,297.803,-104.822],"tipVelocity":[21.9736,-9.50994,-83.6336],"tool":false,"touchDistance":-0.388387,"touchZone":"touching","type":1,"width":17.738},{"bases":[[[0.996845,-0.0638458,-0.0471543],[0.0744864,0.957709,0.277932],[0.0274153,-0.280567,0.959443]],[[0.99721,-0.0729116,-0.0160128],[0.0270735,0.553148,-0.832643],[0.0695668,0.829886,0.553579]],[[0.99721,-0.0729116,-0.0160128],[-0.0623326,-0.695262,-0.716048],[0.0410751,0.715048,-0.697867]],[[0.99721,-0.0729116,-0.0160128],[-0.0745256,-0.984724,-0.157366],[-0.00429438,0.15812,-0.98741]]],"btipPosition":[-33.961,227.918,-21.7315],"carpPosition":[-28.1349,268.021,28.9079],"dipPosition":[-34.035,230.643,-38.7474],"direction":[-0.0410751,-0.715048,0.697867],"extended":false,"handId":204,"id":2042,"length":61.4471,"mcpPosition":[-29.8889,285.971,-32.4768],"pipPosition":[-32.9638,249.289,-56.9458],"stabilizedTipPosition":[-39.2623,223.048,22.0667],"timeVisible":0.976441,"tipPosition":[-33.9943,228.777,-26.7144],"tipVelocity":[32.0596,-4.02916,-19.6066],"tool":false,"touchDistance":0.333333,"touchZone":"none","type":2,"width":17.4211},{"bases":[[[0.981544,-0.176451,0.0737329],[0.146352,0.941268,0.304296],[-0.123096,-0.287889,0.94972]],[[0.981323,-0.176964,0.0754246],[0.159674,0.530664,-0.832406],[0.10728,0.828903,0.549009]],[[0.981323,-0.176964,0.0754246],[-0.0709978,-0.697587,-0.712974],[0.178786,0.694303,-0.697122]],[[0.981323,-0.176964,0.0754246],[-0.162479,-0.972391,-0.167501],[0.102984,0.152118,-0.982982]]],"btipPosition":[-20.5497,230.638,-14.6104],"carpPosition":[-16.9188,268.307,27.887],"dipPosition":[-18.7852,233.244,-31.4527],"direction":[-0.178786,-0.694302,0.697122],"extended":false,"handId":204,"id":2043,"length":59.0831,"mcpPosition":[-9.84784,284.844,-26.6678],"pipPosition":[-14.2434,250.882,-49.1621],"stabilizedTipPosition":[-23.0574,225.511,28.8591],"timeVisible":0.976441,"tipPosition":[-20.0829,231.426,-19.2],"tipVelocity":[28.1238,3.7302,-51.8816],"tool":false,"touchDistance":0.333333,"touchZone":"none","type":3,"width":16.5772},{"bases":[[[0.922935,-0.361668,0.131858],[0.285782,0.873208,0.394762],[-0.257912,-0.326657,0.909272]],[[0.919552,-0.365827,0.143508],[0.330874,0.523755,-0.784986],[0.212006,0.769318,0.602663]],[[0.919552,-0.365827,0.143508],[-0.137196,-0.641077,-0.755114],[0.368241,0.674678,-0.639694]],[[0.919552,-0.365827,0.143508],[-0.325193,-0.913425,-0.244752],[0.220621,0.178395,-0.958906]]],"btipPosition":[-8.79497,239.451,-14.0727],"carpPosition":[-5.54278,261.948,27.1883],"dipPosition":[-5.30767,242.271,-29.2298],"direction":[-0.368241,-0.674678,0.639694],"extended":false,"handId":204,"id":2044,"length":46.32,"mcpPosition":[8.17155,279.318,-21.1617],"pipPosition":[1.29713,254.372,-40.7034],"stabilizedTipPosition":[-8.49518,233.98,35.6521],"timeVisible":0.976441,"tipPosition":[-7.7509,240.205,-18.0133],"tipVelocity":[23.4785,5.99049,-48.7277],"tool":false,"touchDistance":0.333333,"touchZone":"none","type":4,"width":14.7252}],"r":[[0.817525,-0.0269436,0.575262],[0.000534968,0.99894,0.0460272],[-0.575893,-0.0373206,0.816673]],"s":1.09306,"t":[91.2428,115.35,-153.795],"timestamp":2738147516},false],[4,{"currentFrameRate":109.733,"devices":[],"gestures":[],"hands":[{"armBasis":[[0.912405,0.255234,-0.319958],[-0.0788558,0.876717,0.474499],[0.40162,-0.407705,0.820048]],"armWidth":58.4334,"confidence":0.772545,"direction":[-0.00689591,0.416437,-0.909139],"elbow":[79.9548,155.836,235.833],"grabStrength":0,"id":204,"palmNormal":[0.0794811,-0.906056,-0.415627],"palmPosition":[-26.4806,273.29,-14.0644],"palmVelocity":[18.0986,18.5188,-79.9846],"palmWidth":83.4409,"pinchStrength":0.561591,"r":[[0.815867,-0.0227358,0.577793],[-0.00266634,0.999068,0.0430776],[-0.578234,-0.0366862,0.815046]],"s":1.09427,"sphereCenter":[-33.0047,248.637,-45.8308],"sphereRadius":42.494,"stabilizedPalmPosition":[-26.9403,266.257,47.1294],"t":[91.4154,115.595,-154.506],"timeVisible":0.9852,"type":"right","wrist":[-19.486,256.783,32.7902]}],"id":261211,"interactionBox":{"center":[0,200,0],"size":[235.247,235.247,147.751]},"pointables":[{"bases":[[[0.328679,0.921891,0.205151],[-0.835082,0.18222,0.51907],[0.441143,-0.341925,0.829747]],[[0.227588,0.973451,0.0244144],[-0.894534,0.1991,0.40021],[0.384724,-0.112922,0.916098]],[[0.227588,0.973451,0.0244144],[-0.965107,0.22883,-0.1273],[-0.129507,0.00540937,0.991564]],[[0.227588,0.973451,0.0244144],[-0.790875,0.199413,-0.578577],[-0.568085,0.112368,0.815262]]],"btipPosition":[-46.1064,247.127,-59.6107],"carpPosition":[-44.7367,244.539,30.8248],"dipPosition":[-58.2986,249.539,-42.1136],"direction":[0.129507,-0.00540937,-0.991564],"extended":false,"handId":204,"id":2040,"length":47.7925,"mcpPosition":[-44.7367,244.539,30.8248],"pipPosition":[-62.3479,249.708,-11.1106],"stabilizedTipPosition":[-53.3253,240.211,-6.83254],"timeVisible":0.9852,"tipPosition":[-48.9897,247.316,-55.8188],"tipVelocity":[55.2588,-5.46088,-73.114],"tool":false,"touchDistance":-0.374762,"touchZone":"touching","type":0,"width":18.5699},{"bases":[[[0.981504,0.143979,-0.126177],[-0.104437,0.955058,0.277413],[0.160448,-0.259104,0.952429]],[[0.988066,0.131396,-0.080384],[-0.0993125,0.942332,0.319606],[0.117743,-0.307808,0.944135]],[[0.988066,0.131396,-0.080384],[-0.117543,0.980446,0.157826],[0.0995499,-0.146494,0.98419]],[[0.988066,0.131396,-0.080384],[-0.129964,0.991256,0.022814],[0.0826788,-0.0120947,0.996503]]],"btipPosition":[-57.8224,298.472,-109.326],"carpPosition":[-38.8569,265.427,29.555],"dipPosition":[-56.527,298.282,-93.713],"direction":[-0.0995499,0.146494,-0.98419],"extended":true,"handId":204,"id":2041,"length":53.9285,"mcpPosition":[-49.6816,282.908,-34.7014],"pipPosition":[-54.3205,295.035,-71.8984],"stabilizedTipPosition":[-57.0726,295.735,-75.9179],"timeVisible":0.9852,"tipPosition":[-56.7748,297.606,-105.942],"tipVelocity":[26.9037,-13.4816,-95.7581],"tool":false,"touchDistance":-0.394806,"touchZone":"touching","type":1,"width":17.738},{"bases":[[[0.997483,-0.057288,-0.0417708],[0.0665489,0.959729,0.27293],[0.024453,-0.275023,0.961127]],[[0.997754,-0.0660961,-0.0108638],[0.0269938,0.5452,-0.837871],[0.061303,0.835696,0.54576]],[[0.997754,-0.0660961,-0.0108638],[-0.0542176,-0.701673,-0.710434],[0.0393341,0.709427,-0.70368]],[[0.997754,-0.0660961,-0.0108638],[-0.0669793,-0.98619,-0.151468],[-0.000702314,0.151855,-0.988402]]],"btipPosition":[-33.4308,228.207,-22.1687],"carpPosition":[-28.143,268.667,28.0641],"dipPosition":[-33.4429,230.824,-39.2017],"direction":[-0.0393341,-0.709427,0.70368],"extended":false,"handId":204,"id":2042,"length":61.4471,"mcpPosition":[-29.7075,286.262,-33.4284],"pipPosition":[-32.4172,249.324,-57.5517],"stabilizedTipPosition":[-39.197,223.112,21.5272],"timeVisible":0.9852,"tipPosition":[-33.4471,229.036,-27.1606],"tipVelocity":[40.1343,5.13438,-27.8609],"tool":false,"touchDistance":0.333333,"touchZone":"none","type":2,"width":17.4211},{"bases":[[[0.982336,-0.16932,0.0796672],[0.13839,0.943928,0.299748],[-0.125953,-0.283428,0.950686]],[[0.982146,-0.169745,0.0810924],[0.159904,0.526212,-0.835184],[0.0990962,0.833239,0.54396]],[[0.982146,-0.169745,0.0810924],[-0.0628781,-0.702485,-0.708915],[0.177301,0.691159,-0.700616]],[[0.982146,-0.169745,0.0810924],[-0.154973,-0.974422,-0.16274],[0.106642,0.147267,-0.983331]]],"btipPosition":[-20.0805,231.083,-15.1532],"carpPosition":[-16.9241,269.024,27.0981],"dipPosition":[-18.2533,233.607,-32.0014],"direction":[-0.177301,-0.691159,0.700616],"extended":false,"handId":204,"id":2043,"length":59.0831,"mcpPosition":[-9.68899,285.305,-27.5122],"pipPosition":[-13.7492,251.165,-49.7996],"stabilizedTipPosition":[-23.0423,225.538,28.646],"timeVisible":0.9852,"tipPosition":[-19.5991,231.848,-19.7412],"tipVelocity":[35.393,15.7969,-54.6299],"tool":false,"touchDistance":0.333333,"touchZone":"none","type":3,"width":16.5772},{"bases":[[[0.924696,-0.354607,0.138534],[0.27782,0.877328,0.391296],[-0.260296,-0.323342,0.909778]],[[0.921428,-0.358552,0.1497],[0.330035,0.518915,-0.788545],[0.205053,0.775994,0.596478]],[[0.921428,-0.358552,0.1497],[-0.130147,-0.647837,-0.750579],[0.366103,0.672122,-0.6436]],[[0.921428,-0.358552,0.1497],[-0.317796,-0.917132,-0.240571],[0.223552,0.174095,-0.959018]]],"btipPosition":[-8.40961,239.963,-14.523],"carpPosition":[-5.50163,262.739,26.4924],"dipPosition":[-4.87599,242.715,-29.682],"direction":[-0.366103,-0.672122,0.6436],"extended":false,"handId":204,"id":2044,"length":46.32,"mcpPosition":[8.33943,279.932,-21.8845],"pipPosition":[1.69047,254.77,-41.2256],"stabilizedTipPosition":[-8.49411,233.988,35.5885],"timeVisible":0.9852,"tipPosition":[-7.35755,240.707,-18.489],"tipVelocity":[29.3102,19.5855,-49.4621],"tool":false,"touchDistance":0.333333,"touchZone":"none","type":4,"width":14.7252}],"r":[[0.815867,-0.0227358,0.577793],[-0.00266634,0.999068,0.0430776],[-0.578234,-0.0366862,0.815046]],"s":1.09427,"t":[91.4154,115.595,-154.506],"timestamp":2738156275},false],[5,{"currentFrameRate":109.688,"devices":[],"gestures":[],"hands":[{"armBasis":[[0.913194,0.260211,-0.313635],[-0.0859667,0.875292,0.475892],[0.398355,-0.40762,0.821681]],"armWidth":58.4334,"confidence":0.772835,"direction":[-0.00570169,0.41191,-0.911207],"elbow":[79.2747,156.56,235.45],"grabStrength":0,"id":204,"palmNormal":[0.0866093,-0.907594,-0.410819],"palmPosition":[-26.2608,273.72,-14.9608],"palmVelocity":[19.722,26.4099,-84.8724],"palmWidth":83.4409,"pinchStrength":0.558351,"r":[[0.814078,-0.0178156,0.580482],[-0.0064558,0.99919,0.0397199],[-0.580719,-0.0360826,0.813304]],"s":1.09551,"sphereCenter":[-32.7687,248.95,-46.6106],"sphereRadius":42.5208,"stabilizedPalmPosition":[-26.9402,266.259,47.1151],"t":[91.6116,115.932,-155.31],"timeVisible":0.994397,"type":"right","wrist":[-19.3576,257.486,32.0027]}],"id":261212,"interactionBox":{"center":[0,200,0],"size":[235.247,235.247,147.751]},"pointables":[{"bases":[[[0.3223,0.924853,0.201915],[-0.838264,0.179736,0.514789],[0.439813,-0.335175,0.8332]],[[0.222245,0.974752,0.0215661],[-0.89704,0.19576,0.396228],[0.382002,-0.107405,0.917899]],[[0.222245,0.974752,0.0215661],[-0.965773,0.223124,-0.132281],[-0.133753,0.00857079,0.990978]],[[0.222245,0.974752,0.0215661],[-0.788727,0.192746,-0.583745],[-0.573164,0.112725,0.811651]]],"btipPosition":[-45.5295,247.31,-60.4261],"carpPosition":[-44.5261,245.08,29.996],"dipPosition":[-57.8307,249.729,-43.0065],"direction":[0.133753,-0.00857079,-0.990978],"extended":false,"handId":204,"id":2040,"length":47.7925,"mcpPosition":[-44.5261,245.08,29.996],"pipPosition":[-62.0127,249.997,-12.0218],"stabilizedTipPosition":[-53.2852,240.273,-7.23317],"timeVisible":0.994397,"tipPosition":[-48.4343,247.48,-56.6495],"tipVelocity":[56.5844,1.66874,-78.0025],"tool":false,"touchDistance":-0.378117,"touchZone":"touching","type":0,"width":18.5699},{"bases":[[[0.981126,0.149268,-0.122926],[-0.111297,0.955764,0.272264],[0.158129,-0.253444,0.954338]],[[0.987414,0.13733,-0.0784486],[-0.105979,0.942705,0.316347],[0.117398,-0.304051,0.945394]],[[0.987414,0.13733,-0.0784486],[-0.124026,0.980141,0.154727],[0.0981395,-0.14305,0.984838]],[[0.987414,0.13733,-0.0784486],[-0.136181,0.990485,0.0198468],[0.0804278,-0.00891378,0.996721]]],"btipPosition":[-57.4957,298.386,-110.431],"carpPosition":[-38.7668,265.997,28.6467],"dipPosition":[-56.2356,298.246,-94.8141],"direction":[-0.0981395,0.14305,-0.984838],"extended":true,"handId":204,"id":2041,"length":53.9285,"mcpPosition":[-49.4351,283.096,-35.7385],"pipPosition":[-54.0603,295.075,-72.9851],"stabilizedTipPosition":[-57.0728,295.739,-75.9673],"timeVisible":0.994397,"tipPosition":[-56.4522,297.536,-107.04],"tipVelocity":[29.0675,-11.9771,-102.54],"tool":false,"touchDistance":-0.400215,"touchZone":"touching","type":1,"width":17.738},{"bases":[[[0.997971,-0.0514816,-0.0374624],[0.0596745,0.961444,0.268449],[0.0221978,-0.27014,0.962565]],[[0.998171,-0.0600763,-0.00672531],[0.0267892,0.539325,-0.841671],[0.0541916,0.839952,0.539948]],[[0.998171,-0.0600763,-0.00672531],[-0.0472775,-0.706466,-0.706166],[0.0376726,0.705193,-0.708014]],[[0.998171,-0.0600763,-0.00672531],[-0.0604126,-0.98734,-0.146661],[0.0021707,0.1468,-0.989164]]],"btipPosition":[-32.9019,228.531,-22.7588],"carpPosition":[-28.0666,269.294,27.183],"dipPosition":[-32.8645,231.061,-39.805],"direction":[-0.0376727,-0.705193,0.708014],"extended":false,"handId":204,"id":2042,"length":61.4471,"mcpPosition":[-29.4868,286.577,-34.4015],"pipPosition":[-31.8821,249.45,-58.268],"stabilizedTipPosition":[-39.1221,223.184,20.9542],"timeVisible":0.994397,"tipPosition":[-32.9047,229.334,-27.7413],"tipVelocity":[45.3385,12.9464,-38.1053],"tool":false,"touchDistance":0.333333,"touchZone":"none","type":2,"width":17.4211},{"bases":[[[0.983003,-0.163004,0.0844659],[0.1315,0.946207,0.295634],[-0.128112,-0.279502,0.95156]],[[0.982844,-0.163349,0.0856394],[0.159785,0.522211,-0.837714],[0.0921176,0.837026,0.539353]],[[0.982844,-0.163349,0.0856394],[-0.0560159,-0.706769,-0.705223],[0.175724,0.688327,-0.703794]],[[0.982844,-0.163349,0.0856394],[-0.148432,-0.97615,-0.158428],[0.109476,0.142998,-0.98365]]],"btipPosition":[-19.6012,231.538,-15.766],"carpPosition":[-16.8462,269.714,26.2605],"dipPosition":[-17.7254,233.988,-32.6197],"direction":[-0.175724,-0.688327,0.703794],"extended":false,"handId":204,"id":2043,"length":59.0831,"mcpPosition":[-9.48708,285.769,-28.3999],"pipPosition":[-13.2614,251.474,-50.4986],"stabilizedTipPosition":[-23.0247,225.568,28.4269],"timeVisible":0.994397,"tipPosition":[-19.109,232.28,-20.3514],"tipVelocity":[40.4099,24.685,-58.0234],"tool":false,"touchDistance":0.333333,"touchZone":"none","type":3,"width":16.5772},{"bases":[[[0.926238,-0.348343,0.144015],[0.270953,0.8809,0.388071],[-0.262044,-0.320425,0.910308]],[[0.923086,-0.352095,0.154731],[0.328679,0.513307,-0.792771],[0.199705,0.782652,0.589553]],[[0.923086,-0.352095,0.154731],[-0.12473,-0.654652,-0.745569],[0.363806,0.668925,-0.648217]],[[0.923086,-0.352095,0.154731],[-0.311519,-0.92045,-0.236065],[0.22554,0.169707,-0.959339]]],"btipPosition":[-8.01561,240.475,-14.9992],"carpPosition":[-5.3838,263.495,25.732],"dipPosition":[-4.45056,243.157,-30.1632],"direction":[-0.363806,-0.668925,0.648217],"extended":false,"handId":204,"id":2044,"length":46.32,"mcpPosition":[8.55025,280.533,-22.673],"pipPosition":[2.07469,255.155,-41.7896],"stabilizedTipPosition":[-8.49216,233.999,35.5071],"timeVisible":0.994397,"tipPosition":[-6.95792,241.208,-19.0025],"tipVelocity":[33.3139,29.1848,-50.1431],"tool":false,"touchDistance":0.333333,"touchZone":"none","type":4,"width":14.7252}],"r":[[0.814078,-0.0178156,0.580482],[-0.0064558,0.99919,0.0397199],[-0.580719,-0.0360826,0.813304]],"s":1.09551,"t":[91.6116,115.932,-155.31],"timestamp":2738165472},false],[6,{"currentFrameRate":109.723,"devices":[],"gestures":[],"hands":[{"armBasis":[[0.914113,0.262381,-0.309117],[-0.0905127,0.875201,0.475216],[0.395227,-0.406422,0.823782]],"armWidth":58.4334,"confidence":0.775906,"direction":[-0.00515658,0.408753,-0.91263],"elbow":[78.6489,157.347,235.425],"grabStrength":0,"id":204,"palmNormal":[0.091162,-0.90865,-0.407486],"palmPosition":[-26.0642,274.022,-15.5778],"palmVelocity":[20.2726,28.3313,-80.2633],"palmWidth":83.4409,"pinchStrength":0.554887,"r":[[0.812362,-0.012836,0.583012],[-0.0102853,0.999287,0.0363325],[-0.583062,-0.0355116,0.811651]],"s":1.09676,"sphereCenter":[-32.7016,249.197,-47.1412],"sphereRadius":42.5552,"stabilizedPalmPosition":[-26.9399,266.261,47.1001],"t":[91.808,116.252,-156.021],"timeVisible":1.00345,"type":"right","wrist":[-19.2089,257.977,31.4575]}],"id":261213,"interactionBox":{"center":[0,200,0],"size":[235.247,235.247,147.751]},"pointables":[{"bases":[[[0.318172,0.926806,0.199491],[-0.840189,0.178191,0.512183],[0.439146,-0.330573,0.835387]],[[0.219483,0.975397,0.0206963],[-0.898175,0.193733,0.394652],[0.380932,-0.105208,0.918598]],[[0.219483,0.975397,0.0206963],[-0.965998,0.220242,-0.135429],[-0.136656,0.00973195,0.990571]],[[0.219483,0.975397,0.0206963],[-0.786797,0.189508,-0.587399],[-0.576869,0.112641,0.809033]]],"btipPosition":[-45.1076,247.559,-60.9512],"carpPosition":[-44.3235,245.465,29.434],"dipPosition":[-57.4883,249.977,-43.5878],"direction":[0.136656,-0.00973195,-0.990571],"extended":false,"handId":204,"id":2040,"length":47.7925,"mcpPosition":[-44.3235,245.465,29.434],"pipPosition":[-61.7611,250.281,-12.6158],"stabilizedTipPosition":[-53.2424,240.336,-7.63272],"timeVisible":1.00345,"tipPosition":[-48.0254,247.688,-57.1867],"tipVelocity":[53.275,8.80591,-72.881],"tool":false,"touchDistance":-0.376709,"touchZone":"touching","type":0,"width":18.5699},{"bases":[[[0.98082,0.152718,-0.121118],[-0.11571,0.956246,0.268708],[0.156855,-0.249539,0.955577]],[[0.986868,0.141371,-0.0781341],[-0.110093,0.942661,0.315072],[0.118196,-0.302333,0.945846]],[[0.986868,0.141371,-0.0781341],[-0.128168,0.979743,0.15387],[0.0983042,-0.141836,0.984997]],[[0.986868,0.141371,-0.0781341],[-0.140283,0.989924,0.0192722],[0.0800713,-0.00805817,0.996757]]],"btipPosition":[-57.3159,298.417,-111.157],"carpPosition":[-38.6434,266.4,28.0262],"dipPosition":[-56.0614,298.291,-95.5394],"direction":[-0.0983042,0.141836,-0.984997],"extended":true,"handId":204,"id":2041,"length":53.9285,"mcpPosition":[-49.2258,283.235,-36.4425],"pipPosition":[-53.8824,295.147,-73.7069],"stabilizedTipPosition":[-57.0728,295.743,-76.006],"timeVisible":1.00345,"tipPosition":[-56.2701,297.566,-107.763],"tipVelocity":[26.4888,-7.63011,-96.3683],"tool":false,"touchDistance":-0.399413,"touchZone":"touching","type":1,"width":17.738},{"bases":[[[0.998252,-0.0476691,-0.0349238],[0.0552468,0.962588,0.265277],[0.0209717,-0.266743,0.963539]],[[0.998416,-0.0561011,-0.00436131],[0.0263748,0.535029,-0.844422],[0.0497064,0.842969,0.535661]],[[0.998416,-0.0561011,-0.00436131],[-0.0429541,-0.709782,-0.70311],[0.0363497,0.702184,-0.711067]],[[0.998416,-0.0561011,-0.00436131],[-0.0561463,-0.988074,-0.143381],[0.00373451,0.143398,-0.989658]]],"btipPosition":[-32.5039,228.757,-23.15],"carpPosition":[-27.9528,269.733,26.5766],"dipPosition":[-32.4395,231.228,-40.2047],"direction":[-0.0363497,-0.702184,0.711067],"extended":false,"handId":204,"id":2042,"length":61.4471,"mcpPosition":[-29.2946,286.8,-35.0703],"pipPosition":[-31.4917,249.539,-58.7473],"stabilizedTipPosition":[-39.0443,223.256,20.3911],"timeVisible":1.00345,"tipPosition":[-32.4997,229.543,-28.1215],"tipVelocity":[45.1498,15.8574,-39.5742],"tool":false,"touchDistance":0.333333,"touchZone":"none","type":2,"width":17.4211},{"bases":[[[0.983434,-0.15883,0.0873519],[0.127067,0.947729,0.292685],[-0.129273,-0.276737,0.952211]],[[0.983304,-0.159108,0.0883056],[0.159419,0.519223,-0.839639],[0.0877426,0.839698,0.535918]],[[0.983304,-0.159108,0.0883056],[-0.0517601,-0.709784,-0.702515],[0.174453,0.686216,-0.706169]],[[0.983304,-0.159108,0.0883056],[-0.144186,-0.977286,-0.155315],[0.111012,0.139989,-0.98391]]],"btipPosition":[-19.235,231.855,-16.1792],"carpPosition":[-16.732,270.195,25.6792],"dipPosition":[-17.333,234.254,-33.0374],"direction":[-0.174453,-0.686216,0.706169],"extended":false,"handId":204,"id":2043,"length":59.0831,"mcpPosition":[-9.30617,286.091,-29.0186],"pipPosition":[-12.9012,251.686,-50.9766],"stabilizedTipPosition":[-23.0056,225.599,28.2078],"timeVisible":1.00345,"tipPosition":[-18.7377,232.582,-20.7612],"tipVelocity":[40.6051,27.1985,-54.6413],"tool":false,"touchDistance":0.333333,"touchZone":"none","type":3,"width":16.5772},{"bases":[[[0.927258,-0.344186,0.147404],[0.266556,0.88329,0.385676],[-0.262945,-0.31833,0.910783]],[[0.924245,-0.347741,0.157628],[0.327257,0.508892,-0.796198],[0.196656,0.787467,0.584142]],[[0.924245,-0.347741,0.157628],[-0.121582,-0.659429,-0.74187],[0.361923,0.666505,-0.651753]],[[0.924245,-0.347741,0.157628],[-0.307406,-0.922628,-0.232934],[0.226433,0.166833,-0.959633]]],"btipPosition":[-7.70933,240.821,-15.3137],"carpPosition":[-5.24397,264.019,25.1992],"dipPosition":[-4.13017,243.458,-30.4824],"direction":[-0.361923,-0.666505,0.651753],"extended":false,"handId":204,"id":2044,"length":46.32,"mcpPosition":[8.73797,280.946,-23.2311],"pipPosition":[2.3613,255.412,-42.1723],"stabilizedTipPosition":[-8.4891