{"sensorType":"Leap","data":[[0,{"currentFrameRate":107.845,"devices":[],"gestures":[],"hands":[{"armBasis":[[0.922426,0.174637,-0.344431],[0.00116764,0.890639,0.454709],[0.386172,-0.419837,0.821345]],"armWidth":58.4334,"confidence":0.615589,"direction":[0.0438983,0.509874,-0.859129],"elbow":[71.6983,162.893,235.515],"grabStrength":0,"id":205,"palmNormal":[0.00162369,-0.859993,-0.510304],"palmPosition":[-28.7209,288.833,-12.6848],"palmVelocity":[14.4611,38.1521,-148.383],"palmWidth":83.4409,"pinchStrength":0.729104,"r":[[0.799776,0.0141446,0.600132],[0.17616,0.950178,-0.257158],[-0.573869,0.311388,0.757437]],"s":0.940233,"sphereCenter":[-37.9008,266.929,-47.2946],"sphereRadius":41.3289,"stabilizedPalmPosition":[-44.8463,261.052,48.4854],"t":[100.319,107.38,-191.768],"timeVisible":0.695922,"type":"right","wrist":[-23.9176,266.844,32.1504]}],"id":261686,"interactionBox":{"center":[0,200,0],"size":[235.247,235.247,147.751]},"pointables":[{"bases":[[[0.409123,0.860241,0.30431],[-0.821875,0.202521,0.532453],[0.396409,-0.467944,0.789866]],[[0.276169,0.959142,0.0614696],[-0.926701,0.248776,0.281668],[0.254867,-0.134752,0.957541]],[[0.276169,0.959142,0.0614696],[-0.932723,0.282892,-0.223606],[-0.231859,0.00441871,0.972739]],[[0.276169,0.959142,0.0614696],[-0.895154,0.279974,-0.346863],[-0.3499,0.0407678,0.935899]]],"btipPosition":[-47.0647,262.431,-65.5494],"carpPosition":[-50.1569,257.276,28.7837],"dipPosition":[-54.5742,263.306,-45.4632],"direction":[0.231859,-0.00441871,-0.972739],"extended":false,"handId":205,"id":2050,"length":47.7925,"mcpPosition":[-50.1569,257.276,28.7837],"pipPosition":[-61.8237,263.444,-15.0488],"stabilizedTipPosition":[-67.763,245.179,-21.8972],"timeVisible":0.695922,"tipPosition":[-48.5693,261.321,-60.8306],"tipVelocity":[16.7679,102.853,-171.199],"tool":false,"touchDistance":-0.497437,"touchZone":"hovering","type":0,"width":18.5699},{"bases":[[[0.992223,0.0649005,-0.106217],[-0.0200689,0.925562,0.378063],[0.122847,-0.372991,0.919667]],[[0.995465,0.0536659,-0.0785405],[-0.0272213,0.951845,0.305368],[0.0911463,-0.301846,0.94899]],[[0.995465,0.0536659,-0.0785405],[-0.0383584,0.982022,0.18483],[0.0870475,-0.180979,0.979627]],[[0.995465,0.0536659,-0.0785405],[-0.0466519,0.994977,0.0885659],[0.082899,-0.0845002,0.992969]]],"btipPosition":[-57.4734,319.936,-106.917],"carpPosition":[-42.3662,277.544,29.789],"dipPosition":[-56.1745,318.612,-91.3588],"direction":[-0.0870475,0.180979,-0.979627],"extended":true,"handId":205,"id":2051,"length":53.9285,"mcpPosition":[-50.6541,302.708,-32.257],"pipPosition":[-54.2451,314.6,-69.6453],"stabilizedTipPosition":[-77.2105,295.979,-48.5193],"timeVisible":0.695922,"tipPosition":[-56.835,318.31,-103.547],"tipVelocity":[58.7286,53.4087,-161.114],"tool":false,"touchDistance":-0.504423,"touchZone":"hovering","type":1,"width":17.738},{"bases":[[[0.988483,-0.144832,-0.0438738],[0.150669,0.914796,0.374762],[-0.0141419,-0.377056,0.926082]],[[0.988517,-0.143842,-0.0463022],[0.0690286,0.702414,-0.708413],[0.134423,0.697082,0.704278]],[[0.988517,-0.143842,-0.0463022],[-0.118946,-0.551693,-0.825522],[0.0932005,0.82155,-0.562467]],[[0.988517,-0.143842,-0.0463022],[-0.151084,-0.946596,-0.284833],[-0.00285848,0.288557,-0.957458]]],"btipPosition":[-38.7985,246.831,-30.5172],"carpPosition":[-31.3805,279.916,28.6959],"dipPosition":[-38.8478,251.804,-47.017],"direction":[-0.0932005,-0.82155,0.562467],"extended":false,"handId":205,"id":2052,"length":61.4471,"mcpPosition":[-30.4757,304.039,-30.5545],"pipPosition":[-36.4174,273.228,-61.6845],"stabilizedTipPosition":[-63.6721,222.506,29.2544],"timeVisible":0.695922,"tipPosition":[-38.7333,248.153,-34.3051],"tipVelocity":[42.4271,21.4671,-116.663],"tool":false,"touchDistance":0.333333,"touchZone":"none","type":2,"width":17.4211},{"bases":[[[0.961439,-0.267287,0.0647596],[0.220379,0.889625,0.4],[-0.164526,-0.370304,0.914224]],[[0.959718,-0.271034,0.0740414],[0.238762,0.647826,-0.723404],[0.148101,0.711943,0.686443]],[[0.959718,-0.271034,0.0740414],[-0.0983382,-0.570887,-0.815119],[0.263194,0.775003,-0.574543]],[[0.959718,-0.271034,0.0740414],[-0.239287,-0.926574,-0.290175],[0.147252,0.260769,-0.954105]]],"btipPosition":[-25.9903,247.276,-21.8814],"carpPosition":[-20.164,279.331,27.8168],"dipPosition":[-23.4673,251.744,-38.2289],"direction":[-0.263194,-0.775003,0.574543],"extended":false,"handId":205,"id":2053,"length":59.0831,"mcpPosition":[-10.7131,300.602,-24.699],"pipPosition":[-16.7812,271.432,-52.8244],"stabilizedTipPosition":[-46.3222,224.468,28.5786],"timeVisible":0.695922,"tipPosition":[-25.3285,248.552,-25.6212],"tipVelocity":[32.9991,30.6781,-125.139],"tool":false,"touchDistance":0.333333,"touchZone":"none","type":3,"width":16.5772},{"bases":[[[0.886217,-0.451642,0.103148],[0.351828,0.800988,0.484391],[-0.301392,-0.392985,0.86875]],[[0.822543,-0.511554,0.248466],[0.538897,0.561525,-0.627917],[0.181693,0.650387,0.737553]],[[0.822543,-0.511554,0.248466],[-0.0734666,-0.52882,-0.845548],[0.563937,0.677246,-0.472559]],[[0.822543,-0.511554,0.248466],[-0.40412,-0.833164,-0.377523],[0.400137,0.210119,-0.892043]]],"btipPosition":[-15.6648,256.453,-20.952],"carpPosition":[-9.35992,272.114,26.5827],"dipPosition":[-9.33994,259.774,-35.0523],"direction":[-0.563937,-0.677246,0.472559],"extended":false,"handId":205,"id":2054,"length":46.32,"mcpPosition":[6.66638,293.01,-19.6125],"pipPosition":[0.774885,271.921,-43.5281],"stabilizedTipPosition":[-30.1125,236.025,21.044],"timeVisible":0.695922,"tipPosition":[-14.1498,257.237,-23.9383],"tipVelocity":[29.6117,38.5729,-130.09],"tool":false,"touchDistance":0.333333,"touchZone":"none","type":4,"width":14.7252}],"r":[[0.799776,0.0141446,0.600132],[0.17616,0.950178,-0.257158],[-0.573869,0.311388,0.757437]],"s":0.940233,"t":[100.319,107.38,-191.768],"timestamp":2742539863},false],[1,{"currentFrameRate":107.963,"devices":[],"gestures":[],"hands":[{"armBasis":[[0.923271,0.178907,-0.339946],[-0.00460939,0.890027,0.455885],[0.384122,-0.419339,0.82256]],"armWidth":58.4334,"confidence":0.616263,"direction":[0.0461675,0.510079,-0.858887],"elbow":[71.2732,163.047,235.164],"grabStrength":0,"id":205,"palmNormal":[0.00749634,-0.859957,-0.510312],"palmPosition":[-28.5017,288.847,-13.3591],"palmVelocity":[17.152,28.0625,-128.008],"palmWidth":83.4409,"pinchStrength":0.697305,"r":[[0.796426,0.0165171,0.604511],[0.174713,0.950715,-0.256156],[-0.578949,0.309626,0.754288]],"s":0.945326,"sphereCenter":[-37.5122,266.929,-47.9764],"sphereRadius":41.3897,"stabilizedPalmPosition":[-44.8362,261.069,48.447],"t":[100.496,107.55,-192.796],"timeVisible":0.704971,"type":"right","wrist":[-23.835,266.875,31.4987]}],"id":261687,"interactionBox":{"center":[0,200,0],"size":[235.247,235.247,147.751]},"pointables":[{"bases":[[[0.404261,0.861812,0.306354],[-0.825283,0.199298,0.528382],[0.394311,-0.466433,0.791807]],[[0.274744,0.959156,0.0673453],[-0.927715,0.246026,0.280743],[0.252707,-0.13961,0.957417]],[[0.274744,0.959156,0.0673453],[-0.933476,0.282868,-0.220474],[-0.230519,-0.00229123,0.973065]],[[0.274744,0.959156,0.0673453],[-0.900293,0.281212,-0.332254],[-0.337622,0.0306544,0.940783]]],"btipPosition":[-47.1342,263.01,-66.4405],"carpPosition":[-50.0198,257.205,28.0019],"dipPosition":[-54.3802,263.668,-46.2495],"direction":[0.230519,0.00229123,-0.973065],"extended":false,"handId":205,"id":2050,"length":47.7925,"mcpPosition":[-50.0198,257.205,28.0019],"pipPosition":[-61.5878,263.596,-15.8249],"stabilizedTipPosition":[-67.4667,245.46,-22.5206],"timeVisible":0.704971,"tipPosition":[-48.409,261.841,-61.6647],"tipVelocity":[11.8701,90.593,-150.404],"tool":false,"touchDistance":-0.489032,"touchZone":"hovering","type":0,"width":18.5699},{"bases":[[[0.992476,0.0687651,-0.101301],[-0.0255415,0.92546,0.377983],[0.119742,-0.372551,0.920254]],[[0.995511,0.0580151,-0.0747753],[-0.0323346,0.951035,0.307386],[0.088947,-0.303588,0.948643]],[[0.995511,0.0580151,-0.0747753],[-0.0432155,0.98156,0.186208],[0.0841993,-0.18214,0.979661]],[[0.995511,0.0580151,-0.0747753],[-0.0512564,0.994682,0.0893369],[0.0795605,-0.0851032,0.993191]]],"btipPosition":[-57.0088,319.969,-107.69],"carpPosition":[-42.3131,277.504,29.0463],"dipPosition":[-55.7622,318.636,-92.1282],"direction":[-0.0841993,0.18214,-0.979661],"extended":true,"handId":205,"id":2051,"length":53.9285,"mcpPosition":[-50.3916,302.638,-33.0393],"pipPosition":[-53.896,314.599,-70.4139],"stabilizedTipPosition":[-77.1503,296.048,-48.6825],"timeVisible":0.704971,"tipPosition":[-56.3612,318.374,-104.319],"tipVelocity":[56.3238,39.6327,-140.206],"tool":false,"touchDistance":-0.493895,"touchZone":"hovering","type":1,"width":17.738},{"bases":[[[0.989244,-0.140983,-0.0389826],[0.145251,0.915359,0.375527],[-0.0172599,-0.37715,0.925991]],[[0.989278,-0.140199,-0.0409069],[0.0684928,0.692769,-0.717899],[0.128988,0.7074,0.694944]],[[0.989278,-0.140199,-0.0409069],[-0.11338,-0.560724,-0.820204],[0.0920541,0.816047,-0.570607]],[[0.989278,-0.140199,-0.0409069],[-0.146043,-0.948214,-0.282067],[0.000757001,0.285017,-0.958522]]],"btipPosition":[-38.3422,246.588,-30.5564],"carpPosition":[-31.3315,279.918,28.0077],"dipPosition":[-38.3292,251.499,-47.0745],"direction":[-0.0920541,-0.816047,0.570607],"extended":false,"handId":205,"id":2052,"length":61.4471,"mcpPosition":[-30.2272,304.048,-31.2369],"pipPosition":[-35.9287,272.78,-61.9543],"stabilizedTipPosition":[-63.6457,222.532,29.1882],"timeVisible":0.704971,"tipPosition":[-38.2674,247.965,-34.579],"tipVelocity":[45.0711,7.69604,-85.8061],"tool":false,"touchDistance":0.333333,"touchZone":"none","type":2,"width":17.4211},{"bases":[[[0.962139,-0.263547,0.0695124],[0.214933,0.890458,0.40111],[-0.167609,-0.370983,0.913389]],[[0.960391,-0.267292,0.0787636],[0.238745,0.643521,-0.727243],[0.1437,0.717242,0.681846]],[[0.960391,-0.267292,0.0787636],[-0.0935761,-0.575602,-0.812358],[0.262474,0.772811,-0.577815]],[[0.960391,-0.267292,0.0787636],[-0.234568,-0.928058,-0.289286],[0.150421,0.259352,-0.953997]]],"btipPosition":[-25.6135,247.224,-22.1965],"carpPosition":[-20.1086,279.377,27.1841],"dipPosition":[-23.0362,251.667,-38.5421],"direction":[-0.262474,-0.772811,0.577815],"extended":false,"handId":205,"id":2053,"length":59.0831,"mcpPosition":[-10.4807,300.687,-25.2837],"pipPosition":[-16.3685,271.3,-53.2208],"stabilizedTipPosition":[-46.2983,224.495,28.5177],"timeVisible":0.704971,"tipPosition":[-24.9278,248.507,-26.0601],"tipVelocity":[35.7626,20.4475,-100.212],"tool":false,"touchDistance":0.333333,"touchZone":"none","type":3,"width":16.5772},{"bases":[[[0.887446,-0.448195,0.107523],[0.346306,0.802329,0.486148],[-0.304158,-0.394194,0.867236]],[[0.823723,-0.508057,0.25171],[0.538738,0.562931,-0.626794],[0.176751,0.651911,0.737409]],[[0.823723,-0.508057,0.25171],[-0.0678002,-0.529016,-0.845899],[0.562924,0.679721,-0.470209]],[[0.823723,-0.508057,0.25171],[-0.398474,-0.834548,-0.380458],[0.403359,0.213092,-0.889884]]],"btipPosition":[-15.3008,256.464,-21.5225],"carpPosition":[-9.27055,272.202,26.0033],"dipPosition":[-8.92504,259.832,-35.5886],"direction":[-0.562924,-0.679721,0.470209],"extended":false,"handId":205,"id":2054,"length":46.32,"mcpPosition":[6.90286,293.163,-20.1114],"pipPosition":[1.1716,272.024,-44.0223],"stabilizedTipPosition":[-30.087,236.058,20.9724],"timeVisible":0.704971,"tipPosition":[-13.7684,257.277,-24.5259],"tipVelocity":[32.8956,28.6098,-111.357],"tool":false,"touchDistance":0.333333,"touchZone":"none","type":4,"width":14.7252}],"r":[[0.796426,0.0165171,0.604511],[0.174713,0.950715,-0.256156],[-0.578949,0.309626,0.754288]],"s":0.945326,"t":[100.496,107.55,-192.796],"timestamp":2742548912},false],[2,{"currentFrameRate":108.044,"devices":[],"gestures":[],"hands":[{"armBasis":[[0.923627,0.185063,-0.335655],[-0.0113629,0.888552,0.458635],[0.383124,-0.419794,0.822794]],"armWidth":58.4334,"confidence":0.617921,"direction":[0.0476297,0.509782,-0.858984],"elbow":[71.1039,162.992,234.652],"grabStrength":0,"id":205,"palmNormal":[0.0141719,-0.860218,-0.509729],"palmPosition":[-28.324,288.853,-13.9638],"palmVelocity":[17.8051,20.473,-110.913],"palmWidth":83.4409,"pinchStrength":0.67712,"r":[[0.793136,0.0192757,0.608739],[0.172839,0.951283,-0.255318],[-0.584004,0.307716,0.751166]],"s":0.950322,"sphereCenter":[-37.3475,266.974,-48.5722],"sphereRadius":41.4523,"stabilizedPalmPosition":[-44.828,261.083,48.416],"t":[100.673,107.639,-193.612],"timeVisible":0.71408,"type":"right","wrist":[-23.7571,266.932,30.9291]}],"id":261688,"interactionBox":{"center":[0,200,0],"size":[235.247,235.247,147.751]},"pointables":[{"bases":[[[0.398519,0.864007,0.307694],[-0.828726,0.195494,0.524401],[0.392933,-0.463977,0.793932]],[[0.271218,0.959913,0.0707627],[-0.929494,0.242111,0.27825],[0.249964,-0.14124,0.957898]],[[0.271218,0.959913,0.0707627],[-0.934257,0.280226,-0.22054],[-0.231529,-0.00629607,0.972808]],[[0.271218,0.959913,0.0707627],[-0.903969,0.27928,-0.323793],[-0.330576,0.0238511,0.943478]]],"btipPosition":[-46.9852,263.28,-67.1979],"carpPosition":[-49.8768,257.129,27.3164],"dipPosition":[-54.08,263.792,-46.9491],"direction":[0.231529,0.00629607,-0.972808],"extended":false,"handId":205,"id":2050,"length":47.7925,"mcpPosition":[-49.8768,257.129,27.3164],"pipPosition":[-61.3192,263.595,-16.5325],"stabilizedTipPosition":[-67.2071,245.707,-23.0717],"timeVisible":0.71408,"tipPosition":[-48.14,262.104,-62.3924],"tipVelocity":[14.1743,72.6711,-131.342],"tool":false,"touchDistance":-0.479623,"touchZone":"hovering","type":0,"width":18.5699},{"bases":[[[0.992583,0.0736604,-0.0967128],[-0.0319259,0.925551,0.377276],[0.117303,-0.37139,0.921037]],[[0.995395,0.0635764,-0.0717361],[-0.0383544,0.950036,0.309775],[0.0878462,-0.305597,0.9481]],[[0.995395,0.0635764,-0.0717361],[-0.0490908,0.98091,0.188161],[0.0823293,-0.183773,0.979515]],[[0.995395,0.0635764,-0.0717361],[-0.0569585,0.994239,0.0908024],[0.0770957,-0.0862983,0.993282]]],"btipPosition":[-56.6841,319.988,-108.382],"carpPosition":[-42.2765,277.467,28.3839],"dipPosition":[-55.4762,318.636,-92.8188],"direction":[-0.0823293,0.183773,-0.979515],"extended":true,"handId":205,"id":2051,"length":53.9285,"mcpPosition":[-50.1904,302.523,-33.7546],"pipPosition":[-53.6514,314.563,-71.1078],"stabilizedTipPosition":[-77.0923,296.114,-48.8396],"timeVisible":0.71408,"tipPosition":[-56.0168,318.408,-105.015],"tipVelocity":[50.3161,29.0855,-122.38],"tool":false,"touchDistance":-0.483215,"touchZone":"hovering","type":1,"width":17.738},{"bases":[[[0.990107,-0.136063,-0.0342779],[0.138925,0.916301,0.375623],[-0.0196997,-0.376669,0.926138]],[[0.990139,-0.13543,-0.035834],[0.0676322,0.686119,-0.724339],[0.122684,0.714772,0.688512]],[[0.990139,-0.13543,-0.035834],[-0.107126,-0.567131,-0.816631],[0.0902739,0.812417,-0.576047]],[[0.990139,-0.13543,-0.035834],[-0.140036,-0.949666,-0.280222],[0.00392026,0.282477,-0.959266]]],"btipPosition":[-37.8863,246.387,-30.7396],"carpPosition":[-31.3023,279.935,27.395],"dipPosition":[-37.8188,251.255,-47.2705],"direction":[-0.0902739,-0.812416,0.576047],"extended":false,"handId":205,"id":2052,"length":61.4471,"mcpPosition":[-30.0419,304.034,-31.859],"pipPosition":[-35.4647,272.44,-62.2922],"stabilizedTipPosition":[-63.6093,222.568,29.0981],"timeVisible":0.71408,"tipPosition":[-37.8019,247.789,-34.8942],"tipVelocity":[46.8326,-0.856535,-67.6716],"tool":false,"touchDistance":0.333333,"touchZone":"none","type":2,"width":17.4211},{"bases":[[[0.963108,-0.258695,0.0741667],[0.20861,0.891764,0.401546],[-0.170017,-0.37126,0.912831]],[[0.961339,-0.262437,0.0833956],[0.238145,0.640289,-0.730285],[0.138257,0.721912,0.678033]],[[0.961339,-0.262437,0.0833956],[-0.0880229,-0.579826,-0.809971],[0.260921,0.771316,-0.58051]],[[0.961339,-0.262437,0.0833956],[-0.22883,-0.92982,-0.288222],[0.153183,0.257995,-0.953925]]],"btipPosition":[-25.2246,247.183,-22.501],"carpPosition":[-20.0731,279.45,26.6241],"dipPosition":[-22.5999,251.603,-38.8454],"direction":[-0.260921,-0.771316,0.58051],"extended":false,"handId":205,"id":2053,"length":59.0831,"mcpPosition":[-10.3068,300.776,-25.8116],"pipPosition":[-15.9716,271.197,-53.5925],"stabilizedTipPosition":[-46.2732,224.522,28.4542],"timeVisible":0.71408,"tipPosition":[-24.5208,248.467,-26.4496],"tipVelocity":[38.0193,13.3621,-81.6764],"tool":false,"touchDistance":0.333333,"touchZone":"none","type":3,"width":16.5772},{"bases":[[[0.889161,-0.443691,0.111945],[0.340023,0.804344,0.487252],[-0.306232,-0.395182,0.866056]],[[0.825407,-0.503544,0.255239],[0.538022,0.56471,-0.625808],[0.170986,0.65387,0.737033]],[[0.825407,-0.503544,0.255239],[-0.0612526,-0.529331,-0.846201],[0.561205,0.682826,-0.467757]],[[0.825407,-0.503544,0.255239],[-0.391694,-0.836406,-0.383408],[0.406546,0.216492,-0.88761]]],"btipPosition":[-14.9466,256.47,-22.0324],"carpPosition":[-9.19398,272.328,25.4984],"dipPosition":[-8.52044,259.892,-36.0626],"direction":[-0.561205,-0.682826,0.467757],"extended":false,"handId":205,"id":2054,"length":46.32,"mcpPosition":[7.0897,293.342,-20.5536],"pipPosition":[1.54538,272.14,-44.4523],"stabilizedTipPosition":[-30.063,236.089,20.9055],"timeVisible":0.71408,"tipPosition":[-13.3972,257.316,-25.0411],"tipVelocity":[34.9104,21.2363,-95.7426],"tool":false,"touchDistance":0.333333,"touchZone":"none","type":4,"width":14.7252}],"r":[[0.793136,0.0192757,0.608739],[0.172839,0.951283,-0.255318],[-0.584004,0.307716,0.751166]],"s":0.950322,"t":[100.673,107.639,-193.612],"timestamp":2742558021},false],[3,{"currentFrameRate":108.188,"devices":[],"gestures":[],"hands":[{"armBasis":[[0.923958,0.190767,-0.331526],[-0.0186155,0.888149,0.459179],[0.38204,-0.418091,0.824163]],"armWidth":58.4334,"confidence":0.618366,"direction":[0.0496609,0.509993,-0.858744],"elbow":[70.854,163.464,234.295],"grabStrength":0,"id":205,"palmNormal":[0.0215172,-0.860151,-0.509585],"palmPosition":[-28.1744,288.878,-14.6858],"palmVelocity":[17.4902,15.6061,-102.541],"palmWidth":83.4409,"pinchStrength":0.664137,"r":[[0.789785,0.0223163,0.612978],[0.17061,0.951911,-0.254477],[-0.589179,0.305562,0.747997]],"s":0.955015,"sphereCenter":[-37.3504,267.141,-49.3004],"sphereRadius":41.5229,"stabilizedPalmPosition":[-44.8215,261.094,48.3915],"t":[100.837,107.695,-194.382],"timeVisible":0.723063,"type":"right","wrist":[-23.7388,266.983,30.2331]}],"id":261689,"interactionBox":{"center":[0,200,0],"size":[235.247,235.247,147.751]},"pointables":[{"bases":[[[0.392252,0.866111,0.309822],[-0.832618,0.191135,0.519822],[0.391005,-0.461865,0.796113]],[[0.266671,0.960958,0.0737996],[-0.9319,0.237558,0.274095],[0.245862,-0.141867,0.958867]],[[0.266671,0.960958,0.0737996],[-0.934798,0.27653,-0.222898],[-0.234604,-0.0095472,0.972044]],[[0.266671,0.960958,0.0737996],[-0.905877,0.276055,-0.321216],[-0.329048,0.0188057,0.944126]]],"btipPosition":[-46.6434,263.431,-68.0713],"carpPosition":[-49.7861,257.042,26.4774],"dipPosition":[-53.7054,263.835,-47.8086],"direction":[0.234604,0.0095472,-0.972044],"extended":false,"handId":205,"id":2050,"length":47.7925,"mcpPosition":[-49.7861,257.042,26.4774],"pipPosition":[-61.0407,263.536,-17.4158],"stabilizedTipPosition":[-66.9908,245.911,-23.5325],"timeVisible":0.723063,"tipPosition":[-47.7509,262.265,-63.2549],"tipVelocity":[20.9509,56.6059,-121.892],"tool":false,"touchDistance":-0.473047,"touchZone":"hovering","type":0,"width":18.5699},{"bases":[[[0.992697,0.0788972,-0.0912573],[-0.0388872,0.925384,0.377032],[0.114195,-0.37073,0.921694]],[[0.995243,0.0695995,-0.0681747],[-0.044808,0.94835,0.314045],[0.0865109,-0.309496,0.946957]],[[0.995243,0.0695995,-0.0681747],[-0.0553305,0.97974,0.192478],[0.0801899,-0.187791,0.97893]],[[0.995243,0.0695995,-0.0681747],[-0.0629727,0.993488,0.0949499],[0.0743392,-0.0902051,0.993145]]],"btipPosition":[-56.354,320.2,-109.164],"carpPosition":[-42.2992,277.419,27.5853],"dipPosition":[-55.1892,318.787,-93.6037],"direction":[-0.0801899,0.187791,-0.97893],"extended":true,"handId":205,"id":2051,"length":53.9285,"mcpPosition":[-50.0035,302.431,-34.5975],"pipPosition":[-53.4118,314.625,-71.9057],"stabilizedTipPosition":[-77.0372,296.177,-48.9883],"timeVisible":0.723063,"tipPosition":[-55.6647,318.601,-105.807],"tipVelocity":[46.2946,27.1487,-112.733],"tool":false,"touchDistance":-0.474975,"touchZone":"hovering","type":1,"width":17.738},{"bases":[[[0.990985,-0.130834,-0.0288229],[0.132016,0.917036,0.37632],[-0.022804,-0.376733,0.926041]],[[0.991016,-0.130304,-0.0301268],[0.0675228,0.681926,-0.728298],[0.115444,0.719721,0.684598]],[[0.991016,-0.130304,-0.0301268],[-0.0998895,-0.571366,-0.814594],[0.0889312,0.810285,-0.579249]],[[0.991016,-0.130304,-0.0301268],[-0.133514,-0.950786,-0.279608],[0.00778978,0.281118,-0.959642]]],"btipPosition":[-37.4301,246.262,-31.2088],"carpPosition":[-31.333,279.946,26.6566],"dipPosition":[-37.2958,251.106,-47.7462],"direction":[-0.0889312,-0.810285,0.579249],"extended":false,"handId":205,"id":2052,"length":61.4471,"mcpPosition":[-29.874,304.049,-32.5912],"pipPosition":[-34.9768,272.236,-62.8513],"stabilizedTipPosition":[-63.5596,222.615,28.9767],"timeVisible":0.723063,"tipPosition":[-37.332,247.676,-35.4422],"tipVelocity":[48.3862,-4.60905,-63.4846],"tool":false,"touchDistance":0.333333,"touchZone":"none","type":2,"width":17.4211},{"bases":[[[0.964038,-0.253603,0.0794799],[0.201686,0.892868,0.402628],[-0.173073,-0.372118,0.911907]],[[0.96224,-0.257349,0.0886867],[0.238211,0.638475,-0.73185],[0.131716,0.725342,0.67567]],[[0.96224,-0.257349,0.0886867],[-0.0813468,-0.582796,-0.808537],[0.259762,0.770792,-0.581724]],[[0.96224,-0.257349,0.0886867],[-0.222522,-0.93135,-0.288222],[0.156772,0.257604,-0.953448]]],"btipPosition":[-24.8373,247.181,-23.005],"carpPosition":[-20.0973,279.519,25.9475],"dipPosition":[-22.1512,251.595,-39.3413],"direction":[-0.259762,-0.770792,0.581724],"extended":false,"handId":205,"id":2053,"length":59.0831,"mcpPosition":[-10.1555,300.895,-26.4352],"pipPosition":[-15.5523,271.176,-54.1192],"stabilizedTipPosition":[-46.2457,224.552,28.3854],"timeVisible":0.723063,"tipPosition":[-24.1147,248.466,-27.0108],"tipVelocity":[39.8459,9.60391,-74.6106],"tool":false,"touchDistance":0.333333,"touchZone":"none","type":3,"width":16.5772},{"bases":[[[0.890862,-0.438985,0.116863],[0.333086,0.806147,0.489061],[-0.308899,-0.39676,0.864386]],[[0.827135,-0.49882,0.258895],[0.537139,0.566159,-0.625256],[0.165314,0.656234,0.736226]],[[0.827135,-0.49882,0.258895],[-0.0544254,-0.529595,-0.846503],[0.559362,0.686082,-0.465195]],[[0.827135,-0.49882,0.258895],[-0.384247,-0.838113,-0.387196],[0.410124,0.220784,-0.884903]]],"btipPosition":[-14.625,256.479,-22.6224],"carpPosition":[-9.1747,272.455,24.8822],"dipPosition":[-8.14233,259.968,-36.6098],"direction":[-0.559362,-0.686082,0.465195],"extended":false,"handId":205,"id":2054,"length":46.32,"mcpPosition":[7.25084,293.553,-21.081],"pipPosition":[1.89042,272.274,-44.9536],"stabilizedTipPosition":[-30.0401,236.118,20.8424],"timeVisible":0.723063,"tipPosition":[-13.05,257.368,-25.6523],"tipVelocity":[35.5502,16.1425,-87.2007],"tool":false,"touchDistance":0.333333,"touchZone":"none","type":4,"width":14.7252}],"r":[[0.789785,0.0223163,0.612978],[0.17061,0.951911,-0.254477],[-0.589179,0.305562,0.747997]],"s":0.955015,"t":[100.837,107.695,-194.382],"timestamp":2742567004},false],[4,{"currentFrameRate":108.277,"devices":[],"gestures":[],"hands":[{"armBasis":[[0.923423,0.198034,-0.328744],[-0.0261893,0.887105,0.460823],[0.382889,-0.416925,0.82436]],"armWidth":58.4334,"confidence":0.623453,"direction":[0.053776,0.507382,-0.860041],"elbow":[70.9144,164.019,233.327],"grabStrength":0,"id":205,"palmNormal":[0.0290451,-0.861718,-0.506555],"palmPosition":[-28.0879,288.977,-15.8061],"palmVelocity":[15.2912,14.3073,-108.322],"palmWidth":83.4409,"pinchStrength":0.65572,"r":[[0.786146,0.0258365,0.617501],[0.168363,0.952387,-0.254192],[-0.594667,0.303797,0.744365]],"s":0.959638,"sphereCenter":[-37.5339,267.386,-50.3486],"sphereRadius":41.6004,"stabilizedPalmPosition":[-44.8165,261.102,48.3724],"t":[100.962,107.773,-195.326],"timeVisible":0.732138,"type":"right","wrist":[-23.8887,267.249,29.2167]}],"id":261690,"interactionBox":{"center":[0,200,0],"size":[235.247,235.247,147.751]},"pointables":[{"bases":[[[0.38616,0.868841,0.309832],[-0.837266,0.189178,0.513028],[0.387126,-0.457522,0.800504]],[[0.26248,0.962128,0.0735859],[-0.934842,0.234655,0.266474],[0.239115,-0.138735,0.961029]],[[0.26248,0.962128,0.0735859],[-0.934377,0.272467,-0.229569],[-0.240925,-0.0084996,0.970507]],[[0.26248,0.962128,0.0735859],[-0.905852,0.271965,-0.324756],[-0.33247,0.018584,0.942931]]],"btipPosition":[-46.1411,263.4,-69.272],"carpPosition":[-49.8637,257.182,25.3019],"dipPosition":[-53.2765,263.798,-49.0349],"direction":[0.240925,0.0084996,-0.970507],"extended":false,"handId":205,"id":2050,"length":47.7925,"mcpPosition":[-49.8637,257.182,25.3019],"pipPosition":[-60.8095,263.533,-18.6902],"stabilizedTipPosition":[-66.8155,246.071,-23.9075],"timeVisible":0.732138,"tipPosition":[-47.2636,262.264,-64.4526],"tipVelocity":[29.9475,39.9547,-124.951],"tool":false,"touchDistance":-0.472174,"touchZone":"hovering","type":0,"width":18.5699},{"bases":[[[0.99299,0.0829621,-0.084193],[-0.04572,0.926437,0.373662],[0.108999,-0.367193,0.923736]],[[0.995218,0.0745637,-0.0630977],[-0.0509123,0.947266,0.316379],[0.0833607,-0.311654,0.946532]],[[0.995218,0.0745637,-0.0630977],[-0.0609879,0.97893,0.194878],[0.076299,-0.190098,0.978796]],[[0.995218,0.0745637,-0.0630977],[-0.0682328,0.992928,0.0971488],[0.0698953,-0.0923789,0.993268]]],"btipPosition":[-55.8988,320.308,-110.472],"carpPosition":[-42.4745,277.595,26.3974],"dipPosition":[-54.8036,318.86,-94.9097],"direction":[-0.076299,0.190098,-0.978796],"extended":true,"handId":205,"id":2051,"length":53.9285,"mcpPosition":[-49.8282,302.368,-35.9232],"pipPosition":[-53.1125,314.647,-73.2146],"stabilizedTipPosition":[-76.9861,296.233,-49.1266],"timeVisible":0.732138,"tipPosition":[-55.1972,318.679,-107.123],"tipVelocity":[46.8767,22.6803,-121.398],"tool":false,"touchDistance":-0.475422,"touchZone":"hovering","type":1,"width":17.738},{"bases":[[[0.991734,-0.126569,-0.0210772],[0.125219,0.918839,0.374239],[-0.0280003,-0.373784,0.927093]],[[0.991767,-0.126118,-0.0221936],[0.0696076,0.676408,-0.73323],[0.107486,0.725649,0.679618]],[[0.991767,-0.126118,-0.0221936],[-0.0915574,-0.577191,-0.81146],[0.0895301,0.806811,-0.583986]],[[0.991767,-0.126118,-0.0221936],[-0.127319,-0.95256,-0.276441],[0.0137235,0.27699,-0.960775]]],"btipPosition":[-37.0436,246.194,-32.0282],"carpPosition":[-31.5128,280.167,25.5413],"dipPosition":[-36.8071,250.967,-48.5851],"direction":[-0.0895301,-0.806811,0.583986],"extended":false,"handId":205,"id":2052,"length":61.4471,"mcpPosition":[-29.7214,304.081,-33.7738],"pipPosition":[-34.4724,272.007,-63.8138],"stabilizedTipPosition":[-63.5006,222.669,28.8327],"timeVisible":0.732138,"tipPosition":[-36.9219,247.6,-36.3173],"tipVelocity":[47.5004,-5.89994,-71.0345],"tool":false,"touchDistance":0.333333,"touchZone":"none","type":2,"width":17.4211},{"bases":[[[0.964524,-0.249098,0.0874306],[0.194798,0.895065,0.401139],[-0.178179,-0.369877,0.911835]],[[0.962716,-0.25274,0.0964357],[0.23991,0.633002,-0.736038],[0.124982,0.731731,0.670036]],[[0.962716,-0.25274,0.0964357],[-0.0738892,-0.588619,-0.805027],[0.260227,0.767887,-0.585348]],[[0.962716,-0.25274,0.0964357],[-0.216403,-0.933454,-0.286066],[0.162319,0.254532,-0.953345]]],"btipPosition":[-24.5481,247.185,-23.7108],"carpPosition":[-20.2705,279.788,24.9165],"dipPosition":[-21.7669,251.546,-40.0452],"direction":[-0.260227,-0.767887,0.585348],"extended":false,"handId":205,"id":2053,"length":59.0831,"mcpPosition":[-10.0354,301.035,-27.462],"pipPosition":[-15.1562,271.053,-54.9152],"stabilizedTipPosition":[-46.2168,224.582,28.313],"timeVisible":0.732138,"tipPosition":[-23.7944,248.471,-27.7881],"tipVelocity":[38.307,6.70428,-75.4711],"tool":false,"touchDistance":0.333333,"touchZone":"none","type":3,"width":16.5772},{"bases":[[[0.891885,-0.434677,0.124888],[0.325933,0.809207,0.488827],[-0.313542,-0.395272,0.863395]],[[0.828709,-0.493391,0.264208],[0.534777,0.558806,-0.633837],[0.165088,0.666559,0.726942]],[[0.828709,-0.493391,0.264208],[-0.0521096,-0.53804,-0.841307],[0.557248,0.683431,-0.471589]],[[0.828709,-0.493391,0.264208],[-0.378259,-0.841682,-0.385347],[0.412506,0.219402,-0.884139]]],"btipPosition":[-14.5054,256.447,-23.093],"carpPosition":[-9.30948,272.768,23.9552],"dipPosition":[-7.98501,259.915,-37.0683],"direction":[-0.557248,-0.683432,0.471589],"extended":false,"handId":205,"id":2054,"length":46.32,"mcpPosition":[7.36291,293.787,-21.9553],"pipPosition":[2.00982,272.173,-45.5268],"stabilizedTipPosition":[-30.0192,236.143,20.7845],"timeVisible":0.732138,"tipPosition":[-12.8609,257.39,-26.2878],"tipVelocity":[29.6299,10.5598,-77.3431],"tool":false,"touchDistance":0.333333,"touchZone":"none","type":4,"width":14.7252}],"r":[[0.786146,0.0258365,0.617501],[0.168363,0.952387,-0.254192],[-0.594667,0.303797,0.744365]],"s":0.959638,"t":[100.962,107.773,-195.326],"timestamp":2742576079},false],[5,{"currentFrameRate":108.294,"devices":[],"gestures":[],"hands":[{"armBasis":[[0.923546,0.202654,-0.325568],[-0.0312179,0.885877,0.462869],[0.382216,-0.417317,0.824474]],"armWidth":58.4334,"confidence":0.605439,"direction":[0.0587913,0.503839,-0.861794],"elbow":[70.6637,164.058,232.209],"grabStrength":0,"id":205,"palmNormal":[0.0339345,-0.863797,-0.502696],"palmPosition":[-27.901,288.915,-17.0721],"palmVelocity":[16.6956,8.42776,-116.504],"palmWidth":83.4409,"pinchStrength":0.651173,"r":[[0.782348,0.0294314,0.622146],[0.16659,0.952603,-0.254551],[-0.60015,0.302791,0.740363]],"s":0.964166,"sphereCenter":[-37.6941,267.486,-51.5196],"sphereRadius":41.6779,"stabilizedPalmPosition":[-44.8128,261.108,48.3579],"t":[101.118,107.781,-196.432],"timeVisible":0.741341,"type":"right","wrist":[-23.9725,267.385,28.0698]}],"id":261691,"interactionBox":{"center":[0,200,0],"size":[235.247,235.247,147.751]},"pointables":[{"bases":[[[0.382589,0.870794,0.308776],[-0.841058,0.189921,0.50651],[0.382423,-0.453483,0.80505]],[[0.260829,0.962686,0.0721367],[-0.937009,0.23447,0.258918],[0.232343,-0.135126,0.963202]],[[0.260829,0.962686,0.0721367],[-0.933145,0.270563,-0.236719],[-0.247404,-0.0055709,0.968896]],[[0.260829,0.962686,0.0721367],[-0.90495,0.26984,-0.329018],[-0.336206,0.0205372,0.941564]]],"btipPosition":[-45.5881,263.176,-70.5728],"carpPosition":[-49.9035,257.257,24.0209],"dipPosition":[-52.8037,263.617,-50.3651],"direction":[0.247404,0.0055709,-0.968897],"extended":false,"handId":205,"id":2050,"length":47.7925,"mcpPosition":[-49.9035,257.257,24.0209],"pipPosition":[-60.5392,263.443,-20.0708],"stabilizedTipPosition":[-66.6774,246.192,-24.204],"timeVisible":0.741341,"tipPosition":[-46.7408,262.074,-65.752],"tipVelocity":[37.8207,22.2702,-129.745],"tool":false,"touchDistance":-0.472904,"touchZone":"hovering","type":0,"width":18.5699},{"bases":[[[0.993401,0.0842904,-0.0777793],[-0.0498109,0.927927,0.369419],[0.103312,-0.363107,0.926002]],[[0.995343,0.0766853,-0.0584146],[-0.0542567,0.946514,0.318067],[0.0796814,-0.313416,0.946267]],[[0.995343,0.0766853,-0.0584146],[-0.0638518,0.978429,0.19647],[0.0722209,-0.191825,0.978768]],[[0.995343,0.0766853,-0.0584146],[-0.0706994,0.992629,0.0984339],[0.0655325,-0.0938456,0.993428]]],"btipPosition":[-55.2928,320.255,-111.934],"carpPosition":[-42.5559,277.688,25.0803],"dipPosition":[-54.266,318.785,-96.3686],"direction":[-0.0722209,0.191825,-0.978768],"extended":true,"handId":205,"id":2051,"length":53.9285,"mcpPosition":[-49.526,302.185,-37.3932],"pipPosition":[-52.6652,314.533,-74.6742],"stabilizedTipPosition":[-76.9392,296.284,-49.2534],"timeVisible":0.741341,"tipPosition":[-54.592,318.598,-108.59],"tipVelocity":[51.7059,14.5654,-131.847],"tool":false,"touchDistance":-0.478127,"touchZone":"hovering","type":1,"width":17.738},{"bases":[[[0.992064,-0.124974,-0.0137876],[0.121133,0.920621,0.371192],[-0.0336961,-0.369916,0.928454]],[[0.992099,-0.124582,-0.0147699],[0.0733751,0.67171,-0.737171],[0.10176,0.730263,0.675545]],[[0.992099,-0.124582,-0.0147699],[-0.0851249,-0.582006,-0.808717],[0.0921558,0.803585,-0.588012]],[[0.992099,-0.124582,-0.0147699],[-0.123864,-0.954015,-0.272972],[0.0199168,0.272645,-0.961909]]],"btipPosition":[-36.6814,246.009,-33.064],"carpPosition":[-31.593,280.274,24.2879],"dipPosition":[-36.3382,250.707,-49.6405],"direction":[-0.0921558,-0.803585,0.588013],"extended":false,"handId":205,"id":2052,"length":61.4471,"mcpPosition":[-29.4371,303.941,-35.1142],"pipPosition":[-33.935,271.662,-64.9742],"stabilizedTipPosition":[-63.4391,222.725,28.6823],"timeVisible":0.741341,"tipPosition":[-36.5337,247.396,-37.3743],"tipVelocity":[45.9664,-10.4098,-82.7888],"tool":false,"touchDistance":0.333333,"touchZone":"none","type":2,"width":17.4211},{"bases":[[[0.964319,-0.24709,0.0950498],[0.190566,0.897079,0.398666],[-0.183774,-0.366328,0.912157]],[[0.962491,-0.250632,0.103894],[0.243144,0.626909,-0.74018],[0.120381,0.737678,0.664334]],[[0.962491,-0.250632,0.103894],[-0.0683001,-0.594427,-0.801244],[0.262575,0.764095,-0.589249]],[[0.962491,-0.250632,0.103894],[-0.21297,-0.935173,-0.283012],[0.16809,0.25027,-0.953473]]],"btipPosition":[-24.2723,247.031,-24.5695],"carpPosition":[-20.346,279.911,23.7413],"dipPosition":[-21.3922,251.319,-40.9062],"direction":[-0.262575,-0.764095,0.589249],"extended":false,"handId":205,"id":2053,"length":59.0831,"mcpPosition":[-9.78953,300.954,-28.6557],"pipPosition":[-14.7219,270.729,-55.8753],"stabilizedTipPosition":[-46.1887,224.611,28.2425],"timeVisible":0.741341,"tipPosition":[-23.4884,248.306,-28.7004],"tipVelocity":[36.6657,-0.384768,-80.4792],"tool":false,"touchDistance":0.333333,"touchZone":"none","type":3,"width":16.5772},{"bases":[[[0.891737,-0.432632,0.132797],[0.321243,0.811814,0.487607],[-0.318761,-0.392157,0.862905]],[[0.829713,-0.489479,0.268304],[0.531341,0.545298,-0.648326],[0.171036,0.680485,0.712521]],[[0.829713,-0.489479,0.268304],[-0.0556405,-0.550798,-0.832782],[0.555411,0.676041,-0.484239]],[[0.829713,-0.489479,0.268304],[-0.375981,-0.845347,-0.379509],[0.412572,0.214006,-0.88543]]],"btipPosition":[-14.4464,256.186,-23.4228],"carpPosition":[-9.36705,272.906,22.8844],"dipPosition":[-7.92499,259.568,-37.4186],"direction":[-0.555411,-0.676041,0.484239],"extended":false,"handId":205,"id":2054,"length":46.32,"mcpPosition":[7.58285,293.759,-23],"pipPosition":[2.0369,271.694,-46.1039],"stabilizedTipPosition":[-30.0013,236.165,20.7346],"timeVisible":0.741341,"tipPosition":[-12.7206,257.173,-26.8541],"tipVelocity":[23.1395,-0.935525,-65.8724],"tool":false,"touchDistance":0.333333,"touchZone":"none","type":4,"width":14.7252}],"r":[[0.782348,0.0294314,0.622146],[0.16659,0.952603,-0.254551],[-0.60015,0.302791,0.740363]],"s":0.964166,"t":[101.118,107.781,-196.432],"timestamp":2742585282},false],[6,{"currentFrameRate":108.52,"devices":[],"gestures":[],"hands":[{"armBasis":[[0.923869,0.205312,-0.322977],[-0.0350625,0.885779,0.462782],[0.3811,-0.416225,0.825542]],"armWidth":58.4334,"confidence":0.609984,"direction":[0.0621702,0.501146,-0.863127],"elbow":[70.3173,164.481,231.724],"grabStrength":0,"id":205,"palmNormal":[0.0377251,-0.865361,-0.499726],"palmPosition":[-27.7865,288.916,-17.9088],"palmVelocity":[15.6973,6.19059,-110.709],"palmWidth":83.4409,"pinchStrength":0.646004,"r":[[0.778664,0.0329525,0.626576],[0.16512,0.952658,-0.255301],[-0.605325,0.302254,0.736359]],"s":0.968446,"sphereCenter":[-37.8164,267.607,-52.2859],"sphereRadius":41.736,"stabilizedPalmPosition":[-44.8101,261.113,48.3475],"t":[101.253,107.786,-197.403],"timeVisible":0.750148,"type":"right","wrist":[-24.0428,267.538,27.321]}],"id":261692,"interactionBox":{"center":[0,200,0],"size":[235.247,235.247,147.751]},"pointables":[{"bases":[[[0.379721,0.872393,0.307801],[-0.843797,0.19022,0.501819],[0.379234,-0.450273,0.808354]],[[0.259626,0.963059,0.0714971],[-0.938495,0.234165,0.253761],[0.227645,-0.132983,0.964621]],[[0.259626,0.963059,0.0714971],[-0.932487,0.269259,-0.240764],[-0.251121,-0.0041615,0.967947]],[[0.259626,0.963059,0.0714971],[-0.905066,0.268477,-0.32981],[-0.336822,0.0209177,0.941336]]],"btipPosition":[-45.2781,263.125,-71.4445],"carpPosition":[-49.9379,257.356,23.1795],"dipPosition":[-52.5069,263.574,-51.2417],"direction":[0.251121,0.0041615,-0.967947],"extended":false,"handId":205,"id":2050,"length":47.7925,"mcpPosition":[-49.9379,257.356,23.1795],"pipPosition":[-60.3586,263.444,-20.9771],"stabilizedTipPosition":[-66.5744,246.281,-24.4262],"timeVisible":0.750148,"tipPosition":[-46.4302,262.044,-66.6172],"tipVelocity":[37.0222,14.757,-121.485],"tool":false,"touchDistance":-0.467039,"touchZone":"hovering","type":0,"width":18.5699},{"bases":[[[0.993632,0.0856156,-0.0732472],[-0.053057,0.929035,0.366168],[0.0993989,-0.35995,0.927662]],[[0.995376,0.0786073,-0.0552132],[-0.0569882,0.945924,0.319342],[0.0773302,-0.314719,0.94603]],[[0.995376,0.0786073,-0.0552132],[-0.0662834,0.978056,0.197516],[0.0695278,-0.192943,0.978744]],[[0.995376,0.0786073,-0.0552132],[-0.0728741,0.992403,0.0991261],[0.0625858,-0.0946441,0.993542]]],"btipPosition":[-54.9021,320.245,-112.91],"carpPosition":[-42.6277,277.802,24.2083],"dipPosition":[-53.9215,318.762,-97.3427],"direction":[-0.0695278,0.192943,-0.978744],"extended":true,"handId":205,"id":2051,"length":53.9285,"mcpPosition":[-49.3337,302.086,-38.3771],"pipPosition":[-52.3804,314.485,-75.6487],"stabilizedTipPosition":[-76.8988,296.327,-49.3625],"timeVisible":0.750148,"tipPosition":[-54.2052,318.585,-109.568],"tipVelocity":[49.4015,10.2353,-126.161],"tool":false,"touchDistance":-0.473279,"touchZone":"hovering","type":1,"width":17.738},{"bases":[[[0.992315,-0.123443,-0.00858561],[0.117887,0.922006,0.368791],[-0.0376086,-0.366969,0.929473]],[[0.99235,-0.123096,-0.00946425],[0.0758166,0.668113,-0.740187],[0.0974371,0.733807,0.672335]],[[0.99235,-0.123096,-0.00946425],[-0.0803454,-0.585702,-0.806534],[0.0937377,0.801124,-0.591112]],[[0.99235,-0.123096,-0.00946425],[-0.121059,-0.955149,-0.270249],[0.0242267,0.269327,-0.962744]]],"btipPosition":[-36.4277,245.914,-33.7194],"carpPosition":[-31.6651,280.403,23.4606],"dipPosition":[-36.0102,250.555,-50.3103],"direction":[-0.0937377,-0.801124,0.591112],"extended":false,"handId":205,"id":2052,"length":61.4471,"mcpPosition":[-29.259,303.881,-36.0067],"pipPosition":[-33.5658,271.446,-65.7248],"stabilizedTipPosition":[-63.3812,222.777,28.5409],"timeVisible":0.750148,"tipPosition":[-36.262,247.286,-38.0439],"tipVelocity":[41.8635,-10.9128,-80.6335],"tool":false,"touchDistance":0.333333,"touchZone":"none","type":2,"width":17.4211},{"bases":[[[0.964235,-0.245251,0.100511],[0.187224,0.898663,0.396677],[-0.187611,-0.363671,0.912439]],[[0.962386,-0.248738,0.109284],[0.245744,0.625431,-0.740571],[0.115859,0.739571,0.663032]],[[0.962386,-0.248738,0.109284],[-0.0629894,-0.595561,-0.800837],[0.264283,0.76383,-0.588827]],[[0.962386,-0.248738,0.109284],[-0.209699,-0.935818,-0.283321],[0.172742,0.249748,-0.952778]]],"btipPosition":[-24.0587,246.961,-25.3267],"carpPosition":[-20.4151,280.056,22.9696],"dipPosition":[-21.099,251.24,-41.6515],"direction":[-0.264283,-0.76383,0.588827],"extended":false,"handId":205,"id":2053,"length":59.0831,"mcpPosition":[-9.6382,300.947,-29.4436],"pipPosition":[-14.3852,270.644,-56.6098],"stabilizedTipPosition":[-46.164,224.637,28.1806],"timeVisible":0.750148,"tipPosition":[-23.2592,248.24,-29.4143],"tipVelocity":[33.8783,-2.47192,-81.8772],"tool":false,"touchDistance":0.333333,"touchZone":"none","type":3,"width":16.5772},{"bases":[[[0.891762,-0.430785,0.138507],[0.317603,0.813894,0.486524],[-0.322317,-0.389873,0.862618]],[[0.831241,-0.485859,0.270148],[0.525879,0.529675,-0.665504],[0.180251,0.695259,0.69579]],[[0.831241,-0.485859,0.270148],[-0.0636821,-0.565977,-0.821958],[0.552253,0.666041,-0.501404]],[[0.831241,-0.485859,0.270148],[-0.376402,-0.849513,-0.369661],[0.409097,0.205593,-0.889028]]],"btipPosition":[-14.4986,256.057,-23.1963],"carpPosition":[-9.42112,273.066,22.1885],"dipPosition":[-8.03208,259.307,-37.2489],"direction":[-0.552253,-0.666041,0.501404],"extended":false,"handId":205,"id":2054,"length":46.32,"mcpPosition":[7.71789,293.797,-23.6807],"pipPosition":[1.87316,271.253,-46.2421],"stabilizedTipPositi