{"sensorType":"Leap","data":[[0,{"currentFrameRate":107.194,"devices":[],"gestures":[],"hands":[{"armBasis":[[0.944455,0.285813,-0.162222],[-0.201653,0.89376,0.400662],[0.259502,-0.345694,0.901751]],"armWidth":58.4334,"confidence":0.715649,"direction":[0.0155553,0.2836,-0.958817],"elbow":[42.3876,216.511,263.553],"grabStrength":0,"id":202,"palmNormal":[0.201383,-0.94017,-0.274818],"palmPosition":[-27.143,311.104,-8.79007],"palmVelocity":[54.0213,-50.7131,-90.3413],"palmWidth":83.4409,"pinchStrength":0.58541,"r":[[0.938473,0.0887378,0.333758],[-0.124945,0.988201,0.0885872],[-0.321959,-0.124838,0.938487]],"s":0.902482,"sphereCenter":[-29.8585,281.886,-37.7103],"sphereRadius":42.8836,"stabilizedPalmPosition":[-43.7428,266.276,116.415],"t":[13.8668,104.784,-195.037],"timeVisible":1.03038,"type":"right","wrist":[-21.8648,302.105,40.2805]}],"id":260183,"interactionBox":{"center":[0,200,0],"size":[235.247,235.247,147.751]},"pointables":[{"bases":[[[0.217017,0.972232,0.0875748],[-0.884338,0.157822,0.439361],[0.41334,-0.172794,0.894032]],[[0.120199,0.986369,-0.112376],[-0.928702,0.151722,0.338367],[0.350805,0.0636929,0.93428]],[[0.120199,0.986369,-0.112376],[-0.94903,0.080944,-0.304616],[-0.291368,0.143263,0.945823]],[[0.120199,0.986369,-0.112376],[-0.918353,0.067482,-0.389965],[-0.377066,0.150075,0.913947]]],"btipPosition":[-44.379,276.351,-53.2634],"carpPosition":[-45.5232,286.967,38.6921],"dipPosition":[-52.4715,279.572,-33.6484],"direction":[0.291368,-0.143263,-0.945823],"extended":false,"handId":202,"id":2020,"length":47.7925,"mcpPosition":[-45.5232,286.967,38.6921],"pipPosition":[-61.5817,284.052,-4.07556],"stabilizedTipPosition":[-87.0639,222.653,94.4072],"timeVisible":1.03038,"tipPosition":[-45.2921,275.866,-48.5496],"tipVelocity":[54.2403,-6.47736,-108.277],"tool":false,"touchDistance":-0.456208,"touchZone":"touching","type":0,"width":18.5699},{"bases":[[[0.968097,0.233751,-0.0902688],[-0.221273,0.966538,0.129778],[0.117584,-0.105664,0.987426]],[[0.973665,0.22645,-0.0263981],[-0.214301,0.948586,0.232937],[0.0777893,-0.221145,0.972134]],[[0.973665,0.22645,-0.0263981],[-0.223613,0.97114,0.0829773],[0.0444264,-0.0748891,0.996202]],[[0.973665,0.22645,-0.0263981],[-0.227424,0.97285,-0.0429211],[0.0159619,0.0477944,0.99873]]],"btipPosition":[-53.9702,324.757,-107.905],"carpPosition":[-41.7378,308.005,34.7419],"dipPosition":[-53.7202,325.506,-92.2565],"direction":[-0.0444264,0.0748891,-0.996202],"extended":true,"handId":202,"id":2021,"length":53.9285,"mcpPosition":[-49.6707,315.134,-31.8755],"pipPosition":[-52.7354,323.846,-70.1756],"stabilizedTipPosition":[-79.3297,290.957,15.875],"timeVisible":1.03038,"tipPosition":[-53.2782,323.972,-104.402],"tipVelocity":[57.2964,-47.2061,-91.6741],"tool":false,"touchDistance":-0.447396,"touchZone":"touching","type":1,"width":17.738},{"bases":[[[0.998525,0.0491072,0.0231734],[-0.0517843,0.989587,0.134296],[-0.0163372,-0.135298,0.99067]],[[0.998093,0.0467616,0.040291],[0.012286,0.489184,-0.872094],[-0.0604902,0.870926,0.487677]],[[0.998093,0.0467616,0.040291],[0.0607278,-0.627042,-0.776615],[-0.0110516,0.777581,-0.628686]],[[0.998093,0.0467616,0.040291],[0.0567961,-0.951353,-0.302824],[0.0241704,0.304535,-0.952195]]],"btipPosition":[-27.7422,256.817,-18.7325],"carpPosition":[-31.3329,312.182,33.4028],"dipPosition":[-27.3257,262.065,-35.1416],"direction":[0.0110516,-0.777581,0.628686],"extended":false,"handId":202,"id":2022,"length":61.4471,"mcpPosition":[-30.2876,320.838,-29.9799],"pipPosition":[-27.6139,282.342,-51.5359],"stabilizedTipPosition":[-47.5736,207.439,109.622],"timeVisible":1.03038,"tipPosition":[-27.5944,258.3,-23.7741],"tipVelocity":[88.2386,-53.8424,-7.31505],"tool":false,"touchDistance":0.333333,"touchZone":"none","type":2,"width":17.4211},{"bases":[[[0.986281,-0.0460783,0.158516],[0.0191937,0.98575,0.167121],[-0.163958,-0.161785,0.97311]],[[0.97914,-0.0523495,0.196326],[0.199641,0.427557,-0.881668],[-0.0377859,0.902471,0.429089]],[[0.97914,-0.0523495,0.196326],[0.109649,-0.67733,-0.727462],[0.17106,0.733814,-0.657461]],[[0.97914,-0.0523495,0.196326],[0.00361947,-0.961593,-0.274456],[0.203154,0.269441,-0.941345]]],"btipPosition":[-17.0293,262.71,-7.62036],"carpPosition":[-20.1693,313.651,33.0282],"dipPosition":[-13.5485,267.326,-23.7492],"direction":[-0.17106,-0.733814,0.657461],"extended":false,"handId":202,"id":2023,"length":59.0831,"mcpPosition":[-10.7511,322.945,-22.8702],"pipPosition":[-9.20293,285.968,-40.4511],"stabilizedTipPosition":[-33.7168,220.542,97.1892],"timeVisible":1.03038,"tipPosition":[-15.9589,263.89,-12.6711],"tipVelocity":[78.1036,-42.42,-49.685],"tool":false,"touchDistance":0.333333,"touchZone":"none","type":3,"width":16.5772},{"bases":[[[0.943856,-0.22673,0.240271],[0.157802,0.948391,0.275052],[-0.290233,-0.221695,0.930922]],[[0.8959,-0.254644,0.364033],[0.44178,0.424257,-0.790466],[0.046844,0.869001,0.492589]],[[0.8959,-0.254644,0.364033],[0.12045,-0.649499,-0.750762],[0.427617,0.716455,-0.551214]],[[0.8959,-0.254644,0.364033],[-0.119153,-0.927129,-0.355294],[0.42798,0.274932,-0.860956]]],"btipPosition":[-8.67004,275.071,-7.99484],"carpPosition":[-8.14935,308.656,33.9833],"dipPosition":[-1.90509,279.417,-21.6037],"direction":[-0.427617,-0.716455,0.551214],"extended":false,"handId":202,"id":2024,"length":46.32,"mcpPosition":[7.28362,320.445,-15.5179],"pipPosition":[5.76467,292.267,-31.4904],"stabilizedTipPosition":[-24.5144,232.291,101.426],"timeVisible":1.03038,"tipPosition":[-6.71667,276.229,-12.0025],"tipVelocity":[63.0654,-38.042,-50.8298],"tool":false,"touchDistance":0.333333,"touchZone":"none","type":4,"width":14.7252}],"r":[[0.938473,0.0887378,0.333758],[-0.124945,0.988201,0.0885872],[-0.321959,-0.124838,0.938487]],"s":0.902482,"t":[13.8668,104.784,-195.037],"timestamp":2728711042},false],[1,{"currentFrameRate":107.377,"devices":[],"gestures":[],"hands":[{"armBasis":[[0.944935,0.289027,-0.153497],[-0.208956,0.893841,0.396718],[0.251864,-0.342799,0.905016]],"armWidth":58.4334,"confidence":0.667651,"direction":[0.0153453,0.287912,-0.957534],"elbow":[40.8457,216.505,263.463],"grabStrength":0,"id":202,"palmNormal":[0.208683,-0.93748,-0.278538],"palmPosition":[-26.7646,310.558,-9.65849],"palmVelocity":[50.7645,-53.4686,-92.0857],"palmWidth":83.4409,"pinchStrength":0.568799,"r":[[0.937158,0.0942898,0.335922],[-0.131739,0.98715,0.0904438],[-0.323077,-0.129014,0.937537]],"s":0.907066,"sphereCenter":[-29.3453,281.474,-38.6733],"sphereRadius":42.9123,"stabilizedPalmPosition":[-43.6565,266.5,115.775],"t":[14.3069,104.181,-195.87],"timeVisible":1.03936,"type":"right","wrist":[-21.5156,301.382,39.3824]}],"id":260184,"interactionBox":{"center":[0,200,0],"size":[235.247,235.247,147.751]},"pointables":[{"bases":[[[0.209833,0.973375,0.092252],[-0.886293,0.149517,0.438326],[0.412863,-0.173737,0.894069]],[[0.114353,0.987798,-0.105727],[-0.930207,0.143829,0.33768],[0.348767,0.0597332,0.935304]],[[0.114353,0.987798,-0.105727],[-0.948622,0.0769685,-0.306907],[-0.295025,0.135391,0.945849]],[[0.114353,0.987798,-0.105727],[-0.920061,0.0651625,-0.386318],[-0.374715,0.141452,0.916286]]],"btipPosition":[-43.7597,276.078,-54.3717],"carpPosition":[-45.0611,286.081,37.6818],"dipPosition":[-51.8018,279.114,-34.7065],"direction":[0.295025,-0.135391,-0.945849],"extended":false,"handId":202,"id":2020,"length":47.7925,"mcpPosition":[-45.0611,286.081,37.6818],"pipPosition":[-61.0263,283.347,-5.13282],"stabilizedTipPosition":[-86.8857,222.886,93.7872],"timeVisible":1.03936,"tipPosition":[-44.6913,275.569,-49.6452],"tipVelocity":[58.6278,-14.3409,-112.074],"tool":false,"touchDistance":-0.455372,"touchZone":"touching","type":0,"width":18.5699},{"bases":[[[0.966558,0.241111,-0.0873607],[-0.228485,0.96434,0.133577],[0.116452,-0.10915,0.98718]],[[0.972038,0.23361,-0.0238323],[-0.221502,0.945859,0.23725],[0.0779659,-0.225337,0.971156]],[[0.972038,0.23361,-0.0238323],[-0.230774,0.969111,0.0869872],[0.0434172,-0.079055,0.995924]],[[0.972038,0.23361,-0.0238323],[-0.234406,0.971345,-0.0392661],[0.0139764,0.0437546,0.998945]]],"btipPosition":[-53.5296,324.471,-108.758],"carpPosition":[-41.42,307.163,33.8311],"dipPosition":[-53.3106,325.157,-93.1062],"direction":[-0.0434172,0.079055,-0.995924],"extended":true,"handId":202,"id":2021,"length":53.9285,"mcpPosition":[-49.2765,314.527,-32.7699],"pipPosition":[-52.3482,323.405,-71.0314],"stabilizedTipPosition":[-79.0871,291.273,14.7391],"timeVisible":1.03936,"tipPosition":[-52.8438,323.695,-105.257],"tipVelocity":[54.8246,-43.4389,-92.561],"tool":false,"touchDistance":-0.443775,"touchZone":"touching","type":1,"width":17.738},{"bases":[[[0.998098,0.0561951,0.0253311],[-0.0591754,0.988589,0.138526],[-0.0172576,-0.139761,0.990035]],[[0.997648,0.0537607,0.0425124],[0.0112769,0.483063,-0.875513],[-0.0676043,0.873934,0.481321]],[[0.997648,0.0537607,0.0425124],[0.0669366,-0.630934,-0.772943],[-0.0147314,0.773971,-0.633049]],[[0.997648,0.0537607,0.0425124],[0.0641104,-0.951319,-0.301466],[0.0242359,0.303482,-0.952529]]],"btipPosition":[-26.9841,256.321,-19.1637],"carpPosition":[-31.0429,311.421,32.5305],"dipPosition":[-26.5664,261.55,-35.5785],"direction":[0.0147314,-0.773971,0.633049],"extended":false,"handId":202,"id":2022,"length":61.4471,"mcpPosition":[-29.9388,320.362,-30.8116],"pipPosition":[-26.9506,281.733,-52.0866],"stabilizedTipPosition":[-46.77,209.384,104.472],"timeVisible":1.03936,"tipPosition":[-26.8336,257.78,-24.2574],"tipVelocity":[87.2017,-54.3604,-18.51],"tool":false,"touchDistance":0.333333,"touchZone":"none","type":2,"width":17.4211},{"bases":[[[0.986282,-0.0396694,0.160232],[0.0117654,0.985119,0.171471],[-0.164649,-0.167234,0.972072]],[[0.979123,-0.0461514,0.197962],[0.198543,0.425946,-0.882695],[-0.0435836,0.903571,0.426216]],[[0.979123,-0.0461514,0.197962],[0.114846,-0.677951,-0.72608],[0.167718,0.733657,-0.658497]],[[0.979123,-0.0461514,0.197962],[0.0104034,-0.961231,-0.275549],[0.203004,0.271856,-0.940683]]],"btipPosition":[-16.3848,262.261,-8.27219],"carpPosition":[-19.8895,312.972,32.184],"dipPosition":[-12.9065,266.919,-24.3897],"direction":[-0.167718,-0.733657,0.658497],"extended":false,"handId":202,"id":2023,"length":59.0831,"mcpPosition":[-10.4316,322.578,-23.6547],"pipPosition":[-8.64586,285.557,-41.1179],"stabilizedTipPosition":[-33.0207,222.185,92.9983],"timeVisible":1.03936,"tipPosition":[-15.3077,263.448,-13.3484],"tipVelocity":[76.3504,-44.196,-55.8822],"tool":false,"touchDistance":0.333333,"touchZone":"none","type":3,"width":16.5772},{"bases":[[[0.945004,-0.22098,0.241112],[0.150432,0.948286,0.279508],[-0.290409,-0.227865,0.929376]],[[0.896849,-0.249859,0.365009],[0.440301,0.425203,-0.790783],[0.0423811,0.869927,0.491357]],[[0.896849,-0.249859,0.365009],[0.125101,-0.648221,-0.751106],[0.424277,0.719292,-0.550099]],[[0.896849,-0.249859,0.365009],[-0.11211,-0.926638,-0.35885],[0.427893,0.280913,-0.859066]]],"btipPosition":[-8.14111,274.627,-8.76524],"carpPosition":[-7.8357,308.06,33.1406],"dipPosition":[-1.37751,279.067,-22.3443],"direction":[-0.424277,-0.719292,0.550099],"extended":false,"handId":202,"id":2024,"length":46.32,"mcpPosition":[7.60659,320.176,-16.2784],"pipPosition":[6.23235,291.968,-32.2109],"stabilizedTipPosition":[-24.2435,232.946,99.7141],"timeVisible":1.03936,"tipPosition":[-6.17761,275.816,-12.7785],"tipVelocity":[61.9147,-40.5028,-60.2014],"tool":false,"touchDistance":0.333333,"touchZone":"none","type":4,"width":14.7252}],"r":[[0.937158,0.0942898,0.335922],[-0.131739,0.98715,0.0904438],[-0.323077,-0.129014,0.937537]],"s":0.907066,"t":[14.3069,104.181,-195.87],"timestamp":2728720022},false],[2,{"currentFrameRate":107.493,"devices":[],"gestures":[],"hands":[{"armBasis":[[0.945439,0.291625,-0.145255],[-0.213602,0.89149,0.399525],[0.246005,-0.346699,0.905141]],"armWidth":58.4334,"confidence":0.676669,"direction":[0.0149637,0.29145,-0.956469],"elbow":[39.6137,215.248,263.02],"grabStrength":0,"id":202,"palmNormal":[0.213411,-0.935465,-0.281711],"palmPosition":[-26.5389,310.42,-10.105],"palmVelocity":[43.5784,-42.8825,-80.1811],"palmWidth":83.4409,"pinchStrength":0.55656,"r":[[0.935913,0.0993651,0.337924],[-0.138126,0.986076,0.0926027],[-0.324017,-0.133344,0.936607]],"s":0.911368,"sphereCenter":[-29.0465,281.419,-39.2159],"sphereRadius":42.9558,"stabilizedPalmPosition":[-43.5569,266.756,115.042],"t":[14.6398,103.81,-196.509],"timeVisible":1.04845,"type":"right","wrist":[-21.2969,301.091,38.9078]}],"id":260185,"interactionBox":{"center":[0,200,0],"size":[235.247,235.247,147.751]},"pointables":[{"bases":[[[0.20512,0.974018,0.095993],[-0.887442,0.143727,0.437938],[0.412763,-0.175018,0.893865]],[[0.111777,0.988886,-0.0980377],[-0.930283,0.138817,0.339562],[0.349398,0.0532477,0.93546]],[[0.111777,0.988886,-0.0980377],[-0.948633,0.0767995,-0.306915],[-0.295974,0.127308,0.946674]],[[0.111777,0.988886,-0.0980377],[-0.923633,0.066988,-0.377377],[-0.366616,0.132733,0.920855]]],"btipPosition":[-43.6394,276.418,-55.0573],"carpPosition":[-44.7678,285.685,37.1272],"dipPosition":[-51.5077,279.267,-35.294],"direction":[0.295974,-0.127308,-0.946674],"extended":false,"handId":202,"id":2020,"length":47.7925,"mcpPosition":[-44.7678,285.685,37.1272],"pipPosition":[-60.7619,283.248,-5.69453],"stabilizedTipPosition":[-86.7233,223.098,93.2218],"timeVisible":1.04845,"tipPosition":[-44.5201,275.862,-50.2991],"tipVelocity":[47.2719,-1.31446,-101.228],"tool":false,"touchDistance":-0.448113,"touchZone":"touching","type":0,"width":18.5699},{"bases":[[[0.965493,0.246003,-0.0854779],[-0.233192,0.962756,0.136827],[0.115954,-0.112173,0.9869]],[[0.97093,0.238329,-0.0222118],[-0.226173,0.943853,0.240804],[0.0783553,-0.22878,0.97032]],[[0.97093,0.238329,-0.0222118],[-0.235464,0.967678,0.0903121],[0.0430179,-0.0824566,0.995666]],[[0.97093,0.238329,-0.0222118],[-0.239013,0.970341,-0.0362096],[0.0129233,0.0404659,0.999097]]],"btipPosition":[-53.2887,324.572,-109.177],"carpPosition":[-41.2227,306.797,33.3566],"dipPosition":[-53.0862,325.206,-93.523],"direction":[-0.0430179,0.0824566,-0.995666],"extended":true,"handId":202,"id":2021,"length":53.9285,"mcpPosition":[-49.0457,314.365,-33.2254],"pipPosition":[-52.1327,323.379,-71.454],"stabilizedTipPosition":[-78.8416,291.591,13.5961],"timeVisible":1.04845,"tipPosition":[-52.6082,323.804,-105.678],"tipVelocity":[46.8615,-28.6934,-79.6761],"tool":false,"touchDistance":-0.43401,"touchZone":"touching","type":1,"width":17.738},{"bases":[[[0.997794,0.0608313,0.0265768],[-0.0640047,0.987789,0.14204],[-0.0176118,-0.143428,0.989504]],[[0.997336,0.0583255,0.0437968],[0.0100789,0.484498,-0.874735],[-0.0722387,0.872846,0.482619]],[[0.997336,0.0583255,0.0437968],[0.0707701,-0.628487,-0.774594],[-0.0176528,0.77563,-0.630941]],[[0.997336,0.0583255,0.0437968],[0.0689459,-0.949807,-0.305145],[0.0238008,0.307352,-0.951298]]],"btipPosition":[-26.4946,256.181,-19.7115],"carpPosition":[-30.8646,311.109,32.0823],"dipPosition":[-26.0844,261.478,-36.1051],"direction":[0.0176528,-0.77563,0.630941],"extended":false,"handId":202,"id":2022,"length":61.4471,"mcpPosition":[-29.7378,320.285,-31.2258],"pipPosition":[-26.5447,281.704,-52.5582],"stabilizedTipPosition":[-45.844,211.567,98.6553],"timeVisible":1.04845,"tipPosition":[-26.3477,257.659,-24.7612],"tipVelocity":[77.9065,-43.0728,-29.921],"tool":false,"touchDistance":0.333333,"touchZone":"none","type":2,"width":17.4211},{"bases":[[[0.986294,-0.0355764,0.161117],[0.00691797,0.984536,0.175047],[-0.164853,-0.171533,0.971288]],[[0.979101,-0.04225,0.198936],[0.197965,0.422086,-0.884677],[-0.0465907,0.905571,0.421629]],[[0.979101,-0.04225,0.198936],[0.117591,-0.680483,-0.723267],[0.165931,0.731545,-0.661293]],[[0.979101,-0.04225,0.198936],[0.0143299,-0.96142,-0.274713],[0.202868,0.271822,-0.940722]]],"btipPosition":[-16.0309,262.223,-8.39841],"carpPosition":[-19.7184,312.714,31.7531],"dipPosition":[-12.555,266.88,-24.5166],"direction":[-0.165931,-0.731545,0.661293],"extended":false,"handId":202,"id":2023,"length":59.0831,"mcpPosition":[-10.2487,322.568,-24.0406],"pipPosition":[-8.33977,285.464,-41.3159],"stabilizedTipPosition":[-32.3103,223.827,88.8007],"timeVisible":1.04845,"tipPosition":[-14.9471,263.397,-13.5032],"tipVelocity":[65.9645,-33.1314,-44.253],"tool":false,"touchDistance":0.333333,"touchZone":"none","type":3,"width":16.5772},{"bases":[[[0.945793,-0.217372,0.241298],[0.145647,0.947969,0.283095],[-0.290279,-0.232605,0.928242]],[[0.897596,-0.246954,0.365151],[0.438766,0.420646,-0.794066],[0.0424981,0.872967,0.485925]],[[0.897596,-0.246954,0.365151],[0.125428,-0.651031,-0.748616],[0.422598,0.717755,-0.553388]],[[0.897596,-0.246954,0.365151],[-0.109068,-0.927007,-0.358834],[0.427113,0.282261,-0.859013]]],"btipPosition":[-7.91597,274.582,-8.90674],"carpPosition":[-7.64236,307.856,32.7045],"dipPosition":[-1.16471,279.044,-22.4849],"direction":[-0.422598,-0.717755,0.553388],"extended":false,"handId":202,"id":2024,"length":46.32,"mcpPosition":[7.79307,320.224,-16.6541],"pipPosition":[6.41504,291.918,-32.4105],"stabilizedTipPosition":[-23.9568,233.63,97.9223],"timeVisible":1.04845,"tipPosition":[-5.9309,275.775,-12.9786],"tipVelocity":[51.5367,-30.4851,-47.8309],"tool":false,"touchDistance":0.333333,"touchZone":"none","type":4,"width":14.7252}],"r":[[0.935913,0.0993651,0.337924],[-0.138126,0.986076,0.0926027],[-0.324017,-0.133344,0.936607]],"s":0.911368,"t":[14.6398,103.81,-196.509],"timestamp":2728729115},false],[3,{"currentFrameRate":107.524,"devices":[],"gestures":[],"hands":[{"armBasis":[[0.943682,0.295901,-0.148014],[-0.2168,0.890976,0.398949],[0.249926,-0.344391,0.904949]],"armWidth":58.4334,"confidence":0.678884,"direction":[0.0150425,0.292983,-0.955999],"elbow":[40.8246,215.497,262.362],"grabStrength":0,"id":202,"palmNormal":[0.216602,-0.934359,-0.282942],"palmPosition":[-26.2773,310.157,-10.7058],"palmVelocity":[39.2853,-38.8139,-75.914],"palmWidth":83.4409,"pinchStrength":0.537637,"r":[[0.934757,0.10389,0.339758],[-0.143865,0.985066,0.0945957],[-0.324856,-0.137303,0.935744]],"s":0.915617,"sphereCenter":[-28.7625,281.19,-39.8359],"sphereRadius":42.9996,"stabilizedPalmPosition":[-43.447,267.032,114.242],"t":[14.937,103.494,-197.13],"timeVisible":1.05769,"type":"right","wrist":[-21.0568,300.768,38.2979]}],"id":260186,"interactionBox":{"center":[0,200,0],"size":[235.247,235.247,147.751]},"pointables":[{"bases":[[[0.201998,0.974499,0.0977168],[-0.888333,0.140293,0.437244],[0.412385,-0.175128,0.894018]],[[0.110897,0.989546,-0.0921989],[-0.930146,0.136018,0.341067],[0.350042,0.0479353,0.935507]],[[0.110897,0.989546,-0.0921989],[-0.948339,0.0776171,-0.307617],[-0.297245,0.12155,0.947033]],[[0.110897,0.989546,-0.0921989],[-0.926176,0.0692579,-0.370677],[-0.360416,0.126499,0.924174]]],"btipPosition":[-43.4724,276.583,-55.7999],"carpPosition":[-44.478,285.293,36.4691],"dipPosition":[-51.2076,279.298,-35.9654],"direction":[0.297245,-0.12155,-0.947033],"extended":false,"handId":202,"id":2020,"length":47.7925,"mcpPosition":[-44.478,285.293,36.4691],"pipPosition":[-60.5015,283.098,-6.35471],"stabilizedTipPosition":[-86.5808,223.284,92.7254],"timeVisible":1.05769,"tipPosition":[-44.3367,275.989,-51.0237],"tipVelocity":[39.9989,3.12245,-94.8622],"tool":false,"touchDistance":-0.442529,"touchZone":"touching","type":0,"width":18.5699},{"bases":[[[0.964812,0.249128,-0.0840989],[-0.236318,0.961815,0.138081],[0.115287,-0.113348,0.986844]],[[0.970197,0.2414,-0.0210524],[-0.229307,0.942721,0.242273],[0.0783313,-0.230225,0.96998]],[[0.970197,0.2414,-0.0210524],[-0.238574,0.966812,0.0914154],[0.0424215,-0.0836684,0.99559]],[[0.970197,0.2414,-0.0210524],[-0.242026,0.969622,-0.0354492],[0.0118555,0.039488,0.99915]]],"btipPosition":[-52.9846,324.375,-109.78],"carpPosition":[-40.9945,306.422,32.735],"dipPosition":[-52.7988,324.994,-94.1257],"direction":[-0.0424215,0.0836684,-0.99559],"extended":true,"handId":202,"id":2021,"length":53.9285,"mcpPosition":[-48.7725,314.069,-33.8432],"pipPosition":[-51.8586,323.139,-72.0584],"stabilizedTipPosition":[-78.597,291.902,12.4654],"timeVisible":1.05769,"tipPosition":[-52.3106,323.624,-106.281],"tipVelocity":[42.8217,-26.7345,-75.6311],"tool":false,"touchDistance":-0.427994,"touchZone":"touching","type":1,"width":17.738},{"bases":[[[0.997573,0.0638835,0.0277015],[-0.0672148,0.987364,0.143508],[-0.0181837,-0.145021,0.989261]],[[0.997092,0.0612938,0.0452936],[0.0105329,0.477773,-0.87842],[-0.0754818,0.876342,0.475738]],[[0.997092,0.0612938,0.0452936],[0.0739185,-0.633023,-0.770596],[-0.0185609,0.771703,-0.635712]],[[0.997092,0.0612938,0.0452936],[0.0721697,-0.950364,-0.302656],[0.0244945,0.305045,-0.952023]]],"btipPosition":[-26.0868,255.93,-19.8591],"carpPosition":[-30.6485,310.767,31.4781],"dipPosition":[-25.6647,261.186,-36.2652],"direction":[0.0185609,-0.771703,0.635712],"extended":false,"handId":202,"id":2022,"length":61.4471,"mcpPosition":[-29.4851,320.046,-31.8145],"pipPosition":[-26.1487,281.31,-52.8427],"stabilizedTipPosition":[-44.8144,213.93,92.3138],"timeVisible":1.05769,"tipPosition":[-25.9329,257.388,-24.9688],"tipVelocity":[68.4971,-38.9095,-26.0897],"tool":false,"touchDistance":0.333333,"touchZone":"none","type":2,"width":17.4211},{"bases":[[[0.986233,-0.0327686,0.16208],[0.00368364,0.984279,0.176583],[-0.165318,-0.173555,0.970849]],[[0.97903,-0.0395173,0.199848],[0.19787,0.417812,-0.886725],[-0.0484579,0.907674,0.41687]],[[0.97903,-0.0395173,0.199848],[0.119628,-0.682529,-0.721002],[0.164894,0.72979,-0.663489]],[[0.97903,-0.0395173,0.199848],[0.0172313,-0.961426,-0.274523],[0.202988,0.27221,-0.940584]]],"btipPosition":[-15.692,261.984,-8.71504],"carpPosition":[-19.507,312.408,31.1628],"dipPosition":[-12.2141,266.648,-24.8309],"direction":[-0.164894,-0.72979,0.663489],"extended":false,"handId":202,"id":2023,"length":59.0831,"mcpPosition":[-10.0106,322.377,-24.6056],"pipPosition":[-8.02517,285.187,-41.6859],"stabilizedTipPosition":[-31.6002,225.426,84.674],"timeVisible":1.05769,"tipPosition":[-14.6069,263.162,-13.8169],"tipVelocity":[57.7481,-31.0286,-41.4279],"tool":false,"touchDistance":0.333333,"touchZone":"none","type":3,"width":16.5772},{"bases":[[[0.946215,-0.214813,0.241936],[0.142414,0.947974,0.284716],[-0.29051,-0.234947,0.927579]],[[0.897585,-0.244931,0.366538],[0.438557,0.411565,-0.798926],[0.0448272,0.877851,0.476831]],[[0.897585,-0.244931,0.366538],[0.123663,-0.658175,-0.742639],[0.423142,0.711909,-0.560479]],[[0.897585,-0.244931,0.366538],[-0.108921,-0.928889,-0.353981],[0.427174,0.277804,-0.860434]]],"btipPosition":[-7.76453,274.453,-9.01226],"carpPosition":[-7.41696,307.585,32.1193],"dipPosition":[-1.0123,278.845,-22.6129],"direction":[-0.423142,-0.711909,0.560479],"extended":false,"handId":202,"id":2024,"length":46.32,"mcpPosition":[8.03074,320.078,-17.2042],"pipPosition":[6.57719,291.614,-32.6657],"stabilizedTipPosition":[-23.6551,234.341,96.0513],"timeVisible":1.05769,"tipPosition":[-5.7464,275.606,-13.1671],"tipVelocity":[41.67,-26.3343,-37.76],"tool":false,"touchDistance":0.333333,"touchZone":"none","type":4,"width":14.7252}],"r":[[0.934757,0.10389,0.339758],[-0.143865,0.985066,0.0945957],[-0.324856,-0.137303,0.935744]],"s":0.915617,"t":[14.937,103.494,-197.13],"timestamp":2728738359},false],[4,{"currentFrameRate":107.815,"devices":[],"gestures":[],"hands":[{"armBasis":[[0.94523,0.294133,-0.141516],[-0.217713,0.891157,0.398046],[0.243191,-0.345435,0.906384]],"armWidth":58.4334,"confidence":0.68428,"direction":[0.0162777,0.294371,-0.955553],"elbow":[39.3899,214.915,262.13],"grabStrength":0,"id":202,"palmNormal":[0.217346,-0.933869,-0.283988],"palmPosition":[-25.9792,309.902,-11.2875],"palmVelocity":[37.8904,-36.2182,-73.3934],"palmWidth":83.4409,"pinchStrength":0.516515,"r":[[0.933708,0.107473,0.341524],[-0.148553,0.984192,0.0964247],[-0.325763,-0.140767,0.934914]],"s":0.920146,"sphereCenter":[-28.5409,280.995,-40.4176],"sphereRadius":43.0532,"stabilizedPalmPosition":[-43.337,267.302,113.452],"t":[15.2347,103.208,-197.731],"timeVisible":1.06644,"type":"right","wrist":[-20.8241,300.444,37.7098]}],"id":260187,"interactionBox":{"center":[0,200,0],"size":[235.247,235.247,147.751]},"pointables":[{"bases":[[[0.2015,0.974431,0.0994098],[-0.888999,0.139333,0.436197],[0.411193,-0.176269,0.894343]],[[0.11243,0.98984,-0.0870421],[-0.92989,0.135685,0.341896],[0.350233,0.0425002,0.935698]],[[0.11243,0.98984,-0.0870421],[-0.947853,0.0805448,-0.308362],[-0.298219,0.117172,0.947278]],[[0.11243,0.98984,-0.0870421],[-0.927879,0.0732414,-0.365617],[-0.355527,0.121871,0.926687]]],"btipPosition":[-43.3146,276.738,-56.5137],"carpPosition":[-44.2369,284.963,35.8257],"dipPosition":[-50.9449,279.354,-36.6252],"direction":[0.298219,-0.117172,-0.947278],"extended":false,"handId":202,"id":2020,"length":47.7925,"mcpPosition":[-44.2369,284.963,35.8257],"pipPosition":[-60.2692,283.017,-7.00686],"stabilizedTipPosition":[-86.4664,223.433,92.3267],"timeVisible":1.06644,"tipPosition":[-44.171,276.119,-51.7254],"tipVelocity":[34.8532,6.34348,-90.9278],"tool":false,"touchDistance":-0.43713,"touchZone":"touching","type":0,"width":18.5699},{"bases":[[[0.964837,0.249605,-0.0823818],[-0.236869,0.961527,0.139139],[0.113942,-0.114733,0.98684]],[[0.970125,0.241815,-0.0195437],[-0.22996,0.942244,0.243504],[0.0772978,-0.231735,0.969703]],[[0.970125,0.241815,-0.0195437],[-0.239079,0.966605,0.09228],[0.0412058,-0.0848507,0.995541]],[[0.970125,0.241815,-0.0195437],[-0.242376,0.969554,-0.0349202],[0.0105045,0.0386139,0.999199]]],"btipPosition":[-52.5666,324.245,-110.377],"carpPosition":[-40.7561,306.099,32.1271],"dipPosition":[-52.402,324.85,-94.7214],"direction":[-0.0412058,0.0848507,-0.995541],"extended":true,"handId":202,"id":2021,"length":53.9285,"mcpPosition":[-48.4433,313.839,-34.4509],"pipPosition":[-51.4886,322.969,-72.6552],"stabilizedTipPosition":[-78.3674,292.188,11.4151],"timeVisible":1.06644,"tipPosition":[-51.9026,323.509,-106.877],"tipVelocity":[44.0044,-23.6563,-73.6318],"tool":false,"touchDistance":-0.422472,"touchZone":"touching","type":1,"width":17.738},{"bases":[[[0.997509,0.0642111,0.0291967],[-0.0677825,0.987131,0.144841],[-0.0195205,-0.146459,0.989024]],[[0.99699,0.0615412,0.0471506],[0.0129011,0.468004,-0.883632],[-0.0764464,0.881581,0.465802]],[[0.99699,0.0615412,0.0471506],[0.0756761,-0.640397,-0.764307],[-0.0168412,0.765574,-0.643127]],[[0.99699,0.0615412,0.0471506],[0.0728368,-0.951863,-0.297743],[0.0265574,0.300282,-0.953481]]],"btipPosition":[-25.8005,255.714,-19.7733],"carpPosition":[-30.4099,310.45,30.8909],"dipPosition":[-25.3428,260.889,-36.2046],"direction":[0.0168412,-0.765574,0.643127],"extended":false,"handId":202,"id":2022,"length":61.4471,"mcpPosition":[-29.161,319.82,-32.3864],"pipPosition":[-25.782,280.853,-52.9755],"stabilizedTipPosition":[-43.772,216.273,85.9965],"timeVisible":1.06644,"tipPosition":[-25.631,257.137,-24.9778],"tipVelocity":[59.1638,-35.6506,-16.6476],"tool":false,"touchDistance":0.333333,"touchZone":"none","type":2,"width":17.4211},{"bases":[[[0.986017,-0.0326394,0.163419],[0.00307052,0.984024,0.178011],[-0.166618,-0.17502,0.970364]],[[0.978782,-0.0394288,0.201075],[0.199436,0.408513,-0.890698],[-0.0470227,0.9119,0.407709]],[[0.978782,-0.0394288,0.201075],[0.119331,-0.688045,-0.71579],[0.166571,0.724596,-0.668741]],[[0.978782,-0.0394288,0.201075],[0.0170878,-0.962187,-0.271854],[0.204191,0.269522,-0.941097]]],"btipPosition":[-15.501,261.76,-8.73867],"carpPosition":[-19.2686,312.095,30.5938],"dipPosition":[-12.0024,266.378,-24.8633],"direction":[-0.166571,-0.724596,0.668741],"extended":false,"handId":202,"id":2023,"length":59.0831,"mcpPosition":[-9.69753,322.149,-25.1468],"pipPosition":[-7.77088,284.786,-41.8517],"stabilizedTipPosition":[-30.9342,226.899,80.8476],"timeVisible":1.06644,"tipPosition":[-14.398,262.923,-13.8985],"tipVelocity":[48.2708,-29.8975,-31.1108],"tool":false,"touchDistance":0.333333,"touchZone":"none","type":3,"width":16.5772},{"bases":[[[0.945953,-0.214814,0.242956],[0.141662,0.947614,0.286287],[-0.291727,-0.236396,0.926829]],[[0.896531,-0.245437,0.368773],[0.440098,0.398673,-0.804595],[0.0504574,0.88364,0.465439]],[[0.896531,-0.245437,0.368773],[0.119684,-0.667314,-0.735097],[0.426507,0.703173,-0.568893]],[[0.896531,-0.245437,0.368773],[-0.111689,-0.930824,-0.347982],[0.42867,0.270789,-0.861925]]],"btipPosition":[-7.72758,274.301,-8.98756],"carpPosition":[-7.17812,307.275,31.5602],"dipPosition":[-0.95171,278.581,-22.6118],"direction":[-0.426507,-0.703173,0.568893],"extended":false,"handId":202,"id":2024,"length":46.32,"mcpPosition":[8.33426,319.846,-17.7233],"pipPosition":[6.69815,291.193,-32.8155],"stabilizedTipPosition":[-23.3566,235.04,94.2044],"timeVisible":1.06644,"tipPosition":[-5.66076,275.402,-13.2395],"tipVelocity":[31.8008,-24.7425,-27.0493],"tool":false,"touchDistance":0.333333,"touchZone":"none","type":4,"width":14.7252}],"r":[[0.933708,0.107473,0.341524],[-0.148553,0.984192,0.0964247],[-0.325763,-0.140767,0.934914]],"s":0.920146,"t":[15.2347,103.208,-197.731],"timestamp":2728747106},false],[5,{"currentFrameRate":107.921,"devices":[],"gestures":[],"hands":[{"armBasis":[[0.945596,0.295953,-0.135126],[-0.221627,0.890026,0.398417],[0.238178,-0.346794,0.907196]],"armWidth":58.4334,"confidence":0.688307,"direction":[0.0166489,0.293764,-0.955733],"elbow":[38.3691,214.314,261.899],"grabStrength":0,"id":202,"palmNormal":[0.221259,-0.93325,-0.282999],"palmPosition":[-25.7188,309.584,-11.7333],"palmVelocity":[35.3509,-35.8978,-66.6846],"palmWidth":83.4409,"pinchStrength":0.492282,"r":[[0.932666,0.111075,0.343214],[-0.153066,0.983375,0.0976966],[-0.326656,-0.143653,0.934163]],"s":0.924739,"sphereCenter":[-28.2188,280.649,-40.805],"sphereRadius":43.1048,"stabilizedPalmPosition":[-43.2141,267.597,112.579],"t":[15.5137,102.906,-198.254],"timeVisible":1.07552,"type":"right","wrist":[-20.6037,300.18,37.2785]}],"id":260188,"interactionBox":{"center":[0,200,0],"size":[235.247,235.247,147.751]},"pointables":[{"bases":[[[0.197715,0.975244,0.0990351],[-0.89018,0.136323,0.434735],[0.410472,-0.174113,0.895096]],[[0.110764,0.990313,-0.0837348],[-0.93003,0.132988,0.342576],[0.350393,0.0399308,0.935751]],[[0.110764,0.990313,-0.0837348],[-0.947793,0.0799056,-0.308712],[-0.29903,0.113557,0.947463]],[[0.110764,0.990313,-0.0837348],[-0.929399,0.0733668,-0.361712],[-0.352065,0.117888,0.928522]]],"btipPosition":[-43.0897,276.701,-57.0176],"carpPosition":[-43.9558,284.61,35.3694],"dipPosition":[-50.6457,279.231,-37.0898],"direction":[0.29903,-0.113557,-0.947463],"extended":false,"handId":202,"id":2020,"length":47.7925,"mcpPosition":[-43.9558,284.61,35.3694],"pipPosition":[-59.9954,282.782,-7.46567],"stabilizedTipPosition":[-86.3639,223.566,91.9704],"timeVisible":1.07552,"tipPosition":[-43.9379,276.062,-52.2203],"tipVelocity":[32.5896,2.86083,-80.8669],"tool":false,"touchDistance":-0.429173,"touchZone":"touching","type":0,"width":18.5699},{"bases":[[[0.964026,0.253141,-0.081077],[-0.240662,0.960734,0.138101],[0.112853,-0.113621,0.987094]],[[0.969231,0.245454,-0.0185297],[-0.233795,0.941512,0.242681],[0.0770132,-0.230882,0.969929]],[[0.969231,0.245454,-0.0185297],[-0.242854,0.96581,0.0907332],[0.0401671,-0.0834414,0.995703]],[[0.969231,0.245454,-0.0185297],[-0.245994,0.968562,-0.0370674],[0.00884887,0.040485,0.999141]]],"btipPosition":[-52.2248,323.733,-110.872],"carpPosition":[-40.548,305.756,31.6612],"dipPosition":[-52.0862,324.367,-95.2169],"direction":[-0.0401671,0.0834414,-0.995703],"extended":true,"handId":202,"id":2021,"length":53.9285,"mcpPosition":[-48.1617,313.421,-34.9339],"pipPosition":[-51.1959,322.518,-73.1471],"stabilizedTipPosition":[-78.1152,292.493,10.2714],"timeVisible":1.07552,"tipPosition":[-51.5716,323.035,-107.368],"tipVelocity":[42.0693,-32.515,-68.3491],"tool":false,"touchDistance":-0.41598,"touchZone":"touching","type":1,"width":17.738},{"bases":[[[0.997217,0.0679479,0.0306814],[-0.0716816,0.986972,0.144044],[-0.0204942,-0.145842,0.989096]],[[0.996674,0.0652649,0.0487948],[0.0138751,0.454131,-0.890827],[-0.0802989,0.888541,0.451715]],[[0.996674,0.0652649,0.0487948],[0.0795723,-0.650366,-0.755442],[-0.0175693,0.756812,-0.653396]],[[0.996674,0.0652649,0.0487948],[0.0766705,-0.953892,-0.290194],[0.0276055,0.29297,-0.955723]]],"btipPosition":[-25.3733,255.417,-19.3019],"carpPosition":[-30.2163,310.145,30.4379],"dipPosition":[-24.8976,260.465,-35.7717],"direction":[0.0175693,-0.756812,0.653396],"extended":false,"handId":202,"id":2022,"length":61.4471,"mcpPosition":[-28.905,319.475,-32.844],"pipPosition":[-25.3557,280.201,-52.8104],"stabilizedTipPosition":[-42.6031,218.819,79.107],"timeVisible":1.07552,"tipPosition":[-25.1934,256.792,-24.6115],"tipVelocity":[55.9487,-35.7538,2.05136],"tool":false,"touchDistance":0.333333,"touchZone":"none","type":2,"width":17.4211},{"bases":[[[0.985879,-0.0288514,0.164954],[-0.000868532,0.984152,0.177325],[-0.167456,-0.174964,0.97023]],[[0.978644,-0.0356148,0.202455],[0.199494,0.402119,-0.89359],[-0.0495861,0.914895,0.400636]],[[0.978644,-0.0356148,0.202455],[0.12209,-0.69165,-0.711838],[0.16538,0.721354,-0.672531]],[[0.978644,-0.0356148,0.202455],[0.0207195,-0.962772,-0.269521],[0.204517,0.26796,-0.941472]]],"btipPosition":[-15.1353,261.479,-8.77556],"carpPosition":[-19.0807,311.831,30.1567],"dipPosition":[-11.6311,266.071,-24.9066],"direction":[-0.16538,-0.721354,0.672531],"extended":false,"handId":202,"id":2023,"length":59.0831,"mcpPosition":[-9.46151,321.881,-25.5762],"pipPosition":[-7.42984,284.396,-41.9914],"stabilizedTipPosition":[-30.2216,228.429,76.8423],"timeVisible":1.07552,"tipPosition":[-14.0319,262.635,-13.9274],"tipVelocity":[46.107,-30.3726,-23.6779],"tool":false,"touchDistance":0.333333,"touchZone":"none","type":3,"width":16.5772},{"bases":[[[0.946372,-0.211119,0.244557],[0.137691,0.948334,0.285839],[-0.292268,-0.236837,0.926546]],[[0.896372,-0.242081,0.371368],[0.440204,0.387203,-0.81012],[0.0523203,0.889646,0.453643]],[[0.896372,-0.242081,0.371368],[0.118979,-0.675616,-0.72759],[0.427038,0.696376,-0.576801]],[[0.896372,-0.242081,0.371368],[-0.110307,-0.933182,-0.342058],[0.42936,0.265647,-0.863181]]],"btipPosition":[-7.57535,274.114,-8.84351],"carpPosition":[-6.97384,307.057,31.145],"dipPosition":[-0.788587,278.313,-22.4876],"direction":[-0.427038,-0.696376,0.576801],"extended":false,"handId":202,"id":2024,"length":46.32,"mcpPosition":[8.56731,319.651,-18.1235],"pipPosition":[6.8708,290.803,-32.8331],"stabilizedTipPosition":[-23.0036,235.855,92.0428],"timeVisible":1.07552,"tipPosition":[-5.47871,275.181,-13.1535],"tipVelocity":[27.723,-24.1499,-15.3201],"tool":false,"touchDistance":0.333333,"touchZone":"none","type":4,"width":14.7252}],"r":[[0.932666,0.111075,0.343214],[-0.153066,0.983375,0.0976966],[-0.326656,-0.143653,0.934163]],"s":0.924739,"t":[15.5137,102.906,-198.254],"timestamp":2728756180},false],[6,{"currentFrameRate":107.921,"devices":[],"gestures":[],"hands":[{"armBasis":[[0.941487,0.306006,-0.141289],[-0.230097,0.889848,0.393988],[0.246288,-0.338425,0.908191]],"armWidth":58.4334,"confidence":0.690851,"direction":[0.014882,0.298488,-0.954297],"elbow":[40.6105,215.934,261.913],"grabStrength":0,"id":202,"palmNormal":[0.229897,-0.929855,-0.287258],"palmPosition":[-25.5249,309.321,-11.9255],"palmVelocity":[31.291,-33.7821,-53.7551],"palmWidth":83.4409,"pinchStrength":0.465058,"r":[[0.931549,0.115296,0.344853],[-0.15846,0.982327,0.0996206],[-0.327272,-0.147447,0.933355]],"s":0.929217,"sphereCenter":[-27.7808,280.475,-41.1081],"sphereRadius":43.1597,"stabilizedPalmPosition":[-43.0728,267.93,111.584],"t":[15.7502,102.624,-198.612],"timeVisible":1.08478,"type":"right","wrist":[-20.3703,299.728,37.0455]}],"id":260189,"interactionBox":{"center":[0,200,0],"size":[235.247,235.247,147.751]},"pointables":[{"bases":[[[0.188852,0.976494,0.103898],[-0.891767,0.126232,0.434531],[0.411202,-0.174715,0.894644]],[[0.104047,0.991772,-0.0745802],[-0.930283,0.12357,0.345403],[0.351777,0.0334425,0.935486]],[[0.104047,0.991772,-0.0745802],[-0.948836,0.0765048,-0.306361],[-0.298134,0.10264,0.948989]],[[0.104047,0.991772,-0.0745802],[-0.931701,0.0709571,-0.356228],[-0.348005,0.106551,0.931418]]],"btipPosition":[-42.8922,276.931,-57.4453],"carpPosition":[-43.5798,283.958,35.0394],"dipPosition":[-50.3611,279.218,-37.4554],"direction":[0.298134,-0.10264,-0.948989],"extended":false,"handId":202,"id":2020,"length":47.7925,"mcpPosition":[-43.5798,283.958,35.0394],"pipPosition":[-59.6828,282.427,-7.78348],"stabilizedTipPosition":[-86.2701,223.687,91.6448],"timeVisible":1.08478,"tipPosition":[-43.6955,276.237,-52.6393],"tipVelocity":[30.0258,7.34099,-70.6647],"tool":false,"touchDistance":-0.420791,"touchZone":"touching","type":0,"width":18.5699},{"bases":[[[0.961786,0.262178,-0.0789396],[-0.249413,0.957859,0.142474],[0.112967,-0.117341,0.986646]],[[0.966987,0.254278,-0.0167234],[-0.242419,0.93815,0.247201],[0.0785467,-0.234986,0.96882]],[[0.966987,0.254278,-0.0167234],[-0.251636,0.963173,0.0947423],[0.0401984,-0.0874064,0.995361]],[[0.966987,0.254278,-0.0167234],[-0.254713,0.966434,-0.033577],[0.00762421,0.0367282,0.999296]]],"btipPosition":[-52.0852,323.688,-111.018],"carpPosition":[-40.3588,305.151,31.4359],"dipPosition":[-51.9657,324.263,-95.3607],"direction":[-0.0401984,0.0874064,-0.995361],"extended":true,"handId":202,"id":2021,"length":53.9285,"mcpPosition":[-47.9802,313.068,-35.1289],"pipPosition":[-51.0747,322.326,-73.2984],"stabilizedTipPosition":[-77.8476,292.815,9.06266],"timeVisible":1.08478,"tipPosition":[-51.4357,323.008,-107.515],"tipVelocity":[34.336,-25.1407,-53.5366],"tool":false,"touchDistance":-0.404899,"touchZone":"touching","type":1,"width":17.738},{"bases":[[[0.996538,0.076755,0.0319616],[-0.0806808,0.985585,0.148705],[-0.020087,-0.150769,0.988365]],[[0.995994,0.0739479,0.050272],[0.0122195,0.444379,-0.895755],[-0.0885791,0.892782,0.441695]],[[0.995994,0.0739479,0.050272],[0.0865313,-0.655389,-0.750318],[-0.0225367,0.751662,-0.659163]],[[0.995994,0.0739479,0.050272],[0.0853809,-0.953515,-0.288998],[0.0265644,0.292132,-0.956009]]],"btipPosition":[-24.7354,255.187,-18.8513],"carpPosition":[-30.0658,309.639,30.2436],"dipPosition":[-24.2776,260.221,-35.3261],"direction":[0.0225367,-0.751662,0.659163],"extended":false,"handId":202,"id":2022,"length":61.4471,"mcpPosition":[-28.7806,319.285,-32.9916],"pipPosition":[-24.8653,279.823,-52.5151],"stabilizedTipPosition":[-41.3557,221.423,72.0453],"timeVisible":1.08478,"tipPosition":[-24.556,256.562,-24.2458],"tipVelocity":[59.4522,-32.761,15.125],"tool":false,"touchDistance":0.333333,"touchZone":"none","type":2,"width":17.4211},{"bases":[[[0.985947,-0.0207858,0.165758],[-0.00987573,0.983242,0.182039],[-0.166764,-0.181118,0.969219]],[[0.978772,-0.0277647,0.203063],[0.196751,0.404762,-0.893004],[-0.0573984,0.914,0.401633]],[[0.978772,-0.0277647,0.203063],[0.128468,-0.68887,-0.71341],[0.159692,0.724353,-0.67068]],[[0.978772,-0.0277647,0.203063],[0.0294593,-0.961435,-0.273451],[0.202825,0.273628,-0.940207]]],"btipPosition":[-14.5463,261.292,-9.00262],"carpPosition":[-18.9456,311.426,29.9811],"dipPosition":[-11.0711,265.98,-25.112],"direction":[-0.159692,-0.724353,0.67068],"extended":false,"handId":202,"id":2023,"length":59.0831,"mcpPosition":[-9.36615,321.83,-25.6937],"pipPosition":[-7.01438,284.381,-42.1497],"stabilizedTipPosition":[-29.4654,229.987,72.7321],"timeVisible":1.08478,"tipPosition":[-13.4561,262.478,-14.1207],"tipVelocity":[50.8167,-26.8491,-23.7593],"tool":false,"touchDistance":0.333333,"touchZone":"none","type":3,"width":16.5772},{"bases":[[[0.948008,-0.203781,0.244448],[0.128901,0.948149,0.290513],[-0.290974,-0.243899,0.92512]],[[0.897729,-0.236024,0.371988],[0.438194,0.39122,-0.809279],[0.04548,0.889517,0.454634]],[[0.897729,-0.236024,0.371988],[0.124996,-0.673215,-0.728806],[0.422443,0.700767,-0.574863]],[[0.897729,-0.236024,0.371988],[-0.102066,-0.932831,-0.345555],[0.428561,0.272247,-0.86152]]],"btipPosition":[-7.15067,274.011,-9.0477],"carpPosition":[-6.7972,306.757,30.9581],"dipPosition":[-0.376519,278.314,-22.6655],"direction":[-0.422443,-0.700767,0.574863],"extended":false,"handId":202,"id":2024,"length":46.32,"mcpPosition":[8.67517,319.726,-18.2345],"pipPosition":[7.20046,290.883,-32.9763],"stabilizedTipPosition":[-22.6016,236.759,89.6366],"timeVisible":1.08478,"tipPosition":[-5.06189,275.105,-1