{"sensorType":"Leap","data":[[0,{"currentFrameRate":103.546,"devices":[],"gestures":[],"hands":[{"armBasis":[[0.913674,0.293881,-0.280772],[-0.121243,0.856413,0.501853],[0.387942,-0.424489,0.818114]],"armWidth":58.4334,"confidence":0.671944,"direction":[0.00979902,0.428939,-0.90328],"elbow":[68.7417,178.58,238.85],"grabStrength":0,"id":209,"palmNormal":[0.120849,-0.897211,-0.424745],"palmPosition":[-33.2871,300.636,-10.5513],"palmVelocity":[-17.6834,-12.0791,-90.1649],"palmWidth":83.4409,"pinchStrength":0.58041,"r":[[0.633724,0.341395,0.69415],[-0.29115,0.936626,-0.194843],[-0.716677,-0.0786251,0.692959]],"s":1.02979,"sphereCenter":[-33.7248,273.786,-43.4455],"sphereRadius":42.3068,"stabilizedPalmPosition":[-41.1019,280.078,39.1626],"t":[96.111,128.919,-179.817],"timeVisible":0.732181,"type":"right","wrist":[-27.3124,283.683,36.2854]}],"id":263413,"interactionBox":{"center":[0,200,0],"size":[235.247,235.247,147.751]},"pointables":[{"bases":[[[0.29325,0.92844,0.228041],[-0.856726,0.149343,0.493677],[0.424293,-0.34014,0.839214]],[[0.201012,0.978158,0.052931],[-0.91444,0.167993,0.368209],[0.351274,-0.122416,0.928235]],[[0.201012,0.978158,0.052931],[-0.956917,0.20763,-0.202978],[-0.209535,-0.00984959,0.977752]],[[0.201012,0.978158,0.052931],[-0.853098,0.201358,-0.481329],[-0.481474,0.0515975,0.87494]]],"btipPosition":[-51.2914,275.51,-58.5117],"carpPosition":[-52.0962,270.706,33.3283],"dipPosition":[-61.6247,276.618,-39.7338],"direction":[0.209535,0.00984959,-0.977752],"extended":false,"handId":209,"id":2090,"length":47.7925,"mcpPosition":[-52.0962,270.706,33.3283],"pipPosition":[-68.1762,276.31,-9.16267],"stabilizedTipPosition":[-65.5387,261.609,-14.5948],"timeVisible":0.732181,"tipPosition":[-52.8388,274.656,-53.8713],"tipVelocity":[-12.9837,-15.8871,-96.1455],"tool":false,"touchDistance":-0.452581,"touchZone":"hovering","type":0,"width":18.5699},{"bases":[[[0.980176,0.175528,-0.0918945],[-0.142802,0.947395,0.286445],[0.137339,-0.267644,0.953679]],[[0.986972,0.157979,-0.0304668],[-0.145371,0.956776,0.251887],[0.0689428,-0.244176,0.967277]],[[0.986972,0.157979,-0.0304668],[-0.152661,0.979332,0.132676],[0.0507972,-0.126297,0.990691]],[[0.986972,0.157979,-0.0304668],[-0.156841,0.986941,0.0367261],[0.0358709,-0.0314692,0.998861]]],"btipPosition":[-60.4953,322.749,-107.529],"carpPosition":[-46.8254,291.78,32.5293],"dipPosition":[-59.9332,322.256,-91.8789],"direction":[-0.0507972,0.126297,-0.990691],"extended":true,"handId":209,"id":2091,"length":53.9285,"mcpPosition":[-56.0911,309.837,-31.8114],"pipPosition":[-58.8073,319.457,-69.9202],"stabilizedTipPosition":[-82.9392,302.448,-27.3671],"timeVisible":0.732181,"tipPosition":[-59.6986,321.269,-104.091],"tipVelocity":[-14.7646,-13.486,-97.5916],"tool":false,"touchDistance":-0.464683,"touchZone":"hovering","type":1,"width":17.738},{"bases":[[[0.999606,-0.0263425,-0.00968052],[0.028014,0.957325,0.287654],[0.00168987,-0.287812,0.957685]],[[0.999597,-0.0255366,-0.0123617],[0.0055457,0.603174,-0.79759],[0.027824,0.797201,0.603073]],[[0.999597,-0.0255366,-0.0123617],[-0.0254938,-0.617273,-0.786336],[0.0124498,0.786335,-0.617675]],[[0.999597,-0.0255366,-0.0123617],[-0.0279059,-0.963562,-0.266024],[-0.00511789,0.266262,-0.963887]]],"btipPosition":[-37.7482,253.447,-23.7764],"carpPosition":[-36.1737,295.364,31.4348],"dipPosition":[-37.8363,258.035,-40.387],"direction":[-0.0124498,-0.786335,0.617675],"extended":false,"handId":209,"id":2092,"length":61.4471,"mcpPosition":[-36.2818,313.778,-29.8375],"pipPosition":[-37.5117,278.541,-56.4942],"stabilizedTipPosition":[-53.5068,244.439,7.3796],"timeVisible":0.732181,"tipPosition":[-37.7496,254.613,-27.6251],"tipVelocity":[5.80121,-22.8759,-91.4234],"tool":false,"touchDistance":0.333333,"touchZone":"none","type":2,"width":17.4211},{"bases":[[[0.983984,-0.140501,0.109699],[0.0993994,0.943334,0.31661],[-0.147967,-0.300635,0.942191]],[[0.97946,-0.148856,0.136014],[0.198004,0.582546,-0.788311],[0.0381106,0.79905,0.600055]],[[0.97946,-0.148856,0.136014],[0.0140126,-0.622665,-0.782363],[0.201151,0.768199,-0.60779]],[[0.97946,-0.148856,0.136014],[-0.106212,-0.954253,-0.279501],[0.171397,0.259314,-0.950463]]],"btipPosition":[-26.0542,256.648,-16.1397],"carpPosition":[-24.9457,296.076,30.8433],"dipPosition":[-23.1175,261.091,-32.4248],"direction":[-0.201151,-0.768199,0.60779],"extended":false,"handId":209,"id":2093,"length":59.0831,"mcpPosition":[-16.4461,313.345,-23.279],"pipPosition":[-18.0075,280.606,-47.8649],"stabilizedTipPosition":[-35.6385,248.715,6.35689],"timeVisible":0.732181,"tipPosition":[-25.2805,257.754,-19.7923],"tipVelocity":[3.14434,-14.2275,-83.924],"tool":false,"touchDistance":0.333333,"touchZone":"none","type":3,"width":16.5772},{"bases":[[[0.930205,-0.328274,0.164179],[0.237769,0.879705,0.411806],[-0.279615,-0.344027,0.89636]],[[0.869601,-0.381672,0.313243],[0.481178,0.512797,-0.71099],[0.110735,0.769003,0.629581]],[[0.869601,-0.381672,0.313243],[0.0164819,-0.611616,-0.790983],[0.493481,0.693002,-0.525571]],[[0.869601,-0.381672,0.313243],[-0.26823,-0.897802,-0.349292],[0.414545,0.219723,-0.883105]]],"btipPosition":[-17.4472,267.605,-14.1616],"carpPosition":[-13.3212,290.15,30.5306],"dipPosition":[-10.8946,271.078,-28.1206],"direction":[-0.493481,-0.693002,0.525571],"extended":false,"handId":209,"id":2094,"length":46.32,"mcpPosition":[1.54716,308.443,-17.1328],"pipPosition":[-2.04349,283.508,-37.5473],"stabilizedTipPosition":[-23.6479,258.095,7.37217],"timeVisible":0.732181,"tipPosition":[-15.782,268.442,-17.2625],"tipVelocity":[-1.36356,-10.6259,-82.9027],"tool":false,"touchDistance":0.333333,"touchZone":"none","type":4,"width":14.7252}],"r":[[0.633724,0.341395,0.69415],[-0.29115,0.936626,-0.194843],[-0.716677,-0.0786251,0.692959]],"s":1.02979,"t":[96.111,128.919,-179.817],"timestamp":2758420526},false],[1,{"currentFrameRate":103.847,"devices":[],"gestures":[],"hands":[{"armBasis":[[0.913549,0.295873,-0.279084],[-0.124337,0.856473,0.500994],[0.387259,-0.422981,0.819218]],"armWidth":58.4334,"confidence":0.675976,"direction":[0.0121087,0.42614,-0.904576],"elbow":[68.2089,178.894,238.306],"grabStrength":0,"id":209,"palmNormal":[0.12375,-0.898327,-0.421539],"palmPosition":[-33.5221,300.42,-11.441],"palmVelocity":[-19.961,-15.3044,-92.3722],"palmWidth":83.4409,"pinchStrength":0.581681,"r":[[0.629672,0.346315,0.695399],[-0.294752,0.934708,-0.1986],[-0.718773,-0.0799179,0.690636]],"s":1.03156,"sphereCenter":[-34.2307,273.645,-44.2524],"sphereRadius":42.2947,"stabilizedPalmPosition":[-41.101,280.081,39.156],"t":[95.8896,128.735,-180.738],"timeVisible":0.741245,"type":"right","wrist":[-27.6759,283.624,35.4681]}],"id":263414,"interactionBox":{"center":[0,200,0],"size":[235.247,235.247,147.751]},"pointables":[{"bases":[[[0.290952,0.929632,0.226121],[-0.858617,0.149455,0.490347],[0.422048,-0.336819,0.841682]],[[0.199135,0.978675,0.0503979],[-0.916223,0.167689,0.36389],[0.347679,-0.118639,0.930077]],[[0.199135,0.978675,0.0503979],[-0.956552,0.205295,-0.207033],[-0.212965,-0.00698054,0.977035]],[[0.199135,0.978675,0.0503979],[-0.852312,0.198346,-0.483966],[-0.483642,0.0534199,0.873634]]],"btipPosition":[-51.3051,275.099,-59.4051],"carpPosition":[-52.4283,270.596,32.4688],"dipPosition":[-61.685,276.245,-40.6553],"direction":[0.212965,0.00698054,-0.977035],"extended":false,"handId":209,"id":2090,"length":47.7925,"mcpPosition":[-52.4283,270.596,32.4688],"pipPosition":[-68.3437,276.027,-10.1065],"stabilizedTipPosition":[-65.5338,261.615,-14.6119],"timeVisible":0.741245,"tipPosition":[-52.8935,274.292,-54.7654],"tipVelocity":[-10.141,-23.7651,-97.0115],"tool":false,"touchDistance":-0.449154,"touchZone":"hovering","type":0,"width":18.5699},{"bases":[[[0.980187,0.17687,-0.0891709],[-0.145323,0.948043,0.283011],[0.134594,-0.264445,0.954963]],[[0.986691,0.159963,-0.0291971],[-0.147388,0.955656,0.25495],[0.068685,-0.247253,0.966513]],[[0.986691,0.159963,-0.0291971],[-0.154639,0.978612,0.13567],[0.0502748,-0.129349,0.990324]],[[0.986691,0.159963,-0.0291971],[-0.15877,0.986528,0.0394235],[0.0351101,-0.0342631,0.998796]]],"btipPosition":[-60.6406,322.662,-108.484],"carpPosition":[-47.1896,291.676,31.6216],"dipPosition":[-60.0905,322.125,-92.8349],"direction":[-0.0502748,0.129349,-0.990324],"extended":true,"handId":209,"id":2091,"length":53.9285,"mcpPosition":[-56.2701,309.517,-32.8057],"pipPosition":[-58.9762,319.258,-70.8843],"stabilizedTipPosition":[-82.9385,302.448,-27.3695],"timeVisible":0.741245,"tipPosition":[-59.8499,321.155,-105.05],"tipVelocity":[-15.1996,-12.7131,-99.7452],"tool":false,"touchDistance":-0.460877,"touchZone":"hovering","type":1,"width":17.738},{"bases":[[[0.999675,-0.024711,-0.00626327],[0.0254714,0.958261,0.284758],[-0.00103481,-0.284825,0.958579]],[[0.999674,-0.0239508,-0.0088215],[0.00736148,0.601489,-0.798848],[0.024439,0.798522,0.601469]],[[0.999674,-0.0239508,-0.0088215],[-0.0217444,-0.618184,-0.785733],[0.0133656,0.785669,-0.618503]],[[0.999674,-0.0239508,-0.0088215],[-0.0254329,-0.96386,-0.265194],[-0.00215108,0.265332,-0.964155]]],"btipPosition":[-37.8658,253.141,-24.6198],"carpPosition":[-36.5403,295.275,30.5515],"dipPosition":[-37.9029,257.714,-41.235],"direction":[-0.0133656,-0.785668,0.618503],"extended":false,"handId":209,"id":2092,"length":61.4471,"mcpPosition":[-36.4741,313.498,-30.778],"pipPosition":[-37.5543,278.202,-57.3638],"stabilizedTipPosition":[-53.4823,244.454,7.32338],"timeVisible":0.741245,"tipPosition":[-37.8549,254.312,-28.437],"tipVelocity":[0.97167,-25.9779,-91.9044],"tool":false,"touchDistance":0.333333,"touchZone":"none","type":2,"width":17.4211},{"bases":[[[0.983843,-0.138523,0.113419],[0.0967826,0.944479,0.313995],[-0.150618,-0.297945,0.942626]],[[0.979233,-0.146823,0.139808],[0.199718,0.57998,-0.789769],[0.0348709,0.80129,0.597259]],[[0.979233,-0.146823,0.139808],[0.0176729,-0.62515,-0.780305],[0.201968,0.766571,-0.609572]],[[0.979233,-0.146823,0.139808],[-0.103652,-0.955217,-0.277159],[0.17424,0.256912,-0.950598]]],"btipPosition":[-26.2045,256.411,-16.8506],"carpPosition":[-25.3116,296.003,29.9952],"dipPosition":[-23.2191,260.813,-33.138],"direction":[-0.201968,-0.766571,0.609572],"extended":false,"handId":209,"id":2093,"length":59.0831,"mcpPosition":[-16.6597,313.118,-24.152],"pipPosition":[-18.0884,280.287,-48.6233],"stabilizedTipPosition":[-35.6291,248.723,6.33188],"timeVisible":0.741245,"tipPosition":[-25.4198,257.513,-20.5126],"tipVelocity":[-1.96429,-17.7865,-82.4214],"tool":false,"touchDistance":0.333333,"touchZone":"none","type":3,"width":16.5772},{"bases":[[[0.930192,-0.326214,0.168305],[0.234938,0.881378,0.409851],[-0.282039,-0.341699,0.896491]],[[0.869219,-0.379223,0.317252],[0.482629,0.511437,-0.710986],[0.107368,0.771117,0.627575]],[[0.869219,-0.379223,0.317252],[0.0202471,-0.613815,-0.78919],[0.494013,0.692402,-0.525861]],[[0.869219,-0.379223,0.317252],[-0.265392,-0.899238,-0.347761],[0.417164,0.218084,-0.882278]]],"btipPosition":[-17.6151,267.395,-14.9022],"carpPosition":[-13.6763,290.096,29.7398],"dipPosition":[-11.0211,270.843,-28.8481],"direction":[-0.494013,-0.692402,0.525861],"extended":false,"handId":209,"id":2094,"length":46.32,"mcpPosition":[1.321,308.265,-17.9305],"pipPosition":[-2.16048,283.262,-38.28],"stabilizedTipPosition":[-23.6434,258.101,7.357],"timeVisible":0.741245,"tipPosition":[-15.9437,268.23,-17.999],"tipVelocity":[-5.81447,-14.268,-82.4799],"tool":false,"touchDistance":0.333333,"touchZone":"none","type":4,"width":14.7252}],"r":[[0.629672,0.346315,0.695399],[-0.294752,0.934708,-0.1986],[-0.718773,-0.0799179,0.690636]],"s":1.03156,"t":[95.8896,128.735,-180.738],"timestamp":2758429590},false],[2,{"currentFrameRate":104.061,"devices":[],"gestures":[],"hands":[{"armBasis":[[0.913899,0.296203,-0.277583],[-0.125752,0.856738,0.500187],[0.385973,-0.422214,0.82022]],"armWidth":58.4334,"confidence":0.679901,"direction":[0.0134911,0.424253,-0.905443],"elbow":[67.6424,179.049,238.063],"grabStrength":0,"id":209,"palmNormal":[0.125043,-0.899133,-0.419433],"palmPosition":[-33.6954,300.284,-11.9767],"palmVelocity":[-19.6416,-15.1745,-82.8039],"palmWidth":83.4409,"pinchStrength":0.582323,"r":[[0.626117,0.350606,0.696457],[-0.297656,0.933034,-0.202109],[-0.720679,-0.0807609,0.688548]],"s":1.03324,"sphereCenter":[-34.7486,273.6,-44.7351],"sphereRadius":42.2877,"stabilizedPalmPosition":[-41.1,280.083,39.1494],"t":[95.6922,128.574,-181.466],"timeVisible":0.750452,"type":"right","wrist":[-27.924,283.589,34.9779]}],"id":263415,"interactionBox":{"center":[0,200,0],"size":[235.247,235.247,147.751]},"pointables":[{"bases":[[[0.289993,0.930276,0.224699],[-0.859589,0.14997,0.488482],[0.420725,-0.334805,0.843146]],[[0.198443,0.978903,0.0486668],[-0.917122,0.167946,0.361497],[0.345698,-0.11637,0.931102]],[[0.198443,0.978903,0.0486668],[-0.956329,0.204261,-0.209075],[-0.214605,-0.00505214,0.976688]],[[0.198443,0.978903,0.0486668],[-0.851997,0.196835,-0.485135],[-0.48448,0.0548075,0.873084]]],"btipPosition":[-51.3801,274.849,-59.937],"carpPosition":[-52.6632,270.54,31.9612],"dipPosition":[-61.7779,276.025,-41.199],"direction":[0.214605,0.00505214,-0.976688],"extended":false,"handId":209,"id":2090,"length":47.7925,"mcpPosition":[-52.6632,270.54,31.9612],"pipPosition":[-68.4879,275.867,-10.661],"stabilizedTipPosition":[-65.5293,261.62,-14.6273],"timeVisible":0.750452,"tipPosition":[-52.9869,274.071,-55.296],"tipVelocity":[-9.70776,-24.5008,-86.1082],"tool":false,"touchDistance":-0.44059,"touchZone":"hovering","type":0,"width":18.5699},{"bases":[[[0.980241,0.177266,-0.0877711],[-0.146395,0.948547,0.280762],[0.133025,-0.262365,0.955756]],[[0.986516,0.160986,-0.0294982],[-0.148057,0.954628,0.258388],[0.0697567,-0.250536,0.965591]],[[0.986516,0.160986,-0.0294982],[-0.155436,0.977999,0.139133],[0.0512476,-0.132671,0.989834]],[[0.986516,0.160986,-0.0294982],[-0.159666,0.986248,0.0426818],[0.0359637,-0.0373964,0.998653]]],"btipPosition":[-60.8578,322.719,-109.03],"carpPosition":[-47.4355,291.621,31.0793],"dipPosition":[-60.2943,322.133,-93.3835],"direction":[-0.0512476,0.132671,-0.989834],"extended":true,"handId":209,"id":2091,"length":53.9285,"mcpPosition":[-56.4101,309.322,-33.4015],"pipPosition":[-59.1584,319.193,-71.4438],"stabilizedTipPosition":[-82.9378,302.449,-27.3717],"timeVisible":0.750452,"tipPosition":[-60.062,321.198,-105.602],"tipVelocity":[-17.4541,-7.75982,-88.4511],"tool":false,"touchDistance":-0.451326,"touchZone":"hovering","type":1,"width":17.738},{"bases":[[[0.999699,-0.0241289,-0.00440639],[0.0243899,0.95887,0.282796],[-0.00259839,-0.282819,0.95917]],[[0.999703,-0.0234027,-0.00686871],[0.00856198,0.600436,-0.799627],[0.0228377,0.79933,0.600458]],[[0.999703,-0.0234027,-0.00686871],[-0.0198782,-0.618616,-0.785442],[0.0141324,0.785345,-0.618897]],[[0.999703,-0.0234027,-0.00686871],[-0.0243862,-0.963984,-0.26484],[-0.00042334,0.264929,-0.964268]]],"btipPosition":[-37.9909,252.942,-25.1313],"carpPosition":[-36.7864,295.224,30.0209],"dipPosition":[-37.9981,257.508,-41.7484],"direction":[-0.0141324,-0.785345,0.618897],"extended":false,"handId":209,"id":2092,"length":61.4471,"mcpPosition":[-36.6202,313.319,-31.3464],"pipPosition":[-37.6296,277.987,-57.8875],"stabilizedTipPosition":[-53.4626,244.466,7.27723],"timeVisible":0.750452,"tipPosition":[-37.9727,254.117,-28.9245],"tipVelocity":[-2.89409,-24.8118,-81.7422],"tool":false,"touchDistance":0.333333,"touchZone":"none","type":2,"width":17.4211},{"bases":[[[0.983718,-0.1377,0.115486],[0.0956563,0.945191,0.312191],[-0.152145,-0.296061,0.942974]],[[0.979053,-0.145967,0.141947],[0.200861,0.578347,-0.790676],[0.0333184,0.802626,0.595552]],[[0.979053,-0.145967,0.141947],[0.0195078,-0.626707,-0.779011],[0.202669,0.765462,-0.610732]],[[0.979053,-0.145967,0.141947],[-0.102549,-0.955799,-0.275557],[0.175895,0.255229,-0.950747]]],"btipPosition":[-26.3449,256.26,-17.2804],"carpPosition":[-25.5571,295.958,29.4834],"dipPosition":[-23.3312,260.633,-33.5704],"direction":[-0.202669,-0.765462,0.610732],"extended":false,"handId":209,"id":2093,"length":59.0831,"mcpPosition":[-16.8175,312.965,-24.6839],"pipPosition":[-18.1826,280.079,-49.0852],"stabilizedTipPosition":[-35.6218,248.729,6.31183],"timeVisible":0.750452,"tipPosition":[-25.5541,257.357,-20.9444],"tipVelocity":[-5.48511,-17.5984,-72.4372],"tool":false,"touchDistance":0.333333,"touchZone":"none","type":3,"width":16.5772},{"bases":[[[0.930079,-0.325307,0.170667],[0.233676,0.882373,0.408428],[-0.283457,-0.339989,0.896694]],[[0.86895,-0.377988,0.319454],[0.483392,0.509855,-0.711604],[0.106103,0.77277,0.625755]],[[0.86895,-0.377988,0.319454],[0.0218779,-0.615522,-0.787816],[0.494416,0.691562,-0.526588]],[[0.86895,-0.377988,0.319454],[-0.264118,-0.900074,-0.346567],[0.41853,0.216776,-0.881953]]],"btipPosition":[-17.7692,267.248,-15.3245],"carpPosition":[-13.9179,290.057,29.2614],"dipPosition":[-11.1536,270.675,-29.2653],"direction":[-0.494416,-0.691562,0.526588],"extended":false,"handId":209,"id":2094,"length":46.32,"mcpPosition":[1.15474,308.136,-18.4198],"pipPosition":[-2.2857,283.078,-38.7102],"stabilizedTipPosition":[-23.6399,258.106,7.34477],"timeVisible":0.750452,"tipPosition":[-16.0934,268.082,-18.4283],"tipVelocity":[-8.71928,-14.8974,-72.1959],"tool":false,"touchDistance":0.333333,"touchZone":"none","type":4,"width":14.7252}],"r":[[0.626117,0.350606,0.696457],[-0.297656,0.933034,-0.202109],[-0.720679,-0.0807609,0.688548]],"s":1.03324,"t":[95.6922,128.574,-181.466],"timestamp":2758438797},false],[3,{"currentFrameRate":104.263,"devices":[],"gestures":[],"hands":[{"armBasis":[[0.914928,0.292659,-0.277953],[-0.123069,0.858142,0.498444],[0.384397,-0.421833,0.821155]],"armWidth":58.4334,"confidence":0.673194,"direction":[0.0141941,0.420892,-0.907],"elbow":[67.1127,179.018,237.647],"grabStrength":0,"id":209,"palmNormal":[0.12228,-0.901013,-0.4162],"palmPosition":[-33.8134,300.003,-12.6829],"palmVelocity":[-17.7281,-19.4717,-81.0835],"palmWidth":83.4409,"pinchStrength":0.582962,"r":[[0.623533,0.354191,0.696962],[-0.299461,0.931699,-0.205572],[-0.722171,-0.080532,0.687011]],"s":1.03484,"sphereCenter":[-35.3512,273.348,-45.3414],"sphereRadius":42.2857,"stabilizedPalmPosition":[-41.099,280.086,39.1425],"t":[95.5346,128.353,-182.184],"timeVisible":0.759664,"type":"right","wrist":[-28.0636,283.464,34.3295]}],"id":263416,"interactionBox":{"center":[0,200,0],"size":[235.247,235.247,147.751]},"pointables":[{"bases":[[[0.292736,0.930272,0.221132],[-0.858898,0.154183,0.488388],[0.420239,-0.332898,0.844143]],[[0.201229,0.978511,0.044976],[-0.916575,0.171898,0.361029],[0.34554,-0.113873,0.931469]],[[0.201229,0.978511,0.044976],[-0.955867,0.206192,-0.20929],[-0.214066,-0.000875858,0.976819]],[[0.201229,0.978511,0.044976],[-0.851973,0.197495,-0.484911],[-0.483373,0.0592599,0.873406]]],"btipPosition":[-51.5913,274.442,-60.5521],"carpPosition":[-52.8411,270.474,31.3739],"dipPosition":[-61.9654,275.714,-41.8072],"direction":[0.214066,0.000875858,-0.976819],"extended":false,"handId":209,"id":2090,"length":47.7925,"mcpPosition":[-52.8411,270.474,31.3739],"pipPosition":[-68.6585,275.687,-11.2652],"stabilizedTipPosition":[-65.5248,261.625,-14.6437],"timeVisible":0.759664,"tipPosition":[-53.2106,273.702,-55.9072],"tipVelocity":[-13.2439,-29.3359,-80.6464],"tool":false,"touchDistance":-0.434068,"touchZone":"hovering","type":0,"width":18.5699},{"bases":[[[0.980689,0.174178,-0.0889435],[-0.143569,0.949979,0.27736],[0.132805,-0.259235,0.95664]],[[0.986829,0.158533,-0.03218],[-0.144878,0.954635,0.260157],[0.0719637,-0.252068,0.96503]],[[0.986829,0.158533,-0.03218],[-0.152565,0.978232,0.140663],[0.0537793,-0.133901,0.989534]],[[0.986829,0.158533,-0.03218],[-0.15707,0.986614,0.0438287],[0.0386976,-0.038197,0.998521]]],"btipPosition":[-61.1478,322.524,-109.727],"carpPosition":[-47.5545,291.537,30.4119],"dipPosition":[-60.5415,321.925,-94.0819],"direction":[-0.0537793,0.133901,-0.989534],"extended":true,"handId":209,"id":2091,"length":53.9285,"mcpPosition":[-56.5142,309.026,-34.1286],"pipPosition":[-59.3494,318.957,-72.1488],"stabilizedTipPosition":[-82.9371,302.449,-27.3744],"timeVisible":0.759664,"tipPosition":[-60.3485,321.001,-106.302],"tipVelocity":[-21.0821,-11.6197,-84.8614],"tool":false,"touchDistance":-0.444977,"touchZone":"hovering","type":1,"width":17.738},{"bases":[[[0.999625,-0.0269639,-0.00485137],[0.0272458,0.959827,0.279266],[-0.00287362,-0.279293,0.960202]],[[0.999629,-0.0262714,-0.00723194],[0.00991833,0.598009,-0.801428],[0.0253794,0.801059,0.598047]],[[0.999629,-0.0262714,-0.00723194],[-0.0219761,-0.620376,-0.783997],[0.0161102,0.783865,-0.620723]],[[0.999629,-0.0262714,-0.00723194],[-0.0272485,-0.964495,-0.262693],[-0.0000738596,0.262792,-0.964852]]],"btipPosition":[-38.2526,252.597,-25.7194],"carpPosition":[-36.8958,295.106,29.3346],"dipPosition":[-38.2539,257.126,-42.3466],"direction":[-0.0161102,-0.783865,0.620723],"extended":false,"handId":209,"id":2092,"length":61.4471,"mcpPosition":[-36.7119,312.975,-32.0987],"pipPosition":[-37.8337,277.567,-58.5332],"stabilizedTipPosition":[-53.4453,244.476,7.23529],"timeVisible":0.759664,"tipPosition":[-38.2323,253.768,-29.4949],"tipVelocity":[-9.99812,-28.609,-76.7989],"tool":false,"touchDistance":0.333333,"touchZone":"none","type":2,"width":17.4211},{"bases":[[[0.983389,-0.140049,0.115465],[0.0984893,0.946056,0.308672],[-0.152465,-0.292173,0.944134]],[[0.978681,-0.148261,0.142135],[0.202165,0.573304,-0.79401],[0.0362338,0.805817,0.591055]],[[0.978681,-0.148261,0.142135],[0.0171849,-0.630499,-0.776],[0.204666,0.761899,-0.61451]],[[0.978681,-0.148261,0.142135],[-0.105422,-0.956541,-0.271876],[0.176266,0.251096,-0.951778]]],"btipPosition":[-26.6107,255.915,-17.7442],"carpPosition":[-25.6648,295.806,28.7884],"dipPosition":[-23.5906,260.218,-34.0518],"direction":[-0.204666,-0.761899,0.61451],"extended":false,"handId":209,"id":2093,"length":59.0831,"mcpPosition":[-16.9067,312.589,-25.4455],"pipPosition":[-18.3913,279.573,-49.6626],"stabilizedTipPosition":[-35.615,248.735,6.29238],"timeVisible":0.759664,"tipPosition":[-25.8147,257.002,-21.4483],"tipVelocity":[-11.9845,-23.6494,-66.3727],"tool":false,"touchDistance":0.333333,"touchZone":"none","type":3,"width":16.5772},{"bases":[[[0.929252,-0.327301,0.171362],[0.236384,0.883202,0.405065],[-0.283926,-0.3359,0.898085]],[[0.868081,-0.379247,0.320323],[0.48442,0.506115,-0.713572],[0.1085,0.774609,0.623064]],[[0.868081,-0.379247,0.320323],[0.0201088,-0.617869,-0.786024],[0.496015,0.688774,-0.528734]],[[0.868081,-0.379247,0.320323],[-0.266411,-0.900374,-0.344023],[0.41888,0.213302,-0.882633]]],"btipPosition":[-17.9806,266.89,-15.9415],"carpPosition":[-14.0424,289.872,28.5818],"dipPosition":[-11.3595,270.262,-29.8931],"direction":[-0.496015,-0.688774,0.528734],"extended":false,"handId":209,"id":2094,"length":46.32,"mcpPosition":[1.05523,307.733,-19.1733],"pipPosition":[-2.46295,282.616,-39.3765],"stabilizedTipPosition":[-23.6367,258.11,7.33297],"timeVisible":0.759664,"tipPosition":[-16.3079,267.717,-19.0419],"tipVelocity":[-12.6672,-21.9881,-70.811],"tool":false,"touchDistance":0.333333,"touchZone":"none","type":4,"width":14.7252}],"r":[[0.623533,0.354191,0.696962],[-0.299461,0.931699,-0.205572],[-0.722171,-0.080532,0.687011]],"s":1.03484,"t":[95.5346,128.353,-182.184],"timestamp":2758448009},false],[4,{"currentFrameRate":104.583,"devices":[],"gestures":[],"hands":[{"armBasis":[[0.91577,0.290562,-0.277381],[-0.121183,0.858167,0.498863],[0.382989,-0.42323,0.821094]],"armWidth":58.4334,"confidence":0.673895,"direction":[0.0161122,0.417144,-0.908698],"elbow":[66.548,178.583,236.848],"grabStrength":0,"id":209,"palmNormal":[0.120185,-0.903034,-0.412413],"palmPosition":[-33.9446,299.737,-13.5384],"palmVelocity":[-16.8804,-22.2487,-85.0091],"palmWidth":83.4409,"pinchStrength":0.585303,"r":[[0.621531,0.357287,0.697169],[-0.300354,0.930614,-0.209155],[-0.723524,-0.0794011,0.685718]],"s":1.03617,"sphereCenter":[-35.9004,273.105,-46.0834],"sphereRadius":42.2716,"stabilizedPalmPosition":[-41.0981,280.089,39.1354],"t":[95.3901,128.11,-182.97],"timeVisible":0.768629,"type":"right","wrist":[-28.2798,283.375,33.5461]}],"id":263417,"interactionBox":{"center":[0,200,0],"size":[235.247,235.247,147.751]},"pointables":[{"bases":[[[0.295075,0.930369,0.217586],[-0.858892,0.158508,0.487012],[0.418612,-0.330587,0.845858]],[[0.203625,0.978201,0.040737],[-0.917121,0.176017,0.357641],[0.342675,-0.110186,0.93297]],[[0.203625,0.978201,0.040737],[-0.954951,0.207616,-0.21205],[-0.215885,0.00427675,0.976409]],[[0.203625,0.978201,0.040737],[-0.850984,0.197411,-0.486678],[-0.484111,0.0644333,0.872631]]],"btipPosition":[-51.6364,273.968,-61.3432],"carpPosition":[-53.09,270.441,30.6221],"dipPosition":[-62.0263,275.351,-42.6149],"direction":[0.215885,-0.00427675,-0.976409],"extended":false,"handId":209,"id":2090,"length":47.7925,"mcpPosition":[-53.09,270.441,30.6221],"pipPosition":[-68.7763,275.484,-12.0857],"stabilizedTipPosition":[-65.5199,261.631,-14.6616],"timeVisible":0.768629,"tipPosition":[-53.3435,273.329,-56.7038],"tipVelocity":[-11.107,-35.0137,-82.841],"tool":false,"touchDistance":-0.430918,"touchZone":"hovering","type":0,"width":18.5699},{"bases":[[[0.981234,0.17115,-0.088806],[-0.141222,0.95149,0.273356],[0.131283,-0.255685,0.957805]],[[0.987172,0.15612,-0.0334226],[-0.142158,0.954786,0.261103],[0.072675,-0.253002,0.964732]],[[0.987172,0.15612,-0.0334226],[-0.14996,0.978513,0.141504],[0.0547962,-0.134677,0.989373]],[[0.987172,0.15612,-0.0334226],[-0.154587,0.986981,0.0444107],[0.0399209,-0.0386743,0.998454]]],"btipPosition":[-61.3058,322.294,-110.622],"carpPosition":[-47.7454,291.485,29.5787],"dipPosition":[-60.6803,321.688,-94.9783],"direction":[-0.0547962,0.134677,-0.989373],"extended":true,"handId":209,"id":2091,"length":53.9285,"mcpPosition":[-56.6025,308.735,-35.0403],"pipPosition":[-59.4657,318.703,-73.0488],"stabilizedTipPosition":[-82.9363,302.45,-27.3772],"timeVisible":0.768629,"tipPosition":[-60.5102,320.769,-107.199],"tipVelocity":[-20.0003,-15.5168,-88.9791],"tool":false,"touchDistance":-0.442248,"touchZone":"hovering","type":1,"width":17.738},{"bases":[[[0.999551,-0.0296975,-0.0038772],[0.0296167,0.960882,0.275369],[-0.00445222,-0.27536,0.961331]],[[0.999559,-0.0290358,-0.00618675],[0.0123155,0.595169,-0.803506],[0.0270126,0.803076,0.595264]],[[0.999559,-0.0290358,-0.00618675],[-0.0229269,-0.62259,-0.782212],[0.0188604,0.782009,-0.622982]],[[0.999559,-0.0290358,-0.00618675],[-0.0296457,-0.965153,-0.260002],[0.00157821,0.260071,-0.965588]]],"btipPosition":[-38.5043,252.266,-26.4355],"carpPosition":[-37.0761,295.02,28.496],"dipPosition":[-38.4771,256.748,-43.0754],"direction":[-0.0188604,-0.782009,0.622982],"extended":false,"handId":209,"id":2092,"length":61.4471,"mcpPosition":[-36.7913,312.638,-33.0095],"pipPosition":[-37.9853,277.14,-59.321],"stabilizedTipPosition":[-53.4293,244.486,7.19539],"timeVisible":0.768629,"tipPosition":[-38.4769,253.43,-30.1973],"tipVelocity":[-14.7456,-31.2131,-77.7329],"tool":false,"touchDistance":0.333333,"touchZone":"none","type":2,"width":17.4211},{"bases":[[[0.982906,-0.142246,0.116885],[0.100797,0.947038,0.304893],[-0.154065,-0.287899,0.945187]],[[0.978136,-0.150361,0.143671],[0.204495,0.569708,-0.795999],[0.037837,0.807976,0.588]],[[0.978136,-0.150361,0.143671],[0.0163028,-0.633274,-0.773756],[0.207326,0.759181,-0.616977]],[[0.978136,-0.150361,0.143671],[-0.107679,-0.957195,-0.26867],[0.177919,0.247326,-0.952457]]],"btipPosition":[-26.8584,255.597,-18.4368],"carpPosition":[-25.8428,295.688,27.9567],"dipPosition":[-23.81,259.835,-34.7561],"direction":[-0.207326,-0.759181,0.616977],"extended":false,"handId":209,"id":2093,"length":59.0831,"mcpPosition":[-16.9929,312.225,-26.3376],"pipPosition":[-18.5432,279.121,-50.4296],"stabilizedTipPosition":[-35.6083,248.74,6.27226],"timeVisible":0.768629,"tipPosition":[-26.0576,256.671,-22.1361],"tipVelocity":[-16.0674,-27.3541,-69.4351],"tool":false,"touchDistance":0.333333,"touchZone":"none","type":3,"width":16.5772},{"bases":[[[0.928212,-0.32912,0.1735],[0.238438,0.884204,0.401661],[-0.285604,-0.331457,0.899203]],[[0.866855,-0.380241,0.322458],[0.4862,0.501614,-0.715537],[0.110327,0.777046,0.619699]],[[0.866855,-0.380241,0.322458],[0.0189784,-0.621143,-0.783467],[0.498199,0.685272,-0.531225]],[[0.866855,-0.380241,0.322458],[-0.268455,-0.901002,-0.340776],[0.420112,0.208838,-0.883115]]],"btipPosition":[-18.2033,266.558,-16.637],"carpPosition":[-14.2363,289.721,27.7844],"dipPosition":[-11.5627,269.859,-30.5962],"direction":[-0.498199,-0.685272,0.531225],"extended":false,"handId":209,"id":2094,"length":46.32,"mcpPosition":[0.950477,307.346,-20.0302],"pipPosition":[-2.62693,282.15,-40.1243],"stabilizedTipPosition":[-23.6335,258.114,7.32056],"timeVisible":0.768629,"tipPosition":[-16.5268,267.371,-19.7454],"tipVelocity":[-15.8601,-26.6147,-72.7163],"tool":false,"touchDistance":0.333333,"touchZone":"none","type":4,"width":14.7252}],"r":[[0.621531,0.357287,0.697169],[-0.300354,0.930614,-0.209155],[-0.723524,-0.0794011,0.685718]],"s":1.03617,"t":[95.3901,128.11,-182.97],"timestamp":2758456974},false],[5,{"currentFrameRate":104.783,"devices":[],"gestures":[],"hands":[{"armBasis":[[0.914485,0.293751,-0.278257],[-0.122919,0.856889,0.500632],[0.385496,-0.423617,0.81972]],"armWidth":58.4334,"confidence":0.682387,"direction":[0.0173078,0.410745,-0.911586],"elbow":[66.9518,178.387,236.006],"grabStrength":0,"id":209,"palmNormal":[0.121769,-0.905802,-0.405827],"palmPosition":[-34.0944,299.299,-14.1639],"palmVelocity":[-16.7311,-29.3553,-80.3253],"palmWidth":83.4409,"pinchStrength":0.586071,"r":[[0.619613,0.360863,0.697035],[-0.301165,0.929379,-0.213437],[-0.724831,-0.0776741,0.684534]],"s":1.03741,"sphereCenter":[-36.3499,272.59,-46.5202],"sphereRadius":42.2665,"stabilizedPalmPosition":[-41.0969,280.092,39.1262],"t":[95.243,127.77,-183.676],"timeVisible":0.777798,"type":"right","wrist":[-28.4967,283.275,33.0446]}],"id":263418,"interactionBox":{"center":[0,200,0],"size":[235.247,235.247,147.751]},"pointables":[{"bases":[[[0.293806,0.932164,0.211537],[-0.859895,0.161107,0.484382],[0.417443,-0.324214,0.848897]],[[0.202538,0.978683,0.0340417],[-0.918337,0.177749,0.353641],[0.340052,-0.102888,0.934761]],[[0.202538,0.978683,0.0340417],[-0.95465,0.205072,-0.215844],[-0.218224,0.0112187,0.975834]],[[0.202538,0.978683,0.0340417],[-0.850323,0.193004,-0.489593],[-0.485726,0.0702148,0.871286]]],"btipPosition":[-51.6079,273.149,-61.8319],"carpPosition":[-53.2894,270.296,30.1685],"dipPosition":[-62.0325,274.655,-43.1325],"direction":[0.218224,-0.0112187,-0.975834],"extended":false,"handId":209,"id":2090,"length":47.7925,"mcpPosition":[-53.2894,270.296,30.1685],"pipPosition":[-68.8556,275.006,-12.6213],"stabilizedTipPosition":[-65.5121,261.639,-14.6908],"timeVisible":0.777798,"tipPosition":[-53.3773,272.592,-57.199],"tipVelocity":[-7.38372,-49.3053,-74.8041],"tool":false,"touchDistance":-0.42359,"touchZone":"hovering","type":0,"width":18.5699},{"bases":[[[0.981225,0.171467,-0.0882964],[-0.142608,0.953256,0.266396],[0.129847,-0.248802,0.959811]],[[0.986967,0.157229,-0.0342724],[-0.143163,0.955163,0.259168],[0.0734845,-0.250884,0.965224]],[[0.986967,0.157229,-0.0342724],[-0.151061,0.978641,0.139437],[0.0554639,-0.132442,0.989638]],[[0.986967,0.157229,-0.0342724],[-0.155756,0.986898,0.0421028],[0.0404432,-0.036216,0.998525]]],"btipPosition":[-61.4813,321.511,-111.376],"carpPosition":[-47.9629,291.338,28.9862],"dipPosition":[-60.8477,320.944,-95.7315],"direction":[-0.0554639,0.132442,-0.989638],"extended":true,"handId":209,"id":2091,"length":53.9285,"mcpPosition":[-56.7232,308.124,-35.7682],"pipPosition":[-59.6183,318.008,-73.7961],"stabilizedTipPosition":[-82.9348,302.452,-27.3827],"timeVisible":0.777798,"tipPosition":[-60.6871,319.997,-107.949],"tipVelocity":[-19.7056,-34.7312,-87.0978],"tool":false,"touchDistance":-0.437667,"touchZone":"hovering","type":1,"width":17.738},{"bases":[[[0.999585,-0.0287593,-0.00192215],[0.0282183,0.962827,0.268641],[-0.00587522,-0.268583,0.963239]],[[0.999596,-0.0281246,-0.00419805],[0.0131916,0.589416,-0.807722],[0.0251913,0.80734,0.589549]],[[0.999596,-0.0281246,-0.00419805],[-0.0209366,-0.628002,-0.77793],[0.0192426,0.777703,-0.628337]],[[0.999596,-0.0281246,-0.00419805],[-0.0282699,-0.966915,-0.253526],[0.00307118,0.253543,-0.967319]]],"btipPosition":[-38.5875,251.725,-26.7343],"carpPosition":[-37.2952,294.876,27.8972],"dipPosition":[-38.5346,256.094,-43.404],"direction":[-0.0192426,-0.777703,0.628337],"extended":false,"handId":209,"id":2092,"length":61.4471,"mcpPosition":[-36.9193,312.06,-33.7304],"pipPosition":[-38.0328,276.374,-59.7893],"stabilizedTipPosition":[-53.4095,244.497,7.14492],"timeVisible":0.777798,"tipPosition":[-38.5543,252.865,-30.5048],"tipVelocity":[-12.9838,-39.7687,-65.3484],"tool":false,"touchDistance":0.333333,"touchZone":"none","type":2,"width":17.4211},{"bases":[[[0.982835,-0.14047,0.119602],[0.0993603,0.949259,0.298386],[-0.155447,-0.28138,0.946922]],[[0.978013,-0.148421,0.146502],[0.205412,0.56426,-0.799635],[0.0360172,0.812146,0.582341]],[[0.978013,-0.148421,0.146502],[0.0183573,-0.638495,-0.769407],[0.207737,0.755179,-0.621731]],[[0.978013,-0.148421,0.146502],[-0.106225,-0.959068,-0.262499],[0.179465,0.241165,-0.953746]]],"btipPosition":[-26.9602,255.122,-18.7457],"carpPosition":[-26.0616,295.55,27.3728],"dipPosition":[-23.8852,259.254,-35.087],"direction":[-0.207737,-0.755179,0.621731],"extended":false,"handId":209,"id":2093,"length":59.0831,"mcpPosition":[-17.1322,311.714,-27.0212],"pipPosition":[-18.608,278.438,-50.8813],"stabilizedTipPosition":[-35.5994,248.747,6.24478],"timeVisible":0.777798,"tipPosition":[-26.1542,256.174,-22.4489],"tipVelocity":[-14.4949,-34.9259,-59.617],"tool":false,"touchDistance":0.333333,"touchZone":"none","type":3,"width":16.5772},{"bases":[[[0.92822,-0.326994,0.177437],[0.236891,0.887242,0.395834],[-0.286864,-0.325388,0.901017]],[[0.866727,-0.377075,0.326493],[0.486803,0.496904,-0.718407],[0.108658,0.781601,0.614242]],[[0.866727,-0.377075,0.326493],[0.0208717,-0.626589,-0.779071],[0.498345,0.682056,-0.535211]],[[0.866727,-0.377075,0.326493],[-0.266899,-0.903601,-0.335067],[0.421365,0.20327,-0.883817]]],"btipPosition":[-18.3174,266.106,-16.9955],"carpPosition":[-14.4492,289.594,27.2628],"dipPosition":[-11.657,269.319,-30.9657],"direction":[-0.498345,-0.682056,0.535211],"extended":false,"handId":209,"id":2094,"length":46.32,"mcpPosition":[0.804668,306.896,-20.6482],"pipPosition":[-2.71863,281.552,-40.5653],"stabilizedTipPosition":[-23.6293,258.12,7.30341],"timeVisible":0.777798,"tipPosition":[-16.638,266.902,-20.1102],"tipVelocity":[-14.7697,-33.5536,-63.415],"tool":false,"touchDistance":0.333333,"touchZone":"none","type":4,"width":14.7252}],"r":[[0.619613,0.360863,0.697035],[-0.301165,0.929379,-0.213437],[-0.724831,-0.0776741,0.684534]],"s":1.03741,"t":[95.243,127.77,-183.676],"timestamp":2758466143},false],[6,{"currentFrameRate":105.203,"devices":[],"gestures":[],"hands":[{"armBasis":[[0.914093,0.293046,-0.280284],[-0.121941,0.857851,0.499222],[0.386737,-0.422157,0.819889]],"armWidth":58.4334,"confidence":0.687718,"direction":[0.0180625,0.408143,-0.912739],"elbow":[67.1596,178.584,235.699],"grabStrength":0,"id":209,"palmNormal":[0.120698,-0.907102,-0.403234],"palmPosition":[-34.1615,299.009,-14.5596],"palmVelocity":[-14.313,-30.4206,-70.9712],"palmWidth":83.4409,"pinchStrength":0.586796,"r":[[0.618135,0.363956,0.696739],[-0.301555,0.928333,-0.2174],[-0.72593,-0.0757227,0.683588]],"s":1.03857,"sphereCenter":[-36.8288,272.365,-46.8383],"sphereRadius":42.2656,"stabilizedPalmPosition":[-41.0954,280.096,39.1146],"t":[95.1359,127.454,-184.227],"timeVisible":0.786523,"type":"right","wrist":[-28.5961,283.11,32.6954]}],"id":263419,"interactionBox":{"center":[0,200,0],"size":[235.247,235.247,147.751]},"pointables":[{"bases":[[[0.294959,0.932378,0.208974],[-0.859805,0.163586,0.48371],[0.416815,-0.322351,0.849915]],[[0.203768,0.978519,0.0312763],[-0.91857,0.180038,0.351874],[0.338684,-0.10043,0.935525]],[[0.203768,0.978519,0.0312763],[-0.95421,0.20565,-0.217235],[-0.219001,0.0144214,0.975618]],[[0.203768,0.978519,0.0312763],[-0.849745,0.192638,-0.490738],[-0.486221,0.0734199,0.870746]]],"btipPosition":[-51.6258,272.727,-62.1671],"carpPosition":[-53.4048,270.156,29.8499],"dipPosition":[-62.061,274.302,-43.4793],"direction":[0.219001,-0.0144214,-0.975618],"extended":false,"handId":209,"id":2090,"length":47.7925,"mcpPosition":[-53.4048,270.156,29.8499],"pipPosition":[-68.9084,274.753,-12.9748],"stabilizedTipPosition":[-65.5007,261.65,-14.7337],"timeVisible":0.786523,"tipPosition":[-53.4495,272.228,-57.5428],"tipVelocity":[-6.0332,-48.569,-65.1551],"tool":false,"touchDistance":-0.414633,"touchZone":"hovering","type":0,"width":18.5699},{"bases":[[[0.981468,0.169949,-0.0885363],[-0.141441,0.954189,0.263663],[0.12929,-0.246254,0.960543]],[[0.987065,0.156241,-0.0359244],[-0.141591,0.954694,0.261748],[0.0751927,-0.253276,0.964467]],[[0.987065,0.156241,-0.0359244],[-0.149736,0.978532,0.141615],[0.0572793,-0.134404,0.98927]],[[0.987065,0.156241,-0.0359244],[-0.154639,0.987002,0.043747],[0.0422926,-0.0376258,0.998397]]],"btipPosition":[-61.6682,321.348,-111.763],"carpPosition":[-48.0509,291.187,28.6094],"dipPosition":[-61.0056,320.758,-96.1197],"direction":[-0.0572793,0.134404,-0.98927],"extended":true,"handId":209,"id":2091,"length":53.9285,"mcpPosition":[-56.7735,307.801,-36.1944],"pipPosition":[-59.736,317.779,-74.1925],"stabilizedTipPosition":[-82.9326,302.453,-27.3913],"timeVisible":0.786523,"tipPosition":[-60.874,319.827,-108.34],"tipVelocity":[-19.9592,-30.5946,-75.6564],"tool":false,"touchDistance":-0.428033,"touchZone":"hovering","type":1,"width":17.738},{"bases":[[[0.999547,-0.0300557,-0.00159167],[0.0293966,0.963546,0.265924],[-0.00645888,-0.26585,0.963993]],[[0.999559,-0.0294368,-0.00383527],[0.0141823,0.587035,-0.809438],[0.0260787,0.809027,0.587193]],[[0.999559,-0.0294368,-0.00383527],[-0.0215341,-0.630077,-0.776234],[0.0204334,0.775974,-0.630434]],[[0.999559,-0.0294368,-0.00383527],[-0.0294567,-0.967526,-0.25105],[0.00367939,0.251052,-0.967967]]],"btipPosition":[-38.714,251.395,-26.9967],"carpPosition":[-37.3783,294.708,27.5131],"dipPosition":[-38.6506,255.722,-43.6776],"direction":[-0.0204333,-0.775974,0.630434],"extended":false,"handId":209,"id":2092,"length":61.4471,"mcpPosition":[-36.9651,311.717,-34.1627],"pipPosition":[-38.1178,275.957,-60.1175],"stabilizedTipPosition":[-53.3852,244.51,7.08208],"timeVisible":0.786523,"tipPosition":[-38.6782,252.527,-30.771],"tipVelocity":[-13.3165,-39.5257,-55.9942],"tool":false,"touchDistance":0.333333,"touchZone":"none","type":2,"width":17.4211},{"bases":[[[0.982623,-0.1414,0.120243],[0.100514,0.94997,0.295725],[-0.156043,-0.2785,0.947675]],[[0.977774,-0.149283,0.147215],[0.206388,0.561747,-0.801152],[0.0369014,0.813729,0.580072]],[[0.977774,-0.149283,0.147215],[0.0178042,-0.640499,-0.767753],[0.208904,0.75331,-0.623606]],[[0.977774,-0.149283,0.147215],[-0.107336,-0.959582,-0.260158],[0.180102,0.238575,-0.954278]]],"btipPosition":[-27.0848,254.799,-19.0225],"carpPosition":[-26.1437,295.367,26.9896],"dipPosition":[-23.999,258.887,-35.3729],"direction":[-0.208904,-0.75331,0.623606],"extended":false,"handId":209,"id":2093,"length":59.0831,"mcpPosition":[-17.1801,311.365,-27.4477],"pipPosition":[-18.6921,278.024,-51.2148],"stabilizedTipPosition":[-35.5878,248.756,6.20822],"timeVisible":0.786523,"tipPosition":[-26.2772,255.843,-22.726],"tipVelocity":[-14.363,-35.7738,-52.2216],"tool":false,"touchDistance":0.333333,"touchZone":"none","type":3,"width":16.5772},{"bases":[[[0.927753,-0.327689,0.178592],[0.23794,0.888051,0.393383],[-0.287506,-0.322468,0.901862]],[[0.866293,-0.37719,0.327512],[0.487403,0.49461,-0.719583],[0.109428,0.783,0.612321]],[[0.866293,-0.37719,0.327512],[0.0205419,-0.628179,-0.777798],[0.499113,0.680529,-0.536439]],[[0.866293,-0.37719,0.327512],[-0.267553,-0.904011,-0.333437],[0.421843,0.201227,-0.884057]]],"btipPosition":[-18.4194,265.766,-17.3158],"carpPosition":[-14.539,289.395,26.8993],"dipPosition":[-11.7514,268.947,-31.2898],"direction":[-0.499113,-0.680529,0.536439],"extended":false,"handId":209,"id":2094,"length":46.32,"mcpPosition":[0.74896,306.542,-21.0566],"pipPo