{"sensorType":"Leap","data":[[0,{"currentFrameRate":110.356,"devices":[],"gestures":[],"hands":[{"armBasis":[[0.925891,0.245681,-0.286996],[-0.0524729,0.835936,0.546312],[0.374128,-0.490766,0.786878]],"armWidth":58.4334,"confidence":0.60825,"direction":[0.033242,0.240617,-0.970051],"elbow":[57.2539,168.097,235.275],"grabStrength":0,"id":208,"palmNormal":[0.0439555,-0.97,-0.239098],"palmPosition":[-40.5393,297.441,-8.83853],"palmVelocity":[26.0986,-14.5353,-54.6337],"palmWidth":83.4409,"pinchStrength":0.897328,"r":[[0.948711,0.157515,0.274111],[-0.0257802,0.902699,-0.429499],[-0.315092,0.400404,0.860461]],"s":1.01198,"sphereCenter":[-54.3847,269.995,-37.6004],"sphereRadius":43.8273,"stabilizedPalmPosition":[-55.5487,254.456,130.075],"t":[15.1379,45.0819,-144.138],"timeVisible":0.71425,"type":"right","wrist":[-35.3799,289.611,40.4447]}],"id":262995,"interactionBox":{"center":[0,200,0],"size":[235.247,235.247,147.751]},"pointables":[{"bases":[[[0.368957,0.928506,0.0417982],[-0.836202,0.311974,0.451042],[0.405755,-0.201367,0.891523]],[[0.259465,0.949618,-0.175797],[-0.930542,0.294532,0.217584],[0.2584,0.107131,0.96008]],[[0.259465,0.949618,-0.175797],[-0.931905,0.198418,-0.303617],[-0.253439,0.242603,0.936436]],[[0.259465,0.949618,-0.175797],[-0.90878,0.178482,-0.377178],[-0.326798,0.257625,0.909303]]],"btipPosition":[-58.0426,260.323,-52.7421],"carpPosition":[-61.152,278.342,40.0013],"dipPosition":[-65.0563,265.852,-33.2267],"direction":[0.253439,-0.242603,-0.936436],"extended":false,"handId":208,"id":2080,"length":47.7925,"mcpPosition":[-61.152,278.342,40.0013],"pipPosition":[-72.9805,273.438,-3.94737],"stabilizedTipPosition":[-96.7871,230.785,61.7131],"timeVisible":0.71425,"tipPosition":[-58.9962,260.556,-48.1819],"tipVelocity":[19.5241,12.7121,-61.4095],"tool":false,"touchDistance":-0.388654,"touchZone":"touching","type":0,"width":18.5699},{"bases":[[[0.989887,0.0745985,-0.12066],[-0.0634768,0.993591,0.093531],[0.126864,-0.0849259,0.988278]],[[0.995427,0.0697395,-0.0652835],[-0.0482811,0.956977,0.286118],[0.0824286,-0.281658,0.955968]],[[0.995427,0.0697395,-0.0652835],[-0.0581829,0.98463,0.164678],[0.0757646,-0.160127,0.984185]],[[0.995427,0.0697395,-0.0652835],[-0.0659127,0.996077,0.0590449],[0.0691451,-0.0544718,0.996118]]],"btipPosition":[-68.7982,319.582,-106.673],"carpPosition":[-54.229,298.353,35.0865],"dipPosition":[-67.7149,318.728,-91.0661],"direction":[-0.0757646,0.160127,-0.984185],"extended":true,"handId":208,"id":2081,"length":53.9285,"mcpPosition":[-62.788,304.082,-31.5884],"pipPosition":[-66.0355,315.179,-69.2516],"stabilizedTipPosition":[-94.3545,290.56,53.3602],"timeVisible":0.71425,"tipPosition":[-67.7582,318.389,-103.268],"tipVelocity":[37.8807,9.35611,-56.8632],"tool":false,"touchDistance":-0.389935,"touchZone":"hovering","type":1,"width":17.738},{"bases":[[[0.994146,-0.108045,-0.000195832],[0.10759,0.989793,0.0934602],[-0.00990403,-0.0929341,0.995623]],[[0.993786,-0.109767,0.0184579],[0.0823717,0.613723,-0.785212],[0.0748622,0.781854,0.618951]],[[0.993786,-0.109767,0.0184579],[-0.026085,-0.390879,-0.920072],[0.108208,0.913874,-0.391313]],[[0.993786,-0.109767,0.0184579],[-0.0810047,-0.826949,-0.556412],[0.0763393,0.551459,-0.830702]]],"btipPosition":[-50.152,238.835,-33.1875],"carpPosition":[-43.3394,300.783,33.3509],"dipPosition":[-48.8365,248.338,-47.5029],"direction":[-0.108208,-0.913874,0.391313],"extended":false,"handId":208,"id":2082,"length":61.4471,"mcpPosition":[-42.7057,306.729,-30.3487],"pipPosition":[-46.0147,272.17,-57.7072],"stabilizedTipPosition":[-78.374,216.914,90.283],"timeVisible":0.71425,"tipPosition":[-49.8546,241.041,-36.3166],"tipVelocity":[42.8279,-14.8318,-62.9382],"tool":false,"touchDistance":0.333333,"touchZone":"none","type":2,"width":17.4211},{"bases":[[[0.970895,-0.194848,0.139276],[0.177972,0.976077,0.124898],[-0.16028,-0.0964757,0.982346]],[[0.962449,-0.199099,0.184533],[0.267229,0.575262,-0.773086],[0.0477663,0.793368,0.606865]],[[0.962449,-0.199099,0.184533],[0.0863682,-0.419864,-0.903468],[0.257359,0.88548,-0.386901]],[[0.962449,-0.199099,0.184533],[-0.065851,-0.830696,-0.552817],[0.263356,0.519907,-0.812613]]],"btipPosition":[-35.8985,242.092,-24.8651],"carpPosition":[-32.0982,300.459,32.6768],"dipPosition":[-31.3862,251,-38.7882],"direction":[-0.257358,-0.88548,0.386901],"extended":false,"handId":208,"id":2083,"length":59.0831,"mcpPosition":[-22.8912,306.001,-23.7521],"pipPosition":[-24.8483,273.494,-48.617],"stabilizedTipPosition":[-60.3532,213.548,99.6397],"timeVisible":0.71425,"tipPosition":[-34.8374,244.215,-28.0578],"tipVelocity":[39.9309,-13.4616,-54.6546],"tool":false,"touchDistance":0.333333,"touchZone":"none","type":3,"width":16.5772},{"bases":[[[0.902977,-0.363285,0.229471],[0.31195,0.921505,0.231334],[-0.295499,-0.137306,0.945425]],[[0.877833,-0.372691,0.300849],[0.46519,0.513838,-0.720811],[0.114052,0.772704,0.624436]],[[0.877833,-0.372691,0.300849],[0.11927,-0.438245,-0.890908],[0.463879,0.81795,-0.340255]],[[0.877833,-0.372691,0.300849],[-0.142579,-0.802978,-0.578704],[0.457253,0.46511,-0.758018]]],"btipPosition":[-24.5202,253.895,-18.8497],"carpPosition":[-20.9871,293.672,33.5858],"dipPosition":[-17.2925,261.247,-30.8315],"direction":[-0.463879,-0.81795,0.340255],"extended":false,"handId":208,"id":2084,"length":46.32,"mcpPosition":[-5.27415,300.973,-16.6866],"pipPosition":[-8.97235,275.918,-36.9343],"stabilizedTipPosition":[-47.0206,221.814,96.4077],"timeVisible":0.71425,"tipPosition":[-22.8159,255.626,-21.5972],"tipVelocity":[39.2609,-11.0134,-58.5125],"tool":false,"touchDistance":0.333333,"touchZone":"none","type":4,"width":14.7252}],"r":[[0.948711,0.157515,0.274111],[-0.0257802,0.902699,-0.429499],[-0.315092,0.400404,0.860461]],"s":1.01198,"t":[15.1379,45.0819,-144.138],"timestamp":2754561416},false],[1,{"currentFrameRate":110.519,"devices":[],"gestures":[],"hands":[{"armBasis":[[0.9263,0.246272,-0.285162],[-0.0538405,0.835576,0.546729],[0.372919,-0.491082,0.787254]],"armWidth":58.4334,"confidence":0.618229,"direction":[0.0353563,0.240308,-0.970053],"elbow":[57.0796,167.942,235.086],"grabStrength":0,"id":208,"palmNormal":[0.0446451,-0.97007,-0.238685],"palmPosition":[-40.3061,297.347,-9.1341],"palmVelocity":[26.24,-13.5,-49.0256],"palmWidth":83.4409,"pinchStrength":0.888454,"r":[[0.947793,0.158648,0.27662],[-0.0256776,0.902613,-0.429687],[-0.31785,0.400152,0.859564]],"s":1.01404,"sphereCenter":[-54.1601,269.917,-37.9342],"sphereRadius":43.8703,"stabilizedPalmPosition":[-55.5436,254.47,130.029],"t":[15.3764,44.9691,-144.506],"timeVisible":0.723011,"type":"right","wrist":[-35.2548,289.534,40.163]}],"id":262996,"interactionBox":{"center":[0,200,0],"size":[235.247,235.247,147.751]},"pointables":[{"bases":[[[0.368712,0.92858,0.042316],[-0.837252,0.311983,0.449083],[0.403808,-0.201011,0.892487]],[[0.260925,0.949678,-0.173293],[-0.929818,0.295497,0.219363],[0.259532,0.103893,0.96013]],[[0.260925,0.949678,-0.173293],[-0.932014,0.201048,-0.301544],[-0.251529,0.240192,0.937572]],[[0.260925,0.949678,-0.173293],[-0.907691,0.180238,-0.378961],[-0.328657,0.256177,0.909042]]],"btipPosition":[-57.9863,260.497,-53.1096],"carpPosition":[-61.024,278.261,39.6661],"dipPosition":[-65.0398,265.995,-33.5998],"direction":[0.251529,-0.240192,-0.937572],"extended":false,"handId":208,"id":2080,"length":47.7925,"mcpPosition":[-61.024,278.261,39.6661],"pipPosition":[-72.9044,273.505,-4.28493],"stabilizedTipPosition":[-96.7736,230.797,61.673],"timeVisible":0.723011,"tipPosition":[-58.9051,260.727,-48.538],"tipVelocity":[15.7298,14.3978,-56.225],"tool":false,"touchDistance":-0.383653,"touchZone":"touching","type":0,"width":18.5699},{"bases":[[[0.99014,0.0747222,-0.118486],[-0.0638471,0.993611,0.0930674],[0.124683,-0.0845848,0.988585]],[[0.995465,0.0699998,-0.0644164],[-0.0486068,0.956363,0.288109],[0.0817731,-0.283671,0.955429]],[[0.995465,0.0699998,-0.0644164],[-0.0584181,0.984258,0.166801],[0.0750785,-0.162282,0.983884]],[[0.995465,0.0699998,-0.0644164],[-0.066074,0.995937,0.0611811],[0.0684374,-0.0566474,0.996046]]],"btipPosition":[-68.4634,319.638,-106.991],"carpPosition":[-54.0934,298.271,34.7602],"dipPosition":[-67.3911,318.751,-91.3853],"direction":[-0.0750785,0.162282,-0.983884],"extended":true,"handId":208,"id":2081,"length":53.9285,"mcpPosition":[-62.5053,303.978,-31.9355],"pipPosition":[-65.727,315.154,-69.5774],"stabilizedTipPosition":[-94.3467,290.568,53.3137],"timeVisible":0.723011,"tipPosition":[-67.4391,318.439,-103.587],"tipVelocity":[37.8943,8.33853,-51.3528],"tool":false,"touchDistance":-0.384049,"touchZone":"hovering","type":1,"width":17.738},{"bases":[[[0.994162,-0.107881,0.00204643],[0.10722,0.989841,0.0933776],[-0.0120993,-0.092613,0.995629]],[[0.993761,-0.109594,0.0206676],[0.0840153,0.613784,-0.784991],[0.0733451,0.78183,0.619162]],[[0.993761,-0.109594,0.0206676],[-0.0239763,-0.390925,-0.92011],[0.108918,0.913875,-0.391114]],[[0.993761,-0.109594,0.0206676],[-0.0796402,-0.827078,-0.556416],[0.0780738,0.551299,-0.830647]]],"btipPosition":[-49.8539,238.738,-33.5063],"carpPosition":[-43.2003,300.702,33.0479],"dipPosition":[-48.5085,248.239,-47.8207],"direction":[-0.108918,-0.913875,0.391114],"extended":false,"handId":208,"id":2082,"length":61.4471,"mcpPosition":[-42.4262,306.628,-30.652],"pipPosition":[-45.6682,272.07,-58.0199],"stabilizedTipPosition":[-78.3393,216.943,90.1298],"timeVisible":0.723011,"tipPosition":[-49.5503,240.94,-36.6305],"tipVelocity":[40.6779,-13.8454,-55.807],"tool":false,"touchDistance":0.333333,"touchZone":"none","type":2,"width":17.4211},{"bases":[[[0.970615,-0.194643,0.141494],[0.177534,0.976147,0.124976],[-0.162445,-0.0961837,0.982019]],[[0.962054,-0.198887,0.186804],[0.26892,0.575207,-0.772541],[0.0461978,0.793461,0.606865]],[[0.962054,-0.198887,0.186804],[0.0885217,-0.420088,-0.903155],[0.2581,0.885421,-0.386542]],[[0.962054,-0.198887,0.186804],[-0.0644698,-0.83092,-0.552644],[0.265133,0.51963,-0.812212]]],"btipPosition":[-35.6186,241.999,-25.1402],"carpPosition":[-31.9576,300.38,32.3989],"dipPosition":[-31.0758,250.902,-39.0565],"direction":[-0.2581,-0.885421,0.386542],"extended":false,"handId":208,"id":2083,"length":59.0831,"mcpPosition":[-22.6263,305.905,-24.0112],"pipPosition":[-24.5191,273.395,-48.8761],"stabilizedTipPosition":[-60.3135,213.595,99.4427],"timeVisible":0.723011,"tipPosition":[-34.5517,244.118,-28.3283],"tipVelocity":[38.0033,-12.7329,-48.3658],"tool":false,"touchDistance":0.333333,"touchZone":"none","type":3,"width":16.5772},{"bases":[[[0.902525,-0.363062,0.231593],[0.311285,0.921631,0.231727],[-0.297575,-0.137048,0.944811]],[[0.876638,-0.372623,0.304398],[0.468132,0.514367,-0.718525],[0.111167,0.772385,0.625351]],[[0.876638,-0.372623,0.304398],[0.122606,-0.438764,-0.890199],[0.465268,0.817703,-0.338951]],[[0.876638,-0.372623,0.304398],[-0.140982,-0.803804,-0.577948],[0.460033,0.463736,-0.757178]]],"btipPosition":[-24.2455,253.841,-19.1344],"carpPosition":[-20.8475,293.595,33.3347],"dipPosition":[-16.9739,261.172,-31.1029],"direction":[-0.465268,-0.817703,0.338951],"extended":false,"handId":208,"id":2084,"length":46.32,"mcpPosition":[-5.02412,300.883,-16.905],"pipPosition":[-8.62879,275.838,-37.1823],"stabilizedTipPosition":[-46.9968,221.846,96.2925],"timeVisible":0.723011,"tipPosition":[-22.5382,255.552,-21.8637],"tipVelocity":[37.4497,-9.85841,-51.4372],"tool":false,"touchDistance":0.333333,"touchZone":"none","type":4,"width":14.7252}],"r":[[0.947793,0.158648,0.27662],[-0.0256776,0.902613,-0.429687],[-0.31785,0.400152,0.859564]],"s":1.01404,"t":[15.3764,44.9691,-144.506],"timestamp":2754570177},false],[2,{"currentFrameRate":110.386,"devices":[],"gestures":[],"hands":[{"armBasis":[[0.925983,0.247997,-0.284699],[-0.0548968,0.834457,0.548332],[0.373554,-0.492117,0.786307]],"armWidth":58.4334,"confidence":0.61971,"direction":[0.0397717,0.237209,-0.970644],"elbow":[57.3006,167.765,234.132],"grabStrength":0,"id":208,"palmNormal":[0.044085,-0.970883,-0.235461],"palmPosition":[-40.0248,297.28,-9.89904],"palmVelocity":[27.3741,-11.7428,-58.4152],"palmWidth":83.4409,"pinchStrength":0.882604,"r":[[0.946872,0.159426,0.279315],[-0.0249492,0.902283,-0.430422],[-0.320641,0.400586,0.858324]],"s":1.01636,"sphereCenter":[-54.0927,269.907,-38.6741],"sphereRadius":43.9469,"stabilizedPalmPosition":[-55.5376,254.487,129.974],"t":[15.6363,44.8789,-145.072],"timeVisible":0.732305,"type":"right","wrist":[-35.191,289.613,39.4429]}],"id":262997,"interactionBox":{"center":[0,200,0],"size":[235.247,235.247,147.751]},"pointables":[{"bases":[[[0.370017,0.928122,0.040945],[-0.838611,0.314717,0.444617],[0.399773,-0.198853,0.894784]],[[0.264154,0.948775,-0.173348],[-0.929337,0.298459,0.217382],[0.257983,0.103676,0.960571]],[[0.264154,0.948775,-0.173348],[-0.930762,0.203659,-0.303653],[-0.252794,0.241556,0.936881]],[[0.264154,0.948775,-0.173348],[-0.905039,0.181716,-0.384557],[-0.333358,0.258469,0.906679]]],"btipPosition":[-57.7268,260.533,-53.8495],"carpPosition":[-60.9759,278.379,38.874],"dipPosition":[-64.8813,266.08,-34.3905],"direction":[0.252794,-0.241556,-0.936881],"extended":false,"handId":208,"id":2080,"length":47.7925,"mcpPosition":[-60.9759,278.379,38.874],"pipPosition":[-72.7854,273.633,-5.09721],"stabilizedTipPosition":[-96.7609,230.807,61.6351],"timeVisible":0.732305,"tipPosition":[-58.6683,260.784,-49.2827],"tipVelocity":[18.4633,11.786,-63.1789],"tool":false,"touchDistance":-0.384896,"touchZone":"touching","type":0,"width":18.5699},{"bases":[[[0.990742,0.0727795,-0.114599],[-0.062644,0.993997,0.0896924],[0.120438,-0.0816832,0.989355]],[[0.995739,0.0683405,-0.0619144],[-0.0477262,0.956406,0.288114],[0.0789052,-0.283932,0.955592]],[[0.995739,0.0683405,-0.0619144],[-0.0571545,0.98426,0.167229],[0.0723684,-0.162978,0.983972]],[[0.995739,0.0683405,-0.0619144],[-0.0645112,0.995997,0.0618702],[0.0658948,-0.0576124,0.996162]]],"btipPosition":[-67.8636,319.575,-107.879],"carpPosition":[-53.993,298.363,33.9344],"dipPosition":[-66.8312,318.672,-92.2714],"direction":[-0.0723684,0.162978,-0.983972],"extended":true,"handId":208,"id":2081,"length":53.9285,"mcpPosition":[-62.1184,303.874,-32.8132],"pipPosition":[-65.2271,315.06,-70.4616],"stabilizedTipPosition":[-94.3361,290.58,53.2507],"timeVisible":0.732305,"tipPosition":[-66.8669,318.356,-104.475],"tipVelocity":[45.1304,3.96554,-63.8078],"tool":false,"touchDistance":-0.38729,"touchZone":"hovering","type":1,"width":17.738},{"bases":[[[0.993971,-0.109451,0.00652046],[0.108414,0.989957,0.0907263],[-0.0163851,-0.0894723,0.995855]],[[0.993492,-0.111103,0.0251132],[0.088259,0.611485,-0.786318],[0.0720057,0.783417,0.617311]],[[0.993492,-0.111103,0.0251132],[-0.0207747,-0.393516,-0.919083],[0.111995,0.91258,-0.393263]],[[0.993492,-0.111103,0.0251132],[-0.0786558,-0.828628,-0.554246],[0.0823877,0.548664,-0.831974]]],"btipPosition":[-49.5637,238.615,-34.1481],"carpPosition":[-43.089,300.772,32.2598],"dipPosition":[-48.144,248.071,-48.4854],"direction":[-0.111995,-0.91258,0.393263],"extended":false,"handId":208,"id":2082,"length":61.4471,"mcpPosition":[-42.0407,306.496,-31.4545],"pipPosition":[-45.2234,271.868,-58.7405],"stabilizedTipPosition":[-78.301,216.974,89.9622],"timeVisible":0.732305,"tipPosition":[-49.244,240.805,-37.2732],"tipVelocity":[38.5285,-13.9806,-59.704],"tool":false,"touchDistance":0.333333,"touchZone":"none","type":2,"width":17.4211},{"bases":[[[0.969706,-0.195738,0.14614],[0.178574,0.976251,0.12266],[-0.166678,-0.0928471,0.98163]],[[0.960977,-0.199816,0.191304],[0.272529,0.56523,-0.778616],[0.0474496,0.800368,0.597628]],[[0.960977,-0.199816,0.191304],[0.088282,-0.433868,-0.896641],[0.262164,0.87854,-0.399297]],[[0.960977,-0.199816,0.191304],[-0.066655,-0.838433,-0.540913],[0.268479,0.507053,-0.819034]]],"btipPosition":[-35.4739,241.964,-25.0388],"carpPosition":[-31.8442,300.429,31.6586],"dipPosition":[-30.8738,250.651,-39.072],"direction":[-0.262164,-0.87854,0.399297],"extended":false,"handId":208,"id":2083,"length":59.0831,"mcpPosition":[-22.2697,305.763,-24.7291],"pipPosition":[-24.2139,272.97,-49.2156],"stabilizedTipPosition":[-60.2617,213.656,99.1868],"timeVisible":0.732305,"tipPosition":[-34.3519,244.018,-28.4859],"tipVelocity":[32.0747,-11.7079,-32.4577],"tool":false,"touchDistance":0.333333,"touchZone":"none","type":3,"width":16.5772},{"bases":[[[0.900973,-0.363765,0.236481],[0.311793,0.921858,0.230136],[-0.301718,-0.133613,0.943988]],[[0.874246,-0.373205,0.310502],[0.473059,0.511095,-0.717633],[0.109128,0.774274,0.623371]],[[0.874246,-0.373205,0.310502],[0.12658,-0.442227,-0.887926],[0.468691,0.81557,-0.339375]],[[0.874246,-0.373205,0.310502],[-0.139517,-0.80573,-0.575616],[0.465004,0.45991,-0.756475]]],"btipPosition":[-24.0005,253.731,-19.7028],"carpPosition":[-20.7489,293.63,32.6619],"dipPosition":[-16.6503,261.001,-31.6602],"direction":[-0.468691,-0.81557,0.339375],"extended":false,"handId":208,"id":2084,"length":46.32,"mcpPosition":[-4.70529,300.735,-17.5341],"pipPosition":[-8.24382,275.629,-37.7472],"stabilizedTipPosition":[-46.9705,221.882,96.1659],"timeVisible":0.732305,"tipPosition":[-22.274,255.423,-22.4277],"tipVelocity":[34.8696,-10.8521,-54.1021],"tool":false,"touchDistance":0.333333,"touchZone":"none","type":4,"width":14.7252}],"r":[[0.946872,0.159426,0.279315],[-0.0249492,0.902283,-0.430422],[-0.320641,0.400586,0.858324]],"s":1.01636,"t":[15.6363,44.8789,-145.072],"timestamp":2754579471},false],[3,{"currentFrameRate":110.527,"devices":[],"gestures":[],"hands":[{"armBasis":[[0.9277,0.25005,-0.277215],[-0.0612744,0.834467,0.54764],[0.368265,-0.49106,0.789457]],"armWidth":58.4334,"confidence":0.620762,"direction":[0.042581,0.2401,-0.969814],"elbow":[56.1878,167.834,233.504],"grabStrength":0,"id":208,"palmNormal":[0.0499359,-0.969993,-0.237952],"palmPosition":[-39.663,297.2,-11.3053],"palmVelocity":[31.0777,-11.0274,-85.732],"palmWidth":83.4409,"pinchStrength":0.874164,"r":[[0.945735,0.160844,0.282338],[-0.0249151,0.902232,-0.430531],[-0.323983,0.400134,0.857279]],"s":1.02006,"sphereCenter":[-53.9898,270.042,-40.1685],"sphereRadius":44.0667,"stabilizedPalmPosition":[-55.5322,254.501,129.926],"t":[15.9471,44.7939,-146.058],"timeVisible":0.741103,"type":"right","wrist":[-34.9942,289.42,38.0349]}],"id":262998,"interactionBox":{"center":[0,200,0],"size":[235.247,235.247,147.751]},"pointables":[{"bases":[[[0.365175,0.929849,0.045033],[-0.842009,0.309271,0.442009],[0.397075,-0.199329,0.895879]],[[0.261271,0.950632,-0.167442],[-0.930608,0.294136,0.217835],[0.256332,0.0989085,0.961515]],[[0.261271,0.950632,-0.167442],[-0.930789,0.202172,-0.304564],[-0.255676,0.235426,0.937659]],[[0.261271,0.950632,-0.167442],[-0.904084,0.180226,-0.387492],[-0.338185,0.252622,0.906539]]],"btipPosition":[-57.2013,260.749,-55.4597],"carpPosition":[-60.7197,278.059,37.3283],"dipPosition":[-64.4594,266.17,-36.0037],"direction":[0.255676,-0.235426,-0.937659],"extended":false,"handId":208,"id":2080,"length":47.7925,"mcpPosition":[-60.7197,278.059,37.3283],"pipPosition":[-72.4536,273.531,-6.68607],"stabilizedTipPosition":[-96.7499,230.816,61.6024],"timeVisible":0.741103,"tipPosition":[-58.1442,260.974,-50.8896],"tipVelocity":[28.8476,14.3181,-95.4767],"tool":false,"touchDistance":-0.398902,"touchZone":"touching","type":0,"width":18.5699},{"bases":[[[0.990828,0.0780659,-0.110297],[-0.0680096,0.993418,0.0921713],[0.116767,-0.0838246,0.989616]],[[0.995539,0.0736291,-0.059002],[-0.0531775,0.954403,0.293746],[0.0779399,-0.289298,0.954061]],[[0.995539,0.0736291,-0.059002],[-0.0624185,0.982879,0.173358],[0.070756,-0.168902,0.98309]],[[0.995539,0.0736291,-0.059002],[-0.0695622,0.99524,0.0682473],[0.0637461,-0.0638386,0.995922]]],"btipPosition":[-67.3326,319.888,-109.275],"carpPosition":[-53.8171,298.091,32.4728],"dipPosition":[-66.3338,318.888,-93.6707],"direction":[-0.070756,0.168902,-0.98309],"extended":true,"handId":208,"id":2081,"length":53.9285,"mcpPosition":[-61.6948,303.746,-34.2924],"pipPosition":[-64.7655,315.144,-71.8805],"stabilizedTipPosition":[-94.3251,290.591,53.1869],"timeVisible":0.741103,"tipPosition":[-66.3532,318.637,-105.877],"tipVelocity":[48.9957,11.7928,-89.3715],"tool":false,"touchDistance":-0.397841,"touchZone":"hovering","type":1,"width":17.738},{"bases":[[[0.994473,-0.104482,0.0103313],[0.103061,0.990233,0.0939017],[-0.0200415,-0.0923179,0.995528]],[[0.993925,-0.106189,0.0289322],[0.0883923,0.613554,-0.78469],[0.0655738,0.782481,0.619212]],[[0.993925,-0.106189,0.0289322],[-0.0150883,-0.391862,-0.9199],[0.10902,0.913875,-0.391084]],[[0.993925,-0.106189,0.0289322],[-0.0722604,-0.827899,-0.556203],[0.0830154,0.550733,-0.830543]]],"btipPosition":[-48.8083,238.557,-35.7025],"carpPosition":[-42.9185,300.559,30.85],"dipPosition":[-47.3777,248.048,-50.0152],"direction":[-0.10902,-0.913875,0.391084],"extended":false,"handId":208,"id":2082,"length":61.4471,"mcpPosition":[-41.6363,306.466,-32.8435],"pipPosition":[-44.5347,271.879,-60.2135],"stabilizedTipPosition":[-78.2654,217.002,89.8081],"timeVisible":0.741103,"tipPosition":[-48.486,240.755,-38.847],"tipVelocity":[51.3547,-11.7527,-91.0364],"tool":false,"touchDistance":0.333333,"touchZone":"none","type":2,"width":17.4211},{"bases":[[[0.970067,-0.191277,0.149611],[0.173157,0.97679,0.126087],[-0.170256,-0.096407,0.980673]],[[0.961193,-0.195516,0.194632],[0.271093,0.538587,-0.797767],[0.0511498,0.819572,0.570689]],[[0.961193,-0.195516,0.194632],[0.0832102,-0.467181,-0.880237],[0.263028,0.862273,-0.432782]],[[0.961193,-0.195516,0.194632],[-0.0691918,-0.853804,-0.515976],[0.267059,0.482485,-0.834199]]],"btipPosition":[-35.2432,242.061,-24.1337],"carpPosition":[-31.6698,300.275,30.2944],"dipPosition":[-30.6674,250.328,-38.4268],"direction":[-0.263028,-0.862273,0.432782],"extended":false,"handId":208,"id":2083,"length":59.0831,"mcpPosition":[-21.8898,305.813,-26.0384],"pipPosition":[-23.9855,272.233,-49.421],"stabilizedTipPosition":[-60.1757,213.756,98.7693],"timeVisible":0.741103,"tipPosition":[-33.9762,244.078,-28.3301],"tipVelocity":[30.3273,-8.53441,2.1619],"tool":false,"touchDistance":0.333333,"touchZone":"none","type":3,"width":16.5772},{"bases":[[[0.901807,-0.359897,0.239204],[0.306203,0.922768,0.233964],[-0.304932,-0.137745,0.94236]],[[0.874032,-0.369904,0.315024],[0.475037,0.514438,-0.713929],[0.102025,0.773644,0.625353]],[[0.874032,-0.369904,0.315024],[0.133556,-0.440484,-0.887771],[0.467153,0.818013,-0.335594]],[[0.874032,-0.369904,0.315024],[-0.132837,-0.805596,-0.577382],[0.467358,0.462803,-0.753253]]],"btipPosition":[-23.4046,253.78,-21.1363],"carpPosition":[-20.5447,293.529,31.3248],"dipPosition":[-16.0172,261.096,-33.0427],"direction":[-0.467153,-0.818013,0.335594],"extended":false,"handId":208,"id":2084,"length":46.32,"mcpPosition":[-4.33011,300.853,-18.7846],"pipPosition":[-7.63832,275.767,-39.062],"stabilizedTipPosition":[-46.9467,221.914,96.053],"timeVisible":0.741103,"tipPosition":[-21.6637,255.476,-23.8607],"tipVelocity":[43.9819,-6.10047,-83.0564],"tool":false,"touchDistance":0.333333,"touchZone":"none","type":4,"width":14.7252}],"r":[[0.945735,0.160844,0.282338],[-0.0249151,0.902232,-0.430531],[-0.323983,0.400134,0.857279]],"s":1.02006,"t":[15.9471,44.7939,-146.058],"timestamp":2754588269},false],[4,{"currentFrameRate":110.419,"devices":[],"gestures":[],"hands":[{"armBasis":[[0.928804,0.253607,-0.270199],[-0.0682545,0.833741,0.547921],[0.364233,-0.490469,0.791691]],"armWidth":58.4334,"confidence":0.626248,"direction":[0.0467495,0.240228,-0.96959],"elbow":[55.2217,167.865,233.264],"grabStrength":0,"id":208,"palmNormal":[0.0558426,-0.969762,-0.237578],"palmPosition":[-39.3974,297.058,-12.1234],"palmVelocity":[30.4167,-12.2428,-86.5021],"palmWidth":83.4409,"pinchStrength":0.860217,"r":[[0.94435,0.16288,0.285786],[-0.0252727,0.902159,-0.430663],[-0.327971,0.399474,0.85607]],"s":1.02398,"sphereCenter":[-53.5432,269.891,-41.0609],"sphereRadius":44.1065,"stabilizedPalmPosition":[-55.5268,254.516,129.879],"t":[16.2354,44.6803,-146.961],"timeVisible":0.75035,"type":"right","wrist":[-34.9619,289.304,37.2424]}],"id":262999,"interactionBox":{"center":[0,200,0],"size":[235.247,235.247,147.751]},"pointables":[{"bases":[[[0.360504,0.931576,0.046939],[-0.845875,0.305302,0.437363],[0.393106,-0.197375,0.898059]],[[0.259634,0.951958,-0.162376],[-0.931289,0.291305,0.21873],[0.255523,0.094429,0.96218]],[[0.259634,0.951958,-0.162376],[-0.9305,0.201619,-0.305809],[-0.258379,0.230489,0.938144]],[[0.259634,0.951958,-0.162376],[-0.902476,0.179337,-0.391631],[-0.343696,0.248221,0.905682]]],"btipPosition":[-56.8707,260.964,-56.4192],"carpPosition":[-60.629,277.821,36.3961],"dipPosition":[-64.2471,266.291,-36.9815],"direction":[0.258379,-0.230489,-0.938144],"extended":false,"handId":208,"id":2080,"length":47.7925,"mcpPosition":[-60.629,277.821,36.3961],"pipPosition":[-72.3258,273.498,-7.64874],"stabilizedTipPosition":[-96.7391,230.825,61.5704],"timeVisible":0.75035,"tipPosition":[-57.788,261.149,-51.8412],"tipVelocity":[29.961,16.1893,-97.9321],"tool":false,"touchDistance":-0.401801,"touchZone":"touching","type":0,"width":18.5699},{"bases":[[[0.991035,0.0827616,-0.104879],[-0.0732289,0.993091,0.0916988],[0.111744,-0.0831965,0.990248]],[[0.995398,0.0784775,-0.054999],[-0.0588177,0.953407,0.295897],[0.0756577,-0.2913,0.953635]],[[0.995398,0.0784775,-0.054999],[-0.0677023,0.982062,0.175985],[0.0678233,-0.171451,0.982855]],[[0.995398,0.0784775,-0.054999],[-0.074488,0.994678,0.0711776],[0.0602922,-0.0667533,0.995946]]],"btipPosition":[-66.7626,319.821,-110.192],"carpPosition":[-53.795,297.885,31.5764],"dipPosition":[-65.8179,318.775,-94.5878],"direction":[-0.0678233,0.171451,-0.982855],"extended":true,"handId":208,"id":2081,"length":53.9285,"mcpPosition":[-61.3339,303.498,-35.2315],"pipPosition":[-64.3146,314.975,-72.8027],"stabilizedTipPosition":[-94.3126,290.604,53.1151],"timeVisible":0.75035,"tipPosition":[-65.8011,318.563,-106.794],"tipVelocity":[52.1703,6.11679,-92.134],"tool":false,"touchDistance":-0.40015,"touchZone":"hovering","type":1,"width":17.738},{"bases":[[[0.994887,-0.099758,0.0157858],[0.0978427,0.990718,0.094366],[-0.025053,-0.0923389,0.995412]],[[0.994244,-0.101467,0.0343986],[0.0897441,0.61335,-0.784696],[0.0585226,0.783266,0.618926]],[[0.994244,-0.101467,0.0343986],[-0.00827295,-0.392813,-0.919581],[0.10682,0.914004,-0.391391]],[[0.994244,-0.101467,0.0343986],[-0.0653427,-0.82871,-0.55585],[0.0849072,0.550403,-0.83057]]],"btipPosition":[-48.1322,238.372,-36.5109],"carpPosition":[-42.8996,300.405,30.0131],"dipPosition":[-46.669,247.857,-50.824],"direction":[-0.10682,-0.914004,0.391391],"extended":false,"handId":208,"id":2082,"length":61.4471,"mcpPosition":[-41.2967,306.313,-33.673],"pipPosition":[-43.8835,271.691,-61.0304],"stabilizedTipPosition":[-78.2257,217.033,89.639],"timeVisible":0.75035,"tipPosition":[-47.8023,240.568,-39.6804],"tipVelocity":[57.6949,-14.1235,-90.0233],"tool":false,"touchDistance":0.333333,"touchZone":"none","type":2,"width":17.4211},{"bases":[[[0.97013,-0.186658,0.154938],[0.167824,0.97761,0.126936],[-0.175163,-0.0971423,0.979735]],[[0.961152,-0.190886,0.199373],[0.272035,0.532813,-0.801316],[0.0467315,0.824423,0.564042]],[[0.961152,-0.190886,0.199373],[0.0867975,-0.476648,-0.874799],[0.262018,0.858119,-0.441563]],[[0.961152,-0.190886,0.199373],[-0.0653656,-0.859178,-0.507485],[0.268169,0.474738,-0.838277]]],"btipPosition":[-34.7505,242.042,-24.2899],"carpPosition":[-31.6467,300.174,29.5191],"dipPosition":[-30.1558,250.176,-38.6528],"direction":[-0.262018,-0.858119,0.441563],"extended":false,"handId":208,"id":2083,"length":59.0831,"mcpPosition":[-21.5849,305.754,-26.7598],"pipPosition":[-23.4996,271.975,-49.8701],"stabilizedTipPosition":[-60.0343,213.916,98.0948],"timeVisible":0.75035,"tipPosition":[-33.4681,243.996,-28.5731],"tipVelocity":[36.9065,-7.64881,-3.6787],"tool":false,"touchDistance":0.333333,"touchZone":"none","type":3,"width":16.5772},{"bases":[[[0.902183,-0.355593,0.244173],[0.300533,0.924229,0.235545],[-0.309429,-0.139122,0.94069]],[[0.871056,-0.366566,0.326943],[0.481769,0.507897,-0.714101],[0.0957119,0.779532,0.619006]],[[0.871056,-0.366566,0.326943],[0.141009,-0.450983,-0.881323],[0.470509,0.813783,-0.341142]],[[0.871056,-0.366566,0.326943],[-0.127858,-0.811889,-0.569639],[0.474251,0.454385,-0.754069]]],"btipPosition":[-23.0808,253.823,-21.443],"carpPosition":[-20.4955,293.481,30.6111],"dipPosition":[-15.5844,261.006,-33.3624],"direction":[-0.470509,-0.813783,0.341142],"extended":false,"handId":208,"id":2084,"length":46.32,"mcpPosition":[-4.04181,300.879,-19.4095],"pipPosition":[-7.14533,275.602,-39.4811],"stabilizedTipPosition":[-46.9216,221.947,95.9351],"timeVisible":0.75035,"tipPosition":[-21.2584,255.474,-24.3229],"tipVelocity":[42.2256,-4.00388,-69.1315],"tool":false,"touchDistance":0.333333,"touchZone":"none","type":4,"width":14.7252}],"r":[[0.94435,0.16288,0.285786],[-0.0252727,0.902159,-0.430663],[-0.327971,0.399474,0.85607]],"s":1.02398,"t":[16.2354,44.6803,-146.961],"timestamp":2754597516},false],[5,{"currentFrameRate":110.591,"devices":[],"gestures":[],"hands":[{"armBasis":[[0.929185,0.256096,-0.266515],[-0.0726452,0.833532,0.547674],[0.362405,-0.489529,0.79311]],"armWidth":58.4334,"confidence":0.628672,"direction":[0.0488799,0.240428,-0.969436],"elbow":[54.874,168.043,233.062],"grabStrength":0,"id":208,"palmNormal":[0.0597483,-0.969561,-0.237446],"palmPosition":[-39.1694,296.991,-12.6898],"palmVelocity":[29.2565,-10.9902,-80.6925],"palmWidth":83.4409,"pinchStrength":0.826035,"r":[[0.942947,0.165125,0.28911],[-0.0258923,0.902087,-0.430777],[-0.331934,0.398714,0.854896]],"s":1.02823,"sphereCenter":[-53.0647,269.777,-41.6243],"sphereRadius":44.0898,"stabilizedPalmPosition":[-55.522,254.528,129.837],"t":[16.4934,44.5905,-147.695],"timeVisible":0.759089,"type":"right","wrist":[-34.8572,289.25,36.6889]}],"id":263000,"interactionBox":{"center":[0,200,0],"size":[235.247,235.247,147.751]},"pointables":[{"bases":[[[0.357294,0.932755,0.048061],[-0.848189,0.302496,0.434824],[0.391046,-0.196125,0.899232]],[[0.259273,0.952928,-0.157178],[-0.930682,0.290003,0.223],[0.258085,0.0884645,0.962064]],[[0.259273,0.952928,-0.157178],[-0.930563,0.202922,-0.304754],[-0.258514,0.225278,0.939372]],[[0.259273,0.952928,-0.157178],[-0.901407,0.180329,-0.393632],[-0.34676,0.243739,0.905731]]],"btipPosition":[-56.7728,261.358,-57.0845],"carpPosition":[-60.4837,277.683,35.7648],"dipPosition":[-64.2149,266.589,-37.6458],"direction":[0.258514,-0.225278,-0.939372],"extended":false,"handId":208,"id":2080,"length":47.7925,"mcpPosition":[-60.4837,277.683,35.7648],"pipPosition":[-72.2978,273.633,-8.27468],"stabilizedTipPosition":[-96.7294,230.833,61.5415],"timeVisible":0.759089,"tipPosition":[-57.6527,261.493,-52.4989],"tipVelocity":[24.4763,23.2472,-92.0887],"tool":false,"touchDistance":-0.399931,"touchZone":"touching","type":0,"width":18.5699},{"bases":[[[0.991069,0.0860265,-0.10189],[-0.0767716,0.99284,0.0915162],[0.109033,-0.0828766,0.990577]],[[0.995217,0.0818686,-0.053302],[-0.0624553,0.952754,0.297251],[0.0751193,-0.292501,0.95331]],[[0.995217,0.0818686,-0.053302],[-0.0712322,0.981527,0.177569],[0.0668547,-0.172923,0.982664]],[[0.995217,0.0818686,-0.053302],[-0.0778887,0.994294,0.0728925],[0.0589655,-0.0683922,0.995914]]],"btipPosition":[-66.4225,319.789,-110.807],"carpPosition":[-53.7013,297.77,30.9665],"dipPosition":[-65.4986,318.718,-95.2028],"direction":[-0.0668547,0.172923,-0.982664],"extended":true,"handId":208,"id":2081,"length":53.9285,"mcpPosition":[-61.0573,303.361,-35.8636],"pipPosition":[-64.0168,314.885,-73.422],"stabilizedTipPosition":[-94.3002,290.617,53.0442],"timeVisible":0.759089,"tipPosition":[-65.4665,318.544,-107.406],"tipVelocity":[48.4738,3.3291,-86.2967],"tool":false,"touchDistance":-0.397689,"touchZone":"hovering","type":1,"width":17.738},{"bases":[[[0.995157,-0.0964853,0.0187793],[0.094298,0.99103,0.0946987],[-0.0277479,-0.0924693,0.995329]],[[0.994474,-0.0981796,0.0371911],[0.0887714,0.597208,-0.797159],[0.0560539,0.796055,0.602623]],[[0.994474,-0.0981796,0.0371911],[-0.00680158,-0.413747,-0.910366],[0.104767,0.905082,-0.412129]],[[0.994474,-0.0981796,0.0371911],[-0.0625944,-0.838861,-0.540735],[0.0842873,0.535419,-0.84037]]],"btipPosition":[-47.6964,238.226,-35.6522],"carpPosition":[-42.8095,300.325,29.4361],"dipPosition":[-46.2439,247.453,-50.1342],"direction":[-0.104767,-0.905082,0.412129],"extended":false,"handId":208,"id":2082,"length":61.4471,"mcpPosition":[-41.0342,306.241,-34.2446],"pipPosition":[-43.5119,271.055,-60.8814],"stabilizedTipPosition":[-78.1684,217.076,89.4006],"timeVisible":0.759089,"tipPosition":[-47.3433,240.43,-39.3477],"tipVelocity":[55.5229,-16.6288,-40.7933],"tool":false,"touchDistance":0.333333,"touchZone":"none","type":2,"width":17.4211},{"bases":[[[0.970268,-0.183473,0.157853],[0.164224,0.978151,0.127479],[-0.177793,-0.0977657,0.979199]],[[0.961179,-0.187729,0.20222],[0.272691,0.534393,-0.80004],[0.0421259,0.824125,0.564839]],[[0.961179,-0.187729,0.20222],[0.0911338,-0.475761,-0.87484],[0.260441,0.859307,-0.440183]],[[0.961179,-0.187729,0.20222],[-0.0609319,-0.859195,-0.508008],[0.269114,0.475965,-0.837278]]],"btipPosition":[-34.2947,241.996,-24.887],"carpPosition":[-31.5546,300.131,28.976],"dipPosition":[-29.6838,250.151,-39.2328],"direction":[-0.260441,-0.859307,0.440183],"extended":false,"handId":208,"id":2083,"length":59.0831,"mcpPosition":[-21.3416,305.747,-27.2721],"pipPosition":[-23.0676,271.981,-50.4151],"stabilizedTipPosition":[-59.8689,214.101,97.3152],"timeVisible":0.759089,"tipPosition":[-33.0147,243.952,-29.1284],"tipVelocity":[41.1049,-6.85758,-20.8705],"tool":false,"touchDistance":0.333333,"touchZone":"none","type":3,"width":16.5772},{"bases":[[[0.902608,-0.352635,0.246876],[0.29678,0.925201,0.236485],[-0.311803,-0.140185,0.939748]],[[0.867708,-0.364675,0.337779],[0.488316,0.498379,-0.716356],[0.0928956,0.786531,0.610524]],[[0.867708,-0.364675,0.337779],[0.14518,-0.463977,-0.87387],[0.4754,0.807303,-0.349653]],[[0.867708,-0.364675,0.337779],[-0.126168,-0.81886,-0.559955],[0.480795,0.443261,-0.756542]]],"btipPosition":[-22.9436,253.939,-21.4359],"carpPosition":[-20.3847,293.475,30.1014],"dipPosition":[-15.3438,260.945,-33.3944],"direction":[-0.4754,-0.807303,0.349653],"extended":false,"handId":208,"id":2084,"length":46.32,"mcpPosition":[-3.80483,300.929,-19.8692],"pipPosition":[-6.81703,275.425,-39.6658],"stabilizedTipPosition":[-46.8965,221.979,95.8177],"timeVisible":0.759089,"tipPosition":[-21.0298,255.535,-24.4963],"tipVelocity":[35.849,-0.626061,-50.6757],"tool":false,"touchDistance":0.333333,"touchZone":"none","type":4,"width":14.7252}],"r":[[0.942947,0.165125,0.28911],[-0.0258923,0.902087,-0.430777],[-0.331934,0.398714,0.854896]],"s":1.02823,"t":[16.4934,44.5905,-147.695],"timestamp":2754606255},false],[6,{"currentFrameRate":110.613,"devices":[],"gestures":[],"hands":[{"armBasis":[[0.928085,0.263712,-0.262895],[-0.0798595,0.830543,0.551199],[0.363703,-0.490565,0.791875]],"armWidth":58.4334,"confidence":0.632587,"direction":[0.05158,0.243565,-0.968512],"elbow":[55.148,167.754,232.42],"grabStrength":0,"id":208,"palmNormal":[0.0663981,-0.968494,-0.240024],"palmPosition":[-39.0528,297.079,-13.0211],"palmVelocity":[24.7795,-5.31621,-68.643],"palmWidth":83.4409,"pinchStrength":0.799822,"r":[[0.94137,0.167843,0.292662],[-0.0270727,0.90225,-0.430363],[-0.336288,0.397208,0.853895]],"s":1.03278,"sphereCenter":[-52.6051,269.851,-42.0643],"sphereRadius":44.087,"stabilizedPalmPosition":[-55.5174,254.54,129.797],"t":[16.6808,44.5891,-148.228],"timeVisible":0.76809,"type":"right","wrist":[-34.9046,289.217,36.3525]}],"id":263001,"interactionBox":{"center":[0,200,0],"size":[235.247,235.247,147.751]},"pointables":[{"bases":[[[0.351649,0.934669,0.0523051],[-0.851768,0.296279,0.432099],[0.388373,-0.196499,0.900308]],[[0.256738,0.954972,-0.148708],[-0.930856,0.28572,0.227753],[0.259986,0.0799531,0.962297]],[[0.256738,0.954972,-0.148708],[-0.930989,0.20305,-0.303366],[-0.259511,0.216331,0.941199]],[[0.256738,0.954972,-0.148708],[-0.90158,0.181212,-0.392831],[-0.348195,0.234927,0.907507]]],"btipPosition":[-56.7733,262.037,-57.6694],"carpPosition":[-60.4591,277.503,35.2858],"dipPosition":[-64.2462,267.079,-38.1926],"direction":[0.25951,-0.216331,-0.941199],"extended":false,"handId":208,"id":2080,"length":47.7925,"mcpPosition":[-60.4591,277.503,35.2858],"pipPosition":[-72.3602,273.843,-8.76435],"stabilizedTipPosition":[-96.718,230.843,61.5073],"timeVisible":0.76809,"tipPosition":[-57.5839,262.109,-53.063],"tipVelocity":[17.5236,36.2592,-84.3775],"tool":false,"touchDistance":-0.396913,"touchZone":"touching","type":0,"width":18.5699},{"bases":[[[0.990973,0.0920847,-0.0974267],[-0.0829392,0.992103,0.0940915],[0.105322,-0.0851617,0.990785]],[[0.994867,0.0879217,-0.0500998],[-0.0689134,0.95119,0.300813],[0.0741024,-0.295816,0.952366]],[[0.994867,0.0879217,-0.0500998],[-0.0775289,0.980418,0.181022],[0.0650346,-0.176209,0.982202]],[[0.994867,0.0879217,-0.0500998],[-0.0839704,0.993554,0.0761588],[0.0564729,-0.071561,0.995836]]],"btipPosition":[-66.1249,320.07,-111.164],"carpPosition":[-53.7735,297.643,30.5751],"dipPosition":[-65.2401,318.949,-95.5608],"direction":[-0.0650346,0.176209,-0.982202],"extended":true,"handId":208,"id":2081,"length":53.9285,"mcpPosition":[-60.8791,303.389,-36.269],"pipPosition":[-63.7986,315.044,-73.7903],"stabilizedTipPosition":[-94.2862,290.632,52.965],"timeVisible":0.76809,"tipPosition":[-65.1724,318.846,-107.761],"tipVelocity":[43.9669,10.6441,-73.4919],"tool":false,"touchDistance":-0.391609,"touchZone":"hovering","type":1,"width":17.738},{"bases":[[[0.995614,-0.0907552,0.0227245],[0.0881232,0.991278,0.0979954],[-0.0314199,-0.095563,0.994927]],[[0.994868,-0.0924968,0.0410134],[0.0880837,0.592279,-0.800904],[0.0497897,0.800406,0.597387]],[[0.994868,-0.0924968,0.0410134],[-0.00186603,-0.422047,-0.906572],[0.101165,0.901843,-0.420054]],[[0.994868,-0.0924968,0.0410134],[-0.056369,-0.843286,-0.5345],[0.0840256,0.529445,-0.844173]]],"btipPosition":[-47.1671,238.361,-35.4605],"carpPosition":[-42.8905,300.267,29.0985],"dipPosition":[-45.7191,247.484,-50.0081],"direction":[-0.101165,-0.901843,0.420054],"extended":false,"handId":208,"id":2082,"length":61.4471,"mcpPosition":[-40.8803,306.381,-34.5566],"pipPosition":[-43.081,271.002,-60.9619],"stabilizedTipPosition":[-78.071,217.149,89.0018],"timeVisible":0.76809,"tipPosition":[-46.8055,240.543,-39.3631],"tipVelocity":[56.3926,-8.67639,-24.203],"tool":false,"touchDistance":0.333333,"touchZone":"none","type":2,"width":17.4211},{"bases":[[[0.970644,-0.178296,0.161436],[0.157984,0.978709,0.131035],[-0.181362,-0.101684,0.978145]],[[0.961481,-0.182698,0.205366],[0.272351,0.532273,-0.801568],[0.0371343,0.826624,0.561528]],[[0.961481,-0.182698,0.205366],[0.0948792,-0.480624,-0.871779],[0.257976,0.857684,-0.444777]],[[0.961481,-0.182698,0.205366],[-0.0561546,-0.861938,-0.503895],[0.269073,0.472953,-0.838996]]],"btipPosition":[-33.9001,242.22,-24.8351],"carpPosition":[-31.6327,300.14,28.6856],"dipPosition":[-29.2898,250.323,-39.2103],"direction":[-0.257976,-0.857684,0.444777],"extended":false,"handId":208,"id":2083,"length":59.0831,"mcpPosition":[-21.2148,305.981,-27.5019],"pipPosition":[-22.7363,272.112,-50.5092],"stabilizedTipPosition":[-59.6519,214.342,96.3079],"timeVisible":0.76809,"tipPosition":[-32.6019,244.151,-29.1706],"tipVelocity":[41.8534,1.49496,-13.7613],"tool":false,"touchDistance":0.333333,"touchZone":"none","type":3,"width":16.5772},{"bases":[[[0.903594,-0.34811,0.249676],[0.290383,0.926209,0.240447],[-0.314954,-0.144765,0.938002]],[[0.86567,-0.361349,0.346471],[0.493078,0.495807,-0.714877],[0.0865372,0.789685,0.607378]],[[0.86567,-0.361349,0.346471],[0.152139,-0.469463,-0.869746],[0.476937,0.805625,-0.351425]],[[0.86567,-0.361349,0.346471],[-0.120577,-0.822216,-0.556257],[0.485877,0.439759,-0.755338]]],"btipPosition":[-22.7222,254.236,-21.4907],"carpPosition":[-20.4292,293.545,29.839],"dipPosition":[-15.0421,261.187,-33.4301],"direction":[-0.476937,-0.805625,0.351425],"extended":false,"handId":208,"id":2084,"length":46.32,"mcpPosition":[-3.68171,301.243,-20.0387],"pipPosition":[-6.48773,275.637,-39.7333],"stabilizedTipPosition":[-46.8655,222.02,95.6744],"timeVisible":0.76809,"tipPosition":[-2