{"sensorType":"Leap","data":[[0,{"currentFrameRate":110.533,"devices":[],"gestures":[],"hands":[{"armBasis":[[0.917381,0.226643,-0.327177],[-0.0279454,0.856683,0.515086],[0.397027,-0.463387,0.792238]],"armWidth":58.4334,"confidence":0.684643,"direction":[0.010935,0.407512,-0.913135],"elbow":[66.6323,168.901,233.658],"grabStrength":0,"id":214,"palmNormal":[0.0268152,-0.91298,-0.407122],"palmPosition":[-38.0108,300.058,-9.47701],"palmVelocity":[28.4166,21.419,-137.156],"palmWidth":83.4409,"pinchStrength":0.77985,"r":[[0.878775,-0.00210371,0.477232],[-0.0495426,0.994185,0.0956101],[-0.474658,-0.107663,0.873561]],"s":0.899983,"sphereCenter":[-32.2586,269.169,-42.0111],"sphereRadius":43.2703,"stabilizedPalmPosition":[-57.7221,273.318,42.652],"t":[73.861,101.548,-179.923],"timeVisible":0.578682,"type":"right","wrist":[-31.6712,283.635,37.5003]}],"id":265261,"interactionBox":{"center":[0,200,0],"size":[235.247,235.247,147.751]},"pointables":[{"bases":[[[0.380378,0.904175,0.194373],[-0.820716,0.233137,0.521606],[0.426307,-0.357932,0.830751]],[[0.270151,0.962803,-0.00526742],[-0.906586,0.256212,0.335347],[0.324222,-0.085819,0.94208]],[[0.270151,0.962803,-0.00526742],[-0.94793,0.265012,-0.176628],[-0.168662,0.0527095,0.984264]],[[0.270151,0.962803,-0.00526742],[-0.824253,0.228441,-0.518094],[-0.497619,0.144305,0.855308]]],"btipPosition":[-56.4601,271.973,-56.4691],"carpPosition":[-57.5718,272.79,35.7869],"dipPosition":[-67.1399,275.07,-38.1126],"direction":[0.168662,-0.0527095,-0.984264],"extended":false,"handId":214,"id":2140,"length":47.7925,"mcpPosition":[-57.5718,272.79,35.7869],"pipPosition":[-72.4135,276.719,-7.33782],"stabilizedTipPosition":[-72.5355,260.773,-25.0683],"timeVisible":0.578682,"tipPosition":[-58.7104,271.736,-52.3488],"tipVelocity":[46.5193,12.6509,-132.24],"tool":false,"touchDistance":-0.472683,"touchZone":"hovering","type":0,"width":18.5699},{"bases":[[[0.987226,0.0881715,-0.132703],[-0.0498156,0.961973,0.268565],[0.151336,-0.258523,0.954077]],[[0.998269,0.0563709,-0.0167479],[-0.0528189,0.984702,0.166051],[0.0258521,-0.164879,0.985975]],[[0.998269,0.0563709,-0.0167479],[-0.0555025,0.997283,0.0484444],[0.0194332,-0.0474311,0.998685]],[[0.998269,0.0563709,-0.0167479],[-0.0570474,0.99744,-0.0431143],[0.0142746,0.0439951,0.99893]]],"btipPosition":[-62.4352,317.607,-106.719],"carpPosition":[-50.5522,293.308,34.2814],"dipPosition":[-62.2115,318.296,-91.0675],"direction":[-0.0194332,0.0474311,-0.998685],"extended":true,"handId":214,"id":2141,"length":53.9285,"mcpPosition":[-60.7623,310.749,-30.0861],"pipPosition":[-61.7808,317.245,-68.9315],"stabilizedTipPosition":[-80.3978,299.973,-63.3228],"timeVisible":0.578682,"tipPosition":[-61.6719,316.543,-103.142],"tipVelocity":[31.2407,21.4311,-147.261],"tool":false,"touchDistance":-0.497125,"touchZone":"hovering","type":1,"width":17.738},{"bases":[[[0.992526,-0.11286,-0.04641],[0.121139,0.957121,0.263145],[0.0147215,-0.2668,0.963639]],[[0.992509,-0.112561,-0.0474904],[0.0394083,0.662924,-0.747649],[0.115638,0.740177,0.662394]],[[0.992509,-0.112561,-0.0474904],[-0.0987112,-0.50983,-0.854593],[0.0719817,0.85288,-0.517122]],[[0.992509,-0.112561,-0.0474904],[-0.122149,-0.921375,-0.368983],[-0.00222341,0.37202,-0.928222]]],"btipPosition":[-47.5762,251.635,-28.748],"carpPosition":[-39.6842,295.934,32.703],"dipPosition":[-47.6145,258.046,-44.744],"direction":[-0.0719817,-0.85288,0.517122],"extended":false,"handId":214,"id":2142,"length":61.4471,"mcpPosition":[-40.6261,313.004,-28.9503],"pipPosition":[-45.7375,280.287,-58.229],"stabilizedTipPosition":[-69.114,231.023,15.6296],"timeVisible":0.578682,"tipPosition":[-47.548,253.198,-32.5944],"tipVelocity":[51.6336,7.30077,-105.786],"tool":false,"touchDistance":0.333333,"touchZone":"none","type":2,"width":17.4211},{"bases":[[[0.9719,-0.22272,0.0761993],[0.192148,0.937619,0.289741],[-0.135977,-0.266958,0.954067]],[[0.967516,-0.230419,0.104019],[0.223573,0.587769,-0.777524],[0.118017,0.775522,0.620191]],[[0.967516,-0.230419,0.104019],[-0.0462305,-0.56577,-0.823266],[0.248547,0.791714,-0.558044]],[[0.967516,-0.230419,0.104019],[-0.182311,-0.920968,-0.344356],[0.175144,0.314207,-0.933059]]],"btipPosition":[-34.8079,253.723,-18.3771],"carpPosition":[-28.4685,295.66,31.675],"dipPosition":[-31.807,259.107,-34.364],"direction":[-0.248547,-0.791714,0.558044],"extended":false,"handId":214,"id":2143,"length":59.0831,"mcpPosition":[-20.6576,310.995,-23.1295],"pipPosition":[-25.493,279.219,-48.5404],"stabilizedTipPosition":[-50.4487,237.64,12.4702],"timeVisible":0.578682,"tipPosition":[-33.9501,255.041,-22.5358],"tipVelocity":[43.4334,17.1297,-94.5629],"tool":false,"touchDistance":0.333333,"touchZone":"none","type":3,"width":16.5772},{"bases":[[[0.904432,-0.403961,0.137182],[0.328202,0.86427,0.381209],[-0.272556,-0.299755,0.914254]],[[0.885687,-0.421857,0.193894],[0.416974,0.539089,-0.73179],[0.204184,0.728986,0.653367]],[[0.885687,-0.421857,0.193894],[-0.0706026,-0.535142,-0.841807],[0.458883,0.731888,-0.503753]],[[0.885687,-0.421857,0.193894],[-0.31921,-0.856553,-0.40549],[0.33714,0.297245,-0.893299]]],"btipPosition":[-23.1025,263.222,-15.5738],"carpPosition":[-17.4151,288.746,31.0714],"dipPosition":[-17.7734,267.92,-29.6939],"direction":[-0.458883,-0.731888,0.503753],"extended":false,"handId":214,"id":2144,"length":46.32,"mcpPosition":[-2.92209,304.685,-17.5435],"pipPosition":[-9.54288,281.048,-38.7293],"stabilizedTipPosition":[-35.8559,248.146,10.9872],"timeVisible":0.578682,"tipPosition":[-21.5414,264.324,-19.0865],"tipVelocity":[37.3087,22.9135,-104.196],"tool":false,"touchDistance":0.333333,"touchZone":"none","type":4,"width":14.7252}],"r":[[0.878775,-0.00210371,0.477232],[-0.0495426,0.994185,0.0956101],[-0.474658,-0.107663,0.873561]],"s":0.899983,"t":[73.861,101.548,-179.923],"timestamp":2775404006},false],[1,{"currentFrameRate":110.458,"devices":[],"gestures":[],"hands":[{"armBasis":[[0.91864,0.225633,-0.324332],[-0.0300071,0.858366,0.51216],[0.393956,-0.460758,0.7953]],"armWidth":58.4334,"confidence":0.690729,"direction":[0.0116989,0.402585,-0.915308],"elbow":[66.1028,169.852,233.565],"grabStrength":0,"id":214,"palmNormal":[0.0287821,-0.915127,-0.402137],"palmPosition":[-37.7338,300.095,-10.4248],"palmVelocity":[28.903,16.5569,-127.662],"palmWidth":83.4409,"pinchStrength":0.765152,"r":[[0.877439,0.00201715,0.479684],[-0.0526149,0.994362,0.0920619],[-0.476794,-0.106017,0.872599]],"s":0.903297,"sphereCenter":[-32.2787,269.19,-42.7797],"sphereRadius":43.2095,"stabilizedPalmPosition":[-57.6524,273.411,42.4669],"t":[74.1008,101.642,-181.07],"timeVisible":0.587868,"type":"right","wrist":[-31.4402,283.935,36.65]}],"id":265262,"interactionBox":{"center":[0,200,0],"size":[235.247,235.247,147.751]},"pointables":[{"bases":[[[0.378742,0.905779,0.190047],[-0.821843,0.234727,0.519112],[0.425592,-0.352798,0.83331]],[[0.27023,0.962767,-0.00751519],[-0.906601,0.257077,0.334644],[0.324116,-0.0836174,0.942315]],[[0.27023,0.962767,-0.00751519],[-0.948103,0.264739,-0.176105],[-0.167558,0.0547139,0.984343]],[[0.27023,0.962767,-0.00751519],[-0.82348,0.227076,-0.51992],[-0.498855,0.146686,0.854182]]],"btipPosition":[-56.2135,272.012,-57.2883],"carpPosition":[-57.3221,273.043,34.9568],"dipPosition":[-66.9198,275.16,-38.956],"direction":[0.167558,-0.0547139,-0.984343],"extended":false,"handId":214,"id":2140,"length":47.7925,"mcpPosition":[-57.3221,273.043,34.9568],"pipPosition":[-72.1589,276.871,-8.17873],"stabilizedTipPosition":[-72.3633,260.921,-25.4163],"timeVisible":0.587868,"tipPosition":[-58.431,271.765,-53.1599],"tipVelocity":[40.837,10.6376,-120.38],"tool":false,"touchDistance":-0.46612,"touchZone":"hovering","type":0,"width":18.5699},{"bases":[[[0.987292,0.0889275,-0.131705],[-0.0516475,0.963335,0.263283],[0.150289,-0.253135,0.955686]],[[0.998132,0.0584126,-0.017927],[-0.0546535,0.984693,0.165508],[0.0273204,-0.164219,0.986045]],[[0.998132,0.0584126,-0.017927],[-0.0574935,0.997187,0.0480931],[0.0206858,-0.0469725,0.998682]],[[0.998132,0.0584126,-0.017927],[-0.059145,0.997302,-0.0434856],[0.0153385,0.0444646,0.998893]]],"btipPosition":[-62.2454,317.455,-107.76],"carpPosition":[-50.3308,293.563,33.3508],"dipPosition":[-62.005,318.152,-92.1093],"direction":[-0.0206858,0.0469725,-0.998682],"extended":true,"handId":214,"id":2141,"length":53.9285,"mcpPosition":[-60.4702,310.641,-31.1253],"pipPosition":[-61.5465,317.11,-69.9735],"stabilizedTipPosition":[-80.2842,300.083,-63.5776],"timeVisible":0.587868,"tipPosition":[-61.4758,316.383,-104.184],"tipVelocity":[28.4025,10.8661,-137.793],"tool":false,"touchDistance":-0.491367,"touchZone":"hovering","type":1,"width":17.738},{"bases":[[[0.992762,-0.111626,-0.0443184],[0.119322,0.958709,0.258145],[0.0136727,-0.261564,0.965089]],[[0.992756,-0.111517,-0.0447207],[0.0393296,0.653318,-0.756062],[0.113531,0.748826,0.652971]],[[0.992756,-0.111517,-0.0447207],[-0.0967158,-0.520867,-0.848142],[0.071289,0.846323,-0.527879]],[[0.992756,-0.111517,-0.0447207],[-0.120144,-0.925312,-0.35967],[-0.00127115,0.362437,-0.932007]]],"btipPosition":[-47.1944,251.517,-29.0071],"carpPosition":[-39.4643,296.197,31.7743],"dipPosition":[-47.2163,257.762,-45.0683],"direction":[-0.071289,-0.846323,0.527879],"extended":false,"handId":214,"id":2142,"length":61.4471,"mcpPosition":[-40.3391,312.931,-29.9717],"pipPosition":[-45.3573,279.832,-58.8339],"stabilizedTipPosition":[-68.6954,231.441,14.7066],"timeVisible":0.587868,"tipPosition":[-47.1678,253.058,-33.0086],"tipVelocity":[48.9354,0.496878,-84.568],"tool":false,"touchDistance":0.333333,"touchZone":"none","type":2,"width":17.4211},{"bases":[[[0.972114,-0.220853,0.0788524],[0.19032,0.939458,0.284952],[-0.137011,-0.261999,0.955293]],[[0.967691,-0.228422,0.10676],[0.223916,0.583883,-0.780348],[0.115913,0.779041,0.616165]],[[0.967691,-0.228422,0.10676],[-0.0441161,-0.570273,-0.82027],[0.24825,0.789058,-0.561925]],[[0.967691,-0.228422,0.10676],[-0.180418,-0.92308,-0.339666],[0.176135,0.30943,-0.934468]]],"btipPosition":[-34.4499,253.717,-19.0703],"carpPosition":[-28.2467,295.933,30.7646],"dipPosition":[-31.4321,259.019,-35.0813],"direction":[-0.24825,-0.789058,0.561925],"extended":false,"handId":214,"id":2143,"length":59.0831,"mcpPosition":[-20.3764,310.983,-24.1103],"pipPosition":[-25.1256,279.064,-49.3562],"stabilizedTipPosition":[-50.1101,237.991,11.7556],"timeVisible":0.587868,"tipPosition":[-33.5882,255.013,-23.2314],"tipVelocity":[42.3053,11.5887,-89.3935],"tool":false,"touchDistance":0.333333,"touchZone":"none","type":3,"width":16.5772},{"bases":[[[0.904824,-0.401861,0.140714],[0.326345,0.866808,0.377018],[-0.273481,-0.295214,0.915454]],[[0.885824,-0.41964,0.198034],[0.417615,0.534948,-0.734458],[0.20227,0.733303,0.649118]],[[0.885824,-0.41964,0.198034],[-0.0685179,-0.540392,-0.838619],[0.458934,0.7293,-0.507445]],[[0.885824,-0.41964,0.198034],[-0.317415,-0.859302,-0.401059],[0.338471,0.292409,-0.89439]]],"btipPosition":[-22.7802,263.25,-16.2729],"carpPosition":[-17.1821,289.033,30.2149],"dipPosition":[-17.4301,267.872,-30.4102],"direction":[-0.458934,-0.7293,0.507445],"extended":false,"handId":214,"id":2144,"length":46.32,"mcpPosition":[-2.63992,304.731,-18.4638],"pipPosition":[-9.19863,280.953,-39.5118],"stabilizedTipPosition":[-35.608,248.426,10.4585],"timeVisible":0.587868,"tipPosition":[-21.2168,264.334,-19.7923],"tipVelocity":[36.8345,16.8435,-96.4673],"tool":false,"touchDistance":0.333333,"touchZone":"none","type":4,"width":14.7252}],"r":[[0.877439,0.00201715,0.479684],[-0.0526149,0.994362,0.0920619],[-0.476794,-0.106017,0.872599]],"s":0.903297,"t":[74.1008,101.642,-181.07],"timestamp":2775413192},false],[2,{"currentFrameRate":110.522,"devices":[],"gestures":[],"hands":[{"armBasis":[[0.91996,0.234707,-0.313985],[-0.044958,0.85884,0.510267],[0.389426,-0.455309,0.80065]],"armWidth":58.4334,"confidence":0.693088,"direction":[0.0118377,0.401329,-0.915857],"elbow":[64.9612,171.778,233.274],"grabStrength":0,"id":214,"palmNormal":[0.0438336,-0.915249,-0.400497],"palmPosition":[-37.6835,300.513,-12.105],"palmVelocity":[22.5519,24.8103,-144.145],"palmWidth":83.4409,"pinchStrength":0.749906,"r":[[0.875744,0.00787589,0.482711],[-0.0579085,0.994362,0.0888347],[-0.47929,-0.10575,0.871262]],"s":0.907881,"sphereCenter":[-32.1214,269.839,-44.3426],"sphereRadius":43.1466,"stabilizedPalmPosition":[-57.6023,273.479,42.33],"t":[74.2458,101.898,-182.483],"timeVisible":0.596802,"type":"right","wrist":[-31.4603,284.512,35.0334]}],"id":265263,"interactionBox":{"center":[0,200,0],"size":[235.247,235.247,147.751]},"pointables":[{"bases":[[[0.365086,0.911183,0.19094],[-0.828187,0.224194,0.513657],[0.425228,-0.345663,0.83648]],[[0.258728,0.96594,-0.00444478],[-0.9112,0.245588,0.330758],[0.320584,-0.0815263,0.943705]],[[0.258728,0.96594,-0.00444478],[-0.950667,0.253816,-0.178351],[-0.171148,0.0503699,0.983957]],[[0.258728,0.96594,-0.00444478],[-0.826845,0.219088,-0.518004],[-0.499387,0.137697,0.855366]]],"btipPosition":[-55.7852,272.465,-59.1243],"carpPosition":[-57.1792,273.263,33.1978],"dipPosition":[-66.503,275.42,-40.7665],"direction":[0.171148,-0.0503699,-0.983957],"extended":false,"handId":214,"id":2140,"length":47.7925,"mcpPosition":[-57.1792,273.263,33.1978],"pipPosition":[-71.8543,276.995,-10.0014],"stabilizedTipPosition":[-72.2326,261.034,-25.6893],"timeVisible":0.596802,"tipPosition":[-57.919,272.154,-54.9507],"tipVelocity":[42.6941,20.2128,-143.43],"tool":false,"touchDistance":-0.475293,"touchZone":"hovering","type":0,"width":18.5699},{"bases":[[[0.986775,0.102286,-0.125752],[-0.0664986,0.96293,0.261428],[0.14783,-0.249608,0.956996]],[[0.99725,0.0727298,-0.0142219],[-0.0692973,0.983203,0.168851],[0.0262635,-0.167401,0.985539]],[[0.99725,0.0727298,-0.0142219],[-0.0719105,0.996082,0.0514763],[0.0179101,-0.0503121,0.998573]],[[0.99725,0.0727298,-0.0142219],[-0.0732494,0.9965,-0.0402699],[0.0112433,0.0412009,0.999088]]],"btipPosition":[-62.0418,317.779,-109.578],"carpPosition":[-50.4604,293.874,31.6023],"dipPosition":[-61.8656,318.425,-93.9238],"direction":[-0.0179101,0.0503121,-0.998573],"extended":true,"handId":214,"id":2141,"length":53.9285,"mcpPosition":[-60.4339,310.714,-32.9622],"pipPosition":[-61.4687,317.309,-71.7904],"stabilizedTipPosition":[-80.2042,300.161,-63.763],"timeVisible":0.596802,"tipPosition":[-61.269,316.688,-106.002],"tipVelocity":[26.4191,17.4409,-155.685],"tool":false,"touchDistance":-0.497816,"touchZone":"hovering","type":1,"width":17.738},{"bases":[[[0.994456,-0.0980423,-0.0380139],[0.104546,0.960646,0.257351],[0.0112865,-0.259899,0.96557]],[[0.994461,-0.0981489,-0.0376179],[0.0352934,0.648905,-0.76005],[0.0990085,0.754512,0.648775]],[[0.994461,-0.0981489,-0.0376179],[-0.0840506,-0.527631,-0.845305],[0.0631174,0.843784,-0.532958]],[[0.994461,-0.0981489,-0.0376179],[-0.105111,-0.928617,-0.35584],[-0.00000733149,0.357823,-0.93379]]],"btipPosition":[-46.3658,251.763,-30.3748],"carpPosition":[-39.6216,296.655,30.0888],"dipPosition":[-46.366,257.929,-46.4667],"direction":[-0.0631174,-0.843785,0.532958],"extended":false,"handId":214,"id":2142,"length":61.4471,"mcpPosition":[-40.3437,313.283,-31.688],"pipPosition":[-44.72,279.932,-60.3647],"stabilizedTipPosition":[-68.3303,231.797,13.9089],"timeVisible":0.596802,"tipPosition":[-46.336,253.292,-34.4634],"tipVelocity":[61.0429,7.3182,-103.48],"tool":false,"touchDistance":0.333333,"touchZone":"none","type":2,"width":17.4211},{"bases":[[[0.974548,-0.207357,0.0852007],[0.175635,0.942412,0.284627],[-0.139313,-0.262418,0.954845]],[[0.969751,-0.215407,0.114816],[0.220086,0.568164,-0.792939],[0.10557,0.794222,0.598386]],[[0.969751,-0.215407,0.114816],[-0.0353142,-0.589231,-0.807193],[0.241528,0.778722,-0.579014]],[[0.969751,-0.215407,0.114816],[-0.168055,-0.930323,-0.325971],[0.177032,0.296816,-0.938382]]],"btipPosition":[-33.8872,254.209,-19.4307],"carpPosition":[-28.3954,296.544,29.1487],"dipPosition":[-30.854,259.295,-35.5088],"direction":[-0.241528,-0.778722,0.579014],"extended":false,"handId":214,"id":2143,"length":59.0831,"mcpPosition":[-20.3928,311.618,-25.7004],"pipPosition":[-24.7183,279.077,-50.2179],"stabilizedTipPosition":[-49.8019,238.308,11.1203],"timeVisible":0.596802,"tipPosition":[-32.9833,255.481,-23.9403],"tipVelocity":[48.0561,21.9255,-76.4815],"tool":false,"touchDistance":0.333333,"touchZone":"none","type":3,"width":16.5772},{"bases":[[[0.909368,-0.389179,0.146933],[0.312072,0.871776,0.377646],[-0.275065,-0.297566,0.914218]],[[0.890179,-0.407197,0.204382],[0.414993,0.539509,-0.732606],[0.188049,0.736968,0.649243]],[[0.890179,-0.407197,0.204382],[-0.0557117,-0.542507,-0.838202],[0.452192,0.734763,-0.505614]],[[0.890179,-0.407197,0.204382],[-0.303052,-0.864153,-0.401745],[0.340207,0.295686,-0.892653]]],"btipPosition":[-22.1932,263.87,-17.8081],"carpPosition":[-17.2339,289.796,28.6783],"dipPosition":[-16.8156,268.543,-31.918],"direction":[-0.452192,-0.734763,0.505614],"extended":false,"handId":214,"id":2144,"length":46.32,"mcpPosition":[-2.6075,305.619,-19.9346],"pipPosition":[-8.70508,281.722,-40.9867],"stabilizedTipPosition":[-35.4062,248.654,10.0244],"timeVisible":0.596802,"tipPosition":[-20.6246,264.968,-21.3141],"tipVelocity":[44.9062,31.5222,-116.842],"tool":false,"touchDistance":0.333333,"touchZone":"none","type":4,"width":14.7252}],"r":[[0.875744,0.00787589,0.482711],[-0.0579085,0.994362,0.0888347],[-0.47929,-0.10575,0.871262]],"s":0.907881,"t":[74.2458,101.898,-182.483],"timestamp":2775422126},false],[3,{"currentFrameRate":110.358,"devices":[],"gestures":[],"hands":[{"armBasis":[[0.921988,0.239321,-0.304407],[-0.0542589,0.85823,0.51039],[0.383398,-0.454057,0.804263]],"armWidth":58.4334,"confidence":0.704519,"direction":[0.0115749,0.397233,-0.917645],"elbow":[63.5522,172.403,233.135],"grabStrength":0,"id":214,"palmNormal":[0.0532148,-0.91665,-0.396132],"palmPosition":[-37.5727,300.557,-13.2321],"palmVelocity":[19.5161,19.1274,-137.441],"palmWidth":83.4409,"pinchStrength":0.741002,"r":[[0.873995,0.0145319,0.485717],[-0.0639281,0.994304,0.0852838],[-0.481711,-0.105589,0.869946]],"s":0.91231,"sphereCenter":[-32.1069,269.939,-45.3015],"sphereRadius":43.0793,"stabilizedPalmPosition":[-57.5646,273.53,42.2255],"t":[74.3737,102.048,-183.753],"timeVisible":0.606155,"type":"right","wrist":[-31.3768,284.827,34.0007]}],"id":265264,"interactionBox":{"center":[0,200,0],"size":[235.247,235.247,147.751]},"pointables":[{"bases":[[[0.356462,0.915195,0.188024],[-0.831915,0.219303,0.509728],[0.425267,-0.338119,0.839538]],[[0.252035,0.967705,-0.00500103],[-0.913681,0.239661,0.328251],[0.318849,-0.0781613,0.944577]],[[0.252035,0.967705,-0.00500103],[-0.951858,0.246969,-0.181583],[-0.174484,0.0505255,0.983363]],[[0.252035,0.967705,-0.00500103],[-0.828322,0.213055,-0.518161],[-0.500362,0.134737,0.855268]]],"btipPosition":[-55.3915,272.452,-60.2143],"carpPosition":[-56.9901,273.345,32.1271],"dipPosition":[-66.1302,275.344,-41.8586],"direction":[0.174484,-0.0505255,-0.983363],"extended":false,"handId":214,"id":2140,"length":47.7925,"mcpPosition":[-56.9901,273.345,32.1271],"pipPosition":[-71.5858,276.923,-11.112],"stabilizedTipPosition":[-72.1264,261.124,-25.9133],"timeVisible":0.606155,"tipPosition":[-57.5082,272.111,-56.0225],"tipVelocity":[42.3778,13.6516,-135.816],"tool":false,"touchDistance":-0.472454,"touchZone":"hovering","type":0,"width":18.5699},{"bases":[[[0.986284,0.110315,-0.122776],[-0.0758031,0.963496,0.256767],[0.14662,-0.243938,0.958643]],[[0.996547,0.081954,-0.0133237],[-0.0785484,0.982548,0.168614],[0.0269097,-0.166985,0.985592]],[[0.996547,0.081954,-0.0133237],[-0.081174,0.995384,0.0511948],[0.0174578,-0.0499364,0.9986]],[[0.996547,0.081954,-0.0133237],[-0.0824341,0.995764,-0.0407223],[0.00992991,0.04168,0.999082]]],"btipPosition":[-61.94,317.497,-110.833],"carpPosition":[-50.4455,294.007,30.4604],"dipPosition":[-61.7845,318.15,-95.1796],"direction":[-0.0174578,0.0499364,-0.9986],"extended":true,"handId":214,"id":2141,"length":53.9285,"mcpPosition":[-60.3373,310.465,-34.2152],"pipPosition":[-61.3975,317.044,-73.0455],"stabilizedTipPosition":[-80.1464,300.217,-63.9004],"timeVisible":0.606155,"tipPosition":[-61.1612,316.413,-107.257],"tipVelocity":[21.8677,4.00173,-149.605],"tool":false,"touchDistance":-0.495203,"touchZone":"hovering","type":1,"width":17.738},{"bases":[[[0.9954,-0.0895358,-0.0340927],[0.0952687,0.962686,0.253298],[0.0101413,-0.255381,0.966787]],[[0.99541,-0.089814,-0.0330393],[0.0327455,0.644065,-0.764269],[0.0899215,0.75968,0.64405]],[[0.99541,-0.089814,-0.0330393],[-0.076125,-0.533916,-0.842104],[0.0579925,0.840754,-0.538303]],[[0.99541,-0.089814,-0.0330393],[-0.0956955,-0.931561,-0.350766],[0.000725646,0.352318,-0.93588]]],"btipPosition":[-45.7743,251.64,-31.1853],"carpPosition":[-39.626,296.875,28.9719],"dipPosition":[-45.7618,257.711,-47.3132],"direction":[-0.0579925,-0.840754,0.538303],"extended":false,"handId":214,"id":2142,"length":61.4471,"mcpPosition":[-40.2749,313.214,-32.8827],"pipPosition":[-44.2495,279.636,-61.3506],"stabilizedTipPosition":[-67.9832,232.124,13.158],"timeVisible":0.606155,"tipPosition":[-45.7408,253.147,-35.307],"tipVelocity":[61.7556,0.848605,-98.9603],"tool":false,"touchDistance":0.333333,"touchZone":"none","type":2,"width":17.4211},{"bases":[[[0.97601,-0.198456,0.0895526],[0.166417,0.945197,0.280905],[-0.140392,-0.259263,0.955548]],[[0.970991,-0.20669,0.120233],[0.218036,0.558884,-0.800068],[0.0981701,0.803074,0.587737]],[[0.970991,-0.20669,0.120233],[-0.0287076,-0.59995,-0.799522],[0.237388,0.772877,-0.588479]],[[0.970991,-0.20669,0.120233],[-0.159679,-0.934759,-0.317376],[0.177988,0.288971,-0.940647]]],"btipPosition":[-33.4339,254.262,-19.8328],"carpPosition":[-28.396,296.859,28.0715],"dipPosition":[-30.3843,259.213,-35.9497],"direction":[-0.237388,-0.772877,0.588479],"extended":false,"handId":214,"id":2143,"length":59.0831,"mcpPosition":[-20.3315,311.751,-26.818],"pipPosition":[-24.3538,278.847,-50.8992],"stabilizedTipPosition":[-49.4898,238.621,10.4865],"timeVisible":0.606155,"tipPosition":[-32.5192,255.501,-24.4273],"tipVelocity":[48.2883,16.3799,-67.2503],"tool":false,"touchDistance":0.333333,"touchZone":"none","type":3,"width":16.5772},{"bases":[[[0.912198,-0.380557,0.151892],[0.303135,0.87618,0.374724],[-0.275689,-0.295778,0.91461]],[[0.892794,-0.398617,0.209819],[0.413002,0.538355,-0.734577],[0.179858,0.742481,0.64527]],[[0.892794,-0.398617,0.209819],[-0.0483561,-0.547897,-0.835147],[0.447863,0.735468,-0.508435]],[[0.892794,-0.398617,0.209819],[-0.294308,-0.868787,-0.398235],[0.341031,0.29379,-0.892964]]],"btipPosition":[-21.7705,264.023,-18.6518],"carpPosition":[-17.1746,290.206,27.6711],"dipPosition":[-16.3799,268.667,-32.7666],"direction":[-0.447863,-0.735468,0.508435],"extended":false,"handId":214,"id":2144,"length":46.32,"mcpPosition":[-2.51504,305.933,-20.9627],"pipPosition":[-8.34704,281.858,-41.886],"stabilizedTipPosition":[-35.2294,248.849,9.64509],"timeVisible":0.606155,"tipPosition":[-20.2005,265.118,-22.1715],"tipVelocity":[45.0771,27.0192,-109.321],"tool":false,"touchDistance":0.333333,"touchZone":"none","type":4,"width":14.7252}],"r":[[0.873995,0.0145319,0.485717],[-0.0639281,0.994304,0.0852838],[-0.481711,-0.105589,0.869946]],"s":0.91231,"t":[74.3737,102.048,-183.753],"timestamp":2775431479},false],[4,{"currentFrameRate":110.681,"devices":[],"gestures":[],"hands":[{"armBasis":[[0.922903,0.246266,-0.295977],[-0.0646094,0.856861,0.511484],[0.379572,-0.452927,0.806711]],"armWidth":58.4334,"confidence":0.708606,"direction":[0.0104838,0.395755,-0.918296],"elbow":[62.6688,173.137,232.207],"grabStrength":0,"id":214,"palmNormal":[0.0637852,-0.916741,-0.394356],"palmPosition":[-37.5167,300.866,-14.8134],"palmVelocity":[16.155,23.6564,-150.314],"palmWidth":83.4409,"pinchStrength":0.704183,"r":[[0.872208,0.0217982,0.48865],[-0.0708062,0.994111,0.082038],[-0.483984,-0.106154,0.868614]],"s":0.917503,"sphereCenter":[-31.9705,270.392,-46.7676],"sphereRadius":43.047,"stabilizedPalmPosition":[-57.5394,273.565,42.1537],"t":[74.4657,102.278,-185.179],"timeVisible":0.614618,"type":"right","wrist":[-31.3129,285.281,32.4664]}],"id":265265,"interactionBox":{"center":[0,200,0],"size":[235.247,235.247,147.751]},"pointables":[{"bases":[[[0.34655,0.919089,0.187559],[-0.835728,0.211718,0.50669],[0.425983,-0.332342,0.841479]],[[0.244473,0.969654,-0.0019345],[-0.915726,0.231532,0.328388],[0.318871,-0.0785106,0.944541]],[[0.244473,0.969654,-0.0019345],[-0.953406,0.240012,-0.182785],[-0.176774,0.0465304,0.983151]],[[0.244473,0.969654,-0.0019345],[-0.832352,0.208832,-0.5134],[-0.497416,0.127123,0.858147]]],"btipPosition":[-55.1962,272.947,-61.8637],"carpPosition":[-56.8022,273.537,30.5312],"dipPosition":[-65.8717,275.676,-43.4462],"direction":[0.176774,-0.0465304,-0.983151],"extended":false,"handId":214,"id":2140,"length":47.7925,"mcpPosition":[-56.8022,273.537,30.5312],"pipPosition":[-71.3989,277.13,-12.7063],"stabilizedTipPosition":[-72.0514,261.188,-26.0775],"timeVisible":0.614618,"tipPosition":[-57.2277,272.532,-57.6329],"tipVelocity":[37.7964,24.1895,-150.772],"tool":false,"touchDistance":-0.47807,"touchZone":"hovering","type":0,"width":18.5699},{"bases":[[[0.985502,0.120114,-0.119824],[-0.0864009,0.963116,0.254839],[0.146015,-0.240791,0.959531]],[[0.995634,0.0925403,-0.0121773],[-0.0891186,0.981284,0.170705],[0.0277465,-0.168874,0.985247]],[[0.995634,0.0925403,-0.0121773],[-0.0917708,0.994358,0.0532081],[0.0170325,-0.0518583,0.998509]],[[0.995634,0.0925403,-0.0121773],[-0.092949,0.99491,-0.0389236],[0.00851335,0.0398855,0.999168]]],"btipPosition":[-61.9174,317.684,-112.49],"carpPosition":[-50.4623,294.261,28.8492],"dipPosition":[-61.784,318.309,-96.835],"direction":[-0.0170325,0.0518583,-0.998509],"extended":true,"handId":214,"id":2141,"length":53.9285,"mcpPosition":[-60.3133,310.506,-35.8863],"pipPosition":[-61.4065,317.159,-74.703],"stabilizedTipPosition":[-80.1095,300.252,-63.9913],"timeVisible":0.614618,"tipPosition":[-61.1344,316.6,-108.916],"tipVelocity":[16.7099,8.49974,-161.624],"tool":false,"touchDistance":-0.498863,"touchZone":"hovering","type":1,"width":17.738},{"bases":[[[0.996362,-0.0794811,-0.0307629],[0.0846805,0.964037,0.251917],[0.00963394,-0.253605,0.96726]],[[0.996384,-0.080156,-0.0281875],[0.0282526,0.625412,-0.779783],[0.0801331,0.776167,0.625415]],[[0.996384,-0.080156,-0.0281875],[-0.0680816,-0.554669,-0.829281],[0.0508372,0.828201,-0.558121]],[[0.996384,-0.080156,-0.0281875],[-0.0849664,-0.938024,-0.335995],[0.000491489,0.337174,-0.941442]]],"btipPosition":[-45.1603,251.746,-31.3609],"carpPosition":[-39.6678,297.236,27.3902],"dipPosition":[-45.1519,257.557,-47.5847],"direction":[-0.0508372,-0.828201,0.55812],"extended":false,"handId":214,"id":2142,"length":61.4471,"mcpPosition":[-40.2842,313.462,-34.4947],"pipPosition":[-43.8262,279.154,-62.1388],"stabilizedTipPosition":[-67.6594,232.421,12.4735],"timeVisible":0.614618,"tipPosition":[-45.1357,253.257,-35.8783],"tipVelocity":[64.5386,2.06441,-79.2596],"tool":false,"touchDistance":0.333333,"touchZone":"none","type":2,"width":17.4211},{"bases":[[[0.977682,-0.18838,0.0930103],[0.155914,0.947319,0.279781],[-0.140816,-0.259035,0.955548]],[[0.972579,-0.196715,0.124074],[0.215012,0.557129,-0.802108],[0.0886614,0.80679,0.584148]],[[0.972579,-0.196715,0.124074],[-0.0204494,-0.603743,-0.796917],[0.231674,0.772527,-0.59121]],[[0.972579,-0.196715,0.124074],[-0.149425,-0.937324,-0.314795],[0.178222,0.287623,-0.941015]]],"btipPosition":[-32.9182,254.602,-21.1558],"carpPosition":[-28.4354,297.332,26.5257],"dipPosition":[-29.8646,259.53,-37.279],"direction":[-0.231674,-0.772527,0.59121],"extended":false,"handId":214,"id":2143,"length":59.0831,"mcpPosition":[-20.3465,312.212,-28.3638],"pipPosition":[-23.9792,279.155,-52.2979],"stabilizedTipPosition":[-49.2337,238.874,9.96257],"timeVisible":0.614618,"tipPosition":[-32.0031,255.834,-25.7555],"tipVelocity":[51.6113,22.4124,-90.5066],"tool":false,"touchDistance":0.333333,"touchZone":"none","type":3,"width":16.5772},{"bases":[[[0.915522,-0.371012,0.155464],[0.293023,0.879855,0.374155],[-0.275602,-0.296993,0.914242]],[[0.895958,-0.389299,0.213789],[0.409808,0.539059,-0.735848],[0.171221,0.746902,0.642512]],[[0.895958,-0.389299,0.213789],[-0.0409774,-0.551759,-0.832996],[0.442245,0.737569,-0.510305]],[[0.895958,-0.389299,0.213789],[-0.284704,-0.872866,-0.396293],[0.340885,0.294195,-0.892887]]],"btipPosition":[-21.3632,264.487,-20.0089],"carpPosition":[-17.1458,290.793,26.1726],"dipPosition":[-15.9749,269.137,-34.1226],"direction":[-0.442245,-0.737569,0.510305],"extended":false,"handId":214,"id":2144,"length":46.32,"mcpPosition":[-2.49082,306.585,-22.4416],"pipPosition":[-8.04274,282.366,-43.2754],"stabilizedTipPosition":[-35.0929,249,9.3477],"timeVisible":0.614618,"tipPosition":[-19.7948,265.587,-23.5554],"tipVelocity":[45.8578,34.3101,-122.612],"tool":false,"touchDistance":0.333333,"touchZone":"none","type":4,"width":14.7252}],"r":[[0.872208,0.0217982,0.48865],[-0.0708062,0.994111,0.082038],[-0.483984,-0.106154,0.868614]],"s":0.917503,"t":[74.4657,102.278,-185.179],"timestamp":2775439942},false],[5,{"currentFrameRate":110.518,"devices":[],"gestures":[],"hands":[{"armBasis":[[0.9231,0.254145,-0.288613],[-0.0741899,0.854093,0.514802],[0.377337,-0.453801,0.807268]],"armWidth":58.4334,"confidence":0.711785,"direction":[0.0104682,0.390464,-0.920559],"elbow":[62.252,173.447,231.101],"grabStrength":0,"id":214,"palmNormal":[0.0734476,-0.918423,-0.388722],"palmPosition":[-37.3379,301.061,-16.1715],"palmVelocity":[17.0034,22.8644,-148.936],"palmWidth":83.4409,"pinchStrength":0.675854,"r":[[0.870311,0.0297357,0.491603],[-0.0781302,0.993871,0.0782016],[-0.486265,-0.106469,0.867301]],"s":0.923139,"sphereCenter":[-31.7878,270.577,-47.9054],"sphereRadius":43.0271,"stabilizedPalmPosition":[-57.5191,273.592,42.0952],"t":[74.6011,102.49,-186.571],"timeVisible":0.623955,"type":"right","wrist":[-31.1762,285.808,31.2221]}],"id":265266,"interactionBox":{"center":[0,200,0],"size":[235.247,235.247,147.751]},"pointables":[{"bases":[[[0.337638,0.923224,0.183462],[-0.839508,0.207208,0.502286],[0.425708,-0.323608,0.845015]],[[0.238274,0.971195,-0.00240167],[-0.917321,0.225867,0.327882],[0.31898,-0.0759227,0.944715]],[[0.238274,0.971195,-0.00240167],[-0.954501,0.23372,-0.185209],[-0.179313,0.0464229,0.982696]],[[0.238274,0.971195,-0.00240167],[-0.836781,0.20404,-0.5081],[-0.492975,0.123077,0.861295]]],"btipPosition":[-54.9674,273.208,-63.1963],"carpPosition":[-56.5524,273.826,29.2599],"dipPosition":[-65.5476,275.85,-44.7113],"direction":[0.179313,-0.0464229,-0.982696],"extended":false,"handId":214,"id":2140,"length":47.7925,"mcpPosition":[-56.5524,273.826,29.2599],"pipPosition":[-71.1541,277.301,-13.9855],"stabilizedTipPosition":[-71.9884,261.242,-26.2189],"timeVisible":0.623955,"tipPosition":[-56.8967,272.745,-58.9199],"tipVelocity":[34.697,24.6427,-148.021],"tool":false,"touchDistance":-0.478352,"touchZone":"hovering","type":0,"width":18.5699},{"bases":[[[0.984845,0.128201,-0.116814],[-0.0959422,0.963778,0.24885],[0.144486,-0.233872,0.961472]],[[0.994732,0.101899,-0.0111363],[-0.0985757,0.980726,0.168697],[0.0281118,-0.166711,0.985605]],[[0.994732,0.101899,-0.0111363],[-0.101211,0.993568,0.050774],[0.0162386,-0.0493795,0.998648]],[[0.994732,0.101899,-0.0111363],[-0.102279,0.993877,-0.0418011],[0.00680866,0.0427199,0.999064]]],"btipPosition":[-61.7129,317.367,-114.006],"carpPosition":[-50.3909,294.595,27.4801],"dipPosition":[-61.6062,318.036,-98.3522],"direction":[-0.0162385,0.0493795,-0.998648],"extended":true,"handId":214,"id":2141,"length":53.9285,"mcpPosition":[-60.1388,310.374,-37.3863],"pipPosition":[-61.2463,316.942,-76.2171],"stabilizedTipPosition":[-80.0815,300.279,-64.0619],"timeVisible":0.623955,"tipPosition":[-60.9238,316.309,-110.429],"tipVelocity":[17.9936,-3.20972,-161.833],"tool":false,"touchDistance":-0.50005,"touchZone":"hovering","type":1,"width":17.738},{"bases":[[[0.99714,-0.0707661,-0.026542],[0.0751341,0.966209,0.246568],[0.00819644,-0.247857,0.968762]],[[0.997164,-0.0717465,-0.0227075],[0.0258375,0.609806,-0.792129],[0.0706797,0.789296,0.609931]],[[0.997164,-0.0717465,-0.0227075],[-0.0597594,-0.571544,-0.818393],[0.0457385,0.817429,-0.574211]],[[0.997164,-0.0717465,-0.0227075],[-0.0752351,-0.943642,-0.322304],[0.00169643,0.323098,-0.946364]]],"btipPosition":[-44.4883,251.744,-31.6141],"carpPosition":[-39.6178,297.658,26.0444],"dipPosition":[-44.459,257.312,-47.9227],"direction":[-0.0457385,-0.817429,0.574211],"extended":false,"handId":214,"id":2142,"length":61.4471,"mcpPosition":[-40.1422,313.516,-35.9366],"pipPosition":[-43.2663,278.628,-62.8964],"stabilizedTipPosition":[-67.2503,232.785,11.6291],"timeVisible":0.623955,"tipPosition":[-44.4608,253.205,-36.3148],"tipVelocity":[66.7904,-0.286215,-65.0816],"tool":false,"touchDistance":0.333333,"touchZone":"none","type":2,"width":17.4211},{"bases":[[[0.978957,-0.179103,0.0977974],[0.146406,0.95029,0.274798],[-0.142153,-0.254697,0.956516]],[[0.973729,-0.187416,0.129331],[0.213,0.548839,-0.808336],[0.0805133,0.814648,0.57434]],[[0.973729,-0.187416,0.129331],[-0.0131402,-0.613268,-0.789766],[0.22733,0.767319,-0.599619]],[[0.973729,-0.187416,0.129331],[-0.140503,-0.941461,-0.306447],[0.179194,0.280225,-0.943061]]],"btipPosition":[-32.3619,254.807,-21.865],"carpPosition":[-28.3834,297.849,25.2216],"dipPosition":[-29.2916,259.609,-38.0233],"direction":[-0.22733,-0.767318,0.599619],"extended":false,"handId":214,"id":2143,"length":59.0831,"mcpPosition":[-20.2177,312.48,-29.7235],"pipPosition":[-23.5166,279.101,-53.2558],"stabilizedTipPosition":[-48.9698,239.13,9.42891],"timeVisible":0.623955,"tipPosition":[-31.438,256.007,-26.5228],"tipVelocity":[53.9859,21.409,-86.629],"tool":false,"touchDistance":0.333333,"touchZone":"none","type":3,"width":16.5772},{"bases":[[[0.918187,-0.361915,0.161088],[0.28375,0.884604,0.370082],[-0.276438,-0.294096,0.914926]],[[0.898333,-0.380221,0.220068],[0.407823,0.535516,-0.739529],[0.163334,0.754092,0.636135]],[[0.898333,-0.380221,0.220068],[-0.0339363,-0.559497,-0.828137],[0.438002,0.736475,-0.515518]],[[0.898333,-0.380221,0.220068],[-0.276065,-0.878249,-0.39047],[0.341739,0.290019,-0.893926]]],"btipPosition":[-20.8894,264.802,-20.9517],"carpPosition":[-17.0348,291.409,24.9495],"dipPosition":[-15.4877,269.386,-35.0818],"direction":[-0.438002,-0.736475,0.515518],"extended":false,"handId":214,"id":2144,"length":46.32,"mcpPosition":[-2.33542,307.047,-23.7011],"pipPosition":[-7.63163,282.595,-44.3282],"stabilizedTipPosition":[-34.9615,249.143,9.06228],"timeVisible":0.623955,"tipPosition":[-19.3177,265.889,-24.5358],"tipVelocity":[47.3334,33.6845,-116.598],"tool":false,"touchDistance":0.333333,"touchZone":"none","type":4,"width":14.7252}],"r":[[0.870311,0.0297357,0.491603],[-0.0781302,0.993871,0.0782016],[-0.486265,-0.106469,0.867301]],"s":0.923139,"t":[74.6011,102.49,-186.571],"timestamp":2775449279},false],[6,{"currentFrameRate":110.654,"devices":[],"gestures":[],"hands":[{"armBasis":[[0.921815,0.261398,-0.286232],[-0.0839002,0.855456,0.511033],[0.378442,-0.447063,0.810504]],"armWidth":58.4334,"confidence":0.710158,"direction":[0.0107944,0.391706,-0.920027],"elbow":[62.4811,175.226,230.623],"grabStrength":0,"id":214,"palmNormal":[0.0832052,-0.917242,-0.389544],"palmPosition":[-37.3223,301.176,-17.4564],"palmVelocity":[12.9016,20.2219,-148.169],"palmWidth":83.4409,"pinchStrength":0.665562,"r":[[0.868274,0.0375039,0.494665],[-0.0858063,0.993463,0.0752926],[-0.488607,-0.10782,0.865816]],"s":0.928712,"sphereCenter":[-31.882,270.945,-49.1913],"sphereRadius":42.9749,"stabilizedPalmPosition":[-57.5053,273.611,42.0545],"t":[74.6766,102.653,-187.91],"timeVisible":0.632751,"type":"right","wrist":[-31.2208,285.918,29.9434]}],"id":265267,"interactionBox":{"center":[0,200,0],"size":[235.247,235.247,147.751]},"pointables":[{"bases":[[[0.328664,0.925952,0.185991],[-0.843379,0.19911,0.499065],[0.425078,-0.320885,0.846369]],[[0.231272,0.972885,0.00268139],[-0.919631,0.217711,0.326927],[0.317479,-0.0780749,0.945046]],[[0.231272,0.972885,0.00268139],[-0.955417,0.227637,-0.188042],[-0.183554,0.0409269,0.982157]],[[0.231272,0.972885,0.00268139],[-0.839266,0.200901,-0.505244],[-0.492084,0.114598,0.862972]]],"btipPosition":[-54.7141,273.548,-64.6289],"carpPosition":[-56.4813,273.713,27.8616],"dipPosition":[-65.2751,276.008,-46.1079],"direction":[0.183554,-0.0409269,-0.982157],"extended":false,"handId":214,"id":2140,"length":47.7925,"mcpPosition":[-56.4813,273.713,27.8616],"pipPosition":[-71.0142,277.287,-15.399],"stabilizedTipPosition":[-71.9421,261.283,-26.3255],"timeVisible":0.632751,"tipPosition":[-56.6105,273.04,-60.3338],"tipVelocity":[33.2442,27.1381,-151.765],"tool":false,"touchDistance":-0.480215,"touchZone":"hovering","type":0,"width":18.5699},{"bases":[[[0.98414,0.137087,-0.112584],[-0.105525,0.962573,0.249636],[0.142593,-0.233797,0.961773]],[[0.993744,0.111309,-0.00912735],[-0.108036,0.978791,0.174061],[0.0283084,-0.171986,0.984693]],[[0.993744,0.111309,-0.00912735],[-0.110633,0.992289,0.055874],[0.0152763,-0.0545147,0.998396]],[[0.993744,0.111309,-0.00912735],[-0.111574,0.993063,-0.0371097],[0.00493338,0.0378959,0.99927]]],"btipPosition":[-61.6485,317.703,-115.335],"carpPosition":[-50.4972,294.539,26.1329],"dipPosition":[-61.5712,318.297,-99.6783],"direction":[-0.0152763,0.0545147,-0.998396],"extended":true,"handId":214,"id":2141,"length":53.9285,"mcpPosition":[-60.1173,310.313,-38.7539],"pipPosition":[-61.2326,317.088,-77.5488],"stabilizedTipPosition":[-80.063,300.296,-64.1096],"timeVisible":0.632751,"tipPosition":[-60.8519,316.63,-111.763],"tipVelocity":[14.9122,7.41249,-158.926],"tool":false,"touchDistance":-0.498306,"touchZone":"hovering","type":1,"width":17.738},{"bases":[[[0.99783,-0.0618771,-0.0225066],[0.065531,0.966525,0.248064],[0.00640376,-0.249,0.968482]],[[0.997849,-0.0630481,-0.0179488],[0.0242016,0.608779,-0.79297],[0.0609222,0.79083,0.608996]],[[0.997849,-0.0630481,-0.0179488],[-0.0509199,-0.573043,-0.817942],[0.0412842,0.817096,-0.575021]],[[0.997849,-0.0630481,-0.0179488],[-0.0654659,-0.944309,-0.322483],[0.00338269,0.322964,-0.946405]]],"btipPosition":[-43.9833,251.802,-32.8319],"carpPosition":[-39.7459,297.7,24.7454],"dipPosition":[-43.925,257.367,-49.1412],"direction":[-0.0412842,-0.817096,0.575021],"extended":false,"handId":214,"id":2142,"length":61.4471,"mcpPosition":[-40.1556,313.63,-37.2177],"pipPosition":[-42.8485,278.675,-64.1361],"stabilizedTipPosition":[-66.8767,233.11,10.8554],"timeVisible":0.632751,"tipPosition":[-43.9452,253.26,-37.525],"tipVelocity":[64.4683,1.53829,-84.8459],"tool":false,"touchDistance":0.333333,"touchZone":"none","type":2,"width":17.4211},{"bases":[[[0.980098,-0.170529,0.101623],[0.136825,0.951204,0.276568],[-0.143827,-0.25716,0.955606]],[[0.974714,-0.17907,0.133665],[0.211038,0.541074,-0.814065],[0.0734522,0.821689,0.565184]],[[0.974714,-0.17907,0.133665],[-0.00684289,-0.621811,-0.783138],[0.223351,0.762421,-0.607313]],[[0.974714,-0.17907,0.133665],[-0.132242,-0.944436,-0.300918],[0.180123,0.275633,-0.944236]]],"btipPosition":[-32.0182,255.005,-22.4743],"carpPosition":[-28.5104,297.991,23.9693],"dipPosition":[-28.932,259.728,-38.6527],"direction":[-0.223351,-0.762421,0.607313],"extended":false,"handId":214,"id":2143,"length":59.0831,"mcpPosition":[-20.2485,312.763,-30.9236],"pipPosition":[-23.2581,279.096,-54.0806],"stabilizedTipPosition":[-48.7395,239.351,8.96441],"timeVisible":0.632751,"tipPosition":[-31.0753,256.19,-27.2679],"tipVelocity":[50.0813,21.1544,-82.0955],"tool":false,"touchDistance":0.333333,"touchZone":"none","type":3,"width":16.5772},{"bases":[[[0.920694,-0.353952,0.164438],[0.274352,0.88662,0.372339],[-0.277584,-0.297697,0.913413]],[[0.900437,-0.372771,0.224176],[0.40578,0.534179,-0.741617],[0.156704,0.758745,0.632257]],[[0.900437,-0.372771,0.224176],[-0.0280174,-0.563994,-0.825303],[0.434083,0.736853,-0.518285]],[[0.900437,-0.372771,0.224176],[-0.268066,-0.881408,-0.388924],[0.34257,0.290107,-0.893579]]],"btipPosition":[-20.6255,265.078,-21.9147],"carpPosition":[-17.104,291.652,23.7362],"dipPosition":[-15.2106,269.663,-36.0393],"direction":[-0.434083,-0.736853,0.518285],"extended":false,"handId":214,"id":2144,"length":46.32,"mcpPosition":[-2.34365,307.482,-24.834],