{"sensorType":"Leap","data":[[0,{"currentFrameRate":110.441,"devices":[],"gestures":[],"hands":[{"armBasis":[[0.929082,0.209079,-0.305109],[-0.0287874,0.863277,0.503909],[0.368751,-0.45939,0.808074]],"armWidth":58.4334,"confidence":0.701617,"direction":[0.0177839,0.415358,-0.909484],"elbow":[70.1655,175.813,235.838],"grabStrength":0,"id":211,"palmNormal":[0.0271415,-0.909494,-0.414831],"palmPosition":[-27.1353,306.402,-11.1133],"palmVelocity":[-14.7747,28.7791,-100.636],"palmWidth":83.4409,"pinchStrength":0.575708,"r":[[0.738969,0.236548,0.630848],[-0.272406,0.961293,-0.0413603],[-0.616214,-0.141283,0.774803]],"s":1.03588,"sphereCenter":[-29.114,278.155,-44.0839],"sphereRadius":42.9156,"stabilizedPalmPosition":[-37.9833,271.158,63.6681],"t":[113.158,143.726,-182.636],"timeVisible":0.813677,"type":"right","wrist":[-21.1368,289.558,35.7595]}],"id":264122,"interactionBox":{"center":[0,200,0],"size":[235.247,235.247,147.751]},"pointables":[{"bases":[[[0.38138,0.90149,0.204611],[-0.823449,0.23071,0.518368],[0.420098,-0.366182,0.830319]],[[0.302805,0.951309,0.0576188],[-0.87324,0.25272,0.416635],[0.381787,-0.176474,0.907246]],[[0.302805,0.951309,0.0576188],[-0.943015,0.307819,-0.12637],[-0.137953,-0.0160699,0.990308]],[[0.302805,0.951309,0.0576188],[-0.791968,0.284797,-0.540071],[-0.530184,0.117904,0.839645]]],"btipPosition":[-48.8375,284.844,-56.7269],"carpPosition":[-47.0529,278.794,33.7875],"dipPosition":[-60.2162,287.375,-38.7065],"direction":[0.137953,0.0160699,-0.990308],"extended":false,"handId":211,"id":2110,"length":47.7925,"mcpPosition":[-47.0529,278.794,33.7875],"pipPosition":[-64.5296,286.872,-7.74274],"stabilizedTipPosition":[-60.1808,261.494,-12.2526],"timeVisible":0.813677,"tipPosition":[-50.9667,284.113,-52.6673],"tipVelocity":[-19.2751,47.752,-94.757],"tool":false,"touchDistance":-0.450296,"touchZone":"touching","type":0,"width":18.5699},{"bases":[[[0.988271,0.0868011,-0.125646],[-0.0491341,0.95974,0.27656],[0.144593,-0.267143,0.952747]],[[0.996998,0.0637183,-0.0439919],[-0.0506954,0.966621,0.251143],[0.058526,-0.248159,0.96695]],[[0.996998,0.0637183,-0.0439919],[-0.0570932,0.988756,0.138209],[0.0523037,-0.135282,0.989426]],[[0.996998,0.0637183,-0.0439919],[-0.061641,0.996988,0.047065],[0.0468584,-0.044212,0.997923]]],"btipPosition":[-53.9271,330.797,-107.436],"carpPosition":[-39.9727,299.306,32.5044],"dipPosition":[-53.193,330.105,-91.8],"direction":[-0.0523037,0.135282,-0.989426],"extended":true,"handId":211,"id":2111,"length":53.9285,"mcpPosition":[-49.7278,317.329,-31.7735],"pipPosition":[-52.0336,327.106,-69.8693],"stabilizedTipPosition":[-62.6902,303.078,-53.5937],"timeVisible":0.813677,"tipPosition":[-53.155,329.344,-103.993],"tipVelocity":[-25.9285,36.1153,-101.045],"tool":false,"touchDistance":-0.46119,"touchZone":"touching","type":1,"width":17.738},{"bases":[[[0.992518,-0.114981,-0.0410647],[0.121839,0.9545,0.272187],[0.00789977,-0.275154,0.961368]],[[0.992534,-0.118736,-0.0279067],[0.0509768,0.611675,-0.789465],[0.110807,0.782148,0.613161]],[[0.992534,-0.118736,-0.0279067],[-0.0852112,-0.511305,-0.855164],[0.0872695,0.851157,-0.517605]],[[0.992534,-0.118736,-0.0279067],[-0.119414,-0.899349,-0.42061],[0.0248434,0.420802,-0.906812]]],"btipPosition":[-37.1955,255.503,-28.4679],"carpPosition":[-29.0883,301.918,31.0179],"dipPosition":[-36.7673,262.755,-44.0949],"direction":[-0.0872695,-0.851157,0.517605],"extended":false,"handId":211,"id":2112,"length":61.4471,"mcpPosition":[-29.5938,319.522,-30.49],"pipPosition":[-34.4916,284.95,-57.5926],"stabilizedTipPosition":[-61.198,223.058,49.1285],"timeVisible":0.813677,"tipPosition":[-37.062,257.351,-32.4862],"tipVelocity":[-9.42458,22.3888,-83.8097],"tool":false,"touchDistance":0.333333,"touchZone":"none","type":2,"width":17.4211},{"bases":[[[0.970835,-0.225844,0.0804551],[0.192628,0.934588,0.299065],[-0.142735,-0.274845,0.950835]],[[0.964021,-0.237135,0.120128],[0.235831,0.554401,-0.798138],[0.122667,0.797751,0.590378]],[[0.964021,-0.237135,0.120128],[-0.029411,-0.544276,-0.83839],[0.264194,0.804693,-0.531668]],[[0.964021,-0.237135,0.120128],[-0.168178,-0.894037,-0.415228],[0.205864,0.380086,-0.901751]]],"btipPosition":[-24.9327,257.772,-19.7923],"carpPosition":[-17.867,301.624,30.059],"dipPosition":[-21.4054,264.284,-35.2428],"direction":[-0.264194,-0.804693,0.531668],"extended":false,"handId":211,"id":2113,"length":59.0831,"mcpPosition":[-9.66792,317.412,-24.5598],"pipPosition":[-14.6939,284.726,-48.7491],"stabilizedTipPosition":[-42.0483,228.328,41.7477],"timeVisible":0.813677,"tipPosition":[-23.9621,259.395,-23.8549],"tipVelocity":[-11.9076,25.7243,-79.4249],"tool":false,"touchDistance":0.333333,"touchZone":"none","type":3,"width":16.5772},{"bases":[[[0.902528,-0.407432,0.139436],[0.327911,0.860105,0.390759],[-0.279137,-0.306949,0.909871]],[[0.838931,-0.455297,0.29816],[0.507623,0.457062,-0.730352],[0.19625,0.764067,0.614562]],[[0.838931,-0.455297,0.29816],[-0.000825378,-0.548912,-0.835879],[0.544237,0.700999,-0.460875]],[[0.838931,-0.455297,0.29816],[-0.288966,-0.836887,-0.464886],[0.461188,0.303849,-0.833656]]],"btipPosition":[-15.3991,268.859,-17.3997],"carpPosition":[-6.82721,294.688,29.466],"dipPosition":[-8.10925,273.661,-30.577],"direction":[-0.544237,-0.700999,0.460875],"extended":false,"handId":211,"id":2114,"length":46.32,"mcpPosition":[8.01574,311.01,-18.9158],"pipPosition":[1.65223,286.235,-38.8433],"stabilizedTipPosition":[-28.0173,239.949,38.4724],"timeVisible":0.813677,"tipPosition":[-13.5327,270.07,-20.7706],"tipVelocity":[-13.179,27.1061,-84.0438],"tool":false,"touchDistance":0.333333,"touchZone":"none","type":4,"width":14.7252}],"r":[[0.738969,0.236548,0.630848],[-0.272406,0.961293,-0.0413603],[-0.616214,-0.141283,0.774803]],"s":1.03588,"t":[113.158,143.726,-182.636],"timestamp":2764937484},false],[1,{"currentFrameRate":110.597,"devices":[],"gestures":[],"hands":[{"armBasis":[[0.93114,0.210115,-0.298043],[-0.0346734,0.864625,0.50122],[0.363009,-0.456372,0.812372]],"armWidth":58.4334,"confidence":0.670463,"direction":[0.0211809,0.416076,-0.909083],"elbow":[68.2167,177.038,234.93],"grabStrength":0,"id":211,"palmNormal":[0.03278,-0.909087,-0.415314],"palmPosition":[-27.4703,306.891,-13.105],"palmVelocity":[-21.0703,36.0431,-134.621],"palmWidth":83.4409,"pinchStrength":0.565625,"r":[[0.737367,0.238536,0.631974],[-0.273935,0.960785,-0.0430255],[-0.617454,-0.141394,0.773794]],"s":1.03871,"sphereCenter":[-29.5932,278.765,-46.1043],"sphereRadius":42.936,"stabilizedPalmPosition":[-37.9638,271.225,63.5251],"t":[112.908,144.057,-184.047],"timeVisible":0.822443,"type":"right","wrist":[-21.664,290.036,33.7879]}],"id":264123,"interactionBox":{"center":[0,200,0],"size":[235.247,235.247,147.751]},"pointables":[{"bases":[[[0.376905,0.902754,0.207313],[-0.827107,0.227274,0.514044],[0.416938,-0.365215,0.832334]],[[0.300878,0.951552,0.0634103],[-0.874677,0.248853,0.415947],[0.380015,-0.180613,0.907175]],[[0.300878,0.951552,0.0634103],[-0.943028,0.306767,-0.128809],[-0.142021,-0.0210418,0.98964]],[[0.300878,0.951552,0.0634103],[-0.792522,0.28647,-0.538371],[-0.530453,0.11173,0.840319]]],"btipPosition":[-49.0994,285.705,-58.8372],"carpPosition":[-47.5288,279.177,31.6674],"dipPosition":[-60.4839,288.103,-40.8024],"direction":[0.142021,0.0210418,-0.98964],"extended":false,"handId":211,"id":2110,"length":47.7925,"mcpPosition":[-47.5288,279.177,31.6674],"pipPosition":[-64.9244,287.445,-9.85951],"stabilizedTipPosition":[-60.0321,261.929,-12.9981],"timeVisible":0.822443,"tipPosition":[-51.1866,284.943,-54.7698],"tipVelocity":[-22.1615,60.3596,-133.852],"tool":false,"touchDistance":-0.465205,"touchZone":"touching","type":0,"width":18.5699},{"bases":[[[0.988609,0.0905648,-0.12021],[-0.0542076,0.959351,0.27696],[0.140406,-0.267289,0.953332]],[[0.996841,0.0681183,-0.0408469],[-0.0555651,0.965558,0.254184],[0.0567547,-0.251111,0.966293]],[[0.996841,0.0681183,-0.0408469],[-0.0617292,0.988047,0.141255],[0.0499808,-0.138288,0.98913]],[[0.996841,0.0681183,-0.0408469],[-0.0660502,0.996562,0.0500068],[0.0441129,-0.0471509,0.997913]]],"btipPosition":[-54.0258,331.447,-109.51],"carpPosition":[-40.5182,299.716,30.4372],"dipPosition":[-53.3346,330.708,-93.8742],"direction":[-0.0499808,0.138288,-0.98913],"extended":true,"handId":211,"id":2111,"length":53.9285,"mcpPosition":[-49.9908,317.749,-33.8801],"pipPosition":[-52.2268,327.643,-71.9501],"stabilizedTipPosition":[-62.6496,303.208,-53.8349],"timeVisible":0.822443,"tipPosition":[-53.236,330.015,-106.067],"tipVelocity":[-22.2912,45.9797,-137.443],"tool":false,"touchDistance":-0.474515,"touchZone":"touching","type":1,"width":17.738},{"bases":[[[0.993148,-0.111261,-0.0357475],[0.116805,0.95475,0.273513],[0.00369846,-0.275815,0.961204]],[[0.993105,-0.115045,-0.0225236],[0.0530361,0.612272,-0.788866],[0.104545,0.782232,0.614152]],[[0.993105,-0.115045,-0.0225236],[-0.078615,-0.511054,-0.855946],[0.0869611,0.851815,-0.516574]],[[0.993105,-0.115045,-0.0225236],[-0.113765,-0.899454,-0.421949],[0.0282839,0.421602,-0.90634]]],"btipPosition":[-37.2484,255.963,-30.5423],"carpPosition":[-29.6357,302.37,29.0118],"dipPosition":[-36.761,263.228,-46.1612],"direction":[-0.0869611,-0.851815,0.516574],"extended":false,"handId":211,"id":2112,"length":61.4471,"mcpPosition":[-29.8723,320.017,-32.4856],"pipPosition":[-34.4933,285.441,-59.632],"stabilizedTipPosition":[-61.151,223.126,48.9659],"timeVisible":0.822443,"tipPosition":[-37.0996,257.814,-34.5555],"tipVelocity":[-8.09868,30.5482,-124.789],"tool":false,"touchDistance":0.333333,"touchZone":"none","type":2,"width":17.4211},{"bases":[[[0.971217,-0.222292,0.085575],[0.18752,0.935082,0.300762],[-0.146876,-0.276058,0.949852]],[[0.964138,-0.233766,0.125663],[0.237384,0.54783,-0.802204],[0.118686,0.803266,0.583676]],[[0.964138,-0.233766,0.125663],[-0.0251648,-0.551871,-0.83355],[0.264205,0.800495,-0.537962]],[[0.964138,-0.233766,0.125663],[-0.163984,-0.896997,-0.410493],[0.208678,0.375165,-0.903163]]],"btipPosition":[-25.1214,258.301,-21.2225],"carpPosition":[-18.4083,302.119,28.1137],"dipPosition":[-21.5459,264.729,-36.6972],"direction":[-0.264205,-0.800495,0.537962],"extended":false,"handId":211,"id":2113,"length":59.0831,"mcpPosition":[-9.97125,317.976,-26.4486],"pipPosition":[-14.8341,285.064,-50.3634],"stabilizedTipPosition":[-41.9847,228.441,41.5091],"timeVisible":0.822443,"tipPosition":[-24.123,259.901,-25.4397],"tipVelocity":[-14.1503,34.4255,-102.075],"tool":false,"touchDistance":0.333333,"touchZone":"none","type":3,"width":16.5772},{"bases":[[[0.903267,-0.404175,0.144056],[0.32258,0.861037,0.393138],[-0.282934,-0.308639,0.908124]],[[0.839048,-0.452358,0.302277],[0.509783,0.459594,-0.727251],[0.190053,0.764295,0.616225]],[[0.839048,-0.452358,0.302277],[0.00576363,-0.548176,-0.836343],[0.544027,0.703474,-0.457339]],[[0.839048,-0.452358,0.302277],[-0.283265,-0.837573,-0.467153],[0.4645,0.30634,-0.830901]]],"btipPosition":[-15.5573,269.393,-19.3578],"carpPosition":[-7.33967,295.224,27.5759],"dipPosition":[-8.2151,274.235,-32.4916],"direction":[-0.544027,-0.703474,0.457339],"extended":false,"handId":211,"id":2114,"length":46.32,"mcpPosition":[7.70518,311.636,-20.713],"pipPosition":[1.54261,286.853,-40.6945],"stabilizedTipPosition":[-27.959,240.075,38.2216],"timeVisible":0.822443,"tipPosition":[-13.6806,270.615,-22.7125],"tipVelocity":[-14.1175,36.479,-121.149],"tool":false,"touchDistance":0.333333,"touchZone":"none","type":4,"width":14.7252}],"r":[[0.737367,0.238536,0.631974],[-0.273935,0.960785,-0.0430255],[-0.617454,-0.141394,0.773794]],"s":1.03871,"t":[112.908,144.057,-184.047],"timestamp":2764946250},false],[2,{"currentFrameRate":110.6,"devices":[],"gestures":[],"hands":[{"armBasis":[[0.929876,0.21691,-0.297119],[-0.0412872,0.864103,0.501619],[0.365548,-0.454176,0.812465]],"armWidth":58.4334,"confidence":0.675679,"direction":[0.0211573,0.413936,-0.91006],"elbow":[68.4392,177.944,233.639],"grabStrength":0,"id":211,"palmNormal":[0.0393741,-0.909903,-0.412949],"palmPosition":[-27.8497,307.102,-14.477],"palmVelocity":[-26.8346,32.5212,-139.366],"palmWidth":83.4409,"pinchStrength":0.5633,"r":[[0.735448,0.241325,0.63315],[-0.276285,0.960022,-0.0449884],[-0.618695,-0.141843,0.772721]],"s":1.04107,"sphereCenter":[-30.0898,278.991,-47.4076],"sphereRadius":42.9205,"stabilizedPalmPosition":[-37.948,271.281,63.4036],"t":[112.593,144.328,-185.439],"timeVisible":0.831479,"type":"right","wrist":[-22.0701,290.398,32.4734]}],"id":264124,"interactionBox":{"center":[0,200,0],"size":[235.247,235.247,147.751]},"pointables":[{"bases":[[[0.370906,0.905517,0.206076],[-0.829855,0.22357,0.511231],[0.416856,-0.360632,0.834371]],[[0.295577,0.953244,0.0629257],[-0.876862,0.244572,0.41388],[0.379139,-0.177511,0.908154]],[[0.295577,0.953244,0.0629257],[-0.944226,0.301519,-0.132374],[-0.145158,-0.0202895,0.9892]],[[0.295577,0.953244,0.0629257],[-0.793137,0.281581,-0.540042],[-0.53251,0.109715,0.839283]]],"btipPosition":[-49.2515,285.784,-60.2034],"carpPosition":[-47.8633,279.379,30.31],"dipPosition":[-60.6802,288.139,-42.1909],"direction":[0.145158,0.0202895,-0.9892],"extended":false,"handId":211,"id":2110,"length":47.7925,"mcpPosition":[-47.8633,279.379,30.31],"pipPosition":[-65.2188,287.504,-11.2617],"stabilizedTipPosition":[-59.9169,262.274,-13.6069],"timeVisible":0.831479,"tipPosition":[-51.3619,285.048,-56.1371],"tipVelocity":[-21.0038,45.8356,-138.787],"tool":false,"touchDistance":-0.467588,"touchZone":"touching","type":0,"width":18.5699},{"bases":[[[0.988371,0.096212,-0.117756],[-0.0607263,0.959693,0.274413],[0.139411,-0.264071,0.954375]],[[0.996378,0.0746771,-0.0406711],[-0.061958,0.965149,0.25426],[0.0582411,-0.250819,0.96628]],[[0.996378,0.0746771,-0.0406711],[-0.0682507,0.987607,0.141331],[0.0507213,-0.138044,0.989127]],[[0.996378,0.0746771,-0.0406711],[-0.0726161,0.996106,0.049993],[0.0442461,-0.0468585,0.997921]]],"btipPosition":[-54.4904,331.448,-110.969],"carpPosition":[-40.9729,299.956,29.0475],"dipPosition":[-53.7972,330.714,-95.3337],"direction":[-0.0507213,0.138044,-0.989127],"extended":true,"handId":211,"id":2111,"length":53.9285,"mcpPosition":[-50.3784,317.772,-35.3402],"pipPosition":[-52.673,327.654,-73.4097],"stabilizedTipPosition":[-62.6182,303.314,-54.037],"timeVisible":0.831479,"tipPosition":[-53.6718,330.05,-107.524],"tipVelocity":[-30.3026,33.3847,-144.08],"tool":false,"touchDistance":-0.477291,"touchZone":"touching","type":1,"width":17.738},{"bases":[[[0.993892,-0.105373,-0.0327777],[0.110319,0.956112,0.271441],[0.00273665,-0.273399,0.961897]],[[0.993835,-0.109142,-0.0194791],[0.05155,0.610469,-0.79036],[0.0981527,0.784484,0.612332]],[[0.993835,-0.109142,-0.0194791],[-0.0731679,-0.513691,-0.85485],[0.0832936,0.851005,-0.51851]],[[0.993835,-0.109142,-0.0194791],[-0.107195,-0.901139,-0.420069],[0.0282937,0.419567,-0.907283]]],"btipPosition":[-37.2759,256.067,-31.8064],"carpPosition":[-30.1026,302.672,27.6449],"dipPosition":[-36.7883,263.297,-47.4415],"direction":[-0.0832936,-0.851005,0.51851],"extended":false,"handId":211,"id":2112,"length":61.4471,"mcpPosition":[-30.2777,320.164,-33.8969],"pipPosition":[-34.6162,285.489,-60.9628],"stabilizedTipPosition":[-61.1161,223.176,48.8431],"timeVisible":0.831479,"tipPosition":[-37.1269,257.908,-35.8208],"tipVelocity":[-6.70232,25.0557,-129.065],"tool":false,"touchDistance":0.333333,"touchZone":"none","type":2,"width":17.4211},{"bases":[[[0.972299,-0.216231,0.0887621],[0.181077,0.936937,0.29893],[-0.147803,-0.274577,0.950138]],[[0.965149,-0.227692,0.129014],[0.236289,0.54626,-0.803596],[0.112497,0.806075,0.581023]],[[0.965149,-0.227692,0.129014],[-0.019719,-0.554851,-0.831716],[0.260958,0.800186,-0.540003]],[[0.965149,-0.227692,0.129014],[-0.157545,-0.899153,-0.408292],[0.208968,0.373737,-0.903688]]],"btipPosition":[-25.2004,258.5,-22.4052],"carpPosition":[-18.8715,302.486,26.7779],"dipPosition":[-21.6199,264.904,-37.8889],"direction":[-0.260958,-0.800186,0.540003],"extended":false,"handId":211,"id":2113,"length":59.0831,"mcpPosition":[-10.3813,318.258,-27.8008],"pipPosition":[-14.9906,285.231,-51.6069],"stabilizedTipPosition":[-41.9349,228.53,41.3185],"timeVisible":0.831479,"tipPosition":[-24.2029,260.092,-26.6173],"tipVelocity":[-12.6251,30.8464,-110.077],"tool":false,"touchDistance":0.333333,"touchZone":"none","type":3,"width":16.5772},{"bases":[[[0.905283,-0.398374,0.147513],[0.316327,0.863936,0.391857],[-0.283548,-0.308079,0.908123]],[[0.841093,-0.44646,0.305347],[0.508612,0.460718,-0.72736],[0.184058,0.76708,0.614582]],[[0.841093,-0.44646,0.305347],[0.0109792,-0.550318,-0.834883],[0.54078,0.705566,-0.457966]],[[0.841093,-0.44646,0.305347],[-0.277049,-0.84045,-0.465712],[0.464551,0.307111,-0.830587]]],"btipPosition":[-15.6935,269.656,-20.5867],"carpPosition":[-7.76028,295.656,26.2873],"dipPosition":[-8.35046,274.51,-33.7156],"direction":[-0.54078,-0.705566,0.457966],"extended":false,"handId":211,"id":2114,"length":46.32,"mcpPosition":[7.31719,312.038,-22.0015],"pipPosition":[1.34901,287.165,-41.9297],"stabilizedTipPosition":[-27.914,240.174,38.0222],"timeVisible":0.831479,"tipPosition":[-13.8196,270.88,-23.9402],"tipVelocity":[-14.3739,34.5256,-125.206],"tool":false,"touchDistance":0.333333,"touchZone":"none","type":4,"width":14.7252}],"r":[[0.735448,0.241325,0.63315],[-0.276285,0.960022,-0.0449884],[-0.618695,-0.141843,0.772721]],"s":1.04107,"t":[112.593,144.328,-185.439],"timestamp":2764955286},false],[3,{"currentFrameRate":110.556,"devices":[],"gestures":[],"hands":[{"armBasis":[[0.930929,0.220799,-0.290895],[-0.0481753,0.863818,0.501495],[0.36201,-0.452842,0.81479]],"armWidth":58.4334,"confidence":0.680178,"direction":[0.0207607,0.408971,-0.912311],"elbow":[67.2607,178.595,233.402],"grabStrength":0,"id":211,"palmNormal":[0.0462472,-0.911924,-0.407745],"palmPosition":[-28.1426,307.122,-15.3967],"palmVelocity":[-28.2966,24.107,-128.657],"palmWidth":83.4409,"pinchStrength":0.547661,"r":[[0.733279,0.245209,0.634173],[-0.279372,0.958994,-0.0477733],[-0.619882,-0.142139,0.771714]],"s":1.04372,"sphereCenter":[-30.4133,278.829,-48.214],"sphereRadius":42.9735,"stabilizedPalmPosition":[-37.9356,271.326,63.3041],"t":[112.29,144.474,-186.594],"timeVisible":0.840602,"type":"right","wrist":[-22.3725,290.718,31.6606]}],"id":264125,"interactionBox":{"center":[0,200,0],"size":[235.247,235.247,147.751]},"pointables":[{"bases":[[[0.364566,0.909025,0.201905],[-0.832544,0.221075,0.507934],[0.417088,-0.353271,0.837399]],[[0.292264,0.954212,0.0637281],[-0.87678,0.240745,0.416292],[0.381889,-0.177543,0.906995]],[[0.292264,0.954212,0.0637281],[-0.945249,0.298351,-0.132256],[-0.145214,-0.0215852,0.989165]],[[0.292264,0.954212,0.0637281],[-0.797348,0.279927,-0.534675],[-0.528033,0.105453,0.842651]]],"btipPosition":[-49.6973,286.06,-61.0358],"carpPosition":[-48.0889,279.522,29.4958],"dipPosition":[-61.0299,288.324,-42.9509],"direction":[0.145214,0.0215852,-0.989165],"extended":false,"handId":211,"id":2110,"length":47.7925,"mcpPosition":[-48.0889,279.522,29.4958],"pipPosition":[-65.5703,287.649,-12.0228],"stabilizedTipPosition":[-59.8294,262.553,-14.104],"timeVisible":0.840602,"tipPosition":[-51.7035,285.262,-56.9412],"tipVelocity":[-28.0708,40.8744,-125.072],"tool":false,"touchDistance":-0.461398,"touchZone":"touching","type":0,"width":18.5699},{"bases":[[[0.988022,0.101915,-0.11587],[-0.0675742,0.960801,0.268879],[0.138731,-0.257829,0.956179]],[[0.99586,0.0813758,-0.0405066],[-0.0687184,0.965668,0.250528],[0.0595028,-0.246707,0.967262]],[[0.99586,0.0813758,-0.0405066],[-0.075115,0.987657,0.137443],[0.0511912,-0.133831,0.989681]],[[0.99586,0.0813758,-0.0405066],[-0.0794991,0.995775,0.045967],[0.044076,-0.0425565,0.998121]]],"btipPosition":[-54.8569,330.883,-112.058],"carpPosition":[-41.3277,300.136,28.1348],"dipPosition":[-54.1663,330.217,-96.419],"direction":[-0.0511912,0.133831,-0.989681],"extended":true,"handId":211,"id":2111,"length":53.9285,"mcpPosition":[-50.6873,317.53,-36.3745],"pipPosition":[-53.0316,327.25,-74.4827],"stabilizedTipPosition":[-62.5955,303.392,-54.1926],"timeVisible":0.840602,"tipPosition":[-54.0194,329.54,-108.604],"tipVelocity":[-33.0606,7.39602,-137.177],"tool":false,"touchDistance":-0.474211,"touchZone":"touching","type":1,"width":17.738},{"bases":[[[0.994627,-0.099152,-0.0297499],[0.103498,0.958305,0.266347],[0.00210063,-0.267995,0.963418]],[[0.994561,-0.102864,-0.0163685],[0.0496357,0.60622,-0.793747],[0.0915708,0.788617,0.608028]],[[0.994561,-0.102864,-0.0163685],[-0.067699,-0.518967,-0.852109],[0.0791566,0.848582,-0.523108]],[[0.994561,-0.102864,-0.0163685],[-0.100345,-0.904118,-0.415332],[0.0279237,0.414716,-0.909522]]],"btipPosition":[-37.1991,255.926,-32.4562],"carpPosition":[-30.4717,302.913,26.7437],"dipPosition":[-36.7179,263.073,-48.1299],"direction":[-0.0791566,-0.848582,0.523108],"extended":false,"handId":211,"id":2112,"length":61.4471,"mcpPosition":[-30.6061,320.06,-34.8954],"pipPosition":[-34.6537,285.202,-61.771],"stabilizedTipPosition":[-61.0918,223.211,48.7572],"timeVisible":0.840602,"tipPosition":[-37.0516,257.746,-36.4775],"tipVelocity":[-2.5477,13.2413,-113.268],"tool":false,"touchDistance":0.333333,"touchZone":"none","type":2,"width":17.4211},{"bases":[[[0.973445,-0.209466,0.0923562],[0.174309,0.93974,0.294117],[-0.148398,-0.270208,0.951297]],[[0.966243,-0.220781,0.132778],[0.235005,0.544103,-0.805434],[0.10558,0.809449,0.577621]],[[0.966243,-0.220781,0.132778],[-0.0137119,-0.558717,-0.829245],[0.257267,0.799431,-0.542884]],[[0.966243,-0.220781,0.132778],[-0.150558,-0.90211,-0.404387],[0.209061,0.370746,-0.904898]]],"btipPosition":[-25.1566,258.49,-23.111],"carpPosition":[-19.2376,302.795,25.9053],"dipPosition":[-21.5745,264.842,-38.6154],"direction":[-0.257267,-0.799431,0.542884],"extended":false,"handId":211,"id":2113,"length":59.0831,"mcpPosition":[-10.7131,318.316,-28.74],"pipPosition":[-15.039,285.151,-52.4067],"stabilizedTipPosition":[-41.8984,228.595,41.1776],"timeVisible":0.840602,"tipPosition":[-24.1659,260.065,-27.2809],"tipVelocity":[-7.77399,21.6184,-101.136],"tool":false,"touchDistance":0.333333,"touchZone":"none","type":3,"width":16.5772},{"bases":[[[0.907455,-0.391705,0.151963],[0.309793,0.868132,0.387782],[-0.28382,-0.304818,0.909138]],[[0.843233,-0.439293,0.309804],[0.507345,0.459926,-0.728745],[0.177646,0.77168,0.610698]],[[0.843233,-0.439293,0.309804],[0.0165304,-0.554865,-0.831776],[0.537293,0.706503,-0.460619]],[[0.843233,-0.439293,0.309804],[-0.270477,-0.844793,-0.4617],[0.464542,0.305526,-0.831177]]],"btipPosition":[-15.7296,269.72,-21.2649],"carpPosition":[-8.08145,296.034,25.4803],"dipPosition":[-8.38669,274.549,-34.4031],"direction":[-0.537293,-0.706503,0.460619],"extended":false,"handId":211,"id":2114,"length":46.32,"mcpPosition":[7.01052,312.243,-22.8625],"pipPosition":[1.25025,287.221,-42.6648],"stabilizedTipPosition":[-27.8804,240.248,37.8715],"timeVisible":0.840602,"tipPosition":[-13.8574,270.938,-24.6189],"tipVelocity":[-11.4812,26.6986,-111.143],"tool":false,"touchDistance":0.333333,"touchZone":"none","type":4,"width":14.7252}],"r":[[0.733279,0.245209,0.634173],[-0.279372,0.958994,-0.0477733],[-0.619882,-0.142139,0.771714]],"s":1.04372,"t":[112.29,144.474,-186.594],"timestamp":2764964409},false],[4,{"currentFrameRate":110.316,"devices":[],"gestures":[],"hands":[{"armBasis":[[0.930966,0.226795,-0.286122],[-0.0561358,0.863266,0.501618],[0.360764,-0.450928,0.816403]],"armWidth":58.4334,"confidence":0.684553,"direction":[0.0186496,0.409266,-0.912225],"elbow":[66.6076,179.304,232.512],"grabStrength":0,"id":211,"palmNormal":[0.0544745,-0.911444,-0.407802],"palmPosition":[-28.5565,307.315,-16.6919],"palmVelocity":[-32.6972,23.0194,-130.902],"palmWidth":83.4409,"pinchStrength":0.53199,"r":[[0.730933,0.24952,0.635199],[-0.283425,0.957687,-0.0500592],[-0.620812,-0.143441,0.770725]],"s":1.04648,"sphereCenter":[-30.8901,279.058,-49.5408],"sphereRadius":43.0098,"stabilizedPalmPosition":[-37.9255,271.365,63.2175],"t":[111.931,144.643,-187.82],"timeVisible":0.850092,"type":"right","wrist":[-22.7172,290.953,30.3715]}],"id":264126,"interactionBox":{"center":[0,200,0],"size":[235.247,235.247,147.751]},"pointables":[{"bases":[[[0.356645,0.912017,0.202555],[-0.835099,0.214017,0.506761],[0.418825,-0.349888,0.837953]],[[0.286662,0.955555,0.0688421],[-0.877178,0.232898,0.419902],[0.385206,-0.180757,0.904955]],[[0.286662,0.955555,0.0688421],[-0.947023,0.293498,-0.130406],[-0.144815,-0.0278127,0.989068]],[[0.286662,0.955555,0.0688421],[-0.801103,0.278495,-0.529787],[-0.525413,0.0967203,0.845332]]],"btipPosition":[-50.1646,286.61,-62.3246],"carpPosition":[-48.3357,279.542,28.1681],"dipPosition":[-61.441,288.685,-44.1822],"direction":[0.144815,0.0278127,-0.989068],"extended":false,"handId":211,"id":2110,"length":47.7925,"mcpPosition":[-48.3357,279.542,28.1681],"pipPosition":[-65.9689,287.816,-13.2572],"stabilizedTipPosition":[-59.7587,262.799,-14.5447],"timeVisible":0.850092,"tipPosition":[-52.1173,285.764,-58.2216],"tipVelocity":[-33.7591,44.4532,-127.756],"tool":false,"touchDistance":-0.462726,"touchZone":"touching","type":0,"width":18.5699},{"bases":[[[0.9873,0.110207,-0.114429],[-0.0760099,0.960161,0.268913],[0.139507,-0.256799,0.956343]],[[0.995063,0.0903038,-0.0411715],[-0.0770589,0.964419,0.252899],[0.0625444,-0.248478,0.966616]],[[0.995063,0.0903038,-0.0411715],[-0.0837462,0.986611,0.13995],[0.0532583,-0.135811,0.989302]],[[0.995063,0.0903038,-0.0411715],[-0.0882839,0.994914,0.0484926],[0.0453412,-0.0446184,0.997975]]],"btipPosition":[-55.5124,331.036,-113.348],"carpPosition":[-41.7455,300.212,26.8196],"dipPosition":[-54.802,330.337,-97.7114],"direction":[-0.0532583,0.135811,-0.989302],"extended":true,"handId":211,"id":2111,"length":53.9285,"mcpPosition":[-51.1574,317.537,-37.7008],"pipPosition":[-53.6216,327.327,-75.7835],"stabilizedTipPosition":[-62.5779,303.459,-54.3272],"timeVisible":0.850092,"tipPosition":[-54.6466,329.717,-109.896],"tipVelocity":[-43.2657,9.66719,-136.839],"tool":false,"touchDistance":-0.474483,"touchZone":"touching","type":1,"width":17.738},{"bases":[[[0.995465,-0.0908107,-0.0283272],[0.0950804,0.959099,0.266627],[0.00295598,-0.268111,0.963384]],[[0.995408,-0.0945892,-0.014715],[0.0456213,0.60389,-0.795761],[0.0841566,0.791435,0.605432]],[[0.995408,-0.0945892,-0.014715],[-0.0621716,-0.521916,-0.850728],[0.0727897,0.847736,-0.5254]],[[0.995408,-0.0945892,-0.014715],[-0.0921695,-0.905509,-0.414196],[0.0258539,0.413651,-0.910069]]],"btipPosition":[-37.1638,256.017,-33.5691],"carpPosition":[-30.9112,303.081,25.4446],"dipPosition":[-36.7183,263.145,-49.2523],"direction":[-0.0727897,-0.847736,0.5254],"extended":false,"handId":211,"id":2112,"length":61.4471,"mcpPosition":[-31.1003,320.234,-36.1923],"pipPosition":[-34.8201,285.252,-62.9532],"stabilizedTipPosition":[-61.0746,223.236,48.696],"timeVisible":0.850092,"tipPosition":[-37.0262,257.837,-37.6401],"tipVelocity":[-0.997061,12.0491,-114.485],"tool":false,"touchDistance":0.333333,"touchZone":"none","type":2,"width":17.4211},{"bases":[[[0.975031,-0.201316,0.0937331],[0.166005,0.941124,0.294496],[-0.147501,-0.271583,0.951045]],[[0.96784,-0.212735,0.134276],[0.231965,0.548107,-0.803599],[0.0973558,0.808902,0.579827]],[[0.96784,-0.212735,0.134276],[-0.00701767,-0.556381,-0.830898],[0.251469,0.803234,-0.539981]],[[0.96784,-0.212735,0.134276],[-0.141902,-0.902397,-0.406871],[0.207726,0.374732,-0.903563]]],"btipPosition":[-25.1386,258.688,-24.5665],"carpPosition":[-19.6752,303.056,24.6224],"dipPosition":[-21.5794,265.109,-40.048],"direction":[-0.251469,-0.803234,0.539981],"extended":false,"handId":211,"id":2113,"length":59.0831,"mcpPosition":[-11.2023,318.657,-30.0084],"pipPosition":[-15.1912,285.514,-53.7655],"stabilizedTipPosition":[-41.8717,228.643,41.0721],"timeVisible":0.850092,"tipPosition":[-24.1681,260.28,-28.6386],"tipVelocity":[-5.15636,21.8756,-115.975],"tool":false,"touchDistance":0.333333,"touchZone":"none","type":3,"width":16.5772},{"bases":[[[0.910485,-0.384111,0.15322],[0.301949,0.870639,0.388348],[-0.282568,-0.30732,0.908686]],[[0.846478,-0.432237,0.31088],[0.50445,0.464317,-0.727969],[0.170308,0.773034,0.611076]],[[0.846478,-0.432237,0.31088],[0.0223542,-0.554528,-0.831865],[0.531954,0.711104,-0.459734]],[[0.846478,-0.432237,0.31088],[-0.262705,-0.84694,-0.462253],[0.4631,0.309617,-0.830467]]],"btipPosition":[-15.8205,270.017,-22.5479],"carpPosition":[-8.46222,296.39,24.2126],"dipPosition":[-8.50037,274.911,-35.6749],"direction":[-0.531954,-0.711104,0.459734],"extended":false,"handId":211,"id":2114,"length":46.32,"mcpPosition":[6.56315,312.731,-24.1062],"pipPosition":[1.0408,287.665,-43.9207],"stabilizedTipPosition":[-27.8549,240.305,37.7536],"timeVisible":0.850092,"tipPosition":[-13.9557,271.251,-25.8965],"tipVelocity":[-11.0932,28.4743,-117.972],"tool":false,"touchDistance":0.333333,"touchZone":"none","type":4,"width":14.7252}],"r":[[0.730933,0.24952,0.635199],[-0.283425,0.957687,-0.0500592],[-0.620812,-0.143441,0.770725]],"s":1.04648,"t":[111.931,144.643,-187.82],"timestamp":2764973899},false],[5,{"currentFrameRate":110.574,"devices":[],"gestures":[],"hands":[{"armBasis":[[0.929004,0.242618,-0.279442],[-0.0740182,0.861668,0.502046],[0.362592,-0.445719,0.818451]],"armWidth":58.4334,"confidence":0.644988,"direction":[0.0173023,0.405487,-0.913937],"elbow":[66.5073,180.909,231.13],"grabStrength":0,"id":211,"palmNormal":[0.0725485,-0.912174,-0.403331],"palmPosition":[-29.0967,307.32,-18.6893],"palmVelocity":[-40.6677,17.0969,-157.738],"palmWidth":83.4409,"pinchStrength":0.522459,"r":[[0.727391,0.256025,0.636674],[-0.289864,0.955593,-0.0531057],[-0.621998,-0.145921,0.769302]],"s":1.04988,"sphereCenter":[-31.2628,279.036,-51.3851],"sphereRadius":43.0235,"stabilizedPalmPosition":[-37.9183,271.394,63.1513],"t":[111.481,144.73,-189.431],"timeVisible":0.858678,"type":"right","wrist":[-23.2701,291.268,28.4825]}],"id":264127,"interactionBox":{"center":[0,200,0],"size":[235.247,235.247,147.751]},"pointables":[{"bases":[[[0.339763,0.918869,0.2006],[-0.84175,0.201944,0.500676],[0.419545,-0.338966,0.842071]],[[0.271379,0.959993,0.0690428],[-0.882425,0.219526,0.416095],[0.384291,-0.173844,0.906696]],[[0.271379,0.959993,0.0690428],[-0.95047,0.278598,-0.137804],[-0.151526,-0.028226,0.98805]],[[0.271379,0.959993,0.0690428],[-0.803228,0.265416,-0.533273],[-0.530263,0.0892619,0.843121]]],"btipPosition":[-50.1491,286.336,-64.3189],"carpPosition":[-48.6759,279.411,26.1743],"dipPosition":[-61.5295,288.251,-46.2239],"direction":[0.151526,0.028226,-0.98805],"extended":false,"handId":211,"id":2110,"length":47.7925,"mcpPosition":[-48.6759,279.411,26.1743],"pipPosition":[-66.2673,287.369,-15.3308],"stabilizedTipPosition":[-59.7122,262.958,-14.8479],"timeVisible":0.858678,"tipPosition":[-52.128,285.476,-60.2261],"tipVelocity":[-25.1114,23.1752,-155.661],"tool":false,"touchDistance":-0.474864,"touchZone":"touching","type":0,"width":18.5699},{"bases":[[[0.985963,0.126566,-0.108893],[-0.094053,0.9599,0.264094],[0.137952,-0.250145,0.95833]],[[0.99348,0.107661,-0.0375007],[-0.0949061,0.963276,0.251182],[0.0631659,-0.245985,0.967213]],[[0.99348,0.107661,-0.0375007],[-0.101519,0.985117,0.138702],[0.0518753,-0.133991,0.989624]],[[0.99348,0.107661,-0.0375007],[-0.105841,0.993246,0.0475457],[0.0423662,-0.0432666,0.998165]]],"btipPosition":[-56.0407,330.4,-115.563],"carpPosition":[-42.4314,300.185,24.7726],"dipPosition":[-55.3769,329.722,-99.9232],"direction":[-0.0518753,0.133991,-0.989624],"extended":true,"handId":211,"id":2111,"length":53.9285,"mcpPosition":[-51.7384,317.061,-39.8819],"pipPosition":[-54.227,326.752,-77.9882],"stabilizedTipPosition":[-62.5659,303.507,-54.4307],"timeVisible":0.858678,"tipPosition":[-55.159,329.099,-112.106],"tipVelocity":[-48.4108,-12.268,-168.767],"tool":false,"touchDistance":-0.488579,"touchZone":"touching","type":1,"width":17.738},{"bases":[[[0.997027,-0.0738996,-0.0218336],[0.0770414,0.961754,0.262858],[0.00157345,-0.263758,0.964587]],[[0.996946,-0.0776984,-0.00791044],[0.0402344,0.597762,-0.800664],[0.0669388,0.7979,0.599062]],[[0.996946,-0.0776984,-0.00791044],[-0.0480155,-0.529882,-0.846711],[0.0615965,0.844505,-0.531994]],[[0.996946,-0.0776984,-0.00791044],[-0.0741432,-0.909739,-0.408506],[0.0245439,0.407845,-0.912721]]],"btipPosition":[-36.728,255.788,-35.1408],"carpPosition":[-31.6393,303.232,23.4508],"dipPosition":[-36.305,262.817,-50.8696],"direction":[-0.0615965,-0.844505,0.531994],"extended":false,"handId":211,"id":2112,"length":61.4471,"mcpPosition":[-31.74,320.107,-38.2631],"pipPosition":[-34.6988,284.839,-64.7425],"stabilizedTipPosition":[-61.0636,223.251,48.6565],"timeVisible":0.858678,"tipPosition":[-36.5965,257.585,-39.2794],"tipVelocity":[12.4964,1.14984,-132.895],"tool":false,"touchDistance":0.333333,"touchZone":"none","type":2,"width":17.4211},{"bases":[[[0.977728,-0.184198,0.100599],[0.148088,0.945118,0.291241],[-0.148724,-0.269857,0.951346]],[[0.970396,-0.195675,0.141572],[0.226393,0.532773,-0.815413],[0.0841301,0.823325,0.561301]],[[0.970396,-0.195675,0.141572],[0.00315275,-0.575862,-0.817541],[0.241499,0.793785,-0.558197]],[[0.970396,-0.195675,0.141572],[-0.126793,-0.911641,-0.390939],[0.20556,0.361416,-0.909463]]],"btipPosition":[-24.9606,258.806,-25.1859],"carpPosition":[-20.3997,303.396,22.6973],"dipPosition":[-21.4385,264.999,-40.7685],"direction":[-0.241499,-0.793785,0.558197],"extended":false,"handId":211,"id":2113,"length":59.0831,"mcpPosition":[-11.8565,318.898,-31.9508],"pipPosition":[-15.3036,285.164,-54.9488],"stabilizedTipPosition":[-41.854,228.675,41.0024],"timeVisible":0.858678,"tipPosition":[-23.9585,260.345,-29.589],"tipVelocity":[1.41025,18.1254,-105.128],"tool":false,"touchDistance":0.333333,"touchZone":"none","type":3,"width":16.5772},{"bases":[[[0.915944,-0.367805,0.160517],[0.284633,0.877384,0.38624],[-0.282896,-0.308086,0.908324]],[[0.851893,-0.416267,0.317805],[0.500761,0.469748,-0.727032],[0.153351,0.778498,0.608625]],[[0.851893,-0.416267,0.317805],[0.0368923,-0.557622,-0.829275],[0.522415,0.718178,-0.459677]],[[0.851893,-0.416267,0.317805],[-0.245306,-0.8533,-0.460113],[0.462713,0.314008,-0.829033]]],"btipPosition":[-15.686,270.215,-24.2993],"carpPosition":[-9.07221,296.921,22.3862],"dipPosition":[-8.37198,275.178,-37.4036],"direction":[-0.522415,-0.718178,0.459677],"extended":false,"handId":211,"id":2114,"length":46.32,"mcpPosition":[5.97059,313.303,-25.9134],"pipPosition":[0.998093,288.06,-45.6484],"stabilizedTipPosition":[-27.8378,240.344,37.6733],"timeVisible":0.858678,"tipPosition":[-13.8255,271.467,-27.6386],"tipVelocity":[-4.07776,27.5469,-140.5],"tool":false,"touchDistance":0.333333,"touchZone":"none","type":4,"width":14.7252}],"r":[[0.727391,0.256025,0.636674],[-0.289864,0.955593,-0.0531057],[-0.621998,-0.145921,0.769302]],"s":1.04988,"t":[111.481,144.73,-189.431],"timestamp":2764982485},false],[6,{"currentFrameRate":110.459,"devices":[],"gestures":[],"hands":[{"armBasis":[[0.928297,0.255419,-0.270232],[-0.0890975,0.858365,0.505244],[0.361007,-0.44494,0.819575]],"armWidth":58.4334,"confidence":0.626585,"direction":[0.0160631,0.403455,-0.914859],"elbow":[65.5167,181.432,229.78],"grabStrength":0,"id":211,"palmNormal":[0.0878193,-0.91201,-0.400656],"palmPosition":[-29.6872,307.448,-20.3865],"palmVelocity":[-47.1679,16.1986,-164.935],"palmWidth":83.4409,"pinchStrength":0.503594,"r":[[0.723115,0.263633,0.638438],[-0.29771,0.952993,-0.0563283],[-0.623277,-0.149337,0.76761]],"s":1.05451,"sphereCenter":[-31.8767,279.21,-53.0321],"sphereRadius":43.0947,"stabilizedPalmPosition":[-37.9122,271.421,63.0892],"t":[110.961,144.838,-191.085],"timeVisible":0.867936,"type":"right","wrist":[-23.8681,291.599,26.8544]}],"id":264128,"interactionBox":{"center":[0,200,0],"size":[235.247,235.247,147.751]},"pointables":[{"bases":[[[0.325377,0.924193,0.199992],[-0.847123,0.19093,0.495911],[0.420133,-0.330776,0.84503]],[[0.260529,0.962592,0.0744341],[-0.884256,0.206955,0.418641],[0.387576,-0.174887,0.905096]],[[0.260529,0.962592,0.0744341],[-0.95303,0.268743,-0.139685],[-0.154463,-0.0345458,0.987394]],[[0.260529,0.962592,0.0744341],[-0.809473,0.259803,-0.526551],[-0.526193,0.0769298,0.846879]]],"btipPosition":[-50.7063,286.803,-66.0321],"carpPosition":[-49.0873,279.368,24.4479],"dipPosition":[-61.9994,288.454,-47.8565],"direction":[0.154463,0.0345458,-0.987394],"extended":false,"handId":211,"id":2110,"length":47.7925,"mcpPosition":[-49.0873,279.368,24.4479],"pipPosition":[-66.829,287.374,-16.9838],"stabilizedTipPosition":[-59.6776,263.089,-15.1015],"timeVisible":0.867936,"tipPosition":[-52.5678,285.845,-61.9153],"tipVelocity":[-34.3665,29.0086,-163.363],"tool":false,"touchDistance":-0.481131,"touchZone":"touching","type":0,"width":18.5699},{"bases":[[[0.984564,0.140598,-0.104237],[-0.109306,0.959078,0.261192],[0.136694,-0.245767,0.959642]],[[0.991825,0.122639,-0.0352554],[-0.109861,0.961209,0.252997],[0.0649152,-0.247055,0.966824]],[[0.991825,0.122639,-0.0352554],[-0.116523,0.983049,0.141555],[0.052018,-0.136289,0.989302]],[[0.991825,0.122639,-0.0352554],[-0.120767,0.991365,0.0510878],[0.0412164,-0.0464125,0.998072]]],"btipPosition":[-56.7161,330.29,-117.374],"carpPosition":[-43.1377,300.227,23.0253],"dipPosition":[-56.0704,329.562,-101.737],"direction":[-0.052018,0.136289,-0.989302],"extended":true,"handId":211,"id":2111,"length":53.9285,"mcpPosition":[-52.3599,316.808,-41.7177],"pipPosition":[-54.9174,326.542,-79.8086],"stabilizedTipPosition":[-62.5561,303.55,-54.5277],"timeVisible":0.867936,"tipPosition":[-55.8157,328.966,-113.921],"tipVelocity":[-55.4411,-12.5206,-176.353],"tool":false,"touchDistance":-0.495238,"touchZone":"touching","type":1,"width":17.738},{"bases":[[[0.998092,-0.0594719,-0.0166166],[0.0617477,0.963412,0.260815],[0.000497438,-0.261343,0.965246]],[[0.997992,-0.0632944,-0.00247332],[0.0357902,0.595676,-0.802427],[0.0522624,0.800727,0.596745]],[[0.997992,-0.0632944,-0.00247332],[-0.0359065,-0.533124,-0.845275],[0.0521826,0.843666,-0.534326]],[[0.997992,-0.0632944,-0.00247332],[-0.0588371,-0.911835,-0.406319],[0.0234625,0.405649,-0.913728]]],"btipPosition":[-36.4913,255.764,-36.7028],"carpPosition":[-32.3843,303.428,21.7503],"dipPosition":[-36.087,262.755,-52.449],"direction":[-0.0521826,-0.843666,0.534326],"extended":false,"handId":211,"id":2112,"length":61.4471,"mcpPosition":[-32.4162,320.148,-40.0057],"pipPosition":[-34.7262,284.755,-66.3827],"stabilizedTipPosition":[-61.0553,223.263,48.6266],"timeVisible":0.867936,"tipPosition":[-36.3639,257.548,-40.8442],"tipVelocity":[16.0408,-0.174801,-143.091],"tool":false,"touchDistance":0.333333,"touchZone":"none","type":2,"width":17.4211},{"bases":[[[0.979772,-0.169738,0.105995],[0.132883,0.947879,0.289598],[-0.149626,-0.269656,0.951261]],[[0.97234,-0.181303,0.147256],[0.222277,0.524603,-0.821818],[0.0717468,0.831818,0.550392]],[[0.97234,-0.181303,0.147256],[0.0132476,-0.586634,-0.809744],[0.233194,0.789297,-0.568006]],[[0.97234,-0.181303,0.147256],[-0.113089,-0.917065,-0.382365],[0.204367,0.355136,-0.912202]]],"btipPosition":[-24.9148,259.025,-26.0821],"carpPosition":[-21.1446,303.753,21.0532],"dipPosition":[-21.4132,265.11,-41.7117],"direction":[-0.233194,-0.789297,0.568006],"extended":false,"handId":211,"id":2113,"length":59.0831,"mcpPosition":[-12.5496,319.243,-33.5901],"pipPosition":[-15.4893,285.161,-56.1411],"stabilizedTipPosition":[-41.8403,228.699,40.948],"timeVisible":0.867936,"tipPosition":[-23.9041,260.53,-30.611],"tipVelocity":[2.2601,18.9239,-103.115],"tool":false,"touchDistance":0.333333,"touchZone":"none","type":3,"width":16.5772},{"bases":[[[0.920355,-0.354075,0.166064],[0.269911,0.882367,0.385455],[-0.283009,-0.309933,0.90766]],[[0.858175,-0.401988,0.319284],[0.49228,0.468017,-0.733908],[0.145592,0.786998,0.599531]],[[0.858175,-0.401988,0.319284],[0.0413097,-0.565859,-0.823467],[0.511693,0.719868,-0.469]],[[0.858175,-0.401988,0.319284],[-0.234168,-0.860009,-0.453376],[0.456838,0.31431,-0.832171]]],"btipPosition":[-15.7939,270.524,-25.3229],"carpPosition":[-9.72296,297.442,20.8155],"dipPosition":[-8.57277,275.492,-38.4768],"direction":[-0.511693,-0.719868,0.469],"extended":false,"handId":211,"id":2114,"length":46.32,"mcpPosition":[5.32588,313.922,-27.4487],"pipPosition":[0.604987,288.404,-46.8888],"stabilizedTipPosition":[-27.8243,24