{"sensorType":"Leap","data":[[0,{"currentFrameRate":110.466,"devices":[],"gestures":[],"hands":[{"armBasis":[[0.93356,0.0199899,-0.357863],[0.136919,0.902832,0.407613],[0.331238,-0.429529,0.840111]],"armWidth":58.4334,"confidence":0.679367,"direction":[-0.00520204,0.177644,-0.984081],"elbow":[62.3711,198.628,248.604],"grabStrength":0,"id":213,"palmNormal":[-0.139799,-0.974559,-0.175186],"palmPosition":[-27.3761,310.87,-8.62344],"palmVelocity":[-1.04105,-18.8081,-87.8075],"palmWidth":83.4409,"pinchStrength":0.980878,"r":[[0.8904,0.194938,0.411324],[-0.134592,0.976,-0.1712],[-0.434825,0.0970758,0.895267]],"s":0.928622,"sphereCenter":[-25.6609,275.6,-33.8188],"sphereRadius":42.7389,"stabilizedPalmPosition":[-35.9171,296.015,50.3306],"t":[88.4479,107.133,-169.918],"timeVisible":0.705014,"type":"right","wrist":[-19.6431,304.979,40.593]}],"id":264863,"interactionBox":{"center":[0,200,0],"size":[235.247,235.247,147.751]},"pointables":[{"bases":[[[0.522465,0.851344,-0.0473685],[-0.732329,0.476494,0.486464],[0.436719,-0.219471,0.872415]],[[0.410623,0.878903,-0.242731],[-0.857031,0.462906,0.226309],[0.311265,0.1151,0.943327]],[[0.410623,0.878903,-0.242731],[-0.890429,0.329222,-0.314243],[-0.196276,0.34517,0.917787]],[[0.410623,0.878903,-0.242731],[-0.723776,0.152276,-0.673023],[-0.55456,0.452042,0.698657]]],"btipPosition":[-43.1068,272.579,-44.1447],"carpPosition":[-46.8971,298.342,42.7279],"dipPosition":[-55.0087,282.281,-29.1502],"direction":[0.196276,-0.34517,-0.917787],"extended":false,"handId":213,"id":2130,"length":47.7925,"mcpPosition":[-46.8971,298.342,42.7279],"pipPosition":[-61.1456,293.073,-0.453952],"stabilizedTipPosition":[-42.8808,267.165,-4.73789],"timeVisible":0.705014,"tipPosition":[-45.0332,274.187,-39.7422],"tipVelocity":[-36.4847,-5.08014,-89.7076],"tool":false,"touchDistance":-0.45245,"touchZone":"hovering","type":0,"width":18.5699},{"bases":[[[0.975236,-0.104896,-0.194709],[0.11283,0.993159,0.0300858],[0.190221,-0.0513098,0.9804]],[[0.99359,-0.112987,0.00355367],[0.11206,0.988605,0.100509],[-0.0148694,-0.099467,0.99493]],[[0.99359,-0.112987,0.00355367],[0.113031,0.993452,-0.0166751],[-0.00164634,0.0169699,0.999855]],[[0.99359,-0.112987,0.00355367],[0.112666,0.987221,-0.112697],[0.00922502,0.112375,0.993623]]],"btipPosition":[-49.4736,321.793,-107.08],"carpPosition":[-37.118,316.55,35.9915],"dipPosition":[-49.329,323.554,-91.512],"direction":[0.00164634,-0.0169699,-0.999855],"extended":true,"handId":213,"id":2131,"length":53.9285,"mcpPosition":[-49.9513,320.011,-30.1519],"pipPosition":[-49.3655,323.93,-69.3501],"stabilizedTipPosition":[-67.0137,309.361,-43.7735],"timeVisible":0.705014,"tipPosition":[-48.7811,321.392,-103.432],"tipVelocity":[-4.67106,-10.122,-91.3781],"tool":false,"touchDistance":-0.442458,"touchZone":"touching","type":1,"width":17.738},{"bases":[[[0.95835,-0.278625,-0.0627199],[0.28023,0.959759,0.0182521],[0.0551106,-0.0350678,0.997864]],[[0.958561,-0.278763,-0.0587525],[0.0925668,0.499806,-0.861177],[0.269429,0.820052,0.504899]],[[0.958561,-0.278763,-0.0587525],[-0.237619,-0.668568,-0.704666],[0.157154,0.689426,-0.707103]],[[0.958561,-0.278763,-0.0587525],[-0.28326,-0.954607,-0.0921416],[-0.0303999,0.104966,-0.994011]]],"btipPosition":[-45.1603,263.165,-17.2574],"carpPosition":[-26.151,316.956,33.3339],"dipPosition":[-45.6842,264.974,-34.387],"direction":[-0.157154,-0.689426,0.707103],"extended":false,"handId":213,"id":2132,"length":61.4471,"mcpPosition":[-29.6769,319.2,-30.509],"pipPosition":[-41.586,282.952,-52.8263],"stabilizedTipPosition":[-45.7195,263.602,25.2734],"timeVisible":0.705014,"tipPosition":[-45.1066,263.934,-19.6599],"tipVelocity":[-38.5502,-12.4003,-115.034],"tool":false,"touchDistance":0.333333,"touchZone":"none","type":2,"width":17.4211},{"bases":[[[0.932144,-0.352302,0.0836114],[0.349597,0.935793,0.0455248],[-0.0942814,-0.0132053,0.995458]],[[0.935159,-0.351497,0.0439152],[0.23293,0.516785,-0.823818],[0.266875,0.78063,0.56515]],[[0.935159,-0.351497,0.0439152],[-0.199458,-0.624955,-0.75475],[0.292737,0.697052,-0.654541]],[[0.935159,-0.351497,0.0439152],[-0.341639,-0.927721,-0.150385],[0.093601,0.125631,-0.987652]]],"btipPosition":[-29.7765,263.565,-14.8926],"carpPosition":[-15.2174,314.651,31.8951],"dipPosition":[-28.1728,265.718,-31.8149],"direction":[-0.292737,-0.697052,0.654541],"extended":false,"handId":213,"id":2133,"length":59.0831,"mcpPosition":[-9.80162,315.41,-25.2869],"pipPosition":[-20.7362,283.425,-48.4427],"stabilizedTipPosition":[-31.2363,261.903,19.2526],"timeVisible":0.705014,"tipPosition":[-29.3606,264.279,-17.3602],"tipVelocity":[-34.7449,-21.8431,-110.222],"tool":false,"touchDistance":0.333333,"touchZone":"none","type":3,"width":16.5772},{"bases":[[[0.844304,-0.501207,0.189584],[0.480612,0.864738,0.145742],[-0.236987,-0.031934,0.970988]],[[0.856127,-0.498671,0.13555],[0.390791,0.453126,-0.801223],[0.338126,0.738921,0.58281]],[[0.856127,-0.498671,0.13555],[-0.229181,-0.601488,-0.765303],[0.463166,0.62413,-0.629236]],[[0.856127,-0.498671,0.13555],[-0.469545,-0.860202,-0.198948],[0.21581,0.106678,-0.97059]]],"btipPosition":[-15.4549,270.958,-11.422],"carpPosition":[-5.37397,306.101,32.4797],"dipPosition":[-12.0436,272.645,-26.7638],"direction":[-0.463166,-0.62413,0.629236],"extended":false,"handId":213,"id":2134,"length":46.32,"mcpPosition":[7.22767,307.799,-19.1519],"pipPosition":[-3.73625,283.839,-38.0499],"stabilizedTipPosition":[-16.7228,269.485,22.8082],"timeVisible":0.705014,"tipPosition":[-14.5677,271.57,-13.6931],"tipVelocity":[-29.2483,-32.1396,-106.377],"tool":false,"touchDistance":0.333333,"touchZone":"none","type":4,"width":14.7252}],"r":[[0.8904,0.194938,0.411324],[-0.134592,0.976,-0.1712],[-0.434825,0.0970758,0.895267]],"s":0.928622,"t":[88.4479,107.133,-169.918],"timestamp":2771752279},false],[1,{"currentFrameRate":110.435,"devices":[],"gestures":[],"hands":[{"armBasis":[[0.932425,0.0111515,-0.36119],[0.145093,0.903862,0.402469],[0.330954,-0.427679,0.841166]],"armWidth":58.4334,"confidence":0.689592,"direction":[-0.00492405,0.177604,-0.98409],"elbow":[62.2244,198.918,248.186],"grabStrength":0,"id":213,"palmNormal":[-0.148123,-0.973375,-0.174929],"palmPosition":[-27.4633,310.763,-9.29324],"palmVelocity":[-3.40807,-16.8659,-83.8475],"palmWidth":83.4409,"pinchStrength":0.989584,"r":[[0.891431,0.190163,0.411326],[-0.128531,0.976516,-0.172904],[-0.434546,0.101264,0.894939]],"s":0.92731,"sphereCenter":[-26.5078,275.656,-34.5324],"sphereRadius":42.6286,"stabilizedPalmPosition":[-35.917,296.015,50.33],"t":[88.3981,106.96,-170.606],"timeVisible":0.714123,"type":"right","wrist":[-19.7196,304.811,39.9143]}],"id":264864,"interactionBox":{"center":[0,200,0],"size":[235.247,235.247,147.751]},"pointables":[{"bases":[[[0.529478,0.84696,-0.0480815],[-0.727742,0.482613,0.487315],[0.435941,-0.223032,0.871901]],[[0.417691,0.875431,-0.243217],[-0.852803,0.470091,0.227469],[0.313467,0.112405,0.942923]],[[0.417691,0.875431,-0.243217],[-0.887826,0.33635,-0.314061],[-0.193132,0.347115,0.917721]],[[0.417691,0.875431,-0.243217],[-0.723746,0.158741,-0.671561],[-0.549297,0.456532,0.699894]]],"btipPosition":[-43.547,272.605,-44.7956],"carpPosition":[-47.0253,298.402,42.083],"dipPosition":[-55.336,282.403,-29.7746],"direction":[0.193132,-0.347115,-0.917721],"extended":false,"handId":213,"id":2130,"length":47.7925,"mcpPosition":[-47.0253,298.402,42.083],"pipPosition":[-61.3746,293.256,-1.08036],"stabilizedTipPosition":[-42.8826,267.169,-4.7574],"timeVisible":0.714123,"tipPosition":[-45.4689,274.237,-40.4021],"tipVelocity":[-38.9789,-2.21394,-84.4583],"tool":false,"touchDistance":-0.44521,"touchZone":"hovering","type":0,"width":18.5699},{"bases":[[[0.97409,-0.113028,-0.195889],[0.121132,0.992187,0.02986],[0.190984,-0.0528149,0.980171]],[[0.992631,-0.121177,-0.000303669],[0.120565,0.987357,0.102906],[-0.0121701,-0.102184,0.994691]],[[0.992631,-0.121177,-0.000303669],[0.12116,0.992527,-0.0145338],[0.00206257,0.0143899,0.999894]],[[0.992631,-0.121177,-0.000303669],[0.120397,0.986516,-0.110859],[0.0137332,0.110006,0.993836]]],"btipPosition":[-49.7693,322.073,-107.718],"carpPosition":[-37.1031,316.526,35.3331],"dipPosition":[-49.5542,323.797,-92.1465],"direction":[-0.00206257,-0.0143899,-0.999894],"extended":true,"handId":213,"id":2131,"length":53.9285,"mcpPosition":[-49.9879,320.09,-30.795],"pipPosition":[-49.5085,324.115,-69.9838],"stabilizedTipPosition":[-67.0134,309.361,-43.7747],"timeVisible":0.714123,"tipPosition":[-49.0536,321.645,-104.075],"tipVelocity":[-11.8877,0.946211,-85.4316],"tool":false,"touchDistance":-0.436102,"touchZone":"touching","type":1,"width":17.738},{"bases":[[[0.955919,-0.286601,-0.0638644],[0.288234,0.957394,0.017825],[0.0560348,-0.0354471,0.997799]],[[0.956111,-0.286724,-0.0603332],[0.0972173,0.504684,-0.857813],[0.276405,0.814299,0.510409]],[[0.956111,-0.286724,-0.0603332],[-0.243291,-0.662131,-0.708796],[0.163281,0.692367,-0.702828]],[[0.956111,-0.286724,-0.0603332],[-0.291457,-0.951813,-0.0954247],[-0.0300654,0.108821,-0.993607]]],"btipPosition":[-45.6787,263.186,-18.2871],"carpPosition":[-26.1363,316.841,32.662],"dipPosition":[-46.1968,265.061,-35.4098],"direction":[-0.163281,-0.692367,0.702828],"extended":false,"handId":213,"id":2132,"length":61.4471,"mcpPosition":[-29.7214,319.109,-31.1767],"pipPosition":[-41.9389,283.116,-53.7375],"stabilizedTipPosition":[-45.7195,263.602,25.2704],"timeVisible":0.714123,"tipPosition":[-45.6267,263.943,-20.6899],"tipVelocity":[-43.6021,-7.86303,-114.433],"tool":false,"touchDistance":0.333333,"touchZone":"none","type":2,"width":17.4211},{"bases":[[[0.92928,-0.360045,0.0825053],[0.357433,0.932853,0.0450152],[-0.0931728,-0.0123416,0.995573]],[[0.932227,-0.35928,0.0432553],[0.237823,0.518171,-0.821547],[0.272752,0.776155,0.568498]],[[0.932227,-0.35928,0.0432553],[-0.203951,-0.620371,-0.757327],[0.298927,0.697179,-0.651602]],[[0.932227,-0.35928,0.0432553],[-0.349228,-0.924522,-0.152637],[0.0948298,0.127186,-0.987335]]],"btipPosition":[-30.266,263.463,-15.8015],"carpPosition":[-15.2241,314.445,31.2101],"dipPosition":[-28.6412,265.642,-32.7184],"direction":[-0.298927,-0.697179,0.651602],"extended":false,"handId":213,"id":2133,"length":59.0831,"mcpPosition":[-9.872,315.154,-25.9786],"pipPosition":[-21.0474,283.353,-49.2714],"stabilizedTipPosition":[-31.2362,261.903,19.2483],"timeVisible":0.714123,"tipPosition":[-29.8458,264.171,-18.2845],"tipVelocity":[-39.865,-18.7002,-107.286],"tool":false,"touchDistance":0.333333,"touchZone":"none","type":3,"width":16.5772},{"bases":[[[0.840332,-0.508205,0.188598],[0.487973,0.860717,0.145078],[-0.236059,-0.0298833,0.971279]],[[0.851704,-0.505895,0.136641],[0.398125,0.455147,-0.796453],[0.34073,0.732743,0.58906]],[[0.851704,-0.505895,0.136641],[-0.229768,-0.594879,-0.770276],[0.470964,0.624651,-0.6229]],[[0.851704,-0.505895,0.136641],[-0.475536,-0.855705,-0.204046],[0.22015,0.108809,-0.969378]]],"btipPosition":[-15.8746,270.719,-12.4692],"carpPosition":[-5.45149,305.814,31.7835],"dipPosition":[-12.3948,272.439,-27.7919],"direction":[-0.470964,-0.624651,0.6229],"extended":false,"handId":213,"id":2134,"length":46.32,"mcpPosition":[7.1008,307.403,-19.8637],"pipPosition":[-3.94754,283.643,-38.9643],"stabilizedTipPosition":[-16.7226,269.485,22.804],"timeVisible":0.714123,"tipPosition":[-14.9797,271.329,-14.7138],"tipVelocity":[-33.4367,-30.2696,-108.625],"tool":false,"touchDistance":0.333333,"touchZone":"none","type":4,"width":14.7252}],"r":[[0.891431,0.190163,0.411326],[-0.128531,0.976516,-0.172904],[-0.434546,0.101264,0.894939]],"s":0.92731,"t":[88.3981,106.96,-170.606],"timestamp":2771761388},false],[2,{"currentFrameRate":110.501,"devices":[],"gestures":[],"hands":[{"armBasis":[[0.930978,-0.00163003,-0.365072],[0.156736,0.904926,0.395656],[0.329718,-0.425567,0.842721]],"armWidth":58.4334,"confidence":0.693083,"direction":[-0.0038931,0.173145,-0.984889],"elbow":[61.8464,199.394,247.489],"grabStrength":0,"id":213,"palmNormal":[-0.160261,-0.972274,-0.170294],"palmPosition":[-27.5189,310.585,-10.3934],"palmVelocity":[-4.17731,-17.6944,-94.573],"palmWidth":83.4409,"pinchStrength":0.998652,"r":[[0.892784,0.184523,0.410961],[-0.121321,0.977041,-0.175134],[-0.433842,0.106498,0.894673]],"s":0.925852,"sphereCenter":[-27.4758,275.559,-35.5172],"sphereRadius":42.51,"stabilizedPalmPosition":[-35.9169,296.015,50.3294],"t":[88.3454,106.784,-171.499],"timeVisible":0.723056,"type":"right","wrist":[-19.7914,304.764,38.8323]}],"id":264865,"interactionBox":{"center":[0,200,0],"size":[235.247,235.247,147.751]},"pointables":[{"bases":[[[0.539775,0.840167,-0.052557],[-0.721195,0.493736,0.485903],[0.434189,-0.224374,0.872431]],[[0.428195,0.869111,-0.247578],[-0.846569,0.481638,0.226595],[0.316179,0.112565,0.941998]],[[0.428195,0.869111,-0.247578],[-0.883404,0.344853,-0.317291],[-0.190383,0.354574,0.915441]],[[0.428195,0.869111,-0.247578],[-0.722403,0.164602,-0.671596],[-0.542939,0.466425,0.69833]]],"btipPosition":[-44.0394,272.451,-45.6707],"carpPosition":[-47.1711,298.7,41.0607],"dipPosition":[-55.6919,282.461,-30.6832],"direction":[0.190383,-0.354574,-0.915441],"extended":false,"handId":213,"id":2130,"length":47.7925,"mcpPosition":[-47.1711,298.7,41.0607],"pipPosition":[-61.6446,293.547,-2.06027],"stabilizedTipPosition":[-42.8849,267.173,-4.77973],"timeVisible":0.723056,"tipPosition":[-45.9949,274.158,-41.331],"tipVelocity":[-42.4246,-4.83163,-88.3776],"tool":false,"touchDistance":-0.442264,"touchZone":"hovering","type":0,"width":18.5699},{"bases":[[[0.972401,-0.125873,-0.196451],[0.133334,0.990752,0.0251707],[0.191465,-0.0506695,0.980191]],[[0.991071,-0.133291,-0.00336823],[0.132948,0.985972,0.100918],[-0.0101305,-0.100465,0.994889]],[[0.991071,-0.133291,-0.00336823],[0.133217,0.990946,-0.0167158],[0.0055658,0.0161178,0.999855]],[[0.991071,-0.133291,-0.00336823],[0.132056,0.98475,-0.113265],[0.0184141,0.111809,0.993559]]],"btipPosition":[-49.9653,321.938,-108.838],"carpPosition":[-37.0351,316.671,34.2166],"dipPosition":[-49.6767,323.69,-93.2711],"direction":[-0.0055658,-0.0161178,-0.999855],"extended":true,"handId":213,"id":2131,"length":53.9285,"mcpPosition":[-49.9525,320.089,-31.9127],"pipPosition":[-49.5534,324.047,-71.1093],"stabilizedTipPosition":[-67.0131,309.362,-43.7756],"timeVisible":0.723056,"tipPosition":[-49.2339,321.494,-105.199],"tipVelocity":[-14.1128,-3.22966,-96.37],"tool":false,"touchDistance":-0.437645,"touchZone":"touching","type":1,"width":17.738},{"bases":[[[0.952255,-0.298604,-0.0636104],[0.299981,0.953855,0.0131098],[0.0567604,-0.0315658,0.997889]],[[0.952426,-0.2987,-0.0605245],[0.103868,0.50483,-0.856947],[0.286525,0.809892,0.511839]],[[0.952426,-0.2987,-0.0605245],[-0.251621,-0.658616,-0.709163],[0.171965,0.690655,-0.702442]],[[0.952426,-0.2987,-0.0605245],[-0.303332,-0.94832,-0.0931604],[-0.0295696,0.107087,-0.99381]]],"btipPosition":[-46.3396,263.204,-19.4926],"carpPosition":[-26.0685,316.839,31.532],"dipPosition":[-46.8491,265.05,-36.6188],"direction":[-0.171965,-0.690655,0.702442],"extended":false,"handId":213,"id":2132,"length":61.4471,"mcpPosition":[-29.7,318.858,-32.3125],"pipPosition":[-42.3648,283.06,-54.9364],"stabilizedTipPosition":[-45.7196,263.602,25.2658],"timeVisible":0.723056,"tipPosition":[-46.2905,263.928,-21.9057],"tipVelocity":[-51.8314,-5.36554,-120.055],"tool":false,"touchDistance":0.333333,"touchZone":"none","type":2,"width":17.4211},{"bases":[[[0.924887,-0.371045,0.0831244],[0.368906,0.928591,0.0403355],[-0.0921549,-0.00664072,0.995723]],[[0.927786,-0.3705,0.0440798],[0.245216,0.516444,-0.82046],[0.281216,0.77202,0.570002]],[[0.927786,-0.3705,0.0440798],[-0.210398,-0.617078,-0.758253],[0.308134,0.694222,-0.650468]],[[0.927786,-0.3705,0.0440798],[-0.360349,-0.920408,-0.15165],[0.0967577,0.124814,-0.987451]]],"btipPosition":[-30.9023,263.278,-17.0296],"carpPosition":[-15.1882,314.302,30.079],"dipPosition":[-29.2445,265.416,-33.9485],"direction":[-0.308134,-0.694222,0.650468],"extended":false,"handId":213,"id":2133,"length":59.0831,"mcpPosition":[-9.89456,314.684,-27.1182],"pipPosition":[-21.4167,283.052,-50.4727],"stabilizedTipPosition":[-31.2361,261.903,19.2423],"timeVisible":0.723056,"tipPosition":[-30.4775,263.97,-19.5072],"tipVelocity":[-48.1903,-19.5438,-115.539],"tool":false,"touchDistance":0.333333,"touchZone":"none","type":3,"width":16.5772},{"bases":[[[0.834252,-0.517615,0.189995],[0.498668,0.855317,0.140584],[-0.235274,-0.0225379,0.971668]],[[0.845269,-0.515766,0.139666],[0.405975,0.449934,-0.795452],[0.347427,0.729072,0.589703]],[[0.845269,-0.515766,0.139666],[-0.234199,-0.592533,-0.77075],[0.480283,0.618781,-0.621641]],[[0.845269,-0.515766,0.139666],[-0.48527,-0.850374,-0.203415],[0.223683,0.104165,-0.96908]]],"btipPosition":[-16.4266,270.367,-13.6404],"carpPosition":[-5.52157,305.554,30.6811],"dipPosition":[-12.8909,272.013,-28.9583],"direction":[-0.480283,-0.618781,0.621641],"extended":false,"handId":213,"id":2134,"length":46.32,"mcpPosition":[6.98897,306.753,-20.9867],"pipPosition":[-4.27653,283.112,-40.1081],"stabilizedTipPosition":[-16.7224,269.485,22.7978],"timeVisible":0.723056,"tipPosition":[-15.5233,270.955,-15.8906],"tipVelocity":[-40.7809,-33.2926,-114.725],"tool":false,"touchDistance":0.333333,"touchZone":"none","type":4,"width":14.7252}],"r":[[0.892784,0.184523,0.410961],[-0.121321,0.977041,-0.175134],[-0.433842,0.106498,0.894673]],"s":0.925852,"t":[88.3454,106.784,-171.499],"timestamp":2771770321},false],[3,{"currentFrameRate":110.418,"devices":[],"gestures":[],"hands":[{"armBasis":[[0.93024,-0.0120707,-0.366752],[0.165868,0.905359,0.390914],[0.327324,-0.424476,0.844203]],"armWidth":58.4334,"confidence":0.503359,"direction":[-0.00173618,0.171831,-0.985125],"elbow":[61.1066,199.51,247.075],"grabStrength":0,"id":213,"palmNormal":[-0.17002,-0.970834,-0.169039],"palmPosition":[-27.5865,310.442,-11.1858],"palmVelocity":[-5.06192,-17.0898,-92.1992],"palmWidth":83.4409,"pinchStrength":1,"r":[[0.894163,0.178306,0.410705],[-0.113556,0.977603,-0.177194],[-0.433101,0.111802,0.894384]],"s":0.924689,"sphereCenter":[-28.4502,275.695,-36.3086],"sphereRadius":42.3638,"stabilizedPalmPosition":[-35.9168,296.015,50.3288],"t":[88.2853,106.625,-172.343],"timeVisible":0.73226,"type":"right","wrist":[-19.9384,304.61,38.0511]}],"id":264866,"interactionBox":{"center":[0,200,0],"size":[235.247,235.247,147.751]},"pointables":[{"bases":[[[0.548269,0.834591,-0.053471],[-0.716363,0.50167,0.484924],[0.431538,-0.227564,0.87292]],[[0.437177,0.864389,-0.248411],[-0.841565,0.490591,0.226029],[0.317245,0.110239,0.941914]],[[0.437177,0.864389,-0.248411],[-0.879115,0.35241,-0.32088],[-0.189823,0.358663,0.913963]],[[0.437177,0.864389,-0.248411],[-0.720918,0.171658,-0.671425],[-0.53773,0.472616,0.698198]]],"btipPosition":[-44.4255,272.423,-46.4024],"carpPosition":[-47.3791,298.827,40.2761],"dipPosition":[-55.9662,282.566,-31.4178],"direction":[0.189823,-0.358663,-0.913963],"extended":false,"handId":213,"id":2130,"length":47.7925,"mcpPosition":[-47.3791,298.827,40.2761],"pipPosition":[-61.9013,293.781,-2.84106],"stabilizedTipPosition":[-42.8878,267.178,-4.80586],"timeVisible":0.73226,"tipPosition":[-46.4091,274.179,-42.1005],"tipVelocity":[-41.5084,-3.3887,-85.9139],"tool":false,"touchDistance":-0.437357,"touchZone":"hovering","type":0,"width":18.5699},{"bases":[[[0.971158,-0.135973,-0.195866],[0.143341,0.989385,0.023879],[0.19054,-0.0512659,0.98034]],[[0.98967,-0.143238,-0.00595762],[0.143079,0.984255,0.103782],[-0.00900175,-0.103563,0.994582]],[[0.98967,-0.143238,-0.00595762],[0.143147,0.989607,-0.0136736],[0.00785428,0.0126795,0.999889]],[[0.98967,-0.143238,-0.00595762],[0.141718,0.983751,-0.11023],[0.0216499,0.108247,0.993888]]],"btipPosition":[-50.0725,322.246,-109.647],"carpPosition":[-37.059,316.685,33.4119],"dipPosition":[-49.7333,323.942,-94.0746],"direction":[-0.00785428,-0.0126795,-0.999889],"extended":true,"handId":213,"id":2131,"length":53.9285,"mcpPosition":[-49.9139,320.143,-32.7275],"pipPosition":[-49.5592,324.223,-71.912],"stabilizedTipPosition":[-67.0129,309.362,-43.7765],"timeVisible":0.73226,"tipPosition":[-49.3303,321.737,-106.01],"tipVelocity":[-13.0707,6.65423,-93.952],"tool":false,"touchDistance":-0.434325,"touchZone":"touching","type":1,"width":17.738},{"bases":[[[0.949211,-0.308309,-0.0627993],[0.309611,0.950788,0.0119391],[0.0560279,-0.0307762,0.997955]],[[0.949352,-0.308387,-0.0602338],[0.110336,0.50667,-0.855051],[0.294205,0.805098,0.515034]],[[0.949352,-0.308387,-0.0602338],[-0.257699,-0.654476,-0.710811],[0.179783,0.690332,-0.7008]],[[0.949352,-0.308387,-0.0602338],[-0.312944,-0.945202,-0.0930608],[-0.0282343,0.107197,-0.993837]]],"btipPosition":[-46.8807,263.271,-20.4807],"carpPosition":[-26.0901,316.738,30.7317],"dipPosition":[-47.3672,265.119,-37.6074],"direction":[-0.179783,-0.690332,0.7008],"extended":false,"handId":213,"id":2132,"length":61.4471,"mcpPosition":[-29.6747,318.707,-33.117],"pipPosition":[-42.679,283.121,-55.8822],"stabilizedTipPosition":[-45.7198,263.602,25.2587],"timeVisible":0.73226,"tipPosition":[-46.8367,263.963,-22.917],"tipVelocity":[-53.6182,-1.80892,-116.506],"tool":false,"touchDistance":0.333333,"touchZone":"none","type":2,"width":17.4211},{"bases":[[[0.921051,-0.380269,0.0840223],[0.378265,0.924866,0.0392284],[-0.0926267,-0.0043487,0.995691]],[[0.923962,-0.379811,0.0451519],[0.252448,0.516885,-0.817985],[0.287341,0.767185,0.573464]],[[0.923962,-0.379811,0.0451519],[-0.214606,-0.612511,-0.760772],[0.316606,0.693235,-0.647446]],[[0.923962,-0.379811,0.0451519],[-0.369262,-0.916554,-0.15354],[0.0997002,0.125192,-0.98711]]],"btipPosition":[-31.439,263.15,-18.0446],"carpPosition":[-15.2354,314.09,29.2868],"dipPosition":[-29.7307,265.295,-34.9576],"direction":[-0.316606,-0.693235,0.647446],"extended":false,"handId":213,"id":2133,"length":59.0831,"mcpPosition":[-9.91465,314.34,-27.9087],"pipPosition":[-21.6878,282.906,-51.4051],"stabilizedTipPosition":[-31.2361,261.904,19.2337],"timeVisible":0.73226,"tipPosition":[-31.0076,263.832,-20.53],"tipVelocity":[-50.67,-17.9093,-114.024],"tool":false,"touchDistance":0.333333,"touchZone":"none","type":3,"width":16.5772},{"bases":[[[0.828894,-0.525769,0.191054],[0.507238,0.850419,0.139631],[-0.235889,-0.0188299,0.971597]],[[0.839666,-0.524167,0.142164],[0.412904,0.446068,-0.794062],[0.352806,0.725447,0.590978]],[[0.839666,-0.524167,0.142164],[-0.237658,-0.58999,-0.771641],[0.488344,0.614134,-0.619967]],[[0.839666,-0.524167,0.142164],[-0.493267,-0.845561,-0.204241],[0.227265,0.10137,-0.968543]]],"btipPosition":[-16.906,270.106,-14.4927],"carpPosition":[-5.65803,305.245,29.9049],"dipPosition":[-13.3137,271.708,-29.8022],"direction":[-0.488344,-0.614134,0.619967],"extended":false,"handId":213,"id":2134,"length":46.32,"mcpPosition":[6.88524,306.246,-21.7592],"pipPosition":[-4.55468,282.723,-40.922],"stabilizedTipPosition":[-16.7223,269.485,22.7885],"timeVisible":0.73226,"tipPosition":[-15.9922,270.674,-16.7633],"tipVelocity":[-43.5474,-32.229,-108.477],"tool":false,"touchDistance":0.333333,"touchZone":"none","type":4,"width":14.7252}],"r":[[0.894163,0.178306,0.410705],[-0.113556,0.977603,-0.177194],[-0.433101,0.111802,0.894384]],"s":0.924689,"t":[88.2853,106.625,-172.343],"timestamp":2771779525},false],[4,{"currentFrameRate":110.46,"devices":[],"gestures":[],"hands":[{"armBasis":[[0.929963,-0.0214818,-0.367025],[0.174474,0.904505,0.389139],[0.323617,-0.425921,0.844905]],"armWidth":58.4334,"confidence":0.523889,"direction":[-0.000686588,0.163587,-0.986529],"elbow":[60.1301,199.371,246.25],"grabStrength":0,"id":213,"palmNormal":[-0.179381,-0.970547,-0.160812],"palmPosition":[-27.6186,310.321,-12.2277],"palmVelocity":[-4.65499,-16.1019,-98.7327],"palmWidth":83.4409,"pinchStrength":1,"r":[[0.895609,0.172301,0.410118],[-0.105494,0.977907,-0.180468],[-0.432152,0.118364,0.893999]],"s":0.923805,"sphereCenter":[-29.3461,275.655,-37.117],"sphereRadius":42.2545,"stabilizedPalmPosition":[-35.9168,296.015,50.3283],"t":[88.2391,106.485,-173.285],"timeVisible":0.741239,"type":"right","wrist":[-19.997,304.829,37.0523]}],"id":264867,"interactionBox":{"center":[0,200,0],"size":[235.247,235.247,147.751]},"pointables":[{"bases":[[[0.556179,0.828839,-0.0607455],[-0.71125,0.512531,0.481077],[0.429869,-0.22436,0.874571]],[[0.445637,0.858042,-0.255289],[-0.835913,0.500903,0.224379],[0.320401,0.113408,0.940469]],[[0.445637,0.858042,-0.255289],[-0.87524,0.3577,-0.325584],[-0.188048,0.368531,0.910397]],[[0.445637,0.858042,-0.255289],[-0.720871,0.174861,-0.670648],[-0.530804,0.482896,0.696462]]],"btipPosition":[-44.8853,272.249,-47.1236],"carpPosition":[-47.4903,299.327,39.34],"dipPosition":[-56.2773,282.613,-32.1763],"direction":[0.188048,-0.368531,-0.910397],"extended":false,"handId":213,"id":2130,"length":47.7925,"mcpPosition":[-47.4903,299.327,39.34],"pipPosition":[-62.157,294.135,-3.71105],"stabilizedTipPosition":[-42.8913,267.184,-4.83535],"timeVisible":0.741239,"tipPosition":[-46.8519,274.055,-42.8604],"tipVelocity":[-43.1236,-6.23735,-84.6435],"tool":false,"touchDistance":-0.432901,"touchZone":"hovering","type":0,"width":18.5699},{"bases":[[[0.969698,-0.146877,-0.195225],[0.152793,0.988136,0.0155156],[0.19063,-0.0448745,0.980636]],[[0.988241,-0.152679,-0.00831409],[0.152743,0.983236,0.0995773],[-0.00702862,-0.0996762,0.994995]],[[0.988241,-0.152679,-0.00831409],[0.152515,0.988144,-0.017626],[0.0109066,0.0161507,0.99981]],[[0.988241,-0.152679,-0.00831409],[0.150751,0.981971,-0.11405],[0.0255772,0.111456,0.99344]]],"btipPosition":[-50.2309,321.877,-110.765],"carpPosition":[-37.0043,317.027,32.321],"dipPosition":[-49.8301,323.623,-95.2],"direction":[-0.0109066,-0.0161507,-0.99981],"extended":true,"handId":213,"id":2131,"length":53.9285,"mcpPosition":[-49.8653,320.054,-33.8383],"pipPosition":[-49.5884,323.981,-73.0391],"stabilizedTipPosition":[-67.0127,309.362,-43.7771],"timeVisible":0.741239,"tipPosition":[-49.4806,321.331,-107.128],"tipVelocity":[-13.8892,-6.08707,-102.386],"tool":false,"touchDistance":-0.436026,"touchZone":"touching","type":1,"width":17.738},{"bases":[[[0.946187,-0.317876,-0.0607078],[0.318681,0.947854,0.00381308],[0.0563301,-0.0229543,0.998148]],[[0.94629,-0.317918,-0.0588467],[0.116579,0.50527,-0.855051],[0.301569,0.802266,0.515195]],[[0.94629,-0.317918,-0.0588467],[-0.26343,-0.652606,-0.710429],[0.187454,0.687774,-0.701304]],[[0.94629,-0.317918,-0.0588467],[-0.322181,-0.942466,-0.0892079],[-0.0271002,0.103376,-0.994273]]],"btipPosition":[-47.392,263.244,-21.5764],"carpPosition":[-26.037,316.953,29.6348],"dipPosition":[-47.859,265.025,-38.7106],"direction":[-0.187454,-0.687774,0.701304],"extended":false,"handId":213,"id":2132,"length":61.4471,"mcpPosition":[-29.641,318.422,-34.2263],"pipPosition":[-42.9708,282.96,-56.9986],"stabilizedTipPosition":[-45.7201,263.602,25.2493],"timeVisible":0.741239,"tipPosition":[-47.3468,263.911,-23.9971],"tipVelocity":[-54.3941,-2.61975,-118.073],"tool":false,"touchDistance":0.333333,"touchZone":"none","type":2,"width":17.4211},{"bases":[[[0.91743,-0.388332,0.0867261],[0.3871,0.921507,0.0312829],[-0.0920668,0.00487185,0.995741]],[[0.920313,-0.388228,0.0479821],[0.258167,0.510637,-0.820122],[0.293893,0.767157,0.570174]],[[0.920313,-0.388228,0.0479821],[-0.219587,-0.614221,-0.757967],[0.323736,0.687031,-0.650525]],[[0.920313,-0.388228,0.0479821],[-0.377844,-0.913978,-0.14791],[0.101277,0.117994,-0.987836]]],"btipPosition":[-31.9213,263.002,-18.9023],"carpPosition":[-15.209,314.189,28.2064],"dipPosition":[-30.186,265.024,-35.8277],"direction":[-0.323736,-0.687031,0.650525],"extended":false,"handId":213,"id":2133,"length":59.0831,"mcpPosition":[-9.9204,313.909,-28.9919],"pipPosition":[-21.962,282.477,-52.3534],"stabilizedTipPosition":[-31.2361,261.904,19.2224],"timeVisible":0.741239,"tipPosition":[-31.4863,263.656,-21.4089],"tipVelocity":[-51.3157,-18.3862,-109.041],"tool":false,"touchDistance":0.333333,"touchZone":"none","type":3,"width":16.5772},{"bases":[[[0.823952,-0.532044,0.19502],[0.515417,0.846675,0.132239],[-0.235476,-0.00844162,0.971844]],[[0.834458,-0.530998,0.147381],[0.41835,0.436328,-0.796618],[0.358697,0.726401,0.58624]],[[0.834458,-0.530998,0.147381],[-0.24208,-0.593473,-0.767585],[0.495053,0.60484,-0.623772]],[[0.834458,-0.530998,0.147381],[-0.501123,-0.84244,-0.197915],[0.229252,0.0912958,-0.969076]]],"btipPosition":[-17.3288,269.862,-15.2867],"carpPosition":[-5.71612,305.259,28.8937],"dipPosition":[-13.7051,271.305,-30.6047],"direction":[-0.495053,-0.60484,0.623772],"extended":false,"handId":213,"id":2134,"length":46.32,"mcpPosition":[6.80515,305.708,-22.7835],"pipPosition":[-4.82579,282.154,-41.7927],"stabilizedTipPosition":[-16.7222,269.485,22.7756],"timeVisible":0.741239,"tipPosition":[-16.409,270.393,-17.5816],"tipVelocity":[-44.2989,-31.9462,-103.043],"tool":false,"touchDistance":0.333333,"touchZone":"none","type":4,"width":14.7252}],"r":[[0.895609,0.172301,0.410118],[-0.105494,0.977907,-0.180468],[-0.432152,0.118364,0.893999]],"s":0.923805,"t":[88.2391,106.485,-173.285],"timestamp":2771788504},false],[5,{"currentFrameRate":110.508,"devices":[],"gestures":[],"hands":[{"armBasis":[[0.929589,-0.0280972,-0.367525],[0.180732,0.903749,0.388039],[0.321247,-0.427141,0.845193]],"armWidth":58.4334,"confidence":0.539814,"direction":[-0.000428243,0.156927,-0.98761],"elbow":[59.56,199.214,245.535],"grabStrength":0,"id":213,"palmNormal":[-0.186138,-0.970363,-0.154106],"palmPosition":[-27.6072,310.185,-13.0438],"palmVelocity":[-3.03291,-15.843,-96.6283],"palmWidth":83.4409,"pinchStrength":1,"r":[[0.897029,0.166815,0.409282],[-0.0977389,0.977981,-0.18439],[-0.43103,0.125401,0.893582]],"s":0.923204,"sphereCenter":[-30.1519,275.691,-37.7516],"sphereRadius":42.1321,"stabilizedPalmPosition":[-35.9167,296.015,50.3278],"t":[88.2218,106.347,-174.164],"timeVisible":0.750203,"type":"right","wrist":[-19.9804,304.974,36.2659]}],"id":264868,"interactionBox":{"center":[0,200,0],"size":[235.247,235.247,147.751]},"pointables":[{"bases":[[[0.561768,0.824594,-0.0667995],[-0.707318,0.52061,0.47819],[0.429089,-0.221383,0.875712]],[[0.451399,0.853229,-0.261228],[-0.831806,0.508324,0.222948],[0.323014,0.116652,0.939177]],[[0.451399,0.853229,-0.261228],[-0.872577,0.360826,-0.329264],[-0.186679,0.376571,0.907384]],[[0.451399,0.853229,-0.261228],[-0.72053,0.175832,-0.67076],[-0.52638,0.491003,0.694147]]],"btipPosition":[-45.1609,272.023,-47.6473],"carpPosition":[-47.5086,299.675,38.6133],"dipPosition":[-56.458,282.561,-32.7496],"direction":[0.186679,-0.376571,-0.907384],"extended":false,"handId":213,"id":2130,"length":47.7925,"mcpPosition":[-47.5086,299.675,38.6133],"pipPosition":[-62.2949,294.335,-4.37862],"stabilizedTipPosition":[-42.8954,267.19,-4.86848],"timeVisible":0.750203,"tipPosition":[-47.1285,273.879,-43.4235],"tipVelocity":[-39.071,-10.1953,-77.8167],"tool":false,"touchDistance":-0.425971,"touchZone":"hovering","type":0,"width":18.5699},{"bases":[[[0.968503,-0.154808,-0.195027],[0.159544,0.987152,0.00871615],[0.191172,-0.039557,0.980759]],[[0.987142,-0.159442,-0.0113591],[0.159788,0.982357,0.0971744],[-0.00433499,-0.09774,0.995203]],[[0.987142,-0.159442,-0.0113591],[0.159201,0.98705,-0.0197042],[0.0143537,0.0176425,0.999741]],[[0.987142,-0.159442,-0.0113591],[0.157076,0.980754,-0.115965],[0.0296302,0.11269,0.993188]]],"btipPosition":[-50.4174,321.618,-111.631],"carpPosition":[-36.9082,317.255,31.4663],"dipPosition":[-49.9531,323.384,-96.0696],"direction":[-0.0143537,-0.0176425,-0.999741],"extended":true,"handId":213,"id":2131,"length":53.9285,"mcpPosition":[-49.8057,319.924,-34.7014],"pipPosition":[-49.6349,323.775,-73.9103],"stabilizedTipPosition":[-67.0125,309.362,-43.7778],"timeVisible":0.750203,"tipPosition":[-49.6547,321.03,-107.994],"tipVelocity":[-15.3354,-12.1894,-100.825],"tool":false,"touchDistance":-0.433756,"touchZone":"touching","type":1,"width":17.738},{"bases":[[[0.943943,-0.324731,-0.0593387],[0.325143,0.945661,-0.00285066],[0.0570399,-0.0166027,0.998234]],[[0.944016,-0.324753,-0.0580421],[0.120859,0.504156,-0.855114],[0.306963,0.800227,0.515181]],[[0.944016,-0.324753,-0.0580421],[-0.267718,-0.651326,-0.710001],[0.19277,0.685791,-0.701805]],[[0.944016,-0.324753,-0.0580421],[-0.328819,-0.940472,-0.0859651],[-0.0266696,0.100238,-0.994606]]],"btipPosition":[-47.7289,263.169,-22.4257],"carpPosition":[-25.944,317.088,28.7716],"dipPosition":[-48.1885,264.896,-39.5656],"direction":[-0.19277,-0.685791,0.701805],"extended":false,"handId":213,"id":2132,"length":61.4471,"mcpPosition":[-29.5934,318.151,-35.095],"pipPosition":[-43.1616,282.78,-57.8667],"stabilizedTipPosition":[-45.7206,263.602,25.2377],"timeVisible":0.750203,"tipPosition":[-47.6861,263.813,-24.8548],"tipVelocity":[-49.7401,-4.57029,-111.728],"tool":false,"touchDistance":0.333333,"touchZone":"none","type":2,"width":17.4211},{"bases":[[[0.914834,-0.393993,0.0885913],[0.393405,0.919032,0.0247401],[-0.0911657,0.0122192,0.995761]],[[0.917676,-0.394171,0.0500047],[0.262112,0.505979,-0.821756],[0.298611,0.767212,0.567641]],[[0.917676,-0.394171,0.0500047],[-0.223412,-0.615963,-0.755432],[0.32857,0.68207,-0.653317]],[[0.917676,-0.394171,0.0500047],[-0.384065,-0.912234,-0.142556],[0.101808,0.111616,-0.988523]]],"btipPosition":[-32.2256,262.865,-19.5703],"carpPosition":[-15.1363,314.241,27.3531],"dipPosition":[-30.4813,264.778,-36.5075],"direction":[-0.32857,-0.68207,0.653316],"extended":false,"handId":213,"id":2133,"length":59.0831,"mcpPosition":[-9.89951,313.539,-29.8464],"pipPosition":[-22.1344,282.105,-53.1042],"stabilizedTipPosition":[-31.2363,261.904,19.208],"timeVisible":0.750203,"tipPosition":[-31.7933,263.486,-22.1011],"tipVelocity":[-46.4994,-18.303,-99.6798],"tool":false,"touchDistance":0.333333,"touchZone":"none","type":3,"width":16.5772},{"bases":[[[0.820472,-0.536329,0.197931],[0.521296,0.844009,0.126093],[-0.234683,-0.000275726,0.972072]],[[0.830717,-0.535708,0.151415],[0.42211,0.42881,-0.798715],[0.362949,0.72742,0.582347]],[[0.830717,-0.535708,0.151415],[-0.245313,-0.596421,-0.764267],[0.499731,0.597745,-0.626873]],[[0.830717,-0.535708,0.151415],[-0.506743,-0.840277,-0.192734],[0.23048,0.0833791,-0.969498]]],"btipPosition":[-17.6001,269.64,-15.9113],"carpPosition":[-5.70401,305.251,28.0928],"dipPosition":[-13.957,270.958,-31.2358],"direction":[-0.499731,-0.597745,0.626873],"extended":false,"handId":213,"id":2134,"length":46.32,"mcpPosition":[6.77509,305.266,-23.5966],"pipPosition":[-4.99374,281.679,-42.4795],"stabilizedTipPosition":[-16.7222,269.486,22.7584],"timeVisible":0.750203,"tipPosition":[-16.6766,270.14,-18.2292],"tipVelocity":[-40.3208,-30.8773,-93.9568],"tool":false,"touchDistance":0.333333,"touchZone":"none","type":4,"width":14.7252}],"r":[[0.897029,0.166815,0.409282],[-0.0977389,0.977981,-0.18439],[-0.43103,0.125401,0.893582]],"s":0.923204,"t":[88.2218,106.347,-174.164],"timestamp":2771797468},false],[6,{"currentFrameRate":110.512,"devices":[],"gestures":[],"hands":[{"armBasis":[[0.929344,-0.0320818,-0.36782],[0.184499,0.903272,0.387376],[0.319814,-0.427867,0.845369]],"armWidth":58.4334,"confidence":0.561471,"direction":[-0.00031751,0.152913,-0.98824],"elbow":[59.2171,199.121,245.104],"grabStrength":0,"id":213,"palmNormal":[-0.190207,-0.970208,-0.150062],"palmPosition":[-27.6003,310.103,-13.5352],"palmVelocity":[-1.98745,-13.9693,-84.9712],"palmWidth":83.4409,"pinchStrength":1,"r":[[0.89831,0.16201,0.408401],[-0.0907513,0.977907,-0.188314],[-0.429887,0.132102,0.893166]],"s":0.922844,"sphereCenter":[-30.8025,275.803,-38.1584],"sphereRadius":42.045,"stabilizedPalmPosition":[-35.9167,296.015,50.3273],"t":[88.2165,106.237,-174.85],"timeVisible":0.759245,"type":"right","wrist":[-19.9684,305.061,35.7913]}],"id":264869,"interactionBox":{"center":[0,200,0],"size":[235.247,235.247,147.751]},"pointables":[{"bases":[[[0.565115,0.821999,-0.070446],[-0.704915,0.525452,0.47644],[0.428649,-0.219585,0.87638]],[[0.45534,0.850265,-0.264037],[-0.828155,0.513364,0.224982],[0.326841,0.11622,0.937906]],[[0.45534,0.850265,-0.264037],[-0.870273,0.362489,-0.333507],[-0.187859,0.381643,0.905018]],[[0.45534,0.850265,-0.264037],[-0.721653,0.178788,-0.668769],[-0.521424,0.49506,0.695005]]],"btipPosition":[-45.4138,272.007,-47.9722],"carpPosition":[-47.5168,299.885,38.1746],"dipPosition":[-56.6046,282.632,-33.0561],"direction":[0.187859,-0.381643,-0.905018],"extended":false,"handId":213,"id":2130,"length":47.7925,"mcpPosition":[-47.5168,299.885,38.1746],"pipPosition":[-62.4783,294.565,-4.75905],"stabilizedTipPosition":[-42.9002,267.197,-4.90628],"timeVisible":0.759245,"tipPosition":[-47.3627,273.876,-43.7908],"tipVelocity":[-35.2645,-7.25552,-66.1404],"tool":false,"touchDistance":-0.416517,"touchZone":"hovering","type":0,"width":18.5699},{"bases":[[[0.967754,-0.15958,-0.194903],[0.163604,0.986515,0.00461887],[0.191538,-0.0363568,0.980812]],[[0.986435,-0.163523,-0.0143626],[0.164143,0.981616,0.0974038],[-0.00182919,-0.09844,0.995141]],[[0.986435,-0.163523,-0.0143626],[0.163237,0.986399,-0.0192637],[0.0173173,0.0166578,0.999711]],[[0.986435,-0.163523,-0.0143626],[0.160809,0.980206,-0.11548],[0.032962,0.111604,0.993206]]],"btipPosition":[-50.5986,321.606,-112.147],"carpPosition":[-36.8481,317.393,30.9507],"dipPosition":[-50.0821,323.354,-96.5857],"direction":[-0.0173173,-0.0166578,-0.999711],"extended":true,"handId":213,"id":2131,"length":53.9285,"mcpPosition":[-49.7704,319.845,-35.2205],"pipPosition":[-49.6983,323.724,-74.427],"stabilizedTipPosition":[-67.0123,309.362,-43.7785],"timeVisible":0.759245,"tipPosition":[-49.8266,320.976,-108.512],"tipVelocity":[-16.2678,-9.32328,-88.7703],"tool":false,"touchDistance":-0.426458,"touchZone":"touching","type":1,"width":17.738},{"bases":[[[0.942569,-0.328848,-0.0585126],[0.329024,0.944297,-0.00686592],[0.057511,-0.0127804,0.998263]],[[0.942619,-0.328859,-0.0576224],[0.122856,0.502136,-0.856017],[0.310443,0.799819,0.513726]],[[0.942619,-0.328859,-0.0576224],[-0.270578,-0.651356,-0.708889],[0.195592,0.683804,-0.702962]],[[0.942619,-0.328859,-0.0576224],[-0.332806,-0.939279,-0.0836399],[-0.0266177,0.0980177,-0.994829]]],"btipPosition":[-47.9295,263.113,-22.8498],"carpPosition":[-25.8862,317.17,28.251],"dipPosition":[-48.3882,264.803,-39.9936],"direction":[-0.195592,-0.683804,0.702963],"extended":false,"handId":213,"id":2132,"length":61.4471,"mcpPosition":[-29.5657,317.987,-35.6175],"pipPosition":[-43.2877,282.634,-58.3249],"stabilizedTipPosition":[-45.7212,263.601,25.2237],"timeVisible":0.759245,"tipPosition":[-47.8901,263.746,-25.3176],"tipVelocity":[-42.1384,-5.26406,-93.8867],"tool":false,"touchDistance":0.333333,"touchZone":"none","type":2,"width":17.4211},{"bases":[[[0.913255,-0.397387,0.089713],[0.397191,0.9175,0.0207971],[-0.0905762,0.0166402,0.99575]],[[0.91607,-0.397733,0.051232],[0.266255,0.507705,-0.819356],[0.299874,0.764227,0.570992]],[[0.91607,-0.397733,0.051232],[-0.223951,-0.613367,-0.757382],[0.33266,0.682341,-0.65096]],[[0.91607,-0.397733,0.051232],[-0.387501,-0.910827,-0.142255],[0.103243,0.110463,-0.988503]]],"btipPosition":[-32.3945,262.777,-20.282],"carpPosition":[-15.0911,314.272,26.8383],"dipPosition":[-30.6255,264.67,-37.2188],"direction":[-0.33266,-0.682341,0.650959],"extended":false,"handId":213,"id":2133,"length":59.0831,"mcpPosition":[-9.8881,313.316,-30.3605],"pipPosition":[-22.1748,282.004,-53.7556],"stabilizedTipPosition":[-31.2366,261.905,19.192],"timeVisible":0.759245,"tipPosition":[-31.9657,263.383,-22.7885],"tipVelocity":[-38.6563,-16.0715,-93.8947],"tool":false,"touchDistance":0.333333,"touchZone":"none","type":3,"width":16.5772},{"bases":[[[0.818368,-0.538889,0.19968],[0.524828,0.842364,0.122388],[-0.234156,0.00463922,0.972188]],[[0.828306,-0.538528,0.154582],[0.425239,0.424624,-0.799291],[0.364801,0.727792,0.580723]],[[0.828306,-0.538528,0.154582],[-0.246406,-0.597934,-0.762731],[0.503183,0.593685,-0.627969]],[[0.828306,-0.538528,0.154582],[-0.509962,-0.838932,-0.190084],[0.23205,0.0786168,-0.969522]]],"btipPosition":[-17.7662,269.51,-16.3278],"carpPosition":[-5.69536,305.246,27.6096],"dipPosition":[-14.0983,270.752,-31.6528],"direction":[-0.503183,-0.593685,0.627969],"extended":false,"handId":213,"id":2134,"length":46.32,"mcpPosition":[6.75575,305,-24.0858],"pipPosition":[-5.07314,281.401,-42.9161],"stabilizedTipPosition":[-16.7223