{"sensorType":"Leap","data":[[0,{"currentFrameRate":109.364,"devices":[],"gestures":[],"hands":[{"armBasis":[[0.931013,0.191432,-0.310756],[-0.0226638,0.880095,0.474257],[0.364282,-0.434497,0.823718]],"armWidth":58.4334,"confidence":0.639232,"direction":[0.0138068,0.55822,-0.829578],"elbow":[63.8011,153.965,230.605],"grabStrength":0,"id":207,"palmNormal":[0.0241255,-0.829602,-0.557834],"palmPosition":[-32.6032,285.817,-16.8114],"palmVelocity":[71.0834,27.5784,-197.097],"palmWidth":83.4409,"pinchStrength":0.559203,"r":[[0.707766,0.0584646,0.704023],[-0.0831358,0.996538,0.000821756],[-0.701538,-0.0591111,0.710177]],"s":1.10205,"sphereCenter":[-35.1755,264.234,-52.9475],"sphereRadius":42.7175,"stabilizedPalmPosition":[-71.5855,262.817,83.9524],"t":[94.1623,99.5962,-196.836],"timeVisible":0.623709,"type":"right","wrist":[-26.3949,261.546,26.6532]}],"id":262578,"interactionBox":{"center":[0,200,0],"size":[235.247,235.247,147.751]},"pointables":[{"bases":[[[0.383357,0.855899,0.347093],[-0.820661,0.143247,0.553169],[0.423737,-0.496907,0.757318]],[[0.26893,0.950976,0.152712],[-0.884354,0.18099,0.430304],[0.381569,-0.250773,0.889673]],[[0.26893,0.950976,0.152712],[-0.950669,0.287537,-0.116411],[-0.154615,-0.113872,0.981391]],[[0.26893,0.950976,0.152712],[-0.806936,0.309027,-0.503346],[-0.525862,0.012136,0.850483]]],"btipPosition":[-53.6785,266.036,-66.5835],"carpPosition":[-52.332,251.256,23.0802],"dipPosition":[-64.9644,266.296,-48.3305],"direction":[0.154615,0.113872,-0.981391],"extended":false,"handId":207,"id":2070,"length":47.7925,"mcpPosition":[-52.332,251.256,23.0802],"pipPosition":[-69.7988,262.736,-17.6455],"stabilizedTipPosition":[-101.619,251.02,23.9663],"timeVisible":0.623709,"tipPosition":[-55.8716,265.086,-62.7225],"tipVelocity":[98.0926,27.7772,-191.368],"tool":false,"touchDistance":-0.583347,"touchZone":"hovering","type":0,"width":18.5699},{"bases":[[[0.987741,0.105863,-0.11472],[-0.0467366,0.901748,0.429729],[0.148941,-0.419099,0.895641]],[[0.996699,0.0706886,-0.0399345],[-0.0483454,0.911902,0.407549],[0.0652254,-0.404273,0.91231]],[[0.996699,0.0706886,-0.0399345],[-0.056406,0.956678,0.285631],[0.0583953,-0.282435,0.957507]],[[0.996699,0.0706886,-0.0399345],[-0.0621378,0.980741,0.185166],[0.0522545,-0.182073,0.981896]]],"btipPosition":[-59.967,325.016,-107.849],"carpPosition":[-45.2358,271.701,25.1267],"dipPosition":[-59.1483,322.163,-92.4647],"direction":[-0.0583953,0.282435,-0.957507],"extended":true,"handId":207,"id":2071,"length":53.9285,"mcpPosition":[-55.2842,299.975,-35.2984],"pipPosition":[-57.854,315.903,-71.2415],"stabilizedTipPosition":[-109.346,309.494,-0.533236],"timeVisible":0.623709,"tipPosition":[-59.0933,323.018,-104.687],"tipVelocity":[86.4186,18.4924,-216.688],"tool":false,"touchDistance":-0.612474,"touchZone":"hovering","type":1,"width":17.738},{"bases":[[[0.99218,-0.107019,-0.0642271],[0.124207,0.897243,0.423707],[0.0122826,-0.428371,0.90352]],[[0.992193,-0.117123,-0.0428357],[0.0436916,0.648173,-0.760238],[0.116806,0.752432,0.648231]],[[0.992193,-0.117123,-0.0428357],[-0.0920828,-0.456397,-0.884999],[0.0841033,0.882034,-0.463619]],[[0.992193,-0.117123,-0.0428357],[-0.122423,-0.849258,-0.513589],[0.0237743,0.514823,-0.856967]]],"btipPosition":[-42.9076,236.793,-35.5694],"carpPosition":[-34.3559,274.517,24.0323],"dipPosition":[-42.4979,245.665,-50.3374],"direction":[-0.0841033,-0.882034,0.463619],"extended":false,"handId":207,"id":2072,"length":61.4471,"mcpPosition":[-35.1417,301.924,-33.7745],"pipPosition":[-40.3047,268.666,-62.4272],"stabilizedTipPosition":[-79.3878,231.872,19.4067],"timeVisible":0.623709,"tipPosition":[-42.8261,239.246,-40.3307],"tipVelocity":[108.412,0.716734,-137.999],"tool":false,"touchDistance":0.333333,"touchZone":"none","type":2,"width":17.4211},{"bases":[[[0.970968,-0.236222,0.0376764],[0.195105,0.873192,0.446621],[-0.138401,-0.426304,0.893929]],[[0.968154,-0.244306,0.0547091],[0.194629,0.597009,-0.778267],[0.157473,0.76413,0.625546]],[[0.968154,-0.244306,0.0547091],[-0.0727929,-0.483778,-0.872158],[0.23954,0.840401,-0.486155]],[[0.968154,-0.244306,0.0547091],[-0.183911,-0.842285,-0.506688],[0.169867,0.48049,-0.860392]]],"btipPosition":[-30.6373,237.978,-26.9059],"carpPosition":[-23.1397,274.381,22.9823],"dipPosition":[-27.7269,246.211,-41.6478],"direction":[-0.23954,-0.840401,0.486156],"extended":false,"handId":207,"id":2073,"length":59.0831,"mcpPosition":[-15.1896,298.869,-28.3676],"pipPosition":[-21.6417,267.56,-53.9979],"stabilizedTipPosition":[-62.2194,232.072,20.405],"timeVisible":0.623709,"tipPosition":[-29.8386,240.175,-31.5959],"tipVelocity":[100.057,15.2719,-144.287],"tool":false,"touchDistance":0.333333,"touchZone":"none","type":3,"width":16.5772},{"bases":[[[0.90275,-0.424983,0.0665696],[0.330751,0.784704,0.524255],[-0.275037,-0.451253,0.848955]],[[0.865622,-0.473537,0.16267],[0.441835,0.569583,-0.693078],[0.235544,0.671817,0.702269]],[[0.865622,-0.473537,0.16267],[-0.0506635,-0.406057,-0.912442],[0.498129,0.781589,-0.375482]],[[0.865622,-0.473537,0.16267],[-0.297288,-0.7475,-0.594022],[0.402888,0.465839,-0.78783]]],"btipPosition":[-20.4261,248.46,-27.5162],"carpPosition":[-12.1105,267.631,21.2102],"dipPosition":[-14.0577,255.823,-39.9692],"direction":[-0.498129,-0.781589,0.375482],"extended":false,"handId":207,"id":2074,"length":46.32,"mcpPosition":[2.51437,291.626,-23.9324],"pipPosition":[-5.12326,269.842,-46.7039],"stabilizedTipPosition":[-51.3162,239.558,25.5874],"timeVisible":0.623709,"tipPosition":[-18.4936,250.377,-31.3431],"tipVelocity":[90.0318,22.529,-154.72],"tool":false,"touchDistance":0.333333,"touchZone":"none","type":4,"width":14.7252}],"r":[[0.707766,0.0584646,0.704023],[-0.0831358,0.996538,0.000821756],[-0.701538,-0.0591111,0.710177]],"s":1.10205,"t":[94.1623,99.5962,-196.836],"timestamp":2750728888},false],[1,{"currentFrameRate":109.309,"devices":[],"gestures":[],"hands":[{"armBasis":[[0.933411,0.188319,-0.305417],[-0.0238641,0.881895,0.470841],[0.358014,-0.4322,0.827665]],"armWidth":58.4334,"confidence":0.593565,"direction":[0.015441,0.559302,-0.82882],"elbow":[62.7652,154.548,230.343],"grabStrength":0,"id":207,"palmNormal":[0.025584,-0.828869,-0.558858],"palmPosition":[-31.9999,285.885,-18.0327],"palmVelocity":[69.4403,21.9045,-178.823],"palmWidth":83.4409,"pinchStrength":0.547453,"r":[[0.703885,0.0630706,0.707509],[-0.0866309,0.996237,-0.00262201],[-0.705012,-0.0594465,0.7067]],"s":1.10624,"sphereCenter":[-35.1145,264.577,-54.1514],"sphereRadius":42.7313,"stabilizedPalmPosition":[-71.5386,262.844,83.8317],"t":[94.7808,99.7239,-198.293],"timeVisible":0.632957,"type":"right","wrist":[-25.8787,261.56,25.4138]}],"id":262579,"interactionBox":{"center":[0,200,0],"size":[235.247,235.247,147.751]},"pointables":[{"bases":[[[0.382348,0.855561,0.349036],[-0.821902,0.142285,0.551572],[0.422241,-0.497766,0.75759]],[[0.270691,0.949543,0.158412],[-0.883482,0.179682,0.432637],[0.382343,-0.257065,0.887542]],[[0.270691,0.949543,0.158412],[-0.949933,0.290146,-0.115946],[-0.156058,-0.119095,0.980542]],[[0.270691,0.949543,0.158412],[-0.806335,0.313535,-0.501517],[-0.52588,0.00802303,0.850521]]],"btipPosition":[-53.1413,266.586,-67.7693],"carpPosition":[-51.8049,251.267,21.7711],"dipPosition":[-64.4277,266.758,-49.5155],"direction":[0.156058,0.119095,-0.980542],"extended":false,"handId":207,"id":2070,"length":47.7925,"mcpPosition":[-51.8049,251.267,21.7711],"pipPosition":[-69.3071,263.034,-18.8571],"stabilizedTipPosition":[-101.255,251.144,23.2724],"timeVisible":0.632957,"tipPosition":[-55.3081,265.583,-63.9083],"tipVelocity":[86.8473,36.0725,-173.623],"tool":false,"touchDistance":-0.571131,"touchZone":"hovering","type":0,"width":18.5699},{"bases":[[[0.987956,0.106305,-0.112438],[-0.0479385,0.901174,0.430798],[0.147122,-0.420219,0.895417]],[[0.996558,0.0723521,-0.0404561],[-0.0491137,0.90851,0.414967],[0.0667784,-0.411551,0.908937]],[[0.996558,0.0723521,-0.0404561],[-0.0572779,0.953815,0.294882],[0.0599229,-0.29155,0.954677]],[[0.996558,0.0723521,-0.0404561],[-0.0631101,0.978646,0.195625],[0.053746,-0.192398,0.979844]]],"btipPosition":[-59.4462,325.752,-108.873],"carpPosition":[-44.7193,271.711,23.8595],"dipPosition":[-58.6041,322.738,-93.5212],"direction":[-0.0599229,0.29155,-0.954677],"extended":true,"handId":207,"id":2071,"length":53.9285,"mcpPosition":[-54.645,300.061,-36.5504],"pipPosition":[-57.2759,316.275,-72.3607],"stabilizedTipPosition":[-109.143,309.557,-0.958601],"timeVisible":0.632957,"tipPosition":[-58.5612,323.687,-105.737],"tipVelocity":[78.1249,34.5318,-187.15],"tool":false,"touchDistance":-0.595035,"touchZone":"hovering","type":1,"width":17.738},{"bases":[[[0.992349,-0.106642,-0.0622118],[0.123019,0.896728,0.425141],[0.0104491,-0.429542,0.902987]],[[0.992319,-0.116771,-0.0408388],[0.044728,0.646466,-0.76163],[0.115337,0.753953,0.646724]],[[0.992319,-0.116771,-0.0408388],[-0.0903214,-0.45832,-0.884186],[0.08453,0.881083,-0.465347]],[[0.992319,-0.116771,-0.0408388],[-0.121113,-0.8498,-0.513003],[0.0251991,0.514009,-0.857415]]],"btipPosition":[-42.243,236.854,-36.6558],"carpPosition":[-33.8379,274.532,22.7924],"dipPosition":[-41.8088,245.712,-51.4315],"direction":[-0.08453,-0.881083,0.465347],"extended":false,"handId":207,"id":2072,"length":61.4471,"mcpPosition":[-34.5064,302.014,-34.9803],"pipPosition":[-39.6045,268.688,-63.5664],"stabilizedTipPosition":[-78.6642,232.009,18.2513],"timeVisible":0.632957,"tipPosition":[-42.1539,239.291,-41.3977],"tipVelocity":[98.3134,2.27562,-132.286],"tool":false,"touchDistance":0.333333,"touchZone":"none","type":2,"width":17.4211},{"bases":[[[0.970955,-0.235984,0.0394775],[0.193874,0.872668,0.448178],[-0.140214,-0.427507,0.893072]],[[0.96815,-0.243972,0.0562438],[0.195492,0.59627,-0.778617],[0.156424,0.764813,0.624974]],[[0.96815,-0.243972,0.0562438],[-0.0713891,-0.484313,-0.871977],[0.239978,0.84019,-0.486305]],[[0.96815,-0.243972,0.0562438],[-0.182758,-0.84218,-0.507279],[0.171129,0.480844,-0.859944]]],"btipPosition":[-30.0026,238.038,-28.0529],"carpPosition":[-22.6194,274.4,21.7666],"dipPosition":[-27.0705,246.277,-42.787],"direction":[-0.239978,-0.84019,0.486305],"extended":false,"handId":207,"id":2073,"length":59.0831,"mcpPosition":[-14.5651,298.957,-29.5341],"pipPosition":[-20.9742,267.621,-55.1409],"stabilizedTipPosition":[-61.6662,232.204,19.533],"timeVisible":0.632957,"tipPosition":[-29.2004,240.232,-32.7192],"tipVelocity":[91.3783,12.8391,-138.538],"tool":false,"touchDistance":0.333333,"touchZone":"none","type":3,"width":16.5772},{"bases":[[[0.902731,-0.424802,0.0679772],[0.329378,0.784119,0.525991],[-0.276744,-0.452438,0.847769]],[[0.865189,-0.473725,0.164417],[0.44326,0.56921,-0.692475],[0.234454,0.672001,0.702457]],[[0.865189,-0.473725,0.164417],[-0.0486571,-0.405651,-0.912732],[0.49908,0.781686,-0.374015]],[[0.865189,-0.473725,0.164417],[-0.295668,-0.746766,-0.595753],[0.405004,0.466826,-0.786159]]],"btipPosition":[-19.8243,248.525,-28.7125],"carpPosition":[-11.5844,267.656,20.0097],"dipPosition":[-13.4225,255.904,-41.1391],"direction":[-0.49908,-0.781686,0.374015],"extended":false,"handId":207,"id":2074,"length":46.32,"mcpPosition":[3.13131,291.714,-25.0699],"pipPosition":[-4.471,269.924,-47.8474],"stabilizedTipPosition":[-51.0028,239.659,25.044],"timeVisible":0.632957,"tipPosition":[-17.8865,250.447,-32.5143],"tipVelocity":[83.2515,18.2708,-147.409],"tool":false,"touchDistance":0.333333,"touchZone":"none","type":4,"width":14.7252}],"r":[[0.703885,0.0630706,0.707509],[-0.0866309,0.996237,-0.00262201],[-0.705012,-0.0594465,0.7067]],"s":1.10624,"t":[94.7808,99.7239,-198.293],"timestamp":2750738136},false],[2,{"currentFrameRate":109.473,"devices":[],"gestures":[],"hands":[{"armBasis":[[0.933408,0.195698,-0.300752],[-0.0321689,0.880443,0.47306],[0.357371,-0.431883,0.828108]],"armWidth":58.4334,"confidence":0.60229,"direction":[0.0169733,0.553959,-0.832371],"elbow":[62.9779,154.876,229.529],"grabStrength":0,"id":207,"palmNormal":[0.0339029,-0.832331,-0.553241],"palmPosition":[-31.5174,285.813,-19.1498],"palmVelocity":[65.4203,13.7873,-164.632],"palmWidth":83.4409,"pinchStrength":0.531229,"r":[[0.699833,0.0685329,0.711011],[-0.0906122,0.995863,-0.00680153],[-0.708536,-0.0596663,0.703148]],"s":1.11063,"sphereCenter":[-34.8158,264.422,-55.1125],"sphereRadius":42.7764,"stabilizedPalmPosition":[-71.4955,262.869,83.7206],"t":[95.3313,99.7519,-199.58],"timeVisible":0.641798,"type":"right","wrist":[-25.5069,261.81,24.4908]}],"id":262580,"interactionBox":{"center":[0,200,0],"size":[235.247,235.247,147.751]},"pointables":[{"bases":[[[0.375096,0.860132,0.345654],[-0.826001,0.140886,0.545778],[0.420743,-0.490229,0.763315]],[[0.266984,0.950545,0.158693],[-0.884838,0.176548,0.431152],[0.381812,-0.255528,0.888214]],[[0.266984,0.950545,0.158693],[-0.950476,0.286913,-0.119487],[-0.159108,-0.118933,0.980071]],[[0.266984,0.950545,0.158693],[-0.807715,0.310536,-0.501163],[-0.525658,0.00562379,0.850678]]],"btipPosition":[-52.5699,266.631,-68.7966],"carpPosition":[-51.3485,251.336,20.7632],"dipPosition":[-63.8515,266.752,-50.5395],"direction":[0.159108,0.118933,-0.980071],"extended":false,"handId":207,"id":2070,"length":47.7925,"mcpPosition":[-51.3485,251.336,20.7632],"pipPosition":[-68.8263,263.033,-19.8958],"stabilizedTipPosition":[-100.923,251.255,22.6401],"timeVisible":0.641798,"tipPosition":[-54.6671,265.562,-64.9131],"tipVelocity":[80.8727,27.3414,-158.067],"tool":false,"touchDistance":-0.557749,"touchZone":"hovering","type":0,"width":18.5699},{"bases":[[[0.987945,0.111573,-0.107316],[-0.0559344,0.903661,0.424579],[0.144349,-0.413458,0.899008]],[[0.99615,0.0792585,-0.0374577],[-0.0567177,0.908507,0.414002],[0.0668438,-0.410284,0.909505]],[[0.99615,0.0792585,-0.0374577],[-0.0647411,0.953224,0.295249],[0.0591065,-0.291687,0.954686]],[[0.99615,0.0792585,-0.0374577],[-0.070399,0.977882,0.196956],[0.0522396,-0.19356,0.979697]]],"btipPosition":[-58.8996,325.392,-110.237],"carpPosition":[-44.399,271.836,22.759],"dipPosition":[-58.0812,322.36,-94.8866],"direction":[-0.0591065,0.291687,-0.954686],"extended":true,"handId":207,"id":2071,"length":53.9285,"mcpPosition":[-54.1375,299.73,-37.8932],"pipPosition":[-56.771,315.895,-73.7259],"stabilizedTipPosition":[-108.967,309.61,-1.32672],"timeVisible":0.641798,"tipPosition":[-58.0117,323.313,-107.099],"tipVelocity":[73.5489,14.0636,-178.248],"tool":false,"touchDistance":-0.584319,"touchZone":"hovering","type":1,"width":17.738},{"bases":[[[0.993327,-0.101011,-0.0556672],[0.115077,0.900218,0.419958],[0.00769233,-0.423562,0.905834]],[[0.993231,-0.111003,-0.0342202],[0.044903,0.638608,-0.768221],[0.107128,0.761484,0.63927]],[[0.993231,-0.111003,-0.0342202],[-0.0826462,-0.468305,-0.879693],[0.0816235,0.876566,-0.474309]],[[0.993231,-0.111003,-0.0342202],[-0.113013,-0.855351,-0.505571],[0.0268498,0.506016,-0.862106]]],"btipPosition":[-41.3473,236.578,-37.2489],"carpPosition":[-33.5287,274.716,21.7375],"dipPosition":[-40.8846,245.299,-52.1055],"direction":[-0.0816235,-0.876566,0.474309],"extended":false,"handId":207,"id":2072,"length":61.4471,"mcpPosition":[-34.0208,301.816,-36.2175],"pipPosition":[-38.7561,268.157,-64.4741],"stabilizedTipPosition":[-77.923,232.139,17.0844],"timeVisible":0.641798,"tipPosition":[-41.2472,238.96,-42.0073],"tipVelocity":[99.3271,-7.74091,-115.221],"tool":false,"touchDistance":0.333333,"touchZone":"none","type":2,"width":17.4211},{"bases":[[[0.972112,-0.229813,0.0467418],[0.185939,0.87674,0.44357],[-0.142919,-0.422509,0.89502]],[[0.969295,-0.237607,0.0633273],[0.195464,0.588235,-0.784712],[0.149202,0.772996,0.616617]],[[0.969295,-0.237607,0.0633273],[-0.0644519,-0.494016,-0.867061],[0.237304,0.836356,-0.494161]],[[0.969295,-0.237607,0.0633273],[-0.175051,-0.847608,-0.500918],[0.172698,0.474452,-0.863175]]],"btipPosition":[-29.1946,237.868,-28.5554],"carpPosition":[-22.3037,274.646,20.7786],"dipPosition":[-26.2356,245.998,-43.3449],"direction":[-0.237304,-0.836356,0.494161],"extended":false,"handId":207,"id":2073,"length":59.0831,"mcpPosition":[-14.094,298.916,-30.634],"pipPosition":[-20.2072,267.244,-55.8984],"stabilizedTipPosition":[-61.118,232.329,18.6815],"timeVisible":0.641798,"tipPosition":[-28.3803,240.03,-33.2416],"tipVelocity":[91.5719,3.40527,-116.833],"tool":false,"touchDistance":0.333333,"touchZone":"none","type":3,"width":16.5772},{"bases":[[[0.904862,-0.418852,0.076079],[0.321512,0.789527,0.522759],[-0.279025,-0.448564,0.849079]],[[0.866904,-0.467519,0.172926],[0.444023,0.566592,-0.69413],[0.22654,0.678527,0.698771]],[[0.866904,-0.467519,0.172926],[-0.0406409,-0.412045,-0.910257],[0.496815,0.782078,-0.376204]],[[0.866904,-0.467519,0.172926],[-0.287356,-0.752176,-0.593008],[0.407313,0.46439,-0.786408]]],"btipPosition":[-19.0758,248.44,-29.4981],"carpPosition":[-11.2179,267.958,19.131],"dipPosition":[-12.6376,255.781,-41.9286],"direction":[-0.496815,-0.782078,0.376204],"extended":false,"handId":207,"id":2074,"length":46.32,"mcpPosition":[3.61906,291.81,-26.0182],"pipPosition":[-3.72664,269.808,-48.6762],"stabilizedTipPosition":[-50.7018,239.754,24.5268],"timeVisible":0.641798,"tipPosition":[-17.1293,250.351,-33.2814],"tipVelocity":[83.8894,10.4758,-131.6],"tool":false,"touchDistance":0.333333,"touchZone":"none","type":4,"width":14.7252}],"r":[[0.699833,0.0685329,0.711011],[-0.0906122,0.995863,-0.00680153],[-0.708536,-0.0596663,0.703148]],"s":1.11063,"t":[95.3313,99.7519,-199.58],"timestamp":2750746977},false],[3,{"currentFrameRate":109.477,"devices":[],"gestures":[],"hands":[{"armBasis":[[0.934218,0.201966,-0.294018],[-0.0414085,0.880098,0.472983],[0.354291,-0.429695,0.830566]],"armWidth":58.4334,"confidence":0.607755,"direction":[0.0195891,0.546775,-0.837051],"elbow":[62.5874,155.869,228.699],"grabStrength":0,"id":207,"palmNormal":[0.0432182,-0.836892,-0.54566],"palmPosition":[-30.9759,285.843,-20.8402],"palmVelocity":[63.7261,10.8705,-170.344],"palmWidth":83.4409,"pinchStrength":0.513071,"r":[[0.695424,0.0750327,0.714672],[-0.0950261,0.995402,-0.0120395],[-0.712289,-0.0595399,0.699357]],"s":1.11523,"sphereCenter":[-34.3989,264.261,-56.6278],"sphereRadius":42.841,"stabilizedPalmPosition":[-71.4541,262.892,83.6138],"t":[95.8774,99.7809,-201.069],"timeVisible":0.650926,"type":"right","wrist":[-25.1347,262.261,23.0519]}],"id":262581,"interactionBox":{"center":[0,200,0],"size":[235.247,235.247,147.751]},"pointables":[{"bases":[[[0.367111,0.865488,0.340823],[-0.83086,0.140371,0.538486],[0.418212,-0.48086,0.770631]],[[0.264073,0.951225,0.15949],[-0.886096,0.173959,0.429618],[0.380918,-0.254774,0.888815]],[[0.264073,0.951225,0.15949],[-0.950627,0.284639,-0.123647],[-0.163013,-0.118964,0.979426]],[[0.264073,0.951225,0.15949],[-0.808273,0.308479,-0.501533],[-0.52627,0.00352994,0.85031]]],"btipPosition":[-51.9269,266.896,-70.3312],"carpPosition":[-50.8815,251.59,19.228],"dipPosition":[-63.2216,266.972,-52.082],"direction":[0.163013,0.118964,-0.979426],"extended":false,"handId":207,"id":2070,"length":47.7925,"mcpPosition":[-50.8815,251.59,19.228],"pipPosition":[-68.3185,263.253,-21.4585],"stabilizedTipPosition":[-100.604,251.363,22.0296],"timeVisible":0.650926,"tipPosition":[-53.9552,265.729,-66.4319],"tipVelocity":[77.8839,27.4997,-160.917],"tool":false,"touchDistance":-0.553354,"touchZone":"hovering","type":0,"width":18.5699},{"bases":[[[0.987982,0.11693,-0.101086],[-0.064754,0.906955,0.41622],[0.140349,-0.404672,0.903627]],[[0.995713,0.0863332,-0.0332131],[-0.0651429,0.909374,0.410848],[0.0656729,-0.406922,0.911099]],[[0.995713,0.0863332,-0.0332131],[-0.0728445,0.953124,0.29368],[0.0570106,-0.290001,0.955327]],[[0.995713,0.0863332,-0.0332131],[-0.0781842,0.977361,0.196602],[0.0494345,-0.193162,0.979921]]],"btipPosition":[-58.1707,324.938,-112.293],"carpPosition":[-44.0764,272.15,21.0946],"dipPosition":[-57.3962,321.911,-96.9396],"direction":[-0.0570106,0.290001,-0.955327],"extended":true,"handId":207,"id":2071,"length":53.9285,"mcpPosition":[-53.5452,299.452,-39.8693],"pipPosition":[-56.1325,315.484,-75.7648],"stabilizedTipPosition":[-108.808,309.656,-1.66375],"timeVisible":0.650926,"tipPosition":[-57.287,322.849,-109.15],"tipVelocity":[74.9935,-3.63777,-191.301],"tool":false,"touchDistance":-0.585058,"touchZone":"hovering","type":1,"width":17.738},{"bases":[[[0.994327,-0.0951567,-0.0475376],[0.106305,0.904562,0.412876],[0.00371276,-0.415587,0.909546]],[[0.994137,-0.104949,-0.0260342],[0.0462435,0.630288,-0.774983],[0.097743,0.769235,0.631446]],[[0.994137,-0.104949,-0.0260342],[-0.0734244,-0.478449,-0.87504],[0.0793789,0.871821,-0.483349]],[[0.994137,-0.104949,-0.0260342],[-0.103941,-0.861142,-0.497625],[0.0298062,0.497413,-0.867002]]],"btipPosition":[-40.3589,236.372,-38.4308],"carpPosition":[-33.2173,275.091,20.127],"dipPosition":[-39.8452,244.944,-53.3717],"direction":[-0.0793789,-0.871821,0.483349],"extended":false,"handId":207,"id":2072,"length":61.4471,"mcpPosition":[-33.4549,301.68,-38.0653],"pipPosition":[-37.7752,267.679,-65.9761],"stabilizedTipPosition":[-77.1123,232.272,15.8162],"timeVisible":0.650926,"tipPosition":[-40.2403,238.697,-43.1877],"tipVelocity":[102.172,-12.9091,-119.775],"tool":false,"touchDistance":0.333333,"touchZone":"none","type":2,"width":17.4211},{"bases":[[[0.973173,-0.223194,0.0558395],[0.177138,0.881743,0.437209],[-0.146818,-0.415588,0.897625]],[[0.970319,-0.230774,0.0722832],[0.196646,0.578979,-0.791273],[0.140755,0.782002,0.607175]],[[0.970319,-0.230774,0.0722832],[-0.0559626,-0.505068,-0.861264],[0.235265,0.831655,-0.502991]],[[0.970319,-0.230774,0.0722832],[-0.166361,-0.853929,-0.493081],[0.175515,0.466421,-0.866975]]],"btipPosition":[-28.3027,237.797,-29.5567],"carpPosition":[-21.9854,275.083,19.2507],"dipPosition":[-25.2954,245.788,-44.4113],"direction":[-0.235265,-0.831655,0.502991],"extended":false,"handId":207,"id":2073,"length":59.0831,"mcpPosition":[-13.5517,298.956,-32.3115],"pipPosition":[-19.3188,266.915,-57.1891],"stabilizedTipPosition":[-60.5239,232.458,17.7657],"timeVisible":0.650926,"tipPosition":[-27.471,239.914,-34.253],"tipVelocity":[93.6175,-0.689314,-115.304],"tool":false,"touchDistance":0.333333,"touchZone":"none","type":3,"width":16.5772},{"bases":[[[0.906905,-0.412394,0.0863423],[0.312674,0.796091,0.518145],[-0.282417,-0.442911,0.850923]],[[0.868395,-0.460608,0.183657],[0.445504,0.562062,-0.696859],[0.217752,0.686969,0.693295]],[[0.868395,-0.460608,0.183657],[-0.0314819,-0.420836,-0.90659],[0.494872,0.781497,-0.379953]],[[0.868395,-0.460608,0.183657],[-0.278104,-0.759033,-0.588666],[0.410546,0.460119,-0.787237]]],"btipPosition":[-18.2547,248.438,-30.7266],"carpPosition":[-10.8458,268.452,17.7427],"dipPosition":[-11.7653,255.711,-43.1702],"direction":[-0.494872,-0.781497,0.379953],"extended":false,"handId":207,"id":2074,"length":46.32,"mcpPosition":[4.17151,292.004,-27.5046],"pipPosition":[-2.88923,269.728,-49.9851],"stabilizedTipPosition":[-50.3879,239.849,23.9893],"timeVisible":0.650926,"tipPosition":[-16.2956,250.331,-34.4961],"tipVelocity":[85.934,7.03176,-132.522],"tool":false,"touchDistance":0.333333,"touchZone":"none","type":4,"width":14.7252}],"r":[[0.695424,0.0750327,0.714672],[-0.0950261,0.995402,-0.0120395],[-0.712289,-0.0595399,0.699357]],"s":1.11523,"t":[95.8774,99.7809,-201.069],"timestamp":2750756105},false],[4,{"currentFrameRate":109.544,"devices":[],"gestures":[],"hands":[{"armBasis":[[0.935874,0.207297,-0.284901],[-0.0526677,0.881829,0.46862],[0.348378,-0.423564,0.836198]],"armWidth":58.4334,"confidence":0.557948,"direction":[0.0250598,0.553554,-0.832436],"elbow":[61.2726,158.201,226.884],"grabStrength":0,"id":207,"palmNormal":[0.0553511,-0.832189,-0.551723],"palmPosition":[-30.5025,286.965,-23.9253],"palmVelocity":[60.6549,42.1076,-217.646],"palmWidth":83.4409,"pinchStrength":0.488749,"r":[[0.690131,0.0800794,0.71924],[-0.0999215,0.994884,-0.0148919],[-0.716753,-0.0615902,0.694602]],"s":1.12022,"sphereCenter":[-33.8567,265.73,-59.9436],"sphereRadius":42.9375,"stabilizedPalmPosition":[-71.4178,262.914,83.5185],"t":[96.3871,100.356,-203.355],"timeVisible":0.659934,"type":"right","wrist":[-24.9853,263.075,19.8425]}],"id":262582,"interactionBox":{"center":[0,200,0],"size":[235.247,235.247,147.751]},"pointables":[{"bases":[[[0.357036,0.865326,0.351762],[-0.837841,0.130179,0.530166],[0.412975,-0.484009,0.771484]],[[0.260936,0.948529,0.179461],[-0.887883,0.162843,0.430286],[0.378915,-0.271617,0.884674]],[[0.260936,0.948529,0.179461],[-0.950472,0.284953,-0.124118],[-0.168867,-0.138185,0.975904]],[[0.260936,0.948529,0.179461],[-0.809157,0.316287,-0.495205],[-0.526477,-0.015995,0.850039]]],"btipPosition":[-51.3765,269.351,-73.6095],"carpPosition":[-50.6103,252.253,15.6443],"dipPosition":[-62.6757,269.007,-55.3661],"direction":[0.168867,0.138185,-0.975904],"extended":false,"handId":207,"id":2070,"length":47.7925,"mcpPosition":[-50.6103,252.253,15.6443],"pipPosition":[-67.9556,264.687,-24.8527],"stabilizedTipPosition":[-100.298,251.48,21.4299],"timeVisible":0.659934,"tipPosition":[-53.2826,267.979,-69.7106],"tipVelocity":[73.2413,91.8749,-216.743],"tool":false,"touchDistance":-0.575546,"touchZone":"hovering","type":0,"width":18.5699},{"bases":[[[0.98819,0.124735,-0.0890044],[-0.0759347,0.903127,0.422605],[0.133096,-0.410856,0.901933]],[[0.995218,0.0947619,-0.0236874],[-0.0760031,0.903593,0.421597],[0.061355,-0.41778,0.906474]],[[0.995218,0.0947619,-0.0236874],[-0.0829982,0.948269,0.306427],[0.0514996,-0.302995,0.951599]],[[0.995218,0.0947619,-0.0236874],[-0.0876876,0.973601,0.210744],[0.0430325,-0.207659,0.977254]]],"btipPosition":[-57.1868,326.994,-115.217],"carpPosition":[-43.9744,272.846,17.7497],"dipPosition":[-56.5126,323.74,-99.9054],"direction":[-0.0514996,0.302995,-0.951599],"extended":true,"handId":207,"id":2071,"length":53.9285,"mcpPosition":[-52.9538,300.564,-43.0999],"pipPosition":[-55.3711,317.024,-78.8132],"stabilizedTipPosition":[-108.656,309.705,-1.98568],"timeVisible":0.659934,"tipPosition":[-56.31,324.866,-112.093],"tipVelocity":[83.6959,58.4766,-228.223],"tool":false,"touchDistance":-0.598889,"touchZone":"hovering","type":1,"width":17.738},{"bases":[[[0.995455,-0.0877209,-0.0370628],[0.0951643,0.901974,0.421173],[-0.00351603,-0.422786,0.906223]],[[0.995094,-0.0976938,-0.0156233],[0.0502501,0.635105,-0.77079],[0.0852238,0.766223,0.636898]],[[0.995094,-0.0976938,-0.0156233],[-0.0603262,-0.473989,-0.878462],[0.078415,0.875095,-0.477557]],[[0.995094,-0.0976938,-0.0156233],[-0.0922196,-0.858723,-0.504074],[0.0358288,0.503042,-0.863519]]],"btipPosition":[-39.3309,237.564,-41.8693],"carpPosition":[-33.1265,275.871,16.928],"dipPosition":[-38.7134,246.232,-56.7503],"direction":[-0.078415,-0.875095,0.477557],"extended":false,"handId":207,"id":2072,"length":61.4471,"mcpPosition":[-32.9016,302.921,-41.0518],"pipPosition":[-36.6686,269.052,-69.2036],"stabilizedTipPosition":[-76.4014,232.409,14.6707],"timeVisible":0.659934,"tipPosition":[-39.1769,239.907,-46.5899],"tipVelocity":[106.184,27.6652,-191.334],"tool":false,"touchDistance":0.333333,"touchZone":"none","type":2,"width":17.4211},{"bases":[[[0.974063,-0.216725,0.0650556],[0.165881,0.879464,0.446123],[-0.1539,-0.42376,0.892604]],[[0.971106,-0.224388,0.0812613],[0.200735,0.58386,-0.786647],[0.129069,0.780229,0.612032]],[[0.971106,-0.224388,0.0812613],[-0.0434282,-0.500978,-0.86437],[0.234664,0.835866,-0.496247]],[[0.971106,-0.224388,0.0812613],[-0.154954,-0.851823,-0.500386],[0.181501,0.473336,-0.86198]]],"btipPosition":[-27.4047,238.98,-32.7965],"carpPosition":[-21.8857,275.95,16.1784],"dipPosition":[-24.2949,247.09,-47.5655],"direction":[-0.234664,-0.835866,0.496247],"extended":false,"handId":207,"id":2073,"length":59.0831,"mcpPosition":[-13.0453,300.292,-35.0954],"pipPosition":[-18.3335,268.324,-60.172],"stabilizedTipPosition":[-59.9995,232.589,16.9293],"timeVisible":0.659934,"tipPosition":[-26.5392,241.131,-37.4562],"tipVelocity":[96.0052,36.4285,-181.85],"tool":false,"touchDistance":0.333333,"touchZone":"none","type":3,"width":16.5772},{"bases":[[[0.908816,-0.406628,0.0933149],[0.301111,0.794133,0.527906],[-0.288765,-0.451671,0.844161]],[[0.86948,-0.455973,0.189983],[0.448924,0.568952,-0.689029],[0.206087,0.684385,0.69939]],[[0.86948,-0.455973,0.189983],[-0.018627,-0.414597,-0.909814],[0.493618,0.787526,-0.368977]],[[0.86948,-0.455973,0.189983],[-0.265783,-0.756032,-0.598143],[0.416371,0.469579,-0.778544]]],"btipPosition":[-17.4452,249.688,-33.8977],"carpPosition":[-10.6826,269.41,14.7439],"dipPosition":[-10.8637,257.111,-46.2039],"direction":[-0.493618,-0.787526,0.368977],"extended":false,"handId":207,"id":2074,"length":46.32,"mcpPosition":[4.67234,293.427,-30.1438],"pipPosition":[-2.01016,271.236,-52.8219],"stabilizedTipPosition":[-50.1065,239.944,23.4936],"timeVisible":0.659934,"tipPosition":[-15.4606,251.632,-37.6149],"tipVelocity":[87.6604,44.2817,-191.877],"tool":false,"touchDistance":0.333333,"touchZone":"none","type":4,"width":14.7252}],"r":[[0.690131,0.0800794,0.71924],[-0.0999215,0.994884,-0.0148919],[-0.716753,-0.0615902,0.694602]],"s":1.12022,"t":[96.3871,100.356,-203.355],"timestamp":2750765113},false],[5,{"currentFrameRate":109.541,"devices":[],"gestures":[],"hands":[{"armBasis":[[0.937855,0.207686,-0.278018],[-0.0574969,0.883066,0.465713],[0.342231,-0.420786,0.840129]],"armWidth":58.4334,"confidence":0.567674,"direction":[0.0287979,0.551732,-0.833524],"elbow":[59.9886,159.127,226.537],"grabStrength":0,"id":207,"palmNormal":[0.0605891,-0.8333,-0.54949],"palmPosition":[-30.0558,287.092,-25.3322],"palmVelocity":[57.3874,34.2508,-199.96],"palmWidth":83.4409,"pinchStrength":0.46479,"r":[[0.684945,0.0847478,0.723649],[-0.10426,0.994391,-0.0177713],[-0.721096,-0.0632751,0.689939]],"s":1.12538,"sphereCenter":[-33.694,265.872,-61.3368],"sphereRadius":43.0253,"stabilizedPalmPosition":[-71.3852,262.933,83.4328],"t":[96.8652,100.707,-205.202],"timeVisible":0.669068,"type":"right","wrist":[-24.7474,263.314,18.522]}],"id":262583,"interactionBox":{"center":[0,200,0],"size":[235.247,235.247,147.751]},"pointables":[{"bases":[[[0.352918,0.866942,0.351939],[-0.841316,0.129433,0.524818],[0.409434,-0.48131,0.775051]],[[0.262715,0.946434,0.187734],[-0.887184,0.160454,0.432619],[0.379323,-0.28021,0.881814]],[[0.262715,0.946434,0.187734],[-0.949604,0.288094,-0.12351],[-0.170979,-0.145825,0.974424]],[[0.262715,0.946434,0.187734],[-0.811038,0.322008,-0.488393],[-0.522684,-0.0239509,0.85219]]],"btipPosition":[-51.1218,270.323,-74.9285],"carpPosition":[-50.3216,252.423,14.1943],"dipPosition":[-62.3396,269.809,-56.6389],"direction":[0.170979,0.145825,-0.974424],"extended":false,"handId":207,"id":2070,"length":47.7925,"mcpPosition":[-50.3216,252.423,14.1943],"pipPosition":[-67.6856,265.25,-26.1718],"stabilizedTipPosition":[-99.9903,251.604,20.8206],"timeVisible":0.669068,"tipPosition":[-52.9418,268.834,-71.0087],"tipVelocity":[61.1985,94.7313,-196.307],"tool":false,"touchDistance":-0.565951,"touchZone":"hovering","type":0,"width":18.5699},{"bases":[[[0.988418,0.126823,-0.0833394],[-0.080558,0.9039,0.42009],[0.128607,-0.408511,0.903647]],[[0.994942,0.0982967,-0.0207094],[-0.0803203,0.902247,0.423672],[0.0603305,-0.419866,0.905579]],[[0.994942,0.0982967,-0.0207094],[-0.0871073,0.946895,0.309519],[0.0500343,-0.306149,0.950668]],[[0.994942,0.0982967,-0.0207094],[-0.091607,0.97242,0.214495],[0.0412223,-0.211512,0.976506]]],"btipPosition":[-56.5543,327.237,-116.722],"carpPosition":[-43.7459,273.035,16.2928],"dipPosition":[-55.9084,323.923,-101.422],"direction":[-0.0500343,0.306149,-0.950668],"extended":true,"handId":207,"id":2071,"length":53.9285,"mcpPosition":[-52.4225,300.596,-44.6725],"pipPosition":[-54.7994,317.137,-80.3504],"stabilizedTipPosition":[-108.51,309.751,-2.29586],"timeVisible":0.669068,"tipPosition":[-55.6615,325.106,-113.601],"tipVelocity":[79.4803,49.2111,-210.658],"tool":false,"touchDistance":-0.589947,"touchZone":"hovering","type":1,"width":17.738},{"bases":[[[0.99586,-0.0854981,-0.0308729],[0.0905487,0.903139,0.41969],[-0.00800015,-0.420748,0.907142]],[[0.995396,-0.0953794,-0.00950894],[0.0530559,0.630872,-0.774071],[0.0798293,0.770002,0.633028]],[[0.995396,-0.0953794,-0.00950894],[-0.0542778,-0.479112,-0.876074],[0.0790036,0.872557,-0.482082]],[[0.995396,-0.0953794,-0.00950894],[-0.0873099,-0.861274,-0.500583],[0.0395555,0.499108,-0.865636]]],"btipPosition":[-38.6589,237.613,-43.001],"carpPosition":[-32.9003,276.083,15.5295],"dipPosition":[-37.9772,246.214,-57.9184],"direction":[-0.0790036,-0.872557,0.482082],"extended":false,"handId":207,"id":2072,"length":61.4471,"mcpPosition":[-32.3885,303.003,-42.509],"pipPosition":[-35.917,268.968,-70.4898],"stabilizedTipPosition":[-75.7622,232.53,13.6401],"timeVisible":0.669068,"tipPosition":[-38.4849,239.926,-47.7223],"tipVelocity":[97.5658,20.9954,-172.839],"tool":false,"touchDistance":0.333333,"touchZone":"none","type":2,"width":17.4211},{"bases":[[[0.97415,-0.21432,0.0714074],[0.161166,0.88085,0.445116],[-0.158297,-0.422101,0.892621]],[[0.971136,-0.221899,0.0874953],[0.203635,0.580278,-0.788549],[0.124206,0.783606,0.608716]],[[0.971136,-0.221899,0.0874953],[-0.0376919,-0.504971,-0.862313],[0.235529,0.834126,-0.498759]],[[0.971136,-0.221899,0.0874953],[-0.150203,-0.853864,-0.498352],[0.185293,0.470825,-0.862549]]],"btipPosition":[-26.8095,239.071,-33.919],"carpPosition":[-21.6554,276.187,14.8475],"dipPosition":[-23.6347,247.138,-48.6977],"direction":[-0.235529,-0.834126,0.498759],"extended":false,"handId":207,"id":2073,"length":59.0831,"mcpPosition":[-12.5624,300.434,-36.4273],"pipPosition":[-17.6514,268.327,-61.3681],"stabilizedTipPosition":[-59.5281,232.704,16.1754],"timeVisible":0.669068,"tipPosition":[-25.9248,241.204,-38.5639],"tipVelocity":[87.8839,28.7557,-165.525],"tool":false,"touchDistance":0.333333,"touchZone":"none","type":3,"width":16.5772},{"bases":[[[0.909171,-0.40431,0.0997044],[0.296097,0.796017,0.527904],[-0.292803,-0.450433,0.843431]],[[0.869308,-0.453588,0.19637],[0.451436,0.566843,-0.689126],[0.201269,0.687711,0.697527]],[[0.869308,-0.453588,0.19637],[-0.0124511,-0.417262,-0.908701],[0.494114,0.787496,-0.368377]],[[0.869308,-0.453588,0.19637],[-0.260133,-0.757675,-0.598548],[0.420279,0.46924,-0.776646]]],"btipPosition":[-16.8911,249.78,-35.0879],"carpPosition":[-10.4288,269.67,13.4953],"dipPosition":[-10.2478,257.197,-47.3641],"direction":[-0.494114,-0.787496,0.368377],"extended":false,"handId":207,"id":2074,"length":46.32,"mcpPosition":[5.14086,293.621,-31.3537],"pipPosition":[-1.38539,271.322,-53.9714],"stabilizedTipPosition":[-49.8508,240.029,23.0416],"timeVisible":0.669068,"tipPosition":[-14.8925,251.729,-38.7805],"tipVelocity":[80.5867,34.7315,-174.548],"tool":false,"touchDistance":0.333333,"touchZone":"none","type":4,"width":14.7252}],"r":[[0.684945,0.0847478,0.723649],[-0.10426,0.994391,-0.0177713],[-0.721096,-0.0632751,0.689939]],"s":1.12538,"t":[96.8652,100.707,-205.202],"timestamp":2750774247},false],[6,{"currentFrameRate":109.669,"devices":[],"gestures":[],"hands":[{"armBasis":[[0.938358,0.210803,-0.273946],[-0.0617049,0.881943,0.4673],[0.340113,-0.421591,0.840586]],"armWidth":58.4334,"confidence":0.571975,"direction":[0.0318295,0.546153,-0.837081],"elbow":[59.6531,159.287,225.958],"grabStrength":0,"id":207,"palmNormal":[0.0647776,-0.836872,-0.543553],"palmPosition":[-29.6977,287.145,-26.2092],"palmVelocity":[52.7388,26.5737,-172.43],"palmWidth":83.4409,"pinchStrength":0.440236,"r":[[0.680022,0.0897028,0.727684],[-0.108058,0.993911,-0.0215403],[-0.725186,-0.0639844,0.685574]],"s":1.13068,"sphereCenter":[-33.6479,265.769,-62.1106],"sphereRadius":43.1196,"stabilizedPalmPosition":[-71.3567,262.949,83.3578],"t":[97.2834,100.909,-206.564],"timeVisible":0.677958,"type":"right","wrist":[-24.5585,263.673,17.8297]}],"id":262584,"interactionBox":{"center":[0,200,0],"size":[235.247,235.247,147.751]},"pointables":[{"bases":[[[0.34962,0.86995,0.347782],[-0.844086,0.131401,0.519858],[0.406551,-0.47531,0.780254]],[[0.264982,0.945073,0.191367],[-0.886089,0.160384,0.434884],[0.380305,-0.284804,0.879918]],[[0.264982,0.945073,0.191367],[-0.948966,0.290792,-0.122078],[-0.17102,-0.149253,0.973897]],[[0.264982,0.945073,0.191367],[-0.814721,0.32559,-0.479814],[-0.515767,-0.0287688,0.856246]]],"btipPosition":[-51.0838,271.027,-75.6546],"carpPosition":[-50.0915,252.706,13.4519],"dipPosition":[-62.1531,270.409,-57.2779],"direction":[0.17102,0.149253,-0.973897],"extended":false,"handId":207,"id":2070,"length":47.7925,"mcpPosition":[-50.0915,252.706,13.4519],"pipPosition":[-67.5003,265.743,-26.8273],"stabilizedTipPosition":[-99.6847,251.731,20.2126],"timeVisible":0.677958,"tipPosition":[-52.7972,269.44,-71.6908],"tipVelocity":[46.776,89.7751,-164.545],"tool":false,"touchDistance":-0.54828,"touchZone":"hovering","type":0,"width":18.5699},{"bases":[[[0.988577,0.128099,-0.0794122],[-0.084248,0.906559,0.413585],[0.124972,-0.40217,0.906996]],[[0.994668,0.101289,-0.0194057],[-0.0837115,0.902851,0.421726],[0.0602368,-0.417853,0.906515]],[[0.994668,0.101289,-0.0194057],[-0.090441,0.947121,0.307868],[0.0495633,-0.304472,0.951231]],[[0.994668,0.101289,-0.0194057],[-0.0948714,0.972444,0.212959],[0.0404415,-0.209982,0.976868]]],"btipPosition":[-56.1005,326.978,-117.853],"carpPosition":[-43.5638,273.344,15.4431],"dipPosition":[-55.4669,323.688,-102.547],"direction":[-0.0495633,0.304472,-0.951231],"extended":true,"handId":207,"id":2071,"length":53.9285,"mcpPosition":[-51.9951,300.477,-45.7481],"pipPosition":[-54.3683,316.939,-81.4629],"stabilizedTipPosition":[-108.381,309.792,-2.57075],"timeVisible":0.677958,"tipPosition":[-55.1866,324.865,-114.724],"tipVelocity":[71.6685,28.0755,-187.937],"tool":false,"touchDistance":-0.576227,"touchZone":"hovering","type":1,"width":17.738},{"bases":[[[0.996153,-0.0838492,-0.0254784],[0.0868597,0.906115,0.414017],[-0.0116287,-0.414638,0.909912]],[[0.995606,-0.0935513,-0.0041297],[0.0553584,0.623567,-0.779807],[0.0755271,0.776152,0.626006]],[[0.995606,-0.0935513,-0.0041297],[-0.0494301,-0.487573,-0.871682],[0.0795334,0.868055,-0.490055]],[[0.995606,-0.0935513,-0.0041297],[-0.0833982,-0.865771,-0.493443],[0.0425869,0.491619,-0.869768]]],"btipPosition":[-38.1225,237.52,-43.4066],"carpPosition":[-32.7202,276.407,14.7117],"dipPosition":[-37.3886,245.992,-58.3952],"direction":[-0.0795334,-0.868055,0.490055],"extended":false,"handId":207,"id":2072,"length":61.4471,"mcpPosition":[-31.9762,302.936,-43.5041],"pipPosition":[-35.3146,268.629,-71.1744],"stabilizedTipPosition":[-75.1853,232.636,12.7171],"timeVisible":0.677958,"tipPosition":[-37.9324,239.783,-48.132],"tipVelocity":[87.817,11.5521,-138.771],"tool":false,"touchDistance":0.333333,"touchZone":"none","type":2,"width":17.4211},{"bases":[[[0.974183,-0.212019,0.077563],[0.157393,0.88413,0.439934],[-0.16185,-0.416368,0.894674]],[[0.971124,-0.219451,0.0935927],[0.20601,0.57349,-0.792887],[0.120325,0.789272,0.602139]],[[0.971124,-0.219451,0.0935927],[-0.0330888,-0.512398,-0.85811],[0.23627,0.830235,-0.504863]],[[0.971124,-0.219451,0.0935927],[-0.146408,-0.857925,-0.492472],[0.188369,0.464549,-0.865281]]],"btipPosition":[-26.3348,239.056,-34.3297],"carpPosition":[-21.4723,276.527,14.0834],"dipPosition":[-23.1073,247.015,-49.1553],"direction":[-0.23627,-0.830235,0.504863],"extended":false,"handId":207,"id":2073,"length":59.0831,"mcpPosition":[-12.1751,300.445,-37.3094],"pipPosition":[-17.1052,268.106,-61.9806],"stabilizedTipPosition":[-59.105,232.806,15.5033],"timeVisible":0.677958,"tipPosition":[-25.4353,241.151,-38.9682],"tipVelocity":[78.8839,19.7275,-133.429],"tool":false,"touchDistance":0.333333,"touchZone":"none","type":3,"width":16.5772},{"bases":[[[0.909416,-0.401934,0.106827],[0.292077,0.800108,0.523945],[-0.296065,-0.445282,0.845026]],[[0.869133,-0.450676,0.203715],[0.453567,0.562078,-0.691625],[0.197195,0.693513,0.692932]],[[0.869133,-0.450676,0.203715],[-0.00731134,-0.42356,-0.905839],[0.494525,0.785805,-0.371424]],[[0.869133,-0.450676,0.203715],[-0.255522,-0.761838,-0.595241],[0.423459,0.465289,-0.777296]]],"btipPosition":[-16.4418,249.763,-35.6246],"carpPosition":[-10.2273,270.022,12.8295],"dipPosition":[-9.74826,257.118,-47.9111],"direction":[-0.494525,-0.785805,0.371424],"extended":false,"handId":207,"id":2074,"length":46.32,"mcpPosition":[5.51573,293.7,-32.1043],"pipPosition":[-0.878424,271.212,-54.