{"sensorType":"Leap","data":[[0,{"currentFrameRate":110.552,"devices":[],"gestures":[],"hands":[{"armBasis":[[0.937267,0.129014,-0.323861],[0.0362833,0.887854,0.458692],[0.346719,-0.441668,0.827475]],"armWidth":58.4334,"confidence":0.542452,"direction":[-0.0292809,0.537866,-0.842522],"elbow":[59.5207,166.091,233.05],"grabStrength":0,"id":215,"palmNormal":[-0.0390781,-0.842855,-0.53672],"palmPosition":[-34.9133,298.863,-15.36],"palmVelocity":[53.1883,25.9115,-250.308],"palmWidth":83.4409,"pinchStrength":0.646876,"r":[[0.843901,-0.0502532,0.53414],[-0.0495948,0.984033,0.170936],[-0.534202,-0.170744,0.827934]],"s":0.83247,"sphereCenter":[-34.9826,271.786,-52.3756],"sphereRadius":43.1241,"stabilizedPalmPosition":[-50.9338,279.307,39.3207],"t":[106.609,127.661,-186.28],"timeVisible":0.714018,"type":"right","wrist":[-26.3265,275.447,28.1683]}],"id":265650,"interactionBox":{"center":[0,200,0],"size":[235.247,235.247,147.751]},"pointables":[{"bases":[[[0.431156,0.851903,0.297265],[-0.77493,0.180876,0.605613],[0.462155,-0.491473,0.738151]],[[0.319006,0.939108,0.127715],[-0.850995,0.224509,0.474767],[0.417184,-0.260138,0.870796]],[[0.319006,0.939108,0.127715],[-0.942902,0.328095,-0.0573523],[-0.0957626,-0.102127,0.990151]],[[0.319006,0.939108,0.127715],[-0.870404,0.343619,-0.352593],[-0.375008,0.00131574,0.92702]]],"btipPosition":[-60.7879,280.935,-64.0249],"carpPosition":[-52.7333,265.862,26.6913],"dipPosition":[-68.8362,280.963,-44.1293],"direction":[0.0957626,0.102127,-0.990151],"extended":false,"handId":215,"id":2150,"length":47.7925,"mcpPosition":[-52.7333,265.862,26.6913],"pipPosition":[-71.8304,277.77,-13.1704],"stabilizedTipPosition":[-84.6056,261.536,-7.71033],"timeVisible":0.714018,"tipPosition":[-62.2639,279.644,-59.449],"tipVelocity":[62.4663,42.1261,-255.95],"tool":false,"touchDistance":-0.561908,"touchZone":"hovering","type":0,"width":18.5699},{"bases":[[[0.979711,0.0733446,-0.186511],[0.00948691,0.912613,0.408715],[0.200189,-0.402192,0.893401]],[[0.992165,0.0423276,-0.117542],[-0.0130101,0.970747,0.239754],[0.124252,-0.236346,0.963692]],[[0.992165,0.0423276,-0.117542],[-0.0291005,0.993277,0.112049],[0.121495,-0.10775,0.986726]],[[0.992165,0.0423276,-0.117542],[-0.0409274,0.99906,0.0143013],[0.118037,-0.00937855,0.992965]]],"btipPosition":[-67.8761,325.106,-107.96],"carpPosition":[-44.9326,286.125,27.7098],"dipPosition":[-66.0267,324.959,-92.4025],"direction":[-0.121495,0.10775,-0.986726],"extended":true,"handId":215,"id":2151,"length":53.9285,"mcpPosition":[-58.4385,313.26,-32.5642],"pipPosition":[-63.3338,322.571,-70.5317],"stabilizedTipPosition":[-84.7782,308.584,-47.5123],"timeVisible":0.714018,"tipPosition":[-66.6913,324.095,-104.55],"tipVelocity":[26.385,20.6223,-249.517],"tool":false,"touchDistance":-0.563349,"touchZone":"hovering","type":1,"width":17.738},{"bases":[[[0.981682,-0.138327,-0.131019],[0.179375,0.902823,0.390814],[0.0642265,-0.407157,0.911097]],[[0.981841,-0.139356,-0.128716],[0.0127115,0.725313,-0.688302],[0.189279,0.674167,0.713913]],[[0.981841,-0.139356,-0.128716],[-0.173192,-0.381602,-0.907956],[0.0774105,0.913761,-0.398808]],[[0.981841,-0.139356,-0.128716],[-0.18655,-0.832483,-0.5217],[-0.0344523,0.536239,-0.843363]]],"btipPosition":[-47.9828,251.768,-39.1324],"carpPosition":[-34.0823,288.587,25.7819],"dipPosition":[-48.5765,261.009,-53.6659],"direction":[-0.0774105,-0.913761,0.398808],"extended":false,"handId":215,"id":2152,"length":61.4471,"mcpPosition":[-38.1915,314.636,-32.5098],"pipPosition":[-46.5579,284.837,-64.0657],"stabilizedTipPosition":[-76.6554,234.054,18.6532],"timeVisible":0.714018,"tipPosition":[-48.0879,253.999,-42.5546],"tipVelocity":[85.8427,12.3351,-236.503],"tool":false,"touchDistance":0.333333,"touchZone":"none","type":2,"width":17.4211},{"bases":[[[0.9641,-0.264399,-0.0246013],[0.251009,0.877193,0.409299],[-0.0866381,-0.400781,0.912068]],[[0.963668,-0.26634,-0.0201759],[0.169256,0.667342,-0.725263],[0.206631,0.695498,0.688176]],[[0.963668,-0.26634,-0.0201759],[-0.134621,-0.419066,-0.89792],[0.230697,0.868013,-0.439695]],[[0.963668,-0.26634,-0.0201759],[-0.239293,-0.827307,-0.508234],[0.118671,0.494597,-0.860983]]],"btipPosition":[-34.3607,252.088,-30.7162],"carpPosition":[-22.9774,288.088,23.9503],"dipPosition":[-32.3274,260.563,-45.4681],"direction":[-0.230697,-0.868013,0.439695],"extended":false,"handId":215,"id":2153,"length":59.0831,"mcpPosition":[-18.0006,311.11,-28.4416],"pipPosition":[-26.4668,282.613,-56.638],"stabilizedTipPosition":[-57.2994,237.525,14.1217],"timeVisible":0.714018,"tipPosition":[-33.8125,254.172,-34.3288],"tipVelocity":[82.2245,22.3784,-238.601],"tool":false,"touchDistance":0.333333,"touchZone":"none","type":3,"width":16.5772},{"bases":[[[0.892777,-0.450286,0.0138384],[0.389259,0.786514,0.479451],[-0.226774,-0.422656,0.87746]],[[0.846698,-0.51049,0.150009],[0.466366,0.57631,-0.671096],[0.256136,0.638175,0.726035]],[[0.846698,-0.51049,0.150009],[-0.0769855,-0.396505,-0.914799],[0.526475,0.76301,-0.37502]],[[0.846698,-0.51049,0.150009],[-0.351266,-0.748061,-0.563042],[0.399643,0.424034,-0.812699]]],"btipPosition":[-24.3044,262.362,-29.0469],"carpPosition":[-12.2977,280.969,21.5811],"dipPosition":[-17.9874,269.065,-41.893],"direction":[-0.526475,-0.76301,0.37502],"extended":false,"handId":215,"id":2154,"length":46.32,"mcpPosition":[-0.239132,303.444,-25.0773],"pipPosition":[-8.54448,282.75,-48.6194],"stabilizedTipPosition":[-42.2212,247.913,11.6464],"timeVisible":0.714018,"tipPosition":[-22.5835,263.894,-31.9995],"tipVelocity":[75.4343,31.4946,-245.316],"tool":false,"touchDistance":0.333333,"touchZone":"none","type":4,"width":14.7252}],"r":[[0.843901,-0.0502532,0.53414],[-0.0495948,0.984033,0.170936],[-0.534202,-0.170744,0.827934]],"s":0.83247,"t":[106.609,127.661,-186.28],"timestamp":2778983309},false],[1,{"currentFrameRate":110.612,"devices":[],"gestures":[],"hands":[{"armBasis":[[0.939939,0.128597,-0.316191],[0.0322591,0.888707,0.457339],[0.339814,-0.440071,0.831182]],"armWidth":58.4334,"confidence":0.548072,"direction":[-0.0316212,0.53698,-0.843002],"elbow":[58.2569,166.674,232.403],"grabStrength":0,"id":215,"palmNormal":[-0.0352711,-0.843498,-0.535973],"palmPosition":[-34.5687,298.974,-16.9462],"palmVelocity":[49.1991,22.2347,-230.447],"palmWidth":83.4409,"pinchStrength":0.644817,"r":[[0.843648,-0.0453747,0.534975],[-0.055176,0.983819,0.170456],[-0.534053,-0.173323,0.827494]],"s":0.834435,"sphereCenter":[-35.0043,271.998,-53.8658],"sphereRadius":43.0148,"stabilizedPalmPosition":[-50.9203,279.323,39.2743],"t":[107.005,127.899,-188.45],"timeVisible":0.722953,"type":"right","wrist":[-25.8806,275.636,26.6035]}],"id":265651,"interactionBox":{"center":[0,200,0],"size":[235.247,235.247,147.751]},"pointables":[{"bases":[[[0.427323,0.854085,0.296537],[-0.775776,0.177949,0.605397],[0.464292,-0.488746,0.73862]],[[0.315273,0.940385,0.127587],[-0.853037,0.221908,0.472318],[0.415848,-0.257745,0.872145]],[[0.315273,0.940385,0.127587],[-0.94399,0.324559,-0.0595319],[-0.0973923,-0.101672,0.990039]],[[0.315273,0.940385,0.127587],[-0.872858,0.34011,-0.349921],[-0.372454,-0.00104426,0.92805]]],"btipPosition":[-60.2414,280.931,-65.6634],"carpPosition":[-52.2442,265.931,25.1331],"dipPosition":[-68.235,280.908,-45.7457],"direction":[0.0973923,0.101672,-0.990039],"extended":false,"handId":215,"id":2150,"length":47.7925,"mcpPosition":[-52.2442,265.931,25.1331],"pipPosition":[-71.2801,277.729,-14.7903],"stabilizedTipPosition":[-84.554,261.58,-7.8326],"timeVisible":0.722953,"tipPosition":[-61.7692,279.688,-61.0565],"tipVelocity":[62.4935,30.1559,-235.991],"tool":false,"touchDistance":-0.558552,"touchZone":"hovering","type":0,"width":18.5699},{"bases":[[[0.979388,0.077556,-0.186506],[0.00537807,0.913009,0.407903],[0.201917,-0.400498,0.893773]],[[0.991417,0.048418,-0.121445],[-0.0178121,0.970259,0.241415],[0.129522,-0.237179,0.962793]],[[0.991417,0.048418,-0.121445],[-0.0346332,0.992974,0.113152],[0.126071,-0.107975,0.986128]],[[0.991417,0.048418,-0.121445],[-0.0469565,0.998786,0.0148687],[0.122018,-0.00903842,0.992487]]],"btipPosition":[-67.9658,325.129,-109.505],"carpPosition":[-44.5342,286.23,26.1342],"dipPosition":[-66.054,324.988,-93.9546],"direction":[-0.126071,0.107975,-0.986128],"extended":true,"handId":215,"id":2151,"length":53.9285,"mcpPosition":[-58.1567,313.25,-34.1649],"pipPosition":[-63.2596,322.595,-72.097],"stabilizedTipPosition":[-84.7734,308.589,-47.5285],"timeVisible":0.722953,"tipPosition":[-66.717,324.155,-106.101],"tipVelocity":[16.8854,15.7356,-228.651],"tool":false,"touchDistance":-0.558541,"touchZone":"hovering","type":1,"width":17.738},{"bases":[[[0.9823,-0.134056,-0.130826],[0.17531,0.903963,0.390023],[0.0659771,-0.406055,0.911464]],[[0.982475,-0.13515,-0.128367],[0.00934368,0.723521,-0.690239],[0.186163,0.676943,0.712104]],[[0.982475,-0.13515,-0.128367],[-0.171423,-0.384685,-0.906991],[0.0731992,0.9131,-0.401111]],[[0.982475,-0.13515,-0.128367],[-0.182728,-0.834304,-0.520141],[-0.0368001,0.534482,-0.844378]]],"btipPosition":[-47.4193,251.774,-40.5753],"carpPosition":[-33.6949,288.738,24.2048],"dipPosition":[-48.0535,260.985,-55.1264],"direction":[-0.0731992,-0.9131,0.401111],"extended":false,"handId":215,"id":2152,"length":61.4471,"mcpPosition":[-37.916,314.717,-34.1103],"pipPosition":[-46.1447,284.796,-65.5862],"stabilizedTipPosition":[-76.4647,234.184,18.243],"timeVisible":0.722953,"tipPosition":[-47.5382,254.005,-44.0357],"tipVelocity":[79.3418,8.9361,-216.157],"tool":false,"touchDistance":0.333333,"touchZone":"none","type":2,"width":17.4211},{"bases":[[[0.965273,-0.260109,-0.0242977],[0.247056,0.87867,0.408536],[-0.0849145,-0.400352,0.912419]],[[0.964821,-0.262179,-0.0195728],[0.166426,0.666686,-0.72652],[0.203527,0.697705,0.686866]],[[0.964821,-0.262179,-0.0195728],[-0.132624,-0.421073,-0.897278],[0.227006,0.868308,-0.441032]],[[0.964821,-0.262179,-0.0195728],[-0.235541,-0.828916,-0.507365],[0.116796,0.494126,-0.861509]]],"btipPosition":[-33.8169,252.173,-32.2155],"carpPosition":[-22.5876,288.287,22.3745],"dipPosition":[-31.8157,260.64,-46.9765],"direction":[-0.227006,-0.868308,0.441032],"extended":false,"handId":215,"id":2153,"length":59.0831,"mcpPosition":[-17.7099,311.285,-30.0375],"pipPosition":[-26.049,282.698,-58.1803],"stabilizedTipPosition":[-57.1581,237.623,13.8282],"timeVisible":0.722953,"tipPosition":[-33.2756,254.257,-35.8401],"tipVelocity":[76.168,18.8145,-219.344],"tool":false,"touchDistance":0.333333,"touchZone":"none","type":3,"width":16.5772},{"bases":[[[0.894779,-0.44628,0.0143023],[0.385705,0.788672,0.478778],[-0.224949,-0.422884,0.877819]],[[0.848818,-0.506704,0.150863],[0.464216,0.577764,-0.671336],[0.253006,0.639875,0.725636]],[[0.848818,-0.506704,0.150863],[-0.0746329,-0.39734,-0.914632],[0.523391,0.765096,-0.375086]],[[0.848818,-0.506704,0.150863],[-0.347582,-0.749864,-0.562931],[0.398366,0.425389,-0.812619]]],"btipPosition":[-23.8029,262.506,-30.6219],"carpPosition":[-11.8761,281.214,20.0124],"dipPosition":[-17.506,269.23,-43.4667],"direction":[-0.523391,-0.765096,0.375086],"extended":false,"handId":215,"id":2154,"length":46.32,"mcpPosition":[0.0854053,303.701,-26.6651],"pipPosition":[-8.11845,282.953,-50.1943],"stabilizedTipPosition":[-42.1264,247.99,11.4304],"timeVisible":0.722953,"tipPosition":[-22.0899,264.045,-33.5663],"tipVelocity":[70.0248,27.4307,-226.466],"tool":false,"touchDistance":0.333333,"touchZone":"none","type":4,"width":14.7252}],"r":[[0.843648,-0.0453747,0.534975],[-0.055176,0.983819,0.170456],[-0.534053,-0.173323,0.827494]],"s":0.834435,"t":[107.005,127.899,-188.45],"timestamp":2778992244},false],[2,{"currentFrameRate":110.48,"devices":[],"gestures":[],"hands":[{"armBasis":[[0.935949,0.139383,-0.323375],[0.0215259,0.893963,0.447623],[0.351477,-0.425913,0.833704]],"armWidth":58.4334,"confidence":0.550041,"direction":[-0.0325028,0.539254,-0.841516],"elbow":[61.6486,169.376,231.11],"grabStrength":0,"id":215,"palmNormal":[-0.0250664,-0.842136,-0.538683],"palmPosition":[-34.0699,298.224,-18.8341],"palmVelocity":[50.4736,-6.81654,-222.8],"palmWidth":83.4409,"pinchStrength":0.641393,"r":[[0.842991,-0.040269,0.536418],[-0.0615865,0.983412,0.170609],[-0.53439,-0.176858,0.826528]],"s":0.836274,"sphereCenter":[-34.8216,271.58,-55.7425],"sphereRadius":42.8747,"stabilizedPalmPosition":[-50.9092,279.335,39.2361],"t":[107.453,127.643,-190.479],"timeVisible":0.732238,"type":"right","wrist":[-25.3766,274.832,24.6858]}],"id":265652,"interactionBox":{"center":[0,200,0],"size":[235.247,235.247,147.751]},"pointables":[{"bases":[[[0.418136,0.857012,0.301152],[-0.780221,0.169048,0.602227],[0.465207,-0.486778,0.739344]],[[0.306645,0.942527,0.132705],[-0.858125,0.213437,0.466976],[0.411813,-0.257073,0.874256]],[[0.306645,0.942527,0.132705],[-0.946223,0.316966,-0.0647613],[-0.103102,-0.10571,0.989038]],[[0.306645,0.942527,0.132705],[-0.875463,0.334006,-0.349293],[-0.373542,-0.00906921,0.927569]]],"btipPosition":[-59.2543,280.16,-67.791],"carpPosition":[-51.6437,264.893,23.0604],"dipPosition":[-67.2713,279.966,-47.8836],"direction":[0.103102,0.10571,-0.989038],"extended":false,"handId":215,"id":2150,"length":47.7925,"mcpPosition":[-51.6437,264.893,23.0604],"pipPosition":[-70.4949,276.66,-16.9596],"stabilizedTipPosition":[-84.5086,261.616,-7.9398],"timeVisible":0.732238,"tipPosition":[-60.8346,278.926,-63.1665],"tipVelocity":[74.6834,-2.94247,-234.134],"tool":false,"touchDistance":-0.56298,"touchZone":"hovering","type":0,"width":18.5699},{"bases":[[[0.979516,0.0870076,-0.181601],[-0.00484962,0.911765,0.410683],[0.20131,-0.40139,0.89351]],[[0.990725,0.0601505,-0.121842],[-0.0280947,0.967986,0.249427],[0.132945,-0.243691,0.960698]],[[0.990725,0.0601505,-0.121842],[-0.0452413,0.991543,0.121634],[0.128128,-0.114993,0.985068]],[[0.990725,0.0601505,-0.121842],[-0.0577138,0.998058,0.0234335],[0.123015,-0.0161841,0.992273]]],"btipPosition":[-67.7099,324.741,-111.352],"carpPosition":[-44.1232,285.258,24.1596],"dipPosition":[-65.7825,324.488,-95.8054],"direction":[-0.128128,0.114993,-0.985068],"extended":true,"handId":215,"id":2151,"length":53.9285,"mcpPosition":[-57.7047,312.338,-36.1217],"pipPosition":[-62.9425,321.939,-73.9713],"stabilizedTipPosition":[-84.7699,308.592,-47.5405],"timeVisible":0.732238,"tipPosition":[-66.392,323.722,-107.963],"tipVelocity":[20.0032,-1.26596,-220.308],"tool":false,"touchDistance":-0.558744,"touchZone":"hovering","type":1,"width":17.738},{"bases":[[[0.984086,-0.124739,-0.126547],[0.16524,0.904315,0.393586],[0.0653431,-0.408233,0.910536]],[[0.98427,-0.125907,-0.123939],[0.00575055,0.723973,-0.689805],[0.17658,0.678241,0.713308]],[[0.98427,-0.125907,-0.123939],[-0.163655,-0.385466,-0.908093],[0.0665616,0.914092,-0.400007]],[[0.98427,-0.125907,-0.123939],[-0.172603,-0.835005,-0.52247],[-0.0377065,0.535644,-0.843602]]],"btipPosition":[-46.3698,250.942,-42.5266],"carpPosition":[-33.2981,287.87,22.2895],"dipPosition":[-47.0196,260.173,-57.0643],"direction":[-0.0665616,-0.914092,0.400007],"extended":false,"handId":215,"id":2152,"length":61.4471,"mcpPosition":[-37.4788,313.989,-35.9662],"pipPosition":[-45.2838,284.009,-67.4954],"stabilizedTipPosition":[-76.2934,234.292,17.8762],"timeVisible":0.732238,"tipPosition":[-46.4976,253.189,-46.0286],"tipVelocity":[88.7326,-18.7064,-214.372],"tool":false,"touchDistance":0.333333,"touchZone":"none","type":2,"width":17.4211},{"bases":[[[0.967701,-0.251268,-0.0204827],[0.237125,0.879618,0.412364],[-0.0855969,-0.403902,0.910789]],[[0.967229,-0.253425,-0.0156108],[0.16403,0.670608,-0.72345],[0.193809,0.697181,0.690201]],[[0.967229,-0.253425,-0.0156108],[-0.124309,-0.419039,-0.899418],[0.221393,0.871884,-0.43681]],[[0.967229,-0.253425,-0.0156108],[-0.225512,-0.829191,-0.511456],[0.116671,0.498216,-0.859168]]],"btipPosition":[-32.8259,251.476,-34.2695],"carpPosition":[-22.1787,287.525,20.5108],"dipPosition":[-30.8268,260.012,-48.9904],"direction":[-0.221393,-0.871884,0.43681],"extended":false,"handId":215,"id":2153,"length":59.0831,"mcpPosition":[-17.2618,310.727,-31.8076],"pipPosition":[-25.2026,282.161,-60.087],"stabilizedTipPosition":[-57.0337,237.702,13.5698],"timeVisible":0.732238,"tipPosition":[-32.2854,253.575,-37.8681],"tipVelocity":[84.7705,-7.17261,-219.593],"tool":false,"touchDistance":0.333333,"touchZone":"none","type":3,"width":16.5772},{"bases":[[[0.898719,-0.438188,0.0172177],[0.376251,0.790666,0.482994],[-0.225255,-0.427597,0.875454]],[[0.852366,-0.499732,0.154075],[0.463232,0.584804,-0.665898],[0.242667,0.638962,0.729959]],[[0.852366,-0.499732,0.154075],[-0.0645477,-0.392916,-0.917306],[0.518946,0.771936,-0.367165]],[[0.852366,-0.499732,0.154075],[-0.336659,-0.74983,-0.569575],[0.400165,0.433616,-0.807369]]],"btipPosition":[-22.9163,261.876,-32.6953],"carpPosition":[-11.3923,280.557,18.1784],"dipPosition":[-16.591,268.73,-45.4572],"direction":[-0.518946,-0.771936,0.367165],"extended":false,"handId":215,"id":2154,"length":46.32,"mcpPosition":[0.585495,303.295,-28.3733],"pipPosition":[-7.28311,282.576,-52.0427],"stabilizedTipPosition":[-42.0447,248.051,11.2443],"timeVisible":0.732238,"tipPosition":[-21.2084,263.453,-35.575],"tipVelocity":[77.4022,1.49089,-224.997],"tool":false,"touchDistance":0.333333,"touchZone":"none","type":4,"width":14.7252}],"r":[[0.842991,-0.040269,0.536418],[-0.0615865,0.983412,0.170609],[-0.53439,-0.176858,0.826528]],"s":0.836274,"t":[107.453,127.643,-190.479],"timestamp":2779001529},false],[3,{"currentFrameRate":110.656,"devices":[],"gestures":[],"hands":[{"armBasis":[[0.938732,0.145982,-0.312203],[0.0097877,0.894206,0.447549],[0.344508,-0.423184,0.837991]],"armWidth":58.4334,"confidence":0.556718,"direction":[-0.0325747,0.540863,-0.84048],"elbow":[60.1935,169.883,230.618],"grabStrength":0,"id":215,"palmNormal":[-0.0133556,-0.841086,-0.540736],"palmPosition":[-33.7584,298.07,-20.3885],"palmVelocity":[46.5247,-9.73303,-210.862],"palmWidth":83.4409,"pinchStrength":0.640658,"r":[[0.841837,-0.0347689,0.538611],[-0.0688721,0.982845,0.171091],[-0.53532,-0.181126,0.825001]],"s":0.838004,"sphereCenter":[-34.841,271.751,-57.2569],"sphereRadius":42.726,"stabilizedPalmPosition":[-50.901,279.344,39.2074],"t":[107.832,127.438,-192.27],"timeVisible":0.740963,"type":"right","wrist":[-25.1064,274.663,23.132]}],"id":265653,"interactionBox":{"center":[0,200,0],"size":[235.247,235.247,147.751]},"pointables":[{"bases":[[[0.407737,0.860401,0.305712],[-0.785609,0.159924,0.597697],[0.465369,-0.483874,0.741146]],[[0.296857,0.944994,0.137338],[-0.864293,0.204735,0.459436],[0.406047,-0.255087,0.877529]],[[0.296857,0.944994,0.137338],[-0.948469,0.308477,-0.0724436],[-0.110824,-0.108756,0.987872]],[[0.296857,0.944994,0.137338],[-0.877762,0.32667,-0.350458],[-0.376045,-0.0165141,0.926454]]],"btipPosition":[-58.3145,279.9,-69.6217],"carpPosition":[-51.2631,264.468,21.3192],"dipPosition":[-66.3852,279.546,-49.7383],"direction":[0.110824,0.108756,-0.987872],"extended":false,"handId":215,"id":2150,"length":47.7925,"mcpPosition":[-51.2631,264.468,21.3192],"pipPosition":[-69.8503,276.145,-18.8507],"stabilizedTipPosition":[-84.4697,261.645,-8.03114],"timeVisible":0.740963,"tipPosition":[-59.9704,278.694,-64.9769],"tipVelocity":[83.1378,-11.2529,-227.801],"tool":false,"touchDistance":-0.562558,"touchZone":"hovering","type":0,"width":18.5699},{"bases":[[[0.979723,0.0971104,-0.175248],[-0.0164469,0.910715,0.412708],[0.19968,-0.401458,0.893846]],[[0.989969,0.0727595,-0.121105],[-0.0395191,0.965584,0.257071],[0.135642,-0.249707,0.958774]],[[0.989969,0.0727595,-0.121105],[-0.0568484,0.989881,0.130012],[0.12934,-0.121823,0.984089]],[[0.989969,0.0727595,-0.121105],[-0.0693553,0.997076,0.0320968],[0.123087,-0.0233755,0.992121]]],"btipPosition":[-67.5625,324.894,-112.923],"carpPosition":[-43.9516,284.905,22.5117],"dipPosition":[-65.634,324.527,-97.3784],"direction":[-0.12934,0.121823,-0.984089],"extended":true,"handId":215,"id":2151,"length":53.9285,"mcpPosition":[-57.4232,311.989,-37.7923],"pipPosition":[-62.7672,321.827,-75.566],"stabilizedTipPosition":[-84.7676,308.594,-47.5486],"timeVisible":0.740963,"tipPosition":[-66.179,323.823,-109.547],"tipVelocity":[19.1782,2.94523,-209.549],"tool":false,"touchDistance":-0.554771,"touchZone":"hovering","type":1,"width":17.738},{"bases":[[[0.986046,-0.114708,-0.120647],[0.153812,0.904986,0.396663],[0.0636836,-0.409685,0.910001]],[[0.98623,-0.115917,-0.11796],[0.00281483,0.724917,-0.688831],[0.165358,0.679013,0.71526]],[[0.98623,-0.115917,-0.11796],[-0.154131,-0.385643,-0.909683],[0.0599575,0.915337,-0.398199]],[[0.98623,-0.115917,-0.11796],[-0.161029,-0.835625,-0.525167],[-0.037694,0.536931,-0.842784]]],"btipPosition":[-45.4389,250.704,-44.214],"carpPosition":[-33.1414,287.628,20.7156],"dipPosition":[-46.0885,259.957,-58.7376],"direction":[-0.0599575,-0.915337,0.398199],"extended":false,"handId":215,"id":2152,"length":61.4471,"mcpPosition":[-37.2159,313.839,-37.506],"pipPosition":[-44.5249,283.826,-69.1215],"stabilizedTipPosition":[-76.1473,234.38,17.565],"timeVisible":0.740963,"tipPosition":[-45.5685,252.961,-47.726],"tipVelocity":[93.5374,-20.8449,-208.662],"tool":false,"touchDistance":0.333333,"touchZone":"none","type":2,"width":17.4211},{"bases":[[[0.970251,-0.241639,-0.0149744],[0.225819,0.880957,0.415836],[-0.0872906,-0.406847,0.909316]],[[0.969755,-0.243879,-0.00996025],[0.162121,0.674088,-0.72064],[0.182463,0.697229,0.693238]],[[0.969755,-0.243879,-0.00996025],[-0.114303,-0.4177,-0.901366],[0.215664,0.875243,-0.432943]],[[0.969755,-0.243879,-0.00996025],[-0.214006,-0.829926,-0.515193],[0.117379,0.501743,-0.857016]]],"btipPosition":[-31.9598,251.369,-35.9494],"carpPosition":[-22.0082,287.397,19.0059],"dipPosition":[-29.9487,259.966,-50.6334],"direction":[-0.215664,-0.875243,0.432943],"extended":false,"handId":215,"id":2153,"length":59.0831,"mcpPosition":[-16.994,310.768,-33.2279],"pipPosition":[-24.47,282.2,-61.6317],"stabilizedTipPosition":[-56.9299,237.765,13.3549],"timeVisible":0.740963,"tipPosition":[-31.4169,253.481,-39.5234],"tipVelocity":[88.7313,-8.09684,-212.096],"tool":false,"touchDistance":0.333333,"touchZone":"none","type":3,"width":16.5772},{"bases":[[[0.902888,-0.429319,0.0218686],[0.365374,0.793221,0.487137],[-0.226484,-0.43184,0.873052]],[[0.856143,-0.491784,0.158643],[0.461948,0.590824,-0.661461],[0.231566,0.63959,0.733009]],[[0.856143,-0.491784,0.158643],[-0.0544712,-0.391188,-0.918697],[0.51386,0.777895,-0.361701]],[[0.856143,-0.491784,0.158643],[-0.325408,-0.751593,-0.573774],[0.401408,0.439609,-0.803502]]],"btipPosition":[-22.1661,261.864,-34.2785],"carpPosition":[-11.139,280.542,16.7255],"dipPosition":[-15.8211,268.813,-46.9792],"direction":[-0.51386,-0.777895,0.361701],"extended":false,"handId":215,"id":2154,"length":46.32,"mcpPosition":[0.904148,303.504,-29.6985],"pipPosition":[-6.6045,282.765,-53.4667],"stabilizedTipPosition":[-41.9782,248.099,11.0934],"timeVisible":0.740963,"tipPosition":[-20.4568,263.466,-37.1376],"tipVelocity":[79.8354,1.39108,-212.92],"tool":false,"touchDistance":0.333333,"touchZone":"none","type":4,"width":14.7252}],"r":[[0.841837,-0.0347689,0.538611],[-0.0688721,0.982845,0.171091],[-0.53532,-0.181126,0.825001]],"s":0.838004,"t":[107.832,127.438,-192.27],"timestamp":2779010254},false],[4,{"currentFrameRate":110.508,"devices":[],"gestures":[],"hands":[{"armBasis":[[0.941129,0.148664,-0.303603],[0.00424395,0.892842,0.45035],[0.33802,-0.425126,0.839649]],"armWidth":58.4334,"confidence":0.562664,"direction":[-0.0330387,0.539325,-0.841449],"elbow":[58.8184,169.303,229.889],"grabStrength":0,"id":215,"palmNormal":[-0.00766896,-0.842021,-0.539391],"palmPosition":[-33.5279,297.855,-21.5889],"palmVelocity":[40.3725,-13.4784,-187.707],"palmWidth":83.4409,"pinchStrength":0.639876,"r":[[0.840621,-0.0293532,0.540828],[-0.0757795,0.982335,0.171101],[-0.536297,-0.184815,0.823547]],"s":0.839642,"sphereCenter":[-35.2021,271.708,-58.315],"sphereRadius":42.5922,"stabilizedPalmPosition":[-50.894,279.352,39.1831],"t":[108.137,127.229,-193.766],"timeVisible":0.750274,"type":"right","wrist":[-24.8751,274.563,21.9929]}],"id":265654,"interactionBox":{"center":[0,200,0],"size":[235.247,235.247,147.751]},"pointables":[{"bases":[[[0.402578,0.86294,0.305393],[-0.788007,0.156935,0.595328],[0.465806,-0.480318,0.743182]],[[0.292007,0.946554,0.136993],[-0.867749,0.201973,0.454112],[0.402173,-0.251479,0.880349]],[[0.292007,0.946554,0.136993],[-0.949483,0.304116,-0.0774263],[-0.11495,-0.107463,0.987541]],[[0.292007,0.946554,0.136993],[-0.879861,0.322015,-0.3495],[-0.374935,-0.0184783,0.926867]]],"btipPosition":[-57.7442,279.503,-70.9418],"carpPosition":[-50.9752,264.234,20.1268],"dipPosition":[-65.791,279.106,-51.0495],"direction":[0.11495,0.107463,-0.987541],"extended":false,"handId":215,"id":2150,"length":47.7925,"mcpPosition":[-50.9752,264.234,20.1268],"pipPosition":[-69.3851,275.746,-20.1722],"stabilizedTipPosition":[-84.4313,261.673,-8.12109],"timeVisible":0.750274,"tipPosition":[-59.4506,278.35,-66.2654],"tipVelocity":[77.1203,-20.4272,-203.43],"tool":false,"touchDistance":-0.554407,"touchZone":"hovering","type":0,"width":18.5699},{"bases":[[[0.979689,0.10176,-0.172783],[-0.0221396,0.91129,0.41117],[0.199296,-0.398993,0.895034]],[[0.989024,0.0800604,-0.124186],[-0.0453342,0.964365,0.260664],[0.14063,-0.252173,0.957409]],[[0.989024,0.0800604,-0.124186],[-0.0632152,0.988948,0.134107],[0.13355,-0.124785,0.983155]],[[0.989024,0.0800604,-0.124186],[-0.0760949,0.996437,0.0363609],[0.126655,-0.0265118,0.991592]]],"btipPosition":[-67.7007,324.744,-114.127],"carpPosition":[-43.77,284.709,21.3054],"dipPosition":[-65.7163,324.328,-98.5904],"direction":[-0.13355,0.124785,-0.983155],"extended":true,"handId":215,"id":2151,"length":53.9285,"mcpPosition":[-57.2156,311.627,-39.0788],"pipPosition":[-62.7561,321.563,-76.7987],"stabilizedTipPosition":[-84.7659,308.596,-47.5546],"timeVisible":0.750274,"tipPosition":[-66.2532,323.652,-110.762],"tipVelocity":[9.95493,-2.77648,-186.925],"tool":false,"touchDistance":-0.545712,"touchZone":"hovering","type":1,"width":17.738},{"bases":[[[0.986931,-0.109935,-0.117818],[0.148188,0.906393,0.39559],[0.0633,-0.407879,0.910839]],[[0.987119,-0.11117,-0.115057],[0.000948104,0.7232,-0.690638],[0.159987,0.681633,0.713989]],[[0.987119,-0.11117,-0.115057],[-0.149728,-0.388502,-0.909202],[0.0563766,0.914717,-0.400143]],[[0.987119,-0.11117,-0.115057],[-0.155388,-0.837429,-0.523992],[-0.0380993,0.535121,-0.843916]]],"btipPosition":[-44.904,250.376,-45.323],"carpPosition":[-32.9688,287.484,19.5337],"dipPosition":[-45.5605,259.598,-59.8661],"direction":[-0.0563766,-0.914717,0.400143],"extended":false,"handId":215,"id":2152,"length":61.4471,"mcpPosition":[-37.0187,313.58,-38.7414],"pipPosition":[-44.0904,283.451,-70.3007],"stabilizedTipPosition":[-76.0064,234.462,17.2648],"timeVisible":0.750274,"tipPosition":[-45.0367,252.629,-48.8512],"tipVelocity":[83.2905,-25.1243,-183.492],"tool":false,"touchDistance":0.333333,"touchZone":"none","type":2,"width":17.4211},{"bases":[[[0.971491,-0.236772,-0.0119797],[0.220264,0.882759,0.414995],[-0.0876841,-0.405803,0.909745]],[[0.970978,-0.239072,-0.00681488],[0.160873,0.673931,-0.721066],[0.17698,0.699043,0.692833]],[[0.970978,-0.239072,-0.00681488],[-0.109561,-0.419287,-0.901219],[0.212599,0.87581,-0.433311]],[[0.970978,-0.239072,-0.00681488],[-0.208361,-0.831572,-0.514852],[0.11742,0.50133,-0.857252]]],"btipPosition":[-31.4572,251.137,-37.0956],"carpPosition":[-21.8301,287.307,17.8543],"dipPosition":[-29.4453,259.727,-51.7837],"direction":[-0.212599,-0.87581,0.433311],"extended":false,"handId":215,"id":2153,"length":59.0831,"mcpPosition":[-16.7932,310.617,-34.4041],"pipPosition":[-24.0445,281.976,-62.7914],"stabilizedTipPosition":[-56.8328,237.823,13.1534],"timeVisible":0.750274,"tipPosition":[-30.9147,253.244,-40.6557],"tipVelocity":[78.9164,-12.9073,-186.978],"tool":false,"touchDistance":0.333333,"touchZone":"none","type":3,"width":16.5772},{"bases":[[[0.904976,-0.424729,0.0249903],[0.360067,0.795842,0.486813],[-0.226652,-0.431556,0.873149]],[[0.858028,-0.487354,0.162094],[0.461139,0.592051,-0.660928],[0.226138,0.641842,0.732735]],[[0.858028,-0.487354,0.162094],[-0.0496052,-0.392761,-0.918302],[0.511202,0.779888,-0.361175]],[[0.858028,-0.487354,0.162094],[-0.319888,-0.754006,-0.573713],[0.401821,0.44041,-0.802857]]],"btipPosition":[-21.7213,261.688,-35.4056],"carpPosition":[-10.9203,280.502,15.6142],"dipPosition":[-15.3699,268.65,-48.0962],"direction":[-0.511202,-0.779888,0.361175],"extended":false,"handId":215,"id":2154,"length":46.32,"mcpPosition":[1.13172,303.45,-30.8149],"pipPosition":[-6.20092,282.638,-54.5742],"stabilizedTipPosition":[-41.9177,248.141,10.9558],"timeVisible":0.750274,"tipPosition":[-20.014,263.293,-38.2566],"tipVelocity":[70.818,-4.25654,-186.89],"tool":false,"touchDistance":0.333333,"touchZone":"none","type":4,"width":14.7252}],"r":[[0.840621,-0.0293532,0.540828],[-0.0757795,0.982335,0.171101],[-0.536297,-0.184815,0.823547]],"s":0.839642,"t":[108.137,127.229,-193.766],"timestamp":2779019565},false],[5,{"currentFrameRate":101.329,"devices":[],"gestures":[],"hands":[{"armBasis":[[0.94443,0.146721,-0.294152],[0.000235745,0.894557,0.446954],[0.328713,-0.422186,0.844812]],"armWidth":58.4334,"confidence":0.593723,"direction":[-0.0341969,0.525157,-0.850318],"elbow":[57.548,170.229,226.997],"grabStrength":0,"id":215,"palmNormal":[-0.00331733,-0.850871,-0.525365],"palmPosition":[-32.5339,297.291,-26.1508],"palmVelocity":[38.3451,-18.1498,-176.918],"palmWidth":83.4409,"pinchStrength":0.637925,"r":[[0.839487,-0.0225094,0.542914],[-0.0821897,0.982386,0.167817],[-0.537128,-0.185502,0.82285]],"s":0.842184,"sphereCenter":[-35.1992,270.866,-62.2754],"sphereRadius":42.447,"stabilizedPalmPosition":[-50.8826,279.363,39.1426],"t":[108.787,126.841,-196.795],"timeVisible":0.77708,"type":"right","wrist":[-23.8412,274.762,17.8225]}],"id":265655,"interactionBox":{"center":[0,200,0],"size":[235.247,235.247,147.751]},"pointables":[{"bases":[[[0.398454,0.869611,0.291566],[-0.789489,0.163382,0.591619],[0.466841,-0.465921,0.751649]],[[0.288211,0.949721,0.122329],[-0.870591,0.206688,0.446487],[0.398754,-0.235181,0.886389]],[[0.288211,0.949721,0.122329],[-0.950284,0.299402,-0.0855523],[-0.117876,-0.0915901,0.988795]],[[0.288211,0.949721,0.122329],[-0.882776,0.313019,-0.350322],[-0.370999,-0.00702242,0.928607]]],"btipPosition":[-56.4996,278.071,-75.3277],"carpPosition":[-49.8941,264.291,16.0939],"dipPosition":[-64.4619,277.92,-55.398],"direction":[0.117876,0.0915901,-0.988795],"extended":false,"handId":215,"id":2150,"length":47.7925,"mcpPosition":[-49.8941,264.291,16.0939],"pipPosition":[-68.1476,275.057,-24.4815],"stabilizedTipPosition":[-84.3419,261.729,-8.3357],"timeVisible":0.77708,"tipPosition":[-58.2417,277.039,-70.5951],"tipVelocity":[58.673,-39.4353,-178.722],"tool":false,"touchDistance":-0.592959,"touchZone":"hovering","type":0,"width":18.5699},{"bases":[[[0.97948,0.103105,-0.173171],[-0.0266121,0.917876,0.395974],[0.199777,-0.383241,0.901785]],[[0.98764,0.0853492,-0.131465],[-0.0500768,0.966605,0.25133],[0.148526,-0.24164,0.958932]],[[0.98764,0.0853492,-0.131465],[-0.0689046,0.989771,0.124924],[0.140782,-0.114322,0.983418]],[[0.98764,0.0853492,-0.131465],[-0.0824736,0.996223,0.027175],[0.133288,-0.0159967,0.990948]]],"btipPosition":[-67.3169,322.973,-119.001],"carpPosition":[-42.7784,284.813,16.9422],"dipPosition":[-65.2285,322.723,-103.475],"direction":[-0.140782,0.114322,-0.983418],"extended":true,"handId":215,"id":2151,"length":53.9285,"mcpPosition":[-56.2565,310.669,-43.8974],"pipPosition":[-62.1081,320.189,-81.6773],"stabilizedTipPosition":[-84.7624,308.599,-47.5681],"timeVisible":0.77708,"tipPosition":[-65.7958,321.918,-115.639],"tipVelocity":[13.1899,-40.8543,-183.847],"tool":false,"touchDistance":-0.592624,"touchZone":"hovering","type":1,"width":17.738},{"bases":[[[0.987554,-0.107617,-0.114695],[0.143756,0.913456,0.3807],[0.0637989,-0.39245,0.917558]],[[0.987749,-0.108845,-0.111821],[-0.00128972,0.710859,-0.703334],[0.156043,0.694862,0.70201]],[[0.987749,-0.108845,-0.111821],[-0.14679,-0.404941,-0.902483],[0.0529499,0.907841,-0.415958]],[[0.987749,-0.108845,-0.111821],[-0.151047,-0.846851,-0.50993],[-0.0391921,0.520573,-0.852917]]],"btipPosition":[-43.6714,249.355,-49.0507],"carpPosition":[-31.9868,287.605,15.1389],"dipPosition":[-44.3468,258.326,-63.749],"direction":[-0.0529499,-0.907841,0.415958],"extended":false,"handId":215,"id":2152,"length":61.4471,"mcpPosition":[-36.0687,312.713,-43.5661],"pipPosition":[-42.966,282,-74.5959],"stabilizedTipPosition":[-75.7223,234.612,16.6495],"timeVisible":0.77708,"tipPosition":[-43.8105,251.55,-52.6308],"tipVelocity":[60.2238,-34.4315,-156.96],"tool":false,"touchDistance":0.333333,"touchZone":"none","type":2,"width":17.4211},{"bases":[[[0.972513,-0.232748,-0.00678847],[0.215906,0.890457,0.400588],[-0.0871911,-0.391043,0.916233]],[[0.971961,-0.235141,-0.00117117],[0.156617,0.65108,-0.742675],[0.175396,0.721667,0.669651]],[[0.971961,-0.235141,-0.00117117],[-0.108764,-0.445151,-0.888826],[0.208478,0.864031,-0.458244]],[[0.971961,-0.235141,-0.00117117],[-0.204647,-0.843439,-0.496719],[0.115811,0.483031,-0.86791]]],"btipPosition":[-30.3034,250.116,-40.0798],"carpPosition":[-20.8451,287.448,13.4771],"dipPosition":[-28.3191,258.392,-54.9504],"direction":[-0.208478,-0.864031,0.458244],"extended":false,"handId":215,"id":2153,"length":59.0831,"mcpPosition":[-15.8366,309.91,-39.1541],"pipPosition":[-23.023,280.342,-66.5915],"stabilizedTipPosition":[-56.6227,237.933,12.7122],"timeVisible":0.77708,"tipPosition":[-29.7548,252.223,-43.9315],"tipVelocity":[56.6859,-30.0666,-141.368],"tool":false,"touchDistance":0.333333,"touchZone":"none","type":3,"width":16.5772},{"bases":[[[0.906754,-0.420351,0.0332064],[0.355982,0.805347,0.474018],[-0.225997,-0.417997,0.879889]],[[0.859789,-0.480989,0.1715],[0.459723,0.58288,-0.670004],[0.222301,0.654904,0.722276]],[[0.859789,-0.480989,0.1715],[-0.0464696,-0.40815,-0.911731],[0.508531,0.775927,-0.373274]],[[0.859789,-0.480989,0.1715],[-0.315788,-0.764743,-0.561646],[0.401299,0.428739,-0.809408]]],"btipPosition":[-20.5585,260.951,-39.3542],"carpPosition":[-9.90325,280.654,11.3644],"dipPosition":[-14.2153,267.728,-52.1483],"direction":[-0.508531,-0.775927,0.373274],"extended":false,"handId":215,"id":2154,"length":46.32,"mcpPosition":[2.11398,302.881,-35.4232],"pipPosition":[-5.09426,281.645,-58.8434],"stabilizedTipPosition":[-41.8119,248.208,10.709],"timeVisible":0.77708,"tipPosition":[-18.8547,262.516,-42.2283],"tipVelocity":[53.8828,-19.5375,-163.066],"tool":false,"touchDistance":0.333333,"touchZone":"none","type":4,"width":14.7252}],"r":[[0.839487,-0.0225094,0.542914],[-0.0821897,0.982386,0.167817],[-0.537128,-0.185502,0.82285]],"s":0.842184,"t":[108.787,126.841,-196.795],"timestamp":2779046371},false],[6,{"currentFrameRate":101.764,"devices":[],"gestures":[],"hands":[{"armBasis":[[0.946166,0.146075,-0.288847],[-0.00170044,0.894608,0.446849],[0.323678,-0.422302,0.846695]],"armWidth":58.4334,"confidence":0.597977,"direction":[-0.0336107,0.522897,-0.851733],"elbow":[56.504,170.298,226.616],"grabStrength":0,"id":215,"palmNormal":[-0.00123675,-0.852236,-0.523157],"palmPosition":[-32.2941,297.262,-27.0705],"palmVelocity":[35.1423,-14.0577,-156.445],"palmWidth":83.4409,"pinchStrength":0.637011,"r":[[0.838377,-0.0165064,0.54484],[-0.0876526,0.982451,0.16464],[-0.537997,-0.185787,0.822218]],"s":0.844465,"sphereCenter":[-35.185,270.831,-63.0824],"sphereRadius":42.4146,"stabilizedPalmPosition":[-50.8794,279.366,39.1312],"t":[109.231,126.633,-198.77],"timeVisible":0.786071,"type":"right","wrist":[-23.6385,274.86,16.9749]}],"id":265656,"interactionBox":{"center":[0,200,0],"size":[235.247,235.247,147.751]},"pointables":[{"bases":[[[0.396717,0.870948,0.289938],[-0.790668,0.16376,0.589937],[0.466325,-0.463283,0.753598]],[[0.286778,0.950383,0.120541],[-0.871872,0.206781,0.443937],[0.396985,-0.232408,0.887913]],[[0.286778,0.950383,0.120541],[-0.950521,0.297968,-0.0878906],[-0.119447,-0.089372,0.98881]],[[0.286778,0.950383,0.120541],[-0.883391,0.311025,-0.350549],[-0.370647,-0.00595525,0.928755]]],"btipPosition":[-56.1562,277.907,-76.2628],"carpPosition":[-49.6733,264.346,15.2321],"dipPosition":[-64.111,277.779,-56.33],"direction":[0.119447,0.089372,-0.98881],"extended":false,"handId":215,"id":2150,"length":47.7925,"mcpPosition":[-49.6733,264.346,15.2321],"pipPosition":[-67.8457,274.985,-25.4131],"stabilizedTipPosition":[-84.3138,261.746,-8.4031],"timeVisible":0.786071,"tipPosition":[-57.8996,276.891,-71.5194],"tipVelocity":[53.1073,-33.4569,-158.203],"tool":false,"touchDistance":-0.576013,"touchZone":"hovering","type":0,"width":18.5699},{"bases":[[[0.979603,0.104091,-0.171883],[-0.0285845,0.918861,0.393545],[0.198901,-0.380605,0.903094]],[[0.987364,0.0873456,-0.132221],[-0.0520086,0.966776,0.250279],[0.149689,-0.24024,0.959103]],[[0.987364,0.0873456,-0.132221],[-0.0709783,0.989764,0.123809],[0.141682,-0.11286,0.983458]],[[0.987364,0.0873456,-0.132221],[-0.0846378,0.996073,0.0259742],[0.133971,-0.014455,0.99088]]],"btipPosition":[-67.1449,322.752,-120],"carpPosition":[-42.5889,284.881,16.0384],"dipPosition":[-65.0458,322.525,-104.475],"direction":[-0.141682,0.11286,-0.983458],"extended":true,"handId":215,"id":2151,"length":53.9285,"mcpPosition":[-56.0079,310.559,-44.8895],"pipPosition":[-61.9054,320.024,-82.6762],"stabilizedTipPosition":[-84.7612,308.6,-47.5724],"timeVisible":0.786071,"tipPosition":[-65.609,321.717,-116.637],"tipVelocity":[14.8964,-36.2417,-163.888],"tool":false,"touchDistance":-0.576678,"touchZone":"hovering","type":1,"width":17.738},{"bases":[[[0.987892,-0.106466,-0.112846],[0.141814,0.914651,0.378553],[0.0629115,-0.389972,0.918675]],[[0.988086,-0.107695,-0.109948],[-0.00121243,0.708917,-0.705291],[0.1539,0.697021,0.70034]],[[0.988086,-0.107695,-0.109948],[-0.144754,-0.407636,-0.901598],[0.0522793,0.906772,-0.418369]],[[0.988086,-0.107695,-0.109948],[-0.148989,-0.848444,-0.507882],[-0.0385879,0.518212,-0.854381]]],"btipPosition":[-43.3246,249.248,-49.8542],"carpPosition":[-31.7986,287.684,14.245],"dipPosition":[-43.9896,258.179,-64.5776],"direction":[-0.0522793,-0.906772,0.418369],"extended":false,"handId":215,"id":2152,"length":61.4471,"mcpPosition":[-35.8237,312.634,-44.5315],"pipPosition":[-42.6263,281.825,-75.4875],"stabilizedTipPosition":[-75.6371,234.656,16.4648],"timeVisible":0.786071,"tipPosition":[-43.4616,251.433,-53.442],"tipVelocity":[54.356,-28.5173,-138.592],"tool":false,"touchDistance":0.333333,"touchZone":"none","type":2,"width":17.4211},{"bases":[[[0.972862,-0.231338,-0.00463884],[0.213965,0.89181,0.398615],[-0.0880781,-0.38879,0.917106]],[[0.972293,-0.233762,0.00108947],[0.155904,0.644968,-0.748138],[0.174184,0.72758,0.663542]],[[0.972293,-0.233762,0.00108947],[-0.107684,-0.452018,-0.885485],[0.207486,0.860834,-0.464666]],[[0.972293,-0.233762,0.00108947],[-0.202929,-0.846341,-0.492471],[0.116043,0.478605,-0.870328]]],"btipPosition":[-29.9905,249.992,-40.5508],"carpPosition":[-20.6541,287.539,12.6013],"dipPosition":[-28.0023,258.193,-55.4629],"direction":[-0.207486,-0.860834,0.464666],"extended":false,"handId":215,"id":2153,"length":59.0831,"mcpPosition":[-15.5946,309.872,-40.08],"pipPosition":[-22.7314,280.061,-67.2671],"stabilizedTipPosition":[-56.5562,237.968,12.5732],"timeVisible":0.786071,"tipPosition":[-29.4381,252.1,-44.5019],"tipVelocity":[50.7096,-26.1218,-117.248],"tool":false,"touchDistance":0.333333,"touchZone":"none","type":3,"width":16.5772},{"bases":[[[0.907313,-0.418933,0.0357388],[0.354049,0.807096,0.472489],[-0.226786,-0.416042,0.880612]],[[0.860126,-0.479367,0.174329],[0.459799,0.580685,-0.671855],[0.220835,0.658036,0.719875]],[[0.860126,-0.479367,0.174329],[-0.0449273,-0.411635,-0.910241],[0.508099,0.77509,-0.375595]],[[0.860126,-0.479367,0.174329],[-0.314011,-0.766947,-0.559633],[0.401971,0.426614,-0.810198]]],"btipPosition":[-20.2676,260.896,-40.1014],"carpPosition":[-9.69892,280.756,10.5236],"dipPosition":[-13.9137,267.639,-52.908],"direction":[-0.508099,-0.77509,0.375595],"extended":false,"handId":215,"id":2154,"length":46.32,"mcpPosition":[2.36029,302.878,-36.3023],"pipPosition":[-4.80041,281.541,-59.6447],"stabilizedTipPosition":[-41.7814,248.227,10.6376