{"sensorType":"Leap","data":[[0,{"currentFrameRate":110.534,"devices":[],"gestures":[],"hands":[{"armBasis":[[0.927552,0.263465,-0.265017],[-0.0928763,0.849457,0.519419],[0.361969,-0.457175,0.812385]],"armWidth":58.4334,"confidence":0.664074,"direction":[-0.0489895,0.453956,-0.889676],"elbow":[75.3878,160.157,233.551],"grabStrength":0,"id":203,"palmNormal":[0.0966516,-0.884411,-0.456591],"palmPosition":[-23.2277,291.571,-13.4643],"palmVelocity":[-33.9825,17.9925,-169.867],"palmWidth":83.4409,"pinchStrength":0.54238,"r":[[0.822781,0.181455,0.538614],[-0.195564,0.980186,-0.0314758],[-0.533654,-0.0794357,0.841964]],"s":1.13588,"sphereCenter":[-20.2086,266.022,-47.1903],"sphereRadius":43.2764,"stabilizedPalmPosition":[-21.0617,279.354,28.5151],"t":[70.6079,141.552,-150.01],"timeVisible":0.614869,"type":"right","wrist":[-14.2354,273.353,32.4049]}],"id":260781,"interactionBox":{"center":[0,200,0],"size":[235.247,235.247,147.751]},"pointables":[{"bases":[[[0.304021,0.923225,0.235004],[-0.82416,0.131153,0.550962],[0.47784,-0.361184,0.800759]],[[0.218251,0.971231,0.0952768],[-0.881292,0.154219,0.446701],[0.419156,-0.18146,0.889596]],[[0.218251,0.971231,0.0952768],[-0.965439,0.229133,-0.124197],[-0.142455,-0.0648778,0.987673]],[[0.218251,0.971231,0.0952768],[-0.859178,0.23753,-0.453203],[-0.462796,0.0170524,0.886301]]],"btipPosition":[-43.9141,270.305,-59.9649],"carpPosition":[-39.1134,260.336,30.6604],"dipPosition":[-53.8466,270.671,-40.9432],"direction":[0.142455,0.0648778,-0.987673],"extended":false,"handId":203,"id":2030,"length":47.7925,"mcpPosition":[-39.1134,260.336,30.6604],"pipPosition":[-58.3007,268.643,-10.0619],"stabilizedTipPosition":[-49.4396,256.342,-12.0831],"timeVisible":0.614869,"tipPosition":[-45.5317,269.255,-55.6631],"tipVelocity":[-24.4632,40.4994,-177.659],"tool":false,"touchDistance":-0.522031,"touchZone":"hovering","type":0,"width":18.5699},{"bases":[[[0.971774,0.183039,-0.148837],[-0.127506,0.938311,0.321425],[0.198489,-0.293374,0.935165]],[[0.989297,0.143496,-0.0264519],[-0.124596,0.925115,0.358662],[0.0759375,-0.351527,0.933093]],[[0.989297,0.143496,-0.0264519],[-0.135078,0.969212,0.205869],[0.0551789,-0.200093,0.978222]],[[0.989297,0.143496,-0.0264519],[-0.141071,0.986932,0.0778706],[0.0372803,-0.0733056,0.996612]]],"btipPosition":[-52.1647,320.677,-107.029],"carpPosition":[-33.9745,281.451,30.1215],"dipPosition":[-51.5806,319.528,-91.4145],"direction":[-0.0551789,0.200093,-0.978222],"extended":true,"handId":203,"id":2031,"length":53.9285,"mcpPosition":[-47.3658,301.243,-32.9701],"pipPosition":[-50.3575,315.093,-69.7321],"stabilizedTipPosition":[-51.9549,308.784,-56.6548],"timeVisible":0.614869,"tipPosition":[-51.2008,319.497,-103.567],"tipVelocity":[-37.4095,29.9363,-171.156],"tool":false,"touchDistance":-0.52448,"touchZone":"hovering","type":1,"width":17.738},{"bases":[[[0.997059,-0.0209393,-0.0737245],[0.0430081,0.949079,0.312088],[0.0634355,-0.314341,0.947188]],[[0.997056,-0.0209274,-0.0737604],[-0.0449235,0.620143,-0.783201],[0.0621324,0.784209,0.617378]],[[0.997056,-0.0209274,-0.0737604],[-0.0727457,-0.562109,-0.823858],[-0.0242202,0.826798,-0.561977]],[[0.997056,-0.0209274,-0.0737604],[-0.0456989,-0.934677,-0.352547],[-0.0615643,0.35488,-0.932882]]],"btipPosition":[-28.5383,242.891,-28.7031],"carpPosition":[-23.4259,285.119,28.4555],"dipPosition":[-29.5992,249.006,-44.7794],"direction":[0.0242202,-0.826798,0.561977],"extended":false,"handId":203,"id":2032,"length":61.4471,"mcpPosition":[-27.4844,305.23,-32.1452],"pipPosition":[-30.2308,270.567,-59.4341],"stabilizedTipPosition":[-36.9052,232.948,7.2758],"timeVisible":0.614869,"tipPosition":[-28.823,244.519,-33.3107],"tipVelocity":[2.53029,12.5182,-150.714],"tool":false,"touchDistance":0.333333,"touchZone":"none","type":2,"width":17.4211},{"bases":[[[0.989428,-0.138455,0.0431503],[0.116134,0.934654,0.336058],[-0.0868594,-0.327494,0.940852]],[[0.985656,-0.150166,0.0770251],[0.149768,0.567898,-0.809359],[0.0777955,0.809285,0.582242]],[[0.985656,-0.150166,0.0770251],[-0.0289333,-0.599994,-0.799481],[0.166269,0.785785,-0.595732]],[[0.985656,-0.150166,0.0770251],[-0.116181,-0.934778,-0.335695],[0.122411,0.321931,-0.938816]]],"btipPosition":[-16.7798,246.08,-19.5079],"carpPosition":[-12.2605,285.904,27.1741],"dipPosition":[-14.6824,251.596,-35.5935],"direction":[-0.166269,-0.785785,0.595732],"extended":false,"handId":203,"id":2033,"length":59.0831,"mcpPosition":[-7.27105,304.716,-26.8712],"pipPosition":[-10.4585,271.558,-50.7272],"stabilizedTipPosition":[-20.6766,236.705,9.71243],"timeVisible":0.614869,"tipPosition":[-16.1139,247.515,-24.1908],"tipVelocity":[-7.31282,21.9213,-148.682],"tool":false,"touchDistance":0.333333,"touchZone":"none","type":3,"width":16.5772},{"bases":[[[0.939845,-0.327944,0.09563],[0.260479,0.869111,0.420472],[-0.221004,-0.370268,0.902252]],[[0.932818,-0.338865,0.122557],[0.303001,0.553526,-0.775757],[0.195039,0.760776,0.619015]],[[0.932818,-0.338865,0.122557],[-0.0944412,-0.558123,-0.824366],[0.347751,0.75741,-0.55263]],[[0.932818,-0.338865,0.122557],[-0.267823,-0.879517,-0.393347],[0.241082,0.334097,-0.911185]]],"btipPosition":[-5.27994,256.203,-17.7745],"carpPosition":[-0.659447,280.049,25.9593],"dipPosition":[-1.46922,261.484,-32.1773],"direction":[-0.347751,-0.75741,0.55263],"extended":false,"handId":203,"id":2034,"length":46.32,"mcpPosition":[11.0923,299.738,-22.0174],"pipPosition":[4.76807,275.069,-42.0893],"stabilizedTipPosition":[-6.02753,246.034,10.2015],"timeVisible":0.614869,"tipPosition":[-3.96863,257.496,-21.6943],"tipVelocity":[-24.5445,33.4239,-152.728],"tool":false,"touchDistance":0.333333,"touchZone":"none","type":4,"width":14.7252}],"r":[[0.822781,0.181455,0.538614],[-0.195564,0.980186,-0.0314758],[-0.533654,-0.0794357,0.841964]],"s":1.13588,"t":[70.6079,141.552,-150.01],"timestamp":2734188609},false],[1,{"currentFrameRate":110.605,"devices":[],"gestures":[],"hands":[{"armBasis":[[0.927262,0.268455,-0.260993],[-0.0993114,0.848452,0.519872],[0.361002,-0.456138,0.813398]],"armWidth":58.4334,"confidence":0.666018,"direction":[-0.0475584,0.455559,-0.888934],"elbow":[74.8266,160.419,232.805],"grabStrength":0,"id":203,"palmNormal":[0.102942,-0.882967,-0.458008],"palmPosition":[-23.4497,291.627,-14.4602],"palmVelocity":[-31.5103,14.795,-154.021],"palmWidth":83.4409,"pinchStrength":0.536322,"r":[[0.819867,0.185502,0.541671],[-0.200987,0.9791,-0.0310938],[-0.536118,-0.083376,0.840016]],"s":1.13834,"sphereCenter":[-20.4673,266.227,-48.1927],"sphereRadius":43.2427,"stabilizedPalmPosition":[-21.0624,279.357,28.5025],"t":[70.3243,141.659,-151.274],"timeVisible":0.623785,"type":"right","wrist":[-14.5572,273.358,31.4083]}],"id":260782,"interactionBox":{"center":[0,200,0],"size":[235.247,235.247,147.751]},"pointables":[{"bases":[[[0.298448,0.924232,0.238168],[-0.82708,0.125911,0.547801],[0.476307,-0.360474,0.801991]],[[0.213389,0.971961,0.0987747],[-0.88367,0.148905,0.443796],[0.416645,-0.181986,0.890667]],[[0.213389,0.971961,0.0987747],[-0.965949,0.225043,-0.127665],[-0.146314,-0.0681691,0.986887]],[[0.213389,0.971961,0.0987747],[-0.859571,0.234838,-0.45386],[-0.46433,0.0119449,0.885582]]],"btipPosition":[-43.8949,270.427,-61.1007],"carpPosition":[-39.3627,260.222,29.5336],"dipPosition":[-53.8603,270.684,-42.0945],"direction":[0.146314,0.0681691,-0.986887],"extended":false,"handId":203,"id":2030,"length":47.7925,"mcpPosition":[-39.3627,260.222,29.5336],"pipPosition":[-58.4351,268.552,-11.2377],"stabilizedTipPosition":[-49.438,256.349,-12.1051],"timeVisible":0.623785,"tipPosition":[-45.526,269.381,-56.7964],"tipVelocity":[-17.4433,32.426,-164.074],"tool":false,"touchDistance":-0.515252,"touchZone":"hovering","type":0,"width":18.5699},{"bases":[[[0.97146,0.188172,-0.14442],[-0.133504,0.936995,0.322826],[0.196067,-0.294332,0.935375]],[[0.988551,0.149013,-0.0236943],[-0.130563,0.923506,0.360679],[0.0756276,-0.353456,0.932389]],[[0.988551,0.149013,-0.0236943],[-0.140848,0.96766,0.209274],[0.0541126,-0.203541,0.97757]],[[0.988551,0.149013,-0.0236943],[-0.146617,0.985757,0.0823777],[0.0356322,-0.0779606,0.996319]]],"btipPosition":[-52.2918,320.878,-108.059],"carpPosition":[-34.3267,281.362,29.0596],"dipPosition":[-51.7336,319.657,-92.4483],"direction":[-0.0541126,0.203541,-0.97757],"extended":true,"handId":203,"id":2031,"length":53.9285,"mcpPosition":[-47.5546,301.22,-34.0462],"pipPosition":[-50.5341,315.145,-70.7804],"stabilizedTipPosition":[-51.9549,308.787,-56.6688],"timeVisible":0.623785,"tipPosition":[-51.326,319.708,-104.596],"tipVelocity":[-31.2851,27.4321,-156.012],"tool":false,"touchDistance":-0.51582,"touchZone":"hovering","type":1,"width":17.738},{"bases":[[[0.997448,-0.0158343,-0.0696232],[0.0369923,0.948629,0.31422],[0.0610712,-0.315993,0.946794]],[[0.997452,-0.0158554,-0.0695598],[-0.0448828,0.618425,-0.784561],[0.0554571,0.785684,0.616138]],[[0.997452,-0.0158554,-0.0695598],[-0.0663723,-0.563816,-0.823229],[-0.0261662,0.825748,-0.563431]],[[0.997452,-0.0158554,-0.0695598],[-0.0394472,-0.934966,-0.352538],[-0.0594464,0.354383,-0.933209]]],"btipPosition":[-28.4414,242.935,-29.59],"carpPosition":[-23.7896,285.086,27.445],"dipPosition":[-29.4659,249.042,-45.6719],"direction":[0.0261662,-0.825748,0.563431],"extended":false,"handId":203,"id":2032,"length":61.4471,"mcpPosition":[-27.6969,305.303,-33.1304],"pipPosition":[-30.1482,270.575,-60.3646],"stabilizedTipPosition":[-36.9033,232.951,7.26658],"timeVisible":0.623785,"tipPosition":[-28.7174,244.558,-34.2176],"tipVelocity":[5.0557,10.3958,-136.794],"tool":false,"touchDistance":0.333333,"touchZone":"none","type":2,"width":17.4211},{"bases":[[[0.989917,-0.133629,0.0469763],[0.110089,0.934517,0.338464],[-0.0891289,-0.32988,0.939806]],[[0.986017,-0.145549,0.0811564],[0.150382,0.567295,-0.809667],[0.0718066,0.81055,0.581251]],[[0.986017,-0.145549,0.0811564],[-0.02297,-0.601055,-0.798878],[0.165055,0.785843,-0.595993]],[[0.986017,-0.145549,0.0811564],[-0.110369,-0.935242,-0.336363],[0.124858,0.322703,-0.938229]]],"btipPosition":[-16.7777,246.176,-20.3731],"carpPosition":[-12.6231,285.93,26.2117],"dipPosition":[-14.6384,251.705,-36.4486],"direction":[-0.165055,-0.785843,0.595993],"extended":false,"handId":203,"id":2033,"length":59.0831,"mcpPosition":[-7.50326,304.879,-27.7736],"pipPosition":[-10.4454,271.668,-51.589],"stabilizedTipPosition":[-20.675,236.709,9.69981],"timeVisible":0.623785,"tipPosition":[-16.1015,247.612,-25.0602],"tipVelocity":[-4.9625,18.9825,-134.543],"tool":false,"touchDistance":0.333333,"touchZone":"none","type":3,"width":16.5772},{"bases":[[[0.94106,-0.323471,0.0988587],[0.254407,0.869516,0.423342],[-0.222898,-0.373239,0.90056]],[[0.932868,-0.336073,0.129665],[0.306913,0.553096,-0.774525],[0.18858,0.762325,0.61911]],[[0.932868,-0.336073,0.129665],[-0.0871202,-0.559768,-0.824057],[0.349525,0.75744,-0.551468]],[[0.932868,-0.336073,0.129665],[-0.262409,-0.880614,-0.394538],[0.246778,0.334026,-0.909685]]],"btipPosition":[-5.42032,256.397,-18.6584],"carpPosition":[-0.988109,280.135,25.033],"dipPosition":[-1.51956,261.677,-33.0376],"direction":[-0.349525,-0.75744,0.551468],"extended":false,"handId":203,"id":2034,"length":46.32,"mcpPosition":[10.8644,299.982,-22.8537],"pipPosition":[4.74955,275.263,-42.9288],"stabilizedTipPosition":[-6.02618,246.044,10.1726],"timeVisible":0.623785,"tipPosition":[-4.07457,257.68,-22.5792],"tipVelocity":[-21.5146,30.2452,-137.965],"tool":false,"touchDistance":0.333333,"touchZone":"none","type":4,"width":14.7252}],"r":[[0.819867,0.185502,0.541671],[-0.200987,0.9791,-0.0310938],[-0.536118,-0.083376,0.840016]],"s":1.13834,"t":[70.3243,141.659,-151.274],"timestamp":2734197525},false],[2,{"currentFrameRate":110.505,"devices":[],"gestures":[],"hands":[{"armBasis":[[0.928038,0.270277,-0.256312],[-0.103551,0.84819,0.519471],[0.357803,-0.455547,0.815141]],"armWidth":58.4334,"confidence":0.657859,"direction":[-0.0464489,0.456569,-0.888475],"elbow":[73.6693,160.66,232.274],"grabStrength":0,"id":203,"palmNormal":[0.107037,-0.882039,-0.458858],"palmPosition":[-23.741,291.754,-15.4244],"palmVelocity":[-31.5252,14.509,-140.132],"palmWidth":83.4409,"pinchStrength":0.522042,"r":[[0.817081,0.189099,0.544629],[-0.205921,0.978088,-0.030665],[-0.538493,-0.0870949,0.838117]],"s":1.14098,"sphereCenter":[-20.8485,266.451,-49.1589],"sphereRadius":43.2403,"stabilizedPalmPosition":[-21.0631,279.361,28.4911],"t":[70.0369,141.776,-152.388],"timeVisible":0.633012,"type":"right","wrist":[-14.9223,273.453,30.4457]}],"id":260783,"interactionBox":{"center":[0,200,0],"size":[235.247,235.247,147.751]},"pointables":[{"bases":[[[0.294848,0.924855,0.240224],[-0.829038,0.122589,0.54559],[0.475143,-0.360021,0.802885]],[[0.211112,0.972086,0.102372],[-0.884456,0.145386,0.443397],[0.416137,-0.18415,0.89046]],[[0.211112,0.972086,0.102372],[-0.966288,0.223342,-0.128084],[-0.147372,-0.0718807,0.986466]],[[0.211112,0.972086,0.102372],[-0.863109,0.234546,-0.447248],[-0.458774,0.00606125,0.888532]]],"btipPosition":[-44.2758,270.788,-62.1922],"carpPosition":[-39.6807,260.241,28.4828],"dipPosition":[-54.122,270.919,-43.1227],"direction":[0.147372,0.0718808,-0.986466],"extended":false,"handId":203,"id":2030,"length":47.7925,"mcpPosition":[-39.6807,260.241,28.4828],"pipPosition":[-58.7298,268.671,-12.279],"stabilizedTipPosition":[-49.4367,256.356,-12.1252],"timeVisible":0.633012,"tipPosition":[-45.8393,269.729,-57.8552],"tipVelocity":[-23.2947,33.4218,-150.794],"tool":false,"touchDistance":-0.508214,"touchZone":"hovering","type":0,"width":18.5699},{"bases":[[[0.971271,0.191419,-0.141389],[-0.137382,0.936147,0.323659],[0.194315,-0.294936,0.93555]],[[0.988011,0.152746,-0.0224261],[-0.134381,0.92239,0.362131],[0.0759996,-0.354775,0.931858]],[[0.988011,0.152746,-0.0224261],[-0.144624,0.966565,0.211746],[0.0540196,-0.205964,0.977067]],[[0.988011,0.152746,-0.0224261],[-0.150324,0.98492,0.0856412],[0.0351692,-0.0812432,0.996074]]],"btipPosition":[-52.5624,321.112,-109.044],"carpPosition":[-34.7101,281.398,28.0507],"dipPosition":[-52.0113,319.839,-93.437],"direction":[-0.0540196,0.205964,-0.977067],"extended":true,"handId":203,"id":2031,"length":53.9285,"mcpPosition":[-47.8197,301.297,-35.0669],"pipPosition":[-50.814,315.274,-71.7802],"stabilizedTipPosition":[-51.9551,308.791,-56.6827],"timeVisible":0.633012,"tipPosition":[-51.59,319.96,-105.58],"tipVelocity":[-30.7843,26.488,-142.219],"tool":false,"touchDistance":-0.507357,"touchZone":"hovering","type":1,"width":17.738},{"bases":[[[0.997688,-0.0126015,-0.0667831],[0.0331007,0.948329,0.315557],[0.0593558,-0.317038,0.946554]],[[0.997698,-0.0126544,-0.0666249],[-0.0448311,0.614075,-0.787974],[0.0508841,0.789146,0.612094]],[[0.997698,-0.0126544,-0.0666249],[-0.0620029,-0.568177,-0.820567],[-0.027471,0.822809,-0.567654]],[[0.997698,-0.0126544,-0.0666249],[-0.0352529,-0.936041,-0.35012],[-0.0579331,0.351663,-0.934332]]],"btipPosition":[-28.5122,243.043,-30.2403],"carpPosition":[-24.1802,285.157,26.4712],"dipPosition":[-29.5106,249.103,-46.3415],"direction":[0.027471,-0.822809,0.567654],"extended":false,"handId":203,"id":2032,"length":61.4471,"mcpPosition":[-27.9778,305.441,-34.0889],"pipPosition":[-30.2269,270.56,-61.1443],"stabilizedTipPosition":[-36.902,232.952,7.25987],"timeVisible":0.633012,"tipPosition":[-28.7853,244.656,-34.9268],"tipVelocity":[1.66912,10.4521,-118.331],"tool":false,"touchDistance":0.333333,"touchZone":"none","type":2,"width":17.4211},{"bases":[[[0.990195,-0.130572,0.0496413],[0.106172,0.934416,0.339993],[-0.090779,-0.331389,0.939117]],[[0.986196,-0.142647,0.0840765],[0.150993,0.566351,-0.810215],[0.0679578,0.811726,0.580072]],[[0.986196,-0.142647,0.0840765],[-0.0190609,-0.602194,-0.798122],[0.16448,0.785503,-0.5966]],[[0.986196,-0.142647,0.0840765],[-0.106648,-0.935635,-0.336473],[0.126662,0.322861,-0.937932]]],"btipPosition":[-16.9313,246.328,-21.2156],"carpPosition":[-13.0129,286.038,25.2709],"dipPosition":[-14.7611,251.86,-37.286],"direction":[-0.16448,-0.785503,0.5966],"extended":false,"handId":203,"id":2033,"length":59.0831,"mcpPosition":[-7.79831,305.074,-28.6747],"pipPosition":[-10.5827,271.815,-52.4418],"stabilizedTipPosition":[-20.6738,236.712,9.68991],"timeVisible":0.633012,"tipPosition":[-16.2487,247.762,-25.9013],"tipVelocity":[-8.02434,18.3109,-122.383],"tool":false,"touchDistance":0.333333,"touchZone":"none","type":3,"width":16.5772},{"bases":[[[0.941788,-0.320635,0.101137],[0.250451,0.869759,0.425199],[-0.224298,-0.375118,0.899432]],[[0.932617,-0.334612,0.135131],[0.31023,0.552128,-0.773894],[0.184345,0.763668,0.618731]],[[0.932617,-0.334612,0.135131],[-0.0821358,-0.561457,-0.823419],[0.351397,0.756836,-0.551108]],[[0.932617,-0.334612,0.135131],[-0.259053,-0.881473,-0.394839],[0.251232,0.333227,-0.908759]]],"btipPosition":[-5.68082,256.623,-19.5221],"carpPosition":[-1.3564,280.281,24.1181],"dipPosition":[-1.70966,261.891,-33.8866],"direction":[-0.351397,-0.756836,0.551108],"extended":false,"handId":203,"id":2034,"length":46.32,"mcpPosition":[10.5705,300.228,-23.7086],"pipPosition":[4.59301,275.465,-43.7713],"stabilizedTipPosition":[-6.02519,246.053,10.1468],"timeVisible":0.633012,"tipPosition":[-4.3109,257.893,-23.4421],"tipVelocity":[-22.9064,28.545,-125.422],"tool":false,"touchDistance":0.333333,"touchZone":"none","type":4,"width":14.7252}],"r":[[0.817081,0.189099,0.544629],[-0.205921,0.978088,-0.030665],[-0.538493,-0.0870949,0.838117]],"s":1.14098,"t":[70.0369,141.776,-152.388],"timestamp":2734206752},false],[3,{"currentFrameRate":110.672,"devices":[],"gestures":[],"hands":[{"armBasis":[[0.929376,0.271375,-0.250233],[-0.108311,0.848527,0.517949],[0.352887,-0.454266,0.817993]],"armWidth":58.4334,"confidence":0.663791,"direction":[-0.046248,0.456303,-0.888622],"elbow":[72.1209,160.986,231.877],"grabStrength":0,"id":203,"palmNormal":[0.111718,-0.88163,-0.458527],"palmPosition":[-24.0404,291.723,-16.5497],"palmVelocity":[-32.2573,9.66691,-137.088],"palmWidth":83.4409,"pinchStrength":0.510697,"r":[[0.814419,0.19264,0.547368],[-0.210652,0.977087,-0.0304498],[-0.540692,-0.0905053,0.836338]],"s":1.14395,"sphereCenter":[-21.2979,266.499,-50.2338],"sphereRadius":43.232,"stabilizedPalmPosition":[-21.0637,279.363,28.4815],"t":[69.7435,141.819,-153.507],"timeVisible":0.641751,"type":"right","wrist":[-15.2537,273.462,29.3425]}],"id":260784,"interactionBox":{"center":[0,200,0],"size":[235.247,235.247,147.751]},"pointables":[{"bases":[[[0.290497,0.926075,0.240826],[-0.830802,0.119236,0.543646],[0.474741,-0.358006,0.804022]],[[0.207735,0.972626,0.104139],[-0.885422,0.141715,0.442656],[0.415781,-0.184162,0.890624]],[[0.207735,0.972626,0.104139],[-0.96684,0.220326,-0.129136],[-0.148546,-0.0738595,0.986143]],[[0.207735,0.972626,0.104139],[-0.86692,0.232373,-0.440967],[-0.453095,0.00132433,0.891461]]],"btipPosition":[-44.6172,270.86,-63.4122],"carpPosition":[-39.9532,260.149,27.3231],"dipPosition":[-54.3415,270.888,-44.2797],"direction":[0.148546,0.0738595,-0.986143],"extended":false,"handId":203,"id":2030,"length":47.7925,"mcpPosition":[-39.9532,260.149,27.3231],"pipPosition":[-58.986,268.579,-13.4462],"stabilizedTipPosition":[-49.4358,256.361,-12.1418],"timeVisible":0.641751,"tipPosition":[-46.1295,269.801,-59.0408],"tipVelocity":[-26.6584,25.9428,-147.352],"tool":false,"touchDistance":-0.503808,"touchZone":"hovering","type":0,"width":18.5699},{"bases":[[[0.970806,0.195385,-0.139143],[-0.141969,0.935603,0.323253],[0.193341,-0.294062,0.936027]],[[0.987293,0.157391,-0.0219363],[-0.138861,0.921581,0.362499],[0.0772703,-0.354847,0.931726]],[[0.987293,0.157391,-0.0219363],[-0.149174,0.965497,0.213454],[0.0547753,-0.20747,0.976707]],[[0.987293,0.157391,-0.0219363],[-0.154896,0.983965,0.0884356],[0.0355035,-0.083914,0.99584]]],"btipPosition":[-52.9268,321.059,-110.209],"carpPosition":[-35.0683,281.326,26.9007],"dipPosition":[-52.3706,319.744,-94.606],"direction":[-0.0547753,0.20747,-0.976707],"extended":true,"handId":203,"id":2031,"length":53.9285,"mcpPosition":[-48.1122,301.165,-36.2491],"pipPosition":[-51.1565,315.145,-72.9572],"stabilizedTipPosition":[-51.9553,308.794,-56.6952],"timeVisible":0.641751,"tipPosition":[-51.9438,319.918,-106.746],"tipVelocity":[-33.6726,17.4607,-139.869],"tool":false,"touchDistance":-0.502447,"touchZone":"touching","type":1,"width":17.738},{"bases":[[[0.997884,-0.00852003,-0.064457],[0.0284806,0.948482,0.315547],[0.0584479,-0.316716,0.946718]],[[0.997898,-0.00859723,-0.0642262],[-0.0456723,0.609789,-0.791247],[0.045967,0.792517,0.608115]],[[0.997898,-0.00859723,-0.0642262],[-0.0575727,-0.572491,-0.817887],[-0.0297374,0.819866,-0.571783]],[[0.997898,-0.00859723,-0.0642262],[-0.0304239,-0.937283,-0.34724],[-0.0572128,0.348464,-0.935574]]],"btipPosition":[-28.5601,242.976,-31.0717],"carpPosition":[-24.5502,285.128,25.3454],"dipPosition":[-29.546,248.981,-47.1943],"direction":[0.0297374,-0.819866,0.571783],"extended":false,"handId":203,"id":2032,"length":61.4471,"mcpPosition":[-28.2897,305.391,-35.2252],"pipPosition":[-30.3215,270.361,-62.1048],"stabilizedTipPosition":[-36.9012,232.954,7.25542],"timeVisible":0.641751,"tipPosition":[-28.8319,244.571,-35.7915],"tipVelocity":[-0.15766,5.20143,-112.27],"tool":false,"touchDistance":0.333333,"touchZone":"none","type":2,"width":17.4211},{"bases":[[[0.990603,-0.126511,0.0519602],[0.101551,0.93487,0.340154],[-0.0916092,-0.331682,0.938933]],[[0.986532,-0.138706,0.0866935],[0.150259,0.559059,-0.815399],[0.0646341,0.817443,0.572371]],[[0.986532,-0.138706,0.0866935],[-0.0160929,-0.609744,-0.792435],[0.162777,0.780367,-0.603764]],[[0.986532,-0.138706,0.0866935],[-0.102825,-0.938083,-0.330798],[0.12721,0.317429,-0.939711]]],"btipPosition":[-17.0845,246.351,-21.7769],"carpPosition":[-13.3839,286.054,24.1711],"dipPosition":[-14.9049,251.789,-37.8778],"direction":[-0.162777,-0.780367,0.603764],"extended":false,"handId":203,"id":2033,"length":59.0831,"mcpPosition":[-8.12155,305.106,-29.764],"pipPosition":[-10.7698,271.614,-53.2156],"stabilizedTipPosition":[-20.6729,236.714,9.68273],"timeVisible":0.641751,"tipPosition":[-16.397,247.755,-26.5584],"tipVelocity":[-10.5031,13.4306,-107.025],"tool":false,"touchDistance":0.333333,"touchZone":"none","type":3,"width":16.5772},{"bases":[[[0.942855,-0.316766,0.10336],[0.245895,0.870812,0.425703],[-0.224855,-0.37596,0.898941]],[[0.932604,-0.332244,0.140942],[0.312716,0.548961,-0.775145],[0.180165,0.766978,0.615861]],[[0.932604,-0.332244,0.140942],[-0.0773128,-0.56538,-0.821199],[0.352524,0.754957,-0.552962]],[[0.932604,-0.332244,0.140942],[-0.255237,-0.883282,-0.393277],[0.255156,0.330798,-0.908553]]],"btipPosition":[-5.9427,256.697,-20.4451],"carpPosition":[-1.7012,280.345,23.0459],"dipPosition":[-1.90953,261.926,-34.8063],"direction":[-0.352524,-0.754957,0.552962],"extended":false,"handId":203,"id":2034,"length":46.32,"mcpPosition":[10.2553,300.336,-24.7547],"pipPosition":[4.41337,275.467,-44.7243],"stabilizedTipPosition":[-6.02456,246.061,10.1256],"timeVisible":0.641751,"tipPosition":[-4.54757,257.952,-24.3843],"tipVelocity":[-24.3602,22.8782,-120.095],"tool":false,"touchDistance":0.333333,"touchZone":"none","type":4,"width":14.7252}],"r":[[0.814419,0.19264,0.547368],[-0.210652,0.977087,-0.0304498],[-0.540692,-0.0905053,0.836338]],"s":1.14395,"t":[69.7435,141.819,-153.507],"timestamp":2734215491},false],[4,{"currentFrameRate":110.672,"devices":[],"gestures":[],"hands":[{"armBasis":[[0.927932,0.273762,-0.252975],[-0.109425,0.848837,0.517206],[0.356325,-0.45225,0.81762]],"armWidth":58.4334,"confidence":0.669015,"direction":[-0.0447134,0.454015,-0.889871],"elbow":[72.618,161.455,230.563],"grabStrength":0,"id":203,"palmNormal":[0.11283,-0.882768,-0.45606],"palmPosition":[-24.3137,291.573,-17.8339],"palmVelocity":[-31.704,2.42992,-138.472],"palmWidth":83.4409,"pinchStrength":0.503193,"r":[[0.812052,0.195789,0.549762],[-0.214477,0.976241,-0.0308693],[-0.542744,-0.0928441,0.834751]],"s":1.14695,"sphereCenter":[-21.8886,266.376,-51.4057],"sphereRadius":43.2061,"stabilizedPalmPosition":[-21.0643,279.366,28.4729],"t":[69.4602,141.766,-154.709],"timeVisible":0.650788,"type":"right","wrist":[-15.6079,273.432,28.1212]}],"id":260785,"interactionBox":{"center":[0,200,0],"size":[235.247,235.247,147.751]},"pointables":[{"bases":[[[0.289779,0.926772,0.239],[-0.831854,0.120384,0.541781],[0.473336,-0.35581,0.805824]],[[0.207695,0.972783,0.102742],[-0.885946,0.142541,0.44134],[0.414683,-0.182688,0.891439]],[[0.207695,0.972783,0.102742],[-0.966595,0.220223,-0.131135],[-0.150192,-0.0720744,0.986026]],[[0.207695,0.972783,0.102742],[-0.868514,0.231711,-0.43817],[-0.450051,0.00177225,0.893001]]],"btipPosition":[-44.9273,270.685,-64.7124],"carpPosition":[-40.2997,260.106,26.0896],"dipPosition":[-54.5862,270.723,-45.5469],"direction":[0.150192,0.0720744,-0.986026],"extended":false,"handId":203,"id":2030,"length":47.7925,"mcpPosition":[-40.2997,260.106,26.0896],"pipPosition":[-59.2823,268.469,-14.717],"stabilizedTipPosition":[-49.4351,256.365,-12.1559],"timeVisible":0.650788,"tipPosition":[-46.4262,269.656,-60.3189],"tipVelocity":[-28.3104,13.5207,-146.162],"tool":false,"touchDistance":-0.501149,"touchZone":"hovering","type":0,"width":18.5699},{"bases":[[[0.971009,0.195311,-0.137823],[-0.142843,0.936385,0.320591],[0.191671,-0.29161,0.937137]],[[0.987144,0.158255,-0.0223998],[-0.1396,0.921924,0.361341],[0.077835,-0.353569,0.932165]],[[0.987144,0.158255,-0.0223998],[-0.149891,0.965264,0.214007],[0.0554894,-0.207898,0.976575]],[[0.987144,0.158255,-0.0223998],[-0.155647,0.983668,0.0903914],[0.0363389,-0.0857429,0.995654]]],"btipPosition":[-53.2171,320.839,-111.574],"carpPosition":[-35.4201,281.284,25.6222],"dipPosition":[-52.6478,319.496,-95.9738],"direction":[-0.0554894,0.207898,-0.976575],"extended":true,"handId":203,"id":2031,"length":53.9285,"mcpPosition":[-48.3513,300.958,-37.6025],"pipPosition":[-51.4178,314.887,-74.3279],"stabilizedTipPosition":[-51.9555,308.796,-56.7066],"timeVisible":0.650788,"tipPosition":[-52.2278,319.692,-108.114],"tipVelocity":[-33.1531,5.75114,-142.965],"tool":false,"touchDistance":-0.501019,"touchZone":"touching","type":1,"width":17.738},{"bases":[[[0.998006,-0.00839365,-0.0625653],[0.0276168,0.949295,0.313172],[0.0567643,-0.314275,0.947633]],[[0.998023,-0.00848943,-0.0622765],[-0.044487,0.604526,-0.795342],[0.0443998,0.79654,0.602953]],[[0.998023,-0.00848943,-0.0622765],[-0.0557269,-0.577761,-0.814301],[-0.029068,0.816162,-0.577092]],[[0.998023,-0.00848943,-0.0622765],[-0.0293661,-0.93902,-0.342605],[-0.0555704,0.343756,-0.937413]]],"btipPosition":[-28.7789,242.777,-32.0004],"carpPosition":[-24.9002,285.085,24.0769],"dipPosition":[-29.7365,248.701,-48.1548],"direction":[0.029068,-0.816162,0.577092],"extended":false,"handId":203,"id":2032,"length":61.4471,"mcpPosition":[-28.532,305.192,-36.5523],"pipPosition":[-30.4945,269.984,-63.2037],"stabilizedTipPosition":[-36.9006,232.955,7.25217],"timeVisible":0.650788,"tipPosition":[-29.0441,244.345,-36.7408],"tipVelocity":[-6.58572,-2.87365,-109.876],"tool":false,"touchDistance":0.333333,"touchZone":"none","type":2,"width":17.4211},{"bases":[[[0.990541,-0.126088,0.0541396],[0.100645,0.935767,0.337951],[-0.0932737,-0.329305,0.939605]],[[0.986368,-0.138294,0.0891799],[0.151727,0.554551,-0.8182],[0.0636975,0.820578,0.567975]],[[0.986368,-0.138294,0.0891799],[-0.0147929,-0.614272,-0.788956],[0.163889,0.776881,-0.607944]],[[0.986368,-0.138294,0.0891799],[-0.102236,-0.939681,-0.326417],[0.128942,0.31285,-0.94101]]],"btipPosition":[-17.3565,246.21,-22.7569],"carpPosition":[-13.7319,286.011,22.9211],"dipPosition":[-15.1472,251.57,-38.8801],"direction":[-0.163889,-0.776881,0.607944],"extended":false,"handId":203,"id":2033,"length":59.0831,"mcpPosition":[-8.37402,304.927,-31.0526],"pipPosition":[-10.9839,271.306,-54.3241],"stabilizedTipPosition":[-20.6723,236.716,9.67704],"timeVisible":0.650788,"tipPosition":[-16.6651,247.58,-27.5347],"tipVelocity":[-15.6952,4.8928,-107.572],"tool":false,"touchDistance":0.333333,"touchZone":"none","type":3,"width":16.5772},{"bases":[[[0.942751,-0.316225,0.105936],[0.244846,0.87197,0.423933],[-0.226432,-0.373725,0.899477]],[[0.930106,-0.334704,0.151247],[0.319006,0.532068,-0.784308],[0.182037,0.777738,0.601653]],[[0.930106,-0.334704,0.151247],[-0.0770113,-0.580354,-0.810714],[0.359126,0.742403,-0.565567]],[[0.930106,-0.334704,0.151247],[-0.257125,-0.887414,-0.3826],[0.262276,0.31697,-0.91145]]],"btipPosition":[-6.49488,256.631,-20.9545],"carpPosition":[-2.04555,280.303,21.8324],"dipPosition":[-2.34915,261.641,-35.3615],"direction":[-0.359126,-0.742403,0.565567],"extended":false,"handId":203,"id":2034,"length":46.32,"mcpPosition":[9.99481,300.175,-25.9967],"pipPosition":[4.09216,274.957,-45.5056],"stabilizedTipPosition":[-6.02427,246.068,10.1046],"timeVisible":0.650788,"tipPosition":[-5.0328,257.829,-25.0538],"tipVelocity":[-33.6948,13.0241,-102.857],"tool":false,"touchDistance":0.333333,"touchZone":"none","type":4,"width":14.7252}],"r":[[0.812052,0.195789,0.549762],[-0.214477,0.976241,-0.0308693],[-0.542744,-0.0928441,0.834751]],"s":1.14695,"t":[69.4602,141.766,-154.709],"timestamp":2734224528},false],[5,{"currentFrameRate":101.355,"devices":[],"gestures":[],"hands":[{"armBasis":[[0.933263,0.274823,-0.231284],[-0.12534,0.85259,0.507326],[0.336615,-0.44448,0.830137]],"armWidth":58.4334,"confidence":0.66176,"direction":[-0.0441882,0.461792,-0.885887],"elbow":[66.5433,163.335,228.849],"grabStrength":0,"id":203,"palmNormal":[0.127718,-0.876866,-0.46346],"palmPosition":[-25.4107,291.848,-22.5382],"palmVelocity":[-37.1883,7.22378,-160.435],"palmWidth":83.4409,"pinchStrength":0.492432,"r":[[0.808811,0.199381,0.553238],[-0.220041,0.975038,-0.0297025],[-0.54535,-0.0977111,0.832494]],"s":1.15046,"sphereCenter":[-23.0838,267.221,-56.2345],"sphereRadius":43.1505,"stabilizedPalmPosition":[-21.066,279.37,28.4538],"t":[68.77,141.877,-157.662],"timeVisible":0.67783,"type":"right","wrist":[-16.8023,273.388,23.3082]}],"id":260786,"interactionBox":{"center":[0,200,0],"size":[235.247,235.247,147.751]},"pointables":[{"bases":[[[0.275849,0.928172,0.249807],[-0.837283,0.104387,0.536714],[0.472086,-0.357211,0.805937]],[[0.194143,0.974402,0.113353],[-0.890993,0.12681,0.435947],[0.410413,-0.185633,0.892805]],[[0.194143,0.974402,0.113353],[-0.968368,0.208829,-0.136578],[-0.156753,-0.0832518,0.984123]],[[0.194143,0.974402,0.113353],[-0.868669,0.224452,-0.441629],[-0.455766,-0.012727,0.890008]]],"btipPosition":[-45.4061,271.135,-69.7716],"carpPosition":[-41.3017,259.761,20.9692],"dipPosition":[-55.1877,270.862,-50.6704],"direction":[0.156753,0.0832518,-0.984123],"extended":false,"handId":203,"id":2030,"length":47.7925,"mcpPosition":[-41.3017,259.761,20.9692],"pipPosition":[-60.0889,268.259,-19.9],"stabilizedTipPosition":[-49.4345,256.37,-12.1755],"timeVisible":0.67783,"tipPosition":[-46.9331,270.063,-65.3936],"tipVelocity":[-22.393,13.826,-171.827],"tool":false,"touchDistance":-0.555478,"touchZone":"hovering","type":0,"width":18.5699},{"bases":[[[0.96934,0.209262,-0.128797],[-0.157445,0.931366,0.328281],[0.188654,-0.297938,0.935758]],[[0.984879,0.172423,-0.0168295],[-0.153907,0.915417,0.371919],[0.0795334,-0.363706,0.928112]],[[0.984879,0.172423,-0.0168295],[-0.164093,0.959605,0.228544],[0.0555559,-0.222327,0.973388]],[[0.984879,0.172423,-0.0168295],[-0.169648,0.979572,0.107976],[0.0351033,-0.103488,0.994011]]],"btipPosition":[-54.3397,321.984,-116.111],"carpPosition":[-36.6971,281.004,20.7362],"dipPosition":[-53.7897,320.362,-100.536],"direction":[-0.0555559,0.222327,-0.973388],"extended":true,"handId":203,"id":2031,"length":53.9285,"mcpPosition":[-49.4248,301.105,-42.3954],"pipPosition":[-52.5583,315.434,-78.9612],"stabilizedTipPosition":[-51.957,308.805,-56.7426],"timeVisible":0.67783,"tipPosition":[-53.3359,320.763,-112.673],"tipVelocity":[-38.4276,26.9209,-158.451],"tool":false,"touchDistance":-0.547392,"touchZone":"touching","type":1,"width":17.738},{"bases":[[[0.998459,0.00522334,-0.0552532],[0.0128807,0.946569,0.322245],[0.0539841,-0.32246,0.945042]],[[0.998494,0.00500878,-0.0546244],[-0.0465799,0.603338,-0.796124],[0.0289694,0.79747,0.602663]],[[0.998494,0.00500878,-0.0546244],[-0.0416534,-0.578723,-0.81446],[-0.0356918,0.815509,-0.577643]],[[0.998494,0.00500878,-0.0546244],[-0.0142061,-0.938235,-0.345708],[-0.052982,0.345964,-0.936751]]],"btipPosition":[-29.1076,243.11,-36.5913],"carpPosition":[-26.217,284.957,19.3045],"dipPosition":[-30.0207,249.072,-52.7342],"direction":[0.0356918,-0.815509,0.577643],"extended":false,"handId":203,"id":2032,"length":61.4471,"mcpPosition":[-29.6709,305.588,-41.159],"pipPosition":[-30.9514,270.338,-67.7975],"stabilizedTipPosition":[-36.9,232.955,7.24842],"timeVisible":0.67783,"tipPosition":[-29.362,244.69,-41.4009],"tipVelocity":[-9.79947,6.73433,-146.879],"tool":false,"touchDistance":0.333333,"touchZone":"none","type":2,"width":17.4211},{"bases":[[[0.991689,-0.113658,0.0602859],[0.0858974,0.933761,0.347436],[-0.0957813,-0.33937,0.935764]],[[0.987381,-0.126351,0.095466],[0.150536,0.561706,-0.813527],[0.0491662,0.817632,0.573638]],[[0.987381,-0.126351,0.095466],[-0.00133996,-0.60948,-0.7928],[0.158356,0.782668,-0.601959]],[[0.987381,-0.126351,0.095466],[-0.0878352,-0.938561,-0.333747],[0.13177,0.321151,-0.937816]]],"btipPosition":[-17.8468,246.648,-27.6561],"carpPosition":[-15.0538,286.039,18.2401],"dipPosition":[-15.5891,252.151,-43.7245],"direction":[-0.158356,-0.782668,0.601959],"extended":false,"handId":203,"id":2033,"length":59.0831,"mcpPosition":[-9.55179,305.534,-35.5129],"pipPosition":[-11.5663,272.033,-59.0164],"stabilizedTipPosition":[-20.6717,236.718,9.66905],"timeVisible":0.67783,"tipPosition":[-17.1441,248.049,-32.4034],"tipVelocity":[-16.9473,12.6367,-152.827],"tool":false,"touchDistance":0.333333,"touchZone":"none","type":3,"width":16.5772},{"bases":[[[0.946022,-0.304884,0.109945],[0.230294,0.871041,0.433881],[-0.228049,-0.385142,0.894237]],[[0.930364,-0.327791,0.164244],[0.32273,0.519602,-0.791113],[0.173978,0.789029,0.589207]],[[0.930364,-0.327791,0.164244],[-0.067841,-0.594148,-0.80149],[0.360306,0.734535,-0.575012]],[[0.930364,-0.327791,0.164244],[-0.247548,-0.892058,-0.378092],[0.27045,0.311105,-0.911082]]],"btipPosition":[-7.53824,257.297,-24.7566],"carpPosition":[-3.28588,280.495,17.1846],"dipPosition":[-3.26331,262.215,-39.1578],"direction":[-0.360306,-0.734535,0.575012],"extended":false,"handId":203,"id":2034,"length":46.32,"mcpPosition":[8.84051,300.974,-30.3659],"pipPosition":[3.19916,275.39,-49.4713],"stabilizedTipPosition":[-6.02501,246.085,10.0514],"timeVisible":0.67783,"tipPosition":[-6.00206,258.48,-29.0672],"tipVelocity":[-36.0396,19.7346,-126.183],"tool":false,"touchDistance":0.333333,"touchZone":"none","type":4,"width":14.7252}],"r":[[0.808811,0.199381,0.553238],[-0.220041,0.975038,-0.0297025],[-0.54535,-0.0977111,0.832494]],"s":1.15046,"t":[68.77,141.877,-157.662],"timestamp":2734251570},false],[6,{"currentFrameRate":101.671,"devices":[],"gestures":[],"hands":[{"armBasis":[[0.931951,0.27888,-0.231719],[-0.128495,0.851625,0.508157],[0.339052,-0.443803,0.829508]],"armWidth":58.4334,"confidence":0.662727,"direction":[-0.0438185,0.46225,-0.885667],"elbow":[66.8875,163.462,227.973],"grabStrength":0,"id":203,"palmNormal":[0.130889,-0.87622,-0.463795],"palmPosition":[-25.6362,291.814,-23.2618],"palmVelocity":[-33.6122,4.14514,-137.431],"palmWidth":83.4409,"pinchStrength":0.490978,"r":[[0.805885,0.202592,0.556332],[-0.224997,0.973935,-0.0287414],[-0.547655,-0.102011,0.830463]],"s":1.1531,"sphereCenter":[-23.3909,267.279,-56.9409],"sphereRadius":43.1195,"stabilizedPalmPosition":[-21.0665,279.372,28.4479],"t":[68.3121,141.915,-159.501],"timeVisible":0.687058,"type":"right","wrist":[-17.0615,273.347,22.5881]}],"id":260787,"interactionBox":{"center":[0,200,0],"size":[235.247,235.247,147.751]},"pointables":[{"bases":[[[0.272925,0.92874,0.250905],[-0.838525,0.101808,0.535267],[0.47158,-0.356478,0.806558]],[[0.191067,0.974948,0.113881],[-0.89251,0.124267,0.43357],[0.408557,-0.184481,0.893895]],[[0.191067,0.974948,0.113881],[-0.968513,0.206117,-0.13964],[-0.159615,-0.0836148,0.983632]],[[0.191067,0.974948,0.113881],[-0.868718,0.221969,-0.442786],[-0.456971,-0.014329,0.889366]]],"btipPosition":[-45.4243,271.023,-70.5655],"carpPosition":[-41.5203,259.656,20.196],"dipPosition":[-55.2318,270.716,-51.478],"direction":[0.159615,0.0836148,-0.983632],"extended":false,"handId":203,"id":2030,"length":47.7925,"mcpPosition":[-41.5203,259.656,20.196],"pipPosition":[-60.2224,268.101,-20.723],"stabilizedTipPosition":[-49.4343,256.372,-12.1804],"timeVisible":0.687058,"tipPosition":[-47.0025,269.997,-66.181],"tipVelocity":[-16.8473,6.29975,-147.861],"tool":false,"touchDistance":-0.540219,"touchZone":"hovering","type":0,"width":18.5699},{"bases":[[[0.969011,0.211925,-0.12691],[-0.160516,0.93073,0.328598],[0.187757,-0.298044,0.935904]],[[0.984367,0.175402,-0.0159618],[-0.156867,0.914325,0.373366],[0.0800837,-0.365026,0.927547]],[[0.984367,0.175402,-0.0159618],[-0.167046,0.958496,0.231044],[0.055825,-0.224766,0.972812]],[[0.984367,0.175402,-0.0159618],[-0.172585,0.978686,0.111299],[0.0351437,-0.106804,0.993659]]],"btipPosition":[-54.5821,322.056,-116.831],"carpPosition":[-36.9718,280.911,19.9851],"dipPosition":[-54.0315,320.382,-101.262],"direction":[-0.055825,0.224766,-0.972812],"extended":true,"handId":203,"id":2031,"length":53.9285,"mcpPosition":[-49.639,301.019,-43.1564],"pipPosition":[-52.7941,315.401,-79.6998],"stabilizedTipPosition":[-51.9575,308.807,-56.7549],"timeVisible":0.687058,"tipPosition":[-53.5755,320.819,-113.4],"tipVelocity":[-35.0148,21.2072,-135.945],"tool":false,"touchDistance":-0.531811,"touchZone":"touching","type":1,"width":17.738},{"bases":[[[0.998539,0.00791693,-0.0534456],[0.00977828,0.946389,0.32288],[0.0531366,-0.322931,0.94493]],[[0.99858,0.00767092,-0.0527257],[-0.0467273,0.601567,-0.797454],[0.0256009,0.798785,0.601071]],[[0.99858,0.00767092,-0.0527257],[-0.0384891,-0.580435,-0.813396],[-0.0368434,0.81427,-0.579316]],[[0.99858,0.00767092,-0.0527257],[-0.0109934,-0.938625,-0.344764],[-0.0521343,0.344854,-0.937208]]],"btipPosition":[-29.1718,243.07,-37.1918],"carpPosition":[-26.4997,284.893,18.5749],"dipPosition":[-30.0702,249.012,-53.3426],"direction":[0.0368434,-0.81427,0.579316],"extended":false,"handId":203,"id":2032,"length":61.4471,"mcpPosition":[-29.8994,305.554,-41.8813],"pipPosition":[-31.031,270.246,-68.4495],"stabilizedTipPosition":[-36.8998,232.956,7.24751],"timeVisible":0.687058,"tipPosition":[-29.422,244.643,-42.0141],"tipVelocity":[-8.89854,3.47736,-123.992],"tool":false,"touchDistance":0.333333,"touchZone":"none","type":2,"width":17.4211},{"bases":[[[0.991878,-0.111057,0.0620042],[0.0827833,0.93376,0.348194],[-0.0965663,-0.340233,0.93537]],[[0.987529,-0.123814,0.0972482],[0.150551,0.561938,-0.813363],[0.0460579,0.81786,0.573571]],[[0.987529,-0.123814,0.0972482],[0.00161743,-0.609678,-0.792648],[0.157431,0.78292,-0.601874]],[[0.987529,-0.123814,0.0972482],[-0.0848211,-0.938785,-0.333898],[0.132636,0.321486,-0.937579]]],"btipPosition":[-17.9494,246.643,-28.3456],"carpPosition":[-15.3375,286.006,17.5314],"dipPosition":[-15.6768,252.151,-44.4099],"direction":[-0.157431,-0.78292,0.601874],"extended":false,"handId":203,"id":2033,"length":59.0831,"mcpPosition":[-9.79041,305.55,-36.199],"pipPosition":[-11.6775,272.04,-59.6997],"stabilizedTipPosition":[-20.6715,236.718,9.66697],"timeVisible":0.687058,"tipPosition":[-17.2436,248.042,-33.0856],"tipVelocity":[-15.2085,8.96532,-130.893],"tool":false,"touchDistance":0.333333,"touchZone":"none","type":3,"width":16.5772},{"bases":[[[0.946631,-0.302436,0.111457],[0.22719,0.871368,0.43486],[-0.228637,-0.38633,0.893574]],[[0.930472,-0.326014,0.167144],[0.324006,0.51932,-0.790776],[0.171003,0.78995,0.588843]],[[0.930472,-0.326014,0.167144],[-0.0645351,-0.594942,-0.801174],[0.360635,0.734683,-0.574616]],[[0.930472,-0.326014,0.167144],[-0.244753,-0.89263,-0.378558],[0.272613,0.311329,-0.910361]]],"btipPosition":[-7.7177,257.323,-25.4191],"carpPosition":[-3.55297,280.493,16.4935],"dipPosition":[-3.40858,262.244,-39.8089],"direction":[-0.360635,-0.734683,0.574616],"extended":false,"handId":203,"id":2034,"length":46.32,"mcpPosition":[8.60465,301.036,-31.0217],"pipPosition":[3.05979,275.4