{"sensorType":"Leap","data":[[0,{"currentFrameRate":110.037,"devices":[],"gestures":[],"hands":[{"armBasis":[[0.895649,-0.110766,-0.430748],[0.31541,0.841011,0.439564],[0.313575,-0.529558,0.788187]],"armWidth":58.4334,"confidence":0.67283,"direction":[-0.048644,0.151671,-0.987233],"elbow":[65.418,156.284,234.312],"grabStrength":0,"id":189,"palmNormal":[-0.316593,-0.939779,-0.128781],"palmPosition":[-22.508,293.331,-9.58525],"palmVelocity":[0.470098,-9.95469,-93.4853],"palmWidth":83.4409,"pinchStrength":1,"r":[[0.719044,-0.680238,0.142309],[0.658598,0.601607,-0.452015],[0.221864,0.418743,0.880586]],"s":0.795722,"sphereCenter":[-41.1613,267.284,-33.3361],"sphereRadius":41.3089,"stabilizedPalmPosition":[-26.0697,289.483,150.893],"t":[4.0719,5.07916,-162.385],"timeVisible":1.02133,"type":"right","wrist":[-12.2229,287.402,39.1573]}],"id":239745,"interactionBox":{"center":[0,200,0],"size":[235.247,235.247,147.751]},"pointables":[{"bases":[[[0.654874,0.746911,-0.115174],[-0.601823,0.607588,0.51831],[0.45711,-0.270114,0.847402]],[[0.506898,0.792123,-0.339993],[-0.804813,0.576173,0.142481],[0.308757,0.201408,0.929572]],[[0.506898,0.792123,-0.339993],[-0.832733,0.34807,-0.430585],[-0.222735,0.501386,0.836063]],[[0.506898,0.792123,-0.339993],[-0.817456,0.316572,-0.481194],[-0.273533,0.521845,0.807996]]],"btipPosition":[-41.2702,249.53,-42.604],"carpPosition":[-39.9712,285.626,43.4303],"dipPosition":[-47.1407,260.729,-25.2629],"direction":[0.222735,-0.501386,-0.836063],"extended":false,"handId":189,"id":1890,"length":47.7925,"mcpPosition":[-39.9712,285.626,43.4303],"pipPosition":[-54.1049,276.406,0.878105],"stabilizedTipPosition":[-40.1351,258.043,76.3387],"timeVisible":1.02133,"tipPosition":[-42.1613,251.494,-38.3285],"tipVelocity":[-5.68625,6.58674,-101.717],"tool":false,"touchDistance":-0.401964,"touchZone":"touching","type":0,"width":18.5699},{"bases":[[[0.925698,-0.276473,-0.25816],[0.282383,0.95919,-0.0146766],[0.251682,-0.0593139,0.965991]],[[0.955046,-0.282536,-0.0897752],[0.293579,0.943457,0.15395],[0.0412026,-0.173386,0.983992]],[[0.955046,-0.282536,-0.0897752],[0.286951,0.957087,0.0405358],[0.0744699,-0.0644746,0.995137]],[[0.955046,-0.282536,-0.0897752],[0.278406,0.958837,-0.0558693],[0.101865,0.0283638,0.994394]]],"btipPosition":[-49.6151,313.517,-106.217],"carpPosition":[-27.7652,301.7,35.3588],"dipPosition":[-48.0191,313.962,-90.637],"direction":[-0.0744699,0.0644746,-0.995137],"extended":true,"handId":189,"id":1891,"length":53.9285,"mcpPosition":[-44.7452,305.702,-29.8125],"pipPosition":[-46.3685,312.533,-68.5798],"stabilizedTipPosition":[-57.4806,308.299,52.0667],"timeVisible":1.02133,"tipPosition":[-49.164,312.515,-102.692],"tipVelocity":[-2.96443,4.59921,-91.0733],"tool":false,"touchDistance":-0.398694,"touchZone":"touching","type":1,"width":17.738},{"bases":[[[0.889396,-0.441385,-0.118968],[0.440274,0.897105,-0.0368987],[0.123013,-0.0195611,0.992212]],[[0.889955,-0.44147,-0.114389],[0.135612,0.49566,-0.857864],[0.43542,0.747947,0.500984]],[[0.889955,-0.44147,-0.114389],[-0.345261,-0.488345,-0.801445],[0.297953,0.752744,-0.587027]],[[0.889955,-0.44147,-0.114389],[-0.454336,-0.836548,-0.306213],[0.0394918,0.324487,-0.945065]]],"btipPosition":[-52.6869,243.111,-22.101],"carpPosition":[-17.1201,300.141,31.9304],"dipPosition":[-52.0063,248.703,-38.3872],"direction":[-0.297953,-0.752744,0.587027],"extended":false,"handId":189,"id":1892,"length":61.4471,"mcpPosition":[-24.9904,301.393,-31.551],"pipPosition":[-44.2366,268.332,-53.6952],"stabilizedTipPosition":[-27.7573,258.174,105.727],"timeVisible":1.02133,"tipPosition":[-52.4383,244.532,-25.6386],"tipVelocity":[11.4403,-15.8846,-93.9607],"tool":false,"touchDistance":0.333333,"touchZone":"none","type":2,"width":17.4211},{"bases":[[[0.862068,-0.505816,0.0314631],[0.50639,0.862197,-0.0136558],[-0.0202201,0.0277048,0.999412]],[[0.862141,-0.506539,-0.0114696],[0.282279,0.498998,-0.819341],[0.420751,0.703149,0.573192]],[[0.862141,-0.506539,-0.0114696],[-0.2728,-0.444998,-0.852969],[0.426958,0.738509,-0.521835]],[[0.862141,-0.506539,-0.0114696],[-0.474176,-0.798668,-0.370522],[0.178523,0.324881,-0.928753]]],"btipPosition":[-36.8614,241.22,-21.9051],"carpPosition":[-6.87851,295.948,29.8197],"dipPosition":[-33.8026,246.786,-37.8182],"direction":[-0.426958,-0.738509,0.521835],"extended":false,"handId":189,"id":1893,"length":59.0831,"mcpPosition":[-5.71701,294.357,-27.5895],"pipPosition":[-22.9563,265.547,-51.0747],"stabilizedTipPosition":[-6.36232,254.048,136.892],"timeVisible":1.02133,"tipPosition":[-36.071,242.667,-24.9057],"tipVelocity":[11.9911,-11.5204,-91.4294],"tool":false,"touchDistance":0.333333,"touchZone":"none","type":3,"width":16.5772},{"bases":[[[0.758333,-0.63467,0.148744],[0.630519,0.772065,0.0797539],[-0.165457,0.0333057,0.985654]],[[0.760032,-0.634985,0.138367],[0.463335,0.380144,-0.800507],[0.455711,0.672521,0.583132]],[[0.760032,-0.634985,0.138367],[-0.232257,-0.464242,-0.854714],[0.606966,0.617473,-0.500319]],[[0.760032,-0.634985,0.138367],[-0.541452,-0.736451,-0.40555],[0.359418,0.233312,-0.90354]]],"btipPosition":[-21.167,247.503,-18.0306],"carpPosition":[1.37939,285.844,30.0336],"dipPosition":[-15.4858,251.191,-32.3126],"direction":[-0.606966,-0.617473,0.500319],"extended":false,"handId":189,"id":1894,"length":46.32,"mcpPosition":[10.1775,284.073,-22.378],"pipPosition":[-4.59921,262.266,-41.2864],"stabilizedTipPosition":[0.406138,261.504,137.803],"timeVisible":1.02133,"tipPosition":[-19.8663,248.627,-20.4731],"tipVelocity":[10.6531,-8.85672,-95.2484],"tool":false,"touchDistance":0.333333,"touchZone":"none","type":4,"width":14.7252}],"r":[[0.719044,-0.680238,0.142309],[0.658598,0.601607,-0.452015],[0.221864,0.418743,0.880586]],"s":0.795722,"t":[4.0719,5.07916,-162.385],"timestamp":2540737660},false],[1,{"currentFrameRate":109.938,"devices":[],"gestures":[],"hands":[{"armBasis":[[0.89624,-0.112458,-0.429076],[0.315442,0.841663,0.438292],[0.311848,-0.528164,0.789806]],"armWidth":58.4334,"confidence":0.678443,"direction":[-0.048068,0.14984,-0.987541],"elbow":[64.9824,156.41,233.94],"grabStrength":0,"id":189,"palmNormal":[-0.316832,-0.939915,-0.127192],"palmPosition":[-22.488,293.024,-10.3738],"palmVelocity":[0.945517,-16.4779,-91.1071],"palmWidth":83.4409,"pinchStrength":1,"r":[[0.71967,-0.679513,0.142607],[0.658099,0.602118,-0.452062],[0.221316,0.419185,0.880513]],"s":0.796441,"sphereCenter":[-41.2671,267.082,-34.0871],"sphereRadius":41.3341,"stabilizedPalmPosition":[-26.0697,289.483,150.893],"t":[4.08538,4.85421,-163.335],"timeVisible":1.0306,"type":"right","wrist":[-12.2308,287.183,38.3852]}],"id":239746,"interactionBox":{"center":[0,200,0],"size":[235.247,235.247,147.751]},"pointables":[{"bases":[[[0.655179,0.74648,-0.116221],[-0.601901,0.608753,0.516852],[0.456569,-0.268677,0.848149]],[[0.507715,0.791286,-0.340723],[-0.804111,0.577205,0.14227],[0.309243,0.201746,0.929337]],[[0.507715,0.791286,-0.340723],[-0.832024,0.347745,-0.432214],[-0.22352,0.502932,0.834924]],[[0.507715,0.791286,-0.340723],[-0.8168,0.316342,-0.482458],[-0.273977,0.523254,0.806934]]],"btipPosition":[-41.2692,249.233,-43.3185],"carpPosition":[-39.982,285.424,42.6467],"dipPosition":[-47.1492,260.463,-26.0001],"direction":[0.22352,-0.502932,-0.834924],"extended":false,"handId":189,"id":1890,"length":47.7925,"mcpPosition":[-39.982,285.424,42.6467],"pipPosition":[-54.138,276.188,0.105284],"stabilizedTipPosition":[-40.1355,258.042,76.3196],"timeVisible":1.0306,"tipPosition":[-42.1711,251.204,-39.0587],"tipVelocity":[-4.11998,-4.05488,-94.9276],"tool":false,"touchDistance":-0.400896,"touchZone":"touching","type":0,"width":18.5699},{"bases":[[[0.925745,-0.277257,-0.257149],[0.282704,0.959068,-0.0163201],[0.251148,-0.0575887,0.966234]],[[0.954901,-0.283005,-0.0898482],[0.294096,0.943134,0.154936],[0.0408913,-0.174373,0.98383]],[[0.954901,-0.283005,-0.0898482],[0.287496,0.956882,0.0414956],[0.0742308,-0.0654553,0.995091]],[[0.954901,-0.283005,-0.0898482],[0.278961,0.958725,-0.0550206],[0.101711,0.0274751,0.994435]]],"btipPosition":[-49.5603,313.254,-107.034],"carpPosition":[-27.7664,301.479,34.5517],"dipPosition":[-47.9667,313.685,-91.4532],"direction":[-0.0742308,0.0654553,-0.995091],"extended":true,"handId":189,"id":1891,"length":53.9285,"mcpPosition":[-44.7103,305.364,-30.6361],"pipPosition":[-46.3213,312.234,-69.397],"stabilizedTipPosition":[-57.4806,308.299,52.0666],"timeVisible":1.0306,"tipPosition":[-49.1073,312.245,-103.511],"tipVelocity":[-0.481325,-4.7853,-90.2272],"tool":false,"touchDistance":-0.399408,"touchZone":"touching","type":1,"width":17.738},{"bases":[[[0.889315,-0.441897,-0.117667],[0.440588,0.89689,-0.0383418],[0.122478,-0.0177449,0.992313]],[[0.889864,-0.441973,-0.113146],[0.136198,0.494048,-0.8587],[0.435422,0.748716,0.499831]],[[0.889864,-0.441973,-0.113146],[-0.345081,-0.489821,-0.800621],[0.298432,0.751488,-0.588391]],[[0.889864,-0.441973,-0.113146],[-0.454474,-0.837042,-0.304653],[0.0399406,0.322521,-0.945719]]],"btipPosition":[-52.6729,242.796,-22.8081],"carpPosition":[-17.12,299.91,31.1318],"dipPosition":[-51.9846,248.354,-39.1056],"direction":[-0.298432,-0.751488,0.588391],"extended":false,"handId":189,"id":1892,"length":61.4471,"mcpPosition":[-24.9561,301.045,-32.3559],"pipPosition":[-44.2023,267.951,-54.4492],"stabilizedTipPosition":[-27.7573,258.174,105.727],"timeVisible":1.0306,"tipPosition":[-52.4249,244.206,-26.3524],"tipVelocity":[8.69905,-21.2081,-89.0552],"tool":false,"touchDistance":0.333333,"touchZone":"none","type":2,"width":17.4211},{"bases":[[[0.861885,-0.506037,0.0328694],[0.506679,0.862004,-0.0149983],[-0.0207439,0.0295811,0.999347]],[[0.861982,-0.50684,-0.0100104],[0.282322,0.496358,-0.820928],[0.421048,0.704799,0.570944]],[[0.861982,-0.50684,-0.0100104],[-0.273167,-0.447758,-0.851406],[0.427045,0.736631,-0.524411]],[[0.861982,-0.50684,-0.0100104],[-0.474471,-0.799664,-0.367987],[0.178506,0.321948,-0.929777]]],"btipPosition":[-36.8455,240.904,-22.5114],"carpPosition":[-6.87865,295.71,29.0345],"dipPosition":[-33.787,246.42,-38.4421],"direction":[-0.427045,-0.736631,0.524411],"extended":false,"handId":189,"id":1893,"length":59.0831,"mcpPosition":[-5.68706,294.011,-28.371],"pipPosition":[-22.9385,265.133,-51.7641],"stabilizedTipPosition":[-6.36236,254.048,136.892],"timeVisible":1.0306,"tipPosition":[-36.0606,242.332,-25.5802],"tipVelocity":[9.09415,-18.2214,-84.2197],"tool":false,"touchDistance":0.333333,"touchZone":"none","type":3,"width":16.5772},{"bases":[[[0.758046,-0.634638,0.150335],[0.630729,0.772007,0.078646],[-0.165972,0.0352036,0.985502]],[[0.760056,-0.635027,0.138038],[0.462224,0.37896,-0.80171],[0.456797,0.673149,0.581555]],[[0.760056,-0.635027,0.138038],[-0.233793,-0.465389,-0.853671],[0.606346,0.616566,-0.502187]],[[0.760056,-0.635027,0.138038],[-0.542278,-0.736816,-0.403777],[0.358118,0.232039,-0.904384]]],"btipPosition":[-21.1468,247.177,-18.6864],"carpPosition":[1.37582,285.603,29.2717],"dipPosition":[-15.4861,250.845,-32.9818],"direction":[-0.606346,-0.616566,0.502187],"extended":false,"handId":189,"id":1894,"length":46.32,"mcpPosition":[10.2013,283.731,-23.1318],"pipPosition":[-4.61064,261.904,-41.989],"stabilizedTipPosition":[0.406121,261.504,137.803],"timeVisible":1.0306,"tipPosition":[-19.8516,248.29,-21.175],"tipVelocity":[8.12464,-16.3929,-88.4348],"tool":false,"touchDistance":0.333333,"touchZone":"none","type":4,"width":14.7252}],"r":[[0.71967,-0.679513,0.142607],[0.658099,0.602118,-0.452062],[0.221316,0.419185,0.880513]],"s":0.796441,"t":[4.08538,4.85421,-163.335],"timestamp":2540746933},false],[2,{"currentFrameRate":110.102,"devices":[],"gestures":[],"hands":[{"armBasis":[[0.89714,-0.11421,-0.426726],[0.315596,0.841628,0.438248],[0.309092,-0.527843,0.791103]],"armWidth":58.4334,"confidence":0.685271,"direction":[-0.048372,0.14893,-0.987664],"elbow":[64.3642,156.388,234.035],"grabStrength":0,"id":189,"palmNormal":[-0.316947,-0.940007,-0.126221],"palmPosition":[-22.439,292.878,-10.6028],"palmVelocity":[2.18832,-16.5061,-73.5955],"palmWidth":83.4409,"pinchStrength":1,"r":[[0.720169,-0.678917,0.142926],[0.657679,0.602432,-0.452254],[0.22094,0.419699,0.880363]],"s":0.797213,"sphereCenter":[-41.3173,267.015,-34.2887],"sphereRadius":41.3566,"stabilizedPalmPosition":[-26.0697,289.483,150.893],"t":[4.11657,4.66884,-163.924],"timeVisible":1.03939,"type":"right","wrist":[-12.1668,287.081,38.1584]}],"id":239747,"interactionBox":{"center":[0,200,0],"size":[235.247,235.247,147.751]},"pointables":[{"bases":[[[0.655201,0.74632,-0.117121],[-0.601687,0.609279,0.51648],[0.456819,-0.267928,0.848252]],[[0.508482,0.790854,-0.340581],[-0.802803,0.578442,0.144612],[0.311374,0.199887,0.929027]],[[0.508482,0.790854,-0.340581],[-0.831663,0.348577,-0.432239],[-0.223119,0.503034,0.83497]],[[0.508482,0.790854,-0.340581],[-0.817099,0.318384,-0.480604],[-0.271652,0.522667,0.808099]]],"btipPosition":[-41.3638,249.232,-43.5471],"carpPosition":[-39.9168,285.328,42.4303],"dipPosition":[-47.194,260.45,-26.2037],"direction":[0.223119,-0.503034,-0.83497],"extended":false,"handId":189,"id":1890,"length":47.7925,"mcpPosition":[-39.9168,285.328,42.4303],"pipPosition":[-54.1702,276.178,-0.0969139],"stabilizedTipPosition":[-40.1358,258.041,76.307],"timeVisible":1.03939,"tipPosition":[-42.2365,251.181,-39.284],"tipVelocity":[-5.55804,-3.077,-76.201],"tool":false,"touchDistance":-0.392482,"touchZone":"touching","type":0,"width":18.5699},{"bases":[[[0.92564,-0.277568,-0.257188],[0.282775,0.95903,-0.0172981],[0.251452,-0.0567143,0.966207]],[[0.954734,-0.283152,-0.0911524],[0.294533,0.94275,0.156437],[0.0416386,-0.176203,0.983473]],[[0.954734,-0.283152,-0.0911524],[0.287826,0.956728,0.0427596],[0.0751006,-0.06706,0.994919]],[[0.954734,-0.283152,-0.0911524],[0.279173,0.958718,-0.054054],[0.102695,0.0261599,0.994369]]],"btipPosition":[-49.581,313.22,-107.248],"carpPosition":[-27.7025,301.375,34.3166],"dipPosition":[-47.972,313.629,-91.6686],"direction":[-0.0751006,0.06706,-0.994919],"extended":true,"handId":189,"id":1891,"length":53.9285,"mcpPosition":[-44.6669,305.201,-30.8693],"pipPosition":[-46.3074,312.143,-69.6161],"stabilizedTipPosition":[-57.4806,308.299,52.0666],"timeVisible":1.03939,"tipPosition":[-49.1157,312.206,-103.728],"tipVelocity":[-0.878228,-4.69875,-72.5119],"tool":false,"touchDistance":-0.391019,"touchZone":"touching","type":1,"width":17.738},{"bases":[[[0.889243,-0.442076,-0.117543],[0.440646,0.89682,-0.0393127],[0.122794,-0.0168362,0.992289]],[[0.889787,-0.442147,-0.113073],[0.135932,0.493277,-0.859186],[0.435663,0.749122,0.499013]],[[0.889787,-0.442147,-0.113073],[-0.345454,-0.490617,-0.799973],[0.29823,0.750867,-0.589286]],[[0.889787,-0.442147,-0.113073],[-0.454663,-0.837352,-0.303518],[0.0395174,0.321476,-0.946093]]],"btipPosition":[-52.6285,242.647,-22.9778],"carpPosition":[-17.0573,299.802,30.8948],"dipPosition":[-51.9475,248.187,-39.2817],"direction":[-0.29823,-0.750867,0.589286],"extended":false,"handId":189,"id":1892,"length":61.4471,"mcpPosition":[-24.9136,300.879,-32.5915],"pipPosition":[-44.1705,267.767,-54.6486],"stabilizedTipPosition":[-27.7574,258.174,105.726],"timeVisible":1.03939,"tipPosition":[-52.3842,244.049,-26.5271],"tipVelocity":[7.66577,-20.208,-70.3241],"tool":false,"touchDistance":0.333333,"touchZone":"none","type":2,"width":17.4211},{"bases":[[[0.861856,-0.506075,0.0330622],[0.506742,0.86195,-0.0159581],[-0.020422,0.0305076,0.999326]],[[0.861939,-0.506917,-0.00977454],[0.281639,0.494739,-0.822139],[0.421592,0.705881,0.569203]],[[0.861939,-0.506917,-0.00977454],[-0.27403,-0.449555,-0.850181],[0.426577,0.735483,-0.5264]],[[0.861939,-0.506917,-0.00977454],[-0.474842,-0.800342,-0.36603],[0.177724,0.320137,-0.930552]]],"btipPosition":[-36.7993,240.756,-22.6115],"carpPosition":[-6.81694,295.599,28.7981],"dipPosition":[-33.7542,246.241,-38.5555],"direction":[-0.426577,-0.735483,0.5264],"extended":false,"handId":189,"id":1893,"length":59.0831,"mcpPosition":[-5.64384,293.847,-28.6062],"pipPosition":[-22.9176,264.925,-51.928],"stabilizedTipPosition":[-6.36243,254.048,136.892],"timeVisible":1.03939,"tipPosition":[-36.0216,242.17,-25.7354],"tipVelocity":[7.96687,-18.064,-64.7099],"tool":false,"touchDistance":0.333333,"touchZone":"none","type":3,"width":16.5772},{"bases":[[[0.758044,-0.634558,0.15068],[0.630815,0.77203,0.0777298],[-0.165654,0.0361288,0.985522]],[[0.7603,-0.635004,0.136799],[0.460659,0.378612,-0.802774],[0.457971,0.673367,0.580379]],[[0.7603,-0.635004,0.136799],[-0.23555,-0.465784,-0.852972],[0.605359,0.616291,-0.503711]],[[0.7603,-0.635004,0.136799],[-0.543085,-0.736945,-0.402456],[0.356374,0.231693,-0.90516]]],"btipPosition":[-21.0955,247.02,-18.8395],"carpPosition":[1.43682,285.492,29.0419],"dipPosition":[-15.4624,250.683,-33.1471],"direction":[-0.605359,-0.616291,0.503711],"extended":false,"handId":189,"id":1894,"length":46.32,"mcpPosition":[10.2454,283.571,-23.3626],"pipPosition":[-4.60462,261.737,-42.1817],"stabilizedTipPosition":[0.4061,261.504,137.803],"timeVisible":1.03939,"tipPosition":[-19.8069,248.126,-21.3642],"tipVelocity":[7.3137,-16.8215,-69.4043],"tool":false,"touchDistance":0.333333,"touchZone":"none","type":4,"width":14.7252}],"r":[[0.720169,-0.678917,0.142926],[0.657679,0.602432,-0.452254],[0.22094,0.419699,0.880363]],"s":0.797213,"t":[4.11657,4.66884,-163.924],"timestamp":2540755724},false],[3,{"currentFrameRate":110.017,"devices":[],"gestures":[],"hands":[{"armBasis":[[0.896962,-0.113319,-0.427338],[0.315268,0.841585,0.438566],[0.309943,-0.528103,0.790596]],"armWidth":58.4334,"confidence":0.671834,"direction":[-0.0483682,0.150459,-0.987432],"elbow":[64.585,156.234,233.095],"grabStrength":0,"id":189,"palmNormal":[-0.316533,-0.939944,-0.127718],"palmPosition":[-22.4281,292.861,-11.4083],"palmVelocity":[1.90541,-12.3855,-77.4066],"palmWidth":83.4409,"pinchStrength":1,"r":[[0.720624,-0.678423,0.142977],[0.657298,0.602881,-0.45221],[0.220591,0.419852,0.880377]],"s":0.797984,"sphereCenter":[-41.4421,267.16,-35.1354],"sphereRadius":41.383,"stabilizedPalmPosition":[-26.0697,289.483,150.893],"t":[4.13763,4.5677,-164.622],"timeVisible":1.04863,"type":"right","wrist":[-12.1567,286.992,37.3444]}],"id":239748,"interactionBox":{"center":[0,200,0],"size":[235.247,235.247,147.751]},"pointables":[{"bases":[[[0.654888,0.746785,-0.115905],[-0.601985,0.608208,0.517394],[0.456876,-0.269062,0.847862]],[[0.508427,0.791581,-0.338971],[-0.802696,0.578183,0.146228],[0.311738,0.197745,0.929363]],[[0.508427,0.791581,-0.338971],[-0.831365,0.348674,-0.432734],[-0.224353,0.501822,0.835369]],[[0.508427,0.791581,-0.338971],[-0.817028,0.319126,-0.480233],[-0.271969,0.521112,0.808996]]],"btipPosition":[-41.3246,249.294,-44.4128],"carpPosition":[-39.9062,285.221,41.6117],"dipPosition":[-47.1616,260.478,-27.0502],"direction":[0.224353,-0.501822,-0.835369],"extended":false,"handId":189,"id":1890,"length":47.7925,"mcpPosition":[-39.9062,285.221,41.6117],"pipPosition":[-54.1764,276.169,-0.930942],"stabilizedTipPosition":[-40.136,258.041,76.2981],"timeVisible":1.04863,"tipPosition":[-42.2151,251.24,-40.158],"tipVelocity":[-2.85326,-0.571339,-80.9763],"tool":false,"touchDistance":-0.394487,"touchZone":"touching","type":0,"width":18.5699},{"bases":[[[0.925777,-0.276766,-0.257559],[0.282363,0.959178,-0.0157737],[0.25141,-0.0581222,0.966134]],[[0.954756,-0.282585,-0.0926657],[0.294388,0.942232,0.159797],[0.0421562,-0.179847,0.982791]],[[0.954756,-0.282585,-0.0926657],[0.287614,0.956637,0.0460799],[0.0756259,-0.070647,0.99463]],[[0.954756,-0.282585,-0.0926657],[0.278897,0.958973,-0.0508605],[0.103236,0.0227152,0.994397]]],"btipPosition":[-49.6145,313.502,-108.003],"carpPosition":[-27.6983,301.285,33.5239],"dipPosition":[-47.997,313.858,-92.423],"direction":[-0.0756259,0.070647,-0.99463],"extended":true,"handId":189,"id":1891,"length":53.9285,"mcpPosition":[-44.6599,305.206,-31.657],"pipPosition":[-46.3208,312.292,-70.377],"stabilizedTipPosition":[-57.4806,308.299,52.0666],"timeVisible":1.04863,"tipPosition":[-49.1373,312.485,-104.487],"tipVelocity":[-1.59088,4.82266,-75.0859],"tool":false,"touchDistance":-0.391573,"touchZone":"touching","type":1,"width":17.738},{"bases":[[[0.889441,-0.441508,-0.118175],[0.440263,0.89707,-0.0378749],[0.122733,-0.0183404,0.99227]],[[0.889974,-0.441585,-0.113794],[0.135841,0.494939,-0.858244],[0.435309,0.748357,0.500468]],[[0.889974,-0.441585,-0.113794],[-0.345309,-0.489616,-0.800648],[0.297839,0.75185,-0.588229]],[[0.889974,-0.441585,-0.113794],[-0.45433,-0.83723,-0.304353],[0.0391262,0.322566,-0.945738]]],"btipPosition":[-52.5869,242.652,-23.8689],"carpPosition":[-17.0522,299.722,30.1004],"dipPosition":[-51.9126,248.211,-40.1667],"direction":[-0.297839,-0.75185,0.588229],"extended":false,"handId":189,"id":1892,"length":61.4471,"mcpPosition":[-24.9046,300.896,-33.3846],"pipPosition":[-44.1458,267.817,-55.506],"stabilizedTipPosition":[-27.7575,258.174,105.726],"timeVisible":1.04863,"tipPosition":[-52.3486,244.051,-27.4183],"tipVelocity":[6.7299,-14.2237,-77.6113],"tool":false,"touchDistance":0.333333,"touchZone":"none","type":2,"width":17.4211},{"bases":[[[0.862071,-0.505755,0.0323279],[0.506372,0.862192,-0.0145704],[-0.0205038,0.0289307,0.999371]],[[0.862159,-0.50653,-0.0104304],[0.281349,0.4958,-0.821599],[0.421336,0.705414,0.569971]],[[0.862159,-0.50653,-0.0104304],[-0.274016,-0.448886,-0.850539],[0.426141,0.736158,-0.525809]],[[0.862159,-0.50653,-0.0104304],[-0.47457,-0.800211,-0.366667],[0.177381,0.321075,-0.930294]]],"btipPosition":[-36.7601,240.76,-23.4653],"carpPosition":[-6.8099,295.527,27.9978],"dipPosition":[-33.7209,246.262,-39.4048],"direction":[-0.426141,-0.736158,0.525809],"extended":false,"handId":189,"id":1893,"length":59.0831,"mcpPosition":[-5.63211,293.865,-29.409],"pipPosition":[-22.8954,264.963,-52.7622],"stabilizedTipPosition":[-6.36249,254.048,136.891],"timeVisible":1.04863,"tipPosition":[-35.9875,242.171,-26.616],"tipVelocity":[6.87977,-12.7443,-72.4499],"tool":false,"touchDistance":0.333333,"touchZone":"none","type":3,"width":16.5772},{"bases":[[[0.758307,-0.634468,0.149737],[0.630477,0.772178,0.0789849],[-0.165737,0.034511,0.985566]],[[0.76076,-0.634923,0.1346],[0.459494,0.380418,-0.802588],[0.458377,0.672425,0.58115]],[[0.76076,-0.634923,0.1346],[-0.236453,-0.464265,-0.85355],[0.604428,0.61752,-0.503324]],[[0.76076,-0.634923,0.1346],[-0.543247,-0.736399,-0.403236],[0.355143,0.233645,-0.905143]]],"btipPosition":[-21.0567,247.015,-19.6896],"carpPosition":[1.44818,285.423,28.2264],"dipPosition":[-15.4431,250.708,-33.9969],"direction":[-0.604428,-0.617521,0.503324],"extended":false,"handId":189,"id":1894,"length":46.32,"mcpPosition":[10.2611,283.588,-24.1804],"pipPosition":[-4.60199,261.784,-43.0245],"stabilizedTipPosition":[0.406079,261.504,137.803],"timeVisible":1.04863,"tipPosition":[-19.7734,248.12,-22.2421],"tipVelocity":[6.30248,-12.0399,-75.7441],"tool":false,"touchDistance":0.333333,"touchZone":"none","type":4,"width":14.7252}],"r":[[0.720624,-0.678423,0.142977],[0.657298,0.602881,-0.45221],[0.220591,0.419852,0.880377]],"s":0.797984,"t":[4.13763,4.5677,-164.622],"timestamp":2540764965},false],[4,{"currentFrameRate":110.125,"devices":[],"gestures":[],"hands":[{"armBasis":[[0.897961,-0.115816,-0.424561],[0.315437,0.842107,0.437442],[0.306863,-0.526728,0.792712]],"armWidth":58.4334,"confidence":0.651607,"direction":[-0.0476118,0.148995,-0.987691],"elbow":[63.8183,156.52,233.063],"grabStrength":0,"id":189,"palmNormal":[-0.316964,-0.939961,-0.126516],"palmPosition":[-22.3955,292.738,-11.9804],"palmVelocity":[2.3843,-12.7872,-73.8625],"palmWidth":83.4409,"pinchStrength":1,"r":[[0.720894,-0.678064,0.143322],[0.65712,0.603032,-0.452267],[0.220238,0.420216,0.880292]],"s":0.798602,"sphereCenter":[-41.5041,267.096,-35.6861],"sphereRadius":41.3985,"stabilizedPalmPosition":[-26.0697,289.483,150.893],"t":[4.16445,4.45552,-165.256],"timeVisible":1.05752,"type":"right","wrist":[-12.1606,286.937,36.7881]}],"id":239749,"interactionBox":{"center":[0,200,0],"size":[235.247,235.247,147.751]},"pointables":[{"bases":[[[0.655378,0.746249,-0.116584],[-0.602002,0.60932,0.516065],[0.45615,-0.268034,0.848578]],[[0.509338,0.790766,-0.339505],[-0.802094,0.579165,0.145645],[0.3118,0.198132,0.92926]],[[0.509338,0.790766,-0.339505],[-0.83056,0.348438,-0.434465],[-0.225264,0.503269,0.834252]],[[0.509338,0.790766,-0.339505],[-0.816359,0.319165,-0.481344],[-0.272272,0.522324,0.808112]]],"btipPosition":[-41.3002,249.172,-44.9267],"carpPosition":[-39.914,285.187,41.0392],"dipPosition":[-47.1437,260.382,-27.5831],"direction":[0.225264,-0.503269,-0.834252],"extended":false,"handId":189,"id":1890,"length":47.7925,"mcpPosition":[-39.914,285.187,41.0392],"pipPosition":[-54.187,276.117,-1.49874],"stabilizedTipPosition":[-40.1361,258.041,76.2922],"timeVisible":1.05752,"tipPosition":[-42.2026,251.127,-40.6846],"tipVelocity":[-1.37875,-3.98115,-74.8188],"tool":false,"touchDistance":-0.391146,"touchZone":"touching","type":0,"width":18.5699},{"bases":[[[0.9258,-0.277664,-0.256509],[0.282902,0.958998,-0.0170277],[0.250719,-0.0568027,0.966392]],[[0.954583,-0.283241,-0.0924471],[0.294991,0.942061,0.15969],[0.0418601,-0.179708,0.982829]],[[0.954583,-0.283241,-0.0924471],[0.288237,0.956462,0.0458209],[0.0754438,-0.0703865,0.994663]],[[0.954583,-0.283241,-0.0924471],[0.279518,0.95877,-0.0512787],[0.10316,0.0231092,0.994396]]],"btipPosition":[-49.5444,313.343,-108.611],"carpPosition":[-27.6917,301.233,32.9355],"dipPosition":[-47.9281,313.705,-93.0311],"direction":[-0.0754438,0.0703865,-0.994663],"extended":true,"handId":189,"id":1891,"length":53.9285,"mcpPosition":[-44.6067,305.065,-32.2629],"pipPosition":[-46.2559,312.145,-70.9843],"stabilizedTipPosition":[-57.4806,308.299,52.0666],"timeVisible":1.05752,"tipPosition":[-49.0584,312.343,-105.095],"tipVelocity":[0.976516,-1.30344,-73.2721],"tool":false,"touchDistance":-0.389869,"touchZone":"touching","type":1,"width":17.738},{"bases":[[[0.889278,-0.442175,-0.116901],[0.440783,0.896769,-0.0389274],[0.122046,-0.0169107,0.99238]],[[0.889778,-0.442242,-0.112769],[0.13749,0.495347,-0.857746],[0.435191,0.747699,0.501553]],[[0.889778,-0.442242,-0.112769],[-0.344875,-0.489681,-0.800796],[0.298924,0.751422,-0.588226]],[[0.889778,-0.442242,-0.112769],[-0.454665,-0.837443,-0.303263],[0.0396778,0.32111,-0.946211]]],"btipPosition":[-52.5675,242.563,-24.4946],"carpPosition":[-17.0441,299.659,29.5216],"dipPosition":[-51.8837,248.096,-40.8005],"direction":[-0.298924,-0.751422,0.588226],"extended":false,"handId":189,"id":1892,"length":61.4471,"mcpPosition":[-24.8526,300.741,-33.9704],"pipPosition":[-44.0886,267.691,-56.1398],"stabilizedTipPosition":[-27.7575,258.174,105.726],"timeVisible":1.05752,"tipPosition":[-52.3327,243.938,-28.0136],"tipVelocity":[5.56129,-13.2767,-75.7098],"tool":false,"touchDistance":0.333333,"touchZone":"none","type":2,"width":17.4211},{"bases":[[[0.86177,-0.50618,0.0336794],[0.506857,0.86189,-0.0155252],[-0.0211694,0.0304498,0.999312]],[[0.861887,-0.507019,-0.00907626],[0.282138,0.494328,-0.822215],[0.421365,0.706096,0.569105]],[[0.861887,-0.507019,-0.00907626],[-0.273866,-0.450335,-0.849821],[0.426788,0.734936,-0.526993]],[[0.861887,-0.507019,-0.00907626],[-0.474863,-0.800687,-0.365248],[0.17792,0.319112,-0.930866]]],"btipPosition":[-36.7416,240.637,-23.952],"carpPosition":[-6.80271,295.455,27.4324],"dipPosition":[-33.6931,246.105,-39.9013],"direction":[-0.426788,-0.734936,0.526993],"extended":false,"handId":189,"id":1893,"length":59.0831,"mcpPosition":[-5.58668,293.706,-29.9711],"pipPosition":[-22.8511,264.775,-53.2888],"stabilizedTipPosition":[-6.36254,254.048,136.891],"timeVisible":1.05752,"tipPosition":[-35.9706,242.035,-27.1214],"tipVelocity":[5.64203,-13.2732,-67.7125],"tool":false,"touchDistance":0.333333,"touchZone":"none","type":3,"width":16.5772},{"bases":[[[0.757855,-0.634658,0.151212],[0.630849,0.77195,0.0782505],[-0.16639,0.0360892,0.985399]],[[0.760578,-0.635181,0.134412],[0.458703,0.379206,-0.803613],[0.45947,0.672866,0.579775]],[[0.760578,-0.635181,0.134412],[-0.237861,-0.465245,-0.852625],[0.604105,0.616517,-0.50494]],[[0.760578,-0.635181,0.134412],[-0.544129,-0.736564,-0.401742],[0.354182,0.232419,-0.905835]]],"btipPosition":[-21.035,246.878,-20.1408],"carpPosition":[1.44964,285.347,27.6818],"dipPosition":[-15.4365,250.552,-34.459],"direction":[-0.604105,-0.616517,0.50494],"extended":false,"handId":189,"id":1894,"length":46.32,"mcpPosition":[10.2973,283.428,-24.7161],"pipPosition":[-4.60124,261.609,-43.5157],"stabilizedTipPosition":[0.406059,261.504,137.803],"timeVisible":1.05752,"tipPosition":[-19.7554,247.971,-22.738],"tipVelocity":[5.1479,-13.104,-69.035],"tool":false,"touchDistance":0.333333,"touchZone":"none","type":4,"width":14.7252}],"r":[[0.720894,-0.678064,0.143322],[0.65712,0.603032,-0.452267],[0.220238,0.420216,0.880292]],"s":0.798602,"t":[4.16445,4.45552,-165.256],"timestamp":2540773853},false],[5,{"currentFrameRate":110.061,"devices":[],"gestures":[],"hands":[{"armBasis":[[0.898092,-0.118614,-0.423511],[0.317269,0.841604,0.437086],[0.304583,-0.52691,0.79347]],"armWidth":58.4334,"confidence":0.625847,"direction":[-0.0466207,0.149216,-0.987705],"elbow":[63.2404,156.318,232.671],"grabStrength":0,"id":189,"palmNormal":[-0.31919,-0.939167,-0.126817],"palmPosition":[-22.364,292.612,-12.5663],"palmVelocity":[2.6766,-13.0423,-71.0186],"palmWidth":83.4409,"pinchStrength":1,"r":[[0.720758,-0.678134,0.143674],[0.657332,0.60284,-0.452216],[0.22005,0.42038,0.880261]],"s":0.799086,"sphereCenter":[-41.6,267.087,-36.2911],"sphereRadius":41.4134,"stabilizedPalmPosition":[-26.0697,289.483,150.893],"t":[4.19364,4.33642,-165.867],"timeVisible":1.06672,"type":"right","wrist":[-12.1742,286.781,36.2081]}],"id":239750,"interactionBox":{"center":[0,200,0],"size":[235.247,235.247,147.751]},"pointables":[{"bases":[[[0.657282,0.74465,-0.116089],[-0.600831,0.610741,0.515749],[0.454953,-0.269243,0.848838]],[[0.512225,0.789477,-0.338159],[-0.799966,0.581848,0.146657],[0.31254,0.195394,0.929591]],[[0.512225,0.789477,-0.338159],[-0.82881,0.351154,-0.43562],[-0.225166,0.503405,0.834197]],[[0.512225,0.789477,-0.338159],[-0.81454,0.321719,-0.482724],[-0.272307,0.522707,0.807853]]],"btipPosition":[-41.3569,249.196,-45.5324],"carpPosition":[-39.9345,285.098,40.4413],"dipPosition":[-47.2011,260.414,-28.1944],"direction":[0.225166,-0.503405,-0.834197],"extended":false,"handId":189,"id":1890,"length":47.7925,"mcpPosition":[-39.9345,285.098,40.4413],"pipPosition":[-54.2413,276.154,-2.11174],"stabilizedTipPosition":[-40.1362,258.04,76.288],"timeVisible":1.06672,"tipPosition":[-42.2779,251.144,-41.301],"tipVelocity":[-2.72156,-2.07218,-72.3476],"tool":false,"touchDistance":-0.38947,"touchZone":"touching","type":0,"width":18.5699},{"bases":[[[0.925278,-0.279908,-0.255953],[0.285266,0.958302,-0.0167457],[0.249967,-0.0575203,0.966544]],[[0.953854,-0.285564,-0.0928236],[0.297415,0.941044,0.161184],[0.0413228,-0.181353,0.982549]],[[0.953854,-0.285564,-0.0928236],[0.2907,0.955646,0.0472638],[0.0752097,-0.0720666,0.99456]],[[0.953854,-0.285564,-0.0928236],[0.281982,0.958119,-0.0499345],[0.103196,0.0214556,0.99443]]],"btipPosition":[-49.4439,313.402,-109.197],"carpPosition":[-27.6677,301.115,32.3472],"dipPosition":[-47.827,313.738,-93.6164],"direction":[-0.0752097,0.0720666,-0.99456],"extended":true,"handId":189,"id":1891,"length":53.9285,"mcpPosition":[-44.532,304.995,-32.8615],"pipPosition":[-46.16,312.14,-71.572],"stabilizedTipPosition":[-57.4806,308.299,52.0666],"timeVisible":1.06672,"tipPosition":[-48.9503,312.409,-105.683],"tipVelocity":[3.76362,0.660813,-70.5885],"tool":false,"touchDistance":-0.388002,"touchZone":"touching","type":1,"width":17.738},{"bases":[[[0.888264,-0.444344,-0.116386],[0.443007,0.895689,-0.0385521],[0.121376,-0.0173154,0.992456]],[[0.888733,-0.444409,-0.112492],[0.140004,0.496786,-0.856506],[0.436523,0.745456,0.503729]],[[0.888733,-0.444409,-0.112492],[-0.345417,-0.487841,-0.801685],[0.301398,0.75134,-0.587067]],[[0.888733,-0.444409,-0.112492],[-0.456605,-0.836297,-0.303511],[0.0408069,0.321105,-0.946164]]],"btipPosition":[-52.6452,242.546,-25.2084],"carpPosition":[-17.0219,299.515,28.9398],"dipPosition":[-51.942,248.08,-41.5136],"direction":[-0.301398,-0.75134,0.587067],"extended":false,"handId":189,"id":1892,"length":61.4471,"mcpPosition":[-24.7875,300.623,-34.5571],"pipPosition":[-44.0824,267.673,-56.8226],"stabilizedTipPosition":[-27.7576,258.174,105.726],"timeVisible":1.06672,"tipPosition":[-52.4112,243.904,-28.6988],"tipVelocity":[1.77851,-10.0599,-76.2329],"tool":false,"touchDistance":0.333333,"touchZone":"none","type":2,"width":17.4211},{"bases":[[[0.860503,-0.508297,0.0341703],[0.508981,0.860645,-0.0151119],[-0.0217272,0.0303959,0.999302]],[[0.860645,-0.509133,-0.00863354],[0.283839,0.493745,-0.82198],[0.42276,0.704982,0.569451]],[[0.860645,-0.509133,-0.00863354],[-0.274631,-0.449828,-0.849843],[0.428799,0.733784,-0.526966]],[[0.860645,-0.509133,-0.00863354],[-0.476718,-0.79966,-0.365081],[0.178971,0.318321,-0.930936]]],"btipPosition":[-36.8226,240.56,-24.5408],"carpPosition":[-6.7895,295.286,26.8566],"dipPosition":[-33.7561,246.015,-40.4913],"direction":[-0.428799,-0.733784,0.526966],"extended":false,"handId":189,"id":1893,"length":59.0831,"mcpPosition":[-5.54142,293.54,-30.5463],"pipPosition":[-22.863,264.655,-53.8782],"stabilizedTipPosition":[-6.36259,254.048,136.891],"timeVisible":1.06672,"tipPosition":[-36.0512,241.948,-27.7241],"tipVelocity":[1.72799,-11.995,-66.6861],"tool":false,"touchDistance":0.333333,"touchZone":"none","type":3,"width":16.5772},{"bases":[[[0.756199,-0.636533,0.151623],[0.632692,0.770391,0.0787326],[-0.166925,0.0363932,0.985298]],[[0.759184,-0.637101,0.133198],[0.458589,0.378357,-0.804078],[0.461883,0.671526,0.57941]],[[0.759184,-0.637101,0.133198],[-0.240293,-0.464534,-0.852331],[0.604896,0.615069,-0.505758]],[[0.759184,-0.637101,0.133198],[-0.546512,-0.735109,-0.401174],[0.353503,0.23177,-0.906266]]],"btipPosition":[-21.1,246.753,-20.6737],"carpPosition":[1.43786,285.158,27.1102],"dipPosition":[-15.5123,250.416,-34.9988],"direction":[-0.604896,-0.615069,0.505758],"extended":false,"handId":189,"id":1894,"length":46.32,"mcpPosition":[10.314,283.223,-25.2824],"pipPosition":[-4.66283,261.448,-44.0701],"stabilizedTipPosition":[0.406038,261.504,137.802],"timeVisible":1.06672,"tipPosition":[-19.8232,247.833,-23.3173],"tipVelocity":[1.6553,-13.319,-65.9778],"tool":false,"touchDistance":0.333333,"touchZone":"none","type":4,"width":14.7252}],"r":[[0.720758,-0.678134,0.143674],[0.657332,0.60284,-0.452216],[0.22005,0.42038,0.880261]],"s":0.799086,"t":[4.19364,4.33642,-165.867],"timestamp":2540783052},false],[6,{"currentFrameRate":110.168,"devices":[],"gestures":[],"hands":[{"armBasis":[[0.900506,-0.118757,-0.418313],[0.313629,0.843723,0.435624],[0.301207,-0.523477,0.797023]],"armWidth":58.4334,"confidence":0.626386,"direction":[-0.0443023,0.150013,-0.987691],"elbow":[62.2688,156.916,232.106],"grabStrength":0,"id":189,"palmNormal":[-0.315914,-0.940032,-0.128604],"palmPosition":[-22.3802,292.374,-14.0338],"palmVelocity":[1.4537,-16.7717,-96.5846],"palmWidth":83.4409,"pinchStrength":1,"r":[[0.72099,-0.677769,0.144234],[0.657382,0.603179,-0.45169],[0.219143,0.42048,0.880439]],"s":0.799524,"sphereCenter":[-41.6183,266.947,-37.8509],"sphereRadius":41.441,"stabilizedPalmPosition":[-26.0697,289.483,150.893],"t":[4.20012,4.15791,-166.906],"timeVisible":1.07561,"type":"right","wrist":[-12.3098,286.528,34.7635]}],"id":239751,"interactionBox":{"center":[0,200,0],"size":[235.247,235.247,147.751]},"pointables":[{"bases":[[[0.65529,0.746796,-0.113532],[-0.604175,0.608382,0.51463],[0.453395,-0.268639,0.849862]],[[0.511222,0.791336,-0.335321],[-0.801671,0.5797,0.145848],[0.309801,0.194256,0.930746]],[[0.511222,0.791336,-0.335321],[-0.827967,0.348832,-0.439076],[-0.230486,0.5021,0.83353]],[[0.511222,0.791336,-0.335321],[-0.812945,0.318636,-0.487434],[-0.278879,0.521785,0.806206]]],"btipPosition":[-41.0662,248.966,-47.0535],"carpPosition":[-40.0765,284.755,38.9169],"dipPosition":[-47.0514,260.164,-29.7508],"direction":[0.230486,-0.5021,-0.83353],"extended":false,"handId":189,"id":1890,"length":47.7925,"mcpPosition":[-40.0765,284.755,38.9169],"pipPosition":[-54.258,275.863,-3.68898],"stabilizedTipPosition":[-40.1362,258.04,76.2851],"timeVisible":1.07561,"tipPosition":[-42.0611,250.922,-42.8515],"tipVelocity":[5.91385,-8.68696,-99.4371],"tool":false,"touchDistance":-0.401794,"touchZone":"touching","type":0,"width":18.5699},{"bases":[[[0.92686,-0.276792,-0.253608],[0.282335,0.959198,-0.0150359],[0.247422,-0.0576662,0.96719]],[[0.954895,-0.282502,-0.0914804],[0.294298,0.941397,0.164804],[0.0395619,-0.184293,0.982075]],[[0.954895,-0.282502,-0.0914804],[0.287819,0.956321,0.051091],[0.0730513,-0.0751163,0.994495]],[[0.954895,-0.282502,-0.0914804],[0.279334,0.95909,-0.046025],[0.10074,0.0183954,0.994743]]],"btipPosition":[-49.2855,313.346,-110.7],"carpPosition":[-27.8368,300.818,30.8725],"dipPosition":[-47.7071,313.634,-95.1145],"direction":[-0.0730513,0.0751163,-0.994495],"extended":true,"handId":189,"id":1891,"length":53.9285,"mcpPosition":[-44.5293,304.708,-34.3797],"pipPosition":[-46.088,311.969,-73.0715],"stabilizedTipPosition":[-57.4806,308.299,52.0666],"timeVisible":1.07561,"tipPosition":[-48.7926,312.343,-107.188],"tipVelocity":[7.31131,-1.56872,-97.321],"tool":false,"touchDistance":-0.400063,"touchZone":"touching","type":1,"width":17.738},{"bases":[[[0.889963,-0.441475,-0.114301],[0.440331,0.897095,-0.0364568],[0.118634,-0.0178852,0.992777]],[[0.890377,-0.441536,-0.110797],[0.142976,0.502311,-0.852784],[0.432189,0.743458,0.510375]],[[0.890377,-0.441536,-0.110797],[-0.340642,-0.484772,-0.80558],[0.301981,0.755011,-0.582036]],[[0.890377,-0.441536,-0.110797],[-0.453188,-0.836744,-0.307376],[0.0430087,0.323892,-0.945116]]],"btipPosition":[-52.4859,242.267,-27.1181],"carpPosition":[-17.1765,299.254,27.4937],"dipPosition":[-51.7448,247.848,-43.4052],"direction":[-0.301981,-0.755011,0.582036],"extended":false,"handId":189,"id":1892,"length":61.4471,"mcpPosition":[-24.7666,300.398,-36.0238],"pipPosition":[-43.87,267.537,-58.583],"stabilizedTipPosition":[-27.7576,258.174,105.725],"timeVisible":1.07561,"tipPosition":[-52.2436,243.615,-30.5109],"tipVelocity":[6.43084,-15.5471,-113.772],"tool":false,"touchDistance":0.333333,"touchZone":"none","type":2,"width":17.4211},{"bases":[[[0.861978,-0.505658,0.0361155],[0.506347,0.862234,-0.0128638],[-0.0246353,0.0293753,0.999265]],[[0.862242,-0.506452,-0.00675148],[0.284484,0.495281,-0.820832],[0.419056,0.705835,0.571129]],[[0.862242,-0.506452,-0.00675148],[-0.271165,-0.450322,-0.850694],[0.427795,0.735335,-0.525618]],[[0.862242,-0.506452,-0.00675148],[-0.473373,-0.801041,-0.366404],[0.180158,0.319124,-0.930432]]],"btipPosition":[-36.6343,240.304,-26.0716],"carpPosition":[-6.92517,295.059,25.4353],"dipPosition":[-33.5475,245.772,-42.0135],"direction":[-0.427795,-0.735335,0.525618],"extended":false,"handId":189,"id":1893,"length":59.0831,"mcpPosition":[-5.51004,293.372,-31.9654],"pipPosition":[-22.6799,264.452,-55.3661],"stabilizedTipPosition":[-6.36264,254.048,136.891],"timeVisible":1.07561,"tipPosition":[-35.8643,241.686,-29.2743],"tipVelocity":[7.15746,-16.4857,-95.3023],"tool":false,"touchDistance":0.333333,"touchZone":"none","type":3,"width":16.5772},{"bases":[[[0.757742,-0.634328,0.153152],[0.630073,0.772275,0.0812437],[-0.169811,0.0349354,0.984857]],[[0.761028,-0.634905,0.133159],[0.458038,0.380537,-0.803363],[0.459388,0.672374,0.58041]],[[0.761028,-0.634905,0.133159],[-0.238483,-0.464704,-0.852746],[0.603293,0.617208,-0.505067]],[[0.761028,-0.634905,0.133159],[-0.544049,-0.736448,-0.402063],[0.353337,0.233536,-0.905878]]],"btipPosition":[-20.9393,246.535,-22.1089],"carpPosition":[1.33286,284.956,25.7026],"dipPosition":[-15.3542,250.226,-36.4278],"direction":[-0.603293,-0.617208,0.505067],"extended":false,"handId":189,"id":1894,"length":46.32,"mcpPosition":[10.3624,283.098,-26.6666],"pipPosition":[-4.53347,261.296,-45.4867],"stabilizedTipPosition":[0.406019,261.504,137.802],"timeVisible":1.07561,"tipPosition":[-19.6659,247.609,-24.8019],"tipVelocity":[6.10062,-16.1713,-91.8811],"tool":false,"touchDistance":0.333333,"touchZone":"none",