{"sensorType":"Leap","data":[[0,{"currentFrameRate":110.422,"devices":[],"gestures":[],"hands":[{"armBasis":[[0.899702,0.0587386,-0.432535],[0.201972,0.822432,0.531802],[0.386968,-0.565823,0.72808]],"armWidth":63.3039,"confidence":0.761575,"direction":[0.0761705,0.418073,-0.905214],"elbow":[85.349,147.922,240.275],"grabStrength":0,"id":183,"palmNormal":[-0.212873,-0.880103,-0.424388],"palmPosition":[-22.6542,320.052,-5.24072],"palmVelocity":[-21.6246,52.7881,-162.113],"palmWidth":90.3958,"pinchStrength":0.846667,"r":[[0.841733,-0.184755,0.507298],[0.13209,0.981542,0.138302],[-0.523487,-0.0494045,0.8506]],"s":1.01664,"sphereCenter":[-22.8003,283.734,-40.389],"sphereRadius":46.8429,"stabilizedPalmPosition":[-19.0763,273.136,123.445],"t":[72.972,150.512,-168.992],"timeVisible":4.15812,"type":"right","wrist":[-18.45,299.696,44.9767]}],"id":236794,"interactionBox":{"center":[0,200,0],"size":[235.247,235.247,147.751]},"pointables":[{"bases":[[[0.59724,0.778219,0.194111],[-0.718482,0.411531,0.560737],[0.356494,-0.47436,0.804919]],[[0.482194,0.875712,-0.0248513],[-0.826884,0.464312,0.317298],[0.2894,-0.13245,0.948]],[[0.482194,0.875712,-0.0248513],[-0.873041,0.477981,-0.096616],[-0.0727294,0.0682838,0.995011]],[[0.482194,0.875712,-0.0248513],[-0.581709,0.298838,-0.756512],[-0.65506,0.379242,0.653507]]],"btipPosition":[-45.2391,290.643,-51.7888],"carpPosition":[-48.5815,295.205,44.1226],"dipPosition":[-60.4698,299.46,-36.5943],"direction":[0.0727294,-0.0682838,-0.995011],"extended":false,"handId":183,"id":1830,"length":51.776,"mcpPosition":[-48.5815,295.205,44.1226],"pipPosition":[-62.9333,301.773,-2.8903],"stabilizedTipPosition":[-48.371,247.214,77.3178],"timeVisible":4.15812,"tipPosition":[-48.6947,291.995,-48.3474],"tipVelocity":[-23.3518,99.0071,-167.952],"tool":false,"touchDistance":-0.568049,"touchZone":"hovering","type":0,"width":20.1178},{"bases":[[[0.973067,-0.151631,-0.173634],[0.197395,0.937107,0.287866],[0.119064,-0.314387,0.941799]],[[0.980254,-0.192203,-0.0464859],[0.193638,0.980657,0.0285786],[0.0400938,-0.0370157,0.99851]],[[0.980254,-0.192203,-0.0464859],[0.18797,0.978681,-0.082768],[0.0614032,0.0723957,0.995484]],[[0.980254,-0.192203,-0.0464859],[0.182326,0.969496,-0.163812],[0.0765531,0.152102,0.985396]]],"btipPosition":[-49.0188,335.181,-109.516],"carpPosition":[-35.8314,314.943,42.5677],"dipPosition":[-47.7194,337.763,-92.79],"direction":[-0.0614032,-0.0723957,-0.995484],"extended":true,"handId":183,"id":1831,"length":58.4235,"mcpPosition":[-44.5337,337.921,-26.2676],"pipPosition":[-46.245,339.501,-68.8859],"stabilizedTipPosition":[-54.2687,286.232,9.45478],"timeVisible":4.15812,"tipPosition":[-48.6641,334.488,-105.537],"tipVelocity":[-14.1478,104.764,-160.782],"tool":false,"touchDistance":-0.578104,"touchZone":"hovering","type":1,"width":19.2165},{"bases":[[[0.932203,-0.350229,-0.0913101],[0.361627,0.890851,0.274974],[-0.0149602,-0.289351,0.957106]],[[0.932023,-0.352912,-0.0823828],[0.156282,0.596505,-0.787247],[0.326971,0.720857,0.61111]],[[0.932023,-0.352912,-0.0823828],[-0.261365,-0.49711,-0.827388],[0.251042,0.792676,-0.555556]],[[0.932023,-0.352912,-0.0823828],[-0.358255,-0.862957,-0.356313],[0.0546545,0.361606,-0.930728]]],"btipPosition":[-46.5246,271.269,-22.1297],"carpPosition":[-23.7919,314.877,40.4021],"dipPosition":[-45.5043,278.02,-39.5057],"direction":[-0.251042,-0.792676,0.555556],"extended":false,"handId":183,"id":1832,"length":66.5689,"mcpPosition":[-22.755,334.932,-25.9372],"pipPosition":[-38.4121,300.414,-55.2006],"stabilizedTipPosition":[-39.3144,216.393,115.552],"timeVisible":4.15812,"tipPosition":[-46.2514,272.889,-26.3749],"tipVelocity":[-18.0357,57.3799,-160.721],"tool":false,"touchDistance":0.333333,"touchZone":"none","type":2,"width":18.8731},{"bases":[[[0.889909,-0.455145,0.0300641],[0.426644,0.853874,0.298118],[-0.161358,-0.252471,0.954056]],[[0.88674,-0.459782,0.0478809],[0.301363,0.496435,-0.814084],[0.350532,0.73631,0.57877]],[[0.88674,-0.459782,0.0478809],[-0.238479,-0.543729,-0.804665],[0.396005,0.70211,-0.591795]],[[0.88674,-0.459782,0.0478809],[-0.419045,-0.843235,-0.336685],[0.195177,0.278488,-0.940399]]],"btipPosition":[-32.1739,270.192,-12.5605],"carpPosition":[-12.1347,311.656,38.7591],"dipPosition":[-28.551,275.361,-30.0162],"direction":[-0.396005,-0.70211,0.591795],"extended":false,"handId":183,"id":1833,"length":64.0077,"mcpPosition":[-2.09321,327.367,-20.6127],"pipPosition":[-17.6525,294.684,-46.3031],"stabilizedTipPosition":[-24.0322,215.664,126.478],"timeVisible":4.15812,"tipPosition":[-31.2388,271.406,-16.8673],"tipVelocity":[-20.8573,56.4963,-176.79],"tool":false,"touchDistance":0.333333,"touchZone":"none","type":3,"width":17.959},{"bases":[[[0.782444,-0.616093,0.0906099],[0.54392,0.747005,0.382274],[-0.303203,-0.249823,0.919596]],[[0.791661,-0.607866,0.0614187],[0.393369,0.430212,-0.812514],[0.467477,0.667396,0.579697]],[[0.791661,-0.607866,0.0614187],[-0.321642,-0.50013,-0.804],[0.519442,0.616741,-0.591449]],[[0.791661,-0.607866,0.0614187],[-0.549759,-0.752603,-0.362427],[0.266531,0.253154,-0.929986]]],"btipPosition":[-16.0047,276.121,-8.46824],"carpPosition":[-2.39206,301.493,37.4525],"dipPosition":[-11.4406,280.456,-24.3935],"direction":[-0.519442,-0.616741,0.591449],"extended":false,"handId":183,"id":1834,"length":50.1809,"mcpPosition":[15.0744,315.884,-15.5223],"pipPosition":[-1.34727,292.44,-35.886],"stabilizedTipPosition":[-8.43048,223.297,125.966],"timeVisible":4.15812,"tipPosition":[-14.7796,277.075,-12.5294],"tipVelocity":[-24.003,57.3123,-150.055],"tool":false,"touchDistance":0.333333,"touchZone":"none","type":4,"width":15.9526}],"r":[[0.841733,-0.184755,0.507298],[0.13209,0.981542,0.138302],[-0.523487,-0.0494045,0.8506]],"s":1.01664,"t":[72.972,150.512,-168.992],"timestamp":2513586472},false],[1,{"currentFrameRate":110.582,"devices":[],"gestures":[],"hands":[{"armBasis":[[0.901029,0.0537837,-0.430413],[0.204805,0.821959,0.53145],[0.382365,-0.567002,0.729593]],"armWidth":63.3039,"confidence":0.770552,"direction":[0.0771205,0.417501,-0.905398],"elbow":[83.9534,148.127,239.283],"grabStrength":0,"id":183,"palmNormal":[-0.215848,-0.879575,-0.423979],"palmPosition":[-22.7713,320.569,-6.64356],"palmVelocity":[-19.4093,54.4562,-161.579],"palmWidth":90.3958,"pinchStrength":0.84275,"r":[[0.841254,-0.185684,0.507753],[0.132135,0.981304,0.139938],[-0.524245,-0.0506313,0.850061]],"s":1.01844,"sphereCenter":[-23.171,284.309,-41.7997],"sphereRadius":46.8341,"stabilizedPalmPosition":[-19.0772,273.148,123.411],"t":[72.8049,150.996,-170.331],"timeVisible":4.16688,"type":"right","wrist":[-18.6109,300.218,43.5795]}],"id":236795,"interactionBox":{"center":[0,200,0],"size":[235.247,235.247,147.751]},"pointables":[{"bases":[[[0.599793,0.776386,0.193579],[-0.716935,0.414016,0.560887],[0.355321,-0.475199,0.804943]],[[0.485948,0.873665,-0.0237459],[-0.824325,0.467193,0.319717],[0.29042,-0.135791,0.947215]],[[0.485948,0.873665,-0.0237459],[-0.871081,0.481939,-0.094617],[-0.0712195,0.0666635,0.995231]],[[0.485948,0.873665,-0.0237459],[-0.578412,0.301117,-0.758134],[-0.655205,0.382149,0.651666]]],"btipPosition":[-45.5128,291.413,-53.0975],"carpPosition":[-48.7569,295.822,42.7396],"dipPosition":[-60.7468,300.298,-37.9458],"direction":[0.0712195,-0.0666635,-0.99523],"extended":false,"handId":183,"id":1830,"length":51.776,"mcpPosition":[-48.7569,295.822,42.7396],"pipPosition":[-63.1592,302.557,-4.23437],"stabilizedTipPosition":[-48.3718,247.274,77.1532],"timeVisible":4.16688,"tipPosition":[-48.9528,292.755,-49.6839],"tipVelocity":[-25.4918,96.5121,-163.268],"tool":false,"touchDistance":-0.559355,"touchZone":"hovering","type":0,"width":20.1178},{"bases":[[[0.972507,-0.154788,-0.173985],[0.200494,0.936578,0.287442],[0.118458,-0.314423,0.941863]],[[0.979624,-0.195178,-0.0473439],[0.196762,0.979947,0.0314334],[0.0402595,-0.0401084,0.998384]],[[0.979624,-0.195178,-0.0473439],[0.191059,0.978323,-0.0798749],[0.0619075,0.0692019,0.99568]],[[0.979624,-0.195178,-0.0473439],[0.185358,0.969391,-0.161009],[0.0773203,0.148953,0.985817]]],"btipPosition":[-49.12,336.022,-110.923],"carpPosition":[-35.9447,315.519,41.1722],"dipPosition":[-47.8076,338.55,-94.1895],"direction":[-0.0619075,-0.0692019,-0.99568],"extended":true,"handId":183,"id":1831,"length":58.4235,"mcpPosition":[-44.6027,338.5,-27.6678],"pipPosition":[-46.321,340.212,-70.2807],"stabilizedTipPosition":[-54.258,286.331,9.22583],"timeVisible":4.16688,"tipPosition":[-48.7747,335.316,-106.947],"tipVelocity":[-13.3594,102.032,-160.672],"tool":false,"touchDistance":-0.569702,"touchZone":"hovering","type":1,"width":19.2165},{"bases":[[[0.931046,-0.353225,-0.0915718],[0.364573,0.889796,0.274499],[-0.0154795,-0.288955,0.957217]],[[0.930857,-0.35595,-0.0824881],[0.157554,0.594716,-0.788346],[0.329669,0.720841,0.609677]],[[0.930857,-0.35595,-0.0824881],[-0.263544,-0.497709,-0.826336],[0.253079,0.79094,-0.557104]],[[0.930857,-0.35595,-0.0824881],[-0.361188,-0.862303,-0.354932],[0.0552082,0.360185,-0.931246]]],"btipPosition":[-46.8002,271.855,-23.4159],"carpPosition":[-23.9064,315.414,39.0016],"dipPosition":[-45.7695,278.58,-40.8016],"direction":[-0.253079,-0.79094,0.557104],"extended":false,"handId":183,"id":1832,"length":66.5689,"mcpPosition":[-22.8334,335.442,-27.3454],"pipPosition":[-38.6198,300.924,-56.5402],"stabilizedTipPosition":[-39.3161,216.407,115.518],"timeVisible":4.16688,"tipPosition":[-46.5271,273.468,-27.6861],"tipVelocity":[-21.5642,59.7445,-157.056],"tool":false,"touchDistance":0.333333,"touchZone":"none","type":2,"width":18.8731},{"bases":[[[0.88847,-0.457962,0.0298582],[0.429481,0.852621,0.297629],[-0.16176,-0.251611,0.954215]],[[0.885286,-0.462592,0.047716],[0.303246,0.496437,-0.813383],[0.352576,0.734547,0.579768]],[[0.885286,-0.462592,0.047716],[-0.239807,-0.542011,-0.80543],[0.398448,0.701593,-0.590767]],[[0.885286,-0.462592,0.047716],[-0.421616,-0.84167,-0.337389],[0.196234,0.278568,-0.940155]]],"btipPosition":[-32.4519,270.729,-14.0517],"carpPosition":[-12.2601,312.155,37.3549],"dipPosition":[-28.8094,275.9,-31.5029],"direction":[-0.398448,-0.701593,0.590767],"extended":false,"handId":183,"id":1833,"length":64.0077,"mcpPosition":[-2.19362,327.813,-22.0268],"pipPosition":[-17.8437,295.208,-47.7614],"stabilizedTipPosition":[-24.0347,215.683,126.429],"timeVisible":4.16688,"tipPosition":[-31.518,271.944,-18.3023],"tipVelocity":[-23.6386,57.793,-174.991],"tool":false,"touchDistance":0.333333,"touchZone":"none","type":3,"width":17.959},{"bases":[[[0.780519,-0.618545,0.0905074],[0.546453,0.745411,0.381775],[-0.30361,-0.248525,0.919813]],[[0.789535,-0.610564,0.0620192],[0.397008,0.431074,-0.810284],[0.467995,0.66437,0.582746]],[[0.789535,-0.610564,0.0620192],[-0.320972,-0.496951,-0.806236],[0.523079,0.616645,-0.588334]],[[0.789535,-0.610564,0.0620192],[-0.551511,-0.750218,-0.364704],[0.269203,0.253742,-0.929056]]],"btipPosition":[-16.2743,276.612,-10.0689],"carpPosition":[-2.55044,301.961,36.0479],"dipPosition":[-11.6644,280.957,-25.9783],"direction":[-0.523079,-0.616645,0.588334],"extended":false,"handId":183,"id":1834,"length":50.1809,"mcpPosition":[14.9395,316.277,-16.9393],"pipPosition":[-1.50037,292.939,-37.4102],"stabilizedTipPosition":[-8.43369,223.322,125.9],"timeVisible":4.16688,"tipPosition":[-15.0472,277.571,-14.0241],"tipVelocity":[-25.4956,57.0532,-158.704],"tool":false,"touchDistance":0.333333,"touchZone":"none","type":4,"width":15.9526}],"r":[[0.841254,-0.185684,0.507753],[0.132135,0.981304,0.139938],[-0.524245,-0.0506313,0.850061]],"s":1.01844,"t":[72.8049,150.996,-170.331],"timestamp":2513595233},false],[2,{"currentFrameRate":110.485,"devices":[],"gestures":[],"hands":[{"armBasis":[[0.901647,0.0496954,-0.429607],[0.208336,0.820602,0.532173],[0.378983,-0.569335,0.72954]],"armWidth":63.3039,"confidence":0.773789,"direction":[0.0778631,0.414537,-0.906695],"elbow":[82.8701,148.11,237.633],"grabStrength":0,"id":183,"palmNormal":[-0.219913,-0.879913,-0.421178],"palmPosition":[-22.9179,321.047,-8.33489],"palmVelocity":[-18.4241,53.742,-167.691],"palmWidth":90.3958,"pinchStrength":0.841643,"r":[[0.840825,-0.186822,0.508046],[0.133006,0.981085,0.140645],[-0.524713,-0.0506842,0.849769]],"s":1.02005,"sphereCenter":[-23.7028,284.812,-43.3896],"sphereRadius":46.7948,"stabilizedPalmPosition":[-19.0782,273.161,123.376],"t":[72.6481,151.478,-171.846],"timeVisible":4.1761,"type":"right","wrist":[-18.7872,300.827,41.943]}],"id":236796,"interactionBox":{"center":[0,200,0],"size":[235.247,235.247,147.751]},"pointables":[{"bases":[[[0.603183,0.774476,0.190673],[-0.714627,0.418594,0.560436],[0.354229,-0.474306,0.80595]],[[0.490393,0.871133,-0.0253422],[-0.821285,0.471669,0.320966],[0.291557,-0.136587,0.946752]],[[0.490393,0.871133,-0.0253422],[-0.868711,0.486291,-0.0941366],[-0.0696818,0.068179,0.995237]],[[0.490393,0.871133,-0.0253422],[-0.574421,0.301221,-0.761121],[-0.655404,0.387806,0.648114]]],"btipPosition":[-45.8117,292,-54.5838],"carpPosition":[-48.9519,296.552,41.1479],"dipPosition":[-61.0504,301.016,-39.5147],"direction":[0.0696818,-0.068179,-0.995237],"extended":false,"handId":183,"id":1830,"length":51.776,"mcpPosition":[-48.9519,296.552,41.1479],"pipPosition":[-63.4107,303.326,-5.80308],"stabilizedTipPosition":[-48.3733,247.348,76.9514],"timeVisible":4.1761,"tipPosition":[-49.2601,293.359,-51.2107],"tipVelocity":[-27.4631,88.2019,-163.253],"tool":false,"touchDistance":-0.554333,"touchZone":"hovering","type":0,"width":20.1178},{"bases":[[[0.971676,-0.15929,-0.174564],[0.204646,0.936581,0.284492],[0.118176,-0.312158,0.942651]],[[0.97877,-0.199164,-0.0483975],[0.20081,0.979111,0.0318895],[0.0410353,-0.0409312,0.998319]],[[0.97877,-0.199164,-0.0483975],[0.195027,0.977617,-0.0789248],[0.0630332,0.0678105,0.995705]],[[0.97877,-0.199164,-0.0483975],[0.189241,0.96884,-0.159805],[0.0787168,0.147253,0.985962]]],"btipPosition":[-49.2992,336.626,-112.644],"carpPosition":[-36.0606,316.192,39.5093],"dipPosition":[-47.9631,339.126,-95.9078],"direction":[-0.0630332,-0.0678105,-0.995705],"extended":true,"handId":183,"id":1831,"length":58.4235,"mcpPosition":[-44.698,339.007,-29.3883],"pipPosition":[-46.4495,340.754,-71.9984],"stabilizedTipPosition":[-54.2459,286.449,8.95336],"timeVisible":4.1761,"tipPosition":[-48.9626,335.908,-108.668],"tipVelocity":[-14.8942,91.5952,-167.915],"tool":false,"touchDistance":-0.566868,"touchZone":"hovering","type":1,"width":19.2165},{"bases":[[[0.929489,-0.357314,-0.0915271],[0.368519,0.889087,0.271511],[-0.0156392,-0.286096,0.958073]],[[0.929298,-0.360018,-0.082415],[0.159167,0.591753,-0.790249],[0.333273,0.72126,0.607218]],[[0.929298,-0.360018,-0.082415],[-0.266462,-0.49904,-0.824595],[0.25574,0.788255,-0.559688]],[[0.929298,-0.360018,-0.082415],[-0.365105,-0.861847,-0.352019],[0.0557037,0.35722,-0.932358]]],"btipPosition":[-47.1649,272.385,-24.939],"carpPosition":[-24.0252,316.031,37.3264],"dipPosition":[-46.125,279.054,-42.3454],"direction":[-0.25574,-0.788255,0.559688],"extended":false,"handId":183,"id":1832,"length":66.5689,"mcpPosition":[-22.9412,335.861,-29.08],"pipPosition":[-38.9002,301.323,-58.157],"stabilizedTipPosition":[-39.3182,216.423,115.478],"timeVisible":4.1761,"tipPosition":[-46.8898,273.983,-29.213],"tipVelocity":[-26.5411,58.7066,-159.468],"tool":false,"touchDistance":0.333333,"touchZone":"none","type":2,"width":18.8731},{"bases":[[[0.886614,-0.461521,0.0302534],[0.433298,0.851713,0.294681],[-0.161769,-0.24816,0.955117]],[[0.883388,-0.466141,0.0483509],[0.302958,0.489312,-0.817796],[0.35755,0.737079,0.573474]],[[0.883388,-0.466141,0.0483509],[-0.244595,-0.546606,-0.800872],[0.399748,0.695654,-0.596881]],[[0.883388,-0.466141,0.0483509],[-0.426015,-0.841743,-0.331632],[0.195286,0.272361,-0.942169]]],"btipPosition":[-32.8244,271.245,-15.301],"carpPosition":[-12.3942,312.719,35.6768],"dipPosition":[-29.1995,276.3,-32.7895],"direction":[-0.399748,-0.695654,0.596881],"extended":false,"handId":183,"id":1833,"length":64.0077,"mcpPosition":[-2.32716,328.163,-23.761],"pipPosition":[-18.198,295.445,-49.2163],"stabilizedTipPosition":[-24.0376,215.703,126.377],"timeVisible":4.1761,"tipPosition":[-31.894,272.43,-19.647],"tipVelocity":[-28.456,56.4538,-164.168],"tool":false,"touchDistance":0.333333,"touchZone":"none","type":3,"width":17.959},{"bases":[[[0.778069,-0.621481,0.0914859],[0.549919,0.744269,0.379016],[-0.303642,-0.244591,0.920857]],[[0.786804,-0.613886,0.063898],[0.401832,0.430918,-0.807986],[0.468477,0.661403,0.585727]],[[0.786804,-0.613886,0.063898],[-0.31991,-0.494162,-0.80837],[0.527823,0.615587,-0.585197]],[[0.786804,-0.613886,0.063898],[-0.553754,-0.747847,-0.366172],[0.272574,0.252722,-0.928351]]],"btipPosition":[-16.6167,277.048,-11.9654],"carpPosition":[-2.72784,302.481,34.3893],"dipPosition":[-11.9491,281.376,-27.8627],"direction":[-0.527823,-0.615587,0.585197],"extended":false,"handId":183,"id":1834,"length":50.1809,"mcpPosition":[14.7639,316.571,-18.6581],"pipPosition":[-1.69288,293.337,-39.2337],"stabilizedTipPosition":[-8.43697,223.348,125.835],"timeVisible":4.1761,"tipPosition":[-15.3879,278.006,-15.776],"tipVelocity":[-28.3526,54.191,-171.774],"tool":false,"touchDistance":0.333333,"touchZone":"none","type":4,"width":15.9526}],"r":[[0.840825,-0.186822,0.508046],[0.133006,0.981085,0.140645],[-0.524713,-0.0506842,0.849769]],"s":1.02005,"t":[72.6481,151.478,-171.846],"timestamp":2513604456},false],[3,{"currentFrameRate":110.579,"devices":[],"gestures":[],"hands":[{"armBasis":[[0.900557,0.043996,-0.432506],[0.213209,0.822309,0.527589],[0.378865,-0.567338,0.731156]],"armWidth":63.3039,"confidence":0.783484,"direction":[0.0785277,0.411882,-0.907847],"elbow":[82.6887,149.073,237.041],"grabStrength":0,"id":183,"palmNormal":[-0.22463,-0.87993,-0.418647],"palmPosition":[-23.0436,321.367,-9.40495],"palmVelocity":[-17.2681,48.9191,-154.9],"palmWidth":90.3958,"pinchStrength":0.840219,"r":[[0.840447,-0.188265,0.50814],[0.134663,0.980855,0.140678],[-0.524896,-0.0498044,0.849708]],"s":1.02179,"sphereCenter":[-24.2014,285.166,-44.3747],"sphereRadius":46.7799,"stabilizedPalmPosition":[-19.0792,273.173,123.344],"t":[72.5068,151.878,-173.139],"timeVisible":4.18498,"type":"right","wrist":[-18.9369,301.253,40.918]}],"id":236797,"interactionBox":{"center":[0,200,0],"size":[235.247,235.247,147.751]},"pointables":[{"bases":[[[0.607077,0.772115,0.187873],[-0.711865,0.423353,0.560375],[0.353137,-0.473932,0.806649]],[[0.495266,0.868326,-0.0268506],[-0.817852,0.476454,0.322661],[0.292968,-0.137843,0.946134]],[[0.495266,0.868326,-0.0268506],[-0.866111,0.491127,-0.0929871],[-0.0675561,0.069309,0.995305]],[[0.495266,0.868326,-0.0268506],[-0.571204,0.302198,-0.763153],[-0.654552,0.393301,0.64566]]],"btipPosition":[-46.144,292.462,-55.4705],"carpPosition":[-49.1224,297.119,40.1759],"dipPosition":[-61.3628,301.607,-40.4584],"direction":[0.0675561,-0.069309,-0.995305],"extended":false,"handId":183,"id":1830,"length":51.776,"mcpPosition":[-49.1224,297.119,40.1759],"pipPosition":[-63.6512,303.955,-6.74445],"stabilizedTipPosition":[-48.3755,247.428,76.7308],"timeVisible":4.18498,"tipPosition":[-49.5874,293.838,-52.1261],"tipVelocity":[-30.0303,79.3115,-146.46],"tool":false,"touchDistance":-0.540729,"touchZone":"hovering","type":0,"width":20.1178},{"bases":[[[0.970671,-0.164288,-0.175519],[0.209437,0.936324,0.28184],[0.11804,-0.310334,0.943271]],[[0.977761,-0.203764,-0.0496415],[0.205503,0.978105,0.0328505],[0.0418608,-0.0423214,0.998227]],[[0.977761,-0.203764,-0.0496415],[0.199648,0.976821,-0.077206],[0.0642226,0.0655782,0.995779]],[[0.977761,-0.203764,-0.0496415],[0.193787,0.968294,-0.157651],[0.0801911,0.144525,0.986246]]],"btipPosition":[-49.4589,337.154,-113.731],"carpPosition":[-36.1415,316.693,38.4697],"dipPosition":[-48.0978,339.607,-96.9905],"direction":[-0.0642226,-0.0655782,-0.995779],"extended":true,"handId":183,"id":1831,"length":58.4235,"mcpPosition":[-44.7689,339.375,-30.4731],"pipPosition":[-46.5556,341.181,-73.0793],"stabilizedTipPosition":[-54.2338,286.57,8.67095],"timeVisible":4.18498,"tipPosition":[-49.1383,336.414,-109.754],"tipVelocity":[-15.5604,82.5393,-155.564],"tool":false,"touchDistance":-0.554811,"touchZone":"hovering","type":1,"width":19.2165},{"bases":[[[0.927673,-0.361902,-0.091924],[0.373066,0.888029,0.26875],[-0.0156298,-0.283605,0.958814]],[[0.927482,-0.364584,-0.0827954],[0.160834,0.589004,-0.791964],[0.337504,0.721216,0.604928]],[[0.927482,-0.364584,-0.0827954],[-0.269957,-0.499865,-0.822957],[0.258651,0.785629,-0.562038]],[[0.927482,-0.364584,-0.0827954],[-0.369639,-0.86101,-0.349326],[0.056071,0.354598,-0.933336]]],"btipPosition":[-47.5421,272.777,-25.852],"carpPosition":[-24.11,316.47,36.2703],"dipPosition":[-46.4953,279.397,-43.2767],"direction":[-0.258651,-0.785629,0.562038],"extended":false,"handId":183,"id":1832,"length":66.5689,"mcpPosition":[-23.0267,336.127,-30.1873],"pipPosition":[-39.1883,301.592,-59.1547],"stabilizedTipPosition":[-39.3207,216.44,115.434],"timeVisible":4.18498,"tipPosition":[-47.2656,274.363,-30.1299],"tipVelocity":[-30.8228,54.4194,-144.236],"tool":false,"touchDistance":0.333333,"touchZone":"none","type":2,"width":18.8731},{"bases":[[[0.884481,-0.465599,0.0301791],[0.437703,0.85041,0.291923],[-0.161584,-0.244991,0.955966]],[[0.881188,-0.470253,0.0486749],[0.303474,0.483695,-0.82094],[0.362506,0.738175,0.568936]],[[0.881188,-0.470253,0.0486749],[-0.24921,-0.549527,-0.797443],[0.401748,0.690567,-0.601428]],[[0.881188,-0.470253,0.0486749],[-0.430809,-0.841121,-0.326985],[0.194707,0.267166,-0.943775]]],"btipPosition":[-33.203,271.616,-16.0613],"carpPosition":[-12.497,313.1,34.6128],"dipPosition":[-29.5889,276.575,-33.5797],"direction":[-0.401748,-0.690567,0.601428],"extended":false,"handId":183,"id":1833,"length":64.0077,"mcpPosition":[-2.44151,328.346,-24.8778],"pipPosition":[-18.5324,295.58,-50.1316],"stabilizedTipPosition":[-24.0407,215.724,126.322],"timeVisible":4.18498,"tipPosition":[-32.2766,272.773,-20.4572],"tipVelocity":[-32.3857,51.8142,-143.074],"tool":false,"touchDistance":0.333333,"touchZone":"none","type":3,"width":17.959},{"bases":[[[0.775274,-0.624894,0.0919671],[0.553937,0.742632,0.376366],[-0.303487,-0.240843,0.921895]],[[0.783914,-0.617494,0.0646496],[0.402664,0.426384,-0.809974],[0.472589,0.660982,0.582891]],[[0.783914,-0.617494,0.0646496],[-0.323683,-0.49532,-0.806156],[0.529819,0.611031,-0.588161]],[[0.783914,-0.617494,0.0646496],[-0.557981,-0.746346,-0.362803],[0.272279,0.248333,-0.929621]]],"btipPosition":[-16.9566,277.343,-12.8978],"carpPosition":[-2.88063,302.813,33.3377],"dipPosition":[-12.294,281.595,-28.8169],"direction":[-0.529819,-0.611031,0.588161],"extended":false,"handId":183,"id":1834,"length":50.1809,"mcpPosition":[14.6022,316.688,-19.7695],"pipPosition":[-1.99905,293.468,-40.2455],"stabilizedTipPosition":[-8.44013,223.371,125.774],"timeVisible":4.18498,"tipPosition":[-15.7314,278.279,-16.7236],"tipVelocity":[-31.0858,47.9736,-153.82],"tool":false,"touchDistance":0.333333,"touchZone":"none","type":4,"width":15.9526}],"r":[[0.840447,-0.188265,0.50814],[0.134663,0.980855,0.140678],[-0.524896,-0.0498044,0.849708]],"s":1.02179,"t":[72.5068,151.878,-173.139],"timestamp":2513613332},false],[4,{"currentFrameRate":110.536,"devices":[],"gestures":[],"hands":[{"armBasis":[[0.898911,0.0353167,-0.436705],[0.218893,0.827233,0.517467],[0.379532,-0.560749,0.735878]],"armWidth":63.3039,"confidence":0.790978,"direction":[0.0805715,0.407532,-0.90963],"elbow":[82.5593,151.39,237.174],"grabStrength":0,"id":183,"palmNormal":[-0.229784,-0.880421,-0.414799],"palmPosition":[-23.2539,321.724,-10.6235],"palmVelocity":[-18.8742,46.2039,-148.974],"palmWidth":90.3958,"pinchStrength":0.8389,"r":[[0.839958,-0.189942,0.508323],[0.137116,0.980632,0.139854],[-0.525042,-0.0477726,0.849734]],"s":1.02369,"sphereCenter":[-24.7972,285.541,-45.4444],"sphereRadius":46.7559,"stabilizedPalmPosition":[-19.0802,273.184,123.311],"t":[72.331,152.257,-174.395],"timeVisible":4.1941,"type":"right","wrist":[-19.2451,301.803,39.784]}],"id":236798,"interactionBox":{"center":[0,200,0],"size":[235.247,235.247,147.751]},"pointables":[{"bases":[[[0.611533,0.769438,0.184372],[-0.709252,0.429805,0.558775],[0.350699,-0.472475,0.808565]],[[0.500843,0.86503,-0.029655],[-0.814459,0.482605,0.3221],[0.292938,-0.137169,0.946241]],[[0.500843,0.86503,-0.029655],[-0.862944,0.496399,-0.0944231],[-0.0669581,0.0728818,0.99509]],[[0.500843,0.86503,-0.029655],[-0.566666,0.30181,-0.766682],[-0.654252,0.400792,0.641342]]],"btipPosition":[-46.5013,292.853,-56.475],"carpPosition":[-49.4539,297.838,39.069],"dipPosition":[-61.7132,302.172,-41.5633],"direction":[0.0669581,-0.0728818,-0.99509],"extended":false,"handId":183,"id":1830,"length":51.776,"mcpPosition":[-49.4539,297.838,39.069],"pipPosition":[-63.9812,304.64,-7.85664],"stabilizedTipPosition":[-48.3788,247.524,76.4687],"timeVisible":4.1941,"tipPosition":[-49.9578,294.268,-53.1693],"tipVelocity":[-32.5182,70.3887,-137.066],"tool":false,"touchDistance":-0.530404,"touchZone":"touching","type":0,"width":20.1178},{"bases":[[[0.96966,-0.170573,-0.175114],[0.214867,0.936314,0.277756],[0.116584,-0.306955,0.944556]],[[0.97657,-0.209472,-0.0493301],[0.211229,0.97686,0.0335641],[0.0411579,-0.0431976,0.998218]],[[0.97657,-0.209472,-0.0493301],[0.205484,0.975748,-0.0754476],[0.0639379,0.0635433,0.995929]],[[0.97657,-0.209472,-0.0493301],[0.199679,0.96748,-0.155275],[0.0802516,0.141787,0.986639]]],"btipPosition":[-49.5374,337.677,-115.03],"carpPosition":[-36.3622,317.33,37.2749],"dipPosition":[-48.1752,340.083,-98.2826],"direction":[-0.0639379,-0.0635433,-0.995929],"extended":true,"handId":183,"id":1831,"length":58.4235,"mcpPosition":[-44.8832,339.765,-31.762],"pipPosition":[-46.6399,341.609,-74.3678],"stabilizedTipPosition":[-54.2214,286.698,8.3756],"timeVisible":4.1941,"tipPosition":[-49.25,336.897,-111.048],"tipVelocity":[-13.6205,75.2106,-151.849],"tool":false,"touchDistance":-0.547121,"touchZone":"hovering","type":1,"width":19.2165},{"bases":[[[0.925563,-0.367578,-0.0906585],[0.378214,0.887031,0.264822],[-0.016926,-0.279398,0.960026]],[[0.925357,-0.370258,-0.0813845],[0.163806,0.584123,-0.794964],[0.341881,0.722294,0.601173]],[[0.925357,-0.370258,-0.0813845],[-0.273183,-0.502434,-0.820324],[0.262842,0.781325,-0.566079]],[[0.925357,-0.370258,-0.0813845],[-0.374677,-0.860556,-0.345051],[0.057722,0.349788,-0.935049]]],"btipPosition":[-48.034,273.204,-26.8077],"carpPosition":[-24.3329,317.029,35.0727],"dipPosition":[-46.9564,279.734,-44.2644],"direction":[-0.262842,-0.781325,0.566079],"extended":false,"handId":183,"id":1832,"length":66.5689,"mcpPosition":[-23.1597,336.395,-31.469],"pipPosition":[-39.5309,301.807,-60.2565],"stabilizedTipPosition":[-39.3239,216.462,115.378],"timeVisible":4.1941,"tipPosition":[-47.7513,274.768,-31.1028],"tipVelocity":[-37.0204,51.6855,-133.495],"tool":false,"touchDistance":0.333333,"touchZone":"none","type":2,"width":18.8731},{"bases":[[[0.881822,-0.470502,0.0319017],[0.442643,0.849143,0.288137],[-0.162658,-0.239965,0.957058]],[[0.878488,-0.475085,0.0505273],[0.305994,0.478271,-0.82318],[0.366914,0.738615,0.565528]],[[0.878488,-0.475085,0.0505273],[-0.252611,-0.551649,-0.794904],[0.40552,0.68555,-0.604628]],[[0.878488,-0.475085,0.0505273],[-0.435726,-0.840075,-0.323135],[0.195963,0.261855,-0.945003]]],"btipPosition":[-33.7019,272.006,-17.0539],"carpPosition":[-12.7399,313.586,33.4261],"dipPosition":[-30.0644,276.867,-34.595],"direction":[-0.40552,-0.68555,0.604628],"extended":false,"handId":183,"id":1833,"length":64.0077,"mcpPosition":[-2.61751,328.519,-26.1325],"pipPosition":[-18.904,295.734,-51.2351],"stabilizedTipPosition":[-24.0445,215.749,126.259],"timeVisible":4.1941,"tipPosition":[-32.7707,273.137,-21.4525],"tipVelocity":[-38.4138,48.6124,-133.714],"tool":false,"touchDistance":0.333333,"touchZone":"none","type":3,"width":17.959},{"bases":[[[0.771729,-0.628905,0.0944062],[0.558288,0.741067,0.373006],[-0.304547,-0.235153,0.923014]],[[0.78006,-0.621979,0.0681755],[0.4037,0.417047,-0.814308],[0.47805,0.662732,0.576415]],[[0.78006,-0.621979,0.0681755],[-0.328786,-0.500157,-0.801088],[0.532359,0.602482,-0.594651]],[[0.78006,-0.621979,0.0681755],[-0.563323,-0.745535,-0.356153],[0.272347,0.239416,-0.931937]]],"btipPosition":[-17.44,277.698,-13.7145],"carpPosition":[-3.18275,303.239,32.1921],"dipPosition":[-12.7763,281.798,-29.6733],"direction":[-0.532359,-0.602482,0.594651],"extended":false,"handId":183,"id":1834,"length":50.1809,"mcpPosition":[14.3611,316.786,-20.9795],"pipPosition":[-2.43197,293.505,-41.228],"stabilizedTipPosition":[-8.4437,223.396,125.71],"timeVisible":4.1941,"tipPosition":[-16.2146,278.591,-17.6171],"tipVelocity":[-37.1618,44.4003,-136.239],"tool":false,"touchDistance":0.333333,"touchZone":"none","type":4,"width":15.9526}],"r":[[0.839958,-0.189942,0.508323],[0.137116,0.980632,0.139854],[-0.525042,-0.0477726,0.849734]],"s":1.02369,"t":[72.331,152.257,-174.395],"timestamp":2513622455},false],[5,{"currentFrameRate":110.604,"devices":[],"gestures":[],"hands":[{"armBasis":[[0.898295,0.0304418,-0.438337],[0.221083,0.830805,0.510769],[0.379722,-0.55573,0.739578]],"armWidth":63.3039,"confidence":0.798116,"direction":[0.0842349,0.405338,-0.910278],"elbow":[82.093,153.256,236.958],"grabStrength":0,"id":183,"palmNormal":[-0.231707,-0.880515,-0.413527],"palmPosition":[-23.577,322.15,-11.8836],"palmVelocity":[-23.6015,46.641,-146.87],"palmWidth":90.3958,"pinchStrength":0.837672,"r":[[0.839179,-0.191633,0.508975],[0.139668,0.980415,0.138853],[-0.525615,-0.0454349,0.849508]],"s":1.02582,"sphereCenter":[-25.3754,286.111,-46.6278],"sphereRadius":46.7069,"stabilizedPalmPosition":[-19.0813,273.196,123.28],"t":[72.0816,152.659,-175.653],"timeVisible":4.20302,"type":"right","wrist":[-19.7624,302.323,38.5756]}],"id":236799,"interactionBox":{"center":[0,200,0],"size":[235.247,235.247,147.751]},"pointables":[{"bases":[[[0.613658,0.767762,0.184298],[-0.709203,0.433369,0.556078],[0.347067,-0.471946,0.810439]],[[0.504364,0.862993,-0.0293089],[-0.813325,0.486189,0.319565],[0.290032,-0.137339,0.947111]],[[0.504364,0.862993,-0.0293089],[-0.860654,0.499669,-0.0980078],[-0.0699353,0.0746565,0.994754]],[[0.504364,0.862993,-0.0293089],[-0.56084,0.301589,-0.77104],[-0.656563,0.405323,0.636112]]],"btipPosition":[-46.7311,293.316,-57.6614],"carpPosition":[-49.9825,298.458,37.7927],"dipPosition":[-61.9967,302.74,-42.8714],"direction":[0.0699353,-0.0746565,-0.994754],"extended":false,"handId":183,"id":1830,"length":51.776,"mcpPosition":[-49.9825,298.458,37.7927],"pipPosition":[-64.3656,305.268,-9.17611],"stabilizedTipPosition":[-48.3827,247.626,76.1907],"timeVisible":4.20302,"tipPosition":[-50.2288,294.766,-54.3971],"tipVelocity":[-31.0549,66.0819,-136.812],"tool":false,"touchDistance":-0.523913,"touchZone":"touching","type":0,"width":20.1178},{"bases":[[[0.969517,-0.174205,-0.172307],[0.217324,0.936169,0.276329],[0.11317,-0.305352,0.945491]],[[0.975985,-0.212741,-0.04684],[0.214557,0.975977,0.0378655],[0.0376593,-0.047006,0.998184]],[[0.975985,-0.212741,-0.04684],[0.209243,0.975354,-0.0700131],[0.0605803,0.0585307,0.996446]],[[0.975985,-0.212741,-0.04684],[0.203748,0.967585,-0.14922],[0.077067,0.136093,0.987694]]],"btipPosition":[-49.4623,338.511,-116.411],"carpPosition":[-36.8206,317.902,35.9907],"dipPosition":[-48.1542,340.821,-99.646],"direction":[-0.0605802,-0.0585307,-0.996446],"extended":true,"handId":183,"id":1831,"length":58.4235,"mcpPosition":[-45.0921,340.22,-33.1145],"pipPosition":[-46.6995,342.226,-75.7188],"stabilizedTipPosition":[-54.2089,286.827,8.07599],"timeVisible":4.20302,"tipPosition":[-49.2166,337.669,-112.425],"tipVelocity":[-7.99295,79.5165,-152.54],"tool":false,"touchDistance":-0.541401,"touchZone":"hovering","type":1,"width":19.2165},{"bases":[[[0.924544,-0.370882,-0.0875491],[0.380535,0.886309,0.263912],[-0.0202847,-0.277314,0.960565]],[[0.924301,-0.373584,-0.0781265],[0.167525,0.58104,-0.796447],[0.342934,0.723069,0.59964]],[[0.924301,-0.373584,-0.0781265],[-0.27303,-0.504178,-0.819304],[0.266689,0.778614,-0.568012]],[[0.924301,-0.373584,-0.0781265],[-0.376746,-0.860307,-0.343417],[0.0610823,0.346854,-0.935928]]],"btipPosition":[-48.4771,273.681,-27.9539],"carpPosition":[-24.7869,317.556,33.8195],"dipPosition":[-47.3367,280.156,-45.427],"direction":[-0.266689,-0.778614,0.568012],"extended":false,"handId":183,"id":1832,"length":66.5689,"mcpPosition":[-23.3809,336.777,-32.7596],"pipPosition":[-39.8025,302.152,-61.4737],"stabilizedTipPosition":[-39.3278,216.489,115.313],"timeVisible":4.20302,"tipPosition":[-48.1811,275.23,-32.27],"tipVelocity":[-40.0255,51.7671,-132.242],"tool":false,"touchDistance":0.333333,"touchZone":"none","type":2,"width":18.8731},{"bases":[[[0.880147,-0.4734,0.0351162],[0.444777,0.848254,0.287469],[-0.165875,-0.237396,0.957146]],[[0.876678,-0.478023,0.0541244],[0.308836,0.472962,-0.825183],[0.368858,0.740135,0.562266]],[[0.876678,-0.478023,0.0541244],[-0.253676,-0.554939,-0.79227],[0.408759,0.680835,-0.607766]],[[0.876678,-0.478023,0.0541244],[-0.438234,-0.839946,-0.320064],[0.19846,0.256874,-0.945848]]],"btipPosition":[-34.185,272.485,-18.0293],"carpPosition":[-13.2014,314.07,32.2094],"dipPosition":[-30.5012,277.253,-35.5861],"direction":[-0.408759,-0.680835,0.607766],"extended":false,"handId":183,"id":1833,"length":64.0077,"mcpPosition":[-2.87885,328.844,-27.3547],"pipPosition":[-19.2516,295.991,-52.3125],"stabilizedTipPosition":[-24.0492,215.778,126.184],"timeVisible":4.20302,"tipPosition":[-33.2432,273.587,-22.4844],"tipVelocity":[-42.3776,49.345,-127.18],"tool":false,"touchDistance":0.333333,"touchZone":"none","type":3,"width":17.959},{"bases":[[[0.769363,-0.6313,0.0976754],[0.559844,0.739969,0.372856],[-0.30766,-0.232179,0.922734]],[[0.777599,-0.624619,0.0720511],[0.40692,0.412572,-0.814985],[0.479329,0.66305,0.574986]],[[0.777599,-0.624619,0.0720511],[-0.329148,-0.502017,-0.799775],[0.535726,0.598189,-0.59596]],[[0.777599,-0.624619,0.0720511],[-0.565336,-0.744711,-0.354684],[0.2752,0.235069,-0.932206]]],"btipPosition":[-17.9132,278.123,-14.789],"carpPosition":[-3.67616,303.689,31.0213],"dipPosition":[-13.2006,282.148,-30.7523],"direction":[-0.535726,-0.598189,0.59596],"extended":false,"handId":183,"id":1834,"length":50.1809,"mcpPosition":[14.0471,317.064,-22.1342],"pipPosition":[-2.7909,293.772,-42.3325],"stabilizedTipPosition":[-8.44771,223.423,125.641],"timeVisible":4.20302,"tipPosition":[-16.6785,278.993,-18.7116],"tipVelocity":[-41.1471,44.7515,-131.967],"tool":false,"touchDistance":0.333333,"touchZone":"none","type":4,"width":15.9526}],"r":[[0.839179,-0.191633,0.508975],[0.139668,0.980415,0.138853],[-0.525615,-0.0454349,0.849508]],"s":1.02582,"t":[72.0816,152.659,-175.653],"timestamp":2513631376},false],[6,{"currentFrameRate":110.696,"devices":[],"gestures":[],"hands":[{"armBasis":[[0.897221,0.0188192,-0.441181],[0.230478,0.832251,0.50422],[0.376662,-0.554079,0.742376]],"armWidth":63.3039,"confidence":0.802524,"direction":[0.0846924,0.397224,-0.913805],"elbow":[81.1011,154.535,236.029],"grabStrength":0,"id":183,"palmNormal":[-0.241331,-0.881617,-0.405599],"palmPosition":[-23.7469,322.616,-13.7069],"palmVelocity":[-22.3949,48.2305,-162.784],"palmWidth":90.3958,"pinchStrength":0.834665,"r":[[0.838556,-0.19372,0.509211],[0.143626,0.980191,0.136375],[-0.525543,-0.0412217,0.849768]],"s":1.02793,"sphereCenter":[-26.212,286.537,-48.1549],"sphereRadius":46.6543,"stabilizedPalmPosition":[-19.0823,273.207,123.25],"t":[71.8719,153.093,-177.193],"timeVisible":4.21189,"type":"right","wrist":[-19.9336,303.159,36.8965]}],"id":236800,"interactionBox":{"center":[0,200,0],"size":[235.247,235.247,147.751]},"pointables":[{"bases":[[[0.621393,0.76349,0.175936],[-0.703153,0.444375,0.555074],[0.345612,-0.468629,0.812982]],[[0.512652,0.857786,-0.0373041],[-0.80738,0.496397,0.318948],[0.292107,-0.133391,0.947038]],[[0.512652,0.857786,-0.0373041],[-0.855998,0.50724,-0.0998768],[-0.0667509,0.0831342,0.9943]],[[0.512652,0.857786,-0.0373041],[-0.557959,0.299809,-0.773819],[-0.652587,0.417514,0.632307]]],"btipPosition":[-47.2427,293.66,-59.0951],"carpPosition":[-50.1908,299.568,36.2516],"dipPosition":[-62.4158,303.368,-44.3934],"direction":[0.0667509,-0.0831342,-0.9943],"extended":false,"handId":183,"id":1830,"length":51.776,"mcpPosition":[-50.1908,299.568,36.2516],"pipPosition":[-64.6769,306.184,-10.7136],"stabilizedTipPosition":[-48.3878,247.731,75.9058],"timeVisible":4.21189,"tipPosition":[-50.7567,295.195,-55.8606],"tipVelocity":[-37.6222,60.6844,-144.159],"tool":false,"touchDistance":-0.521665,"touchZone":"touching","type":0,"width":20.1178},{"bases":[[[0.967236,-0.184568,-0.174325],[0.226968,0.936299,0.26801],[0.113754,-0.298795,0.947513]],[[0.973806,-0.222048,-0.0489507],[0.223881,0.97396,0.0357709],[0.0397331,-0.0457931,0.99816]],[[0.973806,-0.222048,-0.0489507],[0.218365,0.973288,-0.0709051],[0.0633874,0.0583587,0.996281]],[[0.973806,-0.222048,-0.0489507],[0.212675,0.965634,-0.149398],[0.0804421,0.135074,0.987565]]],"btipPosition":[-49.7539,338.974,-118.296],"carpPosition":[-36.8563,318.875,34.2465],"dipPosition":[-48.3885,341.267,-101.533],"direction":[-0.0633874,-0.0583587,-0.996281],"extended":true,"handId":183,"id":1831,"length":58.4235,"mcpPosition":[-45.1705,340.714,-35.0065],"pipPosition":[-46.8664,342.668,-77.6098],"stabilizedTipPosition":[-54.198,286.947,7.79768],"timeVisible":4.21189,"tipPosition":[-49.5344,338.085,-114.301],"tipVelocity":[-14.3386,71.9929,-168.811],"tool":false,"touchDistance":-0.543875,"touchZone":"hovering","type":1,"width":19.2165},{"bases":[[[0.920753,-0.380133,-0.0878276],[0.389665,0.884829,0.255417],[-0.01938,-0.269399,0.962834]],[[0.920511,-0.382822,-0.0781423],[0.169206,0.570859,-0.803424],[0.352177,0.726338,0.590258]],[[0.920511,-0.382822,-0.0781423],[-0.2813,-0.510539,-0.81254],[0.271164,0.769933,-0.577645]],[[0.920511,-0.382822,-0.0781423],[-0.386029,-0.860211,-0.333194],[0.0603352,0.336874,-0.939615]]],"btipPosition":[-49.1421,274.251,-29.1047],"carpPosition":[-24.8342,318.4,32.0357],"dipPosition":[-48.0157,280.54,-46.6466],"direction":[-0.271164,-0.769933,0.577645],"extended":false,"handId":183,"id":1832,"length":66.5689,"mcpPosition":[-23.4909,337.072,-34.7006],"pipPosition":[-40.3551,302.291,-62.9655],"stabilizedTipPosition":[-39.3332,216.522,115.229],"timeVisible":4.21189,"tipPosition":[-48.8543,275.756,-33.4899],"tipVelocity":[-49.6021,53.8545,-132.045],"tool":false,"touchDistance":0.333333,"touchZone":"none","type":2,"width":18.8731},{"bases":[[[0.875853,-0.481247,0.0358157],[0.453637,0.846371,0.279052],[-0.164607,-0.228162,0.959608]],[[0.872361,-0.485744,0.055131],[0.311027,0.464473,-0.829173],[0.377159,0.740485,0.556267]],[[0.872361,-0.485744,0.055131],[-0.260885,-0.557945,-0.787805],[0.413431,0.672867,-0.613453]],[[0.872361,-0.485744,0.055131],[-0.446927,-0.838139,-0.312697],[0.198098,0.248145,-0.948252]]],"btipPosition":[-34.8402,273,-19.5117],"carpPosition":[-13.2874,314.794,30.4127],"dipPosition":[-31.1631,277.606,-37.1132],"direction":[-0.413431,-0.672867,0.613453],"extended":false,"handId":183,"id":1833,"length":64.0077,"mcpPosition":[-3.04374,328.993,-29.3046],"pipPosition":[-19.785,296.124,-53.9961],"stabilizedTipPosition":[-24.055,215.812,126.097],"timeVisible":4.21189,"tipPosition":[-33.9041,274.061,-23.9241],"tipVelocity":[-50.9643,50.5662,-138.325],"tool":false,"touchDistance":0.333333,"touchZone":"none","type":3,"width":17.959},{"bases":[[[0.763841,-0.637605,0.100036],[0.568005,0.737711,0.364901],[-0.306461,-0.221906,0.925656]],[[0.771928,-0.631304,0.0747085],[0.407641,0.401381,-0.820196],[0.487807,0.663587,0.567183]],[[0.771928,-0.631304,0.0747085],[-0.337046,-0.506074,-0.793907],[0.539005,0.587659,-0.603432]],[[0.771928,-0.631304,0.0747085],[-0.573695,-0.742425,-0.345946],[0.273863,0.224186,-0.935275]]],"btipPosition":[-18.5077,278.53,-16.2322],"carpPosition":[-3.86286,304.315,29.2746],"dipPosition":[-13.818,282.369,-32.2481],"direction":[-0.539005,-0.587659,0.603432],"extended":false,"handId":183,"id":1834,"length":50.1809,"mcpPosition":[13.7913,317.099,-24.0493],"pipPosition":[-3.34454,293.788,-43.9734],"stabilizedTipPosition":[-8.4523,223.451,125.566],"timeVisible":4.21189,"tipPosition":[-17.2816,279.352,-20.1763],"tipVelocity":[-48.3238,43