{"sensorType":"Leap","data":[[0,{"currentFrameRate":100.257,"devices":[],"gestures":[],"hands":[{"armBasis":[[0.945638,0.174273,-0.274588],[0.0210119,0.809805,0.586323],[0.324543,-0.560219,0.76212]],"armWidth":63.72,"confidence":0.676008,"direction":[0.0636236,0.320456,-0.945124],"elbow":[77.6333,104.645,260.307],"grabStrength":0,"id":186,"palmNormal":[-0.0414982,-0.945374,-0.323334],"palmPosition":[-14.3376,269.581,1.74365],"palmVelocity":[23.7775,-0.284993,-197.878],"palmWidth":90.99,"pinchStrength":1,"r":[[0.99859,-0.0204447,0.0489962],[0.028572,0.984787,-0.171402],[-0.0447466,0.17256,0.983982]],"s":0.928745,"sphereCenter":[-18.1511,227.662,-34.8513],"sphereRadius":53.9406,"stabilizedPalmPosition":[-37.2992,280.646,199.547],"t":[-1.7929,2.80077,20.7855],"timeVisible":4.69985,"type":"right","wrist":[-9.99325,255.905,54.5343]}],"id":238193,"interactionBox":{"center":[0,200,0],"size":[235.247,235.247,147.751]},"pointables":[{"bases":[[[0.450767,0.884039,0.123627],[-0.80874,0.345843,0.475744],[0.377821,-0.314431,0.870853]],[[0.255453,0.935124,-0.245532],[-0.966328,0.238844,-0.0957242],[-0.0308702,0.261718,0.964651]],[[0.255453,0.935124,-0.245532],[-0.941943,0.18348,-0.28121],[-0.217916,0.303114,0.927704]],[[0.255453,0.935124,-0.245532],[-0.959572,0.214185,-0.182609],[-0.118173,0.282254,0.952033]]],"btipPosition":[-27.3482,216.298,-49.1238],"carpPosition":[-39.0849,246.302,52.9409],"dipPosition":[-30.1139,222.903,-26.8428],"direction":[0.217916,-0.303114,-0.927704],"extended":false,"handId":186,"id":1860,"length":52.1164,"mcpPosition":[-39.0849,246.302,52.9409],"pipPosition":[-37.5439,233.238,4.78782],"stabilizedTipPosition":[-47.53,209.068,32.0369],"timeVisible":4.69985,"tipPosition":[-28.8229,217.643,-43.9583],"tipVelocity":[68.0185,41.7802,-233.39],"tool":false,"touchDistance":0.333333,"touchZone":"hovering","type":0,"width":20.25},{"bases":[[[0.993638,-0.00513861,-0.112503],[0.0255083,0.983266,0.18038],[0.109694,-0.182103,0.977142]],[[0.999115,-0.0311138,0.0283147],[0.0313624,0.999473,-0.00837699],[-0.0280391,0.00925759,0.999564]],[[0.999115,-0.0311138,0.0283147],[0.0345812,0.9907,-0.131596],[-0.0239569,0.132459,0.990899]],[[0.999115,-0.0311138,0.0283147],[0.0366543,0.974142,-0.222945],[-0.0206458,0.223786,0.97442]]],"btipPosition":[-35.4843,273.709,-105.903],"carpPosition":[-29.5506,267.734,49.5277],"dipPosition":[-35.837,277.532,-89.2543],"direction":[0.0239569,-0.132459,-0.990899],"extended":true,"handId":186,"id":1861,"length":58.8075,"mcpPosition":[-37.6207,281.132,-22.3602],"pipPosition":[-36.4161,280.734,-65.3039],"stabilizedTipPosition":[-78.1703,298.831,194.352],"timeVisible":4.69985,"tipPosition":[-35.4132,276.336,-102.058],"tipVelocity":[31.6288,-1.22857,-189.942],"tool":false,"touchDistance":-0.572098,"touchZone":"hovering","type":1,"width":19.3428},{"bases":[[[0.980318,-0.197241,-0.00854473],[0.19553,0.964005,0.180173],[-0.0273003,-0.178297,0.983598]],[[0.959682,-0.225912,0.167254],[0.249246,0.959015,-0.134786],[-0.129949,0.171039,0.976657]],[[0.959682,-0.225912,0.167254],[0.271777,0.897635,-0.346971],[-0.0717477,0.378438,0.922842]],[[0.959682,-0.225912,0.167254],[0.279715,0.826277,-0.488903],[-0.0277488,0.515974,0.856154]]],"btipPosition":[-6.73845,253.191,-110.141],"carpPosition":[-17.4684,269.453,47.8888],"dipPosition":[-7.25991,262.887,-94.0524],"direction":[0.0717477,-0.378438,-0.922842],"extended":true,"handId":186,"id":1862,"length":67.0064,"mcpPosition":[-15.5637,281.892,-20.7349],"pipPosition":[-9.30015,273.648,-67.8101],"stabilizedTipPosition":[-10.6008,246.987,-90.4823],"timeVisible":4.69985,"tipPosition":[-7.23642,254.131,-105.92],"tipVelocity":[35.3173,90.0808,-213.951],"tool":false,"touchDistance":0.333333,"touchZone":"hovering","type":2,"width":18.9972},{"bases":[[[0.948067,-0.293435,0.122735],[0.264099,0.941275,0.210365],[-0.177256,-0.167026,0.969888]],[[0.941693,-0.298793,0.154713],[0.330518,0.735322,-0.591658],[0.0630196,0.608296,0.791205]],[[0.941693,-0.298793,0.154713],[0.192101,0.0999279,-0.976274],[0.276244,0.949072,0.1515]],[[0.941693,-0.298793,0.154713],[0.0541463,-0.319245,-0.946124],[0.332087,0.899336,-0.284452]]],"btipPosition":[-10.8554,208.246,-47.847],"carpPosition":[-5.28581,268.056,47.1396],"dipPosition":[-4.65069,225.049,-53.1617],"direction":[-0.276244,-0.949072,-0.1515],"extended":false,"handId":186,"id":1863,"length":64.4285,"mcpPosition":[5.81751,278.518,-13.6142],"pipPosition":[3.00182,251.34,-48.9649],"stabilizedTipPosition":[-15.3659,206.567,-21.5904],"timeVisible":4.69985,"tipPosition":[-9.37967,212.397,-48.7601],"tipVelocity":[-0.990673,18.4596,-189.407],"tool":false,"touchDistance":0.333333,"touchZone":"hovering","type":3,"width":18.077},{"bases":[[[0.864423,-0.46226,0.197707],[0.391639,0.865697,0.311749],[-0.315264,-0.192053,0.929368]],[[0.748833,-0.49676,0.438724],[0.658466,0.63286,-0.407322],[-0.0753093,0.593901,0.801006]],[[0.748833,-0.49676,0.438724],[0.526557,0.0439359,-0.849004],[0.402475,0.866775,0.294473]],[[0.748833,-0.49676,0.438724],[0.300039,-0.33615,-0.892737],[0.590953,0.800146,-0.102673]]],"btipPosition":[8.98989,218.921,-38.7115],"carpPosition":[6.10445,259.53,47.4908],"dipPosition":[19.176,232.713,-40.4813],"direction":[-0.402475,-0.866775,-0.294473],"extended":false,"handId":186,"id":1864,"length":50.5107,"mcpPosition":[24.3851,270.666,-6.39878],"pipPosition":[27.048,249.666,-34.7217],"stabilizedTipPosition":[7.47134,218.024,-17.6533],"timeVisible":4.69985,"tipPosition":[11.2602,222.693,-39.5709],"tipVelocity":[16.0902,18.6422,-217.402],"tool":false,"touchDistance":0.333333,"touchZone":"hovering","type":4,"width":16.0574}],"r":[[0.99859,-0.0204447,0.0489962],[0.028572,0.984787,-0.171402],[-0.0447466,0.17256,0.983982]],"s":0.928745,"t":[-1.7929,2.80077,20.7855],"timestamp":2526474967},false],[1,{"currentFrameRate":100.584,"devices":[],"gestures":[],"hands":[{"armBasis":[[0.945392,0.173512,-0.275912],[0.0189439,0.815841,0.577966],[0.325384,-0.551632,0.768002]],"armWidth":63.72,"confidence":0.682508,"direction":[0.0657785,0.327942,-0.942405],"elbow":[77.7467,106.349,260.454],"grabStrength":0,"id":186,"palmNormal":[-0.0385887,-0.942908,-0.330811],"palmPosition":[-14.3223,269.368,0.398134],"palmVelocity":[17.5249,-6.65496,-182.82],"palmWidth":90.99,"pinchStrength":1,"r":[[0.998512,-0.0203041,0.05061],[0.028326,0.986184,-0.163214],[-0.0465969,0.164405,0.985292]],"s":0.927048,"sphereCenter":[-17.7328,227.53,-36.4579],"sphereRadius":53.9071,"stabilizedPalmPosition":[-37.2991,280.646,199.546],"t":[-1.67939,2.6766,19.2655],"timeVisible":4.70916,"type":"right","wrist":[-10.1071,255.29,53.0934]}],"id":238194,"interactionBox":{"center":[0,200,0],"size":[235.247,235.247,147.751]},"pointables":[{"bases":[[[0.448576,0.883964,0.131858],[-0.810864,0.340477,0.475999],[0.375872,-0.320441,0.869505]],[[0.25525,0.937661,-0.235881],[-0.966244,0.238565,-0.0972563],[-0.0349206,0.252743,0.966903]],[[0.25525,0.937661,-0.235881],[-0.939987,0.183519,-0.287655],[-0.226434,0.295149,0.928232]],[[0.25525,0.937661,-0.235881],[-0.957706,0.211672,-0.194919],[-0.132838,0.275658,0.952033]]],"btipPosition":[-26.6015,216.51,-50.857],"carpPosition":[-39.174,245.641,51.3381],"dipPosition":[-29.7104,222.962,-28.576],"direction":[0.226434,-0.295149,-0.928232],"extended":false,"handId":186,"id":1860,"length":52.1164,"mcpPosition":[-39.174,245.641,51.3381],"pipPosition":[-37.4308,233.025,3.07267],"stabilizedTipPosition":[-47.5112,209.076,31.9643],"timeVisible":4.70916,"tipPosition":[-28.2218,217.814,-45.7124],"tipVelocity":[69.0722,35.3568,-220.066],"tool":false,"touchDistance":0.333333,"touchZone":"hovering","type":0,"width":20.25},{"bases":[[[0.993977,-0.00223907,-0.109564],[0.0229467,0.98188,0.188109],[0.107158,-0.18949,0.976018]],[[0.999089,-0.0292954,0.0310388],[0.029604,0.999516,-0.00953186],[-0.0307446,0.0104421,0.999473]],[[0.999089,-0.0292954,0.0310388],[0.0331937,0.990478,-0.133608],[-0.0268292,0.134516,0.990548]],[[0.999089,-0.0292954,0.0310388],[0.035548,0.973646,-0.225277],[-0.0236213,0.226175,0.9738]]],"btipPosition":[-35.1843,273.495,-107.204],"carpPosition":[-29.6737,267.119,48.1206],"dipPosition":[-35.5879,277.359,-90.5663],"direction":[0.0268292,-0.134516,-0.990548],"extended":true,"handId":186,"id":1861,"length":58.8075,"mcpPosition":[-37.5573,281.059,-23.6846],"pipPosition":[-36.2364,280.611,-66.6244],"stabilizedTipPosition":[-78.1651,298.828,194.316],"timeVisible":4.70916,"tipPosition":[-35.14,276.161,-103.364],"tipVelocity":[31.4435,-7.08658,-175.861],"tool":false,"touchDistance":-0.56278,"touchZone":"hovering","type":1,"width":19.3428},{"bases":[[[0.980743,-0.195173,-0.00714531],[0.193007,0.962967,0.188261],[-0.0298627,-0.186014,0.982093]],[[0.959641,-0.225257,0.16837],[0.247584,0.96065,-0.125909],[-0.133383,0.162513,0.97765]],[[0.959641,-0.225257,0.16837],[0.270912,0.901118,-0.338514],[-0.0754683,0.370466,0.925775]],[[0.959641,-0.225257,0.16837],[0.279452,0.830968,-0.481039],[-0.0315525,0.508676,0.86038]]],"btipPosition":[-6.33877,253.925,-111.604],"carpPosition":[-17.5903,268.874,46.5313],"dipPosition":[-6.9317,263.484,-95.4362],"direction":[0.0754683,-0.370466,-0.925775],"extended":true,"handId":186,"id":1862,"length":67.0064,"mcpPosition":[-15.5068,281.852,-21.9874],"pipPosition":[-9.07775,274.019,-69.1105],"stabilizedTipPosition":[-10.4521,247.317,-91.1097],"timeVisible":4.70916,"tipPosition":[-6.84479,254.855,-107.388],"tipVelocity":[36.9729,85.9739,-197.369],"tool":false,"touchDistance":0.333333,"touchZone":"hovering","type":2,"width":18.9972},{"bases":[[[0.9483,-0.292453,0.123284],[0.261533,0.940142,0.21848],[-0.1798,-0.174942,0.968022]],[[0.942049,-0.29791,0.154252],[0.329749,0.737682,-0.589143],[0.0617229,0.605866,0.793169]],[[0.942049,-0.29791,0.154252],[0.191699,0.100692,-0.976275],[0.275311,0.949268,0.151966]],[[0.942049,-0.29791,0.154252],[0.0539395,-0.319312,-0.946113],[0.331111,0.899605,-0.284738]]],"btipPosition":[-10.7109,208.292,-49.1573],"carpPosition":[-5.40264,267.508,45.8077],"dipPosition":[-4.52439,225.1,-54.4774],"direction":[-0.275311,-0.949268,-0.151966],"extended":false,"handId":186,"id":1863,"length":64.4285,"mcpPosition":[5.86002,278.466,-14.8292],"pipPosition":[3.10226,251.397,-50.2676],"stabilizedTipPosition":[-15.3421,206.589,-21.7028],"timeVisible":4.70916,"tipPosition":[-9.19152,212.468,-50.2667],"tipVelocity":[3.54867,14.6757,-175.711],"tool":false,"touchDistance":0.333333,"touchZone":"hovering","type":3,"width":18.077},{"bases":[[[0.864781,-0.462026,0.196688],[0.388925,0.864036,0.319654],[-0.317634,-0.199933,0.926895]],[[0.746046,-0.498956,0.440975],[0.66109,0.634392,-0.400633],[-0.0798531,0.590415,0.80314]],[[0.746046,-0.498956,0.440975],[0.530638,0.0453871,-0.846383],[0.402293,0.865438,0.298625]],[[0.746046,-0.498956,0.440975],[0.303197,-0.335069,-0.892076],[0.592864,0.799232,-0.0986951]]],"btipPosition":[9.15825,219.016,-40.1576],"carpPosition":[6.00405,259.003,46.1266],"dipPosition":[19.3773,232.792,-41.8588],"direction":[-0.402293,-0.865438,-0.298625],"extended":false,"handId":186,"id":1864,"length":50.5107,"mcpPosition":[24.4221,270.596,-7.61962],"pipPosition":[27.2457,249.719,-36.018],"stabilizedTipPosition":[7.48715,218.04,-17.7429],"timeVisible":4.70916,"tipPosition":[11.4595,222.776,-41.0437],"tipVelocity":[16.8849,16.1459,-199.401],"tool":false,"touchDistance":0.333333,"touchZone":"hovering","type":4,"width":16.0574}],"r":[[0.998512,-0.0203041,0.05061],[0.028326,0.986184,-0.163214],[-0.0465969,0.164405,0.985292]],"s":0.927048,"t":[-1.67939,2.6766,19.2655],"timestamp":2526484274},false],[2,{"currentFrameRate":101.108,"devices":[],"gestures":[],"hands":[{"armBasis":[[0.945709,0.17147,-0.276103],[0.0187625,0.819288,0.573075],[0.324473,-0.547142,0.771591]],"armWidth":63.72,"confidence":0.692078,"direction":[0.0675209,0.331936,-0.940882],"elbow":[77.4686,107.216,260.597],"grabStrength":0,"id":186,"palmNormal":[-0.0380937,-0.941489,-0.334884],"palmPosition":[-14.2573,269.248,-0.374661],"palmVelocity":[14.7542,-8.53845,-156.83],"palmWidth":90.99,"pinchStrength":1,"r":[[0.998429,-0.0202689,0.052246],[0.0281978,0.987385,-0.155807],[-0.0484289,0.157035,0.986405]],"s":0.924937,"sphereCenter":[-17.2981,227.257,-37.3217],"sphereRadius":53.9046,"stabilizedPalmPosition":[-37.299,280.646,199.545],"t":[-1.59016,2.55418,18.119],"timeVisible":4.71804,"type":"right","wrist":[-10.1391,254.945,52.2679]}],"id":238195,"interactionBox":{"center":[0,200,0],"size":[235.247,235.247,147.751]},"pointables":[{"bases":[[[0.448434,0.883343,0.136425],[-0.811687,0.338547,0.475973],[0.374262,-0.324177,0.868814]],[[0.256386,0.9387,-0.230452],[-0.965879,0.239773,-0.0979094],[-0.0366515,0.247691,0.968146]],[[0.256386,0.9387,-0.230452],[-0.938834,0.185136,-0.290371],[-0.229907,0.290803,0.92875]],[[0.256386,0.9387,-0.230452],[-0.956745,0.212545,-0.198656],[-0.137497,0.271416,0.95259]]],"btipPosition":[-26.3176,216.676,-51.8688],"carpPosition":[-39.2038,245.307,50.419],"dipPosition":[-29.5355,223.028,-29.5748],"direction":[0.229907,-0.290803,-0.92875],"extended":false,"handId":186,"id":1860,"length":52.1164,"mcpPosition":[-39.2038,245.307,50.419],"pipPosition":[-37.3743,232.943,2.0915],"stabilizedTipPosition":[-47.4954,209.083,31.9036],"timeVisible":4.71804,"tipPosition":[-27.9554,217.942,-46.7255],"tipVelocity":[58.2416,30.1273,-191.185],"tool":false,"touchDistance":0.333333,"touchZone":"hovering","type":0,"width":20.25},{"bases":[[[0.994174,-0.00189082,-0.107773],[0.0227144,0.981069,0.192321],[0.10537,-0.193648,0.975396]],[[0.999051,-0.029428,0.0321234],[0.0299732,0.999412,-0.0166266],[-0.0316152,0.0175737,0.999346]],[[0.999051,-0.029428,0.0321234],[0.0337492,0.98907,-0.143536],[-0.0275483,0.144484,0.989124]],[[0.999051,-0.029428,0.0321234],[0.0362116,0.97089,-0.236772],[-0.0242205,0.237711,0.971034]]],"btipPosition":[-35.0094,272.735,-107.882],"carpPosition":[-29.6954,266.797,47.31],"dipPosition":[-35.4233,276.796,-91.2913],"direction":[0.0275483,-0.144484,-0.989124],"extended":true,"handId":186,"id":1861,"length":58.8075,"mcpPosition":[-37.4474,281.044,-24.4495],"pipPosition":[-36.0891,280.289,-67.3838],"stabilizedTipPosition":[-78.1609,298.826,194.286],"timeVisible":4.71804,"tipPosition":[-34.9605,275.534,-104.066],"tipVelocity":[28.185,-27.0163,-149.187],"tool":false,"touchDistance":-0.545165,"touchZone":"hovering","type":1,"width":19.3428},{"bases":[[[0.980733,-0.195257,-0.00619929],[0.192772,0.962136,0.1927],[-0.0316613,-0.190182,0.981238]],[[0.959308,-0.226084,0.169154],[0.247844,0.961236,-0.120826],[-0.13528,0.157833,0.978155]],[[0.959308,-0.226084,0.169154],[0.271583,0.902728,-0.333654],[-0.0772662,0.366017,0.927395]],[[0.959308,-0.226084,0.169154],[0.2804,0.833252,-0.476515],[-0.0332154,0.504556,0.86274]]],"btipPosition":[-6.05807,254.329,-112.441],"carpPosition":[-17.6089,268.558,45.75],"dipPosition":[-6.68225,263.811,-96.2283],"direction":[0.0772662,-0.366017,-0.927395],"extended":true,"handId":186,"id":1862,"length":67.0064,"mcpPosition":[-15.4,281.827,-22.709],"pipPosition":[-8.87943,274.219,-69.8565],"stabilizedTipPosition":[-10.331,247.579,-91.611],"timeVisible":4.71804,"tipPosition":[-6.56575,255.262,-108.232],"tipVelocity":[35.3006,74.447,-169.065],"tool":false,"touchDistance":0.333333,"touchZone":"hovering","type":2,"width":18.9972},{"bases":[[[0.948043,-0.293086,0.123757],[0.261241,0.939174,0.222946],[-0.181571,-0.179032,0.966943]],[[0.941955,-0.298497,0.153687],[0.329962,0.73851,-0.587986],[0.0620131,0.604568,0.794136]],[[0.941955,-0.298497,0.153687],[0.191161,0.100523,-0.976398],[0.276003,0.949102,0.151749]],[[0.941955,-0.298497,0.153687],[0.0529846,-0.319856,-0.945984],[0.331531,0.899217,-0.285474]]],"btipPosition":[-10.6574,208.303,-49.8783],"carpPosition":[-5.42014,267.193,45.0427],"dipPosition":[-4.46306,225.104,-55.2121],"direction":[-0.276003,-0.949102,-0.151749],"extended":false,"handId":186,"id":1863,"length":64.4285,"mcpPosition":[5.9535,278.408,-15.5266],"pipPosition":[3.18278,251.396,-51.0083],"stabilizedTipPosition":[-15.3265,206.603,-21.7779],"timeVisible":4.71804,"tipPosition":[-9.1075,212.484,-51.101],"tipVelocity":[4.27591,10.9917,-150.162],"tool":false,"touchDistance":0.333333,"touchZone":"hovering","type":3,"width":18.077},{"bases":[[[0.864372,-0.46296,0.196288],[0.388441,0.862624,0.324026],[-0.319334,-0.203832,0.925461]],[[0.743402,-0.501142,0.442956],[0.663788,0.634078,-0.396649],[-0.0820914,0.588899,0.804027]],[[0.743402,-0.501142,0.442956],[0.533425,0.044696,-0.844666],[0.403499,0.86421,0.300549]],[[0.743402,-0.501142,0.442956],[0.304696,-0.335812,-0.891286],[0.595411,0.797551,-0.096947]]],"btipPosition":[9.24943,219.031,-40.954],"carpPosition":[5.98502,258.685,45.3461],"dipPosition":[19.5124,232.779,-42.6251],"direction":[-0.403499,-0.86421,-0.300549],"extended":false,"handId":186,"id":1864,"length":50.5107,"mcpPosition":[24.5017,270.505,-8.31698],"pipPosition":[27.4044,249.682,-36.7467],"stabilizedTipPosition":[7.4978,218.051,-17.8039],"timeVisible":4.71804,"tipPosition":[11.5747,222.772,-41.8552],"tipVelocity":[15.3986,12.0315,-169.424],"tool":false,"touchDistance":0.333333,"touchZone":"hovering","type":4,"width":16.0574}],"r":[[0.998429,-0.0202689,0.052246],[0.0281978,0.987385,-0.155807],[-0.0484289,0.157035,0.986405]],"s":0.924937,"t":[-1.59016,2.55418,18.119],"timestamp":2526493151},false],[3,{"currentFrameRate":101.467,"devices":[],"gestures":[],"hands":[{"armBasis":[[0.946251,0.168665,-0.275974],[0.0199931,0.821128,0.570394],[0.322815,-0.545254,0.77362]],"armWidth":63.72,"confidence":0.70025,"direction":[0.0698342,0.33488,-0.939669],"elbow":[77.054,107.503,260.546],"grabStrength":0,"id":186,"palmNormal":[-0.039476,-0.940303,-0.33804],"palmPosition":[-14.1038,269.205,-0.933451],"palmVelocity":[15.3116,-7.4501,-130.1],"palmWidth":90.99,"pinchStrength":1,"r":[[0.998333,-0.0207017,0.0538846],[0.0285494,0.988392,-0.149216],[-0.0501701,0.150505,0.987335]],"s":0.922898,"sphereCenter":[-16.9746,227.12,-37.9494],"sphereRadius":53.8908,"stabilizedPalmPosition":[-37.299,280.646,199.544],"t":[-1.46878,2.47172,17.2664],"timeVisible":4.7272,"type":"right","wrist":[-10.1061,254.721,51.6688]}],"id":238196,"interactionBox":{"center":[0,200,0],"size":[235.247,235.247,147.751]},"pointables":[{"bases":[[[0.450036,0.881953,0.140096],[-0.8118,0.338677,0.475688],[0.372087,-0.327807,0.868386]],[[0.259155,0.938963,-0.226247],[-0.965102,0.242626,-0.0985385],[-0.0376305,0.243889,0.969073]],[[0.259155,0.938963,-0.226247],[-0.937572,0.188317,-0.292395],[-0.231942,0.287899,0.929149]],[[0.259155,0.938963,-0.226247],[-0.955497,0.215064,-0.201922],[-0.14094,0.268508,0.952911]]],"btipPosition":[-26.1025,216.876,-52.6169],"carpPosition":[-39.1876,245.15,49.7384],"dipPosition":[-29.401,223.16,-30.3153],"direction":[0.231942,-0.287899,-0.929149],"extended":false,"handId":186,"id":1860,"length":52.1164,"mcpPosition":[-39.1876,245.15,49.7384],"pipPosition":[-37.3092,232.976,1.36456],"stabilizedTipPosition":[-47.4812,209.089,31.8488],"timeVisible":4.7272,"tipPosition":[-27.7472,218.118,-47.4745],"tipVelocity":[47.9802,27.3348,-160.581],"tool":false,"touchDistance":0.333333,"touchZone":"hovering","type":0,"width":20.25},{"bases":[[[0.994352,-0.00361232,-0.106071],[0.024425,0.980383,0.195582],[0.103284,-0.197068,0.974934]],[[0.998981,-0.0313614,0.0324471],[0.0321031,0.999229,-0.0225961],[-0.0317135,0.0236147,0.999218]],[[0.998981,-0.0313614,0.0324471],[0.0359647,0.987616,-0.15271],[-0.0272561,0.153722,0.987738]],[[0.998981,-0.0313614,0.0324471],[0.0384399,0.968038,-0.247839],[-0.0236375,0.248834,0.968258]]],"btipPosition":[-34.8025,272.147,-108.355],"carpPosition":[-29.6291,266.63,46.7163],"dipPosition":[-35.2064,276.398,-91.8121],"direction":[0.0272561,-0.153722,-0.987738],"extended":true,"handId":186,"id":1861,"length":58.8075,"mcpPosition":[-37.2277,281.128,-25.0092],"pipPosition":[-35.8652,280.114,-67.938],"stabilizedTipPosition":[-78.1563,298.823,194.254],"timeVisible":4.7272,"tipPosition":[-34.7231,275.019,-104.565],"tipVelocity":[26.6904,-36.0436,-122.32],"tool":false,"touchDistance":-0.526245,"touchZone":"hovering","type":1,"width":19.3428},{"bases":[[[0.980333,-0.197282,-0.00515617],[0.194442,0.961094,0.196191],[-0.0337493,-0.193335,0.980552]],[[0.958541,-0.228641,0.170064],[0.249983,0.961188,-0.116729],[-0.136774,0.154403,0.978495]],[[0.958541,-0.228641,0.170064],[0.273997,0.903444,-0.32972],[-0.0782557,0.362647,0.928635]],[[0.958541,-0.228641,0.170064],[0.282941,0.834484,-0.472844],[-0.033804,0.501358,0.864579]]],"btipPosition":[-5.7286,254.684,-113.046],"carpPosition":[-17.5364,268.371,45.1829],"dipPosition":[-6.36384,264.105,-96.7992],"direction":[0.0782557,-0.362647,-0.928635],"extended":true,"handId":186,"id":1862,"length":67.0064,"mcpPosition":[-15.1817,281.86,-23.2283],"pipPosition":[-8.58915,274.418,-70.3922],"stabilizedTipPosition":[-10.2198,247.81,-92.0528],"timeVisible":4.7272,"tipPosition":[-6.23568,255.624,-108.844],"tipVelocity":[35.404,64.0497,-140.103],"tool":false,"touchDistance":0.333333,"touchZone":"hovering","type":2,"width":18.9972},{"bases":[[[0.947216,-0.295469,0.124421],[0.262811,0.93789,0.226479],[-0.183611,-0.181825,0.966037]],[[0.941306,-0.30077,0.153233],[0.331405,0.73719,-0.588831],[0.0641404,0.605052,0.793598]],[[0.941306,-0.30077,0.153233],[0.189982,0.0968243,-0.977001],[0.279016,0.948769,0.148282]],[[0.941306,-0.30077,0.153233],[0.0504037,-0.323623,-0.944843],[0.33377,0.897109,-0.289469]]],"btipPosition":[-10.6791,208.295,-50.1774],"carpPosition":[-5.34923,266.983,44.492],"dipPosition":[-4.4429,225.057,-55.5859],"direction":[-0.279016,-0.948769,-0.148282],"extended":false,"handId":186,"id":1863,"length":64.4285,"mcpPosition":[6.15217,278.373,-16.0205],"pipPosition":[3.2864,251.339,-51.4781],"stabilizedTipPosition":[-15.3157,206.613,-21.8307],"timeVisible":4.7272,"tipPosition":[-9.07984,212.486,-51.5659],"tipVelocity":[2.71688,7.40618,-117.914],"tool":false,"touchDistance":0.333333,"touchZone":"hovering","type":3,"width":18.077},{"bases":[[[0.863067,-0.465405,0.196251],[0.389677,0.860743,0.327525],[-0.321353,-0.206202,0.924236]],[[0.740293,-0.50431,0.444564],[0.667127,0.632817,-0.393045],[-0.0831114,0.58755,0.804909]],[[0.740293,-0.50431,0.444564],[0.535944,0.0434832,-0.843133],[0.405869,0.862427,0.302472]],[[0.740293,-0.50431,0.444564],[0.305468,-0.336745,-0.890669],[0.598878,0.795157,-0.09524]]],"btipPosition":[9.34909,219.058,-41.5403],"carpPosition":[6.03765,258.451,44.787],"dipPosition":[19.6718,232.764,-43.1819],"direction":[-0.405869,-0.862427,-0.302472],"extended":false,"handId":186,"id":1864,"length":50.5107,"mcpPosition":[24.6714,270.407,-8.80501],"pipPosition":[27.6101,249.632,-37.2659],"stabilizedTipPosition":[7.50556,218.059,-17.8482],"timeVisible":4.7272,"tipPosition":[11.6955,222.774,-42.4439],"tipVelocity":[14.5553,9.1942,-139.812],"tool":false,"touchDistance":0.333333,"touchZone":"hovering","type":4,"width":16.0574}],"r":[[0.998333,-0.0207017,0.0538846],[0.0285494,0.988392,-0.149216],[-0.0501701,0.150505,0.987335]],"s":0.922898,"t":[-1.46878,2.47172,17.2664],"timestamp":2526502316},false],[4,{"currentFrameRate":102.007,"devices":[],"gestures":[],"hands":[{"armBasis":[[0.944575,0.165792,-0.283356],[0.0252727,0.82383,0.566273],[0.327321,-0.542048,0.77398]],"armWidth":63.72,"confidence":0.703166,"direction":[0.074453,0.342849,-0.936435],"elbow":[78.2826,107.885,259.332],"grabStrength":0,"id":186,"palmNormal":[-0.0449654,-0.936933,-0.346606],"palmPosition":[-13.8616,269.222,-2.12156],"palmVelocity":[18.6185,-4.92253,-131.556],"palmWidth":90.99,"pinchStrength":1,"r":[[0.998197,-0.0225043,0.055645],[0.0302292,0.989385,-0.142138],[-0.0518556,0.143564,0.988282]],"s":0.921206,"sphereCenter":[-16.8684,227.386,-39.4785],"sphereRadius":53.8607,"stabilizedPalmPosition":[-37.2989,280.646,199.544],"t":[-1.28698,2.4391,16.2461],"timeVisible":4.73597,"type":"right","wrist":[-10.0939,254.238,50.3575]}],"id":238197,"interactionBox":{"center":[0,200,0],"size":[235.247,235.247,147.751]},"pointables":[{"bases":[[[0.455619,0.877591,0.149151],[-0.810691,0.339864,0.476731],[0.367684,-0.338123,0.866303]],[[0.266389,0.939219,-0.216574],[-0.963097,0.250401,-0.098705],[-0.0384755,0.234875,0.971264]],[[0.266389,0.939219,-0.216574],[-0.934973,0.197194,-0.294855],[-0.234226,0.281036,0.930675]],[[0.266389,0.939219,-0.216574],[-0.952818,0.22268,-0.206278],[-0.145514,0.261305,0.954225]]],"btipPosition":[-25.9221,217.46,-54.2779],"carpPosition":[-39.2344,244.882,48.2695],"dipPosition":[-29.3277,223.576,-31.9456],"direction":[0.234226,-0.281036,-0.930675],"extended":false,"handId":186,"id":1860,"length":52.1164,"mcpPosition":[-39.2344,244.882,48.2695],"pipPosition":[-37.3138,233.158,-0.213688],"stabilizedTipPosition":[-47.4694,209.095,31.8031],"timeVisible":4.73597,"tipPosition":[-27.5984,218.673,-49.14],"tipVelocity":[39.8664,36.7119,-168.121],"tool":false,"touchDistance":0.333333,"touchZone":"hovering","type":0,"width":20.25},{"bases":[[[0.994569,-0.00938394,-0.10366],[0.0305432,0.978394,0.204478],[0.0995012,-0.206534,0.973367]],[[0.998723,-0.0381104,0.0331712],[0.0387856,0.999048,-0.0199552],[-0.0323791,0.0212163,0.99925]],[[0.998723,-0.0381104,0.0331712],[0.0427317,0.987441,-0.152098],[-0.0269581,0.153321,0.987809]],[[0.998723,-0.0381104,0.0331712],[0.0451751,0.967583,-0.24848],[-0.0226262,0.249661,0.968069]]],"btipPosition":[-34.4147,272.635,-109.491],"carpPosition":[-29.5237,266.324,45.4648],"dipPosition":[-34.8013,276.901,-92.9514],"direction":[0.0269581,-0.153321,-0.987809],"extended":true,"handId":186,"id":1861,"length":58.8075,"mcpPosition":[-36.844,281.518,-26.1455],"pipPosition":[-35.4529,280.607,-69.0757],"stabilizedTipPosition":[-78.1524,298.821,194.228],"timeVisible":4.73597,"tipPosition":[-34.2914,275.491,-105.699],"tipVelocity":[31.5245,-11.3094,-124.294],"tool":false,"touchDistance":-0.519006,"touchZone":"hovering","type":1,"width":19.3428},{"bases":[[[0.978991,-0.203855,-0.00453074],[0.200424,0.957951,0.20533],[-0.0375174,-0.201924,0.978682]],[[0.956546,-0.236644,0.17035],[0.25669,0.960553,-0.106993],[-0.138311,0.146071,0.979558]],[[0.956546,-0.236644,0.17035],[0.280877,0.904667,-0.320447],[-0.0782786,0.354369,0.931823]],[[0.956546,-0.236644,0.17035],[0.289738,0.836996,-0.464208],[-0.0327306,0.493394,0.86919]]],"btipPosition":[-5.29043,255.695,-114.351],"carpPosition":[-17.4156,267.996,43.9768],"dipPosition":[-5.9055,264.967,-98.0167],"direction":[0.0782786,-0.354369,-0.931823],"extended":true,"handId":186,"id":1862,"length":67.0064,"mcpPosition":[-14.7981,282.084,-24.3039],"pipPosition":[-8.13146,275.044,-71.519],"stabilizedTipPosition":[-10.115,248.029,-92.4586],"timeVisible":4.73597,"tipPosition":[-5.79609,256.62,-110.15],"tipVelocity":[39.4601,76.7654,-141.815],"tool":false,"touchDistance":0.333333,"touchZone":"hovering","type":2,"width":18.9972},{"bases":[[[0.944886,-0.302979,0.124074],[0.268558,0.934013,0.235575],[-0.187261,-0.189271,0.963903]],[[0.939049,-0.308348,0.152017],[0.33701,0.738309,-0.58423],[0.0679107,0.599852,0.797224]],[[0.939049,-0.308348,0.152017],[0.190757,0.099474,-0.976584],[0.286006,0.946058,0.15223]],[[0.939049,-0.308348,0.152017],[0.0479107,-0.320493,-0.946038],[0.340429,0.895659,-0.286185]]],"btipPosition":[-10.8241,208.645,-51.5652],"carpPosition":[-5.23645,266.532,43.3034],"dipPosition":[-4.46356,225.38,-56.9123],"direction":[-0.286006,-0.946058,-0.15223],"extended":false,"handId":186,"id":1863,"length":64.4285,"mcpPosition":[6.49359,278.388,-17.0755],"pipPosition":[3.45937,251.587,-52.6952],"stabilizedTipPosition":[-15.3085,206.62,-21.8681],"timeVisible":4.73597,"tipPosition":[-9.16959,212.839,-53.037],"tipVelocity":[-1.57978,15.9464,-128.325],"tool":false,"touchDistance":0.333333,"touchZone":"hovering","type":3,"width":18.077},{"bases":[[[0.859413,-0.472982,0.194161],[0.394647,0.855103,0.336233],[-0.325059,-0.212338,0.921547]],[[0.734202,-0.513493,0.444154],[0.674062,0.629525,-0.386444],[-0.0811694,0.583115,0.808324]],[[0.734202,-0.513493,0.444154],[0.538069,0.0411295,-0.841897],[0.41404,0.857107,0.306492]],[[0.734202,-0.513493,0.444154],[0.302786,-0.337887,-0.891153],[0.607675,0.788769,-0.0925985]]],"btipPosition":[9.23807,219.255,-42.867],"carpPosition":[6.09186,257.92,43.5493],"dipPosition":[19.7124,232.85,-44.4631],"direction":[-0.41404,-0.857107,-0.306492],"extended":false,"handId":186,"id":1864,"length":50.5107,"mcpPosition":[24.9405,270.233,-9.8868],"pipPosition":[27.8106,249.614,-38.4685],"stabilizedTipPosition":[7.51062,218.064,-17.8792],"timeVisible":4.73597,"tipPosition":[11.6633,222.93,-43.8044],"tipVelocity":[8.31449,11.9726,-142.585],"tool":false,"touchDistance":0.333333,"touchZone":"hovering","type":4,"width":16.0574}],"r":[[0.998197,-0.0225043,0.055645],[0.0302292,0.989385,-0.142138],[-0.0518556,0.143564,0.988282]],"s":0.921206,"t":[-1.28698,2.4391,16.2461],"timestamp":2526511083},false],[5,{"currentFrameRate":102.238,"devices":[],"gestures":[],"hands":[{"armBasis":[[0.945528,0.159112,-0.284008],[0.0291803,0.827481,0.560734],[0.324231,-0.538477,0.777764]],"armWidth":63.72,"confidence":0.715239,"direction":[0.0788744,0.348814,-0.933867],"elbow":[77.4327,108.44,259.303],"grabStrength":0,"id":186,"palmNormal":[-0.0488773,-0.934306,-0.353106],"palmPosition":[-13.6515,269.189,-3.07963],"palmVelocity":[19.7176,-4.55491,-123.345],"palmWidth":90.99,"pinchStrength":1,"r":[[0.998027,-0.025077,0.0575664],[0.0326754,0.990293,-0.135102],[-0.0536196,0.136717,0.989158]],"s":0.920108,"sphereCenter":[-16.7767,227.585,-40.6981],"sphereRadius":53.8207,"stabilizedPalmPosition":[-37.2988,280.646,199.543],"t":[-1.09102,2.40586,15.2569],"timeVisible":4.74531,"type":"right","wrist":[-10.1097,253.829,49.3064]}],"id":238198,"interactionBox":{"center":[0,200,0],"size":[235.247,235.247,147.751]},"pointables":[{"bases":[[[0.459769,0.874159,0.156393],[-0.810245,0.340854,0.476783],[0.363476,-0.345927,0.864997]],[[0.271961,0.939268,-0.209316],[-0.961478,0.256186,-0.0996435],[-0.039968,0.228352,0.972758]],[[0.271961,0.939268,-0.209316],[-0.932783,0.203837,-0.297265],[-0.236545,0.276091,0.931569]],[[0.271961,0.939268,-0.209316],[-0.950488,0.228201,-0.210941],[-0.150364,0.256321,0.954825]]],"btipPosition":[-25.7132,217.829,-55.5928],"carpPosition":[-39.2925,244.64,47.0737],"dipPosition":[-29.2323,223.827,-33.2464],"direction":[0.236545,-0.276091,-0.931569],"extended":false,"handId":186,"id":1860,"length":52.1164,"mcpPosition":[-39.2925,244.64,47.0737],"pipPosition":[-37.2974,233.241,-1.48403],"stabilizedTipPosition":[-47.4588,209.1,31.7614],"timeVisible":4.74531,"tipPosition":[-27.4122,219.033,-50.4633],"tipVelocity":[34.117,36.6637,-160.275],"tool":false,"touchDistance":0.333333,"touchZone":"hovering","type":0,"width":20.25},{"bases":[[[0.994794,-0.013886,-0.100958],[0.0350715,0.976808,0.211225],[0.095684,-0.213666,0.97221]],[[0.998481,-0.0432349,0.0341528],[0.0438654,0.998876,-0.0179351],[-0.033339,0.019406,0.999256]],[[0.998481,-0.0432349,0.0341528],[0.0479278,0.987321,-0.151329],[-0.027177,0.152736,0.987893]],[[0.998481,-0.0432349,0.0341528],[0.0503845,0.967332,-0.248458],[-0.022295,0.249801,0.968041]]],"btipPosition":[-34.0316,272.974,-110.431],"carpPosition":[-29.4623,266.048,44.4421],"dipPosition":[-34.4125,277.242,-93.8911],"direction":[0.027177,-0.152736,-0.987893],"extended":true,"handId":186,"id":1861,"length":58.8075,"mcpPosition":[-36.5017,281.768,-27.0829],"pipPosition":[-35.0694,280.934,-70.0133],"stabilizedTipPosition":[-78.1487,298.819,194.202],"timeVisible":4.74531,"tipPosition":[-33.8692,275.789,-106.636],"tipVelocity":[34.2542,2.19224,-117.573],"tool":false,"touchDistance":-0.509529,"touchZone":"hovering","type":1,"width":19.3428},{"bases":[[[0.977923,-0.208943,-0.00320074],[0.204841,0.95547,0.212409],[-0.0413231,-0.208375,0.977176]],[[0.954815,-0.242803,0.171395],[0.261938,0.959962,-0.0993068],[-0.14042,0.139714,0.980185]],[[0.954815,-0.242803,0.171395],[0.28646,0.905496,-0.313077],[-0.0791815,0.348028,0.934134]],[[0.954815,-0.242803,0.171395],[0.295394,0.838813,-0.457312],[-0.0327317,0.487277,0.872634]]],"btipPosition":[-4.82343,256.418,-115.384],"carpPosition":[-17.3415,267.668,42.9992],"dipPosition":[-5.43852,265.575,-98.985],"direction":[0.0791815,-0.348028,-0.934134],"extended":true,"handId":186,"id":1862,"length":67.0064,"mcpPosition":[-14.4585,282.206,-25.1763],"pipPosition":[-7.69016,275.471,-72.4216],"stabilizedTipPosition":[-10.0013,248.261,-92.8815],"timeVisible":4.74531,"tipPosition":[-5.33025,257.336,-111.186],"tipVelocity":[42.4461,76.1484,-132.522],"tool":false,"touchDistance":0.333333,"touchZone":"hovering","type":2,"width":18.9972},{"bases":[[[0.94294,-0.308758,0.12463],[0.272764,0.930971,0.24268],[-0.190957,-0.194838,0.962067]],[[0.937224,-0.314092,0.151517],[0.341391,0.737722,-0.582424],[0.0711572,0.597589,0.798639]],[[0.937224,-0.314092,0.151517],[0.190697,0.0978355,-0.976761],[0.291969,0.944338,0.15159]],[[0.937224,-0.314092,0.151517],[0.0450048,-0.321913,-0.945699],[0.345812,0.893151,-0.287569]]],"btipPosition":[-10.9353,208.802,-52.4235],"carpPosition":[-5.16828,266.145,42.3497],"dipPosition":[-4.47417,225.489,-57.7964],"direction":[-0.291969,-0.944338,-0.15159],"extended":false,"handId":186,"id":1863,"length":64.4285,"mcpPosition":[6.79324,278.349,-17.9142],"pipPosition":[3.61397,251.649,-53.5971],"stabilizedTipPosition":[-15.3032,206.626,-21.8968],"timeVisible":4.74531,"tipPosition":[-9.22043,213.005,-54.0377],"tipVelocity":[-3.80302,15.8503,-118.184],"tool":false,"touchDistance":0.333333,"touchZone":"hovering","type":3,"width":18.077},{"bases":[[[0.856384,-0.478784,0.193319],[0.398155,0.850719,0.343147],[-0.328753,-0.216894,0.919172]],[[0.72907,-0.520497,0.444456],[0.679661,0.627167,-0.380425],[-0.0807381,0.579435,0.811009]],[[0.72907,-0.520497,0.444456],[0.540935,0.0403324,-0.840097],[0.419342,0.852911,0.31096]],[[0.72907,-0.520497,0.444456],[0.302448,-0.337531,-0.891403],[0.613989,0.784319,-0.0886604]]],"btipPosition":[9.24685,219.359,-43.9604],"carpPosition":[6.11421,257.472,42.5684],"dipPosition":[19.8301,232.878,-45.4886],"direction":[-0.419342,-0.852911,-0.31096],"extended":false,"handId":186,"id":1864,"length":50.5107,"mcpPosition":[25.177,270.049,-10.73],"pipPosition":[28.0319,249.56,-39.4066],"stabilizedTipPosition":[7.5143,218.068,-17.9025],"timeVisible":4.74531,"tipPosition":[11.7172,223.002,-44.8945],"tipVelocity":[6.98444,11.2202,-134.881],"tool":false,"touchDistance":0.333333,"touchZone":"hovering","type":4,"width":16.0574}],"r":[[0.998027,-0.025077,0.0575664],[0.0326754,0.990293,-0.135102],[-0.0536196,0.136717,0.989158]],"s":0.920108,"t":[-1.09102,2.40586,15.2569],"timestamp":2526520423},false],[6,{"currentFrameRate":102.769,"devices":[],"gestures":[],"hands":[{"armBasis":[[0.946098,0.154931,-0.284421],[0.0316853,0.829677,0.557345],[0.322327,-0.536314,0.780046]],"armWidth":63.72,"confidence":0.72571,"direction":[0.0820877,0.35213,-0.932345],"elbow":[76.9241,108.801,259.247],"grabStrength":0,"id":186,"palmNormal":[-0.0514636,-0.932756,-0.356816],"palmPosition":[-13.4808,269.18,-3.69872],"palmVelocity":[19.68,-3.60172,-109.36],"palmWidth":90.99,"pinchStrength":1,"r":[[0.997839,-0.0279034,0.0594875],[0.0353854,0.991054,-0.128685],[-0.0553646,0.130512,0.9899]],"s":0.919693,"sphereCenter":[-16.6919,227.755,-41.4594],"sphereRadius":53.7622,"stabilizedPalmPosition":[-37.2988,280.646,199.543],"t":[-0.907707,2.38493,14.4527],"timeVisible":4.75402,"type":"right","wrist":[-10.1043,253.605,48.6348]}],"id":238199,"interactionBox":{"center":[0,200,0],"size":[235.247,235.247,147.751]},"pointables":[{"bases":[[[0.462553,0.8719,0.160734],[-0.810028,0.341906,0.476397],[0.360415,-0.350558,0.864413]],[[0.275636,0.939083,-0.2053],[-0.960376,0.259863,-0.10074],[-0.0412529,0.224933,0.973501]],[[0.275636,0.939083,-0.2053],[-0.931144,0.207797,-0.299653],[-0.238739,0.273759,0.931697]],[[0.275636,0.939083,-0.2053],[-0.947981,0.230176,-0.21989],[-0.159239,0.25523,0.953677]]],"btipPosition":[-25.389,217.994,-56.3756],"carpPosition":[-39.315,244.53,46.3055],"dipPosition":[-29.1158,223.967,-34.0561],"direction":[0.238739,-0.273759,-0.931697],"extended":false,"handId":186,"id":1860,"length":52.1164,"mcpPosition":[-39.315,244.53,46.3055],"pipPosition":[-37.2557,233.301,-2.28931],"stabilizedTipPosition":[-47.45,209.104,31.7271],"timeVisible":4.75402,"tipPosition":[-27.1496,219.231,-51.2692],"tipVelocity":[33.4729,31.7617,-141.628],"tool":false,"touchDistance":0.320184,"touchZone":"hovering","type":0,"width":20.25},{"bases":[[[0.994949,-0.0170518,-0.0989262],[0.0381088,0.975854,0.215072],[0.0928702,-0.217755,0.971575]],[[0.998309,-0.0466353,0.0347091],[0.047258,0.998732,-0.0173416],[-0.0338564,0.0189526,0.999247]],[[0.998309,-0.0466353,0.0347091],[0.0513813,0.987114,-0.151545],[-0.0271945,0.153072,0.987841]],[[0.998309,-0.0466353,0.0347091],[0.0538335,0.966969,-0.249144],[-0.0219437,0.250591,0.967844]]],"btipPosition":[-33.7486,273.137,-111.044],"carpPosition":[-29.4029,265.913,43.7773],"dipPosition":[-34.1235,277.419,-94.5076],"direction":[0.0271945,-0.153072,-0.987841],"extended":true,"handId":186,"id":1861,"length":58.8075,"mcpPosition":[-36.2353,281.933,-27.7011],"pipPosition":[-34.7808,281.119,-70.6311],"stabilizedTipPosition":[-78.1453,298.817,194.179],"timeVisible":4.75402,"tipPosition":[-33.5546,275.908,-107.25],"tipVelocity":[33.8178,6.70791,-104.971],"tool":false,"touchDistance":-0.496118,"touchZone":"hovering","type":1,"width":19.3428},{"bases":[[[0.977176,-0.212422,-0.00195865],[0.207798,0.953905,0.216529],[-0.0441273,-0.211994,0.976274]],[[0.953578,-0.246874,0.17246],[0.265517,0.959446,-0.094684],[-0.142091,0.13608,0.980455]],[[0.953578,-0.246874,0.17246],[0.290319,0.905798,-0.308618],[-0.0800243,0.34436,0.935421]],[[0.953578,-0.246874,0.17246],[0.299338,0.839687,-0.453126],[-0.0329475,0.483715,0.874605]]],"btipPosition":[-4.45118,256.844,-116.041],"carpPosition":[-17.2734,267.495,42.3661],"dipPosition":[-5.07033,265.934,-99.6049],"direction":[0.0800243,-0.34436,-0.935421],"extended":true,"handId":186,"id":1862,"length":67.0064,"mcpPosition":[-14.1948,282.285,-25.7466],"pipPosition":[-7.34593,275.726,-73.0049],"stabilizedTipPosition":[-9.89317,248.474,-93.2689],"timeVisible":4.75402,"tipPosition":[-4.95827,257.765,-111.848],"tipVelocity":[42.4852,68.3781,-116.983],"tool":false,"touchDistance":0.333333,"touchZone":"hovering","type":2,"width":18.9972},{"bases":[[[0.941568,-0.312605,0.125412],[0.275569,0.929047,0.246847],[-0.193679,-0.197864,0.960905]],[[0.936088,-0.317753,0.150907],[0.343761,0.735322,-0.584063],[0.0746227,0.59861,0.797557]],[[0.936088,-0.317753,0.150907],[0.188792,0.09184,-0.977713],[0.296812,0.943715,0.14596]],[[0.936088,-0.317753,0.150907],[0.0408548,-0.327888,-0.943833],[0.349386,0.889676,-0.29395]]],"btipPosition":[-11.0566,208.814,-52.6407],"carpPosition":[-5.10438,265.931,41.7362],"dipPosition":[-4.5287,225.436,-58.1328],"direction":[-0.296812,-0.943715,-0.14596],"extended":false,"handId":186,"id":1863,"length":64.4285,"mcpPosition":[7.0277,278.325,-18.4549],"pipPosition":[3.69359,251.579,-54.0894],"stabilizedTipPosition":[-15.2997,206.629,-21.9164],"timeVisible":4.75402,"tipPosition":[-9.28167,213.029,-54.4395],"tipVelocity":[-6.0347,11.523,-94.0972],"tool":false,"touchDistance":0.333333,"touchZone":"hovering","type":3,"width":18.077},{"bases":[[[0.854261,-0.482584,0.193262],[0.400462,0.847961,0.347266],[-0.331463,-0.219262,0.917636]],[[0.7253,-0.524938,0.4454],[0.683696,0.625012,-0.376723],[-0.080624,0.577755,0.812219]],[[0.7253,-0.524938,0.4454],[0.542894,0.0382962,-0.838927],[0.423328,0.850279,0.312762]],[[0.7253,-0.524938,0.4454],[0.301844,-0.338988,-0.891054],[0.618733,0.780722,-0.0874184]]],"btipPosition":[9.27264,219.414,-44.5942],"carpPosition":[6.14663,257.217,41.945],"dipPosition":[19.9376,232.871,-46.101],"direction":[-0.423328,-0.850279,-0.312762],"extended":false,"handId":186,"id":1864,"length":50.5107,"mcpPosition":[25.3666,269.931,-11.2643],"pipPosition":[28.2174,249.502,-39.9837],"stabilizedTipPosition":[7.51671,218.07,-17.918],"timeVisible":4.75402,"tipPosition":[11.7798,223.027,-45.5362],"tipVelocity":[6.48483,9.47072,-118.111],"tool":false,"touchDistance":0.333333,"touchZone":"hovering","type":4,"width":16.0574}],"r":[