{"sensorType":"Leap","data":[[0,{"currentFrameRate":110.548,"devices":[],"gestures":[],"hands":[{"armBasis":[[0.914769,0.200131,-0.35092],[0.0739044,0.771099,0.632412],[0.39716,-0.604445,0.690587]],"armWidth":63.3039,"confidence":0.781671,"direction":[0.0578556,0.316011,-0.94699],"elbow":[81.303,152.511,234.262],"grabStrength":0,"id":183,"palmNormal":[-0.100607,-0.941904,-0.32046],"palmPosition":[-30.0796,328.418,-3.32914],"palmVelocity":[-12.0089,7.72041,-201.08],"palmWidth":90.3958,"pinchStrength":0.820947,"r":[[0.870016,-0.131529,0.475155],[0.127575,0.990992,0.0407281],[-0.476232,0.0251835,0.878959]],"s":0.989052,"sphereCenter":[-27.6028,289.683,-35.4876],"sphereRadius":47.6891,"stabilizedPalmPosition":[-25.2967,310.241,92.4634],"t":[65.4171,159.291,-166.605],"timeVisible":0.867924,"type":"right","wrist":[-25.2298,314.645,49.0216]}],"id":236437,"interactionBox":{"center":[0,200,0],"size":[235.247,235.247,147.751]},"pointables":[{"bases":[[[0.500953,0.85833,0.110975],[-0.776942,0.389502,0.494621],[0.381323,-0.334003,0.861995]],[[0.391195,0.914245,-0.105463],[-0.881216,0.405155,0.243531],[0.265376,-0.00233295,0.964142]],[[0.391195,0.914245,-0.105463],[-0.919172,0.382448,-0.0941044],[-0.0457005,0.133751,0.989961]],[[0.391195,0.914245,-0.105463],[-0.717084,0.230975,-0.657603],[-0.576851,0.332877,0.745947]]],"btipPosition":[-52.8367,294.534,-50.5304],"carpPosition":[-54.6365,306.688,48.1597],"dipPosition":[-66.2489,302.274,-33.1865],"direction":[0.0457005,-0.133751,-0.989961],"extended":false,"handId":183,"id":1830,"length":51.776,"mcpPosition":[-54.6365,306.688,48.1597],"pipPosition":[-67.7969,306.804,0.34635],"stabilizedTipPosition":[-57.8432,275.068,58.2892],"timeVisible":0.867924,"tipPosition":[-55.3227,295.319,-46.4398],"tipVelocity":[6.26243,30.4734,-210.061],"tool":false,"touchDistance":-0.593182,"touchZone":"hovering","type":0,"width":20.1178},{"bases":[[[0.988856,-0.0591394,-0.136622],[0.0832157,0.98053,0.177866],[0.123443,-0.187253,0.974524]],[[0.996516,-0.080889,-0.0203059],[0.0822759,0.993334,0.0807414],[0.0136394,-0.0821308,0.996528]],[[0.996516,-0.080889,-0.0203059],[0.0801933,0.996232,-0.0330135],[0.0228998,0.0312701,0.999249]],[[0.996516,-0.080889,-0.0203059],[0.0778588,0.989583,-0.121093],[0.0298894,0.11909,0.992433]]],"btipPosition":[-54.7703,341.852,-110.101],"carpPosition":[-44.1086,327.433,44.4997],"dipPosition":[-54.263,343.874,-93.2556],"direction":[-0.0228998,-0.0312701,-0.999249],"extended":true,"handId":183,"id":1831,"length":58.4235,"mcpPosition":[-53.1309,341.119,-26.7275],"pipPosition":[-53.7131,344.625,-69.2611],"stabilizedTipPosition":[-58.6682,322.211,-5.06097],"timeVisible":0.867924,"tipPosition":[-54.2274,340.937,-106.154],"tipVelocity":[-2.31048,45.7018,-205.008],"tool":false,"touchDistance":-0.591669,"touchZone":"hovering","type":1,"width":19.2165},{"bases":[[[0.96767,-0.250178,-0.0320108],[0.251886,0.952066,0.173561],[-0.0129447,-0.176012,0.984303]],[[0.96646,-0.256752,0.00580747],[0.15819,0.577335,-0.801037],[0.202315,0.775089,0.598586]],[[0.96646,-0.256752,0.00580747],[-0.0779295,-0.314737,-0.945974],[0.244709,0.913794,-0.324189]],[[0.96646,-0.256752,0.00580747],[-0.185468,-0.713417,-0.67575],[0.177643,0.652008,-0.737108]]],"btipPosition":[-51.0941,265.581,-31.3913],"carpPosition":[-32.0737,328.485,42.5769],"dipPosition":[-47.7776,277.754,-45.1526],"direction":[-0.244709,-0.913794,0.324189],"extended":false,"handId":183,"id":1832,"length":66.5689,"mcpPosition":[-31.1764,340.685,-25.6475],"pipPosition":[-40.8644,303.569,-54.3112],"stabilizedTipPosition":[-56.7899,251.703,76.7177],"timeVisible":0.867924,"tipPosition":[-50.2857,268.532,-34.981],"tipVelocity":[49.0477,-13.2966,-149.403],"tool":false,"touchDistance":0.333333,"touchZone":"none","type":2,"width":18.8731},{"bases":[[[0.933458,-0.344408,0.100194],[0.319837,0.925663,0.202119],[-0.162357,-0.156624,0.974222]],[[0.928217,-0.348913,0.129121],[0.289641,0.459899,-0.839405],[0.233496,0.816549,0.527946]],[[0.928217,-0.348913,0.129121],[-0.0302389,-0.416671,-0.908554],[0.370807,0.839432,-0.397312]],[[0.928217,-0.348913,0.129121],[-0.195345,-0.752455,-0.629009],[0.316627,0.558634,-0.7666]]],"btipPosition":[-36.4285,266.472,-17.3559],"carpPosition":[-20.0855,326.442,41.5411],"dipPosition":[-30.5512,276.842,-31.5856],"direction":[-0.370807,-0.839432,0.397312],"extended":false,"handId":183,"id":1833,"length":64.0077,"mcpPosition":[-9.98182,336.189,-19.0856],"pipPosition":[-20.3462,299.944,-42.52],"stabilizedTipPosition":[-39.4057,251.326,81.3648],"timeVisible":0.867924,"tipPosition":[-34.8337,268.989,-21.7736],"tipVelocity":[32.228,5.55847,-122.258],"tool":false,"touchDistance":0.333333,"touchZone":"none","type":3,"width":17.959},{"bases":[[[0.84263,-0.508401,0.177494],[0.445521,0.843328,0.300513],[-0.302467,-0.174144,0.937117]],[[0.848998,-0.5045,0.157106],[0.40609,0.432745,-0.804874],[0.338072,0.747136,0.572272]],[[0.848998,-0.5045,0.157106],[-0.0521737,-0.375911,-0.925186],[0.525814,0.777284,-0.34547]],[[0.848998,-0.5045,0.157106],[-0.280317,-0.682067,-0.67543],[0.447911,0.5294,-0.720494]]],"btipPosition":[-21.5799,276.987,-13.4056],"carpPosition":[-9.24077,317.37,41.6306],"dipPosition":[-13.9097,286.052,-25.7436],"direction":[-0.525814,-0.777284,0.34547],"extended":false,"handId":183,"id":1834,"length":50.1809,"mcpPosition":[8.1833,327.401,-12.3535],"pipPosition":[-3.69259,301.156,-32.4564],"stabilizedTipPosition":[-21.5178,262.277,77.905],"timeVisible":0.867924,"tipPosition":[-19.6413,279.099,-16.5291],"tipVelocity":[26.0289,20.6873,-162.615],"tool":false,"touchDistance":0.333333,"touchZone":"none","type":4,"width":15.9526}],"r":[[0.870016,-0.131529,0.475155],[0.127575,0.990992,0.0407281],[-0.476232,0.0251835,0.878959]],"s":0.989052,"t":[65.4171,159.291,-166.605],"timestamp":2510296278},false],[1,{"currentFrameRate":110.507,"devices":[],"gestures":[],"hands":[{"armBasis":[[0.91589,0.200304,-0.347884],[0.0710728,0.772011,0.631623],[0.395087,-0.603222,0.692841]],"armWidth":63.3039,"confidence":0.796652,"direction":[0.0574677,0.317062,-0.946662],"elbow":[80.7105,152.796,234.056],"grabStrength":0,"id":183,"palmNormal":[-0.0972508,-0.941942,-0.321385],"palmPosition":[-30.1252,328.406,-4.13139],"palmVelocity":[-10.0621,5.21898,-169.654],"palmWidth":90.3958,"pinchStrength":0.804681,"r":[[0.869656,-0.126576,0.477155],[0.120859,0.991746,0.0428077],[-0.478635,0.0204404,0.877776]],"s":0.995975,"sphereCenter":[-27.718,289.844,-36.3327],"sphereRadius":47.6853,"stabilizedPalmPosition":[-25.2967,310.241,92.4632],"t":[65.3505,159.304,-167.882],"timeVisible":0.877047,"type":"right","wrist":[-25.2663,314.602,48.2103]}],"id":236438,"interactionBox":{"center":[0,200,0],"size":[235.247,235.247,147.751]},"pointables":[{"bases":[[[0.498019,0.859889,0.112105],[-0.778578,0.386467,0.494427],[0.381828,-0.333517,0.861959]],[[0.389251,0.915404,-0.102565],[-0.881228,0.402491,0.247867],[0.26818,-0.00609973,0.963349]],[[0.389251,0.915404,-0.102565],[-0.920145,0.381263,-0.0892881],[-0.0426304,0.12913,0.990711]],[[0.389251,0.915404,-0.102565],[-0.716949,0.231175,-0.657679],[-0.578331,0.329536,0.746283]]],"btipPosition":[-53.0546,294.815,-51.3636],"carpPosition":[-54.6458,306.548,47.3205],"dipPosition":[-66.5013,302.477,-34.0119],"direction":[0.0426304,-0.12913,-0.990711],"extended":false,"handId":183,"id":1830,"length":51.776,"mcpPosition":[-54.6458,306.548,47.3205],"pipPosition":[-67.9453,306.851,-0.453606],"stabilizedTipPosition":[-57.8432,275.068,58.2889],"timeVisible":0.877047,"tipPosition":[-55.4868,295.576,-47.285],"tipVelocity":[-2.35287,30.0197,-177.028],"tool":false,"touchDistance":-0.574668,"touchZone":"hovering","type":0,"width":20.1178},{"bases":[[[0.989143,-0.0557284,-0.13598],[0.0798314,0.980639,0.178814],[0.123383,-0.187728,0.974441]],[[0.996785,-0.077311,-0.0210306],[0.0788249,0.993293,0.084592],[0.0143497,-0.0859778,0.996194]],[[0.996785,-0.077311,-0.0210306],[0.0766643,0.996606,-0.029992],[0.023278,0.0282833,0.999329]],[[0.996785,-0.077311,-0.0210306],[0.0742879,0.990132,-0.11883],[0.03001,0.116885,0.992692]]],"btipPosition":[-54.8831,342.059,-110.9],"carpPosition":[-44.1843,327.331,43.6867],"dipPosition":[-54.3737,344.043,-94.0502],"direction":[-0.023278,-0.0282833,-0.999329],"extended":true,"handId":183,"id":1831,"length":58.4235,"mcpPosition":[-53.2023,341.052,-27.5344],"pipPosition":[-53.8147,344.722,-70.0538],"stabilizedTipPosition":[-58.6681,322.211,-5.06275],"timeVisible":0.877047,"tipPosition":[-54.3309,341.156,-106.959],"tipVelocity":[-5.08764,39.024,-172.36],"tool":false,"touchDistance":-0.572805,"touchZone":"hovering","type":1,"width":19.2165},{"bases":[[[0.968519,-0.246932,-0.0315575],[0.248598,0.95274,0.174601],[-0.0130485,-0.17695,0.984133]],[[0.9673,-0.253556,0.00632499],[0.155167,0.571858,-0.805544],[0.200634,0.780184,0.592502]],[[0.9673,-0.253556,0.00632499],[-0.0783716,-0.322513,-0.943315],[0.241223,0.911973,-0.331839]],[[0.9673,-0.253556,0.00632499],[-0.183856,-0.71814,-0.671172],[0.174722,0.648062,-0.741274]]],"btipPosition":[-50.9313,265.467,-31.598],"carpPosition":[-32.1516,328.425,41.7733],"dipPosition":[-47.6694,277.566,-45.437],"direction":[-0.241223,-0.911973,0.331839],"extended":false,"handId":183,"id":1832,"length":66.5689,"mcpPosition":[-31.2472,340.69,-26.4394],"pipPosition":[-40.8547,303.33,-54.8117],"stabilizedTipPosition":[-56.7897,251.703,76.7153],"timeVisible":0.877047,"tipPosition":[-50.1306,268.418,-35.3767],"tipVelocity":[39.9984,-13.591,-114.742],"tool":false,"touchDistance":0.333333,"touchZone":"none","type":2,"width":18.8731},{"bases":[[[0.934528,-0.341394,0.100538],[0.316616,0.926537,0.203183],[-0.162518,-0.158049,0.973965]],[[0.929061,-0.346114,0.13058],[0.288402,0.456625,-0.841616],[0.231669,0.819572,0.524052]],[[0.929061,-0.346114,0.13058],[-0.0295834,-0.421373,-0.906405],[0.368742,0.838242,-0.40172]],[[0.929061,-0.346114,0.13058],[-0.193438,-0.755424,-0.626032],[0.315322,0.556363,-0.768787]]],"btipPosition":[-36.3268,266.482,-17.8023],"carpPosition":[-20.156,326.422,40.7441],"dipPosition":[-30.4738,276.81,-32.0725],"direction":[-0.368742,-0.838242,0.40172],"extended":false,"handId":183,"id":1833,"length":64.0077,"mcpPosition":[-10.0424,336.258,-19.8667],"pipPosition":[-20.3256,299.879,-43.1282],"stabilizedTipPosition":[-39.4057,251.326,81.3639],"timeVisible":0.877047,"tipPosition":[-34.7383,268.977,-22.2544],"tipVelocity":[26.2009,4.02531,-102.172],"tool":false,"touchDistance":0.333333,"touchZone":"none","type":3,"width":17.959},{"bases":[[[0.84419,-0.505759,0.177625],[0.442505,0.844531,0.301591],[-0.302542,-0.176,0.936745]],[[0.849845,-0.502285,0.159602],[0.401576,0.421016,-0.813316],[0.341321,0.755285,0.559504]],[[0.849845,-0.502285,0.159602],[-0.0571788,-0.388917,-0.919497],[0.523922,0.772304,-0.359239]],[[0.849845,-0.502285,0.159602],[-0.281989,-0.689198,-0.66745],[0.445248,0.522222,-0.72735]]],"btipPosition":[-21.6478,277.044,-13.3484],"carpPosition":[-9.28125,317.386,40.8329],"dipPosition":[-14.0232,285.986,-25.8037],"direction":[-0.523922,-0.772304,0.359239],"extended":false,"handId":183,"id":1834,"length":50.1809,"mcpPosition":[8.14717,327.525,-13.1297],"pipPosition":[-3.84287,300.993,-32.7841],"stabilizedTipPosition":[-21.5178,262.277,77.9045],"timeVisible":0.877047,"tipPosition":[-19.6689,279.144,-16.7537],"tipVelocity":[16.4122,15.8178,-116.527],"tool":false,"touchDistance":0.333333,"touchZone":"none","type":4,"width":15.9526}],"r":[[0.869656,-0.126576,0.477155],[0.120859,0.991746,0.0428077],[-0.478635,0.0204404,0.877776]],"s":0.995975,"t":[65.3505,159.304,-167.882],"timestamp":2510305401},false],[2,{"currentFrameRate":110.543,"devices":[],"gestures":[],"hands":[{"armBasis":[[0.915092,0.202283,-0.348839],[0.0666213,0.77735,0.625531],[0.397704,-0.595658,0.69787]],"armWidth":63.3039,"confidence":0.747911,"direction":[0.0618306,0.323588,-0.944176],"elbow":[80.8975,154.439,233.58],"grabStrength":0,"id":183,"palmNormal":[-0.0926853,-0.940036,-0.328239],"palmPosition":[-30.388,328.358,-5.88835],"palmVelocity":[-15.3239,2.31584,-176.774],"palmWidth":90.3958,"pinchStrength":0.78886,"r":[[0.868877,-0.122758,0.479565],[0.11485,0.992321,0.0459251],[-0.48152,0.0151749,0.876304]],"s":1.00231,"sphereCenter":[-28.123,290.282,-38.3006],"sphereRadius":47.5592,"stabilizedPalmPosition":[-25.2967,310.241,92.4631],"t":[65.1858,159.287,-169.398],"timeVisible":0.886028,"type":"right","wrist":[-25.7815,314.216,46.3859]}],"id":236439,"interactionBox":{"center":[0,200,0],"size":[235.247,235.247,147.751]},"pointables":[{"bases":[[[0.494857,0.860556,0.120667],[-0.782463,0.380874,0.492632],[0.377978,-0.338199,0.861832]],[[0.387638,0.917075,-0.0933309],[-0.883184,0.398488,0.247373],[0.264051,-0.0134628,0.964415]],[[0.387638,0.917075,-0.0933309],[-0.920528,0.379769,-0.0916695],[-0.0486236,0.121448,0.991406]],[[0.387638,0.917075,-0.0933309],[-0.709678,0.232283,-0.665133],[-0.588297,0.324066,0.74087]]],"btipPosition":[-52.901,295.103,-53.3573],"carpPosition":[-55.1317,306.084,45.2772],"dipPosition":[-66.5794,302.637,-36.1315],"direction":[0.0486236,-0.121448,-0.991406],"extended":false,"handId":183,"id":1830,"length":51.776,"mcpPosition":[-55.1317,306.084,45.2772],"pipPosition":[-68.2264,306.751,-2.54967],"stabilizedTipPosition":[-57.8432,275.068,58.2885],"timeVisible":0.886028,"tipPosition":[-55.4314,295.86,-49.3477],"tipVelocity":[1.35326,29.6793,-190.236],"tool":false,"touchDistance":-0.575875,"touchZone":"hovering","type":0,"width":20.1178},{"bases":[[[0.990047,-0.051945,-0.130797],[0.0759501,0.979641,0.185836],[0.118481,-0.19392,0.973836]],[[0.997107,-0.074027,-0.0172758],[0.0753399,0.992624,0.0949866],[0.0101168,-0.0960134,0.995329]],[[0.997107,-0.074027,-0.0172758],[0.0736801,0.997083,-0.019921],[0.0187001,0.0185905,0.999652]],[[0.997107,-0.074027,-0.0172758],[0.0717136,0.99143,-0.109198],[0.0252114,0.107643,0.99387]]],"btipPosition":[-54.6796,342.918,-112.692],"carpPosition":[-44.7111,326.92,41.8417],"dipPosition":[-54.2516,344.746,-95.8218],"direction":[-0.0187001,-0.0185905,-0.999652],"extended":true,"handId":183,"id":1831,"length":58.4235,"mcpPosition":[-53.3708,341.094,-29.3351],"pipPosition":[-53.8026,345.192,-71.8176],"stabilizedTipPosition":[-58.668,322.212,-5.06498],"timeVisible":0.886028,"tipPosition":[-54.1443,341.99,-108.759],"tipVelocity":[1.94553,53.4698,-179.654],"tool":false,"touchDistance":-0.570662,"touchZone":"hovering","type":1,"width":19.2165},{"bases":[[[0.969401,-0.243905,-0.0277769],[0.244819,0.952261,0.182383],[-0.0180333,-0.183603,0.982835]],[[0.967967,-0.250859,0.0104529],[0.155213,0.565145,-0.810259],[0.197353,0.785927,0.585979]],[[0.967967,-0.250859,0.0104529],[-0.0757694,-0.331549,-0.94039],[0.239371,0.909475,-0.339936]],[[0.967967,-0.250859,0.0104529],[-0.18003,-0.722481,-0.667541],[0.175011,0.644276,-0.7445]]],"btipPosition":[-50.9013,265.432,-32.6766],"carpPosition":[-32.6712,328.062,40.0033],"dipPosition":[-47.634,277.46,-46.5759],"direction":[-0.239371,-0.909475,0.339936],"extended":false,"handId":183,"id":1832,"length":66.5689,"mcpPosition":[-31.4212,340.788,-28.1194],"pipPosition":[-40.8716,303.153,-56.1793],"stabilizedTipPosition":[-56.7896,251.704,76.7127],"timeVisible":0.886028,"tipPosition":[-50.0827,268.414,-36.7656],"tipVelocity":[29.9881,-11.4457,-116.633],"tool":false,"touchDistance":0.333333,"touchZone":"none","type":2,"width":18.8731},{"bases":[[[0.934949,-0.339352,0.103489],[0.312753,0.926063,0.21117],[-0.167498,-0.165067,0.971955]],[[0.929151,-0.344429,0.134338],[0.290993,0.457215,-0.840403],[0.228038,0.819953,0.525048]],[[0.929151,-0.344429,0.134338],[-0.0252217,-0.42158,-0.90644],[0.368839,0.838832,-0.400399]],[[0.929151,-0.344429,0.134338],[-0.189084,-0.754982,-0.627893],[0.317687,0.558006,-0.766618]]],"btipPosition":[-36.4104,266.534,-19.514],"carpPosition":[-20.6642,326.101,39.028],"dipPosition":[-30.5135,276.892,-33.744],"direction":[-0.368839,-0.838832,0.400399],"extended":false,"handId":183,"id":1833,"length":64.0077,"mcpPosition":[-10.2406,336.374,-21.4577],"pipPosition":[-20.3627,299.978,-44.7634],"stabilizedTipPosition":[-39.4057,251.326,81.3633],"timeVisible":0.886028,"tipPosition":[-34.8017,269.035,-24.0066],"tipVelocity":[16.7767,4.7211,-126.127],"tool":false,"touchDistance":0.333333,"touchZone":"none","type":3,"width":17.959},{"bases":[[[0.844665,-0.504493,0.178963],[0.438329,0.843762,0.30973],[-0.307259,-0.183174,0.93383]],[[0.849883,-0.50123,0.16269],[0.403145,0.419596,-0.813274],[0.339373,0.756775,0.558675]],[[0.849883,-0.50123,0.16269],[-0.0546864,-0.390948,-0.918787],[0.524127,0.771964,-0.359671]],[[0.849883,-0.50123,0.16269],[-0.278765,-0.689615,-0.668372],[0.447202,0.522686,-0.725817]]],"btipPosition":[-21.8274,277.113,-14.8849],"carpPosition":[-9.76359,317.096,39.1173],"dipPosition":[-14.1694,286.064,-27.314],"direction":[-0.524127,-0.771964,0.359671],"extended":false,"handId":183,"id":1834,"length":50.1809,"mcpPosition":[7.93654,327.648,-14.6774],"pipPosition":[-3.98504,301.064,-34.3027],"stabilizedTipPosition":[-21.5178,262.278,77.9041],"timeVisible":0.886028,"tipPosition":[-19.819,279.219,-18.3977],"tipVelocity":[6.66695,13.6612,-131.295],"tool":false,"touchDistance":0.333333,"touchZone":"none","type":4,"width":15.9526}],"r":[[0.868877,-0.122758,0.479565],[0.11485,0.992321,0.0459251],[-0.48152,0.0151749,0.876304]],"s":1.00231,"t":[65.1858,159.287,-169.398],"timestamp":2510314382},false],[3,{"currentFrameRate":101.088,"devices":[],"gestures":[],"hands":[{"armBasis":[[0.918185,0.188232,-0.348577],[0.0703047,0.788512,0.610988],[0.389864,-0.585506,0.710766]],"armWidth":63.3039,"confidence":0.787526,"direction":[0.0615357,0.33042,-0.941826],"elbow":[78.6083,156.753,232.02],"grabStrength":0,"id":183,"palmNormal":[-0.0940681,-0.937494,-0.335047],"palmPosition":[-30.5952,328.337,-10.7991],"palmVelocity":[-10.4937,0.395344,-178.477],"palmWidth":90.3958,"pinchStrength":0.77079,"r":[[0.868277,-0.120622,0.481191],[0.110279,0.99265,0.0498415],[-0.483666,0.00978893,0.875198]],"s":1.00796,"sphereCenter":[-28.7858,290.715,-43.4802],"sphereRadius":47.47,"stabilizedPalmPosition":[-25.2968,310.241,92.4629],"t":[64.9999,159.268,-172.612],"timeVisible":0.913385,"type":"right","wrist":[-25.9677,313.807,41.3668]}],"id":236440,"interactionBox":{"center":[0,200,0],"size":[235.247,235.247,147.751]},"pointables":[{"bases":[[[0.495992,0.859049,0.126601],[-0.78164,0.378203,0.495985],[0.378195,-0.344961,0.859052]],[[0.389482,0.917058,-0.0854863],[-0.881369,0.398044,0.254461],[0.267383,-0.0237627,0.963297]],[[0.389482,0.917058,-0.0854863],[-0.919862,0.382626,-0.0863138],[-0.0464455,0.112253,0.992594]],[[0.389482,0.917058,-0.0854863],[-0.705029,0.237128,-0.66836],[-0.592654,0.320584,0.738909]]],"btipPosition":[-53.2356,295.641,-58.3536],"carpPosition":[-55.3286,305.718,40.2202],"dipPosition":[-67.0153,303.094,-41.1734],"direction":[0.0464455,-0.112253,-0.992594],"extended":false,"handId":183,"id":1830,"length":51.776,"mcpPosition":[-55.3286,305.718,40.2202],"pipPosition":[-68.5885,306.897,-7.55129],"stabilizedTipPosition":[-57.8432,275.068,58.2879],"timeVisible":0.913385,"tipPosition":[-55.8124,296.397,-54.4058],"tipVelocity":[-7.64171,23.0166,-185.737],"tool":false,"touchDistance":-0.621722,"touchZone":"hovering","type":0,"width":20.1178},{"bases":[[[0.989888,-0.0521844,-0.131905],[0.0772772,0.978161,0.19295],[0.118955,-0.201192,0.972302]],[[0.996996,-0.0747971,-0.0201162],[0.0765147,0.991442,0.105777],[0.0120322,-0.106999,0.994186]],[[0.996996,-0.0747971,-0.0201162],[0.0746105,0.997164,-0.00987291],[0.0207976,0.00834237,0.999749]],[[0.996996,-0.0747971,-0.0201162],[0.0724328,0.992355,-0.0999253],[0.0274365,0.0981681,0.994792]]],"btipPosition":[-55.0582,343.972,-117.461],"carpPosition":[-44.8852,326.567,36.9297],"dipPosition":[-54.5925,345.639,-100.575],"direction":[-0.0207976,-0.00834237,-0.999749],"extended":true,"handId":183,"id":1831,"length":58.4235,"mcpPosition":[-53.5795,341.272,-34.135],"pipPosition":[-54.0931,345.839,-76.5687],"stabilizedTipPosition":[-58.6678,322.213,-5.07248],"timeVisible":0.913385,"tipPosition":[-54.5193,343.042,-113.542],"tipVelocity":[-7.6923,43.318,-176.254],"tool":false,"touchDistance":-0.613412,"touchZone":"hovering","type":1,"width":19.2165},{"bases":[[[0.969083,-0.244869,-0.030278],[0.24611,0.950602,0.189172],[-0.01754,-0.190775,0.981477]],[[0.967654,-0.252149,0.00816434],[0.152441,0.558613,-0.8153],[0.201017,0.790172,0.578982]],[[0.967654,-0.252149,0.00816434],[-0.080528,-0.339381,-0.937196],[0.239084,0.906223,-0.348709]],[[0.967654,-0.252149,0.00816434],[-0.18347,-0.725563,-0.663248],[0.173161,0.640296,-0.748355]]],"btipPosition":[-51.2424,265.538,-36.8401],"carpPosition":[-32.8452,327.708,35.0908],"dipPosition":[-48.0096,277.491,-50.8114],"direction":[-0.239084,-0.906223,0.348709],"extended":false,"handId":183,"id":1832,"length":66.5689,"mcpPosition":[-31.6295,340.931,-32.9377],"pipPosition":[-41.2553,303.093,-60.6626],"stabilizedTipPosition":[-56.7895,251.704,76.7103],"timeVisible":0.913385,"tipPosition":[-50.4273,268.521,-41.1487],"tipVelocity":[3.35461,-2.29737,-139.167],"tool":false,"touchDistance":0.333333,"touchZone":"none","type":2,"width":18.8731},{"bases":[[[0.934611,-0.341233,0.100311],[0.314033,0.924112,0.217716],[-0.16699,-0.171979,0.970844]],[[0.92881,-0.346545,0.131221],[0.291079,0.463175,-0.837103],[0.229315,0.815705,0.531074]],[[0.92881,-0.346545,0.131221],[-0.0262396,-0.414739,-0.909562],[0.369626,0.841367,-0.394307]],[[0.92881,-0.346545,0.131221],[-0.190372,-0.750066,-0.633372],[0.317916,0.563301,-0.762641]]],"btipPosition":[-36.7018,266.623,-24.8895],"carpPosition":[-20.8413,325.74,34.0924],"dipPosition":[-30.8007,277.079,-39.0456],"direction":[-0.369626,-0.841367,0.394307],"extended":false,"handId":183,"id":1833,"length":64.0077,"mcpPosition":[-10.4493,336.442,-26.3242],"pipPosition":[-20.6281,300.235,-49.8974],"stabilizedTipPosition":[-39.4057,251.327,81.3626],"timeVisible":0.913385,"tipPosition":[-35.0967,269.153,-29.3417],"tipVelocity":[-0.29117,4.32072,-169.585],"tool":false,"touchDistance":0.333333,"touchZone":"none","type":3,"width":17.959},{"bases":[[[0.844181,-0.506813,0.17464],[0.439581,0.840939,0.315578],[-0.306801,-0.189637,0.93269]],[[0.848879,-0.503783,0.160021],[0.402456,0.419727,-0.813547],[0.342685,0.755005,0.559048]],[[0.848879,-0.503783,0.160021],[-0.0579659,-0.38963,-0.919145],[0.525399,0.770968,-0.359951]],[[0.848879,-0.503783,0.160021],[-0.281657,-0.687276,-0.669568],[0.447296,0.523311,-0.725308]]],"btipPosition":[-22.1845,277.181,-19.8453],"carpPosition":[-9.95163,316.721,34.1076],"dipPosition":[-14.5249,286.143,-32.2656],"direction":[-0.525399,-0.770968,0.359951],"extended":false,"handId":183,"id":1834,"length":50.1809,"mcpPosition":[7.72209,327.645,-19.6214],"pipPosition":[-4.31587,301.123,-39.2598],"stabilizedTipPosition":[-21.5178,262.278,77.9037],"timeVisible":0.913385,"tipPosition":[-20.1732,279.286,-23.4013],"tipVelocity":[-5.61329,6.75042,-162.42],"tool":false,"touchDistance":0.333333,"touchZone":"none","type":4,"width":15.9526}],"r":[[0.868277,-0.120622,0.481191],[0.110279,0.99265,0.0498415],[-0.483666,0.00978893,0.875198]],"s":1.00796,"t":[64.9999,159.268,-172.612],"timestamp":2510341739},false],[4,{"currentFrameRate":101.646,"devices":[],"gestures":[],"hands":[{"armBasis":[[0.918683,0.188307,-0.34722],[0.0687124,0.789458,0.609946],[0.388973,-0.584205,0.712323]],"armWidth":63.3039,"confidence":0.791769,"direction":[0.0622524,0.330507,-0.941748],"elbow":[78.2922,157.109,231.554],"grabStrength":0,"id":183,"palmNormal":[-0.0924949,-0.937607,-0.335168],"palmPosition":[-30.6278,328.339,-11.6887],"palmVelocity":[-8.6778,0.355808,-157.819],"palmWidth":90.3958,"pinchStrength":0.764772,"r":[[0.867701,-0.118705,0.482705],[0.106354,0.992915,0.0529951],[-0.485576,0.00535365,0.874178]],"s":1.0123,"sphereCenter":[-28.8604,290.792,-44.3644],"sphereRadius":47.4403,"stabilizedPalmPosition":[-25.2968,310.241,92.4629],"t":[64.8906,159.259,-174.664],"timeVisible":0.922148,"type":"right","wrist":[-26.0448,313.815,40.4826]}],"id":236441,"interactionBox":{"center":[0,200,0],"size":[235.247,235.247,147.751]},"pointables":[{"bases":[[[0.494766,0.859666,0.127203],[-0.782706,0.377221,0.495051],[0.377595,-0.344497,0.859502]],[[0.388702,0.917477,-0.0845403],[-0.881833,0.397044,0.254415],[0.266986,-0.0243415,0.963393]],[[0.388702,0.917477,-0.0845403],[-0.920135,0.38181,-0.087019],[-0.0475595,0.111613,0.992613]],[[0.388702,0.917477,-0.0845403],[-0.703545,0.236311,-0.67021],[-0.594925,0.31999,0.73734]]],"btipPosition":[-53.191,295.676,-59.242],"carpPosition":[-55.3942,305.689,39.3007],"dipPosition":[-67.0235,303.116,-42.0983],"direction":[0.0475595,-0.111613,-0.992613],"extended":false,"handId":183,"id":1830,"length":51.776,"mcpPosition":[-55.3942,305.689,39.3007],"pipPosition":[-68.6345,306.896,-8.47553],"stabilizedTipPosition":[-57.8432,275.068,58.2878],"timeVisible":0.922148,"tipPosition":[-55.7849,296.435,-55.3106],"tipVelocity":[-4.5963,17.8119,-163.351],"tool":false,"touchDistance":-0.601335,"touchZone":"hovering","type":0,"width":20.1178},{"bases":[[[0.99011,-0.0509464,-0.130718],[0.0758236,0.978255,0.193051],[0.11804,-0.201053,0.972442]],[[0.997109,-0.0734423,-0.0194726],[0.0751141,0.991405,0.107121],[0.0114381,-0.108274,0.994055]],[[0.997109,-0.0734423,-0.0194726],[0.0732849,0.997273,-0.00867954],[0.020057,0.0072274,0.999773]],[[0.997109,-0.0734423,-0.0194726],[0.0711751,0.992549,-0.0988946],[0.0265906,0.0972227,0.994907]]],"btipPosition":[-55.0215,344.043,-118.375],"carpPosition":[-44.9729,326.551,36.0229],"dipPosition":[-54.5702,345.694,-101.487],"direction":[-0.020057,-0.0072274,-0.999773],"extended":true,"handId":183,"id":1831,"length":58.4235,"mcpPosition":[-53.6003,341.246,-35.0521],"pipPosition":[-54.0885,345.867,-77.4802],"stabilizedTipPosition":[-58.6677,322.214,-5.07471],"timeVisible":0.922148,"tipPosition":[-54.4848,343.117,-114.458],"tipVelocity":[-4.60483,33.7502,-156.926],"tool":false,"touchDistance":-0.594107,"touchZone":"hovering","type":1,"width":19.2165},{"bases":[[[0.969424,-0.243658,-0.0291179],[0.244695,0.950907,0.189475],[-0.0184787,-0.190807,0.981454]],[[0.967954,-0.250953,0.00938913],[0.151778,0.55482,-0.818009],[0.200072,0.79322,0.575129]],[[0.967954,-0.250953,0.00938913],[-0.0801728,-0.344235,-0.935454],[0.237987,0.904724,-0.353323]],[[0.967954,-0.250953,0.00938913],[-0.182441,-0.728403,-0.660412],[0.172571,0.637536,-0.750845]]],"btipPosition":[-51.177,265.487,-37.3695],"carpPosition":[-32.9321,327.707,34.1985],"dipPosition":[-47.9552,277.389,-51.3872],"direction":[-0.237987,-0.904724,0.353323],"extended":false,"handId":183,"id":1832,"length":66.5689,"mcpPosition":[-31.6513,340.932,-33.8284],"pipPosition":[-41.2319,302.948,-61.3689],"stabilizedTipPosition":[-56.7894,251.704,76.7097],"timeVisible":0.922148,"tipPosition":[-50.3619,268.462,-41.7512],"tipVelocity":[4.3792,-3.60373,-118.354],"tool":false,"touchDistance":0.333333,"touchZone":"none","type":2,"width":18.8731},{"bases":[[[0.934915,-0.340067,0.101428],[0.312617,0.924501,0.218101],[-0.167939,-0.172198,0.970641]],[[0.92908,-0.345388,0.13235],[0.291522,0.463551,-0.836741],[0.22765,0.815983,0.531364]],[[0.92908,-0.345388,0.13235],[-0.0246164,-0.414766,-0.909595],[0.369058,0.841829,-0.393853]],[[0.92908,-0.345388,0.13235],[-0.188669,-0.750303,-0.6336],[0.31814,0.563695,-0.762256]]],"btipPosition":[-36.6406,266.618,-25.7874],"carpPosition":[-20.9246,325.753,33.2144],"dipPosition":[-30.7353,277.082,-39.9364],"direction":[-0.369058,-0.841829,0.393853],"extended":false,"handId":183,"id":1833,"length":64.0077,"mcpPosition":[-10.4736,336.469,-27.1895],"pipPosition":[-20.5784,300.25,-50.7756],"stabilizedTipPosition":[-39.4057,251.327,81.3624],"timeVisible":0.922148,"tipPosition":[-35.0339,269.15,-30.2345],"tipVelocity":[1.69096,3.06451,-151.517],"tool":false,"touchDistance":0.333333,"touchZone":"none","type":3,"width":17.959},{"bases":[[[0.844604,-0.505759,0.175648],[0.438151,0.841484,0.316113],[-0.307682,-0.19003,0.93232]],[[0.84928,-0.502747,0.161147],[0.402948,0.420058,-0.813132],[0.341109,0.755511,0.559328]],[[0.84928,-0.502747,0.161147],[-0.0564501,-0.389961,-0.919099],[0.524915,0.771476,-0.359566]],[[0.84928,-0.502747,0.161147],[-0.28009,-0.687805,-0.669682],[0.447518,0.523613,-0.724953]]],"btipPosition":[-22.1449,277.199,-20.7123],"carpPosition":[-10.0237,316.748,33.2426],"dipPosition":[-14.4815,286.165,-33.1266],"direction":[-0.524915,-0.771476,0.359566],"extended":false,"handId":183,"id":1834,"length":50.1809,"mcpPosition":[7.7008,327.695,-20.4651],"pipPosition":[-4.28178,301.156,-40.1133],"stabilizedTipPosition":[-21.5178,262.278,77.9036],"timeVisible":0.922148,"tipPosition":[-20.1345,279.303,-24.2616],"tipVelocity":[-2.8646,5.50494,-145.338],"tool":false,"touchDistance":0.333333,"touchZone":"none","type":4,"width":15.9526}],"r":[[0.867701,-0.118705,0.482705],[0.106354,0.992915,0.0529951],[-0.485576,0.00535365,0.874178]],"s":1.0123,"t":[64.8906,159.259,-174.664],"timestamp":2510350502},false],[5,{"currentFrameRate":102.126,"devices":[],"gestures":[],"hands":[{"armBasis":[[0.918812,0.181036,-0.350728],[0.0739329,0.793934,0.603492],[0.387708,-0.580426,0.716092]],"armWidth":63.3039,"confidence":0.795399,"direction":[0.0650267,0.333016,-0.940676],"elbow":[77.8333,158.031,231.012],"grabStrength":0,"id":183,"palmNormal":[-0.0978012,-0.936006,-0.338124],"palmPosition":[-30.6161,328.434,-13.2009],"palmVelocity":[-5.96664,3.17114,-161.243],"palmWidth":90.3958,"pinchStrength":0.763449,"r":[[0.867011,-0.118508,0.483991],[0.104384,0.992951,0.0561396],[-0.487233,0.0018472,0.87327]],"s":1.01601,"sphereCenter":[-29.4108,291.179,-45.9899],"sphereRadius":47.356,"stabilizedPalmPosition":[-25.2968,310.241,92.4629],"t":[64.8418,159.303,-176.446],"timeVisible":0.93102,"type":"right","wrist":[-26.1644,313.723,38.9294]}],"id":236442,"interactionBox":{"center":[0,200,0],"size":[235.247,235.247,147.751]},"pointables":[{"bases":[[[0.499777,0.856304,0.130257],[-0.780864,0.380366,0.495554],[0.374799,-0.349379,0.858755]],[[0.394384,0.915356,-0.0811427],[-0.879415,0.401564,0.255686],[0.266628,-0.0294802,0.963349]],[[0.394384,0.915356,-0.0811427],[-0.917678,0.387665,-0.0870778],[-0.048251,0.108805,0.992891]],[[0.394384,0.915356,-0.0811427],[-0.699946,0.242008,-0.671943],[-0.59543,0.321799,0.736144]]],"btipPosition":[-53.3046,296.071,-60.8241],"carpPosition":[-55.5607,305.776,37.698],"dipPosition":[-67.1488,303.553,-43.7082],"direction":[0.048251,-0.108805,-0.992891],"extended":false,"handId":183,"id":1830,"length":51.776,"mcpPosition":[-55.5607,305.776,37.698],"pipPosition":[-68.7832,307.238,-10.076],"stabilizedTipPosition":[-57.8432,275.068,58.2876],"timeVisible":0.93102,"tipPosition":[-55.9331,296.859,-56.9159],"tipVelocity":[-6.90362,25.3556,-167.609],"tool":false,"touchDistance":-0.593363,"touchZone":"hovering","type":0,"width":20.1178},{"bases":[[[0.989899,-0.0564541,-0.130047],[0.0814941,0.977188,0.196119],[0.116009,-0.204736,0.971918]],[[0.996665,-0.0790824,-0.02011],[0.0808623,0.990247,0.113454],[0.0109417,-0.114702,0.99334]],[[0.996665,-0.0790824,-0.02011],[0.0790599,0.996868,-0.00191362],[0.0201984,0.000317342,0.999796]],[[0.996665,-0.0790824,-0.02011],[0.0769195,0.992788,-0.0919481],[0.0272365,0.0900947,0.995561]]],"btipPosition":[-54.9056,344.908,-119.848],"carpPosition":[-45.0123,326.586,34.4931],"dipPosition":[-54.4433,346.438,-102.949],"direction":[-0.0201984,-0.000317342,-0.999796],"extended":true,"handId":183,"id":1831,"length":58.4235,"mcpPosition":[-53.4913,341.55,-36.5436],"pipPosition":[-53.9583,346.445,-78.9412],"stabilizedTipPosition":[-58.6676,322.214,-5.07751],"timeVisible":0.93102,"tipPosition":[-54.3795,343.949,-115.936],"tipVelocity":[0.264098,50.1917,-159.307],"tool":false,"touchDistance":-0.585082,"touchZone":"hovering","type":1,"width":19.2165},{"bases":[[[0.967978,-0.24935,-0.0290569],[0.250202,0.948844,0.1926],[-0.0204543,-0.193703,0.980847]],[[0.96643,-0.256757,0.00944609],[0.155507,0.555269,-0.817003],[0.204526,0.791045,0.576556]],[[0.96643,-0.256757,0.00944609],[-0.0818223,-0.342413,-0.93598],[0.243554,0.903786,-0.351926]],[[0.96643,-0.256757,0.00944609],[-0.186467,-0.726205,-0.661707],[0.176758,0.637732,-0.749703]]],"btipPosition":[-51.52,265.783,-38.9728],"carpPosition":[-32.9633,327.675,32.6822],"dipPosition":[-48.22,277.689,-52.9692],"direction":[-0.243554,-0.903786,0.351926],"extended":false,"handId":183,"id":1832,"length":66.5689,"mcpPosition":[-31.5456,341.101,-35.3027],"pipPosition":[-41.3395,303.221,-62.9114],"stabilizedTipPosition":[-56.7894,251.704,76.7093],"timeVisible":0.93102,"tipPosition":[-50.6874,268.752,-43.3298],"tipVelocity":[-6.74608,6.44811,-135.121],"tool":false,"touchDistance":0.333333,"touchZone":"none","type":2,"width":18.8731},{"bases":[[[0.932783,-0.34595,0.101164],[0.317941,0.921946,0.221201],[-0.169792,-0.174168,0.969967]],[[0.926743,-0.351452,0.132773],[0.29417,0.458992,-0.838326],[0.233689,0.815971,0.528755]],[[0.926743,-0.351452,0.132773],[-0.0282806,-0.417663,-0.908162],[0.374629,0.837878,-0.397005]],[[0.926743,-0.351452,0.132773],[-0.194006,-0.75032,-0.631966],[0.321728,0.559912,-0.763538]]],"btipPosition":[-37.0556,266.82,-27.0313],"carpPosition":[-20.9668,325.653,31.7022],"dipPosition":[-31.0837,277.213,-41.204],"direction":[-0.374629,-0.837878,0.397005],"extended":false,"handId":183,"id":1833,"length":64.0077,"mcpPosition":[-10.4005,336.492,-28.6598],"pipPosition":[-20.7735,300.273,-52.1301],"stabilizedTipPosition":[-39.4056,251.327,81.3623],"timeVisible":0.93102,"tipPosition":[-35.4284,269.328,-31.5333],"tipVelocity":[-10.9866,7.90903,-148.616],"tool":false,"touchDistance":0.333333,"touchZone":"none","type":3,"width":17.959},{"bases":[[[0.841421,-0.511328,0.174798],[0.442894,0.837881,0.319062],[-0.309606,-0.191049,0.931475]],[[0.846085,-0.508328,0.160447],[0.406085,0.419683,-0.811764],[0.345306,0.751976,0.561512]],[[0.846085,-0.508328,0.160447],[-0.0582861,-0.387418,-0.92006],[0.529853,0.769096,-0.357417]],[[0.846085,-0.508328,0.160447],[-0.283887,-0.684465,-0.671502],[0.451164,0.522599,-0.723424]]],"btipPosition":[-22.436,277.28,-22.3391],"carpPosition":[-10.1199,316.583,31.7118],"dipPosition":[-14.7102,286.229,-34.7271],"direction":[-0.529853,-0.769096,0.357417],"extended":false,"handId":183,"id":1834,"length":50.1809,"mcpPosition":[7.71543,327.589,-21.9472],"pipPosition":[-4.41457,301.173,-41.6721],"stabilizedTipPosition":[-21.5178,262.278,77.9036],"timeVisible":0.93102,"tipPosition":[-20.4148,279.377,-25.8768],"tipVelocity":[-10.5506,6.37139,-155.468],"tool":false,"touchDistance":0.333333,"touchZone":"none","type":4,"width":15.9526}],"r":[[0.867011,-0.118508,0.483991],[0.104384,0.992951,0.0561396],[-0.487233,0.0018472,0.87327]],"s":1.01601,"t":[64.8418,159.303,-176.446],"timestamp":2510359374},false],[6,{"currentFrameRate":102.396,"devices":[],"gestures":[],"hands":[{"armBasis":[[0.91953,0.175444,-0.351687],[0.0772602,0.796681,0.599441],[0.385351,-0.578376,0.719018]],"armWidth":63.3039,"confidence":0.805952,"direction":[0.0665906,0.33188,-0.940968],"elbow":[77.1057,158.567,230.711],"grabStrength":0,"id":183,"palmNormal":[-0.101367,-0.935932,-0.337277],"palmPosition":[-30.6394,328.389,-14.3007],"palmVelocity":[-4.99642,0.901166,-149.339],"palmWidth":90.3958,"pinchStrength":0.762682,"r":[[0.866337,-0.118942,0.485091],[0.103578,0.992901,0.0584728],[-0.488603,-0.000412548,0.872506]],"s":1.01877,"sphereCenter":[-29.7371,291.179,-47.0577],"sphereRadius":47.3184,"stabilizedPalmPosition":[-25.2968,310.241,92.4629],"t":[64.8057,159.302,-177.887],"timeVisible":0.940271,"type":"right","wrist":[-26.2597,313.709,37.8445]}],"id":236443,"interactionBox":{"center":[0,200,0],"size":[235.247,235.247,147.751]},"pointables":[{"bases":[[[0.503087,0.854464,0.129598],[-0.779508,0.38388,0.494978],[0.373191,-0.350039,0.859186]],[[0.398145,0.913686,-0.0815969],[-0.877634,0.405291,0.255926],[0.266907,-0.0302837,0.963246]],[[0.398145,0.913686,-0.0815969],[-0.916025,0.391277,-0.0883163],[-0.0487664,0.109908,0.992745]],[[0.398145,0.913686,-0.0815969],[-0.696872,0.24342,-0.674623],[-0.596531,0.325461,0.733639]]],"btipPosition":[-53.4012,296.088,-61.8415],"carpPosition":[-55.6865,305.876,36.6123],"dipPosition":[-67.271,303.655,-44.7839],"direction":[0.0487664,-0.109908,-0.992745],"extended":false,"handId":183,"id":1830,"length":51.776,"mcpPosition":[-55.6865,305.876,36.6123],"pipPosition":[-68.9229,307.378,-11.1567],"stabilizedTipPosition":[-57.8432,275.068,58.2875],"timeVisible":0.940271,"tipPosition":[-56.0701,296.92,-57.9622],"tipVelocity":[-8.07852,19.3504,-151.819],"tool":false,"touchDistance":-0.577822,"touchZone":"hovering","type":0,"width":20.1178},{"bases":[[[0.989707,-0.0604468,-0.129715],[0.0852609,0.977045,0.195229],[0.114936,-0.204279,0.972142]],[[0.996351,-0.0828545,-0.0204752],[0.0846549,0.9899,0.113719],[0.0108463,-0.115037,0.993302]],[[0.996351,-0.0828545,-0.0204752],[0.082835,0.996562,-0.00179828],[0.0205538,0.0000956586,0.999789]],[[0.996351,-0.0828545,-0.0204752],[0.0806431,0.99249,-0.0919834],[0.0279426,0.0899966,0.99555]]],"btipPosition":[-54.8874,344.952,-120.964],"carpPosition":[-45.056,326.641,33.3909],"dipPosition":[-54.4131,346.479,-104.066],"direction":[-0.0205538,-0.0000956586,-0.999789],"extended":true,"handId":183,"id":1831,"length":58.4235,"mcpPosition":[-53.4566,341.572,-37.6621],"pipPosition":[-53.9195,346.482,-80.0581],"stabilizedTipPosition":[-58.6675,322.215,-5.08041],"timeVisible":0.940271,"tipPosition":[-54.3657,344.022,-117.054],"tipVelocity":[0.828396,37.3943,-148.456],"tool":false,"touchDistance":-0.571656,"touchZone":"hovering","type":1,"width":19.2165},{"bases":[[[0.967003,-0.253161,-0.028551],[0.253858,0.948037,0.191784],[-0.0214848,-0.192704,0.981022]],[[0.96542,-0.260512,0.00988323],[0.157636,0.553141,-0.818038],[0.207642,0.791308,0.575079]],[[0.96542,-0.260512,0.00988323],[-0.0832586,-0.344026,-0.935261],[0.247047,0.902097,-0.35382]],[[0.96542,-0.260512,0.00988323],[-0.18935,-0.726753,-0.660286],[0.179195,0.635582,-0.75095]]],"btipPosition":[-51.7809,265.795,-39.9372],"carpPosition":[-33.0023,327.682,31.5824],"dipPosition":[-48.4355,277.661,-53.9569],"direction":[-0.247047,-0.902097,0.35382],"extended":false,"handId":183,"id":1832,"length":66.5689,"mcpPosition":[-31.5132,341.038,-36.4146],"pipPosition":[-41.4562,303.146,-63.9526],"stabilizedTipPosition":[-56.7894,251.704,76.709],"timeVisible":0.940271,"tipPosition":[-50.9392,268.746,-44.2825],"tipVelocity":[-12.4595,4.74188,-126.608],"tool":false,"touchDistance":0.333333,"touchZone":"none","type":2,"width":18.8731},{"bases":[[[0.931395,-0.349501,0.10175],[0.321483,0.920901,0.220429],[-0.170742,-0.172596,0.970081]],[[0.925297,-0.354971,0.133493],[0.296315,0.457011,-0.838653],[0.23669,0.815559,0.528054]],[[0.925297,-0.354971,0.133493],[-0.0295832,-0.418486,-0.907742],[0.378087,0.835982,-0.397725]],[[0.925297,-0.354971,0.133493],[-0.196736,-0.750218,-0.631243],[0.324222,0.557825,-0.76401]]],"btipPosition":[-37.3178,266.79,-28.0732],"carpPosition":[-21.0135,325.612,30.6076],"dipPosition":[-31.2996,277.145,-42.2548],"direction":[-0.378087,-0.835982,0.397725],"extended":false,"handId":183,"id":1833,"length":64.0077,"mcpPosition":[-10.3881,336.353,-29.7614],"pipPosition":[-20.8942,300.152,-53.2006],"stabilizedTipPosition":[-39.4056,251.327,81.3622],"timeVisible":0.940271,"tipPosition":[-35.6831,269.285,-32.5558],"tipVelocity":[-15.5418,4.51077,-138.565],"tool":false,"touchDistance":0.333333,"touchZone":"none","type":3,"width":17.959},{"bases":[[[0.839366,-0.514451,0.175513],[0.446079,0.83644,0.318405],[-0.31061,-0.188965,0.931565]],[[0.843991,-0.511519,0.16133],[0.407535,0.416032,-0.812916],[0.348704,0.751842,0.559589]],[[0.843991,-0.511519,0.16133],[-0.0606234,-0.389838,-0.918886],[0.53292,0.765751,-0.36003]],[[0.843991,-0.511519,0.16133],[-0.287278,-0.685121,-0.669388],[0.452935,0.518611,-0.725184]]],"btipPosition":[-22.6697,277.214,-23.2788],"carpPosition":[-10.2021,316.5,30.6288],"dipPosition":[-14.9136,286.095,-35.697],"direction":[-0.53292,-0.765751,0.36003],"extended":false,"handId":183,"id":1834,"length":50.1809,"mcpPosition":[7.691,327.385,-23.0354],"pipPosition":[-4.55836,300.974,-42.6928],"stabilizedTipPosition":[