{"sensorType":"Leap","data":[[0,{"currentFrameRate":110.514,"devices":[],"gestures":[],"hands":[{"armBasis":[[0.912825,0.236052,-0.333211],[-0.00661073,0.824428,0.565928],[0.408297,-0.514391,0.754119]],"armWidth":63.3039,"confidence":0.833671,"direction":[0.0390998,0.187892,-0.981411],"elbow":[92.8304,154.416,256.242],"grabStrength":0,"id":178,"palmNormal":[-0.0098878,-0.982041,-0.188407],"palmPosition":[-22.2016,298.389,0.223952],"palmVelocity":[-51.9693,37.205,-87.0509],"palmWidth":90.3958,"pinchStrength":0.735766,"r":[[0.879639,0.322878,0.349263],[-0.228374,0.930823,-0.285331],[-0.417229,0.171225,0.892525]],"s":1.05929,"sphereCenter":[-38.583,267.238,-27.3971],"sphereRadius":46.3349,"stabilizedPalmPosition":[-16.9574,283.799,29.2776],"t":[77.3599,178.587,-120.349],"timeVisible":1.09346,"type":"right","wrist":[-16.6899,292.394,53.9594]}],"id":234412,"interactionBox":{"center":[0,200,0],"size":[235.247,235.247,147.751]},"pointables":[{"bases":[[[0.418544,0.908159,-0.00828544],[-0.814976,0.379593,0.437861],[0.400793,-0.176511,0.899004]],[[0.312054,0.924156,-0.220359],[-0.920233,0.351679,0.171736],[0.236207,0.14919,0.960182]],[[0.312054,0.924156,-0.220359],[-0.935207,0.25794,-0.2426],[-0.167361,0.281785,0.944768]],[[0.312054,0.924156,-0.220359],[-0.728215,0.0836986,-0.680219],[-0.610185,0.372734,0.699103]]],"btipPosition":[-37.0854,256.093,-41.6343],"carpPosition":[-45.2278,281.702,54.2394],"dipPosition":[-51.2727,264.759,-25.3796],"direction":[0.167361,-0.281785,-0.944768],"extended":false,"handId":178,"id":1780,"length":51.776,"mcpPosition":[-45.2278,281.702,54.2394],"pipPosition":[-56.9417,274.304,6.62246],"stabilizedTipPosition":[-36.4068,247.828,-21.8681],"timeVisible":1.09346,"tipPosition":[-39.6866,257.056,-37.7679],"tipVelocity":[-35.1411,53.1387,-101.122],"tool":false,"touchDistance":-0.42868,"touchZone":"touching","type":0,"width":20.1178},{"bases":[[[0.991567,0.0147191,-0.12876],[-0.00939023,0.999078,0.0418961],[0.129258,-0.0403337,0.99079]],[[0.996119,0.013013,-0.0870539],[-0.00408174,0.994776,0.101996],[0.0879265,-0.101245,0.990968]],[[0.996119,0.013013,-0.0870539],[-0.0146945,0.999717,-0.0187029],[0.0867859,0.0199096,0.996028]],[[0.996119,0.013013,-0.0870539],[-0.0232139,0.992835,-0.117215],[0.0849049,0.118781,0.989284]]],"btipPosition":[-53.3392,307.415,-107.663],"carpPosition":[-36.6139,302.64,47.7592],"dipPosition":[-51.8981,309.431,-90.8704],"direction":[-0.0867859,-0.0199096,-0.996028],"extended":true,"handId":178,"id":1781,"length":58.4235,"mcpPosition":[-46.0612,305.588,-24.6569],"pipPosition":[-49.8141,309.909,-66.9532],"stabilizedTipPosition":[-47.5978,296.846,-84.8374],"timeVisible":1.09346,"tipPosition":[-52.4324,306.783,-103.815],"tipVelocity":[-64.5566,63.9428,-84.6844],"tool":false,"touchDistance":-0.410719,"touchZone":"touching","type":1,"width":19.2165},{"bases":[[[0.986888,-0.161401,0.00104046],[0.161221,0.986055,0.041267],[-0.00768649,-0.0405582,0.999148]],[[0.986061,-0.162683,0.0349018],[0.0956513,0.382618,-0.918942],[0.136142,0.909471,0.392845]],[[0.986061,-0.162683,0.0349018],[-0.0964436,-0.729778,-0.676847],[0.135582,0.664046,-0.735296]],[[0.986061,-0.162683,0.0349018],[-0.15604,-0.976991,-0.1454],[0.0577527,0.137927,-0.988757]]],"btipPosition":[-35.6012,242.457,-3.14094],"carpPosition":[-24.7062,304.531,45.692],"dipPosition":[-34.523,245.032,-21.6003],"direction":[-0.135582,-0.664046,0.735296],"extended":false,"handId":178,"id":1782,"length":66.5689,"mcpPosition":[-24.1734,307.342,-23.5613],"pipPosition":[-30.6927,263.792,-42.3729],"stabilizedTipPosition":[-35.1715,229.734,17.8638],"timeVisible":1.09346,"tipPosition":[-35.3255,242.982,-8.45339],"tipVelocity":[-2.89338,35.3229,-45.0742],"tool":false,"touchDistance":0.333333,"touchZone":"none","type":2,"width":18.8731},{"bases":[[[0.96002,-0.239481,0.144948],[0.230991,0.970209,0.0730655],[-0.158128,-0.0366627,0.986738]],[[0.952808,-0.240772,0.184893],[0.248647,0.26955,-0.930332],[0.17416,0.932401,0.316697]],[[0.952808,-0.240772,0.184893],[-0.0806289,-0.787895,-0.610509],[0.29267,0.56679,-0.770126]],[[0.952808,-0.240772,0.184893],[-0.224224,-0.968751,-0.10604],[0.204647,0.0595786,-0.977021]]],"btipPosition":[-22.3134,247.676,8.79427],"carpPosition":[-12.57,303.486,44.9272],"dipPosition":[-18.5148,248.782,-9.34118],"direction":[-0.29267,-0.56679,0.770126],"extended":false,"handId":178,"id":1783,"length":64.0077,"mcpPosition":[-2.72958,305.768,-16.4784],"pipPosition":[-10.4602,264.38,-30.5359],"stabilizedTipPosition":[-18.2914,232.636,25.9814],"timeVisible":1.09346,"tipPosition":[-21.2378,247.674,3.27861],"tipVelocity":[-15.2113,54.0881,-34.8923],"tool":false,"touchDistance":0.333333,"touchZone":"none","type":3,"width":17.959},{"bases":[[[0.883815,-0.399107,0.2441],[0.362613,0.914073,0.181608],[-0.295606,-0.0719939,0.952593]],[[0.837974,-0.405075,0.365668],[0.474531,0.209994,-0.854823],[0.26948,0.889841,0.368191]],[[0.837974,-0.405075,0.365668],[-0.0935926,-0.76683,-0.63499],[0.537624,0.497882,-0.680496]],[[0.837974,-0.405075,0.365668],[-0.35978,-0.913916,-0.187927],[0.410314,0.0259177,-0.911576]]],"btipPosition":[-10.8484,258.326,7.26391],"carpPosition":[-0.93791,295.556,46.2406],"dipPosition":[-3.82205,258.77,-8.34614],"direction":[-0.537624,-0.497882,0.680496],"extended":false,"handId":178,"id":1784,"length":50.1809,"mcpPosition":[16.0909,299.703,-8.63499],"pipPosition":[6.62457,268.444,-21.5689],"stabilizedTipPosition":[-5.20144,241.057,28.3315],"timeVisible":1.09346,"tipPosition":[-8.95062,258.259,2.69788],"tipVelocity":[-26.8891,60.6423,-45.7802],"tool":false,"touchDistance":0.333333,"touchZone":"none","type":4,"width":15.9526}],"r":[[0.879639,0.322878,0.349263],[-0.228374,0.930823,-0.285331],[-0.417229,0.171225,0.892525]],"s":1.05929,"t":[77.3599,178.587,-120.349],"timestamp":2491695029},false],[1,{"currentFrameRate":110.535,"devices":[],"gestures":[],"hands":[{"armBasis":[[0.915554,0.234865,-0.326496],[-0.00981775,0.824593,0.565641],[0.402076,-0.514669,0.757265]],"armWidth":63.3039,"confidence":0.843551,"direction":[0.0378338,0.190036,-0.981048],"elbow":[90.8299,154.575,256.365],"grabStrength":0,"id":178,"palmNormal":[-0.00573793,-0.981693,-0.190382],"palmPosition":[-22.584,298.707,-0.482029],"palmVelocity":[-49.3529,36.697,-84.661],"palmWidth":90.3958,"pinchStrength":0.724611,"r":[[0.877228,0.328198,0.350367],[-0.234807,0.929887,-0.283154],[-0.418732,0.166122,0.892786]],"s":1.06459,"sphereCenter":[-39.0195,267.687,-28.1287],"sphereRadius":46.4073,"stabilizedPalmPosition":[-17.0715,284.101,28.6743],"t":[76.9526,178.899,-121.069],"timeVisible":1.10247,"type":"right","wrist":[-17.0217,292.629,53.2387]}],"id":234413,"interactionBox":{"center":[0,200,0],"size":[235.247,235.247,147.751]},"pointables":[{"bases":[[[0.414617,0.909972,-0.00664432],[-0.816404,0.37519,0.438996],[0.401967,-0.176591,0.898464]],[[0.308012,0.925941,-0.218546],[-0.921151,0.347698,0.174892],[0.237928,0.147445,0.960026]],[[0.308012,0.925941,-0.218546],[-0.936597,0.254775,-0.240575],[-0.167078,0.27879,0.945707]],[[0.308012,0.925941,-0.218546],[-0.728189,0.0816151,-0.680499],[-0.612265,0.368745,0.699398]]],"btipPosition":[-37.4172,256.484,-42.3945],"carpPosition":[-45.513,281.813,53.5101],"dipPosition":[-51.6528,265.057,-26.133],"direction":[0.167078,-0.27879,-0.945707],"extended":false,"handId":178,"id":1780,"length":51.776,"mcpPosition":[-45.513,281.813,53.5101],"pipPosition":[-57.3123,274.501,5.90089],"stabilizedTipPosition":[-36.5143,248.095,-22.2892],"timeVisible":1.10247,"tipPosition":[-40.0149,257.465,-38.5428],"tipVelocity":[-35.9428,49.8196,-96.4713],"tool":false,"touchDistance":-0.425525,"touchZone":"touching","type":0,"width":20.1178},{"bases":[[[0.991434,0.0192575,-0.129181],[-0.0136813,0.998942,0.0439151],[0.12989,-0.0417716,0.990648]],[[0.995938,0.0175227,-0.0883161],[-0.00813173,0.994376,0.105592],[0.0896697,-0.104445,0.99048]],[[0.995938,0.0175227,-0.0883161],[-0.018908,0.999711,-0.0148736],[0.0880299,0.0164831,0.995981]],[[0.995938,0.0175227,-0.0883161],[-0.02752,0.993181,-0.113286],[0.0857288,0.115256,0.98963]]],"btipPosition":[-53.8823,307.959,-108.327],"carpPosition":[-36.9926,302.8,47.0682],"dipPosition":[-52.4272,309.915,-91.529],"direction":[-0.0880299,-0.0164831,-0.995981],"extended":true,"handId":178,"id":1781,"length":58.4235,"mcpPosition":[-46.4861,305.853,-25.3374],"pipPosition":[-50.3134,310.311,-67.613],"stabilizedTipPosition":[-48.0261,297.679,-86.2502],"timeVisible":1.10247,"tipPosition":[-52.9746,307.327,-104.482],"tipVelocity":[-63.2825,62.5541,-81.6371],"tool":false,"touchDistance":-0.407927,"touchZone":"touching","type":1,"width":19.2165},{"bases":[[[0.987576,-0.157142,0.000266058],[0.156984,0.986657,0.0431822],[-0.00704825,-0.0426039,0.999067]],[[0.98678,-0.158486,0.0338616],[0.0922263,0.37735,-0.921467],[0.133262,0.912408,0.386978]],[[0.98678,-0.158486,0.0338616],[-0.0948139,-0.734019,-0.672478],[0.131433,0.660378,-0.739342]],[[0.98678,-0.158486,0.0338616],[-0.152198,-0.978045,-0.142348],[0.0556783,0.135313,-0.989237]]],"btipPosition":[-35.7394,242.827,-3.42371],"carpPosition":[-25.0941,304.747,44.9995],"dipPosition":[-34.7,245.353,-21.8921],"direction":[-0.131433,-0.660378,0.739342],"extended":false,"handId":178,"id":1782,"length":66.5689,"mcpPosition":[-24.6055,307.7,-24.2483],"pipPosition":[-30.9869,264.009,-42.779],"stabilizedTipPosition":[-35.1722,229.763,17.8086],"timeVisible":1.10247,"tipPosition":[-35.4743,243.328,-8.80995],"tipVelocity":[-6.58766,36.5491,-41.3745],"tool":false,"touchDistance":0.333333,"touchZone":"none","type":2,"width":18.8731},{"bases":[[[0.961112,-0.235627,0.144028],[0.226836,0.971047,0.0749169],[-0.157511,-0.0393327,0.986734]],[[0.953967,-0.237023,0.183757],[0.245139,0.263259,-0.93306],[0.172781,0.935155,0.309244]],[[0.953967,-0.237023,0.183757],[-0.080236,-0.792072,-0.605131],[0.288979,0.562531,-0.774629]],[[0.953967,-0.237023,0.183757],[-0.221197,-0.969816,-0.102608],[0.202531,0.0572382,-0.977602]]],"btipPosition":[-22.5336,248.15,8.55986],"carpPosition":[-12.9538,303.756,44.227],"dipPosition":[-18.7742,249.213,-9.58637],"direction":[-0.288979,-0.562531,0.774629],"extended":false,"handId":178,"id":1783,"length":64.0077,"mcpPosition":[-3.15181,306.204,-17.1783],"pipPosition":[-10.8212,264.694,-30.905],"stabilizedTipPosition":[-18.3416,232.871,25.6604],"timeVisible":1.10247,"tipPosition":[-21.4637,248.126,2.99258],"tipVelocity":[-18.0226,53.3939,-32.5285],"tool":false,"touchDistance":0.333333,"touchZone":"none","type":3,"width":17.959},{"bases":[[[0.885642,-0.39578,0.242892],[0.35875,0.915262,0.183286],[-0.294851,-0.075188,0.952581]],[[0.840692,-0.402144,0.362652],[0.468037,0.202783,-0.860128],[0.272356,0.892838,0.358696]],[[0.840692,-0.402144,0.362652],[-0.0978594,-0.771499,-0.628659],[0.532597,0.49302,-0.687947]],[[0.840692,-0.402144,0.362652],[-0.358893,-0.91527,-0.182963],[0.405502,0.0236623,-0.913788]]],"btipPosition":[-11.1619,258.856,7.05936],"carpPosition":[-1.28703,295.873,45.5191],"dipPosition":[-4.21803,259.261,-8.58856],"direction":[-0.532597,-0.49302,0.687947],"extended":false,"handId":178,"id":1784,"length":50.1809,"mcpPosition":[15.6983,300.205,-9.35572],"pipPosition":[6.13092,268.841,-21.9561],"stabilizedTipPosition":[-5.24407,241.232,28.0885],"timeVisible":1.10247,"tipPosition":[-9.26563,258.758,2.39812],"tipVelocity":[-29.6423,59.855,-39.7032],"tool":false,"touchDistance":0.333333,"touchZone":"none","type":4,"width":15.9526}],"r":[[0.877228,0.328198,0.350367],[-0.234807,0.929887,-0.283154],[-0.418732,0.166122,0.892786]],"s":1.06459,"t":[76.9526,178.899,-121.069],"timestamp":2491704039},false],[2,{"currentFrameRate":110.433,"devices":[],"gestures":[],"hands":[{"armBasis":[[0.916553,0.237218,-0.321961],[-0.0136838,0.823207,0.567577],[0.39968,-0.515808,0.757759]],"armWidth":63.3039,"confidence":0.831095,"direction":[0.037763,0.19473,-0.98013],"elbow":[89.4664,154.341,255.095],"grabStrength":0,"id":178,"palmNormal":[-0.00140489,-0.980818,-0.194921],"palmPosition":[-23.2901,299.003,-1.85971],"palmVelocity":[-56.957,35.3812,-102.765],"palmWidth":90.3958,"pinchStrength":0.709097,"r":[[0.874935,0.332861,0.351698],[-0.240699,0.929157,-0.280593],[-0.420181,0.160847,0.893071]],"s":1.06992,"sphereCenter":[-39.8984,268.245,-29.6216],"sphereRadius":46.5169,"stabilizedPalmPosition":[-17.1916,284.389,28.0843],"t":[76.3959,179.203,-122.118],"timeVisible":1.11171,"type":"right","wrist":[-17.7424,292.7,51.8366]}],"id":234414,"interactionBox":{"center":[0,200,0],"size":[235.247,235.247,147.751]},"pointables":[{"bases":[[[0.410735,0.911752,-0.00211878],[-0.818328,0.369672,0.440093],[0.402039,-0.179028,0.89795]],[[0.304199,0.928244,-0.21407],[-0.922707,0.342975,0.176008],[0.236799,0.143982,0.960831]],[[0.304199,0.928244,-0.21407],[-0.937478,0.251818,-0.240256],[-0.16911,0.273771,0.946811]],[[0.304199,0.928244,-0.21407],[-0.727654,0.0813896,-0.681098],[-0.614803,0.362958,0.700199]]],"btipPosition":[-37.9079,256.909,-43.9645],"carpPosition":[-46.1875,281.761,52.0361],"dipPosition":[-52.2025,265.348,-27.6844],"direction":[0.16911,-0.273771,-0.946811],"extended":false,"handId":178,"id":1780,"length":51.776,"mcpPosition":[-46.1875,281.761,52.0361],"pipPosition":[-57.9308,274.621,4.38692],"stabilizedTipPosition":[-36.6179,248.333,-22.6859],"timeVisible":1.11171,"tipPosition":[-40.5262,257.878,-40.1187],"tipVelocity":[-41.1788,47.8065,-116.974],"tool":false,"touchDistance":-0.434792,"touchZone":"touching","type":0,"width":20.1178},{"bases":[[[0.99144,0.0240818,-0.128323],[-0.0179772,0.99866,0.0485194],[0.129319,-0.0457972,0.990545]],[[0.995851,0.0222143,-0.08825],[-0.0122144,0.993602,0.112276],[0.0901795,-0.110732,0.98975]],[[0.995851,0.0222143,-0.08825],[-0.0229729,0.999707,-0.00759039],[0.0880556,0.00958626,0.996069]],[[0.995851,0.0222143,-0.08825],[-0.0315337,0.993903,-0.105655],[0.0853649,0.108,0.990479]]],"btipPosition":[-54.6161,308.825,-109.675],"carpPosition":[-37.7518,302.815,45.6978],"dipPosition":[-53.1671,310.658,-92.8629],"direction":[-0.0880556,-0.00958626,-0.996069],"extended":true,"handId":178,"id":1781,"length":58.4235,"mcpPosition":[-47.2037,306.162,-26.7003],"pipPosition":[-51.0527,310.888,-68.9447],"stabilizedTipPosition":[-48.4901,298.537,-87.7007],"timeVisible":1.11171,"tipPosition":[-53.7183,308.166,-105.833],"tipVelocity":[-67.8622,70.441,-99.5958],"tool":false,"touchDistance":-0.415642,"touchZone":"touching","type":1,"width":19.2165},{"bases":[[[0.988237,-0.15293,0.000304912],[0.15274,0.987107,0.0478619],[-0.00762048,-0.0472523,0.998854]],[[0.987429,-0.154425,0.0337304],[0.0895544,0.370714,-0.92442],[0.130249,0.915819,0.379883]],[[0.987429,-0.154425,0.0337304],[-0.0927566,-0.738887,-0.667415],[0.127989,0.655895,-0.743922]],[[0.987429,-0.154425,0.0337304],[-0.148326,-0.978992,-0.139908],[0.0546271,0.133146,-0.98959]]],"btipPosition":[-36.2047,243.227,-4.28538],"carpPosition":[-25.8602,304.822,43.6472],"dipPosition":[-35.1849,245.713,-22.7603],"direction":[-0.127989,-0.655895,0.743922],"extended":false,"handId":178,"id":1782,"length":66.5689,"mcpPosition":[-25.332,308.097,-25.5857],"pipPosition":[-31.5691,264.242,-43.7766],"stabilizedTipPosition":[-35.1741,229.797,17.7462],"timeVisible":1.11171,"tipPosition":[-35.9424,243.706,-9.79533],"tipVelocity":[-19.0143,38.178,-55.9926],"tool":false,"touchDistance":0.333333,"touchZone":"none","type":2,"width":18.8731},{"bases":[[[0.961999,-0.23219,0.143682],[0.222634,0.971649,0.0795783],[-0.158086,-0.0445657,0.986419]],[[0.954869,-0.233794,0.183208],[0.24229,0.256296,-0.935739],[0.171815,0.937898,0.301375]],[[0.954869,-0.233794,0.183208],[-0.0799941,-0.796433,-0.599413],[0.286052,0.557705,-0.779191]],[[0.954869,-0.233794,0.183208],[-0.218503,-0.970709,-0.0999057],[0.201199,0.0553653,-0.977984]]],"btipPosition":[-23.111,248.652,7.71402],"carpPosition":[-13.7153,303.886,42.8797],"dipPosition":[-19.3764,249.679,-10.4393],"direction":[-0.286052,-0.557705,0.779191],"extended":false,"handId":178,"id":1783,"length":64.0077,"mcpPosition":[-3.87744,306.659,-18.5061],"pipPosition":[-11.5039,265.028,-31.8835],"stabilizedTipPosition":[-18.4042,233.127,25.3062],"timeVisible":1.11171,"tipPosition":[-22.0378,248.599,2.06331],"tipVelocity":[-30.6841,53.4006,-49.1518],"tool":false,"touchDistance":0.333333,"touchZone":"none","type":3,"width":17.959},{"bases":[[[0.887139,-0.393119,0.241747],[0.354703,0.915926,0.18779],[-0.295246,-0.080848,0.951994]],[[0.842638,-0.40019,0.36029],[0.46461,0.202092,-0.862146],[0.272211,0.893872,0.356223]],[[0.842638,-0.40019,0.36029],[-0.0984118,-0.772267,-0.627629],[0.529411,0.493407,-0.690125]],[[0.842638,-0.40019,0.36029],[-0.356534,-0.916055,-0.183649],[0.40354,0.0262938,-0.914584]]],"btipPosition":[-11.7674,259.267,5.8612],"carpPosition":[-2.01591,296.047,44.1444],"dipPosition":[-4.85713,259.717,-9.80036],"direction":[-0.529411,-0.493407,0.690125],"extended":false,"handId":178,"id":1784,"length":50.1809,"mcpPosition":[14.9922,300.704,-10.6967],"pipPosition":[5.4299,269.304,-23.2102],"stabilizedTipPosition":[-5.29662,241.425,27.8134],"timeVisible":1.11171,"tipPosition":[-9.87562,259.175,1.1706],"tipVelocity":[-39.9575,55.8588,-65.0649],"tool":false,"touchDistance":0.333333,"touchZone":"none","type":4,"width":15.9526}],"r":[[0.874935,0.332861,0.351698],[-0.240699,0.929157,-0.280593],[-0.420181,0.160847,0.893071]],"s":1.06992,"t":[76.3959,179.203,-122.118],"timestamp":2491713275},false],[3,{"currentFrameRate":110.638,"devices":[],"gestures":[],"hands":[{"armBasis":[[0.917817,0.239761,-0.316429],[-0.0195044,0.82331,0.567257],[0.396525,-0.514466,0.760324]],"armWidth":63.3039,"confidence":0.83432,"direction":[0.0385138,0.197064,-0.979634],"elbow":[87.9072,154.738,254.861],"grabStrength":0,"id":178,"palmNormal":[0.00470272,-0.980386,-0.19703],"palmPosition":[-23.9364,299.123,-2.77874],"palmVelocity":[-61.6237,29.6481,-103.607],"palmWidth":90.3958,"pinchStrength":0.694238,"r":[[0.872549,0.337445,0.353256],[-0.246386,0.928372,-0.278242],[-0.421844,0.155742,0.893192]],"s":1.07498,"sphereCenter":[-40.592,268.502,-30.6082],"sphereRadius":46.6099,"stabilizedPalmPosition":[-17.3073,284.642,27.5549],"t":[75.7944,179.415,-123.102],"timeVisible":1.12039,"type":"right","wrist":[-18.4555,292.736,50.9146]}],"id":234415,"interactionBox":{"center":[0,200,0],"size":[235.247,235.247,147.751]},"pointables":[{"bases":[[[0.405403,0.914138,0.000637344],[-0.821322,0.363935,0.439297],[0.401346,-0.178616,0.898341]],[[0.299172,0.930464,-0.2115],[-0.925007,0.337213,0.175071],[0.234218,0.143263,0.961571]],[[0.299172,0.930464,-0.2115],[-0.938469,0.246841,-0.241546],[-0.172543,0.27075,0.94706]],[[0.299172,0.930464,-0.2115],[-0.726603,0.0784746,-0.682561],[-0.618501,0.35788,0.699556]]],"btipPosition":[-38.2266,257.035,-44.9954],"carpPosition":[-46.8365,281.632,51.0353],"dipPosition":[-52.6072,265.356,-28.7302],"direction":[0.172543,-0.27075,-0.94706],"extended":false,"handId":178,"id":1780,"length":51.776,"mcpPosition":[-46.8365,281.632,51.0353],"pipPosition":[-58.4517,274.527,3.34948],"stabilizedTipPosition":[-36.7034,248.517,-23.0089],"timeVisible":1.12039,"tipPosition":[-40.866,257.991,-41.1571],"tipVelocity":[-40.602,38.1254,-117.572],"tool":false,"touchDistance":-0.435161,"touchZone":"touching","type":0,"width":20.1178},{"bases":[[[0.991528,0.0301482,-0.126347],[-0.0239065,0.998431,0.0506302],[0.127675,-0.0471808,0.990693]],[[0.995799,0.02826,-0.0870926],[-0.0180109,0.993052,0.116294],[0.0897739,-0.114237,0.989389]],[[0.995799,0.02826,-0.0870926],[-0.028639,0.999585,-0.00310546],[0.0869687,0.00558666,0.996195]],[[0.995799,0.02826,-0.0870926],[-0.0370389,0.994208,-0.100893],[0.0837369,0.103695,0.991078]]],"btipPosition":[-55.1848,309.177,-110.623],"carpPosition":[-38.5118,302.747,44.7586],"dipPosition":[-53.7635,310.938,-93.8004],"direction":[-0.0869687,-0.00558666,-0.996195],"extended":true,"handId":178,"id":1781,"length":58.4235,"mcpPosition":[-47.8434,306.196,-27.6503],"pipPosition":[-51.6752,311.072,-69.8792],"stabilizedTipPosition":[-48.9215,299.285,-88.9912],"timeVisible":1.12039,"tipPosition":[-54.2965,308.508,-106.781],"tipVelocity":[-67.4426,61.9957,-102.089],"tool":false,"touchDistance":-0.416592,"touchZone":"touching","type":1,"width":19.2165},{"bases":[[[0.989111,-0.147156,0.00189382],[0.146876,0.987876,0.0502792],[-0.00926974,-0.0494535,0.998733]],[[0.988249,-0.148727,0.0352758],[0.0876701,0.362468,-0.927864],[0.125212,0.920053,0.371248]],[[0.988249,-0.148727,0.0352758],[-0.088537,-0.745096,-0.661055],[0.1246,0.650164,-0.749508]],[[0.988249,-0.148727,0.0352758],[-0.142709,-0.98043,-0.135615],[0.054755,0.128987,-0.990133]]],"btipPosition":[-36.5238,243.423,-4.6073],"carpPosition":[-26.6282,304.828,42.7355],"dipPosition":[-35.5016,245.831,-23.0924],"direction":[-0.1246,-0.650164,0.749508],"extended":false,"handId":178,"id":1782,"length":66.5689,"mcpPosition":[-25.9857,308.256,-26.4891],"pipPosition":[-31.9815,264.199,-44.2665],"stabilizedTipPosition":[-35.1768,229.83,17.6826],"timeVisible":1.12039,"tipPosition":[-36.2574,243.869,-10.2138],"tipVelocity":[-23.726,33.4835,-51.0371],"tool":false,"touchDistance":0.333333,"touchZone":"none","type":2,"width":18.8731},{"bases":[[[0.963061,-0.226879,0.145049],[0.216798,0.972758,0.0820978],[-0.159724,-0.0476188,0.986012]],[[0.955866,-0.228609,0.184549],[0.241476,0.253488,-0.936714],[0.16736,0.939937,0.297504]],[[0.955866,-0.228609,0.184549],[-0.0758576,-0.798874,-0.596696],[0.283841,0.556362,-0.780958]],[[0.955866,-0.228609,0.184549],[-0.213325,-0.971945,-0.0990757],[0.202021,0.0553341,-0.977817]]],"btipPosition":[-23.527,248.868,7.06649],"carpPosition":[-14.4765,303.965,41.9895],"dipPosition":[-19.7771,249.895,-11.0837],"direction":[-0.283841,-0.556362,0.780958],"extended":false,"handId":178,"id":1783,"length":64.0077,"mcpPosition":[-4.53674,306.928,-19.371],"pipPosition":[-11.9655,265.207,-32.5765],"stabilizedTipPosition":[-18.4669,233.362,24.9762],"timeVisible":1.12039,"tipPosition":[-22.4486,248.816,1.42472],"tipVelocity":[-35.1706,45.8184,-55.9122],"tool":false,"touchDistance":0.333333,"touchZone":"none","type":3,"width":17.959},{"bases":[[[0.888954,-0.388453,0.242623],[0.348981,0.917574,0.190446],[-0.296604,-0.084627,0.951244]],[[0.845044,-0.395973,0.359313],[0.460861,0.198646,-0.864955],[0.271123,0.896518,0.350353]],[[0.845044,-0.395973,0.359313],[-0.0983528,-0.775639,-0.623467],[0.525573,0.491518,-0.694395]],[[0.845044,-0.395973,0.359313],[-0.353157,-0.917893,-0.180976],[0.401472,0.0260391,-0.915501]]],"btipPosition":[-12.2591,259.577,5.325],"carpPosition":[-2.73401,296.192,43.2601],"dipPosition":[-5.38422,260.023,-10.3523],"direction":[-0.525573,-0.491518,0.694395],"extended":false,"handId":178,"id":1784,"length":50.1809,"mcpPosition":[14.3523,301.067,-11.5378],"pipPosition":[4.82822,269.574,-23.8451],"stabilizedTipPosition":[-5.35295,241.616,27.5402],"timeVisible":1.12039,"tipPosition":[-10.3692,259.47,0.580455],"tipVelocity":[-44.656,50.4954,-64.3075],"tool":false,"touchDistance":0.333333,"touchZone":"none","type":4,"width":15.9526}],"r":[[0.872549,0.337445,0.353256],[-0.246386,0.928372,-0.278242],[-0.421844,0.155742,0.893192]],"s":1.07498,"t":[75.7944,179.415,-123.102],"timestamp":2491721951},false],[4,{"currentFrameRate":110.402,"devices":[],"gestures":[],"hands":[{"armBasis":[[0.918499,0.241705,-0.31295],[-0.0236951,0.823653,0.566599],[0.394712,-0.513005,0.762252]],"armWidth":63.3039,"confidence":0.837248,"direction":[0.0387266,0.198379,-0.97936],"elbow":[86.8538,155.167,254.74],"grabStrength":0,"id":178,"palmNormal":[0.00923889,-0.980124,-0.198168],"palmPosition":[-24.4722,299.2,-3.41612],"palmVelocity":[-60.1682,23.4598,-93.1863],"palmWidth":90.3958,"pinchStrength":0.682669,"r":[[0.870238,0.341781,0.354782],[-0.251689,0.927558,-0.276204],[-0.423482,0.151068,0.893219]],"s":1.07925,"sphereCenter":[-41.0584,268.603,-31.2757],"sphereRadius":46.6487,"stabilizedPalmPosition":[-17.436,284.903,26.9985],"t":[75.2258,179.559,-123.912],"timeVisible":1.12986,"type":"right","wrist":[-19.0224,292.774,50.2758]}],"id":234416,"interactionBox":{"center":[0,200,0],"size":[235.247,235.247,147.751]},"pointables":[{"bases":[[[0.401372,0.915913,0.00215356],[-0.823401,0.359799,0.438811],[0.401137,-0.177899,0.898577]],[[0.295419,0.93203,-0.209875],[-0.926518,0.333078,0.174995],[0.233005,0.142756,0.961941]],[[0.295419,0.93203,-0.209875],[-0.939281,0.243207,-0.242077],[-0.17458,0.268645,0.947286]],[[0.295419,0.93203,-0.209875],[-0.726181,0.0763176,-0.683254],[-0.620797,0.354253,0.699368]]],"btipPosition":[-38.562,257.129,-45.7003],"carpPosition":[-47.3544,281.544,50.3521],"dipPosition":[-52.996,265.365,-29.4395],"direction":[0.17458,-0.268645,-0.947286],"extended":false,"handId":178,"id":1780,"length":51.776,"mcpPosition":[-47.3544,281.544,50.3521],"pipPosition":[-58.9095,274.465,2.64788],"stabilizedTipPosition":[-36.7845,248.682,-23.3055],"timeVisible":1.12986,"tipPosition":[-41.2174,258.086,-41.8654],"tipVelocity":[-39.4805,29.4353,-105.221],"tool":false,"touchDistance":-0.430567,"touchZone":"touching","type":0,"width":20.1178},{"bases":[[[0.991524,0.0346625,-0.125212],[-0.0283604,0.998256,0.0517687],[0.126788,-0.0477789,0.990779]],[[0.995722,0.032769,-0.0863994],[-0.0224235,0.992748,0.118101],[0.0896429,-0.115658,0.989236]],[[0.995722,0.032769,-0.0863994],[-0.0330161,0.999454,-0.00143267],[0.0863052,0.00427911,0.99626]],[[0.995722,0.032769,-0.0863994],[-0.0413405,0.994192,-0.0993632],[0.0826416,0.10251,0.991293]]],"btipPosition":[-55.684,309.29,-111.277],"carpPosition":[-39.1159,302.704,44.1093],"dipPosition":[-54.2812,311.03,-94.451],"direction":[-0.0863052,-0.00427911,-0.99626],"extended":true,"handId":178,"id":1781,"length":58.4235,"mcpPosition":[-48.3827,306.196,-28.3059],"pipPosition":[-52.2088,311.133,-70.5283],"stabilizedTipPosition":[-49.3686,300.007,-90.2698],"timeVisible":1.12986,"tipPosition":[-54.8026,308.642,-107.436],"tipVelocity":[-63.3383,47.4791,-92.5894],"tool":false,"touchDistance":-0.413067,"touchZone":"touching","type":1,"width":19.2165},{"bases":[[[0.989747,-0.142801,0.00281896],[0.142467,0.988454,0.0515947],[-0.0101542,-0.0506641,0.998664]],[[0.988856,-0.144413,0.0361695],[0.0860178,0.355937,-0.930543],[0.121509,0.923284,0.364392]],[[0.988856,-0.144413,0.0361695],[-0.0855277,-0.749933,-0.655961],[0.121854,0.645558,-0.753928]],[[0.988856,-0.144413,0.0361695],[-0.138516,-0.981529,-0.131964],[0.0545587,0.125483,-0.990594]]],"btipPosition":[-36.8151,243.559,-4.77452],"carpPosition":[-27.2393,304.84,42.1018],"dipPosition":[-35.7965,245.902,-23.2682],"direction":[-0.121854,-0.645558,0.753928],"extended":false,"handId":178,"id":1782,"length":66.5689,"mcpPosition":[-26.5355,308.351,-27.118],"pipPosition":[-32.354,264.139,-44.5672],"stabilizedTipPosition":[-35.1809,229.873,17.6034],"timeVisible":1.12986,"tipPosition":[-36.5482,243.979,-10.4176],"tipVelocity":[-25.7626,27.5395,-41.5223],"tool":false,"touchDistance":0.333333,"touchZone":"none","type":2,"width":18.8731},{"bases":[[[0.963891,-0.222805,0.145852],[0.21242,0.973607,0.0834732],[-0.160601,-0.049477,0.985779]],[[0.956658,-0.224613,0.185351],[0.240987,0.253263,-0.936901],[0.163498,0.940961,0.296415]],[[0.956658,-0.224613,0.185351],[-0.07224,-0.79962,-0.596146],[0.282113,0.556918,-0.781188]],[[0.956658,-0.224613,0.185351],[-0.209127,-0.972813,-0.0995063],[0.202662,0.0564315,-0.977621]]],"btipPosition":[-23.872,248.968,6.51083],"carpPosition":[-15.0832,304.031,41.3682],"dipPosition":[-20.1102,250.016,-11.6358],"direction":[-0.282113,-0.556918,0.781188],"extended":false,"handId":178,"id":1783,"length":64.0077,"mcpPosition":[-5.08881,307.11,-19.9777],"pipPosition":[-12.3461,265.343,-33.1349],"stabilizedTipPosition":[-18.5342,233.597,24.6406],"timeVisible":1.12986,"tipPosition":[-22.7934,248.931,0.906965],"tipVelocity":[-35.4429,35.8526,-56.6705],"tool":false,"touchDistance":0.333333,"touchZone":"none","type":3,"width":17.959},{"bases":[[[0.890388,-0.384819,0.243155],[0.344725,0.918878,0.191903],[-0.297278,-0.0870469,0.950815]],[[0.846849,-0.392624,0.358739],[0.458658,0.197704,-0.866341],[0.269222,0.898198,0.347505]],[[0.846849,-0.392624,0.358739],[-0.0968989,-0.777149,-0.621812],[0.522932,0.491819,-0.696172]],[[0.846849,-0.392624,0.358739],[-0.34979,-0.919294,-0.180402],[0.400617,0.0272897,-0.915839]]],"btipPosition":[-12.6615,259.746,4.87273],"carpPosition":[-3.30793,296.308,42.6427],"dipPosition":[-5.80123,260.214,-10.8103],"direction":[-0.522932,-0.491819,0.696172],"extended":false,"handId":178,"id":1784,"length":50.1809,"mcpPosition":[13.8172,301.323,-12.1304],"pipPosition":[4.3599,269.77,-24.3377],"stabilizedTipPosition":[-5.41986,241.829,27.2335],"timeVisible":1.12986,"tipPosition":[-10.7801,259.648,0.133253],"tipVelocity":[-44.13,41.28,-59.5948],"tool":false,"touchDistance":0.333333,"touchZone":"none","type":4,"width":15.9526}],"r":[[0.870238,0.341781,0.354782],[-0.251689,0.927558,-0.276204],[-0.423482,0.151068,0.893219]],"s":1.07925,"t":[75.2258,179.559,-123.912],"timestamp":2491731426},false],[5,{"currentFrameRate":110.51,"devices":[],"gestures":[],"hands":[{"armBasis":[[0.919019,0.240777,-0.312139],[-0.0238612,0.824326,0.565613],[0.393491,-0.512361,0.763316]],"armWidth":63.3039,"confidence":0.840656,"direction":[0.0381061,0.199807,-0.979094],"elbow":[86.205,155.339,254.511],"grabStrength":0,"id":178,"palmNormal":[0.00977403,-0.979833,-0.199577],"palmPosition":[-24.8245,299.272,-3.91822],"palmVelocity":[-54.6438,19.3218,-83.2977],"palmWidth":90.3958,"pinchStrength":0.674466,"r":[[0.868362,0.345249,0.356021],[-0.256078,0.926925,-0.274288],[-0.424702,0.147012,0.893317]],"s":1.0827,"sphereCenter":[-41.4825,268.757,-31.8024],"sphereRadius":46.6761,"stabilizedPalmPosition":[-17.5552,285.135,26.5],"t":[74.7653,179.668,-124.568],"timeVisible":1.13872,"type":"right","wrist":[-19.3436,292.773,49.7617]}],"id":234417,"interactionBox":{"center":[0,200,0],"size":[235.247,235.247,147.751]},"pointables":[{"bases":[[[0.400779,0.916169,0.00326447],[-0.823413,0.358637,0.439739],[0.401704,-0.178926,0.89812]],[[0.294861,0.932534,-0.208416],[-0.926541,0.332355,0.176244],[0.233621,0.141138,0.96203]],[[0.294861,0.932534,-0.208416],[-0.939544,0.243201,-0.241062],[-0.174112,0.266895,0.947867]],[[0.294861,0.932534,-0.208416],[-0.726956,0.0773661,-0.682312],[-0.620155,0.352696,0.700723]]],"btipPosition":[-38.9372,257.285,-46.2719],"carpPosition":[-47.6683,281.525,49.8361],"dipPosition":[-53.3563,265.485,-29.9796],"direction":[0.174112,-0.266895,-0.947867],"extended":false,"handId":178,"id":1780,"length":51.776,"mcpPosition":[-47.6683,281.525,49.8361],"pipPosition":[-59.254,274.526,2.12748],"stabilizedTipPosition":[-36.8538,248.815,-23.5493],"timeVisible":1.13872,"tipPosition":[-41.5979,258.25,-42.4289],"tipVelocity":[-40.1559,25.9894,-93.9753],"tool":false,"touchDistance":-0.424309,"touchZone":"touching","type":0,"width":20.1178},{"bases":[[[0.991439,0.0354846,-0.125659],[-0.0289808,0.998163,0.053213],[0.127316,-0.0491157,0.990645]],[[0.995623,0.0335575,-0.0872321],[-0.0229024,0.992462,0.120396],[0.0906147,-0.117871,0.988886]],[[0.995623,0.0335575,-0.0872321],[-0.0336262,0.999434,0.000682537],[0.0872056,0.00225373,0.996188]],[[0.995623,0.0335575,-0.0872321],[-0.0420525,0.994352,-0.0974458],[0.0834694,0.100688,0.991411]]],"btipPosition":[-56.1305,309.556,-111.743],"carpPosition":[-39.4466,302.699,43.6195],"dipPosition":[-54.7137,311.266,-94.9144],"direction":[-0.0872056,-0.00225373,-0.996188],"extended":true,"handId":178,"id":1781,"length":58.4235,"mcpPosition":[-48.752,306.289,-28.786],"pipPosition":[-52.6196,311.32,-70.9934],"stabilizedTipPosition":[-49.7703,300.628,-91.3686],"timeVisible":1.13872,"tipPosition":[-55.2533,308.918,-107.904],"tipVelocity":[-59.7365,42.555,-81.7259],"tool":false,"touchDistance":-0.407068,"touchZone":"touching","type":1,"width":19.2165},{"bases":[[[0.989841,-0.142163,0.00211802],[0.141853,0.988471,0.0529393],[-0.00961962,-0.052101,0.998595]],[[0.988973,-0.143817,0.0353314],[0.0844822,0.351936,-0.932204],[0.121633,0.924909,0.360206]],[[0.988973,-0.143817,0.0353314],[-0.0860975,-0.752472,-0.652972],[0.120495,0.64273,-0.756557]],[[0.988973,-0.143817,0.0353314],[-0.13813,-0.98183,-0.130118],[0.0534026,0.123803,-0.990869]]],"btipPosition":[-37.1312,243.698,-4.98256],"carpPosition":[-27.5724,304.845,41.6091],"dipPosition":[-36.1342,246.009,-23.4814],"direction":[-0.120495,-0.64273,0.756557],"extended":false,"handId":178,"id":1782,"length":66.5689,"mcpPosition":[-26.9057,308.456,-27.606],"pipPosition":[-32.7301,264.166,-44.8546],"stabilizedTipPosition":[-35.1865,229.919,17.5171],"timeVisible":1.13872,"tipPosition":[-36.8715,244.106,-10.6324],"tipVelocity":[-28.6029,24.0949,-36.6721],"tool":false,"touchDistance":0.333333,"touchZone":"none","type":2,"width":18.8731},{"bases":[[[0.964108,-0.222389,0.14505],[0.211831,0.973624,0.0847614],[-0.160074,-0.050993,0.985787]],[[0.956889,-0.22426,0.184583],[0.240517,0.25552,-0.936409],[0.162834,0.940435,0.298442]],[[0.956889,-0.22426,0.184583],[-0.0717324,-0.798277,-0.598004],[0.281456,0.558983,-0.779949]],[[0.956889,-0.22426,0.184583],[-0.20839,-0.972759,-0.101554],[0.202329,0.0587104,-0.977556]]],"btipPosition":[-24.1841,249.001,5.88505],"carpPosition":[-15.4161,304.045,40.8683],"dipPosition":[-20.4284,250.091,-12.2603],"direction":[-0.281456,-0.558983,0.779949],"extended":false,"handId":178,"id":1783,"length":64.0077,"mcpPosition":[-5.45459,307.219,-20.4782],"pipPosition":[-12.6824,265.475,-33.7254],"stabilizedTipPosition":[-18.5925,233.788,24.3616],"timeVisible":1.13872,"tipPosition":[-23.1152,248.993,0.344349],"tipVelocity":[-35.4291,27.4463,-60.4479],"tool":false,"touchDistance":0.333333,"touchZone":"none","type":3,"width":17.959},{"bases":[[[0.890759,-0.384589,0.242157],[0.344227,0.918826,0.193047],[-0.296743,-0.0886014,0.950838]],[[0.847586,-0.392558,0.357066],[0.456049,0.194813,-0.86837],[0.271324,0.898858,0.344146]],[[0.847586,-0.392558,0.357066],[-0.0994708,-0.778479,-0.619739],[0.521252,0.489764,-0.698876]],[[0.847586,-0.392558,0.357066],[-0.350384,-0.919342,-0.178999],[0.398534,0.026607,-0.916768]]],"btipPosition":[-13.0251,259.885,4.5409],"carpPosition":[-3.63525,296.328,42.1258],"dipPosition":[-6.20053,260.34,-11.1581],"direction":[-0.521252,-0.489764,0.698876],"extended":false,"handId":178,"id":1784,"length":50.1809,"mcpPosition":[13.4591,301.432,-12.6487],"pipPosition":[3.92795,269.857,-24.738],"stabilizedTipPosition":[-5.48688,242.031,26.9414],"timeVisible":1.13872,"tipPosition":[-11.1544,259.78,-0.207288],"tipVelocity":[-43.5466,34.2423,-53.7106],"tool":false,"touchDistance":0.333333,"touchZone":"none","type":4,"width":15.9526}],"r":[[0.868362,0.345249,0.356021],[-0.256078,0.926925,-0.274288],[-0.424702,0.147012,0.893317]],"s":1.0827,"t":[74.7653,179.668,-124.568],"timestamp":2491740284},false],[6,{"currentFrameRate":110.555,"devices":[],"gestures":[],"hands":[{"armBasis":[[0.920531,0.229473,-0.316171],[-0.0144919,0.828809,0.559344],[0.3904,-0.510312,0.76627]],"armWidth":63.3039,"confidence":0.827908,"direction":[0.0405514,0.197137,-0.979537],"elbow":[84.5098,156.196,254.099],"grabStrength":0,"id":178,"palmNormal":[-0.00121828,-0.980333,-0.197348],"palmPosition":[-25.6062,299.519,-5.13839],"palmVelocity":[-63.5531,21.571,-97.7493],"palmWidth":90.3958,"pinchStrength":0.669307,"r":[[0.867612,0.346224,0.3569],[-0.257487,0.926859,-0.273191],[-0.425382,0.145127,0.893302]],"s":1.08512,"sphereCenter":[-42.6763,269.16,-32.9478],"sphereRadius":46.6944,"stabilizedPalmPosition":[-17.6822,285.362,26.0009],"t":[74.1442,179.845,-125.507],"timeVisible":1.14768,"type":"right","wrist":[-20.2098,293.081,48.5574]}],"id":234418,"interactionBox":{"center":[0,200,0],"size":[235.247,235.247,147.751]},"pointables":[{"bases":[[[0.411069,0.911604,0.00127391],[-0.819412,0.368884,0.438735],[0.399482,-0.181394,0.898616]],[[0.30576,0.928708,-0.20979],[-0.922764,0.343336,0.175008],[0.23456,0.140076,0.961956]],[[0.30576,0.928708,-0.20979],[-0.936042,0.252904,-0.244674],[-0.174174,0.271184,0.946638]],[[0.30576,0.928708,-0.20979],[-0.7237,0.0835175,-0.685042],[-0.618683,0.361283,0.697643]]],"btipPosition":[-40.0068,257.62,-47.3402],"carpPosition":[-48.6593,282.153,48.6509],"dipPosition":[-54.3917,266.02,-31.1195],"direction":[0.174174,-0.271184,-0.946638],"extended":false,"handId":178,"id":1780,"length":51.776,"mcpPosition":[-48.6593,282.153,48.6509],"pipPosition":[-60.2915,275.206,0.945927],"stabilizedTipPosition":[-36.937,248.953,-23.8075],"timeVisible":1.14768,"tipPosition":[-42.7689,258.668,-43.5336],"tipVelocity":[-61.5792,30.5138,-101.371],"tool":false,"touchDistance":-0.426482,"touchZone":"touching","type":0,"width":20.1178},{"bases":[[[0.991801,0.0240342,-0.125513],[-0.0177513,0.998544,0.050938],[0.126555,-0.0482924,0.990783]],[[0.99593,0.0221613,-0.0873603],[-0.0116774,0.992857,0.11874],[0.0893677,-0.117236,0.989075]],[[0.99593,0.0221613,-0.0873603],[-0.0223562,0.999749,-0.00125263],[0.0873106,0.00320057,0.996176]],[[0.99593,0.0221613,-0.0873603],[-0.030868,0.994548,-0.0996096],[0.0846765,0.101901,0.991184]]],"btipPosition":[-56.7965,309.945,-112.988],"carpPosition":[-40.1984,303.218,42.3881],"dipPosition":[-55.3592,311.675,-96.1637],"direction":[-0.0873106,-0.00320057,-0.996176],"extended":true,"handId":178,"id":1781,"length":58.4235,"mcpPosition":[-49.4482,306.748,-30.0275],"pipPosition":[-53.2626,311.752,-72.243],"stabilizedTipPosition":[-50.161,301.195,-92.4043],"timeVisible":1.14768,"tipPosition":[-55.9336,309.323,-109.148],"tipVelocity":[-63.5742,42.9232,-97.4061],"tool":false,"touchDistance":-0.413389,"touchZone":"touching","type":1,"width":19.2165},{"bases":[[[0.988177,-0.153293,0.00266668],[0.152963,0.986929,0.0507253],[-0.0104077,-0.0497176,0.998709]],[[0.987291,-0.154855,0.0357354],[0.0878129,0.344135,-0.934805],[0.132462,0.926062,0.35336]],[[0.987291,-0.154855,0.0357354],[-0.0951024,-0.755828,-0.647827],[0.127329,0.636195,-0.760949]],[[0.987291,-0.154855,0.0357354],[-0.149306,-0.980822,-0.125285],[0.0544511,0.118357,-0.991477]]],"btipPosition":[-38.5358,244.145,-5.76075],"carpPosition":[-28.3005,305.226,40.3755],"dipPosition":[-37.5192,246.354,-24.2709],"direction":[-0.127329,-0.636195,0.760949],"extended":false,"handId":178,"id":1782,"length":66.5689,"mcpPosition":[-27.5791,308.672,-28.8474],"pipPosition":[-33.9221,264.327,-45.7683],"stabilizedTipPosition":[-35.2001,229.983,17.3968],"timeVisible":1.14768,"tipPosition":[-38.2743,244.522,-11.4103],"tipVelocity":[-63.5163,30.4311,-50.4715],"tool":false,"touchDistance":0.333333,"touchZone":"none","type":2,"width":18.8731},{"bases":[[[0.961513,-0.232899,0.145774],[0.222763,0.971367,0.082597],[-0.160837,-0.046945,0.985864]],[[0.954231,-0.234605,0.185485],[0.244022,0.252189,-0.936405],[0.172908,0.938809,0.297895]],[[0.954231,-0.234605,0.185485],[-0.0799838,-0.797799,-0.597595],[0.288178,0.555408,-0.780049]],[[0.954231,-0.234605,0.185485],[-0.219033,-0.970507,-0.100698],[0.203638,0.0554617,-0.977474]]],"btipPosition":[-25.5307,249.223,4.6768],"carpPosition":[-16.1538,304.288,39.6393],"dipPosition":[-21.7507,250.252,-13.4671],"direction":[-0.288178,-0.555408,0.780049],"extended":false,"handId":178,"id":1783,"length":64.0077,"mcpPosition":[-6.14472,307.209,-21.712],"pipPosition":[-13.8197,265.537,-34.9349],"stabilizedTipPosition":[-18.6644,233.973,24.0789],"timeVisible":1.14768,"tipPosition":[-24.4701,249.223,-0.759853],"tipVelocity":[-66.6699,26.2735,-80.7786],"tool":false,"touchDistance":0.333333,"touchZone":"none","type":3,"width":17.959},{"bases":[[[0.886323,-0.394042,0.243233],[0.354511,0.915329,0.191037],[-0.297915,-0.0830917,0.950969]],[[0.843023,-0.401264,0.358189],[0.458264,0.187161,-0.868887],[0.281614,0.896637,0.341666]],[[0.843023,-0.401264,0.358189],[-0.108322,-0.778942,-0.61767],[0.526857,0.48191,-0.700131]],[[0.843023,-0.401264,0.358189],[-0.36076,-0.915748,-0.176798],[0.398954,0.019824,-0.916757]]],"btipPosition":[-14.2607,260.027,3.43593],"carpPosition":[-4.46078,296.442,40.917],"dipPosition":[-7.42897,260.367,-12.2628],"direction":[-0.526857,-0.48191,0.700131],"extended":false,"handId":178,"id":1784,"length":50.1809,"mcpPosition":[12.701,301.228,-13.865],"pipPosition":[2.80843,269.731,-25.8671],"stabilizedTipPosition":[-5.57044,242.24,26.6268],"timeVi