{"sensorType":"Leap","data":[[0,{"currentFrameRate":101.12,"devices":[],"gestures":[],"hands":[{"armBasis":[[0.852574,-0.153294,-0.499619],[0.377245,0.842128,0.385365],[0.361669,-0.517031,0.775806]],"armWidth":63.3039,"confidence":0.77283,"direction":[0.0138119,0.462786,-0.886362],"elbow":[86.3408,135.149,242.496],"grabStrength":0,"id":182,"palmNormal":[-0.377045,-0.818599,-0.433281],"palmPosition":[-18.5626,297.726,-13.7787],"palmVelocity":[7.37063,60.9845,-114.634],"palmWidth":90.3958,"pinchStrength":0.865083,"r":[[0.908707,0.0182094,0.417037],[0.0300649,0.993599,-0.108894],[-0.416351,0.111491,0.902342]],"s":1.0759,"sphereCenter":[-31.7181,270.567,-50.3594],"sphereRadius":46.4577,"stabilizedPalmPosition":[-19.0048,293.611,-7.44632],"t":[53.6139,180.369,-106.124],"timeVisible":0.569786,"type":"right","wrist":[-10.6721,273.836,34.396]}],"id":236065,"interactionBox":{"center":[0,200,0],"size":[235.247,235.247,147.751]},"pointables":[{"bases":[[[0.712591,0.685593,0.148915],[-0.582084,0.459257,0.671015],[0.391653,-0.564841,0.726335]],[[0.611149,0.791432,-0.0115211],[-0.669335,0.524524,0.52618],[0.422479,-0.313863,0.850295]],[[0.611149,0.791432,-0.0115211],[-0.790908,0.610045,-0.048057],[-0.0310055,0.0384821,0.998778]],[[0.611149,0.791432,-0.0115211],[-0.698574,0.532485,-0.477969],[-0.372145,0.300158,0.878301]]],"btipPosition":[-52.2417,280.397,-59.0381],"carpPosition":[-40.9932,273.114,37.3821],"dipPosition":[-60.8944,287.376,-38.6169],"direction":[0.0310055,-0.0384821,-0.998778],"extended":false,"handId":182,"id":1820,"length":51.776,"mcpPosition":[-40.9932,273.114,37.3821],"pipPosition":[-61.9446,288.679,-4.78538],"stabilizedTipPosition":[-56.1357,278.137,-46.7969],"timeVisible":0.569786,"tipPosition":[-53.7952,280.787,-54.2635],"tipVelocity":[27.5862,52.448,-122.618],"tool":false,"touchDistance":-0.347534,"touchZone":"touching","type":0,"width":20.1178},{"bases":[[[0.915264,-0.257651,-0.30969],[0.351827,0.885691,0.302935],[0.196238,-0.386223,0.901289]],[[0.933682,-0.308967,-0.181048],[0.35262,0.881368,0.314402],[0.0624298,-0.357393,0.931865]],[[0.933682,-0.308967,-0.181048],[0.338956,0.925599,0.168449],[0.115532,-0.218645,0.968941]],[[0.933682,-0.308967,-0.181048],[0.322189,0.945453,0.0480991],[0.156311,-0.103241,0.982297]]],"btipPosition":[-48.5365,341.696,-110.52],"carpPosition":[-26.1016,291.21,35.0688],"dipPosition":[-45.8833,339.943,-93.8462],"direction":[-0.115532,0.218645,-0.968941],"extended":true,"handId":182,"id":1821,"length":58.4235,"mcpPosition":[-40.4445,319.439,-30.8057],"pipPosition":[-43.1091,334.693,-70.5794],"stabilizedTipPosition":[-49.9139,334.856,-96.0113],"timeVisible":0.569786,"tipPosition":[-47.9565,339.773,-106.84],"tipVelocity":[13.5642,68.7848,-120.343],"tool":false,"touchDistance":-0.31435,"touchZone":"touching","type":1,"width":19.2165},{"bases":[[[0.859883,-0.45465,-0.23215],[0.505721,0.820687,0.265931],[0.0696169,-0.346073,0.935621]],[[0.861002,-0.460837,-0.215186],[0.189259,0.683013,-0.70546],[0.472077,0.566677,0.675293]],[[0.861002,-0.460837,-0.215186],[-0.390447,-0.327777,-0.860298],[0.325924,0.824737,-0.462149]],[[0.861002,-0.460837,-0.215186],[-0.508106,-0.76072,-0.403898],[0.0224348,0.457094,-0.889135]]],"btipPosition":[-51.603,254.835,-36.2254],"carpPosition":[-14.5455,289.816,31.306],"dipPosition":[-51.1841,263.368,-52.8249],"direction":[-0.325924,-0.824737,0.462149],"extended":false,"handId":182,"id":1822,"length":66.5689,"mcpPosition":[-19.3709,313.803,-33.5441],"pipPosition":[-41.9766,286.668,-65.881],"stabilizedTipPosition":[-56.2767,252.352,-29.3881],"timeVisible":0.569786,"tipPosition":[-51.4802,256.535,-39.3322],"tipVelocity":[39.5733,38.7401,-114.645],"tool":false,"touchDistance":0.333333,"touchZone":"none","type":2,"width":18.8731},{"bases":[[[0.820169,-0.561187,-0.111318],[0.567825,0.774656,0.278356],[-0.0699766,-0.291508,0.954006]],[[0.817818,-0.569337,-0.0838404],[0.326466,0.578971,-0.747136],[0.473913,0.58365,0.659362]],[[0.817818,-0.569337,-0.0838404],[-0.349339,-0.375379,-0.858518],[0.457314,0.7314,-0.505884]],[[0.817818,-0.569337,-0.0838404],[-0.552555,-0.736158,-0.390838],[0.160799,0.365961,-0.916633]]],"btipPosition":[-35.9585,250.622,-29.7374],"carpPosition":[-3.70668,285.311,27.9619],"dipPosition":[-32.9737,257.415,-46.752],"direction":[-0.457314,-0.7314,0.505884],"extended":false,"handId":182,"id":1823,"length":64.0077,"mcpPosition":[0.648026,303.451,-31.4068],"pipPosition":[-20.388,277.544,-60.6744],"stabilizedTipPosition":[-37.4087,249.643,-28.6855],"timeVisible":0.569786,"tipPosition":[-35.1954,252.04,-33.5009],"tipVelocity":[38.8898,50.5671,-116.845],"tool":false,"touchDistance":0.333333,"touchZone":"none","type":3,"width":17.959},{"bases":[[[0.701387,-0.711384,-0.0446057],[0.680051,0.649123,0.340836],[-0.213511,-0.269392,0.939064]],[[0.717224,-0.685421,-0.125649],[0.387967,0.542551,-0.745064],[0.578854,0.48563,0.655051]],[[0.717224,-0.685421,-0.125649],[-0.429491,-0.292814,-0.854282],[0.548751,0.666676,-0.504395]],[[0.717224,-0.685421,-0.125649],[-0.666821,-0.622719,-0.409355],[0.202337,0.377385,-0.903682]]],"btipPosition":[-17.7673,253.183,-26.9531],"carpPosition":[4.39494,274.14,24.8781],"dipPosition":[-14.3024,259.645,-42.428],"direction":[-0.548751,-0.666676,0.504395],"extended":false,"handId":182,"id":1824,"length":50.1809,"mcpPosition":[16.6946,289.659,-29.2181],"pipPosition":[-3.63958,272.6,-52.229],"stabilizedTipPosition":[-18.4303,252.553,-27.3517],"timeVisible":0.569786,"tipPosition":[-17.0335,254.549,-30.3221],"tipVelocity":[38.7887,58.5881,-97.3362],"tool":false,"touchDistance":0.333333,"touchZone":"none","type":4,"width":15.9526}],"r":[[0.908707,0.0182094,0.417037],[0.0300649,0.993599,-0.108894],[-0.416351,0.111491,0.902342]],"s":1.0759,"t":[53.6139,180.369,-106.124],"timestamp":2506897943},false],[1,{"currentFrameRate":101.659,"devices":[],"gestures":[],"hands":[{"armBasis":[[0.854201,-0.151458,-0.497395],[0.37446,0.84289,0.386415],[0.360723,-0.51633,0.776712]],"armWidth":63.3039,"confidence":0.770281,"direction":[0.0151137,0.45891,-0.888354],"elbow":[86.0657,135.998,241.886],"grabStrength":0,"id":182,"palmNormal":[-0.374169,-0.821308,-0.43064],"palmPosition":[-18.5105,298.158,-14.7562],"palmVelocity":[6.97835,57.7572,-113.678],"palmWidth":90.3958,"pinchStrength":0.863749,"r":[[0.906521,0.0258216,0.421369],[0.0233127,0.993543,-0.111039],[-0.421516,0.110482,0.900066]],"s":1.07845,"sphereCenter":[-31.667,270.953,-51.2114],"sphereRadius":46.4255,"stabilizedPalmPosition":[-18.9712,293.92,-7.94274],"t":[53.707,181.069,-107.647],"timeVisible":0.578585,"type":"right","wrist":[-10.6936,274.497,33.5435]}],"id":236066,"interactionBox":{"center":[0,200,0],"size":[235.247,235.247,147.751]},"pointables":[{"bases":[[[0.710734,0.687774,0.147729],[-0.5848,0.460952,0.667483],[0.390981,-0.560794,0.729824]],[[0.609989,0.792308,-0.0127258],[-0.671248,0.525188,0.523071],[0.421117,-0.310525,0.852194]],[[0.609989,0.792308,-0.0127258],[-0.791686,0.608666,-0.0525247],[-0.03387,0.0421143,0.998539]],[[0.609989,0.792308,-0.0127258],[-0.696289,0.52826,-0.485925],[-0.37828,0.30527,0.873908]]],"btipPosition":[-51.962,280.598,-59.9495],"carpPosition":[-41.0207,273.723,36.4547],"dipPosition":[-60.7573,287.696,-39.6305],"direction":[0.03387,-0.0421143,-0.998539],"extended":false,"handId":182,"id":1820,"length":51.776,"mcpPosition":[-41.0207,273.723,36.4547],"pipPosition":[-61.9046,289.122,-5.80702],"stabilizedTipPosition":[-56.0285,278.341,-47.2195],"timeVisible":0.578585,"tipPosition":[-53.5815,281.037,-55.2174],"tipVelocity":[27.7149,45.3094,-118.208],"tool":false,"touchDistance":-0.355137,"touchZone":"touching","type":0,"width":20.1178},{"bases":[[[0.916612,-0.25704,-0.306192],[0.349145,0.887771,0.299935],[0.194733,-0.381829,0.903485]],[[0.934754,-0.307479,-0.178018],[0.350021,0.882956,0.312847],[0.0609884,-0.354745,0.932972]],[[0.934754,-0.307479,-0.178018],[0.336726,0.926537,0.167764],[0.113357,-0.216761,0.969621]],[[0.934754,-0.307479,-0.178018],[0.320364,0.946072,0.0481058],[0.153627,-0.101998,0.982851]]],"btipPosition":[-48.3275,341.825,-111.722],"carpPosition":[-26.1619,291.84,34.1],"dipPosition":[-45.7198,340.094,-95.039],"direction":[-0.113357,0.216761,-0.969621],"extended":true,"handId":182,"id":1821,"length":58.4235,"mcpPosition":[-40.3947,319.748,-31.935],"pipPosition":[-42.9978,334.889,-71.7559],"stabilizedTipPosition":[-49.8277,335.115,-96.479],"timeVisible":0.578585,"tipPosition":[-47.7527,339.91,-108.042],"tipVelocity":[15.989,54.3718,-124.665],"tool":false,"touchDistance":-0.32925,"touchZone":"touching","type":1,"width":19.2165},{"bases":[[[0.861452,-0.453816,-0.227928],[0.503273,0.822936,0.263615],[0.0679373,-0.341802,0.937313]],[[0.862542,-0.459936,-0.210902],[0.189145,0.679684,-0.708699],[0.469303,0.571392,0.67325]],[[0.862542,-0.459936,-0.210902],[-0.387954,-0.33357,-0.859199],[0.324826,0.822915,-0.466152]],[[0.862542,-0.459936,-0.210902],[-0.505454,-0.764141,-0.400755],[0.0231631,0.452269,-0.891581]]],"btipPosition":[-51.384,255.093,-37.019],"carpPosition":[-14.5932,290.454,30.3732],"dipPosition":[-50.9515,263.536,-53.6641],"direction":[-0.324826,-0.822915,0.466152],"extended":false,"handId":182,"id":1822,"length":66.5689,"mcpPosition":[-19.3021,314.146,-34.5942],"pipPosition":[-41.775,286.784,-66.8333],"stabilizedTipPosition":[-56.1281,252.491,-29.7292],"timeVisible":0.578585,"tipPosition":[-51.2654,256.786,-40.1859],"tipVelocity":[35.7139,35.5697,-108.379],"tool":false,"touchDistance":0.333333,"touchZone":"none","type":2,"width":18.8731},{"bases":[[[0.821654,-0.559905,-0.10673],[0.565443,0.777094,0.276402],[-0.0718198,-0.287456,0.955097]],[[0.819218,-0.568028,-0.078908],[0.328081,0.57706,-0.747907],[0.470366,0.58681,0.659097]],[[0.819218,-0.568028,-0.078908],[-0.345458,-0.378963,-0.858514],[0.457756,0.730569,-0.506683]],[[0.819218,-0.568028,-0.078908],[-0.54977,-0.738718,-0.389935],[0.163203,0.362823,-0.917455]]],"btipPosition":[-35.7726,250.958,-30.6413],"carpPosition":[-3.73611,285.958,27.0769],"dipPosition":[-32.7432,257.693,-47.6711],"direction":[-0.457756,-0.730569,0.506683],"extended":false,"handId":182,"id":1823,"length":64.0077,"mcpPosition":[0.733298,303.846,-32.3597],"pipPosition":[-20.1452,277.799,-61.6156],"stabilizedTipPosition":[-37.224,249.87,-29.1506],"timeVisible":0.578585,"tipPosition":[-34.9992,252.363,-34.3783],"tipVelocity":[34.4198,46.8139,-113.15],"tool":false,"touchDistance":0.333333,"touchZone":"none","type":3,"width":17.959},{"bases":[[[0.703021,-0.710062,-0.0396628],[0.677776,0.652079,0.339724],[-0.215362,-0.265716,0.939688]],[[0.719015,-0.684416,-0.120797],[0.387567,0.539134,-0.747747],[0.576896,0.490825,0.652903]],[[0.719015,-0.684416,-0.120797],[-0.427964,-0.299068,-0.85288],[0.547598,0.664931,-0.50794]],[[0.719015,-0.684416,-0.120797],[-0.664814,-0.62666,-0.406595],[0.202581,0.372656,-0.905588]]],"btipPosition":[-17.5712,253.555,-27.627],"carpPosition":[4.39736,274.791,24.0632],"dipPosition":[-14.1022,259.936,-43.1345],"direction":[-0.547598,-0.664931,0.50794],"extended":false,"handId":182,"id":1824,"length":50.1809,"mcpPosition":[16.8036,290.098,-30.069],"pipPosition":[-3.46176,272.856,-53.0043],"stabilizedTipPosition":[-18.2205,252.866,-27.8383],"timeVisible":0.578585,"tipPosition":[-16.8375,254.91,-31.0488],"tipVelocity":[34.371,53.6127,-91.9757],"tool":false,"touchDistance":0.333333,"touchZone":"none","type":4,"width":15.9526}],"r":[[0.906521,0.0258216,0.421369],[0.0233127,0.993543,-0.111039],[-0.421516,0.110482,0.900066]],"s":1.07845,"t":[53.707,181.069,-107.647],"timestamp":2506906742},false],[2,{"currentFrameRate":101.934,"devices":[],"gestures":[],"hands":[{"armBasis":[[0.858497,-0.144438,-0.492058],[0.366421,0.844061,0.391531],[0.358775,-0.516429,0.777549]],"armWidth":63.3039,"confidence":0.732035,"direction":[0.015856,0.453006,-0.891367],"elbow":[85.4774,137.232,240.767],"grabStrength":0,"id":182,"palmNormal":[-0.366081,-0.826949,-0.42678],"palmPosition":[-18.526,299.033,-16.295],"palmVelocity":[4.54168,68.0498,-128.356],"palmWidth":90.3958,"pinchStrength":0.857401,"r":[[0.904275,0.0338201,0.42561],[0.0165546,0.993331,-0.114105],[-0.42663,0.110228,0.897684]],"s":1.0807,"sphereCenter":[-31.6067,271.743,-52.5583],"sphereRadius":46.3768,"stabilizedPalmPosition":[-18.9445,294.227,-8.44375],"t":[53.7458,181.856,-109.178],"timeVisible":0.587869,"type":"right","wrist":[-10.7592,275.757,32.1996]}],"id":236067,"interactionBox":{"center":[0,200,0],"size":[235.247,235.247,147.751]},"pointables":[{"bases":[[[0.704936,0.694011,0.146333],[-0.591291,0.461091,0.661642],[0.391715,-0.552941,0.735402]],[[0.605597,0.795661,-0.0132826],[-0.675986,0.523173,0.518973],[0.419876,-0.30531,0.854687]],[[0.605597,0.795661,-0.0132826],[-0.794807,0.603957,-0.0593121],[-0.0391702,0.0464763,0.998151]],[[0.605597,0.795661,-0.0132826],[-0.694287,0.520134,-0.49742],[-0.388869,0.310458,0.867408]]],"btipPosition":[-51.5471,281.126,-61.3873],"carpPosition":[-41.0931,274.778,34.9762],"dipPosition":[-60.5886,288.344,-41.2194],"direction":[0.0391702,-0.0464763,-0.998151],"extended":false,"handId":182,"id":1820,"length":51.776,"mcpPosition":[-41.0931,274.778,34.9762],"pipPosition":[-61.9154,289.918,-7.40912],"stabilizedTipPosition":[-55.9235,278.535,-47.6362],"timeVisible":0.587869,"tipPosition":[-53.2656,281.608,-56.7265],"tipVelocity":[30.7808,49.4051,-129.6],"tool":false,"touchDistance":-0.370046,"touchZone":"touching","type":0,"width":20.1178},{"bases":[[[0.919901,-0.25229,-0.300219],[0.341175,0.892341,0.295513],[0.193342,-0.37427,0.90694]],[[0.93772,-0.301208,-0.173077],[0.342218,0.886615,0.311128],[0.0597385,-0.350981,0.934475]],[[0.93772,-0.301208,-0.173077],[0.329433,0.929137,0.167862],[0.110251,-0.214425,0.970498]],[[0.93772,-0.301208,-0.173077],[0.313739,0.948211,0.0496331],[0.149164,-0.100843,0.983657]]],"btipPosition":[-48.218,342.185,-113.606],"carpPosition":[-26.3578,292.988,32.5672],"dipPosition":[-45.6861,340.473,-96.9096],"direction":[-0.110251,0.214425,-0.970498],"extended":true,"handId":182,"id":1821,"length":58.4235,"mcpPosition":[-40.489,320.344,-33.7203],"pipPosition":[-43.0387,335.324,-73.6054],"stabilizedTipPosition":[-49.7554,335.335,-96.9177],"timeVisible":0.587869,"tipPosition":[-47.6448,340.279,-109.927],"tipVelocity":[14.2758,50.0945,-146.64],"tool":false,"touchDistance":-0.352875,"touchZone":"touching","type":1,"width":19.2165},{"bases":[[[0.865834,-0.448937,-0.220877],[0.495945,0.828408,0.260343],[0.0660985,-0.334957,0.939912]],[[0.866892,-0.454945,-0.203774],[0.185957,0.674401,-0.714565],[0.462513,0.581557,0.669233]],[[0.866892,-0.454945,-0.203774],[-0.38279,-0.345664,-0.856731],[0.319328,0.820696,-0.473801]],[[0.866892,-0.454945,-0.203774],[-0.498002,-0.772167,-0.394654],[0.0221979,0.443602,-0.895949]]],"btipPosition":[-50.9268,255.565,-38.1791],"carpPosition":[-14.7619,291.664,28.9032],"dipPosition":[-50.5123,263.847,-54.9058],"direction":[-0.319328,-0.820696,0.473801],"extended":false,"handId":182,"id":1822,"length":66.5689,"mcpPosition":[-19.3434,314.88,-36.2444],"pipPosition":[-41.4911,287.032,-68.291],"stabilizedTipPosition":[-55.9904,252.62,-30.0488],"timeVisible":0.587869,"tipPosition":[-50.8294,257.254,-41.4953],"tipVelocity":[39.4029,38.7571,-113.623],"tool":false,"touchDistance":0.333333,"touchZone":"none","type":2,"width":18.8731},{"bases":[[[0.826258,-0.554498,-0.0991467],[0.558392,0.783117,0.273727],[-0.0741377,-0.281532,0.956684]],[[0.8237,-0.562591,-0.0707781],[0.328746,0.575528,-0.748795],[0.462,0.593515,0.659012]],[[0.8237,-0.562591,-0.0707781],[-0.337285,-0.385792,-0.858722],[0.455803,0.731202,-0.50753]],[[0.8237,-0.562591,-0.0707781],[-0.542157,-0.744855,-0.388918],[0.166082,0.358725,-0.91855]]],"btipPosition":[-35.3772,251.618,-32.0821],"carpPosition":[-3.85667,287.225,25.6874],"dipPosition":[-32.2944,258.277,-49.1322],"direction":[-0.455803,-0.731202,0.50753],"extended":false,"handId":182,"id":1823,"length":64.0077,"mcpPosition":[0.756987,304.745,-33.8479],"pipPosition":[-19.7502,278.4,-63.1],"stabilizedTipPosition":[-37.0547,250.087,-29.6045],"timeVisible":0.587869,"tipPosition":[-34.5919,253.007,-35.7792],"tipVelocity":[37.0949,53.1272,-125.142],"tool":false,"touchDistance":0.333333,"touchZone":"none","type":3,"width":17.959},{"bases":[[[0.708427,-0.705076,-0.0316102],[0.67135,0.659369,0.338412],[-0.217763,-0.260962,0.940467]],[[0.724614,-0.679849,-0.112873],[0.386318,0.536341,-0.750397],[0.570696,0.500143,0.651278]],[[0.724614,-0.679849,-0.112873],[-0.422767,-0.30917,-0.85187],[0.544246,0.664995,-0.511447]],[[0.724614,-0.679849,-0.112873],[-0.658608,-0.63492,-0.40387],[0.202905,0.366989,-0.907826]]],"btipPosition":[-17.1798,254.357,-28.7845],"carpPosition":[4.37305,276.1,22.7871],"dipPosition":[-13.7052,260.642,-44.3303],"direction":[-0.544246,-0.664995,0.511447],"extended":false,"handId":182,"id":1824,"length":50.1809,"mcpPosition":[16.9176,291.133,-31.39],"pipPosition":[-3.12992,273.563,-54.2683],"stabilizedTipPosition":[-18.013,253.197,-28.3481],"timeVisible":0.587869,"tipPosition":[-16.4467,255.696,-32.248],"tipVelocity":[36.606,62.1992,-101.462],"tool":false,"touchDistance":0.333333,"touchZone":"none","type":4,"width":15.9526}],"r":[[0.904275,0.0338201,0.42561],[0.0165546,0.993331,-0.114105],[-0.42663,0.110228,0.897684]],"s":1.0807,"t":[53.7458,181.856,-109.178],"timestamp":2506916026},false],[3,{"currentFrameRate":102.471,"devices":[],"gestures":[],"hands":[{"armBasis":[[0.860093,-0.140597,-0.490381],[0.363363,0.843552,0.395458],[0.358062,-0.518317,0.77662]],"armWidth":63.3039,"confidence":0.738943,"direction":[0.0175777,0.446387,-0.894668],"elbow":[85.2474,137.591,239.759],"grabStrength":0,"id":182,"palmNormal":[-0.363005,-0.8309,-0.421702],"palmPosition":[-18.468,299.52,-17.2487],"palmVelocity":[5.10459,64.7656,-123.235],"palmWidth":90.3958,"pinchStrength":0.849693,"r":[[0.902141,0.0412445,0.429465],[0.010804,0.992948,-0.118055],[-0.431306,0.111142,0.895334]],"s":1.08293,"sphereCenter":[-31.6903,272.182,-53.2878],"sphereRadius":46.344,"stabilizedPalmPosition":[-18.9219,294.477,-8.86118],"t":[53.7943,182.493,-110.421],"timeVisible":0.596601,"type":"right","wrist":[-10.7979,276.623,31.4412]}],"id":236068,"interactionBox":{"center":[0,200,0],"size":[235.247,235.247,147.751]},"pointables":[{"bases":[[[0.702993,0.696615,0.143276],[-0.594282,0.464719,0.656403],[0.390677,-0.546593,0.74068]],[[0.605781,0.795495,-0.0147412],[-0.676741,0.524915,0.516223],[0.41839,-0.302742,0.856327]],[[0.605781,0.795495,-0.0147412],[-0.794531,0.603866,-0.0637638],[-0.0418221,0.0503393,0.997856]],[[0.605781,0.795495,-0.0147412],[-0.690645,0.516557,-0.50614],[-0.395017,0.316791,0.862325]]],"btipPosition":[-51.2854,281.541,-62.183],"carpPosition":[-41.1378,275.598,34.1337],"dipPosition":[-60.4698,288.906,-42.1333],"direction":[0.0418221,-0.0503393,-0.997856],"extended":false,"handId":182,"id":1820,"length":51.776,"mcpPosition":[-41.1378,275.598,34.1337],"pipPosition":[-61.8865,290.612,-8.33294],"stabilizedTipPosition":[-55.8333,278.703,-47.9911],"timeVisible":0.596601,"tipPosition":[-53.0636,282.043,-57.5802],"tipVelocity":[29.5566,49.9449,-120.135],"tool":false,"touchDistance":-0.373717,"touchZone":"touching","type":0,"width":20.1178},{"bases":[[[0.921347,-0.252516,-0.295559],[0.338356,0.895258,0.289878],[0.191402,-0.367082,0.910284]],[[0.938772,-0.299859,-0.169684],[0.339571,0.888587,0.308389],[0.0583055,-0.347126,0.936004]],[[0.938772,-0.299859,-0.169684],[0.32722,0.930142,0.16662],[0.107867,-0.211942,0.971311]],[[0.938772,-0.299859,-0.169684],[0.312016,0.948783,0.0495679],[0.14613,-0.099477,0.984251]]],"btipPosition":[-47.9831,342.246,-114.879],"carpPosition":[-26.4345,293.823,31.6334],"dipPosition":[-45.5027,340.558,-98.1725],"direction":[-0.107867,0.211942,-0.971311],"extended":true,"handId":182,"id":1821,"length":58.4235,"mcpPosition":[-40.424,320.652,-34.8985],"pipPosition":[-42.9126,335.468,-74.8489],"stabilizedTipPosition":[-49.6984,335.494,-97.2613],"timeVisible":0.596601,"tipPosition":[-47.4079,340.351,-111.202],"tipVelocity":[17.2916,38.7366,-146.341],"tool":false,"touchDistance":-0.364982,"touchZone":"touching","type":1,"width":19.2165},{"bases":[[[0.867464,-0.448684,-0.214916],[0.493369,0.831402,0.255651],[0.063975,-0.327801,0.942578]],[[0.868483,-0.454562,-0.197765],[0.185789,0.668339,-0.720282],[0.459587,0.588809,0.664893]],[[0.868483,-0.454562,-0.197765],[-0.380271,-0.354978,-0.85404],[0.318012,0.816924,-0.481149]],[[0.868483,-0.454562,-0.197765],[-0.495194,-0.777169,-0.388319],[0.022818,0.43518,-0.900054]]],"btipPosition":[-50.6768,255.818,-38.7608],"carpPosition":[-14.8249,292.496,28.0142],"dipPosition":[-50.2508,263.942,-55.5642],"direction":[-0.318012,-0.816924,0.481149],"extended":false,"handId":182,"id":1822,"length":66.5689,"mcpPosition":[-19.2591,315.216,-37.3181],"pipPosition":[-41.2667,287.021,-69.1569],"stabilizedTipPosition":[-55.8777,252.726,-30.3109],"timeVisible":0.596601,"tipPosition":[-50.5877,257.491,-42.176],"tipVelocity":[36.6011,35.0224,-101.583],"tool":false,"touchDistance":0.333333,"touchZone":"none","type":2,"width":18.8731},{"bases":[[[0.827747,-0.553421,-0.092522],[0.555873,0.786348,0.26956],[-0.0764261,-0.274558,0.958528]],[[0.825112,-0.561331,-0.0640173],[0.329878,0.570659,-0.752017],[0.458662,0.59938,0.656028]],[[0.825112,-0.561331,-0.0640173],[-0.333815,-0.392964,-0.856824],[0.455805,0.728345,-0.51162]],[[0.825112,-0.561331,-0.0640173],[-0.539383,-0.748957,-0.384877],[0.168097,0.352097,-0.920745]]],"btipPosition":[-35.1678,251.958,-32.734],"carpPosition":[-3.90037,288.057,24.8645],"dipPosition":[-32.0476,258.493,-49.8249],"direction":[-0.455805,-0.728346,0.51162],"extended":false,"handId":182,"id":1823,"length":64.0077,"mcpPosition":[0.855697,305.143,-34.7856],"pipPosition":[-19.5033,278.538,-63.9052],"stabilizedTipPosition":[-36.9219,250.259,-29.9645],"timeVisible":0.596601,"tipPosition":[-34.3756,253.32,-36.4411],"tipVelocity":[33.8496,48.4437,-111.92],"tool":false,"touchDistance":0.333333,"touchZone":"none","type":3,"width":17.959},{"bases":[[[0.710037,-0.703748,-0.0242197],[0.6689,0.663331,0.335506],[-0.220046,-0.254422,0.941727]],[[0.726421,-0.67908,-0.105657],[0.387431,0.531625,-0.753175],[0.567636,0.506188,0.64928]],[[0.726421,-0.67908,-0.105657],[-0.419548,-0.316423,-0.850797],[0.544327,0.662365,-0.514763]],[[0.726421,-0.67908,-0.105657],[-0.656029,-0.639365,-0.401046],[0.204789,0.360642,-0.909944]]],"btipPosition":[-16.9857,254.757,-29.4012],"carpPosition":[4.36204,276.928,22.072],"dipPosition":[-13.4788,260.933,-44.9833],"direction":[-0.544327,-0.662365,0.514763],"extended":false,"handId":182,"id":1824,"length":50.1809,"mcpPosition":[17.0381,291.585,-32.1776],"pipPosition":[-2.90195,273.803,-54.9857],"stabilizedTipPosition":[-17.8454,253.469,-28.772],"timeVisible":0.596601,"tipPosition":[-16.2455,256.071,-32.873],"tipVelocity":[32.9869,57.0303,-93.4657],"tool":false,"touchDistance":0.333333,"touchZone":"none","type":4,"width":15.9526}],"r":[[0.902141,0.0412445,0.429465],[0.010804,0.992948,-0.118055],[-0.431306,0.111142,0.895334]],"s":1.08293,"t":[53.7943,182.493,-110.421],"timestamp":2506924758},false],[4,{"currentFrameRate":102.706,"devices":[],"gestures":[],"hands":[{"armBasis":[[0.86145,-0.139093,-0.488422],[0.36142,0.843558,0.397223],[0.356762,-0.518713,0.776954]],"armWidth":63.3039,"confidence":0.742811,"direction":[0.0177526,0.443137,-0.896278],"elbow":[84.8987,138.088,239.07],"grabStrength":0,"id":182,"palmNormal":[-0.361096,-0.833076,-0.419041],"palmPosition":[-18.4561,299.931,-18.1191],"palmVelocity":[4.0265,58.9772,-114.899],"palmWidth":90.3958,"pinchStrength":0.844087,"r":[[0.900279,0.0478183,0.432679],[0.00589642,0.992518,-0.121959],[-0.435273,0.112348,0.893261]],"s":1.08506,"sphereCenter":[-31.9132,272.683,-54.0216],"sphereRadius":46.3172,"stabilizedPalmPosition":[-18.9025,294.705,-9.24784],"t":[53.8245,183.018,-111.477],"timeVisible":0.605892,"type":"right","wrist":[-10.798,277.226,30.6625]}],"id":236069,"interactionBox":{"center":[0,200,0],"size":[235.247,235.247,147.751]},"pointables":[{"bases":[[[0.701617,0.698369,0.14147],[-0.595799,0.466074,0.654063],[0.390842,-0.543189,0.743093]],[[0.606519,0.794946,-0.0139753],[-0.676299,0.525078,0.516636],[0.418036,-0.303898,0.856091]],[[0.606519,0.794946,-0.0139753],[-0.793914,0.604598,-0.0645107],[-0.0428331,0.0502222,0.997819]],[[0.606519,0.794946,-0.0139753],[-0.688046,0.515987,-0.510245],[-0.398406,0.319089,0.859915]]],"btipPosition":[-51.1558,282.108,-62.9212],"carpPosition":[-41.1389,276.158,33.3265],"dipPosition":[-60.4191,289.527,-42.9275],"direction":[0.0428331,-0.0502222,-0.997819],"extended":false,"handId":182,"id":1820,"length":51.776,"mcpPosition":[-41.1389,276.158,33.3265],"pipPosition":[-61.87,291.229,-9.12844],"stabilizedTipPosition":[-55.746,278.878,-48.3449],"timeVisible":0.605892,"tipPosition":[-52.9849,282.606,-58.3578],"tipVelocity":[24.6017,53.4591,-109.051],"tool":false,"touchDistance":-0.375945,"touchZone":"touching","type":0,"width":20.1178},{"bases":[[[0.922104,-0.251978,-0.293651],[0.336475,0.896907,0.286955],[0.191071,-0.363408,0.911826]],[[0.939357,-0.298228,-0.169318],[0.337908,0.889175,0.308523],[0.0585431,-0.347027,0.936026]],[[0.939357,-0.298228,-0.169318],[0.325709,0.930374,0.168281],[0.107343,-0.213225,0.971088]],[[0.939357,-0.298228,-0.169318],[0.310746,0.949049,0.0523725],[0.145072,-0.101811,0.984169]]],"btipPosition":[-47.9689,342.62,-115.844],"carpPosition":[-26.4649,294.399,30.775],"dipPosition":[-45.5065,340.892,-99.1392],"direction":[-0.107343,0.213225,-0.971088],"extended":true,"handId":182,"id":1821,"length":58.4235,"mcpPosition":[-40.4302,320.96,-35.8696],"pipPosition":[-42.9289,335.772,-75.8209],"stabilizedTipPosition":[-49.6518,335.63,-97.5605],"timeVisible":0.605892,"tipPosition":[-47.3854,340.724,-112.177],"tipVelocity":[12.7197,38.8835,-134.377],"tool":false,"touchDistance":-0.3713,"touchZone":"touching","type":1,"width":19.2165},{"bases":[[[0.868479,-0.447943,-0.212347],[0.491637,0.833198,0.253128],[0.0635407,-0.324234,0.943841]],[[0.86949,-0.453757,-0.195173],[0.185848,0.666615,-0.721862],[0.457655,0.591379,0.663945]],[[0.86949,-0.453757,-0.195173],[-0.37847,-0.358094,-0.853539],[0.317408,0.816011,-0.483093]],[[0.86949,-0.453757,-0.195173],[-0.493405,-0.779277,-0.386367],[0.0232224,0.432241,-0.901459]]],"btipPosition":[-50.5689,256.111,-39.5628],"carpPosition":[-14.8491,293.079,27.1731],"dipPosition":[-50.1354,264.181,-56.3924],"direction":[-0.317408,-0.816011,0.483093],"extended":false,"handId":182,"id":1822,"length":66.5689,"mcpPosition":[-19.2532,315.552,-38.2467],"pipPosition":[-41.1683,287.234,-70.0401],"stabilizedTipPosition":[-55.7787,252.822,-30.5511],"timeVisible":0.605892,"tipPosition":[-50.4766,257.773,-42.976],"tipVelocity":[29.605,33.6756,-97.4621],"tool":false,"touchDistance":0.333333,"touchZone":"none","type":2,"width":18.8731},{"bases":[[[0.828814,-0.552301,-0.0896125],[0.554204,0.788305,0.267268],[-0.0769705,-0.271179,0.959446]],[[0.826142,-0.560163,-0.060881],[0.329773,0.56829,-0.753854],[0.45688,0.602714,0.654215]],[[0.826142,-0.560163,-0.060881],[-0.332366,-0.39721,-0.855428],[0.454997,0.72694,-0.514331]],[[0.826142,-0.560163,-0.060881],[-0.53777,-0.751602,-0.381965],[0.168205,0.348298,-0.922169]]],"btipPosition":[-35.0476,252.3,-33.4228],"carpPosition":[-3.91347,288.648,24.0513],"dipPosition":[-31.9254,258.765,-50.5401],"direction":[-0.454997,-0.72694,0.514331],"extended":false,"handId":182,"id":1823,"length":64.0077,"mcpPosition":[0.876484,305.524,-35.6559],"pipPosition":[-19.4034,278.771,-64.6951],"stabilizedTipPosition":[-36.8082,250.414,-30.2888],"timeVisible":0.605892,"tipPosition":[-34.2596,253.645,-37.1501],"tipVelocity":[27.963,44.6698,-101.446],"tool":false,"touchDistance":0.333333,"touchZone":"none","type":3,"width":17.959},{"bases":[[[0.711295,-0.702583,-0.0208852],[0.667377,0.66573,0.333785],[-0.220607,-0.251358,0.942418]],[[0.72775,-0.678131,-0.102555],[0.387505,0.529937,-0.754325],[0.565879,0.50922,0.648441]],[[0.72775,-0.678131,-0.102555],[-0.41796,-0.319957,-0.850257],[0.543773,0.661639,-0.51628]],[[0.72775,-0.678131,-0.102555],[-0.654468,-0.641942,-0.399478],[0.205065,0.357839,-0.910988]]],"btipPosition":[-16.8762,255.131,-30.1278],"carpPosition":[4.37143,277.524,21.3084],"dipPosition":[-13.3646,261.259,-45.7278],"direction":[-0.543773,-0.661639,0.51628],"extended":false,"handId":182,"id":1824,"length":50.1809,"mcpPosition":[17.0799,292.004,-32.981],"pipPosition":[-2.7985,274.115,-55.7597],"stabilizedTipPosition":[-17.701,253.719,-29.1738],"timeVisible":0.605892,"tipPosition":[-16.1357,256.435,-33.5973],"tipVelocity":[27.0394,51.9765,-89.286],"tool":false,"touchDistance":0.333333,"touchZone":"none","type":4,"width":15.9526}],"r":[[0.900279,0.0478183,0.432679],[0.00589642,0.992518,-0.121959],[-0.435273,0.112348,0.893261]],"s":1.08506,"t":[53.8245,183.018,-111.477],"timestamp":2506934049},false],[5,{"currentFrameRate":103.139,"devices":[],"gestures":[],"hands":[{"armBasis":[[0.86377,-0.13615,-0.485145],[0.357443,0.844178,0.399497],[0.355157,-0.518485,0.777841]],"armWidth":63.3039,"confidence":0.745363,"direction":[0.0185658,0.441186,-0.897224],"elbow":[84.3924,138.558,238.925],"grabStrength":0,"id":182,"palmNormal":[-0.357136,-0.835251,-0.418103],"palmPosition":[-18.4826,300.204,-18.5727],"palmVelocity":[2.12124,51.3374,-97.5931],"palmWidth":90.3958,"pinchStrength":0.836857,"r":[[0.898492,0.0538933,0.43567],[0.00136493,0.992088,-0.125538],[-0.438988,0.11339,0.891309]],"s":1.08734,"sphereCenter":[-32.0656,273.087,-54.4058],"sphereRadius":46.3042,"stabilizedPalmPosition":[-18.8882,294.891,-9.56346],"t":[53.8262,183.416,-112.232],"timeVisible":0.614766,"type":"right","wrist":[-10.8737,277.635,30.2796]}],"id":236070,"interactionBox":{"center":[0,200,0],"size":[235.247,235.247,147.751]},"pointables":[{"bases":[[[0.698841,0.701097,0.141722],[-0.5991,0.465485,0.651462],[0.390768,-0.540174,0.745327]],[[0.606091,0.79532,-0.0108983],[-0.67734,0.523267,0.51711],[0.416971,-0.306034,0.85585]],[[0.606091,0.79532,-0.0108983],[-0.79415,0.604319,-0.0642176],[-0.0444875,0.0475766,0.997876]],[[0.606091,0.79532,-0.0108983],[-0.686405,0.516069,-0.512369],[-0.401873,0.318023,0.858696]]],"btipPosition":[-51.0451,282.639,-63.3422],"carpPosition":[-41.2177,276.469,32.8671],"dipPosition":[-60.389,290.034,-43.3769],"direction":[0.0444875,-0.0475766,-0.997876],"extended":false,"handId":182,"id":1820,"length":51.776,"mcpPosition":[-41.2177,276.469,32.8671],"pipPosition":[-61.8959,291.645,-9.57585],"stabilizedTipPosition":[-55.6647,279.053,-48.6768],"timeVisible":0.614766,"tipPosition":[-52.8955,283.097,-58.8033],"tipVelocity":[20.7453,55.0199,-92.5354],"tool":false,"touchDistance":-0.373097,"touchZone":"touching","type":0,"width":20.1178},{"bases":[[[0.923728,-0.249458,-0.290685],[0.33264,0.898701,0.28581],[0.189941,-0.360704,0.913135]],[[0.940693,-0.294771,-0.167948],[0.334334,0.88952,0.311407],[0.057599,-0.349089,0.935318]],[[0.940693,-0.294771,-0.167948],[0.322454,0.930726,0.172548],[0.105451,-0.21647,0.970578]],[[0.940693,-0.294771,-0.167948],[0.307869,0.949685,0.057579],[0.142525,-0.10587,0.984113]]],"btipPosition":[-47.8924,343.013,-116.359],"carpPosition":[-26.5999,294.754,30.3128],"dipPosition":[-45.4732,341.216,-99.6546],"direction":[-0.105451,0.21647,-0.970578],"extended":true,"handId":182,"id":1821,"length":58.4235,"mcpPosition":[-40.4826,321.118,-36.4275],"pipPosition":[-42.941,336.018,-76.3485],"stabilizedTipPosition":[-49.6146,335.742,-97.8006],"timeVisible":0.614766,"tipPosition":[-47.3128,341.093,-112.707],"tipVelocity":[11.3059,39.8554,-113.654],"tool":false,"touchDistance":-0.370224,"touchZone":"touching","type":1,"width":19.2165},{"bases":[[[0.870564,-0.445424,-0.209081],[0.488108,0.835451,0.25253],[0.062194,-0.321898,0.94473]],[[0.871556,-0.451233,-0.191781],[0.186223,0.666498,-0.721874],[0.453554,0.593439,0.66492]],[[0.871556,-0.451233,-0.191781],[-0.374521,-0.360268,-0.854366],[0.316425,0.816454,-0.482989]],[[0.871556,-0.451233,-0.191781],[-0.489682,-0.781538,-0.386535],[0.024533,0.430798,-0.902115]]],"btipPosition":[-50.397,256.253,-40.0909],"carpPosition":[-14.9702,293.466,26.7441],"dipPosition":[-49.939,264.295,-56.9327],"direction":[-0.316425,-0.816454,0.482989],"extended":false,"handId":182,"id":1822,"length":66.5689,"mcpPosition":[-19.281,315.778,-38.7374],"pipPosition":[-40.9998,287.361,-70.5775],"stabilizedTipPosition":[-55.6986,252.899,-30.7469],"timeVisible":0.614766,"tipPosition":[-50.2965,257.907,-43.4922],"tipVelocity":[26.9994,28.6696,-87.2504],"tool":false,"touchDistance":0.333333,"touchZone":"none","type":2,"width":18.8731},{"bases":[[[0.830939,-0.549643,-0.0862152],[0.550792,0.790806,0.266934],[-0.0785389,-0.269292,0.959851]],[[0.828199,-0.557498,-0.0572902],[0.329867,0.567559,-0.754364],[0.453072,0.605865,0.653952]],[[0.828199,-0.557498,-0.0572902],[-0.328911,-0.400744,-0.855115],[0.453767,0.727049,-0.515263]],[[0.828199,-0.557498,-0.0572902],[-0.53429,-0.754569,-0.380997],[0.169176,0.346151,-0.922799]]],"btipPosition":[-34.8631,252.497,-33.7896],"carpPosition":[-4.01134,289.066,23.6607],"dipPosition":[-31.7228,258.923,-50.9186],"direction":[-0.453766,-0.727049,0.515263],"extended":false,"handId":182,"id":1823,"length":64.0077,"mcpPosition":[0.876211,305.825,-36.0717],"pipPosition":[-19.2347,278.932,-65.0992],"stabilizedTipPosition":[-36.7147,250.539,-30.5497],"timeVisible":0.614766,"tipPosition":[-34.075,253.833,-37.5323],"tipVelocity":[26.1459,38.3135,-85.2185],"tool":false,"touchDistance":0.333333,"touchZone":"none","type":3,"width":17.959},{"bases":[[[0.713758,-0.700175,-0.0174556],[0.664212,0.66877,0.33402],[-0.222198,-0.250003,0.942404]],[[0.730355,-0.675824,-0.099213],[0.387835,0.52985,-0.754217],[0.562286,0.512368,0.649087]],[[0.730355,-0.675824,-0.099213],[-0.414658,-0.323241,-0.850632],[0.542808,0.662403,-0.516316]],[[0.730355,-0.675824,-0.099213],[-0.65128,-0.645189,-0.399457],[0.205951,0.356361,-0.911368]]],"btipPosition":[-16.7073,255.394,-30.4866],"carpPosition":[4.31887,277.964,20.9643],"dipPosition":[-13.1805,261.496,-46.0931],"direction":[-0.542808,-0.662403,0.516316],"extended":false,"handId":182,"id":1824,"length":50.1809,"mcpPosition":[17.1189,292.366,-33.3243],"pipPosition":[-2.63321,274.367,-56.1257],"stabilizedTipPosition":[-17.5798,253.926,-29.5028],"timeVisible":0.614766,"tipPosition":[-15.9656,256.69,-33.9555],"tipVelocity":[24.9727,45.7225,-76.0765],"tool":false,"touchDistance":0.333333,"touchZone":"none","type":4,"width":15.9526}],"r":[[0.898492,0.0538933,0.43567],[0.00136493,0.992088,-0.125538],[-0.438988,0.11339,0.891309]],"s":1.08734,"t":[53.8262,183.416,-112.232],"timestamp":2506942923},false],[6,{"currentFrameRate":103.54,"devices":[],"gestures":[],"hands":[{"armBasis":[[0.866723,-0.132047,-0.480993],[0.351582,0.845761,0.401345],[0.353809,-0.516964,0.779466]],"armWidth":63.3039,"confidence":0.74829,"direction":[0.0197068,0.437364,-0.899069],"elbow":[83.8974,139.558,238.431],"grabStrength":0,"id":182,"palmNormal":[-0.351312,-0.838872,-0.415781],"palmPosition":[-18.5464,300.544,-19.629],"palmVelocity":[-0.404513,47.7403,-103.33],"palmWidth":90.3958,"pinchStrength":0.828934,"r":[[0.896642,0.0600493,0.438665],[-0.00316125,0.991603,-0.12928],[-0.442744,0.114531,0.889303]],"s":1.08993,"sphereCenter":[-32.2133,273.454,-55.3306],"sphereRadius":46.2922,"stabilizedPalmPosition":[-18.8787,295.049,-9.84338],"t":[53.7953,183.785,-113.138],"timeVisible":0.623666,"type":"right","wrist":[-11.0072,278.226,29.3497]}],"id":236071,"interactionBox":{"center":[0,200,0],"size":[235.247,235.247,147.751]},"pointables":[{"bases":[[[0.694733,0.705258,0.141272],[-0.603907,0.465259,0.647171],[0.390694,-0.534926,0.749141]],[[0.604689,0.796419,-0.00828901],[-0.679263,0.521116,0.516759],[0.415876,-0.306848,0.856091]],[[0.604689,0.796419,-0.00828901],[-0.795032,0.602948,-0.0661609],[-0.0476939,0.0465968,0.997775]],[[0.604689,0.796419,-0.00828901],[-0.683696,0.513709,-0.518327],[-0.408547,0.319094,0.855142]]],"btipPosition":[-50.8637,283.136,-64.3066],"carpPosition":[-41.3543,276.917,31.8286],"dipPosition":[-60.3628,290.555,-44.4239],"direction":[0.0476939,-0.0465968,-0.997775],"extended":false,"handId":182,"id":1820,"length":51.776,"mcpPosition":[-41.3543,276.917,31.8286],"pipPosition":[-61.9783,292.134,-10.6263],"stabilizedTipPosition":[-55.5849,279.229,-49.0137],"timeVisible":0.623666,"tipPosition":[-52.7568,283.564,-59.8169],"tipVelocity":[19.5552,55.406,-97.4198],"tool":false,"touchDistance":-0.378872,"touchZone":"touching","type":0,"width":20.1178},{"bases":[[[0.926071,-0.246013,-0.286129],[0.326993,0.90162,0.283121],[0.188328,-0.355753,0.915409]],[[0.942694,-0.290167,-0.164715],[0.32887,0.891388,0.311885],[0.056326,-0.348182,0.935733]],[[0.942694,-0.290167,-0.164715],[0.317255,0.932395,0.173173],[0.10333,-0.215505,0.97102]],[[0.942694,-0.290167,-0.164715],[0.302959,0.951226,0.0581787],[0.1398,-0.104747,0.984624]]],"btipPosition":[-47.8431,343.081,-117.626],"carpPosition":[-26.8201,295.265,29.2491],"dipPosition":[-45.4701,341.303,-100.913],"direction":[-0.10333,0.215505,-0.97102],"extended":true,"handId":182,"id":1821,"length":58.4235,"mcpPosition":[-40.5848,321.267,-37.6573],"pipPosition":[-42.9889,336.128,-77.5962],"stabilizedTipPosition":[-49.5867,335.826,-97.9927],"timeVisible":0.623666,"tipPosition":[-47.2548,341.184,-113.978],"tipVelocity":[9.41187,31.2266,-121.399],"tool":false,"touchDistance":-0.380509,"touchZone":"touching","type":1,"width":19.2165},{"bases":[[[0.873597,-0.44189,-0.203868],[0.482904,0.839019,0.250701],[0.0602666,-0.31746,0.946355]],[[0.874557,-0.447647,-0.186448],[0.186229,0.665051,-0.723206],[0.447738,0.597762,0.664989]],[[0.874557,-0.447647,-0.186448],[-0.36914,-0.365233,-0.8546],[0.314462,0.816221,-0.484661]],[[0.874557,-0.447647,-0.186448],[-0.484232,-0.785644,-0.385076],[0.0258964,0.427055,-0.903855]]],"btipPosition":[-50.1553,256.369,-41.1415],"carpPosition":[-15.1706,294.021,25.7297],"dipPosition":[-49.6719,264.342,-58.0159],"direction":[-0.314462,-0.816221,0.484661],"extended":false,"handId":182,"id":1822,"length":66.5689,"mcpPosition":[-19.3479,316.025,-39.8644],"pipPosition":[-40.7881,287.401,-71.7079],"stabilizedTipPosition":[-55.6327,252.961,-30.9133],"timeVisible":0.623666,"tipPosition":[-50.0497,258.005,-44.5425],"tipVelocity":[27.2208,23.9384,-95.8563],"tool":false,"touchDistance":0.333333,"touchZone":"none","type":2,"width":18.8731},{"bases":[[[0.834038,-0.545773,-0.0806967],[0.54576,0.794756,0.265535],[-0.0807876,-0.265507,0.960718]],[[0.831142,-0.553721,-0.050957],[0.326778,0.560525,-0.760939],[0.44991,0.615797,0.646819]],[[0.831142,-0.553721,-0.050957],[-0.327302,-0.413076,-0.849848],[0.44953,0.723023,-0.524558]],[[0.831142,-0.553721,-0.050957],[-0.530112,-0.761356,-0.373254],[0.167882,0.33724,-0.926329]]],"btipPosition":[-34.6088,252.694,-34.1597],"carpPosition":[-4.17802,289.663,22.7066],"dipPosition":[-31.4926,258.954,-51.3542],"direction":[-0.449529,-0.723023,0.524558],"extended":false,"handId":182,"id":1823,"length":64.0077,"mcpPosition":[0.849471,306.186,-37.0798],"pipPosition":[-19.1211,278.852,-65.7907],"stabilizedTipPosition":[-36.6296,250.647,-30.7778],"timeVisible":0.623666,"tipPosition":[-33.8317,254.021,-38.125],"tipVelocity":[26.6353,32.7468,-73.8121],"tool":false,"touchDistance":0.333333,"touchZone":"none","type":3,"width":17.959},{"bases":[[[0.717365,-0.696599,-0.011719],[0.659544,0.673593,0.333578],[-0.224476,-0.247026,0.94265]],[[0.734185,-0.672446,-0.0937478],[0.388413,0.52924,-0.754347],[0.556873,0.517418,0.649747]],[[0.734185,-0.672446,-0.0937478],[-0.409672,-0.328648,-0.850976],[0.541425,0.66318,-0.516771]],[[0.734185,-0.672446,-0.0937478],[-0.646542,-0.650295,-0.398872],[0.207256,0.353458,-0.912202]]],"btipPosition":[-16.4817,255.708,-31.3751],"carpPosition":[4.21856,278.592,20.0901],"dipPosition":[-12.9326,261.76,-46.9958],"direction":[-0.541425,-0.66318,0.516771],"extended":false,"handId":182,"id":1824,"length":50.1809,"mcpPosition":[17.1499,292.823,-34.2127],"pipPosition":[-2.41213,274.647,-57.0372],"stabilizedTipPosition":[-17.4725,254.104,-29.8093],"timeVisible":0.623666,"tipPosition":[-15.7388,256.99,-34.8368],"tipVelocity":[25.23