{"sensorType":"Leap","data":[[0,{"currentFrameRate":101.705,"devices":[],"gestures":[],"hands":[{"armBasis":[[0.794211,-0.224791,-0.564533],[0.476276,0.807235,0.348616],[0.377345,-0.545748,0.748177]],"armWidth":63.3039,"confidence":0.767204,"direction":[0.0748141,0.375363,-0.923853],"elbow":[88.9496,143.23,242.888],"grabStrength":0,"id":180,"palmNormal":[-0.475102,-0.801125,-0.363973],"palmPosition":[-16.9334,309.849,-8.0282],"palmVelocity":[-6.1688,34.5358,-100.792],"palmWidth":90.3958,"pinchStrength":1,"r":[[0.964791,-0.0672038,0.254287],[0.162758,0.912011,-0.376492],[-0.206611,0.404623,0.890838]],"s":0.985676,"sphereCenter":[-38.7499,285.836,-40.8886],"sphereRadius":44.2189,"stabilizedPalmPosition":[-17.4639,304.365,4.10991],"t":[51.5903,195.39,-108.977],"timeVisible":0.632774,"type":"right","wrist":[-12.2684,289.619,42.1995]}],"id":235441,"interactionBox":{"center":[0,200,0],"size":[235.247,235.247,147.751]},"pointables":[{"bases":[[[0.792342,0.602214,0.0976293],[-0.522324,0.586942,0.618609],[0.315232,-0.541144,0.77961]],[[0.657502,0.739144,-0.146144],[-0.672438,0.663157,0.32871],[0.33988,-0.117854,0.933055]],[[0.657502,0.739144,-0.146144],[-0.749971,0.623406,-0.221154],[-0.0723576,0.255013,0.964227]],[[0.657502,0.739144,-0.146144],[-0.664187,0.477017,-0.575596],[-0.355735,0.475522,0.804569]]],"btipPosition":[-48.5845,279.1,-52.8514],"carpPosition":[-42.4514,292.95,44.7884],"dipPosition":[-56.8556,290.157,-34.1445],"direction":[0.0723576,-0.255013,-0.964227],"extended":false,"handId":180,"id":1800,"length":51.776,"mcpPosition":[-42.4514,292.95,44.7884],"pipPosition":[-59.3066,298.795,-1.48333],"stabilizedTipPosition":[-52.5886,277.258,-36.5936],"timeVisible":0.632774,"tipPosition":[-50.6604,280.698,-48.1906],"tipVelocity":[10.746,32.8722,-109.704],"tool":false,"touchDistance":-0.221734,"touchZone":"touching","type":0,"width":20.1178},{"bases":[[[0.876859,-0.396513,-0.271836],[0.458949,0.858763,0.227796],[0.143119,-0.324504,0.934994]],[[0.886885,-0.42755,-0.17503],[0.454735,0.87476,0.167365],[0.081552,-0.228026,0.970234]],[[0.886885,-0.42755,-0.17503],[0.442233,0.89528,0.0538926],[0.133659,-0.125201,0.983087]],[[0.886885,-0.42755,-0.17503],[0.428238,0.902958,-0.0357762],[0.173341,-0.043225,0.983913]]],"btipPosition":[-45.4949,345.958,-108.968],"carpPosition":[-25.4018,308.768,41.089],"dipPosition":[-42.5526,345.224,-92.2667],"direction":[-0.133659,0.125201,-0.983087],"extended":true,"handId":180,"id":1801,"length":58.4235,"mcpPosition":[-35.8623,332.485,-27.249],"pipPosition":[-39.3431,342.218,-68.6603],"stabilizedTipPosition":[-48.3585,341.899,-87.3424],"timeVisible":0.632774,"tipPosition":[-45.308,344.448,-105.158],"tipVelocity":[6.61372,17.8346,-113.402],"tool":false,"touchDistance":-0.326238,"touchZone":"touching","type":1,"width":19.2165},{"bases":[[[0.79696,-0.577259,-0.17784],[0.603616,0.772032,0.199031],[0.0224057,-0.265967,0.963722]],[[0.797256,-0.582779,-0.157327],[0.29846,0.607109,-0.736438],[0.524695,0.540174,0.657957]],[[0.797256,-0.582779,-0.157327],[-0.419339,-0.347224,-0.838803],[0.434209,0.734714,-0.521208]],[[0.797256,-0.582779,-0.157327],[-0.599034,-0.731687,-0.325257],[0.0744386,0.353557,-0.932446]]],"btipPosition":[-54.433,270.823,-28.5345],"carpPosition":[-14.0983,305.612,37.6375],"dipPosition":[-53.0433,277.424,-45.9426],"direction":[-0.434209,-0.734714,0.521208],"extended":false,"handId":180,"id":1802,"length":66.5689,"mcpPosition":[-15.6513,324.046,-29.1604],"pipPosition":[-40.7766,298.18,-60.6671],"stabilizedTipPosition":[-56.201,269.995,-22.8878],"timeVisible":0.632774,"tipPosition":[-54.0817,272.098,-31.6578],"tipVelocity":[15.8801,18.9774,-104.385],"tool":false,"touchDistance":0.333333,"touchZone":"none","type":2,"width":18.8731},{"bases":[[[0.743785,-0.666652,-0.0485765],[0.65942,0.719945,0.216437],[-0.109316,-0.193015,0.975087]],[[0.740411,-0.671824,-0.0210931],[0.43957,0.507709,-0.740952],[0.508498,0.539337,0.671227]],[[0.740411,-0.671824,-0.0210931],[-0.362337,-0.372504,-0.854372],[0.56613,0.640229,-0.519233]],[[0.740411,-0.671824,-0.0210931],[-0.636604,-0.690834,-0.342759],[0.215702,0.26721,-0.939187]]],"btipPosition":[-39.2503,265,-23.8817],"carpPosition":[-3.89759,299.508,34.8702],"dipPosition":[-35.2464,269.96,-41.3149],"direction":[-0.56613,-0.640229,0.519233],"extended":false,"handId":180,"id":1803,"length":64.0077,"mcpPosition":[2.90522,311.52,-25.8104],"pipPosition":[-19.6659,287.58,-55.6047],"stabilizedTipPosition":[-40.5986,263.048,-18.3872],"timeVisible":0.632774,"tipPosition":[-38.3504,265.983,-26.8406],"tipVelocity":[17.2524,24.6138,-99.3284],"tool":false,"touchDistance":0.333333,"touchZone":"none","type":3,"width":17.959},{"bases":[[[0.606886,-0.794241,0.0295164],[0.754812,0.587592,0.291537],[-0.248894,-0.15465,0.956104]],[[0.604176,-0.795857,0.0397882],[0.556811,0.385931,-0.73554],[0.570029,0.46655,0.676312]],[[0.604176,-0.795857,0.0397882],[-0.38238,-0.333368,-0.861773],[0.699112,0.505448,-0.505732]],[[0.604176,-0.795857,0.0397882],[-0.726559,-0.570698,-0.382643],[0.327236,0.202275,-0.923039]]],"btipPosition":[-22.1228,266.418,-20.2854],"carpPosition":[2.75154,287.184,32.9169],"dipPosition":[-16.5191,269.882,-36.0917],"direction":[-0.699112,-0.505448,0.505732],"extended":false,"handId":180,"id":1804,"length":50.1809,"mcpPosition":[17.0895,296.092,-22.1609],"pipPosition":[-2.93465,279.703,-45.9186],"stabilizedTipPosition":[-23.0907,263.709,-14.8691],"timeVisible":0.632774,"tipPosition":[-21.0928,267.465,-22.8757],"tipVelocity":[16.8252,29.1307,-94.4005],"tool":false,"touchDistance":0.333333,"touchZone":"none","type":4,"width":15.9526}],"r":[[0.964791,-0.0672038,0.254287],[0.162758,0.912011,-0.376492],[-0.206611,0.404623,0.890838]],"s":0.985676,"t":[51.5903,195.39,-108.977],"timestamp":2501167261},false],[1,{"currentFrameRate":101.977,"devices":[],"gestures":[],"hands":[{"armBasis":[[0.800063,-0.223197,-0.556851],[0.471489,0.807874,0.353606],[0.370942,-0.545456,0.751585]],"armWidth":63.3039,"confidence":0.772241,"direction":[0.0769119,0.372623,-0.92479],"elbow":[87.1071,143.694,243.099],"grabStrength":0,"id":180,"palmNormal":[-0.470723,-0.804084,-0.363136],"palmPosition":[-16.9433,310.053,-8.81532],"palmVelocity":[-4.73089,31.0001,-96.2726],"palmWidth":90.3958,"pinchStrength":1,"r":[[0.964393,-0.0618664,0.257134],[0.159658,0.911292,-0.379546],[-0.210843,0.407085,0.888722]],"s":0.986453,"sphereCenter":[-38.6178,285.976,-41.6884],"sphereRadius":44.2312,"stabilizedPalmPosition":[-17.4562,304.449,3.91875],"t":[51.5325,195.702,-110.036],"timeVisible":0.64206,"type":"right","wrist":[-12.3932,290.005,41.4957]}],"id":235442,"interactionBox":{"center":[0,200,0],"size":[235.247,235.247,147.751]},"pointables":[{"bases":[[[0.789711,0.605496,0.0986468],[-0.526854,0.586996,0.614704],[0.314295,-0.537411,0.782565]],[[0.656311,0.740503,-0.144611],[-0.675438,0.662062,0.324743],[0.336214,-0.115457,0.934682]],[[0.656311,0.740503,-0.144611],[-0.750527,0.621136,-0.22561],[-0.077242,0.256604,0.963425]],[[0.656311,0.740503,-0.144611],[-0.664068,0.475963,-0.576604],[-0.358147,0.474463,0.804124]]],"btipPosition":[-48.3278,279.233,-53.7233],"carpPosition":[-42.598,293.231,43.9596],"dipPosition":[-56.655,290.265,-35.0268],"direction":[0.077242,-0.256604,-0.963425],"extended":false,"handId":180,"id":1800,"length":51.776,"mcpPosition":[-42.598,293.231,43.9596],"pipPosition":[-59.2714,298.957,-2.39276],"stabilizedTipPosition":[-52.5607,277.311,-36.7462],"timeVisible":0.64206,"tipPosition":[-50.4003,280.82,-49.0642],"tipVelocity":[15.1196,27.4718,-105.32],"tool":false,"touchDistance":-0.236306,"touchZone":"touching","type":0,"width":20.1178},{"bases":[[[0.879359,-0.394109,-0.267221],[0.454871,0.861217,0.226711],[0.140786,-0.320911,0.936587]],[[0.889116,-0.424696,-0.170603],[0.451063,0.876271,0.169388],[0.077556,-0.227558,0.970671]],[[0.889116,-0.424696,-0.170603],[0.439053,0.896721,0.0558926],[0.129246,-0.124599,0.983753]],[[0.889116,-0.424696,-0.170603],[0.42546,0.904341,-0.0339227],[0.16869,-0.0424235,0.984756]]],"btipPosition":[-45.1608,345.98,-109.949],"carpPosition":[-25.5937,309.101,40.2728],"dipPosition":[-42.2974,345.26,-93.234],"direction":[-0.129246,0.124599,-0.983753],"extended":true,"handId":180,"id":1801,"length":58.4235,"mcpPosition":[-35.8837,332.556,-28.1816],"pipPosition":[-39.1939,342.268,-69.6116],"stabilizedTipPosition":[-48.3466,341.911,-87.3998],"timeVisible":0.64206,"tipPosition":[-44.9849,344.481,-106.141],"tipVelocity":[14.3411,13.5769,-111.132],"tool":false,"touchDistance":-0.336622,"touchZone":"touching","type":1,"width":19.2165},{"bases":[[[0.799779,-0.574845,-0.172935],[0.599969,0.774935,0.198778],[0.0197467,-0.262734,0.964666]],[[0.80002,-0.580412,-0.151956],[0.302139,0.608555,-0.733739],[0.518344,0.541094,0.662221]],[[0.80002,-0.580412,-0.151956],[-0.413575,-0.350008,-0.840506],[0.434654,0.735266,-0.520057]],[[0.80002,-0.580412,-0.151956],[-0.595101,-0.735435,-0.324023],[0.0763136,0.349654,-0.933766]]],"btipPosition":[-54.1594,270.976,-29.5751],"carpPosition":[-14.2655,305.976,36.8744],"dipPosition":[-52.7347,277.504,-47.0078],"direction":[-0.434654,-0.735266,0.520057],"extended":false,"handId":180,"id":1802,"length":66.5689,"mcpPosition":[-15.6342,324.186,-29.9889],"pipPosition":[-40.4554,298.276,-61.6998],"stabilizedTipPosition":[-56.1821,270.015,-22.973],"timeVisible":0.64206,"tipPosition":[-53.8239,272.202,-32.681],"tipVelocity":[19.9546,17.7666,-106.721],"tool":false,"touchDistance":0.333333,"touchZone":"none","type":2,"width":18.8731},{"bases":[[[0.746449,-0.664014,-0.0435805],[0.6559,0.723114,0.216565],[-0.112288,-0.190239,0.975295]],[[0.742932,-0.669184,-0.0156664],[0.441405,0.507377,-0.740088],[0.503204,0.54292,0.672327]],[[0.742932,-0.669184,-0.0156664],[-0.357469,-0.376859,-0.854514],[0.565923,0.640446,-0.519193]],[[0.742932,-0.669184,-0.0156664],[-0.632915,-0.694663,-0.341849],[0.217877,0.263886,-0.939624]]],"btipPosition":[-38.999,265.117,-24.641],"carpPosition":[-4.03165,299.901,34.1657],"dipPosition":[-34.9548,270.015,-42.0823],"direction":[-0.565923,-0.640446,0.519193],"extended":false,"handId":180,"id":1803,"length":64.0077,"mcpPosition":[2.95616,311.74,-26.5279],"pipPosition":[-19.38,287.641,-56.371],"stabilizedTipPosition":[-40.5727,263.081,-18.4922],"timeVisible":0.64206,"tipPosition":[-38.1041,266.078,-27.6257],"tipVelocity":[20.3004,20.8037,-94.4337],"tool":false,"touchDistance":0.333333,"touchZone":"none","type":3,"width":17.959},{"bases":[[[0.609733,-0.79186,0.0344125],[0.751501,0.591366,0.292459],[-0.251937,-0.15246,0.955659]],[[0.607452,-0.793193,0.0429672],[0.55679,0.386581,-0.735214],[0.566556,0.470531,0.676472]],[[0.607452,-0.793193,0.0429672],[-0.380173,-0.337791,-0.861026],[0.697474,0.506697,-0.506743]],[[0.607452,-0.793193,0.0429672],[-0.724003,-0.575097,-0.380898],[0.326836,0.200269,-0.923618]]],"btipPosition":[-21.8676,266.574,-20.8747],"carpPosition":[2.67084,287.596,32.2779],"dipPosition":[-16.2708,270.004,-36.691],"direction":[-0.697474,-0.506697,0.506743],"extended":false,"handId":180,"id":1804,"length":50.1809,"mcpPosition":[17.184,296.378,-22.7742],"pipPosition":[-2.71813,279.849,-46.5375],"stabilizedTipPosition":[-23.0592,263.755,-14.9905],"timeVisible":0.64206,"tipPosition":[-20.849,267.601,-23.5402],"tipVelocity":[19.7822,25.4155,-85.7483],"tool":false,"touchDistance":0.333333,"touchZone":"none","type":4,"width":15.9526}],"r":[[0.964393,-0.0618664,0.257134],[0.159658,0.911292,-0.379546],[-0.210843,0.407085,0.888722]],"s":0.986453,"t":[51.5325,195.702,-110.036],"timestamp":2501176547},false],[2,{"currentFrameRate":102.481,"devices":[],"gestures":[],"hands":[{"armBasis":[[0.804247,-0.220787,-0.551761],[0.467278,0.808585,0.35755],[0.367203,-0.545385,0.75347]],"armWidth":63.3039,"confidence":0.775096,"direction":[0.077652,0.371797,-0.925061],"elbow":[85.9935,143.909,243.143],"grabStrength":0,"id":180,"palmNormal":[-0.466809,-0.80631,-0.363254],"palmPosition":[-17.0129,310.17,-9.31124],"palmVelocity":[-5.58676,26.2472,-85.533],"palmWidth":90.3958,"pinchStrength":1,"r":[[0.963975,-0.0567923,0.259859],[0.156669,0.910726,-0.382142],[-0.214958,0.409087,0.886815]],"s":0.987415,"sphereCenter":[-38.5458,286.047,-42.2182],"sphereRadius":44.2554,"stabilizedPalmPosition":[-17.4514,304.511,3.77675],"t":[51.4688,195.917,-110.813],"timeVisible":0.650855,"type":"right","wrist":[-12.5039,290.201,41.0346]}],"id":235443,"interactionBox":{"center":[0,200,0],"size":[235.247,235.247,147.751]},"pointables":[{"bases":[[[0.787168,0.608619,0.0997504],[-0.530519,0.585726,0.61276],[0.314511,-0.535264,0.783949]],[[0.655255,0.741958,-0.141914],[-0.67743,0.660281,0.324219],[0.33426,-0.11631,0.935277]],[[0.655255,0.741958,-0.141914],[-0.751187,0.62016,-0.226098],[-0.0797459,0.254756,0.963712]],[[0.655255,0.741958,-0.141914],[-0.665559,0.478178,-0.573042],[-0.357313,0.469941,0.807145]]],"btipPosition":[-48.294,279.527,-54.3682],"carpPosition":[-42.7265,293.315,43.4242],"dipPosition":[-56.6018,290.453,-35.6014],"direction":[0.0797459,-0.254756,-0.963712],"extended":false,"handId":180,"id":1800,"length":51.776,"mcpPosition":[-42.7265,293.315,43.4242],"pipPosition":[-59.303,299.083,-2.95769],"stabilizedTipPosition":[-52.5376,277.357,-36.8762],"timeVisible":0.650855,"tipPosition":[-50.3089,281.054,-49.687],"tipVelocity":[12.2206,28.3215,-96.21],"tool":false,"touchDistance":-0.246785,"touchZone":"touching","type":0,"width":20.1178},{"bases":[[[0.881474,-0.391078,-0.264691],[0.451058,0.863217,0.226723],[0.139819,-0.319241,0.937302]],[[0.891105,-0.421411,-0.168361],[0.447571,0.877401,0.172763],[0.0749156,-0.229303,0.970468]],[[0.891105,-0.421411,-0.168361],[0.435892,0.898045,0.0592699],[0.126219,-0.126203,0.983942]],[[0.891105,-0.421411,-0.168361],[0.422569,0.905811,-0.0306808],[0.165432,-0.0438042,0.985248]]],"btipPosition":[-45.0299,346.138,-110.521],"carpPosition":[-25.7742,309.244,39.7577],"dipPosition":[-42.2219,345.395,-93.7972],"direction":[-0.126219,0.126203,-0.983942],"extended":true,"handId":180,"id":1801,"length":58.4235,"mcpPosition":[-35.9935,332.577,-28.7489],"pipPosition":[-39.191,342.364,-70.1703],"stabilizedTipPosition":[-48.3381,341.92,-87.4416],"timeVisible":0.650855,"tipPosition":[-44.8606,344.639,-106.717],"tipVelocity":[14.0967,14.5962,-98.6486],"tool":false,"touchDistance":-0.339838,"touchZone":"touching","type":1,"width":19.2165},{"bases":[[[0.802364,-0.572002,-0.170371],[0.596549,0.777455,0.199233],[0.0184941,-0.261492,0.965029]],[[0.802576,-0.577616,-0.1491],[0.302899,0.609899,-0.732308],[0.513929,0.542571,0.66445]],[[0.802576,-0.577616,-0.1491],[-0.409923,-0.352411,-0.84129],[0.433398,0.73632,-0.519615]],[[0.802576,-0.577616,-0.1491],[-0.591609,-0.73857,-0.323285],[0.0766135,0.34767,-0.934482]]],"btipPosition":[-53.9921,271.009,-30.191],"carpPosition":[-14.4263,306.158,36.3895],"dipPosition":[-52.5617,277.5,-47.6371],"direction":[-0.433398,-0.73632,0.519615],"extended":false,"handId":180,"id":1802,"length":66.5689,"mcpPosition":[-15.7081,324.283,-30.4989],"pipPosition":[-40.3179,298.302,-62.3165],"stabilizedTipPosition":[-56.168,270.029,-23.0361],"timeVisible":0.650855,"tipPosition":[-53.67,272.214,-33.3151],"tipVelocity":[19.7451,13.7401,-96.9345],"tool":false,"touchDistance":0.333333,"touchZone":"none","type":2,"width":18.8731},{"bases":[[[0.749071,-0.661217,-0.041033],[0.652635,0.725869,0.217213],[-0.11384,-0.189488,0.975261]],[[0.745449,-0.666442,-0.012691],[0.442056,0.508533,-0.738905],[0.498891,0.545206,0.67369]],[[0.745449,-0.666442,-0.012691],[-0.353943,-0.379626,-0.854756],[0.564828,0.641669,-0.518874]],[[0.745449,-0.666442,-0.012691],[-0.629727,-0.697884,-0.341177],[0.218518,0.262322,-0.939913]]],"btipPosition":[-38.8241,265.183,-25.1564],"carpPosition":[-4.16306,300.12,33.712],"dipPosition":[-34.768,270.052,-42.6031],"direction":[-0.564828,-0.641669,0.518874],"extended":false,"handId":180,"id":1803,"length":64.0077,"mcpPosition":[2.92133,311.912,-26.9794],"pipPosition":[-19.2233,287.711,-56.883],"stabilizedTipPosition":[-40.5527,263.105,-18.572],"timeVisible":0.650855,"tipPosition":[-37.9397,266.127,-28.1692],"tipVelocity":[20.2713,17.0089,-84.8241],"tool":false,"touchDistance":0.333333,"touchZone":"none","type":3,"width":17.959},{"bases":[[[0.612661,-0.789489,0.0367966],[0.748559,0.594578,0.29349],[-0.253585,-0.152265,0.955254]],[[0.610868,-0.790537,0.0434917],[0.555721,0.388998,-0.734748],[0.563927,0.473003,0.676945]],[[0.610868,-0.790537,0.0434917],[-0.379052,-0.340247,-0.860553],[0.695097,0.509199,-0.5075]],[[0.610868,-0.790537,0.0434917],[-0.721886,-0.578696,-0.379462],[0.325147,0.200405,-0.924185]]],"btipPosition":[-21.6854,266.667,-21.2666],"carpPosition":[2.59062,287.837,31.8549],"dipPosition":[-16.1175,270.099,-37.0926],"direction":[-0.695097,-0.509199,0.5075],"extended":false,"handId":180,"id":1804,"length":50.1809,"mcpPosition":[17.1988,296.609,-23.174],"pipPosition":[-2.61101,279.993,-46.9539],"stabilizedTipPosition":[-23.0336,263.791,-15.086],"timeVisible":0.650855,"tipPosition":[-20.6827,267.682,-23.9963],"tipVelocity":[19.8307,21.4324,-74.7264],"tool":false,"touchDistance":0.333333,"touchZone":"none","type":4,"width":15.9526}],"r":[[0.963975,-0.0567923,0.259859],[0.156669,0.910726,-0.382142],[-0.214958,0.409087,0.886815]],"s":0.987415,"t":[51.4688,195.917,-110.813],"timestamp":2501185342},false],[3,{"currentFrameRate":102.897,"devices":[],"gestures":[],"hands":[{"armBasis":[[0.805488,-0.208713,-0.554642],[0.458465,0.812503,0.360067],[0.375498,-0.544314,0.750149]],"armWidth":63.3039,"confidence":0.782004,"direction":[0.0788681,0.368009,-0.926471],"elbow":[88.1132,144.626,241.492],"grabStrength":0,"id":180,"palmNormal":[-0.458341,-0.811925,-0.361527],"palmPosition":[-17.0493,310.321,-10.1879],"palmVelocity":[-5.17491,23.7017,-88.9868],"palmWidth":90.3958,"pinchStrength":1,"r":[[0.963462,-0.0508609,0.262973],[0.153118,0.910146,-0.384954],[-0.219764,0.411154,0.884678]],"s":0.988565,"sphereCenter":[-38.2679,285.983,-43.0953],"sphereRadius":44.2809,"stabilizedPalmPosition":[-17.4481,304.558,3.66302],"t":[51.4187,196.099,-111.641],"timeVisible":0.659783,"type":"right","wrist":[-12.6091,290.631,40.274]}],"id":235444,"interactionBox":{"center":[0,200,0],"size":[235.247,235.247,147.751]},"pointables":[{"bases":[[[0.781573,0.61567,0.100468],[-0.538263,0.584178,0.607461],[0.315305,-0.528853,0.78797]],[[0.651119,0.745886,-0.14035],[-0.683326,0.656589,0.319306],[0.330318,-0.112001,0.937201]],[[0.651119,0.745886,-0.14035],[-0.754204,0.615163,-0.229675],[-0.0849729,0.255398,0.963095]],[[0.651119,0.745886,-0.14035],[-0.66785,0.475208,-0.572847],[-0.360583,0.466724,0.807557]]],"btipPosition":[-47.9864,279.555,-55.3683],"carpPosition":[-42.8675,293.503,42.5082],"dipPosition":[-56.3703,290.406,-36.592],"direction":[0.0849729,-0.255398,-0.963095],"extended":false,"handId":180,"id":1800,"length":51.776,"mcpPosition":[-42.8675,293.503,42.5082],"pipPosition":[-59.2486,299.057,-3.96912],"stabilizedTipPosition":[-52.5181,277.392,-36.9819],"timeVisible":0.659783,"tipPosition":[-49.9647,281.037,-50.6733],"tipVelocity":[17.7472,20.9141,-100.454],"tool":false,"touchDistance":-0.263416,"touchZone":"touching","type":0,"width":20.1178},{"bases":[[[0.885945,-0.384931,-0.258709],[0.442754,0.868044,0.224651],[0.138096,-0.313573,0.939469]],[[0.895354,-0.414586,-0.162665],[0.439707,0.880911,0.175081],[0.0707072,-0.228284,0.971024]],[[0.895354,-0.414586,-0.162665],[0.428585,0.901396,0.0616517],[0.121066,-0.124916,0.984753]],[[0.895354,-0.414586,-0.162665],[0.415757,0.909032,-0.0284191],[0.15965,-0.0421839,0.986272]]],"btipPosition":[-44.7604,345.934,-111.654],"carpPosition":[-26.0322,309.556,38.8437],"dipPosition":[-42.0505,345.218,-94.9128],"direction":[-0.121066,0.124916,-0.984753],"extended":true,"handId":180,"id":1801,"length":58.4235,"mcpPosition":[-36.1255,332.475,-29.8213],"pipPosition":[-39.1434,342.219,-71.2663],"stabilizedTipPosition":[-48.3313,341.926,-87.4742],"timeVisible":0.659783,"tipPosition":[-44.6064,344.43,-107.852],"tipVelocity":[17.7954,4.5748,-106.23],"tool":false,"touchDistance":-0.351121,"touchZone":"touching","type":1,"width":19.2165},{"bases":[[[0.80791,-0.566059,-0.163887],[0.589084,0.783375,0.19825],[0.0161636,-0.256711,0.966353]],[[0.808069,-0.571657,-0.142239],[0.302577,0.609945,-0.732403],[0.505441,0.548794,0.665848]],[[0.808069,-0.571657,-0.142239],[-0.402556,-0.359576,-0.841816],[0.430084,0.737504,-0.520687]],[[0.808069,-0.571657,-0.142239],[-0.583932,-0.745422,-0.321511],[0.0777664,0.342861,-0.936162]]],"btipPosition":[-53.5689,270.828,-31.1345],"carpPosition":[-14.6431,306.55,35.5431],"dipPosition":[-52.117,277.229,-48.6119],"direction":[-0.430084,-0.737504,0.520687],"extended":false,"handId":180,"id":1802,"length":66.5689,"mcpPosition":[-15.7635,324.343,-31.4371],"pipPosition":[-39.9669,298.064,-63.3217],"stabilizedTipPosition":[-56.1552,270.039,-23.0889],"timeVisible":0.659783,"tipPosition":[-53.2543,272.003,-34.2758],"tipVelocity":[27.4382,3.81194,-99.5397],"tool":false,"touchDistance":0.333333,"touchZone":"none","type":2,"width":18.8731},{"bases":[[[0.754761,-0.655099,-0.0343691],[0.645515,0.732348,0.216739],[-0.116815,-0.185772,0.975624]],[[0.750924,-0.660369,-0.00513403],[0.444397,0.511056,-0.735754],[0.488493,0.550213,0.67723]],[[0.750924,-0.660369,-0.00513403],[-0.344753,-0.385373,-0.85594],[0.563258,0.644516,-0.51705]],[[0.750924,-0.660369,-0.00513403],[-0.622273,-0.704959,-0.340308],[0.221109,0.25874,-0.9403]]],"btipPosition":[-38.3367,265.182,-26.1487],"carpPosition":[-4.31736,300.585,32.9424],"dipPosition":[-34.2324,269.985,-43.6026],"direction":[-0.563258,-0.644516,0.51705],"extended":false,"handId":180,"id":1803,"length":64.0077,"mcpPosition":[2.95216,312.146,-27.7716],"pipPosition":[-18.731,287.723,-57.8323],"stabilizedTipPosition":[-40.5335,263.124,-18.6424],"timeVisible":0.659783,"tipPosition":[-37.4654,266.091,-29.1477],"tipVelocity":[29.9713,11.8898,-92.0534],"tool":false,"touchDistance":0.333333,"touchZone":"none","type":3,"width":17.959},{"bases":[[[0.619066,-0.784137,0.0434439],[0.742177,0.602232,0.294091],[-0.256771,-0.149819,0.954789]],[[0.617977,-0.784762,0.0474721],[0.553152,0.391094,-0.735574],[0.558684,0.480827,0.675779]],[[0.617977,-0.784762,0.0474721],[-0.376274,-0.348241,-0.858572],[0.690307,0.512715,-0.51049]],[[0.617977,-0.784762,0.0474721],[-0.716906,-0.58727,-0.375712],[0.322724,0.198148,-0.92552]]],"btipPosition":[-21.2263,266.735,-21.797],"carpPosition":[2.54746,288.351,31.1759],"dipPosition":[-15.6999,270.128,-37.6458],"direction":[-0.690307,-0.512715,0.51049],"extended":false,"handId":180,"id":1804,"length":50.1809,"mcpPosition":[17.3392,296.981,-23.8262],"pipPosition":[-2.28646,280.091,-47.5652],"stabilizedTipPosition":[-23.0075,263.822,-15.1738],"timeVisible":0.659783,"tipPosition":[-20.2414,267.726,-24.6442],"tipVelocity":[28.1558,17.3891,-70.7087],"tool":false,"touchDistance":0.333333,"touchZone":"none","type":4,"width":15.9526}],"r":[[0.963462,-0.0508609,0.262973],[0.153118,0.910146,-0.384954],[-0.219764,0.411154,0.884678]],"s":0.988565,"t":[51.4187,196.099,-111.641],"timestamp":2501194270},false],[4,{"currentFrameRate":103.214,"devices":[],"gestures":[],"hands":[{"armBasis":[[0.813169,-0.202435,-0.545689],[0.450073,0.813178,0.369019],[0.36904,-0.545675,0.752362]],"armWidth":63.3039,"confidence":0.788701,"direction":[0.0794491,0.364692,-0.927732],"elbow":[86.3129,144.573,241.305],"grabStrength":0,"id":180,"palmNormal":[-0.450893,-0.816879,-0.359729],"palmPosition":[-17.0828,310.386,-11.0665],"palmVelocity":[-4.7624,19.1154,-91.1153],"palmWidth":90.3958,"pinchStrength":1,"r":[[0.962899,-0.0444314,0.26618],[0.149191,0.90956,-0.38787],[-0.224873,0.413191,0.882443]],"s":0.990322,"sphereCenter":[-38.0892,285.957,-43.9528],"sphereRadius":44.3162,"stabilizedPalmPosition":[-17.446,304.593,3.57499],"t":[51.377,196.223,-112.493],"timeVisible":0.668871,"type":"right","wrist":[-12.6772,290.943,39.494]}],"id":235445,"interactionBox":{"center":[0,200,0],"size":[235.247,235.247,147.751]},"pointables":[{"bases":[[[0.776539,0.621975,0.100667],[-0.544851,0.582646,0.603044],[0.316425,-0.523136,0.791331]],[[0.647587,0.749243,-0.138804],[-0.687948,0.653207,0.316303],[0.327656,-0.109343,0.938449]],[[0.647587,0.749243,-0.138804],[-0.75692,0.611533,-0.230432],[-0.087766,0.254289,0.963138]],[[0.647587,0.749243,-0.138804],[-0.671851,0.475483,-0.567919],[-0.35951,0.461033,0.811296]]],"btipPosition":[-47.8815,279.685,-56.4195],"carpPosition":[-42.9643,293.595,41.6073],"dipPosition":[-56.2404,290.404,-37.5562],"direction":[0.087766,-0.254289,-0.963138],"extended":false,"handId":180,"id":1800,"length":51.776,"mcpPosition":[-42.9643,293.595,41.6073],"pipPosition":[-59.2133,299.018,-4.93192],"stabilizedTipPosition":[-52.503,277.419,-37.0656],"timeVisible":0.668871,"tipPosition":[-49.7628,281.09,-51.6805],"tipVelocity":[16.2045,18.1652,-104.057],"tool":false,"touchDistance":-0.280603,"touchZone":"touching","type":0,"width":20.1178},{"bases":[[[0.889754,-0.379312,-0.253892],[0.43538,0.872302,0.222562],[0.13705,-0.308564,0.941278]],[[0.899003,-0.408289,-0.158411],[0.432815,0.883507,0.179126],[0.0668221,-0.229598,0.970989]],[[0.899003,-0.408289,-0.158411],[0.422247,0.904062,0.0661735],[0.116196,-0.126379,0.985153]],[[0.899003,-0.408289,-0.158411],[0.409922,0.911811,-0.023747],[0.154137,-0.0435876,0.987088]]],"btipPosition":[-44.5128,345.887,-112.716],"carpPosition":[-26.2373,309.76,37.9353],"dipPosition":[-41.8964,345.147,-95.9616],"direction":[-0.116196,0.126379,-0.985153],"extended":true,"handId":180,"id":1801,"length":58.4235,"mcpPosition":[-36.2542,332.312,-30.8619],"pipPosition":[-39.1063,342.112,-72.3055],"stabilizedTipPosition":[-48.326,341.931,-87.4999],"timeVisible":0.668871,"tipPosition":[-44.3823,344.339,-108.92],"tipVelocity":[19.7574,1.68824,-109.095],"tool":false,"touchDistance":-0.360234,"touchZone":"touching","type":1,"width":19.2165},{"bases":[[[0.812744,-0.560624,-0.158584],[0.582439,0.788631,0.197046],[0.0145956,-0.252513,0.967483]],[[0.812866,-0.56621,-0.136587],[0.301612,0.609804,-0.732918],[0.498277,0.554568,0.666464]],[[0.812866,-0.56621,-0.136587],[-0.396598,-0.366313,-0.841739],[0.426567,0.738391,-0.522321]],[[0.812866,-0.56621,-0.136587],[-0.577198,-0.751649,-0.319164],[0.0780484,0.338275,-0.937805]]],"btipPosition":[-53.1939,270.596,-32.0201],"carpPosition":[-14.814,306.825,34.6884],"dipPosition":[-51.7368,276.912,-49.5283],"direction":[-0.426567,-0.738391,0.522321],"extended":false,"handId":180,"id":1802,"length":66.5689,"mcpPosition":[-15.8257,324.328,-32.3701],"pipPosition":[-39.686,297.772,-64.2842],"stabilizedTipPosition":[-56.1435,270.046,-23.1347],"timeVisible":0.668871,"tipPosition":[-52.8898,271.745,-35.187],"tipVelocity":[31.301,-4.88856,-99.1779],"tool":false,"touchDistance":0.333333,"touchZone":"none","type":2,"width":18.8731},{"bases":[[[0.759798,-0.649517,-0.0288821],[0.639186,0.73811,0.215953],[-0.118947,-0.182542,0.975977]],[[0.755835,-0.654762,0.000778017],[0.443819,0.511455,-0.735825],[0.481392,0.556507,0.677172]],[[0.755835,-0.654762,0.000778017],[-0.338655,-0.391948,-0.855389],[0.560381,0.646269,-0.517986]],[[0.755835,-0.654762,0.000778017],[-0.615894,-0.711368,-0.33857],[0.222236,0.255424,-0.940941]]],"btipPosition":[-37.9475,265.058,-26.9227],"carpPosition":[-4.43423,300.928,32.1502],"dipPosition":[-33.8223,269.799,-44.3884],"direction":[-0.560381,-0.646269,0.517986],"extended":false,"handId":180,"id":1803,"length":64.0077,"mcpPosition":[2.96795,312.288,-28.5858],"pipPosition":[-18.4,287.585,-58.6439],"stabilizedTipPosition":[-40.5155,263.139,-18.705],"timeVisible":0.668871,"tipPosition":[-37.0796,265.95,-29.9521],"tipVelocity":[33.6773,4.38466,-90.2285],"tool":false,"touchDistance":0.333333,"touchZone":"none","type":3,"width":17.959},{"bases":[[[0.624799,-0.779248,0.0489887],[0.736544,0.609055,0.294203],[-0.259094,-0.147735,0.954487]],[[0.624092,-0.779646,0.0515838],[0.552136,0.393335,-0.735141],[0.552861,0.487277,0.675949]],[[0.624092,-0.779646,0.0515838],[-0.371749,-0.354349,-0.858044],[0.687249,0.516322,-0.510979]],[[0.624092,-0.779646,0.0515838],[-0.711663,-0.594443,-0.374397],[0.322561,0.196948,-0.925832]]],"btipPosition":[-20.8442,266.727,-22.4864],"carpPosition":[2.529,288.739,30.4601],"dipPosition":[-15.3206,270.099,-38.3406],"direction":[-0.687249,-0.516322,0.510979],"extended":false,"handId":180,"id":1804,"length":50.1809,"mcpPosition":[17.4545,297.249,-24.5245],"pipPosition":[-1.96656,280.132,-48.2694],"stabilizedTipPosition":[-22.9815,263.85,-15.2566],"timeVisible":0.668871,"tipPosition":[-19.8695,267.705,-25.368],"tipVelocity":[31.981,12.1764,-72.1716],"tool":false,"touchDistance":0.333333,"touchZone":"none","type":4,"width":15.9526}],"r":[[0.962899,-0.0444314,0.26618],[0.149191,0.90956,-0.38787],[-0.224873,0.413191,0.882443]],"s":0.990322,"t":[51.377,196.223,-112.493],"timestamp":2501203358},false],[5,{"currentFrameRate":103.552,"devices":[],"gestures":[],"hands":[{"armBasis":[[0.817362,-0.200399,-0.540148],[0.446822,0.812348,0.374753],[0.363688,-0.547659,0.753525]],"armWidth":63.3039,"confidence":0.791279,"direction":[0.0789243,0.361434,-0.929051],"elbow":[84.7917,144.324,240.549],"grabStrength":0,"id":180,"palmNormal":[-0.448428,-0.819473,-0.356899],"palmPosition":[-17.1957,310.467,-12.2098],"palmVelocity":[-6.89775,16.3346,-100.92],"palmWidth":90.3958,"pinchStrength":1,"r":[[0.962408,-0.0385449,0.268858],[0.145595,0.908855,-0.390877],[-0.229287,0.415328,0.880301]],"s":0.992532,"sphereCenter":[-38.1998,286.056,-45.0148],"sphereRadius":44.3441,"stabilizedPalmPosition":[-17.4449,304.618,3.50858],"t":[51.2996,196.326,-113.491],"timeVisible":0.67789,"type":"right","wrist":[-12.7628,291.226,38.4255]}],"id":235446,"interactionBox":{"center":[0,200,0],"size":[235.247,235.247,147.751]},"pointables":[{"bases":[[[0.774752,0.624507,0.0987379],[-0.546788,0.583382,0.600574],[0.317461,-0.519284,0.79345]],[[0.647757,0.749236,-0.138043],[-0.688706,0.653345,0.314363],[0.325722,-0.10856,0.939212]],[[0.647757,0.749236,-0.138043],[-0.756798,0.611987,-0.229625],[-0.0875632,0.253212,0.96344]],[[0.647757,0.749236,-0.138043],[-0.676854,0.482798,-0.555674],[-0.349685,0.453377,0.81986]]],"btipPosition":[-48.1149,280.067,-57.7608],"carpPosition":[-43.0583,293.802,40.5132],"dipPosition":[-56.2454,290.608,-38.6985],"direction":[0.0875632,-0.253212,-0.96344],"extended":false,"handId":180,"id":1800,"length":51.776,"mcpPosition":[-43.0583,293.802,40.5132],"pipPosition":[-59.2114,299.186,-6.06391],"stabilizedTipPosition":[-52.493,277.439,-37.1308],"timeVisible":0.67789,"tipPosition":[-49.8848,281.384,-52.9236],"tipVelocity":[6.23137,23.5792,-114.947],"tool":false,"touchDistance":-0.300309,"touchZone":"touching","type":0,"width":20.1178},{"bases":[[[0.89094,-0.377781,-0.252008],[0.432833,0.874339,0.219517],[0.137411,-0.304653,0.942499]],[[0.900209,-0.40632,-0.156614],[0.430679,0.883893,0.182344],[0.0643401,-0.231598,0.970681]],[[0.900209,-0.40632,-0.156614],[0.420453,0.904628,0.0697701],[0.113329,-0.128657,0.985192]],[[0.900209,-0.40632,-0.156614],[0.40841,0.912578,-0.0200741],[0.151079,-0.045892,0.987456]]],"btipPosition":[-44.4495,346.019,-113.946],"carpPosition":[-26.3744,309.999,36.7893],"dipPosition":[-41.8851,345.24,-97.1846],"direction":[-0.113329,0.128657,-0.985192],"extended":true,"handId":180,"id":1801,"length":58.4235,"mcpPosition":[-36.4176,332.266,-32.0971],"pipPosition":[-39.1638,342.151,-73.5276],"stabilizedTipPosition":[-48.3222,341.934,-87.5191],"timeVisible":0.67789,"tipPosition":[-44.3509,344.438,-110.153],"tipVelocity":[15.8874,4.99542,-116.534],"tool":false,"touchDistance":-0.370962,"touchZone":"touching","type":1,"width":19.2165},{"bases":[[[0.814384,-0.558949,-0.156061],[0.580138,0.790982,0.194391],[0.0147869,-0.248845,0.96843]],[[0.814509,-0.564528,-0.13373],[0.300667,0.607894,-0.734891],[0.49616,0.558367,0.66487]],[[0.814509,-0.564528,-0.13373],[-0.395613,-0.371866,-0.839765],[0.424341,0.736902,-0.526223]],[[0.814509,-0.564528,-0.13373],[-0.575108,-0.755357,-0.314145],[0.0763298,0.332783,-0.939909]]],"btipPosition":[-53.1381,270.564,-32.989],"carpPosition":[-14.9413,307.084,33.5594],"dipPosition":[-51.7131,276.777,-50.5364],"direction":[-0.424341,-0.736902,0.526223],"extended":false,"handId":180,"id":1802,"length":66.5689,"mcpPosition":[-15.9662,324.332,-33.5648],"pipPosition":[-39.7251,297.595,-65.4026],"stabilizedTipPosition":[-56.1347,270.051,-23.1714],"timeVisible":0.67789,"tipPosition":[-52.8555,271.683,-36.2144],"tipVelocity":[24.1687,-5.25553,-101.721],"tool":false,"touchDistance":0.333333,"touchZone":"none","type":2,"width":18.8731},{"bases":[[[0.761618,-0.647503,-0.0260542],[0.637015,0.740691,0.213516],[-0.118954,-0.179215,0.976592]],[[0.757602,-0.652705,0.00397211],[0.44344,0.510222,-0.736909],[0.478957,0.560045,0.67598]],[[0.757602,-0.652705,0.00397211],[-0.337048,-0.396413,-0.853964],[0.558961,0.645626,-0.520316]],[[0.757602,-0.652705,0.00397211],[-0.613949,-0.714657,-0.33516],[0.221599,0.251479,-0.942153]]],"btipPosition":[-37.8975,265.063,-27.923],"carpPosition":[-4.54376,301.206,31.0486],"dipPosition":[-33.7842,269.731,-45.4113],"direction":[-0.558961,-0.645626,0.520316],"extended":false,"handId":180,"id":1803,"length":64.0077,"mcpPosition":[2.85887,312.359,-29.7256],"pipPosition":[-18.401,287.5,-59.7309],"stabilizedTipPosition":[-40.5018,263.151,-18.7558],"timeVisible":0.67789,"tipPosition":[-37.0399,265.934,-30.9813],"tipVelocity":[25.8533,2.82497,-96.0769],"tool":false,"touchDistance":0.333333,"touchZone":"none","type":3,"width":17.959},{"bases":[[[0.626938,-0.777316,0.0522323],[0.734691,0.612201,0.2923],[-0.259186,-0.144879,0.954899]],[[0.626647,-0.777478,0.0533043],[0.550641,0.393338,-0.736261],[0.55146,0.490727,0.674595]],[[0.626647,-0.777478,0.0533043],[-0.371547,-0.358191,-0.856535],[0.68503,0.51694,-0.513329]],[[0.626647,-0.777478,0.0533043],[-0.710352,-0.597994,-0.371219],[0.32049,0.194758,-0.927014]]],"btipPosition":[-20.7858,266.758,-23.449],"carpPosition":[2.45424,289.03,29.4079],"dipPosition":[-15.2977,270.093,-39.3234],"direction":[-0.68503,-0.51694,0.513329],"extended":false,"handId":180,"id":1804,"length":50.1809,"mcpPosition":[17.3851,297.376,-25.6006],"pipPosition":[-1.9868,280.138,-49.2979],"stabilizedTipPosition":[-22.9614,263.871,-15.3256],"timeVisible":0.67789,"tipPosition":[-19.8254,267.723,-26.3649],"tipVelocity":[24.7145,9.52157,-81.8196],"tool":false,"touchDistance":0.333333,"touchZone":"none","type":4,"width":15.9526}],"r":[[0.962408,-0.0385449,0.268858],[0.145595,0.908855,-0.390877],[-0.229287,0.415328,0.880301]],"s":0.992532,"t":[51.2996,196.326,-113.491],"timestamp":2501212377},false],[6,{"currentFrameRate":103.844,"devices":[],"gestures":[],"hands":[{"armBasis":[[0.82026,-0.198454,-0.53646],[0.443432,0.813054,0.377243],[0.361305,-0.547321,0.754916]],"armWidth":63.3039,"confidence":0.788343,"direction":[0.0800888,0.362675,-0.928468],"elbow":[84.0272,144.459,240.162],"grabStrength":0,"id":180,"palmNormal":[-0.445111,-0.820422,-0.358865],"palmPosition":[-17.2561,310.553,-12.9594],"palmVelocity":[-6.82989,14.4345,-95.8387],"palmWidth":90.3958,"pinchStrength":1,"r":[[0.961879,-0.033313,0.27144],[0.142372,0.90844,-0.393022],[-0.233494,0.416685,0.878552]],"s":0.9956,"sphereCenter":[-38.3764,286.578,-45.7829],"sphereRadius":44.3549,"stabilizedPalmPosition":[-17.4443,304.635,3.45925],"t":[51.2307,196.42,-114.365],"timeVisible":0.68697,"type":"right","wrist":[-12.8881,291.271,37.6658]}],"id":235447,"interactionBox":{"center":[0,200,0],"size":[235.247,235.247,147.751]},"pointables":[{"bases":[[[0.77264,0.626713,0.101286],[-0.549981,0.581094,0.599876],[0.317093,-0.519193,0.793656]],[[0.647049,0.750604,-0.133872],[-0.690876,0.651472,0.313486],[0.322518,-0.110352,0.940109]],[[0.647049,0.750604,-0.133872],[-0.757141,0.61188,-0.228781],[-0.08981,0.249392,0.964229]],[[0.647049,0.750604,-0.133872],[-0.679137,0.487586,-0.548665],[-0.346556,0.44593,0.825255]]],"btipPosition":[-48.0905,280.41,-58.7878],"carpPosition":[-43.1962,293.753,39.6828],"dipPosition":[-56.1482,290.778,-39.6],"direction":[0.08981,-0.249392,-0.964229],"extended":false,"handId":180,"id":1800,"length":51.776,"mcpPosition":[-43.1962,293.753,39.6828],"pipPosition":[-59.1903,299.226,-6.93868],"stabilizedTipPosition":[-52.4853,277.455,-37.1826],"timeVisible":0.68697,"tipPosition":[-49.8201,281.689,-53.9078],"tipVelocity":[5.76089,26.2935,-113.557],"tool":false,"touchDistance":-0.313583,"touchZone":"touching","type":0,"width":20.1178},{"bases":[[[0.892672,-0.374844,-0.250257],[0.429684,0.87539,0.221505],[0.136042,-0.305263,0.9425]],[[0.901764,-0.403273,-0.15554],[0.428084,0.883002,0.192489],[0.059717,-0.240164,0.968894]],[[0.901764,-0.403273,-0.15554],[0.418403,0.904728,0.0800367],[0.108445,-0.137253,0.984582]],[[0.901764,-0.403273,-0.15554],[0.406775,0.913473,-0.0100517],[0.146136,-0.0542058,0.987778]]],"btipPosition":[-44.1284,346.782,-114.633],"carpPosition":[-26.5518,310.004,36.0169],"dipPosition":[-41.6479,345.862,-97.8662],"direction":[-0.108445,0.137253,-0.984582],"extended":true,"handId":180,"id":1801,"length":58.4235,"mcpPosition":[-36.495,332.316,-32.8697],"pipPosition":[-39.0438,342.566,-74.2239],"stabilizedTipPosition":[-48.3185,341.938,-87.5372],"timeVisible":0.68697,"tipPosition":[-44.0693,345.12,-110.857],"tipVelocity":[20.6881,25.8743,-105.19],"tool":false,"touchDistance":-0.372486,"touchZone":"touching","type":1,"width":19.2165},{"bases":[[[0.816427,-0.556343,-0.15469],[0.577298,0.792501,0.196646],[0.0131897,-0.249849,0.968195]],[[0.816513,-0.562019,-0.132068],[0.301169,0.609813,-0.733093],[0.492549,0.558805,0.667183]],[[0.816513,-0.562019,-0.132068],[-0.392591,-0.372792,-0.840773],[0.423296,0.738351,-0.525032]],[[0.816513,-0.562019,-0.132068],[-0.572184,-0.757313,-0.314774],[0.0768921,0.332585,-0.939934]]],"btipPosition":[-52.9964,270.618,-33.8645],"carpPosition":[-15.1023,307.127,32.8115],"dipPosition":[-51.5609,276.827,-51.4124],"direction":[-0.423296,-0.738351,0.525032],"extended":false,"handId":180,"id":1802,"length":66.5689,"mcpPosition":[-16.0165,324.445,-34.2964],"pipPosition":[-39.6025,297.686,-66.2449],"stabilizedTipPosition":[-56.1279,270.055,-23.2004],"timeVisible":0.68697,"tipPosition":[-52.7219,271.728,-37.119],"tipVelocity":[21.8734,-2.16708,-100.259],"tool":false,"touchDistance":0.333333,"touchZone":"none","type":2,"width":18.8731},{"bases":[[[0.763612,-0.645195,-0.0249074],[0.634279,0.742359,0.215855],[-0.120778,-0.180628,0.976108]],[[0.759353,-0.650648,0.00636173],[0.440127,0.506409,-0.741511],[0.479241,0.565868,0.670911]],[[0.759353,-0.650648,0.00636173],[-0.339951,-0.405045,-0.848747],[0.554813,0.642336,-0.52876]],[[0.759353,-0.650648,0.00636173],[-0.613257,-0.718914,-0.327228],[0.217484,0.24458,-0.944924]]],"btipPosition":[-37.7434,265.188,-28.1131],"carpPosition":[-4.68114,301.283,30.3195],"dipPosition":[-33.7065,269.728,-45.6528],"direction":[-0.554813,-0.642336,0.52876],"extended":false,"handId":180,"id":1803,"length":64.0077,"mcpPosition":[2.83501,312.524,-30.4246],"pipPosition":[-18.4375,287.406,-60.2048],"stabilizedTipPosition":[-40.4906,263.16,-18.7966],"timeVisible":0.68697,"tipPosition":[-36.8958,266.044,-31.5199],"tipVelocity":[22.8605,4.95471,-75.6487],"tool":false,"touchDistance":0.333333,"touchZone":"none","type":3,"width":17.959},{"bases":[[[0.629132,-0.775495,0.052913],[0.732148,0.614076,0.294737],[-0.261059,-0.146688,0.954112]],[[0.629243,-0.775433,0.0525094],[0.550713,0.397175,-0.734144],[0.548424,0.490873,0.67696]],[[0.629243,-0.775433,0.0525094],[-0.369431,-0.357856,-0.857589],[0.683794,0.520233,-0.511648]],[[0.629243,-0.775433,0.0525094],[-0.708183,-0.599883,-0.372313],[0.320203,0.197089,-0.926621]]],"btipPosition":[-20.6394,266.853,-24.2514],"carpPosition":[2.35719,289.13,28.6826],"dipPosition":[-15.1561,270.228,-40.119],"direction":[-0.683794,-0.520233,0.511648],"extended":false,"handId":180,"id":1804,"length":50.1809,"mcpPosition":[17.3959,297.58,-26.2805],"pipPosition":[-1.86929,280.337,-50.0609],"stabilizedTipPosition":[-22.9454,263.888,-15.3818],"timeVisible":0.68697,"tipPosition":[-19.6894,267.816,-27.1885],"tipVelocity":[22.305,10.0576,-83.5841],"tool":false,"touchDistance":0.333333,"touchZone":"none","typ