{"sensorType":"Leap","data":[[0,{"currentFrameRate":101.653,"devices":[],"gestures":[],"hands":[{"armBasis":[[0.90708,0.187088,-0.377098],[0.0772091,0.806673,0.585933],[0.413816,-0.560604,0.717273]],"armWidth":63.3039,"confidence":0.837326,"direction":[0.0505469,0.228663,-0.972192],"elbow":[84.7425,135.38,244.936],"grabStrength":0,"id":179,"palmNormal":[-0.104365,-0.966898,-0.232844],"palmPosition":[-31.5163,294.73,-0.806862],"palmVelocity":[17.6285,15.6587,-62.8317],"palmWidth":90.3958,"pinchStrength":0.892664,"r":[[0.867514,0.36099,0.342206],[-0.30193,0.928893,-0.214468],[-0.395294,0.0827321,0.914821]],"s":0.973591,"sphereCenter":[-52.9877,267.419,-30.3185],"sphereRadius":46.8085,"stabilizedPalmPosition":[-33.4478,272.665,66.5246],"t":[31.2441,155.232,-76.6677],"timeVisible":1.43728,"type":"right","wrist":[-26.2582,285.755,52.5374]}],"id":235066,"interactionBox":{"center":[0,200,0],"size":[235.247,235.247,147.751]},"pointables":[{"bases":[[[0.502893,0.863875,0.0286195],[-0.772418,0.4343,0.463416],[0.387904,-0.255155,0.885678]],[[0.374481,0.900761,-0.219985],[-0.901893,0.408935,0.139148],[0.215299,0.146295,0.965528]],[[0.374481,0.900761,-0.219985],[-0.914418,0.319451,-0.248576],[-0.153633,0.294246,0.943301]],[[0.374481,0.900761,-0.219985],[-0.823563,0.214106,-0.525264],[-0.426037,0.377873,0.822012]]],"btipPosition":[-51.248,251.802,-46.311],"carpPosition":[-55.6806,277.81,52.6359],"dipPosition":[-61.1536,260.588,-27.1986],"direction":[0.153633,-0.294246,-0.943301],"extended":false,"handId":179,"id":1790,"length":51.776,"mcpPosition":[-55.6806,277.81,52.6359],"pipPosition":[-66.3576,270.555,4.75379],"stabilizedTipPosition":[-65.0336,237.165,33.1678],"timeVisible":1.43728,"tipPosition":[-52.6029,253.608,-41.8149],"tipVelocity":[12.5475,36.1381,-83.749],"tool":false,"touchDistance":-0.410176,"touchZone":"touching","type":0,"width":20.1178},{"bases":[[[0.98764,-0.0732323,-0.138579],[0.0858638,0.992459,0.0874772],[0.131128,-0.0982949,0.98648]],[[0.993374,-0.0785479,-0.0838999],[0.0923547,0.98006,0.175937],[0.0684074,-0.18252,0.98082]],[[0.993374,-0.0785479,-0.0838999],[0.0825223,0.995573,0.0449986],[0.0799939,-0.051624,0.995458]],[[0.993374,-0.0785479,-0.0838999],[0.0733191,0.995273,-0.0636871],[0.0885058,0.0571137,0.994437]]],"btipPosition":[-61.0842,313.361,-107.723],"carpPosition":[-45.1573,298.116,47.0245],"dipPosition":[-59.5819,314.33,-90.8432],"direction":[-0.0799939,0.051624,-0.995458],"extended":true,"handId":179,"id":1791,"length":58.4235,"mcpPosition":[-54.7413,305.3,-25.0766],"pipPosition":[-57.6611,313.091,-66.9398],"stabilizedTipPosition":[-67.2683,291.455,-32.9636],"timeVisible":1.43728,"tipPosition":[-60.0444,313.145,-103.901],"tipVelocity":[14.2488,69.7427,-54.7197],"tool":false,"touchDistance":-0.371715,"touchZone":"touching","type":1,"width":19.2165},{"bases":[[[0.96707,-0.253949,-0.0168964],[0.254458,0.963392,0.0844261],[-0.00516211,-0.0859454,0.996286]],[[0.966252,-0.25689,0.019126],[0.14843,0.494538,-0.856388],[0.210539,0.830325,0.515979]],[[0.966252,-0.25689,0.019126],[-0.137188,-0.576011,-0.805848],[0.218031,0.776028,-0.591814]],[[0.966252,-0.25689,0.019126],[-0.23637,-0.913686,-0.330617],[0.102407,0.314939,-0.943571]]],"btipPosition":[-50.9325,237.359,-14.5099],"carpPosition":[-33.1371,298.966,44.9181],"dipPosition":[-49.0206,243.239,-32.1257],"direction":[-0.218031,-0.776028,0.591814],"extended":false,"handId":179,"id":1792,"length":66.5689,"mcpPosition":[-32.7793,304.923,-24.1369],"pipPosition":[-42.8611,265.162,-48.8449],"stabilizedTipPosition":[-67.5577,222.432,45.2691],"timeVisible":1.43728,"tipPosition":[-50.413,238.888,-20.2305],"tipVelocity":[25.3533,21.9146,-38.8736],"tool":false,"touchDistance":0.333333,"touchZone":"none","type":2,"width":18.8731},{"bases":[[[0.933818,-0.335726,0.123584],[0.322606,0.939556,0.11472],[-0.154628,-0.0672584,0.985681]],[[0.925749,-0.338456,0.168631],[0.300038,0.386046,-0.872322],[0.230143,0.858147,0.458931]],[[0.925749,-0.338456,0.168631],[-0.0966746,-0.642969,-0.759767],[0.365571,0.687051,-0.627948]],[[0.925749,-0.338456,0.168631],[-0.279296,-0.91264,-0.298465],[0.254916,0.229206,-0.939405]]],"btipPosition":[-36.5459,239.745,-3.01534],"carpPosition":[-21.1603,296.813,43.9764],"dipPosition":[-31.8141,243.999,-20.4526],"direction":[-0.365571,-0.687051,0.627948],"extended":false,"handId":179,"id":1793,"length":64.0077,"mcpPosition":[-11.5376,300.999,-17.3634],"pipPosition":[-21.7532,262.908,-37.7344],"stabilizedTipPosition":[-49.2569,219.784,48.4398],"timeVisible":1.43728,"tipPosition":[-35.1827,240.697,-8.59587],"tipVelocity":[20.3136,23.1494,-50.0266],"tool":false,"touchDistance":0.333333,"touchZone":"none","type":3,"width":17.959},{"bases":[[[0.843418,-0.49185,0.21617],[0.448985,0.866242,0.219174],[-0.295056,-0.0877983,0.951438]],[[0.802996,-0.498752,0.326256],[0.515724,0.307128,-0.799813],[0.298706,0.810505,0.503841]],[[0.802996,-0.498752,0.326256],[-0.0768686,-0.629524,-0.773169],[0.591006,0.595773,-0.543844]],[[0.802996,-0.498752,0.326256],[-0.379295,-0.84992,-0.365747],[0.459709,0.169947,-0.871657]]],"btipPosition":[-23.1783,249.865,-2.21191],"carpPosition":[-10.3263,287.766,44.8023],"dipPosition":[-15.3061,252.775,-17.1384],"direction":[-0.591006,-0.595773,0.543844],"extended":false,"handId":179,"id":1794,"length":50.1809,"mcpPosition":[6.67079,292.823,-10.0068],"pipPosition":[-3.82225,264.352,-27.7058],"stabilizedTipPosition":[-30.5935,226.48,50.4926],"timeVisible":1.43728,"tipPosition":[-20.8085,250.419,-6.74652],"tipVelocity":[14.0139,25.1383,-56.3849],"tool":false,"touchDistance":0.333333,"touchZone":"none","type":4,"width":15.9526}],"r":[[0.867514,0.36099,0.342206],[-0.30193,0.928893,-0.214468],[-0.395294,0.0827321,0.914821]],"s":0.973591,"t":[31.2441,155.232,-76.6677],"timestamp":2497723770},false],[1,{"currentFrameRate":102.175,"devices":[],"gestures":[],"hands":[{"armBasis":[[0.907605,0.182934,-0.377874],[0.0795151,0.808879,0.582574],[0.412227,-0.558793,0.719596]],"armWidth":63.3039,"confidence":0.825857,"direction":[0.0503631,0.233537,-0.971043],"elbow":[84.5091,135.843,244.599],"grabStrength":0,"id":179,"palmNormal":[-0.105926,-0.965544,-0.237709],"palmPosition":[-31.3389,294.986,-1.7181],"palmVelocity":[18.3162,19.2961,-73.8239],"palmWidth":90.3958,"pinchStrength":0.881645,"r":[[0.866552,0.360678,0.344962],[-0.303431,0.929508,-0.209629],[-0.396254,0.0769827,0.914908]],"s":0.977639,"sphereCenter":[-52.9847,267.986,-31.3353],"sphereRadius":46.8488,"stabilizedPalmPosition":[-33.4476,272.668,66.5167],"t":[31.4487,155.476,-77.5537],"timeVisible":1.44607,"type":"right","wrist":[-26.0654,285.732,51.5769]}],"id":235067,"interactionBox":{"center":[0,200,0],"size":[235.247,235.247,147.751]},"pointables":[{"bases":[[[0.504191,0.862971,0.0327444],[-0.771522,0.433078,0.466044],[0.388001,-0.260238,0.884156]],[[0.37544,0.901318,-0.216032],[-0.90086,0.40967,0.143606],[0.217937,0.140699,0.965768]],[[0.37544,0.901318,-0.216032],[-0.914126,0.321605,-0.246869],[-0.15303,0.290165,0.944662]],[[0.37544,0.901318,-0.216032],[-0.822017,0.216128,-0.526856],[-0.428174,0.375385,0.822042]]],"btipPosition":[-51.1684,252.296,-47.3546],"carpPosition":[-55.4996,277.83,51.651],"dipPosition":[-61.1238,261.024,-28.2415],"direction":[0.15303,-0.290165,-0.944662],"extended":false,"handId":179,"id":1790,"length":51.776,"mcpPosition":[-55.4996,277.83,51.651],"pipPosition":[-66.3074,270.853,3.75697],"stabilizedTipPosition":[-65.0311,237.169,33.1512],"timeVisible":1.44607,"tipPosition":[-52.5592,254.105,-42.8866],"tipVelocity":[11.2557,41.1254,-93.1603],"tool":false,"touchDistance":-0.413143,"touchZone":"touching","type":0,"width":20.1178},{"bases":[[[0.987456,-0.073989,-0.139489],[0.0873843,0.991872,0.0924837],[0.131513,-0.103513,0.985895]],[[0.993128,-0.0794859,-0.0858957],[0.0941094,0.978706,0.182424],[0.0695665,-0.189254,0.979461]],[[0.993128,-0.0794859,-0.0858957],[0.0841629,0.99508,0.0522696],[0.0813184,-0.0591397,0.994932]],[[0.993128,-0.0794859,-0.0858957],[0.0748506,0.995626,-0.0559049],[0.0899636,0.0490914,0.994734]]],"btipPosition":[-61.0102,314.379,-108.502],"carpPosition":[-44.9491,298.149,46.1373],"dipPosition":[-59.4831,315.213,-91.617],"direction":[-0.0813184,0.0591397,-0.994932],"extended":true,"handId":179,"id":1791,"length":58.4235,"mcpPosition":[-54.5612,305.715,-25.921],"pipPosition":[-57.5305,313.792,-67.7262],"stabilizedTipPosition":[-67.1066,292.02,-34.7161],"timeVisible":1.44607,"tipPosition":[-59.9803,314.097,-104.683],"tipVelocity":[12.8557,81.1965,-63.8057],"tool":false,"touchDistance":-0.374542,"touchZone":"touching","type":1,"width":19.2165},{"bases":[[[0.966683,-0.255292,-0.0187172],[0.255934,0.962571,0.0891927],[-0.00475356,-0.0910114,0.995839]],[[0.965873,-0.258427,0.0174359],[0.146856,0.490938,-0.858728],[0.213359,0.831983,0.512136]],[[0.965873,-0.258427,0.0174359],[-0.140365,-0.578811,-0.80329],[0.217684,0.773429,-0.595332]],[[0.965873,-0.258427,0.0174359],[-0.238502,-0.913617,-0.329273],[0.101023,0.313877,-0.944074]]],"btipPosition":[-50.8519,237.75,-15.0754],"carpPosition":[-32.9288,298.992,44.0287],"dipPosition":[-48.9659,243.61,-32.7006],"direction":[-0.217684,-0.773429,0.595332],"extended":false,"handId":179,"id":1792,"length":66.5689,"mcpPosition":[-32.5993,305.3,-24.9952],"pipPosition":[-42.8161,265.46,-49.5192],"stabilizedTipPosition":[-67.4707,222.517,44.942],"timeVisible":1.44607,"tipPosition":[-50.3423,239.267,-20.8304],"tipVelocity":[20.8156,27.8443,-45.7936],"tool":false,"touchDistance":0.333333,"touchZone":"none","type":2,"width":18.8731},{"bases":[[[0.933385,-0.337734,0.121363],[0.324063,0.93848,0.119327],[-0.154197,-0.0720491,0.98541]],[[0.925336,-0.340682,0.166401],[0.299781,0.388707,-0.871228],[0.23213,0.856062,0.461814]],[[0.925336,-0.340682,0.166401],[-0.0985679,-0.639946,-0.762072],[0.366112,0.688771,-0.625745]],[[0.925336,-0.340682,0.166401],[-0.281046,-0.910908,-0.302091],[0.254493,0.23277,-0.938643]]],"btipPosition":[-36.4633,240.035,-4.10809],"carpPosition":[-20.9557,296.826,43.0695],"dipPosition":[-31.7394,244.356,-21.5312],"direction":[-0.366112,-0.688771,0.625745],"extended":false,"handId":179,"id":1793,"length":64.0077,"mcpPosition":[-11.3598,301.31,-18.2534],"pipPosition":[-21.6636,263.311,-38.7524],"stabilizedTipPosition":[-49.2113,219.853,48.2542],"timeVisible":1.44607,"tipPosition":[-35.1103,241.007,-9.649],"tipVelocity":[17.3196,26.2683,-69.9226],"tool":false,"touchDistance":0.333333,"touchZone":"none","type":3,"width":17.959},{"bases":[[[0.842803,-0.494194,0.213202],[0.450388,0.864448,0.223338],[-0.294674,-0.0922062,0.951139]],[[0.801598,-0.501667,0.325224],[0.514934,0.302919,-0.801925],[0.303783,0.81029,0.501144]],[[0.801598,-0.501667,0.325224],[-0.081707,-0.630797,-0.771634],[0.592254,0.591967,-0.546636]],[[0.801598,-0.501667,0.325224],[-0.382871,-0.848543,-0.365218],[0.459185,0.168239,-0.872264]]],"btipPosition":[-23.2023,250.222,-2.9942],"carpPosition":[-10.1348,287.758,43.8434],"dipPosition":[-15.3391,253.103,-17.9311],"direction":[-0.592254,-0.591967,0.546636],"extended":false,"handId":179,"id":1794,"length":50.1809,"mcpPosition":[6.84036,293.07,-10.9484],"pipPosition":[-3.83101,264.606,-28.5528],"stabilizedTipPosition":[-30.5893,226.491,50.4668],"timeVisible":1.44607,"tipPosition":[-20.8352,250.76,-7.56205],"tipVelocity":[9.4436,29.113,-65.2374],"tool":false,"touchDistance":0.333333,"touchZone":"none","type":4,"width":15.9526}],"r":[[0.866552,0.360678,0.344962],[-0.303431,0.929508,-0.209629],[-0.396254,0.0769827,0.914908]],"s":0.977639,"t":[31.4487,155.476,-77.5537],"timestamp":2497732559},false],[2,{"currentFrameRate":102.542,"devices":[],"gestures":[],"hands":[{"armBasis":[[0.906677,0.182375,-0.380362],[0.0812124,0.809366,0.581662],[0.413933,-0.55827,0.719023]],"armWidth":63.3039,"confidence":0.826571,"direction":[0.0501852,0.23618,-0.970412],"elbow":[85.1793,136.069,243.586],"grabStrength":0,"id":179,"palmNormal":[-0.107325,-0.964735,-0.240349],"palmPosition":[-31.1408,295.228,-2.54916],"palmVelocity":[19.3006,21.3457,-78.789],"palmWidth":90.3958,"pinchStrength":0.871885,"r":[[0.865912,0.359993,0.347278],[-0.30441,0.930174,-0.205207],[-0.396903,0.0719763,0.915034]],"s":0.981095,"sphereCenter":[-52.9332,268.44,-32.2146],"sphereRadius":46.886,"stabilizedPalmPosition":[-33.4473,272.67,66.5087],"t":[31.65,155.718,-78.4122],"timeVisible":1.45512,"type":"right","wrist":[-25.8528,285.818,50.7171]}],"id":235068,"interactionBox":{"center":[0,200,0],"size":[235.247,235.247,147.751]},"pointables":[{"bases":[[[0.50535,0.862208,0.0348977],[-0.770714,0.432797,0.46764],[0.3881,-0.263218,0.88323]],[[0.376181,0.901427,-0.214281],[-0.899829,0.410566,0.147454],[0.220896,0.137347,0.965578]],[[0.376181,0.901427,-0.214281],[-0.913897,0.322902,-0.246021],[-0.152578,0.28838,0.945281]],[[0.376181,0.901427,-0.214281],[-0.820458,0.216622,-0.529078],[-0.430507,0.374838,0.821073]]],"btipPosition":[-51.0741,252.66,-48.2106],"carpPosition":[-55.2974,277.955,50.784],"dipPosition":[-61.0837,261.376,-29.12],"direction":[0.152578,-0.28838,-0.945281],"extended":false,"handId":179,"id":1790,"length":51.776,"mcpPosition":[-55.2974,277.955,50.784],"pipPosition":[-66.252,271.144,2.89945],"stabilizedTipPosition":[-65.0282,237.173,33.1323],"timeVisible":1.45512,"tipPosition":[-52.4992,254.487,-43.7778],"tipVelocity":[10.646,40.7978,-93.7078],"tool":false,"touchDistance":-0.41308,"touchZone":"touching","type":0,"width":20.1178},{"bases":[[[0.987286,-0.0749068,-0.140194],[0.0887454,0.991494,0.0952072],[0.13187,-0.106438,0.985536]],[[0.992883,-0.0804364,-0.0878251],[0.0957088,0.977785,0.186486],[0.0708738,-0.193564,0.978524]],[[0.992883,-0.0804364,-0.0878251],[0.085631,0.994691,0.0570704],[0.0827683,-0.0641848,0.9945]],[[0.992883,-0.0804364,-0.0878251],[0.0761978,0.995808,-0.0505978],[0.0915268,0.0435456,0.99485]]],"btipPosition":[-60.9272,315.119,-109.243],"carpPosition":[-44.7228,298.275,45.3217],"dipPosition":[-59.3736,315.858,-92.356],"direction":[-0.0827683,0.0641848,-0.9945],"extended":true,"handId":179,"id":1791,"length":58.4235,"mcpPosition":[-54.3611,306.055,-26.7103],"pipPosition":[-57.3861,314.317,-68.4755],"stabilizedTipPosition":[-66.9205,292.683,-36.7277],"timeVisible":1.45512,"tipPosition":[-59.9022,314.787,-105.428],"tipVelocity":[12.0255,80.6734,-68.7724],"tool":false,"touchDistance":-0.376527,"touchZone":"touching","type":1,"width":19.2165},{"bases":[[[0.966334,-0.256519,-0.0199184],[0.257254,0.961978,0.0917492],[-0.00437434,-0.0937844,0.995583]],[[0.965537,-0.259757,0.016261],[0.145272,0.486042,-0.861777],[0.215949,0.83444,0.507027]],[[0.965537,-0.259757,0.016261],[-0.143284,-0.58268,-0.799971],[0.217273,0.770072,-0.599818]],[[0.965537,-0.259757,0.016261],[-0.240407,-0.914062,-0.326643],[0.0997111,0.311476,-0.945008]]],"btipPosition":[-50.7397,238.081,-15.4882],"carpPosition":[-32.7025,299.108,43.2094],"dipPosition":[-48.8782,243.896,-33.1308],"direction":[-0.217273,-0.770072,0.599818],"extended":false,"handId":179,"id":1792,"length":66.5689,"mcpPosition":[-32.3993,305.608,-25.7968],"pipPosition":[-42.7401,265.651,-50.0761],"stabilizedTipPosition":[-67.3912,222.595,44.6433],"timeVisible":1.45512,"tipPosition":[-50.2401,239.578,-21.2507],"tipVelocity":[18.3196,29.9221,-45.8634],"tool":false,"touchDistance":0.333333,"touchZone":"none","type":2,"width":18.8731},{"bases":[[[0.932997,-0.339307,0.119948],[0.325366,0.937713,0.121782],[-0.153798,-0.0745953,0.985283]],[[0.924972,-0.342368,0.164958],[0.299776,0.390519,-0.870419],[0.233585,0.854564,0.463853]],[[0.924972,-0.342368,0.164958],[-0.0999069,-0.637854,-0.76365],[0.366669,0.689874,-0.624202]],[[0.924972,-0.342368,0.164958],[-0.28245,-0.909726,-0.304338],[0.254262,0.234911,-0.938172]]],"btipPosition":[-36.3408,240.293,-5.07322],"carpPosition":[-20.7327,296.93,42.2382],"dipPosition":[-31.6212,244.653,-22.4876],"direction":[-0.366669,-0.689874,0.624202],"extended":false,"handId":179,"id":1793,"length":64.0077,"mcpPosition":[-11.1617,301.572,-19.0769],"pipPosition":[-21.53,263.639,-39.6663],"stabilizedTipPosition":[-49.1749,219.909,48.1043],"timeVisible":1.45512,"tipPosition":[-34.9942,241.278,-10.5881],"tipVelocity":[16.2461,27.1637,-79.9896],"tool":false,"touchDistance":0.333333,"touchZone":"none","type":3,"width":17.959},{"bases":[[[0.842255,-0.495902,0.211395],[0.451646,0.863224,0.225521],[-0.294318,-0.0944706,0.951027]],[[0.800552,-0.503681,0.324687],[0.514627,0.300226,-0.803134],[0.307044,0.810043,0.499554]],[[0.800552,-0.503681,0.324687],[-0.0847251,-0.631499,-0.770734],[0.593244,0.589503,-0.548222]],[[0.800552,-0.503681,0.324687],[-0.385292,-0.847594,-0.364877],[0.458984,0.167003,-0.872607]]],"btipPosition":[-23.1418,250.517,-3.75731],"carpPosition":[-9.92343,287.845,42.9813],"dipPosition":[-15.2821,253.377,-18.7],"direction":[-0.593244,-0.589503,0.548222],"extended":false,"handId":179,"id":1794,"length":50.1809,"mcpPosition":[7.03122,293.287,-11.8041],"pipPosition":[-3.75471,264.832,-29.3526],"stabilizedTipPosition":[-30.5855,226.501,50.4434],"timeVisible":1.45512,"tipPosition":[-20.7869,251.045,-8.31834],"tipVelocity":[8.65795,29.9195,-70.5411],"tool":false,"touchDistance":0.333333,"touchZone":"none","type":4,"width":15.9526}],"r":[[0.865912,0.359993,0.347278],[-0.30441,0.930174,-0.205207],[-0.396903,0.0719763,0.915034]],"s":0.981095,"t":[31.65,155.718,-78.4122],"timestamp":2497741610},false],[3,{"currentFrameRate":102.891,"devices":[],"gestures":[],"hands":[{"armBasis":[[0.907326,0.179134,-0.380355],[0.083102,0.810425,0.579919],[0.412133,-0.557784,0.720433]],"armWidth":63.3039,"confidence":0.819081,"direction":[0.05046,0.237179,-0.970155],"elbow":[84.8881,136.298,243.377],"grabStrength":0,"id":179,"palmNormal":[-0.109164,-0.964262,-0.241416],"palmPosition":[-30.9406,295.396,-3.12467],"palmVelocity":[20.0752,20.5628,-74.5826],"palmWidth":90.3958,"pinchStrength":0.866475,"r":[[0.865544,0.359035,0.34918],[-0.304856,0.93085,-0.201448],[-0.397361,0.0679123,0.915146]],"s":0.983939,"sphereCenter":[-52.8148,268.741,-32.8103],"sphereRadius":46.906,"stabilizedPalmPosition":[-33.447,272.673,66.5006],"t":[31.8508,155.924,-79.1292],"timeVisible":1.46418,"type":"right","wrist":[-25.6611,285.916,50.1301]}],"id":235069,"interactionBox":{"center":[0,200,0],"size":[235.247,235.247,147.751]},"pointables":[{"bases":[[[0.506962,0.861225,0.0357815],[-0.769826,0.433705,0.46826],[0.387759,-0.264936,0.882866]],[[0.377565,0.900972,-0.213763],[-0.898436,0.412327,0.150996],[0.224183,0.135041,0.965146]],[[0.377565,0.900972,-0.213763],[-0.913346,0.324345,-0.24617],[-0.15246,0.288184,0.94536]],[[0.377565,0.900972,-0.213763],[-0.818406,0.216691,-0.532219],[-0.433194,0.375892,0.819176]]],"btipPosition":[-51.0015,252.909,-48.7385],"carpPosition":[-55.1203,278.108,50.1932],"dipPosition":[-61.0736,261.649,-29.6921],"direction":[0.15246,-0.288184,-0.94536],"extended":false,"handId":179,"id":1790,"length":51.776,"mcpPosition":[-55.1203,278.108,50.1932],"pipPosition":[-66.2379,271.411,2.33006],"stabilizedTipPosition":[-65.0251,237.178,33.1117],"timeVisible":1.46418,"tipPosition":[-52.4571,254.754,-44.3465],"tipVelocity":[9.48094,37.3002,-84.2431],"tool":false,"touchDistance":-0.408177,"touchZone":"touching","type":0,"width":20.1178},{"bases":[[[0.987121,-0.0765881,-0.140449],[0.0906089,0.991219,0.0963084],[0.131839,-0.107794,0.985393]],[[0.992628,-0.0820719,-0.0891888],[0.0977597,0.977125,0.188862],[0.0716484,-0.196189,0.977945]],[[0.992628,-0.0820719,-0.0891888],[0.0876284,0.994328,0.0602767],[0.0837359,-0.0676477,0.994189]],[[0.992628,-0.0820719,-0.0891888],[0.078135,0.995845,-0.0467767],[0.0926573,0.0394631,0.994916]]],"btipPosition":[-60.7863,315.621,-109.771],"carpPosition":[-44.5088,298.414,44.752],"dipPosition":[-59.2136,316.291,-92.8831],"direction":[-0.0837359,0.0676477,-0.994189],"extended":true,"handId":179,"id":1791,"length":58.4235,"mcpPosition":[-54.1448,306.293,-27.2696],"pipPosition":[-57.2029,314.667,-69.0101],"stabilizedTipPosition":[-66.7209,293.392,-38.8525],"timeVisible":1.46418,"tipPosition":[-59.7697,315.247,-105.959],"tipVelocity":[13.1327,73.2377,-65.8819],"tool":false,"touchDistance":-0.375128,"touchZone":"touching","type":1,"width":19.2165},{"bases":[[[0.965851,-0.258296,-0.0203738],[0.259062,0.961394,0.0927881],[-0.00437958,-0.0948975,0.995477]],[[0.965055,-0.261571,0.0157767],[0.144891,0.482466,-0.863848],[0.218346,0.835947,0.503506]],[[0.965055,-0.261571,0.0157767],[-0.145582,-0.585232,-0.79769],[0.217886,0.767518,-0.602861]],[[0.965055,-0.261571,0.0157767],[-0.242484,-0.914217,-0.324666],[0.0993466,0.309495,-0.945697]]],"btipPosition":[-50.6495,238.314,-15.7843],"carpPosition":[-32.4872,299.227,42.6385],"dipPosition":[-48.7947,244.092,-33.4398],"direction":[-0.217886,-0.767518,0.602861],"extended":false,"handId":179,"id":1792,"length":66.5689,"mcpPosition":[-32.1837,305.805,-26.3604],"pipPosition":[-42.6393,265.775,-50.4711],"stabilizedTipPosition":[-67.3203,222.665,44.3769],"timeVisible":1.46418,"tipPosition":[-50.1552,239.792,-21.5188],"tipVelocity":[15.967,28.5081,-42.32],"tool":false,"touchDistance":0.333333,"touchZone":"none","type":2,"width":18.8731},{"bases":[[[0.932383,-0.34118,0.119405],[0.327134,0.936968,0.122782],[-0.153769,-0.0754184,0.985224]],[[0.924359,-0.344277,0.164417],[0.300336,0.390858,-0.870074],[0.235282,0.853641,0.464692]],[[0.924359,-0.344277,0.164417],[-0.10125,-0.63686,-0.764302],[0.367843,0.689842,-0.623546]],[[0.924359,-0.344277,0.164417],[-0.284206,-0.908864,-0.305276],[0.254533,0.235457,-0.937962]]],"btipPosition":[-36.2443,240.474,-5.70425],"carpPosition":[-20.5217,297.027,41.6628],"dipPosition":[-31.5196,244.844,-23.1147],"direction":[-0.367843,-0.689842,0.623546],"extended":false,"handId":179,"id":1793,"length":64.0077,"mcpPosition":[-10.9525,301.721,-19.6487],"pipPosition":[-21.3962,263.829,-40.2754],"stabilizedTipPosition":[-49.1466,219.953,47.9878],"timeVisible":1.46418,"tipPosition":[-34.8992,241.462,-11.2042],"tipVelocity":[14.7379,25.2443,-77.1168],"tool":false,"touchDistance":0.333333,"touchZone":"none","type":3,"width":17.959},{"bases":[[[0.841365,-0.497709,0.210692],[0.453292,0.862127,0.226416],[-0.294332,-0.0949933,0.950971]],[[0.79932,-0.505567,0.324792],[0.514995,0.297852,-0.803781],[0.309626,0.809744,0.498444]],[[0.79932,-0.505567,0.324792],[-0.0868955,-0.632071,-0.770023],[0.59459,0.587272,-0.549158]],[[0.79932,-0.505567,0.324792],[-0.387491,-0.846773,-0.364454],[0.459281,0.165462,-0.872745]]],"btipPosition":[-23.0688,250.704,-4.28202],"carpPosition":[-9.72927,287.922,42.3937],"dipPosition":[-15.204,253.538,-19.2271],"direction":[-0.59459,-0.587272,0.549158],"extended":false,"handId":179,"id":1794,"length":50.1809,"mcpPosition":[7.22616,293.394,-12.3884],"pipPosition":[-3.65046,264.949,-29.8979],"stabilizedTipPosition":[-30.5823,226.51,50.4231],"timeVisible":1.46418,"tipPosition":[-20.7244,251.224,-8.8254],"tipVelocity":[8.52956,27.1812,-67.0797],"tool":false,"touchDistance":0.333333,"touchZone":"none","type":4,"width":15.9526}],"r":[[0.865544,0.359035,0.34918],[-0.304856,0.93085,-0.201448],[-0.397361,0.0679123,0.915146]],"s":0.983939,"t":[31.8508,155.924,-79.1292],"timestamp":2497750666},false],[4,{"currentFrameRate":103.267,"devices":[],"gestures":[],"hands":[{"armBasis":[[0.908415,0.172474,-0.380836],[0.0871379,0.812818,0.575964],[0.408889,-0.556399,0.723347]],"armWidth":63.3039,"confidence":0.820963,"direction":[0.0492024,0.238171,-0.969976],"elbow":[84.2716,136.862,243.413],"grabStrength":0,"id":179,"palmNormal":[-0.112465,-0.963655,-0.242324],"palmPosition":[-30.7662,295.667,-3.84802],"palmVelocity":[19.8998,23.214,-76.2369],"palmWidth":90.3958,"pinchStrength":0.862212,"r":[[0.865601,0.357676,0.350434],[-0.30475,0.931603,-0.198098],[-0.39732,0.0646787,0.915398]],"s":0.986264,"sphereCenter":[-52.7755,269.146,-33.5186],"sphereRadius":46.9173,"stabilizedPalmPosition":[-33.4467,272.676,66.4921],"t":[32.0383,156.162,-79.8494],"timeVisible":1.47315,"type":"right","wrist":[-25.4074,286.109,49.3849]}],"id":235070,"interactionBox":{"center":[0,200,0],"size":[235.247,235.247,147.751]},"pointables":[{"bases":[[[0.509547,0.859699,0.035768],[-0.767613,0.435399,0.470316],[0.388757,-0.267104,0.881773]],[[0.379678,0.900119,-0.213612],[-0.896274,0.415109,0.156133],[0.22921,0.132175,0.964361]],[[0.379678,0.900119,-0.213612],[-0.912931,0.327194,-0.243928],[-0.149671,0.287627,0.945975]],[[0.379678,0.900119,-0.213612],[-0.817673,0.218506,-0.532603],[-0.432731,0.376883,0.818965]]],"btipPosition":[-51.1249,253.327,-49.4106],"carpPosition":[-54.8891,278.387,49.4982],"dipPosition":[-61.1862,262.09,-30.369],"direction":[0.149671,-0.287627,-0.945975],"extended":false,"handId":179,"id":1790,"length":51.776,"mcpPosition":[-54.8891,278.387,49.4982],"pipPosition":[-66.256,271.832,1.67393],"stabilizedTipPosition":[-65.0217,237.184,33.0885],"timeVisible":1.47315,"tipPosition":[-52.5827,255.172,-45.041],"tipVelocity":[3.19568,39.9838,-81.7205],"tool":false,"touchDistance":-0.40579,"touchZone":"touching","type":0,"width":20.1178},{"bases":[[[0.986609,-0.0793038,-0.142525],[0.0936974,0.990836,0.0972851],[0.133504,-0.109337,0.984999]],[[0.992127,-0.0847685,-0.0921829],[0.10117,0.976359,0.19102],[0.0738111,-0.198842,0.977248]],[[0.992127,-0.0847685,-0.0921829],[0.0907718,0.993877,0.0630021],[0.0862778,-0.0708737,0.993747]],[[0.992127,-0.0847685,-0.0921829],[0.081023,0.995756,-0.0436482],[0.0954917,0.0358356,0.994785]]],"btipPosition":[-60.83,316.241,-110.392],"carpPosition":[-44.2293,298.669,44.0593],"dipPosition":[-59.2091,316.849,-93.5065],"direction":[-0.0862778,0.0708737,-0.993747],"extended":true,"handId":179,"id":1791,"length":58.4235,"mcpPosition":[-53.987,306.66,-27.9334],"pipPosition":[-57.1374,315.147,-69.6441],"stabilizedTipPosition":[-66.5208,294.126,-41.0137],"timeVisible":1.47315,"tipPosition":[-59.8174,315.832,-106.584],"tipVelocity":[8.54187,71.6639,-66.8175],"tool":false,"touchDistance":-0.375274,"touchZone":"touching","type":1,"width":19.2165},{"bases":[[[0.965049,-0.26109,-0.0226206],[0.262055,0.960524,0.0933907],[-0.00265576,-0.0960545,0.995373]],[[0.964316,-0.264407,0.0135489],[0.14382,0.480185,-0.865297],[0.222284,0.836368,0.501077]],[[0.964316,-0.264407,0.0135489],[-0.149587,-0.586352,-0.796125],[0.218445,0.765689,-0.60498]],[[0.964316,-0.264407,0.0135489],[-0.246006,-0.913772,-0.323268],[0.0978549,0.308399,-0.94621]]],"btipPosition":[-50.6679,238.668,-16.3072],"carpPosition":[-32.2097,299.449,41.9227],"dipPosition":[-48.8411,244.426,-33.9722],"direction":[-0.218445,-0.765689,0.60498],"extended":false,"handId":179,"id":1792,"length":66.5689,"mcpPosition":[-32.0256,306.107,-27.069],"pipPosition":[-42.6698,266.057,-51.0634],"stabilizedTipPosition":[-67.2589,222.728,44.1439],"timeVisible":1.47315,"tipPosition":[-50.1861,240.133,-22.0076],"tipVelocity":[10.8344,31.3685,-46.7567],"tool":false,"touchDistance":0.333333,"touchZone":"none","type":2,"width":18.8731},{"bases":[[[0.931621,-0.34404,0.117128],[0.330115,0.935864,0.123219],[-0.152008,-0.0761274,0.985443]],[[0.923678,-0.347167,0.162156],[0.29973,0.391003,-0.870217],[0.238707,0.852404,0.465217]],[[0.923678,-0.347167,0.162156],[-0.104642,-0.635659,-0.764845],[0.368605,0.689502,-0.623472]],[[0.923678,-0.347167,0.162156],[-0.28747,-0.907669,-0.305775],[0.253339,0.235822,-0.938194]]],"btipPosition":[-36.2356,240.764,-6.48144],"carpPosition":[-20.2526,297.216,40.9202],"dipPosition":[-31.5331,245.141,-23.8962],"direction":[-0.368605,-0.689502,0.623472],"extended":false,"handId":179,"id":1793,"length":64.0077,"mcpPosition":[-10.793,301.953,-20.4048],"pipPosition":[-21.3887,264.117,-41.0548],"stabilizedTipPosition":[-49.125,219.987,47.8974],"timeVisible":1.47315,"tipPosition":[-34.8993,241.755,-11.979],"tipVelocity":[10.811,27.2276,-79.7505],"tool":false,"touchDistance":0.333333,"touchZone":"none","type":3,"width":17.959},{"bases":[[[0.840329,-0.50041,0.208415],[0.456263,0.860533,0.226511],[-0.292696,-0.0952517,0.95145]],[[0.798284,-0.508297,0.323073],[0.514419,0.296454,-0.804666],[0.313233,0.808547,0.498133]],[[0.798284,-0.508297,0.323073],[-0.0904143,-0.631475,-0.770107],[0.595456,0.585554,-0.550054]],[[0.798284,-0.508297,0.323073],[-0.390823,-0.845319,-0.364269],[0.458257,0.164526,-0.87346]]],"btipPosition":[-23.0452,250.967,-5.04398],"carpPosition":[-9.48537,288.078,41.6188],"dipPosition":[-15.1979,253.784,-20.0013],"direction":[-0.595456,-0.585554,0.550054],"extended":false,"handId":179,"id":1794,"length":50.1809,"mcpPosition":[7.37582,293.565,-13.1909],"pipPosition":[-3.62753,265.162,-30.6894],"stabilizedTipPosition":[-30.5795,226.517,50.4058],"timeVisible":1.47315,"tipPosition":[-20.716,251.483,-9.57159],"tipVelocity":[6.79217,27.631,-72.053],"tool":false,"touchDistance":0.333333,"touchZone":"none","type":4,"width":15.9526}],"r":[[0.865601,0.357676,0.350434],[-0.30475,0.931603,-0.198098],[-0.39732,0.0646787,0.915398]],"s":0.986264,"t":[32.0383,156.162,-79.8494],"timestamp":2497759638},false],[5,{"currentFrameRate":103.363,"devices":[],"gestures":[],"hands":[{"armBasis":[[0.90956,0.168072,-0.380069],[0.089449,0.813951,0.574006],[0.405832,-0.55609,0.725303]],"armWidth":63.3039,"confidence":0.82317,"direction":[0.0477187,0.23776,-0.970151],"elbow":[83.7651,137.291,242.967],"grabStrength":0,"id":179,"palmNormal":[-0.1142,-0.96359,-0.24177],"palmPosition":[-30.5389,296,-4.81235],"palmVelocity":[21.0617,26.6325,-83.5144],"palmWidth":90.3958,"pinchStrength":0.8631,"r":[[0.865871,0.356379,0.351086],[-0.304489,0.932265,-0.195369],[-0.39693,0.0622627,0.915734]],"s":0.988071,"sphereCenter":[-52.6562,269.543,-34.44],"sphereRadius":46.9349,"stabilizedPalmPosition":[-33.4463,272.679,66.4824],"t":[32.2458,156.448,-80.6916],"timeVisible":1.48265,"type":"right","wrist":[-25.094,286.454,48.4139]}],"id":235071,"interactionBox":{"center":[0,200,0],"size":[235.247,235.247,147.751]},"pointables":[{"bases":[[[0.510758,0.859031,0.034514],[-0.766157,0.436591,0.471585],[0.390038,-0.267309,0.881145]],[[0.380274,0.899541,-0.21498],[-0.894802,0.416624,0.160482],[0.233926,0.131338,0.963343]],[[0.380274,0.899541,-0.21498],[-0.912986,0.327956,-0.242696],[-0.147811,0.288565,0.945982]],[[0.380274,0.899541,-0.21498],[-0.816604,0.217431,-0.534679],[-0.434223,0.378878,0.817252]]],"btipPosition":[-51.0836,253.675,-50.234],"carpPosition":[-54.5857,278.772,48.5847],"dipPosition":[-61.1796,262.484,-31.2322],"direction":[0.147811,-0.288565,-0.945982],"extended":false,"handId":179,"id":1790,"length":51.776,"mcpPosition":[-54.5857,278.772,48.5847],"pipPosition":[-66.1864,272.258,0.810989],"stabilizedTipPosition":[-65.0177,237.19,33.0616],"timeVisible":1.48265,"tipPosition":[-52.564,255.539,-45.9015],"tipVelocity":[3.28459,39.3489,-83.4349],"tool":false,"touchDistance":-0.406032,"touchZone":"touching","type":0,"width":20.1178},{"bases":[[[0.986236,-0.0806712,-0.144328],[0.0951996,0.990745,0.0967561],[0.135187,-0.109164,0.984788]],[[0.991755,-0.0860203,-0.094986],[0.103036,0.975982,0.191946],[0.0761934,-0.200151,0.976798]],[[0.991755,-0.0860203,-0.094986],[0.0923495,0.993644,0.0643733],[0.0888448,-0.0726145,0.993395]],[[0.991755,-0.0860203,-0.094986],[0.0823448,0.99572,-0.0419669],[0.0981895,0.0337993,0.994594]]],"btipPosition":[-60.8418,316.729,-111.286],"carpPosition":[-43.9089,299.037,43.1188],"dipPosition":[-59.1751,317.303,-94.404],"direction":[-0.0888448,0.0726145,-0.993395],"extended":true,"handId":179,"id":1791,"length":58.4235,"mcpPosition":[-53.7896,307.016,-28.8585],"pipPosition":[-57.0417,315.559,-70.55],"stabilizedTipPosition":[-66.3231,294.868,-43.1789],"timeVisible":1.48265,"tipPosition":[-59.8324,316.289,-107.483],"tipVelocity":[6.05036,65.6027,-74.7017],"tool":false,"touchDistance":-0.379504,"touchZone":"touching","type":1,"width":19.2165},{"bases":[[[0.964657,-0.262386,-0.0243187],[0.263509,0.960206,0.0925601],[-0.000935475,-0.0956969,0.99541]],[[0.963987,-0.265687,0.0118292],[0.14277,0.479459,-0.865873],[0.224379,0.836379,0.500124]],[[0.963987,-0.265687,0.0118292],[-0.151915,-0.586608,-0.795495],[0.218292,0.76505,-0.605844]],[[0.963987,-0.265687,0.0118292],[-0.247842,-0.913594,-0.322365],[0.0964553,0.307824,-0.946541]]],"btipPosition":[-50.5397,239.023,-17.1966],"carpPosition":[-31.8923,299.801,40.9596],"dipPosition":[-48.7389,244.77,-34.8679],"direction":[-0.218292,-0.76505,0.605844],"extended":false,"handId":179,"id":1792,"length":66.5689,"mcpPosition":[-31.8275,306.434,-28.0347],"pipPosition":[-42.572,266.383,-51.9834],"stabilizedTipPosition":[-67.2045,222.784,43.9363],"timeVisible":1.48265,"tipPosition":[-50.0679,240.483,-22.8678],"tipVelocity":[11.4221,33.0263,-60.2806],"tool":false,"touchDistance":0.333333,"touchZone":"none","type":2,"width":18.8731},{"bases":[[[0.931377,-0.345242,0.115521],[0.331592,0.935466,0.12227],[-0.150279,-0.0755739,0.985751]],[[0.923518,-0.34834,0.160543],[0.298589,0.390205,-0.870968],[0.240748,0.85229,0.464372]],[[0.923518,-0.34834,0.160543],[-0.106958,-0.635848,-0.764367],[0.368341,0.688735,-0.624475]],[[0.923518,-0.34834,0.160543],[-0.289263,-0.907403,-0.304873],[0.251877,0.235116,-0.938764]]],"btipPosition":[-36.0869,241.104,-7.40938],"carpPosition":[-19.9401,297.551,39.9357],"dipPosition":[-31.4116,245.468,-24.8347],"direction":[-0.368341,-0.688735,0.624475],"extended":false,"handId":179,"id":1793,"length":64.0077,"mcpPosition":[-10.5881,302.254,-21.4085],"pipPosition":[-21.2744,264.423,-42.0209],"stabilizedTipPosition":[-49.107,220.015,47.8219],"timeVisible":1.48265,"tipPosition":[-34.7623,242.091,-12.8952],"tipVelocity":[12.0162,29.6039,-84.9915],"tool":false,"touchDistance":0.333333,"touchZone":"none","type":3,"width":17.959},{"bases":[[[0.840047,-0.501457,0.207034],[0.45783,0.860004,0.225355],[-0.291055,-0.0945225,0.952025]],[[0.798028,-0.509262,0.322185],[0.513425,0.294663,-0.805958],[0.315508,0.808595,0.496617]],[[0.798028,-0.509262,0.322185],[-0.092828,-0.632144,-0.769271],[0.595427,0.583992,-0.551742]],[[0.798028,-0.509262,0.322185],[-0.39273,-0.845018,-0.362915],[0.457071,0.163085,-0.874351]]],"btipPosition":[-22.8971,251.299,-5.97703],"carpPosition":[-9.18379,288.399,40.6176],"dipPosition":[-15.0701,254.092,-20.9496],"direction":[-0.595427,-0.583992,0.551742],"extended":false,"handId":179,"id":1794,"length":50.1809,"mcpPosition":[7.5829,293.844,-14.2253],"pipPosition":[-3.50035,265.439,-31.6706],"stabilizedTipPosition":[-30.577,226.524,50.3899],"timeVisible":1.48265,"tipPosition":[-20.5826,251.809,-10.491],"tipVelocity":[9.17877,29.5827,-79.6923],"tool":false,"touchDistance":0.333333,"touchZone":"none","type":4,"width":15.9526}],"r":[[0.865871,0.356379,0.351086],[-0.304489,0.932265,-0.195369],[-0.39693,0.0622627,0.915734]],"s":0.988071,"t":[32.2458,156.448,-80.6916],"timestamp":2497769132},false],[6,{"currentFrameRate":103.766,"devices":[],"gestures":[],"hands":[{"armBasis":[[0.910781,0.163743,-0.379034],[0.0916583,0.814914,0.572288],[0.402588,-0.55597,0.7272]],"armWidth":63.3039,"confidence":0.828928,"direction":[0.0478735,0.238501,-0.969962],"elbow":[82.9619,137.587,242.753],"grabStrength":0,"id":179,"palmNormal":[-0.116357,-0.963132,-0.242564],"palmPosition":[-30.471,296.323,-5.52438],"palmVelocity":[17.4209,29.2558,-82.6178],"palmWidth":90.3958,"pinchStrength":0.863036,"r":[[0.866266,0.354907,0.351603],[-0.303893,0.932952,-0.193001],[-0.396526,0.0603401,0.916038]],"s":0.989717,"sphereCenter":[-52.6274,269.961,-35.1657],"sphereRadius":46.9408,"stabilizedPalmPosition":[-33.4459,272.682,66.4728],"t":[32.3835,156.752,-81.4688],"timeVisible":1.49152,"type":"right","wrist":[-25.0271,286.719,47.6916]}],"id":235072,"interactionBox":{"center":[0,200,0],"size":[235.247,235.247,147.751]},"pointables":[{"bases":[[[0.512614,0.857903,0.0350719],[-0.765045,0.437824,0.472246],[0.389786,-0.268911,0.880769]],[[0.382207,0.898907,-0.214204],[-0.893009,0.418898,0.164499],[0.237599,0.128413,0.962838]],[[0.382207,0.898907,-0.214204],[-0.91233,0.330228,-0.242083],[-0.146874,0.287951,0.946315]],[[0.382207,0.898907,-0.214204],[-0.814988,0.218647,-0.536645],[-0.435559,0.379683,0.816167]]],"btipPosition":[-51.2159,254.149,-50.9131],"carpPosition":[-54.5352,279.099,47.8666],"dipPosition":[-61.343,262.977,-31.9366],"direction":[0.146874,-0.287951,-0.946315],"extended":false,"handId":179,"id":1790,"length":51.776,"mcpPosition":[-54.5352,279.099,47.8666],"pipPosition":[-66.3181,272.731,0.117865],"stabilizedTipPosition":[-65.0134,237.197,33.0319],"timeVisible":1.49152,"tipPosition":[-52.7059,256.003,-46.604],"tipVelocity":[-1.87055,43.3105,-81.7329],"tool":false,"touchDistance":-0.404037,"touchZone":"touching","type":0,"width":20.1178},{"bases":[[[0.986008,-0.0826622,-0.144762],[0.0973615,0.990454,0.0975814],[0.135313,-0.11031,0.984643]],[[0.991466,-0.0879834,-0.0961972],[0.105363,0.975354,0.193866],[0.0767693,-0.202347,0.9763]],[[0.991466,-0.0879834,-0.0961972],[0.0946244,0.99327,0.0667961],[0.0896728,-0.0753287,0.993119]],[[0.991466,-0.0879834,-0.0961972],[0.0845523,0.995648,-0.0391887],[0.0992265,0.0307206,0.994591]]],"btipPosition":[-60.8211,317.333,-111.952],"carpPosition":[-43.8169,299.347,42.4144],"dipPosition":[-59.1368,317.855,-95.07],"direction":[-0.0896728,0.0753286,-0.993119],"extended":true,"handId":179,"id":1791,"length":58.4235,"mcpPosition":[-53.7069,307.409,-29.5524],"pipPosition":[-56.9835,316.046,-71.2227],"stabilizedTipPosition":[-66.1483,295.538,-45.1051],"timeVisible":1.49152,"tipPosition":[-59.8221,316.866,-108.151],"tipVelocity":[5.16507,65.9023,-74.7885],"tool":false,"touchDistance":-0.379877,"touchZone":"touching","type":1,"width":19.2165},{"bases":[[[0.964082,-0.264434,-0.0249018],[0.265603,0.959558,0.0932968],[-0.000776179,-0.0965598,0.995327]],[[0.963419,-0.267765,0.0112386],[0.143486,0.479937,-0.86549],[0.226354,0.835442,0.500801]],[[0.963419,-0.267765,0.0112386],[-0.153457,-0.585549,-0.795979],[0.219716,0.765137,-0.60522]],[[0.963419,-0.267765,0.0112386],[-0.249917,-0.912766,-0.32311],[0.0967758,0.308482,-0.946295]]],"btipPosition":[-50.5987,239.398,-17.9538],"carpPosition":[-31.7995,300.086,40.2513],"dipPosition":[-48.7919,245.157,-35.6204],"direction":[-0.219716,-0.765137,0.60522],"extended":false,"handId":179,"id":1792,"length":66.5689,"mcpPosition":[-31.7457,306.779,-28.7371],"pipPosition":[-42.5848,266.773,-52.7183],"stabilizedTipPosition":[-67.162,222.828,43.7718],"timeVisible":1.49152,"tipPosition":[-50.1262,240.861,-23.6108],"tipVelocity":[6.56048,35.6238,-67.0362],"tool":false,"touchDistance":0.333333,"touchZone":"none","type":2,"width":18.8731},{"bases":[[[0.930676,-0.34734,0.114878],[0.333644,0.934646,0.122961],[-0.15008,-0.076108,0.98574]],[[0.922879,-0.350445,0.159635],[0.297902,0.387011,-0.872626],[0.244027,0.852884,0.461562]],[[0.922879,-0.350445,0.159635],[-0.110166,-0.637476,-0.762554],[0.368996,0.686159,-0.62692]],[[0.922879,-0.350445,0.159635],[-0.291983,-0.907068,-0.303271],[0.251079,0.233272,-0.939438]]],"btipPosition":[-36.1605,241.476,-7.91881],"carpPosition":[-19.8525,297.811,39.2211],"dipPosition":[-31.4999,245.806,-25.3566],"direction":[-0.368996,-0.686159,0.62692],"extended":false,"handId":179,"id":1793,"length":64.0077,"mcpPosition":[-10.5129,302.548,-22.1224],"pipPosition":[-21.3448,264.69,-42.6102],"stabilizedTipPosition":[-49.0932,220.037,47.7632],"timeVisible":1.49152,"tipPosition":[-34.8457,242.45,-13.3974],"tipVelocity":[6.40149,32.7209,-77.5879],"tool":false,"touchDistance":0.333333,"touchZone":"none","type":3,"width":17.959},{"bases":[[[0.839044,-0.503438,0.206289],[0.459757,0.858823,0.225933],[-0.290909,-0.0947251,0.95205]],[[0.796838,-0.511271,0.321949],[0.513796,0.293035,-0.806315],[0.317903,0.807919,0.49619]],[[0.796838,-0.511271,0.321949],[-0.0948293,-0.632085,-0.769075],[0.596705,0.582298,-0.552153]],[[0.796838,-0.511271,0.321949],[-0.394914,-0.844008,-0.362896],[0.457266,0.162027,-0.874446]]],"btipPosition":[-22.9497,251.623,-6.68037],"carpPosition":[-9.11563,288.636,39.8911],"dipPosition":[-15.1194,254.397,-21.6546],"direction":[-0.596705,-0.582298,0.552153],"extended":false,"handId":179,"id":1794,"length":50.1809,"mcpPosition":[7.64261,294.093,-14.9532],"pipPosition":[-3.52478,265.712,-32.3835],"stabilizedTipPosition":[-30.575,226.529,50.3767],"timeVisible":1.49152,"tipPosition":[-20.6432,252.128,-11.1785],"tipVelocity":[5.10356,31.3133,