{"sensorType":"Leap","data":[[0,{"currentFrameRate":92.5401,"devices":[],"gestures":[],"hands":[{"armBasis":[[0.981966,-0.172171,-0.078104],[0.188382,0.925967,0.327257],[0.0159777,-0.336068,0.941702]],"armWidth":63.703,"confidence":0.841422,"direction":[0.330132,0.200656,-0.922361],"elbow":[45.3379,217.756,346.675],"grabStrength":0.00613125,"id":638,"palmNormal":[-0.206462,-0.938136,-0.277984],"palmPosition":[50.9365,317.402,39.4441],"palmVelocity":[-47.7039,-32.4904,-194.494],"palmWidth":90.9658,"pinchStrength":0.949408,"r":[[0.999451,0.0195283,-0.0267702],[-0.0238257,0.984984,-0.170994],[0.023029,0.171538,0.984908]],"s":1.09308,"sphereCenter":[42.9624,275.961,9.76066],"sphereRadius":45.5672,"stabilizedPalmPosition":[32.9229,327.514,176.234],"t":[19.9491,-9.5816,-137.095],"timeVisible":0.352593,"type":"right","wrist":[41.0251,308.47,92.4834]}],"id":4224785,"interactionBox":{"center":[0,200,0],"size":[235.247,235.247,147.751]},"pointables":[{"bases":[[[0.619724,0.76469,0.176609],[-0.777785,0.568354,0.268372],[0.104845,-0.303681,0.946988]],[[0.529453,0.822557,-0.207558],[-0.848226,0.51729,-0.113683],[0.0138569,0.236246,0.971594]],[[0.529453,0.822557,-0.207558],[-0.837902,0.468786,-0.27957],[-0.132662,0.321933,0.937422]],[[0.529453,0.822557,-0.207558],[-0.807767,0.414051,-0.419613],[-0.259216,0.389824,0.883654]]],"btipPosition":[21.3107,273.814,-16.1241],"carpPosition":[11.4153,305.698,84.9913],"dipPosition":[15.2458,282.935,4.55109],"direction":[0.132662,-0.321933,-0.937422],"extended":false,"handId":638,"id":6380,"length":52.1025,"mcpPosition":[11.4153,305.698,84.9913],"pipPosition":[10.7238,293.908,36.5045],"stabilizedTipPosition":[1.58599,291.657,119.185],"timeVisible":0.352593,"tipPosition":[19.4132,275.418,-11.268],"tipVelocity":[-46.9556,-19.2286,-186.84],"tool":false,"touchDistance":-0.500049,"touchZone":"hovering","type":0,"width":20.2446},{"bases":[[[0.963433,-0.244507,0.109606],[0.229513,0.964128,0.133346],[-0.138278,-0.103313,0.98499]],[[0.969121,-0.239061,0.0604422],[0.246477,0.931946,-0.265944],[0.0072481,0.27263,0.962092]],[[0.969121,-0.239061,0.0604422],[0.243871,0.892958,-0.378356],[0.0364781,0.381413,0.923685]],[[0.969121,-0.239061,0.0604422],[0.240007,0.858262,-0.453634],[0.0565711,0.454133,0.889136]]],"btipPosition":[34.421,302.823,-68.5545],"carpPosition":[26.4097,323.908,82.7215],"dipPosition":[35.3873,310.58,-53.3672],"direction":[-0.0364781,-0.381413,-0.923685],"extended":true,"handId":638,"id":6381,"length":58.7918,"mcpPosition":[36.5801,331.506,10.2755],"pipPosition":[36.2688,319.797,-31.0473],"stabilizedTipPosition":[18.8269,325.343,70.9546],"timeVisible":0.352593,"tipPosition":[34.3751,303.682,-64.6906],"tipVelocity":[-67.6346,-25.5915,-192.661],"tool":false,"touchDistance":-0.572163,"touchZone":"hovering","type":1,"width":19.3376},{"bases":[[[0.882556,-0.416971,0.217325],[0.385997,0.906409,0.171549],[-0.268516,-0.0675147,0.960906]],[[0.873261,-0.418963,0.248767],[0.43937,0.456373,-0.773742],[0.210639,0.78498,0.582613]],[[0.873261,-0.418963,0.248767],[0.242597,-0.0689203,-0.967676],[0.422566,0.905384,0.0414538]],[[0.873261,-0.418963,0.248767],[0.102436,-0.341284,-0.934362],[0.476363,0.841425,-0.255113]]],"btipPosition":[26.2302,247.968,-7.77993],"carpPosition":[38.614,322.632,83.7031],"dipPosition":[35.1797,263.776,-12.5727],"direction":[-0.422566,-0.905384,-0.0414538],"extended":false,"handId":638,"id":6382,"length":66.9886,"mcpPosition":[57.3429,327.341,16.6804],"pipPosition":[47.1927,289.515,-11.3943],"stabilizedTipPosition":[13.7329,275.486,110.928],"timeVisible":0.352593,"tipPosition":[28.5691,252.129,-9.63791],"tipVelocity":[-72.3893,-33.1899,-181.614],"tool":false,"touchDistance":-0.466909,"touchZone":"hovering","type":2,"width":18.9921},{"bases":[[[0.801796,-0.489496,0.342807],[0.439309,0.871688,0.217182],[-0.40513,-0.0235371,0.913956]],[[0.828511,-0.486594,0.277121],[0.484394,0.374479,-0.79065],[0.280949,0.789298,0.545963]],[[0.828511,-0.486594,0.277121],[0.240938,-0.136965,-0.960828],[0.505489,0.862825,0.00376224]],[[0.828511,-0.486594,0.277121],[0.0840851,-0.381167,-0.920675],[0.553624,0.786091,-0.274885]]],"btipPosition":[38.4487,246.046,9.13398],"carpPosition":[49.9679,318.407,85.7254],"dipPosition":[48.7898,260.729,3.99939],"direction":[-0.505489,-0.862825,-0.00376224],"extended":false,"handId":638,"id":6383,"length":64.4113,"mcpPosition":[75.3385,319.881,28.4905],"pipPosition":[62.7891,284.625,4.10359],"stabilizedTipPosition":[29.3909,271.323,125.629],"timeVisible":0.352593,"tipPosition":[41.5158,249.834,6.81637],"tipVelocity":[-82.078,-38.1012,-160.558],"tool":false,"touchDistance":0.333333,"touchZone":"none","type":3,"width":18.0722},{"bases":[[[0.665836,-0.626184,0.405655],[0.52114,0.779415,0.347744],[-0.533925,-0.0201372,0.845292]],[[0.635391,-0.626342,0.451634],[0.718612,0.265559,-0.642709],[0.28262,0.732921,0.618831]],[[0.635391,-0.626342,0.451634],[0.430483,-0.198239,-0.88056],[0.641063,0.753921,0.143671]],[[0.635391,-0.626342,0.451634],[0.225848,-0.408562,-0.884347],[0.738424,0.663907,-0.118138]]],"btipPosition":[54.297,256.651,17.3424],"carpPosition":[58.5959,307.575,88.9928],"dipPosition":[67.0217,268.092,15.3067],"direction":[-0.641063,-0.753921,-0.143671],"extended":false,"handId":638,"id":6384,"length":50.4973,"mcpPosition":[89.5474,308.742,39.9915],"pipPosition":[79.5568,282.834,18.1159],"stabilizedTipPosition":[42.5543,274.793,141.803],"timeVisible":0.352593,"tipPosition":[57.9636,259.404,16.3064],"tipVelocity":[-80.1166,-36.1669,-177.38],"tool":false,"touchDistance":-0.449992,"touchZone":"hovering","type":4,"width":16.0532}],"r":[[0.999451,0.0195283,-0.0267702],[-0.0238257,0.984984,-0.170994],[0.023029,0.171538,0.984908]],"s":1.09308,"t":[19.9491,-9.5816,-137.095],"timestamp":523042080119},false],[1,{"currentFrameRate":93.4,"devices":[],"gestures":[],"hands":[{"armBasis":[[0.981186,-0.175087,-0.0813546],[0.192156,0.926478,0.323597],[0.0187155,-0.333142,0.942691]],"armWidth":63.703,"confidence":0.823909,"direction":[0.328972,0.200516,-0.922806],"elbow":[45.7587,218.242,346.012],"grabStrength":0.0059704,"id":638,"palmNormal":[-0.20874,-0.937585,-0.278141],"palmPosition":[50.5465,317.107,38.5019],"palmVelocity":[-46.6378,-32.6492,-170.353],"palmWidth":90.9658,"pinchStrength":0.948425,"r":[[0.999415,0.0182566,-0.0289182],[-0.0229493,0.984949,-0.171315],[0.0253554,0.171878,0.984792]],"s":1.09397,"sphereCenter":[42.5076,275.679,8.83939],"sphereRadius":45.5491,"stabilizedPalmPosition":[32.9232,327.513,176.231],"t":[19.2984,-10.0317,-139.279],"timeVisible":0.361499,"type":"right","wrist":[40.7068,308.166,91.553]}],"id":4224786,"interactionBox":{"center":[0,200,0],"size":[235.247,235.247,147.751]},"pointables":[{"bases":[[[0.621496,0.763396,0.17598],[-0.776234,0.56971,0.269982],[0.105845,-0.304395,0.946647]],[[0.531164,0.821669,-0.2067],[-0.847128,0.519479,-0.111874],[0.015453,0.234525,0.971987]],[[0.531164,0.821669,-0.2067],[-0.836842,0.470619,-0.279667],[-0.132516,0.321524,0.937583]],[[0.531164,0.821669,-0.2067],[-0.805666,0.414315,-0.423374],[-0.262234,0.391412,0.88206]]],"btipPosition":[20.9607,273.633,-16.9941],"carpPosition":[11.0792,305.455,84.1091],"dipPosition":[14.8251,282.792,3.6438],"direction":[0.132516,-0.321524,-0.937583],"extended":false,"handId":638,"id":6380,"length":52.1025,"mcpPosition":[11.0792,305.455,84.1091],"pipPosition":[10.3081,293.751,35.6027],"stabilizedTipPosition":[1.58636,291.657,119.182],"timeVisible":0.361499,"tipPosition":[18.9974,275.258,-12.1606],"tipVelocity":[-45.3707,-19.2406,-162.84],"tool":false,"touchDistance":-0.491556,"touchZone":"hovering","type":0,"width":20.2446},{"bases":[[[0.963141,-0.246426,0.107858],[0.231599,0.963611,0.133478],[-0.136826,-0.103578,0.985165]],[[0.968752,-0.240973,0.0587521],[0.247857,0.931632,-0.265762],[0.00930609,0.27202,0.962247]],[[0.968752,-0.240973,0.0587521],[0.244989,0.892651,-0.378359],[0.038729,0.380929,0.923793]],[[0.968752,-0.240973,0.0587521],[0.240928,0.857938,-0.453757],[0.0589375,0.453733,0.889186]]],"btipPosition":[33.8263,302.617,-69.4751],"carpPosition":[26.105,323.637,81.8239],"dipPosition":[34.833,310.367,-54.2869],"direction":[-0.038729,-0.380929,-0.923793],"extended":true,"handId":638,"id":6381,"length":58.7918,"mcpPosition":[36.1685,331.255,9.36503],"pipPosition":[35.7688,319.572,-31.9644],"stabilizedTipPosition":[18.8281,325.341,70.9442],"timeVisible":0.361499,"tipPosition":[33.7885,303.481,-65.614],"tipVelocity":[-67.1187,-24.9812,-168.353],"tool":false,"touchDistance":-0.557086,"touchZone":"hovering","type":1,"width":19.3376},{"bases":[[[0.882112,-0.418792,0.21562],[0.388035,0.905569,0.171388],[-0.267035,-0.0675152,0.961319]],[[0.872532,-0.420844,0.24815],[0.439,0.452464,-0.776245],[0.214399,0.786236,0.579539]],[[0.872532,-0.420844,0.24815],[0.240764,-0.0715726,-0.967941],[0.425113,0.904305,0.0388744]],[[0.872532,-0.420844,0.24815],[0.100551,-0.342363,-0.934172],[0.478098,0.840047,-0.256407]]],"btipPosition":[25.5351,247.669,-8.4817],"carpPosition":[38.3084,322.337,82.7843],"dipPosition":[34.5172,263.451,-13.2988],"direction":[-0.425113,-0.904305,-0.0388744],"extended":false,"handId":638,"id":6382,"length":66.9886,"mcpPosition":[56.934,327.046,15.7329],"pipPosition":[46.6026,289.159,-12.1937],"stabilizedTipPosition":[13.7369,275.479,110.894],"timeVisible":0.361499,"tipPosition":[27.8997,251.831,-10.3937],"tipVelocity":[-73.7006,-33.4652,-153.804],"tool":false,"touchDistance":-0.459162,"touchZone":"hovering","type":2,"width":18.9921},{"bases":[[[0.801422,-0.491229,0.341199],[0.441356,0.87072,0.216913],[-0.403642,-0.0232485,0.914621]],[[0.828114,-0.488329,0.275249],[0.48306,0.372553,-0.792375],[0.284395,0.789138,0.544408]],[[0.828114,-0.488329,0.275249],[0.238349,-0.137686,-0.96137],[0.507363,0.861729,0.00237275]],[[0.828114,-0.488329,0.275249],[0.0814791,-0.380952,-0.920998],[0.554607,0.785118,-0.275683]]],"btipPosition":[37.8209,245.766,8.27507],"carpPosition":[49.6575,318.089,84.7854],"dipPosition":[48.1804,260.431,3.12558],"direction":[-0.507363,-0.861729,-0.00237275],"extended":false,"handId":638,"id":6383,"length":64.4113,"mcpPosition":[74.9349,319.545,27.5088],"pipPosition":[62.2316,284.296,3.19129],"stabilizedTipPosition":[29.395,271.314,125.583],"timeVisible":0.361499,"tipPosition":[40.8823,249.543,5.96227],"tipVelocity":[-78.7951,-36.4191,-143.214],"tool":false,"touchDistance":0.333333,"touchZone":"none","type":3,"width":18.0722},{"bases":[[[0.665304,-0.627688,0.404201],[0.523227,0.778219,0.347288],[-0.532545,-0.0195627,0.846175]],[[0.63552,-0.627827,0.449386],[0.716713,0.263269,-0.645765],[0.28712,0.732477,0.617284]],[[0.63552,-0.627827,0.449386],[0.427147,-0.198952,-0.882022],[0.643164,0.752496,0.141736]],[[0.63552,-0.627827,0.449386],[0.222775,-0.408177,-0.885304],[0.739247,0.66274,-0.119541]]],"btipPosition":[53.6768,256.346,16.4475],"carpPosition":[58.2699,307.239,88.0325],"dipPosition":[66.4157,267.766,14.3876],"direction":[-0.643164,-0.752496,-0.141736],"extended":false,"handId":638,"id":6384,"length":50.4973,"mcpPosition":[89.1415,308.373,38.9799],"pipPosition":[78.9918,282.48,17.159],"stabilizedTipPosition":[42.557,274.79,141.779],"timeVisible":0.361499,"tipPosition":[57.3466,259.094,15.3968],"tipVelocity":[-77.166,-35.8076,-156.623],"tool":false,"touchDistance":-0.446833,"touchZone":"hovering","type":4,"width":16.0532}],"r":[[0.999415,0.0182566,-0.0289182],[-0.0229493,0.984949,-0.171315],[0.0253554,0.171878,0.984792]],"s":1.09397,"t":[19.2984,-10.0317,-139.279],"timestamp":523042089025},false],[2,{"currentFrameRate":94.1633,"devices":[],"gestures":[],"hands":[{"armBasis":[[0.98134,-0.172344,-0.0852622],[0.190742,0.928547,0.318461],[0.0242851,-0.328782,0.944094]],"armWidth":63.703,"confidence":0.839899,"direction":[0.328751,0.202633,-0.922422],"elbow":[46.6189,218.994,344.767],"grabStrength":0.00560257,"id":638,"palmNormal":[-0.205032,-0.938103,-0.279151],"palmPosition":[49.9005,316.77,36.893],"palmVelocity":[-53.4876,-33.9421,-172.482],"palmWidth":90.9658,"pinchStrength":0.944783,"r":[[0.999372,0.0179994,-0.0305153],[-0.0229726,0.984936,-0.171389],[0.0269707,0.171983,0.984731]],"s":1.09519,"sphereCenter":[42.1242,275.353,7.23251],"sphereRadius":45.4961,"stabilizedPalmPosition":[32.9237,327.513,176.227],"t":[18.65,-10.4255,-141.175],"timeVisible":0.370534,"type":"right","wrist":[40.0637,307.742,89.9298]}],"id":4224787,"interactionBox":{"center":[0,200,0],"size":[235.247,235.247,147.751]},"pointables":[{"bases":[[[0.618503,0.765572,0.177068],[-0.77854,0.566516,0.270065],[0.106442,-0.304891,0.946421]],[[0.529066,0.823909,-0.203134],[-0.848482,0.517281,-0.1118],[0.0129645,0.231505,0.972747]],[[0.529066,0.823909,-0.203134],[-0.83736,0.468091,-0.282344],[-0.13754,0.319475,0.93756]],[[0.529066,0.823909,-0.203134],[-0.803946,0.410049,-0.430733],[-0.27159,0.391195,0.879321]]],"btipPosition":[20.8466,273.329,-18.6104],"carpPosition":[10.4509,304.925,82.4659],"dipPosition":[14.4922,282.482,1.96343],"direction":[0.13754,-0.319475,-0.93756],"extended":false,"handId":638,"id":6380,"length":52.1025,"mcpPosition":[10.4509,304.925,82.4659],"pipPosition":[9.80389,293.372,33.9216],"stabilizedTipPosition":[1.58673,291.656,119.179],"timeVisible":0.370534,"tipPosition":[18.7702,274.952,-13.8082],"tipVelocity":[-37.8833,-23.2468,-167.711],"tool":false,"touchDistance":-0.495199,"touchZone":"hovering","type":0,"width":20.2446},{"bases":[[[0.964002,-0.242887,0.108191],[0.227877,0.964352,0.134527],[-0.137009,-0.10503,0.984986]],[[0.969614,-0.237375,0.0591753],[0.244522,0.932865,-0.26452],[0.00758792,0.270952,0.962563]],[[0.969614,-0.237375,0.0591753],[0.241872,0.893886,-0.377446],[0.0367004,0.38029,0.924139]],[[0.969614,-0.237375,0.0591753],[0.237977,0.859123,-0.453072],[0.0567092,0.453387,0.889508]]],"btipPosition":[33.3048,302.32,-71.1065],"carpPosition":[25.4091,323.166,80.2067],"dipPosition":[34.2734,310.064,-55.9128],"direction":[-0.0367004,-0.38029,-0.924139],"extended":true,"handId":638,"id":6381,"length":58.7918,"mcpPosition":[35.4862,330.891,7.76103],"pipPosition":[35.1602,319.253,-33.582],"stabilizedTipPosition":[18.8295,325.339,70.9309],"timeVisible":0.370534,"tipPosition":[33.2622,303.191,-67.2497],"tipVelocity":[-64.796,-27.1951,-171.68],"tool":false,"touchDistance":-0.554163,"touchZone":"hovering","type":1,"width":19.3376},{"bases":[[[0.883562,-0.41566,0.215743],[0.384509,0.906866,0.172473],[-0.26734,-0.069436,0.961097]],[[0.873314,-0.417899,0.250365],[0.437769,0.447728,-0.779678],[0.213731,0.790506,0.573951]],[[0.873314,-0.417899,0.250365],[0.24126,-0.0754682,-0.967522],[0.423221,0.905353,0.0349148]],[[0.873314,-0.417899,0.250365],[0.102841,-0.344199,-0.933248],[0.476179,0.840766,-0.257616]]],"btipPosition":[24.9868,247.128,-9.67289],"carpPosition":[37.6168,321.911,81.1731],"dipPosition":[33.9328,262.924,-14.5127],"direction":[-0.423221,-0.905353,-0.0349148],"extended":false,"handId":638,"id":6382,"length":66.9886,"mcpPosition":[56.2636,326.755,14.1371],"pipPosition":[45.9644,288.662,-13.5201],"stabilizedTipPosition":[13.7418,275.469,110.849],"timeVisible":0.370534,"tipPosition":[27.3745,251.303,-11.6755],"tipVelocity":[-70.3697,-40.6399,-147.913],"tool":false,"touchDistance":-0.459526,"touchZone":"hovering","type":2,"width":18.9921},{"bases":[[[0.803074,-0.48852,0.341205],[0.437935,0.872176,0.217996],[-0.404086,-0.0256416,0.914361]],[[0.829722,-0.485469,0.275464],[0.479446,0.367154,-0.797075],[0.285818,0.793421,0.537393]],[[0.829722,-0.485469,0.275464],[0.235553,-0.142873,-0.961302],[0.506039,0.8625,-0.00419146]],[[0.829722,-0.485469,0.275464],[0.0805735,-0.384168,-0.919741],[0.55233,0.785325,-0.279636]]],"btipPosition":[37.1875,245.314,7.25178],"carpPosition":[48.9807,317.705,83.1768],"dipPosition":[47.5045,259.983,2.02844],"direction":[-0.506039,-0.8625,0.00419146],"extended":false,"handId":638,"id":6383,"length":64.4113,"mcpPosition":[74.2859,319.31,25.9165],"pipPosition":[61.5191,283.87,1.91236],"stabilizedTipPosition":[29.4004,271.302,125.52],"timeVisible":0.370534,"tipPosition":[40.2574,249.093,4.83433],"tipVelocity":[-76.6983,-40.1207,-135.479],"tool":false,"touchDistance":0.333333,"touchZone":"none","type":3,"width":18.0722},{"bases":[[[0.667435,-0.625553,0.403998],[0.520079,0.779861,0.348332],[-0.532962,-0.0223781,0.845843]],[[0.638691,-0.625868,0.447619],[0.713233,0.263243,-0.649616],[0.288741,0.734161,0.614521]],[[0.638691,-0.625868,0.447619],[0.424601,-0.198474,-0.883358],[0.641706,0.754253,0.138981]],[[0.638691,-0.625868,0.447619],[0.222148,-0.406975,-0.886014],[0.736698,0.665327,-0.120897]]],"btipPosition":[53.0784,256.015,15.0279],"carpPosition":[57.6322,306.884,86.4187],"dipPosition":[65.7733,267.48,12.9446],"direction":[-0.641706,-0.754253,-0.138981],"extended":false,"handId":638,"id":6384,"length":50.4973,"mcpPosition":[88.5279,308.181,37.3854],"pipPosition":[78.321,282.229,15.6622],"stabilizedTipPosition":[42.5605,274.786,141.746],"timeVisible":0.370534,"tipPosition":[56.7541,258.779,13.9346],"tipVelocity":[-74.4632,-35.7045,-156.924],"tool":false,"touchDistance":-0.451858,"touchZone":"hovering","type":4,"width":16.0532}],"r":[[0.999372,0.0179994,-0.0305153],[-0.0229726,0.984936,-0.171389],[0.0269707,0.171983,0.984731]],"s":1.09519,"t":[18.65,-10.4255,-141.175],"timestamp":523042098060},false],[3,{"currentFrameRate":94.8971,"devices":[],"gestures":[],"hands":[{"armBasis":[[0.980774,-0.174577,-0.0872117],[0.193402,0.929187,0.314973],[0.026049,-0.325784,0.945085]],"armWidth":63.703,"confidence":0.830756,"direction":[0.327733,0.203479,-0.922598],"elbow":[46.7365,219.444,343.708],"grabStrength":0.00523004,"id":638,"palmNormal":[-0.206052,-0.937629,-0.27999],"palmPosition":[49.4816,316.466,35.5646],"palmVelocity":[-51.5417,-33.8637,-165.515],"palmWidth":90.9658,"pinchStrength":0.9399,"r":[[0.999331,0.0176586,-0.0320407],[-0.0228943,0.984968,-0.171213],[0.0285357,0.171831,0.984713]],"s":1.09669,"sphereCenter":[41.7932,275.069,5.92327],"sphereRadius":45.4543,"stabilizedPalmPosition":[32.9243,327.513,176.222],"t":[18.1163,-10.7743,-142.788],"timeVisible":0.37956,"type":"right","wrist":[39.7051,307.383,88.6031]}],"id":4224788,"interactionBox":{"center":[0,200,0],"size":[235.247,235.247,147.751]},"pointables":[{"bases":[[[0.619271,0.764925,0.177184],[-0.777795,0.566753,0.271709],[0.107418,-0.306074,0.945928]],[[0.530097,0.823797,-0.200887],[-0.847824,0.518813,-0.109672],[0.0138751,0.228453,0.973456]],[[0.530097,0.823797,-0.200887],[-0.836564,0.469426,-0.282489],[-0.138412,0.317801,0.938]],[[0.530097,0.823797,-0.200887],[-0.801874,0.410007,-0.434617],[-0.275672,0.391475,0.877925]]],"btipPosition":[20.5565,273.203,-19.9206],"carpPosition":[10.081,304.596,81.1733],"dipPosition":[14.1065,282.363,0.620515],"direction":[0.138412,-0.317801,-0.938],"extended":false,"handId":638,"id":6380,"length":52.1025,"mcpPosition":[10.081,304.596,81.1733],"pipPosition":[9.38852,293.195,32.5937],"stabilizedTipPosition":[1.58709,291.656,119.177],"timeVisible":0.37956,"tipPosition":[18.4266,274.826,-15.1356],"tipVelocity":[-36.9733,-20.6537,-161.734],"tool":false,"touchDistance":-0.493779,"touchZone":"hovering","type":0,"width":20.2446},{"bases":[[[0.963965,-0.243699,0.106691],[0.228733,0.964032,0.135367],[-0.135843,-0.106085,0.985034]],[[0.969511,-0.238143,0.0577533],[0.244885,0.933053,-0.26352],[0.0088684,0.269628,0.962924]],[[0.969511,-0.238143,0.0577533],[0.242066,0.894102,-0.376809],[0.0380969,0.3793,0.924489]],[[0.969511,-0.238143,0.0577533],[0.23804,0.859312,-0.452681],[0.0581746,0.452627,0.8898]]],"btipPosition":[32.7454,302.154,-72.4291],"carpPosition":[25.0493,322.829,78.9167],"dipPosition":[33.7391,309.885,-57.2304],"direction":[-0.0380969,-0.3793,-0.924489],"extended":true,"handId":638,"id":6381,"length":58.7918,"mcpPosition":[35.0405,330.632,6.4674],"pipPosition":[34.6596,319.051,-34.8911],"stabilizedTipPosition":[18.8311,325.337,70.9148],"timeVisible":0.37956,"tipPosition":[32.709,303.032,-68.5762],"tipVelocity":[-63.844,-24.8542,-164.722],"tool":false,"touchDistance":-0.546902,"touchZone":"hovering","type":1,"width":19.3376},{"bases":[[[0.883537,-0.41654,0.214142],[0.385372,0.90639,0.173049],[-0.266178,-0.070371,0.961352]],[[0.872698,-0.418929,0.250793],[0.436899,0.440689,-0.784164],[0.217987,0.793909,0.567618]],[[0.872698,-0.418929,0.250793],[0.239368,-0.0806021,-0.967578],[0.425561,0.904435,0.0299367]],[[0.872698,-0.418929,0.250793],[0.101671,-0.34647,-0.932535],[0.477558,0.83932,-0.25977]]],"btipPosition":[24.2488,246.736,-10.5104],"carpPosition":[37.2574,321.565,79.8662],"dipPosition":[33.2206,262.504,-15.3907],"direction":[-0.425561,-0.904435,-0.0299367],"extended":false,"handId":638,"id":6382,"length":66.9886,"mcpPosition":[55.8231,326.473,12.8125],"pipPosition":[45.3188,288.216,-14.5397],"stabilizedTipPosition":[13.7483,275.457,110.786],"timeVisible":0.37956,"tipPosition":[26.6749,250.909,-12.6048],"tipVelocity":[-73.3249,-41.6103,-133.024],"tool":false,"touchDistance":-0.454609,"touchZone":"hovering","type":2,"width":18.9921},{"bases":[[[0.803155,-0.48949,0.33962],[0.43883,0.871609,0.218464],[-0.402951,-0.0264248,0.91484]],[[0.829634,-0.486397,0.274091],[0.476606,0.361316,-0.801435],[0.290782,0.795531,0.531579]],[[0.829634,-0.486397,0.274091],[0.231568,-0.146928,-0.961659],[0.50802,0.861296,-0.00926307]],[[0.829634,-0.486397,0.274091],[0.0774837,-0.385871,-0.919293],[0.552905,0.783914,-0.282444]]],"btipPosition":[36.4692,244.972,6.34821],"carpPosition":[48.6207,317.347,81.8506],"dipPosition":[46.7969,259.614,1.07243],"direction":[-0.50802,-0.861296,0.00926307],"extended":false,"handId":638,"id":6383,"length":64.4113,"mcpPosition":[73.8549,319.002,24.5603],"pipPosition":[60.8663,283.468,0.815893],"stabilizedTipPosition":[29.4072,271.286,125.434],"timeVisible":0.37956,"tipPosition":[39.5386,248.736,3.88653],"tipVelocity":[-77.4179,-39.716,-126.111],"tool":false,"touchDistance":0.333333,"touchZone":"none","type":3,"width":18.0722},{"bases":[[[0.667498,-0.6265,0.402424],[0.521073,0.779083,0.348588],[-0.531911,-0.0229894,0.846488]],[[0.640314,-0.626869,0.443885],[0.708463,0.258704,-0.656623],[0.296782,0.73492,0.609765]],[[0.640314,-0.626869,0.443885],[0.417689,-0.200814,-0.886121],[0.64462,0.752801,0.133253]],[[0.640314,-0.626869,0.443885],[0.216547,-0.407126,-0.887331],[0.736957,0.664292,-0.124941]]],"btipPosition":[52.3082,255.703,13.9907],"carpPosition":[57.2686,306.517,85.0689],"dipPosition":[65.0076,267.15,11.8376],"direction":[-0.64462,-0.752801,-0.133253],"extended":false,"handId":638,"id":6384,"length":50.4973,"mcpPosition":[88.1034,307.849,35.9982],"pipPosition":[77.6122,281.87,14.4432],"stabilizedTipPosition":[42.565,274.78,141.7],"timeVisible":0.37956,"tipPosition":[56.0165,258.465,12.8194],"tipVelocity":[-77.4227,-35.5293,-145.852],"tool":false,"touchDistance":-0.450805,"touchZone":"hovering","type":4,"width":16.0532}],"r":[[0.999331,0.0176586,-0.0320407],[-0.0228943,0.984968,-0.171213],[0.0285357,0.171831,0.984713]],"s":1.09669,"t":[18.1163,-10.7743,-142.788],"timestamp":523042107086},false],[4,{"currentFrameRate":95.4579,"devices":[],"gestures":[],"hands":[{"armBasis":[[0.98071,-0.175018,-0.087046],[0.193634,0.930741,0.310204],[0.026726,-0.321075,0.946677]],"armWidth":63.703,"confidence":0.835942,"direction":[0.325588,0.205165,-0.922984],"elbow":[46.5403,220.334,342.755],"grabStrength":0.00492139,"id":638,"palmNormal":[-0.204261,-0.937861,-0.280526],"palmPosition":[48.9857,316.159,34.1736],"palmVelocity":[-51.9975,-33.5884,-160.875],"palmWidth":90.9658,"pinchStrength":0.935078,"r":[[0.999275,0.0178806,-0.0336138],[-0.0233733,0.985016,-0.170873],[0.0300548,0.171535,0.984719]],"s":1.09891,"sphereCenter":[41.4893,274.791,4.55959],"sphereRadius":45.3951,"stabilizedPalmPosition":[32.925,327.512,176.216],"t":[17.6016,-11.1021,-144.289],"timeVisible":0.388888,"type":"right","wrist":[39.3262,307.001,87.2207]}],"id":4224789,"interactionBox":{"center":[0,200,0],"size":[235.247,235.247,147.751]},"pointables":[{"bases":[[[0.617717,0.766265,0.176817],[-0.77869,0.56459,0.273641],[0.109852,-0.306718,0.94544]],[[0.528326,0.825302,-0.199366],[-0.848916,0.517513,-0.107342],[0.014585,0.225957,0.974028]],[[0.528326,0.825302,-0.199366],[-0.837525,0.468046,-0.281931],[-0.139365,0.315926,0.938493]],[[0.528326,0.825302,-0.199366],[-0.801532,0.407372,-0.437715],[-0.280031,0.391055,0.876732]]],"btipPosition":[20.2703,272.955,-21.2703],"carpPosition":[9.69569,304.149,79.841],"dipPosition":[13.7183,282.104,-0.757121],"direction":[0.139365,-0.315926,-0.938492],"extended":false,"handId":638,"id":6380,"length":52.1025,"mcpPosition":[9.69569,304.149,79.841],"pipPosition":[8.96783,292.873,31.2328],"stabilizedTipPosition":[1.58746,291.656,119.174],"timeVisible":0.388888,"tipPosition":[18.0943,274.575,-16.5004],"tipVelocity":[-35.9046,-22.4159,-157.106],"tool":false,"touchDistance":-0.493076,"touchZone":"hovering","type":0,"width":20.2446},{"bases":[[[0.964746,-0.241445,0.104738],[0.22662,0.964457,0.135889],[-0.133825,-0.107362,0.985172]],[[0.970185,-0.235838,0.0558691],[0.242166,0.933944,-0.262876],[0.00981746,0.268568,0.963211]],[[0.970185,-0.235838,0.0558691],[0.239239,0.894979,-0.376533],[0.038799,0.378673,0.924717]],[[0.970185,-0.235838,0.0558691],[0.23515,0.860124,-0.452649],[0.0586974,0.452291,0.889937]]],"btipPosition":[32.0965,301.906,-73.8008],"carpPosition":[24.6154,322.421,77.5753],"dipPosition":[33.0991,309.632,-58.5998],"direction":[-0.038799,-0.378673,-0.924717],"extended":true,"handId":638,"id":6381,"length":58.7918,"mcpPosition":[34.4583,330.317,5.11587],"pipPosition":[34.0366,318.782,-36.2549],"stabilizedTipPosition":[18.8331,325.333,70.8941],"timeVisible":0.388888,"tipPosition":[32.0659,302.793,-69.9525],"tipVelocity":[-65.4008,-25.3771,-159.705],"tool":false,"touchDistance":-0.541112,"touchZone":"hovering","type":1,"width":19.3376},{"bases":[[[0.884932,-0.414585,0.212165],[0.383466,0.907162,0.173236],[-0.264289,-0.0719438,0.961756]],[[0.873647,-0.417132,0.250483],[0.433896,0.434965,-0.789012],[0.220171,0.798001,0.560998]],[[0.873647,-0.417132,0.250483],[0.236592,-0.0856472,-0.967827],[0.425165,0.904801,0.0238647]],[[0.873647,-0.417132,0.250483],[0.10031,-0.349332,-0.931614],[0.476108,0.839028,-0.263351]]],"btipPosition":[23.6211,246.264,-11.3441],"carpPosition":[36.8282,321.185,78.5018],"dipPosition":[32.5658,262.027,-16.2917],"direction":[-0.425165,-0.904801,-0.0238647],"extended":false,"handId":638,"id":6382,"length":66.9886,"mcpPosition":[55.2622,326.203,11.4199],"pipPosition":[44.6527,287.75,-15.6133],"stabilizedTipPosition":[13.7573,275.437,110.692],"timeVisible":0.388888,"tipPosition":[26.0698,250.435,-13.5346],"tipVelocity":[-71.8054,-44.1817,-121.141],"tool":false,"touchDistance":-0.450219,"touchZone":"hovering","type":2,"width":18.9921},{"bases":[[[0.804952,-0.487852,0.337716],[0.43709,0.872468,0.218522],[-0.401253,-0.0282872,0.915531]],[[0.830927,-0.4847,0.273178],[0.47077,0.350802,-0.809514],[0.29654,0.801251,0.519673]],[[0.830927,-0.4847,0.273178],[0.224324,-0.15746,-0.961709],[0.509156,0.86039,-0.0221079]],[[0.830927,-0.4847,0.273178],[0.0719293,-0.393288,-0.916598],[0.551713,0.781275,-0.291929]]],"btipPosition":[35.681,244.554,5.98099],"carpPosition":[48.2054,316.994,80.4619],"dipPosition":[45.9865,259.147,0.528045],"direction":[-0.509156,-0.86039,0.0221079],"extended":false,"handId":638,"id":6383,"length":64.4113,"mcpPosition":[73.3331,318.765,23.1284],"pipPosition":[60.0874,282.975,-0.0842266],"stabilizedTipPosition":[29.4173,271.258,125.293],"timeVisible":0.388888,"tipPosition":[38.7791,248.307,3.32616],"tipVelocity":[-79.5758,-41.4979,-102.797],"tool":false,"touchDistance":0.333333,"touchZone":"none","type":3,"width":18.0722},{"bases":[[[0.669742,-0.625253,0.400629],[0.51979,0.780018,0.34841],[-0.530342,-0.0251013,0.847412]],[[0.64387,-0.62574,0.440319],[0.702006,0.254226,-0.665249],[0.304332,0.73744,0.602962]],[[0.64387,-0.62574,0.440319],[0.409656,-0.204121,-0.88911],[0.64623,0.752851,0.124911]],[[0.64387,-0.62574,0.440319],[0.210502,-0.408403,-0.888198],[0.735609,0.664572,-0.131239]]],"btipPosition":[51.5589,255.395,13.0346],"carpPosition":[56.8854,306.181,83.6544],"dipPosition":[64.235,266.847,10.7731],"direction":[-0.64623,-0.752851,-0.124911],"extended":false,"handId":638,"id":6384,"length":50.4973,"mcpPosition":[87.6292,307.636,34.5301],"pipPosition":[76.8711,281.568,13.2155],"stabilizedTipPosition":[42.571,274.772,141.635],"timeVisible":0.388888,"tipPosition":[55.3041,258.162,11.7525],"tipVelocity":[-78.4078,-34.7769,-134.337],"tool":false,"touchDistance":-0.448773,"touchZone":"hovering","type":4,"width":16.0532}],"r":[[0.999275,0.0178806,-0.0336138],[-0.0233733,0.985016,-0.170873],[0.0300548,0.171535,0.984719]],"s":1.09891,"t":[17.6016,-11.1021,-144.289],"timestamp":523042116414},false],[5,{"currentFrameRate":96.2723,"devices":[],"gestures":[],"hands":[{"armBasis":[[0.981581,-0.170029,-0.0871095],[0.188864,0.932322,0.308391],[0.0287786,-0.319163,0.947263]],"armWidth":63.703,"confidence":0.83638,"direction":[0.323468,0.208133,-0.923065],"elbow":[46.726,220.548,341.915],"grabStrength":0.00457121,"id":638,"palmNormal":[-0.198502,-0.938877,-0.281259],"palmPosition":[48.5126,315.97,33.1757],"palmVelocity":[-52.5829,-30.4047,-148.407],"palmWidth":90.9658,"pinchStrength":0.930186,"r":[[0.999199,0.0193434,-0.0350408],[-0.0250456,0.985056,-0.170406],[0.0312209,0.171147,0.984751]],"s":1.10177,"sphereCenter":[41.4471,274.568,3.5845],"sphereRadius":45.359,"stabilizedPalmPosition":[32.9258,327.512,176.208],"t":[17.1076,-11.3607,-145.539],"timeVisible":0.39762,"type":"right","wrist":[38.9578,306.699,86.2222]}],"id":4224790,"interactionBox":{"center":[0,200,0],"size":[235.247,235.247,147.751]},"pointables":[{"bases":[[[0.612956,0.77003,0.177028],[-0.782048,0.559333,0.274859],[0.112632,-0.30692,0.945047]],[[0.523256,0.82887,-0.197932],[-0.852059,0.512719,-0.105428],[0.0140971,0.223816,0.974529]],[[0.523256,0.82887,-0.197932],[-0.840352,0.463329,-0.281307],[-0.14146,0.313529,0.938983]],[[0.523256,0.82887,-0.197932],[-0.803464,0.402452,-0.438722],[-0.283986,0.388596,0.876553]]],"btipPosition":[20.1027,272.716,-22.2837],"carpPosition":[9.33981,303.665,78.8652],"dipPosition":[13.4582,281.808,-1.77466],"direction":[0.14146,-0.313529,-0.938983],"extended":false,"handId":638,"id":6380,"length":52.1025,"mcpPosition":[9.33981,303.665,78.8652],"pipPosition":[8.63631,292.495,30.232],"stabilizedTipPosition":[1.5878,291.655,119.171],"timeVisible":0.39762,"tipPosition":[17.9154,274.311,-17.5152],"tipVelocity":[-32.0854,-24.1288,-146.149],"tool":false,"touchDistance":-0.487317,"touchZone":"hovering","type":0,"width":20.2446},{"bases":[[[0.966361,-0.23537,0.103673],[0.220565,0.965756,0.136628],[-0.132281,-0.109165,0.985183]],[[0.971716,-0.229689,0.0548706],[0.235987,0.935777,-0.261975],[0.00882603,0.267514,0.963514]],[[0.971716,-0.229689,0.0548706],[0.233211,0.896793,-0.375998],[0.0371549,0.37816,0.924994]],[[0.971716,-0.229689,0.0548706],[0.229266,0.861862,-0.452361],[0.0566114,0.452147,0.890145]]],"btipPosition":[31.6258,301.712,-74.7958],"carpPosition":[24.1404,322.034,76.6043],"dipPosition":[32.5928,309.435,-59.5912],"direction":[-0.0371549,-0.37816,-0.924994],"extended":true,"handId":638,"id":6381,"length":58.7918,"mcpPosition":[33.8697,330.063,4.14417],"pipPosition":[33.4906,318.573,-37.2397],"stabilizedTipPosition":[18.8352,325.33,70.8707],"timeVisible":0.39762,"tipPosition":[31.5938,302.605,-70.9513],"tipVelocity":[-62.5745,-24.5648,-147.434],"tool":false,"touchDistance":-0.530247,"touchZone":"hovering","type":1,"width":19.3376},{"bases":[[[0.887749,-0.409121,0.211001],[0.377806,0.909429,0.173785],[-0.262989,-0.0745599,0.961914]],[[0.876139,-0.411849,0.25052],[0.429957,0.432634,-0.792442],[0.217983,0.802002,0.556125]],[[0.876139,-0.411849,0.25052],[0.235348,-0.0880972,-0.96791],[0.420703,0.906984,0.0197427]],[[0.876139,-0.411849,0.25052],[0.101385,-0.350635,-0.931008],[0.471276,0.841092,-0.265449]]],"btipPosition":[23.3869,245.843,-11.9463],"carpPosition":[36.3616,320.875,77.5191],"dipPosition":[32.2408,261.645,-16.9333],"direction":[-0.420703,-0.906984,-0.0197427],"extended":false,"handId":638,"id":6382,"length":66.9886,"mcpPosition":[54.705,326.076,10.4263],"pipPosition":[44.2009,287.429,-16.3721],"stabilizedTipPosition":[13.7681,275.413,110.579],"timeVisible":0.39762,"tipPosition":[25.8288,250.017,-14.1889],"tipVelocity":[-60.4067,-44.9929,-107.455],"tool":false,"touchDistance":-0.4427,"touchZone":"hovering","type":2,"width":18.9921},{"bases":[[[0.808349,-0.483018,0.336549],[0.431691,0.875035,0.218991],[-0.400269,-0.0317358,0.915848]],[[0.833713,-0.479739,0.273446],[0.464581,0.341724,-0.816939],[0.298474,0.808131,0.507777]],[[0.833713,-0.479739,0.273446],[0.219244,-0.166911,-0.961287],[0.506808,0.861389,-0.0339762]],[[0.833713,-0.479739,0.273446],[0.0695785,-0.399984,-0.913877],[0.547797,0.780937,-0.300092]]],"btipPosition":[35.2329,244.202,5.97711],"carpPosition":[47.7671,316.755,79.4654],"dipPosition":[45.4652,258.789,0.371681],"direction":[-0.506808,-0.861389,0.0339762],"extended":false,"handId":638,"id":6383,"length":64.4113,"mcpPosition":[72.8332,318.742,22.112],"pipPosition":[59.5011,282.645,-0.569277],"stabilizedTipPosition":[29.4315,271.217,125.084],"timeVisible":0.39762,"tipPosition":[38.3355,247.955,3.1706],"tipVelocity":[-72.5298,-41.2162,-76.4808],"tool":false,"touchDistance":0.333333,"touchZone":"none","type":3,"width":18.0722},{"bases":[[[0.674075,-0.621342,0.399446],[0.515093,0.782991,0.348718],[-0.529435,-0.02931,0.847844]],[[0.649582,-0.622031,0.437173],[0.694476,0.251428,-0.674156],[0.309429,0.741526,0.595309]],[[0.649582,-0.622031,0.437173],[0.40204,-0.207005,-0.891915],[0.645296,0.755133,0.115615]],[[0.649582,-0.622031,0.437173],[0.20569,-0.409784,-0.888689],[0.731939,0.667198,-0.138243]]],"btipPosition":[51.0411,255.218,12.5681],"carpPosition":[56.5189,305.995,82.6399],"dipPosition":[63.654,266.716,10.1859],"direction":[-0.645296,-0.755133,-0.115615],"extended":false,"handId":638,"id":6384,"length":50.4973,"mcpPosition":[87.2101,307.694,33.4906],"pipPosition":[76.2719,281.481,12.4466],"stabilizedTipPosition":[42.5785,274.76,141.549],"timeVisible":0.39762,"tipPosition":[54.8209,258.003,11.1608],"tipVelocity":[-73.7397,-30.5664,-113.535],"tool":false,"touchDistance":-0.439643,"touchZone":"hovering","type":4,"width":16.0532}],"r":[[0.999199,0.0193434,-0.0350408],[-0.0250456,0.985056,-0.170406],[0.0312209,0.171147,0.984751]],"s":1.10177,"t":[17.1076,-11.3607,-145.539],"timestamp":523042125146},false],[6,{"currentFrameRate":96.8252,"devices":[],"gestures":[],"hands":[{"armBasis":[[0.981584,-0.170095,-0.0869475],[0.188788,0.933274,0.305545],[0.0291742,-0.316333,0.948199]],"armWidth":63.703,"confidence":0.851514,"direction":[0.32124,0.210628,-0.923277],"elbow":[46.4689,221.259,340.63],"grabStrength":0.00411394,"id":638,"palmNormal":[-0.196843,-0.938806,-0.282659],"palmPosition":[48.0269,316.039,31.6379],"palmVelocity":[-52.6217,-19.788,-153.596],"palmWidth":90.9658,"pinchStrength":0.920937,"r":[[0.999111,0.020994,-0.0365508],[-0.0269067,0.985137,-0.169648],[0.0324459,0.170481,0.984827]],"s":1.10483,"sphereCenter":[41.1569,274.687,2.04436],"sphereRadius":45.3025,"stabilizedPalmPosition":[32.9268,327.511,176.199],"t":[16.6178,-11.4554,-146.933],"timeVisible":0.406832,"type":"right","wrist":[38.5939,306.646,84.6846]}],"id":4224791,"interactionBox":{"center":[0,200,0],"size":[235.247,235.247,147.751]},"pointables":[{"bases":[[[0.611492,0.771124,0.177329],[-0.78283,0.556986,0.277388],[0.115131,-0.308439,0.944251]],[[0.52157,0.830479,-0.195628],[-0.85307,0.511729,-0.102009],[0.0153921,0.220089,0.975358]],[[0.52157,0.830479,-0.195628],[-0.841292,0.462398,-0.280029],[-0.1421,0.310635,0.939848]],[[0.52157,0.830479,-0.195628],[-0.802965,0.400259,-0.441633],[-0.288465,0.387425,0.875608]]],"btipPosition":[19.7941,272.92,-23.8199],"carpPosition":[8.96922,303.556,77.3777],"dipPosition":[13.0448,281.985,-3.33297],"direction":[0.1421,-0.310635,-0.939848],"extended":false,"handId":638,"id":6380,"length":52.1025,"mcpPosition":[8.96922,303.556,77.3777],"pipPosition":[8.20109,292.573,28.7032],"stabilizedTipPosition":[1.58813,291.655,119.168],"timeVisible":0.406832,"tipPosition":[17.5673,274.5,-19.0635],"tipVelocity":[-33.2135,-11.3742,-152.076],"tool":false,"touchDistance":-0.490038,"touchZone":"hovering","type":0,"width":20.2446},{"bases":[[[0.967101,-0.233308,0.101408],[0.21857,0.966009,0.138038],[-0.130167,-0.111332,0.985222]],[[0.972341,-0.227537,0.0527253],[0.233358,0.936881,-0.260382],[0.00984928,0.265484,0.964065]],[[0.972341,-0.227537,0.0527253],[0.230448,0.897834,-0.375216],[0.0380369,0.376988,0.925437]],[[0.972341,-0.227537,0.0527253],[0.226406,0.862745,-0.452118],[0.057385,0.45155,0.890398]]],"btipPosition":[30.9741,301.927,-76.318],"carpPosition":[23.7227,321.964,75.1237],"dipPosition":[31.9543,309.64,-61.109],"direction":[-0.0380369,-0.376988,-0.925437],"extended":true,"handId":638,"id":6381,"length":58.7918,"mcpPosition":[33.2964,330.152,2.66069],"pipPosition":[32.8734,318.75,-38.7468],"stabilizedTipPosition":[18.8376,325.326,70.8425],"timeVisible":0.406832,"tipPosition":[30.9506,302.839,-72.4833],"tipVelocity":[-64.771,-11.211,-152.39],"tool":false,"touchDistance":-0.528373,"touchZone":"hovering","type":1,"width":19.3376},{"bases":[[[0.889098,-0.407444,0.208555],[0.376012,0.909979,0.174792],[-0.260999,-0.076988,0.962264]],[[0.877038,-0.41038,0.249785],[0.425537,0.422265,-0.800381],[0.222985,0.808258,0.544975]],[[0.877038,-0.41038,0.249785],[0.22969,-0.0984751,-0.968269],[0.421956,0.906582,0.00789357]],[[0.877038,-0.41038,0.249785],[0.0971555,-0.357681,-0.928776],[0.470494,0.83884,-0.273829]]],"btipPosition":[22.5728,245.722,-12.445],"carpPosition":[35.9483,320.832,76.0134],"dipPosition":[31.412,261.481,-17.5894],"direction":[-0.421956,-0.906582,-0.00789357],"extended":false,"handId":638,"id":6382,"length":66.9886,"mcpPosition":[54.1528,326.202,8.89599],"pipPosition":[43.4077,287.254,-17.365],"stabilizedTipPosition":[13.7829,275.378,110.408],"timeVisible":0.406832,"tipPosition":[25.0802,249.9,-14.9103],"tipVelocity":[-68.3434,-36.3741,-93.623],"tool":false,"touchDistance":0.333333,"touchZone":"none","type":2,"width":18.9921},{"bases":[[[0.810107,-0.481763,0.334113],[0.430062,0.875626,0.219832],[-0.398465,-0.0343978,0.916538]],[[0.835169,-0.47834,0.271447],[0.460032,0.337055,-0.821441],[0.301435,0.810916,0.501549]],[[0.835169,-0.47834,0.271447],[0.214897,-0.170505,-0.961638],[0.506273,0.861463,-0.0396068]],[[0.835169,-0.47834,0.271447],[0.0668394,-0.401615,-0.913366],[0.545917,0.780958,-0.303445]]],"btipPosition":[34.6375,244.222,4.89557],"carpPosition":[47.3669,316.735,77.9303],"dipPosition":[44.8347,258.809,-0.772488],"direction":[-0.506273,-0.861463,0.0396068],"extended":false,"handId":638,"id":6383,"length":64.4113,"mcpPosition":[72.3201,318.889,20.5337],"pipPosition":[58.8557,282.667,-1.86938],"stabilizedTipPosition":[29.4489,271.163,124.802],"timeVisible":0.406832,"tipPosition":[37.7142,247.962,2.07481],"tipVelocity":[-70.565,-29.0654,-88.3798],"tool":false,"touchDistance":0.333333,"touchZone":"none","type":3,"width":18.0722},{"bases":[[[0.676275,-0.620518,0.397001],[0.513923,0.783533,0.349227],[-0.527765,-0.0321454,0.848782]],[[0.652502,-0.621331,0.433808],[0.688759,0.247553,-0.681417],[0.315995,0.743415,0.589476]],[[0.652502,-0.621331,0.433808],[0.395568,-0.209008,-0.894339],[0.646349,0.755158,0.109401]],[[0.652502,-0.621331,0.433808],[0.201347,-0.409737,-0.889705],[0.730548,0.66788,-0.142251]]],"btipPosition":[50.3464,255.298,11.3386],"carpPosition":[56.1498,305.99,81.068],"dipPosition":[62.9353,266.807,8.8873],"direction":[-0.646349,-0.755158,-0.109401],"extended":false,"handId":638,"id":6384,"length":50.4973,"mcpPosition":[86.7441,307.853,31.8643],"pipPosition":[75.5738,281.573,11.0265],"stabilizedTipPosition":[42.5876,274.746,141.438],"timeVisible":0.406832,"tipPosition":[54.1345,258.092,9.86848],"tipVelocity":[-74.3756,-19.4937,-119.6],"tool":false,"touchDistance":-0.442693,"touchZone":"hovering","type":4,"width":16.0532}],"r":[[0.999111,0.020994,-0.0365508],[-0.0269067,0.985137,-0.169648],[0.0324459,0.170481,0.984827]],"s":1.10483,"t":[16.6178,