{"sensorType":"Leap","data":[[0,{"currentFrameRate":107.082,"devices":[],"gestures":[],"hands":[{"armBasis":[[0.990933,-0.114223,-0.0707508],[0.124404,0.978922,0.161976],[0.050758,-0.169309,0.984255]],"armWidth":63.703,"confidence":0.764117,"direction":[0.205097,0.101864,-0.973426],"elbow":[51.0911,250.065,360.292],"grabStrength":0,"id":635,"palmNormal":[-0.131126,-0.982743,-0.130467],"palmPosition":[40.5046,298.198,40.0656],"palmVelocity":[-13.4364,49.9252,-135.262],"palmWidth":90.9658,"pinchStrength":0.505665,"r":[[0.83492,0.550369,-0.00178902],[-0.543399,0.823822,-0.161352],[-0.0873294,0.135688,0.986895]],"s":0.867511,"sphereCenter":[46.5094,256.492,19.4623],"sphereRadius":47.1495,"stabilizedPalmPosition":[37.7577,288.638,89.6976],"t":[22.2774,-14.315,-163.526],"timeVisible":5.95628,"type":"right","wrist":[37.3901,295.766,94.6143]}],"id":4223041,"interactionBox":{"center":[0,200,0],"size":[235.247,235.247,147.751]},"pointables":[{"bases":[[[0.547596,0.836739,0.00247795],[-0.801985,0.524002,0.286777],[0.238659,-0.159025,0.957994]],[[0.454474,0.84681,-0.276344],[-0.887179,0.458102,-0.0552736],[0.0797874,0.270287,0.959468]],[[0.454474,0.84681,-0.276344],[-0.869256,0.353865,-0.345215],[-0.194543,0.397105,0.896918]],[[0.454474,0.84681,-0.276344],[-0.625952,0.0828877,-0.775444],[-0.633748,0.525397,0.567733]]],"btipPosition":[25.1071,249.89,-0.565905],"carpPosition":[7.62954,289.208,91.1719],"dipPosition":[10.2791,262.183,12.7176],"direction":[0.194543,-0.397105,-0.896918],"extended":false,"handId":635,"id":6350,"length":52.1025,"mcpPosition":[7.62954,289.208,91.1719],"pipPosition":[3.64781,275.719,43.2903],"stabilizedTipPosition":[11.2832,245.487,50.9213],"timeVisible":5.95628,"tipPosition":[21.8131,251.708,2.58544],"tipVelocity":[4.75874,66.5964,-103.712],"tool":false,"touchDistance":-0.470366,"touchZone":"touching","type":0,"width":20.2446},{"bases":[[[0.990585,-0.135105,0.0220892],[0.13551,0.990612,-0.0180123],[-0.0194483,0.020836,0.999594]],[[0.974466,-0.129972,0.183095],[0.161076,0.972752,-0.16676],[-0.156432,0.191994,0.968849]],[[0.974466,-0.129972,0.183095],[0.182182,0.934317,-0.306369],[-0.131249,0.331903,0.934138]],[[0.974466,-0.129972,0.183095],[0.195668,0.891531,-0.408518],[-0.110139,0.433913,0.894197]]],"btipPosition":[33.4096,283.052,-68.1529],"carpPosition":[20.2075,308.263,84.8265],"dipPosition":[31.5283,290.464,-52.8791],"direction":[0.131249,-0.331903,-0.934138],"extended":true,"handId":635,"id":6351,"length":58.7918,"mcpPosition":[21.6379,306.731,11.3064],"pipPosition":[28.3568,298.484,-30.3066],"stabilizedTipPosition":[21.2461,276.51,-2.5087],"timeVisible":5.95628,"tipPosition":[33.0558,283.309,-64.1062],"tipVelocity":[-17.4724,51.7359,-140.9],"tool":false,"touchDistance":-0.541351,"touchZone":"hovering","type":1,"width":19.3376},{"bases":[[[0.941138,-0.29793,0.15968],[0.30057,0.953727,0.00793174],[-0.154654,0.04053,0.987137]],[[0.938513,-0.297235,0.175628],[0.220274,0.123811,-0.967549],[0.265845,0.946743,0.181672]],[[0.938513,-0.297235,0.175628],[-0.208903,-0.893923,-0.396563],[0.27487,0.33549,-0.901051]],[[0.938513,-0.297235,0.175628],[-0.326224,-0.930007,0.169306],[0.113011,-0.21619,-0.969789]]],"btipPosition":[20.5517,254.367,50.7048],"carpPosition":[32.5125,308.291,84.4761],"dipPosition":[22.6749,250.306,32.4854],"direction":[-0.27487,-0.33549,0.901051],"extended":false,"handId":635,"id":6352,"length":66.9886,"mcpPosition":[43.2995,305.464,15.6239],"pipPosition":[30.4891,259.843,6.8696],"stabilizedTipPosition":[8.65549,252.354,78.1851],"timeVisible":5.95628,"tipPosition":[21.1642,253.014,45.1783],"tipVelocity":[-12.2981,56.5815,-94.4728],"tool":false,"touchDistance":0.333333,"touchZone":"none","type":2,"width":18.9921},{"bases":[[[0.882767,-0.359761,0.302149],[0.361958,0.93081,0.0507836],[-0.299514,0.0645353,0.951907]],[[0.875421,-0.358131,0.324623],[0.35604,0.0235426,-0.934174],[0.326914,0.933375,0.148119]],[[0.875421,-0.358131,0.324623],[-0.236689,-0.903178,-0.358117],[0.421445,0.236668,-0.875427]],[[0.875421,-0.358131,0.324623],[-0.424581,-0.89072,0.162321],[0.231016,-0.279928,-0.931811]]],"btipPosition":[32.5792,258.417,61.0474],"carpPosition":[44.412,305.475,85.6252],"dipPosition":[36.8943,253.188,43.6421],"direction":[-0.421445,-0.236668,0.875427],"extended":false,"handId":635,"id":6353,"length":64.4113,"mcpPosition":[63.1686,301.434,26.0136],"pipPosition":[48.5661,259.742,19.3975],"stabilizedTipPosition":[24.3179,249.961,88.0243],"timeVisible":5.95628,"tipPosition":[33.8417,256.845,55.9468],"tipVelocity":[-12.4942,54.2576,-113.519],"tool":false,"touchDistance":0.333333,"touchZone":"none","type":3,"width":18.0722},{"bases":[[[0.770147,-0.498692,0.397719],[0.466962,0.865543,0.181059],[-0.434536,0.046278,0.899465]],[[0.784232,-0.49996,0.367451],[0.460603,0.0723094,-0.884656],[0.415722,0.863025,0.28699]],[[0.784232,-0.49996,0.367451],[-0.298792,-0.823333,-0.482541],[0.543786,0.268633,-0.795068]],[[0.784232,-0.49996,0.367451],[-0.543291,-0.839363,0.0174673],[0.299692,-0.213331,-0.929879]]],"btipPosition":[49.1725,261.293,58.4464],"carpPosition":[54.4756,296.06,89.1629],"dipPosition":[54.3369,257.616,42.4226],"direction":[-0.543786,-0.268633,0.795068],"extended":false,"handId":635,"id":6354,"length":50.4973,"mcpPosition":[79.6655,293.377,37.0212],"pipPosition":[64.9698,262.869,26.8761],"stabilizedTipPosition":[43.1385,249.642,88.518],"timeVisible":5.95628,"tipPosition":[50.9274,260.454,54.0259],"tipVelocity":[-16.2524,52.6458,-123.5],"tool":false,"touchDistance":0.333333,"touchZone":"none","type":4,"width":16.0532}],"r":[[0.83492,0.550369,-0.00178902],[-0.543399,0.823822,-0.161352],[-0.0873294,0.135688,0.986895]],"s":0.867511,"t":[22.2774,-14.315,-163.526],"timestamp":523023322856},false],[1,{"currentFrameRate":107.189,"devices":[],"gestures":[],"hands":[{"armBasis":[[0.992122,-0.10405,-0.0697665],[0.114322,0.979719,0.164564],[0.0512286,-0.171243,0.983896]],"armWidth":63.703,"confidence":0.76641,"direction":[0.204512,0.107191,-0.972977],"elbow":[51.0364,249.557,358.817],"grabStrength":0,"id":635,"palmNormal":[-0.12087,-0.983614,-0.133768],"palmPosition":[40.3245,298.423,38.6976],"palmVelocity":[-15.1836,42.9061,-139.292],"palmWidth":90.9658,"pinchStrength":0.50619,"r":[[0.83244,0.554108,-0.00280349],[-0.547086,0.821068,-0.162925],[-0.087976,0.137159,0.986635]],"s":0.868046,"sphereCenter":[46.524,256.973,17.8753],"sphereRadius":47.1022,"stabilizedPalmPosition":[37.759,288.643,89.6721],"t":[22.1148,-13.9874,-164.729],"timeVisible":5.96541,"type":"right","wrist":[37.2084,295.78,93.2363]}],"id":4223042,"interactionBox":{"center":[0,200,0],"size":[235.247,235.247,147.751]},"pointables":[{"bases":[[[0.538894,0.842355,0.00551956],[-0.807514,0.514717,0.288075],[0.239821,-0.159699,0.957592]],[[0.446255,0.852485,-0.27226],[-0.891519,0.449937,-0.0524508],[0.0777862,0.266131,0.960793]],[[0.446255,0.852485,-0.27226],[-0.872474,0.346756,-0.344309],[-0.199111,0.391189,0.898513]],[[0.446255,0.852485,-0.27226],[-0.623296,0.0777733,-0.778109],[-0.642152,0.516933,0.566057]]],"btipPosition":[25.4489,250.214,-2.06243],"carpPosition":[7.51907,288.924,89.7567],"dipPosition":[10.4242,262.309,11.1818],"direction":[0.199111,-0.391189,-0.898513],"extended":false,"handId":635,"id":6350,"length":52.1025,"mcpPosition":[7.51907,288.924,89.7567],"pipPosition":[3.63721,275.643,41.809],"stabilizedTipPosition":[11.3219,245.514,50.7405],"timeVisible":5.96541,"tipPosition":[22.1189,251.997,1.0645],"tipVelocity":[12.4607,56.555,-120.701],"tool":false,"touchDistance":-0.474246,"touchZone":"touching","type":0,"width":20.2446},{"bases":[[[0.991921,-0.124905,0.0221682],[0.125246,0.992017,-0.0146822],[-0.0201574,0.0173401,0.999646]],[[0.975916,-0.120522,0.181831],[0.150193,0.975726,-0.159378],[-0.158208,0.182849,0.970328]],[[0.975916,-0.120522,0.181831],[0.172007,0.937791,-0.301598],[-0.13417,0.325611,0.935936]],[[0.975916,-0.120522,0.181831],[0.186116,0.894803,-0.405818],[-0.113793,0.429886,0.895684]]],"btipPosition":[33.3656,283.79,-69.635],"carpPosition":[19.902,308.13,83.4806],"dipPosition":[31.4219,291.133,-54.3358],"direction":[0.13417,-0.325611,-0.935936],"extended":true,"handId":635,"id":6351,"length":58.7918,"mcpPosition":[21.3846,306.855,9.95662],"pipPosition":[28.1798,299.001,-31.7199],"stabilizedTipPosition":[21.2632,276.523,-2.6023],"timeVisible":5.96541,"tipPosition":[33.0293,284.055,-65.6021],"tipVelocity":[-14.391,59.3274,-146.658],"tool":false,"touchDistance":-0.537693,"touchZone":"hovering","type":1,"width":19.3376},{"bases":[[[0.944096,-0.288687,0.159196],[0.290666,0.956759,0.0112275],[-0.155554,0.035673,0.987183]],[[0.941463,-0.288074,0.175105],[0.219393,0.129191,-0.967045],[0.255958,0.948854,0.18483]],[[0.941463,-0.288074,0.175105],[-0.199339,-0.894588,-0.399971],[0.271868,0.341653,-0.899645]],[[0.941463,-0.288074,0.175105],[-0.31657,-0.93403,0.165443],[0.115893,-0.211191,-0.97055]]],"btipPosition":[20.8159,254.331,49.1845],"carpPosition":[32.2062,308.287,83.1369],"dipPosition":[22.9931,250.363,30.9508],"direction":[-0.271868,-0.341653,0.899645],"extended":false,"handId":635,"id":6352,"length":66.9886,"mcpPosition":[43.056,305.799,14.2814],"pipPosition":[30.722,260.076,5.37494],"stabilizedTipPosition":[8.70112,252.357,78.0655],"timeVisible":5.96541,"tipPosition":[21.4451,253.021,43.6802],"tipVelocity":[-0.459645,40.4002,-114.582],"tool":false,"touchDistance":0.333333,"touchZone":"none","type":2,"width":18.9921},{"bases":[[[0.886299,-0.351588,0.301431],[0.352267,0.934338,0.0540362],[-0.300637,0.0582921,0.951956]],[[0.878959,-0.350115,0.323806],[0.355851,0.0294708,-0.934078],[0.317492,0.936243,0.150492]],[[0.878959,-0.350115,0.323806],[-0.22693,-0.904245,-0.361723],[0.419444,0.244458,-0.874246]],[[0.878959,-0.350115,0.323806],[-0.415029,-0.896028,0.15775],[0.234909,-0.273044,-0.93288]]],"btipPosition":[32.7748,258.451,59.5834],"carpPosition":[44.1338,305.591,84.2829],"dipPosition":[37.1626,253.35,42.1581],"direction":[-0.419444,-0.244458,0.874246],"extended":false,"handId":635,"id":6353,"length":64.4113,"mcpPosition":[62.9606,301.94,24.6683],"pipPosition":[48.779,260.121,17.9462],"stabilizedTipPosition":[24.3556,249.99,87.8948],"timeVisible":5.96541,"tipPosition":[34.0583,256.941,54.5005],"tipVelocity":[-2.55733,41.1049,-126.658],"tool":false,"touchDistance":0.333333,"touchZone":"none","type":3,"width":18.0722},{"bases":[[[0.775077,-0.491993,0.396484],[0.457877,0.869734,0.184151],[-0.435436,0.0388095,0.899383]],[[0.788832,-0.492995,0.367016],[0.460789,0.0792204,-0.883967],[0.406716,0.866418,0.289658]],[[0.788832,-0.492995,0.367016],[-0.28912,-0.824606,-0.486246],[0.54236,0.277455,-0.79301]],[[0.788832,-0.492995,0.367016],[-0.534127,-0.845311,0.0125398],[0.30406,-0.205925,-0.93013]]],"btipPosition":[49.3127,261.514,56.9531],"carpPosition":[54.2926,296.268,87.795],"dipPosition":[54.5523,257.965,40.9249],"direction":[-0.54236,-0.277455,0.79301],"extended":false,"handId":635,"id":6354,"length":50.4973,"mcpPosition":[79.5347,294.018,35.658],"pipPosition":[65.1574,263.391,25.4187],"stabilizedTipPosition":[43.1674,249.686,88.3798],"timeVisible":5.96541,"tipPosition":[51.0837,260.724,52.5592],"tipVelocity":[-6.93904,45.6422,-134.647],"tool":false,"touchDistance":0.333333,"touchZone":"none","type":4,"width":16.0532}],"r":[[0.83244,0.554108,-0.00280349],[-0.547086,0.821068,-0.162925],[-0.087976,0.137159,0.986635]],"s":0.868046,"t":[22.1148,-13.9874,-164.729],"timestamp":523023331991},false],[2,{"currentFrameRate":107.391,"devices":[],"gestures":[],"hands":[{"armBasis":[[0.992358,-0.101852,-0.0696559],[0.112172,0.979837,0.165338],[0.0514114,-0.171888,0.983774]],"armWidth":63.703,"confidence":0.771166,"direction":[0.203976,0.107209,-0.973088],"elbow":[50.9698,249.612,357.713],"grabStrength":0,"id":635,"palmNormal":[-0.11896,-0.983905,-0.133337],"palmPosition":[40.1851,298.638,37.6236],"palmVelocity":[-15.2922,37.7327,-134.045],"palmWidth":90.9658,"pinchStrength":0.505778,"r":[[0.830223,0.557419,-0.00372026],[-0.550363,0.818618,-0.164208],[-0.088487,0.138376,0.986419]],"s":0.868638,"sphereCenter":[46.1759,257.342,16.7179],"sphereRadius":47.0459,"stabilizedPalmPosition":[37.76,288.648,89.6492],"t":[21.9638,-13.7164,-165.867],"timeVisible":5.97436,"type":"right","wrist":[37.0924,296.01,92.1644]}],"id":4223043,"interactionBox":{"center":[0,200,0],"size":[235.247,235.247,147.751]},"pointables":[{"bases":[[[0.537222,0.843426,0.00500524],[-0.808439,0.513227,0.28814],[0.240456,-0.158841,0.957575]],[[0.444954,0.853377,-0.271595],[-0.892112,0.448931,-0.0509642],[0.0784356,0.26497,0.961061]],[[0.444954,0.853377,-0.271595],[-0.873102,0.345889,-0.343589],[-0.199269,0.390011,0.89899]],[[0.444954,0.853377,-0.271595],[-0.620987,0.0754868,-0.780178],[-0.645284,0.5158,0.563524]]],"btipPosition":[25.3917,250.508,-3.09213],"carpPosition":[7.41561,289.094,88.6974],"dipPosition":[10.2937,262.577,10.0928],"direction":[0.199269,-0.390011,-0.89899],"extended":false,"handId":635,"id":6350,"length":52.1025,"mcpPosition":[7.41561,289.094,88.6974],"pipPosition":[3.50133,275.871,40.7363],"stabilizedTipPosition":[11.3566,245.54,50.5745],"timeVisible":5.97436,"tipPosition":[22.0452,252.292,0.0158167],"tipVelocity":[6.79604,49.9059,-119.595],"tool":false,"touchDistance":-0.470804,"touchZone":"touching","type":0,"width":20.2446},{"bases":[[[0.992174,-0.122926,0.0218877],[0.12327,0.992258,-0.0151184],[-0.0198598,0.0176981,0.999646]],[[0.976452,-0.11856,0.180233],[0.147206,0.976901,-0.154901],[-0.157705,0.177785,0.971351]],[[0.976452,-0.11856,0.180233],[0.169268,0.939009,-0.29935],[-0.13375,0.322808,0.936966]],[[0.976452,-0.11856,0.180233],[0.183557,0.895539,-0.405359],[-0.113346,0.428897,0.896214]]],"btipPosition":[33.1605,284.258,-70.784],"carpPosition":[19.7583,308.322,82.4095],"dipPosition":[31.2245,291.584,-55.4757],"direction":[0.13375,-0.322808,-0.936966],"extended":true,"handId":635,"id":6351,"length":58.7918,"mcpPosition":[21.219,307.02,8.88556],"pipPosition":[27.9926,299.384,-32.8349],"stabilizedTipPosition":[21.2817,276.538,-2.70683],"timeVisible":5.97436,"tipPosition":[32.8377,284.525,-66.7585],"tipVelocity":[-16.6679,57.2781,-141.624],"tool":false,"touchDistance":-0.52946,"touchZone":"hovering","type":1,"width":19.3376},{"bases":[[[0.94472,-0.286748,0.158997],[0.288768,0.957339,0.0107504],[-0.155296,0.0357571,0.987221]],[[0.942094,-0.286134,0.174889],[0.218655,0.128708,-0.967277],[0.254261,0.949506,0.183819]],[[0.942094,-0.286134,0.174889],[-0.197602,-0.895014,-0.399879],[0.270947,0.342165,-0.899728]],[[0.942094,-0.286134,0.174889],[-0.314544,-0.934796,0.164978],[0.11628,-0.210435,-0.970668]]],"btipPosition":[20.7544,254.481,48.1599],"carpPosition":[32.0621,308.503,82.0616],"dipPosition":[22.939,250.527,29.924],"direction":[-0.270947,-0.342165,0.899728],"extended":false,"handId":635,"id":6352,"length":66.9886,"mcpPosition":[42.8939,306.009,13.2036],"pipPosition":[30.6417,260.255,4.34576],"stabilizedTipPosition":[8.73603,252.361,77.9707],"timeVisible":5.97436,"tipPosition":[21.3869,253.195,42.6814],"tipVelocity":[-2.15966,34.0408,-114.591],"tool":false,"touchDistance":0.333333,"touchZone":"none","type":2,"width":18.9921},{"bases":[[[0.887095,-0.349707,0.301276],[0.350429,0.935057,0.0535475],[-0.300436,0.0580739,0.952032]],[[0.879839,-0.348256,0.32342],[0.354748,0.0283528,-0.934532],[0.316286,0.936971,0.148489]],[[0.879839,-0.348256,0.32342],[-0.22525,-0.904766,-0.36147],[0.418504,0.245185,-0.874493]],[[0.879839,-0.348256,0.32342],[-0.412793,-0.897216,0.156858],[0.235552,-0.271515,-0.933164]]],"btipPosition":[32.6916,258.623,58.6021],"carpPosition":[43.9953,305.831,83.2048],"dipPosition":[37.0915,253.552,41.1715],"direction":[-0.418504,-0.245185,0.874493],"extended":false,"handId":635,"id":6353,"length":64.4113,"mcpPosition":[62.8096,302.194,23.5854],"pipPosition":[48.6818,260.342,16.9527],"stabilizedTipPosition":[24.3843,250.013,87.7926],"timeVisible":5.97436,"tipPosition":[33.9782,257.146,53.5343],"tipVelocity":[-4.31413,35.3468,-122.069],"tool":false,"touchDistance":0.333333,"touchZone":"none","type":3,"width":18.0722},{"bases":[[[0.776184,-0.490294,0.396421],[0.45621,0.870715,0.183653],[-0.435214,0.0383027,0.899512]],[[0.789438,-0.491254,0.368045],[0.461571,0.0798212,-0.883505],[0.404647,0.867351,0.289763]],[[0.789438,-0.491254,0.368045],[-0.285338,-0.824558,-0.488555],[0.543479,0.280667,-0.791111]],[[0.789438,-0.491254,0.368045],[-0.53125,-0.84717,0.00873074],[0.307508,-0.202416,-0.929767]]],"btipPosition":[49.1728,261.649,55.8207],"carpPosition":[54.1738,296.53,86.7172],"dipPosition":[54.4719,258.161,39.7987],"direction":[-0.543479,-0.280667,0.791111],"extended":false,"handId":635,"id":6354,"length":50.4973,"mcpPosition":[79.403,294.309,34.5727],"pipPosition":[65.0989,263.649,24.3297],"stabilizedTipPosition":[43.1894,249.72,88.2694],"timeVisible":5.97436,"tipPosition":[50.9543,260.907,51.4888],"tipVelocity":[-8.8973,37.7159,-132.408],"tool":false,"touchDistance":0.333333,"touchZone":"none","type":4,"width":16.0532}],"r":[[0.830223,0.557419,-0.00372026],[-0.550363,0.818618,-0.164208],[-0.088487,0.138376,0.986419]],"s":0.868638,"t":[21.9638,-13.7164,-165.867],"timestamp":523023340935},false],[3,{"currentFrameRate":107.487,"devices":[],"gestures":[],"hands":[{"armBasis":[[0.993461,-0.0930276,-0.0661845],[0.10293,0.980624,0.166677],[0.0493966,-0.172399,0.983788]],"armWidth":63.703,"confidence":0.773113,"direction":[0.202052,0.112038,-0.972945],"elbow":[50.4545,249.599,356.224],"grabStrength":0,"id":635,"palmNormal":[-0.109349,-0.984643,-0.136094],"palmPosition":[40.1397,298.951,36.1364],"palmVelocity":[-12.4243,36.7896,-142.065],"palmWidth":90.9658,"pinchStrength":0.503956,"r":[[0.82733,0.561699,-0.00427486],[-0.554619,0.815649,-0.164662],[-0.0890036,0.138601,0.986341]],"s":0.869235,"sphereCenter":[46.4509,257.786,15.0689],"sphereRadius":47.0746,"stabilizedPalmPosition":[37.7609,288.652,89.6286],"t":[21.8656,-13.4241,-167.179],"timeVisible":5.98349,"type":"right","wrist":[37.121,296.135,90.672]}],"id":4223044,"interactionBox":{"center":[0,200,0],"size":[235.247,235.247,147.751]},"pointables":[{"bases":[[[0.528865,0.848677,0.00699978],[-0.813218,0.504374,0.290316],[0.242854,-0.15923,0.956905]],[[0.437148,0.858727,-0.267376],[-0.895933,0.441819,-0.0458271],[0.0787786,0.259584,0.962502]],[[0.437148,0.858727,-0.267376],[-0.876632,0.34037,-0.340094],[-0.201042,0.383061,0.90158]],[[0.437148,0.858727,-0.267376],[-0.620028,0.0723874,-0.781233],[-0.651512,0.507295,0.564079]]],"btipPosition":[25.676,251.055,-4.75257],"carpPosition":[7.51095,288.936,87.2101],"dipPosition":[10.4324,262.925,8.44538],"direction":[0.201042,-0.383061,-0.90158],"extended":false,"handId":635,"id":6350,"length":52.1025,"mcpPosition":[7.51095,288.936,87.2101],"pipPosition":[3.57956,275.982,39.1771],"stabilizedTipPosition":[11.3886,245.564,50.4196],"timeVisible":5.98349,"tipPosition":[22.3418,252.781,-1.62893],"tipVelocity":[12.5434,51.2895,-136.816],"tool":false,"touchDistance":-0.476919,"touchZone":"touching","type":0,"width":20.2446},{"bases":[[[0.993359,-0.113177,0.0206881],[0.113446,0.993468,-0.0123398],[-0.0191564,0.0146049,0.99971]],[[0.977892,-0.109454,0.178177],[0.136831,0.979261,-0.149413],[-0.158128,0.17049,0.972589]],[[0.977892,-0.109454,0.178177],[0.159324,0.941857,-0.295841],[-0.135436,0.317689,0.938473]],[[0.977892,-0.109454,0.178177],[0.17405,0.898314,-0.403409],[-0.115904,0.425502,0.897504]]],"btipPosition":[33.1106,284.962,-72.3421],"carpPosition":[19.6575,308.303,80.9677],"dipPosition":[31.1309,292.23,-57.0118],"direction":[0.135436,-0.317689,-0.938473],"extended":true,"handId":635,"id":6351,"length":58.7918,"mcpPosition":[21.0665,307.229,7.43901],"pipPosition":[27.8582,299.906,-34.3346],"stabilizedTipPosition":[21.3027,276.557,-2.82859],"timeVisible":5.98349,"tipPosition":[32.801,285.247,-68.3318],"tipVelocity":[-13.8608,62.3807,-149.546],"tool":false,"touchDistance":-0.528144,"touchZone":"hovering","type":1,"width":19.3376},{"bases":[[[0.947647,-0.277855,0.157361],[0.279304,0.960111,0.0132868],[-0.154776,0.0313603,0.987452]],[[0.945033,-0.277315,0.173229],[0.21636,0.133141,-0.967193],[0.245153,0.951509,0.185822]],[[0.945033,-0.277315,0.173229],[-0.188936,-0.895532,-0.402897],[0.266861,0.348021,-0.898703]],[[0.945033,-0.277315,0.173229],[-0.30498,-0.938618,0.161195],[0.117894,-0.205166,-0.971601]]],"btipPosition":[21.1393,254.529,46.5839],"carpPosition":[31.9586,308.607,80.6098],"dipPosition":[23.3542,250.675,28.3304],"direction":[-0.266861,-0.348022,0.898703],"extended":false,"handId":635,"id":6352,"length":66.9886,"mcpPosition":[42.7541,306.42,11.7357],"pipPosition":[30.9408,260.569,2.78134],"stabilizedTipPosition":[8.76302,252.364,77.8963],"timeVisible":5.98349,"tipPosition":[21.7829,253.298,41.1315],"tipVelocity":[10.3714,26.7529,-130.847],"tool":false,"touchDistance":0.333333,"touchZone":"none","type":2,"width":18.9921},{"bases":[[[0.890772,-0.341793,0.299505],[0.341219,0.938316,0.0559666],[-0.300159,0.0523433,0.952452]],[[0.883575,-0.340488,0.321502],[0.353248,0.0339025,-0.934915],[0.307428,0.939637,0.150232]],[[0.883575,-0.340488,0.321502],[-0.216433,-0.905739,-0.364409],[0.415274,0.252399,-0.873981]],[[0.883575,-0.340488,0.321502],[-0.403411,-0.902081,0.153329],[0.237814,-0.265175,-0.934412]]],"btipPosition":[33.0405,258.763,57.0374],"carpPosition":[43.9186,306.05,81.7351],"dipPosition":[37.4827,253.81,39.5835],"direction":[-0.415274,-0.252399,0.873981],"extended":false,"handId":635,"id":6353,"length":64.4113,"mcpPosition":[62.7156,302.772,22.0894],"pipPosition":[48.9835,260.8,15.3789],"stabilizedTipPosition":[24.4069,250.031,87.7114],"timeVisible":5.98349,"tipPosition":[34.337,257.343,51.9857],"tipVelocity":[7.80258,30.6225,-135.941],"tool":false,"touchDistance":0.333333,"touchZone":"none","type":3,"width":18.0722},{"bases":[[[0.781338,-0.483745,0.394336],[0.447745,0.874646,0.185795],[-0.434782,0.0313932,0.899989]],[[0.794278,-0.484479,0.366609],[0.460418,0.0862812,-0.883499],[0.396406,0.870537,0.291594]],[[0.794278,-0.484479,0.366609],[-0.276528,-0.825573,-0.491895],[0.540976,0.289324,-0.789707]],[[0.794278,-0.484479,0.366609],[-0.522184,-0.852822,0.0043236],[0.310557,-0.194872,-0.930365]]],"btipPosition":[49.4534,261.947,54.2058],"carpPosition":[54.1916,296.839,85.2118],"dipPosition":[54.8049,258.589,38.1735],"direction":[-0.540976,-0.289324,0.789707],"extended":false,"handId":635,"id":6354,"length":50.4973,"mcpPosition":[79.3958,295.02,33.0397],"pipPosition":[65.383,264.246,22.7319],"stabilizedTipPosition":[43.2074,249.747,88.1791],"timeVisible":5.98349,"tipPosition":[51.2426,261.258,49.9001],"tipVelocity":[2.48267,37.2241,-144.844],"tool":false,"touchDistance":0.333333,"touchZone":"none","type":4,"width":16.0532}],"r":[[0.82733,0.561699,-0.00427486],[-0.554619,0.815649,-0.164662],[-0.0890036,0.138601,0.986341]],"s":0.869235,"t":[21.8656,-13.4241,-167.179],"timestamp":523023350064},false],[4,{"currentFrameRate":107.679,"devices":[],"gestures":[],"hands":[{"armBasis":[[0.994037,-0.0880386,-0.0643417],[0.0977084,0.981084,0.167114],[0.0484122,-0.172404,0.983836]],"armWidth":63.703,"confidence":0.77844,"direction":[0.200252,0.113848,-0.973107],"elbow":[50.1483,249.767,355.341],"grabStrength":0,"id":635,"palmNormal":[-0.104039,-0.985139,-0.136665],"palmPosition":[40.0177,299.175,35.239],"palmVelocity":[-12.7585,33.5938,-130.692],"palmWidth":90.9658,"pinchStrength":0.498727,"r":[[0.82437,0.56603,-0.00483934],[-0.558957,0.81266,-0.164773],[-0.0893336,0.138539,0.98632]],"s":0.87001,"sphereCenter":[46.5252,258.029,14.1138],"sphereRadius":47.1425,"stabilizedPalmPosition":[37.7617,288.655,89.6108],"t":[21.7555,-13.1659,-168.284],"timeVisible":5.99242,"type":"right","wrist":[37.0805,296.304,89.7762]}],"id":4223045,"interactionBox":{"center":[0,200,0],"size":[235.247,235.247,147.751]},"pointables":[{"bases":[[[0.524149,0.851598,0.00696915],[-0.815657,0.499641,0.291654],[0.24489,-0.158554,0.956499]],[[0.433428,0.861658,-0.263979],[-0.897532,0.439094,-0.0404081],[0.0810937,0.254444,0.963682]],[[0.433428,0.861658,-0.263979],[-0.87866,0.33897,-0.336238],[-0.200241,0.377683,0.904024]],[[0.433428,0.861658,-0.263979],[-0.619568,0.0721954,-0.781616],[-0.654428,0.502328,0.565147]]],"btipPosition":[25.5973,251.618,-5.78506],"carpPosition":[7.50679,288.943,86.3448],"dipPosition":[10.2854,263.371,7.43789],"direction":[0.200241,-0.377683,-0.904024],"extended":false,"handId":635,"id":6350,"length":52.1025,"mcpPosition":[7.50679,288.943,86.3448],"pipPosition":[3.45987,276.245,38.2529],"stabilizedTipPosition":[11.4173,245.588,50.2766],"timeVisible":5.99242,"tipPosition":[22.3042,253.285,-2.62016],"tipVelocity":[6.23538,53.6646,-130.826],"tool":false,"touchDistance":-0.472962,"touchZone":"touching","type":0,"width":20.2446},{"bases":[[[0.993997,-0.107668,0.0194123],[0.107908,0.994091,-0.0117674],[-0.0180306,0.0137915,0.999742]],[[0.978852,-0.10417,0.176058],[0.130646,0.980594,-0.146174],[-0.157415,0.166084,0.973466]],[[0.978852,-0.10417,0.176058],[0.153333,0.943311,-0.294369],[-0.135413,0.315139,0.939335]],[[0.978852,-0.10417,0.176058],[0.168261,0.89946,-0.403311],[-0.116344,0.424406,0.897966]]],"btipPosition":[32.8847,285.369,-73.2771],"carpPosition":[19.538,308.382,80.1015],"dipPosition":[30.8974,292.619,-57.9389],"direction":[0.135413,-0.315139,-0.939335],"extended":true,"handId":635,"id":6351,"length":58.7918,"mcpPosition":[20.8641,307.367,6.57051],"pipPosition":[27.6253,300.234,-35.2408],"stabilizedTipPosition":[21.324,276.577,-2.95671],"timeVisible":5.99242,"tipPosition":[32.5896,285.677,-69.2794],"tipVelocity":[-17.0316,57.6784,-137.221],"tool":false,"touchDistance":-0.517659,"touchZone":"hovering","type":1,"width":19.3376},{"bases":[[[0.949365,-0.272695,0.156022],[0.273979,0.961639,0.0136359],[-0.153756,0.0298014,0.987659]],[[0.946779,-0.272182,0.171832],[0.213933,0.133225,-0.967721],[0.240504,0.952978,0.184363]],[[0.946779,-0.272182,0.171832],[-0.184493,-0.896313,-0.403219],[0.263764,0.350057,-0.898826]],[[0.946779,-0.272182,0.171832],[-0.299395,-0.940688,0.159591],[0.118203,-0.202543,-0.972113]]],"btipPosition":[21.2526,254.607,45.7721],"carpPosition":[31.8367,308.754,79.7291],"dipPosition":[23.4733,250.802,27.509],"direction":[-0.263764,-0.350057,0.898826],"extended":false,"handId":635,"id":6352,"length":66.9886,"mcpPosition":[42.5611,306.675,10.8405],"pipPosition":[30.9718,260.754,1.95647],"stabilizedTipPosition":[8.78268,252.366,77.8414],"timeVisible":5.99242,"tipPosition":[21.9009,253.416,40.3376],"tipVelocity":[11.0403,22.1755,-119.987],"tool":false,"touchDistance":0.333333,"touchZone":"none","type":2,"width":18.9921},{"bases":[[[0.893018,-0.337049,0.298189],[0.336066,0.940159,0.0562256],[-0.299296,0.0500008,0.952849]],[[0.885904,-0.33581,0.320009],[0.351447,0.0356459,-0.935529],[0.302753,0.941255,0.149598]],[[0.885904,-0.33581,0.320009],[-0.211611,-0.906473,-0.365415],[0.41279,0.256005,-0.874109]],[[0.885904,-0.33581,0.320009],[-0.397753,-0.904888,0.151559],[0.238677,-0.261552,-0.935213]]],"btipPosition":[33.1415,258.883,56.1624],"carpPosition":[43.8122,306.263,80.8382],"dipPosition":[37.5997,253.998,38.6935],"direction":[-0.41279,-0.256005,0.874109],"extended":false,"handId":635,"id":6353,"length":64.4113,"mcpPosition":[62.5551,303.131,21.1676],"pipPosition":[49.0318,261.088,14.4854],"stabilizedTipPosition":[24.4237,250.044,87.6505],"timeVisible":5.99242,"tipPosition":[34.4413,257.507,51.1282],"tipVelocity":[8.86854,26.3956,-125.661],"tool":false,"touchDistance":0.333333,"touchZone":"none","type":3,"width":18.0722},{"bases":[[[0.78449,-0.479673,0.39305],[0.443101,0.876989,0.18588],[-0.433863,0.0283398,0.900533]],[[0.79718,-0.480309,0.365798],[0.459127,0.0888407,-0.883917],[0.392055,0.872589,0.291344]],[[0.79718,-0.480309,0.365798],[-0.271853,-0.826554,-0.492853],[0.539074,0.293449,-0.789485]],[[0.79718,-0.480309,0.365798],[-0.517001,-0.855981,0.00275457],[0.311793,-0.191314,-0.93069]]],"btipPosition":[49.5185,262.177,53.2685],"carpPosition":[54.1404,297.107,84.296],"dipPosition":[54.8914,258.88,37.2306],"direction":[-0.539074,-0.293449,0.789485],"extended":false,"handId":635,"id":6354,"length":50.4973,"mcpPosition":[79.2913,295.464,32.0923],"pipPosition":[65.4322,264.618,21.7933],"stabilizedTipPosition":[43.2212,249.768,88.1084],"timeVisible":5.99242,"tipPosition":[51.308,261.514,48.9803],"tipVelocity":[3.94477,34.5228,-133.971],"tool":false,"touchDistance":0.333333,"touchZone":"none","type":4,"width":16.0532}],"r":[[0.82437,0.56603,-0.00483934],[-0.558957,0.81266,-0.164773],[-0.0893336,0.138539,0.98632]],"s":0.87001,"t":[21.7555,-13.1659,-168.284],"timestamp":523023359002},false],[5,{"currentFrameRate":107.775,"devices":[],"gestures":[],"hands":[{"armBasis":[[0.994418,-0.0847238,-0.0628942],[0.0941766,0.981465,0.166908],[0.0475874,-0.171899,0.983965]],"armWidth":63.703,"confidence":0.779775,"direction":[0.19902,0.114693,-0.973261],"elbow":[49.8681,250.029,354.834],"grabStrength":0,"id":635,"palmNormal":[-0.100422,-0.985513,-0.136672],"palmPosition":[39.9045,299.317,34.6946],"palmVelocity":[-12.6712,28.6051,-111.035],"palmWidth":90.9658,"pinchStrength":0.497115,"r":[[0.821554,0.570105,-0.00541619],[-0.563056,0.80983,-0.164752],[-0.0895399,0.138402,0.98632]],"s":0.87072,"sphereCenter":[46.3921,258.252,13.5021],"sphereRadius":47.1428,"stabilizedPalmPosition":[37.7623,288.658,89.5946],"t":[21.6439,-12.9658,-169.109],"timeVisible":6.00153,"type":"right","wrist":[37.0229,296.43,89.2339]}],"id":4223046,"interactionBox":{"center":[0,200,0],"size":[235.247,235.247,147.751]},"pointables":[{"bases":[[[0.520927,0.853576,0.00661828],[-0.817303,0.496523,0.29237],[0.246274,-0.157713,0.956282]],[[0.430935,0.863547,-0.261883],[-0.898567,0.437305,-0.0366209],[0.082899,0.251101,0.964405]],[[0.430935,0.863547,-0.261883],[-0.879952,0.337831,-0.333999],[-0.199951,0.374376,0.905462]],[[0.430935,0.863547,-0.261883],[-0.614998,0.0686774,-0.785532],[-0.660358,0.499571,0.560675]]],"btipPosition":[25.6037,251.977,-6.28422],"carpPosition":[7.47446,288.957,85.8261],"dipPosition":[10.1531,263.665,6.83409],"direction":[0.199951,-0.374376,-0.905462],"extended":false,"handId":635,"id":6350,"length":52.1025,"mcpPosition":[7.47446,288.957,85.8261],"pipPosition":[3.33745,276.426,37.6981],"stabilizedTipPosition":[11.4455,245.612,50.1349],"timeVisible":6.00153,"tipPosition":[22.2838,253.62,-3.15493],"tipVelocity":[3.73105,49.2512,-110.487],"tool":false,"touchDistance":-0.461847,"touchZone":"touching","type":0,"width":20.2446},{"bases":[[[0.994413,-0.103906,0.018586],[0.104134,0.994494,-0.0117632],[-0.0172614,0.0136329,0.999758]],[[0.979572,-0.100512,0.174175],[0.126137,0.981665,-0.14291],[-0.156618,0.161961,0.974289]],[[0.979572,-0.100512,0.174175],[0.148938,0.944582,-0.292543],[-0.135119,0.312508,0.940256]],[[0.979572,-0.100512,0.174175],[0.163997,0.900542,-0.402653],[-0.116381,0.422992,0.898629]]],"btipPosition":[32.6762,285.706,-73.8739],"carpPosition":[19.4269,308.442,79.5748],"dipPosition":[30.6883,292.931,-58.5244],"direction":[0.135119,-0.312508,-0.940256],"extended":true,"handId":635,"id":6351,"length":58.7918,"mcpPosition":[20.6964,307.439,6.0426],"pipPosition":[27.4233,300.483,-35.8041],"stabilizedTipPosition":[21.3473,276.6,-3.1011],"timeVisible":6.00153,"tipPosition":[32.3943,286.025,-69.8842],"tipVelocity":[-18.6619,51.7767,-117.272],"tool":false,"touchDistance":-0.50314,"touchZone":"hovering","type":1,"width":19.3376},{"bases":[[[0.950519,-0.269113,0.155217],[0.270348,0.962668,0.0135007],[-0.153056,0.0291301,0.987788]],[[0.947952,-0.268614,0.170977],[0.212226,0.132702,-0.968169],[0.237374,0.954063,0.182802]],[[0.947952,-0.268614,0.170977],[-0.181415,-0.896915,-0.403276],[0.261677,0.351268,-0.898964]],[[0.947952,-0.268614,0.170977],[-0.295531,-0.942106,0.158421],[0.118524,-0.200704,-0.972456]]],"btipPosition":[21.295,254.64,45.3119],"carpPosition":[31.7238,308.861,79.1923],"dipPosition":[23.5217,250.869,27.0424],"direction":[-0.261677,-0.351268,0.898964],"extended":false,"handId":635,"id":6352,"length":66.9886,"mcpPosition":[42.3994,306.829,10.2947],"pipPosition":[30.9609,260.855,1.48594],"stabilizedTipPosition":[8.79738,252.367,77.7999],"timeVisible":6.00153,"tipPosition":[21.947,253.483,39.8998],"tipVelocity":[9.31193,17.2604,-100.779],"tool":false,"touchDistance":0.333333,"touchZone":"none","type":2,"width":18.9921},{"bases":[[[0.894532,-0.333693,0.297424],[0.332551,0.941419,0.0560374],[-0.2987,0.0487815,0.953099]],[[0.887586,-0.332511,0.318792],[0.349854,0.036407,-0.936096],[0.299656,0.942397,0.148645]],[[0.887586,-0.332511,0.318792],[-0.208244,-0.906945,-0.366177],[0.410884,0.258627,-0.874235]],[[0.887586,-0.332511,0.318792],[-0.393639,-0.906944,0.150004],[0.239248,-0.25863,-0.93588]]],"btipPosition":[33.1819,258.934,55.6584],"carpPosition":[43.7095,306.415,80.2913],"dipPosition":[37.6509,254.103,38.1771],"direction":[-0.410884,-0.258627,0.874234],"extended":false,"handId":635,"id":6353,"length":64.4113,"mcpPosition":[62.4151,303.36,20.6051],"pipPosition":[49.0301,261.265,13.9655],"stabilizedTipPosition":[24.4364,250.054,87.6037],"timeVisible":6.00153,"tipPosition":[34.4798,257.602,50.6451],"tipVelocity":[7.71699,20.9942,-106.256],"tool":false,"touchDistance":0.333333,"touchZone":"none","type":3,"width":18.0722},{"bases":[[[0.786623,-0.476736,0.392361],[0.43993,0.878644,0.185598],[-0.433227,0.026616,0.900892]],[[0.799024,-0.477312,0.365697],[0.458615,0.0904214,-0.884023],[0.388888,0.874069,0.291151]],[[0.799024,-0.477312,0.365697],[-0.267889,-0.827061,-0.494171],[0.538328,0.296888,-0.788708]],[[0.799024,-0.477312,0.365697],[-0.513024,-0.858374,0.000563026],[0.313636,-0.188061,-0.930734]]],"btipPosition":[49.5112,262.293,52.6838],"carpPosition":[54.0751,297.298,83.7398],"dipPosition":[54.9158,259.052,36.6452],"direction":[-0.538328,-0.296888,0.788708],"extended":false,"handId":635,"id":6354,"length":50.4973,"mcpPosition":[79.1892,295.755,31.5153],"pipPosition":[65.4421,264.857,21.2232],"stabilizedTipPosition":[43.2322,249.785,88.0514],"timeVisible":6.00153,"tipPosition":[51.3019,261.661,48.4284],"tipVelocity":[2.85,28.8572,-114.635],"tool":false,"touchDistance":0.333333,"touchZone":"none","type":4,"width":16.0532}],"r":[[0.821554,0.570105,-0.00541619],[-0.563056,0.80983,-0.164752],[-0.0895399,0.138402,0.98632]],"s":0.87072,"t":[21.6439,-12.9658,-169.109],"timestamp":523023368106},false],[6,{"currentFrameRate":107.906,"devices":[],"gestures":[],"hands":[{"armBasis":[[0.995165,-0.07551,-0.0628123],[0.0849411,0.982736,0.164361],[0.049317,-0.168902,0.984398]],"armWidth":63.703,"confidence":0.783748,"direction":[0.19807,0.117703,-0.973095],"elbow":[50.1647,250.871,354.338],"grabStrength":0,"id":635,"palmNormal":[-0.0904111,-0.986338,-0.137707],"palmPosition":[39.7172,299.435,34.0861],"palmVelocity":[-14.8917,24.3277,-99.0161],"palmWidth":90.9658,"pinchStrength":0.4964,"r":[[0.818124,0.575014,-0.00572143],[-0.567951,0.806437,-0.164594],[-0.0900299,0.137908,0.986345]],"s":0.871388,"sphereCenter":[46.4667,258.506,12.7869],"sphereRadius":47.1541,"stabilizedPalmPosition":[37.7628,288.661,89.58],"t":[21.4944,-12.8067,-169.826],"timeVisible":6.01056,"type":"right","wrist":[36.8526,296.463,88.6217]}],"id":4223047,"interactionBox":{"center":[0,200,0],"size":[235.247,235.247,147.751]},"pointables":[{"bases":[[[0.51226,0.858797,0.0076186],[-0.822353,0.487925,0.292685],[0.24764,-0.156196,0.956178]],[[0.423369,0.868401,-0.258144],[-0.902165,0.430165,-0.032514],[0.0828096,0.246654,0.965559]],[[0.423369,0.868401,-0.258144],[-0.883106,0.331988,-0.331524],[-0.202194,0.368326,0.907443]],[[0.423369,0.868401,-0.258144],[-0.609517,0.0622206,-0.790327],[-0.670259,0.491944,0.555648]]],"btipPosition":[25.8239,252.321,-6.91861],"carpPosition":[7.38211,288.695,85.1992],"dipPosition":[10.1417,263.831,6.08207],"direction":[0.202194,-0.368326,-0.907443],"extended":false,"handId":635,"id":6350,"length":52.1025,"mcpPosition":[7.38211,288.695,85.1992],"pipPosition":[3.24956,276.386,37.0137],"stabilizedTipPosition":[11.473,245.635,49.9966],"timeVisible":6.01056,"tipPosition":[22.4814,253.905,-3.82283],"tipVelocity":[7.79422,44.9372,-100.234],"tool":false,"touchDistance":-0.453917,"touchZone":"touching","type":0,"width":20.2446},{"bases":[[[0.99541,-0.0938556,0.0187159],[0.0940664,0.995508,-0.0107173],[-0.0176259,0.0124286,0.999767]],[[0.980708,-0.0908043,0.173108],[0.115473,0.983648,-0.138215],[-0.157726,0.155538,0.975157]],[[0.980708,-0.0908043,0.173108],[0.138767,0.947113,-0.289344],[-0.137679,0.307784,0.941442]],[[0.980708,-0.0908043,0.173108],[0.15435,0.903109,-0.400712],[-0.119949,0.4197,0.899702]]],"btipPosition":[32.5847,286.105,-74.5628],"carpPosition":[19.1381,308.306,78.9708],"dipPosition":[30.5359,293.274,-59.195],"direction":[0.137679,-0.307784,-0.941442],"extended":true,"handId":635,"id":6351,"length":58.7918,"mcpPosition":[20.4345,307.392,5.43789],"pipPosition":[27.209,300.711,-36.446],"stabilizedTipPosition":[21.3728,276.626,-3.26152],"timeVisible":6.01056,"tipPosition":[32.3104,286.424,-70.5791],"tipVelocity":[-16.7407,49.291,-105.86],"tool":false,"touchDistance":-0.491431,"touchZone":"hovering","type":1,"width":19.3376},{"bases":[[[0.953158,-0.259639,0.155167],[0.260588,0.96534,0.0145535],[-0.153568,0.026563,0.987781]],[[0.950588,-0.259182,0.1709],[0.210953,0.135366,-0.968078],[0.227775,0.956295,0.183353]],[[0.950588,-0.259182,0.1709],[-0.172027,-0.897986,-0.405004],[0.258436,0.355592,-0.898201]],[[0.950588,-0.259182,0.1709],[-0.285817,-0.945532,0.155815],[0.121207,-0.196962,-0.97289]]],"btipPosition":[21.5415,254.507,44.6717],"carpPosition":[31.4303,308.85,78.5917],"dipPosition":[23.8186,250.807,26.394],"direction":[-0.258436,-0.355592,0.898201],"extended":false,"handId":635,"id":6352,"length":66.9886,"mcpPosition":[42.1415,306.997,9.69453],"pipPosition":[31.1656,260.916,0.859198],"stabilizedTipPosition":[8.80828,252.368,77.7693],"timeVisible":6.01056,"tipPosition":[22.2095,253.397,39.2904],"tipVelocity":[14.6175,8.9522,-92.6098],"tool":false,"touchDistance":0.333333,"touchZone":"none","type":2,"width":18.9921},{"bases":[[[0.897796,-0.324928,0.297294],[0.322993,0.944678,0.0570831],[-0.299395,0.044775,0.953078]],[[0.890977,-0.323862,0.318236],[0.349035,0.0402497,-0.936245],[0.290405,0.945248,0.148901]],[[0.890977,-0.323862,0.318236],[-0.198772,-0.908366,-0.367915],[0.408228,0.264548,-0.873707]],[[0.890977,-0.323862,0.318236],[-0.383951,-0.911524,0.147324],[0.242367,-0.25345,-0.936494]]],"btipPosition":[33.3843,258.906,55.0448],"carpPosition":[43.4398,306.524,79.691],"dipPosition":[37.9115,254.171,37.552],"direction":[-0.408228,-0.264548,0.873707],"extended":false,"handId":635,"id":6353,"length":64.4113,"mcpPosition":[62.189,303.72,20.0061],"pipPosition":[49.2173,261.498,13.3551],"stabilizedTipPosition":[24.4459,250.061,87.5686],"timeVisible":6.01056,"tipPosition":[34.6936,257.628,50.0507],"tipVelocity":[12.1729,15.0397,-95.7872],"tool":false,"touchDistance":0.333333,"touchZone":"none","type":3,"width":18.0722},{"bases":[[[0.791318,-0.469154,0.392059],[0.430973,0.88286,0.186605],[-0.433679,0.0213028,0.900816]],[[0.803549,-0.469574,0.3658],[0.458278,0.0958716,-0.883623],[0.379857,0.877673,0.292233]],[[0.803549,-0.469574,0.3658],[-0.25797,-0.828559,-0.496933],[0.536434,0.304944,-0.786923]],[[0.803549,-0.469574,0.3658],[-0.503338,-0.864082,-0.00353691],[0.317742,-0.181279,-0.930687]]],"btipPosition":[49.6443,262.41,52.0071],"carpPosition":[53.8964,297.509,83.1325],"dipPosition":[55.1197,259.286,35.9693],"direction":[-0.536434,-0.304944,0.786923],"extended":false,"handId":635,"id":6354,"length":50.4973,"mcpPosition":[79.0367,296.274,30.9125],"pipPosition":[65.6089,265.249,20.5821],"stabilizedTipPosition":[43.2409,249.799,88.0061],"timeVisible":6.01056,"tipPosition":[51.4433,261.833,47.7876],"tipVelocity":[6.61933,25.308,-103.7],"tool":false,"touchDistance":0.333333,"touchZone":"none","type":4,"width":16.0532}],"r":[[0.818124,0.575014,-0.00572143],[-0.567951,0.806437,-0.164594],[-0.0900299,0.137908,0.986345]],"s":0.871388,"t":[21.4944,-12.8067,-169.826],"timestamp":523023377136},false],[7,{"currentFrameRate":108.05,"devices":[],"gestures":[],"hands":[{"armBasis":[[0.995741,-0.0687686,-0.0613999],[0.0780554,0.983271,0.16457