{"sensorType":"Leap","data":[[0,{"currentFrameRate":110.433,"devices":[],"gestures":[],"hands":[{"armBasis":[[0.991656,0.0258564,-0.126289],[-0.00800339,0.990137,0.139876],[0.12866,-0.137698,0.982082]],"armWidth":63.703,"confidence":0.54729,"direction":[0.245116,0.260962,-0.933711],"elbow":[64.7933,271.722,319.122],"grabStrength":0,"id":635,"palmNormal":[0.0391558,-0.964971,-0.25942],"palmPosition":[36.084,319.017,0.622716],"palmVelocity":[8.9483,54.2188,53.9921],"palmWidth":90.9658,"pinchStrength":0.494861,"r":[[0.716794,0.68498,0.130419],[-0.676301,0.728494,-0.10915],[-0.169775,-0.00996486,0.985432]],"s":0.760357,"sphereCenter":[48.9551,276.465,-23.4995],"sphereRadius":45.7895,"stabilizedPalmPosition":[35.1468,315.634,-2.24507],"t":[17.6819,6.39492,-204.587],"timeVisible":8.17981,"type":"right","wrist":[30.0643,308.89,54.0305]}],"id":4223278,"interactionBox":{"center":[0,200,0],"size":[235.247,235.247,147.751]},"pointables":[{"bases":[[[0.402611,0.903142,0.149125],[-0.892777,0.351456,0.28183],[0.202121,-0.246603,0.947805]],[[0.335014,0.936204,-0.106241],[-0.94075,0.326078,-0.0930766],[-0.0524958,0.131128,0.989975]],[[0.335014,0.936204,-0.106241],[-0.923619,0.304017,-0.233455],[-0.186263,0.176337,0.966546]],[[0.335014,0.936204,-0.106241],[-0.502378,0.0820944,-0.860742],[-0.797109,0.341734,0.497831]]],"btipPosition":[29.6591,277.799,-46.6068],"carpPosition":[2.04007,298.349,47.3913],"dipPosition":[11.0089,285.794,-34.9588],"direction":[0.186263,-0.176337,-0.966546],"extended":false,"handId":635,"id":6350,"length":52.1025,"mcpPosition":[2.04007,298.349,47.3913],"pipPosition":[4.65983,291.805,-2.01263],"stabilizedTipPosition":[25.2593,277.611,-46.8114],"timeVisible":8.17981,"tipPosition":[25.5262,279.875,-43.9535],"tipVelocity":[-2.77603,32.9989,70.2532],"tool":false,"touchDistance":-0.211508,"touchZone":"touching","type":0,"width":20.2446},{"bases":[[[0.996106,0.0171721,0.0864728],[-0.0270053,0.993129,0.113863],[-0.0839234,-0.115755,0.989726]],[[0.9851,0.00708546,0.171839],[0.0370768,0.966908,-0.252418],[-0.167941,0.255028,0.952238]],[[0.9851,0.00708546,0.171839],[0.0968107,0.802977,-0.588094],[-0.14215,0.595967,0.790327]],[[0.9851,0.00708546,0.171839],[0.130902,0.617164,-0.775869],[-0.11155,0.786802,0.607041]]],"btipPosition":[30.4337,289.506,-98.6966],"carpPosition":[11.7076,319.786,44.4636],"dipPosition":[28.5283,302.945,-88.3277],"direction":[0.14215,-0.595967,-0.790327],"extended":true,"handId":635,"id":6351,"length":58.7918,"mcpPosition":[17.8802,328.3,-28.3307],"pipPosition":[25.0934,317.346,-69.2302],"stabilizedTipPosition":[28.2413,298.076,-106.614],"timeVisible":8.17981,"tipPosition":[30.2167,294.807,-97.3001],"tipVelocity":[-11.9419,-126.344,143.3],"tool":false,"touchDistance":0.447849,"touchZone":"hovering","type":1,"width":19.3376},{"bases":[[[0.965521,-0.168182,0.198707],[0.139951,0.978953,0.148545],[-0.219507,-0.115614,0.968736]],[[0.96351,-0.169214,0.207401],[0.246461,0.258543,-0.93403],[0.104429,0.951064,0.290813]],[[0.96351,-0.169214,0.207401],[0.0323657,-0.695496,-0.717801],[0.265708,0.698321,-0.664641]],[[0.96351,-0.169214,0.207401],[-0.0867944,-0.930471,-0.355937],[0.25321,0.324947,-0.911205]]],"btipPosition":[21.8088,258.031,-0.44107],"carpPosition":[23.8413,321.753,45.1275],"dipPosition":[26.5658,264.135,-17.5599],"direction":[-0.265708,-0.698321,0.664641],"extended":false,"handId":635,"id":6352,"length":66.9886,"mcpPosition":[39.1518,329.817,-22.4412],"pipPosition":[34.1196,283.988,-36.4548],"stabilizedTipPosition":[22.3768,253.241,-7.05688],"timeVisible":8.17981,"tipPosition":[22.9043,259.863,-4.10396],"tipVelocity":[-11.6594,50.042,63.4161],"tool":false,"touchDistance":0.333333,"touchZone":"none","type":2,"width":18.9921},{"bases":[[[0.909379,-0.256679,0.327332],[0.201507,0.960251,0.193167],[-0.363902,-0.109703,0.924954]],[[0.91773,-0.254013,0.305368],[0.358606,0.199262,-0.911974],[0.170805,0.946452,0.273959]],[[0.91773,-0.254013,0.305368],[0.0311355,-0.720422,-0.692837],[0.395984,0.645345,-0.653244]],[[0.91773,-0.254013,0.305368],[-0.138329,-0.925051,-0.353758],[0.372341,0.282413,-0.884084]]],"btipPosition":[33.1852,262.12,11.3396],"carpPosition":[35.9474,320.674,46.8952],"dipPosition":[40.1401,267.395,-5.17426],"direction":[-0.395984,-0.645344,0.653244],"extended":false,"handId":635,"id":6353,"length":64.4113,"mcpPosition":[58.7362,327.544,-11.0285],"pipPosition":[51.1067,285.268,-23.2656],"stabilizedTipPosition":[34.149,257.419,4.47108],"timeVisible":8.17981,"tipPosition":[34.7412,263.761,7.74807],"tipVelocity":[-10.7487,53.8181,70.9818],"tool":false,"touchDistance":0.333333,"touchZone":"none","type":3,"width":18.0722},{"bases":[[[0.81527,-0.42276,0.395738],[0.307549,0.895148,0.322681],[-0.490661,-0.141364,0.859807]],[[0.799099,-0.42708,0.423136],[0.54378,0.213273,-0.811676],[0.256407,0.878702,0.402663]],[[0.799099,-0.42708,0.423136],[0.0501659,-0.653997,-0.754832],[0.599103,0.624412,-0.501184]],[[0.799099,-0.42708,0.423136],[-0.207596,-0.856544,-0.472479],[0.564221,0.289716,-0.773123]]],"btipPosition":[45.1175,272.463,9.11778],"carpPosition":[47.1753,312.532,50.0721],"dipPosition":[54.8403,277.455,-4.20484],"direction":[-0.599103,-0.624412,0.501184],"extended":false,"handId":635,"id":6354,"length":50.4973,"mcpPosition":[75.6189,320.727,0.229288],"pipPosition":[66.5549,289.665,-14.0048],"stabilizedTipPosition":[47.0162,267.956,2.51892],"timeVisible":8.17981,"tipPosition":[47.6043,273.757,6.25333],"tipVelocity":[-8.37359,50.1548,66.9284],"tool":false,"touchDistance":0.333333,"touchZone":"none","type":4,"width":16.0532}],"r":[[0.716794,0.68498,0.130419],[-0.676301,0.728494,-0.10915],[-0.169775,-0.00996486,0.985432]],"s":0.760357,"t":[17.6819,6.39492,-204.587],"timestamp":523025546387},true],[1,{"currentFrameRate":110.416,"devices":[],"gestures":[],"hands":[{"armBasis":[[0.991029,0.0256135,-0.131167],[-0.0063907,0.989422,0.144923],[0.133492,-0.142785,0.98071]],"armWidth":63.703,"confidence":0.49163,"direction":[0.258264,0.254629,-0.931914],"elbow":[65.2467,271.476,319.239],"grabStrength":0,"id":635,"palmNormal":[0.0363926,-0.96652,-0.253999],"palmPosition":[35.9562,319.831,1.13823],"palmVelocity":[2.58061,64.0175,54.752],"palmWidth":90.9658,"pinchStrength":0.506639,"r":[[0.718899,0.682709,0.130739],[-0.673348,0.730658,-0.112879],[-0.172589,-0.00688463,0.98497]],"s":0.752303,"sphereCenter":[49.1023,277.034,-22.4345],"sphereRadius":45.6764,"stabilizedPalmPosition":[35.2013,315.916,-2.01744],"t":[17.6329,7.07148,-204.039],"timeVisible":8.1889,"type":"right","wrist":[29.2135,310.018,54.518]}],"id":4223279,"interactionBox":{"center":[0,200,0],"size":[235.247,235.247,147.751]},"pointables":[{"bases":[[[0.406315,0.901418,0.149511],[-0.894005,0.358367,0.268937],[0.188845,-0.242936,0.951483]],[[0.340222,0.933532,-0.112989],[-0.938401,0.329337,-0.104602],[-0.0604377,0.141616,0.988075]],[[0.340222,0.933532,-0.112989],[-0.917976,0.303671,-0.255156],[-0.203885,0.190531,0.960275]],[[0.340222,0.933532,-0.112989],[-0.48577,0.0715992,-0.871149],[-0.805156,0.351271,0.477842]]],"btipPosition":[30.0132,277.833,-45.6365],"carpPosition":[1.20887,299.614,47.5854],"dipPosition":[11.1747,286.052,-34.4562],"direction":[0.203885,-0.190531,-0.960275],"extended":false,"handId":635,"id":6350,"length":52.1025,"mcpPosition":[1.20887,299.614,47.5854],"pipPosition":[4.22497,292.547,-1.72377],"stabilizedTipPosition":[25.2818,277.724,-46.6109],"timeVisible":8.1889,"tipPosition":[25.776,280.141,-43.1747],"tipVelocity":[7.46091,26.4846,77.0898],"tool":false,"touchDistance":-0.197129,"touchZone":"touching","type":0,"width":20.2446},{"bases":[[[0.995047,0.0115186,0.0987382],[-0.0222674,0.993851,0.108463],[-0.0968817,-0.110124,0.989185]],[[0.983127,0.00206528,0.182912],[0.0481389,0.961769,-0.269599],[-0.176476,0.273855,0.945441]],[[0.983127,0.00206528,0.182912],[0.111982,0.783876,-0.610736],[-0.144642,0.620914,0.770419]],[[0.983127,0.00206528,0.182912],[0.146951,0.586559,-0.796463],[-0.108934,0.809904,0.576359]]],"btipPosition":[31.1057,288.476,-97.1545],"carpPosition":[11.0444,320.976,44.6688],"dipPosition":[29.245,302.31,-87.3097],"direction":[0.144642,-0.620914,-0.770419],"extended":true,"handId":635,"id":6351,"length":58.7918,"mcpPosition":[18.17,329.076,-28.0858],"pipPosition":[25.7499,317.313,-68.6934],"stabilizedTipPosition":[28.2798,297.975,-106.429],"timeVisible":8.1889,"tipPosition":[30.9471,293.863,-95.937],"tipVelocity":[12.1474,-119.991,146.939],"tool":false,"touchDistance":0.457719,"touchZone":"hovering","type":1,"width":19.3376},{"bases":[[[0.961928,-0.173063,0.211526],[0.144156,0.978832,0.145285],[-0.232192,-0.109261,0.966514]],[[0.95975,-0.174061,0.220414],[0.259786,0.251958,-0.932217],[0.106728,0.951956,0.287035]],[[0.95975,-0.174061,0.220414],[0.0372141,-0.699062,-0.714092],[0.278378,0.693553,-0.664447]],[[0.95975,-0.174061,0.220414],[-0.0878626,-0.931484,-0.353013],[0.266758,0.319439,-0.909285]]],"btipPosition":[21.3076,258.903,0.200114],"carpPosition":[23.1808,322.872,45.4732],"dipPosition":[26.3191,264.904,-16.8826],"direction":[-0.278378,-0.693553,0.664447],"extended":false,"handId":635,"id":6352,"length":66.9886,"mcpPosition":[39.3761,330.493,-21.9406],"pipPosition":[34.2331,284.621,-35.7721],"stabilizedTipPosition":[22.3779,253.338,-7.01111],"timeVisible":8.1889,"tipPosition":[22.4646,260.711,-3.46113],"tipVelocity":[-21.9178,62.0313,65.6486],"tool":false,"touchDistance":0.333333,"touchZone":"none","type":2,"width":18.9921},{"bases":[[[0.903652,-0.260548,0.339893],[0.205038,0.959984,0.190763],[-0.375995,-0.102692,0.920914]],[[0.91231,-0.258041,0.317971],[0.370994,0.192102,-0.908548],[0.17336,0.946843,0.270988]],[[0.91231,-0.258041,0.317971],[0.0352795,-0.72407,-0.688823],[0.407978,0.639638,-0.651473]],[[0.91231,-0.258041,0.317971],[-0.139519,-0.925893,-0.35108],[0.385,0.275931,-0.880703]]],"btipPosition":[32.5695,262.997,12.1143],"carpPosition":[35.2573,321.728,47.3965],"dipPosition":[39.7609,268.151,-4.33632],"direction":[-0.407978,-0.639638,0.651473],"extended":false,"handId":635,"id":6353,"length":64.4113,"mcpPosition":[58.8033,328.159,-10.2742],"pipPosition":[51.0597,285.866,-22.3786],"stabilizedTipPosition":[34.1498,257.49,4.51163],"timeVisible":8.1889,"tipPosition":[34.1822,264.609,8.52844],"tipVelocity":[-24.873,64.783,75.3798],"tool":false,"touchDistance":0.333333,"touchZone":"none","type":3,"width":18.0722},{"bases":[[[0.807678,-0.425694,0.407971],[0.309064,0.894903,0.321912],[-0.502131,-0.133913,0.85436]],[[0.790861,-0.429837,0.435636],[0.555532,0.205577,-0.805681],[0.256755,0.879192,0.401371]],[[0.790861,-0.429837,0.435636],[0.0565628,-0.657444,-0.751378],[0.609376,0.618876,-0.495634]],[[0.790861,-0.429837,0.435636],[-0.205826,-0.857176,-0.472106],[0.576346,0.283705,-0.766379]]],"btipPosition":[44.5793,273.228,9.93617],"carpPosition":[46.3944,313.534,50.7538],"dipPosition":[54.5111,278.116,-3.27024],"direction":[-0.609376,-0.618876,0.495634],"extended":false,"handId":635,"id":6354,"length":50.4973,"mcpPosition":[75.5028,321.297,1.22672],"pipPosition":[66.4266,290.218,-12.9617],"stabilizedTipPosition":[47.0146,268.023,2.56483],"timeVisible":8.1889,"tipPosition":[47.1098,274.506,7.10958],"tipVelocity":[-20.9874,58.8404,74.1486],"tool":false,"touchDistance":0.333333,"touchZone":"none","type":4,"width":16.0532}],"r":[[0.718899,0.682709,0.130739],[-0.673348,0.730658,-0.112879],[-0.172589,-0.00688463,0.98497]],"s":0.752303,"t":[17.6329,7.07148,-204.039],"timestamp":523025555473},true],[2,{"currentFrameRate":110.429,"devices":[],"gestures":[],"hands":[{"armBasis":[[0.99091,0.0249109,-0.132197],[-0.00511731,0.988974,0.148003],[0.134426,-0.145981,0.980112]],"armWidth":63.703,"confidence":0.493152,"direction":[0.26349,0.251215,-0.931377],"elbow":[65.3078,271.301,319.386],"grabStrength":0.00454221,"id":635,"palmNormal":[0.0341078,-0.967318,-0.25126],"palmPosition":[36.0477,320.352,1.45272],"palmVelocity":[4.6579,62.2804,49.2608],"palmWidth":90.9658,"pinchStrength":0.515982,"r":[[0.720941,0.680443,0.131309],[-0.670341,0.732792,-0.116873],[-0.175747,-0.00376377,0.984428]],"s":0.743965,"sphereCenter":[49.3869,277.393,-21.7753],"sphereRadius":45.5742,"stabilizedPalmPosition":[35.2568,316.207,-1.78974],"t":[17.6542,7.67042,-203.607],"timeVisible":8.19793,"type":"right","wrist":[29.0225,310.706,54.8265]}],"id":4223280,"interactionBox":{"center":[0,200,0],"size":[235.247,235.247,147.751]},"pointables":[{"bases":[[[0.408843,0.900359,0.149002],[-0.893953,0.362273,0.26383],[0.183562,-0.241066,0.952991]],[[0.342465,0.93193,-0.119262],[-0.937534,0.330702,-0.108012],[-0.0612199,0.148803,0.98697]],[[0.342465,0.93193,-0.119262],[-0.914748,0.301772,-0.268643],[-0.214367,0.201096,0.955828]],[[0.342465,0.93193,-0.119262],[-0.479633,0.0642646,-0.875112],[-0.807879,0.356898,0.468993]]],"btipPosition":[30.2777,277.752,-45.0165],"carpPosition":[1.01325,300.383,47.7916],"dipPosition":[11.3754,286.103,-34.0433],"direction":[0.214367,-0.201096,-0.955828],"extended":false,"handId":635,"id":6350,"length":52.1025,"mcpPosition":[1.01325,300.383,47.7916],"pipPosition":[4.06838,292.958,-1.46249],"stabilizedTipPosition":[25.3063,277.798,-46.4551],"timeVisible":8.19793,"tipPosition":[25.9839,280.223,-42.6532],"tipVelocity":[13.022,17.6483,73.307],"tool":false,"touchDistance":-0.187591,"touchZone":"touching","type":0,"width":20.2446},{"bases":[[[0.994613,0.00823117,0.103327],[-0.0192106,0.99421,0.105719],[-0.101859,-0.107135,0.989013]],[[0.982592,-0.000768415,0.185777],[0.0547385,0.956797,-0.285559],[-0.177531,0.290757,0.940182]],[[0.982592,-0.000768415,0.185777],[0.119939,0.766294,-0.631196],[-0.141875,0.64249,0.753046]],[[0.982592,-0.000768415,0.185777],[0.154443,0.559158,-0.814548],[-0.103253,0.82906,0.549543]]],"btipPosition":[31.2474,287.408,-95.8431],"carpPosition":[10.9386,321.702,44.8639],"dipPosition":[29.4837,301.569,-86.4563],"direction":[0.141875,-0.64249,-0.753046],"extended":true,"handId":635,"id":6351,"length":58.7918,"mcpPosition":[18.4303,329.582,-27.878],"pipPosition":[26.0555,317.094,-68.2597],"stabilizedTipPosition":[28.3199,297.86,-106.23],"timeVisible":8.19793,"tipPosition":[31.1573,292.879,-94.7827],"tipVelocity":[13.8029,-117.21,143.245],"tool":false,"touchDistance":0.463373,"touchZone":"hovering","type":1,"width":19.3376},{"bases":[[[0.960312,-0.175929,0.21645],[0.146986,0.978696,0.143354],[-0.237058,-0.105849,0.965712]],[[0.958046,-0.176914,0.225497],[0.265155,0.248393,-0.931662],[0.108812,0.952367,0.284881]],[[0.958046,-0.176914,0.225497],[0.038277,-0.700739,-0.71239],[0.284046,0.691134,-0.664569]],[[0.958046,-0.176914,0.225497],[-0.0892903,-0.931839,-0.351716],[0.27235,0.316826,-0.908541]]],"btipPosition":[21.1775,259.448,0.595778],"carpPosition":[23.0779,323.558,45.7197],"dipPosition":[26.2941,265.4,-16.473],"direction":[-0.284046,-0.691134,0.664569],"extended":false,"handId":635,"id":6352,"length":66.9886,"mcpPosition":[39.6126,330.941,-21.6382],"pipPosition":[34.3692,285.048,-35.3659],"stabilizedTipPosition":[22.3776,253.437,-6.96232],"timeVisible":8.19793,"tipPosition":[22.3616,261.245,-3.06535],"tipVelocity":[-19.1112,61.2317,59.7293],"tool":false,"touchDistance":0.333333,"touchZone":"none","type":2,"width":18.9921},{"bases":[[[0.901129,-0.262862,0.344776],[0.207588,0.959752,0.189163],[-0.380624,-0.0988891,0.919427]],[[0.909932,-0.260434,0.322797],[0.375769,0.188217,-0.907399],[0.175562,0.946968,0.269128]],[[0.909932,-0.260434,0.322797],[0.0359781,-0.725782,-0.686983],[0.413194,0.636721,-0.651043]],[[0.909932,-0.260434,0.322797],[-0.140976,-0.926148,-0.349823],[0.390064,0.272809,-0.879446]]],"btipPosition":[32.4058,263.54,12.5607],"carpPosition":[35.1411,322.375,47.702],"dipPosition":[39.6918,268.636,-3.86653],"direction":[-0.413194,-0.636721,0.651043],"extended":false,"handId":635,"id":6353,"length":64.4113,"mcpPosition":[58.977,328.568,-9.87558],"pipPosition":[51.1351,286.269,-21.8969],"stabilizedTipPosition":[34.1491,257.564,4.55525],"timeVisible":8.19793,"tipPosition":[34.042,265.138,8.97595],"tipVelocity":[-22.3493,63.0791,68.3913],"tool":false,"touchDistance":0.333333,"touchZone":"none","type":3,"width":18.0722},{"bases":[[[0.804249,-0.427482,0.412846],[0.310771,0.894652,0.320967],[-0.506561,-0.129837,0.852372]],[[0.7871,-0.431533,0.440741],[0.560226,0.201139,-0.803548],[0.258107,0.879388,0.400073]],[[0.7871,-0.431533,0.440741],[0.0581209,-0.659466,-0.749484],[0.614081,0.615535,-0.493985]],[[0.7871,-0.431533,0.440741],[-0.206225,-0.857517,-0.471313],[0.58133,0.280078,-0.763945]]],"btipPosition":[44.4493,273.729,10.4021],"carpPosition":[46.2332,314.151,51.1328],"dipPosition":[54.4669,278.555,-2.76233],"direction":[-0.614081,-0.615535,0.493985],"extended":false,"handId":635,"id":6354,"length":50.4973,"mcpPosition":[75.5984,321.677,1.72096],"pipPosition":[66.4744,290.591,-12.4215],"stabilizedTipPosition":[47.012,268.089,2.61175],"timeVisible":8.19793,"tipPosition":[46.9989,274.994,7.58553],"tipVelocity":[-18.57,57.4802,68.2277],"tool":false,"touchDistance":0.333333,"touchZone":"none","type":4,"width":16.0532}],"r":[[0.720941,0.680443,0.131309],[-0.670341,0.732792,-0.116873],[-0.175747,-0.00376377,0.984428]],"s":0.743965,"t":[17.6542,7.67042,-203.607],"timestamp":523025564506},true],[3,{"currentFrameRate":110.506,"devices":[],"gestures":[],"hands":[{"armBasis":[[0.990883,0.0249867,-0.13239],[-0.00490816,0.988694,0.149866],[0.134638,-0.14785,0.979803]],"armWidth":63.703,"confidence":0.496115,"direction":[0.264985,0.249132,-0.931513],"elbow":[65.291,271.255,319.557],"grabStrength":0.0333131,"id":635,"palmNormal":[0.0330249,-0.967825,-0.249449],"palmPosition":[36.0525,320.703,1.69837],"palmVelocity":[3.53581,56.0253,43.3513],"palmWidth":90.9658,"pinchStrength":0.523566,"r":[[0.72273,0.678466,0.131702],[-0.667681,0.734631,-0.120496],[-0.178505,-0.000849046,0.983939]],"s":0.734953,"sphereCenter":[49.5168,277.653,-21.2599],"sphereRadius":45.3987,"stabilizedPalmPosition":[35.3069,316.49,-1.57007],"t":[17.6672,8.14507,-203.269],"timeVisible":8.20684,"type":"right","wrist":[28.9485,311.164,55.0811]}],"id":4223281,"interactionBox":{"center":[0,200,0],"size":[235.247,235.247,147.751]},"pointables":[{"bases":[[[0.409954,0.900043,0.147855],[-0.893753,0.364036,0.262076],[0.182055,-0.239584,0.953654]],[[0.342745,0.931137,-0.124537],[-0.937482,0.330487,-0.109114],[-0.0604417,0.15415,0.986197]],[[0.342745,0.931137,-0.124537],[-0.913134,0.299066,-0.277031],[-0.220708,0.20867,0.952756]],[[0.342745,0.931137,-0.124537],[-0.47603,0.0578571,-0.877524],[-0.809889,0.360051,0.46308]]],"btipPosition":[30.4217,277.639,-44.4956],"carpPosition":[0.932975,300.869,48.0308],"dipPosition":[11.4725,286.063,-33.6608],"direction":[0.220708,-0.20867,-0.952756],"extended":false,"handId":635,"id":6350,"length":52.1025,"mcpPosition":[0.932975,300.869,48.0308],"pipPosition":[3.94928,293.176,-1.18464],"stabilizedTipPosition":[25.3262,277.845,-46.3381],"timeVisible":8.20684,"tipPosition":[26.0654,280.212,-42.2086],"tipVelocity":[13.5475,9.89899,68.2872],"tool":false,"touchDistance":-0.17944,"touchZone":"touching","type":0,"width":20.2446},{"bases":[[[0.994498,0.00699427,0.104526],[-0.0179118,0.994429,0.103877],[-0.103217,-0.105178,0.989082]],[[0.982742,-0.00162117,0.184975],[0.0587169,0.950983,-0.303618],[-0.175416,0.309239,0.934666]],[[0.982742,-0.00162117,0.184975],[0.124633,0.744729,-0.655626],[-0.136694,0.667366,0.732078]],[[0.982742,-0.00162117,0.184975],[0.158238,0.525282,-0.836086],[-0.0958088,0.850927,0.516473]]],"btipPosition":[30.958,285.961,-94.3272],"carpPosition":[10.8925,322.168,45.0763],"dipPosition":[29.3215,300.496,-85.5053],"direction":[0.136694,-0.667366,-0.732078],"extended":true,"handId":635,"id":6351,"length":58.7918,"mcpPosition":[18.4841,329.904,-27.6707],"pipPosition":[26.0184,316.622,-67.8154],"stabilizedTipPosition":[28.3556,297.725,-106.01],"timeVisible":8.20684,"tipPosition":[30.9415,291.574,-93.4843],"tipVelocity":[2.09522,-126.861,146.58],"tool":false,"touchDistance":0.471157,"touchZone":"hovering","type":1,"width":19.3376},{"bases":[[[0.959794,-0.176909,0.217943],[0.148216,0.978745,0.141743],[-0.238386,-0.103742,0.965614]],[[0.957481,-0.177889,0.227125],[0.266763,0.246139,-0.931801],[0.109852,0.95277,0.283127]],[[0.957481,-0.177889,0.227125],[0.038323,-0.701869,-0.711274],[0.28594,0.689735,-0.665209]],[[0.957481,-0.177889,0.227125],[-0.0900037,-0.932166,-0.350665],[0.274097,0.315313,-0.908542]]],"btipPosition":[21.0888,259.8,0.929211],"carpPosition":[23.0334,324.008,45.9435],"dipPosition":[26.2383,265.724,-16.1396],"direction":[-0.28594,-0.689735,0.665209],"extended":false,"handId":635,"id":6352,"length":66.9886,"mcpPosition":[39.6607,331.244,-21.4075],"pipPosition":[34.3672,285.332,-35.0507],"stabilizedTipPosition":[22.3763,253.533,-6.91268],"timeVisible":8.20684,"tipPosition":[22.2831,261.589,-2.73613],"tipVelocity":[-16.3852,55.103,53.651],"tool":false,"touchDistance":0.333333,"touchZone":"none","type":2,"width":18.9921},{"bases":[[[0.90033,-0.263522,0.346356],[0.208735,0.959798,0.187662],[-0.381885,-0.0966604,0.919141]],[[0.909194,-0.261138,0.324303],[0.377032,0.18586,-0.90736],[0.176672,0.947239,0.267441]],[[0.909194,-0.261138,0.324303],[0.0358904,-0.726827,-0.685882],[0.414823,0.635239,-0.651455]],[[0.909194,-0.261138,0.324303],[-0.141625,-0.926394,-0.348908],[0.391546,0.271296,-0.879256]]],"btipPosition":[32.3138,263.894,12.9025],"carpPosition":[35.0925,322.812,47.9427],"dipPosition":[39.6275,268.961,-3.5211],"direction":[-0.414823,-0.635239,0.651455],"extended":false,"handId":635,"id":6353,"length":64.4113,"mcpPosition":[59.0074,328.865,-9.61693],"pipPosition":[51.1159,286.554,-21.5629],"stabilizedTipPosition":[34.1476,257.637,4.59961],"timeVisible":8.20684,"tipPosition":[33.9582,265.485,9.31479],"tipVelocity":[-18.8795,56.5162,60.2368],"tool":false,"touchDistance":0.333333,"touchZone":"none","type":3,"width":18.0722},{"bases":[[[0.803131,-0.427878,0.414609],[0.311664,0.894791,0.31971],[-0.507785,-0.12755,0.851989]],[[0.785807,-0.431882,0.442702],[0.561633,0.198555,-0.803209],[0.258991,0.879803,0.398585]],[[0.785807,-0.431882,0.442702],[0.0582939,-0.660893,-0.748213],[0.615719,0.613758,-0.494158]],[[0.785807,-0.431882,0.442702],[-0.206632,-0.858001,-0.470253],[0.582933,0.278052,-0.763464]]],"btipPosition":[44.3647,274.078,10.7413],"carpPosition":[46.1685,314.577,51.4021],"dipPosition":[54.4099,278.869,-2.41486],"direction":[-0.615719,-0.613758,0.494158],"extended":false,"handId":635,"id":6354,"length":50.4973,"mcpPosition":[75.6047,321.971,2.01248],"pipPosition":[66.4494,290.871,-12.0774],"stabilizedTipPosition":[47.009,268.153,2.65761],"timeVisible":8.20684,"tipPosition":[46.921,275.335,7.92369],"tipVelocity":[-15.9034,52.2498,60.0689],"tool":false,"touchDistance":0.333333,"touchZone":"none","type":4,"width":16.0532}],"r":[[0.72273,0.678466,0.131702],[-0.667681,0.734631,-0.120496],[-0.178505,-0.000849046,0.983939]],"s":0.734953,"t":[17.6672,8.14507,-203.269],"timestamp":523025573419},true],[4,{"currentFrameRate":110.476,"devices":[],"gestures":[],"hands":[{"armBasis":[[0.990859,0.026228,-0.13233],[-0.00601654,0.988534,0.150879],[0.13477,-0.148703,0.979655]],"armWidth":63.703,"confidence":0.497326,"direction":[0.263287,0.247814,-0.932345],"elbow":[65.3106,271.405,319.741],"grabStrength":0.0658322,"id":635,"palmNormal":[0.0332365,-0.9682,-0.247958],"palmPosition":[35.9423,321.003,1.89476],"palmVelocity":[-0.800244,49.6186,37.3113],"palmWidth":90.9658,"pinchStrength":0.529706,"r":[[0.724113,0.677016,0.131569],[-0.665676,0.735966,-0.123406],[-0.180379,0.00177753,0.983596]],"s":0.725256,"sphereCenter":[49.4886,277.92,-20.8459],"sphereRadius":45.1723,"stabilizedPalmPosition":[35.3464,316.771,-1.35486],"t":[17.6186,8.53227,-203.001],"timeVisible":8.21595,"type":"right","wrist":[28.9325,311.544,55.3043]}],"id":4223282,"interactionBox":{"center":[0,200,0],"size":[235.247,235.247,147.751]},"pointables":[{"bases":[[[0.409618,0.90054,0.145741],[-0.893553,0.363881,0.262969],[0.183782,-0.237944,0.953733]],[[0.340951,0.931072,-0.129834],[-0.938248,0.328405,-0.108813],[-0.0586743,0.158916,0.985547]],[[0.340951,0.931072,-0.129834],[-0.912946,0.294993,-0.281973],[-0.224238,0.21467,0.950597]],[[0.340951,0.931072,-0.129834],[-0.476262,0.0520029,-0.877764],[-0.81051,0.361109,0.461165]]],"btipPosition":[30.4474,277.523,-44.0589],"carpPosition":[0.912044,301.22,48.3167],"dipPosition":[11.4836,285.972,-33.2688],"direction":[0.224238,-0.21467,-0.950597],"extended":false,"handId":635,"id":6350,"length":52.1025,"mcpPosition":[0.912044,301.22,48.3167],"pipPosition":[3.84014,293.29,-0.866314],"stabilizedTipPosition":[25.3402,277.875,-46.2504],"timeVisible":8.21595,"tipPosition":[26.0232,280.164,-41.8127],"tipVelocity":[10.4717,3.79772,62.3389],"tool":false,"touchDistance":-0.172332,"touchZone":"touching","type":0,"width":20.2446},{"bases":[[[0.994664,0.00779893,0.102873],[-0.0183807,0.994582,0.102319],[-0.101518,-0.103664,0.989418]],[[0.983498,-0.000436208,0.180916],[0.0599453,0.944294,-0.323599],[-0.170697,0.329104,0.928737]],[[0.983498,-0.000436208,0.180916],[0.125629,0.721232,-0.681206],[-0.130185,0.692693,0.709386]],[[0.983498,-0.000436208,0.180916],[0.157985,0.489343,-0.857662],[-0.0881558,0.872091,0.481337]]],"btipPosition":[30.3028,284.376,-92.7133],"carpPosition":[10.853,322.521,45.3118],"dipPosition":[28.797,299.272,-84.4916],"direction":[0.130185,-0.692693,-0.709386],"extended":true,"handId":635,"id":6351,"length":58.7918,"mcpPosition":[18.3196,330.146,-27.4599],"pipPosition":[25.6512,316.01,-67.35],"stabilizedTipPosition":[28.3831,297.555,-105.749],"timeVisible":8.21595,"tipPosition":[30.3527,290.113,-92.0939],"tipVelocity":[-17.525,-137.428,150.882],"tool":false,"touchDistance":0.479513,"touchZone":"hovering","type":1,"width":19.3376},{"bases":[[[0.960266,-0.175945,0.216641],[0.147819,0.979065,0.139936],[-0.236727,-0.102352,0.96617]],[[0.957936,-0.176925,0.225957],[0.265173,0.244608,-0.932658],[0.109739,0.953344,0.281235]],[[0.957936,-0.176925,0.225957],[0.0377595,-0.702806,-0.710378],[0.284488,0.689029,-0.666563]],[[0.957936,-0.176925,0.225957],[-0.089809,-0.932621,-0.349503],[0.272568,0.314508,-0.90928]]],"btipPosition":[21.0091,260.073,1.24644],"carpPosition":[22.9941,324.37,46.156],"dipPosition":[26.1299,265.981,-15.8362],"direction":[-0.284488,-0.689029,0.666563],"extended":false,"handId":635,"id":6352,"length":66.9886,"mcpPosition":[39.5056,331.509,-21.2338],"pipPosition":[34.2175,285.57,-34.7858],"stabilizedTipPosition":[22.374,253.628,-6.86198],"timeVisible":8.21595,"tipPosition":[22.1995,261.856,-2.42746],"tipVelocity":[-14.4688,48.0229,48.338],"tool":false,"touchDistance":0.333333,"touchZone":"none","type":2,"width":18.9921},{"bases":[[[0.901069,-0.262391,0.34529],[0.208427,0.96023,0.185784],[-0.380306,-0.095437,0.919923]],[[0.909941,-0.260024,0.323103],[0.37528,0.184566,-0.90835],[0.176559,0.947799,0.265526]],[[0.909941,-0.260024,0.323103],[0.0353863,-0.727535,-0.685157],[0.413226,0.634886,-0.652812]],[[0.909941,-0.260024,0.323103],[-0.141291,-0.926804,-0.347954],[0.389929,0.270966,-0.880075]]],"btipPosition":[32.2591,264.181,13.1865],"carpPosition":[35.0572,323.185,48.1372],"dipPosition":[39.5426,269.242,-3.25248],"direction":[-0.413226,-0.634886,0.652812],"extended":false,"handId":635,"id":6353,"length":64.4113,"mcpPosition":[58.8733,329.161,-9.47142],"pipPosition":[50.9868,286.825,-21.3319],"stabilizedTipPosition":[34.1456,257.709,4.6449],"timeVisible":8.21595,"tipPosition":[33.8973,265.771,9.5933],"tipVelocity":[-15.5223,49.5527,52.0735],"tool":false,"touchDistance":0.333333,"touchZone":"none","type":3,"width":18.0722},{"bases":[[[0.804089,-0.426701,0.413965],[0.311615,0.8955,0.317766],[-0.506297,-0.126515,0.853028]],[[0.7867,-0.430695,0.442274],[0.560325,0.197463,-0.804391],[0.259114,0.880631,0.396672]],[[0.7867,-0.430695,0.442274],[0.057917,-0.661771,-0.747466],[0.614613,0.613646,-0.49567]],[[0.7867,-0.430695,0.442274],[-0.206342,-0.85867,-0.469157],[0.581831,0.277826,-0.764386]]],"btipPosition":[44.2904,274.38,10.9835],"carpPosition":[46.1442,314.963,51.5914],"dipPosition":[54.3166,279.168,-2.18859],"direction":[-0.614613,-0.613646,0.49567],"extended":false,"handId":635,"id":6354,"length":50.4973,"mcpPosition":[75.4941,322.297,2.14156],"pipPosition":[66.3345,291.167,-11.8807],"stabilizedTipPosition":[47.0054,268.216,2.70334],"timeVisible":8.21595,"tipPosition":[46.8406,275.639,8.16226],"tipVelocity":[-13.8896,46.9442,50.6759],"tool":false,"touchDistance":0.333333,"touchZone":"none","type":4,"width":16.0532}],"r":[[0.724113,0.677016,0.131569],[-0.665676,0.735966,-0.123406],[-0.180379,0.00177753,0.983596]],"s":0.725256,"t":[17.6186,8.53227,-203.001],"timestamp":523025582524},true],[5,{"currentFrameRate":110.511,"devices":[],"gestures":[],"hands":[{"armBasis":[[0.990987,0.0247307,-0.131657],[-0.00463708,0.988555,0.150789],[0.133879,-0.148819,0.97976]],"armWidth":63.703,"confidence":0.488182,"direction":[0.261523,0.247209,-0.933003],"elbow":[65.2323,271.656,319.975],"grabStrength":0.101059,"id":635,"palmNormal":[0.0316044,-0.968319,-0.247707],"palmPosition":[35.9979,321.259,2.08231],"palmVelocity":[1.11754,43.851,32.8021],"palmWidth":90.9658,"pinchStrength":0.53272,"r":[[0.725426,0.675698,0.131106],[-0.663955,0.737167,-0.125492],[-0.181441,0.00398671,0.983394]],"s":0.714872,"sphereCenter":[49.5882,278.13,-20.4966],"sphereRadius":44.9589,"stabilizedPalmPosition":[35.3847,317.035,-1.15249],"t":[17.6221,8.85433,-202.774],"timeVisible":8.22493,"type":"right","wrist":[29.0945,311.827,55.5102]}],"id":4223283,"interactionBox":{"center":[0,200,0],"size":[235.247,235.247,147.751]},"pointables":[{"bases":[[[0.410948,0.900127,0.144543],[-0.892565,0.364974,0.264804],[0.185603,-0.237835,0.953408]],[[0.341028,0.930581,-0.13311],[-0.938408,0.328626,-0.106754],[-0.0555995,0.161317,0.985335]],[[0.341028,0.930581,-0.13311],[-0.913056,0.294205,-0.282441],[-0.223673,0.217857,0.950005]],[[0.341028,0.930581,-0.13311],[-0.478622,0.0500115,-0.876596],[-0.809086,0.362653,0.462452]]],"btipPosition":[30.3766,277.57,-43.7875],"carpPosition":[1.04727,301.532,48.5875],"dipPosition":[11.4462,286.056,-32.9673],"direction":[0.223673,-0.217857,-0.950005],"extended":false,"handId":635,"id":6350,"length":52.1025,"mcpPosition":[1.04727,301.532,48.5875],"pipPosition":[3.82192,293.482,-0.584962],"stabilizedTipPosition":[25.3487,277.895,-46.1888],"timeVisible":8.22493,"tipPosition":[25.9565,280.245,-41.5371],"tipVelocity":[5.67364,4.44806,53.7367],"tool":false,"touchDistance":-0.167693,"touchZone":"touching","type":0,"width":20.2446},{"bases":[[[0.994895,0.00671376,0.100691],[-0.017038,0.994636,0.102028],[-0.0994661,-0.103222,0.989672]],[[0.984303,-0.0012421,0.176482],[0.0628225,0.936943,-0.34379],[-0.164926,0.349481,0.922314]],[[0.984303,-0.0012421,0.176482],[0.127403,0.696996,-0.705666],[-0.122131,0.717074,0.686214]],[[0.984303,-0.0012421,0.176482],[0.157855,0.453391,-0.877222],[-0.0789257,0.891311,0.446471]]],"btipPosition":[29.7043,282.85,-91.0588],"carpPosition":[11.0055,322.821,45.5537],"dipPosition":[28.3562,298.075,-83.4326],"direction":[0.122131,-0.717074,-0.686214],"extended":true,"handId":635,"id":6351,"length":58.7918,"mcpPosition":[18.3213,330.413,-27.2367],"pipPosition":[25.405,315.402,-66.851],"stabilizedTipPosition":[28.4016,297.35,-105.449],"timeVisible":8.22493,"tipPosition":[29.8183,288.697,-90.6601],"tipVelocity":[-29.8747,-143.989,155.813],"tool":false,"touchDistance":0.487659,"touchZone":"hovering","type":1,"width":19.3376},{"bases":[[[0.960539,-0.176954,0.214595],[0.149226,0.978944,0.139285],[-0.234724,-0.101766,0.96672]],[[0.9582,-0.17794,0.224032],[0.263492,0.243778,-0.933351],[0.111466,0.953368,0.280473]],[[0.9582,-0.17794,0.224032],[0.0355707,-0.702885,-0.710413],[0.283879,0.688687,-0.667175]],[[0.9582,-0.17794,0.224032],[-0.0914389,-0.932455,-0.349523],[0.271094,0.314428,-0.909749]]],"btipPosition":[20.9877,260.328,1.48563],"carpPosition":[23.1505,324.656,46.3707],"dipPosition":[26.0807,266.235,-15.6058],"direction":[-0.283879,-0.688687,0.667175],"extended":false,"handId":635,"id":6352,"length":66.9886,"mcpPosition":[39.5224,331.754,-21.0575],"pipPosition":[34.1511,285.814,-34.5728],"stabilizedTipPosition":[22.3717,253.717,-6.81318],"timeVisible":8.22493,"tipPosition":[22.175,262.11,-2.19513],"tipVelocity":[-11.3491,42.6336,42.3186],"tool":false,"touchDistance":0.333333,"touchZone":"none","type":2,"width":18.9921},{"bases":[[[0.901528,-0.263291,0.343403],[0.209913,0.960057,0.185007],[-0.378397,-0.0947043,0.920786]],[[0.910431,-0.260919,0.320992],[0.373379,0.184336,-0.90918],[0.178052,0.947598,0.265247]],[[0.910431,-0.260919,0.320992],[0.0335383,-0.726866,-0.68596],[0.412298,0.635285,-0.653011]],[[0.910431,-0.260919,0.320992],[-0.142472,-0.926289,-0.348841],[0.38835,0.271863,-0.880497]]],"btipPosition":[32.2875,264.39,13.3469],"carpPosition":[35.2166,323.458,48.3259],"dipPosition":[39.5415,269.468,-3.09989],"direction":[-0.412298,-0.635285,0.653011],"extended":false,"handId":635,"id":6353,"length":64.4113,"mcpPosition":[58.9131,329.389,-9.3368],"pipPosition":[50.9599,287.062,-21.1848],"stabilizedTipPosition":[34.1439,257.778,4.68824],"timeVisible":8.22493,"tipPosition":[33.9166,265.986,9.76428],"tipVelocity":[-10.6061,42.4438,42.6338],"tool":false,"touchDistance":0.333333,"touchZone":"none","type":3,"width":18.0722},{"bases":[[[0.804514,-0.427468,0.412345],[0.313317,0.895254,0.316784],[-0.504569,-0.125662,0.854178]],[[0.786314,-0.431614,0.442063],[0.561172,0.199634,-0.803263],[0.258449,0.879691,0.399185]],[[0.786314,-0.431614,0.442063],[0.0603476,-0.658435,-0.750215],[0.614873,0.616582,-0.49169]],[[0.786314,-0.431614,0.442063],[-0.204347,-0.85693,-0.473195],[0.583054,0.281745,-0.762015]]],"btipPosition":[44.3453,274.501,10.8764],"carpPosition":[46.302,315.225,51.7585],"dipPosition":[54.3926,279.356,-2.25476],"direction":[-0.614873,-0.616582,0.49169],"extended":false,"handId":635,"id":6354,"length":50.4973,"mcpPosition":[75.5517,322.51,2.24203],"pipPosition":[66.4156,291.413,-11.8691],"stabilizedTipPosition":[47.0025,268.278,2.74614],"timeVisible":8.22493,"tipPosition":[46.8701,275.807,8.14914],"tipVelocity":[-8.25739,38.2299,33.7992],"tool":false,"touchDistance":0.333333,"touchZone":"none","type":4,"width":16.0532}],"r":[[0.725426,0.675698,0.131106],[-0.663955,0.737167,-0.125492],[-0.181441,0.00398671,0.983394]],"s":0.714872,"t":[17.6221,8.85433,-202.774],"timestamp":523025591511},true],[6,{"currentFrameRate":110.533,"devices":[],"gestures":[],"hands":[{"armBasis":[[0.991155,0.0247952,-0.130372],[-0.00419401,0.987752,0.155973],[0.132643,-0.154047,0.97912]],"armWidth":63.703,"confidence":0.490768,"direction":[0.264033,0.246733,-0.932421],"elbow":[64.8206,270.665,320.145],"grabStrength":0.134315,"id":635,"palmNormal":[0.0299922,-0.96836,-0.24775],"palmPosition":[36.0533,321.67,2.44069],"palmVelocity":[2.50054,44.3293,34.7218],"palmWidth":90.9658,"pinchStrength":0.534894,"r":[[0.726717,0.674319,0.131059],[-0.662196,0.738417,-0.127423],[-0.1827,0.00581419,0.983152]],"s":0.70311,"sphereCenter":[49.6702,278.573,-19.9391],"sphereRadius":44.655,"stabilizedPalmPosition":[35.4224,317.296,-0.950085],"t":[17.6516,9.22069,-202.481],"timeVisible":8.23394,"type":"right","wrist":[29.0166,312.247,55.8529]}],"id":4223284,"interactionBox":{"center":[0,200,0],"size":[235.247,235.247,147.751]},"pointables":[{"bases":[[[0.412626,0.899203,0.145511],[-0.892315,0.366911,0.262964],[0.183069,-0.238347,0.95377]],[[0.342724,0.92978,-0.134348],[-0.937746,0.330018,-0.108257],[-0.0563182,0.163087,0.985003]],[[0.342724,0.92978,-0.134348],[-0.911817,0.294807,-0.285796],[-0.226121,0.22045,0.948826]],[[0.342724,0.92978,-0.134348],[-0.477282,0.0491543,-0.877374],[-0.809161,0.364819,0.460614]]],"btipPosition":[30.4117,277.826,-43.4053],"carpPosition":[0.961329,302.015,48.8699],"dipPosition":[11.4795,286.361,-32.6282],"direction":[0.226121,-0.22045,-0.948826],"extended":false,"handId":635,"id":6350,"length":52.1025,"mcpPosition":[0.961329,302.015,48.8699],"pipPosition":[3.77185,293.876,-0.286008],"stabilizedTipPosition":[25.355,277.912,-46.1423],"timeVisible":8.23394,"tipPosition":[26.0052,280.532,-41.1637],"tipVelocity":[5.1733,11.3693,50.3271],"tool":false,"touchDistance":-0.161489,"touchZone":"touching","type":0,"width":20.2446},{"bases":[[[0.994693,0.00450986,0.102789],[-0.0150609,0.99466,0.102104],[-0.101779,-0.10311,0.989449]],[[0.984266,-0.00323168,0.176666],[0.0680344,0.929678,-0.362037],[-0.163072,0.36836,0.91527]],[[0.984266,-0.00323168,0.176666],[0.134412,0.662688,-0.736734],[-0.114693,0.748888,0.652696]],[[0.984266,-0.00323168,0.176666],[0.163417,0.396918,-0.903189],[-0.067203,0.917848,0.391201]]],"btipPosition":[29.3822,281.27,-88.68],"carpPosition":[10.9729,323.282,45.8595],"dipPosition":[28.2343,296.948,-81.9979],"direction":[0.114693,-0.748888,-0.652696],"extended":true,"handId":635,"id":6351,"length":58.7918,"mcpPosition":[18.4587,330.866,-26.9145],"pipPosition":[25.4628,315.044,-66.2262],"stabilizedTipPosition":[28.4152,297.112,-105.1],"timeVisible":8.23394,"tipPosition":[29.5766,287.28,-88.6644],"tipVelocity":[-30.0878,-149.45,178.943],"tool":false,"touchDistance":0.504651,"touchZone":"hovering","type":1,"width":19.3376},{"bases":[[[0.959693,-0.179094,0.216599],[0.15109,0.978597,0.13971],[-0.236985,-0.101353,0.966212]],[[0.957292,-0.180092,0.226185],[0.266097,0.242844,-0.932855],[0.113072,0.953202,0.280395]],[[0.957292,-0.180092,0.226185],[0.0356562,-0.702803,-0.710491],[0.286917,0.688212,-0.666366]],[[0.957292,-0.180092,0.226185],[-0.0925807,-0.932057,-0.350284],[0.273901,0.314384,-0.908923]]],"btipPosition":[20.8986,260.756,1.81794],"carpPosition":[23.1201,325.09,46.7023],"dipPosition":[26.0443,266.662,-15.258],"direction":[-0.286917,-0.688212,0.666366],"extended":false,"handId":635,"id":6352,"length":66.9886,"mcpPosition":[39.6497,332.159,-20.6904],"pipPosition":[34.201,286.227,-34.202],"stabilizedTipPosition":[22.3686,253.806,-6.76341],"timeVisible":8.23394,"tipPosition":[22.1022,262.534,-1.86975],"tipVelocity":[-10.5805,43.9606,40.9373],"tool":false,"touchDistance":0.333333,"touchZone":"none","type":2,"width":18.9921},{"bases":[[[0.90022,-0.265315,0.345272],[0.211638,0.959572,0.185558],[-0.380545,-0.0939701,0.919976]],[[0.909217,-0.262948,0.322774],[0.375573,0.183518,-0.908442],[0.179638,0.947195,0.265614]],[[0.909217,-0.262948,0.322774],[0.0335257,-0.726535,-0.686311],[0.414971,0.634827,-0.651762]],[[0.909217,-0.262948,0.322774],[-0.143491,-0.925717,-0.349941],[0.390814,0.271857,-0.879408]]],"btipPosition":[32.1939,264.782,13.6832],"carpPosition":[35.1794,323.865,48.6827],"dipPosition":[39.4939,269.86,-2.74323],"direction":[-0.414971,-0.634827,0.651762],"extended":false,"handId":635,"id":6353,"length":64.4113,"mcpPosition":[59.0104,329.75,-8.92918],"pipPosition":[50.9864,287.441,-20.7935],"stabilizedTipPosition":[34.1416,257.848,4.73254],"timeVisible":8.23394,"tipPosition":[33.835,266.378,10.1033],"tipVelocity":[-10.2254,42.7431,41.3221],"tool":false,"touchDistance":0.333333,"touchZone":"none","type":3,"width":18.0722},{"bases":[[[0.802699,-0.429285,0.413991],[0.314621,0.894527,0.317545],[-0.506644,-0.124643,0.853098]],[[0.783859,-0.43351,0.444561],[0.565374,0.202252,-0.799654],[0.256745,0.878159,0.403632]],[[0.783859,-0.43351,0.444561],[0.0649944,-0.654735,-0.753059],[0.617528,0.619186,-0.485044]],[[0.783859,-0.43351,0.444561],[-0.20159,-0.854836,-0.47814],[0.587305,0.285175,-0.757461]]],"btipPosition":[44.338,274.769,10.9527],"carpPosition":[46.2393,315.607,52.1378],"dipPosition":[54.4585,279.683,-2.10005],"direction":[-0.617528,-0.619186,0.485044],"extended":false,"handId":635,"id":6354,"length":50.4973,"mcpPosition":[75.6093,322.833,2.68392],"pipPosition":[66.5334,291.79,-11.5844],"stabilizedTipPosition":[46.9997,268.342,2.78992],"timeVisible":8.23394,"tipPosition":[46.8402,276.113,8.32214],"tipVelocity":[-5.69739,36.3025,27.3885],"tool":false,"touchDistance":0.333333,"touchZone":"none","type":4,"width":16.0532}],"r":[[0.726717,0.674319,0.131059],[-0.662196,0.738417,-0.127423],[-0.1827,0.00581419,0.983152]],"s":0.70311,"t":[17.6516,9.22069,-202.481],"timestamp":523025600518},true],[7,{"currentFrameRate":110.524,"devices":[],"gestures":[],"