{"sensorType":"Leap","data":[[0,{"currentFrameRate":102.708,"devices":[],"gestures":[],"hands":[{"armBasis":[[0.977896,-0.198059,-0.0670224],[0.208798,0.941977,0.262835],[0.0110766,-0.27102,0.96251]],"armWidth":63.703,"confidence":0.627803,"direction":[0.268009,0.189254,-0.944645],"elbow":[29.5557,216.861,352.457],"grabStrength":0,"id":637,"palmNormal":[-0.212586,-0.94473,-0.249585],"palmPosition":[32.9553,298.194,38.9508],"palmVelocity":[67.5787,7.91734,-293.861],"palmWidth":90.9658,"pinchStrength":0.816477,"r":[[0.938291,0.340715,0.0593595],[-0.334465,0.937616,-0.0949168],[-0.087996,0.0692059,0.993714]],"s":0.988422,"sphereCenter":[38.932,254.129,14.4334],"sphereRadius":46.9883,"stabilizedPalmPosition":[15.8223,297.742,112.205],"t":[16.6789,0.419768,-71.3254],"timeVisible":0.189697,"type":"right","wrist":[26.5658,290.017,92.6489]}],"id":4224440,"interactionBox":{"center":[0,200,0],"size":[235.247,235.247,147.751]},"pointables":[{"bases":[[[0.62056,0.774196,0.124601],[-0.765763,0.564088,0.308887],[0.168854,-0.287098,0.942902]],[[0.525883,0.825692,-0.204156],[-0.850555,0.509972,-0.128394],[-0.0018998,0.241166,0.970482]],[[0.525883,0.825692,-0.204156],[-0.836017,0.457591,-0.302796],[-0.156596,0.329913,0.930932]],[[0.525883,0.825692,-0.204156],[-0.723387,0.307928,-0.617974],[-0.447391,0.472665,0.759229]]],"btipPosition":[12.473,252.459,-10.8113],"carpPosition":[-3.42743,286.799,87.1162],"dipPosition":[2.0052,263.518,6.9527],"direction":[0.156596,-0.329913,-0.930932],"extended":false,"handId":637,"id":6370,"length":52.1025,"mcpPosition":[-3.42743,286.799,87.1162],"pipPosition":[-3.33262,274.763,38.6849],"stabilizedTipPosition":[-12.6472,263.21,52.7756],"timeVisible":0.189697,"tipPosition":[11.1175,254.309,-6.38347],"tipVelocity":[92.1733,1.31015,-291.17],"tool":false,"touchDistance":0.102727,"touchZone":"hovering","type":0,"width":20.2446},{"bases":[[[0.971329,-0.232133,0.0513329],[0.226022,0.968621,0.103379],[-0.0737199,-0.0888131,0.993316]],[[0.943004,-0.244176,0.226101],[0.28197,0.947114,-0.153191],[-0.176738,0.208214,0.961983]],[[0.943004,-0.244176,0.226101],[0.300428,0.916878,-0.262827],[-0.143131,0.315773,0.937977]],[[0.943004,-0.244176,0.226101],[0.311446,0.886921,-0.341134],[-0.117237,0.392109,0.912418]]],"btipPosition":[29.6463,288.393,-69.02],"carpPosition":[11.172,305.132,83.6068],"dipPosition":[27.6438,295.091,-53.4349],"direction":[0.143131,-0.315773,-0.937977],"extended":true,"handId":637,"id":6371,"length":58.7918,"mcpPosition":[16.5941,311.664,10.5484],"pipPosition":[24.1852,302.721,-30.7697],"stabilizedTipPosition":[5.75323,301.352,3.48652],"timeVisible":0.189697,"tipPosition":[29.2759,289.483,-65.2879],"tipVelocity":[85.1938,-8.13023,-300.417],"tool":false,"touchDistance":-0.197466,"touchZone":"hovering","type":1,"width":19.3376},{"bases":[[[0.89958,-0.4037,0.166681],[0.385309,0.913247,0.132353],[-0.205651,-0.0548381,0.977088]],[[0.896599,-0.404431,0.180403],[0.351716,0.402801,-0.845013],[0.269083,0.821089,0.503395]],[[0.896599,-0.404431,0.180403],[-0.149809,-0.660359,-0.735855],[0.416733,0.632741,-0.652665]],[[0.896599,-0.404431,0.180403],[-0.365725,-0.905946,-0.213323],[0.24971,0.125287,-0.960181]]],"btipPosition":[8.26761,247.923,28.0076],"carpPosition":[23.4285,304.006,83.8229],"dipPosition":[12.9589,250.277,9.9687],"direction":[-0.416733,-0.632741,0.652665],"extended":false,"handId":637,"id":6372,"length":66.9886,"mcpPosition":[37.7726,307.831,15.6716],"pipPosition":[24.8061,268.265,-8.58581],"stabilizedTipPosition":[-18.2673,259.116,84.944],"timeVisible":0.189697,"tipPosition":[9.33886,248.601,24.2505],"tipVelocity":[129.914,-31.4155,-246.553],"tool":false,"touchDistance":0.333333,"touchZone":"none","type":2,"width":18.9921},{"bases":[[[0.827889,-0.475057,0.298196],[0.441844,0.879857,0.175003],[-0.345506,-0.013127,0.938325]],[[0.825047,-0.475149,0.305829],[0.467417,0.269748,-0.841877],[0.31752,0.837538,0.444648]],[[0.825047,-0.475149,0.305829],[-0.159112,-0.714681,-0.681113],[0.5422,0.513289,-0.665247]],[[0.825047,-0.475149,0.305829],[-0.434537,-0.879483,-0.194134],[0.361214,0.0272755,-0.932084]]],"btipPosition":[20.629,248.626,42.3895],"carpPosition":[34.9383,299.939,85.1777],"dipPosition":[27.3761,249.135,24.9791],"direction":[-0.5422,-0.513289,0.665247],"extended":false,"handId":637,"id":6373,"length":64.4113,"mcpPosition":[56.575,300.761,26.4167],"pipPosition":[42.3921,263.35,6.55534],"stabilizedTipPosition":[-4.97244,253.585,91.4053],"timeVisible":0.189697,"tipPosition":[22.4041,248.615,37.4993],"tipVelocity":[119.223,4.32642,-204.098],"tool":false,"touchDistance":0.333333,"touchZone":"none","type":3,"width":18.0722},{"bases":[[[0.697874,-0.612188,0.37175],[0.53296,0.790618,0.30146],[-0.478462,-0.0122528,0.878023]],[[0.717417,-0.611127,0.33442],[0.582954,0.263816,-0.768482],[0.381415,0.746274,0.545525]],[[0.717417,-0.611127,0.33442],[-0.187745,-0.631892,-0.751974],[0.670869,0.476693,-0.568065]],[[0.717417,-0.611127,0.33442],[-0.529737,-0.790325,-0.307838],[0.452429,0.0436932,-0.89073]]],"btipPosition":[37.2258,253.513,44.3263],"carpPosition":[43.8866,289.257,88.0523],"dipPosition":[45.0221,254.266,28.977],"direction":[-0.670869,-0.476693,0.568065],"extended":false,"handId":637,"id":6374,"length":50.4973,"mcpPosition":[71.623,289.967,37.1535],"pipPosition":[58.14,263.587,17.8693],"stabilizedTipPosition":[12.265,252.798,98.3417],"timeVisible":0.189697,"tipPosition":[39.571,253.59,40.5238],"tipVelocity":[108.505,23.8661,-249.158],"tool":false,"touchDistance":0.333333,"touchZone":"none","type":4,"width":16.0532}],"r":[[0.938291,0.340715,0.0593595],[-0.334465,0.937616,-0.0949168],[-0.087996,0.0692059,0.993714]],"s":0.988422,"t":[16.6789,0.419768,-71.3254],"timestamp":523037986652},false],[1,{"currentFrameRate":103.045,"devices":[],"gestures":[],"hands":[{"armBasis":[[0.979269,-0.19281,-0.062107],[0.202428,0.94278,0.264931],[0.00747195,-0.272011,0.962265]],"armWidth":63.703,"confidence":0.649237,"direction":[0.267517,0.188598,-0.944916],"elbow":[29.1944,216.561,350.336],"grabStrength":0,"id":637,"palmNormal":[-0.207379,-0.946406,-0.247607],"palmPosition":[33.5531,298.077,36.8812],"palmVelocity":[67.1238,2.18747,-275.741],"palmWidth":90.9658,"pinchStrength":0.795667,"r":[[0.934458,0.35117,0.0588808],[-0.344601,0.933539,-0.0987709],[-0.0896529,0.0720069,0.993367]],"s":0.994972,"sphereCenter":[39.7904,254.092,12.4406],"sphereRadius":47.101,"stabilizedPalmPosition":[15.8242,297.742,112.196],"t":[17.264,0.375933,-73.6013],"timeVisible":0.198763,"type":"right","wrist":[27.1776,289.985,90.5938]}],"id":4224441,"interactionBox":{"center":[0,200,0],"size":[235.247,235.247,147.751]},"pointables":[{"bases":[[[0.616332,0.777786,0.123223],[-0.768948,0.560656,0.30722],[0.169865,-0.284101,0.943627]],[[0.522396,0.82804,-0.203601],[-0.852703,0.507548,-0.123666],[0.000936575,0.238213,0.971212]],[[0.522396,0.82804,-0.203601],[-0.837835,0.454046,-0.303109],[-0.158542,0.328926,0.930952]],[[0.522396,0.82804,-0.203601],[-0.722582,0.303099,-0.621294],[-0.452744,0.471679,0.756664]]],"btipPosition":[13.1555,252.458,-12.8526],"carpPosition":[-2.79488,286.594,85.0519],"dipPosition":[2.56252,263.494,4.85133],"direction":[0.158542,-0.328926,-0.930952],"extended":false,"handId":637,"id":6370,"length":52.1025,"mcpPosition":[-2.79488,286.594,85.0519],"pipPosition":[-2.84162,274.706,36.5842],"stabilizedTipPosition":[-12.5999,263.194,52.6509],"timeVisible":0.198763,"tipPosition":[11.7489,254.262,-8.44118],"tipVelocity":[86.6304,0.76998,-273.355],"tool":false,"touchDistance":0.0684743,"touchZone":"hovering","type":0,"width":20.2446},{"bases":[[[0.97253,-0.226807,0.0523761],[0.220769,0.970045,0.101357],[-0.0737955,-0.0870094,0.99347]],[[0.944702,-0.238516,0.225053],[0.275058,0.950003,-0.147775],[-0.178554,0.201505,0.963075]],[[0.944702,-0.238516,0.225053],[0.294095,0.919827,-0.259667],[-0.145075,0.311495,0.939108]],[[0.944702,-0.238516,0.225053],[0.305523,0.889496,-0.339784],[-0.11914,0.389753,0.91318]]],"btipPosition":[30.3454,288.558,-71.2155],"carpPosition":[11.708,304.998,81.5099],"dipPosition":[28.3103,295.216,-55.6174],"direction":[0.145075,-0.311495,-0.939108],"extended":true,"handId":637,"id":6371,"length":58.7918,"mcpPosition":[17.1357,311.397,8.44016],"pipPosition":[24.8048,302.743,-32.9248],"stabilizedTipPosition":[5.77634,301.341,3.41837],"timeVisible":0.198763,"tipPosition":[29.9585,289.504,-67.4406],"tipVelocity":[82.7319,-1.1462,-284.233],"tool":false,"touchDistance":-0.234008,"touchZone":"hovering","type":1,"width":19.3376},{"bases":[[[0.901638,-0.398501,0.168065],[0.380335,0.91559,0.130539],[-0.205898,-0.0537782,0.977095]],[[0.898452,-0.399262,0.182686],[0.347544,0.392416,-0.8516],[0.268322,0.828613,0.491328]],[[0.898452,-0.399262,0.182686],[-0.150013,-0.670168,-0.726891],[0.41265,0.625671,-0.662009]],[[0.898452,-0.399262,0.182686],[-0.36241,-0.909238,-0.204807],[0.247876,0.117802,-0.961603]]],"btipPosition":[9.01377,247.76,26.7932],"carpPosition":[23.9703,303.938,81.7351],"dipPosition":[13.6706,249.973,8.72758],"direction":[-0.41265,-0.625671,0.662009],"extended":false,"handId":637,"id":6372,"length":66.9886,"mcpPosition":[38.3316,307.689,13.5834],"pipPosition":[25.4018,267.76,-10.0925],"stabilizedTipPosition":[-18.0776,259.044,84.5271],"timeVisible":0.198763,"tipPosition":[10.127,248.373,22.719],"tipVelocity":[116.518,-28.6895,-215.63],"tool":false,"touchDistance":0.333333,"touchZone":"none","type":2,"width":18.9921},{"bases":[[[0.830257,-0.469951,0.299698],[0.437023,0.882598,0.173294],[-0.345953,-0.0129035,0.938163]],[[0.827179,-0.470046,0.307947],[0.464234,0.262817,-0.845821],[0.316641,0.842605,0.435608]],[[0.827179,-0.470046,0.307947],[-0.158707,-0.721114,-0.674393],[0.539061,0.508971,-0.67109]],[[0.827179,-0.470046,0.307947],[-0.431264,-0.882342,-0.188372],[0.360258,0.0230103,-0.932569]]],"btipPosition":[21.3636,248.581,40.9018],"carpPosition":[35.5009,299.936,83.1053],"dipPosition":[28.0929,249.011,23.4823],"direction":[-0.539061,-0.508971,0.67109],"extended":false,"handId":637,"id":6373,"length":64.4113,"mcpPosition":[57.1656,300.744,24.3544],"pipPosition":[43.022,263.107,4.89676],"stabilizedTipPosition":[-4.74995,253.546,90.9704],"timeVisible":0.198763,"tipPosition":[23.1601,248.533,35.94],"tipVelocity":[108.546,1.21771,-193.109],"tool":false,"touchDistance":0.333333,"touchZone":"none","type":3,"width":18.0722},{"bases":[[[0.700939,-0.607613,0.373486],[0.528546,0.794129,0.299998],[-0.478878,-0.0128756,0.877787]],[[0.717984,-0.606736,0.341132],[0.581664,0.253802,-0.772821],[0.382318,0.753297,0.535142]],[[0.717984,-0.606736,0.341132],[-0.186986,-0.6402,-0.745104],[0.670474,0.471185,-0.573105]],[[0.717984,-0.606736,0.341132],[-0.526641,-0.793975,-0.303733],[0.455136,0.0384214,-0.889593]]],"btipPosition":[37.7972,253.55,42.742],"carpPosition":[44.5048,289.308,86.0083],"dipPosition":[45.6402,254.212,27.4123],"direction":[-0.670474,-0.471185,0.573105],"extended":false,"handId":637,"id":6374,"length":50.4973,"mcpPosition":[72.2652,290.054,35.1232],"pipPosition":[58.7504,263.426,16.2061],"stabilizedTipPosition":[12.3643,252.801,98.1269],"timeVisible":0.198763,"tipPosition":[40.1864,253.594,38.835],"tipVelocity":[96.2687,17.7788,-228.462],"tool":false,"touchDistance":0.333333,"touchZone":"none","type":4,"width":16.0532}],"r":[[0.934458,0.35117,0.0588808],[-0.344601,0.933539,-0.0987709],[-0.0896529,0.0720069,0.993367]],"s":0.994972,"t":[17.264,0.375933,-73.6013],"timestamp":523037995718},false],[2,{"currentFrameRate":103.385,"devices":[],"gestures":[],"hands":[{"armBasis":[[0.981962,-0.181168,-0.0541268],[0.189047,0.946133,0.262856],[0.00359005,-0.268347,0.963316]],"armWidth":63.703,"confidence":0.657726,"direction":[0.263907,0.194174,-0.944801],"elbow":[28.9473,217.495,348.564],"grabStrength":0,"id":637,"palmNormal":[-0.192958,-0.949099,-0.248956],"palmPosition":[34.1901,298.203,34.834],"palmVelocity":[68.0646,5.43179,-262.242],"palmWidth":90.9658,"pinchStrength":0.778377,"r":[[0.930207,0.362351,0.0584455],[-0.355553,0.929128,-0.101507],[-0.0910846,0.0736423,0.993117]],"s":1.00236,"sphereCenter":[41.0302,254.511,10.2866],"sphereRadius":47.21,"stabilizedPalmPosition":[15.826,297.742,112.189],"t":[17.875,0.417089,-75.763],"timeVisible":0.207793,"type":"right","wrist":[27.9782,289.93,88.5381]}],"id":4224442,"interactionBox":{"center":[0,200,0],"size":[235.247,235.247,147.751]},"pointables":[{"bases":[[[0.60437,0.786991,0.124024],[-0.777271,0.548266,0.308633],[0.174893,-0.282929,0.943061]],[[0.509976,0.836303,-0.201299],[-0.860181,0.496791,-0.115268],[0.00360435,0.231938,0.972724]],[[0.509976,0.836303,-0.201299],[-0.844797,0.442872,-0.300303],[-0.161995,0.323204,0.932361]],[[0.509976,0.836303,-0.201299],[-0.725315,0.292267,-0.623296],[-0.462432,0.463871,0.755632]]],"btipPosition":[14.2192,252.641,-14.9923],"carpPosition":[-1.9424,286.086,83.0115],"dipPosition":[3.39957,263.495,2.68751],"direction":[0.161995,-0.323204,-0.932361],"extended":false,"handId":637,"id":6370,"length":52.1025,"mcpPosition":[-1.9424,286.086,83.0115],"pipPosition":[-2.12227,274.512,34.4684],"stabilizedTipPosition":[-12.5575,263.18,52.54],"timeVisible":0.207793,"tipPosition":[12.7728,254.39,-10.5993],"tipVelocity":[93.6227,4.86486,-263.5],"tool":false,"touchDistance":0.0327205,"touchZone":"hovering","type":0,"width":20.2446},{"bases":[[[0.975945,-0.211885,0.0513483],[0.205878,0.97317,0.102733],[-0.0717383,-0.0896906,0.993383]],[[0.948963,-0.224175,0.221843],[0.25832,0.956018,-0.138927],[-0.180942,0.189143,0.965135]],[[0.948963,-0.224175,0.221843],[0.278062,0.926623,-0.253083],[-0.14883,0.301853,0.941666]],[[0.948963,-0.224175,0.221843],[0.290095,0.896421,-0.335072],[-0.12375,0.382327,0.915703]]],"btipPosition":[31.031,289.365,-73.4237],"carpPosition":[12.2729,304.717,79.4885],"dipPosition":[28.9172,295.896,-57.7826],"direction":[0.14883,-0.301853,-0.941666],"extended":true,"handId":637,"id":6371,"length":58.7918,"mcpPosition":[17.5492,311.314,6.42526],"pipPosition":[25.3209,303.19,-35.0282],"stabilizedTipPosition":[5.79622,301.333,3.35959],"timeVisible":0.207793,"tipPosition":[30.6271,290.158,-69.6055],"tipVelocity":[80.3049,22.8903,-273.003],"tool":false,"touchDistance":-0.270647,"touchZone":"hovering","type":1,"width":19.3376},{"bases":[[[0.907787,-0.384831,0.166815],[0.366284,0.921133,0.13172],[-0.204349,-0.0584721,0.97715]],[[0.904522,-0.385688,0.181891],[0.338595,0.390312,-0.85616],[0.259217,0.836003,0.483638]],[[0.904522,-0.385688,0.181891],[-0.143728,-0.677333,-0.7215],[0.401475,0.62647,-0.668097]],[[0.904522,-0.385688,0.181891],[-0.349872,-0.915087,-0.200511],[0.243781,0.117728,-0.962658]]],"btipPosition":[10.3189,247.618,25.3213],"carpPosition":[24.5501,303.846,79.7037],"dipPosition":[14.8989,249.829,7.23588],"direction":[-0.401475,-0.62647,0.668097],"extended":false,"handId":637,"id":6372,"length":66.9886,"mcpPosition":[38.8033,307.924,11.548],"pipPosition":[26.3123,267.639,-11.7573],"stabilizedTipPosition":[-17.8729,258.968,84.0866],"timeVisible":0.207793,"tipPosition":[11.4488,248.204,21.0122],"tipVelocity":[123.694,-25.1409,-201.276],"tool":false,"touchDistance":0.333333,"touchZone":"none","type":2,"width":18.9921},{"bases":[[[0.837609,-0.457578,0.298385],[0.423504,0.888951,0.174384],[-0.345044,-0.0196982,0.93838]],[[0.834181,-0.457749,0.307583],[0.453946,0.25321,-0.854293],[0.313169,0.852262,0.419017]],[[0.834181,-0.457749,0.307583],[-0.158044,-0.732761,-0.661879],[0.52836,0.503515,-0.6836]],[[0.834181,-0.457749,0.307583],[-0.422219,-0.88889,-0.177778],[0.354786,0.0184311,-0.934766]]],"btipPosition":[22.5015,248.896,39.9711],"carpPosition":[36.142,300.02,81.0595],"dipPosition":[29.1285,249.24,22.5106],"direction":[-0.52836,-0.503515,0.6836],"extended":false,"handId":637,"id":6373,"length":64.4113,"mcpPosition":[57.7498,301.253,22.2951],"pipPosition":[43.7613,263.185,3.57856],"stabilizedTipPosition":[-4.5114,253.508,90.5143],"timeVisible":0.207793,"tipPosition":[24.3422,248.771,34.7567],"tipVelocity":[112.638,9.86844,-168.604],"tool":false,"touchDistance":0.333333,"touchZone":"none","type":3,"width":18.0722},{"bases":[[[0.710478,-0.597331,0.372044],[0.516469,0.801703,0.300885],[-0.477997,-0.0216227,0.878095]],[[0.725651,-0.596311,0.343284],[0.5773,0.256192,-0.7753],[0.374373,0.760775,0.530157]],[[0.725651,-0.596311,0.343284],[-0.17925,-0.64552,-0.742411],[0.664304,0.477197,-0.575311]],[[0.725651,-0.596311,0.343284],[-0.515247,-0.80159,-0.303271],[0.456017,0.043193,-0.888922]]],"btipPosition":[38.9382,253.812,40.8632],"carpPosition":[45.3105,289.527,83.9396],"dipPosition":[46.7964,254.556,25.5451],"direction":[-0.664304,-0.477197,0.575311],"extended":false,"handId":637,"id":6374,"length":50.4973,"mcpPosition":[73.0199,290.78,33.0367],"pipPosition":[59.7859,263.887,14.2958],"stabilizedTipPosition":[12.4609,252.805,97.92],"timeVisible":0.207793,"tipPosition":[41.3473,253.876,36.901],"tipVelocity":[104.659,21.4459,-222.762],"tool":false,"touchDistance":0.333333,"touchZone":"none","type":4,"width":16.0532}],"r":[[0.930207,0.362351,0.0584455],[-0.355553,0.929128,-0.101507],[-0.0910846,0.0736423,0.993117]],"s":1.00236,"t":[17.875,0.417089,-75.763],"timestamp":523038004748},false],[3,{"currentFrameRate":103.687,"devices":[],"gestures":[],"hands":[{"armBasis":[[0.983555,-0.173992,-0.0484479],[0.180611,0.946842,0.266215],[-0.000446882,-0.270587,0.962695]],"armWidth":63.703,"confidence":0.673471,"direction":[0.261957,0.192103,-0.945767],"elbow":[28.6487,217.146,345.85],"grabStrength":0,"id":637,"palmNormal":[-0.186572,-0.951421,-0.244928],"palmPosition":[34.8897,298.28,32.2501],"palmVelocity":[70.5602,6.26413,-268.459],"palmWidth":90.9658,"pinchStrength":0.76271,"r":[[0.926207,0.372583,0.057649],[-0.365564,0.924912,-0.104407],[-0.0922204,0.0756278,0.992862]],"s":1.01015,"sphereCenter":[41.8879,254.717,7.83024],"sphereRadius":47.2837,"stabilizedPalmPosition":[15.8277,297.742,112.182],"t":[18.5303,0.475972,-78.1357],"timeVisible":0.216868,"type":"right","wrist":[28.7694,290.185,85.9919]}],"id":4224443,"interactionBox":{"center":[0,200,0],"size":[235.247,235.247,147.751]},"pointables":[{"bases":[[[0.599011,0.791639,0.120388],[-0.780833,0.544162,0.306899],[0.177443,-0.277839,0.944097]],[[0.504676,0.83897,-0.203546],[-0.863276,0.492474,-0.110559],[0.00748573,0.231513,0.972803]],[[0.504676,0.83897,-0.203546],[-0.847608,0.436766,-0.301324],[-0.1639,0.324598,0.931543]],[[0.504676,0.83897,-0.203546],[-0.726321,0.285181,-0.625404],[-0.466647,0.463466,0.753286]]],"btipPosition":[15.0039,252.651,-17.4239],"carpPosition":[-1.12758,286.112,80.5011],"dipPosition":[4.08561,263.494,0.201028],"direction":[0.1639,-0.324598,-0.931543],"extended":false,"handId":637,"id":6370,"length":52.1025,"mcpPosition":[-1.12758,286.112,80.5011],"pipPosition":[-1.50115,274.559,31.9541],"stabilizedTipPosition":[-12.5575,263.18,52.54],"timeVisible":0.216868,"tipPosition":[13.5264,254.38,-13.0481],"tipVelocity":[90.9526,3.73485,-265.113],"tool":false,"touchDistance":-0.0580162,"touchZone":"hovering","type":0,"width":20.2446},{"bases":[[[0.977414,-0.204944,0.0515651],[0.199231,0.974979,0.0985998],[-0.0704823,-0.0860994,0.99379]],[[0.951136,-0.216612,0.220045],[0.249789,0.958709,-0.135949],[-0.181511,0.184271,0.96597]],[[0.951136,-0.216612,0.220045],[0.270031,0.929139,-0.252553],[-0.149746,0.299631,0.94223]],[[0.951136,-0.216612,0.220045],[0.282435,0.898333,-0.336493],[-0.124785,0.382199,0.915616]]],"btipPosition":[31.6867,289.475,-76.0981],"carpPosition":[12.9567,304.826,76.8922],"dipPosition":[29.5552,296.004,-60.4584],"direction":[0.149746,-0.299631,-0.94223],"extended":true,"handId":637,"id":6371,"length":58.7918,"mcpPosition":[18.1407,311.158,3.79892],"pipPosition":[25.9367,303.244,-37.6904],"stabilizedTipPosition":[5.81322,301.326,3.30883],"timeVisible":0.216868,"tipPosition":[31.2816,290.173,-72.2524],"tipVelocity":[77.955,19.8948,-279.011],"tool":false,"touchDistance":-0.312036,"touchZone":"hovering","type":1,"width":19.3376},{"bases":[[[0.910525,-0.377879,0.167786],[0.360011,0.924168,0.127692],[-0.203315,-0.0558623,0.977518]],[[0.907156,-0.378724,0.183401],[0.333472,0.38121,-0.86225],[0.256641,0.843354,0.472111]],[[0.907156,-0.378724,0.183401],[-0.142486,-0.686561,-0.712973],[0.395937,0.620646,-0.676781]],[[0.907156,-0.378724,0.183401],[-0.344825,-0.918855,-0.191836],[0.241172,0.110784,-0.964138]]],"btipPosition":[11.2671,247.572,23.5248],"carpPosition":[25.2398,304.04,77.1027],"dipPosition":[15.798,249.653,5.41156],"direction":[-0.395937,-0.620646,0.676781],"extended":false,"handId":637,"id":6372,"length":66.9886,"mcpPosition":[39.4209,307.936,8.92133],"pipPosition":[27.054,267.297,-13.8285],"stabilizedTipPosition":[-17.6609,258.891,83.632],"timeVisible":0.216868,"tipPosition":[12.4135,248.106,19.0289],"tipVelocity":[118.038,-20.4996,-200.555],"tool":false,"touchDistance":0.333333,"touchZone":"none","type":2,"width":18.9921},{"bases":[[[0.840934,-0.450566,0.299701],[0.417479,0.892557,0.17045],[-0.344299,-0.0182182,0.938683]],[[0.837078,-0.45074,0.310054],[0.446986,0.236705,-0.862655],[0.315442,0.8607,0.399615]],[[0.837078,-0.45074,0.310054],[-0.161128,-0.744724,-0.647629],[0.522817,0.492158,-0.696019]],[[0.837078,-0.45074,0.310054],[-0.419312,-0.892614,-0.165585],[0.351394,0.00859795,-0.936188]]],"btipPosition":[23.2868,249.204,38.5962],"carpPosition":[36.8586,300.299,78.4665],"dipPosition":[29.8505,249.365,21.1091],"direction":[-0.522817,-0.492158,0.696019],"extended":false,"handId":637,"id":6373,"length":64.4113,"mcpPosition":[58.4198,301.44,19.683],"pipPosition":[44.3297,262.995,1.83315],"stabilizedTipPosition":[-4.26432,253.472,90.0427],"timeVisible":0.216868,"tipPosition":[25.1599,249.001,33.2341],"tipVelocity":[104.975,15.2552,-164.061],"tool":false,"touchDistance":0.333333,"touchZone":"none","type":3,"width":18.0722},{"bases":[[[0.714816,-0.590888,0.374018],[0.511124,0.806472,0.297246],[-0.477274,-0.0213064,0.878496]],[[0.727763,-0.590071,0.349539],[0.573418,0.243928,-0.782107],[0.376236,0.76962,0.515879]],[[0.727763,-0.590071,0.349539],[-0.180532,-0.656508,-0.732397],[0.661642,0.469909,-0.584308]],[[0.727763,-0.590071,0.349539],[-0.512333,-0.806569,-0.294891],[0.455935,0.0355304,-0.889304]]],"btipPosition":[39.6745,254.111,38.9711],"carpPosition":[46.1011,289.882,81.3835],"dipPosition":[47.5312,254.723,23.6464],"direction":[-0.661642,-0.469909,0.584308],"extended":false,"handId":637,"id":6374,"length":50.4973,"mcpPosition":[73.7686,291.117,30.4573],"pipPosition":[60.4687,263.912,12.2211],"stabilizedTipPosition":[12.5526,252.81,97.7226],"timeVisible":0.216868,"tipPosition":[42.1152,254.123,34.8748],"tipVelocity":[98.1441,23.6963,-218.865],"tool":false,"touchDistance":0.333333,"touchZone":"none","type":4,"width":16.0532}],"r":[[0.926207,0.372583,0.057649],[-0.365564,0.924912,-0.104407],[-0.0922204,0.0756278,0.992862]],"s":1.01015,"t":[18.5303,0.475972,-78.1357],"timestamp":523038013823},false],[4,{"currentFrameRate":103.982,"devices":[],"gestures":[],"hands":[{"armBasis":[[0.984912,-0.16704,-0.0452323],[0.173038,0.946828,0.271246],[-0.00248166,-0.27498,0.961447]],"armWidth":63.703,"confidence":0.687352,"direction":[0.260615,0.189776,-0.946607],"elbow":[28.6825,216.296,343.295],"grabStrength":0,"id":637,"palmNormal":[-0.181465,-0.953385,-0.241095],"palmPosition":[35.4119,298.436,29.998],"palmVelocity":[66.9878,9.3009,-262.953],"palmWidth":90.9658,"pinchStrength":0.740159,"r":[[0.922515,0.381784,0.0566296],[-0.374547,0.920963,-0.107427],[-0.0931678,0.0778927,0.992599]],"s":1.01821,"sphereCenter":[42.5326,255.001,5.71861],"sphereRadius":47.3511,"stabilizedPalmPosition":[15.8292,297.742,112.176],"t":[19.119,0.583616,-80.4481],"timeVisible":0.22593,"type":"right","wrist":[29.3524,290.521,83.7735]}],"id":4224444,"interactionBox":{"center":[0,200,0],"size":[235.247,235.247,147.751]},"pointables":[{"bases":[[[0.594729,0.795359,0.117053],[-0.783689,0.541117,0.304999],[0.179245,-0.273125,0.945132]],[[0.500659,0.840906,-0.205468],[-0.86557,0.489436,-0.106025],[0.0114061,0.230929,0.972904]],[[0.500659,0.840906,-0.205468],[-0.849262,0.431187,-0.304683],[-0.167615,0.327038,0.930028]],[[0.500659,0.840906,-0.205468],[-0.725814,0.27844,-0.629019],[-0.471736,0.464056,0.749745]]],"btipPosition":[15.6579,252.735,-19.4867],"carpPosition":[-0.523681,286.264,78.3088],"dipPosition":[4.62051,263.592,-1.94468],"direction":[0.167615,-0.327038,-0.930028],"extended":false,"handId":637,"id":6370,"length":52.1025,"mcpPosition":[-0.523681,286.264,78.3088],"pipPosition":[-1.09289,274.74,29.7567],"stabilizedTipPosition":[-12.5575,263.18,52.54],"timeVisible":0.22593,"tipPosition":[14.1242,254.456,-15.1454],"tipVelocity":[84.929,5.3621,-255.344],"tool":false,"touchDistance":-0.0927149,"touchZone":"hovering","type":0,"width":20.2446},{"bases":[[[0.978532,-0.199415,0.0520532],[0.193951,0.976432,0.0946704],[-0.0697051,-0.0825422,0.994147]],[[0.952853,-0.21046,0.218579],[0.242825,0.960856,-0.133383],[-0.181951,0.180171,0.96666]],[[0.952853,-0.21046,0.218579],[0.263545,0.931036,-0.25242],[-0.150381,0.298125,0.942606]],[[0.952853,-0.21046,0.218579],[0.27629,0.899576,-0.338272],[-0.125436,0.382714,0.915312]]],"btipPosition":[32.1756,289.631,-78.429],"carpPosition":[13.4574,305.04,74.6211],"dipPosition":[30.033,296.168,-62.7945],"direction":[0.150381,-0.298125,-0.942607],"extended":true,"handId":637,"id":6371,"length":58.7918,"mcpPosition":[18.5842,311.111,1.50157],"pipPosition":[26.3992,303.372,-40.0174],"stabilizedTipPosition":[5.82735,301.32,3.26614],"timeVisible":0.22593,"tipPosition":[31.7752,290.259,-74.563],"tipVelocity":[71.2473,19.2118,-273.028],"tool":false,"touchDistance":-0.344147,"touchZone":"hovering","type":1,"width":19.3376},{"bases":[[[0.91262,-0.37225,0.168981],[0.355014,0.926613,0.123911],[-0.202706,-0.0530932,0.977799]],[[0.909133,-0.373079,0.185174],[0.327857,0.366819,-0.870605],[0.25688,0.852206,0.455804]],[[0.909133,-0.373079,0.185174],[-0.14399,-0.698702,-0.700773],[0.390825,0.610433,-0.688932]],[[0.909133,-0.373079,0.185174],[-0.341827,-0.92235,-0.180066],[0.237974,0.100406,-0.966068]]],"btipPosition":[11.9234,247.719,22.4006],"carpPosition":[25.7447,304.322,74.8306],"dipPosition":[16.3942,249.605,4.25112],"direction":[-0.390825,-0.610433,0.688932],"extended":false,"handId":637,"id":6372,"length":66.9886,"mcpPosition":[39.8833,308.025,6.62967],"pipPosition":[27.5049,266.959,-15.3344],"stabilizedTipPosition":[-17.4487,258.817,83.1786],"timeVisible":0.22593,"tipPosition":[13.0969,248.175,17.6308],"tipVelocity":[105.017,-11.7199,-179.681],"tool":false,"touchDistance":0.333333,"touchZone":"none","type":2,"width":18.9921},{"bases":[[[0.843467,-0.444791,0.301205],[0.412667,0.895485,0.166774],[-0.343904,-0.0163712,0.938862]],[[0.839083,-0.444962,0.312969],[0.443185,0.225492,-0.867606],[0.31548,0.866696,0.386407]],[[0.839083,-0.444962,0.312969],[-0.161343,-0.752972,-0.637967],[0.519528,0.484812,-0.703597]],[[0.839083,-0.444962,0.312969],[-0.416141,-0.895547,-0.157549],[0.350381,0.00195726,-0.936605]]],"btipPosition":[23.8959,249.498,37.1315],"carpPosition":[37.3841,300.65,76.2054],"dipPosition":[30.4407,249.535,19.6367],"direction":[-0.519527,-0.484812,0.703597],"extended":false,"handId":637,"id":6373,"length":64.4113,"mcpPosition":[58.9205,301.675,17.4107],"pipPosition":[44.8288,262.962,0.150829],"stabilizedTipPosition":[-4.0249,253.44,89.5832],"timeVisible":0.22593,"tipPosition":[25.7861,249.25,31.7323],"tipVelocity":[94.4138,19.1399,-163.444],"tool":false,"touchDistance":0.333333,"touchZone":"none","type":3,"width":18.0722},{"bases":[[[0.718138,-0.585502,0.37612],[0.506818,0.810414,0.293879],[-0.476879,-0.0204216,0.878732]],[[0.729087,-0.584864,0.355479],[0.566793,0.224825,-0.79259],[0.383637,0.779351,0.495414]],[[0.729087,-0.584864,0.355479],[-0.18789,-0.67047,-0.717751],[0.658126,0.456512,-0.598722]],[[0.729087,-0.584864,0.355479],[-0.512889,-0.810796,-0.282055],[0.453185,0.023321,-0.891111]]],"btipPosition":[40.0891,254.6,37.7709],"carpPosition":[46.6841,290.295,79.1606],"dipPosition":[47.8984,255.002,22.4151],"direction":[-0.658126,-0.456512,0.598722],"extended":false,"handId":637,"id":6374,"length":50.4973,"mcpPosition":[74.3286,291.479,28.2207],"pipPosition":[60.7672,263.929,10.708],"stabilizedTipPosition":[12.6375,252.815,97.5387],"timeVisible":0.22593,"tipPosition":[42.5605,254.525,33.4536],"tipVelocity":[83.3411,30.594,-195.214],"tool":false,"touchDistance":0.333333,"touchZone":"none","type":4,"width":16.0532}],"r":[[0.922515,0.381784,0.0566296],[-0.374547,0.920963,-0.107427],[-0.0931678,0.0778927,0.992599]],"s":1.01821,"t":[19.119,0.583616,-80.4481],"timestamp":523038022885},false],[5,{"currentFrameRate":104.16,"devices":[],"gestures":[],"hands":[{"armBasis":[[0.985409,-0.165262,-0.0407216],[0.170101,0.947814,0.269658],[-0.00596777,-0.27265,0.962095]],"armWidth":63.703,"confidence":0.695842,"direction":[0.255978,0.186758,-0.948471],"elbow":[28.5268,217.356,341.661],"grabStrength":0,"id":637,"palmNormal":[-0.179224,-0.954981,-0.23641],"palmPosition":[35.9437,298.666,28.1325],"palmVelocity":[64.2856,13.6603,-245.602],"palmWidth":90.9658,"pinchStrength":0.7083,"r":[[0.919279,0.389787,0.054697],[-0.382422,0.917384,-0.110274],[-0.0931617,0.0804556,0.992395]],"s":1.02666,"sphereCenter":[43.0766,255.328,3.99446],"sphereRadius":47.4515,"stabilizedPalmPosition":[15.8306,297.742,112.17],"t":[19.6793,0.7523,-82.5371],"timeVisible":0.235197,"type":"right","wrist":[30.1377,290.952,81.9651]}],"id":4224445,"interactionBox":{"center":[0,200,0],"size":[235.247,235.247,147.751]},"pointables":[{"bases":[[[0.592499,0.797849,0.111273],[-0.78424,0.539705,0.306083],[0.184153,-0.268619,0.94548]],[[0.497476,0.841767,-0.209632],[-0.867233,0.488329,-0.0971653],[0.0205787,0.230137,0.972941]],[[0.497476,0.841767,-0.209632],[-0.851037,0.426758,-0.305963],[-0.168088,0.330614,0.928677]],[[0.497476,0.841767,-0.209632],[-0.727025,0.272742,-0.630116],[-0.473235,0.465875,0.747669]]],"btipPosition":[16.0286,252.917,-21.0585],"carpPosition":[0.253596,286.571,76.6442],"dipPosition":[4.95616,263.817,-3.56507],"direction":[0.168088,-0.330614,-0.928677],"extended":false,"handId":637,"id":6370,"length":52.1025,"mcpPosition":[0.253596,286.571,76.6442],"pipPosition":[-0.773369,275.086,28.0903],"stabilizedTipPosition":[-12.5552,263.179,52.5339],"timeVisible":0.235197,"tipPosition":[14.4658,254.642,-16.7515],"tipVelocity":[72.0399,9.67789,-231.554],"tool":false,"touchDistance":-0.119098,"touchZone":"hovering","type":0,"width":20.2446},{"bases":[[[0.979417,-0.195875,0.0487373],[0.191015,0.977467,0.0898407],[-0.0652367,-0.0786819,0.994763]],[[0.954884,-0.206242,0.213685],[0.23721,0.962593,-0.130946],[-0.178685,0.175726,0.968087]],[[0.954884,-0.206242,0.213685],[0.25789,0.932666,-0.252244],[-0.147273,0.295971,0.943775]],[[0.954884,-0.206242,0.213685],[0.270602,0.900684,-0.339915],[-0.122358,0.382403,0.915858]]],"btipPosition":[32.2764,289.934,-80.3738],"carpPosition":[14.1549,305.379,72.8204],"dipPosition":[30.1864,296.466,-64.73],"direction":[0.147273,-0.295971,-0.943775],"extended":true,"handId":637,"id":6371,"length":58.7918,"mcpPosition":[18.953,311.166,-0.344402],"pipPosition":[26.6277,303.618,-41.9247],"stabilizedTipPosition":[5.83866,301.316,3.23128],"timeVisible":0.235197,"tipPosition":[31.8791,290.475,-76.4826],"tipVelocity":[54.6249,22.98,-255.186],"tool":false,"touchDistance":-0.367206,"touchZone":"hovering","type":1,"width":19.3376},{"bases":[[[0.914589,-0.36845,0.166651],[0.352368,0.928315,0.118605],[-0.198404,-0.0497522,0.978857]],[[0.91109,-0.369241,0.183237],[0.317629,0.345541,-0.883014],[0.262729,0.862707,0.4321]],[[0.91109,-0.369241,0.183237],[-0.151968,-0.714093,-0.683358],[0.383172,0.594754,-0.706716]],[[0.91109,-0.369241,0.183237],[-0.342156,-0.925332,-0.163369],[0.229877,0.0861487,-0.969399]]],"btipPosition":[12.4118,248.075,22.1876],"carpPosition":[26.4453,304.703,72.981],"dipPosition":[16.7305,249.693,3.97552],"direction":[-0.383172,-0.594754,0.706716],"extended":false,"handId":637,"id":6372,"length":66.9886,"mcpPosition":[40.2839,308.173,4.7063],"pipPosition":[27.6236,266.602,-16.1156],"stabilizedTipPosition":[-17.2214,258.74,82.6985],"timeVisible":0.235197,"tipPosition":[13.5986,248.428,17.066],"tipVelocity":[89.2311,0.522715,-136.015],"tool":false,"touchDistance":0.333333,"touchZone":"none","type":2,"width":18.9921},{"bases":[[[0.84624,-0.44068,0.299463],[0.410307,0.89756,0.161352],[-0.33989,-0.0136706,0.940366]],[[0.841503,-0.440826,0.312322],[0.436322,0.213639,-0.87406],[0.318585,0.871797,0.37212]],[[0.841503,-0.440826,0.312322],[-0.165638,-0.760781,-0.627516],[0.514235,0.476324,-0.713217]],[[0.841503,-0.440826,0.312322],[-0.415465,-0.897575,-0.147475],[0.345343,-0.00565821,-0.938459]]],"btipPosition":[24.4653,249.906,36.0928],"carpPosition":[38.1029,301.077,74.3216],"dipPosition":[30.916,249.8,18.5633],"direction":[-0.514235,-0.476324,0.713217],"extended":false,"handId":637,"id":6373,"length":64.4113,"mcpPosition":[59.3879,301.933,15.4328],"pipPosition":[45.1575,262.991,-1.18894],"stabilizedTipPosition":[-3.78821,253.412,89.129],"timeVisible":0.235197,"tipPosition":[26.3439,249.602,30.6461],"tipVelocity":[84.4776,25.1234,-149.231],"tool":false,"touchDistance":0.333333,"touchZone":"none","type":3,"width":18.0722},{"bases":[[[0.721709,-0.581505,0.375483],[0.505282,0.813334,0.288406],[-0.473103,-0.0184201,0.880815]],[[0.731006,-0.581022,0.357833],[0.559341,0.20984,-0.801938],[0.390856,0.786372,0.478384]],[[0.731006,-0.581022,0.357833],[-0.19563,-0.680829,-0.705833],[0.653728,0.445965,-0.611356]],[[0.731006,-0.581022,0.357833],[-0.514422,-0.813774,-0.270447],[0.448331,0.0136214,-0.893764]]],"btipPosition":[40.551,255.08,36.6644],"carpPosition":[47.4505,290.765,77.28],"dipPosition":[48.2767,255.315,21.2628],"direction":[-0.653728,-0.445965,0.611356],"extended":false,"handId":637,"id":6374,"length":50.4973,"mcpPosition":[74.8761,291.833,26.2194],"pipPosition":[61.0595,264.035,9.30865],"stabilizedTipPosition":[12.7193,252.822,97.3613],"timeVisible":0.235197,"tipPosition":[43.0081,254.94,32.2288],"tipVelocity":[73.3303,35.3886,-174.197],"tool":false,"touchDistance":0.333333,"touchZone":"none","type":4,"width":16.0532}],"r":[[0.919279,0.389787,0.054697],[-0.382422,0.917384,-0.110274],[-0.0931617,0.0804556,0.992395]],"s":1.02666,"t":[19.6793,0.7523,-82.5371],"timestamp":523038032152},false],[6,{"currentFrameRate":104.615,"devices":[],"gestures":[],"hands":[{"armBasis":[[0.986446,-0.159444,-0.0387484],[0.163989,0.949925,0.265989],[-0.0056023,-0.268738,0.963197]],"armWidth":63.703,"confidence":0.709616,"direction":[0.25477,0.187888,-0.948573],"elbow":[28.9581,218.595,340.8],"grabStrength":0,"id":637,"palmNormal":[-0.172243,-0.956438,-0.235708],"palmPosition":[36.229,298.85,26.9683],"palmVelocity":[55.8709,15.6582,-215.729],"palmWidth":90.9658,"pinchStrength":0.69224,"r":[[0.916063,0.397504,0.0531007],[-0.390025,0.913882,-0.112691],[-0.0933227,0.0825211,0.99221]],"s":1.03446,"sphereCenter":[43.6691,255.643,2.83779],"sphereRadius":47.564,"stabilizedPalmPosition":[15.8318,297.743,112.165],"t":[20.1021,0.928694,-84.1637],"timeVisible":0.243904,"type":"right","wrist":[30.4703,291.135,80.8059]}],"id":4224446,"interactionBox":{"center":[0,200,0],"size":[235.247,235.247,147.751]},"pointables":[{"bases":[[[0.586669,0.802217,0.110756],[-0.78819,0.534227,0.305546],[0.185945,-0.266551,0.945714]],[[0.492047,0.845225,-0.208529],[-0.870217,0.484335,-0.0902303],[0.0247332,0.225863,0.973845]],[[0.492047,0.845225,-0.208529],[-0.853151,0.42049,-0.308741],[-0.173271,0.329822,0.928005]],[[0.492047,0.845225,-0.208529],[-0.726174,0.266371,-0.633812],[-0.480168,0.463294,0.744847]]],"btipPosition":[16.5263,253.18,-22.1753],"carpPosition":[0.619732,286.533,75.4837],"dipPosition":[5.29166,264.019,-4.74786],"direction":[0.173271,-0.329822,-0.928006],"extended":false,"handId":637,"id":6370,"length":52.1025,"mcpPosition":[0.619732,286.533,75.4837],"pipPosition":[-0.614561,275.262,26.8846],"stabilizedTipPosition":[-12.5426,263.175,52.5002],"timeVisible":0.243904,"tipPosition":[14.9129,254.879,-17.9014],"tipVelocity":[66.924,14.7282,-204.444],"tool":false,"touchDistance":-0.137964,"touchZone":"hovering","type":0,"width":20.2446},{"bases":[[[0.980806,-0.188718,0.0490424],[0.183894,0.978897,0.0891228],[-0.0648266,-0.0783935,0.994813]],[[0.956695,-0.19906,0.212389],[0.228649,0.965439,-0.125088],[-0.180149,0.168233,0.969146]],[[0.956695,-0.19906,0.212389],[0.249844,0.935931,-0.248215],[-0.149372,0.29053,0.945135]],[[0.956695,-0.19906,0.212389],[0.262978,0.903874,-0.337422],[-0.124806,0.378664,0.917081]]],"btipPosition":[32.6314,290.49,-81.6494],"carpPosition":[14.3846,305.438,71.6477],"dipPosition":[30.4996,296.958,-65.9847],"direction":[0.149372,-0.29053,-0.945135],"extended":true,"handId":637,"id":6371,"length":58.7918,"mcpPosition":[19.1526,311.204,-1.52078],"pipPosition":[26.8902,303.978,-43.1465],"stabilizedTipPosition":[5.84765,301.313,3.20349],"timeVisible":0.243904,"tipPosition":[32.2224,290.95,-77.7385],"tipVelocity":[50.6312,33.4338,-226.025],"tool":false,"touchDistance":-0.377881,"touchZone":"hovering","type":1,"width":19.3376},{"bases":[[[0.917214,-0.361669,0.167078],[0.345596,0.930941,0.11795],[-0.198198,-0.0504442,0.978863]],[[0.913652,-0.362486,0.183967],[0.312786,0.337859,-0.887703],[0.259625,0.868594,0.422066]],[[0.913652,-0.362486,0.183967],[-0.149921,-0.721146,-0.676367],[0.377841,0.590384,-0.71322]],[[0.913652,-0.362486,0.183967],[-0.336496,-0.928334,-0.158005],[0.228058,0.0824569,-0.97015]]],"btipPosition":[12.9671,248.182,21.6995],"carpPosition":[26.6796,304.852,71.8107],"dipPosition":[17.2516,249.731,3.47328],"direction":[-0.377841,-0.590384,0.71322],"extended":false,"handId":637,"id":6372,"length":66.9886,"mcpPosition":[40.5038,308.371,3.53559],"pipPosition":[27.9931,266.515,-16.8027],"stabilizedTipPosition":[-16.9895,258.664,82.2136],"timeVisible":0.243904,"tipPosition":[14.16,248.504,16.4759],"tipVelocity":[82.1935,3.18684,-114.771],"tool":false,"touchDistance":0.333333,"touchZone":"none","type":2,"width":18.9921},{"bases":[[[0.84937,-0.434292,0.299934],[0.403749,0.90064,0.16073],[-0.339936,-0.0154208,0.940322]],[[0.844337,-0.43447,0.313577],[0.432574,0.207374,-0.877426],[0.316188,0.876488,0.363034]],[[0.844337,-0.43447,0.313577],[-0.163905,-0.766614,-0.620836],[0.510127,0.472798,-0.718493]],[[0.844337,-0.43447,0.313577],[-0.410536,-0.900646,-0.142465],[0.344319,-0.00844559,-0.938815]]],"btipPosition":[24.9683,250.19,35.4885],"carpPosition":[38.363,301.312,73.156],"dipPosition":[31.3998,250.033,17.9524],"direction":[-0.510127,-0.472798,0.718493],"extended":false,"handId":637,"id":6373,"length":64.4113,"mcpPosition":[59.651,302.277,14.2699],"pipPosition":[45.5276,263.127,-1.94598],"stabilizedTipPosition":[-3.56512,253.388,88.7034],"timeVisible":0.243904,"tipPosition":[26.8528,249.86,30.0128],"tipVelocity":[77.2113,26.7816,-127.967],"tool":false,"touchDistance":0.333333,"touchZone":"none","type":3,"width":18.0722},{"bases":[[[0.725853,-0.57596,0.376043],[0.499313,0.817203,0.287863],[-0.473101,-0.0211835,0.880753]],[[0.73368,-0.575524,0.361228],[0.556883,0.204672,-0.804979],[0.389351,0.791758,0.470663]],[[0.73368,-0.575524,0.361228],[-0.193808,-0.686773,-0.700558],[0.651269,0.443977,-0.615413]],[[0.73368,-0.575524,0.361228],[-0.509952,-0.817701,-0.267048],[0.449069,0.0117191,-0.89342]]],"btipPosition":[40.9738,255.427,35.858],"carpPosition":[47.7848,291.071,76.1237],"dipPosition":[48.7122,255.629,20.4624],"direction":[-0.651269,-0.443977,0.615413],"extended":false,"handId":637,"id":6374,"length":50.4973,"mcpPosition":[75.2103,292.299,25.0667],"pipPosition":[61.4469,264.31,8.42884],"stabilizedTipPosition":[12.7944,252.828,97.1987],"timeVisible":0.243904,"tipPosition":[43.4353,255.27,31.3917],"tipVelocity":[66.8055,36.346,-152.376],"tool":false,"touchDistance":0.333333,"touchZone":"none","type":4,"width":16.0532}],"r":[[0.916063,0.397504,0.0531007],[-0.390025,0.913882,-0.112691],[-0.0933227,0.0825211,0.99221]],"s":1.03446,"t":[20.1021,0.928694,-84.1637],"timestamp":523038040859},false],[7,{"currentFrameRate":104.803,"devices":[],"gestures":[],"hands":[{"armBasis":[[0.987968,-0.150694,-0.0348046],[0.154495,0.951163,0.267247],[-0.0071675