{"sensorType":"Leap","data":[[0,{"currentFrameRate":102.17,"devices":[],"gestures":[],"hands":[{"armBasis":[[0.997683,0.0344382,-0.058677],[-0.0206391,0.974986,0.221304],[0.0648306,-0.219581,0.973438]],"armWidth":63.703,"confidence":0.762128,"direction":[0.180806,0.290537,-0.939626],"elbow":[57.5817,224.872,357.66],"grabStrength":0,"id":643,"palmNormal":[0.0336703,-0.95664,-0.289319],"palmPosition":[42.4977,295.854,41.533],"palmVelocity":[15.878,-89.3389,-205.652],"palmWidth":90.9658,"pinchStrength":0.836659,"r":[[0.834898,0.542352,0.0938072],[-0.503168,0.821157,-0.269303],[-0.223087,0.177639,0.958476]],"s":1.02896,"sphereCenter":[55.206,258.203,12.9524],"sphereRadius":46.979,"stabilizedPalmPosition":[2.57045,327.469,231.322],"t":[40.8577,-31.2171,-192.751],"timeVisible":0.379671,"type":"right","wrist":[40.0821,284.143,94.9015]}],"id":4227720,"interactionBox":{"center":[0,200,0],"size":[235.247,235.247,147.751]},"pointables":[{"bases":[[[0.400699,0.904019,0.148961],[-0.876686,0.331074,0.349015],[0.266199,-0.270442,0.925202]],[[0.282089,0.941479,-0.184508],[-0.959199,0.280592,-0.0347261],[0.0190776,0.186776,0.982217]],[[0.282089,0.941479,-0.184508],[-0.949864,0.247043,-0.191646],[-0.134849,0.229319,0.963965]],[[0.282089,0.941479,-0.184508],[-0.753056,0.0981309,-0.650597],[-0.594418,0.322471,0.736668]]],"btipPosition":[29.365,248.727,-9.32739],"carpPosition":[11.8127,273.409,89.7838],"dipPosition":[15.4572,256.272,7.90871],"direction":[0.134849,-0.229319,-0.963965],"extended":false,"handId":643,"id":6430,"length":52.1025,"mcpPosition":[11.8127,273.409,89.7838],"pipPosition":[10.8607,264.088,40.7669],"stabilizedTipPosition":[-18.856,297.009,147.941],"timeVisible":0.379671,"tipPosition":[27.1118,250.211,-5.32269],"tipVelocity":[0.640768,-114.469,-174.362],"tool":false,"touchDistance":-0.586599,"touchZone":"hovering","type":0,"width":20.2446},{"bases":[[[0.999346,0.0284021,0.0223897],[-0.0313395,0.989058,0.144161],[-0.0180502,-0.144768,0.989301]],[[0.985315,0.00635066,0.17063],[-0.0120892,0.999395,0.0326135],[-0.170319,-0.0341974,0.984795]],[[0.985315,0.00635066,0.17063],[0.012167,0.994156,-0.107261],[-0.170314,0.107762,0.97948]],[[0.985315,0.00635066,0.17063],[0.0307529,0.976366,-0.213925],[-0.167955,0.21603,0.961833]]],"btipPosition":[36.6417,300.874,-68.297],"carpPosition":[21.0144,295.051,86.8612],"dipPosition":[33.7728,304.564,-51.8679],"direction":[0.170314,-0.107762,-0.97948],"extended":true,"handId":643,"id":6431,"length":58.7918,"mcpPosition":[22.342,305.699,14.0981],"pipPosition":[29.6574,307.168,-28.1998],"stabilizedTipPosition":[-5.78342,351.098,119.17],"timeVisible":0.379671,"tipPosition":[36.5168,300.79,-64.3317],"tipVelocity":[-25.401,-140.887,-209.797],"tool":false,"touchDistance":-0.649225,"touchZone":"hovering","type":1,"width":19.3376},{"bases":[[[0.978321,-0.160447,0.130936],[0.137674,0.976202,0.167555],[-0.154704,-0.145897,0.977129]],[[0.973874,-0.16426,0.156807],[0.219974,0.510848,-0.831051],[0.056404,0.843832,0.533635]],[[0.973874,-0.16426,0.156807],[0.0304836,-0.589697,-0.807049],[0.225035,0.790744,-0.569284]],[[0.973874,-0.16426,0.156807],[-0.0993335,-0.929074,-0.356308],[0.204213,0.331423,-0.921117]]],"btipPosition":[30.9798,237.973,26.417],"carpPosition":[33.1413,297.166,86.7966],"dipPosition":[34.8164,244.2,9.11194],"direction":[-0.225035,-0.790744,0.569284],"extended":false,"handId":643,"id":6432,"length":66.9886,"mcpPosition":[43.9318,307.342,18.6424],"pipPosition":[41.2138,266.68,-7.07212],"stabilizedTipPosition":[-15.2327,281.527,163.719],"timeVisible":0.379671,"tipPosition":[31.8716,240.016,23.3882],"tipVelocity":[7.73438,-112.756,-194.587],"tool":false,"touchDistance":0.333333,"touchZone":"none","type":2,"width":18.9921},{"bases":[[[0.931711,-0.253299,0.260295],[0.202217,0.957096,0.207545],[-0.301699,-0.140736,0.942959]],[[0.928628,-0.254702,0.269771],[0.361335,0.455895,-0.813386],[0.0841841,0.852811,0.515389]],[[0.928628,-0.254702,0.269771],[0.0583626,-0.617786,-0.784178],[0.366392,0.743954,-0.558828]],[[0.928628,-0.254702,0.269771],[-0.148782,-0.921748,-0.358112],[0.339873,0.292415,-0.893857]]],"btipPosition":[43.9862,240.858,37.8467],"carpPosition":[45.3487,296.203,87.7462],"dipPosition":[50.3347,246.32,21.1503],"direction":[-0.366392,-0.743954,0.558828],"extended":false,"handId":643,"id":6433,"length":64.4113,"mcpPosition":[64.2421,305.016,28.695],"pipPosition":[60.4818,266.923,5.67378],"stabilizedTipPosition":[-1.95402,278.083,169.903],"timeVisible":0.379671,"tipPosition":[45.4572,242.589,34.2569],"tipVelocity":[7.52994,-102.566,-166.632],"tool":false,"touchDistance":0.333333,"touchZone":"none","type":3,"width":18.0722},{"bases":[[[0.844225,-0.42252,0.329788],[0.317217,0.889829,0.327992],[-0.432038,-0.172285,0.885246]],[[0.870741,-0.410312,0.271025],[0.454995,0.463199,-0.760544],[0.186522,0.785551,0.590016]],[[0.870741,-0.410312,0.271025],[-0.00662317,-0.560888,-0.827865],[0.491698,0.719061,-0.491106]],[[0.870741,-0.410312,0.271025],[-0.268849,-0.85871,-0.436276],[0.411741,0.307019,-0.858026]]],"btipPosition":[58.5972,250.997,42.1673],"carpPosition":[56.8552,288.13,89.9532],"dipPosition":[65.6924,256.288,27.3816],"direction":[-0.491698,-0.719061,0.491106],"extended":false,"handId":643,"id":6434,"length":50.4973,"mcpPosition":[81.9004,298.117,38.6357],"pipPosition":[75.3069,270.348,17.7787],"stabilizedTipPosition":[10.5309,281.764,188.9],"timeVisible":0.379671,"tipPosition":[60.3909,252.623,39.3825],"tipVelocity":[10.4144,-96.8809,-192.058],"tool":false,"touchDistance":0.333333,"touchZone":"none","type":4,"width":16.0532}],"r":[[0.834898,0.542352,0.0938072],[-0.503168,0.821157,-0.269303],[-0.223087,0.177639,0.958476]],"s":1.02896,"t":[40.8577,-31.2171,-192.751],"timestamp":523073417968},false],[1,{"currentFrameRate":102.571,"devices":[],"gestures":[],"hands":[{"armBasis":[[0.996952,0.0452284,-0.0635764],[-0.0296804,0.973425,0.227074],[0.0721571,-0.224495,0.9718]],"armWidth":63.703,"confidence":0.770369,"direction":[0.179352,0.289232,-0.940307],"elbow":[59.2586,222.377,355.485],"grabStrength":0,"id":643,"palmNormal":[0.0410072,-0.957173,-0.286599],"palmPosition":[42.1502,294.553,39.7696],"palmVelocity":[0.92129,-104.553,-203.084],"palmWidth":90.9658,"pinchStrength":0.837648,"r":[[0.83433,0.543879,0.0899419],[-0.504698,0.819246,-0.272243],[-0.221752,0.181747,0.958016]],"s":1.02906,"sphereCenter":[54.8674,257,11.2494],"sphereRadius":46.8925,"stabilizedPalmPosition":[2.60468,327.44,231.156],"t":[40.7094,-32.1972,-194.34],"timeVisible":0.388655,"type":"right","wrist":[39.7813,282.974,93.1691]}],"id":4227721,"interactionBox":{"center":[0,200,0],"size":[235.247,235.247,147.751]},"pointables":[{"bases":[[[0.393848,0.907392,0.14671],[-0.87939,0.325519,0.347434],[0.267502,-0.265851,0.926156]],[[0.275244,0.943035,-0.186884],[-0.961225,0.273384,-0.0361749],[0.0169768,0.189594,0.981716]],[[0.275244,0.943035,-0.186884],[-0.951623,0.239637,-0.19232],[-0.136581,0.230778,0.963373]],[[0.275244,0.943035,-0.186884],[-0.750397,0.0892273,-0.654938],[-0.600954,0.320505,0.73221]]],"btipPosition":[29.4657,247.189,-10.9009],"carpPosition":[11.5966,272.016,88.0607],"dipPosition":[15.4049,254.688,6.23089],"direction":[0.136581,-0.230778,-0.963373],"extended":false,"handId":643,"id":6430,"length":52.1025,"mcpPosition":[11.5966,272.016,88.0607],"pipPosition":[10.7494,262.555,39.0689],"stabilizedTipPosition":[-18.5368,296.668,146.845],"timeVisible":0.388655,"tipPosition":[27.1288,248.677,-6.93793],"tipVelocity":[2.46255,-130.331,-175.309],"tool":false,"touchDistance":-0.580235,"touchZone":"hovering","type":0,"width":20.2446},{"bases":[[[0.99909,0.0359023,0.0230465],[-0.0388075,0.989199,0.141351],[-0.0177228,-0.142117,0.989691]],[[0.985317,0.0143443,0.170132],[-0.0198409,0.999333,0.0306515],[-0.169579,-0.033577,0.984944]],[[0.985317,0.0143443,0.170132],[0.00447956,0.99395,-0.109746],[-0.170677,0.108897,0.979291]],[[0.985317,0.0143443,0.170132],[0.0232265,0.97594,-0.2168],[-0.169148,0.217569,0.961277]]],"btipPosition":[36.2397,299.265,-70.0952],"carpPosition":[20.6391,293.718,85.084],"dipPosition":[33.3505,302.981,-53.6756],"direction":[0.170677,-0.108897,-0.979291],"extended":true,"handId":643,"id":6431,"length":58.7918,"mcpPosition":[21.9427,304.17,12.2922],"pipPosition":[29.2262,305.613,-30.0121],"stabilizedTipPosition":[-5.54503,350.804,118.101],"timeVisible":0.388655,"tipPosition":[36.1274,299.219,-66.1314],"tipVelocity":[-30.8477,-151.177,-207.222],"tool":false,"touchDistance":-0.639642,"touchZone":"hovering","type":1,"width":19.3376},{"bases":[[[0.979389,-0.152792,0.132109],[0.130279,0.977667,0.164907],[-0.154355,-0.144297,0.977422]],[[0.974915,-0.156593,0.158174],[0.216949,0.509761,-0.832512],[0.0497341,0.845944,0.530947]],[[0.974915,-0.156593,0.158174],[0.0357022,-0.591428,-0.805567],[0.219694,0.791007,-0.571001]],[[0.974915,-0.156593,0.158174],[-0.0919251,-0.930489,-0.354599],[0.202707,0.331164,-0.921542]]],"btipPosition":[31.0657,236.514,24.8087],"carpPosition":[32.75,295.922,85.0224],"dipPosition":[34.874,242.735,7.49567],"direction":[-0.219694,-0.791007,0.571001],"extended":false,"handId":643,"id":6432,"length":66.9886,"mcpPosition":[43.5162,305.987,16.8478],"pipPosition":[41.1196,265.223,-8.73723],"stabilizedTipPosition":[-14.872,281.194,162.626],"timeVisible":0.388655,"tipPosition":[31.9487,238.553,21.7513],"tipVelocity":[8.03679,-126.418,-190.374],"tool":false,"touchDistance":0.333333,"touchZone":"none","type":2,"width":18.9921},{"bases":[[[0.933373,-0.245624,0.261695],[0.194933,0.959154,0.204998],[-0.301358,-0.140327,0.943129]],[[0.930388,-0.246982,0.270883],[0.358241,0.455921,-0.814739],[0.0777243,0.855065,0.512662]],[[0.930388,-0.246982,0.270883],[0.0634946,-0.619209,-0.782655],[0.361034,0.745372,-0.560423]],[[0.930388,-0.246982,0.270883],[-0.141375,-0.923544,-0.356481],[0.338217,0.29337,-0.894172]]],"btipPosition":[44.0475,239.524,36.2454],"carpPosition":[44.9635,295.053,85.9837],"dipPosition":[50.3651,245.004,19.5431],"direction":[-0.361034,-0.745372,0.560423],"extended":false,"handId":643,"id":6433,"length":64.4113,"mcpPosition":[63.8356,303.841,26.9219],"pipPosition":[60.3638,265.647,4.02245],"stabilizedTipPosition":[-1.64267,277.838,169.001],"timeVisible":0.388655,"tipPosition":[45.509,241.259,32.6429],"tipVelocity":[7.12094,-115.015,-169.855],"tool":false,"touchDistance":0.333333,"touchZone":"none","type":3,"width":18.0722},{"bases":[[[0.847096,-0.415296,0.3316],[0.310338,0.893084,0.325718],[-0.431415,-0.173006,0.885409]],[[0.873244,-0.403226,0.273593],[0.452651,0.463365,-0.76184],[0.18042,0.789114,0.587152]],[[0.873244,-0.403226,0.273593],[-0.00121591,-0.563268,-0.826273],[0.487282,0.721206,-0.492361]],[[0.873244,-0.403226,0.273593],[-0.261565,-0.861605,-0.434995],[0.411131,0.308294,-0.857862]]],"btipPosition":[58.5466,249.791,40.5495],"carpPosition":[56.5281,287.072,88.2219],"dipPosition":[65.6312,255.104,25.7667],"direction":[-0.487282,-0.721206,0.492361],"extended":false,"handId":643,"id":6434,"length":50.4973,"mcpPosition":[81.5372,297.101,36.8949],"pipPosition":[75.1593,269.206,16.1392],"stabilizedTipPosition":[10.6884,281.666,188.419],"timeVisible":0.388655,"tipPosition":[60.3421,251.423,37.7423],"tipVelocity":[5.93959,-106.968,-188.752],"tool":false,"touchDistance":0.333333,"touchZone":"none","type":4,"width":16.0532}],"r":[[0.83433,0.543879,0.0899419],[-0.504698,0.819246,-0.272243],[-0.221752,0.181747,0.958016]],"s":1.02906,"t":[40.7094,-32.1972,-194.34],"timestamp":523073426952},false],[2,{"currentFrameRate":102.962,"devices":[],"gestures":[],"hands":[{"armBasis":[[0.997,0.0461322,-0.0621535],[-0.0309569,0.973619,0.226071],[0.070943,-0.223469,0.972126]],"armWidth":63.703,"confidence":0.482496,"direction":[0.178613,0.299279,-0.937299],"elbow":[58.7966,221.727,354.588],"grabStrength":0,"id":643,"palmNormal":[0.0442881,-0.954098,-0.296203],"palmPosition":[41.9904,294.171,38.9048],"palmVelocity":[-4.2112,-87.5921,-173.877],"palmWidth":90.9658,"pinchStrength":0.83494,"r":[[0.833501,0.545467,0.0879868],[-0.506454,0.817919,-0.272969],[-0.220861,0.182958,0.957991]],"s":1.02898,"sphereCenter":[54.641,256.985,9.97602],"sphereRadius":46.8323,"stabilizedPalmPosition":[2.64279,327.408,230.97],"t":[40.5553,-32.8783,-195.567],"timeVisible":0.397625,"type":"right","wrist":[39.6471,282.048,92.1844]}],"id":4227722,"interactionBox":{"center":[0,200,0],"size":[235.247,235.247,147.751]},"pointables":[{"bases":[[[0.390766,0.907185,0.155942],[-0.880562,0.319058,0.350445],[0.268164,-0.274259,0.92351]],[[0.272118,0.945784,-0.177327],[-0.962129,0.270504,-0.0336915],[0.0161026,0.179779,0.983575]],[[0.272118,0.945784,-0.177327],[-0.952445,0.23847,-0.189684],[-0.137113,0.22051,0.965699]],[[0.272118,0.945784,-0.177327],[-0.749444,0.0927186,-0.655544],[-0.603561,0.311282,0.734042]]],"btipPosition":[29.4924,247.276,-12.2184],"carpPosition":[11.5005,271.047,86.9582],"dipPosition":[15.3706,254.559,4.9562],"direction":[0.137113,-0.22051,-0.965699],"extended":false,"handId":643,"id":6430,"length":52.1025,"mcpPosition":[11.5005,271.047,86.9582],"pipPosition":[10.6969,262.075,37.8735],"stabilizedTipPosition":[-18.2271,296.338,145.772],"timeVisible":0.397625,"tipPosition":[27.1199,248.722,-8.25496],"tipVelocity":[2.17577,-93.5244,-167.226],"tool":false,"touchDistance":-0.57016,"touchZone":"hovering","type":0,"width":20.2446},{"bases":[[[0.998958,0.0390166,0.0236873],[-0.0421599,0.987591,0.151286],[-0.0174906,-0.152127,0.988206]],[[0.985438,0.0161383,0.169269],[-0.0234011,0.998885,0.0410001],[-0.168418,-0.0443641,0.984717]],[[0.985438,0.0161383,0.169269],[0.00104672,0.994891,-0.100948],[-0.170033,0.0996554,0.980386]],[[0.985438,0.0161383,0.169269],[0.0199423,0.977646,-0.209309],[-0.168863,0.209637,0.963088]]],"btipPosition":[35.9842,299.913,-70.9152],"carpPosition":[20.471,292.807,84.2025],"dipPosition":[33.0998,303.494,-54.4646],"direction":[0.170033,-0.0996554,-0.980386],"extended":true,"handId":643,"id":6431,"length":58.7918,"mcpPosition":[21.7574,303.996,11.5199],"pipPosition":[28.9912,305.902,-30.7746],"stabilizedTipPosition":[-5.31542,350.523,117.06],"timeVisible":0.397625,"tipPosition":[35.8879,299.896,-66.958],"tipVelocity":[-30.1665,-90.9513,-175.295],"tool":false,"touchDistance":-0.616204,"touchZone":"hovering","type":1,"width":19.3376},{"bases":[[[0.979863,-0.150831,0.13084],[0.126959,0.976389,0.174771],[-0.154112,-0.154641,0.975877]],[[0.975323,-0.154969,0.157255],[0.215684,0.516609,-0.828611],[0.0471693,0.842081,0.537285]],[[0.975323,-0.154969,0.157255],[0.0378725,-0.584275,-0.810672],[0.217509,0.796623,-0.563988]],[[0.975323,-0.154969,0.157255],[-0.0886254,-0.927167,-0.364016],[0.202213,0.341096,-0.918021]]],"btipPosition":[31.0682,236.206,23.4895],"carpPosition":[32.5744,295.053,84.1664],"dipPosition":[34.8671,242.614,6.24261],"direction":[-0.217509,-0.796623,0.563988],"extended":false,"handId":643,"id":6432,"length":66.9886,"mcpPosition":[43.3236,305.839,16.0996],"pipPosition":[41.0507,265.261,-9.79089],"stabilizedTipPosition":[-14.5162,280.863,161.539],"timeVisible":0.397625,"tipPosition":[31.9592,238.264,20.3544],"tipVelocity":[5.84572,-99.8867,-178.052],"tool":false,"touchDistance":0.333333,"touchZone":"none","type":2,"width":18.9921},{"bases":[[[0.934127,-0.245116,0.259472],[0.191664,0.957691,0.214693],[-0.301119,-0.150819,0.941584]],[[0.931439,-0.246434,0.267752],[0.356282,0.46784,-0.80882],[0.0740554,0.848762,0.523564]],[[0.931439,-0.246434,0.267752],[0.0668582,-0.607374,-0.791597],[0.357702,0.755226,-0.549256]],[[0.931439,-0.246434,0.267752],[-0.136705,-0.918861,-0.370143],[0.337243,0.308162,-0.889552]]],"btipPosition":[44.1339,239.076,34.5983],"carpPosition":[44.7905,294.215,85.1224],"dipPosition":[50.4333,244.832,17.9823],"direction":[-0.357702,-0.755226,0.549256],"extended":false,"handId":643,"id":6433,"length":64.4113,"mcpPosition":[63.6476,303.66,26.1573],"pipPosition":[60.3397,265.748,2.77085],"stabilizedTipPosition":[-1.33549,277.595,168.101],"timeVisible":0.397625,"tipPosition":[45.5668,240.875,31.0845],"tipVelocity":[7.67998,-95.2707,-173.021],"tool":false,"touchDistance":0.333333,"touchZone":"none","type":3,"width":18.0722},{"bases":[[[0.848402,-0.41577,0.327642],[0.30726,0.890796,0.334774],[-0.431052,-0.183351,0.883503]],[[0.874215,-0.403203,0.27051],[0.451883,0.471835,-0.757082],[0.177622,0.784092,0.594686]],[[0.874215,-0.403203,0.27051],[0.00172058,-0.554557,-0.832144],[0.485535,0.727938,-0.484108]],[[0.874215,-0.403203,0.27051],[-0.257845,-0.857607,-0.445001],[0.411417,0.319278,-0.853697]]],"btipPosition":[58.5068,249.426,39.2221],"carpPosition":[56.3813,286.251,87.2834],"dipPosition":[65.5964,254.928,24.511],"direction":[-0.485536,-0.727938,0.484108],"extended":false,"handId":643,"id":6434,"length":50.4973,"mcpPosition":[81.3692,296.879,36.067],"pipPosition":[75.0903,269.162,15.0449],"stabilizedTipPosition":[10.8441,281.569,187.938],"timeVisible":0.397625,"tipPosition":[60.3072,251.096,36.4233],"tipVelocity":[3.13344,-87.4856,-177.086],"tool":false,"touchDistance":0.333333,"touchZone":"none","type":4,"width":16.0532}],"r":[[0.833501,0.545467,0.0879868],[-0.506454,0.817919,-0.272969],[-0.220861,0.182958,0.957991]],"s":1.02898,"t":[40.5553,-32.8783,-195.567],"timestamp":523073435922},false],[3,{"currentFrameRate":103.242,"devices":[],"gestures":[],"hands":[{"armBasis":[[0.996312,0.053273,-0.0672623],[-0.0367978,0.973449,0.225927],[0.0775122,-0.222619,0.971819]],"armWidth":63.703,"confidence":0.511846,"direction":[0.178039,0.30118,-0.936799],"elbow":[60.1243,220.82,353.243],"grabStrength":0,"id":643,"palmNormal":[0.0502894,-0.95355,-0.297008],"palmPosition":[41.5411,293.096,37.6561],"palmVelocity":[-16.7079,-95.8818,-163.436],"palmWidth":90.9658,"pinchStrength":0.834479,"r":[[0.832167,0.547699,0.0867332],[-0.508751,0.816306,-0.273527],[-0.220612,0.183495,0.957946]],"s":1.02918,"sphereCenter":[54.0129,256.119,8.65527],"sphereRadius":46.7091,"stabilizedPalmPosition":[2.6909,327.365,230.731],"t":[40.2536,-33.7561,-196.805],"timeVisible":0.40678,"type":"right","wrist":[39.2016,280.911,90.9216]}],"id":4227723,"interactionBox":{"center":[0,200,0],"size":[235.247,235.247,147.751]},"pointables":[{"bases":[[[0.385212,0.90933,0.157261],[-0.882874,0.313543,0.349607],[0.2686,-0.273515,0.923604]],[[0.266867,0.947549,-0.175877],[-0.963637,0.264936,-0.0348157],[0.0136063,0.178772,0.983796]],[[0.266867,0.947549,-0.175877],[-0.953669,0.233339,-0.189918],[-0.138918,0.218411,0.965919]],[[0.266867,0.947549,-0.175877],[-0.744684,0.0869059,-0.661735],[-0.611742,0.307568,0.728817]]],"btipPosition":[29.4963,246.187,-13.4234],"carpPosition":[11.127,269.75,85.6495],"dipPosition":[15.1832,253.383,3.62902],"direction":[0.138918,-0.218411,-0.965919],"extended":false,"handId":643,"id":6430,"length":52.1025,"mcpPosition":[11.127,269.75,85.6495],"pipPosition":[10.448,260.828,36.5538],"stabilizedTipPosition":[-17.8963,295.977,144.616],"timeVisible":0.40678,"tipPosition":[27.0057,247.625,-9.51428],"tipVelocity":[0.350437,-101.207,-158.16],"tool":false,"touchDistance":-0.559973,"touchZone":"hovering","type":0,"width":20.2446},{"bases":[[[0.998679,0.0448827,0.0249998],[-0.0481743,0.987187,0.152124],[-0.0178517,-0.153127,0.988045]],[[0.985392,0.0220643,0.168869],[-0.029576,0.998676,0.0420973],[-0.167716,-0.0464768,0.984739]],[[0.985392,0.0220643,0.168869],[-0.00495317,0.994865,-0.101085],[-0.170232,0.0987723,0.980441]],[[0.985392,0.0220643,0.168869],[0.0141653,0.977517,-0.21038],[-0.169714,0.209698,0.962925]]],"btipPosition":[35.5014,298.855,-72.1804],"carpPosition":[19.9725,291.565,82.9249],"dipPosition":[32.6026,302.437,-55.7326],"direction":[0.170232,-0.0987723,-0.980441],"extended":true,"handId":643,"id":6431,"length":58.7918,"mcpPosition":[21.2855,302.828,10.2542],"pipPosition":[28.4891,304.824,-32.0413],"stabilizedTipPosition":[-5.07116,350.213,115.932],"timeVisible":0.40678,"tipPosition":[35.4256,298.903,-68.2268],"tipVelocity":[-36.5537,-97.7946,-164.98],"tool":false,"touchDistance":-0.601904,"touchZone":"hovering","type":1,"width":19.3376},{"bases":[[[0.980568,-0.145171,0.131956],[0.120978,0.976961,0.175816],[-0.15444,-0.156435,0.975539]],[[0.975949,-0.149419,0.158735],[0.213948,0.516825,-0.828926],[0.0418187,0.842951,0.536363]],[[0.975949,-0.149419,0.158735],[0.0424635,-0.583904,-0.810712],[0.213821,0.797954,-0.563516]],[[0.975949,-0.149419,0.158735],[-0.0824987,-0.927146,-0.365505],[0.201784,0.343619,-0.917175]]],"btipPosition":[30.9499,235.033,22.2681],"carpPosition":[32.0625,293.882,82.9064],"dipPosition":[34.7408,241.488,5.03716],"direction":[-0.213821,-0.797954,0.563516],"extended":false,"handId":643,"id":6432,"length":66.9886,"mcpPosition":[42.8346,304.793,14.8631],"pipPosition":[40.8195,264.173,-10.9829],"stabilizedTipPosition":[-14.1283,280.492,160.34],"timeVisible":0.40678,"tipPosition":[31.8446,237.092,19.0607],"tipVelocity":[0.561242,-107.424,-165.504],"tool":false,"touchDistance":0.333333,"touchZone":"none","type":2,"width":18.9921},{"bases":[[[0.935224,-0.239841,0.260445],[0.185741,0.958608,0.215803],[-0.301423,-0.153449,0.941062]],[[0.932944,-0.240982,0.267475],[0.352686,0.462543,-0.813429],[0.0723033,0.853218,0.516518]],[[0.932944,-0.240982,0.267475],[0.067558,-0.612562,-0.78753],[0.353626,0.752792,-0.555206]],[[0.932944,-0.240982,0.267475],[-0.132705,-0.920811,-0.366738],[0.334671,0.306651,-0.891045]]],"btipPosition":[43.8838,238.037,33.8932],"carpPosition":[44.2822,293.115,83.8772],"dipPosition":[50.1351,243.765,17.2494],"direction":[-0.353626,-0.752792,0.555206],"extended":false,"handId":643,"id":6433,"length":64.4113,"mcpPosition":[63.1583,302.725,24.9448],"pipPosition":[59.9286,264.613,1.87314],"stabilizedTipPosition":[-0.986501,277.309,167.069],"timeVisible":0.40678,"tipPosition":[45.3585,239.789,30.1359],"tipVelocity":[-2.40687,-100.533,-146.47],"tool":false,"touchDistance":0.333333,"touchZone":"none","type":3,"width":18.0722},{"bases":[[[0.85042,-0.41106,0.328351],[0.301577,0.892286,0.335971],[-0.431088,-0.186694,0.882785]],[[0.875621,-0.398633,0.272726],[0.451582,0.475346,-0.755063],[0.171354,0.784307,0.596239]],[[0.875621,-0.398633,0.272726],[0.00919208,-0.550796,-0.834589],[0.482912,0.73329,-0.478624]],[[0.875621,-0.398633,0.272726],[-0.249541,-0.856823,-0.451202],[0.413542,0.327025,-0.849728]]],"btipPosition":[58.2807,248.341,37.7956],"carpPosition":[55.9169,285.217,86.0458],"dipPosition":[65.407,253.976,23.1529],"direction":[-0.482912,-0.73329,0.478624],"extended":false,"handId":643,"id":6434,"length":50.4973,"mcpPosition":[80.9069,296.04,34.871],"pipPosition":[74.8496,268.315,13.7941],"stabilizedTipPosition":[11.0129,281.459,187.41],"timeVisible":0.40678,"tipPosition":[60.0893,250.053,35.0316],"tipVelocity":[-4.36192,-95.2089,-170.681],"tool":false,"touchDistance":0.333333,"touchZone":"none","type":4,"width":16.0532}],"r":[[0.832167,0.547699,0.0867332],[-0.508751,0.816306,-0.273527],[-0.220612,0.183495,0.957946]],"s":1.02918,"t":[40.2536,-33.7561,-196.805],"timestamp":523073445077},false],[4,{"currentFrameRate":103.632,"devices":[],"gestures":[],"hands":[{"armBasis":[[0.995973,0.0569181,-0.069263],[-0.0392217,0.971383,0.234259],[0.0806145,-0.230599,0.969704]],"armWidth":63.703,"confidence":0.541927,"direction":[0.173447,0.296774,-0.939064],"elbow":[60.9267,218.212,350.65],"grabStrength":0,"id":643,"palmNormal":[0.0499822,-0.95494,-0.29256],"palmPosition":[41.2505,292.384,35.5649],"palmVelocity":[-21.0357,-91.5423,-182.814],"palmWidth":90.9658,"pinchStrength":0.843187,"r":[[0.831055,0.549745,0.0844347],[-0.511011,0.814631,-0.274307],[-0.219582,0.184817,0.957928]],"s":1.02931,"sphereCenter":[53.1779,255.366,6.62188],"sphereRadius":46.5882,"stabilizedPalmPosition":[2.74091,327.32,230.478],"t":[39.9575,-34.5513,-198.47],"timeVisible":0.415694,"type":"right","wrist":[39.1666,280.457,88.8997]}],"id":4227724,"interactionBox":{"center":[0,200,0],"size":[235.247,235.247,147.751]},"pointables":[{"bases":[[[0.384927,0.910502,0.15105],[-0.881617,0.314306,0.352083],[0.273096,-0.268695,0.9237]],[[0.265158,0.946984,-0.181419],[-0.964048,0.263777,-0.0321529],[0.0174058,0.183422,0.98288]],[[0.265158,0.946984,-0.181419],[-0.954809,0.231682,-0.186179],[-0.134277,0.222587,0.965621]],[[0.265158,0.946984,-0.181419],[-0.74135,0.0799252,-0.666342],[-0.616515,0.311181,0.723239]]],"btipPosition":[29.2138,245.218,-15.0764],"carpPosition":[11.0805,269.24,83.8101],"dipPosition":[14.7889,252.499,1.84551],"direction":[0.134277,-0.222587,-0.965621],"extended":false,"handId":643,"id":6430,"length":52.1025,"mcpPosition":[11.0805,269.24,83.8101],"pipPosition":[10.2119,260.086,34.7602],"stabilizedTipPosition":[-17.5714,295.613,143.46],"timeVisible":0.415694,"tipPosition":[26.5895,246.687,-11.2381],"tipVelocity":[-9.16349,-102.645,-166.507],"tool":false,"touchDistance":-0.557554,"touchZone":"hovering","type":0,"width":20.2446},{"bases":[[[0.998733,0.0460758,0.0202327],[-0.0485628,0.987868,0.147505],[-0.0131908,-0.1483,0.988854]],[[0.986407,0.0242235,0.162524],[-0.0306704,0.998834,0.0372762],[-0.161432,-0.0417541,0.986]],[[0.986407,0.0242235,0.162524],[-0.00676949,0.994225,-0.107099],[-0.16418,0.104543,0.980875]],[[0.986407,0.0242235,0.162524],[0.0118168,0.976056,-0.217197],[-0.163894,0.216165,0.962503]]],"btipPosition":[34.5602,297.534,-74.2838],"carpPosition":[19.8897,291.051,80.9385],"dipPosition":[31.7608,301.226,-57.8432],"direction":[0.16418,-0.104543,-0.980875],"extended":true,"handId":643,"id":6431,"length":58.7918,"mcpPosition":[20.8599,301.959,8.20826],"pipPosition":[27.7935,303.752,-34.1414],"stabilizedTipPosition":[-4.8193,349.879,114.728],"timeVisible":0.415694,"tipPosition":[34.5278,297.672,-70.3338],"tipVelocity":[-54.657,-110.763,-184.363],"tool":false,"touchDistance":-0.601623,"touchZone":"hovering","type":1,"width":19.3376},{"bases":[[[0.981316,-0.143471,0.1282],[0.120706,0.977941,0.170476],[-0.14983,-0.151816,0.976987]],[[0.976741,-0.147661,0.155477],[0.210161,0.515429,-0.830762],[0.0425339,0.844115,0.534473]],[[0.976741,-0.147661,0.155477],[0.0411218,-0.582642,-0.811688],[0.210442,0.799203,-0.563018]],[[0.976741,-0.147661,0.155477],[-0.08158,-0.926478,-0.3674],[0.198297,0.346171,-0.916975]]],"btipPosition":[30.6699,234.07,20.1875],"carpPosition":[31.977,293.381,80.8536],"dipPosition":[34.3953,240.574,2.96031],"direction":[-0.210442,-0.799203,0.563018],"extended":false,"handId":643,"id":6432,"length":66.9886,"mcpPosition":[42.4276,303.97,12.7093],"pipPosition":[40.378,263.294,-13.0456],"stabilizedTipPosition":[-13.7556,280.125,159.163],"timeVisible":0.415694,"tipPosition":[31.5441,236.15,17.0294],"tipVelocity":[-8.60521,-107.244,-183.972],"tool":false,"touchDistance":0.333333,"touchZone":"none","type":2,"width":18.9921},{"bases":[[[0.936661,-0.237558,0.257356],[0.185671,0.959853,0.210257],[-0.296972,-0.149156,0.943165]],[[0.93481,-0.238475,0.263172],[0.346681,0.4519,-0.821948],[0.077086,0.859602,0.505116]],[[0.93481,-0.238475,0.263172],[0.0615006,-0.621128,-0.781292],[0.349782,0.746546,-0.56597]],[[0.93481,-0.238475,0.263172],[-0.134608,-0.923647,-0.358826],[0.328649,0.300009,-0.895536]]],"btipPosition":[43.5299,237.297,32.5481],"carpPosition":[44.2017,292.632,81.7725],"dipPosition":[49.6688,242.901,15.8204],"direction":[-0.349782,-0.746545,0.56597],"extended":false,"handId":643,"id":6433,"length":64.4113,"mcpPosition":[62.7991,301.973,22.7084],"pipPosition":[59.3558,263.576,0.146057],"stabilizedTipPosition":[-0.628593,277.007,165.991],"timeVisible":0.415694,"tipPosition":[45.0183,238.988,28.593],"tipVelocity":[-13.3538,-96.6347,-148.265],"tool":false,"touchDistance":0.333333,"touchZone":"none","type":3,"width":18.0722},{"bases":[[[0.852354,-0.408533,0.326485],[0.302124,0.894246,0.33022],[-0.426864,-0.182826,0.885642]],[[0.876998,-0.396513,0.271387],[0.448046,0.470811,-0.759994],[0.173575,0.788108,0.590557]],[[0.876998,-0.396513,0.271387],[0.0064894,-0.554984,-0.831836],[0.480449,0.73128,-0.484147]],[[0.876998,-0.396513,0.271387],[-0.250084,-0.858955,-0.446827],[0.410282,0.323997,-0.852464]]],"btipPosition":[57.9996,247.614,35.8669],"carpPosition":[55.8548,284.757,83.9268],"dipPosition":[65.0697,253.197,21.1771],"direction":[-0.480449,-0.73128,0.484147],"extended":false,"handId":643,"id":6434,"length":50.4973,"mcpPosition":[80.6,295.356,32.5863],"pipPosition":[74.4642,267.496,11.7103],"stabilizedTipPosition":[11.1745,281.351,186.895],"timeVisible":0.415694,"tipPosition":[59.8059,249.316,33.0612],"tipVelocity":[-12.1577,-91.8574,-183.455],"tool":false,"touchDistance":0.333333,"touchZone":"none","type":4,"width":16.0532}],"r":[[0.831055,0.549745,0.0844347],[-0.511011,0.814631,-0.274307],[-0.219582,0.184817,0.957928]],"s":1.02931,"t":[39.9575,-34.5513,-198.47],"timestamp":523073453991},false],[5,{"currentFrameRate":103.848,"devices":[],"gestures":[],"hands":[{"armBasis":[[0.995955,0.0580054,-0.0686256],[-0.0405164,0.971581,0.233213],[0.0802029,-0.229489,0.970001]],"armWidth":63.703,"confidence":0.568869,"direction":[0.16928,0.291005,-0.941626],"elbow":[60.8469,218.166,349.167],"grabStrength":0,"id":643,"palmNormal":[0.0501224,-0.956721,-0.286659],"palmPosition":[41.052,291.7,33.9193],"palmVelocity":[-21.1727,-86.6663,-181.58],"palmWidth":90.9658,"pinchStrength":0.845005,"r":[[0.830074,0.551706,0.0812257],[-0.513257,0.812796,-0.275554],[-0.218045,0.187041,0.957848]],"s":1.02918,"sphereCenter":[52.5279,254.591,5.10473],"sphereRadius":46.4786,"stabilizedPalmPosition":[2.794,327.271,230.206],"t":[39.7101,-35.2908,-200.125],"timeVisible":0.424918,"type":"right","wrist":[39.1979,280.111,87.3369]}],"id":4227725,"interactionBox":{"center":[0,200,0],"size":[235.247,235.247,147.751]},"pointables":[{"bases":[[[0.384278,0.911966,0.143693],[-0.880632,0.315359,0.353603],[0.277159,-0.262423,0.924293]],[[0.26329,0.946192,-0.188146],[-0.964488,0.262424,-0.0299569],[0.021029,0.189351,0.981684]],[[0.26329,0.946192,-0.188146],[-0.955882,0.229536,-0.183311],[-0.130262,0.228109,0.964882]],[[0.26329,0.946192,-0.188146],[-0.737759,0.0718195,-0.671233],[-0.621603,0.315535,0.716971]]],"btipPosition":[29.0417,244.216,-16.2232],"carpPosition":[11.1071,268.824,82.4317],"dipPosition":[14.4979,251.599,0.551987],"direction":[0.130262,-0.228109,-0.964882],"extended":false,"handId":643,"id":6430,"length":52.1025,"mcpPosition":[11.1071,268.824,82.4317],"pipPosition":[10.0577,259.374,33.4415],"stabilizedTipPosition":[-17.2181,295.207,142.188],"timeVisible":0.424918,"tipPosition":[26.2981,245.714,-12.4549],"tipVelocity":[-12.6555,-103.611,-155.709],"tool":false,"touchDistance":-0.547841,"touchZone":"hovering","type":0,"width":20.2446},{"bases":[[[0.998742,0.0475501,0.0159326],[-0.0493287,0.988724,0.141392],[-0.00902968,-0.142,0.989825]],[[0.987321,0.0268864,0.156444],[-0.0320817,0.999011,0.0307786],[-0.155462,-0.0354074,0.987207]],[[0.987321,0.0268864,0.156444],[-0.0089103,0.993385,-0.114489],[-0.158488,0.111644,0.981029]],[[0.987321,0.0268864,0.156444],[0.00914226,0.974284,-0.225137],[-0.158474,0.223712,0.961685]]],"btipPosition":[33.7527,296.074,-75.9496],"carpPosition":[19.8748,290.628,79.3857],"dipPosition":[31.0458,299.895,-59.523],"direction":[0.158488,-0.111644,-0.981029],"extended":true,"handId":643,"id":6431,"length":58.7918,"mcpPosition":[20.5389,301.072,6.58405],"pipPosition":[27.2161,302.593,-35.8174],"stabilizedTipPosition":[-4.52374,349.466,113.272],"timeVisible":0.424918,"tipPosition":[33.7648,296.309,-72.0033],"tipVelocity":[-63.2296,-123.167,-183.404],"tool":false,"touchDistance":-0.594829,"touchZone":"hovering","type":1,"width":19.3376},{"bases":[[[0.982017,-0.141327,0.125176],[0.120044,0.979171,0.163748],[-0.145711,-0.145776,0.978528]],[[0.977517,-0.145382,0.152726],[0.206297,0.509561,-0.835338],[0.04362,0.848064,0.528096]],[[0.977517,-0.145382,0.152726],[0.0388134,-0.587869,-0.808025],[0.207255,0.795785,-0.569009]],[[0.977517,-0.145382,0.152726],[-0.0816156,-0.928721,-0.361685],[0.194422,0.341088,-0.919706]]],"btipPosition":[30.4751,233.244,18.9928],"carpPosition":[31.9584,292.974,79.2374],"dipPosition":[34.1277,239.652,1.71424],"direction":[-0.207255,-0.795785,0.569009],"extended":false,"handId":643,"id":6432,"length":66.9886,"mcpPosition":[42.1216,303.141,10.9856],"pipPosition":[40.0197,262.275,-14.462],"stabilizedTipPosition":[-13.3662,279.733,157.918],"timeVisible":0.424918,"tipPosition":[31.3395,235.301,15.7811],"tipVelocity":[-12.6243,-102.957,-169.067],"tool":false,"touchDistance":0.333333,"touchZone":"none","type":2,"width":18.9921},{"bases":[[[0.938009,-0.234648,0.255108],[0.185192,0.961426,0.203382],[-0.29299,-0.14353,0.945281]],[[0.936723,-0.235271,0.259224],[0.341144,0.447329,-0.826751],[0.0785518,0.86287,0.499285]],[[0.936723,-0.235271,0.259224],[0.058662,-0.624527,-0.778797],[0.345121,0.744724,-0.571207]],[[0.936723,-0.235271,0.259224],[-0.134217,-0.92527,-0.35477],[0.323319,0.297529,-0.898299]]],"btipPosition":[43.4297,236.511,31.2123],"carpPosition":[44.1877,292.247,80.1121],"dipPosition":[49.469,242.068,14.4329],"direction":[-0.345121,-0.744724,0.571207],"extended":false,"handId":643,"id":6433,"length":64.4113,"mcpPosition":[62.5357,301.236,20.9155],"pipPosition":[59.027,262.693,-1.38642],"stabilizedTipPosition":[-0.247351,276.678,164.828],"timeVisible":0.424918,"tipPosition":[44.88,238.204,27.2576],"tipVelocity":[-13.3508,-93.7685,-147.66],"tool":false,"touchDistance":0.333333,"touchZone":"none","type":3,"width":18.0722},{"bases":[[[0.854214,-0.405291,0.325664],[0.302215,0.896743,0.323294],[-0.423065,-0.177742,0.888495]],[[0.87811,-0.393869,0.271644],[0.445032,0.463878,-0.766005],[0.175696,0.793527,0.58262]],[[0.87811,-0.393869,0.271644],[0.00430925,-0.561214,-0.82766],[0.478439,0.727947,-0.49111]],[[0.87811,-0.393869,0.271644],[-0.25016,-0.861909,-0.44106],[0.407851,0.319345,-0.855381]]],"btipPosition":[57.7909,246.918,34.5115],"carpPosition":[55.8602,284.402,82.2698],"dipPosition":[64.8191,252.421,19.7714],"direction":[-0.478439,-0.727947,0.49111],"extended":false,"handId":643,"id":6434,"length":50.4973,"mcpPosition":[80.3851,294.706,30.764],"pipPosition":[74.1743,266.655,10.1685],"stabilizedTipPosition":[11.3401,281.237,186.361],"timeVisible":0.424918,"tipPosition":[59.6059,248.6,31.6358],"tipVelocity":[-15.384,-87.8264,-173.57],"tool":false,"touchDistance":0.333333,"touchZone":"none","type":4,"width":16.0532}],"r":[[0.830074,0.551706,0.0812257],[-0.513257,0.812796,-0.275554],[-0.218045,0.187041,0.957848]],"s":1.02918,"t":[39.7101,-35.2908,-200.125],"timestamp":523073463215},false],[6,{"currentFrameRate":104.222,"devices":[],"gestures":[],"hands":[{"armBasis":[[0.995764,0.0616728,-0.0681972],[-0.0439558,0.970743,0.236063],[0.0807606,-0.232065,0.969342]],"armWidth":63.703,"confidence":0.589693,"direction":[0.165158,0.287085,-0.94356],"elbow":[61.0333,217.271,347.999],"grabStrength":0,"id":643,"palmNormal":[0.0520586,-0.957902,-0.282337],"palmPosition":[40.8691,291.255,32.8688],"palmVelocity":[-21.0079,-76.7117,-164.332],"palmWidth":90.9658,"pinchStrength":0.841516,"r":[[0.828999,0.553845,0.0775653],[-0.515738,0.810748,-0.276953],[-0.216275,0.18959,0.957748]],"s":1.02856,"sphereCenter":[52.1657,254.04,4.1532],"sphereRadius":46.4224,"stabilizedPalmPosition":[2.84539,327.222,229.939],"t":[39.495,-35.8831,-201.478],"timeVisible":0.433811,"type":"right","wrist":[39.2337,279.912,86.3464]}],"id":4227726,"interactionBox":{"center":[0,200,0],"size":[235.247,235.247,147.751]},"pointables":[{"bases":[[[0.381983,0.913795,0.138086],[-0.880372,0.314344,0.355153],[0.28113,-0.257229,0.924553]],[[0.259866,0.946114,-0.193231],[-0.965349,0.259486,-0.0277266],[0.0239082,0.19374,0.980762]],[[0.259866,0.946114,-0.193231],[-0.957276,0.226115,-0.180265],[-0.126859,0.23182,0.964451]],[[0.259866,0.946114,-0.193231],[-0.736685,0.0648676,-0.673118],[-0.624312,0.31727,0.713845]]],"btipPosition":[28.8992,243.523,-16.93],"carpPosition":[11.1609,268.516,81.591],"dipPosition":[14.292,250.946,-0.227968],"direction":[0.126859,-0.23182,-0.964451],"extended":false,"handId":643,"id":6430,"length":52.1025,"mcpPosition":[11.1609,268.516,81.591],"pipPosition":[9.96778,258.848,32.6468],"stabilizedTipPosition":[-16.8521,294.779,140.859],"timeVisible":0.433811,"tipPosition":[26.0975,245.031,-13.1962],"tipVelocity":[-14.0171,-96.3596,-135.503],"tool":false,"touchDistance":-0.532245,"touchZone":"hovering","type":0,"width":20.2446},{"bases":[[[0.998641,0.0506571,0.0122665],[-0.0518612,0.989224,0.136919],[-0.00519834,-0.137369,0.990506]],[[0.98809,0.0309387,0.150733],[-0.0351305,0.999064,0.0252254],[-0.149811,-0.0302202,0.988253]],[[0.98809,0.0309387,0.150733],[-0.0125992,0.992556,-0.121137],[-0.153358,0.117795,0.981125]],[[0.98809,0.0309387,0.150733],[0.00500898,0.972592,-0.232465],[-0.153793,0.230452,0.960854]]],"btipPosition":[33.001,294.952,-77.0059],"carpPosition":[19.8514,290.333,78.4125],"dipPosition":[30.374,298.888,-60.5935],"direction":[0.153358,-0.117795,-0.981125],"extended":true,"handId":643,"id":6431,"length":58.7918,"mcpPosition":[20.2338,300.436,5.56077],"pipPosition":[26.6683,301.734,-36.8856],"stabilizedTipPosition":[-4.18794,348.979,111.576],"timeVisible":0.433811,"tipPosition":[33.0556,295.306,-73.0665],"tipVelocity":[-68.4575,-123.191,-165.938],"tool":false,"touchDistance":-0.579573,"touchZone":"hovering","type":1,"width":19.3376},{"bases":[[[0.982868,-0.137753,0.122452],[0.117616,0.980291,0.158735],[-0.141905,-0.141613,0.979698]],[[0.978377,-0.141772,0.150596],[0.202229,0.502992,-0.840299],[0.0433821,0.852584,0.520786]],[[0.978377,-0.141772,0.150596],[0.0377424,-0.593514,-0.803938],[0.203357,0.792239,-0.575329]],[[0.978377,-0.141772,0.150596],[-0.0800257,-0.930886,-0.356438],[0.19072,0.336679,-0.922102]]],"btipPosition":[30.3703,232.66,18.4622],"carpPosition":[31.9273,292.714,78.2116],"dipPosition":[33.9534,238.985,1.1387],"direction":[-0.203357,-0.792239,0.575329],"extended":false,"handId":643,"id":6432,"length":66.9886,"mcpPosition":[41.8251,302.591,9.87819],"pipPosition":[39.7346,261.508,-15.2172],"stabilizedTipPosition":[-12.9701,279.328,156.643],"timeVisible":0.433811,"tipPosition":[31.235,234.681,15.1108],"tipVelocity":[-12.8827,-93.4045,-139.644],"tool":false,"touchDistance":0.333333,"touchZone":"none","type":2,"width":18.9921},{"bases":[[[0.939591,-0.230596,0.252971],[0.182953,0.96293,0.198228],[-0.289304,-0.139971,0.946948]],[[0.93971,-0.230538,0.252582],[0.333312,0.452287,-0.827248],[0.0764725,0.861562,0.50186]],[[0.93971,-0.230538,0.252582],[0.0591514,-0.617892,-0.784035],[0.336818,0.751706,-0.567003]],[[0.93971,-0.230538,0.252582],[-0.129412,-0.923406,-0.36135],[0.31654,0.306877,-0.897568]]],"btipPosition":[43.6223,235.76,29.7981],"carpPosition":[44.1617,292.029,79.0475],"dipPosition":[49.535,241.492,13.0324],"direction":[-0.336818,-0.751706,0.567003],"extended":false,"handId":643,"id":6433,"length":64.4113,"mcpPosition":[62.2789,300.794,19.7464],"pipPosition":[58.863,262.31,-2.67049],"stabilizedTipPosition":[0.115079,276.361,163.715],"timeVisible":0.433811,"tipPosition":[44.9587,237.545,26.0596],"tipVelocity":[-4.72623,-89.9969,-150.651],"tool":false,"touchDistance":0.333333,"touchZone":"none","type":3,"width":18.0722},{"bases":[[[0.85656,-0.401159,0.324616],[0.300584,0.899167,0.318038],[-0.419468,-0.174844,0.890773]],[[0.879919,-0.390089,0.271244],[0.441528,0.460494,-0.770064],[0.175487,0.797356,0.577433]],[[0.879919,-0.390089,0.271244],[0.00384452,-0.565027,-0.825064],[0.475109,0.727032,-0.495678]],[[0.879919,-0.390089,0.271244],[-0.2484,-0.864352,-0.437256],[0.405019,0.317372,-0.857458]]],"btipPosition":[57.7089,246.494,33.6199],"carpPosition":[55.8653,284.229,81.2017],"dipPosition":[64.6883,251.963,18.844],"direction":[-0.475109,-0.727032,0.495678],"extended":false,"handId":643,"id":6434,"length":50.4973,"mcpPosition":[80.1818,294.365,29.5639],"pipPosition":[73.9784,266.179,9.15175],"stabilizedTipPosition":[11.4966,281.128,185.851],"timeVisible":0.433811,"tipPosition":[59.5199,248.171,30.7135],"tipVelocity":[-14.0524,-77.1508,-153.895],"tool":false,"touchDistance":0.333333,"touchZone":"none","type":4,"width":16.0532}],"r":[[0.828999,0.553845,0.0775653],[-0.515738,0.810748,-0.276953],[-0.216275,0.18959,0.957748]],"s":1.02856,"t":[39.495,-35.8831,-201.478],"timestamp":523073472108},false],[7,{"currentFrameRate":104.487