{"sensorType":"Leap","data":[[0,{"currentFrameRate":110.292,"devices":[],"gestures":[],"hands":[{"armBasis":[[0.995743,0.0738421,-0.0551741],[-0.0621371,0.979827,0.189942],[0.0680868,-0.185705,0.980244]],"armWidth":62.582,"confidence":0.828025,"direction":[0.211055,0.165055,-0.963438],"elbow":[53.2517,228.306,354.675],"grabStrength":0,"id":649,"palmNormal":[0.0549123,-0.986086,-0.156906],"palmPosition":[39.3166,281.973,41.3474],"palmVelocity":[14.7755,-31.2206,-95.1665],"palmWidth":89.365,"pinchStrength":0.708663,"r":[[0.950633,0.307192,0.0439394],[-0.291779,0.933041,-0.210473],[-0.105653,0.187262,0.976612]],"s":1.49948,"sphereCenter":[43.4117,242.72,14.8156],"sphereRadius":47.3005,"stabilizedPalmPosition":[2.79122,315.278,177.502],"t":[53.4027,-41.7937,-179.472],"timeVisible":1.41897,"type":"right","wrist":[35.1966,277.551,94.7355]}],"id":4229665,"interactionBox":{"center":[0,200,0],"size":[235.247,235.247,147.751]},"pointables":[{"bases":[[[0.384781,0.922152,0.0397362],[-0.892348,0.36065,0.27138],[0.235922,-0.13988,0.961652]],[[0.272886,0.910023,-0.312075],[-0.947165,0.310973,0.0785841],[0.16856,0.274141,0.946802]],[[0.272886,0.910023,-0.312075],[-0.93209,0.169774,-0.319976],[-0.238203,0.378199,0.894553]],[[0.272886,0.910023,-0.312075],[-0.804654,0.0380964,-0.59252],[-0.527318,0.412803,0.74265]]],"btipPosition":[19.5782,230.39,-3.21557],"carpPosition":[7.74468,265.983,90.2283],"dipPosition":[7.45748,239.878,13.8547],"direction":[0.238203,-0.378199,-0.894553],"extended":false,"handId":649,"id":6490,"length":51.1856,"mcpPosition":[7.74468,265.983,90.2283],"pipPosition":[-0.519162,252.543,43.8103],"stabilizedTipPosition":[17.5801,240.443,20.9916],"timeVisible":1.41897,"tipPosition":[17.8107,234.571,1.90972],"tipVelocity":[10.7023,-38.1592,-96.6779],"tool":false,"touchDistance":-0.392199,"touchZone":"touching","type":0,"width":19.8884},{"bases":[[[0.997512,0.047221,0.0523355],[-0.0477484,0.99882,0.00887268],[-0.0518547,-0.0113495,0.99859]],[[0.993212,0.0465333,0.106605],[-0.0538749,0.996294,0.0670554],[-0.103089,-0.0723435,0.992038]],[[0.993212,0.0465333,0.106605],[-0.0281737,0.985442,-0.16766],[-0.112855,0.163519,0.980064]],[[0.993212,0.0465333,0.106605],[-0.00596364,0.935659,-0.352856],[-0.116165,0.349825,0.929585]]],"btipPosition":[29.3638,280.932,-68.0405],"carpPosition":[16.6388,286.811,84.8368],"dipPosition":[27.4145,286.802,-52.4417],"direction":[0.112855,-0.163519,-0.980064],"extended":true,"handId":649,"id":6491,"length":57.7573,"mcpPosition":[20.3856,287.631,12.683],"pipPosition":[24.7355,290.684,-29.1762],"stabilizedTipPosition":[32.4232,294.34,-48.2089],"timeVisible":1.41897,"tipPosition":[29.0836,283.176,-60.9774],"tipVelocity":[8.81853,-56.2166,-90.3189],"tool":false,"touchDistance":-0.381968,"touchZone":"hovering","type":1,"width":18.9974},{"bases":[[[0.974762,-0.125718,0.184483],[0.120454,0.991932,0.0395146],[-0.187962,-0.0162957,0.982041]],[[0.973627,-0.125812,0.190319],[0.216437,0.245563,-0.94491],[0.072146,0.961182,0.266317]],[[0.973627,-0.125812,0.190319],[0.14568,-0.299149,-0.94302],[0.175577,0.945876,-0.272931]],[[0.973627,-0.125812,0.190319],[0.0973396,-0.525384,-0.845279],[0.206337,0.841512,-0.499282]]],"btipPosition":[29.2749,202.719,21.8388],"carpPosition":[28.5225,289.053,84.9],"dipPosition":[33.0831,218.25,12.6238],"direction":[-0.175577,-0.945876,0.272931],"extended":false,"handId":649,"id":6492,"length":65.8098,"mcpPosition":[41.4021,290.169,17.6086],"pipPosition":[37.9867,244.667,5.00127],"stabilizedTipPosition":[33.2716,214.085,31.9799],"timeVisible":1.41897,"tipPosition":[30.402,208.914,20.7526],"tipVelocity":[28.5562,-32.5267,-97.1526],"tool":false,"touchDistance":0.333333,"touchZone":"none","type":2,"width":18.6579},{"bases":[[[0.924605,-0.201161,0.32348],[0.183735,0.979391,0.0838793],[-0.333687,-0.0181206,0.94251]],[[0.930534,-0.200798,0.306247],[0.340937,0.169761,-0.924631],[0.133675,0.964812,0.226428]],[[0.930534,-0.200798,0.306247],[0.218289,-0.367321,-0.904116],[0.294035,0.908161,-0.297972]],[[0.930534,-0.200798,0.306247],[0.141872,-0.573294,-0.806973],[0.337608,0.794364,-0.504982]]],"btipPosition":[40.9518,207.925,35.8118],"carpPosition":[40.484,288.433,86.3587],"dipPosition":[47.147,222.502,26.5452],"direction":[-0.294035,-0.908161,0.297972],"extended":false,"handId":649,"id":6493,"length":63.2778,"mcpPosition":[61.0128,289.548,28.3743],"pipPosition":[55.1469,247.211,18.4382],"stabilizedTipPosition":[41.2329,217.736,58.1962],"timeVisible":1.41897,"tipPosition":[42.2471,213.729,34.0324],"tipVelocity":[26.0833,-29.1484,-89.6364],"tool":false,"touchDistance":0.333333,"touchZone":"none","type":3,"width":17.7542},{"bases":[[[0.836617,-0.360946,0.412056],[0.295101,0.930706,0.216108],[-0.461506,-0.0592015,0.88516]],[[0.786004,-0.365069,0.498921],[0.572754,0.126243,-0.809948],[0.232701,0.922382,0.308322]],[[0.786004,-0.365069,0.498921],[0.359479,-0.38668,-0.849266],[0.502963,0.846879,-0.172697]],[[0.786004,-0.365069,0.498921],[0.231111,-0.575002,-0.784832],[0.573398,0.732187,-0.367583]]],"btipPosition":[50.6253,223.723,38.3788],"carpPosition":[51.7926,281.047,89.9554],"dipPosition":[60.3323,236.118,32.156],"direction":[-0.502963,-0.846879,0.172697],"extended":false,"handId":649,"id":6494,"length":49.6087,"mcpPosition":[78.0752,284.418,39.5459],"pipPosition":[69.994,252.386,28.8386],"stabilizedTipPosition":[51.808,231.703,60.7111],"timeVisible":1.41897,"tipPosition":[52.4259,228.479,37.1431],"tipVelocity":[25.6947,-27.9765,-102.281],"tool":false,"touchDistance":0.333333,"touchZone":"none","type":4,"width":15.7707}],"r":[[0.950633,0.307192,0.0439394],[-0.291779,0.933041,-0.210473],[-0.105653,0.187262,0.976612]],"s":1.49948,"t":[53.4027,-41.7937,-179.472],"timestamp":523094107851},false],[1,{"currentFrameRate":110.234,"devices":[],"gestures":[],"hands":[{"armBasis":[[0.995869,0.0721844,-0.0550893],[-0.0607556,0.980565,0.186551],[0.0674846,-0.182433,0.9809]],"armWidth":62.5525,"confidence":0.835759,"direction":[0.209906,0.166358,-0.963465],"elbow":[53.2084,228.86,354.211],"grabStrength":0,"id":649,"palmNormal":[0.0546156,-0.985875,-0.158329],"palmPosition":[39.3753,281.708,40.8587],"palmVelocity":[12.4392,-30.5818,-83.4742],"palmWidth":89.3229,"pinchStrength":0.708043,"r":[[0.950116,0.308851,0.0434796],[-0.293624,0.932734,-0.209267],[-0.105187,0.186061,0.976892]],"s":1.49913,"sphereCenter":[43.685,242.394,14.3476],"sphereRadius":47.3279,"stabilizedPalmPosition":[2.79381,315.276,177.493],"t":[53.5041,-42.1123,-180.214],"timeVisible":1.42814,"type":"right","wrist":[35.3214,277.215,94.2205]}],"id":4229666,"interactionBox":{"center":[0,200,0],"size":[235.247,235.247,147.751]},"pointables":[{"bases":[[[0.384928,0.922056,0.0405389],[-0.89198,0.360371,0.272956],[0.237072,-0.141228,0.961172]],[[0.272402,0.910308,-0.311668],[-0.946916,0.311101,0.0810343],[0.170726,0.27305,0.946729]],[[0.272402,0.910308,-0.311668],[-0.932531,0.169977,-0.318582],[-0.237031,0.377422,0.895192]],[[0.272402,0.910308,-0.311668],[-0.804092,0.0374783,-0.593322],[-0.528425,0.412232,0.74218]]],"btipPosition":[19.5837,230.177,-3.67415],"carpPosition":[7.87576,265.661,89.7328],"dipPosition":[7.44328,239.648,13.3773],"direction":[0.237031,-0.377422,-0.895192],"extended":false,"handId":649,"id":6490,"length":51.1615,"mcpPosition":[7.87576,265.661,89.7328],"pipPosition":[-0.49035,252.281,43.3402],"stabilizedTipPosition":[17.5787,240.428,20.9539],"timeVisible":1.42814,"tipPosition":[17.7883,234.316,1.42111],"tipVelocity":[7.74558,-34.0929,-83.7796],"tool":false,"touchDistance":-0.388256,"touchZone":"touching","type":0,"width":19.879},{"bases":[[[0.99758,0.0470427,0.0511924],[-0.0476296,0.998812,0.0103047],[-0.0506468,-0.0127181,0.998636]],[[0.993275,0.0462707,0.106128],[-0.0534007,0.996432,0.0653553],[-0.102726,-0.0705831,0.992202]],[[0.993275,0.0462707,0.106128],[-0.0279648,0.985408,-0.167898],[-0.112348,0.163801,0.980075]],[[0.993275,0.0462707,0.106128],[-0.00601777,0.93606,-0.35179],[-0.11562,0.348785,0.930043]]],"btipPosition":[29.3567,280.645,-68.4618],"carpPosition":[16.7614,286.486,84.3617],"dipPosition":[27.4175,286.495,-52.8626],"direction":[0.112348,-0.163801,-0.980075],"extended":true,"handId":649,"id":6491,"length":57.73,"mcpPosition":[20.4192,287.405,12.2385],"pipPosition":[24.7517,290.381,-29.6078],"stabilizedTipPosition":[32.4019,294.265,-48.3099],"timeVisible":1.42814,"tipPosition":[29.0754,282.843,-61.4469],"tipVelocity":[6.21125,-49.3998,-77.9264],"tool":false,"touchDistance":-0.378423,"touchZone":"hovering","type":1,"width":18.9884},{"bases":[[[0.974971,-0.126075,0.183129],[0.120608,0.991864,0.0407334],[-0.186775,-0.017627,0.982245]],[[0.973888,-0.126174,0.188738],[0.214945,0.244841,-0.945437],[0.0730784,0.961318,0.265568]],[[0.973888,-0.126174,0.188738],[0.144089,-0.298929,-0.943334],[0.175443,0.945897,-0.272944]],[[0.973888,-0.126174,0.188738],[0.0959828,-0.524561,-0.845945],[0.205741,0.841971,-0.498753]]],"btipPosition":[29.2811,202.508,21.3941],"carpPosition":[28.6399,288.725,84.4135],"dipPosition":[33.0766,218.04,12.1933],"direction":[-0.175443,-0.945897,0.272944],"extended":false,"handId":649,"id":6492,"length":65.7787,"mcpPosition":[41.432,289.932,17.1399],"pipPosition":[37.9741,244.445,4.57394],"stabilizedTipPosition":[33.2698,214.08,31.9724],"timeVisible":1.42814,"tipPosition":[30.417,208.66,20.2256],"tipVelocity":[20.6873,-29.8652,-83.4684],"tool":false,"touchDistance":0.333333,"touchZone":"none","type":2,"width":18.6491},{"bases":[[[0.924974,-0.201705,0.322083],[0.183942,0.979255,0.0850042],[-0.332547,-0.0193819,0.942887]],[[0.931107,-0.201301,0.304168],[0.338309,0.16492,-0.926471],[0.136336,0.965546,0.22166]],[[0.931107,-0.201301,0.304168],[0.215021,-0.370674,-0.90353],[0.294629,0.906685,-0.301853]],[[0.931107,-0.201301,0.304168],[0.139052,-0.575036,-0.806224],[0.337202,0.792976,-0.507429]]],"btipPosition":[40.8695,207.744,35.6694],"carpPosition":[40.5973,288.103,85.8562],"dipPosition":[47.0543,222.288,26.3624],"direction":[-0.294629,-0.906685,0.301853],"extended":false,"handId":649,"id":6493,"length":63.248,"mcpPosition":[61.0464,289.295,27.8759],"pipPosition":[55.0666,246.945,18.1536],"stabilizedTipPosition":[41.2337,217.731,58.1778],"timeVisible":1.42814,"tipPosition":[42.2162,213.483,33.7075],"tipVelocity":[16.2262,-26.7648,-69.236],"tool":false,"touchDistance":0.333333,"touchZone":"none","type":3,"width":17.7458},{"bases":[[[0.837076,-0.361602,0.410545],[0.295463,0.930376,0.217031],[-0.46044,-0.0603704,0.885635]],[[0.786671,-0.365834,0.497308],[0.570824,0.124156,-0.811631],[0.235178,0.922362,0.306497]],[[0.786671,-0.365834,0.497308],[0.357493,-0.386803,-0.850048],[0.503337,0.846492,-0.173504]],[[0.786671,-0.365834,0.497308],[0.229841,-0.574075,-0.785882],[0.572994,0.732532,-0.367524]]],"btipPosition":[50.5904,223.485,37.9258],"carpPosition":[51.9042,280.713,89.4273],"dipPosition":[60.2861,235.88,31.7069],"direction":[-0.503337,-0.846492,0.173504],"extended":false,"handId":649,"id":6494,"length":49.5853,"mcpPosition":[78.1137,284.15,39.0145],"pipPosition":[69.9503,252.133,28.3756],"stabilizedTipPosition":[51.8085,231.7,60.6986],"timeVisible":1.42814,"tipPosition":[52.425,228.211,36.6391],"tipVelocity":[17.3843,-27.3887,-87.4908],"tool":false,"touchDistance":0.333333,"touchZone":"none","type":4,"width":15.7632}],"r":[[0.950116,0.308851,0.0434796],[-0.293624,0.932734,-0.209267],[-0.105187,0.186061,0.976892]],"s":1.49913,"t":[53.5041,-42.1123,-180.214],"timestamp":523094117025},false],[2,{"currentFrameRate":110.347,"devices":[],"gestures":[],"hands":[{"armBasis":[[0.995587,0.0742454,-0.0573894],[-0.062649,0.981197,0.182558],[0.0698644,-0.178157,0.981519]],"armWidth":62.5525,"confidence":0.841874,"direction":[0.208945,0.167948,-0.963398],"elbow":[53.8789,229.754,353.702],"grabStrength":0,"id":649,"palmNormal":[0.0576145,-0.985545,-0.159314],"palmPosition":[39.3765,281.532,40.1877],"palmVelocity":[9.10452,-27.6578,-81.3717],"palmWidth":89.3229,"pinchStrength":0.705604,"r":[[0.949511,0.310761,0.0430871],[-0.295699,0.932341,-0.208092],[-0.104839,0.184844,0.97716]],"s":1.49881,"sphereCenter":[44.0362,242.152,13.7028],"sphereRadius":47.3645,"stabilizedPalmPosition":[2.79612,315.274,177.484],"t":[53.5554,-42.3593,-180.921],"timeVisible":1.43701,"type":"right","wrist":[35.3611,276.975,93.547]}],"id":4229667,"interactionBox":{"center":[0,200,0],"size":[235.247,235.247,147.751]},"pointables":[{"bases":[[[0.382072,0.923211,0.0412614],[-0.892973,0.357325,0.273713],[0.237951,-0.141423,0.960926]],[[0.269264,0.911365,-0.311304],[-0.947624,0.308376,0.083142],[0.171771,0.272612,0.946667]],[[0.269264,0.911365,-0.311304],[-0.93342,0.167379,-0.317351],[-0.237117,0.376028,0.895756]],[[0.269264,0.911365,-0.311304],[-0.80241,0.0335499,-0.595829],[-0.532574,0.410228,0.740322]]],"btipPosition":[19.7045,229.97,-4.31955],"carpPosition":[7.94952,265.34,89.0605],"dipPosition":[7.46874,239.395,12.6892],"direction":[0.237117,-0.376028,-0.895756],"extended":false,"handId":649,"id":6490,"length":51.1615,"mcpPosition":[7.94952,265.34,89.0605],"pipPosition":[-0.467793,251.981,42.671],"stabilizedTipPosition":[17.5776,240.415,20.92],"timeVisible":1.43701,"tipPosition":[17.8768,234.079,0.758044],"tipVelocity":[8.66942,-31.5025,-81.1118],"tool":false,"touchDistance":-0.387592,"touchZone":"touching","type":0,"width":19.879},{"bases":[[[0.997452,0.0501013,0.0507837],[-0.0507367,0.998648,0.011299],[-0.0501489,-0.0138469,0.998646]],[[0.993092,0.0492494,0.1065],[-0.056199,0.996413,0.0632673],[-0.103002,-0.0688155,0.992298]],[[0.993092,0.0492494,0.1065],[-0.0307593,0.985178,-0.168757],[-0.113233,0.164315,0.979887]],[[0.993092,0.0492494,0.1065],[-0.00873057,0.936148,-0.351497],[-0.117011,0.348139,0.930112]]],"btipPosition":[29.3831,280.362,-69.1193],"carpPosition":[16.7678,286.198,83.7056],"dipPosition":[27.4205,286.201,-53.519],"direction":[0.113233,-0.164315,-0.979887],"extended":true,"handId":649,"id":6491,"length":57.73,"mcpPosition":[20.3897,287.198,11.5818],"pipPosition":[24.7338,290.1,-30.2686],"stabilizedTipPosition":[32.3845,294.202,-48.3964],"timeVisible":1.43701,"tipPosition":[29.0891,282.527,-62.1046],"tipVelocity":[5.17117,-44.73,-76.9067],"tool":false,"touchDistance":-0.378772,"touchZone":"hovering","type":1,"width":18.9884},{"bases":[[[0.975443,-0.123214,0.182562],[0.117536,0.992195,0.0416443],[-0.186268,-0.019164,0.982312]],[[0.974435,-0.123315,0.187802],[0.213143,0.243111,-0.946291],[0.071035,0.962128,0.26318]],[[0.974435,-0.123315,0.187802],[0.143773,-0.300071,-0.94302],[0.172642,0.945913,-0.27467]],[[0.974435,-0.123315,0.187802],[0.0965474,-0.524947,-0.845641],[0.202866,0.842155,-0.499621]]],"btipPosition":[29.4737,202.32,20.9074],"carpPosition":[28.6392,288.474,83.7542],"dipPosition":[33.2161,217.856,11.6905],"direction":[-0.172642,-0.945913,0.27467],"extended":false,"handId":649,"id":6492,"length":65.7787,"mcpPosition":[41.3967,289.786,16.476],"pipPosition":[38.0355,244.261,4.02303],"stabilizedTipPosition":[33.2682,214.075,31.965],"timeVisible":1.43701,"tipPosition":[30.6116,208.464,19.6185],"tipVelocity":[20.5979,-27.5,-75.8446],"tool":false,"touchDistance":0.333333,"touchZone":"none","type":2,"width":18.6491},{"bases":[[[0.925746,-0.199134,0.321465],[0.180929,0.97974,0.0858738],[-0.332053,-0.0213349,0.943019]],[[0.932014,-0.198683,0.303109],[0.336588,0.164416,-0.927187],[0.13438,0.966174,0.220112]],[[0.932014,-0.198683,0.303109],[0.214881,-0.370548,-0.903615],[0.291849,0.907314,-0.302663]],[[0.932014,-0.198683,0.303109],[0.139842,-0.574428,-0.806521],[0.334356,0.794077,-0.507591]]],"btipPosition":[41.0545,207.584,35.0889],"carpPosition":[40.5992,287.888,85.1908],"dipPosition":[47.1872,222.148,25.7788],"direction":[-0.291849,-0.907314,0.302663],"extended":false,"handId":649,"id":6493,"length":63.248,"mcpPosition":[61.0179,289.199,27.2024],"pipPosition":[55.1239,246.822,17.548],"stabilizedTipPosition":[41.2345,217.726,58.1608],"timeVisible":1.43701,"tipPosition":[42.3977,213.318,33.0729],"tipVelocity":[17.1214,-24.2664,-68.2484],"tool":false,"touchDistance":0.333333,"touchZone":"none","type":3,"width":17.7458},{"bases":[[[0.838387,-0.359391,0.409812],[0.292662,0.931081,0.217802],[-0.459844,-0.062666,0.885786]],[[0.787705,-0.36388,0.497103],[0.571402,0.129949,-0.810316],[0.23026,0.922336,0.310283]],[[0.787705,-0.36388,0.497103],[0.360548,-0.381987,-0.850936],[0.499525,0.849516,-0.169697]],[[0.787705,-0.36388,0.497103],[0.233364,-0.570537,-0.787419],[0.570142,0.73626,-0.364498]]],"btipPosition":[50.8751,223.312,36.9838],"carpPosition":[51.9307,280.53,88.7496],"dipPosition":[60.5225,235.77,30.8161],"direction":[-0.499525,-0.849516,0.169697],"extended":false,"handId":649,"id":6494,"length":49.5853,"mcpPosition":[78.1062,284.097,38.3282],"pipPosition":[70.1136,252.081,27.5579],"stabilizedTipPosition":[51.8091,231.698,60.6875],"timeVisible":1.43701,"tipPosition":[52.6514,228.059,35.7893],"tipVelocity":[21.0401,-24.8184,-92.2264],"tool":false,"touchDistance":0.333333,"touchZone":"none","type":4,"width":15.7632}],"r":[[0.949511,0.310761,0.0430871],[-0.295699,0.932341,-0.208092],[-0.104839,0.184844,0.97716]],"s":1.49881,"t":[53.5554,-42.3593,-180.921],"timestamp":523094125887},false],[3,{"currentFrameRate":110.245,"devices":[],"gestures":[],"hands":[{"armBasis":[[0.995602,0.0762973,-0.0543633],[-0.0653251,0.981328,0.18091],[0.0671512,-0.176563,0.981996]],"armWidth":62.523,"confidence":0.84341,"direction":[0.207148,0.16842,-0.963704],"elbow":[53.1909,229.996,352.812],"grabStrength":0,"id":649,"palmNormal":[0.060659,-0.985386,-0.15917],"palmPosition":[39.3304,281.328,39.313],"palmVelocity":[5.14506,-26.0772,-85.0742],"palmWidth":89.2808,"pinchStrength":0.701502,"r":[[0.948829,0.312916,0.0425164],[-0.298025,0.931818,-0.207116],[-0.104427,0.183846,0.977392]],"s":1.49818,"sphereCenter":[44.3822,241.853,12.9242],"sphereRadius":47.3756,"stabilizedPalmPosition":[2.79823,315.272,177.476],"t":[53.558,-42.5847,-181.711],"timeVisible":1.44626,"type":"right","wrist":[35.4006,276.772,92.6533]}],"id":4229668,"interactionBox":{"center":[0,200,0],"size":[235.247,235.247,147.751]},"pointables":[{"bases":[[[0.379078,0.924475,0.0405651],[-0.893793,0.354439,0.274785],[0.239654,-0.140422,0.960649]],[[0.26569,0.912084,-0.312267],[-0.948431,0.305377,0.0849935],[0.172881,0.273582,0.946185]],[[0.26569,0.912084,-0.312267],[-0.934659,0.164319,-0.315297],[-0.236266,0.375635,0.896146]],[[0.26569,0.912084,-0.312267],[-0.80375,0.0307069,-0.594174],[-0.532348,0.408851,0.741246]]],"btipPosition":[19.6962,229.696,-5.13983],"carpPosition":[8.03476,265.051,88.2068],"dipPosition":[7.47138,239.085,11.8821],"direction":[0.236266,-0.375635,-0.896146],"extended":false,"handId":649,"id":6490,"length":51.1374,"mcpPosition":[8.03476,265.051,88.2068],"pipPosition":[-0.432912,251.651,41.8628],"stabilizedTipPosition":[17.5766,240.403,20.8875],"timeVisible":1.44626,"tipPosition":[17.8716,233.763,-0.0694381],"tipVelocity":[6.05693,-31.2487,-83.1436],"tool":false,"touchDistance":-0.389425,"touchZone":"touching","type":0,"width":19.8696},{"bases":[[[0.997346,0.0534016,0.0494865],[-0.0540152,0.998478,0.0111442],[-0.048816,-0.0137877,0.998713]],[[0.992973,0.0525339,0.106041],[-0.0590706,0.996481,0.0594726],[-0.102543,-0.0653186,0.992582]],[[0.992973,0.0525339,0.106041],[-0.0337564,0.984576,-0.171673],[-0.113424,0.166887,0.97943]],[[0.992973,0.0525339,0.106041],[-0.0117457,0.935392,-0.353416],[-0.117756,0.349688,0.929436]]],"btipPosition":[29.284,279.856,-69.909],"carpPosition":[16.7732,285.927,82.8385],"dipPosition":[27.3099,285.718,-54.3273],"direction":[0.113424,-0.166887,-0.97943],"extended":true,"handId":649,"id":6491,"length":57.7028,"mcpPosition":[20.2971,286.922,10.7438],"pipPosition":[24.6199,289.676,-31.0988],"stabilizedTipPosition":[32.3684,294.143,-48.4778],"timeVisible":1.44626,"tipPosition":[28.9773,282.019,-62.9526],"tipVelocity":[0.62594,-47.3898,-79.4129],"tool":false,"touchDistance":-0.381138,"touchZone":"hovering","type":1,"width":18.9794},{"bases":[[[0.976079,-0.119956,0.181331],[0.114317,0.992587,0.0412739],[-0.184938,-0.0195573,0.982556]],[[0.975145,-0.120052,0.186226],[0.210495,0.239574,-0.947785],[0.0691686,0.963427,0.258889]],[[0.975145,-0.120052,0.186226],[0.142662,-0.302887,-0.942288],[0.169529,0.945435,-0.278232]],[[0.975145,-0.120052,0.186226],[0.0964454,-0.526699,-0.844563],[0.199476,0.841532,-0.502029]]],"btipPosition":[29.6122,202.118,20.3842],"carpPosition":[28.6315,288.241,82.8713],"dipPosition":[33.2903,217.635,11.1273],"direction":[-0.169529,-0.945435,0.278232],"extended":false,"handId":649,"id":6492,"length":65.7477,"mcpPosition":[41.2919,289.58,15.6081],"pipPosition":[38.0205,244.015,3.36396],"stabilizedTipPosition":[33.2666,214.07,31.9572],"timeVisible":1.44626,"tipPosition":[30.7472,208.214,18.9464],"tipVelocity":[18.5655,-26.0337,-70.7043],"tool":false,"touchDistance":0.333333,"touchZone":"none","type":2,"width":18.6403},{"bases":[[[0.926811,-0.196008,0.320315],[0.177808,0.980351,0.0854244],[-0.330765,-0.0222178,0.943451]],[[0.933201,-0.195528,0.301503],[0.334575,0.16659,-0.927528],[0.13113,0.966445,0.220881]],[[0.933201,-0.195528,0.301503],[0.215184,-0.367908,-0.904621],[0.287804,0.909072,-0.301257]],[[0.933201,-0.195528,0.301503],[0.141181,-0.572064,-0.807967],[0.33046,0.796562,-0.506246]]],"btipPosition":[41.2894,207.378,34.0905],"carpPosition":[40.5896,287.695,84.2919],"dipPosition":[47.3477,221.981,24.8095],"direction":[-0.287804,-0.909072,0.301257],"extended":false,"handId":649,"id":6493,"length":63.2182,"mcpPosition":[60.9195,289.06,26.3043],"pipPosition":[55.1707,246.691,16.6208],"stabilizedTipPosition":[41.2354,217.722,58.1445],"timeVisible":1.44626,"tipPosition":[42.5906,213.096,32.1363],"tipVelocity":[18.9246,-23.4292,-79.1944],"tool":false,"touchDistance":0.333333,"touchZone":"none","type":3,"width":17.7375},{"bases":[[[0.840095,-0.356532,0.40881],[0.28987,0.93209,0.217219],[-0.458493,-0.0639829,0.886392]],[[0.788514,-0.361221,0.49776],[0.572459,0.135241,-0.808703],[0.224803,0.922621,0.313423]],[[0.788514,-0.361221,0.49776],[0.36423,-0.377871,-0.851205],[0.495562,0.852486,-0.166389]],[[0.788514,-0.361221,0.49776],[0.237431,-0.567808,-0.788175],[0.567337,0.739671,-0.36196]]],"btipPosition":[51.1254,223.138,35.8448],"carpPosition":[51.9444,280.379,87.8361],"dipPosition":[60.7207,235.648,29.723],"direction":[-0.495562,-0.852486,0.166389],"extended":false,"handId":649,"id":6494,"length":49.5619,"mcpPosition":[78.0308,284.019,37.404],"pipPosition":[70.2313,252.009,26.5298],"stabilizedTipPosition":[51.8097,231.695,60.6772],"timeVisible":1.44626,"tipPosition":[52.8482,227.876,34.751],"tipVelocity":[22.3651,-22.7588,-100.588],"tool":false,"touchDistance":0.333333,"touchZone":"none","type":4,"width":15.7558}],"r":[[0.948829,0.312916,0.0425164],[-0.298025,0.931818,-0.207116],[-0.104427,0.183846,0.977392]],"s":1.49818,"t":[53.558,-42.5847,-181.711],"timestamp":523094135138},false],[4,{"currentFrameRate":110.38,"devices":[],"gestures":[],"hands":[{"armBasis":[[0.995541,0.0768266,-0.0547404],[-0.0657918,0.981328,0.180739],[0.0676039,-0.176332,0.982007]],"armWidth":62.523,"confidence":0.731235,"direction":[0.206544,0.171108,-0.96336],"elbow":[53.3204,229.962,352.483],"grabStrength":0,"id":649,"palmNormal":[0.0617159,-0.984908,-0.161704],"palmPosition":[39.312,281.374,38.9918],"palmVelocity":[3.19381,-17.6429,-71.9408],"palmWidth":89.2808,"pinchStrength":0.698142,"r":[[0.948211,0.314834,0.0421405],[-0.300115,0.931431,-0.205834],[-0.104054,0.182527,0.977679]],"s":1.49764,"sphereCenter":[44.6841,241.872,12.5796],"sphereRadius":47.4142,"stabilizedPalmPosition":[2.79984,315.27,177.47],"t":[53.5501,-42.6746,-182.267],"timeVisible":1.45508,"type":"right","wrist":[35.4103,276.677,92.322]}],"id":4229669,"interactionBox":{"center":[0,200,0],"size":[235.247,235.247,147.751]},"pointables":[{"bases":[[[0.37804,0.924802,0.0427571],[-0.894079,0.352717,0.276066],[0.240225,-0.142592,0.960187]],[[0.263011,0.912322,-0.313837],[-0.949011,0.303234,0.0861835],[0.173793,0.275167,0.945557]],[[0.263011,0.912322,-0.313837],[-0.936096,0.162562,-0.311927],[-0.23356,0.375821,0.896776]],[[0.263011,0.912322,-0.313837],[-0.807876,0.030435,-0.588566],[-0.52741,0.40834,0.745048]]],"btipPosition":[19.4687,229.509,-5.56703],"carpPosition":[8.05587,264.937,87.8573],"dipPosition":[7.35729,238.886,11.5422],"direction":[0.23356,-0.375821,-0.896776],"extended":false,"handId":649,"id":6490,"length":51.1374,"mcpPosition":[8.05587,264.937,87.8573],"pipPosition":[-0.456504,251.459,41.544],"stabilizedTipPosition":[17.5755,240.392,20.8592],"timeVisible":1.45508,"tipPosition":[17.7364,233.671,-0.4687],"tipVelocity":[-1.74169,-28.6093,-73.1608],"tool":false,"touchDistance":-0.384922,"touchZone":"touching","type":0,"width":19.8696},{"bases":[[[0.997306,0.0544152,0.0491991],[-0.0551503,0.998384,0.0137085],[-0.0483736,-0.0163849,0.998695]],[[0.992867,0.0533818,0.106607],[-0.0598536,0.996494,0.0584583],[-0.103112,-0.0644222,0.992581]],[[0.992867,0.0533818,0.106607],[-0.0343925,0.98439,-0.172609],[-0.114157,0.167711,0.979204]],[[0.992867,0.0533818,0.106607],[-0.0122639,0.935148,-0.354045],[-0.118592,0.350212,0.929133]]],"btipPosition":[29.3024,279.886,-70.1973],"carpPosition":[16.7682,285.836,82.5385],"dipPosition":[27.3142,285.757,-54.6207],"direction":[0.114157,-0.167711,-0.979204],"extended":true,"handId":649,"id":6491,"length":57.7028,"mcpPosition":[20.2601,287.019,10.4451],"pipPosition":[24.6069,289.735,-31.3975],"stabilizedTipPosition":[32.3558,294.097,-48.5425],"timeVisible":1.45508,"tipPosition":[28.9858,282.049,-63.2472],"tipVelocity":[0.921826,-33.6065,-66.8373],"tool":false,"touchDistance":-0.3757,"touchZone":"hovering","type":1,"width":18.9794},{"bases":[[[0.976292,-0.119302,0.180611],[0.113201,0.992608,0.0437516],[-0.184496,-0.0222689,0.982581]],[[0.975372,-0.11941,0.185446],[0.209185,0.234233,-0.949408],[0.069931,0.964819,0.253443]],[[0.975372,-0.11941,0.185446],[0.141356,-0.306995,-0.941155],[0.169314,0.94419,-0.282555]],[[0.975372,-0.11941,0.185446],[0.0955785,-0.528914,-0.843276],[0.19878,0.840233,-0.504475]]],"btipPosition":[29.557,202.219,20.5065],"carpPosition":[28.6238,288.164,82.5721],"dipPosition":[33.2223,217.712,11.2045],"direction":[-0.169314,-0.94419,0.282555],"extended":false,"handId":649,"id":6492,"length":65.7477,"mcpPosition":[41.2539,289.688,15.3072],"pipPosition":[37.9466,244.057,3.32059],"stabilizedTipPosition":[33.2651,214.066,31.9502],"timeVisible":1.45508,"tipPosition":[30.7294,208.298,18.8358],"tipVelocity":[11.7763,-16.0854,-48.194],"tool":false,"touchDistance":0.333333,"touchZone":"none","type":2,"width":18.6403},{"bases":[[[0.927171,-0.195764,0.319422],[0.176725,0.980332,0.0878439],[-0.330337,-0.0249965,0.943532]],[[0.933659,-0.195218,0.300285],[0.333642,0.169171,-0.927396],[0.130245,0.966059,0.223081]],[[0.933659,-0.195218,0.300285],[0.21494,-0.365252,-0.905755],[0.286499,0.910209,-0.29906]],[[0.933659,-0.195218,0.300285],[0.141303,-0.569625,-0.809667],[0.329111,0.798384,-0.504251]]],"btipPosition":[41.3556,207.434,33.5871],"carpPosition":[40.5831,287.627,83.9863],"dipPosition":[47.3892,222.07,24.3427],"direction":[-0.286499,-0.910209,0.29906],"extended":false,"handId":649,"id":6493,"length":63.2182,"mcpPosition":[60.8867,289.164,25.9937],"pipPosition":[55.1767,246.811,16.2137],"stabilizedTipPosition":[41.2361,217.719,58.1317],"timeVisible":1.45508,"tipPosition":[42.6469,213.155,31.6483],"tipVelocity":[15.6685,-15.1576,-72.9668],"tool":false,"touchDistance":0.333333,"touchZone":"none","type":3,"width":17.7375},{"bases":[[[0.840676,-0.356611,0.407544],[0.288899,0.931864,0.219468],[-0.458041,-0.0667622,0.886421]],[[0.787643,-0.361665,0.498815],[0.575601,0.14314,-0.805105],[0.219778,0.921254,0.320918]],[[0.787643,-0.361665,0.498815],[0.369468,-0.370635,-0.852128],[0.493064,0.855469,-0.158305]],[[0.787643,-0.361665,0.498815],[0.242506,-0.56227,-0.790597],[0.5664,0.743674,-0.355162]]],"btipPosition":[51.3412,223.156,34.9839],"carpPosition":[51.9478,280.315,87.507],"dipPosition":[60.9207,235.733,28.977],"direction":[-0.493064,-0.855469,0.158305],"extended":false,"handId":649,"id":6494,"length":49.5619,"mcpPosition":[78.0085,284.114,37.0732],"pipPosition":[70.3833,252.151,25.939],"stabilizedTipPosition":[51.8102,231.694,60.6689],"timeVisible":1.45508,"tipPosition":[53.0015,227.919,34.0493],"tipVelocity":[22.8215,-15.6141,-98.9752],"tool":false,"touchDistance":0.333333,"touchZone":"none","type":4,"width":15.7558}],"r":[[0.948211,0.314834,0.0421405],[-0.300115,0.931431,-0.205834],[-0.104054,0.182527,0.977679]],"s":1.49764,"t":[53.5501,-42.6746,-182.267],"timestamp":523094143958},false],[5,{"currentFrameRate":110.317,"devices":[],"gestures":[],"hands":[{"armBasis":[[0.994664,0.0882676,-0.053413],[-0.0771836,0.980178,0.182468],[0.0684603,-0.177372,0.98176]],"armWidth":62.4935,"confidence":0.746006,"direction":[0.205189,0.17662,-0.962654],"elbow":[53.4122,229.513,351.506],"grabStrength":0,"id":649,"palmNormal":[0.0734264,-0.983588,-0.16481],"palmPosition":[39.1654,281.392,38.2465],"palmVelocity":[-2.15611,-12.1657,-74.5295],"palmWidth":89.2386,"pinchStrength":0.704291,"r":[[0.946959,0.318573,0.0421834],[-0.303948,0.930535,-0.204255],[-0.104323,0.1806,0.978008]],"s":1.49665,"sphereCenter":[45.1916,241.986,11.7825],"sphereRadius":47.3988,"stabilizedPalmPosition":[2.80107,315.269,177.465],"t":[53.4728,-42.7105,-182.918],"timeVisible":1.46425,"type":"right","wrist":[35.2837,276.481,91.5333]}],"id":4229670,"interactionBox":{"center":[0,200,0],"size":[235.247,235.247,147.751]},"pointables":[{"bases":[[[0.36709,0.929048,0.0459966],[-0.898365,0.341276,0.276533],[0.241215,-0.142834,0.959903]],[[0.251099,0.915557,-0.314172],[-0.953,0.29068,0.0854212],[0.169531,0.277956,0.945515]],[[0.251099,0.915557,-0.314172],[-0.938199,0.150335,-0.31174],[-0.238185,0.373033,0.896724]],[[0.251099,0.915557,-0.314172],[-0.806744,0.0185894,-0.590609],[-0.534896,0.401757,0.743288]]],"btipPosition":[20.0281,229.136,-6.32302],"carpPosition":[8.08552,264.439,87.013],"dipPosition":[7.75056,238.358,10.7378],"direction":[0.238185,-0.373033,-0.896724],"extended":false,"handId":649,"id":6490,"length":51.1132,"mcpPosition":[8.08552,264.439,87.013],"pipPosition":[-0.214187,250.831,40.7236],"stabilizedTipPosition":[17.575,240.38,20.8284],"timeVisible":1.46425,"tipPosition":[18.1812,233.339,-1.28661],"tipVelocity":[14.598,-33.059,-76.0734],"tool":false,"touchDistance":-0.386271,"touchZone":"touching","type":0,"width":19.8602},{"bases":[[[0.996561,0.0659984,0.0501095],[-0.0669162,0.997616,0.0168637],[-0.048877,-0.0201589,0.998601]],[[0.992047,0.0647178,0.107956],[-0.0712253,0.995799,0.0575508],[-0.103778,-0.0647823,0.992488]],[[0.992047,0.0647178,0.107956],[-0.0453899,0.983921,-0.172739],[-0.1174,0.166465,0.979034]],[[0.992047,0.0647178,0.107956],[-0.0225586,0.93522,-0.353349],[-0.123831,0.348103,0.929242]]],"btipPosition":[29.3081,279.852,-70.8808],"carpPosition":[16.5508,285.447,81.77],"dipPosition":[27.2331,285.685,-55.3097],"direction":[0.1174,-0.166465,-0.979034],"extended":true,"handId":649,"id":6491,"length":57.6756,"mcpPosition":[20.0774,286.901,9.71739],"pipPosition":[24.4502,289.631,-32.1016],"stabilizedTipPosition":[32.3458,294.06,-48.5955],"timeVisible":1.46425,"tipPosition":[28.9598,282.004,-63.9824],"tipVelocity":[0.231052,-25.5321,-69.0092],"tool":false,"touchDistance":-0.376735,"touchZone":"hovering","type":1,"width":18.9705},{"bases":[[[0.977503,-0.108375,0.180949],[0.101471,0.993727,0.0470126],[-0.184909,-0.0275939,0.982368]],[[0.976585,-0.108509,0.185761],[0.206926,0.237606,-0.949065],[0.0588438,0.965282,0.254496]],[[0.976585,-0.108509,0.185761],[0.145382,-0.303594,-0.941645],[0.158572,0.946603,-0.28071]],[[0.976585,-0.108509,0.185761],[0.102242,-0.525632,-0.844546],[0.189282,0.843764,-0.50223]]],"btipPosition":[30.3324,202.218,19.6555],"carpPosition":[28.3726,287.912,81.8199],"dipPosition":[33.8209,217.769,10.3993],"direction":[-0.158572,-0.946603,0.28071],"extended":false,"handId":649,"id":6492,"length":65.7167,"mcpPosition":[41.025,289.801,14.6012],"pipPosition":[38.2433,244.169,2.57052],"stabilizedTipPosition":[33.2638,214.061,31.9418],"timeVisible":1.46425,"tipPosition":[31.4368,208.272,17.9585],"tipVelocity":[30.8369,-11.2061,-60.3068],"tool":false,"touchDistance":0.333333,"touchZone":"none","type":2,"width":18.6315},{"bases":[[[0.929189,-0.185855,0.319478],[0.165103,0.982059,0.0911122],[-0.33068,-0.0319135,0.943203]],[[0.935831,-0.185155,0.299897],[0.331641,0.174562,-0.927115],[0.119309,0.967081,0.224765]],[[0.935831,-0.185155,0.299897],[0.218928,-0.361452,-0.906324],[0.276209,0.913822,-0.297722]],[[0.935831,-0.185155,0.299897],[0.147647,-0.566682,-0.810599],[0.320033,0.802863,-0.502981]]],"btipPosition":[42.0491,207.557,32.7519],"carpPosition":[40.3307,287.513,83.2404],"dipPosition":[47.9135,222.269,23.535],"direction":[-0.276209,-0.913822,0.297722],"extended":false,"handId":649,"id":6493,"length":63.1884,"mcpPosition":[60.6458,289.473,25.2954],"pipPosition":[55.4177,247.096,15.4463],"stabilizedTipPosition":[41.2371,217.715,58.1189],"timeVisible":1.46425,"tipPosition":[43.2876,213.245,30.7754],"tipVelocity":[31.2058,-6.65476,-77.8116],"tool":false,"touchDistance":0.333333,"touchZone":"none","type":3,"width":17.7291},{"bases":[[[0.844532,-0.347992,0.407021],[0.277748,0.934493,0.222663],[-0.457844,-0.0749967,0.885864]],[[0.790482,-0.354033,0.499798],[0.57633,0.153737,-0.802626],[0.207319,0.92251,0.325567]],[[0.790482,-0.354033,0.499798],[0.376611,-0.362565,-0.852474],[0.483013,0.862095,-0.153268]],[[0.790482,-0.354033,0.499798],[0.251592,-0.556303,-0.791978],[0.558426,0.751789,-0.350676]]],"btipPosition":[51.915,223.355,33.9442],"carpPosition":[51.7729,280.327,86.7444],"dipPosition":[61.3552,236.064,28.016],"direction":[-0.483013,-0.862095,0.153268],"extended":false,"handId":649,"id":6494,"length":49.5385,"mcpPosition":[77.8101,284.592,36.3662],"pipPosition":[70.6205,252.601,25.076],"stabilizedTipPosition":[51.8108,231.692,60.6611],"timeVisible":1.46425,"tipPosition":[53.5188,228.11,33.057],"tipVelocity":[32.9311,-4.27679,-102.423],"tool":false,"touchDistance":0.333333,"touchZone":"none","type":4,"width":15.7484}],"r":[[0.946959,0.318573,0.0421834],[-0.303948,0.930535,-0.204255],[-0.104323,0.1806,0.978008]],"s":1.49665,"t":[53.4728,-42.7105,-182.918],"timestamp":523094153135},false],[6,{"currentFrameRate":110.38,"devices":[],"gestures":[],"hands":[{"armBasis":[[0.994079,0.0941455,-0.0542529],[-0.082891,0.979878,0.181573],[0.0702554,-0.176001,0.98188]],"armWidth":62.4935,"confidence":0.758738,"direction":[0.204143,0.179963,-0.962257],"elbow":[53.7248,229.605,350.876],"grabStrength":0,"id":649,"palmNormal":[0.079777,-0.982746,-0.16687],"palmPosition":[38.9762,281.259,37.5952],"palmVelocity":[-7.34508,-12.9121,-74.0536],"palmWidth":89.2386,"pinchStrength":0.713653,"r":[[0.945532,0.32276,0.0423782],[-0.308205,0.929494,-0.202608],[-0.104784,0.178511,0.978343]],"s":1.49508,"sphereCenter":[45.416,241.87,11.1171],"sphereRadius":47.3829,"stabilizedPalmPosition":[2.80199,315.268,177.462],"t":[53.3396,-42.795,-183.569],"timeVisible":1.4732,"type":"right","wrist":[35.1209,276.211,90.8711]}],"id":4229671,"interactionBox":{"center":[0,200,0],"size":[235.247,235.247,147.751]},"pointables":[{"bases":[[[0.361093,0.931294,0.0479919],[-0.900573,0.334899,0.277149],[0.242035,-0.143297,0.959628]],[[0.243881,0.91701,-0.315619],[-0.955385,0.283089,0.0842641],[0.166619,0.280987,0.945137]],[[0.243881,0.91701,-0.315619],[-0.939277,0.142331,-0.312251],[-0.241415,0.372606,0.896038]],[[0.243881,0.91701,-0.315619],[-0.802398,0.00801336,-0.596736],[-0.544683,0.398785,0.737761]]],"btipPosition":[20.4191,228.634,-6.84527],"carpPosition":[8.00129,264.004,86.3224],"dipPosition":[7.91689,237.788,10.0886],"direction":[0.241415,-0.372606,-0.896038],"extended":false,"handId":649,"id":6490,"length":51.1132,"mcpPosition":[8.00129,264.004,86.3224],"pipPosition":[-0.155857,250.247,40.0515],"stabilizedTipPosition":[17.5749,240.364,20.7911],"timeVisible":1.4732,"tipPosition":[18.4032,232.906,-1.89216],"tipVelocity":[20.9702,-39.8207,-72.1259],"tool":false,"touchDistance":-0.384248,"touchZone":"touching","type":0,"width":19.8602},{"bases":[[[0.99611,0.0723106,0.0503609],[-0.0733427,0.997127,0.0189542],[-0.0488456,-0.0225741,0.998551]],[[0.991555,0.0708683,0.108612],[-0.0771301,0.995526,0.0545749],[-0.104258,-0.0624913,0.992585]],[[0.991555,0.0708683,0.108612],[-0.0510763,0.983201,-0.175237],[-0.119206,0.168209,0.978517]],[[0.991555,0.0708683,0.108612],[-0.0278884,0.934414,-0.355094],[-0.126653,0.349066,0.9285]]],"btipPosition":[29.197,279.501,-71.502],"carpPosition":[16.3316,285.076,81.1246],"dipPosition":[27.0747,285.351,-55.9434],"direction":[0.119206,-0.168209,-0.978517],"extended":true,"handId":649,"id":6491,"length":57.6756,"mcpPosition":[19.8559,286.705,9.07557],"pipPosition":[24.2489,289.338,-32.7475],"stabilizedTipPosition":[32.3378,294.031,-48.6382],"timeVisible":1.4732,"tipPosition":[28.8362,281.69,-64.6107],"tipVelocity":[-3.55753,-29.1417,-69.2099],"tool":false,"touchDistance":-0.376755,"touchZone":"hovering","type":1,"width":18.9705},{"bases":[[[0.978163,-0.102456,0.180832],[0.0950628,0.994259,0.0491138],[-0.184826,-0.0308509,0.982287]],[[0.977242,-0.102607,0.185658],[0.205417,0.239374,-0.948949],[0.0529268,0.96549,0.255004]],[[0.977242,-0.102607,0.185658],[0.147235,-0.301966,-0.94188],[0.152706,0.947781,-0.279987]],[[0.977242,-0.102607,0.185658],[0.105534,-0.524054,-0.845121],[0.18401,0.845482,-0.501299]]],"btipPosition":[30.6318,202.072,18.9608],"carpPosition":[28.1372,287.618,81.1809],"dipPosition":[34.0231,217.655,9.72172],"direction":[-0.152706,-0.947781,0.279987],"extended":false,"handId":649,"id":6492,"length":65.7167,"mcpPosition":[40.784,289.729,13.9679],"pipPosition":[38.282,244.087,1.91314],"stabilizedTipPosition":[33.2627,214.056,31.9327],"timeVisible":1.4732,"tipPosition":[31.7025,208.126,17.2464],"tipVelocity":[30.8715,-12.3844,-64.9215],"tool":false,"touchDistance":0.333333,"touchZone":"none","type":2,"width":18.6315},{"bases":[[[0.930335,-0.180538,0.319192],[0.158765,0.982908,0.0931961],[-0.330562,-0.036027,0.943096]],[[0.937133,-0.179733,0.299129],[0.33001,0.177716,-0.927098],[0.11347,0.967529,0.225858]],[[0.937133,-0.179733,0.299129],[0.220437,-0.359628,-0.906684],[0.270536,0.915622,-0.297399]],[[0.937133,-0.179733,0.299129],[0.150408,-0.565442,-0.810958],[0.314896,0.804967,-0.502861]]],"btipPosition":[42.3127,207.482,32.0612],"carpPosition":[40.0976,287.292,82.6021],"dipPosition":[48.083,222.232,22.8465],"direction":[-0.270536,-0.915622,0.297399],"extended":false,"handId":649,"id":6493,"length":63.1884,"mcpPosition":[60.4054,289.505,24.6636],"pipPosition":[55.4332,247.109,14.7666],"stabilizedTipPosition":[41.2381,217.713,58.1071],"timeVisible":1.4732,"tipPosition":[43.522,213.163,30.056],"tipVelocity":[30.0696,-6.85532,-77.6265],"tool":false,"touchDistance":0.333333,"touchZone":"none","type":3,"width":17.7291},{"bases":[[[0.846716,-0.343401,0.406384],[0.271701,0.935792,0.224659],[-0.457439,-0.0798077,0.885652]],[[0.791707,-0.350061,0.500657],[0.577368,0.160976,-0.800458],[0.199616,0.922791,0.32956]],[[0.791707,-0.350061,0.500657],[0.381255,-0.357223,-0.852664],[0.477331,0.865938,-0.149353]],[[0.791707,-0.350061,0.500657],[0.257058,-0.552556,-0.792845],[0.554185,0.756399,-0.347476]]],"btipPosition":[52.1524,223.313,33.0363],"carpPosition":[51.5854,280.173,86.0922],"dipPosition":[61.5209,236.1,27.1622],"direction":[-0.477331,-0.865938,0.149353],"extended":false,"handId":649,"id":6494,"length":49.5385,"mcpPosition":[77.5996,284.712,35.726],"pipPosition":[70.6772,252.71,24.2973],"stabilizedTipPosition":[51.8114,231.691,60.6544],"timeVisible":1.4732,"tipPosition":[53.7137,228.076,32.1978],"tipVelocity":[30.6778,-3.8401,-101.78],"tool":false,"touchDistance":0.333333,"touchZone":"none","type":4,"width":15.7484}],"r":[[0.945532,0.32276,0.0423782],[-0.308205,0.929494,-0.202608],[-0.104784,0.178511,0.978343]],"s":1.49508,"t":[53.3396,-42.795,-183.569],"timestamp":523094162083},false],[7,{"currentFrameRate":110.405,"devices":[],"gestures":[],"hands":[{"armBasis":[[0.994369,0.0897634,-0.0563245],[-0.0784939,0.980968,0.17