{"sensorType":"Leap","data":[[0,{"currentFrameRate":105.356,"devices":[],"gestures":[],"hands":[{"armBasis":[[0.986925,-0.0782131,-0.140931],[0.118504,0.944774,0.305548],[0.10925,-0.318254,0.941689]],"armWidth":63.703,"confidence":0.791442,"direction":[0.244884,0.240408,-0.939274],"elbow":[72.7972,206.47,350.342],"grabStrength":0,"id":644,"palmNormal":[-0.126117,-0.952642,-0.27671],"palmPosition":[48.6571,302.658,42.7045],"palmVelocity":[-4.33988,-83.1825,-199.383],"palmWidth":90.9658,"pinchStrength":0.990742,"r":[[0.961353,-0.273344,-0.0329184],[0.259185,0.938854,-0.226665],[0.092863,0.209373,0.973416]],"s":1.0646,"sphereCenter":[33.1418,268.565,10.1028],"sphereRadius":45.9616,"stabilizedPalmPosition":[17.2058,330.615,219.862],"t":[33.214,-27.7091,-180.601],"timeVisible":0.469912,"type":"right","wrist":[43.3075,292.375,96.1536]}],"id":4228167,"interactionBox":{"center":[0,200,0],"size":[235.247,235.247,147.751]},"pointables":[{"bases":[[[0.547418,0.824045,0.145888],[-0.812829,0.482081,0.326967],[0.199106,-0.297569,0.933707]],[[0.418988,0.873816,-0.246768],[-0.903669,0.427786,-0.0195297],[0.0884985,0.231179,0.968878]],[[0.418988,0.873816,-0.246768],[-0.901391,0.367574,-0.228876],[-0.10929,0.31833,0.941659]],[[0.418988,0.873816,-0.246768],[-0.87193,0.311372,-0.37787],[-0.253353,0.373487,0.892367]]],"btipPosition":[18.9467,255.448,-10.7335],"carpPosition":[13.7101,286.574,90.5946],"dipPosition":[13.0189,264.187,10.1455],"direction":[0.10929,-0.31833,-0.941659],"extended":false,"handId":644,"id":6440,"length":52.1025,"mcpPosition":[13.7101,286.574,90.5946],"pipPosition":[9.29362,275.037,42.2434],"stabilizedTipPosition":[-6.36119,292.136,161.672],"timeVisible":0.469912,"tipPosition":[17.5119,257.853,-5.94622],"tipVelocity":[-8.06387,-90.281,-190.169],"tool":false,"touchDistance":-0.567852,"touchZone":"hovering","type":0,"width":20.2446},{"bases":[[[0.988784,-0.143212,0.0423799],[0.136589,0.981896,0.131239],[-0.0604076,-0.123979,0.990444]],[[0.990624,-0.135746,-0.0153887],[0.134217,0.988053,-0.075749],[0.0254875,0.0729733,0.997008]],[[0.990624,-0.135746,-0.0153887],[0.126536,0.954161,-0.27123],[0.0515018,0.266739,0.962392]],[[0.990624,-0.135746,-0.0153887],[0.117509,0.904108,-0.41083],[0.0696817,0.405169,0.911582]]],"btipPosition":[27.4599,298.885,-66.9033],"carpPosition":[26.5464,306.267,87.5923],"dipPosition":[28.6502,305.806,-51.3325],"direction":[-0.0515018,-0.266739,-0.962392],"extended":true,"handId":644,"id":6441,"length":58.7918,"mcpPosition":[30.9894,315.385,14.7451],"pipPosition":[29.8946,312.251,-28.0773],"stabilizedTipPosition":[3.20347,322.819,122.138],"timeVisible":0.469912,"tipPosition":[27.3795,299.917,-62.8569],"tipVelocity":[-2.66629,-99.7623,-199.144],"tool":false,"touchDistance":-0.597654,"touchZone":"hovering","type":1,"width":19.3376},{"bases":[[[0.933662,-0.323922,0.152805],[0.300429,0.940588,0.158228],[-0.19498,-0.101824,0.975507]],[[0.935839,-0.322732,0.141597],[0.305542,0.542738,-0.782355],[0.175641,0.775422,0.606524]],[[0.935839,-0.322732,0.141597],[0.0561174,-0.26019,-0.963925],[0.347931,0.910025,-0.225385]],[[0.935839,-0.322732,0.141597],[-0.105416,-0.639715,-0.761349],[0.336293,0.697573,-0.632692]]],"btipPosition":[27.7822,237.027,8.7743],"carpPosition":[38.8554,306.267,87.7485],"dipPosition":[34.1001,250.132,-3.11207],"direction":[-0.347931,-0.910025,0.225385],"extended":false,"handId":644,"id":6442,"length":66.9886,"mcpPosition":[52.4551,313.369,19.7074],"pipPosition":[43.9914,276.003,-9.5195],"stabilizedTipPosition":[11.9301,276.685,187.114],"timeVisible":0.469912,"tipPosition":[29.359,240.606,6.59865],"tipVelocity":[-20.7661,-96.9538,-181.985],"tool":false,"touchDistance":0.333333,"touchZone":"none","type":2,"width":18.9921},{"bases":[[[0.869471,-0.405353,0.282328],[0.359999,0.911317,0.199757],[-0.338262,-0.0720454,0.93829]],[[0.884233,-0.401573,0.238475],[0.418113,0.453097,-0.787327],[0.208117,0.795891,0.568547]],[[0.884233,-0.401573,0.238475],[0.100763,-0.334553,-0.936975],[0.456046,0.852534,-0.255359]],[[0.884233,-0.401573,0.238475],[-0.105938,-0.669746,-0.734995],[0.454872,0.624644,-0.634753]]],"btipPosition":[41.4569,236.921,23.7325],"carpPosition":[50.6965,303.238,88.9583],"dipPosition":[49.9535,248.589,11.8759],"direction":[-0.456046,-0.852534,0.255359],"extended":false,"handId":644,"id":6443,"length":64.4113,"mcpPosition":[71.8796,307.75,30.1995],"pipPosition":[62.5835,272.199,4.80381],"stabilizedTipPosition":[25.8476,273.769,174.193],"timeVisible":0.469912,"tipPosition":[43.7046,240.15,20.7795],"tipVelocity":[-30.9394,-98.4464,-153.58],"tool":false,"touchDistance":0.333333,"touchZone":"none","type":3,"width":18.0722},{"bases":[[[0.752963,-0.555934,0.352114],[0.459542,0.827206,0.323343],[-0.471029,-0.0816541,0.878331]],[[0.738594,-0.55812,0.378128],[0.635011,0.387638,-0.668205],[0.226362,0.733648,0.640719]],[[0.738594,-0.55812,0.378128],[0.219785,-0.3309,-0.917715],[0.637317,0.760925,-0.121734]],[[0.738594,-0.55812,0.378128],[-0.0767445,-0.626859,-0.775344],[0.669768,0.543645,-0.505827]]],"btipPosition":[55.9024,247.897,29.0298],"carpPosition":[60.6022,293.345,91.4988],"dipPosition":[67.444,257.266,20.3133],"direction":[-0.637317,-0.760925,0.121734],"extended":false,"handId":644,"id":6444,"length":50.4973,"mcpPosition":[87.9077,298.079,40.5822],"pipPosition":[79.9058,272.144,17.933],"stabilizedTipPosition":[37.1592,286.825,199.685],"timeVisible":0.469912,"tipPosition":[58.8024,250.521,27.2921],"tipVelocity":[-24.1209,-92.8176,-184.909],"tool":false,"touchDistance":0.333333,"touchZone":"none","type":4,"width":16.0532}],"r":[[0.961353,-0.273344,-0.0329184],[0.259185,0.938854,-0.226665],[0.092863,0.209373,0.973416]],"s":1.0646,"t":[33.214,-27.7091,-180.601],"timestamp":523078497782},false],[1,{"currentFrameRate":105.566,"devices":[],"gestures":[],"hands":[{"armBasis":[[0.986397,-0.0791113,-0.144094],[0.120078,0.945414,0.30294],[0.112262,-0.316122,0.942053]],"armWidth":63.703,"confidence":0.796519,"direction":[0.246308,0.240634,-0.938844],"elbow":[73.3913,206.556,349.627],"grabStrength":0,"id":644,"palmNormal":[-0.126859,-0.952349,-0.277377],"palmPosition":[48.5154,302.192,41.9039],"palmVelocity":[-7.45606,-74.3708,-168.6],"palmWidth":90.9658,"pinchStrength":0.988515,"r":[[0.961085,-0.274261,-0.0331211],[0.259995,0.938522,-0.22711],[0.0933724,0.209661,0.973306]],"s":1.06508,"sphereCenter":[33.3765,267.936,9.35336],"sphereRadius":45.884,"stabilizedPalmPosition":[17.2157,330.606,219.806],"t":[33.094,-28.3063,-181.829],"timeVisible":0.478995,"type":"right","wrist":[43.0886,291.886,95.3409]}],"id":4228168,"interactionBox":{"center":[0,200,0],"size":[235.247,235.247,147.751]},"pointables":[{"bases":[[[0.548174,0.823344,0.147002],[-0.812681,0.482828,0.326231],[0.197624,-0.298297,0.93379]],[[0.420259,0.873469,-0.245836],[-0.903145,0.428861,-0.02017],[0.0878115,0.230502,0.969102]],[[0.420259,0.873469,-0.245836],[-0.900561,0.368279,-0.230999],[-0.111234,0.31847,0.941384]],[[0.420259,0.873469,-0.245836],[-0.871352,0.312861,-0.377972],[-0.253234,0.373056,0.892581]]],"btipPosition":[18.8259,255.035,-11.5924],"carpPosition":[13.4915,286.122,89.7424],"dipPosition":[12.9009,263.763,9.29162],"direction":[0.111234,-0.31847,-0.941384],"extended":false,"handId":644,"id":6440,"length":52.1025,"mcpPosition":[13.4915,286.122,89.7424],"pipPosition":[9.10929,274.619,41.3801],"stabilizedTipPosition":[-6.34444,292.111,161.554],"timeVisible":0.478995,"tipPosition":[17.3884,257.434,-6.80499],"tipVelocity":[-9.49475,-77.9576,-163.678],"tool":false,"touchDistance":-0.552267,"touchZone":"hovering","type":0,"width":20.2446},{"bases":[[[0.988568,-0.144358,0.0435139],[0.137543,0.98167,0.131935],[-0.0617621,-0.124441,0.990303]],[[0.990483,-0.137005,-0.0131875],[0.135565,0.987642,-0.0786412],[0.0237988,0.076105,0.996816]],[[0.990483,-0.137005,-0.0131875],[0.128322,0.953842,-0.271513],[0.0497775,0.267237,0.962344]],[[0.990483,-0.137005,-0.0131875],[0.119676,0.904581,-0.409159],[0.0679861,0.403687,0.912368]]],"btipPosition":[27.5101,298.333,-67.7227],"carpPosition":[26.3538,305.802,86.7665],"dipPosition":[28.6714,305.228,-52.1385],"direction":[-0.0497775,-0.267237,-0.962344],"extended":true,"handId":644,"id":6441,"length":58.7918,"mcpPosition":[30.8964,314.954,13.9297],"pipPosition":[29.8742,311.685,-28.8844],"stabilizedTipPosition":[3.21301,322.81,122.066],"timeVisible":0.478995,"tipPosition":[27.4216,299.459,-63.7051],"tipVelocity":[-0.602067,-89.1639,-168.906],"tool":false,"touchDistance":-0.578467,"touchZone":"hovering","type":1,"width":19.3376},{"bases":[[[0.933106,-0.325064,0.153774],[0.301303,0.940161,0.159102],[-0.196291,-0.102126,0.975213]],[[0.935341,-0.323846,0.142343],[0.306309,0.540164,-0.783835],[0.176953,0.776754,0.604434]],[[0.935341,-0.323846,0.142343],[0.0567964,-0.259685,-0.964022],[0.349159,0.909773,-0.2245]],[[0.935341,-0.323846,0.142343],[-0.104479,-0.637334,-0.763472],[0.337968,0.699234,-0.62996]]],"btipPosition":[27.5512,236.481,8.00832],"carpPosition":[38.6626,305.788,86.9377],"dipPosition":[33.9006,249.617,-3.82673],"direction":[-0.349159,-0.909773,0.2245],"extended":false,"handId":644,"id":6442,"length":66.9886,"mcpPosition":[52.3538,312.911,18.9172],"pipPosition":[43.8268,275.481,-10.209],"stabilizedTipPosition":[11.9436,276.655,186.97],"timeVisible":0.478995,"tipPosition":[29.1489,240.075,5.77188],"tipVelocity":[-21.8361,-86.5564,-154.602],"tool":false,"touchDistance":0.333333,"touchZone":"none","type":2,"width":18.9921},{"bases":[[[0.868663,-0.406492,0.283174],[0.360788,0.9108,0.200688],[-0.339493,-0.0721647,0.937836]],[[0.883542,-0.402687,0.239159],[0.419416,0.453038,-0.786668],[0.208434,0.795361,0.569171]],[[0.883542,-0.402687,0.239159],[0.102061,-0.332824,-0.93745],[0.457097,0.852685,-0.252965]],[[0.883542,-0.402687,0.239159],[-0.104843,-0.667734,-0.73698],[0.456467,0.626078,-0.63219]]],"btipPosition":[41.2633,236.428,22.8209],"carpPosition":[50.4988,302.745,88.1605],"dipPosition":[49.7896,248.122,11.0122],"direction":[-0.457097,-0.852685,0.252965],"extended":false,"handId":644,"id":6443,"length":64.4113,"mcpPosition":[71.759,307.264,29.43],"pipPosition":[62.4487,271.737,4.00648],"stabilizedTipPosition":[25.8724,273.72,173.973],"timeVisible":0.478995,"tipPosition":[43.5095,239.661,19.9095],"tipVelocity":[-28.0696,-86.0454,-138.515],"tool":false,"touchDistance":0.333333,"touchZone":"none","type":3,"width":18.0722},{"bases":[[[0.751899,-0.556978,0.352737],[0.460085,0.82651,0.324351],[-0.472197,-0.0815903,0.877709]],[[0.73631,-0.559316,0.380806],[0.636543,0.3817,-0.670163],[0.229479,0.735847,0.637078]],[[0.73631,-0.559316,0.380806],[0.220494,-0.333735,-0.916517],[0.639711,0.758806,-0.122407]],[[0.73631,-0.559316,0.380806],[-0.0750836,-0.626848,-0.775515],[0.672466,0.542427,-0.50355]]],"btipPosition":[55.5546,247.372,28.3774],"carpPosition":[60.3902,292.839,90.7078],"dipPosition":[67.1426,256.719,19.7002],"direction":[-0.639711,-0.758806,0.122407],"extended":false,"handId":644,"id":6444,"length":50.4973,"mcpPosition":[87.7633,297.569,39.8272],"pipPosition":[79.6513,271.557,17.3067],"stabilizedTipPosition":[37.1755,286.796,199.551],"timeVisible":0.478995,"tipPosition":[58.5049,249.984,26.5672],"tipVelocity":[-27.7171,-83.2774,-153.34],"tool":false,"touchDistance":0.333333,"touchZone":"none","type":4,"width":16.0532}],"r":[[0.961085,-0.274261,-0.0331211],[0.259995,0.938522,-0.22711],[0.0933724,0.209661,0.973306]],"s":1.06508,"t":[33.094,-28.3063,-181.829],"timestamp":523078506865},false],[2,{"currentFrameRate":105.799,"devices":[],"gestures":[],"hands":[{"armBasis":[[0.986366,-0.0800438,-0.143791],[0.120892,0.945262,0.303091],[0.111659,-0.316342,0.942051]],"armWidth":63.703,"confidence":0.80092,"direction":[0.246352,0.241309,-0.938659],"elbow":[73.1396,205.818,348.397],"grabStrength":0,"id":644,"palmNormal":[-0.127495,-0.952022,-0.278206],"palmPosition":[48.4267,301.558,40.6822],"palmVelocity":[-8.10814,-73.2515,-159.469],"palmWidth":90.9658,"pinchStrength":0.980103,"r":[[0.960834,-0.27511,-0.0333536],[0.260757,0.938263,-0.227307],[0.0938289,0.209707,0.973252]],"s":1.06612,"sphereCenter":[33.4629,267.251,8.18356],"sphereRadius":45.8322,"stabilizedPalmPosition":[17.2267,330.596,219.743],"t":[32.9897,-28.9221,-183.054],"timeVisible":0.488017,"type":"right","wrist":[42.9996,291.208,94.1106]}],"id":4228169,"interactionBox":{"center":[0,200,0],"size":[235.247,235.247,147.751]},"pointables":[{"bases":[[[0.548712,0.822866,0.147667],[-0.812337,0.483054,0.326752],[0.197542,-0.299249,0.933503]],[[0.420834,0.873427,-0.244997],[-0.902842,0.429528,-0.0195326],[0.0881728,0.229414,0.969327]],[[0.420834,0.873427,-0.244997],[-0.900113,0.368512,-0.232368],[-0.112672,0.318314,0.941266]],[[0.420834,0.873427,-0.244997],[-0.871327,0.314064,-0.377031],[-0.252364,0.37214,0.89321]]],"btipPosition":[18.7432,254.461,-12.8463],"carpPosition":[13.3981,285.467,88.5105],"dipPosition":[12.8385,263.169,8.05249],"direction":[0.112672,-0.318314,-0.941266],"extended":false,"handId":644,"id":6440,"length":52.1025,"mcpPosition":[13.3981,285.467,88.5105],"pipPosition":[8.99794,274.019,40.137],"stabilizedTipPosition":[-6.32723,292.085,161.431],"timeVisible":0.488017,"tipPosition":[17.2954,256.847,-8.05683],"tipVelocity":[-9.26124,-74.1451,-156.778],"tool":false,"touchDistance":-0.54413,"touchZone":"hovering","type":0,"width":20.2446},{"bases":[[[0.988482,-0.145022,0.0432719],[0.13818,0.981465,0.132788],[-0.0617271,-0.125279,0.990199]],[[0.99039,-0.137718,-0.0127011],[0.136279,0.987428,-0.0800924],[0.0235716,0.0775918,0.996707]],[[0.99039,-0.137718,-0.0127011],[0.129162,0.953859,-0.271053],[0.049444,0.266808,0.962481]],[[0.99039,-0.137718,-0.0127011],[0.120661,0.905289,-0.407299],[0.0675907,0.401853,0.913206]]],"btipPosition":[27.4509,297.712,-68.944],"carpPosition":[26.2726,305.142,85.5505],"dipPosition":[28.6054,304.576,-53.3455],"direction":[-0.049444,-0.266808,-0.962481],"extended":true,"handId":644,"id":6441,"length":58.7918,"mcpPosition":[30.8126,314.356,12.7214],"pipPosition":[29.8002,311.023,-30.0881],"stabilizedTipPosition":[3.22435,322.799,121.979],"timeVisible":0.488017,"tipPosition":[27.3619,298.892,-64.9449],"tipVelocity":[-2.28941,-83.7746,-159.577],"tool":false,"touchDistance":-0.567223,"touchZone":"hovering","type":1,"width":19.3376},{"bases":[[[0.932917,-0.325792,0.153378],[0.301917,0.939829,0.1599],[-0.196243,-0.102866,0.975145]],[[0.935123,-0.324581,0.1421],[0.304774,0.532289,-0.789798],[0.180715,0.781867,0.596679]],[[0.935123,-0.324581,0.1421],[0.054676,-0.264056,-0.962956],[0.35008,0.908252,-0.229178]],[[0.935123,-0.324581,0.1421],[-0.105088,-0.637067,-0.763611],[0.338381,0.699137,-0.629845]]],"btipPosition":[27.2515,235.663,7.30021],"carpPosition":[38.5814,305.12,85.7203],"dipPosition":[33.6087,248.798,-4.53269],"direction":[-0.35008,-0.908252,0.229178],"extended":false,"handId":644,"id":6442,"length":66.9886,"mcpPosition":[52.2693,312.294,17.7046],"pipPosition":[43.561,274.618,-11.048],"stabilizedTipPosition":[11.9614,276.615,186.776],"timeVisible":0.488017,"tipPosition":[28.8962,239.281,4.81466],"tipVelocity":[-24.9144,-87.6902,-133.644],"tool":false,"touchDistance":0.333333,"touchZone":"none","type":2,"width":18.9921},{"bases":[[[0.868438,-0.407293,0.282714],[0.361388,0.910393,0.201453],[-0.339431,-0.0727802,0.937811]],[[0.883502,-0.403401,0.238101],[0.416984,0.445711,-0.792127],[0.213421,0.79913,0.561998]],[[0.883502,-0.403401,0.238101],[0.0985863,-0.336782,-0.936407],[0.457936,0.850791,-0.257778]],[[0.883502,-0.403401,0.238101],[-0.106337,-0.667749,-0.736753],[0.456198,0.625603,-0.632854]]],"btipPosition":[40.9354,235.683,22.0671],"carpPosition":[50.4158,302.068,86.939],"dipPosition":[49.4568,247.368,10.246],"direction":[-0.457936,-0.850791,0.257778],"extended":false,"handId":644,"id":6443,"length":64.4113,"mcpPosition":[71.6721,306.626,28.2102],"pipPosition":[62.1391,270.931,3.10698],"stabilizedTipPosition":[25.9037,273.655,173.689],"timeVisible":0.488017,"tipPosition":[43.2251,238.913,18.9921],"tipVelocity":[-30.3799,-85.1532,-123.479],"tool":false,"touchDistance":0.333333,"touchZone":"none","type":3,"width":18.0722},{"bases":[[[0.751587,-0.557766,0.352157],[0.460645,0.825931,0.32503],[-0.472148,-0.0820685,0.877691]],[[0.735475,-0.560186,0.38114],[0.637117,0.380368,-0.670374],[0.230561,0.735874,0.636656]],[[0.735475,-0.560186,0.38114],[0.221116,-0.333285,-0.916531],[0.640456,0.758362,-0.121257]],[[0.735475,-0.560186,0.38114],[-0.0740584,-0.625619,-0.776605],[0.673492,0.542947,-0.501614]]],"btipPosition":[55.3922,246.714,27.1062],"carpPosition":[60.3012,292.154,89.4764],"dipPosition":[66.998,256.07,18.4623],"direction":[-0.640456,-0.758362,0.121257],"extended":false,"handId":644,"id":6444,"length":50.4973,"mcpPosition":[87.6715,296.912,38.5969],"pipPosition":[79.5212,270.899,16.0912],"stabilizedTipPosition":[37.1942,286.762,199.395],"timeVisible":0.488017,"tipPosition":[58.3509,249.324,25.2956],"tipVelocity":[-24.9176,-80.3838,-149.685],"tool":false,"touchDistance":0.333333,"touchZone":"none","type":4,"width":16.0532}],"r":[[0.960834,-0.27511,-0.0333536],[0.260757,0.938263,-0.227307],[0.0938289,0.209707,0.973252]],"s":1.06612,"t":[32.9897,-28.9221,-183.054],"timestamp":523078515887},false],[3,{"currentFrameRate":106.013,"devices":[],"gestures":[],"hands":[{"armBasis":[[0.986222,-0.080491,-0.144526],[0.121499,0.945342,0.302599],[0.11227,-0.31599,0.942096]],"armWidth":63.703,"confidence":0.807639,"direction":[0.246386,0.242683,-0.938296],"elbow":[73.199,205.29,347.54],"grabStrength":0,"id":644,"palmNormal":[-0.127592,-0.951593,-0.279626],"palmPosition":[48.3228,301.013,39.829],"palmVelocity":[-9.04282,-69.6741,-141.537],"palmWidth":90.9658,"pinchStrength":0.979798,"r":[[0.960627,-0.2758,-0.03362],[0.261387,0.938118,-0.227184],[0.0941968,0.209451,0.973271]],"s":1.06673,"sphereCenter":[33.6143,266.619,7.33825],"sphereRadius":45.7855,"stabilizedPalmPosition":[17.2394,330.583,219.669],"t":[32.8856,-29.5023,-184.093],"timeVisible":0.497055,"type":"right","wrist":[42.8941,290.584,93.2419]}],"id":4228170,"interactionBox":{"center":[0,200,0],"size":[235.247,235.247,147.751]},"pointables":[{"bases":[[[0.548798,0.822588,0.148899],[-0.812289,0.482651,0.327466],[0.197503,-0.300661,0.933057]],[[0.421011,0.87376,-0.243503],[-0.902725,0.429821,-0.0184654],[0.0885286,0.227591,0.969724]],[[0.421011,0.87376,-0.243503],[-0.89984,0.368537,-0.233384],[-0.114182,0.317371,0.941402]],[[0.421011,0.87376,-0.243503],[-0.871148,0.314716,-0.376902],[-0.252687,0.370807,0.893673]]],"btipPosition":[18.6784,254.003,-13.7591],"carpPosition":[13.2921,284.855,87.633],"dipPosition":[12.7662,262.679,7.15052],"direction":[0.114182,-0.317371,-0.941402],"extended":false,"handId":644,"id":6440,"length":52.1025,"mcpPosition":[13.2921,284.855,87.633],"pipPosition":[8.87415,273.497,39.2396],"stabilizedTipPosition":[-6.30941,292.058,161.303],"timeVisible":0.497055,"tipPosition":[17.2154,256.369,-8.96947],"tipVelocity":[-8.73723,-67.8978,-141.33],"tool":false,"touchDistance":-0.531705,"touchZone":"hovering","type":0,"width":20.2446},{"bases":[[[0.988466,-0.145191,0.0430637],[0.138282,0.981251,0.134253],[-0.0617486,-0.12675,0.990011]],[[0.990372,-0.137893,-0.0122392],[0.13647,0.987336,-0.0808976],[0.0232394,0.0784484,0.996647]],[[0.990372,-0.137893,-0.0122392],[0.129505,0.954099,-0.270044],[0.0489146,0.265859,0.96277]],[[0.990372,-0.137893,-0.0122392],[0.121177,0.906263,-0.404974],[0.0669349,0.399591,0.914246]]],"btipPosition":[27.3868,297.236,-69.8004],"carpPosition":[26.1686,304.532,84.7025],"dipPosition":[28.5301,304.061,-54.1841],"direction":[-0.0489146,-0.265859,-0.96277],"extended":true,"handId":644,"id":6441,"length":58.7918,"mcpPosition":[30.7103,313.855,11.8872],"pipPosition":[29.7121,310.485,-30.9197],"stabilizedTipPosition":[3.23757,322.786,121.877],"timeVisible":0.497055,"tipPosition":[27.2977,298.463,-65.818],"tipVelocity":[-3.69121,-75.4858,-141.59],"tool":false,"touchDistance":-0.551619,"touchZone":"hovering","type":1,"width":19.3376},{"bases":[[[0.932882,-0.326118,0.1529],[0.302014,0.939558,0.161304],[-0.196262,-0.104299,0.974989]],[[0.935098,-0.324885,0.141569],[0.304559,0.532448,-0.789774],[0.181208,0.781632,0.596837]],[[0.935098,-0.324885,0.141569],[0.0548934,-0.261869,-0.963541],[0.350113,0.908776,-0.227039]],[[0.935098,-0.324885,0.141569],[-0.10444,-0.634365,-0.765946],[0.338651,0.701449,-0.627124]]],"btipPosition":[27.1192,235.105,6.34358],"carpPosition":[38.4775,304.509,84.8724],"dipPosition":[33.4814,248.283,-5.4382],"direction":[-0.350113,-0.908776,0.227039],"extended":false,"handId":644,"id":6442,"length":66.9886,"mcpPosition":[52.1666,311.784,16.8675],"pipPosition":[43.4347,274.119,-11.8926],"stabilizedTipPosition":[11.9833,276.564,186.535],"timeVisible":0.497055,"tipPosition":[28.7655,238.731,3.85985],"tipVelocity":[-22.0482,-80.2312,-125.625],"tool":false,"touchDistance":0.333333,"touchZone":"none","type":2,"width":18.9921},{"bases":[[[0.868393,-0.407806,0.282113],[0.361482,0.910053,0.202814],[-0.339447,-0.0741433,0.937699]],[[0.883507,-0.403833,0.237348],[0.416591,0.445746,-0.792314],[0.214166,0.798893,0.562053]],[[0.883507,-0.403833,0.237348],[0.098593,-0.335029,-0.937035],[0.457924,0.851278,-0.256186]],[[0.883507,-0.403833,0.237348],[-0.105757,-0.66559,-0.738787],[0.456323,0.627622,-0.630762]]],"btipPosition":[40.7968,235.114,21.1361],"carpPosition":[50.3115,301.454,86.0866],"dipPosition":[49.3205,246.837,9.35412],"direction":[-0.457924,-0.851278,0.256186],"extended":false,"handId":644,"id":6443,"length":64.4113,"mcpPosition":[71.5688,306.097,27.3648],"pipPosition":[62.0025,270.413,2.25915],"stabilizedTipPosition":[25.9409,273.576,173.346],"timeVisible":0.497055,"tipPosition":[43.0838,238.348,18.0766],"tipVelocity":[-26.2173,-78.7758,-117.564],"tool":false,"touchDistance":0.333333,"touchZone":"none","type":3,"width":18.0722},{"bases":[[[0.751525,-0.55837,0.351331],[0.460729,0.825397,0.326265],[-0.472164,-0.083328,0.877564]],[[0.734585,-0.560938,0.38175],[0.637432,0.377714,-0.671574],[0.23252,0.736668,0.635023]],[[0.734585,-0.560938,0.38175],[0.22167,-0.333353,-0.916372],[0.641286,0.757776,-0.120533]],[[0.734585,-0.560938,0.38175],[-0.072365,-0.624184,-0.777919],[0.674647,0.543822,-0.499109]]],"btipPosition":[55.1825,246.136,26.2468],"carpPosition":[60.1959,291.535,88.6093],"dipPosition":[66.8081,255.508,17.6461],"direction":[-0.641286,-0.757776,0.120533],"extended":false,"handId":644,"id":6444,"length":50.4973,"mcpPosition":[87.5671,296.366,37.7371],"pipPosition":[79.3476,270.325,15.2892],"stabilizedTipPosition":[37.216,286.721,199.21],"timeVisible":0.497055,"tipPosition":[58.1665,248.747,24.4069],"tipVelocity":[-24.3075,-75.7319,-134.336],"tool":false,"touchDistance":0.333333,"touchZone":"none","type":4,"width":16.0532}],"r":[[0.960627,-0.2758,-0.03362],[0.261387,0.938118,-0.227184],[0.0941968,0.209451,0.973271]],"s":1.06673,"t":[32.8856,-29.5023,-184.093],"timestamp":523078524925},false],[4,{"currentFrameRate":106.157,"devices":[],"gestures":[],"hands":[{"armBasis":[[0.985035,-0.0888775,-0.147672],[0.12968,0.946552,0.295334],[0.113531,-0.310065,0.943912]],"armWidth":63.703,"confidence":0.809013,"direction":[0.244348,0.244912,-0.93825],"elbow":[73.8391,205.721,346.744],"grabStrength":0,"id":644,"palmNormal":[-0.133013,-0.949968,-0.282611],"palmPosition":[48.491,300.012,38.5628],"palmVelocity":[-1.4057,-80.7183,-140.642],"palmWidth":90.9658,"pinchStrength":0.974237,"r":[[0.960178,-0.277229,-0.0346849],[0.262616,0.937918,-0.226588],[0.0953483,0.208456,0.973373]],"s":1.06731,"sphereCenter":[33.7212,265.699,6.05935],"sphereRadius":45.7449,"stabilizedPalmPosition":[17.2559,330.567,219.573],"t":[32.9176,-30.2928,-185.246],"timeVisible":0.506209,"type":"right","wrist":[43.194,289.416,91.956]}],"id":4228171,"interactionBox":{"center":[0,200,0],"size":[235.247,235.247,147.751]},"pointables":[{"bases":[[[0.553162,0.81946,0.149989],[-0.808897,0.485271,0.331959],[0.199242,-0.304953,0.931293]],[[0.424471,0.872673,-0.241385],[-0.900624,0.434397,-0.0132679],[0.0932781,0.223029,0.970339]],[[0.424471,0.872673,-0.241385],[-0.898525,0.373095,-0.2312],[-0.111703,0.315028,0.942486]],[[0.424471,0.872673,-0.241385],[-0.870425,0.319865,-0.374228],[-0.249368,0.368956,0.89537]]],"btipPosition":[18.5338,253.345,-15.0722],"carpPosition":[13.5466,283.846,86.4273],"dipPosition":[12.6992,261.978,5.87711],"direction":[0.111703,-0.315028,-0.942486],"extended":false,"handId":644,"id":6440,"length":52.1025,"mcpPosition":[13.5466,283.846,86.4273],"pipPosition":[8.89166,272.716,38.0032],"stabilizedTipPosition":[-6.2907,292.029,161.166],"timeVisible":0.506209,"tipPosition":[17.0632,255.682,-10.2769],"tipVelocity":[-10.1617,-69.3072,-141.642],"tool":false,"touchDistance":-0.526428,"touchZone":"hovering","type":0,"width":20.2446},{"bases":[[[0.987912,-0.149982,0.0391797],[0.14335,0.9801,0.13731],[-0.058994,-0.130034,0.989753]],[[0.989663,-0.142569,-0.0155568],[0.140913,0.986831,-0.0794177],[0.0266745,0.0764046,0.99672]],[[0.989663,-0.142569,-0.0155568],[0.133302,0.95446,-0.2669],[0.0529001,0.262067,0.963599]],[[0.989663,-0.142569,-0.0155568],[0.124465,0.907715,-0.400702],[0.0712488,0.394623,0.916076]]],"btipPosition":[27.2036,296.682,-71.0146],"carpPosition":[26.5056,303.473,83.5237],"dipPosition":[28.4206,303.423,-55.367],"direction":[-0.0529001,-0.262067,-0.963599],"extended":true,"handId":644,"id":6441,"length":58.7918,"mcpPosition":[30.8446,313.037,10.7274],"pipPosition":[29.6989,309.756,-32.0827],"stabilizedTipPosition":[3.2524,322.771,121.762],"timeVisible":0.506209,"tipPosition":[27.1307,297.924,-67.0369],"tipVelocity":[-7.72132,-71.8841,-138.879],"tool":false,"touchDistance":-0.542896,"touchZone":"hovering","type":1,"width":19.3376},{"bases":[[[0.93185,-0.331042,0.148553],[0.306975,0.937542,0.163653],[-0.193451,-0.106898,0.975269]],[[0.933973,-0.329815,0.137541],[0.303237,0.527862,-0.793353],[0.189057,0.782678,0.59302]],[[0.933973,-0.329815,0.137541],[0.0494966,-0.261786,-0.963856],[0.3539,0.907023,-0.228176]],[[0.933973,-0.329815,0.137541],[-0.109635,-0.630806,-0.768156],[0.340111,0.702357,-0.625315]]],"btipPosition":[26.7469,234.151,5.28558],"carpPosition":[38.8147,303.391,83.6516],"dipPosition":[33.1366,247.347,-6.4622],"direction":[-0.3539,-0.907023,0.228176],"extended":false,"handId":644,"id":6442,"length":66.9886,"mcpPosition":[52.3078,310.848,15.6272],"pipPosition":[43.1976,273.132,-12.949],"stabilizedTipPosition":[12.0114,276.496,186.216],"timeVisible":0.506209,"tipPosition":[28.4289,237.793,2.65765],"tipVelocity":[-27.0417,-86.7811,-122.588],"tool":false,"touchDistance":0.333333,"touchZone":"none","type":2,"width":18.9921},{"bases":[[[0.867415,-0.412892,0.27769],[0.366443,0.907609,0.204855],[-0.336617,-0.0759363,0.938575]],[[0.88245,-0.408811,0.232715],[0.415606,0.445824,-0.792788],[0.22035,0.796313,0.563322]],[[0.88245,-0.408811,0.232715],[0.0938003,-0.331853,-0.938656],[0.46096,0.850145,-0.254497]],[[0.88245,-0.408811,0.232715],[-0.110965,-0.661654,-0.741553],[0.457132,0.62856,-0.62924]]],"btipPosition":[40.5709,234.178,19.6774],"carpPosition":[50.6383,300.277,84.8146],"dipPosition":[49.1097,245.919,7.92384],"direction":[-0.46096,-0.850145,0.254497],"extended":false,"handId":644,"id":6443,"length":64.4113,"mcpPosition":[71.7184,305.033,26.0379],"pipPosition":[61.8758,269.463,0.875642],"stabilizedTipPosition":[25.9836,273.481,172.944],"timeVisible":0.506209,"tipPosition":[42.8607,237.413,16.6277],"tipVelocity":[-25.6828,-85.1857,-129.005],"tool":false,"touchDistance":0.333333,"touchZone":"none","type":3,"width":18.0722},{"bases":[[[0.750074,-0.563155,0.346763],[0.465709,0.822042,0.327663],[-0.469579,-0.0842809,0.878859]],[[0.732602,-0.565835,0.378319],[0.637346,0.375163,-0.673084],[0.238923,0.734223,0.635478]],[[0.732602,-0.565835,0.378319],[0.218463,-0.330939,-0.918016],[0.644646,0.755189,-0.118833]],[[0.732602,-0.565835,0.378319],[-0.0754778,-0.61992,-0.781026],[0.67646,0.543627,-0.496863]]],"btipPosition":[54.9977,245.1,24.7424],"carpPosition":[60.4843,290.303,87.268],"dipPosition":[66.6546,254.467,16.1804],"direction":[-0.644646,-0.755189,0.118833],"extended":false,"handId":644,"id":6444,"length":50.4973,"mcpPosition":[87.7057,295.189,36.3208],"pipPosition":[79.2598,269.234,13.8568],"stabilizedTipPosition":[37.2421,286.671,198.985],"timeVisible":0.506209,"tipPosition":[57.9975,247.71,22.9097],"tipVelocity":[-22.9388,-86.2112,-142.424],"tool":false,"touchDistance":0.333333,"touchZone":"none","type":4,"width":16.0532}],"r":[[0.960178,-0.277229,-0.0346849],[0.262616,0.937918,-0.226588],[0.0953483,0.208456,0.973373]],"s":1.06731,"t":[32.9176,-30.2928,-185.246],"timestamp":523078534079},false],[5,{"currentFrameRate":106.423,"devices":[],"gestures":[],"hands":[{"armBasis":[[0.984821,-0.091399,-0.147558],[0.131732,0.947139,0.292529],[0.113021,-0.307527,0.944803]],"armWidth":63.703,"confidence":0.812076,"direction":[0.242366,0.246927,-0.938235],"elbow":[73.8268,205.581,346.009],"grabStrength":0,"id":644,"palmNormal":[-0.133836,-0.949313,-0.284415],"palmPosition":[48.5026,299.304,37.5994],"palmVelocity":[-0.6682,-80.4013,-131.797],"palmWidth":90.9658,"pinchStrength":0.971657,"r":[[0.959789,-0.278396,-0.0360764],[0.263544,0.937845,-0.225813],[0.0966995,0.207225,0.973502]],"s":1.0677,"sphereCenter":[33.8717,264.962,5.10718],"sphereRadius":45.7007,"stabilizedPalmPosition":[17.2764,330.547,219.454],"t":[32.9394,-31.0424,-186.304],"timeVisible":0.515117,"type":"right","wrist":[43.3191,288.591,90.9805]}],"id":4228172,"interactionBox":{"center":[0,200,0],"size":[235.247,235.247,147.751]},"pointables":[{"bases":[[[0.553668,0.819008,0.150594],[-0.808067,0.484714,0.334783],[0.201194,-0.307048,0.930184]],[[0.424181,0.873116,-0.240288],[-0.900502,0.434736,-0.00999314],[0.0957368,0.220619,0.97065]],[[0.424181,0.873116,-0.240288],[-0.898633,0.373042,-0.230867],[-0.111936,0.31386,0.942848]],[[0.424181,0.873116,-0.240288],[-0.870963,0.320683,-0.372272],[-0.24798,0.367193,0.896479]]],"btipPosition":[18.4985,252.74,-16.0494],"carpPosition":[13.6586,283.04,85.5039],"dipPosition":[12.6964,261.332,4.92586],"direction":[0.111936,-0.31386,-0.942848],"extended":false,"handId":644,"id":6440,"length":52.1025,"mcpPosition":[13.6586,283.04,85.5039],"pipPosition":[8.88091,272.03,37.0643],"stabilizedTipPosition":[-6.27119,291.998,161.023],"timeVisible":0.515117,"tipPosition":[17.0114,255.062,-11.2538],"tipVelocity":[-8.24543,-69.2266,-132.765],"tool":false,"touchDistance":-0.516687,"touchZone":"hovering","type":0,"width":20.2446},{"bases":[[[0.987962,-0.150282,0.0367053],[0.143865,0.979764,0.139158],[-0.0568755,-0.132202,0.98959]],[[0.989593,-0.142833,-0.0174276],[0.141031,0.986809,-0.0794813],[0.0285502,0.0761963,0.996684]],[[0.989593,-0.142833,-0.0174276],[0.133173,0.955002,-0.265019],[0.0544968,0.25994,0.964086]],[[0.989593,-0.142833,-0.0174276],[0.124226,0.909174,-0.397455],[0.0726143,0.391154,0.917456]]],"btipPosition":[27.0153,296.159,-71.9446],"carpPosition":[26.6156,302.67,82.6155],"dipPosition":[28.2556,302.84,-56.2735],"direction":[-0.0544968,-0.25994,-0.964086],"extended":true,"handId":644,"id":6441,"length":58.7918,"mcpPosition":[30.7988,312.394,9.83118],"pipPosition":[29.5725,309.121,-32.9773],"stabilizedTipPosition":[3.26838,322.755,121.635],"timeVisible":0.515117,"tipPosition":[26.9483,297.423,-67.974],"tipVelocity":[-11.21,-68.7429,-129.329],"tool":false,"touchDistance":-0.530808,"touchZone":"hovering","type":1,"width":19.3376},{"bases":[[[0.932096,-0.33157,0.1458],[0.307537,0.937112,0.165053],[-0.191358,-0.109006,0.975448]],[[0.934105,-0.330376,0.135277],[0.301137,0.525658,-0.795613],[0.191742,0.783923,0.590508]],[[0.934105,-0.330376,0.135277],[0.0472172,-0.261268,-0.964111],[0.353863,0.906968,-0.228452]],[[0.934105,-0.330376,0.135277],[-0.110748,-0.628403,-0.769964],[0.339386,0.704245,-0.623583]]],"btipPosition":[26.5965,233.399,4.43427],"carpPosition":[38.9249,302.586,82.7165],"dipPosition":[32.9725,246.629,-7.28097],"direction":[-0.353863,-0.906968,0.228452],"extended":false,"handId":644,"id":6442,"length":66.9886,"mcpPosition":[52.272,310.189,14.6796],"pipPosition":[43.0324,272.413,-13.7756],"stabilizedTipPosition":[12.0458,276.41,185.821],"timeVisible":0.515117,"tipPosition":[28.2863,237.048,1.73169],"tipVelocity":[-24.3743,-85.9153,-115.004],"tool":false,"touchDistance":0.333333,"touchZone":"none","type":2,"width":18.9921},{"bases":[[[0.867924,-0.413691,0.274897],[0.367088,0.907076,0.206059],[-0.334597,-0.0779322,0.939133]],[[0.882913,-0.409497,0.229732],[0.413736,0.447166,-0.79301],[0.222007,0.795207,0.564232]],[[0.882913,-0.409497,0.229732],[0.0920694,-0.328786,-0.939906],[0.460422,0.851006,-0.252587]],[[0.882913,-0.409497,0.229732],[-0.111887,-0.658668,-0.744068],[0.456011,0.631243,-0.627364]]],"btipPosition":[40.5183,233.467,18.5462],"carpPosition":[50.7503,299.466,83.8469],"dipPosition":[49.0361,245.258,6.82764],"direction":[-0.460422,-0.851006,0.252587],"extended":false,"handId":644,"id":6443,"length":64.4113,"mcpPosition":[71.7039,304.346,25.0353],"pipPosition":[61.7873,268.826,-0.167656],"stabilizedTipPosition":[26.0289,273.379,172.513],"timeVisible":0.515117,"tipPosition":[42.7955,236.713,15.529],"tipVelocity":[-20.4484,-83.3625,-128.211],"tool":false,"touchDistance":0.333333,"touchZone":"none","type":3,"width":18.0722},{"bases":[[[0.7507,-0.564081,0.343892],[0.4666,0.821217,0.328462],[-0.467689,-0.0861162,0.879688]],[[0.732552,-0.566924,0.376782],[0.635814,0.372167,-0.67619],[0.243123,0.734907,0.63309]],[[0.732552,-0.566924,0.376782],[0.216545,-0.330676,-0.918565],[0.64535,0.754487,-0.119472]],[[0.732552,-0.566924,0.376782],[-0.0755814,-0.617831,-0.78267],[0.676502,0.544869,-0.495442]]],"btipPosition":[54.8404,244.355,23.7558],"carpPosition":[60.5994,289.484,86.257],"dipPosition":[66.498,253.745,15.2182],"direction":[-0.64535,-0.754487,0.119472],"extended":false,"handId":644,"id":6444,"length":50.4973,"mcpPosition":[87.7113,294.476,35.2617],"pipPosition":[79.1169,268.498,12.8821],"stabilizedTipPosition":[37.2721,286.611,198.723],"timeVisible":0.515117,"tipPosition":[57.8676,246.97,21.8774],"tipVelocity":[-21.4978,-85.3305,-133.632],"tool":false,"touchDistance":0.333333,"touchZone":"none","type":4,"width":16.0532}],"r":[[0.959789,-0.278396,-0.0360764],[0.263544,0.937845,-0.225813],[0.0966995,0.207225,0.973502]],"s":1.0677,"t":[32.9394,-31.0424,-186.304],"timestamp":523078542987},false],[6,{"currentFrameRate":106.57,"devices":[],"gestures":[],"hands":[{"armBasis":[[0.984962,-0.0937826,-0.145101],[0.132992,0.947658,0.29027],[0.110284,-0.305202,0.94588]],"armWidth":63.703,"confidence":0.814186,"direction":[0.239258,0.249713,-0.938296],"elbow":[73.3648,205.505,345.1],"grabStrength":0,"id":644,"palmNormal":[-0.133925,-0.948639,-0.286616],"palmPosition":[48.6056,298.751,36.4131],"palmVelocity":[2.65285,-74.9101,-131.345],"palmWidth":90.9658,"pinchStrength":0.972275,"r":[[0.959499,-0.279148,-0.0379369],[0.26399,0.937953,-0.224839],[0.0983465,0.205718,0.973657]],"s":1.06777,"sphereCenter":[34.1899,264.342,3.93183],"sphereRadius":45.6535,"stabilizedPalmPosition":[17.3006,330.522,219.313],"t":[33.0018,-31.6934,-187.426],"timeVisible":0.524231,"type":"right","wrist":[43.5962,287.887,89.7802]}],"id":4228173,"interactionBox":{"center":[0,200,0],"size":[235.247,235.247,147.751]},"pointables":[{"bases":[[[0.553449,0.819055,0.151139],[-0.807431,0.483111,0.338613],[0.204326,-0.30944,0.928708]],[[0.422689,0.874128,-0.239237],[-0.900844,0.434109,-0.00547174],[0.099072,0.217828,0.970946]],[[0.422689,0.874128,-0.239237],[-0.899374,0.372076,-0.229533],[-0.111627,0.312184,0.943441]],[[0.422689,0.874128,-0.239237],[-0.871954,0.320297,-0.370279],[-0.247045,0.365116,0.897585]]],"btipPosition":[18.5645,252.272,-17.2342],"carpPosition":[13.9234,282.326,84.3799],"dipPosition":[12.7843,260.814,3.76696],"direction":[0.111627,-0.312184,-0.943441],"extended":false,"handId":644,"id":6440,"length":52.1025,"mcpPosition":[13.9234,282.326,84.3799],"pipPosition":[8.97931,271.456,35.9256],"stabilizedTipPosition":[-6.2509,291.965,160.873],"timeVisible":0.524231,"tipPosition":[17.0576,254.58,-12.4415],"tipVelocity":[-3.79488,-64.6234,-131.815],"tool":false,"touchDistance":-0.511034,"touchZone":"hovering","type":0,"width":20.2446},{"bases":[[[0.988195,-0.149552,0.0332374],[0.143479,0.979498,0.141413],[-0.0537046,-0.134975,0.989393]],[[0.989653,-0.142077,-0.0200194],[0.140079,0.986942,-0.0795206],[0.031056,0.0758935,0.996632]],[[0.989653,-0.142077,-0.0200194],[0.131891,0.955752,-0.262951],[0.0564928,0.25759,0.964602]],[[0.989653,-0.142077,-0.0200194],[0.122805,0.910916,-0.393892],[0.0741989,0.387358,0.918939]]],"btipPosition":[26.8387,295.802,-73.0755],"carpPosition":[26.8551,301.975,81.5057],"dipPosition":[28.1061,302.419,-57.379],"direction":[-0.0564928,-0.25759,-0.964602],"extended":true,"handId":644,"id":6441,"length":58.7918,"mcpPosition":[30.8051,311.903,8.73585],"pipPosition":[29.4712,308.643,-34.0705],"stabilizedTipPosition":[3.28501,322.737,121.502],"timeVisible":0.524231,"tipPosition":[26.7752,297.099,-69.1145],"tipVelocity":[-13.2878,-60.9669,-127.696],"tool":false,"touchDistance":-0.522937,"touchZone":"hovering","type":1,"width":19.3376},{"bases":[[[0.932818,-0.331187,0.142005],[0.307266,0.936912,0.166684],[-0.188249,-0.111853,0.975731]],[[0.934753,-0.329988,0.131697],[0.298089,0.52668,-0.796085],[0.193336,0.7834,0.590682]],[[0.934753,-0.329988,0.131697],[0.0447384,-0.258398,-0.965002],[0.352469,0.907931,-0.226775]],[[0.934753,-0.329988,0.131697],[-0.1119,-0.62523,-0.772377],[0.337216,0.707245,-0.621362]]],"btipPosition":[26.623,232.854,3.16867],"carpPosition":[39.1647,301.901,81.5684],"dipPosition":[32.9583,246.141,-8.50484],"direction":[-0.352469,-0.907931,0.226775],"extended":false,"handId":644,"id":6442,"length":66.9886,"mcpPosition":[52.295,309.702,13.5117],"pipPosition":[42.9786,271.952,-14.9518],"stabilizedTipPosition":[12.0842,276.313,185.377],"timeVisible":0.524231,"tipPosition":[28.3038,236.514,0.461854],"tipVelocity":[-17.0863,-78.2645,-121.334],"tool":false,"touchDistance":0.333333,"touchZone":"none","type":2,"width":18.9921},{"bases":[[[0.869113,-0.413717,0.271071],[0.366969,0.906813,0.207423],[-0.331626,-0.0807995,0.939945]],[[0.884004,-0.409371,0.225726],[0.41052,0.448812,-0.793752],[0.22363,0.794345,0.564806]],[[0.884004,-0.409371,0.225726],[0.0897471,-0.32526,-0.941356],[0.458784,0.852421,-0.250791]],[[0.884004,-0.409371,0.225726],[-0.112694,-0.655232,-0.746974],[0.453693,0.63489,-0.625362]]],"btipPosition":[40.5942,232.9,17.1894],"carpPosition":[50.9962,298.788,82.6537],"dipPosition":[49.0688,244.759,5.50822],"direction":[-0.458784,-0.852421,0.250791],"extended":false,"handId":644,"id":6443,"length":64.4113,"mcpPosition":[71.7637,303.848,23.7912],"pipPosition":[61.7746,268.367,-1.43735],"stabilizedTipPosition":[26.0752,273.273,172.069],"timeVisible":0.524231,"tipPosition":[42.858,236.166,14.1949],"tipVelocity":[-12.7635,-77.0198,-133.683],"tool":false,"touchDistance":0.333333,"touchZone":"none","type":3,"width":18.0722},{"bases":[[[0.752229,-0.564395,0.340014],[0.466931,0.820701,0.329281],[-0.464895,-0.0889317,0.880888]],[[0.733028,-0.567501,0.374984],[0.634014,0.370378,-0.678856],[0.246366,0.735366,0.631301]],[[0.733028,-0.567501,0.374984],[0.214839,-0.3299,-0.919244],[0.645379,0.754393,-0.119905]],[[0.733028,-0.567501,0.374984],[-0.0755228,-0.615781,-0.78429],[0.675993,0.546586,-0.494244]]],"btipPosition":[54.8335,243.798,22.486],"carpPosition":[60.861,288.808,85.0057],"dipPosition":[66.4824,253.217,13.9691],"direction":[-0.645379,-0.754393,0.119905],"extended":false,"handId":644,"id":6444,"length":50.4973,"mcpPosition":[87.8108,293.963,33.9409],"pipPosition":[79.1018,267.968,11.6245],"stabilizedTipPosition":[37.3053,286.545,198.431],"timeVisible":0.524231,"tipPosition":[57.8782,246.414,20.5723],"tipVelocity":[-15.8029,-78.403,-135.067],"tool":false,"touchDistance":0.333333,"touchZone":"none","type":4,"width":16.0532}],"r":[[0.959499,-0.279148,-0.0379369],[0.26399,0.937953,-0.224839],[0.0983465,0.205718,0.973657]],"s":1.06777,"t":[33.0018,-31.6934,-187.426],"timestamp":523078552101},false],[7,{"currentFrameRate":106.79,"devices":[],"gestures":[],"hands":[{"armBasis