{"sensorType":"Leap","data":[[0,{"currentFrameRate":107.852,"devices":[],"gestures":[],"hands":[{"armBasis":[[-0.693957,-0.71392,-0.0934962],[-0.720013,0.688454,0.0872442],[-0.0020825,-0.127862,0.99179]],"armWidth":63.703,"confidence":0.731634,"direction":[-0.373268,-0.00367235,-0.927716],"elbow":[37.7839,250.971,363.192],"grabStrength":0,"id":640,"palmNormal":[0.662319,-0.701278,-0.263709],"palmPosition":[26.006,287.69,42.2448],"palmVelocity":[-31.3409,5.54018,-46.9904],"palmWidth":90.9658,"pinchStrength":1,"r":[[0.998604,0.00874572,-0.0520824],[-0.02111,0.970082,-0.241857],[0.048409,0.242619,0.968913]],"s":0.88088,"sphereCenter":[52.9556,263.828,10.6614],"sphereRadius":44.2482,"stabilizedPalmPosition":[-10.6591,320.174,192.89],"t":[51.066,-45.559,-208.202],"timeVisible":1.00332,"type":"left","wrist":[38.346,285.484,95.4804]}],"id":4225546,"interactionBox":{"center":[0,200,0],"size":[235.247,235.247,147.751]},"pointables":[{"bases":[[[-0.926637,0.339666,0.161153],[0.372285,0.888775,0.267365],[0.0524141,-0.307745,0.950024]],[[-0.884513,0.427015,-0.187868],[0.46273,0.854248,-0.236943],[-0.0593078,0.296511,0.953186]],[[-0.884513,0.427015,-0.187868],[0.413945,0.532673,-0.73818],[0.215142,0.730697,0.647917]],[[-0.884513,0.427015,-0.187868],[0.342582,0.321192,-0.882878],[0.31666,0.845277,0.430387]]],"btipPosition":[53.5059,238.761,8.5539],"carpPosition":[65.2886,298.242,88.2771],"dipPosition":[60.9149,258.538,18.6238],"direction":[-0.215142,-0.730697,-0.647917],"extended":false,"handId":640,"id":6400,"length":52.1025,"mcpPosition":[65.2886,298.242,88.2771],"pipPosition":[68.2483,283.445,40.709],"stabilizedTipPosition":[36.7504,267.661,96.4434],"timeVisible":1.00332,"tipPosition":[55.0537,243.368,11.5615],"tipVelocity":[-43.3939,-4.48425,-50.6465],"tool":false,"touchDistance":-0.346785,"touchZone":"hovering","type":0,"width":20.2446},{"bases":[[[-0.703069,-0.703374,0.104681],[-0.693396,0.710738,0.118547],[0.157784,-0.0107612,0.987415]],[[-0.682452,-0.700571,0.208467],[-0.718614,0.695222,-0.0161513],[0.133616,0.16083,0.977896]],[[-0.682452,-0.700571,0.208467],[-0.73093,0.65384,-0.195538],[-0.000684442,0.28582,0.958283]],[[-0.682452,-0.700571,0.208467],[-0.723535,0.60702,-0.32867],[-0.103713,0.375135,0.92115]]],"btipPosition":[27.5546,286.733,-67.878],"carpPosition":[43.1104,306.164,85.6381],"dipPosition":[25.783,293.141,-52.1438],"direction":[0.000684442,-0.28582,-0.958283],"extended":true,"handId":640,"id":6401,"length":58.7918,"mcpPosition":[31.5054,306.955,13.0137],"pipPosition":[25.7665,300.047,-28.9879],"stabilizedTipPosition":[0.0974708,325.921,83.3046],"timeVisible":1.00332,"tipPosition":[28.0376,287.418,-64.0655],"tipVelocity":[-55.2038,7.17152,-48.4957],"tool":false,"touchDistance":-0.340764,"touchZone":"hovering","type":1,"width":19.3376},{"bases":[[[-0.546711,-0.80915,0.215369],[-0.798643,0.581184,0.156188],[0.251548,0.0866134,0.963962]],[[-0.540692,-0.806909,0.237804],[-0.647797,0.219042,-0.729643],[-0.536667,0.548561,0.641147]],[[-0.540692,-0.806909,0.237804],[0.340071,-0.468224,-0.815548],[-0.769418,0.36009,-0.527571]],[[-0.540692,-0.806909,0.237804],[0.754152,-0.590203,-0.287952],[-0.372703,-0.0236468,-0.927649]]],"btipPosition":[70.4667,256.546,20.828],"carpPosition":[33.2758,298.814,86.5331],"dipPosition":[63.4647,256.102,3.40022],"direction":[0.769418,-0.36009,0.527571],"extended":false,"handId":640,"id":6402,"length":66.9886,"mcpPosition":[15.7304,292.773,19.2973],"pipPosition":[41.5911,266.339,-11.598],"stabilizedTipPosition":[39.0581,300.461,175.216],"timeVisible":1.00332,"tipPosition":[69.1533,256.586,17.9951],"tipVelocity":[-43.8857,-2.43281,-48.8791],"tool":false,"touchDistance":0.333333,"touchZone":"none","type":2,"width":18.9921},{"bases":[[[-0.441963,-0.829079,0.342485],[-0.827237,0.524353,0.201825],[0.346912,0.194117,0.91759]],[[-0.436516,-0.825961,0.356711],[-0.770134,0.138056,-0.622764],[-0.465133,0.546561,0.696364]],[[-0.436516,-0.825961,0.356711],[0.194086,-0.473593,-0.859093],[-0.878513,0.305775,-0.367038]],[[-0.436516,-0.825961,0.356711],[0.708415,-0.55995,-0.429655],[-0.554619,-0.0651483,-0.82955]]],"btipPosition":[59.4104,245.556,25.6079],"carpPosition":[25.6689,289.377,88.5152],"dipPosition":[49.0506,244.339,10.1127],"direction":[0.878513,-0.305775,0.367038],"extended":false,"handId":640,"id":6403,"length":64.4113,"mcpPosition":[3.94416,277.221,31.0527],"pipPosition":[24.7206,252.807,-0.0522838],"stabilizedTipPosition":[30.8258,291.976,182.301],"timeVisible":1.00332,"tipPosition":[57.1386,244.947,21.4216],"tipVelocity":[-40.4819,15.5096,-2.48685],"tool":false,"touchDistance":0.333333,"touchZone":"none","type":3,"width":18.0722},{"bases":[[[-0.256042,-0.876205,0.408298],[-0.851987,0.404094,0.332906],[0.456684,0.262626,0.849981]],[[-0.316924,-0.904168,0.286426],[-0.869486,0.156334,-0.468565],[-0.378883,0.397543,0.835707]],[[-0.316924,-0.904168,0.286426],[0.0599942,-0.3205,-0.945347],[-0.946551,0.28242,-0.155819]],[[-0.316924,-0.904168,0.286426],[0.657826,-0.4271,-0.620364],[-0.683245,0.00818988,-0.730143]]],"btipPosition":[40.9751,240.735,28.6668],"carpPosition":[23.7732,275.676,91.8532],"dipPosition":[29.2012,240.877,16.0848],"direction":[0.946551,-0.28242,0.155819],"extended":false,"handId":640,"id":6404,"length":50.4973,"mcpPosition":[-2.70066,260.452,42.5801],"pipPosition":[10.6928,246.399,13.038],"stabilizedTipPosition":[15.8983,283.205,185.803],"timeVisible":1.00332,"tipPosition":[38.7253,240.712,25.9908],"tipVelocity":[-44.8437,9.80932,-21.2708],"tool":false,"touchDistance":0.333333,"touchZone":"none","type":4,"width":16.0532}],"r":[[0.998604,0.00874572,-0.0520824],[-0.02111,0.970082,-0.241857],[0.048409,0.242619,0.968913]],"s":0.88088,"t":[51.066,-45.559,-208.202],"timestamp":523050755579},false],[1,{"currentFrameRate":108.021,"devices":[],"gestures":[],"hands":[{"armBasis":[[-0.695507,-0.71268,-0.0914147],[-0.718517,0.689536,0.0909637],[0.00179433,-0.128949,0.99165]],"armWidth":63.703,"confidence":0.733558,"direction":[-0.37452,-0.00323831,-0.927213],"elbow":[38.3795,250.684,362.807],"grabStrength":0,"id":640,"palmNormal":[0.661266,-0.701918,-0.264647],"palmPosition":[25.4856,287.712,41.9146],"palmVelocity":[-38.6647,4.70227,-44.2281],"palmWidth":90.9658,"pinchStrength":1,"r":[[0.99858,0.00747458,-0.0527453],[-0.0200641,0.969969,-0.242401],[0.0493495,0.243115,0.968741]],"s":0.882605,"sphereCenter":[52.3397,263.853,10.305],"sphereRadius":44.2295,"stabilizedPalmPosition":[-10.6469,320.163,192.839],"t":[50.6193,-45.5233,-208.577],"timeVisible":1.01227,"type":"left","wrist":[37.8951,285.49,95.1334]}],"id":4225547,"interactionBox":{"center":[0,200,0],"size":[235.247,235.247,147.751]},"pointables":[{"bases":[[[-0.926082,0.340575,0.162423],[0.373527,0.888386,0.266923],[0.0533873,-0.307862,0.949932]],[[-0.884334,0.42791,-0.186673],[0.463275,0.85377,-0.237599],[-0.0577044,0.296598,0.953258]],[[-0.884334,0.42791,-0.186673],[0.413462,0.532174,-0.73881],[0.216802,0.730536,0.647544]],[[-0.884334,0.42791,-0.186673],[0.342601,0.323206,-0.882135],[0.317141,0.844056,0.432425]]],"btipPosition":[52.91,238.771,8.13298],"carpPosition":[64.8406,298.222,87.8948],"dipPosition":[60.3303,258.519,18.2506],"direction":[-0.216802,-0.730536,-0.647544],"extended":false,"handId":640,"id":6400,"length":52.1025,"mcpPosition":[64.8406,298.222,87.8948],"pipPosition":[67.7203,283.421,40.3231],"stabilizedTipPosition":[36.7624,267.645,96.3858],"timeVisible":1.01227,"tipPosition":[54.4609,243.367,11.147],"tipVelocity":[-49.6483,-3.16218,-49.322],"tool":false,"touchDistance":-0.346589,"touchZone":"hovering","type":0,"width":20.2446},{"bases":[[[-0.703626,-0.702683,0.10558],[-0.69253,0.711418,0.119528],[0.159102,-0.0109854,0.987201]],[[-0.682814,-0.699893,0.209556],[-0.717862,0.696037,-0.014389],[0.135788,0.160257,0.977691]],[[-0.682814,-0.699893,0.209556],[-0.730591,0.654572,-0.194351],[0.00114443,0.285805,0.958287]],[[-0.682814,-0.699893,0.209556],[-0.723406,0.607559,-0.327959],[-0.102219,0.375529,0.921157]]],"btipPosition":[26.851,286.77,-68.2056],"carpPosition":[42.6668,306.166,85.2861],"dipPosition":[25.1049,293.184,-52.4713],"direction":[-0.00114443,-0.285805,-0.958287],"extended":true,"handId":640,"id":6401,"length":58.7918,"mcpPosition":[30.9648,306.974,12.6775],"pipPosition":[25.1326,300.091,-29.3153],"stabilizedTipPosition":[0.185929,325.795,82.8082],"timeVisible":1.01227,"tipPosition":[27.328,287.474,-64.401],"tipVelocity":[-61.4211,6.38574,-45.2443],"tool":false,"touchDistance":-0.339935,"touchZone":"hovering","type":1,"width":19.3376},{"bases":[[[-0.547223,-0.808622,0.21605],[-0.797855,0.581966,0.157302],[0.252931,0.0862977,0.963628]],[[-0.54115,-0.806379,0.23856],[-0.646987,0.218023,-0.730667],[-0.537183,0.549745,0.639699]],[[-0.54115,-0.806379,0.23856],[0.342273,-0.470334,-0.81341],[-0.768119,0.358524,-0.530523]],[[-0.54115,-0.806379,0.23856],[0.755012,-0.590819,-0.284411],[-0.370288,-0.0262068,-0.928547]]],"btipPosition":[69.8631,256.616,20.6826],"carpPosition":[32.826,298.826,86.1938],"dipPosition":[62.9065,256.124,3.23797],"direction":[0.768119,-0.358524,0.530523],"extended":false,"handId":640,"id":6402,"length":66.9886,"mcpPosition":[15.1842,292.807,18.9814],"pipPosition":[41.0698,266.316,-11.8442],"stabilizedTipPosition":[39.0662,300.449,175.172],"timeVisible":1.01227,"tipPosition":[68.5402,256.606,17.6679],"tipVelocity":[-50.0044,0.015696,-40.0776],"tool":false,"touchDistance":0.333333,"touchZone":"none","type":2,"width":18.9921},{"bases":[[[-0.442325,-0.828663,0.343024],[-0.826443,0.52516,0.202974],[0.34834,0.19371,0.917135]],[[-0.436957,-0.82561,0.356982],[-0.770336,0.138588,-0.622396],[-0.464383,0.546956,0.696554]],[[-0.436957,-0.82561,0.356982],[0.195843,-0.474678,-0.858094],[-0.877903,0.305038,-0.369104]],[[-0.436957,-0.82561,0.356982],[0.710118,-0.56023,-0.426467],[-0.552088,-0.0671514,-0.831077]]],"btipPosition":[58.7669,245.641,25.384],"carpPosition":[25.2125,289.396,88.1855],"dipPosition":[48.4545,244.387,9.86029],"direction":[0.877903,-0.305038,0.369104],"extended":false,"handId":640,"id":6403,"length":64.4113,"mcpPosition":[3.39834,277.266,30.7515],"pipPosition":[24.1413,252.834,-0.361911],"stabilizedTipPosition":[30.9737,291.707,181.372],"timeVisible":1.01227,"tipPosition":[56.5125,245.013,21.1739],"tipVelocity":[-48.7325,13.6043,-8.84359],"tool":false,"touchDistance":0.333333,"touchZone":"none","type":3,"width":18.0722},{"bases":[[[-0.256362,-0.875978,0.408583],[-0.851136,0.404917,0.334079],[0.458089,0.262115,0.849383]],[[-0.317275,-0.903819,0.287138],[-0.868751,0.155594,-0.470172],[-0.380273,0.398625,0.83456]],[[-0.317275,-0.903819,0.287138],[0.0655254,-0.322951,-0.944145],[-0.946067,0.280739,-0.161687]],[[-0.317275,-0.903819,0.287138],[0.662608,-0.427889,-0.614704],[-0.678444,0.00477069,-0.734636]]],"btipPosition":[40.3851,240.84,28.6062],"carpPosition":[23.3077,275.697,91.5253],"dipPosition":[28.694,240.922,15.9468],"direction":[0.946067,-0.280739,0.161687],"extended":false,"handId":640,"id":6404,"length":50.4973,"mcpPosition":[-3.24761,260.503,42.2868],"pipPosition":[10.195,246.411,12.7853],"stabilizedTipPosition":[15.9314,283.14,185.56],"timeVisible":1.01227,"tipPosition":[38.108,240.779,25.7937],"tipVelocity":[-50.0216,9.8957,-17.8508],"tool":false,"touchDistance":0.333333,"touchZone":"none","type":4,"width":16.0532}],"r":[[0.99858,0.00747458,-0.0527453],[-0.0200641,0.969969,-0.242401],[0.0493495,0.243115,0.968741]],"s":0.882605,"t":[50.6193,-45.5233,-208.577],"timestamp":523050764530},false],[2,{"currentFrameRate":108.122,"devices":[],"gestures":[],"hands":[{"armBasis":[[-0.698246,-0.710449,-0.0878368],[-0.715831,0.691863,0.0944039],[0.00629813,-0.128793,0.991651]],"armWidth":63.703,"confidence":0.735001,"direction":[-0.375631,-0.00230095,-0.926766],"elbow":[39.0522,250.624,362.537],"grabStrength":0,"id":640,"palmNormal":[0.659031,-0.703746,-0.265367],"palmPosition":[24.8854,287.64,41.6579],"palmVelocity":[-46.2708,1.2041,-39.8296],"palmWidth":90.9658,"pinchStrength":1,"r":[[0.99855,0.00591073,-0.0535129],[-0.0187556,0.969882,-0.242851],[0.0504658,0.243502,0.968586]],"s":0.884142,"sphereCenter":[51.642,263.764,10.0149],"sphereRadius":44.2249,"stabilizedPalmPosition":[-10.6274,320.145,192.756],"t":[50.0959,-45.5415,-208.893],"timeVisible":1.02134,"type":"left","wrist":[37.3522,285.389,94.8622]}],"id":4225548,"interactionBox":{"center":[0,200,0],"size":[235.247,235.247,147.751]},"pointables":[{"bases":[[[-0.924954,0.343119,0.163493],[0.37627,0.887387,0.266393],[0.053677,-0.307919,0.949897]],[[-0.883488,0.430245,-0.185304],[0.465206,0.852297,-0.239109],[-0.055059,0.297455,0.953147]],[[-0.883488,0.430245,-0.185304],[0.413531,0.530449,-0.740011],[0.220092,0.73042,0.646565]],[[-0.883488,0.430245,-0.185304],[0.342946,0.324564,-0.881502],[0.319119,0.842346,0.434299]]],"btipPosition":[52.1027,238.596,7.82345],"carpPosition":[64.3237,298.047,87.5902],"dipPosition":[59.5693,258.305,17.9849],"direction":[-0.220092,-0.73042,-0.646565],"extended":false,"handId":640,"id":6400,"length":52.1025,"mcpPosition":[64.3237,298.047,87.5902],"pipPosition":[67.0714,283.203,40.0241],"stabilizedTipPosition":[36.7812,267.618,96.2906],"timeVisible":1.02134,"tipPosition":[53.6844,243.195,10.8319],"tipVelocity":[-60.2081,-7.87941,-44.819],"tool":false,"touchDistance":-0.344755,"touchZone":"hovering","type":0,"width":20.2446},{"bases":[[[-0.705417,-0.700748,0.106485],[-0.690441,0.713319,0.120284],[0.160247,-0.0113285,0.987012]],[[-0.684415,-0.69799,0.210681],[-0.715885,0.698101,-0.0127938],[0.138146,0.159579,0.977471]],[[-0.684415,-0.69799,0.210681],[-0.729085,0.656508,-0.193471],[0.00327265,0.286019,0.958218]],[[-0.684415,-0.69799,0.210681],[-0.722154,0.60921,-0.327654],[-0.10035,0.376395,0.921009]]],"btipPosition":[26.0839,286.689,-68.457],"carpPosition":[42.1686,306.051,85.0071],"dipPosition":[24.3698,293.118,-52.7252],"direction":[-0.00327265,-0.286019,-0.958218],"extended":true,"handId":640,"id":6401,"length":58.7918,"mcpPosition":[30.3824,306.884,12.4124],"pipPosition":[24.4489,300.03,-29.5709],"stabilizedTipPosition":[0.299675,325.627,82.1497],"timeVisible":1.02134,"tipPosition":[26.5558,287.412,-64.661],"tipVelocity":[-67.6009,2.26343,-40.422],"tool":false,"touchDistance":-0.338055,"touchZone":"hovering","type":1,"width":19.3376},{"bases":[[[-0.549173,-0.807103,0.216779],[-0.796074,0.584158,0.158195],[0.254313,0.0856956,0.963318]],[[-0.543088,-0.804883,0.239204],[-0.645828,0.218343,-0.731596],[-0.536621,0.551806,0.638396]],[[-0.543088,-0.804883,0.239204],[0.343055,-0.472705,-0.811704],[-0.7664,0.358766,-0.53284]],[[-0.543088,-0.804883,0.239204],[0.754446,-0.592799,-0.281783],[-0.368602,-0.0274338,-0.929182]]],"btipPosition":[69.1419,256.487,20.5783],"carpPosition":[32.3089,298.738,85.9273],"dipPosition":[62.217,255.971,3.12176],"direction":[0.7664,-0.358766,0.53284],"extended":false,"handId":640,"id":6402,"length":66.9886,"mcpPosition":[14.5707,292.761,18.7365],"pipPosition":[40.4292,266.171,-12.0262],"stabilizedTipPosition":[39.085,300.42,175.067],"timeVisible":1.02134,"tipPosition":[67.8068,256.444,17.4193],"tipVelocity":[-57.9416,-4.08975,-32.265],"tool":false,"touchDistance":0.333333,"touchZone":"none","type":2,"width":18.9921},{"bases":[[[-0.444179,-0.82742,0.34363],[-0.824763,0.527435,0.203907],[0.349959,0.192842,0.916701]],[[-0.438855,-0.82442,0.357404],[-0.770189,0.140246,-0.622206],[-0.462835,0.548327,0.696507]],[[-0.438855,-0.82442,0.357404],[0.196235,-0.476086,-0.857225],[-0.876869,0.306062,-0.370712]],[[-0.438855,-0.82442,0.357404],[0.710224,-0.561911,-0.424073],[-0.550444,-0.0677305,-0.83212]]],"btipPosition":[57.9965,245.549,25.2207],"carpPosition":[24.672,289.329,87.929],"dipPosition":[47.7147,244.284,9.67755],"direction":[0.876869,-0.306062,0.370712],"extended":false,"handId":640,"id":6403,"length":64.4113,"mcpPosition":[2.75644,277.253,30.5222],"pipPosition":[23.4302,252.76,-0.589187],"stabilizedTipPosition":[31.1641,291.348,180.139],"timeVisible":1.02134,"tipPosition":[55.7486,244.913,20.9947],"tipVelocity":[-58.5302,6.97838,-11.512],"tool":false,"touchDistance":0.333333,"touchZone":"none","type":3,"width":18.0722},{"bases":[[[-0.258268,-0.875237,0.408972],[-0.849629,0.407272,0.335054],[0.459814,0.260941,0.848811]],[[-0.319254,-0.902873,0.287918],[-0.868324,0.157001,-0.470493],[-0.379592,0.400212,0.83411]],[[-0.319254,-0.902873,0.287918],[0.0686632,-0.325056,-0.943199],[-0.945179,0.28135,-0.16577]],[[-0.319254,-0.902873,0.287918],[0.66554,-0.429895,-0.610121],[-0.674636,0.00316265,-0.738144]]],"btipPosition":[39.6041,240.806,28.5425],"carpPosition":[22.7338,275.636,91.2723],"dipPosition":[27.9786,240.86,15.8227],"direction":[0.945179,-0.28135,0.16577],"extended":false,"handId":640,"id":6404,"length":50.4973,"mcpPosition":[-3.92154,260.509,42.0669],"pipPosition":[9.49697,246.362,12.5813],"stabilizedTipPosition":[15.986,283.03,185.144],"timeVisible":1.02134,"tipPosition":[37.3185,240.719,25.6371],"tipVelocity":[-59.5407,5.93513,-15.2837],"tool":false,"touchDistance":0.333333,"touchZone":"none","type":4,"width":16.0532}],"r":[[0.99855,0.00591073,-0.0535129],[-0.0187556,0.969882,-0.242851],[0.0504658,0.243502,0.968586]],"s":0.884142,"t":[50.0959,-45.5415,-208.893],"timestamp":523050773597},false],[3,{"currentFrameRate":108.258,"devices":[],"gestures":[],"hands":[{"armBasis":[[-0.699784,-0.709328,-0.0845958],[-0.71427,0.692959,0.0981111],[0.0109715,-0.129081,0.991573]],"armWidth":63.703,"confidence":0.739295,"direction":[-0.375919,-0.00209308,-0.92665],"elbow":[39.6601,250.567,362.234],"grabStrength":0,"id":640,"palmNormal":[0.658348,-0.70434,-0.265485],"palmPosition":[24.2174,287.664,41.3799],"palmVelocity":[-53.963,1.60575,-37.3874],"palmWidth":90.9658,"pinchStrength":1,"r":[[0.998521,0.00448776,-0.0541882],[-0.0175587,0.969809,-0.243234],[0.0514606,0.243826,0.968453]],"s":0.885508,"sphereCenter":[50.9372,263.809,9.72635],"sphereRadius":44.2215,"stabilizedPalmPosition":[-10.5963,320.116,192.621],"t":[49.5001,-45.5386,-209.19],"timeVisible":1.03033,"type":"left","wrist":[36.6986,285.409,94.5806]}],"id":4225549,"interactionBox":{"center":[0,200,0],"size":[235.247,235.247,147.751]},"pointables":[{"bases":[[[-0.92461,0.343927,0.163736],[0.377109,0.887098,0.266169],[0.0537074,-0.307849,0.949918]],[[-0.883239,0.43094,-0.184877],[0.465784,0.851802,-0.239747],[-0.0541624,0.297867,0.95307]],[[-0.883239,0.43094,-0.184877],[0.41347,0.529726,-0.740562],[0.221203,0.730535,0.646056]],[[-0.883239,0.43094,-0.184877],[0.343463,0.326107,-0.880731],[0.319252,0.841395,0.436042]]],"btipPosition":[51.3719,238.59,7.51242],"carpPosition":[63.6787,298.043,87.2987],"dipPosition":[58.8416,258.277,17.7146],"direction":[-0.221203,-0.730535,-0.646056],"extended":false,"handId":640,"id":6400,"length":52.1025,"mcpPosition":[63.6787,298.043,87.2987],"pipPosition":[66.3816,283.178,39.7364],"stabilizedTipPosition":[36.8096,267.575,96.1402],"timeVisible":1.03033,"tipPosition":[52.9633,243.186,10.5233],"tipVelocity":[-65.9693,-6.06574,-41.7289],"tool":false,"touchDistance":-0.343138,"touchZone":"hovering","type":0,"width":20.2446},{"bases":[[[-0.705981,-0.700133,0.106788],[-0.689795,0.713922,0.12041],[0.160542,-0.0113454,0.986964]],[[-0.684888,-0.697365,0.211214],[-0.715147,0.69888,-0.0114595],[0.139622,0.158897,0.977373]],[[-0.684888,-0.697365,0.211214],[-0.728637,0.657136,-0.193031],[0.00418286,0.286103,0.95819]],[[-0.684888,-0.697365,0.211214],[-0.721762,0.609529,-0.327924],[-0.0999422,0.377037,0.92079]]],"btipPosition":[25.3309,286.721,-68.7305],"carpPosition":[41.5296,306.065,84.7215],"dipPosition":[23.6238,293.161,-53.0024],"direction":[-0.00418286,-0.286103,-0.95819],"extended":true,"handId":640,"id":6401,"length":58.7918,"mcpPosition":[29.7218,306.9,12.1304],"pipPosition":[23.7249,300.075,-29.8487],"stabilizedTipPosition":[0.442632,325.41,81.2952],"timeVisible":1.03033,"tipPosition":[25.7941,287.462,-64.9427],"tipVelocity":[-71.9846,2.69757,-37.7027],"tool":false,"touchDistance":-0.336697,"touchZone":"hovering","type":1,"width":19.3376},{"bases":[[[-0.549794,-0.806608,0.217047],[-0.795527,0.584856,0.15837],[0.254683,0.0855956,0.963229]],[[-0.543713,-0.804396,0.239423],[-0.645042,0.218011,-0.732388],[-0.536933,0.552647,0.637405]],[[-0.543713,-0.804396,0.239423],[0.344638,-0.474105,-0.810216],[-0.765246,0.358011,-0.535002]],[[-0.543713,-0.804396,0.239423],[0.755008,-0.593383,-0.279033],[-0.366523,-0.029052,-0.929955]]],"btipPosition":[68.4143,256.528,20.4266],"carpPosition":[31.664,298.761,85.6456],"dipPosition":[61.5285,255.982,2.95551],"direction":[0.765246,-0.358011,0.535002],"extended":false,"handId":640,"id":6402,"length":66.9886,"mcpPosition":[13.9,292.791,18.461],"pipPosition":[39.7735,266.16,-12.254],"stabilizedTipPosition":[39.1214,300.362,174.859],"timeVisible":1.03033,"tipPosition":[67.0793,256.455,17.166],"tipVelocity":[-63.9749,-1.91979,-28.1455],"tool":false,"touchDistance":0.333333,"touchZone":"none","type":2,"width":18.9921},{"bases":[[[-0.444778,-0.826999,0.343868],[-0.82425,0.528163,0.204097],[0.350406,0.192655,0.916569]],[[-0.439504,-0.824035,0.357495],[-0.769845,0.140508,-0.622572],[-0.46279,0.548839,0.696133]],[[-0.439504,-0.824035,0.357495],[0.197788,-0.477008,-0.856355],[-0.876194,0.305663,-0.372631]],[[-0.439504,-0.824035,0.357495],[0.711369,-0.56232,-0.421605],[-0.548444,-0.069014,-0.833335]]],"btipPosition":[57.2581,245.603,25.0433],"carpPosition":[24.0197,289.359,87.6508],"dipPosition":[47.0137,244.314,9.47742],"direction":[0.876194,-0.305663,0.372631],"extended":false,"handId":640,"id":6403,"length":64.4113,"mcpPosition":[2.0761,277.294,30.2522],"pipPosition":[22.7479,252.779,-0.842453],"stabilizedTipPosition":[31.3967,290.897,178.584],"timeVisible":1.03033,"tipPosition":[55.019,244.958,20.8059],"tipVelocity":[-64.7435,6.53328,-13.9277],"tool":false,"touchDistance":0.333333,"touchZone":"none","type":3,"width":18.0722},{"bases":[[[-0.258888,-0.874967,0.409158],[-0.849178,0.408037,0.335266],[0.460298,0.260652,0.848638]],[[-0.319708,-0.902492,0.28861],[-0.867863,0.156673,-0.471453],[-0.380265,0.401201,0.833329]],[[-0.319708,-0.902492,0.28861],[0.0729515,-0.327138,-0.942157],[-0.944704,0.28016,-0.170427]],[[-0.319708,-0.902492,0.28861],[0.669571,-0.430707,-0.605116],[-0.670419,0.000215294,-0.741983]]],"btipPosition":[38.8548,240.893,28.4615],"carpPosition":[22.0708,275.668,90.9964],"dipPosition":[27.302,240.897,15.6755],"direction":[0.944704,-0.28016,0.170427],"extended":false,"handId":640,"id":6404,"length":50.4973,"mcpPosition":[-4.6126,260.558,41.801],"pipPosition":[8.82968,246.375,12.3431],"stabilizedTipPosition":[16.0672,282.861,184.503],"timeVisible":1.03033,"tipPosition":[36.5658,240.778,25.4709],"tipVelocity":[-65.5602,6.62748,-14.0269],"tool":false,"touchDistance":0.333333,"touchZone":"none","type":4,"width":16.0532}],"r":[[0.998521,0.00448776,-0.0541882],[-0.0175587,0.969809,-0.243234],[0.0514606,0.243826,0.968453]],"s":0.885508,"t":[49.5001,-45.5386,-209.19],"timestamp":523050782587},false],[4,{"currentFrameRate":108.291,"devices":[],"gestures":[],"hands":[{"armBasis":[[-0.701686,-0.707581,-0.0834625],[-0.712348,0.694414,0.101728],[0.0140232,-0.130835,0.991305]],"armWidth":63.703,"confidence":0.566604,"direction":[-0.377616,-0.000431623,-0.925962],"elbow":[40.1911,250.251,361.979],"grabStrength":0,"id":640,"palmNormal":[0.656528,-0.705311,-0.267409],"palmPosition":[23.8316,287.9,41.2228],"palmVelocity":[-50.6348,8.34967,-31.7318],"palmWidth":90.9658,"pinchStrength":1,"r":[[0.998477,0.00298282,-0.0550925],[-0.0163236,0.969805,-0.243336],[0.0527031,0.243865,0.968376]],"s":0.886862,"sphereCenter":[50.4799,264.136,9.48306],"sphereRadius":44.2207,"stabilizedPalmPosition":[-10.5476,320.07,192.406],"t":[49.0094,-45.419,-209.417],"timeVisible":1.03951,"type":"left","wrist":[36.4058,285.567,94.3981]}],"id":4225550,"interactionBox":{"center":[0,200,0],"size":[235.247,235.247,147.751]},"pointables":[{"bases":[[[-0.923657,0.345506,0.16578],[0.379273,0.88611,0.266385],[0.0548618,-0.308924,0.949503]],[[-0.882954,0.432681,-0.182151],[0.46673,0.85083,-0.241355],[-0.0505501,0.298121,0.953189]],[[-0.882954,0.432681,-0.182151],[0.412283,0.529097,-0.741674],[0.224532,0.729962,0.645555]],[[-0.882954,0.432681,-0.182151],[0.343179,0.330122,-0.879345],[0.320343,0.838932,0.43997]]],"btipPosition":[50.7704,238.769,7.21279],"carpPosition":[63.3964,298.157,87.0798],"dipPosition":[58.2656,258.398,17.5069],"direction":[-0.224532,-0.729962,-0.645555],"extended":false,"handId":640,"id":6400,"length":52.1025,"mcpPosition":[63.3964,298.157,87.0798],"pipPosition":[65.9191,283.28,39.5116],"stabilizedTipPosition":[36.8512,267.511,95.9106],"timeVisible":1.03951,"tipPosition":[52.3995,243.369,10.2275],"tipVelocity":[-65.6756,0.674333,-38.5527],"tool":false,"touchDistance":-0.341335,"touchZone":"hovering","type":0,"width":20.2446},{"bases":[[[-0.707108,-0.698907,0.107364],[-0.688221,0.715101,0.122403],[0.162324,-0.0126616,0.986656]],[[-0.685784,-0.696276,0.211894],[-0.713746,0.700351,-0.00867338],[0.142361,0.157187,0.977254]],[[-0.685784,-0.696276,0.211894],[-0.727775,0.658681,-0.191004],[0.00657916,0.285199,0.958446]],[[-0.685784,-0.696276,0.211894],[-0.721191,0.610953,-0.326528],[-0.0978965,0.376744,0.92113]]],"btipPosition":[24.7176,287.078,-68.8848],"carpPosition":[41.2579,306.224,84.5514],"dipPosition":[23.0454,293.513,-53.151],"direction":[-0.00657916,-0.285199,-0.958446],"extended":true,"handId":640,"id":6401,"length":58.7918,"mcpPosition":[29.3189,307.156,11.9829],"pipPosition":[23.2044,300.404,-29.9911],"stabilizedTipPosition":[0.626804,325.126,80.1654],"timeVisible":1.03951,"tipPosition":[25.1766,287.83,-65.1038],"tipVelocity":[-70.3056,12.7487,-31.8344],"tool":false,"touchDistance":-0.333656,"touchZone":"hovering","type":1,"width":19.3376},{"bases":[[[-0.550922,-0.80579,0.217228],[-0.794128,0.586196,0.160424],[0.256606,0.0841256,0.962848]],[[-0.5447,-0.803576,0.239933],[-0.643342,0.216861,-0.734222],[-0.53797,0.55429,0.635099]],[[-0.5447,-0.803576,0.239933],[0.348821,-0.477271,-0.806558],[-0.762644,0.355639,-0.540273]],[[-0.5447,-0.803576,0.239933],[0.756598,-0.594289,-0.272728],[-0.361747,-0.0329784,-0.931693]]],"btipPosition":[67.8827,256.869,20.5872],"carpPosition":[31.3802,298.938,85.4861],"dipPosition":[61.0866,256.25,3.08353],"direction":[0.762644,-0.355639,0.540273],"extended":false,"handId":640,"id":6402,"length":66.9886,"mcpPosition":[13.482,293.07,18.328],"pipPosition":[39.4055,266.36,-12.2758],"stabilizedTipPosition":[39.1889,300.254,174.466],"timeVisible":1.03951,"tipPosition":[66.5486,256.725,17.0926],"tipVelocity":[-61.6613,8.48625,-15.6309],"tool":false,"touchDistance":0.333333,"touchZone":"none","type":2,"width":18.9921},{"bases":[[[-0.445712,-0.826509,0.343835],[-0.822874,0.529511,0.206146],[0.352446,0.191052,0.916123]],[[-0.440457,-0.823597,0.357332],[-0.77036,0.142329,-0.621521],[-0.461024,0.549027,0.697156]],[[-0.440457,-0.823597,0.357332],[0.197223,-0.477062,-0.856455],[-0.875843,0.306757,-0.372558]],[[-0.440457,-0.823597,0.357332],[0.711035,-0.563019,-0.421235],[-0.548113,-0.0685395,-0.833592]]],"btipPosition":[56.7377,245.845,24.8732],"carpPosition":[23.7218,289.548,87.4957],"dipPosition":[46.4995,244.565,9.30254],"direction":[0.875843,-0.306757,0.372558],"extended":false,"handId":640,"id":6403,"length":64.4113,"mcpPosition":[1.65046,277.584,30.125],"pipPosition":[22.2433,253.06,-1.01531],"stabilizedTipPosition":[31.6789,290.34,176.653],"timeVisible":1.03951,"tipPosition":[54.4985,245.202,20.6314],"tipVelocity":[-62.4601,12.1375,-15.2474],"tool":false,"touchDistance":0.333333,"touchZone":"none","type":3,"width":18.0722},{"bases":[[[-0.259794,-0.874895,0.408736],[-0.84779,0.409297,0.337237],[0.462342,0.25891,0.84806]],[[-0.320741,-0.902134,0.288582],[-0.868185,0.158214,-0.470343],[-0.378655,0.4014,0.833965]],[[-0.320741,-0.902134,0.288582],[0.0743958,-0.327732,-0.941837],[-0.944241,0.280616,-0.172232]],[[-0.320741,-0.902134,0.288582],[0.671428,-0.431455,-0.602521],[-0.668065,-0.000508922,-0.744103]]],"btipPosition":[38.3121,241.181,28.3788],"carpPosition":[21.7531,275.857,90.8308],"dipPosition":[26.7999,241.172,15.5562],"direction":[0.944241,-0.280616,0.172232],"extended":false,"handId":640,"id":6404,"length":50.4973,"mcpPosition":[-5.04877,260.848,41.669],"pipPosition":[8.3366,246.659,12.1885],"stabilizedTipPosition":[16.1834,282.614,183.559],"timeVisible":1.03951,"tipPosition":[36.0206,241.048,25.3296],"tipVelocity":[-63.4852,13.4231,-12.8848],"tool":false,"touchDistance":0.333333,"touchZone":"none","type":4,"width":16.0532}],"r":[[0.998477,0.00298282,-0.0550925],[-0.0163236,0.969805,-0.243336],[0.0527031,0.243865,0.968376]],"s":0.886862,"t":[49.0094,-45.419,-209.417],"timestamp":523050791763},false],[5,{"currentFrameRate":108.458,"devices":[],"gestures":[],"hands":[{"armBasis":[[-0.702547,-0.70706,-0.0805849],[-0.711436,0.695142,0.103133],[0.0169035,-0.129787,0.991398]],"armWidth":63.703,"confidence":0.590519,"direction":[-0.379201,0.000267798,-0.925314],"elbow":[40.58,250.466,361.654],"grabStrength":0,"id":640,"palmNormal":[0.655311,-0.70593,-0.268756],"palmPosition":[23.3545,287.862,40.8948],"palmVelocity":[-51.4133,4.9169,-33.1062],"palmWidth":90.9658,"pinchStrength":1,"r":[[0.998421,0.00156806,-0.0561576],[-0.0152108,0.969819,-0.243352],[0.0540811,0.243822,0.968311]],"s":0.888201,"sphereCenter":[49.9358,264.165,9.10022],"sphereRadius":44.2148,"stabilizedPalmPosition":[-10.4826,320.008,192.116],"t":[48.5254,-45.3781,-209.694],"timeVisible":1.04842,"type":"left","wrist":[36.0173,285.499,94.0478]}],"id":4225551,"interactionBox":{"center":[0,200,0],"size":[235.247,235.247,147.751]},"pointables":[{"bases":[[[-0.923,0.346444,0.167471],[0.380679,0.885618,0.266015],[0.0561557,-0.309285,0.94931]],[[-0.882922,0.433612,-0.180082],[0.467086,0.850174,-0.242972],[-0.0477454,0.298639,0.953171]],[[-0.882922,0.433612,-0.180082],[0.411033,0.528443,-0.742832],[0.226938,0.729883,0.644803]],[[-0.882922,0.433612,-0.180082],[0.342815,0.333277,-0.878296],[0.320823,0.837202,0.442906]]],"btipPosition":[50.1495,238.692,6.77802],"carpPosition":[63.0088,298.063,86.6873],"dipPosition":[57.6559,258.28,17.1409],"direction":[-0.226938,-0.729883,-0.644803],"extended":false,"handId":640,"id":6400,"length":52.1025,"mcpPosition":[63.0088,298.063,86.6873],"pipPosition":[65.3915,283.159,39.1199],"stabilizedTipPosition":[36.9039,267.425,95.6063],"timeVisible":1.04842,"tipPosition":[51.8004,243.291,9.7985],"tipVelocity":[-66.6682,-2.16507,-40.8475],"tool":false,"touchDistance":-0.341819,"touchZone":"hovering","type":0,"width":20.2446},{"bases":[[[-0.707673,-0.698182,0.108354],[-0.687243,0.7158,0.123807],[0.164,-0.0131493,0.986373]],[[-0.686155,-0.695604,0.212899],[-0.712915,0.70122,-0.00656898],[0.144719,0.156286,0.977052]],[[-0.686155,-0.695604,0.212899],[-0.727405,0.659506,-0.189562],[0.00854783,0.284932,0.95851]],[[-0.686155,-0.695604,0.212899],[-0.721053,0.611595,-0.32563],[-0.0963022,0.376944,0.921216]]],"btipPosition":[24.035,287.085,-69.2104],"carpPosition":[40.8746,306.154,84.1993],"dipPosition":[22.39,293.523,-53.4751],"direction":[-0.00854783,-0.284932,-0.95851],"extended":true,"handId":640,"id":6401,"length":58.7918,"mcpPosition":[28.8124,307.121,11.6516],"pipPosition":[22.5966,300.409,-30.3137],"stabilizedTipPosition":[0.841096,324.786,78.8091],"timeVisible":1.04842,"tipPosition":[24.4888,287.848,-65.4352],"tipVelocity":[-71.8107,9.51891,-33.0974],"tool":false,"touchDistance":-0.333503,"touchZone":"hovering","type":1,"width":19.3376},{"bases":[[[-0.551414,-0.805267,0.217916],[-0.793222,0.586997,0.161969],[0.258344,0.0835442,0.962434]],[[-0.545022,-0.803018,0.241067],[-0.641021,0.213779,-0.73715],[-0.54041,0.556292,0.631266]],[[-0.545022,-0.803018,0.241067],[0.355098,-0.48155,-0.801258],[-0.759511,0.351101,-0.547605]],[[-0.545022,-0.803018,0.241067],[0.759423,-0.594662,-0.263919],[-0.355285,-0.0392304,-0.933934]]],"btipPosition":[67.2791,257,20.7139],"carpPosition":[30.9907,298.878,85.1486],"dipPosition":[60.6043,256.263,3.16806],"direction":[0.759511,-0.351101,0.547605],"extended":false,"handId":640,"id":6402,"length":66.9886,"mcpPosition":[12.9713,293.051,18.0194],"pipPosition":[39.0124,266.244,-12.3997],"stabilizedTipPosition":[39.294,300.082,173.841],"timeVisible":1.04842,"tipPosition":[65.9503,256.769,16.9609],"tipVelocity":[-62.4485,9.3348,-7.79871],"tool":false,"touchDistance":0.333333,"touchZone":"none","type":2,"width":18.9921},{"bases":[[[-0.44601,-0.82614,0.344337],[-0.821951,0.530328,0.207722],[0.354219,0.190382,0.915578]],[[-0.440745,-0.823246,0.357784],[-0.77127,0.143403,-0.620143],[-0.459224,0.549273,0.69815]],[[-0.440745,-0.823246,0.357784],[0.195426,-0.477029,-0.856885],[-0.876101,0.307748,-0.371132]],[[-0.440745,-0.823246,0.357784],[0.709892,-0.563617,-0.422361],[-0.54936,-0.0678341,-0.832827]]],"btipPosition":[56.1806,245.783,24.4818],"carpPosition":[23.3257,289.496,87.1683],"dipPosition":[45.9191,244.516,8.92538],"direction":[0.876101,-0.307748,0.371132],"extended":false,"handId":640,"id":6403,"length":64.4113,"mcpPosition":[1.14333,277.574,29.8318],"pipPosition":[21.6558,253.039,-1.35297],"stabilizedTipPosition":[31.9835,289.723,174.51],"timeVisible":1.04842,"tipPosition":[53.935,245.146,20.2507],"tipVelocity":[-62.6239,7.02449,-22.9511],"tool":false,"touchDistance":0.333333,"touchZone":"none","type":3,"width":18.0722},{"bases":[[[-0.260033,-0.874746,0.408904],[-0.846771,0.410099,0.338818],[0.464071,0.258144,0.847349]],[[-0.321063,-0.901833,0.289166],[-0.868534,0.158649,-0.469553],[-0.377582,0.401906,0.834208]],[[-0.321063,-0.901833,0.289166],[0.0759384,-0.328862,-0.94132],[-0.944009,0.280264,-0.174069]],[[-0.321063,-0.901833,0.289166],[0.673312,-0.432081,-0.599964],[-0.66601,-0.00207288,-0.74594]]],"btipPosition":[37.7289,241.189,28.1507],"carpPosition":[21.348,275.806,90.5025],"dipPosition":[26.2521,241.154,15.2965],"direction":[0.944009,-0.280264,0.174069],"extended":false,"handId":640,"id":6404,"length":50.4973,"mcpPosition":[-5.55408,260.841,41.3819],"pipPosition":[7.79336,246.634,11.8928],"stabilizedTipPosition":[16.3279,282.297,182.349],"timeVisible":1.04842,"tipPosition":[35.4323,241.04,25.0498],"tipVelocity":[-63.7544,9.84913,-16.5654],"tool":false,"touchDistance":0.333333,"touchZone":"none","type":4,"width":16.0532}],"r":[[0.998421,0.00156806,-0.0561576],[-0.0152108,0.969819,-0.243352],[0.0540811,0.243822,0.968311]],"s":0.888201,"t":[48.5254,-45.3781,-209.694],"timestamp":523050800682},false],[6,{"currentFrameRate":108.463,"devices":[],"gestures":[],"hands":[{"armBasis":[[-0.70324,-0.706668,-0.0779351],[-0.710658,0.695561,0.105643],[0.0204459,-0.129678,0.991345]],"armWidth":63.703,"confidence":0.606737,"direction":[-0.38057,0.000214962,-0.924752],"elbow":[41.0778,250.468,361.261],"grabStrength":0,"id":640,"palmNormal":[0.654715,-0.70616,-0.269604],"palmPosition":[22.8181,287.829,40.5344],"palmVelocity":[-53.3232,2.53553,-34.7899],"palmWidth":90.9658,"pinchStrength":1,"r":[[0.998357,0.000378297,-0.057305],[-0.0143382,0.969821,-0.243395],[0.0554836,0.243816,0.968233]],"s":0.889136,"sphereCenter":[49.3867,264.205,8.67524],"sphereRadius":44.2247,"stabilizedPalmPosition":[-10.3952,319.924,191.718],"t":[48.0153,-45.3742,-210.013],"timeVisible":1.05763,"type":"left","wrist":[35.5588,285.472,93.6691]}],"id":4225552,"interactionBox":{"center":[0,200,0],"size":[235.247,235.247,147.751]},"pointables":[{"bases":[[[-0.922654,0.346732,0.168777],[0.381321,0.885557,0.265299],[0.0574736,-0.309137,0.949279]],[[-0.883259,0.433712,-0.178181],[0.466719,0.849716,-0.245268],[-0.0450277,0.299796,0.95294]],[[-0.883259,0.433712,-0.178181],[0.409288,0.527744,-0.744291],[0.228773,0.730329,0.643648]],[[-0.883259,0.433712,-0.178181],[0.342817,0.338076,-0.87646],[0.319892,0.835224,0.447292]]],"btipPosition":[49.5073,238.629,6.30548],"carpPosition":[62.543,298.026,86.2665],"dipPosition":[56.9919,258.171,16.7709],"direction":[-0.228773,-0.730329,-0.643648],"extended":false,"handId":640,"id":6400,"length":52.1025,"mcpPosition":[62.543,298.026,86.2665],"pipPosition":[64.79,283.065,38.7106],"stabilizedTipPosition":[36.9711,267.312,95.199],"timeVisible":1.05763,"tipPosition":[51.1764,243.227,9.3466],"tipVelocity":[-67.6763,-3.79556,-43.0576],"tool":false,"touchDistance":-0.342705,"touchZone":"hovering","type":0,"width":20.2446},{"bases":[[[-0.707708,-0.697964,0.109522],[-0.686858,0.716014,0.1247],[0.165455,-0.0130255,0.986131]],[[-0.686023,-0.695372,0.214079],[-0.712632,0.701521,-0.00496969],[0.146725,0.155969,0.976804]],[[-0.686023,-0.695372,0.214079],[-0.727511,0.659648,-0.188662],[0.0100261,0.285171,0.958424]],[[-0.686023,-0.695372,0.214079],[-0.721312,0.611471,-0.325288],[-0.0952935,0.377573,0.921063]]],"btipPosition":[23.3216,287.042,-69.5668],"carpPosition":[40.4074,306.124,83.8099],"dipPosition":[21.6939,293.492,-53.8341],"direction":[-0.0100261,-0.285171,-0.958424],"extended":true,"handId":640,"id":6401,"length":58.7918,"mcpPosition":[28.2381,307.082,11.2799],"pipPosition":[21.9362,300.383,-30.6747],"stabilizedTipPosition":[1.09781,324.364,77.1281],"timeVisible":1.05763,"tipPosition":[23.7686,287.817,-65.7977],"tipVelocity":[-73.2685,5.63629,-34.6809],"tool":false,"touchDistance":-0.33384,"touchZone":"hovering","type":1,"width":19.3376},{"bases":[[[-0.551316,-0.805075,0.218871],[-0.792817,0.587247,0.163041],[0.259791,0.0836374,0.962036]],[[-0.544821,-0.802797,0.242253],[-0.640901,0.21235,-0.737667],[-0.540755,0.557157,0.630207]],[[-0.544821,-0.802797,0.242253],[0.358156,-0.483995,-0.798419],[-0.758218,0.348231,-0.551217]],[[-0.544821,-0.802797,0.242253],[0.761323,-0.594652,-0.25841],[-0.351507,-0.0436453,-0.935167]]],"btipPosition":[66.6192,257.089,20.5449],"carpPosition":[30.5228,298.85,84.775],"dipPosition":[60.0155,256.269,2.97594],"direction":[0.758218,-0.348231,0.551217],"extended":false,"handId":640,"id":6402,"length":66.9886,"mcpPosition":[12.4025,293.017,17.6736],"pipPosition":[38.4602,266.169,-12.6945],"stabilizedTipPosition":[39.4513,299.819,172.883],"timeVisible":1.05763,"tipPosition":[65.3107,256.802,16.6717],"tipVelocity":[-64.5258,8.84023,-10.9132],"tool":false,"touchDistance":0.333333,"touchZone":"none","type":2,"width":18.9921},{"bases":[[[-0.445732,-0.825955,0.345139],[-0.821494,0.530594,0.208846],[0.355626,0.19044,0.91502]],[[-0.440545,-0.823116,0.35833],[-0.773804,0.145806,-0.616415],[-0.455134,0.548836,0.701165]],[[-0.440545,-0.823116,0.35833],[0.191422,-0.476101,-0.858304],[-0.877085,0.309529,-0.367306]],[[-0.440545,-0.823116,0.35833],[0.708375,-0.563928,-0.424488],[-0.551475,-0.0668262,-0.83151]]],"btipPosition":[55.5091,245.706,23.8909],"carpPosition":[22.8582,289.471,86.8077],"dipPosition":[45.208,244.457,8.35907],"direction":[0.877085,-0.309529,0.367306],"extended":false,"handId":640,"id":6403,"length":64.4113,"mcpPosition":[0.587706,277.545,29.5061],"pipPosition":[20.9175,253.03,-1.81333],"stabilizedTipPosition":[32.3129,289.033,172.11],"timeVisible":1.05763,"tipPosition":[53.2829,245.107,19.7786],"tipVelocity":[-65.7789,2.83832,-34.3165],"tool":false,"touchDistance":0.333333,"touchZone":"none","type":3,"width":18.0722},{"bases":[[[-0.259673,-0.874602,0.40944],[-0.846154,0.410395,0.339999],[0.465396,0.25816,0.846617]],[[-0.320863,-0.901685,0.289847],[-0.868979,0.15854,-0.468766],[-0.376727,0.40228,0.834414]],[[-0.320863,-0.901685,0.289847],[0.0767937,-0.329788,-0.940926],[-0.944007,0.27965,-0.175061]],[[-0.320863,-0.901685,0.289847],[0.674565,-0.432379,-0.59834],[-0.664838,-0.0035352,-0.746979]]],"btipPosition":[37.1353,241.189,27.8678],"carpPosition":[20.8816,275.782,90.1471],"dipPosition":[25.6786,241.128,14.9957],"direction":[0.944007,-0.27965,0.175061],"extended":false,"handId":640,"id":6404,"length":50.4973,"mcpPosition":[-6.0973,260.816,41.069],"pipPosition":[7.21991,246.596,11.5726],"stabilizedTipPosition":[16.5079,281.89,180.789],"timeVisible":1.05763,"tipPosition":[34.8331,241.027,24.7368],"tipVelocity":[-63.8088,6.88825,-20.6514],"tool":false,"touchDistance":0.333333,"touchZone":"none","type":4,"width":16.0532}],"r":[[0.998357,0.000378297,-0.057305],[-0.0143382,0.969821,-0.243395],[0.0554836,0.243816,0.968233]],"s":0.889136,"t":[48.0153,-45.3742,-210.013],"timestamp":523050809893},fa