{"sensorType":"Leap","data":[[0,{"currentFrameRate":97.6834,"devices":[],"gestures":[],"hands":[{"armBasis":[[0.948326,-0.316817,-0.0174637],[0.313123,0.92553,0.212954],[-0.0513041,-0.207418,0.976906]],"armWidth":63.703,"confidence":0.637319,"direction":[0.203102,0.437407,-0.876028],"elbow":[-2.10904,252.744,353.056],"grabStrength":0,"id":593,"palmNormal":[-0.266687,-0.83614,-0.47932],"palmPosition":[14.3724,331.256,39.5932],"palmVelocity":[141.549,-55.0824,-270.454],"palmWidth":90.9658,"pinchStrength":0.901215,"r":[[0.960395,0.210461,0.182612],[-0.202385,0.977341,-0.0620031],[-0.191524,0.0225896,0.981228]],"s":0.949124,"sphereCenter":[10.3824,299.139,3.69249],"sphereRadius":43.8939,"stabilizedPalmPosition":[-21.8898,338.133,115.881],"t":[39.1044,-6.7412,-83.0568],"timeVisible":0.216954,"type":"right","wrist":[11.7394,308.732,89.3614]}],"id":4203565,"interactionBox":{"center":[0,200,0],"size":[235.247,235.247,147.751]},"pointables":[{"bases":[[[0.657279,0.700035,0.279171],[-0.718226,0.469597,0.51345],[0.228335,-0.537988,0.811439]],[[0.548457,0.836175,0.0024364],[-0.836091,0.548355,0.0160413],[0.0120773,-0.010835,0.999868]],[[0.548457,0.836175,0.0024364],[-0.825314,0.541797,-0.1591],[-0.134356,0.0852488,0.987259]],[[0.548457,0.836175,0.0024364],[-0.742496,0.488347,-0.458494],[-0.384572,0.249656,0.888694]]],"btipPosition":[-5.71137,299.434,-18.6754],"carpPosition":[-18.6863,307.64,85.6676],"dipPosition":[-14.7093,305.275,2.11768],"direction":[0.134356,-0.0852488,-0.987259],"extended":false,"handId":593,"id":5930,"length":52.1025,"mcpPosition":[-18.6863,307.64,85.6676],"pipPosition":[-19.289,308.181,35.7699],"stabilizedTipPosition":[-41.4903,312.535,40.7821],"timeVisible":0.216954,"tipPosition":[-7.18522,300.569,-13.798],"tipVelocity":[170.956,-94.079,-267.822],"tool":false,"touchDistance":-0.0819776,"touchZone":"hovering","type":0,"width":20.2446},{"bases":[[[0.962866,-0.252836,-0.094671],[0.269972,0.899097,0.344587],[-0.00200578,-0.35735,0.933968]],[[0.946496,-0.313519,0.0764876],[0.306863,0.947731,0.0874168],[-0.0998964,-0.0592685,0.993231]],[[0.946496,-0.313519,0.0764876],[0.318746,0.945275,-0.0696848],[-0.0504543,0.0903365,0.994632]],[[0.946496,-0.313519,0.0764876],[0.322434,0.928599,-0.183685],[-0.0134375,0.19852,0.980005]]],"btipPosition":[2.18314,349.251,-66.0326],"carpPosition":[-3.70374,325.996,86.0948],"dipPosition":[1.95361,352.642,-49.2931],"direction":[0.0504543,-0.0903365,-0.994632],"extended":true,"handId":593,"id":5931,"length":58.7918,"mcpPosition":[-3.55621,352.279,17.4014],"pipPosition":[0.734435,354.825,-25.2588],"stabilizedTipPosition":[-33.1684,362.421,-1.12642],"timeVisible":0.216954,"tipPosition":[2.32378,349.465,-62.094],"tipVelocity":[152.194,-38.4029,-283.804],"tool":false,"touchDistance":0.0756031,"touchZone":"hovering","type":1,"width":19.3376},{"bases":[[[0.893517,-0.448335,-0.0249654],[0.428759,0.835344,0.344043],[-0.133392,-0.318112,0.938622]],[[0.891435,-0.453015,-0.0110096],[0.317284,0.641324,-0.698594],[0.323534,0.619258,0.715433]],[[0.891435,-0.453015,-0.0110096],[-0.210952,-0.39336,-0.894856],[0.401052,0.800028,-0.446219]],[[0.891435,-0.453015,-0.0110096],[-0.408605,-0.793067,-0.451759],[0.195922,0.407213,-0.892072]]],"btipPosition":[-12.8863,286.611,14.4799],"carpPosition":[8.48228,324.657,84.9783],"dipPosition":[-9.20549,294.261,-2.2795],"direction":[-0.401052,-0.800028,0.446219],"extended":false,"handId":593,"id":5932,"length":66.9886,"mcpPosition":[17.7863,346.846,19.51],"pipPosition":[2.19596,317.005,-14.965],"stabilizedTipPosition":[-50.6014,300.715,78.0108],"timeVisible":0.216954,"tipPosition":[-12.0439,288.335,11.4156],"tipVelocity":[194.083,-98.744,-243.088],"tool":false,"touchDistance":0.333333,"touchZone":"none","type":2,"width":18.9921},{"bases":[[[0.829267,-0.551949,0.0875688],[0.487031,0.790612,0.371126],[-0.274076,-0.265114,0.924444]],[[0.82119,-0.559221,0.11366],[0.443723,0.500496,-0.74338],[0.358827,0.66089,0.659142]],[[0.82119,-0.559221,0.11366],[-0.20673,-0.477176,-0.854146],[0.531893,0.677919,-0.50746]],[[0.82119,-0.559221,0.11366],[-0.472982,-0.778433,-0.412711],[0.319274,0.285155,-0.903743]]],"btipPosition":[0.339006,283.172,27.8139],"carpPosition":[19.8978,320.191,84.213],"dipPosition":[6.30272,288.498,10.9328],"direction":[-0.531893,-0.677919,0.50746],"extended":false,"handId":593,"id":5933,"length":64.4113,"mcpPosition":[37.0613,336.793,26.3213],"pipPosition":[21.0333,307.273,-3.12106],"stabilizedTipPosition":[-32.3183,293.773,76.787],"timeVisible":0.216954,"tipPosition":[1.88678,284.476,23.2625],"tipVelocity":[185.617,-79.1889,-191.702],"tool":false,"touchDistance":0.333333,"touchZone":"none","type":3,"width":18.0722},{"bases":[[[0.700025,-0.701917,0.131442],[0.583943,0.66859,0.460433],[-0.411067,-0.24556,0.877909]],[[0.730206,-0.680414,0.0619401],[0.509335,0.481689,-0.713129],[0.455387,0.552279,0.698291]],[[0.730206,-0.680414,0.0619401],[-0.280461,-0.381178,-0.880934],[0.62301,0.625891,-0.469168]],[[0.730206,-0.680414,0.0619401],[-0.580457,-0.665633,-0.469045],[0.360374,0.306545,-0.881]]],"btipPosition":[17.9625,286.179,32.0909],"carpPosition":[28.623,308.988,83.312],"dipPosition":[24.1725,291.462,16.9094],"direction":[-0.62301,-0.625891,0.469168],"extended":false,"handId":593,"id":5934,"length":50.4973,"mcpPosition":[52.4525,323.223,32.4199],"pipPosition":[36.3546,303.7,7.73544],"stabilizedTipPosition":[-14.0898,294.109,80.8603],"timeVisible":0.216954,"tipPosition":[19.6753,287.417,28.4891],"tipVelocity":[181.245,-54.4245,-224.265],"tool":false,"touchDistance":0.333333,"touchZone":"none","type":4,"width":16.0532}],"r":[[0.960395,0.210461,0.182612],[-0.202385,0.977341,-0.0620031],[-0.191524,0.0225896,0.981228]],"s":0.949124,"t":[39.1044,-6.7412,-83.0568],"timestamp":522783041694},false],[1,{"currentFrameRate":98.3447,"devices":[],"gestures":[],"hands":[{"armBasis":[[0.949705,-0.312294,-0.0230943],[0.310058,0.927442,0.209081],[-0.0438763,-0.205726,0.977625]],"armWidth":63.703,"confidence":0.655687,"direction":[0.201125,0.441628,-0.874365],"elbow":[0.913831,252.707,351.777],"grabStrength":0,"id":593,"palmNormal":[-0.263146,-0.835436,-0.482495],"palmPosition":[15.288,330.964,38.2065],"palmVelocity":[131.228,-49.0982,-239.635],"palmWidth":90.9658,"pinchStrength":0.889092,"r":[[0.958222,0.218511,0.184563],[-0.2101,0.975569,-0.0642088],[-0.194084,0.0227497,0.980721]],"s":0.95581,"sphereCenter":[11.3604,299.133,2.18828],"sphereRadius":43.9284,"stabilizedPalmPosition":[-21.5831,338.074,115.24],"t":[40.1137,-7.10116,-84.8525],"timeVisible":0.225807,"type":"right","wrist":[12.7573,308.238,87.8883]}],"id":4203566,"interactionBox":{"center":[0,200,0],"size":[235.247,235.247,147.751]},"pointables":[{"bases":[[[0.654296,0.701777,0.28179],[-0.72018,0.464537,0.515312],[0.230733,-0.540106,0.80935]],[[0.544592,0.838686,0.00505265],[-0.838573,0.544393,0.0208015],[0.0146953,-0.0155654,0.999771]],[[0.544592,0.838686,0.00505265],[-0.828378,0.538821,-0.153173],[-0.131187,0.0792312,0.988186]],[[0.544592,0.838686,0.00505265],[-0.74365,0.485649,-0.459488],[-0.38782,0.246476,0.88817]]],"btipPosition":[-4.85156,299.339,-20.1643],"carpPosition":[-17.6639,307.03,84.1932],"dipPosition":[-13.9255,305.106,0.616531],"direction":[0.131187,-0.0792312,-0.988186],"extended":false,"handId":593,"id":5930,"length":52.1025,"mcpPosition":[-17.6639,307.03,84.1932],"pipPosition":[-18.3972,307.807,34.3004],"stabilizedTipPosition":[-41.4903,312.535,40.7821],"timeVisible":0.225807,"tipPosition":[-6.30754,300.449,-15.2976],"tipVelocity":[150.429,-72.0201,-240.928],"tool":false,"touchDistance":-0.106839,"touchZone":"hovering","type":0,"width":20.2446},{"bases":[[[0.963933,-0.248333,-0.0957289],[0.266145,0.898921,0.348004],[-0.000368216,-0.360931,0.932593]],[[0.948216,-0.309076,0.0731952],[0.301824,0.948573,0.0954552],[-0.098934,-0.0684201,0.992739]],[[0.948216,-0.309076,0.0731952],[0.313487,0.947751,-0.0591057],[-0.0511027,0.0789908,0.995565]],[[0.948216,-0.309076,0.0731952],[0.31726,0.932679,-0.171626],[-0.0152221,0.185961,0.982439]]],"btipPosition":[3.01104,349.848,-67.3799],"carpPosition":[-2.7602,325.448,84.6893],"dipPosition":[2.75103,353.025,-50.5988],"direction":[0.0511027,-0.0789908,-0.995565],"extended":true,"handId":593,"id":5931,"length":58.7918,"mcpPosition":[-2.73312,351.995,16.0971],"pipPosition":[1.51619,354.933,-26.542],"stabilizedTipPosition":[-32.4135,362.174,-2.43056],"timeVisible":0.225807,"tipPosition":[3.12412,349.898,-63.4293],"tipVelocity":[136.092,-11.2419,-247.873],"tool":false,"touchDistance":0.0533077,"touchZone":"hovering","type":1,"width":19.3376},{"bases":[[[0.895431,-0.444394,-0.0267663],[0.425205,0.835854,0.347201],[-0.131921,-0.322276,0.937409]],[[0.893303,-0.449284,-0.012389],[0.312265,0.640226,-0.701855],[0.323264,0.623101,0.712212]],[[0.893303,-0.449284,-0.012389],[-0.21246,-0.397819,-0.892525],[0.396068,0.799927,-0.450828]],[[0.893303,-0.449284,-0.012389],[-0.406397,-0.795646,-0.44921],[0.191965,0.406316,-0.89334]]],"btipPosition":[-11.8107,286.245,13.4628],"carpPosition":[9.43133,324.166,83.5666],"dipPosition":[-8.20429,293.878,-3.32037],"direction":[-0.396068,-0.799927,0.450828],"extended":false,"handId":593,"id":5932,"length":66.9886,"mcpPosition":[18.6328,346.645,18.1829],"pipPosition":[3.05546,316.619,-16.1369],"stabilizedTipPosition":[-49.1652,300.254,75.531],"timeVisible":0.225807,"tipPosition":[-10.9688,288,10.122],"tipVelocity":[173.903,-83.323,-208.542],"tool":false,"touchDistance":0.333333,"touchZone":"none","type":2,"width":18.9921},{"bases":[[[0.83164,-0.548713,0.0853761],[0.483671,0.791269,0.374107],[-0.272833,-0.269828,0.923447]],[[0.823627,-0.556094,0.111347],[0.440446,0.503512,-0.743292],[0.357275,0.661237,0.659636]],[[0.823627,-0.556094,0.111347],[-0.206239,-0.476576,-0.8546],[0.528303,0.680908,-0.507209]],[[0.823627,-0.556094,0.111347],[-0.47025,-0.779385,-0.414033],[0.317024,0.288648,-0.903426]]],"btipPosition":[1.43998,282.864,26.4114],"carpPosition":[20.8658,319.752,82.7831],"dipPosition":[7.36167,288.256,9.53632],"direction":[-0.528303,-0.680908,0.507209],"extended":false,"handId":593,"id":5933,"length":64.4113,"mcpPosition":[37.9515,336.649,24.9538],"pipPosition":[21.9928,307.113,-4.51063],"stabilizedTipPosition":[-30.44,293.256,73.8853],"timeVisible":0.225807,"tipPosition":[2.9748,284.185,21.8485],"tipVelocity":[168.735,-66.6868,-182.647],"tool":false,"touchDistance":0.333333,"touchZone":"none","type":3,"width":18.0722},{"bases":[[[0.703048,-0.699402,0.128687],[0.581116,0.669323,0.462936],[-0.409912,-0.250685,0.877]],[[0.732195,-0.678304,0.0615946],[0.505371,0.480433,-0.716788],[0.456608,0.555957,0.694565]],[[0.732195,-0.678304,0.0615946],[-0.282223,-0.38446,-0.878943],[0.619871,0.626174,-0.472933]],[[0.732195,-0.678304,0.0615946],[-0.579064,-0.667569,-0.468013],[0.358574,0.30701,-0.881572]]],"btipPosition":[18.9608,285.935,30.8851],"carpPosition":[29.639,308.59,81.8384],"dipPosition":[25.1398,291.225,15.6937],"direction":[-0.619871,-0.626174,0.472933],"extended":false,"handId":593,"id":5934,"length":50.4973,"mcpPosition":[53.4015,323.122,30.9989],"pipPosition":[37.2605,303.469,6.44617],"stabilizedTipPosition":[-12.8323,293.855,78.9099],"timeVisible":0.225807,"tipPosition":[20.683,287.185,27.1667],"tipVelocity":[162.483,-47.1042,-200.49],"tool":false,"touchDistance":0.333333,"touchZone":"none","type":4,"width":16.0532}],"r":[[0.958222,0.218511,0.184563],[-0.2101,0.975569,-0.0642088],[-0.194084,0.0227497,0.980721]],"s":0.95581,"t":[40.1137,-7.10116,-84.8525],"timestamp":522783050547},false],[2,{"currentFrameRate":98.7643,"devices":[],"gestures":[],"hands":[{"armBasis":[[0.953748,-0.299765,-0.0224879],[0.29745,0.930273,0.214745],[-0.0434531,-0.211502,0.976411]],"armWidth":63.703,"confidence":0.670163,"direction":[0.200121,0.443743,-0.873524],"elbow":[1.99751,250.507,349.412],"grabStrength":0,"id":593,"palmNormal":[-0.250851,-0.838637,-0.483489],"palmPosition":[16.2293,330.339,36.1744],"palmVelocity":[122.772,-54.2442,-233.706],"palmWidth":90.9658,"pinchStrength":0.871026,"r":[[0.955715,0.227224,0.187025],[-0.218507,0.973584,-0.0662557],[-0.19714,0.0224552,0.980118]],"s":0.962792,"sphereCenter":[12.9973,298.493,0.176774],"sphereRadius":44.0285,"stabilizedPalmPosition":[-21.2663,338.009,114.578],"t":[41.0889,-7.59408,-86.7664],"timeVisible":0.235102,"type":"right","wrist":[13.7267,307.598,85.8509]}],"id":4203567,"interactionBox":{"center":[0,200,0],"size":[235.247,235.247,147.751]},"pointables":[{"bases":[[[0.644534,0.709579,0.284735],[-0.728148,0.456092,0.511646],[0.233188,-0.537102,0.810645]],[[0.533896,0.845528,0.00609094],[-0.845426,0.53368,0.0209885],[0.0144958,-0.0163551,0.999761]],[[0.533896,0.845528,0.00609094],[-0.83506,0.52839,-0.153227],[-0.132776,0.076721,0.988172]],[[0.533896,0.845528,0.00609094],[-0.748014,0.475656,-0.462846],[-0.394247,0.242555,0.886418]]],"btipPosition":[-3.63277,298.553,-22.3073],"carpPosition":[-16.6596,306.027,82.0083],"dipPosition":[-12.8571,304.228,-1.56744],"direction":[0.132776,-0.076721,-0.988172],"extended":false,"handId":593,"id":5930,"length":52.1025,"mcpPosition":[-16.6596,306.027,82.0083],"pipPosition":[-17.383,306.844,32.1159],"stabilizedTipPosition":[-40.2651,312.1,38.7826],"timeVisible":0.235102,"tipPosition":[-5.03922,299.637,-17.4434],"tipVelocity":[143.932,-76.2035,-238.287],"tool":false,"touchDistance":-0.142713,"touchZone":"hovering","type":0,"width":20.2446},{"bases":[[[0.967269,-0.236891,-0.0909535],[0.253751,0.902117,0.348993],[-0.000622687,-0.36065,0.932701]],[[0.951786,-0.29717,0.0761193],[0.289186,0.951975,0.100572],[-0.102351,-0.0737104,0.992014]],[[0.951786,-0.29717,0.0761193],[0.301425,0.952065,-0.0521171],[-0.0569829,0.0725486,0.995736]],[[0.951786,-0.29717,0.0761193],[0.305916,0.937905,-0.163552],[-0.0227901,0.178952,0.983594]]],"btipPosition":[4.22975,349.503,-69.4991],"carpPosition":[-1.97832,324.621,82.5707],"dipPosition":[3.84047,352.56,-52.6983],"direction":[0.0569829,-0.0725486,-0.995736],"extended":true,"handId":593,"id":5931,"length":58.7918,"mcpPosition":[-1.93252,351.147,13.9705],"pipPosition":[2.46354,354.313,-28.6374],"stabilizedTipPosition":[-31.6901,361.937,-3.68138],"timeVisible":0.235102,"tipPosition":[4.30605,349.442,-65.542],"tipVelocity":[133.785,-19.3789,-242.128],"tool":false,"touchDistance":0.0180618,"touchZone":"hovering","type":1,"width":19.3376},{"bases":[[[0.900767,-0.433733,-0.0222592],[0.413551,0.840943,0.348985],[-0.132647,-0.323559,0.936864]],[[0.898557,-0.438793,-0.00744669],[0.304758,0.636111,-0.708862],[0.315781,0.634683,0.705308]],[[0.898557,-0.438793,-0.00744669],[-0.207672,-0.410198,-0.888037],[0.38661,0.799499,-0.459711]],[[0.898557,-0.438793,-0.00744669],[-0.396211,-0.803827,-0.443709],[0.188711,0.401649,-0.89614]]],"btipPosition":[-10.2679,285.194,12.0798],"carpPosition":[10.2329,323.484,81.5077],"dipPosition":[-6.72261,292.739,-4.75601],"direction":[-0.38661,-0.799498,0.459711],"extended":false,"handId":593,"id":5932,"length":66.9886,"mcpPosition":[19.485,346.052,16.162],"pipPosition":[4.26827,315.468,-17.8251],"stabilizedTipPosition":[-47.4403,299.675,72.6068],"timeVisible":0.235102,"tipPosition":[-9.41736,286.984,8.40225],"tipVelocity":[171.242,-92.3317,-192.05],"tool":false,"touchDistance":0.333333,"touchZone":"none","type":2,"width":18.9921},{"bases":[[[0.837673,-0.538771,0.0896064],[0.472411,0.797063,0.37619],[-0.274102,-0.272793,0.922199]],[[0.829572,-0.546283,0.115694],[0.434744,0.501825,-0.747776],[0.350439,0.670631,0.653794]],[[0.829572,-0.546283,0.115694],[-0.201238,-0.485744,-0.850621],[0.520877,0.682369,-0.512893]],[[0.829572,-0.546283,0.115694],[-0.460833,-0.786775,-0.410632],[0.315346,0.287333,-0.904432]]],"btipPosition":[2.91874,282.068,24.925],"carpPosition":[21.7227,319.205,80.7814],"dipPosition":[8.8091,287.435,8.03114],"direction":[-0.520877,-0.682369,0.512893],"extended":false,"handId":593,"id":5933,"length":64.4113,"mcpPosition":[38.8879,336.289,23.0302],"pipPosition":[23.2346,306.333,-6.17323],"stabilizedTipPosition":[-28.3439,292.655,70.6943],"timeVisible":0.235102,"tipPosition":[4.4705,283.393,20.2277],"tipVelocity":[165.796,-72.2142,-176.364],"tool":false,"touchDistance":0.333333,"touchZone":"none","type":3,"width":18.0722},{"bases":[[[0.710671,-0.690965,0.132341],[0.570864,0.676308,0.465534],[-0.411171,-0.255292,0.875079]],[[0.739487,-0.66989,0.0663877],[0.502867,0.48415,-0.716047],[0.447531,0.562891,0.694888]],[[0.739487,-0.66989,0.0663877],[-0.274193,-0.389804,-0.879131],[0.614799,0.631903,-0.471934]],[[0.739487,-0.66989,0.0663877],[-0.569254,-0.674924,-0.469496],[0.359317,0.309395,-0.880435]]],"btipPosition":[20.4344,285.362,28.9907],"carpPosition":[30.6323,308.148,79.8831],"dipPosition":[26.6262,290.694,13.8189],"direction":[-0.614799,-0.631903,0.471934],"extended":false,"handId":593,"id":5934,"length":50.4973,"mcpPosition":[54.4678,322.948,29.155],"pipPosition":[38.6477,303.049,4.59086],"stabilizedTipPosition":[-11.466,293.569,76.8064],"timeVisible":0.235102,"tipPosition":[22.1585,286.623,25.2515],"tipVelocity":[161.459,-50.9149,-201.29],"tool":false,"touchDistance":0.333333,"touchZone":"none","type":4,"width":16.0532}],"r":[[0.955715,0.227224,0.187025],[-0.218507,0.973584,-0.0662557],[-0.19714,0.0224552,0.980118]],"s":0.962792,"t":[41.0889,-7.59408,-86.7664],"timestamp":522783059842},false],[3,{"currentFrameRate":99.404,"devices":[],"gestures":[],"hands":[{"armBasis":[[0.956297,-0.291771,-0.0191445],[0.289084,0.933596,0.211729],[-0.0439031,-0.20801,0.977141]],"armWidth":63.703,"confidence":0.682373,"direction":[0.199153,0.446184,-0.872501],"elbow":[2.60892,250.95,348.33],"grabStrength":0,"id":593,"palmNormal":[-0.241796,-0.840435,-0.484977],"palmPosition":[16.9296,329.9,34.9215],"palmVelocity":[111.133,-53.0705,-209.094],"palmWidth":90.9658,"pinchStrength":0.858702,"r":[[0.953105,0.235836,0.189663],[-0.226886,0.971551,-0.0679104],[-0.200283,0.0216939,0.979498]],"s":0.969115,"sphereCenter":[14.4607,297.917,-1.11974],"sphereRadius":44.2014,"stabilizedPalmPosition":[-20.9702,337.946,113.96],"t":[41.9267,-8.06007,-88.3498],"timeVisible":0.243903,"type":"right","wrist":[14.4596,307.098,84.5719]}],"id":4203568,"interactionBox":{"center":[0,200,0],"size":[235.247,235.247,147.751]},"pointables":[{"bases":[[[0.637275,0.715015,0.287462],[-0.733876,0.449241,0.509518],[0.235173,-0.535665,0.811022]],[[0.526117,0.850374,0.00801139],[-0.850248,0.525807,0.0245927],[0.0167006,-0.0197503,0.999665]],[[0.526117,0.850374,0.00801139],[-0.840058,0.521154,-0.150668],[-0.132299,0.0725388,0.988552]],[[0.526117,0.850374,0.00801139],[-0.751006,0.469018,-0.464771],[-0.398987,0.238507,0.885395]]],"btipPosition":[-2.88703,298.195,-23.6749],"carpPosition":[-15.8985,305.263,80.6249],"dipPosition":[-12.2223,303.776,-2.95895],"direction":[0.132299,-0.0725388,-0.988552],"extended":false,"handId":593,"id":5930,"length":52.1025,"mcpPosition":[-15.8985,305.263,80.6249],"pipPosition":[-16.7319,306.248,30.7373],"stabilizedTipPosition":[-39.1863,311.713,37.0159],"timeVisible":0.243903,"tipPosition":[-4.23208,299.214,-18.811],"tipVelocity":[127.202,-67.3,-216.121],"tool":false,"touchDistance":-0.165597,"touchZone":"hovering","type":0,"width":20.2446},{"bases":[[[0.969626,-0.228271,-0.0878491],[0.244591,0.904045,0.35054],[-0.000598685,-0.36138,0.932418]],[[0.954436,-0.288217,0.077352],[0.27957,0.954254,0.106018],[-0.10437,-0.0795624,0.991351]],[[0.954436,-0.288217,0.077352],[0.292133,0.955317,-0.0450321],[-0.0609166,0.0655773,0.995986]],[[0.954436,-0.288217,0.077352],[0.297096,0.942093,-0.155546],[-0.0280417,0.17144,0.984795]]],"btipPosition":[5.09384,349.469,-70.7958],"carpPosition":[-1.38394,323.985,81.2514],"dipPosition":[4.61486,352.397,-53.9745],"direction":[0.0609166,-0.0655773,-0.995986],"extended":true,"handId":593,"id":5931,"length":58.7918,"mcpPosition":[-1.33991,350.564,12.672],"pipPosition":[3.14287,353.982,-29.9075],"stabilizedTipPosition":[-31.6901,361.937,-3.68138],"timeVisible":0.243903,"tipPosition":[5.14734,349.306,-66.8338],"tipVelocity":[123.561,-16.1172,-216.444],"tool":false,"touchDistance":-0.0534703,"touchZone":"hovering","type":1,"width":19.3376},{"bases":[[[0.904632,-0.425747,-0.0195311],[0.404924,0.844284,0.351028],[-0.132959,-0.325459,0.936161]],[[0.902361,-0.430958,-0.00437705],[0.299634,0.634623,-0.712372],[0.30978,0.641505,0.701789]],[[0.902361,-0.430958,-0.00437705],[-0.203528,-0.417161,-0.88575],[0.379895,0.800157,-0.464142]],[[0.902361,-0.430958,-0.00437705],[-0.388463,-0.808899,-0.441338],[0.186658,0.399947,-0.89733]]],"btipPosition":[-9.12009,284.483,11.168],"carpPosition":[10.8404,322.956,80.229],"dipPosition":[-5.61335,291.997,-5.69017],"direction":[-0.379895,-0.800157,0.464142],"extended":false,"handId":593,"id":5932,"length":66.9886,"mcpPosition":[20.1142,345.657,14.9323],"pipPosition":[5.18663,314.744,-18.8852],"stabilizedTipPosition":[-45.6034,299.043,69.5405],"timeVisible":0.243903,"tipPosition":[-8.26688,286.292,7.30412],"tipVelocity":[159.973,-89.4329,-168.378],"tool":false,"touchDistance":0.333333,"touchZone":"none","type":2,"width":18.9921},{"bases":[[[0.842089,-0.531427,0.0920396],[0.464076,0.800904,0.378399],[-0.274806,-0.275933,0.921055]],[[0.833958,-0.539038,0.118122],[0.432875,0.506266,-0.745865],[0.342248,0.673152,0.65554]],[[0.833958,-0.539038,0.118122],[-0.193999,-0.48678,-0.85171],[0.516604,0.687375,-0.510526]],[[0.833958,-0.539038,0.118122],[-0.45245,-0.790467,-0.412856],[0.315917,0.29086,-0.903104]]],"btipPosition":[4.08358,281.522,23.5854],"carpPosition":[22.3699,318.78,79.5385],"dipPosition":[9.9846,286.955,6.71629],"direction":[-0.516604,-0.687375,0.510526],"extended":false,"handId":593,"id":5933,"length":64.4113,"mcpPosition":[39.5792,336.06,21.8589],"pipPosition":[24.2917,305.992,-7.42254],"stabilizedTipPosition":[-26.3103,292.06,67.6252],"timeVisible":0.243903,"tipPosition":[5.63757,282.863,18.9055],"tipVelocity":[156.861,-69.007,-169.683],"tool":false,"touchDistance":0.333333,"touchZone":"none","type":3,"width":18.0722},{"bases":[[[0.716292,-0.684769,0.134227],[0.563289,0.680952,0.467985],[-0.411864,-0.259605,0.873483]],[[0.74476,-0.66372,0.0693329],[0.500439,0.48675,-0.715986],[0.441467,0.567935,0.694663]],[[0.74476,-0.66372,0.0693329],[-0.268997,-0.393664,-0.879016],[0.610715,0.636006,-0.471724]],[[0.74476,-0.66372,0.0693329],[-0.56227,-0.68007,-0.470486],[0.359423,0.311416,-0.879679]]],"btipPosition":[21.5144,284.973,27.8529],"carpPosition":[31.3798,307.803,78.662],"dipPosition":[27.7081,290.339,12.6941],"direction":[-0.610715,-0.636006,0.471724],"extended":false,"handId":593,"id":5934,"length":50.4973,"mcpPosition":[55.2555,322.852,28.0264],"pipPosition":[39.6497,302.776,3.4702],"stabilizedTipPosition":[-10.1376,293.285,74.7816],"timeVisible":0.243903,"tipPosition":[23.2398,286.245,24.0813],"tipVelocity":[151.034,-48.8608,-181.798],"tool":false,"touchDistance":0.333333,"touchZone":"none","type":4,"width":16.0532}],"r":[[0.953105,0.235836,0.189663],[-0.226886,0.971551,-0.0679104],[-0.200283,0.0216939,0.979498]],"s":0.969115,"t":[41.9267,-8.06007,-88.3498],"timestamp":522783068643},false],[4,{"currentFrameRate":91.4929,"devices":[],"gestures":[],"hands":[{"armBasis":[[0.955969,-0.292453,-0.0243929],[0.290973,0.93374,0.208481],[-0.0381944,-0.206399,0.977722]],"armWidth":63.703,"confidence":0.711696,"direction":[0.190637,0.440186,-0.877436],"elbow":[6.97586,250.738,344.868],"grabStrength":0,"id":593,"palmNormal":[-0.247056,-0.843545,-0.47686],"palmPosition":[19.2701,328.916,31.128],"palmVelocity":[95.8218,-42.6813,-166.334],"palmWidth":90.9658,"pinchStrength":0.845915,"r":[[0.951365,0.242861,0.189535],[-0.2336,0.969802,-0.0701083],[-0.200838,0.0224232,0.979368]],"s":0.97454,"sphereCenter":[16.627,296.632,-4.69417],"sphereRadius":44.3289,"stabilizedPalmPosition":[-20.9702,337.946,113.96],"t":[43.5158,-8.78463,-91.0383],"timeVisible":0.270988,"type":"right","wrist":[17.2856,306.451,80.9531]}],"id":4203569,"interactionBox":{"center":[0,200,0],"size":[235.247,235.247,147.751]},"pointables":[{"bases":[[[0.640476,0.716573,0.276249],[-0.728517,0.453078,0.513793],[0.243008,-0.530324,0.812221]],[[0.526772,0.850002,-0.00263641],[-0.849432,0.526528,0.0351186],[0.031239,-0.01626,0.99938]],[[0.526772,0.850002,-0.00263641],[-0.841618,0.521136,-0.141761],[-0.119123,0.0768943,0.989897]],[[0.526772,0.850002,-0.00263641],[-0.753974,0.465824,-0.463175],[-0.392471,0.245975,0.886263]]],"btipPosition":[-1.42701,297.042,-27.0293],"carpPosition":[-13.1113,304.606,77.3224],"dipPosition":[-10.6098,302.797,-6.29308],"direction":[0.119123,-0.0768943,-0.989897],"extended":false,"handId":593,"id":5930,"length":52.1025,"mcpPosition":[-13.1113,304.606,77.3224],"pipPosition":[-14.6703,305.418,27.4491],"stabilizedTipPosition":[-36.7479,310.8,32.9613],"timeVisible":0.270988,"tipPosition":[-2.7196,298.054,-22.18],"tipVelocity":[82.6024,-51.0756,-158.859],"tool":false,"touchDistance":-0.221427,"touchZone":"hovering","type":0,"width":20.2446},{"bases":[[[0.968585,-0.229407,-0.0960019],[0.248538,0.906246,0.341976],[0.00854953,-0.355093,0.934792]],[[0.955403,-0.287488,0.0674924],[0.280098,0.954616,0.101258],[-0.0935398,-0.0778376,0.992568]],[[0.955403,-0.287488,0.0674924],[0.290956,0.955496,-0.0487026],[-0.0504873,0.066168,0.99653]],[[0.955403,-0.287488,0.0674924],[0.294754,0.942328,-0.158552],[-0.0180182,0.171375,0.985041]]],"btipPosition":[6.33462,348.258,-74.6139],"carpPosition":[1.41808,323.324,77.6774],"dipPosition":[6.02685,351.186,-57.7884],"direction":[0.0504873,-0.066168,-0.99653],"extended":true,"handId":593,"id":5931,"length":58.7918,"mcpPosition":[0.789258,349.441,8.9235],"pipPosition":[4.80688,352.784,-33.7083],"stabilizedTipPosition":[-31.2558,361.788,-4.44876],"timeVisible":0.270988,"tipPosition":[6.42432,348.037,-70.6507],"tipVelocity":[76.3016,-33.8188,-169.67],"tool":false,"touchDistance":-0.117089,"touchZone":"hovering","type":1,"width":19.3376},{"bases":[[[0.904178,-0.426381,-0.0257081],[0.408838,0.846399,0.341263],[-0.123749,-0.319073,0.939616]],[[0.902001,-0.431615,-0.0101211],[0.290725,0.624564,-0.724844],[0.319174,0.650868,0.688839]],[[0.902001,-0.431615,-0.0101211],[-0.215199,-0.42916,-0.877218],[0.374277,0.79343,-0.479986]],[[0.902001,-0.431615,-0.0101211],[-0.394136,-0.813656,-0.427341],[0.176212,0.389452,-0.904034]]],"btipPosition":[-7.06852,283.301,8.43819],"carpPosition":[13.631,322.282,76.5398],"dipPosition":[-3.75803,290.617,-8.54589],"direction":[-0.374277,-0.79343,0.479986],"extended":false,"handId":593,"id":5932,"length":66.9886,"mcpPosition":[22.2624,344.537,11.0022],"pipPosition":[6.88221,313.173,-22.1913],"stabilizedTipPosition":[-39.6112,296.899,59.6275],"timeVisible":0.270988,"tipPosition":[-6.25145,285.085,4.36737],"tipVelocity":[106.769,-62.1195,-127.172],"tool":false,"touchDistance":0.333333,"touchZone":"none","type":2,"width":18.9921},{"bases":[[[0.842702,-0.531272,0.0871922],[0.468239,0.80317,0.368333],[-0.265715,-0.269568,0.925596]],[[0.834653,-0.538857,0.113965],[0.427485,0.503325,-0.750946],[0.347291,0.675498,0.650455]],[[0.834653,-0.538857,0.113965],[-0.200436,-0.489898,-0.848425],[0.513011,0.685297,-0.516902]],[[0.834653,-0.538857,0.113965],[-0.456116,-0.792228,-0.405381],[0.308728,0.286371,-0.907016]]],"btipPosition":[6.30386,280.475,20.0015],"carpPosition":[25.151,318.095,75.7622],"dipPosition":[12.0706,285.824,3.05935],"direction":[-0.513011,-0.685297,0.516902],"extended":false,"handId":593,"id":5933,"length":64.4113,"mcpPosition":[41.7909,334.976,17.7983],"pipPosition":[26.2782,304.803,-11.256],"stabilizedTipPosition":[-21.1767,290.493,59.8326],"timeVisible":0.270988,"tipPosition":[7.7954,281.781,15.4611],"tipVelocity":[109.769,-50.659,-146.924],"tool":false,"touchDistance":0.333333,"touchZone":"none","type":3,"width":18.0722},{"bases":[[[0.717257,-0.684256,0.131668],[0.568283,0.683769,0.457728],[-0.403234,-0.253484,0.879289]],[[0.744941,-0.663786,0.0667182],[0.493801,0.481386,-0.724174],[0.448579,0.572412,0.686382]],[[0.744941,-0.663786,0.0667182],[-0.277701,-0.399467,-0.873675],[0.606585,0.632309,-0.481913]],[[0.744941,-0.663786,0.0667182],[-0.567208,-0.682835,-0.460447],[0.351196,0.305162,-0.885177]]],"btipPosition":[23.7516,283.944,24.3107],"carpPosition":[34.1462,307.106,74.8697],"dipPosition":[29.8035,289.202,9.05718],"direction":[-0.606585,-0.632309,0.481913],"extended":false,"handId":593,"id":5934,"length":50.4973,"mcpPosition":[57.5216,321.801,23.8975],"pipPosition":[41.6644,301.566,-0.365946],"stabilizedTipPosition":[-6.52703,292.452,69.2575],"timeVisible":0.270988,"tipPosition":[25.4397,285.187,20.5212],"tipVelocity":[107.899,-42.7031,-150.695],"tool":false,"touchDistance":0.333333,"touchZone":"none","type":4,"width":16.0532}],"r":[[0.951365,0.242861,0.189535],[-0.2336,0.969802,-0.0701083],[-0.200838,0.0224232,0.979368]],"s":0.97454,"t":[43.5158,-8.78463,-91.0383],"timestamp":522783095728},false],[5,{"currentFrameRate":92.3063,"devices":[],"gestures":[],"hands":[{"armBasis":[[0.957962,-0.285114,-0.0319183],[0.285639,0.937445,0.199017],[-0.0268209,-0.199768,0.979476]],"armWidth":63.703,"confidence":0.724005,"direction":[0.189747,0.439233,-0.878106],"elbow":[10.566,252.217,343.922],"grabStrength":0,"id":593,"palmNormal":[-0.240822,-0.846214,-0.475318],"palmPosition":[19.7555,328.496,29.6584],"palmVelocity":[84.0178,-43.6394,-164.936],"palmWidth":90.9658,"pinchStrength":0.844936,"r":[[0.949549,0.249742,0.189699],[-0.240132,0.968034,-0.0724355],[-0.201725,0.0232283,0.979167]],"s":0.978702,"sphereCenter":[17.3772,296.142,-6.10348],"sphereRadius":44.3533,"stabilizedPalmPosition":[-20.9702,337.946,113.96],"t":[44.5531,-9.35708,-93.1173],"timeVisible":0.280099,"type":"right","wrist":[17.8057,306.14,79.5339]}],"id":4203570,"interactionBox":{"center":[0,200,0],"size":[235.247,235.247,147.751]},"pointables":[{"bases":[[[0.635441,0.721199,0.275838],[-0.732388,0.449793,0.511168],[0.244584,-0.526838,0.814015]],[[0.52154,0.85322,-0.00352645],[-0.852681,0.52135,0.0336129],[0.0305177,-0.0145235,0.999429]],[[0.52154,0.85322,-0.00352645],[-0.844581,0.515664,-0.144127],[-0.121153,0.0781461,0.989553]],[[0.52154,0.85322,-0.00352645],[-0.755721,0.460016,-0.466124],[-0.396084,0.245767,0.884712]]],"btipPosition":[-0.697501,296.408,-28.4618],"carpPosition":[-12.5715,304.098,75.8443],"dipPosition":[-9.96482,302.159,-7.76187],"direction":[0.121153,-0.0781461,-0.989553],"extended":false,"handId":593,"id":5930,"length":52.1025,"mcpPosition":[-12.5715,304.098,75.8443],"pipPosition":[-14.0945,304.823,25.9685],"stabilizedTipPosition":[-36.0107,310.516,31.7298],"timeVisible":0.280099,"tipPosition":[-2.00538,297.414,-23.6211],"tipVelocity":[81.3075,-56.2212,-158.661],"tool":false,"touchDistance":-0.245441,"touchZone":"hovering","type":0,"width":20.2446},{"bases":[[[0.970187,-0.223627,-0.0934239],[0.242198,0.908596,0.340285],[0.00878768,-0.352767,0.93567]],[[0.957167,-0.281112,0.0693359],[0.273564,0.956489,0.101449],[-0.0948376,-0.0781359,0.992422]],[[0.957167,-0.281112,0.0693359],[0.284663,0.957427,-0.0479557],[-0.0529032,0.0656389,0.99644]],[[0.957167,-0.281112,0.0693359],[0.288759,0.94436,-0.157488],[-0.0212063,0.170763,0.985084]]],"btipPosition":[6.90841,347.705,-76.1641],"carpPosition":[1.8408,322.906,76.184],"dipPosition":[6.54618,350.622,-59.3378],"direction":[0.0529032,-0.0656389,-0.99644],"extended":true,"handId":593,"id":5931,"length":58.7918,"mcpPosition":[1.19446,348.852,7.36554],"pipPosition":[5.26783,352.208,-35.2599],"stabilizedTipPosition":[-30.8947,361.661,-5.09201],"timeVisible":0.280099,"tipPosition":[6.98743,347.452,-72.1991],"tipVelocity":[72.2233,-41.3543,-169.798],"tool":false,"touchDistance":-0.142923,"touchZone":"hovering","type":1,"width":19.3376},{"bases":[[[0.906855,-0.420826,-0.0227848],[0.402867,0.849743,0.340052],[-0.123741,-0.317557,0.940131]],[[0.904664,-0.426067,-0.0070913],[0.288338,0.624308,-0.726017],[0.313759,0.654757,0.68764]],[[0.904664,-0.426067,-0.0070913],[-0.210777,-0.432954,-0.876427],[0.370346,0.794366,-0.481483]],[[0.904664,-0.426067,-0.0070913],[-0.388228,-0.817231,-0.425926],[0.175678,0.388073,-0.90473]]],"btipPosition":[-6.25504,282.661,7.05035],"carpPosition":[14.0623,321.937,75.0744],"dipPosition":[-2.95458,289.952,-9.9468],"direction":[-0.370346,-0.794366,0.481483],"extended":false,"handId":593,"id":5932,"length":66.9886,"mcpPosition":[22.6932,344.086,9.50089],"pipPosition":[7.57393,312.535,-23.6348],"stabilizedTipPosition":[-37.7849,296.227,56.6035],"timeVisible":0.280099,"tipPosition":[-5.44056,284.439,2.97003],"tipVelocity":[101.848,-64.5255,-134.243],"tool":false,"touchDistance":0.333333,"touchZone":"none","type":2,"width":18.9921},{"bases":[[[0.845794,-0.525822,0.0902422],[0.462478,0.806949,0.367351],[-0.265982,-0.268968,0.925694]],[[0.837724,-0.533401,0.117051],[0.425978,0.504158,-0.751243],[0.341702,0.679196,0.649563]],[[0.837724,-0.533401,0.117051],[-0.195572,-0.493166,-0.847667],[0.509872,0.687219,-0.517455]],[[0.837724,-0.533401,0.117051],[-0.450334,-0.796013,-0.404429],[0.308897,0.286088,-0.907048]]],"btipPosition":[7.11265,279.948,18.62],"carpPosition":[25.6096,317.819,74.331],"dipPosition":[12.8825,285.292,1.6772],"direction":[-0.509872,-0.687219,0.517455],"extended":false,"handId":593,"id":5933,"length":64.4113,"mcpPosition":[42.2663,334.663,16.361],"pipPosition":[27.0033,304.325,-12.6535],"stabilizedTipPosition":[-19.6864,290.025,57.5626],"timeVisible":0.280099,"tipPosition":[8.60461,281.252,14.0858],"tipVelocity":[103.965,-52.665,-148.235],"tool":false,"touchDistance":0.333333,"touchZone":"none","type":3,"width":18.0722},{"bases":[[[0.721206,-0.679473,0.134829],[0.563072,0.688387,0.457245],[-0.4035,-0.253849,0.879061]],[[0.748736,-0.65913,0.0702993],[0.492364,0.482002,-0.724743],[0.443815,0.577254,0.685424]],[[0.748736,-0.65913,0.0702993],[-0.273629,-0.403928,-0.872909],[0.603756,0.634343,-0.482792]],[[0.748736,-0.65913,0.0702993],[-0.562181,-0.687615,-0.459497],[0.351207,0.304521,-0.885393]]],"btipPosition":[24.519,283.543,22.9931],"carpPosition":[34.6746,306.885,73.484],"dipPosition":[30.5711,288.791,7.7358],"direction":[-0.603756,-0.634343,0.482792],"extended":false,"handId":593,"id":5934,"length":50.4973,"mcpPosition":[58.0654,321.6,22.5251],"pipPosition":[42.3767,301.195,-1.70452],"stabilizedTipPosition":[-5.43233,292.193,67.5778],"timeVisible":0.280099,"tipPosition":[26.2062,284.783,19.1958],"tipVelocity":[101.333,-43.1226,-149.036],"tool":false,"touchDistance":0.333333,"touchZone":"none","type":4,"width":16.0532}],"r":[[0.949549,0.249742,0.189699],[-0.240132,0.968034,-0.0724355],[-0.201725,0.0232283,0.979167]],"s":0.978702,"t":[44.5531,-9.35708,-93.1173],"timestamp":522783104839},false],[6,{"currentFrameRate":93.1356,"devices":[],"gestures":[],"hands":[{"armBasis":[[0.961278,-0.274726,-0.0216924],[0.273491,0.94135,0.197645],[-0.0338781,-0.195924,0.980034]],"armWidth":63.703,"confidence":0.726494,"direction":[0.187205,0.440083,-0.878226],"elbow":[9.4006,252.897,342.238],"grabStrength":0,"id":593,"palmNormal":[-0.228811,-0.849905,-0.474665],"palmPosition":[20.3833,328.079,27.7922],"palmVelocity":[80.1122,-44.3867,-176.604],"palmWidth":90.9658,"pinchStrength":0.843304,"r":[[0.947306,0.257638,0.190352],[-0.247682,0.965951,-0.0747835],[-0.203137,0.0236962,0.978863]],"s":0.982362,"sphereCenter":[18.6999,295.559,-7.93908],"sphereRadius":44.466,"stabilizedPalmPosition":[-20.9455,337.94,113.909],"t":[45.3856,-9.85184,-95.0899],"timeVisible":0.289095,"type":"right","wrist":[18.5452,305.783,77.6989]}],"id":4203571,"interactionBox":{"center":[0,200,0],"size":[235.247,235.247,147.751]},"pointables":[{"bases":[[[0.625595,0.729435,0.276687],[-0.739552,0.441576,0.508009],[0.248381,-0.522433,0.815703]],[[0.511485,0.859289,-0.0023065],[-0.858743,0.511252,0.0343916],[0.0307315,-0.0156101,0.999406]],[[0.511485,0.859289,-0.0023065],[-0.85025,0.505713,-0.146045],[-0.124328,0.0766609,0.989275]],[[0.511485,0.859289,-0.0023065],[-0.75857,0.450269,-0.470987],[-0.403676,0.242652,0.882137]]],"btipPosition":[0.357012,295.849,-30.3216],"carpPosition":[-11.7922,303.361,73.9137],"dipPosition":[-9.08794,301.526,-9.68193],"direction":[0.124328,-0.0766609,-0.989275],"extended":false,"handId":593,"id":5930,"length":52.1025,"mcpPosition":[-11.7922,303.361,73.9137],"pipPosition":[-13.3259,304.139,24.039],"stabilizedTipPosition":[-35.3287,310.25,30.5869],"timeVisible":0.289095,"tipPosition":[-0.984516,296.797,-25.4997],"tipVelocity":[89.9182,-58.3719,-172.279],"tool":false,"touchDistance":-0.276669,"touchZone":"hovering","type":0,"width":20.2446},{"bases":[[[0.973171,-0.211803,-0.0898748],[0.229862,0.912075,0.339532],[0.0100588,-0.351081,0.936291]],[[0.960552,-0.268728,0.071586],[0.260814,0.959827,0.103477],[-0.0965173,-0.0807241,0.992052]],[[0.960552,-0.268728,0.071586],[0.272296,0.961127,-0.0457146],[-0.0565184,0.0634038,0.996386]],[[0.960552,-0.268728,0.071586],[0.276866,0.948285,-0.155243],[-0.0261657,0.168939,0.985279]]],"btipPosition":[7.60436,347.217,-78.1115],"carpPosition":[2.38604,322.346,74.2685],"dipPosition":[7.15743,350.103,-61.2819],"direction":[0.0565184,-0.0634038,-0.996386],"extended":true,"handId":593,"id":5931,"length":58.7918,"mcpPosition":[1.64621,348.168,5.40433],"pipPosition":[5.79172,351.635,-37.2053],"stabilizedTipPosition":[-30.5576,361.54,-5.69906],"timeVisible":0.289095,"tipPosition":[7.67657,346.934,-74.147],"tipVelocity":[73.0396,-45.1142,-182.585],"tool":false,"touchDistance":-0.175367,"touchZone":"hovering","type":1,"width":19.3376},{"bases":[[[0.912043,-0.40965,-0.0191084],[0.391244,0.855208,0.339923],[-0.122908,-0.3175,0.940259]],[[0.909858,-0.414906,-0.00337228],[0.283036,0.626579,-0.726147],[0.303396,0.659736,0.687531]],[[0.909858,-0.414906,-0.00337228],[-0.202529,-0.437009,-0.876359],[0.362133,0.798045,-0.481647]],[[0.909858,-0.414906,-0.00337228],[-0.376726,-0.822673,-0.425779],[0.173884,0.388669,-0.904821]]],"btipPosition":[-4.98671,281.89,5.17905],"carpPosition":[14.6222,321.525,73.2005],"dipPosition":[-1.71996,289.192,-11.8198],"direction":[-0.362133,-0.798045,0.481647],"extended":false,"handId":593,"id":5932,"length":66.9886,"mcpPosition":[23.1949,343.671,7.61798],"pipPosition":[8.57504,311.88,-25.5125],"stabilizedTipPosition":[-36.0575,295.575,53.7545],"timeVisible":0.289095,"tipPosition":[-4.18078,283.67,1.09875],"tipVelocity":[112.354,-70.2659,-154.504],"tool":false,"touchDistance":0.333333,"touchZone":"none","type":2,"width":18.9921},{"bases":[[[0.851909,-0.515204,0.0938967],[0.451288,0.813198,0.367489],[-0.265688,-0.270693,0.925276]],[[0.843739,-0.522931,0.121028],[0.421493,0.505885,-0.752612],[0.332338,0.68602,0.647246]],[[0.843739,-0.522931,0.121028],[-0.187982,-0.499086,-0.845917],[0.502759,0.690982,-0.5194]],[[0.843739,-0.522931,0.121028],[-0.439734,-0.80273,-0.402812],[0.307796,0.286648,-0.907246]]],"btipPosition":[8.34219,279.367,16.978],"carpPosition":[26.2217,317.549,72.5018],"dipPosition":[14.0915,284.721,0.0315112],"direction":[-0.502759,-0.690982,0.5194],"extended":false,"handId":593,"id":5933,"length":64.4113,"mcpPosition":[42.86,334.501,14.5579],"pipPosition":[28.0152,303.858,-14.3531],"stabilizedTipPosition":[-18.3008,289.58,55.4627],"timeVisible":0.289095,"tipPosition":[9.83472,280.671,12.4141],"tipVelocity":[112.799,-55.8797,-157.673],"tool":false,"touchDistance":0.333333,"touchZone":"none","type":3,"width":18.0722},{"bases":[[[0.729077,-0.670305,0.138337],[0.55304,0.696034,0.457913],[-0.403228,-0.257348,0.878168]],[[0.756606,-0.649697,0.0737654],[0.48771,0.485592,-0.725492],[0.43553,0.584888,0.684266]],[[0.756606,-0.649697,0.0737654],[-0.266996,-0.409953,-0.872153],[0.596876,0.640181,-0.48364]],[[0.756606,-0.649697,0.0737654],[-0.552551,-0.695606,-0.459152],[0.349621,0.306638,-0.88529]]],"btipPosition":[25.7069,283.167,21.3195],"carpPosition":[35.4235,306.726,71.7029],"dipPosition":[31.7316,288.451,6.064],"direction":[-0.596876,-0.640181,0.48364],"extended":false,"handId":593,"id":5934,"length":50.4973,"mcpPosition":[58.7986,321.644,20.7958],"pipPosition":[43.4027,300.969,-3.39289],"stabilizedTipPosition":[-4.40116,291.945,66],"timeVisible":0.289095,"tipPosition":[27.3825,284.422,17.4991],"tipVelocity":[109.57,-42.518,-159.179],"tool":false,"touchDistance":0.333333,"touchZone":"none","type":4,"width":16.053