{"sensorType":"Leap","data":[[0,{"currentFrameRate":109.798,"devices":[],"gestures":[],"hands":[{"armBasis":[[0.931321,-0.359874,-0.0559716],[0.3642,0.92018,0.143619],[-0.000180784,-0.15414,0.988049]],"armWidth":63.703,"confidence":0.771509,"direction":[0.289699,0.19852,-0.936303],"elbow":[15.5327,278.437,362.981],"grabStrength":0,"id":588,"palmNormal":[-0.323515,-0.900366,-0.290998],"palmPosition":[22.9593,329.823,42.9767],"palmVelocity":[38.6783,34.781,-110.484],"palmWidth":90.9658,"pinchStrength":0.894337,"r":[[0.906393,-0.414049,0.0837621],[0.370352,0.874242,0.313912],[-0.203203,-0.253506,0.94575]],"s":1.02333,"sphereCenter":[12.3355,297.21,13.0736],"sphereRadius":43.4686,"stabilizedPalmPosition":[9.90286,320.521,71.5417],"t":[5.74412,5.89803,-76.592],"timeVisible":6.72461,"type":"right","wrist":[15.5815,320.043,96.2787]}],"id":4201659,"interactionBox":{"center":[0,200,0],"size":[235.247,235.247,147.751]},"pointables":[{"bases":[[[0.708363,0.688237,0.156689],[-0.693325,0.636805,0.337313],[0.132371,-0.347577,0.928261]],[[0.601612,0.769166,-0.215515],[-0.798787,0.579686,-0.160942],[0.00114019,0.268975,0.963146]],[[0.601612,0.769166,-0.215515],[-0.786499,0.523246,-0.328073],[-0.139576,0.366875,0.91974]],[[0.601612,0.769166,-0.215515],[-0.704387,0.383604,-0.597233],[-0.376699,0.511109,0.772571]]],"btipPosition":[-1.06087,282.791,-6.75561],"carpPosition":[-14.5754,320.679,90.7364],"dipPosition":[-9.87464,294.75,11.3205],"direction":[0.139576,-0.366875,-0.91974],"extended":false,"handId":588,"id":5880,"length":52.1025,"mcpPosition":[-14.5754,320.679,90.7364],"pipPosition":[-14.6323,307.256,42.6712],"stabilizedTipPosition":[-18.9697,275.862,33.1251],"timeVisible":6.72461,"tipPosition":[-2.57164,284.914,-2.00401],"tipVelocity":[50.1974,48.0658,-121.791],"tool":false,"touchDistance":-0.430201,"touchZone":"touching","type":0,"width":20.2446},{"bases":[[[0.936638,-0.348381,0.0366131],[0.339864,0.929079,0.145962],[-0.0848667,-0.12427,0.988612]],[[0.912123,-0.363445,0.189576],[0.367266,0.929981,0.0158506],[-0.182063,0.055167,0.981738]],[[0.912123,-0.363445,0.189576],[0.397381,0.897481,-0.191352],[-0.100595,0.24987,0.96304]],[[0.912123,-0.363445,0.189576],[0.408425,0.845185,-0.344747],[-0.0349302,0.391879,0.919353]]],"btipPosition":[19.2002,331.32,-65.8595],"carpPosition":[2.11103,337.281,87.9939],"dipPosition":[18.6035,338.013,-50.1559],"direction":[0.100595,-0.24987,-0.96304],"extended":true,"handId":588,"id":5881,"length":58.7918,"mcpPosition":[8.35297,346.421,15.2815],"pipPosition":[16.1727,344.051,-26.8851],"stabilizedTipPosition":[8.73816,322.357,-40.9212],"timeVisible":6.72461,"tipPosition":[18.8729,331.431,-61.9],"tipVelocity":[41.834,59.4898,-116.737],"tool":false,"touchDistance":0.211126,"touchZone":"hovering","type":1,"width":19.3376},{"bases":[[[0.844806,-0.515214,0.144419],[0.491375,0.853852,0.17172],[-0.211784,-0.074106,0.974503]],[[0.840474,-0.516573,0.163571],[0.403297,0.394768,-0.825536],[0.361877,0.75981,0.540124]],[[0.840474,-0.516573,0.163571],[-0.214878,-0.594874,-0.774566],[0.497424,0.615855,-0.610977]],[[0.840474,-0.516573,0.163571],[-0.463833,-0.841949,-0.275647],[0.280111,0.155805,-0.94724]]],"btipPosition":[-7.92436,282.813,29.2729],"carpPosition":[14.1454,334.692,88.106],"dipPosition":[-2.66193,285.74,11.4771],"direction":[-0.497424,-0.615855,0.610977],"extended":false,"handId":588,"id":5882,"length":66.9886,"mcpPosition":[28.9172,339.861,20.135],"pipPosition":[11.4793,303.248,-5.89226],"stabilizedTipPosition":[-17.2631,278.929,45.124],"timeVisible":6.72461,"tipPosition":[-6.72083,283.687,26.119],"tipVelocity":[62.1703,18.5394,-115.203],"tool":false,"touchDistance":0.333333,"touchZone":"none","type":2,"width":18.9921},{"bases":[[[0.764971,-0.583395,0.272892],[0.543476,0.812063,0.212576],[-0.345621,-0.0143045,0.938265]],[[0.752014,-0.583532,0.306539],[0.535361,0.269418,-0.800502],[0.384531,0.766097,0.515006]],[[0.752014,-0.583532,0.306539],[-0.195934,-0.641928,-0.741309],[0.629353,0.497413,-0.597072]],[[0.752014,-0.583532,0.306539],[-0.517756,-0.810746,-0.273165],[0.407926,0.0467114,-0.911819]]],"btipPosition":[4.5047,281.253,41.0325],"carpPosition":[25.0862,329.225,89.2263],"dipPosition":[12.1244,282.125,24.0006],"direction":[-0.629353,-0.497413,0.597072],"extended":false,"handId":588,"id":5883,"length":64.4113,"mcpPosition":[46.7302,330.121,30.4691],"pipPosition":[29.5541,295.901,7.46495],"stabilizedTipPosition":[-3.40656,276.935,53.284],"timeVisible":6.72461,"tipPosition":[6.28519,281.749,37.9756],"tipVelocity":[61.0577,26.8347,-105.966],"tool":false,"touchDistance":0.333333,"touchZone":"none","type":3,"width":18.0722},{"bases":[[[0.619443,-0.707233,0.340752],[0.623156,0.706962,0.334486],[-0.477458,0.00514637,0.878639]],[[0.639754,-0.70678,0.301956],[0.609647,0.227417,-0.75935],[0.468023,0.669883,0.576377]],[[0.639754,-0.70678,0.301956],[-0.249549,-0.562608,-0.788161],[0.726939,0.428876,-0.536307]],[[0.639754,-0.70678,0.301956],[-0.608292,-0.705758,-0.363162],[0.469783,0.0486565,-0.88144]]],"btipPosition":[21.5169,284.23,45.9442],"carpPosition":[32.693,317.433,91.5776],"dipPosition":[29.6123,285.068,30.755],"direction":[-0.726939,-0.428876,0.536307],"extended":false,"handId":588,"id":5884,"length":50.4973,"mcpPosition":[60.3711,317.134,40.6431],"pipPosition":[43.8266,293.454,20.2683],"stabilizedTipPosition":[14.0151,278.493,60.3887],"timeVisible":6.72461,"tipPosition":[23.6378,284.454,43.1733],"tipVelocity":[58.3705,37.8056,-109.541],"tool":false,"touchDistance":0.333333,"touchZone":"none","type":4,"width":16.0532}],"r":[[0.906393,-0.414049,0.0837621],[0.370352,0.874242,0.313912],[-0.203203,-0.253506,0.94575]],"s":1.02333,"t":[5.74412,5.89803,-76.592],"timestamp":522763520727},false],[1,{"currentFrameRate":109.848,"devices":[],"gestures":[],"hands":[{"armBasis":[[0.936948,-0.34458,-0.0582565],[0.349457,0.925269,0.147504],[0.00307591,-0.158562,0.987344]],"armWidth":63.703,"confidence":0.776091,"direction":[0.287372,0.202585,-0.93615],"elbow":[16.9026,277.442,361.076],"grabStrength":0,"id":588,"palmNormal":[-0.309909,-0.905136,-0.291006],"palmPosition":[23.3412,330.118,41.2646],"palmVelocity":[39.693,34.2087,-132.324],"palmWidth":90.9658,"pinchStrength":0.892413,"r":[[0.908889,-0.408505,0.0839348],[0.365101,0.876683,0.313255],[-0.201551,-0.25407,0.945952]],"s":1.02513,"sphereCenter":[13.3216,297.289,11.3957],"sphereRadius":43.5067,"stabilizedPalmPosition":[9.9758,320.573,71.3774],"t":[6.08466,6.2191,-77.9941],"timeVisible":6.73363,"type":"right","wrist":[16.0724,320.242,94.5639]}],"id":4201660,"interactionBox":{"center":[0,200,0],"size":[235.247,235.247,147.751]},"pointables":[{"bases":[[[0.697958,0.698714,0.157015],[-0.702937,0.626519,0.33668],[0.13687,-0.34536,0.928436]],[[0.590909,0.777887,-0.213818],[-0.806736,0.569249,-0.158531],[-0.0016039,0.266172,0.963924]],[[0.590909,0.777887,-0.213818],[-0.793365,0.512273,-0.328859],[-0.146282,0.363961,0.919855]],[[0.590909,0.777887,-0.213818],[-0.709581,0.375059,-0.596511],[-0.383824,0.504205,0.7736]]],"btipPosition":[-0.039999,282.942,-8.55831],"carpPosition":[-14.0868,320.428,89.0005],"dipPosition":[-9.02047,294.739,9.54188],"direction":[0.146282,-0.363961,-0.919855],"extended":false,"handId":588,"id":5880,"length":52.1025,"mcpPosition":[-14.0868,320.428,89.0005],"pipPosition":[-14.0067,307.145,40.8965],"stabilizedTipPosition":[-18.8796,275.914,32.9246],"timeVisible":6.73363,"tipPosition":[-1.58424,285.002,-3.81269],"tipVelocity":[66.3632,38.2973,-143.118],"tool":false,"touchDistance":-0.442472,"touchZone":"touching","type":0,"width":20.2446},{"bases":[[[0.941681,-0.334428,0.0373449],[0.325931,0.934056,0.145975],[-0.0837003,-0.12529,0.988583]],[[0.917385,-0.349788,0.189876],[0.353169,0.935408,0.0168672],[-0.183511,0.0515845,0.981663]],[[0.917385,-0.349788,0.189876],[0.383913,0.903524,-0.190408],[-0.104955,0.247574,0.963168]],[[0.917385,-0.349788,0.189876],[0.395845,0.851476,-0.343942],[-0.0413681,0.390688,0.919593]]],"btipPosition":[19.6341,331.619,-67.5896],"carpPosition":[2.35323,337.275,86.2657],"dipPosition":[18.9275,338.292,-51.8819],"direction":[0.104955,-0.247574,-0.963168],"extended":true,"handId":588,"id":5881,"length":58.7918,"mcpPosition":[8.50939,346.49,13.5554],"pipPosition":[16.3914,344.275,-28.608],"stabilizedTipPosition":[9.09263,322.713,-41.6826],"timeVisible":6.73363,"tipPosition":[19.3101,331.752,-63.638],"tipVelocity":[42.7958,52.1236,-137.38],"tool":false,"touchDistance":0.182306,"touchZone":"hovering","type":1,"width":19.3376},{"bases":[[[0.852262,-0.502582,0.145127],[0.478525,0.861092,0.171855],[-0.211339,-0.077019,0.974374]],[[0.847932,-0.504002,0.164299],[0.397996,0.400538,-0.825329],[0.350159,0.765213,0.540219]],[[0.847932,-0.504002,0.164299],[-0.205441,-0.598148,-0.774605],[0.488678,0.623058,-0.610731]],[[0.847932,-0.504002,0.164299],[-0.451071,-0.848797,-0.275825],[0.278473,0.15977,-0.947062]]],"btipPosition":[-6.83215,282.65,27.5476],"carpPosition":[14.4246,334.866,86.3867],"dipPosition":[-1.60048,285.652,9.75519],"direction":[-0.488678,-0.623058,0.610731],"extended":false,"handId":588,"id":5882,"length":66.9886,"mcpPosition":[29.1654,340.238,18.4247],"pipPosition":[12.2921,303.364,-7.60718],"stabilizedTipPosition":[-17.1683,278.965,44.9475],"timeVisible":6.73363,"tipPosition":[-5.63908,283.541,24.3882],"tipVelocity":[78.1735,8.99935,-136.124],"tool":false,"touchDistance":0.333333,"touchZone":"none","type":2,"width":18.9921},{"bases":[[[0.773358,-0.571911,0.273561],[0.531211,0.820091,0.212758],[-0.346024,-0.0192194,0.938029]],[[0.75975,-0.572229,0.308761],[0.528967,0.267801,-0.805281],[0.378118,0.775137,0.506152]],[[0.75975,-0.572229,0.308761],[-0.191044,-0.650354,-0.735215],[0.621516,0.499593,-0.603428]],[[0.75975,-0.572229,0.308761],[-0.507622,-0.81874,-0.2683],[0.406324,0.0471071,-0.912514]]],"btipPosition":[5.42172,281.426,39.9213],"carpPosition":[25.4446,329.562,87.5159],"dipPosition":[13.0115,282.306,22.8765],"direction":[-0.621516,-0.499593,0.603428],"extended":false,"handId":588,"id":5883,"length":64.4113,"mcpPosition":[47.1138,330.766,28.7734],"pipPosition":[30.2241,296.142,6.16475],"stabilizedTipPosition":[-3.10703,277.068,52.7944],"timeVisible":6.73363,"tipPosition":[7.26032,281.858,36.5538],"tipVelocity":[72.0291,24.793,-110.813],"tool":false,"touchDistance":0.333333,"touchZone":"none","type":3,"width":18.0722},{"bases":[[[0.629638,-0.69788,0.34135],[0.612359,0.716213,0.334748],[-0.478093,-0.00174167,0.878307]],[[0.648989,-0.697203,0.304502],[0.607653,0.234188,-0.75889],[0.45779,0.677543,0.575643]],[[0.648989,-0.697203,0.304502],[-0.240437,-0.567685,-0.787353],[0.721806,0.43777,-0.536054]],[[0.648989,-0.697203,0.304502],[-0.597701,-0.714873,-0.362919],[0.470709,0.0535296,-0.880663]]],"btipPosition":[22.5309,284.552,44.2687],"carpPosition":[33.224,317.885,89.8753],"dipPosition":[30.6423,285.475,29.0929],"direction":[-0.721806,-0.43777,0.536054],"extended":false,"handId":588,"id":5884,"length":50.4973,"mcpPosition":[60.9389,317.986,38.96],"pipPosition":[44.7562,294.035,18.6111],"stabilizedTipPosition":[14.138,278.567,60.1565],"timeVisible":6.73363,"tipPosition":[24.6598,284.786,41.463],"tipVelocity":[73.361,37.8348,-130.432],"tool":false,"touchDistance":0.333333,"touchZone":"none","type":4,"width":16.0532}],"r":[[0.908889,-0.408505,0.0839348],[0.365101,0.876683,0.313255],[-0.201551,-0.25407,0.945952]],"s":1.02513,"t":[6.08466,6.2191,-77.9941],"timestamp":522763529742},false],[2,{"currentFrameRate":109.917,"devices":[],"gestures":[],"hands":[{"armBasis":[[0.940548,-0.334021,-0.0616316],[0.339598,0.928215,0.151957],[0.00645065,-0.163853,0.986464]],"armWidth":63.703,"confidence":0.781482,"direction":[0.288405,0.201473,-0.936072],"elbow":[18.0527,276.653,359.065],"grabStrength":0,"id":588,"palmNormal":[-0.301526,-0.908764,-0.288496],"palmPosition":[23.6533,330.619,39.476],"palmVelocity":[38.3457,40.1306,-150.669],"palmWidth":90.9658,"pinchStrength":0.889823,"r":[[0.911484,-0.402479,0.0849007],[0.359244,0.879445,0.312281],[-0.200352,-0.254139,0.946188]],"s":1.02726,"sphereCenter":[14.0046,297.611,9.72177],"sphereRadius":43.5361,"stabilizedPalmPosition":[10.037,320.618,71.2347],"t":[6.41098,6.63016,-79.5895],"timeVisible":6.7426,"type":"right","wrist":[16.3115,320.882,92.7907]}],"id":4201661,"interactionBox":{"center":[0,200,0],"size":[235.247,235.247,147.751]},"pointables":[{"bases":[[[0.691666,0.705079,0.156401],[-0.709099,0.621899,0.332296],[0.137029,-0.340741,0.930117]],[[0.585621,0.781912,-0.213687],[-0.810568,0.563178,-0.160655],[-0.0052739,0.26729,0.963602]],[[0.585621,0.781912,-0.213687],[-0.796125,0.505256,-0.33302],[-0.152425,0.365145,0.918388]],[[0.585621,0.781912,-0.213687],[-0.710416,0.368153,-0.59981],[-0.390329,0.503068,0.771081]]],"btipPosition":[0.759708,283.24,-10.294],"carpPosition":[-13.8318,320.796,87.1398],"dipPosition":[-8.37296,295.011,7.7473],"direction":[0.152425,-0.365145,-0.918388],"extended":false,"handId":588,"id":5880,"length":52.1025,"mcpPosition":[-13.8318,320.796,87.1398],"pipPosition":[-13.5686,307.457,39.0519],"stabilizedTipPosition":[-18.7894,275.966,32.7236],"timeVisible":6.7426,"tipPosition":[-0.830522,285.278,-5.57369],"tipVelocity":[71.5242,36.734,-157.302],"tool":false,"touchDistance":-0.452796,"touchZone":"touching","type":0,"width":20.2446},{"bases":[[[0.944315,-0.326438,0.0413163],[0.31773,0.937274,0.143404],[-0.0855371,-0.122291,0.988801]],[[0.919806,-0.341399,0.1934],[0.34514,0.93843,0.0150819],[-0.186642,0.0528778,0.981004]],[[0.919806,-0.341399,0.1934],[0.376746,0.906156,-0.192207],[-0.109632,0.249656,0.962109]],[[0.919806,-0.341399,0.1934],[0.38954,0.853659,-0.345723],[-0.0470685,0.393335,0.91819]]],"btipPosition":[20.2363,331.741,-69.4043],"carpPosition":[2.4755,337.769,84.3891],"dipPosition":[19.4323,338.46,-53.7207],"direction":[0.109632,-0.249656,-0.962108],"extended":true,"handId":588,"id":5881,"length":58.7918,"mcpPosition":[8.76675,346.764,11.6627],"pipPosition":[16.7832,344.493,-30.4723],"stabilizedTipPosition":[9.37718,322.988,-42.3087],"timeVisible":6.7426,"tipPosition":[19.9111,331.913,-65.4615],"tipVelocity":[48.7688,41.899,-155.304],"tool":false,"touchDistance":0.151969,"touchZone":"hovering","type":1,"width":19.3376},{"bases":[[[0.855983,-0.494926,0.149471],[0.470849,0.86568,0.169998],[-0.213531,-0.0751374,0.974043]],[[0.851601,-0.496313,0.168667],[0.396845,0.400206,-0.826044],[0.342475,0.770395,0.537775]],[[0.851601,-0.496313,0.168667],[-0.198523,-0.603167,-0.772514],[0.485143,0.62439,-0.612187]],[[0.851601,-0.496313,0.168667],[-0.443321,-0.853619,-0.273498],[0.279718,0.158137,-0.946969]]],"btipPosition":[-6.09043,282.857,25.8954],"carpPosition":[14.5661,335.461,84.5539],"dipPosition":[-0.835374,285.828,8.10474],"direction":[-0.485143,-0.62439,0.612187],"extended":false,"handId":588,"id":5882,"length":66.9886,"mcpPosition":[29.4597,340.702,16.6151],"pipPosition":[12.9567,303.579,-9.29902],"stabilizedTipPosition":[-17.0774,278.999,44.7762],"timeVisible":6.7426,"tipPosition":[-4.89321,283.736,22.6906],"tipVelocity":[79.562,12.6354,-149.251],"tool":false,"touchDistance":0.333333,"touchZone":"none","type":2,"width":18.9921},{"bases":[[[0.777284,-0.56443,0.277937],[0.523755,0.825271,0.211207],[-0.348585,-0.0185967,0.937093]],[[0.762866,-0.564724,0.314838],[0.525787,0.258464,-0.810398],[0.376276,0.783762,0.494098]],[[0.762866,-0.564724,0.314838],[-0.190002,-0.661252,-0.725703],[0.618009,0.493794,-0.611745]],[[0.762866,-0.564724,0.314838],[-0.503079,-0.824327,-0.259609],[0.406137,0.0396584,-0.912951]]],"btipPosition":[5.94681,281.993,38.9759],"carpPosition":[25.6265,330.253,85.7348],"dipPosition":[13.5331,282.734,21.9228],"direction":[-0.618009,-0.493794,0.611745],"extended":false,"handId":588,"id":5883,"length":64.4113,"mcpPosition":[47.456,331.418,27.051],"pipPosition":[30.6486,296.409,4.98079],"stabilizedTipPosition":[-2.79642,277.214,52.2841],"timeVisible":6.7426,"tipPosition":[7.84552,282.313,35.2895],"tipVelocity":[68.3001,34.3206,-109.371],"tool":false,"touchDistance":0.333333,"touchZone":"none","type":3,"width":18.0722},{"bases":[[[0.634419,-0.691337,0.345783],[0.605407,0.722529,0.333819],[-0.48062,-0.00244178,0.876926]],[[0.652748,-0.690711,0.311188],[0.608464,0.233283,-0.758519],[0.451322,0.684468,0.572548]],[[0.652748,-0.690711,0.311188],[-0.233624,-0.574279,-0.784616],[0.720652,0.439456,-0.536227]],[[0.652748,-0.690711,0.311188],[-0.590914,-0.721257,-0.361398],[0.474068,0.0520162,-0.87895]]],"btipPosition":[23.1424,285.106,42.7173],"carpPosition":[33.4957,318.65,88.1605],"dipPosition":[31.3116,286.003,27.5711],"direction":[-0.720652,-0.439456,0.536227],"extended":false,"handId":588,"id":5884,"length":50.4973,"mcpPosition":[61.3571,318.791,37.3254],"pipPosition":[45.403,294.596,17.0859],"stabilizedTipPosition":[14.257,278.641,59.9276],"timeVisible":6.7426,"tipPosition":[25.2953,285.324,39.8601],"tipVelocity":[72.3344,44.2008,-141.846],"tool":false,"touchDistance":0.333333,"touchZone":"none","type":4,"width":16.0532}],"r":[[0.911484,-0.402479,0.0849007],[0.359244,0.879445,0.312281],[-0.200352,-0.254139,0.946188]],"s":1.02726,"t":[6.41098,6.63016,-79.5895],"timestamp":522763538717},false],[3,{"currentFrameRate":109.946,"devices":[],"gestures":[],"hands":[{"armBasis":[[0.942416,-0.328376,-0.0634211],[0.334341,0.929733,0.15431],[0.00829304,-0.166628,0.985985]],"armWidth":63.703,"confidence":0.747367,"direction":[0.288961,0.200892,-0.936026],"elbow":[18.6761,276.243,357.995],"grabStrength":0,"id":588,"palmNormal":[-0.297072,-0.910653,-0.287155],"palmPosition":[23.8188,330.884,38.5278],"palmVelocity":[32.8179,37.1642,-138.037],"palmWidth":90.9658,"pinchStrength":0.878434,"r":[[0.913855,-0.396806,0.0861079],[0.353673,0.882063,0.311257],[-0.199461,-0.25399,0.946417]],"s":1.02954,"sphereCenter":[14.3073,297.853,8.82768],"sphereRadius":43.549,"stabilizedPalmPosition":[10.0881,320.656,71.1133],"t":[6.65686,6.96849,-80.8613],"timeVisible":6.75164,"type":"right","wrist":[16.4375,321.221,91.8505]}],"id":4201662,"interactionBox":{"center":[0,200,0],"size":[235.247,235.247,147.751]},"pointables":[{"bases":[[[0.68831,0.70843,0.156064],[-0.712345,0.619422,0.329971],[0.137092,-0.338294,0.931001]],[[0.582794,0.784032,-0.213646],[-0.812588,0.559922,-0.161828],[-0.00725365,0.267919,0.963414]],[[0.582794,0.784032,-0.213646],[-0.797588,0.501554,-0.335108],[-0.15558,0.3657,0.917637]],[[0.582794,0.784032,-0.213646],[-0.711264,0.365007,-0.600727],[-0.393008,0.502059,0.770378]]],"btipPosition":[1.16421,283.408,-11.229],"carpPosition":[-13.6963,320.991,86.1534],"dipPosition":[-8.03114,295.155,6.79583],"direction":[0.15558,-0.3657,-0.917637],"extended":false,"handId":588,"id":5880,"length":52.1025,"mcpPosition":[-13.6963,320.991,86.1534],"pipPosition":[-13.3343,307.621,38.0749],"stabilizedTipPosition":[-18.7018,276.016,32.5282],"timeVisible":6.75164,"tipPosition":[-0.447882,285.441,-6.52311],"tipVelocity":[63.6979,31.5629,-142.557],"tool":false,"touchDistance":-0.449932,"touchZone":"touching","type":0,"width":20.2446},{"bases":[[[0.945679,-0.322189,0.0434148],[0.313375,0.938948,0.142032],[-0.0865252,-0.120711,0.98891]],[[0.92113,-0.336918,0.194951],[0.340718,0.94005,0.014738],[-0.188229,0.0528478,0.980702]],[[0.92113,-0.336918,0.194951],[0.372803,0.907649,-0.192854],[-0.111971,0.250321,0.961666]],[[0.92113,-0.336918,0.194951],[0.386046,0.854883,-0.346617],[-0.0498789,0.394539,0.917524]]],"btipPosition":[20.5465,331.851,-70.3723],"carpPosition":[2.54026,338.03,83.3941],"dipPosition":[19.6945,338.59,-54.7],"direction":[0.111971,-0.250321,-0.961666],"extended":true,"handId":588,"id":5881,"length":58.7918,"mcpPosition":[8.90419,346.909,10.6598],"pipPosition":[16.9888,344.639,-31.4623],"stabilizedTipPosition":[9.60234,323.201,-42.8106],"timeVisible":6.75164,"tipPosition":[20.2275,332.054,-66.4381],"tipVelocity":[44.4429,33.8274,-142.078],"tool":false,"touchDistance":0.135792,"touchZone":"hovering","type":1,"width":19.3376},{"bases":[[[0.857923,-0.49085,0.151768],[0.466766,0.868083,0.169003],[-0.214702,-0.074152,0.973861]],[[0.853446,-0.492238,0.171264],[0.394297,0.394924,-0.829798],[0.340822,0.775717,0.531135]],[[0.853446,-0.492238,0.171264],[-0.19752,-0.609575,-0.767727],[0.482303,0.621385,-0.617466]],[[0.853446,-0.492238,0.171264],[-0.440166,-0.856713,-0.268879],[0.279076,0.154089,-0.947825]]],"btipPosition":[-5.76171,283.008,25.4224],"carpPosition":[14.6406,335.776,83.5821],"dipPosition":[-0.518707,285.903,7.61564],"direction":[-0.482303,-0.621385,0.617466],"extended":false,"handId":588,"id":5882,"length":66.9886,"mcpPosition":[29.616,340.948,15.6559],"pipPosition":[13.1926,303.568,-9.93819],"stabilizedTipPosition":[-16.9905,279.031,44.6135],"timeVisible":6.75164,"tipPosition":[-4.53913,283.848,21.98],"tipVelocity":[67.5644,13.22,-122.637],"tool":false,"touchDistance":0.333333,"touchZone":"none","type":2,"width":18.9921},{"bases":[[[0.779333,-0.560446,0.28025],[0.519786,0.827989,0.210373],[-0.349947,-0.0182806,0.936591]],[[0.764473,-0.560726,0.318068],[0.525194,0.255606,-0.811688],[0.373835,0.787561,0.489894]],[[0.764473,-0.560726,0.318068],[-0.187714,-0.665633,-0.722286],[0.616721,0.492462,-0.614114]],[[0.764473,-0.560726,0.318068],[-0.499912,-0.827164,-0.256684],[0.407024,0.0372224,-0.912659]]],"btipPosition":[6.25586,282.252,38.3107],"carpPosition":[25.722,330.619,84.7903],"dipPosition":[13.8587,282.947,21.2631],"direction":[-0.616721,-0.492462,0.614114],"extended":false,"handId":588,"id":5883,"length":64.4113,"mcpPosition":[47.6368,331.764,26.1379],"pipPosition":[30.9385,296.585,4.25545],"stabilizedTipPosition":[-2.49458,277.359,51.784],"timeVisible":6.75164,"tipPosition":[8.17229,282.53,34.5284],"tipVelocity":[59.0082,32.4268,-99.4593],"tool":false,"touchDistance":0.333333,"touchZone":"none","type":3,"width":18.0722},{"bases":[[[0.636924,-0.687847,0.348129],[0.6017,0.72585,0.333315],[-0.481959,-0.00282709,0.876189]],[[0.653541,-0.687319,0.316981],[0.608789,0.228502,-0.759712],[0.449734,0.689478,0.567768]],[[0.653541,-0.687319,0.316981],[-0.231772,-0.580405,-0.780648],[0.720532,0.436718,-0.53862]],[[0.653541,-0.687319,0.316981],[-0.588459,-0.724792,-0.35832],[0.476025,0.0476463,-0.87814]]],"btipPosition":[23.3877,285.486,42.0524],"carpPosition":[33.6385,319.055,87.2511],"dipPosition":[31.5906,286.307,26.9201],"direction":[-0.720532,-0.436718,0.53862],"extended":false,"handId":588,"id":5884,"length":50.4973,"mcpPosition":[61.5776,319.219,36.4586],"pipPosition":[45.6796,294.846,16.3882],"stabilizedTipPosition":[14.37,278.713,59.7087],"timeVisible":6.75164,"tipPosition":[25.5702,285.658,39.0816],"tipVelocity":[60.1064,43.0565,-122.913],"tool":false,"touchDistance":0.333333,"touchZone":"none","type":4,"width":16.0532}],"r":[[0.913855,-0.396806,0.0861079],[0.353673,0.882063,0.311257],[-0.199461,-0.25399,0.946417]],"s":1.02954,"t":[6.65686,6.96849,-80.8613],"timestamp":522763547760},false],[4,{"currentFrameRate":109.935,"devices":[],"gestures":[],"hands":[{"armBasis":[[0.943449,-0.321109,-0.0824169],[0.330336,0.931537,0.152045],[0.0279513,-0.170672,0.984931]],"armWidth":63.703,"confidence":0.685765,"direction":[0.289363,0.195457,-0.937051],"elbow":[24.2937,276.076,355.708],"grabStrength":0,"id":588,"palmNormal":[-0.293916,-0.913499,-0.281306],"palmPosition":[24.1587,331.471,36.4681],"palmVelocity":[34.0569,44.7045,-162.433],"palmWidth":90.9658,"pinchStrength":0.854127,"r":[[0.915951,-0.391566,0.0878026],[0.348584,0.884768,0.309314],[-0.198802,-0.25271,0.946898]],"s":1.03252,"sphereCenter":[14.8512,298.203,7.04744],"sphereRadius":43.5778,"stabilizedPalmPosition":[10.1317,320.69,71.006],"t":[6.94974,7.43088,-82.527],"timeVisible":6.76076,"type":"right","wrist":[16.7489,322.145,89.847]}],"id":4201663,"interactionBox":{"center":[0,200,0],"size":[235.247,235.247,147.751]},"pointables":[{"bases":[[[0.685926,0.711617,0.152009],[-0.714635,0.619411,0.325002],[0.137121,-0.331558,0.933417]],[[0.581238,0.784331,-0.216767],[-0.813694,0.557573,-0.164362],[-0.0080508,0.271915,0.962288]],[[0.581238,0.784331,-0.216767],[-0.798293,0.497958,-0.338773],[-0.157769,0.369951,0.915557]],[[0.581238,0.784331,-0.216767],[-0.711523,0.360611,-0.603071],[-0.394838,0.504762,0.767671]]],"btipPosition":[1.63994,283.792,-13.0729],"carpPosition":[-13.3778,321.782,84.119],"dipPosition":[-7.59823,295.602,4.88861],"direction":[0.157769,-0.369951,-0.915557],"extended":false,"handId":588,"id":5880,"length":52.1025,"mcpPosition":[-13.3778,321.782,84.119],"pipPosition":[-12.976,308.213,36.0968],"stabilizedTipPosition":[-18.6209,276.063,32.3441],"timeVisible":6.76076,"tipPosition":[0.00930221,285.817,-8.38478],"tipVelocity":[60.201,34.9379,-159.57],"tool":false,"touchDistance":-0.461149,"touchZone":"touching","type":0,"width":20.2446},{"bases":[[[0.946631,-0.318931,0.0466152],[0.310289,0.940862,0.136012],[-0.0872369,-0.114289,0.98961]],[[0.922059,-0.332684,0.197809],[0.337589,0.941247,0.00940317],[-0.189315,0.0581079,0.980196]],[[0.922059,-0.332684,0.197809],[0.370021,0.907599,-0.198362],[-0.113539,0.256095,0.95996]],[[0.922059,-0.332684,0.197809],[0.383575,0.853751,-0.352107],[-0.0517391,0.400538,0.914818]]],"btipPosition":[20.9835,331.734,-72.4466],"carpPosition":[2.80861,338.854,81.262],"dipPosition":[20.0997,338.575,-56.8206],"direction":[0.113539,-0.256095,-0.95996],"extended":true,"handId":588,"id":5881,"length":58.7918,"mcpPosition":[9.22488,347.26,8.4762],"pipPosition":[17.3561,344.764,-33.6241],"stabilizedTipPosition":[9.77431,323.357,-43.2112],"timeVisible":6.76076,"tipPosition":[20.6717,331.988,-68.5221],"tipVelocity":[45.1892,21.5915,-166.123],"tool":false,"touchDistance":0.101042,"touchZone":"hovering","type":1,"width":19.3376},{"bases":[[[0.859282,-0.487129,0.156012],[0.463871,0.87066,0.163628],[-0.215542,-0.0682334,0.974108]],[[0.854717,-0.488417,0.175804],[0.389267,0.379022,-0.839532],[0.343408,0.785997,0.514082]],[[0.854717,-0.488417,0.175804],[-0.201191,-0.623898,-0.755165],[0.478519,0.610082,-0.631521]],[[0.854717,-0.488417,0.175804],[-0.439563,-0.861145,-0.255371],[0.27612,0.140993,-0.950725]]],"btipPosition":[-5.38953,283.529,24.5772],"carpPosition":[14.9157,336.638,81.4783],"dipPosition":[-0.202063,286.178,6.71597],"direction":[-0.478519,-0.610082,0.631521],"extended":false,"handId":588,"id":5882,"length":66.9886,"mcpPosition":[29.9496,341.397,13.5349],"pipPosition":[13.4017,303.522,-11.2374],"stabilizedTipPosition":[-16.9072,279.064,44.4563],"timeVisible":6.76076,"tipPosition":[-4.1256,284.279,20.7191],"tipVelocity":[59.7518,23.7079,-114.709],"tool":false,"touchDistance":0.333333,"touchZone":"none","type":2,"width":18.9921},{"bases":[[[0.780768,-0.556099,0.284878],[0.51697,0.831013,0.205326],[-0.350919,-0.0130384,0.936315]],[[0.765375,-0.556157,0.323867],[0.522992,0.244201,-0.816606],[0.375073,0.79439,0.477771]],[[0.765375,-0.556157,0.323867],[-0.189042,-0.675301,-0.712904],[0.615194,0.484415,-0.621996]],[[0.765375,-0.556157,0.323867],[-0.498866,-0.830612,-0.24742],[0.406612,0.0278029,-0.913178]]],"btipPosition":[6.60117,282.922,37.0405],"carpPosition":[26.0118,331.524,82.7334],"dipPosition":[14.1963,283.442,19.9832],"direction":[-0.615194,-0.484415,0.621996],"extended":false,"handId":588,"id":5883,"length":64.4113,"mcpPosition":[47.9875,332.341,24.0982],"pipPosition":[31.2338,296.857,2.75731],"stabilizedTipPosition":[-2.21281,277.507,51.2989],"timeVisible":6.76076,"tipPosition":[8.55485,283.114,33.0708],"tipVelocity":[53.0879,42.6194,-110.593],"tool":false,"touchDistance":0.333333,"touchZone":"none","type":3,"width":18.0722},{"bases":[[[0.638682,-0.683483,0.353463],[0.599067,0.729965,0.329044],[-0.482912,0.00159363,0.875667]],[[0.654403,-0.683157,0.324119],[0.609395,0.222723,-0.760941],[0.447654,0.695479,0.562064]],[[0.654403,-0.683157,0.324119],[-0.22946,-0.587848,-0.775746],[0.720489,0.433279,-0.541447]],[[0.654403,-0.683157,0.324119],[-0.586184,-0.72911,-0.353253],[0.477645,0.0411767,-0.877587]]],"btipPosition":[23.8124,286.143,40.3599],"carpPosition":[33.9616,320.002,85.2809],"dipPosition":[32.0433,286.853,25.2371],"direction":[-0.720489,-0.433279,0.541447],"extended":false,"handId":588,"id":5884,"length":50.4973,"mcpPosition":[61.9559,319.91,34.5187],"pipPosition":[46.1315,295.325,14.6499],"stabilizedTipPosition":[14.4744,278.783,59.4984],"timeVisible":6.76076,"tipPosition":[26.0063,286.281,37.3443],"tipVelocity":[56.5499,50.3403,-140.262],"tool":false,"touchDistance":0.333333,"touchZone":"none","type":4,"width":16.0532}],"r":[[0.915951,-0.391566,0.0878026],[0.348584,0.884768,0.309314],[-0.198802,-0.25271,0.946898]],"s":1.03252,"t":[6.94974,7.43088,-82.527],"timestamp":522763556877},false],[5,{"currentFrameRate":110.007,"devices":[],"gestures":[],"hands":[{"armBasis":[[0.945935,-0.310115,-0.0950541],[0.321573,0.934949,0.149871],[0.0423937,-0.172335,0.984126]],"armWidth":63.703,"confidence":0.693655,"direction":[0.288653,0.191201,-0.938148],"elbow":[28.5487,276.512,353.048],"grabStrength":0,"id":588,"palmNormal":[-0.28623,-0.917812,-0.275125],"palmPosition":[24.4897,332.04,33.9686],"palmVelocity":[34.8457,49.8538,-194.3],"palmWidth":90.9658,"pinchStrength":0.845596,"r":[[0.918218,-0.385747,0.089863],[0.343007,0.887899,0.306565],[-0.198046,-0.25067,0.947598]],"s":1.03597,"sphereCenter":[15.3592,298.635,4.78109],"sphereRadius":43.5978,"stabilizedPalmPosition":[10.1674,320.718,70.9138],"t":[7.26172,7.94673,-84.6097],"timeVisible":6.76972,"type":"right","wrist":[17.1054,323.03,87.4052]}],"id":4201664,"interactionBox":{"center":[0,200,0],"size":[235.247,235.247,147.751]},"pointables":[{"bases":[[[0.679986,0.718215,0.1476],[-0.719943,0.61586,0.319996],[0.138925,-0.323857,0.935851]],[[0.575289,0.787464,-0.221229],[-0.817879,0.550237,-0.168265],[-0.0107742,0.277739,0.960596]],[[0.575289,0.787464,-0.221229],[-0.801727,0.489262,-0.343303],[-0.1621,0.374863,0.912798]],[[0.575289,0.787464,-0.221229],[-0.712633,0.349776,-0.608121],[-0.401493,0.5075,0.762395]]],"btipPosition":[2.44508,283.871,-15.2368],"carpPosition":[-13.0119,322.383,81.6532],"dipPosition":[-6.9488,295.745,2.60124],"direction":[0.1621,-0.374863,-0.912798],"extended":false,"handId":588,"id":5880,"length":52.1025,"mcpPosition":[-13.0119,322.383,81.6532],"pipPosition":[-12.4742,308.523,33.7154],"stabilizedTipPosition":[-18.5484,276.103,32.1773],"timeVisible":6.76972,"tipPosition":[0.754959,285.925,-10.5943],"tipVelocity":[67.2164,28.2194,-182.841],"tool":false,"touchDistance":-0.476252,"touchZone":"touching","type":0,"width":20.2446},{"bases":[[[0.949143,-0.310899,0.0497009],[0.302518,0.944284,0.129656],[-0.0872416,-0.108026,0.990313]],[[0.924619,-0.323766,0.200635],[0.329861,0.944024,0.00322844],[-0.190449,0.0631965,0.979661]],[[0.924619,-0.323766,0.200635],[0.362753,0.909135,-0.204654],[-0.116144,0.262008,0.958051]],[[0.924619,-0.323766,0.200635],[0.376845,0.85418,-0.35828],[-0.0553793,0.406881,0.911801]]],"btipPosition":[21.3872,331.514,-74.9493],"carpPosition":[3.03817,339.564,78.6904],"dipPosition":[20.4413,338.464,-59.3748],"direction":[0.116144,-0.262008,-0.958051],"extended":true,"handId":588,"id":5881,"length":58.7918,"mcpPosition":[9.45479,347.51,5.85287],"pipPosition":[17.6348,344.795,-36.2245],"stabilizedTipPosition":[9.89887,323.463,-43.519],"timeVisible":6.76972,"tipPosition":[21.0841,331.824,-71.0346],"tipVelocity":[44.715,9.74071,-197.438],"tool":false,"touchDistance":0.0591331,"touchZone":"hovering","type":1,"width":19.3376},{"bases":[[[0.863058,-0.479027,0.160203],[0.456638,0.875528,0.157902],[-0.215901,-0.0631242,0.974373]],[[0.858485,-0.480212,0.18],[0.385075,0.37179,-0.844683],[0.338705,0.794461,0.504094]],[[0.858485,-0.480212,0.18],[-0.197932,-0.634048,-0.747533],[0.473103,0.606118,-0.639371]],[[0.858485,-0.480212,0.18],[-0.433242,-0.866913,-0.246503],[0.274418,0.133636,-0.95228]]],"btipPosition":[-4.70497,283.827,22.7471],"carpPosition":[15.1627,337.449,78.933],"dipPosition":[0.450522,286.337,4.85661],"direction":[-0.473103,-0.606118,0.639371],"extended":false,"handId":588,"id":5882,"length":66.9886,"mcpPosition":[30.2216,341.852,10.9711],"pipPosition":[13.9003,303.569,-13.3199],"stabilizedTipPosition":[-16.8312,279.095,44.3097],"timeVisible":6.76972,"tipPosition":[-3.43553,284.523,18.7301],"tipVelocity":[64.0782,25.3314,-139.402],"tool":false,"touchDistance":0.333333,"touchZone":"none","type":2,"width":18.9921},{"bases":[[[0.784984,-0.547724,0.289481],[0.510017,0.836608,0.199925],[-0.351686,-0.00929735,0.936072]],[[0.769159,-0.547618,0.329407],[0.517498,0.231298,-0.82383],[0.374953,0.804124,0.461297]],[[0.769159,-0.547618,0.329407],[-0.190053,-0.68815,-0.700235],[0.610143,0.475988,-0.633373]],[[0.769159,-0.547618,0.329407],[-0.494957,-0.836541,-0.234981],[0.404242,0.017696,-0.914481]]],"btipPosition":[7.12558,283.585,35.6316],"carpPosition":[26.2986,332.434,80.2339],"dipPosition":[14.6764,283.916,18.55],"direction":[-0.610143,-0.475988,0.633373],"extended":false,"handId":588,"id":5883,"length":64.4113,"mcpPosition":[48.3224,333.017,21.614],"pipPosition":[31.5741,297.098,1.00896],"stabilizedTipPosition":[-1.95385,277.651,50.8407],"timeVisible":6.76972,"tipPosition":[9.12157,283.669,31.4001],"tipVelocity":[54.2618,49.8742,-123.518],"tool":false,"touchDistance":0.333333,"touchZone":"none","type":3,"width":18.0722},{"bases":[[[0.643871,-0.675771,0.358836],[0.592815,0.737102,0.324425],[-0.483736,0.00383538,0.875206]],[[0.657113,-0.675615,0.334286],[0.606057,0.209836,-0.767245],[0.448217,0.706763,0.547347]],[[0.657113,-0.675615,0.334286],[-0.230841,-0.602529,-0.763984],[0.717576,0.424857,-0.551889]],[[0.657113,-0.675615,0.334286],[-0.583724,-0.736675,-0.341432],[0.476937,0.0292287,-0.878451]]],"btipPosition":[24.2871,286.978,38.7147],"carpPosition":[34.3393,320.995,82.8696],"dipPosition":[32.5058,287.482,23.577],"direction":[-0.717576,-0.424857,0.551889],"extended":false,"handId":588,"id":5884,"length":50.4973,"mcpPosition":[62.3813,320.773,32.1342],"pipPosition":[46.537,295.789,12.7856],"stabilizedTipPosition":[14.5699,278.851,59.3003],"timeVisible":6.76972,"tipPosition":[26.5298,287.018,35.4557],"tipVelocity":[55.484,60.6073,-152.217],"tool":false,"touchDistance":0.333333,"touchZone":"none","type":4,"width":16.0532}],"r":[[0.918218,-0.385747,0.089863],[0.343007,0.887899,0.306565],[-0.198046,-0.25067,0.947598]],"s":1.03597,"t":[7.26172,7.94673,-84.6097],"timestamp":522763565839},false],[6,{"currentFrameRate":110.029,"devices":[],"gestures":[],"hands":[{"armBasis":[[0.946984,-0.305295,-0.100081],[0.317584,0.936631,0.147859],[0.0485982,-0.171804,0.983932]],"armWidth":63.703,"confidence":0.702337,"direction":[0.287763,0.189794,-0.938707],"elbow":[30.5068,277.05,351.759],"grabStrength":0,"id":588,"palmNormal":[-0.282482,-0.919738,-0.272554],"palmPosition":[24.7301,332.317,32.7058],"palmVelocity":[32.5615,44.5387,-179.192],"palmWidth":90.9658,"pinchStrength":0.830831,"r":[[0.92032,-0.380269,0.0916881],[0.337808,0.890819,0.303855],[-0.197224,-0.248671,0.948296]],"s":1.03978,"sphereCenter":[15.6578,298.927,3.62042],"sphereRadius":43.6212,"stabilizedPalmPosition":[10.1973,320.742,70.8355],"t":[7.53791,8.34307,-86.2824],"timeVisible":6.77877,"type":"right","wrist":[17.3888,323.424,86.1679]}],"id":4201665,"interactionBox":{"center":[0,200,0],"size":[235.247,235.247,147.751]},"pointables":[{"bases":[[[0.677042,0.721411,0.145535],[-0.722436,0.613776,0.31838],[0.140357,-0.320696,0.936725]],[[0.572107,0.789205,-0.22327],[-0.820103,0.546736,-0.168853],[-0.01119,0.279706,0.960021]],[[0.572107,0.789205,-0.22327],[-0.803611,0.48494,-0.345027],[-0.164024,0.376814,0.911651]],[[0.572107,0.789205,-0.22327],[-0.713777,0.344995,-0.609509],[-0.404001,0.508069,0.76069]]],"btipPosition":[2.8757,283.947,-16.3609],"carpPosition":[-12.7263,322.637,80.4214],"dipPosition":[-6.57684,295.835,1.43722],"direction":[0.164024,-0.376814,-0.911651],"extended":false,"handId":588,"id":5880,"length":52.1025,"mcpPosition":[-12.7263,322.637,80.4214],"pipPosition":[-12.1679,308.679,32.5122],"stabilizedTipPosition":[-18.4834,276.139,32.0272],"timeVisible":6.77877,"tipPosition":[1.16578,286.014,-11.7387],"tipVelocity":[61.3887,22.8601,-166.947],"tool":false,"touchDistance":-0.47396,"touchZone":"touching","type":0,"width":20.2446},{"bases":[[[0.950419,-0.306854,0.0504463],[0.298645,0.945875,0.127011],[-0.0866896,-0.105648,0.990618]],[[0.926068,-0.319379,0.200984],[0.325741,0.945458,0.00149761],[-0.1905,0.0640819,0.979593]],[[0.926068,-0.319379,0.200984],[0.35875,0.910322,-0.206428],[-0.117031,0.263269,0.957597]],[[0.926068,-0.319379,0.200984],[0.373048,0.855091,-0.360076],[-0.0568586,0.408432,0.911016]]],"btipPosition":[21.61,331.556,-76.2257],"carpPosition":[3.25265,339.876,77.4091],"dipPosition":[20.6388,338.533,-60.6646],"direction":[0.117031,-0.263269,-0.957597],"extended":true,"handId":588,"id":5881,"length":58.7918,"mcpPosition":[9.62867,347.647,4.54921],"pipPosition":[17.8108,344.894,-37.5253],"stabilizedTipPosition":[9.99006,323.54,-43.7502],"timeVisible":6.77877,"tipPosition":[21.3122,331.895,-72.3179],"tipVelocity":[38.9925,8.5225,-181.972],"tool":false,"touchDistance":0.0378086,"touchZone":"hovering","type":1,"width":19.3376},{"bases":[[[0.865038,-0.475028,0.161422],[0.45305,0.877831,0.155429],[-0.215535,-0.0613194,0.974569]],[[0.860428,-0.476188,0.181409],[0.380366,0.363279,-0.8505],[0.339096,0.800795,0.493701]],[[0.860428,-0.476188,0.181409],[-0.199595,-0.642498,-0.739836],[0.468856,0.600367,-0.647868]],[[0.860428,-0.476188,0.181409],[-0.431266,-0.870125,-0.238519],[0.271428,0.126993,-0.954044]]],"btipPosition":[-4.34937,284.047,22.2321],"carpPosition":[15.3858,337.812,77.6562],"dipPosition":[0.749957,286.432,4.30847],"direction":[-0.468856,-0.600367,0.647868],"extended":false,"handId":588,"id":5882,"length":66.9886,"mcpPosition":[30.4192,342.089,9.6806],"pipPosition":[14.079,303.5,-14.1097],"stabilizedTipPosition":[-16.7595,279.124,44.1722],"timeVisible":6.77877,"tipPosition":[-3.06641,284.684,17.983],"tipVelocity":[56.8467,24.1673,-116.876],"tool":false,"touchDistance":0.333333,"touchZone":"none","type":2,"width":18.9921},{"bases":[[[0.787261,-0.543688,0.290899],[0.506593,0.839247,0.197552],[-0.351544,-0.00815755,0.936136]],[[0.771263,-0.54353,0.331253],[0.514528,0.226002,-0.827154],[0.374719,0.808392,0.453969]],[[0.771263,-0.54353,0.331253],[-0.190516,-0.693681,-0.69463],[0.607336,0.472633,-0.638561]],[[0.771263,-0.54353,0.331253],[-0.49293,-0.839278,-0.229417],[0.402709,0.0136558,-0.915226]]],"btipPosition":[7.47725,283.904,34.8482],"carpPosition":[26.5424,332.846,78.9696],"dipPosition":[14.9994,284.159,17.7527],"direction":[-0.607336,-0.472633,0.638561],"extended":false,"handId":588,"id":5883,"length":64.4113,"mcpPosition":[48.5572,333.357,20.3457],"pipPosition":[31.8194,297.248,0.0679632],"stabilizedTipPosition":[-1.7127,277.787,50.4102],"timeVisible":6.77877,"tipPosition":[9.47702,283.939,30.5202],"tipVelocity":[49.8115,45.2932,-113.42],"tool":false,"touchDistance":0.333333,"touchZone":"none","type":3,"width":18.0722},{"bases":[[[0.646684,-0.672123,0.360625],[0.589813,0.740428,0.322317],[-0.483653,0.00426373,0.875249]],[[0.657521,-0.672046,0.340617],[0.601544,0.196044,-0.77441],[0.453663,0.714088,0.533168]],[[0.657521,-0.672046,0.340617],[-0.237053,-0.613653,-0.75315],[0.715172,0.414468,-0.562801]],[[0.657521,-0.672046,0.340617],[-0.585187,-0.740284,-0.330962],[0.474575,0.0182899,-0.880025]]],"btipPosition":[24.4685,287.538,38.2201],"carpPosition":[34.6303,321.448,81.6359],"dipPosition":[32.6465,287.854,23.0553],"direction":[-0.715172,-0.414468,0.562801],"extended":false,"handId":588,"id":5884,"length":50.4973,"mcpPosition":[62.6676,321.201,30.898],"pipPosition":[46.6307,295.958,12.0506],"stabilizedTipPosition":[14.6617,278.919,59.1089],"timeVisible":6.77877,"tipPosition":[26.7522,287.48,34.704],"tipVelocity":[45.4221,59.6494,-125.489],"tool":false,"touchDistance":0.333333,"touchZone":"none","type":4,"width":16.0532}],"r":[[0.92032,-0.380269,0.0916881],[0.337808,0.890819,0.303855],[-0.197224,-0.248671,0.948296]],"s":1.03978,"t":[7.53791,8.34307,-86.2824],"timestamp":522763574889},false],[7,{"currentFrameRate":110.058,"devices":[],"gestures":[],"hands":[{"armBasis":[[0.948253,-0.30058,-0.102312],[0.313322,0.938016,0.148172],[0.0514326,-0.172561,0.983655]],"armWidth"