{"sensorType":"Leap","data":[[0,{"currentFrameRate":110.352,"devices":[],"gestures":[],"hands":[{"armBasis":[[0.854343,-0.517248,-0.0505245],[0.519015,0.854184,0.0315197],[0.0268537,-0.0531516,0.998225]],"armWidth":63.703,"confidence":0.715379,"direction":[0.256432,0.0953308,-0.96185],"elbow":[40.6808,311.67,366.361],"grabStrength":0,"id":601,"palmNormal":[-0.479993,-0.851189,-0.212331],"palmPosition":[38.8094,331.42,42.7542],"palmVelocity":[9.28622,36.4712,-107.001],"palmWidth":90.9658,"pinchStrength":1,"r":[[0.894661,0.437549,-0.0901782],[-0.44231,0.895919,-0.0411216],[0.0627997,0.0766766,0.995076]],"s":0.793784,"sphereCenter":[18.357,298.813,14.4349],"sphereRadius":43.2876,"stabilizedPalmPosition":[-8.76522,335.764,130.739],"t":[64.6837,-14.3622,-104.37],"timeVisible":0.79549,"type":"right","wrist":[33.4322,326.017,96.9119]}],"id":4206490,"interactionBox":{"center":[0,200,0],"size":[235.247,235.247,147.751]},"pointables":[{"bases":[[[0.816951,0.572239,0.0716455],[-0.560605,0.758837,0.331495],[0.135327,-0.31098,0.940733]],[[0.718689,0.644716,-0.260439],[-0.69441,0.684771,-0.221096],[0.0357966,0.339751,0.939834]],[[0.718689,0.644716,-0.260439],[-0.693482,0.637292,-0.336068],[-0.0506927,0.422138,0.905113]],[[0.718689,0.644716,-0.260439],[-0.664483,0.526481,-0.530358],[-0.204814,0.554219,0.806779]]],"btipPosition":[8.19536,286.899,-3.63727],"carpPosition":[3.46172,331.21,92.9931],"dipPosition":[3.40325,299.866,15.2392],"direction":[0.0506927,-0.422138,-0.905113],"extended":false,"handId":601,"id":6010,"length":52.1025,"mcpPosition":[3.46172,331.21,92.9931],"pipPosition":[1.67532,314.255,46.0914],"stabilizedTipPosition":[-5.93904,289.94,29.4208],"timeVisible":0.79549,"tipPosition":[7.09652,289.16,1.40539],"tipVelocity":[13.8704,36.4298,-107.911],"tool":false,"touchDistance":-0.442811,"touchZone":"touching","type":0,"width":20.2446},{"bases":[[[0.870103,-0.492796,0.00856873],[0.491286,0.868567,0.0650292],[-0.0394887,-0.0523724,0.997847]],[[0.84951,-0.49431,0.184363],[0.519932,0.843681,-0.133691],[-0.0894591,0.209428,0.973723]],[[0.84951,-0.49431,0.184363],[0.527239,0.807867,-0.263383],[-0.018748,0.32095,0.94691]],[[0.84951,-0.49431,0.184363],[0.526447,0.771441,-0.357397],[0.0344393,0.40067,0.915575]]],"btipPosition":[28.9641,324.965,-65.4887],"carpPosition":[22.3526,344.708,88.2453],"dipPosition":[29.5523,331.809,-49.8497],"direction":[0.018748,-0.32095,-0.94691],"extended":true,"handId":601,"id":6011,"length":58.7918,"mcpPosition":[25.257,348.56,14.8537],"pipPosition":[29.0993,339.564,-26.9686],"stabilizedTipPosition":[-6.28493,336.622,15.6627],"timeVisible":0.79549,"tipPosition":[28.4769,325.438,-61.4726],"tipVelocity":[5.69924,51.6407,-114.565],"tool":false,"touchDistance":-0.46311,"touchZone":"touching","type":1,"width":19.3376},{"bases":[[[0.760181,-0.636142,0.13209],[0.630328,0.771389,0.0874334],[-0.157513,0.0167951,0.987374]],[[0.755602,-0.635447,0.158972],[0.522899,0.43898,-0.730667],[0.394515,0.635219,0.663969]],[[0.755602,-0.635447,0.158972],[-0.241103,-0.495462,-0.834498],[0.609044,0.59222,-0.52758]],[[0.755602,-0.635447,0.158972],[-0.585559,-0.764041,-0.270853],[0.293573,0.11157,-0.949403]]],"btipPosition":[2.95367,289.502,19.8438],"carpPosition":[33.8077,340.215,87.8727],"dipPosition":[8.46904,291.598,2.00741],"direction":[-0.609044,-0.59222,0.52758],"extended":false,"handId":601,"id":6012,"length":66.9886,"mcpPosition":[44.7941,339.044,19.0039],"pipPosition":[25.7834,308.434,-12.9911],"stabilizedTipPosition":[-20.2461,296.134,73.7133],"timeVisible":0.79549,"tipPosition":[4.11796,290.271,17.4889],"tipVelocity":[28.1335,6.22627,-126.102],"tool":false,"touchDistance":0.333333,"touchZone":"none","type":2,"width":18.9921},{"bases":[[[0.679022,-0.683065,0.268981],[0.677687,0.724111,0.128078],[-0.282258,0.0953174,0.954592]],[[0.687645,-0.685748,0.238523],[0.610579,0.368426,-0.701039],[0.392858,0.627703,0.67205]],[[0.687645,-0.685748,0.238523],[-0.2218,-0.511227,-0.830332],[0.691338,0.51807,-0.503642]],[[0.687645,-0.685748,0.238523],[-0.625531,-0.726341,-0.28485],[0.368585,0.0466726,-0.928422]]],"btipPosition":[17.8915,283.895,30.2475],"carpPosition":[43.7948,333.121,88.7559],"dipPosition":[24.7763,284.767,12.9055],"direction":[-0.691338,-0.51807,0.503642],"extended":false,"handId":601,"id":6013,"length":64.4113,"mcpPosition":[61.4707,327.152,28.9763],"pipPosition":[43.9227,299.114,-1.04266],"stabilizedTipPosition":[-2.58638,287.896,76.4643],"timeVisible":0.79549,"tipPosition":[19.2777,284.52,27.8332],"tipVelocity":[37.5727,13.1501,-131.497],"tool":false,"touchDistance":0.333333,"touchZone":"none","type":3,"width":18.0722},{"bases":[[[0.52042,-0.777634,0.352773],[0.747433,0.614612,0.252185],[-0.412926,0.132432,0.901085]],[[0.546041,-0.784572,0.293745],[0.693663,0.226807,-0.68366],[0.469757,0.577066,0.668074]],[[0.546041,-0.784572,0.293745],[-0.277806,-0.500368,-0.820034],[0.790356,0.366168,-0.49118]],[[0.546041,-0.784572,0.293745],[-0.716193,-0.61908,-0.322192],[0.434634,-0.0344483,-0.899948]]],"btipPosition":[33.963,285.764,40.729],"carpPosition":[49.5756,320.406,91.4685],"dipPosition":[41.4527,285.17,25.2209],"direction":[-0.790356,-0.366168,0.49118],"extended":false,"handId":601,"id":6014,"length":50.4973,"mcpPosition":[73.5128,312.729,39.2328],"pipPosition":[56.907,292.33,15.6166],"stabilizedTipPosition":[15.1486,286.315,82.0086],"timeVisible":0.79549,"tipPosition":[35.6192,285.986,38.3908],"tipVelocity":[36.7672,25.8407,-118.56],"tool":false,"touchDistance":0.333333,"touchZone":"none","type":4,"width":16.0532}],"r":[[0.894661,0.437549,-0.0901782],[-0.44231,0.895919,-0.0411216],[0.0627997,0.0766766,0.995076]],"s":0.793784,"t":[64.6837,-14.3622,-104.37],"timestamp":522817943109},false],[1,{"currentFrameRate":110.439,"devices":[],"gestures":[],"hands":[{"armBasis":[[0.854722,-0.516547,-0.051281],[0.518324,0.854643,0.0304143],[0.0281165,-0.052576,0.998221]],"armWidth":63.703,"confidence":0.715688,"direction":[0.253016,0.0949904,-0.962787],"elbow":[41.3271,312.053,365.674],"grabStrength":0,"id":601,"palmNormal":[-0.480123,-0.851644,-0.210199],"palmPosition":[38.9225,331.623,42.0467],"palmVelocity":[10.2185,32.7375,-99.5187],"palmWidth":90.9658,"pinchStrength":1,"r":[[0.892549,0.441101,-0.0937308],[-0.446164,0.893992,-0.0414224],[0.0655231,0.0787908,0.994736]],"s":0.793759,"sphereCenter":[18.3673,299.05,13.742],"sphereRadius":43.3365,"stabilizedPalmPosition":[-8.73436,335.761,130.681],"t":[64.7661,-14.0997,-105.217],"timeVisible":0.80439,"type":"right","wrist":[33.7377,326.245,96.2257]}],"id":4206491,"interactionBox":{"center":[0,200,0],"size":[235.247,235.247,147.751]},"pointables":[{"bases":[[[0.816788,0.572858,0.0684932],[-0.559988,0.758619,0.333033],[0.13882,-0.310373,0.940424]],[[0.71774,0.644991,-0.262366],[-0.695239,0.684719,-0.21864],[0.0386267,0.339334,0.939873]],[[0.71774,0.644991,-0.262366],[-0.694592,0.636735,-0.33483],[-0.0489044,0.422558,0.905015]],[[0.71774,0.644991,-0.262366],[-0.667496,0.530054,-0.522964],[-0.198239,0.550481,0.81097]]],"btipPosition":[8.12764,287.197,-4.31859],"carpPosition":[3.75003,331.415,92.4085],"dipPosition":[3.48938,300.077,14.656],"direction":[0.0489044,-0.422558,-0.905015],"extended":false,"handId":601,"id":6010,"length":52.1025,"mcpPosition":[3.75003,331.415,92.4085],"pipPosition":[1.8224,314.481,45.5048],"stabilizedTipPosition":[-5.90904,289.941,29.3531],"timeVisible":0.80439,"tipPosition":[7.07742,289.435,0.741995],"tipVelocity":[9.10961,35.0304,-98.6931],"tool":false,"touchDistance":-0.436744,"touchZone":"touching","type":0,"width":20.2446},{"bases":[[[0.870478,-0.492174,0.0058076],[0.490891,0.868951,0.0628498],[-0.0359795,-0.0518584,0.998006]],[[0.850504,-0.493608,0.181641],[0.518441,0.844972,-0.13131],[-0.0886657,0.20585,0.974558]],[[0.850504,-0.493608,0.181641],[0.525651,0.809689,-0.26095],[-0.0182658,0.317418,0.94811]],[[0.850504,-0.493608,0.181641],[0.524817,0.773599,-0.355121],[0.0347732,0.39736,0.917004]]],"btipPosition":[28.9166,325.438,-66.2474],"carpPosition":[22.6147,344.923,87.5877],"dipPosition":[29.5106,332.226,-50.584],"direction":[0.0182658,-0.317418,-0.94811],"extended":true,"handId":601,"id":6011,"length":58.7918,"mcpPosition":[25.2609,348.737,14.1843],"pipPosition":[29.0692,339.896,-27.6739],"stabilizedTipPosition":[-6.25346,336.614,15.5929],"timeVisible":0.80439,"tipPosition":[28.417,325.884,-62.2285],"tipVelocity":[2.73901,51.6597,-106.418],"tool":false,"touchDistance":-0.456429,"touchZone":"touching","type":1,"width":19.3376},{"bases":[[[0.761089,-0.63553,0.129788],[0.63008,0.771884,0.0848226],[-0.154089,0.0172196,0.987907]],[[0.756552,-0.634814,0.156974],[0.52158,0.440994,-0.730396],[0.394441,0.634457,0.664741]],[[0.756552,-0.634814,0.156974],[-0.241153,-0.493965,-0.835371],[0.607845,0.594146,-0.526797]],[[0.756552,-0.634814,0.156974],[-0.585079,-0.764318,-0.271111],[0.292083,0.113267,-0.949662]]],"btipPosition":[3.04438,289.646,19.0569],"carpPosition":[34.0716,340.439,87.1776],"dipPosition":[8.53174,291.774,1.21563],"direction":[-0.607845,-0.594146,0.526797],"extended":false,"handId":601,"id":6012,"length":66.9886,"mcpPosition":[44.8192,339.238,18.2717],"pipPosition":[25.812,308.665,-13.7606],"stabilizedTipPosition":[-20.2392,296.132,73.6967],"timeVisible":0.80439,"tipPosition":[4.2034,290.409,16.6622],"tipVelocity":[23.0567,9.15426,-115.886],"tool":false,"touchDistance":0.333333,"touchZone":"none","type":2,"width":18.9921},{"bases":[[[0.68044,-0.682437,0.266986],[0.677613,0.724661,0.125328],[-0.279003,0.0956355,0.955516]],[[0.689248,-0.685213,0.235414],[0.611223,0.375448,-0.696739],[0.389029,0.624117,0.677595]],[[0.689248,-0.685213,0.235414],[-0.216191,-0.504625,-0.835832],[0.691519,0.525201,-0.495949]],[[0.689248,-0.685213,0.235414],[-0.622218,-0.726269,-0.292195],[0.37119,0.0549161,-0.926932]]],"btipPosition":[18.077,283.914,28.975],"carpPosition":[44.0668,333.352,88.0299],"dipPosition":[25.0105,284.94,11.6608],"direction":[-0.691519,-0.525201,0.495949],"extended":false,"handId":601,"id":6013,"length":64.4113,"mcpPosition":[61.5389,327.363,28.1923],"pipPosition":[44.1618,299.486,-2.07427],"stabilizedTipPosition":[-2.56756,287.893,76.4208],"timeVisible":0.80439,"tipPosition":[19.4718,284.577,26.6022],"tipVelocity":[33.3635,11.259,-134.424],"tool":false,"touchDistance":0.333333,"touchZone":"none","type":3,"width":18.0722},{"bases":[[[0.522197,-0.777073,0.35138],[0.747868,0.615279,0.24925],[-0.409882,0.132628,0.902445]],[[0.548461,-0.784207,0.290189],[0.691759,0.230575,-0.684327],[0.469744,0.576068,0.668944]],[[0.548461,-0.784207,0.290189],[-0.277307,-0.497988,-0.82165],[0.788855,0.370171,-0.490593]],[[0.548461,-0.784207,0.290189],[-0.715117,-0.619763,-0.323267],[0.433357,-0.0302201,-0.900716]]],"btipPosition":[34.1288,285.873,39.8819],"carpPosition":[49.866,320.643,90.7292],"dipPosition":[41.5965,285.352,24.3606],"direction":[-0.788855,-0.370171,0.490593],"extended":false,"handId":601,"id":6014,"length":50.4973,"mcpPosition":[73.6268,312.954,38.4147],"pipPosition":[57.0214,292.591,14.7677],"stabilizedTipPosition":[15.1725,286.314,81.9557],"timeVisible":0.80439,"tipPosition":[35.7758,286.12,37.531],"tipVelocity":[31.6794,22.6646,-112.294],"tool":false,"touchDistance":0.333333,"touchZone":"none","type":4,"width":16.0532}],"r":[[0.892549,0.441101,-0.0937308],[-0.446164,0.893992,-0.0414224],[0.0655231,0.0787908,0.994736]],"s":0.793759,"t":[64.7661,-14.0997,-105.217],"timestamp":522817952009},false],[2,{"currentFrameRate":105.657,"devices":[],"gestures":[],"hands":[{"armBasis":[[0.856788,-0.513051,-0.0518865],[0.514959,0.856543,0.033936],[0.0270321,-0.0557954,0.998076]],"armWidth":63.703,"confidence":0.731412,"direction":[0.247818,0.0940004,-0.964235],"elbow":[41.2308,311.9,364.41],"grabStrength":0,"id":601,"palmNormal":[-0.478915,-0.853284,-0.20627],"palmPosition":[38.8265,332.259,40.7873],"palmVelocity":[2.8309,33.8601,-85.2426],"palmWidth":90.9658,"pinchStrength":1,"r":[[0.890505,0.444373,-0.0976407],[-0.449762,0.892184,-0.0414989],[0.0686724,0.08087,0.994356]],"s":0.793268,"sphereCenter":[18.1204,299.738,12.5136],"sphereRadius":43.4112,"stabilizedPalmPosition":[-8.67732,335.757,130.573],"t":[64.7592,-13.6506,-106.27],"timeVisible":0.822505,"type":"right","wrist":[33.934,326.96,95.0014]}],"id":4206492,"interactionBox":{"center":[0,200,0],"size":[235.247,235.247,147.751]},"pointables":[{"bases":[[[0.815593,0.575152,0.0633153],[-0.5603,0.757697,0.334603],[0.144473,-0.308375,0.94023]],[[0.714915,0.646393,-0.266595],[-0.697935,0.682734,-0.216244],[0.0422353,0.340662,0.939237]],[[0.714915,0.646393,-0.266595],[-0.69767,0.634148,-0.333336],[-0.0464048,0.424302,0.904331]],[[0.714915,0.646393,-0.266595],[-0.672346,0.530843,-0.515903],[-0.191955,0.548071,0.814108]]],"btipPosition":[7.87878,287.757,-5.41609],"carpPosition":[3.91348,332.044,91.3293],"dipPosition":[3.38754,300.58,13.6319],"direction":[0.0464048,-0.424302,-0.904331],"extended":false,"handId":601,"id":6010,"length":52.1025,"mcpPosition":[3.91348,332.044,91.3293],"pipPosition":[1.80576,315.043,44.4574],"stabilizedTipPosition":[-5.86066,289.944,29.2378],"timeVisible":0.822505,"tipPosition":[6.8723,289.996,-0.350307],"tipVelocity":[-0.875542,32.7219,-80.113],"tool":false,"touchDistance":-0.437613,"touchZone":"touching","type":0,"width":20.2446},{"bases":[[[0.87181,-0.48984,0.00218138],[0.48888,0.870364,0.0588379],[-0.0307197,-0.050229,0.998265]],[[0.8527,-0.491015,0.178345],[0.514887,0.847636,-0.12808],[-0.0882821,0.201041,0.975597]],[[0.8527,-0.491015,0.178345],[0.522073,0.813055,-0.257647],[-0.0184955,0.312804,0.949637]],[[0.8527,-0.491015,0.178345],[0.521278,0.777378,-0.352068],[0.0342295,0.393176,0.918826]]],"btipPosition":[28.6304,326.379,-67.5782],"carpPosition":[22.7169,345.594,86.3885],"dipPosition":[29.2151,333.095,-51.8837],"direction":[0.0184955,-0.312804,-0.949637],"extended":true,"handId":601,"id":6011,"length":58.7918,"mcpPosition":[24.9763,349.288,12.9661],"pipPosition":[28.7681,340.653,-28.9367],"stabilizedTipPosition":[-6.16541,336.592,15.3929],"timeVisible":0.822505,"tipPosition":[28.0986,326.781,-63.5531],"tipVelocity":[-6.14089,51.3531,-90.5467],"tool":false,"touchDistance":-0.458974,"touchZone":"touching","type":1,"width":19.3376},{"bases":[[[0.763442,-0.633273,0.126968],[0.628439,0.773707,0.080262],[-0.149064,0.0185162,0.988654]],[[0.759006,-0.632514,0.15439],[0.519133,0.444807,-0.729827],[0.392952,0.634092,0.66597]],[[0.759006,-0.632514,0.15439],[-0.240146,-0.492376,-0.836598],[0.605178,0.597906,-0.525612]],[[0.759006,-0.632514,0.15439],[-0.58308,-0.765854,-0.271082],[0.289704,0.115731,-0.950094]]],"btipPosition":[2.99811,290.121,17.6697],"carpPosition":[34.1835,341.14,85.9273],"dipPosition":[8.44077,292.295,-0.17966],"direction":[-0.605178,-0.597906,0.525612],"extended":false,"handId":601,"id":6012,"length":66.9886,"mcpPosition":[44.5806,339.848,16.9693],"pipPosition":[25.6453,309.293,-15.1222],"stabilizedTipPosition":[-20.2305,296.13,73.6753],"timeVisible":0.822505,"tipPosition":[4.1428,290.875,15.2337],"tipVelocity":[10.5979,17.5504,-97.2266],"tool":false,"touchDistance":0.333333,"touchZone":"none","type":2,"width":18.9921},{"bases":[[[0.683624,-0.680157,0.264659],[0.676306,0.726681,0.120603],[-0.274352,0.0965426,0.956771]],[[0.692649,-0.683073,0.231621],[0.610848,0.384776,-0.691963],[0.383539,0.620773,0.683768]],[[0.692649,-0.683073,0.231621],[-0.20936,-0.497704,-0.8417],[0.690222,0.534511,-0.487742]],[[0.692649,-0.683073,0.231621],[-0.617417,-0.727521,-0.299182],[0.372873,0.0642213,-0.925657]]],"btipPosition":[18.1706,284.304,27.0801],"carpPosition":[44.2019,334.081,86.7405],"dipPosition":[25.1355,285.504,9.78977],"direction":[-0.690222,-0.534511,0.487742],"extended":false,"handId":601,"id":6013,"length":64.4113,"mcpPosition":[61.3827,328.036,26.8243],"pipPosition":[44.2509,300.307,-3.71806],"stabilizedTipPosition":[-2.54528,287.889,76.3676],"timeVisible":0.822505,"tipPosition":[19.5622,284.994,24.7385],"tipVelocity":[20.1334,17.1947,-120.087],"tool":false,"touchDistance":0.333333,"touchZone":"none","type":3,"width":18.0722},{"bases":[[[0.526071,-0.775069,0.350026],[0.747488,0.617701,0.244351],[-0.4056,0.133094,0.904309]],[[0.553729,-0.782602,0.284462],[0.691039,0.241281,-0.681358],[0.464597,0.573862,0.674413]],[[0.553729,-0.782602,0.284462],[-0.270475,-0.492132,-0.827435],[0.787545,0.381234,-0.484182]],[[0.553729,-0.782602,0.284462],[-0.710199,-0.622212,-0.329348],[0.434744,-0.0196551,-0.900339]]],"btipPosition":[34.2471,286.275,38.1512],"carpPosition":[50.0489,321.392,89.4318],"dipPosition":[41.7387,285.936,22.6364],"direction":[-0.787545,-0.381234,0.484182],"extended":false,"handId":601,"id":6014,"length":50.4973,"mcpPosition":[73.5614,313.677,37.0092],"pipPosition":[57.138,293.391,13.1689],"stabilizedTipPosition":[15.2048,286.314,81.8822],"timeVisible":0.822505,"tipPosition":[35.8727,286.591,35.845],"tipVelocity":[19.8548,23.5329,-104.281],"tool":false,"touchDistance":0.333333,"touchZone":"none","type":4,"width":16.0532}],"r":[[0.890505,0.444373,-0.0976407],[-0.449762,0.892184,-0.0414989],[0.0686724,0.08087,0.994356]],"s":0.793268,"t":[64.7592,-13.6506,-106.27],"timestamp":522817970124},false],[3,{"currentFrameRate":105.77,"devices":[],"gestures":[],"hands":[{"armBasis":[[0.854806,-0.516279,-0.0525554],[0.518242,0.854533,0.0346089],[0.0270425,-0.0568204,0.998018]],"armWidth":63.703,"confidence":0.742166,"direction":[0.246907,0.0895263,-0.964895],"elbow":[41.2911,312.146,363.751],"grabStrength":0,"id":601,"palmNormal":[-0.483126,-0.851774,-0.202658],"palmPosition":[38.8329,332.572,40.1192],"palmVelocity":[2.2322,33.8647,-81.5942],"palmWidth":90.9658,"pinchStrength":1,"r":[[0.889234,0.446092,-0.10132],[-0.451826,0.891115,-0.0420412],[0.0715334,0.0831634,0.993965]],"s":0.792993,"sphereCenter":[17.8183,300.22,11.9108],"sphereRadius":43.4433,"stabilizedPalmPosition":[-8.64882,335.755,130.519],"t":[64.759,-13.2694,-107.131],"timeVisible":0.831751,"type":"right","wrist":[33.9916,327.484,94.358]}],"id":4206493,"interactionBox":{"center":[0,200,0],"size":[235.247,235.247,147.751]},"pointables":[{"bases":[[[0.818321,0.5716,0.0602037],[-0.556338,0.761424,0.332749],[0.144359,-0.305789,0.941092]],[[0.71771,0.642123,-0.269389],[-0.694914,0.685239,-0.218041],[0.0445864,0.343692,0.938023]],[[0.71771,0.642123,-0.269389],[-0.694954,0.63609,-0.335304],[-0.0439513,0.427864,0.902774]],[[0.71771,0.642123,-0.269389],[-0.670809,0.533758,-0.514896],[-0.186838,0.550254,0.813825]]],"btipPosition":[7.63428,288.082,-5.91553],"carpPosition":[3.98966,332.693,90.7096],"dipPosition":[3.26275,300.957,13.1258],"direction":[0.0439513,-0.427864,-0.902774],"extended":false,"handId":601,"id":6010,"length":52.1025,"mcpPosition":[3.98966,332.693,90.7096],"pipPosition":[1.76461,315.541,43.8982],"stabilizedTipPosition":[-5.83692,289.946,29.1793],"timeVisible":0.831751,"tipPosition":[6.64259,290.344,-0.855925],"tipVelocity":[-7.22168,33.7618,-72.8284],"tool":false,"touchDistance":-0.429699,"touchZone":"touching","type":0,"width":20.2446},{"bases":[[[0.869547,-0.493844,0.0026775],[0.492965,0.868299,0.055154],[-0.0295624,-0.0466391,0.998474]],[[0.850675,-0.494322,0.178879],[0.518243,0.845657,-0.127627],[-0.088181,0.201272,0.975558]],[[0.850675,-0.494322,0.178879],[0.525383,0.811112,-0.257042],[-0.0180289,0.312639,0.949701]],[[0.850675,-0.494322,0.178879],[0.524522,0.77545,-0.351503],[0.0350441,0.39284,0.918939]]],"btipPosition":[28.6472,326.659,-68.2877],"carpPosition":[22.8484,346.139,85.6962],"dipPosition":[29.2458,333.37,-52.5913],"direction":[0.0180289,-0.312639,-0.949701],"extended":true,"handId":601,"id":6011,"length":58.7918,"mcpPosition":[25.0227,349.569,12.2584],"pipPosition":[28.8102,340.924,-29.6428],"stabilizedTipPosition":[-6.1176,336.581,15.2834],"timeVisible":0.831751,"tipPosition":[28.0968,327.045,-64.2589],"tipVelocity":[-3.80691,45.4103,-86.6553],"tool":false,"touchDistance":-0.452047,"touchZone":"touching","type":1,"width":19.3376},{"bases":[[[0.760693,-0.636344,0.128108],[0.632107,0.771074,0.0767206],[-0.147602,0.0226174,0.988788]],[[0.756278,-0.635465,0.155654],[0.520638,0.440472,-0.731382],[0.396207,0.634168,0.663967]],[[0.756278,-0.635465,0.155654],[-0.243102,-0.493822,-0.83489],[0.607409,0.593569,-0.527949]],[[0.756278,-0.635465,0.155654],[-0.58693,-0.764093,-0.267722],[0.289062,0.111114,-0.95084]]],"btipPosition":[2.79812,290.532,17.1447],"carpPosition":[34.2937,341.63,85.2346],"dipPosition":[8.22873,292.619,-0.718736],"direction":[-0.607409,-0.593569,0.527949],"extended":false,"handId":601,"id":6012,"length":66.9886,"mcpPosition":[44.5889,340.052,16.2672],"pipPosition":[25.4967,309.493,-15.7277],"stabilizedTipPosition":[-20.2265,296.129,73.6653],"timeVisible":0.831751,"tipPosition":[3.93931,291.259,14.6717],"tipVelocity":[1.46027,24.4917,-85.9644],"tool":false,"touchDistance":0.333333,"touchZone":"none","type":2,"width":18.9921},{"bases":[[[0.680852,-0.682384,0.26607],[0.679812,0.723967,0.117159],[-0.272573,0.10111,0.956807]],[[0.689913,-0.685486,0.232658],[0.612334,0.381207,-0.692624],[0.386093,0.620315,0.682746]],[[0.689913,-0.685486,0.232658],[-0.211102,-0.497947,-0.841121],[0.692428,0.531186,-0.488247]],[[0.689913,-0.685486,0.232658],[-0.620383,-0.725509,-0.29793],[0.373022,0.0612088,-0.925801]]],"btipPosition":[17.9599,284.634,26.4581],"carpPosition":[44.2806,334.528,86.0584],"dipPosition":[24.9276,285.778,9.16506],"direction":[-0.692428,-0.531186,0.488247],"extended":false,"handId":601,"id":6013,"length":64.4113,"mcpPosition":[61.35,328.197,26.1399],"pipPosition":[44.1042,300.489,-4.35676],"stabilizedTipPosition":[-2.53662,287.888,76.3465],"timeVisible":0.831751,"tipPosition":[19.3579,285.305,24.0808],"tipVelocity":[8.09756,21.9935,-105.27],"tool":false,"touchDistance":0.333333,"touchZone":"none","type":3,"width":18.0722},{"bases":[[[0.522982,-0.776273,0.351982],[0.750664,0.615088,0.241184],[-0.403725,0.138085,0.9044]],[[0.551491,-0.784377,0.283919],[0.693568,0.242044,-0.678512],[0.463488,0.57111,0.677504]],[[0.551491,-0.784377,0.283919],[-0.267542,-0.488692,-0.830422],[0.790113,0.38201,-0.479363]],[[0.551491,-0.784377,0.283919],[-0.710384,-0.620022,-0.333057],[0.437278,-0.0180136,-0.899146]]],"btipPosition":[34.1076,286.469,37.2756],"carpPosition":[50.0728,321.822,88.7855],"dipPosition":[41.6429,286.159,21.7813],"direction":[-0.790113,-0.38201,0.479363],"extended":false,"handId":601,"id":6014,"length":50.4973,"mcpPosition":[73.4767,313.817,36.3577],"pipPosition":[57.0925,293.628,12.4081],"stabilizedTipPosition":[15.2175,286.314,81.8526],"timeVisible":0.831751,"tipPosition":[35.7267,286.812,35.0079],"tipVelocity":[10.3447,23.0185,-101.446],"tool":false,"touchDistance":0.333333,"touchZone":"none","type":4,"width":16.0532}],"r":[[0.889234,0.446092,-0.10132],[-0.451826,0.891115,-0.0420412],[0.0715334,0.0831634,0.993965]],"s":0.792993,"t":[64.759,-13.2694,-107.131],"timestamp":522817979370},false],[4,{"currentFrameRate":106.108,"devices":[],"gestures":[],"hands":[{"armBasis":[[0.852838,-0.519069,-0.0568761],[0.521232,0.852777,0.0329927],[0.0313771,-0.0577831,0.997836]],"armWidth":63.703,"confidence":0.744687,"direction":[0.244069,0.0869101,-0.965856],"elbow":[42.6418,312.474,363.005],"grabStrength":0,"id":601,"palmNormal":[-0.486914,-0.850348,-0.199558],"palmPosition":[38.8544,333.046,39.3979],"palmVelocity":[2.28668,39.2513,-81.6958],"palmWidth":90.9658,"pinchStrength":1,"r":[[0.888466,0.446769,-0.105004],[-0.45285,0.890574,-0.0424898],[0.0745307,0.0853018,0.993564]],"s":0.79253,"sphereCenter":[17.4865,300.909,11.2095],"sphereRadius":43.4951,"stabilizedPalmPosition":[-8.61957,335.754,130.463],"t":[64.7696,-12.8419,-107.922],"timeVisible":0.840551,"type":"right","wrist":[34.1722,328.071,93.6612]}],"id":4206494,"interactionBox":{"center":[0,200,0],"size":[235.247,235.247,147.751]},"pointables":[{"bases":[[[0.820608,0.568691,0.0565067],[-0.552443,0.764053,0.333212],[0.146321,-0.304653,0.941157]],[[0.719588,0.638914,-0.271997],[-0.692727,0.687678,-0.21732],[0.0481979,0.344801,0.937438]],[[0.719588,0.638914,-0.271997],[-0.693196,0.637869,-0.335563],[-0.0408969,0.430014,0.901895]],[[0.719588,0.638914,-0.271997],[-0.67038,0.537048,-0.512025],[-0.181064,0.550789,0.814768]]],"btipPosition":[7.40304,288.633,-6.4863],"carpPosition":[4.17787,333.384,90.1018],"dipPosition":[3.16662,301.52,12.5771],"direction":[0.0408969,-0.430014,-0.901895],"extended":false,"handId":601,"id":6010,"length":52.1025,"mcpPosition":[4.17787,333.384,90.1018],"pipPosition":[1.77258,316.177,43.3196],"stabilizedTipPosition":[-5.81129,289.949,29.1139],"timeVisible":0.840551,"tipPosition":[6.41601,290.914,-1.43735],"tipVelocity":[-11.4038,41.6086,-70.5264],"tool":false,"touchDistance":-0.423548,"touchZone":"touching","type":0,"width":20.2446},{"bases":[[[0.867731,-0.497034,0.000711035],[0.49633,0.866576,0.0519935],[-0.0264587,-0.0447634,0.998647]],[[0.849438,-0.497132,0.176961],[0.520473,0.844574,-0.125709],[-0.0869629,0.198885,0.976157]],[[0.849438,-0.497132,0.176961],[0.527438,0.810195,-0.25572],[-0.0162467,0.310554,0.950417]],[[0.849438,-0.497132,0.176961],[0.526366,0.77452,-0.350796],[0.0373317,0.391125,0.91958]]],"btipPosition":[28.5054,327.317,-69.0479],"carpPosition":[23.0693,346.752,85.0026],"dipPosition":[29.1431,333.998,-53.3405],"direction":[0.0162467,-0.310554,-0.950417],"extended":true,"handId":601,"id":6011,"length":58.7918,"mcpPosition":[25.0154,350.044,11.5522],"pipPosition":[28.7505,341.502,-30.3747],"stabilizedTipPosition":[-6.06417,336.569,15.1593],"timeVisible":0.840551,"tipPosition":[27.9492,327.688,-65.0191],"tipVelocity":[-6.84726,53.0996,-86.5057],"tool":false,"touchDistance":-0.44654,"touchZone":"touching","type":1,"width":19.3376},{"bases":[[[0.758767,-0.638911,0.126751],[0.635183,0.768877,0.0732777],[-0.144274,0.0249096,0.989224]],[[0.75438,-0.63795,0.154693],[0.522771,0.441327,-0.729343],[0.397014,0.631071,0.66643]],[[0.75438,-0.63795,0.154693],[-0.243287,-0.490585,-0.836742],[0.60969,0.593588,-0.525292]],[[0.75438,-0.63795,0.154693],[-0.589249,-0.761953,-0.268726],[0.289302,0.111569,-0.950714]]],"btipPosition":[2.66045,291.082,16.1947],"carpPosition":[34.4965,342.2,84.5117],"dipPosition":[8.09557,293.178,-1.66632],"direction":[-0.60969,-0.593588,0.525292],"extended":false,"handId":601,"id":6012,"length":66.9886,"mcpPosition":[44.5595,340.463,15.5139],"pipPosition":[25.4283,310.053,-16.5998],"stabilizedTipPosition":[-20.2223,296.129,73.6547],"timeVisible":0.840551,"tipPosition":[3.79193,291.797,13.7267],"tipVelocity":[-3.11583,34.8119,-91.8703],"tool":false,"touchDistance":0.333333,"touchZone":"none","type":2,"width":18.9921},{"bases":[[[0.679209,-0.684412,0.265055],[0.682848,0.721668,0.113643],[-0.269061,0.103805,0.957513]],[[0.6883,-0.687655,0.231026],[0.61269,0.380554,-0.692669],[0.388399,0.618311,0.683255]],[[0.6883,-0.687655,0.231026],[-0.21311,-0.496093,-0.84171],[0.693417,0.530115,-0.488007]],[[0.6883,-0.687655,0.231026],[-0.623012,-0.723493,-0.297345],[0.371617,0.0607307,-0.926398]]],"btipPosition":[17.815,285.129,25.6527],"carpPosition":[44.4598,335.064,85.3154],"dipPosition":[24.7564,286.263,8.34851],"direction":[-0.693417,-0.530115,0.488007],"extended":false,"handId":601,"id":6013,"length":64.4113,"mcpPosition":[61.3093,328.563,25.3528],"pipPosition":[43.9604,300.944,-5.16665],"stabilizedTipPosition":[-2.52938,287.887,76.3284],"timeVisible":0.840551,"tipPosition":[19.2063,285.783,23.2476],"tipVelocity":[1.29431,31.1437,-101.645],"tool":false,"touchDistance":0.333333,"touchZone":"none","type":3,"width":18.0722},{"bases":[[[0.521278,-0.777567,0.35165],[0.753705,0.612748,0.23763],[-0.400246,0.141169,0.905469]],[[0.550473,-0.786112,0.281084],[0.694743,0.244647,-0.676372],[0.462938,0.567606,0.680818]],[[0.550473,-0.786112,0.281084],[-0.265506,-0.484051,-0.833787],[0.791509,0.384348,-0.475174]],[[0.550473,-0.786112,0.281084],[-0.710561,-0.617916,-0.336577],[0.438273,-0.0144506,-0.898726]]],"btipPosition":[34.0224,286.826,36.268],"carpPosition":[50.2143,322.34,88.0462],"dipPosition":[41.5749,286.577,20.781],"direction":[-0.791509,-0.384348,0.475174],"extended":false,"handId":601,"id":6014,"length":50.4973,"mcpPosition":[73.4164,314.157,35.5564],"pipPosition":[57.0517,294.092,11.4896],"stabilizedTipPosition":[15.2273,286.315,81.8292],"timeVisible":0.840551,"tipPosition":[35.6329,287.191,34.0166],"tipVelocity":[5.07084,28.1719,-104.911],"tool":false,"touchDistance":0.333333,"touchZone":"none","type":4,"width":16.0532}],"r":[[0.888466,0.446769,-0.105004],[-0.45285,0.890574,-0.0424898],[0.0745307,0.0853018,0.993564]],"s":0.79253,"t":[64.7696,-12.8419,-107.922],"timestamp":522817988170},false],[5,{"currentFrameRate":106.324,"devices":[],"gestures":[],"hands":[{"armBasis":[[0.85224,-0.519769,-0.0593986],[0.522082,0.852254,0.0330618],[0.0334382,-0.0591876,0.997687]],"armWidth":63.703,"confidence":0.746225,"direction":[0.241489,0.0855443,-0.966626],"elbow":[43.3123,312.502,362.382],"grabStrength":0,"id":601,"palmNormal":[-0.488611,-0.849905,-0.197283],"palmPosition":[38.8237,333.388,38.797],"palmVelocity":[0.724692,38.9163,-77.5747],"palmWidth":90.9658,"pinchStrength":1,"r":[[0.887904,0.447041,-0.108542],[-0.453454,0.890252,-0.0427844],[0.0775036,0.0872074,0.993171]],"s":0.791765,"sphereCenter":[17.1888,301.409,10.6019],"sphereRadius":43.5502,"stabilizedPalmPosition":[-8.58679,335.752,130.4],"t":[64.7596,-12.4568,-108.618],"timeVisible":0.84956,"type":"right","wrist":[34.2864,328.479,93.0785]}],"id":4206495,"interactionBox":{"center":[0,200,0],"size":[235.247,235.247,147.751]},"pointables":[{"bases":[[[0.821526,0.567646,0.0536051],[-0.550484,0.765154,0.333928],[0.148537,-0.303839,0.941073]],[[0.720054,0.637573,-0.273902],[-0.69207,0.688612,-0.216453],[0.0506077,0.345418,0.937084]],[[0.720054,0.637573,-0.273902],[-0.692822,0.638364,-0.335394],[-0.0389886,0.431267,0.901382]],[[0.720054,0.637573,-0.273902],[-0.671129,0.539533,-0.508419],[-0.176375,0.549913,0.816387]]],"btipPosition":[7.21952,289.023,-6.99377],"carpPosition":[4.28937,333.828,89.597],"dipPosition":[3.09281,301.89,12.1075],"direction":[0.0389886,-0.431267,-0.901382],"extended":false,"handId":601,"id":6010,"length":52.1025,"mcpPosition":[4.28937,333.828,89.597],"pipPosition":[1.76383,316.59,42.8325],"stabilizedTipPosition":[-5.78051,289.954,29.0331],"timeVisible":0.84956,"tipPosition":[6.24258,291.311,-1.94745],"tipVelocity":[-13.0983,41.951,-66.359],"tool":false,"touchDistance":-0.417008,"touchZone":"touching","type":0,"width":20.2446},{"bases":[[[0.867061,-0.498201,-0.00117357],[0.497637,0.865962,0.0496754],[-0.0237321,-0.0436556,0.998765]],[[0.849292,-0.498093,0.174948],[0.520836,0.844663,-0.123585],[-0.0862152,0.196079,0.976791]],[[0.849292,-0.498093,0.174948],[0.527704,0.81053,-0.254106],[-0.0152322,0.308131,0.951222]],[[0.849292,-0.498093,0.174948],[0.526509,0.774908,-0.349723],[0.0386259,0.389128,0.920373]]],"btipPosition":[28.3413,327.862,-69.6887],"carpPosition":[23.1845,347.165,84.4308],"dipPosition":[29.0011,334.508,-53.9677],"direction":[0.0152322,-0.308131,-0.951222],"extended":true,"handId":601,"id":6011,"length":58.7918,"mcpPosition":[24.93,350.376,10.9717],"pipPosition":[28.633,341.954,-30.9824],"stabilizedTipPosition":[-5.99719,336.555,15.0019],"timeVisible":0.84956,"tipPosition":[27.7898,328.223,-65.6622],"tipVelocity":[-9.81722,54.8788,-82.1824],"tool":false,"touchDistance":-0.439784,"touchZone":"touching","type":1,"width":19.3376},{"bases":[[[0.758258,-0.639796,0.125323],[0.636418,0.7681,0.0706775],[-0.14148,0.0261659,0.989595]],[[0.753919,-0.63879,0.15347],[0.522524,0.441447,-0.729448],[0.398215,0.630136,0.666598]],[[0.753919,-0.63879,0.15347],[-0.244744,-0.48988,-0.836731],[0.609677,0.593266,-0.52567]],[[0.753919,-0.63879,0.15347],[-0.590651,-0.761341,-0.267378],[0.287642,0.110934,-0.951292]]],"btipPosition":[2.54684,291.458,15.5835],"carpPosition":[34.6041,342.597,83.9129],"dipPosition":[7.95076,293.542,-2.28839],"direction":[-0.609677,-0.593266,0.52567],"extended":false,"handId":601,"id":6012,"length":66.9886,"mcpPosition":[44.4722,340.772,14.8892],"pipPosition":[25.2832,310.408,-17.2326],"stabilizedTipPosition":[-20.2172,296.128,73.6415],"timeVisible":0.84956,"tipPosition":[3.6685,292.153,13.0675],"tipVelocity":[-5.94418,36.6129,-85.3438],"tool":false,"touchDistance":0.333333,"touchZone":"none","type":2,"width":18.9921},{"bases":[[[0.679026,-0.685042,0.263897],[0.684131,0.720869,0.110961],[-0.266248,0.105195,0.958147]],[[0.688283,-0.688422,0.228785],[0.614181,0.385147,-0.688799],[0.386069,0.614604,0.687905]],[[0.688283,-0.688422,0.228785],[-0.210421,-0.491268,-0.845209],[0.694255,0.533602,-0.48299]],[[0.688283,-0.688422,0.228785],[-0.622713,-0.72245,-0.300492],[0.372151,0.0643564,-0.925939]]],"btipPosition":[17.81,285.427,24.6388],"carpPosition":[44.56,335.448,84.6965],"dipPosition":[24.7614,286.63,7.34321],"direction":[-0.694255,-0.533602,0.48299],"extended":false,"handId":601,"id":6013,"length":64.4113,"mcpPosition":[61.2334,328.86,24.6941],"pipPosition":[43.9885,301.407,-6.033],"stabilizedTipPosition":[-2.52281,287.887,76.3118],"timeVisible":0.84956,"tipPosition":[19.1833,286.077,22.2547],"tipVelocity":[0.856176,32.1702,-104.579],"tool":false,"touchDistance":0.333333,"touchZone":"none","type":3,"width":18.0722},{"bases":[[[0.521212,-0.777891,0.351033],[0.755188,0.611987,0.234867],[-0.397528,0.14268,0.906429]],[[0.551142,-0.786766,0.277922],[0.697043,0.251032,-0.671651],[0.458665,0.563899,0.686764]],[[0.551142,-0.786766,0.277922],[-0.259794,-0.47832,-0.838878],[0.792937,0.390139,-0.46802]],[[0.551142,-0.786766,0.277922],[-0.708454,-0.617196,-0.342289],[0.440834,-0.00824487,-0.897551]]],"btipPosition":[34.0346,287.029,35.2208],"carpPosition":[50.305,322.72,87.4249],"dipPosition":[41.6311,286.887,19.754],"direction":[-0.792937,-0.390139,0.46802],"extended":false,"handId":601,"id":6014,"length":50.4973,"mcpPosition":[73.3496,314.449,34.8795],"pipPosition":[57.1359,294.515,10.6025],"stabilizedTipPosition":[15.2353,286.315,81.8095],"timeVisible":0.84956,"tipPosition":[35.6305,287.423,33.0108],"tipVelocity":[4.35637,27.3682,-107.884],"tool":false,"touchDistance":0.333333,"touchZone":"none","type":4,"width":16.0532}],"r":[[0.887904,0.447041,-0.108542],[-0.453454,0.890252,-0.0427844],[0.0775036,0.0872074,0.993171]],"s":0.791765,"t":[64.7596,-12.4568,-108.618],"timestamp":522817997179},false],[6,{"currentFrameRate":106.443,"devices":[],"gestures":[],"hands":[{"armBasis":[[0.853223,-0.518033,-0.0604356],[0.520468,0.853171,0.0348174],[0.0335253,-0.0611617,0.997565]],"armWidth":63.703,"confidence":0.748956,"direction":[0.239789,0.0847524,-0.967119],"elbow":[43.4081,312.246,361.91],"grabStrength":0,"id":601,"palmNormal":[-0.487837,-0.850759,-0.19551],"palmPosition":[38.8005,333.609,38.3445],"palmVelocity":[-0.18606,34.7565,-69.687],"palmWidth":90.9658,"pinchStrength":1,"r":[[0.887293,0.447458,-0.111766],[-0.454181,0.889867,-0.0430718],[0.080184,0.0889793,0.992801]],"s":0.791092,"sphereCenter":[16.7955,301.949,10.0576],"sphereRadius":43.6254,"stabilizedPalmPosition":[-8.55114,335.75,130.33],"t":[64.743,-12.1541,-109.192],"timeVisible":0.858735,"type":"right","wrist":[34.3587,328.755,92.639]}],"id":4206496,"interactionBox":{"center":[0,200,0],"size":[235.247,235.247,147.751]},"pointables":[{"bases":[[[0.820879,0.568765,0.0516066],[-0.550921,0.764824,0.333961],[0.150476,-0.302573,0.941173]],[[0.719569,0.638023,-0.27413],[-0.69264,0.687683,-0.21758],[0.0496934,0.346437,0.936756]],[[0.719569,0.638023,-0.27413],[-0.693391,0.638656,-0.333659],[-0.0378075,0.43017,0.901956]],[[0.719569,0.638023,-0.27413],[-0.67345,0.544883,-0.499567],[-0.169366,0.544086,0.821758]]],"btipPosition":[7.12064,289.38,-7.51888],"carpPosition":[4.3491,334.062,89.2008],"dipPosition":[3.15791,302.11,11.7081],"direction":[0.0378075,-0.43017,-0.901956],"extended":false,"handId":601,"id":6010,"length":52.1025,"mcpPosition":[4.3491,334.062,89.2008],"pipPosition":[1.86919,316.773,42.4526],"stabilizedTipPosition":[-5.74464,289.961,28.937],"timeVisible":0.858735,"tipPosition":[6.19554,291.617,-2.43052],"tipVelocity":[-11.3031,40.1364,-62.9328],"tool":false,"touchDistance":-0.411083,"touchZone":"touching","type":0,"width":20.2446},{"bases":[[[0.8677,-0.497084,-0.00203279],[0.4966,0.866659,0.04787],[-0.0220337,-0.0425463,0.998852]],[[0.85029,-0.496816,0.173724],[0.519051,0.846205,-0.12051],[-0.0871344,0.19264,0.977393]],[[0.85029,-0.496816,0.173724],[0.526058,0.812543,-0.251072],[-0.0164215,0.304873,0.952252]],[[0.85029,-0.496816,0.173724],[0.524987,0.777188,-0.34694],[0.0373494,0.386202,0.921658]]],"btipPosition":[28.3404,328.309,-70.2102],"carpPosition":[23.2185,347.417,83.9883],"dipPosition":[28.9783,334.905,-54.4674],"direction":[0.0164215,-0.304873,-0.952252],"extended":true,"handId":601,"id":6011,"length":58.7918,"mcpPosition":[24.839,350.546,10.5228],"pipPosition":[28.5815,342.272,-31.4572],"stabilizedTipPosition":[-5.91371,336.538,14.8044],"timeVisible":0.858735,"tipPosition":[27.7845,328.643,-66.1805],"tipVelocity":[-7.2576,52.811,-74.958],"tool":false,"touchDistance":-0.431887,"touchZone":"touching","type":1,"width":19.3376},{"bases":[[[0.759289,-0.638674,0.124804],[0.635541,0.769,0.0687552],[-0.139886,0.0271129,0.989796]],[[0.754992,-0.637642,0.152969],[0.522412,0.443901,-0.728037],[0.396324,0.629576,0.668253]],[[0.754992,-0.637642,0.152969],[-0.243186,-0.488916,-0.837748],[0.608972,0.595293,-0.524194]],[[0.754992,-0.637642,0.152969],[-0.589492,-0.762171,-0.26757],[0.287202,0.111839,-0.951318]]],"btipPosition":[2.59413,291.61,14.9922],"carpPosition":[34.6431,342.864,83.4568],"dipPosition":[7.9898,293.711,-2.8802],"direction":[-0.608972,-0.595293,0.524194],"extended":false,"handId":601,"id":6012,"length":66.9886,"mcpPosition":[44.4,340.973,14.4191],"pipPosition":[25.3022,310.635,-17.7824],"stabilizedTipPosition":[-20.2116,296.127,73.6269],"timeVisible":0.858735,"tipPosition":[3.70414,292.293,12.451],"tipVelocity":[-2.9043,31.1577,-79.5153],"tool":false,"touchDistance":0.333333,"touchZone":"none","type":2,"width":18.9921},{"bases":[[[0.680343,-0.683864,0.26356],[0.683382,0.721876,0.109014],[-0.264808,0.105945,0.958464]],[[0.689791,-0.687355,0.227446],[0.614893,0.390326,-0.685239],[0.382224,0.612527,0.691893]],[[0.689791,-0.687355,0.227446],[-0.206535,-0.487908,-0.848109],[0.693925,0.538042,-0.478517]],[[0.689791,-0.687355,0.227446],[-0.620577,-0.723128,-0.303265],[0.372924,0.0680416,-0.925364]]],"btipPosition":[17.9358,285.561,23.842],"carpPosition":[44.6095,335.728,84.2321],"dipPosition":[24.9016,286.832,6.55709],"direction":[-0.693925,-0.538042,0.478517],"extended":false,"handId":601,"id":6013,"length":64.4113,"mcpPosition":[61.1927,329.093,24.21],"pipPosition":[44.1196,301.733,-6.69526],"stabilizedTipPosition":[-2.51704,287.886,76.297],"timeVisible":0.858735,"tipPosition":[19.2966,286.205,21.4531],"tipVelocity":[4.54387,27.7512,-99.5563],"tool":false,"touchDistance":0.333333,"touchZone":"none","type":3,"width":18.0722},{"bases":[[[0.522792,-0.776817,0.35106],[0.754783,0.613228,0.232927],[-0.396221,0.143202,0.906919]],[[0.553187,-0.785868,0.276398],[0.698912,0.257269,-0.667333],[0.453327,0.562338,0.691571]],[[0.553187,-0.785868,0.276398],[-0.253555,-0.47488,-0.842733],[0.793533,0.396107,-0.461958]],[[0.553187,-0.785868,0.276398],[-0.705226,-0.618386,-0.346777],[0.443442,-0.00309032,-0.896298]]],"btipPosition":[34.1613,287.139,34.423],"carpPosition":[50.3754,323.011,86.9656],"dipPosition":[41.8028,287.085,18.9778],"direction":[-0.793533,-0.396107,0.461958],"extended":false,"handId":601,"id":6014,"length":50.4973,"mcpPosition":[73.3442,314.709,34.3918],"pipPosition":[57.3192,294.831,9.94491],"stabilizedTipPosition":[15.2419,286.315,81.7933],"timeVisible":0.858735,"tipPosition":[35.7478,287.547,32.2283],"tipVelocity":[7.31053,23.6984,-101.889],"tool":false,"touchDistance":0.333333,"touchZone":"none","type":4,"width":16.0532}],"r":[[0.887293,0.447458,-0.111766],[-0.454181,0.889867,-0.0430718],[0.080184,0.0889793,0.992801]],"s":0.791092,"t":[64.743,-12.1541,-109.192],"timestamp":522818006354},false],[7,{"currentFrameRate":106.69,"devices":[],"gestures":[],"hands":[{"armBasis":[[0.85124,-0.521197,-0.0611823],[0.523628,0.851293,0.0333672],[0.0346932,-0.0604403,0.997569