{"sensorType":"Leap","data":[[0,{"currentFrameRate":110.39,"devices":[],"gestures":[],"hands":[{"armBasis":[[0.996143,-0.0526874,-0.0701635],[0.0602285,0.992093,0.110105],[0.0638076,-0.113907,0.99144]],"armWidth":63.703,"confidence":0.773472,"direction":[0.204919,0.132358,-0.969788],"elbow":[38.9994,300.965,365.742],"grabStrength":0,"id":598,"palmNormal":[-0.052708,-0.987885,-0.145965],"palmPosition":[25.1628,335.208,43.6494],"palmVelocity":[17.7959,-19.3621,-153.223],"palmWidth":90.9658,"pinchStrength":0.474928,"r":[[0.883216,0.458755,0.0973287],[-0.437315,0.880627,-0.182347],[-0.169363,0.118489,0.978405]],"s":1.08488,"sphereCenter":[27.8292,298.615,19.7781],"sphereRadius":46.0749,"stabilizedPalmPosition":[28.4119,337.904,90.514],"t":[78.2338,-30.1438,-167.302],"timeVisible":1.12958,"type":"right","wrist":[21.7759,331.711,98.124]}],"id":4205270,"interactionBox":{"center":[0,200,0],"size":[235.247,235.247,147.751]},"pointables":[{"bases":[[[0.480416,0.876813,0.0199709],[-0.842973,0.455351,0.286446],[0.242066,-0.154448,0.957888]],[[0.384303,0.882335,-0.271655],[-0.922078,0.38139,-0.0656868],[0.0456486,0.27573,0.96015]],[[0.384303,0.882335,-0.271655],[-0.89853,0.289893,-0.329555],[-0.212027,0.370739,0.904211]],[[0.384303,0.882335,-0.271655],[-0.793891,0.165652,-0.585061],[-0.47122,0.440505,0.764138]]],"btipPosition":[8.6251,286.198,-2.32088],"carpPosition":[-7.34942,322.902,94.295],"dipPosition":[-2.40021,296.504,15.5579],"direction":[0.212027,-0.370739,-0.904211],"extended":false,"handId":598,"id":5980,"length":52.1025,"mcpPosition":[-7.34942,322.902,94.295],"pipPosition":[-9.62748,309.142,46.3793],"stabilizedTipPosition":[4.63156,284.534,50.8798],"timeVisible":1.12958,"tipPosition":[6.08269,287.75,1.87602],"tipVelocity":[38.5081,-4.44325,-158.883],"tool":false,"touchDistance":-0.269561,"touchZone":"touching","type":0,"width":20.2446},{"bases":[[[0.99789,-0.0576533,0.0298563],[0.0577484,0.998328,-0.00233449],[-0.0296718,0.00405372,0.999551]],[[0.982339,-0.0564063,0.178406],[0.0591397,0.998199,-0.0100362],[-0.177518,0.0204098,0.983906]],[[0.982339,-0.0564063,0.178406],[0.0862142,0.982682,-0.16402],[-0.166064,0.176504,0.97019]],[[0.982339,-0.0564063,0.178406],[0.106355,0.952798,-0.284368],[-0.153945,0.29832,0.941969]]],"btipPosition":[20.203,332.44,-66.9602],"carpPosition":[3.75371,342.976,88.3499],"dipPosition":[17.5734,337.536,-50.8704],"direction":[0.166065,-0.176504,-0.97019],"extended":true,"handId":598,"id":5981,"length":58.7918,"mcpPosition":[5.93607,342.677,14.8329],"pipPosition":[13.5607,341.801,-27.4268],"stabilizedTipPosition":[26.5,323.899,-20.028],"timeVisible":1.12958,"tipPosition":[19.4625,332.571,-63.1174],"tipVelocity":[17.7642,7.63101,-153.568],"tool":false,"touchDistance":-0.444069,"touchZone":"touching","type":1,"width":19.3376},{"bases":[[[0.960143,-0.225916,0.164582],[0.224957,0.974056,0.0246922],[-0.165891,0.0133159,0.986054]],[[0.954533,-0.225394,0.195103],[0.237552,0.179706,-0.954607],[0.180101,0.957551,0.225078]],[[0.954533,-0.225394,0.195103],[-0.106931,-0.869798,-0.481682],[0.278268,0.438918,-0.854352]],[[0.954533,-0.225394,0.195103],[-0.240888,-0.968734,0.0593994],[0.175614,-0.103697,-0.978982]]],"btipPosition":[7.7034,286.369,51.1786],"carpPosition":[16.0214,343.97,88.1209],"dipPosition":[11.0027,284.421,32.7865],"direction":[-0.278268,-0.438918,0.854352],"extended":false,"handId":598,"id":5982,"length":66.9886,"mcpPosition":[27.5921,343.041,19.3442],"pipPosition":[18.9135,296.899,8.49824],"stabilizedTipPosition":[5.54981,288.017,83.0584],"timeVisible":1.12958,"tipPosition":[8.64815,285.72,45.8096],"tipVelocity":[34.2029,-27.5625,-153.393],"tool":false,"touchDistance":0.333333,"touchZone":"none","type":2,"width":18.9921},{"bases":[[[0.905557,-0.294275,0.305562],[0.287577,0.955354,0.0678085],[-0.311874,0.0264681,0.949755]],[[0.895731,-0.293342,0.33409],[0.373271,0.0879643,-0.923543],[0.241526,0.951952,0.188289]],[[0.895731,-0.293342,0.33409],[-0.125493,-0.887707,-0.442976],[0.426518,0.354861,-0.831959]],[[0.895731,-0.293342,0.33409],[-0.328555,-0.943002,0.0529038],[0.299529,-0.157155,-0.941055]]],"btipPosition":[19.4293,291.004,62.0774],"carpPosition":[28.0943,342.075,89.3458],"dipPosition":[25.0243,288.068,44.4994],"direction":[-0.426518,-0.354861,0.831959],"extended":false,"handId":598,"id":5983,"length":64.4113,"mcpPosition":[47.6249,340.417,29.869],"pipPosition":[36.8365,297.896,21.4586],"stabilizedTipPosition":[18.4565,289.925,94.8819],"timeVisible":1.12958,"tipPosition":[20.9917,290.106,56.9833],"tipVelocity":[32.0873,-26.7725,-152.675],"tool":false,"touchDistance":0.333333,"touchZone":"none","type":3,"width":18.0722},{"bases":[[[0.803328,-0.443014,0.397999],[0.396233,0.896514,0.198149],[-0.444595,-0.00147853,0.895731]],[[0.800346,-0.443014,0.403962],[0.495425,0.109243,-0.861754],[0.337639,0.889834,0.306913]],[[0.800346,-0.443014,0.403962],[-0.180105,-0.820325,-0.542797],[0.571847,0.36167,-0.736333]],[[0.800346,-0.443014,0.403962],[-0.449101,-0.889374,-0.0855748],[0.397184,-0.11293,-0.910765]]],"btipPosition":[34.6442,296.925,60.1633],"carpPosition":[38.8327,333.421,92.8455],"dipPosition":[41.4886,294.979,44.4689],"direction":[-0.571847,-0.36167,0.736333],"extended":false,"handId":598,"id":5984,"length":50.4973,"mcpPosition":[64.6057,333.507,40.9202],"pipPosition":[52.6702,302.051,30.0709],"stabilizedTipPosition":[34.0257,295.904,98.5],"timeVisible":1.12958,"tipPosition":[36.5632,296.44,55.8773],"tipVelocity":[28.3415,-22.8433,-160.149],"tool":false,"touchDistance":0.333333,"touchZone":"none","type":4,"width":16.0532}],"r":[[0.883216,0.458755,0.0973287],[-0.437315,0.880627,-0.182347],[-0.169363,0.118489,0.978405]],"s":1.08488,"t":[78.2338,-30.1438,-167.302],"timestamp":522803453717},false],[1,{"currentFrameRate":110.387,"devices":[],"gestures":[],"hands":[{"armBasis":[[0.996153,-0.0488735,-0.0727306],[0.0565959,0.992515,0.108216],[0.0668973,-0.111916,0.991463]],"armWidth":63.703,"confidence":0.780834,"direction":[0.204409,0.134473,-0.969605],"elbow":[39.985,301.389,364.667],"grabStrength":0,"id":598,"palmNormal":[-0.0484364,-0.987917,-0.147224],"palmPosition":[25.3028,335.179,42.5736],"palmVelocity":[17.1468,-14.8998,-143.685],"palmWidth":90.9658,"pinchStrength":0.472336,"r":[[0.881766,0.461478,0.0976023],[-0.440225,0.879446,-0.181041],[-0.169383,0.116669,0.97862]],"s":1.08519,"sphereCenter":[28.2731,298.558,18.6939],"sphereRadius":46.1256,"stabilizedPalmPosition":[28.4119,337.904,90.5139],"t":[78.4219,-30.246,-168.559],"timeVisible":1.13864,"type":"right","wrist":[21.9275,331.599,97.0434]}],"id":4205271,"interactionBox":{"center":[0,200,0],"size":[235.247,235.247,147.751]},"pointables":[{"bases":[[[0.476628,0.878851,0.021118],[-0.844948,0.451346,0.286966],[0.242669,-0.15462,0.957708]],[[0.380978,0.884477,-0.269363],[-0.923463,0.37835,-0.0637698],[0.0455108,0.273042,0.960925]],[[0.380978,0.884477,-0.269363],[-0.899756,0.287604,-0.328212],[-0.212825,0.367403,0.905384]],[[0.380978,0.884477,-0.269363],[-0.792349,0.162187,-0.588114],[-0.476486,0.437488,0.762604]]],"btipPosition":[8.97255,286.283,-3.45741],"carpPosition":[-7.15926,322.668,93.2012],"dipPosition":[-2.17596,296.519,14.3855],"direction":[0.212825,-0.367403,-0.905384],"extended":false,"handId":598,"id":5980,"length":52.1025,"mcpPosition":[-7.15926,322.668,93.2012],"pipPosition":[-9.43044,309.042,45.2469],"stabilizedTipPosition":[4.63156,284.534,50.8797],"timeVisible":1.13864,"tipPosition":[6.41513,287.817,0.730231],"tipVelocity":[37.5963,-1.12297,-149.883],"tool":false,"touchDistance":-0.28811,"touchZone":"touching","type":0,"width":20.2446},{"bases":[[[0.998128,-0.0533857,0.0298523],[0.0534412,0.99857,-0.00106231],[-0.0297529,0.00265566,0.999554]],[[0.982512,-0.0523917,0.178678],[0.0547194,0.998469,-0.00812084],[-0.177979,0.017756,0.983874]],[[0.982512,-0.0523917,0.178678],[0.0820136,0.983267,-0.162662],[-0.167166,0.174472,0.970368]],[[0.982512,-0.0523917,0.178678],[0.102399,0.953493,-0.283488],[-0.155516,0.296827,0.942183]]],"btipPosition":[20.386,332.553,-68.0345],"carpPosition":[3.85755,342.797,87.2824],"dipPosition":[17.7297,337.623,-51.941],"direction":[0.167166,-0.174472,-0.970368],"extended":true,"handId":598,"id":5981,"length":58.7918,"mcpPosition":[6.04587,342.602,13.7653],"pipPosition":[13.6903,341.839,-28.4931],"stabilizedTipPosition":[26.4999,323.899,-20.0288],"timeVisible":1.13864,"tipPosition":[19.6375,332.696,-64.1977],"tipVelocity":[18.2481,8.79145,-143.861],"tool":false,"touchDistance":-0.444097,"touchZone":"touching","type":1,"width":19.3376},{"bases":[[[0.961098,-0.221981,0.164362],[0.220751,0.974985,0.0259451],[-0.16601,0.0113472,0.986059]],[[0.955471,-0.22152,0.194946],[0.23656,0.1801,-0.954779],[0.176393,0.95838,0.224483]],[[0.955471,-0.22152,0.194946],[-0.103116,-0.869641,-0.482796],[0.276482,0.441196,-0.853759]],[[0.955471,-0.22152,0.194946],[-0.236452,-0.969988,0.0566883],[0.176537,-0.100259,-0.979174]]],"btipPosition":[8.02327,286.212,50.1283],"carpPosition":[16.1208,343.845,87.0555],"dipPosition":[11.3399,284.329,31.7325],"direction":[-0.276482,-0.441196,0.853759],"extended":false,"handId":598,"id":5982,"length":66.9886,"mcpPosition":[27.6999,343.053,18.2785],"pipPosition":[19.1999,296.871,7.46118],"stabilizedTipPosition":[5.54982,288.017,83.0584],"timeVisible":1.13864,"tipPosition":[8.97549,285.604,44.7763],"tipVelocity":[34.6246,-24.2833,-143.055],"tool":false,"touchDistance":0.333333,"touchZone":"none","type":2,"width":18.9921},{"bases":[[[0.906799,-0.290754,0.305251],[0.283448,0.956499,0.0690419],[-0.312046,0.0239157,0.949766]],[[0.897101,-0.289913,0.333407],[0.372079,0.0887993,-0.923944],[0.238257,0.952925,0.187532]],[[0.897101,-0.289913,0.333407],[-0.121658,-0.887529,-0.4444],[0.424745,0.35811,-0.831474]],[[0.897101,-0.289913,0.333407],[-0.323831,-0.944804,0.0497855],[0.300571,-0.15263,-0.941468]]],"btipPosition":[19.7232,290.871,61.0378],"carpPosition":[28.2018,342,88.2789],"dipPosition":[25.3376,288.02,43.4521],"direction":[-0.424745,-0.35811,0.831474],"extended":false,"handId":598,"id":5983,"length":64.4113,"mcpPosition":[47.7431,340.503,28.8014],"pipPosition":[37.1007,297.938,20.4247],"stabilizedTipPosition":[18.4565,289.925,94.8819],"timeVisible":1.13864,"tipPosition":[21.2912,290.024,55.958],"tipVelocity":[32.3165,-22.828,-142.238],"tool":false,"touchDistance":0.333333,"touchZone":"none","type":3,"width":18.0722},{"bases":[[[0.805206,-0.44005,0.397492],[0.392349,0.897962,0.199316],[-0.444642,-0.00453459,0.895697]],[[0.802113,-0.44007,0.403674],[0.4953,0.112634,-0.861389],[0.333604,0.890871,0.308312]],[[0.802113,-0.44007,0.403674],[-0.175469,-0.81982,-0.545075],[0.570811,0.366379,-0.734807]],[[0.802113,-0.44007,0.403674],[-0.444392,-0.891423,-0.0887745],[0.398911,-0.108182,-0.910586]]],"btipPosition":[34.9245,296.859,59.0057],"carpPosition":[38.9771,333.388,91.7683],"dipPosition":[41.7986,294.995,43.3143],"direction":[-0.570811,-0.366379,0.734807],"extended":false,"handId":598,"id":5984,"length":50.4973,"mcpPosition":[64.7529,333.651,39.8449],"pipPosition":[52.96,302.159,28.9462],"stabilizedTipPosition":[34.0257,295.904,98.5],"timeVisible":1.13864,"tipPosition":[36.8456,296.415,54.7571],"tipVelocity":[29.2625,-17.9709,-151.169],"tool":false,"touchDistance":0.333333,"touchZone":"none","type":4,"width":16.0532}],"r":[[0.881766,0.461478,0.0976023],[-0.440225,0.879446,-0.181041],[-0.169383,0.116669,0.97862]],"s":1.08519,"t":[78.4219,-30.246,-168.559],"timestamp":522803462781},false],[2,{"currentFrameRate":110.415,"devices":[],"gestures":[],"hands":[{"armBasis":[[0.996222,-0.0485375,-0.0720101],[0.0562445,0.99243,0.109178],[0.0661657,-0.112816,0.99141]],"armWidth":63.703,"confidence":0.787186,"direction":[0.202628,0.134337,-0.969998],"elbow":[40.137,301.095,363.168],"grabStrength":0,"id":598,"palmNormal":[-0.0484159,-0.98796,-0.146939],"palmPosition":[25.5534,335.117,41.0819],"palmVelocity":[20.0788,-12.6834,-149.707],"palmWidth":90.9658,"pinchStrength":0.469851,"r":[[0.880608,0.463709,0.0974892],[-0.442665,0.878461,-0.179874],[-0.16905,0.115243,0.978847]],"s":1.08544,"sphereCenter":[28.6097,298.443,17.2374],"sphereRadius":46.1623,"stabilizedPalmPosition":[28.4119,337.904,90.5139],"t":[78.6412,-30.3279,-169.934],"timeVisible":1.14765,"type":"right","wrist":[22.277,331.547,95.5584]}],"id":4205272,"interactionBox":{"center":[0,200,0],"size":[235.247,235.247,147.751]},"pointables":[{"bases":[[[0.476412,0.878993,0.0200863],[-0.844562,0.45116,0.288393],[0.244433,-0.154358,0.957301]],[[0.38054,0.884627,-0.26949],[-0.92352,0.378646,-0.0611367],[0.0479581,0.272145,0.961061]],[[0.38054,0.884627,-0.26949],[-0.900243,0.287706,-0.326785],[-0.211548,0.366961,0.905863]],[[0.38054,0.884627,-0.26949],[-0.790984,0.160387,-0.59044],[-0.479097,0.437848,0.76076]]],"btipPosition":[9.21313,286.273,-4.86832],"carpPosition":[-6.8141,322.607,91.7702],"dipPosition":[-1.99647,296.518,12.9314],"direction":[0.211548,-0.366961,-0.905863],"extended":false,"handId":598,"id":5980,"length":52.1025,"mcpPosition":[-6.8141,322.607,91.7702],"pipPosition":[-9.20742,309.026,43.8091],"stabilizedTipPosition":[4.63157,284.534,50.8796],"timeVisible":1.14765,"tipPosition":[6.62677,287.819,-0.702954],"tipVelocity":[34.1753,-1.03996,-152.039],"tool":false,"touchDistance":-0.308945,"touchZone":"touching","type":0,"width":20.2446},{"bases":[[[0.998195,-0.0530924,0.0280703],[0.0531514,0.998586,-0.00135786],[-0.0279585,0.00284738,0.999605]],[[0.982768,-0.0520683,0.17736],[0.0542618,0.998498,-0.00753665],[-0.176702,0.0170307,0.984117]],[[0.982768,-0.0520683,0.17736],[0.0814752,0.983291,-0.162793],[-0.165921,0.174438,0.970588]],[[0.982768,-0.0520683,0.17736],[0.1018,0.953344,-0.284203],[-0.154288,0.29736,0.942217]]],"btipPosition":[20.4768,332.503,-69.5094],"carpPosition":[4.18625,342.738,85.8276],"dipPosition":[17.8414,337.582,-53.4153],"direction":[0.165921,-0.174438,-0.970588],"extended":true,"handId":598,"id":5981,"length":58.7918,"mcpPosition":[6.2426,342.529,12.3067],"pipPosition":[13.8321,341.798,-29.9621],"stabilizedTipPosition":[26.4998,323.9,-20.0294],"timeVisible":1.14765,"tipPosition":[19.7223,332.667,-65.6789],"tipVelocity":[16.1497,4.91383,-149.317],"tool":false,"touchDistance":-0.450142,"touchZone":"touching","type":1,"width":19.3376},{"bases":[[[0.961456,-0.221671,0.16268],[0.220516,0.975054,0.0253538],[-0.164242,0.011497,0.986353]],[[0.955855,-0.221204,0.193419],[0.234458,0.17738,-0.955806],[0.177119,0.958961,0.221412]],[[0.955855,-0.221204,0.193419],[-0.103732,-0.86989,-0.482215],[0.274921,0.440864,-0.854434]],[[0.955855,-0.221204,0.193419],[-0.235781,-0.970213,0.0556186],[0.175355,-0.0987678,-0.979538]]],"btipPosition":[8.25956,286.1,48.8047],"carpPosition":[16.4488,343.79,85.5785],"dipPosition":[11.5539,284.245,30.4022],"direction":[-0.274921,-0.440864,0.854434],"extended":false,"handId":598,"id":5982,"length":66.9886,"mcpPosition":[27.9046,342.988,16.7809],"pipPosition":[19.3696,296.778,6.1116],"stabilizedTipPosition":[5.54983,288.017,83.0583],"timeVisible":1.14765,"tipPosition":[9.20973,285.524,43.4631],"tipVelocity":[32.1623,-20.8395,-144.168],"tool":false,"touchDistance":0.333333,"touchZone":"none","type":2,"width":18.9921},{"bases":[[[0.907429,-0.290432,0.30368],[0.283296,0.956594,0.0683416],[-0.310347,0.0240161,0.95032]],[[0.897902,-0.289599,0.331518],[0.369652,0.0871289,-0.925076],[0.239016,0.953174,0.185284]],[[0.897902,-0.289599,0.331518],[-0.122214,-0.887512,-0.444281],[0.422889,0.358405,-0.832292]],[[0.897902,-0.289599,0.331518],[-0.322911,-0.945163,0.0489376],[0.299166,-0.150992,-0.942179]]],"btipPosition":[19.9912,290.763,59.6411],"carpPosition":[28.5324,341.949,86.7805],"dipPosition":[25.5793,287.943,42.0421],"direction":[-0.422889,-0.358405,0.832292],"extended":false,"handId":598,"id":5983,"length":64.4113,"mcpPosition":[47.9674,340.445,27.2683],"pipPosition":[37.2911,297.869,18.9921],"stabilizedTipPosition":[18.4565,289.925,94.8818],"timeVisible":1.14765,"tipPosition":[21.5502,289.948,54.5742],"tipVelocity":[31.4262,-19.6279,-145.852],"tool":false,"touchDistance":0.333333,"touchZone":"none","type":3,"width":18.0722},{"bases":[[[0.806045,-0.439738,0.396133],[0.392447,0.898115,0.198431],[-0.443031,-0.00448311,0.896495]],[[0.802807,-0.439759,0.402633],[0.494485,0.113752,-0.86171],[0.333145,0.890883,0.308775]],[[0.802807,-0.439759,0.402633],[-0.173774,-0.818542,-0.547532],[0.570354,0.369596,-0.73355]],[[0.802807,-0.439759,0.402633],[-0.442447,-0.892051,-0.0921131],[0.399677,-0.104195,-0.910715]]],"btipPosition":[35.1825,296.677,57.4047],"carpPosition":[39.3165,333.341,90.2523],"dipPosition":[42.0698,294.881,41.7111],"direction":[-0.570354,-0.369596,0.73355],"extended":false,"handId":598,"id":5984,"length":50.4973,"mcpPosition":[64.9989,333.6,38.2827],"pipPosition":[53.2223,302.108,27.3676],"stabilizedTipPosition":[34.0257,295.904,98.4999],"timeVisible":1.14765,"tipPosition":[37.0969,296.292,53.2255],"tipVelocity":[29.1854,-18.1259,-158.483],"tool":false,"touchDistance":0.333333,"touchZone":"none","type":4,"width":16.0532}],"r":[[0.880608,0.463709,0.0974892],[-0.442665,0.878461,-0.179874],[-0.16905,0.115243,0.978847]],"s":1.08544,"t":[78.6412,-30.3279,-169.934],"timestamp":522803471789},false],[3,{"currentFrameRate":110.224,"devices":[],"gestures":[],"hands":[{"armBasis":[[0.996347,-0.0465107,-0.0716195],[0.0542763,0.992381,0.110609],[0.0659293,-0.114092,0.99128]],"armWidth":63.703,"confidence":0.792757,"direction":[0.202431,0.133426,-0.970165],"elbow":[40.1108,300.838,362.141],"grabStrength":0,"id":598,"palmNormal":[-0.0470017,-0.988209,-0.145715],"palmPosition":[25.5856,335.142,40.0852],"palmVelocity":[15.3306,-8.31394,-137.216],"palmWidth":90.9658,"pinchStrength":0.467343,"r":[[0.879544,0.465767,0.0972852],[-0.444866,0.877495,-0.179157],[-0.168813,0.114297,0.978999]],"s":1.08568,"sphereCenter":[28.8125,298.403,16.3192],"sphereRadius":46.201,"stabilizedPalmPosition":[28.4119,337.904,90.5138],"t":[78.7671,-30.3564,-171.119],"timeVisible":1.15706,"type":"right","wrist":[22.3146,331.635,94.5662]}],"id":4205273,"interactionBox":{"center":[0,200,0],"size":[235.247,235.247,147.751]},"pointables":[{"bases":[[[0.475153,0.879698,0.0189944],[-0.845205,0.450307,0.287839],[0.244658,-0.152822,0.95749]],[[0.379615,0.884945,-0.269748],[-0.923874,0.377899,-0.0604129],[0.0484754,0.272146,0.961034]],[[0.379615,0.884945,-0.269748],[-0.900397,0.286419,-0.32749],[-0.21255,0.3672,0.905531]],[[0.379615,0.884945,-0.269748],[-0.787457,0.156034,-0.596293],[-0.485597,0.438777,0.756089]]],"btipPosition":[9.42398,286.285,-5.72738],"carpPosition":[-6.76366,322.649,90.7892],"dipPosition":[-1.9377,296.551,11.9631],"direction":[0.21255,-0.3672,-0.905531],"extended":false,"handId":598,"id":5980,"length":52.1025,"mcpPosition":[-6.76366,322.649,90.7892],"pipPosition":[-9.18279,309.067,42.8295],"stabilizedTipPosition":[4.63157,284.534,50.8795],"timeVisible":1.15706,"tipPosition":[6.77343,287.852,-1.60765],"tipVelocity":[29.7594,-0.248677,-135.477],"tool":false,"touchDistance":-0.319646,"touchZone":"touching","type":0,"width":20.2446},{"bases":[[[0.99827,-0.051628,0.0281296],[0.0517212,0.998658,-0.00259511],[-0.0279578,0.00404552,0.999601]],[[0.98276,-0.0504356,0.177875],[0.0526183,0.998586,-0.00757239],[-0.177241,0.0168013,0.984024]],[[0.98276,-0.0504356,0.177875],[0.080071,0.983274,-0.16359],[-0.166649,0.175013,0.97036]],[[0.98276,-0.0504356,0.177875],[0.100605,0.95305,-0.285613],[-0.155118,0.298585,0.941693]]],"btipPosition":[20.5533,332.44,-70.4966],"carpPosition":[4.20782,342.788,84.8217],"dipPosition":[17.9037,337.54,-54.4115],"direction":[0.166649,-0.175013,-0.97036],"extended":true,"handId":598,"id":5981,"length":58.7918,"mcpPosition":[6.26412,342.491,11.301],"pipPosition":[13.8768,341.769,-30.9637],"stabilizedTipPosition":[26.4997,323.9,-20.0298],"timeVisible":1.15706,"tipPosition":[19.785,332.624,-66.674],"tipVelocity":[13.763,1.73734,-136.714],"tool":false,"touchDistance":-0.4483,"touchZone":"touching","type":1,"width":19.3376},{"bases":[[[0.961773,-0.220092,0.162948],[0.21912,0.975399,0.0241445],[-0.164254,0.0124836,0.986339]],[[0.956158,-0.219593,0.193756],[0.233694,0.173402,-0.956723],[0.176492,0.960058,0.217117]],[[0.956158,-0.219593,0.193756],[-0.102582,-0.870842,-0.48074],[0.274298,0.439787,-0.855189]],[[0.956158,-0.219593,0.193756],[-0.234072,-0.970662,0.0550102],[0.175992,-0.0979512,-0.979506]]],"btipPosition":[8.31636,286.061,48.0262],"carpPosition":[16.4688,343.857,84.5711],"dipPosition":[11.6227,284.22,29.6242],"direction":[-0.274298,-0.439787,0.855189],"extended":false,"handId":598,"id":5982,"length":66.9886,"mcpPosition":[27.9254,342.986,15.7746],"pipPosition":[19.4207,296.723,5.31221],"stabilizedTipPosition":[5.54984,288.017,83.0582],"timeVisible":1.15706,"tipPosition":[9.27448,285.513,42.6928],"tipVelocity":[24.796,-15.9867,-126.644],"tool":false,"touchDistance":0.333333,"touchZone":"none","type":2,"width":18.9921},{"bases":[[[0.907846,-0.288755,0.304033],[0.281926,0.957083,0.0671548],[-0.310376,0.0247488,0.950292]],[[0.898425,-0.287913,0.331571],[0.369025,0.0857451,-0.925456],[0.23802,0.95381,0.183283]],[[0.898425,-0.287913,0.331571],[-0.120813,-0.887989,-0.443711],[0.422182,0.358583,-0.832575]],[[0.898425,-0.287913,0.331571],[-0.321067,-0.945804,0.0486961],[0.299581,-0.150206,-0.942173]]],"btipPosition":[20.0721,290.755,58.7349],"carpPosition":[28.5551,342.034,85.7754],"dipPosition":[25.668,287.949,41.136],"direction":[-0.422182,-0.358583,0.832575],"extended":false,"handId":598,"id":5983,"length":64.4113,"mcpPosition":[47.9919,340.485,26.265],"pipPosition":[37.3601,297.88,18.0782],"stabilizedTipPosition":[18.4565,289.925,94.8817],"timeVisible":1.15706,"tipPosition":[21.6292,289.964,53.6902],"tipVelocity":[24.9707,-14.1772,-131.721],"tool":false,"touchDistance":0.333333,"touchZone":"none","type":3,"width":18.0722},{"bases":[[[0.806676,-0.438092,0.396672],[0.391161,0.898921,0.197316],[-0.44302,-0.00400713,0.896503]],[[0.803394,-0.43811,0.403259],[0.494278,0.113034,-0.861923],[0.332035,0.891786,0.307359]],[[0.803394,-0.43811,0.403259],[-0.171722,-0.818934,-0.547594],[0.570149,0.370685,-0.733159]],[[0.803394,-0.43811,0.403259],[-0.440222,-0.89304,-0.0931869],[0.400953,-0.102658,-0.910329]]],"btipPosition":[35.2381,296.675,56.4455],"carpPosition":[39.3515,333.446,89.2577],"dipPosition":[42.1474,294.906,40.7585],"direction":[-0.570149,-0.370685,0.733159],"extended":false,"handId":598,"id":5984,"length":50.4973,"mcpPosition":[65.0333,333.678,37.2877],"pipPosition":[53.2959,302.154,26.4226],"stabilizedTipPosition":[34.0257,295.904,98.4998],"timeVisible":1.15706,"tipPosition":[37.1561,296.315,52.2918],"tipVelocity":[22.7016,-12.829,-142.311],"tool":false,"touchDistance":0.333333,"touchZone":"none","type":4,"width":16.0532}],"r":[[0.879544,0.465767,0.0972852],[-0.444866,0.877495,-0.179157],[-0.168813,0.114297,0.978999]],"s":1.08568,"t":[78.7671,-30.3564,-171.119],"timestamp":522803481200},false],[4,{"currentFrameRate":110.41,"devices":[],"gestures":[],"hands":[{"armBasis":[[0.996881,-0.0413907,-0.0672003],[0.048779,0.992475,0.112315],[0.0620458,-0.115243,0.991398]],"armWidth":63.703,"confidence":0.801566,"direction":[0.20085,0.136302,-0.970093],"elbow":[39.2176,300.423,360.77],"grabStrength":0,"id":598,"palmNormal":[-0.0415518,-0.988196,-0.147449],"palmPosition":[25.6745,335.154,38.6866],"palmVelocity":[13.9554,-5.72161,-143.382],"palmWidth":90.9658,"pinchStrength":0.467038,"r":[[0.878177,0.468368,0.0971427],[-0.447643,0.876278,-0.178193],[-0.168584,0.112999,0.979189]],"s":1.08582,"sphereCenter":[29.213,298.428,14.8829],"sphereRadius":46.2391,"stabilizedPalmPosition":[28.4119,337.904,90.5138],"t":[78.8744,-30.3647,-172.411],"timeVisible":1.16579,"type":"right","wrist":[22.4697,331.531,93.1639]}],"id":4205274,"interactionBox":{"center":[0,200,0],"size":[235.247,235.247,147.751]},"pointables":[{"bases":[[[0.4702,0.882329,0.0201742],[-0.847486,0.445016,0.289357],[0.24633,-0.153153,0.957009]],[[0.374726,0.88766,-0.267656],[-0.925849,0.373479,-0.0576003],[0.0488343,0.269394,0.961791]],[[0.374726,0.88766,-0.267656],[-0.902046,0.282355,-0.32648],[-0.214229,0.363779,0.906516]],[[0.374726,0.88766,-0.267656],[-0.785025,0.150183,-0.600984],[-0.493272,0.435321,0.753113]]],"btipPosition":[9.84591,286.358,-7.1231],"carpPosition":[-6.56065,322.388,89.3952],"dipPosition":[-1.69536,296.544,10.4977],"direction":[0.214229,-0.363779,-0.906516],"extended":false,"handId":598,"id":5980,"length":52.1025,"mcpPosition":[-6.56065,322.388,89.3952],"pipPosition":[-8.99769,308.944,41.3977],"stabilizedTipPosition":[4.63158,284.534,50.8794],"timeVisible":1.16579,"tipPosition":[7.13424,287.919,-3.04088],"tipVelocity":[33.4653,1.51195,-142.509],"tool":false,"touchDistance":-0.337191,"touchZone":"touching","type":0,"width":20.2446},{"bases":[[[0.998569,-0.0460462,0.0271982],[0.0460862,0.998937,-0.000846073],[-0.0271303,0.00209832,0.99963]],[[0.983108,-0.0452057,0.177358],[0.0467967,0.998893,-0.0047955],[-0.176945,0.0130143,0.984135]],[[0.983108,-0.0452057,0.177358],[0.074424,0.984025,-0.161725],[-0.167214,0.172193,0.970767]],[[0.983108,-0.0452057,0.177358],[0.0951933,0.953932,-0.284521],[-0.156325,0.296598,0.942121]]],"btipPosition":[20.5981,332.659,-71.8877],"carpPosition":[4.29201,342.599,83.4546],"dipPosition":[17.9279,337.725,-55.7953],"direction":[0.167214,-0.172193,-0.970767],"extended":true,"handId":598,"id":5981,"length":58.7918,"mcpPosition":[6.28744,342.445,9.93185],"pipPosition":[13.8874,341.886,-32.3377],"stabilizedTipPosition":[26.4997,323.9,-20.0301],"timeVisible":1.16579,"tipPosition":[19.8205,332.851,-68.0717],"tipVelocity":[11.3112,7.75036,-142.731],"tool":false,"touchDistance":-0.452645,"touchZone":"touching","type":1,"width":19.3376},{"bases":[[[0.963137,-0.214955,0.161745],[0.213636,0.976575,0.0257112],[-0.163483,0.00979113,0.986498]],[[0.957538,-0.214542,0.192597],[0.231684,0.175004,-0.95692],[0.171594,0.960909,0.217279]],[[0.957538,-0.214542,0.192597],[-0.0979431,-0.870357,-0.482582],[0.271162,0.443227,-0.854412]],[[0.957538,-0.214542,0.192597],[-0.228239,-0.97223,0.0517327],[0.17615,-0.0934942,-0.979913]]],"btipPosition":[8.66254,285.907,46.6175],"carpPosition":[16.5466,343.737,83.1957],"dipPosition":[11.9719,284.15,28.2078],"direction":[-0.271162,-0.443227,0.854412],"extended":false,"handId":598,"id":5982,"length":66.9886,"mcpPosition":[27.9494,343.054,14.388],"pipPosition":[19.6807,296.751,3.91791],"stabilizedTipPosition":[5.54985,288.017,83.0581],"timeVisible":1.16579,"tipPosition":[9.62233,285.405,41.3039],"tipVelocity":[28.7949,-15.8386,-136.001],"tool":false,"touchDistance":0.333333,"touchZone":"none","type":2,"width":18.9921},{"bases":[[[0.909718,-0.284174,0.302752],[0.276581,0.958536,0.0686357],[-0.309703,0.0212964,0.950595]],[[0.900418,-0.283442,0.330013],[0.367176,0.0883321,-0.925948],[0.233302,0.954913,0.183609]],[[0.900418,-0.283442,0.330013],[-0.116132,-0.887687,-0.445561],[0.419239,0.362866,-0.832206]],[[0.900418,-0.283442,0.330013],[-0.315199,-0.947917,0.0458503],[0.299829,-0.145304,-0.942862]]],"btipPosition":[20.4064,290.659,57.3151],"carpPosition":[28.644,341.981,84.3865],"dipPosition":[26.0069,287.944,39.7033],"direction":[-0.419239,-0.362866,0.832206],"extended":false,"handId":598,"id":5983,"length":64.4113,"mcpPosition":[48.0386,340.648,24.8571],"pipPosition":[37.6175,297.994,16.6557],"stabilizedTipPosition":[18.4566,289.925,94.8816],"timeVisible":1.16579,"tipPosition":[21.9626,289.912,52.2831],"tipVelocity":[28.5699,-12.6925,-140.094],"tool":false,"touchDistance":0.333333,"touchZone":"none","type":3,"width":18.0722},{"bases":[[[0.809471,-0.434244,0.395208],[0.386253,0.900759,0.1986],[-0.442228,-0.00811097,0.896866]],[[0.806157,-0.434293,0.401873],[0.49296,0.117307,-0.862107],[0.327264,0.893101,0.308657]],[[0.806157,-0.434293,0.401873],[-0.166369,-0.818148,-0.550414],[0.567832,0.376861,-0.731808]],[[0.806157,-0.434293,0.401873],[-0.434079,-0.895625,-0.0971138],[0.402103,-0.0961556,-0.910531]]],"btipPosition":[35.5264,296.635,54.9422],"carpPosition":[39.4916,333.448,87.8444],"dipPosition":[42.4556,294.978,39.2518],"direction":[-0.567832,-0.376861,0.731808],"extended":false,"handId":598,"id":5984,"length":50.4973,"mcpPosition":[65.1274,333.918,35.8533],"pipPosition":[53.5587,302.347,24.9423],"stabilizedTipPosition":[34.0257,295.904,98.4998],"timeVisible":1.16579,"tipPosition":[37.4458,296.328,50.8181],"tipVelocity":[25.6051,-9.82409,-150.344],"tool":false,"touchDistance":0.333333,"touchZone":"none","type":4,"width":16.0532}],"r":[[0.878177,0.468368,0.0971427],[-0.447643,0.876278,-0.178193],[-0.168584,0.112999,0.979189]],"s":1.08582,"t":[78.8744,-30.3647,-172.411],"timestamp":522803489927},false],[5,{"currentFrameRate":110.45,"devices":[],"gestures":[],"hands":[{"armBasis":[[0.997261,-0.0275389,-0.0686404],[0.0349626,0.993381,0.109413],[0.065173,-0.111514,0.991624]],"armWidth":63.703,"confidence":0.800822,"direction":[0.199194,0.140214,-0.969877],"elbow":[40.2492,301.594,359.559],"grabStrength":0,"id":598,"palmNormal":[-0.0269901,-0.98855,-0.148457],"palmPosition":[25.8291,335.42,37.42],"palmVelocity":[14.8459,3.95401,-142.724],"palmWidth":90.9658,"pinchStrength":0.461339,"r":[[0.875686,0.472998,0.0971939],[-0.452415,0.874009,-0.17728],[-0.168801,0.11127,0.979349]],"s":1.08604,"sphereCenter":[30.0595,298.708,13.627],"sphereRadius":46.2927,"stabilizedPalmPosition":[28.4119,337.904,90.5138],"t":[79.0054,-30.236,-173.691],"timeVisible":1.17477,"type":"right","wrist":[22.6572,331.695,91.8923]}],"id":4205275,"interactionBox":{"center":[0,200,0],"size":[235.247,235.247,147.751]},"pointables":[{"bases":[[[0.457194,0.889113,0.0212441],[-0.854035,0.432239,0.289471],[0.24819,-0.150488,0.956951]],[[0.362302,0.893511,-0.265282],[-0.930924,0.360945,-0.0556691],[0.0460113,0.267127,0.962562]],[[0.362302,0.893511,-0.265282],[-0.905767,0.270392,-0.326305],[-0.219827,0.358505,0.907276]],[[0.362302,0.893511,-0.265282],[-0.782213,0.13671,-0.607827],[-0.506834,0.427725,0.748446]]],"btipPosition":[10.8211,286.572,-8.37039],"carpPosition":[-6.2344,322.13,88.1031],"dipPosition":[-1.03744,296.579,9.14127],"direction":[0.219827,-0.358505,-0.907276],"extended":false,"handId":598,"id":5980,"length":52.1025,"mcpPosition":[-6.2344,322.13,88.1031],"pipPosition":[-8.53056,308.8,40.0672],"stabilizedTipPosition":[4.6316,284.534,50.879],"timeVisible":1.17477,"tipPosition":[8.03102,288.09,-4.32995],"tipVelocity":[51.8246,6.3628,-142.268],"tool":false,"touchDistance":-0.350891,"touchZone":"touching","type":0,"width":20.2446},{"bases":[[[0.999127,-0.0314152,0.0275434],[0.0314223,0.999506,0.000174708],[-0.0275353,0.00069092,0.999621]],[[0.983563,-0.0309522,0.177891],[0.0320479,0.999481,-0.00328858],[-0.177697,0.00893557,0.984045]],[[0.983563,-0.0309522,0.177891],[0.0600926,0.985149,-0.160842],[-0.170271,0.168888,0.970816]],[[0.983563,-0.0309522,0.177891],[0.0814555,0.955314,-0.284149],[-0.161147,0.293968,0.942133]]],"btipPosition":[20.8472,332.968,-73.1521],"carpPosition":[4.32272,342.505,82.1871],"dipPosition":[18.0946,337.99,-57.0594],"direction":[0.170271,-0.168888,-0.970816],"extended":true,"handId":598,"id":5981,"length":58.7918,"mcpPosition":[6.34794,342.454,8.66499],"pipPosition":[13.9802,342.071,-33.6007],"stabilizedTipPosition":[26.4996,323.9,-20.0304],"timeVisible":1.17477,"tipPosition":[20.0607,333.163,-69.3416],"tipVelocity":[15.2324,14.7511,-142.183],"tool":false,"touchDistance":-0.454678,"touchZone":"touching","type":1,"width":19.3376},{"bases":[[[0.966127,-0.200961,0.161906],[0.199272,0.979578,0.0267752],[-0.163981,0.00639524,0.986443]],[[0.960491,-0.20066,0.192855],[0.228697,0.174154,-0.957793],[0.158605,0.964057,0.213163]],[[0.960491,-0.20066,0.192855],[-0.0855183,-0.87221,-0.481597],[0.264848,0.446077,-0.85491]],[[0.960491,-0.20066,0.192855],[-0.213804,-0.97561,0.0497305],[0.178173,-0.088999,-0.979966]]],"btipPosition":[9.47751,285.912,45.5732],"carpPosition":[16.5594,343.823,81.9341],"dipPosition":[12.8248,284.24,27.1625],"direction":[-0.264848,-0.446077,0.85491],"extended":false,"handId":598,"id":5982,"length":66.9886,"mcpPosition":[27.9969,343.377,13.1303],"pipPosition":[20.3542,296.922,2.85846],"stabilizedTipPosition":[5.54987,288.017,83.0579],"timeVisible":1.17477,"tipPosition":[10.4552,285.446,40.2391],"tipVelocity":[46.0379,-10.7347,-130.59],"tool":false,"touchDistance":0.333333,"touchZone":"none","type":2,"width":18.9921},{"bases":[[[0.913676,-0.271099,0.302823],[0.262459,0.962422,0.0697062],[-0.310341,0.0157898,0.950494]],[[0.90447,-0.270539,0.329762],[0.365625,0.0936004,-0.926044],[0.219665,0.958148,0.183575]],[[0.90447,-0.270539,0.329762],[-0.102853,-0.888633,-0.446937],[0.413951,0.370324,-0.831567]],[[0.90447,-0.270539,0.329762],[-0.300761,-0.952716,0.0433102],[0.302452,-0.138352,-0.94307]]],"btipPosition":[21.1897,290.785,56.0505],"carpPosition":[28.6808,342.244,83.1279],"dipPosition":[26.8392,288.201,38.4349],"direction":[-0.413951,-0.370324,0.831567],"extended":false,"handId":598,"id":5983,"length":64.4113,"mcpPosition":[48.1153,341.255,23.6048],"pipPosition":[38.3034,298.457,15.4049],"stabilizedTipPosition":[18.4566,289.925,94.8814],"timeVisible":1.17477,"tipPosition":[22.7561,290.094,51.0356],"tipVelocity":[44.9846,-4.44798,-140.304],"tool":false,"touchDistance":0.333333,"touchZone":"none","type":3,"width":18.0722},{"bases":[[[0.815607,-0.422718,0.395089],[0.372918,0.906129,0.199656],[-0.442399,-0.0155049,0.896684]],[[0.812256,-0.422822,0.401823],[0.491568,0.125347,-0.861771],[0.314009,0.897502,0.30966]],[[0.812256,-0.422822,0.401823],[-0.153017,-0.819207,-0.552707],[0.562874,0.387454,-0.730105]],[[0.812256,-0.422822,0.401823],[-0.419733,-0.902042,-0.100722],[0.405049,-0.0868468,-0.910161]]],"btipPosition":[36.2107,296.959,53.6147],"carpPosition":[39.6512,333.867,86.5814],"dipPosition":[43.1906,295.463,37.9307],"direction":[-0.562874,-0.387454,0.730105],"extended":false,"handId":598,"id":5984,"length":50.4973,"mcpPosition":[65.2969,334.766,34.6009],"pipPosition":[54.1968,303.039,23.6545],"stabilizedTipPosition":[34.0257,295.904,98.4997],"timeVisible":1.17477,"tipPosition":[38.1375,296.716,49.5214],"tipVelocity":[39.824,3.8976,-149.591],"tool":false,"touchDistance":0.333333,"touchZone":"none","type":4,"width":16.0532}],"r":[[0.875686,0.472998,0.0971939],[-0.452415,0.874009,-0.17728],[-0.168801,0.11127,0.979349]],"s":1.08604,"t":[79.0054,-30.236,-173.691],"timestamp":522803498911},false],[6,{"currentFrameRate":110.438,"devices":[],"gestures":[],"hands":[{"armBasis":[[0.997402,-0.0211704,-0.0688552],[0.0286549,0.993563,0.109598],[0.0660917,-0.111286,0.991588]],"armWidth":63.703,"confidence":0.808451,"direction":[0.197613,0.142267,-0.969902],"elbow":[40.6134,301.675,358.709],"grabStrength":0,"id":598,"palmNormal":[-0.0206262,-0.98859,-0.149211],"palmPosition":[25.8838,335.502,36.5802],"palmVelocity":[12.4078,5.37634,-128.841],"palmWidth":90.9658,"pinchStrength":0.458468,"r":[[0.873065,0.47782,0.0971943],[-0.457388,0.871605,-0.176352],[-0.16898,0.109511,0.979517]],"s":1.08609,"sphereCenter":[30.4694,298.771,12.7985],"sphereRadius":46.3352,"stabilizedPalmPosition":[28.4119,337.904,90.5137],"t":[79.0982,-30.1304,-174.75],"timeVisible":1.18385,"type":"right","wrist":[22.7734,331.714,91.0518]}],"id":4205276,"interactionBox":{"center":[0,200,0],"size":[235.247,235.247,147.751]},"pointables":[{"bases":[[[0.451384,0.892068,0.0216301],[-0.856646,0.42642,0.290386],[0.24982,-0.149605,0.956665]],[[0.356925,0.896282,-0.263215],[-0.932979,0.35604,-0.0527757],[0.0464131,0.264411,0.963293]],[[0.356925,0.896282,-0.263215],[-0.907395,0.265727,-0.325612],[-0.221897,0.355059,0.908127]],[[0.356925,0.896282,-0.263215],[-0.775798,0.127462,-0.617974],[-0.520329,0.424772,0.740828]]],"btipPosition":[11.3642,286.728,-9.08609],"carpPosition":[-6.05759,321.964,87.2747],"dipPosition":[-0.810095,296.666,8.24734],"direction":[0.221897,-0.355059,-0.908127],"extended":false,"handId":598,"id":5980,"length":52.1025,"mcpPosition":[-6.05759,321.964,87.2747],"pipPosition":[-8.3738,308.769,39.2022],"stabilizedTipPosition":[4.63165,284.534,50.8783],"timeVisible":1.18385,"tipPosition":[8.45444,288.236,-5.12035],"tipVelocity":[51.8279,8.86822,-125.981],"tool":false,"touchDistance":-0.355486,"touchZone":"touching","type":0,"width":20.2446},{"bases":[[[0.999329,-0.0249019,0.0268438],[0.0248857,0.99969,0.000934641],[-0.0268588,-0.000265986,0.999639]],[[0.983838,-0.0246569,0.177356],[0.0254494,0.999674,-0.00219423],[-0.177244,0.00667238,0.984144]],[[0.983838,-0.0246569,0.177356],[0.0536024,0.985608,-0.160321],[-0.170851,0.167237,0.971]],[[0.983838,-0.0246569,0.177356],[0.0751684,0.955846,-0.284091],[-0.162521,0.292831,0.942251]]],"btipPosition":[20.8548,333.102,-73.9839],"carpPosition":[4.36205,342.412,81.3674],"dipPosition":[18.0788,338.104,-57.8892],"direction":[0.170851,-0.167237,-0.971],"extended":true,"handId":598,"id":5981,"length":58.7918,"mcpPosition":[6.33751,342.432,7.84393],"pipPosition":[13.9503,342.145,-34.426],"stabilizedTipPosition":[26.4996,323.9,-20.0306],"timeVisible":1.18385,"tipPosition":[20.0663,333.306,-70.1774],"tipVelocity":[11.0869,14.6152,-128.194],"tool":false,"touchDistance":-0.450014,"touchZone":"touching","type":1,"width":19.3376},{"bases":[[[0.96753,-0.194764,0.161097],[0.19288,0.980839,0.0274061],[-0.163348,0.00455613,0.986558]],[[0.961913,-0.194525,0.192052],[0.226237,0.172177,-0.958735],[0.15343,0.965668,0.209628]],[[0.961913,-0.194525,0.192052],[-0.0805232,-0.873034,-0.480964],[0.261228,0.447181,-0.855447]],[[0.961913,-0.194525,0.192052],[-0.207165,-0.977133,0.0478948],[0.178344,-0.0858571,-0.980215]]],"btipPosition":[9.81267,285.86,44.9285],"carpPosition":[16.5896,343.81,81.1072],"dipPosition":[13.1632,284.247,26.5132],"direction":[-0.261228,-0.447181,0.855447],"extended":false,"handId":598,"id":5982,"length":66.9886,"mcpPosition":[27.983,343.493,12.2953],"pipPosition":[20.5896,296.959,2.19385],"stabilizedTipPosition":[5.5499,288.017,83.0577],"timeVisible":1.18385,"tipPosition":[10.7942,285.424,39.5896],"tipVelocity":[43.5409,-8.9555,-114.152],"tool":false,"touchDistance":0.333333,"touchZone":"none","type":2,"width":18.9921},{"bases":[[[0.915635,-0.265353,0.301993],[0.256208,0.964063,0.070281],[-0.30979,0.0130212,0.950716]],[[0.906552,-0.264881,0.328637],[0.36391,0.0960069,-0.926473],[0.213854,0.95949,0.183428]],[[0.906552,-0.264881,0.328637],[-0.0971699,-0.888638,-0.448197],[0.410758,0.37438,-0.831335]],[[0.906552,-0.264881,0.328637],[-0.293966,-0.954926,0.0412417],[0.302899,-0.133996,-0.943556]]],"btipPosition":[21.536,290.77,55.2094],"carpPosition":[28.7219,342.309,82.2915],"dipPosition":[27.1939,288.267,37.5847],"direction":[-0.410758,-0.37438,0.831335],"extended":false,"handId":598,"id":5983,"length":64.4113,"mcpPosition":[48.122,341.494,22.7546],"pipPosition":[38.5697,298.636,14.5612],"stabilizedTipPosition":[18.4566,289.925,94.8812],"timeVisible":1.18385,"tipPosition":[23.1001,290.122,50.2137],"tipVelocity":[43.1563,-3.09601,-127.194],"tool":false,"touchDistance":0.333333,"touchZone":"none","type":3,"width":18.0722},{"bases":[[[0.818622,-0.417682,0.394207],[0.367121,0.908393,0.200112],[-0.441678,-0.0190946,0.89697]],[[0.815285,-0.417813,0.400927],[0.490393,0.129987,-0.861753],[0.307937,0.899186,0.310869]],[[0.815285,-0.417813,0.400927],[-0.146295,-0.818534,-0.555518],[0.560275,0.394252,-0.728462]],[[0.815285,-0.417813,0.400927],[-0.412345,-0.905001,-0.104615],[0.406549,-0.0800288,-0.910117]]],"btipPosition":[36.5066,296.992,52.6722],"carpPosition":[39.7492,334.001,85.7311],"dipPosition":[43.5123,295.613,36.9889],"direction":[-0.560275,-0.394252,0.728462],"extended":false,"handId":598,"id":5984,"length":50.4973,"mcpPosition":[65.3532,335.108,33.734],"pipPosition":[54.4677,303.322,22.7448],"stabilizedTipPosition":[34.0258,295.904,98.4996],"timeVisible":1.18385,"tipPosition":[38.4292,296.808,48.6257],"tipVelocity":[38.0065,4.64617,-136.936],"tool":false,"touchDistance":0.333333,"touchZone":"none","type":4,"width":16.0532}],"r":[[0.873065,0.47782,0.0971943],[-0.457388,0.871605,-0.176352],[-0.16898,0.109511,0.979517]],"s":1.08609,"t":[79.0982,-30.1304,-174.75],"timestamp":522803507987},false],[7,{"currentFrameRate":110.474,"devices":[],"gestures":[]