{"sensorType":"Leap","data":[[0,{"currentFrameRate":100.209,"devices":[],"gestures":[],"hands":[{"armBasis":[[0.982236,-0.183357,0.0398952],[0.177478,0.976806,0.119801],[-0.0609363,-0.110593,0.991996]],"armWidth":63.703,"confidence":0.668557,"direction":[0.255587,0.342121,-0.904228],"elbow":[5.09268,283.422,359.76],"grabStrength":0,"id":589,"palmNormal":[-0.112369,-0.918441,-0.379261],"palmPosition":[27.5361,329.29,40.0431],"palmVelocity":[161.94,25.8934,-335.451],"palmWidth":90.9658,"pinchStrength":0.730844,"r":[[0.891726,-0.182026,0.414357],[0.189794,0.98156,0.0227452],[-0.410857,0.0583601,0.90983]],"s":1.21585,"sphereCenter":[38.0478,289.951,10.6362],"sphereRadius":46.8476,"stabilizedPalmPosition":[-2.64348,310.177,108.549],"t":[86.8351,7.22069,-182.799],"timeVisible":3.73269,"type":"right","wrist":[21.5411,313.274,91.9923]}],"id":4202422,"interactionBox":{"center":[0,200,0],"size":[235.247,235.247,147.751]},"pointables":[{"bases":[[[0.536775,0.808345,0.241767],[-0.822284,0.437007,0.364519],[0.189004,-0.394466,0.899263]],[[0.426994,0.897236,-0.112445],[-0.904247,0.423189,-0.0569914],[-0.00354925,0.126013,0.992022]],[[0.426994,0.897236,-0.112445],[-0.863863,0.368005,-0.343968],[-0.26724,0.244009,0.932224]],[[0.426994,0.897236,-0.112445],[-0.754459,0.284947,-0.591266],[-0.498465,0.337303,0.798599]]],"btipPosition":[13.0355,285.348,-14.5714],"carpPosition":[-7.91366,307.846,85.3962],"dipPosition":[1.37274,293.24,4.11374],"direction":[0.26724,-0.244009,-0.932224],"extended":false,"handId":589,"id":5890,"length":52.1025,"mcpPosition":[-7.91366,307.846,85.3962],"pipPosition":[-7.73654,301.557,35.89],"stabilizedTipPosition":[29.0548,293.423,100.26],"timeVisible":3.73269,"tipPosition":[12.5796,286.569,-9.498],"tipVelocity":[191.011,-5.52139,-369.608],"tool":false,"touchDistance":-0.72709,"touchZone":"hovering","type":0,"width":20.2446},{"bases":[[[0.989515,-0.138281,0.0416896],[0.124586,0.963255,0.237946],[-0.073061,-0.230257,0.970383]],[[0.964943,-0.17346,0.196968],[0.18921,0.979846,-0.064036],[-0.181891,0.0990594,0.978316]],[[0.964943,-0.17346,0.196968],[0.212519,0.956773,-0.198547],[-0.154014,0.233446,0.960095]],[[0.964943,-0.17346,0.196968],[0.226466,0.929594,-0.290806],[-0.132657,0.325217,0.936288]]],"btipPosition":[23.9332,329.343,-67.864],"carpPosition":[4.75968,327.859,84.7197],"dipPosition":[21.6673,334.898,-51.8713],"direction":[0.154014,-0.233446,-0.960095],"extended":true,"handId":589,"id":5891,"length":58.7918,"mcpPosition":[10.1333,344.794,13.3481],"pipPosition":[17.9457,340.539,-28.6716],"stabilizedTipPosition":[-10.2685,347.161,105.888],"timeVisible":3.73269,"tipPosition":[23.8485,331.221,-64.2045],"tipVelocity":[207.073,51.9492,-365.477],"tool":false,"touchDistance":-0.0920169,"touchZone":"hovering","type":1,"width":19.3376},{"bases":[[[0.934713,-0.33029,0.13123],[0.288447,0.92072,0.262816],[-0.207631,-0.207804,0.95588]],[[0.931187,-0.333648,0.146864],[0.299888,0.472064,-0.828989],[0.207261,0.815987,0.539637]],[[0.931187,-0.333648,0.146864],[-0.10379,-0.628856,-0.770563],[0.349454,0.702296,-0.620212]],[[0.931187,-0.333648,0.146864],[-0.279057,-0.91164,-0.301727],[0.234558,0.23998,-0.942015]]],"btipPosition":[7.21818,278.649,27.7145],"carpPosition":[17.0646,327.95,85.0609],"dipPosition":[11.6248,283.158,10.0169],"direction":[-0.349454,-0.702296,0.620212],"extended":false,"handId":589,"id":5892,"length":66.9886,"mcpPosition":[31.5468,342.444,18.3888],"pipPosition":[21.5594,303.123,-7.61497],"stabilizedTipPosition":[-4.12612,284.846,45.6562],"timeVisible":3.73269,"tipPosition":[8.3618,279.625,23.0374],"tipVelocity":[216.529,-22.507,-310.039],"tool":false,"touchDistance":0.333333,"touchZone":"none","type":2,"width":18.9921},{"bases":[[[0.869548,-0.425731,0.250277],[0.347725,0.887676,0.301857],[-0.350675,-0.175452,0.919915]],[[0.862963,-0.428881,0.267125],[0.430403,0.347039,-0.833257],[0.264665,0.834041,0.484074]],[[0.862963,-0.428881,0.267125],[-0.114748,-0.68122,-0.72303],[0.492065,0.593296,-0.637081]],[[0.862963,-0.428881,0.267125],[-0.356962,-0.891663,-0.278416],[0.357593,0.14491,-0.922566]]],"btipPosition":[18.7496,279.507,41.763],"carpPosition":[28.9182,324.912,86.1173],"dipPosition":[25.4291,282.214,24.5304],"direction":[-0.492065,-0.593296,0.637081],"extended":false,"handId":589,"id":5893,"length":64.4113,"mcpPosition":[50.8786,335.899,28.5092],"pipPosition":[39.0566,298.645,6.8867],"stabilizedTipPosition":[7.52674,282.983,56.7239],"timeVisible":3.73269,"tipPosition":[20.5369,280.041,37.474],"tipVelocity":[209.771,3.95203,-277.1],"tool":false,"touchDistance":0.333333,"touchZone":"none","type":3,"width":18.0722},{"bases":[[[0.75363,-0.583955,0.301726],[0.446382,0.791642,0.417188],[-0.482478,-0.17972,0.857272]],[[0.7987,-0.562703,0.213175],[0.484459,0.391209,-0.782467],[0.3569,0.728231,0.585066]],[[0.7987,-0.562703,0.213175],[-0.184264,-0.56597,-0.80357],[0.572822,0.60253,-0.555726]],[[0.7987,-0.562703,0.213175],[-0.457681,-0.798094,-0.391885],[0.390649,0.215432,-0.894976]]],"btipPosition":[36.3091,284.072,43.6414],"carpPosition":[38.8888,314.89,87.7303],"dipPosition":[43.0408,287.784,28.219],"direction":[-0.572822,-0.60253,0.555726],"extended":false,"handId":589,"id":5894,"length":50.4973,"mcpPosition":[66.8579,325.309,38.0345],"pipPosition":[54.2415,299.566,17.3525],"stabilizedTipPosition":[31.0948,284.726,49.3928],"timeVisible":3.73269,"tipPosition":[38.2707,285.201,39.7277],"tipVelocity":[209,21.1527,-271.292],"tool":false,"touchDistance":0.333333,"touchZone":"none","type":4,"width":16.0532}],"r":[[0.891726,-0.182026,0.414357],[0.189794,0.98156,0.0227452],[-0.410857,0.0583601,0.90983]],"s":1.21585,"t":[86.8351,7.22069,-182.799],"timestamp":522770942618},false],[1,{"currentFrameRate":100.76,"devices":[],"gestures":[],"hands":[{"armBasis":[[0.984558,-0.171232,0.0363947],[0.165748,0.978726,0.120924],[-0.0563265,-0.113024,0.991994]],"armWidth":63.703,"confidence":0.687426,"direction":[0.253544,0.345476,-0.903528],"elbow":[7.74784,282.704,356.908],"grabStrength":0,"id":589,"palmNormal":[-0.100835,-0.919521,-0.379887],"palmPosition":[28.8726,329.321,37.2112],"palmVelocity":[158.962,19.8118,-331.224],"palmWidth":90.9658,"pinchStrength":0.715031,"r":[[0.89585,-0.149164,0.418573],[0.15859,0.987267,0.0124032],[-0.415093,0.0552701,0.908098]],"s":1.22305,"sphereCenter":[39.886,290.183,7.85342],"sphereRadius":46.9762,"stabilizedPalmPosition":[-1.91863,310.617,106.908],"t":[88.208,7.30995,-185.7],"timeVisible":3.74154,"type":"right","wrist":[22.9519,313.213,89.1406]}],"id":4202423,"interactionBox":{"center":[0,200,0],"size":[235.247,235.247,147.751]},"pointables":[{"bases":[[[0.526792,0.814438,0.24327],[-0.82811,0.427234,0.362913],[0.191637,-0.392634,0.899508]],[[0.417948,0.902007,-0.108184],[-0.908467,0.414618,-0.0527195],[-0.00269837,0.120316,0.992732]],[[0.417948,0.902007,-0.108184],[-0.866225,0.359785,-0.346712],[-0.273813,0.238619,0.931712]],[[0.417948,0.902007,-0.108184],[-0.748116,0.274166,-0.604281],[-0.515405,0.333492,0.789393]]],"btipPosition":[15.1039,285.504,-17.2919],"carpPosition":[-6.42318,307.444,82.4782],"dipPosition":[3.04483,293.306,1.17777],"direction":[0.273813,-0.238619,-0.931712],"extended":false,"handId":589,"id":5890,"length":52.1025,"mcpPosition":[-6.42318,307.444,82.4782],"pipPosition":[-6.28852,301.44,32.9366],"stabilizedTipPosition":[28.735,293.306,98.0925],"timeVisible":3.74154,"tipPosition":[14.3673,286.678,-12.3563],"tipVelocity":[199.761,0.115727,-354.242],"tool":false,"touchDistance":-0.724266,"touchZone":"hovering","type":0,"width":20.2446},{"bases":[[[0.990967,-0.126758,0.0437834],[0.112835,0.964536,0.238618],[-0.0724774,-0.231522,0.970126]],[[0.966673,-0.162106,0.198154],[0.176906,0.982439,-0.0593031],[-0.185061,0.0923815,0.978375]],[[0.966673,-0.162106,0.198154],[0.201058,0.959852,-0.195601],[-0.158491,0.228923,0.960456]],[[0.966673,-0.162106,0.198154],[0.215734,0.932535,-0.289547],[-0.137848,0.322646,0.936428]]],"btipPosition":[25.4811,329.622,-70.7409],"carpPosition":[6.0175,327.604,81.8376],"dipPosition":[23.1265,335.133,-54.7457],"direction":[0.158491,-0.228923,-0.960456],"extended":true,"handId":589,"id":5891,"length":58.7918,"mcpPosition":[11.3482,344.632,10.4849],"pipPosition":[19.2968,340.664,-31.5373],"stabilizedTipPosition":[-9.90304,346.992,104.093],"timeVisible":3.74154,"tipPosition":[25.3441,331.362,-67.063],"tipVelocity":[197.718,46.087,-354.477],"tool":false,"touchDistance":-0.139955,"touchZone":"hovering","type":1,"width":19.3376},{"bases":[[[0.938212,-0.319432,0.133124],[0.277126,0.923903,0.263826],[-0.207268,-0.210632,0.95534]],[[0.934426,-0.323083,0.149883],[0.294914,0.465952,-0.834215],[0.199682,0.823715,0.53068]],[[0.934426,-0.323083,0.149883],[-0.0975764,-0.636965,-0.764693],[0.342529,0.699924,-0.626722]],[[0.934426,-0.323083,0.149883],[-0.269403,-0.916443,-0.295894],[0.232957,0.236112,-0.943388]]],"btipPosition":[9.04018,278.503,25.5394],"carpPosition":[18.3198,327.838,82.2056],"dipPosition":[13.4167,282.939,7.81598],"direction":[-0.342529,-0.699924,0.626722],"extended":false,"handId":589,"id":5892,"length":66.9886,"mcpPosition":[32.7766,342.53,15.5712],"pipPosition":[23.1544,302.837,-10.001],"stabilizedTipPosition":[-2.90548,284.388,43.5726],"timeVisible":3.74154,"tipPosition":[10.2101,279.475,20.6897],"tipVelocity":[213.407,-21.4028,-292.789],"tool":false,"touchDistance":0.333333,"touchZone":"none","type":2,"width":18.9921},{"bases":[[[0.873906,-0.41568,0.25199],[0.336701,0.891535,0.302982],[-0.350601,-0.179933,0.919077]],[[0.867223,-0.41896,0.269067],[0.422203,0.332279,-0.843407],[0.263948,0.845023,0.465046]],[[0.867223,-0.41896,0.269067],[-0.11594,-0.695437,-0.709172],[0.484233,0.583815,-0.651673]],[[0.867223,-0.41896,0.269067],[-0.350993,-0.897665,-0.266463],[0.353169,0.136642,-0.925527]]],"btipPosition":[20.364,279.74,40.2941],"carpPosition":[30.2056,324.939,83.2865],"dipPosition":[26.9608,282.293,23.0061],"direction":[-0.484233,-0.583815,0.651673],"extended":false,"handId":589,"id":5893,"length":64.4113,"mcpPosition":[52.1614,336.207,25.7308],"pipPosition":[40.3715,298.461,4.95829],"stabilizedTipPosition":[9.08683,282.695,54.5061],"timeVisible":3.74154,"tipPosition":[22.2073,280.205,35.5969],"tipVelocity":[201.758,8.93898,-247.379],"tool":false,"touchDistance":0.333333,"touchZone":"none","type":3,"width":18.0722},{"bases":[[[0.759728,-0.575266,0.303121],[0.43622,0.796606,0.418488],[-0.482209,-0.18571,0.856146]],[[0.804318,-0.553706,0.2156],[0.47839,0.388211,-0.787677],[0.352443,0.736683,0.577132]],[[0.804318,-0.553706,0.2156],[-0.181777,-0.574733,-0.797896],[0.565712,0.602571,-0.562919]],[[0.804318,-0.553706,0.2156],[-0.450367,-0.804769,-0.386673],[0.387611,0.213909,-0.896661]]],"btipPosition":[38.0425,284.288,41.3435],"carpPosition":[40.2888,315.033,84.917],"dipPosition":[44.7219,287.974,25.892],"direction":[-0.565712,-0.602571,0.562919],"extended":false,"handId":589,"id":5894,"length":50.4973,"mcpPosition":[68.2423,325.798,35.2864],"pipPosition":[55.7836,299.757,14.8849],"stabilizedTipPosition":[32.5284,284.796,47.4321],"timeVisible":3.74154,"tipPosition":[39.9957,285.375,37.2788],"tipVelocity":[205.051,21.861,-268.313],"tool":false,"touchDistance":0.333333,"touchZone":"none","type":4,"width":16.0532}],"r":[[0.89585,-0.149164,0.418573],[0.15859,0.987267,0.0124032],[-0.415093,0.0552701,0.908098]],"s":1.22305,"t":[88.208,7.30995,-185.7],"timestamp":522770951472},false],[2,{"currentFrameRate":101.033,"devices":[],"gestures":[],"hands":[{"armBasis":[[0.985082,-0.170015,0.0266161],[0.165616,0.978651,0.121707],[-0.0467399,-0.115483,0.992209]],"armWidth":63.703,"confidence":0.699663,"direction":[0.252936,0.352586,-0.900947],"elbow":[11.721,281.471,354.294],"grabStrength":0,"id":589,"palmNormal":[-0.099375,-0.916835,-0.386703],"palmPosition":[30.2292,329.146,34.6601],"palmVelocity":[154.929,8.89948,-314.464],"palmWidth":90.9658,"pinchStrength":0.698297,"r":[[0.898462,-0.123087,0.421444],[0.133203,0.991074,0.00548232],[-0.418357,0.051212,0.906838]],"s":1.22991,"sphereCenter":[41.3989,290.226,5.05685],"sphereRadius":47.1296,"stabilizedPalmPosition":[-1.21192,311.024,105.32],"t":[89.5728,7.26745,-188.427],"timeVisible":3.75091,"type":"right","wrist":[24.3374,312.644,86.4686]}],"id":4202424,"interactionBox":{"center":[0,200,0],"size":[235.247,235.247,147.751]},"pointables":[{"bases":[[[0.525493,0.813456,0.24929],[-0.828776,0.423191,0.366113],[0.19232,-0.398996,0.896558]],[[0.418014,0.90317,-0.0977121],[-0.908438,0.415836,-0.0426713],[0.00209277,0.106603,0.9943]],[[0.418014,0.90317,-0.0977121],[-0.864891,0.362763,-0.346939],[-0.277898,0.229536,0.932784]],[[0.418014,0.90317,-0.0977121],[-0.74197,0.277372,-0.610366],[-0.524162,0.327641,0.78607]]],"btipPosition":[16.6034,286.068,-20.0423],"carpPosition":[-5.02873,306.878,79.7649],"dipPosition":[4.33942,293.734,-1.65029],"direction":[0.277898,-0.229536,-0.932784],"extended":false,"handId":589,"id":5890,"length":52.1025,"mcpPosition":[-5.02873,306.878,79.7649],"pipPosition":[-5.13317,301.558,30.1451],"stabilizedTipPosition":[28.4423,293.199,95.8633],"timeVisible":3.75091,"tipPosition":[15.6227,287.14,-15.2157],"tipVelocity":[187.039,16.2307,-337.525],"tool":false,"touchDistance":-0.721696,"touchZone":"hovering","type":0,"width":20.2446},{"bases":[[[0.991172,-0.125483,0.0427967],[0.111294,0.962917,0.245772],[-0.0720499,-0.238839,0.968383]],[[0.967139,-0.161833,0.196094],[0.174412,0.983475,-0.0485583],[-0.184996,0.0811638,0.979382]],[[0.967139,-0.161833,0.196094],[0.1989,0.962003,-0.187053],[-0.158372,0.21991,0.962579]],[[0.967139,-0.161833,0.196094],[0.21383,0.934983,-0.282989],[-0.137548,0.31562,0.938863]]],"btipPosition":[26.8008,330.437,-73.3129],"carpPosition":[7.37942,327.061,79.2735],"dipPosition":[24.4513,335.828,-57.2761],"direction":[0.158372,-0.21991,-0.962579],"extended":true,"handId":589,"id":5891,"length":58.7918,"mcpPosition":[12.6787,344.628,8.04902],"pipPosition":[20.6244,341.142,-34.0164],"stabilizedTipPosition":[-9.48431,346.815,102.082],"timeVisible":3.75091,"tipPosition":[26.6461,332.047,-69.6109],"tipVelocity":[181.589,56.8726,-331.453],"tool":false,"touchDistance":-0.182662,"touchZone":"hovering","type":1,"width":19.3376},{"bases":[[[0.938732,-0.318901,0.130706],[0.275653,0.922363,0.27067],[-0.206875,-0.218057,0.953758]],[[0.934751,-0.322874,0.1483],[0.292629,0.462866,-0.836734],[0.201516,0.825535,0.527147]],[[0.934751,-0.322874,0.1483],[-0.0995644,-0.638699,-0.762988],[0.341068,0.698438,-0.629172]],[[0.934751,-0.322874,0.1483],[-0.269577,-0.916379,-0.295936],[0.231449,0.236648,-0.943626]]],"btipPosition":[10.3558,278.44,23.3312],"carpPosition":[19.6813,327.313,79.6427],"dipPosition":[14.704,282.886,5.60333],"direction":[-0.341068,-0.698438,0.629172],"extended":false,"handId":589,"id":5892,"length":66.9886,"mcpPosition":[34.1108,342.522,13.1186],"pipPosition":[24.4002,302.741,-12.2833],"stabilizedTipPosition":[-1.71105,283.975,41.5358],"timeVisible":3.75091,"tipPosition":[11.5437,279.428,18.3349],"tipVelocity":[192.464,-17.165,-276.584],"tool":false,"touchDistance":0.333333,"touchZone":"none","type":2,"width":18.9921},{"bases":[[[0.874589,-0.416132,0.248856],[0.335281,0.889801,0.309582],[-0.350259,-0.18732,0.917731]],[[0.868009,-0.419502,0.265667],[0.417886,0.328167,-0.847158],[0.268201,0.84636,0.460156]],[[0.868009,-0.419502,0.265667],[-0.120921,-0.697501,-0.706307],[0.4816,0.580956,-0.656164]],[[0.868009,-0.419502,0.265667],[-0.352301,-0.89733,-0.265863],[0.349921,0.137177,-0.926681]]],"btipPosition":[21.6524,279.698,38.1577],"carpPosition":[31.5719,324.424,80.7015],"dipPosition":[28.1886,282.261,20.8483],"direction":[-0.4816,-0.580956,0.656164],"extended":false,"handId":589,"id":5893,"length":64.4113,"mcpPosition":[53.5063,336.155,23.2302],"pipPosition":[41.5264,298.35,2.67605],"stabilizedTipPosition":[10.5834,282.439,52.3436],"timeVisible":3.75091,"tipPosition":[23.4942,280.152,33.2982],"tipVelocity":[183.077,5.19002,-242.016],"tool":false,"touchDistance":0.333333,"touchZone":"none","type":3,"width":18.0722},{"bases":[[[0.760671,-0.576277,0.298805],[0.434959,0.794177,0.424375],[-0.481862,-0.192841,0.854764]],[[0.804783,-0.554266,0.212399],[0.475332,0.387483,-0.789884],[0.355505,0.736646,0.5753]],[[0.804783,-0.554266,0.212399],[-0.185369,-0.574626,-0.797147],[0.563881,0.602159,-0.565193]],[[0.804783,-0.554266,0.212399],[-0.451271,-0.803789,-0.387657],[0.385589,0.21613,-0.897]]],"btipPosition":[39.367,284.163,38.8796],"carpPosition":[41.6711,314.523,82.2579],"dipPosition":[46.0116,287.887,23.4223],"direction":[-0.563881,-0.602159,0.565193],"extended":false,"handId":589,"id":5894,"length":50.4973,"mcpPosition":[69.6045,325.702,32.7075],"pipPosition":[57.0375,299.662,12.3708],"stabilizedTipPosition":[33.8313,284.831,45.5467],"timeVisible":3.75091,"tipPosition":[41.3121,285.229,34.7186],"tipVelocity":[186.708,12.1173,-266.823],"tool":false,"touchDistance":0.333333,"touchZone":"none","type":4,"width":16.0532}],"r":[[0.898462,-0.123087,0.421444],[0.133203,0.991074,0.00548232],[-0.418357,0.051212,0.906838]],"s":1.22991,"t":[89.5728,7.26745,-188.427],"timestamp":522770960843},false],[3,{"currentFrameRate":101.612,"devices":[],"gestures":[],"hands":[{"armBasis":[[0.985073,-0.167309,0.0404927],[0.161353,0.979397,0.121436],[-0.0599757,-0.113089,0.991773]],"armWidth":63.703,"confidence":0.713496,"direction":[0.251843,0.359038,-0.898703],"elbow":[9.25088,281.865,351.628],"grabStrength":0,"id":589,"palmNormal":[-0.093888,-0.91519,-0.391935],"palmPosition":[31.2901,329.217,32.211],"palmVelocity":[146.005,8.6835,-305.414],"palmWidth":90.9658,"pinchStrength":0.674771,"r":[[0.900111,-0.101638,0.423639],[0.11173,0.993738,0.00102031],[-0.42109,0.0464147,0.905831]],"s":1.23639,"sphereCenter":[42.6623,290.588,2.44426],"sphereRadius":47.1916,"stabilizedPalmPosition":[-0.608177,311.362,103.962],"t":[90.7856,7.28151,-191.014],"timeVisible":3.75964,"type":"right","wrist":[25.44,312.391,83.9203]}],"id":4202425,"interactionBox":{"center":[0,200,0],"size":[235.247,235.247,147.751]},"pointables":[{"bases":[[[0.520709,0.814958,0.254372],[-0.831477,0.41651,0.367647],[0.193669,-0.402942,0.8945]],[[0.414377,0.905747,-0.0889636],[-0.910095,0.41286,-0.0356989],[0.00439538,0.0957581,0.995395]],[[0.414377,0.905747,-0.0889636],[-0.864347,0.361053,-0.350065],[-0.284949,0.221954,0.932491]],[[0.414377,0.905747,-0.0889636],[-0.734266,0.274961,-0.620685],[-0.537722,0.322521,0.778996]]],"btipPosition":[18.1878,286.609,-22.5314],"carpPosition":[-3.88702,306.5,77.1549],"dipPosition":[5.60655,294.155,-4.30496],"direction":[0.284949,-0.221954,-0.932491],"extended":false,"handId":589,"id":5890,"length":52.1025,"mcpPosition":[-3.88702,306.5,77.1549],"pipPosition":[-4.10637,301.721,27.4804],"stabilizedTipPosition":[28.2064,293.112,93.8139],"timeVisible":3.75964,"tipPosition":[16.9127,287.632,-17.8459],"tipVelocity":[183.335,27.6381,-324.702],"tool":false,"touchDistance":-0.715768,"touchZone":"hovering","type":0,"width":20.2446},{"bases":[[[0.991814,-0.120201,0.0430872],[0.105687,0.962128,0.251276],[-0.0716591,-0.244665,0.966956]],[[0.968017,-0.157364,0.195393],[0.168183,0.984946,-0.0399616],[-0.186163,0.0715453,0.97991]],[[0.968017,-0.157364,0.195393],[0.193227,0.964392,-0.180589],[-0.160018,0.212568,0.963955]],[[0.968017,-0.157364,0.195393],[0.208601,0.937546,-0.278377],[-0.139384,0.310233,0.940387]]],"btipPosition":[27.9228,331.241,-75.7743],"carpPosition":[8.40893,326.755,76.7891],"dipPosition":[25.542,336.54,-59.7115],"direction":[0.160018,-0.212568,-0.963955],"extended":true,"handId":589,"id":5891,"length":58.7918,"mcpPosition":[13.6795,344.75,5.66954],"pipPosition":[21.6753,341.677,-36.4185],"stabilizedTipPosition":[-9.07268,346.655,100.137],"timeVisible":3.75964,"tipPosition":[27.7484,332.755,-72.0566],"tipVelocity":[167.186,65.6618,-318.055],"tool":false,"touchDistance":-0.223586,"touchZone":"hovering","type":1,"width":19.3376},{"bases":[[[0.940367,-0.314398,0.129858],[0.270245,0.92235,0.276111],[-0.206584,-0.224553,0.952313]],[[0.936209,-0.318669,0.148197],[0.288127,0.454509,-0.842855],[0.201235,0.831788,0.517332]],[[0.936209,-0.318669,0.148197],[-0.100201,-0.646213,-0.756551],[0.336856,0.69344,-0.636921]],[[0.936209,-0.318669,0.148197],[-0.266655,-0.918778,-0.291106],[0.228927,0.233019,-0.945143]]],"btipPosition":[11.5437,278.561,21.6831],"carpPosition":[20.7089,327.072,77.172],"dipPosition":[15.8445,282.939,3.92672],"direction":[-0.336856,-0.69344,0.636921],"extended":false,"handId":589,"id":5892,"length":66.9886,"mcpPosition":[35.118,342.735,10.7488],"pipPosition":[25.421,302.653,-14.1802],"stabilizedTipPosition":[-0.671612,283.654,39.7891],"timeVisible":3.75964,"tipPosition":[12.7571,279.547,16.4534],"tipVelocity":[177.059,-9.32798,-253.317],"tool":false,"touchDistance":0.333333,"touchZone":"none","type":2,"width":18.9921},{"bases":[[[0.876652,-0.412646,0.247397],[0.330016,0.889903,0.3149],[-0.350102,-0.194413,0.916315]],[[0.870085,-0.416141,0.264156],[0.41385,0.325673,-0.850097],[0.267732,0.848978,0.455583]],[[0.870085,-0.416141,0.264156],[-0.121649,-0.70064,-0.703069],[0.477654,0.579595,-0.66024]],[[0.870085,-0.416141,0.264156],[-0.349615,-0.898816,-0.264386],[0.347449,0.137685,-0.927535]]],"btipPosition":[22.8614,279.874,36.1046],"carpPosition":[32.6143,324.244,78.2266],"dipPosition":[29.3515,282.445,18.7791],"direction":[-0.477654,-0.579595,0.66024],"extended":false,"handId":589,"id":5893,"length":64.4113,"mcpPosition":[54.5388,336.419,20.8439],"pipPosition":[42.5799,298.497,0.49406],"stabilizedTipPosition":[11.8431,282.258,50.4936],"timeVisible":3.75964,"tipPosition":[24.7035,280.313,31.1164],"tipVelocity":[170.838,9.24337,-240.323],"tool":false,"touchDistance":0.333333,"touchZone":"none","type":3,"width":18.0722},{"bases":[[[0.76358,-0.573701,0.296334],[0.430114,0.794193,0.429255],[-0.48161,-0.200313,0.853186]],[[0.807383,-0.551131,0.210684],[0.472522,0.390123,-0.79027],[0.35335,0.737604,0.5754]],[[0.807383,-0.551131,0.210684],[-0.184077,-0.574534,-0.797512],[0.560579,0.605116,-0.565319]],[[0.807383,-0.551131,0.210684],[-0.447737,-0.804839,-0.38957],[0.384271,0.220201,-0.896575]]],"btipPosition":[40.6118,284.302,36.4424],"carpPosition":[42.767,314.391,79.7376],"dipPosition":[47.2337,288.097,20.9924],"direction":[-0.560579,-0.605116,0.565319],"extended":false,"handId":589,"id":5894,"length":50.4973,"mcpPosition":[70.6858,326.003,30.2787],"pipPosition":[58.195,299.929,9.93841],"stabilizedTipPosition":[34.8872,284.874,43.9371],"timeVisible":3.75964,"tipPosition":[42.5449,285.366,32.2392],"tipVelocity":[174.76,13.6325,-270.101],"tool":false,"touchDistance":0.333333,"touchZone":"none","type":4,"width":16.0532}],"r":[[0.900111,-0.101638,0.423639],[0.11173,0.993738,0.00102031],[-0.42109,0.0464147,0.905831]],"s":1.23639,"t":[90.7856,7.28151,-191.014],"timestamp":522770969570},false],[4,{"currentFrameRate":101.871,"devices":[],"gestures":[],"hands":[{"armBasis":[[0.986293,-0.159791,0.041148],[0.154335,0.981591,0.112518],[-0.0583699,-0.104625,0.992797]],"armWidth":63.703,"confidence":0.71869,"direction":[0.251708,0.37773,-0.891046],"elbow":[10.7476,283.075,349.327],"grabStrength":0,"id":589,"palmNormal":[-0.0804106,-0.909344,-0.408202],"palmPosition":[32.3947,329.11,29.964],"palmVelocity":[138.236,2.98266,-287.233],"palmWidth":90.9658,"pinchStrength":0.654169,"r":[[0.900898,-0.0836654,0.425891],[0.092018,0.995757,0.000966291],[-0.424164,0.0383191,0.904774]],"s":1.24263,"sphereCenter":[44.3392,291.215,-0.371742],"sphereRadius":47.2518,"stabilizedPalmPosition":[-0.0326569,311.672,102.672],"t":[91.9443,7.23507,-193.432],"timeVisible":3.76896,"type":"right","wrist":[26.5033,311.316,81.3435]}],"id":4202426,"interactionBox":{"center":[0,200,0],"size":[235.247,235.247,147.751]},"pointables":[{"bases":[[[0.509133,0.816872,0.271116],[-0.838461,0.39961,0.370533],[0.194337,-0.415971,0.88837]],[[0.40425,0.912052,-0.0688673],[-0.914647,0.403262,-0.0283081],[0.00195313,0.0744328,0.997224]],[[0.40425,0.912052,-0.0688673],[-0.865395,0.357021,-0.351607],[-0.296097,0.201734,0.933611]],[[0.40425,0.912052,-0.0688673],[-0.728542,0.275559,-0.627131],[-0.553,0.30369,0.775863]]],"btipPosition":[20.2206,287.48,-25.4159],"carpPosition":[-2.71354,305.176,74.3266],"dipPosition":[7.28189,294.585,-7.26273],"direction":[0.296097,-0.201734,-0.933611],"extended":false,"handId":589,"id":5890,"length":52.1025,"mcpPosition":[-2.71354,305.176,74.3266],"pipPosition":[-2.81101,301.462,24.5608],"stabilizedTipPosition":[27.993,293.034,91.5737],"timeVisible":3.76896,"tipPosition":[18.7145,288.401,-20.8282],"tipVelocity":[190.681,43.1643,-320.922],"tool":false,"touchDistance":-0.716044,"touchZone":"hovering","type":0,"width":20.2446},{"bases":[[[0.993028,-0.1085,0.0460886],[0.092308,0.958864,0.268439],[-0.0733183,-0.262313,0.962193]],[[0.969123,-0.148421,0.196907],[0.15527,0.987675,-0.0197235],[-0.191553,0.0496882,0.980224]],[[0.969123,-0.148421,0.196907],[0.181531,0.969886,-0.162383],[-0.166877,0.193113,0.966881]],[[0.969123,-0.148421,0.196907],[0.197902,0.944541,-0.262063],[-0.147091,0.29294,0.944749]]],"btipPosition":[29.4924,333.076,-77.9971],"carpPosition":[9.32762,325.587,74.3748],"dipPosition":[26.98,338.079,-61.8598],"direction":[0.166877,-0.193113,-0.966881],"extended":true,"handId":589,"id":5891,"length":58.7918,"mcpPosition":[14.7202,344.88,3.60545],"pipPosition":[22.9476,342.746,-38.4961],"stabilizedTipPosition":[-8.56037,346.487,97.7844],"timeVisible":3.76896,"tipPosition":[29.2781,334.469,-74.2515],"tipVelocity":[166.62,100.7,-295.043],"tool":false,"touchDistance":-0.260347,"touchZone":"hovering","type":1,"width":19.3376},{"bases":[[[0.943609,-0.304804,0.129219],[0.25723,0.920725,0.293426],[-0.208412,-0.24364,0.947208]],[[0.939282,-0.309584,0.148011],[0.284164,0.459964,-0.841239],[0.192355,0.83222,0.520009]],[[0.939282,-0.309584,0.148011],[-0.0925464,-0.643897,-0.759494],[0.330431,0.699681,-0.633452]],[[0.939282,-0.309584,0.148011],[-0.255699,-0.919109,-0.299762],[0.228839,0.243715,-0.942463]]],"btipPosition":[13.1951,278.473,19.4154],"carpPosition":[21.6206,326.052,74.8262],"dipPosition":[17.4943,283.052,1.70932],"direction":[-0.330431,-0.699681,0.633452],"extended":false,"handId":589,"id":5892,"length":66.9886,"mcpPosition":[36.1572,343.046,8.75898],"pipPosition":[26.8881,302.943,-16.299],"stabilizedTipPosition":[0.412452,283.353,38.0051],"timeVisible":3.76896,"tipPosition":[14.4341,279.531,14.0558],"tipVelocity":[177.091,-7.96584,-250.147],"tool":false,"touchDistance":0.333333,"touchZone":"none","type":2,"width":18.9921},{"bases":[[[0.88056,-0.405871,0.24471],[0.317215,0.888359,0.331954],[-0.35212,-0.21468,0.911002]],[[0.873912,-0.409763,0.261481],[0.410847,0.335186,-0.847853],[0.259774,0.848377,0.461273]],[[0.873912,-0.409763,0.261481],[-0.114842,-0.696755,-0.708056],[0.472323,0.58875,-0.655961]],[[0.873912,-0.409763,0.261481],[-0.339626,-0.899575,-0.274627],[0.347753,0.151194,-0.925315]]],"btipPosition":[24.4263,279.775,33.6893],"carpPosition":[33.5554,323.355,75.8927],"dipPosition":[30.922,282.599,16.4053],"direction":[-0.472323,-0.58875,0.655961],"extended":false,"handId":589,"id":5893,"length":64.4113,"mcpPosition":[55.6063,336.799,18.8428],"pipPosition":[44.0028,298.904,-1.76126],"stabilizedTipPosition":[13.0952,282.095,48.6453],"timeVisible":3.76896,"tipPosition":[26.2878,280.273,28.5927],"tipVelocity":[170.053,5.39069,-245.365],"tool":false,"touchDistance":0.333333,"touchZone":"none","type":3,"width":18.0722},{"bases":[[[0.769289,-0.569156,0.290269],[0.417949,0.791937,0.445146],[-0.483232,-0.221129,0.847106]],[[0.812763,-0.544868,0.206242],[0.469946,0.403925,-0.784854],[0.344335,0.734822,0.584354]],[[0.812763,-0.544868,0.206242],[-0.176251,-0.567377,-0.804375],[0.555295,0.617416,-0.557177]],[[0.812763,-0.544868,0.206242],[-0.437416,-0.80454,-0.401725],[0.384817,0.236294,-0.892234]]],"btipPosition":[42.1754,284.303,33.7916],"carpPosition":[43.824,313.605,77.285],"dipPosition":[48.8067,288.375,18.4165],"direction":[-0.555295,-0.617416,0.557177],"extended":false,"handId":589,"id":5894,"length":50.4973,"mcpPosition":[71.8368,326.424,28.1785],"pipPosition":[59.6647,300.448,7.52169],"stabilizedTipPosition":[35.9195,284.917,42.3346],"timeVisible":3.76896,"tipPosition":[44.1106,285.42,29.5499],"tipVelocity":[172.854,11.7531,-273.635],"tool":false,"touchDistance":0.333333,"touchZone":"none","type":4,"width":16.0532}],"r":[[0.900898,-0.0836654,0.425891],[0.092018,0.995757,0.000966291],[-0.424164,0.0383191,0.904774]],"s":1.24263,"t":[91.9443,7.23507,-193.432],"timestamp":522770978889},false],[5,{"currentFrameRate":102.404,"devices":[],"gestures":[],"hands":[{"armBasis":[[0.988653,-0.144605,0.0406677],[0.139426,0.984126,0.109797],[-0.0558994,-0.102881,0.993122]],"armWidth":63.703,"confidence":0.729633,"direction":[0.250363,0.388975,-0.886576],"elbow":[11.9678,282.963,347.838],"grabStrength":0,"id":589,"palmNormal":[-0.0625138,-0.907334,-0.415736],"palmPosition":[32.9401,329.03,28.5631],"palmVelocity":[117.897,-0.273194,-253.177],"palmWidth":90.9658,"pinchStrength":0.63416,"r":[[0.901005,-0.0668787,0.428622],[0.0728198,0.997342,0.00254276],[-0.427652,0.0289211,0.90348]],"s":1.24838,"sphereCenter":[45.7249,291.586,-1.95439],"sphereRadius":47.3342,"stabilizedPalmPosition":[0.439126,311.92,101.611],"t":[92.7964,7.17176,-195.341],"timeVisible":3.7777,"type":"right","wrist":[27.0566,310.734,79.7667]}],"id":4202427,"interactionBox":{"center":[0,200,0],"size":[235.247,235.247,147.751]},"pointables":[{"bases":[[[0.493537,0.82326,0.280471],[-0.847288,0.382341,0.368672],[0.196278,-0.419593,0.886237]],[[0.390064,0.919042,-0.056665],[-0.920785,0.389161,-0.0266313],[-0.00242344,0.0625642,0.998038]],[[0.390064,0.919042,-0.056665],[-0.868591,0.34683,-0.35392],[-0.305614,0.18727,0.933558]],[[0.390064,0.919042,-0.056665],[-0.724946,0.268577,-0.634287],[-0.567718,0.288492,0.771018]]],"btipPosition":[21.8113,287.897,-27.1381],"carpPosition":[-2.01003,304.153,72.5298],"dipPosition":[8.52823,294.647,-9.09834],"direction":[0.305614,-0.18727,-0.933558],"extended":false,"handId":589,"id":5890,"length":52.1025,"mcpPosition":[-2.01003,304.153,72.5298],"pipPosition":[-1.88909,301.03,22.7234],"stabilizedTipPosition":[27.8148,292.965,89.3639],"timeVisible":3.7777,"tipPosition":[20.1308,288.715,-22.6187],"tipVelocity":[185.889,41.8782,-288.481],"tool":false,"touchDistance":-0.698998,"touchZone":"hovering","type":0,"width":20.2446},{"bases":[[[0.994453,-0.0919342,0.0511095],[0.0743708,0.95815,0.276436],[-0.0743846,-0.271102,0.959672]],[[0.970498,-0.133295,0.200914],[0.138138,0.99036,-0.0102158],[-0.197616,0.0376684,0.979556]],[[0.970498,-0.133295,0.200914],[0.165689,0.974062,-0.154112],[-0.175161,0.182854,0.96741]],[[0.970498,-0.133295,0.200914],[0.183173,0.949463,-0.254886],[-0.156786,0.284169,0.945868]]],"btipPosition":[30.5498,333.813,-79.3816],"carpPosition":[9.6804,324.764,72.808],"dipPosition":[27.8718,338.667,-63.2252],"direction":[0.175161,-0.182854,-0.96741],"extended":true,"handId":589,"id":5891,"length":58.7918,"mcpPosition":[15.1514,344.704,2.2241],"pipPosition":[23.6392,343.086,-39.8487],"stabilizedTipPosition":[-8.00413,346.32,95.2781],"timeVisible":3.7777,"tipPosition":[30.2974,335.162,-75.627],"tipVelocity":[153.196,95.265,-258.258],"tool":false,"touchDistance":-0.283348,"touchZone":"hovering","type":1,"width":19.3376},{"bases":[[[0.947913,-0.289701,0.132415],[0.239773,0.922629,0.3021],[-0.209689,-0.254615,0.944035]],[[0.943464,-0.294807,0.151541],[0.279176,0.460234,-0.842761],[0.178708,0.837421,0.516517]],[[0.943464,-0.294807,0.151541],[-0.0809057,-0.648149,-0.757203],[0.32145,0.702134,-0.635357]],[[0.943464,-0.294807,0.151541],[-0.240151,-0.923039,-0.300543],[0.228481,0.247159,-0.941652]]],"btipPosition":[14.5441,278.237,18.3533],"carpPosition":[21.9608,325.435,73.3357],"dipPosition":[18.8365,282.88,0.662531],"direction":[-0.32145,-0.702134,0.635357],"extended":false,"handId":589,"id":5892,"length":66.9886,"mcpPosition":[36.5865,343.194,7.48978],"pipPosition":[27.975,302.841,-17.3999],"stabilizedTipPosition":[1.4377,283.078,36.3966],"timeVisible":3.7777,"tipPosition":[15.8015,279.319,12.8914],"tipVelocity":[170.913,-12.6182,-215.538],"tool":false,"touchDistance":0.333333,"touchZone":"none","type":2,"width":18.9921},{"bases":[[[0.885934,-0.392734,0.246742],[0.300078,0.890987,0.340728],[-0.353659,-0.227821,0.907206]],[[0.879164,-0.396927,0.263667],[0.408162,0.341712,-0.846544],[0.245917,0.85187,0.462431]],[[0.879164,-0.396927,0.263667],[-0.102456,-0.697833,-0.708895],[0.465375,0.59622,-0.654177]],[[0.879164,-0.396927,0.263667],[-0.324483,-0.903881,-0.278764],[0.348973,0.159524,-0.923455]]],"btipPosition":[25.6894,279.658,32.3501],"carpPosition":[33.9336,322.934,74.4516],"dipPosition":[32.2079,282.637,15.1008],"direction":[-0.465375,-0.59622,0.654177],"extended":false,"handId":589,"id":5893,"length":64.4113,"mcpPosition":[56.0809,337.201,17.6394],"pipPosition":[45.0963,299.15,-3.01635],"stabilizedTipPosition":[14.2109,281.956,47.0413],"timeVisible":3.7777,"tipPosition":[27.566,280.193,27.211],"tipVelocity":[163.34,1.45512,-220.395],"tool":false,"touchDistance":0.333333,"touchZone":"none","type":3,"width":18.0722},{"bases":[[[0.777206,-0.558244,0.29037],[0.401788,0.795405,0.453759],[-0.48427,-0.235997,0.842489]],[[0.820315,-0.532862,0.207704],[0.466332,0.412963,-0.782301],[0.331084,0.738593,0.587251]],[[0.820315,-0.532862,0.207704],[-0.164617,-0.567801,-0.806538],[0.547708,0.627424,-0.553494]],[[0.820315,-0.532862,0.207704],[-0.422714,-0.809541,-0.407378],[0.385221,0.246378,-0.889327]]],"btipPosition":[43.3804,284.407,32.3784],"carpPosition":[44.359,313.349,75.8286],"dipPosition":[50.0186,288.652,17.0534],"direction":[-0.547708,-0.627424,0.553494],"extended":false,"handId":589,"id":5894,"length":50.4973,"mcpPosition":[72.432,327.03,26.9898],"pipPosition":[60.7282,300.921,6.23058],"stabilizedTipPosition":[36.8098,284.963,40.9991],"timeVisible":3.7777,"tipPosition":[45.3179,285.555,28.1072],"tipVelocity":[163.496,12.9914,-243.247],"tool":false,"touchDistance":0.333333,"touchZone":"none","type":4,"width":16.0532}],"r":[[0.901005,-0.0668787,0.428622],[0.0728198,0.997342,0.00254276],[-0.427652,0.0289211,0.90348]],"s":1.24838,"t":[92.7964,7.17176,-195.341],"timestamp":522770987636},false],[6,{"currentFrameRate":102.618,"devices":[],"gestures":[],"hands":[{"armBasis":[[0.990626,-0.130599,0.0400433],[0.125853,0.986566,0.104154],[-0.0531078,-0.0981382,0.993755]],"armWidth":63.703,"confidence":0.739101,"direction":[0.247113,0.39759,-0.883661],"elbow":[13.4029,283.574,346.423],"grabStrength":0,"id":589,"palmNormal":[-0.0466147,-0.90601,-0.420681],"palmPosition":[33.5015,328.721,27.0941],"palmVelocity":[101.532,-9.54996,-226.022],"palmWidth":90.9658,"pinchStrength":0.612248,"r":[[0.900728,-0.0510297,0.431377],[0.0542475,0.998516,0.00484886],[-0.430984,0.0190336,0.902159]],"s":1.25406,"sphereCenter":[46.9333,291.695,-3.53849],"sphereRadius":47.3914,"stabilizedPalmPosition":[0.872822,312.141,100.634],"t":[93.5031,6.98593,-197.03],"timeVisible":3.78704,"type":"right","wrist":[27.7382,310.064,78.1808]}],"id":4202428,"interactionBox":{"center":[0,200,0],"size":[235.247,235.247,147.751]},"pointables":[{"bases":[[[0.479379,0.829536,0.286471],[-0.854524,0.366829,0.367729],[0.199959,-0.421078,0.884709]],[[0.376435,0.92519,-0.0481681],[-0.926429,0.375637,-0.0250158],[-0.00505064,0.0540411,0.998526]],[[0.376435,0.92519,-0.0481681],[-0.872312,0.33645,-0.354787],[-0.312039,0.175572,0.933706]],[[0.376435,0.92519,-0.0481681],[-0.723701,0.261198,-0.638774],[-0.578406,0.275317,0.767885]]],"btipPosition":[23.2264,287.935,-28.8149],"carpPosition":[-1.19514,303.058,70.8091],"dipPosition":[9.69324,294.377,-10.8484],"direction":[0.312039,-0.175572,-0.933706],"extended":false,"handId":589,"id":5890,"length":52.1025,"mcpPosition":[-1.19514,303.058,70.8091],"pipPosition":[-0.943089,300.362,20.9784],"stabilizedTipPosition":[27.645,292.887,86.8487],"timeVisible":3.78704,"tipPosition":[21.4034,288.672,-24.3466],"tipVelocity":[174.414,29.0219,-258.139],"tool":false,"touchDistance":-0.682836,"touchZone":"hovering","type":0,"width":20.2446},{"bases":[[[0.995615,-0.0763305,0.0540693],[0.0581291,0.957743,0.28169],[-0.0732861,-0.277312,0.957981]],[[0.971971,-0.118682,0.202943],[0.121856,0.992543,-0.00316951],[-0.201054,0.0278105,0.979185]],[[0.971971,-0.118682,0.202943],[0.150374,0.977396,-0.148611],[-0.180719,0.174963,0.967848]],[[0.971971,-0.118682,0.202943],[0.168739,0.953249,-0.250688],[-0.163703,0.277906,0.946557]]],"btipPosition":[31.3524,334.079,-80.8363],"carpPosition":[10.1637,323.852,71.2354],"dipPosition":[28.5562,338.826,-64.6681],"direction":[0.180719,-0.174963,-0.967848],"extended":true,"handId":589,"id":5891,"length":58.7918,"mcpPosition":[15.5539,344.248,0.775886],"pipPosition":[24.1893,343.054,-41.2811],"stabilizedTipPosition":[-7.34766,346.131,92.3547],"timeVisible":3.78704,"tipPosition":[31.0719,335.381,-77.0753],"tipVelocity":[133.323,75.5939,-229.145],"tool":false,"touchDistance":-0.305125,"touchZone":"hovering","type":1,"width":19.3376},{"bases":[[[0.951966,-0.275241,0.13418],[0.22399,0.92473,0.30774],[-0.208783,-0.262903,0.941962]],[[0.947519,-0.280535,0.153326],[0.272329,0.457016,-0.846743],[0.167469,0.844059,0.509429]],[[0.947519,-0.280535,0.153326],[-0.0721099,-0.654767,-0.752383],[0.311462,0.70184,-0.640634]],[[0.947519,-0.280535,0.153326],[-0.226364,-0.927371,-0.297897],[0.22576,0.247556,-0.942204]]],"btipPosition":[15.8267,277.777,17.4732],"carpPosition":[22.43,324.716,71.809],"dipPosition":[20.068,282.427,-0.227941],"direction":[-0.311462,-0.70184,0.640634],"extended":false,"handId":589,"id":5892,"length":66.9886,"mcpPosition":[36.9924,343.053,6.10774],"pipPosition":[28.9225,302.38,-18.4404],"stabilizedTipPosition":[2.58897,282.761,34.6736],"timeVisible":3.78704,"tipPosition":[17.0865,278.867,11.9061],"tipVelocity":[161.05,-22.9475,-181.253],"tool":false,"touchDistance":0.333333,"touchZone":"none","type":2,"width":18.9921},{"bases":[[[0.891253,-0.379851,0.247752],[0.284661,0.89385,0.346411],[-0.353037,-0.238215,0.904775]],[[0.88436,-0.384324,0.264959],[0.403688,0.344634,-0.847504],[0.234402,0.856459,0.459927]],[[0.88436,-0.384324,0.264959],[-0.0930327,-0.70132,-0.70675],[0.457442,0.600371,-0.655974]],[[0.88436,-0.384324,0.264959],[-0.311335,-0.908524,-0.278666],[0.347819,0.16395,-0.923115]]],"btipPosition":[26.9099,279.372,31.1593],"carpPosition":[34.4373,322.4,72.9533],"dipPosition":[33.4068,282.435,13.9164],"direction":[-0.457442,-0.600371,0.655974],"extended":false,"handId":589,"id":5893,"length":64.4113,"mcpPosition":[56.5457,337.318,16.2933],"pipPosition":[46.0755,299.062,-4.25059],"stabilizedTipPosition":[15.3736,281.802,45.4154],"timeVisible":3.78704,"tipPosition":[28.7905,279.917,25.9607],"tipVelocity":[153.943,-7.03912,-194.043],"tool":false,"touchDistance":0.333333,"touchZone":"none","type":3,"width":18.0722},{"bases":[[[0.785035,-0.547302,0.290139],[0.387503,0.799307,0.459293],[-0.483282,-0.248132,0.839565]],[[0.82759,-0.521111,0.208656],[0.460646,0.418061,-0.782963],[0.32078,0.744089,0.586031]],[[0.82759,-0.521111,0.208656],[-0.156698,-0.57141,-0.805566],[0.539017,0.633983,-0.55455]],[[0.82759,-0.521111,0.208656],[-0.410494,-0.815376,-0.408236],[0.382869,0.2522,-0.88871]]],"btipPosition":[44.5485,284.314,31.0888],"carpPosition":[45.0097,312.976,74.3163],"dipPosition":[51.1462,288.66,15.7744],"direction":[-0.539017,-0.633983,0.55455],"extended":false,"handId":589,"id":5894,"length":50.4973,"mcpPosition":[73.0254,327.36,25.647],"pipPosition":[61.6859,301.056,4.93092],"stabilizedTipPosition":[37.7041,284.997,39.7014],"timeVisible":3.78704,"tipPosition":[46.4758,285.469,26.7575],"tipVelocity":[152.336,7.19681,-213.389],"tool":false,"touchDistance":0.333333,"touchZone":"none","type":4,"width":16.0532}],"r":[[0.900728,-0.0510297,0.431377],[0.0542475,0.998516,0.00484886],[-0.430984,0.0190336,0.902159]],"s":1.25406,"t":[93.5031,6.98593,-197.03],"timestamp":522770996974},false],[7,{"currentFrameRate":103.086,"devices":[],"gestures":[],"hands":[{"armBasis":[[0.991351,-0.123768,0.0436403],[0.118865,0.987745,0.101144],[-0.0556239,-0.095082,0.993914]],"armWidth":63.703,"confidence":0.743709,"directi