{"sensorType":"Leap","data":[[0,{"currentFrameRate":104.53,"devices":[],"gestures":[],"hands":[{"armBasis":[[0.992522,-0.122051,0.00163743],[0.120816,0.984214,0.129331],[-0.0173965,-0.128166,0.9916]],"armWidth":63.703,"confidence":0.779923,"direction":[0.259498,0.327567,-0.908494],"elbow":[12.6372,289.545,361.421],"grabStrength":0,"id":589,"palmNormal":[-0.0612433,-0.933244,-0.353984],"palmPosition":[23.7328,338.918,41.493],"palmVelocity":[132.832,-13.3415,-278.684],"palmWidth":90.9658,"pinchStrength":0.814576,"r":[[0.983355,0.181261,0.0125216],[-0.181377,0.983374,0.00884947],[-0.0107094,-0.0109733,0.999882]],"s":1.12299,"sphereCenter":[34.0114,299.354,12.4769],"sphereRadius":47.0308,"stabilizedPalmPosition":[-45.2384,327.329,193.678],"t":[83.2699,17.0613,-181.834],"timeVisible":0.415728,"type":"right","wrist":[17.333,324.141,93.7601]}],"id":4202072,"interactionBox":{"center":[0,200,0],"size":[235.247,235.247,147.751]},"pointables":[{"bases":[[[0.493245,0.839285,0.228714],[-0.849544,0.408227,0.334104],[0.187041,-0.359098,0.914366]],[[0.376652,0.912845,-0.157633],[-0.926302,0.372962,-0.0535215],[0.00993413,0.166174,0.986046]],[[0.376652,0.912845,-0.157633],[-0.889515,0.308887,-0.336679],[-0.258645,0.267027,0.928332]],[[0.376652,0.912845,-0.157633],[-0.456725,0.0349493,-0.888921],[-0.805938,0.406808,0.430083]]],"btipPosition":[15.4926,290.234,-4.19858],"carpPosition":[-11.6848,317.147,86.7158],"dipPosition":[-3.36422,299.753,5.86422],"direction":[0.258645,-0.267027,-0.928332],"extended":false,"handId":589,"id":5890,"length":52.1025,"mcpPosition":[-11.6848,317.147,86.7158],"pipPosition":[-12.1805,308.855,37.5078],"stabilizedTipPosition":[-52.7438,286.669,150.091],"timeVisible":0.415728,"tipPosition":[11.6625,292.185,-0.734981],"tipVelocity":[133.014,-14.0075,-287.112],"tool":false,"touchDistance":-0.647817,"touchZone":"hovering","type":0,"width":20.2446},{"bases":[[[0.993688,-0.0904042,0.0664226],[0.0745082,0.974494,0.211682],[-0.0838654,-0.205397,0.975079]],[[0.970246,-0.119879,0.210361],[0.129545,0.991033,-0.0327368],[-0.20455,0.0590139,0.977076]],[[0.970246,-0.119879,0.210361],[0.165384,0.96269,-0.214189],[-0.176836,0.242606,0.953872]],[[0.970246,-0.119879,0.210361],[0.188091,0.920276,-0.343094],[-0.152461,0.372452,0.915443]]],"btipPosition":[21.8909,338.054,-66.6617],"carpPosition":[0.0597486,337.706,85.7077],"dipPosition":[19.2867,344.415,-51.025],"direction":[0.176836,-0.242606,-0.953872],"extended":true,"handId":589,"id":5891,"length":58.7918,"mcpPosition":[6.22805,352.813,13.9907],"pipPosition":[15.0137,350.278,-27.9757],"stabilizedTipPosition":[-33.8647,323.206,71.731],"timeVisible":0.415728,"tipPosition":[21.3241,337.971,-62.573],"tipVelocity":[126.463,7.4285,-288.312],"tool":false,"touchDistance":-0.696701,"touchZone":"hovering","type":1,"width":19.3376},{"bases":[[[0.945862,-0.282117,0.160482],[0.239571,0.940435,0.241221],[-0.218976,-0.189715,0.957109]],[[0.93751,-0.288662,0.194293],[0.291923,0.34863,-0.890639],[0.189357,0.891702,0.411111]],[[0.93751,-0.288662,0.194293],[0.0119209,-0.531406,-0.847034],[0.347754,0.796419,-0.494757]],[[0.93751,-0.288662,0.194293],[-0.131673,-0.811166,-0.5698],[0.322083,0.50861,-0.798485]]],"btipPosition":[2.5482,276.451,28.8008],"carpPosition":[12.3367,338.384,86.3026],"dipPosition":[8.59917,286.006,13.7997],"direction":[-0.347754,-0.796419,0.494757],"extended":false,"handId":589,"id":5892,"length":66.9886,"mcpPosition":[27.6101,351.617,19.5448],"pipPosition":[18.4854,308.648,-0.265636],"stabilizedTipPosition":[-57.0236,274.721,152.129],"timeVisible":0.415728,"tipPosition":[3.90146,278.918,25.5578],"tipVelocity":[151.149,-26.7888,-247.273],"tool":false,"touchDistance":0.333333,"touchZone":"none","type":2,"width":18.9921},{"bases":[[[0.88256,-0.377046,0.280936],[0.299434,0.911349,0.282457],[-0.36253,-0.165164,0.91722]],[[0.891532,-0.372704,0.257415],[0.371416,0.276227,-0.886425],[0.259269,0.885884,0.384693]],[[0.891532,-0.372704,0.257415],[0.00101955,-0.566645,-0.823961],[0.452957,0.734851,-0.504802]],[[0.891532,-0.372704,0.257415],[-0.176845,-0.809599,-0.55971],[0.417009,0.453477,-0.787694]]],"btipPosition":[15.0799,277.889,41.767],"carpPosition":[24.2918,335.938,87.6961],"dipPosition":[22.8692,286.36,27.0536],"direction":[-0.452956,-0.734851,0.504802],"extended":false,"handId":589,"id":5893,"length":64.4113,"mcpPosition":[46.9946,346.281,30.2567],"pipPosition":[35.4137,306.711,13.0733],"stabilizedTipPosition":[-44.1181,273.527,166.099],"timeVisible":0.415728,"tipPosition":[17.1147,279.918,38.1882],"tipVelocity":[147.934,-14.3049,-245.883],"tool":false,"touchDistance":0.333333,"touchZone":"none","type":3,"width":18.0722},{"bases":[[[0.772981,-0.538991,0.334648],[0.399846,0.823414,0.402632],[-0.492569,-0.177419,0.851997]],[[0.810259,-0.522891,0.264701],[0.471632,0.313632,-0.824135],[0.347914,0.792604,0.500735]],[[0.810259,-0.522891,0.264701],[-0.016793,-0.47218,-0.881342],[0.585832,0.70967,-0.391369]],[[0.810259,-0.522891,0.264701],[-0.246979,-0.714232,-0.654885],[0.531491,0.46525,-0.707856]]],"btipPosition":[30.3191,286.819,42.5743],"carpPosition":[34.6776,326.446,89.8147],"dipPosition":[39.4779,294.836,30.3764],"direction":[-0.585832,-0.70967,0.391369],"extended":false,"handId":589,"id":5894,"length":50.4973,"mcpPosition":[63.2317,336.731,40.4246],"pipPosition":[50.933,308.713,22.7237],"stabilizedTipPosition":[-25.8622,281.35,162.655],"timeVisible":0.415728,"tipPosition":[32.6666,288.632,39.5622],"tipVelocity":[148.626,-10.3882,-267.603],"tool":false,"touchDistance":0.333333,"touchZone":"none","type":4,"width":16.0532}],"r":[[0.983355,0.181261,0.0125216],[-0.181377,0.983374,0.00884947],[-0.0107094,-0.0109733,0.999882]],"s":1.12299,"t":[83.2699,17.0613,-181.834],"timestamp":522767625661},false],[1,{"currentFrameRate":104.934,"devices":[],"gestures":[],"hands":[{"armBasis":[[0.991635,-0.129046,0.00279427],[0.127701,0.983997,0.124268],[-0.0187858,-0.122872,0.992245]],"armWidth":63.703,"confidence":0.775781,"direction":[0.255828,0.328749,-0.909107],"elbow":[13.9353,290.53,358.96],"grabStrength":0,"id":589,"palmNormal":[-0.0675147,-0.93203,-0.356037],"palmPosition":[25.1765,338.581,38.8613],"palmVelocity":[141.339,-20.0889,-284.372],"palmWidth":90.9658,"pinchStrength":0.807878,"r":[[0.98299,0.183349,0.0106298],[-0.183437,0.982998,0.00807969],[-0.00896768,-0.00989216,0.999911]],"s":1.12646,"sphereCenter":[35.1622,299.038,9.67282],"sphereRadius":47.0944,"stabilizedPalmPosition":[-44.9875,327.369,193.126],"t":[84.5773,16.8603,-184.393],"timeVisible":0.424505,"type":"right","wrist":[19.0061,323.696,91.1256]}],"id":4202073,"interactionBox":{"center":[0,200,0],"size":[235.247,235.247,147.751]},"pointables":[{"bases":[[[0.498364,0.836432,0.228069],[-0.84576,0.411218,0.339985],[0.190588,-0.362328,0.912357]],[[0.380483,0.911533,-0.156012],[-0.924609,0.378271,-0.0448186],[0.0181612,0.161303,0.986738]],[[0.380483,0.911533,-0.156012],[-0.889226,0.314276,-0.332425],[-0.253986,0.265212,0.930136]],[[0.380483,0.911533,-0.156012],[-0.46736,0.043957,-0.882973],[-0.798002,0.40887,0.442739]]],"btipPosition":[16.3395,290.197,-7.07803],"carpPosition":[-10.0828,316.854,84.2285],"dipPosition":[-2.33163,299.764,3.2809],"direction":[0.253986,-0.265212,-0.930136],"extended":false,"handId":589,"id":5890,"length":52.1025,"mcpPosition":[-10.0828,316.854,84.2285],"pipPosition":[-10.9891,308.804,34.986],"stabilizedTipPosition":[-52.5663,286.685,149.668],"timeVisible":0.424505,"tipPosition":[12.5565,292.121,-3.57665],"tipVelocity":[124.505,-11.0375,-296.035],"tool":false,"touchDistance":-0.653539,"touchZone":"hovering","type":0,"width":20.2446},{"bases":[[[0.993625,-0.0951005,0.0605333],[0.0801597,0.97359,0.213769],[-0.0792642,-0.207554,0.975007]],[[0.971003,-0.124728,0.203951],[0.133147,0.9907,-0.0280361],[-0.198557,0.0543786,0.97858]],[[0.971003,-0.124728,0.203951],[0.167693,0.963384,-0.209212],[-0.170389,0.237346,0.956365]],[[0.971003,-0.124728,0.203951],[0.189444,0.921812,-0.338191],[-0.145823,0.367022,0.918711]]],"btipPosition":[22.7158,338.286,-69.3381],"carpPosition":[1.74957,337.361,83.2067],"dipPosition":[20.225,344.555,-53.6456],"direction":[0.170389,-0.237346,-0.956365],"extended":true,"handId":589,"id":5891,"length":58.7918,"mcpPosition":[7.57946,352.626,11.4949],"pipPosition":[16.1077,350.291,-30.536],"stabilizedTipPosition":[-33.7473,323.241,71.4427],"timeVisible":0.424505,"tipPosition":[22.1683,338.199,-65.2568],"tipVelocity":[118.531,11.9057,-292.387],"tool":false,"touchDistance":-0.695318,"touchZone":"hovering","type":1,"width":19.3376},{"bases":[[[0.94546,-0.286838,0.154368],[0.24523,0.938703,0.24228],[-0.214401,-0.19121,0.957847]],[[0.937358,-0.293368,0.187869],[0.287734,0.347963,-0.892262],[0.19639,0.890425,0.410578]],[[0.937358,-0.293368,0.187869],[0.00388643,-0.530445,-0.84771],[0.348346,0.795338,-0.496077]],[[0.937358,-0.293368,0.187869],[-0.139034,-0.809514,-0.570401],[0.31942,0.508549,-0.799593]]],"btipPosition":[3.61946,276.246,26.2642],"carpPosition":[14.0326,337.982,83.7334],"dipPosition":[9.6204,285.801,11.2423],"direction":[-0.348346,-0.795338,0.496077],"extended":false,"handId":589,"id":5892,"length":66.9886,"mcpPosition":[28.987,351.318,16.9242],"pipPosition":[19.5235,308.411,-2.86058],"stabilizedTipPosition":[-56.3159,274.763,150.654],"timeVisible":0.424505,"tipPosition":[4.97264,278.699,22.9563],"tipVelocity":[142.976,-25.864,-258.637],"tool":false,"touchDistance":0.333333,"touchZone":"none","type":2,"width":18.9921},{"bases":[[[0.882409,-0.381792,0.274935],[0.305193,0.909237,0.2831],[-0.358066,-0.165902,0.918839]],[[0.891223,-0.377453,0.251499],[0.367915,0.277329,-0.88754],[0.265257,0.883526,0.386033]],[[0.891223,-0.377453,0.251499],[-0.00573463,-0.563825,-0.825874],[0.45353,0.734596,-0.504658]],[[0.891223,-0.377453,0.251499],[-0.183292,-0.806915,-0.561509],[0.414881,0.454331,-0.788325]]],"btipPosition":[16.2492,277.571,38.97],"carpPosition":[25.9842,335.478,85.0525],"dipPosition":[23.9987,286.058,24.2449],"direction":[-0.45353,-0.734596,0.504658],"extended":false,"handId":589,"id":5893,"length":64.4113,"mcpPosition":[48.4075,345.867,27.5118],"pipPosition":[36.5591,306.402,10.2686],"stabilizedTipPosition":[-43.4776,273.589,164.754],"timeVisible":0.424505,"tipPosition":[18.2656,279.608,35.4142],"tipVelocity":[143.699,-20.0773,-265.529],"tool":false,"touchDistance":0.333333,"touchZone":"none","type":3,"width":18.0722},{"bases":[[[0.772398,-0.543376,0.328851],[0.405883,0.820533,0.402474],[-0.488528,-0.177395,0.854325]],[[0.809223,-0.52733,0.259002],[0.468626,0.313491,-0.825901],[0.354328,0.789713,0.500805]],[[0.809223,-0.52733,0.259002],[-0.0237027,-0.469798,-0.882456],[0.587024,0.707964,-0.39267]],[[0.809223,-0.52733,0.259002],[-0.253773,-0.711348,-0.655426],[0.529866,0.464658,-0.709461]]],"btipPosition":[31.5237,286.45,39.7628],"carpPosition":[36.3384,325.933,87.0875],"dipPosition":[40.6544,294.457,27.5372],"direction":[-0.587024,-0.707964,0.39267],"extended":false,"handId":589,"id":5894,"length":50.4973,"mcpPosition":[64.6582,336.217,37.5625],"pipPosition":[52.1328,308.301,19.8591],"stabilizedTipPosition":[-25.3781,281.407,161.632],"timeVisible":0.424505,"tipPosition":[33.8626,288.261,36.7483],"tipVelocity":[145.367,-18.9595,-281.969],"tool":false,"touchDistance":0.333333,"touchZone":"none","type":4,"width":16.0532}],"r":[[0.98299,0.183349,0.0106298],[-0.183437,0.982998,0.00807969],[-0.00896768,-0.00989216,0.999911]],"s":1.12646,"t":[84.5773,16.8603,-184.393],"timestamp":522767634438},false],[2,{"currentFrameRate":105.139,"devices":[],"gestures":[],"hands":[{"armBasis":[[0.991448,-0.1305,0.000499777],[0.129433,0.983813,0.123933],[-0.016665,-0.122809,0.99229]],"armWidth":63.703,"confidence":0.782102,"direction":[0.256797,0.328584,-0.908894],"elbow":[15.364,290.435,357.02],"grabStrength":0,"id":589,"palmNormal":[-0.0688901,-0.931815,-0.356334],"palmPosition":[26.0818,338.473,36.9157],"palmVelocity":[129.615,-17.779,-264.561],"palmWidth":90.9658,"pinchStrength":0.80266,"r":[[0.982753,0.184691,0.00921733],[-0.184762,0.982755,0.00750592],[-0.0076721,-0.00907948,0.999929]],"s":1.12977,"sphereCenter":[36.0198,298.92,7.71347],"sphereRadius":47.1428,"stabilizedPalmPosition":[-44.7266,327.41,192.553],"t":[85.6837,16.7061,-186.645],"timeVisible":0.433635,"type":"right","wrist":[19.8624,323.584,89.1729]}],"id":4202074,"interactionBox":{"center":[0,200,0],"size":[235.247,235.247,147.751]},"pointables":[{"bases":[[[0.49964,0.835541,0.22854],[-0.845237,0.412521,0.339707],[0.189562,-0.362902,0.912342]],[[0.38258,0.910948,-0.154292],[-0.923729,0.380542,-0.0437218],[0.0188865,0.159251,0.987057]],[[0.38258,0.910948,-0.154292],[-0.88787,0.316293,-0.334135],[-0.255578,0.264825,0.929811]],[[0.38258,0.910948,-0.154292],[-0.46963,0.0479201,-0.881562],[-0.795663,0.409728,0.446142]]],"btipPosition":[17.1511,290.231,-9.1307],"carpPosition":[-9.23459,316.792,82.2603],"dipPosition":[-1.46536,299.817,1.30784],"direction":[0.255578,-0.264825,-0.929811],"extended":false,"handId":589,"id":5890,"length":52.1025,"mcpPosition":[-9.23459,316.792,82.2603],"pipPosition":[-10.1771,308.844,33.0019],"stabilizedTipPosition":[-52.3929,286.7,149.253],"timeVisible":0.433635,"tipPosition":[13.3607,292.133,-5.64509],"tipVelocity":[114.989,-6.81036,-275.686],"tool":false,"touchDistance":-0.647034,"touchZone":"hovering","type":0,"width":20.2446},{"bases":[[[0.993438,-0.0967616,0.0609704],[0.0816704,0.973395,0.214084],[-0.0800634,-0.2077,0.974911]],[[0.970839,-0.126275,0.203781],[0.134298,0.9906,-0.0259814],[-0.198585,0.0525912,0.978672]],[[0.970839,-0.126275,0.203781],[0.168804,0.963653,-0.20707],[-0.170226,0.23543,0.956868]],[[0.970839,-0.126275,0.203781],[0.190521,0.922344,-0.336129],[-0.145512,0.365151,0.919506]]],"btipPosition":[23.6491,338.371,-71.3175],"carpPosition":[2.63217,337.279,81.2498],"dipPosition":[21.1636,344.608,-55.6114],"direction":[0.170226,-0.23543,-0.956868],"extended":true,"handId":589,"id":5891,"length":58.7918,"mcpPosition":[8.52084,352.556,9.54517],"pipPosition":[17.0502,350.297,-32.4897],"stabilizedTipPosition":[-33.6284,323.276,71.1515],"timeVisible":0.433635,"tipPosition":[23.1063,338.311,-67.2499],"tipVelocity":[114.035,10.941,-271.285],"tool":false,"touchDistance":-0.683764,"touchZone":"hovering","type":1,"width":19.3376},{"bases":[[[0.944912,-0.288446,0.154728],[0.24667,0.938227,0.242662],[-0.215165,-0.191127,0.957692]],[[0.93688,-0.294902,0.187853],[0.288012,0.346254,-0.892836],[0.198254,0.890585,0.409334]],[[0.93688,-0.294902,0.187853],[0.00261236,-0.531341,-0.847154],[0.349641,0.794173,-0.497032]],[[0.93688,-0.294902,0.187853],[-0.140546,-0.809566,-0.569955],[0.32016,0.507578,-0.799914]]],"btipPosition":[4.41552,276.183,24.4172],"carpPosition":[14.916,337.88,81.7825],"dipPosition":[10.4304,285.718,9.38926],"direction":[-0.349641,-0.794173,0.497032],"extended":false,"handId":589,"id":5892,"length":66.9886,"mcpPosition":[29.9236,351.211,14.984],"pipPosition":[20.3703,308.296,-4.74077],"stabilizedTipPosition":[-55.6328,274.803,149.227],"timeVisible":0.433635,"tipPosition":[5.77949,278.618,21.0536],"tipVelocity":[127.569,-20.7491,-243.021],"tool":false,"touchDistance":0.333333,"touchZone":"none","type":2,"width":18.9921},{"bases":[[[0.881648,-0.383329,0.275238],[0.306564,0.90865,0.283502],[-0.35877,-0.165571,0.918624]],[[0.890456,-0.379011,0.251872],[0.368685,0.276401,-0.88751],[0.266758,0.88315,0.385858]],[[0.890456,-0.379011,0.251872],[-0.00642844,-0.563901,-0.825818],[0.455024,0.733735,-0.504565]],[[0.890456,-0.379011,0.251872],[-0.184423,-0.806546,-0.561669],[0.416025,0.45369,-0.788092]]],"btipPosition":[17.042,277.481,37.0383],"carpPosition":[26.8628,335.356,83.1065],"dipPosition":[24.8129,285.956,22.3175],"direction":[-0.455024,-0.733735,0.504565],"extended":false,"handId":589,"id":5893,"length":64.4113,"mcpPosition":[49.3301,345.724,25.5792],"pipPosition":[37.4146,306.276,8.34378],"stabilizedTipPosition":[-42.8631,273.646,163.461],"timeVisible":0.433635,"tipPosition":[19.0618,279.512,33.4745],"tipVelocity":[128.045,-17.3253,-250.504],"tool":false,"touchDistance":0.333333,"touchZone":"none","type":3,"width":18.0722},{"bases":[[[0.771345,-0.544747,0.329057],[0.407052,0.819745,0.402897],[-0.48922,-0.176829,0.854046]],[[0.808894,-0.528396,0.257853],[0.466385,0.309598,-0.828634],[0.358016,0.790536,0.496868]],[[0.808894,-0.528396,0.257853],[-0.0300996,-0.4752,-0.879363],[0.587183,0.70355,-0.400291]],[[0.808894,-0.528396,0.257853],[-0.259783,-0.714628,-0.649477],[0.52745,0.458372,-0.715326]]],"btipPosition":[32.3337,286.443,38.2243],"carpPosition":[37.2002,325.794,85.1435],"dipPosition":[41.4229,294.342,25.8977],"direction":[-0.587183,-0.70355,0.400291],"extended":false,"handId":589,"id":5894,"length":50.4973,"mcpPosition":[65.5602,336.044,35.6347],"pipPosition":[52.9044,308.099,18.0705],"stabilizedTipPosition":[-24.9009,281.462,160.624],"timeVisible":0.433635,"tipPosition":[34.6545,288.203,35.06],"tipVelocity":[129.333,-14.6598,-251.143],"tool":false,"touchDistance":0.333333,"touchZone":"none","type":4,"width":16.0532}],"r":[[0.982753,0.184691,0.00921733],[-0.184762,0.982755,0.00750592],[-0.0076721,-0.00907948,0.999929]],"s":1.12977,"t":[85.6837,16.7061,-186.645],"timestamp":522767643568},false],[3,{"currentFrameRate":105.439,"devices":[],"gestures":[],"hands":[{"armBasis":[[0.990697,-0.136002,-0.00484461],[0.135591,0.98341,0.120497],[-0.0116235,-0.120033,0.992702]],"armWidth":63.703,"confidence":0.788212,"direction":[0.257134,0.327527,-0.90918],"elbow":[17.7477,290.924,355.157],"grabStrength":0,"id":589,"palmNormal":[-0.0742837,-0.931331,-0.356516],"palmPosition":[27.1033,338.197,34.9368],"palmVelocity":[125.471,-21.3737,-252.86],"palmWidth":90.9658,"pinchStrength":0.801924,"r":[[0.982757,0.184739,0.00780114],[-0.184795,0.982751,0.00716459],[-0.006343,-0.00848266,0.999944]],"s":1.13211,"sphereCenter":[36.7871,298.596,5.6985],"sphereRadius":47.1523,"stabilizedPalmPosition":[-44.4693,327.448,191.988],"t":[86.7477,16.4907,-188.761],"timeVisible":0.442563,"type":"right","wrist":[20.8853,323.324,87.1987]}],"id":4202075,"interactionBox":{"center":[0,200,0],"size":[235.247,235.247,147.751]},"pointables":[{"bases":[[[0.504333,0.832854,0.228042],[-0.842562,0.416813,0.34111],[0.189044,-0.364172,0.911943]],[[0.387535,0.908988,-0.153487],[-0.921596,0.385963,-0.0411463],[0.0218388,0.157399,0.987294]],[[0.387535,0.908988,-0.153487],[-0.886101,0.321385,-0.33397],[-0.254246,0.26543,0.930003]],[[0.387535,0.908988,-0.153487],[-0.470758,0.051986,-0.880729],[-0.792593,0.413569,0.44806]]],"btipPosition":[17.864,290.106,-11.1262],"carpPosition":[-8.25714,316.685,80.3279],"dipPosition":[-0.680611,299.783,-0.642814],"direction":[0.254246,-0.26543,-0.930003],"extended":false,"handId":589,"id":5890,"length":52.1025,"mcpPosition":[-8.25714,316.685,80.3279],"pipPosition":[-9.34699,308.83,31.0577],"stabilizedTipPosition":[-52.2354,286.714,148.876],"timeVisible":0.442563,"tipPosition":[14.0635,292.006,-7.67341],"tipVelocity":[105.911,-8.12043,-261.142],"tool":false,"touchDistance":-0.640442,"touchZone":"hovering","type":0,"width":20.2446},{"bases":[[[0.993011,-0.101957,0.05944],[0.0870658,0.972889,0.21426],[-0.0796738,-0.207587,0.974967]],[[0.970565,-0.13132,0.201888],[0.139167,0.98995,-0.025117],[-0.196561,0.0524739,0.979086]],[[0.970565,-0.13132,0.201888],[0.173244,0.962992,-0.206476],[-0.167302,0.235374,0.957397]],[[0.970565,-0.13132,0.201888],[0.194545,0.921631,-0.33578],[-0.141972,0.365172,0.920051]]],"btipPosition":[24.4849,338.2,-73.3055],"carpPosition":[3.71472,337.111,79.3059],"dipPosition":[22.0599,344.438,-57.5901],"direction":[0.167302,-0.235374,-0.957397],"extended":true,"handId":589,"id":5891,"length":58.7918,"mcpPosition":[9.57472,352.379,7.5971],"pipPosition":[18.0172,350.125,-34.4556],"stabilizedTipPosition":[-33.5153,323.308,70.8749],"timeVisible":0.442563,"tipPosition":[23.9559,338.174,-69.2484],"tipVelocity":[108.893,2.75385,-257.961],"tool":false,"touchDistance":-0.673509,"touchZone":"hovering","type":1,"width":19.3376},{"bases":[[[0.943628,-0.293415,0.153212],[0.251922,0.936852,0.242577],[-0.214713,-0.190305,0.957957]],[[0.935646,-0.299815,0.186218],[0.288402,0.345341,-0.893064],[0.203446,0.889298,0.409584]],[[0.935646,-0.299815,0.186218],[-0.00133419,-0.53062,-0.847609],[0.352937,0.792813,-0.496873]],[[0.935646,-0.299815,0.186218],[-0.145485,-0.808338,-0.570459],[0.321559,0.506656,-0.799937]]],"btipPosition":[5.10015,276.011,22.4203],"carpPosition":[16.0023,337.648,79.8202],"dipPosition":[11.1413,285.529,7.39186],"direction":[-0.352937,-0.792813,0.496873],"extended":false,"handId":589,"id":5892,"length":66.9886,"mcpPosition":[30.9784,350.921,13.0032],"pipPosition":[21.1749,308.068,-6.73364],"stabilizedTipPosition":[-55.0356,274.835,147.975],"timeVisible":0.442563,"tipPosition":[6.46956,278.441,19.0662],"tipVelocity":[113.876,-20.4578,-237.748],"tool":false,"touchDistance":0.333333,"touchZone":"none","type":2,"width":18.9921},{"bases":[[[0.880052,-0.388006,0.273788],[0.311724,0.906951,0.283318],[-0.358241,-0.163988,0.919114]],[[0.888785,-0.383758,0.25058],[0.369164,0.2754,-0.887622],[0.271622,0.881411,0.386441]],[[0.888785,-0.383758,0.25058],[-0.009866,-0.562625,-0.826653],[0.458217,0.732245,-0.503839]],[[0.888785,-0.383758,0.25058],[-0.188828,-0.804777,-0.562741],[0.417618,0.452839,-0.787739]]],"btipPosition":[17.7484,277.222,34.9737],"carpPosition":[27.9377,335.061,81.1253],"dipPosition":[25.5491,285.681,20.2596],"direction":[-0.458217,-0.732245,0.503839],"extended":false,"handId":589,"id":5893,"length":64.4113,"mcpPosition":[50.372,345.33,23.5673],"pipPosition":[38.2393,305.96,6.30592],"stabilizedTipPosition":[-42.3261,273.694,162.326],"timeVisible":0.442563,"tipPosition":[19.7647,279.255,31.4475],"tipVelocity":[114.913,-20.6317,-245.206],"tool":false,"touchDistance":0.333333,"touchZone":"none","type":3,"width":18.0722},{"bases":[[[0.76899,-0.548863,0.327725],[0.411926,0.817486,0.402534],[-0.488846,-0.174546,0.85473]],[[0.806775,-0.532553,0.255935],[0.466213,0.307656,-0.829453],[0.362987,0.788502,0.496493]],[[0.806775,-0.532553,0.255935],[-0.0346746,-0.475084,-0.879257],[0.589841,0.700488,-0.401751]],[[0.806775,-0.532553,0.255935],[-0.265166,-0.713422,-0.648626],[0.528017,0.45543,-0.716786]]],"btipPosition":[33.1026,286.144,36.2519],"carpPosition":[38.2283,325.444,83.1438],"dipPosition":[42.2015,293.992,23.9001],"direction":[-0.589841,-0.700488,0.401751],"extended":false,"handId":589,"id":5894,"length":50.4973,"mcpPosition":[66.5666,335.563,33.5954],"pipPosition":[53.735,307.689,16.0445],"stabilizedTipPosition":[-24.4692,281.508,159.711],"timeVisible":0.442563,"tipPosition":[35.4124,287.89,33.0808],"tipVelocity":[117.617,-20.159,-243.077],"tool":false,"touchDistance":0.333333,"touchZone":"none","type":4,"width":16.0532}],"r":[[0.982757,0.184739,0.00780114],[-0.184795,0.982751,0.00716459],[-0.006343,-0.00848266,0.999944]],"s":1.13211,"t":[86.7477,16.4907,-188.761],"timestamp":522767652496},false],[4,{"currentFrameRate":105.62,"devices":[],"gestures":[],"hands":[{"armBasis":[[0.990254,-0.139133,-0.00624638],[0.138692,0.981035,0.135409],[-0.012712,-0.134956,0.99077]],"armWidth":63.703,"confidence":0.747827,"direction":[0.258762,0.318675,-0.91186],"elbow":[18.5423,287.337,352.49],"grabStrength":0,"id":589,"palmNormal":[-0.0825773,-0.933258,-0.349586],"palmPosition":[28.2522,338.202,32.6762],"palmVelocity":[125.565,-15.2652,-251.383],"palmWidth":90.9658,"pinchStrength":0.800574,"r":[[0.98307,0.183128,0.00616586],[-0.183162,0.983067,0.005493],[-0.00505554,-0.00652935,0.999966]],"s":1.13368,"sphereCenter":[37.5178,298.327,3.70519],"sphereRadius":47.1359,"stabilizedPalmPosition":[-44.2041,327.488,191.407],"t":[87.8541,16.3858,-190.949],"timeVisible":0.451695,"type":"right","wrist":[21.9736,323.766,85.0531]}],"id":4202076,"interactionBox":{"center":[0,200,0],"size":[235.247,235.247,147.751]},"pointables":[{"bases":[[[0.511621,0.830214,0.221332],[-0.838594,0.4264,0.339034],[0.187095,-0.359064,0.914368]],[[0.395449,0.904535,-0.15949],[-0.918161,0.393938,-0.0423521],[0.0245204,0.163186,0.986291]],[[0.395449,0.904535,-0.15949],[-0.882957,0.326546,-0.337276],[-0.252997,0.274199,0.927797]],[[0.395449,0.904535,-0.15949],[-0.470668,0.0504516,-0.880867],[-0.788728,0.423405,0.445687]]],"btipPosition":[18.6221,289.927,-13.0079],"carpPosition":[-7.23219,317.323,78.2655],"dipPosition":[0.167919,299.833,-2.58],"direction":[0.252997,-0.274199,-0.927797],"extended":false,"handId":589,"id":5890,"length":52.1025,"mcpPosition":[-7.23219,317.323,78.2655],"pipPosition":[-8.45587,309.18,29.0454],"stabilizedTipPosition":[-52.0852,286.726,148.516],"timeVisible":0.451695,"tipPosition":[14.7928,291.87,-9.61759],"tipVelocity":[100.18,-9.72884,-246.217],"tool":false,"touchDistance":-0.633148,"touchZone":"hovering","type":0,"width":20.2446},{"bases":[[[0.992189,-0.109899,0.0590182],[0.0955332,0.973663,0.207013],[-0.0802144,-0.199758,0.976556]],[[0.969787,-0.137934,0.201214],[0.1472,0.988597,-0.0317655],[-0.194538,0.0604244,0.979032]],[[0.969787,-0.137934,0.201214],[0.180824,0.960094,-0.21336],[-0.163755,0.243298,0.956028]],[[0.969787,-0.137934,0.201214],[0.20161,0.917555,-0.342706],[-0.137354,0.372918,0.917641]]],"btipPosition":[25.4687,337.487,-75.5723],"carpPosition":[4.91023,337.639,77.0795],"dipPosition":[23.1225,343.857,-59.898],"direction":[0.163755,-0.243298,-0.956028],"extended":true,"handId":589,"id":5891,"length":58.7918,"mcpPosition":[10.81,352.331,5.25382],"pipPosition":[19.1656,349.736,-36.7965],"stabilizedTipPosition":[-33.4008,323.339,70.595],"timeVisible":0.451695,"tipPosition":[24.9566,337.527,-71.5255],"tipVelocity":[109.122,-18.7894,-255.54],"tool":false,"touchDistance":-0.668634,"touchZone":"hovering","type":1,"width":19.3376},{"bases":[[[0.941309,-0.300241,0.154251],[0.260115,0.936444,0.235401],[-0.215124,-0.181462,0.95958]],[[0.93335,-0.306307,0.187172],[0.289989,0.336067,-0.896083],[0.211574,0.890637,0.402494]],[[0.93335,-0.306307,0.187172],[-0.0070144,-0.536882,-0.843628],[0.358898,0.786088,-0.503248]],[[0.93335,-0.306307,0.187172],[-0.153049,-0.811217,-0.56436],[0.324705,0.498099,-0.80403]]],"btipPosition":[5.70881,276.109,20.6622],"carpPosition":[17.2025,338.076,77.5754],"dipPosition":[11.809,285.467,5.55685],"direction":[-0.358898,-0.786088,0.503248],"extended":false,"handId":589,"id":5892,"length":66.9886,"mcpPosition":[32.2073,350.732,10.6453],"pipPosition":[22.0121,307.815,-8.74989],"stabilizedTipPosition":[-54.5055,274.865,146.859],"timeVisible":0.451695,"tipPosition":[7.09502,278.501,17.2789],"tipVelocity":[101.162,-12.8921,-225.714],"tool":false,"touchDistance":0.333333,"touchZone":"none","type":2,"width":18.9921},{"bases":[[[0.877087,-0.393406,0.275592],[0.319712,0.906338,0.276289],[-0.358473,-0.154219,0.920713]],[[0.885801,-0.389414,0.252414],[0.370763,0.26675,-0.889595],[0.279089,0.88159,0.380668]],[[0.885801,-0.389414,0.252414],[-0.0151773,-0.567938,-0.822931],[0.463816,0.725122,-0.508991]],[[0.885801,-0.389414,0.252414],[-0.196084,-0.807054,-0.556969],[0.420603,0.443869,-0.791248]]],"btipPosition":[18.3982,277.304,33.0998],"carpPosition":[29.1173,335.398,78.8855],"dipPosition":[26.2546,285.595,18.3201],"direction":[-0.463816,-0.725122,0.508991],"extended":false,"handId":589,"id":5893,"length":64.4113,"mcpPosition":[51.5661,345.056,21.2274],"pipPosition":[39.0998,305.677,4.2238],"stabilizedTipPosition":[-41.8489,273.736,161.314],"timeVisible":0.451695,"tipPosition":[20.4134,279.294,29.5903],"tipVelocity":[103.138,-13.5708,-234.544],"tool":false,"touchDistance":0.333333,"touchZone":"none","type":3,"width":18.0722},{"bases":[[[0.764739,-0.55292,0.330838],[0.419305,0.816906,0.39604],[-0.489242,-0.164146,0.856562]],[[0.802758,-0.537363,0.258496],[0.46766,0.29839,-0.83202],[0.369964,0.7888,0.490838]],[[0.802758,-0.537363,0.258496],[-0.0397463,-0.480751,-0.875956],[0.594979,0.692906,-0.407285]],[[0.802758,-0.537363,0.258496],[-0.272001,-0.715751,-0.643208],[0.530655,0.446029,-0.720738]]],"btipPosition":[33.8336,286.107,34.3405],"carpPosition":[39.3289,325.71,80.9624],"dipPosition":[42.978,293.793,21.9206],"direction":[-0.594979,-0.692906,0.407285],"extended":false,"handId":589,"id":5894,"length":50.4973,"mcpPosition":[67.6901,335.225,31.3077],"pipPosition":[54.612,307.341,13.9567],"stabilizedTipPosition":[-24.0707,281.55,158.865],"timeVisible":0.451695,"tipPosition":[36.1403,287.814,31.1721],"tipVelocity":[107.492,-16.835,-234.168],"tool":false,"touchDistance":0.333333,"touchZone":"none","type":4,"width":16.0532}],"r":[[0.98307,0.183128,0.00616586],[-0.183162,0.983067,0.005493],[-0.00505554,-0.00652935,0.999966]],"s":1.13368,"t":[87.8541,16.3858,-190.949],"timestamp":522767661628},false],[5,{"currentFrameRate":105.919,"devices":[],"gestures":[],"hands":[{"armBasis":[[0.990128,-0.139871,-0.00911991],[0.139859,0.981534,0.1305],[-0.00930167,-0.130488,0.991406]],"armWidth":63.703,"confidence":0.752477,"direction":[0.259916,0.324752,-0.909384],"elbow":[20.2086,287.906,351.07],"grabStrength":0,"id":589,"palmNormal":[-0.0806941,-0.931152,-0.355589],"palmPosition":[29.0695,337.902,31.1878],"palmVelocity":[116.432,-20.2868,-228.575],"palmWidth":90.9658,"pinchStrength":0.801366,"r":[[0.983266,0.182095,0.00543446],[-0.182124,0.983261,0.00532521],[-0.0043738,-0.00622584,0.999971]],"s":1.13492,"sphereCenter":[38.3873,298.238,1.97318],"sphereRadius":47.1293,"stabilizedPalmPosition":[-43.9427,327.525,190.836],"t":[88.816,16.1833,-192.787],"timeVisible":0.460584,"type":"right","wrist":[22.7194,323.128,83.4619]}],"id":4202077,"interactionBox":{"center":[0,200,0],"size":[235.247,235.247,147.751]},"pointables":[{"bases":[[[0.510101,0.829498,0.227442],[-0.839764,0.423124,0.340238],[0.185991,-0.364553,0.912419]],[[0.394957,0.906046,-0.151949],[-0.918414,0.393516,-0.0407395],[0.0228828,0.155643,0.987548]],[[0.394957,0.906046,-0.151949],[-0.881856,0.327527,-0.339199],[-0.257563,0.267967,0.928362]],[[0.394957,0.906046,-0.151949],[-0.467877,0.0560344,-0.882015],[-0.790632,0.419452,0.44605]]],"btipPosition":[19.6705,289.974,-14.7811],"carpPosition":[-6.46573,316.689,76.5828],"dipPosition":[1.17175,299.788,-4.34472],"direction":[0.257563,-0.267967,-0.928362],"extended":false,"handId":589,"id":5890,"length":52.1025,"mcpPosition":[-6.46573,316.689,76.5828],"pipPosition":[-7.60768,308.922,27.2999],"stabilizedTipPosition":[-51.9402,286.738,148.171],"timeVisible":0.460584,"tipPosition":[15.778,291.88,-11.448],"tipVelocity":[104.692,-6.29622,-233.459],"tool":false,"touchDistance":-0.624735,"touchZone":"hovering","type":0,"width":20.2446},{"bases":[[[0.992234,-0.108925,0.0600643],[0.0938435,0.97247,0.213296],[-0.081644,-0.206003,0.975139]],[[0.969741,-0.137785,0.201539],[0.145667,0.989024,-0.0247422],[-0.195918,0.0533511,0.979168]],[[0.969741,-0.137785,0.201539],[0.179645,0.961729,-0.206894],[-0.165319,0.236839,0.95738]],[[0.969741,-0.137785,0.201539],[0.200706,0.919934,-0.336805],[-0.138996,0.367064,0.919752]]],"btipPosition":[26.4398,337.896,-77.0763],"carpPosition":[5.65101,337.028,75.5458],"dipPosition":[24.0656,344.166,-61.366],"direction":[0.165319,-0.236839,-0.95738],"extended":true,"handId":589,"id":5891,"length":58.7918,"mcpPosition":[11.6559,352.18,3.82432],"pipPosition":[20.0708,349.889,-38.2319],"stabilizedTipPosition":[-33.2853,323.37,70.3144],"timeVisible":0.460584,"tipPosition":[25.9345,337.943,-73.0403],"tipVelocity":[108.958,-1.903,-231.829],"tool":false,"touchDistance":-0.65254,"touchZone":"hovering","type":1,"width":19.3376},{"bases":[[[0.941447,-0.299931,0.154009],[0.258426,0.935296,0.241738],[-0.216549,-0.187783,0.958042]],[[0.933508,-0.306165,0.186618],[0.291007,0.342872,-0.89317],[0.209472,0.888089,0.40917]],[[0.933508,-0.306165,0.186618],[-0.00452724,-0.530492,-0.847678],[0.358529,0.790469,-0.496604]],[[0.933508,-0.306165,0.186618],[-0.15062,-0.807162,-0.570792],[0.325388,0.50473,-0.799606]]],"btipPosition":[6.64641,275.827,18.6663],"carpPosition":[17.9418,337.478,76.066],"dipPosition":[12.7595,285.309,3.64408],"direction":[-0.358529,-0.790469,0.496604],"extended":false,"handId":589,"id":5892,"length":66.9886,"mcpPosition":[33.046,350.576,9.24312],"pipPosition":[22.952,307.781,-10.4738],"stabilizedTipPosition":[-54.0449,274.888,145.89],"timeVisible":0.460584,"tipPosition":[8.03025,278.246,15.3285],"tipVelocity":[102.425,-17.1534,-224.809],"tool":false,"touchDistance":0.333333,"touchZone":"none","type":2,"width":18.9921},{"bases":[[[0.877141,-0.393943,0.27465],[0.317993,0.905015,0.28254],[-0.359867,-0.160491,0.919097]],[[0.885924,-0.389777,0.251421],[0.371353,0.271267,-0.887981],[0.277913,0.88005,0.385067]],[[0.885924,-0.389777,0.251421],[-0.0146088,-0.565232,-0.824803],[0.4636,0.727039,-0.506447]],[[0.885924,-0.389777,0.251421],[-0.195574,-0.805421,-0.559506],[0.420582,0.446509,-0.789772]]],"btipPosition":[19.285,277.074,31.4011],"carpPosition":[29.858,334.809,77.38],"dipPosition":[27.1411,285.414,16.649],"direction":[-0.4636,-0.727039,0.506447],"extended":false,"handId":589,"id":5893,"length":64.4113,"mcpPosition":[52.394,344.859,19.8232],"pipPosition":[39.9803,305.549,2.6231],"stabilizedTipPosition":[-41.4303,273.771,160.428],"timeVisible":0.460584,"tipPosition":[21.2947,279.046,27.8369],"tipVelocity":[102.219,-16.5723,-222.547],"tool":false,"touchDistance":0.333333,"touchZone":"none","type":3,"width":18.0722},{"bases":[[[0.764915,-0.553954,0.328695],[0.417498,0.814967,0.401901],[-0.49051,-0.170191,0.854655]],[[0.80316,-0.537829,0.25627],[0.468034,0.303458,-0.829974],[0.368617,0.786545,0.495448]],[[0.80316,-0.537829,0.25627],[-0.0386024,-0.476229,-0.878473],[0.594512,0.695662,-0.40325]],[[0.80316,-0.537829,0.25627],[-0.270673,-0.712609,-0.647243],[0.530727,0.450475,-0.717915]]],"btipPosition":[34.7129,285.818,32.612],"carpPosition":[40.0791,325.121,79.4139],"dipPosition":[43.8585,293.58,20.2408],"direction":[-0.594512,-0.695662,0.40325],"extended":false,"handId":589,"id":5894,"length":50.4973,"mcpPosition":[68.5138,334.987,29.8698],"pipPosition":[55.4833,307.183,12.3558],"stabilizedTipPosition":[-23.7111,281.586,158.102],"timeVisible":0.460584,"tipPosition":[37.0163,287.544,29.4382],"tipVelocity":[105.169,-20.5469,-223.035],"tool":false,"touchDistance":0.333333,"touchZone":"none","type":4,"width":16.0532}],"r":[[0.983266,0.182095,0.00543446],[-0.182124,0.983261,0.00532521],[-0.0043738,-0.00622584,0.999971]],"s":1.13492,"t":[88.816,16.1833,-192.787],"timestamp":522767670517},false],[6,{"currentFrameRate":106.109,"devices":[],"gestures":[],"hands":[{"armBasis":[[0.99134,-0.130617,-0.0135418],[0.131281,0.983372,0.125479],[-0.00307301,-0.12617,0.992004]],"armWidth":63.703,"confidence":0.742839,"direction":[0.257805,0.330678,-0.907848],"elbow":[22.7626,288.659,349.586],"grabStrength":0,"id":589,"palmNormal":[-0.0702331,-0.930711,-0.35895],"palmPosition":[29.8628,337.739,29.6038],"palmVelocity":[108.408,-19.6536,-213.637],"palmWidth":90.9658,"pinchStrength":0.801315,"r":[[0.983032,0.183359,0.00527863],[-0.183389,0.983023,0.00581847],[-0.00412214,-0.00668779,0.999969]],"s":1.13573,"sphereCenter":[39.64,298.263,0.260912],"sphereRadius":47.1347,"stabilizedPalmPosition":[-43.6748,327.562,190.25],"t":[89.6936,16.0005,-194.498],"timeVisible":0.469659,"type":"right","wrist":[23.5921,322.716,81.8163]}],"id":4202078,"interactionBox":{"center":[0,200,0],"size":[235.247,235.247,147.751]},"pointables":[{"bases":[[[0.500891,0.834084,0.23111],[-0.844735,0.412964,0.340416],[0.188495,-0.365738,0.91143]],[[0.386046,0.910717,-0.14684],[-0.922254,0.384552,-0.0395979],[0.0204052,0.150711,0.988367]],[[0.386046,0.910717,-0.14684],[-0.884006,0.319737,-0.34103],[-0.263632,0.261461,0.928513]],[[0.386046,0.910717,-0.14684],[-0.466762,0.0555441,-0.882637],[-0.795677,0.409278,0.446531]]],"btipPosition":[21.0723,289.98,-16.5513],"carpPosition":[-5.51245,315.99,74.8699],"dipPosition":[2.45552,299.556,-6.10361],"direction":[0.263632,-0.261461,-0.928513],"extended":false,"handId":589,"id":5890,"length":52.1025,"mcpPosition":[-5.51245,315.99,74.8699],"pipPosition":[-6.53076,308.469,25.5462],"stabilizedTipPosition":[-51.7765,286.751,147.784],"timeVisible":0.469659,"tipPosition":[17.1267,291.809,-13.2585],"tipVelocity":[117.63,-6.01549,-222.762],"tool":false,"touchDistance":-0.617108,"touchZone":"hovering","type":0,"width":20.2446},{"bases":[[[0.993247,-0.0985597,0.0612109],[0.083155,0.972663,0.216822],[-0.0809075,-0.210268,0.97429]],[[0.970979,-0.128041,0.202002],[0.134984,0.990627,-0.0209239],[-0.197429,0.0475838,0.979162]],[[0.970979,-0.128041,0.202002],[0.169547,0.96422,-0.203797],[-0.16868,0.232132,0.957947]],[[0.970979,-0.128041,0.202002],[0.191242,0.922862,-0.334293],[-0.143617,0.363223,0.920567]]],"btipPosition":[27.348,338.069,-78.6646],"carpPosition":[6.3884,336.461,73.9224],"dipPosition":[24.8949,344.273,-62.9404],"direction":[0.16868,-0.232132,-0.957947],"extended":true,"handId":589,"id":5891,"length":58.7918,"mcpPosition":[12.3391,351.926,2.26333],"pipPosition":[20.8189,349.882,-39.7926],"stabilizedTipPosition":[-33.1609,323.403,70.0133],"timeVisible":0.469659,"tipPosition":[26.8546,338.147,-74.6422],"tipVelocity":[105.951,3.43543,-216.023],"tool":false,"touchDistance":-0.639396,"touchZone":"hovering","type":1,"width":19.3376},{"bases":[[[0.944358,-0.290423,0.154413],[0.248082,0.937145,0.245387],[-0.215973,-0.193426,0.957049]],[[0.936502,-0.296807,0.186736],[0.288586,0.349832,-0.891255],[0.199205,0.888551,0.413273]],[[0.936502,-0.296807,0.186736],[0.00266328,-0.526486,-0.85018],[0.350653,0.796692,-0.492264]],[[0.936502,-0.296807,0.186736],[-0.140831,-0.806034,-0.57487],[0.321141,0.512068,-0.796652]]],"btipPosition":[8.13579,275.445,16.756],"carpPosition":[18.6729,337.04,74.463],"dipPosition":[14.1691,285.065,1.7893],"direction":[-0.350653,-0.796692,0.492264],"extended":false,"handId":589,"id":5892,"length":66.9886,"mcpPosition":[33.7369,350.531,7.70942],"pipPosition":[24.1377,307.714,-12.2052],"stabilizedTipPosition":[-53.5807,274.908,144.922],"timeVisible":0.469659,"tipPosition":[9.49408,277.895,13.4547],"tipVelocity":[118.926,-23.0879,-220.463],"tool":false,"touchDistance":0.333333,"touchZone":"none","type":2,"width":18.9921},{"bases":[[[0.880876,-0.385536,0.274626],[0.307907,0.907357,0.286176],[-0.359515,-0.167526,0.917978]],[[0.889674,-0.381183,0.251358],[0.369707,0.278331,-0.886481],[0.267951,0.881608,0.388549]],[[0.889674,-0.381183,0.251358],[-0.00762289,-0.562825,-0.826541],[0.456533,0.733435,-0.503637]],[[0.889674,-0.381183,0.251358],[-0.186466,-0.805821,-0.562034],[0.416787,0.453157,-0.787996]]],"btipPosition":[20.7315,276.827,29.6107],"carpPosition":[30.6149,334.492,75.7861],"dipPosition":[28.5166,285.292,14.8917],"direction":[-0.456533,-0.733435,0.503637],"extended":false,"handId":589,"id":5893,"length":64.4113,"mcpPosition":[53.1289,344.983,18.2992],"pipPosition":[41.1602,305.604,0.943644],"stabilizedTipPosition":[-41.0043,273.804,159.534],"timeVisible":0.469659,"tipPosition":[22.7179,278.823,26.0517],"tipVelocity":[117.531,-18.6306,-215.333],"tool":false,"touchDistance":0.333333,"touchZone":"none","type":3,"width":18.0722},{"bases":[[[0.770281,-0.546921,0.327942],[0.408186,0.817957,0.405376],[-0.489951,-0.178392,0.853302]],[[0.808504,-0.530113,0.255539],[0.465892,0.311289,-0.828277],[0.359534,0.78872,0.498654]],[[0.808504,-0.530113,0.255539],[-0.0324372,-0.473713,-0.880082],[0.587595,0.703261,-0.400194]],[[0.808504,-0.530113,0.255539],[-0.262299,-0.713327,-0.649896],[0.526801,0.458416,-0.715776]]],"btipPosition":[36.0609,285.717,30.8685],"carpPosition":[40.9356,324.908,77.8019],"dipPosition":[45.1388,293.617,18.5341],"direction":[-0.587595,-0.703261,0.400194],"extended":false,"handId":589,"id":5894,"length":50.4973,"mcpPosition":[69.3379,335.249,28.3362],"pipPosition":[56.6284,307.368,10.7089],"stabilizedTipPosition":[-23.3414,281.621,157.325],"timeVisible":0.469659,"tipPosition":[38.3459,287.477,27.7042],"tipVelocity":[116.689,-16.9759,-214.228],"tool":false,"touchDistance":0.333333,"touchZone":"none","type":4,"width":16.0532}],"r":[[0.983032,0.183359,0.00527863],[-0.183389,0.983023,0.00581847],[-0.00412214,-0.00668779,0.999969]],"s":1.13573,"t":[89.6936,16.0005,-194.498],"timestamp":522767679592},false],[7,{"currentFrameRate":106.3