{"sensorType":"Leap","data":[[0,{"currentFrameRate":94.0507,"devices":[],"gestures":[],"hands":[{"armBasis":[[0.996395,-0.0826703,0.0190445],[0.078231,0.982213,0.170699],[-0.0328175,-0.168593,0.985139]],"armWidth":63.703,"confidence":0.634793,"direction":[0.151418,0.440624,-0.884829],"elbow":[13.4874,254.106,354.487],"grabStrength":0.0528402,"id":591,"palmNormal":[-0.0353327,-0.892166,-0.450324],"palmPosition":[22.8396,320.306,37.9467],"palmVelocity":[179.082,-110.742,-355.737],"palmWidth":90.9658,"pinchStrength":0.590257,"r":[[0.983502,0.0188576,0.179912],[-0.0265769,0.998822,0.040592],[-0.178934,-0.0447038,0.982845]],"s":1.03596,"sphereCenter":[40.3416,287.222,5.30844],"sphereRadius":49.6964,"stabilizedPalmPosition":[-6.79816,338.806,90.3308],"t":[55.1427,-34.4215,-97.2933],"timeVisible":0.216935,"type":"right","wrist":[22.3458,299.614,88.5705]}],"id":4202973,"interactionBox":{"center":[0,200,0],"size":[235.247,235.247,147.751]},"pointables":[{"bases":[[[0.458653,0.843939,0.278218],[-0.838298,0.307066,0.450518],[0.294778,-0.439861,0.848309]],[[0.349075,0.937032,0.010872],[-0.931111,0.345514,0.116846],[0.105732,-0.0509109,0.993091]],[[0.349075,0.937032,0.010872],[-0.898775,0.338062,-0.279137],[-0.265236,0.0876683,0.96019]],[[0.349075,0.937032,0.010872],[-0.712841,0.273052,-0.645988],[-0.60828,0.217748,0.76327]]],"btipPosition":[11.2891,285.766,-16.8186],"carpPosition":[-6.70758,291.308,83.3289],"dipPosition":[-2.94308,290.861,1.03989],"direction":[0.265236,-0.0876683,-0.96019],"extended":false,"handId":591,"id":5910,"length":52.1025,"mcpPosition":[-6.70758,291.308,83.3289],"pipPosition":[-11.984,293.849,33.7694],"stabilizedTipPosition":[-28.7894,304.498,55.8494],"timeVisible":0.216935,"tipPosition":[8.69982,286.34,-11.6396],"tipVelocity":[215.119,-94.9868,-382.966],"tool":false,"touchDistance":-0.179123,"touchZone":"hovering","type":0,"width":20.2446},{"bases":[[[0.999238,-0.0240572,-0.0307395],[0.0324807,0.949207,0.312972],[0.0216489,-0.313732,0.949265]],[[0.977026,-0.0961457,0.190201],[0.0265139,0.940359,0.33915],[-0.211465,-0.326315,0.921304]],[[0.977026,-0.0961457,0.190201],[0.112562,0.990621,-0.077457],[-0.18097,0.097087,0.978685]],[[0.977026,-0.0961457,0.190201],[0.167644,0.897755,-0.407346],[-0.131589,0.429874,0.893248]]],"btipPosition":[17.679,340.062,-64.6657],"carpPosition":[3.56806,312.66,83.6301],"dipPosition":[15.4313,347.405,-49.4081],"direction":[0.18097,-0.097087,-0.978685],"extended":true,"handId":591,"id":5911,"length":58.7918,"mcpPosition":[1.97578,335.735,13.8117],"pipPosition":[11.0584,349.751,-25.7592],"stabilizedTipPosition":[-4.91089,354.822,-26.9224],"timeVisible":0.216935,"tipPosition":[17.673,342.832,-60.6437],"tipVelocity":[205.52,-100.576,-365.026],"tool":false,"touchDistance":-0.2264,"touchZone":"hovering","type":1,"width":19.3376},{"bases":[[[0.9727,-0.227684,0.0448915],[0.201414,0.924356,0.324035],[-0.115273,-0.306147,0.944979]],[[0.972455,-0.228328,0.0468803],[0.158597,0.500754,-0.850936],[0.170817,0.834932,0.523173]],[[0.972455,-0.228328,0.0468803],[-0.113531,-0.639626,-0.760257],[0.203574,0.733993,-0.647929]],[[0.972455,-0.228328,0.0468803],[-0.204827,-0.933071,-0.295676],[0.111254,0.277929,-0.954137]]],"btipPosition":[7.71039,269.199,28.4524],"carpPosition":[15.7789,314.167,83.2293],"dipPosition":[9.80051,274.421,10.527],"direction":[-0.203574,-0.733993,0.647929],"extended":false,"handId":591,"id":5912,"length":66.9886,"mcpPosition":[23.8191,335.521,17.3176],"pipPosition":[15.5879,295.287,-7.89286],"stabilizedTipPosition":[-21.0428,287.718,70.7067],"timeVisible":0.216935,"tipPosition":[8.28134,270.589,23.245],"tipVelocity":[215.407,-119.842,-328.207],"tool":false,"touchDistance":0.333333,"touchZone":"none","type":2,"width":18.9921},{"bases":[[[0.927165,-0.339284,0.158908],[0.266617,0.895497,0.356373],[-0.263213,-0.288049,0.920732]],[[0.931349,-0.334524,0.143814],[0.278762,0.40094,-0.872662],[0.234265,0.852843,0.466667]],[[0.931349,-0.334524,0.143814],[-0.135202,-0.684421,-0.716441],[0.338096,0.647813,-0.682663]],[[0.931349,-0.334524,0.143814],[-0.287665,-0.918103,-0.272644],[0.223242,0.212556,-0.951306]]],"btipPosition":[20.4284,270.5,41.4659],"carpPosition":[27.9426,312.468,83.2946],"dipPosition":[24.5984,274.471,23.6965],"direction":[-0.338096,-0.647813,0.682663],"extended":false,"handId":591,"id":5913,"length":64.4113,"mcpPosition":[44.4259,330.506,25.6353],"pipPosition":[33.9618,292.412,4.79037],"stabilizedTipPosition":[-4.90268,286.793,77.7787],"timeVisible":0.216935,"tipPosition":[21.6367,271.402,35.8789],"tipVelocity":[203.32,-105.66,-307.802],"tool":false,"touchDistance":0.333333,"touchZone":"none","type":3,"width":18.0722},{"bases":[[[0.833586,-0.513609,0.203322],[0.38327,0.802834,0.456686],[-0.397792,-0.302759,0.866082]],[[0.845438,-0.504045,0.176562],[0.417518,0.417616,-0.807016],[0.333037,0.756,0.563517]],[[0.845438,-0.504045,0.176562],[-0.180947,-0.581374,-0.79326],[0.502487,0.638704,-0.582721]],[[0.845438,-0.504045,0.176562],[-0.409459,-0.823982,-0.391659],[0.342897,0.258828,-0.903011]]],"btipPosition":[34.6132,277.466,40.2475],"carpPosition":[39.0604,303.589,83.4191],"dipPosition":[40.5221,281.927,24.6867],"direction":[-0.502487,-0.638704,0.582721],"extended":false,"handId":591,"id":5914,"length":50.4973,"mcpPosition":[62.1203,321.14,33.2126],"pipPosition":[50.3475,294.416,13.2924],"stabilizedTipPosition":[6.0796,295.311,85.9255],"timeVisible":0.216935,"tipPosition":[35.8795,278.31,36.3894],"tipVelocity":[206.146,-101.165,-349.955],"tool":false,"touchDistance":0.333333,"touchZone":"none","type":4,"width":16.0532}],"r":[[0.983502,0.0188576,0.179912],[-0.0265769,0.998822,0.040592],[-0.178934,-0.0447038,0.982845]],"s":1.03596,"t":[55.1427,-34.4215,-97.2933],"timestamp":522776765866},false],[1,{"currentFrameRate":94.8531,"devices":[],"gestures":[],"hands":[{"armBasis":[[0.996636,-0.0770266,0.0280021],[0.0710645,0.982365,0.172944],[-0.0408296,-0.170373,0.984533]],"armWidth":63.703,"confidence":0.64674,"direction":[0.15278,0.444642,-0.882583],"elbow":[12.3181,252.811,351.563],"grabStrength":0.045668,"id":591,"palmNormal":[-0.0272021,-0.890837,-0.453509],"palmPosition":[23.9411,319.667,35.2595],"palmVelocity":[164.101,-100.177,-341.23],"palmWidth":90.9658,"pinchStrength":0.571197,"r":[[0.982522,0.0233885,0.184669],[-0.0317229,0.998601,0.0423064],[-0.183421,-0.0474252,0.98189]],"s":1.03959,"sphereCenter":[41.7058,286.809,2.62275],"sphereRadius":49.6776,"stabilizedPalmPosition":[-5.61467,338.069,88.2105],"t":[56.4176,-35.1646,-100.234],"timeVisible":0.225823,"type":"right","wrist":[23.3391,298.8,85.81]}],"id":4202974,"interactionBox":{"center":[0,200,0],"size":[235.247,235.247,147.751]},"pointables":[{"bases":[[[0.451665,0.846011,0.28331],[-0.842504,0.29995,0.447456],[0.293574,-0.44079,0.848244]],[[0.343275,0.939084,0.0168339],[-0.93394,0.339385,0.112139],[0.0995944,-0.0542163,0.99355]],[[0.343275,0.939084,0.0168339],[-0.899956,0.333995,-0.280226],[-0.268778,0.0810448,0.959786]],[[0.343275,0.939084,0.0168339],[-0.709692,0.271079,-0.650272],[-0.615223,0.211275,0.759515]]],"btipPosition":[12.9536,285.319,-19.6704],"carpPosition":[-5.63248,290.319,80.3985],"dipPosition":[-1.44096,290.262,-1.89972],"direction":[0.268778,-0.0810448,-0.959786],"extended":false,"handId":591,"id":5910,"length":52.1025,"mcpPosition":[-5.63248,290.319,80.3985],"pipPosition":[-10.6027,293.025,30.8161],"stabilizedTipPosition":[-27.7999,304.033,54.0103],"timeVisible":0.225823,"tipPosition":[10.2734,285.856,-14.557],"tipVelocity":[206.414,-83.9088,-366.709],"tool":false,"touchDistance":-0.226989,"touchZone":"hovering","type":0,"width":20.2446},{"bases":[[[0.999514,-0.0173146,-0.0259409],[0.0246379,0.948326,0.316339],[0.0191232,-0.316824,0.948292]],[[0.977048,-0.0898164,0.193156],[0.0194661,0.940616,0.338914],[-0.212126,-0.327375,0.920776]],[[0.977048,-0.0898164,0.193156],[0.105643,0.991703,-0.0732403],[-0.184975,0.0919649,0.978431]],[[0.977048,-0.0898164,0.193156],[0.161975,0.902169,-0.399819],[-0.138349,0.421929,0.896011]]],"btipPosition":[19.0366,339.672,-67.4205],"carpPosition":[4.49917,311.738,80.8221],"dipPosition":[16.6734,346.879,-52.1157],"direction":[0.184975,-0.0919649,-0.978431],"extended":true,"handId":591,"id":5911,"length":58.7918,"mcpPosition":[3.09266,335.04,11.0752],"pipPosition":[12.2037,349.101,-28.473],"stabilizedTipPosition":[-3.51792,354.018,-29.1233],"timeVisible":0.225823,"tipPosition":[18.9992,342.377,-63.3726],"tipVelocity":[190.368,-86.1304,-349.729],"tool":false,"touchDistance":-0.272132,"touchZone":"hovering","type":1,"width":19.3376},{"bases":[[[0.973964,-0.221371,0.0488699],[0.193677,0.924561,0.328142],[-0.117824,-0.310133,0.943364]],[[0.973708,-0.222038,0.0509016],[0.157308,0.493786,-0.855237],[0.164761,0.840758,0.515732]],[[0.973708,-0.222038,0.0509016],[-0.107917,-0.646406,-0.755323],[0.200614,0.729971,-0.653373]],[[0.973708,-0.222038,0.0509016],[-0.197961,-0.935336,-0.293186],[0.112709,0.275402,-0.954699]]],"btipPosition":[9.15959,268.518,26.3457],"carpPosition":[16.7015,313.327,80.4861],"dipPosition":[11.277,273.692,8.40978],"direction":[-0.200614,-0.729971,0.653373],"extended":false,"handId":591,"id":5912,"length":66.9886,"mcpPosition":[24.9197,334.959,14.687],"pipPosition":[16.9802,294.445,-10.1648],"stabilizedTipPosition":[-19.2501,286.666,67.8745],"timeVisible":0.225823,"tipPosition":[9.74682,269.891,20.9983],"tipVelocity":[201.375,-108.433,-303.509],"tool":false,"touchDistance":0.333333,"touchZone":"none","type":2,"width":18.9921},{"bases":[[[0.92862,-0.33366,0.162284],[0.258913,0.896025,0.3607],[-0.265762,-0.292936,0.918455]],[[0.932779,-0.328899,0.147472],[0.279735,0.40253,-0.871618],[0.227312,0.85428,0.467476]],[[0.932779,-0.328899,0.147472],[-0.12818,-0.685068,-0.717113],[0.336886,0.650005,-0.681176]],[[0.932779,-0.328899,0.147472],[-0.280692,-0.919481,-0.275258],[0.22613,0.215361,-0.949992]]],"btipPosition":[21.8113,269.87,38.817],"carpPosition":[28.8758,311.708,80.605],"dipPosition":[26.0352,273.892,21.0721],"direction":[-0.336886,-0.650005,0.681176],"extended":false,"handId":591,"id":5913,"length":64.4113,"mcpPosition":[45.5187,330.053,23.0883],"pipPosition":[35.3652,291.894,2.20721],"stabilizedTipPosition":[-3.24498,285.835,75.2015],"timeVisible":0.225823,"tipPosition":[23.0337,270.782,33.2672],"tipVelocity":[190.733,-95.8667,-304.974],"tool":false,"touchDistance":0.333333,"touchZone":"none","type":3,"width":18.0722},{"bases":[[[0.835989,-0.508753,0.205651],[0.375692,0.803797,0.461267],[-0.399972,-0.308353,0.863099]],[[0.848066,-0.498881,0.178612],[0.417917,0.422482,-0.804273],[0.325776,0.756721,0.566783]],[[0.848066,-0.498881,0.178612],[-0.1741,-0.580693,-0.795289],[0.500474,0.643361,-0.579321]],[[0.848066,-0.498881,0.178612],[-0.402447,-0.825676,-0.395343],[0.344705,0.263395,-0.901]]],"btipPosition":[35.9958,276.91,37.5385],"carpPosition":[40.0517,302.903,80.7537],"dipPosition":[41.9359,281.449,22.0122],"direction":[-0.500474,-0.643361,0.579321],"extended":false,"handId":591,"id":5914,"length":50.4973,"mcpPosition":[63.238,320.778,30.7201],"pipPosition":[51.7219,294.029,10.6844],"stabilizedTipPosition":[7.53447,294.504,83.509],"timeVisible":0.225823,"tipPosition":[37.2738,277.775,33.6726],"tipVelocity":[192.622,-90.1476,-337.444],"tool":false,"touchDistance":0.333333,"touchZone":"none","type":4,"width":16.0532}],"r":[[0.982522,0.0233885,0.184669],[-0.0317229,0.998601,0.0423064],[-0.183421,-0.0474252,0.98189]],"s":1.03959,"t":[56.4176,-35.1646,-100.234],"timestamp":522776774754},false],[2,{"currentFrameRate":95.5136,"devices":[],"gestures":[],"hands":[{"armBasis":[[0.996635,-0.0789552,0.0220066],[0.0739665,0.982041,0.173565],[-0.0353152,-0.171353,0.984576]],"armWidth":63.703,"confidence":0.6621,"direction":[0.156061,0.44775,-0.880434],"elbow":[14.5334,251.653,350.038],"grabStrength":0.038875,"id":591,"palmNormal":[-0.0286996,-0.888924,-0.457155],"palmPosition":[24.8429,318.975,33.8085],"palmVelocity":[146.001,-93.4367,-290.675],"palmWidth":90.9658,"pinchStrength":0.559507,"r":[[0.981636,0.0262935,0.188943],[-0.0352974,0.998388,0.044448],[-0.187469,-0.0503009,0.980982]],"s":1.04276,"sphereCenter":[42.4932,286.175,1.09035],"sphereRadius":49.6638,"stabilizedPalmPosition":[-4.49149,337.365,86.2043],"t":[57.506,-35.8822,-102.429],"timeVisible":0.234941,"type":"right","wrist":[24.066,297.906,84.273]}],"id":4202975,"interactionBox":{"center":[0,200,0],"size":[235.247,235.247,147.751]},"pointables":[{"bases":[[[0.453421,0.843572,0.287743],[-0.842668,0.300551,0.446744],[0.290379,-0.445035,0.847127]],[[0.346347,0.93784,0.0223535],[-0.933245,0.342031,0.109852],[0.0953783,-0.0589083,0.993697]],[[0.346347,0.93784,0.0223535],[-0.898775,0.338559,-0.278535],[-0.268789,0.0763789,0.960166]],[[0.346347,0.93784,0.0223535],[-0.706619,0.276481,-0.651343],[-0.617036,0.209795,0.758454]]],"btipPosition":[13.9222,284.958,-21.3028],"carpPosition":[-4.91714,289.53,78.7615],"dipPosition":[-0.514832,289.866,-3.55695],"direction":[0.268789,-0.0763789,-0.960166],"extended":false,"handId":591,"id":5910,"length":52.1025,"mcpPosition":[-4.91714,289.53,78.7615],"pipPosition":[-9.67692,292.47,29.1718],"stabilizedTipPosition":[-26.8057,303.569,52.1663],"timeVisible":0.234941,"tipPosition":[11.1878,285.48,-16.231],"tipVelocity":[178.301,-71.8488,-314.778],"tool":false,"touchDistance":-0.254291,"touchZone":"hovering","type":0,"width":20.2446},{"bases":[[[0.999517,-0.0200625,-0.0237374],[0.0266125,0.946972,0.320212],[0.0160544,-0.320689,0.947048]],[[0.976674,-0.0929072,0.193587],[0.0222312,0.940455,0.339189],[-0.213573,-0.326974,0.920584]],[[0.976674,-0.0929072,0.193587],[0.108003,0.991759,-0.0689224],[-0.185588,0.0882227,0.978659]],[[0.976674,-0.0929072,0.193587],[0.163892,0.905027,-0.392512],[-0.138734,0.415084,0.899143]]],"btipPosition":[20.121,339.326,-68.9075],"carpPosition":[5.27441,310.918,79.2944],"dipPosition":[17.7513,346.416,-53.5492],"direction":[0.185588,-0.0882227,-0.978659],"extended":true,"handId":591,"id":5911,"length":58.7918,"mcpPosition":[4.09361,334.504,9.63902],"pipPosition":[13.2668,348.548,-29.9009],"stabilizedTipPosition":[-2.22798,353.289,-31.1481],"timeVisible":0.234941,"tipPosition":[20.0856,341.971,-64.8364],"tipVelocity":[170.491,-73.5534,-297.537],"tool":false,"touchDistance":-0.295373,"touchZone":"hovering","type":1,"width":19.3376},{"bases":[[[0.973217,-0.224344,0.0501923],[0.195556,0.922677,0.332304],[-0.120862,-0.313588,0.941836]],[[0.972956,-0.225014,0.052205],[0.159398,0.490457,-0.856764],[0.167179,0.841915,0.513059]],[[0.972956,-0.225014,0.052205],[-0.109346,-0.64774,-0.753974],[0.20347,0.727875,-0.654827]],[[0.972956,-0.225014,0.052205],[-0.200351,-0.934546,-0.29408],[0.11496,0.275668,-0.954354]]],"btipPosition":[9.91185,267.905,25.1224],"carpPosition":[17.4819,312.474,78.9926],"dipPosition":[12.0716,273.084,7.19295],"direction":[-0.20347,-0.727875,0.654827],"extended":false,"handId":591,"id":5912,"length":66.9886,"mcpPosition":[25.912,334.346,13.3001],"pipPosition":[17.856,293.777,-11.423],"stabilizedTipPosition":[-17.4965,285.628,65.1028],"timeVisible":0.234941,"tipPosition":[10.5119,269.273,19.7455],"tipVelocity":[168.669,-96.9721,-256.449],"tool":false,"touchDistance":0.333333,"touchZone":"none","type":2,"width":18.9921},{"bases":[[[0.927294,-0.336959,0.16305],[0.260635,0.893824,0.364895],[-0.268692,-0.295868,0.916661]],[[0.931448,-0.332212,0.148457],[0.282478,0.402993,-0.870519],[0.22937,0.852779,0.46921]],[[0.931448,-0.332212,0.148457],[-0.129179,-0.683314,-0.718606],[0.340173,0.650167,-0.679386]],[[0.931448,-0.332212,0.148457],[-0.282995,-0.917841,-0.278355],[0.228733,0.21726,-0.948936]]],"btipPosition":[22.5388,269.192,37.3103],"carpPosition":[29.6513,310.82,79.1326],"dipPosition":[26.8113,273.25,19.5852],"direction":[-0.340173,-0.650167,0.679386],"extended":false,"handId":591,"id":5913,"length":64.4113,"mcpPosition":[46.4777,329.348,21.7283],"pipPosition":[36.2323,291.256,0.769813],"stabilizedTipPosition":[-1.68515,284.92,72.7558],"timeVisible":0.234941,"tipPosition":[23.7705,270.113,31.7956],"tipVelocity":[160.271,-89.6373,-266.043],"tool":false,"touchDistance":0.333333,"touchZone":"none","type":3,"width":18.0722},{"bases":[[[0.834066,-0.51196,0.2055],[0.376921,0.800859,0.465355],[-0.40282,-0.310679,0.860938]],[[0.846447,-0.501827,0.178034],[0.419898,0.423473,-0.802718],[0.327433,0.754215,0.569164]],[[0.846447,-0.501827,0.178034],[-0.175283,-0.578321,-0.796756],[0.502795,0.643206,-0.57748]],[[0.846447,-0.501827,0.178034],[-0.404509,-0.823451,-0.397871],[0.346264,0.26476,-0.900002]]],"btipPosition":[36.7801,276.192,36.044],"carpPosition":[40.8018,301.983,79.2714],"dipPosition":[42.747,280.754,20.535],"direction":[-0.502795,-0.643206,0.57748],"extended":false,"handId":591,"id":5914,"length":50.4973,"mcpPosition":[64.1531,319.993,29.363],"pipPosition":[52.5784,293.331,9.24316],"stabilizedTipPosition":[8.91221,293.727,81.2127],"timeVisible":0.234941,"tipPosition":[38.0672,277.068,32.157],"tipVelocity":[163.211,-86.8131,-289.144],"tool":false,"touchDistance":0.333333,"touchZone":"none","type":4,"width":16.0532}],"r":[[0.981636,0.0262935,0.188943],[-0.0352974,0.998388,0.044448],[-0.187469,-0.0503009,0.980982]],"s":1.04276,"t":[57.506,-35.8822,-102.429],"timestamp":522776783872},false],[3,{"currentFrameRate":96.2243,"devices":[],"gestures":[],"hands":[{"armBasis":[[0.997014,-0.0744546,0.0204623],[0.069987,0.983323,0.167863],[-0.0326192,-0.16593,0.985598]],"armWidth":63.703,"confidence":0.671295,"direction":[0.157658,0.450224,-0.878887],"elbow":[15.6802,252.047,349.143],"grabStrength":0.0326563,"id":591,"palmNormal":[-0.0228051,-0.888121,-0.459045],"palmPosition":[25.3744,318.011,32.6843],"palmVelocity":[122.336,-97.3622,-245.583],"palmWidth":90.9658,"pinchStrength":0.551677,"r":[[0.980722,0.0294157,0.193183],[-0.0391017,0.998152,0.0465183],[-0.191458,-0.0531753,0.980059]],"s":1.04557,"sphereCenter":[43.1942,285.353,-0.0213188],"sphereRadius":49.6387,"stabilizedPalmPosition":[-3.45851,336.695,84.3532],"t":[58.3159,-36.7233,-104.089],"timeVisible":0.243889,"type":"right","wrist":[24.485,296.837,83.1029]}],"id":4202976,"interactionBox":{"center":[0,200,0],"size":[235.247,235.247,147.751]},"pointables":[{"bases":[[[0.448421,0.845025,0.291294],[-0.845847,0.295849,0.443866],[0.288899,-0.445429,0.847426]],[[0.342483,0.939145,0.0266824],[-0.935295,0.338112,0.104422],[0.089046,-0.0607188,0.994175]],[[0.342483,0.939145,0.0266824],[-0.899676,0.336008,-0.278714],[-0.270719,0.0714494,0.960003]],[[0.342483,0.939145,0.0266824],[-0.704505,0.275498,-0.654044],[-0.621593,0.205201,0.755986]]],"btipPosition":[14.8906,284.135,-22.5696],"carpPosition":[-4.43709,288.341,77.4552],"dipPosition":[0.346985,288.936,-4.88153],"direction":[0.270719,-0.0714494,-0.960003],"extended":false,"handId":591,"id":5910,"length":52.1025,"mcpPosition":[-4.43709,288.341,77.4552],"pipPosition":[-8.88087,291.371,27.8416],"stabilizedTipPosition":[-25.8139,303.095,50.3386],"timeVisible":0.243889,"tipPosition":[12.0839,284.633,-17.5409],"tipVelocity":[158.407,-78.1086,-267.859],"tool":false,"touchDistance":-0.275626,"touchZone":"hovering","type":0,"width":20.2446},{"bases":[[[0.999686,-0.0155097,-0.019657],[0.0210192,0.946435,0.32221],[0.0136067,-0.322523,0.946464]],[[0.976573,-0.0884703,0.196159],[0.0172163,0.940776,0.338591],[-0.214497,-0.327282,0.92026]],[[0.976573,-0.0884703,0.196159],[0.103107,0.992499,-0.0656842],[-0.188877,0.0843708,0.97837]],[[0.976573,-0.0884703,0.196159],[0.159905,0.908364,-0.386399],[-0.143999,0.408714,0.901231]]],"btipPosition":[20.8913,338.532,-70.1008],"carpPosition":[5.6555,309.773,78.0729],"dipPosition":[18.4316,345.513,-54.7068],"direction":[0.188877,-0.0843708,-0.97837],"extended":true,"handId":591,"id":5911,"length":58.7918,"mcpPosition":[4.65473,333.495,8.46051],"pipPosition":[13.8676,347.552,-31.0655],"stabilizedTipPosition":[-1.06242,352.609,-32.9782],"timeVisible":0.243889,"tipPosition":[20.8309,341.111,-66.0131],"tipVelocity":[146.795,-78.4799,-252.425],"tool":false,"touchDistance":-0.311944,"touchZone":"hovering","type":1,"width":19.3376},{"bases":[[[0.974005,-0.220056,0.0537554],[0.190019,0.922877,0.33495],[-0.123317,-0.316028,0.940701]],[[0.973728,-0.22076,0.0558519],[0.160051,0.489015,-0.857466],[0.161982,0.843878,0.5115]],[[0.973728,-0.22076,0.0558519],[-0.104059,-0.649534,-0.753179],[0.20255,0.727579,-0.655441]],[[0.973728,-0.22076,0.0558519],[-0.195164,-0.935413,-0.29481],[0.117327,0.276165,-0.953922]]],"btipPosition":[10.6904,266.891,24.1179],"carpPosition":[17.857,311.385,77.8245],"dipPosition":[12.8946,272.079,6.19661],"direction":[-0.20255,-0.727579,0.655441],"extended":false,"handId":591,"id":5912,"length":66.9886,"mcpPosition":[26.4583,333.428,12.2111],"pipPosition":[18.6528,292.763,-12.4368],"stabilizedTipPosition":[-15.7956,284.588,62.4291],"timeVisible":0.243889,"tipPosition":[11.3044,268.255,18.7426],"tipVelocity":[146.668,-101.377,-216.993],"tool":false,"touchDistance":0.333333,"touchZone":"none","type":2,"width":18.9921},{"bases":[[[0.928127,-0.333104,0.166197],[0.255094,0.894252,0.367751],[-0.271122,-0.298924,0.914952]],[[0.932326,-0.328302,0.151609],[0.283433,0.403061,-0.870176],[0.224573,0.854259,0.468837]],[[0.932326,-0.328302,0.151609],[-0.124208,-0.684475,-0.718377],[0.339618,0.650931,-0.678932]],[[0.932326,-0.328302,0.151609],[-0.278127,-0.918951,-0.279597],[0.231113,0.218509,-0.948072]]],"btipPosition":[23.2579,268.239,36.2841],"carpPosition":[30.033,309.786,78.0114],"dipPosition":[27.5748,272.32,18.575],"direction":[-0.339617,-0.650931,0.678932],"extended":false,"handId":591,"id":5913,"length":64.4113,"mcpPosition":[47.0116,328.505,20.7141],"pipPosition":[36.9804,290.347,-0.227742],"stabilizedTipPosition":[-0.224563,284.033,70.4725],"timeVisible":0.243889,"tipPosition":[24.499,269.164,30.7922],"tipVelocity":[138.748,-94.0974,-224.575],"tool":false,"touchDistance":0.333333,"touchZone":"none","type":3,"width":18.0722},{"bases":[[[0.835517,-0.508609,0.207913],[0.371384,0.80161,0.468504],[-0.40495,-0.314227,0.858648]],[[0.848156,-0.498199,0.180082],[0.420318,0.425971,-0.801175],[0.322435,0.755213,0.570692]],[[0.848156,-0.498199,0.180082],[-0.170466,-0.578532,-0.797648],[0.50157,0.645832,-0.575612]],[[0.848156,-0.498199,0.180082],[-0.399557,-0.824821,-0.400031],[0.34783,0.267336,-0.898636]]],"btipPosition":[37.4981,275.282,34.9698],"carpPosition":[41.2226,300.998,78.1785],"dipPosition":[43.492,279.889,19.4843],"direction":[-0.50157,-0.645832,0.575612],"extended":false,"handId":591,"id":5914,"length":50.4973,"mcpPosition":[64.6975,319.214,28.4028],"pipPosition":[53.2995,292.517,8.22902],"stabilizedTipPosition":[10.2076,292.976,79.0597],"timeVisible":0.243889,"tipPosition":[38.7978,276.176,31.0689],"tipVelocity":[140.733,-90.5542,-242.776],"tool":false,"touchDistance":0.333333,"touchZone":"none","type":4,"width":16.0532}],"r":[[0.980722,0.0294157,0.193183],[-0.0391017,0.998152,0.0465183],[-0.191458,-0.0531753,0.980059]],"s":1.04557,"t":[58.3159,-36.7233,-104.089],"timestamp":522776792820},false],[4,{"currentFrameRate":96.7761,"devices":[],"gestures":[],"hands":[{"armBasis":[[0.997249,-0.0718599,0.0181822],[0.0680517,0.984814,0.159722],[-0.0293837,-0.158046,0.986994]],"armWidth":63.703,"confidence":0.678092,"direction":[0.160507,0.459969,-0.873307],"elbow":[17.0196,252.579,347.619],"grabStrength":0.0265316,"id":591,"palmNormal":[-0.0168939,-0.883369,-0.468374],"palmPosition":[26.0224,316.942,31.0116],"palmVelocity":[107.75,-102.577,-227.606],"palmWidth":90.9658,"pinchStrength":0.547002,"r":[[0.979736,0.0322615,0.197678],[-0.0429847,0.997814,0.0501962],[-0.195626,-0.0576761,0.978981]],"s":1.04804,"sphereCenter":[44.0365,284.69,-1.9413],"sphereRadius":49.6183,"stabilizedPalmPosition":[-3.45851,336.695,84.3532],"t":[59.0448,-37.6784,-105.756],"timeVisible":0.253108,"type":"right","wrist":[24.9511,295.24,81.2018]}],"id":4202977,"interactionBox":{"center":[0,200,0],"size":[235.247,235.247,147.751]},"pointables":[{"bases":[[[0.443552,0.843676,0.302443],[-0.849328,0.287921,0.442429],[0.286187,-0.453114,0.844266]],[[0.339107,0.939927,0.0393022],[-0.93718,0.333891,0.101044],[0.0818514,-0.0710979,0.994105]],[[0.339107,0.939927,0.0393022],[-0.900149,0.33633,-0.276791],[-0.273382,0.0584839,0.960126]],[[0.339107,0.939927,0.0393022],[-0.701302,0.28042,-0.655393],[-0.627042,0.194685,0.754265]]],"btipPosition":[15.9978,283.691,-24.6725],"carpPosition":[-3.90727,286.691,75.3128],"dipPosition":[1.32664,288.246,-7.02464],"direction":[0.273382,-0.0584839,-0.960126],"extended":false,"handId":591,"id":5910,"length":52.1025,"mcpPosition":[-3.90727,286.691,75.3128],"pipPosition":[-7.992,290.239,25.7027],"stabilizedTipPosition":[-24.7939,302.608,48.4559],"timeVisible":0.253108,"tipPosition":[13.1231,284.123,-19.687],"tipVelocity":[146.779,-71.4289,-256.999],"tool":false,"touchDistance":-0.308078,"touchZone":"hovering","type":0,"width":20.2446},{"bases":[[[0.999829,-0.0114242,-0.0145166],[0.0155985,0.943099,0.332146],[0.00989612,-0.332316,0.943116]],[[0.976159,-0.08629,0.19917],[0.0122802,0.938069,0.34623],[-0.216711,-0.33553,0.916764]],[[0.976159,-0.08629,0.19917],[0.0987912,0.993659,-0.0536883],[-0.193274,0.0720845,0.978493]],[[0.976159,-0.08629,0.19917],[0.15681,0.914806,-0.37221],[-0.150084,0.394568,0.906527]]],"btipPosition":[21.9114,338.527,-71.6638],"carpPosition":[6.09751,308.155,76.207],"dipPosition":[19.3479,345.266,-56.1794],"direction":[0.193274,-0.0720845,-0.978493],"extended":true,"handId":591,"id":5911,"length":58.7918,"mcpPosition":[5.36965,332.597,6.84076],"pipPosition":[14.6776,347.008,-32.5351],"stabilizedTipPosition":[0.0559321,351.983,-34.7331],"timeVisible":0.253108,"tipPosition":[21.8231,340.999,-67.5397],"tipVelocity":[135.943,-58.3361,-228.568],"tool":false,"touchDistance":-0.332217,"touchZone":"hovering","type":1,"width":19.3376},{"bases":[[[0.974567,-0.216823,0.0566266],[0.18462,0.920066,0.345535],[-0.12702,-0.326293,0.936696]],[[0.974277,-0.21756,0.0587443],[0.162308,0.496614,-0.852661],[0.156332,0.840263,0.519152]],[[0.974277,-0.21756,0.0587443],[-0.0978972,-0.643408,-0.759238],[0.202977,0.733958,-0.648156]],[[0.974277,-0.21756,0.0587443],[-0.190038,-0.933298,-0.304697],[0.121116,0.285696,-0.950636]]],"btipPosition":[11.5743,265.852,21.9753],"carpPosition":[18.2937,309.817,76.04],"dipPosition":[13.8497,271.22,4.1157],"direction":[-0.202977,-0.733958,0.648156],"extended":false,"handId":591,"id":5912,"length":66.9886,"mcpPosition":[27.1533,332.575,10.706],"pipPosition":[19.6201,292.085,-14.3106],"stabilizedTipPosition":[-14.1136,283.532,59.7419],"timeVisible":0.253108,"tipPosition":[12.2086,267.265,16.6364],"tipVelocity":[132.933,-103.29,-220.883],"tool":false,"touchDistance":0.333333,"touchZone":"none","type":2,"width":18.9921},{"bases":[[[0.928544,-0.331214,0.167642],[0.249634,0.891353,0.378382],[-0.274753,-0.309495,0.910342]],[[0.932847,-0.326188,0.152964],[0.285503,0.41035,-0.866083],[0.219738,0.851595,0.475922]],[[0.932847,-0.326188,0.152964],[-0.118889,-0.679506,-0.723973],[0.340091,0.65717,-0.672656]],[[0.932847,-0.326188,0.152964],[-0.273482,-0.917517,-0.288738],[0.23453,0.227515,-0.94511]]],"btipPosition":[24.0661,267.156,34.2905],"carpPosition":[30.4748,308.263,76.2748],"dipPosition":[28.4469,271.405,16.6368],"direction":[-0.340091,-0.65717,0.672656],"extended":false,"handId":591,"id":5913,"length":64.4113,"mcpPosition":[47.6808,327.644,19.2662],"pipPosition":[37.8656,289.605,-1.99214],"stabilizedTipPosition":[1.19405,283.142,68.2159],"timeVisible":0.253108,"tipPosition":[25.3203,268.129,28.8317],"tipVelocity":[124.881,-99.4735,-221.854],"tool":false,"touchDistance":0.333333,"touchZone":"none","type":3,"width":18.0722},{"bases":[[[0.836407,-0.507502,0.207038],[0.365756,0.798118,0.47878],[-0.408223,-0.32473,0.853173]],[[0.849366,-0.496561,0.178899],[0.421984,0.435284,-0.795272],[0.317029,0.75097,0.579256]],[[0.849366,-0.496561,0.178899],[-0.164956,-0.571711,-0.803702],[0.501366,0.653126,-0.567502]],[[0.849366,-0.496561,0.178899],[-0.394592,-0.822514,-0.409594],[0.350536,0.277303,-0.894554]]],"btipPosition":[38.3115,274.246,32.9868],"carpPosition":[41.6979,299.518,76.4098],"dipPosition":[44.352,279.024,17.5717],"direction":[-0.501366,-0.653126,0.567502],"extended":false,"handId":591,"id":5914,"length":50.4973,"mcpPosition":[65.3624,318.342,26.9515],"pipPosition":[54.1555,291.795,6.47495],"stabilizedTipPosition":[11.4778,292.216,76.9227],"timeVisible":0.253108,"tipPosition":[39.6254,275.188,29.087],"tipVelocity":[126.345,-95.4797,-234.528],"tool":false,"touchDistance":0.333333,"touchZone":"none","type":4,"width":16.0532}],"r":[[0.979736,0.0322615,0.197678],[-0.0429847,0.997814,0.0501962],[-0.195626,-0.0576761,0.978981]],"s":1.04804,"t":[59.0448,-37.6784,-105.756],"timestamp":522776802039},false],[5,{"currentFrameRate":97.4658,"devices":[],"gestures":[],"hands":[{"armBasis":[[0.99736,-0.0710676,0.0149029],[0.0679719,0.985934,0.152689],[-0.0255445,-0.151273,0.988162]],"armWidth":63.703,"confidence":0.689094,"direction":[0.164861,0.466926,-0.868793],"elbow":[18.4062,253.221,346.167],"grabStrength":0.0203401,"id":591,"palmNormal":[-0.0128602,-0.879753,-0.475257],"palmPosition":[26.6302,316.144,29.4202],"palmVelocity":[97.0932,-99.1385,-214.498],"palmWidth":90.9658,"pinchStrength":0.542114,"r":[[0.978682,0.0345015,0.202462],[-0.0464597,0.997426,0.0546111],[-0.200056,-0.0628532,0.977766]],"s":1.05031,"sphereCenter":[44.7727,284.173,-3.68039],"sphereRadius":49.5968,"stabilizedPalmPosition":[-3.43543,336.679,84.3111],"t":[59.7132,-38.5549,-107.385],"timeVisible":0.261984,"type":"right","wrist":[25.3014,294.054,79.4346]}],"id":4202978,"interactionBox":{"center":[0,200,0],"size":[235.247,235.247,147.751]},"pointables":[{"bases":[[[0.44053,0.841963,0.311499],[-0.852302,0.283262,0.439708],[0.281983,-0.459196,0.842393]],[[0.337951,0.939855,0.0496049],[-0.93826,0.332303,0.0961402],[0.0738741,-0.079033,0.994131]],[[0.337951,0.939855,0.0496049],[-0.899669,0.33808,-0.276221],[-0.276378,0.0487214,0.959813]],[[0.337951,0.939855,0.0496049],[-0.697688,0.285551,-0.657032],[-0.63168,0.187436,0.752229]]],"btipPosition":[17.0042,283.407,-26.6154],"carpPosition":[-3.50955,285.509,73.3129],"dipPosition":[2.22459,287.792,-9.01521],"direction":[0.276378,-0.0487214,-0.959813],"extended":false,"handId":591,"id":5910,"length":52.1025,"mcpPosition":[-3.50955,285.509,73.3129],"pipPosition":[-7.19619,289.453,23.7015],"stabilizedTipPosition":[-23.8647,302.167,46.7371],"timeVisible":0.261984,"tipPosition":[14.0674,283.789,-21.669],"tipVelocity":[136.956,-61.9221,-246.994],"tool":false,"touchDistance":-0.334912,"touchZone":"hovering","type":0,"width":20.2446},{"bases":[[[0.999913,-0.00985539,-0.00881372],[0.0122625,0.94053,0.339488],[0.00494378,-0.339566,0.940569]],[[0.975409,-0.0859709,0.202945],[0.00938416,0.936153,0.351468],[-0.220203,-0.34092,0.913939]],[[0.975409,-0.0859709,0.202945],[0.0968181,0.994324,-0.044122],[-0.197999,0.0626857,0.978196]],[[0.975409,-0.0859709,0.202945],[0.155999,0.919759,-0.360148],[-0.155698,0.382951,0.910553]]],"btipPosition":[22.9959,338.542,-73.1934],"carpPosition":[6.45765,306.98,74.4303],"dipPosition":[20.3364,345.083,-57.6402],"direction":[0.197999,-0.0626857,-0.978196],"extended":true,"handId":591,"id":5911,"length":58.7918,"mcpPosition":[6.09403,331.955,5.25144],"pipPosition":[15.552,346.598,-34.0031],"stabilizedTipPosition":[1.07556,351.438,-36.326],"timeVisible":0.261984,"tipPosition":[22.8829,340.915,-69.041],"tipVelocity":[131.534,-43.4434,-212.822],"tool":false,"touchDistance":-0.350035,"touchZone":"hovering","type":1,"width":19.3376},{"bases":[[[0.974548,-0.215834,0.0605972],[0.181239,0.917641,0.353678],[-0.131942,-0.333694,0.933402]],[[0.974248,-0.216586,0.0627043],[0.166148,0.501566,-0.849015],[0.152435,0.837569,0.524635]],[[0.974248,-0.216586,0.0627043],[-0.0929054,-0.638976,-0.763596],[0.205451,0.738106,-0.642643]],[[0.974248,-0.216586,0.0627043],[-0.186979,-0.931444,-0.312172],[0.126018,0.292409,-0.947954]]],"btipPosition":[12.3013,265.098,20.0404],"carpPosition":[18.6521,308.66,74.3468],"dipPosition":[14.6688,270.591,2.23123],"direction":[-0.205451,-0.738106,0.642643],"extended":false,"handId":591,"id":5912,"length":66.9886,"mcpPosition":[27.855,331.935,9.24254],"pipPosition":[20.5096,291.575,-16.0384],"stabilizedTipPosition":[-12.6101,282.575,57.2994],"timeVisible":0.261984,"tipPosition":[12.9616,266.544,14.7303],"tipVelocity":[119.736,-97.4381,-219.743],"tool":false,"touchDistance":0.333333,"touchZone":"none","type":2,"width":18.9921},{"bases":[[[0.928056,-0.331144,0.170459],[0.246104,0.88877,0.386678],[-0.279545,-0.316908,0.906324]],[[0.932433,-0.326003,0.155855],[0.28914,0.414459,-0.862914],[0.216717,0.849674,0.480716]],[[0.932433,-0.326003,0.155855],[-0.114816,-0.676271,-0.72765],[0.342616,0.660591,-0.668008]],[[0.932433,-0.326003,0.155855],[-0.270934,-0.916151,-0.295401],[0.239088,0.233215,-0.942575]]],"btipPosition":[24.7052,266.364,32.5173],"carpPosition":[30.834,307.122,74.6402],"dipPosition":[29.1712,270.72,14.9109],"direction":[-0.342616,-0.660591,0.668008],"extended":false,"handId":591,"id":5913,"length":64.4113,"mcpPosition":[48.34,326.968,17.8832],"pipPosition":[38.6598,289.015,-3.58931],"stabilizedTipPosition":[2.41617,282.356,66.2363],"timeVisible":0.261984,"tipPosition":[25.9806,267.365,27.0863],"tipVelocity":[111.131,-95.9322,-215.531],"tool":false,"touchDistance":0.333333,"touchZone":"none","type":3,"width":18.0722},{"bases":[[[0.835957,-0.507865,0.207961],[0.361784,0.794933,0.487026],[-0.412659,-0.331896,0.848267]],[[0.849312,-0.496462,0.179427],[0.424961,0.441362,-0.790321],[0.313172,0.747479,0.585831]],[[0.849312,-0.496462,0.179427],[-0.160514,-0.566673,-0.808157],[0.502895,0.657577,-0.560971]],[[0.849312,-0.496462,0.179427],[-0.391418,-0.820314,-0.416986],[0.354204,0.283921,-0.891027]]],"btipPosition":[38.9832,273.459,31.2132],"carpPosition":[42.0692,298.393,74.7727],"dipPosition":[45.0869,278.351,15.8588],"direction":[-0.502895,-0.657577,0.560971],"extended":false,"handId":591,"id":5914,"length":50.4973,"mcpPosition":[65.9909,317.633,25.5989],"pipPosition":[54.9203,291.209,4.88985],"stabilizedTipPosition":[12.591,291.537,75.0266],"timeVisible":0.261984,"tipPosition":[40.3144,274.434,27.3114],"tipVelocity":[113.04,-92.8318,-224.681],"tool":false,"touchDistance":0.333333,"touchZone":"none","type":4,"width":16.0532}],"r":[[0.978682,0.0345015,0.202462],[-0.0464597,0.997426,0.0546111],[-0.200056,-0.0628532,0.977766]],"s":1.05031,"t":[59.7132,-38.5549,-107.385],"timestamp":522776810915},false],[6,{"currentFrameRate":98.0208,"devices":[],"gestures":[],"hands":[{"armBasis":[[0.997306,-0.0728336,0.00875075],[0.0707346,0.986394,0.148403],[-0.0194404,-0.147385,0.988888]],"armWidth":63.703,"confidence":0.693755,"direction":[0.166677,0.473364,-0.864954],"elbow":[20.7343,253.103,344.352],"grabStrength":0.0138411,"id":591,"palmNormal":[-0.013174,-0.876077,-0.48199],"palmPosition":[27.4096,315.357,27.5816],"palmVelocity":[93.9368,-95.6455,-211.078],"palmWidth":90.9658,"pinchStrength":0.537038,"r":[[0.977766,0.0357359,0.206631],[-0.0490432,0.997014,0.0596404],[-0.203883,-0.0684482,0.976599]],"s":1.05239,"sphereCenter":[45.4193,283.619,-5.7434],"sphereRadius":49.5581,"stabilizedPalmPosition":[-2.53158,336.055,82.6487],"t":[60.4371,-39.3867,-109.118],"timeVisible":0.271079,"type":"right","wrist":[25.9818,292.886,77.4235]}],"id":4202979,"interactionBox":{"center":[0,200,0],"size":[235.247,235.247,147.751]},"pointables":[{"bases":[[[0.44104,0.839043,0.318574],[-0.852622,0.280882,0.440615],[0.280213,-0.465952,0.839267]],[[0.339416,0.938827,0.0583134],[-0.938037,0.333221,0.0951375],[0.0698864,-0.0869913,0.993755]],[[0.339416,0.938827,0.0583134],[-0.899464,0.342075,-0.271937],[-0.275249,0.0398488,0.960547]],[[0.339416,0.938827,0.0583134],[-0.695533,0.292227,-0.656382],[-0.63327,0.182228,0.752172]]],"btipPosition":[17.8815,283.142,-28.7386],"carpPosition":[-2.82995,284.422,71.1945],"dipPosition":[3.06469,287.405,-11.1398],"direction":[0.275249,-0.0398488,-0.960547],"extended":false,"handId":591,"id":5910,"length":52.1025,"mcpPosition":[-2.82995,284.422,71.1945],"pipPosition":[-6.31759,288.764,21.6019],"stabilizedTipPosition":[-22.9981,301.76,45.1226],"timeVisible":0.271079,"tipPosition":[14.8948,283.49,-23.826],"tipVelocity":[125.476,-53.7003,-243.252],"tool":false,"touchDistance":-0.361607,"touchZone":"hovering","type":0,"width":20.2446},{"bases":[[[0.999912,-0.0109507,-0.00742595],[0.0128462,0.937892,0.34669],[0.00316824,-0.346755,0.93795]],[[0.975342,-0.0881509,0.202332],[0.0106257,0.934464,0.3559],[-0.220445,-0.344974,0.912358]],[[0.975342,-0.0881509,0.202332],[0.0972807,0.99462,-0.0356116],[-0.198104,0.0544165,0.978669]],[[0.975342,-0.0881509,0.202332],[0.155934,0.924017,-0.34911],[-0.156184,0.372052,0.914978]]],"btipPosition":[23.8504,338.523,-74.9595],"carpPosition":[7.16032,305.872,72.4907],"dipPosition":[21.1826,344.878,-59.3307],"direction":[0.198104,-0.0544165,-0.978669],"extended":true,"handId":591,"id":5911,"length":58.7918,"mcpPosition":[6.92729,331.376,3.50448],"pipPosition":[16.3956,346.193,-35.6822],"stabilizedTipPosition":[2.03548,350.942,-37.8437],"timeVisible":0.271079,"tipPosition":[23.7375,340.814,-70.7801],"tipVelocity":[121.063,-33.28,-207.129],"tool":false,"touchDistance":-0.369595,"touchZone":"hovering","type":1,"width":19.3376},{"bases":[[[0.974209,-0.217424,0.0603702],[0.181775,0.914698,0.360952],[-0.1337,-0.340669,0.930628]],[[0.973893,-0.218219,0.0625444],[0.167644,0.505615,-0.846315],[0.153059,0.834705,0.528999]],[[0.973893,-0.218219,0.0625444],[-0.0929417,-0.634671,-0.767173],[0.207107,0.741332,-0.638384]],[[0.973893,-0.218219,0.0625444],[-0.187744,-0.92916,-0.318456],[0.127607,0.2984,-0.945872]]],"btipPosition":[13.0216,264.397,17.9546],"carpPosition":[19.3568,307.539,72.4379],"dipPosition":[15.419,270.003,0.184492],"direction":[-0.207107,-0.741332,0.638384],"extended":false,"handId":591,"id":5912,"length":66.9886,"mcpPosition":[28.6823,331.301,7.52714],"pipPosition":[21.3068,291.078,-17.964],"stabilizedTipPosition":[-11.2225,281.68,54.9976],"timeVisible":0.271079,"tipPosition":[13.6896,265.871,12.6658],"tipVelocity":[108.714,-91.0041,-222.128],"tool":false,"touchDistance":0.333333,"touchZone":"none","type":2,"width":18.9921},{"bases":[[[0.927422,-0.333517,0.169279],[0.246558,0.8855,0.393825],[-0.281244,-0.323505,0.903464]],[[0.931809,-0.328291,0.15478],[0.290419,0.41863,-0.860468],[0.217688,0.846743,0.485425]],[[0.931809,-0.328291,0.15478],[-0.115254,-0.672018,-0.731511],[0.344163,0.66379,-0.66403]],[[0.931809,-0.328291,0.15478],[-0.271873,-0.913858,-0.301576],[0.240452,0.238931,-0.940795]]],"btipPosition":[25.4024,265.575,30.4398],"carpPosition":[31.5364,305.985,72.7374],"dipPosition":[29.8938,270.038,12.8667],"direction":[-0.344163,-0.66379,0.664029],"extended":false,"handId":591,"id":5913,"length":64.4113,"mcpPosition":[49.1489,326.244,16.1595],"pipPosition":[39.4252,288.422,-5.52333],"stabilizedTipPosition":[3.51191,281.637,64.4189],"timeVisible":0.271079,"tipPosition":[26.6798,266.607,25.0421],"tipVelocity":[101.757,-92.6345,-218.867],"tool":false,"touchDistance":0.333333,"touchZone":"none","type":3,"width":18.0722},{"bases":[[[0.835065,-0.510413,0.205293],[0.361982,0.790763,0.493621],[-0.414289,-0.337893,0.845099]],[[0.848663,-0.498634,0.176453],[0.425253,0.444844,-0.788209],[0.314534,0.743961,0.589568]],[[0.848663,-0.498634,0.176453],[-0.162067,-0.562691,-0.810625],[0.503494,0.65935,-0.558347]],[[0.848663,-0.498634,0.176453],[-0.392809,-0.817556,-0.421074],[0.354222,0.288037,-0.889697]]],"btipPosition":[39.7098,272.674,29.2374],"carpPosition":[42.7614,297.241,72.8195],"dipPosition":[45.8138,277.638,13.9059],"direction":[-0.503494,-0.65935,0.558347],"extended":false,"handId":591,"id":5914,"length":50.4973,"mcpPosition":[66.7776,316.829,23.8293],"pipPosition":[55.6589,290.53,2.98824],"stabilizedTipPosition":[13.6144,290.902,73.2571],"timeVisible":0.271079,"tipPosition":[41.0494,273.671,25.299],"tipVelocity":[103.857,-90.5227,-222.46],"tool":false,"touchDistance":0.333333,"touchZone":"none","type":4,"width":16.0532}],"r":[[0.977766,0.0357359,0.206631],[-0.0490432,0.997014,0.0596404],[-0.20