{"sensorType":"Leap","data":[[0,{"currentFrameRate":108.606,"devices":[],"gestures":[],"hands":[{"armBasis":[[-0.752807,-0.656096,-0.0531073],[-0.655694,0.740357,0.148109],[0.0578556,-0.14632,0.987544]],"armWidth":63.703,"confidence":0.823489,"direction":[-0.33918,0.0223099,-0.940457],"elbow":[48.2091,291.862,357.874],"grabStrength":0,"id":597,"palmNormal":[0.625013,-0.741825,-0.243012],"palmPosition":[22.3387,334.466,37.6761],"palmVelocity":[18.1797,-11.9926,-118.276],"palmWidth":90.9658,"pinchStrength":1,"r":[[0.974768,0.0345911,-0.220524],[-0.0978035,0.954228,-0.282636],[0.200653,0.297072,0.933534]],"s":0.854802,"sphereCenter":[60.4189,310.696,-0.38285],"sphereRadius":57.2197,"stabilizedPalmPosition":[7.77243,335.314,65.3606],"t":[44.5288,-41.4451,-173.522],"timeVisible":2.72963,"type":"left","wrist":[32.5923,331.358,91.3079]}],"id":4204835,"interactionBox":{"center":[0,200,0],"size":[235.247,235.247,147.751]},"pointables":[{"bases":[[[-0.908129,0.398166,0.12948],[0.418687,0.862438,0.284431],[-0.0015827,-0.312512,0.949913]],[[-0.810139,0.496237,-0.312128],[0.581001,0.750644,-0.314598],[-0.078182,0.436215,0.89644]],[[-0.810139,0.496237,-0.312128],[0.477397,0.24943,-0.842542],[0.340246,0.831585,0.438975]],[[-0.810139,0.496237,-0.312128],[0.274311,-0.149662,-0.949924],[0.518101,0.85519,0.0148762]]],"btipPosition":[40.7206,272.25,25.0804],"carpPosition":[60.539,342.374,85.1278],"dipPosition":[52.8428,292.259,25.4285],"direction":[-0.340246,-0.831585,-0.438975],"extended":false,"handId":597,"id":5970,"length":52.1025,"mcpPosition":[60.539,342.374,85.1278],"pipPosition":[64.4406,320.605,40.3916],"stabilizedTipPosition":[38.4671,277.717,38.3978],"timeVisible":2.72963,"tipPosition":[43.8246,277.331,24.2333],"tipVelocity":[24.7162,-12.286,-103.044],"tool":false,"touchDistance":-0.385157,"touchZone":"touching","type":0,"width":20.2446},{"bases":[[[-0.750044,-0.656962,0.0763898],[-0.650186,0.753573,0.0968762],[0.121209,-0.0229938,0.992361]],[[-0.748694,-0.657171,0.0870815],[-0.651118,0.704325,-0.282794],[-0.12451,0.268426,0.95522]],[[-0.748694,-0.657171,0.0870815],[-0.549904,0.542316,-0.635216],[-0.37022,0.523469,0.76741]],[[-0.748694,-0.657171,0.0870815],[-0.445421,0.401407,-0.800295],[-0.490976,0.637964,0.593249]]],"btipPosition":[52.7889,318.325,-60.9587],"carpPosition":[39.0237,351.709,81.7339],"dipPosition":[44.4025,329.222,-50.8254],"direction":[0.37022,-0.523469,-0.76741],"extended":true,"handId":597,"id":5971,"length":58.7918,"mcpPosition":[30.1087,353.401,8.74583],"pipPosition":[35.4566,341.871,-32.2818],"stabilizedTipPosition":[41.0607,321.924,-33.0754],"timeVisible":2.72963,"tipPosition":[50.8638,320.84,-58.5409],"tipVelocity":[7.30185,-17.0195,-120.881],"tool":false,"touchDistance":-0.150504,"touchZone":"touching","type":1,"width":19.3376},{"bases":[[[-0.604868,-0.772804,0.192117],[-0.764811,0.63097,0.13016],[0.221808,0.0682039,0.972702]],[[-0.624889,-0.775687,0.0884489],[-0.780493,0.617997,-0.0943953],[-0.0185599,0.12802,0.991598]],[[-0.624889,-0.775687,0.0884489],[-0.768433,0.591085,-0.245215],[-0.137929,0.221199,0.965426]],[[-0.624889,-0.775687,0.0884489],[-0.74771,0.562028,-0.353631],[-0.224596,0.287114,0.931194]]],"btipPosition":[22.2761,322.397,-78.3237],"carpPosition":[28.712,345.005,82.2446],"dipPosition":[18.0566,327.791,-60.8293],"direction":[0.137929,-0.221199,-0.965425],"extended":true,"handId":597,"id":5972,"length":66.9886,"mcpPosition":[13.2411,340.248,14.3992],"pipPosition":[14.1354,334.079,-33.3834],"stabilizedTipPosition":[10.8161,323.105,-46.8363],"timeVisible":2.72963,"tipPosition":[21.3852,322.76,-74.0648],"tipVelocity":[2.13698,-10.5829,-120.358],"tool":false,"touchDistance":-0.344143,"touchZone":"touching","type":2,"width":18.9921},{"bases":[[[-0.506247,-0.799695,0.322802],[-0.798611,0.575997,0.174494],[0.325475,0.169456,0.930242]],[[-0.494091,-0.793013,0.356377],[-0.829317,0.306849,-0.466988],[-0.260974,0.526284,0.80927]],[[-0.494091,-0.793013,0.356377],[0.227044,-0.513374,-0.827586],[-0.839241,0.32799,-0.433703]],[[-0.494091,-0.793013,0.356377],[0.811993,-0.567404,-0.13682],[-0.310709,-0.221774,-0.924271]]],"btipPosition":[40.7702,297.012,18.7846],"carpPosition":[20.4493,336.072,83.912],"dipPosition":[34.9665,292.869,1.52013],"direction":[0.839241,-0.32799,0.433703],"extended":false,"handId":597,"id":5973,"length":64.4113,"mcpPosition":[0.0669579,325.46,25.6571],"pipPosition":[11.724,301.953,-10.4911],"stabilizedTipPosition":[25.1475,296.996,42.5818],"timeVisible":2.72963,"tipPosition":[39.5226,296.151,15.1438],"tipVelocity":[16.0193,-16.2156,-135.294],"tool":false,"touchDistance":0.333333,"touchZone":"none","type":3,"width":18.0722},{"bases":[[[-0.326215,-0.858813,0.394999],[-0.835716,0.457296,0.304072],[0.441773,0.230914,0.8669]],[[-0.196075,-0.765677,0.612612],[-0.972354,0.0710203,-0.22245],[-0.126817,0.639292,0.758435]],[[-0.196075,-0.765677,0.612612],[0.0708342,-0.634166,-0.769946],[-0.978027,0.107573,-0.17858]],[[-0.196075,-0.765677,0.612612],[0.833195,-0.459505,-0.30764],[-0.517051,-0.450104,-0.728056]]],"btipPosition":[24.4674,292.183,26.0928],"carpPosition":[17.56,322.515,87.1193],"dipPosition":[15.5574,284.426,13.5468],"direction":[0.978027,-0.107573,0.17858],"extended":false,"handId":597,"id":5974,"length":50.4973,"mcpPosition":[-8.04947,309.129,36.8654],"pipPosition":[-3.56651,286.53,10.0549],"stabilizedTipPosition":[8.5345,291.811,48.4734],"timeVisible":2.72963,"tipPosition":[22.4018,290.379,23.1615],"tipVelocity":[19.5597,-15.1553,-118.231],"tool":false,"touchDistance":0.333333,"touchZone":"none","type":4,"width":16.0532}],"r":[[0.974768,0.0345911,-0.220524],[-0.0978035,0.954228,-0.282636],[0.200653,0.297072,0.933534]],"s":0.854802,"t":[44.5288,-41.4451,-173.522],"timestamp":522798301744},false],[1,{"currentFrameRate":108.696,"devices":[],"gestures":[],"hands":[{"armBasis":[[-0.751916,-0.657117,-0.0530993],[-0.656577,0.739164,0.150143],[0.0594125,-0.147759,0.987237]],"armWidth":63.703,"confidence":0.828692,"direction":[-0.339943,0.0209811,-0.940212],"elbow":[48.8165,291.443,357.002],"grabStrength":0,"id":597,"palmNormal":[0.626405,-0.74065,-0.243011],"palmPosition":[22.4784,334.379,36.8933],"palmVelocity":[17.4288,-11.3548,-109.548],"palmWidth":90.9658,"pinchStrength":1,"r":[[0.974463,0.0362047,-0.221609],[-0.099854,0.953834,-0.28325],[0.201124,0.298145,0.933091]],"s":0.854953,"sphereCenter":[60.5722,310.755,-1.2084],"sphereRadius":57.2267,"stabilizedPalmPosition":[7.77448,335.314,65.3567],"t":[44.6865,-41.5681,-174.505],"timeVisible":2.73866,"type":"left","wrist":[32.7794,331.327,90.5194]}],"id":4204836,"interactionBox":{"center":[0,200,0],"size":[235.247,235.247,147.751]},"pointables":[{"bases":[[[-0.908876,0.396316,0.129916],[0.417066,0.863511,0.283556],[-0.000193913,-0.311901,0.950114]],[[-0.811096,0.494391,-0.312572],[0.579533,0.751581,-0.315068],[-0.0791563,0.436696,0.89612]],[[-0.811096,0.494391,-0.312572],[0.477038,0.2499,-0.842606],[0.338465,0.832542,0.438537]],[[-0.811096,0.494391,-0.312572],[0.272422,-0.153588,-0.94984],[0.5176,0.855563,0.0101085]]],"btipPosition":[41.0005,272.209,24.4059],"carpPosition":[60.6978,342.398,84.3108],"dipPosition":[53.111,292.227,24.6424],"direction":[-0.338465,-0.832542,-0.438537],"extended":false,"handId":597,"id":5970,"length":52.1025,"mcpPosition":[60.6978,342.398,84.3108],"pipPosition":[64.6481,320.605,39.5906],"stabilizedTipPosition":[38.4762,277.715,38.3741],"timeVisible":2.73866,"tipPosition":[44.0787,277.27,23.5452],"tipVelocity":[26.3576,-10.0864,-95.9978],"tool":false,"touchDistance":-0.385478,"touchZone":"touching","type":0,"width":20.2446},{"bases":[[[-0.748585,-0.658507,0.0773848],[-0.651715,0.75225,0.0968872],[0.122014,-0.0220954,0.992282]],[[-0.747227,-0.658707,0.0880755],[-0.652832,0.702757,-0.28274],[-0.124347,0.268769,0.955144]],[[-0.747227,-0.658707,0.0880755],[-0.551549,0.540745,-0.635129],[-0.370737,0.523163,0.767368]],[[-0.747227,-0.658707,0.0880755],[-0.446897,0.399959,-0.800197],[-0.491869,0.63729,0.593234]]],"btipPosition":[52.887,318.24,-61.7551],"carpPosition":[39.1601,351.686,80.9274],"dipPosition":[44.4853,329.125,-51.622],"direction":[0.370737,-0.523163,-0.767368],"extended":true,"handId":597,"id":5971,"length":58.7918,"mcpPosition":[30.186,353.311,7.945],"pipPosition":[35.5269,341.767,-33.0794],"stabilizedTipPosition":[41.0607,321.924,-33.0754],"timeVisible":2.73866,"tipPosition":[50.9587,320.752,-59.3375],"tipVelocity":[8.17288,-15.0164,-111.852],"tool":false,"touchDistance":-0.163777,"touchZone":"touching","type":1,"width":19.3376},{"bases":[[[-0.603075,-0.773965,0.193076],[-0.766053,0.629424,0.130337],[0.222403,0.0693035,0.972489]],[[-0.623346,-0.776943,0.0883116],[-0.781737,0.616583,-0.093337],[-0.0180661,0.127218,0.99171]],[[-0.623346,-0.776943,0.0883116],[-0.769827,0.589953,-0.243562],[-0.137134,0.219808,0.965856]],[[-0.623346,-0.776943,0.0883116],[-0.749285,0.561188,-0.351625],[-0.223633,0.285355,0.931966]]],"btipPosition":[22.3213,322.386,-79.1353],"carpPosition":[28.8632,344.96,81.4502],"dipPosition":[18.1199,327.747,-61.6265],"direction":[0.137134,-0.219808,-0.965856],"extended":true,"handId":597,"id":5972,"length":66.9886,"mcpPosition":[13.3507,340.126,13.6197],"pipPosition":[14.2213,333.996,-34.1683],"stabilizedTipPosition":[10.8167,323.105,-46.8379],"timeVisible":2.73866,"tipPosition":[21.443,322.739,-74.8726],"tipVelocity":[3.05235,-8.22111,-111.838],"tool":false,"touchDistance":-0.350187,"touchZone":"touching","type":2,"width":18.9921},{"bases":[[[-0.504298,-0.800563,0.323703],[-0.799702,0.574408,0.174733],[0.325822,0.170749,0.929884]],[[-0.492132,-0.793833,0.35726],[-0.830442,0.305025,-0.466181],[-0.261097,0.526107,0.809346]],[[-0.492132,-0.793833,0.35726],[0.226915,-0.513192,-0.827734],[-0.840426,0.326287,-0.432691]],[[-0.492132,-0.793833,0.35726],[0.812886,-0.565912,-0.137693],[-0.311483,-0.222649,-0.9238]]],"btipPosition":[40.9728,296.94,17.9845],"carpPosition":[20.6208,336.011,83.1296],"dipPosition":[35.1546,292.781,0.728813],"direction":[0.840426,-0.326287,0.432691],"extended":false,"handId":597,"id":5973,"length":64.4113,"mcpPosition":[0.216715,325.318,24.8972],"pipPosition":[11.8793,301.818,-11.2544],"stabilizedTipPosition":[25.1489,296.996,42.579],"timeVisible":2.73866,"tipPosition":[39.7211,296.077,14.3468],"tipVelocity":[17.6791,-14.0321,-122.345],"tool":false,"touchDistance":0.333333,"touchZone":"none","type":3,"width":18.0722},{"bases":[[[-0.324085,-0.85925,0.395801],[-0.836456,0.455712,0.304415],[0.44194,0.232413,0.866414]],[[-0.195571,-0.767105,0.610984],[-0.972634,0.0720291,-0.220897],[-0.125443,0.637465,0.760199]],[[-0.195571,-0.767105,0.610984],[0.0693932,-0.632278,-0.771628],[-0.978231,0.10851,-0.176887]],[[-0.195571,-0.767105,0.610984],[0.833046,-0.458693,-0.309249],[-0.51748,-0.448498,-0.728741]]],"btipPosition":[24.6232,292.049,25.2659],"carpPosition":[17.7628,322.449,86.3479],"dipPosition":[15.7059,284.32,12.708],"direction":[0.978231,-0.10851,0.176887],"extended":false,"handId":597,"id":5974,"length":50.4973,"mcpPosition":[-7.85639,308.976,36.1221],"pipPosition":[-3.42201,286.442,9.24927],"stabilizedTipPosition":[8.53662,291.811,48.4695],"timeVisible":2.73866,"tipPosition":[22.5826,290.267,22.3617],"tipVelocity":[18.871,-14.8706,-110.946],"tool":false,"touchDistance":0.333333,"touchZone":"none","type":4,"width":16.0532}],"r":[[0.974463,0.0362047,-0.221609],[-0.099854,0.953834,-0.28325],[0.201124,0.298145,0.933091]],"s":0.854953,"t":[44.6865,-41.5681,-174.505],"timestamp":522798310782},false],[2,{"currentFrameRate":108.825,"devices":[],"gestures":[],"hands":[{"armBasis":[[-0.750311,-0.659493,-0.0458552],[-0.657659,0.737573,0.153203],[0.0672147,-0.145107,0.98713]],"armWidth":63.703,"confidence":0.83435,"direction":[-0.339747,0.0204305,-0.940295],"elbow":[50.9851,292.088,356.275],"grabStrength":0,"id":597,"palmNormal":[0.628379,-0.738946,-0.243101],"palmPosition":[22.5473,334.301,36.1932],"palmVelocity":[14.7663,-10.6292,-100.962],"palmWidth":90.9658,"pinchStrength":1,"r":[[0.974209,0.0380128,-0.222424],[-0.101971,0.953482,-0.283678],[0.201294,0.299042,0.932767]],"s":0.855108,"sphereCenter":[60.7457,310.915,-1.95128],"sphereRadius":57.2547,"stabilizedPalmPosition":[7.77602,335.313,65.3536],"t":[44.7997,-41.6686,-175.347],"timeVisible":2.74762,"type":"left","wrist":[32.8419,331.257,89.8209]}],"id":4204837,"interactionBox":{"center":[0,200,0],"size":[235.247,235.247,147.751]},"pointables":[{"bases":[[[-0.90993,0.393924,0.129812],[0.414762,0.864486,0.283967],[0.000359449,-0.312231,0.950006]],[[-0.812202,0.492426,-0.312801],[0.577773,0.753129,-0.314604],[-0.0806598,0.43625,0.896203]],[[-0.812202,0.492426,-0.312801],[0.476934,0.251712,-0.842125],[0.335949,0.833161,0.439296]],[[-0.812202,0.492426,-0.312801],[0.272824,-0.153322,-0.949768],[0.51565,0.856743,0.00981699]]],"btipPosition":[41.2425,272.186,23.6955],"carpPosition":[60.7334,342.402,83.6236],"dipPosition":[53.3073,292.232,23.9252],"direction":[-0.335949,-0.833161,-0.439296],"extended":false,"handId":597,"id":5970,"length":52.1025,"mcpPosition":[60.7334,342.402,83.6236],"pipPosition":[64.7587,320.631,38.8993],"stabilizedTipPosition":[38.4835,277.714,38.3547],"timeVisible":2.74762,"tipPosition":[44.3005,277.247,22.8471],"tipVelocity":[26.2168,-7.81498,-91.4786],"tool":false,"touchDistance":-0.385942,"touchZone":"touching","type":0,"width":20.2446},{"bases":[[[-0.746904,-0.660463,0.0769577],[-0.65368,0.750532,0.0969749],[0.121808,-0.0221252,0.992307]],[[-0.745548,-0.660664,0.0876485],[-0.65457,0.701172,-0.28266],[-0.125286,0.268108,0.955207]],[[-0.745548,-0.660664,0.0876485],[-0.552782,0.539552,-0.635072],[-0.372278,0.521927,0.767464]],[[-0.745548,-0.660664,0.0876485],[-0.447729,0.399099,-0.800162],[-0.493657,0.635802,0.593345]]],"btipPosition":[53.0228,318.275,-62.4535],"carpPosition":[39.1727,351.636,80.2377],"dipPosition":[44.5906,329.136,-52.3185],"direction":[0.372278,-0.521927,-0.767464],"extended":true,"handId":597,"id":5971,"length":58.7918,"mcpPosition":[30.2137,353.263,7.25352],"pipPosition":[35.5949,341.747,-33.7735],"stabilizedTipPosition":[41.0607,321.924,-33.0754],"timeVisible":2.74762,"tipPosition":[51.0877,320.781,-60.0356],"tipVelocity":[9.86964,-10.0008,-102.571],"tool":false,"touchDistance":-0.17541,"touchZone":"touching","type":1,"width":19.3376},{"bases":[[[-0.601127,-0.775586,0.192647],[-0.767709,0.6274,0.130352],[0.221966,0.0695393,0.972572]],[[-0.621556,-0.778562,0.0866547],[-0.783149,0.614944,-0.092311],[-0.0185821,0.12524,0.991952]],[[-0.621556,-0.778562,0.0866547],[-0.771221,0.588756,-0.242043],[-0.137427,0.217273,0.966388]],[[-0.621556,-0.778562,0.0866547],[-0.75072,0.560392,-0.349828],[-0.223802,0.282491,0.932797]]],"btipPosition":[22.4179,322.514,-79.8783],"carpPosition":[28.893,344.883,80.7555],"dipPosition":[18.2133,327.821,-62.3538],"direction":[0.137427,-0.217273,-0.966388],"extended":true,"handId":597,"id":5972,"length":66.9886,"mcpPosition":[13.411,340.033,12.9192],"pipPosition":[14.3064,333.998,-34.8805],"stabilizedTipPosition":[10.8171,323.105,-46.8391],"timeVisible":2.74762,"tipPosition":[21.5477,322.848,-75.612],"tipVelocity":[5.14648,-2.45117,-103.823],"tool":false,"touchDistance":-0.354592,"touchZone":"touching","type":2,"width":18.9921},{"bases":[[[-0.502316,-0.801974,0.323291],[-0.801228,0.572282,0.174719],[0.325134,0.171266,0.93003]],[[-0.490188,-0.795232,0.356823],[-0.831398,0.303673,-0.46536],[-0.261711,0.524775,0.810011]],[[-0.490188,-0.795232,0.356823],[0.227219,-0.511812,-0.828505],[-0.841479,0.325046,-0.431576]],[[-0.490188,-0.795232,0.356823],[0.813999,-0.564038,-0.138802],[-0.311642,-0.222414,-0.923803]]],"btipPosition":[41.1279,296.899,17.2148],"carpPosition":[20.6732,335.912,82.4296],"dipPosition":[35.3067,292.744,-0.040941],"direction":[0.841479,-0.325046,0.431576],"extended":false,"handId":597,"id":5973,"length":64.4113,"mcpPosition":[0.312267,325.187,24.1881],"pipPosition":[12.0023,301.746,-11.9933],"stabilizedTipPosition":[25.1499,296.995,42.5768],"timeVisible":2.74762,"tipPosition":[39.8793,296.039,13.5885],"tipVelocity":[17.5594,-11.4389,-112.384],"tool":false,"touchDistance":0.333333,"touchZone":"none","type":3,"width":18.0722},{"bases":[[[-0.321972,-0.860221,0.395417],[-0.837709,0.453446,0.304351],[0.44111,0.233252,0.866612]],[[-0.195508,-0.769372,0.608148],[-0.972586,0.0724939,-0.220955],[-0.125909,0.634674,0.762454]],[[-0.195508,-0.769372,0.608148],[0.0696718,-0.629444,-0.773916],[-0.978224,0.108936,-0.176665]],[[-0.195508,-0.769372,0.608148],[0.833538,-0.457088,-0.310299],[-0.516712,-0.446248,-0.730665]]],"btipPosition":[24.7611,291.944,24.498],"carpPosition":[17.8494,322.342,85.6424],"dipPosition":[15.8571,284.254,11.907],"direction":[0.978224,-0.108936,0.176665],"extended":false,"handId":597,"id":5974,"length":50.4973,"mcpPosition":[-7.72161,308.82,35.4052],"pipPosition":[-3.27074,286.384,8.45261],"stabilizedTipPosition":[8.53824,291.81,48.4664],"timeVisible":2.74762,"tipPosition":[22.7407,290.183,21.6089],"tipVelocity":[18.0127,-13.7165,-104.278],"tool":false,"touchDistance":0.333333,"touchZone":"none","type":4,"width":16.0532}],"r":[[0.974209,0.0380128,-0.222424],[-0.101971,0.953482,-0.283678],[0.201294,0.299042,0.932767]],"s":0.855108,"t":[44.7997,-41.6686,-175.347],"timestamp":522798319740},false],[3,{"currentFrameRate":108.834,"devices":[],"gestures":[],"hands":[{"armBasis":[[-0.74743,-0.663368,-0.0359475],[-0.659901,0.735101,0.155428],[0.0766807,-0.139893,0.987193]],"armWidth":63.703,"confidence":0.843129,"direction":[-0.340276,0.0197134,-0.940119],"elbow":[53.727,293.397,355.414],"grabStrength":0,"id":597,"palmNormal":[0.631012,-0.736455,-0.243838],"palmPosition":[22.6968,334.195,35.3216],"palmVelocity":[15.1953,-10.89,-99.3122],"palmWidth":90.9658,"pinchStrength":1,"r":[[0.973951,0.0402111,-0.223166],[-0.104403,0.953154,-0.283897],[0.201296,0.299801,0.932523]],"s":0.855282,"sphereCenter":[60.9669,311.061,-2.87674],"sphereRadius":57.2571,"stabilizedPalmPosition":[7.77724,335.313,65.3512],"t":[44.9311,-41.7718,-176.203],"timeVisible":2.75679,"type":"left","wrist":[33.0287,331.158,88.9425]}],"id":4204838,"interactionBox":{"center":[0,200,0],"size":[235.247,235.247,147.751]},"pointables":[{"bases":[[[-0.91133,0.390452,0.130482],[0.411672,0.86586,0.284274],[0.00198351,-0.312783,0.949822]],[[-0.813996,0.489624,-0.312537],[0.574966,0.755672,-0.313645],[-0.082607,0.435004,0.896631]],[[-0.813996,0.489624,-0.312537],[0.476368,0.254803,-0.841516],[0.332391,0.833873,0.44065]],[[-0.813996,0.489624,-0.312537],[0.272108,-0.153945,-0.949873],[0.513194,0.858236,0.00791942]]],"btipPosition":[41.6604,272.198,22.787],"carpPosition":[60.8754,342.411,82.7383],"dipPosition":[53.6678,292.278,22.9723],"direction":[-0.332391,-0.833873,-0.44065],"extended":false,"handId":597,"id":5970,"length":52.1025,"mcpPosition":[60.8754,342.411,82.7383],"pipPosition":[64.9978,320.702,37.9926],"stabilizedTipPosition":[38.4901,277.713,38.3373],"timeVisible":2.75679,"tipPosition":[44.6753,277.239,21.9616],"tipVelocity":[31.2139,-5.03936,-93.9042],"tool":false,"touchDistance":-0.389462,"touchZone":"touching","type":0,"width":20.2446},{"bases":[[[-0.744398,-0.663289,0.0769298],[-0.656427,0.748032,0.0977302],[0.122369,-0.0222514,0.992235]],[[-0.743036,-0.663491,0.0876196],[-0.657318,0.698894,-0.281923],[-0.125816,0.267073,0.955428]],[[-0.743036,-0.663491,0.0876196],[-0.555105,0.537869,-0.634473],[-0.373839,0.520074,0.767963]],[[-0.743036,-0.663491,0.0876196],[-0.449614,0.397911,-0.799696],[-0.495726,0.633598,0.593977]]],"btipPosition":[53.1834,318.342,-63.35],"carpPosition":[39.2788,351.566,79.3682],"dipPosition":[44.7159,329.164,-53.2043],"direction":[0.373839,-0.520074,-0.767963],"extended":true,"handId":597,"id":5971,"length":58.7918,"mcpPosition":[30.2785,353.202,6.38927],"pipPosition":[35.6824,341.731,-34.6473],"stabilizedTipPosition":[41.0607,321.924,-33.0754],"timeVisible":2.75679,"tipPosition":[51.2404,320.838,-60.9298],"tipVelocity":[11.7538,-5.45968,-101.153],"tool":false,"touchDistance":-0.190311,"touchZone":"touching","type":1,"width":19.3376},{"bases":[[[-0.598137,-0.777935,0.192482],[-0.769981,0.624456,0.13109],[0.222176,0.0697976,0.972505]],[[-0.618728,-0.780914,0.0857256],[-0.785388,0.612296,-0.0908819],[-0.0184815,0.123559,0.992165]],[[-0.618728,-0.780914,0.0857256],[-0.773481,0.586444,-0.24044],[-0.137489,0.215074,0.966871]],[[-0.618728,-0.780914,0.0857256],[-0.75299,0.558384,-0.348158],[-0.224014,0.279966,0.933508]]],"btipPosition":[22.5358,322.578,-80.7795],"carpPosition":[29.0246,344.775,79.887],"dipPosition":[18.3272,327.838,-63.2417],"direction":[0.137489,-0.215074,-0.966871],"extended":true,"handId":597,"id":5972,"length":66.9886,"mcpPosition":[13.528,339.906,12.0553],"pipPosition":[14.4185,333.952,-35.7547],"stabilizedTipPosition":[10.8174,323.105,-46.8399],"timeVisible":2.75679,"tipPosition":[21.6702,322.907,-76.5137],"tipVelocity":[7.26755,-0.139193,-102.181],"tool":false,"touchDistance":-0.360939,"touchZone":"touching","type":2,"width":18.9921},{"bases":[[[-0.499165,-0.804031,0.323062],[-0.803272,0.569187,0.175441],[0.324943,0.171933,0.929974]],[[-0.487039,-0.797259,0.356611],[-0.832631,0.300583,-0.465161],[-0.263662,0.523477,0.810218]],[[-0.487039,-0.797259,0.356611],[0.229253,-0.510694,-0.828634],[-0.842755,0.321823,-0.431502]],[[-0.487039,-0.797259,0.356611],[0.816201,-0.560794,-0.13902],[-0.31082,-0.223358,-0.923852]]],"btipPosition":[41.4129,296.882,16.3381],"carpPosition":[20.8391,335.772,81.5598],"dipPosition":[35.6071,292.709,-0.918577],"direction":[0.842755,-0.321823,0.431502],"extended":false,"handId":597,"id":5973,"length":64.4113,"mcpPosition":[0.490127,325.005,23.3217],"pipPosition":[12.2673,301.622,-12.8689],"stabilizedTipPosition":[25.1508,296.995,42.5751],"timeVisible":2.75679,"tipPosition":[40.1627,296.013,12.6939],"tipVelocity":[21.4382,-8.88838,-107.707],"tool":false,"touchDistance":0.333333,"touchZone":"none","type":3,"width":18.0722},{"bases":[[[-0.31857,-0.861647,0.395067],[-0.839247,0.450141,0.305021],[0.440656,0.234388,0.866536]],[[-0.194146,-0.772048,0.605185],[-0.9728,0.0720567,-0.220153],[-0.126361,0.631466,0.765038]],[[-0.194146,-0.772048,0.605185],[0.0700472,-0.62626,-0.776461],[-0.978469,0.108355,-0.175665]],[[-0.194146,-0.772048,0.605185],[0.834369,-0.454396,-0.312014],[-0.515883,-0.444372,-0.732392]]],"btipPosition":[25.012,291.818,23.5448],"carpPosition":[18.0675,322.189,84.766],"dipPosition":[16.1222,284.161,10.9241],"direction":[0.978469,-0.108355,0.175665],"extended":false,"handId":597,"id":5974,"length":50.4973,"mcpPosition":[-7.47723,308.602,34.5331],"pipPosition":[-3.01038,286.28,7.48919],"stabilizedTipPosition":[8.53957,291.81,48.4639],"timeVisible":2.75679,"tipPosition":[23.0139,290.075,20.6713],"tipVelocity":[20.7187,-13.4931,-104.391],"tool":false,"touchDistance":0.333333,"touchZone":"none","type":4,"width":16.0532}],"r":[[0.973951,0.0402111,-0.223166],[-0.104403,0.953154,-0.283897],[0.201296,0.299801,0.932523]],"s":0.855282,"t":[44.9311,-41.7718,-176.203],"timestamp":522798328911},false],[4,{"currentFrameRate":108.962,"devices":[],"gestures":[],"hands":[{"armBasis":[[-0.742198,-0.669272,-0.0348864],[-0.666099,0.730942,0.148444],[0.0738497,-0.133413,0.988305]],"armWidth":63.703,"confidence":0.844024,"direction":[-0.340325,0.0195391,-0.940105],"elbow":[53.1381,295.088,354.665],"grabStrength":0,"id":597,"palmNormal":[0.634857,-0.732738,-0.245053],"palmPosition":[22.8592,334.174,34.2776],"palmVelocity":[16.0025,-8.55403,-104.056],"palmWidth":90.9658,"pinchStrength":1,"r":[[0.973698,0.0430607,-0.223735],[-0.107339,0.952872,-0.283748],[0.200972,0.300301,0.932432]],"s":0.855613,"sphereCenter":[61.2399,311.378,-3.96927],"sphereRadius":57.251,"stabilizedPalmPosition":[7.77816,335.313,65.3493],"t":[45.0781,-41.8339,-177.153],"timeVisible":2.76574,"type":"left","wrist":[33.204,331.099,87.8939]}],"id":4204839,"interactionBox":{"center":[0,200,0],"size":[235.247,235.247,147.751]},"pointables":[{"bases":[[[-0.91336,0.385471,0.131091],[0.407136,0.86751,0.285773],[0.00356539,-0.314385,0.949289]],[[-0.816267,0.48597,-0.312318],[0.571312,0.759147,-0.311927],[-0.0855079,0.433047,0.897306]],[[-0.816267,0.48597,-0.312318],[0.475607,0.258489,-0.840822],[0.327883,0.834875,0.442127]],[[-0.816267,0.48597,-0.312318],[0.271028,-0.155278,-0.949965],[0.51015,0.860071,0.00496312]]],"btipPosition":[42.1466,272.316,21.7444],"carpPosition":[60.992,342.508,81.7105],"dipPosition":[54.0828,292.439,21.8605],"direction":[-0.327883,-0.834875,-0.442127],"extended":false,"handId":597,"id":5970,"length":52.1025,"mcpPosition":[60.992,342.508,81.7105],"pipPosition":[65.2592,320.897,36.9311],"stabilizedTipPosition":[38.4962,277.712,38.3217],"timeVisible":2.76574,"tipPosition":[45.1303,277.349,20.9075],"tipVelocity":[37.0317,0.239085,-100.57],"tool":false,"touchDistance":-0.394727,"touchZone":"touching","type":0,"width":20.2446},{"bases":[[[-0.740933,-0.667292,0.0757554],[-0.660325,0.744431,0.0989635],[0.122432,-0.0233022,0.992203]],[[-0.739571,-0.667505,0.0864448],[-0.660941,0.695938,-0.280763],[-0.127251,0.264779,0.955876]],[[-0.739571,-0.667505,0.0864448],[-0.557877,0.536056,-0.633575],[-0.376575,0.516799,0.768837]],[[-0.739571,-0.667505,0.0864448],[-0.451654,0.396937,-0.79903],[-0.499044,0.629982,0.595044]]],"btipPosition":[53.4324,318.649,-64.4198],"carpPosition":[39.3481,351.556,78.3547],"dipPosition":[44.9082,329.409,-54.2558],"direction":[0.376575,-0.516799,-0.768837],"extended":true,"handId":597,"id":5971,"length":58.7918,"mcpPosition":[30.3432,353.27,5.37814],"pipPosition":[35.8087,341.897,-35.6777],"stabilizedTipPosition":[41.0607,321.924,-33.0754],"timeVisible":2.76574,"tipPosition":[51.4767,321.131,-61.9955],"tipVelocity":[15.7491,4.97299,-106.052],"tool":false,"touchDistance":-0.20807,"touchZone":"touching","type":1,"width":19.3376},{"bases":[[[-0.594082,-0.78137,0.191121],[-0.773234,0.620208,0.132106],[0.221758,0.0692995,0.972636]],[[-0.614769,-0.784263,0.0836147],[-0.788476,0.608557,-0.0892452],[-0.0191074,0.120793,0.992494]],[[-0.614769,-0.784263,0.0836147],[-0.77646,0.583202,-0.238716],[-0.138452,0.211678,0.967483]],[[-0.614769,-0.784263,0.0836147],[-0.755863,0.555573,-0.346424],[-0.225233,0.276172,0.934344]]],"btipPosition":[22.7501,322.85,-81.8633],"carpPosition":[29.1294,344.711,78.8613],"dipPosition":[18.5187,328.038,-64.3097],"direction":[0.138452,-0.211678,-0.967483],"extended":true,"handId":597,"id":5972,"length":66.9886,"mcpPosition":[13.6619,339.877,11.0205],"pipPosition":[14.5827,334.056,-36.8053],"stabilizedTipPosition":[10.8176,323.105,-46.8405],"timeVisible":2.76574,"tipPosition":[21.8845,323.167,-77.5981],"tipVelocity":[11.6669,7.69897,-107.244],"tool":false,"touchDistance":-0.36938,"touchZone":"touching","type":2,"width":18.9921},{"bases":[[[-0.494982,-0.807172,0.321663],[-0.806239,0.564691,0.176361],[0.323994,0.172042,0.930285]],[[-0.482907,-0.800402,0.355187],[-0.833726,0.296221,-0.465997],[-0.267771,0.521162,0.810363]],[[-0.482907,-0.800402,0.355187],[0.233584,-0.508662,-0.828674],[-0.843943,0.317206,-0.432598]],[[-0.482907,-0.800402,0.355187],[0.819578,-0.555963,-0.138557],[-0.308372,-0.224193,-0.92447]]],"btipPosition":[41.7949,297.012,15.3125],"carpPosition":[20.9909,335.662,80.5183],"dipPosition":[36.0348,292.825,-1.95566],"direction":[0.843943,-0.317206,0.432598],"extended":false,"handId":597,"id":5973,"length":64.4113,"mcpPosition":[0.70138,324.889,22.2608],"pipPosition":[12.6621,301.609,-13.9363],"stabilizedTipPosition":[25.1515,296.995,42.5736],"timeVisible":2.76574,"tipPosition":[40.5393,296.13,11.622],"tipVelocity":[27.5645,-2.57873,-109.675],"tool":false,"touchDistance":0.333333,"touchZone":"none","type":3,"width":18.0722},{"bases":[[[-0.314092,-0.863968,0.39358],[-0.841599,0.445238,0.305735],[0.439383,0.235208,0.86696]],[[-0.191295,-0.775099,0.602187],[-0.972977,0.0689141,-0.22038],[-0.129317,0.628071,0.767336]],[[-0.191295,-0.775099,0.602187],[0.0731118,-0.623064,-0.778746],[-0.978806,0.104943,-0.175858]],[[-0.191295,-0.775099,0.602187],[0.836625,-0.449596,-0.312925],[-0.513288,-0.443944,-0.734472]]],"btipPosition":[25.3747,291.821,22.4138],"carpPosition":[18.29,322.06,83.7012],"dipPosition":[16.5296,284.171,9.75723],"direction":[0.978806,-0.104943,0.175858],"extended":false,"handId":597,"id":5974,"length":50.4973,"mcpPosition":[-7.1809,308.425,33.4437],"pipPosition":[-2.60957,286.223,6.31858],"stabilizedTipPosition":[8.54066,291.81,48.4617],"timeVisible":2.76574,"tipPosition":[23.3937,290.081,19.5389],"tipVelocity":[26.4468,-9.66942,-110.656],"tool":false,"touchDistance":0.333333,"touchZone":"none","type":4,"width":16.0532}],"r":[[0.973698,0.0430607,-0.223735],[-0.107339,0.952872,-0.283748],[0.200972,0.300301,0.932432]],"s":0.855613,"t":[45.0781,-41.8339,-177.153],"timestamp":522798337859},false],[5,{"currentFrameRate":109.002,"devices":[],"gestures":[],"hands":[{"armBasis":[[-0.741091,-0.67052,-0.0344486],[-0.667389,0.730085,0.146861],[0.073323,-0.131828,0.988557]],"armWidth":63.703,"confidence":0.848396,"direction":[-0.340468,0.0195196,-0.940053],"elbow":[53.1923,295.431,353.912],"grabStrength":0,"id":597,"palmNormal":[0.635586,-0.731991,-0.245396],"palmPosition":[23.0454,334.097,33.4585],"palmVelocity":[17.2363,-8.51018,-100.154],"palmWidth":90.9658,"pinchStrength":1,"r":[[0.973475,0.0455581,-0.224212],[-0.109892,0.952638,-0.283557],[0.200674,0.300675,0.932376]],"s":0.855985,"sphereCenter":[61.4191,311.393,-4.80727],"sphereRadius":57.2408,"stabilizedPalmPosition":[7.77891,335.313,65.3477],"t":[45.2446,-41.9032,-178.038],"timeVisible":2.77484,"type":"left","wrist":[33.4004,331.015,87.0724]}],"id":4204840,"interactionBox":{"center":[0,200,0],"size":[235.247,235.247,147.751]},"pointables":[{"bases":[[[-0.913743,0.384475,0.131347],[0.406272,0.867831,0.286028],[0.0040161,-0.314719,0.949177]],[[-0.816576,0.485294,-0.31256],[0.570736,0.759817,-0.311349],[-0.0863931,0.432629,0.897423]],[[-0.816576,0.485294,-0.31256],[0.475668,0.258948,-0.840646],[0.327023,0.835126,0.442289]],[[-0.816576,0.485294,-0.31256],[0.268362,-0.160237,-0.949898],[0.511063,0.859543,-0.000611217]]],"btipPosition":[42.3824,272.287,21.0425],"carpPosition":[61.1756,342.454,80.8895],"dipPosition":[54.3399,292.398,21.0282],"direction":[-0.327023,-0.835126,-0.44229],"extended":false,"handId":597,"id":5970,"length":52.1025,"mcpPosition":[61.1756,342.454,80.8895],"pipPosition":[65.487,320.864,36.1043],"stabilizedTipPosition":[38.5017,277.712,38.3073],"timeVisible":2.77484,"tipPosition":[45.361,277.294,20.1754],"tipVelocity":[34.0972,-0.79765,-94.9833],"tool":false,"touchDistance":-0.394567,"touchZone":"touching","type":0,"width":20.2446},{"bases":[[[-0.74023,-0.668089,0.0756147],[-0.661085,0.743709,0.0993142],[0.122586,-0.0235276,0.992179]],[[-0.738865,-0.668304,0.0863037],[-0.661701,0.695353,-0.28042],[-0.127394,0.2643,0.95599]],[[-0.738865,-0.668304,0.0863037],[-0.558524,0.535712,-0.633296],[-0.377,0.516123,0.769083]],[[-0.738865,-0.668304,0.0863037],[-0.452183,0.396768,-0.798816],[-0.499609,0.629242,0.595353]]],"btipPosition":[53.6211,318.64,-65.2491],"carpPosition":[39.5219,351.481,77.5397],"dipPosition":[45.0872,329.388,-55.0798],"direction":[0.377,-0.516123,-0.769083],"extended":true,"handId":597,"id":5971,"length":58.7918,"mcpPosition":[30.5057,353.211,4.56494],"pipPosition":[35.9774,341.859,-36.4957],"stabilizedTipPosition":[41.0607,321.924,-33.0754],"timeVisible":2.77484,"tipPosition":[51.6633,321.119,-62.8237],"tipVelocity":[17.0607,3.23669,-101.873],"tool":false,"touchDistance":-0.221871,"touchZone":"touching","type":1,"width":19.3376},{"bases":[[[-0.593245,-0.782055,0.190921],[-0.77386,0.619357,0.132427],[0.221813,0.0691842,0.972632]],[[-0.614054,-0.784918,0.0827127],[-0.789033,0.607956,-0.0884085],[-0.0191078,0.119551,0.992644]],[[-0.614054,-0.784918,0.0827127],[-0.777032,0.582829,-0.237764],[-0.138418,0.21027,0.967795]],[[-0.614054,-0.784918,0.0827127],[-0.756455,0.555386,-0.34543],[-0.225197,0.274681,0.934792]]],"btipPosition":[22.9257,322.9,-82.7036],"carpPosition":[29.3105,344.625,78.0452],"dipPosition":[18.6949,328.061,-65.1416],"direction":[0.138418,-0.21027,-0.967795],"extended":true,"handId":597,"id":5972,"length":66.9886,"mcpPosition":[13.8391,339.799,10.2047],"pipPosition":[14.7599,334.038,-37.6284],"stabilizedTipPosition":[10.8178,323.105,-46.841],"timeVisible":2.77484,"tipPosition":[22.0591,323.217,-78.44],"tipVelocity":[13.7849,6.89813,-103.049],"tool":false,"touchDistance":-0.373351,"touchZone":"touching","type":2,"width":18.9921},{"bases":[[[-0.494101,-0.8078,0.321441],[-0.806802,0.56379,0.176667],[0.323937,0.172048,0.930304]],[[-0.48203,-0.80103,0.354961],[-0.834112,0.29556,-0.465728],[-0.26815,0.520572,0.810617]],[[-0.48203,-0.80103,0.354961],[0.233956,-0.508103,-0.828913],[-0.844341,0.316516,-0.432327]],[[-0.48203,-0.80103,0.354961],[0.820129,-0.555067,-0.138884],[-0.308277,-0.224168,-0.924507]]],"btipPosition":[42.0153,296.962,14.475],"carpPosition":[21.1816,335.568,79.7],"dipPosition":[36.257,292.775,-2.79394],"direction":[0.844341,-0.316516,0.432327],"extended":false,"handId":597,"id":5973,"length":64.4113,"mcpPosition":[0.895633,324.793,21.4413],"pipPosition":[12.8733,301.541,-14.7671],"stabilizedTipPosition":[25.1522,296.995,42.5723],"timeVisible":2.77484,"tipPosition":[40.7604,296.08,10.7834],"tipVelocity":[26.6487,-3.38788,-104.786],"tool":false,"touchDistance":0.333333,"touchZone":"none","type":3,"width":18.0722},{"bases":[[[-0.313143,-0.864434,0.393314],[-0.842021,0.444255,0.306003],[0.439251,0.235356,0.866987]],[[-0.190843,-0.775895,0.601303],[-0.972982,0.0684334,-0.220505],[-0.129939,0.627139,0.767992]],[[-0.190843,-0.775895,0.601303],[0.0737881,-0.622168,-0.779399],[-0.978843,0.104374,-0.175988]],[[-0.190843,-0.775895,0.601303],[0.837081,-0.448584,-0.313157],[-0.512712,-0.443576,-0.735097]]],"btipPosition":[25.6003,291.751,21.5797],"carpPosition":[18.4952,321.961,82.8785],"dipPosition":[16.7651,284.108,8.91232],"direction":[0.978843,-0.104374,0.175988],"extended":false,"handId":597,"id":5974,"length":50.4973,"mcpPosition":[-6.96808,308.318,32.6195],"pipPosition":[-2.37476,286.149,5.47111],"stabilizedTipPosition":[8.5416,291.81,48.4599],"timeVisible":2.77484,"tipPosition":[23.622,290.011,18.7027],"tipVelocity":[26.0562,-9.06408,-105.461],"tool":false,"touchDistance":0.333333,"touchZone":"none","type":4,"width":16.0532}],"r":[[0.973475,0.0455581,-0.224212],[-0.109892,0.952638,-0.283557],[0.200674,0.300675,0.932376]],"s":0.855985,"t":[45.2446,-41.9032,-178.038],"timestamp":522798346961},false],[6,{"currentFrameRate":108.699,"devices":[],"gestures":[],"hands":[{"armBasis":[[-0.741113,-0.670293,-0.0381972],[-0.667858,0.73021,0.144081],[0.0686846,-0.132291,0.988828]],"armWidth":63.703,"confidence":0.842661,"direction":[-0.339988,0.0191042,-0.940236],"elbow":[52.1164,295.355,353.013],"grabStrength":0,"id":597,"palmNormal":[0.635524,-0.732284,-0.244684],"palmPosition":[23.2494,334.121,32.4802],"palmVelocity":[18.3231,-5.30129,-100.228],"palmWidth":90.9658,"pinchStrength":1,"r":[[0.973317,0.0474824,-0.224499],[-0.111857,0.952422,-0.283516],[0.200356,0.301062,0.932319]],"s":0.856364,"sphereCenter":[61.619,311.418,-5.75868],"sphereRadius":57.2347,"stabilizedPalmPosition":[7.77955,335.313,65.3464],"t":[45.4299,-41.926,-178.97],"timeVisible":2.78459,"type":"left","wrist":[33.5765,331.064,86.1009]}],"id":4204841,"interactionBox":{"center":[0,200,0],"size":[235.247,235.247,147.751]},"pointables":[{"bases":[[[-0.913712,0.384778,0.130679],[0.406348,0.867881,0.28577],[0.00345619,-0.314213,0.949346]],[[-0.81612,0.485379,-0.313617],[0.571285,0.759428,-0.311292],[-0.0870749,0.433216,0.897074]],[[-0.81612,0.485379,-0.313617],[0.476406,0.257936,-0.84054],[0.327087,0.83539,0.441744]],[[-0.81612,0.485379,-0.313617],[0.266094,-0.166104,-0.949528],[0.512974,0.85838,-0.00640463]]],"btipPosition":[42.5517,272.315,20.2505],"carpPosition":[61.3578,342.494,79.926],"dipPosition":[54.5539,292.399,20.1006],"direction":[-0.327087,-0.83539,-0.441744],"extended":false,"handId":597,"id":5970,"length":52.1025,"mcpPosition":[61.3578,342.494,79.926],"pipPosition":[65.7032,320.874,35.1581],"stabilizedTipPosition":[38.5067,277.711,38.2941],"timeVisible":2.78459,"tipPosition":[45.5367,277.294,19.3523],"tipVelocity":[29.4974,0.0968168,-91.8998],"tool":false,"touchDistance":-0.395791,"touchZone":"touching","type":0,"width":20.2446},{"bases":[[[-0.740438,-0.66786,0.075597],[-0.660946,0.74393,0.0985829],[0.122079,-0.023029,0.992253]],[[-0.739079,-0.66807,0.0862866],[-0.661384,0.695374,-0.281116],[-0.127803,0.264835,0.955787]],[[-0.739079,-0.66807,0.0862866],[-0.558075,0.535526,-0.633848],[-0.377246,0.516618,0.768629]],[[-0.739079,-0.66807,0.0862866],[-0.45169,0.396472,-0.799241],[-0.499738,0.629677,0.594785]]],"btipPosition":[53.8703,318.604,-66.2045],"carpPosition":[39.7081,351.524,76.5604],"dipPosition":[45.3342,329.359,-56.0449],"direction":[0.377246,-0.516618,-0.768629],"extended":true,"handId":597,"id":5971,"length":58.7918,"mcpPosition":[30.7292,353.218,3.58015],"pipPosition":[36.2185,341.843,-37.4718],"stabilizedTipPosition":[41.0607,321.924,-33.0754],"timeVisible":2.78459,"tipPosition":[51.9123,321.084,-63.7815],"tipVelocity":[19.546,1.24898,-100.818],"tool":false,"touchDistance":-0.237832,"touchZone":"touching","type":1,"width":19.3376},{"bases":[[[-0.59354,-0.781802,0.191038],[-0.773769,0.619625,0.131705],[0.221339,0.0696471,0.972707]],[[-0.614391,-0.784707,0.0822037],[-0.788757,0.608267,-0.0887307],[-0.0196258,0.119354,0.992658]],[[-0.614391,-0.784707,0.0822037],[-0.776679,0.583163,-0.238099],[-0.1389,0.210132,0.967756]],[[-0.614391,-0.784707,0.0822037],[-0.756044,0.555726,-0.345783],[-0.225656,0.274596,0.934707]]],"btipPosition":[23.1902,322.929,-83.6876],"carpPosition":[29.4946,344.671,77.0644],"dipPosition":[18.9508,328.088,-66.1273],"direction":[0.1389,-0.210132,-0.967756],"extended":true,"handId":597,"id":5972,"length":66.9886,"mcpPosition":[14.0563,339.813,9.21866],"pipPosition":[15.0021,334.061,-38.6151],"stabilizedTipPosition":[10.8179,323.105,-46.8415],"timeVisible":2.78459,"tipPosition":[22.3157,323.254,-79.428],"tipVelocity":[17.6478,5.72062,-102.454],"tool":false,"touchDistance":-0.379115,"touchZone":"touching","type":2,"width":18.9921},{"bases":[[[-0.494469,-0.807502,0.321622],[-0.806748,0.564089,0.175958],[0.32351,0.172462,0.930375]],[[-0.482413,-0.800718,0.355147],[-0.833843,0.295601,-0.466183],[-0.268299,0.52103,0.810274]],[[-0.482413,-0.800718,0.355147],[0.234131,-0.508564,-0.82858],[-0.844074,0.316567,-0.43281]],[[-0.482413,-0.800718,0.355147],[0.820039,-0.555364,-0.138232],[-0.30792,-0.22455,-0.924534]]],"btipPosition":[42.2156,296.97,13.5196],"carpPosition":[21.3626,335.616,78.7199],"dipPosition":[36.464,292.776,-3.7498],"direction":[0.844074,-0.316567,0.43281],"extended":false,"handId":597,"id":5973,"length":64.4113,"mcpPosition":[1.10337,324.816,20.4567],"pipPosition":[13.0877,301.543,-15.7363],"stabilizedTipPosition":[25.1528,296.995,42.5711],"timeVisible":2.78459,"tipPosition":[40.9629,296.085,9.82691],"tipVelocity":[24.908,-2.19915,-102.811],"tool":false,"touchDistance":0.333333,"touchZone":"none","type":3,"width":18.0722},{"bases":[[[-0.313562,-0.864144,0.393617],[-0.842063,0.444632,0.30534],[0.438873,0.235707,0.867083]],[[-0.192022,-0.776127,0.600628],[-0.972722,0.069355,-0.221362],[-0.130148,0.626751,0.768274]],[[-0.192022,-0.776127,0.600628],[0.0740457,-0.621731,-0.779723],[-0.978593,0.10525,-0.176855]],[[-0.192022,-0.776127,0.600628],[0.837086,-0.44899,-0.312562],[-0.512264,-0.442759,-0.735901]]],"btipPosition":[25.793,291.765,20.6207],"carpPosition":[18.6712,322.012,81.9043],"dipPosition":[16.9655,284.135,7.93953],"direction":[0.978593,-0.10525,0.176855],"extended":false,"handId":597,"id":5974,"length":50.4973,"mcpPosition":[-6.77019,308.349,31.6397],"pipPosition":[-2.16948,286.193,4.48137],"stabilizedTipPosition":[8.54241,291.81,48.4582],"timeVisible":2.78459,"tipPosition":[23.8181,290.027,17.743],"tipVelocity":[24.2651,-5.90533,-103.488],"tool":false,"touchDistance":0.333333,"touchZone":"none","type":4,"width":16.0532}],"r":[[0.973317,0.0474824,-0.224499],[-0.111857,0.952422,-0.283516],[0.200356,0.301062,0.932319]],"s":0.8