{"sensorType":"Leap","data":[[0,{"currentFrameRate":106.802,"devices":[],"gestures":[],"hands":[{"armBasis":[[0.976665,-0.211705,-0.0361429],[0.213982,0.973595,0.0795201],[0.0183538,-0.0853985,0.996178]],"armWidth":63.703,"confidence":0.785427,"direction":[0.293622,0.139167,-0.945737],"elbow":[21.2045,313.629,365.236],"grabStrength":0,"id":600,"palmNormal":[-0.179196,-0.963794,-0.197459],"palmPosition":[24.1721,341.764,42.4644],"palmVelocity":[50.5757,-40.0145,-194.91],"palmWidth":90.9658,"pinchStrength":0.717969,"r":[[0.976572,0.212075,-0.0364958],[-0.214251,0.974059,-0.0728357],[0.0201024,0.0789486,0.996676]],"s":1.04003,"sphereCenter":[25.5522,302.293,18.8352],"sphereRadius":45.4015,"stabilizedPalmPosition":[-16.2905,360.255,174.372],"t":[41.4586,-18.563,-134.629],"timeVisible":0.379746,"type":"right","wrist":[16.2503,336.68,96.34]}],"id":4206004,"interactionBox":{"center":[0,200,0],"size":[235.247,235.247,147.751]},"pointables":[{"bases":[[[0.595414,0.797674,0.0959081],[-0.790133,0.559761,0.249715],[0.145505,-0.224464,0.963558]],[[0.471458,0.815376,-0.33599],[-0.880187,0.458718,-0.121858],[0.0547641,0.353184,0.933949]],[[0.471458,0.815376,-0.33599],[-0.856373,0.332305,-0.395219],[-0.210601,0.474062,0.854934]],[[0.471458,0.815376,-0.33599],[-0.477086,-0.0846099,-0.874774],[-0.741698,0.572715,0.349115]]],"btipPosition":[8.34924,285.096,6.1706],"carpPosition":[-13.4502,332.28,90.0888],"dipPosition":[-9.00454,298.496,14.339],"direction":[0.210601,-0.474062,-0.854934],"extended":false,"handId":600,"id":6000,"length":52.1025,"mcpPosition":[-13.4502,332.28,90.0888],"pipPosition":[-16.1832,314.655,43.4807],"stabilizedTipPosition":[-36.7372,310.578,118.317],"timeVisible":0.379746,"tipPosition":[3.77393,288.069,8.04387],"tipVelocity":[68.8396,-43.5984,-186.571],"tool":false,"touchDistance":-0.490374,"touchZone":"hovering","type":0,"width":20.2446},{"bases":[[[0.974945,-0.200855,0.0955982],[0.196764,0.979147,0.0505474],[-0.103757,-0.0304706,0.994136]],[[0.948748,-0.203153,0.242087],[0.247398,0.954074,-0.168929],[-0.19665,0.220163,0.955436]],[[0.948748,-0.203153,0.242087],[0.269169,0.920839,-0.282141],[-0.165605,0.332843,0.928327]],[[0.948748,-0.203153,0.242087],[0.28284,0.887563,-0.36364],[-0.140993,0.413475,0.899533]]],"btipPosition":[23.2525,328.455,-66.0402],"carpPosition":[0.764898,350.775,85.9123],"dipPosition":[20.8442,335.517,-50.6753],"direction":[0.165605,-0.332843,-0.928327],"extended":true,"handId":600,"id":6001,"length":58.7918,"mcpPosition":[8.39625,353.016,12.7937],"pipPosition":[16.8426,343.56,-28.2432],"stabilizedTipPosition":[-17.0891,345.948,71.4035],"timeVisible":0.379746,"tipPosition":[22.5792,328.667,-61.9916],"tipVelocity":[48.7076,-9.20143,-206.294],"tool":false,"touchDistance":-0.560922,"touchZone":"hovering","type":1,"width":19.3376},{"bases":[[[0.904039,-0.367083,0.219003],[0.356432,0.930187,0.0877955],[-0.235942,-0.00131078,0.971766]],[[0.900061,-0.367056,0.234864],[0.312082,0.166801,-0.935298],[0.304131,0.915122,0.264682]],[[0.900061,-0.367056,0.234864],[-0.185049,-0.809908,-0.556602],[0.394522,0.457514,-0.79689]],[[0.900061,-0.367056,0.234864],[-0.362528,-0.929786,-0.0638051],[0.241793,-0.0277164,-0.969932]]],"btipPosition":[-0.923496,293.522,46.9193],"carpPosition":[13.0333,350.014,86.577],"dipPosition":[3.61907,293.001,28.6972],"direction":[-0.394522,-0.457514,0.79689],"extended":false,"handId":600,"id":6002,"length":66.9886,"mcpPosition":[29.4902,350.105,18.7969],"pipPosition":[14.8349,306.008,6.04254],"stabilizedTipPosition":[-36.9888,312.265,149.057],"timeVisible":0.379746,"tipPosition":[0.145119,293.478,42.9508],"tipVelocity":[65.8861,-49.4808,-187.238],"tool":false,"touchDistance":0.333333,"touchZone":"none","type":2,"width":18.9921},{"bases":[[[0.830006,-0.432345,0.352374],[0.412408,0.901068,0.134151],[-0.375513,0.0339756,0.926194]],[[0.831113,-0.432444,0.349634],[0.419969,0.0759617,-0.904354],[0.364523,0.898456,0.244746]],[[0.831113,-0.432444,0.349634],[-0.205149,-0.822798,-0.530017],[0.51688,0.368777,-0.772553]],[[0.831113,-0.432444,0.349634],[-0.435433,-0.897129,-0.0745475],[0.345904,-0.0902846,-0.933916]]],"btipPosition":[11.0539,295.579,58.4422],"carpPosition":[24.5964,346.366,88.5356],"dipPosition":[17.5151,293.893,40.9976],"direction":[-0.51688,-0.368777,0.772553],"extended":false,"handId":600,"id":6003,"length":64.4113,"mcpPosition":[48.1123,344.238,30.5343],"pipPosition":[31.8299,304.106,19.602],"stabilizedTipPosition":[-23.8829,311.014,158.199],"timeVisible":0.379746,"tipPosition":[12.6502,295.084,54.3429],"tipVelocity":[65.8209,-43.6427,-187.943],"tool":false,"touchDistance":0.333333,"touchZone":"none","type":3,"width":18.0722},{"bases":[[[0.701339,-0.568407,0.430161],[0.501677,0.822291,0.268622],[-0.506404,0.0274071,0.861861]],[[0.626145,-0.559432,0.543119],[0.651735,-0.00684354,-0.758416],[0.427999,0.828848,0.360316]],[[0.626145,-0.559432,0.543119],[-0.185974,-0.783619,-0.592752],[0.757202,0.270144,-0.594699]],[[0.626145,-0.559432,0.543119],[-0.539697,-0.813695,-0.215935],[0.562734,-0.157913,-0.811415]]],"btipPosition":[23.4494,302.687,55.2499],"carpPosition":[33.7261,336.136,92.3379],"dipPosition":[33.1466,299.966,41.2674],"direction":[-0.757203,-0.270144,0.594699],"extended":false,"handId":600,"id":6004,"length":50.4973,"mcpPosition":[63.0822,334.547,42.376],"pipPosition":[47.9526,305.248,29.6389],"stabilizedTipPosition":[-18.1018,320.716,174.475],"timeVisible":0.379746,"tipPosition":[25.8314,302.354,52.4011],"tipVelocity":[62.8062,-45.3942,-200.578],"tool":false,"touchDistance":0.333333,"touchZone":"none","type":4,"width":16.0532}],"r":[[0.976572,0.212075,-0.0364958],[-0.214251,0.974059,-0.0728357],[0.0201024,0.0789486,0.996676]],"s":1.04003,"t":[41.4586,-18.563,-134.629],"timestamp":522812154955},false],[1,{"currentFrameRate":107.051,"devices":[],"gestures":[],"hands":[{"armBasis":[[0.974567,-0.221662,-0.032956],[0.223516,0.97206,0.0716909],[0.0161441,-0.0772338,0.996882]],"armWidth":63.703,"confidence":0.792314,"direction":[0.291924,0.129207,-0.947674],"elbow":[21.3298,315.94,363.038],"grabStrength":0,"id":600,"palmNormal":[-0.18907,-0.963485,-0.189604],"palmPosition":[24.7703,341.389,40.015],"palmVelocity":[55.1246,-40.5975,-216.843],"palmWidth":90.9658,"pinchStrength":0.719005,"r":[[0.976442,0.212358,-0.0382736],[-0.214721,0.973795,-0.0749594],[0.0213523,0.0814117,0.996452]],"s":1.04094,"sphereCenter":[25.4809,301.891,16.5881],"sphereRadius":45.3614,"stabilizedPalmPosition":[-16.2798,360.251,174.337],"t":[41.9654,-18.9539,-136.688],"timeVisible":0.388632,"type":"right","wrist":[16.9721,336.788,93.9519]}],"id":4206005,"interactionBox":{"center":[0,200,0],"size":[235.247,235.247,147.751]},"pointables":[{"bases":[[[0.603348,0.792606,0.0880152],[-0.783922,0.569205,0.247938],[0.146418,-0.21859,0.96477]],[[0.478528,0.808376,-0.342839],[-0.876046,0.466037,-0.123905],[0.0596139,0.359635,0.931187]],[[0.478528,0.808376,-0.342839],[-0.854375,0.33856,-0.394234],[-0.202618,0.481565,0.852667]],[[0.478528,0.808376,-0.342839],[-0.478036,-0.0876722,-0.873954],[-0.736541,0.582101,0.344479]]],"btipPosition":[8.37552,284.645,4.23224],"carpPosition":[-12.7891,332.627,87.8268],"dipPosition":[-8.8576,298.265,12.2921],"direction":[0.202618,-0.481565,-0.852667],"extended":false,"handId":600,"id":6000,"length":52.1025,"mcpPosition":[-12.7891,332.627,87.8268],"pipPosition":[-15.7641,314.68,41.3566],"stabilizedTipPosition":[-36.6809,310.547,118.164],"timeVisible":0.388632,"tipPosition":[3.82128,287.664,6.07737],"tipVelocity":[51.7926,-43.9803,-195.907],"tool":false,"touchDistance":-0.49912,"touchZone":"hovering","type":0,"width":20.2446},{"bases":[[[0.973272,-0.209503,0.094073],[0.206316,0.977561,0.042527],[-0.100872,-0.0219816,0.994657]],[[0.947698,-0.210452,0.239956],[0.255056,0.951328,-0.172978],[-0.191873,0.225133,0.955249]],[[0.947698,-0.210452,0.239956],[0.27632,0.917264,-0.286834],[-0.159738,0.338137,0.927441]],[[0.947698,-0.210452,0.239956],[0.289532,0.883244,-0.368851],[-0.134314,0.419034,0.897981]]],"btipPosition":[23.4039,327.571,-68.4687],"carpPosition":[1.58951,350.953,83.4663],"dipPosition":[21.1096,334.729,-53.1302],"direction":[0.159738,-0.338137,-0.927441],"extended":true,"handId":600,"id":6001,"length":58.7918,"mcpPosition":[9.00862,352.569,10.3093],"pipPosition":[17.2498,342.9,-30.7195],"stabilizedTipPosition":[-17.0853,345.946,71.3904],"timeVisible":0.388632,"tipPosition":[22.7446,327.821,-64.4259],"tipVelocity":[40.905,-33.041,-224.678],"tool":false,"touchDistance":-0.569681,"touchZone":"hovering","type":1,"width":19.3376},{"bases":[[[0.901168,-0.374107,0.218952],[0.365624,0.927349,0.0796461],[-0.232841,0.00827984,0.972479]],[[0.897247,-0.373922,0.234799],[0.310728,0.156952,-0.937451],[0.313681,0.914083,0.257012]],[[0.897247,-0.373922,0.234799],[-0.194262,-0.811868,-0.550575],[0.396498,0.448389,-0.801085]],[[0.897247,-0.373922,0.234799],[-0.371383,-0.926748,-0.0566838],[0.238795,-0.0363409,-0.97039]]],"btipPosition":[-0.781049,293.388,44.8884],"carpPosition":[13.8521,350.078,84.0985],"dipPosition":[3.70518,292.706,26.6577],"direction":[-0.396498,-0.448389,0.801085],"extended":false,"handId":600,"id":6002,"length":66.9886,"mcpPosition":[30.0927,349.5,16.2686],"pipPosition":[14.9771,305.453,3.88379],"stabilizedTipPosition":[-36.954,312.247,148.955],"timeVisible":0.388632,"tipPosition":[0.277922,293.319,40.9202],"tipVelocity":[51.9479,-41.2523,-198.519],"tool":false,"touchDistance":0.333333,"touchZone":"none","type":2,"width":18.9921},{"bases":[[[0.826938,-0.437647,0.353043],[0.421466,0.898042,0.126046],[-0.372211,0.0445636,0.927078]],[[0.828004,-0.437773,0.350377],[0.417922,0.0652183,-0.906139],[0.373832,0.896717,0.236956]],[[0.828004,-0.437773,0.350377],[-0.214352,-0.82453,-0.523645],[0.518134,0.358476,-0.776551]],[[0.828004,-0.437773,0.350377],[-0.443984,-0.893513,-0.0671721],[0.342472,-0.0999429,-0.934197]]],"btipPosition":[11.2502,295.428,56.3637],"carpPosition":[25.3859,346.334,86.0485],"dipPosition":[17.6472,293.561,38.9138],"direction":[-0.518134,-0.358476,0.776551],"extended":false,"handId":600,"id":6003,"length":64.4113,"mcpPosition":[48.695,343.543,27.9918],"pipPosition":[31.9967,303.489,17.4075],"stabilizedTipPosition":[-23.8554,311.002,158.12],"timeVisible":0.388632,"tipPosition":[12.8311,294.901,52.2728],"tipVelocity":[53.4905,-37.696,-200.466],"tool":false,"touchDistance":0.333333,"touchZone":"none","type":3,"width":18.0722},{"bases":[[[0.697219,-0.571874,0.432258],[0.510403,0.819425,0.260829],[-0.503364,0.0387707,0.863204]],[[0.622333,-0.561298,0.54557],[0.649168,-0.0193331,-0.760399],[0.437358,0.827388,0.352345]],[[0.622333,-0.561298,0.54557],[-0.195301,-0.786291,-0.586178],[0.757997,0.258248,-0.598957]],[[0.622333,-0.561298,0.54557],[-0.547907,-0.81014,-0.208496],[0.559017,-0.169167,-0.811716]]],"btipPosition":[23.6938,302.416,53.1039],"carpPosition":[34.429,336.046,89.8995],"dipPosition":[33.3269,299.501,39.1162],"direction":[-0.757997,-0.258248,0.598957],"extended":false,"handId":600,"id":6004,"length":50.4973,"mcpPosition":[63.6089,333.798,39.8598],"pipPosition":[48.1484,304.55,27.4045],"stabilizedTipPosition":[-18.0786,320.706,174.409],"timeVisible":0.388632,"tipPosition":[26.069,302.034,50.2411],"tipVelocity":[52.7656,-42.715,-211.732],"tool":false,"touchDistance":0.333333,"touchZone":"none","type":4,"width":16.0532}],"r":[[0.976442,0.212358,-0.0382736],[-0.214721,0.973795,-0.0749594],[0.0213523,0.0814117,0.996452]],"s":1.04094,"t":[41.9654,-18.9539,-136.688],"timestamp":522812163841},false],[2,{"currentFrameRate":107.156,"devices":[],"gestures":[],"hands":[{"armBasis":[[0.973608,-0.225902,-0.0324894],[0.227673,0.971266,0.0693333],[0.0158933,-0.0749004,0.997064]],"armWidth":63.703,"confidence":0.793708,"direction":[0.291658,0.124447,-0.948393],"elbow":[21.6205,316.599,361.806],"grabStrength":0,"id":600,"palmNormal":[-0.193666,-0.963282,-0.185959],"palmPosition":[25.1009,341.188,38.7104],"palmVelocity":[49.8517,-35.4301,-196.218],"palmWidth":90.9658,"pinchStrength":0.718304,"r":[[0.976524,0.211656,-0.0400227],[-0.214217,0.973721,-0.0773219],[0.0226053,0.0840803,0.996203]],"s":1.04208,"sphereCenter":[25.3259,301.839,15.2927],"sphereRadius":45.3217,"stabilizedPalmPosition":[-16.2698,360.246,174.304],"t":[42.3842,-19.25,-138.369],"timeVisible":0.397773,"type":"right","wrist":[17.3304,336.817,92.6705]}],"id":4206006,"interactionBox":{"center":[0,200,0],"size":[235.247,235.247,147.751]},"pointables":[{"bases":[[[0.607062,0.790136,0.0846191],[-0.781074,0.573693,0.246578],[0.146285,-0.215782,0.965422]],[[0.482343,0.805085,-0.345231],[-0.873892,0.46946,-0.126176],[0.0604895,0.362554,0.929998]],[[0.482343,0.805085,-0.345231],[-0.853112,0.342262,-0.393772],[-0.198861,0.484453,0.851915]],[[0.482343,0.805085,-0.345231],[-0.477221,-0.0889842,-0.874267],[-0.734579,0.586447,0.341282]]],"btipPosition":[8.49188,284.443,3.15209],"carpPosition":[-12.4551,332.771,86.5869],"dipPosition":[-8.69533,298.165,11.1372],"direction":[0.198861,-0.484453,-0.851915],"extended":false,"handId":600,"id":6000,"length":52.1025,"mcpPosition":[-12.4551,332.771,86.5869],"pipPosition":[-15.4738,314.678,40.176],"stabilizedTipPosition":[-36.6332,310.52,118.033],"timeVisible":0.397773,"tipPosition":[3.94562,287.475,4.98389],"tipVelocity":[41.2458,-37.1799,-174.801],"tool":false,"touchDistance":-0.494001,"touchZone":"hovering","type":0,"width":20.2446},{"bases":[[[0.972384,-0.213636,0.0939643],[0.210844,0.976749,0.0388163],[-0.100072,-0.0179326,0.994819]],[[0.947148,-0.213953,0.239028],[0.257813,0.951071,-0.170284],[-0.1909,0.222909,0.955965]],[[0.947148,-0.213953,0.239028],[0.279015,0.917116,-0.28469],[-0.158307,0.336336,0.928341]],[[0.947148,-0.213953,0.239028],[0.292162,0.883025,-0.367299],[-0.132483,0.417722,0.898864]]],"btipPosition":[23.6516,327.497,-69.8669],"carpPosition":[2.00365,351.014,82.1475],"dipPosition":[21.3886,334.632,-54.5134],"direction":[0.158307,-0.336336,-0.928341],"extended":true,"handId":600,"id":6001,"length":58.7918,"mcpPosition":[9.36395,352.333,8.9786],"pipPosition":[17.5633,342.759,-32.081],"stabilizedTipPosition":[-17.082,345.945,71.3791],"timeVisible":0.397773,"tipPosition":[22.9789,327.716,-65.8163],"tipVelocity":[37.282,-26.2775,-204.621],"tool":false,"touchDistance":-0.561968,"touchZone":"hovering","type":1,"width":19.3376},{"bases":[[[0.899637,-0.377455,0.219501],[0.369953,0.925939,0.0759749],[-0.231921,0.0128552,0.97265]],[[0.895731,-0.377195,0.235351],[0.31043,0.151655,-0.938421],[0.318275,0.913633,0.252935]],[[0.895731,-0.377195,0.235351],[-0.198501,-0.81296,-0.547442],[0.397823,0.443644,-0.803067]],[[0.895731,-0.377195,0.235351],[-0.375603,-0.925243,-0.0533574],[0.237883,-0.0406046,-0.970445]]],"btipPosition":[-0.676585,293.314,43.8039],"carpPosition":[14.2627,350.085,82.772],"dipPosition":[3.79252,292.551,25.5722],"direction":[-0.397823,-0.443644,0.803067],"extended":false,"handId":600,"id":6002,"length":66.9886,"mcpPosition":[30.4391,349.189,14.9302],"pipPosition":[15.1022,305.163,2.74192],"stabilizedTipPosition":[-36.9247,312.232,148.87],"timeVisible":0.397773,"tipPosition":[0.382247,293.228,39.8204],"tipVelocity":[40.5545,-32.6128,-176.303],"tool":false,"touchDistance":0.333333,"touchZone":"none","type":2,"width":18.9921},{"bases":[[[0.825237,-0.440169,0.353886],[0.425701,0.896543,0.12243],[-0.371164,0.0496155,0.927241]],[[0.826223,-0.4403,0.351414],[0.417677,0.0601905,-0.9066],[0.378024,0.895831,0.233634]],[[0.826223,-0.4403,0.351414],[-0.217705,-0.824894,-0.521685],[0.519577,0.354523,-0.777401]],[[0.826223,-0.4403,0.351414],[-0.447455,-0.891906,-0.0654746],[0.342257,-0.103146,-0.933928]]],"btipPosition":[11.3564,295.282,55.1972],"carpPosition":[25.7809,346.295,84.7252],"dipPosition":[17.7494,293.355,37.7523],"direction":[-0.519577,-0.354523,0.777401],"extended":false,"handId":600,"id":6003,"length":64.4113,"mcpPosition":[49.0244,343.188,26.6583],"pipPosition":[32.1389,303.174,16.2225],"stabilizedTipPosition":[-23.832,310.992,158.052],"timeVisible":0.397773,"tipPosition":[12.941,294.767,51.1251],"tipVelocity":[41.8137,-32.0652,-180.163],"tool":false,"touchDistance":0.333333,"touchZone":"none","type":3,"width":18.0722},{"bases":[[[0.694974,-0.573512,0.433699],[0.514398,0.818004,0.257417],[-0.5024,0.0441955,0.863505]],[[0.620121,-0.562158,0.5472],[0.648336,-0.0254954,-0.760928],[0.441713,0.826636,0.348657]],[[0.620121,-0.562158,0.5472],[-0.199357,-0.787533,-0.583138],[0.758753,0.252528,-0.600436]],[[0.620121,-0.562158,0.5472],[-0.551559,-0.808433,-0.205472],[0.557882,-0.174396,-0.81139]]],"btipPosition":[23.8398,302.264,51.9459],"carpPosition":[34.7801,335.98,88.6053],"dipPosition":[33.4533,299.259,37.9639],"direction":[-0.758753,-0.252528,0.600436],"extended":false,"handId":600,"id":6004,"length":50.4973,"mcpPosition":[63.9041,333.418,38.5481],"pipPosition":[48.2897,304.197,26.2232],"stabilizedTipPosition":[-18.0583,320.697,174.351],"timeVisible":0.397773,"tipPosition":[26.2154,301.858,49.0743],"tipVelocity":[42.3923,-36.082,-188.028],"tool":false,"touchDistance":0.333333,"touchZone":"none","type":4,"width":16.0532}],"r":[[0.976524,0.211656,-0.0400227],[-0.214217,0.973721,-0.0773219],[0.0226053,0.0840803,0.996203]],"s":1.04208,"t":[42.3842,-19.25,-138.369],"timestamp":522812172982},false],[3,{"currentFrameRate":107.358,"devices":[],"gestures":[],"hands":[{"armBasis":[[0.974203,-0.223252,-0.032974],[0.225041,0.971981,0.0678971],[0.0168919,-0.073566,0.997147]],"armWidth":63.703,"confidence":0.799736,"direction":[0.29075,0.119466,-0.949311],"elbow":[22.2737,317.102,360.512],"grabStrength":0,"id":600,"palmNormal":[-0.192319,-0.964628,-0.180296],"palmPosition":[25.4372,341.034,37.3642],"palmVelocity":[46.5007,-30.4619,-183.723],"palmWidth":90.9658,"pinchStrength":0.718066,"r":[[0.976517,0.211344,-0.0418118],[-0.214129,0.9735,-0.0802936],[0.0237341,0.0873612,0.995894]],"s":1.04323,"sphereCenter":[25.4825,301.728,14.0705],"sphereRadius":45.2937,"stabilizedPalmPosition":[-16.261,360.242,174.275],"t":[42.7617,-19.4752,-139.883],"timeVisible":0.406719,"type":"right","wrist":[17.7141,336.959,91.3543]}],"id":4206007,"interactionBox":{"center":[0,200,0],"size":[235.247,235.247,147.751]},"pointables":[{"bases":[[[0.605906,0.791541,0.0796336],[-0.781772,0.573891,0.243887],[0.147346,-0.210028,0.966529]],[[0.481384,0.804052,-0.348955],[-0.874503,0.467504,-0.12917],[0.0592783,0.367343,0.928195]],[[0.481384,0.804052,-0.348955],[-0.853891,0.340335,-0.393755],[-0.197838,0.487517,0.850404]],[[0.481384,0.804052,-0.348955],[-0.475108,-0.0951967,-0.874763],[-0.736574,0.586888,0.336185]]],"btipPosition":[8.94953,284.152,2.14263],"carpPosition":[-12.0697,332.833,85.3167],"dipPosition":[-8.28436,297.883,10.0085],"direction":[0.197838,-0.487517,-0.850405],"extended":false,"handId":600,"id":6000,"length":52.1025,"mcpPosition":[-12.0697,332.833,85.3167],"pipPosition":[-15.028,314.501,38.9958],"stabilizedTipPosition":[-36.5922,310.497,117.92],"timeVisible":0.406719,"tipPosition":[4.39978,287.157,3.95465],"tipVelocity":[43.6255,-35.8558,-158.712],"tool":false,"touchDistance":-0.488488,"touchZone":"hovering","type":0,"width":20.2446},{"bases":[[[0.972783,-0.211597,0.0944432],[0.209365,0.977278,0.0330662],[-0.099294,-0.0123931,0.994981]],[[0.94783,-0.211137,0.23883],[0.255079,0.951682,-0.170986],[-0.191188,0.222986,0.955889]],[[0.94783,-0.211137,0.23883],[0.276478,0.917412,-0.286209],[-0.158676,0.337308,0.927925]],[[0.94783,-0.211137,0.23883],[0.28978,0.882881,-0.369525],[-0.132838,0.419455,0.898004]]],"btipPosition":[23.9756,327.091,-71.2364],"carpPosition":[2.35751,351.073,80.762],"dipPosition":[21.7065,334.256,-55.8975],"direction":[0.158676,-0.337308,-0.927925],"extended":true,"handId":600,"id":6001,"length":58.7918,"mcpPosition":[9.66058,351.984,7.58115],"pipPosition":[17.8723,342.407,-33.4752],"stabilizedTipPosition":[-17.0791,345.944,71.3691],"timeVisible":0.406719,"tipPosition":[23.2994,327.323,-67.1911],"tipVelocity":[36.9485,-31.2653,-190.644],"tool":false,"touchDistance":-0.554698,"touchZone":"hovering","type":1,"width":19.3376},{"bases":[[[0.900384,-0.374807,0.22097],[0.36858,0.926927,0.0703935],[-0.231207,0.0180642,0.972737]],[[0.89649,-0.374462,0.236821],[0.309431,0.146599,-0.939554],[0.31711,0.91558,0.247295]],[[0.89649,-0.374462,0.236821],[-0.197598,-0.816317,-0.542753],[0.396562,0.439777,-0.805813]],[[0.89649,-0.374462,0.236821],[-0.37413,-0.926127,-0.0481194],[0.237345,-0.0454633,-0.970361]]],"btipPosition":[-0.268513,293.139,42.7565],"carpPosition":[14.6184,350.167,81.3824],"dipPosition":[4.19049,292.285,24.5264],"direction":[-0.396562,-0.439777,0.805813],"extended":false,"handId":600,"id":6002,"length":66.9886,"mcpPosition":[30.745,348.907,13.5346],"pipPosition":[15.4643,304.787,1.61805],"stabilizedTipPosition":[-36.8998,312.219,148.797],"timeVisible":0.406719,"tipPosition":[0.789654,293.035,38.7674],"tipVelocity":[41.866,-29.6856,-160.112],"tool":false,"touchDistance":0.333333,"touchZone":"none","type":2,"width":18.9921},{"bases":[[[0.826182,-0.436866,0.355769],[0.424409,0.897883,0.116974],[-0.370541,0.0543497,0.927225]],[[0.827142,-0.437006,0.353358],[0.416712,0.0550419,-0.907371],[0.377077,0.897773,0.227633]],[[0.827142,-0.437006,0.353358],[-0.216659,-0.828116,-0.516993],[0.51855,0.351069,-0.779651]],[[0.827142,-0.437006,0.353358],[-0.445838,-0.893045,-0.0608278],[0.342146,-0.107227,-0.933509]]],"btipPosition":[11.7532,295.181,54.144],"carpPosition":[26.1439,346.405,83.3485],"dipPosition":[18.1442,293.178,36.707],"direction":[-0.51855,-0.351069,0.779651],"extended":false,"handId":600,"id":6003,"length":64.4113,"mcpPosition":[49.3484,343.002,25.2827],"pipPosition":[32.5053,302.9,15.1148],"stabilizedTipPosition":[-23.8123,310.983,157.994],"timeVisible":0.406719,"tipPosition":[13.3426,294.657,50.0676],"tipVelocity":[42.4947,-26.9339,-163.051],"tool":false,"touchDistance":0.333333,"touchZone":"none","type":3,"width":18.0722},{"bases":[[[0.696186,-0.56995,0.436443],[0.513329,0.820255,0.25234],[-0.501816,0.048363,0.863621]],[[0.621276,-0.558036,0.550102],[0.6479,-0.0290256,-0.761172],[0.440728,0.829309,0.343519]],[[0.621276,-0.558036,0.550102],[-0.198111,-0.791079,-0.578745],[0.758135,0.250579,-0.602031]],[[0.621276,-0.558036,0.550102],[-0.549939,-0.810607,-0.201206],[0.558196,-0.177518,-0.810496]]],"btipPosition":[24.2293,302.166,50.812],"carpPosition":[35.162,336.126,87.2807],"dipPosition":[33.8483,299.107,36.8454],"direction":[-0.758135,-0.250579,0.602031],"extended":false,"handId":600,"id":6004,"length":50.4973,"mcpPosition":[64.2522,333.323,37.2168],"pipPosition":[48.6725,304.007,25.0735],"stabilizedTipPosition":[-18.041,320.69,174.302],"timeVisible":0.406719,"tipPosition":[26.6081,301.75,47.9386],"tipVelocity":[42.7446,-29.5919,-171.18],"tool":false,"touchDistance":0.333333,"touchZone":"none","type":4,"width":16.0532}],"r":[[0.976517,0.211344,-0.0418118],[-0.214129,0.9735,-0.0802936],[0.0237341,0.0873612,0.995894]],"s":1.04323,"t":[42.7617,-19.4752,-139.883],"timestamp":522812181928},false],[4,{"currentFrameRate":107.507,"devices":[],"gestures":[],"hands":[{"armBasis":[[0.975458,-0.217013,-0.0372309],[0.219208,0.973053,0.0715259],[0.0207055,-0.0779318,0.996744]],"armWidth":63.703,"confidence":0.762469,"direction":[0.289736,0.112433,-0.95048],"elbow":[23.5238,316.291,359.248],"grabStrength":0,"id":600,"palmNormal":[-0.189854,-0.966591,-0.172212],"palmPosition":[25.6075,340.977,36.1713],"palmVelocity":[38.89,-23.7854,-169.505],"palmWidth":90.9658,"pinchStrength":0.717798,"r":[[0.976389,0.211545,-0.0437362],[-0.214598,0.973063,-0.0842392],[0.0247377,0.091636,0.995485]],"s":1.04438,"sphereCenter":[25.509,301.667,13.094],"sphereRadius":45.263,"stabilizedPalmPosition":[-16.2533,360.238,174.25],"t":[43.0356,-19.6159,-141.236],"timeVisible":0.41575,"type":"right","wrist":[17.9348,337.327,90.1989]}],"id":4206008,"interactionBox":{"center":[0,200,0],"size":[235.247,235.247,147.751]},"pointables":[{"bases":[[[0.603831,0.793793,0.072666],[-0.783136,0.573777,0.239746],[0.148615,-0.201673,0.968112]],[[0.479474,0.802654,-0.354756],[-0.87567,0.464098,-0.133474],[0.0575081,0.374647,0.925382]],[[0.479474,0.802654,-0.354756],[-0.855011,0.336238,-0.394841],[-0.197638,0.492636,0.847495]],[[0.479474,0.802654,-0.354756],[-0.472973,-0.104151,-0.874899],[-0.739189,0.587281,0.329696]]],"btipPosition":[9.31978,283.841,1.43501],"carpPosition":[-11.8422,333.071,84.2178],"dipPosition":[-7.9753,297.582,9.14903],"direction":[0.197638,-0.492636,-0.847495],"extended":false,"handId":600,"id":6000,"length":52.1025,"mcpPosition":[-11.8422,333.071,84.2178],"pipPosition":[-14.7121,314.374,38.0372],"stabilizedTipPosition":[-36.5533,310.475,117.814],"timeVisible":0.41575,"tipPosition":[4.75841,286.827,3.21762],"tipVelocity":[42.4727,-35.3791,-137.648],"tool":false,"touchDistance":-0.479111,"touchZone":"hovering","type":0,"width":20.2446},{"bases":[[[0.973418,-0.2082,0.0954499],[0.206758,0.978076,0.0248703],[-0.0985353,-0.00447414,0.995124]],[[0.948743,-0.206638,0.239141],[0.251203,0.952201,-0.173813],[-0.191794,0.224977,0.955301]],[[0.948743,-0.206638,0.239141],[0.272872,0.917328,-0.289915],[-0.159463,0.34031,0.926694]],[[0.948743,-0.206638,0.239141],[0.286388,0.882119,-0.373962],[-0.133676,0.423281,0.896083]]],"btipPosition":[24.1541,326.524,-72.4187],"carpPosition":[2.53256,351.311,79.5023],"dipPosition":[21.8708,333.754,-57.1127],"direction":[0.159463,-0.34031,-0.926694],"extended":true,"handId":600,"id":6001,"length":58.7918,"mcpPosition":[9.77983,351.64,6.31102],"pipPosition":[18.0175,341.977,-34.7201],"stabilizedTipPosition":[-17.0762,345.942,71.3592],"timeVisible":0.41575,"tipPosition":[23.4737,326.772,-68.3777],"tipVelocity":[32.1185,-39.4967,-174.426],"tool":false,"touchDistance":-0.545409,"touchZone":"hovering","type":1,"width":19.3376},{"bases":[[[0.90155,-0.370558,0.22337],[0.366136,0.928461,0.0624909],[-0.230546,0.0254449,0.972729]],[[0.89767,-0.370093,0.239205],[0.30824,0.139415,-0.941038],[0.314923,0.918474,0.239226]],[[0.89767,-0.370093,0.239205],[-0.195697,-0.821164,-0.536091],[0.39483,0.434421,-0.80956]],[[0.89767,-0.370093,0.239205],[-0.371524,-0.927525,-0.0408229],[0.236977,-0.0522251,-0.97011]]],"btipPosition":[0.0247755,293.04,41.9863],"carpPosition":[14.7963,350.443,80.121],"dipPosition":[4.47687,292.059,23.7609],"direction":[-0.39483,-0.434421,0.80956],"extended":false,"handId":600,"id":6002,"length":66.9886,"mcpPosition":[30.8768,348.668,12.2737],"pipPosition":[15.7014,304.409,0.746021],"stabilizedTipPosition":[-36.8776,312.208,148.732],"timeVisible":0.41575,"tipPosition":[1.08415,292.914,37.9894],"tipVelocity":[39.2317,-25.4011,-139.473],"tool":false,"touchDistance":0.333333,"touchZone":"none","type":2,"width":18.9921},{"bases":[[[0.827614,-0.431704,0.358729],[0.422076,0.899952,0.109267],[-0.37001,0.0609805,0.927024]],[[0.828565,-0.43186,0.356337],[0.415944,0.048749,-0.908083],[0.374794,0.900622,0.220021]],[[0.828565,-0.43186,0.356337],[-0.214408,-0.832662,-0.510591],[0.517212,0.346657,-0.782509]],[[0.828565,-0.43186,0.356337],[-0.44313,-0.894824,-0.0540958],[0.342221,-0.113082,-0.93279]]],"btipPosition":[12.047,295.193,53.3231],"carpPosition":[26.3333,346.729,82.1093],"dipPosition":[18.4394,293.081,35.8995],"direction":[-0.517212,-0.346657,0.782509],"extended":false,"handId":600,"id":6003,"length":64.4113,"mcpPosition":[49.5046,342.91,24.056],"pipPosition":[32.7634,302.682,14.2282],"stabilizedTipPosition":[-23.7951,310.976,157.944],"timeVisible":0.41575,"tipPosition":[13.6377,294.658,49.2574],"tipVelocity":[39.761,-19.8908,-143.088],"tool":false,"touchDistance":0.333333,"touchZone":"none","type":3,"width":18.0722},{"bases":[[[0.698035,-0.564469,0.440593],[0.511303,0.823678,0.2452],[-0.501315,0.0541183,0.863571]],[[0.623067,-0.551797,0.554353],[0.647442,-0.0338234,-0.761363],[0.438868,0.833292,0.336183]],[[0.623067,-0.551797,0.554353],[-0.195899,-0.796239,-0.572387],[0.757239,0.248039,-0.604207]],[[0.623067,-0.551797,0.554353],[-0.547268,-0.813911,-0.195056],[0.558825,-0.181847,-0.809102]]],"btipPosition":[24.4926,302.197,49.9312],"carpPosition":[35.3819,336.507,86.1192],"dipPosition":[34.1224,299.063,35.9886],"direction":[-0.757239,-0.248039,0.604207],"extended":false,"handId":600,"id":6004,"length":50.4973,"mcpPosition":[64.443,333.37,36.0582],"pipPosition":[48.9291,303.913,24.1742],"stabilizedTipPosition":[-18.026,320.684,174.259],"timeVisible":0.41575,"tipPosition":[26.8768,301.767,47.0553],"tipVelocity":[39.0777,-21.0323,-150.73],"tool":false,"touchDistance":0.333333,"touchZone":"none","type":4,"width":16.0532}],"r":[[0.976389,0.211545,-0.0437362],[-0.214598,0.973063,-0.0842392],[0.0247377,0.091636,0.995485]],"s":1.04438,"t":[43.0356,-19.6159,-141.236],"timestamp":522812190959},false],[5,{"currentFrameRate":107.628,"devices":[],"gestures":[],"hands":[{"armBasis":[[0.978059,-0.205605,-0.0335764],[0.207625,0.975249,0.0760303],[0.0171131,-0.0813334,0.99654]],"armWidth":63.703,"confidence":0.765827,"direction":[0.288192,0.11292,-0.950891],"elbow":[22.8141,315.51,358.194],"grabStrength":0,"id":600,"palmNormal":[-0.180341,-0.968853,-0.16971],"palmPosition":[25.8074,341.056,35.1596],"palmVelocity":[34.23,-14.8252,-153.482],"palmWidth":90.9658,"pinchStrength":0.707396,"r":[[0.97586,0.213611,-0.0454721],[-0.216911,0.97223,-0.0878601],[0.0254414,0.0956025,0.995094]],"s":1.04615,"sphereCenter":[26.0644,301.731,12.1414],"sphereRadius":45.3099,"stabilizedPalmPosition":[-16.247,360.235,174.229],"t":[43.2725,-19.647,-142.419],"timeVisible":0.424821,"type":"right","wrist":[18.1948,337.464,89.1996]}],"id":4206009,"interactionBox":{"center":[0,200,0],"size":[235.247,235.247,147.751]},"pointables":[{"bases":[[[0.595967,0.799917,0.0704046],[-0.788679,0.566587,0.238673],[0.151028,-0.197768,0.968544]],[[0.472468,0.806955,-0.354397],[-0.879743,0.456052,-0.134417],[0.0531551,0.375286,0.925384]],[[0.472468,0.806955,-0.354397],[-0.858806,0.331164,-0.390874],[-0.198054,0.489034,0.849483]],[[0.472468,0.806955,-0.354397],[-0.486794,-0.0962765,-0.868195],[-0.734714,0.582713,0.347334]]],"btipPosition":[9.74751,283.867,-0.020348],"carpPosition":[-11.5412,332.899,83.2429],"dipPosition":[-7.44287,297.501,8.10634],"direction":[0.198054,-0.489034,-0.849483],"extended":false,"handId":600,"id":6000,"length":52.1025,"mcpPosition":[-11.5412,332.899,83.2429],"pipPosition":[-14.1938,314.17,37.0622],"stabilizedTipPosition":[-36.5184,310.456,117.718],"timeVisible":0.424821,"tipPosition":[5.3628,286.782,2.03782],"tipVelocity":[44.5003,-25.5676,-141.056],"tool":false,"touchDistance":-0.47994,"touchZone":"hovering","type":0,"width":20.2446},{"bases":[[[0.975475,-0.198305,0.0955207],[0.197066,0.980136,0.0223318],[-0.0980518,-0.00296023,0.995177]],[[0.951004,-0.196645,0.238582],[0.240544,0.95539,-0.171371],[-0.19424,0.220364,0.955882]],[[0.951004,-0.196645,0.238582],[0.262802,0.920633,-0.288739],[-0.162867,0.337292,0.927205]],[[0.951004,-0.196645,0.238582],[0.276828,0.885218,-0.373838],[-0.137684,0.421568,0.896283]]],"btipPosition":[24.4918,326.671,-73.4904],"carpPosition":[2.65005,351.269,78.4753],"dipPosition":[22.1401,333.871,-58.181],"direction":[0.162867,-0.337292,-0.927205],"extended":true,"handId":600,"id":6001,"length":58.7918,"mcpPosition":[9.86176,351.487,5.28002],"pipPosition":[18.2045,342.022,-35.776],"stabilizedTipPosition":[-17.0736,345.941,71.3502],"timeVisible":0.424821,"tipPosition":[23.8061,326.914,-69.4555],"tipVelocity":[33.0514,-24.3201,-158.846],"tool":false,"touchDistance":-0.535265,"touchZone":"hovering","type":1,"width":19.3376},{"bases":[[[0.905276,-0.361046,0.223879],[0.356944,0.932197,0.0600027],[-0.230363,0.0255931,0.972768]],[[0.901399,-0.360581,0.239712],[0.306317,0.139769,-0.941613],[0.306023,0.922196,0.23644]],[[0.901399,-0.360581,0.239712],[-0.187648,-0.824247,-0.534234],[0.390216,0.436576,-0.810637]],[[0.901399,-0.360581,0.239712],[-0.362145,-0.931301,-0.0390988],[0.237342,-0.0515669,-0.970056]]],"btipPosition":[0.690903,292.858,41.1168],"carpPosition":[14.9221,350.524,79.0904],"dipPosition":[5.14985,291.889,22.8924],"direction":[-0.390216,-0.436576,0.810637],"extended":false,"handId":600,"id":6002,"length":66.9886,"mcpPosition":[30.9898,348.739,11.2404],"pipPosition":[16.2432,304.3,-0.153059],"stabilizedTipPosition":[-36.8547,312.196,148.665],"timeVisible":0.424821,"tipPosition":[1.75462,292.741,37.111],"tipVelocity":[48.7341,-23.8612,-127.409],"tool":false,"touchDistance":0.333333,"touchZone":"none","type":2,"width":18.9921},{"bases":[[[0.832008,-0.422584,0.359425],[0.413184,0.90436,0.106824],[-0.370191,0.0596306,0.92704]],[[0.832967,-0.422737,0.357014],[0.41485,0.0501668,-0.908506],[0.366149,0.904863,0.21716]],[[0.832967,-0.422737,0.357014],[-0.206293,-0.83596,-0.50854],[0.513429,0.349948,-0.783535]],[[0.832967,-0.422737,0.357014],[-0.434064,-0.899368,-0.0521976],[0.343153,-0.111488,-0.932639]]],"btipPosition":[12.6948,295.168,52.4489],"carpPosition":[26.4962,346.929,81.0827],"dipPosition":[19.1046,293.085,35.0281],"direction":[-0.513429,-0.349948,0.783535],"extended":false,"handId":600,"id":6003,"length":64.4113,"mcpPosition":[49.6788,343.195,23.0284],"pipPosition":[33.3238,302.777,13.3284],"stabilizedTipPosition":[-23.7778,310.968,157.894],"timeVisible":0.424821,"tipPosition":[14.2923,294.647,48.3785],"tipVelocity":[48.6312,-14.9664,-130.154],"tool":false,"touchDistance":0.333333,"touchZone":"none","type":3,"width":18.0722},{"bases":[[[0.703787,-0.55642,0.44168],[0.503222,0.829315,0.242906],[-0.50145,0.0513089,0.863664]],[[0.628599,-0.544176,0.55564],[0.647387,-0.0298013,-0.761579],[0.430992,0.838442,0.333559]],[[0.628599,-0.544176,0.55564],[-0.188082,-0.799598,-0.570323],[0.754645,0.253998,-0.604976]],[[0.628599,-0.544176,0.55564],[-0.538927,-0.81988,-0.193274],[0.560733,-0.177958,-0.808647]]],"btipPosition":[25.0622,302.294,49.0205],"carpPosition":[35.6474,336.807,85.1139],"dipPosition":[34.7248,299.228,35.0857],"direction":[-0.754645,-0.253998,0.604976],"extended":false,"handId":600,"id":6004,"length":50.4973,"mcpPosition":[64.7163,333.833,35.0475],"pipPosition":[49.4808,304.194,23.2563],"stabilizedTipPosition":[-18.0117,320.677,174.219],"timeVisible":0.424821,"tipPosition":[27.4552,301.878,46.1371],"tipVelocity":[45.8625,-11.774,-136.763],"tool":false,"touchDistance":0.333333,"touchZone":"none","type":4,"width":16.0532}],"r":[[0.97586,0.213611,-0.0454721],[-0.216911,0.97223,-0.0878601],[0.0254414,0.0956025,0.995094]],"s":1.04615,"t":[43.2725,-19.647,-142.419],"timestamp":522812200030},false],[6,{"currentFrameRate":107.779,"devices":[],"gestures":[],"hands":[{"armBasis":[[0.976858,-0.211075,-0.0345637],[0.213156,0.974073,0.0758003],[0.017668,-0.0814136,0.996524]],"armWidth":63.703,"confidence":0.767914,"direction":[0.286697,0.111348,-0.951528],"elbow":[23.4546,315.024,357.235],"grabStrength":0,"id":600,"palmNormal":[-0.186104,-0.967829,-0.169329],"palmPosition":[26.1975,340.551,34.1881],"palmVelocity":[36.7294,-26.1521,-140.958],"palmWidth":90.9658,"pinchStrength":0.704299,"r":[[0.97565,0.214173,-0.0473007],[-0.217721,0.971792,-0.0906516],[0.0265513,0.0987426,0.994759]],"s":1.048,"sphereCenter":[25.9793,301.41,11.0597],"sphereRadius":45.2967,"stabilizedPalmPosition":[-16.241,360.233,174.209],"t":[43.586,-19.915,-143.496],"timeVisible":0.433825,"type":"right","wrist":[18.6855,337,88.2449]}],"id":4206010,"interactionBox":{"center":[0,200,0],"size":[235.247,235.247,147.751]},"pointables":[{"bases":[[[0.600562,0.796588,0.0690944],[-0.784982,0.570956,0.240442],[0.152083,-0.198638,0.968201]],[[0.476727,0.804563,-0.354133],[-0.877279,0.461017,-0.133582],[0.0557862,0.374355,0.925606]],[[0.476727,0.804563,-0.354133],[-0.857632,0.337309,-0.388188],[-0.19287,0.488775,0.850823]],[[0.476727,0.804563,-0.354133],[-0.493802,-0.0881829,-0.865092],[-0.727249,0.587284,0.355255]]],"btipPosition":[9.71737,283.517,-1.151],"carpPosition":[-11.0886,332.6,82.3543],"dipPosition":[-7.29835,297.258,7.16104],"direction":[0.19287,-0.488775,-0.850823],"extended":false,"handId":600,"id":6000,"length":52.1025,"mcpPosition":[-11.0886,332.6,82.3543],"pipPosition":[-13.8726,313.918,36.1626],"stabilizedTipPosition":[-36.4892,310.44,117.638],"timeVisible":0.433825,"tipPosition":[5.40218,286.451,0.998531],"tipVelocity":[32.5827,-28.4807,-135.502],"tool":false,"touchDistance":-0.476599,"touchZone":"hovering","type":0,"width":20.2446},{"bases":[[[0.974567,-0.203731,0.0933432],[0.202563,0.979024,0.0219144],[-0.0958498,-0.00244914,0.995393]],[[0.950594,-0.201958,0.235763],[0.244078,0.955509,-0.165614],[-0.191827,0.214976,0.957595]],[[0.950594,-0.201958,0.235763],[0.266119,0.921191,-0.28388],[-0.159851,0.332595,0.929423]],[[0.950594,-0.201958,0.235763],[0.279947,0.885907,-0.369862],[-0.134168,0.41759,0.898676]]],"btipPosition":[24.6372,326.668,-74.5941],"carpPosition":[3.19388,350.891,77.5555],"dipPosition":[22.3454,333.801,-59.2437],"direction":[0.159851,-0.332595,-0.929423],"extended":true,"handId":600,"id":6001,"length":58.7918,"mcpPosition":[10.2436,351.071,4.34442],"pipPosition":[18.4828,341.838,-36.7852],"stabilizedTipPosition":[-17.0714,345.94,71.3425],"timeVisible":0.433825,"tipPosition":[23.9457,326.875,-70.5521],"tipVelocity":[28.8273,-18.1899,-148.595],"tool":false,"touchDistance":-0.526486,"touchZone":"hovering","type":1,"width":19.3376},{"bases":[[[0.90375,-0.366083,0.221853],[0.362256,0.930195,0.059228],[-0.228049,0.0268404,0.97328]],[[0.899905,-0.365596,0.237722],[0.305017,0.13809,-0.942282],[0.311667,0.920473,0.235781]],[[0.899905,-0.365596,0.237722],[-0.193054,-0.822785,-0.53456],[0.391027,0.43516,-0.811008]],[[0.899905,-0.365596,0.237722],[-0.367101,-0.929339,-0.0395706],[0.235391,-0.051658,-0.970527]]],"btipPosition":[0.812037,292.45,40.1852],"carpPosition":[15.4629,350.078,78.1433],"dipPosition":[5.23432,291.479,21.952],"direction":[-0.391027,-0.43516,0.811008],"extended":false,"handId":600,"id":6002,"length":66.9886,"mcpPosition":[31.3692,348.206,10.2577],"pipPosition":[16.3508,303.85,-1.10403],"stabilizedTipPosition":[-36.8325,312.185,148.601],"timeVisible":0.433825,"tipPosition":[1.87212,292.344,36.1773],"tipVelocity":[38.7857,-29.7623,-120.893],"tool":false,"touchDistance":0.333333,"touchZone":"none","type":2,"width":18.9921},{"bases":[[[0.830443,-0.427217,0.357561],[0.418445,0.902045,0.105923],[-0.367788,0.0616565,0.927863]],[[0.831479,-0.427389,0.354938],[0.41292,0.0480074,-0.909501],[0.371671,0.902792,0.216395]],[[0.831479,-0.427389,0.354938],[-0.211696,-0.834429,-0.508835],[0.513641,0.347947,-0.784287]],[[0.831479,-0.427389,0.354938],[-0.438738,-0.897085,-0.0524105],[0.340809,-0.112147,-0.93342]]],"btipPosition":[12.8606,294.691,51.4939],"carpPosition":[27.0213,346.419,80.1098],"dipPosition":[19.2266,292.596,34.0586],"direction":[-0.513641,-0.347947,0.784287],"extended":false,"handId":600,"id":6003,"length":64.4113,"mcpPosition":[50.0534,342.558,22.0039],"pipPosition":[33.4517,302.232,12.3381],"stabilizedTipPosition":[-23.7612,310.961,157.846],"timeVisible":0.433825,"tipPosition":[14.4467,294.183,47.4261],"tipVelocity":[40.0241,-25.4919,-123.638],"tool":false,"touchDistance":0.333333,"touchZone":"none","type":3,"width":18.0722},{"bases":[[[0.701663,-0.560341,0.440098],[0.508367,0.826495,0.241803],[-0.499231,0.0540672,0.86478]],[[0.626448,-0.547605,0.5547],[0.646031,-0.033414,-0.762579],[0.436127,0.836069,0.332838]],[[0.626448,-0.547605,0.5547],[-0.192144,-0.798172,-0.570966],[0.75541,0.251098,-0.605232]],[[0.626448,-0.547605,0.5547],[-0.542384,-0.817342,-0.19435],[0.559806,-0.17911,-0.809034]]],"btipPosition":[25.2307,301.734,47.9994],"carpPosition":[36.125,336.246,84.1203],"dipPosition":[34.8774,298.647,34.058],"direction":[-0.75541,-0.251098,0.605232],"extended":false,"handId":600,"id":6004,"length":50.4973,"mcpPosition":[65.0653,333.112,33.9892],"pipPosition":[49.6483,303.557,22.2235],"stabilizedTipPosition":[-17.9982,320.672,174.18],"timeVisible":0.433825,"tipPosition":[27.6276,301.321,45.1191],"tipVelocity":[38.2931,-25.7821,-130.393],"tool":false,"touchDistance":0.333333,"touchZone":"none","type":4,"width":16.0532}],"r":[[0.97565,0.214173,-0.0473007],[-0.217721,0.971792,-0.0906516],[0.0265513,0.0987426,0.994759]],"s":1.048,"t":[43.586,-19.915,-143.496],"timestamp":522812209034},false],[7,{"currentF