{"sensorType":"Leap","data":[[0,{"currentFrameRate":107.666,"devices":[],"gestures":[],"hands":[{"armBasis":[[0.988939,-0.140379,-0.0478898],[0.144534,0.984575,0.0985954],[0.0333104,-0.104426,0.993975]],"armWidth":63.703,"confidence":0.75869,"direction":[0.239895,0.0782082,-0.967643],"elbow":[13.5163,310.36,364.067],"grabStrength":0,"id":599,"palmNormal":[-0.14065,-0.983433,-0.114354],"palmPosition":[9.5482,339.769,41.3189],"palmVelocity":[54.6977,-0.497369,-118.565],"palmWidth":90.9658,"pinchStrength":0.596031,"r":[[0.974582,-0.217707,-0.0528549],[0.2171,0.976001,-0.0170431],[0.0552968,0.00513514,0.998457]],"s":0.98171,"sphereCenter":[12.5779,296.898,21.1041],"sphereRadius":46.2792,"stabilizedPalmPosition":[-9.07905,359.376,141.644],"t":[18.3638,-19.8529,-100.366],"timeVisible":0.424414,"type":"right","wrist":[4.52488,338.548,95.7656]}],"id":4205640,"interactionBox":{"center":[0,200,0],"size":[235.247,235.247,147.751]},"pointables":[{"bases":[[[0.559137,0.829066,0.00397013],[-0.803772,0.540892,0.247762],[0.203264,-0.141724,0.968813]],[[0.447559,0.824109,-0.347182],[-0.892673,0.434801,-0.118672],[0.0531565,0.363032,0.930259]],[[0.447559,0.824109,-0.347182],[-0.880112,0.337157,-0.334257],[-0.15841,0.455159,0.876206]],[[0.447559,0.824109,-0.347182],[-0.690786,0.0720592,-0.71946],[-0.567895,0.561829,0.601534]]],"btipPosition":[-9.15658,285.546,1.0659],"carpPosition":[-25.1907,332.323,91.4309],"dipPosition":[-22.4438,298.691,15.1402],"direction":[0.15841,-0.455159,-0.876206],"extended":false,"handId":599,"id":5990,"length":52.1025,"mcpPosition":[-25.1907,332.323,91.4309],"pipPosition":[-27.8435,314.206,45.007],"stabilizedTipPosition":[-22.1063,304.716,106.526],"timeVisible":0.424414,"tipPosition":[-12.6285,289.346,4.64366],"tipVelocity":[64.2313,-3.10282,-126.441],"tool":false,"touchDistance":-0.38197,"touchZone":"touching","type":0,"width":20.2446},{"bases":[[[0.987199,-0.148079,0.0592588],[0.15025,0.988063,-0.0340163],[-0.0535143,0.0424845,0.997663]],[[0.974322,-0.142149,0.174613],[0.179311,0.958898,-0.219914],[-0.136176,0.245577,0.959764]],[[0.974322,-0.142149,0.174613],[0.203462,0.887994,-0.412395],[-0.096434,0.437333,0.894114]],[[0.974322,-0.142149,0.174613],[0.21596,0.809389,-0.546123],[-0.0636992,0.569809,0.819304]]],"btipPosition":[1.07331,317.092,-65.0724],"carpPosition":[-12.1298,351.065,85.1284],"dipPosition":[-0.0147432,326.825,-51.0778],"direction":[0.096434,-0.437333,-0.894114],"extended":true,"handId":599,"id":5991,"length":58.7918,"mcpPosition":[-8.19385,347.94,11.7503],"pipPosition":[-2.34497,337.392,-29.4725],"stabilizedTipPosition":[-7.25816,345.367,30.6085],"timeVisible":0.424414,"tipPosition":[1.00588,319.755,-61.6847],"tipVelocity":[82.467,6.46657,-127.503],"tool":false,"touchDistance":-0.42807,"touchZone":"touching","type":1,"width":19.3376},{"bases":[[[0.930717,-0.307234,0.198427],[0.313774,0.949497,-0.00159644],[-0.187915,0.0637469,0.980114]],[[0.929281,-0.306747,0.205775],[0.25568,0.132126,-0.95769],[0.26658,0.942576,0.201211]],[[0.929281,-0.306747,0.205775],[-0.156593,-0.831717,-0.532659],[0.334538,0.462767,-0.820933]],[[0.929281,-0.306747,0.205775],[-0.305492,-0.95141,-0.0386559],[0.207634,-0.0269404,-0.977836]]],"btipPosition":[-12.9712,288.402,48.8551],"carpPosition":[0.179085,350.918,85.2046],"dipPosition":[-9.07034,287.896,30.4845],"direction":[-0.334538,-0.462767,0.820933],"extended":false,"handId":599,"id":5992,"length":66.9886,"mcpPosition":[13.286,346.472,16.8422],"pipPosition":[0.440188,301.052,7.14637],"stabilizedTipPosition":[-19.822,304.35,145.231],"timeVisible":0.424414,"tipPosition":[-12.092,288.419,45.1688],"tipVelocity":[53.6391,-1.6926,-128.275],"tool":false,"touchDistance":0.333333,"touchZone":"none","type":2,"width":18.9921},{"bases":[[[0.8666,-0.365201,0.340048],[0.373317,0.926668,0.0438291],[-0.331118,0.0889634,0.939386]],[[0.874357,-0.367247,0.317222],[0.359455,0.0509572,-0.93177],[0.326025,0.928727,0.176563]],[[0.874357,-0.367247,0.317222],[-0.174882,-0.848215,-0.499948],[0.452677,0.381657,-0.805867]],[[0.874357,-0.367247,0.317222],[-0.374796,-0.926274,-0.0392961],[0.308266,-0.0845348,-0.947537]]],"btipPosition":[-0.131462,291.92,60.1275],"carpPosition":[11.9904,347.966,86.8244],"dipPosition":[5.62664,290.341,42.4284],"direction":[-0.452677,-0.381657,0.805867],"extended":false,"handId":599,"id":5993,"length":64.4113,"mcpPosition":[32.7261,342.395,27.9969],"pipPosition":[18.1634,300.91,20.1103],"stabilizedTipPosition":[-9.19969,310.898,159.282],"timeVisible":0.424414,"tipPosition":[1.04422,291.778,56.5513],"tipVelocity":[51.6365,0.0452028,-119.051],"tool":false,"touchDistance":0.333333,"touchZone":"none","type":3,"width":18.0722},{"bases":[[[0.748777,-0.500509,0.434539],[0.47283,0.86278,0.179005],[-0.464504,0.0714285,0.882685]],[[0.742538,-0.499515,0.446231],[0.523198,0.0165813,-0.85205],[0.418213,0.866146,0.273658]],[[0.742538,-0.499515,0.446231],[-0.20397,-0.803201,-0.5597],[0.637992,0.32458,-0.698293]],[[0.742538,-0.499515,0.446231],[-0.487825,-0.859827,-0.150747],[0.458982,-0.105747,-0.88213]]],"btipPosition":[13.5494,299.208,58.9177],"carpPosition":[21.7902,338.492,90.9053],"dipPosition":[21.4586,297.386,43.7166],"direction":[-0.637992,-0.32458,0.698293],"extended":false,"handId":599,"id":5994,"length":50.4973,"mcpPosition":[48.7174,334.351,39.7362],"pipPosition":[33.9337,303.733,30.0625],"stabilizedTipPosition":[5.7977,320.195,154.426],"timeVisible":0.424414,"tipPosition":[15.5532,298.747,55.2683],"tipVelocity":[50.5815,-1.19072,-118.324],"tool":false,"touchDistance":0.333333,"touchZone":"none","type":4,"width":16.0532}],"r":[[0.974582,-0.217707,-0.0528549],[0.2171,0.976001,-0.0170431],[0.0552968,0.00513514,0.998457]],"s":0.98171,"t":[18.3638,-19.8529,-100.366],"timestamp":522807823027},false],[1,{"currentFrameRate":107.773,"devices":[],"gestures":[],"hands":[{"armBasis":[[0.988159,-0.145492,-0.0487154],[0.14978,0.983585,0.100635],[0.0332741,-0.10674,0.99373]],"armWidth":63.703,"confidence":0.758884,"direction":[0.244052,0.0812334,-0.966354],"elbow":[13.7815,309.521,363],"grabStrength":0,"id":599,"palmNormal":[-0.14512,-0.982206,-0.119216],"palmPosition":[10.0414,339.767,40.343],"palmVelocity":[54.5847,-0.422946,-115.482],"palmWidth":90.9658,"pinchStrength":0.591858,"r":[[0.974508,-0.218515,-0.0508542],[0.217975,0.975823,-0.0160079],[0.0531226,0.00451484,0.998578]],"s":0.982235,"sphereCenter":[12.6801,297.109,19.8871],"sphereRadius":46.1905,"stabilizedPalmPosition":[-9.073,359.37,141.612],"t":[18.8909,-19.8143,-101.402],"timeVisible":0.433498,"type":"right","wrist":[4.79991,338.333,94.764]}],"id":4205641,"interactionBox":{"center":[0,200,0],"size":[235.247,235.247,147.751]},"pointables":[{"bases":[[[0.563257,0.826224,0.00977723],[-0.802016,0.543831,0.24702],[0.198777,-0.146977,0.968961]],[[0.453035,0.823367,-0.341798],[-0.890152,0.438805,-0.1228],[0.0488736,0.359885,0.931716]],[[0.453035,0.823367,-0.341798],[-0.877121,0.343105,-0.336062],[-0.15943,0.452047,0.877631]],[[0.453035,0.823367,-0.341798],[-0.687474,0.078567,-0.721947],[-0.567573,0.562045,0.601637]]],"btipPosition":[-8.65422,285.757,-0.20176],"carpPosition":[-24.9293,332.276,90.2869],"dipPosition":[-21.9339,298.907,13.875],"direction":[0.15943,-0.452047,-0.877631],"extended":false,"handId":599,"id":5990,"length":52.1025,"mcpPosition":[-24.9293,332.276,90.2869],"pipPosition":[-27.3683,314.316,43.7903],"stabilizedTipPosition":[-22.0873,304.687,106.337],"timeVisible":0.433498,"tipPosition":[-12.1455,289.543,3.35441],"tipVelocity":[61.813,4.23218,-130.051],"tool":false,"touchDistance":-0.391113,"touchZone":"touching","type":0,"width":20.2446},{"bases":[[[0.986207,-0.153289,0.0624319],[0.155321,0.987435,-0.0290943],[-0.0571877,0.03839,0.997625]],[[0.972985,-0.147823,0.177336],[0.184963,0.958806,-0.215592],[-0.138161,0.242569,0.960246]],[[0.972985,-0.147823,0.177336],[0.209091,0.889899,-0.405415],[-0.0978814,0.431542,0.896767]],[[0.972985,-0.147823,0.177336],[0.221588,0.813544,-0.537629],[-0.0647966,0.562401,0.824322]]],"btipPosition":[1.86189,317.704,-66.251],"carpPosition":[-11.7504,350.98,84.1175],"dipPosition":[0.755097,327.31,-52.1707],"direction":[0.0978814,-0.431542,-0.896767],"extended":true,"handId":599,"id":5991,"length":58.7918,"mcpPosition":[-7.54426,348.156,10.7422],"pipPosition":[-1.61011,337.738,-30.5013],"stabilizedTipPosition":[-7.21483,345.242,30.1509],"timeVisible":0.433498,"tipPosition":[1.78598,320.283,-62.8242],"tipVelocity":[83.5377,22.4283,-127.524],"tool":false,"touchDistance":-0.43098,"touchZone":"touching","type":1,"width":19.3376},{"bases":[[[0.928389,-0.312765,0.20068],[0.318522,0.947908,0.00378911],[-0.191411,0.0604032,0.97965]],[[0.926849,-0.312279,0.208404],[0.259579,0.131997,-0.956658],[0.271236,0.940776,0.203403]],[[0.926849,-0.312279,0.208404],[-0.159546,-0.830105,-0.534295],[0.339846,0.461961,-0.819205]],[[0.926849,-0.312279,0.208404],[-0.310542,-0.949637,-0.0418697],[0.210983,-0.0259112,-0.977146]]],"btipPosition":[-12.7873,288.578,47.7559],"carpPosition":[0.557221,350.771,84.2407],"dipPosition":[-8.82358,288.091,29.3983],"direction":[-0.339846,-0.461961,0.819205],"extended":false,"handId":599,"id":5992,"length":66.9886,"mcpPosition":[13.908,346.558,15.9107],"pipPosition":[0.837841,301.224,6.10927],"stabilizedTipPosition":[-19.8206,304.348,145.212],"timeVisible":0.433498,"tipPosition":[-11.8843,288.558,43.9666],"tipVelocity":[44.8363,4.2845,-126.171],"tool":false,"touchDistance":0.333333,"touchZone":"none","type":2,"width":18.9921},{"bases":[[[0.863431,-0.371029,0.341795],[0.377773,0.924582,0.0493442],[-0.334326,0.0865158,0.938478]],[[0.871269,-0.373014,0.318985],[0.363324,0.0532209,-0.930141],[0.329979,0.926298,0.181895]],[[0.871269,-0.373014,0.318985],[-0.17718,-0.845135,-0.504336],[0.45771,0.382895,-0.80243]],[[0.871269,-0.373014,0.318985],[-0.379272,-0.9242,-0.0448033],[0.311518,-0.0819463,-0.9467]]],"btipPosition":[0.0495222,291.885,58.9043],"carpPosition":[12.3473,347.752,85.8933],"dipPosition":[5.86837,290.355,41.2208],"direction":[-0.45771,-0.382895,0.80243],"extended":false,"handId":599,"id":5993,"length":64.4113,"mcpPosition":[33.2839,342.334,27.1227],"pipPosition":[18.5445,300.959,18.9978],"stabilizedTipPosition":[-9.19782,310.895,159.263],"timeVisible":0.433498,"tipPosition":[1.23873,291.753,55.3304],"tipVelocity":[43.2855,-0.675189,-123.261],"tool":false,"touchDistance":0.333333,"touchZone":"none","type":3,"width":18.0722},{"bases":[[[0.744566,-0.506155,0.435234],[0.476438,0.859605,0.184622],[-0.467577,0.0698986,0.881184]],[[0.73808,-0.505149,0.447284],[0.527348,0.0183694,-0.849451],[0.420882,0.862837,0.279947]],[[0.73808,-0.505149,0.447284],[-0.204854,-0.799406,-0.564788],[0.642863,0.325231,-0.693507]],[[0.73808,-0.505149,0.447284],[-0.491075,-0.856798,-0.157299],[0.462691,-0.103551,-0.880451]]],"btipPosition":[13.7673,299.083,57.725],"carpPosition":[22.0836,338.211,89.9704],"dipPosition":[21.7405,297.299,42.5528],"direction":[-0.642863,-0.325231,0.693507],"extended":false,"handId":599,"id":5994,"length":50.4973,"mcpPosition":[49.1889,334.159,38.8884],"pipPosition":[34.3108,303.658,28.9923],"stabilizedTipPosition":[5.79896,320.192,154.413],"timeVisible":0.433498,"tipPosition":[15.7805,298.641,54.1081],"tipVelocity":[43.67,-4.40966,-121.712],"tool":false,"touchDistance":0.333333,"touchZone":"none","type":4,"width":16.0532}],"r":[[0.974508,-0.218515,-0.0508542],[0.217975,0.975823,-0.0160079],[0.0531226,0.00451484,0.998578]],"s":0.982235,"t":[18.8909,-19.8143,-101.402],"timestamp":522807832111},false],[2,{"currentFrameRate":107.918,"devices":[],"gestures":[],"hands":[{"armBasis":[[0.987448,-0.149842,-0.0499388],[0.154417,0.982319,0.10585],[0.033195,-0.112233,0.993127]],"armWidth":63.703,"confidence":0.732499,"direction":[0.247544,0.0784621,-0.965694],"elbow":[14.2195,308.295,361.396],"grabStrength":0,"id":599,"palmNormal":[-0.151192,-0.981377,-0.118492],"palmPosition":[10.677,339.924,38.9169],"palmVelocity":[58.9803,4.47971,-127.264],"palmWidth":90.9658,"pinchStrength":0.595305,"r":[[0.974186,-0.220452,-0.0486023],[0.219962,0.975389,-0.0152764],[0.0507738,0.00419136,0.998701]],"s":0.982479,"sphereCenter":[12.7039,297.443,18.419],"sphereRadius":46.0389,"stabilizedPalmPosition":[-9.06582,359.363,141.575],"t":[19.4723,-19.7166,-102.632],"timeVisible":0.442503,"type":"right","wrist":[5.25922,338.59,93.3232]}],"id":4205642,"interactionBox":{"center":[0,200,0],"size":[235.247,235.247,147.751]},"pointables":[{"bases":[[[0.568631,0.822525,0.0105269],[-0.799186,0.549375,0.243903],[0.194833,-0.147104,0.969742]],[[0.459099,0.819811,-0.342255],[-0.887277,0.442371,-0.130569],[0.0443614,0.363619,0.930491]],[[0.459099,0.819811,-0.342255],[-0.873768,0.347094,-0.340667],[-0.160488,0.455452,0.875675]],[[0.459099,0.819811,-0.342255],[-0.682436,0.0787912,-0.726687],[-0.568779,0.567188,0.595641]]],"btipPosition":[-7.93066,285.781,-1.45879],"carpPosition":[-24.4952,332.723,88.7619],"dipPosition":[-21.2386,299.052,12.4776],"direction":[0.160488,-0.455452,-0.875675],"extended":false,"handId":599,"id":5990,"length":52.1025,"mcpPosition":[-24.4952,332.723,88.7619],"pipPosition":[-26.7091,314.577,42.3264],"stabilizedTipPosition":[-22.0667,304.657,106.143],"timeVisible":0.442503,"tipPosition":[-11.4937,289.609,1.98469],"tipVelocity":[66.7077,4.64587,-133.657],"tool":false,"touchDistance":-0.399674,"touchZone":"touching","type":0,"width":20.2446},{"bases":[[[0.984985,-0.159674,0.0656489],[0.161882,0.98636,-0.0297917],[-0.0599966,0.0399718,0.997398]],[[0.971499,-0.154001,0.180203],[0.191941,0.957162,-0.216794],[-0.139097,0.245204,0.959441]],[[0.971499,-0.154001,0.180203],[0.215894,0.88873,-0.404412],[-0.0978718,0.43179,0.896648]],[[0.971499,-0.154001,0.180203],[0.228199,0.813326,-0.535187],[-0.0641443,0.561056,0.825289]]],"btipPosition":[2.67265,317.844,-67.7202],"carpPosition":[-11.175,351.332,82.6107],"dipPosition":[1.577,327.427,-53.6234],"direction":[0.0978718,-0.43179,-0.896648],"extended":true,"handId":599,"id":5991,"length":58.7918,"mcpPosition":[-6.7623,348.392,9.25209],"pipPosition":[-0.78797,337.861,-31.9568],"stabilizedTipPosition":[-7.16384,345.109,29.6502],"timeVisible":0.442503,"tipPosition":[2.59813,320.385,-64.2809],"tipVelocity":[85.4007,20.3748,-137.195],"tool":false,"touchDistance":-0.438196,"touchZone":"touching","type":1,"width":19.3376},{"bases":[[[0.925697,-0.318601,0.203908],[0.324719,0.945804,0.00364084],[-0.194017,0.0628424,0.978983]],[[0.924133,-0.318093,0.211647],[0.263398,0.129144,-0.956004],[0.276766,0.939222,0.203131]],[[0.924133,-0.318093,0.211647],[-0.163331,-0.829685,-0.533803],[0.3454,0.458737,-0.818694]],[[0.924133,-0.318093,0.211647],[-0.316631,-0.947632,-0.0417003],[0.213828,-0.0284775,-0.976456]]],"btipPosition":[-12.5101,288.895,46.3193],"carpPosition":[1.13052,351.043,82.7721],"dipPosition":[-8.49289,288.36,27.9747],"direction":[-0.3454,-0.458737,0.818694],"extended":false,"handId":599,"id":5992,"length":66.9886,"mcpPosition":[14.6631,346.66,14.4886],"pipPosition":[1.32641,301.401,4.70017],"stabilizedTipPosition":[-19.8193,304.345,145.196],"timeVisible":0.442503,"tipPosition":[-11.5953,288.864,42.5316],"tipVelocity":[41.3518,12.4262,-135.245],"tool":false,"touchDistance":0.333333,"touchZone":"none","type":2,"width":18.9921},{"bases":[[[0.859926,-0.376266,0.344892],[0.383676,0.922145,0.0494058],[-0.336631,0.0898414,0.937341]],[[0.867856,-0.378339,0.322001],[0.365983,0.0485493,-0.929354],[0.335979,0.924393,0.1806]],[[0.867856,-0.378339,0.322001],[-0.181822,-0.845038,-0.502844],[0.462348,0.37785,-0.802162]],[[0.867856,-0.378339,0.322001],[-0.385493,-0.921664,-0.0439413],[0.313401,-0.0859943,-0.945719]]],"btipPosition":[0.310325,292.174,57.5788],"carpPosition":[12.8954,347.949,84.4645],"dipPosition":[6.16435,290.568,39.9137],"direction":[-0.462348,-0.37785,0.802162],"extended":false,"handId":599,"id":5993,"length":64.4113,"mcpPosition":[33.9763,342.323,25.7651],"pipPosition":[18.9689,301.032,17.6981],"stabilizedTipPosition":[-9.19619,310.892,159.247],"timeVisible":0.442503,"tipPosition":[1.51625,292.002,53.9599],"tipVelocity":[39.5974,7.79379,-129.707],"tool":false,"touchDistance":0.333333,"touchZone":"none","type":3,"width":18.0722},{"bases":[[[0.739891,-0.510498,0.438125],[0.481497,0.856687,0.185064],[-0.469811,0.0740286,0.879658]],[[0.733352,-0.50943,0.450196],[0.530038,0.0137403,-0.847863],[0.425741,0.860403,0.280094]],[[0.733352,-0.50943,0.450196],[-0.208424,-0.798782,-0.564365],[0.647113,0.320046,-0.691965]],[[0.733352,-0.50943,0.450196],[-0.496238,-0.853741,-0.157718],[0.464697,-0.107741,-0.87889]]],"btipPosition":[14.0802,299.241,56.3638],"carpPosition":[22.5563,338.349,88.5829],"dipPosition":[22.0879,297.385,41.2186],"direction":[-0.647113,-0.320046,0.691965],"extended":false,"handId":599,"id":5994,"length":50.4973,"mcpPosition":[49.7912,334.058,37.5894],"pipPosition":[34.7413,303.643,27.6882],"stabilizedTipPosition":[5.80011,320.19,154.401],"timeVisible":0.442503,"tipPosition":[16.1006,298.781,52.753],"tipVelocity":[41.4613,1.12473,-129.613],"tool":false,"touchDistance":0.333333,"touchZone":"none","type":4,"width":16.0532}],"r":[[0.974186,-0.220452,-0.0486023],[0.219962,0.975389,-0.0152764],[0.0507738,0.00419136,0.998701]],"s":0.982479,"t":[19.4723,-19.7166,-102.632],"timestamp":522807841116},false],[3,{"currentFrameRate":107.978,"devices":[],"gestures":[],"hands":[{"armBasis":[[0.98691,-0.152816,-0.0515334],[0.157574,0.98176,0.106382],[0.0343366,-0.11311,0.992989]],"armWidth":63.703,"confidence":0.744957,"direction":[0.249648,0.0782626,-0.965169],"elbow":[15.0019,308.23,360.182],"grabStrength":0,"id":599,"palmNormal":[-0.154218,-0.980793,-0.119419],"palmPosition":[11.2596,340.112,37.751],"palmVelocity":[60.2836,8.9658,-127.3],"palmWidth":90.9658,"pinchStrength":0.597445,"r":[[0.973793,-0.222641,-0.0464584],[0.222202,0.974893,-0.0144766],[0.0485151,0.00377401,0.998815]],"s":0.982731,"sphereCenter":[12.9128,297.786,17.1581],"sphereRadius":45.9489,"stabilizedPalmPosition":[-9.05701,359.354,141.53],"t":[20.0543,-19.5735,-103.831],"timeVisible":0.451655,"type":"right","wrist":[5.73347,338.761,92.146]}],"id":4205643,"interactionBox":{"center":[0,200,0],"size":[235.247,235.247,147.751]},"pointables":[{"bases":[[[0.571334,0.820628,0.0121478],[-0.797825,0.551866,0.242734],[0.19249,-0.148374,0.970017]],[[0.462313,0.818439,-0.34121],[-0.885755,0.444171,-0.134723],[0.0412929,0.364513,0.930282]],[[0.462313,0.818439,-0.34121],[-0.871873,0.349458,-0.343097],[-0.161566,0.456111,0.875134]],[[0.462313,0.818439,-0.34121],[-0.679785,0.0800564,-0.729029],[-0.56935,0.568989,0.593374]]],"btipPosition":[-7.26372,285.945,-2.61471],"carpPosition":[-24.0315,332.996,87.524],"dipPosition":[-20.585,299.258,11.2687],"direction":[0.161566,-0.456111,-0.875134],"extended":false,"handId":599,"id":5990,"length":52.1025,"mcpPosition":[-24.0315,332.996,87.524],"pipPosition":[-26.0922,314.805,41.0989],"stabilizedTipPosition":[-22.0437,304.626,105.936],"timeVisible":0.451655,"tipPosition":[-10.8571,289.771,0.772806],"tipVelocity":[68.3314,8.63164,-131.98],"tool":false,"touchDistance":-0.405562,"touchZone":"touching","type":0,"width":20.2446},{"bases":[[[0.984322,-0.162983,0.0674255],[0.165209,0.985837,-0.0288407],[-0.0617699,0.0395279,0.997307]],[[0.9707,-0.15736,0.181602],[0.195559,0.956499,-0.216488],[-0.139635,0.245659,0.959246]],[[0.9707,-0.15736,0.181602],[0.219286,0.889134,-0.401689],[-0.0982587,0.429742,0.897589]],[[0.9707,-0.15736,0.181602],[0.231479,0.815177,-0.530946],[-0.0644881,0.557426,0.827718]]],"btipPosition":[3.37854,318.201,-68.9697],"carpPosition":[-10.638,351.565,81.4104],"dipPosition":[2.27702,327.722,-54.8314],"direction":[0.0982587,-0.429742,-0.897589],"extended":true,"handId":599,"id":5991,"length":58.7918,"mcpPosition":[-6.09477,348.658,8.05848],"pipPosition":[-0.0972985,338.107,-33.1421],"stabilizedTipPosition":[-7.1043,344.966,29.0983],"timeVisible":0.451655,"tipPosition":[3.29991,320.692,-65.5094],"tipVelocity":[83.0561,25.139,-136.718],"tool":false,"touchDistance":-0.441309,"touchZone":"touching","type":1,"width":19.3376},{"bases":[[[0.924244,-0.321801,0.205468],[0.327846,0.944719,0.00487623],[-0.195678,0.0628549,0.978652]],[[0.922641,-0.321286,0.213328],[0.26585,0.129127,-0.955327],[0.279387,0.938137,0.204551]],[[0.922641,-0.321286,0.213328],[-0.164902,-0.828691,-0.534862],[0.348626,0.458308,-0.817566]],[[0.922641,-0.321286,0.213328],[-0.319652,-0.946555,-0.0430831],[0.215768,-0.0284402,-0.97603]]],"btipPosition":[-12.1129,289.149,45.057],"carpPosition":[1.66626,351.235,81.5951],"dipPosition":[-8.0593,288.615,26.7203],"direction":[-0.348626,-0.458308,0.817566],"extended":false,"handId":599,"id":5992,"length":66.9886,"mcpPosition":[15.3147,346.851,13.3347],"pipPosition":[1.85174,301.644,3.47788],"stabilizedTipPosition":[-19.818,304.343,145.181],"timeVisible":0.451655,"tipPosition":[-11.1894,289.119,41.2699],"tipVelocity":[42.1758,16.7198,-135.937],"tool":false,"touchDistance":0.333333,"touchZone":"none","type":2,"width":18.9921},{"bases":[[[0.858013,-0.379339,0.346289],[0.386636,0.920835,0.0507383],[-0.338122,0.0903537,0.936755]],[[0.866022,-0.381435,0.323286],[0.367058,0.0459533,-0.929062],[0.33952,0.923253,0.179805]],[[0.866022,-0.381435,0.323286],[-0.184741,-0.844909,-0.501995],[0.464625,0.375014,-0.802177]],[[0.866022,-0.381435,0.323286],[-0.388972,-0.920211,-0.0437449],[0.314177,-0.0878649,-0.94529]]],"btipPosition":[0.690112,292.458,56.4868],"carpPosition":[13.4175,348.101,83.3079],"dipPosition":[6.55862,290.817,38.8297],"direction":[-0.464625,-0.375014,0.802177],"extended":false,"handId":599,"id":5993,"length":64.4113,"mcpPosition":[34.5918,342.442,24.6453],"pipPosition":[19.4262,301.203,16.6138],"stabilizedTipPosition":[-9.19464,310.89,159.233],"timeVisible":0.451655,"tipPosition":[1.91195,292.243,52.7983],"tipVelocity":[40.2281,14.0203,-126.756],"tool":false,"touchDistance":0.333333,"touchZone":"none","type":3,"width":18.0722},{"bases":[[[0.737355,-0.513231,0.439205],[0.483981,0.854965,0.186541],[-0.471243,0.0750199,0.878807]],[[0.730818,-0.512154,0.451225],[0.531451,0.0121165,-0.847003],[0.428328,0.858808,0.281039]],[[0.730818,-0.512154,0.451225],[-0.210254,-0.797832,-0.565029],[0.649383,0.318061,-0.690753]],[[0.730818,-0.512154,0.451225],[-0.498843,-0.85197,-0.15907],[0.465898,-0.108839,-0.878119]]],"btipPosition":[14.4891,299.415,55.1983],"carpPosition":[23.0387,338.466,87.4386],"dipPosition":[22.5175,297.54,40.0664],"direction":[-0.649383,-0.318061,0.690753],"extended":false,"handId":599,"id":5994,"length":50.4973,"mcpPosition":[50.3566,334.117,36.4944],"pipPosition":[35.2153,303.759,26.5597],"stabilizedTipPosition":[5.80123,320.188,154.39],"timeVisible":0.451655,"tipPosition":[16.5129,298.947,51.5857],"tipVelocity":[42.5011,5.96231,-128.888],"tool":false,"touchDistance":0.333333,"touchZone":"none","type":4,"width":16.0532}],"r":[[0.973793,-0.222641,-0.0464584],[0.222202,0.974893,-0.0144766],[0.0485151,0.00377401,0.998815]],"s":0.982731,"t":[20.0543,-19.5735,-103.831],"timestamp":522807850268},false],[4,{"currentFrameRate":108.156,"devices":[],"gestures":[],"hands":[{"armBasis":[[0.986307,-0.156544,-0.0518892],[0.161351,0.981057,0.107206],[0.0341238,-0.114111,0.992882]],"armWidth":63.703,"confidence":0.7489,"direction":[0.251854,0.0762868,-0.964754],"elbow":[15.3744,308.162,358.947],"grabStrength":0,"id":599,"palmNormal":[-0.158327,-0.980209,-0.118841],"palmPosition":[11.8005,340.241,36.5553],"palmVelocity":[60.3739,10.4713,-129.128],"palmWidth":90.9658,"pinchStrength":0.599232,"r":[[0.973289,-0.225262,-0.0443282],[0.22486,0.974292,-0.0139211],[0.0463245,0.00358156,0.99892]],"s":0.982855,"sphereCenter":[13.0271,298.044,15.9295],"sphereRadius":45.8483,"stabilizedPalmPosition":[-9.04696,359.345,141.479],"t":[20.6157,-19.4373,-105.028],"timeVisible":0.460578,"type":"right","wrist":[6.16348,338.964,90.9406]}],"id":4205644,"interactionBox":{"center":[0,200,0],"size":[235.247,235.247,147.751]},"pointables":[{"bases":[[[0.574936,0.818102,0.0125191],[-0.795841,0.555609,0.240698],[0.18996,-0.148349,0.970519]],[[0.466458,0.816024,-0.341353],[-0.883713,0.44664,-0.139874],[0.0383215,0.366903,0.929469]],[[0.466458,0.816024,-0.341353],[-0.869322,0.351637,-0.347318],[-0.163388,0.458755,0.873412]],[[0.466458,0.816024,-0.341353],[-0.677442,0.0814321,-0.731055],[-0.568761,0.572253,0.590793]]],"btipPosition":[-6.65333,285.99,-3.7128],"carpPosition":[-23.6178,333.326,86.2663],"dipPosition":[-19.9608,299.379,10.1102],"direction":[0.163388,-0.458755,-0.873412],"extended":false,"handId":599,"id":5990,"length":52.1025,"mcpPosition":[-23.6178,333.326,86.2663],"pipPosition":[-25.5302,315.016,39.8818],"stabilizedTipPosition":[-22.0189,304.595,105.722],"timeVisible":0.460578,"tipPosition":[-10.2832,289.828,-0.38383],"tipVelocity":[68.4484,8.17789,-129.973],"tool":false,"touchDistance":-0.410019,"touchZone":"touching","type":0,"width":20.2446},{"bases":[[[0.983459,-0.167275,0.0694739],[0.169626,0.98507,-0.0294021],[-0.0635184,0.0407003,0.99715]],[[0.969695,-0.161507,0.183321],[0.200227,0.955305,-0.217491],[-0.140001,0.247606,0.958692]],[[0.969695,-0.161507,0.183321],[0.223737,0.88845,-0.400748],[-0.0981481,0.429619,0.897661]],[[0.969695,-0.161507,0.183321],[0.235764,0.815387,-0.528733],[-0.0640837,0.555931,0.828755]]],"btipPosition":[4.02086,318.325,-70.2022],"carpPosition":[-10.1304,351.831,80.162],"dipPosition":[2.92624,327.821,-56.0462],"direction":[0.0981481,-0.429619,-0.897661],"extended":true,"handId":599,"id":5991,"length":58.7918,"mcpPosition":[-5.45859,348.837,6.82161],"pipPosition":[0.554596,338.202,-34.3551],"stabilizedTipPosition":[-7.04078,344.823,28.5372],"timeVisible":0.460578,"tipPosition":[3.9421,320.782,-66.7308],"tipVelocity":[80.0865,21.8978,-136.978],"tool":false,"touchDistance":-0.443938,"touchZone":"touching","type":1,"width":19.3376},{"bases":[[[0.922413,-0.325702,0.207541],[0.332014,0.943263,0.00466596],[-0.197286,0.0646027,0.978215]],[[0.920794,-0.325171,0.215414],[0.268276,0.127081,-0.954923],[0.283138,0.937078,0.204251]],[[0.920794,-0.325171,0.215414],[-0.167531,-0.828443,-0.534431],[0.352239,0.456012,-0.817301]],[[0.920794,-0.325171,0.215414],[-0.323756,-0.94517,-0.0428442],[0.217535,-0.0302909,-0.975582]]],"btipPosition":[-11.8119,289.39,43.8617],"carpPosition":[2.17188,351.446,80.3708],"dipPosition":[-7.72504,288.821,25.5334],"direction":[-0.352239,-0.456012,0.817301],"extended":false,"handId":599,"id":5992,"length":66.9886,"mcpPosition":[15.9324,346.94,12.1408],"pipPosition":[2.28872,301.784,2.29849],"stabilizedTipPosition":[-19.8169,304.341,145.168],"timeVisible":0.460578,"tipPosition":[-10.881,289.351,40.0749],"tipVelocity":[40.1099,19.2608,-135.34],"tool":false,"touchDistance":0.333333,"touchZone":"none","type":2,"width":18.9921},{"bases":[[[0.855656,-0.382819,0.348285],[0.390609,0.919161,0.0506629],[-0.339525,0.0926936,0.936018]],[[0.8637,-0.384971,0.3253],[0.368967,0.0432678,-0.928435],[0.343345,0.921914,0.179412]],[[0.8637,-0.384971,0.3253],[-0.187619,-0.844623,-0.501408],[0.467784,0.372034,-0.801729]],[[0.8637,-0.384971,0.3253],[-0.393016,-0.918503,-0.043495],[0.315534,-0.0902815,-0.94461]]],"btipPosition":[0.982652,292.66,55.3266],"carpPosition":[13.9058,348.261,82.1091],"dipPosition":[6.87651,290.974,37.6822],"direction":[-0.467784,-0.372034,0.801729],"extended":false,"handId":599,"id":5993,"length":64.4113,"mcpPosition":[35.168,342.457,23.4926],"pipPosition":[19.8316,301.277,15.4786],"stabilizedTipPosition":[-9.19325,310.887,159.22],"timeVisible":0.460578,"tipPosition":[2.21354,292.429,51.628],"tipVelocity":[38.3773,16.0431,-127.558],"tool":false,"touchDistance":0.333333,"touchZone":"none","type":3,"width":18.0722},{"bases":[[[0.734228,-0.516092,0.441088],[0.487399,0.852984,0.186712],[-0.472601,0.0778967,0.877827]],[[0.727571,-0.514957,0.453277],[0.532789,0.00791166,-0.846211],[0.432176,0.85718,0.28012]],[[0.727571,-0.514957,0.453277],[-0.213302,-0.79778,-0.563959],[0.652029,0.313635,-0.690283]],[[0.727571,-0.514957,0.453277],[-0.502606,-0.849822,-0.158711],[0.466934,-0.112346,-0.877127]]],"btipPosition":[14.7997,299.575,54.0897],"carpPosition":[23.4763,338.588,86.267],"dipPosition":[22.846,297.639,38.9749],"direction":[-0.652029,-0.313635,0.690283],"extended":false,"handId":599,"id":5994,"length":50.4973,"mcpPosition":[50.8729,334.073,35.3796],"pipPosition":[35.5956,303.772,25.4774],"stabilizedTipPosition":[5.80225,320.186,154.381],"timeVisible":0.460578,"tipPosition":[16.8287,299.084,50.4685],"tipVelocity":[40.5323,8.79418,-127.5],"tool":false,"touchDistance":0.333333,"touchZone":"none","type":4,"width":16.0532}],"r":[[0.973289,-0.225262,-0.0443282],[0.22486,0.974292,-0.0139211],[0.0463245,0.00358156,0.99892]],"s":0.982855,"t":[20.6157,-19.4373,-105.028],"timestamp":522807859191},false],[5,{"currentFrameRate":108.127,"devices":[],"gestures":[],"hands":[{"armBasis":[[0.986088,-0.157226,-0.0539479],[0.162207,0.98109,0.105601],[0.0363245,-0.112882,0.992944]],"armWidth":63.703,"confidence":0.751232,"direction":[0.253954,0.0763233,-0.9642],"elbow":[16.1874,308.61,358.123],"grabStrength":0,"id":599,"palmNormal":[-0.158603,-0.980102,-0.119355],"palmPosition":[12.1362,340.364,35.7264],"palmVelocity":[53.5181,11.2415,-117.826],"palmWidth":90.9658,"pinchStrength":0.602384,"r":[[0.972871,-0.227462,-0.0422177],[0.227096,0.973781,-0.0133409],[0.0441453,0.00339149,0.999019]],"s":0.982698,"sphereCenter":[13.1132,298.321,15.0219],"sphereRadius":45.747,"stabilizedPalmPosition":[-9.03536,359.335,141.421],"t":[21.0643,-19.3078,-106.041],"timeVisible":0.46988,"type":"right","wrist":[6.38243,339.08,90.0994]}],"id":4205645,"interactionBox":{"center":[0,200,0],"size":[235.247,235.247,147.751]},"pointables":[{"bases":[[[0.575351,0.817789,0.0138939],[-0.796053,0.555996,0.239099],[0.187807,-0.148626,0.970896]],[[0.46743,0.815751,-0.340676],[-0.883365,0.445948,-0.144211],[0.0342832,0.36835,0.929055]],[[0.46743,0.815751,-0.340676],[-0.867996,0.350441,-0.351815],[-0.167607,0.460155,0.871875]],[[0.46743,0.815751,-0.340676],[-0.672713,0.0781988,-0.735759],[-0.573556,0.573093,0.585319]]],"btipPosition":[-5.96986,285.983,-4.41741],"carpPosition":[-23.3918,333.459,85.3605],"dipPosition":[-19.3895,299.392,9.27751],"direction":[0.167607,-0.460155,-0.871875],"extended":false,"handId":599,"id":5990,"length":52.1025,"mcpPosition":[-23.3918,333.459,85.3605],"pipPosition":[-25.1027,315.077,38.9967],"stabilizedTipPosition":[-21.9883,304.559,105.469],"timeVisible":0.46988,"tipPosition":[-9.67509,289.815,-1.18476],"tipVelocity":[69.0848,5.80812,-115.557],"tool":false,"touchDistance":-0.408361,"touchZone":"touching","type":0,"width":20.2446},{"bases":[[[0.983218,-0.16782,0.0715431],[0.170221,0.984983,-0.0288623],[-0.065625,0.0405561,0.99702]],[[0.969269,-0.162083,0.18506],[0.201205,0.955149,-0.217273],[-0.141543,0.247831,0.958408]],[[0.969269,-0.162083,0.18506],[0.224835,0.888954,-0.399011],[-0.0998367,0.428357,0.898077]],[[0.969269,-0.162083,0.18506],[0.237016,0.816769,-0.526033],[-0.0658901,0.55373,0.830085]]],"btipPosition":[4.56266,318.521,-71.0868],"carpPosition":[-9.88141,351.957,79.2884],"dipPosition":[3.43719,327.979,-56.9081],"direction":[0.0998367,-0.428357,-0.898077],"extended":true,"handId":599,"id":5991,"length":58.7918,"mcpPosition":[-5.05469,348.974,5.95757],"pipPosition":[1.02474,338.33,-35.207],"stabilizedTipPosition":[-6.96978,344.672,27.9341],"timeVisible":0.46988,"tipPosition":[4.47498,320.944,-67.6048],"tipVelocity":[73.7042,21.3981,-124.994],"tool":false,"touchDistance":-0.441068,"touchZone":"touching","type":1,"width":19.3376},{"bases":[[[0.921791,-0.326238,0.209451],[0.332513,0.943082,0.00554482],[-0.199339,0.0645342,0.977803]],[[0.920141,-0.325703,0.21739],[0.270401,0.126932,-0.954343],[0.283239,0.936913,0.204866]],[[0.920141,-0.325703,0.21739],[-0.166871,-0.828358,-0.534768],[0.354253,0.455786,-0.816556]],[[0.920141,-0.325703,0.21739],[-0.324207,-0.944983,-0.0435491],[0.219614,-0.0304083,-0.975113]]],"btipPosition":[-11.5215,289.531,42.9833],"carpPosition":[2.42016,351.566,79.5233],"dipPosition":[-7.39564,288.96,24.6639],"direction":[-0.354253,-0.455786,0.816556],"extended":false,"handId":599,"id":5992,"length":66.9886,"mcpPosition":[16.3239,347.065,11.3221],"pipPosition":[2.67534,301.917,1.45013],"stabilizedTipPosition":[-19.8158,304.339,145.155],"timeVisible":0.46988,"tipPosition":[-10.5815,289.488,39.1878],"tipVelocity":[37.8701,18.1013,-123.726],"tool":false,"touchDistance":0.333333,"touchZone":"none","type":2,"width":18.9921},{"bases":[[[0.854703,-0.383345,0.350042],[0.390998,0.918941,0.0516624],[-0.341473,0.0927097,0.935308]],[[0.862809,-0.3855,0.327033],[0.37119,0.0439358,-0.927517],[0.343189,0.921661,0.181002]],[[0.862809,-0.3855,0.327033],[-0.186652,-0.844129,-0.502601],[0.46981,0.372608,-0.800276]],[[0.862809,-0.3855,0.327033],[-0.393251,-0.918329,-0.0449973],[0.31767,-0.0897818,-0.943941]]],"btipPosition":[1.25833,292.758,54.4244],"carpPosition":[14.1487,348.375,81.2862],"dipPosition":[7.1921,291.081,36.7925],"direction":[-0.46981,-0.372608,0.800276],"extended":false,"handId":599,"id":5993,"length":64.4113,"mcpPosition":[35.5328,342.569,22.7141],"pipPosition":[20.2033,301.401,14.6291],"stabilizedTipPosition":[-9.19191,310.885,159.207],"timeVisible":0.46988,"tipPosition":[2.49921,292.535,50.7332],"tipVelocity":[36.188,14.5692,-118.841],"tool":false,"touchDistance":0.333333,"touchZone":"none","type":3,"width":18.0722},{"bases":[[[0.733005,-0.516569,0.442561],[0.487461,0.852686,0.187906],[-0.474432,0.0779953,0.87683]],[[0.726332,-0.515433,0.454721],[0.534389,0.00739463,-0.845206],[0.432285,0.856898,0.280813]],[[0.726332,-0.515433,0.454721],[-0.212785,-0.797679,-0.564297],[0.653578,0.313109,-0.689056]],[[0.726332,-0.515433,0.454721],[-0.502825,-0.849498,-0.15975],[0.468625,-0.112613,-0.87619]]],"btipPosition":[15.0713,299.702,53.2786],"carpPosition":[23.705,338.696,85.4627],"dipPosition":[23.1467,297.761,38.1799],"direction":[-0.653578,-0.313109,0.689056],"extended":false,"handId":599,"id":5994,"length":50.4973,"mcpPosition":[51.2077,334.175,34.6331],"pipPosition":[35.9265,303.883,24.7064],"stabilizedTipPosition":[5.80326,320.184,154.371],"timeVisible":0.46988,"tipPosition":[17.1055,299.207,49.6573],"tipVelocity":[37.5336,10.1244,-116.009],"tool":false,"touchDistance":0.333333,"touchZone":"none","type":4,"width":16.0532}],"r":[[0.972871,-0.227462,-0.0422177],[0.227096,0.973781,-0.0133409],[0.0441453,0.00339149,0.999019]],"s":0.982698,"t":[21.0643,-19.3078,-106.041],"timestamp":522807868493},false],[6,{"currentFrameRate":108.363,"devices":[],"gestures":[],"hands":[{"armBasis":[[0.986406,-0.156312,-0.0506961],[0.160939,0.981267,0.10589],[0.0331946,-0.112609,0.993085]],"armWidth":63.703,"confidence":0.754382,"direction":[0.254313,0.0751958,-0.964194],"elbow":[15.78,309.065,357.094],"grabStrength":0,"id":599,"palmNormal":[-0.157743,-0.980397,-0.118065],"palmPosition":[12.5963,340.674,34.66],"palmVelocity":[53.1848,17.7093,-118.727],"palmWidth":90.9658,"pinchStrength":0.603347,"r":[[0.972571,-0.229072,-0.0403822],[0.228723,0.973403,-0.0131231],[0.0423143,0.00352683,0.999098]],"s":0.982512,"sphereCenter":[13.4659,298.685,13.9772],"sphereRadius":45.695,"stabilizedPalmPosition":[-9.02313,359.324,141.361],"t":[21.5187,-19.0879,-107.081],"timeVisible":0.478681,"type":"right","wrist":[6.81984,339.461,89.0322]}],"id":4205646,"interactionBox":{"center":[0,200,0],"size":[235.247,235.247,147.751]},"pointables":[{"bases":[[[0.57467,0.818282,0.0130106],[-0.796615,0.55567,0.23798],[0.187505,-0.147125,0.971183]],[[0.467,0.815702,-0.34138],[-0.883668,0.444596,-0.146509],[0.0322688,0.370087,0.928437]],[[0.467,0.815702,-0.34138],[-0.867692,0.348348,-0.354631],[-0.170354,0.461826,0.870457]],[[0.467,0.815702,-0.34138],[-0.670147,0.0746104,-0.738469],[-0.5769,0.57364,0.581483]]],"btipPosition":[-5.25329,286.176,-5.32088],"carpPosition":[-22.9477,333.809,84.2881],"dipPosition":[-18.7512,299.598,8.28429],"direction":[0.170354,-0.461826,-0.870457],"extended":false,"handId":599,"id":5990,"length":52.1025,"mcpPosition":[-22.9477,333.809,84.2881],"pipPosition":[-24.558,315.34,37.9551],"stabilizedTipPosition":[-21.9531,304.519,105.191],"timeVisible":0.478681,"tipPosition":[-9.00285,289.979,-2.14459],"tipVelocity":[71.8568,10.2507,-112.713],"tool":false,"touchDistance":-0.40972,"touchZone":"touching","type":0,"width":20.2446},{"bases":[[[0.983325,-0.16691,0.0722044],[0.169422,0.985082,-0.0301541],[-0.0660943,0.0418843,0.996934]],[[0.969357,-0.161039,0.185508],[0.200516,0.954946,-0.218794],[-0.141916,0.249287,0.957975]],[[0.969357,-0.161039,0.185508],[0.224123,0.888934,-0.399455],[-0.100577,0.428792,0.897787]],[[0.969357,-0.161039,0.185508],[0.236365,0.817146,-0.525742],[-0.0669222,0.553479,0.83017]]],"btipPosition":[5.08022,318.707,-72.1485],"carpPosition":[-9.44987,352.31,78.1962],"dipPosition":[3.93711,328.161,-57.9683],"direction":[0.100577,-0.428792,-0.897787],"extended":true,"handId":599,"id":5991,"length":58.7918,"mcpPosition":[-4.58864,349.229,4.87175],"pipPosition":[1.50679,338.522,-36.2742],"stabilizedTipPosition":[-6.90019,344.531,27.3625],"timeVisible":0.478681,"tipPosition":[4.98689,321.113,-68.6644],"tipVelocity":[69.5665,21.2964,-123.809],"tool":false,"touchDistance":-0.441215,"touchZone":"touching","type":1,"width":19.3376},{"bases":[[[0.921968,-0.325187,0.210306],[0.331734,0.943363,0.00438185],[-0.199819,0.0657255,0.977626]],[[0.920301,-0.324638,0.218305],[0.270622,0.125316,-0.954494],[0.282508,0.9375,0.203183]],[[0.920301,-0.324638,0.218305],[-0.166122,-0.829503,-0.533225],[0.35419,0.454462,-0.817321]],[[0.920301,-0.324638,0.218305],[-0.323498,-0.945297,-0.0419777],[0.219991,-0.0319892,-0.974977]]],"btipPosition":[-11.0263,289.85,42.0097],"carpPosition":[2.8519,351.929,78.4371],"dipPosition":[-6.89337,289.249,23.6929],"direction":[-0.35419,-0.454462,0.817321],"extended":false,"handId":599,"id":5992,"length":66.9886,"mcpPosition":[16.7892,347.345,10.2483],"pipPosition":[3.17583,302.169,0.457378],"stabilizedTipPosition":[-19.8146,304.337,145.142],"timeVisible":0.478681,"tipPosition":[-10.0831,289.792,38.1908],"tipVelocity":[42.876,22.7768,-120.177],"tool":false,"touchDistance":0.333333,"touchZone":"none","type":2,"width":18.9921},{"bases":[[[0.854866,-0.382154,0.350946],[0.390217,0.919334,0.0505584],[-0.341958,0.0937247,0.93503]],[[0.863002,-0.384339,0.327888],[0.371248,0.0422772,-0.927571],[0.34264,0.922223,0.179171]],[[0.863002,-0.384339,0.327888],[-0.186124,-0.845255,-0.5009],[0.469665,0.37125,-0.800992]],[[0.863002,-0.384339,0.327888],[-0.392662,-0.918661,-0.0433358],[0.317874,-0.0913502,-0.943722]]],"btipPosition":[1.74711,293.112,53.4626],"carpPosition":[14.5823,348.75,80.2095],"dipPosition":[7.68468,291.405,35.8348],"direction":[-0.469665,-0.37125,0.800992],"extended":false,"handId":599,"id":5993,"length":64.4113,"mcpPosition":[35.9968,342.881,21.6548],"pipPosition":[20.6919,301.687,13.6517],"stabilizedTipPosition":[-9.19057,310.883,159.195],"timeVisible":0.478681,"tipPosition":[2.99384,292.868,49.7444],"tipVelocity":[41.4276,21.2516,-116.235],"tool":false,"touchDistance":0.333333,"touchZone":"none","type":3,"width":18.0722},{"bases":[[[0.733237,-0.51535,0.443597],[0.486675,0.853348,0.186936],[-0.47488,0.0788196,0.876514]],[[0.726544,-0.514201,0.455776],[0.53478,0.00666359,-0.844965],[0.431444,0.857644,0.279826]],[[0.726544,-0.514201,0.455776],[-0.211825,-0.79862,-0.563327],[0.653655,0.312737,-0.689153]],[[0.726544,-0.514201,0.455776],[-0.502014,-0.850143,-0.15887],[0.469166,-0.11338,-0.875802]]],"btipPosition":[15.5559,300.037,52.2679],"carpPosition":[24.1447,339.085,84.4036],"dipPosition":[23.6406,298.083,37.1759],"direction":[-0.653655,-0.312737,0.689153],"extended":false,"handId":599,"id":5994,"length":50.4973,"mcpPosition":[51.6734,334.516,33.5923],"pipPosition":[36.4219,304.198,23.7005],"stabilizedTipPosition":[5.8043,320.182,154.362],"timeVisible":0.478681,"tipPosition":[17.5915,299.54,48.6501],"tipVelocity":[42.3212,17.5603,-115.647],"tool":false,"touchDistance":0.333333,"touchZone":"none","type":4,"width":16.0532}],"r":[[0.972571,-0.229072,-0.0403822],[0.228723,0.973403,-0.0131231],[0.0423143,0.00352683,0.999098]],"s":0.982512,"t":[21.5187,-19.0879,