{"sensorType":"Leap","data":[[0,{"currentFrameRate":99.5022,"devices":[],"gestures":[],"hands":[{"armBasis":[[0.976798,-0.212751,0.0245543],[0.205819,0.964242,0.166961],[-0.0591974,-0.158034,0.985658]],"armWidth":63.703,"confidence":0.746271,"direction":[0.23725,0.443833,-0.864132],"elbow":[-3.10783,268.171,356.311],"grabStrength":0,"id":592,"palmNormal":[-0.134588,-0.865934,-0.48171],"palmPosition":[17.7663,332.807,40.4128],"palmVelocity":[188.266,-81.5488,-338.863],"palmWidth":90.9658,"pinchStrength":0.773603,"r":[[0.962348,0.202228,0.181631],[-0.175561,0.97256,-0.152662],[-0.207519,0.115027,0.971445]],"s":0.994317,"sphereCenter":[20.3228,301.139,5.64968],"sphereRadius":44.3746,"stabilizedPalmPosition":[-51.8204,354.194,179.714],"t":[94.9777,-25.4421,-192.103],"timeVisible":0.325385,"type":"right","wrist":[12.8712,310.829,90.2544]}],"id":4203263,"interactionBox":{"center":[0,200,0],"size":[235.247,235.247,147.751]},"pointables":[{"bases":[[[0.553813,0.768333,0.320867],[-0.806677,0.399621,0.435402],[0.206309,-0.499967,0.841112]],[[0.435794,0.899856,-0.0185033],[-0.89997,0.435398,-0.0219633],[-0.0117075,0.0262239,0.999588]],[[0.435794,0.899856,-0.0185033],[-0.869229,0.41545,-0.268033],[-0.233504,0.132891,0.963232]],[[0.435794,0.899856,-0.0185033],[-0.68964,0.320636,-0.649299],[-0.578343,0.295721,0.760308]]],"btipPosition":[5.26195,293.776,-16.6494],"carpPosition":[-16.8133,306.533,83.8568],"dipPosition":[-8.26975,300.695,1.13981],"direction":[0.233504,-0.132891,-0.963232],"extended":false,"handId":592,"id":5920,"length":52.1025,"mcpPosition":[-16.8133,306.533,83.8568],"pipPosition":[-16.2291,305.224,33.973],"stabilizedTipPosition":[-51.9876,319.582,78.9046],"timeVisible":0.325385,"tipPosition":[2.34773,295.012,-12.423],"tipVelocity":[245.008,-80.3319,-345.281],"tool":false,"touchDistance":-0.699068,"touchZone":"hovering","type":0,"width":20.2446},{"bases":[[[0.988257,-0.152794,-0.00144938],[0.143831,0.927001,0.346385],[-0.0515819,-0.342526,0.938091]],[[0.970306,-0.20089,0.134722],[0.190476,0.97789,0.0863162],[-0.149083,-0.0580919,0.987117]],[[0.970306,-0.20089,0.134722],[0.211758,0.974685,-0.0717429],[-0.116899,0.0981409,0.988283]],[[0.970306,-0.20089,0.134722],[0.223917,0.956656,-0.186198],[-0.0914769,0.210836,0.973232]]],"btipPosition":[10.6974,348.064,-66.6949],"carpPosition":[-3.88693,326.349,85.204],"dipPosition":[9.1349,351.666,-50.071],"direction":[0.116899,-0.0981409,-0.988283],"extended":true,"handId":592,"id":5921,"length":58.7918,"mcpPosition":[-0.0930875,351.542,16.2074],"pipPosition":[6.31017,354.037,-26.1902],"stabilizedTipPosition":[-52.6119,376.939,57.2759],"timeVisible":0.325385,"tipPosition":[10.3715,347.438,-62.6016],"tipVelocity":[202.7,-66.8409,-353.217],"tool":false,"touchDistance":0.330926,"touchZone":"hovering","type":1,"width":19.3376},{"bases":[[[0.933106,-0.353443,0.0662747],[0.307669,0.880078,0.361665],[-0.186155,-0.317081,0.92995]],[[0.930238,-0.358113,0.0800804],[0.286484,0.57236,-0.76833],[0.229315,0.737672,0.635024]],[[0.930238,-0.358113,0.0800804],[-0.139085,-0.546027,-0.826142],[0.339579,0.75737,-0.557742]],[[0.930238,-0.358113,0.0800804],[-0.308469,-0.881322,-0.357936],[0.198758,0.308263,-0.930306]]],"btipPosition":[-3.03101,285.515,23.0933],"carpPosition":[8.42281,326.268,85.2234],"dipPosition":[0.703057,291.306,5.61566],"direction":[-0.339579,-0.75737,0.557742],"extended":false,"handId":592,"id":5922,"length":66.9886,"mcpPosition":[21.407,348.384,20.36],"pipPosition":[10.3569,312.837,-10.2403],"stabilizedTipPosition":[-65.1783,311.444,127.814],"timeVisible":0.325385,"tipPosition":[-2.16272,286.854,19.1773],"tipVelocity":[275.28,-128.37,-327.419],"tool":false,"touchDistance":0.333333,"touchZone":"none","type":2,"width":18.9921},{"bases":[[[0.869675,-0.461583,0.174948],[0.367458,0.842021,0.394936],[-0.329606,-0.27918,0.901897]],[[0.860984,-0.468554,0.197897],[0.424091,0.446508,-0.787894],[0.280808,0.762291,0.583146]],[[0.860984,-0.468554,0.197897],[-0.149074,-0.604452,-0.782569],[0.486296,0.644278,-0.590273]],[[0.860984,-0.468554,0.197897],[-0.390156,-0.858014,-0.334053],[0.32632,0.210403,-0.921545]]],"btipPosition":[8.79126,284.661,36.6296],"carpPosition":[20.2564,323,85.5962],"dipPosition":[14.8866,288.591,19.416],"direction":[-0.486295,-0.644278,0.590273],"extended":false,"handId":592,"id":5923,"length":64.4113,"mcpPosition":[40.8974,340.484,29.1164],"pipPosition":[28.3544,306.434,3.06861],"stabilizedTipPosition":[-47.2698,306.547,128.06],"timeVisible":0.325385,"tipPosition":[10.3728,285.579,31.9654],"tipVelocity":[264.009,-98.8928,-267.874],"tool":false,"touchDistance":0.333333,"touchZone":"none","type":3,"width":18.0722},{"bases":[[[0.752932,-0.623531,0.210481],[0.467678,0.731983,0.495458],[-0.463002,-0.274608,0.842745]],[[0.789717,-0.597806,0.137751],[0.475403,0.454434,-0.753314],[0.387736,0.660392,0.643073]],[[0.789717,-0.597806,0.137751],[-0.237287,-0.504725,-0.830029],[0.565722,0.622801,-0.540441]],[[0.789717,-0.597806,0.137751],[-0.502708,-0.759305,-0.413208],[0.351614,0.257069,-0.900158]]],"btipPosition":[26.1385,288.719,40.242],"carpPosition":[30.1258,312.752,85.7489],"dipPosition":[32.1976,293.149,24.7303],"direction":[-0.565722,-0.622801,0.540441],"extended":false,"handId":592,"id":5924,"length":50.4973,"mcpPosition":[56.9659,328.671,36.8952],"pipPosition":[43.2595,305.327,14.1627],"stabilizedTipPosition":[-33.6099,309.215,142.921],"timeVisible":0.325385,"tipPosition":[27.7503,289.813,36.7438],"tipVelocity":[260.317,-68.5994,-304.685],"tool":false,"touchDistance":0.333333,"touchZone":"none","type":4,"width":16.0532}],"r":[[0.962348,0.202228,0.181631],[-0.175561,0.97256,-0.152662],[-0.207519,0.115027,0.971445]],"s":0.994317,"t":[94.9777,-25.4421,-192.103],"timestamp":522779887283},false],[1,{"currentFrameRate":100.004,"devices":[],"gestures":[],"hands":[{"armBasis":[[0.981355,-0.189814,0.0302154],[0.182278,0.96897,0.166947],[-0.0609667,-0.158327,0.985503]],"armWidth":63.703,"confidence":0.751383,"direction":[0.232721,0.443003,-0.865788],"elbow":[-1.80026,267.42,353.177],"grabStrength":0,"id":592,"palmNormal":[-0.112327,-0.87203,-0.476389],"palmPosition":[19.373,331.892,37.1968],"palmVelocity":[185.487,-87.0274,-343.747],"palmWidth":90.9658,"pinchStrength":0.755888,"r":[[0.95847,0.217928,0.183965],[-0.190076,0.969033,-0.157626],[-0.212619,0.116112,0.970212]],"s":1.00188,"sphereCenter":[23.1246,299.997,2.75202],"sphereRadius":44.634,"stabilizedPalmPosition":[-50.6567,353.829,177.384],"t":[96.5614,-26.2293,-195.073],"timeVisible":0.334403,"type":"right","wrist":[14.6564,310.157,87.1617]}],"id":4203264,"interactionBox":{"center":[0,200,0],"size":[235.247,235.247,147.751]},"pointables":[{"bases":[[[0.53461,0.782665,0.318791],[-0.818048,0.384587,0.427657],[0.212109,-0.489416,0.845862]],[[0.417538,0.908475,-0.0182914],[-0.908588,0.417169,-0.0209103],[-0.0113659,0.0253502,0.999614]],[[0.417538,0.908475,-0.0182914],[-0.876136,0.397174,-0.273202],[-0.240933,0.130098,0.961783]],[[0.417538,0.908475,-0.0182914],[-0.688491,0.303167,-0.65884],[-0.592995,0.287684,0.752061]]],"btipPosition":[7.76923,292.726,-19.6508],"carpPosition":[-14.885,305.157,80.6143],"dipPosition":[-6.10528,299.457,-2.05454],"direction":[0.240933,-0.130098,-0.961783],"extended":false,"handId":592,"id":5920,"length":52.1025,"mcpPosition":[-14.885,305.157,80.6143],"pipPosition":[-14.3178,303.892,30.7293],"stabilizedTipPosition":[-49.4925,318.466,74.7358],"timeVisible":0.334403,"tipPosition":[4.8807,293.788,-15.4721],"tipVelocity":[251.686,-91.5559,-343.208],"tool":false,"touchDistance":-0.703181,"touchZone":"hovering","type":0,"width":20.2446},{"bases":[[[0.991395,-0.130782,0.00563664],[0.121056,0.932348,0.340696],[-0.0498122,-0.337082,0.940157]],[[0.973915,-0.177917,0.140838],[0.167184,0.982274,0.0847833],[-0.153426,-0.059026,0.986396]],[[0.973915,-0.177917,0.140838],[0.189151,0.979395,-0.0707587],[-0.125347,0.0955525,0.987501]],[[0.973915,-0.177917,0.140838],[0.202283,0.961965,-0.183587],[-0.102818,0.207287,0.972862]]],"btipPosition":[12.6282,346.743,-70.0945],"carpPosition":[-2.41036,325.265,81.9001],"dipPosition":[10.872,350.283,-53.477],"direction":[0.125347,-0.0955525,-0.987501],"extended":true,"handId":592,"id":5921,"length":58.7918,"mcpPosition":[1.25333,350.057,12.7516],"pipPosition":[7.8431,352.592,-29.6151],"stabilizedTipPosition":[-51.4668,376.42,55.0939],"timeVisible":0.334403,"tipPosition":[12.2829,346.087,-66.0049],"tipVelocity":[204.477,-89.1946,-359.799],"tool":false,"touchDistance":0.330379,"touchZone":"hovering","type":1,"width":19.3376},{"bases":[[[0.94029,-0.332134,0.07444],[0.285797,0.889188,0.357302],[-0.184863,-0.314693,0.931018]],[[0.937299,-0.336991,0.08892],[0.276986,0.565401,-0.776918],[0.211539,0.752834,0.623292]],[[0.937299,-0.336991,0.08892],[-0.12459,-0.562249,-0.817529],[0.325495,0.755191,-0.568982]],[[0.937299,-0.336991,0.08892],[-0.287822,-0.892307,-0.347774],[0.196541,0.300375,-0.933352]]],"btipPosition":[-0.34751,284.017,20.7324],"carpPosition":[9.89779,325.457,81.9949],"dipPosition":[3.3449,289.66,3.19749],"direction":[-0.325495,-0.755191,0.568982],"extended":false,"handId":592,"id":5922,"length":66.9886,"mcpPosition":[22.7919,347.407,17.0569],"pipPosition":[12.5983,311.13,-12.978],"stabilizedTipPosition":[-62.1414,310.236,122.677],"timeVisible":0.334403,"tipPosition":[0.54353,285.345,16.5679],"tipVelocity":[281.119,-139.781,-309.773],"tool":false,"touchDistance":0.333333,"touchZone":"none","type":2,"width":18.9921},{"bases":[[[0.878599,-0.440903,0.183487],[0.346208,0.852701,0.391204],[-0.328943,-0.280187,0.901827]],[[0.869993,-0.447853,0.206253],[0.41087,0.427238,-0.80539],[0.272577,0.785427,0.555704]],[[0.869993,-0.447853,0.206253],[-0.144438,-0.631443,-0.761851],[0.471434,0.633015,-0.614038]],[[0.869993,-0.447853,0.206253],[-0.37486,-0.872514,-0.313368],[0.320301,0.195312,-0.926963]]],"btipPosition":[11.1834,283.74,35.4855],"carpPosition":[21.7985,322.456,82.4626],"dipPosition":[17.1664,287.388,18.1708],"direction":[-0.471434,-0.633015,0.614038],"extended":false,"handId":592,"id":5923,"length":64.4113,"mcpPosition":[42.398,340.003,25.9873],"pipPosition":[30.2226,304.92,1.16525],"stabilizedTipPosition":[-43.9511,305.329,122.704],"timeVisible":0.334403,"tipPosition":[12.8377,284.586,30.3719],"tipVelocity":[263.567,-101.745,-229.797],"tool":false,"touchDistance":0.333333,"touchZone":"none","type":3,"width":18.0722},{"bases":[[[0.765261,-0.605158,0.219453],[0.448217,0.745618,0.493108],[-0.462037,-0.278993,0.841834]],[[0.801307,-0.579634,0.148094],[0.466851,0.451046,-0.760662],[0.374108,0.678662,0.632029]],[[0.801307,-0.579634,0.148094],[-0.225775,-0.522233,-0.822373],[0.554015,0.625537,-0.549336]],[[0.801307,-0.579634,0.148094],[-0.485186,-0.774461,-0.405963],[0.350003,0.253447,-0.901811]]],"btipPosition":[28.5869,288.015,37.8864],"carpPosition":[31.8917,312.432,82.7477],"dipPosition":[34.6182,292.383,22.3462],"direction":[-0.554015,-0.625538,0.549336],"extended":false,"handId":592,"id":5924,"length":50.4973,"mcpPosition":[58.6759,328.605,33.9468],"pipPosition":[45.4512,304.614,11.6047],"stabilizedTipPosition":[-31.1204,308.425,138.668],"timeVisible":0.334403,"tipPosition":[30.2223,289.103,34.2023],"tipVelocity":[263.199,-71.6216,-292.927],"tool":false,"touchDistance":0.333333,"touchZone":"none","type":4,"width":16.0532}],"r":[[0.95847,0.217928,0.183965],[-0.190076,0.969033,-0.157626],[-0.212619,0.116112,0.970212]],"s":1.00188,"t":[96.5614,-26.2293,-195.073],"timestamp":522779896301},false],[2,{"currentFrameRate":100.365,"devices":[],"gestures":[],"hands":[{"armBasis":[[0.98456,-0.170898,0.0378806],[0.162066,0.971732,0.171674],[-0.0661484,-0.162884,0.984425]],"armWidth":63.703,"confidence":0.760323,"direction":[0.229163,0.438209,-0.86917],"elbow":[-1.59511,265.651,349.771],"grabStrength":0,"id":592,"palmNormal":[-0.0949614,-0.878609,-0.468005],"palmPosition":[20.8391,330.927,33.886],"palmVelocity":[177.836,-91.8737,-347.607],"palmWidth":90.9658,"pinchStrength":0.73474,"r":[[0.954207,0.234131,0.186202],[-0.204823,0.965001,-0.163768],[-0.218028,0.118131,0.968767]],"s":1.01008,"sphereCenter":[25.5226,298.706,-0.159302],"sphereRadius":44.8648,"stabilizedPalmPosition":[-49.4539,353.444,174.97],"t":[98.0864,-27.1057,-198.214],"timeVisible":0.343665,"type":"right","wrist":[16.2602,309.618,84.0472]}],"id":4203265,"interactionBox":{"center":[0,200,0],"size":[235.247,235.247,147.751]},"pointables":[{"bases":[[[0.519474,0.794991,0.313269],[-0.826606,0.374648,0.419953],[0.216493,-0.477104,0.851764]],[[0.404285,0.914414,-0.0200012],[-0.914571,0.403905,-0.0205189],[-0.0106842,0.026588,0.999589]],[[0.404285,0.914414,-0.0200012],[-0.880757,0.383322,-0.278084],[-0.246618,0.130042,0.960348]],[[0.404285,0.914414,-0.0200012],[-0.687232,0.289266,-0.666361],[-0.603545,0.283145,0.745361]]],"btipPosition":[9.90211,291.657,-22.6431],"carpPosition":[-13.1588,304.041,77.4151],"dipPosition":[-4.21925,298.282,-5.20364],"direction":[0.246618,-0.130042,-0.960348],"extended":false,"handId":592,"id":5920,"length":52.1025,"mcpPosition":[-13.1588,304.041,77.4151],"pipPosition":[-12.6256,302.714,27.5313],"stabilizedTipPosition":[-46.8705,317.285,70.3756],"timeVisible":0.343665,"tipPosition":[7.03062,292.538,-18.4898],"tipVelocity":[243.94,-99.0235,-338.64],"tool":false,"touchDistance":-0.706622,"touchZone":"hovering","type":0,"width":20.2446},{"bases":[[[0.993469,-0.113517,0.0115291],[0.103294,0.937697,0.331746],[-0.0484695,-0.328388,0.943298]],[[0.97644,-0.159128,0.145753],[0.148622,0.98562,0.0804057],[-0.156452,-0.0568493,0.986048]],[[0.97644,-0.159128,0.145753],[0.171079,0.982517,-0.0734288],[-0.13152,0.0966341,0.986592]],[[0.97644,-0.159128,0.145753],[0.18493,0.965146,-0.185189],[-0.111204,0.20778,0.971834]]],"btipPosition":[14.3225,345.085,-73.6176],"carpPosition":[-1.03976,324.374,78.5536],"dipPosition":[12.423,348.634,-57.0176],"direction":[0.13152,-0.0966341,-0.986592],"extended":true,"handId":592,"id":5921,"length":58.7918,"mcpPosition":[2.52517,348.527,9.17403],"pipPosition":[9.24493,350.969,-33.1777],"stabilizedTipPosition":[-50.2402,375.848,52.7497],"timeVisible":0.343665,"tipPosition":[13.9678,344.416,-69.5307],"tipVelocity":[197.414,-114.405,-365.711],"tool":false,"touchDistance":0.330246,"touchZone":"hovering","type":1,"width":19.3376},{"bases":[[[0.945524,-0.31502,0.0821415],[0.268676,0.897569,0.349548],[-0.183842,-0.308437,0.933311]],[[0.942424,-0.319972,0.0972408],[0.269235,0.553463,-0.788156],[0.198369,0.768958,0.607745]],[[0.942424,-0.319972,0.0972408],[-0.114037,-0.580825,-0.806001],[0.314378,0.748505,-0.583872]],[[0.942424,-0.319972,0.0972408],[-0.272058,-0.902648,-0.333484],[0.19448,0.287828,-0.937727]]],"btipPosition":[1.93554,282.553,18.5353],"carpPosition":[11.2626,324.781,78.7031],"dipPosition":[5.58923,287.961,0.918263],"direction":[-0.314378,-0.748505,0.583872],"extended":false,"handId":592,"id":5922,"length":66.9886,"mcpPosition":[24.0855,346.294,13.6052],"pipPosition":[14.5266,309.24,-15.6805],"stabilizedTipPosition":[-58.5038,308.755,116.614],"timeVisible":0.343665,"tipPosition":[2.84866,283.843,14.1242],"tipVelocity":[271.108,-146.57,-289.933],"tool":false,"touchDistance":0.333333,"touchZone":"none","type":2,"width":18.9921},{"bases":[[[0.885202,-0.423735,0.192005],[0.329545,0.862478,0.384098],[-0.328356,-0.27673,0.903108]],[[0.876806,-0.430453,0.214294],[0.401031,0.408742,-0.81982],[0.265303,0.804761,0.531012]],[[0.876806,-0.430453,0.214294],[-0.139618,-0.654369,-0.743174],[0.460129,0.6217,-0.633854]],[[0.876806,-0.430453,0.214294],[-0.362225,-0.884382,-0.294383],[0.316236,0.180494,-0.931352]]],"btipPosition":[13.2732,282.785,33.9325],"carpPosition":[23.211,321.992,79.2561],"dipPosition":[19.1801,286.157,16.5358],"direction":[-0.460129,-0.6217,0.633854],"extended":false,"handId":592,"id":5923,"length":64.4113,"mcpPosition":[43.7737,339.321,22.7005],"pipPosition":[31.9232,303.375,-1.01856],"stabilizedTipPosition":[-39.8188,303.793,116.16],"timeVisible":0.343665,"tipPosition":[14.9533,283.547,28.5912],"tipVelocity":[252.361,-104.056,-212.894],"tool":false,"touchDistance":0.333333,"touchZone":"none","type":3,"width":18.0722},{"bases":[[[0.774549,-0.589558,0.229118],[0.432902,0.758213,0.487554],[-0.461162,-0.278449,0.842494]],[[0.809934,-0.564593,0.158875],[0.460859,0.445064,-0.767807],[0.362789,0.695092,0.62067]],[[0.809934,-0.564593,0.158875],[-0.215968,-0.538928,-0.814196],[0.545311,0.625133,-0.55843]],[[0.809934,-0.564593,0.158875],[-0.471168,-0.787635,-0.397029],[0.349295,0.246711,-0.903951]]],"btipPosition":[30.7016,287.242,35.4063],"carpPosition":[33.4746,312.147,79.6896],"dipPosition":[36.7207,291.493,19.8292],"direction":[-0.545311,-0.625133,0.55843],"extended":false,"handId":592,"id":5924,"length":50.4973,"mcpPosition":[60.208,328.288,30.8505],"pipPosition":[47.3835,303.717,8.90991],"stabilizedTipPosition":[-28.2363,307.503,133.793],"timeVisible":0.343665,"tipPosition":[32.3512,288.302,31.603],"tipVelocity":[253.299,-75.7738,-286.108],"tool":false,"touchDistance":0.333333,"touchZone":"none","type":4,"width":16.0532}],"r":[[0.954207,0.234131,0.186202],[-0.204823,0.965001,-0.163768],[-0.218028,0.118131,0.968767]],"s":1.01008,"t":[98.0864,-27.1057,-198.214],"timestamp":522779905563},false],[3,{"currentFrameRate":100.934,"devices":[],"gestures":[],"hands":[{"armBasis":[[0.985367,-0.166033,0.0385391],[0.157202,0.972648,0.171009],[-0.0658782,-0.162449,0.984515]],"armWidth":63.703,"confidence":0.758674,"direction":[0.228039,0.437324,-0.869911],"elbow":[-0.00220446,265.176,347.91],"grabStrength":0,"id":592,"palmNormal":[-0.0904813,-0.880067,-0.466149],"palmPosition":[22.3124,330.244,31.958],"palmVelocity":[175.015,-88.0056,-312.956],"palmWidth":90.9658,"pinchStrength":0.705344,"r":[[0.950343,0.248005,0.187993],[-0.217401,0.96131,-0.169176],[-0.222676,0.119906,0.967491]],"s":1.01854,"sphereCenter":[27.4959,297.901,-1.95428],"sphereRadius":45.1169,"stabilizedPalmPosition":[-48.2552,353.057,172.582],"t":[99.5855,-27.8851,-200.748],"timeVisible":0.352468,"type":"right","wrist":[17.7802,309.026,82.1617]}],"id":4203266,"interactionBox":{"center":[0,200,0],"size":[235.247,235.247,147.751]},"pointables":[{"bases":[[[0.515526,0.798044,0.312023],[-0.828729,0.371802,0.418295],[0.217808,-0.474225,0.853036]],[[0.402316,0.915351,-0.0165388],[-0.915487,0.402146,-0.0127251],[-0.00499692,0.0202606,0.999782]],[[0.402316,0.915351,-0.0165388],[-0.881522,0.382445,-0.276864],[-0.247103,0.125966,0.960767]],[[0.402316,0.915351,-0.0165388],[-0.685584,0.289258,-0.66806],[-0.606726,0.28011,0.743923]]],"btipPosition":[11.2617,291.442,-24.5358],"carpPosition":[-11.6064,303.301,75.5127],"dipPosition":[-2.93411,297.996,-7.12995],"direction":[0.247103,-0.125966,-0.960767],"extended":false,"handId":592,"id":5920,"length":52.1025,"mcpPosition":[-11.6064,303.301,75.5127],"pipPosition":[-11.357,302.289,25.6192],"stabilizedTipPosition":[-44.3873,316.184,66.2613],"timeVisible":0.352468,"tipPosition":[8.4555,292.177,-20.3822],"tipVelocity":[219.3,-79.4248,-305.561],"tool":false,"touchDistance":-0.6928,"touchZone":"hovering","type":0,"width":20.2446},{"bases":[[[0.993964,-0.108957,0.0127731],[0.098682,0.93889,0.329768],[-0.0479229,-0.326517,0.943976]],[[0.977229,-0.153987,0.145986],[0.142751,0.986136,0.0846063],[-0.156991,-0.06184,0.985662]],[[0.977229,-0.153987,0.145986],[0.16513,0.98396,-0.0674936],[-0.133252,0.0900634,0.986982]],[[0.977229,-0.153987,0.145986],[0.179102,0.96753,-0.17835],[-0.113783,0.200436,0.973077]]],"btipPosition":[15.8497,344.762,-75.6169],"carpPosition":[0.418628,323.691,76.6182],"dipPosition":[13.9061,348.186,-58.9957],"direction":[0.133252,-0.0900634,-0.986982],"extended":true,"handId":592,"id":5921,"length":58.7918,"mcpPosition":[3.94336,347.706,7.18878],"pipPosition":[10.6863,350.362,-35.1464],"stabilizedTipPosition":[-49.0113,375.28,50.4182],"timeVisible":0.352468,"tipPosition":[15.4761,344.024,-71.5362],"tipVelocity":[190.656,-94.3266,-328.215],"tool":false,"touchDistance":0.331517,"touchZone":"hovering","type":1,"width":19.3376},{"bases":[[[0.946867,-0.31052,0.0837844],[0.264227,0.899557,0.347824],[-0.183375,-0.307205,0.933809]],[[0.943626,-0.315677,0.0995862],[0.264897,0.539757,-0.799057],[0.198492,0.780391,0.592951]],[[0.943626,-0.315677,0.0995862],[-0.115236,-0.59532,-0.795182],[0.310307,0.738879,-0.598137]],[[0.943626,-0.315677,0.0995862],[-0.269632,-0.90755,-0.321949],[0.192011,0.276947,-0.941505]]],"btipPosition":[3.51538,281.768,17.7659],"carpPosition":[12.7189,324.154,76.779],"dipPosition":[7.1227,286.971,0.0778766],"direction":[-0.310307,-0.738879,0.598137],"extended":false,"handId":592,"id":5922,"length":66.9886,"mcpPosition":[25.5092,345.581,11.6464],"pipPosition":[15.9444,307.976,-16.9264],"stabilizedTipPosition":[-54.5009,307.112,110.059],"timeVisible":0.352468,"tipPosition":[4.45836,283.031,13.0383],"tipVelocity":[246.087,-132.559,-235.858],"tool":false,"touchDistance":0.333333,"touchZone":"none","type":2,"width":18.9921},{"bases":[[[0.886931,-0.419266,0.193828],[0.325221,0.864821,0.382512],[-0.328001,-0.276225,0.903391]],[[0.878688,-0.425862,0.21575],[0.396448,0.399154,-0.826744],[0.265961,0.811984,0.519564]],[[0.878688,-0.425862,0.21575],[-0.141037,-0.663327,-0.734919],[0.456087,0.615336,-0.64292]],[[0.878688,-0.425862,0.21575],[-0.359875,-0.88783,-0.28679],[0.313683,0.174356,-0.933383]]],"btipPosition":[14.8495,282.151,32.8092],"carpPosition":[24.6793,321.421,77.3502],"dipPosition":[20.7088,285.408,15.3746],"direction":[-0.456087,-0.615336,0.64292],"extended":false,"handId":592,"id":5923,"length":64.4113,"mcpPosition":[45.2198,338.719,20.7769],"pipPosition":[33.3399,302.449,-2.43087],"stabilizedTipPosition":[-35.3088,302.111,109.126],"timeVisible":0.352468,"tipPosition":[16.5258,282.876,27.4007],"tipVelocity":[232.275,-96.2421,-190.178],"tool":false,"touchDistance":0.333333,"touchZone":"none","type":3,"width":18.0722},{"bases":[[[0.776998,-0.58551,0.231199],[0.428947,0.761258,0.486303],[-0.460737,-0.278684,0.842649]],[[0.812046,-0.560781,0.161574],[0.457419,0.439664,-0.772957],[0.362421,0.701584,0.613539]],[[0.812046,-0.560781,0.161574],[-0.215434,-0.545355,-0.810047],[0.542374,0.622987,-0.563665]],[[0.812046,-0.560781,0.161574],[-0.467975,-0.791132,-0.393839],[0.348684,0.244203,-0.904867]]],"btipPosition":[32.2705,286.588,33.8937],"carpPosition":[34.9872,311.624,77.8158],"dipPosition":[38.2791,290.797,18.3008],"direction":[-0.542374,-0.622987,0.563665],"extended":false,"handId":592,"id":5924,"length":50.4973,"mcpPosition":[61.696,327.779,28.9677],"pipPosition":[48.8845,302.978,7.27917],"stabilizedTipPosition":[-25.2067,306.526,128.727],"timeVisible":0.352468,"tipPosition":[33.9348,287.647,29.9955],"tipVelocity":[232.997,-75.6719,-255.424],"tool":false,"touchDistance":0.333333,"touchZone":"none","type":4,"width":16.0532}],"r":[[0.950343,0.248005,0.187993],[-0.217401,0.96131,-0.169176],[-0.222676,0.119906,0.967491]],"s":1.01854,"t":[99.5855,-27.8851,-200.748],"timestamp":522779914366},false],[4,{"currentFrameRate":101.234,"devices":[],"gestures":[],"hands":[{"armBasis":[[0.986261,-0.161547,0.0345117],[0.153808,0.974242,0.164911],[-0.0602637,-0.157337,0.985704]],"armWidth":63.703,"confidence":0.762058,"direction":[0.226056,0.442609,-0.867753],"elbow":[3.15678,265.624,346.028],"grabStrength":0,"id":592,"palmNormal":[-0.0853938,-0.878379,-0.470275],"palmPosition":[23.8637,329.57,29.8567],"palmVelocity":[172.693,-83.6269,-288.383],"palmWidth":90.9658,"pinchStrength":0.677107,"r":[[0.946809,0.259943,0.189692],[-0.228459,0.958122,-0.172651],[-0.226627,0.12013,0.966545]],"s":1.02723,"sphereCenter":[29.3036,297.491,-4.16635],"sphereRadius":45.2979,"stabilizedPalmPosition":[-46.8866,352.611,169.873],"t":[101.111,-28.6119,-203.066],"timeVisible":0.361769,"type":"right","wrist":[19.4237,308.094,79.9591]}],"id":4203267,"interactionBox":{"center":[0,200,0],"size":[235.247,235.247,147.751]},"pointables":[{"bases":[[[0.510961,0.799417,0.315992],[-0.830976,0.365281,0.419583],[0.219996,-0.476972,0.85094]],[[0.3991,0.916874,-0.0078044],[-0.916908,0.399087,-0.00318125],[0.000197827,0.00842554,0.999964]],[[0.3991,0.916874,-0.0078044],[-0.882571,0.381833,-0.274359],[-0.248572,0.116384,0.961596]],[[0.3991,0.916874,-0.0078044],[-0.682109,0.291201,-0.670768],[-0.612737,0.273027,0.741626]]],"btipPosition":[12.872,291.462,-26.7639],"carpPosition":[-9.92754,302.238,73.2682],"dipPosition":[-1.46445,297.85,-9.41181],"direction":[0.248572,-0.116384,-0.961596],"extended":false,"handId":592,"id":5920,"length":52.1025,"mcpPosition":[-9.92754,302.238,73.2682],"pipPosition":[-9.93741,301.817,23.3656],"stabilizedTipPosition":[-41.798,315.068,61.989],"timeVisible":0.361769,"tipPosition":[10.0601,292.08,-22.6491],"tipVelocity":[205.284,-57.5461,-287.301],"tool":false,"touchDistance":-0.68546,"touchZone":"hovering","type":0,"width":20.2446},{"bases":[[[0.994544,-0.103533,0.0127869],[0.0933377,0.937879,0.334172],[-0.0465904,-0.331155,0.942425]],[[0.97824,-0.148852,0.144533],[0.135776,0.986027,0.096522],[-0.156881,-0.0747975,0.984781]],[[0.97824,-0.148852,0.144533],[0.157993,0.985968,-0.0539052],[-0.134481,0.0755674,0.988031]],[[0.97824,-0.148852,0.144533],[0.17204,0.971334,-0.164049],[-0.115971,0.185344,0.975806]]],"btipPosition":[17.3797,345.266,-77.6806],"carpPosition":[1.98424,322.689,74.4746],"dipPosition":[15.3988,348.432,-61.0128],"direction":[0.134481,-0.0755674,-0.988031],"extended":true,"handId":592,"id":5921,"length":58.7918,"mcpPosition":[5.41097,347.045,5.15918],"pipPosition":[12.1492,350.258,-37.1381],"stabilizedTipPosition":[-47.6567,374.679,47.8653],"timeVisible":0.361769,"tipPosition":[16.9915,344.421,-73.6126],"tipVelocity":[183.01,-54.2097,-297.869],"tool":false,"touchDistance":0.331532,"touchZone":"hovering","type":1,"width":19.3376},{"bases":[[[0.948524,-0.30568,0.0828377],[0.259088,0.899375,0.352132],[-0.182142,-0.312544,0.932277]],[[0.945117,-0.311217,0.099488],[0.259707,0.5308,-0.806724],[0.198258,0.788286,0.582494]],[[0.945117,-0.311217,0.099488],[-0.116221,-0.604799,-0.787852],[0.305363,0.73305,-0.607776]],[[0.945117,-0.311217,0.099488],[-0.266489,-0.910427,-0.316397],[0.189045,0.272519,-0.943396]]],"btipPosition":[5.19968,281.074,16.5512],"carpPosition":[14.2817,323.219,74.644],"dipPosition":[8.75126,286.193,-1.17241],"direction":[-0.305363,-0.73305,0.607776],"extended":false,"handId":592,"id":5922,"length":66.9886,"mcpPosition":[26.986,345.019,9.61819],"pipPosition":[17.4324,307.033,-18.4508],"stabilizedTipPosition":[-49.6599,305.123,102.253],"timeVisible":0.361769,"tipPosition":[6.16549,282.338,11.5555],"tipVelocity":[227.347,-116.79,-206.39],"tool":false,"touchDistance":0.333333,"touchZone":"none","type":2,"width":18.9921},{"bases":[[[0.889134,-0.415265,0.192345],[0.320255,0.864816,0.386691],[-0.326922,-0.28222,0.901928]],[[0.881025,-0.421923,0.213951],[0.390635,0.393754,-0.832083],[0.266831,0.816663,0.511725]],[[0.881025,-0.421923,0.213951],[-0.142983,-0.668607,-0.72974],[0.450944,0.612328,-0.649388]],[[0.881025,-0.421923,0.213951],[-0.357204,-0.889839,-0.283886],[0.31016,0.173686,-0.934684]]],"btipPosition":[16.5287,281.542,31.3129],"carpPosition":[26.2567,320.549,75.2087],"dipPosition":[22.3222,284.786,13.8539],"direction":[-0.450944,-0.612328,0.649388],"extended":false,"handId":592,"id":5923,"length":64.4113,"mcpPosition":[46.7296,338.222,18.727],"pipPosition":[34.8109,301.744,-4.1306],"stabilizedTipPosition":[-30.0585,300.154,101.046],"timeVisible":0.361769,"tipPosition":[18.203,282.259,25.8111],"tipVelocity":[217.209,-87.6581,-182.075],"tool":false,"touchDistance":0.333333,"touchZone":"none","type":3,"width":18.0722},{"bases":[[[0.780101,-0.582284,0.228886],[0.4245,0.761346,0.490054],[-0.459611,-0.285129,0.841106]],[[0.814753,-0.557286,0.160033],[0.453645,0.440813,-0.774526],[0.361088,0.703645,0.611963]],[[0.814753,-0.557286,0.160033],[-0.214701,-0.546369,-0.809558],[0.538592,0.62523,-0.564806]],[[0.814753,-0.557286,0.160033],[-0.464485,-0.792545,-0.395129],[0.347033,0.247599,-0.904579]]],"btipPosition":[33.9859,285.97,31.8746],"carpPosition":[36.6182,310.807,75.6342],"dipPosition":[39.966,290.237,16.2868],"direction":[-0.538592,-0.62523,0.564806],"extended":false,"handId":592,"id":5924,"length":50.4973,"mcpPosition":[63.2618,327.336,26.8755],"pipPosition":[50.4974,302.462,5.24277],"stabilizedTipPosition":[-21.7444,305.407,122.986],"timeVisible":0.361769,"tipPosition":[35.6507,287.042,27.9032],"tipVelocity":[219.085,-72.6718,-244.564],"tool":false,"touchDistance":0.333333,"touchZone":"none","type":4,"width":16.0532}],"r":[[0.946809,0.259943,0.189692],[-0.228459,0.958122,-0.172651],[-0.226627,0.12013,0.966545]],"s":1.02723,"t":[101.111,-28.6119,-203.066],"timestamp":522779923667},false],[5,{"currentFrameRate":101.757,"devices":[],"gestures":[],"hands":[{"armBasis":[[0.987035,-0.156075,0.0374406],[0.147433,0.97385,0.172855],[-0.0634399,-0.165094,0.984235]],"armWidth":63.703,"confidence":0.762827,"direction":[0.227276,0.441441,-0.86803],"elbow":[3.30282,263.103,343.82],"grabStrength":0,"id":592,"palmNormal":[-0.080256,-0.879833,-0.468458],"palmPosition":[24.954,329.04,28.0092],"palmVelocity":[159.441,-77.2678,-267.074],"palmWidth":90.9658,"pinchStrength":0.645176,"r":[[0.943527,0.270313,0.191541],[-0.237915,0.955196,-0.176062],[-0.230551,0.120549,0.965564]],"s":1.03547,"sphereCenter":[30.8574,296.838,-5.8475],"sphereRadius":45.4852,"stabilizedPalmPosition":[-45.5146,352.161,167.164],"t":[102.418,-29.2403,-205.148],"timeVisible":0.37059,"type":"right","wrist":[20.427,307.666,78.1474]}],"id":4203268,"interactionBox":{"center":[0,200,0],"size":[235.247,235.247,147.751]},"pointables":[{"bases":[[[0.506666,0.80221,0.315829],[-0.833873,0.362946,0.415844],[0.218965,-0.474055,0.852834]],[[0.397352,0.917657,-0.00413385],[-0.917664,0.397356,0.000299479],[0.00191743,0.00367449,0.999991]],[[0.397352,0.917657,-0.00413385],[-0.881869,0.380602,-0.278299],[-0.253809,0.114228,0.960486]],[[0.397352,0.917657,-0.00413385],[-0.67762,0.29037,-0.67566],[-0.618824,0.271276,0.737202]]],"btipPosition":[14.1574,291.252,-28.5225],"carpPosition":[-8.87724,301.676,71.3696],"dipPosition":[-0.321449,297.599,-11.2739],"direction":[0.253809,-0.114228,-0.960486],"extended":false,"handId":592,"id":5920,"length":52.1025,"mcpPosition":[-8.87724,301.676,71.3696],"pipPosition":[-8.97292,301.493,21.4657],"stabilizedTipPosition":[-39.399,314.049,58.0438],"timeVisible":0.37059,"tipPosition":[11.3259,291.784,-24.4429],"tipVelocity":[188.203,-48.7256,-264.291],"tool":false,"touchDistance":-0.671983,"touchZone":"hovering","type":0,"width":20.2446},{"bases":[[[0.9949,-0.0995143,0.0164567],[0.0884313,0.93904,0.332241],[-0.0485162,-0.329091,0.943051]],[[0.978492,-0.144303,0.147414],[0.130736,0.986566,0.0979557],[-0.159569,-0.0765765,0.984212]],[[0.978492,-0.144303,0.147414],[0.153458,0.98675,-0.052684],[-0.137858,0.0741726,0.987671]],[[0.978492,-0.144303,0.147414],[0.167955,0.9722,-0.163153],[-0.119772,0.184403,0.975526]]],"btipPosition":[18.7474,344.729,-79.5954],"carpPosition":[2.94841,322.177,72.5679],"dipPosition":[16.7016,347.879,-62.9324],"direction":[0.137858,-0.0741726,-0.987671],"extended":true,"handId":592,"id":5921,"length":58.7918,"mcpPosition":[6.51677,346.382,3.20652],"pipPosition":[13.3704,349.671,-39.0663],"stabilizedTipPosition":[-46.3042,374.079,45.3292],"timeVisible":0.37059,"tipPosition":[18.3536,343.913,-75.5399],"tipVelocity":[175.008,-56.1145,-276.091],"tool":false,"touchDistance":0.331647,"touchZone":"hovering","type":1,"width":19.3376},{"bases":[[[0.949448,-0.301676,0.0868333],[0.254271,0.901244,0.350864],[-0.184105,-0.311048,0.932392]],[[0.945911,-0.307332,0.103923],[0.256883,0.513865,-0.818507],[0.198151,0.800931,0.565019]],[[0.945911,-0.307332,0.103923],[-0.116497,-0.620729,-0.775322],[0.302789,0.721278,-0.622958]],[[0.945911,-0.307332,0.103923],[-0.263918,-0.915238,-0.304445],[0.18868,0.260551,-0.946844]]],"btipPosition":[6.38314,280.458,16.016],"carpPosition":[15.243,322.758,72.7784],"dipPosition":[9.92786,285.353,-1.77234],"direction":[-0.302789,-0.721278,0.622958],"extended":false,"handId":592,"id":5922,"length":66.9886,"mcpPosition":[28.0842,344.453,7.74458],"pipPosition":[18.5358,305.858,-19.4823],"stabilizedTipPosition":[-44.524,302.997,94.094],"timeVisible":0.37059,"tipPosition":[7.38337,281.687,10.7499],"tipVelocity":[202.145,-105.685,-167.51],"tool":false,"touchDistance":0.333333,"touchZone":"none","type":2,"width":18.9921},{"bases":[[[0.890119,-0.411237,0.196398],[0.315457,0.867013,0.385715],[-0.3289,-0.281377,0.901472]],[[0.882049,-0.41781,0.217772],[0.388708,0.384097,-0.837482],[0.266262,0.82335,0.501198]],[[0.882049,-0.41781,0.217772],[-0.141788,-0.676165,-0.722978],[0.449317,0.606825,-0.655651]],[[0.882049,-0.41781,0.217772],[-0.353816,-0.892598,-0.279434],[0.311133,0.169424,-0.935143]]],"btipPosition":[17.6747,281.01,30.1757],"carpPosition":[27.2265,320.137,73.3907],"dipPosition":[23.4863,284.175,12.7082],"direction":[-0.449317,-0.606825,0.655651],"extended":false,"handId":592,"id":5923,"length":64.4113,"mcpPosition":[47.8233,337.758,16.9375],"pipPosition":[35.93,300.981,-5.44985],"stabilizedTipPosition":[-24.8962,298.216,93.1676],"timeVisible":0.37059,"tipPosition":[19.3689,281.716,24.6392],"tipVelocity":[193.773,-80.8206,-167.787],"tool":false,"touchDistance":0.333333,"touchZone":"none","type":3,"width":18.0722},{"bases":[[[0.78163,-0.578604,0.232964],[0.419757,0.764208,0.489684],[-0.461366,-0.284963,0.840201]],[[0.816199,-0.553815,0.164645],[0.453351,0.437223,-0.776729],[0.358178,0.708608,0.607934]],[[0.816199,-0.553815,0.164645],[-0.211557,-0.551644,-0.806804],[0.537645,0.623681,-0.567415]],[[0.816199,-0.553815,0.164645],[-0.460664,-0.795779,-0.393096],[0.348723,0.244999,-0.904637]]],"btipPosition":[35.1871,285.491,30.3626],"carpPosition":[37.6255,310.438,73.8752],"dipPosition":[41.1963,289.712,14.7737],"direction":[-0.537645,-0.623681,0.567415],"extended":false,"handId":592,"id":5924,"length":50.4973,"mcpPosition":[64.3707,326.957,25.169],"pipPosition":[51.7092,301.908,3.67867],"stabilizedTipPosition":[-18.329,304.298,117.351],"timeVisible":0.37059,"tipPosition":[36.8627,286.55,26.3459],"tipVelocity":[196.909,-68.039,-224.826],"tool":false,"touchDistance":0.333333,"touchZone":"none","type":4,"width":16.0532}],"r":[[0.943527,0.270313,0.191541],[-0.237915,0.955196,-0.176062],[-0.230551,0.120549,0.965564]],"s":1.03547,"t":[102.418,-29.2403,-205.148],"timestamp":522779932488},false],[6,{"currentFrameRate":102.145,"devices":[],"gestures":[],"hands":[{"armBasis":[[0.987445,-0.15402,0.0350865],[0.145974,0.974579,0.169965],[-0.0603726,-0.162709,0.984825]],"armWidth":63.703,"confidence":0.769024,"direction":[0.228071,0.44238,-0.867343],"elbow":[5.14104,263.328,342.396],"grabStrength":0,"id":592,"palmNormal":[-0.0776801,-0.879713,-0.469116],"palmPosition":[26.0182,328.659,26.4465],"palmVelocity":[147.909,-67.5674,-241.054],"palmWidth":90.9658,"pinchStrength":0.611122,"r":[[0.94064,0.278928,0.193378],[-0.24575,0.952703,-0.178785],[-0.2341,0.12065,0.964697]],"s":1.0431,"sphereCenter":[32.2344,296.433,-7.349],"sphereRadius":45.6444,"stabilizedPalmPosition":[-44.0247,351.671,164.233],"t":[103.604,-29.7449,-206.971],"timeVisible":0.379637,"type":"right","wrist":[21.4373,307.248,76.5637]}],"id":4203269,"interactionBox":{"center":[0,200,0],"size":[235.247,235.247,147.751]},"pointables":[{"bases":[[[0.504526,0.802997,0.317252],[-0.835354,0.361104,0.414473],[0.218259,-0.47413,0.852974]],[[0.397621,0.917548,0.00198631],[-0.917541,0.397606,0.00529664],[0.00407015,-0.00392858,0.999984]],[[0.397621,0.917548,0.00198631],[-0.880582,0.382208,-0.280165],[-0.257824,0.10965,0.95995]],[[0.397621,0.917548,0.00198631],[-0.673397,0.293287,-0.678616],[-0.623245,0.268494,0.734491]]],"btipPosition":[15.325,291.382,-30.0831],"carpPosition":[-7.84253,301.205,69.7269],"dipPosition":[0.742673,297.664,-12.8979],"direction":[0.257824,-0.10965,-0.95995],"extended":false,"handId":592,"id":5920,"length":52.1025,"mcpPosition":[-7.84253,301.205,69.7269],"pipPosition":[-8.04565,301.401,19.8234],"stabilizedTipPosition":[-37.0093,313.062,54.128],"timeVisible":0.379637,"tipPosition":[12.4526,291.827,-26.0353],"tipVelocity":[171.165,-31.7897,-239.42],"tool":false,"touchDistance":-0.656746,"touchZone":"hovering","type":0,"width":20.2446},{"bases":[[[0.995056,-0.0976154,0.0182844],[0.0859997,0.939015,0.332949],[-0.0496703,-0.329731,0.942767]],[[0.978634,-0.142264,0.148449],[0.127996,0.986552,0.101649],[-0.160914,-0.0804758,0.983682]],[[0.978634,-0.142264,0.148449],[0.151029,0.98729,-0.0494812],[-0.139523,0.070844,0.987681]],[[0.978634,-0.142264,0.148449],[0.165791,0.973016,-0.160477],[-0.121613,0.18166,0.975812]]],"btipPosition":[19.9548,344.622,-81.1653],"carpPosition":[3.94145,321.729,70.9595],"dipPosition":[17.8775,347.725,-64.4974],"direction":[0.139523,-0.070844,-0.987681],"extended":true,"handId":592,"id":5921,"length":58.7918,"mcpPosition":[7.5947,345.98,1.61894],"pipPosition":[14.5061,349.437,-40.6311],"stabilizedTipPosition":[-44.8365,373.438,42.5924],"timeVisible":0.379637,"tipPosition":[19.5605,343.823,-77.1224],"tipVelocity":[163.328,-44.2309,-247.771],"tool":false,"touchDistance":0.331942,"touchZone":"hovering","type":1,"width":19.3376},{"bases":[[[0.949859,-0.299905,0.0884581],[0.251876,0.901526,0.351865],[-0.185273,-0.311941,0.931862]],[[0.946284,-0.305602,0.105613],[0.253255,0.497459,-0.829697],[0.201019,0.811876,0.548132]],[[0.946284,-0.305602,0.105613],[-0.119829,-0.634834,-0.7633],[0.300312,0.709643,-0.637353]],[[0.946284,-0.305602,0.105613],[-0.263881,-0.918679,-0.293932],[0.186851,0.250274,-0.949973]]],"btipPosition":[7.42265,280.091,15.7499],"carpPosition":[16.2344,322.332,71.1936],"dipPosition":[10.933,284.793,-2.09721],"direction":[-0.300312,-0.709643,0.637353],"extended":false,"handId":592,"id":5922,"length":66.9886,"mcpPosition":[29.1571,344.09,6.19675],"pipPosition":[19.4705,304.967,-20.2164],"stabilizedTipPosition":[-38.6501,300.567,84.9138],"timeVisible":0.379637,"tipPosition":[8.442,281.286,10.2422],"tipVelocity":[177.843,-89.0694,-129.835],"tool":false,"touchDistance":0.333333,"touchZone":"none","type":2,"width":18.9921},{"bases":[[[0.890533,-0.409643,0.197847],[0.313061,0.867392,0.386812],[-0.330065,-0.282531,0.900685]],[[0.88254,-0.416162,0.218933],[0.387524,0.379945,-0.839921],[0.26636,0.826106,0.496589]],[[0.88254,-0.416162,0.218933],[-0.141626,-0.679201,-0.720158],[0.448402,0.604562,-0.658362]],[[0.88254,-0.416162,0.218933],[-0.35234,-0.893561,-0.278219],[0.311414,0.1684,-0.935234]]],"btipPosition":[18.7587,280.638,28.9441],"carpPosition":[28.2219,319.734,71.8271],"dipPosition":[24.5756,283.784,11.4748],"direction":[-0.448402,-0.604562,0.658362],"extended":false,"handId":592,"id":5923,"length":64.4113,"mcpPosition":[48.8916,337.427,15.4232],"pipPosition":[36.9939,300.527,-6.75829],"stabilizedTipPosition":[-19.6444,296.249,85.2022],"timeVisible":0.379637,"tipPosition":[20.4509,281.342,23.421],"tipVelocity":[173.415,-70.0018,-159.071],"tool":false,"touchDistance":0.333333,"touchZone":"none","type":3,"width":18.0722},{"bases":[[[0.782296,-0.577239,0.234111],[0.417362,0.764727,0.490919],[-0.462409,-0.286335,0.839161]],[[0.816727,-0.552527,0.166345],[0.452581,0.434563,-0.778669],[0.357949,0.711244,0.604983]],[[0.816727,-0.552527,0.166345],[-0.210709,-0.553951,-0.805444],[0.537177,0.622778,-0.568849]],[[0.816727,-0.552527,0.166345],[-0.458869,-0.796701,-0.393328],[0.349852,0.244911,-0.904225]]],"btipPosition":[36.2583,285.113,28.9986],"carpPosition":[38.6384,310.054,72.3257],"dipPosition":[42.287,289.333,13.4168],"direction":[-0.537177,-0.622778,0.568849],"extended":false,"handId":592,"id":5924,"length":50.4973,"mcpPosition":[65.4441,326.653,23.6798],"pipPosition":[52.7907,301.511,2.29379],"stabilizedTipPosition":[-14.7632,303.137,111.494],"timeVisible":0.379637,"tipPosition":[37.9466,286.176,24.9393],"tipVelocity":[175.394,-60.7961,-204.35],"tool":false,"touchDistance":0.333333,"touchZone":"none","type":4,"width":16.0532}],"r":[[0.94064,0.278928,0.193378],[-0.24575,0.952703,-0.178785],[-0.2341,0.12065,0.964697]],"s":1.0431,"t":[103.604,-29.7449,-206.971],"timestamp":522779941535},false],[7,{"currentFrameRate":