{"sensorType":"Leap","data":[[0,{"currentFrameRate":92.932,"devices":[],"gestures":[],"hands":[{"armBasis":[[0.912717,-0.400128,-0.0827367],[0.406392,0.90998,0.0823453],[0.0423402,-0.108782,0.993164]],"armWidth":63.703,"confidence":0.742909,"direction":[0.329137,0.360983,-0.872559],"elbow":[18.8893,278.11,357.404],"grabStrength":0.0804802,"id":590,"palmNormal":[-0.301852,-0.835341,-0.459447],"palmPosition":[17.107,326.512,38.9662],"palmVelocity":[193.83,21.4074,-260.392],"palmWidth":90.9658,"pinchStrength":0.709283,"r":[[0.898263,0.352856,0.261948],[-0.380459,0.922738,0.0616839],[-0.219944,-0.155069,0.963109]],"s":1.00837,"sphereCenter":[9.49753,295.868,5.54325],"sphereRadius":42.829,"stabilizedPalmPosition":[-31.6794,318.31,114.525],"t":[102.516,25.5683,-169.111],"timeVisible":0.388915,"type":"right","wrist":[7.46048,307.473,89.321]}],"id":4202711,"interactionBox":{"center":[0,200,0],"size":[235.247,235.247,147.751]},"pointables":[{"bases":[[[0.694249,0.650755,0.307466],[-0.713537,0.566368,0.412421],[0.0942462,-0.505712,0.857539]],[[0.594382,0.800987,-0.071626],[-0.804162,0.592649,-0.045722],[0.00582637,0.0847753,0.996383]],[[0.594382,0.800987,-0.071626],[-0.784661,0.558142,-0.269785],[-0.176117,0.216558,0.960253]],[[0.594382,0.800987,-0.071626],[-0.46379,0.268669,-0.844225],[-0.656969,0.535011,0.531182]]],"btipPosition":[-1.34126,284.905,-12.2688],"carpPosition":[-22.4251,309.035,82.6149],"dipPosition":[-16.7126,297.423,0.159409],"direction":[0.176117,-0.216558,-0.960253],"extended":false,"handId":590,"id":5900,"length":52.1025,"mcpPosition":[-22.4251,309.035,82.6149],"pipPosition":[-22.7158,304.804,32.8911],"stabilizedTipPosition":[-45.7654,284.526,46.6986],"timeVisible":0.388915,"tipPosition":[-4.55664,288.492,-9.93589],"tipVelocity":[182.407,3.18427,-249.129],"tool":false,"touchDistance":-0.647772,"touchZone":"hovering","type":0,"width":20.2446},{"bases":[[[0.937298,-0.348109,0.017118],[0.324358,0.889214,0.322631],[-0.127532,-0.296849,0.94637]],[[0.923943,-0.370938,0.0934637],[0.3802,0.917412,-0.117489],[-0.0421636,0.144088,0.988666]],[[0.923943,-0.370938,0.0934637],[0.38241,0.889514,-0.250053],[0.00961692,0.266777,0.96371]],[[0.923943,-0.370938,0.0934637],[0.379872,0.860953,-0.338316],[0.0450262,0.348089,0.93638]]],"btipPosition":[4.40048,329.135,-67.7508],"carpPosition":[-5.78901,325.883,83.6002],"dipPosition":[5.16957,335.081,-51.7565],"direction":[-0.00961692,-0.266777,-0.96371],"extended":true,"handId":590,"id":5901,"length":58.7918,"mcpPosition":[3.59099,347.716,13.9947],"pipPosition":[5.40195,341.527,-28.4694],"stabilizedTipPosition":[-31.3926,324.312,-17.571],"timeVisible":0.388915,"tipPosition":[4.36057,329.758,-63.8656],"tipVelocity":[222.795,33.2319,-274.032],"tool":false,"touchDistance":-0.703733,"touchZone":"hovering","type":1,"width":19.3376},{"bases":[[[0.84233,-0.531468,0.0895654],[0.475271,0.810827,0.341579],[-0.254161,-0.245155,0.935576]],[[0.838091,-0.53538,0.104747],[0.366399,0.410163,-0.835175],[0.404172,0.738332,0.539917]],[[0.838091,-0.53538,0.104747],[-0.298514,-0.610783,-0.733371],[0.45661,0.583363,-0.671711]],[[0.838091,-0.53538,0.104747],[-0.502397,-0.832295,-0.234271],[0.212605,0.143716,-0.966512]]],"btipPosition":[-12.4715,285.569,29.7811],"carpPosition":[6.25213,323.332,83.8004],"dipPosition":[-8.47727,288.269,11.6232],"direction":[-0.45661,-0.583363,0.671711],"extended":false,"handId":590,"id":5902,"length":66.9886,"mcpPosition":[23.9797,340.431,18.5446],"pipPosition":[4.50361,304.853,-7.4727],"stabilizedTipPosition":[-54.1448,281.56,86.5602],"timeVisible":0.388915,"tipPosition":[-11.5651,285.979,24.7343],"tipVelocity":[177.157,30.0961,-242.967],"tool":false,"touchDistance":0.333333,"touchZone":"none","type":2,"width":18.9921},{"bases":[[[0.757506,-0.621353,0.200261],[0.525893,0.762556,0.376756],[-0.386808,-0.180079,0.904406]],[[0.749701,-0.624796,0.218125],[0.478052,0.283381,-0.831361],[0.457619,0.727547,0.511136]],[[0.749701,-0.624796,0.218125],[-0.321493,-0.631951,-0.70518],[0.578439,0.458549,-0.674642]],[[0.749701,-0.624796,0.218125],[-0.58208,-0.779381,-0.231836],[0.314853,0.0468418,-0.947984]]],"btipPosition":[-0.935417,282.972,41.3583],"carpPosition":[17.1829,317.767,84.4352],"dipPosition":[4.94573,283.847,23.6509],"direction":[-0.578439,-0.458549,0.674642],"extended":false,"handId":590,"id":5903,"length":64.4113,"mcpPosition":[41.4062,329.045,27.7982],"pipPosition":[20.9654,296.547,4.96698],"stabilizedTipPosition":[-47.4874,277.1,107.85],"timeVisible":0.388915,"tipPosition":[0.448353,283.02,36.8667],"tipVelocity":[173.9,28.7715,-247.622],"tool":false,"touchDistance":0.333333,"touchZone":"none","type":3,"width":18.0722},{"bases":[[[0.610271,-0.755417,0.238568],[0.601058,0.637704,0.481729],[-0.516042,-0.150592,0.843222]],[[0.640485,-0.744877,0.186916],[0.544859,0.269224,-0.794133],[0.541209,0.610473,0.578287]],[[0.640485,-0.744877,0.186916],[-0.384978,-0.522015,-0.761113],[0.664508,0.415523,-0.621104]],[[0.640485,-0.744877,0.186916],[-0.677518,-0.662653,-0.319155],[0.361591,0.0777752,-0.929087]]],"btipPosition":[16.3462,283.44,43.8461],"carpPosition":[24.7875,305.756,85.0148],"dipPosition":[22.5772,284.78,27.8359],"direction":[-0.664508,-0.415523,0.621104],"extended":false,"handId":590,"id":5904,"length":50.4973,"mcpPosition":[54.7023,314.485,36.1334],"pipPosition":[35.5707,292.905,15.6911],"stabilizedTipPosition":[-21.6815,278.095,96.5035],"timeVisible":0.388915,"tipPosition":[18.0827,283.536,39.3955],"tipVelocity":[172.046,22.6886,-238.307],"tool":false,"touchDistance":0.333333,"touchZone":"none","type":4,"width":16.0532}],"r":[[0.898263,0.352856,0.261948],[-0.380459,0.922738,0.0616839],[-0.219944,-0.155069,0.963109]],"s":1.00837,"t":[102.516,25.5683,-169.111],"timestamp":522773930880},false],[1,{"currentFrameRate":93.8415,"devices":[],"gestures":[],"hands":[{"armBasis":[[0.9119,-0.401565,-0.0847628],[0.408052,0.909227,0.0824533],[0.0439583,-0.109777,0.992984]],"armWidth":63.703,"confidence":0.750369,"direction":[0.333997,0.35539,-0.873008],"elbow":[20.2209,278.486,355.276],"grabStrength":0.069496,"id":590,"palmNormal":[-0.302257,-0.836901,-0.45633],"palmPosition":[18.2772,326.862,36.8294],"palmVelocity":[177.663,26.3631,-255.974],"palmWidth":90.9658,"pinchStrength":0.710988,"r":[[0.898665,0.350609,0.263582],[-0.377488,0.924218,0.0576502],[-0.223394,-0.151307,0.962913]],"s":1.01076,"sphereCenter":[10.3781,296.423,3.45488],"sphereRadius":42.8111,"stabilizedPalmPosition":[-29.4899,318.685,111.119],"t":[104.067,25.8612,-171.507],"timeVisible":0.397675,"type":"right","wrist":[8.35528,308.118,87.2416]}],"id":4202712,"interactionBox":{"center":[0,200,0],"size":[235.247,235.247,147.751]},"pointables":[{"bases":[[[0.69478,0.650383,0.307055],[-0.713691,0.570602,0.406274],[0.0890272,-0.501413,0.860615]],[[0.596107,0.799348,-0.0754982],[-0.802904,0.593633,-0.0542691],[0.00143841,0.092968,0.995668]],[[0.596107,0.799348,-0.0754982],[-0.782067,0.55678,-0.279942],[-0.181735,0.22592,0.957044]],[[0.596107,0.799348,-0.0754982],[-0.456287,0.259893,-0.851033],[-0.66065,0.541756,0.519656]]],"btipPosition":[0.0844038,284.714,-14.0728],"carpPosition":[-21.496,309.73,80.3962],"dipPosition":[-15.3731,297.39,-1.91423],"direction":[0.181735,-0.22592,-0.957044],"extended":false,"handId":590,"id":5900,"length":52.1025,"mcpPosition":[-21.496,309.73,80.3962],"pipPosition":[-21.5678,305.091,30.708],"stabilizedTipPosition":[-43.5651,284.688,43.6825],"timeVisible":0.397675,"tipPosition":[-3.22346,288.39,-11.815],"tipVelocity":[176.525,-2.3918,-239.438],"tool":false,"touchDistance":-0.639318,"touchZone":"hovering","type":0,"width":20.2446},{"bases":[[[0.936201,-0.350705,0.0230802],[0.325518,0.889981,0.31933],[-0.132532,-0.291445,0.947362]],[[0.922669,-0.372807,0.0984735],[0.382632,0.916814,-0.114217],[-0.0477009,0.143064,0.988563]],[[0.922669,-0.372807,0.0984735],[0.385569,0.889164,-0.246423],[0.00430914,0.265335,0.964147]],[[0.922669,-0.372807,0.0984735],[0.383511,0.860749,-0.33471],[0.0400214,0.346592,0.937162]]],"btipPosition":[6.19313,329.495,-70.0784],"carpPosition":[-4.81565,326.535,81.3652],"dipPosition":[6.87673,335.415,-54.0707],"direction":[-0.00430914,-0.265335,-0.964147],"extended":true,"handId":590,"id":5901,"length":58.7918,"mcpPosition":[4.93206,347.971,11.6867],"pipPosition":[6.98086,341.826,-30.7731],"stabilizedTipPosition":[-28.4559,324.821,-21.37],"timeVisible":0.397675,"tipPosition":[6.10251,330.012,-66.1634],"tipVelocity":[217.321,35.1429,-271.702],"tool":false,"touchDistance":-0.69656,"touchZone":"hovering","type":1,"width":19.3376},{"bases":[[[0.840386,-0.533403,0.0960816],[0.476119,0.811263,0.339357],[-0.258961,-0.239445,0.935738]],[[0.836066,-0.537225,0.111277],[0.370777,0.403794,-0.836346],[0.404373,0.7405,0.536789]],[[0.836066,-0.537225,0.111277],[-0.29758,-0.614462,-0.730673],[0.460911,0.577777,-0.673598]],[[0.836066,-0.537225,0.111277],[-0.503929,-0.832177,-0.231383],[0.216907,0.137376,-0.966478]]],"btipPosition":[-11.3845,285.963,27.8048],"carpPosition":[7.21705,323.951,81.6317],"dipPosition":[-7.30943,288.544,9.64764],"direction":[-0.460911,-0.577777,0.673598],"extended":false,"handId":590,"id":5902,"length":66.9886,"mcpPosition":[25.2795,340.652,16.3646],"pipPosition":[5.79373,304.969,-9.50196],"stabilizedTipPosition":[-52.2007,281.782,83.7604],"timeVisible":0.397675,"tipPosition":[-10.4532,286.348,22.7654],"tipVelocity":[163.486,33.2547,-238.302],"tool":false,"touchDistance":0.333333,"touchZone":"none","type":2,"width":18.9921},{"bases":[[[0.754819,-0.622454,0.206879],[0.526447,0.763034,0.375011],[-0.391282,-0.174155,0.903642]],[[0.746858,-0.625807,0.224875],[0.482637,0.277494,-0.830697],[0.457454,0.728946,0.509286]],[[0.746858,-0.625807,0.224875],[-0.320172,-0.634798,-0.703222],[0.582832,0.453208,-0.67447]],[[0.746858,-0.625807,0.224875],[-0.583331,-0.77891,-0.23027],[0.319262,0.0408019,-0.946788]]],"btipPosition":[0.0939779,283.391,39.3706],"carpPosition":[18.1288,318.358,82.344],"dipPosition":[6.05748,284.153,21.6855],"direction":[-0.582832,-0.453208,0.67447],"extended":false,"handId":590,"id":5903,"length":64.4113,"mcpPosition":[42.6322,329.265,25.755],"pipPosition":[22.1988,296.704,3.00632],"stabilizedTipPosition":[-45.5276,277.359,104.945],"timeVisible":0.397675,"tipPosition":[1.49925,283.411,34.8906],"tipVelocity":[159.348,33.068,-241.908],"tool":false,"touchDistance":0.333333,"touchZone":"none","type":3,"width":18.0722},{"bases":[[[0.60703,-0.755889,0.245249],[0.600789,0.638527,0.480974],[-0.520161,-0.144622,0.841734]],[[0.637291,-0.745793,0.194047],[0.549319,0.263038,-0.793133],[0.540471,0.61205,0.57731]],[[0.637291,-0.745793,0.194047],[-0.38309,-0.525086,-0.759952],[0.668658,0.409973,-0.620338]],[[0.637291,-0.745793,0.194047],[-0.678067,-0.66233,-0.31866],[0.366177,0.0715026,-0.927794]]],"btipPosition":[17.3593,283.827,41.9356],"carpPosition":[25.6959,306.328,83.0207],"dipPosition":[23.6694,285.06,25.9476],"direction":[-0.668658,-0.409973,0.620338],"extended":false,"handId":590,"id":5904,"length":50.4973,"mcpPosition":[55.8495,314.712,34.2256],"pipPosition":[36.744,293.076,13.8178],"stabilizedTipPosition":[-19.8787,278.363,93.9104],"timeVisible":0.397675,"tipPosition":[19.1153,283.894,37.5051],"tipVelocity":[157.471,27.7026,-232.728],"tool":false,"touchDistance":0.333333,"touchZone":"none","type":4,"width":16.0532}],"r":[[0.898665,0.350609,0.263582],[-0.377488,0.924218,0.0576502],[-0.223394,-0.151307,0.962913]],"s":1.01076,"t":[104.067,25.8612,-171.507],"timestamp":522773939640},false],[2,{"currentFrameRate":94.4951,"devices":[],"gestures":[],"hands":[{"armBasis":[[0.910855,-0.403684,-0.0859168],[0.410085,0.908711,0.0779378],[0.0466113,-0.106223,0.993249]],"armWidth":63.703,"confidence":0.757729,"direction":[0.334651,0.346481,-0.876333],"elbow":[22.3337,280.302,353.53],"grabStrength":0.0618801,"id":590,"palmNormal":[-0.305008,-0.840067,-0.448617],"palmPosition":[19.7063,327.233,34.8406],"palmVelocity":[171.255,30.238,-244.603],"palmWidth":90.9658,"pinchStrength":0.711707,"r":[[0.899215,0.348743,0.264179],[-0.374529,0.925711,0.0527918],[-0.226143,-0.146414,0.963028]],"s":1.0128,"sphereCenter":[11.4402,296.778,1.67905],"sphereRadius":42.7944,"stabilizedPalmPosition":[-27.2445,319.075,107.638],"t":[105.557,26.1931,-173.699],"timeVisible":0.406906,"type":"right","wrist":[9.752,308.975,85.4246]}],"id":4202713,"interactionBox":{"center":[0,200,0],"size":[235.247,235.247,147.751]},"pointables":[{"bases":[[[0.696892,0.65102,0.300855],[-0.711766,0.576406,0.401429],[0.0879236,-0.493891,0.865067]],[[0.597864,0.797129,-0.0845252],[-0.801596,0.594757,-0.0608932],[0.00173229,0.104161,0.994559]],[[0.597864,0.797129,-0.0845252],[-0.780347,0.554651,-0.288828],[-0.183351,0.238639,0.953642]],[[0.597864,0.797129,-0.0845252],[-0.458392,0.253478,-0.851837],[-0.657598,0.548028,0.516943]]],"btipPosition":[1.45189,284.461,-15.6558],"carpPosition":[-20.0975,310.616,78.5784],"dipPosition":[-13.9342,297.283,-3.56073],"direction":[0.183351,-0.238639,-0.953642],"extended":false,"handId":590,"id":5900,"length":52.1025,"mcpPosition":[-20.0975,310.616,78.5784],"pipPosition":[-20.184,305.418,28.9456],"stabilizedTipPosition":[-41.2887,284.837,40.5787],"timeVisible":0.406906,"tipPosition":[-1.89217,288.19,-13.3851],"tipVelocity":[169.061,-8.3964,-220.819],"tool":false,"touchDistance":-0.627684,"touchZone":"hovering","type":0,"width":20.2446},{"bases":[[[0.935147,-0.353318,0.0258211],[0.328363,0.891837,0.311134],[-0.132957,-0.282477,0.950015]],[[0.92179,-0.374444,0.100473],[0.384741,0.915426,-0.118194],[-0.0477189,0.147607,0.987894]],[[0.92179,-0.374444,0.100473],[0.387661,0.887122,-0.250466],[0.00465342,0.269827,0.962898]],[[0.92179,-0.374444,0.100473],[0.38555,0.858197,-0.338893],[0.0406704,0.351126,0.935445]]],"btipPosition":[7.65548,329.297,-72.1624],"carpPosition":[-3.36597,327.378,79.388],"dipPosition":[8.35017,335.295,-56.184],"direction":[-0.00465342,-0.269827,-0.962898],"extended":true,"handId":590,"id":5901,"length":58.7918,"mcpPosition":[6.41305,348.154,9.51441],"pipPosition":[8.46262,341.815,-32.9166],"stabilizedTipPosition":[-25.5856,325.284,-25.0986],"timeVisible":0.406906,"tipPosition":[7.56053,329.789,-68.2387],"tipVelocity":[200.874,19.8155,-259.019],"tool":false,"touchDistance":-0.686598,"touchZone":"hovering","type":1,"width":19.3376},{"bases":[[[0.838815,-0.535058,0.100513],[0.478735,0.812847,0.331802],[-0.259235,-0.230201,0.937979]],[[0.834495,-0.538726,0.11573],[0.37171,0.395343,-0.839962],[0.406756,0.743962,0.530161]],[[0.834495,-0.538726,0.11573],[-0.299642,-0.619937,-0.725185],[0.462421,0.570485,-0.678759]],[[0.834495,-0.538726,0.11573],[-0.506504,-0.832672,-0.223853],[0.216961,0.128186,-0.967727]]],"btipPosition":[-10.0822,286.34,26.1788],"carpPosition":[8.65899,324.76,79.6725],"dipPosition":[-6.0062,288.748,7.99815],"direction":[-0.462421,-0.570485,0.678759],"extended":false,"handId":590,"id":5902,"length":66.9886,"mcpPosition":[26.7405,340.816,14.249],"pipPosition":[7.13988,304.967,-11.2982],"stabilizedTipPosition":[-50.1889,282.021,80.8746],"timeVisible":0.406906,"tipPosition":[-9.15221,286.683,21.1603],"tipVelocity":[157.205,34.1886,-221.029],"tool":false,"touchDistance":0.333333,"touchZone":"none","type":2,"width":18.9921},{"bases":[[[0.753032,-0.622845,0.212148],[0.528933,0.76479,0.367867],[-0.391373,-0.164803,0.905355]],[[0.744827,-0.626102,0.230716],[0.484327,0.269446,-0.832362],[0.458978,0.731707,0.503929]],[[0.744827,-0.626102,0.230716],[-0.32124,-0.639526,-0.698435],[0.58484,0.446098,-0.677465]],[[0.744827,-0.626102,0.230716],[-0.585511,-0.779093,-0.224033],[0.320017,0.0317795,-0.946879]]],"btipPosition":[1.38717,283.83,37.6735],"carpPosition":[19.5541,319.141,80.4303],"dipPosition":[7.36478,284.423,19.9867],"direction":[-0.58484,-0.446098,0.677465],"extended":false,"handId":590,"id":5903,"length":64.4113,"mcpPosition":[44.0632,329.462,23.7339],"pipPosition":[23.5617,296.778,1.2246],"stabilizedTipPosition":[-43.5066,277.636,101.96],"timeVisible":0.406906,"tipPosition":[2.79467,283.819,33.2547],"tipVelocity":[154.045,35.9584,-225.632],"tool":false,"touchDistance":0.333333,"touchZone":"none","type":3,"width":18.0722},{"bases":[[[0.604858,-0.75548,0.251789],[0.60295,0.64102,0.474916],[-0.520191,-0.135441,0.843242]],[[0.634596,-0.746135,0.20142],[0.549665,0.252534,-0.796301],[0.543283,0.616043,0.570382]],[[0.634596,-0.746135,0.20142],[-0.385785,-0.531656,-0.753997],[0.66967,0.400779,-0.625235]],[[0.634596,-0.746135,0.20142],[-0.680708,-0.663035,-0.311483],[0.365956,0.060558,-0.92866]]],"btipPosition":[18.6349,284.289,40.3952],"carpPosition":[27.0851,307.094,81.2121],"dipPosition":[24.9411,285.332,24.3923],"direction":[-0.66967,-0.400779,0.625235],"extended":false,"handId":590,"id":5904,"length":50.4973,"mcpPosition":[57.2405,314.946,32.3296],"pipPosition":[38.0356,293.169,12.1667],"stabilizedTipPosition":[-18.013,278.651,91.2402],"timeVisible":0.406906,"tipPosition":[20.3874,284.301,35.9692],"tipVelocity":[152.033,32.6308,-214.357],"tool":false,"touchDistance":0.333333,"touchZone":"none","type":4,"width":16.0532}],"r":[[0.899215,0.348743,0.264179],[-0.374529,0.925711,0.0527918],[-0.226143,-0.146414,0.963028]],"s":1.0128,"t":[105.557,26.1931,-173.699],"timestamp":522773948871},false],[3,{"currentFrameRate":95.2857,"devices":[],"gestures":[],"hands":[{"armBasis":[[0.909707,-0.407694,-0.0788588],[0.41364,0.906398,0.0857032],[0.0365367,-0.110584,0.993195]],"armWidth":63.703,"confidence":0.768942,"direction":[0.338032,0.339285,-0.87785],"elbow":[20.6886,279.586,352.077],"grabStrength":0.0538999,"id":590,"palmNormal":[-0.310124,-0.840504,-0.44427],"palmPosition":[20.9643,327.342,33.3128],"palmVelocity":[163.263,25.3674,-224.966],"palmWidth":90.9658,"pinchStrength":0.714086,"r":[[0.900052,0.346335,0.264495],[-0.370912,0.927438,0.0477727],[-0.228758,-0.141102,0.963203]],"s":1.0146,"sphereCenter":[12.2518,297.047,0.239536],"sphereRadius":42.7782,"stabilizedPalmPosition":[-25.1498,319.434,104.408],"t":[106.932,26.4136,-175.56],"timeVisible":0.415778,"type":"right","wrist":[10.8263,309.436,83.9861]}],"id":4202714,"interactionBox":{"center":[0,200,0],"size":[235.247,235.247,147.751]},"pointables":[{"bases":[[[0.700903,0.647994,0.298058],[-0.708346,0.583435,0.397303],[0.0835523,-0.489599,0.867936]],[[0.60259,0.79295,-0.0900896],[-0.798051,0.59884,-0.0671254],[0.000722146,0.112345,0.993669]],[[0.60259,0.79295,-0.0900896],[-0.775862,0.555655,-0.298807],[-0.186881,0.249955,0.950052]],[[0.60259,0.79295,-0.0900896],[-0.457619,0.250845,-0.853031],[-0.653812,0.555254,0.514026]]],"btipPosition":[2.62834,284.121,-16.9054],"carpPosition":[-19.0032,311.239,77.0938],"dipPosition":[-12.6691,297.113,-4.87853],"direction":[0.186881,-0.249955,-0.950052],"extended":false,"handId":590,"id":5900,"length":52.1025,"mcpPosition":[-19.0032,311.239,77.0938],"pipPosition":[-19.0392,305.633,27.5054],"stabilizedTipPosition":[-39.1088,284.96,37.6261],"timeVisible":0.415778,"tipPosition":[-0.760716,287.928,-14.6318],"tipVelocity":[159.794,-15.3126,-199.604],"tool":false,"touchDistance":-0.612228,"touchZone":"hovering","type":0,"width":20.2446},{"bases":[[[0.932712,-0.359457,0.0289642],[0.333994,0.891341,0.306527],[-0.136,-0.276228,0.951421]],[[0.919334,-0.379822,0.102762],[0.390423,0.91302,-0.118173],[-0.048939,0.148761,0.987661]],[[0.919334,-0.379822,0.102762],[0.393457,0.884654,-0.250159],[0.00410717,0.270412,0.962736]],[[0.919334,-0.379822,0.102762],[0.391372,0.85569,-0.338559],[0.04066,0.351467,0.935317]]],"btipPosition":[9.15104,329.283,-73.8077],"carpPosition":[-2.16,327.893,77.83],"dipPosition":[9.84556,335.286,-57.8315],"direction":[-0.00410717,-0.270412,-0.962736],"extended":true,"handId":590,"id":5901,"length":58.7918,"mcpPosition":[7.84282,348.21,7.853],"pipPosition":[9.9448,341.82,-34.568],"stabilizedTipPosition":[-22.9715,325.687,-28.4722],"timeVisible":0.415778,"tipPosition":[9.03996,329.725,-69.8688],"tipVelocity":[192.11,14.045,-239.078],"tool":false,"touchDistance":-0.670959,"touchZone":"hovering","type":1,"width":19.3376},{"bases":[[[0.835067,-0.540121,0.104556],[0.483805,0.811458,0.327825],[-0.261908,-0.223171,0.938935]],[[0.830713,-0.543667,0.11976],[0.375755,0.388847,-0.841193],[0.410761,0.74379,0.527306]],[[0.830713,-0.543667,0.11976],[-0.30247,-0.621382,-0.72277],[0.467363,0.56419,-0.680633]],[[0.830713,-0.543667,0.11976],[-0.511676,-0.830402,-0.220501],[0.219328,0.121894,-0.968007]]],"btipPosition":[-9.08606,286.591,24.7799],"carpPosition":[9.84668,325.195,78.1441],"dipPosition":[-4.96555,288.881,6.59392],"direction":[-0.467363,-0.56419,0.680633],"extended":false,"handId":590,"id":5902,"length":66.9886,"mcpPosition":[28.1146,340.762,12.6539],"pipPosition":[8.32103,304.92,-12.7557],"stabilizedTipPosition":[-48.3005,282.25,78.1676],"timeVisible":0.415778,"tipPosition":[-8.14742,286.913,19.8154],"tipVelocity":[145.332,31.7482,-203.883],"tool":false,"touchDistance":0.333333,"touchZone":"none","type":2,"width":18.9921},{"bases":[[[0.74856,-0.6267,0.216576],[0.533635,0.763267,0.364222],[-0.393563,-0.157069,0.90578]],[[0.740187,-0.62984,0.235425],[0.487626,0.261732,-0.832897],[0.462973,0.731299,0.500857]],[[0.740187,-0.62984,0.235425],[-0.324265,-0.641083,-0.695604],[0.589047,0.438537,-0.678756]],[[0.740187,-0.62984,0.235425],[-0.590388,-0.776341,-0.220765],[0.321817,0.0244151,-0.946487]]],"btipPosition":[2.34438,284.077,36.3291],"carpPosition":[20.7028,319.508,78.9469],"dipPosition":[8.35561,284.533,18.6497],"direction":[-0.589046,-0.438537,0.678756],"extended":false,"handId":590,"id":5903,"length":64.4113,"mcpPosition":[45.349,329.344,22.2239],"pipPosition":[24.669,296.679,-0.148191],"stabilizedTipPosition":[-41.6084,277.899,99.1588],"timeVisible":0.415778,"tipPosition":[3.75956,284.037,31.9371],"tipVelocity":[141.761,32.807,-205.478],"tool":false,"touchDistance":0.333333,"touchZone":"none","type":3,"width":18.0722},{"bases":[[[0.599448,-0.758108,0.256777],[0.606686,0.639605,0.472056],[-0.522106,-0.12719,0.843344]],[[0.628968,-0.749368,0.206996],[0.552486,0.243522,-0.797155],[0.546954,0.615747,0.567183]],[[0.628968,-0.749368,0.206996],[-0.388792,-0.533761,-0.75096],[0.673232,0.391851,-0.627066]],[[0.628968,-0.749368,0.206996],[-0.685103,-0.660115,-0.30803],[0.367469,0.0519274,-0.928585]]],"btipPosition":[19.5867,284.465,39.1305],"carpPosition":[28.1514,307.415,79.8057],"dipPosition":[25.919,285.36,23.1289],"direction":[-0.673232,-0.391851,0.627066],"extended":false,"handId":590,"id":5904,"length":50.4973,"mcpPosition":[58.4178,314.788,30.9173],"pipPosition":[39.0831,293.022,10.8675],"stabilizedTipPosition":[-16.2569,278.921,88.7316],"timeVisible":0.415778,"tipPosition":[21.3404,284.434,34.7174],"tipVelocity":[140.077,28.124,-194.869],"tool":false,"touchDistance":0.333333,"touchZone":"none","type":4,"width":16.0532}],"r":[[0.900052,0.346335,0.264495],[-0.370912,0.927438,0.0477727],[-0.228758,-0.141102,0.963203]],"s":1.0146,"t":[106.932,26.4136,-175.56],"timestamp":522773957743},false],[4,{"currentFrameRate":95.8003,"devices":[],"gestures":[],"hands":[{"armBasis":[[0.904465,-0.420023,-0.074325],[0.425363,0.901135,0.0837954],[0.0317809,-0.107405,0.993707]],"armWidth":63.703,"confidence":0.775252,"direction":[0.341334,0.330657,-0.879862],"elbow":[20.6485,280.809,350.664],"grabStrength":0.0451944,"id":590,"palmNormal":[-0.322046,-0.838282,-0.439965],"palmPosition":[22.3767,327.335,31.666],"palmVelocity":[159.613,17.9541,-210.86],"palmWidth":90.9658,"pinchStrength":0.718147,"r":[[0.901713,0.342221,0.264195],[-0.365488,0.929822,0.0430007],[-0.230939,-0.135335,0.96351]],"s":1.01625,"sphereCenter":[12.954,297.265,-1.33403],"sphereRadius":42.7789,"stabilizedPalmPosition":[-22.9946,319.792,101.11],"t":[108.325,26.5206,-177.313],"timeVisible":0.425167,"type":"right","wrist":[12.07,309.801,82.435]}],"id":4202715,"interactionBox":{"center":[0,200,0],"size":[235.247,235.247,147.751]},"pointables":[{"bases":[[[0.709989,0.639852,0.294117],[-0.69986,0.594751,0.395559],[0.078173,-0.486683,0.870074]],[[0.612876,0.784436,-0.0950966],[-0.790173,0.608879,-0.069949],[0.00303175,0.118013,0.993007]],[[0.612876,0.784436,-0.0950966],[-0.768178,0.56328,-0.304332],[-0.185163,0.259569,0.947807]],[[0.612876,0.784436,-0.0950966],[-0.457738,0.25435,-0.851929],[-0.644096,0.565656,0.514951]]],"btipPosition":[3.48814,284.003,-18.3366],"carpPosition":[-17.7423,311.975,75.5747],"dipPosition":[-11.582,297.238,-6.28808],"direction":[0.185163,-0.259569,-0.947807],"extended":false,"handId":590,"id":5900,"length":52.1025,"mcpPosition":[-17.7423,311.975,75.5747],"pipPosition":[-17.8936,306.085,26.0194],"stabilizedTipPosition":[-36.8786,285.079,34.5945],"timeVisible":0.425167,"tipPosition":[0.112356,287.861,-16.0298],"tipVelocity":[141.965,-12.8533,-186.029],"tool":false,"touchDistance":-0.600731,"touchZone":"hovering","type":0,"width":20.2446},{"bases":[[[0.927825,-0.371859,0.0293662],[0.346404,0.888159,0.301957],[-0.138367,-0.269991,0.952869]],[[0.914509,-0.391436,0.102226],[0.401858,0.908093,-0.117804],[-0.0467178,0.148814,0.987761]],[[0.914509,-0.391436,0.102226],[0.404491,0.879843,-0.249526],[0.00773068,0.269543,0.962957]],[[0.914509,-0.391436,0.102226],[0.402022,0.850988,-0.337931],[0.0452855,0.350139,0.935603]]],"btipPosition":[10.5479,329.375,-75.5474],"carpPosition":[-0.675204,328.403,76.2113],"dipPosition":[11.3215,335.356,-59.5663],"direction":[-0.00773068,-0.269543,-0.962957],"extended":true,"handId":590,"id":5901,"length":58.7918,"mcpPosition":[9.5017,348.261,6.12779],"pipPosition":[11.5083,341.869,-36.2975],"stabilizedTipPosition":[-20.3451,326.082,-31.8548],"timeVisible":0.425167,"tipPosition":[10.4324,329.763,-71.5919],"tipVelocity":[180.331,12.6975,-223.738],"tool":false,"touchDistance":-0.658276,"touchZone":"hovering","type":1,"width":19.3376},{"bases":[[[0.827861,-0.550841,0.105923],[0.495155,0.806362,0.323421],[-0.263566,-0.2153,0.940308]],[[0.823494,-0.554248,0.121104],[0.380958,0.38205,-0.841967],[0.420391,0.739491,0.525761]],[[0.823494,-0.554248,0.121104],[-0.310418,-0.618874,-0.721551],[0.474866,0.5566,-0.681688]],[[0.823494,-0.554248,0.121104],[-0.522665,-0.824198,-0.217988],[0.220633,0.116215,-0.968409]]],"btipPosition":[-8.22451,286.921,23.1736],"carpPosition":[11.2945,325.545,76.5216],"dipPosition":[-4.07948,289.105,4.98016],"direction":[-0.474867,-0.5566,0.681688],"extended":false,"handId":590,"id":5902,"length":66.9886,"mcpPosition":[29.678,340.562,10.9357],"pipPosition":[9.42042,304.928,-14.3994],"stabilizedTipPosition":[-46.4018,282.489,75.429],"timeVisible":0.425167,"tipPosition":[-7.28691,287.24,18.3269],"tipVelocity":[130.258,31.987,-194.599],"tool":false,"touchDistance":0.333333,"touchZone":"none","type":2,"width":18.9921},{"bases":[[[0.740354,-0.63573,0.218458],[0.544382,0.757672,0.359973],[-0.394365,-0.147583,0.907026]],[[0.731871,-0.638701,0.23754],[0.490238,0.251371,-0.834554],[0.473319,0.727237,0.497086]],[[0.731871,-0.638701,0.23754],[-0.333616,-0.639783,-0.692371],[0.594192,0.427479,-0.68132]],[[0.731871,-0.638701,0.23754],[-0.601072,-0.769295,-0.216561],[0.321056,0.015716,-0.94693]]],"btipPosition":[3.17549,284.341,34.8881],"carpPosition":[22.0741,319.716,77.3361],"dipPosition":[9.1725,284.635,17.2003],"direction":[-0.594192,-0.427479,0.68132],"extended":false,"handId":590,"id":5903,"length":64.4113,"mcpPosition":[46.7705,328.958,20.5351],"pipPosition":[25.6284,296.474,-1.66857],"stabilizedTipPosition":[-39.6826,278.17,96.3079],"timeVisible":0.425167,"tipPosition":[4.58573,284.265,30.5087],"tipVelocity":[126.511,30.3354,-190.741],"tool":false,"touchDistance":0.333333,"touchZone":"none","type":3,"width":18.0722},{"bases":[[[0.589542,-0.76493,0.259467],[0.615913,0.633534,0.468279],[-0.522582,-0.116261,0.844625]],[[0.618808,-0.756916,0.210131],[0.554606,0.231527,-0.799255],[0.556317,0.611125,0.56306]],[[0.618808,-0.756916,0.210131],[-0.397409,-0.532391,-0.747413],[0.6776,0.378997,-0.630253]],[[0.618808,-0.756916,0.210131],[-0.694655,-0.652171,-0.303525],[0.366784,0.041855,-0.929364]]],"btipPosition":[20.4186,284.532,37.7126],"carpPosition":[29.3604,307.528,78.2407],"dipPosition":[26.7391,285.254,21.6976],"direction":[-0.6776,-0.378997,0.630253],"extended":false,"handId":590,"id":5904,"length":50.4973,"mcpPosition":[59.6543,314.267,29.278],"pipPosition":[39.9886,292.664,9.37394],"stabilizedTipPosition":[-14.4826,279.19,86.1861],"timeVisible":0.425167,"tipPosition":[22.1616,284.453,33.3064],"tipVelocity":[125.347,20.9509,-182.482],"tool":false,"touchDistance":0.333333,"touchZone":"none","type":4,"width":16.0532}],"r":[[0.901713,0.342221,0.264195],[-0.365488,0.929822,0.0430007],[-0.230939,-0.135335,0.96351]],"s":1.01625,"t":[108.325,26.5206,-177.313],"timestamp":522773967132},false],[5,{"currentFrameRate":96.6171,"devices":[],"gestures":[],"hands":[{"armBasis":[[0.902963,-0.424591,-0.0661883],[0.429073,0.899288,0.0847171],[0.0235523,-0.104896,0.994204]],"armWidth":63.703,"confidence":0.743863,"direction":[0.343616,0.333223,-0.878004],"elbow":[19.5163,281.446,349.274],"grabStrength":0.0372893,"id":590,"palmNormal":[-0.324374,-0.835276,-0.443954],"palmPosition":[23.5921,327.475,30.2296],"palmVelocity":[154.318,17.456,-198.677],"palmWidth":90.9658,"pinchStrength":0.723271,"r":[[0.903188,0.338071,0.264497],[-0.3605,0.931906,0.0398813],[-0.233004,-0.131371,0.963562]],"s":1.01792,"sphereCenter":[13.8559,297.831,-2.98526],"sphereRadius":42.7891,"stabilizedPalmPosition":[-21.0422,320.114,98.1392],"t":[109.629,26.644,-178.908],"timeVisible":0.433863,"type":"right","wrist":[13.1589,309.76,80.9101]}],"id":4202716,"interactionBox":{"center":[0,200,0],"size":[235.247,235.247,147.751]},"pointables":[{"bases":[[[0.711817,0.636127,0.297756],[-0.69831,0.59548,0.397198],[0.0753606,-0.490659,0.868087]],[[0.615522,0.782799,-0.09143],[-0.788118,0.611633,-0.0691032],[0.00182768,0.114592,0.993411]],[[0.615522,0.782799,-0.09143],[-0.765439,0.56614,-0.305923],[-0.187714,0.258286,0.947656]],[[0.615522,0.782799,-0.09143],[-0.458637,0.261434,-0.849297],[-0.640925,0.564694,0.519938]]],"btipPosition":[4.66655,284.331,-20.0221],"carpPosition":[-16.6367,312.067,74.0209],"dipPosition":[-10.3294,297.544,-7.85688],"direction":[0.187714,-0.258286,-0.947656],"extended":false,"handId":590,"id":5900,"length":52.1025,"mcpPosition":[-16.6367,312.067,74.0209],"pipPosition":[-16.7279,306.348,24.4454],"stabilizedTipPosition":[-34.8789,285.199,31.8745],"timeVisible":0.433863,"tipPosition":[1.28371,288.184,-17.6522],"tipVelocity":[140.768,0.498396,-187.285],"tool":false,"touchDistance":-0.593872,"touchZone":"hovering","type":0,"width":20.2446},{"bases":[[[0.926494,-0.375194,0.0289667],[0.349083,0.885657,0.306191],[-0.140536,-0.273572,0.951529]],[[0.913256,-0.394758,0.100649],[0.404495,0.908049,-0.108768],[-0.0484568,0.140045,0.988959]],[[0.913256,-0.394758,0.100649],[0.407341,0.881126,-0.240187],[0.00613163,0.26035,0.965495]],[[0.913256,-0.394758,0.100649],[0.405018,0.853198,-0.328654],[0.0438655,0.340909,0.939072]]],"btipPosition":[12.0065,330.425,-77.0827],"carpPosition":[0.486261,328.433,74.7495],"dipPosition":[12.7558,336.248,-61.0423],"direction":[-0.00613163,-0.26035,-0.965495],"extended":true,"handId":590,"id":5901,"length":58.7918,"mcpPosition":[10.8227,348.554,4.76454],"pipPosition":[12.9039,342.539,-37.7122],"stabilizedTipPosition":[-17.9646,326.498,-34.8952],"timeVisible":0.433863,"tipPosition":[11.8749,330.73,-73.1092],"tipVelocity":[176.798,40.3852,-210.736],"tool":false,"touchDistance":-0.643606,"touchZone":"hovering","type":1,"width":19.3376},{"bases":[[[0.825812,-0.554154,0.10463],[0.497523,0.803254,0.327497],[-0.265528,-0.218395,0.939041]],[[0.821423,-0.557604,0.119762],[0.384961,0.387154,-0.837805],[0.420797,0.734295,0.532673]],[[0.821423,-0.557604,0.119762],[-0.309717,-0.612461,-0.727301],[0.478895,0.560329,-0.675789]],[[0.821423,-0.557604,0.119762],[-0.524609,-0.821112,-0.224857],[0.223719,0.121874,-0.967004]]],"btipPosition":[-7.12862,287.162,21.2762],"carpPosition":[12.4456,325.532,75.063],"dipPosition":[-2.92563,289.452,3.10908],"direction":[-0.478895,-0.560329,0.675789],"extended":false,"handId":590,"id":5902,"length":66.9886,"mcpPosition":[30.966,340.765,9.5654],"pipPosition":[10.6888,305.381,-16.1028],"stabilizedTipPosition":[-44.7344,282.705,73.012],"timeVisible":0.433863,"tipPosition":[-6.18071,287.534,16.5729],"tipVelocity":[129.537,31.5923,-200.707],"tool":false,"touchDistance":0.333333,"touchZone":"none","type":2,"width":18.9921},{"bases":[[[0.737866,-0.639218,0.21669],[0.546534,0.754238,0.363903],[-0.396049,-0.150083,0.905881]],[[0.729101,-0.642323,0.236289],[0.491336,0.250897,-0.83405],[0.476445,0.724204,0.498526]],[[0.729101,-0.642323,0.236289],[-0.336473,-0.637049,-0.693509],[0.595985,0.426133,-0.680598]],[[0.729101,-0.642323,0.236289],[-0.604173,-0.766252,-0.218706],[0.321537,0.0166989,-0.94675]]],"btipPosition":[4.21247,284.598,33.4023],"carpPosition":[23.2039,319.662,75.8663],"dipPosition":[10.2185,284.91,15.718],"direction":[-0.595985,-0.426133,0.680598],"extended":false,"handId":590,"id":5903,"length":64.4113,"mcpPosition":[48.0057,329.06,19.1371],"pipPosition":[26.724,296.712,-3.13093],"stabilizedTipPosition":[-37.9467,278.42,93.7401],"timeVisible":0.433863,"tipPosition":[5.63444,284.516,28.9811],"tipVelocity":[124.637,30.2624,-185.413],"tool":false,"touchDistance":0.333333,"touchZone":"none","type":3,"width":18.0722},{"bases":[[[0.586554,-0.768068,0.256953],[0.617494,0.629393,0.471769],[-0.524075,-0.118051,0.843451]],[[0.615771,-0.759992,0.207938],[0.5566,0.232775,-0.797503],[0.557694,0.606817,0.566348]],[[0.615771,-0.759992,0.207938],[-0.398263,-0.527923,-0.750122],[0.679862,0.37909,-0.627757]],[[0.615771,-0.759992,0.207938],[-0.696568,-0.648421,-0.307152],[0.368264,0.0442926,-0.928665]]],"btipPosition":[21.4732,284.662,36.0912],"carpPosition":[30.4468,307.445,76.7282],"dipPosition":[27.8192,285.425,20.0882],"direction":[-0.679862,-0.37909,0.627757],"extended":false,"handId":590,"id":5904,"length":50.4973,"mcpPosition":[60.8273,314.289,27.8336],"pipPosition":[41.1129,292.838,7.81333],"stabilizedTipPosition":[-12.9041,279.428,83.9175],"timeVisible":0.433863,"tipPosition":[23.2201,284.595,31.6963],"tipVelocity":[124.44,19.6329,-183.458],"tool":false,"touchDistance":0.333333,"touchZone":"none","type":4,"width":16.0532}],"r":[[0.903188,0.338071,0.264497],[-0.3605,0.931906,0.0398813],[-0.233004,-0.131371,0.963562]],"s":1.01792,"t":[109.629,26.644,-178.908],"timestamp":522773975828},false],[6,{"currentFrameRate":97.1795,"devices":[],"gestures":[],"hands":[{"armBasis":[[0.90426,-0.421176,-0.0701715],[0.426148,0.900487,0.0867205],[0.0266639,-0.108321,0.993758]],"armWidth":63.703,"confidence":0.749063,"direction":[0.346439,0.336331,-0.875706],"elbow":[21.0812,280.659,347.355],"grabStrength":0.030881,"id":590,"palmNormal":[-0.319658,-0.83532,-0.44728],"palmPosition":[24.485,327.761,28.519],"palmVelocity":[138.483,21.2952,-195.359],"palmWidth":90.9658,"pinchStrength":0.725455,"r":[[0.903896,0.335218,0.265709],[-0.357141,0.933298,0.0374845],[-0.23542,-0.128778,0.963324]],"s":1.01935,"sphereCenter":[14.7608,298.396,-4.86612],"sphereRadius":42.7792,"stabilizedPalmPosition":[-19.1285,320.436,95.2128],"t":[110.728,26.8488,-180.561],"timeVisible":0.443022,"type":"right","wrist":[13.8838,309.898,79.1123]}],"id":4202717,"interactionBox":{"center":[0,200,0],"size":[235.247,235.247,147.751]},"pointables":[{"bases":[[[0.708398,0.637767,0.302368],[-0.702019,0.592298,0.395414],[0.0730901,-0.492378,0.867307]],[[0.613105,0.785134,-0.0875595],[-0.789991,0.608752,-0.0730472],[-0.00404992,0.113957,0.993477]],[[0.613105,0.785134,-0.0875595],[-0.764963,0.562332,-0.314029],[-0.197318,0.259513,0.945367]],[[0.613105,0.785134,-0.0875595],[-0.458342,0.263245,-0.848896],[-0.643448,0.560595,0.521257]]],"btipPosition":[6.09481,284.473,-21.9039],"carpPosition":[-15.8881,312.122,72.0952],"dipPosition":[-8.96018,297.589,-9.70786],"direction":[0.197317,-0.259513,-0.945367],"extended":false,"handId":590,"id":5900,"length":52.1025,"mcpPosition":[-15.8881,312.122,72.0952],"pipPosition":[-15.686,306.435,22.5164],"stabilizedTipPosition":[-32.8219,285.325,29.0792],"timeVisible":0.443022,"tipPosition":[2.62608,288.319,-19.4986],"tipVelocity":[144.583,3.99465,-192.135],"tool":false,"touchDistance":-0.590939,"touchZone":"hovering","type":0,"width":20.2446},{"bases":[[[0.927577,-0.372237,0.0322617],[0.344816,0.886093,0.309743],[-0.143885,-0.276186,0.950273]],[[0.914251,-0.391811,0.103093],[0.401504,0.910255,-0.101142],[-0.0542124,0.133862,0.989516]],[[0.914251,-0.391811,0.103093],[0.405147,0.884117,-0.232794],[0.0000648089,0.2546,0.967046]],[[0.914251,-0.391811,0.103093],[0.403389,0.856642,-0.321622],[0.0377014,0.33563,0.941239]]],"btipPosition":[13.4435,331.222,-78.901],"carpPosition":[1.1778,328.543,72.9372],"dipPosition":[14.0874,336.954,-62.8236],"direction":[-0.0000648089,-0.2546,-0.967046],"extended":true,"handId":590,"id":5901,"length":58.7918,"mcpPosition":[11.7605,348.856,3.04468],"pipPosition":[14.089,343.107,-39.456],"stabilizedTipPosition":[-15.5104,326.968,-38.0299],"timeVisible":0.443022,"tipPosition":[13.2883,331.486,-74.9226],"tipVelocity":[170.514,52.7419,-207.074],"tool":false,"touchDistance":-0.634726,"touchZone":"hovering","type":1,"width":19.3376},{"bases":[[[0.827145,-0.551695,0.107071],[0.493428,0.804127,0.331526],[-0.269,-0.221388,0.937351]],[[0.822697,-0.555195,0.122181],[0.388117,0.39151,-0.834317],[0.415374,0.733811,0.537574]],[[0.822697,-0.555195,0.122181],[-0.30363,-0.610841,-0.731219],[0.480603,0.564474,-0.671111]],[[0.822697,-0.555195,0.122181],[-0.520639,-0.822153,-0.230215],[0.228266,0.125785,-0.965439]]],"btipPosition":[-6.05968,287.351,19.2302],"carpPosition":[13.145,325.68,73.2976],"dipPosition":[-1.77125,289.714,1.09245],"direction":[-0.480603,-0.564474,0.671111],"extended":false,"handId":590,"id":5902,"length":66.9886,"mcpPosition":[31.9076,341.122,7.91795],"pipPosition":[11.8917,305.761,-17.9864],"stabilizedTipPosition":[-43.1008,282.918,70.6249],"timeVisible":0.443022,"tipPosition":[-5.09058,287.755,14.6],"tipVelocity":[126.56,29.0502,-206.822],"tool":false,"touchDistance":0.333333,"touchZone":"none","type":2,"width":18.9921},{"bases":[[[0.738978,-0.637299,0.218544],[0.542436,0.755188,0.368041],[-0.399594,-0.153428,0.903761]],[[0.730071,-0.640499,0.238237],[0.494442,0.254443,-0.831135],[0.471724,0.724582,0.502451]],[[0.730071,-0.640499,0.238237],[-0.33114,-0.636532,-0.696544],[0.597781,0.429637,-0.676808]],[[0.730071,-0.640499,0.238237],[-0.600672,-0.767702,-0.223219],[0.325867,0.019863,-0.945207]]],"btipPosition":[5.22965,284.816,31.4954],"carpPosition":[23.9188,319.843,74.1358],"dipPosition":[11.3165,285.187,13.8399],"direction":[-0.597781,-0.429637,0.676808],"extended":false,"handId":590,"id":5903,"length":64.4113,"mcpPosition":[48.9426,329.451,17.5393],"pipPosition":[27.8718,297.086,-4.90408],"stabilizedTipPosition":[-36.2312,278.669,91.1884],"timeVisible":0.443022,"tipPosition":[6.67231,284.75,27.0907],"tipVelocity":[121.419,28.8684,-191.562],"tool":false,"touchDistance":0.333333,"touchZone":"none","type":3,"width":18.0722},{"bases":[[[0.58791,-0.766733,0.257841],[0.613322,0.63033,0.475941],[-0.527445,-0.121671,0.840832]],[[0.617171,-0.7585,0.20923],[0.559524,0.236118,-0.794469],[0.553202,0.607393,0.570124]],[[0.617171,-0.7585,0.20923],[-0.393168,-0.527626,-0.753013],[0.681556,0.382476,-0.623854]],[[0.617171,-0.7585,0.20923],[-0.693108,-0.649949,-0.311716],[0.372425,0.047363,-0.926853]]],"btipPosition":[22.4733,284.935,34.2763],"carpPosition":[31.1976,307.648,75.0025],"dipPosition":[28.891,285.751,18.3046],"direction":[-0.681556,-0.382476,0.623854],"extended":false,"handId":590,"id":5904,"length":50.4973,"mcpPosition":[61.7735,314.701,26.2597],"pipPosition":[42.2179,293.23,6.10597],"stabilizedTipPosition":[-11.3399,279.67,81.6545],"timeVisible":0.443022,"tipPosition":[24.2391,284.884,29.8982],"tipVelocity":[120.694,22.8539,-187.335],"tool":false,"touchDistance":0.333333,"touchZone":"none","type":4,"width":16.0532}],"r":[[0.903896,0.335218,0.265709],[-0.357141,0.933298,0.0374845],[-0.23542,-0.128778,0.963324]],"s":1.01935,"t":[110.728,26.8488,-180.561],"timestamp":522773984987},false],[7,{"currentFrameRate":97.8374,