{"sensorType":"Leap","data":[[0,{"currentFrameRate":110.552,"devices":[],"gestures":[],"hands":[{"armBasis":[[-0.652849,-0.735329,0.181877],[-0.745379,0.666381,0.0186385],[0.134905,0.123399,0.983145]],"armWidth":63.703,"confidence":0.648485,"direction":[-0.621329,0.204848,-0.756299],"elbow":[70.903,344.297,349.387],"grabStrength":0.412584,"id":571,"palmNormal":[0.470696,-0.674073,-0.569272],"palmPosition":[7.75224,324.544,38.2639],"palmVelocity":[14.1785,36.5982,-125.588],"palmWidth":90.9658,"pinchStrength":1,"r":[[0.918016,-0.0378542,-0.394731],[0.00142124,0.995741,-0.0921849],[0.39654,0.0840663,0.91416]],"s":0.886349,"sphereCenter":[21.6209,299.828,2.11274],"sphereRadius":40.2877,"stabilizedPalmPosition":[11.3695,312.799,123.044],"t":[16.3283,-49.2544,-152.195],"timeVisible":1.83472,"type":"left","wrist":[34.4885,310.988,84.0086]}],"id":4196153,"interactionBox":{"center":[0,200,0],"size":[235.247,235.247,147.751]},"pointables":[{"bases":[[[-0.794312,0.357303,0.491327],[0.536116,0.792666,0.290278],[0.285741,-0.493979,0.82118]],[[-0.842358,0.479998,0.245019],[0.397837,0.860547,-0.318096],[0.363535,0.170473,0.91585]],[[-0.842358,0.479998,0.245019],[0.0623819,0.538439,-0.840352],[0.535295,0.692593,0.483502]],[[-0.842358,0.479998,0.245019],[-0.290827,-0.022116,-0.95652],[0.453709,0.876991,-0.158226]]],"btipPosition":[12.5454,270.601,12.7773],"carpPosition":[59.5493,323.236,71.2609],"dipPosition":[23.161,291.121,9.07518],"direction":[-0.535295,-0.692593,-0.483502],"extended":false,"handId":571,"id":5710,"length":52.1025,"mcpPosition":[59.5493,323.236,71.2609],"pipPosition":[41.4074,314.729,25.5561],"stabilizedTipPosition":[25.8043,265.714,86.8274],"timeVisible":1.83472,"tipPosition":[15.008,275.604,12.1618],"tipVelocity":[20.4504,41.0505,-153.193],"tool":false,"touchDistance":-0.445963,"touchZone":"touching","type":0,"width":20.2446},{"bases":[[[-0.721844,-0.665223,0.190839],[-0.540746,0.714247,0.444347],[0.431896,-0.217554,0.875292]],[[-0.688007,-0.679463,0.254907],[-0.723235,0.670925,-0.163677],[0.0598109,0.296968,0.953012]],[[-0.688007,-0.679463,0.254907],[-0.723448,0.614484,-0.314695],[-0.0571875,0.400924,0.914325]],[[-0.688007,-0.679463,0.254907],[-0.713852,0.570422,-0.406244],[-0.130624,0.461464,0.87749]]],"btipPosition":[7.92867,318.558,-65.4945],"carpPosition":[38.6505,332.882,76.8981],"dipPosition":[5.69748,326.44,-50.5061],"direction":[0.0571875,-0.400924,-0.914325],"extended":true,"handId":571,"id":5711,"length":58.7918,"mcpPosition":[6.88454,348.883,12.5204],"pipPosition":[4.3156,336.128,-28.4124],"stabilizedTipPosition":[14.8042,313.507,20.0515],"timeVisible":1.83472,"tipPosition":[7.29048,319.922,-61.8333],"tipVelocity":[11.5527,61.2899,-132.774],"tool":false,"touchDistance":-0.445241,"touchZone":"touching","type":1,"width":19.3376},{"bases":[[[-0.554026,-0.800449,0.228774],[-0.645385,0.586551,0.489323],[0.525865,-0.12345,0.841562]],[[-0.532428,-0.804766,0.262435],[-0.642753,0.182627,-0.743986],[-0.550807,0.5648,0.614502]],[[-0.532428,-0.804766,0.262435],[0.325351,-0.480777,-0.814248],[-0.781452,0.348145,-0.517811]],[[-0.532428,-0.804766,0.262435],[0.682833,-0.591561,-0.428712],[-0.500259,0.049059,-0.864485]]],"btipPosition":[50.1629,296.7,22.1149],"carpPosition":[28.6855,326.125,79.4628],"dipPosition":[40.7646,297.622,5.87381],"direction":[0.781452,-0.348145,0.517811],"extended":false,"handId":571,"id":5712,"length":66.9886,"mcpPosition":[-7.99326,334.735,20.7644],"pipPosition":[18.5488,307.519,-8.84694],"stabilizedTipPosition":[58.0818,290.127,109.726],"timeVisible":1.83472,"tipPosition":[48.2822,296.827,18.5629],"tipVelocity":[9.42425,31.719,-126.662],"tool":false,"touchDistance":0.333333,"touchZone":"none","type":2,"width":18.9921},{"bases":[[[-0.420363,-0.851815,0.312581],[-0.666226,0.523629,0.530995],[0.615986,-0.0149612,0.787615]],[[-0.412365,-0.851937,0.322736],[-0.699861,0.0694497,-0.710894],[-0.583223,0.519018,0.624876]],[[-0.412365,-0.851937,0.322736],[0.330208,-0.469941,-0.818607],[-0.849069,0.230995,-0.475104]],[[-0.412365,-0.851937,0.322736],[0.713575,-0.522282,-0.466939],[-0.566362,-0.0377474,-0.823292]]],"btipPosition":[42.4722,289.033,33.3102],"carpPosition":[20.9023,316.971,82.009],"dipPosition":[31.8931,288.328,17.932],"direction":[0.849069,-0.230995,0.475104],"extended":false,"handId":571,"id":5713,"length":64.4113,"mcpPosition":[-17.6728,317.908,32.6859],"pipPosition":[8.37844,294.725,4.77414],"stabilizedTipPosition":[48.5491,279.71,117.808],"timeVisible":1.83472,"tipPosition":[40.0346,288.862,30.1138],"tipVelocity":[8.63037,29.4286,-134.92],"tool":false,"touchDistance":0.333333,"touchZone":"none","type":3,"width":18.0722},{"bases":[[[-0.230347,-0.922552,0.309576],[-0.666441,0.381374,0.640632],[0.709081,0.0587467,0.702675]],[[-0.186591,-0.917239,0.351932],[-0.840914,-0.036111,-0.539962],[-0.507983,0.396697,0.764582]],[[-0.186591,-0.917239,0.351932],[0.21539,-0.387701,-0.896267],[-0.958536,0.0914332,-0.269906]],[[-0.186591,-0.917239,0.351932],[0.687761,-0.377759,-0.619906],[-0.701547,-0.126376,-0.701328]]],"btipPosition":[26.1144,285.985,32.9557],"carpPosition":[18.4305,303.024,83.3544],"dipPosition":[14.0252,283.807,20.8703],"direction":[0.958536,-0.0914332,0.269906],"extended":false,"handId":571,"id":5714,"length":50.4973,"mcpPosition":[-22.6747,299.618,42.6205],"pipPosition":[-4.71764,285.595,15.5927],"stabilizedTipPosition":[31.7216,273.864,115.185],"timeVisible":1.83472,"tipPosition":[23.3904,285.289,30.5837],"tipVelocity":[5.95792,34.2294,-140.221],"tool":false,"touchDistance":0.333333,"touchZone":"none","type":4,"width":16.0532}],"r":[[0.918016,-0.0378542,-0.394731],[0.00142124,0.995741,-0.0921849],[0.39654,0.0840663,0.91416]],"s":0.886349,"t":[16.3283,-49.2544,-152.195],"timestamp":522699992454},false],[1,{"currentFrameRate":110.576,"devices":[],"gestures":[],"hands":[{"armBasis":[[-0.652414,-0.734297,0.187523],[-0.743338,0.668223,0.0304518],[0.147668,0.119525,0.981788]],"armWidth":63.703,"confidence":0.658832,"direction":[-0.62034,0.206503,-0.75666],"elbow":[74.3429,343.112,347.715],"grabStrength":0.410476,"id":571,"palmNormal":[0.472202,-0.671963,-0.570518],"palmPosition":[7.80576,324.515,36.9561],"palmVelocity":[11.9174,25.6501,-130.996],"palmWidth":90.9658,"pinchStrength":1,"r":[[0.918227,-0.0382523,-0.394203],[0.00224401,0.995811,-0.0914036],[0.396049,0.0830446,0.914467]],"s":0.886016,"sphereCenter":[21.7614,299.98,0.724464],"sphereRadius":40.2875,"stabilizedPalmPosition":[11.3694,312.799,123.042],"t":[16.3765,-49.0954,-153.431],"timeVisible":1.84372,"type":"left","wrist":[34.4833,310.849,82.7024]}],"id":4196154,"interactionBox":{"center":[0,200,0],"size":[235.247,235.247,147.751]},"pointables":[{"bases":[[[-0.795404,0.355128,0.491137],[0.534933,0.792299,0.293443],[0.284918,-0.496131,0.820168]],[[-0.843387,0.48,0.241451],[0.400062,0.860961,-0.314159],[0.358676,0.168362,0.918153]],[[-0.843387,0.48,0.241451],[0.0684414,0.541684,-0.837791],[0.53293,0.690057,0.489701]],[[-0.843387,0.48,0.241451],[-0.283413,-0.0156389,-0.95887],[0.456482,0.877129,-0.149228]]],"btipPosition":[12.807,270.711,11.0093],"carpPosition":[59.5527,323.157,70.0298],"dipPosition":[23.4875,291.233,7.5178],"direction":[-0.53293,-0.690057,-0.489701],"extended":false,"handId":571,"id":5710,"length":52.1025,"mcpPosition":[59.5527,323.157,70.0298],"pipPosition":[41.6532,314.755,24.21],"stabilizedTipPosition":[25.8033,265.715,86.8199],"timeVisible":1.84372,"tipPosition":[15.2359,275.667,10.522],"tipVelocity":[23.2689,33.1408,-163.579],"tool":false,"touchDistance":-0.455493,"touchZone":"touching","type":0,"width":20.2446},{"bases":[[[-0.721527,-0.666443,0.187756],[-0.542095,0.71244,0.445603],[0.430734,-0.219733,0.87532]],[[-0.688258,-0.68067,0.250977],[-0.72311,0.671522,-0.161774],[0.0584214,0.292826,0.954379]],[[-0.688258,-0.68067,0.250977],[-0.723147,0.616054,-0.312308],[-0.0579639,0.396442,0.916228]],[[-0.688258,-0.68067,0.250977],[-0.713532,0.572646,-0.403668],[-0.131044,0.456908,0.879808]]],"btipPosition":[8.08542,318.967,-66.8763],"carpPosition":[38.6362,332.767,75.6628],"dipPosition":[5.84705,326.772,-51.8482],"direction":[0.0579639,-0.396442,-0.916228],"extended":true,"handId":571,"id":5711,"length":58.7918,"mcpPosition":[6.95567,348.928,11.283],"pipPosition":[4.44642,336.351,-29.7085],"stabilizedTipPosition":[14.8038,313.508,20.0464],"timeVisible":1.84372,"tipPosition":[7.47529,320.292,-63.1991],"tipVelocity":[13.1119,56.4047,-138.186],"tool":false,"touchDistance":-0.44964,"touchZone":"touching","type":1,"width":19.3376},{"bases":[[[-0.553643,-0.801626,0.225555],[-0.646685,0.584517,0.49004],[0.524669,-0.125444,0.842013]],[[-0.532113,-0.806019,0.259207],[-0.641864,0.184376,-0.744323],[-0.552147,0.56244,0.615464]],[[-0.532113,-0.806019,0.259207],[0.327058,-0.478063,-0.815162],[-0.780953,0.348983,-0.517999]],[[-0.532113,-0.806019,0.259207],[0.684115,-0.589681,-0.429259],[-0.498841,0.051087,-0.865187]]],"btipPosition":[50.258,296.759,20.7848],"carpPosition":[28.6735,325.993,78.192],"dipPosition":[40.8863,297.719,4.53054],"direction":[0.780953,-0.348983,0.517999],"extended":false,"handId":571,"id":5712,"length":66.9886,"mcpPosition":[-7.92189,334.743,19.4621],"pipPosition":[18.6847,307.64,-10.1956],"stabilizedTipPosition":[58.0817,290.127,109.726],"timeVisible":1.84372,"tipPosition":[48.3823,296.895,17.2299],"tipVelocity":[9.92375,25.0885,-132.547],"tool":false,"touchDistance":0.333333,"touchZone":"none","type":2,"width":18.9921},{"bases":[[[-0.420064,-0.853116,0.309419],[-0.667533,0.521454,0.531494],[0.614774,-0.0167142,0.788527]],[[-0.41188,-0.853262,0.319841],[-0.700135,0.0716723,-0.710404],[-0.583237,0.516533,0.62692]],[[-0.41188,-0.853262,0.319841],[0.328217,-0.466353,-0.821455],[-0.850076,0.233364,-0.472136]],[[-0.41188,-0.853262,0.319841],[0.712189,-0.52039,-0.471148],[-0.568455,-0.033731,-0.822022]]],"btipPosition":[42.6081,288.967,31.7462],"carpPosition":[20.8947,316.825,80.6992],"dipPosition":[31.9899,288.337,16.3916],"direction":[0.850076,-0.233364,0.472136],"extended":false,"handId":571,"id":5713,"length":64.4113,"mcpPosition":[-17.6044,317.872,31.319],"pipPosition":[8.44741,294.8,3.31597],"stabilizedTipPosition":[48.5491,279.71,117.808],"timeVisible":1.84372,"tipPosition":[40.1491,288.841,28.6052],"tipVelocity":[10.1335,19.8634,-145.416],"tool":false,"touchDistance":0.333333,"touchZone":"none","type":3,"width":18.0722},{"bases":[[[-0.229978,-0.92367,0.306502],[-0.667788,0.378876,0.640712],[0.707933,0.0573287,0.703949]],[[-0.18524,-0.918274,0.349941],[-0.841255,-0.0358725,-0.539447],[-0.507913,0.394317,0.765858]],[[-0.18524,-0.918274,0.349941],[0.214621,-0.385312,-0.897481],[-0.95897,0.0911443,-0.268456]],[[-0.18524,-0.918274,0.349941],[0.687568,-0.375533,-0.62147],[-0.702095,-0.125487,-0.700939]]],"btipPosition":[26.1996,285.99,31.447],"carpPosition":[18.4337,302.872,81.9997],"dipPosition":[14.101,283.827,19.3683],"direction":[0.95897,-0.0911443,0.268456],"extended":false,"handId":571,"id":5714,"length":50.4973,"mcpPosition":[-22.605,299.548,41.1919],"pipPosition":[-4.65034,285.609,14.119],"stabilizedTipPosition":[31.7215,273.864,115.185],"timeVisible":1.84372,"tipPosition":[23.4764,285.305,29.0977],"tipVelocity":[6.85566,25.073,-147.692],"tool":false,"touchDistance":0.333333,"touchZone":"none","type":4,"width":16.0532}],"r":[[0.918227,-0.0382523,-0.394203],[0.00224401,0.995811,-0.0914036],[0.396049,0.0830446,0.914467]],"s":0.886016,"t":[16.3765,-49.0954,-153.431],"timestamp":522700001456},false],[2,{"currentFrameRate":110.577,"devices":[],"gestures":[],"hands":[{"armBasis":[[-0.654782,-0.732088,0.187901],[-0.742825,0.669221,0.0188402],[0.13954,0.127242,0.982007]],"armWidth":63.703,"confidence":0.659521,"direction":[-0.62129,0.213415,-0.753958],"elbow":[72.5336,345.055,346.489],"grabStrength":0.408207,"id":571,"palmNormal":[0.465973,-0.672949,-0.574464],"palmPosition":[8.14039,324.721,35.8053],"palmVelocity":[18.8346,24.8552,-129.974],"palmWidth":90.9658,"pinchStrength":1,"r":[[0.918098,-0.0394951,-0.394381],[0.00416395,0.995929,-0.0900435],[0.396331,0.0810266,0.914525]],"s":0.885674,"sphereCenter":[21.834,300.289,-0.591804],"sphereRadius":40.2924,"stabilizedPalmPosition":[11.3694,312.8,123.04],"t":[16.5679,-48.913,-154.624],"timeVisible":1.85276,"type":"left","wrist":[34.8678,310.709,81.4175]}],"id":4196155,"interactionBox":{"center":[0,200,0],"size":[235.247,235.247,147.751]},"pointables":[{"bases":[[[-0.791513,0.358557,0.494919],[0.541078,0.787646,0.294702],[0.284153,-0.50105,0.817439]],[[-0.839601,0.485935,0.24277],[0.406874,0.858687,-0.311625],[0.359893,0.162864,0.918669]],[[-0.839601,0.485935,0.24277],[0.0735685,0.544528,-0.83551],[0.538199,0.683635,0.492936]],[[-0.839601,0.485935,0.24277],[-0.280859,-0.00579326,-0.959732],[0.46496,0.873976,-0.141343]]],"btipPosition":[12.7946,271.018,9.37163],"carpPosition":[59.979,322.898,68.7126],"dipPosition":[23.6735,291.467,6.06457],"direction":[-0.538199,-0.683635,-0.492936],"extended":false,"handId":571,"id":5710,"length":52.1025,"mcpPosition":[59.979,322.898,68.7126],"pipPosition":[42.0188,314.77,22.867],"stabilizedTipPosition":[25.8024,265.716,86.8134],"timeVisible":1.85276,"tipPosition":[15.2374,275.927,8.99226],"tipVelocity":[17.8689,32.8661,-167.127],"tool":false,"touchDistance":-0.462206,"touchZone":"touching","type":0,"width":20.2446},{"bases":[[[-0.725347,-0.662346,0.187537],[-0.535981,0.714352,0.449917],[0.431968,-0.22583,0.873158]],[[-0.692495,-0.676838,0.249682],[-0.718605,0.677718,-0.155901],[0.0636943,0.287384,0.955695]],[[-0.692495,-0.676838,0.249682],[-0.719582,0.623333,-0.306036],[-0.0515018,0.391596,0.918695]],[[-0.692495,-0.676838,0.249682],[-0.710693,0.580568,-0.397311],[-0.123957,0.452583,0.883065]]],"btipPosition":[7.99901,319.698,-68.1057],"carpPosition":[39.1442,332.625,74.4461],"dipPosition":[5.88169,327.429,-53.022],"direction":[0.0515018,-0.391596,-0.918695],"extended":true,"handId":571,"id":5711,"length":58.7918,"mcpPosition":[7.37293,349.235,10.2253],"pipPosition":[4.6372,336.891,-30.8227],"stabilizedTipPosition":[14.8031,313.509,20.0385],"timeVisible":1.85276,"tipPosition":[7.44261,320.983,-64.4088],"tipVelocity":[7.71203,62.6212,-137.188],"tool":false,"touchDistance":-0.451258,"touchZone":"touching","type":1,"width":19.3376},{"bases":[[[-0.558247,-0.798776,0.224313],[-0.641279,0.586959,0.494206],[0.526423,-0.132041,0.839907]],[[-0.536662,-0.803434,0.257853],[-0.643017,0.191528,-0.741516],[-0.546373,0.563747,0.619408]],[[-0.536662,-0.803434,0.257853],[0.321362,-0.477168,-0.817947],[-0.780205,0.356096,-0.514271]],[[-0.536662,-0.803434,0.257853],[0.67893,-0.592607,-0.433441],[-0.501047,0.0575466,-0.863505]]],"btipPosition":[50.3488,296.747,19.3933],"carpPosition":[29.1447,325.908,76.9813],"dipPosition":[40.9356,297.829,3.17063],"direction":[0.780205,-0.356096,0.514271],"extended":false,"handId":571,"id":5712,"length":66.9886,"mcpPosition":[-7.57303,335.118,18.3982],"pipPosition":[18.7553,307.952,-11.4495],"stabilizedTipPosition":[58.0817,290.127,109.725],"timeVisible":1.85276,"tipPosition":[48.4627,296.909,15.8444],"tipVelocity":[9.66599,18.6591,-138.214],"tool":false,"touchDistance":0.333333,"touchZone":"none","type":2,"width":18.9921},{"bases":[[[-0.424753,-0.851461,0.30757],[-0.662417,0.523882,0.535492],[0.617081,-0.0237124,0.786543]],[[-0.416368,-0.851704,0.318181],[-0.702886,0.0795534,-0.70684],[-0.576706,0.51795,0.631774]],[[-0.416368,-0.851704,0.318181],[0.319388,-0.46467,-0.825877],[-0.851252,0.242245,-0.465498]],[[-0.416368,-0.851704,0.318181],[0.704953,-0.523426,-0.478609],[-0.574177,-0.0250252,-0.818348]]],"btipPosition":[42.7297,288.89,30.1806],"carpPosition":[21.313,316.782,79.4787],"dipPosition":[32.0046,288.423,14.8947],"direction":[0.851252,-0.242245,0.465498],"extended":false,"handId":571,"id":5713,"length":64.4113,"mcpPosition":[-17.3306,318.267,30.2228],"pipPosition":[8.42952,295.131,2.00291],"stabilizedTipPosition":[48.5491,279.71,117.808],"timeVisible":1.85276,"tipPosition":[40.2368,288.824,27.0924],"tipVelocity":[10.2971,13.1887,-152.583],"tool":false,"touchDistance":0.333333,"touchZone":"none","type":3,"width":18.0722},{"bases":[[[-0.23515,-0.92326,0.303802],[-0.66328,0.380904,0.644183],[0.710467,0.050026,0.70195]],[[-0.188956,-0.918129,0.348331],[-0.844359,-0.0291943,-0.534982],[-0.501352,0.395204,0.769714]],[[-0.188956,-0.918129,0.348331],[0.206449,-0.383935,-0.899985],[-0.960039,0.0981449,-0.262094]],[[-0.188956,-0.918129,0.348331],[0.681273,-0.378036,-0.626862],[-0.707221,-0.118859,-0.696929]]],"btipPosition":[26.2599,286.099,29.9687],"carpPosition":[18.7636,302.84,80.7353],"dipPosition":[14.0729,284.051,17.9591],"direction":[0.960039,-0.0981449,0.262094],"extended":false,"handId":571,"id":5714,"length":50.4973,"mcpPosition":[-22.422,299.94,40.0434],"pipPosition":[-4.69929,285.97,12.8342],"stabilizedTipPosition":[31.7215,273.864,115.185],"timeVisible":1.85276,"tipPosition":[23.516,285.448,27.658],"tipVelocity":[6.18447,22.3043,-151.568],"tool":false,"touchDistance":0.333333,"touchZone":"none","type":4,"width":16.0532}],"r":[[0.918098,-0.0394951,-0.394381],[0.00416395,0.995929,-0.0900435],[0.396331,0.0810266,0.914525]],"s":0.885674,"t":[16.5679,-48.913,-154.624],"timestamp":522700010497},false],[3,{"currentFrameRate":110.576,"devices":[],"gestures":[],"hands":[{"armBasis":[[-0.650394,-0.735397,0.19021],[-0.746656,0.664971,0.0178585],[0.139617,0.130407,0.981581]],"armWidth":63.703,"confidence":0.664377,"direction":[-0.620609,0.212062,-0.7549],"elbow":[72.4642,346.197,345.362],"grabStrength":0.40598,"id":571,"palmNormal":[0.470947,-0.668944,-0.575085],"palmPosition":[8.08535,324.984,34.7654],"palmVelocity":[11.9625,26.04,-125.832],"palmWidth":90.9658,"pinchStrength":1,"r":[[0.918227,-0.0393024,-0.3941],[0.00467832,0.996071,-0.088435],[0.396027,0.0793597,0.914803]],"s":0.884639,"sphereCenter":[21.87,300.766,-1.62952],"sphereRadius":40.2515,"stabilizedPalmPosition":[11.3693,312.8,123.039],"t":[16.6361,-48.69,-155.74],"timeVisible":1.86181,"type":"left","wrist":[34.7776,310.996,80.4055]}],"id":4196156,"interactionBox":{"center":[0,200,0],"size":[235.247,235.247,147.751]},"pointables":[{"bases":[[[-0.794607,0.353026,0.493935],[0.536145,0.789753,0.298059],[0.284864,-0.501661,0.816816]],[[-0.843426,0.48682,0.227242],[0.41434,0.858671,-0.301673],[0.341987,0.160284,0.925934]],[[-0.843426,0.48682,0.227242],[0.0932952,0.549268,-0.830422],[0.529083,0.679199,0.508685]],[[-0.843426,0.48682,0.227242],[-0.254823,0.0098705,-0.966937],[0.472967,0.873447,-0.115728]]],"btipPosition":[13.6863,271.766,6.95341],"carpPosition":[59.8537,323.352,67.7931],"dipPosition":[24.7525,292.202,4.24569],"direction":[-0.529083,-0.679199,-0.508685],"extended":false,"handId":571,"id":5710,"length":52.1025,"mcpPosition":[59.8537,323.352,67.7931],"pipPosition":[42.7871,315.353,21.585],"stabilizedTipPosition":[25.8016,265.717,86.806],"timeVisible":1.86181,"tipPosition":[15.9831,276.519,7.03924],"tipVelocity":[41.4387,46.4905,-190.556],"tool":false,"touchDistance":-0.478524,"touchZone":"touching","type":0,"width":20.2446},{"bases":[[[-0.722241,-0.666701,0.184058],[-0.540876,0.710298,0.450477],[0.43107,-0.225801,0.873609]],[[-0.689978,-0.680989,0.245324],[-0.72132,0.675092,-0.154754],[0.0602303,0.283734,0.95701]],[[-0.689978,-0.680989,0.245324],[-0.721754,0.621625,-0.304391],[-0.0547877,0.387086,0.920414]],[[-0.689978,-0.680989,0.245324],[-0.712578,0.579523,-0.395456],[-0.127131,0.447668,0.885116]]],"btipPosition":[8.1567,320.374,-69.2165],"carpPosition":[38.9534,332.953,73.5015],"dipPosition":[5.98517,328.021,-54.0978],"direction":[0.0547877,-0.387086,-0.920414],"extended":true,"handId":571,"id":5711,"length":58.7918,"mcpPosition":[7.24823,349.561,9.24755],"pipPosition":[4.66128,337.374,-31.8569],"stabilizedTipPosition":[14.8021,313.51,20.0264],"timeVisible":1.86181,"tipPosition":[7.61654,321.618,-65.5052],"tipVelocity":[10.0124,65.3651,-132.973],"tool":false,"touchDistance":-0.451007,"touchZone":"touching","type":1,"width":19.3376},{"bases":[[[-0.554502,-0.802333,0.220883],[-0.645597,0.582229,0.49418],[0.525101,-0.131422,0.840831]],[[-0.532991,-0.806959,0.254435],[-0.642339,0.190164,-0.742454],[-0.550745,0.559155,0.619697]],[[-0.532991,-0.806959,0.254435],[0.325876,-0.473287,-0.818416],[-0.780849,0.353294,-0.515226]],[[-0.532991,-0.806959,0.254435],[0.683197,-0.587843,-0.433224],[-0.499162,0.0570749,-0.864627]]],"btipPosition":[50.4739,297.282,18.3769],"carpPosition":[28.9839,326.176,75.995],"dipPosition":[41.0961,298.355,2.13311],"direction":[0.780849,-0.353294,0.515226],"extended":false,"handId":571,"id":5712,"length":66.9886,"mcpPosition":[-7.64159,335.343,17.3475],"pipPosition":[18.8975,308.398,-12.5142],"stabilizedTipPosition":[58.0817,290.127,109.725],"timeVisible":1.86181,"tipPosition":[48.5949,297.444,14.8234],"tipVelocity":[11.0612,29.7572,-131.233],"tool":false,"touchDistance":0.333333,"touchZone":"none","type":2,"width":18.9921},{"bases":[[[-0.420929,-0.85452,0.304324],[-0.666496,0.518932,0.53525],[0.615306,-0.0224714,0.787968]],[[-0.412509,-0.854747,0.31503],[-0.7016,0.0775286,-0.708341],[-0.581028,0.513222,0.631672]],[[-0.412509,-0.854747,0.31503],[0.323661,-0.460781,-0.826392],[-0.851516,0.238931,-0.466725]],[[-0.412509,-0.854747,0.31503],[0.708698,-0.5184,-0.478548],[-0.572349,-0.025856,-0.819602]]],"btipPosition":[42.8893,289.351,29.1244],"carpPosition":[21.1952,317.002,78.4497],"dipPosition":[32.1984,288.868,13.815],"direction":[0.851516,-0.238931,0.466725],"extended":false,"handId":571,"id":5713,"length":64.4113,"mcpPosition":[-17.3372,318.409,29.1046],"pipPosition":[8.61596,295.485,0.889239],"stabilizedTipPosition":[48.5491,279.71,117.808],"timeVisible":1.86181,"tipPosition":[40.4,289.28,26.0257],"tipVelocity":[12.5632,23.4905,-142.87],"tool":false,"touchDistance":0.333333,"touchZone":"none","type":3,"width":18.0722},{"bases":[[[-0.230936,-0.925295,0.300828],[-0.666856,0.375668,0.643566],[0.7085,0.0519862,0.703794]],[[-0.18348,-0.919817,0.346803],[-0.844362,-0.0331886,-0.534745],[-0.503377,0.390942,0.770569]],[[-0.18348,-0.919817,0.346803],[0.206932,-0.381027,-0.901109],[-0.960996,0.0935709,-0.260251]],[[-0.18348,-0.919817,0.346803],[0.682218,-0.373149,-0.628759],[-0.707753,-0.12123,-0.695981]]],"btipPosition":[26.4272,286.47,28.7078],"carpPosition":[18.7175,303.044,79.6639],"dipPosition":[14.2311,284.381,16.7145],"direction":[0.960996,-0.0935709,0.260251],"extended":false,"handId":571,"id":5714,"length":50.4973,"mcpPosition":[-22.3541,300.03,38.8651],"pipPosition":[-4.55982,286.21,11.6257],"stabilizedTipPosition":[31.7215,273.864,115.184],"timeVisible":1.86181,"tipPosition":[23.6794,285.821,26.4323],"tipVelocity":[9.51664,27.1671,-148.094],"tool":false,"touchDistance":0.333333,"touchZone":"none","type":4,"width":16.0532}],"r":[[0.918227,-0.0393024,-0.3941],[0.00467832,0.996071,-0.088435],[0.396027,0.0793597,0.914803]],"s":0.884639,"t":[16.6361,-48.69,-155.74],"timestamp":522700019543},false],[4,{"currentFrameRate":110.582,"devices":[],"gestures":[],"hands":[{"armBasis":[[-0.647991,-0.737149,0.191624],[-0.747099,0.664108,0.0283519],[0.148158,0.12479,0.981059]],"armWidth":63.703,"confidence":0.676032,"direction":[-0.619674,0.210889,-0.755996],"elbow":[74.6318,344.86,344.474],"grabStrength":0.403397,"id":571,"palmNormal":[0.475372,-0.6656,-0.575325],"palmPosition":[7.99854,325.141,33.9816],"palmVelocity":[6.02105,23.6495,-115.077],"palmWidth":90.9658,"pinchStrength":1,"r":[[0.918561,-0.0381585,-0.393433],[0.00424001,0.996223,-0.086723],[0.395256,0.0779922,0.915254]],"s":0.884309,"sphereCenter":[21.9339,301.116,-2.41204],"sphereRadius":40.2698,"stabilizedPalmPosition":[11.3693,312.8,123.037],"t":[16.6268,-48.5001,-156.691],"timeVisible":1.87084,"type":"left","wrist":[34.6397,311.175,79.6584]}],"id":4196157,"interactionBox":{"center":[0,200,0],"size":[235.247,235.247,147.751]},"pointables":[{"bases":[[[-0.797409,0.348408,0.492697],[0.531854,0.79151,0.301071],[0.285079,-0.50212,0.816459]],[[-0.846356,0.484854,0.220451],[0.414381,0.859456,-0.299373],[0.33462,0.162026,0.92832]],[[-0.846356,0.484854,0.220451],[0.0973314,0.547725,-0.830977],[0.523649,0.681846,0.510762]],[[-0.846356,0.484854,0.220451],[-0.246038,0.0111875,-0.969196],[0.472385,0.874524,-0.109824]]],"btipPosition":[14.0905,271.882,5.96724],"carpPosition":[59.6914,323.671,67.1349],"dipPosition":[25.143,292.343,3.39765],"direction":[-0.523649,-0.681846,-0.510762],"extended":false,"handId":571,"id":5710,"length":52.1025,"mcpPosition":[59.6914,323.671,67.1349],"pipPosition":[42.9924,315.585,20.8077],"stabilizedTipPosition":[25.8006,265.718,86.7979],"timeVisible":1.87084,"tipPosition":[16.3315,276.681,6.05852],"tipVelocity":[42.2545,37.4001,-167.177],"tool":false,"touchDistance":-0.473321,"touchZone":"touching","type":0,"width":20.2446},{"bases":[[[-0.719699,-0.670321,0.18084],[-0.545175,0.706906,0.450631],[0.429904,-0.225729,0.874202]],[[-0.68799,-0.684422,0.241322],[-0.723465,0.673016,-0.153778],[0.0571641,0.280385,0.958184]],[[-0.68799,-0.684422,0.241322],[-0.723447,0.620505,-0.302651],[-0.0573998,0.382804,0.922045]],[[-0.68799,-0.684422,0.241322],[-0.714077,0.579103,-0.393361],[-0.129475,0.442951,0.887148]]],"btipPosition":[8.25799,320.909,-70.0747],"carpPosition":[38.7341,333.165,72.8114],"dipPosition":[6.04642,328.475,-54.9213],"direction":[0.0573998,-0.382804,-0.922045],"extended":true,"handId":571,"id":5711,"length":58.7918,"mcpPosition":[7.11467,349.768,8.51388],"pipPosition":[4.65942,337.725,-32.641],"stabilizedTipPosition":[14.8006,313.512,20.0085],"timeVisible":1.87084,"tipPosition":[7.74481,322.112,-66.3476],"tipVelocity":[10.0627,63.1113,-122.276],"tool":false,"touchDistance":-0.446993,"touchZone":"touching","type":1,"width":19.3376},{"bases":[[[-0.551446,-0.805278,0.217796],[-0.64943,0.578276,0.4938],[0.523592,-0.130861,0.841859]],[[-0.530192,-0.809844,0.251095],[-0.637246,0.185255,-0.748063],[-0.559298,0.556626,0.61429]],[[-0.530192,-0.809844,0.251095],[0.3373,-0.473161,-0.813847],[-0.777898,0.346801,-0.524026]],[[-0.530192,-0.809844,0.251095],[0.690774,-0.584302,-0.425937],[-0.491658,0.052378,-0.869212]]],"btipPosition":[50.5714,297.8,18.1727],"carpPosition":[28.7889,326.339,75.2657],"dipPosition":[41.3346,298.784,1.84281],"direction":[0.777898,-0.346801,0.524026],"extended":false,"handId":571,"id":5712,"length":66.9886,"mcpPosition":[-7.73132,335.466,16.5465],"pipPosition":[19.2199,308.644,-13.0546],"stabilizedTipPosition":[58.0816,290.128,109.725],"timeVisible":1.87084,"tipPosition":[48.6745,297.912,14.3954],"tipVelocity":[11.9771,36.7393,-101.92],"tool":false,"touchDistance":0.333333,"touchZone":"none","type":2,"width":18.9921},{"bases":[[[-0.417848,-0.857044,0.30146],[-0.670146,0.514798,0.534684],[0.613439,-0.0213941,0.789453]],[[-0.409335,-0.857258,0.312335],[-0.700919,0.0763128,-0.709146],[-0.584086,0.5092,0.632106]],[[-0.409335,-0.857258,0.312335],[0.326611,-0.457321,-0.827153],[-0.851921,0.236571,-0.467188]],[[-0.409335,-0.857258,0.312335],[0.711614,-0.514215,-0.478737],[-0.571008,-0.0262981,-0.820523]]],"btipPosition":[42.9692,289.659,28.2738],"carpPosition":[21.0354,317.125,77.6815],"dipPosition":[32.3033,289.168,12.9472],"direction":[0.851921,-0.236571,0.467188],"extended":false,"handId":571,"id":5713,"length":64.4113,"mcpPosition":[-17.3801,318.464,28.2434],"pipPosition":[8.70966,295.72,0.00862498],"stabilizedTipPosition":[48.549,279.71,117.807],"timeVisible":1.87084,"tipPosition":[40.4892,289.59,25.1837],"tipVelocity":[11.7138,26.3639,-129.579],"tool":false,"touchDistance":0.333333,"touchZone":"none","type":3,"width":18.0722},{"bases":[[[-0.227531,-0.92696,0.298287],[-0.670133,0.371303,0.642694],[0.706507,0.0536595,0.705669]],[[-0.179258,-0.921213,0.345301],[-0.843743,-0.0365406,-0.535501],[-0.505929,0.387338,0.770717]],[[-0.179258,-0.921213,0.345301],[0.208548,-0.378592,-0.901763],[-0.961444,0.0896361,-0.259983]],[[-0.179258,-0.921213,0.345301],[0.683787,-0.369013,-0.629496],[-0.70732,-0.12327,-0.696062]]],"btipPosition":[26.5341,286.721,27.786],"carpPosition":[18.6173,303.153,78.8598],"dipPosition":[14.3454,284.597,15.7913],"direction":[0.961444,-0.0896361,0.259983],"extended":false,"handId":571,"id":5714,"length":50.4973,"mcpPosition":[-22.3388,300.042,37.9524],"pipPosition":[-4.45429,286.35,10.7077],"stabilizedTipPosition":[31.7214,273.864,115.184],"timeVisible":1.87084,"tipPosition":[23.7845,286.071,25.5238],"tipVelocity":[10.2052,27.1066,-135.428],"tool":false,"touchDistance":0.333333,"touchZone":"none","type":4,"width":16.0532}],"r":[[0.918561,-0.0381585,-0.393433],[0.00424001,0.996223,-0.086723],[0.395256,0.0779922,0.915254]],"s":0.884309,"t":[16.6268,-48.5001,-156.691],"timestamp":522700028575},false],[5,{"currentFrameRate":110.574,"devices":[],"gestures":[],"hands":[{"armBasis":[[-0.652734,-0.734828,0.184302],[-0.743305,0.668203,0.0316565],[0.146413,0.116329,0.98236]],"armWidth":63.703,"confidence":0.679827,"direction":[-0.618901,0.212174,-0.75627],"elbow":[74.2298,342.974,343.239],"grabStrength":0.400868,"id":571,"palmNormal":[0.47255,-0.668514,-0.57427],"palmPosition":[8.11938,325.572,32.3761],"palmVelocity":[8.04186,30.2573,-132.244],"palmWidth":90.9658,"pinchStrength":1,"r":[[0.918787,-0.0381328,-0.392908],[0.00470728,0.996311,-0.0856871],[0.394726,0.0768786,0.915577]],"s":0.884428,"sphereCenter":[21.9546,301.499,-3.99001],"sphereRadius":40.2903,"stabilizedPalmPosition":[11.3692,312.8,123.036],"t":[16.6825,-48.1896,-157.968],"timeVisible":1.8799,"type":"left","wrist":[34.7089,311.573,78.0729]}],"id":4196158,"interactionBox":{"center":[0,200,0],"size":[235.247,235.247,147.751]},"pointables":[{"bases":[[[-0.795902,0.352514,0.492214],[0.53515,0.789815,0.299679],[0.283117,-0.501923,0.817263]],[[-0.844392,0.489692,0.217265],[0.418591,0.856176,-0.302893],[0.334342,0.164815,0.927929]],[[-0.844392,0.489692,0.217265],[0.100733,0.543447,-0.833377],[0.526171,0.681811,0.50821]],[[-0.844392,0.489692,0.217265],[-0.244123,0.00928449,-0.9697],[0.476872,0.871846,-0.111706]]],"btipPosition":[14.0322,272.08,4.50818],"carpPosition":[59.8101,323.944,65.5253],"dipPosition":[25.1897,292.479,1.89456],"direction":[-0.526171,-0.681811,-0.50821],"extended":false,"handId":571,"id":5710,"length":52.1025,"mcpPosition":[59.8101,323.944,65.5253],"pipPosition":[43.1251,315.719,19.2177],"stabilizedTipPosition":[25.7998,265.719,86.7903],"timeVisible":1.8799,"tipPosition":[16.2988,276.923,4.52725],"tipVelocity":[29.5487,32.6769,-165.808],"tool":false,"touchDistance":-0.47636,"touchZone":"touching","type":0,"width":20.2446},{"bases":[[[-0.72243,-0.667048,0.182052],[-0.542199,0.709898,0.449516],[0.429087,-0.226035,0.874524]],[[-0.691153,-0.681035,0.241866],[-0.720288,0.676484,-0.153476],[0.059096,0.280288,0.958095]],[[-0.691153,-0.681035,0.241866],[-0.720652,0.62422,-0.301679],[-0.054476,0.382807,0.922221]],[[-0.691153,-0.681035,0.241866],[-0.711638,0.58297,-0.392068],[-0.126011,0.4431,0.887572]]],"btipPosition":[8.26408,321.302,-71.7289],"carpPosition":[38.8929,333.535,71.1886],"dipPosition":[6.11168,328.871,-56.5682],"direction":[0.054476,-0.382807,-0.922221],"extended":true,"handId":571,"id":5711,"length":58.7918,"mcpPosition":[7.33356,350.16,6.86736],"pipPosition":[4.79533,338.121,-34.2837],"stabilizedTipPosition":[14.7989,313.514,19.9877],"timeVisible":1.8799,"tipPosition":[7.79235,322.49,-67.9935],"tipVelocity":[7.88528,57.6956,-138.891],"tool":false,"touchDistance":-0.455415,"touchZone":"touching","type":1,"width":19.3376},{"bases":[[[-0.554729,-0.802634,0.219213],[-0.646977,0.581771,0.492913],[0.523161,-0.131608,0.842011]],[[-0.533654,-0.807202,0.252266],[-0.633103,0.183543,-0.751992],[-0.560708,0.561014,0.608991]],[[-0.533654,-0.807202,0.252266],[0.341356,-0.478508,-0.809015],[-0.77375,0.345622,-0.530901]],[[-0.533654,-0.807202,0.252266],[0.691545,-0.588214,-0.419248],[-0.486804,0.0492803,-0.87212]]],"btipPosition":[50.5914,298.147,17.0574],"carpPosition":[28.92,326.753,73.6555],"dipPosition":[41.4458,299.073,0.672908],"direction":[0.77375,-0.345622,0.530901],"extended":false,"handId":571,"id":5712,"length":66.9886,"mcpPosition":[-7.57015,335.932,14.9258],"pipPosition":[19.449,308.899,-14.42],"stabilizedTipPosition":[58.0816,290.128,109.724],"timeVisible":1.8799,"tipPosition":[48.6749,298.222,13.1127],"tipVelocity":[9.92017,36.7595,-108.16],"tool":false,"touchDistance":0.333333,"touchZone":"none","type":2,"width":18.9921},{"bases":[[[-0.421334,-0.85481,0.302946],[-0.667949,0.518448,0.533906],[0.61345,-0.0225999,0.78941]],[[-0.412658,-0.855044,0.314027],[-0.702458,0.0792522,-0.707299],[-0.579884,0.512464,0.633336]],[[-0.412658,-0.855044,0.314027],[0.32108,-0.459163,-0.828298],[-0.852421,0.240976,-0.464015]],[[-0.412658,-0.855044,0.314027],[0.707312,-0.518017,-0.481007],[-0.573954,-0.0236233,-0.818547]]],"btipPosition":[42.9431,289.867,26.503],"carpPosition":[21.1289,317.575,76.0877],"dipPosition":[32.2222,289.426,11.2133],"direction":[0.852421,-0.240976,0.464015],"extended":false,"handId":571,"id":5713,"length":64.4113,"mcpPosition":[-17.2873,318.99,26.6523],"pipPosition":[8.61475,296.1,-1.6374],"stabilizedTipPosition":[48.549,279.71,117.807],"timeVisible":1.8799,"tipPosition":[40.4547,289.831,23.4708],"tipVelocity":[7.30028,25.7835,-147.523],"tool":false,"touchDistance":0.333333,"touchZone":"none","type":3,"width":18.0722},{"bases":[[[-0.231307,-0.925514,0.299867],[-0.668512,0.375135,0.642156],[0.706816,0.0519294,0.705489]],[[-0.182124,-0.919748,0.3477],[-0.845059,-0.0343736,-0.533566],[-0.502698,0.391002,0.770981]],[[-0.182124,-0.919748,0.3477],[0.204292,-0.381292,-0.901599],[-0.961819,0.0931706,-0.25734]],[[-0.182124,-0.919748,0.3477],[0.680514,-0.373145,-0.630605],[-0.70974,-0.121766,-0.69386]]],"btipPosition":[26.4872,287.06,26.1274],"carpPosition":[18.6534,303.615,77.2898],"dipPosition":[14.2568,284.961,14.1706],"direction":[0.961819,-0.0931706,0.25734],"extended":false,"handId":571,"id":5714,"length":50.4973,"mcpPosition":[-22.3205,300.605,36.3927],"pipPosition":[-4.55025,286.783,9.13872],"stabilizedTipPosition":[31.7214,273.865,115.184],"timeVisible":1.8799,"tipPosition":[23.7298,286.426,23.8914],"tipVelocity":[5.66548,30.1164,-148.329],"tool":false,"touchDistance":0.333333,"touchZone":"none","type":4,"width":16.0532}],"r":[[0.918787,-0.0381328,-0.392908],[0.00470728,0.996311,-0.0856871],[0.394726,0.0768786,0.915577]],"s":0.884428,"t":[16.6825,-48.1896,-157.968],"timestamp":522700037632},false],[6,{"currentFrameRate":110.527,"devices":[],"gestures":[],"hands":[{"armBasis":[[-0.645853,-0.739736,0.18885],[-0.750721,0.660341,0.0191824],[0.138895,0.129384,0.981819]],"armWidth":63.703,"confidence":0.682855,"direction":[-0.616518,0.210757,-0.758609],"elbow":[71.8087,346.802,340.898],"grabStrength":0.398895,"id":571,"palmNormal":[0.480126,-0.662991,-0.574389],"palmPosition":[7.86295,325.866,30.0992],"palmVelocity":[-1.99978,30.7897,-164.792],"palmWidth":90.9658,"pinchStrength":1,"r":[[0.919419,-0.0365314,-0.391578],[0.00377649,0.996451,-0.0840946],[0.39326,0.0758394,0.916294]],"s":0.885102,"sphereCenter":[22.0578,302.106,-6.29906],"sphereRadius":40.3197,"stabilizedPalmPosition":[11.3692,312.8,123.035],"t":[16.5822,-47.8875,-159.746],"timeVisible":1.88903,"type":"left","wrist":[34.3171,311.877,75.8777]}],"id":4196159,"interactionBox":{"center":[0,200,0],"size":[235.247,235.247,147.751]},"pointables":[{"bases":[[[-0.800839,0.345061,0.489479],[0.528083,0.79237,0.305413],[0.282463,-0.503073,0.816782]],[[-0.84895,0.484005,0.212188],[0.414096,0.858697,-0.301934],[0.328343,0.16846,0.929415]],[[-0.84895,0.484005,0.212188],[0.100103,0.541518,-0.834708],[0.518906,0.687384,0.508172]],[[-0.84895,0.484005,0.212188],[-0.23764,0.00900087,-0.971312],[0.47203,0.875019,-0.107378]]],"btipPosition":[14.277,272.161,2.31442],"carpPosition":[59.3947,324.471,63.5057],"dipPosition":[25.3213,292.634,-0.19793],"direction":[-0.518906,-0.687384,-0.508172],"extended":false,"handId":571,"id":5710,"length":52.1025,"mcpPosition":[59.3947,324.471,63.5057],"pipPosition":[43.009,316.064,17.1239],"stabilizedTipPosition":[25.7991,265.72,86.7838],"timeVisible":1.88903,"tipPosition":[16.5475,277.136,2.21124],"tipVelocity":[27.9943,26.5731,-185.787],"tool":false,"touchDistance":-0.489614,"touchZone":"touching","type":0,"width":20.2446},{"bases":[[[-0.718663,-0.672764,0.175818],[-0.549428,0.704368,0.449439],[0.426207,-0.226396,0.875838]],[[-0.687956,-0.686625,0.235081],[-0.723837,0.672669,-0.153548],[0.0527013,0.275795,0.959771]],[[-0.687956,-0.686625,0.235081],[-0.723177,0.62129,-0.301685],[-0.0610914,0.377551,0.923971]],[[-0.687956,-0.686625,0.235081],[-0.713514,0.580656,-0.392092],[-0.132719,0.437476,0.889382]]],"btipPosition":[8.51448,322.104,-74.0609],"carpPosition":[38.3824,333.894,69.0985],"dipPosition":[6.24749,329.576,-58.8693],"direction":[0.0610914,-0.377551,-0.923971],"extended":true,"handId":571,"id":5711,"length":58.7918,"mcpPosition":[7.03485,350.545,4.68059],"pipPosition":[4.77128,338.7,-36.5425],"stabilizedTipPosition":[14.7972,313.517,19.9639],"timeVisible":1.88903,"tipPosition":[8.03654,323.259,-70.3178],"tipVelocity":[12.5134,65.3867,-171.052],"tool":false,"touchDistance":-0.47308,"touchZone":"touching","type":1,"width":19.3376},{"bases":[[[-0.550209,-0.80732,0.213319],[-0.653526,0.575347,0.491812],[0.519782,-0.13119,0.844166]],[[-0.529391,-0.811845,0.246277],[-0.627957,0.179781,-0.757198],[-0.570452,0.555505,0.604979]],[[-0.529391,-0.811845,0.246277],[0.353257,-0.47487,-0.806044],[-0.771333,0.339713,-0.538182]],[[-0.529391,-0.811845,0.246277],[0.700093,-0.582011,-0.413683],[-0.479182,0.0465832,-0.876478]]],"btipPosition":[50.6094,298.882,15.2224],"carpPosition":[28.4447,327.033,71.4886],"dipPosition":[41.607,299.758,-1.24401],"direction":[0.771333,-0.339713,0.538182],"extended":false,"handId":571,"id":5712,"length":66.9886,"mcpPosition":[-7.80976,336.184,12.6086],"pipPosition":[19.6789,309.415,-16.5439],"stabilizedTipPosition":[58.0815,290.128,109.723],"timeVisible":1.88903,"tipPosition":[48.7005,298.934,11.1577],"tipVelocity":[8.71293,48.5668,-134.527],"tool":false,"touchDistance":0.333333,"touchZone":"none","type":2,"width":18.9921},{"bases":[[[-0.41688,-0.858886,0.297534],[-0.674263,0.511722,0.532456],[0.609573,-0.0213541,0.792442]],[[-0.408165,-0.859102,0.308779],[-0.700114,0.0775072,-0.709812],[-0.585868,0.505901,0.633105]],[[-0.408165,-0.859102,0.308779],[0.327194,-0.453433,-0.829061],[-0.852259,0.237363,-0.466168]],[[-0.408165,-0.859102,0.308779],[0.712629,-0.511242,-0.480408],[-0.570581,-0.0239595,-0.820892]]],"btipPosition":[42.9626,290.406,24.1851],"carpPosition":[20.7058,317.792,73.846],"dipPosition":[32.3047,289.958,8.85167],"direction":[0.852259,-0.237363,0.466168],"extended":false,"handId":571,"id":5713,"length":64.4113,"mcpPosition":[-17.4677,319.129,24.2207],"pipPosition":[8.70168,296.532,-4.05869],"stabilizedTipPosition":[48.549,279.71,117.807],"timeVisible":1.88903,"tipPosition":[40.4889,290.371,21.1522],"tipVelocity":[6.30429,34.9595,-177.378],"tool":false,"touchDistance":0.333333,"touchZone":"none","type":3,"width":18.0722},{"bases":[[[-0.22635,-0.92825,0.295156],[-0.674374,0.367994,0.640156],[0.702841,0.0541464,0.709284]],[[-0.176489,-0.922165,0.344184],[-0.843042,-0.0388729,-0.536441],[-0.508067,0.384838,0.770563]],[[-0.176489,-0.922165,0.344184],[0.20924,-0.37683,-0.90234],[-0.961806,0.087236,-0.25946]],[[-0.176489,-0.922165,0.344184],[0.684783,-0.366213,-0.630048],[-0.707053,-0.124495,-0.696116]]],"btipPosition":[26.5293,287.507,23.695],"carpPosition":[18.3219,303.811,74.9822],"dipPosition":[14.3452,285.362,11.6994],"direction":[0.961806,-0.087236,0.25946],"extended":false,"handId":571,"id":5714,"length":50.4973,"mcpPosition":[-22.4216,300.672,33.8652],"pipPosition":[-4.46156,287.068,6.626],"stabilizedTipPosition":[31.7214,273.865,115.183],"timeVisible":1.88903,"tipPosition":[23.781,286.869,21.463],"tipVelocity":[5.69705,35.0483,-181.413],"tool":false,"touchDistance":0.333333,"touchZone":"none","type":4,"width":16.0532}],"r":[[0.919419,-0.0365314,-0.391578],[0.00377649,0.996451,-0.0840946],[0.39326,0.0758394,0.916294]],"s":0.885102,"t":[16.5822,-47.8875,-159.746],"timestamp":522700046764},false],[7,{"currentFrameRate":110.544,"devices":[],"gestures":[],"hands