{"sensorType":"Leap","data":[[0,{"currentFrameRate":98.411,"devices":[],"gestures":[],"hands":[{"armBasis":[[0.989895,-0.0933732,-0.106721],[0.0939723,0.995575,0.000587714],[0.106194,-0.0106106,0.994289]],"armWidth":63.703,"confidence":0.765387,"direction":[0.138766,0.451118,-0.88161],"elbow":[43.385,298.127,357.596],"grabStrength":0,"id":582,"palmNormal":[-0.0337199,-0.887554,-0.459467],"palmPosition":[14.5234,322.224,38.8083],"palmVelocity":[47.5458,0.153117,-306.334],"palmWidth":90.9658,"pinchStrength":0.636482,"r":[[0.979835,0.194062,0.0475689],[-0.196145,0.979591,0.0439198],[-0.0380749,-0.0523646,0.997902]],"s":1.10342,"sphereCenter":[22.6798,289.147,4.93553],"sphereRadius":46.0274,"stabilizedPalmPosition":[-43.7828,315.285,232.871],"t":[60.8377,8.12068,-200.16],"timeVisible":0.433956,"type":"right","wrist":[14.7203,300.991,89.2096]}],"id":4199189,"interactionBox":{"center":[0,200,0],"size":[235.247,235.247,147.751]},"pointables":[{"bases":[[[0.455511,0.844262,0.282368],[-0.835621,0.296109,0.462663],[0.306997,-0.446701,0.840364]],[[0.297406,0.952021,-0.0721533],[-0.9458,0.304099,0.113957],[0.130431,0.0343512,0.990862]],[[0.297406,0.952021,-0.0721533],[-0.939639,0.278469,-0.19883],[-0.169198,0.126931,0.977374]],[[0.297406,0.952021,-0.0721533],[-0.647909,0.145739,-0.747646],[-0.701259,0.269103,0.660167]]],"btipPosition":[1.33904,280.192,-14.0217],"carpPosition":[-14.3269,292.529,84.188],"dipPosition":[-15.0686,286.488,1.42447],"direction":[0.169198,-0.126931,-0.977374],"extended":false,"handId":582,"id":5820,"length":52.1025,"mcpPosition":[-14.3269,292.529,84.188],"pipPosition":[-20.8359,290.815,34.7398],"stabilizedTipPosition":[-64.7879,277.966,170.209],"timeVisible":0.433956,"tipPosition":[-2.71485,281.47,-10.8521],"tipVelocity":[81.9651,16.3369,-317.773],"tool":false,"touchDistance":-0.734963,"touchZone":"hovering","type":0,"width":20.2446},{"bases":[[[0.998999,-0.0164156,-0.0416057],[0.0289879,0.946032,0.322773],[0.0340618,-0.323656,0.945561]],[[0.99667,-0.0519768,0.0628319],[0.0513316,0.998611,0.0118422],[-0.0633602,-0.0085775,0.997954]],[[0.99667,-0.0519768,0.0628319],[0.0615546,0.984928,-0.161639],[-0.0534834,0.164969,0.984848]],[[0.99667,-0.0519768,0.0628319],[0.0677548,0.956598,-0.283426],[-0.0453733,0.286739,0.956934]]],"btipPosition":[-1.91915,329.24,-67.9433],"carpPosition":[-4.20268,313.951,84.6091],"dipPosition":[-2.69417,334.138,-51.5979],"direction":[0.0534834,-0.164969,-0.984848],"extended":true,"handId":582,"id":5821,"length":58.7918,"mcpPosition":[-6.70792,337.756,15.063],"pipPosition":[-3.98654,338.124,-27.8],"stabilizedTipPosition":[-54.9835,312.236,126.466],"timeVisible":0.433956,"tipPosition":[-1.99445,328.651,-63.697],"tipVelocity":[50.4251,71.8924,-313.222],"tool":false,"touchDistance":-0.805804,"touchZone":"hovering","type":1,"width":19.3376},{"bases":[[[0.974739,-0.221025,0.0321144],[0.198204,0.922302,0.331774],[-0.102949,-0.317028,0.942812]],[[0.975954,-0.217029,0.02028],[0.128556,0.49796,-0.857618],[0.17603,0.839603,0.513887]],[[0.975954,-0.217029,0.02028],[-0.135837,-0.678318,-0.722104],[0.170474,0.701986,-0.691488]],[[0.975954,-0.217029,0.02028],[-0.206973,-0.951862,-0.2261],[0.068374,0.216466,-0.973893]]],"btipPosition":[0.559318,273.182,31.526],"carpPosition":[7.992,315.552,84.0949],"dipPosition":[1.84386,277.249,13.2295],"direction":[-0.170474,-0.701985,0.691488],"extended":false,"handId":582,"id":5822,"length":66.9886,"mcpPosition":[15.1727,337.664,18.3343],"pipPosition":[6.69023,297.206,-6.42868],"stabilizedTipPosition":[-64.4561,273.317,214.841],"timeVisible":0.433956,"tipPosition":[0.967841,274.523,26.662],"tipVelocity":[83.4583,-16.9831,-318.073],"tool":false,"touchDistance":0.333333,"touchZone":"none","type":2,"width":18.9921},{"bases":[[[0.931232,-0.334163,0.145404],[0.263955,0.893578,0.363106],[-0.251267,-0.299756,0.920332]],[[0.931572,-0.333755,0.144153],[0.280319,0.406923,-0.869388],[0.231504,0.850307,0.472636]],[[0.931572,-0.333755,0.144153],[-0.144492,-0.703745,-0.695604],[0.333609,0.627177,-0.703814]],[[0.931572,-0.333755,0.144153],[-0.296721,-0.927105,-0.228984],[0.21007,0.170541,-0.962697]]],"btipPosition":[12.399,274.176,42.741],"carpPosition":[20.1677,313.941,84.0127],"dipPosition":[16.3229,277.362,24.7588],"direction":[-0.333609,-0.627177,0.703814],"extended":false,"handId":582,"id":5823,"length":64.4113,"mcpPosition":[35.9028,332.712,26.3785],"pipPosition":[25.5621,294.731,5.26689],"stabilizedTipPosition":[-49.8586,270.806,221.272],"timeVisible":0.433956,"tipPosition":[13.6257,275.2,37.848],"tipVelocity":[77.7739,-9.92833,-310.372],"tool":false,"touchDistance":0.333333,"touchZone":"none","type":3,"width":18.0722},{"bases":[[[0.839392,-0.509631,0.188938],[0.38234,0.800708,0.461175],[-0.386313,-0.314868,0.86696]],[[0.847766,-0.502511,0.169632],[0.413142,0.42514,-0.805338],[0.332574,0.752821,0.568027]],[[0.847766,-0.502511,0.169632],[-0.202836,-0.602714,-0.771747],[0.490051,0.619854,-0.612888]],[[0.847766,-0.502511,0.169632],[-0.427811,-0.836954,-0.3413],[0.313481,0.216772,-0.924521]]],"btipPosition":[27.0037,280.928,41.5025],"carpPosition":[31.3498,305.143,83.9239],"dipPosition":[32.4056,284.663,25.571],"direction":[-0.490051,-0.619854,0.612888],"extended":false,"handId":582,"id":5824,"length":50.4973,"mcpPosition":[53.7443,323.396,33.6665],"pipPosition":[41.9879,296.784,13.5868],"stabilizedTipPosition":[-32.988,274.999,220.757],"timeVisible":0.433956,"tipPosition":[28.538,282.107,37.5338],"tipVelocity":[75.9464,1.72702,-323.293],"tool":false,"touchDistance":0.333333,"touchZone":"none","type":4,"width":16.0532}],"r":[[0.979835,0.194062,0.0475689],[-0.196145,0.979591,0.0439198],[-0.0380749,-0.0523646,0.997902]],"s":1.10342,"t":[60.8377,8.12068,-200.16],"timestamp":522731288544},false],[1,{"currentFrameRate":94.6096,"devices":[],"gestures":[],"hands":[{"armBasis":[[0.990897,-0.0840108,-0.105191],[0.0871462,0.995867,0.0255654],[0.102608,-0.0344997,0.994123]],"armWidth":63.703,"confidence":0.774873,"direction":[0.134712,0.446953,-0.884356],"elbow":[43.5102,292.968,353.182],"grabStrength":0,"id":582,"palmNormal":[-0.0318044,-0.890081,-0.454691],"palmPosition":[15.4011,323.247,34.3283],"palmVelocity":[47.8123,26.8926,-277.248],"palmWidth":90.9658,"pinchStrength":0.628162,"r":[[0.978284,0.201633,0.0480101],[-0.20383,0.977908,0.0463654],[-0.0376007,-0.0551445,0.99777]],"s":1.10607,"sphereCenter":[23.4183,290.09,0.584132],"sphereRadius":46.0623,"stabilizedPalmPosition":[-43.7795,315.286,232.86],"t":[61.498,8.69499,-203.885],"timeVisible":0.452202,"type":"right","wrist":[15.8133,302.281,84.84]}],"id":4199190,"interactionBox":{"center":[0,200,0],"size":[235.247,235.247,147.751]},"pointables":[{"bases":[[[0.453257,0.847362,0.276651],[-0.835397,0.295558,0.463419],[0.310917,-0.441161,0.841848]],[[0.294573,0.952562,-0.0765021],[-0.946197,0.301949,0.116355],[0.133935,0.0381111,0.990257]],[[0.294573,0.952562,-0.0765021],[-0.941499,0.27557,-0.194015],[-0.163729,0.129178,0.978011]],[[0.294573,0.952562,-0.0765021],[-0.646434,0.139665,-0.750078],[-0.703811,0.270406,0.65691]]],"btipPosition":[2.14732,281.057,-18.1812],"carpPosition":[-13.217,293.689,79.9439],"dipPosition":[-14.32,287.383,-2.8112],"direction":[0.163729,-0.129178,-0.978011],"extended":false,"handId":582,"id":5820,"length":52.1025,"mcpPosition":[-13.217,293.689,79.9439],"pipPosition":[-19.901,291.787,30.5258],"stabilizedTipPosition":[-64.7554,277.968,170.114],"timeVisible":0.452202,"tipPosition":[-1.86529,282.289,-15.0118],"tipVelocity":[63.587,31.3831,-275.272],"tool":false,"touchDistance":-0.752455,"touchZone":"hovering","type":0,"width":20.2446},{"bases":[[[0.998933,-0.0130656,-0.044296],[0.0264851,0.94782,0.317705],[0.0378337,-0.318539,0.947154]],[[0.997058,-0.0479136,0.0598236],[0.0473371,0.998818,0.0110182],[-0.0602808,-0.00815395,0.998148]],[[0.997058,-0.0479136,0.0598236],[0.0569802,0.985398,-0.16045],[-0.0512623,0.163387,0.985229]],[[0.997058,-0.0479136,0.0598236],[0.0628831,0.957623,-0.281076],[-0.0438211,0.284011,0.957819]]],"btipPosition":[-1.37498,330.128,-72.4783],"carpPosition":[-3.16864,315.149,80.2239],"dipPosition":[-2.12349,334.979,-56.1177],"direction":[0.0512623,-0.163387,-0.985229],"extended":true,"handId":582,"id":5821,"length":58.7918,"mcpPosition":[-5.95131,338.577,10.5607],"pipPosition":[-3.36219,338.927,-32.3107],"stabilizedTipPosition":[-54.9657,312.242,126.401],"timeVisible":0.452202,"tipPosition":[-1.44492,329.558,-68.2509],"tipVelocity":[40.73,60.4984,-282.193],"tool":false,"touchDistance":-0.82153,"touchZone":"hovering","type":1,"width":19.3376},{"bases":[[[0.975611,-0.217369,0.0305677],[0.19581,0.924742,0.32636],[-0.0992076,-0.312415,0.944751]],[[0.976761,-0.213496,0.0189043],[0.123321,0.487675,-0.864271],[0.175299,0.846518,0.502671]],[[0.976761,-0.213496,0.0189043],[-0.135494,-0.683413,-0.717348],[0.16607,0.698116,-0.696458]],[[0.976761,-0.213496,0.0189043],[-0.203939,-0.952911,-0.224431],[0.0659293,0.21536,-0.974307]]],"btipPosition":[1.53137,273.897,27.6528],"carpPosition":[9.01874,316.79,79.6674],"dipPosition":[2.76998,277.943,9.34856],"direction":[-0.16607,-0.698116,0.696458],"extended":false,"handId":582,"id":5822,"length":66.9886,"mcpPosition":[15.9384,338.581,13.7715],"pipPosition":[7.49117,297.789,-10.4509],"stabilizedTipPosition":[-64.4254,273.318,214.753],"timeVisible":0.452202,"tipPosition":[1.93641,275.267,22.7383],"tipVelocity":[68.7426,9.74175,-267.509],"tool":false,"touchDistance":0.333333,"touchZone":"none","type":2,"width":18.9921},{"bases":[[[0.932822,-0.330062,0.144573],[0.26175,0.896419,0.35766],[-0.247648,-0.295791,0.922593]],[[0.93307,-0.329766,0.14365],[0.275739,0.399316,-0.874365],[0.230975,0.855454,0.463519]],[[0.93307,-0.329766,0.14365],[-0.143701,-0.707861,-0.69158],[0.329744,0.624649,-0.707872]],[[0.93307,-0.329766,0.14365],[-0.29331,-0.928721,-0.226818],[0.208208,0.169503,-0.963285]]],"btipPosition":[13.37,275.069,38.6772],"carpPosition":[21.1998,315.222,79.5599],"dipPosition":[17.2591,278.235,20.6839],"direction":[-0.329744,-0.624649,0.707872],"extended":false,"handId":582,"id":5823,"length":64.4113,"mcpPosition":[36.7083,333.746,21.784],"pipPosition":[26.3912,295.535,1.07971],"stabilizedTipPosition":[-49.8347,270.808,221.203],"timeVisible":0.452202,"tipPosition":[14.5912,276.113,33.7809],"tipVelocity":[65.8162,18.1103,-268.51],"tool":false,"touchDistance":0.333333,"touchZone":"none","type":3,"width":18.0722},{"bases":[[[0.841733,-0.505625,0.189285],[0.380737,0.804492,0.455887],[-0.382786,-0.311667,0.869677]],[[0.850467,-0.498188,0.168866],[0.408191,0.422537,-0.809223],[0.331793,0.757147,0.56271]],[[0.850467,-0.498188,0.168866],[-0.201187,-0.60467,-0.770648],[0.486035,0.621436,-0.614481]],[[0.850467,-0.498188,0.168866],[-0.423637,-0.838972,-0.341553],[0.311831,0.218941,-0.924568]]],"btipPosition":[27.9971,281.842,37.1273],"carpPosition":[32.4132,306.464,79.4863],"dipPosition":[33.3706,285.615,21.195],"direction":[-0.486035,-0.621436,0.614481],"extended":false,"handId":582,"id":5824,"length":50.4973,"mcpPosition":[54.6032,324.531,29.0714],"pipPosition":[42.8744,297.766,9.1797],"stabilizedTipPosition":[-32.9706,275.001,220.705],"timeVisible":0.452202,"tipPosition":[29.5167,283.063,33.2013],"tipVelocity":[65.4903,25.1002,-283.351],"tool":false,"touchDistance":0.333333,"touchZone":"none","type":4,"width":16.0532}],"r":[[0.978284,0.201633,0.0480101],[-0.20383,0.977908,0.0463654],[-0.0376007,-0.0551445,0.99777]],"s":1.10607,"t":[61.498,8.69499,-203.885],"timestamp":522731306790},false],[2,{"currentFrameRate":95.4738,"devices":[],"gestures":[],"hands":[{"armBasis":[[0.989994,-0.0777971,-0.117728],[0.0808204,0.996505,0.0211206],[0.115674,-0.0304241,0.992821]],"armWidth":63.703,"confidence":0.779933,"direction":[0.134348,0.449286,-0.883229],"elbow":[47.107,294.305,351.063],"grabStrength":0,"id":582,"palmNormal":[-0.024184,-0.889557,-0.456183],"palmPosition":[15.4825,323.561,32.5926],"palmVelocity":[37.5488,29.3422,-256.484],"palmWidth":90.9658,"pinchStrength":0.625978,"r":[[0.976679,0.209025,0.0490531],[-0.211359,0.976205,0.048498],[-0.0377486,-0.0577348,0.997618]],"s":1.10837,"sphereCenter":[23.7446,290.551,-1.19251],"sphereRadius":46.0756,"stabilizedPalmPosition":[-43.7782,315.286,232.855],"t":[61.8688,9.13912,-206.616],"timeVisible":0.460905,"type":"right","wrist":[15.8835,302.518,83.0724]}],"id":4199191,"interactionBox":{"center":[0,200,0],"size":[235.247,235.247,147.751]},"pointables":[{"bases":[[[0.446477,0.850057,0.279394],[-0.838876,0.288996,0.461268],[0.31136,-0.440323,0.842123]],[[0.288545,0.954652,-0.0733573],[-0.948475,0.29547,0.114423],[0.130909,0.0365614,0.99072]],[[0.288545,0.954652,-0.0733573],[-0.942958,0.27005,-0.194689],[-0.16605,0.125349,0.978118]],[[0.288545,0.954652,-0.0733573],[-0.64285,0.136383,-0.753753],[-0.709567,0.264649,0.653051]]],"btipPosition":[2.65822,281.442,-19.9894],"carpPosition":[-13.0709,293.731,78.0721],"dipPosition":[-13.9438,287.634,-4.70976],"direction":[0.16605,-0.125349,-0.978118],"extended":false,"handId":582,"id":5820,"length":52.1025,"mcpPosition":[-13.0709,293.731,78.0721],"pipPosition":[-19.6038,291.907,28.6309],"stabilizedTipPosition":[-64.7413,277.969,170.072],"timeVisible":0.460905,"tipPosition":[-1.36019,282.62,-16.8362],"tipVelocity":[61.3341,33.876,-257.897],"tool":false,"touchDistance":-0.732979,"touchZone":"hovering","type":0,"width":20.2446},{"bases":[[[0.999133,-0.00603817,-0.0411934],[0.0188893,0.947475,0.319272],[0.0371019,-0.319773,0.946768]],[[0.997198,-0.0409714,0.0625894],[0.0401158,0.999084,0.0148664],[-0.0631412,-0.0123139,0.997929]],[[0.997198,-0.0409714,0.0625894],[0.050303,0.986529,-0.155658],[-0.0553687,0.158371,0.985826]],[[0.997198,-0.0409714,0.0625894],[0.0567357,0.959534,-0.275818],[-0.048756,0.278596,0.95917]]],"btipPosition":[-1.01939,330.723,-74.2846],"carpPosition":[-3.17326,315.261,78.4172],"dipPosition":[-1.8522,335.482,-57.901],"direction":[0.0553687,-0.158371,-0.985826],"extended":true,"handId":582,"id":5821,"length":58.7918,"mcpPosition":[-5.9021,338.78,8.78243],"pipPosition":[-3.19013,339.309,-34.0796],"stabilizedTipPosition":[-54.9577,312.245,126.372],"timeVisible":0.460905,"tipPosition":[-1.10118,330.148,-70.0692],"tipVelocity":[40.1698,61.9459,-262.113],"tool":false,"touchDistance":-0.794726,"touchZone":"hovering","type":1,"width":19.3376},{"bases":[[[0.977002,-0.210617,0.0332767],[0.188343,0.925563,0.32842],[-0.0999706,-0.314599,0.943946]],[[0.978156,-0.206737,0.0216775],[0.122304,0.488055,-0.864201],[0.168082,0.847976,0.502679]],[[0.978156,-0.206737,0.0216775],[-0.128448,-0.683121,-0.71892],[0.163436,0.700432,-0.694754]],[[0.978156,-0.206737,0.0216775],[-0.196474,-0.953546,-0.228358],[0.0678806,0.219111,-0.973336]]],"btipPosition":[1.95593,274.04,25.8759],"carpPosition":[9.00407,316.988,77.9013],"dipPosition":[3.2312,278.157,7.58987],"direction":[-0.163436,-0.700432,0.694754],"extended":false,"handId":582,"id":5822,"length":66.9886,"mcpPosition":[15.977,338.931,12.0617],"pipPosition":[7.87749,298.069,-12.1612],"stabilizedTipPosition":[-64.4125,273.318,214.715],"timeVisible":0.460905,"tipPosition":[2.37132,275.441,20.9654],"tipVelocity":[63.6749,12.0368,-250.479],"tool":false,"touchDistance":0.333333,"touchZone":"none","type":2,"width":18.9921},{"bases":[[[0.934645,-0.323787,0.14697],[0.254381,0.89765,0.359881],[-0.248453,-0.298975,0.92135]],[[0.934838,-0.323555,0.146254],[0.275382,0.400642,-0.873871],[0.22415,0.857204,0.463637]],[[0.934838,-0.323555,0.146254],[-0.136513,-0.707744,-0.693154],[0.327784,0.628021,-0.705796]],[[0.934838,-0.323555,0.146254],[-0.285786,-0.930069,-0.230865],[0.210724,0.174024,-0.961931]]],"btipPosition":[13.7288,275.295,36.9366],"carpPosition":[21.1961,315.505,77.8294],"dipPosition":[17.6649,278.546,18.9686],"direction":[-0.327784,-0.628021,0.705796],"extended":false,"handId":582,"id":5823,"length":64.4113,"mcpPosition":[36.755,334.228,20.1315],"pipPosition":[26.7428,295.938,-0.57811],"stabilizedTipPosition":[-49.8246,270.809,221.173],"timeVisible":0.460905,"tipPosition":[14.9642,276.373,32.0474],"tipVelocity":[59.586,20.8031,-250.05],"tool":false,"touchDistance":0.333333,"touchZone":"none","type":3,"width":18.0722},{"bases":[[[0.844643,-0.500051,0.191122],[0.373699,0.806398,0.458335],[-0.383312,-0.315707,0.867987]],[[0.853674,-0.492262,0.170054],[0.406554,0.425796,-0.808339],[0.325506,0.759194,0.563622]],[[0.853674,-0.492262,0.170054],[-0.194508,-0.604243,-0.772694],[0.483122,0.626552,-0.611576]],[[0.853674,-0.492262,0.170054],[-0.415939,-0.840914,-0.346207],[0.313425,0.224816,-0.922617]]],"btipPosition":[28.3365,282.164,35.3936],"carpPosition":[32.4704,306.825,77.7772],"dipPosition":[33.7375,286.038,19.4948],"direction":[-0.483122,-0.626552,0.611576],"extended":false,"handId":582,"id":5824,"length":50.4973,"mcpPosition":[54.6908,325.127,27.4602],"pipPosition":[43.1843,298.289,7.53633],"stabilizedTipPosition":[-32.9632,275.002,220.682],"timeVisible":0.460905,"tipPosition":[29.86,283.426,31.4734],"tipVelocity":[58.6141,28.9776,-260.663],"tool":false,"touchDistance":0.333333,"touchZone":"none","type":4,"width":16.0532}],"r":[[0.976679,0.209025,0.0490531],[-0.211359,0.976205,0.048498],[-0.0377486,-0.0577348,0.997618]],"s":1.10837,"t":[61.8688,9.13912,-206.616],"timestamp":522731315493},false],[3,{"currentFrameRate":96.0542,"devices":[],"gestures":[],"hands":[{"armBasis":[[0.990829,-0.0781995,-0.110191],[0.080798,0.996543,0.0193108],[0.1083,-0.0280369,0.993723]],"armWidth":63.703,"confidence":0.781078,"direction":[0.133603,0.449175,-0.883398],"elbow":[45.4778,294.898,349.056],"grabStrength":0,"id":582,"palmNormal":[-0.0243291,-0.889634,-0.456025],"palmPosition":[15.8019,323.5,30.3392],"palmVelocity":[36.7213,19.2851,-253.023],"palmWidth":90.9658,"pinchStrength":0.624339,"r":[[0.975352,0.214971,0.0497502],[-0.217407,0.974789,0.0501977],[-0.037705,-0.0597765,0.997499]],"s":1.11054,"sphereCenter":[23.892,290.555,-3.47305],"sphereRadius":46.0851,"stabilizedPalmPosition":[-43.777,315.286,232.851],"t":[62.2139,9.33113,-209.108],"timeVisible":0.470135,"type":"right","wrist":[16.2444,302.466,80.822]}],"id":4199192,"interactionBox":{"center":[0,200,0],"size":[235.247,235.247,147.751]},"pointables":[{"bases":[[[0.446501,0.850197,0.278932],[-0.838599,0.28889,0.461839],[0.312073,-0.440123,0.841963]],[[0.288799,0.954622,-0.0727404],[-0.948236,0.295692,0.115819],[0.132072,0.0355268,0.990603]],[[0.288799,0.954622,-0.0727404],[-0.943406,0.27082,-0.191418],[-0.163032,0.123905,0.97881]],[[0.288799,0.954622,-0.0727404],[-0.63876,0.135531,-0.757375],[-0.713149,0.265193,0.648916]]],"btipPosition":[2.94027,281.471,-22.1382],"carpPosition":[-12.7118,293.672,75.8443],"dipPosition":[-13.7455,287.676,-6.95528],"direction":[0.163032,-0.123905,-0.97881],"extended":false,"handId":582,"id":5820,"length":52.1025,"mcpPosition":[-12.7118,293.672,75.8443],"pipPosition":[-19.3027,291.9,26.4089],"stabilizedTipPosition":[-64.7289,277.97,170.036],"timeVisible":0.470135,"tipPosition":[-1.07777,282.626,-19.0096],"tipVelocity":[52.1153,25.3478,-251.534],"tool":false,"touchDistance":-0.720579,"touchZone":"hovering","type":0,"width":20.2446},{"bases":[[[0.999104,-0.00583129,-0.0419267],[0.0189214,0.947529,0.319108],[0.037866,-0.319616,0.94679]],[[0.997272,-0.0406605,0.0616005],[0.0395893,0.999045,0.0185127],[-0.0622944,-0.0160235,0.997929]],[[0.997272,-0.0406605,0.0616005],[0.0495532,0.987366,-0.150506],[-0.0547026,0.153148,0.986688]],[[0.997272,-0.0406605,0.0616005],[0.055863,0.961272,-0.269881],[-0.0482413,0.272586,0.960921]]],"btipPosition":[-0.782048,331.043,-76.5755],"carpPosition":[-2.81845,315.204,76.1787],"dipPosition":[-1.60606,335.699,-60.162],"direction":[0.0547026,-0.153148,-0.986688],"extended":true,"handId":582,"id":5821,"length":58.7918,"mcpPosition":[-5.6035,338.711,6.54231],"pipPosition":[-2.92789,339.4,-36.3197],"stabilizedTipPosition":[-54.9502,312.248,126.344],"timeVisible":0.470135,"tipPosition":[-0.870787,330.459,-72.3747],"tipVelocity":[36.1764,53.5701,-258.001],"tool":false,"touchDistance":-0.777846,"touchZone":"hovering","type":1,"width":19.3376},{"bases":[[[0.977071,-0.210404,0.0325919],[0.188386,0.925655,0.328135],[-0.0992097,-0.314472,0.944068]],[[0.9782,-0.206584,0.0211689],[0.121296,0.485643,-0.865701],[0.168559,0.849396,0.500114]],[[0.9782,-0.206584,0.0211689],[-0.128636,-0.682803,-0.719189],[0.163027,0.700788,-0.694492]],[[0.9782,-0.206584,0.0211689],[-0.196251,-0.952948,-0.23103],[0.0679,0.221839,-0.972716]]],"btipPosition":[2.24516,273.847,23.7242],"carpPosition":[9.35812,316.933,75.6537],"dipPosition":[3.5208,278.015,5.44975],"direction":[-0.163027,-0.700788,0.694492],"extended":false,"handId":582,"id":5822,"length":66.9886,"mcpPosition":[16.2779,338.868,9.80545],"pipPosition":[8.15547,297.937,-14.2938],"stabilizedTipPosition":[-64.4013,273.319,214.682],"timeVisible":0.470135,"tipPosition":[2.66544,275.279,18.8233],"tipVelocity":[54.6061,3.15174,-245.53],"tool":false,"touchDistance":0.333333,"touchZone":"none","type":2,"width":18.9921},{"bases":[[[0.934822,-0.323565,0.146335],[0.254453,0.897761,0.359553],[-0.247712,-0.298883,0.921579]],[[0.934961,-0.323396,0.145816],[0.274295,0.398363,-0.875254],[0.224966,0.858325,0.46116]],[[0.934961,-0.323396,0.145816],[-0.136638,-0.707615,-0.693261],[0.32738,0.628248,-0.705781]],[[0.934961,-0.323396,0.145816],[-0.285249,-0.929712,-0.232955],[0.210904,0.17621,-0.961493]]],"btipPosition":[14.008,275.14,34.7679],"carpPosition":[21.5504,315.453,75.573],"dipPosition":[17.9475,278.432,16.8081],"direction":[-0.32738,-0.628248,0.705781],"extended":false,"handId":582,"id":5823,"length":64.4113,"mcpPosition":[37.0629,334.17,17.8607],"pipPosition":[27.0142,295.831,-2.73823],"stabilizedTipPosition":[-49.8159,270.809,221.147],"timeVisible":0.470135,"tipPosition":[15.2454,276.244,29.89],"tipVelocity":[51.3819,10.5506,-245.761],"tool":false,"touchDistance":0.333333,"touchZone":"none","type":3,"width":18.0722},{"bases":[[[0.84489,-0.499841,0.19058],[0.373864,0.80655,0.457934],[-0.382606,-0.315652,0.868318]],[[0.854464,-0.491545,0.168151],[0.404295,0.425906,-0.809413],[0.326246,0.759597,0.562651]],[[0.854464,-0.491545,0.168151],[-0.194282,-0.60253,-0.774088],[0.481815,0.628762,-0.610339]],[[0.854464,-0.491545,0.168151],[-0.414551,-0.840208,-0.349568],[0.313111,0.228986,-0.921698]]],"btipPosition":[28.6566,281.982,33.1054],"carpPosition":[32.8265,306.776,75.5139],"dipPosition":[34.0521,285.928,17.2225],"direction":[-0.481815,-0.628762,0.610339],"extended":false,"handId":582,"id":5824,"length":50.4973,"mcpPosition":[55.0061,325.074,25.1777],"pipPosition":[43.4734,298.223,5.28816],"stabilizedTipPosition":[-32.9566,275.003,220.662],"timeVisible":0.470135,"tipPosition":[30.1687,283.284,29.2105],"tipVelocity":[51.8617,15.8255,-256.975],"tool":false,"touchDistance":0.333333,"touchZone":"none","type":4,"width":16.0532}],"r":[[0.975352,0.214971,0.0497502],[-0.217407,0.974789,0.0501977],[-0.037705,-0.0597765,0.997499]],"s":1.11054,"t":[62.2139,9.33113,-209.108],"timestamp":522731324723},false],[4,{"currentFrameRate":96.7846,"devices":[],"gestures":[],"hands":[{"armBasis":[[0.989451,-0.0818754,-0.119513],[0.0845067,0.996276,0.017109],[0.117667,-0.0270282,0.992685]],"armWidth":63.703,"confidence":0.782978,"direction":[0.13326,0.448877,-0.883601],"elbow":[48.2942,295.39,347.026],"grabStrength":0,"id":582,"palmNormal":[-0.028366,-0.88946,-0.456131],"palmPosition":[16.0546,323.731,28.5947],"palmVelocity":[34.5062,21.1219,-237.845],"palmWidth":90.9658,"pinchStrength":0.624155,"r":[[0.974437,0.219049,0.049907],[-0.221548,0.973779,0.0516817],[-0.0372775,-0.0614173,0.997416]],"s":1.11249,"sphereCenter":[23.7678,290.84,-5.26668],"sphereRadius":46.0803,"stabilizedPalmPosition":[-43.776,315.286,232.848],"t":[62.5128,9.54256,-211.226],"timeVisible":0.478991,"type":"right","wrist":[16.5327,302.686,79.0726]}],"id":4199193,"interactionBox":{"center":[0,200,0],"size":[235.247,235.247,147.751]},"pointables":[{"bases":[[[0.45002,0.848603,0.278129],[-0.83661,0.291689,0.463682],[0.312354,-0.441352,0.841215]],[[0.292681,0.953514,-0.07175],[-0.946675,0.299516,0.118728],[0.1347,0.0331744,0.990331]],[[0.292681,0.953514,-0.07175],[-0.94303,0.275418,-0.186653],[-0.158216,0.122292,0.979802]],[[0.292681,0.953514,-0.07175],[-0.632344,0.136719,-0.762528],[-0.717272,0.268548,0.642964]]],"btipPosition":[2.989,281.886,-23.7082],"carpPosition":[-12.4642,293.993,74.1553],"dipPosition":[-13.7933,288.169,-8.66452],"direction":[0.158216,-0.122292,-0.979802],"extended":false,"handId":582,"id":5820,"length":52.1025,"mcpPosition":[-12.4642,293.993,74.1553],"pipPosition":[-19.1863,292.338,24.7335],"stabilizedTipPosition":[-64.7191,277.971,170.007],"timeVisible":0.478991,"tipPosition":[-1.05249,283.026,-20.6271],"tipVelocity":[38.8116,31.7128,-232.402],"tool":false,"touchDistance":-0.700885,"touchZone":"hovering","type":0,"width":20.2446},{"bases":[[[0.998986,-0.00926247,-0.0440633],[0.0228651,0.947399,0.319237],[0.0387886,-0.319921,0.94665]],[[0.997285,-0.043974,0.059072],[0.0427282,0.99884,0.0221908],[-0.0599793,-0.0196065,0.998007]],[[0.997285,-0.043974,0.059072],[0.0521933,0.987949,-0.145712],[-0.0519526,0.1484,0.987562]],[[0.997285,-0.043974,0.059072],[0.0581158,0.962618,-0.264555],[-0.0452302,0.26727,0.96256]]],"btipPosition":[-0.744902,331.711,-78.3239],"carpPosition":[-2.49613,315.49,74.4725],"dipPosition":[-1.51748,336.276,-61.8824],"direction":[0.0519526,-0.1484,-0.987562],"extended":true,"handId":582,"id":5821,"length":58.7918,"mcpPosition":[-5.34903,339.02,4.84635],"pipPosition":[-2.77286,339.862,-38.019],"stabilizedTipPosition":[-54.9436,312.25,126.32],"timeVisible":0.478991,"tipPosition":[-0.83076,331.125,-74.138],"tipVelocity":[27.876,58.8612,-241.398],"tool":false,"touchDistance":-0.754525,"touchZone":"hovering","type":1,"width":19.3376},{"bases":[[[0.976408,-0.213772,0.0304656],[0.192272,0.92494,0.327898],[-0.098274,-0.314304,0.944222]],[[0.977517,-0.209987,0.0191387],[0.120807,0.483349,-0.867052],[0.172819,0.84987,0.49785]],[[0.977517,-0.209987,0.0191387],[-0.132347,-0.68168,-0.719581],[0.164149,0.700869,-0.694145]],[[0.977517,-0.209987,0.0191387],[-0.199835,-0.951559,-0.233669],[0.0672789,0.224591,-0.972128]]],"btipPosition":[2.2815,274.003,22.0697],"carpPosition":[9.68517,317.178,73.9217],"dipPosition":[3.54547,278.223,3.8063],"direction":[-0.164149,-0.700869,0.694145],"extended":false,"handId":582,"id":5822,"length":66.9886,"mcpPosition":[16.5397,339.101,8.06274],"pipPosition":[8.21202,298.147,-15.9274],"stabilizedTipPosition":[-64.3929,273.319,214.658],"timeVisible":0.478991,"tipPosition":[2.70336,275.464,17.1807],"tipVelocity":[40.8453,7.43532,-229.552],"tool":false,"touchDistance":0.333333,"touchZone":"none","type":2,"width":18.9921},{"bases":[[[0.934013,-0.326808,0.144278],[0.25831,0.896813,0.359169],[-0.246769,-0.2982,0.922053]],[[0.934124,-0.326673,0.143862],[0.27344,0.395833,-0.876668],[0.229439,0.858255,0.459083]],[[0.934124,-0.326673,0.143862],[-0.140296,-0.706609,-0.693556],[0.32822,0.627685,-0.705892]],[[0.934124,-0.326673,0.143862],[-0.288446,-0.928244,-0.234864],[0.210263,0.177896,-0.961323]]],"btipPosition":[14.0597,275.287,33.0725],"carpPosition":[21.8721,315.656,73.8147],"dipPosition":[17.9872,278.61,15.116],"direction":[-0.32822,-0.627685,0.705892],"extended":false,"handId":582,"id":5823,"length":64.4113,"mcpPosition":[37.3256,334.33,16.0727],"pipPosition":[27.0771,295.994,-4.43345],"stabilizedTipPosition":[-49.8093,270.81,221.128],"timeVisible":0.478991,"tipPosition":[15.2939,276.412,28.2083],"tipVelocity":[38.9594,12.4156,-231.024],"tool":false,"touchDistance":0.333333,"touchZone":"none","type":3,"width":18.0722},{"bases":[[[0.843569,-0.502782,0.188684],[0.377616,0.805173,0.457278],[-0.381834,-0.314495,0.869077]],[[0.853522,-0.494151,0.165269],[0.402295,0.42338,-0.811731],[0.331146,0.759318,0.56016]],[[0.853522,-0.494151,0.165269],[-0.198293,-0.601359,-0.773981],[0.48185,0.627839,-0.61126]],[[0.853522,-0.494151,0.165269],[-0.41742,-0.838295,-0.350744],[0.311865,0.230381,-0.921773]]],"btipPosition":[28.7509,282.083,31.3847],"carpPosition":[33.1181,306.94,73.7299],"dipPosition":[34.1251,286.053,15.5006],"direction":[-0.48185,-0.627839,0.61126],"extended":false,"handId":582,"id":5824,"length":50.4973,"mcpPosition":[55.2529,325.171,23.3497],"pipPosition":[43.547,298.329,3.54822],"stabilizedTipPosition":[-32.9516,275.003,220.647],"timeVisible":0.478991,"tipPosition":[30.2555,283.402,27.4768],"tipVelocity":[40.5508,14.7893,-240.006],"tool":false,"touchDistance":0.333333,"touchZone":"none","type":4,"width":16.0532}],"r":[[0.974437,0.219049,0.049907],[-0.221548,0.973779,0.0516817],[-0.0372775,-0.0614173,0.997416]],"s":1.11249,"t":[62.5128,9.54256,-211.226],"timestamp":522731333579},false],[5,{"currentFrameRate":97.2438,"devices":[],"gestures":[],"hands":[{"armBasis":[[0.987973,-0.0801896,-0.13221],[0.0828932,0.996445,0.0150643],[0.130532,-0.0258424,0.991107]],"armWidth":63.703,"confidence":0.790999,"direction":[0.133928,0.453703,-0.881032],"elbow":[51.8933,295.796,344.508],"grabStrength":0,"id":582,"palmNormal":[-0.0253469,-0.887182,-0.460723],"palmPosition":[16.2302,324.073,26.6093],"palmVelocity":[30.0364,25.5,-230.534],"palmWidth":90.9658,"pinchStrength":0.625095,"r":[[0.973566,0.222719,0.0506468],[-0.22534,0.972795,0.053775],[-0.0372922,-0.0637663,0.997268]],"s":1.11399,"sphereCenter":[23.9276,291.413,-7.4243],"sphereRadius":46.0683,"stabilizedPalmPosition":[-43.7751,315.286,232.845],"t":[62.7501,9.81933,-213.278],"timeVisible":0.488352,"type":"right","wrist":[16.6591,302.771,76.98]}],"id":4199194,"interactionBox":{"center":[0,200,0],"size":[235.247,235.247,147.751]},"pointables":[{"bases":[[[0.447446,0.848236,0.28335],[-0.838214,0.287327,0.463508],[0.31175,-0.444903,0.839567]],[[0.291353,0.954421,-0.0647552],[-0.947342,0.29727,0.119055],[0.132878,0.0266584,0.990774]],[[0.291353,0.954421,-0.0647552],[-0.943464,0.275503,-0.184318],[-0.158077,0.114796,0.980731]],[[0.291353,0.954421,-0.0647552],[-0.622766,0.137856,-0.770168],[-0.726138,0.264718,0.634545]]],"btipPosition":[3.43966,282.598,-25.7593],"carpPosition":[-12.3072,294.035,71.9609],"dipPosition":[-13.5501,288.792,-10.9126],"direction":[0.158077,-0.114796,-0.980731],"extended":false,"handId":582,"id":5820,"length":52.1025,"mcpPosition":[-12.3072,294.035,71.9609],"pipPosition":[-18.9384,292.705,22.5171],"stabilizedTipPosition":[-64.7098,277.972,169.979],"timeVisible":0.488352,"tipPosition":[-0.653604,283.688,-22.7431],"tipVelocity":[40.0134,43.6848,-230.005],"tool":false,"touchDistance":-0.690577,"touchZone":"hovering","type":0,"width":20.2446},{"bases":[[[0.99909,-0.00666443,-0.0421322],[0.0199771,0.945807,0.324115],[0.0376888,-0.324662,0.945079]],[[0.9973,-0.0417642,0.0604033],[0.040046,0.998766,0.0293824],[-0.0615559,-0.0268841,0.997742]],[[0.9973,-0.0417642,0.0604033],[0.0497912,0.989157,-0.138161],[-0.0539782,0.140796,0.988566]],[[0.9973,-0.0417642,0.0604033],[0.0559672,0.964796,-0.256976],[-0.0475445,0.259663,0.964528]]],"btipPosition":[-0.402736,332.75,-80.3197],"carpPosition":[-2.39105,315.554,72.4076],"dipPosition":[-1.21485,337.185,-63.8446],"direction":[0.0539782,-0.140796,-0.988566],"extended":true,"handId":582,"id":5821,"length":58.7918,"mcpPosition":[-5.16306,339.433,2.89704],"pipPosition":[-2.51917,340.587,-39.9569],"stabilizedTipPosition":[-54.9361,312.253,126.292],"timeVisible":0.488352,"tipPosition":[-0.492332,332.173,-76.1531],"tipVelocity":[30.0632,72.743,-233.16],"tool":false,"touchDistance":-0.737226,"touchZone":"hovering","type":1,"width":19.3376},{"bases":[[[0.976854,-0.211605,0.0313065],[0.18942,0.923706,0.332997],[-0.0993817,-0.319359,0.942408]],[[0.977968,-0.207787,0.0200835],[0.121139,0.486522,-0.86523],[0.170013,0.8486,0.500974]],[[0.977968,-0.207787,0.0200835],[-0.129053,-0.677396,-0.72421],[0.164086,0.705662,-0.689287]],[[0.977968,-0.207787,0.0200835],[-0.196888,-0.950068,-0.242087],[0.0693833,0.232799,-0.970047]]],"btipPosition":[2.5583,274.222,19.8363],"carpPosition":[9.78726,317.273,71.8895],"dipPosition":[3.8618,278.595,1.61206],"direction":[-0.164086,-0.705662,0.689287],"extended":false,"handId":582,"id":5822,"length":66.9886,"mcpPosition":[16.7191,339.549,6.15712],"pipPosition":[8.52658,298.657,-17.9836],"stabilizedTipPosition":[-64.386,273.319,214.637],"timeVisible":0.488352,"tipPosition":[2.99313,275.74,14.98],"tipVelocity":[37.9203,13.0327,-231.842],"tool":false,"touchDistance":0.333333,"touchZone":"none","type":2,"width":18.9921},{"bases":[[[0.934504,-0.325322,0.144456],[0.255463,0.895576,0.364255],[-0.247871,-0.303494,0.920028]],[[0.93462,-0.325179,0.144025],[0.273746,0.399234,-0.875029],[0.227041,0.857246,0.462149]],[[0.93462,-0.325179,0.144025],[-0.136841,-0.702593,-0.69831],[0.328267,0.632946,-0.701156]],[[0.93462,-0.325179,0.144025],[-0.285069,-0.927107,-0.243328],[0.212652,0.186362,-0.959191]]],"btipPosition":[14.2957,275.485,30.8756],"carpPosition":[21.9779,315.781,71.799],"dipPosition":[18.2678,278.966,12.9589],"direction":[-0.328267,-0.632946,0.701156],"extended":false,"handId":582,"id":5823,"length":64.4113,"mcpPosition":[37.5004,334.787,14.1838],"pipPosition":[27.359,296.495,-6.45936],"stabilizedTipPosition":[-49.804,270.81,221.112],"timeVisible":0.488352,"tipPosition":[15.5403,276.672,26.0435],"tipVelocity":[35.3681,15.988,-231.786],"tool":false,"touchDistance":0.333333,"touchZone":"none","type":3,"width":18.0722},{"bases":[[[0.844393,-0.501734,0.187784],[0.374794,0.80372,0.46213],[-0.382792,-0.319839,0.866702]],[[0.854637,-0.492715,0.16379],[0.401986,0.428219,-0.809343],[0.328637,0.757536,0.564037]],[[0.854637,-0.492715,0.16379],[-0.19501,-0.596951,-0.778216],[0.481214,0.633151,-0.606261]],[[0.854637,-0.492715,0.16379],[-0.413923,-0.836969,-0.35798],[0.31347,0.238147,-0.919251]]],"btipPosition":[29.0067,282.37,29.2061],"carpPosition":[33.2449,307.092,71.6919],"dipPosition":[34.4085,286.474,13.3654],"direction":[-0.481214,-0.633151,0.606261],"extended":false,"handId":582,"id":5824,"length":50.4973,"mcpPosition":[55.4352,325.633,21.4494],"pipPosition":[43.818,298.854,1.51084],"stabilizedTipPosition":[-32.9474,275.004,220.634],"timeVisible":0.488352,"tipPosition":[30.5122,283.731,25.3208],"tipVelocity":[36.9894,20.2359,-237.637],"tool":false,"touchDistance":0.333333,"touchZone":"none","type":4,"width":16.0532}],"r":[[0.973566,0.222719,0.0506468],[-0.22534,0.972795,0.053775],[-0.0372922,-0.0637663,0.997268]],"s":1.11399,"t":[62.7501,9.81933,-213.278],"timestamp":522731342940},false],[6,{"currentFrameRate":98.0001,"devices":[],"gestures":[],"hands":[{"armBasis":[[0.986996,-0.0796941,-0.1396],[0.082733,0.996442,0.0160934],[0.137821,-0.0274336,0.990077]],"armWidth":63.703,"confidence":0.797523,"direction":[0.134009,0.45434,-0.880691],"elbow":[54.149,295.924,342.415],"grabStrength":0,"id":582,"palmNormal":[-0.0251652,-0.88686,-0.461352],"palmPosition":[16.5236,324.666,24.8093],"palmVelocity":[31.0248,36.8821,-224.269],"palmWidth":90.9658,"pinchStrength":0.625725,"r":[[0.972852,0.225668,0.0513066],[-0.228397,0.97198,0.0555771],[-0.0373271,-0.0657866,0.997135]],"s":1.11519,"sphereCenter":[24.0738,292.073,-9.26105],"sphereRadius":46.0519,"stabilizedPalmPosition":[-43.7743,315.287,232.842],"t":[63.0154,10.2541,-215.204],"timeVisible":0.497046,"type":"right","wrist":[16.9473,303.329,75.1651]}],"id":4199195,"interactionBox":{"center":[0,200,0],"size":[235.247,235.247,147.751]},"pointables":[{"bases":[[[0.447297,0.848092,0.284017],[-0.838322,0.286897,0.46358],[0.311675,-0.445455,0.839302]],[[0.291879,0.95439,-0.0628219],[-0.947234,0.297539,0.119243],[0.132496,0.0247027,0.990876]],[[0.291879,0.95439,-0.0628219],[-0.943579,0.276586,-0.182097],[-0.156416,0.112428,0.981272]],[[0.291879,0.95439,-0.0628219],[-0.616192,0.137401,-0.775518],[-0.731515,0.265067,0.628192]]],"btipPosition":[3.81792,283.326,-27.4598],"carpPosition":[-12.0171,294.592,70.1353],"dipPosition":[-13.2976,289.527,-12.7617],"direction":[0.156416,-0.112428,-0.981272],"extended":false,"handId":582,"id":5820,"length":52.1025,"mcpPosition":[-12.0171,294.592,70.1353],"pipPosition":[-18.6293,293.36,20.6864],"stabilizedTipPosition":[-64.7011,277.973,169.953],"timeVisible":0.497046,"tipPosition":[-0.313108,284.398,-24.4883],"tipVelocity":[40.058,54.4067,-221.877],"tool":false,"touchDistance":-0.675872,"touchZone":"hovering","type":0,"width":20.2446},{"bases":[[[0.999097,-0.00651103,-0.0419812],[0.0198094,0.945581,0.324784],[0.0375819,-0.325323,0.944856]],[[0.997327,-0.041542,0.0601163],[0.0396874,0.998708,0.0317235],[-0.0613565,-0.0292528,0.997687]],[[0.997327,-0.041542,0.0601163],[0.0493847,0.989548,-0.135486],[-0.0538596,0.138092,0.988954]],[[0.997327,-0.041542,0.0601163],[0.0555408,0.965558,-0.254192],[-0.0474861,0.256852,0.965284]]],"btipPosition":[-0.120009,333.572,-82.1321],"carpPosition":[-2.10375,316.112,70.5987],"dipPosition":[-0.931121,337.959,-65.6441],"direction":[0.0538596,-0.138092,-0.988954],"extended":true,"handId":582,"id":5821,"length":58.7918,"mcpPosition":[-4.8679,340.04,1.10456],"pipPosition":[-2.23258,341.296,-41.7471],"stabilizedTipPosition":[-54.9282,312.256,126.262],"timeVisible":0.497046,"tipPosition":[-0.205582,333.018,-77.9787],"tipVelocity":[30.7252,78.2171,-226.485],"tool":false,"touchDistance":-0.718979,"touchZone":"hovering","type":1,"width":19.3376},{"bases":[[[0.976875,-0.211506,0.0313096],[0.189254,0.923495,0.333677],[-0.0994889,-0.320035,0.942168]],[[0.977978,-0.207725,0.0202207],[0.121081,0.485788,-0.86565],[0.169994,0.849035,0.500242]],[[0.977978,-0.207725,0.0202207],[-0.128574,-0.675968,-0.725628],[0.1644,0.707049,-0.68779]],[[0.977978,-0.207725,0.0202207],[-0.196526,-0.94918,-0.245833],[0.0702589,0.236446,-0.969101]]],"btipPosition":[2.82845,274.7,18.0222],"carpPosition":[10.0744,317.834,70.0838],"dipPosition":[4.1484,279.142,-0.18425],"direction":[-0.1644,-0.707049,0.68779],"extended":false,"handId":582,"id":5822,"length":66.9886,"mcpPosition":[17.0137,340.156,4.36813],"pipPosition":[8.8221,299.243,-19.7373],"stabilizedTipPosition":[-64.3808,273.319,214.622],"timeVisible":0.497046,"tipPosition":[3.2711,276.251,13.1915],"tipVelocity":[36.2108,24.7126,-225.535],"tool":false,"touchDistance":0.333333,"touchZone":"none","type":2,"width":18.9921},{"bases":[[[0.934522,-0.325307,0.144372],[0.255296,0.895351,0.364925],[-0.247977,-0.304173,0.919775]],[[0.934619,-0.325188,0.144011],[0.273414,0.398011,-0.87569],[0.227446,0.857811,0.4609]],[[0.934619,-0.325188,0.144011],[-0.136483,-0.701869,-0.699108],[0.328419,0.633745,-0.700363]],[[0.934619,-0.325188,0.144011],[-0.284456,-0.926554,-0.246133],[0.213474,0.189076,-0.958478]]],"btipPosition":[14.552,275.991,29.107],"carpPosition":[22.2653,316.342,69.994],"dipPosition":[18.5395,279.523,11.2036],"direction":[-0.328419,-0.633745,0.700363],"extended":false,"handId":582,"id":5823,"length":64.4113,"mcpPosition":[37.7944,335.391,12.3947],"pipPosition":[27.6349,297.074,-8.19267],"stabilizedTipPosition":[-49.7998,270.811,221.1],"timeVisible":0.497046,"tipPosition":[15.7999,277.202,24.2858],"tipVelocity":[33.909,27.6059,-224.13],"tool":false,"touchDistance":0.333333,"touchZone":"none","type":3,"width":18.0722},{"bases":[[[0.844426,-0.501762,0.187562],[0.374622,0.80344,0.462755],[-0.382888,-0.320497,0.866417]],[[0.854913,-0.492501,0.162994],[0.401056,0.428161,-0.809835],[0.329057,0.757708,0.563561]],[[0.854913,-0.492501,0.162994],[-0.194628,-0.595737,-0.779242],[0.480879,0.63446,-0.605157]],[[0.854913,-0.492501,0.162994],[-0.412996,-0.836269,-0.360678],[0.313941,0.241032,-0.918338]]],"btipPosition":[29.2843,282.89,27.3929],"carpPosition":[33.5333,307.655,69.8826],"dipPosition":[34.6942,287.044,11.5679],"direction":[-0.480879,-0.63446,0.605157],"extended":false,"handId":582,"id":5824,"length":50.4973,"mcpPosition":[55.7292,326.234,19.6566],"pipPosition":[44.0971,299.449,-0.265115],"stabilizedTipPosition":[-32.9441,275.004,220.623],"timeVisible":0.497046,"tipPosition":[30.7896,284.272,23.5137],"tipVelocity":[35.6969,31.1363,-229.775],"tool":false,"touchDistance":0.333333,"touchZone":"none","type":4,"width":16.0532}],"r":[[0.972852,0.225668,0.0513066],[-0.228397,0.97198,0.0555771],[-0.0373271,-0.0657866,0.997135]],"s":1.11519,"t":[63.0154,10.2541,-215.204],"t