{"sensorType":"Leap","data":[[0,{"currentFrameRate":107.441,"devices":[],"gestures":[],"hands":[{"armBasis":[[0.994049,-0.0756195,-0.0784069],[0.0801754,0.995168,0.0566808],[0.0737418,-0.0626298,0.995309]],"armWidth":63.703,"confidence":0.786205,"direction":[0.130042,0.343715,-0.930027],"elbow":[31.4386,286.364,360.576],"grabStrength":0,"id":581,"palmNormal":[-0.043179,-0.935138,-0.351641],"palmPosition":[10.8187,318.441,39.3742],"palmVelocity":[93.8474,-13.7267,-289.657],"palmWidth":90.9658,"pinchStrength":0.685783,"r":[[0.949848,0.311531,0.0271472],[-0.310099,0.949555,-0.0467256],[-0.0403342,0.0359639,0.998539]],"s":1.0621,"sphereCenter":[21.8136,281.051,8.75001],"sphereRadius":47.9863,"stabilizedPalmPosition":[-43.7378,331.403,185.155],"t":[56.9321,-13.5505,-151.899],"timeVisible":0.361487,"type":"right","wrist":[11.5336,303.27,91.9145]}],"id":4198856,"interactionBox":{"center":[0,200,0],"size":[235.247,235.247,147.751]},"pointables":[{"bases":[[[0.462598,0.868923,0.176001],[-0.828644,0.353188,0.434291],[0.315203,-0.346744,0.883411]],[[0.335618,0.934385,-0.119519],[-0.932421,0.347567,0.0989388],[0.133988,0.0782364,0.98789]],[[0.335618,0.934385,-0.119519],[-0.932096,0.311057,-0.185583],[-0.136229,0.173688,0.975333]],[[0.335618,0.934385,-0.119519],[-0.717135,0.171169,-0.675588],[-0.610802,0.312451,0.727527]]],"btipPosition":[-5.36097,277.31,-11.3113],"carpPosition":[-17.6091,294.445,88.2566],"dipPosition":[-19.6521,284.62,5.71096],"direction":[0.136229,-0.173688,-0.975333],"extended":false,"handId":581,"id":5810,"length":52.1025,"mcpPosition":[-17.6091,294.445,88.2566],"pipPosition":[-24.2957,290.541,38.9567],"stabilizedTipPosition":[-67.2213,294.888,129.003],"timeVisible":0.361487,"tipPosition":[-8.42742,278.184,-7.73887],"tipVelocity":[143.877,16.4176,-277.194],"tool":false,"touchDistance":-0.589244,"touchZone":"hovering","type":0,"width":20.2446},{"bases":[[[0.99834,-0.0269562,-0.0509029],[0.0370462,0.977195,0.20909],[0.0441058,-0.210628,0.976571]],[[0.992507,-0.0603578,0.106235],[0.0562957,0.997579,0.040832],[-0.108443,-0.0345454,0.993502]],[[0.992507,-0.0603578,0.106235],[0.0711645,0.992332,-0.101061],[-0.099321,0.107864,0.989192]],[[0.992507,-0.0603578,0.106235],[0.0814662,0.974899,-0.20721],[-0.0910621,0.214312,0.972511]]],"btipPosition":[-2.0176,326.418,-68.9706],"carpPosition":[-7.38677,315.71,86.0423],"dipPosition":[-3.57304,330.079,-52.3591],"direction":[0.099321,-0.107864,-0.989192],"extended":true,"handId":581,"id":5811,"length":58.7918,"mcpPosition":[-10.6307,331.201,14.2156],"pipPosition":[-5.97303,332.685,-28.4563],"stabilizedTipPosition":[-54.5471,338.112,79.6179],"timeVisible":0.361487,"tipPosition":[-2.1764,325.689,-64.911],"tipVelocity":[77.5345,56.1153,-293.32],"tool":false,"touchDistance":-0.644786,"touchZone":"hovering","type":1,"width":19.3376},{"bases":[[[0.974079,-0.221355,0.0466095],[0.206253,0.953708,0.218863],[-0.0928984,-0.203577,0.974642]],[[0.972898,-0.223774,0.0582604],[0.158644,0.462646,-0.872233],[0.168229,0.857837,0.485608]],[[0.972898,-0.223774,0.0582604],[-0.106436,-0.657052,-0.746293],[0.205281,0.719867,-0.663063]],[[0.972898,-0.223774,0.0582604],[-0.201032,-0.943039,-0.265073],[0.114258,0.246177,-0.962467]]],"btipPosition":[-4.80171,264.941,30.7542],"carpPosition":[4.80767,317.169,85.2032],"dipPosition":[-2.65515,269.566,12.6723],"direction":[-0.205281,-0.719867,0.663063],"extended":false,"handId":581,"id":5812,"length":66.9886,"mcpPosition":[11.2873,331.368,17.2225],"pipPosition":[3.18075,290.031,-6.17776],"stabilizedTipPosition":[-63.0207,284.852,147.476],"timeVisible":0.361487,"tipPosition":[-4.20284,266.231,25.6782],"tipVelocity":[151.865,-36.1313,-231.917],"tool":false,"touchDistance":0.333333,"touchZone":"none","type":2,"width":18.9921},{"bases":[[[0.931453,-0.320161,0.172896],[0.272253,0.92848,0.252592],[-0.2414,-0.188206,0.952]],[[0.924677,-0.325071,0.198245],[0.311337,0.345803,-0.88515],[0.219183,0.880199,0.420962]],[[0.924677,-0.325071,0.198245],[-0.100631,-0.710802,-0.696157],[0.367213,0.623771,-0.689975]],[[0.924677,-0.325071,0.198245],[-0.274633,-0.930055,-0.244077],[0.263721,0.171248,-0.949276]]],"btipPosition":[7.20531,267.484,43.5898],"carpPosition":[16.9743,315.489,85.1704],"dipPosition":[12.1314,270.683,25.8582],"direction":[-0.367213,-0.623771,0.689975],"extended":false,"handId":581,"id":5813,"length":64.4113,"mcpPosition":[32.0915,327.275,25.5531],"pipPosition":[22.3012,287.958,6.74963],"stabilizedTipPosition":[-48.2505,282.043,152.757],"timeVisible":0.361487,"tipPosition":[8.6827,268.242,38.011],"tipVelocity":[140.081,-11.6762,-218.495],"tool":false,"touchDistance":0.333333,"touchZone":"none","type":3,"width":18.0722},{"bases":[[[0.839379,-0.488773,0.237789],[0.39141,0.847081,0.359517],[-0.377149,-0.208698,0.902333]],[[0.852116,-0.481136,0.205928],[0.414341,0.379827,-0.827075],[0.319719,0.790088,0.523011]],[[0.852116,-0.481136,0.205928],[-0.161154,-0.615582,-0.771419],[0.497923,0.624153,-0.602085]],[[0.852116,-0.481136,0.205928],[-0.394362,-0.848977,-0.351733],[0.344059,0.218507,-0.913169]]],"btipPosition":[23.012,274.876,42.699],"carpPosition":[28.1158,306.677,85.9865],"dipPosition":[28.9409,278.641,26.9631],"direction":[-0.497923,-0.624153,0.602085],"extended":false,"handId":581,"id":5814,"length":50.4973,"mcpPosition":[49.9791,318.775,33.6785],"pipPosition":[38.6771,290.845,15.1902],"stabilizedTipPosition":[-33.0075,285.802,163.424],"timeVisible":0.361487,"tipPosition":[24.8892,275.834,38.3516],"tipVelocity":[131.071,2.96079,-261.58],"tool":false,"touchDistance":0.333333,"touchZone":"none","type":4,"width":16.0532}],"r":[[0.949848,0.311531,0.0271472],[-0.310099,0.949555,-0.0467256],[-0.0403342,0.0359639,0.998539]],"s":1.0621,"t":[56.9321,-13.5505,-151.899],"timestamp":522727990092},false],[1,{"currentFrameRate":107.495,"devices":[],"gestures":[],"hands":[{"armBasis":[[0.994705,-0.0693684,-0.0758231],[0.0738314,0.995598,0.0577326],[0.0714846,-0.063025,0.995449]],"armWidth":63.703,"confidence":0.790234,"direction":[0.125344,0.347878,-0.929123],"elbow":[32.0314,285.935,358.52],"grabStrength":0,"id":581,"palmNormal":[-0.0377444,-0.934159,-0.354856],"palmPosition":[11.7843,318.3,37.3359],"palmVelocity":[96.9435,-14.1963,-270.57],"palmWidth":90.9658,"pinchStrength":0.673963,"r":[[0.946946,0.320267,0.0268765],[-0.318931,0.946732,-0.0445222],[-0.0397038,0.0335883,0.998647]],"s":1.06814,"sphereCenter":[22.6456,281.244,6.53802],"sphereRadius":48.0166,"stabilizedPalmPosition":[-43.691,331.392,185.031],"t":[57.81,-13.6398,-154.207],"timeVisible":0.370691,"type":"right","wrist":[12.7357,302.947,89.82]}],"id":4198857,"interactionBox":{"center":[0,200,0],"size":[235.247,235.247,147.751]},"pointables":[{"bases":[[[0.457153,0.871409,0.177924],[-0.829906,0.346024,0.437633],[0.319792,-0.347726,0.881374]],[[0.330856,0.936852,-0.113323],[-0.932641,0.342934,0.112149],[0.14393,0.0685846,0.987208]],[[0.330856,0.936852,-0.113323],[-0.933636,0.30749,-0.183777],[-0.137326,0.166607,0.976414]],[[0.330856,0.936852,-0.113323],[-0.703004,0.16458,-0.691881],[-0.629539,0.30858,0.713063]]],"btipPosition":[-4.12806,277.617,-13.028],"carpPosition":[-16.3559,293.938,86.2043],"dipPosition":[-18.8576,284.837,3.65579],"direction":[0.137326,-0.166607,-0.976414],"extended":false,"handId":581,"id":5810,"length":52.1025,"mcpPosition":[-16.3559,293.938,86.2043],"pipPosition":[-23.5386,290.516,36.9383],"stabilizedTipPosition":[-67.043,294.841,128.59],"timeVisible":0.370691,"tipPosition":[-7.32626,278.447,-9.59574],"tipVelocity":[138.034,20.5188,-254.187],"tool":false,"touchDistance":-0.585571,"touchZone":"hovering","type":0,"width":20.2446},{"bases":[[[0.998366,-0.0200094,-0.0535168],[0.0309641,0.976677,0.21247],[0.0480172,-0.21378,0.975701]],[[0.993243,-0.0538529,0.1028],[0.0489617,0.997572,0.0495255],[-0.105218,-0.0441576,0.993468]],[[0.993243,-0.0538529,0.1028],[0.0635061,0.993633,-0.0930644],[-0.0971338,0.098964,0.990339]],[[0.993243,-0.0538529,0.1028],[0.0736764,0.977015,-0.200034],[-0.0896649,0.206256,0.974381]]],"btipPosition":[-1.41711,326.985,-70.9673],"carpPosition":[-6.28335,315.279,84.0399],"dipPosition":[-2.94868,330.508,-54.3238],"direction":[0.0971338,-0.098964,-0.990339],"extended":true,"handId":581,"id":5811,"length":58.7918,"mcpPosition":[-9.81502,331.003,12.2771],"pipPosition":[-5.29582,332.9,-30.3933],"stabilizedTipPosition":[-54.5251,338.107,79.5569],"timeVisible":0.370691,"tipPosition":[-1.56774,326.227,-66.9183],"tipVelocity":[74.2615,56.6906,-271.721],"tool":false,"touchDistance":-0.638481,"touchZone":"hovering","type":1,"width":19.3376},{"bases":[[[0.97567,-0.214912,0.0433643],[0.200351,0.954303,0.221734],[-0.089036,-0.207651,0.974143]],[[0.974524,-0.217405,0.0551271],[0.151472,0.456692,-0.876635],[0.165408,0.862651,0.477988]],[[0.974524,-0.217405,0.0551271],[-0.105617,-0.661663,-0.742326],[0.197861,0.717591,-0.667768]],[[0.974524,-0.217405,0.0551271],[-0.195763,-0.944451,-0.263986],[0.109457,0.246469,-0.96295]]],"btipPosition":[-3.54297,264.708,29.271],"carpPosition":[5.89876,316.824,83.1752],"dipPosition":[-1.4866,269.338,11.1801],"direction":[-0.197861,-0.717591,0.667768],"extended":false,"handId":581,"id":5812,"length":66.9886,"mcpPosition":[12.109,331.307,15.2293],"pipPosition":[4.13834,289.738,-7.8038],"stabilizedTipPosition":[-62.5175,284.692,146.449],"timeVisible":0.370691,"tipPosition":[-2.96232,265.995,24.0695],"tipVelocity":[147.008,-33.0774,-212.176],"tool":false,"touchDistance":0.333333,"touchZone":"none","type":2,"width":18.9921},{"bases":[[[0.934035,-0.314451,0.169405],[0.266606,0.929404,0.255206],[-0.237696,-0.193207,0.951931]],[[0.927407,-0.319462,0.194576],[0.302458,0.334396,-0.89258],[0.220079,0.886636,0.406745]],[[0.927407,-0.319462,0.194576],[-0.103477,-0.718996,-0.687268],[0.359455,0.617243,-0.699859]],[[0.927407,-0.319462,0.194576],[-0.271244,-0.932553,-0.238269],[0.25757,0.168195,-0.951508]]],"btipPosition":[8.36503,267.486,42.4799],"carpPosition":[18.0763,315.227,83.1058],"dipPosition":[13.1762,270.627,24.7067],"direction":[-0.359455,-0.617243,0.699859],"extended":false,"handId":581,"id":5813,"length":64.4113,"mcpPosition":[32.9616,327.326,23.4927],"pipPosition":[23.1312,287.722,5.32434],"stabilizedTipPosition":[-47.8218,281.94,151.907],"timeVisible":0.370691,"tipPosition":[9.82224,268.204,36.7675],"tipVelocity":[135.338,-8.76708,-191.387],"tool":false,"touchDistance":0.333333,"touchZone":"none","type":3,"width":18.0722},{"bases":[[[0.843271,-0.483912,0.233931],[0.386582,0.848436,0.361539],[-0.373429,-0.214442,0.902533]],[[0.855453,-0.47636,0.20318],[0.408453,0.379406,-0.830191],[0.318382,0.793179,0.519134]],[[0.855453,-0.47636,0.20318],[-0.160444,-0.616806,-0.77059],[0.492401,0.626604,-0.604077]],[[0.855453,-0.47636,0.20318],[-0.389714,-0.850508,-0.353212],[0.341062,0.222973,-0.913214]]],"btipPosition":[24.1667,274.785,40.7401],"carpPosition":[29.2793,306.488,83.8624],"dipPosition":[30.044,278.628,25.0034],"direction":[-0.492401,-0.626604,0.604077],"extended":false,"handId":581,"id":5814,"length":50.4973,"mcpPosition":[50.9269,318.919,31.5428],"pipPosition":[39.6722,290.88,13.1915],"stabilizedTipPosition":[-32.8295,285.772,163.04],"timeVisible":0.370691,"tipPosition":[26.0276,275.772,36.3575],"tipVelocity":[129.138,-0.077845,-247.946],"tool":false,"touchDistance":0.333333,"touchZone":"none","type":4,"width":16.0532}],"r":[[0.946946,0.320267,0.0268765],[-0.318931,0.946732,-0.0445222],[-0.0397038,0.0335883,0.998647]],"s":1.06814,"t":[57.81,-13.6398,-154.207],"timestamp":522727999296},false],[2,{"currentFrameRate":107.693,"devices":[],"gestures":[],"hands":[{"armBasis":[[0.994922,-0.0599646,-0.0808394],[0.0643405,0.996538,0.0526571],[0.0774019,-0.0575909,0.995335]],"armWidth":63.703,"confidence":0.792067,"direction":[0.12295,0.351015,-0.928263],"elbow":[34.2923,287.279,356.885],"grabStrength":0,"id":581,"palmNormal":[-0.0277249,-0.93378,-0.356773],"palmPosition":[12.3572,318.272,35.7621],"palmVelocity":[88.0107,-11.1762,-244.87],"palmWidth":90.9658,"pinchStrength":0.655976,"r":[[0.943887,0.32916,0.0270481],[-0.327898,0.943758,-0.0424603],[-0.0395031,0.0312087,0.998732]],"s":1.0741,"sphereCenter":[23.4077,281.529,4.90156],"sphereRadius":48.0513,"stabilizedPalmPosition":[-43.6482,331.382,184.917],"t":[58.5355,-13.6983,-156.148],"timeVisible":0.379617,"type":"right","wrist":[13.3993,302.824,88.2166]}],"id":4198858,"interactionBox":{"center":[0,200,0],"size":[235.247,235.247,147.751]},"pointables":[{"bases":[[[0.447978,0.875685,0.180256],[-0.83396,0.336625,0.437257],[0.32222,-0.346208,0.881087]],[[0.322742,0.940268,-0.108322],[-0.93492,0.33454,0.118351],[0.147519,0.0630752,0.987046]],[[0.322742,0.940268,-0.108322],[-0.935771,0.299819,-0.185582],[-0.14202,0.161259,0.97664]],[[0.322742,0.940268,-0.108322],[-0.69386,0.157206,-0.702741],[-0.643737,0.301964,0.703151]]],"btipPosition":[-3.053,277.815,-14.4546],"carpPosition":[-15.5938,293.525,84.5453],"dipPosition":[-18.1147,284.881,1.99725],"direction":[0.14202,-0.161259,-0.97664],"extended":false,"handId":581,"id":5810,"length":52.1025,"mcpPosition":[-15.5938,293.525,84.5453],"pipPosition":[-22.9557,290.377,35.2875],"stabilizedTipPosition":[-66.8507,294.792,128.148],"timeVisible":0.379617,"tipPosition":[-6.32417,278.596,-11.1011],"tipVelocity":[130.904,19.9112,-230.087],"tool":false,"touchDistance":-0.577547,"touchZone":"hovering","type":0,"width":20.2446},{"bases":[[[0.998586,-0.00967729,-0.052272],[0.0206898,0.976513,0.214465],[0.0489689,-0.215243,0.975332]],[[0.993689,-0.0437388,0.103291],[0.0380206,0.997667,0.0566955],[-0.10553,-0.0524105,0.993034]],[[0.993689,-0.0437388,0.103291],[0.0528128,0.994824,-0.0868139],[-0.0989593,0.0917211,0.990855]],[[0.993689,-0.0437388,0.103291],[0.0633271,0.978807,-0.194746],[-0.0925841,0.200058,0.9754]]],"btipPosition":[-0.834063,327.421,-72.5546],"carpPosition":[-5.7377,314.973,82.4366],"dipPosition":[-2.4155,330.838,-55.8938],"direction":[0.0989593,-0.0917211,-0.990855],"extended":true,"handId":581,"id":5811,"length":58.7918,"mcpPosition":[-9.33936,330.804,10.701],"pipPosition":[-4.80675,333.055,-31.9508],"stabilizedTipPosition":[-54.5036,338.103,79.497],"timeVisible":0.379617,"tipPosition":[-0.987786,326.648,-68.5167],"tipVelocity":[71.4733,53.8117,-245.999],"tool":false,"touchDistance":-0.626716,"touchZone":"hovering","type":1,"width":19.3376},{"bases":[[[0.977764,-0.204997,0.0441895],[0.190285,0.955856,0.223901],[-0.0881379,-0.210514,0.97361]],[[0.976668,-0.207443,0.0555607],[0.145261,0.447576,-0.882369],[0.158173,0.869853,0.467266]],[[0.976668,-0.207443,0.0555607],[-0.100283,-0.669319,-0.736177],[0.189902,0.713428,-0.674505]],[[0.976668,-0.207443,0.0555607],[-0.186337,-0.947194,-0.260962],[0.106761,0.24452,-0.963749]]],"btipPosition":[-2.4498,264.535,28.4469],"carpPosition":[6.42904,316.643,81.5907],"dipPosition":[-0.444077,269.129,10.341],"direction":[-0.189902,-0.713428,0.674505],"extended":false,"handId":581,"id":5812,"length":66.9886,"mcpPosition":[12.5766,331.327,13.682],"pipPosition":[4.95462,289.411,-8.83441],"stabilizedTipPosition":[-61.9345,284.508,145.272],"timeVisible":0.379617,"tipPosition":[-1.87706,265.81,23.0896],"tipVelocity":[139.961,-29.5926,-179.601],"tool":false,"touchDistance":0.333333,"touchZone":"none","type":2,"width":18.9921},{"bases":[[[0.936992,-0.305211,0.169977],[0.256749,0.931569,0.257409],[-0.23691,-0.197548,0.951235]],[[0.930458,-0.310286,0.194861],[0.297521,0.32944,-0.896075],[0.213845,0.891735,0.398847]],[[0.930458,-0.310286,0.194861],[-0.0986399,-0.724323,-0.682369],[0.352871,0.615694,-0.704558]],[[0.930458,-0.310286,0.194861],[-0.262625,-0.935636,-0.235825],[0.255492,0.16825,-0.952059]]],"btipPosition":[9.36153,267.516,41.4447],"carpPosition":[18.6224,315.171,81.5338],"dipPosition":[14.1339,270.659,23.6612],"direction":[-0.352872,-0.615694,0.704558],"extended":false,"handId":581,"id":5813,"length":64.4113,"mcpPosition":[33.4585,327.542,21.9643],"pipPosition":[23.9065,287.71,4.14869],"stabilizedTipPosition":[-47.3393,281.827,150.959],"timeVisible":0.379617,"tipPosition":[10.804,268.222,35.7155],"tipVelocity":[128.603,-5.43804,-170.898],"tool":false,"touchDistance":0.333333,"touchZone":"none","type":3,"width":18.0722},{"bases":[[[0.847886,-0.475722,0.234046],[0.377414,0.85162,0.363734],[-0.372355,-0.220073,0.901621]],[[0.859857,-0.468102,0.203783],[0.403158,0.37768,-0.833559],[0.313226,0.798898,0.51347]],[[0.859857,-0.468102,0.203783],[-0.156252,-0.621291,-0.767843],[0.486037,0.628393,-0.607363]],[[0.859857,-0.468102,0.203783],[-0.381519,-0.854393,-0.352782],[0.339249,0.225594,-0.913246]]],"btipPosition":[25.0765,274.888,39.4829],"carpPosition":[29.9134,306.546,82.2873],"dipPosition":[30.9225,278.775,23.7457],"direction":[-0.486037,-0.628393,0.607363],"extended":false,"handId":581,"id":5814,"length":50.4973,"mcpPosition":[51.4987,319.303,30.0206],"pipPosition":[40.4262,291.062,11.8695],"stabilizedTipPosition":[-32.642,285.74,162.638],"timeVisible":0.379617,"tipPosition":[26.9243,275.889,35.0333],"tipVelocity":[121.498,3.38481,-218.747],"tool":false,"touchDistance":0.333333,"touchZone":"none","type":4,"width":16.0532}],"r":[[0.943887,0.32916,0.0270481],[-0.327898,0.943758,-0.0424603],[-0.0395031,0.0312087,0.998732]],"s":1.0741,"t":[58.5355,-13.6983,-156.148],"timestamp":522728008222},false],[3,{"currentFrameRate":107.78,"devices":[],"gestures":[],"hands":[{"armBasis":[[0.995045,-0.0528773,-0.0842022],[0.0568634,0.997337,0.0456658],[0.0815633,-0.0502276,0.995402]],"armWidth":63.703,"confidence":0.797235,"direction":[0.119013,0.360899,-0.92498],"elbow":[36.2996,288.96,354.519],"grabStrength":0,"id":581,"palmNormal":[-0.0192913,-0.930585,-0.365568],"palmPosition":[13.06,318.449,33.5269],"palmVelocity":[84.9696,-2.66217,-244.932],"palmWidth":90.9658,"pinchStrength":0.633451,"r":[[0.940755,0.337953,0.0277044],[-0.336808,0.940766,-0.038986],[-0.0392388,0.0273452,0.998856]],"s":1.07945,"sphereCenter":[24.2549,282.194,2.32242],"sphereRadius":48.0727,"stabilizedPalmPosition":[-43.6077,331.373,184.808],"t":[59.2496,-13.6387,-158.236],"timeVisible":0.388737,"type":"right","wrist":[14.2834,302.518,85.8323]}],"id":4198859,"interactionBox":{"center":[0,200,0],"size":[235.247,235.247,147.751]},"pointables":[{"bases":[[[0.43994,0.878075,0.188245],[-0.836742,0.3247,0.440945],[0.32606,-0.351502,0.877571]],[[0.315584,0.944001,-0.0962795],[-0.936554,0.326184,0.128335],[0.152553,0.0496705,0.987046]],[[0.315584,0.944001,-0.0962795],[-0.937766,0.294776,-0.183581],[-0.14492,0.148223,0.978278]],[[0.315584,0.944001,-0.0962795],[-0.684551,0.156229,-0.712027],[-0.657112,0.290613,0.69552]]],"btipPosition":[-1.92314,278.653,-16.7857],"carpPosition":[-14.6246,292.984,82.0915],"dipPosition":[-17.2978,285.453,-0.512418],"direction":[0.14492,-0.148223,-0.978278],"extended":false,"handId":581,"id":5810,"length":52.1025,"mcpPosition":[-14.6246,292.984,82.0915],"pipPosition":[-22.2377,290.505,32.8337],"stabilizedTipPosition":[-66.6398,294.742,127.663],"timeVisible":0.388737,"tipPosition":[-5.28826,279.35,-13.5069],"tipVelocity":[126.764,38.0255,-238.424],"tool":false,"touchDistance":-0.583708,"touchZone":"hovering","type":0,"width":20.2446},{"bases":[[[0.998595,0.000115072,-0.0529896],[0.0117568,0.974593,0.223675],[0.0516691,-0.223984,0.973222]],[[0.99419,-0.0353291,0.101679],[0.0282987,0.997161,0.0697737],[-0.103855,-0.0664909,0.992367]],[[0.99419,-0.0353291,0.101679],[0.0430924,0.996237,-0.0751972],[-0.0986394,0.0791419,0.991971]],[[0.99419,-0.0353291,0.101679],[0.0537464,0.981354,-0.18454],[-0.0932631,0.188932,0.977551]]],"btipPosition":[-0.332992,328.731,-74.6917],"carpPosition":[-4.96996,314.541,80.1795],"dipPosition":[-1.92602,331.959,-57.9941],"direction":[0.0986394,-0.0791419,-0.991971],"extended":true,"handId":581,"id":5811,"length":58.7918,"mcpPosition":[-8.77021,331.015,8.59901],"pipPosition":[-4.30954,333.871,-34.0241],"stabilizedTipPosition":[-54.4788,338.099,79.4277],"timeVisible":0.388737,"tipPosition":[-0.478158,327.945,-70.6723],"tipVelocity":[66.8016,77.429,-242.5],"tool":false,"touchDistance":-0.624307,"touchZone":"hovering","type":1,"width":19.3376},{"bases":[[[0.979661,-0.196293,0.041634],[0.181543,0.955428,0.232809],[-0.085477,-0.220515,0.971631]],[[0.978608,-0.198827,0.0528554],[0.137628,0.441719,-0.886534],[0.15292,0.874844,0.459635]],[[0.978608,-0.198827,0.0528554],[-0.0973198,-0.673733,-0.732538],[0.181259,0.711724,-0.678671]],[[0.978608,-0.198827,0.0528554],[-0.178484,-0.948272,-0.262534],[0.10232,0.247484,-0.963474]]],"btipPosition":[-1.30204,264.674,26.817],"carpPosition":[7.1801,316.333,79.3417],"dipPosition":[0.620254,269.324,8.71619],"direction":[-0.181259,-0.711724,0.678671],"extended":false,"handId":581,"id":5812,"length":66.9886,"mcpPosition":[13.1421,331.714,11.571],"pipPosition":[5.77324,289.557,-10.5776],"stabilizedTipPosition":[-61.2616,284.301,143.921],"timeVisible":0.388737,"tipPosition":[-0.745196,265.96,21.2844],"tipVelocity":[135.459,-16.7387,-179.321],"tool":false,"touchDistance":0.333333,"touchZone":"none","type":2,"width":18.9921},{"bases":[[[0.939913,-0.298066,0.166494],[0.248255,0.931445,0.266043],[-0.234379,-0.208724,0.949474]],[[0.933533,-0.303368,0.191008],[0.292467,0.33637,-0.895164],[0.207314,0.891529,0.402737]],[[0.933533,-0.303368,0.191008],[-0.0936561,-0.720692,-0.6869],[0.346041,0.623354,-0.701202]],[[0.933533,-0.303368,0.191008],[-0.254304,-0.935939,-0.243614],[0.252677,0.178848,-0.950877]]],"btipPosition":[10.5007,267.619,38.9957],"carpPosition":[19.3866,314.975,79.2632],"dipPosition":[15.2204,270.96,21.2342],"direction":[-0.346041,-0.623354,0.701202],"extended":false,"handId":581,"id":5813,"length":64.4113,"mcpPosition":[34.0642,328.046,19.804],"pipPosition":[24.8039,288.223,1.81468],"stabilizedTipPosition":[-46.8264,281.71,149.949],"timeVisible":0.388737,"tipPosition":[11.9181,268.391,33.3115],"tipVelocity":[127.208,0.589663,-197.855],"tool":false,"touchDistance":0.333333,"touchZone":"none","type":3,"width":18.0722},{"bases":[[[0.852443,-0.469997,0.229005],[0.369735,0.851622,0.371532],[-0.369644,-0.232039,0.899734]],[[0.864198,-0.462069,0.199132],[0.397914,0.385424,-0.832534],[0.307938,0.798712,0.516946]],[[0.864198,-0.462069,0.199132],[-0.152201,-0.6173,-0.771865],[0.479579,0.636736,-0.603797]],[[0.864198,-0.462069,0.199132],[-0.373986,-0.854659,-0.360127],[0.336594,0.236748,-0.911403]]],"btipPosition":[26.1228,275.135,37.0087],"carpPosition":[30.7579,306.448,79.9281],"dipPosition":[31.923,279.215,21.3032],"direction":[-0.479579,-0.636736,0.603797],"extended":false,"handId":581,"id":5814,"length":50.4973,"mcpPosition":[52.186,319.9,27.7707],"pipPosition":[41.3005,291.665,9.49679],"stabilizedTipPosition":[-32.4455,285.708,162.215],"timeVisible":0.388737,"tipPosition":[27.9481,276.194,32.5575],"tipVelocity":[119.298,11.3279,-233.117],"tool":false,"touchDistance":0.333333,"touchZone":"none","type":4,"width":16.0532}],"r":[[0.940755,0.337953,0.0277044],[-0.336808,0.940766,-0.038986],[-0.0392388,0.0273452,0.998856]],"s":1.07945,"t":[59.2496,-13.6387,-158.236],"timestamp":522728017342},false],[4,{"currentFrameRate":107.957,"devices":[],"gestures":[],"hands":[{"armBasis":[[0.994844,-0.0482299,-0.0892195],[0.0522314,0.997706,0.0430721],[0.0869375,-0.0475101,0.99508]],"armWidth":63.703,"confidence":0.80276,"direction":[0.118324,0.366679,-0.922792],"elbow":[38.3522,289.139,352.74],"grabStrength":0,"id":581,"palmNormal":[-0.0136938,-0.92863,-0.370755],"palmPosition":[13.6476,318.179,31.9216],"palmVelocity":[79.7082,-10.2049,-227.063],"palmWidth":90.9658,"pinchStrength":0.61805,"r":[[0.937806,0.345956,0.0288978],[-0.344929,0.937966,-0.0352625],[-0.0393044,0.0231017,0.99896]],"s":1.08448,"sphereCenter":[24.8443,282.275,0.536974],"sphereRadius":48.0805,"stabilizedPalmPosition":[-43.5704,331.365,184.709],"t":[59.9004,-13.7444,-160.082],"timeVisible":0.39768,"type":"right","wrist":[14.8854,301.963,84.1394]}],"id":4198860,"interactionBox":{"center":[0,200,0],"size":[235.247,235.247,147.751]},"pointables":[{"bases":[[[0.434869,0.879405,0.193741],[-0.839118,0.31767,0.441551],[0.326756,-0.354589,0.876069]],[[0.312072,0.946016,-0.0875451],[-0.937329,0.321614,0.134085],[0.155003,0.0402142,0.987095]],[[0.312072,0.946016,-0.0875451],[-0.93827,0.292418,-0.184773],[-0.149198,0.139803,0.978874]],[[0.312072,0.946016,-0.0875451],[-0.673543,0.155314,-0.722646],[-0.670038,0.284483,0.685652]]],"btipPosition":[-0.937374,278.864,-18.3644],"carpPosition":[-13.9648,292.293,80.3048],"dipPosition":[-16.6145,285.52,-2.32194],"direction":[0.149198,-0.139803,-0.978874],"extended":false,"handId":581,"id":5810,"length":52.1025,"mcpPosition":[-13.9648,292.293,80.3048],"pipPosition":[-21.7001,290.286,31.0445],"stabilizedTipPosition":[-66.4205,294.691,127.16],"timeVisible":0.39768,"tipPosition":[-4.40431,279.515,-15.1677],"tipVelocity":[120.124,33.0829,-223.14],"tool":false,"touchDistance":-0.578147,"touchZone":"hovering","type":0,"width":20.2446},{"bases":[[[0.998652,0.0058627,-0.0515694],[0.00611599,0.973384,0.229097],[0.05154,-0.229104,0.972037]],[[0.994268,-0.0303741,0.10251],[0.0222472,0.996586,0.0795116],[-0.104575,-0.0767753,0.991549]],[[0.994268,-0.0303741,0.10251],[0.0373454,0.997068,-0.0667865],[-0.100181,0.070232,0.992487]],[[0.994268,-0.0303741,0.10251],[0.0483192,0.98295,-0.177408],[-0.0953735,0.181344,0.978784]]],"btipPosition":[0.325103,329.266,-76.2562],"carpPosition":[-4.42556,313.913,78.5261],"dipPosition":[-1.30398,332.364,-59.5375],"direction":[0.100181,-0.070232,-0.992487],"extended":true,"handId":581,"id":5811,"length":58.7918,"mcpPosition":[-8.21633,330.763,7.03287],"pipPosition":[-3.72474,334.061,-35.5551],"stabilizedTipPosition":[-54.451,338.095,79.3502],"timeVisible":0.39768,"tipPosition":[0.169991,328.466,-72.2517],"tipVelocity":[68.4017,71.7042,-223.902],"tool":false,"touchDistance":-0.613605,"touchZone":"hovering","type":1,"width":19.3376},{"bases":[[[0.980661,-0.191169,0.0419356],[0.175992,0.955096,0.238366],[-0.0856206,-0.226376,0.97027]],[[0.979593,-0.193803,0.0532779],[0.134653,0.435999,-0.889816],[0.14922,0.878832,0.453198]],[[0.979593,-0.193803,0.0532779],[-0.0943928,-0.677616,-0.729333],[0.177449,0.70942,-0.682081]],[[0.979593,-0.193803,0.0532779],[-0.17345,-0.949047,-0.263105],[0.101554,0.248495,-0.963295]]],"btipPosition":[-0.455422,264.38,25.6895],"carpPosition":[7.71567,315.776,77.7156],"dipPosition":[1.45247,269.048,7.59213],"direction":[-0.177449,-0.70942,0.682081],"extended":false,"handId":581,"id":5812,"length":66.9886,"mcpPosition":[13.6877,331.565,10.0399],"pipPosition":[6.49712,289.216,-11.7986],"stabilizedTipPosition":[-60.5375,284.079,142.474],"timeVisible":0.39768,"tipPosition":[0.101263,265.66,20.0786],"tipVelocity":[124.217,-21.0238,-164.754],"tool":false,"touchDistance":0.333333,"touchZone":"none","type":2,"width":18.9921},{"bases":[[[0.941296,-0.29385,0.166173],[0.242787,0.931294,0.271561],[-0.234554,-0.215275,0.947967]],[[0.935058,-0.299205,0.190115],[0.289227,0.333812,-0.897172],[0.204975,0.893894,0.398672]],[[0.935058,-0.299205,0.190115],[-0.0919197,-0.722596,-0.685132],[0.342371,0.623163,-0.703171]],[[0.935058,-0.299205,0.190115],[-0.249929,-0.93675,-0.245021],[0.251401,0.181593,-0.950695]]],"btipPosition":[11.2845,267.387,37.7064],"carpPosition":[19.9295,314.485,77.6469],"dipPosition":[15.9804,270.779,19.9484],"direction":[-0.342371,-0.623163,0.703171],"extended":false,"handId":581,"id":5813,"length":64.4113,"mcpPosition":[34.618,327.966,18.2821],"pipPosition":[25.4622,288.038,0.474308],"stabilizedTipPosition":[-46.3153,281.593,148.944],"timeVisible":0.39768,"tipPosition":[12.6939,268.166,31.9904],"tipVelocity":[116.236,-6.28795,-183.167],"tool":false,"touchDistance":0.333333,"touchZone":"none","type":3,"width":18.0722},{"bases":[[[0.854681,-0.466601,0.227603],[0.364555,0.85155,0.376778],[-0.369621,-0.239051,0.897906]],[[0.866328,-0.458522,0.198075],[0.395656,0.387949,-0.832437],[0.304848,0.799533,0.517508]],[[0.866328,-0.458522,0.198075],[-0.149062,-0.615839,-0.773642],[0.476714,0.640702,-0.601867]],[[0.866328,-0.458522,0.198075],[-0.368969,-0.854788,-0.364966],[0.336657,0.243097,-0.909707]]],"btipPosition":[26.874,274.894,35.3803],"carpPosition":[31.3463,306.017,78.2805],"dipPosition":[32.6753,279.083,19.704],"direction":[-0.476714,-0.640702,0.601867],"extended":false,"handId":581,"id":5814,"length":50.4973,"mcpPosition":[52.7731,319.874,26.2292],"pipPosition":[41.9968,291.611,7.93536],"stabilizedTipPosition":[-32.2531,285.677,161.801],"timeVisible":0.39768,"tipPosition":[28.6932,275.989,30.9204],"tipVelocity":[109.666,1.63802,-218.974],"tool":false,"touchDistance":0.333333,"touchZone":"none","type":4,"width":16.0532}],"r":[[0.937806,0.345956,0.0288978],[-0.344929,0.937966,-0.0352625],[-0.0393044,0.0231017,0.99896]],"s":1.08448,"t":[59.9004,-13.7444,-160.082],"timestamp":522728026285},false],[5,{"currentFrameRate":108.065,"devices":[],"gestures":[],"hands":[{"armBasis":[[0.995199,-0.0365524,-0.0907948],[0.0408479,0.99811,0.0459105],[0.0889451,-0.0493988,0.994811]],"armWidth":63.703,"confidence":0.804892,"direction":[0.114479,0.373271,-0.920632],"elbow":[39.5814,288.281,351.327],"grabStrength":0,"id":581,"palmNormal":[-0.00265368,-0.926607,-0.376023],"palmPosition":[14.1708,318.111,30.6736],"palmVelocity":[73.6463,-9.44619,-202.406],"palmWidth":90.9658,"pinchStrength":0.608543,"r":[[0.934567,0.354489,0.0303741],[-0.35359,0.934878,-0.0312658],[-0.0394795,0.01848,0.999049]],"s":1.08924,"sphereCenter":[25.6182,282.613,-0.913661],"sphereRadius":48.1061,"stabilizedPalmPosition":[-43.5343,331.356,184.613],"t":[60.4875,-13.8309,-161.629],"timeVisible":0.406739,"type":"right","wrist":[15.5726,301.615,82.7993]}],"id":4198861,"interactionBox":{"center":[0,200,0],"size":[235.247,235.247,147.751]},"pointables":[{"bases":[[[0.424462,0.883314,0.198966],[-0.84299,0.305327,0.44288],[0.330452,-0.355713,0.874225]],[[0.302199,0.94991,-0.0796665],[-0.940291,0.31078,0.138814],[0.15662,0.0329602,0.987109]],[[0.302199,0.94991,-0.0796665],[-0.941063,0.283975,-0.183733],[-0.151907,0.130495,0.979742]],[[0.302199,0.94991,-0.0796665],[-0.669349,0.151951,-0.727243],[-0.67871,0.273097,0.681741]]],"btipPosition":[0.0813038,279.147,-19.714],"carpPosition":[-13.1607,291.63,78.8939],"dipPosition":[-15.7987,285.537,-3.7631],"direction":[0.151907,-0.130495,-0.979742],"extended":false,"handId":581,"id":5810,"length":52.1025,"mcpPosition":[-13.1607,291.63,78.8939],"pipPosition":[-20.9767,289.985,29.6329],"stabilizedTipPosition":[-66.1788,294.637,126.609],"timeVisible":0.406739,"tipPosition":[-3.42648,279.727,-16.5382],"tipVelocity":[116.582,30.7021,-203.306],"tool":false,"touchDistance":-0.569226,"touchZone":"hovering","type":0,"width":20.2446},{"bases":[[[0.99854,0.0178289,-0.0509814],[-0.00537773,0.972073,0.234617],[0.0537406,-0.234001,0.97075]],[[0.994545,-0.0192405,0.102514],[0.0100878,0.995975,0.089064],[-0.103815,-0.0875441,0.990736]],[[0.994545,-0.0192405,0.102514],[0.0253023,0.997986,-0.0581623],[-0.101189,0.0604389,0.99303]],[[0.994545,-0.0192405,0.102514],[0.0365495,0.984809,-0.169751],[-0.0976909,0.172572,0.98014]]],"btipPosition":[0.74611,329.932,-77.4459],"carpPosition":[-3.87402,313.37,77.2432],"dipPosition":[-0.922552,332.88,-60.7041],"direction":[0.101189,-0.0604389,-0.99303],"extended":true,"handId":581,"id":5811,"length":58.7918,"mcpPosition":[-7.82664,330.58,5.84453],"pipPosition":[-3.36767,334.34,-36.7085],"stabilizedTipPosition":[-54.4179,338.091,79.2577],"timeVisible":0.406739,"tipPosition":[0.589843,329.117,-73.4549],"tipVelocity":[62.0698,71.158,-198.179],"tool":false,"touchDistance":-0.598343,"touchZone":"hovering","type":1,"width":19.3376},{"bases":[[[0.982809,-0.179927,0.0413947],[0.164696,0.955719,0.243876],[-0.0834416,-0.232866,0.968923]],[[0.981759,-0.182654,0.0527919],[0.129056,0.43629,-0.890503],[0.139622,0.881072,0.451904]],[[0.981759,-0.182654,0.0527919],[-0.0869258,-0.678144,-0.72977],[0.169096,0.711869,-0.681652]],[[0.981759,-0.182654,0.0527919],[-0.162394,-0.949972,-0.266797],[0.0988824,0.253357,-0.962306]]],"btipPosition":[0.672055,264.167,24.5494],"carpPosition":[8.245,315.379,76.4499],"dipPosition":[2.52976,268.927,6.47056],"direction":[-0.169096,-0.711869,0.681652],"extended":false,"handId":581,"id":5812,"length":66.9886,"mcpPosition":[14.065,331.621,8.86817],"pipPosition":[7.33697,289.164,-12.908],"stabilizedTipPosition":[-59.7136,283.827,140.842],"timeVisible":0.406739,"tipPosition":[1.21488,265.47,18.9441],"tipVelocity":[123.932,-21.068,-153.884],"tool":false,"touchDistance":0.333333,"touchZone":"none","type":2,"width":18.9921},{"bases":[[[0.944587,-0.283765,0.165025],[0.231748,0.932512,0.276973],[-0.232483,-0.223381,0.9466]],[[0.9385,-0.289244,0.188565],[0.284002,0.336064,-0.898],[0.196371,0.896325,0.397542]],[[0.9385,-0.289244,0.188565],[-0.0850873,-0.723018,-0.685569],[0.334632,0.627362,-0.703163]],[[0.9385,-0.289244,0.188565],[-0.239417,-0.938651,-0.248223],[0.248793,0.187812,-0.950173]]],"btipPosition":[12.3458,267.301,36.5663],"carpPosition":[20.4731,314.231,76.3807],"dipPosition":[16.993,270.809,18.818],"direction":[-0.334632,-0.627362,0.703163],"extended":false,"handId":581,"id":5813,"length":64.4113,"mcpPosition":[35.032,328.22,17.1014],"pipPosition":[26.2605,288.183,-0.655834],"stabilizedTipPosition":[-45.7635,281.468,147.868],"timeVisible":0.406739,"tipPosition":[13.735,268.112,30.8707],"tipVelocity":[116.149,-6.38485,-167.275],"tool":false,"touchDistance":0.333333,"touchZone":"none","type":3,"width":18.0722},{"bases":[[[0.859968,-0.457863,0.225427],[0.354389,0.853601,0.381804],[-0.367239,-0.24845,0.896331]],[[0.871425,-0.449565,0.196241],[0.388313,0.387788,-0.835962],[0.299719,0.804681,0.5125]],[[0.871425,-0.449565,0.196241],[-0.145622,-0.619118,-0.771678],[0.468415,0.643882,-0.604982]],[[0.871425,-0.449565,0.196241],[-0.360236,-0.858051,-0.366031],[0.332939,0.248276,-0.909676]]],"btipPosition":[27.7851,274.983,34.4011],"carpPosition":[31.9878,305.894,76.9726],"dipPosition":[33.5223,279.261,18.7254],"direction":[-0.468415,-0.643882,0.604982],"extended":false,"handId":581,"id":5814,"length":50.4973,"mcpPosition":[53.2766,320.296,25.0126],"pipPosition":[42.6815,291.851,6.89583],"stabilizedTipPosition":[-32.0442,285.644,161.355],"timeVisible":0.406739,"tipPosition":[29.5851,276.102,29.8533],"tipVelocity":[106.705,4.51093,-188.354],"tool":false,"touchDistance":0.333333,"touchZone":"none","type":4,"width":16.0532}],"r":[[0.934567,0.354489,0.0303741],[-0.35359,0.934878,-0.0312658],[-0.0394795,0.01848,0.999049]],"s":1.08924,"t":[60.4875,-13.8309,-161.629],"timestamp":522728035344},false],[6,{"currentFrameRate":108.185,"devices":[],"gestures":[],"hands":[{"armBasis":[[0.995074,-0.0248326,-0.0959738],[0.028845,0.998757,0.0406477],[0.0948451,-0.0432158,0.994554]],"armWidth":63.703,"confidence":0.805048,"direction":[0.110946,0.383781,-0.916735],"elbow":[41.6987,289.122,349.454],"grabStrength":0,"id":581,"palmNormal":[0.0105675,-0.922833,-0.385055],"palmPosition":[14.5593,317.772,29.0312],"palmVelocity":[65.223,-17.1906,-196.781],"palmWidth":90.9658,"pinchStrength":0.599502,"r":[[0.930924,0.363754,0.0326156],[-0.363018,0.931408,-0.0263819],[-0.0399749,0.0127195,0.99912]],"s":1.09353,"sphereCenter":[26.3823,282.813,-2.87439],"sphereRadius":48.1124,"stabilizedPalmPosition":[-43.5012,331.349,184.524],"t":[60.9752,-14.0438,-163.224],"timeVisible":0.415765,"type":"right","wrist":[16.0974,300.787,80.9958]}],"id":4198862,"interactionBox":{"center":[0,200,0],"size":[235.247,235.247,147.751]},"pointables":[{"bases":[[[0.412088,0.887003,0.20835],[-0.847805,0.289512,0.444308],[0.333783,-0.359734,0.87131]],[[0.290207,0.954529,-0.0682172],[-0.944224,0.297208,0.141805],[0.155632,0.0232594,0.987541]],[[0.290207,0.954529,-0.0682172],[-0.944157,0.273971,-0.183053],[-0.15604,0.117531,0.980733]],[[0.290207,0.954529,-0.0682172],[-0.666331,0.150391,-0.730333],[-0.686865,0.257403,0.679677]]],"btipPosition":[1.13194,279.262,-21.6741],"carpPosition":[-12.491,290.452,76.9409],"dipPosition":[-14.9389,285.285,-5.77142],"direction":[0.15604,-0.117531,-0.980733],"extended":false,"handId":581,"id":5810,"length":52.1025,"mcpPosition":[-12.491,290.452,76.9409],"pipPosition":[-20.2577,289.291,27.6584],"stabilizedTipPosition":[-65.9271,294.582,126.037],"timeVisible":0.415765,"tipPosition":[-2.42728,279.764,-18.5103],"tipVelocity":[115.194,23.1825,-207.457],"tool":false,"touchDistance":-0.570204,"touchZone":"hovering","type":0,"width":20.2446},{"bases":[[[0.99829,0.0318736,-0.0489919],[-0.0189779,0.969568,0.244085],[0.0552809,-0.242738,0.968515]],[[0.994585,-0.00664092,0.103709],[-0.00392995,0.994839,0.101392],[-0.103847,-0.101251,0.989426]],[[0.994585,-0.00664092,0.103709],[0.0115637,0.998831,-0.0469384],[-0.103276,0.0478836,0.993499]],[[0.994585,-0.00664092,0.103709],[0.0232353,0.986903,-0.159634],[-0.101291,0.16118,0.981713]]],"btipPosition":[1.12239,330.623,-78.9873],"carpPosition":[-3.49776,312.331,75.5194],"dipPosition":[-0.607763,333.376,-62.2186],"direction":[0.103276,-0.0478836,-0.993499],"extended":true,"handId":581,"id":5811,"length":58.7918,"mcpPosition":[-7.56367,330.184,4.28509],"pipPosition":[-3.10333,334.533,-38.2117],"stabilizedTipPosition":[-54.3802,338.086,79.1523],"timeVisible":0.415765,"tipPosition":[0.969244,329.796,-75.0127],"tipVelocity":[56.0285,71.2563,-190.447],"tool":false,"touchDistance":-0.58987,"touchZone":"hovering","type":1,"width":19.3376},{"bases":[[[0.985091,-0.166972,0.0414205],[0.151287,0.955434,0.253493],[-0.0819008,-0.243447,0.96645]],[[0.984056,-0.169833,0.052819],[0.12377,0.440635,-0.889113],[0.127726,0.881474,0.45463]],[[0.984056,-0.169833,0.052819],[-0.077273,-0.675735,-0.733084],[0.160193,0.717314,-0.678085]],[[0.984056,-0.169833,0.052819],[-0.149224,-0.949976,-0.274367],[0.0967733,0.262111,-0.960173]]],"btipPosition":[1.77969,263.699,22.7669],"carpPosition":[8.59415,314.512,74.7678],"dipPosition":[3.59777,268.623,4.72811],"direction":[-0.160193,-0.717314,0.678085],"extended":false,"handId":581,"id":5812,"length":66.9886,"mcpPosition":[14.3067,331.492,7.35849],"pipPosition":[8.15187,289.016,-14.549],"stabilizedTipPosition":[-58.8404,283.559,139.118],"timeVisible":0.415765,"tipPosition":[2.31228,265.047,17.1645],"tipVelocity":[123.32,-28.381,-165.605],"tool":false,"touchDistance":0.333333,"touchZone":"none","type":2,"width":18.9921},{"bases":[[[0.948075,-0.272524,0.163962],[0.218592,0.932815,0.286484],[-0.23102,-0.235767,0.943951]],[[0.942212,-0.278145,0.18674],[0.279002,0.3429,-0.896983],[0.185458,0.897249,0.400687]],[[0.942212,-0.278145,0.18674],[-0.0760179,-0.720366,-0.689415],[0.326279,0.63538,-0.699882]],[[0.942212,-0.278145,0.18674],[-0.226698,-0.939745,-0.255905],[0.246667,0.198783,-0.948494]]],"btipPosition":[13.3764,266.908,34.7983],"carpPosition":[20.8368,313.531,74.7095],"dipPosition":[17.9839,270.621,17.0814],"direction":[-0.326279,-0.63538,0.699882],"extended":false,"handId":581,"id":5813,"length":64.4113,"mcpPosition":[35.3041,328.295,15.5962],"pipPosition":[27.0201,288.217,-2.30156],"stabilizedTipPosition":[-45.1976,281.339,146.767],"timeVisible":0.415765,"tipPosition":[14.7474,267.783,29.1238],"tipVelocity":[115.328,-15.1749,-174.927],"tool":false,"touchDistance":0.333333,"touchZone":"none","type":3,"width":18.0722},{"bases":[[[0.865728,-0.448337,0.222508],[0.342117,0.854554,0.390761],[-0.365337,-0.262169,0.893194]],[[0.876997,-0.4397,0.193754],[0.382799,0.39564,-0.834826],[0.290416,0.806309,0.515291]],[[0.876997,-0.4397,0.193754],[-0.138329,-0.617206,-0.774546],[0.460154,0.652473,-0.602111]],[[0.876997,-0.4397,0.193754],[-0.348935,-0.860019,-0.372306],[0.330335,0.258903,-0.907661]]],"btipPosition":[28.685,274.82,32.6617],"carpPosition":[32.4627,305.345,75.241],"dipPosition":[34.3774,279.282,17.0207],"direction":[-0.460154,-0.652473,0.602111],"extended":false,"handId":581,"id":5814,"length":50.4973,"mcpPosition":[53.6412,320.543,23.4627],"pipPosition":[43.3751,292.04,5.24732],"stabilizedTipPosition":[-31.8275,285.61,160.893],"timeVisible":0.415765,"tipPosition":[30.4606,275.984,28.0967],"tipVelocity":[104.465,-0.391661,-189.309],"tool":false,"touchDistance":0.333333,"touchZone":"none","type":4,"width":16.0532}],"r":[[0.930924,0.363754,0.0326156],[-0.363018,0.931408,-0.0