{"sensorType":"Leap","data":[[0,{"currentFrameRate":99.9954,"devices":[],"gestures":[],"hands":[{"armBasis":[[0.991537,-0.0860573,-0.0972028],[0.0861965,0.996274,-0.00277329],[0.0970793,-0.00562873,0.995261]],"armWidth":63.703,"confidence":0.770995,"direction":[0.101802,0.425322,-0.899299],"elbow":[47.5806,297.98,358.249],"grabStrength":0,"id":583,"palmNormal":[-0.0465468,-0.900968,-0.431381],"palmPosition":[19.0982,319.223,38.6402],"palmVelocity":[33.7503,-23.7164,-243.348],"palmWidth":90.9658,"pinchStrength":0.663148,"r":[[0.868815,0.49513,-0.00264441],[-0.492174,0.864187,0.104616],[0.0540838,-0.0895904,0.994509]],"s":0.996484,"sphereCenter":[27.9399,284.553,5.51472],"sphereRadius":46.5483,"stabilizedPalmPosition":[-46.833,322.369,227.564],"t":[72.1845,-0.305444,-204.503],"timeVisible":0.460969,"type":"right","wrist":[21.3762,299.499,89.6006]}],"id":4199518,"interactionBox":{"center":[0,200,0],"size":[235.247,235.247,147.751]},"pointables":[{"bases":[[[0.461366,0.854329,0.239298],[-0.818649,0.305969,0.486001],[0.341987,-0.420125,0.840559]],[[0.288251,0.950855,-0.113077],[-0.942596,0.302555,0.14133],[0.168596,0.0658469,0.983483]],[[0.288251,0.950855,-0.113077],[-0.949251,0.268234,-0.164238],[-0.125836,0.15468,0.979918]],[[0.288251,0.950855,-0.113077],[-0.665877,0.114183,-0.737272],[-0.688127,0.287815,0.666066]]],"btipPosition":[4.18,275.468,-12.0966],"carpPosition":[-7.796,290.761,85.9696],"dipPosition":[-11.9204,282.202,3.48757],"direction":[0.125836,-0.15468,-0.979918],"extended":false,"handId":583,"id":5830,"length":52.1025,"mcpPosition":[-7.796,290.761,85.9696],"pipPosition":[-16.2097,287.475,36.8896],"stabilizedTipPosition":[-71.5731,286.323,171.002],"timeVisible":0.460969,"tipPosition":[0.231389,277.188,-9.09617],"tipVelocity":[102.475,-10.0385,-274.26],"tool":false,"touchDistance":-0.676401,"touchZone":"hovering","type":0,"width":20.2446},{"bases":[[[0.996701,-0.0131449,-0.0800919],[0.0361687,0.955334,0.293308],[0.072659,-0.295237,0.952657]],[[0.997245,-0.0535241,0.0513599],[0.05463,0.998299,-0.0203759],[-0.0501819,0.0231255,0.998472]],[[0.997245,-0.0535241,0.0513599],[0.0616846,0.982922,-0.173378],[-0.0412028,0.176069,0.983515]],[[0.997245,-0.0535241,0.0513599],[0.0658555,0.957482,-0.280876],[-0.0341426,0.283484,0.958369]]],"btipPosition":[0.605571,323.856,-67.727],"carpPosition":[2.21547,312.231,85.3619],"dipPosition":[0.0223799,328.698,-51.357],"direction":[0.0412028,-0.176069,-0.983515],"extended":true,"handId":583,"id":5831,"length":58.7918,"mcpPosition":[-3.12861,333.946,15.2939],"pipPosition":[-0.973244,332.953,-27.5914],"stabilizedTipPosition":[-58.8221,320.554,130.098],"timeVisible":0.460969,"tipPosition":[0.534244,323.549,-63.6582],"tipVelocity":[40.267,83.0332,-249.492],"tool":false,"touchDistance":-0.725561,"touchZone":"hovering","type":1,"width":19.3376},{"bases":[[[0.976486,-0.215579,0.000531383],[0.205739,0.932644,0.296389],[-0.0643908,-0.289311,0.955067]],[[0.974898,-0.221675,0.0208178],[0.125324,0.469058,-0.87423],[0.184031,0.854895,0.485065]],[[0.974898,-0.221675,0.0208178],[-0.139837,-0.682367,-0.71751],[0.17326,0.696588,-0.696237]],[[0.974898,-0.221675,0.0208178],[-0.211117,-0.950048,-0.229864],[0.0707332,0.219699,-0.973]]],"btipPosition":[3.74044,268.924,32.4081],"carpPosition":[14.3716,313.871,84.3247],"dipPosition":[5.0693,273.052,14.1284],"direction":[-0.17326,-0.696588,0.696237],"extended":false,"handId":583,"id":5832,"length":66.9886,"mcpPosition":[18.8629,334.05,17.7093],"pipPosition":[9.99487,292.855,-5.66479],"stabilizedTipPosition":[-63.4188,285.02,186.131],"timeVisible":0.460969,"tipPosition":[4.15571,270.265,27.6421],"tipVelocity":[104.894,-49.3601,-269.662],"tool":false,"touchDistance":0.333333,"touchZone":"none","type":2,"width":18.9921},{"bases":[[[0.938061,-0.325493,0.118727],[0.272821,0.905161,0.325964],[-0.213566,-0.273383,0.937897]],[[0.933688,-0.330796,0.137114],[0.266175,0.385001,-0.8837],[0.239536,0.861596,0.44752]],[[0.933688,-0.330796,0.137114],[-0.149221,-0.707508,-0.690772],[0.325514,0.624505,-0.709953]],[[0.933688,-0.330796,0.137114],[-0.295487,-0.928034,-0.226804],[0.202273,0.171249,-0.96424]]],"btipPosition":[16.4253,270.453,42.7636],"carpPosition":[26.5438,312.313,83.8146],"dipPosition":[20.2035,273.652,24.7526],"direction":[-0.325514,-0.624505,0.709953],"extended":false,"handId":583,"id":5833,"length":64.4113,"mcpPosition":[39.918,329.433,25.0804],"pipPosition":[29.2185,290.948,5.0907],"stabilizedTipPosition":[-52.8464,283.251,203.452],"timeVisible":0.460969,"tipPosition":[17.4922,271.573,38.0747],"tipVelocity":[100.811,-36.0414,-256.982],"tool":false,"touchDistance":0.333333,"touchZone":"none","type":3,"width":18.0722},{"bases":[[[0.848979,-0.500001,0.170979],[0.395455,0.815783,0.422034],[-0.350499,-0.290684,0.890311]],[[0.869528,-0.480527,0.114082],[0.349103,0.434613,-0.830204],[0.349354,0.761712,0.545661]],[[0.869528,-0.480527,0.114082],[-0.230919,-0.599746,-0.766147],[0.436575,0.639843,-0.632458]],[[0.869528,-0.480527,0.114082],[-0.423669,-0.844449,-0.327735],[0.253822,0.236642,-0.937857]]],"btipPosition":[32.8219,276.902,41.1771],"carpPosition":[37.7637,303.567,83.5491],"dipPosition":[37.1958,280.98,25.0158],"direction":[-0.436575,-0.639843,0.632458],"extended":false,"handId":583,"id":5834,"length":50.4973,"mcpPosition":[58.082,320.418,31.938],"pipPosition":[45.7324,293.491,12.649],"stabilizedTipPosition":[-30.4207,284.483,195.881],"timeVisible":0.460969,"tipPosition":[34.0958,278.143,37.4728],"tipVelocity":[90.9965,-7.04275,-269.312],"tool":false,"touchDistance":0.333333,"touchZone":"none","type":4,"width":16.0532}],"r":[[0.868815,0.49513,-0.00264441],[-0.492174,0.864187,0.104616],[0.0540838,-0.0895904,0.994509]],"s":0.996484,"t":[72.1845,-0.305444,-204.503],"timestamp":522734745757},false],[1,{"currentFrameRate":100.465,"devices":[],"gestures":[],"hands":[{"armBasis":[[0.991354,-0.0769645,-0.10627],[0.0766445,0.997033,-0.00709805],[0.106501,-0.00110831,0.994312]],"armWidth":63.703,"confidence":0.732655,"direction":[0.0981087,0.436176,-0.894497],"elbow":[50.3757,298.494,356.413],"grabStrength":0,"id":583,"palmNormal":[-0.0364996,-0.896651,-0.44123],"palmPosition":[19.1881,319.046,37.2755],"palmVelocity":[27.1897,-22.5665,-217.892],"palmWidth":90.9658,"pinchStrength":0.656162,"r":[[0.86293,0.505322,0.00129914],[-0.502339,0.85755,0.11074],[0.0548451,-0.096213,0.993849]],"s":0.999239,"sphereCenter":[28.4041,284.866,3.77946],"sphereRadius":46.5842,"stabilizedPalmPosition":[-46.8222,322.368,227.532],"t":[72.305,-0.521127,-206.15],"timeVisible":0.470008,"type":"right","wrist":[21.6281,298.793,88.0201]}],"id":4199519,"interactionBox":{"center":[0,200,0],"size":[235.247,235.247,147.751]},"pointables":[{"bases":[[[0.451977,0.856544,0.249095],[-0.822338,0.291885,0.48843],[0.345655,-0.425599,0.836294]],[[0.278239,0.95505,-0.102283],[-0.945605,0.291052,0.145328],[0.168565,0.0562831,0.984082]],[[0.278239,0.95505,-0.102283],[-0.951909,0.259959,-0.162142],[-0.128264,0.142478,0.981452]],[[0.278239,0.95505,-0.102283],[-0.66419,0.114383,-0.738761],[-0.693854,0.273488,0.666161]]],"btipPosition":[4.74878,275.719,-13.8878],"carpPosition":[-7.44551,289.784,84.2628],"dipPosition":[-11.4856,282.118,1.69861],"direction":[0.128264,-0.142478,-0.981452],"extended":false,"handId":583,"id":5830,"length":52.1025,"mcpPosition":[-7.44551,289.784,84.2628],"pipPosition":[-15.8577,286.975,35.1529],"stabilizedTipPosition":[-71.4974,286.313,170.812],"timeVisible":0.470008,"tipPosition":[0.796796,277.349,-10.8802],"tipVelocity":[90.6358,-1.96432,-253.272],"tool":false,"touchDistance":-0.663954,"touchZone":"hovering","type":0,"width":20.2446},{"bases":[[[0.99686,-0.00162443,-0.0791616],[0.0256728,0.952407,0.303748],[0.0749006,-0.304826,0.949458]],[[0.997714,-0.0434099,0.0517855],[0.0438315,0.999014,-0.00703224],[-0.0514292,0.009286,0.998633]],[[0.997714,-0.0434099,0.0517855],[0.0511718,0.985876,-0.159466],[-0.0441317,0.161752,0.985844]],[[0.997714,-0.0434099,0.0517855],[0.055713,0.96212,-0.266873],[-0.038239,0.269148,0.962339]]],"btipPosition":[0.755968,324.88,-69.0846],"carpPosition":[2.33641,311.365,83.9],"dipPosition":[0.102807,329.478,-52.6468],"direction":[0.0441317,-0.161752,-0.985844],"extended":true,"handId":583,"id":5831,"length":58.7918,"mcpPosition":[-3.17252,333.785,14.0674],"pipPosition":[-0.96359,333.386,-28.8249],"stabilizedTipPosition":[-58.803,320.555,130.035],"timeVisible":0.470008,"tipPosition":[0.67531,324.531,-65.0246],"tipVelocity":[33.2646,89.6646,-221.651],"tool":false,"touchDistance":-0.701468,"touchZone":"hovering","type":1,"width":19.3376},{"bases":[[[0.978734,-0.205131,-0.000772374],[0.195473,0.931497,0.306763],[-0.062207,-0.30039,0.951786]],[[0.977195,-0.211455,0.0194111],[0.119992,0.474463,-0.872059],[0.175191,0.854501,0.489016]],[[0.977195,-0.211455,0.0194111],[-0.132276,-0.677689,-0.723354],[0.166111,0.70429,-0.690204]],[[0.977195,-0.211455,0.0194111],[-0.200632,-0.949372,-0.241743],[0.069546,0.232335,-0.970146]]],"btipPosition":[4.34332,268.534,30.7906],"carpPosition":[14.4754,313.146,82.8938],"dipPosition":[5.64988,272.899,12.5645],"direction":[-0.166111,-0.70429,0.690205],"extended":false,"handId":583,"id":5832,"length":66.9886,"mcpPosition":[18.8143,334.098,16.5073],"pipPosition":[10.3722,292.921,-7.05718],"stabilizedTipPosition":[-63.3153,284.997,185.888],"timeVisible":0.470008,"tipPosition":[4.75313,269.951,25.9743],"tipVelocity":[94.211,-45.9763,-244.285],"tool":false,"touchDistance":0.333333,"touchZone":"none","type":2,"width":18.9921},{"bases":[[[0.941373,-0.316733,0.116176],[0.262817,0.904411,0.336108],[-0.211528,-0.28587,0.934631]],[[0.937111,-0.322196,0.13421],[0.262439,0.396946,-0.879522],[0.230104,0.859432,0.45654]],[[0.937111,-0.322196,0.13421],[-0.141049,-0.70131,-0.698763],[0.319261,0.635888,-0.702651]],[[0.937111,-0.322196,0.13421],[-0.285136,-0.928466,-0.23801],[0.201295,0.184774,-0.961945]]],"btipPosition":[17.0305,270.175,40.8855],"carpPosition":[26.664,311.723,82.3798],"dipPosition":[20.7905,273.626,22.9173],"direction":[-0.319261,-0.635888,0.702651],"extended":false,"handId":583,"id":5833,"length":64.4113,"mcpPosition":[39.9105,329.626,23.8502],"pipPosition":[29.6323,291.237,3.45762],"stabilizedTipPosition":[-52.7576,283.235,203.243],"timeVisible":0.470008,"tipPosition":[18.0843,271.36,36.2201],"tipVelocity":[91.3522,-32.834,-243.124],"tool":false,"touchDistance":0.333333,"touchZone":"none","type":3,"width":18.0722},{"bases":[[[0.854112,-0.492742,0.166426],[0.386308,0.815304,0.431329],[-0.348222,-0.304112,0.886711]],[[0.874434,-0.472513,0.109989],[0.344956,0.446152,-0.825805],[0.341132,0.760053,0.553126]],[[0.874434,-0.472513,0.109989],[-0.22366,-0.593814,-0.772891],[0.430514,0.651242,-0.624933]],[[0.874434,-0.472513,0.109989],[-0.414055,-0.845018,-0.338382],[0.252832,0.250352,-0.934559]]],"btipPosition":[33.3294,276.815,39.3998],"carpPosition":[37.9769,303.101,82.0309],"dipPosition":[37.6863,281.129,23.2953],"direction":[-0.430514,-0.651242,0.624933],"extended":false,"handId":583,"id":5834,"length":50.4973,"mcpPosition":[58.1633,320.73,30.6285],"pipPosition":[46.1044,293.863,11.0756],"stabilizedTipPosition":[-30.3713,284.478,195.759],"timeVisible":0.470008,"tipPosition":[34.5978,278.114,35.6978],"tipVelocity":[81.2723,-6.12143,-248.883],"tool":false,"touchDistance":0.333333,"touchZone":"none","type":4,"width":16.0532}],"r":[[0.86293,0.505322,0.00129914],[-0.502339,0.85755,0.11074],[0.0548451,-0.096213,0.993849]],"s":0.999239,"t":[72.305,-0.521127,-206.15],"timestamp":522734754796},false],[2,{"currentFrameRate":100.906,"devices":[],"gestures":[],"hands":[{"armBasis":[[0.992633,-0.0678241,-0.100394],[0.0671544,0.997692,-0.0100385],[0.100843,0.00322268,0.994897]],"armWidth":63.703,"confidence":0.756984,"direction":[0.0937849,0.440499,-0.892841],"elbow":[49.1705,299.55,354.359],"grabStrength":0,"id":583,"palmNormal":[-0.027516,-0.895304,-0.444605],"palmPosition":[19.31,319.099,35.1404],"palmVelocity":[23.4019,-14.7275,-222.825],"palmWidth":90.9658,"pinchStrength":0.649708,"r":[[0.857107,0.515116,0.00490635],[-0.512119,0.851013,0.116233],[0.0556983,-0.102137,0.99321]],"s":1.00195,"sphereCenter":[28.8695,285.143,1.53019],"sphereRadius":46.6358,"stabilizedPalmPosition":[-46.8144,322.368,227.51],"t":[72.4262,-0.602559,-208.041],"timeVisible":0.479064,"type":"right","wrist":[21.9501,298.68,85.8087]}],"id":4199520,"interactionBox":{"center":[0,200,0],"size":[235.247,235.247,147.751]},"pointables":[{"bases":[[[0.443382,0.860075,0.252354],[-0.825236,0.281811,0.489457],[0.349854,-0.425268,0.834715]],[[0.268741,0.958156,-0.0985662],[-0.948244,0.281146,0.147617],[0.169152,0.0537939,0.984121]],[[0.268741,0.958156,-0.0985662],[-0.954479,0.251157,-0.160905],[-0.129416,0.137321,0.982036]],[[0.268741,0.958156,-0.0985662],[-0.663355,0.109912,-0.740189],[-0.698383,0.264303,0.665135]]],"btipPosition":[5.27837,275.846,-16.1334],"carpPosition":[-7.03188,289.395,82.0151],"dipPosition":[-11.0619,282.03,-0.570955],"direction":[0.129416,-0.137321,-0.982036],"extended":false,"handId":583,"id":5830,"length":52.1025,"mcpPosition":[-7.03188,289.395,82.0151],"pipPosition":[-15.4733,286.71,32.9032],"stabilizedTipPosition":[-71.4308,286.305,170.645],"timeVisible":0.479064,"tipPosition":[1.32296,277.411,-13.1252],"tipVelocity":[81.0169,0.921783,-251.976],"tool":false,"touchDistance":-0.659658,"touchZone":"hovering","type":0,"width":20.2446},{"bases":[[[0.996831,0.00863673,-0.0790844],[0.0161388,0.951466,0.307332],[0.0779004,-0.307634,0.94831]],[[0.998099,-0.033615,0.0516555],[0.0337868,0.999426,-0.00245574],[-0.0515433,0.00419634,0.998662]],[[0.998099,-0.033615,0.0516555],[0.0412612,0.987064,-0.154923],[-0.0457796,0.15676,0.986575]],[[0.998099,-0.033615,0.0516555],[0.0460443,0.963846,-0.262453],[-0.0409656,0.264332,0.963561]]],"btipPosition":[0.824082,325.218,-71.2056],"carpPosition":[2.53387,311.074,81.7343],"dipPosition":[0.124347,329.733,-54.747],"direction":[0.0457796,-0.15676,-0.986575],"extended":true,"handId":583,"id":5831,"length":58.7918,"mcpPosition":[-3.19571,333.701,11.9861],"pipPosition":[-0.98187,333.521,-30.9074],"stabilizedTipPosition":[-58.784,320.557,129.972],"timeVisible":0.479064,"tipPosition":[0.743854,324.881,-67.1544],"tipVelocity":[25.8322,74.6198,-224.972],"tool":false,"touchDistance":-0.691399,"touchZone":"hovering","type":1,"width":19.3376},{"bases":[[[0.980736,-0.195334,-0.00146321],[0.186139,0.932243,0.310283],[-0.0592448,-0.304578,0.950643]],[[0.979271,-0.201702,0.0185475],[0.114187,0.474101,-0.873035],[0.1673,0.857056,0.487306]],[[0.979271,-0.201702,0.0185475],[-0.125943,-0.678045,-0.72415],[0.158639,0.706803,-0.689393]],[[0.979271,-0.201702,0.0185475],[-0.191066,-0.950253,-0.245992],[0.067242,0.237349,-0.969094]]],"btipPosition":[4.9518,268.372,28.7519],"carpPosition":[14.6545,312.98,80.7358],"dipPosition":[6.21507,272.831,10.5456],"direction":[-0.158639,-0.706803,0.689393],"extended":false,"handId":583,"id":5832,"length":66.9886,"mcpPosition":[18.7867,334.224,14.429],"pipPosition":[10.725,292.925,-9.05307],"stabilizedTipPosition":[-63.2169,284.974,185.657],"timeVisible":0.479064,"tipPosition":[5.34687,269.816,23.8886],"tipVelocity":[86.4492,-37.5735,-238.857],"tool":false,"touchDistance":0.333333,"touchZone":"none","type":2,"width":18.9921},{"bases":[[[0.944487,-0.307743,0.115061],[0.253749,0.905721,0.339532],[-0.208702,-0.291486,0.93353]],[[0.940537,-0.312991,0.132012],[0.256018,0.397723,-0.881063],[0.223261,0.862469,0.454204]],[[0.940537,-0.312991,0.132012],[-0.135622,-0.702299,-0.698844],[0.311444,0.639385,-0.702986]],[[0.940537,-0.312991,0.132012],[-0.275827,-0.930506,-0.240995],[0.198267,0.190252,-0.961506]]],"btipPosition":[17.625,270.15,38.8974],"carpPosition":[26.8567,311.682,80.2175],"dipPosition":[21.3285,273.703,20.9374],"direction":[-0.311444,-0.639385,0.702986],"extended":false,"handId":583,"id":5833,"length":64.4113,"mcpPosition":[39.9263,329.936,21.7567],"pipPosition":[29.9538,291.411,1.46849],"stabilizedTipPosition":[-52.6749,283.221,203.047],"timeVisible":0.479064,"tipPosition":[18.6574,271.35,34.1589],"tipVelocity":[83.8621,-23.8148,-236.553],"tool":false,"touchDistance":0.333333,"touchZone":"none","type":3,"width":18.0722},{"bases":[[[0.858987,-0.484804,0.164641],[0.37812,0.817495,0.434427],[-0.345205,-0.310913,0.885532]],[[0.879045,-0.464234,0.108475],[0.339394,0.449592,-0.826244],[0.334801,0.763121,0.552769]],[[0.879045,-0.464234,0.108475],[-0.218274,-0.594199,-0.774135],[0.423835,0.656822,-0.623658]],[[0.879045,-0.464234,0.108475],[-0.405437,-0.847665,-0.342176],[0.2508,0.256808,-0.933353]]],"btipPosition":[33.8223,276.953,37.2413],"carpPosition":[38.2553,303.174,79.8371],"dipPosition":[38.1441,281.378,21.1575],"direction":[-0.423835,-0.656822,0.623658],"extended":false,"handId":583,"id":5834,"length":50.4973,"mcpPosition":[58.2668,321.198,28.5031],"pipPosition":[46.4316,294.222,8.96278],"stabilizedTipPosition":[-30.3279,284.474,195.651],"timeVisible":0.479064,"tipPosition":[35.0837,278.283,33.4949],"tipVelocity":[73.6163,0.568098,-245.831],"tool":false,"touchDistance":0.333333,"touchZone":"none","type":4,"width":16.0532}],"r":[[0.857107,0.515116,0.00490635],[-0.512119,0.851013,0.116233],[0.0556983,-0.102137,0.99321]],"s":1.00195,"t":[72.4262,-0.602559,-208.041],"timestamp":522734763852},false],[3,{"currentFrameRate":101.317,"devices":[],"gestures":[],"hands":[{"armBasis":[[0.991592,-0.0641881,-0.112362],[0.0630393,0.997916,-0.0137506],[0.113011,0.00655169,0.993572]],"armWidth":63.703,"confidence":0.779148,"direction":[0.0926255,0.444655,-0.8909],"elbow":[52.6236,300.216,352.48],"grabStrength":0,"id":583,"palmNormal":[-0.0228453,-0.893562,-0.448359],"palmPosition":[19.4346,319.065,33.7013],"palmVelocity":[20.7244,-11.7029,-205.047],"palmWidth":90.9658,"pinchStrength":0.64459,"r":[[0.851873,0.52368,0.00845051],[-0.520711,0.845087,0.121193],[0.0563251,-0.107642,0.992593]],"s":1.00443,"sphereCenter":[29.1873,285.3,-0.0359441],"sphereRadius":46.6783,"stabilizedPalmPosition":[-46.8088,322.367,227.493],"t":[72.549,-0.660482,-209.706],"timeVisible":0.488141,"type":"right","wrist":[22.1188,298.447,84.2868]}],"id":4199521,"interactionBox":{"center":[0,200,0],"size":[235.247,235.247,147.751]},"pointables":[{"bases":[[[0.43907,0.861091,0.256398],[-0.827055,0.275883,0.489764],[0.350996,-0.427096,0.833301]],[[0.264405,0.959804,-0.0941603],[-0.949483,0.276181,0.149019],[0.169034,0.0500023,0.984341]],[[0.264405,0.959804,-0.0941603],[-0.955538,0.247505,-0.160277],[-0.13053,0.132352,0.982571]],[[0.264405,0.959804,-0.0941603],[-0.661582,0.109474,-0.741838],[-0.701711,0.25844,0.663935]]],"btipPosition":[5.6167,275.988,-17.7253],"carpPosition":[-6.81526,289.042,80.4243],"dipPosition":[-10.8015,282.035,-2.19097],"direction":[0.13053,-0.132352,-0.982571],"extended":false,"handId":583,"id":5830,"length":52.1025,"mcpPosition":[-6.81526,289.042,80.4243],"pipPosition":[-15.2508,286.546,31.3014],"stabilizedTipPosition":[-71.3742,286.298,170.502],"timeVisible":0.488141,"tipPosition":[1.66988,277.507,-14.7138],"tipVelocity":[68.3727,4.04995,-230.988],"tool":false,"touchDistance":-0.646002,"touchZone":"hovering","type":0,"width":20.2446},{"bases":[[[0.996859,0.0136546,-0.0780062],[0.0113446,0.950241,0.311309],[0.0783755,-0.311217,0.947102]],[[0.998199,-0.0291042,0.052462],[0.0289888,0.999575,0.00296025],[-0.0525259,-0.00143411,0.998619]],[[0.998199,-0.0291042,0.052462],[0.0366744,0.988056,-0.149664],[-0.0474796,0.151319,0.987344]],[[0.998199,-0.0291042,0.052462],[0.0416777,0.965397,-0.257434],[-0.0431542,0.259156,0.964871]]],"btipPosition":[1.02455,325.635,-72.6463],"carpPosition":[2.64862,310.767,80.2438],"dipPosition":[0.287431,330.062,-56.1653],"direction":[0.0474796,-0.151319,-0.987344],"extended":true,"handId":583,"id":5831,"length":58.7918,"mcpPosition":[-3.1159,333.657,10.5845],"pipPosition":[-0.859863,333.719,-32.3071],"stabilizedTipPosition":[-58.7656,320.559,129.911],"timeVisible":0.488141,"tipPosition":[0.939674,325.302,-68.6036],"tipVelocity":[24.5339,66.0912,-206.491],"tool":false,"touchDistance":-0.672125,"touchZone":"hovering","type":1,"width":19.3376},{"bases":[[[0.981645,-0.190712,-0.00125219],[0.18143,0.931806,0.314358],[-0.0587849,-0.308815,0.949304]],[[0.9802,-0.197133,0.0186151],[0.112016,0.474529,-0.873084],[0.16328,0.857882,0.487215]],[[0.9802,-0.197133,0.0186151],[-0.122373,-0.677002,-0.725737],[0.155669,0.709089,-0.687721]],[[0.9802,-0.197133,0.0186151],[-0.186295,-0.949981,-0.250661],[0.0670974,0.24223,-0.967896]]],"btipPosition":[5.30721,268.225,27.3098],"carpPosition":[14.7611,312.734,79.2659],"dipPosition":[6.56777,272.776,9.12593],"direction":[-0.155669,-0.709089,0.687721],"extended":false,"handId":583,"id":5832,"length":66.9886,"mcpPosition":[18.8613,334.273,13.0525],"pipPosition":[10.9933,292.934,-10.4252],"stabilizedTipPosition":[-63.1271,284.954,185.445],"timeVisible":0.488141,"tipPosition":[5.69889,269.691,22.4205],"tipVelocity":[73.3498,-31.0269,-216.58],"tool":false,"touchDistance":0.333333,"touchZone":"none","type":2,"width":18.9921},{"bases":[[[0.945806,-0.303775,0.114765],[0.249134,0.90548,0.343566],[-0.208285,-0.296355,0.93209]],[[0.942059,-0.30886,0.130884],[0.253386,0.399515,-0.881013],[0.219819,0.86313,0.454628]],[[0.942059,-0.30886,0.130884],[-0.132531,-0.701128,-0.700611],[0.308157,0.64267,-0.701437]],[[0.942059,-0.30886,0.130884],[-0.271073,-0.930769,-0.245334],[0.197596,0.19564,-0.960563]]],"btipPosition":[17.9693,270.047,37.4457],"carpPosition":[26.9698,311.495,78.755],"dipPosition":[21.6602,273.701,19.5033],"direction":[-0.308157,-0.64267,0.701437],"extended":false,"handId":583,"id":5833,"length":64.4113,"mcpPosition":[40.0133,330.054,20.3844],"pipPosition":[30.1945,291.5,0.0772592],"stabilizedTipPosition":[-52.6007,283.208,202.871],"timeVisible":0.488141,"tipPosition":[18.9906,271.266,32.6829],"tipVelocity":[71.0706,-19.6607,-215.24],"tool":false,"touchDistance":0.333333,"touchZone":"none","type":3,"width":18.0722},{"bases":[[[0.86109,-0.481441,0.163518],[0.373822,0.817446,0.438223],[-0.344646,-0.316223,0.883868]],[[0.881104,-0.460549,0.107473],[0.337349,0.452807,-0.825325],[0.331438,0.763453,0.554336]],[[0.881104,-0.460549,0.107473],[-0.214891,-0.592327,-0.776512],[0.421281,0.661093,-0.62087]],[[0.881104,-0.460549,0.107473],[-0.400839,-0.847862,-0.347072],[0.250966,0.262727,-0.93166]]],"btipPosition":[34.1093,276.932,35.7126],"carpPosition":[38.4088,303.043,78.351],"dipPosition":[38.434,281.46,19.658],"direction":[-0.421281,-0.661093,0.62087],"extended":false,"handId":583,"id":5834,"length":50.4973,"mcpPosition":[58.3878,321.374,27.1134],"pipPosition":[46.6715,294.386,7.5178],"stabilizedTipPosition":[-30.2909,284.47,195.559],"timeVisible":0.488141,"tipPosition":[35.3706,278.29,31.9493],"tipVelocity":[62.0213,0.49228,-224.214],"tool":false,"touchDistance":0.333333,"touchZone":"none","type":4,"width":16.0532}],"r":[[0.851873,0.52368,0.00845051],[-0.520711,0.845087,0.121193],[0.0563251,-0.107642,0.992593]],"s":1.00443,"t":[72.549,-0.660482,-209.706],"timestamp":522734772929},false],[4,{"currentFrameRate":101.749,"devices":[],"gestures":[],"hands":[{"armBasis":[[0.992251,-0.0574233,-0.110185],[0.0566285,0.998342,-0.0103314],[0.110596,0.00401171,0.993857]],"armWidth":63.703,"confidence":0.783379,"direction":[0.0891514,0.446328,-0.890418],"elbow":[52.4322,299.801,350.475],"grabStrength":0,"id":583,"palmNormal":[-0.0176053,-0.893132,-0.449451],"palmPosition":[19.727,319.381,31.6471],"palmVelocity":[23.9552,1.16455,-211.424],"palmWidth":90.9658,"pinchStrength":0.64071,"r":[[0.846961,0.531534,0.0113249],[-0.528574,0.839571,0.125419],[0.0571566,-0.112211,0.992039]],"s":1.00669,"sphereCenter":[29.6531,285.727,-2.13811],"sphereRadius":46.7147,"stabilizedPalmPosition":[-46.8047,322.367,227.481],"t":[72.7566,-0.531226,-211.566],"timeVisible":0.49714,"type":"right","wrist":[22.5793,298.718,82.2049]}],"id":4199522,"interactionBox":{"center":[0,200,0],"size":[235.247,235.247,147.751]},"pointables":[{"bases":[[[0.433875,0.863502,0.25713],[-0.828383,0.270098,0.490742],[0.354306,-0.425923,0.8325]],[[0.258461,0.961541,-0.0929324],[-0.950845,0.270206,0.151268],[0.170561,0.0492675,0.984115]],[[0.258461,0.961541,-0.0929324],[-0.957262,0.242004,-0.158379],[-0.129798,0.129895,0.982995]],[[0.258461,0.961541,-0.0929324],[-0.661484,0.106051,-0.742423],[-0.704015,0.253361,0.663454]]],"btipPosition":[6.08639,276.322,-19.7886],"carpPosition":[-6.29833,289.137,78.3529],"dipPosition":[-10.3857,282.25,-4.26555],"direction":[0.129798,-0.129895,-0.982995],"extended":false,"handId":583,"id":5830,"length":52.1025,"mcpPosition":[-6.29833,289.137,78.3529],"pipPosition":[-14.8101,286.678,29.2413],"stabilizedTipPosition":[-71.327,286.292,170.383],"timeVisible":0.49714,"tipPosition":[2.15538,277.794,-16.7666],"tipVelocity":[63.5526,12.3031,-230.6],"tool":false,"touchDistance":-0.640724,"touchZone":"hovering","type":0,"width":20.2446},{"bases":[[[0.996694,0.0199854,-0.0787554],[0.00564391,0.949907,0.312481],[0.0810554,-0.311892,0.946654]],[[0.998407,-0.0228937,0.0515615],[0.0226434,0.999729,0.00543378],[-0.0516719,-0.0042576,0.998655]],[[0.998407,-0.0228937,0.0515615],[0.0302776,0.988625,-0.14732],[-0.0476023,0.148647,0.987744]],[[0.998407,-0.0228937,0.0515615],[0.0353388,0.966224,-0.255269],[-0.0439759,0.256685,0.965494]]],"btipPosition":[1.18851,326.067,-74.6869],"carpPosition":[3.02937,310.921,78.1921],"dipPosition":[0.43736,330.452,-58.1952],"direction":[0.0476023,-0.148647,-0.987744],"extended":true,"handId":583,"id":5831,"length":58.7918,"mcpPosition":[-2.93226,333.861,8.56575],"pipPosition":[-0.7129,334.044,-34.3274],"stabilizedTipPosition":[-58.7488,320.561,129.855],"timeVisible":0.49714,"tipPosition":[1.10665,325.749,-70.6513],"tipVelocity":[22.702,60.8222,-211.981],"tool":false,"touchDistance":-0.663818,"touchZone":"hovering","type":1,"width":19.3376},{"bases":[[[0.982817,-0.184567,-0.00224368],[0.175844,0.932533,0.315376],[-0.0561156,-0.310351,0.948964]],[[0.981436,-0.190987,0.0175093],[0.107739,0.4735,-0.87418],[0.158666,0.859838,0.485287]],[[0.981436,-0.190987,0.0175093],[-0.118954,-0.677795,-0.725564],[0.150441,0.710012,-0.687932]],[[0.981436,-0.190987,0.0175093],[-0.180499,-0.95067,-0.252283],[0.0648283,0.244439,-0.967495]]],"btipPosition":[5.90207,268.401,25.3663],"carpPosition":[15.1286,312.965,77.2074],"dipPosition":[7.12,272.993,7.18997],"direction":[-0.150441,-0.710012,0.687932],"extended":false,"handId":583,"id":5832,"length":66.9886,"mcpPosition":[19.0426,334.611,11.0177],"pipPosition":[11.3969,293.178,-12.3671],"stabilizedTipPosition":[-63.0486,284.936,185.259],"timeVisible":0.49714,"tipPosition":[6.27906,269.875,20.4623],"tipVelocity":[71.061,-16.8454,-216.359],"tool":false,"touchDistance":0.333333,"touchZone":"none","type":2,"width":18.9921},{"bases":[[[0.947776,-0.297996,0.113661],[0.243734,0.906595,0.3445],[-0.205704,-0.298806,0.931881]],[[0.944202,-0.302953,0.129236],[0.248739,0.398682,-0.882712],[0.215896,0.865605,0.451793]],[[0.944202,-0.302953,0.129236],[-0.129747,-0.70277,-0.699486],[0.302734,0.643688,-0.702864]],[[0.944202,-0.302953,0.129236],[-0.265518,-0.932299,-0.245601],[0.194892,0.197583,-0.960718]]],"btipPosition":[18.5581,270.333,35.5583],"carpPosition":[27.3444,311.803,76.6855],"dipPosition":[22.1985,274.024,17.6131],"direction":[-0.302734,-0.643688,0.702864],"extended":false,"handId":583,"id":5833,"length":64.4113,"mcpPosition":[40.2262,330.515,18.3281],"pipPosition":[30.5826,291.85,-1.8525],"stabilizedTipPosition":[-52.5359,283.197,202.717],"timeVisible":0.49714,"tipPosition":[19.5604,271.545,30.7563],"tipVelocity":[69.1684,-5.27079,-213.747],"tool":false,"touchDistance":0.333333,"touchZone":"none","type":3,"width":18.0722},{"bases":[[[0.864211,-0.476248,0.162258],[0.369043,0.819225,0.438951],[-0.341975,-0.319466,0.883739]],[[0.884055,-0.455155,0.106208],[0.333484,0.455069,-0.825652],[0.327468,0.76534,0.554093]],[[0.884055,-0.455155,0.106208],[-0.211592,-0.592376,-0.77738],[0.416744,0.664774,-0.620001]],[[0.884055,-0.455155,0.106208],[-0.395421,-0.849521,-0.349221],[0.249176,0.266733,-0.931002]]],"btipPosition":[34.6412,277.293,33.6115],"carpPosition":[38.8356,303.423,76.2623],"dipPosition":[38.9351,281.889,17.5683],"direction":[-0.416744,-0.664774,0.620001],"extended":false,"handId":583,"id":5834,"length":50.4973,"mcpPosition":[58.6598,321.942,25.0322],"pipPosition":[47.0839,294.888,5.44509],"stabilizedTipPosition":[-30.2595,284.467,195.48],"timeVisible":0.49714,"tipPosition":[35.8937,278.674,29.8461],"tipVelocity":[61.0061,11.8386,-226.678],"tool":false,"touchDistance":0.333333,"touchZone":"none","type":4,"width":16.0532}],"r":[[0.846961,0.531534,0.0113249],[-0.528574,0.839571,0.125419],[0.0571566,-0.112211,0.992039]],"s":1.00669,"t":[72.7566,-0.531226,-211.566],"timestamp":522734781928},false],[5,{"currentFrameRate":102.126,"devices":[],"gestures":[],"hands":[{"armBasis":[[0.990334,-0.0579877,-0.125998],[0.0582083,0.998303,-0.00193311],[0.125896,-0.00541972,0.992029]],"armWidth":63.703,"confidence":0.786836,"direction":[0.0881459,0.444825,-0.891269],"elbow":[56.9705,297.689,347.658],"grabStrength":0,"id":583,"palmNormal":[-0.0206834,-0.893742,-0.448104],"palmPosition":[20.0674,319.747,29.3001],"palmVelocity":[27.7088,12.0073,-224.515],"palmWidth":90.9658,"pinchStrength":0.639003,"r":[[0.843232,0.53739,0.0131148],[-0.534385,0.835375,0.128772],[0.058245,-0.115593,0.991587]],"s":1.00866,"sphereCenter":[29.809,286.032,-4.46051],"sphereRadius":46.7403,"stabilizedPalmPosition":[-46.8016,322.367,227.472],"t":[73.0307,-0.283413,-213.669],"timeVisible":0.506209,"type":"right","wrist":[22.9875,299.152,79.8814]}],"id":4199523,"interactionBox":{"center":[0,200,0],"size":[235.247,235.247,147.751]},"pointables":[{"bases":[[[0.436445,0.862875,0.25488],[-0.826639,0.272719,0.492232],[0.355224,-0.425526,0.832312]],[[0.26068,0.960785,-0.0945399],[-0.949696,0.272805,0.1538],[0.173559,0.0496917,0.983569]],[[0.26068,0.960785,-0.0945399],[-0.957085,0.244342,-0.155839],[-0.126628,0.131107,0.983248]],[[0.26068,0.960785,-0.0945399],[-0.661531,0.106443,-0.742326],[-0.703152,0.256051,0.663336]]],"btipPosition":[6.18609,276.691,-22.011],"carpPosition":[-5.92076,289.631,76.1092],"dipPosition":[-10.2658,282.682,-6.49066],"direction":[0.126628,-0.131107,-0.983248],"extended":false,"handId":583,"id":5830,"length":52.1025,"mcpPosition":[-5.92076,289.631,76.1092],"pipPosition":[-14.5821,287.151,27.0248],"stabilizedTipPosition":[-71.2897,286.288,170.287],"timeVisible":0.506209,"tipPosition":[2.27577,278.155,-18.9781],"tipVelocity":[49.1687,20.5881,-234.612],"tool":false,"touchDistance":-0.638329,"touchZone":"hovering","type":0,"width":20.2446},{"bases":[[[0.996555,0.0175763,-0.0810544],[0.00854024,0.950346,0.311079],[0.0824973,-0.3107,0.946921]],[[0.998474,-0.025076,0.0491954],[0.0248526,0.999678,0.00514893],[-0.0493087,-0.00391844,0.998776]],[[0.998474,-0.025076,0.0491954],[0.0321113,0.988484,-0.147881],[-0.0449206,0.149235,0.987781]],[[0.998474,-0.025076,0.0491954],[0.0368757,0.965957,-0.256063],[-0.0410996,0.257486,0.965408]]],"btipPosition":[1.29426,326.41,-77.008],"carpPosition":[3.4566,311.394,75.8953],"dipPosition":[0.592237,330.808,-60.5178],"direction":[0.0449206,-0.149235,-0.987781],"extended":true,"handId":583,"id":5831,"length":58.7918,"mcpPosition":[-2.61108,334.246,6.24928],"pipPosition":[-0.493223,334.414,-36.6491],"stabilizedTipPosition":[-58.7345,320.563,129.806],"timeVisible":0.506209,"tipPosition":[1.22008,326.119,-72.9787],"tipVelocity":[19.9948,54.5438,-224.139],"tool":false,"touchDistance":-0.660591,"touchZone":"hovering","type":1,"width":19.3376},{"bases":[[[0.982383,-0.186832,-0.00421256],[0.178706,0.932583,0.313612],[-0.0546641,-0.30884,0.949542]],[[0.981041,-0.193185,0.0154432],[0.106455,0.470586,-0.875909],[0.161945,0.860947,0.482229]],[[0.981041,-0.193185,0.0154432],[-0.122268,-0.678789,-0.724082],[0.150364,0.708466,-0.68954]],[[0.981041,-0.193185,0.0154432],[-0.1832,-0.950422,-0.251269],[0.0632188,0.243675,-0.967794]]],"btipPosition":[6.10487,268.744,23.1974],"carpPosition":[15.5582,313.408,74.88],"dipPosition":[7.29256,273.322,5.01542],"direction":[-0.150364,-0.708466,0.689541],"extended":false,"handId":583,"id":5832,"length":66.9886,"mcpPosition":[19.371,334.949,8.65004],"pipPosition":[11.5672,293.462,-14.5874],"stabilizedTipPosition":[-62.9856,284.922,185.108],"timeVisible":0.506209,"tipPosition":[6.47247,270.212,18.2953],"tipVelocity":[57.3904,-1.84546,-222.699],"tool":false,"touchDistance":0.333333,"touchZone":"none","type":2,"width":18.9921},{"bases":[[[0.947346,-0.300011,0.111937],[0.246602,0.906532,0.342619],[-0.204264,-0.296974,0.932782]],[[0.94391,-0.304786,0.127043],[0.246444,0.394178,-0.885375],[0.219772,0.867023,0.447181]],[[0.94391,-0.304786,0.127043],[-0.13365,-0.704458,-0.697048],[0.301947,0.640971,-0.70568]],[[0.94391,-0.304786,0.127043],[-0.268143,-0.932032,-0.243752],[0.192701,0.196014,-0.961481]]],"btipPosition":[18.7833,270.674,33.4466],"carpPosition":[27.7701,312.217,74.332],"dipPosition":[22.3828,274.335,15.4871],"direction":[-0.301947,-0.640971,0.70568],"extended":false,"handId":583,"id":5833,"length":64.4113,"mcpPosition":[40.5618,330.815,15.9181],"pipPosition":[30.7451,292.087,-4.05641],"stabilizedTipPosition":[-52.4832,283.189,202.59],"timeVisible":0.506209,"tipPosition":[19.7713,271.869,28.6215],"tipVelocity":[56.6273,6.37021,-219.125],"tool":false,"touchDistance":0.333333,"touchZone":"none","type":3,"width":18.0722},{"bases":[[[0.863482,-0.478,0.160984],[0.371926,0.819011,0.436912],[-0.340692,-0.317391,0.884981]],[[0.883087,-0.457228,0.105357],[0.331761,0.449669,-0.829296],[0.331801,0.767294,0.548787]],[[0.883087,-0.457228,0.105357],[-0.21495,-0.593816,-0.775358],[0.417078,0.662062,-0.622672]],[[0.883087,-0.457228,0.105357],[-0.397827,-0.848674,-0.348548],[0.24878,0.265884,-0.931351]]],"btipPosition":[34.8194,277.558,31.4179],"carpPosition":[39.241,303.81,73.8949],"dipPosition":[39.1064,282.14,15.3687],"direction":[-0.417078,-0.662062,0.622672],"extended":false,"handId":583,"id":5834,"length":50.4973,"mcpPosition":[58.9909,322.209,22.5928],"pipPosition":[47.2618,295.086,3.19325],"stabilizedTipPosition":[-30.2341,284.465,195.415],"timeVisible":0.506209,"tipPosition":[36.0809,278.944,27.6069],"tipVelocity":[49.5263,16.5611,-230.921],"tool":false,"touchDistance":0.333333,"touchZone":"none","type":4,"width":16.0532}],"r":[[0.843232,0.53739,0.0131148],[-0.534385,0.835375,0.128772],[0.058245,-0.115593,0.991587]],"s":1.00866,"t":[73.0307,-0.283413,-213.669],"timestamp":522734790997},false],[6,{"currentFrameRate":102.534,"devices":[],"gestures":[],"hands":[{"armBasis":[[0.989102,-0.0626648,-0.133228],[0.0620132,0.998034,-0.00903876],[0.133532,0.000678397,0.991044]],"armWidth":63.703,"confidence":0.79133,"direction":[0.0870149,0.443794,-0.891894],"elbow":[59.4223,299.691,345.505],"grabStrength":0,"id":583,"palmNormal":[-0.0250638,-0.894031,-0.447303],"palmPosition":[20.3781,320.072,27.4053],"palmVelocity":[29.6011,18.635,-220.845],"palmWidth":90.9658,"pinchStrength":0.637839,"r":[[0.840598,0.541479,0.0139761],[-0.538366,0.832369,0.131622],[0.0596373,-0.118166,0.991201]],"s":1.01036,"sphereCenter":[29.8426,286.323,-6.36206],"sphereRadius":46.7486,"stabilizedPalmPosition":[-46.7992,322.367,227.465],"t":[73.323,0.0029475,-215.668],"timeVisible":0.515184,"type":"right","wrist":[23.3782,299.508,77.9947]}],"id":4199524,"interactionBox":{"center":[0,200,0],"size":[235.247,235.247,147.751]},"pointables":[{"bases":[[[0.440141,0.861587,0.25287],[-0.824238,0.275941,0.494458],[0.356242,-0.426057,0.831605]],[[0.263859,0.959793,-0.0957897],[-0.948176,0.276321,0.156874],[0.177035,0.0494329,0.982962]],[[0.263859,0.959793,-0.0957897],[-0.95672,0.247782,-0.152615],[-0.122744,0.131913,0.983633]],[[0.263859,0.959793,-0.0957897],[-0.66204,0.107984,-0.741649],[-0.701486,0.259107,0.663914]]],"btipPosition":[6.18851,277.057,-23.8003],"carpPosition":[-5.5735,290.083,74.3162],"dipPosition":[-10.2244,283.12,-8.26648],"direction":[0.122744,-0.131913,-0.983633],"extended":false,"handId":583,"id":5830,"length":52.1025,"mcpPosition":[-5.5735,290.083,74.3162],"pipPosition":[-14.4083,287.616,25.2621],"stabilizedTipPosition":[-71.2614,286.285,170.214],"timeVisible":0.515184,"tipPosition":[2.29559,278.521,-20.7554],"tipVelocity":[36.0473,26.6199,-224.863],"tool":false,"touchDistance":-0.629623,"touchZone":"hovering","type":0,"width":20.2446},{"bases":[[[0.996364,0.0141075,-0.0840263],[0.0127067,0.950564,0.310268],[0.0842496,-0.310207,0.946929]],[[0.998535,-0.028387,0.0460751],[0.0281307,0.999585,0.00620349],[-0.046232,-0.00489828,0.998919]],[[0.998535,-0.028387,0.0460751],[0.0348961,0.988483,-0.147256],[-0.0413642,0.148648,0.988025]],[[0.998535,-0.028387,0.0460751],[0.0392645,0.965925,-0.255826],[-0.0372429,0.25726,0.965624]]],"btipPosition":[1.30221,326.853,-78.863],"carpPosition":[3.87738,311.813,74.0565],"dipPosition":[0.666057,331.247,-62.3691],"direction":[0.0413642,-0.148648,-0.988025],"extended":true,"handId":583,"id":5831,"length":58.7918,"mcpPosition":[-2.31918,334.629,4.40996],"pipPosition":[-0.333466,334.839,-38.4946],"stabilizedTipPosition":[-58.7225,320.564,129.765],"timeVisible":0.515184,"tipPosition":[1.23831,326.579,-74.8402],"tipVelocity":[15.2224,53.1135,-219.333],"tool":false,"touchDistance":-0.650678,"touchZone":"hovering","type":1,"width":19.3376},{"bases":[[[0.981723,-0.190188,-0.00697396],[0.182818,0.932223,0.312309],[-0.0528964,-0.307876,0.949955]],[[0.980421,-0.196506,0.0126468],[0.105209,0.46846,-0.877198],[0.166451,0.861354,0.479962]],[[0.980421,-0.196506,0.0126468],[-0.126793,-0.679131,-0.722983],[0.15066,0.707224,-0.69075]],[[0.980421,-0.196506,0.0126468],[-0.187148,-0.949854,-0.250505],[0.0612385,0.243234,-0.968033]]],"btipPosition":[6.21778,269.078,21.4403],"carpPosition":[15.9827,313.785,73.0037],"dipPosition":[7.36827,273.648,3.2539],"direction":[-0.15066,-0.707224,0.69075],"extended":false,"handId":583,"id":5832,"length":66.9886,"mcpPosition":[19.6722,335.26,6.74488],"pipPosition":[11.6513,293.753,-16.3833],"stabilizedTipPosition":[-62.9381,284.912,184.993],"timeVisible":0.515184,"tipPosition":[6.57488,270.541,16.5421],"tipVelocity":[44.8542,8.80616,-215.354],"tool":false,"touchDistance":0.333333,"touchZone":"none","type":2,"width":18.9921},{"bases":[[[0.946645,-0.303152,0.109373],[0.250711,0.905964,0.341136],[-0.202504,-0.295514,0.933629]],[[0.943313,-0.307802,0.124171],[0.244187,0.390228,-0.887747],[0.224796,0.867744,0.443269]],[[0.943313,-0.307802,0.124171],[-0.138608,-0.705264,-0.695263],[0.301576,0.638639,-0.707949]],[[0.943313,-0.307802,0.124171],[-0.271915,-0.931223,-0.242663],[0.190323,0.195144,-0.962131]]],"btipPosition":[18.9221,270.967,31.7317],"carpPosition":[28.1888,312.553,72.4204],"dipPosition":[22.4771,274.612,13.76],"direction":[-0.301576,-0.638639,0.707949],"extended":false,"handId":583,"id":5833,"length":64.4113,"mcpPosition":[40.8703,331.059,13.9535],"pipPosition":[30.8292,292.299,-5.84634],"stabilizedTipPosition":[-52.4426,283.182,202.492],"timeVisible":0.515184,"tipPosition":[19.8974,272.153,26.8907],"tipVelocity":[45.0384,13.4417,-211.528],"tool":false,"touchDistance":0.333333,"touchZone":"none","type":3,"width":18.0722},{"bases":[[[0.86232,-0.480814,0.158816],[0.376014,0.818093,0.43513],[-0.339142,-0.315504,0.88625]],[[0.881782,-0.460214,0.103269],[0.33085,0.447483,-0.830841],[0.336154,0.766787,0.546845]],[[0.881782,-0.460214,0.103269],[-0.218864,-0.593194,-0.774738],[0.417804,0.660548,-0.623792]],[[0.881782,-0.460214,0.103269],[-0.401407,-0.847201,-0.348027],[0.247656,0.265431,-0.931779]]],"btipPosition":[34.9694,277.8,29.5036],"carpPosition":[39.6296,304.106,71.9562],"dipPosition":[39.2371,282.374,13.447],"direction":[-0.417804,-0.660548,0.623792],"extended":false,"handId":583,"id":5834,"length":50.4973,"mcpPosition":[59.2896,322.396,20.5805],"pipPosition":[47.4067,295.29,1.24962],"stabilizedTipPosition":[-30.2146,284.463,195.365],"timeVisible":0.515184,"tipPosition":[36.2274,279.185,25.6962],"tipVelocity":[40.4042,19.3518,-226.145],"tool":false,"touchDistance":0.333333,"touchZone":"none","type":4,"width":16.0532}],"r":[[0.840598,0.541479,0.0139761],[-0.538366,0.8