{"sensorType":"Leap","data":[[0,{"currentFrameRate":101.2,"devices":[],"gestures":[],"hands":[{"armBasis":[[-0.702408,-0.707939,0.0737909],[-0.704653,0.706262,0.0682557],[0.100437,0.00405367,0.994935]],"armWidth":63.703,"confidence":0.676485,"direction":[-0.483606,0.380363,-0.78832],"elbow":[45.3524,296.493,350.202],"grabStrength":0,"id":573,"palmNormal":[0.524338,-0.595264,-0.608876],"palmPosition":[-0.260456,318.756,35.7797],"palmVelocity":[61.8796,-43.4205,-277.381],"palmWidth":90.9658,"pinchStrength":1,"r":[[0.653745,0.747262,0.11923],[-0.667161,0.494825,0.556816],[0.35709,-0.443562,0.822034]],"s":0.712062,"sphereCenter":[14.1266,298.707,-2.95879],"sphereRadius":41.5936,"stabilizedPalmPosition":[-61.861,330.19,191.205],"t":[98.0892,-6.59486,-217.69],"timeVisible":0.433734,"type":"left","wrist":[18.2418,295.398,81.6412]}],"id":4196866,"interactionBox":{"center":[0,200,0],"size":[235.247,235.247,147.751]},"pointables":[{"bases":[[[-0.845371,0.321823,0.426354],[0.518285,0.687404,0.50878],[0.12934,-0.651081,0.747907]],[[-0.813012,0.5806,0.0437629],[0.576423,0.813208,-0.0801864],[0.0821445,0.0399666,0.995819]],[[-0.813012,0.5806,0.0437629],[0.376322,0.581339,-0.721407],[0.444289,0.570044,0.691127]],[[-0.813012,0.5806,0.0437629],[0.156047,0.28969,-0.944314],[0.560946,0.76091,0.326122]]],"btipPosition":[13.1639,268.614,-5.64057],"carpPosition":[45.5322,307.843,75.2436],"dipPosition":[26.2886,286.418,1.98982],"direction":[-0.444289,-0.570044,-0.691127],"extended":false,"handId":573,"id":5730,"length":52.1025,"mcpPosition":[45.5322,307.843,75.2436],"pipPosition":[41.4328,305.848,25.5479],"stabilizedTipPosition":[-36.7645,296.99,178.342],"timeVisible":0.433734,"tipPosition":[16.2199,273.075,-3.99303],"tipVelocity":[78.8496,-21.0963,-299.083],"tool":false,"touchDistance":-0.655469,"touchZone":"hovering","type":0,"width":20.2446},{"bases":[[[-0.772101,-0.633891,-0.0451816],[-0.571801,0.661929,0.484658],[0.277313,-0.40004,0.873536]],[[-0.706601,-0.697531,0.119014],[-0.67869,0.71566,0.164958],[0.200237,-0.0357864,0.979094]],[[-0.706601,-0.697531,0.119014],[-0.707526,0.699068,-0.103494],[0.0110085,0.157334,0.987484]],[[-0.706601,-0.697531,0.119014],[-0.696451,0.655795,-0.291357],[-0.125182,0.28876,0.949182]]],"btipPosition":[-2.66669,340.067,-66.9503],"carpPosition":[24.4578,317.841,79.4259],"dipPosition":[-4.80493,344.999,-50.7372],"direction":[-0.0110085,-0.157334,-0.987484],"extended":true,"handId":573,"id":5731,"length":58.7918,"mcpPosition":[4.06144,347.264,15.1773],"pipPosition":[-4.53892,348.801,-26.8757],"stabilizedTipPosition":[-55.3788,331.425,83.2878],"timeVisible":0.433734,"tipPosition":[-4.1097,341.641,-62.8561],"tipVelocity":[61.9563,-13.7121,-272.187],"tool":false,"touchDistance":-0.696356,"touchZone":"hovering","type":1,"width":19.3376},{"bases":[[[-0.61867,-0.785603,-0.00870408],[-0.687875,0.53629,0.489102],[0.379572,-0.30858,0.872183]],[[-0.617099,-0.786869,-0.00510723],[-0.53676,0.425681,-0.728481],[-0.575393,0.446804,0.685047]],[[-0.617099,-0.786869,-0.00510723],[0.359705,-0.276313,-0.891215],[-0.699858,0.551805,-0.453553]],[[-0.617099,-0.786869,-0.00510723],[0.673488,-0.524802,-0.520573],[-0.406942,0.324685,-0.853802]]],"btipPosition":[42.7123,289.69,14.2754],"carpPosition":[13.9191,311.484,79.1861],"dipPosition":[35.067,295.789,-1.76495],"direction":[0.699858,-0.551805,0.453553],"extended":false,"handId":573,"id":5732,"length":66.9886,"mcpPosition":[-12.5559,333.007,18.3518],"pipPosition":[15.1709,311.477,-14.6589],"stabilizedTipPosition":[-23.8638,286.667,167.541],"timeVisible":0.433734,"tipPosition":[40.5967,291.378,10.2188],"tipVelocity":[65.0171,-32.8266,-278.094],"tool":false,"touchDistance":0.333333,"touchZone":"none","type":2,"width":18.9921},{"bases":[[[-0.502443,-0.860628,0.082894],[-0.717868,0.468681,0.514785],[0.481889,-0.199143,0.853303]],[[-0.507224,-0.858599,0.0743786],[-0.635626,0.314423,-0.705065],[-0.581982,0.404903,0.705231]],[[-0.507224,-0.858599,0.0743786],[0.281444,-0.2466,-0.92735],[-0.814563,0.449441,-0.366729]],[[-0.507224,-0.858599,0.0743786],[0.653662,-0.439525,-0.616072],[-0.561649,0.263868,-0.784171]]],"btipPosition":[34.2959,279.627,18.6709],"carpPosition":[5.42748,302.618,78.8046],"dipPosition":[23.8048,284.556,4.02334],"direction":[0.814563,-0.449441,0.366729],"extended":false,"handId":573,"id":5733,"length":64.4113,"mcpPosition":[-24.75,315.089,25.368],"pipPosition":[1.24579,297.003,-6.13308],"stabilizedTipPosition":[-41.0126,281.468,173.432],"timeVisible":0.433734,"tipPosition":[31.8005,280.638,13.3206],"tipVelocity":[59.9308,-22.1589,-207.195],"tool":false,"touchDistance":0.333333,"touchZone":"none","type":3,"width":18.0722},{"bases":[[[-0.317727,-0.943422,0.0948929],[-0.741864,0.309669,0.594762],[0.590497,-0.118574,0.798281]],[[-0.285297,-0.948457,0.137965],[-0.827873,0.171333,-0.534107],[-0.48294,0.266597,0.834083]],[[-0.285297,-0.948457,0.137965],[0.089999,-0.169822,-0.981356],[-0.954204,0.267561,-0.13381]],[[-0.285297,-0.948457,0.137965],[0.57569,-0.284667,-0.766515],[-0.766281,0.139259,-0.627233]]],"btipPosition":[16.8538,278.69,14.8136],"carpPosition":[2.15011,288.872,77.1493],"dipPosition":[3.64908,281.09,4.00496],"direction":[0.954204,-0.267561,0.13381],"extended":false,"handId":573,"id":5734,"length":50.4973,"mcpPosition":[-32.0809,295.745,30.8732],"pipPosition":[-15.009,286.321,1.3885],"stabilizedTipPosition":[-59.4591,287.536,184.071],"timeVisible":0.433734,"tipPosition":[13.4513,279.106,10.6826],"tipVelocity":[73.6393,-24.4187,-215.637],"tool":false,"touchDistance":0.333333,"touchZone":"none","type":4,"width":16.0532}],"r":[[0.653745,0.747262,0.11923],[-0.667161,0.494825,0.556816],[0.35709,-0.443562,0.822034]],"s":0.712062,"t":[98.0892,-6.59486,-217.69],"timestamp":522707224275},false],[1,{"currentFrameRate":101.503,"devices":[],"gestures":[],"hands":[{"armBasis":[[-0.704061,-0.705897,0.0775091],[-0.702654,0.708283,0.06792],[0.102843,0.0066423,0.994675]],"armWidth":63.703,"confidence":0.660317,"direction":[-0.486069,0.381326,-0.786338],"elbow":[46.7224,297.094,348.373],"grabStrength":0,"id":573,"palmNormal":[0.519855,-0.597111,-0.610908],"palmPosition":[0.320101,318.687,34.0915],"palmVelocity":[62.092,-33.2904,-250.569],"palmWidth":90.9658,"pinchStrength":1,"r":[[0.653528,0.747309,0.120123],[-0.666569,0.493051,0.559094],[0.358589,-0.445454,0.820356]],"s":0.715435,"sphereCenter":[14.5592,298.723,-4.69208],"sphereRadius":41.6114,"stabilizedPalmPosition":[-61.8219,330.183,191.106],"t":[98.6343,-6.81677,-219.74],"timeVisible":0.443003,"type":"left","wrist":[18.9622,295.301,79.8819]}],"id":4196867,"interactionBox":{"center":[0,200,0],"size":[235.247,235.247,147.751]},"pointables":[{"bases":[[[-0.842499,0.3245,0.429994],[0.522566,0.686182,0.506043],[0.130844,-0.651041,0.74768]],[[-0.81108,0.583047,0.0469654],[0.57738,0.810882,-0.0954053],[0.0937092,0.0502645,0.99433]],[[-0.81108,0.583047,0.0469654],[0.367841,0.570835,-0.734057],[0.454799,0.578103,0.677461]],[[-0.81108,0.583047,0.0469654],[0.138124,0.268928,-0.953205],[0.568393,0.766638,0.298655]]],"btipPosition":[12.7813,267.512,-6.34751],"carpPosition":[46.2592,307.663,73.3539],"dipPosition":[26.0802,285.449,0.640221],"direction":[-0.454799,-0.578103,-0.677462],"extended":false,"handId":573,"id":5730,"length":52.1025,"mcpPosition":[46.2592,307.663,73.3539],"pipPosition":[41.5827,305.155,23.7325],"stabilizedTipPosition":[-36.7418,296.979,178.263],"timeVisible":0.443003,"tipPosition":[16.083,272.262,-5.10357],"tipVelocity":[46.2506,-47.697,-240.848],"tool":false,"touchDistance":-0.631077,"touchZone":"hovering","type":0,"width":20.2446},{"bases":[[[-0.774126,-0.631681,-0.0413305],[-0.567687,0.663845,0.486868],[0.280108,-0.40036,0.872497]],[[-0.708156,-0.695362,0.122418],[-0.675941,0.717781,0.167014],[0.204005,-0.035525,0.978325]],[[-0.708156,-0.695362,0.122418],[-0.705875,0.701177,-0.100455],[0.0159839,0.15755,0.987382]],[[-0.708156,-0.695362,0.122418],[-0.695866,0.658016,-0.287725],[-0.11952,0.288941,0.949857]]],"btipPosition":[-2.4759,339.954,-68.6499],"carpPosition":[25.233,317.725,77.6259],"dipPosition":[-4.51743,344.89,-52.4253],"direction":[-0.0159839,-0.15755,-0.987382],"extended":true,"handId":573,"id":5731,"length":58.7918,"mcpPosition":[4.631,347.171,13.4537],"pipPosition":[-4.1312,348.697,-28.5663],"stabilizedTipPosition":[-55.3574,331.429,83.2273],"timeVisible":0.443003,"tipPosition":[-3.88094,341.522,-64.5521],"tipVelocity":[50.9851,-13.2434,-247.103],"tool":false,"touchDistance":-0.680508,"touchZone":"hovering","type":1,"width":19.3376},{"bases":[[[-0.620969,-0.783816,-0.00546244],[-0.684102,0.538544,0.491909],[0.382624,-0.309197,0.87063]],[[-0.619415,-0.785061,-0.00193841],[-0.538494,0.426668,-0.726622],[-0.571269,0.449037,0.687035]],[[-0.619415,-0.785061,-0.00193841],[0.354446,-0.277454,-0.892965],[-0.700494,0.553804,-0.450121]],[[-0.619415,-0.785061,-0.00193841],[0.66917,-0.526683,-0.52423],[-0.410532,0.326013,-0.851574]]],"btipPosition":[43.1421,289.457,12.3998],"carpPosition":[14.6749,311.398,77.4373],"dipPosition":[35.4294,295.582,-3.59873],"direction":[0.700494,-0.553804,0.450121],"extended":false,"handId":573,"id":5732,"length":66.9886,"mcpPosition":[-12.0129,332.964,16.7114],"pipPosition":[15.5152,311.326,-16.3951],"stabilizedTipPosition":[-23.7473,286.675,167.257],"timeVisible":0.443003,"tipPosition":[41.0092,291.154,8.36733],"tipVelocity":[59.2969,-30.4687,-256.481],"tool":false,"touchDistance":0.333333,"touchZone":"none","type":2,"width":18.9921},{"bases":[[[-0.504545,-0.859126,0.0856509],[-0.714174,0.471037,0.517764],[0.48517,-0.200066,0.851225]],[[-0.509359,-0.857088,0.0771572],[-0.637728,0.315748,-0.702572],[-0.577803,0.407066,0.707418]],[[-0.509359,-0.857088,0.0771572],[0.277931,-0.248699,-0.927849],[-0.814437,0.451164,-0.364888]],[[-0.509359,-0.857088,0.0771572],[0.650887,-0.442358,-0.616981],[-0.562938,0.264044,-0.783187]]],"btipPosition":[34.653,279.476,16.9286],"carpPosition":[6.15612,302.557,77.0993],"dipPosition":[24.1379,284.408,2.29944],"direction":[0.814437,-0.451164,0.364888],"extended":false,"handId":573,"id":5733,"length":64.4113,"mcpPosition":[-24.2268,315.085,23.7927],"pipPosition":[1.58234,296.903,-7.80599],"stabilizedTipPosition":[-40.8072,281.466,172.984],"timeVisible":0.443003,"tipPosition":[32.1567,280.485,11.6513],"tipVelocity":[53.7382,-20.4985,-201.654],"tool":false,"touchDistance":0.333333,"touchZone":"none","type":3,"width":18.0722},{"bases":[[[-0.320017,-0.942447,0.0968603],[-0.738267,0.312139,0.597939],[0.59376,-0.119842,0.795667]],[[-0.287137,-0.947583,0.140137],[-0.826315,0.171031,-0.536611],[-0.484516,0.269879,0.832112]],[[-0.287137,-0.947583,0.140137],[0.0993929,-0.174982,-0.979542],[-0.952719,0.267334,-0.144427]],[[-0.287137,-0.947583,0.140137],[0.584067,-0.289152,-0.758457],[-0.759222,0.135932,-0.636478]]],"btipPosition":[17.2511,278.656,13.719],"carpPosition":[2.83161,288.819,75.4666],"dipPosition":[4.16807,280.998,2.75103],"direction":[0.952719,-0.267334,0.144427],"extended":false,"handId":573,"id":5734,"length":50.4973,"mcpPosition":[-31.5885,295.766,29.3419],"pipPosition":[-14.461,286.226,-0.0730372],"stabilizedTipPosition":[-59.2431,287.511,183.564],"timeVisible":0.443003,"tipPosition":[13.8795,279.053,9.53884],"tipVelocity":[65.8269,-18.9708,-189.29],"tool":false,"touchDistance":0.333333,"touchZone":"none","type":4,"width":16.0532}],"r":[[0.653528,0.747309,0.120123],[-0.666569,0.493051,0.559094],[0.358589,-0.445454,0.820356]],"s":0.715435,"t":[98.6343,-6.81677,-219.74],"timestamp":522707233544},false],[2,{"currentFrameRate":102.026,"devices":[],"gestures":[],"hands":[{"armBasis":[[-0.701823,-0.708903,0.0700059],[-0.706003,0.705292,0.0642081],[0.094892,0.00436158,0.995478]],"armWidth":63.703,"confidence":0.656926,"direction":[-0.48768,0.382017,-0.785004],"elbow":[45.0624,296.048,346.253],"grabStrength":0,"id":573,"palmNormal":[0.521981,-0.593164,-0.612937],"palmPosition":[0.707925,318.333,31.8342],"palmVelocity":[57.2428,-35.1619,-252.191],"palmWidth":90.9658,"pinchStrength":1,"r":[[0.652795,0.747761,0.121293],[-0.666441,0.490761,0.561257],[0.36016,-0.44722,0.818705]],"s":0.719377,"sphereCenter":[15.1038,298.69,-7.00299],"sphereRadius":41.6376,"stabilizedPalmPosition":[-61.7899,330.177,191.024],"t":[99.1008,-7.10472,-221.893],"timeVisible":0.4518,"type":"left","wrist":[19.4484,294.871,77.5452]}],"id":4196868,"interactionBox":{"center":[0,200,0],"size":[235.247,235.247,147.751]},"pointables":[{"bases":[[[-0.843629,0.319917,0.431211],[0.520072,0.686521,0.508148],[0.13347,-0.652949,0.745549]],[[-0.813436,0.57954,0.0495509],[0.572853,0.812978,-0.104432],[0.100806,0.0565633,0.993297]],[[-0.813436,0.57954,0.0495509],[0.358345,0.566421,-0.74213],[0.458161,0.585918,0.668422]],[[-0.813436,0.57954,0.0495509],[0.126846,0.259886,-0.957272],[0.567655,0.772394,0.284913]]],"btipPosition":[12.7675,266.49,-7.9687],"carpPosition":[46.6969,307.357,71.0515],"dipPosition":[26.0492,284.562,-1.30249],"direction":[-0.458161,-0.585918,-0.668422],"extended":false,"handId":573,"id":5730,"length":52.1025,"mcpPosition":[46.6969,307.357,71.0515],"pipPosition":[41.6663,304.534,21.4817],"stabilizedTipPosition":[-36.7214,296.969,178.192],"timeVisible":0.4518,"tipPosition":[16.2187,271.446,-6.95859],"tipVelocity":[33.2515,-65.1874,-227.88],"tool":false,"touchDistance":-0.621729,"touchZone":"hovering","type":0,"width":20.2446},{"bases":[[[-0.771736,-0.634473,-0.0432111],[-0.570092,0.660116,0.489123],[0.281811,-0.402108,0.871144]],[[-0.70557,-0.698379,0.120156],[-0.678753,0.71475,0.168601],[0.203629,-0.0374032,0.978333]],[[-0.70557,-0.698379,0.120156],[-0.708469,0.698913,-0.0979417],[0.0155782,0.154232,0.987912]],[[-0.70557,-0.698379,0.120156],[-0.698428,0.656651,-0.284619],[-0.119872,0.284739,0.951081]]],"btipPosition":[-2.16848,339.916,-70.8501],"carpPosition":[25.6336,317.325,75.3602],"dipPosition":[-4.21602,344.779,-54.6046],"direction":[-0.0155782,-0.154232,-0.987912],"extended":true,"handId":573,"id":5731,"length":58.7918,"mcpPosition":[4.90646,346.9,11.2876],"pipPosition":[-3.83959,348.506,-30.7328],"stabilizedTipPosition":[-55.3412,331.432,83.1812],"timeVisible":0.4518,"tipPosition":[-3.56393,341.455,-66.7497],"tipVelocity":[46.6232,-11.3705,-247.765],"tool":false,"touchDistance":-0.673722,"touchZone":"hovering","type":1,"width":19.3376},{"bases":[[[-0.617997,-0.786141,-0.00786523],[-0.686031,0.534359,0.493783],[0.38398,-0.310552,0.86955]],[[-0.616464,-0.787371,-0.0044029],[-0.53998,0.426828,-0.725424],[-0.573057,0.44482,0.688288]],[[-0.616464,-0.787371,-0.0044029],[0.354937,-0.272894,-0.894175],[-0.702846,0.552789,-0.447696]],[[-0.616464,-0.787371,-0.0044029],[0.670667,-0.522145,-0.526849],[-0.412527,0.327736,-0.849948]]],"btipPosition":[43.6626,289.312,10.0313],"carpPosition":[15.0996,310.958,75.1534],"dipPosition":[35.9125,295.469,-5.93666],"direction":[0.702846,-0.552789,0.447696],"extended":false,"handId":573,"id":5732,"length":66.9886,"mcpPosition":[-11.6828,332.619,14.5028],"pipPosition":[15.9314,311.184,-18.6641],"stabilizedTipPosition":[-23.6528,286.68,167.026],"timeVisible":0.4518,"tipPosition":[41.5196,291.017,6.01831],"tipVelocity":[59.0003,-26.4784,-259.701],"tool":false,"touchDistance":0.333333,"touchZone":"none","type":2,"width":18.9921},{"bases":[[[-0.50127,-0.861303,0.082981],[-0.715841,0.466655,0.519427],[0.486108,-0.200972,0.850476]],[[-0.506067,-0.859267,0.0745398],[-0.636246,0.313571,-0.704885],[-0.582311,0.404145,0.705394]],[[-0.506067,-0.859267,0.0745398],[0.2864,-0.248936,-0.925206],[-0.813555,0.446868,-0.372072]],[[-0.506067,-0.859267,0.0745398],[0.658093,-0.440553,-0.610595],[-0.557503,0.259948,-0.788427]]],"btipPosition":[35.1278,279.388,15.052],"carpPosition":[6.61427,302.086,74.7885],"dipPosition":[24.7142,284.244,0.324992],"direction":[0.813555,-0.446868,0.372072],"extended":false,"handId":573,"id":5733,"length":64.4113,"mcpPosition":[-23.8274,314.672,21.5289],"pipPosition":[2.18311,296.62,-9.97941],"stabilizedTipPosition":[-40.639,281.463,172.615],"timeVisible":0.4518,"tipPosition":[32.6668,280.378,9.75948],"tipVelocity":[54.5163,-18.2028,-205.484],"tool":false,"touchDistance":0.333333,"touchZone":"none","type":3,"width":18.0722},{"bases":[[[-0.316424,-0.94396,0.0938839],[-0.739315,0.30741,0.599094],[0.594381,-0.120158,0.795156]],[[-0.283364,-0.949128,0.137334],[-0.825302,0.168405,-0.538996],[-0.488448,0.266074,0.831037]],[[-0.283364,-0.949128,0.137334],[0.107912,-0.173851,-0.978842],[-0.952922,0.262548,-0.151685]],[[-0.283364,-0.949128,0.137334],[0.592324,-0.285837,-0.753293],[-0.754227,0.132109,-0.643187]]],"btipPosition":[17.7819,278.491,11.6898],"carpPosition":[3.34146,288.341,73.1122],"dipPosition":[4.78489,280.767,0.606244],"direction":[0.952922,-0.262548,0.151685],"extended":false,"handId":573,"id":5734,"length":50.4973,"mcpPosition":[-31.1147,295.307,27.0172],"pipPosition":[-13.8482,285.901,-2.35975],"stabilizedTipPosition":[-59.0538,287.49,183.118],"timeVisible":0.4518,"tipPosition":[14.4507,278.873,7.50785],"tipVelocity":[64.9532,-19.3864,-201.248],"tool":false,"touchDistance":0.333333,"touchZone":"none","type":4,"width":16.0532}],"r":[[0.652795,0.747761,0.121293],[-0.666441,0.490761,0.561257],[0.36016,-0.44722,0.818705]],"s":0.719377,"t":[99.1008,-7.10472,-221.893],"timestamp":522707242341},false],[3,{"currentFrameRate":102.323,"devices":[],"gestures":[],"hands":[{"armBasis":[[-0.696125,-0.713904,0.075844],[-0.711012,0.700188,0.0647953],[0.0993627,0.00882034,0.995012]],"armWidth":63.703,"confidence":0.661785,"direction":[-0.489518,0.38523,-0.782285],"elbow":[46.787,296.294,343.824],"grabStrength":0,"id":573,"palmNormal":[0.526202,-0.584866,-0.617286],"palmPosition":[1.11079,317.624,29.7073],"palmVelocity":[53.4694,-46.8622,-246.271],"palmWidth":90.9658,"pinchStrength":1,"r":[[0.651238,0.74875,0.123541],[-0.667043,0.48717,0.563666],[0.36186,-0.449487,0.816712]],"s":0.723362,"sphereCenter":[15.752,298.497,-9.26624],"sphereRadius":41.654,"stabilizedPalmPosition":[-61.7598,330.171,190.947],"t":[99.5354,-7.60296,-224.033],"timeVisible":0.461006,"type":"left","wrist":[19.9662,293.914,75.2424]}],"id":4196869,"interactionBox":{"center":[0,200,0],"size":[235.247,235.247,147.751]},"pointables":[{"bases":[[[-0.845969,0.311055,0.433106],[0.515313,0.685691,0.514081],[0.13707,-0.658082,0.740364]],[[-0.817656,0.573048,0.055274],[0.565745,0.817579,-0.107225],[0.106636,0.0564021,0.992697]],[[-0.817656,0.573048,0.055274],[0.348415,0.568987,-0.74489],[0.458308,0.589806,0.664893]],[[-0.817656,0.573048,0.055274],[0.11756,0.260183,-0.958376],[0.563576,0.777124,0.280108]]],"btipPosition":[13.0097,265.523,-9.88628],"carpPosition":[47.1396,306.625,68.8713],"dipPosition":[26.1959,283.706,-3.3325],"direction":[-0.458308,-0.589806,-0.664893],"extended":false,"handId":573,"id":5730,"length":52.1025,"mcpPosition":[47.1396,306.625,68.8713],"pipPosition":[41.818,303.81,19.3314],"stabilizedTipPosition":[-36.6993,296.958,178.114],"timeVisible":0.461006,"tipPosition":[16.5507,270.605,-8.99141],"tipVelocity":[30.6395,-75.57,-223.185],"tool":false,"touchDistance":-0.617041,"touchZone":"hovering","type":0,"width":20.2446},{"bases":[[[-0.767649,-0.638999,-0.0489399],[-0.574647,0.652508,0.493978],[0.283718,-0.407325,0.868096]],[[-0.701296,-0.703735,0.113761],[-0.683711,0.709165,0.172117],[0.2018,-0.0429256,0.978486]],[[-0.701296,-0.703735,0.113761],[-0.712744,0.695187,-0.0933291],[0.0134062,0.146534,0.989115]],[[-0.701296,-0.703735,0.113761],[-0.702338,0.654749,-0.279329],[-0.122089,0.275791,0.953433]]],"btipPosition":[-1.76341,339.974,-72.8184],"carpPosition":[26.0101,316.423,73.2435],"dipPosition":[-3.84882,344.685,-56.5328],"direction":[-0.0134062,-0.146534,-0.989115],"extended":true,"handId":573,"id":5731,"length":58.7918,"mcpPosition":[5.14264,346.382,9.39504],"pipPosition":[-3.52487,348.226,-32.6318],"stabilizedTipPosition":[-55.3278,331.434,83.1427],"timeVisible":0.461006,"tipPosition":[-3.15758,341.469,-68.7143],"tipVelocity":[45.6246,-7.47768,-237.98],"tool":false,"touchDistance":-0.664069,"touchZone":"hovering","type":1,"width":19.3376},{"bases":[[[-0.612974,-0.789966,-0.0146963],[-0.689786,0.525983,0.497531],[0.385303,-0.315111,0.867321]],[[-0.61146,-0.791195,-0.0112977],[-0.541874,0.429096,-0.722668],[-0.576619,0.43576,0.691103]],[[-0.61146,-0.791195,-0.0112977],[0.356979,-0.263086,-0.896299],[-0.706175,0.552084,-0.443306]],[[-0.61146,-0.791195,-0.0112977],[0.674003,-0.513304,-0.531261],[-0.414532,0.332459,-0.847133]]],"btipPosition":[44.2916,289.032,7.69698],"carpPosition":[15.5169,309.992,72.977],"dipPosition":[36.5038,295.278,-8.2181],"direction":[0.706175,-0.552084,0.443306],"extended":false,"handId":573,"id":5732,"length":66.9886,"mcpPosition":[-11.3578,331.971,12.4818],"pipPosition":[16.4281,310.973,-20.8208],"stabilizedTipPosition":[-23.5666,286.685,166.813],"timeVisible":0.461006,"tipPosition":[42.1384,290.758,3.70928],"tipVelocity":[61.347,-26.9704,-257.614],"tool":false,"touchDistance":0.333333,"touchZone":"none","type":2,"width":18.9921},{"bases":[[[-0.495838,-0.865115,0.0756334],[-0.719183,0.457886,0.522605],[0.486745,-0.204733,0.849214]],[[-0.500565,-0.863076,0.0673413],[-0.636075,0.313911,-0.704889],[-0.587234,0.395677,0.706114]],[[-0.500565,-0.863076,0.0673413],[0.294011,-0.242653,-0.924487],[-0.814243,0.442967,-0.375218]],[[-0.500565,-0.863076,0.0673413],[0.665459,-0.433371,-0.607745],[-0.553714,0.259403,-0.791272]]],"btipPosition":[35.7303,279.103,12.9845],"carpPosition":[7.08852,301.069,72.5338],"dipPosition":[25.3875,283.949,-1.7957],"direction":[0.814243,-0.442967,0.375218],"extended":false,"handId":573,"id":5733,"length":64.4113,"mcpPosition":[-23.3931,313.891,19.3533],"pipPosition":[2.83731,296.217,-12.1872],"stabilizedTipPosition":[-40.4834,281.461,172.272],"timeVisible":0.461006,"tipPosition":[33.3045,280.099,7.72778],"tipVelocity":[58.0708,-21.8357,-211.203],"tool":false,"touchDistance":0.333333,"touchZone":"none","type":3,"width":18.0722},{"bases":[[[-0.310478,-0.946681,0.0860162],[-0.741702,0.297856,0.600966],[0.594543,-0.122788,0.794633]],[[-0.277392,-0.951992,0.129482],[-0.823853,0.166358,-0.54184],[-0.494286,0.256977,0.830448]],[[-0.277392,-0.951992,0.129482],[0.118633,-0.16768,-0.978678],[-0.953404,0.256117,-0.159451]],[[-0.277392,-0.951992,0.129482],[0.602564,-0.277357,-0.748324],[-0.748311,0.129558,-0.650573]]],"btipPosition":[18.4495,278.111,9.65193],"carpPosition":[3.90453,287.318,70.7441],"dipPosition":[5.5544,280.344,-1.55887],"direction":[0.953404,-0.256117,0.159451],"extended":false,"handId":573,"id":5734,"length":50.4973,"mcpPosition":[-30.561,294.436,24.6794],"pipPosition":[-13.0881,285.352,-4.67671],"stabilizedTipPosition":[-58.8743,287.468,182.694],"timeVisible":0.461006,"tipPosition":[15.161,278.492,5.45309],"tipVelocity":[67.7825,-25.8065,-207.767],"tool":false,"touchDistance":0.333333,"touchZone":"none","type":4,"width":16.0532}],"r":[[0.651238,0.74875,0.123541],[-0.667043,0.48717,0.563666],[0.36186,-0.449487,0.816712]],"s":0.723362,"t":[99.5354,-7.60296,-224.033],"timestamp":522707251547},false],[4,{"currentFrameRate":102.781,"devices":[],"gestures":[],"hands":[{"armBasis":[[-0.695009,-0.714611,0.0793346],[-0.711652,0.69944,0.0658337],[0.102535,0.0107037,0.994672]],"armWidth":63.703,"confidence":0.66501,"direction":[-0.491485,0.388031,-0.779663],"elbow":[48.005,296.304,342.375],"grabStrength":0,"id":573,"palmNormal":[0.525198,-0.582077,-0.620769],"palmPosition":[1.35707,317.295,28.487],"palmVelocity":[46.515,-44.2448,-216.87],"palmWidth":90.9658,"pinchStrength":1,"r":[[0.649954,0.749514,0.12565],[-0.667328,0.483755,0.566263],[0.363638,-0.451895,0.81459]],"s":0.726596,"sphereCenter":[15.9446,298.356,-10.584],"sphereRadius":41.6569,"stabilizedPalmPosition":[-61.7334,330.166,190.879],"t":[99.8759,-8.01687,-225.713],"timeVisible":0.469865,"type":"left","wrist":[20.3278,293.415,73.8857]}],"id":4196870,"interactionBox":{"center":[0,200,0],"size":[235.247,235.247,147.751]},"pointables":[{"bases":[[[-0.845202,0.308799,0.436208],[0.516025,0.683965,0.515666],[0.139113,-0.660935,0.737436]],[[-0.817904,0.572279,0.0594182],[0.564765,0.81828,-0.107046],[0.109881,0.0539957,0.992477]],[[-0.817904,0.572279,0.0594182],[0.345485,0.571084,-0.74465],[0.46008,0.588524,0.664805]],[[-0.817904,0.572279,0.0594182],[0.114607,0.263253,-0.957895],[0.563825,0.776656,0.280903]]],"btipPosition":[13.1211,265.241,-11.257],"carpPosition":[47.4791,306.168,67.5051],"dipPosition":[26.3131,283.413,-4.68462],"direction":[-0.46008,-0.588524,-0.664805],"extended":false,"handId":573,"id":5730,"length":52.1025,"mcpPosition":[47.4791,306.168,67.5051],"pipPosition":[41.9956,303.474,17.9763],"stabilizedTipPosition":[-36.6787,296.947,178.04],"timeVisible":0.469865,"tipPosition":[16.6544,270.302,-10.3393],"tipVelocity":[25.7857,-63.7862,-204.507],"tool":false,"touchDistance":-0.604167,"touchZone":"hovering","type":0,"width":20.2446},{"bases":[[[-0.76736,-0.639281,-0.0497863],[-0.573957,0.650178,0.497837],[0.285888,-0.410596,0.86584]],[[-0.700688,-0.704567,0.112344],[-0.684037,0.708163,0.174924],[0.202803,-0.0457195,0.978152]],[[-0.700688,-0.704567,0.112344],[-0.713306,0.695143,-0.0892817],[0.0151902,0.142694,0.98965]],[[-0.700688,-0.704567,0.112344],[-0.70335,0.655711,-0.274487],[-0.119729,0.271347,0.955006]]],"btipPosition":[-1.70632,340.016,-73.9585],"carpPosition":[26.3533,315.936,71.963],"dipPosition":[-3.75142,344.651,-57.646],"direction":[-0.0151902,-0.142694,-0.98965],"extended":true,"handId":573,"id":5731,"length":58.7918,"mcpPosition":[5.32622,346.136,8.28045],"pipPosition":[-3.38437,348.099,-33.7321],"stabilizedTipPosition":[-55.3177,331.436,83.1137],"timeVisible":0.469865,"tipPosition":[-3.07719,341.491,-69.8515],"tipVelocity":[35.2931,-4.69544,-208.181],"tool":false,"touchDistance":-0.643004,"touchZone":"hovering","type":1,"width":19.3376},{"bases":[[[-0.612516,-0.790286,-0.0164852],[-0.689009,0.523567,0.501142],[0.387414,-0.318316,0.865208]],[[-0.611015,-0.79151,-0.0131432],[-0.543496,0.431514,-0.720006],[-0.575563,0.432791,0.693844]],[[-0.611015,-0.79151,-0.0131432],[0.354848,-0.259012,-0.898329],[-0.707632,0.553557,-0.439126]],[[-0.611015,-0.79151,-0.0131432],[0.67282,-0.5105,-0.535446],[-0.417101,0.336009,-0.844467]]],"btipPosition":[44.5298,288.797,6.26047],"carpPosition":[15.8635,309.5,71.694],"dipPosition":[36.6937,295.11,-9.60453],"direction":[0.707632,-0.553557,0.439126],"extended":false,"handId":573,"id":5732,"length":66.9886,"mcpPosition":[-11.1584,331.702,11.3463],"pipPosition":[16.5766,310.847,-22.0884],"stabilizedTipPosition":[-23.4953,286.689,166.636],"timeVisible":0.469865,"tipPosition":[42.365,290.54,2.29608],"tipVelocity":[51.6706,-26.3659,-231.399],"tool":false,"touchDistance":0.333333,"touchZone":"none","type":2,"width":18.9921},{"bases":[[[-0.495134,-0.86572,0.073286],[-0.718309,0.455353,0.526009],[0.488748,-0.207803,0.847316]],[[-0.499783,-0.863694,0.0651839],[-0.636684,0.315312,-0.703713],[-0.58724,0.393205,0.707488]],[[-0.499783,-0.863694,0.0651839],[0.295684,-0.240867,-0.924421],[-0.814118,0.442736,-0.375762]],[[-0.499783,-0.863694,0.0651839],[0.667078,-0.431826,-0.60707],[-0.552471,0.25992,-0.791971]]],"btipPosition":[35.9296,278.907,11.7703],"carpPosition":[7.43971,300.573,71.234],"dipPosition":[25.61,283.762,-3.02296],"direction":[0.814118,-0.442736,0.375762],"extended":false,"handId":573,"id":5733,"length":64.4113,"mcpPosition":[-23.1673,313.587,18.1723],"pipPosition":[3.06335,296.023,-13.4295],"stabilizedTipPosition":[-40.3527,281.458,171.983],"timeVisible":0.469865,"tipPosition":[33.5145,279.908,6.55837],"tipVelocity":[48.5975,-21.8647,-191.208],"tool":false,"touchDistance":0.333333,"touchZone":"none","type":3,"width":18.0722},{"bases":[[[-0.309702,-0.94721,0.0829349],[-0.740556,0.294999,0.603782],[0.596374,-0.125575,0.792823]],[[-0.27655,-0.952669,0.126263],[-0.823729,0.167321,-0.541732],[-0.494965,0.253823,0.831014]],[[-0.27655,-0.952669,0.126263],[0.123154,-0.165437,-0.978501],[-0.953076,0.255055,-0.163077]],[[-0.27655,-0.952669,0.126263],[0.607058,-0.275035,-0.745544],[-0.744983,0.129532,-0.654386]]],"btipPosition":[18.6592,277.915,8.52598],"carpPosition":[4.26027,286.827,69.3966],"dipPosition":[5.82154,280.147,-2.75054],"direction":[0.953076,-0.255055,0.163077],"extended":false,"handId":573,"id":5734,"length":50.4973,"mcpPosition":[-30.3114,294.107,23.4369],"pipPosition":[-12.8145,285.134,-5.93928],"stabilizedTipPosition":[-58.7229,287.45,182.336],"timeVisible":0.469865,"tipPosition":[15.4008,278.299,4.33796],"tipVelocity":[56.2379,-24.8287,-186.374],"tool":false,"touchDistance":0.333333,"touchZone":"none","type":4,"width":16.0532}],"r":[[0.649954,0.749514,0.12565],[-0.667328,0.483755,0.566263],[0.363638,-0.451895,0.81459]],"s":0.726596,"t":[99.8759,-8.01687,-225.713],"timestamp":522707260406},false],[5,{"currentFrameRate":103.135,"devices":[],"gestures":[],"hands":[{"armBasis":[[-0.696936,-0.712072,0.0850491],[-0.709364,0.70193,0.0640071],[0.105276,0.0157218,0.994319]],"armWidth":63.703,"confidence":0.667002,"direction":[-0.493151,0.39059,-0.77733],"elbow":[49.2435,297.199,340.896],"grabStrength":0,"id":573,"palmNormal":[0.520562,-0.58342,-0.623407],"palmPosition":[1.76338,316.949,27.2016],"palmVelocity":[46.1036,-42.6227,-196.378],"palmWidth":90.9658,"pinchStrength":1,"r":[[0.649584,0.749614,0.126964],[-0.66674,0.481403,0.568955],[0.365376,-0.454236,0.812509]],"s":0.729388,"sphereCenter":[16.1599,298.031,-11.9366],"sphereRadius":41.6631,"stabilizedPalmPosition":[-61.7074,330.16,190.812],"t":[100.249,-8.39688,-227.196],"timeVisible":0.47889,"type":"left","wrist":[20.8265,292.956,72.5018]}],"id":4196871,"interactionBox":{"center":[0,200,0],"size":[235.247,235.247,147.751]},"pointables":[{"bases":[[[-0.842308,0.311503,0.439868],[0.520603,0.68156,0.514246],[0.139607,-0.66215,0.736252]],[[-0.815693,0.574961,0.0637477],[0.566706,0.816342,-0.111487],[0.116141,0.0548132,0.991719]],[[-0.815693,0.574961,0.0637477],[0.342673,0.569028,-0.747518],[0.466068,0.587901,0.661176]],[[-0.815693,0.574961,0.0637477],[0.109931,0.262254,-0.958717],[0.567943,0.775011,0.277125]]],"btipPosition":[13.0283,264.707,-12.4873],"carpPosition":[47.9992,305.615,66.025],"dipPosition":[26.3166,282.84,-6.00327],"direction":[-0.466068,-0.587901,-0.661176],"extended":false,"handId":573,"id":5730,"length":52.1025,"mcpPosition":[47.9992,305.615,66.025],"pipPosition":[42.2033,302.879,16.5339],"stabilizedTipPosition":[-36.6581,296.936,177.966],"timeVisible":0.47889,"tipPosition":[16.6019,269.758,-11.5956],"tipVelocity":[16.534,-62.8111,-186.359],"tool":false,"touchDistance":-0.590843,"touchZone":"hovering","type":0,"width":20.2446},{"bases":[[[-0.769912,-0.636393,-0.0473256],[-0.569558,0.651818,0.500736],[0.287817,-0.412477,0.864305]],[[-0.70294,-0.70201,0.114267],[-0.680951,0.710645,0.176886],[0.20538,-0.04653,0.977576]],[[-0.70294,-0.70201,0.114267],[-0.710987,0.697916,-0.0860876],[0.0193146,0.141757,0.989713]],[[-0.70294,-0.70201,0.114267],[-0.701959,0.658864,-0.270467],[-0.114584,0.270333,0.955924]]],"btipPosition":[-1.57217,339.749,-75.2248],"carpPosition":[26.9275,315.456,70.5763],"dipPosition":[-3.52938,344.367,-58.8966],"direction":[-0.0193146,-0.141757,-0.989713],"extended":true,"handId":573,"id":5731,"length":58.7918,"mcpPosition":[5.75859,345.794,7.00662],"pipPosition":[-3.06267,347.792,-34.9812],"stabilizedTipPosition":[-55.3098,331.438,83.0905],"timeVisible":0.47889,"tipPosition":[-2.90744,341.22,-71.1173],"tipVelocity":[30.287,-11.6638,-189.391],"tool":false,"touchDistance":-0.625977,"touchZone":"hovering","type":1,"width":19.3376},{"bases":[[[-0.615496,-0.788001,-0.0147849],[-0.685064,0.52563,0.50438],[0.389681,-0.320573,0.863355]],[[-0.614007,-0.789217,-0.0114957],[-0.544536,0.4341,-0.717661],[-0.57138,0.434389,0.696298]],[[-0.614007,-0.789217,-0.0114957],[0.350008,-0.259193,-0.900174],[-0.707453,0.556737,-0.435378]],[[-0.614007,-0.789217,-0.0114957],[0.668477,-0.512218,-0.539232],[-0.419682,0.338777,-0.842079]]],"btipPosition":[44.7631,288.294,4.76916],"carpPosition":[16.4131,309.059,70.3431],"dipPosition":[36.8785,294.659,-11.051],"direction":[0.707453,-0.556737,0.435378],"extended":false,"handId":573,"id":5732,"length":66.9886,"mcpPosition":[-10.7669,331.418,10.1246],"pipPosition":[16.7665,310.486,-23.4283],"stabilizedTipPosition":[-23.4339,286.692,166.484],"timeVisible":0.47889,"tipPosition":[42.5877,290.05,0.826206],"tipVelocity":[44.2239,-34.0843,-212.876],"tool":false,"touchDistance":0.333333,"touchZone":"none","type":2,"width":18.9921},{"bases":[[[-0.498037,-0.863954,0.0744461],[-0.714517,0.457501,0.5293],[0.49135,-0.210418,0.845162]],[[-0.502685,-0.861915,0.0664091],[-0.636946,0.317348,-0.70256],[-0.584472,0.395465,0.708519]],[[-0.502685,-0.861915,0.0664091],[0.294938,-0.243209,-0.924046],[-0.812601,0.444917,-0.376469]],[[-0.502685,-0.861915,0.0664091],[0.665858,-0.435041,-0.606113],[-0.551309,0.260465,-0.792601]]],"btipPosition":[36.0941,278.49,10.5647],"carpPosition":[7.95451,300.164,69.9083],"dipPosition":[25.7962,283.355,-4.24028],"direction":[0.812601,-0.444917,0.376469],"extended":false,"handId":573,"id":5733,"length":64.4113,"mcpPosition":[-22.8155,313.341,16.9815],"pipPosition":[3.29157,295.677,-14.6664],"stabilizedTipPosition":[-40.2355,281.455,171.722],"timeVisible":0.47889,"tipPosition":[33.6846,279.493,5.39165],"tipVelocity":[40.3907,-28.4966,-175.429],"tool":false,"touchDistance":0.333333,"touchZone":"none","type":3,"width":18.0722},{"bases":[[[-0.31287,-0.946138,0.0832782],[-0.737046,0.297156,0.60701],[0.599062,-0.128536,0.790318]],[[-0.27959,-0.951758,0.126439],[-0.824101,0.170322,-0.540229],[-0.492632,0.255241,0.831965]],[[-0.27959,-0.951758,0.126439],[0.124246,-0.166449,-0.978191],[-0.952046,0.257783,-0.16479]],[[-0.27959,-0.951758,0.126439],[0.6082,-0.277466,-0.743711],[-0.742915,0.131034,-0.656436]]],"btipPosition":[18.8219,277.561,7.38044],"carpPosition":[4.71695,286.431,68.0707],"dipPosition":[6.01982,279.819,-3.9314],"direction":[0.952046,-0.257783,0.16479],"extended":false,"handId":573,"id":5734,"length":50.4973,"mcpPosition":[-30.0105,293.882,22.2561],"pipPosition":[-12.5961,284.86,-7.15363],"stabilizedTipPosition":[-58.5895,287.433,182.018],"timeVisible":0.47889,"tipPosition":[15.5845,277.953,3.21396],"tipVelocity":[45.9692,-28.5931,-170.261],"tool":false,"touchDistance":0.333333,"touchZone":"none","type":4,"width":16.0532}],"r":[[0.649584,0.749614,0.126964],[-0.66674,0.481403,0.568955],[0.365376,-0.454236,0.812509]],"s":0.729388,"t":[100.249,-8.39688,-227.196],"timestamp":522707269431},false],[6,{"currentFrameRate":103.447,"devices":[],"gestures":[],"hands":[{"armBasis":[[-0.695413,-0.713702,0.0838442],[-0.710615,0.700335,0.0675091],[0.1069,0.0126341,0.994189]],"armWidth":63.703,"confidence":0.671922,"direction":[-0.495465,0.395826,-0.773199],"elbow":[50.1821,296.122,338.236],"grabStrength":0,"id":573,"palmNormal":[0.520015,-0.577837,-0.629038],"palmPosition":[2.12686,317.025,24.8044],"palmVelocity":[44.4277,-28.5169,-215.108],"palmWidth":90.9658,"pinchStrength":1,"r":[[0.649126,0.749684,0.128879],[-0.666149,0.478439,0.572137],[0.367262,-0.457241,0.809969]],"s":0.731933,"sphereCenter":[16.4723,298.453,-14.4878],"sphereRadius":41.6705,"stabilizedPalmPosition":[-61.6855,330.156,190.755],"t":[100.618,-8.54885,-229.136],"timeVisible":0.487967,"type":"left","wrist":[21.3267,292.712,69.8759]}],"id":4196872,"interactionBox":{"center":[0,200,0],"size":[235.247,235.247,147.751]},"pointables":[{"bases":[[[-0.841773,0.306864,0.444131],[0.520758,0.678354,0.518311],[0.142227,-0.667585,0.730822]],[[-0.81644,0.573152,0.0701661],[0.565051,0.818043,-0.107345],[0.118924,0.0479932,0.991743]],[[-0.81644,0.573152,0.0701661],[0.339677,0.574983,-0.744321],[0.466953,0.58386,0.664126]],[[-0.81644,0.573152,0.0701661],[0.107406,0.270132,-0.956814],[0.567353,0.773645,0.282107]]],"btipPosition":[13.34,265.063,-15.2945],"carpPosition":[48.4662,305.461,63.436],"dipPosition":[26.6146,283.164,-8.69391],"direction":[-0.466953,-0.58386,-0.664126],"extended":false,"handId":573,"id":5730,"length":52.1025,"mcpPosition":[48.4662,305.461,63.436],"pipPosition":[42.5314,303.066,13.9438],"stabilizedTipPosition":[-36.6422,296.928,177.909],"timeVisible":0.487967,"tipPosition":[16.9028,270.094,-14.3535],"tipVelocity":[21.3635,-34.8063,-219.535],"tool":false,"touchDistance":-0.601798,"touchZone":"hovering","type":0,"width":20.2446},{"bases":[[[-0.769085,-0.637149,-0.0505014],[-0.569386,0.647104,0.507007],[0.290359,-0.418686,0.860461]],[[-0.70176,-0.703835,0.110221],[-0.681814,0.708387,0.182529],[0.20655,-0.0529418,0.977003]],[[-0.70176,-0.703835,0.110221],[-0.712104,0.697571,-0.0793912],[0.0210084,0.134202,0.990731]],[[-0.70176,-0.703835,0.110221],[-0.703475,0.660179,-0.263224],[-0.112501,0.262257,0.958418]]],"btipPosition":[-1.42297,340.582,-77.4509],"carpPosition":[27.3904,315.236,68.11],"dipPosition":[-3.3446,345.061,-61.0802],"direction":[-0.0210084,-0.134202,-0.990731],"extended":true,"handId":573,"id":5731,"length":58.7918,"mcpPosition":[6.03454,346.03,4.82303],"pipPosition":[-2.83696,348.304,-37.1402],"stabilizedTipPosition":[-55.3036,331.439,83.0725],"timeVisible":0.487967,"tipPosition":[-2.73798,342.013,-73.3352],"tipVelocity":[26.7058,15.9548,-204.543],"tool":false,"touchDistance":-0.624958,"touchZone":"hovering","type":1,"width":19.3376},{"bases":[[[-0.614375,-0.788774,-0.0194729],[-0.684699,0.520721,0.509938],[0.392086,-0.326626,0.859991]],[[-0.612896,-0.789997,-0.0162384],[-0.546572,0.438703,-0.713301],[-0.57063,0.428304,0.700669]],[[-0.612896,-0.789997,-0.0162384],[0.348093,-0.251495,-0.903095],[-0.709359,0.559156,-0.429133]],[[-0.612896,-0.789997,-0.0162384],[0.667727,-0.50683,-0.545219],[-0.422491,0.345005,-0.838136]]],"btipPosition":[45.1379,288.59,2.04949],"carpPosition":[16.8848,308.825,67.8511],"dipPosition":[37.2006,295.072,-13.6966],"direction":[0.709359,-0.559156,0.429133],"extended":false,"handId":573,"id":5732,"length":66.9886,"mcpPosition":[-10.4629,331.607,7.86723],"pipPosition":[17.0343,310.968,-25.8963],"stabilizedTipPosition":[-23.3864,286.694,166.364],"timeVisible":0.487967,"tipPosition":[42.9503,290.374,-1.86467],"tipVelocity":[43.0437,-14.8222,-236.348],"tool":false,"touchDistance":0.333333,"touchZone":"none","type":2,"width":18.9921},{"bases":[[[-0.496604,-0.865237,0.0689085],[-0.713996,0.452359,0.534398],[0.493553,-0.216184,0.842419]],[[-0.501249,-0.863155,0.0609397],[-0.635701,0.319552,-0.702688],[-0.587055,0.390961,0.708884]],[[-0.501249,-0.863155,0.0609397],[0.302189,-0.240608,-0.922383],[-0.810821,0.443928,-0.38144]],[[-0.501249,-0.863155,0.0609397],[0.671594,-0.43248,-0.6016],[-0.545629,0.260625,-0.796469]]],"btipPosition":[36.4,278.834,8.38859],"carpPosition":[8.43835,299.921,67.3668],"dipPosition":[26.2082,283.702,-6.48868],"direction":[0.810821,-0.443928,0.38144],"extended":false,"handId":573,"id":5733,"length":64.4113,"mcpPosition":[-22.4696,313.46,14.6117],"pipPosition":[3.75284,295.996,-17.0525],"stabilizedTipPosition":[-40.1449,281.453,171.519],"timeVisible":0.487967,"tipPosition":[34.0236,279.843,3.1857],"tipVelocity":[39.2841,-10.113,-193.723],"tool":false,"touchDistance":0.333333,"touchZone":"none","type":3,"width":18.0722},{"bases":[[[-0.311298,-0.947212,0.0766946],[-0.736116,0.291388,0.610923],[0.601021,-0.133723,0.787967]],[[-0.277863,-0.953121,0.1198],[-0.824213,0.172487,-0.539372],[-0.493423,0.248612,0.833502]],[[-0.277863,-0.953121,0.1198],[0.128115,-0.160365,-0.978708],[-0.952039,0.256598,-0.166668]],[[-0.277863,-0.953121,0.1198],[0.612058,-0.271778,-0.742646],[-0.74039,0.133029,-0.658882]]],"btipPosition":[19.1924,277.852,4.90137],"carpPosition":[5.21677,286.198,65.4308],"dipPosition":[6.43387,280.144,-6.45262],"direction":[0.952039,-0.256598,0.166668],"extended":false,"handId":573,"id":5734,"length":50.4973,"mcpPosition":[-29.6243,293.95,19.7525],"pipPosition":[-12.1819,285.162,-9.71159],"stabilizedTipPosition":[-58.4846,287.421,181.766],"timeVisible":0.487967,"tipPosition":[15.9759,278.262,0.748344],"tipVelocity":[44.8507,-11.5806,-199.003],"tool":false,"touchDistance":0.333333,"touchZone":"none","type":4,"width":16.0532}],"r":[[0.649126,0.749684,0.128879],[-0.666149,0.478439,0.572137],[0.367262,-0.45724