{"sensorType":"Leap","data":[[0,{"currentFrameRate":103.189,"devices":[],"gestures":[],"hands":[{"armBasis":[[0.924887,-0.359842,-0.122871],[0.365563,0.930397,0.0269239],[0.104631,-0.0698186,0.992057]],"armWidth":63.703,"confidence":0.77141,"direction":[0.29923,0.249834,-0.920893],"elbow":[22.3902,294.475,361.383],"grabStrength":0,"id":580,"palmNormal":[-0.28542,-0.897489,-0.336227],"palmPosition":[2.13025,325.702,40.9286],"palmVelocity":[13.8473,-12.0646,-252.596],"palmWidth":90.9658,"pinchStrength":0.685146,"r":[[0.808057,0.58909,0.00411279],[-0.587278,0.80608,-0.0730691],[-0.0463595,0.0566286,0.997318]],"s":1.07656,"sphereCenter":[-2.20337,290.236,11.9143],"sphereRadius":44.746,"stabilizedPalmPosition":[-60.9475,334.788,304.259],"t":[65.6139,-8.85448,-269.946],"timeVisible":0.469982,"type":"right","wrist":[-5.85256,313.321,93.5989]}],"id":4198507,"interactionBox":{"center":[0,200,0],"size":[235.247,235.247,147.751]},"pointables":[{"bases":[[[0.680056,0.705238,0.200407],[-0.721894,0.596371,0.351013],[0.128031,-0.383381,0.914673]],[[0.547685,0.802429,-0.236957],[-0.831923,0.552445,-0.0520474],[0.0891413,0.225635,0.970125]],[[0.547685,0.802429,-0.236957],[-0.830362,0.486542,-0.271617],[-0.102664,0.345521,0.932778]],[[0.547685,0.802429,-0.236957],[-0.488235,0.0765176,-0.869352],[-0.679462,0.591821,0.433681]]],"btipPosition":[-20.9589,276.25,-2.85825],"carpPosition":[-35.9074,313.135,87.4973],"dipPosition":[-36.8565,290.097,7.28875],"direction":[0.102664,-0.345521,-0.932778],"extended":false,"handId":580,"id":5800,"length":52.1025,"mcpPosition":[-35.9074,313.135,87.4973],"pipPosition":[-40.356,301.874,39.0839],"stabilizedTipPosition":[-79.2056,306.808,211.41],"timeVisible":0.469982,"tipPosition":[-25.0315,279.669,-1.02001],"tipVelocity":[-11.1209,2.00733,-228.885],"tool":false,"touchDistance":-0.605975,"touchZone":"hovering","type":0,"width":20.2446},{"bases":[[[0.947808,-0.316343,0.0398282],[0.303342,0.933146,0.192928],[-0.0981969,-0.170777,0.980404]],[[0.929131,-0.334578,0.157396],[0.355552,0.925293,-0.131967],[-0.101484,0.178577,0.978678]],[[0.929131,-0.334578,0.157396],[0.364451,0.900512,-0.237177],[-0.0623824,0.277732,0.958631]],[[0.929131,-0.334578,0.157396],[0.368189,0.876285,-0.310743],[-0.0339557,0.346672,0.937371]]],"btipPosition":[-6.11686,322.679,-67.5105],"carpPosition":[-19.7855,330.421,85.809],"dipPosition":[-6.69686,328.6,-51.4992],"direction":[0.0623824,-0.277732,-0.958631],"extended":true,"handId":580,"id":5801,"length":58.7918,"mcpPosition":[-12.5631,342.982,13.7003],"pipPosition":[-8.20426,335.311,-28.3349],"stabilizedTipPosition":[-71.0227,337.446,189.995],"timeVisible":0.469982,"tipPosition":[-6.83464,322.255,-63.2221],"tipVelocity":[-0.758891,58.5213,-270.43],"tool":false,"touchDistance":-0.733551,"touchZone":"hovering","type":1,"width":19.3376},{"bases":[[[0.860135,-0.49092,0.138441],[0.456984,0.862255,0.218362],[-0.22657,-0.124555,0.965998]],[[0.855663,-0.493203,0.156818],[0.32137,0.268846,-0.907988],[0.405663,0.827328,0.388543]],[[0.855663,-0.493203,0.156818],[-0.302223,-0.722165,-0.622205],[0.420122,0.485004,-0.766987]],[[0.855663,-0.493203,0.156818],[-0.48069,-0.869667,-0.112324],[0.191778,0.0207308,-0.981219]]],"btipPosition":[-26.9607,282.9,40.183],"carpPosition":[-7.66939,328.257,86.045],"dipPosition":[-23.3578,283.29,21.7488],"direction":[-0.420122,-0.485004,0.766987],"extended":false,"handId":580,"id":5802,"length":66.9886,"mcpPosition":[8.13371,336.945,18.6672],"pipPosition":[-11.4142,297.078,-0.0557185],"stabilizedTipPosition":[-76.3589,299.139,233.555],"timeVisible":0.469982,"tipPosition":[-26.0363,283.001,35.5568],"tipVelocity":[-25.1621,4.92463,-240.636],"tool":false,"touchDistance":0.333333,"touchZone":"none","type":2,"width":18.9921},{"bases":[[[0.780505,-0.567493,0.262229],[0.509813,0.820568,0.258377],[-0.361804,-0.0679767,0.929773]],[[0.775633,-0.568345,0.27455],[0.433985,0.164366,-0.8858],[0.458313,0.806206,0.374141]],[[0.775633,-0.568345,0.27455],[-0.32011,-0.729091,-0.604943],[0.543988,0.381327,-0.74744]],[[0.775633,-0.568345,0.27455],[-0.556629,-0.820996,-0.127005],[0.297587,-0.0543136,-0.953148]]],"btipPosition":[-14.9987,281.835,50.7077],"carpPosition":[3.43994,323.136,87.1412],"dipPosition":[-9.44003,280.821,32.9039],"direction":[-0.543988,-0.381327,0.74744],"extended":false,"handId":580,"id":5803,"length":64.4113,"mcpPosition":[26.0973,327.393,28.9158],"pipPosition":[5.62552,291.381,12.2038],"stabilizedTipPosition":[-67.3734,294.973,247.08],"timeVisible":0.469982,"tipPosition":[-13.6086,281.639,46.317],"tipVelocity":[-21.504,-5.93362,-250.675],"tool":false,"touchDistance":0.333333,"touchZone":"none","type":3,"width":18.0722},{"bases":[[[0.638347,-0.699274,0.321758],[0.591023,0.713062,0.37714],[-0.493157,-0.0505797,0.868469]],[[0.661908,-0.695926,0.278505],[0.523554,0.163324,-0.836192],[0.536441,0.699294,0.47246]],[[0.661908,-0.695926,0.278505],[-0.370697,-0.626836,-0.685317],[0.651507,0.350376,-0.672886]],[[0.661908,-0.695926,0.278505],[-0.654034,-0.717714,-0.239012],[0.366221,-0.0239476,-0.93022]]],"btipPosition":[1.99944,283.301,51.2669],"carpPosition":[11.4244,311.527,89.1261],"dipPosition":[8.31024,282.888,35.2371],"direction":[-0.651507,-0.350376,0.672886],"extended":false,"handId":580,"id":5804,"length":50.4973,"mcpPosition":[40.0126,314.459,38.7812],"pipPosition":[21.0495,289.739,22.0798],"stabilizedTipPosition":[-48.8552,292.942,249.131],"timeVisible":0.469982,"tipPosition":[3.79427,283.046,47.0443],"tipVelocity":[-20.584,-13.3001,-244.975],"tool":false,"touchDistance":0.333333,"touchZone":"none","type":4,"width":16.0532}],"r":[[0.808057,0.58909,0.00411279],[-0.587278,0.80608,-0.0730691],[-0.0463595,0.0566286,0.997318]],"s":1.07656,"t":[65.6139,-8.85448,-269.946],"timestamp":522724625834},false],[1,{"currentFrameRate":103.482,"devices":[],"gestures":[],"hands":[{"armBasis":[[0.921016,-0.3642,-0.138163],[0.369401,0.929177,0.0131567],[0.123586,-0.063155,0.990322]],"armWidth":63.703,"confidence":0.773367,"direction":[0.299744,0.249052,-0.920938],"elbow":[27.3171,296.368,359.16],"grabStrength":0,"id":580,"palmNormal":[-0.286532,-0.897255,-0.335907],"palmPosition":[1.96743,325.764,39.1705],"palmVelocity":[5.04735,-6.8285,-236.058],"palmWidth":90.9658,"pinchStrength":0.690646,"r":[[0.811527,0.584314,0.0009652],[-0.582672,0.809368,-0.073603],[-0.0437885,0.0591684,0.997287]],"s":1.07816,"sphereCenter":[-2.77832,290.639,10.0404],"sphereRadius":44.6845,"stabilizedPalmPosition":[-60.9474,334.788,304.259],"t":[65.5778,-8.90391,-271.831],"timeVisible":0.479092,"type":"right","wrist":[-6.04231,313.416,91.8444]}],"id":4198508,"interactionBox":{"center":[0,200,0],"size":[235.247,235.247,147.751]},"pointables":[{"bases":[[[0.680943,0.704427,0.200247],[-0.72118,0.597468,0.350616],[0.127342,-0.383163,0.914861]],[[0.550105,0.801538,-0.234354],[-0.830616,0.554196,-0.0542633],[0.0863838,0.224508,0.970636]],[[0.550105,0.801538,-0.234354],[-0.828372,0.488211,-0.27468],[-0.105752,0.345235,0.932539]],[[0.550105,0.801538,-0.234354],[-0.483247,0.0766679,-0.87212],[-0.68107,0.593009,0.429516]]],"btipPosition":[-20.8671,276.42,-4.53861],"carpPosition":[-36.0962,313.266,85.7368],"dipPosition":[-36.8024,290.294,5.51094],"direction":[0.105752,-0.345235,-0.932539],"extended":false,"handId":580,"id":5800,"length":52.1025,"mcpPosition":[-36.0962,313.266,85.7368],"pipPosition":[-40.4071,302.062,37.2979],"stabilizedTipPosition":[-79.2054,306.808,211.409],"timeVisible":0.479092,"tipPosition":[-25.0226,279.79,-2.69391],"tipVelocity":[-5.50465,6.81894,-217.241],"tool":false,"touchDistance":-0.599253,"touchZone":"hovering","type":0,"width":20.2446},{"bases":[[[0.947383,-0.317572,0.0401536],[0.30453,0.932828,0.192596],[-0.0986195,-0.170234,0.980456]],[[0.92891,-0.335577,0.156569],[0.355517,0.926471,-0.123526],[-0.103604,0.170408,0.979912]],[[0.92891,-0.335577,0.156569],[0.364613,0.902705,-0.22843],[-0.06468,0.269278,0.960888]],[[0.92891,-0.335577,0.156569],[0.368524,0.879165,-0.302091],[-0.0362755,0.338314,0.940334]]],"btipPosition":[-6.06523,323.447,-69.4369],"carpPosition":[-19.9511,330.531,84.0445],"dipPosition":[-6.68486,329.225,-53.375],"direction":[0.06468,-0.269278,-0.960888],"extended":true,"handId":580,"id":5801,"length":58.7918,"mcpPosition":[-12.6977,343.051,11.932],"pipPosition":[-8.24778,335.732,-30.1562],"stabilizedTipPosition":[-71.0215,337.446,189.99],"timeVisible":0.479092,"tipPosition":[-6.7836,322.988,-65.1548],"tipVelocity":[0.746207,64.6664,-253.717],"tool":false,"touchDistance":-0.717251,"touchZone":"hovering","type":1,"width":19.3376},{"bases":[[[0.85946,-0.491992,0.138822],[0.458074,0.861745,0.218091],[-0.226928,-0.123849,0.966005]],[[0.854979,-0.494263,0.157208],[0.322957,0.270156,-0.907036],[0.405844,0.826269,0.390603]],[[0.854979,-0.494263,0.157208],[-0.301492,-0.720244,-0.624781],[0.422035,0.486778,-0.76481]],[[0.854979,-0.494263,0.157208],[-0.481172,-0.86901,-0.115309],[0.193608,0.0229424,-0.980811]]],"btipPosition":[-27.2017,282.904,38.2525],"carpPosition":[-7.83796,328.351,84.2839],"dipPosition":[-23.5644,283.335,19.826],"direction":[-0.422035,-0.486778,0.76481],"extended":false,"handId":580,"id":5802,"length":66.9886,"mcpPosition":[7.99017,336.99,16.9056],"pipPosition":[-11.5665,297.174,-1.91662],"stabilizedTipPosition":[-76.3586,299.139,233.554],"timeVisible":0.479092,"tipPosition":[-26.2691,283.046,33.7209],"tipVelocity":[-25.2804,3.96569,-232.612],"tool":false,"touchDistance":0.333333,"touchZone":"none","type":2,"width":18.9921},{"bases":[[[0.779705,-0.568408,0.262627],[0.51084,0.820005,0.258135],[-0.362081,-0.0671086,0.929728]],[[0.774784,-0.569256,0.275059],[0.435732,0.165565,-0.884718],[0.458091,0.805317,0.37632]],[[0.774784,-0.569256,0.275059],[-0.318934,-0.727569,-0.607391],[0.545885,0.382872,-0.745264]],[[0.774784,-0.569256,0.275059],[-0.556776,-0.820473,-0.129711],[0.299517,-0.0526483,-0.952637]]],"btipPosition":[-15.2355,281.826,48.7866],"carpPosition":[3.26441,323.215,85.3845],"dipPosition":[-9.64083,280.843,30.9923],"direction":[-0.545885,-0.382872,0.745264],"extended":false,"handId":580,"id":5803,"length":64.4113,"mcpPosition":[25.9391,327.418,27.1619],"pipPosition":[5.47726,291.446,10.3525],"stabilizedTipPosition":[-67.3732,294.973,247.079],"timeVisible":0.479092,"tipPosition":[-13.8405,281.668,44.482],"tipVelocity":[-22.4981,-4.33605,-239.567],"tool":false,"touchDistance":0.333333,"touchZone":"none","type":3,"width":18.0722},{"bases":[[[0.637362,-0.699977,0.322182],[0.591885,0.712443,0.376959],[-0.493399,-0.0495647,0.86839]],[[0.66053,-0.696752,0.279709],[0.524348,0.161456,-0.836057],[0.537364,0.698905,0.471987]],[[0.66053,-0.696752,0.279709],[-0.371106,-0.626841,-0.685092],[0.652672,0.348722,-0.672616]],[[0.66053,-0.696752,0.279709],[-0.654879,-0.716871,-0.239229],[0.367198,-0.0251577,-0.929802]]],"btipPosition":[1.74999,283.379,49.5255],"carpPosition":[11.2332,311.597,87.3759],"dipPosition":[8.07762,282.946,33.5029],"direction":[-0.652672,-0.348722,0.672616],"extended":false,"handId":580,"id":5804,"length":50.4973,"mcpPosition":[39.8354,314.471,37.0355],"pipPosition":[20.8397,289.764,20.3509],"stabilizedTipPosition":[-48.855,292.942,249.13],"timeVisible":0.479092,"tipPosition":[3.55051,283.119,45.3171],"tipVelocity":[-22.352,-7.37329,-229.993],"tool":false,"touchDistance":0.333333,"touchZone":"none","type":4,"width":16.0532}],"r":[[0.811527,0.584314,0.0009652],[-0.582672,0.809368,-0.073603],[-0.0437885,0.0591684,0.997287]],"s":1.07816,"t":[65.5778,-8.90391,-271.831],"timestamp":522724634944},false],[2,{"currentFrameRate":103.815,"devices":[],"gestures":[],"hands":[{"armBasis":[[0.920755,-0.362536,-0.144143],[0.367451,0.930008,0.00812316],[0.131109,-0.0604447,0.989524]],"armWidth":63.703,"confidence":0.783037,"direction":[0.299132,0.250869,-0.920644],"elbow":[29.177,297.185,357.677],"grabStrength":0,"id":580,"palmNormal":[-0.283473,-0.8979,-0.336776],"palmPosition":[1.76816,325.922,37.9155],"palmVelocity":[-2.4183,-0.121832,-209.49],"palmWidth":90.9658,"pinchStrength":0.693324,"r":[[0.813893,0.581013,-0.00140728],[-0.579509,0.811606,-0.0739274],[-0.0418107,0.0609845,0.997263]],"s":1.07953,"sphereCenter":[-3.21104,291.142,8.63204],"sphereRadius":44.6268,"stabilizedPalmPosition":[-60.9474,334.788,304.259],"t":[65.4601,-8.84945,-273.4],"timeVisible":0.488098,"type":"right","wrist":[-6.21291,313.501,90.5764]}],"id":4198509,"interactionBox":{"center":[0,200,0],"size":[235.247,235.247,147.751]},"pointables":[{"bases":[[[0.678554,0.706505,0.201038],[-0.723242,0.594757,0.350978],[0.128399,-0.383557,0.914548]],[[0.548869,0.803488,-0.230541],[-0.831827,0.552226,-0.0557686],[0.0825012,0.22238,0.971463]],[[0.548869,0.803488,-0.230541],[-0.828572,0.486494,-0.277112],[-0.1105,0.343118,0.93277]],[[0.548869,0.803488,-0.230541],[-0.479383,0.0766251,-0.874254],[-0.684788,0.590369,0.427236]]],"btipPosition":[-20.593,276.65,-5.80969],"carpPosition":[-36.2647,313.257,84.4616],"dipPosition":[-36.6153,290.463,4.1865],"direction":[0.1105,-0.343118,-0.93277],"extended":false,"handId":580,"id":5800,"length":52.1025,"mcpPosition":[-36.2647,313.257,84.4616],"pipPosition":[-40.3818,302.159,35.9814],"stabilizedTipPosition":[-79.2052,306.808,211.408],"timeVisible":0.488098,"tipPosition":[-24.8348,279.951,-3.94339],"tipVelocity":[3.75793,11.5459,-196.707],"tool":false,"touchDistance":-0.586911,"touchZone":"hovering","type":0,"width":20.2446},{"bases":[[[0.948423,-0.314462,0.0400949],[0.301387,0.933661,0.193502],[-0.098284,-0.171438,0.98028]],[[0.930225,-0.332478,0.155369],[0.351208,0.929323,-0.114071],[-0.106462,0.160678,0.981248]],[[0.930225,-0.332478,0.155369],[0.360644,0.906564,-0.219268],[-0.0679502,0.260001,0.963214]],[[0.930225,-0.332478,0.155369],[0.364834,0.883617,-0.293456],[-0.039719,0.329664,0.943262]]],"btipPosition":[-6.05483,324.37,-70.8436],"carpPosition":[-20.1767,330.576,82.7885],"dipPosition":[-6.73328,330.001,-54.7317],"direction":[0.0679502,-0.260001,-0.963215],"extended":true,"handId":580,"id":5801,"length":58.7918,"mcpPosition":[-12.9479,343.185,10.6889],"pipPosition":[-8.37522,336.284,-31.4566],"stabilizedTipPosition":[-71.0196,337.445,189.983],"timeVisible":0.488098,"tipPosition":[-6.77034,323.872,-66.57],"tipVelocity":[0.445749,74.0433,-226.574],"tool":false,"touchDistance":-0.694787,"touchZone":"hovering","type":1,"width":19.3376},{"bases":[[[0.861056,-0.48926,0.138587],[0.455159,0.863066,0.21897],[-0.226743,-0.125466,0.965839]],[[0.85658,-0.491562,0.156964],[0.322771,0.273075,-0.906228],[0.402604,0.82692,0.392573]],[[0.85658,-0.491562,0.156964],[-0.298109,-0.719696,-0.627031],[0.421192,0.49031,-0.763016]],[[0.85658,-0.491562,0.156964],[-0.477883,-0.87045,-0.118087],[0.194677,0.0261407,-0.980519]]],"btipPosition":[-27.2731,282.91,36.8576],"carpPosition":[-8.05636,328.437,83.0288],"dipPosition":[-23.6157,283.402,18.4366],"direction":[-0.421192,-0.49031,0.763016],"extended":false,"handId":580,"id":5802,"length":66.9886,"mcpPosition":[7.75883,337.188,15.662],"pipPosition":[-11.6417,297.341,-3.25508],"stabilizedTipPosition":[-76.3584,299.139,233.553],"timeVisible":0.488098,"tipPosition":[-26.3362,283.084,32.3767],"tipVelocity":[-20.3704,3.49066,-211.22],"tool":false,"touchDistance":0.333333,"touchZone":"none","type":2,"width":18.9921},{"bases":[[[0.781526,-0.566051,0.262304],[0.508054,0.821465,0.258989],[-0.362074,-0.0691419,0.929581]],[[0.776551,-0.566936,0.274867],[0.436894,0.170196,-0.883265],[0.453973,0.805988,0.379857]],[[0.776551,-0.566936,0.274867],[-0.314181,-0.72659,-0.61103],[0.54613,0.388138,-0.742354]],[[0.776551,-0.566936,0.274867],[-0.553046,-0.822352,-0.133709],[0.301842,-0.048182,-0.95214]]],"btipPosition":[-15.3039,281.816,47.2909],"carpPosition":[3.06274,323.337,84.1275],"dipPosition":[-9.66576,280.916,29.5059],"direction":[-0.54613,-0.388138,0.742354],"extended":false,"handId":580,"id":5803,"length":64.4113,"mcpPosition":[25.737,327.667,25.914],"pipPosition":[5.45911,291.665,8.94668],"stabilizedTipPosition":[-67.373,294.973,247.079],"timeVisible":0.488098,"tipPosition":[-13.9034,281.708,43.0747],"tipVelocity":[-18.098,-2.8831,-219.312],"tool":false,"touchDistance":0.333333,"touchZone":"none","type":3,"width":18.0722},{"bases":[[[0.639607,-0.698146,0.321707],[0.589428,0.714066,0.377736],[-0.493435,-0.0519792,0.868228]],[[0.662321,-0.694889,0.280108],[0.524926,0.163628,-0.835272],[0.534588,0.700254,0.473139]],[[0.662321,-0.694889,0.280108],[-0.367939,-0.627352,-0.686331],[0.65265,0.351509,-0.671185]],[[0.662321,-0.694889,0.280108],[-0.652129,-0.718749,-0.241096],[0.368863,-0.0229832,-0.9292]]],"btipPosition":[1.65837,283.526,48.1903],"carpPosition":[11.0696,311.743,86.1104],"dipPosition":[8.01469,283.13,32.1781],"direction":[-0.65265,-0.351509,0.671185],"extended":false,"handId":580,"id":5804,"length":50.4973,"mcpPosition":[39.6739,314.757,35.7794],"pipPosition":[20.7763,290.003,19.054],"stabilizedTipPosition":[-48.8549,292.941,249.129],"timeVisible":0.488098,"tipPosition":[3.46556,283.281,44.0156],"tipVelocity":[-18.8047,-0.61819,-207.465],"tool":false,"touchDistance":0.333333,"touchZone":"none","type":4,"width":16.0532}],"r":[[0.813893,0.581013,-0.00140728],[-0.579509,0.811606,-0.0739274],[-0.0418107,0.0609845,0.997263]],"s":1.07953,"t":[65.4601,-8.84945,-273.4],"timestamp":522724643950},false],[3,{"currentFrameRate":104.024,"devices":[],"gestures":[],"hands":[{"armBasis":[[0.922196,-0.361171,-0.138236],[0.365322,0.930868,0.00503539],[0.12686,-0.0551442,0.990387]],"armWidth":63.703,"confidence":0.791093,"direction":[0.295682,0.251313,-0.921637],"elbow":[28.2592,298.88,356.671],"grabStrength":0,"id":580,"palmNormal":[-0.282118,-0.898772,-0.335588],"palmPosition":[1.80492,326.188,36.6485],"palmVelocity":[-0.623193,7.98618,-189.298],"palmWidth":90.9658,"pinchStrength":0.693684,"r":[[0.815465,0.578793,-0.00383939],[-0.577446,0.813077,-0.0739031],[-0.0396529,0.0624825,0.997258]],"s":1.08069,"sphereCenter":[-3.36376,291.562,7.31666],"sphereRadius":44.6104,"stabilizedPalmPosition":[-60.9474,334.788,304.258],"t":[65.4196,-8.68941,-274.818],"timeVisible":0.497317,"type":"right","wrist":[-5.98398,313.765,89.3378]}],"id":4198510,"interactionBox":{"center":[0,200,0],"size":[235.247,235.247,147.751]},"pointables":[{"bases":[[[0.67729,0.708369,0.198725],[-0.723745,0.592977,0.352947],[0.132177,-0.382874,0.914296]],[[0.54718,0.804779,-0.230053],[-0.832839,0.550901,-0.0537235],[0.0835011,0.220994,0.971694]],[[0.54718,0.804779,-0.230053],[-0.829836,0.485673,-0.274762],[-0.109392,0.341251,0.933585]],[[0.54718,0.804779,-0.230053],[-0.481846,0.0781253,-0.872766],[-0.684411,0.588411,0.430528]]],"btipPosition":[-20.4782,277.012,-7.07351],"carpPosition":[-36.0533,313.439,83.3141],"dipPosition":[-36.4916,290.779,2.99971],"direction":[0.109392,-0.341251,-0.933585],"extended":false,"handId":580,"id":5800,"length":52.1025,"mcpPosition":[-36.0533,313.439,83.3141],"pipPosition":[-40.2204,302.411,34.8224],"stabilizedTipPosition":[-79.205,306.808,211.408],"timeVisible":0.497317,"tipPosition":[-24.7125,280.229,-5.12986],"tipVelocity":[6.25758,18.9737,-179.461],"tool":false,"touchDistance":-0.575245,"touchZone":"hovering","type":0,"width":20.2446},{"bases":[[[0.949367,-0.311942,0.0373402],[0.299504,0.934526,0.192247],[-0.0948652,-0.171329,0.980636]],[[0.931725,-0.32986,0.151926],[0.34754,0.931256,-0.109442],[-0.105382,0.15477,0.982314]],[[0.931725,-0.32986,0.151926],[0.356931,0.90893,-0.215515],[-0.0670008,0.255028,0.96461]],[[0.931725,-0.32986,0.151926],[0.361087,0.886123,-0.290519],[-0.0387949,0.325543,0.944731]]],"btipPosition":[-6.23102,325.031,-72.1769],"carpPosition":[-20.0163,330.801,81.586],"dipPosition":[-6.89367,330.592,-56.0399],"direction":[0.0670008,-0.255028,-0.96461],"extended":true,"handId":580,"id":5801,"length":58.7918,"mcpPosition":[-13.0389,343.402,9.46024],"pipPosition":[-8.51268,336.754,-32.7311],"stabilizedTipPosition":[-71.0168,337.445,189.971],"timeVisible":0.497317,"tipPosition":[-6.91801,324.549,-67.9207],"tipVelocity":[-4.92417,72.8895,-203.432],"tool":false,"touchDistance":-0.673554,"touchZone":"hovering","type":1,"width":19.3376},{"bases":[[[0.862761,-0.486934,0.13616],[0.453539,0.864346,0.217275],[-0.223488,-0.125702,0.966567]],[[0.858347,-0.48924,0.154548],[0.319716,0.274443,-0.906897],[0.401276,0.827844,0.391985]],[[0.858347,-0.48924,0.154548],[-0.297412,-0.7199,-0.627128],[0.418075,0.492329,-0.76343]],[[0.858347,-0.48924,0.154548],[-0.475632,-0.87171,-0.117878],[0.192392,0.0276725,-0.980928]]],"btipPosition":[-27.1379,283.053,35.6162],"carpPosition":[-7.88969,328.693,81.7904],"dipPosition":[-23.5234,283.573,17.1875],"direction":[-0.418075,-0.492329,0.76343],"extended":false,"handId":580,"id":5802,"length":66.9886,"mcpPosition":[7.69847,337.461,14.3729],"pipPosition":[-11.638,297.569,-4.51592],"stabilizedTipPosition":[-76.3582,299.139,233.553],"timeVisible":0.497317,"tipPosition":[-26.2123,283.246,31.1731],"tipVelocity":[-10.8528,7.04067,-189.818],"tool":false,"touchDistance":0.333333,"touchZone":"none","type":2,"width":18.9921},{"bases":[[[0.783808,-0.563888,0.260145],[0.506664,0.822901,0.257149],[-0.359077,-0.069749,0.930698]],[[0.778727,-0.564805,0.273092],[0.435323,0.173022,-0.883491],[0.45175,0.806882,0.38061]],[[0.778727,-0.564805,0.273092],[-0.312151,-0.726421,-0.61227],[0.544193,0.391545,-0.741988]],[[0.778727,-0.564805,0.273092],[-0.550502,-0.823956,-0.134327],[0.300884,-0.0457339,-0.952564]]],"btipPosition":[-15.1373,281.96,45.915],"carpPosition":[3.24611,323.623,82.8573],"dipPosition":[-9.51713,281.106,28.122],"direction":[-0.544193,-0.391545,0.741988],"extended":false,"handId":580,"id":5803,"length":64.4113,"mcpPosition":[25.7327,327.991,24.5739],"pipPosition":[5.55408,291.95,7.57293],"stabilizedTipPosition":[-67.3729,294.973,247.078],"timeVisible":0.497317,"tipPosition":[-13.7442,281.885,41.7694],"tipVelocity":[-8.08966,2.6337,-199.735],"tool":false,"touchDistance":0.333333,"touchZone":"none","type":3,"width":18.0722},{"bases":[[[0.642418,-0.696334,0.320027],[0.58868,0.715761,0.375689],[-0.490668,-0.052956,0.869736]],[[0.664458,-0.693134,0.279395],[0.52284,0.164025,-0.836501],[0.53398,0.701898,0.471386]],[[0.664458,-0.693134,0.279395],[-0.367627,-0.628656,-0.685304],[0.650651,0.352642,-0.67253]],[[0.664458,-0.693134,0.279395],[-0.650771,-0.720455,-0.239668],[0.367413,-0.0225731,-0.929784]]],"btipPosition":[1.80344,283.803,46.911],"carpPosition":[11.2895,312.052,84.8202],"dipPosition":[8.13478,283.414,30.8888],"direction":[-0.650651,-0.352642,0.67253],"extended":false,"handId":580,"id":5804,"length":50.4973,"mcpPosition":[39.7334,315.122,34.4018],"pipPosition":[20.8573,290.31,17.7384],"stabilizedTipPosition":[-48.8548,292.941,249.129],"timeVisible":0.497317,"tipPosition":[3.60547,283.563,42.7572],"tipVelocity":[-9.30023,8.04055,-188.283],"tool":false,"touchDistance":0.333333,"touchZone":"none","type":4,"width":16.0532}],"r":[[0.815465,0.578793,-0.00383939],[-0.577446,0.813077,-0.0739031],[-0.0396529,0.0624825,0.997258]],"s":1.08069,"t":[65.4196,-8.68941,-274.818],"timestamp":522724653169},false],[4,{"currentFrameRate":104.439,"devices":[],"gestures":[],"hands":[{"armBasis":[[0.925938,-0.35252,-0.135528],[0.357385,0.933872,0.0126021],[0.122123,-0.0601045,0.990693]],"armWidth":63.703,"confidence":0.789758,"direction":[0.291879,0.251004,-0.922932],"elbow":[27.2344,297.886,354.969],"grabStrength":0,"id":580,"palmNormal":[-0.277161,-0.901352,-0.332787],"palmPosition":[1.85396,326.457,34.8156],"palmVelocity":[1.04587,14.0728,-194.423],"palmWidth":90.9658,"pinchStrength":0.697422,"r":[[0.815974,0.578052,-0.00644855],[-0.576869,0.813478,-0.0739969],[-0.0375283,0.0640995,0.997238]],"s":1.08172,"sphereCenter":[-3.31967,291.881,5.51053],"sphereRadius":44.6065,"stabilizedPalmPosition":[-60.9473,334.788,304.258],"t":[65.4239,-8.47485,-276.444],"timeVisible":0.506115,"type":"right","wrist":[-5.73017,314.11,87.5527]}],"id":4198511,"interactionBox":{"center":[0,200,0],"size":[235.247,235.247,147.751]},"pointables":[{"bases":[[[0.673216,0.713153,0.195431],[-0.726682,0.589178,0.353273],[0.136794,-0.379845,0.91488]],[[0.54205,0.807679,-0.232026],[-0.836132,0.545984,-0.0527768],[0.084056,0.222612,0.971277]],[[0.54205,0.807679,-0.232026],[-0.833128,0.480394,-0.274077],[-0.109902,0.341872,0.933298]],[[0.54205,0.807679,-0.232026],[-0.483761,0.0741419,-0.872054],[-0.687137,0.584942,0.430912]]],"btipPosition":[-20.1824,277.129,-8.76437],"carpPosition":[-35.8111,313.578,81.6016],"dipPosition":[-36.2596,290.815,1.31783],"direction":[0.109902,-0.341872,-0.933298],"extended":false,"handId":580,"id":5800,"length":52.1025,"mcpPosition":[-35.8111,313.578,81.6016],"pipPosition":[-40.0058,302.469,33.1307],"stabilizedTipPosition":[-79.2049,306.808,211.407],"timeVisible":0.506115,"tipPosition":[-24.4196,280.286,-6.78896],"tipVelocity":[13.1772,16.8953,-182.826],"tool":false,"touchDistance":-0.571386,"touchZone":"hovering","type":0,"width":20.2446},{"bases":[[[0.951429,-0.30578,0.0358082],[0.293977,0.936875,0.189321],[-0.0914383,-0.169598,0.981262]],[[0.934282,-0.323466,0.149957],[0.340589,0.934095,-0.107083],[-0.105436,0.151119,0.982876]],[[0.934282,-0.323466,0.149957],[0.350083,0.911939,-0.21403],[-0.0675203,0.252462,0.965248]],[[0.934282,-0.323466,0.149957],[0.354332,0.889078,-0.289809],[-0.0395803,0.323897,0.945264]]],"btipPosition":[-6.32798,325.387,-74.0635],"carpPosition":[-19.8895,331.037,79.7942],"dipPosition":[-7.00405,330.92,-57.9174],"direction":[0.0675203,-0.252462,-0.965248],"extended":true,"handId":580,"id":5801,"length":58.7918,"mcpPosition":[-13.1642,343.511,7.62233],"pipPosition":[-8.63561,337.02,-34.5931],"stabilizedTipPosition":[-71.0135,337.444,189.958],"timeVisible":0.506115,"tipPosition":[-6.99407,324.925,-69.8221],"tipVelocity":[-6.66074,63.9609,-206.332],"tool":false,"touchDistance":-0.662799,"touchZone":"hovering","type":1,"width":19.3376},{"bases":[[[0.866178,-0.481086,0.135248],[0.448516,0.867741,0.214147],[-0.220383,-0.124828,0.967393]],[[0.861857,-0.48336,0.153513],[0.316646,0.276418,-0.907374],[0.396154,0.830636,0.391287]],[[0.861857,-0.48336,0.153513],[-0.29298,-0.721611,-0.627248],[0.413963,0.495622,-0.76354]],[[0.861857,-0.48336,0.153513],[-0.469767,-0.874936,-0.117494],[0.191106,0.0291479,-0.981136]]],"btipPosition":[-26.8261,283.05,33.7834],"carpPosition":[-7.74923,329.008,79.9745],"dipPosition":[-23.2358,283.598,15.3508],"direction":[-0.413963,-0.495622,0.76354],"extended":false,"handId":580,"id":5802,"length":66.9886,"mcpPosition":[7.62238,337.714,12.4994],"pipPosition":[-11.4673,297.688,-6.35573],"stabilizedTipPosition":[-76.3581,299.139,233.552],"timeVisible":0.506115,"tipPosition":[-25.9098,283.274,29.4143],"tipVelocity":[1.44342,5.26641,-194.828],"tool":false,"touchDistance":0.333333,"touchZone":"none","type":2,"width":18.9921},{"bases":[[[0.788014,-0.558248,0.259603],[0.502001,0.826731,0.253991],[-0.356412,-0.0698277,0.931716]],[[0.782897,-0.559179,0.272748],[0.432391,0.173821,-0.884773],[0.447337,0.81062,0.377868]],[[0.782897,-0.559179,0.272748],[-0.308555,-0.729657,-0.610241],[0.540247,0.393598,-0.743784]],[[0.782897,-0.559179,0.272748],[-0.545361,-0.82779,-0.1317],[0.299422,-0.0456388,-0.953029]]],"btipPosition":[-14.7954,282.128,44.2016],"carpPosition":[3.42126,324.011,81.0268],"dipPosition":[-9.20247,281.275,26.4],"direction":[-0.540247,-0.393598,0.743784],"extended":false,"handId":580,"id":5803,"length":64.4113,"mcpPosition":[25.741,328.384,22.6797],"pipPosition":[5.75945,292.176,5.80116],"stabilizedTipPosition":[-67.3728,294.973,247.078],"timeVisible":0.506115,"tipPosition":[-13.4082,282.055,40.0646],"tipVelocity":[4.3655,7.06818,-198.452],"tool":false,"touchDistance":0.333333,"touchZone":"none","type":3,"width":18.0722},{"bases":[[[0.647617,-0.691452,0.320135],[0.584981,0.7204,0.372588],[-0.488252,-0.054021,0.871029]],[[0.668912,-0.688324,0.280653],[0.520785,0.164546,-0.83768],[0.530415,0.706494,0.468536]],[[0.668912,-0.688324,0.280653],[-0.364469,-0.632759,-0.683212],[0.647858,0.354719,-0.674133]],[[0.668912,-0.688324,0.280653],[-0.646563,-0.725045,-0.237206],[0.366761,-0.0227902,-0.930036]]],"btipPosition":[2.10889,284.11,45.1501],"carpPosition":[11.5431,312.496,82.9978],"dipPosition":[8.42899,283.717,29.1235],"direction":[-0.647858,-0.354719,0.674133],"extended":false,"handId":580,"id":5804,"length":50.4973,"mcpPosition":[39.847,315.628,32.5045],"pipPosition":[21.0969,290.653,15.9418],"stabilizedTipPosition":[-48.8547,292.941,249.129],"timeVisible":0.506115,"tipPosition":[3.9111,283.87,41.0185],"tipVelocity":[2.47642,15.2475,-191.509],"tool":false,"touchDistance":0.333333,"touchZone":"none","type":4,"width":16.0532}],"r":[[0.815974,0.578052,-0.00644855],[-0.576869,0.813478,-0.0739969],[-0.0375283,0.0640995,0.997238]],"s":1.08172,"t":[65.4239,-8.47485,-276.444],"timestamp":522724661967},false],[5,{"currentFrameRate":104.731,"devices":[],"gestures":[],"hands":[{"armBasis":[[0.927767,-0.346399,-0.138768],[0.35093,0.93636,0.00884738],[0.126872,-0.0569063,0.990285]],"armWidth":63.703,"confidence":0.790084,"direction":[0.288751,0.247985,-0.92473],"elbow":[28.7435,299.136,353.132],"grabStrength":0,"id":580,"palmNormal":[-0.271771,-0.904911,-0.327532],"palmPosition":[1.91579,326.612,33.0119],"palmVelocity":[2.64486,14.9229,-196.048],"palmWidth":90.9658,"pinchStrength":0.702236,"r":[[0.815615,0.578518,-0.0094176],[-0.577499,0.812962,-0.0747508],[-0.0355885,0.0664066,0.997158]],"s":1.08267,"sphereCenter":[-3.26161,292.038,3.81865],"sphereRadius":44.6013,"stabilizedPalmPosition":[-60.9473,334.788,304.258],"t":[65.4569,-8.29029,-278.159],"timeVisible":0.515118,"type":"right","wrist":[-5.50287,314.496,85.8263]}],"id":4198512,"interactionBox":{"center":[0,200,0],"size":[235.247,235.247,147.751]},"pointables":[{"bases":[[[0.668833,0.718582,0.190533],[-0.729968,0.586279,0.351318],[0.140745,-0.374056,0.916664]],[[0.536787,0.80995,-0.236308],[-0.839509,0.540673,-0.0538282],[0.084167,0.227277,0.970186]],[[0.536787,0.80995,-0.236308],[-0.836214,0.473449,-0.276753],[-0.112276,0.346161,0.931432]],[[0.536787,0.80995,-0.236308],[-0.48414,0.0663093,-0.872475],[-0.690991,0.582739,0.427723]]],"btipPosition":[-19.7949,276.96,-10.2461],"carpPosition":[-35.5891,313.736,79.9272],"dipPosition":[-35.9623,290.594,-0.238497],"direction":[0.112276,-0.346161,-0.931432],"extended":false,"handId":580,"id":5800,"length":52.1025,"mcpPosition":[-35.5891,313.736,79.9272],"pipPosition":[-39.7894,302.393,31.5108],"stabilizedTipPosition":[-79.2048,306.808,211.407],"timeVisible":0.515118,"tipPosition":[-24.0564,280.079,-8.27786],"tipVelocity":[20.7476,6.71407,-178.338],"tool":false,"touchDistance":-0.565064,"touchZone":"hovering","type":0,"width":20.2446},{"bases":[[[0.953471,-0.299342,0.0358817],[0.288125,0.939778,0.183851],[-0.0887553,-0.164958,0.982299]],[[0.936725,-0.316466,0.149654],[0.333407,0.936825,-0.105829],[-0.106708,0.149028,0.983058]],[[0.936725,-0.316466,0.149654],[0.343171,0.914568,-0.214008],[-0.0691426,0.251824,0.9653]],[[0.936725,-0.316466,0.149654],[0.347615,0.891391,-0.290838],[-0.0413601,0.324457,0.944996]]],"btipPosition":[-6.29694,325.393,-75.9375],"carpPosition":[-19.7854,331.289,78.0009],"dipPosition":[-7.00341,330.936,-59.7959],"direction":[0.0691426,-0.251824,-0.9653],"extended":true,"handId":580,"id":5801,"length":58.7918,"mcpPosition":[-13.2574,343.421,5.75283],"pipPosition":[-8.67417,337.021,-36.4705],"stabilizedTipPosition":[-71.0105,337.444,189.946],"timeVisible":0.515118,"tipPosition":[-6.95418,324.948,-71.7076],"tipVelocity":[-4.09757,46.6491,-206.864],"tool":false,"touchDistance":-0.652978,"touchZone":"hovering","type":1,"width":19.3376},{"bases":[[[0.869531,-0.47467,0.136393],[0.443154,0.871792,0.208792],[-0.218013,-0.121108,0.968402]],[[0.865264,-0.476871,0.154636],[0.31434,0.275803,-0.908363],[0.390522,0.834582,0.388542]],[[0.865264,-0.476871,0.154636],[-0.28788,-0.725178,-0.625494],[0.410418,0.496701,-0.764752]],[[0.865264,-0.476871,0.154636],[-0.463657,-0.878537,-0.11487],[0.190632,0.0276952,-0.981271]]],"btipPosition":[-26.4929,282.93,32.08],"carpPosition":[-7.63176,329.34,78.1723],"dipPosition":[-22.9115,283.45,13.6449],"direction":[-0.410418,-0.496701,0.764752],"extended":false,"handId":580,"id":5802,"length":66.9886,"mcpPosition":[7.57454,337.787,10.6268],"pipPosition":[-11.2438,297.571,-8.09611],"stabilizedTipPosition":[-76.358,299.139,233.552],"timeVisible":0.515118,"tipPosition":[-25.5819,283.169,27.7831],"tipVelocity":[11.1511,-0.0510964,-193.302],"tool":false,"touchDistance":0.333333,"touchZone":"none","type":2,"width":18.9921},{"bases":[[[0.792074,-0.551679,0.261284],[0.49697,0.831346,0.248767],[-0.354457,-0.067192,0.932655]],[[0.7869,-0.552587,0.274655],[0.430161,0.172092,-0.886197],[0.442435,0.815495,0.37312]],[[0.7869,-0.552587,0.274655],[-0.30429,-0.734688,-0.606334],[0.536838,0.39355,-0.746273]],[[0.7869,-0.552587,0.274655],[-0.539936,-0.832055,-0.127094],[0.298759,-0.0482853,-0.953106]]],"btipPosition":[-14.4404,282.207,42.6313],"carpPosition":[3.57294,324.423,79.2329],"dipPosition":[-8.85987,281.305,24.8282],"direction":[-0.536838,-0.39355,0.746273],"extended":false,"handId":580,"id":5803,"length":64.4113,"mcpPosition":[25.7702,328.631,20.8269],"pipPosition":[6.00765,292.204,4.16049],"stabilizedTipPosition":[-67.3727,294.973,247.078],"timeVisible":0.515118,"tipPosition":[-13.0553,282.127,38.5055],"tipVelocity":[13.9096,7.19993,-191.861],"tool":false,"touchDistance":0.333333,"touchZone":"none","type":3,"width":18.0722},{"bases":[[[0.652651,-0.685476,0.322753],[0.580835,0.726195,0.367792],[-0.486494,-0.0525736,0.8721]],[[0.673128,-0.682552,0.284642],[0.5198,0.162899,-0.838613],[0.526029,0.712451,0.464443]],[[0.673128,-0.682552,0.284642],[-0.360059,-0.63868,-0.680034],[0.645954,0.355262,-0.675672]],[[0.673128,-0.682552,0.284642],[-0.641766,-0.730399,-0.233782],[0.367471,-0.0253087,-0.929691]]],"btipPosition":[2.41727,284.324,43.5109],"carpPosition":[11.7734,312.972,81.2519],"dipPosition":[8.74961,283.888,27.4903],"direction":[-0.645954,-0.355262,0.675672],"extended":false,"handId":580,"id":5804,"length":50.4973,"mcpPosition":[39.9753,316.019,30.6964],"pipPosition":[21.3803,290.835,14.2785],"stabilizedTipPosition":[-48.8546,292.941,249.128],"timeVisible":0.515118,"tipPosition":[4.22509,284.079,39.4193],"tipVelocity":[11.2902,17.2788,-188.876],"tool":false,"touchDistance":0.333333,"touchZone":"none","type":4,"width":16.0532}],"r":[[0.815615,0.578518,-0.0094176],[-0.577499,0.812962,-0.0747508],[-0.0355885,0.0664066,0.997158]],"s":1.08267,"t":[65.4569,-8.29029,-278.159],"timestamp":522724670970},false],[6,{"currentFrameRate":104.921,"devices":[],"gestures":[],"hands":[{"armBasis":[[0.929245,-0.343632,-0.135723],[0.348138,0.937387,0.0102347],[0.123708,-0.056761,0.990694]],"armWidth":63.703,"confidence":0.800883,"direction":[0.286726,0.246532,-0.925748],"elbow":[28.0753,299.34,352.045],"grabStrength":0,"id":580,"palmNormal":[-0.270319,-0.906236,-0.32506],"palmPosition":[1.99046,326.674,31.7759],"palmVelocity":[4.17786,12.6479,-178.913],"palmWidth":90.9658,"pinchStrength":0.704333,"r":[[0.815067,0.579236,-0.0123154],[-0.578383,0.812261,-0.0755316],[-0.0337473,0.0686864,0.997067]],"s":1.08376,"sphereCenter":[-3.3472,292.229,2.58516],"sphereRadius":44.6038,"stabilizedPalmPosition":[-60.9473,334.788,304.258],"t":[65.5108,-8.16692,-279.634],"timeVisible":0.524296,"type":"right","wrist":[-5.31706,314.661,84.6292]}],"id":4198513,"interactionBox":{"center":[0,200,0],"size":[235.247,235.247,147.751]},"pointables":[{"bases":[[[0.667567,0.720465,0.187842],[-0.730682,0.585475,0.351173],[0.143031,-0.371684,0.917275]],[[0.535083,0.81057,-0.238039],[-0.840489,0.53921,-0.0532024],[0.0852288,0.228537,0.969797]],[[0.535083,0.81057,-0.238039],[-0.837234,0.471179,-0.277543],[-0.112809,0.347803,0.930756]],[[0.535083,0.81057,-0.238039],[-0.485237,0.0642353,-0.87202],[-0.691542,0.582108,0.42769]]],"btipPosition":[-19.6387,276.941,-11.3498],"carpPosition":[-35.411,313.822,78.7803],"dipPosition":[-35.819,290.561,-1.34299],"direction":[0.112809,-0.347803,-0.930756],"extended":false,"handId":580,"id":5800,"length":52.1025,"mcpPosition":[-35.411,313.822,78.7803],"pipPosition":[-39.6642,302.417,30.3832],"stabilizedTipPosition":[-79.2047,306.808,211.406],"timeVisible":0.524296,"tipPosition":[-23.8979,280.032,-9.36162],"tipVelocity":[19.6166,4.1878,-162.129],"tool":false,"touchDistance":-0.553449,"touchZone":"hovering","type":0,"width":20.2446},{"bases":[[[0.954179,-0.297181,0.0350213],[0.286366,0.940816,0.181275],[-0.0868202,-0.16294,0.982809]],[[0.937769,-0.314009,0.148282],[0.330259,0.938431,-0.101367],[-0.107322,0.14403,0.983736]],[[0.937769,-0.314009,0.148282],[0.340157,0.916555,-0.210288],[-0.0698759,0.247641,0.966329]],[[0.937769,-0.314009,0.148282],[0.344699,0.893481,-0.287879],[-0.0420901,0.321077,0.946117]]],"btipPosition":[-6.24607,325.735,-77.2599],"carpPosition":[-19.6487,331.405,76.7891],"dipPosition":[-6.96501,331.219,-61.0992],"direction":[0.0698759,-0.247641,-0.966329],"extended":true,"handId":580,"id":5801,"length":58.7918,"mcpPosition":[-13.2631,343.389,4.50354],"pipPosition":[-8.65349,337.203,-37.7489],"stabilizedTipPosition":[-71.0076,337.443,189.934],"timeVisible":0.524296,"tipPosition":[-6.89941,325.282,-73.039],"tipVelocity":[-1.49364,43.5978,-189.204],"tool":false,"touchDistance":-0.635784,"touchZone":"hovering","type":1,"width":19.3376},{"bases":[[[0.870784,-0.472465,0.136061],[0.441583,0.873224,0.20612],[-0.216196,-0.119404,0.969021]],[[0.866544,-0.474637,0.154342],[0.31281,0.275516,-0.908978],[0.388911,0.835949,0.387217]],[[0.866544,-0.474637,0.154342],[-0.286503,-0.726262,-0.624868],[0.408678,0.497256,-0.765323]],[[0.866544,-0.474637,0.154342],[-0.461589,-0.879754,-0.113878],[0.189834,0.0274378,-0.981433]]],"btipPosition":[-26.3364,282.877,30.893],"carpPosition":[-7.49063,329.483,76.9453],"dipPosition":[-22.77,283.393,12.4548],"direction":[-0.408678,-0.497256,0.765323],"extended":false,"handId":580,"id":5802,"length":66.9886,"mcpPosition":[7.58891,337.811,9.35663],"pipPosition":[-11.1517,297.529,-9.30243],"stabilizedTipPosition":[-76.3579,299.139,233.551],"timeVisible":0.524296,"tipPosition":[-25.4299,283.127,26.6331],"tipVelocity":[12.6936,-1.67507,-175.465],"tool":false,"touchDistance":0.333333,"touchZone":"none","type":2,"width":18.9921},{"bases":[[[0.793695,-0.549361,0.261249],[0.495551,0.832985,0.246099],[-0.352814,-0.0658652,0.933372]],[[0.788426,-0.550269,0.274934],[0.429215,0.171963,-0.886681],[0.440635,0.817088,0.371764]],[[0.788426,-0.550269,0.274934],[-0.30258,-0.736072,-0.605511],[0.535565,0.394211,-0.746839]],[[0.788426,-0.550269,0.274934],[-0.537889,-0.833568,-0.125853],[0.298429,-0.0486582,-0.953191]]],"btipPosition":[-14.2679,282.211,41.4303],"carpPosition":[3.72648,324.593,77.9989],"dipPosition":[-8.69355,281.302,23.6256],"direction":[-0.535565,-0.394211,0.746839],"extended":false,"handId":580,"id":5803,"length":64.4113,"mcpPosition":[25.8209,328.717,19.5481],"pipPosition":[6.13872,292.22,2.94224],"stabilizedTipPosition":[-67.3727,294.973,247.077],"timeVisible":0.524296,"tipPosition":[-12.8847,282.139,37.3391],"tipVelocity":[15.2299,5.27056,-174.841],"tool":false,"touchDistance":0.333333,"touchZone":"none","type":3,"width":18.0722},{"bases":[[[0.654663,-0.683323,0.323243],[0.579837,0.728286,0.365225],[-0.48498,-0.0516711,0.872997]],[[0.674744,-0.680499,0.28573],[0.518356,0.161352,-0.839805],[0.525383,0.714764,0.461612]],[[0.674744,-0.680499,0.28573],[-0.359634,-0.641218,-0.677866],[0.644502,0.354628,-0.677389]],[[0.674744,-0.680499,0.28573],[-0.640546,-0.732254,-0.231312],[0.366635,-0.026947,-0.929975]]],"btipPosition":[2.57685,284.423,42.3761],"carpPosition":[11.9551,313.164,80.0305],"dipPosition":[8.89477,283.958,26.3506],"direction":[-0.644502,-0.354628,0.677389],"extended":false,"handId":580,"id":5804,"length":50.4973,"mcpPosition":[40.0693,316.159,29.423],"pipPosition":[21.4971,290.893,13.1052],"stabilizedTipPosition":[-48.8545,292.941,249.128],"timeVisible":0.524296,"tipPosition":[4.38156,284.171,38.2892],"tipVelocity":[12.8913,15.265,-170.7],"tool":false,"touchDistance":0.333333,"touchZone":"none","type":4,"width":16.0532}],"r":[[0.815067,0.579236,-0.0123154],[-0.578383,0.812261,-0.0755316],[-0.033747