{"sensorType":"Leap","data":[[0,{"currentFrameRate":92.7643,"devices":[],"gestures":[],"hands":[{"armBasis":[[0.952052,-0.284366,-0.112842],[0.292009,0.954661,0.0579115],[0.0912579,-0.0880856,0.991924]],"armWidth":63.703,"confidence":0.72146,"direction":[0.172454,0.358999,-0.917267],"elbow":[31.6285,278.459,356.683],"grabStrength":0,"id":575,"palmNormal":[-0.248162,-0.885347,-0.393162],"palmPosition":[7.96928,320.045,37.2332],"palmVelocity":[64.4092,14.2221,-269.272],"palmWidth":90.9658,"pinchStrength":0.773167,"r":[[0.954902,0.277508,0.105598],[-0.279231,0.960223,0.00159854],[-0.100954,-0.0310126,0.994408]],"s":1.01459,"sphereCenter":[9.86861,283.695,5.13222],"sphereRadius":46.6173,"stabilizedPalmPosition":[-29.3841,324.53,154.172],"t":[38.06,-5.12955,-117.427],"timeVisible":0.280225,"type":"right","wrist":[6.99545,302.236,88.9351]}],"id":4197164,"interactionBox":{"center":[0,200,0],"size":[235.247,235.247,147.751]},"pointables":[{"bases":[[[0.639197,0.743049,0.198255],[-0.723487,0.493598,0.482627],[0.260757,-0.451929,0.853092]],[[0.501363,0.856281,-0.124172],[-0.853484,0.513007,0.0915908],[0.142129,0.060059,0.988024]],[[0.501363,0.856281,-0.124172],[-0.861761,0.481329,-0.16028],[-0.0774768,0.187365,0.97923]],[[0.501363,0.856281,-0.124172],[-0.57682,0.223811,-0.785613],[-0.644914,0.465502,0.60613]]],"btipPosition":[-12.8045,279.593,-10.8514],"carpPosition":[-23.4419,299.869,86.0157],"dipPosition":[-27.8938,290.485,3.33046],"direction":[0.0774768,-0.187365,-0.97923],"extended":false,"handId":575,"id":5750,"length":52.1025,"mcpPosition":[-23.4419,299.869,86.0157],"pipPosition":[-30.5347,296.872,36.709],"stabilizedTipPosition":[-46.9935,291.152,71.8816],"timeVisible":0.280225,"tipPosition":[-16.4479,282.605,-8.27408],"tipVelocity":[67.0076,-2.39607,-254.64],"tool":false,"touchDistance":-0.426179,"touchZone":"hovering","type":0,"width":20.2446},{"bases":[[[0.968667,-0.230963,-0.0913223],[0.246893,0.935408,0.253092],[0.0269687,-0.267709,0.963122]],[[0.955957,-0.277882,0.0944857],[0.274042,0.960327,0.0516982],[-0.105103,-0.0235282,0.994183]],[[0.955957,-0.277882,0.0944857],[0.285998,0.954264,-0.0870911],[-0.0659633,0.110278,0.991709]],[[0.955957,-0.277882,0.0944857],[0.291312,0.93759,-0.189898],[-0.0358197,0.209059,0.977247]]],"btipPosition":[-4.32323,333.099,-69.7933],"carpPosition":[-9.05974,318.634,84.4014],"dipPosition":[-4.93507,336.67,-53.1009],"direction":[0.0659633,-0.110278,-0.991709],"extended":true,"handId":575,"id":5751,"length":58.7918,"mcpPosition":[-11.0433,338.324,13.5638],"pipPosition":[-6.529,339.334,-29.1373],"stabilizedTipPosition":[-39.6589,335.663,37.005],"timeVisible":0.280225,"tipPosition":[-4.64639,332.728,-65.8327],"tipVelocity":[56.948,15.0006,-273.75],"tool":false,"touchDistance":-0.588664,"touchZone":"hovering","type":1,"width":19.3376},{"bases":[[[0.907028,-0.421065,-0.0021604],[0.407636,0.87679,0.255093],[-0.105517,-0.232257,0.966914]],[[0.905531,-0.424143,0.0108102],[0.223403,0.454987,-0.86202],[0.360701,0.783001,0.506759]],[[0.905531,-0.424143,0.0108102],[-0.277681,-0.611719,-0.740738],[0.320791,0.667759,-0.671707]],[[0.905531,-0.424143,0.0108102],[-0.408844,-0.879111,-0.244969],[0.113405,0.217408,-0.969471]]],"btipPosition":[-18.1313,272.972,28.601],"carpPosition":[3.14058,317.571,83.1529],"dipPosition":[-16.0007,277.056,10.3876],"direction":[-0.320791,-0.667759,0.671707],"extended":false,"handId":575,"id":5752,"length":66.9886,"mcpPosition":[10.5003,333.771,15.7112],"pipPosition":[-6.88099,296.04,-8.70829],"stabilizedTipPosition":[-49.6176,280.676,108.896],"timeVisible":0.280225,"tipPosition":[-17.5977,273.983,23.6747],"tipVelocity":[76.3046,2.65425,-243.572],"tool":false,"touchDistance":0.333333,"touchZone":"none","type":2,"width":18.9921},{"bases":[[[0.848287,-0.515544,0.120929],[0.467826,0.836615,0.28498],[-0.248091,-0.185171,0.950875]],[[0.839388,-0.521526,0.153096],[0.368925,0.339823,-0.86511],[0.399152,0.782644,0.477647]],[[0.839388,-0.521526,0.153096],[-0.270461,-0.645088,-0.714641],[0.471464,0.558455,-0.682532]],[[0.839388,-0.521526,0.153096],[-0.481081,-0.843951,-0.237292],[0.25296,0.125529,-0.959299]]],"btipPosition":[-5.39566,272.231,38.5019],"carpPosition":[14.6793,313.405,82.563],"dipPosition":[-0.670619,274.576,20.5832],"direction":[-0.471464,-0.558455,0.682532],"extended":false,"handId":575,"id":5753,"length":64.4113,"mcpPosition":[30.2156,325.001,23.0161],"pipPosition":[12.3864,290.042,1.68074],"stabilizedTipPosition":[-33.3319,275.88,111.357],"timeVisible":0.280225,"tipPosition":[-4.14855,272.634,33.4772],"tipVelocity":[76.7482,9.67987,-253.972],"tool":false,"touchDistance":0.333333,"touchZone":"none","type":3,"width":18.0722},{"bases":[[[0.724834,-0.66461,0.181409],[0.570302,0.726577,0.3832],[-0.386486,-0.174299,0.905676]],[[0.749203,-0.651371,0.12004],[0.430815,0.341587,-0.835294],[0.503083,0.67752,0.536539]],[[0.749203,-0.651371,0.12004],[-0.351201,-0.544341,-0.761808],[0.561562,0.528591,-0.636584]],[[0.749203,-0.651371,0.12004],[-0.594035,-0.740971,-0.313183],[0.292945,0.16333,-0.942076]]],"btipPosition":[12.3386,275.443,39.7393],"carpPosition":[23.7466,302.439,82.5261],"dipPosition":[17.3867,278.258,23.5053],"direction":[-0.561562,-0.528591,0.636584],"extended":false,"handId":575,"id":5754,"length":50.4973,"mcpPosition":[46.1511,312.544,30.0243],"pipPosition":[28.3673,288.593,11.0578],"stabilizedTipPosition":[-16.2808,277.731,116.876],"timeVisible":0.280225,"tipPosition":[13.7792,276.003,35.2634],"tipVelocity":[75.8681,15.6719,-255.381],"tool":false,"touchDistance":0.333333,"touchZone":"none","type":4,"width":16.0532}],"r":[[0.954902,0.277508,0.105598],[-0.279231,0.960223,0.00159854],[-0.100954,-0.0310126,0.994408]],"s":1.01459,"t":[38.06,-5.12955,-117.427],"timestamp":522710377186},false],[1,{"currentFrameRate":93.5279,"devices":[],"gestures":[],"hands":[{"armBasis":[[0.952875,-0.281526,-0.113019],[0.28891,0.955773,0.0550379],[0.0925262,-0.0850966,0.992067]],"armWidth":63.703,"confidence":0.728764,"direction":[0.1699,0.358581,-0.917907],"elbow":[32.426,279.516,354.928],"grabStrength":0,"id":575,"palmNormal":[-0.245676,-0.886628,-0.391835],"palmPosition":[8.28891,320.241,35.4189],"palmVelocity":[56.2996,16.2712,-249.929],"palmWidth":90.9658,"pinchStrength":0.772869,"r":[[0.953778,0.281934,0.104024],[-0.283412,0.958998,-0.000599895],[-0.0999283,-0.0289096,0.994575]],"s":1.01668,"sphereCenter":[10.1869,283.961,3.33829],"sphereRadius":46.6019,"stabilizedPalmPosition":[-29.378,324.529,154.153],"t":[38.7897,-4.89977,-120.654],"timeVisible":0.289321,"type":"right","wrist":[7.45058,302.486,87.1416]}],"id":4197165,"interactionBox":{"center":[0,200,0],"size":[235.247,235.247,147.751]},"pointables":[{"bases":[[[0.636919,0.745462,0.196522],[-0.724489,0.491635,0.483126],[0.263535,-0.45009,0.853211]],[[0.498293,0.857845,-0.125721],[-0.855045,0.510229,0.092543],[0.143534,0.0613838,0.98774]],[[0.498293,0.857845,-0.125721],[-0.863627,0.478309,-0.159278],[-0.0765019,0.187943,0.979196]],[[0.498293,0.857845,-0.125721],[-0.577959,0.22057,-0.785692],[-0.646272,0.464167,0.605707]]],"btipPosition":[-12.4168,279.681,-12.5732],"carpPosition":[-22.9826,300.011,84.2686],"dipPosition":[-27.5379,290.541,1.59877],"direction":[0.0765019,-0.187943,-0.979196],"extended":false,"handId":575,"id":5750,"length":52.1025,"mcpPosition":[-22.9826,300.011,84.2686],"pipPosition":[-30.1455,296.948,34.9762],"stabilizedTipPosition":[-46.9599,291.142,71.7938],"timeVisible":0.289321,"tipPosition":[-16.0652,282.669,-9.99237],"tipVelocity":[60.0296,0.721879,-236.604],"tool":false,"touchDistance":-0.437755,"touchZone":"hovering","type":0,"width":20.2446},{"bases":[[[0.969325,-0.227727,-0.0924626],[0.244033,0.93653,0.251712],[0.0292722,-0.266555,0.963375]],[[0.957086,-0.274426,0.0931506],[0.270418,0.961257,0.0534623],[-0.104213,-0.0259784,0.994216]],[[0.957086,-0.274426,0.0931506],[0.282273,0.955547,-0.0851576],[-0.0656403,0.107797,0.992004]],[[0.957086,-0.274426,0.0931506],[0.287573,0.93913,-0.18798],[-0.0358939,0.206701,0.977746]]],"btipPosition":[-4.14514,333.409,-71.6172],"carpPosition":[-8.66746,318.824,82.6131],"dipPosition":[-4.75825,336.94,-54.9163],"direction":[0.0656403,-0.107797,-0.992004],"extended":true,"handId":575,"id":5751,"length":58.7918,"mcpPosition":[-10.8204,338.429,11.7569],"pipPosition":[-6.34438,339.545,-30.9456],"stabilizedTipPosition":[-39.6482,335.663,36.9733],"timeVisible":0.289321,"tipPosition":[-4.475,332.999,-67.6535],"tipVelocity":[46.5854,20.0204,-253.401],"tool":false,"touchDistance":-0.58546,"touchZone":"hovering","type":1,"width":19.3376},{"bases":[[[0.908468,-0.417943,-0.00300403],[0.404979,0.878468,0.253546],[-0.103329,-0.231555,0.967319]],[[0.907003,-0.421006,0.00994906],[0.220448,0.454533,-0.863019],[0.358814,0.784954,0.505073]],[[0.907003,-0.421006,0.00994906],[-0.27675,-0.613697,-0.739449],[0.317418,0.667929,-0.673139]],[[0.907003,-0.421006,0.00994906],[-0.406186,-0.880824,-0.243233],[0.111166,0.216572,-0.969917]]],"btipPosition":[-17.6609,273.07,26.8984],"carpPosition":[3.53465,317.801,81.3482],"dipPosition":[-15.5724,277.139,8.6766],"direction":[-0.317418,-0.667929,0.673139],"extended":false,"handId":575,"id":5752,"length":66.9886,"mcpPosition":[10.7418,333.952,13.8783],"pipPosition":[-6.54859,296.127,-10.46],"stabilizedTipPosition":[-49.5761,280.668,108.785],"timeVisible":0.289321,"tipPosition":[-17.1391,274.076,21.9727],"tipVelocity":[69.1961,4.80286,-228.006],"tool":false,"touchDistance":0.333333,"touchZone":"none","type":2,"width":18.9921},{"bases":[[[0.85023,-0.512488,0.120273],[0.46535,0.838534,0.283391],[-0.246087,-0.184978,0.951433]],[[0.841365,-0.518485,0.152574],[0.366671,0.340198,-0.86592],[0.397061,0.784499,0.476344]],[[0.841365,-0.518485,0.152574],[-0.269114,-0.646714,-0.71368],[0.468704,0.559405,-0.683654]],[[0.841365,-0.518485,0.152574],[-0.478471,-0.845836,-0.235854],[0.251339,0.125437,-0.959737]]],"btipPosition":[-4.91355,272.381,36.7477],"carpPosition":[15.0868,313.674,80.7463],"dipPosition":[-0.218786,274.724,18.8208],"direction":[-0.468704,-0.559405,0.683654],"extended":false,"handId":575,"id":5753,"length":64.4113,"mcpPosition":[30.4976,325.258,21.1645],"pipPosition":[12.7618,290.216,-0.112735],"stabilizedTipPosition":[-33.2958,275.876,111.261],"timeVisible":0.289321,"tipPosition":[-3.67477,272.786,31.736],"tipVelocity":[69.9569,11.5572,-237.096],"tool":false,"touchDistance":0.333333,"touchZone":"none","type":3,"width":18.0722},{"bases":[[[0.727378,-0.661911,0.181094],[0.568345,0.728956,0.381584],[-0.384584,-0.174632,0.906421]],[[0.75153,-0.648711,0.119904],[0.428611,0.341974,-0.836269],[0.501493,0.679874,0.535048]],[[0.75153,-0.648711,0.119904],[-0.350279,-0.54641,-0.76075],[0.559024,0.529726,-0.637873]],[[0.75153,-0.648711,0.119904],[-0.591899,-0.743319,-0.311661],[0.291305,0.163251,-0.942598]]],"btipPosition":[12.8076,275.659,37.9653],"carpPosition":[24.1917,302.74,80.7083],"dipPosition":[17.8274,278.472,21.7222],"direction":[-0.559024,-0.529726,0.637873],"extended":false,"handId":575,"id":5754,"length":50.4973,"mcpPosition":[46.486,312.864,28.1634],"pipPosition":[28.7583,288.83,9.24952],"stabilizedTipPosition":[-16.2506,277.729,116.793],"timeVisible":0.289321,"tipPosition":[14.2412,276.219,33.4941],"tipVelocity":[68.9338,17.904,-238.725],"tool":false,"touchDistance":0.333333,"touchZone":"none","type":4,"width":16.0532}],"r":[[0.953778,0.281934,0.104024],[-0.283412,0.958998,-0.000599895],[-0.0999283,-0.0289096,0.994575]],"s":1.01668,"t":[38.7897,-4.89977,-120.654],"timestamp":522710386282},false],[2,{"currentFrameRate":94.3163,"devices":[],"gestures":[],"hands":[{"armBasis":[[0.953491,-0.280836,-0.109483],[0.287011,0.956864,0.04512],[0.0920891,-0.0744443,0.992964]],"armWidth":63.703,"confidence":0.737215,"direction":[0.170271,0.356629,-0.918599],"elbow":[32.5811,282.302,353.293],"grabStrength":0,"id":575,"palmNormal":[-0.242885,-0.88826,-0.389872],"palmPosition":[8.58912,320.019,33.4966],"palmVelocity":[50.0515,5.03388,-240.189],"palmWidth":90.9658,"pinchStrength":0.772309,"r":[[0.95269,0.286005,0.102875],[-0.287239,0.957854,-0.00292965],[-0.0993775,-0.0267588,0.99469]],"s":1.01869,"sphereCenter":[10.4595,283.837,1.48015],"sphereRadius":46.5725,"stabilizedPalmPosition":[-29.3731,324.529,154.138],"t":[39.3046,-4.89598,-123.229],"timeVisible":0.298289,"type":"right","wrist":[7.72367,302.396,85.264]}],"id":4197166,"interactionBox":{"center":[0,200,0],"size":[235.247,235.247,147.751]},"pointables":[{"bases":[[[0.634755,0.747581,0.195469],[-0.726403,0.491048,0.480843],[0.263485,-0.447207,0.854741]],[[0.496633,0.858672,-0.126641],[-0.856214,0.508592,0.090727],[0.142313,0.0633735,0.987791]],[[0.496633,0.858672,-0.126641],[-0.864456,0.476234,-0.16099],[-0.0779268,0.189428,0.978797]],[[0.496633,0.858672,-0.126641],[-0.576867,0.217524,-0.787342],[-0.648522,0.464075,0.603369]]],"btipPosition":[-11.9712,279.359,-14.4208],"carpPosition":[-22.6991,299.836,82.3553],"dipPosition":[-27.1449,290.217,-0.303551],"direction":[0.0779268,-0.189428,-0.978797],"extended":false,"handId":575,"id":5750,"length":52.1025,"mcpPosition":[-22.6991,299.836,82.3553],"pipPosition":[-29.8011,296.674,33.0602],"stabilizedTipPosition":[-46.9329,291.134,71.7228],"timeVisible":0.298289,"tipPosition":[-15.6152,282.296,-11.8252],"tipVelocity":[56.8298,-9.333,-228.616],"tool":false,"touchDistance":-0.450216,"touchZone":"hovering","type":0,"width":20.2446},{"bases":[[[0.970026,-0.225509,-0.0905269],[0.241311,0.937795,0.249618],[0.0286046,-0.263981,0.964104]],[[0.95777,-0.271586,0.0944296],[0.267165,0.961969,0.0569148],[-0.106296,-0.0292829,0.993903]],[[0.95777,-0.271586,0.0944296],[0.279324,0.956735,-0.0814581],[-0.0682213,0.104395,0.992193]],[[0.95777,-0.271586,0.0944296],[0.28491,0.94066,-0.184351],[-0.038759,0.20347,0.978314]]],"btipPosition":[-3.65717,333.357,-73.614],"carpPosition":[-8.42934,318.681,80.6708],"dipPosition":[-4.31921,336.832,-56.9034],"direction":[0.0682213,-0.104395,-0.992193],"extended":true,"handId":575,"id":5751,"length":58.7918,"mcpPosition":[-10.5332,338.097,9.76099],"pipPosition":[-5.96771,339.355,-32.9281],"stabilizedTipPosition":[-39.6398,335.663,36.9481],"timeVisible":0.298289,"tipPosition":[-4.00315,332.89,-69.646],"tipVelocity":[48.3847,12.5415,-244.917],"tool":false,"touchDistance":-0.585166,"touchZone":"hovering","type":1,"width":19.3376},{"bases":[[[0.909527,-0.415645,-0.000659279],[0.402401,0.880146,0.251826],[-0.10409,-0.229308,0.967772]],[[0.908053,-0.418675,0.0122822],[0.220469,0.452826,-0.863911],[0.356136,0.787185,0.503495]],[[0.908053,-0.418675,0.0122822],[-0.274175,-0.616309,-0.738235],[0.31665,0.66699,-0.674431]],[[0.908053,-0.418675,0.0122822],[-0.403613,-0.882472,-0.241538],[0.111964,0.214372,-0.970314]]],"btipPosition":[-17.2295,272.759,25.0642],"carpPosition":[3.77706,317.686,79.4254],"dipPosition":[-15.126,276.786,6.83497],"direction":[-0.31665,-0.66699,0.674431],"extended":false,"handId":575,"id":5752,"length":66.9886,"mcpPosition":[11.0373,333.68,11.9239],"pipPosition":[-6.12402,295.748,-12.3383],"stabilizedTipPosition":[-49.5415,280.66,108.693],"timeVisible":0.298289,"tipPosition":[-16.7036,273.753,20.1411],"tipVelocity":[63.5276,-6.30648,-221.63],"tool":false,"touchDistance":0.333333,"touchZone":"none","type":2,"width":18.9921},{"bases":[[[0.851355,-0.510018,0.122782],[0.462831,0.840442,0.281858],[-0.246944,-0.183134,0.951568]],[[0.842411,-0.515984,0.155257],[0.366863,0.338189,-0.866625],[0.394658,0.787013,0.47419]],[[0.842411,-0.515984,0.155257],[-0.26671,-0.649651,-0.711913],[0.468198,0.558315,-0.684891]],[[0.842411,-0.515984,0.155257],[-0.476095,-0.847693,-0.233987],[0.252344,0.123196,-0.959763]]],"btipPosition":[-4.5037,272.138,34.9743],"carpPosition":[15.3405,313.587,78.8503],"dipPosition":[0.209834,274.439,17.0468],"direction":[-0.468198,-0.558315,0.684891],"extended":false,"handId":575,"id":5753,"length":64.4113,"mcpPosition":[30.8049,325.055,19.26],"pipPosition":[13.1764,289.901,-1.92097],"stabilizedTipPosition":[-33.2659,275.873,111.18],"timeVisible":0.298289,"tipPosition":[-3.25993,272.533,29.9725],"tipVelocity":[63.4486,0.677649,-226.33],"tool":false,"touchDistance":0.333333,"touchZone":"none","type":3,"width":18.0722},{"bases":[[[0.728798,-0.659594,0.18382],[0.565966,0.731381,0.380478],[-0.385403,-0.173255,0.906337]],[[0.752725,-0.646669,0.123384],[0.429808,0.340761,-0.83615],[0.498668,0.682422,0.534444]],[[0.752725,-0.646669,0.123384],[-0.346918,-0.548914,-0.760487],[0.559511,0.529634,-0.637523]],[[0.752725,-0.646669,0.123384],[-0.589281,-0.745392,-0.311671],[0.293517,0.161895,-0.942145]]],"btipPosition":[13.1886,275.45,36.1218],"carpPosition":[24.4731,302.676,78.8533],"dipPosition":[18.2466,278.24,19.8866],"direction":[-0.559511,-0.529634,0.637523],"extended":false,"handId":575,"id":5754,"length":50.4973,"mcpPosition":[46.8148,312.72,26.3132],"pipPosition":[29.187,288.596,7.42073],"stabilizedTipPosition":[-16.2257,277.728,116.725],"timeVisible":0.298289,"tipPosition":[14.633,276.008,31.6913],"tipVelocity":[61.9621,6.45663,-229.59],"tool":false,"touchDistance":0.333333,"touchZone":"none","type":4,"width":16.0532}],"r":[[0.95269,0.286005,0.102875],[-0.287239,0.957854,-0.00292965],[-0.0993775,-0.0267588,0.99469]],"s":1.01869,"t":[39.3046,-4.89598,-123.229],"timestamp":522710395250},false],[3,{"currentFrameRate":95.0262,"devices":[],"gestures":[],"hands":[{"armBasis":[[0.953793,-0.281278,-0.105649],[0.286541,0.957308,0.0381527],[0.0904075,-0.0666627,0.993671]],"armWidth":63.703,"confidence":0.744267,"direction":[0.170515,0.355534,-0.918978],"elbow":[32.4181,284.252,352.196],"grabStrength":0,"id":575,"palmNormal":[-0.241826,-0.889014,-0.388812],"palmPosition":[8.89604,319.799,32.1857],"palmVelocity":[45.5807,-3.059,-213.801],"palmWidth":90.9658,"pinchStrength":0.772127,"r":[[0.951741,0.289459,0.101989],[-0.290474,0.956869,-0.00508658],[-0.0990622,-0.0247839,0.994773]],"s":1.02057,"sphereCenter":[10.6276,283.761,0.180773],"sphereRadius":46.5383,"stabilizedPalmPosition":[-29.369,324.528,154.125],"t":[39.7155,-5.00405,-125.172],"timeVisible":0.307352,"type":"right","wrist":[8.01455,302.246,83.9765]}],"id":4197167,"interactionBox":{"center":[0,200,0],"size":[235.247,235.247,147.751]},"pointables":[{"bases":[[[0.633947,0.74843,0.194844],[-0.727153,0.491035,0.479722],[0.263363,-0.445799,0.855513]],[[0.496372,0.858817,-0.12668],[-0.856394,0.508324,0.0905264],[0.14214,0.0635536,0.987804]],[[0.496372,0.858817,-0.12668],[-0.86466,0.47611,-0.160255],[-0.0773163,0.189082,0.978913]],[[0.496372,0.858817,-0.12668],[-0.57464,0.215673,-0.789477],[-0.650696,0.46467,0.600564]]],"btipPosition":[-11.6374,279.165,-15.6627],"carpPosition":[-22.404,299.654,81.0523],"dipPosition":[-26.862,290.038,-1.61111],"direction":[0.0773163,-0.189082,-0.978913],"extended":false,"handId":575,"id":5750,"length":52.1025,"mcpPosition":[-22.404,299.654,81.0523],"pipPosition":[-29.4974,296.483,31.7566],"stabilizedTipPosition":[-46.9105,291.127,71.6634],"timeVisible":0.307352,"tipPosition":[-15.2672,282.04,-13.0551],"tipVelocity":[50.9473,-12.5456,-203.78],"tool":false,"touchDistance":-0.452383,"touchZone":"hovering","type":0,"width":20.2446},{"bases":[[[0.970289,-0.22474,-0.0896166],[0.240294,0.938356,0.24849],[0.0282467,-0.262641,0.96448]],[[0.958121,-0.270356,0.094405],[0.265428,0.962162,0.061582],[-0.107482,-0.0339453,0.993627]],[[0.958121,-0.270356,0.094405],[0.277787,0.957546,-0.0770721],[-0.0695602,0.100069,0.992546]],[[0.958121,-0.270356,0.094405],[0.283539,0.94183,-0.18045],[-0.0401277,0.199661,0.979043]]],"btipPosition":[-3.24538,333.456,-74.9706],"carpPosition":[-8.15056,318.51,79.351],"dipPosition":[-3.9308,336.867,-58.2476],"direction":[0.0695602,-0.100069,-0.992546],"extended":true,"handId":575,"id":5751,"length":58.7918,"mcpPosition":[-10.2281,337.827,8.41352],"pipPosition":[-5.61165,339.285,-34.2637],"stabilizedTipPosition":[-39.6327,335.662,36.927],"timeVisible":0.307352,"tipPosition":[-3.59516,332.94,-71.0008],"tipVelocity":[47.4065,11.6682,-218.525],"tool":false,"touchDistance":-0.575289,"touchZone":"hovering","type":1,"width":19.3376},{"bases":[[[0.909908,-0.414809,0.000472518],[0.401436,0.880858,0.250876],[-0.104482,-0.228085,0.968019]],[[0.908432,-0.417818,0.0133983],[0.220582,0.451879,-0.864378],[0.355098,0.788184,0.502664]],[[0.908432,-0.417818,0.0133983],[-0.273134,-0.61751,-0.737617],[0.316463,0.666415,-0.675086]],[[0.908432,-0.417818,0.0133983],[-0.402641,-0.883151,-0.240676],[0.112392,0.213244,-0.970513]]],"btipPosition":[-16.8744,272.501,23.7986],"carpPosition":[4.05753,317.525,78.1146],"dipPosition":[-14.7629,276.507,5.56559],"direction":[-0.316463,-0.666415,0.675086],"extended":false,"handId":575,"id":5752,"length":66.9886,"mcpPosition":[11.3451,333.433,10.5958],"pipPosition":[-5.76623,295.453,-13.6263],"stabilizedTipPosition":[-49.5116,280.654,108.612],"timeVisible":0.307352,"tipPosition":[-16.3465,273.49,18.882],"tipVelocity":[56.8584,-12.5672,-199.012],"tool":false,"touchDistance":0.333333,"touchZone":"none","type":2,"width":18.9921},{"bases":[[[0.851747,-0.509067,0.124006],[0.461883,0.841251,0.280999],[-0.247368,-0.182064,0.951663]],[[0.84276,-0.515013,0.156577],[0.367075,0.337099,-0.86696],[0.393714,0.788116,0.473142]],[[0.84276,-0.515013,0.156577],[-0.26569,-0.650962,-0.711096],[0.468149,0.557683,-0.685439]],[[0.84276,-0.515013,0.156577],[-0.475173,-0.848445,-0.233133],[0.252913,0.122074,-0.959757]]],"btipPosition":[-4.15967,271.908,33.7321],"carpPosition":[15.625,313.435,77.5522],"dipPosition":[0.564505,274.188,15.8048],"direction":[-0.468149,-0.557683,0.685439],"extended":false,"handId":575,"id":5753,"length":64.4113,"mcpPosition":[31.116,324.836,17.956],"pipPosition":[13.5297,289.633,-3.17818],"stabilizedTipPosition":[-33.2404,275.87,111.111],"timeVisible":0.307352,"tipPosition":[-2.9133,272.299,28.7409],"tipVelocity":[56.483,-6.65689,-201.671],"tool":false,"touchDistance":0.333333,"touchZone":"none","type":3,"width":18.0722},{"bases":[[[0.729289,-0.658672,0.185172],[0.565057,0.732419,0.379832],[-0.385808,-0.172374,0.906333]],[[0.752934,-0.646005,0.125571],[0.431011,0.339872,-0.835893],[0.497313,0.683494,0.534337]],[[0.752934,-0.646005,0.125571],[-0.34488,-0.54984,-0.760745],[0.560489,0.529483,-0.636788]],[[0.752934,-0.646005,0.125571],[-0.588034,-0.746085,-0.312366],[0.295477,0.161351,-0.941626]]],"btipPosition":[13.5017,275.23,34.825],"carpPosition":[24.7677,302.533,77.5758],"dipPosition":[18.5934,278.01,18.5987],"direction":[-0.560489,-0.529483,0.636788],"extended":false,"handId":575,"id":5754,"length":50.4973,"mcpPosition":[47.1329,312.525,25.0359],"pipPosition":[29.553,288.364,6.14726],"stabilizedTipPosition":[-16.2048,277.727,116.667],"timeVisible":0.307352,"tipPosition":[14.9556,275.79,30.4383],"tipVelocity":[54.6257,-2.10148,-205.635],"tool":false,"touchDistance":0.333333,"touchZone":"none","type":4,"width":16.0532}],"r":[[0.951741,0.289459,0.101989],[-0.290474,0.956869,-0.00508658],[-0.0990622,-0.0247839,0.994773]],"s":1.02057,"t":[39.7155,-5.00405,-125.172],"timestamp":522710404313},false],[4,{"currentFrameRate":95.7471,"devices":[],"gestures":[],"hands":[{"armBasis":[[0.953356,-0.282622,-0.106007],[0.288071,0.956778,0.0398859],[0.0901523,-0.0685629,0.993565]],"armWidth":63.703,"confidence":0.749836,"direction":[0.169757,0.354496,-0.919519],"elbow":[32.8346,283.483,350.209],"grabStrength":0,"id":575,"palmNormal":[-0.243978,-0.888897,-0.387732],"palmPosition":[9.33437,319.5,30.2115],"palmVelocity":[46.4775,-11.3536,-215.509],"palmWidth":90.9658,"pinchStrength":0.773399,"r":[[0.951108,0.2919,0.10094],[-0.292724,0.956172,-0.00687611],[-0.0985231,-0.0230076,0.994869]],"s":1.02256,"sphereCenter":[10.6788,283.712,-1.81427],"sphereRadius":46.4829,"stabilizedPalmPosition":[-29.3655,324.528,154.114],"t":[40.1402,-5.20767,-127.13],"timeVisible":0.316324,"type":"right","wrist":[8.49998,301.99,82.0176]}],"id":4197168,"interactionBox":{"center":[0,200,0],"size":[235.247,235.247,147.751]},"pointables":[{"bases":[[[0.635558,0.747466,0.193287],[-0.725563,0.492701,0.480421],[0.263865,-0.445577,0.855474]],[[0.498049,0.857729,-0.127468],[-0.854989,0.510262,0.0928825],[0.14471,0.0627238,0.987484]],[[0.498049,0.857729,-0.127468],[-0.863894,0.478067,-0.158551],[-0.0750559,0.189085,0.979088]],[[0.498049,0.857729,-0.127468],[-0.570805,0.213623,-0.79281],[-0.652786,0.467618,0.595991]]],"btipPosition":[-11.3173,278.933,-17.4567],"carpPosition":[-21.9275,299.45,79.1413],"dipPosition":[-26.5908,289.874,-3.51205],"direction":[0.0750559,-0.189085,-0.979088],"extended":false,"handId":575,"id":5750,"length":52.1025,"mcpPosition":[-21.9275,299.45,79.1413],"pipPosition":[-29.1491,296.319,29.8617],"stabilizedTipPosition":[-46.8924,291.122,71.6151],"timeVisible":0.316324,"tipPosition":[-14.9557,281.777,-14.874],"tipVelocity":[46.4238,-15.7212,-203.482],"tool":false,"touchDistance":-0.462756,"touchZone":"hovering","type":0,"width":20.2446},{"bases":[[[0.969755,-0.226523,-0.0908965],[0.242322,0.938129,0.247373],[0.029237,-0.261917,0.964647]],[[0.957968,-0.271714,0.0920306],[0.266186,0.961518,0.0680224],[-0.106972,-0.040666,0.99343]],[[0.957968,-0.271714,0.0920306],[0.278446,0.957872,-0.0703528],[-0.0690377,0.0930212,0.993268]],[[0.957968,-0.271714,0.0920306],[0.28414,0.942885,-0.173877],[-0.0395294,0.192718,0.980458]]],"btipPosition":[-2.85579,333.75,-76.9636],"carpPosition":[-7.64338,318.278,77.4035],"dipPosition":[-3.531,337.041,-60.2164],"direction":[0.0690377,-0.0930212,-0.993268],"extended":true,"handId":575,"id":5751,"length":58.7918,"mcpPosition":[-9.79376,337.542,6.45365],"pipPosition":[-5.19922,339.289,-36.2151],"stabilizedTipPosition":[-39.6268,335.662,36.9093],"timeVisible":0.316324,"tipPosition":[-3.21472,333.138,-72.9871],"tipVelocity":[46.3871,16.5839,-219.344],"tool":false,"touchDistance":-0.575905,"touchZone":"hovering","type":1,"width":19.3376},{"bases":[[[0.909175,-0.416413,-0.000563776],[0.403366,0.880349,0.249563],[-0.103425,-0.227124,0.968358]],[[0.907716,-0.419404,0.0123462],[0.219964,0.450598,-0.865204],[0.357307,0.788075,0.501268]],[[0.907716,-0.419404,0.0123462],[-0.275393,-0.617716,-0.736604],[0.316562,0.665227,-0.676211]],[[0.907716,-0.419404,0.0123462],[-0.404561,-0.882636,-0.239343],[0.111279,0.21226,-0.970857]]],"btipPosition":[-16.5329,272.238,21.9155],"carpPosition":[4.56107,317.271,76.1494],"dipPosition":[-14.4423,276.225,3.67602],"direction":[-0.316562,-0.665227,0.676211],"extended":false,"handId":575,"id":5752,"length":66.9886,"mcpPosition":[11.7749,333.112,8.60702],"pipPosition":[-5.44284,295.137,-15.5479],"stabilizedTipPosition":[-49.4868,280.648,108.545],"timeVisible":0.316324,"tipPosition":[-16.0111,273.222,17.004],"tipVelocity":[51.5645,-17.2927,-202.036],"tool":false,"touchDistance":0.333333,"touchZone":"none","type":2,"width":18.9921},{"bases":[[[0.851034,-0.51047,0.123133],[0.463789,0.84066,0.279627],[-0.246254,-0.180865,0.95218]],[[0.842063,-0.516387,0.1558],[0.366401,0.335656,-0.867805],[0.395828,0.787832,0.471848]],[[0.842063,-0.516387,0.1558],[-0.267841,-0.651044,-0.710213],[0.468178,0.556315,-0.68653]],[[0.842063,-0.516387,0.1558],[-0.476983,-0.847771,-0.231887],[0.251826,0.120949,-0.960185]]],"btipPosition":[-3.80885,271.63,31.8164],"carpPosition":[16.1205,313.16,75.573],"dipPosition":[0.895023,273.889,13.8811],"direction":[-0.468178,-0.556315,0.68653],"extended":false,"handId":575,"id":5753,"length":64.4113,"mcpPosition":[31.5417,324.487,15.9443],"pipPosition":[13.861,289.296,-5.13208],"stabilizedTipPosition":[-33.2195,275.867,111.054],"timeVisible":0.316324,"tipPosition":[-2.56848,272.018,26.8323],"tipVelocity":[51.5805,-13.4748,-204.972],"tool":false,"touchDistance":0.333333,"touchZone":"none","type":3,"width":18.0722},{"bases":[[[0.728405,-0.659809,0.184603],[0.566919,0.731725,0.378392],[-0.384745,-0.170967,0.907051]],[[0.751447,-0.64757,0.126413],[0.430388,0.335873,-0.837828],[0.500094,0.68399,0.531097]],[[0.751447,-0.64757,0.126413],[-0.347367,-0.551183,-0.758639],[0.560948,0.526165,-0.63913]],[[0.751447,-0.64757,0.126413],[-0.59009,-0.745321,-0.310307],[0.295163,0.158584,-0.942194]]],"btipPosition":[13.8144,274.953,32.9692],"carpPosition":[25.2439,302.242,75.5915],"dipPosition":[18.9008,277.685,16.7332],"direction":[-0.560948,-0.526165,0.63913],"extended":false,"handId":575,"id":5754,"length":50.4973,"mcpPosition":[47.5475,312.153,23.01],"pipPosition":[29.8693,287.974,4.23588],"stabilizedTipPosition":[-16.1879,277.725,116.619],"timeVisible":0.316324,"tipPosition":[15.2718,275.497,28.575],"tipVelocity":[49.1747,-10.3255,-206.034],"tool":false,"touchDistance":0.333333,"touchZone":"none","type":4,"width":16.0532}],"r":[[0.951108,0.2919,0.10094],[-0.292724,0.956172,-0.00687611],[-0.0985231,-0.0230076,0.994869]],"s":1.02256,"t":[40.1402,-5.20767,-127.13],"timestamp":522710413285},false],[5,{"currentFrameRate":96.3705,"devices":[],"gestures":[],"hands":[{"armBasis":[[0.952958,-0.284529,-0.104475],[0.290312,0.955884,0.0447748],[0.0871265,-0.0729989,0.993519]],"armWidth":63.703,"confidence":0.753844,"direction":[0.16729,0.347299,-0.922712],"elbow":[32.6602,282.206,347.735],"grabStrength":0,"id":575,"palmNormal":[-0.248284,-0.890897,-0.380339],"palmPosition":[9.8301,319.043,27.6215],"palmVelocity":[48.677,-22.1248,-234.58],"palmWidth":90.9658,"pinchStrength":0.773185,"r":[[0.950859,0.293391,0.0989378],[-0.293925,0.955782,-0.00946367],[-0.0973395,-0.0200816,0.995049]],"s":1.02464,"sphereCenter":[10.7097,283.261,-4.19924],"sphereRadius":46.4567,"stabilizedPalmPosition":[-29.3625,324.527,154.104],"t":[40.6003,-5.53807,-129.405],"timeVisible":0.325436,"type":"right","wrist":[9.14233,301.91,79.5559]}],"id":4197169,"interactionBox":{"center":[0,200,0],"size":[235.247,235.247,147.751]},"pointables":[{"bases":[[[0.638656,0.746821,0.185409],[-0.722131,0.498464,0.479646],[0.26579,-0.440218,0.85765]],[[0.501293,0.854885,-0.133703],[-0.852201,0.51455,0.0948294],[0.149865,0.0664042,0.986474]],[[0.501293,0.854885,-0.133703],[-0.862411,0.481063,-0.157562],[-0.0703782,0.194291,0.978416]],[[0.501293,0.854885,-0.133703],[-0.568686,0.209047,-0.795547],[-0.652152,0.474837,0.590955]]],"btipPosition":[-11.1253,278.399,-19.591],"carpPosition":[-21.304,299.446,76.8159],"dipPosition":[-26.3839,289.509,-5.76417],"direction":[0.0703782,-0.194291,-0.978416],"extended":false,"handId":575,"id":5750,"length":52.1025,"mcpPosition":[-21.304,299.446,76.8159],"pipPosition":[-28.7829,296.132,27.5866],"stabilizedTipPosition":[-46.8778,291.117,71.5753],"timeVisible":0.325436,"tipPosition":[-14.7505,281.181,-17.0145],"tipVelocity":[39.493,-26.425,-212.839],"tool":false,"touchDistance":-0.477235,"touchZone":"hovering","type":0,"width":20.2446},{"bases":[[[0.968676,-0.230254,-0.0930075],[0.246237,0.939118,0.239634],[0.0321683,-0.25503,0.966398]],[[0.957634,-0.273841,0.089154],[0.268421,0.960885,0.0681965],[-0.104342,-0.0413764,0.99368]],[[0.957634,-0.273841,0.089154],[0.28028,0.957362,-0.0700037],[-0.0661828,0.0920261,0.993555]],[[0.957634,-0.273841,0.089154],[0.285671,0.942456,-0.173693],[-0.0364595,0.191803,0.980756]]],"btipPosition":[-2.62991,333.251,-79.6322],"carpPosition":[-6.96751,318.216,74.8865],"dipPosition":[-3.25268,336.527,-62.8798],"direction":[0.0661828,-0.0920261,-0.993555],"extended":true,"handId":575,"id":5751,"length":58.7918,"mcpPosition":[-9.33349,336.974,3.80789],"pipPosition":[-4.85192,338.751,-38.8716],"stabilizedTipPosition":[-39.6222,335.662,36.8951],"timeVisible":0.325436,"tipPosition":[-2.99158,332.575,-75.6457],"tipVelocity":[40.7616,-3.30706,-239.708],"tool":false,"touchDistance":-0.586658,"touchZone":"hovering","type":1,"width":19.3376},{"bases":[[[0.90785,-0.419293,-0.00106844],[0.407104,0.880844,0.241619],[-0.100368,-0.219789,0.970371]],[[0.906434,-0.422181,0.0118483],[0.217899,0.443435,-0.869417],[0.361798,0.790651,0.493937]],[[0.906434,-0.422181,0.0118483],[-0.280261,-0.622242,-0.730937],[0.31596,0.659225,-0.682342]],[[0.906434,-0.422181,0.0118483],[-0.408269,-0.883056,-0.231361],[0.108139,0.204876,-0.972796]]],"btipPosition":[-16.2188,271.801,19.7822],"carpPosition":[5.22873,317.161,73.5925],"dipPosition":[-14.1872,275.65,1.50633],"direction":[-0.31596,-0.659225,0.682342],"extended":false,"handId":575,"id":5752,"length":66.9886,"mcpPosition":[12.2294,332.491,5.90976],"pipPosition":[-5.2048,294.391,-17.8919],"stabilizedTipPosition":[-49.4662,280.643,108.488],"timeVisible":0.325436,"tipPosition":[-15.7134,272.748,14.8686],"tipVelocity":[46.4088,-26.7522,-211.192],"tool":false,"touchDistance":0.333333,"touchZone":"none","type":2,"width":18.9921},{"bases":[[[0.849896,-0.512267,0.12353],[0.467519,0.841181,0.271736],[-0.243112,-0.173194,0.954411]],[[0.841025,-0.517925,0.156305],[0.363904,0.327805,-0.871848],[0.400314,0.790125,0.464167]],[[0.841025,-0.517925,0.156305],[-0.272673,-0.655353,-0.704387],[0.467255,0.549787,-0.692392]],[[0.841025,-0.517925,0.156305],[-0.480482,-0.847873,-0.224161],[0.248625,0.113423,-0.961936]]],"btipPosition":[-3.46829,271.218,29.643],"carpPosition":[16.7728,313.01,73.0011],"dipPosition":[1.17579,273.336,11.675],"direction":[-0.467255,-0.549787,0.692392],"extended":false,"handId":575,"id":5753,"length":64.4113,"mcpPosition":[31.9973,323.856,13.2327],"pipPosition":[14.1162,288.562,-7.50053],"stabilizedTipPosition":[-33.2021,275.865,111.006],"timeVisible":0.325436,"tipPosition":[-2.24481,271.573,24.6629],"tipVelocity":[47.22,-23.2687,-214.509],"tool":false,"touchDistance":0.333333,"touchZone":"none","type":3,"width":18.0722},{"bases":[[[0.727037,-0.660768,0.186554],[0.57069,0.732637,0.370886],[-0.381747,-0.163183,0.909748]],[[0.7496,-0.649201,0.128988],[0.428616,0.327608,-0.841998],[0.504369,0.686448,0.523833]],[[0.7496,-0.649201,0.128988],[-0.35172,-0.555776,-0.753263],[0.560708,0.519278,-0.644947]],[[0.7496,-0.649201,0.128988],[-0.59357,-0.745566,-0.302993],[0.292873,0.15056,-0.944223]]],"btipPosition":[14.1515,274.508,30.6903],"carpPosition":[25.8618,302.063,73.0634],"dipPosition":[19.1984,277.103,14.4192],"direction":[-0.560708,-0.519278,0.644947],"extended":false,"handId":575,"id":5754,"length":50.4973,"mcpPosition":[47.9916,311.522,20.3256],"pipPosition":[30.1622,287.257,1.80818],"stabilizedTipPosition":[-16.1741,277.724,116.58],"timeVisible":0.325436,"tipPosition":[15.6,275.016,26.3008],"tipVelocity":[45.5192,-21.9601,-218.509],"tool":false,"touchDistance":0.333333,"touchZone":"none","type":4,"width":16.0532}],"r":[[0.950859,0.293391,0.0989378],[-0.293925,0.955782,-0.00946367],[-0.0973395,-0.0200816,0.995049]],"s":1.02464,"t":[40.6003,-5.53807,-129.405],"timestamp":522710422397},false],[6,{"currentFrameRate":97.0263,"devices":[],"gestures":[],"hands":[{"armBasis":[[0.953354,-0.283756,-0.102948],[0.288828,0.956629,0.0379412],[0.0877166,-0.0659055,0.993963]],"armWidth":63.703,"confidence":0.755204,"direction":[0.167179,0.343824,-0.924033],"elbow":[33.0311,284.279,346.162],"grabStrength":0,"id":575,"palmNormal":[-0.246506,-0.892879,-0.376831],"palmPosition":[10.0397,318.99,25.8599],"palmVelocity":[41.7265,-17.6642,-224.019],"palmWidth":90.9658,"pinchStrength":0.773063,"r":[[0.950543,0.294994,0.0971949],[-0.295223,0.955349,-0.0123438],[-0.0964964,-0.0169609,0.995189]],"s":1.02658,"sphereCenter":[10.8123,283.274,-5.85937],"sphereRadius":46.4383,"stabilizedPalmPosition":[-29.36,324.527,154.096],"t":[40.9352,-5.72959,-131.422],"timeVisible":0.334421,"type":"right","wrist":[9.3539,302.069,77.8635]}],"id":4197170,"interactionBox":{"center":[0,200,0],"size":[235.247,235.247,147.751]},"pointables":[{"bases":[[[0.637237,0.748698,0.1827],[-0.72327,0.499142,0.477219],[0.2661,-0.436243,0.859583]],[[0.500828,0.85493,-0.135154],[-0.852366,0.514298,0.0947068],[0.150477,0.0677685,0.986288]],[[0.500828,0.85493,-0.135154],[-0.862622,0.480186,-0.159076],[-0.0711004,0.196256,0.977971]],[[0.500828,0.85493,-0.135154],[-0.564349,0.204149,-0.799896],[-0.656263,0.476884,0.584723]]],"btipPosition":[-10.8176,278.31,-21.1194],"carpPosition":[-21.0865,299.539,75.1172],"dipPosition":[-26.1724,289.468,-7.43846],"direction":[0.0711004,-0.196256,-0.977971],"extended":false,"handId":575,"id":5750,"length":52.1025,"mcpPosition":[-21.0865,299.539,75.1172],"pipPosition":[-28.5959,296.157,25.8972],"stabilizedTipPosition":[-46.8664,291.114,71.5437],"timeVisible":0.334421,"tipPosition":[-14.4515,281.013,-18.556],"tipVelocity":[37.3804,-21.5746,-202.147],"tool":false,"touchDistance":-0.481275,"touchZone":"hovering","type":0,"width":20.2446},{"bases":[[[0.969131,-0.228921,-0.0915467],[0.24445,0.940522,0.235929],[0.0320925,-0.251025,0.967448]],[[0.958225,-0.271567,0.0897582],[0.265784,0.961391,0.0713144],[-0.105659,-0.0444789,0.993407]],[[0.958225,-0.271567,0.0897582],[0.277884,0.95825,-0.0673575],[-0.0677188,0.0894859,0.993683]],[[0.958225,-0.271567,0.0897582],[0.283472,0.943487,-0.171686],[-0.0380614,0.189958,0.981054]]],"btipPosition":[-2.31787,333.293,-81.4736],"carpPosition":[-6.78212,318.327,73.1188],"dipPosition":[-2.96799,336.538,-64.7161],"direction":[0.0677188,-0.0894859,-0.993683],"extended":true,"handId":575,"id":5751,"length":58.7918,"mcpPosition":[-9.14252,336.79,1.96297],"pipPosition":[-4.60435,338.7,-40.7048],"stabilizedTipPosition":[-39.6186,335.662,36.8842],"timeVisible":0.334421,"tipPosition":[-2.68485,332.581,-77.4861],"tipVelocity":[38.9156,-1.33081,-230.139],"tool":false,"touchDistance":-0.583929,"touchZone":"hovering","type":1,"width":19.3376},{"bases":[[[0.908589,-0.41769,0.0011309],[0.405419,0.882541,0.238239],[-0.100508,-0.216002,0.971206]],[[0.90717,-0.420528,0.0140583],[0.217506,0.440083,-0.871217],[0.360185,0.7934,0.490698]],[[0.90717,-0.420528,0.0140583],[-0.278784,-0.62575,-0.728503],[0.315153,0.656957,-0.684898]],[[0.90717,-0.420528,0.0140583],[-0.406574,-0.884692,-0.228073],[0.108348,0.201185,-0.973543]]],"btipPosition":[-15.9243,271.666,18.21],"carpPosition":[5.41667,317.288,71.8357],"dipPosition":[-13.8888,275.445,-0.0799657],"direction":[-0.315153,-0.656957,0.684898],"extended":false,"handId":575,"id":5752,"length":66.9886,"mcpPosition":[12.427,332.354,4.0947],"pipPosition":[-4.92937,294.122,-19.5508],"stabilizedTipPosition":[-49.4495,280.639,108.442],"timeVisible":0.334421,"tipPosition":[-15.4173,272.595,13.2999],"tipVelocity":[42.697,-24.0476,-201.364],"tool":false,"touchDistance":0.333333,"touchZone":"none","type":2,"width":18.9921},{"bases":[[[0.85073,-0.510257,0.126077],[0.465887,0.843108,0.268549],[-0.243326,-0.169725,0.95498]],[[0.841828,-0.51581,0.158953],[0.364242,0.325578,-0.87254],[0.398313,0.792426,0.461961]],[[0.841828,-0.51581,0.158953],[-0.270527,-0.658057,-0.702692],[0.467056,0.548545,-0.693511]],[[0.841828,-0.51581,0.158953],[-0.478607,-0.849511,-0.22196],[0.249521,0.110776,-0.962012]]],"btipPosition":[-3.18124,271.126,28.0047],"carpPosition":[16.9684,313.154,71.2674],"dipPosition":[1.47957,273.196,10.0353],"direction":[-0.467056,-0.548545,0.693511],"extended":false,"handId":575,"id":5753,"length":64.4113,"mcpPosition":[32.2062,323.783,11.4635],"pipPosition":[14.4145,288.387,-9.17124],"stabilizedTipPosition":[-33.1883,275.863,110.967],"timeVisible":0.334421,"tipPosition":[-1.95731,271.48,23.0798],"tipVelocity":[43.1497,-20.0184,-205.698],"tool":false,"touchDistance":0.333333,"touchZone":"none","type":3,"width":18.0722},{"bases":[[[0.728099,-0.658717,0.189641],[0.569195,0.735151,0.368198],[-0.381953,-0.160142,0.910201]],[[0.750205,-0.647625,0.133321],[0.428782,0.323016,-0.843687],[0.503327,0.690104,0.520018]],[[0.750205,-0.647625,0.133321],[-0.350308,-0.560307,-0.75056],[0.560782,0.51637,-0.647213]],[[0.750205,-0.647625,0.133321],[-0.592181,-0.747786,-0.300231],[0.294133,0.146284,-0.944504]]],"btipPosition":[14.392,274.495,29.1639],"carpPosition":[26.0766,302.224,71.3793],"dipPosition":[19.4605,277.015,12.888],"direction":[-0.560782,-0.51637,0.647213],"extended":false,"handId":575,"id":5754,"length":50.4973,"mcpPosition":[48.2183,311.507,18.6152],"pipPosition":[30.4258,287.112,0.232675],"stabilizedTipPosition":[-16.1632,277.723,116.549],"timeVisible":0.334421,"tipPosition":[15.8515,274.981,24.7777],"tipVelocity":[40.528,-16.8722,-205.208],"tool":false,"touchDistance":0.333333,"touchZone":"none","type":4,"width":16.0532}],"r":[[0.950543,0.294994,0.0971949],[-0.295223,0.955349,-0.0123438],[-0.09649