{"sensorType":"Leap","data":[[0,{"currentFrameRate":104.358,"devices":[],"gestures":[],"hands":[{"armBasis":[[0.954883,-0.263345,-0.137286],[0.275031,0.958567,0.0742155],[0.112054,-0.108625,0.987747]],"armWidth":63.703,"confidence":0.738096,"direction":[0.245861,0.367707,-0.896852],"elbow":[39.8074,267.223,358.239],"grabStrength":0,"id":584,"palmNormal":[-0.201098,-0.885772,-0.418292],"palmPosition":[14.7393,314.727,40.2984],"palmVelocity":[28.8195,32.2356,-193.485],"palmWidth":90.9658,"pinchStrength":0.789395,"r":[[0.99911,0.0367383,0.0207131],[-0.0387818,0.993299,0.108873],[-0.0165745,-0.10958,0.99384]],"s":0.962357,"sphereCenter":[15.4725,277.394,7.00945],"sphereRadius":46.5298,"stabilizedPalmPosition":[-12.4888,313.722,149.262],"t":[27.3103,0.682531,-108.444],"timeVisible":0.298078,"type":"right","wrist":[9.56096,296.544,91.6181]}],"id":4199857,"interactionBox":{"center":[0,200,0],"size":[235.247,235.247,147.751]},"pointables":[{"bases":[[[0.609402,0.750052,0.257004],[-0.769135,0.480542,0.421321],[0.192511,-0.454425,0.869734]],[[0.490032,0.866635,-0.0938798],[-0.854401,0.498863,0.145377],[0.172822,0.00897187,0.984912]],[[0.490032,0.866635,-0.0938798],[-0.853982,0.455671,-0.251155],[-0.174881,0.203246,0.963383]],[[0.490032,0.866635,-0.0938798],[-0.433079,0.148575,-0.889027],[-0.756513,0.476308,0.448127]]],"btipPosition":[-5.43903,275.273,-6.40408],"carpPosition":[-20.476,293.793,86.0707],"dipPosition":[-23.1394,286.418,4.08093],"direction":[0.174881,-0.203246,-0.963383],"extended":false,"handId":584,"id":5840,"length":52.1025,"mcpPosition":[-20.476,293.793,86.0707],"pipPosition":[-29.1005,293.346,36.9193],"stabilizedTipPosition":[-39.5702,275.263,101.749],"timeVisible":0.298078,"tipPosition":[-9.95269,278.751,-4.40127],"tipVelocity":[10.194,31.8843,-190.062],"tool":false,"touchDistance":-0.37405,"touchZone":"hovering","type":0,"width":20.2446},{"bases":[[[0.976035,-0.217438,-0.00879301],[0.211209,0.936797,0.278931],[-0.0524129,-0.274104,0.960271]],[[0.966104,-0.243417,0.0859771],[0.238264,0.968957,0.0659784],[-0.0993684,-0.0432567,0.99411]],[[0.966104,-0.243417,0.0859771],[0.258125,0.915871,-0.307493],[-0.00389503,0.319263,0.947658]],[[0.966104,-0.243417,0.0859771],[0.24893,0.790164,-0.560067],[0.0683936,0.562485,0.823974]]],"btipPosition":[0.779682,317.454,-64.4863],"carpPosition":[-6.26914,312.759,85.8131],"dipPosition":[1.94792,327.062,-50.412],"direction":[0.00389503,-0.319263,-0.947658],"extended":true,"handId":584,"id":5841,"length":58.7918,"mcpPosition":[-2.41417,332.919,15.1852],"pipPosition":[1.8538,334.777,-27.5128],"stabilizedTipPosition":[-24.6733,314.938,48.3849],"timeVisible":0.298078,"tipPosition":[1.09357,319.768,-60.5745],"tipVelocity":[11.0033,83.841,-211.272],"tool":false,"touchDistance":-0.486414,"touchZone":"hovering","type":1,"width":19.3376},{"bases":[[[0.909577,-0.408965,0.0736027],[0.371977,0.880304,0.294444],[-0.18521,-0.240441,0.95283]],[[0.910141,-0.408225,0.0706794],[0.241655,0.384518,-0.890926],[0.336521,0.827948,0.448615]],[[0.910141,-0.408225,0.0706794],[-0.122824,-0.428797,-0.895013],[0.395674,0.805907,-0.440405]],[[0.910141,-0.408225,0.0706794],[-0.267801,-0.709855,-0.651451],[0.316111,0.573984,-0.755392]]],"btipPosition":[-14.4782,255.046,24.2499],"carpPosition":[6.00692,311.867,85.6152],"dipPosition":[-8.53947,265.829,10.0584],"direction":[-0.395674,-0.805907,0.440405],"extended":false,"handId":584,"id":5842,"length":66.9886,"mcpPosition":[18.9252,328.637,19.1558],"pipPosition":[2.70907,288.74,-2.46184],"stabilizedTipPosition":[-38.5346,255.057,126.616],"timeVisible":0.298078,"tipPosition":[-13.022,257.669,20.5498],"tipVelocity":[4.28463,41.3425,-204.142],"tool":false,"touchDistance":0.333333,"touchZone":"none","type":2,"width":18.9921},{"bases":[[[0.841761,-0.50508,0.19061],[0.429918,0.840723,0.329174],[-0.326509,-0.195139,0.924831]],[[0.849879,-0.499895,0.166765],[0.351465,0.301899,-0.886188],[0.392655,0.811765,0.432273]],[[0.849879,-0.499895,0.166765],[-0.0981493,-0.461073,-0.881917],[0.517757,0.733155,-0.440921]],[[0.849879,-0.499895,0.166765],[-0.286001,-0.703337,-0.650784],[0.442616,0.505393,-0.740722]]],"btipPosition":[-2.08852,254.074,34.8207],"carpPosition":[17.6101,307.858,85.9982],"dipPosition":[6.17912,263.514,20.9848],"direction":[-0.517757,-0.733155,0.440921],"extended":false,"handId":584,"id":5843,"length":64.4113,"mcpPosition":[38.0572,320.078,28.0823],"pipPosition":[20.5182,283.819,8.77362],"stabilizedTipPosition":[-25.8301,254.605,138.321],"timeVisible":0.298078,"tipPosition":[-0.0909438,256.417,31.4009],"tipVelocity":[8.0534,33.0048,-211.938],"tool":false,"touchDistance":0.333333,"touchZone":"none","type":3,"width":18.0722},{"bases":[[[0.71563,-0.656193,0.239341],[0.525062,0.731365,0.435218],[-0.460633,-0.185787,0.867929]],[[0.689776,-0.665248,0.28575],[0.552543,0.228634,-0.801513],[0.467873,0.710754,0.525285]],[[0.689776,-0.665248,0.28575],[-0.0355,-0.425271,-0.90437],[0.723152,0.613669,-0.316958]],[[0.689776,-0.665248,0.28575],[-0.3045,-0.624617,-0.71912],[0.656878,0.409021,-0.633414]]],"btipPosition":[11.5015,263.612,34.9095],"carpPosition":[26.7976,297.015,86.6791],"dipPosition":[22.821,270.66,23.9944],"direction":[-0.723152,-0.613669,0.316958],"extended":false,"handId":584,"id":5844,"length":50.4973,"mcpPosition":[53.5004,307.785,36.3654],"pipPosition":[36.9612,282.66,17.7967],"stabilizedTipPosition":[-12.823,266.153,146.064],"timeVisible":0.298078,"tipPosition":[14.1251,265.696,32.8764],"tipVelocity":[11.6144,27.3501,-211.043],"tool":false,"touchDistance":0.333333,"touchZone":"none","type":4,"width":16.0532}],"r":[[0.99911,0.0367383,0.0207131],[-0.0387818,0.993299,0.108873],[-0.0165745,-0.10958,0.99384]],"s":0.962357,"t":[27.3103,0.682531,-108.444],"timestamp":522738414461},false],[1,{"currentFrameRate":104.648,"devices":[],"gestures":[],"hands":[{"armBasis":[[0.952695,-0.26691,-0.145369],[0.278936,0.957795,0.0694455],[0.120698,-0.106709,0.986937]],"armWidth":63.703,"confidence":0.739829,"direction":[0.247063,0.372207,-0.894663],"elbow":[42.1272,267.759,356.867],"grabStrength":0,"id":584,"palmNormal":[-0.203055,-0.8829,-0.423387],"palmPosition":[14.7878,315.025,39.2515],"palmVelocity":[22.3733,32.4559,-172.212],"palmWidth":90.9658,"pinchStrength":0.790054,"r":[[0.999234,0.0340263,0.0193271],[-0.0359737,0.993119,0.111449],[-0.0154019,-0.112059,0.993582]],"s":0.963886,"sphereCenter":[15.4082,277.887,5.72544],"sphereRadius":46.5659,"stabilizedPalmPosition":[-12.4877,313.722,149.258],"t":[27.4431,0.9818,-109.776],"timeVisible":0.307093,"type":"right","wrist":[9.54747,296.563,90.4654]}],"id":4199858,"interactionBox":{"center":[0,200,0],"size":[235.247,235.247,147.751]},"pointables":[{"bases":[[[0.611094,0.747125,0.261474],[-0.768141,0.479973,0.423774],[0.191112,-0.459815,0.867206]],[[0.491826,0.866086,-0.08945],[-0.853701,0.499874,0.14602],[0.17118,0.00454712,0.985229]],[[0.491826,0.866086,-0.08945],[-0.853379,0.45911,-0.246905],[-0.172774,0.197769,0.964902]],[[0.491826,0.866086,-0.08945],[-0.432224,0.153675,-0.888575],[-0.755837,0.475687,0.449925]]],"btipPosition":[-5.46268,275.818,-7.69253],"carpPosition":[-20.4939,293.916,84.8919],"dipPosition":[-23.1473,286.947,2.83453],"direction":[0.172774,-0.197769,-0.964902],"extended":false,"handId":584,"id":5840,"length":52.1025,"mcpPosition":[-20.4939,293.916,84.8919],"pipPosition":[-29.0365,293.689,35.7247],"stabilizedTipPosition":[-39.5682,275.263,101.742],"timeVisible":0.307093,"tipPosition":[-9.95391,279.288,-5.65244],"tipVelocity":[6.78077,39.6154,-176.805],"tool":false,"touchDistance":-0.38416,"touchZone":"hovering","type":0,"width":20.2446},{"bases":[[[0.975517,-0.219711,-0.00968645],[0.213339,0.934691,0.284322],[-0.0534147,-0.279427,0.95868]],[[0.965568,-0.24607,0.0844329],[0.240591,0.968097,0.0700307],[-0.0989716,-0.0473056,0.993965]],[[0.965568,-0.24607,0.0844329],[0.260089,0.920253,-0.292383],[-0.00575306,0.304275,0.952567]],[[0.965568,-0.24607,0.0844329],[0.251931,0.803488,-0.539386],[0.0648858,0.542085,0.837815]]],"btipPosition":[0.968435,318.82,-65.7842],"carpPosition":[-6.24184,312.848,84.747],"dipPosition":[2.07675,328.079,-51.4735],"direction":[0.00575306,-0.304275,-0.952567],"extended":true,"handId":584,"id":5841,"length":58.7918,"mcpPosition":[-2.31319,333.4,14.2361],"pipPosition":[1.93774,335.432,-28.4557],"stabilizedTipPosition":[-24.6693,314.939,48.3678],"timeVisible":0.307093,"tipPosition":[1.23616,320.91,-61.7919],"tipVelocity":[13.3146,99.9934,-191.108],"tool":false,"touchDistance":-0.484759,"touchZone":"hovering","type":1,"width":19.3376},{"bases":[[[0.908573,-0.411544,0.0715967],[0.373966,0.877729,0.29957],[-0.186128,-0.245406,0.951384]],[[0.909124,-0.41081,0.0687591],[0.242892,0.388769,-0.888742],[0.338373,0.824678,0.453222]],[[0.909124,-0.41081,0.0687591],[-0.123249,-0.423004,-0.897707],[0.397872,0.807653,-0.435195]],[[0.909124,-0.41081,0.0687591],[-0.268928,-0.704981,-0.656262],[0.318073,0.578133,-0.751394]]],"btipPosition":[-14.5776,255.484,22.8387],"carpPosition":[6.03212,311.928,84.5483],"dipPosition":[-8.60192,266.345,8.72224],"direction":[-0.397872,-0.807653,0.435195],"extended":false,"handId":584,"id":5842,"length":66.9886,"mcpPosition":[19.0145,329.045,18.1898],"pipPosition":[2.70912,289.306,-3.64984],"stabilizedTipPosition":[-38.5337,255.057,126.612],"timeVisible":0.307093,"tipPosition":[-13.1104,258.131,19.1715],"tipVelocity":[0.335921,43.8704,-190.527],"tool":false,"touchDistance":0.333333,"touchZone":"none","type":2,"width":18.9921},{"bases":[[[0.840486,-0.50816,0.188033],[0.4318,0.837812,0.334095],[-0.327309,-0.19961,0.923593]],[[0.848726,-0.502789,0.163914],[0.351822,0.305423,-0.884838],[0.394823,0.808654,0.436112]],[[0.848726,-0.502789,0.163914],[-0.0989921,-0.455524,-0.884702],[0.519485,0.734644,-0.436387]],[[0.848726,-0.502789,0.163914],[-0.287089,-0.698363,-0.655644],[0.444122,0.509404,-0.737064]]],"btipPosition":[-2.1958,254.408,33.4473],"carpPosition":[17.6256,307.889,84.9127],"dipPosition":[6.09996,263.923,19.6796],"direction":[-0.519485,-0.734644,0.436387],"extended":false,"handId":584,"id":5843,"length":64.4113,"mcpPosition":[38.1228,320.39,27.0742],"pipPosition":[20.4869,284.269,7.59406],"stabilizedTipPosition":[-25.8296,254.605,138.318],"timeVisible":0.307093,"tipPosition":[-0.188781,256.777,30.0411],"tipVelocity":[2.76405,34.6529,-195.074],"tool":false,"touchDistance":0.333333,"touchZone":"none","type":3,"width":18.0722},{"bases":[[[0.713978,-0.659246,0.23586],[0.526645,0.727627,0.439549],[-0.46139,-0.189614,0.866698]],[[0.688323,-0.66843,0.281803],[0.55278,0.23177,-0.800448],[0.46973,0.706742,0.529028]],[[0.688323,-0.66843,0.281803],[-0.0360504,-0.419518,-0.907031],[0.724508,0.614171,-0.312861]],[[0.688323,-0.66843,0.281803],[-0.305136,-0.619234,-0.723492],[0.658106,0.412008,-0.630195]]],"btipPosition":[11.4214,263.92,33.569],"carpPosition":[26.787,297.021,85.5351],"dipPosition":[22.762,271.02,22.7094],"direction":[-0.724508,-0.614171,0.312861],"extended":false,"handId":584,"id":5844,"length":50.4973,"mcpPosition":[53.5336,308.013,35.2928],"pipPosition":[36.9288,283.029,16.5918],"stabilizedTipPosition":[-12.8225,266.153,146.062],"timeVisible":0.307093,"tipPosition":[14.0539,266.013,31.5398],"tipVelocity":[6.12617,29.5985,-193.511],"tool":false,"touchDistance":0.333333,"touchZone":"none","type":4,"width":16.0532}],"r":[[0.999234,0.0340263,0.0193271],[-0.0359737,0.993119,0.111449],[-0.0154019,-0.112059,0.993582]],"s":0.963886,"t":[27.4431,0.9818,-109.776],"timestamp":522738423476},false],[2,{"currentFrameRate":104.868,"devices":[],"gestures":[],"hands":[{"armBasis":[[0.951119,-0.269902,-0.150082],[0.281737,0.957371,0.0637585],[0.126476,-0.102926,0.986615]],"armWidth":63.703,"confidence":0.750007,"direction":[0.246053,0.375818,-0.893431],"elbow":[43.879,268.886,355.43],"grabStrength":0,"id":584,"palmNormal":[-0.204883,-0.880774,-0.42692],"palmPosition":[14.9186,315.349,37.9739],"palmVelocity":[20.1383,33.2901,-163.261],"palmWidth":90.9658,"pinchStrength":0.792161,"r":[[0.99934,0.0315886,0.0179099],[-0.0334343,0.992873,0.11439],[-0.0141688,-0.114913,0.993274]],"s":0.965681,"sphereCenter":[15.3696,278.391,4.25678],"sphereRadius":46.5847,"stabilizedPalmPosition":[-12.4868,313.722,149.254],"t":[27.5748,1.29323,-111.08],"timeVisible":0.316219,"type":"right","wrist":[9.73963,296.668,89.1149]}],"id":4199859,"interactionBox":{"center":[0,200,0],"size":[235.247,235.247,147.751]},"pointables":[{"bases":[[[0.612479,0.745194,0.263733],[-0.766824,0.479082,0.427154],[0.191963,-0.46386,0.864861]],[[0.492361,0.865993,-0.0873872],[-0.85344,0.50005,0.146937],[0.170945,0.00223368,0.985278]],[[0.492361,0.865993,-0.0873872],[-0.853879,0.461115,-0.241378],[-0.168736,0.193463,0.966489]],[[0.492361,0.865993,-0.0873872],[-0.432476,0.156276,-0.887999],[-0.755345,0.475009,0.451466]]],"btipPosition":[-5.42051,276.264,-9.09712],"carpPosition":[-20.3143,294.084,83.5798],"dipPosition":[-23.0936,287.378,1.46599],"direction":[0.168736,-0.193463,-0.966489],"extended":false,"handId":584,"id":5840,"length":52.1025,"mcpPosition":[-20.3143,294.084,83.5798],"pipPosition":[-28.8452,293.972,34.4102],"stabilizedTipPosition":[-39.5663,275.263,101.735],"timeVisible":0.316219,"tipPosition":[-9.90017,279.733,-7.02448],"tipVelocity":[6.26128,42.0839,-170.192],"tool":false,"touchDistance":-0.395022,"touchZone":"hovering","type":0,"width":20.2446},{"bases":[[[0.975218,-0.220904,-0.012274],[0.215003,0.933162,0.288066],[-0.0521812,-0.283566,0.957532]],[[0.965473,-0.247519,0.0812182],[0.241956,0.967572,0.0725318],[-0.0965376,-0.0503763,0.994054]],[[0.965473,-0.247519,0.0812182],[0.260432,0.924405,-0.278659],[-0.00610502,0.29019,0.95695]],[[0.965473,-0.247519,0.0812182],[0.252931,0.816058,-0.519687],[0.0623536,0.522286,0.850488]]],"btipPosition":[1.02841,320.085,-67.2786],"carpPosition":[-6.03836,312.999,83.4943],"dipPosition":[2.09347,329.007,-52.7514],"direction":[0.00610502,-0.29019,-0.95695],"extended":true,"handId":584,"id":5841,"length":58.7918,"mcpPosition":[-2.20043,333.855,13.0679],"pipPosition":[1.94595,336.019,-29.6277],"stabilizedTipPosition":[-24.6626,314.941,48.3389],"timeVisible":0.316219,"tipPosition":[1.25704,321.962,-63.2179],"tipVelocity":[11.1383,108.367,-181.991],"tool":false,"touchDistance":-0.486285,"touchZone":"hovering","type":1,"width":19.3376},{"bases":[[[0.908165,-0.413007,0.0682777],[0.375582,0.87593,0.302796],[-0.184863,-0.249345,0.950606]],[[0.90868,-0.412306,0.0656122],[0.242086,0.392317,-0.887401],[0.34014,0.822248,0.456304]],[[0.90868,-0.412306,0.0656122],[-0.124554,-0.417725,-0.899996],[0.398481,0.809636,-0.430933]],[[0.90868,-0.412306,0.0656122],[-0.270164,-0.700524,-0.660513],[0.318296,0.582469,-0.747942]]],"btipPosition":[-14.5705,255.873,21.2812],"carpPosition":[6.23408,312.064,83.2712],"dipPosition":[-8.59068,266.816,7.22966],"direction":[-0.398481,-0.809636,0.430933],"extended":false,"handId":584,"id":5842,"length":66.9886,"mcpPosition":[19.1282,329.455,16.9669],"pipPosition":[2.73767,289.833,-5.02125],"stabilizedTipPosition":[-38.5328,255.057,126.608],"timeVisible":0.316219,"tipPosition":[-13.0995,258.55,17.669],"tipVelocity":[0.486534,44.1209,-184.552],"tool":false,"touchDistance":0.333333,"touchZone":"none","type":2,"width":18.9921},{"bases":[[[0.840148,-0.510046,0.184401],[0.433422,0.835789,0.33705],[-0.326032,-0.203248,0.923252]],[[0.848443,-0.504517,0.160023],[0.35017,0.308339,-0.884482],[0.396894,0.806467,0.438275]],[[0.848443,-0.504517,0.160023],[-0.101008,-0.451117,-0.88673],[0.519559,0.736176,-0.433707]],[[0.848443,-0.504517,0.160023],[-0.288672,-0.694496,-0.659048],[0.443636,0.51297,-0.73488]]],"btipPosition":[-2.16393,254.744,31.9429],"carpPosition":[17.8229,308.009,83.5985],"dipPosition":[6.12276,264.326,18.2161],"direction":[-0.519559,-0.736176,0.433708],"extended":false,"handId":584,"id":5843,"length":64.4113,"mcpPosition":[38.2401,320.737,25.7815],"pipPosition":[20.5118,284.714,6.20472],"stabilizedTipPosition":[-25.8291,254.605,138.316],"timeVisible":0.316219,"tipPosition":[-0.157151,257.136,28.5479],"tipVelocity":[2.90278,35.7207,-186.389],"tool":false,"touchDistance":0.333333,"touchZone":"none","type":3,"width":18.0722},{"bases":[[[0.713527,-0.66118,0.231776],[0.528301,0.725021,0.441862],[-0.460193,-0.192833,0.866624]],[[0.688155,-0.670464,0.277345],[0.551249,0.234583,-0.800684],[0.47177,0.703881,0.531022]],[[0.688155,-0.670464,0.277345],[-0.037596,-0.414684,-0.909189],[0.724589,0.615236,-0.310573]],[[0.688155,-0.670464,0.277345],[-0.306156,-0.614872,-0.726774],[0.657808,0.415222,-0.628394]]],"btipPosition":[11.468,264.237,32.0499],"carpPosition":[26.9715,297.126,84.158],"dipPosition":[22.8035,271.392,21.2213],"direction":[-0.724589,-0.615236,0.310573],"extended":false,"handId":584,"id":5844,"length":50.4973,"mcpPosition":[53.6488,308.304,33.92],"pipPosition":[36.9718,283.422,15.1485],"stabilizedTipPosition":[-12.8221,266.153,146.06],"timeVisible":0.316219,"tipPosition":[14.1035,266.34,30.0238],"tipVelocity":[5.80723,31.4076,-185.777],"tool":false,"touchDistance":0.333333,"touchZone":"none","type":4,"width":16.0532}],"r":[[0.99934,0.0315886,0.0179099],[-0.0334343,0.992873,0.11439],[-0.0141688,-0.114913,0.993274]],"s":0.965681,"t":[27.5748,1.29323,-111.08],"timestamp":522738432602},false],[3,{"currentFrameRate":105.171,"devices":[],"gestures":[],"hands":[{"armBasis":[[0.951028,-0.269297,-0.151742],[0.281612,0.957245,0.0661535],[0.127439,-0.105646,0.986204]],"armWidth":63.703,"confidence":0.752128,"direction":[0.244131,0.374989,-0.894306],"elbow":[44.4733,268.834,353.344],"grabStrength":0,"id":584,"palmNormal":[-0.20615,-0.881063,-0.425711],"palmPosition":[15.142,315.987,35.9714],"palmVelocity":[21.4608,43.6762,-179.824],"palmWidth":90.9658,"pinchStrength":0.793612,"r":[[0.999429,0.0295785,0.0163077],[-0.0312814,0.992688,0.116588],[-0.0127399,-0.117031,0.993047]],"s":0.967393,"sphereCenter":[15.4373,279.038,2.26929],"sphereRadius":46.5833,"stabilizedPalmPosition":[-12.4859,313.723,149.25],"t":[27.7524,1.76787,-112.734],"timeVisible":0.325163,"type":"right","wrist":[10.074,297.351,87.1397]}],"id":4199860,"interactionBox":{"center":[0,200,0],"size":[235.247,235.247,147.751]},"pointables":[{"bases":[[[0.613326,0.745212,0.261706],[-0.765687,0.479693,0.428506],[0.193789,-0.463199,0.864808]],[[0.492005,0.865908,-0.0901938],[-0.853604,0.500175,0.145553],[0.171148,0.005377,0.985231]],[[0.492005,0.865908,-0.0901938],[-0.85489,0.460943,-0.238105],[-0.164602,0.194254,0.967043]],[[0.492005,0.865908,-0.0901938],[-0.433133,0.153594,-0.888147],[-0.7552,0.476038,0.450622]]],"btipPosition":[-5.25405,276.744,-10.9982],"carpPosition":[-19.9934,294.771,81.6756],"dipPosition":[-22.9237,287.882,-0.4548],"direction":[0.164602,-0.194254,-0.967043],"extended":false,"handId":584,"id":5840,"length":52.1025,"mcpPosition":[-19.9934,294.771,81.6756],"pipPosition":[-28.5345,294.503,32.5083],"stabilizedTipPosition":[-39.5647,275.263,101.729],"timeVisible":0.325163,"tipPosition":[-9.73198,280.219,-8.91309],"tipVelocity":[9.65807,45.4104,-181.9],"tool":false,"touchDistance":-0.412436,"touchZone":"hovering","type":0,"width":20.2446},{"bases":[[[0.975115,-0.221237,-0.0143204],[0.215969,0.933332,0.286791],[-0.050083,-0.282747,0.957886]],[[0.96565,-0.247636,0.078721],[0.242474,0.967656,0.0696277],[-0.0934172,-0.0481482,0.994462]],[[0.96565,-0.247636,0.078721],[0.259792,0.926297,-0.272912],[-0.00533628,0.283989,0.958813]],[[0.96565,-0.247636,0.078721],[0.252537,0.823028,-0.508773],[0.0612008,0.511177,0.857294]]],"btipPosition":[1.06806,320.952,-69.4363],"carpPosition":[-5.71147,313.682,81.5415],"dipPosition":[2.11343,329.683,-54.7928],"direction":[0.00533628,-0.283989,-0.958813],"extended":true,"handId":584,"id":5841,"length":58.7918,"mcpPosition":[-2.02787,334.478,11.089],"pipPosition":[1.98449,336.546,-31.6241],"stabilizedTipPosition":[-24.6541,314.944,48.3012],"timeVisible":0.325163,"tipPosition":[1.27934,322.707,-65.3452],"tipVelocity":[9.16865,103.899,-197.358],"tool":false,"touchDistance":-0.497954,"touchZone":"hovering","type":1,"width":19.3376},{"bases":[[[0.908183,-0.41325,0.0665455],[0.376562,0.876058,0.301202],[-0.182769,-0.248488,0.951236]],[[0.908679,-0.412569,0.0639462],[0.240052,0.390992,-0.888539],[0.341581,0.822747,0.454324]],[[0.908679,-0.412569,0.0639462],[-0.1265,-0.418045,-0.899576],[0.39787,0.809336,-0.432058]],[[0.908679,-0.412569,0.0639462],[-0.271524,-0.700347,-0.660143],[0.317139,0.582495,-0.748413]]],"btipPosition":[-14.4209,256.476,19.3935],"carpPosition":[6.56011,312.742,81.2911],"dipPosition":[-8.46277,267.42,5.33311],"direction":[-0.39787,-0.809336,0.432058],"extended":false,"handId":584,"id":5842,"length":66.9886,"mcpPosition":[19.3082,330.074,14.943],"pipPosition":[2.8482,290.428,-6.9498],"stabilizedTipPosition":[-38.532,255.057,126.604],"timeVisible":0.325163,"tipPosition":[-12.9523,259.16,15.7881],"tipVelocity":[4.77093,50.4826,-191.854],"tool":false,"touchDistance":0.333333,"touchZone":"none","type":2,"width":18.9921},{"bases":[[[0.8404,-0.51017,0.182906],[0.434467,0.835927,0.335356],[-0.323985,-0.202367,0.924165]],[[0.848721,-0.504606,0.158256],[0.347759,0.307085,-0.885868],[0.398416,0.80689,0.436111]],[[0.848721,-0.504606,0.158256],[-0.103161,-0.451475,-0.8863],[0.518681,0.735896,-0.435232]],[[0.848721,-0.504606,0.158256],[-0.290083,-0.694426,-0.658501],[0.442181,0.512977,-0.735752]]],"btipPosition":[-1.98315,255.353,30.0377],"carpPosition":[18.1484,308.684,81.5953],"dipPosition":[6.27635,264.935,16.2945],"direction":[-0.518681,-0.735896,0.435232],"extended":false,"handId":584,"id":5843,"length":64.4113,"mcpPosition":[38.4374,321.357,23.721],"pipPosition":[20.641,285.315,4.24094],"stabilizedTipPosition":[-25.8286,254.605,138.314],"timeVisible":0.325163,"tipPosition":[0.0179853,257.751,26.6405],"tipVelocity":[7.43962,44.5529,-193.778],"tool":false,"touchDistance":0.333333,"touchZone":"none","type":3,"width":18.0722},{"bases":[[[0.713838,-0.661222,0.230697],[0.52955,0.725216,0.440044],[-0.458272,-0.191954,0.867837]],[[0.688676,-0.670425,0.276144],[0.549076,0.23348,-0.802498],[0.473541,0.704285,0.528907]],[[0.688676,-0.670425,0.276144],[-0.0393877,-0.41488,-0.909023],[0.723999,0.615146,-0.312125]],[[0.688676,-0.670425,0.276144],[-0.307157,-0.614743,-0.726461],[0.656795,0.415476,-0.629285]]],"btipPosition":[11.6462,264.842,30.0851],"carpPosition":[27.2946,297.799,82.143],"dipPosition":[22.9642,272.001,19.2411],"direction":[-0.723999,-0.615146,0.312125],"extended":false,"handId":584,"id":5844,"length":50.4973,"mcpPosition":[53.8605,308.926,31.8347],"pipPosition":[37.121,284.03,13.138],"stabilizedTipPosition":[-12.8217,266.153,146.058],"timeVisible":0.325163,"tipPosition":[14.2837,266.945,28.047],"tipVelocity":[9.53825,41.3277,-195.145],"tool":false,"touchDistance":0.333333,"touchZone":"none","type":4,"width":16.0532}],"r":[[0.999429,0.0295785,0.0163077],[-0.0312814,0.992688,0.116588],[-0.0127399,-0.117031,0.993047]],"s":0.967393,"t":[27.7524,1.76787,-112.734],"timestamp":522738441546},false],[4,{"currentFrameRate":105.319,"devices":[],"gestures":[],"hands":[{"armBasis":[[0.949865,-0.268584,-0.160058],[0.28205,0.95699,0.0679562],[0.134922,-0.109694,0.984766]],"armWidth":63.703,"confidence":0.75006,"direction":[0.242947,0.376201,-0.894119],"elbow":[46.7346,268.097,351.529],"grabStrength":0,"id":584,"palmNormal":[-0.207222,-0.880331,-0.426705],"palmPosition":[15.3142,316.416,34.5652],"palmVelocity":[20.6797,44.4862,-172.164],"palmWidth":90.9658,"pinchStrength":0.794925,"r":[[0.999503,0.0278728,0.014726],[-0.0294256,0.9925,0.118647],[-0.0113085,-0.119021,0.992827]],"s":0.969112,"sphereCenter":[15.4506,279.576,0.789223],"sphereRadius":46.5757,"stabilizedPalmPosition":[-12.4849,313.723,149.246],"t":[27.9273,2.21989,-114.264],"timeVisible":0.334384,"type":"right","wrist":[10.3153,297.707,85.7134]}],"id":4199861,"interactionBox":{"center":[0,200,0],"size":[235.247,235.247,147.751]},"pointables":[{"bases":[[[0.614082,0.744529,0.261877],[-0.764802,0.479421,0.430387],[0.194886,-0.464577,0.863821]],[[0.49186,0.865951,-0.0905686],[-0.853854,0.500089,0.144375],[0.170314,0.00632003,0.98537]],[[0.49186,0.865951,-0.0905686],[-0.85562,0.461474,-0.234428],[-0.161208,0.192798,0.967905]],[[0.49186,0.865951,-0.0905686],[-0.433445,0.153318,-0.888042],[-0.755115,0.476049,0.450753]]],"btipPosition":[-5.09833,277.124,-12.4217],"carpPosition":[-19.7617,295.15,80.2914],"dipPosition":[-22.766,288.262,-1.87529],"direction":[0.161208,-0.192798,-0.967905],"extended":false,"handId":584,"id":5840,"length":52.1025,"mcpPosition":[-19.7617,295.15,80.2914],"pipPosition":[-28.2611,294.834,31.1172],"stabilizedTipPosition":[-39.563,275.264,101.723],"timeVisible":0.334384,"tipPosition":[-9.5775,280.6,-10.3134],"tipVelocity":[11.6982,44.2517,-174.166],"tool":false,"touchDistance":-0.420869,"touchZone":"hovering","type":0,"width":20.2446},{"bases":[[[0.974986,-0.221681,-0.0161375],[0.216854,0.932801,0.287848],[-0.0487572,-0.284147,0.95754]],[[0.965734,-0.248059,0.0763152],[0.243013,0.967519,0.0696587],[-0.0911159,-0.0487262,0.994648]],[[0.965734,-0.248059,0.0763152],[0.259477,0.928973,-0.263972],[-0.00541411,0.274729,0.961507]],[[0.965734,-0.248059,0.0763152],[0.252676,0.83151,-0.494718],[0.0592625,0.497049,0.865697]]],"btipPosition":[1.14733,321.916,-71.0053],"carpPosition":[-5.47084,314.053,80.1637],"dipPosition":[2.15959,330.406,-56.2183],"direction":[0.00541411,-0.274729,-0.961507],"extended":true,"handId":584,"id":5841,"length":58.7918,"mcpPosition":[-1.88474,334.952,9.7366],"pipPosition":[2.02877,337.045,-32.9845],"stabilizedTipPosition":[-24.6427,314.947,48.2505],"timeVisible":0.334384,"tipPosition":[1.33552,323.524,-66.8787],"tipVelocity":[8.77694,102.407,-188.73],"tool":false,"touchDistance":-0.499531,"touchZone":"hovering","type":1,"width":19.3376},{"bases":[[[0.908085,-0.413782,0.064545],[0.377441,0.87543,0.301928],[-0.181437,-0.249815,0.951143]],[[0.908566,-0.413114,0.0620093],[0.238759,0.39173,-0.888561],[0.342787,0.822121,0.454548]],[[0.908566,-0.413114,0.0620093],[-0.127839,-0.41628,-0.900205],[0.397701,0.809968,-0.43103]],[[0.908566,-0.413114,0.0620093],[-0.272512,-0.698636,-0.661547],[0.316617,0.584161,-0.747335]]],"btipPosition":[-14.3175,256.916,17.9417],"carpPosition":[6.7999,313.108,79.8931],"dipPosition":[-8.36918,267.89,3.90156],"direction":[-0.397701,-0.809968,0.43103],"extended":false,"handId":584,"id":5842,"length":66.9886,"mcpPosition":[19.455,330.533,13.5514],"pipPosition":[2.93699,290.917,-8.3521],"stabilizedTipPosition":[-38.5311,255.057,126.601],"timeVisible":0.334384,"tipPosition":[-12.8487,259.613,14.3499],"tipVelocity":[6.50818,49.9122,-182.068],"tool":false,"touchDistance":0.333333,"touchZone":"none","type":2,"width":18.9921},{"bases":[[[0.840433,-0.510843,0.180865],[0.435379,0.83522,0.335935],[-0.322672,-0.203586,0.924357]],[[0.848773,-0.505207,0.156045],[0.346172,0.307855,-0.886222],[0.399687,0.80622,0.436188]],[[0.848773,-0.505207,0.156045],[-0.104569,-0.449668,-0.887053],[0.518314,0.736589,-0.434495]],[[0.848773,-0.505207,0.156045],[-0.290988,-0.692705,-0.659914],[0.441486,0.514709,-0.734958]]],"btipPosition":[-1.86073,255.768,28.5653],"carpPosition":[18.3866,309.044,80.1736],"dipPosition":[6.3858,265.382,14.837],"direction":[-0.518314,-0.736589,0.434495],"extended":false,"handId":584,"id":5843,"length":64.4113,"mcpPosition":[38.5934,321.793,22.2873],"pipPosition":[20.7403,285.781,2.80383],"stabilizedTipPosition":[-25.8281,254.605,138.312],"timeVisible":0.334384,"tipPosition":[0.139019,258.18,25.1772],"tipVelocity":[8.98472,44.9012,-184.115],"tool":false,"touchDistance":0.333333,"touchZone":"none","type":3,"width":18.0722},{"bases":[[[0.713871,-0.661905,0.228624],[0.530568,0.724308,0.440313],[-0.45704,-0.193026,0.868249]],[[0.688902,-0.671123,0.273875],[0.547519,0.234186,-0.803355],[0.475013,0.703385,0.528784]],[[0.688902,-0.671123,0.273875],[-0.0404306,-0.412823,-0.909913],[0.723726,0.615768,-0.311529]],[[0.688902,-0.671123,0.273875],[-0.307532,-0.612756,-0.727979],[0.656382,0.417281,-0.628521]]],"btipPosition":[11.769,265.248,28.5889],"carpPosition":[27.5285,298.154,80.6911],"dipPosition":[23.0799,272.438,17.7581],"direction":[-0.723726,-0.615768,0.311529],"extended":false,"handId":584,"id":5844,"length":50.4973,"mcpPosition":[54.023,309.343,30.359],"pipPosition":[37.2314,284.479,11.6666],"stabilizedTipPosition":[-12.8213,266.153,146.057],"timeVisible":0.334384,"tipPosition":[14.4107,267.356,26.5476],"tipVelocity":[10.5491,42.2903,-185.836],"tool":false,"touchDistance":0.333333,"touchZone":"none","type":4,"width":16.0532}],"r":[[0.999503,0.0278728,0.014726],[-0.0294256,0.9925,0.118647],[-0.0113085,-0.119021,0.992827]],"s":0.969112,"t":[27.9273,2.21989,-114.264],"timestamp":522738450767},false],[5,{"currentFrameRate":105.624,"devices":[],"gestures":[],"hands":[{"armBasis":[[0.95272,-0.265012,-0.148637],[0.277592,0.958064,0.0711064],[0.123559,-0.109005,0.986332]],"armWidth":63.703,"confidence":0.754078,"direction":[0.239451,0.37973,-0.893571],"elbow":[44.054,268.807,350.417],"grabStrength":0,"id":584,"palmNormal":[-0.20399,-0.880126,-0.42868],"palmPosition":[15.5139,317.101,33.0711],"palmVelocity":[21.1573,53.3158,-170.983],"palmWidth":90.9658,"pinchStrength":0.796435,"r":[[0.999538,0.0274272,0.0130831],[-0.028809,0.992254,0.12084],[-0.0096674,-0.121161,0.992586]],"s":0.970694,"sphereCenter":[15.6674,280.409,-0.820109],"sphereRadius":46.5646,"stabilizedPalmPosition":[-12.4838,313.723,149.242],"t":[28.1146,2.78839,-115.776],"timeVisible":0.343287,"type":"right","wrist":[10.7019,298.231,84.1782]}],"id":4199862,"interactionBox":{"center":[0,200,0],"size":[235.247,235.247,147.751]},"pointables":[{"bases":[[[0.611149,0.746652,0.262692],[-0.766163,0.474717,0.433173],[0.198725,-0.465998,0.86218]],[[0.48725,0.868602,-0.0900963],[-0.856474,0.495466,0.144793],[0.170408,0.00661446,0.985351]],[[0.48725,0.868602,-0.0900963],[-0.858741,0.457854,-0.230072],[-0.15859,0.189472,0.968994]],[[0.48725,0.868602,-0.0900963],[-0.434565,0.151688,-0.887775],[-0.757456,0.471721,0.451374]]],"btipPosition":[-4.74928,277.724,-13.956],"carpPosition":[-19.3735,295.55,78.8079],"dipPosition":[-22.4718,288.761,-3.395],"direction":[0.15859,-0.189472,-0.968994],"extended":false,"handId":584,"id":5840,"length":52.1025,"mcpPosition":[-19.3735,295.55,78.8079],"pipPosition":[-27.8776,295.219,29.6346],"stabilizedTipPosition":[-39.5614,275.264,101.717],"timeVisible":0.343287,"tipPosition":[-9.2435,281.175,-11.8287],"tipVelocity":[18.7973,49.8286,-173.564],"tool":false,"touchDistance":-0.430079,"touchZone":"hovering","type":0,"width":20.2446},{"bases":[[[0.975966,-0.217125,-0.0186384],[0.213107,0.933015,0.289946],[-0.0455646,-0.28695,0.956861]],[[0.967091,-0.243656,0.073258],[0.238643,0.968515,0.0709057],[-0.0882281,-0.0510897,0.994789]],[[0.967091,-0.243656,0.073258],[0.25436,0.932647,-0.255872],[-0.00597935,0.266085,0.963931]],[[0.967091,-0.243656,0.073258],[0.248172,0.83989,-0.482696],[0.0560829,0.484992,0.872719]]],"btipPosition":[1.15686,323.105,-72.6002],"carpPosition":[-5.17043,314.519,78.7034],"dipPosition":[2.11482,331.389,-57.6933],"direction":[0.00597935,-0.266085,-0.963931],"extended":true,"handId":584,"id":5841,"length":58.7918,"mcpPosition":[-1.81915,335.624,8.32627],"pipPosition":[1.97033,337.819,-34.4009],"stabilizedTipPosition":[-24.6282,314.953,48.1852],"timeVisible":0.343287,"tipPosition":[1.32688,324.603,-68.4531],"tipVelocity":[6.29857,109.415,-185.279],"tool":false,"touchDistance":-0.501422,"touchZone":"hovering","type":1,"width":19.3376},{"bases":[[[0.910112,-0.40975,0.0616546],[0.373985,0.876349,0.303558],[-0.178414,-0.253214,0.950816]],[[0.910574,-0.409089,0.0591763],[0.235094,0.394807,-0.888177],[0.33998,0.822663,0.455675]],[[0.910574,-0.409089,0.0591763],[-0.127474,-0.41411,-0.901256],[0.393199,0.813117,-0.429226]],[[0.910574,-0.409089,0.0591763],[-0.270266,-0.697566,-0.663595],[0.312749,0.588259,-0.745748]]],"btipPosition":[-13.8883,257.484,16.3424],"carpPosition":[7.10399,313.632,78.4064],"dipPosition":[-8.01273,268.535,2.33206],"direction":[-0.393199,-0.813117,0.429226],"extended":false,"handId":584,"id":5842,"length":66.9886,"mcpPosition":[19.5483,331.293,12.0875],"pipPosition":[3.16546,291.651,-9.87034],"stabilizedTipPosition":[-38.5301,255.058,126.596],"timeVisible":0.343287,"tipPosition":[-12.4353,260.205,12.7657],"tipVelocity":[17.3401,54.2312,-181.198],"tool":false,"touchDistance":0.333333,"touchZone":"none","type":2,"width":18.9921},{"bases":[[[0.843137,-0.507436,0.177843],[0.432175,0.836316,0.337343],[-0.319913,-0.207567,0.924431]],[[0.851454,-0.501656,0.15286],[0.342457,0.311112,-0.886528],[0.397176,0.807186,0.436694]],[[0.851454,-0.501656,0.15286],[-0.104134,-0.447404,-0.888249],[0.513986,0.740385,-0.433184]],[[0.851454,-0.501656,0.15286],[-0.288605,-0.691599,-0.662116],[0.437873,0.519646,-0.733646]]],"btipPosition":[-1.4107,256.353,26.9569],"carpPosition":[18.7099,309.621,78.6533],"dipPosition":[6.76833,266.059,13.2532],"direction":[-0.513986,-0.740385,0.433184],"extended":false,"handId":584,"id":5843,"length":64.4113,"mcpPosition":[38.7439,322.619,20.7624],"pipPosition":[21.003,286.564,1.25631],"stabilizedTipPosition":[-25.8276,254.605,138.31],"timeVisible":0.343287,"tipPosition":[0.576189,258.794,23.5739],"tipVelocity":[19.8185,51.2157,-183.001],"tool":false,"touchDistance":0.333333,"touchZone":"none","type":3,"width":18.0722},{"bases":[[[0.717369,-0.65921,0.225441],[0.52808,0.725565,0.441234],[-0.454438,-0.197477,0.868613]],[[0.692586,-0.668648,0.27062],[0.544585,0.238668,-0.80403],[0.473024,0.704235,0.529434]],[[0.692586,-0.668648,0.27062],[-0.0395959,-0.409841,-0.911297],[0.720248,0.620436,-0.310326]],[[0.692586,-0.668648,0.27062],[-0.304999,-0.611432,-0.730155],[0.653682,0.423156,-0.627406]]],"btipPosition":[12.1775,265.9,26.9344],"carpPosition":[27.903,298.771,79.1235],"dipPosition":[23.4419,273.192,16.1229],"direction":[-0.720248,-0.620436,0.310326],"extended":false,"handId":584,"id":5844,"length":50.4973,"mcpPosition":[54.2466,310.219,28.7703],"pipPosition":[37.5253,285.324,10.0549],"stabilizedTipPosition":[-12.8209,266.153,146.055],"timeVisible":0.343287,"tipPosition":[14.8119,268.03,24.8951],"tipVelocity":[19.8353,51.4477,-185.7],"tool":false,"touchDistance":0.333333,"touchZone":"none","type":4,"width":16.0532}],"r":[[0.999538,0.0274272,0.0130831],[-0.028809,0.992254,0.12084],[-0.0096674,-0.121161,0.992586]],"s":0.970694,"t":[28.1146,2.78839,-115.776],"timestamp":522738459670},false],[6,{"currentFrameRate":105.851,"devices":[],"gestures":[],"hands":[{"armBasis":[[0.952016,-0.265018,-0.153072],[0.27763,0.958311,0.0675445],[0.128791,-0.106801,0.985904]],"armWidth":63.703,"confidence":0.760403,"direction":[0.239579,0.384813,-0.891359],"elbow":[45.6037,269.563,349.212],"grabStrength":0,"id":584,"palmNormal":[-0.202557,-0.878082,-0.433524],"palmPosition":[15.6626,317.541,32.0873],"palmVelocity":[19.8659,52.044,-153.912],"palmWidth":90.9658,"pinchStrength":0.797634,"r":[[0.999556,0.0273168,0.0119368],[-0.0285846,0.991914,0.123651],[-0.00846257,-0.123937,0.992254]],"s":0.972477,"sphereCenter":[15.7851,281.107,-2.0252],"sphereRadius":46.5648,"stabilizedPalmPosition":[-12.4825,313.723,149.237],"t":[28.2826,3.29246,-117.024],"timeVisible":0.352315,"type":"right","wrist":[10.8396,298.391,83.0893]}],"id":4199863,"interactionBox":{"center":[0,200,0],"size":[235.247,235.247,147.751]},"pointables":[{"bases":[[[0.610003,0.746022,0.267109],[-0.767074,0.471407,0.435171],[0.19873,-0.470348,0.859814]],[[0.4856,0.869904,-0.0863748],[-0.85786,0.493205,0.144306],[0.168133,0.00402278,0.985756]],[[0.4856,0.869904,-0.0863748],[-0.859875,0.457512,-0.22649],[-0.157507,0.184255,0.970176]],[[0.4856,0.869904,-0.0863748],[-0.434654,0.154538,-0.887239],[-0.758465,0.468386,0.453151]]],"btipPosition":[-4.50422,278.26,-15.1822],"carpPosition":[-19.2286,295.7,77.6838],"dipPosition":[-22.2503,289.219,-4.57962],"direction":[0.157507,-0.184255,-0.970176],"extended":false,"handId":584,"id":5840,"length":52.1025,"mcpPosition":[-19.2286,295.7,77.6838],"pipPosition":[-27.6192,295.499,28.4903],"stabilizedTipPosition":[-39.5594,275.264,101.71],"timeVisible":0.352315,"tipPosition":[-8.98628,281.697,-13.0162],"tipVelocity":[20.9297,51.8957,-162.882],"tool":false,"touchDistance":-0.433654,"touchZone":"hovering","type":0,"width":20.2446},{"bases":[[[0.976258,-0.215766,-0.0191179],[0.211702,0.931724,0.295082],[-0.0458561,-0.292123,0.955281]],[[0.967435,-0.242641,0.0720697],[0.237224,0.968463,0.0761836],[-0.0882822,-0.0566061,0.994486]],[[0.967435,-0.242641,0.0720697],[0.252967,0.936669,-0.242196],[-0.00873885,0.25254,0.967547]],[[0.967435,-0.242641,0.0720697],[0.247839,0.850205,-0.464465],[0.0514242,0.467201,0.882654]]],"btipPosition":[1.44733,324.522,-73.7407],"carpPosition":[-5.04997,314.688,77.6907],"dipPosition":[2.32571,332.503,-58.6641],"direction":[0.00873885,-0.25254,-0.967547],"extended":true,"handId":584,"id":5841,"length":58.7918,"mcpPosition":[-1.67726,336.174,7.4298],"pipPosition":[2.11455,338.605,-35.2843],"stabilizedTipPosition":[-24.6059,314.963,48.0847],"timeVisible":0.352315,"tipPosition":[1.58077,325.852,-69.5606],"tipVelocity":[12.8642,120.389,-167.861],"tool":false,"touchDistance":-0.496135,"touchZone":"hovering","type":1,"width":19.3376},{"bases":[[[0.910597,-0.408903,0.0600976],[0.372644,0.875193,0.308503],[-0.178745,-0.258527,0.949323]],[[0.911046,-0.408248,0.0576959],[0.235083,0.399378,-0.886134],[0.33872,0.820872,0.459824]],[[0.911046,-0.408248,0.0576959],[-0.126026,-0.40897,-0.903804],[0.392572,0.816136,-0.42404]],[[0.911046,-0.408248,0.0576959],[-0.26849,-0.693628,-0.668426],[0.312903,0.593476,-0.741538]]],"btipPosition":[-13.6678,257.943,15.0112],"carpPosition":[7.22578,313.818,77.3975],"dipPosition":[-7.7893,269.093,1.07992],"direction":[-0.392572,-0.816136,0.42404],"extended":false,"handId":584,"id":5842,"length":66.9886,"mcpPosition":[19.6931,331.85,11.1828],"pipPosition":[3.37105,292.294,-10.975],"stabilizedTipPosition":[-38.5289,255.058,126.591],"timeVisible":0.352315,"tipPosition":[-12.2108,260.696,11.4646],"tipVelocity":[19.312,53.9948,-171.354],"tool":false,"touchDistance":0.333333,"touchZone":"none","type":2,"width":18.9921},{"bases":[[[0.843668,-0.507295,0.175715],[0.430862,0.835055,0.342113],[-0.320284,-0.212921,0.923083]],[[0.852041,-0.501336,0.150626],[0.342055,0.315388,-0.885171],[0.396263,0.805725,0.440208]],[[0.852041,-0.501336,0.150626],[-0.10282,-0.442415,-0.890897],[0.513278,0.743594,-0.428503]],[[0.852041,-0.501336,0.150626],[-0.286698,-0.687662,-0.667027],[0.437984,0.52515,-0.729649]]],"btipPosition":[-1.20236,256.762,25.6578],"carpPosition":[18.8367,309.821,77.631],"dipPosition":[6.97875,266.571,12.0286],"direction":[-0.513278,-0.743594,0.428503],"extended":false,"handId":584,"id":5843,"length":64.4113,"mcpPosition":[38.8939,323.154,19.8245],"pipPosition":[21.1938,287.165,0.161418],"stabilizedTipPosition":[-25.8269,254.606,138.307],"timeVisible":0.352315,"tipPosition":[0.790185,259.237,22.2908],"tipVelocity":[20.7301,50.3065,-171.714],"tool":false,"touchDistance":0.333333,"touchZone":"none","type":3,"width":18.0722},{"bases":[[[0.718063,-0.659484,0.222412],[0.526838,0.723873,0.445478],[-0.454783,-0.202706,0.867227]],[[0.693396,-0.669148,0.267287],[0.54442,0.243521,-0.802686],[0.472026,0.702096,0.533154]],[[0.693396,-0.669148,0.267287],[-0.0376555,-0.40409,-0.913944],[0.719572,0.623661,-0.305391]],[[0.693396,-0.669148,0.267287],[-0.302402,-0.606939,-0.734969],[0.65403,0.428796,-0.6232]]],"btipPosition":[12.3805,266.328,25.6405],"carpPosition":[28.0434,298.98,78.0497],"dipPosition":[23.6509,273.717,14.9014],"direction":[-0.719572,-0.623661,0.305391],"extended":false,"handId":584,"id":5844,"length":50.4973,"mcpPosition":[54.4071,310.731,27.7767],"pipPosition":[37.7211,285.912,8.92985],"stabilizedTipPosition":[-12.8203,266.153,146.052],"timeVisible":0.352315,"tipPosition":[15.0199,268.478,23.6168],"tipVelocity":[20.6075,51.0158,-173.527],"tool":false,"touchDistance":0.333333,"touchZone":"none","type":4,"width":16.0532}],"r":[[0.999556,0.0273168,0.0119368],[-0.0285846,0.991914,0.123651],[-0.00846257,-0.123937,0.992254]],"s":0.972477,"t":[28.2826,3.29246,-117.024],"timest