{"sensorType":"Leap","data":[[0,{"currentFrameRate":109.918,"devices":[],"gestures":[],"hands":[{"armBasis":[[0.941866,-0.321375,-0.0980145],[0.325745,0.944917,0.0319854],[0.0823362,-0.0620537,0.994671]],"armWidth":63.703,"confidence":0.747681,"direction":[0.292908,0.506895,-0.810717],"elbow":[46.5476,273.161,353.069],"grabStrength":0.313817,"id":579,"palmNormal":[-0.197443,-0.797565,-0.570006],"palmPosition":[32.1534,316.324,37.3326],"palmVelocity":[4.80712,-44.9897,-137.033],"palmWidth":90.9658,"pinchStrength":1,"r":[[0.96522,0.104316,0.239728],[-0.0868017,0.992802,-0.08252],[-0.24661,0.0588412,0.967327]],"s":1.49168,"sphereCenter":[26.9283,285.873,-2.97774],"sphereRadius":44.0035,"stabilizedPalmPosition":[-7.79278,343.032,210.628],"t":[41.9373,-27.3641,-177.017],"timeVisible":0.614462,"type":"right","wrist":[24.3227,289.911,84.579]}],"id":4198130,"interactionBox":{"center":[0,200,0],"size":[235.247,235.247,147.751]},"pointables":[{"bases":[[[0.61021,0.680679,0.405364],[-0.778923,0.422051,0.463845],[0.144645,-0.59879,0.787736]],[[0.46982,0.882649,-0.014161],[-0.86391,0.463025,0.198157],[0.18146,-0.0808644,0.980068]],[[0.46982,0.882649,-0.014161],[-0.870791,0.460756,-0.171544],[-0.144888,0.0929262,0.985075]],[[0.46982,0.882649,-0.014161],[-0.386166,0.191072,-0.902423],[-0.793817,0.429445,0.430618]]],"btipPosition":[8.98205,279.706,-15.1702],"carpPosition":[-5.47428,288.886,77.3924],"dipPosition":[-9.59117,289.754,-5.09492],"direction":[0.144888,-0.0929262,-0.985075],"extended":false,"handId":579,"id":5790,"length":52.1025,"mcpPosition":[-5.47428,288.886,77.3924],"pipPosition":[-14.5299,292.922,28.4828],"stabilizedTipPosition":[-31.3278,306.549,137.24],"timeVisible":0.614462,"tipPosition":[4.62556,282.101,-13.2762],"tipVelocity":[-0.731302,-69.9125,-109.978],"tool":false,"touchDistance":-0.487575,"touchZone":"touching","type":0,"width":20.2446},{"bases":[[[0.971431,-0.237279,-0.00448642],[0.214791,0.871011,0.441819],[-0.100926,-0.43016,0.897093]],[[0.976382,-0.180717,-0.118401],[0.165761,0.978091,-0.125938],[0.138566,0.103338,0.984947]],[[0.976382,-0.180717,-0.118401],[0.147231,0.957631,-0.247518],[0.158115,0.22424,0.961622]],[[0.976382,-0.180717,-0.118401],[0.13398,0.936392,-0.324374],[0.169489,0.30085,0.93849]]],"btipPosition":[3.81802,323.905,-66.6136],"carpPosition":[9.06217,307.263,80.9389],"dipPosition":[6.71308,329.044,-50.5832],"direction":[-0.158115,-0.22424,-0.961622],"extended":true,"handId":579,"id":5791,"length":58.7918,"mcpPosition":[16.4853,338.901,14.9577],"pipPosition":[10.5338,334.463,-27.3467],"stabilizedTipPosition":[-32.4182,326.002,91.1912],"timeVisible":0.614462,"tipPosition":[4.25091,323.721,-62.4923],"tipVelocity":[-13.7485,-53.9802,-141.974],"tool":false,"touchDistance":-0.544758,"touchZone":"hovering","type":1,"width":19.3376},{"bases":[[[0.897919,-0.4382,0.0415022],[0.373663,0.808702,0.454288],[-0.232632,-0.392406,0.889888]],[[0.891887,-0.447777,0.0635136],[0.307981,0.4985,-0.810337],[0.331189,0.742289,0.582512]],[[0.891887,-0.447777,0.0635136],[0.122168,0.103321,-0.987117],[0.435446,0.888156,0.146854]],[[0.891887,-0.447777,0.0635136],[0.0309889,-0.0795995,-0.996345],[0.451196,0.890595,-0.0571176]]],"btipPosition":[0.727741,255.729,-12.1329],"carpPosition":[21.3168,306.109,81.1079],"dipPosition":[9.20436,272.461,-13.206],"direction":[-0.435446,-0.888156,-0.146854],"extended":false,"handId":579,"id":5792,"length":66.9886,"mcpPosition":[37.5428,333.479,19.0388],"pipPosition":[21.5836,297.71,-9.03108],"stabilizedTipPosition":[-18.0626,289.928,91.5485],"timeVisible":0.614462,"tipPosition":[2.70937,259.571,-12.8957],"tipVelocity":[-11.0355,-66.4976,-104.258],"tool":false,"touchDistance":-0.478053,"touchZone":"touching","type":2,"width":18.9921},{"bases":[[[0.823158,-0.550877,0.137639],[0.429254,0.762407,0.484229],[-0.371688,-0.339515,0.864048]],[[0.821422,-0.552449,0.141653],[0.42167,0.421058,-0.803059],[0.384005,0.719381,0.578818]],[[0.821422,-0.552449,0.141653],[0.196928,0.0416454,-0.979533],[0.535243,0.832505,0.143001]],[[0.821422,-0.552449,0.141653],[0.0855375,-0.126228,-0.988307],[0.56387,0.823933,-0.0564309]]],"btipPosition":[13.5857,252.486,-1.57611],"carpPosition":[32.8179,301.803,81.2942],"dipPosition":[24.1182,267.876,-2.63019],"direction":[-0.535243,-0.832505,-0.143001],"extended":false,"handId":579,"id":5793,"length":64.4113,"mcpPosition":[56.0942,323.065,27.1846],"pipPosition":[38.9416,290.932,1.33017],"stabilizedTipPosition":[-11.8648,283.858,116.76],"timeVisible":0.614462,"tipPosition":[16.079,256.073,-2.26574],"tipVelocity":[-10.1527,-64.1472,-101.602],"tool":false,"touchDistance":-0.471807,"touchZone":"touching","type":3,"width":18.0722},{"bases":[[[0.692291,-0.704819,0.154805],[0.517524,0.634433,0.574163],[-0.502894,-0.317373,0.803973]],[[0.620573,-0.740272,0.258623],[0.635872,0.282072,-0.718402],[0.458863,0.610272,0.645765]],[[0.620573,-0.740272,0.258623],[0.35224,-0.0315025,-0.93538],[0.700583,0.671569,0.241204]],[[0.620573,-0.740272,0.258623],[0.206128,-0.164213,-0.964648],[0.756571,0.651944,0.050685]]],"btipPosition":[27.9677,263.232,5.49394],"carpPosition":[41.772,290.773,80.5175],"dipPosition":[41.0051,274.466,6.36736],"direction":[-0.700583,-0.671569,-0.241204],"extended":false,"handId":579,"id":5794,"length":50.4973,"mcpPosition":[70.9247,309.171,33.9114],"pipPosition":[54.704,287.598,11.0838],"stabilizedTipPosition":[-1.83847,292.397,139.694],"timeVisible":0.614462,"tipPosition":[31.3285,265.859,4.85559],"tipVelocity":[-6.45775,-60.7202,-112.452],"tool":false,"touchDistance":-0.475566,"touchZone":"touching","type":4,"width":16.0532}],"r":[[0.96522,0.104316,0.239728],[-0.0868017,0.992802,-0.08252],[-0.24661,0.0588412,0.967327]],"s":1.49168,"t":[41.9373,-27.3641,-177.017],"timestamp":522720674098},false],[1,{"currentFrameRate":109.885,"devices":[],"gestures":[],"hands":[{"armBasis":[[0.939008,-0.327675,-0.104374],[0.33243,0.942602,0.0314937],[0.0880638,-0.0642699,0.994039]],"armWidth":63.703,"confidence":0.750882,"direction":[0.293849,0.501306,-0.813846],"elbow":[48.0033,272.259,351.651],"grabStrength":0.307021,"id":579,"palmNormal":[-0.205559,-0.798371,-0.565994],"palmPosition":[32.0944,315.765,35.9493],"palmVelocity":[1.67294,-49.4744,-140.935],"palmWidth":90.9658,"pinchStrength":1,"r":[[0.96602,0.103588,0.236802],[-0.0852045,0.992591,-0.0866188],[-0.24402,0.0634989,0.967689]],"s":1.49287,"sphereCenter":[26.2301,285.382,-4.20583],"sphereRadius":43.9222,"stabilizedPalmPosition":[-7.78545,343.027,210.596],"t":[41.9102,-27.8207,-178.267],"timeVisible":0.623621,"type":"right","wrist":[24.2324,289.607,83.3322]}],"id":4198131,"interactionBox":{"center":[0,200,0],"size":[235.247,235.247,147.751]},"pointables":[{"bases":[[[0.61683,0.677662,0.400369],[-0.774015,0.429888,0.464862],[0.142906,-0.596633,0.789688]],[[0.476971,0.878726,-0.0184388],[-0.860343,0.471077,0.194669],[0.179747,-0.0769879,0.980696]],[[0.476971,0.878726,-0.0184388],[-0.866188,0.466401,-0.179413],[-0.149055,0.101546,0.983601]],[[0.476971,0.878726,-0.0184388],[-0.376442,0.185285,-0.907723],[-0.794223,0.439899,0.419165]]],"btipPosition":[9.09617,278.868,-16.0198],"carpPosition":[-5.59717,288.78,76.256],"dipPosition":[-9.48656,289.161,-6.21246],"direction":[0.149055,-0.101546,-0.983601],"extended":false,"handId":579,"id":5790,"length":52.1025,"mcpPosition":[-5.59717,288.78,76.256],"pipPosition":[-14.5673,292.622,27.3151],"stabilizedTipPosition":[-31.1007,306.39,136.291],"timeVisible":0.623621,"tipPosition":[4.52634,281.389,-14.2114],"tipVelocity":[2.87827,-74.2251,-107.054],"tool":false,"touchDistance":-0.480819,"touchZone":"touching","type":0,"width":20.2446},{"bases":[[[0.969573,-0.244704,-0.00696085],[0.223006,0.871156,0.437443],[-0.10098,-0.425685,0.899219]],[[0.974556,-0.188845,-0.120743],[0.173567,0.976652,-0.12659],[0.14183,0.102412,0.984579]],[[0.974556,-0.188845,-0.120743],[0.154609,0.956372,-0.247886],[0.162288,0.222911,0.961235]],[[0.974556,-0.188845,-0.120743],[0.141003,0.935254,-0.324681],[0.17424,0.299395,0.938085]]],"btipPosition":[3.52914,323.469,-68.0023],"carpPosition":[9.0915,307.059,79.6746],"dipPosition":[6.50534,328.583,-51.9788],"direction":[-0.162288,-0.222911,-0.961235],"extended":true,"handId":579,"id":5791,"length":58.7918,"mcpPosition":[16.5186,338.369,13.5371],"pipPosition":[10.4269,333.97,-28.7515],"stabilizedTipPosition":[-32.3539,325.999,90.9181],"timeVisible":0.623621,"tipPosition":[3.9647,323.286,-63.8862],"tipVelocity":[-18.1389,-52.3754,-144.709],"tool":false,"touchDistance":-0.539468,"touchZone":"hovering","type":1,"width":19.3376},{"bases":[[[0.894697,-0.444867,0.0401203],[0.381442,0.807687,0.449604],[-0.232419,-0.386956,0.892326]],[[0.888655,-0.454332,0.0622502],[0.309043,0.493045,-0.813264],[0.3388,0.741949,0.578555]],[[0.888655,-0.454332,0.0622502],[0.119656,0.0986865,-0.987898],[0.442691,0.885349,0.142062]],[[0.888655,-0.454332,0.0622502],[0.0270497,-0.0835769,-0.996134],[0.457779,0.886903,-0.0619815]]],"btipPosition":[0.037223,255.218,-13.1878],"carpPosition":[21.3376,305.813,79.8048],"dipPosition":[8.63751,271.881,-14.3523],"direction":[-0.442691,-0.885349,-0.142062],"extended":false,"handId":579,"id":5792,"length":66.9886,"mcpPosition":[37.5486,332.803,17.5655],"pipPosition":[21.2227,297.05,-10.3136],"stabilizedTipPosition":[-17.9265,289.719,90.837],"timeVisible":0.623621,"tipPosition":[2.04203,259.039,-13.9446],"tipVelocity":[-28.1053,-63.9972,-107.941],"tool":false,"touchDistance":-0.47472,"touchZone":"touching","type":2,"width":18.9921},{"bases":[[[0.819426,-0.556575,0.136988],[0.436786,0.761092,0.479538],[-0.37116,-0.333112,0.866763]],[[0.817677,-0.558131,0.141051],[0.421299,0.413185,-0.807332],[0.392317,0.719561,0.572992]],[[0.817677,-0.558131,0.141051],[0.193197,0.0352409,-0.980527],[0.542291,0.829004,0.136645]],[[0.817677,-0.558131,0.141051],[0.0807904,-0.131337,-0.98804],[0.569981,0.819293,-0.0622999]]],"btipPosition":[12.8602,251.877,-2.52646],"carpPosition":[32.8061,301.42,79.9679],"dipPosition":[23.5069,267.181,-3.69016],"direction":[-0.542291,-0.829004,-0.136645],"extended":false,"handId":579,"id":5793,"length":64.4113,"mcpPosition":[56.0493,322.281,25.6884],"pipPosition":[38.5254,290.14,0.0941739],"stabilizedTipPosition":[-11.7172,283.704,116.111],"timeVisible":0.623621,"tipPosition":[15.3909,255.454,-3.25786],"tipVelocity":[-28.599,-65.3945,-102.971],"tool":false,"touchDistance":-0.467593,"touchZone":"touching","type":3,"width":18.0722},{"bases":[[[0.687452,-0.709441,0.155256],[0.524401,0.632819,0.569687],[-0.502408,-0.310216,0.807064]],[[0.616212,-0.743782,0.258981],[0.634925,0.274583,-0.722132],[0.465998,0.60942,0.641447]],[[0.616212,-0.743782,0.258981],[0.348228,-0.0376362,-0.936654],[0.706414,0.667362,0.235814]],[[0.616212,-0.743782,0.258981],[0.201116,-0.169324,-0.964822],[0.761469,0.64662,0.0452471]]],"btipPosition":[27.3899,262.567,4.35407],"carpPosition":[41.6731,290.319,79.2051],"dipPosition":[40.5117,273.71,5.13378],"direction":[-0.706414,-0.667362,-0.235814],"extended":false,"handId":579,"id":5794,"length":50.4973,"mcpPosition":[70.7976,308.302,32.4198],"pipPosition":[54.3246,286.759,9.74479],"stabilizedTipPosition":[-1.75684,292.328,139.352],"timeVisible":0.623621,"tipPosition":[30.7624,265.169,3.70239],"tipVelocity":[-21.647,-64.6771,-116.453],"tool":false,"touchDistance":-0.473764,"touchZone":"touching","type":4,"width":16.0532}],"r":[[0.96602,0.103588,0.236802],[-0.0852045,0.992591,-0.0866188],[-0.24402,0.0634989,0.967689]],"s":1.49287,"t":[41.9102,-27.8207,-178.267],"timestamp":522720683257},false],[2,{"currentFrameRate":109.915,"devices":[],"gestures":[],"hands":[{"armBasis":[[0.938062,-0.329387,-0.107446],[0.334424,0.941869,0.0323063],[0.090559,-0.0662379,0.993686]],"armWidth":63.703,"confidence":0.728656,"direction":[0.294492,0.498223,-0.815505],"elbow":[48.6178,271.612,350.694],"grabStrength":0.299921,"id":579,"palmNormal":[-0.208127,-0.799428,-0.563558],"palmPosition":[32.065,315.494,35.0065],"palmVelocity":[0.314153,-44.072,-130.816],"palmWidth":90.9658,"pinchStrength":1,"r":[[0.966746,0.10262,0.234245],[-0.0834272,0.992401,-0.0904493],[-0.241747,0.0678991,0.967961]],"s":1.49417,"sphereCenter":[25.9137,285.141,-5.07127],"sphereRadius":43.9031,"stabilizedPalmPosition":[-7.77839,343.023,210.564],"t":[41.8819,-28.1841,-179.363],"timeVisible":0.632666,"type":"right","wrist":[24.1734,289.492,82.4698]}],"id":4198132,"interactionBox":{"center":[0,200,0],"size":[235.247,235.247,147.751]},"pointables":[{"bases":[[[0.618941,0.677168,0.397939],[-0.772496,0.43324,0.464277],[0.14199,-0.594766,0.791259]],[[0.479629,0.877231,-0.0205475],[-0.859163,0.474251,0.192159],[0.178312,-0.0745113,0.981149]],[[0.479629,0.877231,-0.0205475],[-0.864338,0.468284,-0.183385],[-0.151249,0.105717,0.982826]],[[0.479629,0.877231,-0.0205475],[-0.372964,0.182612,-0.909698],[-0.794263,0.443981,0.414762]]],"btipPosition":[9.17662,278.45,-16.7485],"carpPosition":[-5.66404,288.723,75.4205],"dipPosition":[-9.40704,288.838,-7.0442],"direction":[0.151249,-0.105717,-0.982826],"extended":false,"handId":579,"id":5790,"length":52.1025,"mcpPosition":[-5.66404,288.723,75.4205],"pipPosition":[-14.5626,292.442,26.4569],"stabilizedTipPosition":[-30.8697,306.227,135.324],"timeVisible":0.632666,"tipPosition":[4.54134,281,-14.9515],"tipVelocity":[4.53047,-65.8287,-100.473],"tool":false,"touchDistance":-0.472357,"touchZone":"touching","type":0,"width":20.2446},{"bases":[[[0.96892,-0.247274,-0.00706307],[0.225658,0.871802,0.434787],[-0.101354,-0.422868,0.900505]],[[0.973962,-0.191899,-0.120714],[0.176813,0.976232,-0.12533],[0.141896,0.100723,0.984744]],[[0.973962,-0.191899,-0.120714],[0.157913,0.95629,-0.246115],[0.162667,0.220644,0.961694]],[[0.973962,-0.191899,-0.120714],[0.144304,0.935421,-0.322744],[0.174853,0.296921,0.938757]]],"btipPosition":[3.51819,323.346,-69.0259],"carpPosition":[9.07549,306.974,78.7752],"dipPosition":[6.50486,328.418,-52.991],"direction":[-0.162667,-0.220644,-0.961694],"extended":true,"handId":579,"id":5791,"length":58.7918,"mcpPosition":[16.5301,338.076,12.543],"pipPosition":[10.4355,333.749,-29.7527],"stabilizedTipPosition":[-32.3022,325.997,90.6971],"timeVisible":0.632666,"tipPosition":[3.94725,323.15,-64.911],"tipVelocity":[-13.3976,-41.991,-135.934],"tool":false,"touchDistance":-0.529171,"touchZone":"hovering","type":1,"width":19.3376},{"bases":[[[0.893557,-0.447105,0.040647],[0.383937,0.807951,0.446999],[-0.232696,-0.383813,0.893611]],[[0.887494,-0.456513,0.0628593],[0.309826,0.49014,-0.814721],[0.341121,0.742535,0.576436]],[[0.887494,-0.456513,0.0628593],[0.119316,0.0958877,-0.988215],[0.445105,0.884535,0.139569]],[[0.887494,-0.456513,0.0628593],[0.0262199,-0.0861615,-0.995936],[0.460074,0.885535,-0.064498]]],"btipPosition":[-0.186249,254.902,-13.9631],"carpPosition":[21.3183,305.695,78.8988],"dipPosition":[8.45715,271.539,-15.1748],"direction":[-0.445105,-0.884535,-0.139569],"extended":false,"handId":579,"id":5792,"length":66.9886,"mcpPosition":[37.5487,332.466,16.57],"pipPosition":[21.111,296.685,-11.207],"stabilizedTipPosition":[-17.7962,289.515,90.143],"timeVisible":0.632666,"tipPosition":[1.82514,258.712,-14.707],"tipVelocity":[-26.8658,-56.1714,-102.143],"tool":false,"touchDistance":-0.467374,"touchZone":"touching","type":2,"width":18.9921},{"bases":[[[0.818072,-0.558339,0.137893],[0.439183,0.761295,0.477019],[-0.371316,-0.329676,0.868008]],[[0.816375,-0.559833,0.14184],[0.420997,0.408761,-0.809738],[0.39534,0.720764,0.56939]],[[0.816375,-0.559833,0.14184],[0.191877,0.0312766,-0.98092],[0.544716,0.828015,0.132953]],[[0.816375,-0.559833,0.14184],[0.0792714,-0.134652,-0.987717],[0.572056,0.817591,-0.0655481]]],"btipPosition":[12.5984,251.52,-3.18359],"carpPosition":[32.7754,301.273,79.065],"dipPosition":[23.2838,266.792,-4.40797],"direction":[-0.544716,-0.828015,-0.132953],"extended":false,"handId":579,"id":5793,"length":64.4113,"mcpPosition":[56.0284,321.918,24.7075],"pipPosition":[38.3695,289.723,-0.72589],"stabilizedTipPosition":[-11.5636,283.539,115.425],"timeVisible":0.632666,"tipPosition":[15.1468,255.097,-3.94087],"tipVelocity":[-28.4237,-58.4691,-95.036],"tool":false,"touchDistance":-0.459234,"touchZone":"touching","type":3,"width":18.0722},{"bases":[[[0.685712,-0.710805,0.156703],[0.526535,0.633049,0.567459],[-0.502554,-0.306604,0.808353]],[[0.61485,-0.744527,0.260075],[0.634536,0.271199,-0.723751],[0.46832,0.610025,0.639176]],[[0.61485,-0.744527,0.260075],[0.346908,-0.0408269,-0.93701],[0.708248,0.666343,0.23318]],[[0.61485,-0.744527,0.260075],[0.199524,-0.172193,-0.964645],[0.762987,0.645003,0.0426785]]],"btipPosition":[27.1937,262.211,3.57667],"carpPosition":[41.6125,290.146,78.3263],"dipPosition":[40.3416,273.326,4.31212],"direction":[-0.708248,-0.666342,-0.23318],"extended":false,"handId":579,"id":5794,"length":50.4973,"mcpPosition":[70.7454,307.92,31.4664],"pipPosition":[54.1904,286.355,8.87162],"stabilizedTipPosition":[-1.67335,292.256,138.998],"timeVisible":0.632666,"tipPosition":[30.5666,264.806,2.92382],"tipVelocity":[-21.4774,-57.8823,-108.351],"tool":false,"touchDistance":-0.466534,"touchZone":"touching","type":4,"width":16.0532}],"r":[[0.966746,0.10262,0.234245],[-0.0834272,0.992401,-0.0904493],[-0.241747,0.0678991,0.967961]],"s":1.49417,"t":[41.8819,-28.1841,-179.363],"timestamp":522720692302},false],[3,{"currentFrameRate":110.001,"devices":[],"gestures":[],"hands":[{"armBasis":[[0.940434,-0.3228,-0.1067],[0.328196,0.943879,0.0371415],[0.0887228,-0.0699478,0.993597]],"armWidth":63.703,"confidence":0.734489,"direction":[0.291457,0.493075,-0.819713],"elbow":[48.2161,270.889,349.73],"grabStrength":0.291088,"id":579,"palmNormal":[-0.204746,-0.804903,-0.556965],"palmPosition":[31.9966,315.429,33.8537],"palmVelocity":[-1.8589,-34.0364,-130.318],"palmWidth":90.9658,"pinchStrength":1,"r":[[0.967263,0.103136,0.231875],[-0.0829782,0.992004,-0.0950913],[-0.239828,0.0727377,0.968087]],"s":1.49571,"sphereCenter":[25.7416,284.887,-5.99818],"sphereRadius":43.8878,"stabilizedPalmPosition":[-7.77244,343.018,210.538],"t":[41.8336,-28.3985,-180.488],"timeVisible":0.641603,"type":"right","wrist":[24.2673,289.77,81.5303]}],"id":4198133,"interactionBox":{"center":[0,200,0],"size":[235.247,235.247,147.751]},"pointables":[{"bases":[[[0.616009,0.683285,0.391989],[-0.774192,0.433249,0.461435],[0.145463,-0.587723,0.795879]],[[0.475638,0.879212,-0.0274839],[-0.861387,0.471872,0.188014],[0.178273,-0.0657523,0.981782]],[[0.475638,0.879212,-0.0274839],[-0.865855,0.462445,-0.190892],[-0.155125,0.114593,0.981226]],[[0.475638,0.879212,-0.0274839],[-0.370042,0.171646,-0.913021],[-0.798021,0.444437,0.406987]]],"btipPosition":[9.49092,277.779,-17.452],"carpPosition":[-5.57174,288.803,74.5121],"dipPosition":[-9.18066,288.178,-7.9296],"direction":[0.155125,-0.114593,-0.981226],"extended":false,"handId":579,"id":5790,"length":52.1025,"mcpPosition":[-5.57174,288.803,74.5121],"pipPosition":[-14.4683,292.084,25.517],"stabilizedTipPosition":[-30.6214,306.047,134.287],"timeVisible":0.641603,"tipPosition":[4.77369,280.344,-15.7013],"tipVelocity":[12.2756,-68.2789,-95.812],"tool":false,"touchDistance":-0.464634,"touchZone":"touching","type":0,"width":20.2446},{"bases":[[[0.970086,-0.242689,-0.00588864],[0.221828,0.876326,0.427604],[-0.0986145,-0.416119,0.903947]],[[0.974779,-0.188304,-0.119779],[0.172911,0.976573,-0.128089],[0.141092,0.104148,0.984503]],[[0.974779,-0.188304,-0.119779],[0.154263,0.956374,-0.248097],[0.161271,0.223362,0.961302]],[[0.974779,-0.188304,-0.119779],[0.140835,0.935385,-0.324377],[0.173121,0.299326,0.938314]]],"btipPosition":[3.42194,322.772,-70.3185],"carpPosition":[9.08293,307.15,77.7083],"dipPosition":[6.37902,327.885,-54.2911],"direction":[-0.161271,-0.223362,-0.961302],"extended":true,"handId":579,"id":5791,"length":58.7918,"mcpPosition":[16.336,337.755,11.2231],"pipPosition":[10.276,333.282,-31.0623],"stabilizedTipPosition":[-32.2586,325.995,90.5087],"timeVisible":0.641603,"tipPosition":[3.84571,322.565,-66.1987],"tipVelocity":[-12.8882,-47.7829,-138.361],"tool":false,"touchDistance":-0.524002,"touchZone":"hovering","type":1,"width":19.3376},{"bases":[[[0.895719,-0.44249,0.0434828],[0.380421,0.813332,0.440195],[-0.230148,-0.377749,0.896849]],[[0.88972,-0.451744,0.0657667],[0.306649,0.484694,-0.819169],[0.338178,0.748999,0.569769]],[[0.88972,-0.451744,0.0657667],[0.117908,0.088226,-0.989097],[0.441017,0.887774,0.131761]],[[0.88972,-0.451744,0.0657667],[0.0257346,-0.0942034,-0.99522],[0.455781,0.88716,-0.0721892]]],"btipPosition":[-0.0118394,254.281,-14.568],"carpPosition":[21.3318,305.931,77.832],"dipPosition":[8.55091,270.948,-15.9242],"direction":[-0.441017,-0.887774,-0.131761],"extended":false,"handId":579,"id":5792,"length":66.9886,"mcpPosition":[37.3845,332.278,15.2773],"pipPosition":[21.0885,296.186,-12.1784],"stabilizedTipPosition":[-17.6646,289.305,89.4432],"timeVisible":0.641603,"tipPosition":[1.98355,258.099,-15.3457],"tipVelocity":[-14.7726,-59.61,-93.7533],"tool":false,"touchDistance":-0.458542,"touchZone":"touching","type":2,"width":18.9921},{"bases":[[[0.820844,-0.5533,0.141679],[0.435913,0.767183,0.470542],[-0.369045,-0.324482,0.870929]],[[0.819191,-0.554741,0.145559],[0.418044,0.403811,-0.813742],[0.392638,0.727461,0.562705]],[[0.819191,-0.554741,0.145559],[0.190773,0.0242217,-0.981335],[0.540861,0.83167,0.125672]],[[0.819191,-0.554741,0.145559],[0.0791285,-0.14205,-0.986692],[0.568035,0.819807,-0.0724701]]],"btipPosition":[12.7934,251.045,-3.77786],"carpPosition":[32.8101,301.565,78.0241],"dipPosition":[23.4037,266.358,-5.13153],"direction":[-0.540861,-0.83167,-0.125672],"extended":false,"handId":579,"id":5793,"length":64.4113,"mcpPosition":[55.9209,321.885,23.4836],"pipPosition":[38.3827,289.391,-1.6511],"stabilizedTipPosition":[-11.4063,283.369,114.723],"timeVisible":0.641603,"tipPosition":[15.3265,254.631,-4.5635],"tipVelocity":[-15.2372,-56.7356,-88.1539],"tool":false,"touchDistance":-0.451004,"touchZone":"touching","type":3,"width":18.0722},{"bases":[[[0.68923,-0.706241,0.16182],[0.523949,0.640084,0.561934],[-0.500439,-0.302516,0.8112]],[[0.618948,-0.739353,0.265068],[0.632198,0.268704,-0.726721],[0.466079,0.617378,0.633731]],[[0.618948,-0.739353,0.265068],[0.345991,-0.0463147,-0.937094],[0.70512,0.671723,0.227143]],[[0.618948,-0.739353,0.265068],[0.199323,-0.178573,-0.963526],[0.759719,0.649206,0.0368428]]],"btipPosition":[27.355,261.865,2.86355],"carpPosition":[41.6998,290.474,77.3672],"dipPosition":[40.4467,273.052,3.49843],"direction":[-0.70512,-0.671723,-0.227143],"extended":false,"handId":579,"id":5794,"length":50.4973,"mcpPosition":[70.7101,308.011,30.3421],"pipPosition":[54.2343,286.187,7.93989],"stabilizedTipPosition":[-1.59212,292.186,138.653],"timeVisible":0.641603,"tipPosition":[30.7097,264.473,2.196],"tipVelocity":[-11.0828,-52.1427,-101.263],"tool":false,"touchDistance":-0.459258,"touchZone":"touching","type":4,"width":16.0532}],"r":[[0.967263,0.103136,0.231875],[-0.0829782,0.992004,-0.0950913],[-0.239828,0.0727377,0.968087]],"s":1.49571,"t":[41.8336,-28.3985,-180.488],"timestamp":522720701239},false],[4,{"currentFrameRate":110.005,"devices":[],"gestures":[],"hands":[{"armBasis":[[0.940204,-0.321217,-0.113295],[0.327423,0.943999,0.0407415],[0.0938638,-0.0754008,0.992726]],"armWidth":63.703,"confidence":0.734451,"direction":[0.290074,0.491477,-0.821162],"elbow":[49.6292,269.583,348.19],"grabStrength":0.2835,"id":579,"palmNormal":[-0.205682,-0.805986,-0.55505],"palmPosition":[31.9417,315.501,32.4861],"palmVelocity":[-3.01843,-22.4131,-135.914],"palmWidth":90.9658,"pinchStrength":1,"r":[[0.96775,0.103629,0.22961],[-0.0826588,0.991632,-0.0991625],[-0.237965,0.0769853,0.968218]],"s":1.49671,"sphereCenter":[25.2823,285.132,-7.29743],"sphereRadius":43.8074,"stabilizedPalmPosition":[-7.76793,343.015,210.518],"t":[41.782,-28.4695,-181.734],"timeVisible":0.650687,"type":"right","wrist":[24.2928,289.936,80.2256]}],"id":4198134,"interactionBox":{"center":[0,200,0],"size":[235.247,235.247,147.751]},"pointables":[{"bases":[[[0.616667,0.684046,0.389618],[-0.773414,0.434147,0.461894],[0.146805,-0.586171,0.796776]],[[0.475409,0.87924,-0.0303779],[-0.861646,0.472312,0.185709],[0.17763,-0.0621127,0.982135]],[[0.475409,0.87924,-0.0303779],[-0.864275,0.46031,-0.202838],[-0.16436,0.122686,0.978741]],[[0.475409,0.87924,-0.0303779],[-0.35185,0.158372,-0.922562],[-0.806342,0.449283,0.384652]]],"btipPosition":[10.0462,277.36,-18.1148],"carpPosition":[-5.55805,288.954,73.2597],"dipPosition":[-8.8201,287.872,-9.11497],"direction":[0.16436,-0.122686,-0.978741],"extended":false,"handId":579,"id":5790,"length":52.1025,"mcpPosition":[-5.55805,288.954,73.2597],"pipPosition":[-14.4226,292.054,24.2469],"stabilizedTipPosition":[-30.352,305.852,133.172],"timeVisible":0.650687,"tipPosition":[5.10384,280.063,-16.5751],"tipVelocity":[24.4305,-61.3612,-93.1504],"tool":false,"touchDistance":-0.458249,"touchZone":"touching","type":0,"width":20.2446},{"bases":[[[0.970076,-0.242701,-0.00705062],[0.222547,0.877157,0.425522],[-0.0970901,-0.414357,0.904921]],[[0.974586,-0.188709,-0.120707],[0.173545,0.976755,-0.125826],[0.141646,0.10168,0.984681]],[[0.974586,-0.188709,-0.120707],[0.154858,0.956904,-0.245669],[0.161865,0.220733,0.961809]],[[0.974586,-0.188709,-0.120707],[0.14138,0.936124,-0.322],[0.173761,0.296751,0.939013]]],"btipPosition":[3.27976,323.013,-71.7349],"carpPosition":[9.10194,307.307,76.3954],"dipPosition":[6.24778,328.082,-55.6956],"direction":[-0.161865,-0.220733,-0.961809],"extended":true,"handId":579,"id":5791,"length":58.7918,"mcpPosition":[16.2429,337.783,9.83852],"pipPosition":[10.1591,333.416,-32.4545],"stabilizedTipPosition":[-32.2259,325.993,90.3656],"timeVisible":0.650687,"tipPosition":[3.70098,322.797,-67.6186],"tipVelocity":[-13.5764,-27.5033,-143.138],"tool":false,"touchDistance":-0.52114,"touchZone":"hovering","type":1,"width":19.3376},{"bases":[[[0.895792,-0.442405,0.0428352],[0.38116,0.814187,0.437968],[-0.228635,-0.376001,0.89797]],[[0.88983,-0.451617,0.0651492],[0.305291,0.483144,-0.820591],[0.339116,0.750076,0.56779]],[[0.88983,-0.451617,0.0651492],[0.116314,0.0864403,-0.989444],[0.441218,0.888015,0.129446]],[[0.88983,-0.451617,0.0651492],[0.0241484,-0.0959693,-0.995091],[0.455652,0.887036,-0.0744905]]],"btipPosition":[-0.146657,254.26,-15.773],"carpPosition":[21.351,306.089,76.5008],"dipPosition":[8.41368,270.925,-17.1725],"direction":[-0.441218,-0.888015,-0.129446],"extended":false,"handId":579,"id":5792,"length":66.9886,"mcpPosition":[37.2982,332.314,13.868],"pipPosition":[20.957,296.17,-13.4925],"stabilizedTipPosition":[-17.5528,289.126,88.8379],"timeVisible":0.650687,"tipPosition":[1.84646,258.077,-16.5504],"tipVelocity":[-14.8085,-43.748,-104.821],"tool":false,"touchDistance":-0.459245,"touchZone":"touching","type":2,"width":18.9921},{"bases":[[[0.821083,-0.553024,0.141373],[0.436704,0.768098,0.468311],[-0.367576,-0.322784,0.87218]],[[0.819499,-0.554404,0.145114],[0.415589,0.400565,-0.816599],[0.394598,0.729509,0.558667]],[[0.819499,-0.554404,0.145114],[0.187854,0.0206473,-0.98198],[0.541417,0.831992,0.121067]],[[0.819499,-0.554404,0.145114],[0.0764006,-0.145266,-0.986438],[0.567965,0.819472,-0.0766882]]],"btipPosition":[12.6193,251.003,-4.81156],"carpPosition":[32.8296,301.723,76.6821],"dipPosition":[23.2283,266.31,-6.24402],"direction":[-0.541417,-0.831992,-0.121067],"extended":false,"handId":579,"id":5793,"length":64.4113,"mcpPosition":[55.8484,321.937,22.0633],"pipPosition":[38.2226,289.351,-2.89111],"stabilizedTipPosition":[-11.2685,283.219,114.099],"timeVisible":0.650687,"tipPosition":[15.1672,254.6,-5.64965],"tipVelocity":[-16.3341,-42.3585,-95.802],"tool":false,"touchDistance":-0.450014,"touchZone":"touching","type":3,"width":18.0722},{"bases":[[[0.689503,-0.705925,0.162034],[0.524894,0.641177,0.559802],[-0.49907,-0.300935,0.81263]],[[0.619723,-0.738719,0.265023],[0.630602,0.267669,-0.728487],[0.467209,0.618585,0.631719]],[[0.619723,-0.738719,0.265023],[0.34413,-0.0477171,-0.937709],[0.705349,0.672322,0.224644]],[[0.619723,-0.738719,0.265023],[0.197493,-0.180033,-0.963631],[0.759566,0.649525,0.034321]]],"btipPosition":[27.2523,261.871,1.60873],"carpPosition":[41.7182,290.632,76.0318],"dipPosition":[40.3413,273.064,2.20015],"direction":[-0.70535,-0.672322,-0.224644],"extended":false,"handId":579,"id":5794,"length":50.4973,"mcpPosition":[70.6492,308.077,28.9239],"pipPosition":[54.1334,286.21,6.59275],"stabilizedTipPosition":[-1.5249,292.127,138.364],"timeVisible":0.650687,"tipPosition":[30.5997,264.481,0.939667],"tipVelocity":[-11.1628,-37.5027,-111.772],"tool":false,"touchDistance":-0.460638,"touchZone":"touching","type":4,"width":16.0532}],"r":[[0.96775,0.103629,0.22961],[-0.0826588,0.991632,-0.0991625],[-0.237965,0.0769853,0.968218]],"s":1.49671,"t":[41.782,-28.4695,-181.734],"timestamp":522720710323},false],[5,{"currentFrameRate":110.074,"devices":[],"gestures":[],"hands":[{"armBasis":[[0.940567,-0.320762,-0.111563],[0.326933,0.944122,0.0418079],[0.0919186,-0.0757967,0.992878]],"armWidth":63.703,"confidence":0.739468,"direction":[0.288638,0.491869,-0.821433],"elbow":[49.3331,269.642,347.187],"grabStrength":0.277854,"id":579,"palmNormal":[-0.206196,-0.805882,-0.555011],"palmPosition":[32.0883,315.686,31.4392],"palmVelocity":[2.28425,-10.641,-130.695],"palmWidth":90.9658,"pinchStrength":1,"r":[[0.968198,0.104078,0.227511],[-0.0825186,0.991322,-0.102327],[-0.236186,0.080299,0.968384]],"s":1.49775,"sphereCenter":[25.2162,285.445,-8.35606],"sphereRadius":43.7877,"stabilizedPalmPosition":[-7.76482,343.013,210.504],"t":[41.8295,-28.4126,-182.88],"timeVisible":0.659648,"type":"right","wrist":[24.5217,290.101,79.1815]}],"id":4198135,"interactionBox":{"center":[0,200,0],"size":[235.247,235.247,147.751]},"pointables":[{"bases":[[[0.61698,0.684163,0.388918],[-0.772891,0.433681,0.463206],[0.148242,-0.58638,0.796356]],[[0.475313,0.8793,-0.0301618],[-0.861538,0.472116,0.186706],[0.17841,-0.062758,0.981953]],[[0.475313,0.8793,-0.0301618],[-0.863602,0.459727,-0.206984],[-0.168135,0.12443,0.977879]],[[0.475313,0.8793,-0.0301618],[-0.344064,0.154216,-0.926195],[-0.809752,0.45061,0.375836]]],"btipPosition":[10.4345,277.458,-18.8695],"carpPosition":[-5.33922,289.11,72.2603],"dipPosition":[-8.51152,288.001,-10.0759],"direction":[0.168135,-0.12443,-0.977879],"extended":false,"handId":579,"id":5790,"length":52.1025,"mcpPosition":[-5.33922,289.11,72.2603],"pipPosition":[-14.2426,292.242,23.2566],"stabilizedTipPosition":[-30.1078,305.678,132.166],"timeVisible":0.659648,"tipPosition":[5.42637,280.172,-17.3993],"tipVelocity":[29.043,-41.3735,-92.1547],"tool":false,"touchDistance":-0.452789,"touchZone":"touching","type":0,"width":20.2446},{"bases":[[[0.970161,-0.242309,-0.00859555],[0.222836,0.877103,0.425481],[-0.0955588,-0.414701,0.904926]],[[0.974487,-0.188407,-0.121978],[0.1736,0.977175,-0.122443],[0.142262,0.0981433,0.984951]],[[0.974487,-0.188407,-0.121978],[0.15485,0.957772,-0.242267],[0.162471,0.217198,0.962511]],[[0.974487,-0.188407,-0.121978],[0.141314,0.937255,-0.318722],[0.174373,0.293353,0.939967]]],"btipPosition":[3.33174,323.495,-72.7955],"carpPosition":[9.31813,307.468,75.3801],"dipPosition":[6.31022,328.506,-56.7399],"direction":[-0.162472,-0.217198,-0.962511],"extended":true,"handId":579,"id":5791,"length":58.7918,"mcpPosition":[16.3465,337.969,8.82277],"pipPosition":[10.2362,333.754,-33.4818],"stabilizedTipPosition":[-32.2039,325.992,90.2687],"timeVisible":0.659648,"tipPosition":[3.75471,323.278,-68.6869],"tipVelocity":[-8.20201,-5.68777,-136.244],"tool":false,"touchDistance":-0.513212,"touchZone":"hovering","type":1,"width":19.3376},{"bases":[[[0.896033,-0.442059,0.0413349],[0.381494,0.814193,0.437667],[-0.227129,-0.376395,0.898187]],[[0.89011,-0.45128,0.0636505],[0.303861,0.483558,-0.820878],[0.339667,0.750012,0.567546]],[[0.89011,-0.45128,0.0636505],[0.114841,0.0869405,-0.989572],[0.44104,0.888137,0.129212]],[[0.89011,-0.45128,0.0636505],[0.0227654,-0.0954609,-0.995173],[0.455178,0.887262,-0.0746971]]],"btipPosition":[-0.047388,254.449,-16.8],"carpPosition":[21.5679,306.254,75.4666],"dipPosition":[8.50403,271.118,-18.2034],"direction":[-0.44104,-0.888137,-0.129212],"extended":false,"handId":579,"id":5792,"length":66.9886,"mcpPosition":[37.41,332.508,12.8186],"pipPosition":[21.0423,296.366,-14.53],"stabilizedTipPosition":[-17.4716,288.998,88.3958],"timeVisible":0.659648,"tipPosition":[1.9424,258.267,-17.57],"tipVelocity":[-7.78932,-25.9949,-107.526],"tool":false,"touchDistance":-0.457073,"touchZone":"touching","type":2,"width":18.9921},{"bases":[[[0.821517,-0.552742,0.139948],[0.437101,0.768116,0.467911],[-0.366131,-0.323225,0.872625]],[[0.819981,-0.554087,0.143592],[0.413515,0.399983,-0.817936],[0.395774,0.730069,0.557101]],[[0.819981,-0.554087,0.143592],[0.185689,0.0202078,-0.982401],[0.541434,0.832213,0.119458]],[[0.819981,-0.554087,0.143592],[0.0744777,-0.145449,-0.986558],[0.567525,0.819654,-0.0779985]]],"btipPosition":[12.7028,251.166,-5.75344],"carpPosition":[33.0484,301.893,75.6291],"dipPosition":[23.3036,266.476,-7.21037],"direction":[-0.541434,-0.832213,-0.119458],"extended":false,"handId":579,"id":5793,"length":64.4113,"mcpPosition":[55.9767,322.135,20.9824],"pipPosition":[38.2984,289.524,-3.90203],"stabilizedTipPosition":[-11.1668,283.109,113.636],"timeVisible":0.659648,"tipPosition":[15.2557,254.771,-6.6086],"tipVelocity":[-9.37218,-25.7609,-98.5199],"tool":false,"touchDistance":-0.447559,"touchZone":"touching","type":3,"width":18.0722},{"bases":[[[0.69003,-0.705703,0.160756],[0.525481,0.641199,0.559226],[-0.497723,-0.301408,0.81328]],[[0.621013,-0.738346,0.263037],[0.62871,0.268846,-0.729689],[0.468046,0.61852,0.631162]],[[0.621013,-0.738346,0.263037],[0.341941,-0.0467605,-0.938557],[0.70528,0.672799,0.223432]],[[0.621013,-0.738346,0.263037],[0.195318,-0.179227,-0.964224],[0.759075,0.650171,0.0329097]]],"btipPosition":[27.3767,262.054,0.568564],"carpPosition":[41.9405,290.806,74.9617],"dipPosition":[40.4573,273.258,1.13567],"direction":[-0.70528,-0.672799,-0.223432],"extended":false,"handId":579,"id":5794,"length":50.4973,"mcpPosition":[70.7934,308.278,27.816],"pipPosition":[54.248,286.414,5.50457],"stabilizedTipPosition":[-1.47686,292.086,138.157],"timeVisible":0.659648,"tipPosition":[30.7141,264.669,-0.0975189],"tipVelocity":[-4.37023,-21.5675,-113.121],"tool":false,"touchDistance":-0.458594,"touchZone":"touching","type":4,"width":16.0532}],"r":[[0.968198,0.104078,0.227511],[-0.0825186,0.991322,-0.102327],[-0.236186,0.080299,0.968384]],"s":1.49775,"t":[41.8295,-28.4126,-182.88],"timestamp":522720719284},false],[6,{"currentFrameRate":110.003,"devices":[],"gestures":[],"hands":[{"armBasis":[[0.940753,-0.319972,-0.112261],[0.326104,0.944451,0.0408391],[0.0929572,-0.0750281,0.992839]],"armWidth":63.703,"confidence":0.744518,"direction":[0.28872,0.49253,-0.821009],"elbow":[49.5788,269.887,346.584],"grabStrength":0.273582,"id":579,"palmNormal":[-0.204907,-0.805869,-0.555507],"palmPosition":[32.0616,315.753,30.8632],"palmVelocity":[0.833824,-5.62875,-111.583],"palmWidth":90.9658,"pinchStrength":1,"r":[[0.968497,0.104622,0.225984],[-0.082609,0.991058,-0.104787],[-0.234926,0.0828172,0.968479]],"s":1.4989,"sphereCenter":[25.1743,285.578,-8.96335],"sphereRadius":43.7924,"stabilizedPalmPosition":[-7.76267,343.012,210.494],"t":[41.8399,-28.3508,-183.742],"timeVisible":0.668866,"type":"right","wrist":[24.487,290.14,78.589]}],"id":4198136,"interactionBox":{"center":[0,200,0],"size":[235.247,235.247,147.751]},"pointables":[{"bases":[[[0.615947,0.684666,0.389669],[-0.773706,0.432647,0.462812],[0.148282,-0.586557,0.796218]],[[0.474523,0.879761,-0.0291356],[-0.862155,0.471193,0.186187],[0.177528,-0.0632306,0.982082]],[[0.474523,0.879761,-0.0291356],[-0.863627,0.45891,-0.208684],[-0.170221,0.124188,0.977549]],[[0.474523,0.879761,-0.0291356],[-0.340886,0.153148,-0.927546],[-0.811557,0.450074,0.372571]]],"btipPosition":[10.5635,277.511,-19.4036],"carpPosition":[-5.36758,289.119,71.645],"dipPosition":[-8.42477,288.042,-10.6864],"direction":[0.170221,-0.124188,-0.977549],"extended":false,"handId":579,"id":5790,"length":52.1025,"mcpPosition":[-5.36758,289.119,71.645],"pipPosition":[-14.227,292.275,22.6348],"stabilizedTipPosition":[-29.8974,305.529,131.3],"timeVisible":0.668866,"tipPosition":[5.55009,280.211,-17.9462],"tipVelocity":[24.5305,-28.2473,-83.1022],"tool":false,"touchDistance":-0.444118,"touchZone":"touching","type":0,"width":20.2446},{"bases":[[[0.970429,-0.241254,-0.00797215],[0.221568,0.877163,0.426019],[-0.0957862,-0.415188,0.904679]],[[0.97479,-0.187446,-0.12103],[0.173168,0.977629,-0.119395],[0.140702,0.0954263,0.985442]],[[0.97479,-0.187446,-0.12103],[0.154607,0.958547,-0.23934],[0.160876,0.214595,0.963363]],[[0.97479,-0.187446,-0.12103],[0.141179,0.938204,-0.315978],[0.172779,0.290925,0.941015]]],"btipPosition":[3.43066,323.775,-73.4335],"carpPosition":[9.26753,307.492,74.7835],"dipPosition":[6.38191,328.745,-57.3599],"direction":[-0.160876,-0.214595,-0.963363],"extended":true,"handId":579,"id":5791,"length":58.7918,"mcpPosition":[16.3126,338.029,8.24442],"pipPosition":[10.2693,333.93,-34.0813],"stabilizedTipPosition":[-32.1887,325.992,90.2016],"timeVisible":0.668866,"tipPosition":[3.84684,323.57,-69.3332],"tipVelocity":[-3.08716,4.13972,-117.334],"tool":false,"touchDistance":-0.499731,"touchZone":"hovering","type":1,"width":19.3376},{"bases":[[[0.89648,-0.441106,0.0418182],[0.380284,0.81442,0.438297],[-0.227393,-0.377022,0.897857]],[[0.890559,-0.45033,0.064094],[0.303931,0.484277,-0.820427],[0.338423,0.750119,0.568147]],[[0.890559,-0.45033,0.064094],[0.115504,0.0875932,-0.989437],[0.439959,0.888555,0.130022]],[[0.890559,-0.45033,0.064094],[0.0236462,-0.0948828,-0.995208],[0.454253,0.887807,-0.0738502]]],"btipPosition":[0.0296837,254.502,-17.4328],"carpPosition":[21.5185,306.291,74.8787],"dipPosition":[8.56373,271.181,-18.8202],"direction":[-0.439959,-0.888555,-0.130022],"extended":false,"handId":579,"id":5792,"length":66.9886,"mcpPosition":[37.379,332.588,12.2537],"pipPosition":[21.0712,296.442,-15.1239],"stabilizedTipPosition":[-17.413,288.905,88.0761],"timeVisible":0.668866,"tipPosition":[2.01509,258.322,-18.1916],"tipVelocity":[-3.38545,-17.0227,-96.5211],"tool":false,"touchDistance":-0.449136,"touchZone":"touching","type":2,"width":18.9921},{"bases":[[[0.822011,-0.551911,0.140329],[0.435919,0.76839,0.468563],[-0.366433,-0.323992,0.872213]],[[0.820513,-0.553225,0.143878],[0.413216,0.400114,-0.818023],[0.394983,0.730651,0.5569]],[[0.820513,-0.553225,0.143878],[0.185957,0.020321,-0.982348],[0.540536,0.832784,0.11955]],[[0.820513,-0.553225,0.143878],[0.0750639,-0.145241,-0.986545],[0.566679,0.820272,-0.077645]]],"btipPosition":[12.753,251.21,-6.309],"carpPosition":[33.0037,301.942,75.0479],"dipPosition":[23.338,266.532,-7.75933],"direction":[-0.540536,-0.832784,-0.11955],"extended":false,"handId":579,"id":5793,"length":64.4113,"mcpPosition":[55.9509,322.232,20.427],"pipPosition":[38.3079,289.595,-4.44844],"stabilizedTipPosition":[-11.0925,283.029,113.297],"timeVisible":0.668866,"tipPosition":[15.3063,254.821,-7.16577],"tipVelocity":[-5.33271,-17.1306,-87.7557],"tool":false,"touchDistance":-0.439447,"touchZone":"touching","type":3,"width":18.0722},{"bases":[[[0.690674,-0.705023,0.160973],[0.524367,0.641531,0.55989],[-0.498005,-0.302293,0.81278]],[[0.622321,-0.737529,0.262235],[0.628132,0.270622,-0.72953],[0.467083,0.61872,0.631679]],[[0.622321,-0.737529,0.262235],[0.341764,-0.0453814,-0.93869],[0.704211,0.673789,0.223819]],[[0.622321,-0.737529,0.262235],[0.195324,-0.178099,-0.964432],[0.758,0.651407,0.0332225]]],"btipPosition":[27.4342,262.117,-0.0128524],"carpPosition":[41.9082,290.865,74.3825],"dipPosition":[40.4963,273.342,0.559644],"direction":[-0.704211,-0.673789,-0.223819],"extended":false,"handId":579,"id":5794,"length":50.4973,"mcpPosition":[70.7774,308.388,27.2658],"pipPosition":[54.2661,286.517,4.93611],"stabilizedTipPosition":[-1.4426,292.056,138.009],"timeVisible":0.668866,"tipPosition":[30.7606,264.741,-0.667905],"tipVelocity":[-1.52733,-13.4745,-99.0598],"tool":false,"touchDistance":-0.44977,"touchZone":"touching","type":4,"width":16.0532}],"r":[[0.968497,0.104622,0.225984],[-0.082609,0.991058,-0.