{"sensorType":"Leap","data":[[0,{"currentFrameRate":107.333,"devices":[],"gestures":[],"hands":[{"armBasis":[[0.975815,-0.152643,-0.156478],[0.167413,0.982134,0.0859448],[0.140564,-0.110063,0.983935]],"armWidth":63.3096,"confidence":0.806377,"direction":[0.304618,0.17253,-0.936718],"elbow":[66.2069,271.697,361.098],"grabStrength":0,"id":667,"palmNormal":[-0.126025,-0.96751,-0.219184],"palmPosition":[37.1514,307.726,43.882],"palmVelocity":[46.5161,3.363,-114.672],"palmWidth":90.4039,"pinchStrength":0.848685,"r":[[0.985848,0.165564,0.02632],[-0.158867,0.972784,-0.16868],[-0.0535311,0.162112,0.985319]],"s":1.08172,"sphereCenter":[21.0252,269.695,10.8292],"sphereRadius":50.153,"stabilizedPalmPosition":[-21.7822,312.559,240.525],"t":[61.9278,-5.61492,-203.548],"timeVisible":0.605462,"type":"right","wrist":[28.4992,301.222,97.1472]}],"id":4236801,"interactionBox":{"center":[0,200,0],"size":[235.247,235.247,147.751]},"pointables":[{"bases":[[[0.552065,0.824663,0.123106],[-0.822328,0.514092,0.243899],[0.137847,-0.235881,0.961955]],[[0.442789,0.84735,-0.293147],[-0.894509,0.439922,-0.0795157],[0.0615844,0.297431,0.952755]],[[0.442789,0.84735,-0.293147],[-0.896284,0.427327,-0.118603],[0.0247716,0.315259,0.948682]],[[0.442789,0.84735,-0.293147],[-0.786912,0.210537,-0.580038],[-0.429777,0.487515,0.760014]]],"btipPosition":[5.47011,258.722,-6.81481],"carpPosition":[-0.629917,295.489,90.2481],"dipPosition":[-4.52343,270.058,10.8577],"direction":[-0.0247716,-0.315259,-0.948682],"extended":true,"handId":667,"id":6670,"length":51.7807,"mcpPosition":[-0.629917,295.489,90.2481],"pipPosition":[-3.68426,280.737,42.9952],"stabilizedTipPosition":[-63.9739,279.112,166.206],"timeVisible":0.605462,"tipPosition":[3.67231,260.583,-2.64297],"tipVelocity":[62.6192,7.17405,-123.361],"tool":false,"touchDistance":-0.473234,"touchZone":"hovering","type":0,"width":20.1196},{"bases":[[[0.981844,-0.153226,0.111826],[0.145662,0.986639,0.0729798],[-0.121514,-0.0553659,0.991044]],[[0.986864,-0.150112,0.0597075],[0.154211,0.985464,-0.0712689],[-0.0481413,0.0795403,0.995668]],[[0.986864,-0.150112,0.0597075],[0.159581,0.963341,-0.215657],[-0.025146,0.222352,0.974642]],[[0.986864,-0.150112,0.0597075],[0.16139,0.932558,-0.322937],[-0.007204,0.328332,0.944535]]],"btipPosition":[24.2857,304.377,-67.6466],"carpPosition":[12.6224,314.638,86.735],"dipPosition":[24.1634,309.95,-51.6126],"direction":[0.025146,-0.222352,-0.974642],"extended":true,"handId":667,"id":6671,"length":58.4287,"mcpPosition":[21.5046,318.685,14.2939],"pipPosition":[23.5595,315.29,-28.2069],"stabilizedTipPosition":[-35.581,310.725,127.558],"timeVisible":0.605462,"tipPosition":[24.5409,305.856,-63.9781],"tipVelocity":[38.3243,-10.7994,-108.924],"tool":false,"touchDistance":-0.471395,"touchZone":"hovering","type":1,"width":19.2182},{"bases":[[[0.917085,-0.325235,0.230601],[0.306854,0.945075,0.112575],[-0.254548,-0.0324801,0.966514]],[[0.890628,-0.326837,0.316163],[0.45413,0.603524,-0.655381],[0.0233902,0.72728,0.685942]],[[0.890628,-0.326837,0.316163],[0.316929,-0.0524411,-0.946998],[0.326094,0.943625,0.0568786]],[[0.890628,-0.326837,0.316163],[0.153432,-0.438512,-0.885532],[0.428065,0.837189,-0.340404]]],"btipPosition":[24.1417,239.616,-7.46674],"carpPosition":[24.8226,314.485,87.6318],"dipPosition":[32.1341,255.247,-13.8224],"direction":[-0.326094,-0.943625,-0.0568786],"extended":false,"handId":667,"id":6672,"length":66.5748,"mcpPosition":[42.4675,316.736,20.6343],"pipPosition":[41.3473,281.907,-12.2154],"stabilizedTipPosition":[-41.2801,257.434,157.322],"timeVisible":0.605462,"tipPosition":[26.5131,243.509,-10.1018],"tipVelocity":[57.7943,2.43442,-91.0552],"tool":false,"touchDistance":-0.437095,"touchZone":"hovering","type":2,"width":18.8748},{"bases":[[[0.843872,-0.396782,0.361171],[0.363321,0.917907,0.159516],[-0.394814,-0.00338992,0.918755]],[[0.811475,-0.395895,0.429855],[0.583988,0.522197,-0.621505],[0.0215817,0.755366,0.654948]],[[0.811475,-0.395895,0.429855],[0.409602,-0.139327,-0.901562],[0.416814,0.907665,0.0490994]],[[0.811475,-0.395895,0.429855],[0.203377,-0.498266,-0.842834],[0.547856,0.771361,-0.323815]]],"btipPosition":[38.4149,238.784,8.15093],"carpPosition":[36.4435,311.407,89.7455],"dipPosition":[48.5851,253.103,2.13974],"direction":[-0.416814,-0.907665,-0.0490994],"extended":false,"handId":667,"id":6673,"length":64.0135,"mcpPosition":[61.0154,311.618,32.5654],"pipPosition":[60.0573,278.085,3.49113],"stabilizedTipPosition":[-25.774,253.278,172.934],"timeVisible":0.605462,"tipPosition":[41.5517,242.232,5.55116],"tipVelocity":[55.7551,10.5082,-93.8554],"tool":false,"touchDistance":-0.434738,"touchZone":"hovering","type":3,"width":17.9606},{"bases":[[[0.720796,-0.540681,0.433725],[0.453833,0.841089,0.294288],[-0.523917,-0.015283,0.851632]],[[0.53696,-0.521693,0.662956],[0.841873,0.381745,-0.381471],[-0.0540689,0.76296,0.644181]],[[0.53696,-0.521693,0.662956],[0.643034,-0.255569,-0.721936],[0.54606,0.813954,0.198236]],[[0.53696,-0.521693,0.662956],[0.359274,-0.569612,-0.739232],[0.76328,0.635121,-0.118428]]],"btipPosition":[54.3466,249.021,19.9992],"carpPosition":[45.9466,301.639,93.5182],"dipPosition":[67.4184,259.898,17.971],"direction":[-0.54606,-0.813954,-0.198236],"extended":false,"handId":667,"id":6674,"length":50.1854,"mcpPosition":[76.1304,302.519,44.4543],"pipPosition":[78.0299,275.715,21.8233],"stabilizedTipPosition":[-10.3221,256.813,191.392],"timeVisible":0.605462,"tipPosition":[58.3588,251.47,18.6924],"tipVelocity":[40.2102,21.0713,-98.0864],"tool":false,"touchDistance":-0.435318,"touchZone":"hovering","type":4,"width":15.954}],"r":[[0.985848,0.165564,0.02632],[-0.158867,0.972784,-0.16868],[-0.0535311,0.162112,0.985319]],"s":1.08172,"t":[61.9278,-5.61492,-203.548],"timestamp":523179713000},false],[1,{"currentFrameRate":107.351,"devices":[],"gestures":[],"hands":[{"armBasis":[[0.976841,-0.147343,-0.155153],[0.162098,0.982921,0.0871229],[0.139666,-0.110255,0.984041]],"armWidth":63.3096,"confidence":0.812722,"direction":[0.302736,0.173711,-0.93711],"elbow":[66.6824,271.523,359.759],"grabStrength":0,"id":667,"palmNormal":[-0.121433,-0.968206,-0.218705],"palmPosition":[37.7773,307.628,42.5021],"palmVelocity":[52.4112,-0.571622,-124.254],"palmWidth":90.4039,"pinchStrength":0.849508,"r":[[0.985204,0.169367,0.02623],[-0.1627,0.972358,-0.167476],[-0.05387,0.160731,0.985527]],"s":1.08094,"sphereCenter":[22.0171,269.465,9.56219],"sphereRadius":50.0311,"stabilizedPalmPosition":[-21.7716,312.558,240.49],"t":[62.4544,-5.63722,-204.737],"timeVisible":0.614744,"type":"right","wrist":[29.2155,301.1,95.7789]}],"id":4236802,"interactionBox":{"center":[0,200,0],"size":[235.247,235.247,147.751]},"pointables":[{"bases":[[[0.548075,0.827452,0.122213],[-0.824618,0.510069,0.244611],[0.140067,-0.234845,0.961888]],[[0.438617,0.849588,-0.292943],[-0.896426,0.436664,-0.075793],[0.063525,0.295846,0.953121]],[[0.438617,0.849588,-0.292943],[-0.898382,0.422832,-0.118838],[0.0229025,0.315299,0.948716]],[[0.438617,0.849588,-0.292943],[-0.787105,0.205872,-0.581449],[-0.433683,0.48561,0.759013]]],"btipPosition":[6.26582,258.573,-8.14544],"carpPosition":[0.10789,295.219,88.9135],"dipPosition":[-3.81855,269.865,9.50379],"direction":[-0.0229025,-0.315299,-0.948716],"extended":true,"handId":667,"id":6670,"length":51.7807,"mcpPosition":[0.10789,295.219,88.9135],"pipPosition":[-3.0427,280.546,41.6425],"stabilizedTipPosition":[-63.9268,279.1,166.088],"timeVisible":0.614744,"tipPosition":[4.43712,260.422,-3.97983],"tipVelocity":[68.4975,0.333728,-129.159],"tool":false,"touchDistance":-0.474283,"touchZone":"hovering","type":0,"width":20.1196},{"bases":[[[0.982717,-0.148284,0.110812],[0.140815,0.98738,0.0724719],[-0.12016,-0.0556153,0.991195]],[[0.987714,-0.145119,0.0579866],[0.149154,0.98614,-0.0726734],[-0.0466366,0.0804295,0.995669]],[[0.987714,-0.145119,0.0579866],[0.154414,0.963378,-0.219222],[-0.0240497,0.225483,0.97395]],[[0.987714,-0.145119,0.0579866],[0.156143,0.931693,-0.327975],[-0.0064303,0.332999,0.942905]]],"btipPosition":[24.7213,303.997,-68.9692],"carpPosition":[13.2607,314.433,85.3792],"dipPosition":[24.6121,309.65,-52.9628],"direction":[0.0240497,-0.225483,-0.97395],"extended":true,"handId":667,"id":6671,"length":58.4287,"mcpPosition":[22.0439,318.498,12.9271],"pipPosition":[24.0346,315.065,-29.5737],"stabilizedTipPosition":[-35.5768,310.724,127.544],"timeVisible":0.614744,"tipPosition":[24.9908,305.543,-65.318],"tipVelocity":[40.8414,-18.7283,-118.576],"tool":false,"touchDistance":-0.472523,"touchZone":"hovering","type":1,"width":19.2182},{"bases":[[[0.918947,-0.320571,0.229718],[0.302256,0.946635,0.111907],[-0.253334,-0.0334025,0.966802]],[[0.892798,-0.322271,0.314726],[0.449915,0.603708,-0.658113],[0.0220887,0.729162,0.683984]],[[0.892798,-0.322271,0.314726],[0.314067,-0.0555148,-0.947776],[0.322913,0.945018,0.0516513]],[[0.892798,-0.322271,0.314726],[0.151876,-0.442415,-0.883857],[0.424081,0.836905,-0.346043]]],"btipPosition":[24.924,239.411,-8.50894],"carpPosition":[25.4624,314.341,86.2628],"dipPosition":[32.8419,255.037,-14.9699],"direction":[-0.322913,-0.945018,-0.0516513],"extended":false,"handId":667,"id":6672,"length":66.5748,"mcpPosition":[43.0231,316.656,19.2454],"pipPosition":[41.9653,281.737,-13.5106],"stabilizedTipPosition":[-41.1522,257.407,157.008],"timeVisible":0.614744,"tipPosition":[27.2796,243.295,-11.1743],"tipVelocity":[64.737,-4.49845,-97.7729],"tool":false,"touchDistance":-0.437715,"touchZone":"hovering","type":2,"width":18.8748},{"bases":[[[0.846233,-0.392436,0.360394],[0.358908,0.919766,0.158796],[-0.393795,-0.00502978,0.919185]],[[0.814552,-0.391721,0.427855],[0.579627,0.520136,-0.627288],[0.023179,0.758955,0.65073]],[[0.814552,-0.391721,0.427855],[0.404082,-0.146031,-0.902991],[0.4162,0.908422,0.0393369]],[[0.814552,-0.391721,0.427855],[0.198416,-0.50494,-0.84004],[0.545102,0.76915,-0.333576]]],"btipPosition":[39.0059,238.662,7.38077],"carpPosition":[37.1008,311.321,88.365],"dipPosition":[49.125,252.94,1.18838],"direction":[-0.4162,-0.908422,-0.0393369],"extended":false,"handId":667,"id":6673,"length":64.0135,"mcpPosition":[61.6092,311.634,31.1581],"pipPosition":[60.5803,277.943,2.27107],"stabilizedTipPosition":[-25.6934,253.265,172.734],"timeVisible":0.614744,"tipPosition":[42.1589,242.105,4.68985],"tipVelocity":[57.629,3.53975,-92.0538],"tool":false,"touchDistance":-0.431775,"touchZone":"hovering","type":3,"width":17.9606},{"bases":[[[0.723956,-0.536922,0.433132],[0.449949,0.843449,0.293497],[-0.522909,-0.0175911,0.852207]],[[0.54052,-0.518817,0.66232],[0.839522,0.3842,-0.384179],[-0.0551451,0.763688,0.643226]],[[0.54052,-0.518817,0.66232],[0.640132,-0.257243,-0.723918],[0.545958,0.815264,0.193066]],[[0.54052,-0.518817,0.66232],[0.355497,-0.57266,-0.738704],[0.762536,0.634737,-0.125096]]],"btipPosition":[55.0512,249.073,18.8269],"carpPosition":[46.6567,301.602,92.1308],"dipPosition":[68.1102,259.943,16.6845],"direction":[-0.545958,-0.815264,-0.193066],"extended":false,"handId":667,"id":6674,"length":50.1854,"mcpPosition":[76.7824,302.615,43.0338],"pipPosition":[78.7197,275.786,20.4363],"stabilizedTipPosition":[-10.2828,256.81,191.292],"timeVisible":0.614744,"tipPosition":[59.0428,251.511,17.4967],"tipVelocity":[50.1818,16.6635,-106.835],"tool":false,"touchDistance":-0.438098,"touchZone":"hovering","type":4,"width":15.954}],"r":[[0.985204,0.169367,0.02623],[-0.1627,0.972358,-0.167476],[-0.05387,0.160731,0.985527]],"s":1.08094,"t":[62.4544,-5.63722,-204.737],"timestamp":523179722282},false],[2,{"currentFrameRate":107.608,"devices":[],"gestures":[],"hands":[{"armBasis":[[0.977838,-0.142332,-0.153539],[0.157488,0.983274,0.0914812],[0.137951,-0.113634,0.983899]],"armWidth":63.3096,"confidence":0.817247,"direction":[0.300705,0.174545,-0.937609],"elbow":[66.9042,270.592,358.653],"grabStrength":0,"id":667,"palmNormal":[-0.118487,-0.968656,-0.218325],"palmPosition":[38.3552,307.621,41.4202],"palmVelocity":[55.9401,-0.617287,-123.804],"palmWidth":90.4039,"pinchStrength":0.852926,"r":[[0.984569,0.173076,0.0258521],[-0.166475,0.971886,-0.166501],[-0.0539428,0.159628,0.985702]],"s":1.08065,"sphereCenter":[22.8946,269.37,8.59794],"sphereRadius":49.9105,"stabilizedPalmPosition":[-21.7603,312.557,240.453],"t":[63.0066,-5.65164,-205.872],"timeVisible":0.623569,"type":"right","wrist":[29.8974,301.075,94.7115]}],"id":4236803,"interactionBox":{"center":[0,200,0],"size":[235.247,235.247,147.751]},"pointables":[{"bases":[[[0.545455,0.829329,0.121206],[-0.825965,0.507322,0.245777],[0.14234,-0.234173,0.961719]],[[0.435832,0.851216,-0.292372],[-0.897514,0.435305,-0.0705525],[0.0672157,0.293158,0.953698]],[[0.435832,0.851216,-0.292372],[-0.899772,0.419823,-0.118991],[0.021458,0.314929,0.948873]],[[0.435832,0.851216,-0.292372],[-0.785896,0.201601,-0.584572],[-0.438655,0.48455,0.756831]]],"btipPosition":[6.9388,258.619,-9.15016],"carpPosition":[0.799376,295.094,87.892],"dipPosition":[-3.26117,269.886,8.44833],"direction":[-0.021458,-0.314929,-0.948873],"extended":true,"handId":667,"id":6670,"length":51.7807,"mcpPosition":[0.799376,295.094,87.892],"pipPosition":[-2.53426,280.555,40.5923],"stabilizedTipPosition":[-63.8753,279.086,165.959],"timeVisible":0.623569,"tipPosition":[5.06447,260.45,-5.00147],"tipVelocity":[69.7795,1.47511,-125.382],"tool":false,"touchDistance":-0.470434,"touchZone":"hovering","type":0,"width":20.1196},{"bases":[[[0.983383,-0.144931,0.109331],[0.13758,0.987866,0.072059],[-0.118448,-0.0558199,0.99139]],[[0.988325,-0.141724,0.0559343],[0.14563,0.986616,-0.0733471],[-0.0447907,0.0806365,0.995737]],[[0.988325,-0.141724,0.0559343],[0.150691,0.963458,-0.221453],[-0.0225052,0.227296,0.973566]],[[0.988325,-0.141724,0.0559343],[0.152276,0.931159,-0.331292],[-0.00513181,0.335941,0.941869]]],"btipPosition":[25.0791,303.829,-70.005],"carpPosition":[13.8815,314.352,84.3337],"dipPosition":[24.9919,309.532,-54.0163],"direction":[0.0225052,-0.227296,-0.973566],"extended":true,"handId":667,"id":6671,"length":58.4287,"mcpPosition":[22.5396,318.432,11.8673],"pipPosition":[24.4515,314.99,-30.6364],"stabilizedTipPosition":[-35.5723,310.724,127.53],"timeVisible":0.623569,"tipPosition":[25.3607,305.408,-66.3642],"tipVelocity":[40.9147,-18.4684,-118.376],"tool":false,"touchDistance":-0.469202,"touchZone":"hovering","type":1,"width":19.2182},{"bases":[[[0.92038,-0.317409,0.228369],[0.299218,0.947677,0.111254],[-0.251733,-0.0340634,0.967197]],[[0.894765,-0.319173,0.312288],[0.445875,0.600542,-0.663735],[0.0243042,0.733129,0.679655]],[[0.894765,-0.319173,0.312288],[0.308604,-0.0634639,-0.949071],[0.322737,0.945569,0.0417128]],[[0.894765,-0.319173,0.312288],[0.146785,-0.450257,-0.880751],[0.421722,0.833905,-0.356025]]],"btipPosition":[25.3784,239.268,-8.92612],"carpPosition":[26.0848,314.301,85.1985],"dipPosition":[33.2523,254.838,-15.5734],"direction":[-0.322737,-0.945569,-0.0417128],"extended":false,"handId":667,"id":6672,"length":66.5748,"mcpPosition":[43.5346,316.663,18.1537],"pipPosition":[42.3707,281.553,-14.3949],"stabilizedTipPosition":[-41.0099,257.377,156.659],"timeVisible":0.623569,"tipPosition":[27.7602,243.15,-11.7054],"tipVelocity":[60.85,-8.05576,-85.4476],"tool":false,"touchDistance":-0.429177,"touchZone":"hovering","type":2,"width":18.8748},{"bases":[[[0.848111,-0.389493,0.35917],[0.356033,0.921009,0.158061],[-0.392362,-0.00617648,0.91979]],[[0.817293,-0.388909,0.425185],[0.575631,0.517618,-0.633025],[0.0261059,0.762117,0.646913]],[[0.817293,-0.388909,0.425185],[0.396969,-0.154832,-0.904678],[0.417669,0.908172,0.0278419]],[[0.817293,-0.388909,0.425185],[0.190436,-0.514118,-0.836311],[0.543844,0.764482,-0.346123]]],"btipPosition":[39.4056,238.687,6.98024],"carpPosition":[37.7367,311.322,87.2834],"dipPosition":[49.5013,252.878,0.554938],"direction":[-0.417669,-0.908172,-0.0278419],"extended":false,"handId":667,"id":6673,"length":64.0135,"mcpPosition":[62.1559,311.706,30.0389],"pipPosition":[60.997,277.874,1.32125],"stabilizedTipPosition":[-25.6036,253.25,172.511],"timeVisible":0.623569,"tipPosition":[42.5777,242.099,4.17777],"tipVelocity":[54.1321,2.74057,-81.0908],"tool":false,"touchDistance":-0.423742,"touchZone":"hovering","type":3,"width":17.9606},{"bases":[[[0.726436,-0.534377,0.432125],[0.447539,0.845028,0.292637],[-0.521537,-0.0191889,0.853013]],[[0.54314,-0.516818,0.661739],[0.837719,0.38686,-0.385444],[-0.056796,0.763701,0.643067]],[[0.54314,-0.516818,0.661739],[0.639118,-0.256655,-0.725022],[0.544542,0.816718,0.190908]],[[0.54314,-0.516818,0.661739],[0.354476,-0.573303,-0.738695],[0.761147,0.635786,-0.128184]]],"btipPosition":[55.7559,249.152,17.7865],"carpPosition":[47.3312,301.636,91.0365],"dipPosition":[68.7911,260.04,15.5912],"direction":[-0.544542,-0.816718,-0.190908],"extended":false,"handId":667,"id":6674,"length":50.1854,"mcpPosition":[77.3778,302.741,41.8929],"pipPosition":[79.3731,275.911,19.3011],"stabilizedTipPosition":[-10.2398,256.807,191.184],"timeVisible":0.623569,"tipPosition":[59.7146,251.591,16.4565],"tipVelocity":[58.0257,14.7107,-110.193],"tool":false,"touchDistance":-0.43841,"touchZone":"hovering","type":4,"width":15.954}],"r":[[0.984569,0.173076,0.0258521],[-0.166475,0.971886,-0.166501],[-0.0539428,0.159628,0.985702]],"s":1.08065,"t":[63.0066,-5.65164,-205.872],"timestamp":523179731107},false],[3,{"currentFrameRate":107.75,"devices":[],"gestures":[],"hands":[{"armBasis":[[0.979161,-0.137463,-0.149492],[0.152706,0.983623,0.095739],[0.133883,-0.116572,0.984117]],"armWidth":63.3096,"confidence":0.819297,"direction":[0.300308,0.175915,-0.93748],"elbow":[66.2134,269.807,357.961],"grabStrength":0,"id":667,"palmNormal":[-0.114886,-0.96902,-0.218636],"palmPosition":[38.7455,307.671,40.6741],"palmVelocity":[52.4495,1.07932,-112.487],"palmWidth":90.4039,"pinchStrength":0.85633,"r":[[0.983921,0.176761,0.025614],[-0.170196,0.971384,-0.165673],[-0.0541654,0.158649,0.985848]],"s":1.0806,"sphereCenter":[23.6636,269.331,7.92043],"sphereRadius":49.8001,"stabilizedPalmPosition":[-21.7474,312.556,240.41],"t":[63.4779,-5.63382,-206.813],"timeVisible":0.632593,"type":"right","wrist":[30.2979,301.079,93.9613]}],"id":4236804,"interactionBox":{"center":[0,200,0],"size":[235.247,235.247,147.751]},"pointables":[{"bases":[[[0.542387,0.831284,0.121587],[-0.827879,0.504226,0.245709],[0.142946,-0.233929,0.961688]],[[0.433352,0.853101,-0.29056],[-0.898568,0.43374,-0.0666708],[0.0691506,0.28998,0.954531]],[[0.433352,0.853101,-0.29056],[-0.901047,0.416537,-0.120878],[0.017908,0.314191,0.949191]],[[0.433352,0.853101,-0.29056],[-0.783344,0.197138,-0.589499],[-0.445622,0.483069,0.753701]]],"btipPosition":[7.5495,258.735,-9.88897],"carpPosition":[1.22377,294.993,87.1325],"dipPosition":[-2.81248,269.968,7.63674],"direction":[-0.017908,-0.314191,-0.949191],"extended":true,"handId":667,"id":6670,"length":51.7807,"mcpPosition":[1.22377,294.993,87.1325],"pipPosition":[-2.20583,280.612,39.7915],"stabilizedTipPosition":[-63.8131,279.07,165.804],"timeVisible":0.632593,"tipPosition":[5.61226,260.549,-5.76451],"tipVelocity":[68.064,4.37509,-113.918],"tool":false,"touchDistance":-0.463057,"touchZone":"hovering","type":0,"width":20.1196},{"bases":[[[0.983878,-0.141364,0.109545],[0.133947,0.988342,0.0723801],[-0.1185,-0.0565401,0.991343]],[[0.988862,-0.138084,0.0555349],[0.141954,0.987169,-0.0731142],[-0.0447265,0.0801833,0.995776]],[[0.988862,-0.138084,0.0555349],[0.147084,0.963703,-0.222805],[-0.0227534,0.228492,0.97328]],[[0.988862,-0.138084,0.0555349],[0.148728,0.930851,-0.333762],[-0.00560756,0.338304,0.94102]]],"btipPosition":[25.4489,303.78,-70.7325],"carpPosition":[14.2363,314.3,83.5831],"dipPosition":[25.3537,309.523,-54.7582],"direction":[0.0227534,-0.228492,-0.97328],"extended":true,"handId":667,"id":6671,"length":58.4287,"mcpPosition":[22.8981,318.433,11.1202],"pipPosition":[24.8073,315.01,-31.3852],"stabilizedTipPosition":[-35.5671,310.723,127.513],"timeVisible":0.632593,"tipPosition":[25.7369,305.385,-67.0998],"tipVelocity":[40.8775,-14.592,-108.087],"tool":false,"touchDistance":-0.461578,"touchZone":"hovering","type":1,"width":19.2182},{"bases":[[[0.921476,-0.314106,0.228517],[0.29572,0.948733,0.111605],[-0.251857,-0.0352643,0.967122]],[[0.896298,-0.315978,0.311139],[0.442746,0.598067,-0.668051],[0.0250076,0.736529,0.675944]],[[0.896298,-0.315978,0.311139],[0.304797,-0.0706625,-0.949792],[0.322099,0.946132,0.0329745]],[[0.896298,-0.315978,0.311139],[0.143337,-0.457536,-0.877562],[0.419647,0.831155,-0.364797]]],"btipPosition":[25.7647,239.216,-9.07985],"carpPosition":[26.4395,314.294,84.4511],"dipPosition":[33.5999,254.735,-15.891],"direction":[-0.322099,-0.946132,-0.0329745],"extended":false,"handId":667,"id":6672,"length":66.5748,"mcpPosition":[43.8979,316.738,17.4116],"pipPosition":[42.7003,281.466,-14.9593],"stabilizedTipPosition":[-40.8293,257.338,156.218],"timeVisible":0.632593,"tipPosition":[28.1646,243.09,-11.9451],"tipVelocity":[55.6145,-7.77546,-67.7694],"tool":false,"touchDistance":-0.417464,"touchZone":"hovering","type":2,"width":18.8748},{"bases":[[[0.849437,-0.386492,0.359278],[0.352621,0.922259,0.158419],[-0.392575,-0.00787832,0.919686]],[[0.819223,-0.386067,0.424059],[0.572892,0.517599,-0.635521],[0.0258614,0.763573,0.645203]],[[0.819223,-0.386067,0.424059],[0.393215,-0.160106,-0.905399],[0.417439,0.90847,0.0206451]],[[0.819223,-0.386067,0.424059],[0.186096,-0.520471,-0.833354],[0.542441,0.761618,-0.354536]]],"btipPosition":[39.827,238.807,6.67166],"carpPosition":[38.1016,311.356,86.5382],"dipPosition":[49.8967,252.946,0.0901698],"direction":[-0.417439,-0.90847,-0.0206451],"extended":false,"handId":667,"id":6673,"length":64.0135,"mcpPosition":[62.5341,311.846,29.3001],"pipPosition":[61.3861,277.95,0.658398],"stabilizedTipPosition":[-25.4904,253.231,172.231],"timeVisible":0.632593,"tipPosition":[42.9862,242.186,3.82695],"tipVelocity":[51.9043,5.29472,-69.2808],"tool":false,"touchDistance":-0.414869,"touchZone":"hovering","type":3,"width":17.9606},{"bases":[[[0.728274,-0.531841,0.43216],[0.444369,0.846575,0.292997],[-0.521684,-0.0213439,0.852872]],[[0.545003,-0.515047,0.661588],[0.836355,0.389506,-0.385741],[-0.0590184,0.763552,0.643044]],[[0.545003,-0.515047,0.661588],[0.638633,-0.256258,-0.725589],[0.54325,0.81796,0.189264]],[[0.545003,-0.515047,0.661588],[0.353858,-0.574058,-0.738405],[0.760103,0.636541,-0.13061]]],"btipPosition":[56.2848,249.313,17.1234],"carpPosition":[47.7305,301.704,90.291],"dipPosition":[69.3021,260.214,14.8866],"direction":[-0.54325,-0.81796,-0.189264],"extended":false,"handId":667,"id":6674,"length":50.1854,"mcpPosition":[77.7856,302.934,41.1556],"pipPosition":[79.859,276.109,18.5645],"stabilizedTipPosition":[-10.1867,256.803,191.05],"timeVisible":0.632593,"tipPosition":[60.2223,251.75,15.793],"tipVelocity":[58.0609,15.6587,-100.381],"tool":false,"touchDistance":-0.432992,"touchZone":"hovering","type":4,"width":15.954}],"r":[[0.983921,0.176761,0.025614],[-0.170196,0.971384,-0.165673],[-0.0541654,0.158649,0.985848]],"s":1.0806,"t":[63.4779,-5.63382,-206.813],"timestamp":523179740131},false],[4,{"currentFrameRate":107.899,"devices":[],"gestures":[],"hands":[{"armBasis":[[0.980479,-0.128934,-0.148449],[0.144498,0.98451,0.0993012],[0.133346,-0.118813,0.983922]],"armWidth":63.3096,"confidence":0.835642,"direction":[0.300454,0.177809,-0.937076],"elbow":[66.2753,269.293,357.241],"grabStrength":0,"id":667,"palmNormal":[-0.107667,-0.969867,-0.218552],"palmPosition":[38.984,307.805,40.0172],"palmVelocity":[45.3283,4.85228,-101.649],"palmWidth":90.4039,"pinchStrength":0.858761,"r":[[0.983127,0.181106,0.0257112],[-0.174501,0.970715,-0.165111],[-0.0548609,0.157839,0.98594]],"s":1.08066,"sphereCenter":[24.4445,269.296,7.32867],"sphereRadius":49.7053,"stabilizedPalmPosition":[-21.7337,312.555,240.365],"t":[63.8328,-5.55823,-207.611],"timeVisible":0.641591,"type":"right","wrist":[30.5037,301.166,93.2934]}],"id":4236805,"interactionBox":{"center":[0,200,0],"size":[235.247,235.247,147.751]},"pointables":[{"bases":[[[0.53628,0.83515,0.12218],[-0.83181,0.498389,0.244337],[0.143165,-0.232664,0.961962]],[[0.428323,0.856323,-0.288532],[-0.90101,0.429002,-0.0643214],[0.0687012,0.287521,0.955307]],[[0.428323,0.856323,-0.288532],[-0.903536,0.41037,-0.123369],[0.0127612,0.313541,0.949489]],[[0.428323,0.856323,-0.288532],[-0.781318,0.190549,-0.594335],[-0.453963,0.480003,0.750677]]],"btipPosition":[8.20012,258.829,-10.577],"carpPosition":[1.4838,294.872,86.4227],"dipPosition":[-2.35581,269.991,6.87837],"direction":[-0.0127612,-0.313541,-0.949489],"extended":true,"handId":667,"id":6670,"length":51.7807,"mcpPosition":[1.4838,294.872,86.4227],"pipPosition":[-1.92351,280.612,39.0432],"stabilizedTipPosition":[-63.7373,279.051,165.617],"timeVisible":0.641591,"tipPosition":[6.20793,260.613,-6.46803],"tipVelocity":[67.8678,5.53936,-104.13],"tool":false,"touchDistance":-0.455648,"touchZone":"hovering","type":0,"width":20.1196},{"bases":[[[0.984693,-0.134338,0.111054],[0.126808,0.989287,0.0723202],[-0.11958,-0.0571306,0.991179]],[[0.989777,-0.130995,0.0564099],[0.134955,0.988138,-0.0732903],[-0.0461401,0.0801538,0.995714]],[[0.989777,-0.130995,0.0564099],[0.140417,0.964315,-0.224454],[-0.0249946,0.23008,0.972851]],[[0.989777,-0.130995,0.0564099],[0.142374,0.930877,-0.336449],[-0.00843766,0.341041,0.940011]]],"btipPosition":[25.8179,303.71,-71.3859],"carpPosition":[14.3641,314.27,82.8877],"dipPosition":[25.6746,309.499,-55.4287],"direction":[0.0249946,-0.23008,-0.972851],"extended":true,"handId":667,"id":6671,"length":58.4287,"mcpPosition":[23.1049,318.446,10.4368],"pipPosition":[25.0744,315.024,-32.0659],"stabilizedTipPosition":[-35.5608,310.723,127.493],"timeVisible":0.641591,"tipPosition":[26.1023,305.342,-67.7613],"tipVelocity":[40.5747,-12.4078,-98.4673],"tool":false,"touchDistance":-0.453612,"touchZone":"hovering","type":1,"width":19.2182},{"bases":[[[0.923342,-0.307489,0.229978],[0.2888,0.950839,0.111798],[-0.253049,-0.0368096,0.966753]],[[0.898514,-0.309504,0.311254],[0.438395,0.597316,-0.671583],[0.0219408,0.739879,0.672382]],[[0.898514,-0.309504,0.311254],[0.302329,-0.0777166,-0.95003],[0.318228,0.947717,0.0237427]],[[0.898514,-0.309504,0.311254],[0.142111,-0.465789,-0.87341],[0.415303,0.829004,-0.374534]]],"btipPosition":[26.3109,239.215,-9.11822],"carpPosition":[26.5656,314.351,83.774],"dipPosition":[34.065,254.693,-16.1111],"direction":[-0.318228,-0.947717,-0.0237427],"extended":false,"handId":667,"id":6672,"length":66.5748,"mcpPosition":[44.1067,316.902,16.76],"pipPosition":[43.0559,281.469,-15.4403],"stabilizedTipPosition":[-40.5756,257.285,155.604],"timeVisible":0.641591,"tipPosition":[28.7132,243.072,-12.0708],"tipVelocity":[56.4406,-5.95893,-51.6108],"tool":false,"touchDistance":-0.405254,"touchZone":"hovering","type":2,"width":18.8748},{"bases":[[[0.851624,-0.380352,0.360651],[0.345817,0.924783,0.158704],[-0.393887,-0.0104367,0.9191]],[[0.821964,-0.380149,0.424101],[0.569152,0.520793,-0.636271],[0.0210088,0.76437,0.644436]],[[0.821964,-0.380149,0.424101],[0.39262,-0.16122,-0.90546],[0.412584,0.910766,0.0167375]],[[0.821964,-0.380149,0.424101],[0.186786,-0.523525,-0.831284],[0.53804,0.762501,-0.359312]]],"btipPosition":[40.483,238.992,6.27954],"carpPosition":[38.2452,311.496,85.8793],"dipPosition":[50.471,253.147,-0.390604],"direction":[-0.412584,-0.910766,-0.0167375],"extended":false,"handId":667,"id":6673,"length":64.0135,"mcpPosition":[62.7594,312.146,28.6777],"pipPosition":[61.8268,278.214,0.0700727],"stabilizedTipPosition":[-25.3374,253.206,171.856],"timeVisible":0.641591,"tipPosition":[43.606,242.357,3.43823],"tipVelocity":[57.0971,9.58784,-62.8469],"tool":false,"touchDistance":0.333333,"touchZone":"none","type":3,"width":17.9606},{"bases":[[[0.731388,-0.526541,0.433389],[0.437899,0.849787,0.293439],[-0.522796,-0.0248367,0.852096]],[[0.547987,-0.511051,0.662221],[0.834011,0.394668,-0.385569],[-0.0643123,0.763586,0.642495]],[[0.547987,-0.511051,0.662221],[0.639695,-0.254074,-0.725422],[0.538981,0.821141,0.187687]],[[0.547987,-0.511051,0.662221],[0.356014,-0.573899,-0.737492],[0.756944,0.639896,-0.132548]]],"btipPosition":[56.8783,249.603,16.6092],"carpPosition":[47.9369,301.914,89.649],"dipPosition":[69.8415,260.562,14.3392],"direction":[-0.538981,-0.821141,-0.187687],"extended":false,"handId":667,"id":6674,"length":50.1854,"mcpPosition":[78.056,303.345,40.5583],"pipPosition":[80.3154,276.519,17.9865],"stabilizedTipPosition":[-10.1164,256.799,190.875],"timeVisible":0.641591,"tipPosition":[60.7906,252.053,15.2818],"tipVelocity":[59.8496,20.6327,-88.7429],"tool":false,"touchDistance":-0.425853,"touchZone":"hovering","type":4,"width":15.954}],"r":[[0.983127,0.181106,0.0257112],[-0.174501,0.970715,-0.165111],[-0.0548609,0.157839,0.98594]],"s":1.08066,"t":[63.8328,-5.55823,-207.611],"timestamp":523179749129},false],[5,{"currentFrameRate":107.948,"devices":[],"gestures":[],"hands":[{"armBasis":[[0.981859,-0.119586,-0.147146],[0.134704,0.986083,0.0974473],[0.133444,-0.115501,0.984303]],"armWidth":63.3096,"confidence":0.840881,"direction":[0.298358,0.181755,-0.936989],"elbow":[66.8161,270.163,356.259],"grabStrength":0,"id":667,"palmNormal":[-0.0972837,-0.970797,-0.21929],"palmPosition":[39.4172,307.918,38.9367],"palmVelocity":[45.8549,6.95405,-106.15],"palmWidth":90.4039,"pinchStrength":0.856532,"r":[[0.982081,0.186685,0.0257855],[-0.180033,0.969807,-0.164505],[-0.0557176,0.156915,0.986039]],"s":1.08095,"sphereCenter":[25.5954,269.197,6.30958],"sphereRadius":49.6075,"stabilizedPalmPosition":[-21.7193,312.554,240.317],"t":[64.2268,-5.46362,-208.551],"timeVisible":0.650765,"type":"right","wrist":[31.0182,301.148,92.2092]}],"id":4236806,"interactionBox":{"center":[0,200,0],"size":[235.247,235.247,147.751]},"pointables":[{"bases":[[[0.527302,0.840766,0.12274],[-0.83707,0.489237,0.244868],[0.145828,-0.231861,0.961756]],[[0.419524,0.861284,-0.286688],[-0.905035,0.421245,-0.0588546],[0.0700752,0.284154,0.956214]],[[0.419524,0.861284,-0.286688],[-0.907707,0.400907,-0.123865],[0.00825245,0.312193,0.949983]],[[0.419524,0.861284,-0.286688],[-0.781423,0.181944,-0.596887],[-0.461927,0.474433,0.749357]]],"btipPosition":[9.05247,258.847,-11.6922],"carpPosition":[2.06636,294.548,85.3385],"dipPosition":[-1.68866,269.879,5.73247],"direction":[-0.00825245,-0.312193,-0.949983],"extended":true,"handId":667,"id":6670,"length":51.7807,"mcpPosition":[2.06636,294.548,85.3385],"pipPosition":[-1.4091,280.455,37.9141],"stabilizedTipPosition":[-63.6434,279.027,165.385],"timeVisible":0.650765,"tipPosition":[7.04021,260.595,-7.59072],"tipVelocity":[73.5604,3.62573,-109.21],"tool":false,"touchDistance":-0.455251,"touchZone":"hovering","type":0,"width":20.1196},{"bases":[[[0.986099,-0.123841,0.110781],[0.116189,0.990536,0.0730701],[-0.118781,-0.0591829,0.991155]],[[0.991177,-0.12036,0.0555144],[0.124238,0.989587,-0.0726845],[-0.0461881,0.0789402,0.995809]],[[0.991177,-0.12036,0.0555144],[0.129866,0.965646,-0.225086],[-0.026516,0.230309,0.972756]],[[0.991177,-0.12036,0.0555144],[0.132084,0.931848,-0.337954],[-0.011055,0.342304,0.939524]]],"btipPosition":[26.2153,303.7,-72.4488],"carpPosition":[14.7369,314.085,81.8165],"dipPosition":[26.0277,309.511,-56.4999],"direction":[0.026516,-0.230309,-0.972756],"extended":true,"handId":667,"id":6671,"length":58.4287,"mcpPosition":[23.4193,318.411,9.36731],"pipPosition":[25.3909,315.042,-33.1394],"stabilizedTipPosition":[-35.5538,310.722,127.471],"timeVisible":0.650765,"tipPosition":[26.4949,305.351,-68.8293],"tipVelocity":[41.0319,-9.08908,-103.381],"tool":false,"touchDistance":-0.452558,"touchZone":"hovering","type":1,"width":19.2182},{"bases":[[[0.926632,-0.297734,0.22958],[0.278592,0.953799,0.11249],[-0.252465,-0.0402775,0.966767]],[[0.902126,-0.300066,0.310048],[0.431209,0.601834,-0.672202],[0.0151078,0.740106,0.672321]],[[0.902126,-0.300066,0.310048],[0.300798,-0.0778002,-0.950509],[0.309337,0.950741,0.0200738]],[[0.902126,-0.300066,0.310048],[0.143747,-0.468515,-0.871682],[0.406824,0.830936,-0.379526]]],"btipPosition":[27.3786,239.269,-9.99268],"carpPosition":[26.9371,314.296,82.7007],"dipPosition":[34.9743,254.783,-17.0788],"direction":[-0.309337,-0.950741,-0.0200738],"extended":false,"handId":667,"id":6672,"length":66.5748,"mcpPosition":[44.4376,317.088,15.6857],"pipPosition":[43.7141,281.645,-16.5117],"stabilizedTipPosition":[-40.2269,257.212,154.767],"timeVisible":0.650765,"tipPosition":[29.7272,243.111,-12.9443],"tipVelocity":[72.0612,-2.40546,-64.4609],"tool":false,"touchDistance":-0.4065,"touchZone":"hovering","type":2,"width":18.8748},{"bases":[[[0.855725,-0.371464,0.360208],[0.335894,0.92832,0.159366],[-0.393587,-0.0153816,0.919159]],[[0.826938,-0.37165,0.42196],[0.562049,0.524186,-0.639789],[0.0165915,0.766228,0.642354]],[[0.826938,-0.37165,0.42196],[0.388762,-0.164283,-0.906573],[0.406248,0.913722,0.00863159]],[[0.826938,-0.37165,0.42196],[0.185084,-0.528702,-0.828383],[0.530959,0.763119,-0.368417]]],"btipPosition":[41.368,239.194,5.68288],"carpPosition":[38.647,311.566,84.8018],"dipPosition":[51.2246,253.36,-1.15629],"direction":[-0.406248,-0.913722,-0.00863159],"extended":false,"handId":667,"id":6673,"length":64.0135,"mcpPosition":[63.1425,312.523,27.5966],"pipPosition":[62.406,278.509,-0.918715],"stabilizedTipPosition":[-25.1179,253.172,171.322],"timeVisible":0.650765,"tipPosition":[44.4743,242.558,2.76965],"tipVelocity":[67.1652,13.1431,-64.6407],"tool":false,"touchDistance":0.333333,"touchZone":"none","type":3,"width":17.9606},{"bases":[[[0.737078,-0.518993,0.432853],[0.428801,0.854212,0.294027],[-0.522346,-0.0311131,0.852166]],[[0.553626,-0.505662,0.661667],[0.829715,0.402881,-0.386343],[-0.0712139,0.762884,0.642601]],[[0.553626,-0.505662,0.661667],[0.640582,-0.24911,-0.72636],[0.532121,0.825984,0.186005]],[[0.553626,-0.505662,0.661667],[0.359218,-0.571814,-0.737557],[0.751306,0.646014,-0.134929]]],"btipPosition":[57.8295,249.962,15.5883],"carpPosition":[48.4417,302.086,88.5624],"dipPosition":[70.6962,261.026,13.2776],"direction":[-0.532121,-0.825984,-0.186005],"extended":false,"handId":667,"id":6674,"length":50.1854,"mcpPosition":[78.5349,303.878,39.4677],"pipPosition":[81.0368,277.077,16.8922],"stabilizedTipPosition":[-10.0165,256.792,190.627],"timeVisible":0.650765,"tipPosition":[61.7067,252.443,14.2587],"tipVelocity":[71.4078,26.5233,-95.3186],"tool":false,"touchDistance":-0.427055,"touchZone":"hovering","type":4,"width":15.954}],"r":[[0.982081,0.186685,0.0257855],[-0.180033,0.969807,-0.164505],[-0.0557176,0.156915,0.986039]],"s":1.08095,"t":[64.2268,-5.46362,-208.551],"timestamp":523179758303},false],[6,{"currentFrameRate":108.037,"devices":[],"gestures":[],"hands":[{"armBasis":[[0.982673,-0.11394,-0.146191],[0.128685,0.987058,0.0956954],[0.133396,-0.11285,0.984617]],"armWidth":63.3096,"confidence":0.814233,"direction":[0.297144,0.184488,-0.93684],"elbow":[67.2088,270.827,355.619],"grabStrength":0,"id":667,"palmNormal":[-0.0906291,-0.971277,-0.220015],"palmPosition":[39.7785,307.967,38.2176],"palmVelocity":[44.1562,6.52297,-98.6473],"palmWidth":90.4039,"pinchStrength":0.85631,"r":[[0.980959,0.192484,0.0258841],[-0.185779,0.968829,-0.163877],[-0.056621,0.155948,0.986141]],"s":1.08133,"sphereCenter":[26.4716,269.122,5.63398],"sphereRadius":49.5212,"stabilizedPalmPosition":[-21.7043,312.553,240.268],"t":[64.6045,-5.39177,-209.38],"timeVisible":0.65986,"type":"right","wrist":[31.424,301.1,91.4846]}],"id":4236807,"interactionBox":{"center":[0,200,0],"size":[235.247,235.247,147.751]},"pointables":[{"bases":[[[0.521531,0.844264,0.123386],[-0.840408,0.483315,0.245194],[0.147374,-0.231572,0.96159]],[[0.41418,0.864564,-0.284577],[-0.907389,0.416736,-0.0545624],[0.0714207,0.280821,0.957099]],[[0.41418,0.864564,-0.284577],[-0.910183,0.394999,-0.124667],[0.00462504,0.310652,0.950513]],[[0.41418,0.864564,-0.284577],[-0.780477,0.176482,-0.599758],[-0.468307,0.470514,0.747867]]],"btipPosition":[9.70882,258.915,-12.4501],"carpPosition":[2.51821,294.307,84.6078],"dipPosition":[-1.18065,269.856,4.93995],"direction":[-0.00462504,-0.310652,-0.950513],"extended":true,"handId":667,"id":6670,"length":51.7807,"mcpPosition":[2.51821,294.307,84.6078],"pipPosition":[-1.02397,280.379,37.1395],"stabilizedTipPosition":[-63.531,278.999,165.109],"timeVisible":0.65986,"tipPosition":[7.6615,260.632,-8.35706],"tipVelocity":[72.1348,4.05417,-102.282],"tool":false,"touchDistance":-0.449547,"touchZone":"hovering","type":0,"width":20.1196},{"bases":[[[0.986919,-0.117172,0.110732],[0.109405,0.991253,0.0738101],[-0.118412,-0.06073,0.991106]],[[0.992001,-0.113587,0.0550572],[0.117401,0.990482,-0.0718527],[-0.0463716,0.0777418,0.995895]],[[0.992001,-0.113587,0.0550572],[0.123162,0.966522,-0.225093],[-0.0276463,0.230074,0.97278]],[[0.992001,-0.113587,0.0550572],[0.125568,0.932525,-0.338569],[-0.0128851,0.342775,0.939329]]],"btipPosition":[26.5724,303.71,-73.1618],"carpPosition":[15.0549,313.933,81.1009],"dipPosition":[26.3536,309.529,-57.2162],"direction":[0.0276463,-0.230074,-0.97278],"extended":true,"handId":667,"id":6671,"length":58.4287,"mcpPosition":[23.7103,318.373,8.65528],"pipPosition":[25.6897,315.054,-33.8551],"stabilizedTipPosition":[-35.546,310.721,127.446],"timeVisible":0.65986,"tipPosition":[26.8464,305.366,-69.5442],"tipVelocity":[40.3224,-6.20658,-96.4813],"tool":false,"touchDistance":-0.446341,"touchZone":"hovering","type":1,"width":19.2182},{"bases":[[[0.928639,-0.291556,0.2294],[0.272054,0.955599,0.11321],[-0.252221,-0.0427218,0.966726]],[[0.904387,-0.294102,0.309175],[0.426558,0.60348,-0.673692],[0.0115532,0.741158,0.671231]],[[0.904387,-0.294102,0.309175],[0.298696,-0.0811151,-0.950895],[0.304739,0.952326,0.0144876]],[[0.904387,-0.294102,0.309175],[0.143075,-0.473608,-0.869037],[0.402013,0.83018,-0.386246]]],"btipPosition":[28.0678,239.288,-10.3693],"carpPosition":[27.2533,314.227,81.9857],"dipPosition":[35.5738,254.789,-17.5809],"direction":[-0.304739,-0.952326,-0.0144876],"extended":false,"handId":667,"id":6672,"length":66.5748,"mcpPosition":[44.7369,317.189,14.9736],"pipPosition":[44.1837,281.695,-17.1715],"stabilizedTipPosition":[-39.7711,257.119,153.681],"timeVisible":0.65986,"tipPosition":[30.3934,243.112,-13.3619],"tipVelocity":[72.4643,-1.24711,-58.9532],"tool":false,"touchDistance":0.333333,"touchZone":"none","type":2,"width":18.8748},{"bases":[[[0.858233,-0.365867,0.35997],[0.329527,0.930478,0.160069],[-0.393508,-0.018757,0.91913]],[[0.830237,-0.366305,0.420151],[0.557244,0.527037,-0.641647],[0.0136035,0.766846,0.641687]],[[0.830237,-0.366305,0.420151],[0.385994,-0.165976,-0.907447],[0.402137,0.915572,0.00359224]],[[0.830237,-0.366305,0.420151],[0.183506,-0.532122,-0.826542],[0.526338,0.763326,-0.374568]]],"btipPosition":[42.0293,239.332,5.25074],"carpPosition":[38.9816,311.576,84.0853],"dipPosition":[51.8,253.502,-1.70261],"direction":[-0.402137,-0.915572,-0.00359224],"extended":false,"handId":667,"id":6673,"length":64.0135,"mcpPosition":[63.4722,312.743,26.8819],"pipPosition":[62.8683,278.702,-1.60374],"stabilizedTipPosition":[-24.8222,253.127,170.608],"timeVisible":0.65986,"tipPosition":[45.1038,242.683,2.32259],"tipVelocity":[68.0983,13.719,-60.6961],"tool":false,"touchDistance":0.333333,"touchZone":"none","type":3,"width":17.9606},{"bases":[[[0.740596,-0.514257,0.4325],[0.422933,0.856908,0.294679],[-0.522154,-0.0353196,0.85212]],[[0.557215,-0.50238,0.661155],[0.826975,0.407648,-0.387214],[-0.07499,0.762521,0.642603]],[[0.557215,-0.50238,0.661155],[0.640148,-0.247245,-0.727379],[0.528888,0.828544,0.183828]],[[0.557215,-0.50238,0.661155],[0.359551,-0.571733,-0.737458],[0.748488,0.648641,-0.137947]]],"btipPosition":[58.4612,250.197,14.9618],"carpPosition":[48.8407,302.16,87.8393],"dipPosition":[71.2796,261.305,12.5994],"direction":[-0.528888,-0.828544,-0.183828],"extended":false,"handId":667,"id":6674,"length":50.1854,"mcpPosition":[78.9229,304.195,38.7472],"pipPosition":[81.5574,277.406,16.1717],"stabilizedTipPosition":[-9.88237,256.785,190.296],"timeVisible":0.65986,"tipPosition":[62.3188,252.688,13.6234],"tipVelocity":[70.5295,26.635,-88.357],"tool":false,"touchDistance":-0.422259,"touchZone":"hovering","type":4,"width":15.954}],"r":[[0.980959,0.192484,0.0258841],[-0.185779,0.968829,-0.163877],[-0.056621,0.155948,0.986141]],"s":1.08133,"t":[64.6045,-