{"sensorType":"Leap","data":[[0,{"currentFrameRate":97.5905,"devices":[],"gestures":[],"hands":[{"armBasis":[[-0.769119,-0.63861,-0.0251443],[-0.634505,0.75828,0.149713],[0.0765419,-0.131101,0.98841]],"armWidth":63.3096,"confidence":0.737437,"direction":[-0.409801,0.122934,-0.903853],"elbow":[79.313,258.044,356.062],"grabStrength":0,"id":663,"palmNormal":[0.558627,-0.749504,-0.355219],"palmPosition":[44.6523,301.519,39.0859],"palmVelocity":[54.885,-109.163,-204.018],"palmWidth":90.4039,"pinchStrength":1,"r":[[0.995336,-0.0050048,0.0963399],[0.0351984,0.948648,-0.314371],[-0.0898192,0.316296,0.944399]],"s":1.0019,"sphereCenter":[58.6228,268.872,6.09099],"sphereRadius":45.477,"stabilizedPalmPosition":[10.326,350.16,159.452],"t":[53.1077,-68.3785,-179.705],"timeVisible":0.343538,"type":"left","wrist":[58.7798,293.214,90.9103]}],"id":4235201,"interactionBox":{"center":[0,200,0],"size":[235.247,235.247,147.751]},"pointables":[{"bases":[[[-0.869789,0.432611,0.237307],[0.49045,0.810719,0.319678],[0.054093,-0.39444,0.917328]],[[-0.844271,0.53295,-0.0563057],[0.534586,0.830116,-0.158511],[0.0377383,0.163927,0.98575]],[[-0.844271,0.53295,-0.0563057],[0.433591,0.617542,-0.656232],[0.314968,0.578451,0.752455]],[[-0.844271,0.53295,-0.0563057],[0.312273,0.40384,-0.859883],[0.435536,0.743557,0.507377]]],"btipPosition":[63.9235,258.162,-2.76037],"carpPosition":[86.5925,303.178,83.4171],"dipPosition":[74.051,275.452,9.03758],"direction":[-0.314968,-0.578451,-0.752455],"extended":false,"handId":663,"id":6630,"length":51.7807,"mcpPosition":[86.5925,303.178,83.4171],"pipPosition":[84.7208,295.048,34.5278],"stabilizedTipPosition":[43.0002,299.346,68.8845],"timeVisible":0.343538,"tipPosition":[66.057,262.065,0.0569744],"tipVelocity":[31.0387,-119.407,-200.621],"tool":false,"touchDistance":-0.546264,"touchZone":"hovering","type":0,"width":20.1196},{"bases":[[[-0.779679,-0.62061,0.0833294],[-0.594413,0.77539,0.213175],[0.196911,-0.116676,0.973454]],[[-0.721406,-0.631294,0.284678],[-0.601688,0.7749,0.193653],[0.342849,0.0315853,0.938859]],[[-0.721406,-0.631294,0.284678],[-0.658832,0.752289,-0.00129953],[0.21334,0.188493,0.958622]],[[-0.721406,-0.631294,0.284678],[-0.684722,0.711723,-0.156863],[0.103585,0.308087,0.945702]]],"btipPosition":[29.6946,311.257,-67.6863],"carpPosition":[65.6044,313.833,82.6197],"dipPosition":[31.4531,316.487,-51.6325],"direction":[-0.21334,-0.188493,-0.958622],"extended":true,"handId":663,"id":6631,"length":58.4287,"mcpPosition":[51.2111,322.362,11.4644],"pipPosition":[36.5764,321.013,-28.6115],"stabilizedTipPosition":[4.99237,354.65,13.0698],"timeVisible":0.343538,"tipPosition":[29.8144,312.241,-63.9321],"tipVelocity":[38.0035,-120.472,-204.821],"tool":false,"touchDistance":0.105812,"touchZone":"hovering","type":1,"width":19.2182},{"bases":[[[-0.633074,-0.753699,0.17651],[-0.713202,0.656556,0.245514],[0.300932,-0.0295408,0.953188]],[[-0.637693,-0.753146,0.161613],[-0.619003,0.37617,-0.689443],[-0.458457,0.539692,0.706081]],[[-0.637693,-0.753146,0.161613],[0.325367,-0.453536,-0.829724],[-0.6982,0.476526,-0.534266]],[[-0.637693,-0.753146,0.161613],[0.708218,-0.65577,-0.26152],[-0.302944,0.0523123,-0.951572]]],"btipPosition":[81.5258,269.464,16.3927],"carpPosition":[55.0479,307.702,83.419],"dipPosition":[75.8696,270.441,-1.37408],"direction":[0.6982,-0.476526,0.534266],"extended":false,"handId":663,"id":6632,"length":66.5748,"mcpPosition":[34.1877,309.75,17.3453],"pipPosition":[56.1432,283.904,-16.4688],"stabilizedTipPosition":[63.8078,297.992,65.2817],"timeVisible":0.343538,"tipPosition":[80.3813,269.474,11.9325],"tipVelocity":[34.5746,-123.714,-186.228],"tool":false,"touchDistance":0.333333,"touchZone":"none","type":2,"width":18.8748},{"bases":[[[-0.526311,-0.797166,0.295842],[-0.746653,0.599754,0.287758],[0.406823,0.0694416,0.910864]],[[-0.532367,-0.79812,0.282119],[-0.840626,0.459202,-0.287196],[-0.099667,0.39005,0.915384]],[[-0.532367,-0.79812,0.282119],[-0.262343,-0.161309,-0.951397],[-0.804837,0.580504,0.123505]],[[-0.532367,-0.79812,0.282119],[0.34136,-0.507378,-0.791227],[-0.774635,0.324919,-0.542558]]],"btipPosition":[62.1124,255.513,-5.64642],"carpPosition":[46.4753,299.159,85.0056],"dipPosition":[47.7324,261.545,-15.7183],"direction":[0.804837,-0.580504,-0.123505],"extended":false,"handId":663,"id":6633,"length":64.0135,"mcpPosition":[21.156,294.837,28.3166],"pipPosition":[25.5804,277.522,-12.319],"stabilizedTipPosition":[32.6912,304.708,89.9237],"timeVisible":0.343538,"tipPosition":[59.632,256.72,-7.08635],"tipVelocity":[14.7051,-125.881,-209.023],"tool":false,"touchDistance":-0.565433,"touchZone":"hovering","type":3,"width":17.9606},{"bases":[[[-0.345037,-0.871836,0.347637],[-0.78053,0.472227,0.409604],[0.521271,0.130013,0.84343]],[[-0.421179,-0.881458,0.213634],[-0.903981,0.388844,-0.177819],[-0.0736696,0.268015,0.960594]],[[-0.421179,-0.881458,0.213634],[-0.318318,-0.0769015,-0.94486],[-0.849283,0.465959,0.248195]],[[-0.421179,-0.881458,0.213634],[0.323795,-0.366156,-0.872403],[-0.84721,0.298264,-0.439629]]],"btipPosition":[46.6319,254.558,7.65169],"carpPosition":[43.062,285.627,87.2843],"dipPosition":[32.1228,259.666,0.122695],"direction":[0.849283,-0.465959,-0.248195],"extended":false,"handId":663,"id":6634,"length":50.1854,"mcpPosition":[13.0307,278.137,38.6929],"pipPosition":[15.6189,268.721,4.94581],"stabilizedTipPosition":[14.5726,304.204,108.818],"timeVisible":0.343538,"tipPosition":[43.9943,255.463,6.58116],"tipVelocity":[30.4326,-116.773,-191.882],"tool":false,"touchDistance":-0.544822,"touchZone":"hovering","type":4,"width":15.954}],"r":[[0.995336,-0.0050048,0.0963399],[0.0351984,0.948648,-0.314371],[-0.0898192,0.316296,0.944399]],"s":1.0019,"t":[53.1077,-68.3785,-179.705],"timestamp":523161437532},false],[1,{"currentFrameRate":98.2252,"devices":[],"gestures":[],"hands":[{"armBasis":[[-0.771776,-0.635471,-0.0232068],[-0.631407,0.76149,0.146487],[0.0754166,-0.127708,0.98894]],"armWidth":63.3096,"confidence":0.74605,"direction":[-0.412451,0.123081,-0.902627],"elbow":[79.4349,258.59,355.067],"grabStrength":0,"id":663,"palmNormal":[0.55368,-0.752951,-0.355673],"palmPosition":[44.9301,301.117,37.9825],"palmVelocity":[48.4197,-91.713,-182.15],"palmWidth":90.4039,"pinchStrength":1,"r":[[0.995457,-0.00777868,0.0948952],[0.0376441,0.947607,-0.317213],[-0.0874559,0.319344,0.943595]],"s":1.00232,"sphereCenter":[58.6742,268.406,4.94862],"sphereRadius":45.5126,"stabilizedPalmPosition":[10.7921,349.499,157.816],"t":[53.4714,-69.0373,-181.109],"timeVisible":0.352455,"type":"left","wrist":[59.2036,292.849,89.7729]}],"id":4235202,"interactionBox":{"center":[0,200,0],"size":[235.247,235.247,147.751]},"pointables":[{"bases":[[[-0.866807,0.437342,0.239536],[0.495548,0.808966,0.316237],[0.0554733,-0.392818,0.917942]],[[-0.842687,0.536013,-0.0506727],[0.536494,0.828051,-0.162807],[0.0453069,0.164381,0.985356]],[[-0.842687,0.536013,-0.0506727],[0.431013,0.615209,-0.66011],[0.322654,0.578107,0.749457]],[[-0.842687,0.536013,-0.0506727],[0.308866,0.40419,-0.860948],[0.440998,0.741161,0.506162]]],"btipPosition":[63.6056,257.691,-3.86898],"carpPosition":[87.0373,302.662,82.1591],"dipPosition":[73.8601,274.925,7.90074],"direction":[-0.322654,-0.578107,-0.749457],"extended":false,"handId":663,"id":6630,"length":51.7807,"mcpPosition":[87.0373,302.662,82.1591],"pipPosition":[84.7903,294.509,33.2893],"stabilizedTipPosition":[43.5932,298.373,67.0759],"timeVisible":0.352455,"tipPosition":[65.8676,261.549,-1.05639],"tipVelocity":[13.7631,-101.672,-180.034],"tool":false,"touchDistance":-0.536698,"touchZone":"hovering","type":0,"width":20.1196},{"bases":[[[-0.782392,-0.616621,0.087414],[-0.589851,0.778721,0.213705],[0.199846,-0.11564,0.972979]],[[-0.723715,-0.627188,0.287876],[-0.596377,0.778307,0.196397],[0.347234,0.029547,0.937313]],[[-0.723715,-0.627188,0.287876],[-0.654866,0.755745,0.000200176],[0.217686,0.188375,0.957668]],[[-0.723715,-0.627188,0.287876],[-0.681663,0.714727,-0.156529],[0.107579,0.309516,0.944789]]],"btipPosition":[29.6151,310.831,-68.7518],"carpPosition":[66.0988,313.418,81.4151],"dipPosition":[31.4413,316.085,-52.7135],"direction":[-0.217686,-0.188375,-0.957668],"extended":true,"handId":663,"id":6631,"length":58.4287,"mcpPosition":[51.4909,321.87,10.2945],"pipPosition":[36.669,320.609,-29.7153],"stabilizedTipPosition":[5.7499,353.361,10.7064],"timeVisible":0.352455,"tipPosition":[29.776,311.789,-65.0043],"tipVelocity":[25.6974,-100.485,-181.682],"tool":false,"touchDistance":0.0879948,"touchZone":"hovering","type":1,"width":19.2182},{"bases":[[[-0.636103,-0.750233,0.180342],[-0.709101,0.660535,0.246717],[0.304218,-0.0290563,0.952159]],[[-0.640786,-0.749686,0.165421],[-0.619512,0.377675,-0.688162],[-0.45343,0.543445,0.706448]],[[-0.640786,-0.749686,0.165421],[0.320854,-0.457264,-0.829435],[-0.697457,0.478414,-0.533548]],[[-0.640786,-0.749686,0.165421],[0.704455,-0.659823,-0.261488],[-0.305182,0.0510255,-0.950926]]],"btipPosition":[81.5457,268.859,15.2601],"carpPosition":[55.5154,307.34,82.265],"dipPosition":[75.8476,269.812,-2.49464],"direction":[0.697457,-0.478414,0.533548],"extended":false,"handId":663,"id":6632,"length":66.5748,"mcpPosition":[34.4275,309.354,16.2627],"pipPosition":[56.1422,283.328,-17.5691],"stabilizedTipPosition":[64.3416,297.052,63.5236],"timeVisible":0.352455,"tipPosition":[80.3902,268.861,10.7999],"tipVelocity":[25.469,-108.659,-170.012],"tool":false,"touchDistance":0.333333,"touchZone":"none","type":2,"width":18.8748},{"bases":[[[-0.529125,-0.793977,0.29938],[-0.742677,0.603983,0.289198],[0.410437,0.0693205,0.90925]],[[-0.534205,-0.79478,0.28801],[-0.841119,0.465666,-0.275088],[-0.0845175,0.389204,0.917266]],[[-0.534205,-0.79478,0.28801],[-0.276129,-0.157955,-0.948052],[-0.798985,0.585982,0.135081]],[[-0.534205,-0.79478,0.28801],[0.329713,-0.509605,-0.794727],[-0.778405,0.329587,-0.534283]]],"btipPosition":[61.5557,255.004,-7.20729],"carpPosition":[46.907,298.842,83.9001],"dipPosition":[47.1056,261.122,-17.1255],"direction":[0.798985,-0.585982,-0.135081],"extended":false,"handId":663,"id":6633,"length":64.0135,"mcpPosition":[21.3628,294.528,27.3115],"pipPosition":[25.1147,277.25,-13.4076],"stabilizedTipPosition":[33.2046,303.738,87.9255],"timeVisible":0.352455,"tipPosition":[59.1198,256.222,-8.54336],"tipVelocity":[-6.80294,-106.54,-198.687],"tool":false,"touchDistance":-0.560106,"touchZone":"hovering","type":3,"width":17.9606},{"bases":[[[-0.348031,-0.869425,0.350677],[-0.776735,0.476874,0.411428],[0.524935,0.129193,0.84128]],[[-0.425332,-0.878941,0.215768],[-0.902444,0.393849,-0.174578],[-0.0684639,0.268973,0.960711]],[[-0.425332,-0.878941,0.215768],[-0.322267,-0.0756956,-0.943617],[-0.845716,0.470886,0.251058]],[[-0.425332,-0.878941,0.215768],[0.318793,-0.368628,-0.873204],[-0.847032,0.302616,-0.436989]]],"btipPosition":[46.5396,254.106,6.60524],"carpPosition":[43.436,285.332,86.219],"dipPosition":[32.0335,259.289,-0.878535],"direction":[0.845716,-0.470886,-0.251058],"extended":false,"handId":663,"id":6634,"length":50.1854,"mcpPosition":[13.1936,277.889,37.7514],"pipPosition":[15.5989,268.439,4.00023],"stabilizedTipPosition":[15.1498,303.218,106.723],"timeVisible":0.352455,"tipPosition":[43.8921,255.024,5.53503],"tipVelocity":[19.3416,-98.2507,-171.261],"tool":false,"touchDistance":-0.534214,"touchZone":"hovering","type":4,"width":15.954}],"r":[[0.995457,-0.00777868,0.0948952],[0.0376441,0.947607,-0.317213],[-0.0874559,0.319344,0.943595]],"s":1.00232,"t":[53.4714,-69.0373,-181.109],"timestamp":523161446449},false],[2,{"currentFrameRate":98.6598,"devices":[],"gestures":[],"hands":[{"armBasis":[[-0.772872,-0.634181,-0.0219791],[-0.630117,0.762904,0.144673],[0.0749811,-0.125663,0.989235]],"armWidth":63.3096,"confidence":0.750986,"direction":[-0.414635,0.124054,-0.901492],"elbow":[79.6498,258.795,354.482],"grabStrength":0,"id":663,"palmNormal":[0.550807,-0.754359,-0.357147],"palmPosition":[45.1393,300.806,37.357],"palmVelocity":[41.1371,-75.3292,-149.837],"palmWidth":90.4039,"pinchStrength":1,"r":[[0.995592,-0.010499,0.0931957],[0.0398936,0.946739,-0.319521],[-0.0848773,0.321831,0.942985]],"s":1.00256,"sphereCenter":[58.7199,268.07,4.25023],"sphereRadius":45.5602,"stabilizedPalmPosition":[11.2471,348.854,156.22],"t":[53.7579,-69.5222,-182.123],"timeVisible":0.36173,"type":"left","wrist":[59.5353,292.505,89.1084]}],"id":4235203,"interactionBox":{"center":[0,200,0],"size":[235.247,235.247,147.751]},"pointables":[{"bases":[[[-0.865044,0.439527,0.241899],[0.498445,0.807743,0.314807],[0.0570264,-0.392895,0.917813]],[[-0.842297,0.537163,-0.044632],[0.536589,0.827783,-0.163853],[0.0510701,0.161962,0.985475]],[[-0.842297,0.537163,-0.044632],[0.427872,0.615966,-0.661447],[0.327813,0.576231,0.748663]],[[-0.842297,0.537163,-0.044632],[0.306629,0.409414,-0.859278],[0.443299,0.737453,0.509558]]],"btipPosition":[63.4265,257.547,-4.66899],"carpPosition":[87.3723,302.248,81.417],"dipPosition":[73.7345,274.695,7.17968],"direction":[-0.327813,-0.576231,-0.748663],"extended":false,"handId":663,"id":6630,"length":51.7807,"mcpPosition":[87.3723,302.248,81.417],"pipPosition":[84.8394,294.215,32.5414],"stabilizedTipPosition":[44.1347,297.473,65.3926],"timeVisible":0.36173,"tipPosition":[65.7694,261.32,-1.80629],"tipVelocity":[4.82098,-78.0084,-153.068],"tool":false,"touchDistance":-0.523089,"touchZone":"hovering","type":0,"width":20.1196},{"bases":[[[-0.78369,-0.614653,0.0896213],[-0.587305,0.78021,0.215278],[0.202245,-0.116076,0.972432]],[[-0.724716,-0.625363,0.289324],[-0.592961,0.77989,0.200421],[0.350977,0.0263091,0.936014]],[[-0.724716,-0.625363,0.289324],[-0.652639,0.757664,0.00289479],[0.22102,0.186726,0.957227]],[[-0.724716,-0.625363,0.289324],[-0.680165,0.716459,-0.155118],[0.110283,0.309205,0.944579]]],"btipPosition":[29.5141,310.685,-69.3271],"carpPosition":[66.4588,313.056,80.7301],"dipPosition":[31.3862,315.934,-53.2924],"direction":[-0.22102,-0.186726,-0.957227],"extended":true,"handId":663,"id":6631,"length":58.4287,"mcpPosition":[51.6756,321.541,9.64954],"pipPosition":[36.6939,320.418,-30.3049],"stabilizedTipPosition":[6.44153,352.175,8.52398],"timeVisible":0.36173,"tipPosition":[29.7189,311.609,-65.5864],"tipVelocity":[15.7107,-76.6637,-148.007],"tool":false,"touchDistance":0.0783915,"touchZone":"hovering","type":1,"width":19.2182},{"bases":[[[-0.637479,-0.748625,0.182155],[-0.70676,0.662326,0.248628],[0.306775,-0.0297554,0.951317]],[[-0.6422,-0.748068,0.167253],[-0.620439,0.379142,-0.686518],[-0.45015,0.544652,0.707615]],[[-0.6422,-0.748068,0.167253],[0.317818,-0.458405,-0.829974],[-0.697546,0.479853,-0.532137]],[[-0.6422,-0.748068,0.167253],[0.702334,-0.661647,-0.262584],[-0.307093,0.051164,-0.950303]]],"btipPosition":[81.5967,268.472,14.5558],"carpPosition":[55.8626,307.005,81.6097],"dipPosition":[75.863,269.427,-3.18729],"direction":[0.697546,-0.479853,0.532137],"extended":false,"handId":663,"id":6632,"length":66.5748,"mcpPosition":[34.5974,309.068,15.6658],"pipPosition":[56.1551,282.984,-18.2219],"stabilizedTipPosition":[64.8679,296.115,61.7714],"timeVisible":0.36173,"tipPosition":[80.4323,268.474,10.0994],"tipVelocity":[19.596,-89.7981,-143.432],"tool":false,"touchDistance":0.333333,"touchZone":"none","type":2,"width":18.8748},{"bases":[[[-0.530282,-0.792629,0.300899],[-0.740359,0.605861,0.291206],[0.413121,0.0683522,0.908107]],[[-0.534548,-0.793297,0.291442],[-0.841975,0.470072,-0.264785],[-0.0730539,0.386927,0.919212]],[[-0.534548,-0.793297,0.291442],[-0.286758,-0.15414,-0.945521],[-0.795002,0.589,0.145088]],[[-0.534548,-0.793297,0.291442],[0.321169,-0.509653,-0.798188],[-0.781734,0.333068,-0.527217]]],"btipPosition":[61.1624,254.704,-8.26002],"carpPosition":[47.2375,298.529,83.2692],"dipPosition":[46.6505,260.887,-18.0471],"direction":[0.795002,-0.589,-0.145088],"extended":false,"handId":663,"id":6633,"length":64.0135,"mcpPosition":[21.5263,294.275,26.7517],"pipPosition":[24.7693,277.099,-14.0537],"stabilizedTipPosition":[33.652,302.872,86.1365],"timeVisible":0.36173,"tipPosition":[58.7419,255.935,-9.53854],"tipVelocity":[-17.2616,-85.1718,-173.777],"tool":false,"touchDistance":-0.547768,"touchZone":"hovering","type":3,"width":17.9606},{"bases":[[[-0.349237,-0.868528,0.351701],[-0.774398,0.478845,0.413539],[0.52758,0.127933,0.839817]],[[-0.427786,-0.877841,0.215393],[-0.901613,0.397553,-0.170428],[-0.0639782,0.267107,0.961541]],[[-0.427786,-0.877841,0.215393],[-0.32607,-0.0723758,-0.942571],[-0.843017,0.473452,0.255277]],[[-0.427786,-0.877841,0.215393],[0.314587,-0.367997,-0.874993],[-0.847369,0.30655,-0.433582]]],"btipPosition":[46.486,253.823,5.89979],"carpPosition":[43.7391,285.027,85.5987],"dipPosition":[31.9741,259.073,-1.52564],"direction":[0.843017,-0.473452,-0.255277],"extended":false,"handId":663,"id":6634,"length":50.1854,"mcpPosition":[13.3443,277.657,37.2154],"pipPosition":[15.5919,268.273,3.43511],"stabilizedTipPosition":[15.6777,302.309,104.79],"timeVisible":0.36173,"tipPosition":[43.8287,254.753,4.83992],"tipVelocity":[12.2255,-78.7091,-144.039],"tool":false,"touchDistance":-0.519506,"touchZone":"hovering","type":4,"width":15.954}],"r":[[0.995592,-0.010499,0.0931957],[0.0398936,0.946739,-0.319521],[-0.0848773,0.321831,0.942985]],"s":1.00256,"t":[53.7579,-69.5222,-182.123],"timestamp":523161455724},false],[3,{"currentFrameRate":99.3157,"devices":[],"gestures":[],"hands":[{"armBasis":[[-0.770788,-0.636761,-0.0205077],[-0.632742,0.761374,0.141233],[0.0743178,-0.121837,0.989764]],"armWidth":63.3096,"confidence":0.756308,"direction":[-0.416689,0.12566,-0.900322],"elbow":[79.9692,259.164,353.761],"grabStrength":0,"id":663,"palmNormal":[0.551055,-0.752769,-0.360106],"palmPosition":[45.5172,300.253,36.5449],"palmVelocity":[41.6523,-72.0078,-134.434],"palmWidth":90.4039,"pinchStrength":1,"r":[[0.995735,-0.0124586,0.0914192],[0.0413039,0.946201,-0.320933],[-0.0825025,0.32334,0.942679]],"s":1.0026,"sphereCenter":[59.1859,267.749,3.26048],"sphereRadius":45.5763,"stabilizedPalmPosition":[11.6704,348.254,154.742],"t":[54.0901,-70.041,-183.037],"timeVisible":0.370507,"type":"left","wrist":[60.0326,291.848,88.246]}],"id":4235204,"interactionBox":{"center":[0,200,0],"size":[235.247,235.247,147.751]},"pointables":[{"bases":[[[-0.865116,0.437797,0.244762],[0.498034,0.80765,0.315696],[0.0594714,-0.395014,0.916748]],[[-0.843978,0.53507,-0.0374394],[0.533381,0.829847,-0.163886],[0.0566216,0.158286,0.985769]],[[-0.843978,0.53507,-0.0374394],[0.421873,0.619082,-0.66239],[0.331247,0.574837,0.748223]],[[-0.843978,0.53507,-0.0374394],[0.302503,0.417179,-0.857003],[0.442937,0.734617,0.51395]]],"btipPosition":[63.5115,257.24,-5.66815],"carpPosition":[87.8406,301.646,80.5197],"dipPosition":[73.811,274.322,6.28265],"direction":[-0.331247,-0.574837,-0.748223],"extended":false,"handId":663,"id":6630,"length":51.7807,"mcpPosition":[87.8406,301.646,80.5197],"pipPosition":[85.0323,293.796,31.6294],"stabilizedTipPosition":[44.5842,296.723,63.9804],"timeVisible":0.370507,"tipPosition":[65.951,260.972,-2.78002],"tipVelocity":[6.06845,-66.8908,-141.804],"tool":false,"touchDistance":-0.513748,"touchZone":"hovering","type":0,"width":20.1196},{"bases":[[[-0.782685,-0.615908,0.0897893],[-0.587886,0.778911,0.218376],[0.204437,-0.118134,0.971725]],[[-0.723525,-0.627025,0.288705],[-0.592669,0.778685,0.205897],[0.353913,0.0221353,0.935016]],[[-0.723525,-0.627025,0.288705],[-0.653277,0.757085,0.00709619],[0.223024,0.18347,0.957392]],[[-0.723525,-0.627025,0.288705],[-0.681268,0.716036,-0.152205],[0.111287,0.30681,0.945242]]],"btipPosition":[29.6158,310.504,-70.0758],"carpPosition":[66.9114,312.428,79.9025],"dipPosition":[31.505,315.712,-54.0298],"direction":[-0.223024,-0.183471,-0.957392],"extended":true,"handId":663,"id":6631,"length":58.4287,"mcpPosition":[51.9679,321.063,8.87352],"pipPosition":[36.8609,320.118,-31.0383],"stabilizedTipPosition":[7.01199,351.197,6.71395],"timeVisible":0.370507,"tipPosition":[29.857,311.385,-66.3386],"tipVelocity":[14.7251,-61.8805,-131.071],"tool":false,"touchDistance":0.0659575,"touchZone":"hovering","type":1,"width":19.2182},{"bases":[[[-0.636104,-0.749906,0.181695],[-0.707114,0.660788,0.251693],[0.308808,-0.0316237,0.950599]],[[-0.640868,-0.749318,0.166765],[-0.622988,0.380747,-0.683314],[-0.448524,0.541807,0.710824]],[[-0.640868,-0.749318,0.166765],[0.316211,-0.455636,-0.832109],[-0.699498,0.48054,-0.528946]],[[-0.640868,-0.749318,0.166765],[0.702717,-0.660092,-0.265457],[-0.308992,0.0529347,-0.94959]]],"btipPosition":[81.931,268.041,13.5284],"carpPosition":[56.3251,306.361,80.7897],"dipPosition":[76.1618,269.029,-4.20132],"direction":[0.699498,-0.48054,0.528946],"extended":false,"handId":663,"id":6632,"length":66.5748,"mcpPosition":[34.9189,308.553,14.8956],"pipPosition":[56.3987,282.606,-19.1458],"stabilizedTipPosition":[65.3306,295.296,60.233],"timeVisible":0.370507,"tipPosition":[80.7664,268.053,9.1125],"tipVelocity":[24.3148,-78.6294,-136.247],"tool":false,"touchDistance":0.333333,"touchZone":"none","type":2,"width":18.8748},{"bases":[[[-0.5286,-0.794051,0.300109],[-0.740549,0.604177,0.294206],[0.414934,0.0667284,0.907401]],[[-0.5323,-0.794618,0.291958],[-0.843958,0.471111,-0.256495],[-0.0662705,0.382932,0.921396]],[[-0.5323,-0.794618,0.291958],[-0.293656,-0.150146,-0.944046],[-0.793991,0.588251,0.153422]],[[-0.5323,-0.794618,0.291958],[0.31674,-0.50677,-0.801785],[-0.785068,0.334315,-0.521441]]],"btipPosition":[61.2597,254.32,-9.47188],"carpPosition":[47.7146,297.869,82.4469],"dipPosition":[46.686,260.526,-19.1517],"direction":[0.793992,-0.588251,-0.153422],"extended":false,"handId":663,"id":6633,"length":64.0135,"mcpPosition":[21.8906,293.716,25.9734],"pipPosition":[24.8325,276.717,-14.929],"stabilizedTipPosition":[34.0074,302.182,84.7032],"timeVisible":0.370507,"tipPosition":[58.8337,255.557,-10.7238],"tipVelocity":[-10.0773,-73.8722,-163.425],"tool":false,"touchDistance":-0.539132,"touchZone":"hovering","type":3,"width":17.9606},{"bases":[[[-0.347348,-0.86983,0.35035],[-0.774163,0.476824,0.416305],[0.52917,0.126625,0.839014]],[[-0.426961,-0.878901,0.21269],[-0.902199,0.398125,-0.165929],[-0.0611584,0.262734,0.962928]],[[-0.426961,-0.878901,0.21269],[-0.32888,-0.0681704,-0.941908],[-0.842343,0.472108,0.259947]],[[-0.426961,-0.878901,0.21269],[0.312515,-0.364131,-0.87735],[-0.848551,0.308126,-0.430139]]],"btipPosition":[46.8024,253.381,4.90029],"carpPosition":[44.2391,284.357,84.7514],"dipPosition":[32.2703,258.658,-2.46617],"direction":[0.842343,-0.472108,-0.259947],"extended":false,"handId":663,"id":6634,"length":50.1854,"mcpPosition":[13.7527,277.062,36.4144],"pipPosition":[15.9012,267.832,2.58533],"stabilizedTipPosition":[16.1241,301.543,103.158],"timeVisible":0.370507,"tipPosition":[44.1337,254.316,3.84936],"tipVelocity":[18.4879,-70.8918,-135.516],"tool":false,"touchDistance":-0.510678,"touchZone":"hovering","type":4,"width":15.954}],"r":[[0.995735,-0.0124586,0.0914192],[0.0413039,0.946201,-0.320933],[-0.0825025,0.32334,0.942679]],"s":1.0026,"t":[54.0901,-70.041,-183.037],"timestamp":523161464501},false],[4,{"currentFrameRate":99.7573,"devices":[],"gestures":[],"hands":[{"armBasis":[[-0.768778,-0.639302,-0.0165343],[-0.634937,0.759931,0.139138],[0.0763859,-0.117464,0.990135]],"armWidth":63.3096,"confidence":0.764422,"direction":[-0.417357,0.126445,-0.899903],"elbow":[80.8019,259.702,352.95],"grabStrength":0,"id":663,"palmNormal":[0.552071,-0.751305,-0.361605],"palmPosition":[45.7548,299.678,35.6555],"palmVelocity":[37.2748,-69.4289,-124.031],"palmWidth":90.4039,"pinchStrength":1,"r":[[0.995857,-0.0137394,0.089893],[0.0420945,0.945884,-0.321763],[-0.0806075,0.324214,0.942543]],"s":1.0026,"sphereCenter":[59.5112,267.35,2.24625],"sphereRadius":45.6085,"stabilizedPalmPosition":[12.1069,347.632,153.217],"t":[54.375,-70.5878,-183.938],"timeVisible":0.379666,"type":"left","wrist":[60.3105,291.213,87.3354]}],"id":4235205,"interactionBox":{"center":[0,200,0],"size":[235.247,235.247,147.751]},"pointables":[{"bases":[[[-0.865687,0.436017,0.245916],[0.496906,0.807935,0.316741],[0.0605794,-0.396396,0.916079]],[[-0.845456,0.53301,-0.0332292],[0.530772,0.83177,-0.162604],[0.0590306,0.155112,0.986132]],[[-0.845456,0.53301,-0.0332292],[0.418221,0.622118,-0.661861],[0.332106,0.573472,0.74889]],[[-0.845456,0.53301,-0.0332292],[0.300926,0.424075,-0.854169],[0.441189,0.732162,0.518933]]],"btipPosition":[63.6618,256.923,-6.7337],"carpPosition":[88.0987,301.068,79.6106],"dipPosition":[73.9206,273.948,5.33298],"direction":[-0.332106,-0.573472,-0.74889],"extended":false,"handId":663,"id":6630,"length":51.7807,"mcpPosition":[88.0987,301.068,79.6106],"pipPosition":[85.1711,293.375,30.7023],"stabilizedTipPosition":[44.9802,296.06,62.7255],"timeVisible":0.379666,"tipPosition":[66.1381,260.601,-3.79884],"tipVelocity":[8.66525,-58.3013,-133.896],"tool":false,"touchDistance":-0.50629,"touchZone":"hovering","type":0,"width":20.1196},{"bases":[[[-0.781652,-0.617303,0.0892003],[-0.589017,0.777616,0.219936],[0.205131,-0.119373,0.971427]],[[-0.722697,-0.628656,0.28723],[-0.592682,0.777471,0.210396],[0.35558,0.0181834,0.934469]],[[-0.722697,-0.628656,0.28723],[-0.653976,0.756447,0.0101594],[0.223661,0.180499,0.957808]],[[-0.722697,-0.628656,0.28723],[-0.682217,0.715481,-0.150558],[0.110858,0.304761,0.945955]]],"btipPosition":[29.7266,310.259,-70.9336],"carpPosition":[67.152,311.818,79.0216],"dipPosition":[31.6085,315.432,-54.8755],"direction":[-0.223661,-0.180499,-0.957808],"extended":true,"handId":663,"id":6631,"length":58.4287,"mcpPosition":[52.1578,320.543,8.01442],"pipPosition":[36.9797,319.767,-31.874],"stabilizedTipPosition":[7.52057,350.324,5.08908],"timeVisible":0.379666,"tipPosition":[30.0062,311.09,-67.2006],"tipVelocity":[13.9416,-52.3353,-120.561],"tool":false,"touchDistance":0.0517068,"touchZone":"hovering","type":1,"width":19.2182},{"bases":[[[-0.63481,-0.751214,0.180814],[-0.708038,0.65925,0.253124],[0.309352,-0.0326625,0.950386]],[[-0.639573,-0.750611,0.165917],[-0.625223,0.382341,-0.680376],[-0.447261,0.538886,0.713834]],[[-0.639573,-0.750611,0.165917],[0.31522,-0.452931,-0.833961],[-0.701129,0.481079,-0.52629]],[[-0.639573,-0.750611,0.165917],[0.703549,-0.658523,-0.267142],[-0.309781,0.0541261,-0.949266]]],"btipPosition":[82.1444,267.586,12.4327],"carpPosition":[56.5759,305.732,79.9046],"dipPosition":[76.3605,268.597,-5.29098],"direction":[0.701129,-0.481079,0.52629],"extended":false,"handId":663,"id":6632,"length":66.5748,"mcpPosition":[35.132,307.996,14.0251],"pipPosition":[56.5513,282.189,-20.1604],"stabilizedTipPosition":[65.7519,294.549,58.8216],"timeVisible":0.379666,"tipPosition":[80.991,267.608,8.08841],"tipVelocity":[23.9296,-70.3876,-131.574],"tool":false,"touchDistance":0.333333,"touchZone":"none","type":2,"width":18.8748},{"bases":[[[-0.527173,-0.795378,0.299101],[-0.741361,0.602517,0.295563],[0.415298,0.0659287,0.907293]],[[-0.530082,-0.795823,0.292711],[-0.845783,0.471585,-0.249516],[-0.0605322,0.379834,0.923072]],[[-0.530082,-0.795823,0.292711],[-0.299878,-0.146951,-0.942591],[-0.793149,0.587428,0.160754]],[[-0.530082,-0.795823,0.292711],[0.312786,-0.50437,-0.804845],[-0.788148,0.335078,-0.51628]]],"btipPosition":[61.2816,253.871,-10.7316],"carpPosition":[47.9799,297.224,81.5525],"dipPosition":[46.6507,260.091,-20.3156],"direction":[0.793149,-0.587428,-0.160754],"extended":false,"handId":663,"id":6633,"length":64.0135,"mcpPosition":[22.1332,293.121,25.0857],"pipPosition":[24.8204,276.259,-15.8911],"stabilizedTipPosition":[34.3127,301.583,83.4565],"timeVisible":0.379666,"tipPosition":[58.8524,255.116,-11.9508],"tipVelocity":[-7.00319,-66.8618,-155.54],"tool":false,"touchDistance":-0.532117,"touchZone":"hovering","type":3,"width":17.9606},{"bases":[[[-0.345774,-0.870949,0.349125],[-0.774708,0.474913,0.417475],[0.529403,0.126118,0.838944]],[[-0.426432,-0.879894,0.209626],[-0.902612,0.398903,-0.161764],[-0.0587146,0.258192,0.964308]],[[-0.426432,-0.879894,0.209626],[-0.331236,-0.0637468,-0.941392],[-0.841688,0.470875,0.264269]],[[-0.426432,-0.879894,0.209626],[0.311195,-0.360323,-0.879389],[-0.849302,0.309765,-0.427471]]],"btipPosition":[46.9914,252.911,3.81179],"carpPosition":[44.5272,283.703,83.837],"dipPosition":[32.4464,258.216,-3.50899],"direction":[0.841688,-0.470875,-0.264269],"extended":false,"handId":663,"id":6634,"length":50.1854,"mcpPosition":[14.0273,276.437,35.504],"pipPosition":[16.0901,267.366,1.6265],"stabilizedTipPosition":[16.5327,300.839,101.658],"timeVisible":0.379666,"tipPosition":[44.3206,253.849,2.77672],"tipVelocity":[18.9949,-65.2356,-130.55],"tool":false,"touchDistance":-0.504113,"touchZone":"hovering","type":4,"width":15.954}],"r":[[0.995857,-0.0137394,0.089893],[0.0420945,0.945884,-0.321763],[-0.0806075,0.324214,0.942543]],"s":1.0026,"t":[54.375,-70.5878,-183.938],"timestamp":523161473660},false],[5,{"currentFrameRate":100.238,"devices":[],"gestures":[],"hands":[{"armBasis":[[-0.766781,-0.641787,-0.0124853],[-0.637063,0.758464,0.137413],[0.0787206,-0.11332,0.990435]],"armWidth":63.3096,"confidence":0.76843,"direction":[-0.417427,0.126323,-0.899887],"elbow":[81.6486,260.225,352.26],"grabStrength":0,"id":663,"palmNormal":[0.5536,-0.749954,-0.362072],"palmPosition":[45.9689,299.1,34.8883],"palmVelocity":[33.5283,-67.9092,-113.245],"palmWidth":90.4039,"pinchStrength":1,"r":[[0.995954,-0.0143918,0.0887097],[0.0423712,0.945695,-0.322281],[-0.0792541,0.324736,0.942478]],"s":1.00246,"sphereCenter":[59.9009,266.951,1.38212],"sphereRadius":45.6369,"stabilizedPalmPosition":[12.5413,347.009,151.699],"t":[54.6244,-71.1501,-184.772],"timeVisible":0.388704,"type":"left","wrist":[60.5309,290.624,86.5646]}],"id":4235206,"interactionBox":{"center":[0,200,0],"size":[235.247,235.247,147.751]},"pointables":[{"bases":[[[-0.866581,0.434145,0.24608],[0.495273,0.808656,0.317457],[0.0611714,-0.396979,0.915787]],[[-0.847285,0.530343,-0.0290679],[0.5275,0.833823,-0.162739],[0.0620699,0.153219,0.986241]],[[-0.847285,0.530343,-0.0290679],[0.414199,0.625491,-0.661211],[0.332487,0.572274,0.749637]],[[-0.847285,0.530343,-0.0290679],[0.299863,0.432459,-0.85033],[0.438396,0.729188,0.525446]]],"btipPosition":[63.7657,256.598,-7.67373],"carpPosition":[88.3014,300.539,78.8527],"dipPosition":[73.9597,273.553,4.54438],"direction":[-0.332487,-0.572274,-0.749637],"extended":false,"handId":663,"id":6630,"length":51.7807,"mcpPosition":[88.3014,300.539,78.8527],"pipPosition":[85.223,292.94,29.9391],"stabilizedTipPosition":[45.3005,295.521,61.7011],"timeVisible":0.388704,"tipPosition":[66.2924,260.22,-4.67206],"tipVelocity":[8.99198,-52.6433,-124.599],"tool":false,"touchDistance":-0.497573,"touchZone":"hovering","type":0,"width":20.1196},{"bases":[[[-0.780469,-0.618889,0.0885744],[-0.59057,0.776302,0.220416],[0.205173,-0.119719,0.971376]],[[-0.721763,-0.630285,0.286005],[-0.593265,0.776206,0.213404],[0.356505,0.0156495,0.934162]],[[-0.721763,-0.630285,0.286005],[-0.654997,0.755535,0.012061],[0.223689,0.178628,0.958152]],[[-0.721763,-0.630285,0.286005],[-0.683346,0.714571,-0.149753],[0.109984,0.303527,0.946454]]],"btipPosition":[29.8802,309.889,-71.6872],"carpPosition":[67.334,311.248,78.2679],"dipPosition":[31.7472,315.042,-55.6207],"direction":[-0.223689,-0.178628,-0.958152],"extended":true,"handId":663,"id":6631,"length":58.4287,"mcpPosition":[52.3367,319.999,7.26444],"pipPosition":[37.119,319.331,-32.6109],"stabilizedTipPosition":[7.96221,349.563,3.67282],"timeVisible":0.388704,"tipPosition":[30.1948,310.683,-67.9594],"tipVelocity":[14.6768,-49.3423,-110.257],"tool":false,"touchDistance":0.0391787,"touchZone":"hovering","type":1,"width":19.2182},{"bases":[[[-0.633384,-0.752585,0.180114],[-0.709367,0.657678,0.25349],[0.30923,-0.0327894,0.950422]],[[-0.638137,-0.751981,0.165247],[-0.627112,0.383142,-0.678183],[-0.446668,0.536402,0.716074]],[[-0.638137,-0.751981,0.165247],[0.314964,-0.450815,-0.835202],[-0.702552,0.480926,-0.524529]],[[-0.638137,-0.751981,0.165247],[0.704794,-0.656936,-0.26777],[-0.309914,0.0544089,-0.949206]]],"btipPosition":[82.3607,267.122,11.5117],"carpPosition":[56.7695,305.141,79.1441],"dipPosition":[76.5743,268.138,-6.21089],"direction":[0.702552,-0.480926,0.524529],"extended":false,"handId":663,"id":6632,"length":66.5748,"mcpPosition":[35.3341,307.414,13.2622],"pipPosition":[56.725,281.726,-21.0305],"stabilizedTipPosition":[66.1177,293.898,57.5911],"timeVisible":0.388704,"tipPosition":[81.221,267.148,7.23463],"tipVelocity":[23.9145,-65.0937,-123.391],"tool":false,"touchDistance":0.333333,"touchZone":"none","type":2,"width":18.8748},{"bases":[[[-0.525685,-0.79663,0.298389],[-0.742588,0.600849,0.295879],[0.414993,0.0660405,0.907425]],[[-0.527986,-0.796985,0.293335],[-0.847336,0.471176,-0.244979],[-0.0570326,0.377899,0.924088]],[[-0.527986,-0.796985,0.293335],[-0.303892,-0.145229,-0.941572],[-0.79302,0.586279,0.165518]],[[-0.527986,-0.796985,0.293335],[0.310647,-0.502711,-0.806709],[-0.790398,0.334807,-0.513006]]],"btipPosition":[61.3933,253.378,-11.7455],"carpPosition":[48.1898,296.615,80.7838],"dipPosition":[46.7206,259.593,-21.2687],"direction":[0.79302,-0.586279,-0.165518],"extended":false,"handId":663,"id":6633,"length":64.0135,"mcpPosition":[22.3621,292.505,24.3089],"pipPosition":[24.8939,275.73,-16.7131],"stabilizedTipPosition":[34.5675,301.081,82.4097],"timeVisible":0.388704,"tipPosition":[58.9523,254.629,-12.9539],"tipVelocity":[-1.96047,-63.5004,-143.166],"tool":false,"touchDistance":-0.522238,"touchZone":"hovering","type":3,"width":17.9606},{"bases":[[[-0.344149,-0.871886,0.348391],[-0.77571,0.473087,0.417686],[0.528994,0.126504,0.839144]],[[-0.425777,-0.880845,0.206943],[-0.903112,0.399624,-0.157129],[-0.0557071,0.253794,0.965653]],[[-0.425777,-0.880845,0.206943],[-0.334608,-0.0592162,-0.940495],[-0.840685,0.469686,0.269525]],[[-0.425777,-0.880845,0.206943],[0.308952,-0.356491,-0.881738],[-0.850449,0.311488,-0.423925]]],"btipPosition":[47.1451,252.42,2.81042],"carpPosition":[44.7628,283.086,83.0573],"dipPosition":[32.5806,257.754,-4.44962],"direction":[0.840685,-0.469686,-0.269525],"extended":false,"handId":663,"id":6634,"length":50.1854,"mcpPosition":[14.2866,275.798,34.7128],"pipPosition":[16.2437,266.882,0.788014],"stabilizedTipPosition":[16.8887,300.222,100.345],"timeVisible":0.388704,"tipPosition":[44.4798,253.363,1.81209],"tipVelocity":[18.3109,-62.0239,-124.681],"tool":false,"touchDistance":-0.496846,"touchZone":"hovering","type":4,"width":15.954}],"r":[[0.995954,-0.0143918,0.0887097],[0.0423712,0.945695,-0.322281],[-0.0792541,0.324736,0.942478]],"s":1.00246,"t":[54.6244,-71.1501,-184.772],"timestamp":523161482698},false],[6,{"currentFrameRate":100.752,"devices":[],"gestures":[],"hands":[{"armBasis":[[-0.764215,-0.644908,-0.00830413],[-0.639801,0.756413,0.135993],[0.0814216,-0.109241,0.990675]],"armWidth":63.3096,"confidence":0.771275,"direction":[-0.418302,0.125006,-0.899665],"elbow":[82.6626,260.82,351.761],"grabStrength":0,"id":663,"palmNormal":[0.555696,-0.748271,-0.362343],"palmPosition":[46.2043,298.554,34.3329],"palmVelocity":[31.5749,-66.0689,-99.3234],"palmWidth":90.4039,"pinchStrength":1,"r":[[0.996048,-0.0143039,0.0876548],[0.0419781,0.945567,-0.322708],[-0.0782675,0.325113,0.942431]],"s":1.00231,"sphereCenter":[60.246,266.526,0.759622],"sphereRadius":45.6762,"stabilizedPalmPosition":[12.9934,346.358,150.122],"t":[54.8669,-71.7042,-185.467],"timeVisible":0.397633,"type":"left","wrist":[60.8204,290.125,86.0016]}],"id":4235207,"interactionBox":{"center":[0,200,0],"size":[235.247,235.247,147.751]},"pointables":[{"bases":[[[-0.867771,0.431502,0.246534],[0.492969,0.810182,0.317155],[0.062885,-0.396751,0.91577]],[[-0.849465,0.527009,-0.0258974],[0.523753,0.836232,-0.16248],[0.0639723,0.151585,0.986372]],[[-0.849465,0.527009,-0.0258974],[0.410292,0.628879,-0.660433],[0.331768,0.571641,0.750438]],[[-0.849465,0.527009,-0.0258974],[0.298953,0.440266,-0.846636],[0.434783,0.72693,0.531541]]],"btipPosition":[64.0345,256.338,-8.42765],"carpPosition":[88.5562,300.124,78.2742],"dipPosition":[74.1445,273.241,3.9322],"direction":[-0.331768,-0.571641,-0.750438],"extended":false,"handId":663,"id":6630,"length":51.7807,"mcpPosition":[88.5562,300.124,78.2742],"pipPosition":[85.3834,292.606,29.354],"stabilizedTipPosition":[45.5663,295.075,60.8517],"timeVisible":0.397633,"tipPosition":[66.5581,259.894,-5.34823],"tipVelocity":[14.1592,-46.5863,-112.648],"tool":false,"touchDistance":-0.486969,"touchZone":"hovering","type":0,"width":20.1196},{"bases":[[[-0.778522,-0.621271,0.0890248],[-0.592823,0.7745,0.220706],[0.206068,-0.119049,0.971269]],[[-0.719871,-0.632485,0.285916],[-0.594298,0.77445,0.216881],[0.358602,0.0137933,0.933389]],[[-0.719871,-0.632485,0.285916],[-0.656643,0.754057,0.0147995],[0.224958,0.177091,0.95814]],[[-0.719871,-0.632485,0.285916],[-0.685278,0.713112,-0.147873],[0.110363,0.302381,0.946776]]],"btipPosition":[29.9101,309.497,-72.2191],"carpPosition":[67.5557,310.769,77.7003],"dipPosition":[31.7836,314.63,-56.1471],"direction":[-0.224958,-0.177091,-0.95814],"extended":true,"handId":663,"id":6631,"length":58.4287,"mcpPosition":[52.4931,319.471,6.70471],"pipPosition":[37.1859,318.883,-33.1376],"stabilizedTipPosition":[8.36325,348.867,2.37904],"timeVisible":0.397633,"tipPosition":[30.2849,310.245,-68.4997],"tipVelocity":[11.6341,-48.0048,-96.3936],"tool":false,"touchDistance":0.0303349,"touchZone":"hovering","type":1,"width":19.2182},{"bases":[[[-0.630979,-0.754512,0.18049],[-0.711239,0.655515,0.25385],[0.309847,-0.0318025,0.950254]],[[-0.635717,-0.753927,0.165705],[-0.630572,0.383382,-0.674831],[-0.445245,0.53349,0.719128]],[[-0.635717,-0.753927,0.165705],[0.313797,-0.448531,-0.83687],[-0.705263,0.480015,-0.521718]],[[-0.635717,-0.753927,0.165705],[0.706438,-0.65475,-0.26879],[-0.311143,0.053814,-0.948838]]],"btipPosition":[82.5904,266.719,10.7292],"carpPosition":[57.0105,304.63,78.5825],"dipPosition":[76.7811,267.724,-6.98653],"direction":[0.705263,-0.480015,0.521718],"extended":false,"handId":663,"id":6632,"length":66.5748,"mcpPosition":[35.5324,306.835,12.7122],"pipPosition":[56.8551,281.286,-21.7268],"stabilizedTipPosition":[66.4405,293.323,56.5051],"timeVisible":0.397633,"tipPosition":[81.4658,266.746,6.54575],"tipVelocity":[24.246,-59.7381,-113.591],"tool":false,"touchDistance":0.333333,"touchZone":"none","type":2,"width":18.8748},{"bases":[[[-0.523082,-0.798223,0.298707],[-0.744262,0.598586,0.296259],[0.415283,0.0673488,0.907196]],[[-0.524917,-0.798513,0.294683],[-0.849418,0.469357,-0.241231],[-0.0543148,0.376936,0.924646]],[[-0.524917,-0.798513,0.294683],[-0.307374,-0.145014,-0.940474],[-0.793715,0.584249,0.169322]],[[-0.524917,-0.798513,0.294683],[0.309243,-0.501477,-0.808016],[-0.792988,0.333013,-0.510169]]],"btipPosition":[61.5898,252.891,-12.4698],"carpPosition":[48.4578,296.078,80.2273],"dipPosition":[46.869,259.073,-21.9404],"direction":[0.793715,-0.584249,-0.169322],"extended":false,"handId":663,"id":6633,"length":64.0135,"mcpPosition":[22.6121,291.887,23.7666],"pipPosition":[25.0232,275.154,-17.2801],"stabilizedTipPosition":[34.7923,300.636,81.4866],"timeVisible":0.397633,"tipPosition":[59.1305,254.144,-13.6771],"tipVelocity":[4.23908,-61.286,-125.874],"tool":false,"touchDistance":-0.509031,"touchZone":"hovering","type":3,"width":17.9606},{"bases":[[[-0.341289,-0.872921,0.348614],[-0.776927,0.470729,0.41809],[0.529061,0.128158,0.83885]],[[-0.423876,-0.882103,0.205484],[-0.904291,0.399432,-0.150701],[-0.050857,0.249696,0.966988]],[[-0.423876,-0.882103,0.205484],[-0.34002,-0.0552997,-0.938791],[-0.839473,0.467799,0.276493]],[[-0.423876,-0.882103,0.205484],[0.305357,-0.352771,-0.884483],[-0.852694,0.312165,-0.418887]]],"btipPosition":[47.2965,251.946,2.00464],"carpPosition":[45.0735,282.538,82.5032],"dipPosition":[32.6934,257.292,-5.16913],"direction":[0.839473,-0.467799,-0.276493],"extended":false,"handId":663,"id":6634,"length":50.1854,"mcpPosition":[14.5934,275.155,34.1756],"pipPosition":[16.3801,266.383,0.203907],"stabilizedTipPosition":[17.2077,299.668,99.1658],"timeVisible":0.397633,"tipPosition":[44.6432,252.892,1.05789],"tipVelocity":[17.6685,-59.5019,-114.682],"tool":false,"touchDistance":-0.487284,"touchZone":"hovering","type":4,"width":15.954}],"r":[[0.996048,-0.0143039,0.0876548],[0.0419781,0.945567,-0.322708],[-0.0782675,0.3251