{"sensorType":"Leap","data":[[0,{"currentFrameRate":107.969,"devices":[],"gestures":[],"hands":[{"armBasis":[[0.997621,0.0376091,-0.0577801],[-0.0356964,0.998791,0.0337873],[0.0589809,-0.0316443,0.997757]],"armWidth":62.0555,"confidence":0.739242,"direction":[0.0123917,0.259366,-0.9657],"elbow":[70.0966,285.903,351.903],"grabStrength":0,"id":655,"palmNormal":[0.039519,-0.965146,-0.258711],"palmPosition":[47.9884,303.543,37.5061],"palmVelocity":[18.7056,-47.6978,-156.994],"palmWidth":88.6132,"pinchStrength":0.643232,"r":[[0.790631,0.598523,-0.129122],[-0.612055,0.766676,-0.1939],[-0.0170595,0.232333,0.972487]],"s":1.05221,"sphereCenter":[54.6527,266.488,8.78816],"sphereRadius":45.9628,"stabilizedPalmPosition":[17.671,338.283,119.544],"t":[74.1839,-85.4996,-173.168],"timeVisible":0.804311,"type":"right","wrist":[54.5877,294.224,89.5451]}],"id":4232100,"interactionBox":{"center":[0,200,0],"size":[235.247,235.247,147.751]},"pointables":[{"bases":[[[0.369123,0.92793,0.0518955],[-0.826613,0.302272,0.474703],[0.424805,-0.218121,0.878615]],[[0.241874,0.95245,-0.1853],[-0.938358,0.278207,0.205146],[0.246943,0.124258,0.96103]],[[0.241874,0.95245,-0.1853],[-0.96933,0.228613,-0.0901949],[-0.0435441,0.201433,0.978534]],[[0.241874,0.95245,-0.1853],[-0.909337,0.155876,-0.385757],[-0.338531,0.261805,0.903801]]],"btipPosition":[24.3794,263.541,-10.3854],"carpPosition":[27.2225,282.237,89.4256],"dipPosition":[16.6636,269.508,10.2142],"direction":[0.0435441,-0.201433,-0.978534],"extended":false,"handId":655,"id":6550,"length":50.755,"mcpPosition":[27.2225,282.237,89.4256],"pipPosition":[15.2177,276.197,42.7064],"stabilizedTipPosition":[8.66807,278.486,35.4009],"timeVisible":0.804311,"tipPosition":[23.2396,264.16,-5.47092],"tipVelocity":[19.6076,-37.6856,-160.937],"tool":false,"touchDistance":-0.500928,"touchZone":"touching","type":0,"width":19.721},{"bases":[[[0.987038,0.0780094,-0.140248],[-0.0621549,0.991526,0.114076],[0.147959,-0.103881,0.983523]],[[0.997333,0.0660845,-0.0309911],[-0.0644068,0.996551,0.052325],[0.0343421,-0.0501894,0.998149]],[[0.997333,0.0660845,-0.0309911],[-0.0697766,0.987816,-0.139108],[0.0214207,0.140899,0.989792]],[[0.997333,0.0660845,-0.0309911],[-0.0722028,0.955436,-0.286233],[0.0106944,0.287707,0.957659]]],"btipPosition":[21.727,305.033,-67.0004],"carpPosition":[34.447,303.594,84.4631],"dipPosition":[21.905,309.82,-51.0657],"direction":[-0.0214207,-0.140899,-0.989792],"extended":true,"handId":655,"id":6551,"length":57.2714,"mcpPosition":[23.8461,311.036,13.9958],"pipPosition":[22.4092,313.136,-27.7669],"stabilizedTipPosition":[7.99131,337.005,0.999092],"timeVisible":0.804311,"tipPosition":[22.3317,305.369,-63.305],"tipVelocity":[8.05229,-39.1589,-155.217],"tool":false,"touchDistance":-0.492211,"touchZone":"touching","type":1,"width":18.8375},{"bases":[[[0.99399,-0.106924,-0.02346],[0.108874,0.987918,0.110289],[0.011384,-0.11218,0.993623]],[[0.993988,-0.109485,-0.000515037],[0.0518913,0.475239,-0.878325],[0.0964085,0.873018,0.478064]],[[0.993988,-0.109485,-0.000515037],[-0.071834,-0.648597,-0.757735],[0.0826268,0.753216,-0.652563]],[[0.993988,-0.109485,-0.000515037],[-0.105821,-0.959489,-0.261119],[0.0280945,0.259603,-0.965307]]],"btipPosition":[37.8666,247.254,28.2091],"carpPosition":[45.968,306.222,82.4242],"dipPosition":[38.3807,252.005,10.5429],"direction":[-0.0826268,-0.753216,0.652563],"extended":false,"handId":655,"id":6552,"length":65.2561,"mcpPosition":[45.1945,313.845,14.912],"pipPosition":[40.669,272.864,-7.52894],"stabilizedTipPosition":[26.2411,260.699,52.6064],"timeVisible":0.804311,"tipPosition":[38.0564,248.807,24.0056],"tipVelocity":[14.046,-52.4052,-145.77],"tool":false,"touchDistance":0.333333,"touchZone":"none","type":2,"width":18.501},{"bases":[[[0.973777,-0.196434,0.114769],[0.179919,0.973675,0.139949],[-0.139238,-0.11563,0.983485]],[[0.971169,-0.198444,0.132105],[0.205529,0.416205,-0.885737],[0.120786,0.887352,0.444991]],[[0.971169,-0.198444,0.132105],[-0.0389177,-0.678686,-0.733397],[0.235196,0.707111,-0.666841]],[[0.971169,-0.198444,0.132105],[-0.160162,-0.953581,-0.255013],[0.176579,0.226503,-0.957871]]],"btipPosition":[51.5684,251.15,37.5085],"carpPosition":[57.8883,305.905,81.4478],"dipPosition":[54.7814,255.272,20.0791],"direction":[-0.235196,-0.707111,0.666841],"extended":false,"handId":655,"id":6553,"length":62.7455,"mcpPosition":[66.3823,312.959,21.4515],"pipPosition":[61.1266,274.348,2.08883],"stabilizedTipPosition":[39.0562,263.848,64.0414],"timeVisible":0.804311,"tipPosition":[52.4479,252.423,32.9519],"tipVelocity":[13.0308,-51.0504,-139.742],"tool":false,"touchDistance":0.333333,"touchZone":"none","type":3,"width":17.6048},{"bases":[[[0.907914,-0.366658,0.203113],[0.316174,0.917203,0.242431],[-0.275185,-0.155888,0.948669]],[[0.888125,-0.376008,0.264294],[0.410882,0.391906,-0.823156],[0.205934,0.839659,0.502557]],[[0.888125,-0.376008,0.264294],[-0.0472722,-0.646735,-0.761249],[0.457164,0.66359,-0.592156]],[[0.888125,-0.376008,0.264294],[-0.285095,-0.901757,-0.324892],[0.360491,0.213196,-0.908071]]],"btipPosition":[63.4,262.364,37.667],"carpPosition":[69.711,298.694,82.0219],"dipPosition":[69.4513,265.943,22.4236],"direction":[-0.457164,-0.66359,0.592156],"extended":false,"handId":655,"id":6554,"length":49.1913,"mcpPosition":[85.2508,307.497,28.4501],"pipPosition":[78.1594,278.583,11.1442],"stabilizedTipPosition":[43.3722,279.094,80.6881],"timeVisible":0.804311,"tipPosition":[65.2079,263.42,34.0453],"tipVelocity":[7.30907,-51.1169,-146.76],"tool":false,"touchDistance":0.333333,"touchZone":"none","type":4,"width":15.638}],"r":[[0.790631,0.598523,-0.129122],[-0.612055,0.766676,-0.1939],[-0.0170595,0.232333,0.972487]],"s":1.05221,"t":[74.1839,-85.4996,-173.168],"timestamp":523125984841},false],[1,{"currentFrameRate":108.106,"devices":[],"gestures":[],"hands":[{"armBasis":[[0.997444,0.0390729,-0.0598223],[-0.0369446,0.998659,0.0362795],[0.0611596,-0.0339766,0.99755]],"armWidth":62.0555,"confidence":0.746334,"direction":[0.0123624,0.258666,-0.965888],"elbow":[70.8532,285.39,351],"grabStrength":0,"id":655,"palmNormal":[0.040723,-0.96529,-0.257985],"palmPosition":[48.1761,303.598,36.6491],"palmVelocity":[19.2932,-32.9429,-140.021],"palmWidth":88.6132,"pinchStrength":0.63966,"r":[[0.790225,0.599021,-0.1293],[-0.612584,0.766317,-0.193647],[-0.0169141,0.232232,0.972513]],"s":1.05335,"sphereCenter":[54.6625,266.585,7.97977],"sphereRadius":45.9024,"stabilizedPalmPosition":[17.6828,338.269,119.512],"t":[74.3692,-85.6548,-174.245],"timeVisible":0.813314,"type":"right","wrist":[54.7715,294.324,88.6967]}],"id":4232101,"interactionBox":{"center":[0,200,0],"size":[235.247,235.247,147.751]},"pointables":[{"bases":[[[0.368021,0.9284,0.0513134],[-0.827101,0.301654,0.474245],[0.42481,-0.216974,0.878896]],[[0.241251,0.952629,-0.185191],[-0.939242,0.277213,0.202428],[0.244176,0.125103,0.961627]],[[0.241251,0.952629,-0.185191],[-0.969524,0.228196,-0.0891632],[-0.0426797,0.201057,0.978649]],[[0.241251,0.952629,-0.185191],[-0.909734,0.155553,-0.384951],[-0.337909,0.261344,0.904166]]],"btipPosition":[24.669,263.591,-11.2738],"carpPosition":[27.4204,282.306,88.5784],"dipPosition":[16.9672,269.548,9.33415],"direction":[0.0426797,-0.201057,-0.978649],"extended":false,"handId":655,"id":6550,"length":50.755,"mcpPosition":[27.4204,282.306,88.5784],"pipPosition":[15.5501,276.224,41.8302],"stabilizedTipPosition":[8.68063,278.474,35.3639],"timeVisible":0.813314,"tipPosition":[23.4881,264.224,-6.3439],"tipVelocity":[23.1542,-25.877,-143.779],"tool":false,"touchDistance":-0.492466,"touchZone":"touching","type":0,"width":19.721},{"bases":[[[0.986986,0.0790619,-0.140026],[-0.0633487,0.991536,0.113325],[0.147801,-0.10298,0.983641]],[[0.99724,0.0672962,-0.0313504],[-0.0656043,0.99648,0.0521889],[0.0347522,-0.0499881,0.998145]],[[0.99724,0.0672962,-0.0313504],[-0.0710538,0.987554,-0.140318],[0.0215173,0.142158,0.98961]],[[0.99724,0.0672962,-0.0313504],[-0.0734893,0.954733,-0.288244],[0.0105336,0.289752,0.957044]]],"btipPosition":[21.8959,304.969,-67.8552],"carpPosition":[34.6213,303.667,83.6021],"dipPosition":[22.0711,309.79,-51.9307],"direction":[-0.0215173,-0.142158,-0.98961],"extended":true,"handId":655,"id":6551,"length":57.2714,"mcpPosition":[24.0317,311.045,13.1263],"pipPosition":[22.5776,313.137,-28.6362],"stabilizedTipPosition":[7.99782,336.991,0.968651],"timeVisible":0.813314,"tipPosition":[22.5007,305.34,-64.1656],"tipVelocity":[10.9726,-30.1035,-138.733],"tool":false,"touchDistance":-0.48418,"touchZone":"touching","type":1,"width":18.8375},{"bases":[[[0.994122,-0.105777,-0.0230992],[0.107685,0.988127,0.109589],[0.011233,-0.111432,0.993709]],[[0.994118,-0.108301,-0.000336518],[0.0512129,0.472828,-0.879665],[0.0954277,0.874474,0.475593]],[[0.994118,-0.108301,-0.000336518],[-0.0710376,-0.649718,-0.756849],[0.0817488,0.752421,-0.65359]],[[0.994118,-0.108301,-0.000336518],[-0.104631,-0.959615,-0.261135],[0.0279582,0.259634,-0.965302]]],"btipPosition":[38.1214,247.241,27.4879],"carpPosition":[46.1398,306.307,81.5646],"dipPosition":[38.6331,251.993,9.82181],"direction":[-0.0817488,-0.752421,0.65359],"extended":false,"handId":655,"id":6552,"length":65.2561,"mcpPosition":[45.3765,313.879,14.0465],"pipPosition":[40.897,272.83,-8.27845],"stabilizedTipPosition":[26.2799,260.659,52.5119],"timeVisible":0.813314,"tipPosition":[38.3078,248.791,23.2537],"tipVelocity":[17.9461,-38.3937,-127.732],"tool":false,"touchDistance":0.333333,"touchZone":"none","type":2,"width":18.501},{"bases":[[[0.973974,-0.195208,0.11519],[0.178739,0.973988,0.13928],[-0.139382,-0.115066,0.983531]],[[0.971428,-0.197161,0.132114],[0.204061,0.409631,-0.889135],[0.121185,0.890691,0.43816]],[[0.971428,-0.197161,0.132114],[-0.0392791,-0.682547,-0.729785],[0.23406,0.703745,-0.67079]],[[0.971428,-0.197161,0.132114],[-0.159275,-0.954273,-0.252972],[0.175949,0.224702,-0.958411]]],"btipPosition":[51.7743,251.192,37.0633],"carpPosition":[58.0607,306.004,80.5917],"dipPosition":[54.9759,255.281,19.6241],"direction":[-0.23406,-0.703745,0.67079],"extended":false,"handId":655,"id":6553,"length":62.7455,"mcpPosition":[66.5635,313.023,20.5927],"pipPosition":[61.2904,274.267,1.52727],"stabilizedTipPosition":[39.0893,263.819,63.9652],"timeVisible":0.813314,"tipPosition":[52.6573,252.442,32.4167],"tipVelocity":[15.6545,-35.9723,-115.012],"tool":false,"touchDistance":0.333333,"touchZone":"none","type":3,"width":17.6048},{"bases":[[[0.908285,-0.365444,0.203642],[0.31503,0.917752,0.241842],[-0.275272,-0.155508,0.948706]],[[0.888174,-0.374895,0.265706],[0.411245,0.390555,-0.823616],[0.204997,0.840785,0.501055]],[[0.888174,-0.374895,0.265706],[-0.0456937,-0.647434,-0.76075],[0.457229,0.663538,-0.592165]],[[0.888174,-0.374895,0.265706],[-0.283467,-0.902123,-0.3253],[0.361653,0.213604,-0.907513]]],"btipPosition":[63.597,262.41,36.86],"carpPosition":[69.8916,298.806,81.1745],"dipPosition":[69.668,265.996,21.626],"direction":[-0.457229,-0.663538,0.592165],"extended":false,"handId":655,"id":6554,"length":49.1913,"mcpPosition":[85.4364,307.588,27.6006],"pipPosition":[78.3772,278.635,10.3465],"stabilizedTipPosition":[43.39,279.081,80.6491],"timeVisible":0.813314,"tipPosition":[65.4091,263.47,33.2372],"tipVelocity":[11.4514,-35.6089,-131.003],"tool":false,"touchDistance":0.333333,"touchZone":"none","type":4,"width":15.638}],"r":[[0.790225,0.599021,-0.1293],[-0.612584,0.766317,-0.193647],[-0.0169141,0.232232,0.972513]],"s":1.05335,"t":[74.3692,-85.6548,-174.245],"timestamp":523125993844},false],[2,{"currentFrameRate":108.237,"devices":[],"gestures":[],"hands":[{"armBasis":[[0.997376,0.0411938,-0.0595408],[-0.038932,0.998494,0.0386607],[0.0610437,-0.0362412,0.997477]],"armWidth":62.0555,"confidence":0.74883,"direction":[0.0123639,0.258023,-0.96606],"elbow":[70.9878,284.881,350.261],"grabStrength":0,"id":655,"palmNormal":[0.0426937,-0.965389,-0.257297],"palmPosition":[48.3501,303.635,35.9202],"palmVelocity":[19.3033,-22.7434,-123.802],"palmWidth":88.6132,"pinchStrength":0.638156,"r":[[0.789684,0.599703,-0.129445],[-0.613279,0.765769,-0.193613],[-0.0169857,0.232279,0.972501]],"s":1.05433,"sphereCenter":[54.6657,266.67,7.29071],"sphereRadius":45.8321,"stabilizedPalmPosition":[17.6922,338.259,119.486],"t":[74.5489,-85.7135,-175.148],"timeVisible":0.822316,"type":"right","wrist":[54.9365,294.41,87.9776]}],"id":4232102,"interactionBox":{"center":[0,200,0],"size":[235.247,235.247,147.751]},"pointables":[{"bases":[[[0.366226,0.929135,0.0508596],[-0.827917,0.300405,0.473614],[0.424773,-0.215557,0.879263]],[[0.239825,0.952982,-0.185225],[-0.940367,0.275445,0.199599],[0.241233,0.126311,0.962212]],[[0.239825,0.952982,-0.185225],[-0.969904,0.22693,-0.0882541],[-0.0420714,0.200816,0.978725]],[[0.239825,0.952982,-0.185225],[-0.910231,0.154383,-0.384246],[-0.337584,0.260749,0.90446]]],"btipPosition":[24.9725,263.588,-12.0362],"carpPosition":[27.6084,282.34,87.8537],"dipPosition":[17.2782,269.531,8.57846],"direction":[0.0420714,-0.200816,-0.978725],"extended":false,"handId":655,"id":6550,"length":50.755,"mcpPosition":[27.6084,282.34,87.8537],"pipPosition":[15.8812,276.199,41.077],"stabilizedTipPosition":[8.69096,278.465,35.3336],"timeVisible":0.822316,"tipPosition":[23.7593,264.237,-7.09252],"tipVelocity":[26.1064,-18.9582,-127.504],"tool":false,"touchDistance":-0.482965,"touchZone":"touching","type":0,"width":19.721},{"bases":[[[0.986905,0.0808456,-0.139577],[-0.0652954,0.991492,0.112607],[0.147493,-0.102019,0.983787]],[[0.99709,0.0692762,-0.0318045],[-0.0675666,0.996359,0.0520029],[0.0352913,-0.0497027,0.99814]],[[0.99709,0.0692762,-0.0318045],[-0.0731185,0.987145,-0.142119],[0.0215502,0.144031,0.989339]],[[0.99709,0.0692762,-0.0318045],[-0.0755486,0.953666,-0.291228],[0.0101557,0.292784,0.956125]]],"btipPosition":[22.0507,304.838,-68.5796],"carpPosition":[34.7712,303.711,82.8663],"dipPosition":[22.2197,309.71,-52.6704],"direction":[-0.0215502,-0.144031,-0.989339],"extended":true,"handId":655,"id":6551,"length":57.2714,"mcpPosition":[24.2036,311.021,12.38],"pipPosition":[22.727,313.1,-29.3823],"stabilizedTipPosition":[8.00313,336.979,0.943842],"timeVisible":0.822316,"tipPosition":[22.6587,305.266,-64.8992],"tipVelocity":[12.6397,-25.4768,-122.841],"tool":false,"touchDistance":-0.475015,"touchZone":"touching","type":1,"width":18.8375},{"bases":[[[0.994333,-0.103898,-0.0225186],[0.105747,0.988405,0.108961],[0.0109367,-0.110724,0.993791]],[[0.994324,-0.106395,0.000133223],[0.0506064,0.471846,-0.880227],[0.0935886,0.875238,0.474552]],[[0.994324,-0.106395,0.000133223],[-0.0694615,-0.650109,-0.75666],[0.0805911,0.752356,-0.653809]],[[0.994324,-0.106395,0.000133223],[-0.102659,-0.959743,-0.261447],[0.0279444,0.25995,-0.965218]]],"btipPosition":[38.4061,247.218,26.8039],"carpPosition":[46.2856,306.372,80.8328],"dipPosition":[38.9175,251.975,9.13935],"direction":[-0.0805911,-0.752356,0.653809],"extended":false,"handId":655,"id":6552,"length":65.2561,"mcpPosition":[45.5425,313.896,13.3091],"pipPosition":[41.1493,272.811,-8.96697],"stabilizedTipPosition":[26.3107,260.628,52.4369],"timeVisible":0.822316,"tipPosition":[38.5904,248.769,22.5697],"tipVelocity":[21.6996,-28.5107,-113.51],"tool":false,"touchDistance":0.333333,"touchZone":"none","type":2,"width":18.501},{"bases":[[[0.974285,-0.193273,0.115822],[0.176812,0.974423,0.138698],[-0.139666,-0.114652,0.983539]],[[0.971763,-0.195199,0.13257],[0.203103,0.405966,-0.891034],[0.12011,0.892799,0.434148]],[[0.971763,-0.195199,0.13257],[-0.0382459,-0.6847,-0.72782],[0.23284,0.702198,-0.672832]],[[0.971763,-0.195199,0.13257],[-0.1574,-0.954811,-0.252113],[0.175791,0.224128,-0.958574]]],"btipPosition":[52.0211,251.214,36.57],"carpPosition":[58.2076,306.091,79.8663],"dipPosition":[55.2198,255.293,19.1278],"direction":[-0.23284,-0.702198,0.672832],"extended":false,"handId":655,"id":6553,"length":62.7455,"mcpPosition":[66.7277,313.085,19.8667],"pipPosition":[61.5015,274.237,0.975879],"stabilizedTipPosition":[39.1157,263.797,63.9045],"timeVisible":0.822316,"tipPosition":[52.9039,252.451,31.8935],"tipVelocity":[18.8641,-25.4905,-98.4972],"tool":false,"touchDistance":0.333333,"touchZone":"none","type":3,"width":17.6048},{"bases":[[[0.908875,-0.363572,0.204358],[0.313158,0.918517,0.241369],[-0.275461,-0.155378,0.948672]],[[0.888283,-0.373202,0.26772],[0.411486,0.387692,-0.824848],[0.204042,0.842862,0.497947]],[[0.888283,-0.373202,0.26772],[-0.0438126,-0.649084,-0.759454],[0.457203,0.66288,-0.592921]],[[0.888283,-0.373202,0.26772],[-0.281183,-0.902765,-0.325502],[0.363166,0.213859,-0.906849]]],"btipPosition":[63.776,262.45,36.2577],"carpPosition":[70.0519,298.916,80.4601],"dipPosition":[69.8723,266.039,21.0349],"direction":[-0.457202,-0.66288,0.592921],"extended":false,"handId":655,"id":6554,"length":49.1913,"mcpPosition":[85.6074,307.69,26.888],"pipPosition":[78.5811,278.666,9.74095],"stabilizedTipPosition":[43.4038,279.071,80.6189],"timeVisible":0.822316,"tipPosition":[65.5988,263.512,32.6084],"tipVelocity":[13.9448,-24.6021,-113.322],"tool":false,"touchDistance":0.333333,"touchZone":"none","type":4,"width":15.638}],"r":[[0.789684,0.599703,-0.129445],[-0.613279,0.765769,-0.193613],[-0.0169857,0.232279,0.972501]],"s":1.05433,"t":[74.5489,-85.7135,-175.148],"timestamp":523126002846},false],[3,{"currentFrameRate":108.353,"devices":[],"gestures":[],"hands":[{"armBasis":[[0.997139,0.0460495,-0.0599409],[-0.0436102,0.998191,0.041387],[0.0617384,-0.0386546,0.997344]],"armWidth":62.0555,"confidence":0.771601,"direction":[0.010999,0.258712,-0.965892],"elbow":[71.4739,284.288,349.451],"grabStrength":0,"id":655,"palmNormal":[0.0471371,-0.965011,-0.257939],"palmPosition":[48.6017,303.681,35.1518],"palmVelocity":[21.669,-15.0966,-113.182],"palmWidth":88.6132,"pinchStrength":0.62992,"r":[[0.788687,0.600999,-0.129508],[-0.614553,0.764785,-0.193464],[-0.0172261,0.232172,0.972522]],"s":1.0555,"sphereCenter":[54.8536,266.815,6.51984],"sphereRadius":45.7742,"stabilizedPalmPosition":[17.6998,338.25,119.465],"t":[74.7645,-85.7201,-175.984],"timeVisible":0.831336,"type":"right","wrist":[55.2399,294.452,87.202]}],"id":4232103,"interactionBox":{"center":[0,200,0],"size":[235.247,235.247,147.751]},"pointables":[{"bases":[[[0.361911,0.930794,0.0514091],[-0.829224,0.296242,0.473951],[0.425921,-0.214158,0.879049]],[[0.23566,0.954233,-0.184131],[-0.942008,0.27087,0.198116],[0.238925,0.126765,0.962728]],[[0.23566,0.954233,-0.184131],[-0.970973,0.223204,-0.0859725],[-0.040939,0.199046,0.979135]],[[0.23566,0.954233,-0.184131],[-0.911449,0.151267,-0.382595],[-0.337232,0.257988,0.905382]]],"btipPosition":[25.3989,263.603,-12.8749],"carpPosition":[27.9682,282.255,87.0747],"dipPosition":[17.7126,269.483,7.76078],"direction":[0.040939,-0.199046,-0.979135],"extended":false,"handId":655,"id":6550,"length":50.755,"mcpPosition":[27.9682,282.255,87.0747],"pipPosition":[16.3532,276.093,40.2729],"stabilizedTipPosition":[8.70015,278.456,35.3069],"timeVisible":0.831336,"tipPosition":[24.1698,264.252,-7.91592],"tipVelocity":[31.9858,-13.7295,-117.86],"tool":false,"touchDistance":-0.47551,"touchZone":"touching","type":0,"width":19.721},{"bases":[[[0.986495,0.0855245,-0.13969],[-0.0698846,0.991103,0.11327],[0.148134,-0.101979,0.983695]],[[0.996715,0.0740345,-0.0328491],[-0.072231,0.995976,0.0530565],[0.0366449,-0.0505094,0.998051]],[[0.996715,0.0740345,-0.0328491],[-0.0779947,0.986676,-0.142786],[0.0218403,0.144879,0.989208]],[[0.996715,0.0740345,-0.0328491],[-0.0804253,0.952668,-0.293181],[0.00958874,0.29486,0.955492]]],"btipPosition":[22.2103,304.766,-69.3218],"carpPosition":[35.0307,303.663,82.1001],"dipPosition":[22.3698,309.672,-53.4231],"direction":[-0.0218403,-0.144879,-0.989208],"extended":true,"handId":655,"id":6551,"length":57.2714,"mcpPosition":[24.4172,310.969,11.6205],"pipPosition":[22.8839,313.083,-30.1381],"stabilizedTipPosition":[8.00743,336.97,0.923714],"timeVisible":0.831336,"tipPosition":[22.8203,305.254,-65.6512],"tipVelocity":[13.9625,-20.4229,-111.758],"tool":false,"touchDistance":-0.467016,"touchZone":"touching","type":1,"width":18.8375},{"bases":[[[0.994801,-0.09926,-0.0227541],[0.101169,0.988815,0.109593],[0.0116214,-0.111325,0.993716]],[[0.994811,-0.10174,-0.000382448],[0.0474814,0.467587,-0.882671],[0.0899822,0.878072,0.469992]],[[0.994811,-0.10174,-0.000382448],[-0.0670124,-0.652404,-0.754902],[0.0765546,0.751011,-0.655837]],[[0.994811,-0.10174,-0.000382448],[-0.0982922,-0.960109,-0.26178],[0.0262664,0.260459,-0.965128]]],"btipPosition":[38.918,247.16,26.3113],"carpPosition":[46.5323,306.379,80.0665],"dipPosition":[39.3987,251.927,8.64836],"direction":[-0.0765546,-0.751011,0.655837],"extended":false,"handId":655,"id":6552,"length":65.2561,"mcpPosition":[45.7427,313.943,12.5479],"pipPosition":[41.5188,272.725,-9.51413],"stabilizedTipPosition":[26.3377,260.601,52.3729],"timeVisible":0.831336,"tipPosition":[39.0895,248.705,21.9783],"tipVelocity":[31.128,-22.3669,-97.2967],"tool":false,"touchDistance":0.333333,"touchZone":"none","type":2,"width":18.501},{"bases":[[[0.975193,-0.188817,0.115531],[0.172304,0.975143,0.139309],[-0.138963,-0.115946,0.983486]],[[0.97273,-0.190732,0.13198],[0.200301,0.403872,-0.892618],[0.116948,0.894712,0.431062]],[[0.97273,-0.190732,0.13198],[-0.0359989,-0.686273,-0.726453],[0.229132,0.701891,-0.674424]],[[0.97273,-0.190732,0.13198],[-0.153175,-0.955539,-0.251959],[0.174168,0.224872,-0.958696]]],"btipPosition":[52.4931,251.267,35.9841],"carpPosition":[58.4553,306.153,79.0977],"dipPosition":[55.6623,255.359,18.5397],"direction":[-0.229132,-0.701891,0.674424],"extended":false,"handId":655,"id":6553,"length":62.7455,"mcpPosition":[66.9326,313.226,19.1014],"pipPosition":[61.8439,274.295,0.344831],"stabilizedTipPosition":[39.1383,263.778,63.8535],"timeVisible":0.831336,"tipPosition":[53.3676,252.495,31.2728],"tipVelocity":[27.8623,-16.7676,-89.2849],"tool":false,"touchDistance":0.333333,"touchZone":"none","type":3,"width":17.6048},{"bases":[[[0.91059,-0.359477,0.203966],[0.308926,0.919804,0.24192],[-0.274573,-0.15728,0.948616]],[[0.889729,-0.369372,0.268228],[0.409951,0.388066,-0.825436],[0.200803,0.844375,0.496698]],[[0.889729,-0.369372,0.268228],[-0.0406617,-0.649381,-0.759375],[0.454674,0.664732,-0.592793]],[[0.889729,-0.369372,0.268228],[-0.276685,-0.903717,-0.326711],[0.36308,0.21647,-0.906263]]],"btipPosition":[64.168,262.543,35.5164],"carpPosition":[70.333,299.033,79.6848],"dipPosition":[70.2629,266.177,20.3034],"direction":[-0.454674,-0.664732,0.592793],"extended":false,"handId":655,"id":6554,"length":49.1913,"mcpPosition":[85.8382,307.915,26.116],"pipPosition":[78.9235,278.839,9.0119],"stabilizedTipPosition":[43.4146,279.063,80.5951],"timeVisible":0.831336,"tipPosition":[65.9899,263.617,31.8532],"tipVelocity":[22.0547,-14.6759,-104.687],"tool":false,"touchDistance":0.333333,"touchZone":"none","type":4,"width":15.638}],"r":[[0.788687,0.600999,-0.129508],[-0.614553,0.764785,-0.193464],[-0.0172261,0.232172,0.972522]],"s":1.0555,"t":[74.7645,-85.7201,-175.984],"timestamp":523126011866},false],[4,{"currentFrameRate":108.451,"devices":[],"gestures":[],"hands":[{"armBasis":[[0.996759,0.0489457,-0.0638394],[-0.0461692,0.997952,0.0442654],[0.0658753,-0.0411745,0.996978]],"armWidth":62.0555,"confidence":0.774779,"direction":[0.00935857,0.257846,-0.966141],"elbow":[72.9878,283.602,348.193],"grabStrength":0,"id":655,"palmNormal":[0.0493169,-0.965126,-0.257098],"palmPosition":[48.9514,303.592,33.9882],"palmVelocity":[26.355,-13.649,-117.448],"palmWidth":88.6132,"pinchStrength":0.623262,"r":[[0.787558,0.602409,-0.129831],[-0.615997,0.763649,-0.19336],[-0.0173371,0.232258,0.9725]],"s":1.05692,"sphereCenter":[54.9906,266.77,5.41177],"sphereRadius":45.712,"stabilizedPalmPosition":[17.7062,338.243,119.448],"t":[75.0472,-85.7679,-176.984],"timeVisible":0.84038,"type":"right","wrist":[55.6661,294.428,86.0401]}],"id":4232104,"interactionBox":{"center":[0,200,0],"size":[235.247,235.247,147.751]},"pointables":[{"bases":[[[0.359606,0.931754,0.0501814],[-0.829487,0.29458,0.474525],[0.427358,-0.212267,0.87881]],[[0.233384,0.954683,-0.184693],[-0.942905,0.268603,0.196932],[0.237617,0.128187,0.962863]],[[0.233384,0.954683,-0.184693],[-0.971632,0.221485,-0.0829216],[-0.0382571,0.198806,0.979292]],[[0.233384,0.954683,-0.184693],[-0.912745,0.149586,-0.38016],[-0.335305,0.257301,0.906293]]],"btipPosition":[25.7864,263.464,-14.0303],"carpPosition":[28.4252,282.162,85.9519],"dipPosition":[18.1441,269.329,6.62621],"direction":[0.0382571,-0.198806,-0.979292],"extended":false,"handId":655,"id":6550,"length":50.755,"mcpPosition":[28.4252,282.162,85.9519],"pipPosition":[16.8737,275.93,39.1436],"stabilizedTipPosition":[8.70867,278.449,35.2821],"timeVisible":0.84038,"tipPosition":[24.5518,264.122,-9.05444],"tipVelocity":[35.2897,-14.2836,-120.44],"tool":false,"touchDistance":-0.473551,"touchZone":"touching","type":0,"width":19.721},{"bases":[[[0.986132,0.0878916,-0.140777],[-0.072278,0.991028,0.112429],[0.149396,-0.100694,0.983637]],[[0.996444,0.0766429,-0.0349938],[-0.0747563,0.995826,0.0523666],[0.0388613,-0.0495644,0.998015]],[[0.996444,0.0766429,-0.0349938],[-0.0809562,0.986017,-0.145657],[0.0233409,0.147972,0.988716]],[[0.996444,0.0766429,-0.0349938],[-0.0836007,0.95102,-0.297609],[0.0104702,0.299476,0.954046]]],"btipPosition":[22.3749,304.405,-70.4302],"carpPosition":[35.4284,303.583,80.9504],"dipPosition":[22.5491,309.388,-54.5555],"direction":[-0.0233409,-0.147972,-0.988716],"extended":true,"handId":655,"id":6551,"length":57.2714,"mcpPosition":[24.7245,310.797,10.475],"pipPosition":[23.0985,312.871,-31.2821],"stabilizedTipPosition":[8.01118,336.962,0.906128],"timeVisible":0.84038,"tipPosition":[22.989,304.981,-66.7739],"tipVelocity":[15.2334,-25.2649,-114.903],"tool":false,"touchDistance":-0.465356,"touchZone":"touching","type":1,"width":18.8375},{"bases":[[[0.995026,-0.0967631,-0.0236798],[0.0987775,0.989168,0.108578],[0.012917,-0.110377,0.993806]],[[0.995067,-0.0991919,-0.00159094],[0.0447533,0.46315,-0.885149],[0.0885365,0.880712,0.465304]],[[0.995067,-0.0991919,-0.00159094],[-0.0664853,-0.65489,-0.752794],[0.0736292,0.749187,-0.658254]],[[0.995067,-0.0991919,-0.00159094],[-0.0961681,-0.960547,-0.260961],[0.024357,0.259826,-0.965348]]],"btipPosition":[39.4025,246.981,25.4322],"carpPosition":[46.921,306.326,78.9025],"dipPosition":[39.8482,251.736,7.76523],"direction":[-0.0736292,-0.749187,0.658254],"extended":false,"handId":655,"id":6552,"length":65.2561,"mcpPosition":[46.0433,313.826,11.3778],"pipPosition":[41.8873,272.484,-10.4642],"stabilizedTipPosition":[26.3626,260.578,52.3143],"timeVisible":0.84038,"tipPosition":[39.5609,248.514,21.0357],"tipVelocity":[37.0703,-21.7385,-97.2986],"tool":false,"touchDistance":0.333333,"touchZone":"none","type":2,"width":18.501},{"bases":[[[0.975785,-0.186242,0.114708],[0.169977,0.975705,0.138234],[-0.137666,-0.115389,0.983734]],[[0.973371,-0.188128,0.130987],[0.197218,0.395964,-0.896838],[0.116854,0.898788,0.422522]],[[0.973371,-0.188128,0.130987],[-0.0365916,-0.691588,-0.721365],[0.226298,0.697362,-0.680055]],[[0.973371,-0.188128,0.130987],[-0.151547,-0.956818,-0.248059],[0.171998,0.221603,-0.959848]]],"btipPosition":[52.9222,251.214,35.3374],"carpPosition":[58.8435,306.13,77.9218],"dipPosition":[56.0519,255.246,17.8721],"direction":[-0.226298,-0.697362,0.680055],"extended":false,"handId":655,"id":6553,"length":62.7455,"mcpPosition":[67.2416,313.169,17.9103],"pipPosition":[62.157,274.06,-0.47468],"stabilizedTipPosition":[39.1588,263.762,63.8074],"timeVisible":0.84038,"tipPosition":[53.7938,252.401,30.5223],"tipVelocity":[32.9853,-14.1851,-84.5276],"tool":false,"touchDistance":0.333333,"touchZone":"none","type":3,"width":17.6048},{"bases":[[[0.911705,-0.356983,0.203366],[0.306843,0.920806,0.240756],[-0.273206,-0.157097,0.949041]],[[0.890457,-0.36706,0.268988],[0.408709,0.38515,-0.827416],[0.20011,0.846715,0.49298]],[[0.890457,-0.36706,0.268988],[-0.0397058,-0.651507,-0.757603],[0.453333,0.663932,-0.594713]],[[0.890457,-0.36706,0.268988],[-0.274521,-0.90471,-0.325789],[0.36294,0.216258,-0.90637]]],"btipPosition":[64.5494,262.478,34.4773],"carpPosition":[70.7398,299.04,78.5033],"dipPosition":[70.6419,266.108,19.2624],"direction":[-0.453333,-0.663932,0.594713],"extended":false,"handId":655,"id":6554,"length":49.1913,"mcpPosition":[86.1679,307.912,24.9104],"pipPosition":[79.2769,278.755,7.93441],"stabilizedTipPosition":[43.4236,279.057,80.5753],"timeVisible":0.84038,"tipPosition":[66.374,263.547,30.7821],"tipVelocity":[27.5837,-12.6355,-107.515],"tool":false,"touchDistance":0.333333,"touchZone":"none","type":4,"width":15.638}],"r":[[0.787558,0.602409,-0.129831],[-0.615997,0.763649,-0.19336],[-0.0173371,0.232258,0.9725]],"s":1.05692,"t":[75.0472,-85.7679,-176.984],"timestamp":523126020910},false],[5,{"currentFrameRate":108.506,"devices":[],"gestures":[],"hands":[{"armBasis":[[0.996401,0.0544173,-0.0649839],[-0.05197,0.997896,0.0387757],[0.0669572,-0.0352589,0.997133]],"armWidth":62.0555,"confidence":0.764671,"direction":[0.00771116,0.25918,-0.965798],"elbow":[73.6174,284.68,346.773],"grabStrength":0,"id":655,"palmNormal":[0.0550305,-0.964473,-0.258385],"palmPosition":[49.236,303.144,32.5412],"palmVelocity":[27.705,-23.4913,-128.905],"palmWidth":88.6132,"pinchStrength":0.61663,"r":[[0.78593,0.604506,-0.129946],[-0.618062,0.762054,-0.193061],[-0.0176809,0.232047,0.972544]],"s":1.05866,"sphereCenter":[55.2101,266.45,3.94972],"sphereRadius":45.6555,"stabilizedPalmPosition":[17.7119,338.237,119.432],"t":[75.3308,-86.0157,-178.207],"timeVisible":0.849497,"type":"right","wrist":[56.0112,293.952,84.5801]}],"id":4232105,"interactionBox":{"center":[0,200,0],"size":[235.247,235.247,147.751]},"pointables":[{"bases":[[[0.354059,0.93381,0.0513797],[-0.83117,0.289007,0.475006],[0.428717,-0.210886,0.878481]],[[0.227948,0.956324,-0.182988],[-0.944802,0.262674,0.195836],[0.235349,0.128247,0.963412]],[[0.227948,0.956324,-0.182988],[-0.972959,0.216526,-0.0804195],[-0.0372854,0.196372,0.97982]],[[0.227948,0.956324,-0.182988],[-0.914119,0.145474,-0.378449],[-0.335299,0.25354,0.907354]]],"btipPosition":[26.2829,262.99,-15.572],"carpPosition":[28.8438,281.523,84.4786],"dipPosition":[18.6406,268.768,5.10865],"direction":[0.0372854,-0.196372,-0.97982],"extended":false,"handId":655,"id":6550,"length":50.755,"mcpPosition":[28.8438,281.523,84.4786],"pipPosition":[17.4026,275.289,37.6436],"stabilizedTipPosition":[8.71733,278.441,35.2568],"timeVisible":0.849497,"tipPosition":[25.0394,263.641,-10.5828],"tipVelocity":[40.6108,-25.376,-133.781],"tool":false,"touchDistance":-0.477572,"touchZone":"touching","type":0,"width":19.721},{"bases":[[[0.985575,0.0939465,-0.140767],[-0.0781622,0.99043,0.113752],[0.150107,-0.101109,0.983486]],[[0.995914,0.0827479,-0.036158],[-0.0807602,0.995305,0.0533515],[0.040403,-0.0502134,0.997921]],[[0.995914,0.0827479,-0.036158],[-0.0872038,0.985272,-0.147087],[0.0234544,0.149639,0.988462]],[[0.995914,0.0827479,-0.036158],[-0.0898079,0.949459,-0.30077],[0.00944251,0.302788,0.953011]]],"btipPosition":[22.5642,303.777,-71.8379],"carpPosition":[35.7187,302.992,79.5048],"dipPosition":[22.7213,308.815,-55.9805],"direction":[-0.0234544,-0.149639,-0.988462],"extended":true,"handId":655,"id":6551,"length":57.2714,"mcpPosition":[24.9639,310.236,9.04013],"pipPosition":[23.2734,312.337,-32.713],"stabilizedTipPosition":[8.01493,336.953,0.888363],"timeVisible":0.849497,"tipPosition":[23.1729,304.456,-68.1962],"tipVelocity":[16.6501,-36.9872,-125.989],"tool":false,"touchDistance":-0.468329,"touchZone":"touching","type":1,"width":18.8375},{"bases":[[[0.995581,-0.0908073,-0.0239164],[0.0929008,0.989594,0.109881],[0.0136895,-0.111617,0.993657]],[[0.99564,-0.0932571,-0.00190346],[0.0414594,0.460729,-0.886572],[0.0835561,0.882628,0.462587]],[[0.99564,-0.0932571,-0.00190346],[-0.0628954,-0.656141,-0.752013],[0.0688816,0.748854,-0.659146]],[[0.99564,-0.0932571,-0.00190346],[-0.0904957,-0.960811,-0.262018],[0.0226062,0.261048,-0.965061]]],"btipPosition":[40.0209,246.443,24.1461],"carpPosition":[47.1946,305.807,77.4593],"dipPosition":[40.4346,251.22,6.48439],"direction":[-0.0688816,-0.748854,0.659146],"extended":false,"handId":655,"id":6552,"length":65.2561,"mcpPosition":[46.2644,313.39,9.94472],"pipPosition":[42.3422,271.959,-11.7697],"stabilizedTipPosition":[26.3879,260.554,52.2551],"timeVisible":0.849497,"tipPosition":[40.1668,247.97,19.6892],"tipVelocity":[45.3855,-31.9366,-109.412],"tool":false,"touchDistance":0.333333,"touchZone":"none","type":2,"width":18.501},{"bases":[[[0.976889,-0.180583,0.114354],[0.164182,0.976515,0.139511],[-0.136862,-0.117512,0.983595]],[[0.974493,-0.182501,0.130602],[0.193495,0.388487,-0.900909],[0.11368,0.903201,0.413891]],[[0.974493,-0.182501,0.130602],[-0.0345533,-0.697035,-0.716204],[0.221742,0.693423,-0.685562]],[[0.974493,-0.182501,0.130602],[-0.14666,-0.958387,-0.24492],[0.169865,0.219519,-0.960707]]],"btipPosition":[53.4475,250.849,34.4409],"carpPosition":[59.118,305.682,76.477],"dipPosition":[56.5383,254.843,16.9599],"direction":[-0.221742,-0.693423,0.685562],"extended":false,"handId":655,"id":6553,"length":62.7455,"mcpPosition":[67.467,312.851,16.474],"pipPosition":[62.5206,273.551,-1.53541],"stabilizedTipPosition":[39.1798,263.745,63.7607],"timeVisible":0.849497,"tipPosition":[54.3188,251.993,29.4992],"tipVelocity":[39.5499,-21.6404,-88.4711],"tool":false,"touchDistance":0.333333,"touchZone":"none","type":3,"width":17.6048},{"bases":[[[0.913837,-0.351819,0.202792],[0.301385,0.922296,0.241946],[-0.272156,-0.15998,0.948861]],[[0.892205,-0.362291,0.269658],[0.406278,0.383063,-0.829579],[0.197253,0.84971,0.488962]],[[0.892205,-0.362291,0.269658],[-0.0368854,-0.653535,-0.755997],[0.450122,0.664557,-0.596451]],[[0.892205,-0.362291,0.269658],[-0.26936,-0.906121,-0.326174],[0.362513,0.218379,-0.906033]]],"btipPosition":[64.9733,262.113,33.1977],"carpPosition":[71.0563,298.663,77.0478],"dipPosition":[71.0586,265.779,17.9886],"direction":[-0.450122,-0.664557,0.596451],"extended":false,"handId":655,"id":6554,"length":49.1913,"mcpPosition":[86.425,307.698,23.4651],"pipPosition":[79.6325,278.437,6.62743],"stabilizedTipPosition":[43.4316,279.051,80.5576],"timeVisible":0.849497,"tipPosition":[66.8026,263.186,29.4359],"tipVelocity":[32.7835,-19.9874,-116.59],"tool":false,"touchDistance":0.333333,"touchZone":"none","type":4,"width":15.638}],"r":[[0.78593,0.604506,-0.129946],[-0.618062,0.762054,-0.193061],[-0.0176809,0.232047,0.972544]],"s":1.05866,"t":[75.3308,-86.0157,-178.207],"timestamp":523126030027},false],[6,{"currentFrameRate":108.619,"devices":[],"gestures":[],"hands":[{"armBasis":[[0.996009,0.0599409,-0.0661332],[-0.0576585,0.997691,0.0358992],[0.0681323,-0.0319428,0.997165]],"armWidth":62.0555,"confidence":0.762443,"direction":[0.00545235,0.261243,-0.965258],"elbow":[74.3221,285.209,345.754],"grabStrength":0,"id":655,"palmNormal":[0.0604483,-0.963593,-0.260451],"palmPosition":[49.538,302.87,31.5383],"palmVelocity":[29.308,-25.3953,-124.095],"palmWidth":88.6132,"pinchStrength":0.606365,"r":[[0.783897,0.607149,-0.129903],[-0.620628,0.760132,-0.192406],[-0.0180759,0.231448,0.972679]],"s":1.06048,"sphereCenter":[55.4832,266.305,2.89672],"sphereRadius":45.6093,"stabilizedPalmPosition":[17.7173,338.231,119.418],"t":[75.6237,-86.2765,-179.32],"timeVisible":0.8585,"type":"right","wrist":[56.4069,293.608,83.5526]}],"id":4232106,"interactionBox":{"center":[0,200,0],"size":[235.247,235.247,147.751]},"pointables":[{"bases":[[[0.348653,0.935748,0.0530697],[-0.832471,0.283163,0.476246],[0.430619,-0.210223,0.877709]],[[0.222523,0.958043,-0.180659],[-0.946462,0.256736,0.195694],[0.233865,0.12744,0.963881]],[[0.222523,0.958043,-0.180659],[-0.974297,0.211863,-0.076553],[-0.0350661,0.19305,0.980562]],[[0.222523,0.958043,-0.180659],[-0.91564,0.141738,-0.376182],[-0.334793,0.249128,0.908763]]],"btipPosition":[26.7383,262.739,-16.6843],"carpPosition":[29.3123,281.022,83.4457],"dipPosition":[19.1076,268.417,4.02842],"direction":[0.0350661,-0.19305,-0.980562],"extended":false,"handId":655,"id":6550,"length":50.755,"mcpPosition":[29.3123,281.022,83.4457],"pipPosition":[17.9433,274.827,36.588],"stabilizedTipPosition":[8.72642,278.433,35.2305],"timeVisible":0.8585,"tipPosition":[25.4958,263.378,-11.6819],"tipVelocity":[43.4324,-26.7695,-130.746],"tool":false,"touchDistance":-0.474722,"touchZone":"touching","type":0,"width":19.721},{"bases":[[[0.984902,0.0999831,-0.141322],[-0.0838429,0.989717,0.115891],[0.151456,-0.102292,0.983157]],[[0.995332,0.0887555,-0.0378912],[-0.0866099,0.994726,0.0549408],[0.0425677,-0.0514026,0.99777]],[[0.995332,0.0887555,-0.0378912],[-0.0934253,0.984591,-0.147828],[0.0241868,0.150678,0.988287]],[[0.995332,0.0887555,-0.0378912],[-0.0960835,0.948073,-0.303191],[0.00901372,0.305417,0.952176]]],"btipPosition":[22.7064,303.392,-72.783],"carpPosition":[36.0582,302.541,78.5118],"dipPosition":[22.8564,308.474,-56.9395],"direction":[-0.0241868,-0.150678,-0.988287],"extended":true,"handId":655,"id":6551,"length":57.2714,"mcpPosition":[25.2068,309.87,8.07073],"pipPosition":[23.4257,312.021,-33.6761],"stabilizedTipPosition":[8.01877,336.945,0.870088],"timeVisible":0.8585,"tipPosition":[23.3091,304.173,-69.1551],"tipVelocity":[16.3645,-38.2576,-120.315],"tool":false,"touchDistance":-0.464053,"touchZone":"touching","type":1,"width":18.8375},{"bases":[[[0.996075,-0.0849536,-0.0248665],[0.087219,0.989886,0.111887],[0.0151098,-0.113617,0.99341]],[[0.996164,-0.0874575,-0.00278395],[0.0375981,0.456548,-0.888904],[0.0790124,0.88539,0.458085]],[[0.996164,-0.0874575,-0.00278395],[-0.0599193,-0.658619,-0.750087],[0.0637672,0.747376,-0.661334]],[[0.996164,-0.0874575,-0.00278395],[-0.0851221,-0.961213,-0.262345],[0.020268,0.261575,-0.96497]]],"btipPosition":[40.6434,246.1,23.4373],"carpPosition":[47.5159,305.427,76.4634],"dipPosition":[41.0144,250.887,5.77728],"direction":[-0.0637672,-0.747377,0.661334],"extended":false,"handId":655,"id":6552,"length":65.2561,"mcpPosition":[46.4893,313.146,8.96567],"pipPosition":[42.7803,271.585,-12.5374],"stabilizedTipPosition":[26.4158,260.528,52.1911],"timeVisible":0.8585,"tipPosition":[40.7739,247.611,18.8728],"tipVelocity":[51.6115,-33.5453,-100.972],"tool":false,"touchDistance":0.333333,"touchZone":"none","type":2,"width":18.501},{"bases":[[[0.978013,-0.175126,0.11323],[0.158598,0.97716,0.141435],[-0.135413,-0.120368,0.983451]],[[0.975658,-0.177078,0.129361],[0.189896,0.387164,-0.902244],[0.109684,0.904846,0.411366]],[[0.975658,-0.177078,0.129361],[-0.0317705,-0.697803,-0.715585],[0.216983,0.694056,-0.686443]],[[0.975658,-0.177078,0.129361],[-0.14139,-0.958859,-0.246168],[0.16763,0.221885,-0.960556]]],"btipPosition":[54.023,250.583,33.5754],"carpPosition":[59.439,305.374,75.4718],"dipPosition":[57.0732,254.62,16.0972],"direction":[-0.216983,-0.694056,0.686443],"extended":false,"handId":655,"id":6553,"length":62.7455,"mcpPosition":[67.6997,312.717,15.4776],"pipPosition":[62.9271,273.345,-2.42194],"stabilizedTipPosition":[39.2023,263.727,63.7112],"timeVisible":0.8585,"tipPosition":[54.8831,251.73,28.6172],"tipVelocity":[45.9613,-23.5074,-90.5565],"tool":false,"touchDistance":0.333333,"touchZone":"none","type":3,"width":17.6048},{"bases":[[[0.916028,-0.346912,0.201356],[0.296194,0.923528,0.243651],[-0.270483,-0.163551,0.948731]],[[0.893987,-0.357865,0.269667],[0.403437,0.380921,-0.831948],[0.195003,0.852544,0.484914]],[[0.893987,-0.357865,0.269667],[-0.0349093,-0.655604,-0.754297],[0.446731,0.664918,-0.598594]],[[0.893987,-0.357865,0.269667],[-0.264798,-0.907406,-0.326339],[0.361483,0.220336,-0.90597]]],"btipPosition":[65.4004,261.938,32.3552],"carpPosition":[71.4185,298.424,76.0188],"dipPosition":[71.4685,265.636,17.1471],"direction":[-0.446731,-0.664918,0.598594],"extended":false,"handId":655,"id":6554,"length":49.1913,"mcpPosition":[86.6928,307.659,22.4434],"pipPosition":[79.9778,278.302,5.74515],"stabilizedTipPosition":[43.4392,279.046,80.5408],"timeVisible":0.8585,"tipPosition":[67.2319,263.007,28.52],"tipVelocity":[36.6881,-19.6233,-110.262],"tool":false,"touchDistance":0.333333,"touchZone":"none","type":4,"width":15.638}],"r":[[0.783897,0.607149,-0.129903],[-0.620628,0.760132,-0.192406],[-0.0180759,0.231448,0.972679]],"s":1.06048,"t":[75.6237,