{"sensorType":"Leap","data":[[0,{"currentFrameRate":100.427,"devices":[],"gestures":[],"hands":[{"armBasis":[[0.983203,0.133103,-0.124879],[-0.125372,0.989785,0.0678839],[0.132639,-0.0510873,0.989847]],"armWidth":63.42,"confidence":0.72323,"direction":[0.127143,0.246186,-0.960847],"elbow":[81.8871,305.758,362.408],"grabStrength":0,"id":656,"palmNormal":[0.148,-0.962573,-0.227045],"palmPosition":[46.2718,327.719,42.5854],"palmVelocity":[49.0766,-16.0509,-165.468],"palmWidth":90.5616,"pinchStrength":0.771539,"r":[[0.998784,0.0312997,0.038102],[-0.0299286,0.998902,-0.0360392],[-0.0391882,0.034855,0.998624]],"s":0.929934,"sphereCenter":[48.1279,291.086,13.7538],"sphereRadius":44.594,"stabilizedPalmPosition":[5.63639,332.526,148.557],"t":[44.5376,-4.76104,-114.768],"timeVisible":0.316266,"type":"right","wrist":[46.2431,319.486,96.408]}],"id":4232507,"interactionBox":{"center":[0,200,0],"size":[235.247,235.247,147.751]},"pointables":[{"bases":[[[0.287098,0.954597,0.0794911],[-0.905133,0.243184,0.348705],[0.313542,-0.172062,0.933856]],[[0.161377,0.955383,-0.247389],[-0.983223,0.177242,0.0431055],[0.0850299,0.236282,0.967957]],[[0.161377,0.955383,-0.247389],[-0.973938,0.113691,-0.196262],[-0.15938,0.272614,0.948831]],[[0.161377,0.955383,-0.247389],[-0.8189,-0.0102689,-0.573844],[-0.550781,0.295192,0.780706]]],"btipPosition":[33.5861,277.219,-5.74088],"carpPosition":[19.5725,305.085,92.7336],"dipPosition":[20.7565,284.095,12.4444],"direction":[0.15938,-0.272614,-0.948831],"extended":false,"handId":656,"id":6560,"length":51.871,"mcpPosition":[19.5725,305.085,92.7336],"pipPosition":[15.348,293.346,44.643],"stabilizedTipPosition":[-12.9786,278.859,103.331],"timeVisible":0.316266,"tipPosition":[30.4466,277.823,-1.18045],"tipVelocity":[52.5355,-3.36329,-159.127],"tool":false,"touchDistance":-0.371575,"touchZone":"hovering","type":0,"width":20.1547},{"bases":[[[0.988205,0.153065,-0.00476272],[-0.152198,0.985101,0.0800679],[0.0169473,-0.0783986,0.996778]],[[0.988348,0.151874,0.0101535],[-0.150572,0.98528,-0.0809368],[-0.0222963,0.0784649,0.996668]],[[0.988348,0.151874,0.0101535],[-0.144922,0.959308,-0.242334],[-0.0465446,0.238039,0.97014]],[[0.988348,0.151874,0.0101535],[-0.138032,0.922384,-0.360771],[-0.0641572,0.355165,0.932599]]],"btipPosition":[27.8425,317.969,-66.6081],"carpPosition":[25.9194,327.35,88.194],"dipPosition":[26.7515,324.009,-50.7491],"direction":[0.0465446,-0.238039,-0.97014],"extended":true,"handId":656,"id":6561,"length":58.5306,"mcpPosition":[24.6784,333.09,15.2067],"pipPosition":[25.6318,329.735,-27.4109],"stabilizedTipPosition":[-13.4133,320.561,44.7806],"timeVisible":0.316266,"tipPosition":[28.1536,318.199,-62.6554],"tipVelocity":[40.612,-8.80456,-171.606],"tool":false,"touchDistance":-0.466048,"touchZone":"hovering","type":1,"width":19.2517},{"bases":[[[0.992779,-0.0291281,0.11637],[0.0174698,0.994837,0.0999747],[-0.118681,-0.0972197,0.988161]],[[0.990506,-0.0308562,0.133963],[0.130039,0.526373,-0.840251],[-0.0445877,0.849694,0.525388]],[[0.990506,-0.0308562,0.133963],[0.0653815,-0.751477,-0.656511],[0.120928,0.659037,-0.742325]],[[0.990506,-0.0308562,0.133963],[-0.0302408,-0.999521,-0.00662627],[0.134104,0.00251219,-0.990964]]],"btipPosition":[42.0815,278.209,33.4096],"carpPosition":[37.6321,330.921,87.6875],"dipPosition":[44.5897,278.256,14.8751],"direction":[-0.120928,-0.659037,0.742325],"extended":false,"handId":656,"id":6562,"length":66.6909,"mcpPosition":[45.8732,337.671,19.0701],"pipPosition":[48.0122,296.909,-6.13459],"stabilizedTipPosition":[-0.259419,290.296,146.716],"timeVisible":0.316266,"tipPosition":[42.4786,278.937,30.7943],"tipVelocity":[53.2536,-41.5333,-224.519],"tool":false,"touchDistance":0.333333,"touchZone":"none","type":2,"width":18.9078},{"bases":[[[0.960332,-0.118029,0.252648],[0.0845625,0.986607,0.139483],[-0.265727,-0.112585,0.957452]],[[0.967657,-0.114703,0.224684],[0.251684,0.499616,-0.828878],[-0.017181,0.858619,0.512326]],[[0.967657,-0.114703,0.224684],[0.0587528,-0.763691,-0.642903],[0.245333,0.635311,-0.732251]],[[0.967657,-0.114703,0.224684],[-0.112942,-0.993386,-0.0207221],[0.225575,-0.00532429,-0.974211]]],"btipPosition":[56.1958,282.956,44.2168],"carpPosition":[49.824,331.537,88.3861],"dipPosition":[60.3906,282.857,26.1003],"direction":[-0.245333,-0.635311,0.732251],"extended":false,"handId":656,"id":6563,"length":64.1251,"mcpPosition":[66.3908,338.556,28.6938],"pipPosition":[67.1548,300.374,5.91101],"stabilizedTipPosition":[14.3161,292.66,155.414],"timeVisible":0.316266,"tipPosition":[56.9556,283.608,41.4233],"tipVelocity":[50.2155,-32.8627,-187.649],"tool":false,"touchDistance":0.333333,"touchZone":"none","type":3,"width":17.9919},{"bases":[[[0.895861,-0.291649,0.335222],[0.209089,0.94239,0.261118],[-0.392064,-0.163834,0.905231]],[[0.887558,-0.294976,0.353878],[0.457703,0.477185,-0.750202],[0.0524263,0.827819,0.558541]],[[0.887558,-0.294976,0.353878],[0.0200406,-0.74269,-0.669335],[0.46026,0.601166,-0.653269]],[[0.887558,-0.294976,0.353878],[-0.275469,-0.955497,-0.105557],[0.369266,-0.00379409,-0.929316]]],"btipPosition":[67.7164,293.828,47.5735],"carpPosition":[62.2293,325.144,90.8129],"dipPosition":[74.0514,293.763,31.6305],"direction":[-0.46026,-0.601166,0.653269],"extended":false,"handId":656,"id":6564,"length":50.2729,"mcpPosition":[84.8561,334.599,38.57],"pipPosition":[83.0111,305.466,18.9135],"stabilizedTipPosition":[27.6724,300.874,154.704],"timeVisible":0.316266,"tipPosition":[69.1911,294.264,45.1877],"tipVelocity":[43.6123,-26.4214,-191.598],"tool":false,"touchDistance":0.333333,"touchZone":"none","type":4,"width":15.9818}],"r":[[0.998784,0.0312997,0.038102],[-0.0299286,0.998902,-0.0360392],[-0.0391882,0.034855,0.998624]],"s":0.929934,"t":[44.5376,-4.76104,-114.768],"timestamp":523130104881},false],[1,{"currentFrameRate":100.949,"devices":[],"gestures":[],"hands":[{"armBasis":[[0.984432,0.125965,-0.12258],[-0.117857,0.990466,0.0713172],[0.130395,-0.0557601,0.989893]],"armWidth":63.42,"confidence":0.733065,"direction":[0.12801,0.243888,-0.961318],"elbow":[81.7551,303.87,360.418],"grabStrength":0,"id":656,"palmNormal":[0.139826,-0.964049,-0.225961],"palmPosition":[46.7462,327.016,40.5718],"palmVelocity":[50.2349,-33.1709,-182.036],"palmWidth":90.5616,"pinchStrength":0.775877,"r":[[0.998836,0.0289848,0.0385653],[-0.0275017,0.998882,-0.0384471],[-0.0396366,0.0373417,0.998516]],"s":0.927976,"sphereCenter":[47.7008,290.437,11.6846],"sphereRadius":44.5873,"stabilizedPalmPosition":[5.65928,332.523,148.497],"t":[44.9825,-5.11894,-116.526],"timeVisible":0.325159,"type":"right","wrist":[46.7143,318.854,94.4051]}],"id":4232508,"interactionBox":{"center":[0,200,0],"size":[235.247,235.247,147.751]},"pointables":[{"bases":[[[0.295015,0.952312,0.0779029],[-0.90269,0.251056,0.349459],[0.313236,-0.173418,0.933708]],[[0.169706,0.954034,-0.247022],[-0.981737,0.185529,0.0420804],[0.0859758,0.235369,0.968096]],[[0.169706,0.954034,-0.247022],[-0.973468,0.123242,-0.192799],[-0.153493,0.273187,0.949636]],[[0.169706,0.954034,-0.247022],[-0.81817,-0.00333486,-0.574967],[-0.549362,0.299681,0.779995]]],"btipPosition":[33.6558,276.722,-7.71102],"carpPosition":[19.922,304.667,90.7812],"dipPosition":[20.8593,283.703,10.4577],"direction":[0.153493,-0.273187,-0.949636],"extended":false,"handId":656,"id":6560,"length":51.871,"mcpPosition":[19.922,304.667,90.7812],"pipPosition":[15.6505,292.974,42.6837],"stabilizedTipPosition":[-12.9423,278.858,103.242],"timeVisible":0.325159,"tipPosition":[30.5075,277.355,-3.15783],"tipVelocity":[40.6181,-16.8914,-176.208],"tool":false,"touchDistance":-0.39236,"touchZone":"hovering","type":0,"width":20.1547},{"bases":[[[0.989421,0.144944,-0.00613378],[-0.144015,0.98642,0.0789604],[0.0174953,-0.0772417,0.996859]],[[0.989568,0.143866,0.00760317],[-0.142832,0.986613,-0.0786997],[-0.0188236,0.0767928,0.996869]],[[0.989568,0.143866,0.00760317],[-0.137831,0.960773,-0.24066],[-0.0419277,0.237102,0.97058]],[[0.989568,0.143866,0.00760317],[-0.131536,0.923764,-0.359664],[-0.0587669,0.354911,0.933051]]],"btipPosition":[27.9777,317.506,-68.63],"carpPosition":[26.4459,326.873,86.2049],"dipPosition":[26.9784,323.542,-52.7634],"direction":[0.0419277,-0.237102,-0.97058],"extended":true,"handId":656,"id":6561,"length":58.5306,"mcpPosition":[25.1648,332.529,13.2117],"pipPosition":[25.9697,329.245,-29.4145],"stabilizedTipPosition":[-13.3957,320.561,44.7337],"timeVisible":0.325159,"tipPosition":[28.3038,317.736,-64.681],"tipVelocity":[34.3495,-20.594,-186.706],"tool":false,"touchDistance":-0.478079,"touchZone":"hovering","type":1,"width":19.2517},{"bases":[[[0.992645,-0.0371228,0.115232],[0.0257508,0.994789,0.0986533],[-0.118293,-0.0949604,0.988428]],[[0.990359,-0.0388233,0.132975],[0.13336,0.52693,-0.839381],[-0.0374812,0.849021,0.527027]],[[0.990359,-0.0388233,0.132975],[0.0591636,-0.74943,-0.659434],[0.125257,0.660944,-0.739908]],[[0.990359,-0.0388233,0.132975],[-0.0377971,-0.999233,-0.0102337],[0.133271,0.00510898,-0.991067]]],"btipPosition":[42.1615,277.409,31.2383],"carpPosition":[38.1869,330.347,85.6799],"dipPosition":[44.6541,277.504,12.7019],"direction":[-0.125257,-0.660944,0.739908],"extended":false,"handId":656,"id":6562,"length":66.6909,"mcpPosition":[46.4011,336.941,17.044],"pipPosition":[48.1992,296.21,-8.23935],"stabilizedTipPosition":[-0.232823,290.288,146.642],"timeVisible":0.325159,"tipPosition":[42.5667,278.139,28.5865],"tipVelocity":[41.1148,-54.3766,-229.87],"tool":false,"touchDistance":0.333333,"touchZone":"none","type":2,"width":18.9078},{"bases":[[[0.959633,-0.125577,0.251664],[0.0928209,0.98606,0.138093],[-0.265497,-0.109159,0.957912]],[[0.966964,-0.122343,0.223638],[0.25475,0.495329,-0.830513],[-0.00916735,0.860047,0.510132]],[[0.966964,-0.122343,0.223638],[0.0515323,-0.765375,-0.641518],[0.249652,0.631849,-0.733785]],[[0.966964,-0.122343,0.223638],[-0.121066,-0.992454,-0.0194663],[0.224332,-0.00825167,-0.974478]]],"btipPosition":[56.2894,282.156,42.31],"carpPosition":[50.3843,330.864,86.3633],"dipPosition":[60.4611,282.003,24.1886],"direction":[-0.249652,-0.631849,0.733785],"extended":false,"handId":656,"id":6563,"length":64.1251,"mcpPosition":[66.9367,337.67,26.6422],"pipPosition":[67.3444,299.424,3.95698],"stabilizedTipPosition":[14.3454,292.653,155.334],"timeVisible":0.325159,"tipPosition":[57.0646,282.78,39.4387],"tipVelocity":[39.2655,-48.7642,-194.958],"tool":false,"touchDistance":0.333333,"touchZone":"none","type":3,"width":17.9919},{"bases":[[[0.893838,-0.298555,0.334541],[0.217126,0.940981,0.259638],[-0.392313,-0.159437,0.905909]],[[0.882623,-0.302859,0.359519],[0.466465,0.469571,-0.749609],[0.0582063,0.829325,0.555727]],[[0.882623,-0.302859,0.359519],[0.0165376,-0.744321,-0.667617],[0.469791,0.5952,-0.651946]],[[0.882623,-0.302859,0.359519],[-0.283751,-0.952999,-0.106197],[0.374784,-0.00828185,-0.927075]]],"btipPosition":[67.7574,292.943,45.54],"carpPosition":[62.7396,324.372,88.7837],"dipPosition":[74.1871,292.801,29.6354],"direction":[-0.469791,-0.5952,0.651946],"extended":false,"handId":656,"id":6564,"length":50.2729,"mcpPosition":[85.3808,333.574,36.5017],"pipPosition":[83.3324,304.388,16.9442],"stabilizedTipPosition":[27.6913,300.87,154.653],"timeVisible":0.325159,"tipPosition":[69.3091,293.345,43.1006],"tipVelocity":[33.6776,-46.8244,-201.403],"tool":false,"touchDistance":0.333333,"touchZone":"none","type":4,"width":15.9818}],"r":[[0.998836,0.0289848,0.0385653],[-0.0275017,0.998882,-0.0384471],[-0.0396366,0.0373417,0.998516]],"s":0.927976,"t":[44.9825,-5.11894,-116.526],"timestamp":523130113774},false],[2,{"currentFrameRate":101.294,"devices":[],"gestures":[],"hands":[{"armBasis":[[0.984883,0.122275,-0.122693],[-0.113899,0.990797,0.0731315],[0.130506,-0.0580514,0.989747]],"armWidth":63.42,"confidence":0.742993,"direction":[0.129868,0.24262,-0.961389],"elbow":[81.978,302.94,359.204],"grabStrength":0,"id":656,"palmNormal":[0.135712,-0.964825,-0.225155],"palmPosition":[47.0188,326.664,39.3918],"palmVelocity":[44.4604,-34.5992,-166.95],"palmWidth":90.5616,"pinchStrength":0.771181,"r":[[0.998891,0.0262493,0.0390976],[-0.0246629,0.998874,-0.0405205],[-0.0401172,0.0395113,0.998413]],"s":0.92693,"sphereCenter":[47.0996,290.243,10.4222],"sphereRadius":44.5781,"stabilizedPalmPosition":[5.68062,332.52,148.44],"t":[45.3413,-5.47409,-117.995],"timeVisible":0.334367,"type":"right","wrist":[46.9073,318.541,93.231]}],"id":4232509,"interactionBox":{"center":[0,200,0],"size":[235.247,235.247,147.751]},"pointables":[{"bases":[[[0.299192,0.951044,0.0774562],[-0.901844,0.255327,0.348549],[0.311709,-0.174136,0.934085]],[[0.175157,0.9535,-0.245272],[-0.981002,0.190126,0.038552],[0.0833921,0.23386,0.968687]],[[0.175157,0.9535,-0.245272],[-0.972889,0.129414,-0.191673],[-0.151018,0.272196,0.950317]],[[0.175157,0.9535,-0.245272],[-0.814923,0.000616099,-0.579569],[-0.552468,0.301394,0.777137]]],"btipPosition":[33.9055,276.595,-8.88251],"carpPosition":[20.055,304.471,89.5956],"dipPosition":[21.0366,283.615,9.21965],"direction":[0.151018,-0.272196,-0.950317],"extended":false,"handId":656,"id":6560,"length":51.871,"mcpPosition":[20.055,304.471,89.5956],"pipPosition":[15.9118,292.852,41.4687],"stabilizedTipPosition":[-12.913,278.858,103.17],"timeVisible":0.334367,"tipPosition":[30.6986,277.237,-4.35733],"tipVelocity":[36.3327,-15.7653,-162.961],"tool":false,"touchDistance":-0.39926,"touchZone":"hovering","type":0,"width":20.1547},{"bases":[[[0.990061,0.140531,-0.00543919],[-0.139682,0.987109,0.0781347],[0.0163494,-0.0765983,0.996928]],[[0.990188,0.139561,0.00704363],[-0.13865,0.987507,-0.0748785],[-0.0174057,0.0731672,0.997168]],[[0.990188,0.139561,0.00704363],[-0.133927,0.96219,-0.237177],[-0.0398779,0.233907,0.971441]],[[0.990188,0.139561,0.00704363],[-0.127897,0.925433,-0.356675],[-0.0562962,0.352275,0.934202]]],"btipPosition":[28.1452,317.507,-69.8844],"carpPosition":[26.6814,326.644,85.0087],"dipPosition":[27.1879,323.497,-53.9982],"direction":[0.0398779,-0.233907,-0.971441],"extended":true,"handId":656,"id":6561,"length":58.5306,"mcpPosition":[25.4843,332.253,12.0104],"pipPosition":[26.2285,329.124,-30.6286],"stabilizedTipPosition":[-13.382,320.56,44.6967],"timeVisible":0.334367,"tipPosition":[28.4776,317.706,-65.9311],"tipVelocity":[30.1184,-15.1239,-172.437],"tool":false,"touchDistance":-0.477352,"touchZone":"hovering","type":1,"width":19.2517},{"bases":[[[0.992377,-0.0414608,0.11606],[0.030103,0.994735,0.0979586],[-0.11951,-0.0937181,0.9884]],[[0.990071,-0.0431365,0.133784],[0.136509,0.522078,-0.841903],[-0.0335288,0.851806,0.522783]],[[0.990071,-0.0431365,0.133784],[0.0558972,-0.752442,-0.656282],[0.128974,0.657244,-0.74256]],[[0.990071,-0.0431365,0.133784],[-0.04244,-0.999067,-0.00805453],[0.134006,0.00229677,-0.990978]]],"btipPosition":[42.1887,277.064,30.328],"carpPosition":[38.4382,330.065,84.4906],"dipPosition":[44.6951,277.107,11.7932],"direction":[-0.128974,-0.657244,0.74256],"extended":false,"handId":656,"id":6562,"length":66.6909,"mcpPosition":[46.7369,336.573,15.8566],"pipPosition":[48.3454,295.709,-9.22308],"stabilizedTipPosition":[-0.209203,290.28,146.576],"timeVisible":0.334367,"tipPosition":[42.6219,277.745,27.482],"tipVelocity":[30.5278,-49.9889,-193.183],"tool":false,"touchDistance":0.333333,"touchZone":"none","type":2,"width":18.9078},{"bases":[[[0.958861,-0.129669,0.252529],[0.0971018,0.985736,0.137458],[-0.266751,-0.107282,0.957776]],[[0.966241,-0.126481,0.224456],[0.25758,0.49286,-0.831109],[-0.00550564,0.860867,0.508801]],[[0.966241,-0.126481,0.224456],[0.0484535,-0.766447,-0.640478],[0.253042,0.629732,-0.734444]],[[0.966241,-0.126481,0.224456],[-0.125509,-0.991917,-0.0186552],[0.225001,-0.0101457,-0.974306]]],"btipPosition":[56.3518,281.761,41.2129],"carpPosition":[50.6372,330.529,85.1835],"dipPosition":[60.5359,281.572,23.0947],"direction":[-0.253042,-0.629732,0.734444],"extended":false,"handId":656,"id":6563,"length":64.1251,"mcpPosition":[67.2678,337.217,25.4709],"pipPosition":[67.5126,298.935,2.8449],"stabilizedTipPosition":[14.372,292.646,155.261],"timeVisible":0.334367,"tipPosition":[57.1409,282.36,38.2853],"tipVelocity":[30.2556,-47.3793,-173.714],"tool":false,"touchDistance":0.333333,"touchZone":"none","type":3,"width":17.9919},{"bases":[[[0.89223,-0.302292,0.335477],[0.221107,0.940192,0.259136],[-0.393747,-0.157033,0.905706]],[[0.878038,-0.307556,0.366686],[0.474813,0.463718,-0.748009],[0.060016,0.830888,0.553194]],[[0.878038,-0.307556,0.366686],[0.0169989,-0.745653,-0.666117],[0.478289,0.59111,-0.649484]],[[0.878038,-0.307556,0.366686],[-0.288202,-0.951467,-0.107934],[0.382086,-0.0109097,-0.924063]]],"btipPosition":[67.7077,292.485,44.3761],"carpPosition":[62.9615,323.984,87.6185],"dipPosition":[74.2627,292.298,28.5232],"direction":[-0.478289,-0.59111,0.649484],"extended":false,"handId":656,"id":6564,"length":50.2729,"mcpPosition":[85.6855,333.046,35.3483],"pipPosition":[83.5734,303.805,15.8799],"stabilizedTipPosition":[27.7082,300.867,154.606],"timeVisible":0.334367,"tipPosition":[69.3382,292.861,41.8834],"tipVelocity":[23.6159,-47.9509,-180.046],"tool":false,"touchDistance":0.333333,"touchZone":"none","type":4,"width":15.9818}],"r":[[0.998891,0.0262493,0.0390976],[-0.0246629,0.998874,-0.0405205],[-0.0401172,0.0395113,0.998413]],"s":0.92693,"t":[45.3413,-5.47409,-117.995],"timestamp":523130122982},false],[3,{"currentFrameRate":101.793,"devices":[],"gestures":[],"hands":[{"armBasis":[[0.985654,0.12157,-0.117076],[-0.11285,0.99051,0.0784557],[0.125503,-0.0641182,0.990019]],"armWidth":63.42,"confidence":0.752029,"direction":[0.131119,0.238869,-0.962159],"elbow":[80.7408,301.611,358.38],"grabStrength":0,"id":656,"palmNormal":[0.133471,-0.965955,-0.221622],"palmPosition":[47.1827,326.772,38.4659],"palmVelocity":[37.4197,-21.9161,-150.008],"palmWidth":90.5616,"pinchStrength":0.770333,"r":[[0.998935,0.0235947,0.039646],[-0.0218901,0.99884,-0.042893],[-0.0406121,0.0419795,0.998293]],"s":0.926343,"sphereCenter":[46.4795,290.407,9.5131],"sphereRadius":44.5844,"stabilizedPalmPosition":[5.698,332.518,148.394],"t":[45.6027,-5.59765,-119.193],"timeVisible":0.343232,"type":"right","wrist":[47.0146,318.841,92.3335]}],"id":4232510,"interactionBox":{"center":[0,200,0],"size":[235.247,235.247,147.751]},"pointables":[{"bases":[[[0.301496,0.95057,0.0742716],[-0.901443,0.258801,0.347019],[0.310645,-0.171577,0.934912]],[[0.178866,0.952664,-0.245843],[-0.980567,0.193079,0.0347758],[0.0805968,0.234845,0.968686]],[[0.178866,0.952664,-0.245843],[-0.97269,0.133656,-0.189764],[-0.147923,0.273071,0.950553]],[[0.178866,0.952664,-0.245843],[-0.811151,0.00137497,-0.584835],[-0.556813,0.304023,0.773]]],"btipPosition":[34.1156,276.809,-9.65976],"carpPosition":[20.13,304.825,88.7299],"dipPosition":[21.1455,283.891,8.34605],"direction":[0.147923,-0.273071,-0.950553],"extended":false,"handId":656,"id":6560,"length":51.871,"mcpPosition":[20.13,304.825,88.7299],"pipPosition":[16.1257,293.157,40.6031],"stabilizedTipPosition":[-12.8911,278.858,103.116],"timeVisible":0.343232,"tipPosition":[30.8597,277.453,-5.16362],"tipVelocity":[32.1954,-4.51407,-143.23],"tool":false,"touchDistance":-0.399658,"touchZone":"hovering","type":0,"width":20.1547},{"bases":[[[0.99041,0.138058,-0.0052619],[-0.137287,0.987724,0.0745211],[0.0154855,-0.073084,0.997206]],[[0.990522,0.137231,0.00590535],[-0.136418,0.987856,-0.0743673],[-0.0160391,0.0728569,0.997213]],[[0.990522,0.137231,0.00590535],[-0.131932,0.962482,-0.237114],[-0.0382231,0.234088,0.971464]],[[0.990522,0.137231,0.00590535],[-0.126096,0.925519,-0.357091],[-0.0544693,0.352961,0.934051]]],"btipPosition":[28.2122,317.568,-70.8448],"carpPosition":[26.8145,326.965,84.0685],"dipPosition":[27.2859,323.57,-54.9611],"direction":[0.0382231,-0.234088,-0.971464],"extended":true,"handId":656,"id":6561,"length":58.5306,"mcpPosition":[25.6806,332.317,11.0499],"pipPosition":[26.3664,329.201,-31.591],"stabilizedTipPosition":[-13.3721,320.56,44.67],"timeVisible":0.343232,"tipPosition":[28.5531,317.765,-66.892],"tipVelocity":[24.2217,-9.07773,-155.079],"tool":false,"touchDistance":-0.472365,"touchZone":"hovering","type":1,"width":19.2517},{"bases":[[[0.992192,-0.0435047,0.116886],[0.032503,0.995,0.094434],[-0.12041,-0.0898975,0.988645]],[[0.989869,-0.0451126,0.134627],[0.138408,0.518064,-0.844069],[-0.0316673,0.854152,0.519059]],[[0.989869,-0.0451126,0.134627],[0.0544419,-0.755116,-0.653326],[0.131133,0.654037,-0.74501]],[[0.989869,-0.0451126,0.134627],[-0.0448847,-0.998981,-0.00472948],[0.134704,-0.00136114,-0.990885]]],"btipPosition":[42.2296,277.136,29.6129],"carpPosition":[38.58,330.355,83.5463],"dipPosition":[44.7491,277.11,11.0799],"direction":[-0.131133,-0.654037,0.74501],"extended":false,"handId":656,"id":6562,"length":66.6909,"mcpPosition":[46.9412,336.598,14.8953],"pipPosition":[48.4604,295.621,-10.0058],"stabilizedTipPosition":[-0.190661,290.275,146.524],"timeVisible":0.343232,"tipPosition":[42.6735,277.791,26.7051],"tipVelocity":[23.5961,-34.7349,-162.669],"tool":false,"touchDistance":0.333333,"touchZone":"none","type":2,"width":18.9078},{"bases":[[[0.958366,-0.131142,0.253646],[0.0994526,0.985977,0.134011],[-0.267664,-0.103206,0.957969]],[[0.965781,-0.128069,0.225532],[0.259339,0.487185,-0.833903],[-0.00307845,0.863857,0.503727]],[[0.965781,-0.128069,0.225532],[0.0464899,-0.770011,-0.636335],[0.255157,0.625045,-0.737708]],[[0.965781,-0.128069,0.225532],[-0.128119,-0.991653,-0.0144776],[0.225504,-0.0149127,-0.974128]]],"btipPosition":[56.3755,281.854,40.5756],"carpPosition":[50.7797,330.791,84.2459],"dipPosition":[60.569,281.577,22.4606],"direction":[-0.255157,-0.625045,0.737708],"extended":false,"handId":656,"id":6563,"length":64.1251,"mcpPosition":[67.4672,337.225,24.5212],"pipPosition":[67.6041,298.81,2.12087],"stabilizedTipPosition":[14.393,292.641,155.203],"timeVisible":0.343232,"tipPosition":[57.187,282.407,37.5385],"tipVelocity":[22.8473,-32.314,-146.089],"tool":false,"touchDistance":0.333333,"touchZone":"none","type":3,"width":17.9919},{"bases":[[[0.891251,-0.303303,0.337163],[0.223262,0.940559,0.255936],[-0.394748,-0.152827,0.90599]],[[0.872919,-0.309766,0.376906],[0.484194,0.455474,-0.747061],[0.0597431,0.834619,0.547579]],[[0.872919,-0.309766,0.376906],[0.0195274,-0.749757,-0.661425],[0.487475,0.584731,-0.648428]],[[0.872919,-0.309766,0.376906],[-0.291463,-0.950659,-0.106283],[0.391232,-0.0170772,-0.920134]]],"btipPosition":[67.5639,292.582,43.5635],"carpPosition":[63.0861,324.224,86.7127],"dipPosition":[74.2758,292.289,27.778],"direction":[-0.487475,-0.584731,0.648428],"extended":false,"handId":656,"id":6564,"length":50.2729,"mcpPosition":[85.8678,333.044,34.426],"pipPosition":[83.7653,303.672,15.1552],"stabilizedTipPosition":[27.7211,300.864,154.571],"timeVisible":0.343232,"tipPosition":[69.2927,292.907,41.0118],"tipVelocity":[13.9206,-32.746,-155.612],"tool":false,"touchDistance":0.333333,"touchZone":"none","type":4,"width":15.9818}],"r":[[0.998935,0.0235947,0.039646],[-0.0218901,0.99884,-0.042893],[-0.0406121,0.0419795,0.998293]],"s":0.926343,"t":[45.6027,-5.59765,-119.193],"timestamp":523130131847},false],[4,{"currentFrameRate":102.043,"devices":[],"gestures":[],"hands":[{"armBasis":[[0.985675,0.123265,-0.115109],[-0.114423,0.990164,0.0805199],[0.123902,-0.0661954,0.990084]],"armWidth":63.42,"confidence":0.76346,"direction":[0.131364,0.237597,-0.96244],"elbow":[80.4391,301.147,357.516],"grabStrength":0,"id":656,"palmNormal":[0.134551,-0.966143,-0.220146],"palmPosition":[47.3304,326.789,37.573],"palmVelocity":[31.3177,-15.2129,-134.677],"palmWidth":90.5616,"pinchStrength":0.770614,"r":[[0.998957,0.0216839,0.0401831],[-0.0198667,0.998786,-0.0450833],[-0.0411119,0.044238,0.998175]],"s":0.925844,"sphereCenter":[46.0187,290.508,8.56452],"sphereRadius":44.5977,"stabilizedPalmPosition":[5.71278,332.516,148.355],"t":[45.8072,-5.65111,-120.238],"timeVisible":0.352552,"type":"right","wrist":[47.1431,318.936,91.4521]}],"id":4232511,"interactionBox":{"center":[0,200,0],"size":[235.247,235.247,147.751]},"pointables":[{"bases":[[[0.300506,0.950979,0.0730357],[-0.901877,0.258402,0.346189],[0.310346,-0.169901,0.935318]],[[0.179048,0.952895,-0.244813],[-0.980815,0.192383,0.0314871],[0.0771017,0.234478,0.969059]],[[0.179048,0.952895,-0.244813],[-0.972944,0.134565,-0.187807],[-0.146017,0.271815,0.951207]],[[0.179048,0.952895,-0.244813],[-0.807472,0.000167691,-0.589905],[-0.562077,0.303301,0.769466]]],"btipPosition":[34.4915,276.949,-10.4927],"carpPosition":[20.2744,304.888,87.8555],"dipPosition":[21.3988,284.014,7.43084],"direction":[0.146017,-0.271815,-0.951207],"extended":false,"handId":656,"id":6560,"length":51.871,"mcpPosition":[20.2744,304.888,87.8555],"pipPosition":[16.4437,293.238,39.7101],"stabilizedTipPosition":[-12.8723,278.858,103.07],"timeVisible":0.352552,"tipPosition":[31.1802,277.589,-6.02884],"tipVelocity":[33.6432,0.910629,-128.571],"tool":false,"touchDistance":-0.400803,"touchZone":"hovering","type":0,"width":20.1547},{"bases":[[[0.990274,0.139043,-0.00496641],[-0.138315,0.987694,0.0730108],[0.0150569,-0.0716137,0.997319]],[[0.990374,0.138331,0.00486409],[-0.137619,0.98783,-0.07248],[-0.0148311,0.071113,0.997358]],[[0.990374,0.138331,0.00486409],[-0.133304,0.962671,-0.235573],[-0.0372694,0.232657,0.971845]],[[0.990374,0.138331,0.00486409],[-0.127556,0.925752,-0.355966],[-0.053744,0.351919,0.934486]]],"btipPosition":[28.2812,317.65,-71.7792],"carpPosition":[26.939,327.028,83.1651],"dipPosition":[27.3673,323.634,-55.8882],"direction":[0.0372694,-0.232657,-0.971844],"extended":true,"handId":656,"id":6561,"length":58.5306,"mcpPosition":[25.8365,332.272,10.1383],"pipPosition":[26.4707,329.231,-32.5089],"stabilizedTipPosition":[-13.3647,320.559,44.6498],"timeVisible":0.352552,"tipPosition":[28.6313,317.851,-67.8291],"tipVelocity":[19.5509,-4.15237,-139.524],"tool":false,"touchDistance":-0.467453,"touchZone":"hovering","type":1,"width":19.2517},{"bases":[[[0.992176,-0.042339,0.117447],[0.0314582,0.995169,0.0929983],[-0.120817,-0.088576,0.988715]],[[0.989847,-0.0439226,0.135181],[0.13831,0.51685,-0.844829],[-0.0327611,0.854949,0.517677]],[[0.989847,-0.0439226,0.135181],[0.0555191,-0.756029,-0.652179],[0.130846,0.653063,-0.745915]],[[0.989847,-0.0439226,0.135181],[-0.043869,-0.999032,-0.00337694],[0.135198,-0.0025876,-0.990815]]],"btipPosition":[42.4306,277.13,28.7962],"carpPosition":[38.7014,330.429,82.6439],"dipPosition":[44.9593,277.082,10.2645],"direction":[-0.130846,-0.653063,0.745915],"extended":false,"handId":656,"id":6562,"length":66.6909,"mcpPosition":[47.0909,336.58,13.988],"pipPosition":[48.6626,295.565,-10.8468],"stabilizedTipPosition":[-0.175091,290.27,146.48],"timeVisible":0.352552,"tipPosition":[42.8774,277.774,25.8675],"tipVelocity":[23.0868,-25.245,-141.437],"tool":false,"touchDistance":0.333333,"touchZone":"none","type":2,"width":18.9078},{"bases":[[[0.958369,-0.129811,0.254318],[0.0983969,0.98627,0.132622],[-0.268042,-0.102077,0.957984]],[[0.965818,-0.126761,0.226112],[0.25919,0.485676,-0.834829],[-0.00399328,0.864899,0.50193]],[[0.965818,-0.126761,0.226112],[0.0474782,-0.771018,-0.635041],[0.254835,0.62407,-0.738645]],[[0.965818,-0.126761,0.226112],[-0.127054,-0.991806,-0.0133203],[0.225948,-0.0158635,-0.97401]]],"btipPosition":[56.561,281.869,39.7812],"carpPosition":[50.9003,330.878,83.3489],"dipPosition":[60.7628,281.574,21.6685],"direction":[-0.254835,-0.62407,0.738645],"extended":false,"handId":656,"id":6563,"length":64.1251,"mcpPosition":[67.6114,337.242,23.6233],"pipPosition":[67.789,298.781,1.30289],"stabilizedTipPosition":[14.4106,292.637,155.154],"timeVisible":0.352552,"tipPosition":[57.3799,282.407,36.7019],"tipVelocity":[22.0715,-22.8471,-128.862],"tool":false,"touchDistance":0.333333,"touchZone":"none","type":3,"width":17.9919},{"bases":[[[0.891385,-0.301917,0.338052],[0.22219,0.941155,0.254675],[-0.39505,-0.151901,0.906014]],[[0.869106,-0.30957,0.385773],[0.491473,0.452561,-0.744072],[0.0557567,0.836274,0.545469]],[[0.869106,-0.30957,0.385773],[0.0254518,-0.750906,-0.659919],[0.49397,0.583358,-0.644738]],[[0.869106,-0.30957,0.385773],[-0.290681,-0.950701,-0.108033],[0.400199,-0.0182443,-0.916247]]],"btipPosition":[67.5674,292.62,42.6166],"carpPosition":[63.212,324.327,85.8315],"dipPosition":[74.433,292.307,26.8978],"direction":[-0.49397,-0.583358,0.644738],"extended":false,"handId":656,"id":6564,"length":50.2729,"mcpPosition":[86.0112,333.094,33.5435],"pipPosition":[84.049,303.663,14.3469],"stabilizedTipPosition":[27.7311,300.862,154.543],"timeVisible":0.352552,"tipPosition":[69.3756,292.921,40.0473],"tipVelocity":[11.1604,-22.4708,-139.87],"tool":false,"touchDistance":0.333333,"touchZone":"none","type":4,"width":15.9818}],"r":[[0.998957,0.0216839,0.0401831],[-0.0198667,0.998786,-0.0450833],[-0.0411119,0.044238,0.998175]],"s":0.925844,"t":[45.8072,-5.65111,-120.238],"timestamp":523130141167},false],[5,{"currentFrameRate":102.574,"devices":[],"gestures":[],"hands":[{"armBasis":[[0.984615,0.127868,-0.119091],[-0.118709,0.989612,0.0810924],[0.128223,-0.0657076,0.989566]],"armWidth":63.42,"confidence":0.770612,"direction":[0.131043,0.238645,-0.962225],"elbow":[81.8131,301.265,356.089],"grabStrength":0,"id":656,"palmNormal":[0.138811,-0.96545,-0.22054],"palmPosition":[47.5485,326.803,36.2892],"palmVelocity":[29.6162,-10.6881,-137.962],"palmWidth":90.5616,"pinchStrength":0.770041,"r":[[0.998948,0.0210006,0.0407621],[-0.0190889,0.998725,-0.0467358],[-0.0416916,0.0459086,0.998075]],"s":0.925589,"sphereCenter":[45.8332,290.643,7.185],"sphereRadius":44.6153,"stabilizedPalmPosition":[5.72382,332.514,148.325],"t":[46.0185,-5.67046,-121.402],"timeVisible":0.361289,"type":"right","wrist":[47.3559,318.922,90.1641]}],"id":4232512,"interactionBox":{"center":[0,200,0],"size":[235.247,235.247,147.751]},"pointables":[{"bases":[[[0.296412,0.95221,0.0737355],[-0.903214,0.254393,0.345672],[0.310394,-0.16906,0.935454]],[[0.176088,0.954143,-0.242084],[-0.981682,0.188391,0.0284569],[0.0727582,0.232638,0.969838]],[[0.176088,0.954143,-0.242084],[-0.973433,0.132218,-0.18694],[-0.14636,0.26857,0.952076]],[[0.176088,0.954143,-0.242084],[-0.803707,-0.00264203,-0.595019],[-0.568372,0.29934,0.766386]]],"btipPosition":[35.1409,277.117,-11.8036],"carpPosition":[20.5497,304.762,86.541],"dipPosition":[21.9016,284.09,6.04818],"direction":[0.14636,-0.26857,-0.952076],"extended":false,"handId":656,"id":6560,"length":51.871,"mcpPosition":[20.5497,304.762,86.541],"pipPosition":[16.9349,293.204,38.3569],"stabilizedTipPosition":[-12.8561,278.858,103.03],"timeVisible":0.361289,"tipPosition":[31.7609,277.74,-7.37536],"tipVelocity":[43.5026,5.1677,-134.825],"tool":false,"touchDistance":-0.408967,"touchZone":"hovering","type":0,"width":20.1547},{"bases":[[[0.989678,0.14325,-0.00418341],[-0.142561,0.98706,0.0734135],[0.0146458,-0.0720593,0.997293]],[[0.989768,0.142619,0.00447305],[-0.141963,0.987404,-0.0698553],[-0.0143794,0.0685055,0.997547]],[[0.989768,0.142619,0.00447305],[-0.13765,0.962599,-0.233358],[-0.0375872,0.230355,0.972381]],[[0.989768,0.142619,0.00447305],[-0.131808,0.925842,-0.354179],[-0.0546541,0.349965,0.935167]]],"btipPosition":[28.4997,317.787,-73.1083],"carpPosition":[27.1236,326.933,81.8667],"dipPosition":[27.5703,323.738,-57.2057],"direction":[0.0375872,-0.230355,-0.972381],"extended":true,"handId":656,"id":6561,"length":58.5306,"mcpPosition":[26.0512,332.209,8.84174],"pipPosition":[26.6661,329.28,-33.8135],"stabilizedTipPosition":[-13.3595,320.559,44.6355],"timeVisible":0.361289,"tipPosition":[28.8564,318.004,-69.1638],"tipVelocity":[20.9028,0.940149,-142.815],"tool":false,"touchDistance":-0.468937,"touchZone":"hovering","type":1,"width":19.2517},{"bases":[[[0.992263,-0.0381849,0.118139],[0.0271643,0.995246,0.0935269],[-0.121149,-0.0895941,0.988583]],[[0.989934,-0.0397829,0.135821],[0.136727,0.516653,-0.845208],[-0.0365474,0.85527,0.516891]],[[0.989934,-0.0397829,0.135821],[0.0590778,-0.755912,-0.652002],[0.128607,0.653463,-0.745953]],[[0.989934,-0.0397829,0.135821],[-0.0395959,-0.999207,-0.00407916],[0.135875,-0.00133984,-0.990725]]],"btipPosition":[42.8564,277.106,27.5543],"carpPosition":[38.8718,330.384,81.3557],"dipPosition":[45.3977,277.08,9.02424],"direction":[-0.128607,-0.653463,0.745953],"extended":false,"handId":656,"id":6562,"length":66.6909,"mcpPosition":[47.2844,336.605,12.709],"pipPosition":[49.0377,295.575,-12.0881],"stabilizedTipPosition":[-0.16293,290.266,146.445],"timeVisible":0.361289,"tipPosition":[43.3114,277.738,24.5487],"tipVelocity":[30.0424,-19.0698,-141.616],"tool":false,"touchDistance":0.333333,"touchZone":"none","type":2,"width":18.9078},{"bases":[[[0.958729,-0.12587,0.254941],[0.0941118,0.986611,0.133195],[-0.268293,-0.103705,0.957739]],[[0.966264,-0.122739,0.226428],[0.257477,0.482025,-0.837471],[-0.00635365,0.867518,0.497365]],[[0.966264,-0.122739,0.226428],[0.0497999,-0.773518,-0.631815],[0.252695,0.621776,-0.74131]],[[0.966264,-0.122739,0.226428],[-0.123285,-0.992301,-0.0117853],[0.226132,-0.0165275,-0.973957]]],"btipPosition":[56.9051,281.936,38.7927],"carpPosition":[51.0682,330.884,82.0697],"dipPosition":[61.1103,281.629,20.681],"direction":[-0.252695,-0.621776,0.74131],"extended":false,"handId":656,"id":6563,"length":64.1251,"mcpPosition":[67.7949,337.35,22.3594],"pipPosition":[68.0775,298.772,0.24193],"stabilizedTipPosition":[14.4241,292.633,155.116],"timeVisible":0.361289,"tipPosition":[57.7581,282.426,35.5159],"tipVelocity":[26.7306,-14.7621,-124.644],"tool":false,"touchDistance":0.333333,"touchZone":"none","type":3,"width":17.9919},{"bases":[[[0.892416,-0.298301,0.33854],[0.218008,0.941959,0.255313],[-0.395051,-0.154041,0.905652]],[[0.866528,-0.307181,0.393407],[0.49673,0.453557,-0.739963],[0.0488702,0.836616,0.545606]],[[0.866528,-0.307181,0.393407],[0.033892,-0.750157,-0.660391],[0.497977,0.58558,-0.639621]],[[0.866528,-0.307181,0.393407],[-0.286478,-0.951522,-0.111966],[0.408729,-0.0156813,-0.912521]]],"btipPosition":[67.7792,292.702,41.1955],"carpPosition":[63.4058,324.385,84.5578],"dipPosition":[74.7912,292.433,25.5406],"direction":[-0.497977,-0.58558,0.639621],"extended":false,"handId":656,"id":6564,"length":50.2729,"mcpPosition":[86.2051,333.275,32.2906],"pipPosition":[84.4852,303.832,13.0893],"stabilizedTipPosition":[27.738,300.861,154.523],"timeVisible":0.361289,"tipPosition":[69.6529,292.997,38.6221],"tipVelocity":[15.6965,-13.6388,-145.521],"tool":false,"touchDistance":0.333333,"touchZone":"none","type":4,"width":15.9818}],"r":[[0.998948,0.0210006,0.0407621],[-0.0190889,0.998725,-0.0467358],[-0.0416916,0.0459086,0.998075]],"s":0.925589,"t":[46.0185,-5.67046,-121.402],"timestamp":523130149904},false],[6,{"currentFrameRate":102.915,"devices":[],"gestures":[],"hands":[{"armBasis":[[0.98424,0.128754,-0.121215],[-0.119715,0.989649,0.0791441],[0.130151,-0.0633856,0.989466]],"armWidth":63.42,"confidence":0.774923,"direction":[0.13022,0.238962,-0.962258],"elbow":[82.5293,301.877,355.126],"grabStrength":0,"id":656,"palmNormal":[0.140038,-0.965225,-0.220748],"palmPosition":[47.7081,326.799,35.3543],"palmVelocity":[26.2959,-7.87189,-128.327],"palmWidth":90.5616,"pinchStrength":0.768933,"r":[[0.998939,0.0207308,0.0411247],[-0.018748,0.99867,-0.0480271],[-0.0420657,0.0472051,0.997999]],"s":0.925429,"sphereCenter":[45.5206,290.737,6.16626],"sphereRadius":44.6381,"stabilizedPalmPosition":[5.73279,332.513,148.301],"t":[46.2039,-5.6824,-122.452],"timeVisible":0.370357,"type":"right","wrist":[47.554,318.91,89.2282]}],"id":4232513,"interactionBox":{"center":[0,200,0],"size":[235.247,235.247,147.751]},"pointables":[{"bases":[[[0.295128,0.95261,0.0737191],[-0.903389,0.25309,0.346169],[0.311106,-0.168761,0.935271]],[[0.175432,0.954738,-0.240205],[-0.981917,0.187318,0.0273907],[0.0711456,0.231057,0.970336]],[[0.175432,0.954738,-0.240205],[-0.973827,0.132472,-0.184694],[-0.144514,0.26632,0.95299]],[[0.175432,0.954738,-0.240205],[-0.801814,-0.0030111,-0.597567],[-0.571243,0.297432,0.764994]]],"btipPosition":[35.4411,277.268,-12.7511],"carpPosition":[20.7656,304.713,85.6168],"dipPosition":[22.135,284.196,5.06824],"direction":[0.144514,-0.26632,-0.95299],"extended":false,"handId":656,"id":6560,"length":51.871,"mcpPosition":[20.7656,304.713,85.6168],"pipPosition":[17.2309,293.234,37.408],"stabilizedTipPosition":[-12.8408,278.858,102.992],"timeVisible":0.370357,"tipPosition":[32.0383,277.883,-8.34095],"tipVelocity":[40.1614,8.01019,-126.67],"tool":false,"touchDistance":-0.410728,"touchZone":"hovering","type":0,"width":20.1547},{"bases":[[[0.989476,0.144624,-0.00466861],[-0.143893,0.986851,0.0736263],[0.0152553,-0.0721797,0.997275]],[[0.989561,0.144091,0.00264365],[-0.143587,0.98734,-0.0673986],[-0.0123217,0.0663155,0.997723]],[[0.989561,0.144091,0.00264365],[-0.139584,0.962852,-0.231154],[-0.0358526,0.228372,0.972913]],[[0.989561,0.144091,0.00264365],[-0.133932,0.926259,-0.352287],[-0.0532099,0.348255,0.935888]]],"btipPosition":[28.4835,317.927,-74.064],"carpPosition":[27.3063,326.893,80.9423],"dipPosition":[27.5787,323.849,-58.1491],"direction":[0.0358526,-0.228372,-0.972914],"extended":true,"handId":656,"id":6561,"length":58.5306,"mcpPosition":[26.1893,332.179,7.91862],"pipPosition":[26.7162,329.343,-34.7441],"stabilizedTipPosition":[-13.3556,320.559,44.6249],"timeVisible":0.370357,"tipPosition":[28.8564,318.158,-70.1247],"tipVelocity":[14.8058,4.74149,-132.388],"tool":false,"touchDistance":-0.46467,"touchZone":"hovering","type":1,"width":19.2517},{"bases":[[[0.992375,-0.0368249,0.117627],[0.0258314,0.99527,0.0936542],[-0.12052,-0.0899016,0.988632]],[[0.990064,-0.0384247,0.135265],[0.135576,0.516102,-0.845729],[-0.0373139,0.855665,0.516184]],[[0.990064,-0.0384247,0.135265],[0.0597088,-0.756036,-0.6518],[0.127311,0.653401,-0.74623]],[[0.990064,-0.0384247,0.135265],[-0.038184,-0.999261,-0.00437428],[0.135333,-0.000834151,-0.9908]]],"btipPosition":[43.074,277.077,26.6641],"carpPosition":[39.0495,330.361,80.4257],"dipPosition":[45.6052,277.062,8.1327],"direction":[-0.127311,-0.653401,0.74623],"extended":false,"handId":656,"id":6562,"length":66.6909,"mcpPosition":[47.4183,336.604,11.7756],"pipPosition":[49.2084,295.555,-12.9875],"stabilizedTipPosition":[-0.152537,290.263,146.416],"timeVisible":0.370357,"tipPosition":[43.5334,277.698,23.5969],"tipVelocity":[28.2994,-14.5916,-129.618],"tool":false,"touchDistance":0.333333,"touchZone":"none","type":2,"width":18.9078},{"bases":[[[0.959033,-0.124575,0.254433],[0.092811,0.986722,0.133286],[-0.267659,-0.104212,0.957861]],[[0.966558,-0.121426,0.225878],[0.256344,0.482426,-0.837588],[-0.00726437,0.86748,0.49742]],[[0.966558,-0.121426,0.225878],[0.05063,-0.773106,-0.632253],[0.251399,0.622546,-0.741104]],[[0.966558,-0.121426,0.225878],[-0.121756,-0.992481,-0.0125217],[0.2257,-0.0153991,-0.974075]]],"btipPosition":[57.1272,281.921,37.8431],"carpPosition":[51.2455,330.878,81.1336],"dipPosition":[61.3243,281.635,19.7292],"direction":[-0.251399,-0.622546,0.741104],"extended":false,"handId":656,"id":6563,"length":64.1251,"mcpPosition":[67.9327,337.375,21.4157],"pipPosition":[68.2558,298.799,-0.704194],"stabilizedTipPosition":[14.4354,292.631,155.085],"timeVisible":0.370357,"tipPosition":[57.9807,282.411,34.5487],"tipVelocity":[26.0555,-10.9924,-119.154],"tool":false,"touchDistance":0.333333,"touchZone":"none","type":3,"width":17.9919},{"bases":[[[0.893002,-0.297111,0.338042],[0.216832,0.942225,0.255335],[-0.394374,-0.154717,0.905832]],[[0.863684,-0.307072,0.399695],[0.50182,0.449644,-0.738916],[0.0471798,0.838766,0.542445]],[[0.863684,-0.307072,0.399695],[0.0370526,-0.752168,-0.657929],[0.502669,0.583053,-0.638258]],[[0.863684,-0.307072,0.399695],[-0.286264,-0.951529,-0.112449],[0.414852,-0.0172978,-0.909725]]],"btipPosition":[67.7909,292.753,40.2785],"carpPosition":[63.5934,324.395,83.6145],"dipPosition":[74.9079,292.456,24.6716],"direction":[-0.502669,-0.583053,0.638258],"extended":false,"handId":656,"id":6564,"length":50.2729,"mcpPosition":[86.3536,333.324,31.3369],"pipPosition":[84.6932,303.806,12.2468],"stabilizedTipPosition":[27.7431,300.86,154.509],"timeVisible":0.370357,"tipPosition":[69.736,293.015,37.6329],"tipVelocity":[12.4501,-8.51136,-132.915],"tool":false,"touchDistance":0.333333,"touchZone":"none","type":4,"width":15.9818}],"r":[[0.998939,0.0207308,0.0411247],