{"sensorType":"Leap","data":[[0,{"currentFrameRate":109.671,"devices":[],"gestures":[],"hands":[{"armBasis":[[0.987168,0.0680387,-0.144465],[-0.0811994,0.992872,-0.0872439],[0.137499,0.0978548,0.985656]],"armWidth":63.6733,"confidence":0.763077,"direction":[0.13616,0.294848,-0.945793],"elbow":[82.316,335.046,360.202],"grabStrength":0.0346212,"id":661,"palmNormal":[0.140435,-0.950788,-0.276188],"palmPosition":[45.7019,319.725,40.7406],"palmVelocity":[3.38832,-7.12066,-65.6164],"palmWidth":90.9233,"pinchStrength":0.521993,"r":[[0.984726,0.173993,-0.00646593],[-0.172772,0.971866,-0.160081],[-0.0215691,0.158753,0.987083]],"s":0.806197,"sphereCenter":[51.8614,281.704,11.8334],"sphereRadius":45.3546,"stabilizedPalmPosition":[31.6534,308.744,78.0152],"t":[77.9621,-20.6643,-219.802],"timeVisible":1.15644,"type":"right","wrist":[45.2185,308.645,94.2698]}],"id":4234512,"interactionBox":{"center":[0,200,0],"size":[235.247,235.247,147.751]},"pointables":[{"bases":[[[0.295585,0.94626,0.131231],[-0.90519,0.233507,0.355113],[0.305386,-0.223755,0.925567]],[[0.188032,0.969353,-0.158109],[-0.978378,0.198983,0.0564115],[0.0861438,0.144084,0.985809]],[[0.188032,0.969353,-0.158109],[-0.96486,0.152225,-0.214181],[-0.183549,0.192826,0.963913]],[[0.188032,0.969353,-0.158109],[-0.752242,0.0386321,-0.657754],[-0.631488,0.242615,0.736452]]],"btipPosition":[35.0565,275.232,-9.58152],"carpPosition":[18.3316,294.663,89.6557],"dipPosition":[20.2882,280.906,7.64148],"direction":[0.183549,-0.192826,-0.963913],"extended":false,"handId":661,"id":6610,"length":52.0782,"mcpPosition":[18.3316,294.663,89.6557],"pipPosition":[14.0346,287.476,40.4826],"stabilizedTipPosition":[21.7883,273.994,7.95505],"timeVisible":1.15644,"tipPosition":[30.4054,277.1,-6.34474],"tipVelocity":[79.8358,15.6851,-80.0662],"tool":false,"touchDistance":-0.436829,"touchZone":"hovering","type":0,"width":20.2352},{"bases":[[[0.989622,0.14337,0.00963997],[-0.143395,0.981015,0.130569],[0.00926276,-0.130596,0.991392]],[[0.98961,0.143536,0.0083788],[-0.143244,0.98927,-0.0287575],[-0.0124166,0.0272585,0.999551]],[[0.98961,0.143536,0.0083788],[-0.125677,0.891845,-0.434532],[-0.0698437,0.428964,0.900618]],[[0.98961,0.143536,0.0083788],[-0.0974103,0.712176,-0.69521],[-0.105755,0.68717,0.718758]]],"btipPosition":[28.2918,303.499,-63.5021],"carpPosition":[24.9473,317.161,86.3163],"dipPosition":[26.4863,315.231,-51.2306],"direction":[0.0698437,-0.428964,-0.900618],"extended":true,"handId":661,"id":6611,"length":58.7644,"mcpPosition":[24.2663,326.762,13.4334],"pipPosition":[24.7994,325.591,-29.4783],"stabilizedTipPosition":[26.9777,299.176,-54.1299],"timeVisible":1.15644,"tipPosition":[27.9483,304.662,-59.6058],"tipVelocity":[12.2543,142.933,-132.706],"tool":false,"touchDistance":0.333333,"touchZone":"hovering","type":1,"width":19.3286},{"bases":[[[0.991623,-0.0449456,0.121091],[0.0262147,0.988025,0.152053],[-0.126475,-0.147605,0.980927]],[[0.991998,-0.0445034,0.118153],[0.126208,0.323545,-0.937758],[0.00350545,0.945165,0.326573]],[[0.991998,-0.0445034,0.118153],[0.0676873,-0.602513,-0.795234],[0.106579,0.796868,-0.594679]],[[0.991998,-0.0445034,0.118153],[0.0172441,-0.879292,-0.475971],[0.125074,0.4742,-0.871488]]],"btipPosition":[40.0149,253.87,35.2187],"carpPosition":[36.7435,320.651,86.0721],"dipPosition":[42.3636,262.775,18.8537],"direction":[-0.106579,-0.796868,0.594679],"extended":false,"handId":661,"id":6612,"length":66.9573,"mcpPosition":[45.5609,330.942,17.685],"pipPosition":[45.3921,285.418,1.95556],"stabilizedTipPosition":[38.7239,255.975,34.6104],"timeVisible":1.15644,"tipPosition":[40.7952,255.966,29.3988],"tipVelocity":[56.9132,-2.81829,-94.3724],"tool":false,"touchDistance":0.333333,"touchZone":"none","type":2,"width":18.9833},{"bases":[[[0.957387,-0.14053,0.252313],[0.0929496,0.97708,0.191508],[-0.273443,-0.159895,0.948505]],[[0.966428,-0.134808,0.218732],[0.250683,0.308035,-0.917754],[0.0563434,0.941776,0.331488]],[[0.966428,-0.134808,0.218732],[0.0940897,-0.606487,-0.789507],[0.23909,0.783582,-0.573442]],[[0.966428,-0.134808,0.218732],[-0.0114531,-0.873061,-0.487477],[0.256682,0.468607,-0.845294]]],"btipPosition":[52.1739,258.634,44.369],"carpPosition":[48.9843,321.112,86.884],"dipPosition":[56.9662,267.383,28.5871],"direction":[-0.23909,-0.783582,0.573442],"extended":false,"handId":661,"id":6613,"length":64.3813,"mcpPosition":[66.1002,331.121,27.5131],"pipPosition":[63.5846,289.073,12.7133],"stabilizedTipPosition":[50.3547,260.897,47.4797],"timeVisible":1.15644,"tipPosition":[53.6171,260.726,39.3067],"tipVelocity":[57.2653,-9.6851,-128.52],"tool":false,"touchDistance":0.333333,"touchZone":"none","type":3,"width":18.0638},{"bases":[[[0.890697,-0.317589,0.325262],[0.216201,0.925337,0.311462],[-0.399894,-0.207096,0.892858]],[[0.873803,-0.325701,0.361092],[0.459599,0.31056,-0.832058],[0.158861,0.893012,0.421061]],[[0.873803,-0.325701,0.361092],[0.122953,-0.570453,-0.812075],[0.47048,0.753991,-0.458417]],[[0.873803,-0.325701,0.361092],[-0.0783429,-0.827148,-0.556497],[0.479928,0.45798,-0.74828]]],"btipPosition":[61.4566,272.274,44.2972],"carpPosition":[61.3603,314.452,89.0613],"dipPosition":[69.7229,280.163,31.4087],"direction":[-0.47048,-0.753991,0.458417],"extended":false,"handId":661,"id":6614,"length":50.4737,"mcpPosition":[84.5313,326.452,37.3266],"pipPosition":[78.9182,294.899,22.4492],"stabilizedTipPosition":[59.8672,272.712,50.3056],"timeVisible":1.15644,"tipPosition":[64.1173,274.123,39.6379],"tipVelocity":[40.3037,7.18215,-101.747],"tool":false,"touchDistance":0.333333,"touchZone":"none","type":4,"width":16.0457}],"r":[[0.984726,0.173993,-0.00646593],[-0.172772,0.971866,-0.160081],[-0.0215691,0.158753,0.987083]],"s":0.806197,"t":[77.9621,-20.6643,-219.802],"timestamp":523152548895},false],[1,{"currentFrameRate":109.699,"devices":[],"gestures":[],"hands":[{"armBasis":[[0.986847,0.0775493,-0.14184],[-0.0907081,0.991912,-0.0887833],[0.133807,0.100482,0.9859]],"armWidth":63.6733,"confidence":0.77068,"direction":[0.13172,0.30286,-0.943889],"elbow":[81.617,335.252,359.682],"grabStrength":0.0155382,"id":661,"palmNormal":[0.150564,-0.94725,-0.282927],"palmPosition":[45.81,319.597,40.2328],"palmVelocity":[5.74528,-9.07375,-62.9618],"palmWidth":90.9233,"pinchStrength":0.529031,"r":[[0.983105,0.182962,-0.00538863],[-0.181683,0.971807,-0.150277],[-0.0222582,0.148717,0.988629]],"s":0.807744,"sphereCenter":[52.3892,281.83,11.0116],"sphereRadius":45.4237,"stabilizedPalmPosition":[31.6544,308.745,78.0126],"t":[78.0193,-20.7868,-220.317],"timeVisible":1.1655,"type":"right","wrist":[45.5155,308.142,93.6845]}],"id":4234513,"interactionBox":{"center":[0,200,0],"size":[235.247,235.247,147.751]},"pointables":[{"bases":[[[0.285297,0.948535,0.137432],[-0.907266,0.221046,0.357781],[0.308989,-0.226761,0.923637]],[[0.177263,0.972463,-0.151307],[-0.979944,0.188626,0.0642693],[0.09104,0.13688,0.986395]],[[0.177263,0.972463,-0.151307],[-0.966077,0.142597,-0.215318],[-0.187813,0.184342,0.964751]],[[0.177263,0.972463,-0.151307],[-0.736968,0.029266,-0.675294],[-0.65227,0.231213,0.721861]]],"btipPosition":[35.8907,275.381,-9.94856],"carpPosition":[18.7787,293.897,89.0053],"dipPosition":[20.6364,280.788,6.93322],"direction":[0.187813,-0.184342,-0.964751],"extended":false,"handId":661,"id":6610,"length":52.0782,"mcpPosition":[18.7787,293.897,89.0053],"pipPosition":[14.2375,287.069,39.8029],"stabilizedTipPosition":[22.1456,274.083,7.4821],"timeVisible":1.1655,"tipPosition":[31.1553,277.118,-6.8264],"tipVelocity":[79.7915,14.0093,-71.5199],"tool":false,"touchDistance":-0.428162,"touchZone":"hovering","type":0,"width":20.2352},{"bases":[[[0.987993,0.154211,0.00947258],[-0.15404,0.978447,0.137524],[0.0119394,-0.137332,0.990453]],[[0.987985,0.154299,0.00884074],[-0.15409,0.987838,-0.0207818],[-0.0119398,0.0191698,0.999745]],[[0.987985,0.154299,0.00884074],[-0.136609,0.898604,-0.416952],[-0.0722794,0.410734,0.908886]],[[0.987985,0.154299,0.00884074],[-0.107977,0.73005,-0.674809],[-0.110576,0.665746,0.737939]]],"btipPosition":[28.4102,304.475,-64.4709],"carpPosition":[25.1418,316.488,85.8139],"dipPosition":[26.5224,315.841,-51.872],"direction":[0.0722794,-0.410734,-0.908886],"extended":true,"handId":661,"id":6611,"length":58.7644,"mcpPosition":[24.264,326.584,13],"pipPosition":[24.7766,325.761,-29.92],"stabilizedTipPosition":[27.1536,300.57,-55.4411],"timeVisible":1.1655,"tipPosition":[28.0647,305.555,-60.5214],"tipVelocity":[11.8994,130.624,-123.267],"tool":false,"touchDistance":0.318441,"touchZone":"hovering","type":1,"width":19.3286},{"bases":[[[0.992209,-0.0348369,0.119615],[0.0155093,0.98718,0.158858],[-0.123616,-0.155765,0.980029]],[[0.992565,-0.034383,0.116759],[0.121545,0.330849,-0.935824],[-0.00645333,0.943057,0.332568]],[[0.992565,-0.034383,0.116759],[0.0734164,-0.596004,-0.799618],[0.0970823,0.802245,-0.589048]],[[0.992565,-0.034383,0.116759],[0.0264643,-0.875361,-0.482745],[0.118805,0.482246,-0.867942]]],"btipPosition":[40.8378,253.696,34.2739],"carpPosition":[36.8985,320.111,85.5801],"dipPosition":[43.0687,262.751,17.9755],"direction":[-0.0970823,-0.802245,0.589048],"extended":false,"handId":661,"id":6612,"length":66.9573,"mcpPosition":[45.5166,330.97,17.2555],"pipPosition":[45.8274,285.548,1.23735],"stabilizedTipPosition":[39.0264,255.953,34.1399],"timeVisible":1.1655,"tipPosition":[41.5837,255.85,28.5146],"tipVelocity":[65.4391,-6.28997,-96.6212],"tool":false,"touchDistance":0.333333,"touchZone":"none","type":2,"width":18.9833},{"bases":[[[0.959192,-0.131697,0.250213],[0.08241,0.9767,0.198158],[-0.270479,-0.169452,0.947696]],[[0.968145,-0.125632,0.216592],[0.246236,0.320765,-0.914591],[0.0454263,0.93879,0.341482]],[[0.968145,-0.125632,0.216592],[0.10165,-0.593328,-0.798517],[0.228829,0.795096,-0.561657]],[[0.968145,-0.125632,0.216592],[-0.000128093,-0.865265,-0.501314],[0.250391,0.485317,-0.837718]]],"btipPosition":[53.0274,258.323,43.0026],"carpPosition":[49.1344,320.701,86.3808],"dipPosition":[57.7023,267.384,27.3621],"direction":[-0.228829,-0.795096,0.561657],"extended":false,"handId":661,"id":6613,"length":64.3813,"mcpPosition":[66.0648,331.308,27.0606],"pipPosition":[64.0367,289.394,11.8145],"stabilizedTipPosition":[50.5064,260.877,47.1528],"timeVisible":1.1655,"tipPosition":[54.3847,260.563,38.2595],"tipVelocity":[66.6306,-14.287,-133.658],"tool":false,"touchDistance":0.333333,"touchZone":"none","type":3,"width":18.0638},{"bases":[[[0.89455,-0.309981,0.322012],[0.206374,0.925492,0.317606],[-0.396472,-0.217659,0.891871]],[[0.877653,-0.318592,0.358084],[0.455377,0.321204,-0.830337],[0.149521,0.891811,0.426985]],[[0.877653,-0.318592,0.358084],[0.128636,-0.563122,-0.8163],[0.461712,0.762491,-0.453244]],[[0.877653,-0.318592,0.358084],[-0.0694742,-0.823775,-0.562644],[0.474234,0.468929,-0.745123]]],"btipPosition":[62.0833,272.285,43.4257],"carpPosition":[61.5859,314.163,88.4974],"dipPosition":[70.2516,280.362,30.5916],"direction":[-0.461712,-0.762491,0.453244],"extended":false,"handId":661,"id":6614,"length":50.4737,"mcpPosition":[84.5585,326.775,36.82],"pipPosition":[79.2755,295.264,21.7332],"stabilizedTipPosition":[59.9324,272.734,50.1491],"timeVisible":1.1655,"tipPosition":[64.7064,274.199,38.8187],"tipVelocity":[47.5789,6.84049,-99.8111],"tool":false,"touchDistance":0.333333,"touchZone":"none","type":4,"width":16.0457}],"r":[[0.983105,0.182962,-0.00538863],[-0.181683,0.971807,-0.150277],[-0.0222582,0.148717,0.988629]],"s":0.807744,"t":[78.0193,-20.7868,-220.317],"timestamp":523152557962},false],[2,{"currentFrameRate":109.734,"devices":[],"gestures":[],"hands":[{"armBasis":[[0.986337,0.0851095,-0.141052],[-0.0982809,0.991153,-0.0891981],[0.132213,0.101842,0.985976]],"armWidth":63.7028,"confidence":0.774933,"direction":[0.128727,0.308647,-0.942426],"elbow":[81.3742,335.279,359.421],"grabStrength":0,"id":661,"palmNormal":[0.158575,-0.944511,-0.28767],"palmPosition":[45.8605,319.516,39.8603],"palmVelocity":[5.69959,-9.03968,-56.9472],"palmWidth":90.9655,"pinchStrength":0.537845,"r":[[0.981423,0.191808,-0.00434583],[-0.190484,0.971446,-0.141453],[-0.0229101,0.139653,0.989935]],"s":0.809132,"sphereCenter":[52.7305,281.937,10.3903],"sphereRadius":45.517,"stabilizedPalmPosition":[31.6551,308.745,78.0106],"t":[78.0731,-20.8886,-220.762],"timeVisible":1.17455,"type":"right","wrist":[45.6863,307.789,93.2795]}],"id":4234514,"interactionBox":{"center":[0,200,0],"size":[235.247,235.247,147.751]},"pointables":[{"bases":[[[0.2772,0.950258,0.142021],[-0.908983,0.211474,0.359206],[0.311304,-0.228667,0.922389]],[[0.169133,0.974741,-0.145859],[-0.980879,0.180927,0.0717032],[0.096282,0.130943,0.986703]],[[0.169133,0.974741,-0.145859],[-0.966079,0.134655,-0.220361],[-0.195154,0.178182,0.964451]],[[0.169133,0.974741,-0.145859],[-0.717797,0.0204071,-0.695953],[-0.675397,0.222406,0.703118]]],"btipPosition":[36.7082,275.519,-10.0288],"carpPosition":[19.0585,293.331,88.5375],"dipPosition":[20.9057,280.723,6.4222],"direction":[0.195154,-0.178182,-0.964451],"extended":false,"handId":661,"id":6610,"length":52.1023,"mcpPosition":[19.0585,293.331,88.5375],"pipPosition":[14.2536,286.797,39.2969],"stabilizedTipPosition":[22.5626,274.183,6.95828],"timeVisible":1.17455,"tipPosition":[31.8567,277.153,-7.03252],"tipVelocity":[78.8548,12.9363,-57.2568],"tool":false,"touchDistance":-0.41637,"touchZone":"hovering","type":0,"width":20.2445},{"bases":[[[0.986636,0.162641,0.00987159],[-0.162378,0.976396,0.142424],[0.0135254,-0.142124,0.989756]],[[0.986638,0.162623,0.0099928],[-0.162467,0.986602,-0.0148359],[-0.0122716,0.0130142,0.99984]],[[0.986638,0.162623,0.0099928],[-0.145138,0.905112,-0.399634],[-0.0740345,0.392844,0.91662]],[[0.986638,0.162623,0.0099928],[-0.116676,0.748018,-0.653342],[-0.113724,0.643446,0.756997]]],"btipPosition":[28.4927,305.414,-65.3655],"carpPosition":[25.2289,316.003,85.4542],"dipPosition":[26.5501,316.404,-52.4352],"direction":[0.0740345,-0.392844,-0.91662],"extended":true,"handId":661,"id":6611,"length":58.7917,"mcpPosition":[24.2341,326.456,12.6578],"pipPosition":[24.7612,325.897,-30.2861],"stabilizedTipPosition":[27.3089,301.853,-56.6511],"timeVisible":1.17455,"tipPosition":[28.1549,306.402,-61.3038],"tipVelocity":[10.746,120.578,-114.208],"tool":false,"touchDistance":0.304802,"touchZone":"hovering","type":1,"width":19.3376},{"bases":[[[0.992521,-0.0269066,0.119075],[0.00709871,0.986478,0.163738],[-0.121871,-0.161668,0.979291]],[[0.992863,-0.0264474,0.116294],[0.118395,0.336018,-0.934385],[-0.0143647,0.941484,0.33675]],[[0.992863,-0.0264474,0.116294],[0.0782751,-0.59119,-0.802725],[0.0899816,0.806099,-0.5849]],[[0.992863,-0.0264474,0.116294],[0.0338866,-0.872354,-0.487698],[0.114348,0.488158,-0.865232]]],"btipPosition":[41.4457,253.55,33.585],"carpPosition":[36.9594,319.729,85.2339],"dipPosition":[43.5939,262.721,17.3299],"direction":[-0.0899816,-0.806099,0.5849],"extended":false,"handId":661,"id":6612,"length":66.9884,"mcpPosition":[45.4598,331.005,16.9291],"pipPosition":[46.152,285.637,0.70198],"stabilizedTipPosition":[39.317,255.923,33.7117],"timeVisible":1.17455,"tipPosition":[42.169,255.777,27.8824],"tipVelocity":[65.3366,-8.18817,-90.6625],"tool":false,"touchDistance":0.333333,"touchZone":"none","type":2,"width":18.9921},{"bases":[[[0.96039,-0.124692,0.249204],[0.0741031,0.976379,0.202961],[-0.268625,-0.176455,0.946945]],[[0.969279,-0.118382,0.215603],[0.243076,0.327072,-0.913202],[0.037589,0.937555,0.345799]],[[0.969279,-0.118382,0.215603],[0.106445,-0.588336,-0.80158],[0.221739,0.799904,-0.55766]],[[0.969279,-0.118382,0.215603],[0.00720975,-0.862507,-0.505993],[0.245859,0.492003,-0.835157]]],"btipPosition":[53.6056,258.249,42.3307],"carpPosition":[49.1958,320.42,86.0333],"dipPosition":[58.198,267.439,26.7308],"direction":[-0.221739,-0.799904,0.55766],"extended":false,"handId":661,"id":6613,"length":64.4111,"mcpPosition":[66.018,331.471,26.7327],"pipPosition":[64.3389,289.592,11.2867],"stabilizedTipPosition":[50.6499,260.859,46.8623],"timeVisible":1.17455,"tipPosition":[54.9332,260.556,37.6203],"tipVelocity":[65.2943,-11.6851,-116.982],"tool":false,"touchDistance":0.333333,"touchZone":"none","type":3,"width":18.0722},{"bases":[[[0.897311,-0.303877,0.320144],[0.198551,0.925648,0.322109],[-0.394222,-0.225467,0.890929]],[[0.880288,-0.312918,0.356616],[0.452706,0.329108,-0.828701],[0.14195,0.890938,0.43137]],[[0.880288,-0.312918,0.356616],[0.133986,-0.557094,-0.819569],[0.455126,0.769239,-0.448477]],[[0.880288,-0.312918,0.356616],[-0.061684,-0.820764,-0.567927],[0.470412,0.477942,-0.741811]]],"btipPosition":[62.5391,272.275,42.7707],"carpPosition":[61.7096,313.977,88.1139],"dipPosition":[70.6453,280.511,29.9877],"direction":[-0.455126,-0.769239,0.448477],"extended":false,"handId":661,"id":6614,"length":50.4971,"mcpPosition":[84.5625,327.047,36.4672],"pipPosition":[79.5446,295.552,21.2184],"stabilizedTipPosition":[59.9957,272.755,50.003],"timeVisible":1.17455,"tipPosition":[65.1182,274.27,38.2427],"tipVelocity":[47.9123,5.76751,-91.883],"tool":false,"touchDistance":0.333333,"touchZone":"none","type":4,"width":16.0531}],"r":[[0.981423,0.191808,-0.00434583],[-0.190484,0.971446,-0.141453],[-0.0229101,0.139653,0.989935]],"s":0.809132,"t":[78.0731,-20.8886,-220.762],"timestamp":523152567012},false],[3,{"currentFrameRate":109.663,"devices":[],"gestures":[],"hands":[{"armBasis":[[0.985672,0.0917973,-0.141508],[-0.105122,0.990402,-0.0897438],[0.131911,0.103333,0.985861]],"armWidth":63.7028,"confidence":0.76202,"direction":[0.125967,0.313108,-0.941327],"elbow":[81.4579,335.434,359.014],"grabStrength":0,"id":661,"palmNormal":[0.165677,-0.942198,-0.291227],"palmPosition":[45.9135,319.466,39.5281],"palmVelocity":[5.70983,-7.99988,-51.0419],"palmWidth":90.9655,"pinchStrength":0.542588,"r":[[0.979715,0.200369,-0.003382],[-0.199015,0.970839,-0.133659],[-0.0234978,0.131621,0.991022]],"s":0.810815,"sphereCenter":[52.9723,282.06,9.86404],"sphereRadius":45.5917,"stabilizedPalmPosition":[31.6557,308.746,78.009],"t":[78.1266,-20.9641,-221.15],"timeVisible":1.1838,"type":"right","wrist":[45.8514,307.541,92.9036]}],"id":4234515,"interactionBox":{"center":[0,200,0],"size":[235.247,235.247,147.751]},"pointables":[{"bases":[[[0.26998,0.95182,0.145431],[-0.910424,0.20318,0.360341],[0.313431,-0.229689,0.921414]],[[0.161876,0.976589,-0.141665],[-0.981719,0.173938,0.0772884],[0.10012,0.126564,0.986893]],[[0.161876,0.976589,-0.141665],[-0.966312,0.127763,-0.223422],[-0.200092,0.17306,0.964372]],[[0.161876,0.976589,-0.141665],[-0.706077,0.0143351,-0.70799],[-0.689385,0.214633,0.691868]]],"btipPosition":[37.2868,275.661,-10.1913],"carpPosition":[19.333,292.898,88.1185],"dipPosition":[21.157,280.683,5.99648],"direction":[0.200092,-0.17306,-0.964372],"extended":false,"handId":661,"id":6610,"length":52.1023,"mcpPosition":[19.333,292.898,88.1185],"pipPosition":[14.3366,286.582,38.8685],"stabilizedTipPosition":[23.0494,274.3,6.36487],"timeVisible":1.1838,"tipPosition":[32.4028,277.189,-7.27192],"tipVelocity":[71.9981,12.3264,-47.9503],"tool":false,"touchDistance":-0.406412,"touchZone":"hovering","type":0,"width":20.2445},{"bases":[[[0.985367,0.17015,0.0100885],[-0.169785,0.974591,0.146103],[0.0150272,-0.145677,0.989218]],[[0.985375,0.170071,0.0106237],[-0.169964,0.985397,-0.010251],[-0.012212,0.00829542,0.999891]],[[0.985375,0.170071,0.0106237],[-0.153079,0.910868,-0.383257],[-0.0748576,0.376025,0.923581]],[[0.985375,0.170071,0.0106237],[-0.125171,0.764713,-0.632097],[-0.115625,0.621523,0.774816]]],"btipPosition":[28.5316,306.283,-66.138],"carpPosition":[25.3285,315.627,85.1168],"dipPosition":[26.5566,316.899,-52.9034],"direction":[0.0748576,-0.376025,-0.923581],"extended":true,"handId":661,"id":6611,"length":58.7917,"mcpPosition":[24.2233,326.342,12.36],"pipPosition":[24.7478,325.985,-30.5861],"stabilizedTipPosition":[27.4445,303.065,-57.7875],"timeVisible":1.1838,"tipPosition":[28.2053,307.178,-62.02],"tipVelocity":[8.68474,110.497,-103.473],"tool":false,"touchDistance":0.293093,"touchZone":"hovering","type":1,"width":19.3376},{"bases":[[[0.992747,-0.01975,0.118587],[-0.000381367,0.985891,0.167387],[-0.12022,-0.166219,0.978733]],[[0.993077,-0.0192894,0.115875],[0.115506,0.339911,-0.933337],[-0.0213836,0.94026,0.339786]],[[0.993077,-0.0192894,0.115875],[0.0825276,-0.587412,-0.805069],[0.0835955,0.809058,-0.581754]],[[0.993077,-0.0192894,0.115875],[0.0404536,-0.86993,-0.491513],[0.110284,0.492798,-0.863127]]],"btipPosition":[41.9973,253.47,33.0205],"carpPosition":[37.0301,319.443,84.9057],"dipPosition":[44.0692,262.728,16.805],"direction":[-0.0835955,-0.809058,0.581754],"extended":false,"handId":661,"id":6612,"length":66.9884,"mcpPosition":[45.4153,331.037,16.6399],"pipPosition":[46.4457,285.728,0.266452],"stabilizedTipPosition":[39.6034,255.894,33.3107],"timeVisible":1.1838,"tipPosition":[42.6975,255.731,27.3673],"tipVelocity":[63.211,-7.71733,-82.0716],"tool":false,"touchDistance":0.333333,"touchZone":"none","type":2,"width":18.9921},{"bases":[[[0.961421,-0.118259,0.248365],[0.0667148,0.97616,0.206547],[-0.26687,-0.182009,0.94639]],[[0.970238,-0.111764,0.214818],[0.240132,0.32973,-0.913025],[0.0312111,0.937436,0.346755]],[[0.970238,-0.111764,0.214818],[0.110201,-0.586139,-0.802681],[0.215624,0.802465,-0.556379]],[[0.970238,-0.111764,0.214818],[0.0133685,-0.861043,-0.508356],[0.241783,0.496099,-0.833923]]],"btipPosition":[54.0914,258.26,41.9339],"carpPosition":[49.2612,320.226,85.7029],"dipPosition":[58.6077,267.527,26.357],"direction":[-0.215624,-0.802465,0.556379],"extended":false,"handId":661,"id":6613,"length":64.4111,"mcpPosition":[65.9734,331.624,26.4371],"pipPosition":[64.5793,289.751,10.9484],"stabilizedTipPosition":[50.7922,260.845,46.592],"timeVisible":1.1838,"tipPosition":[55.398,260.578,37.2327],"tipVelocity":[61.1837,-7.53525,-96.0187],"tool":false,"touchDistance":0.333333,"touchZone":"none","type":3,"width":18.0722},{"bases":[[[0.899744,-0.298183,0.318666],[0.191597,0.925942,0.325457],[-0.392112,-0.231772,0.890242]],[[0.882685,-0.307551,0.355359],[0.449968,0.334834,-0.827898],[0.135634,0.890673,0.433941]],[[0.882685,-0.307551,0.355359],[0.138108,-0.553002,-0.821654],[0.449214,0.77434,-0.445651]],[[0.882685,-0.307551,0.355359],[-0.0552528,-0.818807,-0.571404],[0.466706,0.484735,-0.739741]]],"btipPosition":[62.9346,272.327,42.2696],"carpPosition":[61.8248,313.87,87.7548],"dipPosition":[70.977,280.68,29.5223],"direction":[-0.449214,-0.77434,0.445651],"extended":false,"handId":661,"id":6614,"length":50.4971,"mcpPosition":[84.5553,327.306,36.1479],"pipPosition":[79.7607,295.821,20.8082],"stabilizedTipPosition":[60.0602,272.775,49.8594],"timeVisible":1.1838,"tipPosition":[65.4879,274.363,37.7823],"tipVelocity":[46.0258,6.5362,-81.0506],"tool":false,"touchDistance":0.333333,"touchZone":"none","type":4,"width":16.0531}],"r":[[0.979715,0.200369,-0.003382],[-0.199015,0.970839,-0.133659],[-0.0234978,0.131621,0.991022]],"s":0.810815,"t":[78.1266,-20.9641,-221.15],"timestamp":523152576257},false],[4,{"currentFrameRate":109.796,"devices":[],"gestures":[],"hands":[{"armBasis":[[0.984362,0.102147,-0.143521],[-0.116108,0.988919,-0.0925093],[0.132481,0.107727,0.985314]],"armWidth":63.72,"confidence":0.762914,"direction":[0.121971,0.317652,-0.94033],"elbow":[81.7953,336.478,358.336],"grabStrength":0,"id":661,"palmNormal":[0.177103,-0.939165,-0.294286],"palmPosition":[45.9324,319.492,38.9503],"palmVelocity":[4.74,-5.0284,-54.8625],"palmWidth":90.99,"pinchStrength":0.544737,"r":[[0.977787,0.209589,-0.002454],[-0.208202,0.969833,-0.126792],[-0.0241943,0.124487,0.991926]],"s":0.812883,"sphereCenter":[53.3895,282.259,9.10663],"sphereRadius":45.682,"stabilizedPalmPosition":[31.6561,308.746,78.0079],"t":[78.1627,-20.9888,-221.633],"timeVisible":1.19267,"type":"right","wrist":[46.0253,307.392,92.3015]}],"id":4234516,"interactionBox":{"center":[0,200,0],"size":[235.247,235.247,147.751]},"pointables":[{"bases":[[[0.258379,0.954568,0.148462],[-0.91277,0.190901,0.361121],[0.316373,-0.228817,0.920625]],[[0.150332,0.979018,-0.137562],[-0.983287,0.162519,0.0820673],[0.102702,0.122925,0.987087]],[[0.150332,0.979018,-0.137562],[-0.967284,0.116893,-0.225163],[-0.204359,0.166911,0.964561]],[[0.150332,0.979018,-0.137562],[-0.697967,0.00655648,-0.7161],[-0.700173,0.203667,0.684308]]],"btipPosition":[37.9072,275.844,-10.7041],"carpPosition":[19.6795,292.438,87.4716],"dipPosition":[21.5206,280.611,5.31122],"direction":[0.204359,-0.166911,-0.964561],"extended":false,"handId":661,"id":6610,"length":52.1164,"mcpPosition":[19.6795,292.438,87.4716],"pipPosition":[14.5529,286.302,38.1985],"stabilizedTipPosition":[23.5522,274.42,5.75792],"timeVisible":1.19267,"tipPosition":[33.0282,277.255,-7.8139],"tipVelocity":[69.6302,12.8014,-51.8329],"tool":false,"touchDistance":-0.40239,"touchZone":"hovering","type":0,"width":20.25},{"bases":[[[0.98322,0.18212,0.0105003],[-0.181631,0.971972,0.149268],[0.0169786,-0.14867,0.988741]],[[0.983235,0.181983,0.0114088],[-0.181918,0.983292,-0.00652165],[-0.012405,0.00433686,0.999914]],[[0.983235,0.181983,0.0114088],[-0.165104,0.9151,-0.367876],[-0.0773876,0.359825,0.929805]],[[0.983235,0.181983,0.0114088],[-0.137136,0.779265,-0.611506],[-0.120174,0.59969,0.791157]]],"btipPosition":[28.606,307.063,-67.1496],"carpPosition":[25.3984,315.254,84.5415],"dipPosition":[26.5527,317.309,-53.6322],"direction":[0.0773876,-0.359825,-0.929805],"extended":true,"handId":661,"id":6611,"length":58.8075,"mcpPosition":[24.1493,326.192,11.8002],"pipPosition":[24.6822,326.006,-31.1585],"stabilizedTipPosition":[27.5579,304.111,-58.8167],"timeVisible":1.19267,"tipPosition":[28.2912,307.871,-62.9526],"tipVelocity":[8.05112,101.761,-104.346],"tool":false,"touchDistance":0.277317,"touchZone":"hovering","type":1,"width":19.3428},{"bases":[[[0.992935,-0.00802404,0.118385],[-0.0123739,0.985269,0.170565],[-0.11801,-0.170825,0.978209]],[[0.99325,-0.0075639,0.11575],[0.111274,0.343965,-0.932366],[-0.0327615,0.938952,0.342485]],[[0.99325,-0.0075639,0.11575],[0.0896404,-0.583266,-0.80732],[0.0736194,0.812246,-0.578651]],[[0.99325,-0.0075639,0.11575],[0.0511154,-0.867221,-0.495292],[0.104127,0.497865,-0.860981]]],"btipPosition":[42.8178,253.422,32.2198],"carpPosition":[37.0556,319.215,84.3411],"dipPosition":[44.7746,262.778,16.0402],"direction":[-0.0736194,-0.812246,0.578651],"extended":false,"handId":661,"id":6612,"length":67.0064,"mcpPosition":[45.2889,331.133,16.0934],"pipPosition":[46.868,285.875,-0.414506],"stabilizedTipPosition":[39.8992,255.868,32.9222],"timeVisible":1.19267,"tipPosition":[43.4853,255.74,26.6284],"tipVelocity":[70.3417,-6.39433,-84.0366],"tool":false,"touchDistance":0.333333,"touchZone":"none","type":2,"width":18.9972},{"bases":[[[0.962835,-0.107326,0.247849],[0.0548428,0.97623,0.209684],[-0.264462,-0.188298,0.945835]],[[0.97157,-0.100613,0.214311],[0.235884,0.333885,-0.912622],[0.0202663,0.937229,0.348125]],[[0.97157,-0.100613,0.214311],[0.117066,-0.582646,-0.804251],[0.205785,0.806474,-0.554303]],[[0.97157,-0.100613,0.214311],[0.0238592,-0.85899,-0.511436],[0.235548,0.502009,-0.832168]]],"btipPosition":[54.8385,258.344,41.2417],"carpPosition":[49.2797,320.144,85.1393],"dipPosition":[59.2395,267.723,25.6934],"direction":[-0.205785,-0.806474,0.554303],"extended":false,"handId":661,"id":6613,"length":64.4285,"mcpPosition":[65.8456,331.939,25.8922],"pipPosition":[64.9402,290.064,10.3381],"stabilizedTipPosition":[50.9404,260.835,46.3306],"timeVisible":1.19267,"tipPosition":[56.1097,260.71,36.5654],"tipVelocity":[66.6182,-2.14755,-90.935],"tool":false,"touchDistance":0.333333,"touchZone":"none","type":3,"width":18.077},{"bases":[[[0.90337,-0.288214,0.317578],[0.18035,0.927156,0.328414],[-0.389098,-0.239404,0.889544]],[[0.886319,-0.297968,0.354478],[0.445839,0.342172,-0.827131],[0.125166,0.891142,0.436119]],[[0.886319,-0.297968,0.354478],[0.144844,-0.548692,-0.823381],[0.43984,0.781122,-0.443157]],[[0.886319,-0.297968,0.354478],[-0.0450575,-0.817344,-0.574386],[0.460879,0.493117,-0.737853]]],"btipPosition":[63.513,272.528,41.5541],"carpPosition":[61.9237,313.934,87.1695],"dipPosition":[71.4571,281.028,28.8359],"direction":[-0.43984,-0.781122,0.443157],"extended":false,"handId":661,"id":6614,"length":50.5107,"mcpPosition":[84.4856,327.816,35.5891],"pipPosition":[80.0598,296.306,20.1683],"stabilizedTipPosition":[60.1276,272.797,49.716],"timeVisible":1.19267,"tipPosition":[66.0272,274.626,37.1044],"tipVelocity":[50.5333,11.954,-80.7356],"tool":false,"touchDistance":0.333333,"touchZone":"none","type":4,"width":16.0574}],"r":[[0.977787,0.209589,-0.002454],[-0.208202,0.969833,-0.126792],[-0.0241943,0.124487,0.991926]],"s":0.812883,"t":[78.1627,-20.9888,-221.633],"timestamp":523152585129},false],[5,{"currentFrameRate":109.672,"devices":[],"gestures":[],"hands":[{"armBasis":[[0.982318,0.117449,-0.145798],[-0.132593,0.986226,-0.0988844],[0.132176,0.116468,0.98436]],"armWidth":63.72,"confidence":0.763324,"direction":[0.115066,0.323273,-0.939284],"elbow":[82.1134,338.806,357.255],"grabStrength":0,"id":661,"palmNormal":[0.194116,-0.934652,-0.297899],"palmPosition":[46.0519,319.651,38.1716],"palmVelocity":[7.02105,1.19648,-62.9442],"palmWidth":90.99,"pinchStrength":0.542725,"r":[[0.975373,0.220556,-0.0017034],[-0.219148,0.968216,-0.120549],[-0.0249386,0.117954,0.992706]],"s":0.815682,"sphereCenter":[54.0711,282.675,8.12955],"sphereRadius":45.7797,"stabilizedPalmPosition":[31.6564,308.746,78.0071],"t":[78.2406,-20.922,-222.264],"timeVisible":1.20201,"type":"right","wrist":[46.4259,307.36,91.478]}],"id":4234517,"interactionBox":{"center":[0,200,0],"size":[235.247,235.247,147.751]},"pointables":[{"bases":[[[0.240848,0.958635,0.151693],[-0.915753,0.172676,0.362738],[0.321539,-0.226278,0.919462]],[[0.132485,0.982208,-0.1331],[-0.98553,0.14486,0.0880151],[0.10573,0.119513,0.987187]],[[0.132485,0.982208,-0.1331],[-0.969254,0.100288,-0.224697],[-0.207351,0.158777,0.965296]],[[0.132485,0.982208,-0.1331],[-0.692952,-0.00423119,-0.720972],[-0.708707,0.187749,0.680062]]],"btipPosition":[38.7341,276.166,-11.4862],"carpPosition":[20.3558,291.939,86.62],"dipPosition":[22.1478,280.56,4.42967],"direction":[0.207351,-0.158777,-0.965296],"extended":false,"handId":661,"id":6610,"length":52.1164,"mcpPosition":[20.3558,291.939,86.62],"pipPosition":[15.078,285.973,37.342],"stabilizedTipPosition":[24.1067,274.554,5.0953],"timeVisible":1.20201,"tipPosition":[33.904,277.416,-8.60439],"tipVelocity":[73.5969,16.3206,-61.5711],"tool":false,"touchDistance":-0.40256,"touchZone":"hovering","type":0,"width":20.25},{"bases":[[[0.979696,0.200229,0.0101745],[-0.199406,0.967898,0.153006],[0.0207883,-0.151928,0.988173]],[[0.979719,0.200057,0.0112922],[-0.200051,0.979784,-0.00167736],[-0.0113995,-0.000615677,0.999935]],[[0.979719,0.200057,0.0112922],[-0.183453,0.918221,-0.351019],[-0.0805925,0.341829,0.9363]],[[0.979719,0.200057,0.0112922],[-0.155143,0.793021,-0.589108],[-0.12681,0.575408,0.807976]]],"btipPosition":[28.7237,307.978,-68.3269],"carpPosition":[25.6488,314.868,83.7677],"dipPosition":[26.5571,317.809,-54.5222],"direction":[0.0805925,-0.341829,-0.9363],"extended":true,"handId":661,"id":6611,"length":58.8075,"mcpPosition":[24.1194,326.045,11.0682],"pipPosition":[24.6091,326.072,-31.8914],"stabilizedTipPosition":[27.6638,305.083,-59.8216],"timeVisible":1.20201,"tipPosition":[28.4243,308.681,-64.0823],"tipVelocity":[8.55161,97.8194,-108.496],"tool":false,"touchDistance":0.258797,"touchZone":"hovering","type":1,"width":19.3428},{"bases":[[[0.993041,0.00990519,0.117353],[-0.0304014,0.984244,0.174181],[-0.113779,-0.176537,0.977696]],[[0.993314,0.0103335,0.11498],[0.104262,0.347321,-0.931932],[-0.0495652,0.937689,0.343922]],[[0.993314,0.0103335,0.11498],[0.099686,-0.579096,-0.809142],[0.0582233,0.815194,-0.576254]],[[0.993314,0.0103335,0.11498],[0.0667481,-0.864037,-0.498984],[0.094191,0.503322,-0.85895]]],"btipPosition":[44.1321,253.524,31.3089],"carpPosition":[37.2306,319.044,83.57],"dipPosition":[45.9021,262.982,15.1675],"direction":[-0.0582233,-0.815194,0.576254],"extended":false,"handId":661,"id":6612,"length":67.0064,"mcpPosition":[45.1687,331.361,15.3581],"pipPosition":[47.5578,286.164,-1.21909],"stabilizedTipPosition":[40.2906,255.854,32.4729],"timeVisible":1.20201,"tipPosition":[44.7482,255.881,25.7758],"tipVelocity":[88.9816,-0.774748,-87.5983],"tool":false,"touchDistance":0.333333,"touchZone":"none","type":2,"width":18.9972},{"bases":[[[0.964921,-0.0904065,0.246483],[0.0370131,0.976308,0.213199],[-0.259918,-0.196597,0.945406]],[[0.973537,-0.0833731,0.212779],[0.228484,0.336427,-0.913571],[0.00458255,0.938012,0.346574]],[[0.973537,-0.0833731,0.212779],[0.126071,-0.580648,-0.804334],[0.19061,0.809874,-0.554772]],[[0.973537,-0.0833731,0.212779],[0.0386798,-0.857529,-0.512979],[0.225233,0.507634,-0.831612]]],"btipPosition":[56.0243,258.681,40.5604],"carpPosition":[49.4363,320.196,84.3593],"dipPosition":[60.2325,268.166,25.0226],"direction":[-0.19061,-0.809874,0.554772],"extended":false,"handId":661,"id":6613,"length":64.4285,"mcpPosition":[65.7176,332.511,25.1391],"pipPosition":[65.5128,290.601,9.6543],"stabilizedTipPosition":[51.1437,260.835,46.0167],"timeVisible":1.20201,"tipPosition":[57.2495,261.064,35.8591],"tipVelocity":[82.373,9.43222,-85.7694],"tool":false,"touchDistance":0.333333,"touchZone":"none","type":3,"width":18.077},{"bases":[[[0.908885,-0.272616,0.315609],[0.163533,0.929131,0.331622],[-0.383648,-0.249793,0.889054]],[[0.89198,-0.282861,0.352649],[0.43868,0.353088,-0.826371],[0.109232,0.891806,0.439033]],[[0.89198,-0.282861,0.352649],[0.154401,-0.542545,-0.825715],[0.42489,0.790971,-0.440265]],[[0.89198,-0.282861,0.352649],[-0.0301008,-0.815498,-0.577977],[0.451071,0.504929,-0.735922]]],"btipPosition":[64.4932,272.99,40.5741],"carpPosition":[62.1951,314.213,86.354],"dipPosition":[72.2683,281.694,27.8891],"direction":[-0.42489,-0.790971,0.440265],"extended":false,"handId":661,"id":6614,"length":50.5107,"mcpPosition":[84.441,328.698,34.802],"pipPosition":[80.5786,297.164,19.2781],"stabilizedTipPosition":[60.219,272.829,49.537],"timeVisible":1.20201,"tipPosition":[66.9526,275.156,36.1672],"tipVelocity":[64.7757,24.006,-87.3627],"tool":false,"touchDistance":0.333333,"touchZone":"none","type":4,"width":16.0574}],"r":[[0.975373,0.220556,-0.0017034],[-0.219148,0.968216,-0.120549],[-0.0249386,0.117954,0.992706]],"s":0.815682,"t":[78.2406,-20.922,-222.264],"timestamp":523152594467},false],[6,{"currentFrameRate":109.909,"devices":[],"gestures":[],"hands":[{"armBasis":[[0.980908,0.127061,-0.147223],[-0.14296,0.984359,-0.102957],[0.131838,0.122039,0.98373]],"armWidth":63.72,"confidence":0.767895,"direction":[0.110609,0.326697,-0.938634],"elbow":[82.2795,340.296,356.566],"grabStrength":0,"id":661,"palmNormal":[0.204784,-0.931655,-0.300136],"palmPosition":[46.1273,319.751,37.6803],"palmVelocity":[7.46469,3.94117,-61.2651],"palmWidth":90.99,"pinchStrength":0.540778,"r":[[0.972816,0.231576,-0.00108353],[-0.230159,0.966323,-0.115092],[-0.0256055,0.112213,0.993354]],"s":0.8187,"sphereCenter":[54.5449,282.928,7.51556],"sphereRadius":45.867,"stabilizedPalmPosition":[31.6566,308.746,78.0065],"t":[78.3172,-20.8387,-222.825],"timeVisible":1.21069,"type":"right","wrist":[46.6831,307.346,90.9586]}],"id":4234518,"interactionBox":{"center":[0,200,0],"size":[235.247,235.247,147.751]},"pointables":[{"bases":[[[0.229766,0.961036,0.15368],[-0.917441,0.161173,0.363765],[0.324822,-0.224573,0.918726]],[[0.121292,0.984054,-0.130098],[-0.98659,0.133937,0.0932834],[0.109221,0.117038,0.987103]],[[0.121292,0.984054,-0.130098],[-0.970274,0.0898871,-0.224698],[-0.209421,0.153484,0.965705]],[[0.121292,0.984054,-0.130098],[-0.688664,-0.0109659,-0.724998],[-0.714864,0.17753,0.676352]]],"btipPosition":[39.2098,276.402,-11.9451],"carpPosition":[20.7911,291.633,86.0841],"dipPosition":[22.4794,280.557,3.88401],"direction":[0.209421,-0.153484,-0.965705],"extended":false,"handId":661,"id":6610,"length":52.1164,"mcpPosition":[20.7911,291.633,86.0841],"pipPosition":[15.3391,285.79,36.8103],"stabilizedTipPosition":[24.617,274.681,4.48786],"timeVisible":1.21069,"tipPosition":[34.4417,277.542,-9.06783],"tipVelocity":[67.5865,17.553,-59.872],"tool":false,"touchDistance":-0.397819,"touchZone":"hovering","type":0,"width":20.25},{"bases":[[[0.977303,0.211615,0.00994034],[-0.210566,0.965162,0.155322],[0.0232744,-0.15389,0.987814]],[[0.977335,0.211396,0.0113456],[-0.211419,0.977395,0.000864789],[-0.0109063,-0.00324386,0.999935]],[[0.977335,0.211396,0.0113456],[-0.195133,0.920341,-0.338963],[-0.082097,0.329066,0.940731]],[[0.977335,0.211396,0.0113456],[-0.167013,0.802858,-0.572299],[-0.13009,0.557433,0.819966]]],"btipPosition":[28.7776,308.611,-69.1005],"carpPosition":[25.8144,314.628,83.2797],"dipPosition":[26.5549,318.135,-55.0909],"direction":[0.082097,-0.329066,-0.940731],"extended":true,"handId":661,"id":6611,"length":58.8075,"mcpPosition":[24.1021,325.95,10.6066],"pipPosition":[24.5706,326.089,-32.353],"stabilizedTipPosition":[27.7445,305.849,-60.633],"timeVisible":1.21069,"tipPosition":[28.4851,309.259,-64.835],"tipVelocity":[7.53368,89.0338,-101.905],"tool":false,"touchDistance":0.246689,"touchZone":"hovering","type":1,"width":19.3428},{"bases":[[[0.992943,0.0212202,0.116681],[-0.0417476,0.98343,0.176416],[-0.111004,-0.180042,0.977376]],[[0.993191,0.0216267,0.114474],[0.0998075,0.348844,-0.931851],[-0.0600863,0.936931,0.344311]],[[0.993191,0.0216267,0.114474],[0.10594,-0.576435,-0.810247],[0.0484635,0.816857,-0.574801]],[[0.993191,0.0216267,0.114474],[0.0765704,-0.861743,-0.501534],[0.0878002,0.506885,-0.857531]]],"btipPosition":[44.9592,253.586,30.7578],"carpPosition":[37.3466,318.939,83.0833],"dipPosition":[46.6091,263.112,14.6431],"direction":[-0.0484635,-0.816857,0.574801],"extended":false,"handId":661,"id":6612,"length":67.0064,"mcpPosition":[45.0911,331.5,14.8937],"pipPosition":[47.9873,286.34,-1.70218],"stabilizedTipPosition":[40.6957,255.848,32.0379],"timeVisible":1.21069,"tipPosition":[45.5403,255.97,25.2781],"tipVelocity":[89.8253,1.81085,-81.0009],"tool":false,"touchDistance":0.333333,"touchZone":"none","type":2,"width":18.9972},{"bases":[[[0.966088,-0.0797017,0.245605],[0.0257831,0.976192,0.215368],[-0.256923,-0.201732,0.945143]],[[0.974586,-0.0725026,0.211956],[0.223958,0.336535,-0.914652],[-0.00501601,0.938876,0.344219]],[[0.974586,-0.0725026,0.211956],[0.131569,-0.58053,-0.803539],[0.181306,0.811004,-0.556238]],[[0.974586,-0.0725026,0.211956],[0.0478133,-0.857048,-0.513013],[0.218852,0.51011,-0.8318]]],"btipPosition":[56.7448,258.922,40.2336],"carpPosition":[49.5386,320.232,83.8667],"dipPosition":[60.8338,268.453,24.6922],"direction":[-0.181306,-0.811004,0.556238],"extended":false,"handId":661,"id":6613,"length":64.4285,"mcpPosition":[65.6322,332.868,24.6629],"pipPosition":[65.8563,290.92,9.28335],"stabilizedTipPosition":[51.3766,260.845,45.6835],"timeVisible":1.21069,"tipPosition":[57.943,261.301,35.5124],"tipVelocity":[81.7103,14.6495,-72.9923],"tool":false,"touchDistance":0.333333,"touchZone":"none","type":3,"width":18.077},{"bases":[[[0.91223,-0.262707,0.31436],[0.152931,0.930229,0.333596],[-0.380065,-0.256241,0.888758]],[[0.895416,-0.273264,0.351507],[0.434017,0.359663,-0.825997],[0.0992915,0.892171,0.440649]],[[0.895416,-0.273264,0.351507],[0.160375,-0.538538,-0.827198],[0.415343,0.79706,-0.438391]],[[0.895416,-0.273264,0.351507],[-0.0205908,-0.814065,-0.580408],[0.444754,0.512469,-0.734554]]],"btipPosition":[65.1052,273.283,39.9589],"carpPosition":[62.3677,314.394,85.8389],"dipPosition":[72.7713,282.116,27.2975],"direction":[-0.415343,-0.79706,0.438391],"extended":false,"handId":661,"id":6614,"length":50.5107,"mcpPosition":[84.4058,329.252,34.3041],"pipPosition":[80.8949,297.706,18.7231],"stabilizedTipPosition":[60.3219,272.868,49.3436],"timeVisible":1.21069,"tipPosition":[67.5263,275.493,35.5879],"tipVelocity":[65.5398,27.5041,-82.8172],"tool":false,"touchDistance":0.333333,"touchZone":"none","type":4,"width":16.0574}],"r":[[0.972816,0.231576,-0.00108353],[-0.230159,0.966323,-0.115092],[-0.0256055,0.112213,0.993354]],"s":0.8187,"t":[78.3172,-20.8387,-222.825],"timestamp":523152603143},false],[7,{"currentFrameRate":109.865,"devices":[],"gestures":[],"hands":[{"armBasis":[[0.978769,0.140301,-0.149421],[-0.156137,0.982652,-0