{"sensorType":"Leap","data":[[0,{"currentFrameRate":104.083,"devices":[],"gestures":[],"hands":[{"armBasis":[[0.992173,-0.0970293,-0.0785984],[0.0875509,0.989362,-0.116179],[0.0890351,0.108388,0.990113]],"armWidth":61.886,"confidence":0.665537,"direction":[0.257534,-0.0990676,-0.961177],"elbow":[72.7464,330.428,353.887],"grabStrength":0,"id":660,"palmNormal":[-0.0782789,-0.9936,0.0814357],"palmPosition":[55.4468,293.042,42.2306],"palmVelocity":[11.7396,77.7102,-60.0285],"palmWidth":88.3711,"pinchStrength":0.720591,"r":[[0.913845,-0.274967,0.298798],[0.39536,0.770335,-0.500274],[-0.0926154,0.575306,0.812678]],"s":1.64422,"sphereCenter":[-7.89133,273.041,3.81406],"sphereRadius":78.4834,"stabilizedPalmPosition":[53.6731,285.501,47.2618],"t":[56.4433,-46.7191,-204.36],"timeVisible":1.02144,"type":"right","wrist":[49.3988,302.005,94.2504]}],"id":4234049,"interactionBox":{"center":[0,200,0],"size":[235.247,235.247,147.751]},"pointables":[{"bases":[[[0.507814,0.847534,-0.154307],[-0.840591,0.526688,0.126518],[0.1885,0.0654613,0.979889]],[[0.418265,0.779542,-0.466228],[-0.907521,0.380243,-0.178386],[0.0382207,0.497724,0.866493]],[[0.418265,0.779542,-0.466228],[-0.907897,0.343044,-0.240922],[-0.0278719,0.524057,0.851227]],[[0.418265,0.779542,-0.466228],[-0.903514,0.304303,-0.301764],[-0.0933627,0.547461,0.831607]]],"btipPosition":[22.2483,239.487,1.90102],"carpPosition":[21.0562,293.415,90.9995],"dipPosition":[20.1261,251.931,20.8034],"direction":[0.0278719,-0.524057,-0.851227],"extended":false,"handId":660,"id":6600,"length":50.6163,"mcpPosition":[21.0562,293.415,90.9995],"pipPosition":[19.2032,269.285,48.9912],"stabilizedTipPosition":[20.731,240.987,7.83014],"timeVisible":1.02144,"tipPosition":[22.0228,242.945,7.74942],"tipVelocity":[64.5178,80.0383,-86.4239],"tool":false,"touchDistance":-0.407501,"touchZone":"hovering","type":0,"width":19.6672},{"bases":[[[0.992661,-0.0701306,0.0985146],[0.0910858,0.969472,-0.227658],[-0.0795413,0.234961,0.968745]],[[0.985232,-0.121012,-0.121135],[0.144394,0.96742,0.207966],[0.0920217,-0.222386,0.970606]],[[0.985232,-0.121012,-0.121135],[0.128269,0.990269,0.0539881],[0.113423,-0.0687286,0.991167]],[[0.985232,-0.121012,-0.121135],[0.110756,0.989934,-0.0881135],[0.130578,0.0733959,0.988718]]],"btipPosition":[29.7776,303.715,-67.8631],"carpPosition":[32.7632,310.829,81.5291],"dipPosition":[31.9444,304.933,-51.4565],"direction":[-0.113423,0.0687286,-0.991167],"extended":true,"handId":660,"id":6601,"length":57.1149,"mcpPosition":[38.4466,294.041,12.3103],"pipPosition":[34.6069,303.32,-28.1891],"stabilizedTipPosition":[34.4185,303.615,-61.3618],"timeVisible":1.02144,"tipPosition":[31.0562,305.608,-60.8786],"tipVelocity":[-83.3078,-12.2592,-48.9676],"tool":false,"touchDistance":0.311603,"touchZone":"hovering","type":1,"width":18.7861},{"bases":[[[0.942619,-0.201979,0.265847],[0.255827,0.948581,-0.186402],[-0.214528,0.243717,0.945822]],[[0.942124,-0.201419,0.268015],[0.323458,0.335803,-0.884654],[0.0881863,0.920145,0.381518]],[[0.942124,-0.201419,0.268015],[0.16606,-0.414114,-0.894949],[0.291249,0.88766,-0.356699]],[[0.942124,-0.201419,0.268015],[0.0292353,-0.747013,-0.664166],[0.333986,0.633562,-0.697891]]],"btipPosition":[40.9716,215.8,22.4036],"carpPosition":[44.7028,311.468,81.7639],"dipPosition":[47.0672,227.363,9.66634],"direction":[-0.291249,-0.88766,0.356699],"extended":false,"handId":660,"id":6602,"length":65.0778,"mcpPosition":[59.2392,294.954,17.6751],"pipPosition":[55.1109,251.879,-0.184942],"stabilizedTipPosition":[42.1017,212.626,8.05649],"timeVisible":1.02144,"tipPosition":[43.3491,220.535,18.0486],"tipVelocity":[32.1906,80.0171,108.634],"tool":false,"touchDistance":0.333333,"touchZone":"none","type":2,"width":18.4504},{"bases":[[[0.87879,-0.234842,0.415425],[0.31555,0.939013,-0.136686],[-0.35799,0.251206,0.899299]],[[0.878867,-0.234896,0.41523],[0.46422,0.220457,-0.857845],[0.109964,0.94669,0.302796]],[[0.878867,-0.234896,0.41523],[0.248908,-0.516745,-0.819157],[0.406985,0.823285,-0.395683]],[[0.878867,-0.234896,0.41523],[0.06622,-0.80189,-0.59379],[0.472448,0.549359,-0.6892]]],"btipPosition":[53.7734,221.223,39.3057],"carpPosition":[56.289,309.705,84.0037],"dipPosition":[62.3466,231.192,26.7993],"direction":[-0.406985,-0.823285,0.395683],"extended":false,"handId":660,"id":6603,"length":62.5741,"mcpPosition":[78.0681,294.422,29.293],"pipPosition":[73.2964,253.342,16.1536],"stabilizedTipPosition":[55.04,221.646,36.0062],"timeVisible":1.02144,"tipPosition":[56.7302,225.219,34.6362],"tipVelocity":[47.7371,108.207,17.7058],"tool":false,"touchDistance":0.333333,"touchZone":"none","type":3,"width":17.5567},{"bases":[[[0.767151,-0.356091,0.533553],[0.415517,0.909535,0.0095829],[-0.488697,0.214349,0.845712]],[[0.653909,-0.306026,0.691919],[0.750099,0.142851,-0.645713],[0.0987637,0.941245,0.322961]],[[0.653909,-0.306026,0.691919],[0.458561,-0.567101,-0.684192],[0.601768,0.764686,-0.230501]],[[0.653909,-0.306026,0.691919],[0.187117,-0.820715,-0.539829],[0.733069,0.482469,-0.47941]]],"btipPosition":[66.678,235.093,43.5075],"carpPosition":[66.2513,302.091,89.8216],"dipPosition":[78.9501,243.17,35.4819],"direction":[-0.601768,-0.764686,0.230501],"extended":false,"handId":660,"id":6604,"length":49.0569,"mcpPosition":[93.7729,290.02,42.1943],"pipPosition":[90.3812,257.696,31.1033],"stabilizedTipPosition":[69.492,236.827,41.6851],"timeVisible":1.02144,"tipPosition":[70.775,238.169,40.3433],"tipVelocity":[10.0026,130.916,-29.7322],"tool":false,"touchDistance":0.333333,"touchZone":"none","type":4,"width":15.5953}],"r":[[0.913845,-0.274967,0.298798],[0.39536,0.770335,-0.500274],[-0.0926154,0.575306,0.812678]],"s":1.64422,"t":[56.4433,-46.7191,-204.36],"timestamp":523147674817},false],[1,{"currentFrameRate":104.431,"devices":[],"gestures":[],"hands":[{"armBasis":[[0.993425,-0.0803914,-0.0815138],[0.0707874,0.990893,-0.114548],[0.0899801,0.108024,0.990068]],"armWidth":61.8565,"confidence":0.668387,"direction":[0.25395,-0.085074,-0.963469],"elbow":[73.0134,330.311,352.957],"grabStrength":0,"id":660,"palmNormal":[-0.0596613,-0.995605,0.0721862],"palmPosition":[55.3477,293.652,41.3448],"palmVelocity":[5.51192,75.1653,-70.7256],"palmWidth":88.329,"pinchStrength":0.710781,"r":[[0.9194,-0.264212,0.291367],[0.381519,0.779187,-0.497304],[-0.0956358,0.568384,0.817186]],"s":1.6415,"sphereCenter":[-6.91637,272.67,3.4821],"sphereRadius":77.5314,"stabilizedPalmPosition":[53.779,286.017,46.8876],"t":[56.4375,-46.099,-205.074],"timeVisible":1.03037,"type":"right","wrist":[49.4293,301.998,93.4563]}],"id":4234050,"interactionBox":{"center":[0,200,0],"size":[235.247,235.247,147.751]},"pointables":[{"bases":[[[0.491381,0.858142,-0.148787],[-0.849355,0.509958,0.136161],[0.192721,0.0594662,0.97945]],[[0.402003,0.792163,-0.459207],[-0.914895,0.367718,-0.166587],[0.0368945,0.487095,0.872569]],[[0.402003,0.792163,-0.459207],[-0.915083,0.330125,-0.231603],[-0.0318719,0.513318,0.857606]],[[0.402003,0.792163,-0.459207],[-0.909029,0.285134,-0.303916],[-0.109816,0.539608,0.834724]]],"btipPosition":[23.0061,240.072,0.643779],"carpPosition":[21.2441,292.926,90.2762],"dipPosition":[20.5112,252.332,19.608],"direction":[0.0318719,-0.513318,-0.857606],"extended":false,"handId":660,"id":6600,"length":50.5922,"mcpPosition":[21.2441,292.926,90.2762],"pipPosition":[19.4563,269.322,47.9934],"stabilizedTipPosition":[21.1273,241.431,7.17209],"timeVisible":1.03037,"tipPosition":[22.7244,243.466,6.47238],"tipVelocity":[67.4618,74.8089,-100.839],"tool":false,"touchDistance":-0.41373,"touchZone":"hovering","type":0,"width":19.6578},{"bases":[[[0.994309,-0.0528784,0.0924799],[0.0720932,0.973124,-0.218704],[-0.0784297,0.224126,0.971399]],[[0.987105,-0.101034,-0.124164],[0.125285,0.970418,0.206378],[0.0996393,-0.219273,0.970562]],[[0.987105,-0.101034,-0.124164],[0.107266,0.993231,0.044562],[0.118821,-0.0573059,0.991261]],[[0.987105,-0.101034,-0.124164],[0.0882912,0.990632,-0.104175],[0.133526,0.0918693,0.986778]]],"btipPosition":[29.016,303.593,-68.5615],"carpPosition":[32.5728,310.633,80.9172],"dipPosition":[31.2306,305.116,-52.1949],"direction":[-0.118821,0.0573059,-0.991261],"extended":true,"handId":660,"id":6601,"length":57.0877,"mcpPosition":[38.1741,294.627,11.5418],"pipPosition":[34.0186,303.772,-28.9364],"stabilizedTipPosition":[33.8827,303.651,-61.738],"timeVisible":1.03037,"tipPosition":[30.2294,305.627,-61.6372],"tipVelocity":[-83.5293,-10.5199,-57.2373],"tool":false,"touchDistance":0.299809,"touchZone":"hovering","type":1,"width":18.7771},{"bases":[[[0.947615,-0.187226,0.258789],[0.237416,0.95486,-0.17854],[-0.21368,0.230628,0.94929]],[[0.947245,-0.186828,0.260427],[0.310468,0.333051,-0.89033],[0.0796028,0.924215,0.373485]],[[0.947245,-0.186828,0.260427],[0.162712,-0.419736,-0.892943],[0.276137,0.88821,-0.367193]],[[0.947245,-0.186828,0.260427],[0.0335564,-0.750264,-0.660286],[0.318749,0.634192,-0.704415]]],"btipPosition":[41.804,216.535,22.3116],"carpPosition":[44.4941,311.488,81.0938],"dipPosition":[47.6188,228.105,9.46135],"direction":[-0.276137,-0.88821,0.367193],"extended":false,"handId":660,"id":6602,"length":65.0468,"mcpPosition":[58.9661,295.868,16.8007],"pipPosition":[55.2415,252.623,-0.67494],"stabilizedTipPosition":[42.1718,213.069,8.81784],"timeVisible":1.03037,"tipPosition":[44.0651,221.227,17.8973],"tipVelocity":[46.872,80.7062,75.4158],"tool":false,"touchDistance":0.333333,"touchZone":"none","type":2,"width":18.4416},{"bases":[[[0.88523,-0.222692,0.408382],[0.297579,0.945909,-0.129243],[-0.357511,0.235935,0.903615]],[[0.886074,-0.22325,0.406241],[0.451822,0.220124,-0.864525],[0.103582,0.949582,0.295915]],[[0.886074,-0.22325,0.406241],[0.244803,-0.51883,-0.819077],[0.393629,0.825212,-0.40507]],[[0.886074,-0.22325,0.406241],[0.0695619,-0.802418,-0.592694],[0.458294,0.55343,-0.695472]]],"btipPosition":[54.4666,222.155,38.9784],"carpPosition":[56.1174,309.917,83.2529],"dipPosition":[62.7789,232.193,26.3642],"direction":[-0.393629,-0.825212,0.40507],"extended":false,"handId":660,"id":6603,"length":62.5442,"mcpPosition":[77.8569,295.57,28.3058],"pipPosition":[73.3643,254.384,15.4711],"stabilizedTipPosition":[55.6762,222.985,36.0399],"timeVisible":1.03037,"tipPosition":[57.3315,226.128,34.2257],"tipVelocity":[54.0675,107.659,2.12299],"tool":false,"touchDistance":0.333333,"touchZone":"none","type":3,"width":17.5484},{"bases":[[[0.776484,-0.347098,0.525924],[0.39888,0.91686,0.0161926],[-0.487819,0.197207,0.850377]],[[0.668206,-0.302705,0.679611],[0.737604,0.150239,-0.658308],[0.0971694,0.941168,0.323667]],[[0.668206,-0.302705,0.679611],[0.45038,-0.562498,-0.693364],[0.592165,0.769393,-0.239532]],[[0.668206,-0.302705,0.679611],[0.185344,-0.816951,-0.546112],[0.72052,0.490877,-0.489786]]],"btipPosition":[67.0686,236.206,42.7063],"carpPosition":[66.2444,302.435,88.94],"dipPosition":[79.1248,244.42,34.5108],"direction":[-0.592165,-0.769393,0.239532],"extended":false,"handId":660,"id":6604,"length":49.0335,"mcpPosition":[93.7035,291.334,41.0728],"pipPosition":[90.3681,259.028,29.9629],"stabilizedTipPosition":[69.7928,237.919,40.9418],"timeVisible":1.03037,"tipPosition":[71.0572,239.284,39.4904],"tipVelocity":[17.6913,130.195,-47.2984],"tool":false,"touchDistance":0.333333,"touchZone":"none","type":4,"width":15.5878}],"r":[[0.9194,-0.264212,0.291367],[0.381519,0.779187,-0.497304],[-0.0956358,0.568384,0.817186]],"s":1.6415,"t":[56.4375,-46.099,-205.074],"timestamp":523147683740},false],[2,{"currentFrameRate":104.659,"devices":[],"gestures":[],"hands":[{"armBasis":[[0.994014,-0.0667604,-0.0864779],[0.0559206,0.990927,-0.122214],[0.0938523,0.116647,0.988729]],"armWidth":61.8565,"confidence":0.66956,"direction":[0.2511,-0.0707139,-0.965375],"elbow":[74.1094,332.724,351.618],"grabStrength":0,"id":660,"palmNormal":[-0.0404422,-0.997223,0.0625275],"palmPosition":[55.3471,294.434,40.2513],"palmVelocity":[3.96023,78.0854,-84.3596],"palmWidth":88.329,"pinchStrength":0.702091,"r":[[0.924923,-0.252575,0.284119],[0.366941,0.788494,-0.49359],[-0.0993573,0.560788,0.821976]],"s":1.63907,"sphereCenter":[-5.6538,272.368,2.86347],"sphereRadius":76.5224,"stabilizedPalmPosition":[53.8672,286.49,46.5144],"t":[56.4343,-45.3979,-205.978],"timeVisible":1.0395,"type":"right","wrist":[49.5103,302.151,92.4688]}],"id":4234051,"interactionBox":{"center":[0,200,0],"size":[235.247,235.247,147.751]},"pointables":[{"bases":[[[0.474335,0.868753,-0.14239],[-0.858238,0.492354,0.144964],[0.196044,0.053443,0.979138]],[[0.385351,0.804693,-0.451635],[-0.9221,0.354442,-0.155249],[0.035151,0.476278,0.878592]],[[0.385351,0.804693,-0.451635],[-0.922026,0.316118,-0.223467],[-0.0370523,0.502533,0.863764]],[[0.385351,0.804693,-0.451635],[-0.913932,0.265244,-0.307204],[-0.127411,0.531145,0.837646]]],"btipPosition":[23.9056,240.797,-0.872071],"carpPosition":[21.4879,292.576,89.3224],"dipPosition":[21.0109,252.864,18.1585],"direction":[0.0370523,-0.502533,-0.863764],"extended":false,"handId":660,"id":6600,"length":50.5922,"mcpPosition":[21.4879,292.576,89.3224],"pipPosition":[19.7845,269.497,46.7478],"stabilizedTipPosition":[21.5512,241.861,6.43624],"timeVisible":1.0395,"tipPosition":[23.5757,244.155,4.95195],"tipVelocity":[73.298,74.7233,-118.496],"tool":false,"touchDistance":-0.423199,"touchZone":"hovering","type":0,"width":19.6578},{"bases":[[[0.995547,-0.0348828,0.0875793],[0.0526267,0.976431,-0.209315],[-0.0782137,0.212992,0.973918]],[[0.98885,-0.0801936,-0.125474],[0.104849,0.973287,0.204251],[0.105743,-0.21513,0.970844]],[[0.98885,-0.0801936,-0.125474],[0.0851353,0.995771,0.0345221],[0.122175,-0.0448195,0.991496]],[[0.98885,-0.0801936,-0.125474],[0.0650049,0.990548,-0.120785],[0.133975,0.111282,0.984717]]],"btipPosition":[28.5229,303.555,-69.5512],"carpPosition":[32.4359,310.588,80.0905],"dipPosition":[30.7449,305.4,-53.2187],"direction":[-0.122175,0.0448195,-0.991496],"extended":true,"handId":660,"id":6601,"length":57.0877,"mcpPosition":[38.0217,295.376,10.5352],"pipPosition":[33.6116,304.349,-29.9547],"stabilizedTipPosition":[33.4121,303.683,-62.1317],"timeVisible":1.0395,"tipPosition":[29.6626,305.73,-62.6341],"tipVelocity":[-75.2752,-6.49709,-71.6978],"tool":false,"touchDistance":0.283184,"touchZone":"hovering","type":1,"width":18.7771},{"bases":[[[0.952171,-0.171729,0.252745],[0.218448,0.960916,-0.170062],[-0.213662,0.21714,0.95247]],[[0.951907,-0.171462,0.253917],[0.298708,0.334971,-0.893626],[0.068168,0.926496,0.370078]],[[0.951907,-0.171462,0.253917],[0.162443,-0.420239,-0.892755],[0.25978,0.891067,-0.372176]],[[0.951907,-0.171462,0.253917],[0.0409008,-0.750215,-0.659928],[0.303645,0.638576,-0.707122]]],"btipPosition":[42.9103,217.363,21.572],"carpPosition":[44.3395,311.667,80.2233],"dipPosition":[48.4495,229.012,8.67241],"direction":[-0.25978,-0.891067,0.372176],"extended":false,"handId":660,"id":6602,"length":65.0468,"mcpPosition":[58.8103,296.961,15.7148],"pipPosition":[55.6207,253.609,-1.60143],"stabilizedTipPosition":[42.3783,213.784,9.82223],"timeVisible":1.0395,"tipPosition":[45.0543,222.074,17.1658],"tipVelocity":[65.5953,84.0181,31.5968],"tool":false,"touchDistance":0.333333,"touchZone":"none","type":2,"width":18.4416},{"bases":[[[0.891155,-0.20985,0.40225],[0.278996,0.952623,-0.121121],[-0.357776,0.220163,0.907482]],[[0.892591,-0.210736,0.398587],[0.440571,0.21982,-0.870389],[0.0958048,0.952507,0.289054]],[[0.892591,-0.210736,0.398587],[0.242485,-0.520926,-0.818436],[0.380108,0.82718,-0.413874]],[[0.892591,-0.210736,0.398587],[0.0745152,-0.802937,-0.591388],[0.444667,0.557568,-0.700992]]],"btipPosition":[55.3136,223.238,38.4403],"carpPosition":[56.0002,310.296,82.3155],"dipPosition":[63.3788,233.351,25.726],"direction":[-0.380108,-0.82718,0.413874],"extended":false,"handId":660,"id":6603,"length":62.5442,"mcpPosition":[77.7559,296.908,27.1333],"pipPosition":[73.6006,255.595,14.5962],"stabilizedTipPosition":[56.4637,224.346,35.7635],"timeVisible":1.0395,"tipPosition":[58.0785,227.223,33.6302],"tipVelocity":[63.0964,111.245,-15.5484],"tool":false,"touchDistance":0.333333,"touchZone":"none","type":3,"width":17.5484},{"bases":[[[0.785327,-0.337455,0.519024],[0.381494,0.924071,0.0235714],[-0.487569,0.179494,0.854434]],[[0.681891,-0.298546,0.667754],[0.725626,0.161086,-0.668968],[0.092152,0.940703,0.326475]],[[0.681891,-0.298546,0.667754],[0.445366,-0.554722,-0.702804],[0.580237,0.77663,-0.245297]],[[0.681891,-0.298546,0.667754],[0.187082,-0.811364,-0.553794],[0.707125,0.502552,-0.497409]]],"btipPosition":[67.7262,237.404,41.5618],"carpPosition":[66.2933,302.952,87.8833],"dipPosition":[79.5583,245.813,33.2388],"direction":[-0.580237,-0.77663,0.245297],"extended":false,"handId":660,"id":6604,"length":49.0335,"mcpPosition":[93.7382,292.848,39.7877],"pipPosition":[90.5751,260.559,28.5814],"stabilizedTipPosition":[70.3144,239.049,39.9107],"timeVisible":1.0395,"tipPosition":[71.5787,240.539,38.3323],"tipVelocity":[31.224,131.835,-69.8874],"tool":false,"touchDistance":0.333333,"touchZone":"none","type":4,"width":15.5878}],"r":[[0.924923,-0.252575,0.284119],[0.366941,0.788494,-0.49359],[-0.0993573,0.560788,0.821976]],"s":1.63907,"t":[56.4343,-45.3979,-205.978],"timestamp":523147692869},false],[3,{"currentFrameRate":104.92,"devices":[],"gestures":[],"hands":[{"armBasis":[[0.994562,-0.053177,-0.089551],[0.0420143,0.991613,-0.122223],[0.0952994,0.117796,0.988454]],"armWidth":61.827,"confidence":0.644493,"direction":[0.247259,-0.0570853,-0.967266],"elbow":[74.61,333.054,350.447],"grabStrength":0,"id":660,"palmNormal":[-0.0242736,-0.998315,0.0527127],"palmPosition":[55.3328,295.096,39.1975],"palmVelocity":[2.43368,76.7211,-93.2259],"palmWidth":88.2868,"pinchStrength":0.69447,"r":[[0.930234,-0.240766,0.276939],[0.352167,0.797867,-0.489271],[-0.103161,0.552665,0.826994]],"s":1.63654,"sphereCenter":[-4.20379,272.113,2.36297],"sphereRadius":75.284,"stabilizedPalmPosition":[53.9369,286.899,46.1664],"t":[56.4256,-44.7167,-206.957],"timeVisible":1.04854,"type":"right","wrist":[49.6436,302.194,91.4932]}],"id":4234052,"interactionBox":{"center":[0,200,0],"size":[235.247,235.247,147.751]},"pointables":[{"bases":[[[0.459739,0.877577,-0.136006],[-0.865201,0.477145,0.154144],[0.200168,0.046807,0.978643]],[[0.370622,0.815593,-0.444349],[-0.928074,0.34391,-0.142847],[0.0363114,0.465331,0.884392]],[[0.370622,0.815593,-0.444349],[-0.927886,0.304107,-0.215748],[-0.0408326,0.492266,0.869486]],[[0.370622,0.815593,-0.444349],[-0.917641,0.247665,-0.3108],[-0.143437,0.522943,0.840212]]],"btipPosition":[24.6238,241.512,-2.28901],"carpPosition":[21.7745,292.211,88.3909],"dipPosition":[21.3666,253.388,16.7908],"direction":[0.0408326,-0.492266,-0.869486],"extended":false,"handId":660,"id":6600,"length":50.5681,"mcpPosition":[21.7745,292.211,88.3909],"pipPosition":[20.0157,269.673,45.5557],"stabilizedTipPosition":[21.9376,242.257,5.71501],"timeVisible":1.04854,"tipPosition":[24.2329,244.82,3.50321],"tipVelocity":[72.4418,74.5914,-128.677],"tool":false,"touchDistance":-0.430297,"touchZone":"hovering","type":0,"width":19.6484},{"bases":[[[0.996409,-0.0198818,0.0822981],[0.0360371,0.979182,-0.19976],[-0.0766132,0.202008,0.976383]],[[0.990021,-0.0622293,-0.126433],[0.0869511,0.975812,0.200574],[0.110894,-0.209566,0.971486]],[[0.990021,-0.0622293,-0.126433],[0.0655654,0.997597,0.0223939],[0.124736,-0.0304601,0.991722]],[[0.990021,-0.0622293,-0.126433],[0.0443343,0.989198,-0.13972],[0.133762,0.13272,0.982086]]],"btipPosition":[28.0859,303.307,-70.444],"carpPosition":[32.3825,310.477,79.2907],"dipPosition":[30.3034,305.507,-54.163],"direction":[-0.124736,0.0304601,-0.991722],"extended":true,"handId":660,"id":6601,"length":57.0604,"mcpPosition":[37.8515,296.057,9.5926],"pipPosition":[33.2288,304.793,-30.9048],"stabilizedTipPosition":[33.0253,303.694,-62.4986],"timeVisible":1.04854,"tipPosition":[29.137,305.657,-63.5853],"tipVelocity":[-67.8734,-9.7604,-79.5103],"tool":false,"touchDistance":0.268106,"touchZone":"hovering","type":1,"width":18.7682},{"bases":[[[0.956057,-0.15904,0.246295],[0.202282,0.965921,-0.161486],[-0.212218,0.204211,0.955647]],[[0.955968,-0.158955,0.246696],[0.287421,0.33731,-0.896444],[0.0592809,0.927877,0.368144]],[[0.955968,-0.158955,0.246696],[0.160749,-0.419673,-0.893328],[0.24553,0.893649,-0.375642]],[[0.955968,-0.158955,0.246696],[0.0459371,-0.749202,-0.660747],[0.289854,0.642986,-0.708911]]],"btipPosition":[43.7964,218.143,20.7556],"carpPosition":[44.2624,311.744,79.3753],"dipPosition":[49.0815,229.868,7.82953],"direction":[-0.24553,-0.893649,0.375642],"extended":false,"handId":660,"id":6602,"length":65.0158,"mcpPosition":[58.6286,297.92,14.6825],"pipPosition":[55.8561,254.525,-2.53504],"stabilizedTipPosition":[42.7635,214.816,10.9865],"timeVisible":1.04854,"tipPosition":[45.8321,222.838,16.3528],"tipVelocity":[72.7418,85.1857,-2.18993],"tool":false,"touchDistance":0.333333,"touchZone":"none","type":2,"width":18.4328},{"bases":[[[0.896419,-0.199615,0.395709],[0.263203,0.958108,-0.11293],[-0.35659,0.205385,0.911406]],[[0.898286,-0.200695,0.3909],[0.430075,0.21917,-0.875785],[0.0900919,0.954822,0.283192]],[[0.898286,-0.200695,0.3909],[0.238972,-0.52341,-0.817884],[0.368746,0.828108,-0.422212]],[[0.898286,-0.200695,0.3909],[0.0771642,-0.803728,-0.589971],[0.432582,0.560127,-0.706492]]],"btipPosition":[55.9621,224.249,37.8802],"carpPosition":[55.9484,310.539,81.395],"dipPosition":[63.8044,234.403,25.0722],"direction":[-0.368746,-0.828108,0.422212],"extended":false,"handId":660,"id":6603,"length":62.5144,"mcpPosition":[77.6216,298.056,26.0006],"pipPosition":[73.7159,256.662,13.7236],"stabilizedTipPosition":[57.1907,225.596,35.3006],"timeVisible":1.04854,"tipPosition":[58.6329,228.198,33.0219],"tipVelocity":[63.9079,111.68,-28.9944],"tool":false,"touchDistance":0.333333,"touchZone":"none","type":3,"width":17.54},{"bases":[[[0.793229,-0.330047,0.511719],[0.36688,0.929753,0.0309591],[-0.48599,0.163182,0.858595]],[[0.695297,-0.29617,0.654863],[0.712715,0.166557,-0.681393],[0.0927358,0.940501,0.326891]],[[0.695297,-0.29617,0.654863],[0.435929,-0.550634,-0.711876],[0.571426,0.780439,-0.253745]],[[0.695297,-0.29617,0.654863],[0.184097,-0.807362,-0.560603],[0.694745,0.510343,-0.506832]]],"btipPosition":[68.0777,238.513,40.6053],"carpPosition":[66.3801,303.308,86.8352],"dipPosition":[79.6971,247.049,32.1287],"direction":[-0.571426,-0.780439,0.253745],"extended":false,"handId":660,"id":6604,"length":49.0101,"mcpPosition":[93.7232,294.127,38.5284],"pipPosition":[90.5415,261.86,27.3132],"stabilizedTipPosition":[70.6273,240.074,39.0097],"timeVisible":1.04854,"tipPosition":[71.8454,241.652,37.3142],"tipVelocity":[31.8409,130.194,-80.8553],"tool":false,"touchDistance":0.333333,"touchZone":"none","type":4,"width":15.5804}],"r":[[0.930234,-0.240766,0.276939],[0.352167,0.797867,-0.489271],[-0.103161,0.552665,0.826994]],"s":1.63654,"t":[56.4256,-44.7167,-206.957],"timestamp":523147701913},false],[4,{"currentFrameRate":105.137,"devices":[],"gestures":[],"hands":[{"armBasis":[[0.995094,-0.0428447,-0.0891754],[0.0318261,0.99208,-0.121507],[0.0936751,0.118073,0.988577]],"armWidth":61.827,"confidence":0.649261,"direction":[0.243192,-0.0448603,-0.96894],"elbow":[74.3949,333.027,349.675],"grabStrength":0,"id":660,"palmNormal":[-0.0121754,-0.998992,0.0431958],"palmPosition":[55.3715,295.566,38.3003],"palmVelocity":[2.93659,69.7578,-94.6888],"palmWidth":88.2868,"pinchStrength":0.686301,"r":[[0.935135,-0.229522,0.269893],[0.33788,0.806918,-0.484481],[-0.106583,0.544246,0.832127]],"s":1.63399,"sphereCenter":[-2.67137,271.79,2.03286],"sphereRadius":74.0224,"stabilizedPalmPosition":[53.9942,287.245,45.8523],"t":[56.4406,-44.1409,-207.895],"timeVisible":1.05765,"type":"right","wrist":[49.854,302.094,90.6885]}],"id":4234053,"interactionBox":{"center":[0,200,0],"size":[235.247,235.247,147.751]},"pointables":[{"bases":[[[0.44863,0.884252,-0.129726],[-0.870035,0.465311,0.162864],[0.204375,0.0398009,0.978083]],[[0.3591,0.824505,-0.437308],[-0.932428,0.337187,-0.129936],[0.0403216,0.454418,0.889875]],[[0.3591,0.824505,-0.437308],[-0.932272,0.294912,-0.209513],[-0.0437772,0.482926,0.874566]],[[0.3591,0.824505,-0.437308],[-0.918716,0.229776,-0.321191],[-0.164341,0.517102,0.839999]]],"btipPosition":[25.3176,242.082,-3.48567],"carpPosition":[22.0904,291.811,87.623],"dipPosition":[21.5857,253.824,15.5893],"direction":[0.0437772,-0.482926,-0.874566],"extended":false,"handId":660,"id":6600,"length":50.5681,"mcpPosition":[22.0904,291.811,87.623],"pipPosition":[20.1374,269.801,44.5223],"stabilizedTipPosition":[22.2884,242.608,5.0453],"timeVisible":1.05765,"tipPosition":[24.8123,245.401,2.26354],"tipVelocity":[70.1492,70.3143,-129.458],"tool":false,"touchDistance":-0.433567,"touchZone":"hovering","type":0,"width":19.6484},{"bases":[[[0.996965,-0.00880612,0.0773494],[0.0234467,0.981412,-0.190475],[-0.0742343,0.191711,0.97864]],[[0.990691,-0.0483645,-0.127245],[0.0730129,0.977714,0.196838],[0.114889,-0.204296,0.972144]],[[0.990691,-0.0483645,-0.127245],[0.050091,0.99869,0.010402],[0.126575,-0.016679,0.991817]],[[0.990691,-0.0483645,-0.127245],[0.0278611,0.987009,-0.158233],[0.133245,0.153215,0.979168]]],"btipPosition":[27.7689,302.97,-71.2282],"carpPosition":[32.4365,310.288,78.6489],"dipPosition":[29.9779,305.51,-54.9955],"direction":[-0.126575,0.016679,-0.991817],"extended":true,"handId":660,"id":6601,"length":57.0604,"mcpPosition":[37.7356,296.603,8.78973],"pipPosition":[32.9464,305.119,-31.7351],"stabilizedTipPosition":[32.7138,303.684,-62.8263],"timeVisible":1.05765,"tipPosition":[28.7607,305.457,-64.3854],"tipVelocity":[-58.7585,-14.9302,-81.6729],"tool":false,"touchDistance":0.254851,"touchZone":"hovering","type":1,"width":18.7682},{"bases":[[[0.959067,-0.150001,0.240187],[0.190022,0.969765,-0.153124],[-0.209956,0.192497,0.958574]],[[0.959164,-0.15009,0.239745],[0.277335,0.332461,-0.901418],[0.0555877,0.931097,0.36051]],[[0.959164,-0.15009,0.239745],[0.156239,-0.425423,-0.891406],[0.235784,0.892462,-0.384601]],[[0.959164,-0.15009,0.239745],[0.0468495,-0.751594,-0.657961],[0.278944,0.642324,-0.71387]]],"btipPosition":[44.3222,218.782,20.566],"carpPosition":[44.3008,311.695,78.6891],"dipPosition":[49.4084,230.494,7.54946],"direction":[-0.235784,-0.892462,0.384601],"extended":false,"handId":660,"id":6602,"length":65.0158,"mcpPosition":[58.5138,298.664,13.7982],"pipPosition":[55.914,255.118,-3.06228],"stabilizedTipPosition":[43.2995,216.124,12.2801],"timeVisible":1.05765,"tipPosition":[46.3005,223.469,16.0628],"tipVelocity":[67.1808,80.9108,-7.99111],"tool":false,"touchDistance":0.333333,"touchZone":"none","type":2,"width":18.4328},{"bases":[[[0.900645,-0.192714,0.389486],[0.251268,0.962212,-0.104937],[-0.354545,0.192377,0.915035]],[[0.902825,-0.193902,0.383809],[0.421053,0.217413,-0.880594],[0.0873041,0.956626,0.277929]],[[0.902825,-0.193902,0.383809],[0.234466,-0.526226,-0.817381],[0.360462,0.827942,-0.429626]],[[0.902825,-0.193902,0.383809],[0.0775513,-0.804504,-0.588862],[0.422958,0.561404,-0.711289]]],"btipPosition":[56.4174,225.014,37.4203],"carpPosition":[56.01,310.61,80.6413],"dipPosition":[64.0852,235.191,24.5254],"direction":[-0.360462,-0.827942,0.429626],"extended":false,"handId":660,"id":6603,"length":62.5144,"mcpPosition":[77.5589,298.918,25.0264],"pipPosition":[73.7741,257.446,12.9775],"stabilizedTipPosition":[57.7701,226.625,34.8055],"timeVisible":1.05765,"tipPosition":[59.0063,228.955,32.5341],"tipVelocity":[58.8232,104.155,-35.5634],"tool":false,"touchDistance":0.333333,"touchZone":"none","type":3,"width":17.54},{"bases":[[[0.799577,-0.325472,0.504722],[0.355976,0.933715,0.0381758],[-0.483692,0.149144,0.862437]],[[0.705122,-0.295186,0.644723],[0.703421,0.176496,-0.688511],[0.0894478,0.938997,0.332091]],[[0.705122,-0.295186,0.644723],[0.432815,-0.541038,-0.721075],[0.561671,0.787492,-0.253737]],[[0.705122,-0.295186,0.644723],[0.186566,-0.799965,-0.570307],[0.684102,0.522419,-0.509002]]],"btipPosition":[68.5974,239.163,39.3734],"carpPosition":[66.5532,303.452,85.9617],"dipPosition":[80.0388,247.9,30.8605],"direction":[-0.561671,-0.787492,0.253737],"extended":false,"handId":660,"id":6604,"length":49.0101,"mcpPosition":[93.7669,295.061,37.4388],"pipPosition":[90.6981,262.845,26.0452],"stabilizedTipPosition":[71.004,240.762,38.0116],"timeVisible":1.05765,"tipPosition":[72.2254,242.384,36.1337],"tipVelocity":[37.5878,115.275,-96.1951],"tool":false,"touchDistance":0.333333,"touchZone":"none","type":4,"width":15.5804}],"r":[[0.935135,-0.229522,0.269893],[0.33788,0.806918,-0.484481],[-0.106583,0.544246,0.832127]],"s":1.63399,"t":[56.4406,-44.1409,-207.895],"timestamp":523147711022},false],[5,{"currentFrameRate":105.437,"devices":[],"gestures":[],"hands":[{"armBasis":[[0.995467,-0.0279203,-0.0909169],[0.0169484,0.992715,-0.119289],[0.0935851,0.117207,0.988688]],"armWidth":61.7975,"confidence":0.637966,"direction":[0.240897,-0.0301136,-0.970083],"elbow":[74.2918,332.595,348.684],"grabStrength":0,"id":660,"palmNormal":[0.00472942,-0.99947,0.0322003],"palmPosition":[55.247,296.048,37.3448],"palmVelocity":[-1.6674,65.4469,-98.0563],"palmWidth":88.2447,"pinchStrength":0.681937,"r":[[0.939805,-0.217862,0.263254],[0.323349,0.816128,-0.478937],[-0.110507,0.53523,0.837447]],"s":1.63103,"sphereCenter":[-0.761263,271.256,1.53701],"sphereRadius":72.4809,"stabilizedPalmPosition":[54.0345,287.529,45.5784],"t":[56.3858,-43.6123,-208.841],"timeVisible":1.06658,"type":"right","wrist":[49.7862,301.903,89.7927]}],"id":4234054,"interactionBox":{"center":[0,200,0],"size":[235.247,235.247,147.751]},"pointables":[{"bases":[[[0.433319,0.893045,-0.121268],[-0.877213,0.448794,0.170534],[0.206718,0.0324823,0.977861]],[[0.344181,0.8355,-0.428345],[-0.937977,0.326228,-0.117362],[0.0416822,0.442171,0.895962]],[[0.344181,0.8355,-0.428345],[-0.937502,0.280904,-0.205386],[-0.051276,0.472264,0.879965]],[[0.344181,0.8355,-0.428345],[-0.918985,0.206306,-0.336012],[-0.192368,0.509292,0.838819]]],"btipPosition":[26.2468,242.611,-4.81503],"carpPosition":[22.2029,291.194,86.6966],"dipPosition":[21.8805,254.171,14.224],"direction":[0.051276,-0.472264,-0.879965],"extended":false,"handId":660,"id":6600,"length":50.5439,"mcpPosition":[22.2029,291.194,86.6966],"pipPosition":[20.185,269.787,43.3217],"stabilizedTipPosition":[22.6252,242.912,4.42038],"timeVisible":1.06658,"tipPosition":[25.5587,245.912,0.862892],"tipVelocity":[74.947,66.0269,-135.016],"tool":false,"touchDistance":-0.438608,"touchZone":"hovering","type":0,"width":19.639},{"bases":[[[0.997208,0.00711351,0.0743322],[0.00637752,0.983701,-0.179697],[-0.074399,0.179669,0.98091]],[[0.991627,-0.0293993,-0.125745],[0.0536825,0.979464,0.194341],[0.117449,-0.199464,0.972841]],[[0.991627,-0.0293993,-0.125745],[0.0295214,0.999564,-0.000893255],[0.125717,-0.00282639,0.992062]],[[0.991627,-0.0293993,-0.125745],[0.00680788,0.984288,-0.17644],[0.128957,0.174107,0.976246]]],"btipPosition":[27.5356,302.604,-72.0529],"carpPosition":[32.2047,309.931,77.901],"dipPosition":[29.6724,305.489,-55.8764],"direction":[-0.125717,0.00282639,-0.992062],"extended":true,"handId":660,"id":6601,"length":57.0332,"mcpPosition":[37.513,297.112,7.91319],"pipPosition":[32.6194,305.422,-32.6214],"stabilizedTipPosition":[32.4747,303.663,-63.1072],"timeVisible":1.06658,"tipPosition":[28.4204,305.235,-65.2755],"tipVelocity":[-50.3701,-19.6376,-84.9896],"tool":false,"touchDistance":0.24089,"touchZone":"hovering","type":1,"width":18.7592},{"bases":[[[0.962192,-0.13648,0.235711],[0.173241,0.974448,-0.142964],[-0.210176,0.178393,0.96125]],[[0.962409,-0.136664,0.234717],[0.26795,0.336436,-0.902781],[0.0444104,0.931737,0.360409]],[[0.962409,-0.136664,0.234717],[0.157503,-0.423225,-0.89223],[0.221274,0.895658,-0.38579]],[[0.962409,-0.136664,0.234717],[0.0544996,-0.74944,-0.659826],[0.266081,0.647814,-0.713819]]],"btipPosition":[45.2315,219.403,19.6821],"carpPosition":[44.038,311.536,77.922],"dipPosition":[50.0808,231.21,6.67277],"direction":[-0.221274,-0.895658,0.38579],"extended":false,"handId":660,"id":6602,"length":64.9848,"mcpPosition":[58.2592,299.466,12.881],"pipPosition":[56.1832,255.911,-3.96673],"stabilizedTipPosition":[44.0106,217.523,13.3092],"timeVisible":1.06658,"tipPosition":[47.0992,224.077,15.2205],"tipVelocity":[74.9729,78.4947,-32.76],"tool":false,"touchDistance":0.333333,"touchZone":"none","type":2,"width":18.424},{"bases":[[[0.90496,-0.181807,0.3847],[0.234754,0.967397,-0.0950427],[-0.354878,0.17632,0.918136]],[[0.907429,-0.183041,0.378245],[0.412928,0.22161,-0.883391],[0.0778733,0.957802,0.276678]],[[0.907429,-0.183041,0.378245],[0.235424,-0.524149,-0.81844],[0.348065,0.831724,-0.432536]],[[0.907429,-0.183041,0.378245],[0.0843178,-0.80252,-0.590638],[0.41166,0.567854,-0.712796]]],"btipPosition":[57.1382,225.778,36.5979],"carpPosition":[55.7642,310.627,79.827],"dipPosition":[64.5976,236.067,23.6819],"direction":[-0.348065,-0.831724,0.432535],"extended":false,"handId":660,"id":6603,"length":62.4846,"mcpPosition":[77.3231,299.916,24.0502],"pipPosition":[73.9487,258.413,12.0613],"stabilizedTipPosition":[58.4014,227.51,34.1192],"timeVisible":1.06658,"tipPosition":[59.626,229.716,31.7327],"tipVelocity":[63.3349,99.8757,-51.1365],"tool":false,"touchDistance":0.333333,"touchZone":"none","type":3,"width":17.5316},{"bases":[[[0.806493,-0.317505,0.498758],[0.340369,0.939094,0.0474402],[-0.483444,0.131502,0.865442]],[[0.716364,-0.291662,0.633843],[0.692254,0.183536,-0.697925],[0.087225,0.938748,0.333383]],[[0.716364,-0.291662,0.633843],[0.426846,-0.535416,-0.728788],[0.551929,0.792631,-0.259058]],[[0.716364,-0.291662,0.633843],[0.187042,-0.794914,-0.577171],[0.672189,0.532019,-0.514895]]],"btipPosition":[68.9269,240.077,38.4548],"carpPosition":[66.4375,303.593,85.0347],"dipPosition":[80.1638,248.971,29.8474],"direction":[-0.551929,-0.792631,0.259058],"extended":false,"handId":660,"id":6604,"length":48.9868,"mcpPosition":[93.6243,296.198,36.3659],"pipPosition":[90.6331,264.006,24.9334],"stabilizedTipPosition":[71.2764,241.492,37.1867],"timeVisible":1.06658,"tipPosition":[72.4882,243.312,35.1575],"tipVelocity":[35.9669,112.862,-98.6883],"tool":false,"touchDistance":0.333333,"touchZone":"none","type":4,"width":15.573}],"r":[[0.939805,-0.217862,0.263254],[0.323349,0.816128,-0.478937],[-0.110507,0.53523,0.837447]],"s":1.63103,"t":[56.3858,-43.6123,-208.841],"timestamp":523147719949},false],[6,{"currentFrameRate":105.675,"devices":[],"gestures":[],"hands":[{"armBasis":[[0.995506,-0.0144244,-0.0935929],[0.00305704,0.992711,-0.120479],[0.0946486,0.119651,0.988294]],"armWidth":61.7975,"confidence":0.639777,"direction":[0.238673,-0.0173444,-0.970945],"elbow":[74.6012,333.123,347.819],"grabStrength":0,"id":660,"palmNormal":[0.0210336,-0.999514,0.0230251],"palmPosition":[55.2273,296.504,36.5169],"palmVelocity":[-1.80821,61.3607,-96.3189],"palmWidth":88.2447,"pinchStrength":0.672082,"r":[[0.944202,-0.205851,0.257114],[0.308717,0.825178,-0.473048],[-0.114788,0.526028,0.842685]],"s":1.62834,"sphereCenter":[1.43393,270.674,1.20552],"sphereRadius":70.8337,"stabilizedPalmPosition":[54.0663,287.768,45.3373],"t":[56.3486,-43.1196,-209.729],"timeVisible":1.0756,"type":"right","wrist":[49.8172,301.792,89.0304]}],"id":4234055,"interactionBox":{"center":[0,200,0],"size":[235.247,235.247,147.751]},"pointables":[{"bases":[[[0.418436,0.901037,-0.114209],[-0.883904,0.432907,0.176933],[0.208865,0.0269151,0.977574]],[[0.329944,0.845373,-0.420098],[-0.942943,0.316204,-0.10428],[0.0446807,0.430535,0.901467]],[[0.329944,0.845373,-0.420098],[-0.942199,0.267427,-0.20185],[-0.058293,0.462415,0.884745]],[[0.329944,0.845373,-0.420098],[-0.918986,0.185874,-0.347729],[-0.215875,0.500795,0.838214]]],"btipPosition":[27.0671,243.164,-6.01417],"carpPosition":[22.4028,290.664,85.9083],"dipPosition":[22.1673,254.53,13.0112],"direction":[0.058293,-0.462415,-0.884745],"extended":false,"handId":660,"id":6600,"length":50.5439,"mcpPosition":[22.4028,290.664,85.9083],"pipPosition":[20.2397,269.821,42.2669],"stabilizedTipPosition":[22.9457,243.189,3.83468],"timeVisible":1.0756,"tipPosition":[26.2971,246.43,-0.364813],"tipVelocity":[75.5966,63.3429,-134.526],"tool":false,"touchDistance":-0.441115,"touchZone":"hovering","type":0,"width":19.639},{"bases":[[[0.997163,0.0226379,0.0717872],[-0.0100798,0.985273,-0.170689],[-0.074594,0.169481,0.982706]],[[0.992202,-0.0113518,-0.12412],[0.0349594,0.981215,0.189721],[0.119635,-0.192581,0.973961]],[[0.992202,-0.0113518,-0.12412],[0.00982837,0.999869,-0.0128796],[0.12425,0.0115593,0.992184]],[[0.992202,-0.0113518,-0.12412],[-0.0130397,0.980924,-0.193952],[0.123954,0.194058,0.973127]]],"btipPosition":[27.446,302.086,-72.8212],"carpPosition":[32.0749,309.641,77.2588],"dipPosition":[29.4999,305.301,-56.6964],"direction":[-0.12425,-0.0115593,-0.992184],"extended":true,"handId":660,"id":6601,"length":57.0332,"mcpPosition":[37.3972,297.548,7.14274],"pipPosition":[32.4125,305.572,-33.4385],"stabilizedTipPosition":[32.2919,303.63,-63.3482],"timeVisible":1.0756,"tipPosition":[28.2494,304.834,-66.0661],"tipVelocity":[-39.8229,-27.7071,-85.3924],"tool":false,"touchDistance":0.227887,"touchZone":"hovering","type":1,"width":18.7592},{"bases":[[[0.964927,-0.122972,0.231934],[0.157012,0.978398,-0.134478],[-0.210387,0.166178,0.963391]],[[0.96522,-0.123204,0.230588],[0.259272,0.337795,-0.904805],[0.0335842,0.933121,0.35799]],[[0.96522,-0.123204,0.230588],[0.158998,-0.423503,-0.891832],[0.207532,0.897477,-0.389185]],[[0.96522,-0.123204,0.230588],[0.0620146,-0.748928,-0.659743],[0.253976,0.651097,-0.71524]]],"btipPosition":[46.194,219.957,19.1114],"carpPosition":[43.8807,311.438,77.2636],"dipPosition":[50.8228,231.823,6.07612],"direction":[-0.207532,-0.897477,0.389185],"extended":false,"handId":660,"id":6602,"length":64.9848,"mcpPosition":[58.1161,300.194,12.0777],"pipPosition":[56.5462,256.574,-4.65699],"stabilizedTipPosition":[44.8924,218.925,14.0705],"timeVisible":1.0756,"tipPosition":[47.9693,224.641,14.6561],"tipVelocity":[82.1481,74.1893,-41.3321],"tool":false,"touchDistance":0.333333,"touchZone":"none","type":2,"width":18.424},{"bases":[[[0.90885,-0.170581,0.38065],[0.218764,0.971911,-0.0867848],[-0.355154,0.162147,0.920638]],[[0.911612,-0.171849,0.373404],[0.405216,0.223193,-0.886558],[0.0690133,0.959506,0.273102]],[[0.911612,-0.171849,0.373404],[0.236673,-0.523285,-0.818632],[0.336078,0.83465,-0.436361]],[[0.911612,-0.171849,0.373404],[0.0914205,-0.800897,-0.591782],[0.400755,0.573613,-0.714397]]],"btipPosition":[57.9196,226.457,36.0351],"carpPosition":[55.6253,310.702,79.1294],"dipPosition":[65.1814,236.851,23.0901],"direction":[-0.336078,-0.83465,0.436361],"extended":false,"handId":660,"id":6603,"length":62.4846,"mcpPosition":[77.201,300.852,23.2006],"pipPosition":[74.2105,259.275,11.3667],"stabilizedTipPosition":[59.0975,228.293,33.4975],"timeVisible":1.0756,"tipPosition":[60.3177,230.426,31.1767],"tipVelocity":[68.3493,93.8321,-54.43],"tool":false,"touchDistance":0.333333,"touchZone":"none","type":3,"width":17.5316},{"bases":[[[0.812913,-0.308895,0.493717],[0.325218,0.944029,0.0551561],[-0.483121,0.115729,0.867872]],[[0.727103,-0.286927,0.623694],[0.68089,0.185192,-0.708585],[0.0878089,0.939881,0.330019]],[[0.727103,-0.286927,0.623694],[0.417843,-0.535879,-0.733649],[0.544728,0.794044,-0.269749]],[[0.727103,-0.286927,0.623694],[0.183673,-0.794058,-0.579428],[0.661503,0.535859,-0.524661]]],"btipPosition":[69.1921,241.036,38.0094],"carpPosition":[66.4256,303.795,84.2445],"dipPosition":[80.2503,249.994,29.2388],"direction":[-0.544728,-0.794044,0.269749],"extended":false,"handId":660,"id":6604,"length":48.9868,"mcpPosition":[93.5943,297.287,35.4391],"pipPosition":[90.5831,265.056,24.122],"stabilizedTipPosition":[71.4978,242.266,36.6107],"timeVisible":1.0756,"tipPosition":[72.6979,244.268,34.6065],"tipVelocity":[32.9036,111.506,-86.258],"tool":false,"touchDistance":0.333333,"touchZone":"none","type":4,"width":15.573}],"r":[[0.944202,-0.205851,0.257114],[0.308717,0.825178,-0.473048],[-0.114788,0.526028,0.842685]],"s":1.62834,"t":[56.3486,-43.1196,-209.729],"timestamp":523147728973},false],[7,{"currentFrameRate":105.88,"devices":[],"gestures":[],"hands":[{"armBasis":[[0.99537,0.001196,-0.0961101],[-0.0127788,0.992693,-0.119991],[0.0952643,0.120664,0.988112]],"armWidth":61.768,"confidence"