{"sensorType":"Leap","data":[[0,{"currentFrameRate":104.276,"devices":[],"gestures":[],"hands":[{"armBasis":[[0.996853,-0.0363373,-0.0704535],[0.040714,0.997263,0.0617143],[0.0680181,-0.0643885,0.995604]],"armWidth":63.3096,"confidence":0.770423,"direction":[0.097133,0.269423,-0.958111],"elbow":[82.1794,304.936,359.342],"grabStrength":0,"id":662,"palmNormal":[-0.0204465,-0.96192,-0.272567],"palmPosition":[61.5202,332.884,39.02],"palmVelocity":[44.7771,-91.7599,-146.609],"palmWidth":90.4039,"pinchStrength":0.896506,"r":[[0.970527,0.240573,0.0142415],[-0.228848,0.938527,-0.258447],[-0.0755414,0.247571,0.96592]],"s":1.11639,"sphereCenter":[49.6881,293.395,8.01029],"sphereRadius":47.2998,"stabilizedPalmPosition":[24.2722,369.344,164.508],"t":[41.7076,-39.5435,-140.739],"timeVisible":0.361732,"type":"right","wrist":[63.9328,322.209,92.2605]}],"id":4234849,"interactionBox":{"center":[0,200,0],"size":[235.247,235.247,147.751]},"pointables":[{"bases":[[[0.437652,0.894403,0.0922136],[-0.829583,0.362111,0.425051],[0.346775,-0.262523,0.90046]],[[0.250579,0.921688,-0.296145],[-0.953975,0.287146,0.0864863],[0.16475,0.260843,0.951219]],[[0.250579,0.921688,-0.296145],[-0.963789,0.266331,0.0134006],[0.0912238,0.282063,0.955049]],[[0.250579,0.921688,-0.296145],[-0.94891,0.173239,-0.263738],[-0.19178,0.347102,0.918009]]],"btipPosition":[28.3968,281.713,-10.7735],"carpPosition":[35.1986,312.276,90.1028],"dipPosition":[23.9374,289.784,10.5728],"direction":[-0.0912238,-0.282063,-0.955049],"extended":false,"handId":662,"id":6620,"length":51.7807,"mcpPosition":[35.1986,312.276,90.1028],"pipPosition":[27.0277,299.339,42.9261],"stabilizedTipPosition":[1.51692,319.408,69.717],"timeVisible":0.361732,"tipPosition":[28.2893,282.907,-5.63427],"tipVelocity":[33.7547,-91.7052,-136.74],"tool":false,"touchDistance":-0.416362,"touchZone":"hovering","type":0,"width":20.1196},{"bases":[[[0.997244,-0.00017466,-0.0741915],[0.00964085,0.991824,0.127252],[0.0735626,-0.127617,0.989092]],[[0.993793,0.00460083,-0.111151],[-0.0211492,0.988736,-0.148168],[0.109217,0.149599,0.982696]],[[0.993793,0.00460083,-0.111151],[-0.0338734,0.964215,-0.262949],[0.105963,0.265082,0.958386]],[[0.993793,0.00460083,-0.111151],[-0.0428695,0.937816,-0.344475],[0.102654,0.347101,0.932192]]],"btipPosition":[30.2759,324.143,-67.1688],"carpPosition":[44.6023,333.458,85.9165],"dipPosition":[32.0185,330.035,-51.3443],"direction":[-0.105963,-0.265082,-0.958386],"extended":true,"handId":662,"id":6621,"length":58.4287,"mcpPosition":[39.2252,342.787,13.6181],"pipPosition":[34.5632,336.401,-28.329],"stabilizedTipPosition":[5.90866,367.439,22.1373],"timeVisible":0.361732,"tipPosition":[30.9377,324.411,-63.2638],"tipVelocity":[29.5926,-113.725,-142.324],"tool":false,"touchDistance":0.331893,"touchZone":"hovering","type":1,"width":19.2182},{"bases":[[[0.981661,-0.186494,0.0395214],[0.179711,0.974473,0.134562],[-0.0636075,-0.124992,0.990117]],[[0.980536,-0.188441,0.055127],[0.158438,0.593597,-0.789012],[0.115959,0.782389,0.6119]],[[0.980536,-0.188441,0.055127],[0.0651609,0.0474683,-0.996745],[0.185211,0.980937,0.0588234]],[[0.980536,-0.188441,0.055127],[0.00421949,-0.260485,-0.965469],[0.196294,0.946909,-0.25462]]],"btipPosition":[46.6027,261.01,-10.1904],"carpPosition":[56.6446,335.209,84.6549],"dipPosition":[50.2677,278.69,-14.9444],"direction":[-0.185211,-0.980937,-0.0588234],"extended":false,"handId":662,"id":6622,"length":66.5748,"mcpPosition":[61.0538,343.873,16.0214],"pipPosition":[55.5005,306.404,-13.2825],"stabilizedTipPosition":[37.6555,278.842,8.63679],"timeVisible":0.361732,"tipPosition":[47.4843,265.435,-11.9436],"tipVelocity":[56.294,-108.632,-126.564],"tool":false,"touchDistance":-0.391652,"touchZone":"hovering","type":2,"width":18.8748},{"bases":[[[0.945242,-0.27578,0.174537],[0.247267,0.954177,0.168536],[-0.213019,-0.11615,0.97012]],[[0.928784,-0.282964,0.239357],[0.358917,0.525692,-0.77125],[0.0924082,0.802234,0.589815]],[[0.928784,-0.282964,0.239357],[0.240695,-0.0305738,-0.970119],[0.281827,0.958643,0.0397117]],[[0.928784,-0.282964,0.239357],[0.141277,-0.326759,-0.934489],[0.342639,0.901754,-0.263512]]],"btipPosition":[63.8184,262.408,1.68715],"carpPosition":[68.7805,333.917,84.4482],"dipPosition":[70.179,279.148,-3.2046],"direction":[-0.281827,-0.958643,-0.0397117],"extended":false,"handId":662,"id":6623,"length":64.0135,"mcpPosition":[82.0381,341.146,24.0714],"pipPosition":[77.9359,305.533,-2.11159],"stabilizedTipPosition":[47.5943,285.756,36.5931],"timeVisible":0.361732,"tipPosition":[65.3658,266.454,-0.102614],"tipVelocity":[55.502,-101.66,-122.522],"tool":false,"touchDistance":-0.370895,"touchZone":"hovering","type":3,"width":17.9606},{"bases":[[[0.860298,-0.441211,0.255383],[0.371479,0.885632,0.278672],[-0.349129,-0.144872,0.925808]],[[0.753905,-0.462918,0.466192],[0.650136,0.423491,-0.630855],[0.094606,0.778693,0.620231]],[[0.753905,-0.462918,0.466192],[0.47599,-0.104233,-0.873252],[0.452836,0.880252,0.141763]],[[0.753905,-0.462918,0.466192],[0.312683,-0.371251,-0.874301],[0.577803,0.80491,-0.135141]]],"btipPosition":[78.2467,275.703,10.1219],"carpPosition":[80.1517,325.604,85.6893],"dipPosition":[88.142,289.487,7.80745],"direction":[-0.452836,-0.880252,-0.141763],"extended":false,"handId":662,"id":6624,"length":50.1854,"mcpPosition":[100.266,333.95,32.3519],"pipPosition":[96.9419,306.593,10.5623],"stabilizedTipPosition":[51.5901,306.527,74.6676],"timeVisible":0.361732,"tipPosition":[80.7691,279.028,9.0575],"tipVelocity":[51.2798,-93.9911,-129.808],"tool":false,"touchDistance":-0.37685,"touchZone":"hovering","type":4,"width":15.954}],"r":[[0.970527,0.240573,0.0142415],[-0.228848,0.938527,-0.258447],[-0.0755414,0.247571,0.96592]],"s":1.11639,"t":[41.7076,-39.5435,-140.739],"timestamp":523156715361},false],[1,{"currentFrameRate":104.661,"devices":[],"gestures":[],"hands":[{"armBasis":[[0.997056,-0.0295788,-0.070746],[0.0339387,0.997546,0.0612412],[0.0687609,-0.0634619,0.995613]],"armWidth":63.3096,"confidence":0.775922,"direction":[0.0937717,0.267265,-0.95905],"elbow":[82.7424,304.524,357.828],"grabStrength":0,"id":662,"palmNormal":[-0.0144734,-0.962827,-0.269732],"palmPosition":[61.726,332.052,37.4771],"palmVelocity":[38.9707,-92.429,-154.187],"palmWidth":90.4039,"pinchStrength":0.893619,"r":[[0.969636,0.244224,0.0126413],[-0.23262,0.937048,-0.260439],[-0.0754511,0.249591,0.965407]],"s":1.1179,"sphereCenter":[50.3324,292.39,6.61695],"sphereRadius":47.2351,"stabilizedPalmPosition":[24.4913,369.125,163.765],"t":[42.0394,-40.414,-142.222],"timeVisible":0.370566,"type":"right","wrist":[64.2965,321.548,90.7444]}],"id":4234850,"interactionBox":{"center":[0,200,0],"size":[235.247,235.247,147.751]},"pointables":[{"bases":[[[0.431825,0.897567,0.0888883],[-0.831286,0.357813,0.425363],[0.349986,-0.257574,0.900647]],[[0.244365,0.922591,-0.298516],[-0.955293,0.281886,0.0891943],[0.166437,0.263374,0.950228]],[[0.244365,0.922591,-0.298516],[-0.965532,0.259956,0.0130344],[0.0896264,0.285042,0.954316]],[[0.244365,0.922591,-0.298516],[-0.950723,0.167372,-0.260982],[-0.190816,0.347581,0.918029]]],"btipPosition":[28.772,280.617,-12.1397],"carpPosition":[35.6258,311.417,88.6631],"dipPosition":[24.3349,288.699,9.20713],"direction":[-0.0896264,-0.285042,-0.954316],"extended":false,"handId":662,"id":6620,"length":51.7807,"mcpPosition":[35.6258,311.417,88.6631],"pipPosition":[27.3711,298.355,41.5355],"stabilizedTipPosition":[2.00639,318.719,68.2813],"timeVisible":0.370566,"tipPosition":[28.6569,281.82,-7.00235],"tipVelocity":[36.267,-100.365,-141.577],"tool":false,"touchDistance":-0.42355,"touchZone":"hovering","type":0,"width":20.1196},{"bases":[[[0.997101,0.00625636,-0.0758354],[0.00323169,0.992233,0.124349],[0.0760244,-0.124234,0.989336]],[[0.993528,0.0109331,-0.11306],[-0.0280201,0.988187,-0.15067],[0.110077,0.152863,0.982098]],[[0.993528,0.0109331,-0.11306],[-0.0408739,0.963092,-0.26605],[0.105979,0.26895,0.957306]],[[0.993528,0.0109331,-0.11306],[-0.0498996,0.936178,-0.347967],[0.10204,0.351357,0.930664]]],"btipPosition":[30.3481,322.783,-68.6261],"carpPosition":[44.8811,332.65,84.3996],"dipPosition":[32.0803,328.747,-52.8276],"direction":[-0.105979,-0.26895,-0.957306],"extended":true,"handId":662,"id":6621,"length":58.4287,"mcpPosition":[39.3241,341.731,12.0833],"pipPosition":[34.6253,335.206,-29.8382],"stabilizedTipPosition":[6.44821,366.499,20.2446],"timeVisible":0.370566,"tipPosition":[31.017,323.095,-64.7322],"tipVelocity":[23.7292,-124.089,-148.626],"tool":false,"touchDistance":0.332042,"touchZone":"hovering","type":1,"width":19.2182},{"bases":[[[0.982946,-0.179829,0.0384448],[0.173425,0.976038,0.131429],[-0.0611584,-0.12252,0.99058]],[[0.981873,-0.181718,0.0538849],[0.15304,0.59236,-0.791005],[0.11182,0.784913,0.609432]],[[0.981873,-0.181718,0.0538849],[0.0630612,0.0450995,-0.99699],[0.178741,0.982316,0.0557413]],[[0.981873,-0.181718,0.0538849],[0.00424686,-0.263131,-0.964751],[0.189491,0.947492,-0.25759]]],"btipPosition":[47.2057,259.936,-11.5036],"carpPosition":[56.9094,334.477,83.1131],"dipPosition":[50.7437,277.627,-16.3131],"direction":[-0.178741,-0.982316,-0.0557413],"extended":false,"handId":662,"id":6622,"length":66.5748,"mcpPosition":[61.1488,342.97,14.4475],"pipPosition":[55.7937,305.38,-14.7382],"stabilizedTipPosition":[38.4742,277.67,6.95835],"timeVisible":0.370566,"tipPosition":[48.0553,264.359,-13.2626],"tipVelocity":[58.6343,-112.047,-132.925],"tool":false,"touchDistance":-0.400709,"touchZone":"hovering","type":2,"width":18.8748},{"bases":[[[0.947344,-0.268962,0.17378],[0.241171,0.956293,0.16535],[-0.210657,-0.114733,0.970804]],[[0.931495,-0.275905,0.237052],[0.352118,0.520409,-0.777938],[0.0912733,0.808116,0.581909]],[[0.931495,-0.275905,0.237052],[0.235206,-0.0402697,-0.971111],[0.277481,0.960341,0.0273837]],[[0.931495,-0.275905,0.237052],[0.137443,-0.336413,-0.931631],[0.33679,0.90039,-0.275446]]],"btipPosition":[64.2228,261.386,0.998317],"carpPosition":[69.0533,333.266,82.8902],"dipPosition":[70.4748,278.1,-4.11497],"direction":[-0.277481,-0.960341,-0.0273837],"extended":false,"handId":662,"id":6623,"length":64.0135,"mcpPosition":[82.1639,340.406,22.4707],"pipPosition":[78.1121,304.532,-3.36127],"stabilizedTipPosition":[48.7186,284.479,34.3048],"timeVisible":0.370566,"tipPosition":[65.8121,265.449,-0.982184],"tipVelocity":[52.1102,-105.634,-112.041],"tool":false,"touchDistance":-0.373236,"touchZone":"hovering","type":3,"width":17.9606},{"bases":[[[0.863637,-0.434719,0.255246],[0.366017,0.888899,0.275481],[-0.346645,-0.144491,0.926801]],[[0.757457,-0.456537,0.466725],[0.6462,0.422201,-0.635745],[0.0931893,0.783147,0.614814]],[[0.757457,-0.456537,0.466725],[0.473305,-0.108431,-0.8742],[0.449712,0.883072,0.13395]],[[0.757457,-0.456537,0.466725],[0.311325,-0.375793,-0.872844],[0.573878,0.806445,-0.142516]]],"btipPosition":[78.6113,274.872,8.98048],"carpPosition":[80.4816,325.032,84.1367],"dipPosition":[88.4394,288.682,6.53979],"direction":[-0.449712,-0.883072,-0.13395],"extended":false,"handId":662,"id":6624,"length":50.1854,"mcpPosition":[100.452,333.356,30.7421],"pipPosition":[97.1786,305.843,9.14281],"stabilizedTipPosition":[52.3814,305.757,72.8773],"timeVisible":0.370566,"tipPosition":[81.1593,278.207,7.83865],"tipVelocity":[48.1015,-93.8358,-130.533],"tool":false,"touchDistance":-0.385055,"touchZone":"hovering","type":4,"width":15.954}],"r":[[0.969636,0.244224,0.0126413],[-0.23262,0.937048,-0.260439],[-0.0754511,0.249591,0.965407]],"s":1.1179,"t":[42.0394,-40.414,-142.222],"timestamp":523156724195},false],[2,{"currentFrameRate":104.863,"devices":[],"gestures":[],"hands":[{"armBasis":[[0.997059,-0.0315477,-0.0698498],[0.035093,0.998126,0.050124],[0.0681377,-0.0524278,0.996297]],"armWidth":63.3096,"confidence":0.779593,"direction":[0.0894538,0.262872,-0.960675],"elbow":[83.1353,307.034,356.052],"grabStrength":0,"id":662,"palmNormal":[-0.0160321,-0.964037,-0.265285],"palmPosition":[62.0449,331.36,35.4818],"palmVelocity":[37.8121,-87.6943,-171.921],"palmWidth":90.4039,"pinchStrength":0.891867,"r":[[0.96894,0.247082,0.0102424],[-0.235811,0.935628,-0.262664],[-0.0744828,0.252091,0.964833]],"s":1.1192,"sphereCenter":[50.7199,291.57,4.87153],"sphereRadius":47.159,"stabilizedPalmPosition":[24.7056,368.91,163.033],"t":[42.3647,-41.1947,-143.961],"timeVisible":0.379727,"type":"right","wrist":[64.8567,321.098,88.7839]}],"id":4234851,"interactionBox":{"center":[0,200,0],"size":[235.247,235.247,147.751]},"pointables":[{"bases":[[[0.432527,0.897809,0.0828245],[-0.829205,0.360035,0.427545],[0.354034,-0.253603,0.900192]],[[0.243773,0.921278,-0.30302],[-0.954381,0.283429,0.0939388],[0.172428,0.266297,0.948343]],[[0.243773,0.921278,-0.30302],[-0.965407,0.260326,0.0148276],[0.0925443,0.288923,0.952869]],[[0.243773,0.921278,-0.30302],[-0.951825,0.167339,-0.256956],[-0.186021,0.351061,0.917689]]],"btipPosition":[28.812,279.81,-13.7721],"carpPosition":[36.1733,310.968,86.8803],"dipPosition":[24.4865,287.974,7.56682],"direction":[-0.0925443,-0.288923,-0.952869],"extended":false,"handId":662,"id":6620,"length":51.7807,"mcpPosition":[36.1733,310.968,86.8803],"pipPosition":[27.6215,297.761,39.8462],"stabilizedTipPosition":[2.47503,318.047,66.8806],"timeVisible":0.379727,"tipPosition":[28.6932,281.03,-8.63954],"tipVelocity":[28.1561,-96.3622,-151.838],"tool":false,"touchDistance":-0.434042,"touchZone":"hovering","type":0,"width":20.1196},{"bases":[[[0.996744,0.00555987,-0.0804413],[0.00413239,0.992787,0.119823],[0.0805272,-0.119765,0.989531]],[[0.992962,0.0101092,-0.118004],[-0.028436,0.987556,-0.154676],[0.114972,0.156943,0.980893]],[[0.992962,0.0101092,-0.118004],[-0.0419809,0.961701,-0.270867],[0.110747,0.273914,0.955357]],[[0.992962,0.0101092,-0.118004],[-0.0514963,0.934092,-0.3533],[0.106655,0.35689,0.928038]]],"btipPosition":[30.1521,321.597,-70.4192],"carpPosition":[45.416,332.178,82.4779],"dipPosition":[31.9626,327.655,-54.6653],"direction":[-0.110747,-0.273914,-0.955357],"extended":true,"handId":662,"id":6621,"length":58.4287,"mcpPosition":[39.5298,340.933,10.1474],"pipPosition":[34.6221,334.233,-31.7226],"stabilizedTipPosition":[6.99702,365.509,18.2642],"timeVisible":0.379727,"tipPosition":[30.8421,321.967,-66.5431],"tipVelocity":[11.6984,-124.929,-162.068],"tool":false,"touchDistance":0.331766,"touchZone":"hovering","type":1,"width":19.2182},{"bases":[[[0.983053,-0.18,0.0347472],[0.174351,0.976564,0.126194],[-0.0566478,-0.117997,0.991397]],[[0.982096,-0.181744,0.0495646],[0.148977,0.58827,-0.794823],[0.115297,0.787977,0.604814]],[[0.982096,-0.181744,0.0495646],[0.0577669,0.0401155,-0.997524],[0.179305,0.982527,0.0498961]],[[0.982096,-0.181744,0.0495646],[-0.000931892,-0.267792,-0.963476],[0.188379,0.94618,-0.263167]]],"btipPosition":[47.2608,259.012,-13.055],"carpPosition":[57.4388,333.995,81.1279],"dipPosition":[50.778,276.678,-17.9686],"direction":[-0.179305,-0.982527,-0.0498961],"extended":false,"handId":662,"id":6622,"length":66.5748,"mcpPosition":[61.3656,342.174,12.4056],"pipPosition":[55.844,304.438,-16.5589],"stabilizedTipPosition":[39.1922,276.578,5.37629],"timeVisible":0.379727,"tipPosition":[48.1083,263.421,-14.8365],"tipVelocity":[43.8221,-109.096,-143.805],"tool":false,"touchDistance":-0.412602,"touchZone":"hovering","type":2,"width":18.8748},{"bases":[[[0.948043,-0.268504,0.170648],[0.242246,0.956949,0.159894],[-0.206234,-0.110247,0.972272]],[[0.932891,-0.275013,0.232555],[0.346776,0.511505,-0.786199],[0.0972619,0.814083,0.572546]],[[0.932891,-0.275013,0.232555],[0.226839,-0.0528797,-0.972496],[0.279746,0.959985,0.0130524]],[[0.932891,-0.275013,0.232555],[0.12882,-0.348197,-0.928528],[0.336332,0.896173,-0.289403]]],"btipPosition":[64.1556,260.443,-0.0593635],"carpPosition":[69.5812,332.778,80.8547],"dipPosition":[70.3992,277.079,-5.43174],"direction":[-0.279746,-0.959985,-0.0130524],"extended":false,"handId":662,"id":6623,"length":64.0135,"mcpPosition":[82.4164,339.64,20.3439],"pipPosition":[78.0988,303.501,-5.07249],"stabilizedTipPosition":[49.7812,283.206,32.0629],"timeVisible":0.379727,"tipPosition":[65.7935,264.498,-2.20914],"tipVelocity":[35.4829,-105.443,-114.806],"tool":false,"touchDistance":0.333333,"touchZone":"none","type":3,"width":17.9606},{"bases":[[[0.864656,-0.433859,0.253251],[0.367574,0.890012,0.269755],[-0.342432,-0.140157,0.92903]],[[0.759504,-0.454676,0.465214],[0.642717,0.414191,-0.644485],[0.100344,0.78849,0.606807]],[[0.759504,-0.454676,0.465214],[0.465788,-0.119101,-0.876845],[0.454088,0.882658,0.121325]],[[0.759504,-0.454676,0.465214],[0.303061,-0.385483,-0.871526],[0.575594,0.802915,-0.154982]]],"btipPosition":[78.5335,274.017,7.5416],"carpPosition":[81.0124,324.546,82.0861],"dipPosition":[88.391,287.767,4.88742],"direction":[-0.454088,-0.882658,-0.121325],"extended":false,"handId":662,"id":6624,"length":50.1854,"mcpPosition":[100.74,332.621,28.5631],"pipPosition":[97.2152,304.92,7.24511],"stabilizedTipPosition":[53.1231,305.012,71.1561],"timeVisible":0.379727,"tipPosition":[81.1462,277.339,6.28025],"tipVelocity":[32.5336,-94.1053,-139.422],"tool":false,"touchDistance":-0.397203,"touchZone":"hovering","type":4,"width":15.954}],"r":[[0.96894,0.247082,0.0102424],[-0.235811,0.935628,-0.262664],[-0.0744828,0.252091,0.964833]],"s":1.1192,"t":[42.3647,-41.1947,-143.961],"timestamp":523156733356},false],[3,{"currentFrameRate":105.188,"devices":[],"gestures":[],"hands":[{"armBasis":[[0.99706,-0.032503,-0.0693875],[0.0356405,0.998375,0.0444671],[0.0678294,-0.0468094,0.996598]],"armWidth":63.3096,"confidence":0.779601,"direction":[0.0872522,0.260637,-0.961486],"elbow":[83.3377,308.312,355.134],"grabStrength":0,"id":662,"palmNormal":[-0.0168093,-0.964644,-0.263019],"palmPosition":[62.2071,331.009,34.4669],"palmVelocity":[32.484,-74.5827,-156.171],"palmWidth":90.4039,"pinchStrength":0.891238,"r":[[0.968387,0.249334,0.00775094],[-0.238456,0.934367,-0.264759],[-0.0732555,0.25454,0.964284]],"s":1.12005,"sphereCenter":[51.0504,291.119,3.98987],"sphereRadius":47.1026,"stabilizedPalmPosition":[24.8953,368.718,162.382],"t":[42.6085,-41.7609,-145.338],"timeVisible":0.388628,"type":"right","wrist":[65.1417,320.869,87.7859]}],"id":4234852,"interactionBox":{"center":[0,200,0],"size":[235.247,235.247,147.751]},"pointables":[{"bases":[[[0.432866,0.897925,0.0797399],[-0.828145,0.361161,0.428648],[0.356095,-0.251583,0.899946]],[[0.243574,0.920641,-0.30511],[-0.953764,0.284479,0.096982],[0.176083,0.267381,0.947366]],[[0.243574,0.920641,-0.30511],[-0.965408,0.260325,0.0148052],[0.093058,0.290949,0.952202]],[[0.243574,0.920641,-0.30511],[-0.952306,0.167399,-0.25513],[-0.183808,0.352701,0.917506]]],"btipPosition":[28.8409,279.421,-14.6044],"carpPosition":[36.4523,310.74,85.9726],"dipPosition":[24.5668,287.623,6.73025],"direction":[-0.093058,-0.290949,-0.952202],"extended":false,"handId":662,"id":6620,"length":51.7807,"mcpPosition":[36.4523,310.74,85.9726],"pipPosition":[27.7193,297.479,38.987],"stabilizedTipPosition":[2.88503,317.453,65.6437],"timeVisible":0.388628,"tipPosition":[28.7046,280.65,-9.47597],"tipVelocity":[21.7426,-81.7693,-136.001],"tool":false,"touchDistance":-0.43147,"touchZone":"hovering","type":0,"width":20.1196},{"bases":[[[0.996554,0.00520585,-0.0827818],[0.0045745,0.99306,0.117519],[0.0828191,-0.117493,0.989614]],[[0.992633,0.00971935,-0.120769],[-0.0287236,0.987239,-0.156635],[0.117706,0.15895,0.980245]],[[0.992633,0.00971935,-0.120769],[-0.0427369,0.960796,-0.273942],[0.113372,0.277085,0.954133]],[[0.992633,0.00971935,-0.120769],[-0.0525798,0.93258,-0.357114],[0.109156,0.360833,0.92622]]],"btipPosition":[30.0345,320.962,-71.3156],"carpPosition":[45.6882,331.938,81.4997],"dipPosition":[31.8875,327.087,-55.5925],"direction":[-0.113372,-0.277085,-0.954133],"extended":true,"handId":662,"id":6621,"length":58.4287,"mcpPosition":[39.6344,340.526,9.16314],"pipPosition":[34.6101,333.741,-32.6793],"stabilizedTipPosition":[7.51054,364.565,16.3828],"timeVisible":0.388628,"tipPosition":[30.7376,321.395,-67.4595],"tipVelocity":[5.22314,-109.882,-145.594],"tool":false,"touchDistance":0.316708,"touchZone":"hovering","type":1,"width":19.2182},{"bases":[[[0.983102,-0.180085,0.0328667],[0.174805,0.976823,0.12353],[-0.0543509,-0.115698,0.991796]],[[0.982266,-0.181651,0.0464325],[0.14591,0.585088,-0.797736],[0.117743,0.790364,0.601217]],[[0.982266,-0.181651,0.0464325],[0.0538503,0.0361164,-0.997896],[0.179592,0.9827,0.0452579]],[[0.982266,-0.181651,0.0464325],[-0.00469527,-0.271406,-0.962454],[0.187433,0.945168,-0.267445]]],"btipPosition":[47.2634,258.507,-13.71],"carpPosition":[57.7081,333.749,80.1174],"dipPosition":[50.7629,276.154,-18.7034],"direction":[-0.179592,-0.9827,-0.0452579],"extended":false,"handId":662,"id":6622,"length":66.5748,"mcpPosition":[61.4756,341.769,11.3675],"pipPosition":[55.837,303.919,-17.4248],"stabilizedTipPosition":[39.7805,275.649,4.03522],"timeVisible":0.388628,"tipPosition":[48.1186,262.909,-15.5301],"tipVelocity":[31.8547,-94.9873,-125.265],"tool":false,"touchDistance":-0.409775,"touchZone":"hovering","type":2,"width":18.8748},{"bases":[[[0.948395,-0.268269,0.169053],[0.242775,0.957275,0.157116],[-0.20398,-0.107966,0.973003]],[[0.933417,-0.274622,0.230902],[0.34498,0.51008,-0.787913],[0.0985999,0.815108,0.570856]],[[0.933417,-0.274622,0.230902],[0.22455,-0.0548059,-0.97292],[0.27984,0.959989,0.0105095]],[[0.933417,-0.274622,0.230902],[0.126555,-0.350188,-0.928091],[0.335733,0.895517,-0.292116]]],"btipPosition":[64.2329,260.019,-0.9455],"carpPosition":[69.8496,332.53,79.8187],"dipPosition":[70.4653,276.643,-6.36825],"direction":[-0.27984,-0.959989,-0.0105095],"extended":false,"handId":662,"id":6623,"length":64.0135,"mcpPosition":[82.5446,339.25,19.2624],"pipPosition":[78.1675,303.065,-6.07899],"stabilizedTipPosition":[50.6844,282.105,30.1152],"timeVisible":0.388628,"tipPosition":[65.8589,264.062,-3.08017],"tipVelocity":[28.1144,-89.785,-111.011],"tool":false,"touchDistance":0.333333,"touchZone":"none","type":3,"width":17.9606},{"bases":[[[0.865174,-0.433419,0.252232],[0.368348,0.890571,0.266839],[-0.340283,-0.137953,0.930148]],[[0.760577,-0.453725,0.464389],[0.64046,0.407038,-0.651254],[0.106466,0.792751,0.600176]],[[0.760577,-0.453725,0.464389],[0.459918,-0.128333,-0.878639],[0.458257,0.881853,0.111069]],[[0.760577,-0.453725,0.464389],[0.296541,-0.393533,-0.87017],[0.57757,0.799541,-0.164764]]],"btipPosition":[78.3498,273.567,7.03328],"carpPosition":[81.2823,324.299,81.0424],"dipPosition":[88.2411,287.259,4.21157],"direction":[-0.458257,-0.881853,-0.111069],"extended":false,"handId":662,"id":6624,"length":50.1854,"mcpPosition":[100.887,332.247,27.455],"pipPosition":[97.1463,304.396,6.36995],"stabilizedTipPosition":[53.7744,304.341,69.6221],"timeVisible":0.388628,"tipPosition":[81.0303,276.879,5.66142],"tipVelocity":[18.3058,-82.6753,-118.209],"tool":false,"touchDistance":-0.394018,"touchZone":"hovering","type":4,"width":15.954}],"r":[[0.968387,0.249334,0.00775094],[-0.238456,0.934367,-0.264759],[-0.0732555,0.25454,0.964284]],"s":1.12005,"t":[42.6085,-41.7609,-145.338],"timestamp":523156742257},false],[4,{"currentFrameRate":105.425,"devices":[],"gestures":[],"hands":[{"armBasis":[[0.997026,-0.0338151,-0.0692487],[0.0369538,0.998323,0.0445559],[0.0676259,-0.0469824,0.996604]],"armWidth":63.3096,"confidence":0.781193,"direction":[0.0841105,0.260934,-0.961685],"elbow":[83.7194,307.902,354.051],"grabStrength":0,"id":662,"palmNormal":[-0.018851,-0.964516,-0.263351],"palmPosition":[62.4643,330.67,33.3974],"palmVelocity":[31.365,-64.3424,-145.703],"palmWidth":90.4039,"pinchStrength":0.891013,"r":[[0.967998,0.250908,0.00508135],[-0.24055,0.933426,-0.26618],[-0.0715298,0.25644,0.96391]],"s":1.12074,"sphereCenter":[51.3122,290.786,2.95665],"sphereRadius":47.0676,"stabilizedPalmPosition":[25.0674,368.544,161.792],"t":[42.859,-42.2134,-146.561],"timeVisible":0.397675,"type":"right","wrist":[65.578,320.505,86.7014]}],"id":4234853,"interactionBox":{"center":[0,200,0],"size":[235.247,235.247,147.751]},"pointables":[{"bases":[[[0.434173,0.897398,0.0785573],[-0.826194,0.361928,0.431755],[0.359024,-0.25236,0.898564]],[[0.243769,0.920557,-0.305208],[-0.952777,0.286076,0.10187],[0.18109,0.265963,0.946821]],[[0.243769,0.920557,-0.305208],[-0.965117,0.261257,0.0171574],[0.0955323,0.290379,0.952131]],[[0.243769,0.920557,-0.305208],[-0.952816,0.168628,-0.252402],[-0.180883,0.352335,0.918227]]],"btipPosition":[28.8592,279.189,-15.5777],"carpPosition":[36.8707,310.409,84.9867],"dipPosition":[24.6531,287.382,5.77369],"direction":[-0.0955323,-0.290379,-0.952131],"extended":false,"handId":662,"id":6620,"length":51.7807,"mcpPosition":[36.8707,310.409,84.9867],"pipPosition":[27.8894,297.219,38.0281],"stabilizedTipPosition":[3.239,316.938,64.5635],"timeVisible":0.397675,"tipPosition":[28.7149,280.419,-10.454],"tipVelocity":[16.7799,-66.3656,-128.047],"tool":false,"touchDistance":-0.431199,"touchZone":"hovering","type":0,"width":20.1196},{"bases":[[[0.996257,0.00410386,-0.0863436],[0.00612831,0.993006,0.117907],[0.0862236,-0.117995,0.989264]],[[0.992169,0.00867174,-0.124601],[-0.0282019,0.987378,-0.155847],[0.121677,0.158141,0.979891]],[[0.992169,0.00867174,-0.124601],[-0.0428376,0.960706,-0.274244],[0.117327,0.277434,0.953554]],[[0.992169,0.00867174,-0.124601],[-0.0531275,0.932145,-0.358167],[0.113041,0.361982,0.925306]]],"btipPosition":[29.8818,320.666,-72.2558],"carpPosition":[46.1147,331.599,80.4894],"dipPosition":[31.8007,326.811,-56.5482],"direction":[-0.117327,-0.277434,-0.953554],"extended":true,"handId":662,"id":6621,"length":58.4287,"mcpPosition":[39.8122,340.224,8.17842],"pipPosition":[34.6183,333.473,-33.6489],"stabilizedTipPosition":[7.97999,363.691,14.6331],"timeVisible":0.397675,"tipPosition":[30.5995,321.143,-68.4169],"tipVelocity":[-0.41175,-88.4649,-134.209],"tool":false,"touchDistance":0.300979,"touchZone":"hovering","type":1,"width":19.2182},{"bases":[[[0.983007,-0.181219,0.0292767],[0.176361,0.976572,0.123303],[-0.0509356,-0.116044,0.991937]],[[0.982305,-0.182635,0.0414929],[0.142307,0.583799,-0.799329],[0.121762,0.79109,0.599459]],[[0.982305,-0.182635,0.0414929],[0.0485545,0.034363,-0.998229],[0.180886,0.98258,0.0426227]],[[0.982305,-0.182635,0.0414929],[-0.0101038,-0.272899,-0.96199],[0.187016,0.944548,-0.269915]]],"btipPosition":[47.2289,258.159,-14.5676],"carpPosition":[58.1317,333.397,79.0648],"dipPosition":[50.7207,275.795,-19.6072],"direction":[-0.180886,-0.98258,-0.0426227],"extended":false,"handId":662,"id":6622,"length":66.5748,"mcpPosition":[61.6625,341.441,10.3051],"pipPosition":[55.8313,303.556,-18.4029],"stabilizedTipPosition":[40.265,274.861,2.87475],"timeVisible":0.397675,"tipPosition":[48.0937,262.555,-16.4218],"tipVelocity":[21.9659,-79.4889,-117.185],"tool":false,"touchDistance":-0.410154,"touchZone":"hovering","type":2,"width":18.8748},{"bases":[[[0.948686,-0.26942,0.16555],[0.244428,0.956932,0.156637],[-0.200622,-0.108135,0.973683]],[[0.934022,-0.275746,0.227082],[0.342204,0.508364,-0.790229],[0.102462,0.8158,0.569185]],[[0.934022,-0.275746,0.227082],[0.22005,-0.0566108,-0.973844],[0.281389,0.959562,0.00780233]],[[0.934022,-0.275746,0.227082],[0.121911,-0.351469,-0.928228],[0.335768,0.894669,-0.294664]]],"btipPosition":[64.2302,259.66,-1.88831],"carpPosition":[70.2706,332.164,78.7222],"dipPosition":[70.4633,276.268,-7.35835],"direction":[-0.281389,-0.959562,-0.00780233],"extended":false,"handId":662,"id":6623,"length":64.0135,"mcpPosition":[82.7566,338.894,18.1236],"pipPosition":[78.2081,302.679,-7.1436],"stabilizedTipPosition":[51.4435,281.161,28.4297],"timeVisible":0.397675,"tipPosition":[65.8628,263.701,-4.0419],"tipVelocity":[20.2833,-76.0764,-109.468],"tool":false,"touchDistance":0.333333,"touchZone":"none","type":3,"width":17.9606},{"bases":[[[0.865576,-0.434509,0.248959],[0.370316,0.89004,0.265883],[-0.337112,-0.137948,0.931303]],[[0.7617,-0.454784,0.461503],[0.638378,0.4049,-0.654622],[0.110848,0.793239,0.598736]],[[0.7617,-0.454784,0.461503],[0.455257,-0.131165,-0.880646],[0.461036,0.88089,0.107135]],[[0.7617,-0.454784,0.461503],[0.291178,-0.396032,-0.870847],[0.578817,0.797703,-0.169235]]],"btipPosition":[78.3537,273.22,6.02956],"carpPosition":[81.6983,323.919,79.9016],"dipPosition":[88.2663,286.881,3.13129],"direction":[-0.461036,-0.88089,-0.107135],"extended":false,"handId":662,"id":6624,"length":50.1854,"mcpPosition":[101.12,331.867,26.2477],"pipPosition":[97.2256,303.999,5.21322],"stabilizedTipPosition":[54.3434,303.749,68.261],"timeVisible":0.397675,"tipPosition":[81.0434,276.518,4.63455],"tipVelocity":[13.526,-70.6728,-116.743],"tool":false,"touchDistance":-0.39827,"touchZone":"hovering","type":4,"width":15.954}],"r":[[0.967998,0.250908,0.00508135],[-0.24055,0.933426,-0.26618],[-0.0715298,0.25644,0.96391]],"s":1.12074,"t":[42.859,-42.2134,-146.561],"timestamp":523156751304},false],[5,{"currentFrameRate":105.637,"devices":[],"gestures":[],"hands":[{"armBasis":[[0.996931,-0.0353228,-0.0698693],[0.0384924,0.998265,0.0445511],[0.0681745,-0.0471038,0.996561]],"armWidth":63.3096,"confidence":0.78288,"direction":[0.0827418,0.260822,-0.961834],"elbow":[84.1283,307.578,353.314],"grabStrength":0,"id":662,"palmNormal":[-0.0207424,-0.964484,-0.263325],"palmPosition":[62.644,330.384,32.6781],"palmVelocity":[28.1674,-55.2675,-127.339],"palmWidth":90.4039,"pinchStrength":0.890682,"r":[[0.967755,0.251879,0.00259185],[-0.24205,0.93274,-0.267223],[-0.0697253,0.257979,0.963631]],"s":1.12124,"sphereCenter":[51.5755,290.518,2.27031],"sphereRadius":47.0012,"stabilizedPalmPosition":[25.2209,368.388,161.264],"t":[43.0741,-42.5826,-147.533],"timeVisible":0.406748,"type":"right","wrist":[65.8397,320.214,85.9762]}],"id":4234854,"interactionBox":{"center":[0,200,0],"size":[235.247,235.247,147.751]},"pointables":[{"bases":[[[0.435629,0.89676,0.0777757],[-0.824875,0.363132,0.433262],[0.360289,-0.252897,0.897906]],[[0.244705,0.920244,-0.305401],[-0.951938,0.28786,0.10464],[0.184208,0.265117,0.946457]],[[0.244705,0.920244,-0.305401],[-0.964758,0.26252,0.018012],[0.0967494,0.290231,0.952053]],[[0.244705,0.920244,-0.305401],[-0.952856,0.16996,-0.251355],[-0.179402,0.352511,0.91845]]],"btipPosition":[28.8728,278.983,-16.2352],"carpPosition":[37.1147,310.16,84.3137],"dipPosition":[24.7012,287.18,5.12138],"direction":[-0.0967494,-0.290231,-0.952053],"extended":false,"handId":662,"id":6620,"length":51.7807,"mcpPosition":[37.1147,310.16,84.3137],"pipPosition":[27.9787,297.011,37.3731],"stabilizedTipPosition":[3.53423,316.507,63.6555],"timeVisible":0.406748,"tipPosition":[28.7172,280.218,-11.1168],"tipVelocity":[12.7978,-54.2735,-112.645],"tool":false,"touchDistance":-0.426257,"touchZone":"hovering","type":0,"width":20.1196},{"bases":[[[0.996103,0.00264631,-0.0881569],[0.00779681,0.992994,0.117906],[0.0878513,-0.118134,0.989104]],[[0.991906,0.00726408,-0.12677],[-0.027123,0.987441,-0.155641],[0.124047,0.15782,0.979645]],[[0.991906,0.00726408,-0.12677],[-0.0422522,0.960352,-0.275571],[0.119742,0.278697,0.952885]],[[0.991906,0.00726408,-0.12677],[-0.0528981,0.931244,-0.360537],[0.115435,0.364325,0.92409]]],"btipPosition":[29.8298,320.357,-72.8865],"carpPosition":[46.3815,331.336,79.7997],"dipPosition":[31.7893,326.542,-57.1996],"direction":[-0.119742,-0.278697,-0.952885],"extended":true,"handId":662,"id":6621,"length":58.4287,"mcpPosition":[39.9599,339.971,7.50048],"pipPosition":[34.6649,333.234,-34.3163],"stabilizedTipPosition":[8.39731,362.906,13.0628],"timeVisible":0.406748,"tipPosition":[30.5548,320.903,-69.0706],"tipVelocity":[-1.59792,-73.1408,-116.47],"tool":false,"touchDistance":0.290387,"touchZone":"hovering","type":1,"width":19.2182},{"bases":[[[0.982792,-0.182659,0.0274855],[0.178014,0.976311,0.122991],[-0.0492998,-0.115982,0.992027]],[[0.982148,-0.184004,0.0390969],[0.141138,0.5834,-0.799828],[0.124362,0.791067,0.598954]],[[0.982148,-0.184004,0.0390969],[0.046103,0.0339517,-0.99836],[0.182375,0.982339,0.0418287]],[[0.982148,-0.184004,0.0390969],[-0.0128979,-0.27322,-0.961865],[0.187669,0.944189,-0.270716]]],"btipPosition":[47.2035,257.889,-15.2238],"carpPosition":[58.3985,333.117,78.3533],"dipPosition":[50.7075,275.518,-20.2783],"direction":[-0.182375,-0.982339,-0.0418287],"extended":false,"handId":662,"id":6622,"length":66.5748,"mcpPosition":[61.8159,341.156,9.58741],"pipPosition":[55.8602,303.272,-19.0965],"stabilizedTipPosition":[40.6531,274.213,1.90954],"timeVisible":0.406748,"tipPosition":[48.0737,262.276,-17.0736],"tipVelocity":[15.2039,-65.7851,-104.886],"tool":false,"touchDistance":-0.407366,"touchZone":"hovering","type":2,"width":18.8748},{"bases":[[[0.948591,-0.270811,0.163821],[0.246113,0.956572,0.156202],[-0.199007,-0.107853,0.974045]],[[0.934169,-0.277068,0.22486],[0.340561,0.504159,-0.793626],[0.106523,0.817959,0.565328]],[[0.934169,-0.277068,0.22486],[0.21632,-0.0614338,-0.974388],[0.283785,0.958884,0.00254578]],[[0.934169,-0.277068,0.22486],[0.117849,-0.355241,-0.927316],[0.336809,0.892769,-0.299203]]],"btipPosition":[64.1285,259.303,-2.24427],"carpPosition":[70.5349,331.866,77.9886],"dipPosition":[70.3809,275.876,-7.79857],"direction":[-0.283785,-0.958884,-0.00254578],"extended":false,"handId":662,"id":6623,"length":64.0135,"mcpPosition":[82.9204,338.578,17.3674],"pipPosition":[78.1917,302.268,-7.7285],"stabilizedTipPosition":[52.0823,280.345,26.9844],"timeVisible":0.406748,"tipPosition":[65.7891,263.346,-4.46519],"tipVelocity":[11.7121,-66.1823,-90.6406],"tool":false,"touchDistance":0.333333,"touchZone":"none","type":3,"width":17.9606},{"bases":[[[0.86539,-0.435779,0.247379],[0.372103,0.889494,0.265217],[-0.335618,-0.137466,0.931914]],[[0.762067,-0.455893,0.4598],[0.636685,0.398357,-0.660261],[0.117844,0.79591,0.593834]],[[0.762067,-0.455893,0.4598],[0.44913,-0.139337,-0.882535],[0.466408,0.87906,0.098571]],[[0.762067,-0.455893,0.4598],[0.283947,-0.402898,-0.870085],[0.581918,0.793621,-0.177586]]],"btipPosition":[78.1187,272.889,5.72156],"carpPosition":[81.9526,323.605,79.1472],"dipPosition":[88.0845,286.48,2.68026],"direction":[-0.466408,-0.87906,-0.098571],"extended":false,"handId":662,"id":6624,"length":50.1854,"mcpPosition":[101.288,331.524,25.458],"pipPosition":[97.1481,303.563,4.59577],"stabilizedTipPosition":[54.8431,303.217,67.0486],"timeVisible":0.406748,"tipPosition":[80.8791,276.173,4.2202],"tipVelocity":[2.99854,-61.7059,-94.8547],"tool":false,"touchDistance":-0.39189,"touchZone":"hovering","type":4,"width":15.954}],"r":[[0.967755,0.251879,0.00259185],[-0.24205,0.93274,-0.267223],[-0.0697253,0.257979,0.963631]],"s":1.12124,"t":[43.0741,-42.5826,-147.533],"timestamp":523156760377},false],[6,{"currentFrameRate":105.71,"devices":[],"gestures":[],"hands":[{"armBasis":[[0.996805,-0.0358643,-0.0713682],[0.0391329,0.998223,0.0449408],[0.0696296,-0.0475901,0.996437]],"armWidth":63.3096,"confidence":0.768352,"direction":[0.0819311,0.260595,-0.961966],"elbow":[84.6411,307.199,352.786],"grabStrength":0,"id":662,"palmNormal":[-0.0216298,-0.964518,-0.263128],"palmPosition":[62.7188,330.128,32.1838],"palmVelocity":[22.4672,-47.4093,-106.302],"palmWidth":90.4039,"pinchStrength":0.89077,"r":[[0.96759,0.252528,0.000393363],[-0.243185,0.93221,-0.268038],[-0.0680538,0.259255,0.963408]],"s":1.12147,"sphereCenter":[51.7355,290.25,1.81122],"sphereRadius":46.9528,"stabilizedPalmPosition":[25.3618,368.244,160.779],"t":[43.219,-42.8954,-148.265],"timeVisible":0.416074,"type":"right","wrist":[65.9622,319.965,85.4806]}],"id":4234855,"interactionBox":{"center":[0,200,0],"size":[235.247,235.247,147.751]},"pointables":[{"bases":[[[0.436284,0.896494,0.0771694],[-0.824201,0.363741,0.434034],[0.361039,-0.252965,0.897585]],[[0.245062,0.920053,-0.305691],[-0.951466,0.288778,0.106392],[0.186163,0.264782,0.946168]],[[0.245062,0.920053,-0.305691],[-0.964661,0.262886,0.0178856],[0.0968177,0.290505,0.951963]],[[0.245062,0.920053,-0.305691],[-0.952813,0.170296,-0.251289],[-0.179142,0.352848,0.918372]]],"btipPosition":[28.8818,278.751,-16.6806],"carpPosition":[37.229,309.929,83.8491],"dipPosition":[24.7163,286.956,4.67418],"direction":[-0.0968177,-0.290505,-0.951963],"extended":false,"handId":662,"id":6620,"length":51.7807,"mcpPosition":[37.229,309.929,83.8491],"pipPosition":[27.996,296.797,36.9229],"stabilizedTipPosition":[3.78805,316.133,62.8706],"timeVisible":0.416074,"tipPosition":[28.7067,279.997,-11.5683],"tipVelocity":[9.49176,-45.8751,-94.296],"tool":false,"touchDistance":-0.418651,"touchZone":"hovering","type":0,"width":20.1196},{"bases":[[[0.996014,0.00199023,-0.0891703],[0.00855463,0.99301,0.117717],[0.0887813,-0.11801,0.989036]],[[0.991705,0.00667296,-0.128359],[-0.0268329,0.987396,-0.15598],[0.1257,0.158131,0.979385]],[[0.991705,0.00667296,-0.128359],[-0.0425087,0.959482,-0.278544],[0.121299,0.28169,0.951807]],[[0.991705,0.00667296,-0.128359],[-0.0535316,0.92936,-0.365273],[0.116854,0.369115,0.922008]]],"btipPosition":[29.7531,319.944,-73.2871],"carpPosition":[46.5049,331.099,79.3219],"dipPosition":[31.7368,326.21,-57.6355],"direction":[-0.121299,-0.28169,-0.951807],"extended":true,"handId":662,"id":6621,"length":58.4287,"mcpPosition":[40.0153,339.725,7.0276],"pipPosition":[34.6497,332.975,-34.7781],"stabilizedTipPosition":[8.78905,362.161,11.5766],"timeVisible":0.416074,"tipPosition":[30.4822,320.611,-69.5086],"tipVelocity":[-3.30336,-64.4044,-95.9119],"tool":false,"touchDistance":0.283576,"touchZone":"hovering","type":1,"width":19.2182},{"bases":[[[0.982702,-0.183285,0.0265193],[0.178767,0.976219,0.122632],[-0.0483653,-0.11577,0.992098]],[[0.982095,-0.184578,0.0376922],[0.140308,0.583151,-0.800155],[0.12571,0.791117,0.598608]],[[0.982095,-0.184578,0.0376922],[0.0446819,0.0338555,-0.998427],[0.183011,0.982235,0.0414966]],[[0.982095,-0.184578,0.0376922],[-0.0144308,-0.2732,-0.961849],[0.187833,0.944083,-0.270972]]],"btipPosition":[47.1762,257.632,-15.6883],"carpPosition":[58.5215,332.871,77.8629],"dipPosition":[50.6832,275.258,-20.7476],"direction":[-0.183011,-0.982235,-0.0414966],"extended":false,"handId":662,"id":6622,"length":66.5748,"mcpPosition":[61.8741,340.896,9.09209],"pipPosition":[55.8539,303.01,-19.5752],"stabilizedTipPosition":[40.972,273.668,1.09327],"timeVisible":0.416074,"tipPosition":[48.0488,262.015,-17.5308],"tipVelocity":[10.0933,-54.998,-89.3349],"tool":false,"touchDistance":-0.401947,"touchZone":"hovering","type":2,"width":18.8748},{"bases":[[[0.948583,-0.271391,0.162905],[0.246887,0.956442,0.155777],[-0.198086,-0.107548,0.974267]],[[0.934296,-0.2776,0.22367],[0.339338,0.500198,-0.79665],[0.10927,0.820207,0.561534]],[[0.934296,-0.2776,0.22367],[0.213464,-0.0668735,-0.974659],[0.285523,0.958366,-0.00322212]],[[0.934296,-0.2776,0.22367],[0.114675,-0.360043,-0.925861],[0.33755,0.890678,-0.304553]]],"btipPosition":[64.0095,258.984,-2.33409],"carpPosition":[70.6568,331.613,77.4861],"dipPosition":[70.2756,275.518,-7.98771],"direction":[-0.285523,-0.958366,0.00322212],"extended":false,"handId":662,"id":6623,"length":64.0135,"mcpPosition":[82.985,338.306,16.8511],"pipPosition":[78.1342,301.896,-8.07639],"stabilizedTipPosition":[52.6622,279.583,25.6563],"timeVisible":0.416074,"tipPosition":[65.6929,263.023,-4.62368],"tipVelocity":[4.88185,-57.4035,-68.4107],"tool":false,"touchDistance":0.333333,"touchZone":"none","type":3,"width":17.9606},{"bases":[[[0.865361,-0.43629,0.246578],[0.372943,0.889303,0.264677],[-0.334758,-0.137081,0.93228]],[[0.76234,-0.456293,0.45895],[0.635662,0.394746,-0.663407],[0.121539,0.797479,0.590979]],[[0.76234,-0.456293,0.45895],[0.445936,-0.143581,-0.883473],[0.469019,0.878169,0.0940205]],[[0.76234,-0.456293,0.45895],[0.280345,-0.406338,-0.869653],[0.583305,0.791635,-0.181848]]],"btipPosition":[77.9825,272.602,5.44958],"carpPosition":[82.0703,323.344,78.6345],"dipPosition":[87.9721,286.16,2.33529],"direction":[-0.469019,-0.878169,-0.0940205],"extended":false,"handId":662,"id":6624,"length":50.1854,"mcpPosition":[101.356,331.242,24.9243],"pipPosition":[97.0864,303.225,4.16237],"stabilizedTipPosition":[55.3074,302.715,65.9112],"timeVisible":0.416074,"tipPosition":[80.7639,275.876,3.91682],"tipVelocity":[-1.81544,-53.1703,-76.7756],"tool":false,"touchDistance":-0.385366,"touchZone":"hovering","type":4,"width":15.954}],"r":[[0.96759,0.252528,0.000393363],[-0.243185,0.93221,-0.268038],[-0.0680538,0.259255,0.96340