{"sensorType":"Leap","data":[[0,{"currentFrameRate":105.774,"devices":[],"gestures":[],"hands":[{"armBasis":[[0.99486,0.0685459,-0.0745367],[-0.0739031,0.994687,-0.0716621],[0.0692286,0.0768022,0.99464]],"armWidth":63.42,"confidence":0.804796,"direction":[0.174553,0.2848,-0.942561],"elbow":[52.5141,320.935,363.519],"grabStrength":0,"id":658,"palmNormal":[0.141197,-0.954603,-0.26229],"palmPosition":[36.5058,310.836,42.8751],"palmVelocity":[28.3555,-51.7557,-84.0899],"palmWidth":90.5616,"pinchStrength":0.511723,"r":[[0.841512,0.450612,0.298003],[-0.38734,0.887779,-0.248631],[-0.376597,0.0937972,0.921616]],"s":0.831947,"sphereCenter":[39.3155,278.525,13.3493],"sphereRadius":45.9741,"stabilizedPalmPosition":[4.15677,335.95,119.704],"t":[97.2579,-45.2548,-216.045],"timeVisible":0.704633,"type":"right","wrist":[33.9104,300.296,96.2307]}],"id":4233205,"interactionBox":{"center":[0,200,0],"size":[235.247,235.247,147.751]},"pointables":[{"bases":[[[0.299896,0.944527,0.133908],[-0.915516,0.245504,0.318683],[0.26813,-0.218166,0.938355]],[[0.183265,0.95974,-0.21287],[-0.97002,0.2117,0.119352],[0.159612,0.184615,0.969764]],[[0.183265,0.95974,-0.21287],[-0.954854,0.122281,-0.270743],[-0.233813,0.252877,0.938821]],[[0.183265,0.95974,-0.21287],[-0.673289,-0.0352413,-0.738539],[-0.716307,0.278671,0.639724]]],"btipPosition":[23.8739,262.343,-4.18796],"carpPosition":[7.18417,286.587,90.7527],"dipPosition":[7.1887,268.834,10.7134],"direction":[0.233813,-0.252877,-0.938821],"extended":false,"handId":658,"id":6580,"length":51.871,"mcpPosition":[7.18417,286.587,90.7527],"pipPosition":[-0.745751,277.415,42.5723],"stabilizedTipPosition":[17.0382,266.133,4.93005],"timeVisible":0.704633,"tipPosition":[19.851,264.038,-0.460118],"tipVelocity":[53.7681,-35.6581,-113.03],"tool":false,"touchDistance":-0.412499,"touchZone":"hovering","type":0,"width":20.1547},{"bases":[[[0.989945,0.133882,0.0456472],[-0.13838,0.983515,0.116402],[-0.0293106,-0.121548,0.992153]],[[0.987586,0.128212,0.090751],[-0.135823,0.987221,0.0833471],[-0.0789052,-0.0946385,0.99238]],[[0.987586,0.128212,0.090751],[-0.109365,0.975937,-0.188643],[-0.112753,0.176376,0.977844]],[[0.987586,0.128212,0.090751],[-0.0824701,0.914921,-0.395118],[-0.133689,0.382729,0.914137]]],"btipPosition":[24.6238,311.095,-66.6723],"carpPosition":[14.1178,308.899,87.4792],"dipPosition":[22.3504,317.603,-51.1272],"direction":[0.112753,-0.176376,-0.977844],"extended":true,"handId":658,"id":6581,"length":58.5306,"mcpPosition":[16.264,317.799,14.8306],"pipPosition":[19.638,321.846,-27.6036],"stabilizedTipPosition":[16.3385,319.491,-46.5743],"timeVisible":0.704633,"tipPosition":[23.9166,312.922,-62.8924],"tipVelocity":[38.8246,-18.1387,-87.8115],"tool":false,"touchDistance":-0.239274,"touchZone":"hovering","type":1,"width":19.2517},{"bases":[[[0.985872,-0.0534106,0.158754],[0.0303646,0.989083,0.144197],[-0.164723,-0.13734,0.976731]],[[0.98565,-0.0535955,0.160069],[0.168786,0.326177,-0.930118],[-0.00236053,0.943788,0.330542]],[[0.98565,-0.0535955,0.160069],[0.0430358,-0.837137,-0.545297],[0.163225,0.544361,-0.822818]],[[0.98565,-0.0535955,0.160069],[-0.0545565,-0.998509,0.00161198],[0.159744,-0.0103216,-0.987105]]],"btipPosition":[29.8461,261.306,45.7173],"carpPosition":[25.9021,312.26,87.6481],"dipPosition":[32.8339,261.113,27.255],"direction":[-0.163225,-0.544361,0.822818],"extended":false,"handId":658,"id":6582,"length":66.6909,"mcpPosition":[37.3403,321.797,19.8244],"pipPosition":[37.4536,276.52,3.96715],"stabilizedTipPosition":[21.5087,271.3,60.0471],"timeVisible":0.704633,"tipPosition":[30.5604,262.018,41.4948],"tipVelocity":[51.7971,-71.465,-109.114],"tool":false,"touchDistance":0.333333,"touchZone":"none","type":2,"width":18.9078},{"bases":[[[0.945774,-0.147447,0.289433],[0.0954567,0.977857,0.186234],[-0.310484,-0.148507,0.938907]],[[0.94658,-0.14706,0.286983],[0.317686,0.272592,-0.908168],[0.0553257,0.950825,0.304749]],[[0.94658,-0.14706,0.286983],[0.0220783,-0.858313,-0.512651],[0.321711,0.491602,-0.809215]],[[0.94658,-0.14706,0.286983],[-0.153646,-0.988126,0.000434653],[0.283511,-0.0445051,-0.957936]]],"btipPosition":[40.8137,266.858,56.9484],"carpPosition":[38.0591,312.609,88.9114],"dipPosition":[46.0859,266.031,39.1346],"direction":[-0.321711,-0.491602,0.809215],"extended":false,"handId":658,"id":6583,"length":64.1251,"mcpPosition":[57.4163,321.867,30.3752],"pipPosition":[54.956,279.585,16.8233],"stabilizedTipPosition":[29.6116,279.373,78.8688],"timeVisible":0.704633,"tipPosition":[42.1131,267.309,52.6403],"tipVelocity":[45.9866,-58.8831,-92.2055],"tool":false,"touchDistance":0.333333,"touchZone":"none","type":3,"width":17.9919},{"bases":[[[0.874622,-0.323174,0.361379],[0.213589,0.926032,0.311198],[-0.43522,-0.194994,0.878955]],[[0.856284,-0.330804,0.396669],[0.494244,0.30175,-0.815273],[0.150001,0.894156,0.421882]],[[0.856284,-0.330804,0.396669],[-0.0257314,-0.794354,-0.60691],[0.515864,0.50948,-0.688705]],[[0.856284,-0.330804,0.396669],[-0.297763,-0.943684,-0.144212],[0.422036,0.00537321,-0.906563]]],"btipPosition":[52.7849,275.652,54.9874],"carpPosition":[50.2288,305.877,91.6014],"dipPosition":[60.0252,275.744,39.4347],"direction":[-0.515864,-0.50948,0.688705],"extended":false,"handId":658,"id":6584,"length":50.2729,"mcpPosition":[75.3463,317.13,40.875],"pipPosition":[70.0673,285.662,26.0279],"stabilizedTipPosition":[37.862,290.622,86.1415],"timeVisible":0.704633,"tipPosition":[54.5341,276.212,51.0893],"tipVelocity":[45.6318,-53.0173,-94.0851],"tool":false,"touchDistance":0.333333,"touchZone":"none","type":4,"width":15.9818}],"r":[[0.841512,0.450612,0.298003],[-0.38734,0.887779,-0.248631],[-0.376597,0.0937972,0.921616]],"s":0.831947,"t":[97.2579,-45.2548,-216.045],"timestamp":523138454703},false],[1,{"currentFrameRate":105.912,"devices":[],"gestures":[],"hands":[{"armBasis":[[0.99477,0.0705752,-0.0738297],[-0.0758057,0.994619,-0.0706192],[0.0684484,0.0758466,0.994767]],"armWidth":63.42,"confidence":0.783256,"direction":[0.174606,0.284853,-0.942535],"elbow":[52.4819,320.615,362.966],"grabStrength":0,"id":658,"palmNormal":[0.142928,-0.954433,-0.261972],"palmPosition":[36.6955,310.764,42.2861],"palmVelocity":[26.2013,-39.4776,-78.5065],"palmWidth":90.5616,"pinchStrength":0.508792,"r":[[0.839725,0.453037,0.299365],[-0.390389,0.886875,-0.247082],[-0.377437,0.0906121,0.921591]],"s":0.832722,"sphereCenter":[39.6634,278.429,12.7917],"sphereRadius":45.9812,"stabilizedPalmPosition":[4.84079,335.421,118.077],"t":[97.5015,-45.5437,-216.809],"timeVisible":0.71382,"type":"right","wrist":[34.0878,300.233,95.643]}],"id":4233206,"interactionBox":{"center":[0,200,0],"size":[235.247,235.247,147.751]},"pointables":[{"bases":[[[0.298252,0.945057,0.133838],[-0.9161,0.244062,0.318111],[0.267968,-0.217486,0.938559]],[[0.182528,0.960272,-0.211097],[-0.970833,0.209976,0.115728],[0.155456,0.183817,0.97059]],[[0.182528,0.960272,-0.211097],[-0.955409,0.122544,-0.268659],[-0.232116,0.250722,0.939819]],[[0.182528,0.960272,-0.211097],[-0.674692,-0.0338411,-0.737323],[-0.715174,0.277008,0.641711]]],"btipPosition":[24.1997,262.386,-4.90842],"carpPosition":[7.38743,286.479,90.1534],"dipPosition":[7.54086,268.838,10.0392],"direction":[0.232116,-0.250722,-0.939819],"extended":false,"handId":658,"id":6580,"length":51.871,"mcpPosition":[7.38743,286.479,90.1534],"pipPosition":[-0.336028,277.346,41.932],"stabilizedTipPosition":[17.2197,266.01,4.58122],"timeVisible":0.71382,"tipPosition":[20.1795,264.005,-1.14019],"tipVelocity":[48.8369,-24.6562,-103.036],"tool":false,"touchDistance":-0.41023,"touchZone":"hovering","type":0,"width":20.1547},{"bases":[[[0.989696,0.135538,0.046166],[-0.140078,0.983313,0.116077],[-0.0296628,-0.121348,0.992167]],[[0.987266,0.129782,0.0919917],[-0.137447,0.987063,0.0825505],[-0.0800881,-0.0941433,0.992332]],[[0.987266,0.129782,0.0919917],[-0.111019,0.976283,-0.185866],[-0.113932,0.173286,0.978259]],[[0.987266,0.129782,0.0919917],[-0.0842236,0.917024,-0.389838],[-0.134952,0.377126,0.916277]]],"btipPosition":[24.918,311.131,-67.3186],"carpPosition":[14.2858,308.801,86.8783],"dipPosition":[22.6232,317.544,-51.7372],"direction":[0.113932,-0.173286,-0.978259],"extended":true,"handId":658,"id":6581,"length":58.5306,"mcpPosition":[16.4578,317.687,14.2286],"pipPosition":[19.8823,321.712,-28.2036],"stabilizedTipPosition":[16.5161,319.339,-46.9528],"timeVisible":0.71382,"tipPosition":[24.1991,312.868,-63.5239],"tipVelocity":[36.7745,-12.6419,-82.6793],"tool":false,"touchDistance":-0.249907,"touchZone":"hovering","type":1,"width":19.2517},{"bases":[[[0.985871,-0.0517332,0.159318],[0.0286412,0.989168,0.143966],[-0.16504,-0.137369,0.976674]],[[0.985663,-0.0519055,0.160543],[0.168677,0.325912,-0.930231],[-0.00403871,0.943974,0.329995]],[[0.985663,-0.0519055,0.160543],[0.0448867,-0.836548,-0.546052],[0.162645,0.54543,-0.822225]],[[0.985663,-0.0519055,0.160543],[-0.0525671,-0.998617,-0.000126456],[0.160327,-0.00831462,-0.987029]]],"btipPosition":[30.1165,261.153,45.1341],"carpPosition":[26.0644,312.182,87.0529],"dipPosition":[33.1152,260.998,26.6732],"direction":[-0.162645,-0.54543,0.822225],"extended":false,"handId":658,"id":6582,"length":66.6909,"mcpPosition":[37.5247,321.721,19.2332],"pipPosition":[37.7184,276.435,3.40216],"stabilizedTipPosition":[21.9698,270.795,59.0971],"timeVisible":0.71382,"tipPosition":[30.8311,261.869,40.9116],"tipVelocity":[45.6232,-55.8838,-96.3534],"tool":false,"touchDistance":0.333333,"touchZone":"none","type":2,"width":18.9078},{"bases":[[[0.945856,-0.145804,0.289998],[0.0937284,0.978061,0.186041],[-0.310761,-0.148787,0.93877]],[[0.946737,-0.145379,0.287322],[0.317481,0.272331,-0.908318],[0.0538041,0.951158,0.303981]],[[0.946737,-0.145379,0.287322],[0.0239606,-0.858004,-0.513084],[0.321115,0.49264,-0.80882]],[[0.946737,-0.145379,0.287322],[-0.151505,-0.988456,-0.000926188],[0.28414,-0.0426538,-0.957834]]],"btipPosition":[41.0644,266.74,56.3897],"carpPosition":[38.2201,312.551,88.3229],"dipPosition":[46.3483,265.947,38.5778],"direction":[-0.321115,-0.49264,0.80882],"extended":false,"handId":658,"id":6583,"length":64.1251,"mcpPosition":[57.5945,321.827,29.7952],"pipPosition":[55.2019,279.53,16.2774],"stabilizedTipPosition":[30.1307,278.848,77.7797],"timeVisible":0.71382,"tipPosition":[42.3643,267.197,52.0824],"tipVelocity":[40.844,-45.7804,-83.4209],"tool":false,"touchDistance":0.333333,"touchZone":"none","type":3,"width":17.9919},{"bases":[[[0.874955,-0.321631,0.361948],[0.211877,0.926464,0.311084],[-0.435386,-0.195496,0.87876]],[[0.857106,-0.32909,0.396319],[0.49327,0.302519,-0.815578],[0.148504,0.894529,0.421621]],[[0.857106,-0.32909,0.396319],[-0.0240141,-0.794032,-0.607402],[0.51458,0.511091,-0.688472]],[[0.857106,-0.32909,0.396319],[-0.29542,-0.94427,-0.145193],[0.422014,0.00736536,-0.906559]]],"btipPosition":[53.0432,275.566,54.4231],"carpPosition":[50.3994,305.84,91.0214],"dipPosition":[60.2831,275.692,38.8705],"direction":[-0.51458,-0.511091,0.688472],"extended":false,"handId":658,"id":6584,"length":50.2729,"mcpPosition":[75.5265,317.122,40.3062],"pipPosition":[70.3003,285.641,25.4682],"stabilizedTipPosition":[38.4166,290.128,84.9794],"timeVisible":0.71382,"tipPosition":[54.7835,276.133,50.5319],"tipVelocity":[40.7357,-40.5928,-84.9579],"tool":false,"touchDistance":0.333333,"touchZone":"none","type":4,"width":15.9818}],"r":[[0.839725,0.453037,0.299365],[-0.390389,0.886875,-0.247082],[-0.377437,0.0906121,0.921591]],"s":0.832722,"t":[97.5015,-45.5437,-216.809],"timestamp":523138463890},false],[2,{"currentFrameRate":106.207,"devices":[],"gestures":[],"hands":[{"armBasis":[[0.994663,0.0727323,-0.0731754],[-0.0777808,0.994602,-0.0686842],[0.0677848,0.0740093,0.994951]],"armWidth":63.42,"confidence":0.786646,"direction":[0.174155,0.283863,-0.942917],"elbow":[52.5167,320.182,362.427],"grabStrength":0,"id":658,"palmNormal":[0.144123,-0.954586,-0.260757],"palmPosition":[36.8902,310.759,41.6847],"palmVelocity":[25.0487,-28.9198,-75.5987],"palmWidth":90.5616,"pinchStrength":0.505448,"r":[[0.838177,0.455262,0.300326],[-0.393057,0.885978,-0.246067],[-0.378107,0.0882027,0.92155]],"s":0.833532,"sphereCenter":[39.9854,278.364,12.2532],"sphereRadius":45.9878,"stabilizedPalmPosition":[5.35806,335.022,116.844],"t":[97.7207,-45.6906,-217.492],"timeVisible":0.722692,"type":"right","wrist":[34.3009,300.293,95.0553]}],"id":4233207,"interactionBox":{"center":[0,200,0],"size":[235.247,235.247,147.751]},"pointables":[{"bases":[[[0.297056,0.945609,0.132594],[-0.916382,0.243301,0.317882],[0.268332,-0.215935,0.938813]],[[0.181969,0.960494,-0.210569],[-0.971454,0.208751,0.112693],[0.152197,0.184052,0.971062]],[[0.181969,0.960494,-0.210569],[-0.95612,0.122829,-0.265983],[-0.229611,0.24973,0.940698]],[[0.181969,0.960494,-0.210569],[-0.677341,-0.0327958,-0.734937],[-0.712808,0.276363,0.644614]]],"btipPosition":[24.4517,262.442,-5.59677],"carpPosition":[7.61762,286.498,89.586],"dipPosition":[7.84794,268.879,9.41849],"direction":[0.229611,-0.24973,-0.940698],"extended":false,"handId":658,"id":6580,"length":51.871,"mcpPosition":[7.61762,286.498,89.586],"pipPosition":[0.0560752,277.354,41.3411],"stabilizedTipPosition":[17.3606,265.924,4.30353],"timeVisible":0.722692,"tipPosition":[20.4502,264,-1.78071],"tipVelocity":[43.6812,-16.3539,-95.6573],"tool":false,"touchDistance":-0.407632,"touchZone":"hovering","type":0,"width":20.1547},{"bases":[[[0.989526,0.136861,0.0458991],[-0.141323,0.983282,0.114825],[-0.0294167,-0.120109,0.992325]],[[0.987062,0.131083,0.09234],[-0.138631,0.987051,0.0806906],[-0.0805671,-0.0924477,0.992453]],[[0.987062,0.131083,0.09234],[-0.112393,0.976365,-0.184605],[-0.114356,0.171838,0.978465]],[[0.987062,0.131083,0.09234],[-0.0858201,0.918365,-0.386318],[-0.135442,0.373395,0.917732]]],"btipPosition":[25.1404,311.09,-67.9619],"carpPosition":[14.4871,308.825,86.2814],"dipPosition":[22.8372,317.439,-52.3557],"direction":[0.114356,-0.171838,-0.978465],"extended":true,"handId":658,"id":6581,"length":58.5306,"mcpPosition":[16.6411,317.62,13.6202],"pipPosition":[20.0862,321.573,-28.8172],"stabilizedTipPosition":[16.6511,319.226,-47.2433],"timeVisible":0.722692,"tipPosition":[24.4142,312.761,-64.157],"tipVelocity":[33.5394,-10.9157,-79.7452],"tool":false,"touchDistance":-0.260533,"touchZone":"hovering","type":1,"width":19.2517},{"bases":[[[0.985951,-0.0502689,0.159292],[0.0273909,0.989388,0.14269],[-0.164774,-0.136322,0.976865]],[[0.985753,-0.0504324,0.160463],[0.168123,0.324669,-0.930766],[-0.00515679,0.944482,0.328522]],[[0.985753,-0.0504324,0.160463],[0.0460219,-0.836719,-0.545695],[0.161783,0.545305,-0.822477]],[[0.985753,-0.0504324,0.160463],[-0.0510485,-0.998696,-0.000283039],[0.160268,-0.00791241,-0.987042]]],"btipPosition":[30.3742,261.091,44.5966],"carpPosition":[26.2615,312.221,86.4506],"dipPosition":[33.3718,260.943,26.1354],"direction":[-0.161783,-0.545305,0.822477],"extended":false,"handId":658,"id":6582,"length":66.6909,"mcpPosition":[37.7033,321.687,18.6176],"pipPosition":[37.9507,276.377,2.85724],"stabilizedTipPosition":[22.3338,270.405,58.3466],"timeVisible":0.722692,"tipPosition":[31.0872,261.803,40.3723],"tipVelocity":[41.1208,-42.5651,-86.653],"tool":false,"touchDistance":0.333333,"touchZone":"none","type":2,"width":18.9078},{"bases":[[[0.946068,-0.144222,0.290097],[0.092496,0.978419,0.184774],[-0.310484,-0.147976,0.93899]],[[0.947018,-0.143766,0.287207],[0.316814,0.27119,-0.908892],[0.0527804,0.951728,0.302369]],[[0.947018,-0.143766,0.287207],[0.0251934,-0.858218,-0.512667],[0.320191,0.492741,-0.809126]],[[0.947018,-0.143766,0.287207],[-0.149775,-0.98872,-0.00106175],[0.28412,-0.042011,-0.957868]]],"btipPosition":[41.3152,266.706,55.8529],"carpPosition":[38.4168,312.607,87.719],"dipPosition":[46.5988,265.924,38.0403],"direction":[-0.320191,-0.492741,0.809126],"extended":false,"handId":658,"id":6583,"length":64.1251,"mcpPosition":[57.774,321.833,29.1776],"pipPosition":[55.4269,279.51,15.7315],"stabilizedTipPosition":[30.5387,278.443,76.9233],"timeVisible":0.722692,"tipPosition":[42.6123,267.163,51.5478],"tipVelocity":[37.4319,-34.3309,-77.2112],"tool":false,"touchDistance":0.333333,"touchZone":"none","type":3,"width":17.9919},{"bases":[[[0.875399,-0.320047,0.36228],[0.210722,0.927133,0.309872],[-0.435056,-0.194921,0.879052]],[[0.858078,-0.327284,0.395711],[0.491825,0.30217,-0.816579],[0.147681,0.895309,0.420252]],[[0.858078,-0.327284,0.395711],[-0.0231563,-0.794464,-0.60687],[0.512997,0.511579,-0.689291]],[[0.858078,-0.327284,0.395711],[-0.29366,-0.944893,-0.144712],[0.421266,0.00796997,-0.906902]]],"btipPosition":[53.3022,275.561,53.8799],"carpPosition":[50.6049,305.915,90.425],"dipPosition":[60.5293,275.697,38.3214],"direction":[-0.512997,-0.511579,0.689291],"extended":false,"handId":658,"id":6584,"length":50.2729,"mcpPosition":[75.713,317.164,39.693],"pipPosition":[70.5157,285.656,24.9032],"stabilizedTipPosition":[38.8493,289.747,84.0728],"timeVisible":0.722692,"tipPosition":[55.0309,276.127,49.9899],"tipVelocity":[37.5153,-29.6685,-78.5622],"tool":false,"touchDistance":0.333333,"touchZone":"none","type":4,"width":15.9818}],"r":[[0.838177,0.455262,0.300326],[-0.393057,0.885978,-0.246067],[-0.378107,0.0882027,0.92155]],"s":0.833532,"t":[97.7207,-45.6906,-217.492],"timestamp":523138472762},false],[3,{"currentFrameRate":106.315,"devices":[],"gestures":[],"hands":[{"armBasis":[[0.994218,0.0784341,-0.0733366],[-0.0833097,0.994338,-0.0659708],[0.067747,0.071699,0.995123]],"armWidth":63.42,"confidence":0.790538,"direction":[0.172562,0.283679,-0.943265],"elbow":[52.7325,319.655,361.864],"grabStrength":0,"id":658,"palmNormal":[0.14856,-0.954172,-0.259782],"palmPosition":[37.0526,310.808,41.0635],"palmVelocity":[22.9733,-19.3201,-73.3218],"palmWidth":90.5616,"pinchStrength":0.501347,"r":[[0.836518,0.457892,0.300954],[-0.396039,0.884828,-0.245424],[-0.37867,0.0861122,0.921517]],"s":0.834437,"sphereCenter":[40.3873,278.363,11.6857],"sphereRadius":45.9992,"stabilizedPalmPosition":[5.7592,334.716,115.885],"t":[97.9115,-45.7393,-218.144],"timeVisible":0.7319,"type":"right","wrist":[34.527,300.388,94.4459]}],"id":4233208,"interactionBox":{"center":[0,200,0],"size":[235.247,235.247,147.751]},"pointables":[{"bases":[[[0.292623,0.947142,0.131509],[-0.917436,0.239309,0.317872],[0.269598,-0.213667,0.938969]],[[0.178137,0.96141,-0.20966],[-0.972765,0.204172,0.109736],[0.148308,0.184402,0.971597]],[[0.178137,0.96141,-0.20966],[-0.957664,0.120417,-0.261496],[-0.226159,0.247366,0.942158]],[[0.178137,0.96141,-0.20966],[-0.68145,-0.0331739,-0.731112],[-0.709854,0.273111,0.649244]]],"btipPosition":[24.749,262.543,-6.36828],"carpPosition":[7.90766,286.461,88.9984],"dipPosition":[8.21404,268.905,8.75482],"direction":[0.226159,-0.247366,-0.942158],"extended":false,"handId":658,"id":6580,"length":51.871,"mcpPosition":[7.90766,286.461,88.9984],"pipPosition":[0.539323,277.299,40.727],"stabilizedTipPosition":[17.4792,265.86,4.06555],"timeVisible":0.7319,"tipPosition":[20.797,264.021,-2.4823],"tipVelocity":[40.9722,-9.2335,-91.5802],"tool":false,"touchDistance":-0.406403,"touchZone":"hovering","type":0,"width":20.1547},{"bases":[[[0.988881,0.141581,0.0454853],[-0.145935,0.982725,0.113819],[-0.028585,-0.119191,0.99246]],[[0.986422,0.135785,0.0923779],[-0.143202,0.986532,0.079043],[-0.0804009,-0.0911984,0.992582]],[[0.986422,0.135785,0.0923779],[-0.117157,0.975997,-0.183587],[-0.115089,0.170272,0.978653]],[[0.986422,0.135785,0.0923779],[-0.0906219,0.919143,-0.383359],[-0.136963,0.369783,0.918968]]],"btipPosition":[25.2995,311.059,-68.6159],"carpPosition":[14.6708,308.816,85.6683],"dipPosition":[22.9705,317.347,-52.9887],"direction":[0.115089,-0.170272,-0.978653],"extended":true,"handId":658,"id":6581,"length":58.5306,"mcpPosition":[16.7639,317.544,12.9972],"pipPosition":[20.2018,321.444,-29.4457],"stabilizedTipPosition":[16.7578,319.137,-47.4772],"timeVisible":0.7319,"tipPosition":[24.5644,312.678,-64.803],"tipVelocity":[28.8071,-9.21376,-77.1588],"tool":false,"touchDistance":-0.271353,"touchZone":"hovering","type":1,"width":19.2517},{"bases":[[[0.98622,-0.0454431,0.159078],[0.0227562,0.989658,0.141632],[-0.163869,-0.13606,0.977054]],[[0.986032,-0.0455984,0.160193],[0.166282,0.324728,-0.931076],[-0.00956362,0.944708,0.327774]],[[0.986032,-0.0455984,0.160193],[0.0500696,-0.836157,-0.5462],[0.158853,0.546592,-0.822194]],[[0.986032,-0.0455984,0.160193],[-0.0459703,-0.998942,-0.0013859],[0.160087,-0.00599759,-0.987085]]],"btipPosition":[30.7766,261.037,43.9922],"carpPosition":[26.429,312.268,85.8307],"dipPosition":[33.7708,260.925,25.5303],"direction":[-0.158853,-0.546592,0.822194],"extended":false,"handId":658,"id":6582,"length":66.6909,"mcpPosition":[37.8079,321.716,17.9846],"pipPosition":[38.2667,276.395,2.26012],"stabilizedTipPosition":[22.6467,270.083,57.7092],"timeVisible":0.7319,"tipPosition":[31.4827,261.753,39.78],"tipVelocity":[41.8188,-32.0534,-80.7739],"tool":false,"touchDistance":0.333333,"touchZone":"none","type":2,"width":18.9078},{"bases":[[[0.946815,-0.139445,0.289993],[0.0879236,0.97904,0.18371],[-0.309532,-0.148442,0.939231]],[[0.947829,-0.138955,0.286899],[0.315081,0.271694,-0.909344],[0.0484093,0.952299,0.301301]],[[0.947829,-0.138955,0.286899],[0.0294171,-0.858029,-0.512758],[0.317418,0.494447,-0.809177]],[[0.947829,-0.138955,0.286899],[-0.144565,-0.989494,-0.0016469],[0.284114,-0.0399145,-0.957959]]],"btipPosition":[41.6927,266.729,55.2648],"carpPosition":[38.5827,312.713,87.0954],"dipPosition":[46.9761,265.987,37.4506],"direction":[-0.317418,-0.494447,0.809177],"extended":false,"handId":658,"id":6583,"length":64.1251,"mcpPosition":[57.8805,321.967,28.539],"pipPosition":[55.7278,279.619,15.1403],"stabilizedTipPosition":[30.8833,278.112,76.2058],"timeVisible":0.7319,"tipPosition":[42.9827,267.195,50.9704],"tipVelocity":[38.4282,-23.7415,-73.4858],"tool":false,"touchDistance":0.333333,"touchZone":"none","type":3,"width":17.9919},{"bases":[[[0.876997,-0.315524,0.362383],[0.206423,0.928447,0.30883],[-0.433896,-0.196039,0.879376]],[[0.860358,-0.322555,0.394643],[0.488794,0.302718,-0.818194],[0.144447,0.896839,0.418109]],[[0.860358,-0.322555,0.394643],[-0.0202745,-0.795324,-0.605846],[0.509287,0.513243,-0.690803]],[[0.860358,-0.322555,0.394643],[-0.288859,-0.9465,-0.143867],[0.419935,0.00978104,-0.907502]]],"btipPosition":[53.6422,275.674,53.3564],"carpPosition":[50.803,306.081,89.8051],"dipPosition":[60.8465,275.842,37.7877],"direction":[-0.509287,-0.513243,0.690803],"extended":false,"handId":658,"id":6584,"length":50.2729,"mcpPosition":[75.8441,317.395,39.0544],"pipPosition":[70.7606,285.833,24.34],"stabilizedTipPosition":[39.2091,289.44,83.3225],"timeVisible":0.7319,"tipPosition":[55.3595,276.237,49.451],"tipVelocity":[37.1909,-17.7008,-72.5548],"tool":false,"touchDistance":0.333333,"touchZone":"none","type":4,"width":15.9818}],"r":[[0.836518,0.457892,0.300954],[-0.396039,0.884828,-0.245424],[-0.37867,0.0861122,0.921517]],"s":0.834437,"t":[97.9115,-45.7393,-218.144],"timestamp":523138481970},false],[4,{"currentFrameRate":106.594,"devices":[],"gestures":[],"hands":[{"armBasis":[[0.994158,0.0799771,-0.0724848],[-0.0847431,0.994264,-0.0652504],[0.0668505,0.0710118,0.995233]],"armWidth":63.42,"confidence":0.741748,"direction":[0.172244,0.281669,-0.943925],"elbow":[52.7216,319.688,361.315],"grabStrength":0,"id":658,"palmNormal":[0.149285,-0.954643,-0.257626],"palmPosition":[37.269,310.907,40.4608],"palmVelocity":[23.3612,-11.071,-71.8702],"palmWidth":90.5616,"pinchStrength":0.496541,"r":[[0.835117,0.460259,0.301233],[-0.398565,0.883726,-0.245306],[-0.379111,0.0847982,0.921457]],"s":0.8354,"sphereCenter":[40.7026,278.366,11.176],"sphereRadius":46.0081,"stabilizedPalmPosition":[6.04767,334.498,115.194],"t":[98.1151,-45.7144,-218.772],"timeVisible":0.740768,"type":"right","wrist":[34.7569,300.605,93.867]}],"id":4233209,"interactionBox":{"center":[0,200,0],"size":[235.247,235.247,147.751]},"pointables":[{"bases":[[[0.291891,0.947668,0.129324],[-0.917592,0.23931,0.31742],[0.26986,-0.211319,0.939425]],[[0.178049,0.961337,-0.210073],[-0.973251,0.203541,0.106557],[0.145195,0.185481,0.971862]],[[0.178049,0.961337,-0.210073],[-0.958581,0.121218,-0.257738],[-0.222308,0.247262,0.943102]],[[0.178049,0.961337,-0.210073],[-0.686252,-0.0316926,-0.726673],[-0.705235,0.273546,0.654077]]],"btipPosition":[24.9057,262.668,-7.07056],"carpPosition":[8.14801,286.645,88.4539],"dipPosition":[8.47839,269.039,8.16511],"direction":[0.222308,-0.247262,-0.943102],"extended":false,"handId":658,"id":6580,"length":51.871,"mcpPosition":[8.14801,286.645,88.4539],"pipPosition":[0.934349,277.43,40.1693],"stabilizedTipPosition":[17.5683,265.818,3.87924],"timeVisible":0.740768,"tipPosition":[21.0126,264.097,-3.11574],"tipVelocity":[35.412,-2.85294,-87.4294],"tool":false,"touchDistance":-0.404242,"touchZone":"hovering","type":0,"width":20.1547},{"bases":[[[0.988774,0.142461,0.0450627],[-0.146696,0.982866,0.111598],[-0.0283922,-0.116956,0.992731]],[[0.986304,0.136737,0.0922316],[-0.143911,0.986652,0.0762066],[-0.0805803,-0.0884361,0.992817]],[[0.986304,0.136737,0.0922316],[-0.118002,0.975699,-0.184625],[-0.115235,0.171213,0.978472]],[[0.986304,0.136737,0.0922316],[-0.0916194,0.919198,-0.382989],[-0.137148,0.369294,0.919137]]],"btipPosition":[25.5222,310.945,-69.2404],"carpPosition":[14.8932,308.999,85.0723],"dipPosition":[23.19,317.225,-53.6104],"direction":[0.115235,-0.171213,-0.978472],"extended":true,"handId":658,"id":6581,"length":58.5306,"mcpPosition":[16.9722,317.563,12.3813],"pipPosition":[20.4178,321.344,-30.0717],"stabilizedTipPosition":[16.8387,319.071,-47.6557],"timeVisible":0.740768,"tipPosition":[24.7855,312.543,-65.4259],"tipVelocity":[27.7822,-10.2538,-75.3119],"tool":false,"touchDistance":-0.281751,"touchZone":"hovering","type":1,"width":19.2517},{"bases":[[[0.986271,-0.0443058,0.159081],[0.0219921,0.989995,0.139378],[-0.163664,-0.133966,0.977378]],[[0.986096,-0.0444486,0.160123],[0.165862,0.322657,-0.93187],[-0.0102443,0.945472,0.325543]],[[0.986096,-0.0444486,0.160123],[0.0507786,-0.836881,-0.545024],[0.158229,0.545577,-0.822988]],[[0.986096,-0.0444486,0.160123],[-0.0449618,-0.998989,-0.000418609],[0.159979,-0.00678662,-0.987097]]],"btipPosition":[31.0345,261.09,43.4944],"carpPosition":[26.6487,312.46,85.2256],"dipPosition":[34.0266,260.963,25.0322],"direction":[-0.158229,-0.545577,0.822988],"extended":false,"handId":658,"id":6582,"length":66.6909,"mcpPosition":[38.0135,321.762,17.357],"pipPosition":[38.5049,276.405,1.73958],"stabilizedTipPosition":[22.8915,269.84,57.2114],"timeVisible":0.740768,"tipPosition":[31.7383,261.797,39.2827],"tipVelocity":[38.3492,-21.8347,-74.0953],"tool":false,"touchDistance":0.333333,"touchZone":"none","type":2,"width":18.9078},{"bases":[[[0.946954,-0.13804,0.290213],[0.087172,0.979525,0.181473],[-0.309322,-0.146548,0.939598]],[[0.948013,-0.137535,0.286977],[0.314617,0.269504,-0.910156],[0.0478368,0.953127,0.298764]],[[0.948013,-0.137535,0.286977],[0.030118,-0.858962,-0.511153],[0.316804,0.493223,-0.810164]],[[0.948013,-0.137535,0.286977],[-0.143506,-0.989649,-0.00023039],[0.284039,-0.0409645,-0.957937]]],"btipPosition":[41.9429,266.832,54.7743],"carpPosition":[38.8022,312.917,86.488],"dipPosition":[47.2249,266.07,36.9605],"direction":[-0.316804,-0.493223,0.810164],"extended":false,"handId":658,"id":6583,"length":64.1251,"mcpPosition":[58.0869,322.054,27.9088],"pipPosition":[55.9597,279.669,14.623],"stabilizedTipPosition":[31.1497,277.863,75.6517],"timeVisible":0.740768,"tipPosition":[43.2312,267.288,50.4786],"tipVelocity":[35.6473,-14.2992,-68.5566],"tool":false,"touchDistance":0.333333,"touchZone":"none","type":3,"width":17.9919},{"bases":[[[0.877281,-0.314009,0.36301],[0.205724,0.929309,0.306696],[-0.433654,-0.194379,0.879864]],[[0.861227,-0.320754,0.394215],[0.487222,0.300418,-0.819978],[0.144582,0.898257,0.415006]],[[0.861227,-0.320754,0.394215],[-0.0202282,-0.796696,-0.604041],[0.507818,0.512242,-0.692624]],[[0.861227,-0.320754,0.394215],[-0.287648,-0.947119,-0.142212],[0.418984,0.00908119,-0.907948]]],"btipPosition":[53.8934,275.78,52.8871],"carpPosition":[51.028,306.301,89.2116],"dipPosition":[61.0814,275.936,37.3107],"direction":[-0.507818,-0.512242,0.692624],"extended":false,"handId":658,"id":6584,"length":50.2729,"mcpPosition":[76.0552,317.519,38.4327],"pipPosition":[70.9669,285.907,23.8275],"stabilizedTipPosition":[39.487,289.209,82.744],"timeVisible":0.740768,"tipPosition":[55.6037,276.332,48.9696],"tipVelocity":[34.6727,-9.74676,-67.286],"tool":false,"touchDistance":0.333333,"touchZone":"none","type":4,"width":15.9818}],"r":[[0.835117,0.460259,0.301233],[-0.398565,0.883726,-0.245306],[-0.379111,0.0847982,0.921457]],"s":0.8354,"t":[98.1151,-45.7144,-218.772],"timestamp":523138490838},false],[5,{"currentFrameRate":106.753,"devices":[],"gestures":[],"hands":[{"armBasis":[[0.993793,0.0848251,-0.0719698],[-0.0893885,0.994018,-0.0627492],[0.0662166,0.068793,0.995431]],"armWidth":63.42,"confidence":0.742026,"direction":[0.171111,0.280791,-0.944393],"elbow":[52.8561,319.361,360.755],"grabStrength":0,"id":658,"palmNormal":[0.152868,-0.954488,-0.256095],"palmPosition":[37.5312,311.099,39.8316],"palmVelocity":[24.8866,-2.14826,-71.1646],"palmWidth":90.5616,"pinchStrength":0.493387,"r":[[0.833647,0.462877,0.301294],[-0.401254,0.882457,-0.245491],[-0.379511,0.0837575,0.921388]],"s":0.836344,"sphereCenter":[41.1664,278.487,10.6139],"sphereRadius":46.0192,"stabilizedPalmPosition":[6.26849,334.334,114.666],"t":[98.348,-45.6058,-219.4],"timeVisible":0.749845,"type":"right","wrist":[35.0618,300.875,93.2545]}],"id":4233210,"interactionBox":{"center":[0,200,0],"size":[235.247,235.247,147.751]},"pointables":[{"bases":[[[0.288321,0.948971,0.12777],[-0.918466,0.236358,0.317105],[0.270724,-0.20878,0.939744]],[[0.175016,0.961899,-0.210046],[-0.974253,0.199992,0.104086],[0.142128,0.186421,0.972135]],[[0.175016,0.961899,-0.210046],[-0.959885,0.119233,-0.253778],[-0.219065,0.246035,0.944181]],[[0.175016,0.961899,-0.210046],[-0.690498,-0.0321607,-0.722619],[-0.701842,0.271506,0.658561]]],"btipPosition":[25.2264,262.87,-7.81297],"carpPosition":[8.50542,286.806,87.8662],"dipPosition":[8.87811,269.194,7.52715],"direction":[0.219065,-0.246035,-0.944181],"extended":false,"handId":658,"id":6580,"length":51.871,"mcpPosition":[8.50542,286.806,87.8662],"pipPosition":[1.44413,277.544,39.568],"stabilizedTipPosition":[17.6439,265.789,3.72101],"timeVisible":0.749845,"tipPosition":[21.3943,264.245,-3.8007],"tipVelocity":[35.9433,3.77716,-85.1377],"tool":false,"touchDistance":-0.402927,"touchZone":"hovering","type":0,"width":20.1547},{"bases":[[[0.988233,0.146265,0.0447541],[-0.150397,0.982485,0.110022],[-0.027878,-0.115458,0.992921]],[[0.985769,0.140576,0.0921889],[-0.147569,0.986279,0.074002],[-0.0805211,-0.0865531,0.992988]],[[0.985769,0.140576,0.0921889],[-0.121746,0.975141,-0.185143],[-0.115924,0.171285,0.978378]],[[0.985769,0.140576,0.0921889],[-0.0953308,0.919145,-0.382209],[-0.138464,0.367982,0.919466]]],"btipPosition":[25.7937,310.956,-69.8894],"carpPosition":[15.166,309.179,84.4479],"dipPosition":[23.4391,317.213,-54.2537],"direction":[0.115924,-0.171285,-0.978378],"extended":true,"handId":658,"id":6581,"length":58.5306,"mcpPosition":[17.2073,317.633,11.743],"pipPosition":[20.6504,321.334,-30.7173],"stabilizedTipPosition":[16.9045,319.019,-47.8016],"timeVisible":0.749845,"tipPosition":[25.0502,312.532,-66.0727],"tipVelocity":[28.214,-7.25845,-74.2167],"tool":false,"touchDistance":-0.291624,"touchZone":"hovering","type":1,"width":19.2517},{"bases":[[[0.986443,-0.0403258,0.159074],[0.0182654,0.990295,0.137777],[-0.163086,-0.133003,0.977606]],[[0.986287,-0.0404528,0.160008],[0.164454,0.322613,-0.932135],[-0.0139131,0.945666,0.324842]],[[0.986287,-0.0404528,0.160008],[0.0542189,-0.836271,-0.545629],[0.155882,0.546822,-0.822609]],[[0.986287,-0.0404528,0.160008],[-0.0407401,-0.999169,-0.00148561],[0.159935,-0.00505349,-0.987115]]],"btipPosition":[31.4972,261.171,42.8709],"carpPosition":[26.9083,312.684,84.5947],"dipPosition":[34.4885,261.077,24.4083],"direction":[-0.155882,-0.546822,0.822609],"extended":false,"handId":658,"id":6582,"length":66.6909,"mcpPosition":[38.2329,321.92,16.7102],"pipPosition":[38.9004,276.553,1.12644],"stabilizedTipPosition":[23.1028,269.643,56.7889],"timeVisible":0.749845,"tipPosition":[32.1928,261.882,38.6841],"tipVelocity":[41.836,-13.1082,-72.6038],"tool":false,"touchDistance":0.333333,"touchZone":"none","type":2,"width":18.9078},{"bases":[[[0.947489,-0.133996,0.290361],[0.0834875,0.980139,0.179883],[-0.308698,-0.146196,0.939858]],[[0.948589,-0.133471,0.286992],[0.313386,0.268973,-0.910737],[0.0443642,0.953855,0.296973]],[[0.948589,-0.133471,0.286992],[0.0334046,-0.859455,-0.510118],[0.314743,0.493479,-0.810811]],[[0.948589,-0.133471,0.286992],[-0.139515,-0.99022,0.000615934],[0.284103,-0.040624,-0.957933]]],"btipPosition":[42.3719,267.036,54.2228],"carpPosition":[39.0601,313.19,85.8554],"dipPosition":[47.6551,266.281,36.4091],"direction":[-0.314743,-0.493479,0.810811],"extended":false,"handId":658,"id":6583,"length":64.1251,"mcpPosition":[58.3059,322.304,27.2599],"pipPosition":[56.333,279.887,14.0537],"stabilizedTipPosition":[31.3774,277.662,75.1845],"timeVisible":0.749845,"tipPosition":[43.6567,267.489,49.9281],"tipVelocity":[38.8693,-4.05988,-66.3978],"tool":false,"touchDistance":0.333333,"touchZone":"none","type":3,"width":17.9919},{"bases":[[[0.878486,-0.310109,0.363448],[0.202237,0.930573,0.305178],[-0.432853,-0.194592,0.880211]],[[0.862841,-0.316713,0.393952],[0.485187,0.30034,-0.821212],[0.141769,0.899716,0.41281]],[[0.862841,-0.316713,0.393952],[-0.0175886,-0.797709,-0.602786],[0.505169,0.513179,-0.693867]],[[0.862841,-0.316713,0.393952],[-0.283724,-0.948469,-0.141093],[0.418337,0.00996721,-0.908237]]],"btipPosition":[54.2918,276.03,52.3506],"carpPosition":[51.311,306.625,88.5887],"dipPosition":[61.4687,276.201,36.7692],"direction":[-0.505169,-0.513179,0.693867],"extended":false,"handId":658,"id":6584,"length":50.2729,"mcpPosition":[76.2919,317.855,37.7898],"pipPosition":[71.3027,286.191,23.2619],"stabilizedTipPosition":[39.7237,289.02,82.2553],"timeVisible":0.749845,"tipPosition":[55.9958,276.579,48.4271],"tipVelocity":[37.1444,0.691805,-65.059],"tool":false,"touchDistance":0.333333,"touchZone":"none","type":4,"width":15.9818}],"r":[[0.833647,0.462877,0.301294],[-0.401254,0.882457,-0.245491],[-0.379511,0.0837575,0.921388]],"s":0.836344,"t":[98.348,-45.6058,-219.4],"timestamp":523138499915},false],[6,{"currentFrameRate":106.887,"devices":[],"gestures":[],"hands":[{"armBasis":[[0.993698,0.0850891,-0.0729684],[-0.0896138,0.994097,-0.0611525],[0.0673343,0.0673061,0.995458]],"armWidth":63.42,"confidence":0.746508,"direction":[0.170284,0.276235,-0.945884],"elbow":[53.5575,319.479,359.981],"grabStrength":0,"id":658,"palmNormal":[0.151446,-0.955836,-0.251877],"palmPosition":[37.8789,311.367,39.0001],"palmVelocity":[28.5708,6.60073,-76.7408],"palmWidth":90.5616,"pinchStrength":0.490362,"r":[[0.832646,0.465051,0.300713],[-0.403255,0.881303,-0.246355],[-0.379587,0.0838628,0.921347]],"s":0.837102,"sphereCenter":[41.5294,278.576,9.94424],"sphereRadius":46.0233,"stabilizedPalmPosition":[6.43967,334.21,114.256],"t":[98.6382,-45.4177,-220.13],"timeVisible":0.758955,"type":"right","wrist":[35.4629,301.392,92.4726]}],"id":4233211,"interactionBox":{"center":[0,200,0],"size":[235.247,235.247,147.751]},"pointables":[{"bases":[[[0.28958,0.949212,0.123043],[-0.917803,0.238889,0.317128],[0.271629,-0.204763,0.940367]],[[0.176315,0.960889,-0.213554],[-0.974102,0.201526,0.10253],[0.141557,0.189945,0.971536]],[[0.176315,0.960889,-0.213554],[-0.960605,0.120617,-0.250379],[-0.214828,0.249286,0.944301]],[[0.176315,0.960889,-0.213554],[-0.694281,-0.0323943,-0.718974],[-0.697772,0.275032,0.661416]]],"btipPosition":[25.3944,263.026,-8.53849],"carpPosition":[8.88356,287.329,87.1815],"dipPosition":[9.14086,269.432,6.86814],"direction":[0.214828,-0.249286,-0.944301],"extended":false,"handId":658,"id":6580,"length":51.871,"mcpPosition":[8.88356,287.329,87.1815],"pipPosition":[1.85065,277.892,38.9131],"stabilizedTipPosition":[17.7038,265.77,3.59072],"timeVisible":0.758955,"tipPosition":[21.6068,264.393,-4.49342],"tipVelocity":[31.7503,8.04745,-83.1468],"tool":false,"touchDistance":-0.401621,"touchZone":"hovering","type":0,"width":20.1547},{"bases":[[[0.988456,0.145316,0.0428782],[-0.14912,0.983156,0.105673],[-0.0268,-0.110847,0.993476]],[[0.986023,0.139817,0.0906036],[-0.146271,0.986836,0.0689873],[-0.0797653,-0.0812758,0.993495]],[[0.986023,0.139817,0.0906036],[-0.12084,0.97455,-0.188814],[-0.114697,0.175226,0.977824]],[[0.986023,0.139817,0.0906036],[-0.0948466,0.918163,-0.384684],[-0.136974,0.370714,0.918591]]],"btipPosition":[26.0276,310.751,-70.7194],"carpPosition":[15.5659,309.678,83.652],"dipPosition":[23.6983,317.055,-55.0986],"direction":[0.114697,-0.175226,-0.977824],"extended":true,"handId":658,"id":6581,"length":58.5306,"mcpPosition":[17.5283,317.795,10.9065],"pipPosition":[20.9391,321.27,-31.5755],"stabilizedTipPosition":[16.957,318.977,-47.9196],"timeVisible":0.758955,"tipPosition":[25.2871,312.331,-66.9063],"tipVelocity":[27.686,-11.1623,-79.0073],"tool":false,"touchDistance":-0.303296,"touchZone":"hovering","type":1,"width":19.2517},{"bases":[[[0.986589,-0.040744,0.158059],[0.0195843,0.990897,0.133187],[-0.162047,-0.128305,0.978406]],[[0.986439,-0.0408621,0.15896],[0.163659,0.318085,-0.93383],[-0.0124046,0.947181,0.320459]],[[0.986439,-0.0408621,0.15896],[0.0526691,-0.83848,-0.542381],[0.155448,0.543398,-0.824957]],[[0.986439,-0.0408621,0.15896],[-0.041742,-0.999126,0.0021992],[0.158731,-0.00880469,-0.987283]]],"btipPosition":[31.7917,261.426,42.2688],"carpPosition":[27.3125,313.171,83.7684],"dipPosition":[34.7605,261.261,23.8032],"direction":[-0.155448,-0.543398,0.824957],"extended":false,"handId":658,"id":6582,"length":66.6909,"mcpPosition":[38.565,322.08,15.8283],"pipPosition":[39.1601,276.641,0.454788],"stabilizedTipPosition":[23.2758,269.49,56.4422],"timeVisible":0.758955,"tipPosition":[32.4824,262.113,38.0795],"tipVelocity":[39.0396,-2.20951,-70.8179],"tool":false,"touchDistance":0.333333,"touchZone":"none","type":2,"width":18.9078},{"bases":[[[0.947687,-0.133762,0.289824],[0.0848459,0.980859,0.175261],[-0.30772,-0.141502,0.940896]],[[0.948912,-0.133194,0.286051],[0.312256,0.265901,-0.912027],[0.0454155,0.954754,0.293907]],[[0.948912,-0.133194,0.286051],[0.0326761,-0.86019,-0.508926],[0.313845,0.492273,-0.811892]],[[0.948912,-0.133194,0.286051],[-0.139578,-0.990209,0.00194788],[0.282991,-0.0417749,-0.958212]]],"btipPosition":[42.7159,267.236,53.486],"carpPosition":[39.4664,313.668,85.0119],"dipPosition":[47.9785,266.46,35.667],"direction":[-0.313845,-0.492273,0.811892],"extended":false,"handId":658,"id":6583,"length":64.1251,"mcpPosition":[58.6512,322.49,26.3517],"pipPosition":[56.6316,280.032,13.2819],"stabilizedTipPosition":[31.565,277.503,74.7988],"timeVisible":0.758955,"tipPosition":[43.9814,267.692,49.2357],"tipVelocity":[38.4178,3.00847,-70.4535],"tool":false,"touchDistance":0.333333,"touchZone":"none","type":3,"width":17.9919},{"bases":[[[0.878568,-0.309456,0.363806],[0.203691,0.931733,0.300638],[-0.432004,-0.190027,0.881625]],[[0.863223,-0.315796,0.393851],[0.483995,0.295934,-0.823512],[0.143508,0.901496,0.408301]],[[0.863223,-0.315796,0.393851],[-0.0192707,-0.800222,-0.599394],[0.504455,0.509821,-0.696856]],[[0.863223,-0.315796,0.393851],[-0.284627,-0.948807,-0.136937],[0.416933,0.00610653,-0.908917]]],"btipPosition":[54.6216,276.312,51.6694],"carpPosition":[51.713,307.101,87.7606],"dipPosition":[61.7744,276.417,36.0764],"direction":[-0.504455,-0.509821,0.696856],"extended":false,"handId":658,"id":6584,"length":50.2729,"mcpPosition":[76.6449,318.068,36.8801],"pipPosition":[71.5945,286.342,22.5109],"stabilizedTipPosition":[39.9213,288.868,81.8471],"timeVisible":0.758955,"tipPosition":[56.3167,276.841,47.745],"tipVelocity":[36.714,8.62167,-67.8336],"tool":false,"touchDistance":0.333333,"touchZone":"none","type":4,"width":15.9818}],"r":[[0.832646,0.465051,0.300713],[-0.403255,0.881303,-0.246355],[-0.379587,0.0838628,0.921347]],"s":0.837102,"t":[98.6382,-45.4177,-220.13],"timestamp":523138509025},false],[7,{"curr