{"sensorType":"Leap","data":[[0,{"currentFrameRate":105.702,"devices":[],"gestures":[],"hands":[{"armBasis":[[0.992514,0.0715057,-0.0990119],[-0.0608677,0.992439,0.106584],[0.105885,-0.0997591,0.989362]],"armWidth":63.42,"confidence":0.786746,"direction":[0.124507,0.112992,-0.985764],"elbow":[73.1451,283.907,362.166],"grabStrength":0,"id":657,"palmNormal":[0.0608046,-0.992496,-0.106084],"palmPosition":[44.1303,312.166,41.8698],"palmVelocity":[50.9335,-33.0378,-141.039],"palmWidth":90.5616,"pinchStrength":0.630021,"r":[[0.97359,0.20757,-0.0950637],[-0.227337,0.919702,-0.320102],[0.0209866,0.33326,0.942601]],"s":1.20915,"sphereCenter":[41.256,273.461,16.1233],"sphereRadius":46.1746,"stabilizedPalmPosition":[-19.0251,369.435,250.192],"t":[78.4455,-69.4854,-256.848],"timeVisible":0.623747,"type":"right","wrist":[44.6908,310.715,96.2962]}],"id":4232852,"interactionBox":{"center":[0,200,0],"size":[235.247,235.247,147.751]},"pointables":[{"bases":[[[0.368426,0.928568,-0.04498],[-0.872814,0.362153,0.327171],[0.320091,-0.0812792,0.943894]],[[0.279658,0.920508,-0.272869],[-0.946641,0.311788,0.0816064],[0.160197,0.235487,0.958584]],[[0.279658,0.920508,-0.272869],[-0.956005,0.24076,-0.167598],[-0.0885796,0.307734,0.94734]],[[0.279658,0.920508,-0.272869],[-0.927268,0.185268,-0.325346],[-0.248929,0.344008,0.905369]]],"btipPosition":[17.6656,268.18,-6.04999],"carpPosition":[16.8202,298.336,94.8121],"dipPosition":[11.8672,276.194,15.0391],"direction":[0.0885796,-0.307734,-0.94734],"extended":false,"handId":657,"id":6570,"length":51.871,"mcpPosition":[16.8202,298.336,94.8121],"pipPosition":[8.86123,286.637,47.1872],"stabilizedTipPosition":[-33.1849,333.427,207.119],"timeVisible":0.623747,"tipPosition":[16.6856,269.079,-0.871808],"tipVelocity":[55.3416,-26.2522,-147.19],"tool":false,"touchDistance":-0.490068,"touchZone":"hovering","type":0,"width":20.1547},{"bases":[[[0.997199,0.065039,-0.0369204],[-0.0665911,0.996875,-0.0424911],[0.0340415,0.0448307,0.998414]],[[0.997712,0.0670232,0.00882581],[-0.0669387,0.997711,-0.00954672],[-0.00944547,0.00893409,0.999915]],[[0.997712,0.0670232,0.00882581],[-0.0645431,0.983244,-0.170486],[-0.0201044,0.169526,0.985321]],[[0.997712,0.0670232,0.00882581],[-0.0613625,0.952659,-0.297783],[-0.0283664,0.29656,0.954593]]],"btipPosition":[23.7901,306.444,-68.3748],"carpPosition":[24.9128,319.23,87.4253],"dipPosition":[23.3077,311.487,-52.1418],"direction":[0.0201044,-0.169526,-0.985321],"extended":true,"handId":657,"id":6571,"length":58.5306,"mcpPosition":[22.4202,315.947,14.3182],"pipPosition":[22.8241,315.565,-28.4383],"stabilizedTipPosition":[-21.4096,358.411,96.745],"timeVisible":0.623747,"tipPosition":[23.9177,306.649,-64.471],"tipVelocity":[47.8171,-8.5983,-141.64],"tool":false,"touchDistance":0.107878,"touchZone":"hovering","type":1,"width":19.2517},{"bases":[[[0.989274,-0.100404,0.106097],[0.10372,0.994262,-0.0261909],[-0.102858,0.0369143,0.994011]],[[0.989909,-0.100637,0.0997657],[0.135256,0.460998,-0.877033],[0.0422705,0.881676,0.469958]],[[0.989909,-0.100637,0.0997657],[0.0082911,-0.661686,-0.749735],[0.141465,0.742996,-0.654175]],[[0.989909,-0.100637,0.0997657],[-0.0774271,-0.973758,-0.214009],[0.118685,0.204125,-0.971724]]],"btipPosition":[35.7605,251.974,31.4406],"carpPosition":[36.8696,321.681,86.3203],"dipPosition":[37.9803,255.792,13.266],"direction":[-0.141465,-0.742996,0.654175],"extended":false,"handId":657,"id":6572,"length":66.6909,"mcpPosition":[44.012,319.118,17.2967],"pipPosition":[41.9841,276.821,-5.24882],"stabilizedTipPosition":[-17.1095,306.276,182.101],"timeVisible":0.623747,"tipPosition":[36.4262,253.108,26.0317],"tipVelocity":[48.915,-29.217,-74.8963],"tool":false,"touchDistance":0.333333,"touchZone":"none","type":2,"width":18.9078},{"bases":[[[0.952702,-0.168542,0.252888],[0.170802,0.985218,0.0131564],[-0.251367,0.0306596,0.967406]],[[0.964057,-0.169862,0.204308],[0.254759,0.372596,-0.892339],[0.0754497,0.912315,0.402478]],[[0.964057,-0.169862,0.204308],[0.018297,-0.724684,-0.688838],[0.265066,0.667817,-0.695528]],[[0.964057,-0.169862,0.204308],[-0.135702,-0.975878,-0.171017],[0.228429,0.137145,-0.963852]]],"btipPosition":[49.8434,257.876,45.6658],"carpPosition":[49.0832,321.32,86.7761],"dipPosition":[54.0912,260.426,27.742],"direction":[-0.265066,-0.667817,0.695528],"extended":false,"handId":657,"id":6573,"length":64.1251,"mcpPosition":[64.7547,319.409,26.4631],"pipPosition":[61.3995,278.839,8.56521],"stabilizedTipPosition":[1.01056,304.977,181.614],"timeVisible":0.623747,"tipPosition":[51.1748,258.507,39.8924],"tipVelocity":[38.9733,-20.8293,-57.4802],"tool":false,"touchDistance":0.333333,"touchZone":"none","type":3,"width":17.9919},{"bases":[[[0.875801,-0.324315,0.357481],[0.294019,0.945822,0.137746],[-0.382787,-0.0155312,0.923706]],[[0.80233,-0.322555,0.50222],[0.593559,0.342528,-0.728259],[0.0628788,0.882402,0.466276]],[[0.80233,-0.322555,0.50222],[0.147847,-0.70779,-0.690778],[0.57828,0.628484,-0.520192]],[[0.80233,-0.322555,0.50222],[-0.207484,-0.939654,-0.27203],[0.559658,0.114055,-0.820838]]],"btipPosition":[59.9793,269.878,44.3149],"carpPosition":[60.9592,314.227,89.8251],"dipPosition":[69.5806,271.834,30.2329],"direction":[-0.57828,-0.628484,0.520192],"extended":false,"handId":657,"id":6574,"length":50.2729,"mcpPosition":[83.0507,315.123,36.516],"pipPosition":[80.8378,284.069,20.1065],"stabilizedTipPosition":[8.32023,320.037,198.479],"timeVisible":0.623747,"tipPosition":[62.7814,270.528,40.2121],"tipVelocity":[26.471,-27.4054,-102.693],"tool":false,"touchDistance":0.333333,"touchZone":"none","type":4,"width":15.9818}],"r":[[0.97359,0.20757,-0.0950637],[-0.227337,0.919702,-0.320102],[0.0209866,0.33326,0.942601]],"s":1.20915,"t":[78.4455,-69.4854,-256.848],"timestamp":523134691554},false],[1,{"currentFrameRate":105.988,"devices":[],"gestures":[],"hands":[{"armBasis":[[0.992102,0.0748592,-0.100649],[-0.0643142,0.992473,0.104218],[0.107693,-0.0969218,0.989449]],"armWidth":63.42,"confidence":0.789383,"direction":[0.124541,0.115494,-0.98547],"elbow":[73.8467,284.182,360.623],"grabStrength":0,"id":657,"palmNormal":[0.0648018,-0.992029,-0.108073],"palmPosition":[44.367,311.787,40.3057],"palmVelocity":[44.3052,-35.6345,-150.447],"palmWidth":90.5616,"pinchStrength":0.618541,"r":[[0.973373,0.208868,-0.0944436],[-0.228328,0.919899,-0.31883],[0.0202852,0.331905,0.943095]],"s":1.21331,"sphereCenter":[41.5245,273.255,14.5134],"sphereRadius":46.1594,"stabilizedPalmPosition":[-18.914,369.334,249.825],"t":[78.7657,-69.8597,-258.347],"timeVisible":0.632654,"type":"right","wrist":[44.9066,310.228,94.7293]}],"id":4232853,"interactionBox":{"center":[0,200,0],"size":[235.247,235.247,147.751]},"pointables":[{"bases":[[[0.364754,0.930115,-0.0429067],[-0.874408,0.358014,0.327471],[0.319947,-0.0819284,0.943886]],[[0.276189,0.922187,-0.270722],[-0.94791,0.307881,0.0817112],[0.158703,0.234052,0.959184]],[[0.276189,0.922187,-0.270722],[-0.956924,0.237616,-0.166836],[-0.089526,0.305138,0.94809]],[[0.276189,0.922187,-0.270722],[-0.926392,0.180418,-0.330525],[-0.255963,0.342082,0.904137]]],"btipPosition":[18.2017,267.789,-7.68255],"carpPosition":[17.0861,297.741,93.2061],"dipPosition":[12.2394,275.758,13.3779],"direction":[0.089526,-0.305138,-0.94809],"extended":false,"handId":657,"id":6570,"length":51.871,"mcpPosition":[17.0861,297.741,93.2061],"pipPosition":[9.20136,286.112,45.5514],"stabilizedTipPosition":[-33.136,333.364,206.914],"timeVisible":0.632654,"tipPosition":[17.1448,268.717,-2.53272],"tipVelocity":[55.5088,-31.3769,-157.217],"tool":false,"touchDistance":-0.493982,"touchZone":"hovering","type":0,"width":20.1547},{"bases":[[[0.996951,0.0690768,-0.0362898],[-0.0705326,0.996687,-0.0404962],[0.0333723,0.0429323,0.99852]],[[0.997433,0.0709711,0.00949409],[-0.0709115,0.997462,-0.00647926],[-0.00992983,0.00578939,0.999934]],[[0.997433,0.0709711,0.00949409],[-0.0683683,0.983365,-0.168284],[-0.0212795,0.167203,0.985693]],[[0.997433,0.0709711,0.00949409],[-0.0649797,0.952871,-0.296335],[-0.0300778,0.294957,0.955037]]],"btipPosition":[24.1036,306.252,-69.9593],"carpPosition":[25.0993,318.681,85.8658],"dipPosition":[23.5921,311.268,-53.7187],"direction":[0.0212795,-0.167203,-0.985693],"extended":true,"handId":657,"id":6571,"length":58.5306,"mcpPosition":[22.6556,315.538,12.751],"pipPosition":[23.0802,315.29,-30.0063],"stabilizedTipPosition":[-21.2005,358.176,95.9944],"timeVisible":0.632654,"tipPosition":[24.2211,306.463,-66.0607],"tipVelocity":[44.1782,-12.3122,-151.454],"tool":false,"touchDistance":0.0814991,"touchZone":"hovering","type":1,"width":19.2517},{"bases":[[[0.989613,-0.0966877,0.106386],[0.099779,0.994717,-0.0241163],[-0.103493,0.0344809,0.994032]],[[0.990241,-0.0969015,0.100168],[0.133464,0.452369,-0.881787],[0.0401338,0.886551,0.460888]],[[0.990241,-0.0969015,0.100168],[0.0097035,-0.669046,-0.743158],[0.13903,0.736877,-0.661576]],[[0.990241,-0.0969015,0.100168],[-0.0743637,-0.975236,-0.20829],[0.117871,0.198808,-0.972924]]],"btipPosition":[36.1683,251.683,30.5577],"carpPosition":[37.0467,321.182,84.7718],"dipPosition":[38.3729,255.402,12.3606],"direction":[-0.13903,-0.736877,0.661576],"extended":false,"handId":657,"id":6572,"length":66.6909,"mcpPosition":[44.2332,318.788,15.7467],"pipPosition":[42.3078,276.257,-6.36366],"stabilizedTipPosition":[-16.4449,305.612,180.177],"timeVisible":0.632654,"tipPosition":[36.8358,252.751,25.0374],"tipVelocity":[47.9574,-30.8547,-81.6485],"tool":false,"touchDistance":0.333333,"touchZone":"none","type":2,"width":18.9078},{"bases":[[[0.95324,-0.165269,0.25302],[0.166877,0.98586,0.0152461],[-0.251962,0.0276902,0.967341]],[[0.96463,-0.166445,0.204415],[0.252577,0.361616,-0.897462],[0.0754587,0.91735,0.390865]],[[0.96463,-0.166445,0.204415],[0.0179413,-0.732196,-0.680857],[0.262997,0.660443,-0.703312]],[[0.96463,-0.166445,0.204415],[-0.13356,-0.977145,-0.165376],[0.227269,0.132225,-0.964814]]],"btipPosition":[50.1369,257.681,44.8757],"carpPosition":[49.2615,320.869,85.233],"dipPosition":[54.3632,260.14,26.934],"direction":[-0.262997,-0.660443,0.703312],"extended":false,"handId":657,"id":6573,"length":64.1251,"mcpPosition":[64.9701,319.143,24.924],"pipPosition":[61.6145,278.349,7.54256],"stabilizedTipPosition":[1.77325,304.265,179.47],"timeVisible":0.632654,"tipPosition":[51.4706,258.257,39.0383],"tipVelocity":[37.1855,-21.7627,-66.1062],"tool":false,"touchDistance":0.333333,"touchZone":"none","type":3,"width":17.9919},{"bases":[[[0.876907,-0.321559,0.357258],[0.290189,0.9467,0.139816],[-0.383176,-0.0189334,0.923481]],[[0.802972,-0.320361,0.502598],[0.592546,0.338223,-0.731092],[0.064223,0.884858,0.461412]],[[0.802972,-0.320361,0.502598],[0.147343,-0.71039,-0.688212],[0.577516,0.62667,-0.523221]],[[0.802972,-0.320361,0.502598],[-0.205345,-0.940332,-0.271309],[0.559525,0.114648,-0.820845]]],"btipPosition":[60.1764,269.603,43.0065],"carpPosition":[61.1641,313.817,88.2735],"dipPosition":[69.7755,271.57,28.9244],"direction":[-0.577516,-0.62667,0.523221],"extended":false,"handId":657,"id":6574,"length":50.2729,"mcpPosition":[83.278,314.909,34.9773],"pipPosition":[81.0178,283.769,18.739],"stabilizedTipPosition":[8.43203,319.934,198.151],"timeVisible":0.632654,"tipPosition":[62.998,270.234,38.8664],"tipVelocity":[25.2747,-28.278,-114.724],"tool":false,"touchDistance":0.333333,"touchZone":"none","type":4,"width":15.9818}],"r":[[0.973373,0.208868,-0.0944436],[-0.228328,0.919899,-0.31883],[0.0202852,0.331905,0.943095]],"s":1.21331,"t":[78.7657,-69.8597,-258.347],"timestamp":523134700461},false],[2,{"currentFrameRate":106.144,"devices":[],"gestures":[],"hands":[{"armBasis":[[0.991662,0.0918115,-0.0904299],[-0.0818848,0.990777,0.107959],[0.0995077,-0.0996539,0.990034]],"armWidth":63.42,"confidence":0.733928,"direction":[0.119055,0.131051,-0.984201],"elbow":[72.2295,281.772,358.72],"grabStrength":0,"id":657,"palmNormal":[0.0835405,-0.989058,-0.121592],"palmPosition":[44.7406,310.828,38.2733],"palmVelocity":[43.3589,-54.9117,-170.483],"palmWidth":90.5616,"pinchStrength":0.601898,"r":[[0.972322,0.213912,-0.0939731],[-0.232868,0.920012,-0.315199],[0.0190314,0.328358,0.944361]],"s":1.21718,"sphereCenter":[42.4764,272.721,12.0237],"sphereRadius":46.1197,"stabilizedPalmPosition":[-18.8113,369.239,249.483],"t":[79.1126,-70.5263,-260.112],"timeVisible":0.641788,"type":"right","wrist":[45.4889,308.551,92.6691]}],"id":4232854,"interactionBox":{"center":[0,200,0],"size":[235.247,235.247,147.751]},"pointables":[{"bases":[[[0.346629,0.937473,-0.0315053],[-0.88006,0.336656,0.334899],[0.324565,-0.0883592,0.941727]],[[0.257555,0.930911,-0.25898],[-0.953427,0.288379,0.0884033],[0.15698,0.22415,0.961829]],[[0.257555,0.930911,-0.25898],[-0.961939,0.221693,-0.159766],[-0.0913134,0.290272,0.952578]],[[0.257555,0.930911,-0.25898],[-0.92835,0.164054,-0.333547],[-0.268015,0.326331,0.906463]]],"btipPosition":[19.4518,266.963,-10.1641],"carpPosition":[17.9093,295.551,91.0624],"dipPosition":[13.2088,274.565,10.9505],"direction":[0.0913134,-0.290272,-0.952578],"extended":false,"handId":657,"id":6570,"length":51.871,"mcpPosition":[17.9093,295.551,91.0624],"pipPosition":[10.1101,284.415,43.2763],"stabilizedTipPosition":[-33.0818,333.296,206.689],"timeVisible":0.641788,"tipPosition":[18.2777,267.863,-5.04251],"tipVelocity":[76.164,-50.3621,-188.663],"tool":false,"touchDistance":-0.509953,"touchZone":"hovering","type":0,"width":20.1547},{"bases":[[[0.995311,0.0887865,-0.0383755],[-0.0898481,0.995593,-0.0268827],[0.0358196,0.0302046,0.998902]],[[0.995907,0.0900772,0.00743358],[-0.0901313,0.995903,0.00729862],[-0.00674568,-0.00793874,0.999946]],[[0.995907,0.0900772,0.00743358],[-0.087843,0.983998,-0.155018],[-0.0212782,0.153731,0.987884]],[[0.995907,0.0900772,0.00743358],[-0.0842768,0.955192,-0.283735],[-0.0326585,0.281947,0.958874]]],"btipPosition":[24.2263,306.374,-71.9914],"carpPosition":[25.4934,316.739,83.9801],"dipPosition":[23.6709,311.169,-55.6856],"direction":[0.0212782,-0.153731,-0.987884],"extended":true,"handId":657,"id":6571,"length":58.5306,"mcpPosition":[22.8706,314.528,10.8373],"pipPosition":[23.159,314.867,-31.9205],"stabilizedTipPosition":[-21.0469,358.004,95.4374],"timeVisible":0.641788,"tipPosition":[24.3499,306.546,-68.0933],"tipVelocity":[35.3219,-6.71906,-170.745],"tool":false,"touchDistance":0.0478804,"touchZone":"hovering","type":1,"width":19.2517},{"bases":[[[0.991636,-0.078983,0.102081],[0.0805228,0.996692,-0.0110463],[-0.100871,0.0191738,0.994715]],[[0.992255,-0.0791028,0.0957775],[0.12129,0.450495,-0.884501],[0.0268192,0.889267,0.456601]],[[0.992255,-0.0791028,0.0957775],[0.0178664,-0.672135,-0.740213],[0.122928,0.736191,-0.665515]],[[0.992255,-0.0791028,0.0957775],[-0.0576219,-0.976163,-0.209252],[0.110047,0.202113,-0.97316]]],"btipPosition":[37.5672,250.876,28.9437],"carpPosition":[37.3868,319.485,82.8836],"dipPosition":[39.6255,254.656,10.7422],"direction":[-0.122928,-0.736191,0.665515],"extended":false,"handId":657,"id":6572,"length":66.6909,"mcpPosition":[44.3913,318.153,13.8111],"pipPosition":[43.1047,275.492,-8.09358],"stabilizedTipPosition":[-15.715,304.89,178.095],"timeVisible":0.641788,"tipPosition":[38.2051,251.926,23.2432],"tipVelocity":[76.1812,-46.421,-108.109],"tool":false,"touchDistance":0.333333,"touchZone":"none","type":2,"width":18.9078},{"bases":[[[0.957073,-0.150209,0.24789],[0.147908,0.988605,0.0279901],[-0.249269,0.00987636,0.968384]],[[0.96831,-0.150515,0.199303],[0.242412,0.374352,-0.89504],[0.0601072,0.91499,0.398975]],[[0.96831,-0.150515,0.199303],[0.0293812,-0.723811,-0.689373],[0.248019,0.673382,-0.696451]],[[0.96831,-0.150515,0.199303],[-0.11508,-0.977129,-0.178819],[0.22166,0.150216,-0.963484]]],"btipPosition":[51.5144,256.737,42.3067],"carpPosition":[49.6068,319.401,83.3036],"dipPosition":[55.6363,259.53,24.3897],"direction":[-0.248019,-0.673382,0.696451],"extended":false,"handId":657,"id":6573,"length":64.1251,"mcpPosition":[65.1475,318.786,22.9296],"pipPosition":[62.4746,278.097,5.18749],"stabilizedTipPosition":[2.49351,303.599,177.462],"timeVisible":0.641788,"tipPosition":[52.8085,257.436,36.5359],"tipVelocity":[68.045,-42.0953,-125.753],"tool":false,"touchDistance":0.333333,"touchZone":"none","type":3,"width":17.9919},{"bases":[[[0.884107,-0.309324,0.350248],[0.27236,0.95017,0.151649],[-0.379704,-0.0386803,0.924299]],[[0.810381,-0.311492,0.496242],[0.582948,0.343688,-0.736241],[0.0587808,0.885919,0.460101]],[[0.810381,-0.311492,0.496242],[0.149741,-0.708731,-0.689404],[0.566446,0.632987,-0.527699]],[[0.810381,-0.311492,0.496242],[-0.193715,-0.941781,-0.274815],[0.552954,0.126575,-0.823542]]],"btipPosition":[60.9847,269.101,41.0784],"carpPosition":[61.653,312.54,86.2129],"dipPosition":[70.471,271.272,26.95],"direction":[-0.566446,-0.632987,0.527699],"extended":false,"handId":657,"id":6574,"length":50.2729,"mcpPosition":[83.5665,314.772,32.8696],"pipPosition":[81.4978,283.594,16.6774],"stabilizedTipPosition":[8.53241,319.842,197.857],"timeVisible":0.641788,"tipPosition":[63.8352,269.746,36.8028],"tipVelocity":[42.0629,-34.2696,-141.843],"tool":false,"touchDistance":0.333333,"touchZone":"none","type":4,"width":15.9818}],"r":[[0.972322,0.213912,-0.0939731],[-0.232868,0.920012,-0.315199],[0.0190314,0.328358,0.944361]],"s":1.21718,"t":[79.1126,-70.5263,-260.112],"timestamp":523134709595},false],[3,{"currentFrameRate":106.393,"devices":[],"gestures":[],"hands":[{"armBasis":[[0.989402,0.108241,-0.0967899],[-0.099189,0.990628,0.0938987],[0.106047,-0.083303,0.990866]],"armWidth":63.42,"confidence":0.743936,"direction":[0.118639,0.153477,-0.981004],"elbow":[73.7796,284.202,357.39],"grabStrength":0,"id":657,"palmNormal":[0.105024,-0.98438,-0.141304],"palmPosition":[44.6188,309.95,36.7751],"palmVelocity":[27.7963,-66.7405,-169.674],"palmWidth":90.5616,"pinchStrength":0.592096,"r":[[0.970574,0.222472,-0.0921522],[-0.240262,0.920313,-0.308704],[0.0161308,0.321761,0.946684]],"s":1.22066,"sphereCenter":[43.0774,272.474,9.81411],"sphereRadius":46.0807,"stabilizedPalmPosition":[-18.7188,369.153,249.173],"t":[79.2252,-71.2988,-261.744],"timeVisible":0.650731,"type":"right","wrist":[45.2819,306.588,91.1158]}],"id":4232855,"interactionBox":{"center":[0,200,0],"size":[235.247,235.247,147.751]},"pointables":[{"bases":[[[0.326528,0.945117,-0.0115591],[-0.887896,0.310906,0.339084],[0.324067,-0.100457,0.940685]],[[0.238094,0.941233,-0.239564],[-0.959846,0.265705,0.0899824],[0.148348,0.20852,0.966702]],[[0.238094,0.941233,-0.239564],[-0.966063,0.20407,-0.158356],[-0.100162,0.269137,0.957879]],[[0.238094,0.941233,-0.239564],[-0.925565,0.145134,-0.349664],[-0.294347,0.304985,0.905729]]],"btipPosition":[20.8764,266.439,-12.4643],"carpPosition":[17.9913,293.036,89.1671],"dipPosition":[14.02,273.544,8.63316],"direction":[0.100162,-0.269137,-0.957879],"extended":false,"handId":657,"id":6570,"length":51.871,"mcpPosition":[17.9913,293.036,89.1671],"pipPosition":[10.621,282.677,41.1388],"stabilizedTipPosition":[-33.0207,333.22,206.439],"timeVisible":0.650731,"tipPosition":[19.4091,267.339,-7.41599],"tipVelocity":[94.5594,-56.1013,-207.505],"tool":false,"touchDistance":-0.521854,"touchZone":"hovering","type":0,"width":20.1547},{"bases":[[[0.99327,0.110809,-0.0336947],[-0.111105,0.993784,-0.00702619],[0.0327067,0.0107226,0.999407]],[[0.993726,0.111184,0.0121032],[-0.11148,0.99339,0.0273632],[-0.00898088,-0.0285408,0.999552]],[[0.993726,0.111184,0.0121032],[-0.108507,0.984669,-0.136575],[-0.0271027,0.134405,0.990556]],[[0.993726,0.111184,0.0121032],[-0.103946,0.958095,-0.266925],[-0.0412739,0.263993,0.963641]]],"btipPosition":[24.4799,307.234,-73.6009],"carpPosition":[25.1369,314.521,82.5361],"dipPosition":[23.778,311.723,-57.2141],"direction":[0.0271027,-0.134405,-0.990556],"extended":true,"handId":657,"id":6571,"length":58.5306,"mcpPosition":[22.742,313.736,9.35632],"pipPosition":[23.126,314.956,-33.3847],"stabilizedTipPosition":[-20.9367,357.883,95.0359],"timeVisible":0.650731,"tipPosition":[24.5795,307.387,-69.7107],"tipVelocity":[32.3915,19.2118,-172.696],"tool":false,"touchDistance":0.0213662,"touchZone":"hovering","type":1,"width":19.2517},{"bases":[[[0.992847,-0.0598111,0.103333],[0.0591637,0.998205,0.00932197],[-0.103706,-0.0031417,0.994603]],[[0.993462,-0.0597908,0.0972517],[0.113852,0.456261,-0.882532],[0.00839512,0.887835,0.460086]],[[0.993462,-0.0597908,0.0972517],[0.0324985,-0.668514,-0.742989],[0.109438,0.741292,-0.6622]],[[0.993462,-0.0597908,0.0972517],[-0.0372829,-0.975094,-0.218634],[0.107902,0.213579,-0.970949]]],"btipPosition":[38.6544,250.192,27.2952],"carpPosition":[36.9714,317.542,81.5298],"dipPosition":[40.6725,254.187,9.13506],"direction":[-0.109438,-0.741292,0.6622],"extended":false,"handId":657,"id":6572,"length":66.6909,"mcpPosition":[44.1727,317.76,12.465],"pipPosition":[43.7699,275.167,-9.60686],"stabilizedTipPosition":[-14.9693,304.159,175.988],"timeVisible":0.650731,"tipPosition":[39.2915,251.281,21.4897],"tipVelocity":[88.2942,-53.1142,-128.635],"tool":false,"touchDistance":0.333333,"touchZone":"none","type":2,"width":18.9078},{"bases":[[[0.95946,-0.134699,0.247573],[0.126611,0.990772,0.0483819],[-0.251805,-0.0150751,0.967661]],[[0.97077,-0.133785,0.199265],[0.236219,0.385568,-0.89193],[0.0424969,0.912929,0.4059]],[[0.97077,-0.133785,0.199265],[0.0441473,-0.716536,-0.696152],[0.235916,0.6846,-0.689686]],[[0.97077,-0.133785,0.199265],[-0.0949426,-0.97657,-0.193126],[0.220434,0.168563,-0.960727]]],"btipPosition":[52.3945,256.044,40.4858],"carpPosition":[49.1893,317.711,81.9833],"dipPosition":[56.4937,259.178,22.6201],"direction":[-0.235916,-0.6846,0.689686],"extended":false,"handId":657,"id":6573,"length":64.1251,"mcpPosition":[64.8881,318.651,21.6544],"pipPosition":[62.9983,278.054,3.60435],"stabilizedTipPosition":[3.13875,303.005,175.672],"timeVisible":0.650731,"tipPosition":[53.696,256.838,34.6716],"tipVelocity":[76.1799,-49.3807,-146.658],"tool":false,"touchDistance":0.333333,"touchZone":"none","type":3,"width":17.9919},{"bases":[[[0.889671,-0.297379,0.346485],[0.251554,0.95251,0.171599],[-0.38106,-0.0655069,0.922227]],[[0.81541,-0.304087,0.492583],[0.57709,0.360056,-0.733026],[0.0455463,0.881981,0.469079]],[[0.81541,-0.304087,0.492583],[0.161384,-0.69777,-0.697906],[0.555934,0.648574,-0.519894]],[[0.81541,-0.304087,0.492583],[-0.175433,-0.94071,-0.290323],[0.551661,0.150317,-0.820411]]],"btipPosition":[61.4752,268.588,39.2517],"carpPosition":[61.3726,311.051,84.7883],"dipPosition":[70.9393,271.167,25.1771],"direction":[-0.555934,-0.648574,0.519894],"extended":false,"handId":657,"id":6574,"length":50.2729,"mcpPosition":[83.3644,314.832,31.5646],"pipPosition":[81.7615,283.792,15.0564],"stabilizedTipPosition":[8.61812,319.763,197.605],"timeVisible":0.650731,"tipPosition":[64.3428,269.337,34.9482],"tipVelocity":[45.3964,-37.7021,-158.51],"tool":false,"touchDistance":0.333333,"touchZone":"none","type":4,"width":15.9818}],"r":[[0.970574,0.222472,-0.0921522],[-0.240262,0.920313,-0.308704],[0.0161308,0.321761,0.946684]],"s":1.22066,"t":[79.2252,-71.2988,-261.744],"timestamp":523134718538},false],[4,{"currentFrameRate":106.571,"devices":[],"gestures":[],"hands":[{"armBasis":[[0.988673,0.111966,-0.0999436],[-0.103761,0.991062,0.0838493],[0.108439,-0.0725293,0.991454]],"armWidth":63.42,"confidence":0.68745,"direction":[0.11805,0.165577,-0.979106],"elbow":[74.2984,285.867,356.535],"grabStrength":0,"id":657,"palmNormal":[0.112268,-0.981904,-0.152514],"palmPosition":[44.4998,309.337,35.8039],"palmVelocity":[16.4962,-66.9951,-152.443],"palmWidth":90.5616,"pinchStrength":0.590183,"r":[[0.9688,0.230918,-0.0900144],[-0.247486,0.920812,-0.301425],[0.0132819,0.314298,0.949232]],"s":1.22359,"sphereCenter":[43.0637,272.275,8.46598],"sphereRadius":46.0433,"stabilizedPalmPosition":[-18.6296,369.068,248.872],"t":[79.2219,-71.9914,-263.046],"timeVisible":0.659787,"type":"right","wrist":[45.1579,305.357,90.1029]}],"id":4232856,"interactionBox":{"center":[0,200,0],"size":[235.247,235.247,147.751]},"pointables":[{"bases":[[[0.319641,0.947538,-0.000518678],[-0.890321,0.300527,0.34207],[0.32428,-0.108878,0.939674]],[[0.231273,0.945598,-0.228815],[-0.962141,0.257165,0.0902824],[0.144214,0.199273,0.969274]],[[0.231273,0.945598,-0.228815],[-0.967397,0.198562,-0.157215],[-0.103228,0.257715,0.960691]],[[0.231273,0.945598,-0.228815],[-0.919964,0.136042,-0.367639],[-0.316511,0.295527,0.901379]]],"btipPosition":[21.6785,266.101,-13.7715],"carpPosition":[17.9678,291.631,87.9818],"dipPosition":[14.3059,272.985,7.22467],"direction":[0.103228,-0.257715,-0.960691],"extended":false,"handId":657,"id":6570,"length":51.871,"mcpPosition":[17.9678,291.631,87.9818],"pipPosition":[10.8029,281.73,39.8258],"stabilizedTipPosition":[-32.9507,333.133,206.154],"timeVisible":0.659787,"tipPosition":[19.9132,267.069,-8.8102],"tipVelocity":[89.2882,-52.4771,-190.781],"tool":false,"touchDistance":-0.517959,"touchZone":"hovering","type":0,"width":20.1547},{"bases":[[[0.992455,0.118414,-0.0318001],[-0.118337,0.992964,0.00429784],[0.0320853,-0.000502285,0.999485]],[[0.992884,0.118267,0.0139286],[-0.118724,0.992178,0.0385664],[-0.00925853,-0.0399456,0.999159]],[[0.992884,0.118267,0.0139286],[-0.115548,0.985076,-0.127567],[-0.0288077,0.12505,0.991732]],[[0.992884,0.118267,0.0139286],[-0.110623,0.959303,-0.259807],[-0.0440884,0.256417,0.96556]]],"btipPosition":[24.4495,307.617,-74.5848],"carpPosition":[24.9603,313.241,81.6021],"dipPosition":[23.6998,311.978,-58.1653],"direction":[0.0288077,-0.12505,-0.991732],"extended":true,"handId":657,"id":6571,"length":58.5306,"mcpPosition":[22.6109,313.278,8.41659],"pipPosition":[23.0068,314.986,-34.3076],"stabilizedTipPosition":[-20.8553,357.795,94.7375],"timeVisible":0.659787,"tipPosition":[24.529,307.825,-70.7086],"tipVelocity":[22.1893,24.7005,-154.786],"tool":false,"touchDistance":0.00509398,"touchZone":"hovering","type":1,"width":19.2517},{"bases":[[[0.9932,-0.0537654,0.103263],[0.0518861,0.998436,0.0208022],[-0.10422,-0.0153029,0.994437]],[[0.993811,-0.0536721,0.0972571],[0.111049,0.457993,-0.881993],[0.00279534,0.887334,0.461118]],[[0.993811,-0.0536721,0.0972571],[0.0369487,-0.66596,-0.745072],[0.104759,0.744054,-0.659856]],[[0.993811,-0.0536721,0.0972571],[-0.0304862,-0.973692,-0.225819],[0.106819,0.221457,-0.969302]]],"btipPosition":[38.913,249.653,26.2682],"carpPosition":[36.773,316.359,80.6378],"dipPosition":[40.9109,253.795,8.13879],"direction":[-0.104759,-0.744054,0.659856],"extended":false,"handId":657,"id":6572,"length":66.6909,"mcpPosition":[44.01,317.422,11.5847],"pipPosition":[43.8759,274.853,-10.5368],"stabilizedTipPosition":[-14.2389,303.439,173.919],"timeVisible":0.659787,"tipPosition":[39.5454,250.785,20.4604],"tipVelocity":[71.6639,-53.8612,-124.217],"tool":false,"touchDistance":0.333333,"touchZone":"none","type":2,"width":18.9078},{"bases":[[[0.960281,-0.130544,0.246613],[0.119364,0.991047,0.0598166],[-0.252214,-0.028004,0.967266]],[[0.971528,-0.129008,0.198721],[0.233738,0.38481,-0.89291],[0.0387225,0.913936,0.404008]],[[0.971528,-0.129008,0.198721],[0.0470081,-0.717118,-0.695365],[0.232214,0.684908,-0.690636]],[[0.971528,-0.129008,0.198721],[-0.0894497,-0.976403,-0.19656],[0.219389,0.173188,-0.960143]]],"btipPosition":[52.5091,255.612,39.7275],"carpPosition":[48.9891,316.612,81.1009],"dipPosition":[56.5889,258.832,21.8726],"direction":[-0.232214,-0.684908,0.690636],"extended":false,"handId":657,"id":6573,"length":64.1251,"mcpPosition":[64.7134,318.358,20.7966],"pipPosition":[62.9914,277.716,2.83071],"stabilizedTipPosition":[3.71528,302.47,174.067],"timeVisible":0.659787,"tipPosition":[53.8125,256.405,33.8698],"tipVelocity":[58.5098,-48.3121,-129.213],"tool":false,"touchDistance":0.333333,"touchZone":"none","type":3,"width":17.9919},{"bases":[[[0.891625,-0.294851,0.34361],[0.244516,0.952284,0.182665],[-0.381073,-0.0788507,0.921176]],[[0.817747,-0.303751,0.488902],[0.573633,0.360331,-0.735599],[0.047272,0.881985,0.468901]],[[0.817747,-0.303751,0.488902],[0.159828,-0.696172,-0.699857],[0.552942,0.650446,-0.520744]],[[0.817747,-0.303751,0.488902],[-0.171988,-0.939555,-0.296067],[0.549281,0.158022,-0.82056]]],"btipPosition":[61.3607,268.148,38.3864],"carpPosition":[61.219,310.01,83.837],"dipPosition":[70.784,270.859,24.3092],"direction":[-0.552942,-0.650446,0.520744],"extended":false,"handId":657,"id":6574,"length":50.2729,"mcpPosition":[83.2116,314.56,30.6739],"pipPosition":[81.548,283.521,14.172],"stabilizedTipPosition":[8.69135,319.695,197.389],"timeVisible":0.659787,"tipPosition":[64.247,268.917,34.0174],"tipVelocity":[29.0912,-39.7874,-141.15],"tool":false,"touchDistance":0.333333,"touchZone":"none","type":4,"width":15.9818}],"r":[[0.9688,0.230918,-0.0900144],[-0.247486,0.920812,-0.301425],[0.0132819,0.314298,0.949232]],"s":1.22359,"t":[79.2219,-71.9914,-263.046],"timestamp":523134727594},false],[5,{"currentFrameRate":106.749,"devices":[],"gestures":[],"hands":[{"armBasis":[[0.987112,0.1189,-0.107113],[-0.111396,0.991052,0.0735249],[0.114897,-0.0606453,0.991525]],"armWidth":63.42,"confidence":0.697507,"direction":[0.119026,0.180059,-0.976428],"elbow":[75.822,287.598,355.239],"grabStrength":0,"id":657,"palmNormal":[0.12305,-0.978513,-0.165444],"palmPosition":[44.3973,308.603,34.5458],"palmVelocity":[8.82485,-70.9201,-148.781],"palmWidth":90.5616,"pinchStrength":0.589547,"r":[[0.96688,0.239924,-0.0870571],[-0.25504,0.921389,-0.293251],[0.00985538,0.305742,0.952063]],"s":1.2255,"sphereCenter":[43.2688,271.973,6.78006],"sphereRadius":45.9848,"stabilizedPalmPosition":[-18.542,368.984,248.574],"t":[79.1691,-72.7049,-264.325],"timeVisible":0.668828,"type":"right","wrist":[44.946,303.895,88.7877]}],"id":4232857,"interactionBox":{"center":[0,200,0],"size":[235.247,235.247,147.751]},"pointables":[{"bases":[[[0.309623,0.950767,0.0132265],[-0.894394,0.286486,0.34349],[0.32279,-0.118182,0.939063]],[[0.221623,0.950903,-0.216024],[-0.96554,0.244987,0.0878257],[0.136437,0.189115,0.97243]],[[0.221623,0.950903,-0.216024],[-0.968742,0.18938,-0.16023],[-0.111453,0.244782,0.963151]],[[0.221623,0.950903,-0.216024],[-0.910327,0.122341,-0.395396],[-0.349555,0.284281,0.892746]]],"btipPosition":[23.0543,265.589,-15.3909],"carpPosition":[17.9083,289.913,86.4016],"dipPosition":[14.9119,272.211,5.40416],"direction":[0.111453,-0.244782,-0.963151],"extended":false,"handId":657,"id":6570,"length":51.871,"mcpPosition":[17.9083,289.913,86.4016],"pipPosition":[11.1298,280.517,38.0888],"stabilizedTipPosition":[-32.865,333.029,205.811],"timeVisible":0.668828,"tipPosition":[20.8646,266.65,-10.5582],"tipVelocity":[101.223,-55.467,-188.976],"tool":false,"touchDistance":-0.519482,"touchZone":"hovering","type":0,"width":20.1547},{"bases":[[[0.991235,0.129264,-0.0272878],[-0.128822,0.991515,0.017373],[0.0293019,-0.0137054,0.999477]],[[0.991544,0.128509,0.0180736],[-0.12927,0.99033,0.0503573],[-0.0114275,-0.0522679,0.998568]],[[0.991544,0.128509,0.0180736],[-0.125462,0.984858,-0.119644],[-0.0331753,0.116364,0.992652]],[[0.991544,0.128509,0.0180736],[-0.119708,0.959501,-0.255007],[-0.0501125,0.250687,0.96677]]],"btipPosition":[24.6834,307.856,-75.8686],"carpPosition":[24.6901,311.68,80.3351],"dipPosition":[23.8312,312.119,-59.4285],"direction":[0.0331753,-0.116364,-0.992652],"extended":true,"handId":657,"id":6571,"length":58.5306,"mcpPosition":[22.5445,312.684,7.15019],"pipPosition":[23.0331,314.919,-35.5487],"stabilizedTipPosition":[-20.8553,357.795,94.7375],"timeVisible":0.668828,"tipPosition":[24.7252,308.207,-72.0148],"tipVelocity":[22.4842,24.4988,-151.117],"tool":false,"touchDistance":-0.0662243,"touchZone":"hovering","type":1,"width":19.2517},{"bases":[[[0.99342,-0.044712,0.105437],[0.0412868,0.998553,0.0344486],[-0.106825,-0.0298688,0.993829]],[[0.994055,-0.0445285,0.0993591],[0.108698,0.458687,-0.881925],[-0.0063039,0.887482,0.4608]],[[0.994055,-0.0445285,0.0993591],[0.0447785,-0.664612,-0.745846],[0.0992466,0.745861,-0.658667]],[[0.994055,-0.0445285,0.0993591],[-0.0203531,-0.972458,-0.232189],[0.106962,0.228786,-0.967583]]],"btipPosition":[39.3826,249.045,25.0696],"carpPosition":[36.4719,314.935,79.4477],"dipPosition":[41.3832,253.324,6.97243],"direction":[-0.0992466,-0.745861,0.658667],"extended":false,"handId":657,"id":6572,"length":66.6909,"mcpPosition":[43.8897,317.009,10.4367],"pipPosition":[44.1921,274.434,-11.6695],"stabilizedTipPosition":[-13.5451,302.754,171.956],"timeVisible":0.668828,"tipPosition":[40.0242,250.213,19.199],"tipVelocity":[66.2464,-56.5887,-126.293],"tool":false,"touchDistance":0.333333,"touchZone":"none","type":2,"width":18.9078},{"bases":[[[0.960914,-0.123767,0.247639],[0.10873,0.991346,0.0735571],[-0.2546,-0.0437563,0.966056]],[[0.97224,-0.121473,0.199984],[0.232028,0.390161,-0.891032],[0.0302105,0.912698,0.407516]],[[0.97224,-0.121473,0.199984],[0.054594,-0.713329,-0.698699],[0.227528,0.690221,-0.686895]],[[0.97224,-0.121473,0.199984],[-0.0797338,-0.975526,-0.204917],[0.219982,0.183283,-0.958131]]],"btipPosition":[52.8488,255.013,38.3554],"carpPosition":[48.6833,315.31,79.9499],"dipPosition":[56.9396,258.421,20.538],"direction":[-0.227528,-0.690221,0.686895],"extended":false,"handId":657,"id":6573,"length":64.1251,"mcpPosition":[64.5563,318.038,19.7211],"pipPosition":[63.2129,277.451,1.59921],"stabilizedTipPosition":[4.21637,302.003,172.668],"timeVisible":0.668828,"tipPosition":[54.1556,255.849,32.5129],"tipVelocity":[52.8139,-51.9438,-135.165],"tool":false,"touchDistance":0.333333,"touchZone":"none","type":3,"width":17.9919},{"bases":[[[0.893726,-0.290086,0.342204],[0.233941,0.952241,0.196236],[-0.382786,-0.0953262,0.918906]],[[0.819681,-0.301718,0.486919],[0.57117,0.366003,-0.734715],[0.0434625,0.880345,0.472338]],[[0.819681,-0.301718,0.486919],[0.163372,-0.691596,-0.703565],[0.549029,0.656248,-0.517596]],[[0.819681,-0.301718,0.486919],[-0.164428,-0.938196,-0.304552],[0.548714,0.169572,-0.818632]]],"btipPosition":[61.4351,267.636,37.0975],"carpPosition":[60.9745,308.8,82.6324],"dipPosition":[70.8486,270.545,23.0534],"direction":[-0.549029,-0.656248,0.517596],"extended":false,"handId":657,"id":6574,"length":50.2729,"mcpPosition":[83.066,314.302,29.6003],"pipPosition":[81.5364,283.32,12.9775],"stabilizedTipPosition":[8.75362,319.637,197.203],"timeVisible":0.668828,"tipPosition":[64.3341,268.444,32.7013],"tipVelocity":[23.2711,-43.0408,-141.307],"tool":false,"touchDistance":0.333333,"touchZone":"none","type":4,"width":15.9818}],"r":[[0.96688,0.239924,-0.0870571],[-0.25504,0.921389,-0.293251],[0.00985538,0.305742,0.952063]],"s":1.2255,"t":[79.1691,-72.7049,-264.325],"timestamp":523134736635},false],[6,{"currentFrameRate":106.872,"devices":[],"gestures":[],"hands":[{"armBasis":[[0.986059,0.122885,-0.112187],[-0.115501,0.990829,0.0701231],[0.119776,-0.0561878,0.99121]],"armWidth":63.42,"confidence":0.703822,"direction":[0.118224,0.190537,-0.974535],"elbow":[77.0015,287.718,354.142],"grabStrength":0,"id":657,"palmNormal":[0.128864,-0.976062,-0.175203],"palmPosition":[44.2525,308.066,33.5836],"palmVelocity":[1.96514,-67.5502,-136.708],"palmWidth":90.5616,"pinchStrength":0.583069,"r":[[0.965,0.248406,-0.0840819],[-0.262163,0.922016,-0.28488],[0.00675887,0.296953,0.954868]],"s":1.22713,"sphereCenter":[43.3766,271.681,5.54267],"sphereRadius":45.9615,"stabilizedPalmPosition":[-18.4537,368.899,248.272],"t":[79.0703,-73.3302,-265.446],"timeVisible":0.677961,"type":"right","wrist":[44.8144,302.818,87.7757]}],"id":4232858,"interactionBox":{"center":[0,200,0],"size":[235.247,235.247,147.751]},"pointables":[{"bases":[[[0.304006,0.952396,0.0228576],[-0.89616,0.27775,0.346051],[0.323229,-0.125686,0.937937]],[[0.215943,0.954275,-0.206705],[-0.967209,0.238049,0.0885412],[0.133699,0.180807,0.974389]],[[0.215943,0.954275,-0.206705],[-0.969822,0.185083,-0.158713],[-0.113199,0.23474,0.965445]],[[0.215943,0.954275,-0.206705],[-0.905392,0.116441,-0.408298],[-0.36556,0.275318,0.889138]]],"btipPosition":[23.5744,265.339,-16.6429],"carpPosition":[17.8603,288.701,85.2407],"dipPosition":[15.0592,271.752,4.06817],"direction":[0.113199,-0.23474,-0.965445],"extended":false,"handId":657,"id":6570,"length":51.871,"mcpPosition":[17.8603,288.701,85.2407],"pipPosition":[11.2178,279.718,36.8306],"stabilizedTipPosition":[-32.7695,332.912,205.43],"timeVisible":0.677961,"tipPosition":[21.2126,266.426,-11.8719],"tipVelocity":[86.3034,-49.1004,-175.136],"tool":false,"touchDistance":-0.514936,"touchZone":"hovering","type":0,"width":20.1547},{"bases":[[[0.990462,0.135372,-0.0256655],[-0.134673,0.990515,0.0272685],[0.0291135,-0.0235519,0.999299]],[[0.990771,0.134179,0.0191927],[-0.135079,0.989151,0.0577394],[-0.0112371,-0.0597991,0.998147]],[[0.990771,0.134179,0.0191927],[-0.131044,0.984406,-0.117353],[-0.0346398,0.113755,0.992905]],[[0.990771,0.134179,0.0191927],[-0.124827,0.958419,-0.256616],[-0.0528272,0.251852,0.966323]]],"btipPosition":[24.5956,307.83,-76.7762],"carpPosition":[24.5152,310.568,79.3949],"dipPosition":[23.6972,312.113,-60.3437],"direction":[0.0346398,-0.113755,-0.992905],"extended":true,"handId":657,"id":6571,"length":58.5306,"mcpPosition":[22.3834,312.292,6.2231],"pipPosition":[22.8639,314.849,-36.4578],"stabilizedTipPosition":[-20.8553,357.795,94.7375],"timeVisible":0.677961,"tipPosition":[24.6003,308.405,-72.9494],"tipVelocity":[13.2369,17.0212,-136.785],"tool":false,"touchDistance":-0.0813797,"touchZone":"hovering","type":1,"width":19.2517},{"bases":[[[0.993638,-0.0399096,0.105309],[0.0353872,0.998384,0.0444696],[-0.106914,-0.0404601,0.993445]],[[0.994258,-0.0396677,0.0993859],[0.106497,0.457625,-0.882744],[-0.010465,0.88826,0.459222]],[[0.994258,-0.0396677,0.0993859],[0.0481737,-0.6634,-0.746712],[0.0955531,0.747212,-0.65768]],[[0.994258,-0.0396677,0.0993859],[-0.0148959,-0.971018,-0.238542],[0.105968,0.235692,-0.966033]]],"btipPosition":[39.5175,248.541,24.2115],"carpPosition":[36.2778,313.901,78.5441],"dipPosition":[41.4995,252.95,6.14333],"direction":[-0.0955531,-0.747212,0.65768],"extended":false,"handId":657,"id":6572,"length":66.6909,"mcpPosition":[43.7019,316.71,9.55979],"pipPosition":[44.2039,274.097,-12.4707],"stabilizedTipPosition":[-12.9024,302.115,170.132],"timeVisible":0.677961,"tipPosition":[40.1564,249.759,18.3298],"tipVelocity":[51.8054,-55.2828,-117.099],"tool":false,"touchDistance":0.333333,"touchZone":"none","type":2,"width":18.9078},{"bases":[[[0.961561,-0.120577,0.246701],[0.102861,0.991183,0.083526],[-0.254597,-0.0549393,0.965485]],[[0.972881,-0.11774,0.199097],[0.229689,0.390144,-0.891645],[0.0273056,0.913195,0.406607]],[[0.972881,-0.11774,0.199097],[0.0567979,-0.712797,-0.699067],[0.224224,0.691417,-0.68678]],[[0.972881,-0.11774,0.199097],[-0.0751491,-0.97495,-0.209342],[0.218758,0.188703,-0.957359]]],"btipPosition":[52.895,254.587,37.518],"carpPosition":[48.4867,314.343,79.0541],"dipPosition":[56.9631,258.096,19.7149],"direction":[-0.224224,-0.691417,0.68678],"extended":false,"handId":657,"id":6573,"length":64.1251,"mcpPosition":[64.3595,317.768,18.8608],"pipPosition":[63.1453,277.159,0.779347],"stabilizedTipPosition":[4.64648,301.599,171.461],"timeVisible":0.677961,"tipPosition":[54.1971,255.442,31.664],"tipVelocity":[39.3798,-49.7656,-122.978],"tool":false,"touchDistance":0.333333,"touchZone":"none","type":3,"width":17.9919},{"bases":[[[0.895329,-0.288228,0.339573],[0.228267,0.951588,0.205848],[-0.382465,-0.106789,0.917778]],[[0.821413,-0.301736,0.48398],[0.56864,0.367924,-0.735718],[0.0439249,0.879538,0.473796]],[[0.821413,-0.301736,0.48398],[0.162516,-0.689579,-0.70574],[0.546689,0.658359,-0.517392]],[[0.821413,-0.301736,0.48398],[-0.161895,-0.937041,-0.309427],[0.546874,0.175813,-0.818547]]],"btipPosition":[61.3182,267.256,36.1486],"carpPosition":[60.8154,307.879,81.6752],"dipPosition":[70.7002,270.272,22.1059],"direction":[-0.546689,-0.658359,0.517392],"extended":false,"handId":657,"id":6574,"length":50.2729,"mcpPosition":[82.8883,314.042,28.7082],"pipPosition":[81.3424,283.088,12.034],"stabilizedTipPosition":[8.80662,319.587,197.044],"timeVisible":0.677961,"tipPosition":[64.214,268.075,31.7292],"tipVelocity":[13.0235,-41.8813,-130.896],"tool":false,"touchDistance":0.333333,"touchZone":"none","type":4,"width":15.9818}],"r":[[0.965,0.248406,-0.0840819],[-0.262163,0.922016,-0.28488],[0.00675887,0.296953,0.954868]],"s":1.22713,"t":[79.0703,-73.330