{"sensorType":"Leap","data":[[0,{"currentFrameRate":103.26,"devices":[],"gestures":[],"hands":[{"armBasis":[[0.896034,-0.44245,-0.0368844],[0.443306,0.896164,0.0192181],[0.0245515,-0.0335712,0.999135]],"armWidth":63.3096,"confidence":0.742348,"direction":[0.228374,0.213606,-0.949851],"elbow":[37.4762,301.209,361.891],"grabStrength":0,"id":664,"palmNormal":[-0.395832,-0.870983,-0.291041],"palmPosition":[34.7073,321.288,40.7857],"palmVelocity":[41.4442,-69.4254,-152.865],"palmWidth":90.4039,"pinchStrength":1,"r":[[0.992599,0.0507753,0.110317],[-0.0412469,0.995354,-0.0870024],[-0.114222,0.0818082,0.990081]],"s":0.881128,"sphereCenter":[26.983,282.215,11.387],"sphereRadius":44.7388,"stabilizedPalmPosition":[-30.4224,360.089,212.431],"t":[106.919,-55.9264,-271.996],"timeVisible":0.478809,"type":"right","wrist":[30.89,310.215,93.8626]}],"id":4235614,"interactionBox":{"center":[0,200,0],"size":[235.247,235.247,147.751]},"pointables":[{"bases":[[[0.756528,0.642673,0.120985],[-0.627947,0.662232,0.408816],[0.182615,-0.385253,0.904562]],[[0.627938,0.741448,-0.236535],[-0.772029,0.631834,-0.0689715],[0.098312,0.225922,0.969172]],[[0.627938,0.741448,-0.236535],[-0.776679,0.577633,-0.251217],[-0.0496344,0.341461,0.938585]],[[0.627938,0.741448,-0.236535],[-0.685466,0.382975,-0.619247],[-0.368552,0.550985,0.748722]]],"btipPosition":[6.04772,277.09,-6.54264],"carpPosition":[0.672313,312.674,90.7299],"dipPosition":[-2.52217,289.902,10.8673],"direction":[0.0496344,-0.341461,-0.938585],"extended":false,"handId":664,"id":6640,"length":51.7807,"mcpPosition":[0.672313,312.674,90.7299],"pipPosition":[-4.20358,301.47,42.6628],"stabilizedTipPosition":[-47.3863,317.246,131.658],"timeVisible":0.478809,"tipPosition":[4.05703,280.582,-2.17681],"tipVelocity":[48.4867,-117.325,-135.685],"tool":false,"touchDistance":-0.519409,"touchZone":"hovering","type":0,"width":20.1196},{"bases":[[[0.91519,-0.400302,-0.0467473],[0.402695,0.903604,0.146071],[-0.0162316,-0.152508,0.988169]],[[0.89627,-0.421655,0.137501],[0.432984,0.899026,-0.0653966],[-0.0960421,0.118149,0.98834]],[[0.89627,-0.421655,0.137501],[0.441579,0.877288,-0.188082],[-0.0413221,0.22929,0.972481]],[[0.89627,-0.421655,0.137501],[0.443508,0.852228,-0.277503],[-0.000171655,0.3097,0.950834]]],"btipPosition":[24.1993,323.662,-66.7116],"carpPosition":[17.918,328.321,87.202],"dipPosition":[24.1964,328.919,-50.5707],"direction":[0.0413221,-0.22929,-0.972481],"extended":true,"handId":664,"id":6641,"length":58.4287,"mcpPosition":[19.1044,339.468,14.9711],"pipPosition":[23.2041,334.425,-27.2168],"stabilizedTipPosition":[-35.3905,359.501,76.2133],"timeVisible":0.478809,"tipPosition":[23.8234,323.781,-62.71],"tipVelocity":[47.9523,-116.497,-159.673],"tool":false,"touchDistance":0.24692,"touchZone":"hovering","type":1,"width":19.2182},{"bases":[[[0.822434,-0.565364,0.0629757],[0.551168,0.819352,0.157725],[-0.140771,-0.0950081,0.985473]],[[0.821196,-0.566158,0.071431],[0.425672,0.524382,-0.737446],[0.380054,0.635993,0.671618]],[[0.821196,-0.566158,0.071431],[-0.225569,-0.437035,-0.8707],[0.524172,0.698903,-0.486599]],[[0.821196,-0.566158,0.071431],[-0.504209,-0.778499,-0.37378],[0.267228,0.270931,-0.924763]]],"btipPosition":[1.44287,276.417,16.8438],"carpPosition":[29.6845,325.094,86.305],"dipPosition":[6.43227,281.476,-0.422388],"direction":[-0.524172,-0.698903,0.486599],"extended":false,"handId":664,"id":6642,"length":66.5748,"mcpPosition":[39.4426,331.68,17.9934],"pipPosition":[21.2418,301.222,-14.1704],"stabilizedTipPosition":[-73.2726,326.396,233.703],"timeVisible":0.478809,"tipPosition":[2.4757,277.71,14.8462],"tipVelocity":[54.8993,-87.8283,-200.935],"tool":false,"touchDistance":0.333333,"touchZone":"none","type":2,"width":18.8748},{"bases":[[[0.748849,-0.63333,0.195239],[0.60375,0.773419,0.193155],[-0.273333,-0.0267685,0.961547]],[[0.750575,-0.633146,0.18911],[0.562621,0.462251,-0.685406],[0.346546,0.620846,0.703176]],[[0.750575,-0.633146,0.18911],[-0.150868,-0.442831,-0.883821],[0.643332,0.634843,-0.4279]],[[0.750575,-0.633146,0.18911],[-0.523426,-0.74436,-0.414673],[0.403315,0.212258,-0.890103]]],"btipPosition":[16.7154,271.729,23.65],"carpPosition":[40.2817,319.037,86.4077],"dipPosition":[24.2024,275.67,7.12645],"direction":[-0.643332,-0.634843,0.4279],"extended":false,"handId":664,"id":6643,"length":64.0135,"mcpPosition":[57.2929,320.703,26.5644],"pipPosition":[41.9091,293.143,-4.65087],"stabilizedTipPosition":[-54.6524,318.543,224.349],"timeVisible":0.478809,"tipPosition":[18.1178,272.929,21.7923],"tipVelocity":[63.7014,-90.0719,-203.398],"tool":false,"touchDistance":0.333333,"touchZone":"none","type":3,"width":17.9606},{"bases":[[[0.602061,-0.751198,0.270599],[0.686337,0.660074,0.305357],[-0.407999,0.00187857,0.91298]],[[0.622613,-0.750265,0.222388],[0.664986,0.357472,-0.655749],[0.412488,0.556162,0.721482]],[[0.622613,-0.750265,0.222388],[-0.182953,-0.415877,-0.890828],[0.760843,0.513955,-0.396193]],[[0.622613,-0.750265,0.222388],[-0.609727,-0.643254,-0.463095],[0.490496,0.152733,-0.857955]]],"btipPosition":[33.1422,274.598,32.2517],"carpPosition":[47.3134,306.849,87.8045],"dipPosition":[41.5423,277.214,17.5586],"direction":[-0.760843,-0.513955,0.396193],"extended":false,"handId":664,"id":6644,"length":50.1854,"mcpPosition":[70.8189,306.74,35.2062],"pipPosition":[56.3276,287.202,9.85944],"stabilizedTipPosition":[-33.841,320.127,211.309],"timeVisible":0.478809,"tipPosition":[34.8473,275.459,30.7353],"tipVelocity":[65.3845,-82.954,-218.918],"tool":false,"touchDistance":0.333333,"touchZone":"none","type":4,"width":15.954}],"r":[[0.992599,0.0507753,0.110317],[-0.0412469,0.995354,-0.0870024],[-0.114222,0.0818082,0.990081]],"s":0.881128,"t":[106.919,-55.9264,-271.996],"timestamp":523166050130},false],[1,{"currentFrameRate":103.512,"devices":[],"gestures":[],"hands":[{"armBasis":[[0.897933,-0.438013,-0.043134],[0.439134,0.89818,0.0208186],[0.0296232,-0.0376353,0.998852]],"armWidth":63.3096,"confidence":0.747001,"direction":[0.228704,0.211032,-0.950347],"elbow":[39.0075,299.922,360.979],"grabStrength":0,"id":664,"palmNormal":[-0.391917,-0.873656,-0.288317],"palmPosition":[34.9,320.911,39.9136],"palmVelocity":[35.7289,-61.4836,-136.686],"palmWidth":90.4039,"pinchStrength":1,"r":[[0.992588,0.0516601,0.11],[-0.0415493,0.994864,-0.0923033],[-0.114204,0.0870488,0.989636]],"s":0.877063,"sphereCenter":[26.8899,282.085,10.4996],"sphereRadius":44.6118,"stabilizedPalmPosition":[-29.2896,359.409,209.439],"t":[107.14,-56.3581,-273.087],"timeVisible":0.487994,"type":"right","wrist":[31.0608,310.018,93.0262]}],"id":4235615,"interactionBox":{"center":[0,200,0],"size":[235.247,235.247,147.751]},"pointables":[{"bases":[[[0.753753,0.646191,0.119557],[-0.631153,0.661172,0.405584],[0.183037,-0.381169,0.906205]],[[0.624684,0.743241,-0.239504],[-0.775252,0.627043,-0.0761724],[0.0935645,0.233259,0.967903]],[[0.624684,0.743241,-0.239504],[-0.77917,0.573003,-0.25409],[-0.051614,0.34534,0.937057]],[[0.624684,0.743241,-0.239504],[-0.691076,0.383398,-0.612715],[-0.36357,0.548269,0.753139]]],"btipPosition":[6.39936,276.327,-7.41387],"carpPosition":[0.837287,312.343,89.8467],"dipPosition":[-2.05467,289.076,10.0988],"direction":[0.051614,-0.34534,-0.937057],"extended":false,"handId":664,"id":6640,"length":51.7807,"mcpPosition":[0.837287,312.343,89.8467],"pipPosition":[-3.80315,300.775,41.8425],"stabilizedTipPosition":[-44.8013,315.352,124.924],"timeVisible":0.487994,"tipPosition":[4.44486,279.823,-3.00356],"tipVelocity":[46.4469,-108.201,-123.56],"tool":false,"touchDistance":-0.508515,"touchZone":"hovering","type":0,"width":20.1196},{"bases":[[[0.91687,-0.39674,-0.0441261],[0.39883,0.905769,0.143237],[-0.0168599,-0.148929,0.988704]],[[0.89786,-0.417469,0.139885],[0.429016,0.900967,-0.0648371],[-0.0989644,0.118227,0.988043]],[[0.89786,-0.417469,0.139885],[0.438016,0.879149,-0.187722],[-0.0446115,0.22982,0.97221]],[[0.89786,-0.417469,0.139885],[0.440267,0.853932,-0.277427],[-0.00363515,0.310677,0.950509]]],"btipPosition":[24.6134,323.093,-67.6454],"carpPosition":[18.0236,328.047,86.2826],"dipPosition":[24.5517,328.367,-51.51],"direction":[0.0446115,-0.22982,-0.97221],"extended":true,"handId":664,"id":6641,"length":58.4287,"mcpPosition":[19.256,338.933,14.0126],"pipPosition":[23.4803,333.886,-28.1627],"stabilizedTipPosition":[-32.8889,358.033,70.3691],"timeVisible":0.487994,"tipPosition":[24.2214,323.209,-63.6475],"tipVelocity":[46.739,-101.119,-143.507],"tool":false,"touchDistance":0.231336,"touchZone":"hovering","type":1,"width":19.2182},{"bases":[[[0.824647,-0.561773,0.0660895],[0.54763,0.822166,0.155387],[-0.141629,-0.0919471,0.98564]],[[0.823478,-0.562496,0.0740377],[0.428598,0.531265,-0.730795],[0.371736,0.633526,0.67857]],[[0.823478,-0.562496,0.0740377],[-0.21703,-0.432887,-0.874932],[0.524196,0.704419,-0.478552]],[[0.823478,-0.562496,0.0740377],[-0.498708,-0.77988,-0.378255],[0.270508,0.274562,-0.922736]]],"btipPosition":[1.95852,275.87,15.3413],"carpPosition":[29.8043,324.864,85.4122],"dipPosition":[7.00916,280.996,-1.88702],"direction":[-0.524196,-0.704419,0.478552],"extended":false,"handId":664,"id":6642,"length":66.5748,"mcpPosition":[39.6218,331.238,17.089],"pipPosition":[21.8194,300.899,-15.4077],"stabilizedTipPosition":[-72.8633,326.132,232.512],"timeVisible":0.487994,"tipPosition":[2.98034,277.151,13.3546],"tipVelocity":[55.6745,-79.4538,-190.235],"tool":false,"touchDistance":0.333333,"touchZone":"none","type":2,"width":18.8748},{"bases":[[[0.751172,-0.62955,0.198511],[0.600354,0.776579,0.191053],[-0.274437,-0.0243367,0.961297]],[[0.753199,-0.629351,0.191335],[0.56289,0.466155,-0.682535],[0.340363,0.621785,0.705363]],[[0.753199,-0.629351,0.191335],[-0.144846,-0.442417,-0.885035],[0.641647,0.638893,-0.424387]],[[0.753199,-0.629351,0.191335],[-0.518432,-0.74699,-0.416215],[0.40487,0.214299,-0.888907]]],"btipPosition":[17.2202,271.201,22.5924],"carpPosition":[40.4258,318.852,85.5505],"dipPosition":[24.7361,275.179,6.09105],"direction":[-0.641647,-0.638893,0.424387],"extended":false,"handId":664,"id":6643,"length":64.0135,"mcpPosition":[57.5058,320.366,25.7227],"pipPosition":[42.3965,292.764,-5.58958],"stabilizedTipPosition":[-54.0015,318.133,222.531],"timeVisible":0.487994,"tipPosition":[18.6216,272.392,20.6885],"tipVelocity":[61.4629,-80.7039,-178.589],"tool":false,"touchDistance":0.333333,"touchZone":"none","type":3,"width":17.9606},{"bases":[[[0.60477,-0.747737,0.274122],[0.68326,0.663985,0.303776],[-0.409157,0.0035823,0.912457]],[[0.624484,-0.74698,0.228124],[0.671283,0.364022,-0.645653],[0.399247,0.556336,0.728761]],[[0.624484,-0.74698,0.228124],[-0.166751,-0.412858,-0.895401],[0.763029,0.521124,-0.382383]],[[0.624484,-0.74698,0.228124],[-0.59994,-0.645785,-0.472264],[0.500091,0.158061,-0.851426]]],"btipPosition":[33.6592,274.112,30.8426],"carpPosition":[47.5053,306.697,87.0011],"dipPosition":[42.2237,276.819,16.2613],"direction":[-0.763029,-0.521124,0.382383],"extended":false,"handId":664,"id":6644,"length":50.1854,"mcpPosition":[71.0776,306.491,34.4329],"pipPosition":[57.0515,286.946,8.83048],"stabilizedTipPosition":[-33.1063,319.647,209.365],"timeVisible":0.487994,"tipPosition":[35.3866,274.986,29.3404],"tipVelocity":[63.9934,-73.9374,-199.839],"tool":false,"touchDistance":0.333333,"touchZone":"none","type":4,"width":15.954}],"r":[[0.992588,0.0516601,0.11],[-0.0415493,0.994864,-0.0923033],[-0.114204,0.0870488,0.989636]],"s":0.877063,"t":[107.14,-56.3581,-273.087],"timestamp":523166059315},false],[2,{"currentFrameRate":103.886,"devices":[],"gestures":[],"hands":[{"armBasis":[[0.897132,-0.438386,-0.05452],[0.439981,0.897756,0.0212436],[0.0396328,-0.0430461,0.998287]],"armWidth":63.3096,"confidence":0.749337,"direction":[0.229355,0.204972,-0.951516],"elbow":[41.8156,298.459,360.225],"grabStrength":0,"id":664,"palmNormal":[-0.393298,-0.8747,-0.283226],"palmPosition":[35.0578,320.576,39.2488],"palmVelocity":[30.8115,-54.9542,-119.739],"palmWidth":90.4039,"pinchStrength":1,"r":[[0.99259,0.0521637,0.109745],[-0.0414505,0.994349,-0.0977314],[-0.114223,0.0924582,0.989143]],"s":0.873864,"sphereCenter":[26.5668,281.954,9.93863],"sphereRadius":44.499,"stabilizedPalmPosition":[-28.33,358.83,206.902],"t":[107.329,-56.7414,-273.965],"timeVisible":0.496916,"type":"right","wrist":[31.1837,310.007,92.4242]}],"id":4235616,"interactionBox":{"center":[0,200,0],"size":[235.247,235.247,147.751]},"pointables":[{"bases":[[[0.754803,0.645623,0.115942],[-0.630164,0.664641,0.401429],[0.182113,-0.376062,0.908522]],[[0.625614,0.740831,-0.244494],[-0.774764,0.626713,-0.0834981],[0.0913693,0.241662,0.966049]],[[0.625614,0.740831,-0.244494],[-0.778449,0.572237,-0.257995],[-0.051222,0.351731,0.934699]],[[0.625614,0.740831,-0.244494],[-0.694586,0.386261,-0.606921],[-0.355188,0.54952,0.756221]]],"btipPosition":[6.42792,275.685,-7.9392],"carpPosition":[0.965164,312.364,89.2212],"dipPosition":[-1.8312,288.463,9.64509],"direction":[0.051222,-0.351731,-0.934699],"extended":false,"handId":664,"id":6640,"length":51.7807,"mcpPosition":[0.965164,312.364,89.2212],"pipPosition":[-3.5664,300.379,41.3089],"stabilizedTipPosition":[-42.2381,313.443,118.231],"timeVisible":0.496916,"tipPosition":[4.52729,279.201,-3.49473],"tipVelocity":[36.0293,-98.1111,-105.427],"tool":false,"touchDistance":-0.49363,"touchZone":"hovering","type":0,"width":20.1196},{"bases":[[[0.916214,-0.398539,-0.0414636],[0.400311,0.905935,0.137959],[-0.0174187,-0.142998,0.98957]],[[0.897177,-0.418114,0.142316],[0.430173,0.900258,-0.0669754],[-0.100118,0.121309,0.987553]],[[0.897177,-0.418114,0.142316],[0.439312,0.878043,-0.189854],[-0.0455786,0.232854,0.971443]],[[0.897177,-0.418114,0.142316],[0.441648,0.852488,-0.279661],[-0.00439246,0.313759,0.949493]]],"btipPosition":[24.8949,322.373,-68.3657],"carpPosition":[18.179,328.017,85.569],"dipPosition":[24.8204,327.699,-52.2475],"direction":[0.0455786,-0.232854,-0.971443],"extended":true,"handId":664,"id":6641,"length":58.4287,"mcpPosition":[19.4522,338.47,13.2357],"pipPosition":[23.7258,333.291,-28.9186],"stabilizedTipPosition":[-30.5155,356.618,64.8214],"timeVisible":0.496916,"tipPosition":[24.4946,322.499,-64.3709],"tipVelocity":[42.5108,-95.1894,-126.518],"tool":false,"touchDistance":0.219265,"touchZone":"hovering","type":1,"width":19.2182},{"bases":[[[0.823679,-0.562755,0.069705],[0.548965,0.822156,0.150655],[-0.14209,-0.0858261,0.986126]],[[0.822559,-0.563401,0.0773086],[0.432524,0.531548,-0.728272],[0.369216,0.632484,0.680914]],[[0.822559,-0.563401,0.0773086],[-0.213588,-0.432064,-0.876185],[0.527046,0.704202,-0.475734]],[[0.822559,-0.563401,0.0773086],[-0.498616,-0.77989,-0.378356],[0.273458,0.272673,-0.922426]]],"btipPosition":[2.12595,275.482,14.4192],"carpPosition":[29.9546,324.81,84.7214],"dipPosition":[7.23167,280.573,-2.80337],"direction":[-0.527046,-0.704202,0.475734],"extended":false,"handId":664,"id":6642,"length":66.5748,"mcpPosition":[39.8041,330.759,16.3645],"pipPosition":[22.1224,300.469,-16.2444],"stabilizedTipPosition":[-72.4749,325.88,231.38],"timeVisible":0.496916,"tipPosition":[3.14758,276.74,12.3968],"tipVelocity":[46.0015,-69.8936,-166.514],"tool":false,"touchDistance":0.333333,"touchZone":"none","type":2,"width":18.8748},{"bases":[[[0.750049,-0.629617,0.202505],[0.601601,0.776694,0.186609],[-0.274777,-0.0181388,0.961337]],[[0.752353,-0.629441,0.194342],[0.56469,0.464291,-0.682319],[0.339248,0.623088,0.70475]],[[0.752353,-0.629441,0.194342],[-0.143154,-0.444177,-0.884428],[0.643018,0.637582,-0.424285]],[[0.752353,-0.629441,0.194342],[-0.51853,-0.747803,-0.41463],[0.406314,0.211176,-0.888996]]],"btipPosition":[17.3665,270.78,21.9645],"carpPosition":[40.566,318.78,84.899],"dipPosition":[24.9091,274.7,5.46146],"direction":[-0.643018,-0.637582,0.424285],"extended":false,"handId":664,"id":6643,"length":64.0135,"mcpPosition":[57.6671,319.909,25.0687],"pipPosition":[42.6073,292.249,-6.21638],"stabilizedTipPosition":[-53.3655,317.728,220.753],"timeVisible":0.496916,"tipPosition":[18.7735,271.951,20.0072],"tipVelocity":[49.3661,-71.9844,-149.108],"tool":false,"touchDistance":0.333333,"touchZone":"none","type":3,"width":17.9606},{"bases":[[[0.603424,-0.747104,0.278773],[0.684282,0.664636,0.300028],[-0.409435,0.00971493,0.912288]],[[0.622522,-0.7467,0.23432],[0.676423,0.362794,-0.640962],[0.393596,0.557512,0.730933]],[[0.622522,-0.7467,0.23432],[-0.158882,-0.41376,-0.896415],[0.766305,0.520809,-0.376212]],[[0.622522,-0.7467,0.23432],[-0.596856,-0.64665,-0.474981],[0.506191,0.155831,-0.848226]]],"btipPosition":[33.8248,273.687,30.0245],"carpPosition":[47.6245,306.622,86.4243],"dipPosition":[42.4937,276.356,15.498],"direction":[-0.766305,-0.520809,0.376212],"extended":false,"handId":664,"id":6644,"length":50.1854,"mcpPosition":[71.2128,306.063,33.8659],"pipPosition":[57.3852,286.476,8.18716],"stabilizedTipPosition":[-32.4559,319.219,207.641],"timeVisible":0.496916,"tipPosition":[35.569,274.549,28.497],"tipVelocity":[52.3432,-67.0404,-169.976],"tool":false,"touchDistance":0.333333,"touchZone":"none","type":4,"width":15.954}],"r":[[0.99259,0.0521637,0.109745],[-0.0414505,0.994349,-0.0977314],[-0.114223,0.0924582,0.989143]],"s":0.873864,"t":[107.329,-56.7414,-273.965],"timestamp":523166068237},false],[3,{"currentFrameRate":104.158,"devices":[],"gestures":[],"hands":[{"armBasis":[[0.898105,-0.435856,-0.0586258],[0.437658,0.898876,0.0218773],[0.043162,-0.0453062,0.99804]],"armWidth":63.3096,"confidence":0.753531,"direction":[0.228017,0.202783,-0.952306],"elbow":[42.9437,297.667,359.635],"grabStrength":0,"id":664,"palmNormal":[-0.391693,-0.876332,-0.280391],"palmPosition":[35.1663,320.249,38.691],"palmVelocity":[25.5842,-49.7089,-103.572],"palmWidth":90.4039,"pinchStrength":1,"r":[[0.99259,0.0530514,0.109321],[-0.0418157,0.993841,-0.102623],[-0.114092,0.0972912,0.988695]],"s":0.871163,"sphereCenter":[26.3301,281.856,9.37147],"sphereRadius":44.4072,"stabilizedPalmPosition":[-27.4644,358.304,204.609],"t":[107.478,-57.0967,-274.683],"timeVisible":0.506007,"type":"right","wrist":[31.3651,309.821,91.8996]}],"id":4235617,"interactionBox":{"center":[0,200,0],"size":[235.247,235.247,147.751]},"pointables":[{"bases":[[[0.753529,0.647559,0.113407],[-0.631206,0.66442,0.400157],[0.183775,-0.373114,0.909403]],[[0.623323,0.741571,-0.248076],[-0.776822,0.623559,-0.0878683],[0.0895295,0.247481,0.964747]],[[0.623323,0.741571,-0.248076],[-0.780283,0.569056,-0.259488],[-0.0512592,0.355314,0.93334]],[[0.623323,0.741571,-0.248076],[-0.701175,0.389614,-0.597122],[-0.346154,0.546144,0.762826]]],"btipPosition":[6.48376,275.094,-8.48474],"carpPosition":[1.13855,312.104,88.7186],"dipPosition":[-1.56531,287.794,9.25314],"direction":[0.0512592,-0.355314,-0.93334],"extended":false,"handId":664,"id":6640,"length":51.7807,"mcpPosition":[1.13855,312.104,88.7186],"pipPosition":[-3.30177,299.83,40.871],"stabilizedTipPosition":[-39.5853,311.438,111.29],"timeVisible":0.506007,"tipPosition":[4.64687,278.603,-3.97943],"tipVelocity":[29.2242,-89.4952,-91.7733],"tool":false,"touchDistance":-0.480254,"touchZone":"hovering","type":0,"width":20.1196},{"bases":[[[0.917025,-0.396695,-0.0412135],[0.398502,0.907173,0.13503],[-0.0161778,-0.140249,0.989984]],[[0.898247,-0.415778,0.14241],[0.427854,0.901353,-0.0671036],[-0.100461,0.121206,0.987531]],[[0.898247,-0.415778,0.14241],[0.437051,0.879157,-0.189917],[-0.0462372,0.232833,0.971417]],[[0.898247,-0.415778,0.14241],[0.439459,0.85358,-0.27978],[-0.00523141,0.313895,0.949443]]],"btipPosition":[24.9853,321.942,-68.9565],"carpPosition":[18.3154,327.784,85.0061],"dipPosition":[24.8965,327.27,-52.8392],"direction":[0.0462372,-0.232833,-0.971417],"extended":true,"handId":664,"id":6641,"length":58.4287,"mcpPosition":[19.4979,338.035,12.6425],"pipPosition":[23.7862,332.862,-29.5109],"stabilizedTipPosition":[-28.2042,355.225,59.4026],"timeVisible":0.506007,"tipPosition":[24.5802,322.069,-64.9647],"tipVelocity":[33.3926,-81.956,-109.483],"tool":false,"touchDistance":0.209415,"touchZone":"hovering","type":1,"width":19.2182},{"bases":[[[0.824947,-0.560795,0.0705045],[0.547347,0.823748,0.14782],[-0.140975,-0.0833535,0.986498]],[[0.823874,-0.561401,0.077849],[0.433185,0.535145,-0.725238],[0.365489,0.631228,0.684082]],[[0.823874,-0.561401,0.077849],[-0.20933,-0.429047,-0.878692],[0.526699,0.707636,-0.470999]],[[0.823874,-0.561401,0.077849],[-0.495597,-0.780225,-0.381619],[0.274981,0.275824,-0.921036]]],"btipPosition":[2.35088,275.005,13.5168],"carpPosition":[30.097,324.599,84.1563],"dipPosition":[7.48503,280.155,-3.67977],"direction":[-0.526699,-0.707636,0.470999],"extended":false,"handId":664,"id":6642,"length":66.5748,"mcpPosition":[39.8692,330.377,15.7737],"pipPosition":[22.366,300.148,-16.987],"stabilizedTipPosition":[-72.0838,325.624,230.238],"timeVisible":0.506007,"tipPosition":[3.3798,276.273,11.4709],"tipVelocity":[40.3133,-64.6695,-147.707],"tool":false,"touchDistance":0.333333,"touchZone":"none","type":2,"width":18.8748},{"bases":[[[0.751586,-0.62744,0.203562],[0.600114,0.7785,0.183852],[-0.273829,-0.01602,0.961645]],[[0.754229,-0.627254,0.194142],[0.564863,0.469085,-0.678888],[0.334766,0.621701,0.70811]],[[0.754229,-0.627254,0.194142],[-0.139053,-0.441551,-0.886395],[0.641718,0.641549,-0.420252]],[[0.754229,-0.627254,0.194142],[-0.515642,-0.748872,-0.416297],[0.406511,0.213876,-0.88826]]],"btipPosition":[17.694,270.363,21.1133],"carpPosition":[40.7214,318.593,84.3408],"dipPosition":[25.2403,274.334,4.62393],"direction":[-0.641718,-0.641549,0.420252],"extended":false,"handId":664,"id":6643,"length":64.0135,"mcpPosition":[57.7636,319.59,24.4914],"pipPosition":[42.9027,291.991,-6.94291],"stabilizedTipPosition":[-52.7143,317.313,218.933],"timeVisible":0.506007,"tipPosition":[19.0887,271.524,19.1378],"tipVelocity":[45.6985,-64.3932,-133.648],"tool":false,"touchDistance":0.333333,"touchZone":"none","type":3,"width":17.9606},{"bases":[[[0.605285,-0.745026,0.280299],[0.683142,0.666938,0.297507],[-0.408593,0.0114077,0.912646]],[[0.623613,-0.744751,0.237598],[0.679618,0.366312,-0.635558],[0.386298,0.557819,0.734583]],[[0.623613,-0.744751,0.237598],[-0.15016,-0.412398,-0.898543],[0.767176,0.524665,-0.369009]],[[0.623613,-0.744751,0.237598],[-0.591759,-0.648335,-0.479043],[0.510811,0.158137,-0.845023]]],"btipPosition":[34.1195,273.296,29.1501],"carpPosition":[47.8074,306.455,85.8936],"dipPosition":[42.8676,276.005,14.6784],"direction":[-0.767176,-0.524665,0.369009],"extended":false,"handId":664,"id":6644,"length":50.1854,"mcpPosition":[71.3471,305.797,33.3145],"pipPosition":[57.7759,286.2,7.50757],"stabilizedTipPosition":[-31.8425,318.814,206.015],"timeVisible":0.506007,"tipPosition":[35.873,274.157,27.6109],"tipVelocity":[47.38,-60.0902,-149.157],"tool":false,"touchDistance":0.333333,"touchZone":"none","type":4,"width":15.954}],"r":[[0.99259,0.0530514,0.109321],[-0.0418157,0.993841,-0.102623],[-0.114092,0.0972912,0.988695]],"s":0.871163,"t":[107.478,-57.0967,-274.683],"timestamp":523166077328},false],[4,{"currentFrameRate":104.394,"devices":[],"gestures":[],"hands":[{"armBasis":[[0.897858,-0.436409,-0.0583016],[0.438269,0.898535,0.023574],[0.0420981,-0.0467178,0.998021]],"armWidth":63.3096,"confidence":0.760099,"direction":[0.225725,0.199538,-0.953537],"elbow":[43.0321,297.044,359.017],"grabStrength":0,"id":664,"palmNormal":[-0.393631,-0.876658,-0.276633],"palmPosition":[35.4109,319.835,38.0369],"palmVelocity":[25.9124,-48.4676,-94.6769],"palmWidth":90.4039,"pinchStrength":1,"r":[[0.992662,0.0535571,0.108411],[-0.0418956,0.993363,-0.107124],[-0.113429,0.101796,0.988317]],"s":0.8689,"sphereCenter":[26.0803,281.682,8.74578],"sphereRadius":44.3208,"stabilizedPalmPosition":[-26.6618,357.813,202.482],"t":[107.674,-57.4811,-275.369],"timeVisible":0.515144,"type":"right","wrist":[31.7388,309.577,91.2874]}],"id":4235618,"interactionBox":{"center":[0,200,0],"size":[235.247,235.247,147.751]},"pointables":[{"bases":[[[0.754707,0.646879,0.109383],[-0.629226,0.666507,0.399802],[0.185719,-0.370561,0.910051]],[[0.623148,0.740053,-0.252999],[-0.776881,0.623029,-0.0910556],[0.0902399,0.253291,0.963172]],[[0.623148,0.740053,-0.252999],[-0.780591,0.568391,-0.260018],[-0.0486245,0.359518,0.93187]],[[0.623148,0.740053,-0.252999],[-0.707239,0.39509,-0.586274],[-0.333916,0.544266,0.769594]]],"btipPosition":[6.44313,274.494,-9.05209],"carpPosition":[1.50697,311.892,88.1807],"dipPosition":[-1.32137,287.15,8.84316],"direction":[0.0486245,-0.359518,-0.93187],"extended":false,"handId":664,"id":6640,"length":51.7807,"mcpPosition":[1.50697,311.892,88.1807],"pipPosition":[-2.96857,299.329,40.4112],"stabilizedTipPosition":[-36.9205,309.388,104.289],"timeVisible":0.515144,"tipPosition":[4.6865,278.007,-4.49036],"tipVelocity":[21.8521,-83.17,-82.4171],"tool":false,"touchDistance":-0.468529,"touchZone":"hovering","type":0,"width":20.1196},{"bases":[[[0.916373,-0.398067,-0.0424559],[0.40009,0.907042,0.13116],[-0.0137011,-0.137177,0.990452]],[[0.898078,-0.416555,0.141204],[0.428604,0.900908,-0.068284],[-0.0987682,0.121845,0.987623]],[[0.898078,-0.416555,0.141204],[0.437578,0.878664,-0.190985],[-0.0445153,0.233308,0.971384]],[[0.898078,-0.416555,0.141204],[0.439823,0.853037,-0.280861],[-0.00345862,0.31434,0.949304]]],"btipPosition":[25.0402,321.423,-69.6238],"carpPosition":[18.6949,327.536,84.3737],"dipPosition":[24.9814,326.759,-53.5089],"direction":[0.0445153,-0.233308,-0.971384],"extended":true,"handId":664,"id":6641,"length":58.4287,"mcpPosition":[19.6964,337.563,11.9759],"pipPosition":[23.9124,332.362,-30.1814],"stabilizedTipPosition":[-26.0125,353.884,54.2427],"timeVisible":0.515144,"tipPosition":[24.6333,321.555,-65.6345],"tipVelocity":[25.9843,-74.8968,-99.3646],"tool":false,"touchDistance":0.198283,"touchZone":"hovering","type":1,"width":19.2182},{"bases":[[[0.824375,-0.561698,0.0700148],[0.548856,0.823454,0.143807],[-0.13843,-0.0801229,0.987126]],[[0.823348,-0.562264,0.0771775],[0.433242,0.534841,-0.725428],[0.366605,0.630717,0.683957]],[[0.823348,-0.562264,0.0771775],[-0.210414,-0.428716,-0.878594],[0.52709,0.70715,-0.471291]],[[0.823348,-0.562264,0.0771775],[-0.49704,-0.780019,-0.380159],[0.27395,0.274643,-0.921696]]],"btipPosition":[2.50216,274.575,12.8456],"carpPosition":[30.4699,324.333,83.502],"dipPosition":[7.61706,279.703,-4.36331],"direction":[-0.52709,-0.70715,0.471291],"extended":false,"handId":664,"id":6642,"length":66.5748,"mcpPosition":[40.0657,329.887,15.0759],"pipPosition":[22.509,299.682,-17.6788],"stabilizedTipPosition":[-71.6877,325.363,229.081],"timeVisible":0.515144,"tipPosition":[3.52937,275.83,10.7391],"tipVelocity":[33.5715,-59.9319,-127.144],"tool":false,"touchDistance":0.333333,"touchZone":"none","type":2,"width":18.8748},{"bases":[[[0.751282,-0.627833,0.203474],[0.601659,0.778245,0.179836],[-0.27126,-0.0126855,0.962423]],[[0.754448,-0.627638,0.192039],[0.565809,0.473614,-0.674944],[0.332668,0.617868,0.71244]],[[0.754448,-0.627638,0.192039],[-0.136265,-0.435983,-0.889579],[0.642059,0.644973,-0.414451]],[[0.754448,-0.627638,0.192039],[-0.514884,-0.747387,-0.41989],[0.407067,0.217908,-0.887025]]],"btipPosition":[17.9728,269.876,20.0257],"carpPosition":[41.0867,318.312,83.6765],"dipPosition":[25.5294,273.922,3.55932],"direction":[-0.642059,-0.644973,0.414451],"extended":false,"handId":664,"id":6643,"length":64.0135,"mcpPosition":[57.9689,319.102,23.7786],"pipPosition":[43.2011,291.674,-7.84787],"stabilizedTipPosition":[-52.0754,316.903,217.145],"timeVisible":0.515144,"tipPosition":[19.3612,271.045,18.0613],"tipVelocity":[41.5456,-60.7782,-129.421],"tool":false,"touchDistance":0.333333,"touchZone":"none","type":3,"width":17.9606},{"bases":[[[0.605029,-0.744982,0.280967],[0.684842,0.666921,0.293611],[-0.406117,0.0147745,0.913701]],[[0.622476,-0.744902,0.240091],[0.681934,0.365694,-0.633431],[0.384044,0.558022,0.73561]],[[0.622476,-0.744902,0.240091],[-0.14693,-0.412544,-0.89901],[0.768723,0.524336,-0.366248]],[[0.622476,-0.744902,0.240091],[-0.591113,-0.648535,-0.47957],[0.512941,0.1566,-0.844019]]],"btipPosition":[34.3425,272.843,28.3364],"carpPosition":[48.1604,306.169,85.2476],"dipPosition":[43.127,275.525,13.8819],"direction":[-0.768723,-0.524336,0.366248],"extended":false,"handId":664,"id":6644,"length":50.1854,"mcpPosition":[71.5575,305.318,32.6077],"pipPosition":[58.0655,285.714,6.7647],"stabilizedTipPosition":[-31.2598,318.427,204.469],"timeVisible":0.515144,"tipPosition":[36.1046,273.686,26.7598],"tipVelocity":[41.2465,-57.3674,-132.321],"tool":false,"touchDistance":0.333333,"touchZone":"none","type":4,"width":15.954}],"r":[[0.992662,0.0535571,0.108411],[-0.0418956,0.993363,-0.107124],[-0.113429,0.101796,0.988317]],"s":0.8689,"t":[107.674,-57.4811,-275.369],"timestamp":523166086465},false],[5,{"currentFrameRate":104.759,"devices":[],"gestures":[],"hands":[{"armBasis":[[0.89724,-0.43794,-0.0562931],[0.439794,0.897729,0.0257472],[0.0392603,-0.0478588,0.998082]],"armWidth":63.3096,"confidence":0.726276,"direction":[0.22542,0.195435,-0.954458],"elbow":[42.5078,296.53,358.643],"grabStrength":0,"id":664,"palmNormal":[-0.396013,-0.87671,-0.273044],"palmPosition":[35.6287,319.42,37.6055],"palmVelocity":[25.5482,-48.0178,-82.2039],"palmWidth":90.4039,"pinchStrength":1,"r":[[0.992764,0.053551,0.107478],[-0.041492,0.992903,-0.111456],[-0.112684,0.10619,0.98794]],"s":0.867113,"sphereCenter":[25.822,281.502,8.35469],"sphereRadius":44.2393,"stabilizedPalmPosition":[-25.8934,357.34,200.448],"t":[107.882,-57.8807,-275.928],"timeVisible":0.524008,"type":"right","wrist":[31.9758,309.369,90.8969]}],"id":4235619,"interactionBox":{"center":[0,200,0],"size":[235.247,235.247,147.751]},"pointables":[{"bases":[[[0.756384,0.645424,0.106354],[-0.627255,0.669535,0.397837],[0.185566,-0.367628,0.911271]],[[0.624455,0.737628,-0.256827],[-0.775895,0.623586,-0.095539],[0.0896813,0.258931,0.961724]],[[0.624455,0.737628,-0.256827],[-0.779645,0.568875,-0.261791],[-0.0470023,0.363711,0.930325]],[[0.624455,0.737628,-0.256827],[-0.710763,0.40032,-0.578412],[-0.32384,0.543735,0.774261]]],"btipPosition":[6.42172,273.94,-9.41064],"carpPosition":[1.74712,311.747,87.8065],"dipPosition":[-1.10848,286.584,8.59313],"direction":[0.0470023,-0.363711,-0.930325],"extended":false,"handId":664,"id":6640,"length":51.7807,"mcpPosition":[1.74712,311.747,87.8065],"pipPosition":[-2.70072,298.905,40.1088],"stabilizedTipPosition":[-34.3075,307.345,97.4093],"timeVisible":0.524008,"tipPosition":[4.73384,277.45,-4.80545],"tipVelocity":[16.9222,-77.6644,-70.2785],"tool":false,"touchDistance":-0.455013,"touchZone":"hovering","type":0,"width":20.1196},{"bases":[[[0.915358,-0.400474,-0.0417289],[0.402425,0.906537,0.127454],[-0.013213,-0.133458,0.990966]],[[0.8972,-0.418223,0.14185],[0.43047,0.899932,-0.0694043],[-0.0986286,0.123332,0.987452]],[[0.8972,-0.418223,0.14185],[0.439408,0.877537,-0.191962],[-0.0441954,0.234558,0.971097]],[[0.8972,-0.418223,0.14185],[0.441615,0.851794,-0.281821],[-0.00296269,0.315493,0.948923]]],"btipPosition":[25.2577,320.837,-70.0874],"carpPosition":[18.9703,327.334,83.9272],"dipPosition":[25.2075,326.192,-53.9789],"direction":[0.0441954,-0.234558,-0.971097],"extended":true,"handId":664,"id":6641,"length":58.4287,"mcpPosition":[19.9361,337.09,11.4918],"pipPosition":[24.1461,331.825,-30.6583],"stabilizedTipPosition":[-23.9127,352.58,49.3014],"timeVisible":0.524008,"tipPosition":[24.8466,320.977,-66.101],"tipVelocity":[25.6542,-72.391,-86.6516],"tool":false,"touchDistance":0.190533,"touchZone":"hovering","type":1,"width":19.2182},{"bases":[[[0.823051,-0.563458,0.0714257],[0.550996,0.822631,0.140289],[-0.137804,-0.0761101,0.987531]],[[0.822057,-0.563982,0.078405],[0.436252,0.535329,-0.723261],[0.365934,0.628766,0.686109]],[[0.822057,-0.563982,0.078405],[-0.209304,-0.427352,-0.879523],[0.529542,0.706608,-0.469352]],[[0.822057,-0.563982,0.078405],[-0.498472,-0.77935,-0.379657],[0.275225,0.273017,-0.921799]]],"btipPosition":[2.6645,274.202,12.2173],"carpPosition":[30.7366,324.099,83.0577],"dipPosition":[7.80321,279.299,-4.99355],"direction":[-0.529542,-0.706608,0.469352],"extended":false,"handId":664,"id":6642,"length":66.5748,"mcpPosition":[40.289,329.375,14.6035],"pipPosition":[22.7645,299.263,-18.2543],"stabilizedTipPosition":[-71.2954,325.104,227.934],"timeVisible":0.524008,"tipPosition":[3.68474,275.43,10.0839],"tipVelocity":[29.6034,-55.2995,-111.908],"tool":false,"touchDistance":0.333333,"touchZone":"none","type":2,"width":18.8748},{"bases":[[[0.749907,-0.628916,0.20519],[0.603718,0.777427,0.176443],[-0.270488,-0.00843875,0.962686]],[[0.753449,-0.628748,0.192329],[0.567216,0.473616,-0.673761],[0.332536,0.616736,0.713482]],[[0.753449,-0.628748,0.192329],[-0.13563,-0.434844,-0.890233],[0.643365,0.64466,-0.41291]],[[0.753449,-0.628748,0.192329],[-0.515887,-0.746662,-0.419948],[0.407646,0.21719,-0.886935]]],"btipPosition":[18.136,269.425,19.4883],"carpPosition":[41.3387,318.053,83.2458],"dipPosition":[25.7034,273.457,3.02359],"direction":[-0.643365,-0.64466,0.41291],"extended":false,"handId":664,"id":6643,"length":64.0135,"mcpPosition":[58.1729,318.578,23.3316],"pipPosition":[43.4111,291.2,-8.34118],"stabilizedTipPosition":[-51.448,316.497,215.389],"timeVisible":0.524008,"tipPosition":[19.5284,270.58,17.4745],"tipVelocity":[35.3514,-58.1957,-110.762],"tool":false,"touchDistance":0.333333,"touchZone":"none","type":3,"width":17.9606},{"bases":[[[0.603432,-0.745416,0.283239],[0.686721,0.666323,0.290563],[-0.405319,0.0191713,0.913974]],[[0.620317,-0.745551,0.24364],[0.68456,0.362989,-0.632153],[0.382864,0.558922,0.735542]],[[0.620317,-0.745551,0.24364],[-0.144803,-0.414142,-0.89862],[0.770869,0.52215,-0.364857]],[[0.620317,-0.745551,0.24364],[-0.591376,-0.648617,-0.479134],[0.515248,0.153132,-0.84325]]],"btipPosition":[34.4803,272.389,27.8916],"carpPosition":[48.3839,305.899,84.8563],"dipPosition":[43.3043,275.012,13.4503],"direction":[-0.770869,-0.52215,0.364857],"extended":false,"handId":664,"id":6644,"length":50.1854,"mcpPosition":[71.735,304.794,32.2007],"pipPosition":[58.2844,285.159,6.36005],"stabilizedTipPosition":[-30.6925,318.046,202.962],"timeVisible":0.524008,"tipPosition":[36.2524,273.211,26.272],"tipVelocity":[34.5565,-56.1049,-109.966],"tool":false,"touchDistance":0.333333,"touchZone":"none","type":4,"width":15.954}],"r":[[0.992764,0.053551,0.107478],[-0.041492,0.992903,-0.111456],[-0.112684,0.10619,0.98794]],"s":0.867113,"t":[107.882,-57.8807,-275.928],"timestamp":523166095329},false],[6,{"currentFrameRate":104.943,"devices":[],"gestures":[],"hands":[{"armBasis":[[0.89724,-0.437962,-0.0561199],[0.439823,0.897704,0.0261312],[0.0389345,-0.0481288,0.998082]],"armWidth":63.3096,"confidence":0.7343,"direction":[0.224238,0.193112,-0.955209],"elbow":[42.5979,296.28,358.264],"grabStrength":0,"id":664,"palmNormal":[-0.396726,-0.877185,-0.270471],"palmPosition":[35.7398,319.117,37.1981],"palmVelocity":[21.7919,-43.8451,-71.6292],"palmWidth":90.4039,"pinchStrength":1,"r":[[0.992878,0.0535123,0.106444],[-0.0411214,0.992471,-0.115373],[-0.111817,0.110174,0.987602]],"s":0.865496,"sphereCenter":[25.4592,281.506,7.91876],"sphereRadius":44.1477,"stabilizedPalmPosition":[-25.1011,356.848,198.35],"t":[108.041,-58.2325,-276.411],"timeVisible":0.533194,"type":"right","wrist":[32.1533,309.191,90.5176]}],"id":4235620,"interactionBox":{"center":[0,200,0],"size":[235.247,235.247,147.751]},"pointables":[{"bases":[[[0.756784,0.645364,0.103846],[-0.626459,0.670717,0.397099],[0.186622,-0.365573,0.911882]],[[0.623964,0.736854,-0.26022],[-0.77639,0.622387,-0.0992652],[0.0888134,0.26397,0.960433]],[[0.623964,0.736854,-0.26022],[-0.780072,0.567524,-0.263448],[-0.0464417,0.367372,0.928914]],[[0.623964,0.736854,-0.26022],[-0.716394,0.406349,-0.567151],[-0.312168,0.540302,0.781425]]],"btipPosition":[6.34881,273.473,-9.81036],"carpPosition":[1.92156,311.574,87.4616],"dipPosition":[-0.90998,286.037,8.36],"direction":[0.0464417,-0.367372,-0.928914],"extended":false,"handId":664,"id":6640,"length":51.7807,"mcpPosition":[1.92156,311.574,87.4616],"pipPosition":[-2.48324,298.482,39.8279],"stabilizedTipPosition":[-31.601,305.194,90.2562],"timeVisible":0.533194,"tipPosition":[4.73575,276.976,-5.14346],"tipVelocity":[11.8756,-70.726,-61.6357],"tool":false,"touchDistance":-0.443266,"touchZone":"hovering","type":0,"width":20.1196},{"bases":[[[0.91514,-0.400942,-0.0420011],[0.402958,0.906669,0.124803],[-0.0119576,-0.131137,0.991292]],[[0.897231,-0.418251,0.14157],[0.430479,0.899916,-0.0695683],[-0.0983042,0.123362,0.987481]],[[0.897231,-0.418251,0.14157],[0.439368,0.877557,-0.191962],[-0.0439476,0.234436,0.971138]],[[0.897231,-0.418251,0.14157],[0.441552,0.851834,-0.281799],[-0.00273154,0.31535,0.948972]]],"btipPosition":[25.3178,320.482,-70.5183],"carpPosition":[19.1458,327.146,83.5231],"dipPosition":[25.2715,325.835,-54.409],"direction":[0.0439476,-0.234436,-0.971138],"extended":true,"handId":664,"id":6641,"length":58.4287,"mcpPosition":[20.0199,336.731,11.0638],"pipPosition":[24.2161,331.465,-31.0874],"stabilizedTipPosition":[-21.8052,351.259,44.3296],"timeVisible":0.533194,"tipPosition":[24.9023,320.627,-66.535],"tipVelocity":[20.3419,-62.9657,-75.5436],"tool":false,"touchDistance":0.183354,"touchZone":"hovering","type":1,"width":19.2182},{"bases":[[[0.822918,-0.563624,0.071656],[0.551512,0.822733,0.137639],[-0.13653,-0.073746,0.987887]],[[0.821967,-0.564114,0.0783951],[0.43862,0.539199,-0.718942],[0.363294,0.625332,0.690635]],[[0.821967,-0.564114,0.0783951],[-0.206677,-0.423707,-0.881905],[0.530711,0.708695,-0.464863]],[[0.821967,-0.564114,0.0783951],[-0.498181,-0.778852,-0.381057],[0.276018,0.274162,-0.921222]]],"btipPosition":[2.82786,273.926,11.4262],"carpPosition":[30.9097,323.903,82.6456],"dipPosition":[7.98138,279.045,-5.77392],"direction":[-0.530711,-0.708695,0.464863],"extended":false,"handId":664,"id":6642,"length":66.5748,"mcpPosition":[40.3738,329.015,14.1667],"pipPosition":[22.9757,299.068,-18.9078],"stabilizedTipPosition":[-70.9,324.841,226.777],"timeVisible":0.533194,"tipPosition":[3.83495,275.132,9.28565],"tipVelocity":[26.4048,-48.0777,-104.629],"tool":false,"touchDistance":0.333333,"touchZone":"none","type":2,"width":18.8748},{"bases":[[[0.749924,-0.628739,0.20567],[0.604263,0.777592,0.173828],[-0.26922,-0.00607909,0.96306]],[[0.753907,-0.628576,0.191095],[0.567642,0.47678,-0.671166],[0.330768,0.61447,0.716254]],[[0.753907,-0.628576,0.191095],[-0.13394,-0.431814,-0.891962],[0.643183,0.646861,-0.409739]],[[0.753907,-0.628576,0.191095],[-0.515397,-0.74624,-0.421298],[0.40742,0.219129,-0.886561]]],"btipPosition":[18.3156,269.083,18.8359],"carpPosition":[41.5096,317.854,82.8339],"dipPosition":[25.8788,273.151,2.37808],"direction":[-0.643183,-0.646861,0.409739],"extended":false,"handId":664,"id":6643,"length":64.0135,"mcpPosition":[58.2649,318.232,22.8964],"pipPosition":[43.5815,290.955,-8.8994],"stabilizedTipPosition":[-50.7997,316.075,213.572],"timeVisible":0.533194,"tipPosition":[19.7004,270.228,16.7965],"tipVelocity":[30.9081,-52.0974,-99.6123],"tool":false,"touchDistance":0.333333,"touchZone":"none","type":3,"width":17.9606},{"bases":[[[0.603505,-0.744997,0.284184],[0.687373,0.666722,0.288098],[-0.404103,0.0214717,0.914461]],[[0.619812,-0.745245,0.245852],[0.686003,0.362403,-0.630923],[0.381095,0.559709,0.735862]],[[0.619812,-0.745245,0.245852],[-0.142433,-0.414916,-0.898642],[0.771716,0.521971,-0.363317]],[[0.619812,-0.745245,0.245852],[-0.590576,-0.649272,-0.479235],[0.516772,0.151841,-0.84255]]],"btipPosition":[34.5979,272.056,27.4175],"carpPosition":[48.552,305.7,84.4635],"dipPosition":[43.4481,274.656,12.9882],"direction":[-0.771716,-0.521971,0.363317],"extended":false,"handId":664,"id":6644,"length":50.1854,"mcpPosition":[71.8331,304.463,31.7798],"pipPosition":[58.4447,284.8,5.92792],"stabilizedTipPosition":[-30.0948,317.643,201.374],"timeVisible":0.533194,"tipPosition":[36.3784,272.865,25.7589],"tipVelocity":[28.6634,-50.7191,-93.5768],"tool":false,"touchDistance":0.333333,"touchZone":"none","type":4,"width":15.954}],"r":[[0.992878,0.0535123,0.106444],[-0.0411214,0.992471,-0.115373],[-0.111817,0.110174,0.987602]],"s":0.865496,"t":[108.041,-58.2325,-276.411],"timestamp":523166104515},false],[7,{"currentFrameRate":105.26,"devices":[],"gestures":[],"hands":[{"armBasis":[[0.896784,-0.438875,-0.0562725],[