{"sensorType":"Leap","data":[[0,{"currentFrameRate":103.997,"devices":[],"gestures":[],"hands":[{"armBasis":[[0.932584,-0.309262,-0.186129],[0.278496,0.94454,-0.174022],[0.229624,0.110454,0.966991]],"armWidth":63.703,"confidence":0.687791,"direction":[0.0919024,0.358635,-0.928943],"elbow":[86.4387,320.363,349.559],"grabStrength":0,"id":518,"palmNormal":[-0.270616,-0.888785,-0.369904],"palmPosition":[20.9464,308.245,36.911],"palmVelocity":[71.3777,87.4182,-377.207],"palmWidth":90.9658,"pinchStrength":0.708499,"r":[[0.967507,0.201039,0.15334],[-0.220183,0.968037,0.120099],[-0.124294,-0.14996,0.980848]],"s":1.06309,"sphereCenter":[19.58,272.437,5.20315],"sphereRadius":46.2777,"stabilizedPalmPosition":[-14.0276,285.971,181.152],"t":[39.2628,28.9481,-158.539],"timeVisible":0.316313,"type":"right","wrist":[24.4566,290.548,88.541]}],"id":4170594,"interactionBox":{"center":[0,200,0],"size":[235.247,235.247,147.751]},"pointables":[{"bases":[[[0.645593,0.750097,0.1434],[-0.68607,0.487188,0.54033],[0.335438,-0.447216,0.829144]],[[0.442137,0.869004,-0.222144],[-0.864186,0.479041,0.153954],[0.240203,0.123905,0.962782]],[[0.442137,0.869004,-0.222144],[-0.89658,0.435273,-0.081737],[0.0256636,0.235309,0.971582]],[[0.442137,0.869004,-0.222144],[-0.733551,0.207805,-0.647086],[-0.516158,0.449055,0.729336]]],"btipPosition":[-6.87659,263.147,-10.0663],"carpPosition":[-6.09138,287.858,88.1631],"dipPosition":[-18.9533,273.654,6.99829],"direction":[-0.0256636,-0.235309,-0.971582],"extended":false,"handId":518,"id":5180,"length":52.1025,"mcpPosition":[-6.09138,287.858,88.1631],"pipPosition":[-18.0785,281.675,40.1161],"stabilizedTipPosition":[-60.0027,251.161,143.356],"timeVisible":0.316313,"tipPosition":[-9.30034,265.39,-6.48969],"tipVelocity":[128.979,46.081,-362.999],"tool":false,"touchDistance":-0.679004,"touchZone":"hovering","type":0,"width":20.2446},{"bases":[[[0.960117,-0.221115,-0.171124],[0.257193,0.938504,0.230351],[0.109667,-0.265176,0.957943]],[[0.964705,-0.263295,-0.00439692],[0.262936,0.964038,-0.0386576],[0.0144171,0.0361371,0.999243]],[[0.964705,-0.263295,-0.00439692],[0.259234,0.952497,-0.159838],[0.0462726,0.153057,0.987133]],[[0.964705,-0.263295,-0.00439692],[0.254088,0.935097,-0.247048],[0.0691579,0.237211,0.968993]]],"btipPosition":[-3.07595,316.969,-68.447],"carpPosition":[7.90868,306.768,85.3326],"dipPosition":[-1.89466,321.021,-51.8955],"direction":[-0.0462726,-0.153057,-0.987133],"extended":true,"handId":518,"id":5181,"length":58.7918,"mcpPosition":[-0.157299,326.272,14.8759],"pipPosition":[-0.77653,324.719,-28.0425],"stabilizedTipPosition":[-44.2165,290.463,63.4326],"timeVisible":0.316313,"tipPosition":[-2.97249,316.264,-64.3208],"tipVelocity":[132.03,-7.08156,-408.24],"tool":false,"touchDistance":-0.755213,"touchZone":"hovering","type":1,"width":19.3376},{"bases":[[[0.908099,-0.411639,-0.0768743],[0.418155,0.881561,0.21908],[-0.0224123,-0.231092,0.972674]],[[0.907569,-0.415611,-0.0598799],[0.135485,0.42482,-0.895082],[0.397444,0.804236,0.441862]],[[0.907569,-0.415611,-0.0598799],[-0.343598,-0.653084,-0.674849],[0.241368,0.633047,-0.735522]],[[0.907569,-0.415611,-0.0598799],[-0.419726,-0.89378,-0.158077],[0.0121793,0.168599,-0.985609]]],"btipPosition":[-4.70551,262.029,33.3676],"carpPosition":[19.9737,305.829,83.0766],"dipPosition":[-4.4767,265.196,14.851],"direction":[-0.241368,-0.633047,0.735522],"extended":false,"handId":518,"id":5182,"length":66.9886,"mcpPosition":[21.537,321.947,15.2332],"pipPosition":[2.3851,283.193,-6.05906],"stabilizedTipPosition":[-46.7005,251.896,166.408],"timeVisible":0.316313,"tipPosition":[-4.65904,262.777,28.8746],"tipVelocity":[148.67,37.4883,-333.08],"tool":false,"touchDistance":0.333333,"touchZone":"none","type":2,"width":18.9921},{"bases":[[[0.86078,-0.506436,0.0508056],[0.481039,0.842083,0.243923],[-0.166314,-0.185524,0.968463]],[[0.856379,-0.510892,0.074868],[0.256992,0.295964,-0.919979],[0.447851,0.80709,0.384752]],[[0.856379,-0.510892,0.074868],[-0.356784,-0.690297,-0.62944],[0.373257,0.512327,-0.773434]],[[0.856379,-0.510892,0.074868],[-0.499591,-0.856469,-0.12988],[0.130477,0.0738228,-0.988699]]],"btipPosition":[9.10309,261.78,43.5901],"carpPosition":[31.4668,301.781,81.5365],"dipPosition":[11.5403,263.159,25.1222],"direction":[-0.373257,-0.512327,0.773434],"extended":false,"handId":518,"id":5183,"length":64.4113,"mcpPosition":[41.882,313.399,20.8882],"pipPosition":[21.8775,277.348,3.7022],"stabilizedTipPosition":[-33.3531,246.38,176.913],"timeVisible":0.316313,"tipPosition":[9.70627,262,38.7052],"tipVelocity":[141.101,73.0548,-314.496],"tool":false,"touchDistance":0.333333,"touchZone":"none","type":3,"width":18.0722},{"bases":[[[0.744352,-0.656633,0.121547],[0.592469,0.733341,0.333452],[-0.308091,-0.176193,0.934899]],[[0.763715,-0.643015,0.0571955],[0.337632,0.322345,-0.884363],[0.550222,0.694712,0.463282]],[[0.763715,-0.643015,0.0571955],[-0.432817,-0.575761,-0.693664],[0.478967,0.505006,-0.718025]],[[0.763715,-0.643015,0.0571955],[-0.619483,-0.754914,-0.215279],[0.181605,0.12898,-0.974876]]],"btipPosition":[26.5294,264.469,41.029],"carpPosition":[40.6147,290.91,80.7626],"dipPosition":[29.6589,266.691,24.2298],"direction":[-0.478967,-0.505006,0.718025],"extended":false,"handId":518,"id":5184,"length":50.4973,"mcpPosition":[58.4747,301.124,26.5667],"pipPosition":[39.0244,276.566,10.1898],"stabilizedTipPosition":[-16.441,242.739,181.667],"timeVisible":0.316313,"tipPosition":[27.5327,264.912,36.9283],"tipVelocity":[135.31,94.5294,-334.163],"tool":false,"touchDistance":0.333333,"touchZone":"none","type":4,"width":16.0532}],"r":[[0.967507,0.201039,0.15334],[-0.220183,0.968037,0.120099],[-0.124294,-0.14996,0.980848]],"s":1.06309,"t":[39.2628,28.9481,-158.539],"timestamp":522341628039},false],[1,{"currentFrameRate":104.234,"devices":[],"gestures":[],"hands":[{"armBasis":[[0.93502,-0.295878,-0.195431],[0.265298,0.949403,-0.16808],[0.235274,0.105311,0.966207]],"armWidth":63.703,"confidence":0.699283,"direction":[0.0901063,0.363429,-0.927254],"elbow":[88.7861,319.642,346.857],"grabStrength":0,"id":518,"palmNormal":[-0.256113,-0.891274,-0.374215],"palmPosition":[21.7029,309.053,34.473],"palmVelocity":[74.523,87.6588,-346.366],"palmWidth":90.9658,"pinchStrength":0.697185,"r":[[0.963658,0.215147,0.15835],[-0.234453,0.965265,0.115309],[-0.128041,-0.148244,0.980627]],"s":1.06596,"sphereCenter":[21.2966,273.123,2.58833],"sphereRadius":46.5089,"stabilizedPalmPosition":[-14.0199,285.976,181.121],"t":[39.9646,29.9265,-161.345],"timeVisible":0.325463,"type":"right","wrist":[25.279,291.216,86.0502]}],"id":4170595,"interactionBox":{"center":[0,200,0],"size":[235.247,235.247,147.751]},"pointables":[{"bases":[[[0.63394,0.758966,0.148632],[-0.695192,0.475018,0.539505],[0.338863,-0.445342,0.82876]],[[0.431643,0.876021,-0.215107],[-0.869131,0.467724,0.160768],[0.241447,0.117562,0.963267]],[[0.431643,0.876021,-0.215107],[-0.901649,0.426064,-0.0741448],[0.0266969,0.225955,0.973772]],[[0.431643,0.876021,-0.215107],[-0.729506,0.198747,-0.654462],[-0.530571,0.439415,0.724851]]],"btipPosition":[-5.76974,264.229,-12.6773],"carpPosition":[-5.22445,288.079,85.5459],"dipPosition":[-18.1837,274.51,4.2823],"direction":[-0.0266969,-0.225955,-0.973772],"extended":false,"handId":518,"id":5180,"length":52.1025,"mcpPosition":[-5.22445,288.079,85.5459],"pipPosition":[-17.2737,282.212,37.4748],"stabilizedTipPosition":[-59.8993,251.192,143.049],"timeVisible":0.325463,"tipPosition":[-8.13025,266.279,-9.09575],"tipVelocity":[124.388,64.5785,-342.115],"tool":false,"touchDistance":-0.678965,"touchZone":"hovering","type":0,"width":20.2446},{"bases":[[[0.963904,-0.206331,-0.168276],[0.242485,0.941314,0.234796],[0.109955,-0.267125,0.957368]],[[0.968518,-0.248932,-0.00225248],[0.248727,0.96802,-0.0327285],[0.0103276,0.0311379,0.999462]],[[0.968518,-0.248932,-0.00225248],[0.245578,0.956874,-0.155191],[0.0407873,0.149752,0.987882]],[[0.968518,-0.248932,-0.00225248],[0.240915,0.93953,-0.2434],[0.0627061,0.235194,0.969924]]],"btipPosition":[-2.0811,317.876,-70.942],"carpPosition":[8.50634,307.203,82.8388],"dipPosition":[-1.01001,321.894,-54.3746],"direction":[-0.0407873,-0.149752,-0.987882],"extended":true,"handId":518,"id":5181,"length":58.7918,"mcpPosition":[0.419149,326.85,12.4243],"pipPosition":[-0.0244313,325.512,-30.5035],"stabilizedTipPosition":[-44.1514,290.506,63.232],"timeVisible":0.325463,"tipPosition":[-1.96366,317.198,-66.8301],"tipVelocity":[124.77,22.2531,-370.381],"tool":false,"touchDistance":-0.745395,"touchZone":"hovering","type":1,"width":19.3376},{"bases":[[[0.914342,-0.397951,-0.0749299],[0.404309,0.886786,0.223928],[-0.0226658,-0.235042,0.971721]],[[0.913822,-0.401904,-0.0583354],[0.129582,0.424689,-0.896018],[0.384888,0.811241,0.440169]],[[0.913822,-0.401904,-0.0583354],[-0.333008,-0.659327,-0.674088],[0.232457,0.635422,-0.736344]],[[0.913822,-0.401904,-0.0583354],[-0.405949,-0.899848,-0.159622],[0.0116597,0.169547,-0.985453]]],"btipPosition":[-3.20113,262.502,31.0848],"carpPosition":[20.5923,306.449,80.6253],"dipPosition":[-2.98208,265.687,12.5711],"direction":[-0.232457,-0.635422,0.736344],"extended":false,"handId":518,"id":5182,"length":66.9886,"mcpPosition":[22.1732,322.843,12.8484],"pipPosition":[3.62639,283.751,-8.36231],"stabilizedTipPosition":[-46.6042,251.921,166.099],"timeVisible":0.325463,"tipPosition":[-3.16901,263.253,26.4636],"tipVelocity":[152.986,41.5777,-309.783],"tool":false,"touchDistance":0.333333,"touchZone":"none","type":2,"width":18.9921},{"bases":[[[0.867943,-0.493912,0.0522175],[0.467673,0.848144,0.248865],[-0.167205,-0.19158,0.96713]],[[0.863475,-0.498562,0.0764603],[0.255129,0.300945,-0.91888],[0.435108,0.812938,0.387056]],[[0.863475,-0.498562,0.0764603],[-0.344821,-0.694116,-0.631903],[0.368115,0.519268,-0.771266]],[[0.863475,-0.498562,0.0764603],[-0.486553,-0.86327,-0.134277],[0.132951,0.0787427,-0.98799]]],"btipPosition":[10.5069,262.41,41.075],"carpPosition":[32.1494,302.577,79.1142],"dipPosition":[12.9903,263.881,22.6203],"direction":[-0.368115,-0.519268,0.771266],"extended":false,"handId":518,"id":5183,"length":64.4113,"mcpPosition":[42.6204,314.574,18.5493],"pipPosition":[23.1851,278.262,1.26038],"stabilizedTipPosition":[-33.241,246.421,176.559],"timeVisible":0.325463,"tipPosition":[11.1273,262.656,36.1762],"tipVelocity":[144.855,72.5212,-303.37],"tool":false,"touchDistance":0.333333,"touchZone":"none","type":3,"width":18.0722},{"bases":[[[0.753473,-0.646069,0.121959],[0.580355,0.740718,0.338417],[-0.308977,-0.184208,0.93306]],[[0.772773,-0.632017,0.0581064],[0.336324,0.330138,-0.881984],[0.538246,0.701115,0.467684]],[[0.772773,-0.632017,0.0581064],[-0.421515,-0.579515,-0.697487],[0.474497,0.514506,-0.714238]],[[0.772773,-0.632017,0.0581064],[-0.607466,-0.763051,-0.22077],[0.183868,0.135307,-0.973594]]],"btipPosition":[27.8971,265.347,38.4563],"carpPosition":[41.4592,291.845,78.3349],"dipPosition":[31.0655,267.679,21.6791],"direction":[-0.474497,-0.514506,0.714238],"extended":false,"handId":518,"id":5184,"length":50.4973,"mcpPosition":[59.3705,302.523,24.2457],"pipPosition":[40.3436,277.739,7.71317],"stabilizedTipPosition":[-16.3553,242.783,181.387],"timeVisible":0.325463,"tipPosition":[28.9117,265.822,34.3634],"tipVelocity":[139.525,95.6909,-319.255],"tool":false,"touchDistance":0.333333,"touchZone":"none","type":4,"width":16.0532}],"r":[[0.963658,0.215147,0.15835],[-0.234453,0.965265,0.115309],[-0.128041,-0.148244,0.980627]],"s":1.06596,"t":[39.9646,29.9265,-161.345],"timestamp":522341637189},false],[2,{"currentFrameRate":104.554,"devices":[],"gestures":[],"hands":[{"armBasis":[[0.939571,-0.281891,-0.194277],[0.25281,0.953943,-0.161495],[0.230853,0.102621,0.967562]],"armWidth":63.703,"confidence":0.706185,"direction":[0.0844638,0.361332,-0.928604],"elbow":[88.7178,320.106,344.687],"grabStrength":0,"id":518,"palmNormal":[-0.244256,-0.895992,-0.370859],"palmPosition":[22.5472,310.01,31.8775],"palmVelocity":[79.8986,92.8869,-330.797],"palmWidth":90.9658,"pinchStrength":0.692388,"r":[[0.959822,0.229131,0.161993],[-0.248417,0.962298,0.110772],[-0.130504,-0.146563,0.980555]],"s":1.06883,"sphereCenter":[22.727,273.881,0.0824472],"sphereRadius":46.6793,"stabilizedPalmPosition":[-14.0111,285.981,181.085],"t":[40.7377,30.8942,-164.045],"timeVisible":0.334429,"type":"right","wrist":[26.404,292.406,83.5146]}],"id":4170596,"interactionBox":{"center":[0,200,0],"size":[235.247,235.247,147.751]},"pointables":[{"bases":[[[0.623677,0.768032,0.145444],[-0.70118,0.467436,0.538378],[0.345506,-0.437756,0.830057]],[[0.420341,0.880936,-0.217406],[-0.873077,0.45792,0.167469],[0.247084,0.119418,0.961607]],[[0.420341,0.880936,-0.217406],[-0.906831,0.416085,-0.0673091],[0.0311643,0.225443,0.973758]],[[0.420341,0.880936,-0.217406],[-0.726973,0.183584,-0.66167],[-0.542977,0.436175,0.717584]]],"btipPosition":[-4.74299,265.004,-14.9243],"carpPosition":[-4.05436,288.853,83.0456],"dipPosition":[-17.4472,275.209,1.86529],"direction":[-0.0311643,-0.225443,-0.973758],"extended":false,"handId":518,"id":5180,"length":52.1025,"mcpPosition":[-4.05436,288.853,83.0456],"pipPosition":[-16.3849,282.894,35.0573],"stabilizedTipPosition":[-59.7963,251.224,142.746],"timeVisible":0.334429,"tipPosition":[-7.07054,266.957,-11.3827],"tipVelocity":[119.648,70.0282,-318.264],"tool":false,"touchDistance":-0.673693,"touchZone":"hovering","type":0,"width":20.2446},{"bases":[[[0.966493,-0.193808,-0.168314],[0.229845,0.945348,0.231276],[0.114293,-0.262212,0.958218]],[[0.971856,-0.235557,-0.00299417],[0.235334,0.971356,-0.0329541],[0.010671,0.031322,0.999452]],[[0.971856,-0.235557,-0.00299417],[0.232164,0.959857,-0.1574],[0.0399507,0.152275,0.98753]],[[0.971856,-0.235557,-0.00299417],[0.227534,0.941895,-0.247109],[0.0610284,0.239473,0.968983]]],"btipPosition":[-1.45913,318.322,-73.5583],"carpPosition":[9.41321,308.152,80.26],"dipPosition":[-0.416705,322.413,-57.007],"direction":[-0.0399507,-0.152275,-0.98753],"extended":true,"handId":518,"id":5181,"length":58.7918,"mcpPosition":[1.00699,327.438,9.78304],"pipPosition":[0.548662,326.092,-33.1444],"stabilizedTipPosition":[-44.0939,290.545,63.0538],"timeVisible":0.334429,"tipPosition":[-1.31225,317.689,-69.4579],"tipVelocity":[109.405,30.295,-348.987],"tool":false,"touchDistance":-0.738489,"touchZone":"hovering","type":1,"width":19.3376},{"bases":[[[0.91961,-0.385752,-0.0742523],[0.392386,0.892987,0.220472],[-0.0187412,-0.231884,0.972563]],[[0.919167,-0.389578,-0.0579699],[0.121406,0.420253,-0.899249],[0.37469,0.819522,0.43358]],[[0.919167,-0.389578,-0.0579699],[-0.325374,-0.668114,-0.669146],[0.221954,0.633919,-0.740867]],[[0.919167,-0.389578,-0.0579699],[-0.393793,-0.906115,-0.154543],[0.00767936,0.164879,-0.986284]]],"btipPosition":[-1.69574,263.119,28.902],"carpPosition":[21.5066,307.555,78.0396],"dipPosition":[-1.55146,266.216,10.3727],"direction":[-0.221954,-0.633919,0.740867],"extended":false,"handId":518,"id":5182,"length":66.9886,"mcpPosition":[22.8138,323.729,10.2039],"pipPosition":[4.75842,284.238,-10.6892],"stabilizedTipPosition":[-46.4895,251.951,165.738],"timeVisible":0.334429,"tipPosition":[-1.68794,263.849,24.2199],"tipVelocity":[156.543,48.4175,-291.737],"tool":false,"touchDistance":0.333333,"touchZone":"none","type":2,"width":18.9921},{"bases":[[[0.874614,-0.481884,0.0532703],[0.456288,0.855297,0.245494],[-0.163862,-0.190406,0.967933]],[[0.870216,-0.486521,0.0776012],[0.247448,0.295415,-0.922767],[0.426021,0.822209,0.377463]],[[0.870216,-0.486521,0.0776012],[-0.33782,-0.703903,-0.624818],[0.358611,0.517512,-0.776904]],[[0.870216,-0.486521,0.0776012],[-0.475243,-0.870478,-0.128109],[0.129878,0.0746035,-0.988719]]],"btipPosition":[11.9888,263.306,39.0417],"carpPosition":[33.1142,303.835,76.5329],"dipPosition":[14.4148,264.7,20.5734],"direction":[-0.358611,-0.517512,0.776904],"extended":false,"handId":518,"id":5183,"length":64.4113,"mcpPosition":[43.3758,315.758,15.9177],"pipPosition":[24.3464,279.032,-0.94271],"stabilizedTipPosition":[-33.104,246.473,176.135],"timeVisible":0.334429,"tipPosition":[12.5975,263.526,34.0575],"tipVelocity":[150.043,79.4912,-282.504],"tool":false,"touchDistance":0.333333,"touchZone":"none","type":3,"width":18.0722},{"bases":[[[0.762276,-0.635334,0.12364],[0.570487,0.74973,0.335335],[-0.305746,-0.185083,0.933951]],[[0.781225,-0.621346,0.0601297],[0.331271,0.331004,-0.88357],[0.5291,0.710186,0.464423]],[[0.781225,-0.621346,0.0601297],[-0.413936,-0.587719,-0.695157],[0.467273,0.518184,-0.716339]],[[0.781225,-0.621346,0.0601297],[-0.597165,-0.771921,-0.218019],[0.181881,0.134415,-0.97409]]],"btipPosition":[29.3177,266.403,36.0188],"carpPosition":[42.5683,293.228,75.7842],"dipPosition":[32.452,268.719,19.233],"direction":[-0.467273,-0.518184,0.716339],"extended":false,"handId":518,"id":5184,"length":50.4973,"mcpPosition":[60.2924,303.957,21.6433],"pipPosition":[41.5888,278.852,5.22606],"stabilizedTipPosition":[-16.2492,242.839,181.046],"timeVisible":0.334429,"tipPosition":[30.3263,266.88,31.9251],"tipVelocity":[144.465,101.637,-306.343],"tool":false,"touchDistance":0.333333,"touchZone":"none","type":4,"width":16.0532}],"r":[[0.959822,0.229131,0.161993],[-0.248417,0.962298,0.110772],[-0.130504,-0.146563,0.980555]],"s":1.06883,"t":[40.7377,30.8942,-164.045],"timestamp":522341646155},false],[3,{"currentFrameRate":104.832,"devices":[],"gestures":[],"hands":[{"armBasis":[[0.947253,-0.25192,-0.19811],[0.222244,0.961724,-0.160298],[0.230909,0.107814,0.966984]],"armWidth":63.703,"confidence":0.712689,"direction":[0.0798403,0.381757,-0.920808],"elbow":[89.1279,320.375,342.533],"grabStrength":0,"id":518,"palmNormal":[-0.212337,-0.896042,-0.3899],"palmPosition":[22.7702,309.739,30.1954],"palmVelocity":[64.7213,59.0635,-291.097],"palmWidth":90.9658,"pinchStrength":0.688154,"r":[[0.954767,0.245815,0.167315],[-0.265901,0.957662,0.110363],[-0.133102,-0.149861,0.979707]],"s":1.07227,"sphereCenter":[24.1611,274.449,-2.31785],"sphereRadius":46.7419,"stabilizedPalmPosition":[-14.0026,285.987,181.05],"t":[41.2358,31.2425,-166.237],"timeVisible":0.343449,"type":"right","wrist":[26.7991,291.273,81.5171]}],"id":4170597,"interactionBox":{"center":[0,200,0],"size":[235.247,235.247,147.751]},"pointables":[{"bases":[[[0.597406,0.784733,0.165227],[-0.720011,0.434144,0.54139],[0.353114,-0.442394,0.824377]],[[0.393491,0.898015,-0.196808],[-0.887415,0.426942,0.173827],[0.240124,0.106251,0.96491]],[[0.393491,0.898015,-0.196808],[-0.919086,0.389184,-0.0617811],[0.021114,0.205194,0.978494]],[[0.393491,0.898015,-0.196808],[-0.723638,0.170512,-0.668785],[-0.567021,0.405578,0.716933]]],"btipPosition":[-2.96029,264.965,-17.5521],"carpPosition":[-3.52415,286.751,80.7288],"dipPosition":[-16.2271,274.455,-0.777762],"direction":[-0.021114,-0.205194,-0.978494],"extended":false,"handId":518,"id":5180,"length":52.1025,"mcpPosition":[-3.52415,286.751,80.7288],"pipPosition":[-15.5074,281.449,32.5757],"stabilizedTipPosition":[-59.6857,251.257,142.424],"timeVisible":0.343449,"tipPosition":[-5.35251,266.752,-14.02],"tipVelocity":[137.157,44.5722,-310.962],"tool":false,"touchDistance":-0.674127,"touchZone":"hovering","type":0,"width":20.2446},{"bases":[[[0.973509,-0.159336,-0.163991],[0.197406,0.947599,0.25117],[0.115377,-0.276889,0.95395]],[[0.979021,-0.203757,-0.000733844],[0.203755,0.979019,-0.00245165],[0.00121799,0.00225069,0.999997]],[[0.979021,-0.203757,-0.000733844],[0.201941,0.970762,-0.129776],[0.0271552,0.126905,0.991543]],[[0.979021,-0.203757,-0.000733844],[0.198505,0.954587,-0.222171],[0.0459694,0.217365,0.975007]]],"btipPosition":[-0.645979,320.013,-75.3042],"carpPosition":[9.33373,306.524,78.4234],"dipPosition":[0.139227,323.726,-58.65],"direction":[-0.0271552,-0.126905,-0.991543],"extended":true,"handId":518,"id":5181,"length":58.7918,"mcpPosition":[0.847717,326.889,8.26041],"pipPosition":[0.795403,326.792,-34.6904],"stabilizedTipPosition":[-44.0341,290.586,62.8694],"timeVisible":0.343449,"tipPosition":[-0.521216,319.232,-71.2178],"tipVelocity":[102.304,70.8732,-305.507],"tool":false,"touchDistance":-0.718807,"touchZone":"hovering","type":1,"width":19.3376},{"bases":[[[0.932134,-0.354472,-0.0740005],[0.361632,0.900711,0.240712],[-0.0186725,-0.251137,0.967772]],[[0.931699,-0.358567,-0.0580247],[0.113196,0.438413,-0.891617],[0.345143,0.82415,0.449058]],[[0.931699,-0.358567,-0.0580247],[-0.299172,-0.666936,-0.682417],[0.205993,0.653166,-0.728657]],[[0.931699,-0.358567,-0.0580247],[-0.363114,-0.915384,-0.173842],[0.00921908,0.183038,-0.983063]]],"btipPosition":[0.098179,262.155,26.3352],"carpPosition":[21.4567,306.359,76.2921],"dipPosition":[0.271378,265.593,7.86644],"direction":[-0.205993,-0.653166,0.728657],"extended":false,"handId":518,"id":5182,"length":66.9886,"mcpPosition":[22.7591,323.876,8.79057],"pipPosition":[6.12752,284.162,-12.8484],"stabilizedTipPosition":[-46.3481,251.984,165.302],"timeVisible":0.343449,"tipPosition":[0.111484,262.973,21.6182],"tipVelocity":[168.393,8.07968,-289.34],"tool":false,"touchDistance":0.333333,"touchZone":"none","type":2,"width":18.9921},{"bases":[[[0.889295,-0.454449,0.0512877],[0.426525,0.864619,0.265538],[-0.165018,-0.214266,0.962735]],[[0.884822,-0.459739,0.0756978],[0.242485,0.315642,-0.917372],[0.397859,0.830066,0.390767]],[[0.884822,-0.459739,0.0756978],[-0.311846,-0.705053,-0.636909],[0.346183,0.539944,-0.767214]],[[0.884822,-0.459739,0.0756978],[-0.446252,-0.88291,-0.146046],[0.133977,0.0954442,-0.986377]]],"btipPosition":[13.6622,262.648,36.7385],"carpPosition":[33.1897,303.044,74.8106],"dipPosition":[16.1648,264.431,18.314],"direction":[-0.346183,-0.539944,0.767214],"extended":false,"handId":518,"id":5183,"length":64.4113,"mcpPosition":[43.5236,316.462,14.5209],"pipPosition":[25.7522,279.385,-2.93373],"stabilizedTipPosition":[-32.9372,246.531,175.629],"timeVisible":0.343449,"tipPosition":[14.2988,262.968,31.6997],"tipVelocity":[160.34,40.2794,-274.723],"tool":false,"touchDistance":0.333333,"touchZone":"none","type":3,"width":18.0722},{"bases":[[[0.781438,-0.612765,0.117785],[0.543385,0.761061,0.354287],[-0.306736,-0.212851,0.927689]],[[0.800166,-0.597195,0.0556138],[0.325946,0.355135,-0.87615],[0.503482,0.719192,0.47882]],[[0.800166,-0.597195,0.0556138],[-0.390138,-0.588669,-0.707998],[0.455551,0.544819,-0.704021]],[[0.800166,-0.597195,0.0556138],[-0.570385,-0.786345,-0.237325],[0.185461,0.158178,-0.969837]]],"btipPosition":[30.8669,266.299,33.7122],"carpPosition":[42.987,292.763,73.9377],"dipPosition":[34.0628,269.025,16.9997],"direction":[-0.455551,-0.544819,0.704021],"extended":false,"handId":518,"id":5184,"length":50.4973,"mcpPosition":[60.7684,305.102,20.1598],"pipPosition":[42.9705,279.678,3.23361],"stabilizedTipPosition":[-16.1187,242.904,180.634],"timeVisible":0.343449,"tipPosition":[31.8944,266.89,29.5927],"tipVelocity":[152.403,73.3832,-291.902],"tool":false,"touchDistance":0.333333,"touchZone":"none","type":4,"width":16.0532}],"r":[[0.954767,0.245815,0.167315],[-0.265901,0.957662,0.110363],[-0.133102,-0.149861,0.979707]],"s":1.07227,"t":[41.2358,31.2425,-166.237],"timestamp":522341655175},false],[4,{"currentFrameRate":105.057,"devices":[],"gestures":[],"hands":[{"armBasis":[[0.945228,-0.242281,-0.218732],[0.200361,0.959679,-0.197159],[0.25768,0.142535,0.955659]],"armWidth":63.703,"confidence":0.09308,"direction":[0.0932783,0.409679,-0.907448],"elbow":[93.4418,322.176,333.936],"grabStrength":0,"id":518,"palmNormal":[-0.180029,-0.889459,-0.420063],"palmPosition":[20.6824,303.521,25.1027],"palmVelocity":[-16.8055,-146.711,-365.526],"palmWidth":90.9658,"pinchStrength":0.687381,"r":[[0.948331,0.262758,0.177836],[-0.28506,0.951715,0.113926],[-0.139314,-0.158734,0.977443]],"s":1.0781,"sphereCenter":[23.0653,269.982,-8.42692],"sphereRadius":46.7412,"stabilizedPalmPosition":[-13.9927,285.992,181.005],"t":[40.4409,28.3074,-169.879],"timeVisible":0.352549,"type":"right","wrist":[23.8867,283.702,75.9763]}],"id":4170598,"interactionBox":{"center":[0,200,0],"size":[235.247,235.247,147.751]},"pointables":[{"bases":[[[0.573264,0.793992,0.20235],[-0.743969,0.400906,0.534588],[0.343335,-0.457002,0.82053]],[[0.375832,0.91254,-0.161312],[-0.901076,0.400508,0.166302],[0.216364,0.0828531,0.972791]],[[0.375832,0.91254,-0.161312],[-0.926674,0.369125,-0.0708667],[-0.00512419,0.176118,0.984356]],[[0.375832,0.91254,-0.161312],[-0.707841,0.170344,-0.685524],[-0.59809,0.371825,0.709954]]],"btipPosition":[-2.91379,259.632,-24.4281],"carpPosition":[-6.28468,278.469,74.2827],"dipPosition":[-16.9075,268.331,-7.81704],"direction":[0.00512419,-0.176118,-0.984356],"extended":false,"handId":518,"id":5180,"length":52.1025,"mcpPosition":[-6.28468,278.469,74.2827],"pipPosition":[-17.0822,274.335,25.7362],"stabilizedTipPosition":[-59.5816,251.277,142.107],"timeVisible":0.352549,"tipPosition":[-5.42834,261.248,-20.9275],"tipVelocity":[95.4659,-135.763,-435.345],"tool":false,"touchDistance":-0.738751,"touchZone":"hovering","type":0,"width":20.2446},{"bases":[[[0.980989,-0.130889,-0.14328],[0.167289,0.944572,0.282486],[0.0983642,-0.301085,0.948511]],[[0.983576,-0.179591,0.0180396],[0.178102,0.981897,0.0644786],[-0.0292929,-0.0602067,0.997756]],[[0.983576,-0.179591,0.0180396],[0.1804,0.981381,-0.0659394],[-0.0058616,0.0681108,0.997661]],[[0.983576,-0.179591,0.0180396],[0.180117,0.970137,-0.162457],[0.0116749,0.163038,0.986551]]],"btipPosition":[0.093815,318.906,-80.7154],"carpPosition":[6.12812,298.606,72.8609],"dipPosition":[0.293234,321.691,-63.8641],"direction":[0.0058616,-0.0681108,-0.997661],"extended":true,"handId":518,"id":5181,"length":58.7918,"mcpPosition":[-1.10656,320.751,3.0979],"pipPosition":[0.151594,323.337,-39.7567],"stabilizedTipPosition":[-43.9856,290.618,62.716],"timeVisible":0.352549,"tipPosition":[-0.0111571,317.483,-76.5977],"tipVelocity":[92.3777,11.0163,-384.264],"tool":false,"touchDistance":-0.755748,"touchZone":"hovering","type":1,"width":19.3376},{"bases":[[[0.942271,-0.329459,-0.059859],[0.332847,0.902006,0.274952],[-0.036592,-0.279003,0.959593]],[[0.941551,-0.333951,-0.0442515],[0.123156,0.463506,-0.877493],[0.31355,0.820755,0.477543]],[[0.941551,-0.333951,-0.0442515],[-0.264415,-0.651243,-0.711314],[0.208725,0.681439,-0.70148]],[[0.941551,-0.333951,-0.0442515],[-0.335343,-0.916671,-0.217391],[0.0320339,0.219524,-0.975081]]],"btipPosition":[-0.791623,255.21,19.3566],"carpPosition":[18.301,298.797,71.0382],"dipPosition":[-0.189802,259.335,1.03781],"direction":[-0.208725,-0.681439,0.70148],"extended":false,"handId":518,"id":5182,"length":66.9886,"mcpPosition":[20.8532,318.257,4.10717],"pipPosition":[5.74401,278.707,-18.9045],"stabilizedTipPosition":[-46.1915,251.999,164.788],"timeVisible":0.352549,"tipPosition":[-0.632987,256.303,14.6964],"tipVelocity":[97.6218,-200.863,-420.646],"tool":false,"touchDistance":0.333333,"touchZone":"none","type":2,"width":18.9921},{"bases":[[[0.898825,-0.433979,0.0614499],[0.397981,0.866809,0.300422],[-0.183642,-0.245571,0.951825]],[[0.89385,-0.4401,0.0857023],[0.255539,0.342981,-0.903916],[0.368419,0.829865,0.419037]],[[0.89385,-0.4401,0.0857023],[-0.279479,-0.696354,-0.661047],[0.350606,0.566925,-0.745434]],[[0.89385,-0.4401,0.0857023],[-0.42053,-0.889198,-0.180225],[0.155523,0.125053,-0.979885]]],"btipPosition":[12.5755,256.085,30.3911],"carpPosition":[30.1466,295.811,69.7671],"dipPosition":[15.4805,258.421,12.0878],"direction":[-0.350606,-0.566925,0.745434],"extended":false,"handId":518,"id":5183,"length":64.4113,"mcpPosition":[41.6468,311.19,10.1607],"pipPosition":[25.1904,274.121,-8.55673],"stabilizedTipPosition":[-32.7713,246.567,175.092],"timeVisible":0.352549,"tipPosition":[13.3294,256.556,25.3374],"tipVelocity":[85.6202,-166.915,-391.059],"tool":false,"touchDistance":0.333333,"touchZone":"none","type":3,"width":18.0722},{"bases":[[[0.793333,-0.5967,0.120711],[0.515138,0.763633,0.389226],[-0.32443,-0.246603,0.913199]],[[0.813074,-0.579062,0.0599798],[0.338051,0.385747,-0.858441],[0.473954,0.718252,0.509394]],[[0.813074,-0.579062,0.0599798],[-0.35803,-0.578623,-0.732809],[0.459048,0.574353,-0.677786]],[[0.813074,-0.579062,0.0599798],[-0.544571,-0.792949,-0.273267],[0.205799,0.189523,-0.960067]]],"btipPosition":[29.7474,260.209,27.7125],"carpPosition":[40.2169,285.8,68.8601],"dipPosition":[33.2938,263.475,11.1684],"direction":[-0.459048,-0.574353,0.677786],"extended":false,"handId":518,"id":5184,"length":50.4973,"mcpPosition":[59.024,300.096,15.9222],"pipPosition":[42.2699,274.706,-2.08473],"stabilizedTipPosition":[-16.0021,242.949,180.242],"timeVisible":0.352549,"tipPosition":[30.8587,260.942,23.6141],"tipVelocity":[78.5214,-128.663,-392.555],"tool":false,"touchDistance":0.333333,"touchZone":"none","type":4,"width":16.0532}],"r":[[0.948331,0.262758,0.177836],[-0.28506,0.951715,0.113926],[-0.139314,-0.158734,0.977443]],"s":1.0781,"t":[40.4409,28.3074,-169.879],"timestamp":522341664275},false],[5,{"currentFrameRate":105.346,"devices":[],"gestures":[],"hands":[{"armBasis":[[0.94711,-0.22541,-0.228414],[0.175716,0.959857,-0.21863],[0.268526,0.16693,0.948698]],"armWidth":63.703,"confidence":0.0786752,"direction":[0.0935686,0.419441,-0.902948],"elbow":[95.0698,324.146,329.055],"grabStrength":0,"id":518,"palmNormal":[-0.149907,-0.890652,-0.429263],"palmPosition":[19.4902,299.221,22.2186],"palmVelocity":[-48.6108,-237.863,-353.633],"palmWidth":90.9658,"pinchStrength":0.690235,"r":[[0.940853,0.281083,0.189176],[-0.305859,0.94482,0.117329],[-0.145759,-0.16825,0.974908]],"s":1.08708,"sphereCenter":[22.1084,267.253,-11.6401],"sphereRadius":46.6976,"stabilizedPalmPosition":[-13.9717,286,180.906],"t":[39.4474,24.6901,-173.142],"timeVisible":0.361505,"type":"right","wrist":[22.5871,279.086,72.9746]}],"id":4170599,"interactionBox":{"center":[0,200,0],"size":[235.247,235.247,147.751]},"pointables":[{"bases":[[[0.548404,0.807839,0.215983],[-0.761604,0.37588,0.527895],[0.345271,-0.453994,0.821388]],[[0.352562,0.923826,-0.149149],[-0.913304,0.37442,0.160264],[0.2039,0.0797157,0.975741]],[[0.352562,0.923826,-0.149149],[-0.935573,0.344556,-0.0773556],[-0.0200729,0.166812,0.985784]],[[0.352562,0.923826,-0.149149],[-0.701153,0.15523,-0.695908],[-0.619746,0.349927,0.702471]]],"btipPosition":[-2.3944,255.186,-27.8858],"carpPosition":[-7.40354,273.038,70.8457],"dipPosition":[-16.8948,263.373,-11.4499],"direction":[0.0200729,-0.166812,-0.985784],"extended":false,"handId":518,"id":5180,"length":52.1025,"mcpPosition":[-7.40354,273.038,70.8457],"pipPosition":[-17.579,269.059,22.1521],"stabilizedTipPosition":[-59.4457,251.291,141.687],"timeVisible":0.361505,"tipPosition":[-4.99654,256.699,-24.4176],"tipVelocity":[81.6611,-237.973,-423.104],"tool":false,"touchDistance":-0.745679,"touchZone":"hovering","type":0,"width":20.2446},{"bases":[[[0.986,-0.102607,-0.131437],[0.137417,0.946507,0.291962],[0.0944488,-0.305936,0.947355]],[[0.987832,-0.152629,0.0298656],[0.147863,0.981221,0.123858],[-0.0482092,-0.117935,0.99185]],[[0.987832,-0.152629,0.0298656],[0.152858,0.988233,-0.00552861],[-0.0286704,0.0100265,0.999539]],[[0.987832,-0.152629,0.0298656],[0.154933,0.982484,-0.103543],[-0.0135388,0.106911,0.994176]]],"btipPosition":[0.512108,319.018,-83.6707],"carpPosition":[4.46414,293.52,69.7426],"dipPosition":[0.280852,320.845,-66.6891],"direction":[0.0286704,-0.0100265,-0.999539],"extended":true,"handId":518,"id":5181,"length":58.7918,"mcpPosition":[-2.48257,316.022,0.0646386],"pipPosition":[-0.411938,321.087,-42.5363],"stabilizedTipPosition":[-43.9486,290.642,62.5973],"timeVisible":0.361505,"tipPosition":[0.268357,317.305,-79.4837],"tipVelocity":[76.8646,4.70467,-368.504],"tool":false,"touchDistance":-0.752386,"touchZone":"hovering","type":1,"width":19.3376},{"bases":[[[0.951725,-0.30284,-0.0500714],[0.304174,0.908587,0.286266],[-0.0411986,-0.287677,0.956841]],[[0.950946,-0.307397,-0.0347795],[0.120214,0.470777,-0.874024],[0.285046,0.826968,0.484637]],[[0.950946,-0.307397,-0.0347795],[-0.234695,-0.643618,-0.728474],[0.201546,0.700902,-0.68419]],[[0.950946,-0.307397,-0.0347795],[-0.306106,-0.918725,-0.249486],[0.0447383,0.247893,-0.967754]]],"btipPosition":[-0.782809,249.694,15.6203],"carpPosition":[16.6495,294.061,68.081],"dipPosition":[0.0576891,254.351,-2.56083],"direction":[-0.201546,-0.700902,0.68419],"extended":false,"handId":518,"id":5182,"length":66.9886,"mcpPosition":[19.5231,314.127,1.3419],"pipPosition":[5.7874,274.277,-22.0116],"stabilizedTipPosition":[-45.9568,251.992,163.999],"timeVisible":0.361505,"tipPosition":[-0.499693,251.118,11.0925],"tipVelocity":[72.873,-310.617,-418.733],"tool":false,"touchDistance":0.333333,"touchZone":"none","type":2,"width":18.9921},{"bases":[[[0.909633,-0.409499,0.0698449],[0.369925,0.874995,0.312313],[-0.189006,-0.258253,0.947408]],[[0.904504,-0.415968,0.0940439],[0.255361,0.351654,-0.900627],[0.341561,0.838636,0.424295]],[[0.904504,-0.415968,0.0940439],[-0.253389,-0.701563,-0.666036],[0.343027,0.578602,-0.739967]],[[0.904504,-0.415968,0.0940439],[-0.393839,-0.899334,-0.18997],[0.163598,0.134791,-0.977275]]],"btipPosition":[12.6122,251.585,27.4075],"carpPosition":[28.5886,291.414,66.9419],"dipPosition":[15.668,254.103,9.15296],"direction":[-0.343027,-0.578602,0.739967],"extended":false,"handId":518,"id":5183,"length":64.4113,"mcpPosition":[40.4248,307.587,7.61211],"pipPosition":[25.168,270.127,-11.3402],"stabilizedTipPosition":[-32.5492,246.594,174.36],"timeVisible":0.361505,"tipPosition":[13.4154,252.103,22.3062],"tipVelocity":[64.3865,-257.393,-374.878],"tool":false,"touchDistance":0.333333,"touchZone":"none","type":3,"width":18.0722},{"bases":[[[0.807934,-0.575544,0.126458],[0.488742,0.774374,0.401841],[-0.329203,-0.262856,0.906936]],[[0.82784,-0.557006,0.0665234],[0.33783,0.40036,-0.851812],[0.447831,0.727637,0.519607]],[[0.82784,-0.557006,0.0665234],[-0.332764,-0.583078,-0.741139],[0.451608,0.591408,-0.668047]],[[0.82784,-0.557006,0.0665234],[-0.518939,-0.805452,-0.286268],[0.213034,0.202462,-0.955837]]],"btipPosition":[29.6946,256.155,24.6804],"carpPosition":[38.9431,281.692,66.0893],"dipPosition":[33.3656,259.644,8.2092],"direction":[-0.451608,-0.591408,0.668047],"extended":false,"handId":518,"id":5184,"length":50.4973,"mcpPosition":[58.0269,296.93,13.5145],"pipPosition":[42.1962,271.208,-4.85351],"stabilizedTipPosition":[-15.8616,242.992,179.761],"timeVisible":0.361505,"tipPosition":[30.8352,256.952,20.5876],"tipVelocity":[56.3112,-215.69,-377.277],"tool":false,"touchDistance":0.333333,"touchZone":"none","type":4,"width":16.0532}],"r":[[0.940853,0.281083,0.189176],[-0.305859,0.94482,0.117329],[-0.145759,-0.16825,0.974908]],"s":1.08708,"t":[39.4474,24.6901,-173.142],"timestamp":522341673231},false],[6,{"currentFrameRate":105.579,"devices":[],"gestures":[],"hands":[{"armBasis":[[0.947756,-0.244282,-0.205145],[0.201146,0.95678,-0.210028],[0.247584,0.157791,0.955931]],"armWidth":63.703,"confidence":0.132355,"direction":[0.0838477,0.377386,-0.922252],"elbow":[92.1791,326.229,329.38],"grabStrength":0,"id":518,"palmNormal":[-0.186733,-0.903165,-0.386553],"palmPosition":[21.6098,301.669,19.8492],"palmVelocity":[29.4115,-97.6572,-328.396],"palmWidth":90.9658,"pinchStrength":0.686729,"r":[[0.937213,0.291485,0.19149],[-0.316065,0.941978,0.113053],[-0.147426,-0.166478,0.974962]],"s":1.09592,"sphereCenter":[21.6786,269.02,-12.6717],"sphereRadius":46.6155,"stabilizedPalmPosition":[-13.9515,286.009,180.814],"t":[40.0104,24.1055,-175.958],"timeVisible":0.370546,"type":"right","wrist":[25.3491,283.637,71.3471]}],"id":4170600,"interactionBox":{"center":[0,200,0],"size":[235.247,235.247,147.751]},"pointables":[{"bases":[[[0.577258,0.799114,0.167897],[-0.736966,0.42131,0.528563],[0.351645,-0.428852,0.832125]],[[0.376783,0.905276,-0.196241],[-0.897195,0.40935,0.165749],[0.23038,0.113615,0.966445]],[[0.376783,0.905276,-0.196241],[-0.926265,0.370093,-0.0711634],[0.00820481,0.208584,0.97797]],[[0.376783,0.905276,-0.196241],[-0.710804,0.146719,-0.687918],[-0.593963,0.398685,0.698755]]],"btipPosition":[-2.73037,256.319,-27.7358],"carpPosition":[-4.85092,278.427,70.1786],"dipPosition":[-16.6275,265.647,-11.3867],"direction":[-0.00820481,-0.208584,-0.97797],"extended":false,"handId":518,"id":5180,"length":52.1025,"mcpPosition":[-4.85092,278.427,70.1786],"pipPosition":[-16.3479,272.757,21.9488],"stabilizedTipPosition":[-59.3083,251.31,141.262],"timeVisible":0.370546,"tipPosition":[-5.2655,258.041,-24.2823],"tipVelocity":[53.1389,-129.846,-302.512],"tool":false,"touchDistance":-0.697493,"touchZone":"hovering","type":0,"width":20.2446},{"bases":[[[0.979008,-0.138358,-0.149665],[0.17255,0.953457,0.24728],[0.108486,-0.267914,0.957316]],[[0.983329,-0.181359,0.0131228],[0.179023,0.978245,0.10482],[-0.0318473,-0.100723,0.994405]],[[0.983329,-0.181359,0.0131228],[0.181662,0.982975,-0.0275607],[-0.00790099,0.0294852,0.999534]],[[0.983329,-0.181359,0.0131228],[0.181529,0.974955,-0.128494],[0.0105094,0.128734,0.991623]]],"btipPosition":[0.988961,319.589,-86.3003],"carpPosition":[7.58881,298.469,67.9115],"dipPosition":[1.16847,321.788,-69.3624],"direction":[0.00790099,-0.0294852,-0.999534],"extended":true,"handId":518,"id":5181,"length":58.7918,"mcpPosition":[-0.390319,318.174,-2.49905],"pipPosition":[0.977554,322.5,-45.2097],"stabilizedTipPosition":[-43.9187,290.662,62.5012],"timeVisible":0.370546,"tipPosition":[0.740496,317.899,-82.0979],"tipVelocity":[73.0962,23.408,-347.408],"tool":false,"touchDistance":-0.745076,"touchZone":"hovering","type":1,"width":19.3376},{"bases":[[[0.940808,-0.333783,-0.0588996],[0.337919,0.910226,0.239375],[-0.0262872,-0.245109,0.969139]],[[0.940274,-0.337623,-0.0435432],[0.111214,0.425553,-0.898074],[0.32174,0.839593,0.437685]],[[0.940274,-0.337623,-0.0435432],[-0.271334,-0.666053,-0.694803],[0.205579,0.66512,-0.717881]],[[0.940274,-0.337623,-0.0435432],[-0.339113,-0.917781,-0.206593],[0.0297873,0.20902,-0.977458]]],"btipPosition":[-0.333799,252.367,16.0302],"carpPosition":[19.7405,298.565,65.946],"dipPosition":[0.225815,256.294,-2.33333],"direction":[-0.205579,-0.66512,0.717881],"extended":false,"handId":518,"id":5182,"length":66.9886,"mcpPosition":[21.574,315.661,-1.65088],"pipPosition":[6.07019,275.203,-22.7418],"stabilizedTipPosition":[-45.7086,251.999,163.173],"timeVisible":0.370546,"tipPosition":[-0.101514,253.643,11.4141],"tipVelocity":[64.5059,-148.616,-292.096],"tool":false,"touchDistance":0.333333,"touchZone":"none","type":2,"width":18.9921},{"bases":[[[0.898517,-0.433875,0.0664828],[0.403261,0.875775,0.265327],[-0.173343,-0.211591,0.961864]],[[0.893785,-0.43915,0.0910857],[0.241763,0.300698,-0.922568],[0.377756,0.846598,0.374929]],[[0.893785,-0.43915,0.0910857],[-0.291706,-0.723476,-0.625691],[0.34067,0.532663,-0.774735]],[[0.893785,-0.43915,0.0910857],[-0.425198,-0.894302,-0.139397],[0.142674,0.0858618,-0.986038]]],"btipPosition":[13.4464,254.585,27.5387],"carpPosition":[31.5644,295.505,64.6468],"dipPosition":[16.1114,256.189,9.12044],"direction":[-0.34067,-0.532663,0.774735],"extended":false,"handId":518,"id":5183,"length":64.4113,"mcpPosition":[42.4197,308.756,4.41167],"pipPosition":[25.5462,270.94,-12.3355],"stabilizedTipPosition":[-32.3388,246.632,173.678],"timeVisible":0.370546,"tipPosition":[14.1337,254.846,22.3718],"tipVelocity":[69.3328,-101.39,-268.695],"tool":false,"touchDistance":0.333333,"touchZone":"none","type":3,"width":18.0722},{"bases":[[[0.793351,-0.594147,0.132602],[0.521195,0.775473,0.356367],[-0.314563,-0.213613,0.924889]],[[0.812128,-0.578998,0.0721731],[0.327294,0.349652,-0.877851],[0.483038,0.736549,0.473465]],[[0.812128,-0.578998,0.0721731],[-0.368825,-0.605263,-0.705425],[0.452123,0.546276,-0.705101]],[[0.812128,-0.578998,0.0721731],[-0.549637,-0.800663,-0.238408],[0.195824,0.153948,-0.96848]]],"btipPosition":[30.5466,258.455,24.1017],"carpPosition":[41.6018,285.443,63.9778],"dipPosition":[33.9211,261.108,7.41262],"direction":[-0.452123,-0.546276,0.705101],"extended":false,"handId":518,"id":5184,"length":50.4973,"mcpPosition":[59.837,297.826,10.3622],"pipPosition":[42.7617,271.789,-6.37462],"stabilizedTipPosition":[-15.7342,243.035,179.33],"timeVisible":0.370546,"tipPosition":[31.6106,259.041,19.9116],"tipVelocity":[64.6858,-91.9921,-292.455],"tool":false,"touchDistance":0.333333,"touchZone":"none","type":4,"width":16.0532}],"r":[[0.937213,0.291485,0.19149],[-0.316065,0.