{"sensorType":"Leap","data":[[0,{"currentFrameRate":108.654,"devices":[],"gestures":[],"hands":[{"armBasis":[[0.944013,-0.286615,-0.163377],[0.276813,0.957555,-0.0803903],[0.179483,0.0306647,0.983283]],"armWidth":63.703,"confidence":0.703374,"direction":[0.0685333,0.357301,-0.931472],"elbow":[102.587,317.086,355.961],"grabStrength":0,"id":516,"palmNormal":[-0.274385,-0.89091,-0.361929],"palmPosition":[49.3448,326.387,38.9776],"palmVelocity":[41.3715,-1.13369,-279.047],"palmWidth":90.9658,"pinchStrength":0.725377,"r":[[0.837578,0.53888,-0.0898413],[-0.542724,0.839571,-0.0238841],[0.0625575,0.0687638,0.99567]],"s":1.08273,"sphereCenter":[46.0708,291.585,7.072],"sphereRadius":46.3218,"stabilizedPalmPosition":[13.4924,318.998,245.414],"t":[36.8636,10.0005,-210.978],"timeVisible":0.587424,"type":"right","wrist":[54.1396,308.809,90.545]}],"id":4169929,"interactionBox":{"center":[0,200,0],"size":[235.247,235.247,147.751]},"pointables":[{"bases":[[[0.64476,0.753748,0.127078],[-0.675975,0.484639,0.555142],[0.35685,-0.443835,0.82199]],[[0.427209,0.871537,-0.240656],[-0.853648,0.476509,0.210297],[0.297956,0.115595,0.947555]],[[0.427209,0.871537,-0.240656],[-0.901661,0.43041,-0.0418817],[0.0670792,0.234882,0.969707]],[[0.427209,0.871537,-0.240656],[-0.708627,0.157434,-0.687795],[-0.561551,0.464367,0.684853]]],"btipPosition":[19.5887,281.318,-5.48696],"carpPosition":[23.6057,305.958,90.8778],"dipPosition":[6.44989,292.183,10.5368],"direction":[-0.0670792,-0.234882,-0.969706],"extended":false,"handId":516,"id":5160,"length":52.1025,"mcpPosition":[23.6057,305.958,90.8778],"pipPosition":[8.73639,300.19,43.5907],"stabilizedTipPosition":[-26.0899,301.04,185.744],"timeVisible":0.587424,"tipPosition":[17.021,283.157,-2.20943],"tipVelocity":[81.0494,-34.5577,-251.557],"tool":false,"touchDistance":-0.612143,"touchZone":"hovering","type":0,"width":20.2446},{"bases":[[[0.957065,-0.216414,-0.192852],[0.257482,0.940286,0.222633],[0.133155,-0.26273,0.955637]],[[0.966092,-0.25509,-0.0399447],[0.255332,0.966853,0.000973234],[0.0383723,-0.0111394,0.999201]],[[0.966092,-0.25509,-0.0399447],[0.246837,0.957847,-0.14697],[0.0757516,0.132127,0.988334]],[[0.966092,-0.25509,-0.0399447],[0.236996,0.937477,-0.254891],[0.102467,0.236781,0.966144]]],"btipPosition":[22.4142,337.5,-65.8985],"carpPosition":[37.4366,324.935,87.6901],"dipPosition":[24.1644,341.545,-49.3957],"direction":[-0.0757516,-0.132127,-0.988334],"extended":true,"handId":516,"id":5161,"length":58.7918,"mcpPosition":[27.643,344.259,17.403],"pipPosition":[25.9949,344.738,-25.5137],"stabilizedTipPosition":[-4.55511,333.271,147.252],"timeVisible":0.587424,"tipPosition":[22.6871,336.837,-61.7897],"tipVelocity":[53.9388,-38.4365,-297.652],"tool":false,"touchDistance":-0.72508,"touchZone":"hovering","type":1,"width":19.3376},{"bases":[[[0.908244,-0.407024,-0.0970777],[0.418439,0.884165,0.207751],[0.00127319,-0.229309,0.973353]],[[0.908124,-0.41103,-0.0797858],[0.109905,0.417878,-0.901831],[0.40402,0.810205,0.424659]],[[0.908124,-0.41103,-0.0797858],[-0.357169,-0.661028,-0.659903],[0.2185,0.627771,-0.747102]],[[0.908124,-0.41103,-0.0797858],[-0.418486,-0.897147,-0.141409],[-0.0134565,0.161806,-0.986731]]],"btipPosition":[23.9346,280.121,36.5806],"carpPosition":[49.4511,324.055,85.1577],"dipPosition":[23.6818,283.161,18.0429],"direction":[-0.2185,-0.627771,0.747102],"extended":false,"handId":516,"id":5162,"length":66.9886,"mcpPosition":[49.3623,340.049,17.2669],"pipPosition":[29.8935,301.007,-3.19635],"stabilizedTipPosition":[-31.8151,295.024,223.503],"timeVisible":0.587424,"tipPosition":[23.9862,281.003,32.4932],"tipVelocity":[96.7025,-42.7802,-263.509],"tool":false,"touchDistance":0.333333,"touchZone":"none","type":2,"width":18.9921},{"bases":[[[0.864387,-0.501819,0.0318343],[0.482087,0.845066,0.231206],[-0.142926,-0.184505,0.972384]],[[0.860728,-0.506081,0.0550412],[0.241127,0.310084,-0.919623],[0.448336,0.804817,0.388927]],[[0.860728,-0.506081,0.0550412],[-0.361092,-0.683169,-0.634738],[0.358831,0.526462,-0.770765]],[[0.860728,-0.506081,0.0550412],[-0.496255,-0.858252,-0.130896],[0.113483,0.0853511,-0.989867]]],"btipPosition":[37.7937,279.495,44.9294],"carpPosition":[60.9268,320.064,83.3599],"dipPosition":[39.9135,281.089,26.4396],"direction":[-0.358831,-0.526462,0.770765],"extended":false,"handId":516,"id":5163,"length":64.4113,"mcpPosition":[69.8773,331.619,22.4661],"pipPosition":[49.8512,295.669,5.09358],"stabilizedTipPosition":[-19.0895,286.797,232.668],"timeVisible":0.587424,"tipPosition":[38.4039,279.987,40.567],"tipVelocity":[96.2171,-19.6407,-252.728],"tool":false,"touchDistance":0.333333,"touchZone":"none","type":3,"width":18.0722},{"bases":[[[0.750419,-0.652485,0.105521],[0.596128,0.737084,0.318337],[-0.285488,-0.175982,0.942087]],[[0.766283,-0.640673,0.0484619],[0.325541,0.322123,-0.888965],[0.553925,0.696975,0.455403]],[[0.766283,-0.640673,0.0484619],[-0.43862,-0.576747,-0.689184],[0.469492,0.506854,-0.722964]],[[0.766283,-0.640673,0.0484619],[-0.619771,-0.756952,-0.207142],[0.169393,0.128694,-0.97711]]],"btipPosition":[54.9809,282.676,42.6581],"carpPosition":[70.1117,309.241,82.3948],"dipPosition":[57.8999,284.893,25.8204],"direction":[-0.469492,-0.506854,0.722964],"extended":false,"handId":516,"id":5164,"length":50.4973,"mcpPosition":[86.6613,319.442,27.7822],"pipPosition":[67.0802,294.804,11.6838],"stabilizedTipPosition":[-2.75689,278.974,235.12],"timeVisible":0.587424,"tipPosition":[55.9614,283.201,38.6815],"tipVelocity":[89.2233,1.60619,-262.344],"tool":false,"touchDistance":0.333333,"touchZone":"none","type":4,"width":16.0532}],"r":[[0.837578,0.53888,-0.0898413],[-0.542724,0.839571,-0.0238841],[0.0625575,0.0687638,0.99567]],"s":1.08273,"t":[36.8636,10.0005,-210.978],"timestamp":522333943969},false],[1,{"currentFrameRate":108.754,"devices":[],"gestures":[],"hands":[{"armBasis":[[0.950618,-0.265621,-0.16053],[0.257869,0.963803,-0.0677247],[0.172709,0.0229847,0.984705]],"armWidth":63.703,"confidence":0.712863,"direction":[0.0634581,0.3601,-0.930753],"elbow":[101.404,315.21,353.335],"grabStrength":0,"id":516,"palmNormal":[-0.255174,-0.895776,-0.363966],"palmPosition":[49.7563,326.563,35.9836],"palmVelocity":[42.5473,4.56081,-293.64],"palmWidth":90.9658,"pinchStrength":0.722808,"r":[[0.830614,0.549462,-0.0903979],[-0.553642,0.832273,-0.0283258],[0.0596718,0.0735759,0.995503]],"s":1.08414,"sphereCenter":[47.5179,291.584,3.93508],"sphereRadius":46.5187,"stabilizedPalmPosition":[13.4931,318.998,245.41],"t":[37.2124,10.0832,-213.64],"timeVisible":0.596439,"type":"right","wrist":[54.7851,309.006,87.5357]}],"id":4169930,"interactionBox":{"center":[0,200,0],"size":[235.247,235.247,147.751]},"pointables":[{"bases":[[[0.628854,0.766609,0.129819],[-0.687122,0.469799,0.554214],[0.363876,-0.437721,0.822189]],[[0.411342,0.88033,-0.236255],[-0.860106,0.460683,0.219065],[0.301688,0.113094,0.946675]],[[0.411342,0.88033,-0.236255],[-0.909404,0.413867,-0.0412115],[0.0614985,0.231803,0.970817]],[[0.411342,0.88033,-0.236255],[-0.708541,0.145776,-0.690448],[-0.573382,0.451407,0.683714]]],"btipPosition":[20.5792,281.422,-8.54323],"carpPosition":[24.3153,305.529,87.7888],"dipPosition":[7.16355,291.984,7.45387],"direction":[-0.0614985,-0.231803,-0.970817],"extended":false,"handId":516,"id":5160,"length":52.1025,"mcpPosition":[24.3153,305.529,87.7888],"pipPosition":[9.25982,299.886,40.5456],"stabilizedTipPosition":[-26.0288,301.016,185.477],"timeVisible":0.596439,"tipPosition":[18.0741,283.129,-5.24231],"tipVelocity":[87.0317,-24.008,-275.794],"tool":false,"touchDistance":-0.625198,"touchZone":"hovering","type":0,"width":20.2446},{"bases":[[[0.961768,-0.196439,-0.190822],[0.2376,0.945015,0.224704],[0.136189,-0.261452,0.95556]],[[0.971225,-0.235021,-0.0385626],[0.235457,0.971859,0.00711831],[0.0358044,-0.0159933,0.999231]],[[0.971225,-0.235021,-0.0385626],[0.227529,0.963458,-0.141351],[0.0703738,0.128509,0.989208]],[[0.971225,-0.235021,-0.0385626],[0.21835,0.943335,-0.249884],[0.0951054,0.234274,0.967508]]],"btipPosition":[22.8823,337.601,-68.9643],"carpPosition":[37.7618,324.791,84.6643],"dipPosition":[24.5068,341.603,-52.4383],"direction":[-0.0703738,-0.128509,-0.989208],"extended":true,"handId":516,"id":5161,"length":58.7918,"mcpPosition":[27.7451,344.021,14.3828],"pipPosition":[26.2073,344.708,-28.5351],"stabilizedTipPosition":[-4.55304,333.271,147.236],"timeVisible":0.596439,"tipPosition":[23.1572,336.947,-64.8687],"tipVelocity":[52.5029,-25.1035,-309.155],"tool":false,"touchDistance":-0.726812,"touchZone":"hovering","type":1,"width":19.3376},{"bases":[[[0.916634,-0.388161,-0.0954595],[0.399711,0.892231,0.210133],[0.00360658,-0.230771,0.973001]],[[0.916554,-0.392203,-0.0781426],[0.103184,0.42071,-0.901308],[0.386371,0.818034,0.426072]],[[0.916554,-0.392203,-0.0781426],[-0.341942,-0.66726,-0.661695],[0.207377,0.633199,-0.74569]],[[0.916554,-0.392203,-0.0781426],[-0.399662,-0.905229,-0.144325],[-0.0141322,0.163513,-0.98644]]],"btipPosition":[25.2981,279.765,33.4938],"carpPosition":[49.798,324.161,82.1602],"dipPosition":[25.0326,282.837,14.9616],"direction":[-0.207377,-0.633199,0.74569],"extended":false,"handId":516,"id":5162,"length":66.9886,"mcpPosition":[49.5464,340.257,14.2939],"pipPosition":[30.9281,300.838,-6.23748],"stabilizedTipPosition":[-31.7319,295.003,223.219],"timeVisible":0.596439,"tipPosition":[25.3421,280.66,29.387],"tipVelocity":[111.612,-41.6331,-285.164],"tool":false,"touchDistance":0.333333,"touchZone":"none","type":2,"width":18.9921},{"bases":[[[0.874417,-0.484038,0.0331989],[0.46409,0.854407,0.233686],[-0.141478,-0.188931,0.971745]],[[0.870767,-0.488436,0.0565239],[0.237961,0.318025,-0.917734],[0.430278,0.812583,0.393154]],[[0.870767,-0.488436,0.0565239],[-0.343971,-0.687261,-0.639809],[0.351352,0.537682,-0.766452]],[[0.870767,-0.488436,0.0565239],[-0.477746,-0.867643,-0.137678],[0.116289,0.0928812,-0.988863]]],"btipPosition":[39.0951,279.319,41.667],"carpPosition":[61.3575,320.41,80.3846],"dipPosition":[41.2672,281.054,23.196],"direction":[-0.351352,-0.537682,0.766452],"extended":false,"handId":516,"id":5163,"length":64.4113,"mcpPosition":[70.2173,332.241,19.5307],"pipPosition":[50.9978,295.945,1.96944],"stabilizedTipPosition":[-19.0152,286.788,232.421],"timeVisible":0.596439,"tipPosition":[39.7275,279.877,37.3765],"tipVelocity":[109.821,-18.6168,-282.61],"tool":false,"touchDistance":0.333333,"touchZone":"none","type":3,"width":18.0722},{"bases":[[[0.763384,-0.637126,0.106374],[0.580109,0.74865,0.320932],[-0.284111,-0.183286,0.94111]],[[0.778972,-0.625059,0.0500451],[0.321526,0.329627,-0.887675],[0.538353,0.707565,0.457743]],[[0.778972,-0.625059,0.0500451],[-0.424348,-0.584229,-0.691813],[0.461661,0.517666,-0.720341]],[[0.778972,-0.625059,0.0500451],[-0.603427,-0.768927,-0.21125],[0.170525,0.13436,-0.97615]]],"btipPosition":[56.2383,282.953,39.595],"carpPosition":[70.7647,309.778,79.4255],"dipPosition":[59.1768,285.268,22.7738],"direction":[-0.461661,-0.517666,0.720341],"extended":false,"handId":516,"id":5164,"length":50.4973,"mcpPosition":[87.2346,320.403,24.8696],"pipPosition":[68.2039,295.391,8.68853],"stabilizedTipPosition":[-2.70085,278.978,234.932],"timeVisible":0.596439,"tipPosition":[57.2276,283.513,35.6315],"tipVelocity":[103.177,10.3109,-283.521],"tool":false,"touchDistance":0.333333,"touchZone":"none","type":4,"width":16.0532}],"r":[[0.830614,0.549462,-0.0903979],[-0.553642,0.832273,-0.0283258],[0.0596718,0.0735759,0.995503]],"s":1.08414,"t":[37.2124,10.0832,-213.64],"timestamp":522333952984},false],[2,{"currentFrameRate":108.781,"devices":[],"gestures":[],"hands":[{"armBasis":[[0.944882,-0.278401,-0.172313],[0.272637,0.960442,-0.0567496],[0.181296,0.0066428,0.983406]],"armWidth":63.703,"confidence":0.443681,"direction":[0.0766963,0.285794,-0.955217],"elbow":[103.471,313.23,350.025],"grabStrength":0,"id":516,"palmNormal":[-0.26238,-0.918486,-0.295871],"palmPosition":[50.211,324.982,31.7647],"palmVelocity":[44.5418,-44.8416,-340.312],"palmWidth":90.9658,"pinchStrength":0.715816,"r":[[0.826423,0.554512,-0.0976778],[-0.560329,0.826993,-0.045981],[0.0552818,0.0927315,0.994155]],"s":1.08544,"sphereCenter":[48.208,287.339,2.45581],"sphereRadius":46.764,"stabilizedPalmPosition":[13.4938,318.998,245.407],"t":[37.6141,9.33372,-217.08],"timeVisible":0.605584,"type":"right","wrist":[54.5341,311.437,84.5759]}],"id":4169931,"interactionBox":{"center":[0,200,0],"size":[235.247,235.247,147.751]},"pointables":[{"bases":[[[0.636717,0.767302,0.0764135],[-0.686733,0.519193,0.508761],[0.3507,-0.376412,0.85751]],[[0.429241,0.854479,-0.292605],[-0.851524,0.490862,0.184285],[0.301096,0.170058,0.938308]],[[0.429241,0.854479,-0.292605],[-0.901515,0.425058,-0.0812135],[0.054979,0.298648,0.952778]],[[0.429241,0.854479,-0.292605],[-0.698215,0.108424,-0.70763],[-0.572929,0.508045,0.64315]]],"btipPosition":[20.5288,277.779,-9.57189],"carpPosition":[24.0238,308.332,84.7786],"dipPosition":[7.12381,289.666,5.47614],"direction":[-0.054979,-0.298648,-0.952778],"extended":false,"handId":516,"id":5160,"length":52.1025,"mcpPosition":[24.0238,308.332,84.7786],"pipPosition":[8.99785,299.845,37.953],"stabilizedTipPosition":[-25.9553,300.981,185.153],"timeVisible":0.605584,"tipPosition":[18.0807,279.568,-6.32314],"tipVelocity":[61.3511,-118.946,-236.984],"tool":false,"touchDistance":-0.609716,"touchZone":"hovering","type":0,"width":20.2446},{"bases":[[[0.961134,-0.221457,-0.16486],[0.246735,0.956925,0.153025],[0.123871,-0.187754,0.974374]],[[0.968679,-0.248095,-0.0104507],[0.24698,0.966977,-0.062898],[0.0257103,0.0583468,0.997965]],[[0.968679,-0.248095,-0.0104507],[0.240401,0.947519,-0.210748],[0.0621877,0.201635,0.977485]],[[0.968679,-0.248095,-0.0104507],[0.232015,0.91929,-0.317923],[0.0884822,0.305541,0.948059]]],"btipPosition":[24.5004,328.352,-74.0353],"carpPosition":[37.7294,327.14,80.3072],"dipPosition":[26.0118,333.571,-57.8415],"direction":[-0.0621877,-0.201635,-0.977485],"extended":true,"handId":516,"id":5161,"length":58.7918,"mcpPosition":[28.6188,340.95,8.64199],"pipPosition":[27.5145,338.444,-34.2216],"stabilizedTipPosition":[-4.54285,333.27,147.16],"timeVisible":0.605584,"tipPosition":[24.7284,328.034,-69.9121],"tipVelocity":[86.3451,-291.074,-379.768],"tool":false,"touchDistance":-0.759675,"touchZone":"hovering","type":1,"width":19.3376},{"bases":[[[0.912793,-0.404653,-0.0553586],[0.408334,0.901354,0.144305],[-0.00849593,-0.154326,0.987983]],[[0.912497,-0.407338,-0.0377522],[0.116559,0.347345,-0.930465],[0.392126,0.844646,0.36443]],[[0.912497,-0.407338,-0.0377522],[-0.343557,-0.712966,-0.611267],[0.222076,0.57075,-0.790523]],[[0.912497,-0.407338,-0.0377522],[-0.409076,-0.909146,-0.0781675],[-0.00248172,0.0867712,-0.996225]]],"btipPosition":[25.2109,278.389,32.7036],"carpPosition":[49.7807,326.183,77.9862],"dipPosition":[25.1643,280.02,13.9875],"direction":[-0.222076,-0.57075,0.790523],"extended":false,"handId":516,"id":5162,"length":66.9886,"mcpPosition":[50.3733,336.947,9.07491],"pipPosition":[31.4777,296.245,-8.4861],"stabilizedTipPosition":[-31.6427,294.977,222.914],"timeVisible":0.605584,"tipPosition":[25.3056,278.964,28.5211],"tipVelocity":[79.4251,-82.0135,-231.133],"tool":false,"touchDistance":0.333333,"touchZone":"none","type":2,"width":18.9921},{"bases":[[[0.868197,-0.489742,0.0799149],[0.472026,0.864761,0.171403],[-0.15305,-0.11109,0.981955]],[[0.864249,-0.492281,0.103601],[0.251525,0.244498,-0.936459],[0.435671,0.835392,0.335128]],[[0.864249,-0.492281,0.103601],[-0.344534,-0.729272,-0.59115],[0.366565,0.475207,-0.79988]],[[0.864249,-0.492281,0.103601],[-0.486245,-0.870254,-0.0788908],[0.128996,0.0178058,-0.991485]]],"btipPosition":[38.8736,278.323,40.8389],"carpPosition":[61.3109,322.175,76.6292],"dipPosition":[41.2832,278.656,22.3189],"direction":[-0.366565,-0.475207,0.79988],"extended":false,"handId":516,"id":5163,"length":64.4113,"mcpPosition":[70.8955,329.132,15.1359],"pipPosition":[51.435,291.817,0.16652],"stabilizedTipPosition":[-18.945,286.778,232.186],"timeVisible":0.605584,"tipPosition":[39.5729,278.584,36.585],"tipVelocity":[74.1776,-53.5541,-229.5],"tool":false,"touchDistance":0.333333,"touchZone":"none","type":3,"width":18.0722},{"bases":[[[0.754641,-0.635414,0.163602],[0.585928,0.764827,0.267821],[-0.295304,-0.10625,0.949477]],[[0.770591,-0.628129,0.107906],[0.333827,0.253575,-0.907887],[0.542908,0.735631,0.40509]],[[0.770591,-0.628129,0.107906],[-0.42464,-0.632271,-0.648008],[0.475258,0.453528,-0.753951]],[[0.770591,-0.628129,0.107906],[-0.610583,-0.776127,-0.157528],[0.182696,0.0555039,-0.981601]]],"btipPosition":[56.0847,281.727,38.8954],"carpPosition":[70.5989,311.396,76.5985],"dipPosition":[59.233,282.683,21.9802],"direction":[-0.475258,-0.453528,0.753951],"extended":false,"handId":516,"id":5164,"length":50.4973,"mcpPosition":[87.7176,317.556,21.5576],"pipPosition":[68.526,291.551,7.23776],"stabilizedTipPosition":[-2.6496,278.981,234.76],"timeVisible":0.605584,"tipPosition":[57.1281,281.959,34.8879],"tipVelocity":[71.2552,-39.402,-226.561],"tool":false,"touchDistance":0.333333,"touchZone":"none","type":4,"width":16.0532}],"r":[[0.826423,0.554512,-0.0976778],[-0.560329,0.826993,-0.045981],[0.0552818,0.0927315,0.994155]],"s":1.08544,"t":[37.6141,9.33372,-217.08],"timestamp":522333962129},false],[3,{"currentFrameRate":108.917,"devices":[],"gestures":[],"hands":[{"armBasis":[[0.949284,-0.264987,-0.169239],[0.258939,0.964194,-0.0572708],[0.178355,0.0105437,0.98391]],"armWidth":63.703,"confidence":0.475471,"direction":[0.0667069,0.309871,-0.948436],"elbow":[103.575,313.648,348.01],"grabStrength":0,"id":516,"palmNormal":[-0.252166,-0.91446,-0.316506],"palmPosition":[50.5869,325.564,29.9869],"palmVelocity":[43.8656,-14.8082,-301.719],"palmWidth":90.9658,"pinchStrength":0.717321,"r":[[0.821425,0.561135,-0.101922],[-0.56788,0.821249,-0.0553309],[0.0526553,0.10333,0.993252]],"s":1.08694,"sphereCenter":[48.7972,288.699,-0.25575],"sphereRadius":46.8349,"stabilizedPalmPosition":[13.4943,318.998,245.404],"t":[38.0029,9.25031,-219.689],"timeVisible":0.614521,"type":"right","wrist":[55.4317,310.802,82.4251]}],"id":4169932,"interactionBox":{"center":[0,200,0],"size":[235.247,235.247,147.751]},"pointables":[{"bases":[[[0.627028,0.773649,0.0911243],[-0.690195,0.497496,0.525479],[0.361202,-0.392384,0.845913]],[[0.4182,0.86686,-0.271409],[-0.85344,0.477283,0.209384],[0.311046,0.144066,0.939412]],[[0.4182,0.86686,-0.271409],[-0.906689,0.416452,-0.0669567],[0.0549865,0.274085,0.960132]],[[0.4182,0.86686,-0.271409],[-0.695267,0.11319,-0.709782],[-0.584561,0.485533,0.650036]]],"btipPosition":[21.2473,279.394,-12.0765],"carpPosition":[24.9669,307.286,82.7409],"dipPosition":[7.57014,290.754,3.13261],"direction":[-0.0549865,-0.274085,-0.960132],"extended":false,"handId":516,"id":5160,"length":52.1025,"mcpPosition":[24.9669,307.286,82.7409],"pipPosition":[9.44444,300.097,35.8602],"stabilizedTipPosition":[-25.8954,300.955,184.889],"timeVisible":0.614521,"tipPosition":[18.703,281.038,-8.84594],"tipVelocity":[64.6371,-40.8482,-247.662],"tool":false,"touchDistance":-0.614091,"touchZone":"hovering","type":0,"width":20.2446},{"bases":[[[0.962877,-0.204553,-0.176139],[0.235086,0.956139,0.174737],[0.13267,-0.209658,0.968732]],[[0.971787,-0.234738,-0.0229586],[0.233891,0.971652,-0.0344658],[0.0303982,0.0281236,0.999142]],[[0.971787,-0.234738,-0.0229586],[0.226771,0.956669,-0.182648],[0.0648381,0.172288,0.98291]],[[0.971787,-0.234738,-0.0229586],[0.218162,0.931601,-0.290731],[0.089634,0.27752,0.956529]]],"btipPosition":[24.2327,331.687,-75.6101],"carpPosition":[38.394,326.378,78.6438],"dipPosition":[25.7637,336.428,-59.2716],"direction":[-0.0648381,-0.172288,-0.98291],"extended":true,"handId":516,"id":5161,"length":58.7918,"mcpPosition":[28.6361,341.799,7.39355],"pipPosition":[27.3305,340.591,-35.5206],"stabilizedTipPosition":[-4.53216,333.27,147.08],"timeVisible":0.614521,"tipPosition":[24.4678,331.225,-71.4985],"tipVelocity":[54.7381,-113.13,-323.19],"tool":false,"touchDistance":-0.735163,"touchZone":"hovering","type":1,"width":19.3376},{"bases":[[[0.91767,-0.390979,-0.0708305],[0.397343,0.902957,0.163669],[-0.0000342102,-0.178338,0.983969]],[[0.917522,-0.394117,-0.0531611],[0.105513,0.370135,-0.922967],[0.383433,0.841233,0.381191]],[[0.917522,-0.394117,-0.0531611],[-0.338121,-0.702725,-0.62598],[0.209352,0.592325,-0.778025]],[[0.917522,-0.394117,-0.0531611],[-0.397565,-0.912305,-0.0981939],[-0.00979931,0.11123,-0.993746]]],"btipPosition":[26.1996,278.611,30.0136],"carpPosition":[50.4415,325.638,76.2257],"dipPosition":[26.0155,280.701,11.3441],"direction":[-0.209352,-0.592325,0.778025],"extended":false,"handId":516,"id":5162,"length":66.9886,"mcpPosition":[50.4438,338.077,7.59444],"pipPosition":[31.9671,297.54,-10.7742],"stabilizedTipPosition":[-31.5606,294.955,222.634],"timeVisible":0.614521,"tipPosition":[26.2605,279.291,25.8154],"tipVelocity":[86.9763,-49.6189,-249.875],"tool":false,"touchDistance":0.333333,"touchZone":"none","type":2,"width":18.9921},{"bases":[[[0.875081,-0.479911,0.0626056],[0.461688,0.86657,0.189473],[-0.145182,-0.1369,0.979888]],[[0.871317,-0.483079,0.0862681],[0.239772,0.26572,-0.933757],[0.428155,0.834283,0.347355]],[[0.871317,-0.483079,0.0862681],[-0.340029,-0.721101,-0.603651],[0.353819,0.496638,-0.792568]],[[0.871317,-0.483079,0.0862681],[-0.475352,-0.874535,-0.0960688],[0.121853,0.0426986,-0.991629]]],"btipPosition":[39.9066,278.575,38.2935],"carpPosition":[62.0145,321.819,74.7004],"dipPosition":[42.1827,279.372,19.7709],"direction":[-0.353819,-0.496638,0.792567],"extended":false,"handId":516,"id":5163,"length":64.4113,"mcpPosition":[71.1063,330.392,13.3365],"pipPosition":[51.9816,293.126,-2.179],"stabilizedTipPosition":[-18.8822,286.77,231.976],"timeVisible":0.614521,"tipPosition":[40.5715,278.927,33.9316],"tipVelocity":[84.5414,-27.9973,-244.616],"tool":false,"touchDistance":0.333333,"touchZone":"none","type":3,"width":18.0722},{"bases":[[[0.764002,-0.629071,0.143423],[0.577522,0.765855,0.282726],[-0.287696,-0.133173,0.948418]],[[0.779266,-0.620383,0.0887103],[0.32554,0.279762,-0.903193],[0.535508,0.732706,0.419969]],[[0.779266,-0.620383,0.0887103],[-0.41932,-0.621354,-0.661884],[0.465742,0.478586,-0.744339]],[[0.779266,-0.620383,0.0887103],[-0.600996,-0.779906,-0.174788],[0.177621,0.0828914,-0.980602]]],"btipPosition":[57.0232,282.201,35.9771],"carpPosition":[71.4434,311.169,74.35],"dipPosition":[60.084,283.63,19.0792],"direction":[-0.465742,-0.478586,0.744339],"extended":false,"handId":516,"id":5164,"length":50.4973,"mcpPosition":[88.121,318.889,19.3705],"pipPosition":[69.191,292.988,4.52468],"stabilizedTipPosition":[-2.60569,278.984,234.613],"timeVisible":0.614521,"tipPosition":[58.0517,282.559,31.994],"tipVelocity":[79.8562,-10.8314,-253.728],"tool":false,"touchDistance":0.333333,"touchZone":"none","type":4,"width":16.0532}],"r":[[0.821425,0.561135,-0.101922],[-0.56788,0.821249,-0.0553309],[0.0526553,0.10333,0.993252]],"s":1.08694,"t":[38.0029,9.25031,-219.689],"timestamp":522333971066},false],[4,{"currentFrameRate":108.959,"devices":[],"gestures":[],"hands":[{"armBasis":[[0.951074,-0.25756,-0.17065],[0.251052,0.966171,-0.0590556],[0.180087,0.0133243,0.98356]],"armWidth":63.703,"confidence":0.512786,"direction":[0.0625627,0.321162,-0.944955],"elbow":[104.406,314.009,346.671],"grabStrength":0,"id":516,"palmNormal":[-0.245785,-0.912692,-0.32647],"palmPosition":[50.7394,325.734,28.9231],"palmVelocity":[36.3492,-5.52622,-250.477],"palmWidth":90.9658,"pinchStrength":0.721787,"r":[[0.816479,0.567859,-0.104394],[-0.575145,0.815797,-0.0606974],[0.0506966,0.1096,0.992682]],"s":1.08837,"sphereCenter":[49.123,289.228,-1.7788],"sphereRadius":46.9131,"stabilizedPalmPosition":[13.4947,318.998,245.401],"t":[38.2736,9.29359,-221.525],"timeVisible":0.623623,"type":"right","wrist":[55.7949,310.412,81.1807]}],"id":4169933,"interactionBox":{"center":[0,200,0],"size":[235.247,235.247,147.751]},"pointables":[{"bases":[[[0.621285,0.777328,0.098825],[-0.692977,0.486186,0.532358],[0.365769,-0.39923,0.840731]],[[0.412952,0.872945,-0.259689],[-0.853629,0.470376,0.223748],[0.317471,0.129281,0.939414]],[[0.412952,0.872945,-0.259689],[-0.909202,0.411766,-0.0616441],[0.053119,0.261566,0.963723]],[[0.412952,0.872945,-0.259689],[-0.691753,0.115163,-0.712892],[-0.592409,0.474031,0.651419]]],"btipPosition":[21.5655,280.202,-13.4614],"carpPosition":[25.3585,306.661,81.5108],"dipPosition":[7.70474,291.293,1.7801],"direction":[-0.053119,-0.261566,-0.963723],"extended":false,"handId":516,"id":5160,"length":52.1025,"mcpPosition":[25.3585,306.661,81.5108],"pipPosition":[9.51538,300.209,34.6301],"stabilizedTipPosition":[-25.8479,300.936,184.68],"timeVisible":0.623623,"tipPosition":[18.9797,281.758,-10.2459],"tipVelocity":[55.1245,-6.79125,-220.958],"tool":false,"touchDistance":-0.601677,"touchZone":"hovering","type":0,"width":20.2446},{"bases":[[[0.964076,-0.19517,-0.180186],[0.228122,0.955853,0.185217],[0.136083,-0.219667,0.966037]],[[0.973511,-0.226935,-0.0278778],[0.226478,0.973838,-0.0186136],[0.0313725,0.0118068,0.999438]],[[0.973511,-0.226935,-0.0278778],[0.21925,0.961148,-0.167703],[0.0648523,0.157149,0.985443]],[[0.973511,-0.226935,-0.0278778],[0.210622,0.937545,-0.276854],[0.0889644,0.263649,0.960507]]],"btipPosition":[24.1889,333.249,-76.5896],"carpPosition":[38.632,325.901,77.6079],"dipPosition":[25.7086,337.753,-60.1832],"direction":[-0.0648523,-0.157149,-0.985443],"extended":true,"handId":516,"id":5161,"length":58.7918,"mcpPosition":[28.6231,342.057,6.55586],"pipPosition":[27.2756,341.55,-36.371],"stabilizedTipPosition":[-4.52381,333.27,147.017],"timeVisible":0.623623,"tipPosition":[24.4264,332.739,-72.4953],"tipVelocity":[38.1521,-35.8585,-262.954],"tool":false,"touchDistance":-0.704439,"touchZone":"hovering","type":1,"width":19.3376},{"bases":[[[0.920488,-0.383124,-0.0769316],[0.390759,0.904042,0.173252],[0.00317247,-0.189538,0.981868]],[[0.920394,-0.386497,-0.0591188],[0.101726,0.382705,-0.918253],[0.377527,0.839141,0.391556]],[[0.920394,-0.386497,-0.0591188],[-0.333185,-0.696176,-0.635867],[0.204604,0.604946,-0.769531]],[[0.920394,-0.386497,-0.0591188],[-0.390838,-0.913701,-0.111334],[-0.0109867,0.125577,-0.992023]]],"btipPosition":[26.6566,278.507,28.3211],"carpPosition":[50.6802,325.28,75.1599],"dipPosition":[26.4502,280.866,9.68395],"direction":[-0.204604,-0.604946,0.769531],"extended":false,"handId":516,"id":5162,"length":66.9886,"mcpPosition":[50.4589,338.5,6.67521],"pipPosition":[32.2668,298.064,-12.1929],"stabilizedTipPosition":[-31.486,294.934,222.379],"timeVisible":0.623623,"tipPosition":[26.7236,279.267,24.1766],"tipVelocity":[76.6266,-37.1601,-231.928],"tool":false,"touchDistance":0.333333,"touchZone":"none","type":2,"width":18.9921},{"bases":[[[0.878828,-0.473893,0.0555569],[0.455427,0.867856,0.198524],[-0.142295,-0.149166,0.97852]],[[0.875095,-0.477391,0.0794091],[0.234345,0.274443,-0.932611],[0.423427,0.834733,0.352038]],[[0.875095,-0.477391,0.0794091],[-0.33653,-0.718196,-0.609051],[0.347787,0.506254,-0.789146]],[[0.875095,-0.477391,0.0794091],[-0.46895,-0.877014,-0.104554],[0.119556,0.0542556,-0.991344]]],"btipPosition":[40.4116,278.588,36.9399],"carpPosition":[62.2791,321.567,73.5704],"dipPosition":[42.6448,279.602,18.4226],"direction":[-0.347787,-0.506254,0.789146],"extended":false,"handId":516,"id":5163,"length":64.4113,"mcpPosition":[71.1901,330.908,12.2922],"pipPosition":[52.2766,293.622,-3.43252],"stabilizedTipPosition":[-18.8246,286.762,231.784],"timeVisible":0.623623,"tipPosition":[41.064,278.978,32.5041],"tipVelocity":[76.1844,-18.3039,-217.993],"tool":false,"touchDistance":0.333333,"touchZone":"none","type":3,"width":18.0722},{"bases":[[[0.769041,-0.62481,0.134866],[0.5722,0.766973,0.290413],[-0.284891,-0.146169,0.94735]],[[0.78397,-0.615507,0.0808836],[0.32203,0.291816,-0.900633],[0.530743,0.732116,0.426987]],[[0.78397,-0.615507,0.0808836],[-0.415202,-0.616725,-0.668774],[0.461518,0.490715,-0.739053]],[[0.78397,-0.615507,0.0808836],[-0.595158,-0.782241,-0.184084],[0.176575,0.0961775,-0.979577]]],"btipPosition":[57.4745,282.334,34.4015],"carpPosition":[71.7882,310.994,73.0816],"dipPosition":[60.5173,283.992,17.5212],"direction":[-0.461518,-0.490715,0.739053],"extended":false,"handId":516,"id":5164,"length":50.4973,"mcpPosition":[88.3033,319.467,18.164],"pipPosition":[69.5416,293.587,3.07009],"stabilizedTipPosition":[-2.56718,278.986,234.483],"timeVisible":0.623623,"tipPosition":[58.5032,282.755,30.4263],"tipVelocity":[71.3375,-2.17121,-231.254],"tool":false,"touchDistance":0.333333,"touchZone":"none","type":4,"width":16.0532}],"r":[[0.816479,0.567859,-0.104394],[-0.575145,0.815797,-0.0606974],[0.0506966,0.1096,0.992682]],"s":1.08837,"t":[38.2736,9.29359,-221.525],"timestamp":522333980168},false],[5,{"currentFrameRate":108.997,"devices":[],"gestures":[],"hands":[{"armBasis":[[0.952203,-0.254213,-0.169366],[0.247419,0.967022,-0.0604401],[0.179145,0.0156468,0.983698]],"armWidth":63.703,"confidence":0.541055,"direction":[0.0592486,0.328211,-0.942744],"elbow":[104.549,314.235,345.737],"grabStrength":0,"id":516,"palmNormal":[-0.243555,-0.91111,-0.332505],"palmPosition":[50.9622,325.695,28.0763],"palmVelocity":[33.0536,-5.19475,-206.799],"palmWidth":90.9658,"pinchStrength":0.721912,"r":[[0.812049,0.573888,-0.105969],[-0.581487,0.811073,-0.0635152],[0.049498,0.113197,0.992339]],"s":1.08967,"sphereCenter":[49.3632,289.437,-2.92225],"sphereRadius":46.9691,"stabilizedPalmPosition":[13.495,318.998,245.399],"t":[38.5203,9.29551,-222.867],"timeVisible":0.63273,"type":"right","wrist":[56.1929,310.011,80.2091]}],"id":4169934,"interactionBox":{"center":[0,200,0],"size":[235.247,235.247,147.751]},"pointables":[{"bases":[[[0.618955,0.778644,0.102997],[-0.693303,0.480016,0.537509],[0.369088,-0.404102,0.836944]],[[0.410669,0.876076,-0.252669],[-0.852374,0.467269,0.234772],[0.323743,0.118955,0.938637]],[[0.410669,0.876076,-0.252669],[-0.910222,0.410127,-0.0573784],[0.0533586,0.253549,0.96585]],[[0.410669,0.876076,-0.252669],[-0.690181,0.1176,-0.714017],[-0.595819,0.467612,0.652946]]],"btipPosition":[21.7356,280.637,-14.4577],"carpPosition":[25.7699,306.157,80.584],"dipPosition":[7.79497,291.578,0.81948],"direction":[-0.0533586,-0.253549,-0.96585],"extended":false,"handId":516,"id":5160,"length":52.1025,"mcpPosition":[25.7699,306.157,80.584],"pipPosition":[9.61377,300.22,33.7419],"stabilizedTipPosition":[-25.8112,300.921,184.519],"timeVisible":0.63273,"tipPosition":[19.1302,282.155,-11.2479],"tipVelocity":[44.4548,7.27443,-189.769],"tool":false,"touchDistance":-0.584664,"touchZone":"hovering","type":0,"width":20.2446},{"bases":[[[0.96428,-0.190664,-0.183876],[0.225413,0.955235,0.191611],[0.139111,-0.226214,0.964093]],[[0.974188,-0.223438,-0.0321468],[0.223303,0.974718,-0.00774879],[0.0330655,0.000370281,0.999453]],[[0.974188,-0.223438,-0.0321468],[0.215837,0.963678,-0.157284],[0.0661223,0.146285,0.98703]],[[0.974188,-0.223438,-0.0321468],[0.20705,0.941166,-0.267091],[0.0899336,0.253541,0.963135]]],"btipPosition":[24.1848,334.225,-77.349],"carpPosition":[38.9706,325.468,76.7894],"dipPosition":[25.721,338.555,-60.8976],"direction":[-0.0661223,-0.146285,-0.98703],"extended":true,"handId":516,"id":5161,"length":58.7918,"mcpPosition":[28.739,342.106,5.8804],"pipPosition":[27.3188,342.09,-37.0471],"stabilizedTipPosition":[-4.51785,333.27,146.971],"timeVisible":0.63273,"tipPosition":[24.4233,333.687,-73.2684],"tipVelocity":[27.5612,2.58064,-212.836],"tool":false,"touchDistance":-0.673564,"touchZone":"hovering","type":1,"width":19.3376},{"bases":[[[0.921559,-0.379506,-0.0818854],[0.388191,0.904051,0.178886],[0.0061405,-0.196641,0.980456]],[[0.921517,-0.383028,-0.0639969],[0.0981051,0.389071,-0.915969],[0.375741,0.837803,0.396112]],[[0.921517,-0.383028,-0.0639969],[-0.332328,-0.692567,-0.640242],[0.200908,0.611262,-0.765503]],[[0.921517,-0.383028,-0.0639969],[-0.388107,-0.914054,-0.117807],[-0.0133735,0.133398,-0.990972]]],"btipPosition":[27.0202,278.365,27.2144],"carpPosition":[51.0149,324.905,74.3086],"dipPosition":[26.769,280.871,8.59698],"direction":[-0.200908,-0.611262,0.765503],"extended":false,"handId":516,"id":5162,"length":66.9886,"mcpPosition":[50.5866,338.621,5.92232],"pipPosition":[32.4806,298.249,-13.1654],"stabilizedTipPosition":[-31.4197,294.916,222.153],"timeVisible":0.63273,"tipPosition":[27.078,279.163,23.0616],"tipVelocity":[66.135,-30.1344,-201.169],"tool":false,"touchDistance":0.333333,"touchZone":"none","type":2,"width":18.9921},{"bases":[[[0.880514,-0.471371,0.0500387],[0.453038,0.867897,0.203742],[-0.139466,-0.156728,0.977745]],[[0.876833,-0.475069,0.073978],[0.231334,0.281979,-0.931114],[0.421483,0.833545,0.357148]],[[0.876833,-0.475069,0.073978],[-0.335333,-0.714535,-0.613997],[0.344551,0.513565,-0.785834]],[[0.876833,-0.475069,0.073978],[-0.466204,-0.877717,-0.110752],[0.117546,0.062622,-0.991091]]],"btipPosition":[40.7915,278.431,35.7581],"carpPosition":[62.6221,321.242,72.6647],"dipPosition":[42.9871,279.601,17.2455],"direction":[-0.344551,-0.513565,0.785834],"extended":false,"handId":516,"id":5163,"length":64.4113,"mcpPosition":[71.356,331.057,11.4351],"pipPosition":[52.5293,293.824,-4.51792],"stabilizedTipPosition":[-18.773,286.755,231.612],"timeVisible":0.63273,"tipPosition":[41.437,278.864,31.3346],"tipVelocity":[66.3612,-16.9138,-193.493],"tool":false,"touchDistance":0.333333,"touchZone":"none","type":3,"width":18.0722},{"bases":[[[0.771415,-0.623221,0.128509],[0.570362,0.766738,0.29462],[-0.282146,-0.153978,0.946934]],[[0.786047,-0.613587,0.0751101],[0.319156,0.298767,-0.899376],[0.529405,0.730924,0.430675]],[[0.786047,-0.613587,0.0751101],[-0.414329,-0.61312,-0.672618],[0.458761,0.497589,-0.736168]],[[0.786047,-0.613587,0.0751101],[-0.592879,-0.782703,-0.189398],[0.175001,0.104344,-0.979023]]],"btipPosition":[57.8203,282.265,33.2244],"carpPosition":[72.1648,310.704,72.0767],"dipPosition":[60.836,284.063,16.3536],"direction":[-0.458761,-0.497589,0.736168],"extended":false,"handId":516,"id":5164,"length":50.4973,"mcpPosition":[88.5208,319.63,17.1832],"pipPosition":[69.8064,293.792,1.95892],"stabilizedTipPosition":[-2.53403,278.988,234.372],"timeVisible":0.63273,"tipPosition":[58.8453,282.723,29.2523],"tipVelocity":[61.8938,-2.70925,-202.898],"tool":false,"touchDistance":0.333333,"touchZone":"none","type":4,"width":16.0532}],"r":[[0.812049,0.573888,-0.105969],[-0.581487,0.811073,-0.0635152],[0.049498,0.113197,0.992339]],"s":1.08967,"t":[38.5203,9.29551,-222.867],"timestamp":522333989275},false],[6,{"currentFrameRate":109.132,"devices":[],"gestures":[],"hands":[{"armBasis":[[0.953492,-0.249146,-0.169645],[0.241682,0.968266,-0.0636505],[0.180119,0.0196902,0.983448]],"armWidth":63.703,"confidence":0.572523,"direction":[0.0556283,0.335188,-0.940508],"elbow":[105.22,314.946,344.48],"grabStrength":0,"id":516,"palmNormal":[-0.239305,-0.910035,-0.338482],"palmPosition":[51.1835,325.655,27.0098],"palmVelocity":[30.807,-5.00908,-183.021],"palmWidth":90.9658,"pinchStrength":0.717879,"r":[[0.807803,0.579706,-0.106746],[-0.587429,0.80671,-0.0643852],[0.0487887,0.114716,0.992199]],"s":1.09038,"sphereCenter":[49.8006,289.532,-4.30249],"sphereRadius":47.0486,"stabilizedPalmPosition":[13.4953,318.998,245.398],"t":[38.7543,9.27633,-224.071],"timeVisible":0.641651,"type":"right","wrist":[56.6011,309.631,79.02]}],"id":4169935,"interactionBox":{"center":[0,200,0],"size":[235.247,235.247,147.751]},"pointables":[{"bases":[[[0.614959,0.781222,0.107318],[-0.694816,0.472455,0.542233],[0.372902,-0.408018,0.833346]],[[0.407015,0.879914,-0.245133],[-0.85201,0.462464,0.245367],[0.329267,0.108988,0.937926]],[[0.407015,0.879914,-0.245133],[-0.911883,0.406994,-0.0531561],[0.0529948,0.245168,0.968031]],[[0.407015,0.879914,-0.245133],[-0.69149,0.121475,-0.7121],[-0.596809,0.459342,0.657894]]],"btipPosition":[21.9255,281.067,-15.7701],"carpPosition":[26.2,305.61,79.4262],"dipPosition":[7.96178,291.814,-0.37717],"direction":[-0.0529948,-0.245168,-0.968031],"extended":false,"handId":516,"id":5160,"length":52.1025,"mcpPosition":[26.2,305.61,79.4262],"pipPosition":[9.76818,300.171,32.6196],"stabilizedTipPosition":[-25.7832,300.91,184.395],"timeVisible":0.641651,"tipPosition":[19.3385,282.524,-12.5178],"tipVelocity":[37.9798,17.0606,-177.331],"tool":false,"touchDistance":-0.573818,"touchZone":"hovering","type":0,"width":20.2446},{"bases":[[[0.964929,-0.184156,-0.187081],[0.220649,0.955057,0.19794],[0.142222,-0.232277,0.962196]],[[0.975314,-0.217872,-0.0359802],[0.21809,0.975926,0.00220152],[0.0346344,-0.0099941,0.99935]],[[0.975314,-0.217872,-0.0359802],[0.210439,0.966408,-0.147547],[0.066918,0.136333,0.9884]],[[0.975314,-0.217872,-0.0359802],[0.201577,0.944942,-0.257783],[0.0901628,0.244166,0.965533]]],"btipPosition":[24.1841,335.067,-78.3254],"carpPosition":[39.2891,325.018,75.7431],"dipPosition":[25.7241,339.237,-61.8331],"direction":[-0.066918,-0.136333,-0.9884],"extended":true,"handId":516,"id":5161,"length":58.7918,"mcpPosition":[28.8287,342.102,4.97362],"pipPosition":[27.3412,342.532,-37.9494],"stabilizedTipPosition":[-4.51337,333.271,146.937],"timeVisible":0.641651,"tipPosition":[24.4293,334.509,-74.2581],"tipVelocity":[20.0544,26.4774,-184.372],"tool":false,"touchDistance":-0.649046,"touchZone":"hovering","type":1,"width":19.3376},{"bases":[[[0.923424,-0.373942,-0.0863496],[0.383674,0.904843,0.184538],[0.00912619,-0.203537,0.979025]],[[0.923436,-0.377612,-0.0683813],[0.0935734,0.394377,-0.914172],[0.37217,0.837781,0.399516]],[[0.923436,-0.377612,-0.0683813],[-0.329928,-0.690199,-0.644029],[0.195996,0.61728,-0.761939]],[[0.923436,-0.377612,-0.0683813],[-0.383432,-0.915184,-0.124172],[-0.0156928,0.140884,-0.989902]]],"btipPosition":[27.4838,278.169,25.9553],"carpPosition":[51.3314,324.538,73.2351],"dipPosition":[27.1889,280.815,7.35804],"direction":[-0.195996,-0.61728,0.761939],"extended":false,"handId":516,"id":5162,"length":66.9886,"mcpPosition":[50.6948,338.735,4.94871],"pipPosition":[32.7609,298.364,-14.303],"stabilizedTipPosition":[-31.3612,294.9,221.954],"timeVisible":0.641651,"tipPosition":[27.5293,279.002,21.7659],"tipVelocity":[61.9655,-26.942,-184.666],"tool":false,"touchDistance":0.333333,"touchZone":"none","type":2,"width":18.9921},{"bases":[[[0.883134,-0.466958,0.0449991],[0.448763,0.868864,0.209013],[-0.136698,-0.164392,0.976877]],[[0.879448,-0.470915,0.0693616],[0.232787,0.298401,-0.925617],[0.415189,0.830178,0.372051]],[[0.879448,-0.470915,0.0693616],[-0.327298,-0.704064,-0.630214],[0.345612,0.531538,-0.773317]],[[0.879448,-0.470915,0.0693616],[-0.460095,-0.878345,-0.129701],[0.122001,0.0821519,-0.989124]]],"btipPosition":[41.1194,277.907,33.6416],"carpPosition":[62.9549,320.949,71.5429],"dipPosition":[43.3983,279.441,15.1657],"direction":[-0.345612,-0.531538,0.773317],"extended":false,"handId":516,"id":5163,"length":64.4113,"mcpPosition":[71.5154,331.244,10.3676],"pipPosition":[52.9699,294.162,-6.25102],"stabilizedTipPosition":[-18.7297,286.749,231.467],"timeVisible":0.641651,"tipPosition":[41.8195,278.529,29.493],"tipVelocity":[58.8787,-25.7773,-205.16],"tool":false,"touchDistance":0.333333,"touchZone":"none","type":3,"width":18.0722},{"bases":[[[0.775007,-0.619946,0.122602],[0.566808,0.767698,0.298945],[-0.279451,-0.162193,0.946362]],[[0.789356,-0.60996,0.0697528],[0.315968,0.306205,-0.897999],[0.526385,0.730881,0.434433]],[[0.789356,-0.60996,0.0697528],[-0.411986,-0.610508,-0.676422],[0.455175,0.505201,-0.733204]],[[0.789356,-0.60996,0.0697528],[-0.58892,-0.784391,-0.194691],[0.173467,0.112602,-0.978381]]],"btipPosition":[58.2555,282.215,31.8409],"carpPosition":[72.553,310.468,70.8619],"dipPosition":[61.2448,284.155,14.9812],"direction":[-0.455175,-0.505201,0.733204],"extended":false,"handId":516,"id":5164,"length":50.4973,"mcpPosition":[88.7527,319.87,16.0015],"pipPosition":[70.1451,294.033,0.644441],"stabilizedTipPosition":[-2.5057,278.99,234.277],"timeVisible":0.641651,"tipPosition":[59.2761,282.711,27.8712],"tipVelocity":[58.1348,-2.49963,-189.79],"tool":false,"touchDistance":0.333333,"touchZone":"none","type":4,"width":16.0532}],"r":[[0.807803,0.579706,-0.106746],[-0.587429,0.80671,-0.0643852],[0.0487887,0.114716,0.992199]],"s":1.09038,"t":[38.7543,9.27633,-224.071],"timestamp":52233