{"sensorType":"Leap","data":[[0,{"currentFrameRate":96.4343,"devices":[],"gestures":[],"hands":[{"armBasis":[[0.968755,-0.0449497,-0.243911],[0.0223546,0.995262,-0.0946267],[0.247009,0.0862176,0.96517]],"armWidth":63.703,"confidence":0.619879,"direction":[-0.0128854,0.298655,-0.954274],"elbow":[109.093,337.891,350.841],"grabStrength":0,"id":522,"palmNormal":[-0.0296586,-0.954048,-0.298183],"palmPosition":[33.9784,326.808,37.6705],"palmVelocity":[53.646,-56.9756,-238.55],"palmWidth":90.9658,"pinchStrength":0.634483,"r":[[0.844722,0.517612,0.136099],[-0.530863,0.842654,0.0901091],[-0.0680432,-0.148367,0.986589]],"s":1.06231,"sphereCenter":[46.9863,287.298,8.09649],"sphereRadius":49.4239,"stabilizedPalmPosition":[20.9366,311.795,110.232],"t":[13.2089,18.191,-77.1114],"timeVisible":0.234798,"type":"right","wrist":[42.4188,314.619,90.3142]}],"id":4171674,"interactionBox":{"center":[0,200,0],"size":[235.247,235.247,147.751]},"pointables":[{"bases":[[[0.4262,0.901761,0.0719822],[-0.786081,0.329795,0.522793],[0.447695,-0.279398,0.849415]],[[0.241142,0.942377,-0.231896],[-0.927674,0.294017,0.230164],[0.285083,0.159622,0.945118]],[[0.241142,0.942377,-0.231896],[-0.969786,0.243089,-0.0205896],[0.0369682,0.229855,0.972523]],[[0.241142,0.942377,-0.231896],[-0.72619,0.0166968,-0.687291],[-0.643815,0.334136,0.688371]]],"btipPosition":[13.2337,280.375,-5.45931],"carpPosition":[13.6571,303.993,90.9621],"dipPosition":[-1.82989,288.193,10.6468],"direction":[-0.0369682,-0.229855,-0.972523],"extended":false,"handId":522,"id":5220,"length":52.1025,"mcpPosition":[13.6571,303.993,90.9621],"pipPosition":[-0.569776,296.028,43.7967],"stabilizedTipPosition":[-15.9475,272.935,66.5809],"timeVisible":0.234798,"tipPosition":[10.9194,281.637,-2.19293],"tipVelocity":[82.1605,-35.3703,-271.641],"tool":false,"touchDistance":-0.123967,"touchZone":"hovering","type":0,"width":20.2446},{"bases":[[[0.983125,0.0260317,-0.181075],[0.00255259,0.987775,0.155863],[0.182919,-0.153695,0.97104]],[[0.999985,-0.00327462,0.00437586],[0.0036212,0.996651,-0.0816966],[-0.00409368,0.0817113,0.996648]],[[0.999985,-0.00327462,0.00437586],[0.00418101,0.973981,-0.226592],[-0.00352001,0.226606,0.97398]],[[0.999985,-0.00327462,0.00437586],[0.00453728,0.943749,-0.330632],[-0.00304702,0.330646,0.94375]]],"btipPosition":[9.01725,322.312,-67.4703],"carpPosition":[22.158,325.641,86.4121],"dipPosition":[8.9652,327.96,-51.3501],"direction":[0.00352001,-0.226606,-0.97398],"extended":true,"handId":522,"id":5221,"length":58.7918,"mcpPosition":[8.70432,336.945,14.9921],"pipPosition":[8.88014,333.436,-27.8149],"stabilizedTipPosition":[-8.69479,311.539,-7.31211],"timeVisible":0.234798,"tipPosition":[9.41417,323.612,-63.7955],"tipVelocity":[79.0789,1.01638,-249.117],"tool":false,"touchDistance":-0.305472,"touchZone":"hovering","type":1,"width":19.3376},{"bases":[[[0.983862,-0.163748,-0.0721194],[0.17274,0.974342,0.144288],[0.0466421,-0.154417,0.986904]],[[0.984498,-0.166272,-0.0558378],[0.0078264,0.359677,-0.933044],[0.175222,0.918143,0.355403]],[[0.984498,-0.166272,-0.0558378],[-0.164878,-0.768717,-0.617972],[0.0598278,0.617598,-0.784215]],[[0.984498,-0.166272,-0.0558378],[-0.171155,-0.980299,-0.0985938],[-0.0383443,0.106622,-0.99356]]],"btipPosition":[21.3495,274.696,38.8987],"carpPosition":[34.0267,327.729,83.9004],"dipPosition":[20.6291,276.699,20.2327],"direction":[-0.0598278,-0.617598,0.784215],"extended":false,"handId":522,"id":5222,"length":66.9886,"mcpPosition":[30.7735,338.5,15.0644],"pipPosition":[22.3299,294.257,-2.06159],"stabilizedTipPosition":[-13.3742,273.906,109.926],"timeVisible":0.234798,"tipPosition":[21.1404,275.143,33.6606],"tipVelocity":[109.243,-60.8583,-232.613],"tool":false,"touchDistance":0.333333,"touchZone":"none","type":2,"width":18.9921},{"bases":[[[0.964163,-0.257668,0.0632274],[0.24399,0.954734,0.170153],[-0.104208,-0.148628,0.983387]],[[0.961208,-0.261356,0.0881561],[0.159034,0.264007,-0.951319],[0.225359,0.928436,0.29533]],[[0.961208,-0.261356,0.0881561],[-0.16689,-0.805552,-0.568536],[0.219605,0.53177,-0.817921]],[[0.961208,-0.261356,0.0881561],[-0.255809,-0.96423,-0.0694374],[0.103151,0.0441926,-0.993684]]],"btipPosition":[34.6192,279.016,48.7778],"carpPosition":[46.1683,326.732,82.3394],"dipPosition":[36.546,279.841,30.2168],"direction":[-0.219605,-0.53177,0.817921],"extended":false,"handId":522,"id":5223,"length":64.4113,"mcpPosition":[52.6941,336.039,20.7565],"pipPosition":[42.6279,294.568,7.56474],"stabilizedTipPosition":[8.27384,272.403,96.6049],"timeVisible":0.234798,"tipPosition":[35.1381,278.865,42.8997],"tipVelocity":[97.3781,-45.5882,-220.121],"tool":false,"touchDistance":0.333333,"touchZone":"none","type":3,"width":18.0722},{"bases":[[[0.891965,-0.427322,0.14763],[0.380811,0.886128,0.264123],[-0.243684,-0.179369,0.953124]],[[0.907052,-0.413466,0.0793887],[0.233108,0.336181,-0.912493],[0.350596,0.846185,0.401316]],[[0.907052,-0.413466,0.0793887],[-0.26478,-0.706821,-0.655969],[0.327335,0.573978,-0.750601]],[[0.907052,-0.413466,0.0793887],[-0.396022,-0.901899,-0.172468],[0.14291,0.124997,-0.981811]]],"btipPosition":[50.7206,285.722,44.2489],"carpPosition":[57.851,318.614,82.0919],"dipPosition":[53.1833,287.876,27.3301],"direction":[-0.327335,-0.573978,0.750601],"extended":false,"handId":522,"id":5224,"length":50.4973,"mcpPosition":[71.9773,329.012,26.8396],"pipPosition":[59.5838,299.099,12.6532],"stabilizedTipPosition":[28.3546,276.008,92.076],"timeVisible":0.234798,"tipPosition":[51.5163,286.096,39.4177],"tipVelocity":[89.5005,-41.5883,-256.147],"tool":false,"touchDistance":0.333333,"touchZone":"none","type":4,"width":16.0532}],"r":[[0.844722,0.517612,0.136099],[-0.530863,0.842654,0.0901091],[-0.0680432,-0.148367,0.986589]],"s":1.06231,"t":[13.2089,18.191,-77.1114],"timestamp":522354000675},false],[1,{"currentFrameRate":97.1019,"devices":[],"gestures":[],"hands":[{"armBasis":[[0.967341,-0.0349747,-0.251054],[0.0141243,0.996334,-0.084378],[0.253085,0.0780764,0.964288]],"armWidth":63.703,"confidence":0.629347,"direction":[-0.01417,0.302902,-0.952916],"elbow":[111.198,335.022,349.169],"grabStrength":0,"id":522,"palmNormal":[-0.0211404,-0.95289,-0.302579],"palmPosition":[34.409,326.305,36.2812],"palmVelocity":[52.1267,-56.749,-215.752],"palmWidth":90.9658,"pinchStrength":0.621492,"r":[[0.838899,0.525447,0.141967],[-0.539899,0.836387,0.094692],[-0.0689836,-0.156085,0.985332]],"s":1.06592,"sphereCenter":[47.6364,287.057,6.49653],"sphereRadius":49.4998,"stabilizedPalmPosition":[20.9432,311.803,110.195],"t":[13.6543,17.5817,-78.8141],"timeVisible":0.243752,"type":"right","wrist":[42.8835,313.947,88.8801]}],"id":4171675,"interactionBox":{"center":[0,200,0],"size":[235.247,235.247,147.751]},"pointables":[{"bases":[[[0.41841,0.905015,0.0766797],[-0.789549,0.320696,0.523227],[0.448938,-0.279466,0.848736]],[[0.231893,0.94529,-0.22946],[-0.928209,0.285589,0.238469],[0.290954,0.157688,0.943653]],[[0.231893,0.94529,-0.22946],[-0.971673,0.236152,-0.00911764],[0.0455686,0.225075,0.973275]],[[0.231893,0.94529,-0.22946],[-0.723275,0.0098196,-0.69049],[-0.65046,0.326083,0.685982]]],"btipPosition":[13.3584,279.904,-6.87767],"carpPosition":[14.2125,303.075,89.4404],"dipPosition":[-1.86068,287.533,9.1725],"direction":[-0.0455686,-0.225075,-0.973275],"extended":false,"handId":522,"id":5220,"length":52.1025,"mcpPosition":[14.2125,303.075,89.4404],"pipPosition":[-0.307401,295.205,42.3481],"stabilizedTipPosition":[-15.9307,272.94,66.5354],"timeVisible":0.243752,"tipPosition":[11.1364,281.204,-3.62568],"tipVelocity":[62.414,-41.3981,-241.076],"tool":false,"touchDistance":-0.147821,"touchZone":"hovering","type":0,"width":20.2446},{"bases":[[[0.983105,0.0352254,-0.17962],[-0.00606424,0.987037,0.160378],[0.182941,-0.156579,0.970575]],[[0.999976,0.00543311,0.00437351],[-0.00508531,0.997099,-0.0759472],[-0.00477345,0.0759231,0.997102]],[[0.999976,0.00543311,0.00437351],[-0.00431888,0.974721,-0.223386],[-0.00547663,0.223362,0.97472]],[[0.999976,0.00543311,0.00437351],[-0.00368988,0.944215,-0.329308],[-0.0059187,0.329284,0.944212]]],"btipPosition":[9.51788,322.048,-68.8927],"carpPosition":[22.5347,324.814,85.0008],"dipPosition":[9.41678,327.672,-52.7646],"direction":[0.00547663,-0.223362,-0.97472],"extended":true,"handId":522,"id":5221,"length":58.7918,"mcpPosition":[9.07942,336.331,13.615],"pipPosition":[9.28444,333.07,-29.2115],"stabilizedTipPosition":[-8.65554,311.564,-7.43698],"timeVisible":0.243752,"tipPosition":[9.9231,323.354,-65.2188],"tipVelocity":[72.4006,-7.48914,-224.384],"tool":false,"touchDistance":-0.324566,"touchZone":"hovering","type":1,"width":19.3376},{"bases":[[[0.985315,-0.155038,-0.0715312],[0.164247,0.975105,0.148972],[0.0466542,-0.158533,0.986251]],[[0.985953,-0.157645,-0.0551738],[0.0046891,0.356337,-0.934346],[0.166955,0.920963,0.352071]],[[0.985953,-0.157645,-0.0551738],[-0.157887,-0.771963,-0.615747],[0.0544771,0.615809,-0.78601]],[[0.985953,-0.157645,-0.0551738],[-0.162501,-0.981749,-0.0987999],[-0.0385915,0.106378,-0.993577]]],"btipPosition":[22.2655,274.189,37.7706],"carpPosition":[34.3885,327.015,82.5148],"dipPosition":[21.5405,276.187,19.1043],"direction":[-0.0544771,-0.615809,0.78601],"extended":false,"handId":522,"id":5222,"length":66.9886,"mcpPosition":[31.1344,338.073,13.7244],"pipPosition":[23.0892,293.694,-3.24103],"stabilizedTipPosition":[-13.2211,273.91,109.596],"timeVisible":0.243752,"tipPosition":[22.0482,274.615,32.4565],"tipVelocity":[107.315,-59.7465,-203.465],"tool":false,"touchDistance":0.333333,"touchZone":"none","type":2,"width":18.9921},{"bases":[[[0.966238,-0.249741,0.0633581],[0.235627,0.955986,0.174844],[-0.104235,-0.154012,0.982555]],[[0.963281,-0.25357,0.0882755],[0.158064,0.269793,-0.949856],[0.217039,0.928932,0.299967]],[[0.963281,-0.25357,0.0882755],[-0.159198,-0.804153,-0.572708],[0.216208,0.537625,-0.814993]],[[0.963281,-0.25357,0.0882755],[-0.247457,-0.966024,-0.0745879],[0.104189,0.0500047,-0.9933]]],"btipPosition":[35.4391,278.456,47.1609],"carpPosition":[46.5401,326.128,80.9658],"dipPosition":[37.3853,279.39,28.607],"direction":[-0.216208,-0.537625,0.814993],"extended":false,"handId":522,"id":5223,"length":64.4113,"mcpPosition":[53.0677,335.773,19.4349],"pipPosition":[43.3731,294.28,6.03607],"stabilizedTipPosition":[8.44729,272.442,96.2676],"timeVisible":0.243752,"tipPosition":[35.9674,278.348,41.3086],"tipVelocity":[95.9257,-49.4397,-209.261],"tool":false,"touchDistance":0.333333,"touchZone":"none","type":3,"width":18.0722},{"bases":[[[0.895376,-0.420389,0.146886],[0.372903,0.888117,0.268685],[-0.243404,-0.1858,0.951963]],[[0.910016,-0.406591,0.0809606],[0.231337,0.335968,-0.913022],[0.344026,0.849593,0.399796]],[[0.910016,-0.406591,0.0809606],[-0.258427,-0.709045,-0.656102],[0.32417,0.576141,-0.750317]],[[0.910016,-0.406591,0.0809606],[-0.38853,-0.904554,-0.175574],[0.14462,0.12832,-0.981131]]],"btipPosition":[51.41,285.372,42.9578],"carpPosition":[58.2919,318.111,80.6971],"dipPosition":[53.9021,287.583,26.0507],"direction":[-0.32417,-0.576141,0.750317],"extended":false,"handId":522,"id":5224,"length":50.4973,"mcpPosition":[72.402,328.882,25.5121],"pipPosition":[60.2408,298.849,11.3794],"stabilizedTipPosition":[28.4679,276.055,91.822],"timeVisible":0.243752,"tipPosition":[52.226,285.768,38.1012],"tipVelocity":[86.2858,-40.5015,-225.458],"tool":false,"touchDistance":0.333333,"touchZone":"none","type":4,"width":16.0532}],"r":[[0.838899,0.525447,0.141967],[-0.539899,0.836387,0.094692],[-0.0689836,-0.156085,0.985332]],"s":1.06592,"t":[13.6543,17.5817,-78.8141],"timestamp":522354009629},false],[2,{"currentFrameRate":97.7012,"devices":[],"gestures":[],"hands":[{"armBasis":[[0.969626,-0.0241039,-0.243402],[0.00533151,0.996979,-0.0774912],[0.244534,0.0738398,0.966825]],"armWidth":63.703,"confidence":0.639931,"direction":[-0.0157312,0.297502,-0.954592],"elbow":[109.37,334.131,347.928],"grabStrength":0,"id":522,"palmNormal":[-0.0120148,-0.954697,-0.297337],"palmPosition":[34.8427,326.189,34.2781],"palmVelocity":[50.9913,-44.6659,-217.386],"palmWidth":90.9658,"pinchStrength":0.614486,"r":[[0.833157,0.533329,0.146319],[-0.548635,0.830387,0.0972484],[-0.0696363,-0.161299,0.984446]],"s":1.06842,"sphereCenter":[48.2633,286.914,4.69685],"sphereRadius":49.4631,"stabilizedPalmPosition":[20.9493,311.809,110.162],"t":[14.094,17.2188,-80.667],"timeVisible":0.252788,"type":"right","wrist":[43.3631,314.199,86.9547]}],"id":4171676,"interactionBox":{"center":[0,200,0],"size":[235.247,235.247,147.751]},"pointables":[{"bases":[[[0.409995,0.909226,0.0721923],[-0.793124,0.316315,0.52048],[0.450398,-0.270652,0.850817]],[[0.222652,0.945993,-0.235632],[-0.929893,0.278666,0.240092],[0.292788,0.165656,0.941718]],[[0.222652,0.945993,-0.235632],[-0.973722,0.227657,-0.00610897],[0.0478642,0.230801,0.971823]],[[0.222652,0.945993,-0.235632],[-0.717847,-0.00445439,-0.696186],[-0.659637,0.324155,0.678087]]],"btipPosition":[13.9831,279.349,-8.44732],"carpPosition":[14.7923,303.067,87.54],"dipPosition":[-1.45062,286.933,7.41813],"direction":[-0.0478642,-0.230801,-0.971823],"extended":false,"handId":522,"id":5220,"length":52.1025,"mcpPosition":[14.7923,303.067,87.54],"pipPosition":[0.1809,294.8,40.5442],"stabilizedTipPosition":[-15.8889,272.953,66.4223],"timeVisible":0.252788,"tipPosition":[11.7074,280.697,-5.2497],"tipVelocity":[62.7619,-47.2374,-223.811],"tool":false,"touchDistance":-0.17469,"touchZone":"hovering","type":0,"width":20.2446},{"bases":[[[0.982969,0.0432557,-0.178607],[-0.0153203,0.987809,0.154916],[0.18313,-0.149541,0.971648]],[[0.999881,0.0148819,0.00398989],[-0.0145116,0.996634,-0.0806841],[-0.00517719,0.0806166,0.996732]],[[0.999881,0.0148819,0.00398989],[-0.0135594,0.972907,-0.230801],[-0.00731653,0.230719,0.972993]],[[0.999881,0.0148819,0.00398989],[-0.0126529,0.940877,-0.338513],[-0.0087917,0.338422,0.940953]]],"btipPosition":[10.0006,321.038,-70.8686],"carpPosition":[22.9205,324.858,82.9906],"dipPosition":[9.85043,326.819,-54.7961],"direction":[0.00731653,-0.230719,-0.972993],"extended":true,"handId":522,"id":5221,"length":58.7918,"mcpPosition":[9.45127,335.856,11.5258],"pipPosition":[9.67363,332.394,-31.2847],"stabilizedTipPosition":[-8.62121,311.584,-7.5471],"timeVisible":0.252788,"tipPosition":[10.4166,322.409,-67.2135],"tipVelocity":[66.8277,-35.125,-223.199],"tool":false,"touchDistance":-0.350273,"touchZone":"hovering","type":1,"width":19.3376},{"bases":[[[0.986786,-0.146381,-0.0694663],[0.155107,0.977378,0.143785],[0.0468475,-0.152659,0.987168]],[[0.987425,-0.148881,-0.0531621],[0.00157421,0.345526,-0.938408],[0.15808,0.926524,0.341415]],[[0.987425,-0.148881,-0.0531621],[-0.150316,-0.78006,-0.607381],[0.0489579,0.607735,-0.79263]],[[0.987425,-0.148881,-0.0531621],[-0.153243,-0.984033,-0.0905324],[-0.0388347,0.0975407,-0.994474]]],"btipPosition":[23.2095,274.045,36.4174],"carpPosition":[34.7568,327.153,80.507],"dipPosition":[22.4799,275.877,17.7342],"direction":[-0.0489579,-0.607735,0.79263],"extended":false,"handId":522,"id":5222,"length":66.9886,"mcpPosition":[31.4892,337.801,11.6526],"pipPosition":[23.8717,293.154,-4.79933],"stabilizedTipPosition":[-13.0529,273.912,109.237],"timeVisible":0.252788,"tipPosition":[22.9867,274.413,31.0598],"tipVelocity":[106.498,-48.8397,-188.788],"tool":false,"touchDistance":0.333333,"touchZone":"none","type":2,"width":18.9921},{"bases":[[[0.968406,-0.24051,0.0659207],[0.226627,0.959058,0.16985],[-0.104072,-0.149544,0.983263]],[[0.965453,-0.244227,0.0908509],[0.158195,0.272291,-0.949122],[0.207064,0.930704,0.301519]],[[0.965453,-0.244227,0.0908509],[-0.149066,-0.803608,-0.576188],[0.21373,0.54274,-0.812252]],[[0.965453,-0.244227,0.0908509],[-0.237594,-0.968231,-0.0779637],[0.107006,0.0536847,-0.992808]]],"btipPosition":[36.2684,278.128,44.9741],"carpPosition":[46.918,326.369,78.9778],"dipPosition":[38.2671,279.131,26.4295],"direction":[-0.21373,-0.54274,0.812252],"extended":false,"handId":522,"id":5223,"length":64.4113,"mcpPosition":[53.4354,335.734,17.4026],"pipPosition":[44.1863,294.162,3.93446],"stabilizedTipPosition":[8.61009,272.476,95.9477],"timeVisible":0.252788,"tipPosition":[36.8146,278.155,39.4391],"tipVelocity":[95.1502,-45.3445,-218.217],"tool":false,"touchDistance":0.333333,"touchZone":"none","type":3,"width":18.0722},{"bases":[[[0.899005,-0.411338,0.150303],[0.364399,0.892969,0.264232],[-0.242905,-0.182776,0.952675]],[[0.913428,-0.397973,0.085249],[0.22989,0.33165,-0.914964],[0.335858,0.855351,0.394428]],[[0.913428,-0.397973,0.085249],[-0.250853,-0.71544,-0.652088],[0.320504,0.57425,-0.753335]],[[0.913428,-0.397973,0.085249],[-0.380051,-0.908975,-0.171249],[0.145642,0.124025,-0.981533]]],"btipPosition":[52.175,285.452,41.2429],"carpPosition":[58.7431,318.459,78.7678],"dipPosition":[54.6848,287.59,24.3289],"direction":[-0.320504,-0.57425,0.753335],"extended":false,"handId":522,"id":5224,"length":50.4973,"mcpPosition":[72.8243,329.055,23.5414],"pipPosition":[60.9518,298.818,9.59849],"stabilizedTipPosition":[28.5705,276.097,91.5918],"timeVisible":0.252788,"tipPosition":[53.0003,285.832,36.4048],"tipVelocity":[85.964,-27.4183,-215.679],"tool":false,"touchDistance":0.333333,"touchZone":"none","type":4,"width":16.0532}],"r":[[0.833157,0.533329,0.146319],[-0.548635,0.830387,0.0972484],[-0.0696363,-0.161299,0.984446]],"s":1.06842,"t":[14.094,17.2188,-80.667],"timestamp":522354018665},false],[3,{"currentFrameRate":98.219,"devices":[],"gestures":[],"hands":[{"armBasis":[[0.971212,-0.0285537,-0.236498],[0.0104233,0.996933,-0.0775607],[0.237987,0.0728628,0.968531]],"armWidth":63.703,"confidence":0.647443,"direction":[-0.0142265,0.285055,-0.958406],"elbow":[108.285,333.696,345.527],"grabStrength":0,"id":522,"palmNormal":[-0.0166259,-0.958438,-0.284817],"palmPosition":[35.5872,325.368,31.2627],"palmVelocity":[59.4461,-57.2029,-248.612],"palmWidth":90.9658,"pinchStrength":0.614838,"r":[[0.829017,0.539161,0.148446],[-0.554783,0.826313,0.0970685],[-0.0703274,-0.162827,0.984145]],"s":1.0701,"sphereCenter":[48.5554,285.699,2.19115],"sphereRadius":49.3776,"stabilizedPalmPosition":[20.9493,311.809,110.162],"t":[14.686,16.627,-83.1011],"timeVisible":0.261939,"type":"right","wrist":[44.0459,314.028,84.0928]}],"id":4171677,"interactionBox":{"center":[0,200,0],"size":[235.247,235.247,147.751]},"pointables":[{"bases":[[[0.414396,0.908094,0.0603385],[-0.791614,0.326943,0.516194],[0.449025,-0.261673,0.854344]],[[0.22626,0.941598,-0.249399],[-0.92811,0.286116,0.23822],[0.295665,0.17757,0.938643]],[[0.22626,0.941598,-0.249399],[-0.9727,0.231972,-0.00664908],[0.0515929,0.244095,0.968378]],[[0.22626,0.941598,-0.249399],[-0.714002,-0.013839,-0.700006],[-0.662576,0.336455,0.669172]]],"btipPosition":[14.4104,277.989,-10.6877],"carpPosition":[15.4214,303.043,84.8201],"dipPosition":[-1.09214,285.861,4.96911],"direction":[-0.0515929,-0.244095,-0.968378],"extended":false,"handId":522,"id":5220,"length":52.1025,"mcpPosition":[15.4214,303.043,84.8201],"pipPosition":[0.666481,294.182,37.9777],"stabilizedTipPosition":[-15.8488,272.964,66.3121],"timeVisible":0.261939,"tipPosition":[12.0734,279.452,-7.55063],"tipVelocity":[57.8045,-73.444,-231.124],"tool":false,"touchDistance":-0.21283,"touchZone":"hovering","type":0,"width":20.2446},{"bases":[[[0.983179,0.0361475,-0.179032],[-0.0105392,0.989815,0.141972],[0.18234,-0.137697,0.973546]],[[0.999944,0.010307,0.00237073],[-0.0100427,0.995639,-0.0927497],[-0.00331636,0.0927207,0.995687]],[[0.999944,0.010307,0.00237073],[-0.00940887,0.969315,-0.245643],[-0.00482982,0.245607,0.969358]],[[0.999944,0.010307,0.00237073],[-0.00879348,0.934788,-0.355098],[-0.00587611,0.355057,0.934826]]],"btipPosition":[10.6039,318.878,-73.7744],"carpPosition":[23.6555,324.732,79.9869],"dipPosition":[10.5035,324.943,-57.8066],"direction":[0.00482982,-0.245607,-0.969357],"extended":true,"handId":522,"id":5221,"length":58.7918,"mcpPosition":[10.2444,334.86,8.38262],"pipPosition":[10.3868,330.878,-34.3831],"stabilizedTipPosition":[-8.58578,311.6,-7.66253],"timeVisible":0.261939,"tipPosition":[11.0514,320.335,-70.1509],"tipVelocity":[66.9253,-89.0892,-250.204],"tool":false,"touchDistance":-0.387527,"touchZone":"hovering","type":1,"width":19.3376},{"bases":[[[0.986069,-0.152061,-0.0674182],[0.159836,0.978413,0.131],[0.0460428,-0.139951,0.989087]],[[0.986696,-0.154356,-0.0510398],[0.00308247,0.331651,-0.943397],[0.162546,0.930689,0.327714]],[[0.986696,-0.154356,-0.0510398],[-0.154093,-0.787849,-0.59628],[0.0518277,0.596212,-0.801152]],[[0.986696,-0.154356,-0.0510398],[-0.158001,-0.984401,-0.0774005],[-0.0382964,0.0844351,-0.995693]]],"btipPosition":[23.7048,273.316,34.1769],"carpPosition":[35.5029,326.938,77.475],"dipPosition":[22.9854,274.902,15.4708],"direction":[-0.0518277,-0.596212,0.801152],"extended":false,"handId":522,"id":5222,"length":66.9886,"mcpPosition":[32.2915,336.7,8.48676],"pipPosition":[24.4588,291.852,-7.30499],"stabilizedTipPosition":[-12.8864,273.911,108.876],"timeVisible":0.261939,"tipPosition":[23.4855,273.617,28.8317],"tipVelocity":[91.9851,-59.1354,-204.555],"tool":false,"touchDistance":0.333333,"touchZone":"none","type":2,"width":18.9921},{"bases":[[[0.967223,-0.24432,0.0691868],[0.231265,0.960088,0.157312],[-0.10486,-0.136155,0.985122]],[[0.964254,-0.247693,0.0941423],[0.15944,0.258575,-0.952742],[0.211645,0.933695,0.288824]],[[0.964254,-0.247693,0.0941423],[-0.152865,-0.810179,-0.565899],[0.216441,0.531279,-0.819082]],[[0.964254,-0.247693,0.0941423],[-0.242188,-0.967971,-0.0661628],[0.107515,0.0409976,-0.993358]]],"btipPosition":[36.7708,277.416,42.6041],"carpPosition":[47.6603,326.075,75.9577],"dipPosition":[38.779,278.182,24.0492],"direction":[-0.216441,-0.531279,0.819082],"extended":false,"handId":522,"id":5223,"length":64.4113,"mcpPosition":[54.227,334.602,14.2661],"pipPosition":[44.7733,292.896,1.365],"stabilizedTipPosition":[8.75623,272.502,95.6536],"timeVisible":0.261939,"tipPosition":[37.3188,277.388,37.0975],"tipVelocity":[84.0074,-56.0391,-229.643],"tool":false,"touchDistance":0.333333,"touchZone":"none","type":3,"width":18.0722},{"bases":[[[0.89699,-0.413689,0.155789],[0.368709,0.894574,0.252569],[-0.24385,-0.169111,0.954955]],[[0.911319,-0.401422,0.091421],[0.232641,0.318898,-0.918794],[0.33967,0.858583,0.384005]],[[0.911319,-0.401422,0.091421],[-0.253112,-0.72142,-0.644583],[0.324703,0.564281,-0.759048]],[[0.911319,-0.401422,0.091421],[-0.384081,-0.908919,-0.162319],[0.148253,0.112812,-0.982494]]],"btipPosition":[52.6718,284.581,38.6925],"carpPosition":[59.447,318.106,75.8528],"dipPosition":[55.2265,286.525,21.7619],"direction":[-0.324703,-0.564281,0.759048],"extended":false,"handId":522,"id":5224,"length":50.4973,"mcpPosition":[73.5829,327.909,20.4943],"pipPosition":[61.5756,297.558,6.91982],"stabilizedTipPosition":[28.6608,276.129,91.3841],"timeVisible":0.261939,"tipPosition":[53.5127,284.928,33.9181],"tipVelocity":[77.4568,-47.6648,-233.345],"tool":false,"touchDistance":0.333333,"touchZone":"none","type":4,"width":16.0532}],"r":[[0.829017,0.539161,0.148446],[-0.554783,0.826313,0.0970685],[-0.0703274,-0.162827,0.984145]],"s":1.0701,"t":[14.686,16.627,-83.1011],"timestamp":522354027816},false],[4,{"currentFrameRate":98.8205,"devices":[],"gestures":[],"hands":[{"armBasis":[[0.968603,-0.0276007,-0.247077],[0.00968688,0.997254,-0.0734272],[0.248425,0.0687284,0.96621]],"armWidth":63.703,"confidence":0.662953,"direction":[-0.0135191,0.277339,-0.960677],"elbow":[111.453,332.768,343.154],"grabStrength":0,"id":522,"palmNormal":[-0.0153303,-0.960709,-0.277133],"palmPosition":[35.9806,325.124,29.4186],"palmVelocity":[55.2484,-49.07,-237.133],"palmWidth":90.9658,"pinchStrength":0.618973,"r":[[0.825527,0.544214,0.149453],[-0.559872,0.823061,0.0954701],[-0.0710526,-0.162488,0.984149]],"s":1.07116,"sphereCenter":[48.7527,285.297,0.682593],"sphereRadius":49.2767,"stabilizedPalmPosition":[20.9493,311.809,110.162],"t":[15.1787,16.2088,-85.2402],"timeVisible":0.270868,"type":"right","wrist":[44.3957,314.217,82.3469]}],"id":4171678,"interactionBox":{"center":[0,200,0],"size":[235.247,235.247,147.751]},"pointables":[{"bases":[[[0.413387,0.908984,0.0534784],[-0.792494,0.330244,0.51273],[0.448402,-0.254337,0.856883]],[[0.224955,0.939712,-0.25756],[-0.92863,0.286807,0.235345],[0.295027,0.186236,0.937163]],[[0.224955,0.939712,-0.25756],[-0.973028,0.230521,-0.00879293],[0.0511101,0.252591,0.966222]],[[0.224955,0.939712,-0.25756],[-0.709015,-0.0234466,-0.704804],[-0.668351,0.341163,0.660995]]],"btipPosition":[14.9543,277.322,-12.0367],"carpPosition":[15.7819,303.208,83.1325],"dipPosition":[-0.683339,285.304,3.42887],"direction":[-0.0511101,-0.252591,-0.966222],"extended":false,"handId":522,"id":5220,"length":52.1025,"mcpPosition":[15.7819,303.208,83.1325],"pipPosition":[1.05883,293.914,36.364],"stabilizedTipPosition":[-15.8097,272.973,66.2044],"timeVisible":0.270868,"tipPosition":[12.5087,278.853,-8.95481],"tipVelocity":[57.7038,-73.0246,-210.635],"tool":false,"touchDistance":-0.236045,"touchZone":"hovering","type":0,"width":20.2446},{"bases":[[[0.983328,0.0357408,-0.178294],[-0.0117177,0.99091,0.134012],[0.181463,-0.129688,0.974809]],[[0.999931,0.0115635,0.00192892],[-0.011313,0.994932,-0.0999081],[-0.00307444,0.0998794,0.994995]],[[0.999931,0.0115635,0.00192892],[-0.0106886,0.966837,-0.255172],[-0.00481565,0.255134,0.966894]],[[0.999931,0.0115635,0.00192892],[-0.0100543,0.930502,-0.366149],[-0.00602884,0.366104,0.930554]]],"btipPosition":[11.0033,317.697,-75.558],"carpPosition":[23.9985,324.866,78.134],"dipPosition":[10.9003,323.95,-59.6632],"direction":[0.00481565,-0.255134,-0.966894],"extended":true,"handId":522,"id":5221,"length":58.7918,"mcpPosition":[10.6519,334.405,6.43679],"pipPosition":[10.7839,330.115,-36.2992],"stabilizedTipPosition":[-8.54878,311.614,-7.78401],"timeVisible":0.270868,"tipPosition":[11.4665,319.215,-71.957],"tipVelocity":[60.8525,-99.5523,-236.957],"tool":false,"touchDistance":-0.404114,"touchZone":"hovering","type":1,"width":19.3376},{"bases":[[[0.986297,-0.151562,-0.0651708],[0.158681,0.9796,0.123309],[0.0451523,-0.13196,0.990226]],[[0.986911,-0.153734,-0.0487105],[0.00389489,0.324685,-0.945814],[0.161219,0.933245,0.321034]],[[0.986911,-0.153734,-0.0487105],[-0.152553,-0.792041,-0.591099],[0.0522913,0.590793,-0.805127]],[[0.986911,-0.153734,-0.0487105],[-0.156946,-0.985056,-0.07094],[-0.0370767,0.0776564,-0.996291]]],"btipPosition":[24.1381,273.043,32.6853],"carpPosition":[35.8463,327.064,75.6168],"dipPosition":[23.4416,274.502,13.968],"direction":[-0.0522913,-0.590793,0.805127],"extended":false,"handId":522,"id":5222,"length":66.9886,"mcpPosition":[32.6969,336.268,6.54907],"pipPosition":[24.9281,291.298,-8.92076],"stabilizedTipPosition":[-12.7344,273.909,108.544],"timeVisible":0.270868,"tipPosition":[23.931,273.323,27.3937],"tipVelocity":[80.2933,-52.2369,-194.404],"tool":false,"touchDistance":0.333333,"touchZone":"none","type":2,"width":18.9921},{"bases":[[[0.967404,-0.242742,0.0721506],[0.230101,0.961562,0.149841],[-0.10575,-0.128355,0.986074]],[[0.964437,-0.245894,0.0969375],[0.159368,0.248402,-0.955457],[0.210862,0.936927,0.278756]],[[0.964437,-0.245894,0.0969375],[-0.151945,-0.815885,-0.557892],[0.216273,0.523323,-0.824232]],[[0.964437,-0.245894,0.0969375],[-0.241167,-0.96875,-0.0579788],[0.108165,0.0325389,-0.9936]]],"btipPosition":[37.1998,277.289,41.3028],"carpPosition":[48.0061,326.202,74.1191],"dipPosition":[39.2202,277.896,22.7433],"direction":[-0.216273,-0.523323,0.824232],"extended":false,"handId":522,"id":5223,"length":64.4113,"mcpPosition":[54.6285,334.24,12.3679],"pipPosition":[45.2098,292.39,-0.0834968],"stabilizedTipPosition":[8.8811,272.524,95.4004],"timeVisible":0.270868,"tipPosition":[37.7492,277.219,35.8066],"tipVelocity":[74.2861,-45.7652,-206.792],"tool":false,"touchDistance":0.333333,"touchZone":"none","type":3,"width":18.0722},{"bases":[[[0.897256,-0.411485,0.160037],[0.367513,0.896958,0.245764],[-0.244674,-0.161697,0.956027]],[[0.911519,-0.399844,0.096223],[0.233832,0.31141,-0.921057],[0.338314,0.862061,0.377352]],[[0.911519,-0.399844,0.096223],[-0.251122,-0.726428,-0.639718],[0.325687,0.558951,-0.762563]],[[0.911519,-0.399844,0.096223],[-0.382809,-0.910422,-0.156809],[0.150303,0.1061,-0.98293]]],"btipPosition":[53.0671,284.386,37.1793],"carpPosition":[59.8011,318.244,74.0904],"dipPosition":[55.6572,286.215,20.2412],"direction":[-0.325687,-0.558951,0.762563],"extended":false,"handId":522,"id":5224,"length":50.4973,"mcpPosition":[73.9848,327.618,18.6697],"pipPosition":[62.0255,297.144,5.33039],"stabilizedTipPosition":[28.7364,276.156,91.2084],"timeVisible":0.270868,"tipPosition":[53.9208,284.713,32.4346],"tipVelocity":[68.655,-41.4099,-215.976],"tool":false,"touchDistance":0.333333,"touchZone":"none","type":4,"width":16.0532}],"r":[[0.825527,0.544214,0.149453],[-0.559872,0.823061,0.0954701],[-0.0710526,-0.162488,0.984149]],"s":1.07116,"t":[15.1787,16.2088,-85.2402],"timestamp":522354036745},false],[5,{"currentFrameRate":99.233,"devices":[],"gestures":[],"hands":[{"armBasis":[[0.966966,-0.0411102,-0.251567],[0.023589,0.997106,-0.0722726],[0.25381,0.0639509,0.965138]],"armWidth":63.703,"confidence":0.669003,"direction":[-0.00836802,0.266041,-0.963925],"elbow":[113.221,331.934,341.357],"grabStrength":0,"id":522,"palmNormal":[-0.0280058,-0.963643,-0.26572],"palmPosition":[36.5201,325.062,27.772],"palmVelocity":[56.0888,-37.1445,-220.416],"palmWidth":90.9658,"pinchStrength":0.62442,"r":[[0.824153,0.546357,0.149219],[-0.561722,0.822189,0.0920512],[-0.0723936,-0.159684,0.98451]],"s":1.07079,"sphereCenter":[48.5008,284.776,-0.474982],"sphereRadius":49.1103,"stabilizedPalmPosition":[20.9493,311.809,110.162],"t":[15.6948,15.9688,-87.1331],"timeVisible":0.280133,"type":"right","wrist":[44.7103,314.672,80.8394]}],"id":4171679,"interactionBox":{"center":[0,200,0],"size":[235.247,235.247,147.751]},"pointables":[{"bases":[[[0.425642,0.903854,0.0433313],[-0.78866,0.347065,0.507506],[0.443672,-0.250189,0.860558]],[[0.237553,0.933348,-0.269127],[-0.925326,0.301726,0.229635],[0.295532,0.194479,0.935328]],[[0.237553,0.933348,-0.269127],[-0.970013,0.242596,-0.0148749],[0.0514056,0.26459,0.96299]],[[0.237553,0.933348,-0.269127],[-0.700947,-0.0270999,-0.712698],[-0.672489,0.357947,0.64779]]],"btipPosition":[15.1821,276.964,-12.9482],"carpPosition":[15.9482,304.063,81.7102],"dipPosition":[-0.552359,285.339,2.20836],"direction":[-0.0514056,-0.26459,-0.96299],"extended":false,"handId":522,"id":5220,"length":52.1025,"mcpPosition":[15.9482,304.063,81.7102],"pipPosition":[1.19988,294.358,35.0333],"stabilizedTipPosition":[-15.7706,272.981,66.0964],"timeVisible":0.280133,"tipPosition":[12.5318,278.628,-9.94869],"tipVelocity":[47.7081,-60.5915,-181.206],"tool":false,"touchDistance":-0.252422,"touchZone":"hovering","type":0,"width":20.2446},{"bases":[[[0.983977,0.0202486,-0.177139],[0.00157621,0.992503,0.122208],[0.178286,-0.120529,0.976569]],[[0.999998,-0.00174826,0.00130058],[0.001882,0.9938,-0.111164],[-0.00109818,0.111166,0.993801]],[[0.999998,-0.00174826,0.00130058],[0.00203409,0.962994,-0.269517],[-0.000781268,0.269519,0.962995]],[[0.999998,-0.00174826,0.00130058],[0.00211273,0.923993,-0.382403],[-0.000533191,0.382405,0.923995]]],"btipPosition":[11.4281,316.593,-77.0962],"carpPosition":[24.4659,325.547,76.4678],"dipPosition":[11.419,323.125,-61.3134],"direction":[0.000781268,-0.269519,-0.962995],"extended":true,"handId":522,"id":5221,"length":58.7918,"mcpPosition":[11.353,334.412,4.64111],"pipPosition":[11.4002,329.637,-38.0436],"stabilizedTipPosition":[-8.50525,311.628,-7.92717],"timeVisible":0.280133,"tipPosition":[11.9422,318.205,-73.5314],"tipVelocity":[57.2892,-103.114,-217.777],"tool":false,"touchDistance":-0.415495,"touchZone":"hovering","type":1,"width":19.3376},{"bases":[[[0.984235,-0.165718,-0.0617931],[0.17182,0.978751,0.111912],[0.0419343,-0.120765,0.991795]],[[0.984796,-0.167701,-0.0453092],[0.00961981,0.313074,-0.94968],[0.173447,0.934805,0.309927]],[[0.984796,-0.167701,-0.0453092],[-0.162457,-0.796739,-0.582078],[0.0615155,0.580589,-0.81187]],[[0.984796,-0.167701,-0.0453092],[-0.170254,-0.983571,-0.0600202],[-0.0344994,0.0668217,-0.997168]]],"btipPosition":[23.9625,273.17,31.646],"carpPosition":[36.3461,327.554,73.9435],"dipPosition":[23.3144,274.426,12.9122],"direction":[-0.0615155,-0.580589,0.81187],"extended":false,"handId":522,"id":5222,"length":66.9886,"mcpPosition":[33.4212,335.977,4.76637],"pipPosition":[25.0632,290.931,-10.1683],"stabilizedTipPosition":[-12.6067,273.907,108.26],"timeVisible":0.280133,"tipPosition":[23.7691,273.4,26.3676],"tipVelocity":[52.702,-35.1014,-171.38],"tool":false,"touchDistance":0.333333,"touchZone":"none","type":2,"width":18.9921},{"bases":[[[0.963907,-0.254991,0.0765719],[0.24295,0.960062,0.13877],[-0.108899,-0.115158,0.98736]],[[0.960943,-0.257741,0.100787],[0.16586,0.24483,-0.955274],[0.221537,0.934681,0.278017]],[[0.960943,-0.257741,0.100787],[-0.159304,-0.812962,-0.560102],[0.226298,0.52217,-0.82227]],[[0.960943,-0.257741,0.100787],[-0.252828,-0.965709,-0.0590255],[0.112545,0.0312383,-0.993156]]],"btipPosition":[37.0498,276.925,39.5491],"carpPosition":[48.4952,326.509,72.4756],"dipPosition":[39.152,277.509,20.9979],"direction":[-0.226298,-0.52217,0.82227],"extended":false,"handId":522,"id":5223,"length":64.4113,"mcpPosition":[55.3148,333.72,10.6438],"pipPosition":[45.4192,291.97,-1.77454],"stabilizedTipPosition":[8.98275,272.54,95.1871],"timeVisible":0.280133,"tipPosition":[37.6133,277.007,34.4333],"tipVelocity":[49.3966,-44.092,-201.807],"tool":false,"touchDistance":0.333333,"touchZone":"none","type":3,"width":18.0722},{"bases":[[[0.891343,-0.421707,0.166345],[0.379333,0.894743,0.235672],[-0.248221,-0.146965,0.95749]],[[0.90576,-0.411108,0.102903],[0.239618,0.296528,-0.924475],[0.349546,0.86201,0.367092]],[[0.90576,-0.411108,0.102903],[-0.259774,-0.730442,-0.631642],[0.334838,0.545385,-0.7684]],[[0.90576,-0.411108,0.102903],[-0.39485,-0.906841,-0.147423],[0.153923,0.0928984,-0.983706]]],"btipPosition":[53.0141,284.174,36.0545],"carpPosition":[60.1809,318.391,72.5602],"dipPosition":[55.6665,285.775,19.1031],"direction":[-0.334838,-0.545385,0.7684],"extended":false,"handId":522,"id":5224,"length":50.4973,"mcpPosition":[74.5702,326.911,17.0547],"pipPosition":[62.2138,296.439,4.07811],"stabilizedTipPosition":[28.7992,276.177,91.0593],"timeVisible":0.280133,"tipPosition":[53.8844,284.444,31.3246],"tipVelocity":[48.1603,-37.7944,-189.455],"tool":false,"touchDistance":0.333333,"touchZone":"none","type":4,"width":16.0532}],"r":[[0.824153,0.546357,0.149219],[-0.561722,0.822189,0.0920512],[-0.0723936,-0.159684,0.98451]],"s":1.07079,"t":[15.6948,15.9688,-87.1331],"timestamp":522354046010},false],[6,{"currentFrameRate":99.8336,"devices":[],"gestures":[],"hands":[{"armBasis":[[0.965602,-0.0482915,-0.255502],[0.0299429,0.996717,-0.0752248],[0.258296,0.0649867,0.963877]],"armWidth":63.703,"confidence":0.678488,"direction":[-0.00723829,0.255589,-0.966758],"elbow":[114.875,332.667,339.67],"grabStrength":0,"id":522,"palmNormal":[-0.0341946,-0.966282,-0.255207],"palmPosition":[36.9987,324.988,26.3194],"palmVelocity":[55.5627,-29.3446,-205.244],"palmWidth":90.9658,"pinchStrength":0.628186,"r":[[0.823754,0.547356,0.147755],[-0.562154,0.822382,0.0875811],[-0.0735727,-0.155206,0.985139]],"s":1.07014,"sphereCenter":[48.3364,284.43,-1.47286],"sphereRadius":48.9351,"stabilizedPalmPosition":[20.9509,311.81,110.154],"t":[16.1922,15.812,-88.8058],"timeVisible":0.288973,"type":"right","wrist":[45.1532,315.125,79.4928]}],"id":4171680,"interactionBox":{"center":[0,200,0],"size":[235.247,235.247,147.751]},"pointables":[{"bases":[[[0.431324,0.901583,0.0332866],[-0.786185,0.357505,0.504086],[0.442575,-0.243594,0.863012]],[[0.242826,0.928785,-0.27999],[-0.923677,0.309564,0.225811],[0.296405,0.203788,0.933067]],[[0.242826,0.928785,-0.27999],[-0.968698,0.247505,-0.0190956],[0.0515633,0.275863,0.959813]],[[0.242826,0.928785,-0.27999],[-0.694206,-0.035226,-0.718914],[-0.677579,0.368942,0.636214]]],"btipPosition":[15.6298,276.502,-13.6735],"carpPosition":[16.3257,304.707,80.493],"dipPosition":[-0.223762,285.134,1.21227],"direction":[-0.0515633,-0.275863,-0.959813],"extended":false,"handId":522,"id":5220,"length":52.1025,"mcpPosition":[16.3257,304.707,80.493],"pipPosition":[1.53385,294.538,33.929],"stabilizedTipPosition":[-15.7322,272.989,65.9908],"timeVisible":0.288973,"tipPosition":[12.7778,278.27,-10.7461],"tipVelocity":[47.6642,-56.5298,-156.294],"tool":false,"touchDistance":-0.265547,"touchZone":"hovering","type":0,"width":20.2446},{"bases":[[[0.983986,0.0121463,-0.177831],[0.00786633,0.993744,0.111402],[0.178072,-0.111017,0.977735]],[[0.999969,-0.00778928,-0.00112688],[0.00759486,0.992574,-0.121405],[0.00206417,0.121393,0.992602]],[[0.999969,-0.00778928,-0.00112688],[0.00715321,0.959201,-0.282633],[0.00328242,0.282616,0.959227]],[[0.999969,-0.00778928,-0.00112688],[0.00670059,0.917679,-0.397267],[0.00412854,0.397247,0.917703]]],"btipPosition":[11.6393,315.416,-78.3867],"carpPosition":[24.975,326.079,75.013],"dipPosition":[11.7098,322.201,-62.7114],"direction":[-0.00328242,-0.282616,-0.959227],"extended":true,"handId":522,"id":5221,"length":58.7918,"mcpPosition":[11.8778,334.244,3.10056],"pipPosition":[11.7892,329.03,-39.5327],"stabilizedTipPosition":[-8.45632,311.641,-8.0894],"timeVisible":0.288973,"tipPosition":[12.1962,317.115,-74.8578],"tipVelocity":[48.8171,-109.453,-199.12],"tool":false,"touchDistance":-0.422008,"touchZone":"hovering","type":1,"width":19.3376},{"bases":[[[0.983142,-0.172552,-0.0604689],[0.178015,0.978813,0.101172],[0.0417302,-0.110231,0.99303]],[[0.9837,-0.174358,-0.0439806],[0.0107719,0.301281,-0.953475],[0.179496,0.937459,0.298248]],[[0.9837,-0.174358,-0.0439806],[-0.167816,-0.80229,-0.57286],[0.0645976,0.570903,-0.818472]],[[0.9837,-0.174358,-0.0439806],[-0.176462,-0.983057,-0.0496011],[-0.0345871,0.0565535,-0.9978]]],"btipPosition":[24.1193,273.206,30.84],"carpPosition":[36.8661,327.983,72.4612],"dipPosition":[23.4695,274.268,12.0943],"direction":[-0.0645976,-0.570903,0.818472],"extended":false,"handId":522,"id":5222,"length":66.9886,"mcpPosition":[33.9554,335.672,3.19797],"pipPosition":[25.3059,290.498,-11.1739],"stabilizedTipPosition":[-12.5084,273.906,108.041],"timeVisible":0.288973,"tipPosition":[23.9259,273.39,25.5681],"tipVelocity":[43.2352,-25.8838,-149.775],"tool":false,"touchDistance":0.333333,"touchZone":"none","type":2,"width":18.9921},{"bases":[[[0.962332,-0.260186,0.0788691],[0.249041,0.959971,0.128198],[-0.109067,-0.103727,0.988608]],[[0.959358,-0.262659,0.103161],[0.166588,0.232073,-0.958327],[0.227772,0.936564,0.266397]],[[0.959358,-0.262659,0.103161],[-0.164884,-0.818428,-0.550444],[0.229009,0.511063,-0.828474]],[[0.959358,-0.262659,0.103161],[-0.258933,-0.964691,-0.0482245],[0.112185,0.0195528,-0.993495]]],"btipPosition":[37.2259,276.989,38.6914],"carpPosition":[49.0076,326.846,70.9988],"dipPosition":[39.3214,277.354,20.1339],"direction":[-0.229009,-0.511063,0.828474],"extended":false,"handId":522,"id":5223,"length":64.4113,"mcpPosition":[55.8378,333.342,9.0889],"pipPosition":[45.6637,291.508,-2.81042],"stabilizedTipPosition":[9.0592,272.552,95.0254],"timeVisible":0.288973,"tipPosition":[37.7877,277.01,33.5711],"tipVelocity":[41.3787,-31.7628,-173.515],"tool":false,"touchDistance":0.333333,"touchZone":"none","type":3,"width":18.0722},{"bases":[[[0.888775,-0.425457,0.170486],[0.385066,0.894855,0.225738],[-0.248602,-0.134982,0.959154]],[[0.903132,-0.415717,0.107386],[0.241356,0.284691,-0.927738],[0.355105,0.863788,0.35745]],[[0.903132,-0.415717,0.107386],[-0.264248,-0.735288,-0.624119],[0.338416,0.535285,-0.773915]],[[0.903132,-0.415717,0.107386],[-0.400466,-0.905781,-0.138521],[0.154853,0.082098,-0.98452]]],"btipPosition":[53.215,284.066,35.0266],"carpPosition":[60.6422,318.657,71.166],"dipPosition":[55.8835,285.481,18.0611],"direction":[-0.338416,-0.535285,0.773915],"extended":false,"handId":522,"id":5224,"length":50.4973,"mcpPosition":[75.0536,326.482,15.5641],"pipPosition":[62.5008,295.947,2.92831],"stabilizedTipPosition":[28.8479,276.193,90.9427],"timeVisible":0.288973,"tipPosition":[54.09,284.293,30.3195],"tipVelocity":[41.3966,-32.1906,-169.766],"tool":false,"touchDistance":0.333333,"touchZone":"none","t