{"sensorType":"Leap","data":[[0,{"currentFrameRate":104.905,"devices":[],"gestures":[],"hands":[{"armBasis":[[-0.758336,-0.636021,0.142842],[-0.616781,0.771003,0.158544],[0.210968,-0.0321275,0.976965]],"armWidth":63.703,"confidence":0.673181,"direction":[-0.44415,0.165428,-0.880548],"elbow":[100.562,319.773,354.763],"grabStrength":0,"id":525,"palmNormal":[0.518564,-0.753995,-0.403217],"palmPosition":[27.4451,338.964,39.8761],"palmVelocity":[26.7654,-60.8654,-208.313],"palmWidth":90.9658,"pinchStrength":1,"r":[[0.997955,-0.0580644,-0.0267155],[0.057696,0.998231,-0.0143626],[0.0275022,0.0127918,0.99954]],"s":1.02577,"sphereCenter":[41.0537,310.207,5.15421],"sphereRadius":44.4185,"stabilizedPalmPosition":[14.5721,334.846,137.477],"t":[13.9327,5.37909,-99.589],"timeVisible":0.35255,"type":"left","wrist":[43.6153,328.445,91.0528]}],"id":4172558,"interactionBox":{"center":[0,200,0],"size":[235.247,235.247,147.751]},"pointables":[{"bases":[[[-0.84449,0.450866,0.289062],[0.529435,0.784251,0.323496],[0.0808441,-0.426228,0.900996]],[[-0.828156,0.560487,-0.00342221],[0.555542,0.82001,-0.137683],[0.074363,0.115924,0.99047]],[[-0.828156,0.560487,-0.00342221],[0.383234,0.561777,-0.73317],[0.409009,0.608491,0.680037]],[[-0.828156,0.560487,-0.00342221],[0.26131,0.380687,-0.887015],[0.495857,0.735481,0.461729]]],"btipPosition":[42.3026,294.122,-0.799964],"carpPosition":[71.5571,337.857,82.6121],"dipPosition":[53.9044,311.33,10.0033],"direction":[-0.409009,-0.608491,-0.680037],"extended":false,"handId":525,"id":5250,"length":52.1025,"mcpPosition":[71.5571,337.857,82.6121],"pipPosition":[67.8461,332.072,33.1834],"stabilizedTipPosition":[27.0686,298.205,99.6399],"timeVisible":0.35255,"tipPosition":[44.296,298.103,1.74369],"tipVelocity":[95.8878,-38.6412,-206.476],"tool":false,"touchDistance":-0.370926,"touchZone":"hovering","type":0,"width":20.2446},{"bases":[[[-0.794833,-0.598908,0.0977192],[-0.559579,0.785677,0.263785],[0.234759,-0.154983,0.959619]],[[-0.738391,-0.617163,0.271823],[-0.547543,0.78396,0.292582],[0.393669,-0.067205,0.916792]],[[-0.738391,-0.617163,0.271823],[-0.652242,0.755988,-0.055336],[0.171344,0.218154,0.960755]],[[-0.738391,-0.617163,0.271823],[-0.673842,0.659227,-0.333703],[-0.0267558,0.429569,0.902638]]],"btipPosition":[12.9193,350.916,-65.5077],"carpPosition":[50.7776,349.24,83.083],"dipPosition":[12.4622,358.254,-50.0897],"direction":[-0.171344,-0.218154,-0.960755],"extended":true,"handId":525,"id":5251,"length":58.7918,"mcpPosition":[33.5111,360.639,12.5031],"pipPosition":[16.6026,363.525,-26.874],"stabilizedTipPosition":[-3.48778,349.412,40.0704],"timeVisible":0.35255,"tipPosition":[12.2274,352.493,-61.5049],"tipVelocity":[68.4649,-50.8506,-225.005],"tool":false,"touchDistance":-0.47427,"touchZone":"hovering","type":1,"width":19.3376},{"bases":[[[-0.64869,-0.739446,0.180059],[-0.680609,0.66952,0.297512],[0.340547,-0.0704438,0.937585]],[[-0.652619,-0.738574,0.169107],[-0.591081,0.356639,-0.723486],[-0.474037,0.572117,0.669306]],[[-0.652619,-0.738574,0.169107],[0.342412,-0.486588,-0.803733],[-0.675901,0.466627,-0.570453]],[[-0.652619,-0.738574,0.169107],[0.693828,-0.672223,-0.2583],[-0.304451,0.0512404,-0.951149]]],"btipPosition":[64.0324,306.491,20.5951],"carpPosition":[40.0079,343.375,84.1568],"dipPosition":[58.3127,307.454,2.72586],"direction":[0.675901,-0.466627,0.570453],"extended":false,"handId":525,"id":5252,"length":66.9886,"mcpPosition":[16.2549,348.288,18.7608],"pipPosition":[39.0976,320.719,-13.4914],"stabilizedTipPosition":[47.7066,300.508,90.4556],"timeVisible":0.35255,"tipPosition":[62.4058,306.757,15.3673],"tipVelocity":[69.4584,31.434,6.37541],"tool":false,"touchDistance":0.333333,"touchZone":"none","type":2,"width":18.9921},{"bases":[[[-0.53834,-0.790106,0.293126],[-0.714013,0.612393,0.339353],[0.447633,0.0266084,0.893821]],[[-0.550287,-0.790537,0.268767],[-0.811364,0.430261,-0.395681],[-0.19716,0.435806,0.878181]],[[-0.550287,-0.790537,0.268767],[-0.137956,-0.231381,-0.963032],[-0.8235,0.567022,-0.0182664]],[[-0.550287,-0.790537,0.268767],[0.421853,-0.541007,-0.727566],[-0.720572,0.28699,-0.631199]]],"btipPosition":[48.2285,292.801,2.9519],"carpPosition":[31.1879,334.998,85.8562],"dipPosition":[34.7689,298.162,-8.83829],"direction":[0.8235,-0.567022,0.0182664],"extended":false,"handId":525,"id":5253,"length":64.4113,"mcpPosition":[3.15569,333.332,29.8821],"pipPosition":[11.9624,313.865,-9.34417],"stabilizedTipPosition":[38.3706,287.959,105.603],"timeVisible":0.35255,"tipPosition":[45.9081,293.853,1.28533],"tipVelocity":[42.355,-28.7201,-270.424],"tool":false,"touchDistance":0.333333,"touchZone":"none","type":3,"width":18.0722},{"bases":[[[-0.357488,-0.871967,0.334479],[-0.746681,0.481976,0.458439],[0.560954,0.0858627,0.823382]],[[-0.327154,-0.866168,0.377788],[-0.939648,0.25581,-0.227206],[-0.100157,0.429319,0.897582]],[[-0.327154,-0.866168,0.377788],[-0.285759,-0.290389,-0.913245],[-0.900729,0.406728,0.152514]],[[-0.327154,-0.866168,0.377788],[0.357667,-0.483545,-0.798911],[-0.874668,0.126245,-0.467994]]],"btipPosition":[31.1284,291.142,13.4839],"carpPosition":[27.4213,321.425,87.8622],"dipPosition":[16.056,293.318,5.41938],"direction":[0.900729,-0.406728,-0.152514],"extended":false,"handId":525,"id":5254,"length":50.4973,"mcpPosition":[-5.09701,316.447,40.1309],"pipPosition":[-1.55649,301.271,8.40157],"stabilizedTipPosition":[17.2651,287.343,111.621],"timeVisible":0.35255,"tipPosition":[28.1111,291.673,11.8369],"tipVelocity":[56.6135,-61.9743,-235.8],"tool":false,"touchDistance":-0.359896,"touchZone":"touching","type":4,"width":16.0532}],"r":[[0.997955,-0.0580644,-0.0267155],[0.057696,0.998231,-0.0143626],[0.0275022,0.0127918,0.99954]],"s":1.02577,"t":[13.9327,5.37909,-99.589],"timestamp":522364170130},false],[1,{"currentFrameRate":105.174,"devices":[],"gestures":[],"hands":[{"armBasis":[[-0.760016,-0.633684,0.144293],[-0.614637,0.772978,0.157248],[0.211181,-0.0308228,0.976961]],"armWidth":63.703,"confidence":0.678837,"direction":[-0.446083,0.165051,-0.879641],"elbow":[101.079,320.071,353.778],"grabStrength":0,"id":525,"palmNormal":[0.515325,-0.756209,-0.403222],"palmPosition":[27.795,338.861,38.9171],"palmVelocity":[30.081,-47.3034,-180.318],"palmWidth":90.9658,"pinchStrength":1,"r":[[0.998312,-0.0525894,-0.0246476],[0.0522495,0.998533,-0.0142359],[0.0253601,0.012924,0.999595]],"s":1.03053,"sphereCenter":[41.3144,310.145,4.18486],"sphereRadius":44.4726,"stabilizedPalmPosition":[14.5724,334.846,137.475],"t":[14.2459,5.02842,-101.09],"timeVisible":0.361559,"type":"left","wrist":[44.075,328.391,90.0691]}],"id":4172559,"interactionBox":{"center":[0,200,0],"size":[235.247,235.247,147.751]},"pointables":[{"bases":[[[-0.842418,0.453794,0.290522],[0.532534,0.783346,0.320588],[0.0820979,-0.424782,0.901566]],[[-0.826638,0.562731,-0.0018745],[0.557215,0.81806,-0.14244],[0.0786221,0.118791,0.989802]],[[-0.826638,0.562731,-0.0018745],[0.380767,0.556878,-0.738176],[0.414351,0.610918,0.674606]],[[-0.826638,0.562731,-0.0018745],[0.255857,0.372876,-0.891908],[0.501206,0.737765,0.452212]]],"btipPosition":[42.2459,293.693,-1.43617],"carpPosition":[72.0202,337.707,81.5347],"dipPosition":[53.9728,310.955,9.14441],"direction":[-0.414351,-0.610918,-0.674606],"extended":false,"handId":525,"id":5250,"length":52.1025,"mcpPosition":[72.0202,337.707,81.5347],"pipPosition":[68.0966,331.779,32.1394],"stabilizedTipPosition":[27.0721,298.205,99.6209],"timeVisible":0.361559,"tipPosition":[44.3839,297.759,0.966572],"tipVelocity":[68.6848,-40.7224,-170.703],"tool":false,"touchDistance":-0.372478,"touchZone":"hovering","type":0,"width":20.2446},{"bases":[[[-0.796255,-0.59647,0.101002],[-0.556631,0.787749,0.263843],[0.236939,-0.153866,0.959263]],[[-0.740389,-0.614448,0.27254],[-0.545386,0.786138,0.290758],[0.39291,-0.0666348,0.91716]],[[-0.740389,-0.614448,0.27254],[-0.649188,0.758786,-0.0528978],[0.174296,0.216094,0.960689]],[[-0.740389,-0.614448,0.27254],[-0.671866,0.664121,-0.327932],[-0.0204981,0.425907,0.904535]]],"btipPosition":[13.11,350.832,-66.57],"carpPosition":[51.2743,349.15,82.0411],"dipPosition":[12.7599,358.107,-51.1197],"direction":[-0.174296,-0.216094,-0.960689],"extended":true,"handId":525,"id":5251,"length":58.7918,"mcpPosition":[33.8474,360.467,11.4873],"pipPosition":[16.9716,363.329,-27.9056],"stabilizedTipPosition":[-3.48679,349.412,40.0642],"timeVisible":0.361559,"tipPosition":[12.4461,352.348,-62.5451],"tipVelocity":[56.2185,-39.88,-195.35],"tool":false,"touchDistance":-0.471,"touchZone":"hovering","type":1,"width":19.3376},{"bases":[[[-0.650286,-0.737268,0.183205],[-0.677897,0.671999,0.298117],[0.342906,-0.0696672,0.936783]],[[-0.653872,-0.736491,0.173298],[-0.584072,0.345751,-0.734381],[-0.480947,0.58141,0.656241]],[[-0.653872,-0.736491,0.173298],[0.358888,-0.503552,-0.785898],[-0.666071,0.451683,-0.593576]],[[-0.653872,-0.736491,0.173298],[0.700351,-0.675833,-0.229692],[-0.286286,0.0288199,-0.957711]]],"btipPosition":[64.0633,306.778,21.0596],"carpPosition":[40.491,343.318,83.1551],"dipPosition":[58.6848,307.319,3.06709],"direction":[0.666071,-0.451683,0.593576],"extended":false,"handId":525,"id":5252,"length":66.9886,"mcpPosition":[16.5735,348.177,17.8151],"pipPosition":[39.7492,320.16,-13.8076],"stabilizedTipPosition":[47.7711,300.535,90.1423],"timeVisible":0.361559,"tipPosition":[62.5803,306.818,15.5625],"tipVelocity":[53.7063,28.5936,17.928],"tool":false,"touchDistance":0.333333,"touchZone":"none","type":2,"width":18.9921},{"bases":[[[-0.539771,-0.788031,0.296065],[-0.711348,0.615044,0.340155],[0.450146,0.0269995,0.892547]],[[-0.551854,-0.788474,0.271599],[-0.81215,0.434169,-0.389756],[-0.189392,0.435668,0.879957]],[[-0.551854,-0.788474,0.271599],[-0.145625,-0.229565,-0.962337],[-0.821128,0.570621,-0.0118649]],[[-0.551854,-0.788474,0.271599],[0.415458,-0.542326,-0.730258],[-0.723085,0.290158,-0.626862]]],"btipPosition":[48.1695,292.595,1.73206],"carpPosition":[31.6521,334.969,84.8942],"dipPosition":[34.663,298.015,-9.97712],"direction":[0.821128,-0.570621,0.0118649],"extended":false,"handId":525,"id":5253,"length":64.4113,"mcpPosition":[3.46246,333.278,28.9999],"pipPosition":[11.9222,313.818,-10.3057],"stabilizedTipPosition":[38.3706,287.959,105.603],"timeVisible":0.361559,"tipPosition":[45.8345,293.666,0.0896909],"tipVelocity":[28.587,-26.6991,-232.749],"tool":false,"touchDistance":0.333333,"touchZone":"none","type":3,"width":18.0722},{"bases":[[[-0.359039,-0.870327,0.337078],[-0.74406,0.484942,0.459572],[0.563441,0.0858014,0.821689]],[[-0.323306,-0.863307,0.387523],[-0.942497,0.257121,-0.213513],[-0.0846873,0.434269,0.896793]],[[-0.323306,-0.863307,0.387523],[-0.300034,-0.294868,-0.907211],[-0.89747,0.409577,0.163689]],[[-0.323306,-0.863307,0.387523],[0.347979,-0.489285,-0.799694],[-0.879991,0.123696,-0.458602]]],"btipPosition":[30.8967,290.945,12.3032],"carpPosition":[27.8526,321.41,86.9357],"dipPosition":[15.7325,293.076,4.4005],"direction":[0.89747,-0.409577,-0.163689],"extended":false,"handId":525,"id":5254,"length":50.4973,"mcpPosition":[-4.80997,316.436,39.3027],"pipPosition":[-1.81629,301.085,7.60121],"stabilizedTipPosition":[17.2655,287.343,111.617],"timeVisible":0.361559,"tipPosition":[27.944,291.471,10.7804],"tipVelocity":[33.3412,-51.2808,-205.88],"tool":false,"touchDistance":-0.369392,"touchZone":"touching","type":4,"width":16.0532}],"r":[[0.998312,-0.0525894,-0.0246476],[0.0522495,0.998533,-0.0142359],[0.0253601,0.012924,0.999595]],"s":1.03053,"t":[14.2459,5.02842,-101.09],"timestamp":522364179139},false],[2,{"currentFrameRate":105.432,"devices":[],"gestures":[],"hands":[{"armBasis":[[-0.768883,-0.622687,0.145188],[-0.603405,0.781759,0.157339],[0.211475,-0.0333683,0.976814]],"armWidth":63.703,"confidence":0.67924,"direction":[-0.449112,0.164128,-0.878271],"elbow":[101.917,319.776,352.956],"grabStrength":0,"id":525,"palmNormal":[0.503605,-0.765459,-0.400569],"palmPosition":[28.3877,339.079,38.1532],"palmVelocity":[39.8978,-27.6497,-154.084],"palmWidth":90.9658,"pinchStrength":1,"r":[[0.998423,-0.0507169,-0.0240563],[0.0503486,0.998609,-0.0156772],[0.0248179,0.0144412,0.999588]],"s":1.03487,"sphereCenter":[41.4257,310.062,3.528],"sphereRadius":44.5065,"stabilizedPalmPosition":[14.5727,334.846,137.472],"t":[14.6989,4.9622,-102.222],"timeVisible":0.370565,"type":"left","wrist":[44.834,328.783,89.2871]}],"id":4172560,"interactionBox":{"center":[0,200,0],"size":[235.247,235.247,147.751]},"pointables":[{"bases":[[[-0.835053,0.466301,0.291975],[0.544011,0.779015,0.311749],[0.0820838,-0.419165,0.904192]],[[-0.819587,0.572953,-0.00152184],[0.56649,0.809939,-0.151949],[0.085827,0.125397,0.988387]],[[-0.819587,0.572953,-0.00152184],[0.383155,0.54611,-0.744953],[0.425992,0.611137,0.667115]],[[-0.819587,0.572953,-0.00152184],[0.25425,0.361312,-0.897113],[0.513453,0.735649,0.441799]]],"btipPosition":[42.0248,293.388,-1.87671],"carpPosition":[72.842,337.689,80.5246],"dipPosition":[54.0383,310.6,8.46023],"direction":[-0.425992,-0.611137,-0.667115],"extended":false,"handId":525,"id":5250,"length":52.1025,"mcpPosition":[72.842,337.689,80.5246],"pipPosition":[68.5588,331.432,31.1999],"stabilizedTipPosition":[27.0757,298.205,99.6008],"timeVisible":0.370565,"tipPosition":[44.2619,297.464,0.451266],"tipVelocity":[45.0799,-39.1977,-138.953],"tool":false,"touchDistance":-0.371012,"touchZone":"hovering","type":0,"width":20.2446},{"bases":[[[-0.802954,-0.585812,0.109951],[-0.545327,0.796488,0.2612],[0.240588,-0.149772,0.959002]],[[-0.747246,-0.603123,0.279046],[-0.534737,0.795014,0.286373],[0.394563,-0.0647753,0.916583]],[[-0.747246,-0.603123,0.279046],[-0.639188,0.767189,-0.0534713],[0.181831,0.218319,0.958788]],[[-0.747246,-0.603123,0.279046],[-0.664494,0.672804,-0.325242],[-0.00841825,0.42846,0.903521]]],"btipPosition":[13.3501,350.596,-67.4389],"carpPosition":[52.2422,349.392,81.0651],"dipPosition":[13.2063,357.914,-52.0058],"direction":[-0.181831,-0.218319,-0.958788],"extended":true,"handId":525,"id":5251,"length":58.7918,"mcpPosition":[34.5469,360.407,10.5304],"pipPosition":[17.6,363.19,-28.8377],"stabilizedTipPosition":[-3.48568,349.412,40.0573],"timeVisible":0.370565,"tipPosition":[12.7297,352.098,-63.4059],"tipVelocity":[49.5437,-35.8359,-168.305],"tool":false,"touchDistance":-0.465325,"touchZone":"hovering","type":1,"width":19.3376},{"bases":[[[-0.658259,-0.727802,0.192355],[-0.667811,0.682501,0.297019],[0.347453,-0.0670589,0.935296]],[[-0.66169,-0.727097,0.183022],[-0.578744,0.34011,-0.741203],[-0.476679,0.596369,0.64585]],[[-0.66169,-0.727097,0.183022],[0.360672,-0.522673,-0.772483],[-0.65733,0.445133,-0.60809]],[[-0.66169,-0.727097,0.183022],[0.696099,-0.686433,-0.210369],[-0.278591,0.011798,-0.960337]]],"btipPosition":[64.0507,306.765,21.2546],"carpPosition":[41.3944,343.702,82.2837],"dipPosition":[58.8168,306.987,3.21276],"direction":[0.65733,-0.445133,0.60809],"extended":false,"handId":525,"id":5252,"length":66.9886,"mcpPosition":[17.1597,348.379,17.0474],"pipPosition":[40.1297,319.641,-14.0745],"stabilizedTipPosition":[47.8592,300.572,89.7152],"timeVisible":0.370565,"tipPosition":[62.6352,306.653,15.6455],"tipVelocity":[39.5821,18.102,18.6055],"tool":false,"touchDistance":0.333333,"touchZone":"none","type":2,"width":18.9921},{"bases":[[[-0.547725,-0.779102,0.304953],[-0.701718,0.626274,0.339667],[0.455619,0.0279469,0.889736]],[[-0.560049,-0.779576,0.280367],[-0.809892,0.443946,-0.383388],[-0.174413,0.441784,0.880004]],[[-0.560049,-0.779576,0.280367],[-0.158639,-0.231244,-0.959875],[-0.813129,0.582054,-0.00583681]],[[-0.560049,-0.779576,0.280367],[0.401508,-0.551429,-0.731244],[-0.724663,0.296963,-0.621834]]],"btipPosition":[47.7769,292.326,0.885794],"carpPosition":[32.4634,335.476,84.1349],"dipPosition":[34.2409,297.873,-10.7295],"direction":[0.813129,-0.582054,0.00583681],"extended":false,"handId":525,"id":5253,"length":64.4113,"mcpPosition":[3.93097,333.726,28.4167],"pipPosition":[11.7216,313.992,-10.8911],"stabilizedTipPosition":[38.3706,287.959,105.603],"timeVisible":0.370565,"tipPosition":[45.4419,293.427,-0.72153],"tipVelocity":[8.54806,-26.6881,-193.962],"tool":false,"touchDistance":0.333333,"touchZone":"none","type":3,"width":18.0722},{"bases":[[[-0.367787,-0.863328,0.345538],[-0.735338,0.497463,0.460226],[0.569219,0.084822,0.817799]],[[-0.329354,-0.855833,0.398843],[-0.941623,0.266489,-0.20574],[-0.0697922,0.443322,0.893641]],[[-0.329354,-0.855833,0.398843],[-0.312811,-0.299656,-0.901308],[-0.890884,0.421612,0.169021]],[[-0.329354,-0.855833,0.398843],[0.335234,-0.500881,-0.797957],[-0.882691,0.129105,-0.451872]]],"btipPosition":[30.6092,290.923,11.7823],"carpPosition":[28.5088,321.98,86.2981],"dipPosition":[15.3985,293.148,3.99551],"direction":[0.890884,-0.421612,-0.169021],"extended":false,"handId":525,"id":5254,"length":50.4973,"mcpPosition":[-4.48868,317.063,38.8905],"pipPosition":[-2.02154,301.392,7.30047],"stabilizedTipPosition":[17.2659,287.343,111.613],"timeVisible":0.370565,"tipPosition":[27.6641,291.469,10.2981],"tipVelocity":[15.0845,-37.1932,-164.396],"tool":false,"touchDistance":-0.368201,"touchZone":"touching","type":4,"width":16.0532}],"r":[[0.998423,-0.0507169,-0.0240563],[0.0503486,0.998609,-0.0156772],[0.0248179,0.0144412,0.999588]],"s":1.03487,"t":[14.6989,4.9622,-102.222],"timestamp":522364188145},false],[3,{"currentFrameRate":105.666,"devices":[],"gestures":[],"hands":[{"armBasis":[[-0.775483,-0.613827,0.147789],[-0.594821,0.788781,0.154962],[0.211693,-0.0322623,0.976804]],"armWidth":63.703,"confidence":0.691518,"direction":[-0.450522,0.16556,-0.87728],"elbow":[102.581,320.278,352.034],"grabStrength":0,"id":525,"palmNormal":[0.493837,-0.772414,-0.399377],"palmPosition":[28.9184,339.261,37.2536],"palmVelocity":[45.0936,-14.489,-139.082],"palmWidth":90.9658,"pinchStrength":1,"r":[[0.998383,-0.0513972,-0.0242675],[0.0509764,0.998544,-0.0176521],[0.0251394,0.0163865,0.99955]],"s":1.03865,"sphereCenter":[41.6068,310.074,2.66382],"sphereRadius":44.5334,"stabilizedPalmPosition":[14.5732,334.847,137.47],"t":[15.1907,5.02004,-103.238],"timeVisible":0.379596,"type":"left","wrist":[45.4395,328.986,88.3678]}],"id":4172561,"interactionBox":{"center":[0,200,0],"size":[235.247,235.247,147.751]},"pointables":[{"bases":[[[-0.828893,0.476439,0.293158],[0.553533,0.774291,0.306717],[0.0808574,-0.416508,0.905529]],[[-0.81335,0.581774,-0.000802197],[0.574645,0.803167,-0.157179],[0.0907984,0.128303,0.98757]],[[-0.81335,0.581774,-0.000802197],[0.38633,0.539078,-0.748428],[0.434983,0.609044,0.663216]],[[-0.81335,0.581774,-0.000802197],[0.254661,0.354789,-0.899596],[0.523077,0.731891,0.436723]]],"btipPosition":[41.9129,293.268,-2.63964],"carpPosition":[73.5098,337.555,79.4692],"dipPosition":[54.1515,310.392,7.57852],"direction":[-0.434983,-0.609044,-0.663216],"extended":false,"handId":525,"id":5250,"length":52.1025,"mcpPosition":[73.5098,337.555,79.4692],"pipPosition":[68.9785,331.152,30.1852],"stabilizedTipPosition":[27.0792,298.204,99.5807],"timeVisible":0.379596,"tipPosition":[44.209,297.328,-0.338638],"tipVelocity":[30.8316,-32.6748,-124.785],"tool":false,"touchDistance":-0.374098,"touchZone":"touching","type":0,"width":20.2446},{"bases":[[[-0.808829,-0.576659,0.115154],[-0.535731,0.803351,0.260039],[0.242463,-0.148635,0.958707]],[[-0.753576,-0.593812,0.281977],[-0.525914,0.801956,0.283338],[0.394383,-0.0652205,0.916629]],[[-0.753576,-0.593812,0.281977],[-0.630237,0.774584,-0.0531044],[0.186881,0.217731,0.95795]],[[-0.753576,-0.593812,0.281977],[-0.657361,0.681305,-0.322025],[0.000890386,0.428031,0.903764]]],"btipPosition":[13.7365,350.643,-68.4299],"carpPosition":[53.0397,349.482,80.0381],"dipPosition":[13.7517,357.954,-52.9927],"direction":[-0.186881,-0.217731,-0.95795],"extended":true,"handId":525,"id":5251,"length":58.7918,"mcpPosition":[35.2066,360.414,9.52524],"pipPosition":[18.2675,363.215,-29.8448],"stabilizedTipPosition":[-3.48446,349.412,40.0499],"timeVisible":0.379596,"tipPosition":[13.1449,352.127,-64.3863],"tipVelocity":[48.7984,-24.5832,-152.149],"tool":false,"touchDistance":-0.461978,"touchZone":"hovering","type":1,"width":19.3376},{"bases":[[[-0.665375,-0.719884,0.197591],[-0.659307,0.690836,0.296748],[0.350128,-0.0671757,0.93429]],[[-0.66872,-0.719203,0.188575],[-0.573756,0.337856,-0.746095],[-0.472883,0.607125,0.638578]],[[-0.66872,-0.719203,0.188575],[0.360513,-0.535462,-0.763748],[-0.650265,0.44275,-0.617356]],[[-0.66872,-0.719203,0.188575],[0.691203,-0.694795,-0.198742],[-0.273957,0.00255915,-0.961739]]],"btipPosition":[64.1346,306.709,20.9996],"carpPosition":[42.1356,343.914,81.3184],"dipPosition":[58.9877,306.757,2.9314],"direction":[0.650265,-0.44275,0.617356],"extended":false,"handId":525,"id":5252,"length":66.9886,"mcpPosition":[17.7144,348.599,16.1522],"pipPosition":[40.5015,319.344,-14.6193],"stabilizedTipPosition":[47.9815,300.622,89.1247],"timeVisible":0.379596,"tipPosition":[62.7522,306.52,15.3453],"tipVelocity":[31.8496,10.1824,5.52049],"tool":false,"touchDistance":0.333333,"touchZone":"none","type":2,"width":18.9921},{"bases":[[[-0.554992,-0.771939,0.30999],[-0.693663,0.635145,0.339739],[0.459146,0.0264764,0.887966]],[[-0.567427,-0.772376,0.285415],[-0.807029,0.45283,-0.379011],[-0.163495,0.4454,0.880278]],[[-0.567427,-0.772376,0.285415],[-0.166912,-0.231535,-0.958401],[-0.806329,0.591462,-0.00246045]],[[-0.567427,-0.772376,0.285415],[0.391943,-0.558182,-0.73131],[-0.72416,0.303099,-0.619455]]],"btipPosition":[47.5303,292.198,-0.0543067],"carpPosition":[33.1231,335.793,83.2341],"dipPosition":[34.0037,297.86,-11.6251],"direction":[0.806329,-0.591462,0.00246045],"extended":false,"handId":525,"id":5253,"length":64.4113,"mcpPosition":[4.36982,334.135,27.6267],"pipPosition":[11.6728,314.24,-11.6933],"stabilizedTipPosition":[38.3706,287.959,105.603],"timeVisible":0.379596,"tipPosition":[45.1952,293.318,-1.67008],"tipVelocity":[-1.25782,-22.4297,-168.903],"tool":false,"touchDistance":0.333333,"touchZone":"none","type":3,"width":18.0722},{"bases":[[[-0.375827,-0.857949,0.350255],[-0.728233,0.507175,0.460924],[0.573089,0.0818391,0.815396]],[[-0.335845,-0.850364,0.405079],[-0.940053,0.275557,-0.20092],[-0.0592331,0.448273,0.891932]],[[-0.335845,-0.850364,0.405079],[-0.321502,-0.300739,-0.897882],[-0.88535,0.431783,0.172392]],[[-0.335845,-0.850364,0.405079],[0.325801,-0.508387,-0.797118],[-0.883777,0.135733,-0.447788]]],"btipPosition":[30.4441,290.977,11.0122],"carpPosition":[29.0309,322.349,85.4646],"dipPosition":[15.2147,293.316,3.29582],"direction":[0.88535,-0.431783,-0.172392],"extended":false,"handId":525,"id":5254,"length":50.4973,"mcpPosition":[-4.19099,317.605,38.1963],"pipPosition":[-2.09711,301.759,6.66671],"stabilizedTipPosition":[17.2662,287.344,111.61],"timeVisible":0.379596,"tipPosition":[27.5014,291.546,9.54708],"tipVelocity":[5.76542,-24.5108,-142.112],"tool":false,"touchDistance":-0.371022,"touchZone":"touching","type":4,"width":16.0532}],"r":[[0.998383,-0.0513972,-0.0242675],[0.0509764,0.998544,-0.0176521],[0.0251394,0.0163865,0.99955]],"s":1.03865,"t":[15.1907,5.02004,-103.238],"timestamp":522364197176},false],[4,{"currentFrameRate":105.818,"devices":[],"gestures":[],"hands":[{"armBasis":[[-0.779151,-0.611098,0.139581],[-0.593524,0.790846,0.149305],[0.201627,-0.0334868,0.97889]],"armWidth":63.703,"confidence":0.699651,"direction":[-0.452418,0.162705,-0.876838],"elbow":[100.706,320.608,350.7],"grabStrength":0,"id":525,"palmNormal":[0.490773,-0.77552,-0.397127],"palmPosition":[29.6508,339.73,35.3528],"palmVelocity":[54.7957,3.81606,-158.107],"palmWidth":90.9658,"pinchStrength":1,"r":[[0.998311,-0.0524837,-0.0249154],[0.0519871,0.998444,-0.0201765],[0.0259356,0.0188471,0.999486]],"s":1.04223,"sphereCenter":[42.2308,310.433,0.860847],"sphereRadius":44.5577,"stabilizedPalmPosition":[14.5737,334.847,137.466],"t":[15.8029,5.28338,-104.697],"timeVisible":0.388766,"type":"left","wrist":[46.2808,329.647,86.4699]}],"id":4172562,"interactionBox":{"center":[0,200,0],"size":[235.247,235.247,147.751]},"pointables":[{"bases":[[[-0.826875,0.479935,0.293154],[0.556348,0.774246,0.301694],[0.0821803,-0.412559,0.907216]],[[-0.811859,0.583852,-0.00122428],[0.576244,0.800938,-0.16261],[0.0939594,0.132721,0.98669]],[[-0.811859,0.583852,-0.00122428],[0.385565,0.534559,-0.752055],[0.438435,0.611035,0.659099]],[[-0.811859,0.583852,-0.00122428],[0.25286,0.349715,-0.902087],[0.526258,0.732677,0.431552]]],"btipPosition":[42.4028,293.508,-4.34572],"carpPosition":[74.3495,338.102,77.4579],"dipPosition":[54.7158,310.65,5.75145],"direction":[-0.438435,-0.611035,-0.659099],"extended":false,"handId":525,"id":5250,"length":52.1025,"mcpPosition":[74.3495,338.102,77.4579],"pipPosition":[69.6605,331.478,28.2178],"stabilizedTipPosition":[27.0825,298.204,99.5623],"timeVisible":0.388766,"tipPosition":[44.7345,297.576,-2.07641],"tipVelocity":[37.6544,-16.1385,-142.722],"tool":false,"touchDistance":-0.39103,"touchZone":"touching","type":0,"width":20.2446},{"bases":[[[-0.810011,-0.574018,0.119938],[-0.532957,0.805926,0.257759],[0.24462,-0.144866,0.958736]],[[-0.755099,-0.590467,0.284909],[-0.523885,0.804706,0.279272],[0.39417,-0.0616187,0.91697]],[[-0.755099,-0.590467,0.284909],[-0.627725,0.776538,-0.0543152],[0.189172,0.219858,0.957014]],[[-0.755099,-0.590467,0.284909],[-0.655588,0.683641,-0.320686],[0.00542097,0.428933,0.90332]]],"btipPosition":[14.3265,350.746,-70.4286],"carpPosition":[53.912,350.084,78.0261],"dipPosition":[14.4191,358.073,-54.9989],"direction":[-0.189172,-0.219858,-0.957014],"extended":true,"handId":525,"id":5251,"length":58.7918,"mcpPosition":[35.9202,360.739,7.51107],"pipPosition":[18.9902,363.385,-31.8736],"stabilizedTipPosition":[-3.48318,349.413,40.0422],"timeVisible":0.388766,"tipPosition":[13.7466,352.224,-66.3808],"tipVelocity":[53.6768,-14.4697,-170.559],"tool":false,"touchDistance":-0.474119,"touchZone":"hovering","type":1,"width":19.3376},{"bases":[[[-0.666711,-0.717236,0.202653],[-0.656726,0.693903,0.295312],[0.35243,-0.0638001,0.933661]],[[-0.669956,-0.716613,0.193972],[-0.568796,0.327551,-0.754441],[-0.477106,0.615773,0.627051]],[[-0.669956,-0.716613,0.193972],[0.367718,-0.547285,-0.75184],[-0.644936,0.432372,-0.630168]],[[-0.669956,-0.716613,0.193972],[0.692592,-0.697387,-0.184304],[-0.267348,-0.0108683,-0.963539]]],"btipPosition":[64.7631,307.24,20.0393],"carpPosition":[42.9969,344.551,79.3607],"dipPosition":[59.7405,307.036,1.93728],"direction":[0.644936,-0.432372,0.630168],"extended":false,"handId":525,"id":5252,"length":66.9886,"mcpPosition":[18.4151,349.001,14.2384],"pipPosition":[41.4057,319.328,-15.9777],"stabilizedTipPosition":[48.1322,300.685,88.4183],"timeVisible":0.388766,"tipPosition":[63.4,306.964,14.2863],"tipVelocity":[42.9558,21.7492,-25.4703],"tool":false,"touchDistance":0.333333,"touchZone":"none","type":2,"width":18.9921},{"bases":[[[-0.556165,-0.769062,0.314998],[-0.691112,0.638499,0.338648],[0.461568,0.0293545,0.886619]],[[-0.56868,-0.769579,0.290431],[-0.807287,0.454453,-0.376511],[-0.157768,0.448576,0.87971]],[[-0.56868,-0.769579,0.290431],[-0.171793,-0.234176,-0.956895],[-0.804419,0.594062,-0.000962759]],[[-0.56868,-0.769579,0.290431],[0.387857,-0.562243,-0.730376],[-0.725376,0.302705,-0.618223]]],"btipPosition":[47.9381,292.48,-1.90566],"carpPosition":[33.9685,336.462,81.3375],"dipPosition":[34.3888,298.134,-13.4535],"direction":[0.804419,-0.594062,0.000962759],"extended":false,"handId":525,"id":5253,"length":64.4113,"mcpPosition":[5.0636,334.623,25.8145],"pipPosition":[12.1107,314.587,-13.4801],"stabilizedTipPosition":[38.3706,287.959,105.602],"timeVisible":0.388766,"tipPosition":[45.5928,293.6,-3.53532],"tipVelocity":[11.3396,-7.64112,-177.945],"tool":false,"touchDistance":0.333333,"touchZone":"none","type":3,"width":18.0722},{"bases":[[[-0.377117,-0.855352,0.355184],[-0.725691,0.511178,0.460511],[0.575461,0.0840869,0.813495]],[[-0.336094,-0.847412,0.411017],[-0.940325,0.277271,-0.197254],[-0.0531926,0.452785,0.890031]],[[-0.336094,-0.847412,0.411017],[-0.326904,-0.30431,-0.894723],[-0.883275,0.435074,0.174746]],[[-0.336094,-0.847412,0.411017],[0.321097,-0.513355,-0.795842],[-0.885403,0.135501,-0.444636]]],"btipPosition":[30.8971,291.317,9.2652],"carpPosition":[29.8474,323.039,83.6406],"dipPosition":[15.6396,293.652,1.60314],"direction":[0.883275,-0.435074,-0.174746],"extended":false,"handId":525,"id":5254,"length":50.4973,"mcpPosition":[-3.51193,318.165,36.4825],"pipPosition":[-1.63158,302.159,5.02005],"stabilizedTipPosition":[17.2664,287.344,111.607],"timeVisible":0.388766,"tipPosition":[27.955,291.885,7.81989],"tipVelocity":[17.7412,-7.36425,-155.234],"tool":false,"touchDistance":-0.388271,"touchZone":"touching","type":4,"width":16.0532}],"r":[[0.998311,-0.0524837,-0.0249154],[0.0519871,0.998444,-0.0201765],[0.0259356,0.0188471,0.999486]],"s":1.04223,"t":[15.8029,5.28338,-104.697],"timestamp":522364206346},false],[5,{"currentFrameRate":106.087,"devices":[],"gestures":[],"hands":[{"armBasis":[[-0.786584,-0.600394,0.144263],[-0.582542,0.799014,0.14907],[0.20477,-0.0332169,0.978246]],"armWidth":63.703,"confidence":0.487175,"direction":[-0.441866,0.162987,-0.88215],"elbow":[102.065,320.473,349.868],"grabStrength":0,"id":525,"palmNormal":[0.485563,-0.783401,-0.387959],"palmPosition":[30.7834,339.425,34.4781],"palmVelocity":[74.4458,-6.52434,-141.704],"palmWidth":90.9658,"pinchStrength":1,"r":[[0.998173,-0.0557001,-0.0234019],[0.0551581,0.998208,-0.0232],[0.0246522,0.0218668,0.999457]],"s":1.046,"sphereCenter":[43.4315,309.898,0.276456],"sphereRadius":44.5853,"stabilizedPalmPosition":[14.5748,334.847,137.459],"t":[16.6752,5.26283,-105.863],"timeVisible":0.397695,"type":"left","wrist":[46.7924,329.439,85.8119]}],"id":4172563,"interactionBox":{"center":[0,200,0],"size":[235.247,235.247,147.751]},"pointables":[{"bases":[[[-0.824055,0.491155,0.282312],[0.562358,0.769427,0.302879],[0.0684584,-0.408349,0.910255]],[[-0.805061,0.593074,-0.0118676],[0.586698,0.793135,-0.163472],[0.0875381,0.138567,0.986477]],[[-0.805061,0.593074,-0.0118676],[0.397484,0.524493,-0.752937],[0.440322,0.610877,0.657986]],[[-0.805061,0.593074,-0.0118676],[0.26257,0.33834,-0.90365],[0.531915,0.730609,0.428108]]],"btipPosition":[43.2219,292.684,-4.64364],"carpPosition":[75.0449,337.517,77.0308],"dipPosition":[55.6673,309.779,5.37296],"direction":[-0.440322,-0.610877,-0.657986],"extended":false,"handId":525,"id":5250,"length":52.1025,"mcpPosition":[75.0449,337.517,77.0308],"pipPosition":[70.6763,330.601,27.8014],"stabilizedTipPosition":[27.0876,298.204,99.5352],"timeVisible":0.397695,"tipPosition":[45.6796,296.791,-2.4548],"tipVelocity":[53.3347,-37.224,-113.462],"tool":false,"touchDistance":-0.385007,"touchZone":"touching","type":0,"width":20.2446},{"bases":[[[-0.817791,-0.563885,0.115112],[-0.52602,0.813506,0.248015],[0.233497,-0.142274,0.961893]],[[-0.765276,-0.579972,0.279258],[-0.517803,0.812377,0.268186],[0.382404,-0.0606358,0.922004]],[[-0.765276,-0.579972,0.279258],[-0.617541,0.783909,-0.0642561],[0.181646,0.221627,0.958064]],[[-0.765276,-0.579972,0.279258],[-0.643698,0.691085,-0.328717],[0.0023447,0.431317,0.902197]]],"btipPosition":[16.7163,350.084,-71.5784],"carpPosition":[54.744,349.738,77.3308],"dipPosition":[16.7564,357.451,-56.1679],"direction":[-0.181646,-0.221627,-0.958064],"extended":true,"handId":525,"id":5251,"length":58.7918,"mcpPosition":[37.5703,360.202,6.58362],"pipPosition":[21.1457,362.807,-33.0173],"stabilizedTipPosition":[-3.47988,349.413,40.0246],"timeVisible":0.397695,"tipPosition":[16.1141,351.571,-67.5397],"tipVelocity":[111.666,-30.4621,-159.298],"tool":false,"touchDistance":-0.472354,"touchZone":"hovering","type":1,"width":19.3376},{"bases":[[[-0.67699,-0.708288,0.200031],[-0.65145,0.703142,0.284964],[0.342486,-0.0626079,0.937434]],[[-0.680082,-0.707688,0.191484],[-0.549644,0.319328,-0.771959],[-0.48516,0.630243,0.606146]],[[-0.680082,-0.707688,0.191484],[0.380775,-0.564152,-0.732627],[-0.626498,0.425334,-0.65314]],[[-0.680082,-0.707688,0.191484],[0.689941,-0.706124,-0.15928],[-0.247932,-0.0237892,-0.968485]]],"btipPosition":[65.7115,306.692,20.7569],"carpPosition":[43.7525,344.34,78.5882],"dipPosition":[61.0536,306.245,2.56202],"direction":[0.626498,-0.425334,0.65314],"extended":false,"handId":525,"id":5252,"length":66.9886,"mcpPosition":[19.8643,348.706,13.2027],"pipPosition":[43.243,318.337,-16.006],"stabilizedTipPosition":[48.3362,300.758,87.5303],"timeVisible":0.397695,"tipPosition":[64.429,306.336,14.8693],"tipVelocity":[62.7702,-2.64527,2.74527],"tool":false,"touchDistance":0.333333,"touchZone":"none","type":2,"width":18.9921},{"bases":[[[-0.568163,-0.760758,0.313747],[-0.686904,0.648387,0.328265],[0.45316,0.0290055,0.890957]],[[-0.580453,-0.761269,0.28904],[-0.798544,0.462684,-0.385034],[-0.15938,0.454305,0.876473]],[[-0.580453,-0.761269,0.28904],[-0.166494,-0.236505,-0.957259],[-0.797091,0.603767,-0.0105331]],[[-0.580453,-0.761269,0.28904],[0.387867,-0.570583,-0.723874],[-0.715984,0.308066,-0.626468]]],"btipPosition":[48.8012,291.783,-2.43066],"carpPosition":[34.6114,336.367,80.5205],"dipPosition":[35.4273,297.537,-14.1325],"direction":[0.797091,-0.603767,0.0105331],"extended":false,"handId":525,"id":5253,"length":64.4113,"mcpPosition":[6.23301,334.551,24.7258],"pipPosition":[13.3522,314.258,-14.4242],"stabilizedTipPosition":[38.3706,287.959,105.602],"timeVisible":0.397695,"tipPosition":[46.4754,292.922,-4.10551],"tipVelocity":[35.8428,-26.1521,-146.53],"tool":false,"touchDistance":0.333333,"touchZone":"none","type":3,"width":18.0722},{"bases":[[[-0.390538,-0.848893,0.356176],[-0.724159,0.522166,0.450484],[0.568396,0.0819973,0.818659]],[[-0.348821,-0.840839,0.4139],[-0.935729,0.28783,-0.203875],[-0.0522933,0.458414,0.887199]],[[-0.348821,-0.840839,0.4139],[-0.32546,-0.305471,-0.894853],[-0.878862,0.446852,0.167105]],[[-0.348821,-0.840839,0.4139],[0.320708,-0.522072,-0.790308],[-0.880608,0.142935,-0.451774]]],"btipPosition":[31.5701,290.848,8.55494],"carpPosition":[30.3116,323.007,82.8571],"dipPosition":[16.3953,293.311,0.769881],"direction":[0.878862,-0.446852,-0.167105],"extended":false,"handId":525,"id":5254,"length":50.4973,"mcpPosition":[-2.63819,318.254,35.3997],"pipPosition":[-0.789639,302.049,4.03738],"stabilizedTipPosition":[17.2667,287.344,111.605],"timeVisible":0.397695,"tipPosition":[28.6657,291.442,7.10986],"tipVelocity":[34.041,-18.768,-135.455],"tool":false,"touchDistance":-0.388855,"touchZone":"touching","type":4,"width":16.0532}],"r":[[0.998173,-0.0557001,-0.0234019],[0.0551581,0.998208,-0.0232],[0.0246522,0.0218668,0.999457]],"s":1.046,"t":[16.6752,5.26283,-105.863],"timestamp":522364215275},false],[6,{"currentFrameRate":106.132,"devices":[],"gestures":[],"hands":[{"armBasis":[[-0.780141,-0.611173,0.133594],[-0.5939,0.79064,0.1489],[0.196628,-0.0368216,0.979786]],"armWidth":63.703,"confidence":0.512393,"direction":[-0.444683,0.157786,-0.881681],"elbow":[100.213,319.552,348.81],"grabStrength":0,"id":525,"palmNormal":[0.496102,-0.776188,-0.38912],"palmPosition":[30.9565,339.309,33.026],"palmVelocity":[58.6058,-8.19037,-145.608],"palmWidth":90.9658,"pinchStrength":1,"r":[[0.998209,-0.055499,-0.0223284],[0.0549283,0.998167,-0.0254089],[0.0236976,0.0241369,0.999428]],"s":1.0498,"sphereCenter":[44.0286,310.061,-1.20098],"sphereRadius":44.6171,"stabilizedPalmPosition":[14.5763,334.847,137.449],"t":[17.1979,5.19463,-107.172],"timeVisible":0.407034,"type":"left","wrist":[47.1372,329.491,84.3385]}],"id":4172564,"interactionBox":{"center":[0,200,0],"size":[235.247,235.247,147.751]},"pointables":[{"bases":[[[-0.830586,0.479394,0.283387],[0.551853,0.776822,0.303325],[0.0747286,-0.408326,0.909772]],[[-0.813315,0.581736,-0.0101354],[0.575236,0.80137,-0.164039],[0.0873051,0.139246,0.986402]],[[-0.813315,0.581736,-0.0101354],[0.389016,0.530757,-0.75297],[0.43265,0.616344,0.657977]],[[-0.813315,0.581736,-0.0101354],[0.2562,0.34244,-0.903934],[0.52238,0.737779,0.427553]]],"btipPosition":[43.9424,292.749,-6.11028],"carpPosition":[75.2691,337.969,75.5472],"dipPosition":[56.1647,310.011,3.89333],"direction":[-0.43265,-0.616344,-0.657977],"extended":false,"handId":525,"id":5250,"length":52.1025,"mcpPosition":[75.2691,337.969,75.5472],"pipPosition":[70.9122,331.02,26.3215],"stabilizedTipPosition":[27.0945,298.203,99.4986],"timeVisible":0.407034,"tipPosition":[46.3918,296.895,-3.93293],"tipVelocity":[58.5265,-23.5553,-125.9],"tool":false,"touchDistance":-0.396884,"touchZone":"touching","type":0,"width":20.2446},{"bases":[[[-0.809824,-0.57528,0.115055],[-0.537068,0.805878,0.249236],[0.236101,-0.140045,0.961584]],[[-0.757516,-0.590756,0.277808],[-0.529414,0.804907,0.26804],[0.381956,-0.0559689,0.922484]],[[-0.757516,-0.590756,0.277808],[-0.627894,0.775793,-0.0624034],[0.178656,0.221706,0.958608]],[[-0.757516,-0.590756,0.277808],[-0.652813,0.684101,-0.325333],[-0.00214362,0.427802,0.90387]]],"btipPosition":[16.7501,349.947,-73.0751],"carpPosition":[54.8011,349.908,75.8738],"dipPosition":[16.7135,357.255,-57.6361],"direction":[-0.178656,-0.221706,-0.958608],"extended":true,"handId":525,"id":5251,"length":58.7918,"mcpPosition":[37.4359,360.208,5.14925],"pipPosition":[21.0305,362.612,-34.4723],"stabilizedTipPosition":[-3.47528,349.413,39.9996],"timeVisible":0.407034,"tipPosition":[16.1332,351.403,-69.0303],"tipVelocity":[80.521,-26.3947,-159.373],"tool":false,"touchDistance":-0.475805,"touchZone":"hovering","type":1,"width":19.3376},{"bases":[[[-0.666978,-0.717809,0.199725],[-0.660932,0.693748,0.28615],[0.34396,-0.058851,0.937138]],[[-0.669954,-0.717268,0.191542],[-0.54691,0.302355,-0.780686],[-0.502048,0.62778,0.594845]],[[-0.669954,-0.717268,0.191542],[0.398715,-0.56526,-0.722155],[-0.62625,0.407439,-0.664684]],[[-0.669954,-0.717268,0.191542],[0.702547,-0.695921,-0.14873],[-0.239978,-0.0349251,-0.97015]]],"btipPosition":[66.3998,307.283,20.2261],"carpPosition":[43.8864,344.356,77.1327],"dipPosition":[61.8914,306.627,1.99994],"direction":[0.62625,-0.407439,0.664684],"extended":false,"handId":525,"id":5252,"length":66.9886,"mcpPosition":[19.8954,348.461,11.7679],"pipPosition":[44.0878,318.21,-16.8962],"stabilizedTipPosition":[48.6122,300.861,86.3716],"timeVisible":0.407034,"tipPosition":[65.1366,306.873,14.2649],"tipVelocity":[66.9113,14.5781,-14.3528],"tool":false,"touchDistance":0.333333,"touchZone":"none","type":2,"width":18.9921},{"bases":[[[-0.557358,-0.768887,0.313313],[-0.695594,0.638462,0.329416],[0.453322,0.0343358,0.890685]],[[-0.569585,-0.76954,0.288758],[-0.805301,0.452171,-0.383448],[-0.164511,0.450943,0.877261]],[[-0.569585,-0.76954,0.288758],[-0.163448,-0.238253,-0.957351],[-0.805517,0.592489,-0.00992593]],[[-0.569585,-0.76954,0.288758],[0.396295,-0.564904,-0.723764],[-0.720086,0.297812,-0.626725]]],"btipPosition":[49.5766,291.992,-3.91874],"carpPosition":[34.8578,336.256,79.0626],"dipPosition":[36.1261,297.555,-15.6254],"direction":[0.805517,-0.592489,0.00992593],"extended":false,"handId":525,"id":5253,"length":64.4113,"mcpPosition":[6.46932,334.106,23.285],"pipPosition":[13.8176,313.963,-15.9003],"stabilizedTipPosition":[38.3706,287.959,105.602],"timeVisible":0.407034,"tipPosition":[47.2239,293.091,-5.63547],"tipVelocity":[48.6766,-13.742,-150.193],"tool":false,"touchDistance":0.333333,"touchZone":"none","type":3,"width":18.0722},{"bases":[[[-0.378499,-0.854598,0.355529],[-0.731015,0.511608,0.451525],[0.567764,0.0889953,0.818367]],[[-0.336588,-0.845959,0.413596],[-0.940174,0.277304,-0.19793],[-0.052749,0.455473,0.888686]],[[-0.336588,-0.845959,0.413596],[-0.325867,-0.307443,-0.89403],[-0.88347,0.435697,0.172189]],[[-0.336588,-0.845959,0.413596],[0.325437,-0.516663,-0.791928],[-0.883629,0.131954,-0.449209]]],"btipPosition":[32.1985,290.782,6.90638],"carpPosition":[30.7451,322.835,81.3878],"dipPosition":[16.9717,293.056,-0.834485],"direction":[0.88347,-0.435697,-0.172189],"extended":false,"handId":525,"id":5254,"length":50.4973,"mcpPosition":[-2.16802,317.676,33.9473],"pipPosition":[-0.30336,301.575,2.53242],"stabilizedTipPosition":[17.267,287.344,111.601],"timeVisible":0.407034,"tipPosition":[29.3133,291.335,5.49927],"tipVelocity":[43.0977,-16.7847,-146.781],"tool":false,"touchDistance":-0.402879,"touchZone":"touching","type":4,"width":16.0532}],"r":[[0.998209,-0.055499,-0.0223284],[0.0549283,0.998167,-0.0254089],[0.0236976,0