{"sensorType":"Leap","data":[[0,{"currentFrameRate":94.3362,"devices":[],"gestures":[],"hands":[{"armBasis":[[0.968291,-0.100851,-0.228564],[0.077644,0.991074,-0.108365],[0.237453,0.0871822,0.967479]],"armWidth":63.703,"confidence":0.544318,"direction":[0.00996384,0.307839,-0.951386],"elbow":[108.13,337.824,350.404],"grabStrength":0.207578,"id":523,"palmNormal":[-0.0806192,-0.948089,-0.307616],"palmPosition":[36.629,327.423,36.6814],"palmVelocity":[-3.04938,71.6321,-286.186],"palmWidth":90.9658,"pinchStrength":0.419462,"r":[[0.999172,-0.00109191,0.0406775],[0.000617202,0.999932,0.0116807],[-0.0406875,-0.0116459,0.999104]],"s":1.01134,"sphereCenter":[33.6543,295.044,7.49069],"sphereRadius":44.3617,"stabilizedPalmPosition":[25.0047,301.619,111.364],"t":[15.5863,30.1433,-85.2189],"timeVisible":0.208145,"type":"right","wrist":[44.0348,314.291,89.254]}],"id":4172013,"interactionBox":{"center":[0,200,0],"size":[235.247,235.247,147.751]},"pointables":[{"bases":[[[0.47512,0.875969,0.0833086],[-0.769969,0.368054,0.521233],[0.425922,-0.311793,0.849338]],[[0.270958,0.928163,-0.255136],[-0.923583,0.325369,0.202806],[0.271251,0.180687,0.945397]],[[0.270958,0.928163,-0.255136],[-0.961072,0.275741,-0.0175513],[0.0540608,0.24996,0.966746]],[[0.270958,0.928163,-0.255136],[-0.88423,0.135249,-0.447041],[-0.38042,0.346728,0.857357]]],"btipPosition":[8.24544,279.624,-10.5668],"carpPosition":[14.7239,305.274,89.6255],"dipPosition":[-0.655378,287.737,9.49311],"direction":[-0.0540608,-0.24996,-0.966746],"extended":false,"handId":523,"id":5230,"length":52.1025,"mcpPosition":[14.7239,305.274,89.6255],"pipPosition":[1.18737,296.257,42.4461],"stabilizedTipPosition":[-11.7858,262.032,58.9722],"timeVisible":0.208145,"tipPosition":[5.54875,282.141,-6.28203],"tipVelocity":[13.5201,91.5772,-319.344],"tool":false,"touchDistance":-0.151056,"touchZone":"hovering","type":0,"width":20.2446},{"bases":[[[0.984219,-0.0269459,-0.174892],[0.05636,0.984603,0.16547],[0.167741,-0.172716,0.970583]],[[0.99542,-0.0425966,-0.0855814],[0.0487884,0.996239,0.0716116],[0.0822091,-0.075459,0.993754]],[[0.99542,-0.0425966,-0.0855814],[0.00105684,0.900087,-0.435709],[0.0955904,0.433623,0.89601]],[[0.99542,-0.0425966,-0.0855814],[-0.0368672,0.654929,-0.754791],[0.0882012,0.754489,0.650359]]],"btipPosition":[4.75833,319.036,-61.4918],"carpPosition":[24.443,326.458,85.3373],"dipPosition":[6.2649,331.924,-50.3829],"direction":[-0.0955904,-0.433623,-0.89601],"extended":true,"handId":523,"id":5231,"length":58.7918,"mcpPosition":[12.1057,339.161,13.9509],"pipPosition":[8.57474,342.402,-28.7318],"stabilizedTipPosition":[-8.15213,286.893,16.2841],"timeVisible":0.208145,"tipPosition":[5.24246,320.906,-57.9242],"tipVelocity":[2.36948,149.628,-310.251],"tool":false,"touchDistance":-0.381679,"touchZone":"hovering","type":1,"width":19.3376},{"bases":[[[0.973707,-0.217486,-0.0677841],[0.225612,0.961842,0.154789],[0.0315331,-0.166012,0.985619]],[[0.973288,-0.215593,-0.0789354],[-0.00370653,0.329012,-0.944319],[0.229559,0.919386,0.319424]],[[0.973288,-0.215593,-0.0789354],[-0.227398,-0.857841,-0.460868],[0.0316459,0.466506,-0.883952]],[[0.973288,-0.215593,-0.0789354],[-0.203746,-0.96955,0.135873],[-0.105825,-0.11616,-0.987577]]],"btipPosition":[24.2527,284.103,42.4622],"carpPosition":[36.4256,327.907,82.9175],"dipPosition":[22.2646,281.921,23.9086],"direction":[-0.0316459,-0.466506,0.883952],"extended":false,"handId":523,"id":5232,"length":66.9886,"mcpPosition":[34.2262,339.486,14.1712],"pipPosition":[23.1643,295.183,-1.22109],"stabilizedTipPosition":[11.1641,260.127,115.953],"timeVisible":0.208145,"tipPosition":[23.8863,283.952,38.0775],"tipVelocity":[14.1249,61.0997,-317.616],"tool":false,"touchDistance":0.333333,"touchZone":"none","type":2,"width":18.9921},{"bases":[[[0.947938,-0.31143,0.0665222],[0.295492,0.938063,0.180891],[-0.118737,-0.151817,0.981251]],[[0.948624,-0.310526,0.0607097],[0.148009,0.26592,-0.952565],[0.279652,0.912612,0.298219]],[[0.948624,-0.310526,0.0607097],[-0.250729,-0.854787,-0.454394],[0.192995,0.415828,-0.88873]],[[0.948624,-0.310526,0.0607097],[-0.315776,-0.941237,0.119829],[0.0199323,-0.132843,-0.990937]]],"btipPosition":[37.73,285.959,49.7729],"carpPosition":[48.503,326.251,81.4201],"dipPosition":[38.1024,283.478,31.2632],"direction":[-0.192995,-0.415828,0.88873],"extended":false,"handId":523,"id":5233,"length":64.4113,"mcpPosition":[55.9387,335.758,19.9709],"pipPosition":[43.4473,294.994,6.65013],"stabilizedTipPosition":[26.0663,262.735,120.604],"timeVisible":0.208145,"tipPosition":[37.9203,285.733,45.5151],"tipVelocity":[9.95879,49.5067,-329.443],"tool":false,"touchDistance":0.333333,"touchZone":"none","type":3,"width":18.0722},{"bases":[[[0.865882,-0.477594,0.148835],[0.427675,0.861082,0.275012],[-0.259503,-0.174475,0.949851]],[[0.814699,-0.49899,0.295424],[0.428563,0.174915,-0.886419],[0.39064,0.848772,0.356352]],[[0.814699,-0.49899,0.295424],[-0.303498,-0.801017,-0.516004],[0.49412,0.330727,-0.80403]],[[0.814699,-0.49899,0.295424],[-0.530311,-0.84722,0.031445],[0.234598,-0.182285,-0.954849]]],"btipPosition":[47.2483,294.283,45.6803],"carpPosition":[59.7185,317.499,81.164],"dipPosition":[51.2909,291.142,29.2261],"direction":[-0.49412,-0.330727,0.80403],"extended":false,"handId":523,"id":5234,"length":50.4973,"mcpPosition":[74.7618,327.613,26.1014],"pipPosition":[60.9528,297.609,13.5044],"stabilizedTipPosition":[35.2809,267.875,118.485],"timeVisible":0.208145,"tipPosition":[48.0471,293.473,41.9761],"tipVelocity":[12.2634,69.4624,-314.479],"tool":false,"touchDistance":0.333333,"touchZone":"none","type":4,"width":16.0532}],"r":[[0.999172,-0.00109191,0.0406775],[0.000617202,0.999932,0.0116807],[-0.0406875,-0.0116459,0.999104]],"s":1.01134,"t":[15.5863,30.1433,-85.2189],"timestamp":522358018467},false],[1,{"currentFrameRate":95.1902,"devices":[],"gestures":[],"hands":[{"armBasis":[[0.968932,-0.0930918,-0.229141],[0.0716777,0.992394,-0.100082],[0.236715,0.0805488,0.968235]],"armWidth":63.703,"confidence":0.570213,"direction":[0.00919301,0.304752,-0.952387],"elbow":[107.623,337.096,348.212],"grabStrength":0.195656,"id":523,"palmNormal":[-0.0741546,-0.949597,-0.304575],"palmPosition":[36.3041,328.264,34.2334],"palmVelocity":[-12.185,78.2008,-284.467],"palmWidth":90.9658,"pinchStrength":0.427739,"r":[[0.999123,0.00382699,0.0416951],[-0.00462317,0.999808,0.0190155],[-0.0416143,-0.0191916,0.998949]],"s":1.01209,"sphereCenter":[33.7027,295.629,5.11299],"sphereRadius":44.4337,"stabilizedPalmPosition":[25.021,301.657,111.252],"t":[15.3702,30.88,-87.9444],"timeVisible":0.216895,"type":"right","wrist":[43.7275,315.353,86.8583]}],"id":4172014,"interactionBox":{"center":[0,200,0],"size":[235.247,235.247,147.751]},"pointables":[{"bases":[[[0.469392,0.879267,0.0809976],[-0.772969,0.36483,0.519055],[0.426838,-0.306249,0.850894]],[[0.265246,0.929025,-0.257987],[-0.92525,0.320521,0.202928],[0.271215,0.184876,0.944597]],[[0.265246,0.929025,-0.257987],[-0.962706,0.269979,-0.0175857],[0.0533134,0.25303,0.965988]],[[0.265246,0.929025,-0.257987],[-0.882456,0.126105,-0.453177],[-0.388479,0.347865,0.853272]]],"btipPosition":[8.21191,280.16,-12.8077],"carpPosition":[14.4746,306.15,87.2233],"dipPosition":[-0.877479,288.299,7.15664],"direction":[-0.0533134,-0.25303,-0.965988],"extended":false,"handId":523,"id":5230,"length":52.1025,"mcpPosition":[14.4746,306.15,87.2233],"pipPosition":[0.93979,296.924,40.0838],"stabilizedTipPosition":[-11.7858,262.032,58.9722],"timeVisible":0.216895,"tipPosition":[5.53939,282.634,-8.55503],"tipVelocity":[7.53938,83.6324,-303.064],"tool":false,"touchDistance":-0.188771,"touchZone":"hovering","type":0,"width":20.2446},{"bases":[[[0.984591,-0.021213,-0.17358],[0.0498415,0.985485,0.162279],[0.167618,-0.16843,0.971358]],[[0.995752,-0.0364357,-0.0845638],[0.0420749,0.996939,0.0658914],[0.0819042,-0.0691695,0.994237]],[[0.995752,-0.0364357,-0.0845638],[-0.00394339,0.900664,-0.434499],[0.0919948,0.432987,0.896694]],[[0.995752,-0.0364357,-0.0845638],[-0.0395505,0.660106,-0.750131],[0.0831525,0.750289,0.65586]]],"btipPosition":[4.57371,319.462,-64.1402],"carpPosition":[24.0632,327.381,82.877],"dipPosition":[5.99405,332.278,-52.9374],"direction":[-0.0919948,-0.432987,-0.896694],"extended":true,"handId":523,"id":5231,"length":58.7918,"mcpPosition":[11.7349,339.769,11.4337],"pipPosition":[8.217,342.74,-31.2697],"stabilizedTipPosition":[-7.96276,287.409,15.1546],"timeVisible":0.216895,"tipPosition":[5.04896,321.355,-60.5432],"tipVelocity":[-4.52969,122.048,-307.558],"tool":false,"touchDistance":-0.411247,"touchZone":"hovering","type":1,"width":19.3376},{"bases":[[[0.975165,-0.211462,-0.0658543],[0.219249,0.963775,0.151883],[0.0313511,-0.16255,0.986202]],[[0.974766,-0.209681,-0.076579],[-0.00326969,0.329606,-0.944113],[0.223203,0.92054,0.320603]],[[0.974766,-0.209681,-0.076579],[-0.220913,-0.856847,-0.465844],[0.0320622,0.471007,-0.881547]],[[0.974766,-0.209681,-0.076579],[-0.198739,-0.971388,0.130029],[-0.101653,-0.111528,-0.988549]]],"btipPosition":[24.0951,284.584,39.8645],"carpPosition":[36.0392,328.899,80.4674],"dipPosition":[22.1854,282.488,21.2926],"direction":[-0.0320622,-0.471007,0.881547],"extended":false,"handId":523,"id":5232,"length":66.9886,"mcpPosition":[33.8525,340.237,11.6804],"pipPosition":[23.0969,295.879,-3.76872],"stabilizedTipPosition":[11.1749,260.147,115.884],"timeVisible":0.216895,"tipPosition":[23.7717,284.522,35.5821],"tipVelocity":[6.06164,60.0562,-312.187],"tool":false,"touchDistance":0.333333,"touchZone":"none","type":2,"width":18.9921},{"bases":[[[0.949829,-0.305125,0.0687303],[0.289247,0.940531,0.178151],[-0.119001,-0.149333,0.9816]],[[0.950513,-0.304241,0.0629522],[0.147263,0.262774,-0.953553],[0.273568,0.915635,0.294573]],[[0.950513,-0.304241,0.0629522],[-0.244766,-0.858099,-0.451393],[0.191352,0.413647,-0.890102]],[[0.950513,-0.304241,0.0629522],[-0.3099,-0.942842,0.12252],[0.0220784,-0.135966,-0.990468]]],"btipPosition":[37.6497,286.852,47.5134],"carpPosition":[48.1289,327.316,78.9904],"dipPosition":[38.0621,284.313,29.0125],"direction":[-0.191352,-0.413647,0.890102],"extended":false,"handId":523,"id":5233,"length":64.4113,"mcpPosition":[55.5811,336.668,17.5193],"pipPosition":[43.3615,295.768,4.36144],"stabilizedTipPosition":[26.0779,262.758,120.527],"timeVisible":0.216895,"tipPosition":[37.8456,286.603,43.2374],"tipVelocity":[5.10883,63.1914,-310.288],"tool":false,"touchDistance":0.333333,"touchZone":"none","type":3,"width":18.0722},{"bases":[[[0.868736,-0.471539,0.151491],[0.421802,0.86471,0.27269],[-0.25958,-0.172996,0.9501]],[[0.818186,-0.492608,0.296493],[0.428456,0.178513,-0.885753],[0.383401,0.851746,0.357118]],[[0.818186,-0.492608,0.296493],[-0.296201,-0.803124,-0.516968],[0.492784,0.335155,-0.803017]],[[0.818186,-0.492608,0.296493],[-0.523128,-0.85178,0.028408],[0.238553,-0.178347,-0.954612]]],"btipPosition":[47.1486,295.075,43.2281],"carpPosition":[59.4005,318.635,78.7773],"dipPosition":[51.2594,292.001,26.778],"direction":[-0.492784,-0.335155,0.803017],"extended":false,"handId":523,"id":5234,"length":50.4973,"mcpPosition":[74.4483,328.664,23.7002],"pipPosition":[60.8951,298.555,11.0761],"stabilizedTipPosition":[35.2978,267.91,118.381],"timeVisible":0.216895,"tipPosition":[47.961,294.333,39.5671],"tipVelocity":[6.40243,75.558,-305.274],"tool":false,"touchDistance":0.333333,"touchZone":"none","type":4,"width":16.0532}],"r":[[0.999123,0.00382699,0.0416951],[-0.00462317,0.999808,0.0190155],[-0.0416143,-0.0191916,0.998949]],"s":1.01209,"t":[15.3702,30.88,-87.9444],"timestamp":522358027217},false],[2,{"currentFrameRate":95.7246,"devices":[],"gestures":[],"hands":[{"armBasis":[[0.967206,-0.0903177,-0.237393],[0.0691631,0.992976,-0.095994],[0.244396,0.0764271,0.966659]],"armWidth":63.703,"confidence":0.591513,"direction":[0.0100173,0.30315,-0.95289],"elbow":[109.483,336.715,345.657],"grabStrength":0.182085,"id":523,"palmNormal":[-0.0709378,-0.950322,-0.303079],"palmPosition":[36.1469,328.884,32.0684],"palmVelocity":[-13.4959,74.8282,-269.412],"palmWidth":90.9658,"pinchStrength":0.436079,"r":[[0.999045,0.00833413,0.0428892],[-0.00939248,0.999655,0.0245343],[-0.0426699,-0.0249137,0.998779]],"s":1.01292,"sphereCenter":[33.7774,296.074,2.97216],"sphereRadius":44.5102,"stabilizedPalmPosition":[25.0348,301.691,111.154],"t":[15.1835,31.5586,-90.3896],"timeVisible":0.226251,"type":"right","wrist":[43.5136,316.085,84.7283]}],"id":4172015,"interactionBox":{"center":[0,200,0],"size":[235.247,235.247,147.751]},"pointables":[{"bases":[[[0.466767,0.880726,0.0803193],[-0.774911,0.363532,0.517066],[0.426194,-0.303589,0.852169]],[[0.262987,0.929317,-0.259243],[-0.925954,0.318594,0.20275],[0.271012,0.186727,0.944291]],[[0.262987,0.929317,-0.259243],[-0.963362,0.267602,-0.0179899],[0.0526558,0.254476,0.965644]],[[0.262987,0.929317,-0.259243],[-0.879967,0.120866,-0.4594],[-0.395595,0.348942,0.849555]]],"btipPosition":[8.2225,280.643,-14.8596],"carpPosition":[14.2862,306.8,85.0574],"dipPosition":[-1.03337,288.807,5.0178],"direction":[-0.0526558,-0.254476,-0.965644],"extended":false,"handId":523,"id":5230,"length":52.1025,"mcpPosition":[14.2862,306.8,85.0574],"pipPosition":[0.761479,297.481,37.9333],"stabilizedTipPosition":[-11.7552,262.067,58.8537],"timeVisible":0.226251,"tipPosition":[5.56781,283.083,-10.6354],"tipVelocity":[4.56013,74.7137,-279.907],"tool":false,"touchDistance":-0.223302,"touchZone":"hovering","type":0,"width":20.2446},{"bases":[[[0.984953,-0.0187298,-0.171807],[0.0467752,0.985898,0.160679],[0.166375,-0.166297,0.971939]],[[0.995963,-0.0336921,-0.0832059],[0.0388816,0.997346,0.0615571],[0.080911,-0.0645437,0.994629]],[[0.995963,-0.0336921,-0.0832059],[-0.00549813,0.902259,-0.431159],[0.0895999,0.429876,0.898431]],[[0.995963,-0.0336921,-0.0832059],[-0.0395134,0.667733,-0.743352],[0.0806044,0.743638,0.663706]]],"btipPosition":[4.56853,319.964,-66.561],"carpPosition":[23.8225,328.05,80.6918],"dipPosition":[5.94534,332.666,-55.2242],"direction":[-0.0895999,-0.429876,-0.898431],"extended":true,"handId":523,"id":5231,"length":58.7918,"mcpPosition":[11.5856,340.282,9.20569],"pipPosition":[8.11043,343.054,-33.5146],"stabilizedTipPosition":[-7.8074,287.838,14.198],"timeVisible":0.226251,"tipPosition":[5.04145,321.869,-62.9278],"tipVelocity":[-3.70519,101.856,-292.775],"tool":false,"touchDistance":-0.434306,"touchZone":"hovering","type":1,"width":19.3376},{"bases":[[[0.975873,-0.20882,-0.0637726],[0.216261,0.964648,0.150619],[0.0300658,-0.160777,0.986533]],[[0.975511,-0.207152,-0.0739347],[-0.00107514,0.331647,-0.943403],[0.219948,0.920379,0.323302]],[[0.975511,-0.207152,-0.0739347],[-0.217206,-0.854339,-0.472151],[0.034642,0.476648,-0.878412]],[[0.975511,-0.207152,-0.0739347],[-0.197245,-0.972646,0.122694],[-0.0973287,-0.105106,-0.989687]]],"btipPosition":[23.9463,284.885,37.4768],"carpPosition":[35.7985,329.598,78.3006],"dipPosition":[22.1178,282.911,18.8836],"direction":[-0.034642,-0.476648,0.878412],"extended":false,"handId":523,"id":5232,"length":66.9886,"mcpPosition":[33.7014,340.812,9.49055],"pipPosition":[23.1026,296.461,-6.08859],"stabilizedTipPosition":[11.1832,260.164,115.828],"timeVisible":0.226251,"tipPosition":[23.6646,284.908,33.2867],"tipVelocity":[0.394725,53.0058,-296.166],"tool":false,"touchDistance":0.333333,"touchZone":"none","type":2,"width":18.9921},{"bases":[[[0.950562,-0.302325,0.0709272],[0.286278,0.941646,0.17705],[-0.120315,-0.147992,0.981643]],[[0.951274,-0.301422,0.0649763],[0.147358,0.259298,-0.95449],[0.270856,0.917556,0.291081]],[[0.951274,-0.301422,0.0649763],[-0.241855,-0.860102,-0.449145],[0.191269,0.411545,-0.891093]],[[0.951274,-0.301422,0.0649763],[-0.307406,-0.943523,0.123553],[0.024065,-0.137507,-0.990208]]],"btipPosition":[37.5845,287.5,45.5467],"carpPosition":[47.8951,328.046,76.8477],"dipPosition":[38.034,284.931,27.0505],"direction":[-0.191269,-0.411545,0.891093],"extended":false,"handId":523,"id":5233,"length":64.4113,"mcpPosition":[55.4296,337.314,15.3739],"pipPosition":[43.3311,296.329,2.37205],"stabilizedTipPosition":[26.0874,262.778,120.463],"timeVisible":0.226251,"tipPosition":[37.7841,287.227,41.2253],"tipVelocity":[1.94179,64.6958,-281.86],"tool":false,"touchDistance":0.333333,"touchZone":"none","type":3,"width":18.0722},{"bases":[[[0.869793,-0.468825,0.15383],[0.418879,0.866362,0.271952],[-0.26077,-0.172106,0.949936]],[[0.819504,-0.489675,0.297711],[0.428528,0.178696,-0.885682],[0.380496,0.853397,0.356281]],[[0.819504,-0.489675,0.297711],[-0.293364,-0.804732,-0.516086],[0.492292,0.335597,-0.803133]],[[0.819504,-0.489675,0.297711],[-0.520209,-0.85358,0.0280016],[0.240408,-0.177819,-0.954245]]],"btipPosition":[47.089,295.709,41.1552],"carpPosition":[59.1915,319.397,76.6693],"dipPosition":[51.2318,292.644,24.7114],"direction":[-0.492292,-0.335597,0.803133],"extended":false,"handId":523,"id":5234,"length":50.4973,"mcpPosition":[74.3083,329.374,21.6017],"pipPosition":[60.8579,299.206,9.00726],"stabilizedTipPosition":[35.3119,267.94,118.291],"timeVisible":0.226251,"tipPosition":[47.9054,294.98,37.486],"tipVelocity":[3.00072,73.4105,-281.477],"tool":false,"touchDistance":0.333333,"touchZone":"none","type":4,"width":16.0532}],"r":[[0.999045,0.00833413,0.0428892],[-0.00939248,0.999655,0.0245343],[-0.0426699,-0.0249137,0.998779]],"s":1.01292,"t":[15.1835,31.5586,-90.3896],"timestamp":522358036573},false],[3,{"currentFrameRate":96.5568,"devices":[],"gestures":[],"hands":[{"armBasis":[[0.967893,-0.080566,-0.238103],[0.0612198,0.994275,-0.0875694],[0.243795,0.0701812,0.967284]],"armWidth":63.703,"confidence":0.612873,"direction":[0.0090414,0.30782,-0.951402],"elbow":[109.349,335.173,344.366],"grabStrength":0.167786,"id":523,"palmNormal":[-0.0626536,-0.949397,-0.307766],"palmPosition":[36.1538,329.222,30.6593],"palmVelocity":[-9.69449,65.2863,-240.981],"palmWidth":90.9658,"pinchStrength":0.438871,"r":[[0.998931,0.0135313,0.0441974],[-0.0148613,0.999442,0.0299037],[-0.0437681,-0.0305285,0.998575]],"s":1.01401,"sphereCenter":[34.3576,296.37,1.36124],"sphereRadius":44.6497,"stabilizedPalmPosition":[25.0348,301.691,111.154],"t":[15.0936,32.0667,-92.3168],"timeVisible":0.234921,"type":"right","wrist":[43.5417,316.229,83.2689]}],"id":4172016,"interactionBox":{"center":[0,200,0],"size":[235.247,235.247,147.751]},"pointables":[{"bases":[[[0.459394,0.884126,0.0853186],[-0.778689,0.354665,0.517549],[0.427319,-0.304195,0.851389]],[[0.255453,0.932648,-0.254775],[-0.927279,0.310938,0.208495],[0.273672,0.182987,0.944256]],[[0.255453,0.932648,-0.254775],[-0.965352,0.260572,-0.014053],[0.0532808,0.249538,0.966898]],[[0.255453,0.932648,-0.254775],[-0.875785,0.111588,-0.469627],[-0.409567,0.343096,0.845305]]],"btipPosition":[8.50016,281.038,-16.3528],"carpPosition":[14.391,306.704,83.5057],"dipPosition":[-1.08262,289.066,3.42514],"direction":[-0.0532808,-0.249538,-0.966898],"extended":false,"handId":523,"id":5230,"length":52.1025,"mcpPosition":[14.391,306.704,83.5057],"pipPosition":[0.733543,297.572,36.3833],"stabilizedTipPosition":[-11.7155,262.113,58.6985],"timeVisible":0.234921,"tipPosition":[5.90108,283.384,-12.1747],"tipVelocity":[9.55896,66.0042,-251.967],"tool":false,"touchDistance":-0.24857,"touchZone":"hovering","type":0,"width":20.2446},{"bases":[[[0.985345,-0.00982217,-0.170292],[0.0384259,0.985461,0.1655],[0.166191,-0.169618,0.971396]],[[0.996307,-0.025056,-0.0821288],[0.0303376,0.997508,0.063705],[0.0803279,-0.0659614,0.994584]],[[0.996307,-0.025056,-0.0821288],[-0.0119446,0.906736,-0.421529],[0.0850309,0.420953,0.903088]],[[0.996307,-0.025056,-0.0821288],[-0.0431933,0.680408,-0.731559],[0.074211,0.732405,0.676813]]],"btipPosition":[4.76369,320.679,-68.2894],"carpPosition":[23.7595,328.052,79.258],"dipPosition":[6.03129,333.189,-56.7287],"direction":[-0.0850309,-0.420953,-0.903088],"extended":true,"handId":523,"id":5231,"length":58.7918,"mcpPosition":[11.5361,340.528,7.81181],"pipPosition":[8.08598,343.361,-34.9065],"stabilizedTipPosition":[-7.69109,288.161,13.4762],"timeVisible":0.234921,"tipPosition":[5.22217,322.564,-64.6021],"tipVelocity":[2.49721,95.3315,-266.343],"tool":false,"touchDistance":-0.444361,"touchZone":"hovering","type":1,"width":19.3376},{"bases":[[[0.977654,-0.2005,-0.0631894],[0.208096,0.96565,0.155614],[0.0298183,-0.165286,0.985795]],[[0.977306,-0.198833,-0.0730693],[-0.00193508,0.336542,-0.941666],[0.211825,0.920437,0.32852]],[[0.977306,-0.198833,-0.0730693],[-0.209278,-0.852826,-0.478425],[0.0328111,0.482859,-0.875083]],[[0.977306,-0.198833,-0.0730693],[-0.189768,-0.975056,0.115123],[-0.0941369,-0.0986438,-0.99066]]],"btipPosition":[24.2747,285.011,35.7937],"carpPosition":[35.7261,329.71,76.8938],"dipPosition":[22.5062,283.158,17.1822],"direction":[-0.0328111,-0.482859,0.875083],"extended":false,"handId":523,"id":5232,"length":66.9886,"mcpPosition":[33.6463,341.238,8.13521],"pipPosition":[23.439,296.885,-7.69537],"stabilizedTipPosition":[11.1891,260.175,115.789],"timeVisible":0.234921,"tipPosition":[24.0071,285.069,31.6134],"tipVelocity":[10.7894,43.6106,-269.154],"tool":false,"touchDistance":0.333333,"touchZone":"none","type":2,"width":18.9921},{"bases":[[[0.952898,-0.294858,0.0710173],[0.278258,0.943097,0.182047],[-0.120654,-0.153712,0.980722]],[[0.953639,-0.293885,0.0648412],[0.145867,0.262903,-0.953732],[0.263241,0.918974,0.293582]],[[0.953639,-0.293885,0.0648412],[-0.234332,-0.860288,-0.452762],[0.188842,0.416577,-0.889271]],[[0.953639,-0.293885,0.0648412],[-0.299767,-0.94668,0.118053],[0.0266897,-0.132018,-0.990888]]],"btipPosition":[37.9064,287.771,44.0602],"carpPosition":[47.8374,328.264,75.4531],"dipPosition":[38.4049,285.305,25.5514],"direction":[-0.188842,-0.416577,0.889271],"extended":false,"handId":523,"id":5233,"length":64.4113,"mcpPosition":[55.3932,337.89,14.037],"pipPosition":[43.6348,296.841,0.923398],"stabilizedTipPosition":[26.0944,262.793,120.415],"timeVisible":0.234921,"tipPosition":[38.1119,287.513,39.6958],"tipVelocity":[11.6468,56.5205,-252.58],"tool":false,"touchDistance":0.333333,"touchZone":"none","type":3,"width":18.0722},{"bases":[[[0.873366,-0.462414,0.152986],[0.411321,0.868445,0.276802],[-0.260856,-0.178823,0.948671]],[[0.823632,-0.484204,0.295257],[0.427438,0.187837,-0.884316],[0.372729,0.854555,0.361676]],[[0.823632,-0.484204,0.295257],[-0.285998,-0.804196,-0.521031],[0.48973,0.344695,-0.800843]],[[0.823632,-0.484204,0.295257],[-0.51242,-0.858463,0.0215874],[0.243014,-0.169076,-0.955174]]],"btipPosition":[47.3869,296.04,39.5912],"carpPosition":[59.2047,319.709,75.2514],"dipPosition":[51.5746,293.127,23.1314],"direction":[-0.48973,-0.344695,0.800843],"extended":false,"handId":523,"id":5234,"length":50.4973,"mcpPosition":[74.3265,330.075,20.2572],"pipPosition":[61.1506,299.867,7.47206],"stabilizedTipPosition":[35.3227,267.963,118.223],"timeVisible":0.234921,"tipPosition":[48.2061,295.363,35.9194],"tipVelocity":[11.6593,65.1239,-254.701],"tool":false,"touchDistance":0.333333,"touchZone":"none","type":4,"width":16.0532}],"r":[[0.998931,0.0135313,0.0441974],[-0.0148613,0.999442,0.0299037],[-0.0437681,-0.0305285,0.998575]],"s":1.01401,"t":[15.0936,32.0667,-92.3168],"timestamp":522358045243},false],[4,{"currentFrameRate":97.1243,"devices":[],"gestures":[],"hands":[{"armBasis":[[0.968397,-0.0647709,-0.240856],[0.0471998,0.995833,-0.0780256],[0.244906,0.0641915,0.96742]],"armWidth":63.703,"confidence":0.630817,"direction":[0.00552359,0.3101,-0.950688],"elbow":[109.844,334.282,342.619],"grabStrength":0.151413,"id":523,"palmNormal":[-0.0488097,-0.949486,-0.309991],"palmPosition":[36.2132,329.962,28.898],"palmVelocity":[-5.18592,69.622,-227.449],"palmWidth":90.9658,"pinchStrength":0.440151,"r":[[0.998755,0.020514,0.0454631],[-0.0220993,0.999155,0.0346459],[-0.044714,-0.0356075,0.998365]],"s":1.01536,"sphereCenter":[35.1979,296.985,-0.521019],"sphereRadius":44.8042,"stabilizedPalmPosition":[25.0348,301.691,111.154],"t":[15.0784,32.6908,-94.161],"timeVisible":0.244075,"type":"right","wrist":[43.7373,316.955,81.4849]}],"id":4172017,"interactionBox":{"center":[0,200,0],"size":[235.247,235.247,147.751]},"pointables":[{"bases":[[[0.446646,0.890395,0.0877742],[-0.78415,0.342325,0.517613],[0.430832,-0.300018,0.851101]],[[0.242105,0.936751,-0.25275],[-0.929993,0.298307,0.214768],[0.276581,0.183059,0.943394]],[[0.242105,0.936751,-0.25275],[-0.968798,0.247642,-0.010179],[0.0530562,0.247328,0.967478]],[[0.242105,0.936751,-0.25275],[-0.871796,0.0956898,-0.480432],[-0.42586,0.336661,0.839823]]],"btipPosition":[9.07825,281.571,-18.0348],"carpPosition":[14.7253,307.014,81.6722],"dipPosition":[-0.88575,289.448,1.6148],"direction":[-0.0530562,-0.247328,-0.967478],"extended":false,"handId":523,"id":5230,"length":52.1025,"mcpPosition":[14.7253,307.014,81.6722],"pipPosition":[0.922749,297.879,34.5928],"stabilizedTipPosition":[-11.6814,262.152,58.5651],"timeVisible":0.244075,"tipPosition":[6.51969,283.813,-13.9113],"tipVelocity":[21.8193,62.78,-233.863],"tool":false,"touchDistance":-0.277097,"touchZone":"hovering","type":0,"width":20.2446},{"bases":[[[0.985541,0.00463437,-0.169373],[0.0242008,0.985527,0.167784],[0.167699,-0.169457,0.971165]],[[0.996614,-0.0105908,-0.0815415],[0.0157645,0.997885,0.0630691],[0.080701,-0.064141,0.994672]],[[0.996614,-0.0105908,-0.0815415],[-0.0241371,0.910302,-0.41324],[0.0786039,0.413808,0.906964]],[[0.996614,-0.0105908,-0.0815415],[-0.0515452,0.692167,-0.719894],[0.0640645,0.72166,0.689277]]],"btipPosition":[4.99789,321.397,-70.3586],"carpPosition":[23.792,328.504,77.4821],"dipPosition":[6.09218,333.723,-58.5851],"direction":[-0.0786039,-0.413808,-0.906964],"extended":true,"handId":523,"id":5231,"length":58.7918,"mcpPosition":[11.4577,340.968,6.05291],"pipPosition":[7.99156,343.723,-36.6692],"stabilizedTipPosition":[-7.59215,288.436,12.8559],"timeVisible":0.244075,"tipPosition":[5.43036,323.263,-66.6153],"tipVelocity":[7.71534,89.3396,-253.63],"tool":false,"touchDistance":-0.458563,"touchZone":"hovering","type":1,"width":19.3376},{"bases":[[[0.980474,-0.186379,-0.062713],[0.194146,0.968162,0.158015],[0.0312656,-0.167106,0.985443]],[[0.980117,-0.184718,-0.0724536],[-0.0058525,0.338082,-0.941098],[0.198333,0.922811,0.330279]],[[0.980117,-0.184718,-0.0724536],[-0.196586,-0.854485,-0.480843],[0.0269099,0.485526,-0.873808]],[[0.980117,-0.184718,-0.0724536],[-0.176054,-0.978009,0.111822],[-0.0915158,-0.0968434,-0.991083]]],"btipPosition":[24.9523,285.542,33.9445],"carpPosition":[35.736,330.338,75.1331],"dipPosition":[23.233,283.722,15.325],"direction":[-0.0269099,-0.485526,0.873808],"extended":false,"handId":523,"id":5232,"length":66.9886,"mcpPosition":[33.5552,341.993,6.39905],"pipPosition":[23.998,297.525,-9.51629],"stabilizedTipPosition":[11.1942,260.185,115.756],"timeVisible":0.244075,"tipPosition":[24.6884,285.606,29.7514],"tipVelocity":[28.7478,47.8493,-250.507],"tool":false,"touchDistance":0.333333,"touchZone":"none","type":2,"width":18.9921},{"bases":[[[0.956945,-0.281389,0.0712544],[0.264598,0.946552,0.184464],[-0.119352,-0.157668,0.980253]],[[0.957692,-0.280369,0.0649502],[0.142363,0.265382,-0.953575],[0.250117,0.922478,0.294069]],[[0.957692,-0.280369,0.0649502],[-0.22178,-0.862802,-0.454297],[0.18341,0.420672,-0.888479]],[[0.957692,-0.280369,0.0649502],[-0.286278,-0.951204,0.115133],[0.0295013,-0.128855,-0.991224]]],"btipPosition":[38.5396,288.494,42.2998],"carpPosition":[47.868,329.068,73.7007],"dipPosition":[39.0906,286.087,23.7847],"direction":[-0.18341,-0.420672,0.888479],"extended":false,"handId":523,"id":5233,"length":64.4113,"mcpPosition":[55.3422,338.942,12.314],"pipPosition":[44.1701,297.737,-0.821373],"stabilizedTipPosition":[26.1011,262.806,120.371],"timeVisible":0.244075,"tipPosition":[38.7512,288.243,37.9041],"tipVelocity":[28.0372,63.1906,-235.835],"tool":false,"touchDistance":0.333333,"touchZone":"none","type":3,"width":18.0722},{"bases":[[[0.879737,-0.45025,0.152764],[0.398626,0.87359,0.279175],[-0.259152,-0.184705,0.948011]],[[0.830873,-0.472873,0.293327],[0.424362,0.197471,-0.883698],[0.359953,0.858718,0.364743]],[[0.830873,-0.472873,0.293327],[-0.273944,-0.80642,-0.524062],[0.48436,0.355074,-0.799574]],[[0.830873,-0.472873,0.293327],[-0.499116,-0.866366,0.0171167],[0.246035,-0.160626,-0.955859]]],"btipPosition":[47.9445,296.853,37.7469],"carpPosition":[59.3565,320.677,73.4904],"dipPosition":[52.1842,294.085,21.2754],"direction":[-0.48436,-0.355074,0.799574],"extended":false,"handId":523,"id":5234,"length":50.4973,"mcpPosition":[74.3794,331.384,18.5344],"pipPosition":[61.6552,301.028,5.64083],"stabilizedTipPosition":[35.3329,267.984,118.16],"timeVisible":0.244075,"tipPosition":[48.7689,296.231,34.0748],"tipVelocity":[25.7414,72.743,-239.956],"tool":false,"touchDistance":0.333333,"touchZone":"none","type":4,"width":16.0532}],"r":[[0.998755,0.020514,0.0454631],[-0.0220993,0.999155,0.0346459],[-0.044714,-0.0356075,0.998365]],"s":1.01536,"t":[15.0784,32.6908,-94.161],"timestamp":522358054397},false],[5,{"currentFrameRate":97.7355,"devices":[],"gestures":[],"hands":[{"armBasis":[[0.968637,-0.053055,-0.242751],[0.0371594,0.996883,-0.0696008],[0.245687,0.0583974,0.967589]],"armWidth":63.703,"confidence":0.652711,"direction":[0.00478779,0.304732,-0.952426],"elbow":[110.047,334.077,340.649],"grabStrength":0.134971,"id":523,"palmNormal":[-0.038094,-0.95169,-0.304688],"palmPosition":[36.2083,330.943,26.7903],"palmVelocity":[-3.91092,80.3977,-229.239],"palmWidth":90.9658,"pinchStrength":0.441461,"r":[[0.998496,0.0282311,0.0469918],[-0.0299957,0.998855,0.0372792],[-0.0458856,-0.0386327,0.998199]],"s":1.01688,"sphereCenter":[35.7606,297.682,-2.46718],"sphereRadius":44.9098,"stabilizedPalmPosition":[25.0403,301.705,111.113],"t":[15.0683,33.4931,-96.137],"timeVisible":0.253084,"type":"right","wrist":[43.7294,318.314,79.4697]}],"id":4172018,"interactionBox":{"center":[0,200,0],"size":[235.247,235.247,147.751]},"pointables":[{"bases":[[[0.437107,0.895494,0.0838344],[-0.789033,0.337056,0.513634],[0.431699,-0.290661,0.853904]],[[0.232861,0.937757,-0.257657],[-0.932588,0.290454,0.214282],[0.275782,0.19039,0.942176]],[[0.232861,0.937757,-0.257657],[-0.971231,0.23783,-0.0121689],[0.0498671,0.253078,0.96616]],[[0.232861,0.937757,-0.257657],[-0.867578,0.0806035,-0.490725],[-0.439413,0.337809,0.832347]]],"btipPosition":[9.64087,282.04,-19.7871],"carpPosition":[14.8223,308.072,79.6392],"dipPosition":[-0.640228,289.944,-0.312408],"direction":[-0.0498671,-0.253078,-0.96616],"extended":false,"handId":523,"id":5230,"length":52.1025,"mcpPosition":[14.8223,308.072,79.6392],"pipPosition":[1.05957,298.57,32.6206],"stabilizedTipPosition":[-11.6531,262.184,58.4552],"timeVisible":0.253084,"tipPosition":[7.06129,284.246,-15.723],"tipVelocity":[30.7606,60.0213,-224.274],"tool":false,"touchDistance":-0.304608,"touchZone":"hovering","type":0,"width":20.2446},{"bases":[[[0.985881,0.0139604,-0.166866],[0.0134844,0.986663,0.162215],[0.166905,-0.162175,0.972544]],[[0.996852,-0.0005884,-0.0792858],[0.00492109,0.998504,0.0544621],[0.0791351,-0.0546808,0.995363]],[[0.996852,-0.0005884,-0.0792858],[-0.0322492,0.910512,-0.412222],[0.0724333,0.413481,0.907627]],[[0.996852,-0.0005884,-0.0792858],[-0.0563507,0.69821,-0.713672],[0.0557781,0.715893,0.695978]]],"btipPosition":[5.29758,321.688,-72.7525],"carpPosition":[23.6754,329.631,75.3498],"dipPosition":[6.25033,333.916,-60.8645],"direction":[-0.0724333,-0.413481,-0.907627],"extended":true,"handId":523,"id":5231,"length":58.7918,"mcpPosition":[11.3995,341.559,3.81917],"pipPosition":[8.00061,343.908,-38.9326],"stabilizedTipPosition":[-7.51639,288.645,12.377],"timeVisible":0.253084,"tipPosition":[5.70682,323.56,-68.9685],"tipVelocity":[13.7439,72.9883,-256.149],"tool":false,"touchDistance":-0.476553,"touchZone":"hovering","type":1,"width":19.3376},{"bases":[[[0.982525,-0.176486,-0.05913],[0.183626,0.971019,0.152982],[0.0304172,-0.161166,0.986458]],[[0.982182,-0.174905,-0.0687525],[-0.00691056,0.331975,-0.943263],[0.187806,0.926931,0.324851]],[[0.982182,-0.174905,-0.0687525],[-0.186353,-0.859077,-0.476717],[0.0243167,0.481035,-0.876364]],[[0.982182,-0.174905,-0.0687525],[-0.166262,-0.979236,0.115989],[-0.087612,-0.102491,-0.990868]]],"btipPosition":[25.3889,286.401,32.0918],"carpPosition":[35.6057,331.576,73.0211],"dipPosition":[23.7429,284.475,13.4764],"direction":[-0.0243167,-0.481035,0.876364],"extended":false,"handId":523,"id":5232,"length":66.9886,"mcpPosition":[33.4841,342.817,4.21618],"pipPosition":[24.4342,298.151,-11.4376],"stabilizedTipPosition":[11.1987,260.193,115.727],"timeVisible":0.253084,"tipPosition":[25.1357,286.441,27.883],"tipVelocity":[34.6792,60.166,-238.151],"tool":false,"touchDistance":0.333333,"touchZone":"none","type":2,"width":18.9921},{"bases":[[[0.959636,-0.270974,0.0753169],[0.25423,0.950296,0.179734],[-0.120277,-0.153332,0.980828]],[[0.960407,-0.269958,0.068857],[0.141421,0.259443,-0.955348],[0.240039,0.92726,0.287349]],[[0.960407,-0.269958,0.068857],[-0.211826,-0.8681,-0.448923],[0.180965,0.416563,-0.890913]],[[0.960407,-0.269958,0.068857],[-0.2766,-0.953497,0.119734],[0.0333317,-0.13404,-0.990415]]],"btipPosition":[38.9298,289.576,40.5427],"carpPosition":[47.754,330.425,71.627],"dipPosition":[39.5524,287.072,22.0427],"direction":[-0.180965,-0.416563,0.890913],"extended":false,"handId":523,"id":5233,"length":64.4113,"mcpPosition":[55.2861,340.027,10.2044],"pipPosition":[44.5641,298.609,-2.63084],"stabilizedTipPosition":[26.1078,262.819,120.328],"timeVisible":0.253084,"tipPosition":[39.1524,289.289,36.1146],"tipVelocity":[32.7372,78.1602,-224.52],"tool":false,"touchDistance":0.333333,"touchZone":"none","type":3,"width":18.0722},{"bases":[[[0.883979,-0.440166,0.157591],[0.388762,0.879276,0.275204],[-0.259702,-0.182009,0.948382]],[[0.835632,-0.462308,0.296632],[0.423101,0.197349,-0.88433],[0.350292,0.864479,0.360514]],[[0.835632,-0.462308,0.296632],[-0.264591,-0.812028,-0.520194],[0.481363,0.356204,-0.800879]],[[0.835632,-0.462308,0.296632],[-0.489346,-0.871867,0.019697],[0.249518,-0.161615,-0.954789]]],"btipPosition":[48.2898,297.965,35.8858],"carpPosition":[59.3299,322.153,71.4942],"dipPosition":[52.5896,295.18,19.4327],"direction":[-0.481363,-0.356204,0.800879],"extended":false,"handId":523,"id":5234,"length":50.4973,"mcpPosition":[74.3847,332.704,16.5167],"pipPosition":[62.0019,302.145,3.77261],"stabilizedTipPosition":[35.3431,268.005,118.097],"timeVisible":0.253084,"tipPosition":[49.1227,297.351,32.2033],"tipVelocity":[29.6234,86.5291,-230.656],"tool":false,"touchDistance":0.333333,"touchZone":"none","type":4,"width":16.0532}],"r":[[0.998496,0.0282311,0.0469918],[-0.0299957,0.998855,0.0372792],[-0.0458856,-0.0386327,0.998199]],"s":1.01688,"t":[15.0683,33.4931,-96.137],"timestamp":522358063406},false],[6,{"currentFrameRate":98.3279,"devices":[],"gestures":[],"hands":[{"armBasis":[[0.967789,-0.0525782,-0.246211],[0.0364619,0.996911,-0.0695677],[0.249108,0.0583495,0.966716]],"armWidth":63.703,"confidence":0.666567,"direction":[0.0061965,0.305576,-0.952147],"elbow":[111.019,334.864,338.826],"grabStrength":0.117263,"id":523,"palmNormal":[-0.0367894,-0.951451,-0.305592],"palmPosition":[36.3382,331.783,25.2006],"palmVelocity":[1.12772,83.9645,-214.847],"palmWidth":90.9658,"pinchStrength":0.441327,"r":[[0.998221,0.0345538,0.0485835],[-0.0364897,0.998551,0.0395415],[-0.0471468,-0.0412439,0.998036]],"s":1.01854,"sphereCenter":[36.0513,298.464,-4.10658],"sphereRadius":44.9947,"stabilizedPalmPosition":[25.0484,301.727,111.051],"t":[15.1282,34.3142,-97.9198],"timeVisible":0.262076,"type":"right","wrist":[43.778,319.114,77.8819]}],"id":4172019,"interactionBox":{"center":[0,200,0],"size":[235.247,235.247,147.751]},"pointables":[{"bases":[[[0.436232,0.895774,0.0853839],[-0.790199,0.335962,0.512557],[0.43045,-0.291064,0.854397]],[[0.232489,0.938165,-0.256507],[-0.932544,0.28993,0.215182],[0.276245,0.189177,0.942285]],[[0.232489,0.938165,-0.256507],[-0.971347,0.237349,-0.0122994],[0.0493429,0.252017,0.966464]],[[0.232489,0.938165,-0.256507],[-0.863642,0.0778452,-0.498059],[-0.447294,0.337324,0.828336]]],"btipPosition":[9.87672,282.924,-21.3562],"carpPosition":[14.879,308.848,77.9921],"dipPosition":[-0.588781,290.817,-1.97532],"direction":[-0.0493429,-0.252017,-0.966464],"extended":false,"handId":523,"id":5230,"length":52.1025,"mcpPosition":[14.879,308.848,77.9921],"pipPosition":[1.09315,299.407,30.9681],"stabilizedTipPosition":[-11.6278,262.214,58.3554],"timeVisible":0.262076,"tipPosition":[7.28313,285.1,-17.3239],"tipVelocity":[28.2231,70.445,-211.275],"tool":false,"touchDistance":-0.32634,"touchZone":"hovering","type":0,"width":20.2446},{"bases":[[[0.986158,0.0149085,-0.165138],[0.0123992,0.98653,0.163108],[0.165345,-0.162897,0.97269]],[[0.996956,0.000359196,-0.0779595],[0.00375219,0.998609,0.0525846],[0.07787,-0.0527171,0.995569]],[[0.996956,0.000359196,-0.0779595],[-0.0319464,0.914058,-0.404323],[0.0711143,0.405583,0.911288]],[[0.996956,0.000359196,-0.0779595],[-0.055122,0.710402,-0.701634],[0.0551306,0.703796,0.70826]]],"btipPosition":[5.55618,322.841,-74.683],"carpPosition":[23.722,330.418,73.7371],"dipPosition":[6.49787,334.863,-62.5852],"direction":[-0.0711143,-0.405583,-0.911288],"extended":true,"handId":523,"id":5231,"length":58.7918,"mcpPosition":[11.5609,342.399,2.19576],"pipPosition":[8.21627,344.663,-40.5649],"stabilizedTipPosition":[-7.45268,288.822,11.9729],"timeVisible":0.262076,"tipPosition":[5.96416,324.673,-70.8423],"tipVelocity":[17.786,86.6965,-243.302],"tool":false,"touchDistance":-0.485465,"touchZone":"hovering","type":1,"width":19.3376},{"bases":[[[0.98277,-0.175636,-0.0575756],[0.182569,0.971033,0.154157],[0.0288324,-0.162012,0.986367]],[[0.982448,-0.174072,-0.0670461],[-0.0057082,0.331201,-0.943543],[0.18645,0.927364,0.324394]],[[0.982448,-0.174072,-0.0670461],[-0.184779,-0.858926,-0.477602],[0.0255494,0.481607,-0.876015]],[[0.982448,-0.174072,-0.0670461],[-0.165794,-0.979569,0.113826],[-0.0854901,-0.100712,-0.991236]]],"btipPosition":[25.5389,287.188,30.5269],"carpPosition":[35.6547,332.374,71.4308],"dipPosition":[23.9328,285.296,11.9046],"direction":[-0.0255494,-0.481607,0.876015],"extended":false,"handId":523,"id":5232,"length":66.9886,"mcpPosition":[33.6437,343.675,2.6323],"pipPosition":[24.6591,298.987,-12.9995],"stabilizedTipPosition":[11.2031,260.201,115.699],"timeVisible":0.262076,"tipPosition":[25.2912,287.229,26.2827],"tipVelocity":[30.0208,67.9045,-220.607],"tool":false,"touchDistance":0.333333,"touchZone":"none","type":2,"width":18.9921},{"bases":[[[0.959723,-0.27026,0.076748],[0.253143,0.950343,0.181014],[-0.121858,-0.154295,0.980481]],[[0.960528,-0.269208,0.0700967],[0.14242,0.259435,-0.955202],[0.238962,0.927481,0.287535]],[[0.960528,-0.269208,0.0700967],[-0.210439,-0.867969,-0.449827],[0.181939,0.417321,-0.890361]],[[0.960528,-0.269208,0.0700967],[-0.275959,-0.953907,0.117935],[0.0351166,-0.132624,-0.990544]]],"btipPosition":[39.069,290.389,38.973],"carpPosition":[47.8064,331.235,70.057],"dipPosition":[39.7249,287.911,20.4706],"direction":[-0.181939,-0.417321,0.890361],"extended":false,"handId":523,"id":5233,"length":64.4113,"mcpPosition":[55.4375,340.897,8.65597],"pipPosition":[44.7636,299.469,-4.18757],"stabilizedTipPosition":[26.1147,262.834,120.283],"timeVisible":0.262076,"tipPosition":[39.2971,290.105,34.5309],"tipVelocity":[28.2365,81.6985,-210.829],"tool":false,"touchDistance":0.333333,"touchZone":"none","type":3,"width":18.0722},{"bases":[[[0.884062,-0.439586,0.158741],[0.387567,0.879349,0.276655],[-0.261203,-0.183057,0.947768]],[[0.836124,-0.461701,0.296191],[0.423235,0.199496,-0.883784],[0.348955,0.864311,0.362211]],[[0.836124,-0.461701,0.296191],[-0.263104,-0.811348,-0.522006],[0.481325,0.358532,-0.799863]],[[0.836124,-0.461701,0.296191],[-0.487789,-0.872806,0.0164636],[0.250916,-0.158244,-0.954987]]],"btipPosition":[48.4601,298.747,34.2877],"carpPosition":[59.3892,322.972,69.9369],"dipPosition":[52.7839,296.02,17.8312],"direction":[-0.481325,-0.358532,0.799863],"extended":false,"handId":523,"id":5234,"length":50.4973,"mcpPosition":[74.531,333.584,14.9951],"pipPosition":[62.1955,303.03,2.19098],"stabilizedTipPosition":[35.3535,268.028,118.032],"timeVisible":0.262076,"tipPosition":[49.2932,298.165,30.601],"tipVelocity":[26.8593,87.0646,-216.157],"tool":false,"touchDistance"