{"sensorType":"Leap","data":[[0,{"currentFrameRate":110.562,"devices":[],"gestures":[],"hands":[{"armBasis":[[0.938082,-0.275809,-0.209596],[0.249241,0.957588,-0.14458],[0.240583,0.0833885,0.96704]],"armWidth":63.703,"confidence":0.713455,"direction":[0.0866393,0.29948,-0.950161],"elbow":[102.693,329.617,354.126],"grabStrength":0,"id":517,"palmNormal":[-0.235289,-0.920614,-0.311622],"palmPosition":[34.0365,321.209,40.3827],"palmVelocity":[55.4286,60.9057,-199.047],"palmWidth":90.9658,"pinchStrength":0.827083,"r":[[0.853833,0.449273,0.262911],[-0.481339,0.873723,0.0701495],[-0.198195,-0.186445,0.962266]],"s":1.01276,"sphereCenter":[25.4548,288.724,10.2443],"sphereRadius":44.6299,"stabilizedPalmPosition":[12.0536,301.079,132.764],"t":[21.7027,20.7935,-96.3096],"timeVisible":0.298051,"type":"right","wrist":[37.7527,307.108,93.0944]}],"id":4170301,"interactionBox":{"center":[0,200,0],"size":[235.247,235.247,147.751]},"pointables":[{"bases":[[[0.616898,0.781035,0.0970568],[-0.707673,0.496485,0.502694],[0.344434,-0.378795,0.858999]],[[0.4236,0.867575,-0.260532],[-0.874055,0.466993,0.133963],[0.23789,0.170973,0.956126]],[[0.4236,0.867575,-0.260532],[-0.904584,0.420331,-0.0710585],[0.0478614,0.265774,0.962847]],[[0.4236,0.867575,-0.260532],[-0.626769,0.0730607,-0.775772],[-0.654006,0.491911,0.574718]]],"btipPosition":[9.12462,274.184,-1.26635],"carpPosition":[7.32577,303.285,92.7154],"dipPosition":[-6.17738,285.693,12.1805],"direction":[-0.0478614,-0.265774,-0.962847],"extended":false,"handId":517,"id":5170,"length":52.1025,"mcpPosition":[7.32577,303.285,92.7154],"pipPosition":[-4.54596,294.752,45.0006],"stabilizedTipPosition":[-37.1102,273.125,98.0074],"timeVisible":0.298051,"tipPosition":[5.96866,276.813,0.99006],"tipVelocity":[114.169,41.4665,-188.482],"tool":false,"touchDistance":-0.30025,"touchZone":"hovering","type":0,"width":20.2446},{"bases":[[[0.96886,-0.196721,-0.150369],[0.221245,0.960464,0.168996],[0.111179,-0.197002,0.974079]],[[0.975092,-0.220656,-0.0224955],[0.220786,0.975316,0.00344473],[0.0211801,-0.00832563,0.999741]],[[0.975092,-0.220656,-0.0224955],[0.215854,0.967385,-0.132564],[0.0510129,0.124406,0.990919]],[[0.975092,-0.220656,-0.0224955],[0.209429,0.949357,-0.234226],[0.0730396,0.22368,0.971922]]],"btipPosition":[9.09053,330.485,-66.4118],"carpPosition":[20.6577,322.464,88.7175],"dipPosition":[10.3381,334.305,-49.8103],"direction":[-0.0510129,-0.124406,-0.990919],"extended":true,"handId":517,"id":5171,"length":58.7918,"mcpPosition":[12.4805,336.954,17.0741],"pipPosition":[11.5708,337.311,-25.8658],"stabilizedTipPosition":[-31.5766,308.717,29.4467],"timeVisible":0.298051,"tipPosition":[9.13793,329.807,-62.37],"tipVelocity":[102.986,87.4278,-214.588],"tool":false,"touchDistance":-0.464512,"touchZone":"hovering","type":1,"width":19.3376},{"bases":[[[0.922965,-0.382362,-0.0439765],[0.384244,0.90882,0.162486],[-0.0221618,-0.166867,0.98573]],[[0.922442,-0.385199,-0.026871],[0.144405,0.408675,-0.901184],[0.358117,0.827409,0.432604]],[[0.922442,-0.385199,-0.026871],[-0.300451,-0.672298,-0.676568],[0.242548,0.632168,-0.73589]],[[0.922442,-0.385199,-0.026871],[-0.38472,-0.910881,-0.149287],[0.033029,0.148047,-0.988429]]],"btipPosition":[9.54026,272.834,36.4902],"carpPosition":[32.7671,321.819,86.6004],"dipPosition":[10.1608,275.616,17.9206],"direction":[-0.242548,-0.632168,0.73589],"extended":false,"handId":517,"id":5172,"length":66.9886,"mcpPosition":[34.3129,333.458,17.8463],"pipPosition":[17.0561,293.587,-2.99987],"stabilizedTipPosition":[-31.4875,271.035,138.224],"timeVisible":0.298051,"tipPosition":[9.65123,273.472,31.1569],"tipVelocity":[122.587,33.8119,-159.142],"tool":false,"touchDistance":0.333333,"touchZone":"none","type":2,"width":18.9921},{"bases":[[[0.878035,-0.470166,0.0894382],[0.448302,0.873397,0.190269],[-0.167573,-0.126968,0.977649]],[[0.870109,-0.475143,0.130957],[0.28801,0.274563,-0.917423],[0.399951,0.835975,0.375746]],[[0.870109,-0.475143,0.130957],[-0.298059,-0.718901,-0.627967],[0.392519,0.507367,-0.767142]],[[0.870109,-0.475143,0.130957],[-0.461647,-0.878763,-0.121069],[0.172605,0.0448871,-0.983968]]],"btipPosition":[22.9455,273.822,47.0186],"carpPosition":[44.4112,318.101,85.4007],"dipPosition":[26.1696,274.66,28.6391],"direction":[-0.392519,-0.507367,0.767142],"extended":false,"handId":517,"id":5173,"length":64.4113,"mcpPosition":[54.9052,326.052,24.177],"pipPosition":[37.0403,288.711,7.39335],"stabilizedTipPosition":[-15.4971,264.97,142.255],"timeVisible":0.298051,"tipPosition":[23.8571,273.874,41.6511],"tipVelocity":[109.78,57.4505,-154.94],"tool":false,"touchDistance":0.333333,"touchZone":"none","type":3,"width":18.0722},{"bases":[[[0.766515,-0.619505,0.169314],[0.562833,0.774966,0.287484],[-0.30931,-0.125066,0.942701]],[[0.76865,-0.61862,0.162746],[0.403819,0.271961,-0.87348],[0.496091,0.737121,0.458853]],[[0.76865,-0.61862,0.162746],[-0.355789,-0.624897,-0.694923],[0.531593,0.47625,-0.700425]],[[0.76865,-0.61862,0.162746],[-0.584193,-0.782526,-0.215341],[0.260567,0.0704468,-0.962882]]],"btipPosition":[39.4606,278.212,44.8248],"carpPosition":[53.9514,307.545,85.4049],"dipPosition":[43.9508,279.426,28.2322],"direction":[-0.531593,-0.47625,0.700425],"extended":false,"handId":517,"id":5174,"length":50.4973,"mcpPosition":[71.882,314.795,30.7568],"pipPosition":[54.3453,288.738,14.5364],"stabilizedTipPosition":[2.9575,259.639,133.697],"timeVisible":0.298051,"tipPosition":[40.9697,278.329,40.2593],"tipVelocity":[97.3401,77.8765,-164.637],"tool":false,"touchDistance":0.333333,"touchZone":"none","type":4,"width":16.0532}],"r":[[0.853833,0.449273,0.262911],[-0.481339,0.873723,0.0701495],[-0.198195,-0.186445,0.962266]],"s":1.01276,"t":[21.7027,20.7935,-96.3096],"timestamp":522338115223},false],[1,{"currentFrameRate":110.581,"devices":[],"gestures":[],"hands":[{"armBasis":[[0.942464,-0.259583,-0.210663],[0.233446,0.962078,-0.141099],[0.239302,0.0838022,0.967322]],"armWidth":63.703,"confidence":0.722836,"direction":[0.0868432,0.306473,-0.94791],"elbow":[102.69,329.258,352.843],"grabStrength":0,"id":517,"palmNormal":[-0.21762,-0.922689,-0.318256],"palmPosition":[34.4352,320.98,39.0852],"palmVelocity":[52.3605,37.1881,-183.933],"palmWidth":90.9658,"pinchStrength":0.822089,"r":[[0.847186,0.458929,0.267695],[-0.492086,0.867754,0.0696737],[-0.200318,-0.190756,0.960981]],"s":1.01782,"sphereCenter":[26.5804,288.665,8.71092],"sphereRadius":44.7695,"stabilizedPalmPosition":[12.0694,301.093,132.698],"t":[22.1329,20.9026,-97.7656],"timeVisible":0.307059,"type":"right","wrist":[38.0954,306.638,91.7355]}],"id":4170302,"interactionBox":{"center":[0,200,0],"size":[235.247,235.247,147.751]},"pointables":[{"bases":[[[0.602787,0.790951,0.105095],[-0.718959,0.481293,0.501452],[0.346042,-0.377828,0.858779]],[[0.409203,0.876275,-0.254351],[-0.880965,0.452014,0.139943],[0.237599,0.166809,0.956933]],[[0.409203,0.876275,-0.254351],[-0.911533,0.405038,-0.0710735],[0.0407421,0.260933,0.964497]],[[0.409203,0.876275,-0.254351],[-0.61625,0.0598393,-0.785274],[-0.672896,0.478081,0.564491]]],"btipPosition":[10.2395,273.889,-2.67976],"carpPosition":[7.74151,302.294,91.1592],"dipPosition":[-5.50446,285.075,10.5278],"direction":[-0.0407421,-0.260933,-0.964497],"extended":false,"handId":517,"id":5170,"length":52.1025,"mcpPosition":[7.74151,302.294,91.1592],"pipPosition":[-4.1157,293.969,43.4042],"stabilizedTipPosition":[-36.8829,273.142,97.4999],"timeVisible":0.307059,"tipPosition":[7.08439,276.423,-0.472488],"tipVelocity":[113.706,18.8089,-181.485],"tool":false,"touchDistance":-0.320585,"touchZone":"hovering","type":0,"width":20.2446},{"bases":[[[0.972942,-0.179145,-0.145912],[0.203699,0.963124,0.175783],[0.109041,-0.200749,0.973555]],[[0.978864,-0.2037,-0.018236],[0.204007,0.978823,0.0169314],[0.0144009,-0.0202938,0.99969]],[[0.978864,-0.2037,-0.018236],[0.200109,0.972371,-0.12021],[0.0422188,0.11402,0.992581]],[[0.978864,-0.2037,-0.018236],[0.194613,0.955173,-0.223094],[0.0628627,0.21483,0.974626]]],"btipPosition":[10.0309,330.935,-67.8265],"carpPosition":[20.7633,321.723,87.3485],"dipPosition":[11.1047,334.604,-51.1788],"direction":[-0.0422188,-0.11402,-0.992581],"extended":true,"handId":517,"id":5171,"length":58.7918,"mcpPosition":[12.7434,336.488,15.7435],"pipPosition":[12.1249,337.359,-27.1941],"stabilizedTipPosition":[-31.1302,308.963,28.4501],"timeVisible":0.307059,"tipPosition":[10.0531,330.207,-63.7914],"tipVelocity":[102.153,76.0747,-198.453],"tool":false,"touchDistance":-0.467455,"touchZone":"hovering","type":1,"width":19.3376},{"bases":[[[0.929652,-0.366166,-0.0408542],[0.367598,0.91433,0.169916],[-0.0248632,-0.172981,0.984611]],[[0.929093,-0.369064,-0.0240505],[0.140016,0.411177,-0.900738],[0.342319,0.833502,0.433697]],[[0.929093,-0.369064,-0.0240505],[-0.286433,-0.676888,-0.678069],[0.233971,0.636878,-0.734604]],[[0.929093,-0.369064,-0.0240505],[-0.368218,-0.916948,-0.153693],[0.0346694,0.151651,-0.987826]]],"btipPosition":[10.8297,272.245,35.1648],"carpPosition":[32.8939,321.299,85.2975],"dipPosition":[11.481,275.094,16.6065],"direction":[-0.233971,-0.636878,0.734604],"extended":false,"handId":517,"id":5172,"length":66.9886,"mcpPosition":[34.6281,333.364,16.6214],"pipPosition":[18.1326,293.199,-4.27739],"stabilizedTipPosition":[-31.1497,271.05,137.371],"timeVisible":0.307059,"tipPosition":[10.9493,272.9,29.7975],"tipVelocity":[128.452,7.00942,-155.763],"tool":false,"touchDistance":0.333333,"touchZone":"none","type":2,"width":18.9921},{"bases":[[[0.885487,-0.455508,0.0917928],[0.432099,0.879853,0.197863],[-0.170893,-0.135542,0.975922]],[[0.877416,-0.460861,0.133225],[0.280323,0.267173,-0.921975],[0.389309,0.846301,0.363612]],[[0.877416,-0.460861,0.133225],[-0.289581,-0.730208,-0.61882],[0.382472,0.504383,-0.774153]],[[0.877416,-0.460861,0.133225],[-0.447826,-0.886429,-0.117031],[0.172029,0.0430238,-0.984152]]],"btipPosition":[24.1135,273.702,46.6092],"carpPosition":[44.6069,317.788,84.1435],"dipPosition":[27.3268,274.505,28.2262],"direction":[-0.382472,-0.504383,0.774153],"extended":false,"handId":517,"id":5173,"length":64.4113,"mcpPosition":[55.3088,326.276,23.0281],"pipPosition":[37.9193,288.474,6.78637],"stabilizedTipPosition":[-15.1137,265.055,141.306],"timeVisible":0.307059,"tipPosition":[25.0274,273.705,41.0124],"tipVelocity":[115.167,37.765,-124.877],"tool":false,"touchDistance":0.333333,"touchZone":"none","type":3,"width":18.0722},{"bases":[[[0.776107,-0.607208,0.170165],[0.547757,0.782839,0.29517],[-0.312441,-0.135874,0.940169]],[[0.777765,-0.606473,0.165142],[0.404095,0.281212,-0.870418],[0.481445,0.743713,0.46379]],[[0.777765,-0.606473,0.165142],[-0.341002,-0.627835,-0.699672],[0.528015,0.487867,-0.695116]],[[0.777765,-0.606473,0.165142],[-0.569391,-0.791084,-0.22356],[0.266225,0.0798463,-0.960598]]],"btipPosition":[40.5084,278.069,43.3911],"carpPosition":[54.3274,307.398,84.1421],"dipPosition":[45.096,279.445,26.8379],"direction":[-0.528015,-0.487867,0.695116],"extended":false,"handId":517,"id":5174,"length":50.4973,"mcpPosition":[72.4396,315.274,29.6407],"pipPosition":[55.4206,288.984,13.2458],"stabilizedTipPosition":[3.25602,259.784,132.969],"timeVisible":0.307059,"tipPosition":[42.0451,278.241,38.8438],"tipVelocity":[103.238,53.2589,-162.856],"tool":false,"touchDistance":0.333333,"touchZone":"none","type":4,"width":16.0532}],"r":[[0.847186,0.458929,0.267695],[-0.492086,0.867754,0.0696737],[-0.200318,-0.190756,0.960981]],"s":1.01782,"t":[22.1329,20.9026,-97.7656],"timestamp":522338124231},false],[2,{"currentFrameRate":110.44,"devices":[],"gestures":[],"hands":[{"armBasis":[[0.948027,-0.242738,-0.205724],[0.217736,0.966366,-0.136852],[0.232024,0.0849463,0.968994]],"armWidth":63.703,"confidence":0.729771,"direction":[0.0862067,0.313831,-0.945557],"elbow":[101.295,329.274,351.887],"grabStrength":0,"id":517,"palmNormal":[-0.200402,-0.924229,-0.325023],"palmPosition":[35.0168,320.953,37.7499],"palmVelocity":[55.2239,25.8603,-172.514],"palmWidth":90.9658,"pinchStrength":0.812772,"r":[[0.839918,0.469101,0.272914],[-0.503621,0.861098,0.0698316],[-0.202248,-0.196098,0.959501]],"s":1.02349,"sphereCenter":[27.9756,288.738,7.14145],"sphereRadius":44.9444,"stabilizedPalmPosition":[12.0842,301.106,132.637],"t":[22.6387,20.9435,-99.1612],"timeVisible":0.316364,"type":"right","wrist":[38.6655,306.345,90.328]}],"id":4170303,"interactionBox":{"center":[0,200,0],"size":[235.247,235.247,147.751]},"pointables":[{"bases":[[[0.588772,0.800368,0.112954],[-0.72943,0.465902,0.500866],[0.348252,-0.377288,0.858123]],[[0.394865,0.884673,-0.247861],[-0.886958,0.437416,0.148235],[0.239558,0.16131,0.957388]],[[0.394865,0.884673,-0.247861],[-0.918011,0.390659,-0.0681201],[0.0365652,0.254438,0.966398]],[[0.394865,0.884673,-0.247861],[-0.607898,0.049297,-0.792483],[-0.68887,0.463598,0.557257]]],"btipPosition":[11.3092,273.921,-4.18205],"carpPosition":[8.39282,301.491,89.5752],"dipPosition":[-4.80853,284.768,8.8563],"direction":[-0.0365652,-0.254438,-0.966398],"extended":false,"handId":517,"id":5170,"length":52.1025,"mcpPosition":[8.39282,301.491,89.5752],"pipPosition":[-3.56215,293.441,41.7974],"stabilizedTipPosition":[-36.6358,273.16,96.9518],"timeVisible":0.316364,"tipPosition":[8.21305,276.332,-1.97967],"tipVelocity":[111.45,12.1173,-177.008],"tool":false,"touchDistance":-0.339978,"touchZone":"hovering","type":0,"width":20.2446},{"bases":[[[0.976534,-0.16173,-0.142217],[0.186485,0.965314,0.182736],[0.10773,-0.204969,0.972822]],[[0.982256,-0.186963,-0.0147634],[0.187325,0.981871,0.0289662],[0.00908012,-0.0312178,0.999471]],[[0.982256,-0.186963,-0.0147634],[0.184253,0.976704,-0.109999],[0.0349852,0.105327,0.993822]],[[0.982256,-0.186963,-0.0147634],[0.179516,0.960074,-0.214552],[0.0542872,0.208094,0.976601]]],"btipPosition":[11.0153,331.478,-69.2264],"carpPosition":[21.1015,321.162,85.9489],"dipPosition":[11.9426,335.033,-52.5451],"direction":[-0.0349852,-0.105327,-0.993822],"extended":true,"handId":517,"id":5171,"length":58.7918,"mcpPosition":[13.178,336.237,14.3979],"pipPosition":[12.788,337.578,-28.5304],"stabilizedTipPosition":[-30.6566,309.224,27.4008],"timeVisible":0.316364,"tipPosition":[11.0278,330.742,-65.2057],"tipVelocity":[102.158,70.2856,-184.661],"tool":false,"touchDistance":-0.469926,"touchZone":"hovering","type":1,"width":19.3376},{"bases":[[[0.935915,-0.350112,-0.0385319],[0.351215,0.91934,0.177376],[-0.0266775,-0.179541,0.983389]],[[0.935345,-0.353037,-0.0222428],[0.13435,0.412711,-0.900899],[0.327231,0.839663,0.433458]],[[0.935345,-0.353037,-0.0222428],[-0.273491,-0.681848,-0.678444],[0.22435,0.640662,-0.734315]],[[0.935345,-0.353037,-0.0222428],[-0.352008,-0.922722,-0.157078],[0.0349303,0.154751,-0.987336]]],"btipPosition":[12.3053,271.897,33.9018],"carpPosition":[33.2472,320.956,83.9551],"dipPosition":[12.9615,274.804,15.3528],"direction":[-0.22435,-0.640662,0.734315],"extended":false,"handId":517,"id":5172,"length":66.9886,"mcpPosition":[35.108,333.479,15.3643],"pipPosition":[19.3395,293.017,-5.52295],"stabilizedTipPosition":[-30.7202,271.065,136.309],"timeVisible":0.316364,"tipPosition":[12.4237,272.566,28.4764],"tipVelocity":[136.996,-5.12444,-150.042],"tool":false,"touchDistance":0.333333,"touchZone":"none","type":2,"width":18.9921},{"bases":[[[0.892631,-0.441018,0.0933409],[0.416155,0.885785,0.205427],[-0.173277,-0.144527,0.974211]],[[0.884498,-0.446739,0.134486],[0.272596,0.260928,-0.926071],[0.378621,0.855769,0.35257]],[[0.884498,-0.446739,0.134486],[-0.28117,-0.74046,-0.610461],[0.372298,0.502138,-0.780545]],[[0.884498,-0.446739,0.134486],[-0.434116,-0.893677,-0.113515],[0.170898,0.0420213,-0.984392]]],"btipPosition":[25.4597,273.786,46.0849],"carpPosition":[45.0236,317.652,82.8373],"dipPosition":[28.652,274.571,27.6974],"direction":[-0.372298,-0.502138,0.780545],"extended":false,"handId":517,"id":5173,"length":64.4113,"mcpPosition":[55.8748,326.702,21.829],"pipPosition":[38.9626,288.477,6.08051],"stabilizedTipPosition":[-14.5755,265.171,140.01],"timeVisible":0.316364,"tipPosition":[26.3665,273.75,40.3329],"tipVelocity":[123.354,29.5154,-105.554],"tool":false,"touchDistance":0.333333,"touchZone":"none","type":3,"width":18.0722},{"bases":[[[0.785463,-0.595036,0.170234],[0.532971,0.790136,0.302701],[-0.314626,-0.147031,0.937759]],[[0.786347,-0.594619,0.16759],[0.401148,0.285148,-0.8705],[0.469828,0.751744,0.462756]],[[0.786347,-0.594619,0.16759],[-0.329506,-0.633152,-0.700389],[0.522575,0.495527,-0.693807]],[[0.786347,-0.594619,0.16759],[-0.555652,-0.799307,-0.22882],[0.270017,0.0868102,-0.958934]]],"btipPosition":[41.6781,278.191,42.1905],"carpPosition":[54.9188,307.427,82.8196],"dipPosition":[46.331,279.687,25.666],"direction":[-0.522575,-0.495527,0.693807],"extended":false,"handId":517,"id":5174,"length":50.4973,"mcpPosition":[73.1576,315.951,28.4579],"pipPosition":[56.5492,289.377,12.0996],"stabilizedTipPosition":[3.60168,259.948,132.141],"timeVisible":0.316364,"tipPosition":[43.2368,278.403,37.5836],"tipVelocity":[110.039,42.7772,-153.1],"tool":false,"touchDistance":0.333333,"touchZone":"none","type":4,"width":16.0532}],"r":[[0.839918,0.469101,0.272914],[-0.503621,0.861098,0.0698316],[-0.202248,-0.196098,0.959501]],"s":1.02349,"t":[22.6387,20.9435,-99.1612],"timestamp":522338133536},false],[3,{"currentFrameRate":110.571,"devices":[],"gestures":[],"hands":[{"armBasis":[[0.95096,-0.228677,-0.208283],[0.202099,0.969121,-0.141284],[0.234159,0.0922621,0.96781]],"armWidth":63.703,"confidence":0.734057,"direction":[0.0851534,0.323446,-0.942407],"elbow":[102.469,331.314,350.119],"grabStrength":0,"id":517,"palmNormal":[-0.18354,-0.924565,-0.333906],"palmPosition":[35.6043,321.413,36.4136],"palmVelocity":[58.3115,32.9502,-166.881],"palmWidth":90.9658,"pinchStrength":0.789465,"r":[[0.83215,0.479451,0.278662],[-0.515695,0.853832,0.0709266],[-0.203925,-0.202726,0.957767]],"s":1.02958,"sphereCenter":[29.3643,289.389,5.52166],"sphereRadius":45.1066,"stabilizedPalmPosition":[12.0979,301.118,132.581],"t":[23.1854,21.1938,-100.527],"timeVisible":0.325177,"type":"right","wrist":[39.2631,306.41,88.8797]}],"id":4170304,"interactionBox":{"center":[0,200,0],"size":[235.247,235.247,147.751]},"pointables":[{"bases":[[[0.574854,0.809026,0.122553],[-0.739299,0.449336,0.501531],[0.350685,-0.37891,0.856415]],[[0.380861,0.893246,-0.238864],[-0.892675,0.422547,0.1568],[0.240992,0.153509,0.95831]],[[0.380861,0.893246,-0.238864],[-0.924079,0.37665,-0.0649085],[0.031989,0.245451,0.968881]],[[0.380861,0.893246,-0.238864],[-0.598301,0.0411153,-0.800216],[-0.704969,0.447684,0.550089]]],"btipPosition":[12.4565,274.558,-5.77362],"carpPosition":[9.07903,301.06,87.9466],"dipPosition":[-4.0379,285.033,7.09702],"direction":[-0.031989,-0.245451,-0.968881],"extended":false,"handId":517,"id":5170,"length":52.1025,"mcpPosition":[9.07903,301.06,87.9466],"pipPosition":[-2.94751,293.4,40.1228],"stabilizedTipPosition":[-36.3867,273.181,96.4031],"timeVisible":0.325177,"tipPosition":[9.37103,276.845,-3.58959],"tipVelocity":[113.851,25.7251,-179.155],"tool":false,"touchDistance":-0.358766,"touchZone":"hovering","type":0,"width":20.2446},{"bases":[[[0.979712,-0.144236,-0.139142],[0.16957,0.966651,0.191917],[0.106821,-0.211618,0.971497]],[[0.985292,-0.17046,-0.0119902],[0.170819,0.984397,0.0422388],[0.00460306,-0.0436657,0.999036]],[[0.985292,-0.17046,-0.0119902],[0.168488,0.980801,-0.0981869],[0.0284969,0.0947225,0.995096]],[[0.985292,-0.17046,-0.0119902],[0.16447,0.96503,-0.204124],[0.0463658,0.19915,0.978872]]],"btipPosition":[11.9393,332.72,-70.5803],"carpPosition":[21.4743,320.97,84.5484],"dipPosition":[12.7313,336.121,-53.8602],"direction":[-0.0284969,-0.0947225,-0.995096],"extended":true,"handId":517,"id":5171,"length":58.7918,"mcpPosition":[13.6176,336.535,13.0948],"pipPosition":[13.4199,338.41,-29.8147],"stabilizedTipPosition":[-30.1652,309.503,26.3195],"timeVisible":0.325177,"tipPosition":[11.9459,331.967,-66.5743],"tipVelocity":[101.931,88.2368,-176.017],"tool":false,"touchDistance":-0.471442,"touchZone":"hovering","type":1,"width":19.3376},{"bases":[[[0.941778,-0.334163,-0.037275],[0.335065,0.923469,0.186913],[-0.0280372,-0.18852,0.981669]],[[0.941211,-0.337126,-0.0216211],[0.125444,0.408215,-0.904226],[0.313664,0.848355,0.426507]],[[0.941211,-0.337126,-0.0216211],[-0.262895,-0.690768,-0.673592],[0.21215,0.639676,-0.738787]],[[0.941211,-0.337126,-0.0216211],[-0.336226,-0.928645,-0.156747],[0.0327653,0.154802,-0.987402]]],"btipPosition":[13.8246,272.159,33.1385],"carpPosition":[33.6305,320.983,82.6085],"dipPosition":[14.4401,275.067,14.5882],"direction":[-0.21215,-0.639676,0.738787],"extended":false,"handId":517,"id":5172,"length":66.9886,"mcpPosition":[35.586,334.133,14.1377],"pipPosition":[20.4713,293.252,-6.41465],"stabilizedTipPosition":[-30.1891,271.086,135.032],"timeVisible":0.325177,"tipPosition":[13.9254,272.823,27.5144],"tipVelocity":[146.257,4.28664,-132.942],"tool":false,"touchDistance":0.333333,"touchZone":"none","type":2,"width":18.9921},{"bases":[[[0.899431,-0.426921,0.0936085],[0.40043,0.890754,0.21497],[-0.175158,-0.155867,0.972124]],[[0.89124,-0.433117,0.134537],[0.267867,0.26332,-0.926774],[0.365975,0.862016,0.350699]],[[0.89124,-0.433117,0.134537],[-0.270208,-0.745336,-0.609477],[0.36425,0.506837,-0.781305]],[[0.89124,-0.433117,0.134537],[-0.419839,-0.900095,-0.116467],[0.17154,0.0473163,-0.98404]]],"btipPosition":[26.7947,274.221,44.9924],"carpPosition":[45.465,317.885,81.5161],"dipPosition":[29.9989,275.105,26.6115],"direction":[-0.36425,-0.506837,0.781305],"extended":false,"handId":517,"id":5173,"length":64.4113,"mcpPosition":[56.434,327.646,20.6384],"pipPosition":[40.0867,289.142,4.97352],"stabilizedTipPosition":[-13.9183,265.315,138.461],"timeVisible":0.325177,"tipPosition":[27.7007,274.201,39.2024],"tipVelocity":[131.025,35.5861,-110.474],"tool":false,"touchDistance":0.333333,"touchZone":"none","type":3,"width":18.0722},{"bases":[[[0.794504,-0.583362,0.168677],[0.518391,0.796216,0.311948],[-0.316282,-0.160403,0.935006]],[[0.794734,-0.583245,0.167995],[0.395245,0.287253,-0.872506],[0.460628,0.75981,0.458815]],[[0.794734,-0.583245,0.167995],[-0.320675,-0.638478,-0.699652],[0.51533,0.502166,-0.694453]],[[0.794734,-0.583245,0.167995],[-0.542627,-0.806755,-0.233887],[0.271944,0.0947199,-0.95764]]],"btipPosition":[42.8181,278.815,41.1155],"carpPosition":[55.5291,307.827,81.4552],"dipPosition":[47.5043,280.448,24.6132],"direction":[-0.51533,-0.502166,0.694453],"extended":false,"handId":517,"id":5174,"length":50.4973,"mcpPosition":[73.8639,317.126,27.2532],"pipPosition":[57.5808,290.267,11.0342],"stabilizedTipPosition":[3.98668,260.132,131.235],"timeVisible":0.325177,"tipPosition":[44.3907,279.075,36.3969],"tipVelocity":[115.484,51.2934,-144.551],"tool":false,"touchDistance":0.333333,"touchZone":"none","type":4,"width":16.0532}],"r":[[0.83215,0.479451,0.278662],[-0.515695,0.853832,0.0709266],[-0.203925,-0.202726,0.957767]],"s":1.02958,"t":[23.1854,21.1938,-100.527],"timestamp":522338142349},false],[4,{"currentFrameRate":110.553,"devices":[],"gestures":[],"hands":[{"armBasis":[[0.956735,-0.211185,-0.200146],[0.182567,0.97134,-0.152211],[0.226555,0.109086,0.967871]],"armWidth":63.703,"confidence":0.664437,"direction":[0.0822749,0.33521,-0.938544],"elbow":[101.102,334.915,348.166],"grabStrength":0,"id":517,"palmNormal":[-0.163121,-0.924507,-0.344496],"palmPosition":[36.1933,320.956,34.5917],"palmVelocity":[60.1287,9.91931,-176.24],"palmWidth":90.9658,"pinchStrength":0.766661,"r":[[0.823567,0.490426,0.284989],[-0.52883,0.845573,0.0731117],[-0.205123,-0.210923,0.955738]],"s":1.03492,"sphereCenter":[30.927,289.117,3.33607],"sphereRadius":45.2243,"stabilizedPalmPosition":[12.1108,301.128,132.529],"t":[23.7533,21.0905,-102.121],"timeVisible":0.334254,"type":"right","wrist":[39.9486,305.47,86.9103]}],"id":4170305,"interactionBox":{"center":[0,200,0],"size":[235.247,235.247,147.751]},"pointables":[{"bases":[[[0.557579,0.819304,0.133591],[-0.750408,0.428653,0.503134],[0.354956,-0.380785,0.85382]],[[0.36355,0.903386,-0.227431],[-0.899882,0.403693,0.165056],[0.240922,0.144655,0.959704]],[[0.36355,0.903386,-0.227431],[-0.931228,0.359078,-0.0622702],[0.0254115,0.234429,0.971801]],[[0.36355,0.903386,-0.227431],[-0.589631,0.034132,-0.806951],[-0.721226,0.427468,0.545073]]],"btipPosition":[13.8706,274.3,-7.97984],"carpPosition":[9.88505,299.512,85.7921],"dipPosition":[-3.00418,284.302,4.77344],"direction":[-0.0254115,-0.234429,-0.971801],"extended":false,"handId":517,"id":5170,"length":52.1025,"mcpPosition":[9.88505,299.512,85.7921],"pipPosition":[-2.13799,292.293,37.8988],"stabilizedTipPosition":[-36.1191,273.201,95.8176],"timeVisible":0.334254,"tipPosition":[10.7549,276.443,-5.79924],"tipVelocity":[122.784,7.43349,-197.651],"tool":false,"touchDistance":-0.38472,"touchZone":"hovering","type":0,"width":20.2446},{"bases":[[[0.983026,-0.122581,-0.136503],[0.14886,0.967817,0.202905],[0.107238,-0.219781,0.969637]],[[0.988632,-0.15005,-0.0095959],[0.150354,0.986956,0.0575489],[0.000835537,-0.0583375,0.998297]],[[0.988632,-0.15005,-0.0095959],[0.148711,0.985234,-0.0848436],[0.022185,0.0824521,0.996348]],[[0.988632,-0.15005,-0.0095959],[0.14542,0.970446,-0.192583],[0.0382093,0.188998,0.981234]]],"btipPosition":[12.7695,333.157,-72.3722],"carpPosition":[21.8814,319.707,82.6586],"dipPosition":[13.4221,336.385,-55.6117],"direction":[-0.022185,-0.0824521,-0.996348],"extended":true,"handId":517,"id":5171,"length":58.7918,"mcpPosition":[13.9941,335.872,11.3418],"pipPosition":[13.9582,338.378,-31.536],"stabilizedTipPosition":[-29.6518,309.794,25.1893],"timeVisible":0.334254,"tipPosition":[12.7716,332.384,-68.3837],"tipVelocity":[98.057,75.9496,-181.651],"tool":false,"touchDistance":-0.47937,"touchZone":"hovering","type":1,"width":19.3376},{"bases":[[[0.9486,-0.314329,-0.0368233],[0.315227,0.9281,0.198145],[-0.028107,-0.199568,0.979481]],[[0.948057,-0.317351,-0.0218038],[0.115183,0.406374,-0.906418],[0.296513,0.856825,0.42182]],[[0.948057,-0.317351,-0.0218038],[-0.249312,-0.698728,-0.670539],[0.197561,0.641146,-0.741553]],[[0.948057,-0.317351,-0.0218038],[-0.316687,-0.935181,-0.158576],[0.0299338,0.157244,-0.987106]]],"btipPosition":[15.5359,271.441,31.7522],"carpPosition":[34.0425,319.991,80.7706],"dipPosition":[16.0982,274.395,13.2074],"direction":[-0.197561,-0.641146,0.741553],"extended":false,"handId":517,"id":5172,"length":66.9886,"mcpPosition":[36.0029,333.911,12.4524],"pipPosition":[21.7147,292.622,-7.87405],"stabilizedTipPosition":[-29.4778,271.102,133.364],"timeVisible":0.334254,"tipPosition":[15.6175,272.111,25.9921],"tipVelocity":[157.576,-18.4412,-138.375],"tool":false,"touchDistance":0.333333,"touchZone":"none","type":2,"width":18.9921},{"bases":[[[0.907644,-0.409334,0.0928852],[0.381138,0.896436,0.226131],[-0.175829,-0.169844,0.969658]],[[0.899437,-0.416122,0.133625],[0.266694,0.280345,-0.922107],[0.346248,0.865014,0.363129]],[[0.899437,-0.416122,0.133625],[-0.250965,-0.742057,-0.621585],[0.357812,0.525541,-0.771866]],[[0.899437,-0.416122,0.133625],[-0.399994,-0.906963,-0.131996],[0.176119,0.0652731,-0.982202]]],"btipPosition":[28.2883,273.373,42.4753],"carpPosition":[45.9426,317.148,79.6956],"dipPosition":[31.578,274.592,24.1287],"direction":[-0.357812,-0.525541,0.771866],"extended":false,"handId":517,"id":5173,"length":64.4113,"mcpPosition":[56.9536,327.785,18.9724],"pipPosition":[41.4875,289.146,2.75221],"stabilizedTipPosition":[-13.174,265.46,136.725],"timeVisible":0.334254,"tipPosition":[29.2264,273.505,36.8305],"tipVelocity":[140.894,2.23258,-156.373],"tool":false,"touchDistance":0.333333,"touchZone":"none","type":3,"width":18.0722},{"bases":[[[0.805658,-0.568694,0.16584],[0.500629,0.803306,0.322598],[-0.316679,-0.176879,0.931895]],[[0.805488,-0.568788,0.16634],[0.390597,0.298471,-0.870832],[0.445672,0.766417,0.462582]],[[0.805488,-0.568788,0.16634],[-0.307088,-0.640682,-0.703722],[0.50684,0.515758,-0.690729]],[[0.805488,-0.568788,0.16634],[-0.525782,-0.815412,-0.242192],[0.273391,0.107624,-0.955863]]],"btipPosition":[44.1935,278.522,39.1746],"carpPosition":[56.2118,307.301,79.5706],"dipPosition":[48.9047,280.377,22.703],"direction":[-0.50684,-0.515758,0.690729],"extended":false,"handId":517,"id":5174,"length":50.4973,"mcpPosition":[74.5696,317.554,25.5489],"pipPosition":[58.8152,290.462,9.19672],"stabilizedTipPosition":[4.42445,260.331,130.219],"timeVisible":0.334254,"tipPosition":[45.7614,278.849,34.4362],"tipVelocity":[125.629,29.7313,-163.495],"tool":false,"touchDistance":0.333333,"touchZone":"none","type":4,"width":16.0532}],"r":[[0.823567,0.490426,0.284989],[-0.52883,0.845573,0.0731117],[-0.205123,-0.210923,0.955738]],"s":1.03492,"t":[23.7533,21.0905,-102.121],"timestamp":522338151426},false],[5,{"currentFrameRate":110.548,"devices":[],"gestures":[],"hands":[{"armBasis":[[0.956559,-0.207912,-0.204369],[0.176859,0.971119,-0.160154],[0.231765,0.117052,0.965704]],"armWidth":63.703,"confidence":0.669693,"direction":[0.0840325,0.341434,-0.936142],"elbow":[102.804,336.588,346.14],"grabStrength":0,"id":517,"palmNormal":[-0.155681,-0.92343,-0.350772],"palmPosition":[36.6075,320.772,33.2296],"palmVelocity":[56.1586,1.58187,-169.114],"palmWidth":90.9658,"pinchStrength":0.750794,"r":[[0.815673,0.499791,0.291355],[-0.540403,0.838026,0.0753525],[-0.206502,-0.218912,0.953643]],"s":1.03923,"sphereCenter":[31.7807,289.091,1.75762],"sphereRadius":45.2936,"stabilizedPalmPosition":[12.1223,301.137,132.482],"t":[24.2443,20.9471,-103.599],"timeVisible":0.343309,"type":"right","wrist":[40.2438,304.993,85.469]}],"id":4170306,"interactionBox":{"center":[0,200,0],"size":[235.247,235.247,147.751]},"pointables":[{"bases":[[[0.551693,0.822059,0.140904],[-0.755272,0.420734,0.502541],[0.353835,-0.383669,0.852994]],[[0.358816,0.907075,-0.220148],[-0.901942,0.397662,0.168424],[0.240317,0.138128,0.960816]],[[0.358816,0.907075,-0.220148],[-0.933177,0.353857,-0.0629738],[0.0207791,0.228033,0.973432]],[[0.358816,0.907075,-0.220148],[-0.581681,0.0328419,-0.812753],[-0.729999,0.419685,0.539413]]],"btipPosition":[14.6034,274.362,-9.56301],"carpPosition":[10.2245,298.848,84.1876],"dipPosition":[-2.47666,284.182,3.05783],"direction":[-0.0207791,-0.228033,-0.973432],"extended":false,"handId":517,"id":5170,"length":52.1025,"mcpPosition":[10.2245,298.848,84.1876],"pipPosition":[-1.76837,291.955,36.2387],"stabilizedTipPosition":[-35.8586,273.22,95.2473],"timeVisible":0.343309,"tipPosition":[11.4521,276.44,-7.39541],"tipVelocity":[109.792,5.99128,-192.283],"tool":false,"touchDistance":-0.398786,"touchZone":"hovering","type":0,"width":20.2446},{"bases":[[[0.984363,-0.115401,-0.133084],[0.141733,0.967507,0.209386],[0.104596,-0.224974,0.968734]],[[0.989613,-0.143618,-0.00625331],[0.143709,0.987278,0.0680414],[-0.00359823,-0.0682333,0.997663]],[[0.989613,-0.143618,-0.00625331],[0.142731,0.986819,-0.0762672],[0.0171242,0.0745825,0.997068]],[[0.989613,-0.143618,-0.00625331],[0.139973,0.972585,-0.185704],[0.0327523,0.182899,0.982586]]],"btipPosition":[13.591,333.69,-73.7505],"carpPosition":[22.1027,319.139,81.2271],"dipPosition":[14.1505,336.814,-56.9669],"direction":[-0.0171242,-0.0745825,-0.997068],"extended":true,"handId":517,"id":5171,"length":58.7918,"mcpPosition":[14.4097,335.686,9.97673],"pipPosition":[14.5642,338.616,-32.8738],"stabilizedTipPosition":[-29.1347,310.087,24.0557],"timeVisible":0.343309,"tipPosition":[13.5767,332.916,-69.7756],"tipVelocity":[95.3813,70.5064,-173.365],"tool":false,"touchDistance":-0.480362,"touchZone":"hovering","type":1,"width":19.3376},{"bases":[[[0.950763,-0.307969,-0.0347126],[0.308373,0.928894,0.20509],[-0.0309168,-0.205696,0.978127]],[[0.950194,-0.311012,-0.0200727],[0.112567,0.402542,-0.908454],[0.29062,0.860948,0.417503]],[[0.950194,-0.311012,-0.0200727],[-0.244309,-0.703319,-0.667575],[0.193506,0.639229,-0.744272]],[[0.950194,-0.311012,-0.0200727],[-0.310156,-0.937327,-0.158813],[0.0305783,0.157129,-0.987105]]],"btipPosition":[16.346,271.248,30.7536],"carpPosition":[34.2695,319.513,79.3923],"dipPosition":[16.9205,274.2,12.2089],"direction":[-0.193506,-0.639229,0.744272],"extended":false,"handId":517,"id":5172,"length":66.9886,"mcpPosition":[36.4259,333.86,11.1685],"pipPosition":[22.4217,292.373,-8.94993],"stabilizedTipPosition":[-28.6469,271.116,131.432],"timeVisible":0.343309,"tipPosition":[16.4286,271.91,24.9378],"tipVelocity":[138.864,-19.2462,-130.622],"tool":false,"touchDistance":0.333333,"touchZone":"none","type":2,"width":18.9921},{"bases":[[[0.909881,-0.404024,0.0942441],[0.37437,0.897487,0.233162],[-0.178786,-0.176867,0.96786]],[[0.901607,-0.411068,0.134642],[0.269317,0.289889,-0.918386],[0.338487,0.864285,0.372073]],[[0.901607,-0.411068,0.134642],[-0.241881,-0.737178,-0.630922],[0.358607,0.536276,-0.764074]],[[0.901607,-0.411068,0.134642],[-0.392583,-0.908327,-0.144297],[0.181615,0.0772412,-0.980331]]],"btipPosition":[28.945,272.929,40.5926],"carpPosition":[46.1922,316.754,78.3505],"dipPosition":[32.3374,274.372,22.2809],"direction":[-0.358607,-0.536276,0.764074],"extended":false,"handId":517,"id":5173,"length":64.4113,"mcpPosition":[57.3884,327.83,17.7398],"pipPosition":[42.2689,289.224,1.12019],"stabilizedTipPosition":[-12.4603,265.589,135.056],"timeVisible":0.343309,"tipPosition":[29.9103,273.187,35.1286],"tipVelocity":[122.745,-10.3279,-170.357],"tool":false,"touchDistance":0.333333,"touchZone":"none","type":3,"width":18.0722},{"bases":[[[0.808625,-0.564479,0.165801],[0.494056,0.804546,0.329568],[-0.319428,-0.184582,0.92946]],[[0.80843,-0.564591,0.166368],[0.392065,0.305721,-0.867652],[0.439006,0.766663,0.46851]],[[0.80843,-0.564591,0.166368],[-0.29979,-0.638213,-0.709091],[0.506525,0.523375,-0.685209]],[[0.80843,-0.564591,0.166368],[-0.519199,-0.817185,-0.250282],[0.277261,0.115957,-0.953772]]],"btipPosition":[44.8416,278.34,37.6009],"carpPosition":[56.5254,306.973,78.2093],"dipPosition":[49.6195,280.338,21.1653],"direction":[-0.506525,-0.523375,0.685209],"extended":false,"handId":517,"id":5174,"length":50.4973,"mcpPosition":[75.0426,317.673,24.3288],"pipPosition":[59.5238,290.572,7.76703],"stabilizedTipPosition":[4.8556,260.523,129.218],"timeVisible":0.343309,"tipPosition":[46.4234,278.72,32.8939],"tipVelocity":[111.177,16.9818,-166.084],"tool":false,"touchDistance":0.333333,"touchZone":"none","type":4,"width":16.0532}],"r":[[0.815673,0.499791,0.291355],[-0.540403,0.838026,0.0753525],[-0.206502,-0.218912,0.953643]],"s":1.03923,"t":[24.2443,20.9471,-103.599],"timestamp":522338160481},false],[6,{"currentFrameRate":110.579,"devices":[],"gestures":[],"hands":[{"armBasis":[[0.957525,-0.206126,-0.20164],[0.174361,0.97085,-0.164465],[0.229663,0.122321,0.965553]],"armWidth":63.703,"confidence":0.685963,"direction":[0.0856623,0.347348,-0.933816],"elbow":[102.681,338.205,344.982],"grabStrength":0,"id":517,"palmNormal":[-0.151895,-0.921752,-0.356794],"palmPosition":[37.1534,321.272,32.1986],"palmVelocity":[57.4147,16.3984,-154.191],"palmWidth":90.9658,"pinchStrength":0.750809,"r":[[0.808773,0.507308,0.297529],[-0.55014,0.831443,0.0777748],[-0.207923,-0.226585,0.951539]],"s":1.0428,"sphereCenter":[32.5365,289.785,0.511193],"sphereRadius":45.3627,"stabilizedPalmPosition":[12.1334,301.146,132.438],"t":[24.7628,21.1252,-104.854],"timeVisible":0.352297,"type":"right","wrist":[40.6888,305.187,84.3518]}],"id":4170307,"interactionBox":{"center":[0,200,0],"size":[235.247,235.247,147.751]},"pointables":[{"bases":[[[0.548806,0.822843,0.147451],[-0.757964,0.415414,0.502914],[0.352566,-0.387765,0.851667]],[[0.357056,0.909453,-0.213086],[-0.902415,0.394752,0.172678],[0.241158,0.130636,0.961653]],[[0.357056,0.909453,-0.213086],[-0.933915,0.351902,-0.0629899],[0.0176989,0.221495,0.975001]],[[0.357056,0.909453,-0.213086],[-0.575142,0.0343017,-0.817334],[-0.736018,0.414389,0.535313]]],"btipPosition":[15.2747,275.195,-10.8025],"carpPosition":[10.692,298.96,82.9474],"dipPosition":[-1.94616,284.891,1.7224],"direction":[-0.0176989,-0.221495,-0.975001],"extended":false,"handId":517,"id":5170,"length":52.1025,"mcpPosition":[10.692,298.96,82.9474],"pipPosition":[-1.34287,292.441,34.9568],"stabilizedTipPosition":[-35.6054,273.243,94.6935],"timeVisible":0.352297,"tipPosition":[12.095,277.215,-8.64066],"tipVelocity":[99.1768,28.9014,-178.042],"tool":false,"touchDistance":-0.406164,"touchZone":"hovering","type":0,"width":20.2446},{"bases":[[[0.985082,-0.111638,-0.130962],[0.138216,0.966642,0.215638],[0.10252,-0.230522,0.967651]],[[0.990057,-0.140602,-0.00431622],[0.140509,0.987012,0.0778752],[-0.00668922,-0.0777073,0.996954]],[[0.990057,-0.140602,-0.00431622],[0.139984,0.987803,-0.0681817],[0.01385,0.0668995,0.997664]],[[0.990057,-0.140602,-0.00431622],[0.137562,0.974151,-0.179181],[0.0293978,0.176806,0.983807]]],"btipPosition":[14.4274,334.96,-74.7591],"carpPosition":[22.5173,319.305,80.1437],"dipPosition":[14.9295,337.98,-57.9547],"direction":[-0.01385,-0.0668995,-0.997664],"extended":true,"handId":517,"id":5171,"length":58.7918,"mcpPosition":[14.9769,336.259,8.97296],"pipPosition":[15.2642,339.597,-33.8472],"stabilizedTipPosition":[-28.563,310.422,22.8129],"timeVisible":0.352297,"tipPosition":[14.4036,334.187,-70.7969],"tipVelocity":[94.3408,89.2012,-156.446],"tool":false,"touchDistance":-0.475715,"touchZone":"hovering","type":1,"width":19.3376},{"bases":[[[0.951783,-0.304898,-0.0338544],[0.304984,0.928556,0.211585],[-0.0330761,-0.211708,0.976773]],[[0.951189,-0.307999,-0.0193921],[0.113423,0.407339,-0.906207],[0.28701,0.859774,0.42239]],[[0.951189,-0.307999,-0.0193921],[-0.240403,-0.700101,-0.672357],[0.193509,0.644201,-0.739973]],[[0.951189,-0.307999,-0.0193921],[-0.306843,-0.937165,-0.166039],[0.0329661,0.163885,-0.985928]]],"btipPosition":[17.0442,271.669,29.4219],"carpPosition":[34.688,319.726,78.346],"dipPosition":[17.6636,274.748,10.8993],"direction":[-0.193509,-0.644201,0.739973],"extended":false,"handId":517,"id":5172,"length":66.9886,"mcpPosition":[36.9951,334.492,10.2167],"pipPosition":[23.1648,293.062,-10.1373],"stabilizedTipPosition":[-27.7833,271.14,129.43],"timeVisible":0.352297,"tipPosition":[17.1455,272.382,23.6638],"tipVelocity":[122.397,-0.235466,-135.278],"tool":false,"touchDistance":0.333333,"touchZone":"none","type":2,"width":18.9921},{"bases":[[[0.910824,-0.401855,0.0944016],[0.370995,0.897178,0.239655],[-0.181002,-0.183261,0.966258]],[[0.902508,-0.40913,0.134511],[0.269038,0.291699,-0.917895],[0.336301,0.864595,0.373332]],[[0.902508,-0.40913,0.134511],[-0.239383,-0.736183,-0.633032],[0.358017,0.539117,-0.76235]],[[0.902508,-0.40913,0.134511],[-0.38971,-0.908755,-0.149302],[0.183321,0.0823262,-0.9796]]],"btipPosition":[29.5956,273.398,39.5464],"carpPosition":[46.6219,317.009,77.3216],"dipPosition":[33.0199,274.935,21.2485],"direction":[-0.358017,-0.539117,0.76235],"extended":false,"handId":517,"id":5173,"length":64.4113,"mcpPosition":[57.9568,328.485,16.8113],"pipPosition":[42.935,289.866,0.135479],"stabilizedTipPosition":[-11.7901,265.717,133.496],"timeVisible":0.352297,"tipPosition":[30.5683,273.683,34.0682],"tipVelocity":[109.157,7.45971,-155.46],"tool":false,"touchDistance":0.333333,"touchZone":"none","type":3,"width":18.0722},{"bases":[[[0.80985,-0.563043,0.164697],[0.490687,0.804014,0.335839],[-0.32151,-0.191165,0.927409]],[[0.809568,-0.56321,0.165509],[0.391997,0.308801,-0.866591],[0.436964,0.766444,0.470772]],[[0.809568,-0.56321,0.165509],[-0.296952,-0.636123,-0.712157],[0.506378,0.527392,-0.682231]],[[0.809568,-0.56321,0.165509],[-0.516091,-0.81722,-0.256516],[0.27973,0.12225,-0.952264]]],"btipPosition":[45.4544,278.83,36.4972],"carpPosition":[56.985,307.261,77.1509],"dipPosition":[50.2748,280.937,20.0876],"direction":[-0.506378,-0.527392,0.682231],"extended":false,"handId":517,"id":5174,"length":50.4973,"mcpPosition":[75.6229,318.343,23.3892],"pipPosition":[60.1763,291.249,6.74753],"stabilizedTipPosition":[5.27441,260.712,128.249],"timeVisible":0.352297,"tipPosition":[47.04,279.252,31.7907],"tipVelocity":[99.6815,28.0323,-154.03],"tool":false,"touchDistance":0.333333,"touchZone":"none","type":4,"width":16.0532}],"r":[[0.808773,0.507308,0.297529],[-0.55014,0.831443,0.0777748],[-0.207923,-0.226585,0.951539]],"s":1.0428,"t":[24.7628,21.1252,-104.854],"timestamp":522338169469},false],[7,{"currentFrameRate":110.55,"devices":[],"gestures":[