{"sensorType":"Leap","data":[[0,{"currentFrameRate":102.549,"devices":[],"gestures":[],"hands":[{"armBasis":[[0.97073,-0.0265289,-0.238704],[0.00505419,0.995917,-0.0901299],[0.24012,0.0862853,0.966901]],"armWidth":63.703,"confidence":0.679114,"direction":[0.0042332,0.175775,-0.984421],"elbow":[102.018,337.032,351.29],"grabStrength":0,"id":521,"palmNormal":[-0.00408206,-0.984419,-0.175792],"palmPosition":[29.7933,319.015,36.3661],"palmVelocity":[63.0515,13.3591,-211.26],"palmWidth":90.9658,"pinchStrength":0.659705,"r":[[0.858353,0.488693,0.156232],[-0.511907,0.836146,0.197003],[-0.0343586,-0.249075,0.967875]],"s":1.04474,"sphereCenter":[41.0603,276.424,12.411],"sphereRadius":47.7717,"stabilizedPalmPosition":[-2.30264,314.415,187.536],"t":[36.7771,14.2192,-173.154],"timeVisible":0.379477,"type":"right","wrist":[37.203,313.741,90.2962]}],"id":4171405,"interactionBox":{"center":[0,200,0],"size":[235.247,235.247,147.751]},"pointables":[{"bases":[[[0.406868,0.912874,-0.0334716],[-0.804607,0.37548,0.460025],[0.432513,-0.160238,0.887275]],[[0.224354,0.909506,-0.349948],[-0.938842,0.297988,0.172565],[0.261229,0.28983,0.920738]],[[0.224354,0.909506,-0.349948],[-0.974485,0.206954,-0.0868814],[-0.00659603,0.360511,0.932732]],[[0.224354,0.909506,-0.349948],[-0.743515,-0.0723811,-0.664791],[-0.629961,0.40934,0.659993]]],"btipPosition":[10.5723,266.317,-1.51687],"carpPosition":[8.64447,302.647,91.6676],"dipPosition":[-4.16716,275.894,13.9252],"direction":[0.00659603,-0.360511,-0.932732],"extended":false,"handId":521,"id":5210,"length":52.1025,"mcpPosition":[8.64447,302.647,91.6676],"pipPosition":[-4.392,288.183,45.7188],"stabilizedTipPosition":[-46.931,270.509,157.779],"timeVisible":0.379477,"tipPosition":[7.73393,267.859,1.5797],"tipVelocity":[104.838,13.0448,-189.055],"tool":false,"touchDistance":-0.57134,"touchZone":"hovering","type":0,"width":20.2446},{"bases":[[[0.986497,0.0248179,-0.161885],[-0.0202503,0.999351,0.0298044],[0.16252,-0.0261237,0.986359]],[[0.999509,0.0209478,-0.0232802],[-0.0266236,0.959802,-0.279413],[0.0164913,0.279896,0.959889]],[[0.999509,0.0209478,-0.0232802],[-0.0284683,0.917529,-0.39665],[0.0130513,0.397118,0.917675]],[[0.999509,0.0209478,-0.0232802],[-0.0295242,0.878206,-0.47737],[0.010445,0.477823,0.878394]]],"btipPosition":[3.67716,295.874,-66.3526],"carpPosition":[16.8326,323.732,84.6008],"dipPosition":[3.85557,304.036,-51.3487],"direction":[-0.0130513,-0.397118,-0.917675],"extended":true,"handId":521,"id":5211,"length":58.7918,"mcpPosition":[4.87926,325.654,12.0541],"pipPosition":[4.17095,313.632,-29.174],"stabilizedTipPosition":[-39.8507,291.666,81.4397],"timeVisible":0.379477,"tipPosition":[4.06057,296.356,-62.2783],"tipVelocity":[93.4702,21.4987,-231.899],"tool":false,"touchDistance":-0.645509,"touchZone":"hovering","type":1,"width":19.3376},{"bases":[[[0.988286,-0.149671,-0.0298295],[0.150393,0.988343,0.0236547],[0.0259413,-0.0278638,0.999275]],[[0.988595,-0.150154,-0.0115915],[0.029859,0.270863,-0.962155],[0.147611,0.950835,0.272257]],[[0.988595,-0.150154,-0.0115915],[-0.13473,-0.847398,-0.51358],[0.0672936,0.509284,-0.857964]],[[0.988595,-0.150154,-0.0115915],[-0.149243,-0.987088,0.0581686],[-0.020176,-0.0557752,-0.998239]]],"btipPosition":[18.2591,268.445,42.4258],"carpPosition":[28.7156,325.751,82.0993],"dipPosition":[17.8801,267.397,23.6719],"direction":[-0.0672936,-0.509284,0.857964],"extended":false,"handId":521,"id":5212,"length":66.9886,"mcpPosition":[26.9062,327.694,12.4004],"pipPosition":[19.7932,281.876,-0.718965],"stabilizedTipPosition":[-37.1585,271.438,194.295],"timeVisible":0.379477,"tipPosition":[18.1624,268.118,37.8001],"tipVelocity":[113.208,6.07911,-175.931],"tool":false,"touchDistance":0.333333,"touchZone":"none","type":2,"width":18.9921},{"bases":[[[0.967163,-0.226217,0.115849],[0.221368,0.973732,0.0533058],[-0.124865,-0.02591,0.991835]],[[0.964797,-0.22664,0.13342],[0.178207,0.190291,-0.965418],[0.193414,0.955209,0.223981]],[[0.964797,-0.22664,0.13342],[-0.139675,-0.871414,-0.470242],[0.22284,0.435053,-0.872394]],[[0.964797,-0.22664,0.13342],[-0.237831,-0.968425,0.0747584],[0.112264,-0.103858,-0.988236]]],"btipPosition":[31.8197,273.681,51.4396],"carpPosition":[40.9081,324.834,80.9364],"dipPosition":[33.9167,271.741,32.9803],"direction":[-0.22284,-0.435053,0.872394],"extended":false,"handId":521,"id":5213,"length":64.4113,"mcpPosition":[48.7275,326.456,18.8244],"pipPosition":[40.0882,283.789,8.81971],"stabilizedTipPosition":[-23.9335,268.573,210.96],"timeVisible":0.379477,"tipPosition":[32.3177,273.099,46.6264],"tipVelocity":[106.01,29.5454,-160.022],"tool":false,"touchDistance":0.333333,"touchZone":"none","type":3,"width":18.0722},{"bases":[[[0.896251,-0.385453,0.219454],[0.357195,0.920553,0.158091],[-0.262956,-0.0633014,0.962729]],[[0.908514,-0.381716,0.169984],[0.272359,0.232448,-0.933696],[0.316894,0.894573,0.315146]],[[0.908514,-0.381716,0.169984],[-0.234578,-0.802571,-0.548501],[0.345796,0.458446,-0.81869]],[[0.908514,-0.381716,0.169984],[-0.383937,-0.923122,-0.0209296],[0.164905,-0.0462484,-0.985225]]],"btipPosition":[47.186,280.89,48.0027],"carpPosition":[52.7479,317.01,81.9663],"dipPosition":[50.0277,280.093,31.0251],"direction":[-0.345796,-0.458446,0.81869],"extended":false,"handId":521,"id":5214,"length":50.4973,"mcpPosition":[67.9914,320.68,26.1571],"pipPosition":[56.7892,289.057,15.0168],"stabilizedTipPosition":[-2.93309,270.073,200.391],"timeVisible":0.379477,"tipPosition":[48.2237,280.552,43.5883],"tipVelocity":[90.2527,37.7717,-178.959],"tool":false,"touchDistance":0.333333,"touchZone":"none","type":4,"width":16.0532}],"r":[[0.858353,0.488693,0.156232],[-0.511907,0.836146,0.197003],[-0.0343586,-0.249075,0.967875]],"s":1.04474,"t":[36.7771,14.2192,-173.154],"timestamp":522350802688},false],[1,{"currentFrameRate":102.865,"devices":[],"gestures":[],"hands":[{"armBasis":[[0.971025,-0.0049861,-0.238924],[-0.017158,0.995747,-0.0905131],[0.238359,0.09199,0.966811]],"armWidth":63.703,"confidence":0.686373,"direction":[0.00133683,0.184836,-0.982768],"elbow":[102.096,338.247,349.12],"grabStrength":0,"id":521,"palmNormal":[0.0182147,-0.982611,-0.184782],"palmPosition":[30.2871,319.017,34.2617],"palmVelocity":[60.5739,9.6998,-216.657],"palmWidth":90.9658,"pinchStrength":0.651094,"r":[[0.852309,0.498569,0.158107],[-0.521986,0.829969,0.196677],[-0.0331667,-0.250159,0.967637]],"s":1.0491,"sphereCenter":[42.3149,276.979,9.89994],"sphereRadius":47.8462,"stabilizedPalmPosition":[-2.29964,314.416,187.522],"t":[37.2832,14.3037,-174.987],"timeVisible":0.388599,"type":"right","wrist":[37.7557,313.417,88.1508]}],"id":4171406,"interactionBox":{"center":[0,200,0],"size":[235.247,235.247,147.751]},"pointables":[{"bases":[[[0.386299,0.922045,-0.0246127],[-0.813327,0.353094,0.46241],[0.435053,-0.158611,0.886325]],[[0.204674,0.917624,-0.340696],[-0.943065,0.278093,0.182462],[0.262177,0.283954,0.922298]],[[0.204674,0.917624,-0.340696],[-0.978762,0.187737,-0.0823454],[-0.0116009,0.350314,0.93656]],[[0.204674,0.917624,-0.340696],[-0.733851,-0.0864797,-0.673784],[-0.647744,0.387926,0.655699]]],"btipPosition":[11.9193,266.484,-3.90798],"carpPosition":[9.45209,301.672,89.3844],"dipPosition":[-3.23624,275.56,11.4337],"direction":[0.0116009,-0.350314,-0.93656],"extended":false,"handId":521,"id":5210,"length":52.1025,"mcpPosition":[9.45209,301.672,89.3844],"pipPosition":[-3.63168,287.501,43.3577],"stabilizedTipPosition":[-46.7827,270.504,157.356],"timeVisible":0.388599,"tipPosition":[9.09095,267.931,-0.848981],"tipVelocity":[113.818,10.9969,-210.053],"tool":false,"touchDistance":-0.578753,"touchZone":"hovering","type":0,"width":20.2446},{"bases":[[[0.985864,0.0484376,-0.160395],[-0.0427202,0.998329,0.0389063],[0.162011,-0.0315042,0.986286]],[[0.998791,0.0436233,-0.0226664],[-0.0480864,0.962782,-0.265967],[0.0102204,0.266735,0.963716]],[[0.998791,0.0436233,-0.0226664],[-0.0489932,0.921285,-0.38579],[0.00405274,0.386434,0.922308]],[[0.998791,0.0436233,-0.0226664],[-0.0491585,0.882092,-0.468505],[-0.000443945,0.469053,0.88317]]],"btipPosition":[4.72692,296.511,-68.7849],"carpPosition":[17.1722,323,82.521],"dipPosition":[4.71933,304.523,-53.6995],"direction":[-0.00405274,-0.386434,-0.922308],"extended":true,"handId":521,"id":5211,"length":58.7918,"mcpPosition":[5.25624,325.317,9.97964],"pipPosition":[4.81727,313.86,-31.4129],"stabilizedTipPosition":[-39.809,291.672,81.3025],"timeVisible":0.388599,"tipPosition":[5.09437,296.977,-64.7206],"tipVelocity":[98.1693,33.8556,-240.978],"tool":false,"touchDistance":-0.645495,"touchZone":"hovering","type":1,"width":19.3376},{"bases":[[[0.991429,-0.127169,-0.0299361],[0.128134,0.991212,0.0328738],[0.0254924,-0.0364279,0.999011]],[[0.991731,-0.127823,-0.0114069],[0.0241815,0.273428,-0.961589],[0.126032,0.953362,0.274258]],[[0.991731,-0.127823,-0.0114069],[-0.115303,-0.848507,-0.51647],[0.0563379,0.513515,-0.856229]],[[0.991731,-0.127823,-0.0114069],[-0.127074,-0.99054,0.0517992],[-0.0179201,-0.0499214,-0.998592]]],"btipPosition":[19.8933,268.247,40.259],"carpPosition":[29.0095,325.307,80.0531],"dipPosition":[19.5566,267.309,21.4985],"direction":[-0.0563379,-0.513515,0.856229],"extended":false,"handId":521,"id":5212,"length":66.9886,"mcpPosition":[27.2314,327.848,10.3727],"pipPosition":[21.1582,281.908,-2.84313],"stabilizedTipPosition":[-36.9348,271.425,193.673],"timeVisible":0.388599,"tipPosition":[19.8067,267.93,35.5134],"tipVelocity":[131.817,-0.872122,-193.088],"tool":false,"touchDistance":0.333333,"touchZone":"none","type":2,"width":18.9921},{"bases":[[[0.971875,-0.205501,0.115011],[0.199387,0.977927,0.0624805],[-0.125312,-0.0377917,0.991397]],[[0.969627,-0.206109,0.131689],[0.171472,0.188889,-0.966912],[0.174414,0.960125,0.218494]],[[0.969627,-0.206109,0.131689],[-0.122668,-0.875597,-0.467207],[0.211602,0.436863,-0.874286]],[[0.969627,-0.206109,0.131689],[-0.216775,-0.973531,0.0724252],[0.113276,-0.0987724,-0.988642]]],"btipPosition":[33.3013,273.901,49.7331],"carpPosition":[41.2207,324.675,78.8975],"dipPosition":[35.4172,272.056,31.2663],"direction":[-0.211602,-0.436863,0.874286],"extended":false,"handId":521,"id":5213,"length":64.4113,"mcpPosition":[49.0682,327.042,16.8129],"pipPosition":[41.2775,284.155,7.05327],"stabilizedTipPosition":[-23.7155,268.591,210.335],"timeVisible":0.388599,"tipPosition":[33.8183,273.286,44.7102],"tipVelocity":[121.81,28.7183,-167.588],"tool":false,"touchDistance":0.333333,"touchZone":"none","type":3,"width":18.0722},{"bases":[[[0.904446,-0.367232,0.217066],[0.336262,0.926853,0.166949],[-0.262497,-0.0780051,0.961775]],[[0.91633,-0.362921,0.169196],[0.268714,0.244063,-0.931786],[0.296871,0.899289,0.321165]],[[0.91633,-0.362921,0.169196],[-0.21575,-0.803446,-0.554911],[0.337329,0.471978,-0.814522]],[[0.91633,-0.362921,0.169196],[-0.363237,-0.931207,-0.0302016],[0.168517,-0.0337836,-0.98512]]],"btipPosition":[48.4548,281.196,45.6666],"carpPosition":[53.2322,317.11,79.8709],"dipPosition":[51.3587,280.614,28.6908],"direction":[-0.337329,-0.471978,0.814522],"extended":false,"handId":521,"id":5214,"length":50.4973,"mcpPosition":[68.449,321.632,24.1171],"pipPosition":[57.9547,289.842,12.764],"stabilizedTipPosition":[-2.86029,270.089,200.17],"timeVisible":0.388599,"tipPosition":[49.5105,280.927,41.2444],"tipVelocity":[104.253,38.103,-200.37],"tool":false,"touchDistance":0.333333,"touchZone":"none","type":4,"width":16.0532}],"r":[[0.852309,0.498569,0.158107],[-0.521986,0.829969,0.196677],[-0.0331667,-0.250159,0.967637]],"s":1.0491,"t":[37.2832,14.3037,-174.987],"timestamp":522350811810},false],[2,{"currentFrameRate":103.261,"devices":[],"gestures":[],"hands":[{"armBasis":[[0.969699,0.00961299,-0.244113],[-0.0328851,0.995268,-0.091438],[0.242078,0.096695,0.965426]],"armWidth":63.703,"confidence":0.698356,"direction":[0.00159585,0.196396,-0.980523],"elbow":[103.329,338.928,347.1],"grabStrength":0,"id":521,"palmNormal":[0.0347833,-0.979942,-0.196223],"palmPosition":[30.6058,318.94,32.6584],"palmVelocity":[53.7814,4.71121,-206.513],"palmWidth":90.9658,"pinchStrength":0.644466,"r":[[0.845633,0.508788,0.16137],[-0.532802,0.822756,0.197976],[-0.03204,-0.253393,0.966833]],"s":1.05375,"sphereCenter":[43.1748,277.464,7.82185],"sphereRadius":47.906,"stabilizedPalmPosition":[-2.29689,314.416,187.509],"t":[37.6956,14.3076,-176.705],"timeVisible":0.397532,"type":"right","wrist":[37.9855,312.827,86.504]}],"id":4171407,"interactionBox":{"center":[0,200,0],"size":[235.247,235.247,147.751]},"pointables":[{"bases":[[[0.371354,0.928408,-0.0124466],[-0.820484,0.334401,0.463661],[0.434629,-0.16197,0.885925]],[[0.191209,0.924882,-0.328684],[-0.94626,0.262675,0.188662],[0.260828,0.274947,0.925404]],[[0.191209,0.924882,-0.328684],[-0.981402,0.174343,-0.0803388],[-0.0170001,0.337933,0.941017]],[[0.191209,0.924882,-0.328684],[-0.725302,-0.0924887,-0.68219],[-0.661345,0.368836,0.653133]]],"btipPosition":[12.9092,266.742,-6.03872],"carpPosition":[9.87245,300.612,87.5005],"dipPosition":[-2.56449,275.372,9.24288],"direction":[0.0170001,-0.337933,-0.941017],"extended":false,"handId":521,"id":5210,"length":52.1025,"mcpPosition":[9.87245,300.612,87.5005],"pipPosition":[-3.14396,286.891,41.3189],"stabilizedTipPosition":[-46.6318,270.499,156.926],"timeVisible":0.397532,"tipPosition":[10.0793,268.112,-2.9949],"tipVelocity":[110.766,12.7463,-218.243],"tool":false,"touchDistance":-0.581379,"touchZone":"hovering","type":0,"width":20.2446},{"bases":[[[0.985474,0.0662882,-0.156356],[-0.0590567,0.996979,0.0504565],[0.159228,-0.0404897,0.986411]],[[0.998002,0.0601027,-0.0194712],[-0.0630673,0.965994,-0.250753],[0.00373808,0.25148,0.967855]],[[0.998002,0.0601027,-0.0194712],[-0.0630247,0.925658,-0.373075],[-0.00439916,0.373557,0.927597]],[[0.998002,0.0601027,-0.0194712],[-0.0623423,0.886902,-0.457732],[-0.0102419,0.458032,0.888877]]],"btipPosition":[5.67735,297.468,-70.8035],"carpPosition":[17.2679,322.141,80.9147],"dipPosition":[5.50241,305.292,-55.6205],"direction":[0.00439916,-0.373557,-0.927597],"extended":true,"handId":521,"id":5211,"length":58.7918,"mcpPosition":[5.55666,325.119,8.36421],"pipPosition":[5.39611,314.318,-33.2061],"stabilizedTipPosition":[-39.7619,291.68,81.1483],"timeVisible":0.397532,"tipPosition":[6.02496,297.909,-66.747],"tipVelocity":[99.2381,52.5316,-236.196],"tool":false,"touchDistance":-0.63922,"touchZone":"hovering","type":1,"width":19.3376},{"bases":[[[0.993458,-0.11073,-0.0279458],[0.11191,0.992702,0.0449405],[0.0227656,-0.0477739,0.998599]],[[0.99371,-0.111606,-0.00920991],[0.0225699,0.280151,-0.959691],[0.109688,0.953446,0.280907]],[[0.99371,-0.111606,-0.00920991],[-0.0999001,-0.8463,-0.523256],[0.0506044,0.520884,-0.852126]],[[0.99371,-0.111606,-0.00920991],[-0.111133,-0.992931,0.0416719],[-0.0137957,-0.0403863,-0.999089]]],"btipPosition":[21.0214,268.008,38.3226],"carpPosition":[29.0743,324.669,78.5157],"dipPosition":[20.7622,267.249,19.5527],"direction":[-0.0506044,-0.520884,0.852126],"extended":false,"handId":521,"id":5212,"length":66.9886,"mcpPosition":[27.4864,328.001,8.86399],"pipPosition":[22.2008,282.057,-4.67225],"stabilizedTipPosition":[-36.6773,271.409,192.963],"timeVisible":0.397532,"tipPosition":[20.955,267.727,33.5],"tipVelocity":[130.852,-6.68466,-199.616],"tool":false,"touchDistance":0.333333,"touchZone":"none","type":2,"width":18.9921},{"bases":[[[0.974698,-0.19107,0.116003],[0.183271,0.980225,0.0746393],[-0.12797,-0.0514908,0.99044]],[[0.972543,-0.191864,0.131716],[0.168588,0.190657,-0.967072],[0.160433,0.962724,0.217768]],[[0.972543,-0.191864,0.131716],[-0.109534,-0.876736,-0.468333],[0.205337,0.441046,-0.873679]],[[0.972543,-0.191864,0.131716],[-0.201717,-0.977222,0.0659332],[0.116066,-0.0906922,-0.989092]]],"btipPosition":[34.291,273.95,48.3152],"carpPosition":[41.2979,324.249,77.3955],"dipPosition":[36.459,272.256,29.8399],"direction":[-0.205337,-0.441046,0.873679],"extended":false,"handId":521,"id":5213,"length":64.4113,"mcpPosition":[49.3119,327.473,15.3709],"pipPosition":[42.1457,284.47,5.64369],"stabilizedTipPosition":[-23.4496,268.614,209.58],"timeVisible":0.397532,"tipPosition":[34.8317,273.335,43.1439],"tipVelocity":[119.168,23.4266,-165.231],"tool":false,"touchDistance":0.333333,"touchZone":"none","type":3,"width":18.0722},{"bases":[[[0.909566,-0.355063,0.215918],[0.32061,0.930148,0.178981],[-0.264385,-0.0935697,0.959867]],[[0.920978,-0.350277,0.170603],[0.267361,0.249673,-0.930689],[0.283404,0.902757,0.323593]],[[0.920978,-0.350277,0.170603],[-0.202286,-0.804124,-0.558985],[0.332986,0.480303,-0.811437]],[[0.920978,-0.350277,0.170603],[-0.348758,-0.936367,-0.0397989],[0.173688,-0.0228453,-0.984536]]],"btipPosition":[49.2313,281.382,44.0724],"carpPosition":[53.4274,316.868,78.3224],"dipPosition":[52.2244,280.989,27.1067],"direction":[-0.332986,-0.480303,0.811437],"extended":false,"handId":521,"id":5214,"length":50.4973,"mcpPosition":[68.7537,322.293,22.6791],"pipPosition":[58.7354,290.38,11.2402],"stabilizedTipPosition":[-2.77738,270.106,199.918],"timeVisible":0.397532,"tipPosition":[50.3169,281.158,39.5574],"tipVelocity":[100.152,34.7326,-194.322],"tool":false,"touchDistance":0.333333,"touchZone":"none","type":4,"width":16.0532}],"r":[[0.845633,0.508788,0.16137],[-0.532802,0.822756,0.197976],[-0.03204,-0.253393,0.966833]],"s":1.05375,"t":[37.6956,14.3076,-176.705],"timestamp":522350820743},false],[3,{"currentFrameRate":103.577,"devices":[],"gestures":[],"hands":[{"armBasis":[[0.967448,0.0229981,-0.252023],[-0.0481636,0.994393,-0.0941448],[0.248444,0.103219,0.963131]],"armWidth":63.703,"confidence":0.702371,"direction":[0.00134647,0.205202,-0.978719],"elbow":[105.257,340.146,345.466],"grabStrength":0,"id":521,"palmNormal":[0.0508427,-0.977468,-0.20487],"palmPosition":[30.876,318.764,31.6786],"palmVelocity":[47.1678,-1.97117,-179.358],"palmWidth":90.9658,"pinchStrength":0.629274,"r":[[0.83846,0.519251,0.165418],[-0.544088,0.814812,0.200125],[-0.0308693,-0.257799,0.965705]],"s":1.05863,"sphereCenter":[44.0234,277.781,6.47564],"sphereRadius":47.9892,"stabilizedPalmPosition":[-2.29428,314.416,187.497],"t":[38.0369,14.2213,-178.054],"timeVisible":0.406591,"type":"right","wrist":[38.1946,312.284,85.4896]}],"id":4171408,"interactionBox":{"center":[0,200,0],"size":[235.247,235.247,147.751]},"pointables":[{"bases":[[[0.356664,0.934228,-0.00301114],[-0.827015,0.317229,0.464124],[0.434553,-0.163046,0.885765]],[[0.177901,0.930831,-0.319225],[-0.949134,0.247954,0.194068],[0.259798,0.268462,0.927595]],[[0.177901,0.930831,-0.319225],[-0.983821,0.161264,-0.078042],[-0.0211644,0.327944,0.94446]],[[0.177901,0.930831,-0.319225],[-0.720625,-0.0976754,-0.68641],[-0.670113,0.352154,0.653404]]],"btipPosition":[13.7106,266.803,-7.48126],"carpPosition":[10.2754,299.618,86.291],"dipPosition":[-1.96823,275.042,7.80666],"direction":[0.0211644,-0.327944,-0.94446],"extended":false,"handId":521,"id":5210,"length":52.1025,"mcpPosition":[10.2754,299.618,86.291],"pipPosition":[-2.68965,286.221,40],"stabilizedTipPosition":[-46.4741,270.494,156.479],"timeVisible":0.406591,"tipPosition":[10.9223,268.109,-4.40847],"tipVelocity":[103.17,8.34025,-201.907],"tool":false,"touchDistance":-0.573191,"touchZone":"hovering","type":0,"width":20.2446},{"bases":[[[0.984754,0.0832361,-0.152746],[-0.0749577,0.995429,0.0591878],[0.156975,-0.0468359,0.986491]],[[0.996962,0.0760685,-0.0167398],[-0.0778675,0.968394,-0.23696],[-0.00181442,0.237543,0.971375]],[[0.996962,0.0760685,-0.0167398],[-0.0769619,0.929023,-0.361929],[-0.0119797,0.362117,0.932055]],[[0.996962,0.0760685,-0.0167398],[-0.0754795,0.890508,-0.448663],[-0.0192222,0.448564,0.893544]]],"btipPosition":[6.49892,298.15,-72.1421],"carpPosition":[17.3487,321.32,79.9206],"dipPosition":[6.17059,305.812,-56.8795],"direction":[0.0119797,-0.362117,-0.932055],"extended":true,"handId":521,"id":5211,"length":58.7918,"mcpPosition":[5.80318,324.765,7.36417],"pipPosition":[5.88111,314.562,-34.3573],"stabilizedTipPosition":[-39.7033,291.69,80.9586],"timeVisible":0.406591,"tipPosition":[6.82757,298.557,-68.0884],"tipVelocity":[95.8029,57.6855,-211.224],"tool":false,"touchDistance":-0.623437,"touchZone":"hovering","type":1,"width":19.3376},{"bases":[[[0.995161,-0.0947809,-0.0259005],[0.0960703,0.9939,0.0541559],[0.0206096,-0.0563821,0.998197]],[[0.995372,-0.0958104,-0.00738118],[0.0198276,0.279932,-0.959815],[0.0940265,0.955227,0.280537]],[[0.995372,-0.0958104,-0.00738118],[-0.0854486,-0.847345,-0.524123],[0.043962,0.522328,-0.851611]],[[0.995372,-0.0958104,-0.00738118],[-0.0954779,-0.994752,0.0367804],[-0.0108664,-0.0359054,-0.999296]]],"btipPosition":[22.1065,267.783,37.4224],"carpPosition":[29.1206,324.055,77.5803],"dipPosition":[21.9024,267.109,18.6486],"direction":[-0.043962,-0.522328,0.851611],"extended":false,"handId":521,"id":5212,"length":66.9886,"mcpPosition":[27.6831,327.988,7.95667],"pipPosition":[23.1522,281.958,-5.5617],"stabilizedTipPosition":[-36.3516,271.388,192.076],"timeVisible":0.406591,"tipPosition":[22.0497,267.5,32.4526],"tipVelocity":[128.183,-11.0899,-171.965],"tool":false,"touchDistance":0.333333,"touchZone":"none","type":2,"width":18.9921},{"bases":[[[0.977255,-0.176698,0.117266],[0.167533,0.982285,0.0839598],[-0.130024,-0.0624042,0.989545]],[[0.975142,-0.177636,0.132453],[0.167078,0.196813,-0.9661],[0.145545,0.964215,0.221599]],[[0.975142,-0.177636,0.132453],[-0.095351,-0.875988,-0.472815],[0.200016,0.448432,-0.87115]],[[0.975142,-0.177636,0.132453],[-0.186588,-0.980697,0.058458],[0.119512,-0.0817191,-0.989464]]],"btipPosition":[35.2222,273.784,47.2353],"carpPosition":[41.3526,323.838,76.4938],"dipPosition":[37.4546,272.257,28.753],"direction":[-0.200016,-0.448432,0.87115],"extended":false,"handId":521,"id":5213,"length":64.4113,"mcpPosition":[49.4951,327.746,14.5252],"pipPosition":[42.9939,284.677,4.62688],"stabilizedTipPosition":[-23.1205,268.641,208.653],"timeVisible":0.406591,"tipPosition":[35.7837,273.211,42.0363],"tipVelocity":[115.098,13.0713,-152.573],"tool":false,"touchDistance":0.333333,"touchZone":"none","type":3,"width":18.0722},{"bases":[[[0.914433,-0.34259,0.215512],[0.305342,0.933446,0.188269],[-0.265668,-0.106354,0.95818]],[[0.925581,-0.337391,0.171658],[0.265026,0.253764,-0.93025],[0.270298,0.906516,0.324297]],[[0.925581,-0.337391,0.171658],[-0.189404,-0.805378,-0.561688],[0.327759,0.487375,-0.809346]],[[0.925581,-0.337391,0.171658],[-0.334316,-0.941268,-0.047415],[0.177574,-0.0135018,-0.984015]]],"btipPosition":[49.9713,281.465,43.1647],"carpPosition":[53.5944,316.642,77.3916],"dipPosition":[53.0313,281.232,26.2079],"direction":[-0.327759,-0.487375,0.809346],"extended":false,"handId":521,"id":5214,"length":50.4973,"mcpPosition":[68.9951,322.807,21.8462],"pipPosition":[59.4401,290.762,10.3823],"stabilizedTipPosition":[-2.67637,270.128,199.615],"timeVisible":0.406591,"tipPosition":[51.0717,281.287,38.5802],"tipVelocity":[95.5202,28.7853,-168.27],"tool":false,"touchDistance":0.333333,"touchZone":"none","type":4,"width":16.0532}],"r":[[0.83846,0.519251,0.165418],[-0.544088,0.814812,0.200125],[-0.0308693,-0.257799,0.965705]],"s":1.05863,"t":[38.0369,14.2213,-178.054],"timestamp":522350829802},false],[4,{"currentFrameRate":103.869,"devices":[],"gestures":[],"hands":[{"armBasis":[[0.967493,0.0301269,-0.251099],[-0.0558728,0.993808,-0.0960426],[0.24665,0.10695,0.963185]],"armWidth":63.703,"confidence":0.713493,"direction":[0.002232,0.213009,-0.977048],"elbow":[105.115,340.897,344.696],"grabStrength":0,"id":521,"palmNormal":[0.059392,-0.975354,-0.212504],"palmPosition":[31.307,318.876,30.9282],"palmVelocity":[47.2523,2.00356,-152.615],"palmWidth":90.9658,"pinchStrength":0.614931,"r":[[0.831662,0.528634,0.169954],[-0.554473,0.807114,0.2028],[-0.029965,-0.262896,0.964359]],"s":1.06352,"sphereCenter":[44.6253,278.289,5.3849],"sphereRadius":48.0368,"stabilizedPalmPosition":[-2.29153,314.417,187.484],"t":[38.4231,14.2344,-179.103],"timeVisible":0.415668,"type":"right","wrist":[38.5372,312.028,84.7055]}],"id":4171409,"interactionBox":{"center":[0,200,0],"size":[235.247,235.247,147.751]},"pointables":[{"bases":[[[0.349,0.937107,0.0053823],[-0.830803,0.306742,0.464408],[0.433549,-0.16655,0.885605]],[[0.171656,0.93496,-0.310458],[-0.950067,0.240465,0.198868],[0.260588,0.260819,0.929552]],[[0.171656,0.93496,-0.310458],[-0.984916,0.155907,-0.0750517],[-0.0217678,0.318658,0.94762]],[[0.171656,0.93496,-0.310458],[-0.716757,-0.0976721,-0.690449],[-0.675865,0.341043,0.653373]]],"btipPosition":[14.2717,267.27,-8.6459],"carpPosition":[10.7207,299.128,85.331],"dipPosition":[-1.54175,275.25,6.6413],"direction":[0.0217678,-0.318658,-0.94762],"extended":false,"handId":521,"id":5210,"length":52.1025,"mcpPosition":[10.7207,299.128,85.331],"pipPosition":[-2.28374,286.112,38.9424],"stabilizedTipPosition":[-46.3143,270.49,156.026],"timeVisible":0.415668,"tipPosition":[11.5238,268.529,-5.54303],"tipVelocity":[90.7884,18.4566,-181.556],"tool":false,"touchDistance":-0.561677,"touchZone":"hovering","type":0,"width":20.2446},{"bases":[[[0.984436,0.0925021,-0.149431],[-0.0832712,0.994278,0.0669054],[0.154765,-0.0534208,0.986506]],[[0.996323,0.0844244,-0.0145929],[-0.085553,0.971216,-0.222308],[-0.00459527,0.222739,0.974867]],[[0.996323,0.0844244,-0.0145929],[-0.0841779,0.932879,-0.350214],[-0.0159532,0.350155,0.936556]],[[0.996323,0.0844244,-0.0145929],[-0.0822363,0.894566,-0.439305],[-0.0240337,0.43889,0.898219]]],"btipPosition":[7.243,299.341,-73.2499],"carpPosition":[17.6326,320.937,79.1525],"dipPosition":[6.83248,306.838,-57.9074],"direction":[0.0159532,-0.350155,-0.936556],"extended":true,"handId":521,"id":5211,"length":58.7918,"mcpPosition":[6.24962,324.866,6.59503],"pipPosition":[6.44699,315.299,-35.2765],"stabilizedTipPosition":[-39.6222,291.707,80.6975],"timeVisible":0.415668,"tipPosition":[7.56336,299.689,-69.1905],"tipVelocity":[91.4024,76.8726,-185.998],"tool":false,"touchDistance":-0.605767,"touchZone":"hovering","type":1,"width":19.3376},{"bases":[[[0.995969,-0.0864304,-0.0239778],[0.0877762,0.994189,0.0623215],[0.018452,-0.0641749,0.997768]],[[0.99614,-0.0876039,-0.00549765],[0.0192599,0.27925,-0.960025],[0.0856372,0.956214,0.27986]],[[0.99614,-0.0876039,-0.00549765],[-0.0774442,-0.847679,-0.524827],[0.0413166,0.523227,-0.851191]],[[0.99614,-0.0876039,-0.00549765],[-0.0873829,-0.995652,0.0322724],[-0.00830094,-0.0316674,-0.999464]]],"btipPosition":[22.9555,267.906,36.7615],"carpPosition":[29.3877,323.787,76.8657],"dipPosition":[22.7995,267.311,17.9846],"direction":[-0.0413166,-0.523227,0.851191],"extended":false,"handId":521,"id":5212,"length":66.9886,"mcpPosition":[28.1007,328.263,7.272],"pipPosition":[23.9741,282.185,-6.21376],"stabilizedTipPosition":[-35.9391,271.363,190.965],"timeVisible":0.415668,"tipPosition":[22.9092,267.628,31.6769],"tipVelocity":[118.935,-3.73555,-144.562],"tool":false,"touchDistance":0.333333,"touchZone":"none","type":2,"width":18.9921},{"bases":[[[0.978359,-0.169631,0.118484],[0.159253,0.982921,0.092224],[-0.132104,-0.0713593,0.988664]],[[0.976286,-0.170674,0.13318],[0.167016,0.202389,-0.964958],[0.137739,0.964318,0.226095]],[[0.976286,-0.170674,0.13318],[-0.0876175,-0.874062,-0.477848],[0.197963,0.454848,-0.868288]],[[0.976286,-0.170674,0.13318],[-0.178724,-0.982579,0.0509467],[0.122164,-0.0735409,-0.989782]]],"btipPosition":[35.9798,273.85,46.333],"carpPosition":[41.6239,323.678,75.8104],"dipPosition":[38.2617,272.476,27.8448],"direction":[-0.197963,-0.454848,0.868288],"extended":false,"handId":521,"id":5213,"length":64.4113,"mcpPosition":[49.8967,328.147,13.897],"pipPosition":[43.7442,285.073,3.79789],"stabilizedTipPosition":[-22.7284,268.673,207.558],"timeVisible":0.415668,"tipPosition":[36.5557,273.322,41.1222],"tipVelocity":[106.697,12.5392,-137.91],"tool":false,"touchDistance":0.333333,"touchZone":"none","type":3,"width":18.0722},{"bases":[[[0.916642,-0.336809,0.215237],[0.297184,0.934379,0.196511],[-0.2673,-0.116166,0.956586]],[[0.927674,-0.33128,0.172264],[0.265379,0.260418,-0.928308],[0.26267,0.906882,0.329498]],[[0.927674,-0.33128,0.172264],[-0.18161,-0.803417,-0.567044],[0.32625,0.494747,-0.805473]],[[0.927674,-0.33128,0.172264],[-0.326627,-0.94352,-0.0555348],[0.180932,-0.00474789,-0.983484]]],"btipPosition":[50.6347,281.659,42.2807],"carpPosition":[53.9219,316.576,76.6839],"dipPosition":[53.7525,281.578,25.3331],"direction":[-0.32625,-0.494747,0.805473],"extended":false,"handId":521,"id":5214,"length":50.4973,"mcpPosition":[69.4172,323.31,21.2309],"pipPosition":[60.1319,291.252,9.58318],"stabilizedTipPosition":[-2.55365,270.154,199.248],"timeVisible":0.415668,"tipPosition":[51.7445,281.528,37.6933],"tipVelocity":[89.7217,27.8071,-148.604],"tool":false,"touchDistance":0.333333,"touchZone":"none","type":4,"width":16.0532}],"r":[[0.831662,0.528634,0.169954],[-0.554473,0.807114,0.2028],[-0.029965,-0.262896,0.964359]],"s":1.06352,"t":[38.4231,14.2344,-179.103],"timestamp":522350838879},false],[5,{"currentFrameRate":104.203,"devices":[],"gestures":[],"hands":[{"armBasis":[[0.969467,0.033752,-0.242888],[-0.0578927,0.993986,-0.0929482],[0.23829,0.104172,0.965591]],"armWidth":63.703,"confidence":0.719304,"direction":[0.00605814,0.217935,-0.975944],"elbow":[103.182,340.067,343.963],"grabStrength":0,"id":521,"palmNormal":[0.062784,-0.97412,-0.217138],"palmPosition":[31.8537,319.049,29.5493],"palmVelocity":[51.0033,6.73456,-152.92],"palmWidth":90.9658,"pinchStrength":0.6072,"r":[[0.825712,0.536298,0.174881],[-0.563298,0.800366,0.205205],[-0.0299181,-0.267951,0.962968]],"s":1.06791,"sphereCenter":[45.1986,278.69,3.83289],"sphereRadius":48.0512,"stabilizedPalmPosition":[-2.28852,314.417,187.47],"t":[38.8895,14.3274,-180.317],"timeVisible":0.424638,"type":"right","wrist":[38.861,311.948,83.3233]}],"id":4171410,"interactionBox":{"center":[0,200,0],"size":[235.247,235.247,147.751]},"pointables":[{"bases":[[[0.346622,0.937932,0.0116566],[-0.833634,0.302333,0.462223],[0.430009,-0.169934,0.886687]],[[0.171104,0.937072,-0.304335],[-0.950728,0.238088,0.198573],[0.258536,0.255363,0.931638]],[[0.171104,0.937072,-0.304335],[-0.984946,0.154969,-0.076596],[-0.0246135,0.312859,0.949481]],[[0.171104,0.937072,-0.304335],[-0.712565,-0.0956256,-0.695058],[-0.680422,0.335785,0.651363]]],"btipPosition":[14.9315,267.711,-10.338],"carpPosition":[11.0745,298.976,83.7594],"dipPosition":[-0.988577,275.568,4.90218],"direction":[0.0246135,-0.312859,-0.949481],"extended":false,"handId":521,"id":5210,"length":52.1025,"mcpPosition":[11.0745,298.976,83.7594],"pipPosition":[-1.82757,286.232,37.2667],"stabilizedTipPosition":[-46.1593,270.488,155.588],"timeVisible":0.424638,"tipPosition":[12.1706,268.951,-7.22053],"tipVelocity":[85.3215,25.9975,-183.826],"tool":false,"touchDistance":-0.559386,"touchZone":"hovering","type":0,"width":20.2446},{"bases":[[[0.984858,0.0956989,-0.144557],[-0.0860605,0.993719,0.0715314],[0.150494,-0.0580076,0.986908]],[[0.996149,0.0870336,-0.0105936],[-0.087293,0.973252,-0.212511],[-0.0081854,0.212618,0.977101]],[[0.996149,0.0870336,-0.0105936],[-0.0853716,0.935343,-0.343286],[-0.0199688,0.342869,0.939171]],[[0.996149,0.0870336,-0.0105936],[-0.0829757,0.89681,-0.434564],[-0.0283213,0.43377,0.900578]]],"btipPosition":[8.20811,300.273,-74.9097],"carpPosition":[17.9591,320.833,77.7217],"dipPosition":[7.72435,307.682,-59.5269],"direction":[0.0199688,-0.342869,-0.939171],"extended":true,"handId":521,"id":5211,"length":58.7918,"mcpPosition":[6.89026,325.099,5.13463],"pipPosition":[7.24183,315.967,-36.8328],"stabilizedTipPosition":[-39.5121,291.73,80.3468],"timeVisible":0.424638,"tipPosition":[8.50971,300.611,-70.8601],"tipVelocity":[95.3213,83.6441,-185.453],"tool":false,"touchDistance":-0.598282,"touchZone":"hovering","type":1,"width":19.3376},{"bases":[[[0.99628,-0.0838344,-0.019955],[0.0850053,0.994077,0.0677125],[0.0141602,-0.0691569,0.997505]],[[0.996371,-0.0851082,-0.0013685],[0.0225464,0.279388,-0.959914],[0.0820789,0.956399,0.280293]],[[0.996371,-0.0851082,-0.0013685],[-0.0730889,-0.847198,-0.526226],[0.0436268,0.524416,-0.850344]],[[0.996371,-0.0851082,-0.0013685],[-0.0850352,-0.995972,0.0284306],[-0.00378267,-0.028211,-0.999595]]],"btipPosition":[23.6052,268.082,35.3735],"carpPosition":[29.7172,323.724,75.5019],"dipPosition":[23.5341,267.552,16.5941],"direction":[-0.0436268,-0.524416,0.850344],"extended":false,"handId":521,"id":5212,"length":66.9886,"mcpPosition":[28.7295,328.547,5.92645],"pipPosition":[24.7744,282.461,-7.58017],"stabilizedTipPosition":[-35.4866,271.337,189.75],"timeVisible":0.424638,"tipPosition":[23.5825,267.821,30.247],"tipVelocity":[106.798,3.12779,-147.367],"tool":false,"touchDistance":0.333333,"touchZone":"none","type":2,"width":18.9921},{"bases":[[[0.978243,-0.167795,0.122006],[0.156376,0.982836,0.0978776],[-0.136336,-0.0766692,0.987691]],[[0.976213,-0.168865,0.135991],[0.169479,0.203132,-0.964372],[0.135225,0.96448,0.226919]],[[0.976213,-0.168865,0.135991],[-0.0842283,-0.873323,-0.479805],[0.199786,0.456937,-0.866772]],[[0.976213,-0.168865,0.135991],[-0.176517,-0.983211,0.046239],[0.125899,-0.0691438,-0.98963]]],"btipPosition":[36.5711,274.007,45.0026],"carpPosition":[41.9582,323.65,74.5008],"dipPosition":[38.9228,272.716,26.5173],"direction":[-0.199786,-0.456937,0.866772],"extended":false,"handId":521,"id":5213,"length":64.4113,"mcpPosition":[50.496,328.452,12.6483],"pipPosition":[44.4558,285.371,2.51233],"stabilizedTipPosition":[-22.3153,268.708,206.406],"timeVisible":0.424638,"tipPosition":[37.1662,273.505,39.7686],"tipVelocity":[96.0222,14.4923,-140.738],"tool":false,"touchDistance":0.333333,"touchZone":"none","type":3,"width":18.0722},{"bases":[[[0.916514,-0.335612,0.21764],[0.293961,0.934112,0.202536],[-0.271274,-0.121649,0.954784]],[[0.927648,-0.329884,0.175061],[0.268966,0.264945,-0.925992],[0.259088,0.90608,0.334503]],[[0.927648,-0.329884,0.175061],[-0.176996,-0.801123,-0.57173],[0.32885,0.499379,-0.801548]],[[0.927648,-0.329884,0.175061],[-0.323979,-0.944021,-0.0621463],[0.185762,0.000933814,-0.982594]]],"btipPosition":[51.2056,281.816,40.8258],"carpPosition":[54.2699,316.574,75.3935],"dipPosition":[54.4067,281.832,23.8935],"direction":[-0.32885,-0.499379,0.801548],"extended":false,"handId":521,"id":5214,"length":50.4973,"mcpPosition":[69.9956,323.626,20.045],"pipPosition":[60.8369,291.596,8.22036],"stabilizedTipPosition":[-2.42157,270.182,198.855],"timeVisible":0.424638,"tipPosition":[52.3338,281.717,36.2516],"tipVelocity":[83.1673,25.6524,-152.217],"tool":false,"touchDistance":0.333333,"touchZone":"none","type":4,"width":16.0532}],"r":[[0.825712,0.536298,0.174881],[-0.563298,0.800366,0.205205],[-0.0299181,-0.267951,0.962968]],"s":1.06791,"t":[38.8895,14.3274,-180.317],"timestamp":522350847849},false],[6,{"currentFrameRate":104.444,"devices":[],"gestures":[],"hands":[{"armBasis":[[0.969508,0.0316912,-0.243002],[-0.0554996,0.994233,-0.0917639],[0.238693,0.102452,0.965676]],"armWidth":63.703,"confidence":0.726964,"direction":[0.00951892,0.217819,-0.975943],"elbow":[103.884,339.692,342.199],"grabStrength":0,"id":521,"palmNormal":[0.0613429,-0.974276,-0.216849],"palmPosition":[32.6266,319.149,27.7399],"palmVelocity":[60.3656,7.88815,-165.53],"palmWidth":90.9658,"pinchStrength":0.59789,"r":[[0.82101,0.542016,0.179336],[-0.570096,0.795146,0.206722],[-0.0305518,-0.271959,0.961824]],"s":1.07181,"sphereCenter":[45.8201,278.806,2.05437],"sphereRadius":48.0642,"stabilizedPalmPosition":[-2.28489,314.418,187.454],"t":[39.5091,14.4236,-181.829],"timeVisible":0.433762,"type":"right","wrist":[39.4538,312.038,81.5358]}],"id":4171411,"interactionBox":{"center":[0,200,0],"size":[235.247,235.247,147.751]},"pointables":[{"bases":[[[0.348612,0.937182,0.012626],[-0.83439,0.304183,0.459637],[0.426923,-0.17077,0.888017]],[[0.17473,0.936889,-0.302833],[-0.950231,0.241025,0.197404],[0.257936,0.253269,0.932375]],[[0.17473,0.936889,-0.302833],[-0.98429,0.158286,-0.078221],[-0.0253501,0.311743,0.949828]],[[0.17473,0.936889,-0.302833],[-0.710902,-0.0927576,-0.697148],[-0.68124,0.337097,0.649829]]],"btipPosition":[15.5692,267.973,-12.2221],"carpPosition":[11.638,299.126,81.888],"dipPosition":[-0.370022,275.86,2.98216],"direction":[0.0253501,-0.311743,-0.949828],"extended":false,"handId":521,"id":5210,"length":52.1025,"mcpPosition":[11.638,299.126,81.888],"pipPosition":[-1.23412,286.487,35.3585],"stabilizedTipPosition":[-46.0114,270.486,155.17],"timeVisible":0.433762,"tipPosition":[12.7991,269.21,-9.07511],"tipVelocity":[80.9017,26.9638,-190.376],"tool":false,"touchDistance":-0.560167,"touchZone":"hovering","type":0,"width":20.2446},{"bases":[[[0.985501,0.0935547,-0.141548],[-0.0841309,0.99391,0.0711695],[0.147344,-0.058229,0.98737]],[[0.996351,0.0849398,-0.00841227],[-0.0848169,0.974192,-0.209179],[-0.00957242,0.209129,0.977841]],[[0.996351,0.0849398,-0.00841227],[-0.0826861,0.936039,-0.342045],[-0.021179,0.341492,0.939646]],[[0.996351,0.0849398,-0.00841227],[-0.0801355,0.896929,-0.434853],[-0.0293911,0.43394,0.900462]]],"btipPosition":[9.17611,300.604,-76.8374],"carpPosition":[18.5884,320.967,75.8693],"dipPosition":[8.67408,308.016,-61.4565],"direction":[0.021179,-0.341492,-0.939646],"extended":true,"handId":521,"id":5211,"length":58.7918,"mcpPosition":[7.75117,325.25,3.24825],"pipPosition":[8.16231,316.268,-38.751],"stabilizedTipPosition":[-39.3763,291.76,79.9171],"timeVisible":0.433762,"tipPosition":[9.46971,300.967,-72.803],"tipVelocity":[98.1858,70.5047,-192.64],"tool":false,"touchDistance":-0.595709,"touchZone":"hovering","type":1,"width":19.3376},{"bases":[[[0.996153,-0.0859898,-0.0168944],[0.0869463,0.993898,0.0678747],[0.0109548,-0.0690825,0.997551]],[[0.996182,-0.0872783,0.00193694],[0.0258505,0.273717,-0.961463],[0.0833847,0.957842,0.274928]],[[0.996182,-0.0872783,0.00193694],[-0.073393,-0.849298,-0.522787],[0.047273,0.520648,-0.852461]],[[0.996182,-0.0872783,0.00193694],[-0.0872972,-0.995735,0.0298416],[-0.000675847,-0.0298968,-0.999553]]],"btipPosition":[24.246,268.255,33.8716],"carpPosition":[30.3594,323.832,73.6852],"dipPosition":[24.2333,267.693,15.093],"direction":[-0.047273,-0.520648,0.852461],"extended":false,"handId":521,"id":5212,"length":66.9886,"mcpPosition":[29.5953,328.651,4.10663],"pipPosition":[25.5772,282.495,-9.14148],"stabilizedTipPosition":[-35.0195,271.312,188.497],"timeVisible":0.433762,"tipPosition":[24.2406,267.984,28.6942],"tipVelocity":[97.0507,7.29908,-152.151],"tool":false,"touchDistance":0.333333,"touchZone":"none","type":2,"width":18.9921},{"bases":[[[0.9775,-0.169897,0.125019],[0.1582,0.982506,0.0982594],[-0.139526,-0.0762705,0.987277]],[[0.975502,-0.170923,0.138494],[0.171919,0.19952,-0.964695],[0.137256,0.964872,0.224018]],[[0.975502,-0.170923,0.138494],[-0.0853165,-0.874218,-0.477978],[0.202771,0.454453,-0.867385]],[[0.975502,-0.170923,0.138494],[-0.17881,-0.982781,0.0465716],[0.128149,-0.0701948,-0.989268]]],"btipPosition":[37.2005,274.136,43.3892],"carpPosition":[42.6032,323.733,72.7217],"dipPosition":[39.5942,272.824,24.9107],"direction":[-0.202771,-0.454453,0.867385],"extended":false,"handId":521,"id":5213,"length":64.4113,"mcpPosition":[51.3408,328.509,10.8951],"pipPosition":[45.2099,285.41,0.888783],"stabilizedTipPosition":[-21.9054,268.743,205.265],"timeVisible":0.433762,"tipPosition":[37.8055,273.63,38.1535],"tipVelocity":[88.8056,14.2319,-150.716],"tool":false,"touchDistance":0.333333,"touchZone":"none","type":3,"width":18.0722},{"bases":[[[0.915115,-0.337569,0.22048],[0.295358,0.933496,0.203343],[-0.27446,-0.120962,0.95396]],[[0.926306,-0.33192,0.178287],[0.272154,0.262211,-0.925839],[0.260555,0.906132,0.333221]],[[0.926306,-0.33192,0.178287],[-0.177195,-0.801381,-0.571306],[0.332504,0.497613,-0.801138]],[[0.926306,-0.33192,0.178287],[-0.325843,-0.943308,-0.0632228],[0.189165,0.000470069,-0.981945]]],"btipPosition":[51.8353,281.872,39.1589],"carpPosition":[54.8969,316.63,73.6528],"dipPosition":[55.095,281.88,22.2378],"direction":[-0.332504,-0.497613,0.801138],"extended":false,"handId":521,"id":5214,"length":50.4973,"mcpPosition":[70.8072,323.642,18.352],"pipPosition":[61.5967,291.61,6.57271],"stabilizedTipPosition":[-2.28666,270.211,198.454],"timeVisible":0.433762,"tipPosition":[52.9727,281.776,34.5861],"tipVelocity":[79.6463,20.1929,-160.603],"tool":false,"touchDistance":0.333333,"touchZone":"none","type":4,"width":16.0532}],"r":[