{"sensorType":"Leap","data":[[0,{"currentFrameRate":97.1339,"devices":[],"gestures":[],"hands":[{"armBasis":[[0.971514,-0.0540871,-0.230729],[0.0293389,0.993567,-0.109375],[0.23516,0.0994903,0.966851]],"armWidth":63.703,"confidence":0.65111,"direction":[-0.0356687,0.29147,-0.955915],"elbow":[108.404,331.892,349.875],"grabStrength":0,"id":519,"palmNormal":[-0.0471567,-0.955949,-0.289721],"palmPosition":[35.1906,316.908,36.4024],"palmVelocity":[54.46,-7.49583,-298.65],"palmWidth":90.9658,"pinchStrength":0.632326,"r":[[0.874807,0.453904,0.169363],[-0.482625,0.846983,0.222921],[-0.0422628,-0.276752,0.960012]],"s":1.01161,"sphereCenter":[45.4379,278.489,7.21408],"sphereRadius":48.1559,"stabilizedPalmPosition":[12.6008,299.272,132.187],"t":[34.1866,35.3063,-138.498],"timeVisible":0.253044,"type":"right","wrist":[44.9273,305.037,88.8947]}],"id":4170847,"interactionBox":{"center":[0,200,0],"size":[235.247,235.247,147.751]},"pointables":[{"bases":[[[0.436911,0.897921,0.0533524],[-0.768377,0.341725,0.54113],[0.46766,-0.277421,0.839245]],[[0.220841,0.935156,-0.276971],[-0.931139,0.286653,0.22541],[0.290189,0.208119,0.934065]],[[0.220841,0.935156,-0.276971],[-0.972518,0.232614,0.0099618],[0.0737432,0.267159,0.960827]],[[0.220841,0.935156,-0.276971],[-0.720901,-0.0347592,-0.692165],[-0.65691,0.352527,0.666479]]],"btipPosition":[14.4642,266.967,-4.55864],"carpPosition":[16.0895,294.708,90.4003],"dipPosition":[-0.905758,275.216,11.0352],"direction":[-0.0737432,-0.267159,-0.960827],"extended":false,"handId":519,"id":5190,"length":52.1025,"mcpPosition":[16.0895,294.708,90.4003],"pipPosition":[1.60789,284.322,43.7864],"stabilizedTipPosition":[-24.4799,254.15,99.3746],"timeVisible":0.253044,"tipPosition":[11.8988,268.867,-1.62878],"tipVelocity":[90.0828,-4.78491,-314.067],"tool":false,"touchDistance":-0.485317,"touchZone":"hovering","type":0,"width":20.2446},{"bases":[[[0.97809,0.0146877,-0.207663],[0.0165559,0.988861,0.147919],[0.207522,-0.148116,0.966952]],[[0.99966,-0.0133897,-0.0223756],[0.0108696,0.993963,-0.109178],[0.0237024,0.108898,0.99377]],[[0.99966,-0.0133897,-0.0223756],[0.00726765,0.967161,-0.254062],[0.0250426,0.253813,0.966929]],[[0.99966,-0.0133897,-0.0223756],[0.00451316,0.933989,-0.357272],[0.0256823,0.35705,0.933732]]],"btipPosition":[7.35377,310.218,-67.6646],"carpPosition":[24.6789,316.233,85.452],"dipPosition":[7.79245,316.317,-51.7155],"direction":[-0.0250426,-0.253813,-0.966929],"extended":true,"handId":519,"id":5191,"length":58.7918,"mcpPosition":[9.41562,327.127,14.3327],"pipPosition":[8.39758,322.45,-28.3507],"stabilizedTipPosition":[-22.6293,284.648,33.7635],"timeVisible":0.253044,"tipPosition":[8.08007,311.545,-64.0227],"tipVelocity":[79.2073,21.9831,-311.668],"tool":false,"touchDistance":-0.587551,"touchZone":"hovering","type":1,"width":19.3376},{"bases":[[[0.979885,-0.174252,-0.0972686],[0.186227,0.973616,0.131875],[0.0717228,-0.147336,0.986483]],[[0.981104,-0.177109,-0.0778948],[-0.0128677,0.341976,-0.939621],[0.193053,0.922868,0.333235]],[[0.981104,-0.177109,-0.0778948],[-0.191088,-0.823846,-0.533632],[0.0303376,0.538433,-0.842122]],[[0.981104,-0.177109,-0.0778948],[-0.174822,-0.983967,0.0353161],[-0.0829006,-0.021031,-0.996336]]],"btipPosition":[22.8852,269.076,40.3998],"carpPosition":[36.4956,318.182,82.6055],"dipPosition":[21.3278,268.681,21.6817],"direction":[-0.0303376,-0.538433,0.842122],"extended":false,"handId":519,"id":5192,"length":66.9886,"mcpPosition":[31.493,328.459,13.7989],"pipPosition":[22.1902,283.988,-2.25888],"stabilizedTipPosition":[-11.8602,261.035,131.49],"timeVisible":0.253044,"tipPosition":[22.4526,268.791,35.6338],"tipVelocity":[106.309,-22.2259,-320.785],"tool":false,"touchDistance":0.333333,"touchZone":"none","type":2,"width":18.9921},{"bases":[[[0.962914,-0.26693,0.039298],[0.257951,0.953486,0.155968],[-0.0791028,-0.140047,0.98698]],[[0.961452,-0.269242,0.055847],[0.128833,0.26165,-0.956526],[0.242924,0.926848,0.286251]],[[0.961452,-0.269242,0.055847],[-0.207843,-0.844559,-0.493478],[0.180031,0.462848,-0.867963]],[[0.961452,-0.269242,0.055847],[-0.272266,-0.960573,0.0563029],[0.038486,-0.0693378,-0.996851]]],"btipPosition":[36.9782,272.896,48.7903],"carpPosition":[48.5801,317.05,80.7263],"dipPosition":[37.6971,271.601,30.1701],"direction":[-0.180031,-0.462848,0.867963],"extended":false,"handId":519,"id":5193,"length":64.4113,"mcpPosition":[53.5338,325.82,18.9184],"pipPosition":[42.6829,284.42,6.13217],"stabilizedTipPosition":[3.7149,260.629,136.856],"timeVisible":0.253044,"tipPosition":[37.1317,272.387,43.7987],"tipVelocity":[99.673,-8.8489,-309.246],"tool":false,"touchDistance":0.333333,"touchZone":"none","type":3,"width":18.0722},{"bases":[[[0.891341,-0.435195,0.126952],[0.396571,0.884217,0.246762],[-0.219643,-0.169604,0.960724]],[[0.902196,-0.425067,0.0732153],[0.217193,0.30105,-0.928545],[0.372652,0.853632,0.363928]],[[0.902196,-0.425067,0.0732153],[-0.314652,-0.764702,-0.562338],[0.295019,0.484302,-0.82366]],[[0.902196,-0.425067,0.0732153],[-0.423099,-0.90514,-0.0413441],[0.083844,0.00632316,-0.996459]]],"btipPosition":[52.5168,278.889,44.9478],"carpPosition":[60.1709,308.812,80.2288],"dipPosition":[53.9616,278.998,27.7766],"direction":[-0.295019,-0.484302,0.82366],"extended":false,"handId":519,"id":5194,"length":50.4973,"mcpPosition":[72.9035,318.644,24.5359],"pipPosition":[59.7303,288.468,11.6711],"stabilizedTipPosition":[22.4753,262.227,129.15],"timeVisible":0.253044,"tipPosition":[53.0377,278.705,40.8066],"tipVelocity":[90.352,10.3148,-307.872],"tool":false,"touchDistance":0.333333,"touchZone":"none","type":4,"width":16.0532}],"r":[[0.874807,0.453904,0.169363],[-0.482625,0.846983,0.222921],[-0.0422628,-0.276752,0.960012]],"s":1.01161,"t":[34.1866,35.3063,-138.498],"timestamp":522344578463},false],[1,{"currentFrameRate":97.579,"devices":[],"gestures":[],"hands":[{"armBasis":[[0.972732,-0.0690535,-0.221413],[0.0435365,0.992044,-0.118127],[0.227808,0.105266,0.967999]],"armWidth":63.703,"confidence":0.660843,"direction":[-0.0339159,0.28837,-0.956918],"elbow":[107.196,332.509,347.496],"grabStrength":0,"id":519,"palmNormal":[-0.0621472,-0.956225,-0.285958],"palmPosition":[36.0031,315.912,33.6946],"palmVelocity":[63.6446,-35.5713,-296.021],"palmWidth":90.9658,"pinchStrength":0.633638,"r":[[0.871922,0.458251,0.172506],[-0.487812,0.843422,0.225121],[-0.0423333,-0.280438,0.958938]],"s":1.01231,"sphereCenter":[45.3041,277.325,4.60309],"sphereRadius":48.0867,"stabilizedPalmPosition":[12.6202,299.286,132.105],"t":[34.7798,34.6643,-140.971],"timeVisible":0.262401,"type":"right","wrist":[45.7041,304.095,86.2057]}],"id":4170848,"interactionBox":{"center":[0,200,0],"size":[235.247,235.247,147.751]},"pointables":[{"bases":[[[0.450356,0.891516,0.0487814],[-0.761745,0.355152,0.541859],[0.465751,-0.281188,0.839052]],[[0.233817,0.930696,-0.281308],[-0.925451,0.301747,0.229103],[0.298109,0.206769,0.931868]],[[0.233817,0.930696,-0.281308],[-0.96884,0.247343,0.0130442],[0.0817197,0.269492,0.959529]],[[0.233817,0.930696,-0.281308],[-0.719875,-0.0287636,-0.693508],[-0.653537,0.364661,0.663259]]],"btipPosition":[14.3487,266.165,-6.9028],"carpPosition":[16.7201,294.202,87.8269],"dipPosition":[-0.942347,274.697,8.61572],"direction":[-0.0817197,-0.269493,-0.959529],"extended":false,"handId":519,"id":5190,"length":52.1025,"mcpPosition":[16.7201,294.202,87.8269],"pipPosition":[1.84319,283.884,41.3227],"stabilizedTipPosition":[-24.3995,254.181,99.1407],"timeVisible":0.262401,"tipPosition":[11.7781,268.104,-3.98908],"tipVelocity":[61.5682,-25.7702,-296.562],"tool":false,"touchDistance":-0.500541,"touchZone":"hovering","type":0,"width":20.2446},{"bases":[[[0.977635,-0.000646762,-0.210306],[0.0316558,0.989055,0.144114],[0.207911,-0.147549,0.966955]],[[0.999236,-0.0280093,-0.0272619],[0.0248907,0.993764,-0.108687],[0.0301362,0.107925,0.993702]],[[0.999236,-0.0280093,-0.0272619],[0.0200773,0.966246,-0.256839],[0.0335356,0.256095,0.96607]],[[0.999236,-0.0280093,-0.0272619],[0.0162332,0.931873,-0.362422],[0.0355559,0.361703,0.931615]]],"btipPosition":[7.6112,309.428,-70.2829],"carpPosition":[25.6151,315.578,82.7741],"dipPosition":[8.21853,315.607,-54.3699],"direction":[-0.0335356,-0.256095,-0.96607],"extended":true,"handId":519,"id":5191,"length":58.7918,"mcpPosition":[10.3233,326.43,11.6546],"pipPosition":[9.02889,321.795,-31.0259],"stabilizedTipPosition":[-22.5282,284.735,33.4297],"timeVisible":0.262401,"tipPosition":[8.38909,310.701,-66.6406],"tipVelocity":[65.7146,-7.64371,-302.883],"tool":false,"touchDistance":-0.596528,"touchZone":"hovering","type":1,"width":19.3376},{"bases":[[[0.97692,-0.189175,-0.0991994],[0.201038,0.971227,0.127679],[0.0721914,-0.144675,0.986842]],[[0.978148,-0.191977,-0.0798244],[-0.0103771,0.338378,-0.940953],[0.207652,0.921219,0.328992]],[[0.978148,-0.191977,-0.0798244],[-0.204763,-0.822947,-0.529934],[0.0360437,0.534699,-0.844274]],[[0.978148,-0.191977,-0.0798244],[-0.189342,-0.981119,0.0394265],[-0.0858863,-0.0234508,-0.996029]]],"btipPosition":[22.9991,268.28,37.918],"carpPosition":[37.4518,317.34,79.8889],"dipPosition":[21.3856,267.839,19.2056],"direction":[-0.0360437,-0.534699,0.844274],"extended":false,"handId":519,"id":5192,"length":66.9886,"mcpPosition":[32.4165,327.431,11.0573],"pipPosition":[22.4103,283.04,-4.79605],"stabilizedTipPosition":[-11.7489,261.058,131.174],"timeVisible":0.262401,"tipPosition":[22.5506,267.988,33.1571],"tipVelocity":[79.2052,-40.3839,-304.981],"tool":false,"touchDistance":0.333333,"touchZone":"none","type":2,"width":18.9921},{"bases":[[[0.958942,-0.281077,0.0377629],[0.27252,0.950122,0.151659],[-0.0785072,-0.135141,0.987711]],[[0.957514,-0.283271,0.0540715],[0.130376,0.257965,-0.957317],[0.257231,0.923695,0.283937]],[[0.957514,-0.283271,0.0540715],[-0.221206,-0.841732,-0.492498],[0.185024,0.459613,-0.868632]],[[0.957514,-0.283271,0.0540715],[-0.286205,-0.956435,0.0576165],[0.0353948,-0.0706442,-0.996873]]],"btipPosition":[37.1541,271.816,46.1226],"carpPosition":[49.513,316.021,77.9821],"dipPosition":[37.8153,270.496,27.502],"direction":[-0.185024,-0.459613,0.868632],"extended":false,"handId":519,"id":5193,"length":64.4113,"mcpPosition":[54.4294,324.484,16.1283],"pipPosition":[42.9395,283.225,3.44554],"stabilizedTipPosition":[3.83707,260.669,136.51],"timeVisible":0.262401,"tipPosition":[37.2952,271.348,41.2159],"tipVelocity":[76.3237,-39.284,-302.397],"tool":false,"touchDistance":0.333333,"touchZone":"none","type":3,"width":18.0722},{"bases":[[[0.885112,-0.447927,0.126245],[0.410339,0.879141,0.242348],[-0.219541,-0.162702,0.96194]],[[0.89587,-0.438276,0.0730197],[0.219656,0.294013,-0.930219],[0.386224,0.849394,0.359668]],[[0.89587,-0.438276,0.0730197],[-0.327197,-0.761936,-0.558924],[0.300599,0.476832,-0.825997]],[[0.89587,-0.438276,0.0730197],[-0.436714,-0.89884,-0.0369914],[0.0818454,0.00125076,-0.996644]]],"btipPosition":[52.7643,277.671,42.3332],"carpPosition":[60.9786,307.61,77.4852],"dipPosition":[54.1746,277.692,25.1588],"direction":[-0.300599,-0.476832,0.825997],"extended":false,"handId":519,"id":5194,"length":50.4973,"mcpPosition":[73.7053,317.042,21.7218],"pipPosition":[60.0524,287.016,9.0076],"stabilizedTipPosition":[22.5987,262.29,128.784],"timeVisible":0.262401,"tipPosition":[53.2771,277.468,38.1973],"tipVelocity":[71.9776,-30.1764,-299.822],"tool":false,"touchDistance":0.333333,"touchZone":"none","type":4,"width":16.0532}],"r":[[0.871922,0.458251,0.172506],[-0.487812,0.843422,0.225121],[-0.0423333,-0.280438,0.958938]],"s":1.01231,"t":[34.7798,34.6643,-140.971],"timestamp":522344587820},false],[2,{"currentFrameRate":98.3095,"devices":[],"gestures":[],"hands":[{"armBasis":[[0.970438,-0.0645557,-0.232556],[0.0375598,0.99222,-0.118698],[0.238409,0.106454,0.965313]],"armWidth":63.703,"confidence":0.677299,"direction":[-0.0337146,0.286273,-0.957555],"elbow":[110.331,333.113,345.167],"grabStrength":0,"id":519,"palmNormal":[-0.0554708,-0.957159,-0.284201],"palmPosition":[36.3137,316.03,32.0475],"palmVelocity":[56.1584,-22.4374,-267.401],"palmWidth":90.9658,"pinchStrength":0.633391,"r":[[0.868931,0.462881,0.175215],[-0.493112,0.840011,0.226324],[-0.0424216,-0.283061,0.958163]],"s":1.01347,"sphereCenter":[45.5948,277.567,3.036],"sphereRadius":48.0381,"stabilizedPalmPosition":[12.6348,299.296,132.043],"t":[35.2318,34.4024,-143.031],"timeVisible":0.271119,"type":"right","wrist":[45.9781,304.378,84.6022]}],"id":4170849,"interactionBox":{"center":[0,200,0],"size":[235.247,235.247,147.751]},"pointables":[{"bases":[[[0.444584,0.894451,0.047972],[-0.765132,0.351369,0.539549],[0.465745,-0.27658,0.840586]],[[0.227963,0.931525,-0.28336],[-0.927154,0.296553,0.229001],[0.297351,0.210515,0.931271]],[[0.227963,0.931525,-0.28336],[-0.97027,0.241634,0.0137715],[0.0812981,0.271797,0.958915]],[[0.227963,0.931525,-0.28336],[-0.71676,-0.0364221,-0.696368],[-0.659005,0.361848,0.659377]]],"btipPosition":[14.8628,266.068,-8.40642],"carpPosition":[17.0541,294.305,86.1817],"dipPosition":[-0.55618,274.534,7.02127],"direction":[-0.0812981,-0.271797,-0.958915],"extended":false,"handId":519,"id":5190,"length":52.1025,"mcpPosition":[17.0541,294.305,86.1817],"pipPosition":[2.21499,283.799,39.7073],"stabilizedTipPosition":[-24.3399,254.205,98.9671],"timeVisible":0.271119,"tipPosition":[12.2788,267.999,-5.49626],"tipVelocity":[59.9723,-22.3279,-264.04],"tool":false,"touchDistance":-0.501688,"touchZone":"hovering","type":0,"width":20.2446},{"bases":[[[0.978064,0.00514919,-0.208242],[0.0250728,0.989516,0.142229],[0.206791,-0.14433,0.967681]],[[0.9994,-0.02141,-0.0272254],[0.0184217,0.994235,-0.105632],[0.02933,0.105067,0.994033]],[[0.9994,-0.02141,-0.0272254],[0.0136978,0.966296,-0.257068],[0.0318116,0.256541,0.96601]],[[0.9994,-0.02141,-0.0272254],[0.00999714,0.930918,-0.365092],[0.0331612,0.364601,0.930573]]],"btipPosition":[8.01963,309.403,-71.9998],"carpPosition":[25.824,315.727,81.1056],"dipPosition":[8.58606,315.63,-56.1046],"direction":[-0.0318116,-0.256541,-0.96601],"extended":true,"handId":519,"id":5191,"length":58.7918,"mcpPosition":[10.6145,326.342,9.93264],"pipPosition":[9.35475,321.829,-32.762],"stabilizedTipPosition":[-22.4558,284.797,33.1895],"timeVisible":0.271119,"tipPosition":[8.79467,310.613,-68.3462],"tipVelocity":[60.3843,-6.03853,-274.694],"tool":false,"touchDistance":-0.591023,"touchZone":"hovering","type":1,"width":19.3376},{"bases":[[[0.978309,-0.183162,-0.0967649],[0.194599,0.972732,0.126186],[0.0710139,-0.142279,0.987276]],[[0.979512,-0.185914,-0.0774057],[-0.0106477,0.336019,-0.941795],[0.201103,0.923324,0.327156]],[[0.979512,-0.185914,-0.0774057],[-0.198428,-0.825365,-0.528582],[0.0343828,0.533112,-0.845346]],[[0.979512,-0.185914,-0.0774057],[-0.183201,-0.982226,0.0408503],[-0.0836246,-0.0258326,-0.996162]]],"btipPosition":[23.6051,268.319,36.3622],"carpPosition":[37.6553,317.558,78.2418],"dipPosition":[22.034,267.834,17.6473],"direction":[-0.0343828,-0.533112,0.845346],"extended":false,"handId":519,"id":5192,"length":66.9886,"mcpPosition":[32.7021,327.482,9.37994],"pipPosition":[23.0115,282.99,-6.38489],"stabilizedTipPosition":[-11.6614,261.076,130.926],"timeVisible":0.271119,"tipPosition":[23.1695,268.023,31.6014],"tipVelocity":[76.9131,-28.6991,-271.187],"tool":false,"touchDistance":0.333333,"touchZone":"none","type":2,"width":18.9921},{"bases":[[[0.960624,-0.274907,0.0403403],[0.266162,0.952129,0.150358],[-0.0797437,-0.133701,0.987808]],[[0.959168,-0.277089,0.0567351],[0.129479,0.25183,-0.959071],[0.251461,0.927256,0.277424]],[[0.959168,-0.277089,0.0567351],[-0.215594,-0.846108,-0.487462],[0.183075,0.455326,-0.871299]],[[0.959168,-0.277089,0.0567351],[-0.280346,-0.957961,0.0609586],[0.037459,-0.074375,-0.996527]]],"btipPosition":[37.7205,272.046,44.8558],"carpPosition":[49.7287,316.312,76.3631],"dipPosition":[38.4201,270.656,26.2416],"direction":[-0.183075,-0.455326,0.871299],"extended":false,"handId":519,"id":5193,"length":64.4113,"mcpPosition":[54.7225,324.685,14.5033],"pipPosition":[43.4903,283.267,2.11134],"stabilizedTipPosition":[3.93156,260.699,136.244],"timeVisible":0.271119,"tipPosition":[37.8742,271.55,39.8884],"tipVelocity":[73.558,-22.224,-260.371],"tool":false,"touchDistance":0.333333,"touchZone":"none","type":3,"width":18.0722},{"bases":[[[0.887667,-0.442049,0.128995],[0.404236,0.882203,0.241478],[-0.220545,-0.162208,0.961794]],[[0.898387,-0.432531,0.0762757],[0.220159,0.293215,-0.930352],[0.380041,0.852609,0.358646]],[[0.898387,-0.432531,0.0762757],[-0.320885,-0.764973,-0.558434],[0.299889,0.477214,-0.826035]],[[0.898387,-0.432531,0.0762757],[-0.43099,-0.901619,-0.0364731],[0.0845474,-0.00010707,-0.996419]]],"btipPosition":[53.2782,277.907,40.7964],"carpPosition":[61.2484,307.973,75.907],"dipPosition":[54.7351,277.906,23.6259],"direction":[-0.299889,-0.477214,0.826035],"extended":false,"handId":519,"id":5194,"length":50.4973,"mcpPosition":[74.0334,317.376,20.152],"pipPosition":[60.599,287.237,7.47396],"stabilizedTipPosition":[22.694,262.338,128.501],"timeVisible":0.271119,"tipPosition":[53.807,277.706,36.6658],"tipVelocity":[68.8245,-15.0261,-266.778],"tool":false,"touchDistance":0.333333,"touchZone":"none","type":4,"width":16.0532}],"r":[[0.868931,0.462881,0.175215],[-0.493112,0.840011,0.226324],[-0.0424216,-0.283061,0.958163]],"s":1.01347,"t":[35.2318,34.4024,-143.031],"timestamp":522344596538},false],[3,{"currentFrameRate":98.7673,"devices":[],"gestures":[],"hands":[{"armBasis":[[0.970399,-0.0545704,-0.235262],[0.0274611,0.992752,-0.117004],[0.239942,0.10708,0.964864]],"armWidth":63.703,"confidence":0.684841,"direction":[-0.0330113,0.286904,-0.95739],"elbow":[110.819,333.51,344.104],"grabStrength":0,"id":519,"palmNormal":[-0.0441386,-0.957396,-0.285384],"palmPosition":[36.4699,316.211,31.0801],"palmVelocity":[45.1692,-10.6724,-221.876],"palmWidth":90.9658,"pinchStrength":0.634854,"r":[[0.865378,0.468378,0.178165],[-0.499304,0.836147,0.227054],[-0.0426249,-0.285446,0.957446]],"s":1.01477,"sphereCenter":[45.9581,277.979,2.0316],"sphereRadius":47.9996,"stabilizedPalmPosition":[12.647,299.305,131.992],"t":[35.5358,34.3616,-144.544],"timeVisible":0.280338,"type":"right","wrist":[46.0518,304.606,83.6605]}],"id":4170850,"interactionBox":{"center":[0,200,0],"size":[235.247,235.247,147.751]},"pointables":[{"bases":[[[0.434823,0.899092,0.050624],[-0.770948,0.342619,0.53689],[0.465369,-0.272481,0.842132]],[[0.21841,0.934083,-0.282464],[-0.93026,0.286737,0.228908],[0.294812,0.212769,0.931566]],[[0.21841,0.934083,-0.282464],[-0.972642,0.23185,0.0146292],[0.079154,0.271541,0.959166]],[[0.21841,0.934083,-0.282464],[-0.712216,-0.0452962,-0.700497],[-0.667117,0.354171,0.655376]]],"btipPosition":[15.4293,266.063,-9.40169],"carpPosition":[17.231,294.224,85.1161],"dipPosition":[-0.179448,274.35,5.93237],"direction":[-0.079154,-0.271541,-0.959166],"extended":false,"handId":519,"id":5190,"length":52.1025,"mcpPosition":[17.231,294.224,85.1161],"pipPosition":[2.51864,283.606,38.627],"stabilizedTipPosition":[-24.2876,254.224,98.8155],"timeVisible":0.280338,"tipPosition":[12.8329,267.966,-6.49038],"tipVelocity":[59.0602,-17.4824,-220.956],"tool":false,"touchDistance":-0.495104,"touchZone":"hovering","type":0,"width":20.2446},{"bases":[[[0.978762,0.015801,-0.204388],[0.0139541,0.989577,0.143326],[0.204522,-0.143134,0.968341]],[[0.99962,-0.0103965,-0.0255412],[0.00780886,0.995017,-0.0993989],[0.0264473,0.0991616,0.99472]],[[0.99962,-0.0103965,-0.0255412],[0.00356443,0.967152,-0.254173],[0.0273448,0.253985,0.966821]],[[0.99962,-0.0103965,-0.0255412],[0.000364444,0.931109,-0.364741],[0.0275737,0.364593,0.930759]]],"btipPosition":[8.48138,309.647,-73.11],"carpPosition":[25.7917,315.743,80.0961],"dipPosition":[8.95237,315.875,-57.2117],"direction":[-0.0273448,-0.253985,-0.966821],"extended":true,"handId":519,"id":5191,"length":58.7918,"mcpPosition":[10.7491,326.271,8.8747],"pipPosition":[9.61313,322.012,-33.8495],"stabilizedTipPosition":[-22.3956,284.848,32.9904],"timeVisible":0.280338,"tipPosition":[9.24165,310.787,-69.4401],"tipVelocity":[56.8315,3.07722,-231.443],"tool":false,"touchDistance":-0.576897,"touchZone":"hovering","type":1,"width":19.3376},{"bases":[[[0.98058,-0.172614,-0.0931011],[0.183712,0.974619,0.127933],[0.068655,-0.142553,0.987403]],[[0.981736,-0.175374,-0.0737404],[-0.0103933,0.337586,-0.941237],[0.189962,0.924813,0.329598]],[[0.981736,-0.175374,-0.0737404],[-0.187487,-0.826092,-0.531433],[0.032283,0.535553,-0.843884]],[[0.981736,-0.175374,-0.0737404],[-0.172988,-0.984205,0.0376254],[-0.0791742,-0.024182,-0.996567]]],"btipPosition":[24.2412,268.312,35.2407],"carpPosition":[37.6139,317.704,77.2808],"dipPosition":[22.7537,267.858,16.5182],"direction":[-0.032283,-0.535553,0.843884],"extended":false,"handId":519,"id":5192,"length":66.9886,"mcpPosition":[32.8253,327.647,8.41004],"pipPosition":[23.6715,283.083,-7.47248],"stabilizedTipPosition":[-11.5797,261.092,130.696],"timeVisible":0.280338,"tipPosition":[23.8359,268.046,30.5162],"tipVelocity":[75.2792,-20.6623,-229.337],"tool":false,"touchDistance":0.333333,"touchZone":"none","type":2,"width":18.9921},{"bases":[[[0.963337,-0.264687,0.0438408],[0.255395,0.954755,0.152366],[-0.0821865,-0.135583,0.987351]],[[0.961833,-0.266911,0.0602972],[0.130237,0.252734,-0.95873],[0.240656,0.929991,0.277849]],[[0.961833,-0.266911,0.0602972],[-0.204767,-0.848235,-0.488435],[0.181515,0.457446,-0.870515]],[[0.961833,-0.266911,0.0602972],[-0.270358,-0.960958,0.0588658],[0.0422312,-0.0729209,-0.996443]]],"btipPosition":[38.2886,272.232,43.9274],"carpPosition":[49.7072,316.589,75.4483],"dipPosition":[39.0774,270.87,25.3148],"direction":[-0.181515,-0.457446,0.870515],"extended":false,"handId":519,"id":5193,"length":64.4113,"mcpPosition":[54.854,325.079,13.6171],"pipPosition":[44.1044,283.539,1.20621],"stabilizedTipPosition":[4.01823,260.728,136.002],"timeVisible":0.280338,"tipPosition":[38.4702,271.751,38.9613],"tipVelocity":[70.8376,-10.1384,-215.617],"tool":false,"touchDistance":0.333333,"touchZone":"none","type":3,"width":18.0722},{"bases":[[[0.891821,-0.432691,0.132039],[0.393849,0.88621,0.243957],[-0.222573,-0.165563,0.960755]],[[0.902502,-0.423158,0.0801664],[0.221199,0.295712,-0.929314],[0.369541,0.856441,0.360483]],[[0.902502,-0.423158,0.0801664],[-0.310228,-0.767837,-0.560523],[0.298744,0.481003,-0.82425]],[[0.902502,-0.423158,0.0801664],[-0.421343,-0.906054,-0.0391794],[0.0892142,0.00158192,-0.996011]]],"btipPosition":[53.7774,278.264,39.8719],"carpPosition":[61.317,308.374,75.0291],"dipPosition":[55.3147,278.291,22.7084],"direction":[-0.298744,-0.481003,0.82425],"extended":false,"handId":519,"id":5194,"length":50.4973,"mcpPosition":[74.2194,317.971,19.3344],"pipPosition":[61.1563,287.696,6.59139],"stabilizedTipPosition":[22.7776,262.38,128.255],"timeVisible":0.280338,"tipPosition":[54.3325,278.076,35.742],"tipVelocity":[65.2737,0.219536,-220.072],"tool":false,"touchDistance":0.333333,"touchZone":"none","type":4,"width":16.0532}],"r":[[0.865378,0.468378,0.178165],[-0.499304,0.836147,0.227054],[-0.0426249,-0.285446,0.957446]],"s":1.01477,"t":[35.5358,34.3616,-144.544],"timestamp":522344605757},false],[4,{"currentFrameRate":99.355,"devices":[],"gestures":[],"hands":[{"armBasis":[[0.970593,-0.0556686,-0.2342],[0.0269242,0.991893,-0.124188],[0.239215,0.11423,0.964224]],"armWidth":63.703,"confidence":0.694989,"direction":[-0.0314048,0.286609,-0.957533],"elbow":[111.015,335.358,342.156],"grabStrength":0,"id":519,"palmNormal":[-0.0432121,-0.957499,-0.285181],"palmPosition":[36.9523,316.108,29.2835],"palmVelocity":[47.6134,-10.8899,-216.379],"palmWidth":90.9658,"pinchStrength":0.634997,"r":[[0.862398,0.472838,0.180813],[-0.504393,0.832995,0.227391],[-0.0430973,-0.287302,0.95687]],"s":1.01509,"sphereCenter":[46.3078,277.906,0.214463],"sphereRadius":47.9376,"stabilizedPalmPosition":[12.6567,299.311,131.951],"t":[35.929,34.2901,-146.2],"timeVisible":0.289246,"type":"right","wrist":[46.4442,304.524,81.8846]}],"id":4170851,"interactionBox":{"center":[0,200,0],"size":[235.247,235.247,147.751]},"pointables":[{"bases":[[[0.434345,0.899294,0.0511445],[-0.772064,0.342446,0.535396],[0.463964,-0.272033,0.843051]],[[0.218238,0.934046,-0.282719],[-0.930383,0.286577,0.228606],[0.294549,0.213147,0.931563]],[[0.218238,0.934046,-0.282719],[-0.972718,0.23156,0.0141601],[0.0786924,0.271915,0.959098]],[[0.218238,0.934046,-0.282719],[-0.708814,-0.0474146,-0.7038],[-0.670787,0.353991,0.651717]]],"btipPosition":[15.9383,265.941,-11.1386],"carpPosition":[17.6252,294.129,83.2912],"dipPosition":[0.243638,274.224,4.10987],"direction":[-0.0786924,-0.271915,-0.959098],"extended":false,"handId":519,"id":5190,"length":52.1025,"mcpPosition":[17.6252,294.129,83.2912],"pipPosition":[2.92599,283.492,36.8022],"stabilizedTipPosition":[-24.2448,254.24,98.6912],"timeVisible":0.289246,"tipPosition":[13.3035,267.844,-8.23994],"tipVelocity":[57.9323,-16.4796,-214.488],"tool":false,"touchDistance":-0.500276,"touchZone":"hovering","type":0,"width":20.2446},{"bases":[[[0.979123,0.0161615,-0.202624],[0.0132705,0.989625,0.143059],[0.202834,-0.142762,0.968751]],[[0.999624,-0.00969768,-0.0256428],[0.0072117,0.995421,-0.0953203],[0.0264498,0.0950996,0.995116]],[[0.999624,-0.00969768,-0.0256428],[0.00290412,0.967541,-0.252697],[0.0272611,0.252528,0.967206]],[[0.999624,-0.00969768,-0.0256428],[-0.000338461,0.93091,-0.365248],[0.0274132,0.36512,0.930557]]],"btipPosition":[9.00424,309.728,-74.9789],"carpPosition":[26.1857,315.651,78.2803],"dipPosition":[9.47249,315.964,-59.084],"direction":[-0.0272611,-0.252528,-0.967206],"extended":true,"handId":519,"id":5191,"length":58.7918,"mcpPosition":[11.2673,326.151,7.02871],"pipPosition":[10.1312,322.067,-35.7125],"stabilizedTipPosition":[-22.3484,284.887,32.834],"timeVisible":0.289246,"tipPosition":[9.76497,310.81,-71.2979],"tipVelocity":[57.3196,4.77564,-225.575],"tool":false,"touchDistance":-0.575585,"touchZone":"hovering","type":1,"width":19.3376},{"bases":[[[0.98082,-0.17222,-0.0912787],[0.183062,0.974736,0.127978],[0.0669322,-0.142233,0.987568]],[[0.981944,-0.174975,-0.0719065],[-0.0089678,0.336626,-0.941596],[0.188961,0.925239,0.328979]],[[0.981944,-0.174975,-0.0719065],[-0.186177,-0.826472,-0.531302],[0.0335357,0.535096,-0.844125]],[[0.981944,-0.174975,-0.0719065],[-0.17265,-0.984273,0.0374107],[-0.0773215,-0.0243205,-0.99671]]],"btipPosition":[24.7374,268.196,33.4735],"carpPosition":[38.0122,317.616,75.4858],"dipPosition":[23.2848,267.74,14.7483],"direction":[-0.0335357,-0.535096,0.844125],"extended":false,"handId":519,"id":5192,"length":66.9886,"mcpPosition":[33.3437,327.537,6.60353],"pipPosition":[24.2381,282.952,-9.24915],"stabilizedTipPosition":[-11.5104,261.106,130.501],"timeVisible":0.289246,"tipPosition":[24.3423,267.938,28.745],"tipVelocity":[70.1959,-18.5808,-220.929],"tool":false,"touchDistance":0.333333,"touchZone":"none","type":2,"width":18.9921},{"bases":[[[0.96337,-0.26426,0.0456589],[0.25471,0.95491,0.152546],[-0.0839119,-0.135328,0.987241]],[[0.961862,-0.266447,0.061864],[0.135048,0.265901,-0.954494],[0.237872,0.926446,0.291743]],[[0.961862,-0.266447,0.061864],[-0.199989,-0.839324,-0.50551],[0.186615,0.473859,-0.8606]],[[0.961862,-0.266447,0.061864],[-0.269222,-0.96217,0.0418183],[0.0483813,-0.0568786,-0.997208]]],"btipPosition":[38.6669,271.537,41.2805],"carpPosition":[50.1092,316.505,73.6754],"dipPosition":[39.5706,270.474,22.6536],"direction":[-0.186615,-0.473859,0.8606],"extended":false,"handId":519,"id":5193,"length":64.4113,"mcpPosition":[55.364,324.98,11.8511],"pipPosition":[44.7388,283.598,-1.18035],"stabilizedTipPosition":[4.08786,260.749,135.804],"timeVisible":0.289246,"tipPosition":[38.9089,271.345,36.6897],"tipVelocity":[63.9225,-26.5177,-237.906],"tool":false,"touchDistance":0.333333,"touchZone":"none","type":3,"width":18.0722},{"bases":[[[0.891766,-0.432269,0.133778],[0.393027,0.886451,0.244407],[-0.224237,-0.165376,0.9604]],[[0.902403,-0.422891,0.0826602],[0.223366,0.29505,-0.929007],[0.368479,0.856802,0.360713]],[[0.902403,-0.422891,0.0826602],[-0.308524,-0.768046,-0.561176],[0.300803,0.480904,-0.823559]],[[0.902403,-0.422891,0.0826602],[-0.420996,-0.90618,-0.0400124],[0.0918259,0.00130769,-0.995774]]],"btipPosition":[54.2324,278.168,38.1173],"carpPosition":[61.7232,308.295,73.2796],"dipPosition":[55.8148,278.191,20.9579],"direction":[-0.300803,-0.480904,0.823559],"extended":false,"handId":519,"id":5194,"length":50.4973,"mcpPosition":[74.7222,317.882,17.6055],"pipPosition":[61.6965,287.594,4.85436],"stabilizedTipPosition":[22.8449,262.413,128.056],"timeVisible":0.289246,"tipPosition":[54.8034,277.985,33.9927],"tipVelocity":[61.7264,-2.79125,-213.755],"tool":false,"touchDistance":0.333333,"touchZone":"none","type":4,"width":16.0532}],"r":[[0.862398,0.472838,0.180813],[-0.504393,0.832995,0.227391],[-0.0430973,-0.287302,0.95687]],"s":1.01509,"t":[35.929,34.2901,-146.2],"timestamp":522344614665},false],[5,{"currentFrameRate":99.8061,"devices":[],"gestures":[],"hands":[{"armBasis":[[0.967636,-0.0532979,-0.246658],[0.0227312,0.991877,-0.125151],[0.251325,0.115494,0.960988]],"armWidth":63.703,"confidence":0.705612,"direction":[-0.0304776,0.285054,-0.958027],"elbow":[114.638,335.853,339.549],"grabStrength":0,"id":519,"palmNormal":[-0.0382033,-0.958104,-0.283861],"palmPosition":[37.3763,316.142,27.5114],"palmVelocity":[47.2799,-6.84,-210.146],"palmWidth":90.9658,"pinchStrength":0.633972,"r":[[0.859475,0.477225,0.183192],[-0.509311,0.830059,0.227166],[-0.0436507,-0.288545,0.956471]],"s":1.01508,"sphereCenter":[46.7285,278.001,-1.51892],"sphereRadius":47.8728,"stabilizedPalmPosition":[12.6651,299.317,131.916],"t":[36.3377,34.2711,-147.913],"timeVisible":0.298382,"type":"right","wrist":[46.7983,304.678,80.1515]}],"id":4170852,"interactionBox":{"center":[0,200,0],"size":[235.247,235.247,147.751]},"pointables":[{"bases":[[[0.430139,0.901331,0.0508188],[-0.774853,0.339724,0.533095],[0.463231,-0.268682,0.844527]],[[0.214515,0.934586,-0.283783],[-0.931854,0.282881,0.227215],[0.292629,0.215703,0.93158]],[[0.214515,0.934586,-0.283783],[-0.973733,0.22734,0.0126458],[0.0763339,0.273616,0.958805]],[[0.214515,0.934586,-0.283783],[-0.705645,-0.0525934,-0.706611],[-0.675314,0.351829,0.648203]]],"btipPosition":[16.6188,265.832,-12.8317],"carpPosition":[18.0236,294.155,81.5067],"dipPosition":[0.818261,274.063,2.33452],"direction":[-0.0763339,-0.273616,-0.958805],"extended":false,"handId":519,"id":5190,"length":52.1025,"mcpPosition":[18.0236,294.155,81.5067],"pipPosition":[3.42022,283.39,35.0168],"stabilizedTipPosition":[-24.2059,254.254,98.5782],"timeVisible":0.298382,"tipPosition":[13.9466,267.723,-9.9402],"tipVelocity":[61.7954,-15.583,-206.954],"tool":false,"touchDistance":-0.504263,"touchZone":"hovering","type":0,"width":20.2446},{"bases":[[[0.979509,0.0203094,-0.200376],[0.00844691,0.989885,0.141623],[0.201226,-0.140413,0.969429]],[[0.999666,-0.00489787,-0.0253897],[0.00254057,0.99575,-0.0920583],[0.0257327,0.091963,0.99543]],[[0.999666,-0.00489787,-0.0253897],[-0.00164959,0.967817,-0.251648],[0.0258051,0.251606,0.967486]],[[0.999666,-0.00489787,-0.0253897],[-0.00473406,0.930634,-0.36592],[0.0254208,0.365918,0.9303]]],"btipPosition":[9.53482,309.755,-76.8412],"carpPosition":[26.498,315.708,76.4838],"dipPosition":[9.96904,316.005,-60.9507],"direction":[-0.0258051,-0.251606,-0.967486],"extended":true,"handId":519,"id":5191,"length":58.7918,"mcpPosition":[11.6978,326.035,5.18227],"pipPosition":[10.5926,322.085,-37.5724],"stabilizedTipPosition":[-22.3085,284.92,32.7018],"timeVisible":0.298382,"tipPosition":[10.2904,310.773,-73.1457],"tipVelocity":[57.2916,4.37763,-219.561],"tool":false,"touchDistance":-0.57431,"touchZone":"hovering","type":1,"width":19.3376},{"bases":[[[0.981801,-0.167898,-0.0887481],[0.178339,0.975744,0.126957],[0.0652796,-0.140474,0.98793]],[[0.982892,-0.170619,-0.0693724],[-0.00853727,0.334041,-0.94252],[0.183985,0.926988,0.32687]],[[0.982892,-0.170619,-0.0693724],[-0.181208,-0.828385,-0.530039],[0.0329675,0.533542,-0.845131]],[[0.982892,-0.170619,-0.0693724],[-0.168282,-0.984995,0.0382845],[-0.0748635,-0.0259554,-0.996856]]],"btipPosition":[25.3721,268.171,31.8092],"carpPosition":[38.3219,317.722,73.7138],"dipPosition":[23.9657,267.683,13.0813],"direction":[-0.0329675,-0.533542,0.845131],"extended":false,"handId":519,"id":5192,"length":66.9886,"mcpPosition":[33.7687,327.52,4.80624],"pipPosition":[24.9029,282.851,-10.9448],"stabilizedTipPosition":[-11.4464,261.118,130.321],"timeVisible":0.298382,"tipPosition":[24.9904,267.914,27.0707],"tipVelocity":[70.3193,-14.4106,-210.17],"tool":false,"touchDistance":0.333333,"touchZone":"none","type":2,"width":18.9921},{"bases":[[[0.96445,-0.259815,0.0482849],[0.250018,0.95628,0.15172],[-0.0855931,-0.134255,0.987243]],[[0.962946,-0.261945,0.0641883],[0.138112,0.27453,-0.951608],[0.231647,0.925212,0.300535]],[[0.962946,-0.261945,0.0641883],[-0.192316,-0.83379,-0.517502],[0.189077,0.485982,-0.853271]],[[0.962946,-0.261945,0.0641883],[-0.264184,-0.964031,0.0291597],[0.0542413,-0.0450368,-0.997512]]],"btipPosition":[39.1914,271.126,38.948],"carpPosition":[50.428,316.664,71.9331],"dipPosition":[40.2046,270.285,20.3155],"direction":[-0.189077,-0.485982,0.853271],"extended":false,"handId":519,"id":5193,"length":64.4113,"mcpPosition":[55.7881,325.071,10.1087],"pipPosition":[45.441,283.744,-3.31554],"stabilizedTipPosition":[4.14751,260.766,135.633],"timeVisible":0.298382,"tipPosition":[39.4774,271.129,34.6067],"tipVelocity":[62.8783,-30.0874,-242.785],"tool":false,"touchDistance":0.333333,"touchZone":"none","type":3,"width":18.0722},{"bases":[[[0.893405,-0.428017,0.136486],[0.388431,0.888585,0.244004],[-0.225718,-0.164979,0.960122]],[[0.90398,-0.418811,0.0861276],[0.224816,0.294223,-0.928919],[0.363701,0.859087,0.360127]],[[0.90398,-0.418811,0.0861276],[-0.303274,-0.770033,-0.561315],[0.301406,0.481297,-0.823109]],[[0.90398,-0.418811,0.0861276],[-0.416863,-0.908073,-0.0403554],[0.0951115,0.000577097,-0.995466]]],"btipPosition":[54.7756,278.28,36.4368],"carpPosition":[62.0801,308.506,71.5764],"dipPosition":[56.4145,278.29,19.2828],"direction":[-0.301406,-0.481297,0.823109],"extended":false,"handId":519,"id":5194,"length":50.4973,"mcpPosition":[75.1649,318.07,15.9184],"pipPosition":[62.3081,287.701,3.18802],"stabilizedTipPosition":[22.9037,262.442,127.882],"timeVisible":0.298382,"tipPosition":[55.3667,278.105,32.3202],"tipVelocity":[61.4908,1.30616,-205.426],"tool":false,"touchDistance":0.333333,"touchZone":"none","type":4,"width":16.0532}],"r":[[0.859475,0.477225,0.183192],[-0.509311,0.830059,0.227166],[-0.0436507,-0.288545,0.956471]],"s":1.01508,"t":[36.3377,34.2711,-147.913],"timestamp":522344623801},false],[6,{"currentFrameRate":100.354,"devices":[],"gestures":[],"hands":[{"armBasis":[[0.965577,-0.0501307,-0.255239],[0.0183934,0.991955,-0.125244],[0.259464,0.116238,0.958732]],"armWidth":63.703,"confidence":0.715436,"direction":[-0.0280848,0.285032,-0.958107],"elbow":[117.172,336.425,337.739],"grabStrength":0,"id":519,"palmNormal":[-0.0324285,-0.95824,-0.284121],"palmPosition":[37.8653,316.474,26.2744],"palmVelocity":[49.3653,5.17205,-190.803],"palmWidth":90.9658,"pinchStrength":0.639258,"r":[[0.856502,0.481549,0.185783],[-0.514217,0.827186,0.226593],[-0.0445612,-0.289609,0.956107]],"s":1.01521,"sphereCenter":[47.2104,278.469,-2.74927],"sphereRadius":47.8075,"stabilizedPalmPosition":[12.6723,299.322,131.885],"t":[36.7865,34.4277,-149.388],"timeVisible":0.30728,"type":"right","wrist":[47.1352,305.049,78.95]}],"id":4170853,"interactionBox":{"center":[0,200,0],"size":[235.247,235.247,147.751]},"pointables":[{"bases":[[[0.425552,0.903403,0.0526189],[-0.77859,0.335884,0.530075],[0.461198,-0.266543,0.846316]],[[0.211022,0.935643,-0.282918],[-0.933605,0.278665,0.225226],[0.28957,0.216606,0.932326]],[[0.211022,0.935643,-0.282918],[-0.974772,0.222965,0.0103139],[0.0727309,0.273604,0.959089]],[[0.211022,0.935643,-0.282918],[-0.70094,-0.056887,-0.710948],[-0.681287,0.348334,0.643825]]],"btipPosition":[17.4173,266.1,-14.0924],"carpPosition":[18.4069,294.386,80.1904],"dipPosition":[1.47695,274.25,0.971397],"direction":[-0.0727309,-0.273604,-0.959089],"extended":false,"handId":519,"id":5190,"length":52.1025,"mcpPosition":[18.4069,294.386,80.1904],"pipPosition":[3.9561,283.576,33.6634],"stabilizedTipPosition":[-24.1688,254.268,98.4715],"timeVisible":0.30728,"tipPosition":[14.7064,267.966,-11.2108],"tipVelocity":[68.4106,-3.72003,-189.924],"tool":false,"touchDistance":-0.501433,"touchZone":"hovering","type":0,"width":20.2446},{"bases":[[[0.980181,0.0250947,-0.19651],[0.00307899,0.989895,0.14177],[0.198082,-0.139565,0.970199]],[[0.999723,0.000259192,-0.0235221],[-0.00232714,0.996124,-0.0879306],[0.0234081,0.087961,0.995849]],[[0.999723,0.000259192,-0.0235221],[-0.00612019,0.968369,-0.249447],[0.0227134,0.249522,0.968103]],[[0.999723,0.000259192,-0.0235221],[-0.00883479,0.930874,-0.365234],[0.0218014,0.365341,0.930618]]],"btipPosition":[10.3006,310.198,-78.2164],"carpPosition":[26.7961,315.981,75.2035],"dipPosition":[10.673,316.438,-62.3205],"direction":[-0.0227134,-0.249522,-0.968103],"extended":true,"handId":519,"id":5191,"length":58.7918,"mcpPosition":[12.2272,326.246,3.84539],"pipPosition":[11.2218,322.467,-38.9273],"stabilizedTipPosition":[-22.2724,284.95,32.5833],"timeVisible":0.30728,"tipPosition":[11.0488,311.165,-74.5077],"tipVelocity":[64.6808,16.6395,-201.845],"tool":false,"touchDistance":-0.565822,"touchZone":"hovering","type":1,"width":19.3376},{"bases":[[[0.982948,-0.163115,-0.0848954],[0.173094,0.976582,0.127772],[0.0620658,-0.140288,0.988163]],[[0.983977,-0.165838,-0.0654725],[-0.00590394,0.336707,-0.941591],[0.178197,0.926891,0.330333]],[[0.983977,-0.165838,-0.0654725],[-0.174914,-0.826708,-0.534751],[0.0345557,0.537635,-0.842469]],[[0.983977,-0.165838,-0.0654725],[-0.163966,-0.985912,0.0330402],[-0.0700295,-0.0217755,-0.997307]]],"btipPosition":[26.0383,268.298,30.3254],"carpPosition":[38.621,318.053,72.4804],"dipPosition":[24.7227,267.889,11.589],"direction":[-0.0345557,-0.537635,0.842469],"extended":false,"handId":519,"id":5192,"length":66.9886,"mcpPosition":[34.2919,327.838,3.55656],"pipPosition":[25.705,283.173,-12.3614],"stabilizedTipPosition":[-11.3878,261.129,130.156],"timeVisible":0.30728,"tipPosition":[25.6971,268.118,25.6841],"tipVelocity":[72.1944,-6.04748,-198.422],"tool":false,"touchDistance":0.333333,"touchZone":"none","type":2,"width":18.9921},{"bases":[[[0.965504,-0.255133,0.0520574],[0.244769,0.957463,0.152816],[-0.0888315,-0.134802,0.986883]],[[0.963953,-0.257264,0.0678937],[0.140295,0.274634,-0.951259],[0.226079,0.926494,0.300827]],[[0.963953,-0.257264,0.0678937],[-0.186332,-0.834867,-0.517955],[0.189934,0.486633,-0.852709]],[[0.963953,-0.257264,0.0678937],[-0.259604,-0.965307,0.0280883],[0.0583122,-0.0447012,-0.997297]]],"btipPosition":[39.8541,271.469,37.7522],"carpPosition":[50.739,317.054,70.7474],"dipPosition":[40.9434,270.634,19.1237],"direction":[-0.189934,-0.486633,0.852709],"extended":false,"handId":519,"id":5193,"length":64.4113,"mcpPosition":[56.3019,325.495,8.94551],"pipPosition":[46.2035,284.111,-4.49175],"stabilizedTipPosition":[4.19888,260.781,135.487],"timeVisible":0.30728,"tipPosition":[40.156,271.469,33.3979],"tipVelocity":[66.5685,-11.3996,-213.279],"tool":false,"touchDistance":0.333333,"touchZone":"none","type":3,"width":18.0722},{"bases":[[[0.894929,-0.42369,0.139958],[0.383144,0.890429,0.245637],[-0.228697,-0.166203,0.959205]],[[0.905523,-0.414565,0.0903542],[0.227741,0.295216,-0.927891],[0.357997,0.860804,0.361739]],[[0.905523,-0.414565,0.0903542],[-0.296641,-0.770819,-0.563775],[0.303368,0.483708,-0.820971]],[[0.905523,-0.414565,0.0903542],[-0.412273,-0.910017,-0.043585],[0.100293,0.00221661,-0.994956]]],"btipPosition":[55.3741,278.661,35.2417],"carpPosition":[62.4319,308.952,70.4357],"dipPosition":[57.1023,278.7,18.0964],"direction":[-0.303368,-0.483708,0.820971],"extended":false,"handId":519,"id":5194,"length":50.4973,"mcpPosition":[75.6894,318.587,14.8308],"pipPosition":[63.0343,288.158,2.04344],"stabilizedTipPosition":[22.9568,262.469,127.726],"timeVisible":0.30728,"tipPosition":[55.9936,278.511,31.1414],"tipVelocity":[63.6886,12.7992,-186.028],"tool":false,"touchDistance":0.333333,"touchZone":"none","type":4,"widt