{"sensorType":"Leap","data":[[0,{"currentFrameRate":104.902,"devices":[],"gestures":[],"hands":[{"armBasis":[[0.973213,-0.0948597,-0.209422],[0.0835271,0.994554,-0.0623307],[0.214195,0.0431686,0.975837]],"armWidth":63.703,"confidence":0.624438,"direction":[0.0495498,0.396838,-0.91655],"elbow":[98.9524,320.324,354.811],"grabStrength":0,"id":524,"palmNormal":[-0.0684659,-0.914169,-0.399509],"palmPosition":[35.9211,326.776,40.0608],"palmVelocity":[36.6902,-32.1216,-178.672],"palmWidth":90.9658,"pinchStrength":0.837296,"r":[[0.993364,-0.00420328,0.114932],[0.0139924,0.996325,-0.0844994],[-0.114155,0.0855469,0.989773]],"s":1.06339,"sphereCenter":[47.7137,289.151,6.04459],"sphereRadius":49.6017,"stabilizedPalmPosition":[22.8459,342.283,124.516],"t":[12.8146,-15.3929,-83.4682],"timeVisible":0.271061,"type":"right","wrist":[41.1352,308.671,91.4048]}],"id":4172259,"interactionBox":{"center":[0,200,0],"size":[235.247,235.247,147.751]},"pointables":[{"bases":[[[0.471864,0.861877,0.185777],[-0.790633,0.320391,0.521774],[0.390184,-0.393088,0.832609]],[[0.284451,0.946825,-0.150367],[-0.911408,0.315725,0.263918],[0.297359,0.0619743,0.952752]],[[0.284451,0.946825,-0.150367],[-0.957977,0.274671,-0.0826795],[-0.0369814,0.167567,0.985167]],[[0.284451,0.946825,-0.150367],[-0.636322,0.0691497,-0.768318],[-0.717065,0.314231,0.622155]]],"btipPosition":[15.0265,283.639,-5.97389],"carpPosition":[11.828,299.796,89.7102],"dipPosition":[-1.75093,290.991,8.5829],"direction":[0.0369814,-0.167567,-0.985167],"extended":false,"handId":524,"id":5240,"length":52.1025,"mcpPosition":[11.828,299.796,89.7102],"pipPosition":[-3.01149,296.703,42.1638],"stabilizedTipPosition":[-11.1298,306.661,77.9835],"timeVisible":0.271061,"tipPosition":[10.7555,285.81,-2.90489],"tipVelocity":[94.983,-30.6086,-202.951],"tool":false,"touchDistance":-0.158275,"touchZone":"hovering","type":0,"width":20.2446},{"bases":[[[0.990596,-0.0147462,-0.136021],[0.0501367,0.964143,0.260606],[0.127301,-0.264975,0.955815]],[[0.996518,-0.0656976,0.0513409],[0.0612481,0.99459,0.0838974],[-0.056575,-0.0804608,0.995151]],[[0.996518,-0.0656976,0.0513409],[0.071401,0.990376,-0.11856],[-0.0430576,0.121813,0.991619]],[[0.996518,-0.0656976,0.0513409],[0.077135,0.960191,-0.268482],[-0.0316584,0.271508,0.961915]]],"btipPosition":[16.379,336.609,-65.5737],"carpPosition":[21.7308,321.246,87.8611],"dipPosition":[15.8382,341.247,-49.1432],"direction":[0.0430576,-0.121813,-0.991619],"extended":true,"handId":524,"id":5241,"length":58.7918,"mcpPosition":[12.3678,340.735,17.5609],"pipPosition":[14.7978,344.191,-25.1817],"stabilizedTipPosition":[-5.45051,354.322,22.6071],"timeVisible":0.271061,"tipPosition":[16.6189,336.692,-61.6509],"tipVelocity":[65.917,24.9102,-186.505],"tool":false,"touchDistance":-0.372569,"touchZone":"hovering","type":1,"width":19.3376},{"bases":[[[0.975529,-0.214555,-0.0480568],[0.21967,0.941718,0.254779],[-0.00940829,-0.259101,0.965804]],[[0.97551,-0.215023,-0.0463104],[0.0685496,0.497268,-0.864885],[0.208999,0.84053,0.499829]],[[0.97551,-0.215023,-0.0463104],[-0.152574,-0.509853,-0.846623],[0.158432,0.832955,-0.530174]],[[0.97551,-0.215023,-0.0463104],[-0.209812,-0.846474,-0.489348],[0.0660205,0.48708,-0.870858]]],"btipPosition":[18.6449,267.601,26.0686],"carpPosition":[33.8042,322.863,86.0854],"dipPosition":[19.8852,276.752,9.70774],"direction":[-0.158432,-0.832955,0.530174],"extended":false,"handId":524,"id":5242,"length":66.9886,"mcpPosition":[34.4604,340.935,18.7211],"pipPosition":[24.3893,300.432,-5.36449],"stabilizedTipPosition":[2.11839,288.992,96.1533],"timeVisible":0.271061,"tipPosition":[18.9492,270.027,21.1009],"tipVelocity":[95.7342,-47.8421,-162.8],"tool":false,"touchDistance":0.333333,"touchZone":"none","type":2,"width":18.9921},{"bases":[[[0.944158,-0.320721,0.0755244],[0.288394,0.915243,0.281353],[-0.159359,-0.243861,0.956628]],[[0.941885,-0.324034,0.0886297],[0.223598,0.407804,-0.885268],[0.250713,0.853638,0.456558]],[[0.941885,-0.324034,0.0886297],[-0.114801,-0.558415,-0.82158],[0.315712,0.763659,-0.563162]],[[0.941885,-0.324034,0.0886297],[-0.246491,-0.845868,-0.473021],[0.228244,0.423685,-0.876582]]],"btipPosition":[31.706,269.379,36.6049],"carpPosition":[45.9321,321.301,84.9352],"dipPosition":[35.9694,277.293,20.2312],"direction":[-0.315712,-0.763659,0.563162],"extended":false,"handId":524,"id":5243,"length":64.4113,"mcpPosition":[55.9117,336.572,25.028],"pipPosition":[44.7129,298.442,4.63465],"stabilizedTipPosition":[17.7322,289.347,101.38],"timeVisible":0.271061,"tipPosition":[32.8583,271.426,31.4117],"tipVelocity":[85.9168,-35.5736,-151.647],"tool":false,"touchDistance":0.333333,"touchZone":"none","type":3,"width":18.0722},{"bases":[[[0.858651,-0.493577,0.138203],[0.416514,0.829053,0.373078],[-0.29872,-0.26278,0.917449]],[[0.860061,-0.492323,0.133843],[0.359882,0.399474,-0.843152],[0.361636,0.77333,0.52075]],[[0.860061,-0.492323,0.133843],[-0.149927,-0.494645,-0.856065],[0.487665,0.716201,-0.499238]],[[0.860061,-0.492323,0.133843],[-0.354816,-0.765694,-0.536488],[0.366608,0.413923,-0.833227]]],"btipPosition":[45.8225,279.32,36.8366],"carpPosition":[57.1426,312.561,84.309],"dipPosition":[52.14,286.453,22.4782],"direction":[-0.487665,-0.716201,0.499238],"extended":false,"handId":524,"id":5244,"length":50.4973,"mcpPosition":[74.4593,327.795,31.1247],"pipPosition":[61.6756,300.458,12.7163],"stabilizedTipPosition":[33.8361,298.794,105.238],"timeVisible":0.271061,"tipPosition":[47.6386,281.232,32.3838],"tipVelocity":[70.9092,-25.3306,-156.742],"tool":false,"touchDistance":0.333333,"touchZone":"none","type":4,"width":16.0532}],"r":[[0.993364,-0.00420328,0.114932],[0.0139924,0.996325,-0.0844994],[-0.114155,0.0855469,0.989773]],"s":1.06339,"t":[12.8146,-15.3929,-83.4682],"timestamp":522360862897},false],[1,{"currentFrameRate":105.023,"devices":[],"gestures":[],"hands":[{"armBasis":[[0.9749,-0.0924736,-0.202528],[0.0806603,0.994564,-0.0658438],[0.207516,0.0478552,0.97706]],"armWidth":63.703,"confidence":0.64595,"direction":[0.051673,0.400803,-0.914706],"elbow":[97.5896,321.52,353.265],"grabStrength":0,"id":524,"palmNormal":[-0.0640094,-0.912717,-0.403547],"palmPosition":[36.4935,326.904,38.2417],"palmVelocity":[43.7108,-19.1736,-183.461],"palmWidth":90.9658,"pinchStrength":0.820689,"r":[[0.992932,0.000710307,0.118684],[0.00900687,0.996648,-0.0813177],[-0.118344,0.0818119,0.989597]],"s":1.06721,"sphereCenter":[48.3868,289.567,4.09813],"sphereRadius":49.5796,"stabilizedPalmPosition":[22.8459,342.283,124.516],"t":[13.2547,-15.4176,-85.0619],"timeVisible":0.280359,"type":"right","wrist":[41.5752,308.603,89.5294]}],"id":4172260,"interactionBox":{"center":[0,200,0],"size":[235.247,235.247,147.751]},"pointables":[{"bases":[[[0.468368,0.862617,0.19111],[-0.793606,0.315663,0.52014],[0.388356,-0.395283,0.832425]],[[0.282285,0.948335,-0.144829],[-0.913452,0.311833,0.26147],[0.293123,0.0584855,0.954284]],[[0.282285,0.948335,-0.144829],[-0.958603,0.272959,-0.0810764],[-0.0373552,0.16172,0.986129]],[[0.282285,0.948335,-0.144829],[-0.630365,0.0695576,-0.773176],[-0.723156,0.309551,0.617432]]],"btipPosition":[15.8686,283.966,-7.9943],"carpPosition":[12.3035,299.64,87.6886],"dipPosition":[-1.05136,291.209,6.45199],"direction":[0.0373552,-0.16172,-0.986129],"extended":false,"handId":524,"id":5240,"length":52.1025,"mcpPosition":[12.3035,299.64,87.6886],"pipPosition":[-2.32466,296.721,40.0657],"stabilizedTipPosition":[-11.1039,306.638,77.8908],"timeVisible":0.280359,"tipPosition":[11.6049,286.06,-4.9478],"tipVelocity":[92.7418,-12.8108,-207.771],"tool":false,"touchDistance":-0.192372,"touchZone":"hovering","type":0,"width":20.2446},{"bases":[[[0.991138,-0.0109795,-0.132379],[0.0460354,0.963208,0.264786],[0.124601,-0.268533,0.955178]],[[0.996618,-0.062346,0.0535242],[0.0571968,0.994034,0.0928686],[-0.0589949,-0.0894931,0.994239]],[[0.996618,-0.062346,0.0535242],[0.0678737,0.991769,-0.108573],[-0.0463145,0.111839,0.992646]],[[0.996618,-0.062346,0.0535242],[0.0741269,0.96323,-0.25825],[-0.0354553,0.261344,0.964594]]],"btipPosition":[17.2376,337.557,-67.4539],"carpPosition":[22.1434,321.129,85.9654],"dipPosition":[16.632,342.021,-50.9777],"direction":[0.0463145,-0.111839,-0.992646],"extended":true,"handId":524,"id":5241,"length":58.7918,"mcpPosition":[12.979,340.88,15.7121],"pipPosition":[15.5129,344.724,-26.9914],"stabilizedTipPosition":[-5.43684,354.312,22.5548],"timeVisible":0.280359,"tipPosition":[17.4539,337.546,-63.5244],"tipVelocity":[72.9241,45.4347,-190.621],"tool":false,"touchDistance":-0.391691,"touchZone":"hovering","type":1,"width":19.3376},{"bases":[[[0.976393,-0.2112,-0.0453004],[0.215661,0.941356,0.2595],[-0.0121626,-0.263143,0.96468]],[[0.976367,-0.211704,-0.0434498],[0.0678698,0.491236,-0.868378],[0.205183,0.844907,0.493995]],[[0.976367,-0.211704,-0.0434498],[-0.149163,-0.514642,-0.84433],[0.156387,0.830858,-0.534058]],[[0.976367,-0.211704,-0.0434498],[-0.205551,-0.847575,-0.48925],[0.0667494,0.486619,-0.871061]]],"btipPosition":[19.4791,267.67,24.6985],"carpPosition":[34.218,322.793,84.2415],"dipPosition":[20.7331,276.813,8.33384],"direction":[-0.156387,-0.830858,0.534058],"extended":false,"handId":524,"id":5242,"length":66.9886,"mcpPosition":[35.0663,341.147,16.9556],"pipPosition":[25.1791,300.433,-6.84881],"stabilizedTipPosition":[2.13347,288.975,96.089],"timeVisible":0.280359,"tipPosition":[19.7847,270.096,19.6284],"tipVelocity":[94.1319,-32.3042,-158.467],"tool":false,"touchDistance":0.333333,"touchZone":"none","type":2,"width":18.9921},{"bases":[[[0.944906,-0.31798,0.0777216],[0.284371,0.914993,0.28622],[-0.162127,-0.248349,0.955007]],[[0.942786,-0.321087,0.0897614],[0.226589,0.419596,-0.878975],[0.244564,0.849024,0.468344]],[[0.942786,-0.321087,0.0897614],[-0.106732,-0.545736,-0.831132],[0.315852,0.773999,-0.548783]],[[0.942786,-0.321087,0.0897614],[-0.239502,-0.839553,-0.487636],[0.231933,0.438239,-0.86842]]],"btipPosition":[32.5042,269.282,33.8243],"carpPosition":[46.3551,321.275,83.1302],"dipPosition":[36.8365,277.468,17.603],"direction":[-0.315852,-0.773999,0.548783],"extended":false,"handId":524,"id":5243,"length":64.4113,"mcpPosition":[56.508,336.827,23.3245],"pipPosition":[45.5839,298.903,2.4047],"stabilizedTipPosition":[17.7406,289.337,101.342],"timeVisible":0.280359,"tipPosition":[33.6461,271.445,29.0713],"tipVelocity":[86.3785,-26.5893,-192.19],"tool":false,"touchDistance":0.333333,"touchZone":"none","type":3,"width":18.0722},{"bases":[[[0.859729,-0.49137,0.139363],[0.412428,0.828836,0.378065],[-0.301279,-0.267556,0.915229]],[[0.861091,-0.490147,0.135198],[0.359471,0.398817,-0.843639],[0.359588,0.775049,0.519611]],[[0.861091,-0.490147,0.135198],[-0.14717,-0.494787,-0.856462],[0.486686,0.717594,-0.498192]],[[0.861091,-0.490147,0.135198],[-0.350834,-0.765229,-0.539759],[0.368019,0.41735,-0.830892]]],"btipPosition":[46.4916,279.463,35.1455],"carpPosition":[57.5961,312.574,82.5097],"dipPosition":[52.8334,286.655,20.8274],"direction":[-0.486686,-0.717594,0.498192],"extended":false,"handId":524,"id":5244,"length":50.4973,"mcpPosition":[75.0612,328.084,29.4541],"pipPosition":[62.3499,300.686,11.0859],"stabilizedTipPosition":[33.8401,298.789,105.217],"timeVisible":0.280359,"tipPosition":[48.3149,281.389,30.6933],"tipVelocity":[71.3771,-13.4443,-163.555],"tool":false,"touchDistance":0.333333,"touchZone":"none","type":4,"width":16.0532}],"r":[[0.992932,0.000710307,0.118684],[0.00900687,0.996648,-0.0813177],[-0.118344,0.0818119,0.989597]],"s":1.06721,"t":[13.2547,-15.4176,-85.0619],"timestamp":522360872195},false],[2,{"currentFrameRate":105.388,"devices":[],"gestures":[],"hands":[{"armBasis":[[0.975019,-0.0892568,-0.203397],[0.077132,0.994781,-0.0667943],[0.208297,0.0494373,0.976815]],"armWidth":63.703,"confidence":0.66437,"direction":[0.0524214,0.404007,-0.913253],"elbow":[98.3721,322.109,351.764],"grabStrength":0,"id":524,"palmNormal":[-0.0595442,-0.911618,-0.406702],"palmPosition":[37.1229,327.215,36.8545],"palmVelocity":[51.1882,-4.47607,-176.449],"palmWidth":90.9658,"pinchStrength":0.814938,"r":[[0.992492,0.00530351,0.122192],[0.00429152,0.996934,-0.0781274],[-0.122232,0.0780652,0.989427]],"s":1.07046,"sphereCenter":[49.0754,290.117,2.62052],"sphereRadius":49.5365,"stabilizedPalmPosition":[22.8462,342.282,124.514],"t":[13.7894,-15.2744,-86.5524],"timeVisible":0.289169,"type":"right","wrist":[42.1467,308.765,88.0944]}],"id":4172261,"interactionBox":{"center":[0,200,0],"size":[235.247,235.247,147.751]},"pointables":[{"bases":[[[0.464616,0.86375,0.19511],[-0.796087,0.310941,0.519193],[0.387786,-0.39655,0.832088]],[[0.279275,0.949855,-0.140645],[-0.915384,0.307597,0.259724],[0.289962,0.0562095,0.955386]],[[0.279275,0.949855,-0.140645],[-0.959449,0.27021,-0.0802694],[-0.0382407,0.157359,0.986801]],[[0.279275,0.949855,-0.140645],[-0.625542,0.0688491,-0.777147],[-0.728494,0.305017,0.613402]]],"btipPosition":[16.7918,284.392,-9.5154],"carpPosition":[12.9139,299.697,86.1511],"dipPosition":[-0.252982,291.528,4.83659],"direction":[0.0382407,-0.157359,-0.986801],"extended":false,"handId":524,"id":5240,"length":52.1025,"mcpPosition":[12.9139,299.697,86.1511],"pipPosition":[-1.55647,296.892,38.4732],"stabilizedTipPosition":[-11.078,306.616,77.8002],"timeVisible":0.289169,"tipPosition":[12.5098,286.43,-6.494],"tipVelocity":[95.1131,2.91995,-198.966],"tool":false,"touchDistance":-0.218085,"touchZone":"hovering","type":0,"width":20.2446},{"bases":[[[0.991498,-0.00679063,-0.129942],[0.0417231,0.962498,0.268062],[0.123248,-0.271205,0.954598]],[[0.996781,-0.0584817,0.0548368],[0.0528779,0.993721,0.0985991],[-0.0602588,-0.095382,0.993615]],[[0.996781,-0.0584817,0.0548368],[0.0638823,0.992675,-0.102548],[-0.048438,0.105721,0.993215]],[[0.996781,-0.0584817,0.0548368],[0.070501,0.965081,-0.252284],[-0.038168,0.255338,0.966098]]],"btipPosition":[18.0221,338.357,-68.8663],"carpPosition":[22.6764,321.229,84.5231],"dipPosition":[17.3701,342.718,-52.3644],"direction":[0.048438,-0.105721,-0.993215],"extended":true,"handId":524,"id":5241,"length":58.7918,"mcpPosition":[13.6115,341.176,14.3124],"pipPosition":[16.1997,345.273,-28.3644],"stabilizedTipPosition":[-5.4207,354.302,22.4941],"timeVisible":0.289169,"tipPosition":[18.2291,338.32,-64.9379],"tipVelocity":[76.9435,56.9366,-182.269],"tool":false,"touchDistance":-0.401953,"touchZone":"hovering","type":1,"width":19.3376},{"bases":[[[0.977296,-0.207351,-0.0435587],[0.211443,0.941305,0.263128],[-0.0135578,-0.266364,0.963777]],[[0.977268,-0.207868,-0.0416881],[0.0672508,0.490428,-0.868883],[0.201058,0.846328,0.493259]],[[0.977268,-0.207868,-0.0416881],[-0.145531,-0.514754,-0.844896],[0.154168,0.831757,-0.533304]],[[0.977268,-0.207868,-0.0416881],[-0.201157,-0.847055,-0.491969],[0.0669522,0.489171,-0.869614]]],"btipPosition":[20.3654,267.904,23.3415],"carpPosition":[34.7489,322.944,82.8347],"dipPosition":[21.6232,277.094,7.00406],"direction":[-0.154168,-0.831757,0.533304],"extended":false,"handId":524,"id":5242,"length":66.9886,"mcpPosition":[35.6945,341.523,15.6118],"pipPosition":[26.006,300.74,-8.15713],"stabilizedTipPosition":[2.15142,288.957,96.0149],"timeVisible":0.289169,"tipPosition":[20.6735,270.342,18.2918],"tipVelocity":[95.9028,-16.0983,-157.078],"tool":false,"touchDistance":0.333333,"touchZone":"none","type":2,"width":18.9921},{"bases":[[[0.94591,-0.314654,0.0790329],[0.280186,0.915115,0.289932],[-0.163553,-0.252106,0.953778]],[[0.943859,-0.317687,0.0905855],[0.22604,0.421107,-0.878393],[0.240908,0.849555,0.469275]],[[0.943859,-0.317687,0.0905855],[-0.10362,-0.545083,-0.831954],[0.313677,0.775861,-0.5474]],[[0.943859,-0.317687,0.0905855],[-0.235505,-0.839378,-0.48988],[0.231664,0.441044,-0.867071]]],"btipPosition":[33.3614,269.59,32.4146],"carpPosition":[46.8944,321.476,81.7487],"dipPosition":[37.6886,277.828,16.2186],"direction":[-0.313677,-0.775861,0.5474],"extended":false,"handId":524,"id":5243,"length":64.4113,"mcpPosition":[57.1366,337.263,22.02],"pipPosition":[46.3758,299.316,1.05853],"stabilizedTipPosition":[17.7496,289.327,101.303],"timeVisible":0.289169,"tipPosition":[34.4995,271.76,27.6523],"tipVelocity":[89.286,-9.61104,-183.334],"tool":false,"touchDistance":0.333333,"touchZone":"none","type":3,"width":18.0722},{"bases":[[[0.861239,-0.488567,0.139892],[0.408341,0.829142,0.381813],[-0.302532,-0.271708,0.913591]],[[0.862605,-0.487327,0.135736],[0.36013,0.403127,-0.841305],[0.355272,0.774597,0.523241]],[[0.862605,-0.487327,0.135736],[-0.142637,-0.491734,-0.858984],[0.485352,0.721603,-0.493683]],[[0.862605,-0.487327,0.135736],[-0.346068,-0.764175,-0.544311],[0.368984,0.422551,-0.827829]]],"btipPosition":[47.3,279.797,33.5892],"carpPosition":[58.1698,312.82,81.1277],"dipPosition":[53.6584,287.079,19.3238],"direction":[-0.485352,-0.721603,0.493683],"extended":false,"handId":524,"id":5244,"length":50.4973,"mcpPosition":[75.7075,328.57,28.167],"pipPosition":[63.1488,301.189,9.67056],"stabilizedTipPosition":[33.8445,298.784,105.195],"timeVisible":0.289169,"tipPosition":[49.1222,281.75,29.1941],"tipVelocity":[76.9895,1.04067,-166.715],"tool":false,"touchDistance":0.333333,"touchZone":"none","type":4,"width":16.0532}],"r":[[0.992492,0.00530351,0.122192],[0.00429152,0.996934,-0.0781274],[-0.122232,0.0780652,0.989427]],"s":1.07046,"t":[13.7894,-15.2744,-86.5524],"timestamp":522360881005},false],[3,{"currentFrameRate":105.578,"devices":[],"gestures":[],"hands":[{"armBasis":[[0.974702,-0.091125,-0.20409],[0.0808578,0.99503,-0.0581113],[0.208371,0.0401389,0.977226]],"armWidth":63.703,"confidence":0.686402,"direction":[0.0561974,0.400114,-0.914741],"elbow":[98.9662,320.854,349.953],"grabStrength":0,"id":524,"palmNormal":[-0.0620643,-0.913017,-0.403172],"palmPosition":[37.8927,328.281,34.8463],"palmVelocity":[60.4142,29.2415,-188.599],"palmWidth":90.9658,"pinchStrength":0.820753,"r":[[0.99206,0.00830389,0.125491],[0.00131689,0.997077,-0.0763885],[-0.125758,0.0759473,0.98915]],"s":1.07255,"sphereCenter":[49.6478,291.029,0.780073],"sphereRadius":49.4847,"stabilizedPalmPosition":[22.8473,342.281,124.507],"t":[14.4417,-14.6694,-88.3018],"timeVisible":0.298289,"type":"right","wrist":[42.7209,310.019,86.1721]}],"id":4172262,"interactionBox":{"center":[0,200,0],"size":[235.247,235.247,147.751]},"pointables":[{"bases":[[[0.467462,0.86274,0.192767],[-0.796144,0.316089,0.515987],[0.384231,-0.394675,0.834625]],[[0.283966,0.948158,-0.142686],[-0.915056,0.312436,0.255061],[0.286418,0.0581367,0.956339]],[[0.283966,0.948158,-0.142686],[-0.958087,0.274711,-0.08126],[-0.03785,0.15978,0.986427]],[[0.283966,0.948158,-0.142686],[-0.6187,0.0675062,-0.782722],[-0.732512,0.310546,0.605795]]],"btipPosition":[17.5936,285.442,-11.3295],"carpPosition":[13.4581,301.056,84.1938],"dipPosition":[0.454779,292.708,2.84451],"direction":[0.03785,-0.15978,-0.986427],"extended":false,"handId":524,"id":5240,"length":52.1025,"mcpPosition":[13.4581,301.056,84.1938],"pipPosition":[-0.835395,298.155,36.4684],"stabilizedTipPosition":[-11.0495,306.593,77.7011],"timeVisible":0.298289,"tipPosition":[13.2845,287.456,-8.35201],"tipVelocity":[92.4557,35.0102,-200.198],"tool":false,"touchDistance":-0.249002,"touchZone":"hovering","type":0,"width":20.2446},{"bases":[[[0.991778,-0.0111226,-0.127486],[0.0447765,0.963404,0.264286],[0.119881,-0.267821,0.955981]],[[0.99647,-0.0618774,0.0567362],[0.0562817,0.993845,0.0954169],[-0.0622912,-0.0918869,0.993819]],[[0.99647,-0.0618774,0.0567362],[0.0676333,0.992076,-0.105884],[-0.0497348,0.109348,0.992759]],[[0.99647,-0.0618774,0.0567362],[0.074412,0.963895,-0.255674],[-0.0388673,0.258993,0.965097]]],"btipPosition":[19.0313,339.122,-70.9687],"carpPosition":[23.3074,322.544,82.503],"dipPosition":[18.3674,343.546,-54.4839],"direction":[0.0497348,-0.109348,-0.992759],"extended":true,"handId":524,"id":5241,"length":58.7918,"mcpPosition":[14.4902,342.242,12.1906],"pipPosition":[17.1656,346.188,-30.4949],"stabilizedTipPosition":[-5.39932,354.289,22.4152],"timeVisible":0.298289,"tipPosition":[19.2382,339.124,-67.0435],"tipVelocity":[86.2231,64.8708,-195.789],"tool":false,"touchDistance":-0.421686,"touchZone":"hovering","type":1,"width":19.3376},{"bases":[[[0.976594,-0.211277,-0.0403314],[0.214425,0.941541,0.259852],[-0.0169271,-0.262418,0.964806]],[[0.976557,-0.211816,-0.0383462],[0.0720529,0.489514,-0.869013],[0.202842,0.845878,0.4933]],[[0.976557,-0.211816,-0.0383462],[-0.144478,-0.51291,-0.846197],[0.15957,0.8319,-0.531489]],[[0.976557,-0.211816,-0.0383462],[-0.202779,-0.845446,-0.494066],[0.0722316,0.490259,-0.868578]]],"btipPosition":[20.9033,268.888,21.1993],"carpPosition":[35.3905,324.205,80.8373],"dipPosition":[22.2603,278.098,4.88133],"direction":[-0.15957,-0.8319,0.531489],"extended":false,"handId":524,"id":5242,"length":66.9886,"mcpPosition":[36.5711,342.509,13.5427],"pipPosition":[26.7967,301.748,-10.2283],"stabilizedTipPosition":[2.17074,288.939,95.9352],"timeVisible":0.298289,"tipPosition":[21.2491,271.33,16.3685],"tipVelocity":[86.3432,18.4537,-178.548],"tool":false,"touchDistance":0.333333,"touchZone":"none","type":2,"width":18.9921},{"bases":[[[0.944497,-0.317963,0.0826141],[0.283001,0.915195,0.28693],[-0.166841,-0.247625,0.954383]],[[0.942443,-0.32089,0.093976],[0.229568,0.416631,-0.879612],[0.243106,0.850558,0.466317]],[[0.942443,-0.32089,0.093976],[-0.103685,-0.547665,-0.830248],[0.317886,0.772718,-0.549414]],[[0.942443,-0.32089,0.093976],[-0.237417,-0.840111,-0.487695],[0.235447,0.437313,-0.867941]]],"btipPosition":[33.9204,270.632,30.6192],"carpPosition":[47.5329,322.686,79.787],"dipPosition":[38.3183,278.8,14.4069],"direction":[-0.317886,-0.772718,0.549414],"extended":false,"handId":524,"id":5243,"length":64.4113,"mcpPosition":[57.981,338.193,20.0204],"pipPosition":[47.122,300.201,-0.808905],"stabilizedTipPosition":[17.7594,289.318,101.26],"timeVisible":0.298289,"tipPosition":[35.0754,272.783,25.8765],"tipVelocity":[82.0082,24.2855,-187.205],"tool":false,"touchDistance":0.333333,"touchZone":"none","type":3,"width":18.0722},{"bases":[[[0.859008,-0.491303,0.143966],[0.410601,0.829102,0.379469],[-0.305797,-0.266855,0.913935]],[[0.860417,-0.49006,0.139727],[0.363057,0.3971,-0.842913],[0.357592,0.775985,0.519591]],[[0.860417,-0.49006,0.139727],[-0.142794,-0.49507,-0.857039],[0.489175,0.717459,-0.495944]],[[0.860417,-0.49006,0.139727],[-0.347588,-0.7649,-0.542319],[0.372646,0.418053,-0.828472]]],"btipPosition":[47.8759,280.79,31.8543],"carpPosition":[58.7764,313.984,79.2284],"dipPosition":[54.2974,287.994,17.5779],"direction":[-0.489175,-0.717459,0.495944],"extended":false,"handId":524,"id":5244,"length":50.4973,"mcpPosition":[76.5033,329.454,26.2478],"pipPosition":[63.8625,302.023,7.88038],"stabilizedTipPosition":[33.8496,298.778,105.17],"timeVisible":0.298289,"tipPosition":[49.711,282.718,27.474],"tipVelocity":[73.5872,30.4374,-173.322],"tool":false,"touchDistance":0.333333,"touchZone":"none","type":4,"width":16.0532}],"r":[[0.99206,0.00830389,0.125491],[0.00131689,0.997077,-0.0763885],[-0.125758,0.0759473,0.98915]],"s":1.07255,"t":[14.4417,-14.6694,-88.3018],"timestamp":522360890125},false],[4,{"currentFrameRate":105.82,"devices":[],"gestures":[],"hands":[{"armBasis":[[0.973807,-0.0973763,-0.205469],[0.0869789,0.994458,-0.0590644],[0.210082,0.0396458,0.97688]],"armWidth":63.703,"confidence":0.698035,"direction":[0.0601129,0.396373,-0.91612],"elbow":[99.7554,321.239,348.842],"grabStrength":0,"id":524,"palmNormal":[-0.0670036,-0.914107,-0.399898],"palmPosition":[38.4145,328.639,33.7539],"palmVelocity":[59.7357,32.1173,-170.119],"palmWidth":90.9658,"pinchStrength":0.820367,"r":[[0.99167,0.0095787,0.128449],[0.000179227,0.997127,-0.0757412],[-0.128806,0.0751333,0.98882]],"s":1.07394,"sphereCenter":[49.796,291.251,-0.146851],"sphereRadius":49.3952,"stabilizedPalmPosition":[22.8486,342.28,124.499],"t":[15.0287,-14.1882,-89.7227],"timeVisible":0.307293,"type":"right","wrist":[43.0484,310.537,85.1546]}],"id":4172263,"interactionBox":{"center":[0,200,0],"size":[235.247,235.247,147.751]},"pointables":[{"bases":[[[0.472423,0.860574,0.19034],[-0.795022,0.322859,0.51352],[0.380469,-0.393923,0.836701]],[[0.29117,0.945794,-0.143853],[-0.913904,0.319448,0.250466],[0.282843,0.0585391,0.957378]],[[0.29117,0.945794,-0.143853],[-0.955975,0.281915,-0.0814594],[-0.0364896,0.161238,0.986241]],[[0.29117,0.945794,-0.143853],[-0.608833,0.0672093,-0.790446],[-0.737931,0.317737,0.5954]]],"btipPosition":[18.1289,285.895,-12.1638],"carpPosition":[13.7345,301.746,83.1618],"dipPosition":[0.863244,293.329,1.76701],"direction":[0.0364896,-0.161238,-0.986241],"extended":false,"handId":524,"id":5240,"length":52.1025,"mcpPosition":[13.7345,301.746,83.1618],"pipPosition":[-0.38056,298.825,35.3845],"stabilizedTipPosition":[-11.0188,306.57,77.5955],"timeVisible":0.307293,"tipPosition":[13.7529,287.871,-9.25254],"tipVelocity":[82.499,40.3741,-172.365],"tool":false,"touchDistance":-0.263839,"touchZone":"hovering","type":0,"width":20.2446},{"bases":[[[0.991895,-0.0176579,-0.12583],[0.0502473,0.964085,0.260799],[0.116706,-0.265007,0.957158]],[[0.996045,-0.0675332,0.0577425],[0.0620149,0.993776,0.0925369],[-0.0636324,-0.08859,0.994034]],[[0.996045,-0.0675332,0.0577425],[0.0735216,0.991341,-0.1088],[-0.0498949,0.112615,0.992385]],[[0.996045,-0.0675332,0.0577425],[0.0802589,0.962653,-0.258568],[-0.038124,0.26218,0.964266]]],"btipPosition":[19.7241,339.264,-72.1366],"carpPosition":[23.7178,323.167,81.4077],"dipPosition":[19.0729,343.742,-55.6659],"direction":[0.0498949,-0.112615,-0.992385],"extended":true,"handId":524,"id":5241,"length":58.7918,"mcpPosition":[15.1341,342.658,11.0088],"pipPosition":[17.8672,346.463,-31.6859],"stabilizedTipPosition":[-5.37375,354.275,22.3223],"timeVisible":0.307293,"tipPosition":[19.9362,339.297,-68.2139],"tipVelocity":[83.7623,51.7476,-177.735],"tool":false,"touchDistance":-0.425417,"touchZone":"hovering","type":1,"width":19.3376},{"bases":[[[0.975346,-0.217392,-0.0379615],[0.219766,0.941168,0.256722],[-0.0200811,-0.258735,0.96574]],[[0.9753,-0.217954,-0.0358598],[0.076328,0.484896,-0.871235],[0.207277,0.846978,0.489555]],[[0.9753,-0.217954,-0.0358598],[-0.146245,-0.515499,-0.844318],[0.165537,0.828708,-0.534641]],[[0.9753,-0.217954,-0.0358598],[-0.20711,-0.845917,-0.491458],[0.0767808,0.486746,-0.870163]]],"btipPosition":[21.0775,269.278,20.3523],"carpPosition":[35.8135,324.749,79.7555],"dipPosition":[22.5199,278.422,4.00454],"direction":[-0.165537,-0.828708,0.534641],"extended":false,"handId":524,"id":5242,"length":66.9886,"mcpPosition":[37.2142,342.795,12.3958],"pipPosition":[27.226,301.981,-11.1947],"stabilizedTipPosition":[2.18934,288.922,95.8585],"timeVisible":0.307293,"tipPosition":[21.4477,271.7,15.5253],"tipVelocity":[68.5402,24.8237,-155.553],"tool":false,"touchDistance":0.333333,"touchZone":"none","type":2,"width":18.9921},{"bases":[[[0.9424,-0.323424,0.0853248],[0.288136,0.914504,0.284009],[-0.169885,-0.243064,0.955018]],[[0.940371,-0.326215,0.09637],[0.232833,0.410768,-0.881509],[0.247975,0.851383,0.462228]],[[0.940371,-0.326215,0.09637],[-0.105981,-0.550199,-0.828281],[0.32322,0.768677,-0.551964]],[[0.940371,-0.326215,0.09637],[-0.241658,-0.84009,-0.485644],[0.239384,0.433397,-0.868828]]],"btipPosition":[34.0874,270.96,29.7929],"carpPosition":[47.948,323.151,78.7306],"dipPosition":[38.5588,279.055,13.564],"direction":[-0.32322,-0.768677,0.551964],"extended":false,"handId":524,"id":5243,"length":64.4113,"mcpPosition":[58.5868,338.373,18.9242],"pipPosition":[47.5103,300.343,-1.72241],"stabilizedTipPosition":[17.769,289.309,101.219],"timeVisible":0.307293,"tipPosition":[35.261,273.094,25.0604],"tipVelocity":[65.0921,27.1003,-161.108],"tool":false,"touchDistance":0.333333,"touchZone":"none","type":3,"width":18.0722},{"bases":[[[0.855754,-0.496009,0.147177],[0.415057,0.827976,0.377073],[-0.30889,-0.261594,0.914415]],[[0.857161,-0.494804,0.142982],[0.366734,0.391421,-0.843976],[0.361636,0.77586,0.516973]],[[0.857161,-0.494804,0.142982],[-0.144327,-0.49724,-0.855525],[0.494413,0.712686,-0.497628]],[[0.857161,-0.494804,0.142982],[-0.351175,-0.76454,-0.540513],[0.376763,0.413095,-0.829097]]],"btipPosition":[48.1015,281.063,30.9567],"carpPosition":[59.139,314.379,78.2224],"dipPosition":[54.5939,288.181,16.6696],"direction":[-0.494413,-0.712686,0.497628],"extended":false,"handId":524,"id":5244,"length":50.4973,"mcpPosition":[77.0453,329.543,25.214],"pipPosition":[64.2615,302.117,6.93916],"stabilizedTipPosition":[33.8549,298.773,105.144],"timeVisible":0.307293,"tipPosition":[49.9533,282.965,26.5921],"tipVelocity":[60.7541,29.8001,-153.17],"tool":false,"touchDistance":0.333333,"touchZone":"none","type":4,"width":16.0532}],"r":[[0.99167,0.0095787,0.128449],[0.000179227,0.997127,-0.0757412],[-0.128806,0.0751333,0.98882]],"s":1.07394,"t":[15.0287,-14.1882,-89.7227],"timestamp":522360899129},false],[5,{"currentFrameRate":106.064,"devices":[],"gestures":[],"hands":[{"armBasis":[[0.972964,-0.0987469,-0.208783],[0.0874161,0.994188,-0.0628415],[0.213775,0.0428915,0.975941]],"armWidth":63.703,"confidence":0.710404,"direction":[0.0632,0.398279,-0.915084],"elbow":[101.064,322.441,347.581],"grabStrength":0,"id":524,"palmNormal":[-0.0657419,-0.913264,-0.402028],"palmPosition":[38.8993,329.072,32.7693],"palmVelocity":[58.1655,36.5363,-153.555],"palmWidth":90.9658,"pinchStrength":0.819283,"r":[[0.991263,0.0105258,0.131482],[-0.000666057,0.997198,-0.0748094],[-0.1319,0.0740682,0.988492]],"s":1.07521,"sphereCenter":[50.2168,291.798,-1.16986],"sphereRadius":49.3464,"stabilizedPalmPosition":[22.8503,342.279,124.49],"t":[15.5647,-13.731,-90.9254],"timeVisible":0.316271,"type":"right","wrist":[43.3603,310.863,84.1473]}],"id":4172264,"interactionBox":{"center":[0,200,0],"size":[235.247,235.247,147.751]},"pointables":[{"bases":[[[0.471854,0.860133,0.193711],[-0.796705,0.321854,0.511538],[0.377645,-0.395702,0.837141]],[[0.292708,0.945997,-0.139327],[-0.914813,0.319455,0.247116],[0.278279,0.0551257,0.958917]],[[0.292708,0.945997,-0.139327],[-0.955486,0.283732,-0.0808797],[-0.0369803,0.1568,0.986938]],[[0.292708,0.945997,-0.139327],[-0.601088,0.0687187,-0.796223],[-0.74365,0.316809,0.588742]]],"btipPosition":[18.8252,286.57,-13.232],"carpPosition":[14.0526,302.078,82.0383],"dipPosition":[1.42577,293.983,0.542987],"direction":[0.0369803,-0.1568,-0.986938],"extended":false,"handId":524,"id":5240,"length":52.1025,"mcpPosition":[14.0526,302.078,82.0383],"pipPosition":[0.165242,299.327,34.1843],"stabilizedTipPosition":[-10.9831,306.545,77.4743],"timeVisible":0.316271,"tipPosition":[14.4264,288.471,-10.3544],"tipVelocity":[80.2063,49.7756,-158.831],"tool":false,"touchDistance":-0.28224,"touchZone":"hovering","type":0,"width":20.2446},{"bases":[[[0.992307,-0.0174809,-0.122557],[0.0494537,0.963534,0.262977],[0.113491,-0.267015,0.956986]],[[0.995918,-0.0674778,0.0599492],[0.061556,0.993508,0.0956647],[-0.0660153,-0.0915839,0.993607]],[[0.995918,-0.0674778,0.0599492],[0.0735546,0.99167,-0.105733],[-0.0523152,0.109711,0.992586]],[[0.995918,-0.0674778,0.0599492],[0.0806642,0.963393,-0.255672],[-0.0405024,0.259464,0.964903]]],"btipPosition":[20.4875,339.991,-73.1668],"carpPosition":[24.0434,323.502,80.3623],"dipPosition":[19.7957,344.423,-56.6852],"direction":[0.0523152,-0.109711,-0.992586],"extended":true,"handId":524,"id":5241,"length":58.7918,"mcpPosition":[15.6961,343.141,9.97595],"pipPosition":[18.5315,347.074,-32.7004],"stabilizedTipPosition":[-5.3402,354.258,22.2026],"timeVisible":0.316271,"tipPosition":[20.7004,340.033,-69.2461],"tipVelocity":[83.8254,59.4537,-160.399],"tool":false,"touchDistance":-0.426624,"touchZone":"hovering","type":1,"width":19.3376},{"bases":[[[0.97545,-0.217396,-0.0351619],[0.218983,0.940611,0.259418],[-0.0233229,-0.260749,0.965125]],[[0.975392,-0.218009,-0.0328928],[0.079349,0.486307,-0.870178],[0.205702,0.846155,0.491639]],[[0.975392,-0.218009,-0.0328928],[-0.143317,-0.513572,-0.845993],[0.167541,0.829889,-0.532178]],[[0.975392,-0.218009,-0.0328928],[-0.205444,-0.844573,-0.494459],[0.0800159,0.489049,-0.868578]]],"btipPosition":[21.5929,269.718,19.1932],"carpPosition":[36.1446,325.086,78.7538],"dipPosition":[23.0961,278.906,2.87525],"direction":[-0.167541,-0.829889,0.532178],"extended":false,"handId":524,"id":5242,"length":66.9886,"mcpPosition":[37.7714,343.273,11.4369],"pipPosition":[27.8591,302.499,-12.254],"stabilizedTipPosition":[2.2083,288.905,95.7813],"timeVisible":0.316271,"tipPosition":[21.9829,272.154,14.3941],"tipVelocity":[65.9159,31.7728,-148.095],"tool":false,"touchDistance":0.333333,"touchZone":"none","type":2,"width":18.9921},{"bases":[[[0.942084,-0.323683,0.0877921],[0.28726,0.913884,0.286877],[-0.173089,-0.245043,0.953936]],[[0.940142,-0.326334,0.098183],[0.233742,0.407838,-0.882628],[0.247989,0.852745,0.459703]],[[0.940142,-0.326334,0.098183],[-0.104744,-0.550873,-0.82799],[0.324288,0.768144,-0.55208]],[[0.940142,-0.326334,0.098183],[-0.240389,-0.839271,-0.487686],[0.241551,0.434892,-0.86748]]],"btipPosition":[34.5517,271.348,28.9868],"carpPosition":[48.2824,323.49,77.766],"dipPosition":[39.0637,279.471,12.7831],"direction":[-0.324288,-0.768144,0.55208],"extended":false,"handId":524,"id":5243,"length":64.4113,"mcpPosition":[59.1218,338.835,18.0274],"pipPosition":[48.0447,300.745,-2.50653],"stabilizedTipPosition":[17.7792,289.299,101.175],"timeVisible":0.316271,"tipPosition":[35.74,273.492,24.2275],"tipVelocity":[61.7122,31.7232,-141.387],"tool":false,"touchDistance":0.333333,"touchZone":"none","type":3,"width":18.0722},{"bases":[[[0.855218,-0.496389,0.148994],[0.413863,0.827151,0.380183],[-0.31196,-0.263476,0.912832]],[[0.856644,-0.495172,0.144795],[0.369506,0.393027,-0.842019],[0.360036,0.774813,0.519653]],[[0.856644,-0.495172,0.144795],[-0.141137,-0.494886,-0.85742],[0.496227,0.714068,-0.493828]],[[0.856644,-0.495172,0.144795],[-0.348965,-0.762866,-0.544296],[0.379979,0.41574,-0.826303]]],"btipPosition":[48.5804,281.475,29.8857],"carpPosition":[59.4743,314.717,77.2768],"dipPosition":[55.1283,288.639,15.6467],"direction":[-0.496227,-0.714068,0.493828],"extended":false,"handId":524,"id":5244,"length":50.4973,"mcpPosition":[77.5585,329.991,24.3602],"pipPosition":[64.8313,302.601,5.9906],"stabilizedTipPosition":[33.8607,298.767,105.116],"timeVisible":0.316271,"tipPosition":[50.4437,283.392,25.5665],"tipVelocity":[59.1121,34.5305,-143.549],"tool":false,"touchDistance":0.333333,"touchZone":"none","type":4,"width":16.0532}],"r":[[0.991263,0.0105258,0.131482],[-0.000666057,0.997198,-0.0748094],[-0.1319,0.0740682,0.988492]],"s":1.07521,"t":[15.5647,-13.731,-90.9254],"timestamp":522360908107},false],[6,{"currentFrameRate":106.196,"devices":[],"gestures":[],"hands":[{"armBasis":[[0.973487,-0.096873,-0.207216],[0.0855868,0.994351,-0.0627755],[0.212127,0.0433762,0.976279]],"armWidth":63.703,"confidence":0.724596,"direction":[0.0618811,0.398329,-0.915153],"elbow":[101.136,322.934,346.361],"grabStrength":0,"id":524,"palmNormal":[-0.0643698,-0.913408,-0.401922],"palmPosition":[39.3498,329.423,31.4597],"palmVelocity":[55.6369,37.0254,-150.539],"palmWidth":90.9658,"pinchStrength":0.818056,"r":[[0.990943,0.0116381,0.133776],[-0.00171154,0.997251,-0.0740795],[-0.13427,0.0731796,0.988239]],"s":1.07656,"sphereCenter":[50.5681,292.191,-2.47818],"sphereRadius":49.3192,"stabilizedPalmPosition":[22.8524,342.277,124.478],"t":[16.0579,-13.3268,-92.1816],"timeVisible":0.325445,"type":"right","wrist":[43.8774,311.226,82.836]}],"id":4172265,"interactionBox":{"center":[0,200,0],"size":[235.247,235.247,147.751]},"pointables":[{"bases":[[[0.470439,0.860991,0.193341],[-0.796942,0.32046,0.512043],[0.378906,-0.394967,0.836918]],[[0.291744,0.946451,-0.138264],[-0.915258,0.318221,0.247061],[0.277829,0.0544687,0.959085]],[[0.291744,0.946451,-0.138264],[-0.95589,0.28335,-0.0773778],[-0.0340572,0.15474,0.987368]],[[0.291744,0.946451,-0.138264],[-0.597892,0.0676178,-0.79872],[-0.7466,0.315688,0.585602]]],"btipPosition":[19.3485,287.01,-14.4729],"carpPosition":[14.5841,302.389,80.747],"dipPosition":[1.88007,294.396,-0.771397],"direction":[0.0340572,-0.15474,-0.987368],"extended":false,"handId":524,"id":5240,"length":52.1025,"mcpPosition":[14.5841,302.389,80.747],"pipPosition":[0.719173,299.67,32.8845],"stabilizedTipPosition":[-10.9426,306.517,77.3377],"timeVisible":0.325445,"tipPosition":[14.9495,288.845,-11.6064],"tipVelocity":[73.2592,49.0664,-152.769],"tool":false,"touchDistance":-0.301217,"touchZone":"hovering","type":0,"width":20.2446},{"bases":[[[0.992256,-0.01571,-0.123212],[0.0478996,0.963639,0.26288],[0.114602,-0.266746,0.956929]],[[0.996143,-0.065455,0.0584302],[0.0596724,0.993615,0.0957526],[-0.0643246,-0.0918967,0.993689]],[[0.996143,-0.065455,0.0584302],[0.0713814,0.991813,-0.105886],[-0.051021,0.109649,0.99266]],[[0.996143,-0.065455,0.0584302],[0.0783264,0.963496,-0.256009],[-0.0395402,0.259598,0.964907]]],"btipPosition":[20.7774,340.312,-74.4673],"carpPosition":[24.5353,323.83,79.0629],"dipPosition":[20.102,344.746,-57.9857],"direction":[0.051021,-0.109649,-0.99266],"extended":true,"handId":524,"id":5241,"length":58.7918,"mcpPosition":[16.1064,343.449,8.68077],"pipPosition":[18.8692,347.396,-33.9991],"stabilizedTipPosition":[-5.30191,354.239,22.0656],"timeVisible":0.325445,"tipPosition":[21.0075,340.388,-70.5505],"tipVelocity":[69.3665,52.6339,-155.199],"tool":false,"touchDistance":-0.431803,"touchZone":"hovering","type":1,"width":19.3376},{"bases":[[[0.975815,-0.215649,-0.0357917],[0.217467,0.94102,0.25921],[-0.0222177,-0.260724,0.965158]],[[0.975756,-0.216298,-0.0333888],[0.0779539,0.486032,-0.870457],[0.204506,0.846752,0.49111]],[[0.975756,-0.216298,-0.0333888],[-0.142807,-0.513628,-0.846045],[0.165848,0.830302,-0.532065]],[[0.975756,-0.216298,-0.0333888],[-0.20416,-0.844602,-0.49494],[0.0788541,0.489758,-0.868285]]],"btipPosition":[22.1314,270.012,17.9002],"carpPosition":[36.6326,325.435,77.4463],"dipPosition":[23.6128,279.213,1.58769],"direction":[-0.165848,-0.830302,0.532065],"extended":false,"handId":524,"id":5242,"length":66.9886,"mcpPosition":[38.1823,343.621,10.1271],"pipPosition":[28.3277,302.818,-13.5383],"stabilizedTipPosition":[2.22791,288.889,95.7023],"timeVisible":0.325445,"tipPosition":[22.5174,272.452,13.1245],"tipVelocity":[63.75,31.941,-146.062],"tool":false,"touchDistance":0.333333,"touchZone":"none","type":2,"width":18.9921},{"bases":[[[0.942721,-0.321987,0.0871915],[0.28581,0.914417,0.286626],[-0.172019,-0.245288,0.954067]],[[0.940949,-0.324429,0.0967501],[0.229498,0.401161,-0.886793],[0.248889,0.856631,0.451927]],[[0.940949,-0.324429,0.0967501],[-0.106749,-0.555521,-0.824622],[0.321278,0.765599,-0.557349]],[[0.940949,-0.324429,0.0967501],[-0.239979,-0.84075,-0.485335],[0.238799,0.433457,-0.868959]]],"btipPosition":[35.0695,271.658,28.1841],"carpPosition":[48.7726,323.861,76.4506],"dipPosition":[39.53,279.755,11.9528],"direction":[-0.321278,-0.765599,0.557349],"extended":false,"handId":524,"id":5243,"length":64.4113,"mcpPosition":[59.545,339.221,16.7038],"pipPosition":[48.4277,300.958,-3.48279],"stabilizedTipPosition":[17.791,289.289,101.126],"timeVisible":0.325445,"tipPosition":[36.2469,273.788,23.3496],"tipVelocity":[59.8796,32.1194,-126.542],"tool":false,"touchDistance":0.333333,"touchZone":"none","type":3,"width":18.0722},{"bases":[[[0.856205,-0.494844,0.148463],[0.41263,0.827918,0.379854],[-0.310884,-0.263973,0.913055]],[[0.857628,-0.493624,0.144257],[0.36794,0.392986,-0.842723],[0.359297,0.775821,0.51866]],[[0.857628,-0.493624,0.144257],[-0.14073,-0.495068,-0.857382],[0.494641,0.715013,-0.494052]],[[0.857628,-0.493624,0.144257],[-0.347632,-0.763171,-0.544722],[0.37898,0.41702,-0.826116]]],"btipPosition":[49.0979,281.819,28.5868],"carpPosition":[59.9798,315.109,75.9546],"dipPosition":[55.6286,289.005,14.351],"direction":[-0.494641,-0.715013,0.494052],"extended":false,"handId":524,"id":5244,"length":50.4973,"mcpPosition":[78.0017,330.411,23.0251],"pipPosition":[65.3006,302.986,4.69055],"stabilizedTipPosition":[33.8673,298.761,105.085],"timeVisible":0.325445,"tipPosition":[50.9532,283.744,24.2882],"tipVelocity":[58.239,35.5074,-142.979],"tool":false,"touchDistance":0.333333,"touchZone":"none","type":4,"width":16.0532}],"r":[[0.990943,0.0116381,0.133776],[-0.00171154,0.997251,-0.0740795],[-0.13427,0.0731796,0.988239]],"s":1.07656,"t":[16.0579,-13.3