{"sensorType":"Leap","data":[[0,{"currentFrameRate":98.1551,"devices":[],"gestures":[],"hands":[{"armBasis":[[0.968107,0.00602668,-0.250465],[-0.0126768,0.999608,-0.0249463],[0.250216,0.0273258,0.967804]],"armWidth":63.703,"confidence":0.490082,"direction":[-0.0549633,0.0460414,-0.997426],"elbow":[117.265,333.13,347.361],"grabStrength":0.702125,"id":520,"palmNormal":[0.0087638,-0.998876,-0.0465912],"palmPosition":[39.1864,323.84,32.4911],"palmVelocity":[108,84.3865,-335.04],"palmWidth":90.9658,"pinchStrength":0.543853,"r":[[0.991513,0.0767025,0.104968],[-0.0845754,0.99376,0.0727244],[-0.0987351,-0.0809849,0.991813]],"s":0.974941,"sphereCenter":[46.7797,288.557,11.5323],"sphereRadius":45.5557,"stabilizedPalmPosition":[20.6063,310.044,91.3832],"t":[18.2688,13.4958,-58.0586],"timeVisible":0.153582,"type":"right","wrist":[49.7247,325.754,86.1237]}],"id":4171113,"interactionBox":{"center":[0,200,0],"size":[235.247,235.247,147.751]},"pointables":[{"bases":[[[0.38321,0.906953,-0.174888],[-0.786016,0.419647,0.453956],[0.485108,-0.036496,0.873692]],[[0.254662,0.888905,-0.380781],[-0.909088,0.354315,0.219135],[0.329706,0.290358,0.898324]],[[0.254662,0.888905,-0.380781],[-0.965984,0.252149,-0.0574167],[0.0449755,0.38245,0.922881]],[[0.254662,0.888905,-0.380781],[-0.67341,-0.119585,-0.729533],[-0.694021,0.442206,0.568144]]],"btipPosition":[19.8025,276.617,1.005],"carpPosition":[21.551,314.49,90.5861],"dipPosition":[3.56419,286.963,14.2981],"direction":[-0.0449755,-0.38245,-0.922881],"extended":false,"handId":520,"id":5200,"length":52.1025,"mcpPosition":[21.551,314.49,90.5861],"pipPosition":[5.09725,299.999,45.7559],"stabilizedTipPosition":[-3.04263,261.057,73.753],"timeVisible":0.153582,"tipPosition":[17.1333,278.485,4.42781],"tipVelocity":[125.983,99.2862,-359.072],"tool":false,"touchDistance":0.218214,"touchZone":"hovering","type":0,"width":20.2446},{"bases":[[[0.975047,0.018872,-0.221194],[-0.0415724,0.994276,-0.0984251],[0.21807,0.105165,0.97025]],[[0.99911,0.0420733,0.00301834],[-0.0419848,0.985001,0.167361],[0.00406836,-0.167339,0.985891]],[[0.99911,0.0420733,0.00301834],[-0.0315819,0.793564,-0.607666],[-0.0279618,0.60703,0.794187]],[[0.99911,0.0420733,0.00301834],[-0.00555526,0.202177,-0.979333],[-0.041814,0.978445,0.202231]]],"btipPosition":[14.0185,302.671,-55.9645],"carpPosition":[28.8424,334.599,80.3874],"dipPosition":[13.3043,319.384,-52.5102],"direction":[0.0279618,-0.60703,-0.794187],"extended":true,"handId":520,"id":5201,"length":58.7918,"mcpPosition":[12.8033,326.865,9.02545],"pipPosition":[12.6286,334.052,-33.3195],"stabilizedTipPosition":[-12.0314,297.017,-0.881419],"timeVisible":0.153582,"tipPosition":[14.3114,307.637,-55.8741],"tipVelocity":[137.378,93.8481,-337.013],"tool":false,"touchDistance":0.0224964,"touchZone":"hovering","type":1,"width":19.3376},{"bases":[[[0.98825,-0.136871,-0.0680344],[0.128667,0.98522,-0.113078],[0.082506,0.102996,0.991254]],[[0.989039,-0.135815,-0.0579269],[-0.0443049,0.10126,-0.993873],[0.140848,0.985546,0.0941333]],[[0.989039,-0.135815,-0.0579269],[-0.146416,-0.952781,-0.266029],[-0.019061,0.271594,-0.962223]],[[0.989039,-0.135815,-0.0579269],[-0.107897,-0.932613,0.344372],[-0.100794,-0.334347,-0.937045]]],"btipPosition":[30.4106,280.345,48.2385],"carpPosition":[40.517,336.459,76.9548],"dipPosition":[28.517,274.063,30.6343],"direction":[0.019061,-0.271594,0.962223],"extended":false,"handId":520,"id":5202,"length":66.9886,"mcpPosition":[34.7622,329.275,7.81546],"pipPosition":[27.9751,281.784,3.2794],"stabilizedTipPosition":[8.28234,266.511,109.231],"timeVisible":0.153582,"tipPosition":[29.9255,278.638,44.1848],"tipVelocity":[134.977,83.8505,-345.366],"tool":false,"touchDistance":0.333333,"touchZone":"none","type":2,"width":18.9921},{"bases":[[[0.97709,-0.194101,0.0872976],[0.201509,0.975705,-0.0859932],[-0.0684853,0.101614,0.992464]],[[0.979271,-0.198845,0.0385873],[0.0474408,0.0399527,-0.998075],[0.19692,0.979216,0.0485579]],[[0.979271,-0.198845,0.0385873],[-0.186305,-0.958979,-0.213658],[0.0794892,0.20204,-0.976146]],[[0.979271,-0.198845,0.0385873],[-0.19869,-0.905963,0.373837],[-0.0393769,-0.373755,-0.926691]]],"btipPosition":[46.67,286.872,55.2319],"carpPosition":[52.643,335.589,75.2086],"dipPosition":[45.9344,279.891,37.9222],"direction":[-0.0794892,-0.20204,0.976146],"extended":false,"handId":520,"id":5203,"length":64.4113,"mcpPosition":[56.9318,329.225,13.0572],"pipPosition":[48.1359,285.486,10.8882],"stabilizedTipPosition":[26.2409,271.941,112.026],"timeVisible":0.153582,"tipPosition":[46.5019,285.02,50.914],"tipVelocity":[126.982,94.4054,-331.289],"tool":false,"touchDistance":0.333333,"touchZone":"none","type":3,"width":18.0722},{"bases":[[[0.91578,-0.339564,0.214578],[0.344181,0.938755,0.0166536],[-0.207091,0.0586029,0.976565]],[[0.93031,-0.343372,0.128916],[0.166589,0.0824497,-0.982573],[0.326759,0.935573,0.133906]],[[0.93031,-0.343372,0.128916],[-0.297622,-0.912151,-0.281785],[0.214347,0.223779,-0.950778]],[[0.93031,-0.343372,0.128916],[-0.366659,-0.879489,0.303414],[0.00919576,-0.329537,-0.944098]]],"btipPosition":[60.8036,292.985,50.0611],"carpPosition":[64.6991,328.152,76.5458],"dipPosition":[60.962,287.306,33.7922],"direction":[-0.214347,-0.223779,0.950778],"extended":false,"handId":520,"id":5204,"length":50.4973,"mcpPosition":[76.7042,324.754,19.9346],"pipPosition":[65.1533,291.682,15.2011],"stabilizedTipPosition":[42.0942,278.79,105.875],"timeVisible":0.153582,"tipPosition":[61.1574,292.027,46.3481],"tipVelocity":[117.728,93.5301,-333.35],"tool":false,"touchDistance":0.333333,"touchZone":"none","type":4,"width":16.0532}],"r":[[0.991513,0.0767025,0.104968],[-0.0845754,0.99376,0.0727244],[-0.0987351,-0.0809849,0.991813]],"s":0.974941,"t":[18.2688,13.4958,-58.0586],"timestamp":522347585943},false],[1,{"currentFrameRate":98.6487,"devices":[],"gestures":[],"hands":[{"armBasis":[[0.967215,0.0172929,-0.253369],[-0.0238639,0.999453,-0.0228836],[0.252835,0.0281798,0.967099]],"armWidth":63.703,"confidence":0.513229,"direction":[-0.0525256,0.0516276,-0.997284],"elbow":[118.597,334.115,344.606],"grabStrength":0.707668,"id":520,"palmNormal":[0.0199462,-0.998409,-0.0527364],"palmPosition":[39.9916,324.811,29.8838],"palmVelocity":[102.403,90.4282,-321.001],"palmWidth":90.9658,"pinchStrength":0.53824,"r":[[0.990493,0.0834202,0.10938],[-0.0920734,0.992802,0.0765984],[-0.102203,-0.0859412,0.991044]],"s":0.975798,"sphereCenter":[47.6829,289.895,8.73883],"sphereRadius":45.4975,"stabilizedPalmPosition":[20.6502,310.077,91.2439],"t":[19.1204,14.3278,-60.7147],"timeVisible":0.162741,"type":"right","wrist":[50.3498,326.509,83.5588]}],"id":4171114,"interactionBox":{"center":[0,200,0],"size":[235.247,235.247,147.751]},"pointables":[{"bases":[[[0.373672,0.912198,-0.168122],[-0.791944,0.408116,0.454165],[0.482902,-0.0365657,0.874911]],[[0.245928,0.894007,-0.374527],[-0.912263,0.34406,0.222257],[0.327559,0.287008,0.900184]],[[0.245928,0.894007,-0.374527],[-0.968589,0.24134,-0.059925],[0.0368149,0.3775,0.925278]],[[0.245928,0.894007,-0.374527],[-0.66935,-0.122832,-0.732723],[-0.701063,0.430887,0.568196]]],"btipPosition":[21.0909,277.634,-1.89039],"carpPosition":[22.2894,314.906,87.8664],"dipPosition":[4.68785,287.716,11.4039],"direction":[-0.0368149,-0.3775,-0.925278],"extended":false,"handId":520,"id":5200,"length":52.1025,"mcpPosition":[22.2894,314.906,87.8664],"pipPosition":[5.94274,300.583,42.9434],"stabilizedTipPosition":[-2.98464,261.111,73.5462],"timeVisible":0.162741,"tipPosition":[18.3796,279.465,1.48926],"tipVelocity":[128.924,100.719,-347.095],"tool":false,"touchDistance":0.169962,"touchZone":"hovering","type":0,"width":20.2446},{"bases":[[[0.975427,0.0310087,-0.218128],[-0.0522739,0.994348,-0.092404],[0.21403,0.101536,0.971536]],[[0.998591,0.0528893,0.0042217],[-0.0528104,0.98312,0.175176],[0.00511447,-0.175152,0.984528]],[[0.998591,0.0528893,0.0042217],[-0.0396058,0.796001,-0.603998],[-0.0353055,0.60298,0.796974]],[[0.998591,0.0528893,0.0042217],[-0.00663575,0.203439,-0.979065],[-0.0526409,0.977658,0.203503]]],"btipPosition":[15.1787,303.943,-58.6627],"carpPosition":[29.388,335.158,77.8142],"dipPosition":[14.2795,320.643,-55.1867],"direction":[0.0353055,-0.60298,-0.796974],"extended":true,"handId":520,"id":5201,"length":58.7918,"mcpPosition":[13.6461,327.69,6.35778],"pipPosition":[13.4264,335.213,-35.9286],"stabilizedTipPosition":[-12.0314,297.017,-0.881419],"timeVisible":0.162741,"tipPosition":[15.4449,308.836,-58.5508],"tipVelocity":[133.101,106.323,-325.04],"tool":false,"touchDistance":-0.0723905,"touchZone":"hovering","type":1,"width":19.3376},{"bases":[[[0.989899,-0.125528,-0.0658947],[0.118098,0.987264,-0.106599],[0.0784366,0.0977399,0.992116]],[[0.990628,-0.124553,-0.0560608],[-0.0433617,0.102427,-0.993795],[0.129523,0.986912,0.0960659]],[[0.990628,-0.124553,-0.0560608],[-0.135095,-0.953988,-0.267687],[-0.02014,0.272751,-0.961874]],[[0.990628,-0.124553,-0.0560608],[-0.0982154,-0.93479,0.341352],[-0.0949216,-0.332647,-0.938262]]],"btipPosition":[31.6949,281.29,45.5719],"carpPosition":[41.0514,337.168,74.4285],"dipPosition":[29.9116,275.04,27.9448],"direction":[0.02014,-0.272751,0.961874],"extended":false,"handId":520,"id":5202,"length":66.9886,"mcpPosition":[35.5805,330.351,5.22902],"pipPosition":[29.3391,282.794,0.599836],"stabilizedTipPosition":[8.35125,266.551,109.028],"timeVisible":0.162741,"tipPosition":[31.2272,279.557,41.4216],"tipVelocity":[137.211,89.4546,-330.416],"tool":false,"touchDistance":0.333333,"touchZone":"none","type":2,"width":18.9921},{"bases":[[[0.978914,-0.183841,0.0890462],[0.19096,0.978385,-0.0793533],[-0.072533,0.0946843,0.992861]],[[0.981294,-0.188266,0.0402169],[0.0481347,0.0376735,-0.99813],[0.186399,0.981395,0.0460309]],[[0.981294,-0.188266,0.0402169],[-0.17592,-0.961773,-0.209871],[0.0781911,0.19887,-0.976902]],[[0.981294,-0.188266,0.0402169],[-0.189476,-0.907537,0.374799],[-0.0340637,-0.375409,-0.926233]]],"btipPosition":[47.8785,288.181,52.8372],"carpPosition":[53.1914,336.443,72.7135],"dipPosition":[47.2422,281.169,35.5361],"direction":[-0.0781911,-0.19887,0.976902],"extended":false,"handId":520,"id":5203,"length":64.4113,"mcpPosition":[57.7337,330.513,10.5373],"pipPosition":[49.4077,286.676,8.48118],"stabilizedTipPosition":[26.3225,271.997,111.786],"timeVisible":0.162741,"tipPosition":[47.7183,286.227,48.3957],"tipVelocity":[129.061,107.71,-311.768],"tool":false,"touchDistance":0.333333,"touchZone":"none","type":3,"width":18.0722},{"bases":[[[0.918841,-0.33076,0.21524],[0.333729,0.942376,0.0234935],[-0.210608,0.0502449,0.976279]],[[0.9335,-0.333848,0.130854],[0.169403,0.0889666,-0.981523],[0.316038,0.938419,0.139605]],[[0.9335,-0.333848,0.130854],[-0.286437,-0.9138,-0.287963],[0.21571,0.231332,-0.948659]],[[0.9335,-0.333848,0.130854],[-0.358179,-0.885338,0.296451],[0.0168804,-0.323607,-0.946041]]],"btipPosition":[61.8532,294.098,47.3636],"carpPosition":[65.325,329.131,74.0412],"dipPosition":[62.1441,288.522,31.0612],"direction":[-0.21571,-0.231332,0.948659],"extended":false,"handId":520,"id":5204,"length":50.4973,"mcpPosition":[77.5339,326.218,17.4466],"pipPosition":[66.362,293.045,12.5116],"stabilizedTipPosition":[42.157,278.834,105.678],"timeVisible":0.162741,"tipPosition":[62.2377,293.151,43.6309],"tipVelocity":[117.783,102.048,-322.761],"tool":false,"touchDistance":0.333333,"touchZone":"none","type":4,"width":16.0532}],"r":[[0.990493,0.0834202,0.10938],[-0.0920734,0.992802,0.0765984],[-0.102203,-0.0859412,0.991044]],"s":0.975798,"t":[19.1204,14.3278,-60.7147],"timestamp":522347595102},false],[2,{"currentFrameRate":99.1879,"devices":[],"gestures":[],"hands":[{"armBasis":[[0.968972,0.0226815,-0.246129],[-0.0291285,0.999321,-0.0225841],[0.24545,0.0290527,0.968974]],"armWidth":63.703,"confidence":0.532912,"direction":[-0.0488875,0.0551658,-0.99728],"elbow":[117.348,335.046,343.087],"grabStrength":0.713593,"id":520,"palmNormal":[0.0253421,-0.998084,-0.0564526],"palmPosition":[40.9555,325.658,27.8125],"palmVelocity":[103.632,91.3771,-295.876],"palmWidth":90.9658,"pinchStrength":0.535592,"r":[[0.989448,0.089716,0.113772],[-0.0991705,0.991821,0.0803517],[-0.105633,-0.0907867,0.990252]],"s":0.976506,"sphereCenter":[48.552,290.974,6.55593],"sphereRadius":45.4236,"stabilizedPalmPosition":[20.6944,310.111,91.106],"t":[20.0281,15.1672,-63.0784],"timeVisible":0.17176,"type":"right","wrist":[51.0944,327.204,81.5339]}],"id":4171115,"interactionBox":{"center":[0,200,0],"size":[235.247,235.247,147.751]},"pointables":[{"bases":[[[0.369581,0.914758,-0.163181],[-0.795827,0.402267,0.452593],[0.479655,-0.0374059,0.876659]],[[0.242783,0.896708,-0.370096],[-0.913386,0.339818,0.224166],[0.326776,0.283617,0.901542]],[[0.242783,0.896708,-0.370096],[-0.969622,0.236041,-0.0641656],[0.02982,0.374432,0.926775]],[[0.242783,0.896708,-0.370096],[-0.66528,-0.123753,-0.736266],[-0.706016,0.42497,0.566517]]],"btipPosition":[22.273,278.58,-4.14943],"carpPosition":[23.078,315.44,85.6869],"dipPosition":[5.75404,288.523,9.10557],"direction":[-0.02982,-0.374432,-0.926775],"extended":false,"handId":520,"id":5200,"length":52.1025,"mcpPosition":[23.078,315.44,85.6869],"pipPosition":[6.7705,301.286,40.6961],"stabilizedTipPosition":[-2.92291,261.168,73.3315],"timeVisible":0.17176,"tipPosition":[19.5311,280.394,-0.820314],"tipVelocity":[128.7,100.889,-320.793],"tool":false,"touchDistance":0.132161,"touchZone":"hovering","type":0,"width":20.2446},{"bases":[[[0.9761,0.0368975,-0.214168],[-0.0570796,0.99441,-0.0888283],[0.209693,0.0989299,0.972749]],[[0.998307,0.0578452,0.00606647],[-0.0579899,0.981888,0.180371],[0.00447702,-0.180418,0.98358]],[[0.998307,0.0578452,0.00606647],[-0.042513,0.796898,-0.602616],[-0.0396928,0.601338,0.798008]],[[0.998307,0.0578452,0.00606647],[-0.00574132,0.2018,-0.97941],[-0.0578784,0.977717,0.20179]]],"btipPosition":[16.4432,305.008,-60.7814],"carpPosition":[30.1106,335.767,75.7398],"dipPosition":[15.4545,321.709,-57.3347],"direction":[0.0396928,-0.601338,-0.798008],"extended":true,"handId":520,"id":5201,"length":58.7918,"mcpPosition":[14.6877,328.49,4.19409],"pipPosition":[14.4954,336.239,-38.0516],"stabilizedTipPosition":[-11.7896,297.119,-1.38739],"timeVisible":0.17176,"tipPosition":[16.7148,309.837,-60.666],"tipVelocity":[134.426,109.56,-300.454],"tool":false,"touchDistance":-0.107814,"touchZone":"hovering","type":1,"width":19.3376},{"bases":[[[0.990789,-0.120143,-0.0624749],[0.113381,0.988263,-0.102379],[0.0740418,0.0943526,0.992782]],[[0.991466,-0.119214,-0.0527593],[-0.0404001,0.10381,-0.993776],[0.123949,0.987427,0.0981077]],[[0.991466,-0.119214,-0.0527593],[-0.129082,-0.954386,-0.269229],[-0.0182568,0.273742,-0.96163]],[[0.991466,-0.119214,-0.0527593],[-0.0944712,-0.935889,0.339393],[-0.0898372,-0.331512,-0.939164]]],"btipPosition":[32.8462,282.133,43.4163],"carpPosition":[41.7765,337.85,72.4077],"dipPosition":[31.1584,275.905,25.7722],"direction":[0.0182568,-0.273742,0.96163],"extended":false,"handId":520,"id":5202,"length":66.9886,"mcpPosition":[36.6122,331.269,3.16178],"pipPosition":[30.6394,283.687,-1.56579],"stabilizedTipPosition":[8.42532,266.594,108.814],"timeVisible":0.17176,"tipPosition":[32.3978,280.39,39.2217],"tipVelocity":[135.25,90.7285,-305.391],"tool":false,"touchDistance":0.333333,"touchZone":"none","type":2,"width":18.9921},{"bases":[[[0.9795,-0.179104,0.0921987],[0.186181,0.979658,-0.0748811],[-0.0769117,0.0905118,0.992921]],[[0.982092,-0.183324,0.0434382],[0.0516117,0.0400497,-0.997864],[0.181192,0.982236,0.0487942]],[[0.982092,-0.183324,0.0434382],[-0.170219,-0.96223,-0.212457],[0.080746,0.201259,-0.976204]],[[0.982092,-0.183324,0.0434382],[-0.18621,-0.909473,0.371732],[-0.0286413,-0.373163,-0.927323]]],"btipPosition":[48.9486,289.048,50.7353],"carpPosition":[53.9268,337.194,70.7378],"dipPosition":[48.4136,282.078,33.4138],"direction":[-0.080746,-0.201259,0.976204],"extended":false,"handId":520,"id":5203,"length":64.4113,"mcpPosition":[58.7433,331.526,8.55777],"pipPosition":[50.6499,287.651,6.37824],"stabilizedTipPosition":[26.4108,272.057,111.531],"timeVisible":0.17176,"tipPosition":[48.814,287.101,46.2824],"tipVelocity":[126.909,104.813,-290.258],"tool":false,"touchDistance":0.333333,"touchZone":"none","type":3,"width":18.0722},{"bases":[[[0.919698,-0.326814,0.217596],[0.328731,0.943997,0.0283892],[-0.214687,0.045421,0.975626]],[[0.934521,-0.329479,0.134591],[0.173616,0.0918985,-0.980516],[0.310691,0.93968,0.143084]],[[0.934521,-0.329479,0.134591],[-0.280376,-0.914455,-0.291824],[0.219227,0.234979,-0.946955]],[[0.934521,-0.329479,0.134591],[-0.355135,-0.888173,0.291596],[0.0234653,-0.3203,-0.947025]]],"btipPosition":[62.8644,295.014,45.3063],"carpPosition":[66.093,329.94,72.0854],"dipPosition":[63.2688,289.495,28.987],"direction":[-0.219227,-0.234979,0.946955],"extended":false,"handId":520,"id":5204,"length":50.4973,"mcpPosition":[78.5383,327.307,15.5286],"pipPosition":[67.5555,294.089,10.4706],"stabilizedTipPosition":[42.2228,278.881,105.474],"timeVisible":0.17176,"tipPosition":[63.2766,294.062,41.5537],"tipVelocity":[117.022,102.312,-296.844],"tool":false,"touchDistance":0.333333,"touchZone":"none","type":4,"width":16.0532}],"r":[[0.989448,0.089716,0.113772],[-0.0991705,0.991821,0.0803517],[-0.105633,-0.0907867,0.990252]],"s":0.976506,"t":[20.0281,15.1672,-63.0784],"timestamp":522347604121},false],[3,{"currentFrameRate":99.7548,"devices":[],"gestures":[],"hands":[{"armBasis":[[0.967853,0.0273075,-0.250029],[-0.0344629,0.999111,-0.0242844],[0.249143,0.0321205,0.967934]],"armWidth":63.703,"confidence":0.54887,"direction":[-0.0461915,0.0573263,-0.997286],"elbow":[118.885,336.328,340.924],"grabStrength":0.719434,"id":520,"palmNormal":[0.0307313,-0.997798,-0.0587791],"palmPosition":[41.6641,326.189,25.8959],"palmVelocity":[97.0623,82.7327,-273.861],"palmWidth":90.9658,"pinchStrength":0.526581,"r":[[0.988397,0.0957104,0.117941],[-0.10594,0.99084,0.0837458],[-0.108845,-0.0952688,0.989483]],"s":0.977256,"sphereCenter":[49.1463,291.732,4.57875],"sphereRadius":45.3492,"stabilizedPalmPosition":[20.738,310.145,90.9705],"t":[20.8363,15.8526,-65.2186],"timeVisible":0.180673,"type":"right","wrist":[51.6341,327.658,79.6511]}],"id":4171116,"interactionBox":{"center":[0,200,0],"size":[235.247,235.247,147.751]},"pointables":[{"bases":[[[0.365277,0.917069,-0.159867],[-0.799271,0.397006,0.451167],[0.47722,-0.0370242,0.878004]],[[0.239128,0.898836,-0.367304],[-0.914504,0.335619,0.225926],[0.326345,0.281875,0.902245]],[[0.239128,0.898836,-0.367304],[-0.970679,0.230839,-0.0670571],[0.0245146,0.372569,0.927681]],[[0.239128,0.898836,-0.367304],[-0.661095,-0.126349,-0.739587],[-0.711176,0.419679,0.564003]]],"btipPosition":[23.1853,279.152,-6.15187],"carpPosition":[23.6673,315.738,83.6916],"dipPosition":[6.54571,288.971,7.0443],"direction":[-0.0245146,-0.372569,-0.927681],"extended":false,"handId":520,"id":5200,"length":52.1025,"mcpPosition":[23.6673,315.738,83.6916],"pipPosition":[7.38133,301.671,38.6657],"stabilizedTipPosition":[-2.85878,261.226,73.1114],"timeVisible":0.180673,"tipPosition":[20.4091,280.956,-2.8799],"tipVelocity":[120.68,90.0284,-295.028],"tool":false,"touchDistance":0.0985611,"touchZone":"hovering","type":0,"width":20.2446},{"bases":[[[0.97653,0.0425146,-0.211145],[-0.0620144,0.994311,-0.0866049],[0.206262,0.0976663,0.97361]],[[0.997997,0.0628618,0.00708947],[-0.0630905,0.98084,0.184316],[0.00463281,-0.184394,0.982841]],[[0.997997,0.0628618,0.00708947],[-0.0459248,0.797019,-0.602205],[-0.0435062,0.600674,0.79831]],[[0.997997,0.0628618,0.00708947],[-0.00557026,0.198956,-0.979993],[-0.0630146,0.97799,0.198907]]],"btipPosition":[17.3813,305.642,-62.6963],"carpPosition":[30.6232,336.125,73.8146],"dipPosition":[16.305,322.347,-59.2987],"direction":[0.0435062,-0.600674,-0.79831],"extended":true,"handId":520,"id":5201,"length":58.7918,"mcpPosition":[15.4527,328.942,2.20556],"pipPosition":[15.2537,336.862,-40.0084],"stabilizedTipPosition":[-11.55,297.221,-1.88878],"timeVisible":0.180673,"tipPosition":[17.6533,310.408,-62.5844],"tipVelocity":[125.866,99.1182,-277.485],"tool":false,"touchDistance":-0.139917,"touchZone":"hovering","type":1,"width":19.3376},{"bases":[[[0.991586,-0.114814,-0.0597871],[0.108516,0.989087,-0.0996582],[0.0705767,0.0923319,0.993224]],[[0.992221,-0.113918,-0.0502025],[-0.0389973,0.0985434,-0.994368],[0.118224,0.988591,0.0933344]],[[0.992221,-0.113918,-0.0502025],[-0.123173,-0.956859,-0.263154],[-0.0180587,0.267291,-0.963447]],[[0.992221,-0.113918,-0.0502025],[-0.0899554,-0.934858,0.343437],[-0.0860559,-0.33625,-0.937833]]],"btipPosition":[33.7985,282.918,41.757],"carpPosition":[42.288,338.277,70.5226],"dipPosition":[32.1818,276.601,24.1379],"direction":[0.0180587,-0.267291,0.963447],"extended":false,"handId":520,"id":5202,"length":66.9886,"mcpPosition":[37.3653,331.837,1.24582],"pipPosition":[31.6684,284.2,-3.25174],"stabilizedTipPosition":[8.50657,266.643,108.583],"timeVisible":0.180673,"tipPosition":[33.3537,281.082,37.4342],"tipVelocity":[128.015,89.3734,-272.747],"tool":false,"touchDistance":0.333333,"touchZone":"none","type":2,"width":18.9921},{"bases":[[[0.980144,-0.174208,0.0947096],[0.181277,0.980796,-0.0719625],[-0.0803543,0.0877023,0.992901]],[[0.982902,-0.178293,0.0459845],[0.0542801,0.0419304,-0.997645],[0.175945,0.983084,0.0508913]],[[0.982902,-0.178293,0.0459845],[-0.164598,-0.962743,-0.214556],[0.0825249,0.203318,-0.975629]],[[0.982902,-0.178293,0.0459845],[-0.182562,-0.911173,0.369372],[-0.0239566,-0.371452,-0.928143]]],"btipPosition":[49.7815,289.592,48.7921],"carpPosition":[54.4465,337.689,68.8876],"dipPosition":[49.334,282.654,31.4553],"direction":[-0.0825249,-0.203318,0.975629],"extended":false,"handId":520,"id":5203,"length":64.4113,"mcpPosition":[59.4785,332.197,6.70887],"pipPosition":[51.6195,288.285,4.43568],"stabilizedTipPosition":[26.5029,272.12,111.267],"timeVisible":0.180673,"tipPosition":[49.67,287.655,44.3347],"tipVelocity":[118.41,93.1201,-270.693],"tool":false,"touchDistance":0.333333,"touchZone":"none","type":3,"width":18.0722},{"bases":[[[0.92074,-0.322532,0.21957],[0.323703,0.945629,0.0316495],[-0.21784,0.0419345,0.975083]],[[0.935655,-0.3249,0.1378],[0.176822,0.0936624,-0.979776],[0.305423,0.941099,0.145085]],[[0.935655,-0.3249,0.1378],[-0.274537,-0.915435,-0.294293],[0.221763,0.237526,-0.945729]],[[0.935655,-0.3249,0.1378],[-0.351714,-0.890641,0.288193],[0.0290963,-0.318116,-0.947605]]],"btipPosition":[63.6401,295.634,43.4219],"carpPosition":[66.6463,330.495,70.2543],"dipPosition":[64.1415,290.152,27.0926],"direction":[-0.221763,-0.237526,0.945729],"extended":false,"handId":520,"id":5204,"length":50.4973,"mcpPosition":[79.2744,328.064,13.7289],"pipPosition":[68.4778,294.797,8.6002],"stabilizedTipPosition":[42.2907,278.93,105.267],"timeVisible":0.180673,"tipPosition":[64.0759,294.676,39.6527],"tipVelocity":[109.536,93.6571,-273.651],"tool":false,"touchDistance":0.333333,"touchZone":"none","type":4,"width":16.0532}],"r":[[0.988397,0.0957104,0.117941],[-0.10594,0.99084,0.0837458],[-0.108845,-0.0952688,0.989483]],"s":0.977256,"t":[20.8363,15.8526,-65.2186],"timestamp":522347613034},false],[4,{"currentFrameRate":100.13,"devices":[],"gestures":[],"hands":[{"armBasis":[[0.964857,0.029204,-0.261148],[-0.0363184,0.999088,-0.0224575],[0.260254,0.0311527,0.965037]],"armWidth":63.703,"confidence":0.571311,"direction":[-0.0433385,0.0560197,-0.997489],"elbow":[122.509,337.312,337.798],"grabStrength":0.725664,"id":520,"palmNormal":[0.0329593,-0.997803,-0.0574693],"palmPosition":[42.4522,327.348,23.5243],"palmVelocity":[93.7169,94.6807,-268.919],"palmWidth":90.9658,"pinchStrength":0.523038,"r":[[0.987403,0.100924,0.121856],[-0.111818,0.989989,0.0861322],[-0.111943,-0.0986729,0.988803]],"s":0.977956,"sphereCenter":[49.6811,293.008,2.26937],"sphereRadius":45.2703,"stabilizedPalmPosition":[20.7851,310.182,90.8242],"t":[21.6344,16.7748,-67.4744],"timeVisible":0.189927,"type":"right","wrist":[52.2589,328.903,77.3071]}],"id":4171117,"interactionBox":{"center":[0,200,0],"size":[235.247,235.247,147.751]},"pointables":[{"bases":[[[0.363864,0.917625,-0.159898],[-0.801427,0.395906,0.448302],[0.474677,-0.0349741,0.879465]],[[0.238487,0.89892,-0.367516],[-0.914484,0.335244,0.226562],[0.326868,0.282055,0.901999]],[[0.238487,0.89892,-0.367516],[-0.970952,0.228275,-0.071721],[0.019423,0.373944,0.927248]],[[0.238487,0.89892,-0.367516],[-0.657106,-0.129285,-0.742629],[-0.715078,0.418604,0.559853]]],"btipPosition":[24.0616,280.313,-8.4405],"carpPosition":[24.3049,316.93,81.2788],"dipPosition":[7.33069,290.108,4.65857],"direction":[-0.019423,-0.373944,-0.927248],"extended":false,"handId":520,"id":5200,"length":52.1025,"mcpPosition":[24.3049,316.93,81.2788],"pipPosition":[7.99276,302.854,36.2652],"stabilizedTipPosition":[-2.78731,261.293,72.8681],"timeVisible":0.189927,"tipPosition":[21.2472,282.119,-5.22843],"tipVelocity":[112.736,99.8236,-282.293],"tool":false,"touchDistance":0.060045,"touchZone":"hovering","type":0,"width":20.2446},{"bases":[[[0.977065,0.0442709,-0.208289],[-0.0638019,0.994075,-0.0880027],[0.203159,0.0992736,0.9741]],[[0.997873,0.0647268,0.00769304],[-0.0650332,0.980653,0.184636],[0.00440667,-0.184743,0.982777]],[[0.997873,0.0647268,0.00769304],[-0.0468974,0.794902,-0.604923],[-0.0452699,0.603276,0.796247]],[[0.997873,0.0647268,0.00769304],[-0.00489341,0.19208,-0.981367],[-0.0649984,0.979242,0.191988]]],"btipPosition":[18.3207,306.649,-64.9784],"carpPosition":[31.2482,337.319,71.3977],"dipPosition":[17.2105,323.375,-61.699],"direction":[0.0452699,-0.603276,-0.796247],"extended":true,"handId":520,"id":5201,"length":58.7918,"mcpPosition":[16.3058,330.018,-0.247336],"pipPosition":[16.1166,337.953,-42.4585],"stabilizedTipPosition":[-11.3003,297.333,-2.41449],"timeVisible":0.189927,"tipPosition":[18.6098,311.358,-64.8911],"tipVelocity":[118.782,101.989,-269.629],"tool":false,"touchDistance":-0.178405,"touchZone":"hovering","type":1,"width":19.3376},{"bases":[[[0.991994,-0.112842,-0.0566953],[0.106777,0.989187,-0.100542],[0.0674277,0.0936834,0.993316]],[[0.992596,-0.111937,-0.0471517],[-0.036674,0.0938835,-0.994907],[0.115794,0.98927,0.0890832]],[[0.992596,-0.111937,-0.0471517],[-0.120363,-0.958592,-0.258098],[-0.0163084,0.261862,-0.964967]],[[0.992596,-0.111937,-0.0471517],[-0.0887457,-0.933402,0.347686],[-0.0829305,-0.340927,-0.936425]]],"btipPosition":[34.657,284.247,39.5874],"carpPosition":[42.9183,339.492,68.1378],"dipPosition":[33.099,277.842,21.9948],"direction":[0.0163084,-0.261862,0.964967],"extended":false,"handId":520,"id":5202,"length":66.9886,"mcpPosition":[38.2152,332.957,-1.14539],"pipPosition":[32.6354,285.287,-5.43809],"stabilizedTipPosition":[8.60212,266.702,108.312],"timeVisible":0.189927,"tipPosition":[34.223,282.365,35.2246],"tipVelocity":[118.518,104.024,-261.795],"tool":false,"touchDistance":0.333333,"touchZone":"none","type":2,"width":18.9921},{"bases":[[[0.980214,-0.172072,0.097839],[0.179472,0.981079,-0.0726198],[-0.0834919,0.0887423,0.992549]],[[0.983122,-0.176201,0.0492404],[0.0566036,0.0370062,-0.997711],[0.173976,0.983658,0.0463552]],[[0.983122,-0.176201,0.0492404],[-0.162264,-0.964099,-0.2102],[0.0845101,0.198662,-0.976418]],[[0.983122,-0.176201,0.0492404],[-0.181773,-0.91023,0.372075],[-0.02074,-0.374745,-0.926896]]],"btipPosition":[50.5871,290.929,46.6675],"carpPosition":[55.0828,338.926,66.5397],"dipPosition":[50.1997,283.929,29.354],"direction":[-0.0845101,-0.198662,0.976418],"extended":false,"handId":520,"id":5203,"length":64.4113,"mcpPosition":[60.3113,333.369,4.38302],"pipPosition":[52.5402,289.431,2.31244],"stabilizedTipPosition":[26.6072,272.195,110.968],"timeVisible":0.189927,"tipPosition":[50.4889,288.956,42.1783],"tipVelocity":[110.017,107.132,-258.977],"tool":false,"touchDistance":0.333333,"touchZone":"none","type":3,"width":18.0722},{"bases":[[[0.920744,-0.320366,0.222703],[0.321661,0.946332,0.0314584],[-0.220829,0.0426697,0.974379]],[[0.935789,-0.32279,0.141794],[0.180172,0.0921413,-0.97931],[0.303047,0.941975,0.144383]],[[0.935789,-0.32279,0.141794],[-0.271569,-0.916425,-0.293964],[0.224833,0.236582,-0.94524]],[[0.935789,-0.32279,0.141794],[-0.350972,-0.891046,0.287847],[0.0334307,-0.31913,-0.947121]]],"btipPosition":[64.4097,296.861,41.1669],"carpPosition":[67.2932,331.76,67.9515],"dipPosition":[64.9857,291.361,24.8459],"direction":[-0.224833,-0.236582,0.94524],"extended":false,"handId":520,"id":5204,"length":50.4973,"mcpPosition":[80.0947,329.286,11.467],"pipPosition":[69.382,295.987,6.36311],"stabilizedTipPosition":[42.3661,278.987,105.037],"timeVisible":0.189927,"tipPosition":[64.8639,295.891,37.3949],"tipVelocity":[102.642,104.469,-265.166],"tool":false,"touchDistance":0.333333,"touchZone":"none","type":4,"width":16.0532}],"r":[[0.987403,0.100924,0.121856],[-0.111818,0.989989,0.0861322],[-0.111943,-0.0986729,0.988803]],"s":0.977956,"t":[21.6344,16.7748,-67.4744],"timestamp":522347622288},false],[5,{"currentFrameRate":100.689,"devices":[],"gestures":[],"hands":[{"armBasis":[[0.966483,0.0322244,-0.254702],[-0.0398629,0.998895,-0.024884],[0.253619,0.0342031,0.966699]],"armWidth":63.703,"confidence":0.605281,"direction":[-0.0401582,0.0507321,-0.997905],"elbow":[121.129,339.201,335.962],"grabStrength":0.733119,"id":520,"palmNormal":[0.0368761,-0.997955,-0.0522186],"palmPosition":[43.0525,328.101,21.2162],"palmVelocity":[86.7159,92.0941,-266.746],"palmWidth":90.9658,"pinchStrength":0.52217,"r":[[0.986413,0.105947,0.12556],[-0.11732,0.989282,0.0869269],[-0.115005,-0.100477,0.98827]],"s":0.978396,"sphereCenter":[50.0834,293.789,0.158623],"sphereRadius":45.1837,"stabilizedPalmPosition":[20.8302,310.218,90.683],"t":[22.3336,17.6124,-69.7564],"timeVisible":0.198774,"type":"right","wrist":[52.6705,329.969,75.0231]}],"id":4171118,"interactionBox":{"center":[0,200,0],"size":[235.247,235.247,147.751]},"pointables":[{"bases":[[[0.36098,0.918149,-0.163392],[-0.804416,0.395197,0.443547],[0.471814,-0.0286767,0.881232]],[[0.236829,0.898067,-0.370658],[-0.91495,0.334479,0.225809],[0.326769,0.285656,0.900901]],[[0.236829,0.898067,-0.370658],[-0.971466,0.223953,-0.078096],[0.0128744,0.378577,0.92548]],[[0.236829,0.898067,-0.370658],[-0.651352,-0.136306,-0.746433],[-0.720869,0.418206,0.552676]]],"btipPosition":[24.8684,280.967,-10.4744],"carpPosition":[24.748,317.912,78.962],"dipPosition":[8.00198,290.752,2.45678],"direction":[-0.0128744,-0.378577,-0.92548],"extended":false,"handId":520,"id":5200,"length":52.1025,"mcpPosition":[24.748,317.912,78.962],"pipPosition":[8.44083,303.656,34.0032],"stabilizedTipPosition":[-2.71598,261.358,72.627],"timeVisible":0.198774,"tipPosition":[21.9965,282.764,-7.33746],"tipVelocity":[105.953,92.7396,-269.295],"tool":false,"touchDistance":0.0255032,"touchZone":"hovering","type":0,"width":20.2446},{"bases":[[[0.977595,0.0468617,-0.205213],[-0.0672103,0.993364,-0.0933357],[0.199477,0.105037,0.974257]],[[0.997629,0.0682933,0.00845483],[-0.0686956,0.981135,0.18071],[0.00404594,-0.180862,0.9835]],[[0.997629,0.0682933,0.00845483],[-0.0488708,0.789627,-0.611638],[-0.048447,0.609775,0.791092]],[[0.997629,0.0682933,0.00845483],[-0.00396436,0.179697,-0.983714],[-0.0687004,0.981349,0.179542]]],"btipPosition":[19.1476,306.822,-67.082],"carpPosition":[31.6487,338.276,68.9995],"dipPosition":[17.9741,323.584,-64.0152],"direction":[0.048447,-0.609775,-0.791092],"extended":true,"handId":520,"id":5201,"length":58.7918,"mcpPosition":[16.9772,330.551,-2.65704],"pipPosition":[16.8034,338.319,-44.8993],"stabilizedTipPosition":[-11.0743,297.433,-2.89335],"timeVisible":0.198774,"tipPosition":[19.4421,311.495,-67.0554],"tipVelocity":[111.486,79.9406,-262.506],"tool":false,"touchDistance":-0.21428,"touchZone":"hovering","type":1,"width":19.3376},{"bases":[[[0.992595,-0.109414,-0.0527623],[0.103427,0.98905,-0.105273],[0.0637029,0.0990368,0.993043]],[[0.993159,-0.108461,-0.0432569],[-0.0338568,0.0870594,-0.995628],[0.111753,0.990281,0.0827917]],[[0.993159,-0.108461,-0.0432569],[-0.115892,-0.960888,-0.251522],[-0.0142846,0.254815,-0.966884]],[[0.993159,-0.108461,-0.0432569],[-0.0862967,-0.93132,0.35383],[-0.0786627,-0.347676,-0.934309]]],"btipPosition":[35.3772,285.136,37.5545],"carpPosition":[43.3216,340.476,65.7679],"dipPosition":[33.8994,278.605,20.0017],"direction":[0.0142846,-0.254815,0.966884],"extended":false,"handId":520,"id":5202,"length":66.9886,"mcpPosition":[38.8784,333.568,-3.4962],"pipPosition":[33.4933,285.849,-7.48573],"stabilizedTipPosition":[8.7017,266.766,108.031],"timeVisible":0.198774,"tipPosition":[34.9631,283.216,33.1866],"tipVelocity":[109.039,102.169,-252.853],"tool":false,"touchDistance":0.333333,"touchZone":"none","type":2,"width":18.9921},{"bases":[[[0.980511,-0.167893,0.102034],[0.176057,0.981359,-0.0770644],[-0.0871937,0.0935263,0.991791]],[[0.983593,-0.172247,0.0536269],[0.0594591,0.0288766,-0.997813],[0.170322,0.98463,0.0386445]],[[0.983593,-0.172247,0.0536269],[-0.15819,-0.966401,-0.202595],[0.0867215,0.190788,-0.977793]],[[0.983593,-0.172247,0.0536269],[-0.179653,-0.908181,0.378063],[-0.0164173,-0.381495,-0.924225]]],"btipPosition":[51.2509,291.951,44.7217],"carpPosition":[55.4935,339.947,64.2139],"dipPosition":[50.9443,284.826,27.4581],"direction":[-0.0867215,-0.190788,0.977793],"extended":false,"handId":520,"id":5203,"length":64.4113,"mcpPosition":[60.9539,334.09,2.10462],"pipPosition":[53.346,290.109,0.378461],"stabilizedTipPosition":[26.7144,272.274,110.662],"timeVisible":0.198774,"tipPosition":[51.1728,289.93,40.2205],"tipVelocity":[101.118,108.523,-248.061],"tool":false,"touchDistance":0.333333,"touchZone":"none","type":3,"width":18.0722},{"bases":[[[0.92117,-0.315765,0.227459],[0.31802,0.94768,0.0276711],[-0.224296,0.0468466,0.973394]],[[0.936333,-0.318525,0.147721],[0.183889,0.0864669,-0.979137],[0.299107,0.943963,0.139535]],[[0.936333,-0.318525,0.147721],[-0.266977,-0.919139,-0.289666],[0.228042,0.231786,-0.945659]],[[0.936333,-0.318525,0.147721],[-0.348953,-0.890793,0.291066],[0.0388771,-0.324083,-0.945229]]],"btipPosition":[65.0258,297.802,39.1232],"carpPosition":[67.7258,332.834,65.7038],"dipPosition":[65.6957,292.217,22.8348],"direction":[-0.228042,-0.231786,0.945659],"extended":false,"handId":520,"id":5204,"length":50.4973,"mcpPosition":[80.7281,330.118,9.27632],"pipPosition":[70.1548,296.749,4.34379],"stabilizedTipPosition":[42.4417,279.045,104.806],"timeVisible":0.198774,"tipPosition":[65.5034,296.8,35.3455],"tipVelocity":[94.3729,104.382,-255.693],"tool":false,"touchDistance":0.333333,"touchZone":"none","type":4,"width":16.0532}],"r":[[0.986413,0.105947,0.12556],[-0.11732,0.989282,0.0869269],[-0.115005,-0.100477,0.98827]],"s":0.978396,"t":[22.3336,17.6124,-69.7564],"timestamp":522347631135},false],[6,{"currentFrameRate":101.106,"devices":[],"gestures":[],"hands":[{"armBasis":[[0.967292,0.0360288,-0.251094],[-0.043595,0.998746,-0.0246343],[0.249892,0.034775,0.967649]],"armWidth":63.703,"confidence":0.624879,"direction":[-0.0411182,0.0432079,-0.99822],"elbow":[120.806,340.556,334.705],"grabStrength":0.740532,"id":520,"palmNormal":[0.0408346,-0.998157,-0.0448872],"palmPosition":[43.7021,328.866,19.7252],"palmVelocity":[82.5101,89.9073,-238.349],"palmWidth":90.9658,"pinchStrength":0.518588,"r":[[0.985523,0.110932,0.128214],[-0.122495,0.988727,0.0861058],[-0.117217,-0.100565,0.988002]],"s":0.978679,"sphereCenter":[50.4469,294.539,-1.09433],"sphereRadius":45.1053,"stabilizedPalmPosition":[20.8786,310.258,90.533],"t":[23.008,18.4137,-71.643],"timeVisible":0.207858,"type":"right","wrist":[53.3535,331.169,73.5092]}],"id":4171119,"interactionBox":{"center":[0,200,0],"size":[235.247,235.247,147.751]},"pointables":[{"bases":[[[0.357174,0.918355,-0.170442],[-0.805656,0.395237,0.441255],[0.472593,-0.020287,0.881047]],[[0.233414,0.896421,-0.37676],[-0.914012,0.334482,0.229572],[0.331813,0.290778,0.897412]],[[0.233414,0.896421,-0.37676],[-0.972331,0.218964,-0.0814082],[0.00952102,0.385337,0.922727]],[[0.233414,0.896421,-0.37676],[-0.648884,-0.144978,-0.746948],[-0.724201,0.418822,0.547833]]],"btipPosition":[25.5434,281.585,-11.4962],"carpPosition":[25.4825,319.03,77.559],"dipPosition":[8.59904,291.384,1.32169],"direction":[-0.00952102,-0.385337,-0.922727],"extended":false,"handId":520,"id":5200,"length":52.1025,"mcpPosition":[25.4825,319.03,77.559],"pipPosition":[8.92357,304.519,32.7742],"stabilizedTipPosition":[-2.637,261.431,72.3639],"timeVisible":0.207858,"tipPosition":[22.6428,283.38,-8.42962],"tipVelocity":[96.649,85.9868,-226.69],"tool":false,"touchDistance":0.00803924,"touchZone":"hovering","type":0,"width":20.2446},{"bases":[[[0.977243,0.0492574,-0.206323],[-0.0712605,0.992371,-0.100605],[0.199794,0.113019,0.973298]],[[0.997386,0.0721038,0.00476579],[-0.0718228,0.981924,0.175118],[0.00794703,-0.175003,0.984536]],[[0.997386,0.0721038,0.00476579],[-0.0536481,0.783051,-0.619639],[-0.0484102,0.617763,0.784872]],[[0.997386,0.0721038,0.00476579],[-0.00723725,0.165296,-0.986218],[-0.0718978,0.983605,0.165385]]],"btipPosition":[19.6557,306.823,-68.2223],"carpPosition":[32.294,339.348,67.4411],"dipPosition":[18.4276,323.624,-65.3973],"direction":[0.0484102,-0.617763,-0.784872],"extended":true,"handId":520,"id":5201,"length":58.7918,"mcpPosition":[17.5992,331.035,-4.14493],"pipPosition":[17.2578,338.552,-46.4317],"stabilizedTipPosition":[-10.864,297.525,-3.34015],"timeVisible":0.207858,"tipPosition":[19.9558,311.453,-68.2628],"tipVelocity":[95.73,58.1183,-226.291],"tool":false,"touchDistance":-0.234212,"touchZone":"hovering","type":1,"width":19.3376},{"bases":[[[0.992985,-0.105828,-0.0527363],[0.0993837,0.988653,-0.112645],[0.0640589,0.106614,0.992235]],[[0.99356,-0.104789,-0.0431113],[-0.0352344,0.0758917,-0.996493],[0.107693,0.991595,0.0717108]],[[0.99356,-0.104789,-0.0431113],[-0.112116,-0.964247,-0.24012],[-0.016408,0.243407,-0.969786]],[[0.99356,-0.104789,-0.0431113],[-0.0820719,-0.927846,0.363821],[-0.0781251,-0.357939,-0.930471]]],"btipPosition":[36.2322,286.156,36.5715],"carpPosition":[43.9555,341.57,64.1842],"dipPosition":[34.7644,279.431,19.0907],"direction":[0.016408,-0.243407,0.969786],"extended":false,"handId":520,"id":5202,"length":66.9886,"mcpPosition":[39.4875,334.133,-5.02358],"pipPosition":[34.298,286.351,-8.47915],"stabilizedTipPosition":[8.82358,266.846,107.692],"timeVisible":0.207858,"tipPosition":[35.8195,284.164,32.1744],"tipVelocity":[104.98,103.601,-212.319],"tool":false,"touchDistance":0.333333,"touchZone":"none","type":2,"width":18.9921},{"bases":[[[0.981253,-0.163211,0.102497],[0.172065,0.98146,-0.0844376],[-0.0868154,0.100491,0.991143]],[[0.984311,-0.167898,0.0542494],[0.058577,0.0209268,-0.998064],[0.166438,0.985582,0.0304334]],[[0.984311,-0.167898,0.0542494],[-0.154507,-0.968654,-0.194516],[0.0852077,0.183082,-0.979398]],[[0.984311,-0.167898,0.0542494],[-0.175757,-0.905858,0.385398],[-0.0155652,-0.388886,-0.921154]]],"btipPosition":[52.0615,292.956,43.5268],"carpPosition":[56.1283,341.079,62.6245],"dipPosition":[51.7707,285.692,26.3205],"direction":[-0.0852077,-0.183082,0.979398],"extended":false,"handId":520,"id":5203,"length":64.4113,"mcpPosition":[61.5649,334.786,0.555831],"pipPosition":[54.1305,290.762,-0.803558],"stabilizedTipPosition":[26.8407,272.369,110.307],"timeVisible":0.207858,"tipPosition":[51.989,290.9,39.045],"tipVelocity":[97.9383,108.115,-215.412],"tool":false,"touchDistance":0.333333,"touchZone":"none","type":3,"width":18.0722},{"bases":[[[0.9226,-0.31039,0.229055],[0.314241,0.949123,0.0204314],[-0.223743,0.0531285,0.973199]],[[0.93756,-0.313649,0.150353],[0.18341,0.0785201,-0.979896],[0.295538,0.946287,0.131144]],[[0.93756,-0.313649,0.150353],[-0.263392,-0.922537,-0.282047],[0.22717,0.224834,-0.947546]],[[0.93756,-0.313649,0.150353],[-0.34547,-0.889929,0.297786],[0.0404029,-0.331135,-0.942718]]],"btipPosition":[65.775,298.804,37.8782],"carpPosition":[68.39,334.025,64.1571],"dipPosition":[66.4712,293.098,21.6331],"direction":[-0.22717,-0.224834,0.947546],"extended":false,"handId":520,"id":5204,"length":50.4973,"mcpPosition":[81.3604,330.946,7.74104],"pipPosition":[70.9132,297.495,3.10514],"stabilizedTipPosition":[42.5292,279.113,104.543],"timeVisible":0.207858,"tipPosition":[66.2588,297.76,34.0933],"tipVelocity":[91.2631,105.19,-222.557],"tool":false,"touchDistance":0.333333,"touchZone":"none","