{"sensorType":"Leap","data":[[0,{"currentFrameRate":102.646,"devices":[],"gestures":[],"hands":[{"armBasis":[[0.980018,-0.197075,-0.0269608],[0.195728,0.931288,0.307235],[-0.0354399,-0.306372,0.951252]],"armWidth":63.703,"confidence":0.812945,"direction":[0.274406,0.40859,-0.870492],"elbow":[7.66556,220.38,348.288],"grabStrength":0,"id":618,"palmNormal":[-0.152093,-0.875405,-0.45884],"palmPosition":[24.153,323.324,41.1858],"palmVelocity":[42.8237,-78.1822,-287.086],"palmWidth":90.9658,"pinchStrength":1,"r":[[0.993617,-0.104588,-0.0422727],[0.0989206,0.987935,-0.11916],[0.0542254,0.114218,0.991975]],"s":1.05698,"sphereCenter":[3.25471,296.218,1.91808],"sphereRadius":47.0228,"stabilizedPalmPosition":[-29.7882,363.875,213.381],"t":[72.1997,-47.3875,-216.374],"timeVisible":0.352489,"type":"right","wrist":[17.2318,303.078,91.5185]}],"id":4213541,"interactionBox":{"center":[0,200,0],"size":[235.247,235.247,147.751]},"pointables":[{"bases":[[[0.571662,0.758774,0.312194],[-0.803233,0.439917,0.40161],[0.167392,-0.480349,0.860956]],[[0.450433,0.889759,-0.0737457],[-0.892707,0.447587,-0.0523473],[-0.0135689,0.0894123,0.995902]],[[0.450433,0.889759,-0.0737457],[-0.883584,0.432411,-0.179723],[-0.128022,0.146114,0.980949]],[[0.450433,0.889759,-0.0737457],[-0.848505,0.400921,-0.345402],[-0.277758,0.218154,0.935553]]],"btipPosition":[-0.870831,285.044,-20.5592],"carpPosition":[-12.4106,299.591,84.4672],"dipPosition":[-7.36965,290.148,1.33025],"direction":[0.128022,-0.146114,-0.980949],"extended":false,"handId":618,"id":6180,"length":52.1025,"mcpPosition":[-12.4106,299.591,84.4672],"pipPosition":[-11.7335,295.129,34.7674],"stabilizedTipPosition":[-55.4947,329.006,165.024],"timeVisible":0.352489,"tipPosition":[-2.81164,286.052,-15.4961],"tipVelocity":[22.2269,-61.0307,-284.751],"tool":false,"touchDistance":-0.687455,"touchZone":"hovering","type":0,"width":20.2446},{"bases":[[[0.982104,-0.186034,0.0293878],[0.166889,0.931903,0.322032],[-0.0872956,-0.311365,0.946272]],[[0.98574,-0.164846,-0.0338122],[0.163062,0.985344,-0.0500773],[0.0415717,0.0438497,0.998173]],[[0.98574,-0.164846,-0.0338122],[0.157417,0.97433,-0.160936],[0.0594739,0.153319,0.986385]],[[0.98574,-0.164846,-0.0338122],[0.152262,0.959285,-0.237884],[0.0716497,0.229344,0.970705]]],"btipPosition":[3.12816,332.387,-67.3261],"carpPosition":[1.15409,318.991,85.5603],"dipPosition":[4.35202,336.304,-50.7455],"direction":[-0.0594739,-0.153319,-0.986385],"extended":true,"handId":618,"id":6181,"length":58.7918,"mcpPosition":[7.57468,341.892,15.962],"pipPosition":[5.78914,340.009,-26.9105],"stabilizedTipPosition":[-45.816,376.905,112.003],"timeVisible":0.352489,"tipPosition":[3.46189,332.443,-63.4107],"tipVelocity":[15.0638,-52.8978,-280.755],"tool":false,"touchDistance":0.331385,"touchZone":"hovering","type":1,"width":19.3376},{"bases":[[[0.918344,-0.382513,0.10163],[0.328565,0.879974,0.343062],[-0.220658,-0.281656,0.933799]],[[0.909867,-0.392339,0.134952],[0.379864,0.65692,-0.651276],[0.166868,0.643838,0.746745]],[[0.909867,-0.392339,0.134952],[0.22687,0.198138,-0.953557],[0.347378,0.898227,0.269289]],[[0.909867,-0.392339,0.134952],[0.113367,-0.077793,-0.990503],[0.399111,0.916525,-0.026303]]],"btipPosition":[3.42529,264.361,-22.3682],"carpPosition":[13.4492,318.495,85.909],"dipPosition":[10.9234,281.58,-22.8623],"direction":[-0.347378,-0.898227,-0.269289],"extended":false,"handId":618,"id":6182,"length":66.9886,"mcpPosition":[28.8399,338.141,20.7771],"pipPosition":[20.7989,307.116,-15.2068],"stabilizedTipPosition":[-42.4322,317.298,149.585],"timeVisible":0.352489,"tipPosition":[5.43483,269.089,-23.2441],"tipVelocity":[-11.7608,-105.395,-224.764],"tool":false,"touchDistance":-0.669065,"touchZone":"hovering","type":2,"width":18.9921},{"bases":[[[0.848463,-0.485032,0.211786],[0.386136,0.840969,0.379039],[-0.361952,-0.239822,0.90082]],[[0.849432,-0.484387,0.209366],[0.482825,0.55331,-0.67877],[0.212942,0.677656,0.703873]],[[0.849432,-0.484387,0.209366],[0.281628,0.0806006,-0.956132],[0.446263,0.871133,0.204882]],[[0.849432,-0.484387,0.209366],[0.139955,-0.175751,-0.974435],[0.5088,0.857019,-0.0814965]]],"btipPosition":[16.4415,259.458,-5.3106],"carpPosition":[25.1495,314.843,86.6939],"dipPosition":[25.9454,275.467,-6.83288],"direction":[-0.446263,-0.871133,-0.204882],"extended":false,"handId":618,"id":6183,"length":64.4113,"mcpPosition":[47.8161,329.862,30.2816],"pipPosition":[38.3044,299.592,-1.15876],"stabilizedTipPosition":[-21.1104,310.285,149.331],"timeVisible":0.352489,"tipPosition":[19.1155,263.817,-6.70768],"tipVelocity":[-9.6401,-98.4834,-233.301],"tool":false,"touchDistance":-0.633825,"touchZone":"hovering","type":3,"width":18.0722},{"bases":[[[0.725327,-0.64177,0.249064],[0.479897,0.730777,0.485451],[-0.493558,-0.232586,0.838036]],[[0.637569,-0.670598,0.379215],[0.736579,0.386388,-0.555118],[0.225737,0.633248,0.740297]],[[0.637569,-0.670598,0.379215],[0.477034,-0.0428686,-0.877839],[0.604933,0.740581,0.292567]],[[0.637569,-0.670598,0.379215],[0.279548,-0.257304,-0.925012],[0.717885,0.695768,0.0234152]]],"btipPosition":[31.0841,268.905,6.54263],"carpPosition":[34.6518,304.278,87.4169],"dipPosition":[43.4549,280.894,6.94613],"direction":[-0.604933,-0.740581,-0.292567],"extended":false,"handId":618,"id":6184,"length":50.4973,"mcpPosition":[63.2632,317.761,38.8362],"pipPosition":[55.2835,295.375,12.6669],"stabilizedTipPosition":[-13.5758,318.916,179.836],"timeVisible":0.352489,"tipPosition":[34.4792,271.986,6.16431],"tipVelocity":[-8.13732,-86.5646,-265.305],"tool":false,"touchDistance":-0.618701,"touchZone":"hovering","type":4,"width":16.0532}],"r":[[0.993617,-0.104588,-0.0422727],[0.0989206,0.987935,-0.11916],[0.0542254,0.114218,0.991975]],"s":1.05698,"t":[72.1997,-47.3875,-216.374],"timestamp":522906188405},false],[1,{"currentFrameRate":103.002,"devices":[],"gestures":[],"hands":[{"armBasis":[[0.979989,-0.19688,-0.0293211],[0.196308,0.931562,0.30603],[-0.0329369,-0.305662,0.95157]],"armWidth":63.703,"confidence":0.821452,"direction":[0.271423,0.411499,-0.870056],"elbow":[8.89419,220.164,345.996],"grabStrength":0,"id":618,"palmNormal":[-0.152295,-0.87424,-0.460988],"palmPosition":[24.5377,323.073,38.8483],"palmVelocity":[42.761,-64.3038,-279.286],"palmWidth":90.9658,"pinchStrength":1,"r":[[0.993378,-0.105654,-0.0451434],[0.0997295,0.988016,-0.117811],[0.0570495,0.112528,0.992009]],"s":1.05915,"sphereCenter":[3.74242,296.056,-0.380136],"sphereRadius":46.8982,"stabilizedPalmPosition":[-29.6858,363.798,213.052],"t":[72.5248,-47.7931,-218.715],"timeVisible":0.361522,"type":"right","wrist":[17.7848,302.67,89.1405]}],"id":4213542,"interactionBox":{"center":[0,200,0],"size":[235.247,235.247,147.751]},"pointables":[{"bases":[[[0.571593,0.758572,0.31281],[-0.802642,0.437716,0.40518],[0.170436,-0.482673,0.859057]],[[0.449386,0.890452,-0.071745],[-0.893284,0.447027,-0.0470124],[-0.00979025,0.0852154,0.996314]],[[0.449386,0.890452,-0.071745],[-0.8842,0.431895,-0.177923],[-0.127446,0.143393,0.981425]],[[0.449386,0.890452,-0.071745],[-0.849658,0.401227,-0.342195],[-0.275922,0.214736,0.936886]]],"btipPosition":[-0.584496,285.001,-22.9315],"carpPosition":[-11.8731,299.166,82.1629],"dipPosition":[-7.04034,290.026,-1.0108],"direction":[0.127446,-0.143393,-0.981425],"extended":false,"handId":618,"id":6180,"length":52.1025,"mcpPosition":[-11.8731,299.166,82.1629],"pipPosition":[-11.3845,294.913,32.4426],"stabilizedTipPosition":[-55.444,328.965,164.85],"timeVisible":0.361522,"tipPosition":[-2.50907,285.975,-17.8624],"tipVelocity":[25.1371,-46.0784,-278.437],"tool":false,"touchDistance":-0.682519,"touchZone":"hovering","type":0,"width":20.2446},{"bases":[[[0.982416,-0.184879,0.026056],[0.166632,0.93116,0.324307],[-0.08422,-0.314262,0.945593]],[[0.985848,-0.163465,-0.0371921],[0.161652,0.985707,-0.0474455],[0.0444162,0.0407619,0.998181]],[[0.985848,-0.163465,-0.0371921],[0.155675,0.974976,-0.158707],[0.0622045,0.150671,0.986625]],[[0.985848,-0.163465,-0.0371921],[0.15029,0.960073,-0.23595],[0.0742768,0.227022,0.971053]]],"btipPosition":[3.18512,332.425,-69.5737],"carpPosition":[1.6703,318.58,83.2749],"dipPosition":[4.45385,336.303,-52.9871],"direction":[-0.0622045,-0.150671,-0.986625],"extended":true,"handId":618,"id":6181,"length":58.7918,"mcpPosition":[7.86467,341.694,13.7265],"pipPosition":[5.95696,339.944,-29.1463],"stabilizedTipPosition":[-45.7938,376.885,111.923],"timeVisible":0.361522,"tipPosition":[3.53299,332.484,-65.6616],"tipVelocity":[12.9662,-37.4322,-271.916],"tool":false,"touchDistance":0.331364,"touchZone":"hovering","type":1,"width":19.3376},{"bases":[[[0.919107,-0.381651,0.0978989],[0.328433,0.879373,0.344724],[-0.217654,-0.284686,0.933585]],[[0.910637,-0.391695,0.131591],[0.375438,0.651305,-0.65943],[0.172589,0.649906,0.740159]],[[0.910637,-0.391695,0.131591],[0.220308,0.190817,-0.956584],[0.349579,0.900091,0.260059]],[[0.910637,-0.391695,0.131591],[0.107345,-0.083277,-0.990728],[0.399021,0.916319,-0.0337887]]],"btipPosition":[3.39697,263.835,-23.9546],"carpPosition":[13.9669,318.099,83.5872],"dipPosition":[10.8934,281.05,-24.5894],"direction":[-0.349579,-0.900091,-0.260059],"extended":false,"handId":618,"id":6182,"length":66.9886,"mcpPosition":[29.1482,337.955,18.4702],"pipPosition":[20.8315,306.638,-17.1962],"stabilizedTipPosition":[-42.3127,317.174,149.149],"timeVisible":0.361522,"tipPosition":[5.46204,268.601,-25.0121],"tipVelocity":[-9.3968,-92.4494,-212.216],"tool":false,"touchDistance":-0.654774,"touchZone":"hovering","type":2,"width":18.9921},{"bases":[[[0.849669,-0.484582,0.207949],[0.386154,0.840335,0.380423],[-0.359093,-0.242933,0.90113]],[[0.848894,-0.485104,0.209888],[0.483036,0.550766,-0.680685],[0.214604,0.679213,0.701865]],[[0.848894,-0.485104,0.209888],[0.281343,0.0785303,-0.956389],[0.447465,0.870923,0.203144]],[[0.848894,-0.485104,0.209888],[0.139943,-0.176647,-0.974275],[0.509701,0.856429,-0.0820677]]],"btipPosition":[16.6626,259.217,-7.54723],"carpPosition":[25.674,314.459,84.3283],"dipPosition":[26.1833,275.214,-9.08017],"direction":[-0.447465,-0.870923,-0.203144],"extended":false,"handId":618,"id":6183,"length":64.4113,"mcpPosition":[48.1616,329.673,27.8965],"pipPosition":[38.5757,299.334,-3.45416],"stabilizedTipPosition":[-20.9956,310.149,148.879],"timeVisible":0.361522,"tipPosition":[19.3301,263.572,-8.95641],"tipVelocity":[-0.123207,-78.8074,-237.316],"tool":false,"touchDistance":-0.632362,"touchZone":"hovering","type":3,"width":18.0722},{"bases":[[[0.726835,-0.641584,0.245113],[0.480355,0.729949,0.486244],[-0.490886,-0.235678,0.838741]],[[0.638504,-0.671119,0.376712],[0.733589,0.382708,-0.561588],[0.232721,0.634928,0.736687]],[[0.638504,-0.671119,0.376712],[0.471746,-0.0454563,-0.880562],[0.608086,0.739955,0.287574]],[[0.638504,-0.671119,0.376712],[0.275162,-0.258058,-0.926117],[0.718748,0.694986,0.0198955]]],"btipPosition":[31.1456,268.676,4.3639],"carpPosition":[35.1916,303.904,84.9932],"dipPosition":[43.5312,280.653,4.70674],"direction":[-0.608086,-0.739955,-0.287574],"extended":false,"handId":618,"id":6184,"length":50.4973,"mcpPosition":[63.6481,317.566,36.3715],"pipPosition":[55.4215,295.121,10.3298],"stabilizedTipPosition":[-13.5075,318.848,179.585],"timeVisible":0.361522,"tipPosition":[34.5885,271.762,3.9064],"tipVelocity":[-3.91683,-69.7805,-259.09],"tool":false,"touchDistance":-0.618054,"touchZone":"hovering","type":4,"width":16.0532}],"r":[[0.993378,-0.105654,-0.0451434],[0.0997295,0.988016,-0.117811],[0.0570495,0.112528,0.992009]],"s":1.05915,"t":[72.5248,-47.7931,-218.715],"timestamp":522906197438},false],[2,{"currentFrameRate":103.336,"devices":[],"gestures":[],"hands":[{"armBasis":[[0.980473,-0.194077,-0.0317303],[0.194301,0.931165,0.30851],[-0.0303286,-0.308651,0.950692]],"armWidth":63.703,"confidence":0.830149,"direction":[0.268024,0.41301,-0.870394],"elbow":[9.96915,218.845,343.612],"grabStrength":0,"id":618,"palmNormal":[-0.151393,-0.874169,-0.46142],"palmPosition":[24.7206,322.627,36.7026],"palmVelocity":[36.5455,-60.1789,-267.697],"palmWidth":90.9658,"pinchStrength":1,"r":[[0.993207,-0.106001,-0.0480041],[0.0998263,0.98815,-0.116595],[0.0597945,0.111011,0.992019]],"s":1.06098,"sphereCenter":[4.12024,295.529,-2.44911],"sphereRadius":46.7872,"stabilizedPalmPosition":[-29.6858,363.798,213.052],"t":[72.7788,-48.219,-220.958],"timeVisible":0.370566,"type":"right","wrist":[18.1557,302.159,86.9932]}],"id":4213543,"interactionBox":{"center":[0,200,0],"size":[235.247,235.247,147.751]},"pointables":[{"bases":[[[0.570568,0.759683,0.311985],[-0.802611,0.435336,0.407797],[0.173978,-0.483078,0.858119]],[[0.447293,0.891533,-0.0713952],[-0.894366,0.445305,-0.0425741],[-0.00616359,0.0828966,0.996539]],[[0.447293,0.891533,-0.0713952],[-0.885269,0.429951,-0.177316],[-0.127387,0.142516,0.981561]],[[0.447293,0.891533,-0.0713952],[-0.851226,0.399851,-0.339902],[-0.274486,0.212809,0.937747]]],"btipPosition":[-0.440418,284.614,-25.0371],"carpPosition":[-11.5124,298.588,80.0933],"dipPosition":[-6.86267,289.593,-3.09628],"direction":[0.127387,-0.142516,-0.981561],"extended":false,"handId":618,"id":6180,"length":52.1025,"mcpPosition":[-11.5124,298.588,80.0933],"pipPosition":[-11.2048,294.451,30.3617],"stabilizedTipPosition":[-55.4055,328.934,164.717],"timeVisible":0.370566,"tipPosition":[-2.35288,285.56,-19.9647],"tipVelocity":[22.8343,-45.501,-265.718],"tool":false,"touchDistance":-0.674115,"touchZone":"hovering","type":0,"width":20.2446},{"bases":[[[0.982938,-0.182471,0.0231922],[0.165215,0.931256,0.324755],[-0.0808563,-0.315382,0.945514]],[[0.986147,-0.160914,-0.0402579],[0.159005,0.986166,-0.0468383],[0.0472379,0.0397882,0.998091]],[[0.986147,-0.160914,-0.0402579],[0.152664,0.97539,-0.159086],[0.0648662,0.150736,0.986444]],[[0.986147,-0.160914,-0.0402579],[0.147025,0.960321,-0.236998],[0.0767967,0.227796,0.970676]]],"btipPosition":[3.02478,331.989,-71.641],"carpPosition":[1.98591,318.035,81.1871],"dipPosition":[4.33655,335.88,-55.0608],"direction":[-0.0648662,-0.150736,-0.986444],"extended":true,"handId":618,"id":6181,"length":58.7918,"mcpPosition":[7.93289,341.231,11.6445],"pipPosition":[5.90397,339.522,-31.2244],"stabilizedTipPosition":[-45.7774,376.871,111.863],"timeVisible":0.370566,"tipPosition":[3.39178,332.089,-67.7373],"tipVelocity":[4.80469,-40.3211,-260.013],"tool":false,"touchDistance":0.331511,"touchZone":"hovering","type":1,"width":19.3376},{"bases":[[[0.920313,-0.379468,0.0950165],[0.327198,0.87985,0.34468],[-0.214395,-0.286124,0.933899]],[[0.911844,-0.389692,0.129154],[0.371687,0.65005,-0.662784],[0.174325,0.652361,0.737588]],[[0.911844,-0.389692,0.129154],[0.216737,0.189768,-0.957608],[0.348663,0.901182,0.2575]],[[0.911844,-0.389692,0.129154],[0.104753,-0.0833311,-0.991001],[0.396948,0.917167,-0.0351635]]],"btipPosition":[3.46864,263.254,-25.8759],"carpPosition":[14.2845,317.583,81.4653],"dipPosition":[10.9261,280.485,-26.5365],"direction":[-0.348663,-0.901182,-0.2575],"extended":false,"handId":618,"id":6182,"length":66.9886,"mcpPosition":[29.2384,337.54,16.3264],"pipPosition":[20.8382,306.105,-19.2161],"stabilizedTipPosition":[-42.2008,317.056,148.736],"timeVisible":0.370566,"tipPosition":[5.52093,268.007,-26.9363],"tipVelocity":[-4.89437,-84.5447,-212.458],"tool":false,"touchDistance":-0.646538,"touchZone":"hovering","type":2,"width":18.9921},{"bases":[[[0.85143,-0.482677,0.205156],[0.385113,0.840921,0.380183],[-0.356026,-0.244691,0.901871]],[[0.8494,-0.484056,0.210262],[0.481341,0.547195,-0.684754],[0.216405,0.682838,0.697783]],[[0.8494,-0.484056,0.210262],[0.279017,0.0737139,-0.957453],[0.447961,0.871927,0.197672]],[[0.8494,-0.484056,0.210262],[0.13807,-0.180714,-0.973796],[0.509369,0.856173,-0.0866645]]],"btipPosition":[16.7111,258.655,-9.3313],"carpPosition":[26.0025,313.972,82.1709],"dipPosition":[26.2256,274.647,-10.9501],"direction":[-0.447961,-0.871927,-0.197672],"extended":false,"handId":618,"id":6183,"length":64.4113,"mcpPosition":[48.298,329.296,25.6927],"pipPosition":[38.6317,298.795,-5.47564],"stabilizedTipPosition":[-20.8986,310.033,148.493],"timeVisible":0.370566,"tipPosition":[19.3798,263.005,-10.7961],"tipVelocity":[1.34383,-74.25,-226.875],"tool":false,"touchDistance":-0.624516,"touchZone":"hovering","type":3,"width":18.0722},{"bases":[[[0.729087,-0.640019,0.242503],[0.479876,0.730667,0.485639],[-0.488007,-0.237702,0.83985]],[[0.640368,-0.670079,0.375397],[0.730227,0.379626,-0.568025],[0.238112,0.63787,0.73241]],[[0.640368,-0.670079,0.375397],[0.467041,-0.0483018,-0.882916],[0.609756,0.740716,0.282023]],[[0.640368,-0.670079,0.375397],[0.271627,-0.259597,-0.92673],[0.718434,0.695416,0.0157741]]],"btipPosition":[31.1173,268.203,2.43671],"carpPosition":[35.5479,303.439,82.7995],"dipPosition":[43.4975,280.187,2.70853],"direction":[-0.609756,-0.740716,-0.282023],"extended":false,"handId":618,"id":6184,"length":50.4973,"mcpPosition":[63.8376,317.219,34.1136],"pipPosition":[55.4204,294.67,8.22309],"stabilizedTipPosition":[-13.4519,318.792,179.377],"timeVisible":0.370566,"tipPosition":[34.5912,271.296,1.91296],"tipVelocity":[-3.73899,-64.9184,-246.905],"tool":false,"touchDistance":-0.613735,"touchZone":"hovering","type":4,"width":16.0532}],"r":[[0.993207,-0.106001,-0.0480041],[0.0998263,0.98815,-0.116595],[0.0597945,0.111011,0.992019]],"s":1.06098,"t":[72.7788,-48.219,-220.958],"timestamp":522906206482},false],[3,{"currentFrameRate":103.646,"devices":[],"gestures":[],"hands":[{"armBasis":[[0.980786,-0.192345,-0.0325902],[0.192886,0.931078,0.30966],[-0.0292176,-0.309996,0.950289]],"armWidth":63.703,"confidence":0.832906,"direction":[0.266043,0.414001,-0.870531],"elbow":[10.4572,218.215,342.432],"grabStrength":0,"id":618,"palmNormal":[-0.150519,-0.874159,-0.461726],"palmPosition":[24.8003,322.401,35.6343],"palmVelocity":[28.8784,-50.4407,-226.309],"palmWidth":90.9658,"pinchStrength":1,"r":[[0.993087,-0.105921,-0.0505914],[0.099525,0.988305,-0.115532],[0.062237,0.109699,0.992014]],"s":1.06251,"sphereCenter":[4.4744,295.178,-3.4454],"sphereRadius":46.6667,"stabilizedPalmPosition":[-29.6858,363.798,213.052],"t":[72.9457,-48.545,-222.614],"timeVisible":0.37963,"type":"right","wrist":[18.3438,301.891,85.922]}],"id":4213544,"interactionBox":{"center":[0,200,0],"size":[235.247,235.247,147.751]},"pointables":[{"bases":[[[0.56968,0.760499,0.311619],[-0.802787,0.43368,0.409213],[0.176063,-0.483284,0.857577]],[[0.446082,0.892215,-0.0704435],[-0.894986,0.444408,-0.0387481],[-0.00326598,0.0803308,0.996763]],[[0.446082,0.892215,-0.0704435],[-0.885659,0.428724,-0.178335],[-0.128913,0.141941,0.981445]],[[0.446082,0.892215,-0.0704435],[-0.851671,0.398982,-0.33981],[-0.275078,0.211578,0.937852]]],"btipPosition":[-0.334606,284.475,-26.0774],"carpPosition":[-11.3279,298.272,79.0626],"dipPosition":[-6.7707,289.425,-4.13417],"direction":[0.128913,-0.141941,-0.981445],"extended":false,"handId":618,"id":6180,"length":52.1025,"mcpPosition":[-11.3279,298.272,79.0626],"pipPosition":[-11.1649,294.263,29.3199],"stabilizedTipPosition":[-55.3761,328.91,164.616],"timeVisible":0.37963,"tipPosition":[-2.24524,285.386,-21.0075],"tipVelocity":[19.6544,-37.3741,-224.006],"tool":false,"touchDistance":-0.650634,"touchZone":"hovering","type":0,"width":20.2446},{"bases":[[[0.983289,-0.180755,0.0216677],[0.164044,0.931351,0.325075],[-0.0789392,-0.316089,0.94544]],[[0.986374,-0.159048,-0.0420812],[0.157082,0.98649,-0.0465135],[0.0489105,0.0392695,0.998031]],[[0.986374,-0.159048,-0.0420812],[0.150477,0.975571,-0.160056],[0.0665097,0.151543,0.98621]],[[0.986374,-0.159048,-0.0420812],[0.144642,0.960227,-0.238838],[0.0783941,0.229497,0.970147]]],"btipPosition":[2.89683,331.722,-72.6567],"carpPosition":[2.1378,317.742,80.1486],"dipPosition":[4.23589,335.642,-56.0856],"direction":[-0.0665097,-0.151543,-0.98621],"extended":true,"handId":618,"id":6181,"length":58.7918,"mcpPosition":[7.94378,340.991,10.6115],"pipPosition":[5.84302,339.304,-32.2548],"stabilizedTipPosition":[-45.7648,376.859,111.816],"timeVisible":0.37963,"tipPosition":[3.28186,331.882,-68.7637],"tipVelocity":[-0.230612,-37.1107,-219.207],"tool":false,"touchDistance":0.332394,"touchZone":"hovering","type":1,"width":19.3376},{"bases":[[[0.921115,-0.377904,0.0934638],[0.326146,0.880219,0.344737],[-0.212546,-0.287059,0.934035]],[[0.912475,-0.388427,0.128506],[0.368992,0.645623,-0.668593],[0.176733,0.657492,0.732441]],[[0.912475,-0.388427,0.128506],[0.213463,0.184033,-0.959461],[0.349032,0.902915,0.25084]],[[0.912475,-0.388427,0.128506],[0.10216,-0.0878322,-0.990883],[0.396173,0.917284,-0.0404632]]],"btipPosition":[3.38072,262.75,-26.4049],"carpPosition":[14.4376,317.312,80.4089],"dipPosition":[10.8236,279.983,-27.1651],"direction":[-0.349032,-0.902915,-0.25084],"extended":false,"handId":618,"id":6182,"length":66.9886,"mcpPosition":[29.2625,337.334,15.2606],"pipPosition":[20.7462,305.651,-20.034],"stabilizedTipPosition":[-42.0885,316.937,148.32],"timeVisible":0.37963,"tipPosition":[5.45198,267.521,-27.5663],"tipVelocity":[-6.32367,-76.5518,-170.589],"tool":false,"touchDistance":-0.618496,"touchZone":"hovering","type":2,"width":18.9921},{"bases":[[[0.852573,-0.481301,0.203641],[0.384181,0.841371,0.380133],[-0.354295,-0.245856,0.902236]],[[0.849647,-0.483295,0.211012],[0.480615,0.544965,-0.687039],[0.217048,0.685156,0.695307]],[[0.849647,-0.483295,0.211012],[0.278339,0.0711209,-0.957846],[0.447915,0.872564,0.194948]],[[0.849647,-0.483295,0.211012],[0.137864,-0.182656,-0.973463],[0.509013,0.856191,-0.0885636]]],"btipPosition":[16.7423,258.355,-10.208],"carpPosition":[26.1629,313.721,81.0954],"dipPosition":[26.2502,274.348,-11.8623],"direction":[-0.447915,-0.872564,-0.194948],"extended":false,"handId":618,"id":6183,"length":64.4113,"mcpPosition":[48.35,329.118,24.5944],"pipPosition":[38.655,298.513,-6.46332],"stabilizedTipPosition":[-20.816,309.933,148.164],"timeVisible":0.37963,"tipPosition":[19.4011,262.692,-11.6753],"tipVelocity":[1.87758,-62.8609,-191.172],"tool":false,"touchDistance":-0.603672,"touchZone":"hovering","type":3,"width":18.0722},{"bases":[[[0.730561,-0.638879,0.241069],[0.479289,0.73122,0.485386],[-0.486377,-0.239062,0.840409]],[[0.641568,-0.66929,0.374756],[0.728399,0.37841,-0.571176],[0.240471,0.63942,0.730285]],[[0.641568,-0.66929,0.374756],[0.464875,-0.049359,-0.884],[0.610149,0.74136,0.279469]],[[0.641568,-0.66929,0.374756],[0.270233,-0.260025,-0.927017],[0.717889,0.696016,0.0140405]]],"btipPosition":[31.1209,267.97,1.46373],"carpPosition":[35.7277,303.205,81.704],"dipPosition":[43.4917,279.964,1.70568],"direction":[-0.610149,-0.74136,-0.279469],"extended":false,"handId":618,"id":6184,"length":50.4973,"mcpPosition":[63.9229,317.063,32.9857],"pipPosition":[55.4223,294.46,7.1703],"stabilizedTipPosition":[-13.4066,318.746,179.207],"timeVisible":0.37963,"tipPosition":[34.5946,271.061,0.922409],"tipVelocity":[-2.66045,-54.0212,-208.563],"tool":false,"touchDistance":-0.595393,"touchZone":"hovering","type":4,"width":16.0532}],"r":[[0.993087,-0.105921,-0.0505914],[0.099525,0.988305,-0.115532],[0.062237,0.109699,0.992014]],"s":1.06251,"t":[72.9457,-48.545,-222.614],"timestamp":522906215546},false],[4,{"currentFrameRate":103.974,"devices":[],"gestures":[],"hands":[{"armBasis":[[0.982168,-0.185399,-0.0312021],[0.185856,0.932441,0.309858],[-0.0283534,-0.310131,0.950271]],"armWidth":63.703,"confidence":0.834974,"direction":[0.261259,0.4185,-0.869828],"elbow":[10.9687,217.565,341.105],"grabStrength":0,"id":618,"palmNormal":[-0.143709,-0.874219,-0.463777],"palmPosition":[24.8316,321.971,34.3564],"palmVelocity":[21.9043,-49.7017,-203.153],"palmWidth":90.9658,"pinchStrength":1,"r":[[0.993151,-0.104131,-0.0529942],[0.0975662,0.988656,-0.114198],[0.0642845,0.108245,0.992044]],"s":1.06366,"sphereCenter":[5.07141,294.495,-4.7038],"sphereRadius":46.5297,"stabilizedPalmPosition":[-29.6858,363.798,213.052],"t":[73.0447,-48.9228,-224.08],"timeVisible":0.38863,"type":"right","wrist":[18.622,301.278,84.5999]}],"id":4213545,"interactionBox":{"center":[0,200,0],"size":[235.247,235.247,147.751]},"pointables":[{"bases":[[[0.56361,0.764531,0.312788],[-0.805876,0.425752,0.411459],[0.181403,-0.483971,0.856075]],[[0.438763,0.896041,-0.0678136],[-0.898603,0.437466,-0.033714],[-0.00054294,0.07573,0.997128]],[[0.438763,0.896041,-0.0678136],[-0.889003,0.421835,-0.178127],[-0.131003,0.138442,0.981668]],[[0.438763,0.896041,-0.0678136],[-0.854788,0.392902,-0.339065],[-0.277172,0.206735,0.938316]]],"btipPosition":[-0.049777,284.088,-27.404],"carpPosition":[-11.0274,297.423,77.7728],"dipPosition":[-6.53487,288.925,-5.44985],"direction":[0.131003,-0.138442,-0.981668],"extended":false,"handId":618,"id":6180,"length":52.1025,"mcpPosition":[-11.0274,297.423,77.7728],"pipPosition":[-11.0003,293.644,28.0118],"stabilizedTipPosition":[-55.3524,328.891,164.533],"timeVisible":0.38863,"tipPosition":[-1.95324,284.944,-22.3344],"tipVelocity":[22.6037,-39.716,-202.893],"tool":false,"touchDistance":-0.633764,"touchZone":"hovering","type":0,"width":20.2446},{"bases":[[[0.984826,-0.172407,0.0198211],[0.156551,0.931877,0.327256],[-0.0748919,-0.319187,0.944728]],[[0.987638,-0.150377,-0.0442528],[0.148418,0.987915,-0.0446721],[0.0504357,0.037552,0.998021]],[[0.987638,-0.150377,-0.0442528],[0.141587,0.976938,-0.159826],[0.0672665,0.151584,0.986153]],[[0.987638,-0.150377,-0.0442528],[0.135633,0.961331,-0.239681],[0.0785843,0.230716,0.969843]]],"btipPosition":[2.64742,331.264,-73.8556],"carpPosition":[2.27311,317.004,78.8903],"dipPosition":[3.98972,335.205,-57.2897],"direction":[-0.0672665,-0.151584,-0.986153],"extended":true,"handId":618,"id":6181,"length":58.7918,"mcpPosition":[7.78141,340.481,9.40561],"pipPosition":[5.61515,338.868,-33.4603],"stabilizedTipPosition":[-45.7544,376.85,111.778],"timeVisible":0.38863,"tipPosition":[3.05279,331.507,-69.9766],"tipVelocity":[-7.75385,-40.7476,-195.631],"tool":false,"touchDistance":0.332286,"touchZone":"hovering","type":1,"width":19.3376},{"bases":[[[0.924439,-0.370264,0.0911935],[0.319111,0.88208,0.346558],[-0.208758,-0.291271,0.933585]],[[0.915803,-0.381106,0.126742],[0.362214,0.647394,-0.670583],[0.173511,0.660029,0.730928]],[[0.915803,-0.381106,0.126742],[0.209838,0.184955,-0.960083],[0.342452,0.905842,0.249353]],[[0.915803,-0.381106,0.126742],[0.101051,-0.0867722,-0.99109],[0.388708,0.92045,-0.0409549]]],"btipPosition":[3.73794,262.145,-27.5258],"carpPosition":[14.5764,316.679,79.1323],"dipPosition":[11.0406,279.437,-28.2952],"direction":[-0.342452,-0.905842,-0.249353],"extended":false,"handId":618,"id":6182,"length":66.9886,"mcpPosition":[29.1372,336.995,14.0152],"pipPosition":[20.7761,305.189,-21.2064],"stabilizedTipPosition":[-41.9742,316.815,147.897],"timeVisible":0.38863,"tipPosition":[5.77126,266.922,-28.697],"tipVelocity":[5.32694,-73.5629,-158.01],"tool":false,"touchDistance":-0.601824,"touchZone":"hovering","type":2,"width":18.9921},{"bases":[[[0.856939,-0.474526,0.201198],[0.377525,0.843638,0.381771],[-0.350899,-0.251197,0.902092]],[[0.853345,-0.477043,0.210316],[0.475867,0.547925,-0.687989],[0.212963,0.687174,0.694578]],[[0.853345,-0.477043,0.210316],[0.277054,0.0732161,-0.958061],[0.441638,0.875825,0.194645]],[[0.853345,-0.477043,0.210316],[0.138882,-0.180826,-0.97366],[0.502508,0.860077,-0.0880543]]],"btipPosition":[17.1775,257.902,-11.47],"carpPosition":[26.333,313.186,79.793],"dipPosition":[26.5639,273.967,-13.1148],"direction":[-0.441638,-0.875825,-0.194645],"extended":false,"handId":618,"id":6183,"length":64.4113,"mcpPosition":[48.3074,328.917,23.3011],"pipPosition":[38.7948,298.223,-7.72415],"stabilizedTipPosition":[-20.7438,309.846,147.876],"timeVisible":0.38863,"tipPosition":[19.7966,262.249,-12.9239],"tipVelocity":[13.7869,-58.9266,-177.115],"tool":false,"touchDistance":-0.590535,"touchZone":"hovering","type":3,"width":18.0722},{"bases":[[[0.73633,-0.633237,0.238389],[0.473721,0.734033,0.486605],[-0.483122,-0.245372,0.840468]],[[0.647024,-0.664928,0.373136],[0.724122,0.382628,-0.573798],[0.238762,0.641457,0.729058]],[[0.647024,-0.664928,0.373136],[0.463045,-0.0461311,-0.885133],[0.605763,0.745482,0.278044]],[[0.647024,-0.664928,0.373136],[0.270621,-0.257249,-0.927678],[0.712828,0.701209,0.0134965]]],"btipPosition":[31.4259,267.639,0.197884],"carpPosition":[35.9881,302.751,80.3609],"dipPosition":[43.7095,279.723,0.430459],"direction":[-0.605763,-0.745482,-0.278044],"extended":false,"handId":618,"id":6184,"length":50.4973,"mcpPosition":[63.9946,316.975,31.6393],"pipPosition":[55.5544,294.299,5.86721],"stabilizedTipPosition":[-13.3694,318.708,179.068],"timeVisible":0.38863,"tipPosition":[34.8851,270.756,-0.362714],"tipVelocity":[6.7639,-48.6491,-189.981],"tool":false,"touchDistance":-0.583207,"touchZone":"hovering","type":4,"width":16.0532}],"r":[[0.993151,-0.104131,-0.0529942],[0.0975662,0.988656,-0.114198],[0.0642845,0.108245,0.992044]],"s":1.06366,"t":[73.0447,-48.9228,-224.08],"timestamp":522906224546},false],[5,{"currentFrameRate":104.259,"devices":[],"gestures":[],"hands":[{"armBasis":[[0.982853,-0.181768,-0.0309937],[0.182358,0.933288,0.309386],[-0.0273105,-0.309733,0.950431]],"armWidth":63.703,"confidence":0.841947,"direction":[0.255675,0.421283,-0.870144],"elbow":[11.7333,217.13,339.658],"grabStrength":0,"id":618,"palmNormal":[-0.140805,-0.874235,-0.464637],"palmPosition":[25.011,321.542,32.8767],"palmVelocity":[21.3257,-49.0493,-192.174],"palmWidth":90.9658,"pinchStrength":1,"r":[[0.993263,-0.101614,-0.0557084],[0.0948545,0.989071,-0.112881],[0.0665698,0.106836,0.992046]],"s":1.06473,"sphereCenter":[5.72882,293.813,-6.08165],"sphereRadius":46.3683,"stabilizedPalmPosition":[-29.6858,363.798,213.052],"t":[73.184,-49.3261,-225.554],"timeVisible":0.397687,"type":"right","wrist":[19.1052,300.736,83.11]}],"id":4213546,"interactionBox":{"center":[0,200,0],"size":[235.247,235.247,147.751]},"pointables":[{"bases":[[[0.560705,0.76704,0.311865],[-0.806559,0.420769,0.41523],[0.187275,-0.484359,0.85459]],[[0.434184,0.898334,-0.0669399],[-0.900808,0.43342,-0.0263002],[0.00538671,0.0717191,0.99741]],[[0.434184,0.898334,-0.0669399],[-0.891411,0.417745,-0.175713],[-0.129885,0.135963,0.982163]],[[0.434184,0.898334,-0.0669399],[-0.857485,0.389381,-0.336306],[-0.27605,0.203419,0.939371]]],"btipPosition":[0.0681478,283.76,-28.8421],"carpPosition":[-10.5492,296.733,76.3902],"dipPosition":[-6.39069,288.519,-6.86334],"direction":[0.129885,-0.135963,-0.982163],"extended":false,"handId":618,"id":6180,"length":52.1025,"mcpPosition":[-10.5492,296.733,76.3902],"pipPosition":[-10.818,293.154,26.6152],"stabilizedTipPosition":[-55.3327,328.875,164.465],"timeVisible":0.397687,"tipPosition":[-1.79215,284.56,-23.7664],"tipVelocity":[20.1422,-39.2827,-190.546],"tool":false,"touchDistance":-0.620209,"touchZone":"hovering","type":0,"width":20.2446},{"bases":[[[0.985804,-0.167157,0.0157713],[0.152814,0.932179,0.328162],[-0.0695562,-0.321093,0.94449]],[[0.988252,-0.144923,-0.0485279],[0.142846,0.988773,-0.0438394],[0.0543365,0.0363923,0.997859]],[[0.988252,-0.144923,-0.0485279],[0.135504,0.977717,-0.16034],[0.0706835,0.151881,0.985868]],[[0.988252,-0.144923,-0.0485279],[0.129214,0.961861,-0.241095],[0.0816174,0.231993,0.969287]]],"btipPosition":[2.33044,330.804,-75.2166],"carpPosition":[2.65049,316.384,77.4885],"dipPosition":[3.72455,334.767,-58.6602],"direction":[-0.0706835,-0.151881,-0.985868],"extended":true,"handId":618,"id":6181,"length":58.7918,"mcpPosition":[7.76635,340,8.02131],"pipPosition":[5.43254,338.437,-34.8377],"stabilizedTipPosition":[-45.745,376.841,111.742],"timeVisible":0.397687,"tipPosition":[2.7588,331.109,-71.3493],"tipVelocity":[-14.9116,-43.3581,-183.175],"tool":false,"touchDistance":0.332145,"touchZone":"hovering","type":1,"width":19.3376},{"bases":[[[0.926752,-0.365449,0.0870542],[0.315712,0.883223,0.34676],[-0.203611,-0.293876,0.933905]],[[0.918126,-0.376608,0.12333],[0.355804,0.646365,-0.674993],[0.174492,0.663611,0.727443]],[[0.918126,-0.376608,0.12333],[0.204132,0.182702,-0.961743],[0.339668,0.908177,0.244621]],[[0.918126,-0.376608,0.12333],[0.0968534,-0.0885269,-0.991354],[0.38427,0.922133,-0.0448031]]],"btipPosition":[3.87403,261.501,-28.6228],"carpPosition":[14.9562,316.124,77.6828],"dipPosition":[11.0933,278.825,-29.4645],"direction":[-0.339668,-0.908177,-0.244621],"extended":false,"handId":618,"id":6182,"length":66.9886,"mcpPosition":[29.158,336.621,12.5435],"pipPosition":[20.7497,304.643,-22.5102],"stabilizedTipPosition":[-41.8537,316.684,147.448],"timeVisible":0.397687,"tipPosition":[5.89037,266.287,-29.848],"tipVelocity":[7.4199,-72.6623,-148.334],"tool":false,"touchDistance":-0.58668,"touchZone":"hovering","type":2,"width":18.9921},{"bases":[[[0.860233,-0.470247,0.197148],[0.374466,0.845038,0.381688],[-0.346085,-0.254515,0.903021]],[[0.856093,-0.473215,0.20778],[0.470982,0.548802,-0.690647],[0.212794,0.689118,0.692701]],[[0.856093,-0.473215,0.20778],[0.273692,0.074073,-0.958961],[0.438404,0.877827,0.192928]],[[0.856093,-0.473215,0.20778],[0.137148,-0.17961,-0.974131],[0.498292,0.862443,-0.0888621]]],"btipPosition":[17.4527,257.43,-12.8818],"carpPosition":[26.7337,312.693,78.2929],"dipPosition":[26.7603,273.539,-14.5417],"direction":[-0.438404,-0.877827,-0.192928],"extended":false,"handId":618,"id":6183,"length":64.4113,"mcpPosition":[48.4067,328.632,21.7428],"pipPosition":[38.9017,297.85,-9.19859],"stabilizedTipPosition":[-20.6791,309.768,147.617],"timeVisible":0.397687,"tipPosition":[20.0426,261.782,-14.3256],"tipVelocity":[17.8158,-56.733,-171.359],"tool":false,"touchDistance":-0.581044,"touchZone":"hovering","type":3,"width":18.0722},{"bases":[[[0.740619,-0.629661,0.234543],[0.471648,0.735783,0.485975],[-0.478573,-0.2493,0.841913]],[[0.651055,-0.662272,0.370842],[0.719415,0.382633,-0.579685],[0.242013,0.644195,0.725563]],[[0.651055,-0.662272,0.370842],[0.45823,-0.0465534,-0.887614],[0.605106,0.747816,0.273164]],[[0.651055,-0.662272,0.370842],[0.26736,-0.257167,-0.928646],[0.710385,0.703748,0.00963529]]],"btipPosition":[31.5609,267.239,-1.15438],"carpPosition":[36.4467,302.308,78.807],"dipPosition":[43.8023,279.366,-0.988347],"direction":[-0.605106,-0.747816,-0.273164],"extended":false,"handId":618,"id":6184,"length":50.4973,"mcpPosition":[64.1894,316.76,30.0015],"pipPosition":[55.6343,293.988,4.35299],"stabilizedTipPosition":[-13.3378,318.676,178.948],"timeVisible":0.397687,"tipPosition":[35.0278,270.37,-1.76542],"tipVelocity":[8.71384,-47.1234,-179.219],"tool":false,"touchDistance":-0.573733,"touchZone":"hovering","type":4,"width":16.0532}],"r":[[0.993263,-0.101614,-0.0557084],[0.0948545,0.989071,-0.112881],[0.0665698,0.106836,0.992046]],"s":1.06473,"t":[73.184,-49.3261,-225.554],"timestamp":522906233603},false],[6,{"currentFrameRate":104.542,"devices":[],"gestures":[],"hands":[{"armBasis":[[0.982887,-0.181356,-0.0323024],[0.182407,0.93371,0.308081],[-0.0257111,-0.308701,0.950812]],"armWidth":63.703,"confidence":0.827667,"direction":[0.25265,0.422909,-0.870239],"elbow":[12.4471,216.939,338.761],"grabStrength":0,"id":618,"palmNormal":[-0.140855,-0.87376,-0.465514],"palmPosition":[25.1235,321.154,31.8908],"palmVelocity":[18.8801,-47.378,-169.278],"palmWidth":90.9658,"pinchStrength":1,"r":[[0.993339,-0.0992978,-0.0584593],[0.0923425,0.989455,-0.111586],[0.0689231,0.105444,0.992034]],"s":1.06602,"sphereCenter":[6.00608,293.389,-7.00662],"sphereRadius":46.2669,"stabilizedPalmPosition":[-29.6758,363.791,213.019],"t":[73.3099,-49.722,-226.783],"timeVisible":0.406725,"type":"right","wrist":[19.3873,300.266,82.11]}],"id":4213547,"interactionBox":{"center":[0,200,0],"size":[235.247,235.247,147.751]},"pointables":[{"bases":[[[0.56048,0.767386,0.311417],[-0.805997,0.419015,0.418086],[0.190345,-0.48533,0.85336]],[[0.432925,0.898983,-0.0663758],[-0.901379,0.432509,-0.0212567],[0.00959876,0.0690323,0.997568]],[[0.432925,0.898983,-0.0663758],[-0.892228,0.416848,-0.173687],[-0.128473,0.134416,0.982561]],[[0.432925,0.898983,-0.0663758],[-0.85843,0.388684,-0.334698],[-0.275089,0.201878,0.939985]]],"btipPosition":[0.0565991,283.481,-29.8012],"carpPosition":[-10.2799,296.231,75.467],"dipPosition":[-6.37976,288.204,-7.80802],"direction":[0.128473,-0.134416,-0.982561],"extended":false,"handId":618,"id":6180,"length":52.1025,"mcpPosition":[-10.2799,296.231,75.467],"pipPosition":[-10.759,292.786,25.6841],"stabilizedTipPosition":[-55.3162,328.861,164.407],"timeVisible":0.406725,"tipPosition":[-1.7791,284.261,-24.7247],"tipVelocity":[14.3973,-37.2303,-167.178],"tool":false,"touchDistance":-0.600857,"touchZone":"hovering","type":0,"width":20.2446},{"bases":[[[0.986081,-0.165773,0.0127837],[0.152401,0.931919,0.32909],[-0.0664674,-0.322561,0.944212]],[[0.988318,-0.143353,-0.051741],[0.141209,0.989047,-0.0429609],[0.0573329,0.0351527,0.997736]],[[0.988318,-0.143353,-0.051741],[0.133437,0.977946,-0.160672],[0.0736327,0.151891,0.985651]],[[0.988318,-0.143353,-0.051741],[0.126838,0.96189,-0.242241],[0.0844951,0.232848,0.968836]]],"btipPosition":[2.09842,330.465,-76.1093],"carpPosition":[2.89476,315.899,76.5571],"dipPosition":[3.54168,334.443,-59.5606],"direction":[-0.0736327,-0.151891,-0.985651],"extended":true,"handId":618,"id":6181,"length":58.7918,"mcpPosition":[7.78344,339.623,7.11035],"pipPosition":[5.32094,338.113,-35.7434],"stabilizedTipPosition":[-45.7359,376.832,111.707],"timeVisible":0.406725,"tipPosition":[2.54585,330.823,-72.252],"tipVelocity":[-17.5321,-41.635,-159.971],"tool":false,"touchDistance":0.332529,"touchZone":"hovering","type":1,"width":19.3376},{"bases":[[[0.92751,-0.364252,0.0839423],[0.31542,0.883169,0.347163],[-0.20059,-0.29552,0.93404]],[[0.918814,-0.375698,0.12096],[0.352915,0.644808,-0.677993],[0.176724,0.665638,0.725048]],[[0.918814,-0.375698,0.12096],[0.200711,0.180876,-0.962808],[0.339846,0.90892,0.241598]],[[0.918814,-0.375698,0.12096],[0.0938941,-0.0896085,-0.991541],[0.383359,0.9224,-0.0470578]]],"btipPosition":[3.81291,261.024,-29.3545],"carpPosition":[15.2014,315.656,76.7168],"dipPosition":[11.0151,278.353,-30.2386],"direction":[-0.339846,-0.90892,-0.241598],"extended":false,"handId":618,"id":6182,"length":66.9886,"mcpPosition":[29.1924,336.268,11.5681],"pipPosition":[20.6765,304.193,-23.3702],"stabilizedTipPosition":[-41.726,316.545,146.971],"timeVisible":0.406725,"tipPosition":[5.82178,265.801,-30.5984],"tipVelocity":[3.39166,-67.1454,-130.066],"tool":false,"touchDistance":-0.567468,"touchZone":"hovering","type":2,"width":18.9921},{"bases":[[[0.861447,-0.469304,0.194068],[0.374325,0.845018,0.381872],[-0.343205,-0.256318,0.90361]],[[0.856296,-0.473031,0.207364],[0.468379,0.541998,-0.697753],[0.217667,0.694608,0.685668]],[[0.856296,-0.473031,0.207364],[0.269373,0.0664646,-0.96074],[0.440677,0.878535,0.184335]],[[0.856296,-0.473031,0.207364],[0.133456,-0.185212,-0.973594],[0.498946,0.861359,-0.095467]]],"btipPosition":[17.2311,256.846,-13.247],"carpPosition":[26.9854,312.241,77.2891],"dipPosition":[26.5509,272.936,-15.0302],"direction":[-0.440677,-0.878535,-0.184335],"extended":false,"handId":618,"id":6183,"length":64.4113,"mcpPosition":[48.478,328.293,20.7021],"pipPosition":[38.7553,297.266,-9.92516],"stabilizedTipPosition":[-20.6142,309.688,147.356],"timeVisible":0.406725,"tipPosition":[19.8636,261.218,-14.8166],"tipVelocity":[6.23715,-59.0327,-136.138],"tool":false,"touchDistance":-0.557176,"touchZone":"hovering","type":3,"width":18.0722},{"bases":[[[0.742165,-0.628943,0.231565],[0.471953,0.73575,0.485729],[-0.47587,-0.251204,0.842879]],[[0.652256,-0.662065,0.369095],[0.717064,0.381087,-0.583603],[0.245726,0.645323,0.72331]],[[0.652256,-0.662065,0.369095],[0.455108,-0.047343,-0.889177],[0.606167,0.747949,0.270431]],[[0.652256,-0.662065,0.369095],[0.265022,-0.257014,-0.929359],[0.710159,0.703998,0.00782298]]],"btipPosition":[31.5239,266.863,-2.09198],"carpPosition":[36.7145,301.87,77.761],"dipPosition":[43.7615,278.995,-1.95718],"direction":[-0.606167,-0.747949,-0.270431],"extended":false,"handId":618,"id":6184,"length":50.4973,"mcpPosition":[64.3006,316.432,28.8996],"pipPosition":[55.6142,293.62,3.33072],"stabilizedTipPosition":[-13.3102,318.647,178.843],"timeVisible":0.406725,"tipPosition":[34.9918,269.995,-2.71997],"tipVelocity":[5.15796,-45.5472,-158.639],"tool":false,"touchDistance":-0.558865,"touchZone":"hovering","type":4,"width":16.0532}],"r":[[0.993339,-0.0992978,-0.0584593],[0.