{"sensorType":"Leap","data":[[0,{"currentFrameRate":109.205,"devices":[],"gestures":[],"hands":[{"armBasis":[[-0.613588,-0.784553,-0.0893675],[-0.779562,0.619887,-0.0895738],[-0.125673,-0.0147061,0.991963]],"armWidth":63.703,"confidence":0.661644,"direction":[-0.522699,0.114582,-0.844782],"elbow":[-10.2118,311.504,355.036],"grabStrength":0.264144,"id":627,"palmNormal":[0.588533,-0.668415,-0.454808],"palmPosition":[2.7348,324.373,37.5582],"palmVelocity":[51.9307,-39.0859,-110.869],"palmWidth":90.9658,"pinchStrength":1,"r":[[0.956248,-0.122373,-0.265736],[0.0687356,0.976865,-0.202508],[0.28437,0.175382,0.942537]],"s":0.907807,"sphereCenter":[20.4127,296.379,6.56135],"sphereRadius":40.5614,"stabilizedPalmPosition":[-20.6245,366.209,119.304],"t":[50.9527,-91.7335,-180.179],"timeVisible":0.677763,"type":"left","wrist":[23.7109,315.474,87.2771]}],"id":4216996,"interactionBox":{"center":[0,200,0],"size":[235.247,235.247,147.751]},"pointables":[{"bases":[[[-0.876585,0.324481,0.355402],[0.437169,0.845658,0.306178],[0.2012,-0.423762,0.883145]],[[-0.895215,0.441874,0.0577652],[0.401445,0.85592,-0.325949],[0.193471,0.268605,0.943621]],[[-0.895215,0.441874,0.0577652],[0.195076,0.505119,-0.840714],[0.400668,0.741352,0.538389]],[[-0.895215,0.441874,0.0577652],[-0.216454,-0.31785,-0.923103],[0.389534,0.83888,-0.380189]]],"btipPosition":[17.0056,270.508,20.6739],"carpPosition":[49.432,328.81,77.221],"dipPosition":[26.1196,290.135,11.7785],"direction":[-0.400668,-0.741352,-0.538389],"extended":false,"handId":627,"id":6270,"length":52.1025,"mcpPosition":[49.432,328.81,77.221],"pipPosition":[39.777,315.405,30.1303],"stabilizedTipPosition":[8.32841,291.882,52.6441],"timeVisible":0.677763,"tipPosition":[18.9359,274.949,19.1256],"tipVelocity":[71.7463,-18.9924,-144.684],"tool":false,"touchDistance":-0.4312,"touchZone":"hovering","type":0,"width":20.2446},{"bases":[[[-0.695784,-0.705239,0.136101],[-0.643097,0.696079,0.319217],[0.319862,-0.13458,0.937857]],[[-0.631198,-0.717854,0.293724],[-0.775153,0.596991,-0.206735],[0.026945,0.358172,0.933267]],[[-0.631198,-0.717854,0.293724],[-0.766825,0.520689,-0.375316],[-0.116483,0.462134,0.879127]],[[-0.631198,-0.717854,0.293724],[-0.747005,0.460718,-0.479293],[-0.208739,0.521943,0.827045]]],"btipPosition":[9.0595,311.608,-65.0862],"carpPosition":[27.3625,337.176,79.3479],"dipPosition":[5.49402,320.524,-50.9594],"direction":[0.116483,-0.462134,-0.879127],"extended":true,"handId":627,"id":6271,"length":58.7918,"mcpPosition":[3.83664,347.075,10.3685],"pipPosition":[2.67933,331.691,-29.7162],"stabilizedTipPosition":[3.39994,323.29,-45.5324],"timeVisible":0.677763,"tipPosition":[7.27235,314.069,-61.9456],"tipVelocity":[31.286,-30.8351,-112.964],"tool":false,"touchDistance":-0.0547922,"touchZone":"hovering","type":1,"width":19.3376},{"bases":[[[-0.526277,-0.825199,0.205131],[-0.74429,0.563706,0.358144],[0.411174,-0.0358058,0.910853]],[[-0.509388,-0.825971,0.241445],[-0.510622,0.0642762,-0.857399],[-0.692668,0.560036,0.454501]],[[-0.509388,-0.825971,0.241445],[0.52605,-0.520929,-0.672238],[-0.681025,0.215418,-0.699857]],[[-0.509388,-0.825971,0.241445],[0.802233,-0.557319,-0.214051],[-0.311361,-0.0846601,-0.946513]]],"btipPosition":[47.5158,300.829,33.2417],"carpPosition":[17.6067,329.852,80.9962],"dipPosition":[41.6662,299.239,15.4596],"direction":[0.681025,-0.215418,0.699857],"extended":false,"handId":627,"id":6272,"length":66.9886,"mcpPosition":[-11.0725,332.349,17.4647],"pipPosition":[22.3055,305.363,-4.43656],"stabilizedTipPosition":[28.1703,342.622,114.837],"timeVisible":0.677763,"tipPosition":[46.611,299.871,27.9797],"tipVelocity":[38.1309,-7.96533,-86.0986],"tool":false,"touchDistance":0.333333,"touchZone":"none","type":2,"width":18.9921},{"bases":[[[-0.402418,-0.861605,0.309349],[-0.766502,0.50188,0.400738],[0.500534,0.0758524,0.862387]],[[-0.413464,-0.86308,0.290068],[-0.588953,0.0105525,-0.808098],[-0.694393,0.504956,0.512677]],[[-0.413464,-0.86308,0.290068],[0.483076,-0.477975,-0.733606],[-0.771806,0.163195,-0.614559]],[[-0.413464,-0.86308,0.290068],[0.810436,-0.494049,-0.314815],[-0.415018,-0.104917,-0.903743]]],"btipPosition":[38.9664,290.438,40.0739],"carpPosition":[10.1676,320.304,83.0785],"dipPosition":[31.2143,288.479,23.1929],"direction":[0.771806,-0.163195,0.614559],"extended":false,"handId":627,"id":6273,"length":64.4113,"mcpPosition":[-21.1775,315.553,29.073],"pipPosition":[9.8394,292.998,6.17289],"stabilizedTipPosition":[17.1667,329.821,118.327],"timeVisible":0.677763,"tipPosition":[37.5963,289.503,35.7104],"tipVelocity":[54.4514,-26.4608,-119.169],"tool":false,"touchDistance":0.333333,"touchZone":"none","type":3,"width":18.0722},{"bases":[[[-0.209565,-0.918037,0.336587],[-0.772509,0.366476,0.51858],[0.599427,0.151341,0.785992]],[[-0.219597,-0.920448,0.323346],[-0.745281,-0.0556016,-0.664428],[-0.62955,0.38689,0.673782]],[[-0.219597,-0.920448,0.323346],[0.367678,-0.385081,-0.846479],[-0.903654,0.0669974,-0.422991]],[[-0.219597,-0.920448,0.323346],[0.792156,-0.361686,-0.491602],[-0.569444,-0.148186,-0.808563]]],"btipPosition":[23.4485,285.104,37.828],"carpPosition":[8.46019,306.31,85.0055],"dipPosition":[13.6357,282.55,23.8947],"direction":[0.903654,-0.0669974,0.422991],"extended":false,"handId":627,"id":6274,"length":50.4973,"mcpPosition":[-26.2884,297.537,39.4418],"pipPosition":[-4.03399,283.86,15.6237],"stabilizedTipPosition":[5.42829,315.207,96.3721],"timeVisible":0.677763,"tipPosition":[21.5278,284.033,34.2037],"tipVelocity":[56.2792,-30.4288,-118.049],"tool":false,"touchDistance":0.333333,"touchZone":"none","type":4,"width":16.0532}],"r":[[0.956248,-0.122373,-0.265736],[0.0687356,0.976865,-0.202508],[0.28437,0.175382,0.942537]],"s":0.907807,"t":[50.9527,-91.7335,-180.179],"timestamp":522947920096},false],[1,{"currentFrameRate":109.277,"devices":[],"gestures":[],"hands":[{"armBasis":[[-0.612326,-0.785658,-0.088308],[-0.780538,0.618514,-0.0905583],[-0.125768,-0.0134766,0.991968]],"armWidth":63.703,"confidence":0.668266,"direction":[-0.52482,0.115697,-0.843314],"elbow":[-9.73585,311.241,354.093],"grabStrength":0.265631,"id":627,"palmNormal":[0.587756,-0.667372,-0.457337],"palmPosition":[3.1103,323.848,36.68],"palmVelocity":[49.0938,-44.3317,-107.147],"palmWidth":90.9658,"pinchStrength":1,"r":[[0.955765,-0.120381,-0.268369],[0.0663918,0.977159,-0.201873],[0.286541,0.175125,0.941926]],"s":0.907528,"sphereCenter":[20.7349,295.948,5.59349],"sphereRadius":40.5561,"stabilizedPalmPosition":[-20.466,365.926,118.752],"t":[51.3807,-92.2043,-181.184],"timeVisible":0.686785,"type":"left","wrist":[24.2124,314.878,86.3329]}],"id":4216997,"interactionBox":{"center":[0,200,0],"size":[235.247,235.247,147.751]},"pointables":[{"bases":[[[-0.875877,0.323455,0.358073],[0.437491,0.845379,0.306491],[0.203571,-0.425102,0.881956]],[[-0.895342,0.44115,0.0612243],[0.399682,0.856504,-0.32658],[0.19651,0.26793,0.943185]],[[-0.895342,0.44115,0.0612243],[0.191812,0.506002,-0.840934],[0.401958,0.74118,0.537663]],[[-0.895342,0.44115,0.0612243],[-0.218596,-0.315502,-0.923404],[0.388043,0.840146,-0.378916]]],"btipPosition":[17.3149,269.952,19.7054],"carpPosition":[49.9021,328.244,76.2358],"dipPosition":[26.3941,289.609,10.8397],"direction":[-0.401958,-0.74118,-0.537663],"extended":false,"handId":627,"id":6270,"length":52.1025,"mcpPosition":[49.9021,328.244,76.2358],"pipPosition":[40.0954,314.873,29.1668],"stabilizedTipPosition":[8.53167,291.562,52.0021],"timeVisible":0.686785,"tipPosition":[19.2655,274.427,18.1298],"tipVelocity":[61.194,-30.5118,-134.203],"tool":false,"touchDistance":-0.430838,"touchZone":"hovering","type":0,"width":20.2446},{"bases":[[[-0.695094,-0.705813,0.136647],[-0.642665,0.695231,0.321926],[0.322221,-0.13595,0.936852]],[[-0.630135,-0.718653,0.294055],[-0.775969,0.596631,-0.204703],[0.0283322,0.357168,0.93361]],[[-0.630135,-0.718653,0.294055],[-0.767999,0.520987,-0.372492],[-0.114493,0.460554,0.880216]],[[-0.630135,-0.718653,0.294055],[-0.748557,0.461571,-0.47604],[-0.20638,0.520087,0.828805]]],"btipPosition":[9.20916,311.242,-66.001],"carpPosition":[27.8336,336.596,78.4302],"dipPosition":[5.68397,320.125,-51.8442],"direction":[0.114493,-0.460554,-0.880216],"extended":true,"handId":627,"id":6271,"length":58.7918,"mcpPosition":[4.13425,346.595,9.52479],"pipPosition":[2.91736,331.254,-30.5747],"stabilizedTipPosition":[3.39994,323.29,-45.5324],"timeVisible":0.686785,"tipPosition":[7.44501,313.691,-62.8481],"tipVelocity":[27.5246,-33.7558,-109.571],"tool":false,"touchDistance":-0.0699241,"touchZone":"hovering","type":1,"width":19.3376},{"bases":[[[-0.525359,-0.8258,0.205067],[-0.743696,0.562742,0.360883],[0.413417,-0.0370856,0.909786]],[[-0.508449,-0.826622,0.241196],[-0.512302,0.0652503,-0.856323],[-0.692117,0.558962,0.456657]],[[-0.508449,-0.826622,0.241196],[0.526988,-0.520237,-0.67204],[-0.681002,0.21459,-0.700134]],[[-0.508449,-0.826622,0.241196],[0.803344,-0.556211,-0.212763],[-0.310031,-0.0855844,-0.946866]]],"btipPosition":[47.786,300.423,32.3209],"carpPosition":[18.0856,329.264,80.0904],"dipPosition":[41.9615,298.815,14.5322],"direction":[0.681002,-0.21459,0.700134],"extended":false,"handId":627,"id":6272,"length":66.9886,"mcpPosition":[-10.7501,331.851,16.6334],"pipPosition":[22.6014,304.916,-5.37182],"stabilizedTipPosition":[28.2456,342.446,114.481],"timeVisible":0.686785,"tipPosition":[46.8919,299.468,27.0847],"tipVelocity":[36.0564,-18.2818,-90.5362],"tool":false,"touchDistance":0.333333,"touchZone":"none","type":2,"width":18.9921},{"bases":[[[-0.401227,-0.862313,0.308922],[-0.765773,0.500835,0.40343],[0.502603,0.074697,0.861285]],[[-0.412145,-0.863743,0.289973],[-0.590773,0.01105,-0.806762],[-0.693631,0.503811,0.51483]],[[-0.412145,-0.863743,0.289973],[0.482812,-0.476946,-0.734449],[-0.772677,0.162696,-0.613597]],[[-0.412145,-0.863743,0.289973],[0.810827,-0.492867,-0.315659],[-0.415567,-0.105021,-0.903479]]],"btipPosition":[39.326,289.982,39.1119],"carpPosition":[10.6564,319.708,82.1753],"dipPosition":[31.5636,288.021,22.2358],"direction":[0.772677,-0.162696,0.613596],"extended":false,"handId":627,"id":6273,"length":64.4113,"mcpPosition":[-20.8183,315.031,28.2388],"pipPosition":[10.1647,292.526,5.24252],"stabilizedTipPosition":[17.2638,329.629,117.931],"timeVisible":0.686785,"tipPosition":[37.9474,289.05,34.7452],"tipVelocity":[50.3645,-33.1003,-115.682],"tool":false,"touchDistance":0.333333,"touchZone":"none","type":3,"width":18.0722},{"bases":[[[-0.208279,-0.918692,0.335597],[-0.771424,0.365236,0.521065],[0.60127,0.15036,0.784771]],[[-0.217632,-0.920925,0.323316],[-0.747162,-0.0559436,-0.662283],[-0.628,0.385703,0.675906]],[[-0.217632,-0.920925,0.323316],[0.366972,-0.384156,-0.847204],[-0.904416,0.065731,-0.421559]],[[-0.217632,-0.920925,0.323316],[0.792355,-0.360127,-0.492425],[-0.569921,-0.149013,-0.808075]]],"btipPosition":[23.8105,284.642,36.8654],"carpPosition":[8.96074,305.711,84.0836],"dipPosition":[13.9895,282.075,22.9404],"direction":[0.904416,-0.065731,0.421559],"extended":false,"handId":627,"id":6274,"length":50.4973,"mcpPosition":[-25.8947,296.994,38.5906],"pipPosition":[-3.69505,283.36,14.6975],"stabilizedTipPosition":[5.56848,314.936,95.8268],"timeVisible":0.686785,"tipPosition":[21.8857,283.568,33.2451],"tipVelocity":[51.7779,-36.2285,-114.868],"tool":false,"touchDistance":0.333333,"touchZone":"none","type":4,"width":16.0532}],"r":[[0.955765,-0.120381,-0.268369],[0.0663918,0.977159,-0.201873],[0.286541,0.175125,0.941926]],"s":0.907528,"t":[51.3807,-92.2043,-181.184],"timestamp":522947929118},false],[2,{"currentFrameRate":109.255,"devices":[],"gestures":[],"hands":[{"armBasis":[[-0.610794,-0.786946,-0.0874409],[-0.782251,0.616835,-0.0871641],[-0.12253,-0.0151614,0.992349]],"armWidth":63.703,"confidence":0.659229,"direction":[-0.525767,0.113867,-0.842973],"elbow":[-8.45469,310.351,352.874],"grabStrength":0.2673,"id":627,"palmNormal":[0.589591,-0.665549,-0.457632],"palmPosition":[3.45477,323.337,35.3715],"palmVelocity":[45.8459,-47.4863,-116.985],"palmWidth":90.9658,"pinchStrength":1,"r":[[0.95541,-0.118179,-0.270601],[0.0638599,0.977425,-0.201401],[0.288293,0.17514,0.941389]],"s":0.907419,"sphereCenter":[21.1475,295.514,4.27982],"sphereRadius":40.5502,"stabilizedPalmPosition":[-20.3223,365.67,118.251],"t":[51.767,-92.6952,-182.341],"timeVisible":0.695977,"type":"left","wrist":[24.6196,314.443,85.0115]}],"id":4216998,"interactionBox":{"center":[0,200,0],"size":[235.247,235.247,147.751]},"pointables":[{"bases":[[[-0.87667,0.320689,0.35862],[0.434974,0.846834,0.306055],[0.205543,-0.4243,0.881885]],[[-0.896715,0.438281,0.0617406],[0.396632,0.857619,-0.327373],[0.196431,0.269072,0.942876]],[[-0.896715,0.438281,0.0617406],[0.189466,0.506167,-0.841366],[0.400006,0.742768,0.536927]],[[-0.896715,0.438281,0.0617406],[-0.21793,-0.315793,-0.923462],[0.385239,0.841537,-0.378691]]],"btipPosition":[17.8081,269.454,18.3994],"carpPosition":[50.2592,327.89,74.8946],"dipPosition":[26.8216,289.144,9.53906],"direction":[-0.400006,-0.742768,-0.536927],"extended":false,"handId":627,"id":6270,"length":52.1025,"mcpPosition":[50.2592,327.89,74.8946],"pipPosition":[40.4564,314.462,27.841],"stabilizedTipPosition":[8.70535,291.293,51.4567],"timeVisible":0.695977,"tipPosition":[19.7526,273.949,16.8102],"tipVelocity":[58.6272,-36.8889,-136.366],"tool":false,"touchDistance":-0.435659,"touchZone":"hovering","type":0,"width":20.2446},{"bases":[[[-0.692722,-0.708027,0.137237],[-0.644682,0.693209,0.322254],[0.323298,-0.134758,0.936653]],[[-0.627685,-0.720629,0.294456],[-0.778,0.593799,-0.205229],[0.0269537,0.357906,0.933369]],[[-0.627685,-0.720629,0.294456],[-0.769875,0.518593,-0.371959],[-0.115342,0.460168,0.880308]],[[-0.627685,-0.720629,0.294456],[-0.750481,0.459653,-0.474865],[-0.206854,0.519049,0.829336]]],"btipPosition":[9.54956,310.725,-67.3147],"carpPosition":[28.1654,336.171,77.1028],"dipPosition":[6.01627,319.591,-53.1488],"direction":[0.115342,-0.460168,-0.880308],"extended":true,"handId":627,"id":6271,"length":58.7918,"mcpPosition":[4.38683,346.082,8.21201],"pipPosition":[3.22915,330.71,-31.8771],"stabilizedTipPosition":[3.39994,323.29,-45.5324],"timeVisible":0.695977,"tipPosition":[7.79494,313.161,-64.1556],"tipVelocity":[30.1254,-40.1692,-118.829],"tool":false,"touchDistance":-0.0917843,"touchZone":"hovering","type":1,"width":19.3376},{"bases":[[[-0.522554,-0.827455,0.20556],[-0.745259,0.560402,0.361302],[0.414157,-0.0356042,0.909509]],[[-0.505673,-0.828217,0.241562],[-0.512727,0.0633215,-0.856214],[-0.693834,0.556819,0.456669]],[[-0.505673,-0.828217,0.241562],[0.530115,-0.519193,-0.670386],[-0.680642,0.210941,-0.701592]],[[-0.505673,-0.828217,0.241562],[0.806094,-0.553354,-0.209788],[-0.307419,-0.0886369,-0.947437]]],"btipPosition":[48.1145,300.128,31.0723],"carpPosition":[18.4422,328.808,78.7709],"dipPosition":[42.339,298.463,13.2728],"direction":[0.680642,-0.210941,0.701592],"extended":false,"handId":627,"id":6272,"length":66.9886,"mcpPosition":[-10.445,331.291,15.3332],"pipPosition":[22.9892,304.46,-6.6726],"stabilizedTipPosition":[28.3083,342.302,114.185],"timeVisible":0.695977,"tipPosition":[47.2368,299.168,25.8617],"tipVelocity":[36.309,-22.5405,-103.274],"tool":false,"touchDistance":0.333333,"touchZone":"none","type":2,"width":18.9921},{"bases":[[[-0.398234,-0.863551,0.309336],[-0.767106,0.498431,0.403874],[0.502948,0.0764572,0.860928]],[[-0.408998,-0.865,0.29068],[-0.591316,0.00860693,-0.806394],[-0.695029,0.501697,0.515009]],[[-0.408998,-0.865,0.29068],[0.485011,-0.475881,-0.73369],[-0.772971,0.159095,-0.61417]],[[-0.408998,-0.865,0.29068],[0.813066,-0.490054,-0.314278],[-0.414299,-0.107803,-0.903734]]],"btipPosition":[39.7402,289.639,37.834],"carpPosition":[11.0453,319.229,80.8624],"dipPosition":[32.0015,287.625,20.9531],"direction":[0.772971,-0.159095,0.61417],"extended":false,"handId":627,"id":6273,"length":64.4113,"mcpPosition":[-20.451,314.441,26.9482],"pipPosition":[10.5943,292.031,3.94395],"stabilizedTipPosition":[17.3496,329.461,117.582],"timeVisible":0.695977,"tipPosition":[38.3649,288.697,33.4665],"tipVelocity":[49.0464,-34.6591,-122.241],"tool":false,"touchDistance":0.333333,"touchZone":"none","type":3,"width":18.0722},{"bases":[[[-0.205088,-0.919303,0.335888],[-0.77224,0.362833,0.521534],[0.601319,0.152426,0.784335]],[[-0.213756,-0.92141,0.324518],[-0.747525,-0.0595813,-0.661557],[-0.6289,0.383997,0.676041]],[[-0.213756,-0.92141,0.324518],[0.369098,-0.383749,-0.846465],[-0.904475,0.0611584,-0.422119]],[[-0.213756,-0.92141,0.324518],[0.79453,-0.357254,-0.491011],[-0.568358,-0.152882,-0.808453]]],"btipPosition":[24.249,284.255,35.5939],"carpPosition":[9.39605,305.226,82.7741],"dipPosition":[14.4549,281.62,21.6624],"direction":[0.904475,-0.0611584,0.422119],"extended":false,"handId":627,"id":6274,"length":50.4973,"mcpPosition":[-25.4623,296.39,37.3064],"pipPosition":[-3.23078,282.816,13.4085],"stabilizedTipPosition":[5.69088,314.703,95.3542],"timeVisible":0.695977,"tipPosition":[22.3283,283.166,31.9713],"tipVelocity":[50.8275,-38.3625,-121.472],"tool":false,"touchDistance":0.333333,"touchZone":"none","type":4,"width":16.0532}],"r":[[0.95541,-0.118179,-0.270601],[0.0638599,0.977425,-0.201401],[0.288293,0.17514,0.941389]],"s":0.907419,"t":[51.767,-92.6952,-182.341],"timestamp":522947938310},false],[3,{"currentFrameRate":109.396,"devices":[],"gestures":[],"hands":[{"armBasis":[[-0.604858,-0.791092,-0.0912198],[-0.786212,0.611444,-0.089478],[-0.126561,-0.0175966,0.991803]],"armWidth":63.703,"confidence":0.664273,"direction":[-0.526815,0.109693,-0.842872],"elbow":[-9.1276,309.934,351.433],"grabStrength":0.268566,"id":627,"palmNormal":[0.59339,-0.662528,-0.457105],"palmPosition":[3.79485,323.391,34.0768],"palmVelocity":[43.7844,-32.9421,-124.777],"palmWidth":90.9658,"pinchStrength":1,"r":[[0.955235,-0.115331,-0.272442],[0.0606378,0.97766,-0.201256],[0.289566,0.175727,0.940889]],"s":0.907387,"sphereCenter":[21.6395,295.659,3.01295],"sphereRadius":40.5443,"stabilizedPalmPosition":[-20.2077,365.469,117.851],"t":[52.1301,-92.9139,-183.567],"timeVisible":0.704866,"type":"left","wrist":[25.0348,314.684,83.7177]}],"id":4216999,"interactionBox":{"center":[0,200,0],"size":[235.247,235.247,147.751]},"pointables":[{"bases":[[[-0.878428,0.315827,0.358632],[0.429997,0.849804,0.304854],[0.208486,-0.422003,0.882296]],[[-0.89932,0.432914,0.0617119],[0.391378,0.859791,-0.327998],[0.195054,0.270823,0.942661]],[[-0.89932,0.432914,0.0617119],[0.186682,0.507701,-0.841065],[0.39544,0.744866,0.537403]],[[-0.89932,0.432914,0.0617119],[-0.215247,-0.315398,-0.924226],[0.380646,0.844458,-0.376827]]],"btipPosition":[18.4691,269.61,17.0291],"carpPosition":[50.5884,328.273,73.5734],"dipPosition":[27.3752,289.368,8.21238],"direction":[-0.39544,-0.744866,-0.537403],"extended":false,"handId":627,"id":6270,"length":52.1025,"mcpPosition":[50.5884,328.273,73.5734],"pipPosition":[40.8544,314.758,26.5306],"stabilizedTipPosition":[8.84725,291.087,51.0188],"timeVisible":0.704866,"tipPosition":[20.3931,274.107,15.4725],"tipVelocity":[62.1484,-21.632,-140.893],"tool":false,"touchDistance":-0.44083,"touchZone":"hovering","type":0,"width":20.2446},{"bases":[[[-0.688381,-0.712025,0.138389],[-0.648706,0.689694,0.321719],[0.324518,-0.131692,0.936667]],[[-0.623256,-0.724047,0.29548],[-0.781633,0.58863,-0.206313],[0.024548,0.359542,0.932806]],[[-0.623256,-0.724047,0.29548],[-0.773117,0.513639,-0.372109],[-0.117655,0.46036,0.879901]],[[-0.623256,-0.724047,0.29548],[-0.753556,0.455042,-0.474436],[-0.209058,0.518355,0.829218]]],"btipPosition":[9.9374,310.688,-68.6009],"carpPosition":[28.4461,336.423,75.7817],"dipPosition":[6.36647,319.542,-54.437],"direction":[0.117655,-0.46036,-0.879901],"extended":true,"handId":627,"id":6271,"length":58.7918,"mcpPosition":[4.57782,346.109,6.88982],"pipPosition":[3.52346,330.666,-33.1751],"stabilizedTipPosition":[3.39994,323.29,-45.5324],"timeVisible":0.704866,"tipPosition":[8.1834,313.111,-65.4392],"tipVelocity":[33.5305,-30.4542,-125.87],"tool":false,"touchDistance":-0.113228,"touchZone":"hovering","type":1,"width":19.3376},{"bases":[[[-0.517467,-0.830344,0.206777],[-0.748464,0.55633,0.36097],[0.414766,-0.032025,0.909365]],[[-0.500611,-0.830961,0.242677],[-0.513176,0.0591006,-0.856246],[-0.697165,0.553183,0.456015]],[[-0.500611,-0.830961,0.242677],[0.534497,-0.517218,-0.66843],[-0.680956,0.204913,-0.703072]],[[-0.500611,-0.830961,0.242677],[0.810217,-0.548477,-0.206693],[-0.304856,-0.093148,-0.947832]]],"btipPosition":[48.5193,300.505,29.8553],"carpPosition":[18.7682,329.004,77.4628],"dipPosition":[42.792,298.755,12.0484],"direction":[0.680956,-0.204913,0.703072],"extended":false,"handId":627,"id":6272,"length":66.9886,"mcpPosition":[-10.1615,331.237,14.0352],"pipPosition":[23.4332,304.581,-7.9391],"stabilizedTipPosition":[28.3566,342.194,113.959],"timeVisible":0.704866,"tipPosition":[47.6573,299.534,24.6696],"tipVelocity":[39.1566,-5.47945,-112.466],"tool":false,"touchDistance":0.333333,"touchZone":"none","type":2,"width":18.9921},{"bases":[[[-0.392886,-0.865567,0.31054],[-0.769918,0.494279,0.403625],[0.502858,0.0805117,0.860611]],[[-0.403481,-0.867082,0.292185],[-0.591223,0.00334389,-0.806501],[-0.698326,0.498154,0.513988]],[[-0.403481,-0.867082,0.292185],[0.489277,-0.474301,-0.731879],[-0.773183,0.15234,-0.615614]],[[-0.403481,-0.867082,0.292185],[0.81696,-0.485195,-0.311708],[-0.412044,-0.112935,-0.904138]]],"btipPosition":[40.2416,289.98,36.6537],"carpPosition":[11.4301,319.383,79.569],"dipPosition":[32.545,287.87,19.7653],"direction":[0.773183,-0.15234,0.615614],"extended":false,"handId":627,"id":6273,"length":64.4113,"mcpPosition":[-20.0606,314.341,25.6747],"pipPosition":[11.132,292.089,2.71605],"stabilizedTipPosition":[17.4196,329.329,117.301],"timeVisible":0.704866,"tipPosition":[38.8716,289.019,32.2738],"tipVelocity":[51.342,-15.4928,-125.159],"tool":false,"touchDistance":0.333333,"touchZone":"none","type":3,"width":18.0722},{"bases":[[[-0.199395,-0.920122,0.337071],[-0.774182,0.358793,0.521449],[0.600735,0.15698,0.783884]],[[-0.207267,-0.922104,0.326748],[-0.747479,-0.0662025,-0.660978],[-0.631122,0.381236,0.675532]],[[-0.207267,-0.922104,0.326748],[0.372623,-0.383237,-0.845152],[-0.90454,0.053418,-0.42303]],[[-0.207267,-0.922104,0.326748],[0.797868,-0.352603,-0.488956],[-0.566081,-0.159357,-0.8088]]],"btipPosition":[24.7935,284.497,34.3858],"carpPosition":[9.8661,305.372,81.4981],"dipPosition":[15.0386,281.751,20.4484],"direction":[0.90454,-0.053418,0.42303],"extended":false,"handId":627,"id":6274,"length":50.4973,"mcpPosition":[-24.9584,296.272,36.0565],"pipPosition":[-2.64836,282.796,12.1766],"stabilizedTipPosition":[5.79049,314.52,94.975],"timeVisible":0.704866,"tipPosition":[22.88,283.383,30.7602],"tipVelocity":[53.9353,-21.3027,-125.436],"tool":false,"touchDistance":0.333333,"touchZone":"none","type":4,"width":16.0532}],"r":[[0.955235,-0.115331,-0.272442],[0.0606378,0.97766,-0.201256],[0.289566,0.175727,0.940889]],"s":0.907387,"t":[52.1301,-92.9139,-183.567],"timestamp":522947947199},false],[4,{"currentFrameRate":109.381,"devices":[],"gestures":[],"hands":[{"armBasis":[[-0.603564,-0.792155,-0.0905579],[-0.787001,0.610111,-0.0916212],[-0.127829,-0.0159699,0.991668]],"armWidth":63.703,"confidence":0.671224,"direction":[-0.529462,0.108874,-0.841318],"elbow":[-8.81533,310.419,350.299],"grabStrength":0.26892,"id":627,"palmNormal":[0.592012,-0.662899,-0.458352],"palmPosition":[4.29309,323.39,33.0384],"palmVelocity":[46.7274,-23.7957,-121.557],"palmWidth":90.9658,"pinchStrength":1,"r":[[0.954917,-0.113086,-0.274491],[0.0579175,0.977805,-0.201354],[0.291169,0.176378,0.940272]],"s":0.907434,"sphereCenter":[22.0403,295.646,1.94529],"sphereRadius":40.5421,"stabilizedPalmPosition":[-20.1098,365.301,117.513],"t":[52.5608,-93.0239,-184.699],"timeVisible":0.714036,"type":"left","wrist":[25.6892,314.73,82.6206]}],"id":4217000,"interactionBox":{"center":[0,200,0],"size":[235.247,235.247,147.751]},"pointables":[{"bases":[[[-0.877328,0.316084,0.361091],[0.430877,0.85012,0.302724],[0.211284,-0.421174,0.882027]],[[-0.89917,0.432854,0.0642627],[0.390216,0.85958,-0.329931],[0.198051,0.271588,0.941815]],[[-0.89917,0.432854,0.0642627],[0.184021,0.50726,-0.841916],[0.397025,0.745201,0.535768]],[[-0.89917,0.432854,0.0642627],[-0.217663,-0.315003,-0.923794],[0.379625,0.844636,-0.377458]]],"btipPosition":[18.9107,269.595,15.9522],"carpPosition":[51.2097,328.312,72.3838],"dipPosition":[27.7929,289.357,7.12068],"direction":[-0.397025,-0.745201,-0.535768],"extended":false,"handId":627,"id":6270,"length":52.1025,"mcpPosition":[51.2097,328.312,72.3838],"pipPosition":[41.3261,314.758,25.3831],"stabilizedTipPosition":[8.96773,290.919,50.6495],"timeVisible":0.714036,"tipPosition":[20.8368,274.094,14.3925],"tipVelocity":[58.0778,-16.024,-134.454],"tool":false,"touchDistance":-0.441285,"touchZone":"hovering","type":0,"width":20.2446},{"bases":[[[-0.687884,-0.711954,0.141199],[-0.647754,0.689936,0.323115],[0.327461,-0.130803,0.935767]],[[-0.622275,-0.723826,0.298076],[-0.782324,0.588307,-0.204607],[0.0272601,0.360514,0.932356]],[[-0.622275,-0.723826,0.298076],[-0.774329,0.513309,-0.370039],[-0.114839,0.461075,0.879899]],[[-0.622275,-0.723826,0.298076],[-0.755146,0.454755,-0.472179],[-0.206224,0.518916,0.829577]]],"btipPosition":[10.1156,310.593,-69.6492],"carpPosition":[29.0737,336.462,74.6539],"dipPosition":[6.59308,319.457,-55.4792],"direction":[0.114839,-0.461075,-0.879899],"extended":true,"handId":627,"id":6271,"length":58.7918,"mcpPosition":[4.98897,346.083,5.82825],"pipPosition":[3.81812,330.598,-34.2173],"stabilizedTipPosition":[3.39994,323.29,-45.5324],"timeVisible":0.714036,"tipPosition":[8.37878,313.015,-66.4818],"tipVelocity":[29.9365,-24.7799,-122.605],"tool":false,"touchDistance":-0.130677,"touchZone":"hovering","type":1,"width":19.3376},{"bases":[[[-0.516746,-0.830196,0.20916],[-0.747377,0.5566,0.362801],[0.417614,-0.0311539,0.90809]],[[-0.499818,-0.830779,0.244925],[-0.515596,0.0581734,-0.854855],[-0.695947,0.553554,0.457422]],[[-0.499818,-0.830779,0.244925],[0.533815,-0.518164,-0.668242],[-0.682073,0.203255,-0.70247]],[[-0.499818,-0.830779,0.244925],[0.810399,-0.548368,-0.206269],[-0.305673,-0.0953897,-0.947346]]],"btipPosition":[48.9426,300.556,28.7595],"carpPosition":[19.4018,329.043,76.3722],"dipPosition":[43.1999,298.764,10.9617],"direction":[0.682073,-0.203255,0.70247],"extended":false,"handId":627,"id":6272,"length":66.9886,"mcpPosition":[-9.7266,331.216,13.0334],"pipPosition":[23.8094,304.542,-9.00866],"stabilizedTipPosition":[28.3967,342.107,113.773],"timeVisible":0.714036,"tipPosition":[48.0737,299.582,23.6005],"tipVelocity":[41.0022,-2.71457,-114.363],"tool":false,"touchDistance":0.333333,"touchZone":"none","type":2,"width":18.9921},{"bases":[[[-0.391837,-0.865313,0.312565],[-0.768693,0.494587,0.40558],[0.505544,0.0813451,0.858957]],[[-0.402382,-0.866832,0.294433],[-0.593809,0.00234922,-0.804603],[-0.696764,0.498594,0.515678]],[[-0.402382,-0.866832,0.294433],[0.487575,-0.475129,-0.732477],[-0.774829,0.151178,-0.613829]],[[-0.402382,-0.866832,0.294433],[0.816469,-0.485274,-0.31287],[-0.414086,-0.114502,-0.903007]]],"btipPosition":[40.7284,290.01,35.5524],"carpPosition":[12.0711,319.424,78.5102],"dipPosition":[32.9936,287.872,18.6851],"direction":[0.774829,-0.151178,0.613829],"extended":false,"handId":627,"id":6273,"length":64.4113,"mcpPosition":[-19.5878,314.33,24.7194],"pipPosition":[11.5351,292.058,1.6853],"stabilizedTipPosition":[17.4806,329.216,117.059],"timeVisible":0.714036,"tipPosition":[39.3439,289.047,31.183],"tipVelocity":[51.5618,-10.4422,-123.6],"tool":false,"touchDistance":0.333333,"touchZone":"none","type":3,"width":18.0722},{"bases":[[[-0.19826,-0.919828,0.33854],[-0.772576,0.359209,0.523541],[0.603174,0.157751,0.781854]],[[-0.205312,-0.921613,0.329359],[-0.74927,-0.0684874,-0.658713],[-0.629636,0.38202,0.676476]],[[-0.205312,-0.921613,0.329359],[0.372141,-0.384765,-0.84467],[-0.905184,0.0508528,-0.421966]],[[-0.205312,-0.921613,0.329359],[0.798051,-0.352456,-0.488763],[-0.566535,-0.162496,-0.807857]]],"btipPosition":[25.2682,284.572,33.392],"carpPosition":[10.5144,305.415,80.4571],"dipPosition":[15.5056,281.772,19.4709],"direction":[0.905184,-0.0508529,0.421966],"extended":false,"handId":627,"id":6274,"length":50.4973,"mcpPosition":[-24.4515,296.27,35.1332],"pipPosition":[-2.194,282.766,11.2199],"stabilizedTipPosition":[5.87642,314.368,94.652],"timeVisible":0.714036,"tipPosition":[23.3435,283.442,29.761],"tipVelocity":[53.2778,-13.4699,-120.561],"tool":false,"touchDistance":0.333333,"touchZone":"none","type":4,"width":16.0532}],"r":[[0.954917,-0.113086,-0.274491],[0.0579175,0.977805,-0.201354],[0.291169,0.176378,0.940272]],"s":0.907434,"t":[52.5608,-93.0239,-184.699],"timestamp":522947956369},false],[5,{"currentFrameRate":109.487,"devices":[],"gestures":[],"hands":[{"armBasis":[[-0.603221,-0.792588,-0.08905],[-0.787265,0.609594,-0.0927847],[-0.127824,-0.0141363,0.991696]],"armWidth":63.703,"confidence":0.67784,"direction":[-0.530782,0.108241,-0.840568],"elbow":[-8.5307,310.979,349.656],"grabStrength":0.26928,"id":627,"palmNormal":[0.591179,-0.663383,-0.458728],"palmPosition":[4.49913,323.416,32.4143],"palmVelocity":[40.258,-16.499,-107.418],"palmWidth":90.9658,"pinchStrength":1,"r":[[0.954564,-0.111368,-0.276413],[0.0557072,0.97788,-0.201612],[0.292752,0.177053,0.939653]],"s":0.907503,"sphereCenter":[22.1906,295.654,1.31687],"sphereRadius":40.5398,"stabilizedPalmPosition":[-20.0323,365.169,117.244],"t":[52.8792,-93.0659,-185.577],"timeVisible":0.722979,"type":"left","wrist":[25.9727,314.795,81.9697]}],"id":4217001,"interactionBox":{"center":[0,200,0],"size":[235.247,235.247,147.751]},"pointables":[{"bases":[[[-0.876703,0.316529,0.362216],[0.43149,0.850309,0.301314],[0.212621,-0.420456,0.882048]],[[-0.899005,0.43303,0.0653879],[0.3898,0.859271,-0.331224],[0.199616,0.272284,0.941284]],[[-0.899005,0.43303,0.0653879],[0.182734,0.506602,-0.842593],[0.397994,0.745546,0.534567]],[[-0.899005,0.43303,0.0653879],[-0.218764,-0.314702,-0.923637],[0.379385,0.844658,-0.37765]]],"btipPosition":[19.0745,269.6,15.3212],"carpPosition":[51.479,328.364,71.6808],"dipPosition":[27.9511,289.363,6.48519],"direction":[-0.397994,-0.745546,-0.534567],"extended":false,"handId":627,"id":6270,"length":52.1025,"mcpPosition":[51.479,328.364,71.6808],"pipPosition":[41.5173,314.776,24.7067],"stabilizedTipPosition":[9.06153,290.789,50.3611],"timeVisible":0.722979,"tipPosition":[21.0049,274.102,13.7592],"tipVelocity":[47.1801,-11.4841,-117.035],"tool":false,"touchDistance":-0.434971,"touchZone":"hovering","type":0,"width":20.2446},{"bases":[[[-0.687769,-0.711725,0.142899],[-0.647132,0.690313,0.323557],[0.328928,-0.130058,0.935356]],[[-0.62193,-0.723474,0.299647],[-0.78255,0.588193,-0.204071],[0.0286096,0.361407,0.931969]],[[-0.62193,-0.723474,0.299647],[-0.774841,0.513218,-0.369091],[-0.113243,0.461727,0.879763]],[[-0.62193,-0.723474,0.299647],[-0.755899,0.454728,-0.470998],[-0.204497,0.51943,0.829682]]],"btipPosition":[10.1559,310.533,-70.2756],"carpPosition":[29.348,336.52,73.9792],"dipPosition":[6.66288,319.406,-56.1038],"direction":[0.113243,-0.461727,-0.879763],"extended":true,"handId":627,"id":6271,"length":58.7918,"mcpPosition":[5.15528,346.085,5.18377],"pipPosition":[3.92647,330.563,-34.8452],"stabilizedTipPosition":[3.39994,323.29,-45.5324],"timeVisible":0.722979,"tipPosition":[8.43312,312.954,-67.1045],"tipVelocity":[23.1987,-19.7856,-108.238],"tool":false,"touchDistance":-0.14111,"touchZone":"hovering","type":1,"width":19.3376},{"bases":[[[-0.516542,-0.829937,0.210689],[-0.746712,0.557026,0.363514],[0.419053,-0.0304464,0.907451]],[[-0.499592,-0.830492,0.246357],[-0.516724,0.057445,-0.854223],[-0.695273,0.554061,0.457834]],[[-0.499592,-0.830492,0.246357],[0.533821,-0.51913,-0.667488],[-0.682234,0.201961,-0.702687]],[[-0.499592,-0.830492,0.246357],[0.810643,-0.548472,-0.205029],[-0.305395,-0.0972766,-0.947244]]],"btipPosition":[49.0849,300.615,28.1355],"carpPosition":[19.6776,329.104,75.7192],"dipPosition":[43.3475,298.787,10.3396],"direction":[0.682234,-0.201961,0.702687],"extended":false,"handId":627,"id":6272,"length":66.9886,"mcpPosition":[-9.55114,331.228,12.425],"pipPosition":[23.9524,304.529,-9.63693],"stabilizedTipPosition":[28.4276,342.04,113.63],"timeVisible":0.722979,"tipPosition":[48.2144,299.64,23.0001],"tipVelocity":[34.1877,-0.417131,-102.174],"tool":false,"touchDistance":0.333333,"touchZone":"none","type":2,"width":18.9921},{"bases":[[[-0.391475,-0.864985,0.313925],[-0.76797,0.495053,0.40638],[0.506922,0.0819969,0.858083]],[[-0.401967,-0.866508,0.295951],[-0.595211,0.00165965,-0.803568],[-0.695806,0.499161,0.516422]],[[-0.401967,-0.866508,0.295951],[0.486657,-0.475956,-0.732551],[-0.775621,0.150434,-0.613011]],[[-0.401967,-0.866508,0.295951],[0.816195,-0.485573,-0.313122],[-0.415029,-0.115689,-0.902423]]],"btipPosition":[40.9166,290.051,34.9071],"carpPosition":[12.3488,319.487,77.877],"dipPosition":[33.1642,287.89,18.0508],"direction":[0.775621,-0.150434,0.613011],"extended":false,"handId":627,"id":6273,"length":64.4113,"mcpPosition":[-19.3963,314.352,24.141],"pipPosition":[11.6837,292.056,1.07367],"stabilizedTipPosition":[17.5294,329.127,116.865],"timeVisible":0.722979,"tipPosition":[39.5242,289.085,30.5476],"tipVelocity":[43.1035,-6.51728,-109.471],"tool":false,"touchDistance":0.333333,"touchZone":"none","type":3,"width":18.0722},{"bases":[[[-0.197865,-0.919508,0.339638],[-0.771687,0.359776,0.524462],[0.604441,0.158322,0.780759]],[[-0.204289,-0.921142,0.331306],[-0.750469,-0.0699357,-0.657195],[-0.62854,0.382893,0.677001]],[[-0.204289,-0.921142,0.331306],[0.37172,-0.38609,-0.84425],[-0.905588,0.0493176,-0.421281]],[[-0.204289,-0.921142,0.331306],[0.798166,-0.352682,-0.488412],[-0.566743,-0.16466,-0.807273]]],"btipPosition":[25.4462,284.641,32.7947],"carpPosition":[10.793,305.481,79.8383],"dipPosition":[15.68,281.803,18.8836],"direction":[0.905588,-0.0493176,0.421281],"extended":false,"handId":627,"id":6274,"length":50.4973,"mcpPosition":[-24.2463,296.303,34.5779],"pipPosition":[-2.02754,282.768,10.6461],"stabilizedTipPosition":[5.94454,314.248,94.3961],"timeVisible":0.722979,"tipPosition":[23.516,283.503,29.1699],"tipVelocity":[44.1364,-7.94881,-105.806],"tool":false,"touchDistance":0.333333,"touchZone":"none","type":4,"width":16.0532}],"r":[[0.954564,-0.111368,-0.276413],[0.0557072,0.97788,-0.201612],[0.292752,0.177053,0.939653]],"s":0.907503,"t":[52.8792,-93.0659,-185.577],"timestamp":522947965312},false],[6,{"currentFrameRate":109.548,"devices":[],"gestures":[],"hands":[{"armBasis":[[-0.597513,-0.797499,-0.0835013],[-0.791827,0.603251,-0.0953852],[-0.126442,-0.0091247,0.991932]],"armWidth":63.703,"confidence":0.688209,"direction":[-0.532101,0.107728,-0.8398],"elbow":[-7.85609,312.224,348.706],"grabStrength":0.269598,"id":627,"palmNormal":[0.595103,-0.657956,-0.461461],"palmPosition":[4.70816,323.341,31.4461],"palmVelocity":[35.5584,-14.2244,-107.397],"palmWidth":90.9658,"pinchStrength":1,"r":[[0.954377,-0.108569,-0.278168],[0.0526471,0.978146,-0.201143],[0.293927,0.177321,0.939236]],"s":0.90757,"sphereCenter":[22.5518,295.81,0.240343],"sphereRadius":40.5376,"stabilizedPalmPosition":[-19.9706,365.065,117.03],"t":[53.1429,-93.124,-186.5],"timeVisible":0.731999,"type":"left","wrist":[26.2741,314.688,80.9556]}],"id":4217002,"interactionBox":{"center":[0,200,0],"size":[235.247,235.247,147.751]},"pointables":[{"bases":[[[-0.878455,0.309604,0.363953],[0.42622,0.852027,0.303953],[0.215993,-0.422133,0.880427]],[[-0.90173,0.426993,0.067529],[0.384014,0.862916,-0.328495],[0.198537,0.270281,0.942089]],[[-0.90173,0.426993,0.067529],[0.178827,0.51065,-0.840986],[0.393579,0.746266,0.536827]],[[-0.90173,0.426993,0.067529],[-0.217203,-0.312438,-0.924773],[0.373773,0.848563,-0.374479]]],"btipPosition":[19.6158,269.677,14.1443],"carpPosition":[51.6847,328.457,70.6953],"dipPosition":[28.3611,289.531,5.38247],"direction":[-0.393579,-0.746266,-0.536827],"extended":false,"handId":627,"id":6270,"length":52.1025,"mcpPosition":[51.6847,328.457,70.6953],"pipPosition":[41.7768,314.968,23.681],"stabilizedTipPosition":[9.14013,290.686,50.1219],"timeVisible":0.731999,"tipPosition":[21.5186,274.199,12.5961],"tipVelocity":[49.787,-5.34415,-120.213],"tool":false,"touchDistance":-0.437205,"touchZone":"hovering","type":0,"width":20.2446},{"bases":[[[-0.683054,-0.716643,0.140926],[-0.65133,0.684993,0.326425],[0.330463,-0.131177,0.934659]],[[-0.617034,-0.72851,0.297562],[-0.78648,0.583774,-0.201638],[0.0268142,0.358444,0.933166]],[[-0.617034,-0.72851,0.297562],[-0.778424,0.509572,-0.366597],[-0.11544,0.457832,0.881512]],[[-0.617034,-0.72851,0.297562],[-0.759246,0.451695,-0.468526],[-0.206918,0.51502,0.831829]]],"btipPosition":[10.3697,310.854,-71.2957],"carpPosition":[29.5031,336.461,73.0381],"dipPosition":[6.83533,319.651,-57.0872],"direction":[0.11544,-0.457832,-0.881512],"extended":true,"handId":627,"id":6271,"length":58.7918,"mcpPosition":[5.19754,346.109,4.29401],"pipPosition":[4.04584,330.714,-35.7864],"stabilizedTipPosition":[3.40027,323.289,-45.5336],"timeVisible":0.731999,"tipPosition":[8.64185,313.248,-68.1123],"tipVelocity":[23.0475,-5.09337,-109.316],"tool":false,"touchDistance":-0.157971,"touchZone":"hovering","type":1,"width":19.3376},{"bases":[[[-0.511016,-0.83398,0.20818],[-0.750018,0.550929,0.365992],[0.419922,-0.0308892,0.907034]],[[-0.494067,-0.83455,0.243772],[-0.51753,0.0570012,-0.853765],[-0.698614,0.547976,0.460067]],[[-0.494067,-0.83455,0.243772],[0.537677,-0.513626,-0.668649],[-0.683228,0.199287,-0.702484]],[[-0.494067,-0.83455,0.243772],[0.814592,-0.542336,-0.205699],[-0.303872,-0.0969456,-0.947768]]],"btipPosition":[49.3895,300.882,27.1013],"carpPosition":[19.8821,328.977,74.7594],"dipPosition":[43.6806,299.061,9.29557],"direction":[0.683228,-0.199287,0.702484],"extended":false,"handId":627,"id":6272,"length":66.9886,"mcpPosition":[-9.40724,331.132,11.4943],"pipPosition":[24.2573,304.726,-10.6752],"stabilizedTipPosition":[28.4525,341.987,113.515],"timeVisible":0.731999,"tipPosition":[48.5264,299.923,21.9839],"tipVelocity":[34.2722,7.89227,-105.677],"tool":false,"touchDistance":0.333333,"touchZone":"none","type":2,"width":18.9921},{"bases":[[[-0.385648,-0.868579,0.311202],[-0.770843,0.488671,0.408658],[0.507027,0.0822897,0.857993]],[[-0.396082,-0.870099,0.293338],[-0.595985,0.000586465,-0.802995],[-0.698513,0.492877,0.518798]],[[-0.396082,-0.870099,0.293338],[0.489385,-0.470349,-0.734353],[-0.776931,0.147309,-0.61211]],[[-0.396082,-0.870099,0.293338],[0.819318,-0.479126,-0.314892],[-0.414533,-0.115614,-0.902661]]],"btipPosition":[41.3263,290.217,33.7983],"carpPosition":[12.6172,319.306,76.8892],"dipPosition":[33.5832,288.057,16.9374],"direction":[0.776931,-0.147309,0.61211],"extended":false,"handId":627,"id":6273,"length":64.4113,"mcpPosition":[-19.1345,314.153,23.1588],"pipPosition":[12.0664,292.137,-0.0147198],"stabilizedTipPosition":[17.5704,329.053,116.703],"timeVisible":0.731999,"tipPosition":[39.9365,289.261,29.4447],"tipVelocity":[43.8069,0.356489,-113.207],"tool":false,"touchDistance":0.333333,"touchZone":"none","type":3,"width":18.0722},{"bases":[[[-0.191671,-0.92194,0.336585],[-0.773598,0.352964,0.526272],[0.603993,0.159511,0.780864]],[[-0.197635,-0.923472,0.328846],[-0.750667,-0.0731674,-0.656617],[-0.630428,0.376624,0.678759]],[[-0.197635,-0.923472,0.328846],[0.374234,-0.381133,-0.845391],[-0.906029,0.0440135,-0.42092]],[[-0.197635,-0.923472,0.328846],[0.80075,-0.345592,-0.489251],[-0.565456,-0.16663,-0.807771]]],"btipPosition":[25.8856,284.733,31.6926],"carpPosition":[11.1533,305.283,78.8029],"dipPosition":[16.1416,281.862,17.7729],"direction":[0.906029,-0.0440135,0.42092],"extended":false,"handId":627,"id":6274,"length":50.4973,"mcpPosition":[-23.8601,296.036,33.5364],"pipPosition":[-1.57456,282.723,9.54239],"stabilizedTipPosition":[6.0014,314.151,94.1844],"timeVisible":0.731999,"tipPosition":[23.9609,283.594,28.0695],"tipVelocity":[45.5524,-3.17477,-110.373],"tool":false,"touchDistance":0.333333,"touchZone":"none","type":4,"width":16.0532}],"r":[[0.954377,-0.108569,-0.278168],[0.0526471,0.978146,-0.201143],[0.293927,0.177321,0.939236]],"s":0.90757,"t":[53.1429,-93.124,-186.5],"timest